1.1167677e-24 0.18244955 0.022037104 0.40161613 0.09407787 0.27402142 0.66120076 0.99229056 0.92813855 0.0019503357 0.5164033 0.87991476 0.29487368 0.6732516 0.93437046 0.2065826 4.8587663e-06 0.55538785 0.44361416 7.163716e-05 0.69370645 0.9520814 0.00014950399 0.9396809 0.9693527 0.8215648 2.1594693e-05 0.8586831 0.28104836 0.96106064 0.9114748 0.995696 0.8969045 0.97848964 0.9285953 6.30026e-05 0.23285136 0.2573007 0.73886645 0.9740951 0.92540765 0.9667999 0.9264173 0.8111288 0.05377359 0.04514848 0.9616595 0.99696404 1.1826744e-05 0.9056786 0.061168894 0.78360915 0.55224526 0.9383948 0.9368993 5.4362674e-05 0.10032539 0.98027873 0.99974275 0.24476263 0.061496947 0.99958265 0.93998826 0.8381057 0.019996261 0.0032206886 0.18137564 0.0031774447 0.60012436 0.18494023 0.0590848 0.48094216 0.99004877 0.8766315 0.64465076 0.76513445 0.58966947 0.99959314 0.99600863 0.9792365 0.92875725 0.0017206696 0.772005 0.8961772 0.8892207 0.002229758 0.86732394 0.9928312 0.69705164 0.80618376 0.00013707174 0.99684936 0.9999918 4.2874848e-07 0.99994695 0.08804716 0.9958322 0.99998426 0.22016853 0.9584064 2.838244e-05
0.18244955 2.1215353e-15 0.6375392 0.11658269 0.09673723 0.12789801 0.9942776 0.58494806 0.040006313 0.41787088 0.01912489 0.0084743695 0.08389503 0.0019627253 0.0018325308 0.0013699953 0.036694214 0.0023259565 0.003421081 0.04980027 0.00057163025 0.0011300199 0.16349986 0.00022776838 0.0011143147 0.0006912345 0.0031334064 8.5351014e-05 0.00022779444 0.00026809025 0.00041571187 0.0017382723 0.00026647164 6.522481e-05 0.00023172001 0.04648854 7.735492e-06 4.5941353e-05 2.2108588e-05 1.7250319e-05 5.6483397e-05 1.0287707e-05 1.20818195e-05 5.25972e-06 0.011846211 0.000102711536 9.5973795e-05 0.021778153 8.000415e-06 8.39462e-06 8.579935e-06 1.7304806e-07 4.294316e-06 7.0103893e-06 1.7329985e-06 0.011313635 0.0024191667 2.978107e-07 0.0014657568 9.2718267e-07 1.9073877e-06 0.0037548114 2.6581552e-06 4.879579e-06 9.548597e-06 1.8809396e-05 0.0012022954 2.21456e-07 1.0741792e-06 9.6681475e-08 4.3256527e-08 9.903073e-07 3.6884234e-05 2.9637874e-07 5.662381e-08 1.46011185e-08 3.6454337e-09 8.163162e-05 0.00044765603 0.0011441888 3.5934015e-06 4.197928e-08 2.0591898e-08 5.029571e-09 1.0962863e-06 0.004141686 4.0253052e-08 0.0040460466 5.772297e-09 2.5987305e-07 0.0019272865 0.0012485267 0.0005394991 0.0011146149 0.00077527855 2.9339816e-08 1.0247578e-07 0.0001238608 1.6582453e-08 4.171246e-08 8.240064e-07
0.022037104 0.6375392 9.082238e-17 0.5626844 0.5884276 0.8147236 0.015662821 0.018968761 0.05125482 0.97134227 0.017604632 0.0010802889 0.6071329 0.0004918097 0.00014253354 0.0013772191 0.018701565 0.0023223306 0.0051366645 0.11058423 0.0002680606 1.7899778e-05 0.01237978 0.00018823546 0.00072260934 0.0018191328 0.14297776 1.3413105e-05 0.0039445464 1.6397955e-06 0.00034267097 0.0006130794 0.0005050639 9.564728e-06 0.0002674429 0.003737919 0.00061210146 0.00032380165 8.0475336e-05 0.0006662128 3.2839853e-05 0.0001313455 0.00029811263 0.00014903322 0.005184484 8.016725e-05 2.5205748e-06 0.00030876542 0.0002951936 1.9260682e-05 2.1880312e-05 3.7784723e-06 9.671301e-06 1.337902e-05 2.831793e-05 0.0012925542 0.004147771 7.831917e-06 0.00047352613 5.3837016e-06 1.3653363e-05 0.00016761417 3.9526212e-06 2.7485314e-05 3.7735138e-06 6.5023246e-06 0.00078465074 1.6248921e-07 3.830767e-06 6.155916e-07 2.7673235e-07 5.633011e-06 7.774601e-06 5.9864697e-06 1.776402e-07 1.01605755e-08 1.1443381e-08 0.0001268819 0.00084227714 0.0001377993 8.285804e-06 3.695808e-08 4.1330637e-07 2.57687e-07 1.1541557e-05 0.00017937298 3.2877438e-06 0.0026606992 1.2915806e-08 1.4134517e-06 0.0002328533 0.003788534 3.4815475e-05 6.929736e-05 0.0013120155 4.384139e-07 1.9852588e-07 0.0005854747 1.6150634e-07 7.041516e-07 8.010564e-07
0.40161613 0.11658269 0.5626844 8.199201e-18 0.98364216 0.8686715 0.0077529927 0.16617 0.80395544 0.021300225 0.42200205 0.028027054 0.41868708 0.016969595 0.030816358 0.016805323 0.00056249514 0.023800649 0.11171231 0.008905753 0.0048757377 0.0034586256 0.0006327914 0.004771349 0.015569569 0.020921983 0.0009357697 0.0027131883 0.0064522284 0.0007181723 0.00771836 0.070347935 0.003686751 0.00040643234 0.0027003526 3.7527796e-05 0.0014457743 0.000961327 0.00021382111 0.00043024888 0.00025680248 0.00042281122 0.00052197743 0.00030058433 0.00047428696 0.0007938488 8.765273e-05 0.0050455937 1.5101138e-05 0.00013857393 9.422069e-05 7.964232e-06 1.2490316e-05 3.4293436e-05 3.1767172e-06 0.00012154228 0.0008321694 1.4417585e-06 0.0357431 4.62584e-06 2.9690823e-06 0.0037307427 1.0662169e-05 3.374731e-05 8.250203e-06 9.073363e-06 0.0015606502 6.832386e-07 2.4562146e-06 3.04045e-07 1.1737752e-07 3.3413148e-06 5.3505617e-05 1.2260552e-06 2.4523406e-08 6.4187757e-09 9.045176e-09 0.0009420736 0.00150162 0.00029532117 1.26542745e-05 8.2768636e-08 3.5813212e-08 8.022392e-09 3.42515e-05 0.0011443667 2.1379611e-07 0.014540578 2.920838e-08 1.2116581e-06 0.00026920857 0.0018978347 0.0010409307 1.1549462e-05 0.0029750445 5.638896e-08 3.9138545e-08 0.00027016277 8.173931e-08 1.3530099e-06 2.7454348e-07
0.09407787 0.09673723 0.5884276 0.98364216 1.2650426e-18 0.94476086 0.00277849 0.08375433 0.6586751 0.009273415 0.3389786 0.011626899 0.38876182 0.011772382 0.017244497 0.013274924 0.0001910273 0.015056955 0.07934114 0.004251958 0.0038407831 0.0012029492 0.00021963616 0.0051212762 0.011003148 0.023464438 0.00081937364 0.0015177364 0.013164076 0.0004885696 0.006740055 0.022858666 0.0040860777 0.0002054169 0.0017167416 6.554611e-06 0.001499051 0.0021121164 0.00056519726 0.0008786062 0.00019700475 0.00085708365 0.00033456358 7.785163e-05 0.00070000044 0.0006168381 8.353368e-05 0.002206363 1.6074373e-05 6.48398e-05 4.0708037e-05 1.1855568e-06 5.174962e-06 3.755676e-05 1.7998074e-06 2.7395474e-05 0.00065027655 1.245161e-06 0.012075971 2.3558846e-06 1.3440012e-06 0.0021964852 3.8420358e-06 3.2492284e-05 1.0461235e-06 2.5295594e-06 0.0011687817 7.8806686e-08 5.2630594e-07 1.17706975e-07 3.4602618e-08 6.434589e-07 5.1411265e-05 7.584286e-07 1.789683e-08 3.0734244e-09 3.041984e-09 0.00041010397 0.0006561419 0.0001732245 1.4236284e-05 3.952361e-08 1.731609e-08 7.1106445e-09 1.1971884e-05 0.00013510181 1.8138984e-07 0.005136106 2.0319066e-08 8.5290725e-07 6.913031e-05 0.0013851736 0.0018459192 1.4584364e-06 0.0016582628 1.03328315e-08 2.185396e-08 0.00012407906 1.1847147e-08 1.8260897e-07 7.563054e-08
0.27402142 0.12789801 0.8147236 0.8686715 0.94476086 6.785547e-15 0.002916521 0.07375848 0.6033882 0.028213868 0.65041834 0.0065583563 0.9553618 0.0050284234 0.024941992 0.037263755 0.0012285297 0.0668827 0.3837283 0.008651422 0.00820096 0.00069749745 0.001164361 0.013175317 0.028224794 0.08671251 0.11045391 0.0013420443 0.1742841 0.00018165445 0.042271752 0.033532724 0.053722516 0.0007257029 0.008686087 7.013536e-05 0.01931065 0.032001045 0.0087176105 0.010288404 0.00024775218 0.004533413 0.00096635445 0.0004706286 0.0027857854 0.013409532 0.00025243996 0.0010753128 0.0006100734 6.408965e-05 0.0024635904 1.3306047e-05 0.0009408928 7.278596e-05 2.6590262e-05 0.00020248095 0.0051834756 1.6282072e-05 0.009651512 0.00015065387 4.082681e-05 0.0015952628 4.8486013e-06 0.00014066222 7.017289e-05 0.00010673264 0.0037127743 1.0354022e-06 9.117845e-06 4.8921456e-06 1.0887429e-06 1.0733769e-05 1.3603544e-05 4.856233e-06 8.0640814e-07 2.744168e-07 9.7542035e-08 0.0008828824 0.0014247149 0.0005376416 7.2589605e-06 6.6885787e-07 1.742138e-07 2.696654e-08 3.1514413e-05 0.0013177856 4.2047975e-07 0.025738493 2.156339e-07 2.8253767e-06 0.00021296843 0.0013620389 0.0012546403 1.0109267e-05 0.0014861539 8.5698144e-07 2.0820518e-07 0.00036957045 3.6014688e-07 1.0006514e-06 1.7416139e-06
0.66120076 0.9942776 0.015662821 0.0077529927 0.00277849 0.002916521 3.6664766e-14 0.93312633 0.010953087 0.025067423 0.00048165393 0.015186502 0.0018622591 0.0017295455 0.00010271819 0.00011277772 0.002213246 4.082276e-05 2.558429e-05 0.0025020093 5.7478417e-05 0.0017467915 0.01593234 7.801375e-06 0.00010297655 2.957906e-05 8.852063e-06 0.000114821356 2.627481e-05 2.3160543e-05 1.1268639e-05 0.0025497202 2.8822785e-06 1.1445096e-06 3.9136235e-06 0.006445015 4.2779293e-06 5.5914273e-07 1.30717e-07 1.8067594e-07 7.203195e-07 8.634067e-08 1.28472335e-08 2.6479283e-08 0.029798148 3.7060577e-06 3.4222566e-07 0.5359076 3.2756492e-07 7.0865205e-08 8.587428e-07 2.2184177e-09 1.1499596e-07 3.065271e-08 1.7741105e-08 0.0017860127 0.006293318 3.1752887e-09 0.0038953708 7.094216e-08 1.5098055e-07 0.039639845 7.379688e-08 5.4077006e-08 1.3265949e-06 1.2272917e-06 0.0038619507 1.3756892e-07 6.535432e-09 2.1122158e-08 3.210551e-08 3.223086e-08 1.8482593e-06 2.1324549e-09 1.2828838e-09 1.7432613e-11 5.55209e-11 0.00017783183 0.00052992493 0.0023785287 3.718101e-08 5.7280133e-08 1.5805335e-10 1.7978549e-10 4.1541913e-08 0.0006633614 1.4821854e-09 0.015893346 1.3927634e-10 1.065983e-09 0.00013836619 0.0013414802 0.0026685374 5.6673274e-05 0.0017929062 4.104701e-10 2.3725453e-09 1.8958475e-05 5.3759996e-10 3.1345264e-09 7.088453e-08
0.99229056 0.58494806 0.018968761 0.16617 0.08375433 0.07375848 0.93312633 3.7411236e-14 0.64583325 0.0070812623 0.036028754 0.5237583 0.053341992 0.06888814 0.0120134875 0.005089388 0.0005573462 0.0036468876 0.007580386 0.00085787324 0.001678122 0.08221341 0.005455585 0.00065561396 0.0026438686 0.0009274649 0.00022838218 0.0010821248 0.0016477678 0.0025945322 0.0004967388 0.027199576 0.00021026054 9.420461e-05 0.00022843383 0.0009803805 0.0002272882 0.0002698288 6.001744e-06 8.614246e-06 6.4241045e-05 2.877132e-06 3.1666657e-06 9.902859e-06 0.014890316 0.00042246885 1.2354916e-05 0.87253594 2.0838039e-05 9.33861e-06 9.358683e-05 3.219896e-07 4.675958e-05 2.2082636e-06 2.0812945e-06 0.0004982369 0.012536608 9.40051e-09 0.056568082 2.0050863e-06 2.4374476e-05 0.27554002 6.904846e-07 7.2400653e-06 0.0002600378 0.00023222904 0.006539006 4.2837983e-05 4.7907843e-06 2.8229929e-06 1.0235999e-06 8.476101e-06 3.914984e-05 3.8593615e-08 5.499422e-08 3.6342007e-09 1.427769e-08 0.00023168995 0.00035042252 0.005060791 1.3621919e-06 5.9362756e-06 6.149127e-09 2.7884256e-10 9.1995594e-07 0.00048944814 6.0050325e-09 0.04170188 3.3228031e-09 7.13117e-08 0.00021327716 0.002377752 0.035513394 7.3804316e-05 0.009775423 4.3034441e-07 4.4084285e-08 0.00011393324 5.760529e-07 6.6405286e-09 1.3115962e-06
0.92813855 0.040006313 0.05125482 0.80395544 0.6586751 0.6033882 0.010953087 0.64583325 6.9577594e-15 0.0003007661 0.79515433 0.8442779 0.23330909 0.84495157 0.4434934 0.19444479 4.229387e-05 0.18219322 0.27839 0.00075780216 0.077005744 0.20069557 0.00017785117 0.01815973 0.12417565 0.012137619 5.0372882e-06 0.056545995 0.0018941713 0.031372428 0.0077778273 0.4175116 0.0036958265 0.006124854 0.020255098 2.9320423e-05 0.0005897409 0.0040889042 0.00024802337 0.00022749572 0.0018722874 0.00054895534 0.00048733567 0.0010377599 0.00040554744 0.00014669582 0.00090190565 0.15654485 2.8281033e-07 0.0012568241 1.6271082e-05 2.8419412e-05 0.0002540911 0.00012900493 5.8272595e-05 6.107708e-05 0.0021111078 2.4787462e-06 0.1856498 1.8061584e-05 6.4911414e-06 0.088693716 7.590118e-05 0.00013765351 8.832491e-06 2.390653e-06 0.0038868985 1.8338568e-06 4.212024e-06 1.9027038e-06 7.67275e-07 1.3923022e-05 0.000379642 1.9761399e-06 2.223185e-07 8.103596e-08 1.4772903e-07 0.0031399964 0.0040698275 0.0011326805 0.0002661854 2.6814376e-07 1.5014e-07 1.1868729e-07 0.00020058667 0.00041539007 8.6378765e-07 0.017416483 2.7532103e-08 8.8671195e-06 7.3072435e-05 0.011288269 0.014170306 1.0130383e-05 0.022206845 8.993996e-07 1.7699854e-06 0.00045888178 1.8120586e-07 2.5693596e-06 1.3006118e-07
0.0019503357 0.41787088 0.97134227 0.021300225 0.009273415 0.028213868 0.025067423 0.0070812623 0.0003007661 2.5049397e-18 7.2780545e-05 3.637981e-05 0.016264528 4.5342813e-07 6.6572244e-07 1.2758615e-06 0.76615834 2.5027655e-06 7.030663e-06 0.59785205 1.2037702e-07 1.1160636e-06 0.040227573 1.2713583e-07 8.742003e-06 7.808693e-06 0.010870468 1.2742479e-06 2.7788e-06 4.6653474e-07 5.9402287e-06 4.759644e-06 4.6298387e-06 1.6643498e-06 5.7630864e-06 0.012957756 2.3420506e-07 1.1014727e-06 1.1162936e-06 2.2817221e-05 5.098635e-06 3.97442e-06 2.9922633e-06 2.404429e-06 5.143549e-05 3.9445717e-07 2.7798785e-06 5.541453e-05 1.3602655e-08 1.0175664e-06 7.679562e-08 1.167227e-07 9.2317083e-07 2.2413774e-06 9.564459e-07 0.0019274106 9.404438e-05 4.158891e-05 5.8571873e-06 2.2605761e-07 3.3039103e-07 8.903203e-05 1.2252219e-06 1.9369995e-06 1.5638183e-07 6.443496e-08 2.5740259e-05 8.5377065e-09 3.5676229e-07 1.8348766e-08 2.3533469e-08 2.1752149e-07 2.1847798e-06 3.3152526e-06 4.4518242e-09 3.8226413e-09 9.687575e-10 6.82219e-05 0.00027902002 7.741455e-06 5.417136e-06 1.6176753e-10 2.3644319e-07 3.5201884e-07 1.4508579e-06 4.9044902e-05 7.869896e-07 0.00027223313 4.8654666e-08 2.2312372e-07 2.4934136e-05 0.0005413746 3.228721e-05 0.00018204396 0.0002593295 2.5508823e-08 7.1001284e-07 0.00012080916 1.0785797e-08 2.7998883e-07 8.655134e-09
0.5164033 0.01912489 0.017604632 0.42200205 0.3389786 0.65041834 0.00048165393 0.036028754 0.79515433 7.2780545e-05 1.0149614e-15 0.028708812 0.7776602 0.06605258 0.7427474 0.78551364 1.7157128e-05 0.75569344 0.94333935 0.00015948497 0.3230793 0.007966961 4.3071213e-06 0.22213863 0.22211124 0.3137745 0.00051060587 0.015722262 0.20527959 0.00980589 0.10887495 0.10850454 0.10624308 0.0066363993 0.047844723 2.758961e-06 0.030362379 0.06809335 0.008316205 0.01282479 0.0031053878 0.007947761 0.0031320995 0.0035362088 0.00035862756 0.012414688 0.0013531217 0.0025960878 6.3681046e-06 0.001970133 0.0020432025 0.00018822415 0.001232294 0.00034475297 0.00020450115 4.9727414e-06 0.0002699423 4.1523082e-05 0.066755444 0.00015968115 5.7831414e-05 0.0054749115 0.00019677471 0.00020178987 1.1469204e-05 8.5737265e-06 0.0013210075 5.066307e-07 8.177456e-06 1.1407413e-06 5.8170485e-07 1.2747882e-05 0.00036355288 2.6005046e-06 6.344709e-07 6.9281995e-08 1.3379633e-07 0.0036076673 0.0044259476 0.0009139484 0.0001977011 6.066404e-07 3.6407105e-08 2.6692101e-08 0.00022484039 8.652432e-06 3.4027335e-07 0.01104675 2.0797787e-08 1.488267e-06 1.263138e-05 0.0059588994 0.0030142239 3.0001166e-07 0.0067787776 1.1871011e-06 1.5885078e-06 0.00083226146 4.1110104e-07 9.617005e-07 1.5321403e-07
0.87991476 0.0084743695 0.0010802889 0.028027054 0.011626899 0.0065583563 0.015186502 0.5237583 0.8442779 3.637981e-05 0.028708812 2.6541166e-16 0.0020571442 0.95152634 0.039363936 0.0115773855 1.8113193e-05 0.007286611 0.008204512 9.185287e-05 0.008333217 0.94788414 0.000111293564 0.0040032035 0.036154445 0.002368412 2.0791687e-07 0.09155595 0.00036707774 0.088827774 0.0020791215 0.29273057 0.0016189975 0.01162128 0.0076759933 1.11054205e-05 0.00011371593 0.00076982984 0.00011933874 6.544801e-05 0.0037177384 0.0001478716 0.00024455844 0.0002754303 0.00056265394 4.365402e-05 0.00063958287 0.5025874 3.4014616e-07 0.0006343233 1.763259e-05 8.97409e-06 3.2803637e-05 0.00021244139 1.6925575e-05 0.00011984445 0.0034418565 6.1196306e-07 0.16085988 4.419989e-06 2.6583834e-06 0.35131666 2.3060284e-05 3.963914e-05 1.6622987e-06 4.3610498e-07 0.0067538307 6.787513e-08 2.5054285e-06 1.9457933e-07 2.5360709e-08 1.6270887e-06 0.0010377243 1.0768922e-06 4.2852093e-08 1.4303559e-08 5.4145506e-09 0.0031247912 0.004210765 0.010904726 0.00014027118 2.431975e-07 4.6314987e-08 3.0520688e-08 4.89853e-05 0.00029070216 2.1657617e-07 0.044159226 4.8456728e-09 9.4699755e-07 0.00010139493 0.010897625 0.06487214 2.033283e-06 0.028372917 1.7121373e-08 1.3308374e-06 0.00032657103 4.5387023e-09 2.6946657e-07 6.6699655e-09
0.29487368 0.08389503 0.6071329 0.41868708 0.38876182 0.9553618 0.0018622591 0.053341992 0.23330909 0.016264528 0.7776602 0.0020571442 3.2135172e-15 0.004742583 0.10248801 0.19753163 0.0007160703 0.3900728 0.7905059 0.010321514 0.04955942 3.527044e-05 0.0003353385 0.16582444 0.08876389 0.66550565 0.76161784 0.0006559539 0.799794 1.6923186e-05 0.45272478 0.007275914 0.5181467 0.00087175844 0.04488281 0.0002825137 0.49208993 0.4718603 0.4042933 0.56393117 0.0002567643 0.10603613 0.01454082 0.0047234916 0.00022736841 0.45306274 0.0006824459 0.0008237232 0.03113467 0.00011437404 0.14673322 5.4722826e-05 0.03561695 2.8629447e-05 0.0011030689 0.000117741394 0.0044845017 0.0029964913 0.0042438856 0.0015171322 0.00094221096 0.00086574897 1.069743e-05 0.0011360742 0.0011155364 0.0010274764 0.0017517603 2.9966339e-05 0.0002540075 0.0002208504 3.9333252e-05 0.00012273176 3.3138049e-06 2.6632339e-05 7.53768e-06 8.380893e-06 1.180517e-06 0.0005385738 0.0016900502 0.00060243934 8.336882e-06 2.349528e-06 5.581433e-07 4.277764e-07 1.8710192e-05 0.00079134 2.7040283e-05 0.025730902 5.269008e-08 1.936599e-06 9.779683e-05 0.0011736304 0.0015210554 1.7610632e-06 0.0020382737 8.0895115e-06 2.5873392e-06 0.0018509373 2.0618763e-06 4.4699817e-07 4.7597755e-06
0.6732516 0.0019627253 0.0004918097 0.016969595 0.011772382 0.0050284234 0.0017295455 0.06888814 0.84495157 4.5342813e-07 0.06605258 0.95152634 0.004742583 4.0563428e-19 0.27753395 0.09416148 3.700949e-05 0.06207051 0.030289035 1.7484013e-05 0.10847231 0.87479657 1.3479208e-05 0.020686388 0.46920326 0.021168489 1.741868e-08 0.3170745 0.0020148451 0.37436038 0.020314973 0.8415518 0.013347523 0.09688051 0.06773406 1.3807328e-06 0.00013291936 0.0016734897 0.00060147117 0.0006061308 0.019769281 0.0018440507 0.0010442751 0.00082692504 0.00011497212 7.5515086e-06 0.0064278734 0.14008148 4.7657114e-08 0.002778657 1.7278e-06 6.7062836e-05 2.4337407e-05 0.0013564118 0.000103934755 1.6460746e-05 0.00055354583 6.4940514e-06 0.302047 5.346647e-06 9.081618e-07 0.24600106 0.0002466736 4.4121236e-05 1.930476e-07 2.3971012e-07 0.00088673446 4.4683983e-08 1.6226344e-05 2.4016273e-07 2.7184885e-08 2.9223734e-06 0.0100871185 5.529113e-06 1.1009931e-07 1.0023452e-07 1.0759785e-08 0.0057728593 0.009998479 0.0017357658 0.00035527317 2.5040367e-07 2.9630246e-07 3.570223e-07 0.0002063334 1.732107e-05 1.3964199e-06 0.012562155 5.9052425e-08 1.5147762e-06 1.0863651e-05 0.016549049 0.09653468 2.6487667e-08 0.023581985 1.6367026e-07 5.2924086e-05 0.0010670867 1.3063767e-08 3.6098509e-06 1.4766267e-09
0.93437046 0.0018325308 0.00014253354 0.030816358 0.017244497 0.024941992 0.00010271819 0.0120134875 0.4434934 6.6572244e-07 0.7427474 0.039363936 0.10248801 0.27753395 1.7655078e-17 0.8028496 2.7912754e-06 0.8294962 0.5749968 1.572335e-05 0.9471878 0.040411927 9.42804e-08 0.5445666 0.65840334 0.20503908 7.3153734e-07 0.17390956 0.033622187 0.12537317 0.18001615 0.606352 0.111550055 0.054221533 0.1782968 5.1652415e-07 0.00601495 0.009017431 0.003917156 0.028565902 0.009163628 0.007235673 0.0009310696 0.0013743221 0.00012635121 0.001028341 0.00376064 0.005722649 3.049007e-07 0.0020912378 0.00035374888 8.570036e-05 0.000299737 0.0002232405 8.704496e-05 5.443743e-07 6.2258434e-05 1.9654617e-05 0.21842125 1.6863174e-05 1.218134e-05 0.013986431 3.6490168e-05 4.8196933e-05 7.634311e-06 2.4567887e-06 0.0012130537 1.6063983e-07 2.2802526e-06 4.740032e-07 8.559151e-08 2.4855042e-06 0.0019366315 2.727696e-07 5.231216e-08 2.2366313e-09 6.2802106e-09 0.006995257 0.006084239 0.0005978711 0.00016690022 2.3831764e-07 8.014469e-09 8.6723535e-09 0.0001395665 2.616393e-06 4.164727e-08 0.011121876 1.4573177e-09 1.6491667e-07 5.832586e-07 0.0074240756 0.014114759 8.18824e-08 0.014786392 2.1833932e-07 4.95057e-07 0.00096250983 2.8289652e-08 2.1292922e-06 7.0078188e-09
0.2065826 0.0013699953 0.0013772191 0.016805323 0.013274924 0.037263755 0.00011277772 0.005089388 0.19444479 1.2758615e-06 0.78551364 0.0115773855 0.19753163 0.09416148 0.8028496 1.785814e-18 1.3338126e-05 0.9549479 0.82345146 7.80391e-05 0.763864 0.006896069 2.10355e-06 0.41722384 0.187793 0.2711893 0.00016383387 0.08743139 0.09159564 0.028650744 0.12873319 0.05357965 0.09383218 0.02015891 0.06924961 1.3495331e-06 0.018785188 0.054550733 0.0217478 0.022066189 0.011873017 0.016738433 0.005637225 0.006522697 8.486209e-05 0.0049215336 0.002472596 0.0013853356 1.9704126e-05 0.0035284995 0.0011880929 0.000708985 0.0016995596 0.0016946556 0.0020519085 9.3726385e-06 0.0004777637 0.00015015413 0.044420224 0.00017434686 1.9766387e-05 0.005559954 0.0006793274 0.0007995712 7.2966063e-06 1.1128278e-05 0.0008351799 2.9583728e-06 7.18642e-05 8.170566e-06 2.6218581e-06 5.6650097e-05 0.0024089336 6.3756015e-05 3.0216077e-06 9.840011e-08 2.7338785e-07 0.002600904 0.0031386688 0.000482622 0.00046270646 9.0039e-07 1.3138734e-06 9.0659813e-07 0.00039318608 4.609392e-06 1.6035008e-05 0.004226562 5.773729e-07 1.3285288e-05 3.621754e-06 0.005795252 0.0057958355 6.088908e-08 0.0047663967 3.837667e-06 8.0312675e-06 0.00081129215 2.4601798e-07 2.2601018e-05 1.3703871e-07
4.8587663e-06 0.036694214 0.018701565 0.00056249514 0.0001910273 0.0012285297 0.002213246 0.0005573462 4.229387e-05 0.76615834 1.7157128e-05 1.8113193e-05 0.0007160703 3.700949e-05 2.7912754e-06 1.3338126e-05 2.7945413e-15 4.2481815e-06 1.8409844e-05 0.82765895 5.5896385e-06 6.043327e-06 0.15721452 7.352439e-06 2.0081818e-05 4.2763244e-05 4.778015e-05 1.4300361e-05 1.3468748e-05 4.8877623e-06 2.66917e-06 1.8375287e-07 3.2905043e-06 1.7041055e-05 1.3228977e-05 0.008414506 4.87629e-06 2.2055436e-05 1.2699744e-05 1.3473438e-05 2.341249e-05 1.3099136e-06 2.3816589e-05 2.8532275e-05 0.00022696827 2.663968e-07 4.189521e-06 7.0162525e-05 5.1165596e-08 7.671676e-05 5.1350277e-08 1.0730382e-05 1.850306e-05 7.973587e-06 1.6475871e-05 0.00087762723 0.00019399077 7.959285e-07 1.0677767e-07 2.601855e-07 4.0779934e-08 0.00020652771 1.4232605e-05 0.000108790635 1.7551287e-07 7.6174416e-07 3.3633733e-05 4.9251575e-08 1.0718068e-05 5.2146692e-08 6.558775e-08 6.186853e-06 1.826473e-05 7.5591242e-06 3.840625e-06 5.8429185e-07 3.4882908e-07 1.2523306e-05 4.165671e-05 3.861516e-06 4.436702e-05 1.14067715e-08 9.609452e-07 3.305496e-07 6.641865e-05 2.080127e-05 2.590544e-06 0.00032074482 1.5347975e-07 2.3082222e-05 6.0458733e-05 0.000104097344 0.00013273707 5.069841e-05 6.050891e-05 2.2826266e-06 3.4034588e-06 1.7924684e-05 5.6945105e-06 7.760675e-06 1.4933668e-06
0.55538785 0.0023259565 0.0023223306 0.023800649 0.015056955 0.0668827 4.082276e-05 0.0036468876 0.18219322 2.5027655e-06 0.75569344 0.007286611 0.3900728 0.06207051 0.8294962 0.9549479 4.2481815e-06 1.4880565e-18 0.84062046 2.4982432e-05 0.82803094 0.004895691 1.1990811e-06 0.60223657 0.30690977 0.44054788 0.00032900745 0.08416362 0.22369295 0.0416051 0.20644926 0.0827261 0.15144554 0.022259066 0.124386325 2.1955498e-07 0.047244426 0.063131444 0.028326306 0.044722103 0.010407879 0.02584599 0.0044020037 0.0065292595 6.7850895e-05 0.02094789 0.0031595365 0.0011159327 2.5634161e-05 0.0029358221 0.0066981283 0.0003379333 0.0027944904 0.0005274421 0.0013623299 4.6228737e-07 0.00020842084 0.00011244609 0.07941556 0.00029020716 6.47205e-05 0.0054108123 0.00019816434 0.00038410653 1.499773e-05 8.677472e-06 0.0003737402 1.3409748e-06 2.6224994e-05 6.428047e-06 1.6588352e-06 3.7187772e-05 0.0021506946 8.274694e-06 1.4660658e-06 3.040564e-08 1.0382226e-07 0.0038889046 0.0032527393 0.00017819904 0.00022594955 1.39452e-07 1.738868e-07 1.5808314e-07 0.0001997018 8.1496734e-07 1.9678764e-06 0.002618722 7.453885e-08 4.2505562e-06 2.1297335e-07 0.004901659 0.009463056 3.9945878e-09 0.0050363154 1.5170734e-06 1.914789e-06 0.00072597014 3.6101207e-07 1.5568336e-05 3.8446085e-08
0.44361416 0.003421081 0.0051366645 0.11171231 0.07934114 0.3837283 2.558429e-05 0.007580386 0.27839 7.030663e-06 0.94333935 0.008204512 0.7905059 0.030289035 0.5749968 0.82345146 1.8409844e-05 0.84062046 2.0128765e-17 3.953781e-05 0.48503014 0.0030900906 1.312676e-06 0.50137705 0.20471276 0.772472 0.007656725 0.019993214 0.5824044 0.009355217 0.3960056 0.093857594 0.36282682 0.008944988 0.08346269 1.5536542e-06 0.1279032 0.3112102 0.08058489 0.05052397 0.003586372 0.045640584 0.006376839 0.010983526 2.8080145e-05 0.029603606 0.0016022696 0.0006478912 0.00015034126 0.002211263 0.012836947 0.0005559464 0.007086738 0.0006679343 0.0014487454 2.5599775e-06 0.00017749687 0.00010976609 0.045183137 0.00078923197 0.0003054658 0.003852401 0.00027756032 0.00066739245 3.35505e-05 3.2777025e-05 0.0004169113 1.234038e-06 4.177176e-05 9.2551345e-06 2.3996047e-06 7.356553e-05 0.00041265815 9.800051e-06 5.9754275e-06 6.3531377e-07 1.1045263e-06 0.0020505355 0.0015835845 0.0003551314 0.00046921088 1.0178527e-06 2.7856947e-07 2.435382e-07 0.00076119957 1.0828979e-05 2.7645922e-06 0.004764474 2.1955769e-07 3.4286188e-06 4.15651e-06 0.0021529624 0.004694067 9.126457e-08 0.0020919172 5.7837397e-06 6.5224162e-06 0.0006074809 1.3126561e-06 8.542793e-06 4.22581e-07
7.163716e-05 0.04980027 0.11058423 0.008905753 0.004251958 0.008651422 0.0025020093 0.00085787324 0.00075780216 0.59785205 0.00015948497 9.185287e-05 0.010321514 1.7484013e-05 1.572335e-05 7.80391e-05 0.82765895 2.4982432e-05 3.953781e-05 3.8440896e-11 6.327603e-05 1.2598835e-05 0.10335303 2.318828e-05 3.4403758e-05 0.00021454254 0.0033607762 2.0174013e-05 0.00023964282 1.4907096e-05 0.00019258984 2.6046644e-06 0.00018689531 3.4209945e-05 9.391424e-05 0.038513638 9.923332e-05 0.0001103723 0.00011182498 0.00018787265 9.512228e-05 3.9625647e-05 8.749704e-05 6.823101e-05 0.005820232 2.939383e-05 1.7901042e-05 7.619099e-05 6.144757e-06 4.180073e-05 8.479967e-06 7.4910777e-06 4.5470253e-05 3.1339474e-05 4.5582663e-05 0.0030797555 0.0018920003 4.3748798e-05 8.881303e-06 1.1428828e-05 2.764371e-06 0.0005466043 3.4369587e-05 0.00043414944 2.1844296e-06 1.873185e-05 0.0008576552 3.3890248e-07 8.369315e-05 2.1033857e-06 3.3148999e-07 3.709985e-05 2.2305841e-05 0.00023519495 1.9612376e-05 2.3849395e-06 2.0077173e-06 0.0006463144 0.00020942323 5.4095864e-05 3.617255e-05 2.737231e-07 1.0633777e-05 2.7733674e-06 0.00016402555 0.0008776837 2.2781367e-05 0.002007232 1.6093937e-06 1.4212951e-05 0.0004446411 0.00079205056 0.0006286926 0.00042902763 0.0005317241 5.4669067e-06 3.911478e-06 0.00055618444 1.5612643e-05 2.050641e-05 4.2600386e-05
0.69370645 0.00057163025 0.0002680606 0.0048757377 0.0038407831 0.00820096 5.7478417e-05 0.001678122 0.077005744 1.2037702e-07 0.3230793 0.008333217 0.04955942 0.10847231 0.9471878 0.763864 5.5896385e-06 0.82803094 0.48503014 6.327603e-05 1.6052022e-18 0.007011008 1.0953353e-06 0.9231344 0.5517561 0.3033875 2.8680395e-06 0.2949833 0.03583962 0.102605805 0.23947859 0.1767857 0.17437482 0.11087834 0.35730812 9.639529e-07 0.0089934915 0.070508644 0.033959046 0.06554824 0.06040977 0.04901425 0.015749073 0.025665358 2.438294e-05 0.0011215704 0.01266266 0.0015798269 5.4968737e-06 0.021338703 0.00073814235 0.0030086827 0.0039723874 0.0036935925 0.0061108014 5.130138e-06 0.00018632083 0.0007806482 0.11610589 0.00016275204 2.1497193e-05 0.007392837 0.002190233 0.0015268711 8.465261e-06 7.2345993e-06 0.0002186714 1.293843e-06 0.00016358796 9.414133e-06 7.451266e-07 0.0001684661 0.007874702 0.00014991475 2.6683287e-05 2.0948586e-07 9.890462e-07 0.01056867 0.010342283 0.00011540737 0.002123205 9.623648e-07 3.9496595e-06 7.072687e-06 0.0011556625 3.8619687e-06 3.4249115e-05 0.002142658 1.810341e-06 3.2458618e-05 1.3025067e-06 0.008998583 0.012680642 8.295307e-08 0.008227567 1.44745745e-05 0.00019930357 0.0018497908 2.7413466e-06 0.00011724925 1.4357987e-07
0.9520814 0.0011300199 1.7899778e-05 0.0034586256 0.0012029492 0.00069749745 0.0017467915 0.08221341 0.20069557 1.1160636e-06 0.007966961 0.94788414 3.527044e-05 0.87479657 0.040411927 0.006896069 6.043327e-06 0.004895691 0.0030900906 1.2598835e-05 0.007011008 2.9356855e-18 1.803838e-05 0.00672811 0.08672414 0.0023711547 1.5202872e-08 0.064984895 1.1691902e-05 0.11973587 0.0031265006 0.83968043 0.0017657428 0.009864465 0.012854655 8.277985e-06 2.6695452e-05 7.250482e-05 2.7628226e-05 5.0728733e-05 0.0055181044 0.00036059352 0.00010570033 0.00014490368 6.773918e-05 9.793608e-07 0.0011138583 0.513369 3.5231157e-08 0.0004417505 5.009251e-07 4.969262e-06 1.250664e-06 0.00013552725 3.3156384e-06 1.893975e-05 0.0005025089 2.1258327e-06 0.35766497 5.840841e-07 9.0089077e-07 0.81771594 1.5852005e-05 1.2187814e-05 3.7978955e-07 1.2424516e-06 0.0024481025 7.590588e-07 1.2393489e-06 1.220177e-07 3.1256985e-08 1.5461588e-06 0.0014737035 2.306973e-06 1.1415407e-07 1.0641612e-08 9.234632e-09 0.008469816 0.005164683 0.0013151196 4.8531605e-05 6.760689e-08 4.2032077e-08 1.7763377e-07 2.4664805e-05 0.00010892715 9.125105e-07 0.031608116 6.1225722e-09 6.4431737e-07 8.870274e-06 0.008710168 0.17729212 1.833158e-07 0.032811757 5.8723668e-08 2.6698367e-06 0.00080870243 5.6572826e-09 1.0264416e-06 8.152114e-09
0.00014950399 0.16349986 0.01237978 0.0006327914 0.00021963616 0.001164361 0.01593234 0.005455585 0.00017785117 0.040227573 4.3071213e-06 0.000111293564 0.0003353385 1.3479208e-05 9.42804e-08 2.10355e-06 0.15721452 1.1990811e-06 1.312676e-06 0.10335303 1.0953353e-06 1.803838e-05 5.3800612e-14 3.5889337e-07 0.00010405615 2.83518e-06 2.5222735e-05 2.131285e-06 1.18396765e-05 4.209683e-06 2.423101e-05 3.1052792e-07 6.797648e-05 6.097496e-06 6.09593e-05 0.90289754 3.4370948e-06 2.0841924e-06 1.6650984e-05 7.29166e-06 8.178322e-06 4.9666705e-06 3.0935992e-06 1.461317e-06 0.16414008 3.4176726e-06 7.275577e-07 0.00030211668 1.4239888e-08 1.0518397e-06 3.674281e-07 7.4230804e-09 4.0976985e-07 1.2245257e-06 1.1518816e-07 0.2943853 0.038767256 7.346141e-07 1.6674365e-06 1.217792e-06 1.0037988e-06 0.00041632366 1.3193289e-06 1.5118005e-06 6.347245e-07 1.5875317e-05 0.0005223717 2.5543255e-07 1.969278e-07 4.3569923e-07 1.40262e-07 4.0733818e-07 7.585436e-05 5.92374e-07 8.5429636e-10 9.2954167e-10 1.2441435e-10 5.7767056e-06 1.4801827e-05 3.741787e-05 1.0409679e-05 6.99192e-08 1.3129463e-08 1.610473e-08 1.1946514e-06 0.015419557 2.8383967e-08 0.00038419405 1.4679634e-09 7.978356e-08 0.004391921 0.00010527922 0.003263856 0.019526295 0.00013738635 2.6515807e-09 1.1351318e-08 5.8801425e-07 1.2245057e-08 2.787838e-08 8.179359e-06
0.9396809 0.00022776838 0.00018823546 0.004771349 0.0051212762 0.013175317 7.801375e-06 0.00065561396 0.01815973 1.2713583e-07 0.22213863 0.0040032035 0.16582444 0.020686388 0.5445666 0.41722384 7.352439e-06 0.60223657 0.50137705 2.318828e-05 0.9231344 0.00672811 3.5889337e-07 5.2179752e-18 0.751027 0.69720924 3.0802014e-06 0.29687688 0.11828175 0.15451424 0.7233603 0.26915988 0.6679175 0.23545818 0.68860644 1.5441548e-06 0.026392296 0.13740806 0.13820235 0.40141812 0.17546764 0.3338644 0.05264276 0.07866487 1.6408725e-05 0.004187195 0.08396582 0.0018936077 1.655998e-06 0.031378616 0.0040902435 0.005987096 0.017906822 0.0044770516 0.014567846 1.8675314e-06 3.1473897e-05 0.0042598294 0.22865999 0.0011963742 0.00024941596 0.015461235 0.002124237 0.0028430729 1.8405017e-05 1.0701971e-05 0.0001077035 2.4477706e-06 0.00017049159 1.9024546e-05 6.198801e-06 0.00017981383 0.016063763 0.00017323556 1.5523947e-05 4.7255884e-07 1.9439765e-06 0.04442193 0.026643863 6.14097e-05 0.003998138 9.734367e-07 1.0293687e-06 8.332581e-06 0.0012933484 1.8498058e-06 2.1189882e-05 0.0022774134 4.8939864e-07 2.2520251e-05 1.0835709e-06 0.021008532 0.04283332 1.1048934e-07 0.028485078 2.8083066e-05 0.0003777363 0.0061420747 2.4750375e-06 0.00033695725 1.3088416e-07
0.9693527 0.0011143147 0.00072260934 0.015569569 0.011003148 0.028224794 0.00010297655 0.0026438686 0.12417565 8.742003e-06 0.22211124 0.036154445 0.08876389 0.46920326 0.65840334 0.187793 2.0081818e-05 0.30690977 0.20471276 3.4403758e-05 0.5517561 0.08672414 0.00010405615 0.751027 6.414674e-17 0.18397486 5.4818647e-06 0.85943097 0.06602195 0.586661 0.21809247 0.4358308 0.22694312 0.73996985 0.69979733 4.757774e-06 0.0140860295 0.025703136 0.021667873 0.06044203 0.1792854 0.2122175 0.020389909 0.027510032 0.00025559208 0.0017018854 0.1589354 0.008496903 1.9673287e-06 0.024651377 0.0017212457 0.0023029144 0.0059162662 0.008555847 0.0014746046 8.592651e-06 0.0006177662 0.002495079 0.3916612 0.0012532341 0.00034244917 0.06650511 0.0012841496 0.000663258 4.039463e-05 5.2100067e-06 0.00019862864 5.7393377e-06 7.376343e-05 1.820057e-05 1.1430724e-05 0.00033143928 0.020082293 8.6949374e-05 5.3779873e-05 1.7737824e-06 7.178607e-06 0.038127944 0.028475294 0.00016648149 0.0006582308 2.0590546e-06 9.849433e-07 2.4167282e-06 0.00028218763 4.7586656e-07 1.3428515e-05 0.006087643 9.177074e-07 2.4832238e-05 2.9692848e-05 0.06534315 0.20258543 8.192662e-06 0.11749645 2.7678334e-05 0.0008950363 0.014211543 2.0268699e-05 4.671198e-05 2.7522404e-07
0.8215648 0.0006912345 0.0018191328 0.020921983 0.023464438 0.08671251 2.957906e-05 0.0009274649 0.012137619 7.808693e-06 0.3137745 0.002368412 0.66550565 0.021168489 0.20503908 0.2711893 4.2763244e-05 0.44054788 0.772472 0.00021454254 0.3033875 0.0023711547 2.83518e-06 0.69720924 0.18397486 6.824739e-17 0.00032754574 0.01617337 0.8860908 0.0100262165 0.841158 0.03697725 0.7363903 0.0056092236 0.13708214 7.997927e-06 0.6931295 0.77422845 0.6871091 0.7658053 0.004502614 0.17797384 0.07291712 0.07539998 0.00015787079 0.20850457 0.0035710733 0.0006657333 0.00032186572 0.0020979457 0.21776843 0.0011768846 0.11328817 0.0006455921 0.0072696647 1.4540874e-05 0.00029539329 0.0035988619 0.05447406 0.066076376 0.026396714 0.0028660644 0.00014675653 0.0031825986 0.009327987 0.000985549 0.00033183116 0.00034125545 0.00029856618 0.003236899 0.00046439146 0.0006629383 0.00035459665 5.7849556e-05 5.48893e-05 2.869038e-06 4.843176e-06 0.015451663 0.0062272185 0.0001481022 0.00033707524 1.9758265e-05 6.855073e-07 1.8211637e-06 0.00020789458 4.3549257e-06 5.236033e-06 0.005550431 3.0213323e-07 4.3610603e-06 1.6104054e-06 0.008388626 0.0049520326 1.822412e-07 0.01024545 2.4495817e-05 1.9521762e-05 0.0045716646 9.5085994e-07 8.8370825e-06 5.95359e-08
2.1594693e-05 0.0031334064 0.14297776 0.0009357697 0.00081937364 0.11045391 8.852063e-06 0.00022838218 5.0372882e-06 0.010870468 0.00051060587 2.0791687e-07 0.76161784 1.741868e-08 7.3153734e-07 0.00016383387 4.778015e-05 0.00032900745 0.007656725 0.0033607762 2.8680395e-06 1.5202872e-08 2.5222735e-05 3.0802014e-06 5.4818647e-06 0.00032754574 8.242245e-21 8.7795904e-08 0.010218444 3.3604262e-09 6.259929e-05 4.4691824e-08 3.6712237e-05 1.0949467e-06 1.6701668e-05 1.5208514e-06 0.0061550005 0.00088622293 0.00017201668 0.00046348528 1.2440429e-06 6.381389e-06 5.9742506e-05 2.0908148e-05 3.85124e-06 0.15081431 7.892737e-07 2.3326638e-07 0.97856754 1.1154124e-06 0.0037989684 2.5327988e-06 0.00018650005 7.7870106e-07 9.575781e-06 4.1813346e-06 5.593174e-06 9.5173533e-07 1.3616049e-08 0.00013567584 0.0006152372 4.6240734e-07 6.1646995e-07 6.6877337e-06 0.0005330927 0.031415354 3.9845436e-05 0.00023212144 2.8142986e-05 6.3262326e-07 2.1310016e-05 1.7888761e-06 4.476186e-08 1.8796313e-06 8.270551e-08 4.5402655e-07 7.4354396e-08 1.6119797e-07 3.7642833e-06 7.1122154e-06 2.388703e-07 1.0479698e-06 1.3739844e-07 1.0287489e-07 9.772532e-07 8.6475455e-07 1.4950925e-06 0.00035926822 2.0405714e-08 6.6148164e-07 4.3561217e-06 1.4305872e-05 2.2099746e-06 2.4041103e-06 4.970608e-06 3.1115343e-07 9.547531e-08 1.3799965e-05 3.4870996e-07 2.8413705e-08 0.0008973281
0.8586831 8.5351014e-05 1.3413105e-05 0.0027131883 0.0015177364 0.0013420443 0.000114821356 0.0010821248 0.056545995 1.2742479e-06 0.015722262 0.09155595 0.0006559539 0.3170745 0.17390956 0.08743139 1.4300361e-05 0.08416362 0.019993214 2.0174013e-05 0.2949833 0.064984895 2.131285e-06 0.29687688 0.85943097 0.01617337 8.7795904e-08 1.3139067e-18 0.0008591636 0.9584107 0.03712849 0.2988401 0.051098507 0.92517406 0.41419354 1.1934659e-06 0.0002853637 0.006511907 0.0033026256 0.0068558943 0.21461192 0.06338639 0.03384636 0.05827805 9.626154e-05 1.5481028e-05 0.08751707 0.011973757 9.10679e-08 0.1359987 7.279807e-06 0.008448398 0.0006923224 0.026235985 0.0036457926 1.6136995e-05 0.0001547615 0.0018681202 0.27031666 1.0212817e-05 1.9728675e-06 0.10858891 0.009681971 0.0011777105 2.2869897e-07 1.4415228e-07 0.0005871418 6.924052e-08 0.00022506394 1.5512173e-06 4.4413417e-07 0.00021102472 0.06493484 0.00033919708 0.00011050152 1.3601053e-05 1.3135607e-05 0.04091787 0.04226589 0.0008477784 0.01087491 3.1564102e-07 1.37084735e-05 7.134433e-05 0.0036860371 3.966816e-06 0.00019107158 0.002602363 6.0719176e-06 0.00014486707 1.4959533e-05 0.039084103 0.10334052 1.1366696e-07 0.034178257 1.4554374e-05 0.0012716247 0.008913688 5.2914065e-06 0.00030553396 1.487176e-08
0.28104836 0.00022779444 0.0039445464 0.0064522284 0.013164076 0.1742841 2.627481e-05 0.0016477678 0.0018941713 2.7788e-06 0.20527959 0.00036707774 0.799794 0.0020148451 0.033622187 0.09159564 1.3468748e-05 0.22369295 0.5824044 0.00023964282 0.03583962 1.1691902e-05 1.18396765e-05 0.11828175 0.06602195 0.8860908 0.010218444 0.0008591636 6.985186e-20 8.554325e-05 0.42884842 0.0026808719 0.396664 0.001173218 0.038762726 3.34942e-05 0.9791893 0.79840463 0.523819 0.48545927 0.0024526897 0.023192773 0.034910794 0.03394188 0.00020468535 0.6398245 0.00059144554 2.9150293e-05 0.009844889 0.0029885033 0.26971593 0.0017746945 0.17465907 0.00060937507 0.019785479 1.5662497e-05 0.0005608232 0.0017785304 0.0023624161 0.03770186 0.028485222 0.0003420968 0.00031332823 0.0064353594 0.012944862 0.017321609 0.0005307681 0.0018032532 0.0022145382 0.00050032383 0.0021125888 0.0006607034 0.00031147632 0.0001073827 9.408595e-06 1.9786059e-05 1.8000228e-05 0.00066270446 0.0021922486 0.0010900281 0.00032598665 2.1088841e-05 5.567273e-06 1.3633572e-05 0.00039550607 1.1163461e-05 0.00012323292 0.006975072 1.5074323e-06 9.200094e-05 2.0875892e-05 0.0011475923 0.0002287567 1.9999882e-07 0.0011224286 8.2284976e-05 4.6375453e-06 0.001237166 3.9952565e-06 3.8021724e-05 2.0850116e-06
0.96106064 0.00026809025 1.6397955e-06 0.0007181723 0.0004885696 0.00018165445 2.3160543e-05 0.0025945322 0.031372428 4.6653474e-07 0.00980589 0.088827774 1.6923186e-05 0.37436038 0.12537317 0.028650744 4.8877623e-06 0.0416051 0.009355217 1.4907096e-05 0.102605805 0.11973587 4.209683e-06 0.15451424 0.586661 0.0100262165 3.3604262e-09 0.9584107 8.554325e-05 2.2708818e-21 0.040060364 0.8562645 0.03665546 0.60353583 0.2809078 5.5538595e-07 9.100267e-05 0.00080378266 0.0017336656 0.0042723217 0.17229834 0.038836703 0.014285261 0.018235674 6.917891e-05 1.5664671e-06 0.06375164 0.01489597 2.4781029e-08 0.03652545 8.291111e-07 0.0033931714 0.0001380392 0.008892805 0.00074199244 2.8345366e-06 0.0001613251 0.0005767967 0.5741347 4.6529686e-07 7.056002e-07 0.20220733 0.0019471466 0.00069139665 5.076357e-07 4.508797e-07 0.00023704278 1.2099197e-07 5.006491e-05 3.587989e-07 1.5819458e-07 5.5137356e-05 0.03938113 0.00022581319 1.6737913e-05 1.0586114e-06 1.6716289e-06 0.03768134 0.03485055 0.00034389488 0.0015837817 4.418086e-07 2.6444861e-06 8.367045e-06 0.0004947869 1.0672982e-07 1.5869566e-05 0.0052251318 2.3772539e-07 1.6785949e-05 3.4466796e-06 0.03887553 0.2730649 2.2569454e-08 0.08006326 1.7784303e-06 0.0003768416 0.010829739 2.8589199e-07 3.566245e-05 4.281498e-09
0.9114748 0.00041571187 0.00034267097 0.00771836 0.006740055 0.042271752 1.1268639e-05 0.0004967388 0.0077778273 5.9402287e-06 0.10887495 0.0020791215 0.45272478 0.020314973 0.18001615 0.12873319 2.66917e-06 0.20644926 0.3960056 0.00019258984 0.23947859 0.0031265006 2.423101e-05 0.7233603 0.21809247 0.841158 6.259929e-05 0.03712849 0.42884842 0.040060364 4.2163752e-16 0.059119083 0.9419245 0.056502897 0.32551596 5.3635663e-06 0.30764458 0.39148578 0.48245516 0.76601356 0.04161405 0.5406722 0.33747837 0.26296112 0.0001743979 0.07854376 0.04801617 0.0010393709 3.248801e-05 0.018470753 0.11437938 0.02340139 0.18353033 0.006674084 0.057799857 3.4542365e-05 0.0002141368 0.042732988 0.11430857 0.07499587 0.022024402 0.0036312223 0.0016854363 0.028142085 0.003029716 0.00029818885 0.00024464942 0.00023367866 0.003610579 0.0055168257 0.0014402999 0.005500223 0.008184146 0.0015584995 0.0012214136 0.00011784024 0.00032168435 0.04817209 0.027546493 0.00014135274 0.0034775822 0.00023036668 2.5180483e-05 0.00017721305 0.001552873 4.120578e-06 0.00023017847 0.0020175737 8.872762e-06 0.00019051152 1.3454692e-05 0.027710523 0.01612099 3.9933484e-06 0.032548964 0.000111477006 0.0015967394 0.015472011 3.1494794e-05 0.00032551104 8.9148864e-07
