8.056311e-16 0.9914108 0.7450915 0.74201864 0.93572783 0.7440298 0.95902616 0.9749903 0.5641914 0.79458153 0.9453733 0.9608241 0.7795752 0.9297599 0.9239644 0.74115443 0.96833014 0.94802064 0.9965704 0.91594684 0.96418583 0.8664998 0.974314 0.77122116 0.96980643 0.8297037 0.7571788 0.49299693 0.9097167 0.39603588 0.9177923 0.91396004 0.87029713 0.16397204 0.9879746 0.7693352 0.9150717 0.82825977 0.9083927 0.9364213 0.9357155 0.8668485 0.9549502 0.9710377 0.9574936 0.8706408 0.7766656 0.8899474 0.97799236 0.4470442 0.8957966 0.6489112 0.83008766 0.6520479 0.82203954 0.6951138 0.90382904 0.08429212 0.9327646 0.8911837 0.93763196 0.97948563 0.756104 0.73956144 0.7550711 0.78189003 0.5425078 0.09781088 0.9973434 0.8741524 0.059380136 0.7499756 0.98735076 0.45802677 0.56020916 0.5872879 0.005951638 4.26307e-05 0.003161877 0.94906545 0.856517 0.9863888 0.12310381 0.4703544 0.81825244 0.04439621 0.0036527617 0.0008527711 3.626038e-05 0.0022608167 0.000110954956 0.03675287 0.9992336 0.5630894 0.01233284 0.07428522 0.99673814 0.051351637 0.9993386 0.039409816 0.9796789
0.9914108 5.7065924e-13 0.1381201 0.007039939 0.14614284 0.0006149201 0.80853367 0.34972307 0.007869499 0.11463575 0.98714113 0.4282393 0.012139998 0.3861405 0.83741945 0.39717516 0.83841056 0.897268 0.05706919 0.24925593 0.00030746553 0.00084725587 0.0013716294 6.417228e-05 0.0025354947 0.25976515 0.59966636 0.24297242 1.3999207e-05 0.00461466 4.028935e-06 0.5952431 3.0190672e-06 4.7812104e-05 0.43767506 0.0008747695 0.000968426 3.574683e-05 0.1319897 8.967339e-06 2.1549537e-05 0.0105936695 0.038509253 2.884873e-07 0.3020995 6.2396987e-07 0.08748601 4.6888115e-08 4.0568317e-05 0.0009771191 4.875062e-08 0.0055522337 5.285185e-07 3.3805678e-05 0.00079254503 0.0389585 0.051218003 3.0108208e-06 0.009887889 0.025756165 0.0006091272 4.076117e-09 0.03179083 0.013380041 4.9204446e-06 0.026731309 0.00023405245 1.2731996e-06 0.00017196352 1.5403857e-07 4.3766484e-09 6.368742e-08 0.011131033 0.027477598 0.024579888 2.5683687e-07 0.004105344 1.8988745e-05 0.00024497302 0.0067538987 6.620358e-05 0.0135839945 5.033386e-07 8.811196e-08 3.8589218e-07 2.2442647e-08 1.9580773e-05 1.6080896e-06 1.2649889e-06 0.0006223526 1.285618e-06 3.9231313e-07 0.0035403443 2.5464476e-07 7.0184637e-06 0.00041185966 0.0040687793 4.7410174e-07 1.14406316e-08 5.0118985e-07 1.1538237e-08
0.7450915 0.1381201 8.613903e-15 0.98811436 0.98724025 0.4964242 0.0013457052 0.33132872 0.9459753 0.62031955 0.08851093 0.0012014261 0.09080139 0.0007320884 0.039263196 0.03879223 0.10261762 0.0014074487 0.046567325 0.23410954 0.21148656 7.1248454e-05 1.044521e-05 1.3911171e-05 0.00019034556 0.0235508 0.0038409445 0.004384976 6.981127e-06 0.10606895 4.2542976e-07 0.0005003956 2.2896434e-07 0.008818179 0.028904062 3.0211088e-06 2.3034668e-06 5.7319753e-06 0.027753813 3.0337667e-06 2.9135992e-06 7.965029e-06 0.0007268999 4.5971723e-07 6.805406e-05 2.0671557e-07 6.635338e-05 1.0183416e-07 1.0223362e-05 3.4810841e-06 2.7434181e-08 5.3910765e-07 1.9651337e-07 3.61315e-08 0.00027752036 0.009542102 0.03185735 7.553633e-10 0.001238011 0.0028092868 0.00016165513 2.4529035e-07 5.161408e-06 0.0041019195 1.6330677e-06 0.0045393286 6.492126e-08 2.868012e-08 3.5105286e-06 5.352695e-07 3.3392666e-08 4.4945608e-07 0.0012876821 3.6585818e-05 0.00043472802 2.2612554e-07 0.0012120465 1.5623625e-08 6.400496e-06 0.00067760923 0.058256127 0.0013947608 3.825639e-09 2.7118142e-07 6.310216e-09 8.126374e-09 2.3291115e-07 4.049316e-08 9.0525816e-07 2.234296e-08 3.207719e-07 4.827136e-07 0.0012472629 2.214614e-06 2.9684462e-09 3.6812662e-06 0.0004055138 4.001695e-07 1.8704775e-08 2.0196119e-08 8.613737e-08
0.74201864 0.007039939 0.98811436 2.4472332e-12 0.4204618 0.92054945 9.2983035e-05 0.6532247 0.7867775 0.98666656 0.013075374 0.00014137525 0.90717804 0.0001554139 0.0020258036 0.006947892 0.009590926 0.0004145596 0.18510313 0.09504139 0.55679154 1.8708693e-05 2.2864936e-06 3.3244469e-06 3.853766e-05 0.010411437 0.00043323167 0.000548652 2.2852075e-06 0.08902479 3.0883243e-07 0.00030598624 2.9362252e-07 0.013723589 0.016367335 7.378003e-07 3.8887165e-07 3.1906288e-06 0.005281443 1.5546724e-06 2.0421369e-06 5.2877285e-06 0.00094253896 2.3307224e-07 5.66783e-05 7.6761935e-08 4.0102303e-05 1.4679551e-07 2.0504676e-06 1.0981639e-05 6.8458384e-08 1.7983868e-06 1.1255847e-07 1.7510575e-07 2.6876285e-05 0.017173802 0.0743296 1.48291015e-08 0.0016398262 0.0029543524 8.5281616e-05 4.8705755e-07 4.510382e-06 0.006902882 3.417663e-06 0.0020278166 2.4111466e-07 5.529472e-08 1.02180975e-05 7.390023e-07 4.3492997e-07 1.5876664e-07 0.0028244245 9.293716e-06 3.551373e-05 1.187755e-07 0.00013853137 4.546782e-07 3.1846068e-06 0.0012079782 0.058279302 0.0016428573 3.7549896e-08 2.6394733e-07 2.227594e-08 5.458312e-08 3.9246006e-06 1.7410368e-07 2.7714214e-06 2.3564606e-07 6.1692987e-07 6.774224e-06 0.0020527267 1.4961253e-06 1.6100255e-07 6.047386e-06 0.000764263 6.7632573e-06 1.2641827e-07 9.568277e-08 1.1407463e-07
0.93572783 0.14614284 0.98724025 0.4204618 5.6651434e-13 0.20958725 0.0016168297 0.42086947 0.93754303 0.3085625 0.6174337 0.0001774141 0.24169502 0.0016270067 0.006475193 0.43697736 0.01095815 0.003961297 0.20413461 0.9026458 0.9640012 2.0281375e-06 2.716441e-06 1.7410817e-07 5.996447e-06 0.29353622 0.036098022 0.050416764 2.1792638e-07 0.71322465 1.0689444e-07 0.006387709 3.5737266e-08 0.1260071 0.005478215 2.3529195e-07 4.5153718e-07 1.9437807e-07 0.4008288 2.924223e-07 3.2077006e-07 5.2214073e-06 4.6491718e-05 6.6507106e-08 0.00020769682 3.0948268e-08 0.0010483507 5.9231446e-08 6.2655454e-06 2.908968e-06 1.999844e-08 1.8076169e-06 1.5304184e-07 3.921192e-08 2.7988173e-05 0.0057826894 0.051385574 1.4345818e-09 0.00018783698 0.00038720164 3.5971887e-05 3.189474e-07 1.0134569e-05 0.0024228552 1.5277025e-06 0.03764168 8.970854e-08 2.182344e-07 6.3495972e-06 6.9108216e-07 1.479012e-08 4.1996478e-07 0.001157292 0.00045800276 0.0028461386 3.1525653e-07 0.008303061 1.0009759e-06 0.00031416785 0.00044868398 0.3701472 0.0018649845 1.5877838e-08 6.46261e-08 7.736502e-08 2.3701551e-07 2.903177e-07 9.15636e-08 8.025755e-06 1.4736317e-05 1.1880786e-06 4.5720145e-07 0.0008407988 3.815785e-06 5.720774e-08 1.6070724e-05 0.00051727495 6.917119e-05 3.3037765e-08 9.655358e-08 2.4737878e-07
0.7440298 0.0006149201 0.4964242 0.92054945 0.20958725 2.2957137e-14 4.968333e-06 0.030307285 0.9989113 0.1780413 0.00042615196 1.0698837e-05 0.9868098 7.672198e-06 8.0815735e-05 0.0005296832 0.00011376159 2.7180857e-05 0.13069761 0.0069739013 0.53603524 5.357296e-07 2.4390985e-07 1.0143385e-07 4.2544048e-06 0.00095049053 7.1504164e-06 2.6295742e-05 2.97786e-07 0.02977525 2.6349298e-08 6.052795e-07 1.0709443e-07 0.00987546 0.00014961067 3.108368e-06 4.0280992e-07 1.4132395e-07 0.0006538335 6.089303e-08 1.2455789e-06 9.861431e-06 1.1088e-05 1.9021479e-07 3.690682e-05 8.001413e-08 2.6631322e-05 3.3990474e-08 1.8205317e-06 3.0699812e-06 4.0105984e-08 1.7276618e-06 4.1399633e-07 5.568112e-08 4.5077413e-06 0.00042541252 0.012687561 2.9955307e-09 2.8986053e-06 3.622865e-05 6.061191e-08 1.8517532e-07 2.3534594e-06 0.0026115868 3.78751e-06 0.002318857 6.392633e-08 4.377761e-08 2.4559324e-07 3.7207542e-08 1.2080385e-06 5.156119e-08 0.0011575756 1.1674291e-06 3.3088074e-07 3.1865813e-08 0.00012080295 2.4860458e-07 1.6758028e-08 9.659476e-06 0.060396623 0.00044242086 3.8421875e-09 3.592788e-08 1.8014316e-10 7.225225e-09 2.5630123e-07 2.8607855e-07 3.4297943e-07 4.0733468e-07 2.56065e-09 1.5492044e-07 0.0008874606 9.2398516e-08 2.7913617e-07 4.875399e-07 9.789509e-05 1.5575068e-08 2.7907483e-08 1.3102064e-09 7.792047e-09
0.95902616 0.80853367 0.0013457052 9.2983035e-05 0.0016168297 4.968333e-06 6.8827946e-13 0.0030167461 0.00017614882 0.0017511372 0.21076033 0.9741529 6.1780185e-05 0.99058527 0.6980952 0.019799555 0.32202098 0.80745625 0.00058694166 0.0035600152 1.9443223e-05 0.010691766 0.19112985 0.0020336276 0.027231077 0.007635112 0.307372 0.019995632 0.003061247 0.00022180719 0.00012339486 0.29439625 0.0003282237 8.787021e-06 0.13689472 0.09139872 0.073821865 0.00029235389 0.002875795 6.314226e-05 0.0039152866 0.39235488 0.049685184 8.001586e-05 0.6831636 0.00030764556 0.036843337 2.1157513e-05 4.142353e-05 0.031303983 9.853594e-07 0.11798252 0.00037065774 0.010910313 0.0020904331 0.0070656864 0.004296469 0.0035116808 0.008179879 0.0084941685 0.00093720003 4.0363435e-07 0.16194211 0.0027110144 0.00019131262 0.0011130067 0.01858403 0.00013051827 0.0003917083 5.577575e-07 1.6525178e-06 4.181622e-06 0.003994487 0.02066057 0.0041014324 2.028323e-06 0.0001895928 0.00015050106 2.6193702e-05 0.0042820666 6.4532463e-07 0.0076269577 2.3518247e-07 3.7333956e-07 6.114943e-08 4.0391953e-08 0.00030083093 1.0322949e-05 1.04309e-06 0.00049652805 1.2396137e-06 1.1622792e-06 0.003618718 1.4095239e-06 0.00018681692 8.113521e-05 0.0033358536 1.6228657e-06 8.611876e-09 1.5118746e-07 2.0777327e-08
0.9749903 0.34972307 0.33132872 0.6532247 0.42086947 0.030307285 0.0030167461 7.680088e-12 0.01482282 0.9979936 0.19201152 0.004749988 0.11539822 0.0020454358 0.34684482 0.043321352 0.57493937 0.0040181223 0.59300977 0.21426061 0.19942696 0.00035233595 4.4750494e-05 1.9521127e-05 0.0009060839 0.027458206 0.0024620215 0.003808576 1.1376413e-05 0.015389719 9.168454e-06 0.0031997873 1.5756546e-06 0.0025324898 0.80759513 2.5000258e-05 1.75026e-05 0.00011999517 0.012165003 5.7610127e-05 4.5552956e-06 2.3451461e-05 0.0668997 2.7423627e-07 0.00069727935 2.3199227e-07 7.315709e-05 1.050257e-06 0.00050883007 6.399892e-06 6.775247e-07 5.212144e-06 1.9740013e-07 2.3441653e-06 0.010463786 0.5535552 0.8597388 8.73646e-08 0.060205627 0.11918586 0.0067320215 1.7964318e-07 8.949351e-05 0.18563056 1.5014724e-06 0.0014969596 7.867094e-06 5.0259484e-08 0.0018047835 4.2612596e-06 1.034024e-09 1.08834e-06 0.20052378 0.00025176033 0.00017302751 9.324033e-08 0.00019673005 5.386333e-07 1.8633764e-05 0.07534657 0.05450319 0.11681362 9.2133305e-08 1.0797474e-07 1.1980781e-07 3.8113495e-09 1.2414064e-05 7.900558e-06 3.769115e-06 3.025744e-05 1.9790113e-07 1.9088798e-06 0.09133714 5.872078e-07 7.2365106e-06 2.4848323e-05 0.038316052 4.6786835e-07 5.2817462e-08 4.2335103e-07 1.53232e-07
0.5641914 0.007869499 0.9459753 0.7867775 0.93754303 0.9989113 0.00017614882 0.01482282 3.593961e-15 0.049175046 0.003718123 8.294149e-05 0.21201816 6.462497e-05 0.00027140076 0.002158829 0.00066730875 9.588633e-05 0.037949413 0.034633275 0.7990569 1.7586498e-06 3.4894401e-06 6.787318e-08 5.559426e-06 0.002995964 4.5483608e-05 9.889152e-05 8.037025e-07 0.09803419 6.1227276e-08 2.1634887e-05 1.1117744e-07 0.055159885 0.00018753699 3.385978e-07 1.612388e-06 1.8141362e-08 0.001589352 2.0380695e-07 2.7406568e-06 2.5703657e-05 2.5256252e-06 1.9888755e-06 5.9049027e-05 2.7972071e-06 7.851687e-05 2.2131696e-08 1.1773217e-06 1.0155093e-06 4.029561e-08 7.745609e-07 9.997882e-07 6.017499e-08 3.1448033e-07 0.00031353388 0.0056825923 1.2072507e-10 9.308924e-07 1.6892162e-05 1.9282e-07 1.1804506e-06 1.7012159e-06 0.00035534427 1.6354022e-06 0.0011036388 8.118384e-08 1.7102857e-09 3.729787e-07 4.0781006e-07 2.1063181e-08 7.994107e-08 0.00015873979 2.5090746e-06 4.889492e-06 1.673037e-08 0.00033650897 1.1024067e-08 9.123568e-08 5.077033e-06 0.051121455 9.800428e-05 5.715086e-10 2.5974707e-08 9.0005885e-12 5.142366e-09 1.1277277e-08 9.924538e-10 2.7707173e-07 1.8223034e-08 4.5311052e-10 4.4396056e-09 0.00012056689 1.17209716e-07 1.621011e-10 7.877273e-08 1.099692e-05 1.8332315e-09 5.4309265e-08 1.3143339e-09 2.6673577e-08
0.79458153 0.11463575 0.62031955 0.98666656 0.3085625 0.1780413 0.0017511372 0.9979936 0.049175046 9.800562e-16 0.11567453 0.0023218642 0.7402444 0.0010463023 0.07344128 0.017739195 0.12999731 0.0034375195 0.7135578 0.07371685 0.2411107 7.38343e-05 2.6670947e-05 1.4764163e-06 0.00014683284 0.008589395 0.0018324662 0.0012479791 8.794734e-06 0.03467204 2.742097e-06 0.002988603 3.3108213e-07 0.0026031781 0.18049896 3.283016e-06 1.0665841e-05 1.7493152e-05 0.0022022764 7.1725717e-06 7.1191465e-07 4.0300743e-05 0.008429473 1.4374181e-07 0.00046870616 2.2408729e-08 3.938468e-05 1.4151574e-07 4.7168538e-05 1.0212198e-06 2.2872024e-08 7.0051186e-07 6.8761075e-08 1.6975409e-07 0.0017162898 0.123651974 0.41865712 6.1170167e-09 0.009447191 0.013093468 0.0002955866 5.1890908e-08 5.1844713e-06 0.016066274 3.2056194e-06 0.0009488838 3.325736e-07 3.6966682e-08 2.9726478e-05 1.8785589e-07 4.530665e-10 9.673275e-08 0.015311443 0.00010243353 5.2387877e-05 6.4619785e-09 0.000105615094 2.676332e-08 1.4695316e-06 0.007615801 0.038030945 0.006485468 2.9393348e-09 6.540009e-09 3.4042102e-09 1.1751554e-10 9.296858e-07 3.6006307e-07 5.996312e-07 1.7302142e-06 1.0971082e-08 2.3823151e-07 0.010514857 1.2839858e-08 7.9448874e-08 7.867123e-06 0.0066427523 1.3540709e-08 8.722946e-10 1.3422374e-08 1.6663991e-09
0.9453733 0.98714113 0.08851093 0.013075374 0.6174337 0.00042615196 0.21076033 0.19201152 0.003718123 0.11567453 1.644865e-14 0.008283918 0.01291656 0.30491936 0.10912023 0.9967649 0.19632258 0.39160708 0.014320724 0.70714027 0.00064121105 1.5715883e-05 1.9684125e-05 8.453318e-07 0.00012910488 0.5172899 0.5212508 0.38778037 6.7476043e-07 0.022505332 5.724922e-08 0.445594 3.58534e-08 0.00019125863 0.041272275 1.2761822e-05 3.6704027e-06 5.017034e-07 0.43988732 1.6168049e-07 5.8461404e-07 3.1832416e-05 0.0017461103 1.3459111e-08 0.015772995 5.5098344e-09 0.06328976 4.0706474e-09 2.1104422e-06 1.5856343e-05 1.9618023e-09 7.430008e-05 4.127565e-09 8.839915e-08 2.3453875e-05 0.01580671 0.016266288 4.302416e-08 0.0013797367 0.0041239145 1.9408451e-05 1.4871127e-09 0.009022576 0.0052879313 3.4100137e-07 0.0613774 1.020245e-05 3.6210475e-09 4.2494216e-06 2.8238171e-08 5.214928e-08 3.3408638e-09 0.0029331287 0.006324306 0.029110825 1.3901897e-09 0.001456083 1.7270022e-05 5.8461403e-05 0.0016761107 0.0069540897 0.0051305597 1.5035119e-09 3.3636902e-09 7.895526e-10 1.2678488e-08 2.924573e-06 1.03774745e-07 6.374914e-07 7.725897e-05 4.7413497e-08 1.756082e-08 0.0018833708 3.933509e-07 6.688298e-07 0.00022011445 0.0009903413 3.1213182e-07 5.6448766e-09 7.734039e-08 1.1909678e-08
0.9608241 0.4282393 0.0012014261 0.00014137525 0.0001774141 1.0698837e-05 0.9741529 0.004749988 8.294149e-05 0.0023218642 0.008283918 1.07355687e-13 3.3960296e-05 0.8482589 0.9690613 0.00077400455 0.22273085 0.25624698 0.00043058133 0.0004205183 2.1217595e-06 0.777941 0.9198119 0.15364054 0.33160806 0.0006075979 0.009667541 0.0010612684 0.18228899 1.1343057e-05 0.016287223 0.0398724 0.013809135 1.661511e-06 0.118996 0.5437777 0.5591425 0.0027871712 6.934119e-05 0.0009751883 0.05893208 0.60473496 0.17442746 0.001618623 0.578932 0.0021915296 0.0059191533 0.00088395237 0.0005836409 0.19851184 2.1501664e-05 0.28113347 0.00990843 0.0991131 0.006841907 0.007835485 0.003393168 0.02117804 0.018684525 0.015737234 0.004264266 1.2736235e-06 0.07184556 0.0030118043 0.0014985615 8.3896775e-05 0.03964209 0.0011087632 0.0015906796 3.9642204e-05 6.159504e-07 2.171886e-05 0.0057761413 0.0068007354 0.0010185563 2.0881886e-05 1.901504e-05 0.00016428682 7.114033e-06 0.0067799604 3.4190222e-08 0.009126023 1.9864322e-06 6.2653453e-07 6.8384984e-06 2.7215496e-08 0.0004068312 3.3448396e-05 5.4782433e-08 0.00072110514 1.6365397e-06 1.537807e-05 0.0029542104 4.7400795e-06 0.0024807209 2.9824216e-05 0.0044343784 1.3591334e-06 2.8555942e-08 5.1045603e-08 4.3070465e-08
0.7795752 0.012139998 0.09080139 0.90717804 0.24169502 0.9868098 6.1780185e-05 0.11539822 0.21201816 0.7402444 0.01291656 3.3960296e-05 2.4988508e-18 4.4715896e-05 0.00025423046 0.004016226 0.0021372898 0.00026877862 0.9978604 0.020119272 0.6074473 4.3509985e-08 3.3078607e-07 5.122013e-10 4.1916852e-07 0.0025189996 8.9600006e-05 6.9044254e-05 1.247869e-08 0.020499686 1.178894e-09 4.675445e-05 7.533173e-10 0.0109860925 0.0019341757 4.35148e-08 1.5983024e-07 2.4682238e-09 0.0010055441 1.3612543e-08 2.968012e-08 1.3104822e-06 1.2421217e-05 2.5544658e-08 7.589872e-05 7.1299295e-09 2.1346739e-06 3.2282834e-09 2.852192e-08 5.430875e-08 4.1301873e-09 8.472546e-08 4.1238287e-08 3.2110334e-09 2.0913781e-08 0.0076498464 0.073999874 5.02707e-12 9.42574e-06 0.00034253774 2.752076e-08 1.2808452e-08 3.88819e-07 0.0043688766 1.7414004e-07 0.00032314117 1.892833e-08 1.1856137e-09 2.0920643e-08 1.229504e-09 1.792429e-09 3.7179132e-10 0.0051078917 1.5529491e-06 7.135181e-07 5.979919e-10 6.59959e-06 6.0236625e-09 1.08009345e-07 2.459936e-05 0.047339533 0.0009485844 7.9137044e-11 1.5782742e-10 2.4353408e-12 5.470477e-11 5.990645e-08 5.3991536e-09 9.5863605e-08 4.5136495e-09 2.0905515e-09 2.7314808e-09 0.0012217071 3.6943312e-10 8.322196e-09 2.2588802e-07 9.506116e-05 3.4284697e-09 1.007838e-10 9.2088184e-11 2.770845e-10
0.9297599 0.3861405 0.0007320884 0.0001554139 0.0016270067 7.672198e-06 0.99058527 0.0020454358 6.462497e-05 0.0010463023 0.30491936 0.8482589 4.4715896e-05 1.2757529e-14 0.2826196 0.08047448 0.081802145 0.9511724 0.00014776617 0.011427003 8.389449e-06 0.00826133 0.70185804 0.0019390514 0.012334581 0.010105657 0.64598817 0.08527008 0.007958949 0.0002846627 0.00030197986 0.53724205 0.0011873045 1.2084977e-05 0.021974701 0.46916544 0.28021225 0.00029259262 0.0020240357 0.0002907426 0.043023136 0.8658985 0.0094342 0.00065794744 0.92460346 0.0013721599 0.043445114 3.884184e-05 5.5588294e-05 0.14702672 1.674373e-06 0.29376587 0.0006714828 0.020242935 0.00087752467 0.0021166324 0.00033044073 0.013935638 0.003119274 0.0022864526 0.0006295155 1.1183633e-07 0.28842568 0.00041190992 0.0006780484 0.0010523164 0.054975342 0.00056865154 0.00046099923 1.8011691e-06 1.6483365e-07 4.478078e-06 0.0011232981 0.024021592 0.002893837 2.9699484e-06 0.00027390372 0.00019112589 2.0670435e-05 0.0011083276 3.2039583e-07 0.001647159 2.5002214e-07 1.2470024e-07 3.508629e-07 2.3465429e-08 0.0010099977 1.6131238e-05 1.5953769e-07 0.0008782816 1.2683895e-06 1.6591059e-06 0.00067115086 6.53845e-07 0.0005192326 9.6775344e-05 0.000695945 1.2244452e-06 4.9188863e-08 4.0798938e-07 2.0029743e-08
0.9239644 0.83741945 0.039263196 0.0020258036 0.006475193 8.0815735e-05 0.6980952 0.34684482 0.00027140076 0.07344128 0.10912023 0.9690613 0.00025423046 0.2826196 3.0413917e-13 0.00894611 0.99140424 0.18673484 0.0045665773 0.003584713 5.4794396e-06 0.75202876 0.20494893 0.08506944 0.5377961 0.0037861392 0.031058965 0.006705632 0.021243514 9.197419e-05 0.012030926 0.03953911 0.005059143 4.749831e-06 0.53238684 0.011467805 0.03683951 0.014132472 0.0008639681 0.0055394373 0.004841392 0.03489187 0.24254307 0.00038623737 0.10606114 0.0015624403 0.00515863 0.00091578363 0.0053827344 0.004275444 0.00011944371 0.007900996 0.0014307019 0.0035652188 0.011562853 0.027116217 0.025189223 0.0006492755 0.046428747 0.038645122 0.0059215953 1.3414007e-06 0.0188089 0.0075370553 0.0005057161 7.541876e-05 0.0011049515 0.00015190078 0.003001853 0.0001745405 9.1220194e-08 1.2658753e-05 0.013144381 0.003997113 0.0015681637 2.5418014e-05 0.0002235509 0.00015839755 3.4187862e-05 0.01992709 2.2015693e-07 0.022517027 1.3104071e-06 5.088152e-06 1.94369e-05 2.489796e-08 0.00016466234 3.9506426e-06 1.8422382e-07 0.0007333805 1.010476e-06 1.6834516e-06 0.01294817 2.0789e-06 0.0002506174 0.00018178496 0.012674633 4.8391246e-07 6.8234134e-09 1.0560738e-07 3.1789614e-07
0.74115443 0.39717516 0.03879223 0.006947892 0.43697736 0.0005296832 0.019799555 0.043321352 0.002158829 0.017739195 0.9967649 0.00077400455 0.004016226 0.08047448 0.00894611 1.4238216e-14 0.018604826 0.4791075 0.0047939266 0.9863298 0.0014353477 2.0628186e-06 6.3796665e-06 6.043319e-07 2.6415686e-05 0.8983003 0.81543267 0.7714083 4.93057e-07 0.16426457 1.2416764e-07 0.3648722 1.0181085e-07 0.0011348798 0.0042270883 3.4256316e-06 2.1145802e-06 1.0941622e-07 0.63168675 3.93485e-08 3.1356151e-07 7.310757e-05 9.635063e-05 5.015463e-08 0.009238086 4.900046e-08 0.03475578 3.84262e-09 1.3163793e-06 4.047878e-05 2.5588678e-09 8.514347e-05 1.1853294e-08 6.0197145e-08 2.9744911e-05 0.0030680865 0.0033490881 7.4378197e-09 0.00013997612 0.00035921103 8.6404925e-06 3.7839403e-09 0.0019093872 0.0014154887 1.4024923e-06 0.08374185 8.20804e-07 1.7547027e-08 1.0207378e-06 1.2272743e-08 3.609637e-08 1.3711408e-08 0.0006671137 0.007609746 0.025752643 1.8086428e-08 0.005427417 2.2587908e-06 0.0002061151 0.00046950183 0.032100994 0.0007783782 6.7739003e-10 4.1778923e-09 1.4091601e-09 5.028746e-09 1.9318986e-06 5.4733864e-08 1.336431e-06 4.9499664e-05 3.1673105e-07 6.926416e-08 0.00052583066 6.7046403e-07 4.3647958e-08 0.000100435034 0.00019552474 1.0639108e-06 5.3901092e-09 5.6215104e-08 1.2979472e-08
0.96833014 0.83841056 0.10261762 0.009590926 0.01095815 0.00011376159 0.32202098 0.57493937 0.00066730875 0.12999731 0.19632258 0.22273085 0.0021372898 0.081802145 0.99140424 0.018604826 8.5733395e-14 0.15103064 0.03630888 0.011421039 4.3028205e-05 0.07209088 0.0197357 0.0060820775 0.16563788 0.0055390224 0.026678622 0.0055364114 0.0028510077 0.000108321765 0.00093199615 0.032909863 0.00015469111 2.5092638e-06 0.979783 0.0024765984 0.0042865016 0.00393844 0.0013337535 0.001991925 0.00046188003 0.008237829 0.57654625 1.5862075e-05 0.03662826 4.038481e-05 0.0034974015 6.548354e-05 0.005897915 0.00027195338 6.844116e-06 0.0008389262 4.6746824e-05 5.95824e-05 0.04334184 0.2789753 0.21572073 3.959869e-06 0.1449702 0.14120148 0.010448235 8.2892456e-07 0.0045118514 0.051819507 5.2958116e-05 0.00011502247 8.564373e-05 1.2145637e-05 0.003700411 4.041124e-05 3.3235906e-08 1.0564356e-05 0.0695251 0.0022120252 0.003459366 1.5263038e-05 0.00012083428 8.1384744e-05 5.520491e-05 0.08031351 4.3167293e-07 0.094621345 2.628521e-07 9.92195e-07 3.78578e-06 1.9211635e-08 3.724544e-05 4.2245715e-06 2.2654861e-07 6.4557826e-05 8.113304e-07 5.161011e-07 0.03815126 1.0373353e-06 1.7401422e-05 0.00011734982 0.02618694 3.1100992e-08 2.5841516e-09 2.2682695e-08 2.0679158e-08
0.94802064 0.897268 0.0014074487 0.0004145596 0.003961297 2.7180857e-05 0.80745625 0.0040181223 9.588633e-05 0.0034375195 0.39160708 0.25624698 0.00026877862 0.9511724 0.18673484 0.4791075 0.15103064 1.9708301e-16 0.00027240688 0.11703447 3.590317e-05 0.002831064 0.004509713 0.00013741884 0.0045802766 0.1900744 0.96361136 0.75346905 0.000106722364 0.0009174848 1.9568566e-05 0.9462466 2.26736e-05 1.705572e-05 0.039580714 0.013256757 0.0019827134 4.4616983e-05 0.12182626 1.4751912e-05 0.00010641554 0.10714225 0.003833519 1.5096437e-06 0.8703723 6.972138e-06 0.59003276 4.78065e-07 4.295523e-05 0.0069538346 5.5243696e-08 0.1262844 5.6077874e-06 0.00034850123 0.00013206394 0.004039754 0.0010302473 0.00013169809 0.0028076144 0.0035821877 0.00019119098 2.175166e-08 0.41449466 0.0009006044 2.132742e-05 0.03946169 0.02959705 6.9524185e-06 2.793487e-05 2.2886391e-07 3.4623332e-07 2.227387e-07 0.0014208899 0.18034017 0.10595799 3.1801684e-07 0.0019195238 0.0005056909 0.0007303604 0.0012547737 9.998974e-06 0.0032783747 6.716066e-08 9.285856e-08 1.2342509e-08 1.4367205e-07 0.00088910153 4.542702e-06 3.7172452e-07 0.0061348537 1.082779e-07 5.229992e-07 0.00023728635 2.261608e-06 4.0116494e-05 0.0044879992 0.00026255762 4.857668e-06 2.6325637e-08 4.1181384e-08 3.057196e-08
0.9965704 0.05706919 0.046567325 0.18510313 0.20413461 0.13069761 0.00058694166 0.59300977 0.037949413 0.7135578 0.014320724 0.00043058133 0.9978604 0.00014776617 0.0045665773 0.0047939266 0.03630888 0.00027240688 7.619576e-13 0.024182217 0.41381752 1.2007101e-05 1.3029174e-05 4.133259e-06 1.5654521e-05 0.002674984 8.486897e-05 0.00011940853 9.669319e-06 0.017864812 2.8133124e-06 0.00037517934 1.406186e-06 0.0084208995 0.054274123 1.1896335e-05 4.1789448e-05 6.4097685e-06 0.0020488817 6.2223025e-06 4.1431294e-06 5.4890927e-05 0.00081427064 5.973071e-07 0.00033806195 1.6117306e-07 6.612575e-06 7.982813e-07 1.8072928e-06 2.8206466e-06 1.3721304e-07 3.4919738e-06 1.7050867e-06 8.389472e-08 2.2623017e-05 0.08539122 0.8291898 3.5935952e-09 0.00058954355 0.006037812 8.058296e-06 2.8284944e-07 0.00020148797 0.10121262 1.3013774e-05 0.00038116897 8.2970126e-07 3.1318913e-07 4.420499e-06 3.2324118e-07 8.724154e-08 3.375466e-08 0.15516374 1.6632906e-05 6.131978e-06 1.7810346e-07 8.245897e-05 2.6013637e-07 5.8974706e-06 0.0009980462 0.042664923 0.09069102 6.473874e-08 2.4732194e-07 1.16513785e-08 6.260528e-08 6.9306424e-07 5.749006e-06 1.6490936e-06 3.2340677e-07 5.052852e-08 7.33542e-06 0.019684467 1.5869973e-07 1.7083321e-06 1.35390255e-05 0.0016984765 3.4048194e-06 5.1273844e-08 6.7071784e-09 3.384819e-07
0.91594684 0.24925593 0.23410954 0.09504139 0.9026458 0.0069739013 0.0035600152 0.21426061 0.034633275 0.07371685 0.70714027 0.0004205183 0.020119272 0.011427003 0.003584713 0.9863298 0.011421039 0.11703447 0.024182217 3.1708365e-15 0.06573846 1.8851425e-06 1.118143e-06 2.3286539e-07 8.739635e-06 0.971938 0.2367759 0.69444215 5.067927e-07 0.84293294 1.0213099e-07 0.104246415 1.1620314e-07 0.06830811 0.0040896917 1.1272707e-06 7.2771724e-07 2.3060372e-07 0.88381666 4.154136e-08 1.9679034e-07 9.441079e-06 0.00014389674 1.3341776e-07 0.00074098655 3.7744854e-08 0.028215947 1.6734711e-08 1.2566322e-06 8.680865e-06 1.4842393e-09 1.1323494e-05 8.246887e-09 4.215186e-08 1.5206782e-05 0.006767006 0.018159756 2.2060428e-08 0.00044893584 0.0007772915 9.687743e-06 2.724271e-08 0.0006059238 0.0040271063 1.9413447e-07 0.69908273 2.899421e-06 2.6860896e-08 1.8133925e-06 2.0410124e-07 9.560829e-09 5.2519106e-08 0.00084393105 0.014443592 0.17241687 4.6431474e-08 0.13394111 4.1880794e-06 0.0067156604 0.0003297324 0.58594847 0.00091862516 1.6890365e-08 3.94246e-08 4.0152046e-09 1.2748933e-08 1.7599771e-06 8.84141e-09 0.00026730698 0.00063548284 1.0175189e-06 5.83347e-07 0.00037113403 2.283774e-06 1.422913e-07 0.0025505663 0.00013724543 2.0502741e-06 1.34088385e-08 3.2449486e-07 4.36002e-08
0.96418583 0.00030746553 0.21148656 0.55679154 0.9640012 0.53603524 1.9443223e-05 0.19942696 0.7990569 0.2411107 0.00064121105 2.1217595e-06 0.6074473 8.389449e-06 5.4794396e-06 0.0014353477 4.3028205e-05 3.590317e-05 0.41381752 0.06573846 4.2591193e-15 2.894953e-08 6.197631e-08 7.164951e-09 1.10692476e-07 0.00016216515 1.4237688e-06 3.96707e-06 7.4323876e-09 0.17837131 1.0908625e-09 4.4989653e-07 2.2957019e-09 0.9991541 5.3895733e-06 6.6001746e-08 3.8241893e-08 2.46252e-09 0.00014245172 6.282331e-09 1.07703375e-08 1.5232516e-07 3.4891574e-08 3.2773018e-09 3.9784453e-07 5.950896e-09 9.705405e-06 1.4014667e-10 2.9691515e-07 3.4099436e-08 5.942511e-10 9.052097e-09 8.022891e-10 6.369249e-09 3.6334264e-08 0.00013456943 0.01383137 7.987658e-12 1.3178162e-06 1.0077473e-05 3.851194e-07 3.4069125e-09 4.1071057e-06 0.0018688231 1.0246889e-08 0.0038500172 1.8879076e-08 3.8208845e-09 1.3062012e-06 3.074753e-07 1.1032518e-09 1.1139521e-07 0.0014684179 2.478135e-05 3.897505e-05 9.421115e-09 0.0003875162 2.4250616e-07 5.726498e-05 6.8247055e-06 0.09588995 0.0009989748 2.7540121e-09 1.150664e-07 6.1080675e-11 7.1851916e-09 2.2957414e-07 4.125696e-07 1.67322e-05 6.580214e-08 2.932471e-08 2.7737892e-07 0.0027104483 3.8430122e-07 7.3947186e-09 2.1787498e-06 0.00037019726 5.6079312e-08 1.4667467e-08 5.682798e-08 7.576073e-09
0.8664998 0.00084725587 7.1248454e-05 1.8708693e-05 2.0281375e-06 5.357296e-07 0.010691766 0.00035233595 1.7586498e-06 7.38343e-05 1.5715883e-05 0.777941 4.3509985e-08 0.00826133 0.75202876 2.0628186e-06 0.07209088 0.002831064 1.2007101e-05 1.8851425e-06 2.894953e-08 6.451324e-13 0.692791 0.9939994 0.98882407 5.0155757e-07 3.7439142e-05 2.6109788e-06 0.5374153 2.8647482e-06 0.33965197 0.00023643792 0.10208672 2.2725794e-07 0.06298896 0.08344248 0.30461517 0.09379357 5.784953e-08 0.01642435 0.23088615 0.036939863 0.5625496 0.022522852 0.006078607 0.025713049 4.9709804e-05 0.0087370025 0.0064922157 0.010816827 0.00032763134 0.004121777 0.074599706 0.039006 0.022068713 0.0045259157 0.0011721018 0.008179228 0.08473636 0.015670162 0.0072442316 1.2085358e-05 7.195156e-05 0.0015574032 0.007450784 2.0623767e-07 0.00079553697 0.00351677 0.0028244865 1.3888264e-05 7.735917e-05 9.149177e-06 0.0026115682 6.3647108e-06 1.128907e-06 1.0011254e-05 6.4425285e-07 4.1949147e-06 1.0665673e-06 0.01789496 2.1252204e-08 0.0075363684 1.3782122e-06 7.6183173e-06 6.434114e-06 1.7078385e-08 1.1238685e-05 2.016926e-05 6.678205e-08 1.4098728e-05 7.8413825e-07 7.561342e-07 0.0032419858 9.1398925e-07 0.0007120532 5.294334e-06 0.005987678 2.6883858e-06 4.75388e-09 1.2006299e-07 1.2782016e-07
0.974314 0.0013716294 1.044521e-05 2.2864936e-06 2.716441e-06 2.4390985e-07 0.19112985 4.4750494e-05 3.4894401e-06 2.6670947e-05 1.9684125e-05 0.9198119 3.3078607e-07 0.70185804 0.20494893 6.3796665e-06 0.0197357 0.004509713 1.3029174e-05 1.118143e-06 6.197631e-08 0.692791 1.369266e-13 0.47137216 0.63160884 3.9166775e-06 0.0006850718 5.8156344e-05 0.7886491 2.0349787e-06 0.09253718 0.0028156466 0.49874637 2.8435974e-07 0.008846566 0.891416 0.9819318 0.0075809066 2.0714629e-06 0.0035602627 0.8597096 0.6658869 0.08234319 0.16107255 0.109723434 0.050952386 0.0005203966 0.0006469178 0.00094883185 0.34143066 2.042734e-05 0.10773605 0.31595778 0.40089643 0.0032287983 0.001008745 0.00010262968 0.24878109 0.009499741 0.003618361 0.0016804656 1.1229905e-06 0.014152635 0.0005541213 0.011900774 1.4058495e-06 0.041879997 0.03582673 0.00033669244 2.100613e-06 9.732632e-05 4.094935e-06 0.0007605875 0.00059006497 1.0584796e-05 7.0315077e-06 1.4454193e-06 8.257316e-05 1.946852e-06 0.003107946 7.3031465e-09 0.0034343426 4.1316e-06 5.282016e-07 3.951751e-06 4.2185555e-08 0.0004207538 0.00030661866 1.2811433e-08 7.592486e-05 1.8716964e-06 3.6533293e-06 0.0006016226 4.40642e-06 0.013626242 1.8284738e-05 0.0010687973 4.926786e-05 2.0510484e-08 1.2084251e-07 6.7527e-08
0.77122116 6.417228e-05 1.3911171e-05 3.3244469e-06 1.7410817e-07 1.0143385e-07 0.0020336276 1.9521127e-05 6.787318e-08 1.4764163e-06 8.453318e-07 0.15364054 5.122013e-10 0.0019390514 0.08506944 6.043319e-07 0.0060820775 0.00013741884 4.133259e-06 2.3286539e-07 7.164951e-09 0.9939994 0.47137216 1.375616e-14 0.8353848 2.3769049e-07 1.870657e-05 1.1432594e-06 0.95009595 5.3676445e-08 0.97919554 2.301588e-05 0.784078 3.9365636e-07 0.011403526 0.019926453 0.17423634 0.54868704 2.8941196e-08 0.18123582 0.40277034 0.008372713 0.24330088 0.22808827 0.00078812486 0.108879186 2.1220167e-06 0.16588233 0.026124256 0.0029178075 0.004455132 0.0009007397 0.19319864 0.018339688 0.02391995 0.0007750121 7.147815e-05 0.013885338 0.028067272 0.0036413711 0.008998244 0.00023001214 8.731087e-06 0.00018096369 0.10833109 1.2230836e-07 4.305727e-05 0.010054052 0.005451123 0.00019349635 0.00069840543 8.749087e-05 0.0008579113 2.5051642e-07 2.2325804e-07 6.392758e-05 4.0832237e-08 6.792201e-08 6.323593e-08 0.0056328396 1.9073174e-09 0.0024042286 3.1038762e-05 1.8085473e-05 1.8407876e-05 1.3603226e-08 2.2056074e-06 4.368651e-05 2.1029782e-08 9.164865e-07 1.700979e-06 1.8788814e-05 0.0025386026 5.0647595e-06 0.00036605608 1.2467841e-06 0.004217742 1.7679518e-05 8.550303e-09 1.1596921e-07 7.1775254e-08
0.96980643 0.0025354947 0.00019034556 3.853766e-05 5.996447e-06 4.2544048e-06 0.027231077 0.0009060839 5.559426e-06 0.00014683284 0.00012910488 0.33160806 4.1916852e-07 0.012334581 0.5377961 2.6415686e-05 0.16563788 0.0045802766 1.5654521e-05 8.739635e-06 1.10692476e-07 0.98882407 0.63160884 0.8353848 9.554106e-12 6.5795493e-06 0.00011687314 1.6628166e-05 0.551827 5.307242e-07 0.53332484 0.00031274758 0.15242529 7.0620814e-07 0.33947662 0.022378385 0.118412875 0.48271072 7.1270236e-08 0.4493702 0.22308081 0.012827414 0.97477853 0.08223697 0.0026141095 0.06108268 1.7978355e-05 0.03677451 0.07225656 0.0027074593 0.0023316098 0.0010006877 0.05041758 0.009032558 0.5853227 0.021322286 0.00884665 0.004520045 0.4500203 0.08501802 0.0952874 0.00072976475 0.00027410855 0.009258106 0.019079978 1.8908214e-06 0.00026915674 0.0012285145 0.017348986 0.0006285826 6.077772e-05 0.00012283152 0.018376408 8.655586e-06 5.137105e-06 0.00019494051 3.827869e-07 1.9035389e-06 8.403683e-07 0.09753697 4.9517364e-09 0.04334705 0.0001127531 0.00014797713 8.685473e-05 1.6371085e-07 3.017543e-05 6.994332e-05 3.5936565e-09 1.9318418e-06 1.7534951e-06 4.208926e-05 0.021332365 2.2608523e-05 0.0010792061 9.282706e-06 0.04268846 6.989488e-06 1.1320783e-07 9.197826e-08 2.1913172e-06
0.8297037 0.25976515 0.0235508 0.010411437 0.29353622 0.00095049053 0.007635112 0.027458206 0.002995964 0.008589395 0.5172899 0.0006075979 0.0025189996 0.010105657 0.0037861392 0.8983003 0.0055390224 0.1900744 0.002674984 0.971938 0.00016216515 5.0155757e-07 3.9166775e-06 2.3769049e-07 6.5795493e-06 6.806254e-17 0.45384985 0.98523754 9.632935e-08 0.4271461 6.381534e-08 0.0862079 5.5281955e-08 0.0018592044 0.0009031485 6.9243824e-06 8.082412e-07 1.5902486e-07 0.9709667 1.817371e-08 1.7793064e-07 2.9708042e-06 1.34639595e-05 3.0143887e-08 0.00039825685 3.234245e-08 0.07076953 3.1699272e-09 1.0150814e-06 1.704419e-05 5.506354e-10 9.1273205e-06 5.2064175e-09 2.027091e-08 1.39455e-06 0.0031407827 0.007463244 2.8146525e-09 6.8503556e-05 0.00019444623 1.604919e-05 2.2272106e-09 0.0015348297 0.002626294 1.7091003e-07 0.47566518 2.8334096e-06 4.3697106e-08 2.0641155e-06 2.6788753e-08 9.134254e-09 2.572997e-09 0.0005624825 0.010553577 0.17948876 3.0070154e-08 0.049550593 1.2243826e-05 0.0044515235 0.0001712642 0.108136065 0.0010568335 1.6439407e-09 3.954412e-08 6.1175265e-10 1.3857034e-08 3.2828625e-06 1.9657654e-07 0.0001649542 0.00097247557 3.159696e-07 1.5858436e-08 0.00024832226 7.4558653e-07 5.6050897e-07 0.0073914835 0.00018006934 1.3311534e-06 1.9450555e-08 1.1053466e-07 1.1705685e-08
0.7571788 0.59966636 0.0038409445 0.00043323167 0.036098022 7.1504164e-06 0.307372 0.0024620215 4.5483608e-05 0.0018324662 0.5212508 0.009667541 8.9600006e-05 0.64598817 0.031058965 0.81543267 0.026678622 0.96361136 8.486897e-05 0.2367759 1.4237688e-06 3.7439142e-05 0.0006850718 1.870657e-05 0.00011687314 0.45384985 1.7999184e-16 0.99599063 1.6014958e-05 0.00047440798 9.645654e-07 0.96288043 1.1249157e-06 4.0777836e-06 0.007139198 0.00060331356 1.3180167e-05 2.4858266e-06 0.4608468 1.2879207e-07 5.2264222e-05 0.00047175805 0.0013856752 2.4398383e-07 0.2059282 2.999632e-06 0.6909865 6.7262937e-07 1.7248607e-05 0.00050388 1.3094856e-07 0.0025079362 9.238191e-07 6.335739e-06 0.0001469948 0.0018440734 0.0016795293 5.463871e-07 0.0005433368 0.0006540998 9.4162206e-05 1.2306714e-07 0.062161636 0.0006634035 8.607981e-06 0.113264225 0.00012462861 3.5038493e-06 3.613459e-05 1.9507151e-07 1.8191126e-07 9.2508024e-08 0.00083821884 0.06868944 0.13563555 3.3529642e-07 0.022775527 0.0002054841 0.0033367348 0.00041823302 6.9846734e-05 0.0015025805 6.31077e-09 9.997485e-08 2.8257927e-09 9.2828465e-08 0.00013304593 6.881509e-07 3.068584e-05 0.0014729103 6.3558946e-07 3.520563e-08 0.0006381392 4.8082205e-07 4.5807607e-07 0.004028351 0.00036022093 2.0753762e-06 5.9856275e-09 7.543332e-08 6.1863594e-09
0.49299693 0.24297242 0.004384976 0.000548652 0.050416764 2.6295742e-05 0.019995632 0.003808576 9.889152e-05 0.0012479791 0.38778037 0.0010612684 6.9044254e-05 0.08527008 0.006705632 0.7714083 0.0055364114 0.75346905 0.00011940853 0.69444215 3.96707e-06 2.6109788e-06 5.8156344e-05 1.1432594e-06 1.6628166e-05 0.98523754 0.99599063 6.433547e-16 6.807437e-07 0.024473619 2.1072756e-07 0.9125366 1.5195067e-07 4.5608187e-05 0.0014036277 6.0763985e-05 9.692603e-06 2.5896534e-07 0.9199619 2.5299343e-07 4.0821997e-06 0.00016524878 6.31372e-05 1.0536835e-07 0.022056222 7.790487e-07 0.61287224 3.4025565e-08 2.6806467e-06 6.428774e-05 7.201042e-08 0.0005198039 1.7328686e-07 8.7433403e-07 7.1840864e-06 0.00071445195 0.00026806927 8.189677e-08 0.00021127319 0.0001248813 6.686503e-06 5.802933e-08 0.0125083765 8.6112195e-05 1.2898796e-06 0.33656925 3.3826993e-05 2.2863269e-07 1.2624635e-05 1.1690106e-07 1.0858703e-08 7.879557e-08 0.00016181354 0.059655752 0.18611586 1.82933e-07 0.10144001 2.3265098e-05 0.007350677 9.0958674e-05 0.0036082198 0.00019553055 2.7350675e-09 1.9435343e-07 7.231835e-11 5.229667e-09 5.5328583e-06 9.652633e-08 9.4429204e-05 0.001436298 7.057668e-08 1.0889338e-08 7.446287e-05 5.9105356e-09 1.7184391e-07 0.0049788845 2.779594e-05 3.304793e-07 2.5641882e-09 8.901853e-09 1.9094906e-09
0.9097167 1.3999207e-05 6.981127e-06 2.2852075e-06 2.1792638e-07 2.97786e-07 0.003061247 1.1376413e-05 8.037025e-07 8.794734e-06 6.7476043e-07 0.18228899 1.247869e-08 0.007958949 0.021243514 4.93057e-07 0.0028510077 0.000106722364 9.669319e-06 5.067927e-07 7.4323876e-09 0.5374153 0.7886491 0.95009595 0.551827 9.632935e-08 1.6014958e-05 6.807437e-07 4.8523224e-13 7.305571e-07 0.9506528 9.507313e-05 0.9914172 2.8936464e-07 0.002774275 0.034657348 0.37115717 0.2993621 1.0432984e-07 0.14643662 0.9069066 0.015297473 0.0744389 0.68181026 0.0005207769 0.60905254 6.6480857e-06 0.10060396 0.009919837 0.007313114 0.0012729702 0.0014459239 0.66534585 0.07355479 0.008257903 0.00044776025 7.685992e-05 0.04766618 0.0088522285 0.0009274251 0.0035544108 5.362592e-05 3.6400637e-05 0.0001732212 0.39717987 1.4339719e-07 0.00013794433 0.07807162 0.00333274 1.621363e-05 0.004175794 9.605365e-05 0.0005004763 3.7470197e-06 1.3725361e-07 9.584287e-06 2.7238826e-07 1.2099364e-06 6.534055e-07 0.00337973 6.650469e-08 0.0017258242 2.1969785e-05 8.701221e-06 1.5592539e-05 1.14696306e-07 1.9183433e-05 0.00042476732 1.18620754e-07 2.6100044e-05 1.4311931e-05 3.994729e-05 0.0010487923 4.6963255e-06 0.00085907994 4.1947624e-06 0.0019007236 0.00026643963 3.7041286e-08 1.206207e-06 7.768189e-08
0.39603588 0.00461466 0.10606895 0.08902479 0.71322465 0.02977525 0.00022180719 0.015389719 0.09803419 0.03467204 0.022505332 1.1343057e-05 0.020499686 0.0002846627 9.197419e-05 0.16426457 0.000108321765 0.0009174848 0.017864812 0.84293294 0.17837131 2.8647482e-06 2.0349787e-06 5.3676445e-08 5.307242e-07 0.4271461 0.00047440798 0.024473619 7.305571e-07 5.404297e-16 6.40689e-08 0.00017991502 1.5435165e-07 0.9974613 0.000115173956 5.1525086e-07 3.0784912e-07 9.657858e-09 0.5864097 1.4362794e-07 2.2930129e-07 1.8656132e-05 2.0978325e-06 1.1638025e-07 0.00028307497 3.4366604e-07 0.0018745636 1.2879643e-08 1.0158952e-07 1.4728822e-06 2.9867692e-08 5.4270026e-06 2.8398155e-08 1.3938711e-07 2.9176892e-06 0.0010279086 0.0016331308 4.3276868e-10 0.00017975278 1.9959718e-05 8.844771e-06 1.0214462e-07 1.0162499e-05 0.00019609244 6.877383e-07 0.80990833 5.0711e-08 6.6179577e-09 2.2440092e-05 1.1072716e-06 1.5124694e-08 5.029554e-08 0.00016508767 0.0025360922 0.084438816 4.2132226e-07 0.34662208 2.836746e-06 0.019218028 4.6954545e-05 0.9826175 0.000116204195 2.4590621e-08 9.2915315e-07 7.041458e-10 9.707765e-08 3.816234e-07 1.8056165e-08 0.002558928 7.867142e-05 1.2555972e-08 1.9232111e-06 0.00011387557 4.3358358e-07 2.4914713e-09 0.0022625457 4.272191e-05 3.7021206e-07 5.912309e-08 5.8176614e-08 1.1001681e-07
0.9177923 4.028935e-06 4.2542976e-07 3.0883243e-07 1.0689444e-07 2.6349298e-08 0.00012339486 9.168454e-06 6.1227276e-08 2.742097e-06 5.724922e-08 0.016287223 1.178894e-09 0.00030197986 0.012030926 1.2416764e-07 0.00093199615 1.9568566e-05 2.8133124e-06 1.0213099e-07 1.0908625e-09 0.33965197 0.09253718 0.97919554 0.53332484 6.381534e-08 9.645654e-07 2.1072756e-07 0.9506528 6.40689e-08 5.0873243e-13 1.7133606e-06 0.96079034 3.1330896e-07 0.0054298323 0.0026533722 0.05573509 0.9412478 1.4661762e-08 0.6923165 0.49688298 0.0006474492 0.09852753 0.67913884 6.7903464e-05 0.43590787 1.4829773e-07 0.9191898 0.2275091 0.00031432096 0.05168413 7.3727555e-05 0.44146243 0.0056574675 0.04874239 0.0006477819 3.5369674e-05 0.008007078 0.022478046 0.0029372547 0.029959543 0.001507838 2.009819e-06 8.646086e-05 0.56504285 1.2277353e-08 8.617952e-06 0.021879748 0.024912141 0.00040427528 0.010399386 0.00030386657 0.00079718576 1.7974547e-07 1.4096724e-07 0.00025445095 1.4159984e-07 5.7669487e-09 1.002938e-07 0.0077289967 9.489774e-09 0.0040998273 0.0009333126 8.983624e-05 0.00022814906 5.497191e-07 1.7728657e-06 7.376786e-05 7.661285e-09 1.0148897e-06 4.6824443e-06 0.00032080387 0.00281173 4.419321e-05 0.00016307006 2.9203843e-06 0.009185661 0.0005080979 6.1673336e-07 8.999338e-06 2.7095073e-06
