1.1260637e-16 0.7415235 0.9117331 0.35851544 0.20386738 0.39387923 0.95135736 0.875776 0.7618688 0.94252396 0.996087 0.091310725 0.50428337 0.746819 0.058552608 0.93443304 0.00011664355 0.010717701 0.30725375 0.782451 0.98383635 0.96086514 0.9688913 0.915675 8.736151e-06 0.9382449 0.11690914 0.96548235 0.00037837212 0.95262516 0.750968 0.7372272 0.15310594 0.96731853 0.991055 0.7749796 0.8976419 0.85098004 0.82825416 0.5074617 0.9546148 0.86788553 0.88426507 0.95900214 0.55323964 0.88250554 0.012054395 0.94928735 0.77297723 0.7512001 0.74104774 0.49603608 0.9252987 0.0024187472 0.9417656 0.8338198 0.79511845 0.89878774 0.6937803 0.48827618 0.6893455 0.91495776 0.8561936 0.9353152 0.8992519 0.7487763 0.9050963 0.79920906 0.94861037 3.9546896e-05 0.99746907 0.64370966 0.98540425 0.8812485 0.98699516 0.9723646 0.9943842 0.03665621 0.21769218 4.218064e-05 0.9585276 0.93192834 0.9777361 0.79161495 0.010730874 0.99907416 0.54879314 0.0009674149 0.26324952 0.8819807 0.90817124 0.0009338249 0.7053551 0.9621554 0.9999975 0.95830506 0.26751614 0.97374976 0.5639157 0.22880344 0.83898187
0.7415235 6.455451e-16 0.9729459 0.99098295 0.8123767 0.48417515 0.9303135 0.18592325 0.6197765 0.027063163 0.010809815 0.00509998 0.49126518 0.0035701147 0.262629 0.84904283 0.0024452172 0.07916373 0.0044640014 0.052191455 0.09106229 0.00043530742 0.24664168 0.00015055762 0.00016715587 0.33356464 0.00031739406 0.07647226 8.363678e-06 1.7037333e-05 0.00016199527 1.4934731e-05 6.330702e-06 0.019139426 0.00018085308 1.4013205e-05 0.035763882 4.1469778e-07 0.0006024003 2.2405866e-06 2.8391293e-07 0.000661612 0.008044537 1.5281332e-05 2.1226997e-05 1.0064257e-05 1.8936129e-08 0.0006817001 6.2458844e-07 8.274185e-05 3.7213047e-06 7.0281146e-08 4.781172e-06 4.3400996e-06 0.044822197 1.3827055e-06 3.4948187e-08 7.4240543e-06 1.4736597e-07 2.3802396e-07 5.6578125e-07 3.277785e-06 1.0137878e-06 2.704619e-07 4.345245e-07 2.8574739e-08 0.0023157608 0.00018740077 2.0298856e-07 1.8167063e-07 0.00016789223 5.6334244e-08 1.1562686e-05 4.031695e-06 3.3970096e-06 3.784583e-07 0.0011350655 1.1526644e-08 8.878322e-08 1.3016144e-07 3.2346844e-07 3.3374027e-07 0.0013345659 2.0431428e-07 5.0730353e-08 0.0011029544 1.866091e-06 6.309999e-09 8.422646e-06 4.1666103e-06 1.2818357e-07 1.9256758e-08 1.331667e-05 7.087531e-07 8.309925e-06 9.922806e-08 8.6471243e-07 6.9802844e-09 1.3061002e-06 4.302441e-06 3.9547115e-07
0.9117331 0.9729459 2.943913e-13 0.5238767 0.71391225 0.9365502 0.9618799 0.006803898 0.16758662 0.004520457 0.8105957 0.0010392034 0.42885318 0.0028377257 0.027926909 0.462052 8.8283516e-05 0.009820803 0.0009143969 0.37594637 0.002083991 0.00020672752 0.19636393 7.7153156e-05 3.5314635e-05 0.9098216 3.3969074e-05 0.49507868 2.1880553e-06 3.2688633e-06 3.4090288e-05 4.5209154e-06 4.890476e-06 0.13670781 6.2054432e-06 5.7150646e-06 0.41597274 2.2550617e-07 0.0005959658 1.2349145e-07 2.9024669e-08 0.00012638122 0.07467266 4.830074e-07 2.1579373e-05 3.0047252e-06 8.424172e-08 0.0012882821 2.1892606e-07 7.774597e-05 1.5771586e-07 1.6730212e-06 1.6459755e-07 3.1910643e-06 0.40543488 9.698418e-08 3.995555e-09 9.878482e-07 7.342604e-09 4.360347e-07 2.0927938e-07 3.0642352e-07 5.917882e-08 2.5327504e-08 5.1006186e-08 3.4514143e-09 0.018634437 0.0006990564 2.2072562e-07 5.1097936e-07 0.0004125291 3.653062e-09 2.1515549e-05 3.5161913e-06 3.1238628e-06 1.6988949e-07 0.011182082 1.6294109e-07 5.2362868e-08 3.065878e-07 4.486563e-08 3.5713146e-08 0.009661706 1.1620617e-08 6.7764276e-08 0.010985234 2.5093246e-07 4.176062e-08 3.069699e-07 1.5884464e-07 2.0947395e-08 4.6736414e-08 9.808204e-06 2.2670811e-07 5.6646906e-05 1.3311522e-08 2.6404024e-07 1.8038807e-07 7.970234e-08 1.8116094e-07 3.0046636e-09
0.35851544 0.99098295 0.5238767 5.0028146e-15 0.9931114 0.47387716 0.43071467 0.08245892 0.6834781 0.027606534 0.018296435 0.023008017 0.90849257 0.004656343 0.6322919 0.087613106 0.0053652884 0.10171746 0.015832223 0.025101904 0.01011217 7.32007e-05 0.010439247 0.00029790946 0.0017477411 0.046968434 0.0010161086 0.011158033 4.223423e-06 3.8298887e-05 0.00017999586 2.2012167e-05 0.00014897424 0.005407825 4.8039947e-05 4.285498e-05 0.009425171 1.3682541e-06 7.600404e-05 8.665976e-06 1.1517229e-06 6.847076e-05 0.0017572393 1.3378663e-05 9.915371e-06 5.299474e-07 2.0819168e-07 0.00012775516 1.1920372e-06 2.1480042e-05 3.5488627e-06 8.9457025e-08 5.2267783e-06 6.2463946e-06 0.023952791 1.644224e-06 1.5603027e-07 3.0922365e-06 5.2979425e-07 3.5811416e-07 1.8585187e-07 1.1946844e-06 5.922289e-07 4.4604644e-07 4.7334686e-07 3.8878138e-08 0.0005080802 5.1195988e-05 6.6855273e-06 1.8707059e-08 0.00017895519 2.5477993e-08 4.539947e-06 1.0235141e-06 3.973215e-06 8.472367e-08 0.0004960817 1.48100225e-08 1.5279851e-06 2.6581515e-07 2.7498947e-07 2.6411703e-07 0.0013444707 1.0343519e-08 3.1062029e-09 0.0028222085 2.070489e-08 3.245909e-10 1.4738201e-07 6.622814e-07 6.7512055e-08 3.4511312e-09 6.2673234e-07 4.0408404e-06 7.609637e-05 2.7566136e-09 9.447207e-09 9.4959894e-08 1.9548709e-06 1.9241422e-07 1.6492312e-07
0.20386738 0.8123767 0.71391225 0.9931114 4.6784876e-18 0.99537724 0.17836723 0.0020863346 0.11653671 0.0006629481 0.15734127 0.00077239994 0.26034307 0.00055673 0.010125521 0.01830916 5.8102847e-05 0.006717457 0.00041894993 0.036137387 0.00024364729 4.605866e-05 0.004038416 1.2154188e-05 5.63805e-05 0.021093568 6.74904e-05 0.004883101 1.4752924e-07 1.5827607e-05 6.334017e-06 4.9057885e-06 2.376335e-06 0.001675303 1.8137427e-05 4.609203e-06 0.0023561488 2.3209175e-08 3.9944203e-05 5.0747695e-07 5.8015164e-08 7.448201e-06 0.00036583986 1.4766895e-06 2.8624092e-07 2.2806896e-08 7.715366e-09 5.972117e-06 2.333527e-09 6.192192e-07 5.8738568e-08 5.506423e-08 9.2784745e-08 3.1862305e-07 0.008557353 9.021232e-08 5.165891e-09 6.896742e-08 3.6815187e-08 1.6053138e-09 6.026102e-08 2.647196e-08 2.4809404e-08 4.094764e-09 5.1948814e-09 2.048255e-10 0.00020290584 1.210181e-06 1.4135549e-07 3.1509269e-09 1.8800903e-06 7.2895e-11 9.948238e-08 4.0692116e-09 9.976513e-08 2.1620312e-10 5.6830067e-05 1.4049957e-08 1.8233472e-07 5.7202286e-08 6.999242e-09 7.032849e-08 0.0007283179 2.8686095e-11 6.41537e-10 0.0007369083 1.5659986e-09 4.0537528e-11 3.142376e-08 4.6780922e-08 8.721804e-09 4.26269e-10 1.2937151e-09 9.65539e-09 1.2361559e-06 3.564123e-11 1.9290385e-09 1.1812084e-08 8.31706e-08 5.398917e-09 1.0998796e-09
0.39387923 0.48417515 0.9365502 0.47387716 0.99537724 1.1991779e-16 0.2676615 0.001237791 0.19834408 0.0001704074 0.97314435 0.00014240094 0.63526845 7.12876e-05 0.014365427 0.0092949495 0.00015950217 0.039778586 0.0005142296 0.6804425 7.563665e-05 9.596757e-07 0.008141313 2.015358e-06 0.0006892189 0.09258248 5.4286e-05 0.02407411 1.260987e-07 9.719146e-07 4.1399474e-07 1.9823264e-07 7.405975e-07 0.0019774183 2.483264e-07 1.1602281e-06 0.023477348 1.552766e-09 3.2628989e-06 1.3015964e-08 9.427083e-09 3.473371e-06 0.0023095522 2.4008327e-07 1.345503e-08 5.7018275e-09 7.322911e-09 1.7198385e-06 8.270906e-10 2.006692e-07 9.407254e-09 1.4996656e-09 2.6205303e-08 5.3101337e-07 0.059727475 1.1214685e-08 1.336759e-09 8.80506e-09 1.2776878e-08 1.3430401e-10 5.6581353e-09 4.0924295e-09 7.581032e-09 5.271908e-10 2.1886436e-10 6.3497624e-11 0.0024461502 1.0087742e-07 1.2369894e-08 1.3021967e-09 1.1980833e-06 2.0840997e-11 1.3210719e-09 8.6434504e-10 8.857767e-09 3.8724973e-10 0.000766483 2.727013e-10 2.794994e-08 8.683625e-09 4.947309e-09 2.2953472e-09 0.008675953 1.9004884e-11 3.529549e-10 0.02047615 3.3433228e-10 7.218647e-11 2.4939721e-09 7.2815736e-09 7.4315476e-10 4.606342e-10 8.0737494e-10 7.819859e-09 1.2756936e-06 1.9949074e-11 2.1028679e-10 5.547342e-09 3.0214807e-08 4.3561696e-09 8.887813e-11
0.95135736 0.9303135 0.9618799 0.43071467 0.17836723 0.2676615 5.2394607e-13 0.25492778 0.813403 0.13343656 0.017002787 0.021665279 0.3081918 0.0810587 0.4871087 0.7018993 0.0003533274 0.0152634485 0.0030050478 0.029220708 0.030571945 0.0019766972 0.6243133 0.004176943 9.275316e-06 0.96143615 0.00023632363 0.79496837 2.366942e-06 1.0396613e-05 5.612755e-05 7.734577e-06 4.849441e-05 0.7334175 6.863182e-06 9.758856e-06 0.69248164 3.4207523e-07 0.00047870577 2.8713495e-07 1.3643131e-07 0.0005944451 0.18540955 2.0177589e-07 3.1275966e-05 4.7849803e-06 1.8903137e-07 0.0046847 3.7115595e-07 0.00017595573 8.681328e-08 7.765176e-06 3.963632e-08 3.2504538e-06 0.23629057 6.2913635e-08 2.09265e-09 6.131554e-07 6.599441e-09 6.819617e-08 6.4394904e-08 5.595022e-07 2.4978393e-08 2.2134188e-08 6.686822e-08 1.5385094e-09 0.048010435 0.00079017755 1.3066465e-07 2.8846048e-06 0.0018024374 2.1722837e-09 2.3830651e-05 4.499401e-06 5.7829016e-06 1.4929716e-07 0.023218537 1.4342754e-07 2.6206794e-07 5.5431784e-08 1.1395752e-07 2.137016e-08 0.008781816 5.3868106e-09 2.4043212e-08 0.014736072 5.092703e-07 6.263693e-08 1.8729285e-06 6.9431513e-07 9.788622e-07 8.587997e-08 1.3322591e-05 1.5514895e-06 4.5861725e-05 1.7322738e-07 7.4360005e-06 8.265837e-06 8.109876e-07 2.5896672e-06 2.596812e-06
0.875776 0.18592325 0.006803898 0.08245892 0.0020863346 0.001237791 0.25492778 2.3414303e-14 0.8701876 0.9835873 1.8352224e-05 0.6677379 0.0051394184 0.98961645 0.8506061 0.9203184 0.0019328572 0.003342222 0.3420931 4.318351e-05 0.60031986 0.61430675 0.42654648 0.674706 1.0656568e-05 0.15184742 0.10536589 0.0864158 0.0012988203 0.00059340126 0.0005685915 7.710021e-05 0.009634691 0.1449014 0.0016441011 0.0015057004 0.025284577 1.5153969e-05 0.008227207 6.03901e-05 2.0260766e-06 0.002287577 0.006201474 2.6547668e-05 0.000117004405 0.00013100561 6.6309763e-06 0.0057020052 2.0102502e-06 0.00073135673 3.4268014e-06 3.73533e-05 1.4272831e-06 7.22983e-05 0.005240607 1.4084354e-06 1.2142769e-08 1.7261542e-05 6.977852e-08 3.965931e-06 1.0306939e-06 9.0076755e-06 1.9008041e-07 3.0726483e-07 1.5340972e-06 1.2046756e-08 0.0008213636 0.00025985413 1.2213452e-06 2.1406198e-05 0.00018268902 4.7553397e-09 5.8561734e-05 8.344947e-06 1.1956242e-05 4.410054e-07 0.0015366826 7.4302333e-09 1.2602771e-06 2.5371028e-07 4.760041e-07 2.8445534e-08 0.0012011391 8.2760705e-09 1.79207e-07 0.0012921605 4.110683e-08 9.358326e-09 7.2685094e-07 5.032906e-07 4.3046427e-07 6.4577186e-08 1.7789341e-06 3.5394743e-07 0.0001570109 4.0832237e-08 1.0040424e-07 1.3581267e-08 1.0121098e-06 5.8710924e-07 4.4245526e-06
0.7618688 0.6197765 0.16758662 0.6834781 0.11653671 0.19834408 0.813403 0.8701876 9.126629e-16 0.4355224 0.012394885 0.9927338 0.07191454 0.70521307 0.9805798 0.87902087 0.007435487 0.037806552 0.24909839 0.002859029 0.14598173 0.059885904 0.4102168 0.12211707 0.0008645719 0.23418342 0.031778038 0.10883664 0.00014341682 0.00011626384 0.0001102878 5.593286e-06 0.002378911 0.08932889 6.483003e-05 5.6151343e-06 0.029552273 1.5609606e-07 0.0010779214 1.858277e-06 3.688947e-07 0.00032984532 0.0059584132 6.008204e-06 5.1840685e-05 3.402711e-05 1.4032871e-06 0.0010604236 4.691763e-08 0.0001244228 8.5361954e-08 4.4096083e-07 3.976492e-07 0.00020834831 0.028581543 5.82299e-08 3.7654733e-09 9.607801e-07 2.0358935e-09 1.2928795e-08 7.0463657e-09 2.4254174e-07 5.8408986e-08 1.723431e-08 6.368159e-08 1.0099128e-09 0.0013588958 0.00022878134 6.314614e-08 4.887965e-07 9.2101545e-05 5.9513554e-11 1.9067393e-05 2.3239097e-06 1.9049899e-06 2.1253815e-07 0.0033094531 2.0118869e-09 1.1809747e-07 1.4940241e-07 2.3903465e-07 1.8091215e-09 0.004312695 4.655551e-09 2.5178755e-07 0.005961938 1.1943705e-07 3.8641543e-09 2.7789085e-06 2.309942e-07 8.409146e-08 8.762255e-09 7.760404e-07 1.494332e-07 5.5946544e-05 1.6984688e-09 4.0837667e-09 4.551046e-09 7.0705255e-07 2.7142517e-07 1.25058515e-08
0.94252396 0.027063163 0.004520457 0.027606534 0.0006629481 0.0001704074 0.13343656 0.9835873 0.4355224 2.287672e-13 1.6009491e-05 0.30783558 0.003920998 0.9118868 0.118194506 0.9306888 0.00026782296 0.0016391866 0.22363803 5.5293745e-05 0.9421822 0.9219574 0.4916274 0.8656182 2.6175983e-06 0.16073772 0.10580907 0.11752665 0.003827521 0.0062982286 0.008401552 0.00084914954 0.14150928 0.25078124 0.028911972 0.023886004 0.05543614 0.00014931476 0.046942305 0.0013650304 2.5663097e-05 0.020314535 0.010363008 0.00034981137 0.0009318997 0.0010379653 0.00016756624 0.025584461 8.802533e-05 0.0026148465 7.4283496e-05 0.0002197782 5.2763175e-05 0.0005565421 0.010329336 4.3808814e-06 2.7424568e-07 0.00019445403 7.969052e-07 6.912721e-05 5.412259e-07 4.0742056e-05 2.1469073e-06 4.8693846e-06 1.373788e-05 9.107816e-08 0.002451912 0.0014950947 1.6092887e-05 0.00012263957 0.0012008047 5.017989e-08 0.0004129536 0.00026289263 0.00015546652 2.9146402e-05 0.0037840167 4.081505e-07 2.2128656e-06 1.8751258e-05 7.3756005e-06 4.68201e-08 0.0015218592 1.4244494e-06 9.9383755e-08 0.0009993596 1.323591e-06 3.9154543e-07 2.498983e-06 1.0067853e-06 6.0625907e-06 2.0643693e-06 3.549829e-05 1.4639498e-05 0.00052213756 9.649402e-06 1.6840175e-05 3.851082e-08 1.0494696e-05 2.2262468e-05 4.3228756e-05
0.996087 0.010809815 0.8105957 0.018296435 0.15734127 0.97314435 0.017002787 1.8352224e-05 0.012394885 1.6009491e-05 6.474165e-17 1.9078161e-05 0.1626944 3.7389866e-05 0.0006698068 0.00039122446 1.48261115e-05 0.0026379826 0.00020751487 0.9797823 1.3588024e-05 3.3233485e-07 0.0006520156 1.8757893e-07 0.00021346437 0.07468911 2.2286122e-06 0.092303544 1.1094669e-08 9.602593e-08 1.3316213e-07 2.2124773e-08 1.03453196e-07 0.009542175 1.627686e-08 5.469606e-07 0.17447965 5.426065e-10 9.45669e-07 4.0096944e-09 3.9253786e-10 1.1778361e-06 0.04231284 1.0109039e-08 1.16974554e-07 5.1240474e-09 7.7064986e-09 2.0578295e-06 5.7554955e-10 1.9404469e-07 6.087453e-09 1.8335218e-07 1.6066707e-09 1.18477644e-07 0.8700923 5.189514e-09 2.2718781e-10 2.8802902e-09 4.0477306e-09 2.5244788e-08 2.2037593e-08 8.533262e-09 1.9826571e-09 2.0748487e-09 1.5784584e-09 3.1802025e-10 0.037169576 4.3554758e-07 4.450349e-08 4.799271e-08 1.9074942e-07 3.0259817e-10 7.0036055e-10 1.1621455e-09 7.4385853e-09 4.1129242e-09 0.028278444 7.448136e-10 5.3699793e-08 9.368041e-09 1.4793929e-08 2.051787e-09 0.089549296 4.849378e-10 1.4787095e-09 0.28277948 3.287333e-08 1.1110526e-09 1.7950128e-08 2.7577403e-08 6.174195e-09 6.199459e-09 4.2278593e-08 3.5994325e-09 5.3826204e-07 1.4697417e-10 9.5054435e-09 3.606463e-09 1.6172349e-09 1.4892537e-08 1.1828034e-10
0.091310725 0.00509998 0.0010392034 0.023008017 0.00077239994 0.00014240094 0.021665279 0.6677379 0.9927338 0.30783558 1.9078161e-05 1.2640563e-14 0.032544143 0.96315986 0.8959671 0.23735778 0.0213773 0.037950307 0.98924744 7.410632e-05 0.028687252 0.01711003 0.028103812 0.43155053 0.00067653705 0.009125353 0.061384283 0.000986708 0.0031843474 2.125856e-05 8.475904e-05 6.4149303e-06 0.06133078 0.0022999735 0.000108591616 0.00017639359 0.00019278002 1.9282343e-06 4.2082796e-05 1.2511406e-05 7.48464e-07 3.3028995e-05 3.3216438e-05 1.3699339e-05 1.2973155e-05 1.2369424e-06 4.2683834e-05 8.584595e-05 4.311874e-07 5.107054e-06 5.697262e-07 1.849521e-05 7.5462467e-06 0.0011797248 6.952741e-05 1.251985e-06 3.1829185e-08 1.4544833e-06 2.8445848e-07 9.678383e-07 1.4224912e-07 3.0046365e-06 3.3869568e-07 2.4043064e-07 1.0642831e-06 3.205705e-08 0.00023211834 2.3214277e-05 8.6316106e-07 5.5248865e-06 1.4919939e-05 1.8672506e-09 3.6419766e-05 1.3690881e-06 1.7340797e-06 7.175353e-07 0.00022167462 4.3386814e-09 7.454792e-07 3.4474451e-06 3.956959e-06 1.28912e-07 0.00014107437 1.812891e-08 1.1523672e-07 0.00017988191 4.4284523e-08 3.6857767e-08 9.1155886e-07 5.5805333e-07 1.3498504e-07 3.0245193e-08 4.906125e-06 6.685894e-07 6.9844806e-05 1.6367736e-08 5.637875e-08 4.9612968e-08 1.1501555e-06 1.13991106e-07 1.1730159e-06
0.50428337 0.49126518 0.42885318 0.90849257 0.26034307 0.63526845 0.3081918 0.0051394184 0.07191454 0.003920998 0.1626944 0.032544143 1.1184713e-12 0.016670736 0.67787564 0.016500125 0.00592917 0.98809123 0.026391044 0.9566005 0.00024046654 0.00015525256 0.011071993 4.3887238e-05 0.9902554 0.021953875 0.0003218163 0.010829988 7.445442e-05 2.5144368e-07 8.894145e-06 1.8363339e-07 0.00064004323 0.0020524694 4.6126024e-06 4.0526343e-06 0.0063786358 1.7118651e-07 1.8992423e-05 1.5907939e-06 3.943889e-08 3.283711e-06 0.00030480378 1.5995549e-06 1.1602302e-06 1.0914322e-06 6.0668244e-06 9.774895e-06 2.740415e-07 6.965901e-07 4.1828042e-07 1.2575943e-05 2.3159438e-07 0.00026982313 0.017432893 4.599909e-07 2.3779105e-08 3.8424187e-07 8.4894005e-08 2.7990365e-07 1.3525526e-07 1.1912342e-07 1.2671036e-07 1.02387474e-07 1.4604902e-07 1.7622156e-08 0.00022861733 2.2185868e-05 4.6526466e-06 2.9640278e-05 3.9528004e-05 1.1631927e-08 9.565882e-07 2.7084855e-07 1.8124503e-06 2.1340357e-07 0.00016364336 3.489918e-07 2.315924e-05 1.8034594e-05 6.5730933e-07 1.1810936e-06 0.00053671945 6.2291625e-09 1.3831012e-06 0.0013712482 3.3725637e-08 6.067704e-06 6.8811806e-07 1.1745182e-06 5.9225684e-08 8.297855e-08 9.433383e-08 3.1353372e-07 1.1027597e-05 1.2664004e-09 2.359679e-09 2.8508174e-07 2.6637417e-07 1.3479158e-07 3.1582554e-09
0.746819 0.0035701147 0.0028377257 0.004656343 0.00055673 7.12876e-05 0.0810587 0.98961645 0.70521307 0.9118868 3.7389866e-05 0.96315986 0.016670736 5.4743877e-16 0.28859493 0.6154572 0.014358832 0.017839367 0.9238588 0.000114846975 0.40935507 0.3844617 0.18484427 0.9222187 0.00017509768 0.04096312 0.2258314 0.009974402 0.2618866 0.0015389264 0.0025084412 0.00013752189 0.23229957 0.020586303 0.0065237572 0.0024304737 0.0046355627 3.821082e-05 0.005923078 0.00030294387 2.3424169e-05 0.0022120348 0.00041342393 0.00020960926 0.00017235083 0.0002739084 2.4106937e-05 0.003498264 1.775276e-05 0.00036201172 1.5094428e-05 6.4535045e-05 2.6296271e-05 0.0014123733 0.0009713197 1.4004749e-05 4.022111e-07 2.3606986e-05 1.1573438e-06 2.3891364e-05 2.0903735e-06 2.3796087e-05 4.420537e-06 2.5495908e-06 1.5204664e-05 1.3404658e-06 0.00022401445 0.00013745044 8.5877355e-06 1.1462556e-05 5.871412e-05 1.2569805e-07 8.964514e-05 2.3218487e-05 1.0403406e-05 1.7387321e-05 0.0009732159 1.519298e-07 3.4663722e-06 1.1369927e-05 1.9962781e-05 8.5040966e-07 0.00022911257 2.4302465e-06 1.2791138e-07 0.00050780864 4.6312806e-07 8.994086e-08 3.2225976e-06 3.7004568e-06 1.2944803e-07 1.1691678e-07 2.7078827e-06 3.4997186e-06 2.6958585e-05 1.0112786e-07 2.0860764e-07 6.7331865e-07 4.1779904e-06 8.2863767e-07 7.305505e-06
0.058552608 0.262629 0.027926909 0.6322919 0.010125521 0.014365427 0.4871087 0.8506061 0.9805798 0.118194506 0.0006698068 0.8959671 0.67787564 0.28859493 5.6127024e-16 0.5726029 0.99993443 0.20175461 0.8392849 0.00029124937 0.1939624 0.0013105472 0.08119189 0.10164939 0.0030948315 0.108273305 0.0344369 0.016708156 2.9570767e-05 9.513534e-05 0.0015381604 3.253672e-05 0.004766063 0.012209925 0.00064810005 0.00013278546 0.015652196 1.2586327e-08 0.001738598 1.6034343e-06 7.788392e-07 0.0026260235 0.0024337627 5.1094725e-05 6.10369e-05 2.822082e-05 1.2359996e-05 0.0029892072 3.8085594e-07 0.000121563855 8.786832e-07 6.215446e-08 2.191105e-05 0.0005648217 0.006745856 2.4975617e-07 9.191473e-09 1.1422247e-05 3.560641e-09 1.3770745e-08 7.567018e-09 1.4409839e-05 1.613921e-07 5.4743467e-08 6.6526616e-07 8.853961e-10 0.0022372252 0.0024014572 8.8084875e-07 2.2842794e-06 0.00056497136 1.0829804e-09 0.0003480019 8.03826e-05 6.7351386e-05 5.9732847e-06 0.0010741993 3.7639512e-07 2.6053176e-06 1.890167e-06 2.9415874e-05 8.2348083e-07 0.0027561646 5.119554e-07 2.3897468e-07 0.0044395807 5.83473e-08 3.0691734e-08 1.3271884e-06 1.0764168e-06 8.241525e-07 4.2538955e-09 0.00011487119 1.3129872e-05 3.203433e-05 3.8890726e-09 7.169052e-07 6.8678496e-08 3.5980445e-06 1.5403012e-08 1.1182672e-07
0.93443304 0.84904283 0.462052 0.087613106 0.01830916 0.0092949495 0.7018993 0.9203184 0.87902087 0.9306888 0.00039122446 0.23735778 0.016500125 0.6154572 0.5726029 6.009389e-12 0.0007442567 0.0037512232 0.069149636 0.0007228279 0.818236 0.22421554 0.98792154 0.34223276 6.112005e-06 0.5648302 0.0072025917 0.43170956 6.483566e-05 0.003721946 0.0015557479 0.0012966947 0.0055101872 0.77443177 0.0028394326 0.000980726 0.16137 0.0001329068 0.010866041 4.8984784e-05 2.7866408e-05 0.007371832 0.042097826 3.4997036e-05 0.00044983518 0.00010639523 3.4522457e-06 0.015951367 0.0001354053 0.0013451324 2.5508156e-05 0.00016608853 6.6908974e-06 7.090656e-05 0.051099166 1.1722259e-05 4.9437386e-07 5.9932707e-05 2.0736866e-06 1.3863374e-05 1.27245485e-05 1.8510596e-05 1.2117621e-06 2.7541503e-06 7.3027327e-06 3.3659785e-07 0.014869315 0.002166866 1.0603706e-06 3.82024e-05 0.0046322905 9.341922e-08 0.00034097407 9.653937e-05 0.00016336284 4.304226e-06 0.008630092 4.7647754e-06 4.840147e-06 1.5472283e-06 6.8524955e-06 1.5695556e-07 0.0018605363 1.1949134e-06 3.4003378e-08 0.0035197514 2.5477511e-06 2.1248748e-07 6.310533e-06 1.7061187e-05 3.8721396e-06 4.541146e-08 9.742406e-06 2.824885e-05 0.00030771454 1.4459666e-06 1.9436075e-06 3.0120214e-06 3.1414893e-06 2.6574e-06 8.6523505e-06
0.00011664355 0.0024452172 8.8283516e-05 0.0053652884 5.8102847e-05 0.00015950217 0.0003533274 0.0019328572 0.007435487 0.00026782296 1.48261115e-05 0.0213773 0.00592917 0.014358832 0.99993443 0.0007442567 2.940666e-15 0.9998249 0.092417836 2.3909404e-06 0.000128745 2.2377539e-05 0.00024284906 0.0006781823 0.004888098 5.8946003e-05 0.013552979 3.7277427e-05 2.5895524e-05 1.7228435e-07 3.7929499e-06 2.5556463e-07 0.0032831274 8.395952e-05 1.04116e-06 8.600514e-06 1.6661277e-05 1.0248316e-06 2.386341e-06 4.493796e-06 1.1012787e-07 2.868067e-06 2.135847e-06 1.6765957e-06 3.538676e-06 4.6712466e-07 3.7109545e-05 3.2151303e-05 1.6163692e-06 2.0353705e-06 2.5524591e-06 2.52577e-06 6.5117883e-06 0.0007745151 9.138276e-06 8.158115e-06 8.131526e-08 1.9708165e-07 4.9930827e-07 7.596592e-07 2.7535148e-06 4.729527e-06 2.9258845e-06 2.436044e-07 6.8232305e-07 1.596022e-07 4.7843328e-06 9.575261e-06 1.5627049e-05 5.9247604e-06 1.0370174e-05 3.288399e-08 1.1485437e-05 1.0396024e-06 1.2663962e-06 8.3897413e-07 4.1692338e-06 2.421022e-07 0.0001429167 9.108685e-06 1.5605937e-06 0.00011960091 3.3908225e-05 8.329553e-08 9.677128e-07 2.0803927e-05 6.713444e-07 4.0454887e-07 9.1805236e-07 9.448491e-06 7.368271e-07 6.4083686e-08 7.545314e-07 2.3393962e-07 9.408542e-06 5.449069e-10 9.574406e-09 2.66051e-07 2.0138634e-06 3.313514e-08 1.2362512e-08
0.010717701 0.07916373 0.009820803 0.10171746 0.006717457 0.039778586 0.0152634485 0.003342222 0.037806552 0.0016391866 0.0026379826 0.037950307 0.98809123 0.017839367 0.20175461 0.0037512232 0.9998249 1.7446005e-16 0.018752752 0.0013948001 0.00021603273 0.00016374172 0.0013065289 0.00032465786 0.9455888 0.0010722413 0.0016985146 0.00029654405 1.8266473e-05 6.2478745e-07 6.907103e-06 4.041012e-07 0.0003510847 0.00026890836 2.4039432e-06 2.7089752e-06 0.00019243763 5.115601e-09 6.1932906e-07 3.714752e-06 9.8486055e-09 1.6368613e-06 1.6138441e-05 7.866733e-08 1.7449064e-07 1.03976824e-07 1.7784624e-06 2.5506597e-05 1.445415e-08 2.9394053e-07 2.4614835e-08 1.8989289e-07 1.38404e-07 2.09544e-05 0.00016588243 2.3431363e-07 3.324965e-09 2.7695055e-08 6.581089e-09 8.149964e-10 8.641052e-08 2.5469575e-07 7.312671e-08 2.085972e-08 3.8533738e-08 5.830419e-10 7.298486e-06 1.0387421e-06 1.2749056e-06 7.043383e-07 1.2117269e-05 1.0165241e-09 1.547493e-07 2.3887976e-08 3.937915e-07 2.4282398e-08 1.7137749e-05 7.726813e-08 1.9981351e-05 4.284942e-07 2.1434857e-07 1.9724873e-06 0.0006215237 2.692406e-10 2.949676e-08 0.0003356961 2.7255478e-09 4.0427327e-08 7.103694e-08 4.0055934e-07 2.951021e-08 2.0989606e-10 5.3056354e-08 1.1226896e-06 2.848544e-06 1.5287772e-09 2.4006632e-09 6.0896946e-07 6.6459556e-08 6.3577312e-09 4.600997e-09
0.30725375 0.0044640014 0.0009143969 0.015832223 0.00041894993 0.0005142296 0.0030050478 0.3420931 0.24909839 0.22363803 0.00020751487 0.98924744 0.026391044 0.9238588 0.8392849 0.069149636 0.092417836 0.018752752 2.0754728e-10 0.00012485356 0.035430565 0.029979205 0.012465786 0.72247523 0.010543059 0.00092737697 0.99554515 0.000303252 0.12620303 0.00015181374 0.0003550384 1.8439487e-05 0.084444255 0.00052753114 4.8807313e-05 0.0010372687 9.322473e-05 2.3558373e-06 3.9667993e-05 0.00021109376 4.591426e-06 1.7155262e-05 7.202018e-06 9.08054e-06 2.1276592e-05 1.0939859e-05 6.26166e-05 0.00014144012 7.924041e-06 6.3842012e-06 1.382989e-06 1.109019e-05 9.97055e-06 0.0011913003 0.00068566756 3.4083556e-07 1.16578526e-07 2.632953e-06 2.5945467e-06 1.085326e-06 4.3686528e-06 3.7162931e-06 9.64674e-07 1.5808523e-07 4.5560625e-07 1.2604322e-08 3.357121e-05 5.6565877e-05 3.7846556e-05 3.522137e-05 0.00021693762 1.0271584e-08 4.575631e-05 1.7252695e-06 2.433498e-06 8.013583e-07 0.0012221364 2.079867e-07 1.5854559e-05 3.736851e-05 1.2703113e-05 3.090136e-05 0.00065657817 5.4941275e-08 2.374131e-06 0.00030013346 1.6095532e-06 9.663188e-06 1.7364637e-05 0.000101134276 6.297907e-06 8.178996e-07 1.6041439e-06 1.4293353e-05 0.00017735608 1.6005895e-06 2.9423444e-07 4.751394e-06 4.7913072e-05 5.5726114e-06 4.1810554e-06
0.782451 0.052191455 0.37594637 0.025101904 0.036137387 0.6804425 0.029220708 4.318351e-05 0.002859029 5.5293745e-05 0.9797823 7.410632e-05 0.9566005 0.000114846975 0.00029124937 0.0007228279 2.3909404e-06 0.0013948001 0.00012485356 2.9792823e-15 1.3988911e-06 3.640712e-07 0.0013672784 7.4099887e-07 0.99493253 0.006878928 1.1020478e-05 0.0052511576 1.2670891e-07 9.5005184e-08 8.3040663e-07 2.3399997e-08 6.2248137e-06 0.00071489427 3.2786794e-08 3.701941e-07 0.0022913944 9.315898e-10 1.3229342e-07 3.9661654e-08 4.18286e-09 1.6534707e-07 0.000982828 3.455447e-08 1.3624044e-07 3.1764294e-08 1.2661094e-07 5.1189687e-07 1.1849672e-09 4.6942407e-07 2.4142654e-08 1.2494307e-07 1.9862956e-08 4.6554496e-07 0.07145377 4.2596458e-08 1.8824342e-09 1.7787558e-08 7.1734156e-09 2.1656934e-09 2.5852018e-09 6.003616e-08 2.5779453e-08 3.0415546e-09 4.398927e-09 1.9659114e-09 0.0022697153 8.993735e-06 1.9415984e-07 9.881765e-08 1.1807107e-06 6.72148e-10 1.911114e-07 1.3615536e-07 6.6616e-07 1.2154749e-08 0.0026524703 2.2175513e-08 2.9927415e-07 1.7518678e-07 1.2687867e-07 1.4437309e-07 0.0181129 6.463503e-10 5.2007433e-08 0.036225844 5.267018e-08 2.9168628e-08 1.2985935e-08 1.5168087e-08 8.326452e-09 1.3048304e-08 2.4798985e-07 4.5257806e-08 3.2440512e-05 2.4471888e-10 8.05253e-09 1.5836823e-08 4.373886e-09 2.0192796e-09 2.1809511e-10
0.98383635 0.09106229 0.002083991 0.01011217 0.00024364729 7.563665e-05 0.030571945 0.60031986 0.14598173 0.9421822 1.3588024e-05 0.028687252 0.00024046654 0.40935507 0.1939624 0.818236 0.000128745 0.00021603273 0.035430565 1.3988911e-06 2.432401e-13 0.9908762 0.5183425 0.92424023 2.801862e-07 0.07904312 0.011764341 0.0744271 0.00058153714 0.18299563 0.0636804 0.062086005 0.04571137 0.59842503 0.04138194 0.056961194 0.054573327 0.016241798 0.5059807 0.0044638524 0.000497968 0.25455916 0.029800953 0.00019038658 0.007336002 0.015269475 0.0001168921 0.31313956 0.00086918543 0.026752045 2.0242138e-05 0.0030453282 3.1350533e-05 0.00017921001 0.016384372 7.1709437e-06 3.9349948e-07 0.00023163583 2.1820267e-06 9.92427e-05 2.51416e-06 5.2152587e-05 8.500553e-07 2.6741739e-06 2.7388109e-05 5.0144777e-08 0.009794866 0.011151465 1.11142135e-05 6.586697e-05 0.014550773 2.0643455e-08 0.003936099 0.001255498 0.0011844669 7.1731192e-06 0.015459902 8.725985e-06 4.641014e-06 1.8995963e-06 2.1202739e-05 2.733515e-08 0.0039529703 8.724745e-06 3.499815e-08 0.0072581763 5.5795647e-07 2.6626978e-07 1.4124309e-07 6.421362e-08 8.742394e-06 1.7698089e-07 6.1132785e-05 8.46615e-06 0.0012844307 7.191499e-07 2.2121842e-06 1.023047e-07 5.432276e-07 1.1507874e-06 1.6614523e-06
0.96086514 0.00043530742 0.00020672752 7.32007e-05 4.605866e-05 9.596757e-07 0.0019766972 0.61430675 0.059885904 0.9219574 3.3233485e-07 0.01711003 0.00015525256 0.3844617 0.0013105472 0.22421554 2.2377539e-05 0.00016374172 0.029979205 3.640712e-07 0.9908762 5.514485e-15 0.063076384 0.96949023 7.41267e-08 0.006405669 0.04106177 0.010124803 0.0015939845 0.57891124 0.35990274 0.31693482 0.13616732 0.28595638 0.65211225 0.125729 0.022747932 0.03249981 0.7260707 0.021041963 0.012641407 0.31369537 0.0088226665 0.015235227 0.023026356 0.02191538 0.00037803015 0.3053847 0.016359922 0.047124255 0.0003962389 0.010671041 0.0009050013 0.0005683931 0.009007882 0.00016318892 0.000103072045 0.0015829344 9.443731e-05 0.00188613 0.00012846047 0.0005557174 1.1904416e-05 1.7872077e-05 4.886213e-05 6.1324577e-06 0.0052709184 0.011842546 0.00031353178 0.0002522715 0.019563043 2.5693596e-06 0.013502086 0.0029907755 0.0022116592 0.00014067267 0.00527255 0.00013859797 2.4685562e-05 1.2487696e-05 0.00020197836 3.1968395e-06 0.0015305253 0.00019332535 2.8297155e-08 0.002342061 2.9528102e-05 3.64493e-07 2.899526e-06 1.8219246e-06 9.6354204e-05 2.89342e-07 0.00053649937 0.00017093736 0.0034899248 2.2229011e-05 4.729407e-05 1.6650617e-07 6.436814e-06 2.4850719e-05 8.944987e-06
0.9688913 0.24664168 0.19636393 0.010439247 0.004038416 0.008141313 0.6243133 0.42654648 0.4102168 0.4916274 0.0006520156 0.028103812 0.011071993 0.18484427 0.08119189 0.98792154 0.00024284906 0.0013065289 0.012465786 0.0013672784 0.5183425 0.063076384 1.757656e-13 0.09998467 2.370459e-06 0.9394221 0.0013745758 0.850101 6.843349e-05 0.003058141 0.00095027214 0.0005789935 0.0006847811 0.91847104 0.004105369 0.0005689886 0.46102637 2.4821631e-05 0.092123166 5.816829e-06 1.3289737e-05 0.019582633 0.07452241 2.6638538e-05 0.00039987086 9.761216e-05 3.147931e-06 0.060925465 1.6502288e-05 0.0040533943 1.37183615e-05 6.721055e-05 4.0668356e-06 9.063656e-05 0.107866906 3.7947696e-06 5.9199255e-08 3.8348226e-05 1.5906565e-07 3.3503068e-06 3.9629236e-07 1.0148583e-05 1.456164e-06 1.8564136e-06 3.0396277e-06 6.6697524e-08 0.045280453 0.007835227 2.6899966e-06 6.0779636e-05 0.012418257 1.7713784e-08 0.0017508434 0.0003594848 0.00018307133 7.462457e-06 0.062364403 2.4681076e-06 2.1192134e-06 1.5937352e-06 6.2169584e-06 3.9626872e-08 0.005927754 9.1282976e-07 4.3475058e-08 0.008657349 5.391056e-07 6.3283323e-07 9.958827e-07 3.0101387e-07 4.3516625e-06 6.5661254e-07 0.00012280318 2.7249012e-05 0.0006276858 1.8452212e-06 3.529906e-06 1.2824074e-06 4.219039e-06 1.76773e-06 2.2380004e-06
0.915675 0.00015055762 7.7153156e-05 0.00029790946 1.2154188e-05 2.015358e-06 0.004176943 0.674706 0.12211707 0.8656182 1.8757893e-07 0.43155053 4.3887238e-05 0.9222187 0.10164939 0.34223276 0.0006781823 0.00032465786 0.72247523 7.4099887e-07 0.92424023 0.96949023 0.09998467 3.5096555e-19 9.383984e-07 0.020296963 0.756368 0.013989619 0.33859178 0.22023055 0.6996383 0.13691917 0.9594398 0.075858206 0.1335484 0.8933326 0.0053932085 0.026706044 0.1305524 0.50309825 0.001054868 0.06687211 0.0017023401 0.0040487386 0.00494718 0.012703731 0.13889854 0.054164257 0.003686294 0.0068907826 0.00012455363 0.24121307 0.00047248276 0.060726874 0.0013425552 1.37485895e-05 3.5212483e-06 0.00058203394 5.9285812e-06 0.00039522426 8.911329e-06 0.00018902283 8.4886815e-06 1.0519146e-05 7.9816404e-05 4.701546e-08 0.0004398567 0.0015532619 0.00020583715 0.00096311636 0.00077941484 1.0351834e-07 0.00056453975 0.00027893993 0.00042111045 7.069178e-05 0.0010529915 2.804356e-07 7.629595e-06 1.38929945e-05 5.958393e-05 2.0120874e-08 0.00059173215 5.067825e-07 6.147438e-09 0.0015986385 9.2924614e-07 1.00621065e-07 2.1973315e-06 5.251768e-07 3.362847e-07 5.0319415e-09 3.4884008e-05 7.521161e-05 0.00013596547 6.7067504e-07 1.652911e-07 9.0568165e-08 2.1812905e-06 7.50544e-07 7.037629e-05
8.736151e-06 0.00016715587 3.5314635e-05 0.0017477411 5.63805e-05 0.0006892189 9.275316e-06 1.0656568e-05 0.0008645719 2.6175983e-06 0.00021346437 0.00067653705 0.9902554 0.00017509768 0.0030948315 6.112005e-06 0.004888098 0.9455888 0.010543059 0.99493253 2.801862e-07 7.41267e-08 2.370459e-06 9.383984e-07 2.5278087e-15 1.0956131e-06 0.0022713717 1.292002e-06 1.5867257e-06 1.0486211e-07 4.3408338e-07 1.18249616e-07 0.00016961229 7.0472396e-07 1.3426863e-07 4.936571e-06 8.964334e-07 1.0787711e-08 9.195738e-08 3.3619733e-06 4.456992e-08 1.4703103e-07 2.8225827e-07 1.3773445e-07 1.7252438e-07 4.522838e-08 1.3529016e-06 2.2834124e-06 7.8742195e-09 1.9821431e-07 1.4712712e-07 1.6965514e-06 2.4919729e-07 1.865535e-05 7.868619e-07 7.356917e-07 9.657048e-09 3.5767407e-08 1.3454935e-07 8.744441e-09 4.966504e-08 2.2854591e-07 2.1663008e-07 5.3056457e-08 6.045177e-08 5.966649e-09 5.220195e-07 2.1080454e-07 2.8606175e-06 1.6521986e-07 2.1619142e-06 1.204609e-08 1.2815857e-08 4.008884e-09 1.0482871e-07 7.463569e-09 4.410645e-06 1.4091072e-08 2.2467018e-06 6.017382e-07 3.9742625e-07 2.849942e-07 1.4312259e-05 1.2272952e-08 3.1887275e-08 8.417185e-06 7.5442195e-09 2.0385214e-08 1.0836586e-08 6.8946474e-07 7.6232044e-07 3.920263e-09 1.624728e-07 2.3322232e-07 4.304955e-05 6.429337e-09 4.2487727e-08 1.6038204e-07 2.95802e-08 2.6459995e-08 2.2126492e-09
0.9382449 0.33356464 0.9098216 0.046968434 0.021093568 0.09258248 0.96143615 0.15184742 0.23418342 0.16073772 0.07468911 0.009125353 0.021953875 0.04096312 0.108273305 0.5648302 5.8946003e-05 0.0010722413 0.00092737697 0.006878928 0.07904312 0.006405669 0.9394221 0.020296963 1.0956131e-06 1.5092332e-12 7.408243e-05 0.98511934 2.2055992e-06 0.0005377357 0.00024525914 0.0001144048 3.5659767e-05 0.7643094 0.00016811414 8.289341e-05 0.65833056 2.3571206e-06 0.00556956 2.909419e-07 2.544961e-06 0.004632372 0.21107745 2.0172502e-06 6.5769054e-05 9.340257e-06 5.453262e-07 0.0154702775 2.7362353e-06 0.0004034081 1.5118696e-06 5.485091e-06 3.289765e-07 9.18524e-06 0.27290106 3.3094846e-06 1.5437953e-08 2.318376e-06 9.8251384e-08 2.5313766e-06 4.8593944e-07 2.5311783e-06 2.9756825e-07 1.8172227e-07 2.5170542e-07 3.2645204e-08 0.09246985 0.0031202051 3.3706346e-08 9.635766e-06 0.0075156153 9.450884e-09 0.00032399874 4.2589498e-05 4.6710597e-05 1.2782157e-06 0.08098343 1.1977909e-06 1.3936307e-07 2.0147143e-08 1.7278281e-06 2.1360454e-07 0.022124713 1.1430429e-07 8.170097e-08 0.01777998 2.1238842e-05 1.953336e-07 1.1363336e-05 4.5195316e-06 3.221869e-06 9.3966776e-08 1.7410037e-05 1.3716678e-06 0.00011315393 1.2716578e-07 4.9438645e-06 3.7271757e-06 9.368443e-07 4.6393548e-06 2.5781014e-07
0.11690914 0.00031739406 3.3969074e-05 0.0010161086 6.74904e-05 5.4286e-05 0.00023632363 0.10536589 0.031778038 0.10580907 2.2286122e-06 0.061384283 0.0003218163 0.2258314 0.0344369 0.0072025917 0.013552979 0.0016985146 0.99554515 1.1020478e-05 0.011764341 0.04106177 0.0013745758 0.756368 0.0022713717 7.408243e-05 1.6726681e-14 7.630035e-05 0.9999943 9.9928395e-05 0.00040584925 5.95409e-06 0.20129038 0.00024809386 2.5988893e-05 0.0015923089 2.6405083e-05 2.7129722e-06 3.0049188e-05 9.0811074e-05 1.50331e-07 1.4689481e-05 2.8002605e-06 3.1607042e-06 3.4196516e-06 7.0609203e-06 9.170444e-05 4.831125e-05 6.4839273e-06 3.3190013e-06 2.9875855e-07 8.364045e-06 3.2009e-06 0.0006548232 0.00019269786 3.4491043e-07 3.2730057e-08 9.639033e-07 1.588023e-08 9.850357e-08 2.3905251e-08 7.21123e-07 7.928629e-08 3.5782335e-07 1.244495e-06 2.8027932e-08 3.4048244e-05 3.2266464e-05 3.5535327e-06 2.4517669e-05 1.6149417e-05 1.2841912e-07 7.531385e-06 4.547691e-06 1.8197278e-06 2.125557e-06 0.00014313876 3.7466498e-07 2.379462e-06 1.7123707e-06 2.7433123e-07 1.8029788e-06 0.00012405882 3.3694775e-08 2.1947186e-09 0.00011520206 3.72864e-08 5.2858753e-09 1.845361e-07 3.5234567e-07 3.1717664e-07 1.7847804e-09 1.348745e-07 1.9650999e-07 8.1661565e-06 7.409524e-10 6.114243e-08 1.1231967e-07 1.9961245e-08 3.955687e-08 2.6160993e-09
0.96548235 0.07647226 0.49507868 0.011158033 0.004883101 0.02407411 0.79496837 0.0864158 0.10883664 0.11752665 0.092303544 0.000986708 0.010829988 0.009974402 0.016708156 0.43170956 3.7277427e-05 0.00029654405 0.000303252 0.0052511576 0.0744271 0.010124803 0.850101 0.013989619 1.292002e-06 0.98511934 7.630035e-05 1.7836775e-13 2.2112795e-06 0.0009755809 0.00021829491 7.812317e-05 4.707585e-06 0.89925146 0.00013152123 3.0353367e-05 0.9637012 3.0865415e-06 0.03683199 2.1983626e-06 2.0438922e-06 0.018028501 0.44131038 5.236562e-06 9.832681e-05 1.4977849e-05 3.9686458e-07 0.020953897 3.117512e-06 0.0003606597 2.7748515e-06 8.112093e-06 1.3546032e-06 1.1209212e-06 0.5362967 3.3839494e-06 1.1140047e-08 7.393023e-06 9.017791e-08 9.790152e-07 1.039122e-07 3.4688492e-06 7.247986e-07 2.348006e-07 2.9559345e-07 4.83468e-08 0.18681052 0.003949997 4.546891e-07 1.9716128e-06 0.009817806 1.1175481e-08 0.00045935027 6.19012e-05 4.2711807e-05 1.5752863e-06 0.15125135 2.2434303e-06 2.3467098e-07 4.5529763e-08 1.1405924e-06 5.206552e-07 0.04074373 1.134628e-07 2.2089818e-08 0.03003586 7.2913613e-06 5.2033107e-09 1.4236589e-06 5.5715833e-07 6.7675605e-06 2.1727188e-07 1.7906266e-05 1.6374669e-06 0.00022906144 3.2723253e-08 1.6871594e-06 6.448564e-07 1.2192004e-06 1.7600173e-06 1.7522913e-08
0.00037837212 8.363678e-06 2.1880553e-06 4.223423e-06 1.4752924e-07 1.260987e-07 2.366942e-06 0.0012988203 0.00014341682 0.003827521 1.1094669e-08 0.0031843474 7.445442e-05 0.2618866 2.9570767e-05 6.483566e-05 2.5895524e-05 1.8266473e-05 0.12620303 1.2670891e-07 0.00058153714 0.0015939845 6.843349e-05 0.33859178 1.5867257e-06 2.2055992e-06 0.9999943 2.2112795e-06 3.0661327e-18 0.00016213483 0.00084895117 4.1277268e-05 0.99970883 5.2095e-06 5.1084884e-05 0.0027122302 1.2169224e-06 7.832641e-06 2.2424516e-05 0.0008303457 2.992517e-06 3.879505e-05 5.894102e-08 3.8866942e-06 1.3439975e-06 2.1485562e-06 9.907247e-05 1.3572702e-05 3.3288597e-06 5.5947953e-06 8.307669e-07 4.2380307e-05 7.3927157e-07 0.00083095016 8.224801e-07 6.3779356e-07 4.7660297e-08 1.6699429e-06 4.3500105e-08 6.4398864e-07 1.6600451e-07 3.936386e-06 4.9865037e-08 8.120863e-08 7.060293e-08 2.3393035e-08 2.8774778e-06 0.00012855275 5.708678e-05 2.5989066e-05 4.958112e-05 4.033229e-08 1.6795973e-05 7.099313e-06 8.436376e-06 2.1780049e-07 1.0871082e-05 1.228047e-06 2.1175599e-07 2.5292906e-05 4.559062e-07 3.44834e-06 6.330693e-05 1.6382472e-07 9.122862e-10 4.332106e-06 6.861823e-09 2.981281e-07 8.187413e-08 1.2281594e-06 2.7597176e-07 6.5964806e-10 2.2097774e-05 8.7076086e-07 5.700148e-05 1.1579515e-07 1.11625134e-07 8.632782e-08 2.6559757e-08 2.3922209e-09 4.641465e-08
0.95262516 1.7037333e-05 3.2688633e-06 3.8298887e-05 1.5827607e-05 9.719146e-07 1.0396613e-05 0.00059340126 0.00011626384 0.0062982286 9.602593e-08 2.125856e-05 2.5144368e-07 0.0015389264 9.513534e-05 0.003721946 1.7228435e-07 6.2478745e-07 0.00015181374 9.5005184e-08 0.18299563 0.57891124 0.003058141 0.22023055 1.0486211e-07 0.0005377357 9.9928395e-05 0.0009755809 0.00016213483 1.0579691e-14 0.83490556 0.9922987 0.037842605 0.026774883 0.9820548 0.49324468 0.0012211723 0.8118067 0.6292933 0.33029512 0.3424004 0.31155556 0.0009084902 0.35362136 0.12131599 0.21663392 0.0072428877 0.17667158 0.26654017 0.075619526 0.0026114187 0.319062 0.016488895 0.0009971092 0.00093854475 0.00018114531 0.00029170414 0.011654709 0.00021109698 0.007339427 0.00083821116 0.0012607652 0.00024164609 0.00027140204 0.00032503332 4.9651403e-06 0.0012259339 0.0069112643 0.0367583 0.00046937692 0.0042256936 5.5352175e-06 0.009979131 0.003016585 0.0018734698 0.00043405715 0.0024529786 0.00069442013 0.00030644386 5.776202e-05 0.000118447206 1.2723197e-06 0.0012354223 3.007261e-05 3.6597594e-08 0.00034979114 8.88884e-07 1.5381654e-06 6.403637e-07 8.1241666e-07 1.972081e-06 2.3382431e-07 0.00014188202 2.1325528e-05 0.0009341946 8.291143e-07 4.3453715e-06 3.7905704e-06 7.505283e-07 3.984224e-07 3.989827e-06
