1.5305113e-15 0.92729163 0.9322833 0.933396 0.9572659 0.8955919 0.9850609 0.9226198 0.8878524 0.9102914 0.93471694 0.86723864 0.749058 0.8990385 0.9262493 0.8868523 0.97395164 0.962196 0.9432524 0.87384814 0.7734301 0.90747607 0.86760724 0.9268709 0.91134214 0.918764 0.69539356 0.68202865 0.9013729 0.81704926 0.807317 0.570865 0.97134584 0.7953015 0.8692394 0.71047366 0.9752245 0.8763944 0.8093551 0.65504587 0.98361504 0.9417834 0.7737939 0.7221931 0.104490556 0.68519443 0.18483017 0.91576093 0.97294176 0.80454445 0.76396066 0.08618163 0.963 0.97186816 0.9880675 0.9362486 0.27654263 0.11238591 0.465239 0.33161223 0.8294407 0.79447424 0.0031300152 0.29464796 0.82064164 0.018711135 0.16532335 0.93949234 0.24061331 0.541891 0.16887075 0.5884218 0.9912013 0.10948127 0.9998674 0.9824503 0.09120622 0.41667128 0.41934225 0.50480855 0.99791694 0.9196349 0.0010865917 0.919636 0.0024155374 0.34419253 0.006289259 0.23473005 0.07007122 0.038426995 0.030221576 0.57195 0.002287674 0.9783138 0.06387421 0.9999221 0.9928301 0.9999461 2.6877748e-05 0.0004323705 0.0017960022
0.92729163 2.741821e-13 0.9850015 0.89936256 0.78461355 0.9834288 0.26217178 0.5915973 0.14235939 0.51696694 0.930717 0.32586247 0.013274556 0.4731882 0.020605449 0.11987271 0.0013954234 0.0013570322 0.00071109703 0.6368086 0.097337864 0.00065988477 0.066480085 0.00012071069 0.00071913213 8.8596345e-05 0.06989437 0.3923854 3.9415605e-05 0.00021667297 3.9767045e-05 0.004424015 0.061393254 4.809523e-05 0.02380485 0.05206303 1.935483e-05 0.00021994952 0.00019899246 0.0011615906 0.0005291001 8.480566e-06 4.546839e-05 0.12942405 0.025654793 0.00016267864 0.0003841016 4.434251e-06 0.014680281 6.671852e-06 6.5658253e-07 1.3772269e-06 7.472647e-08 1.4496117e-06 0.0002294747 0.00016422228 8.3435225e-06 8.264741e-06 1.3349522e-06 1.2727159e-05 1.7302234e-05 0.00065652496 1.5680087e-05 0.00017069903 3.696344e-08 4.2718892e-07 7.9461716e-07 5.8123078e-05 0.062330816 1.9319227e-06 4.8213984e-09 1.8812229e-07 0.005622731 3.4391884e-05 4.4038636e-05 6.581373e-05 4.3930518e-06 9.076492e-09 4.907136e-06 1.5582326e-07 0.0013053116 5.5990017e-06 1.2458439e-06 0.00300566 0.00018121874 4.920015e-07 0.00015175452 4.237845e-05 1.6981629e-07 0.02439934 9.097607e-06 1.0336307e-05 1.8859741e-07 0.0031757602 0.0025454634 0.000108864006 4.9277537e-07 0.0006401568 1.9277587e-07 3.279605e-08 0.00042944253
0.9322833 0.9850015 2.3691577e-13 0.9408547 0.9110823 0.9194703 0.80469984 0.65556103 0.6516389 0.268477 0.5426886 0.5479883 0.1645004 0.0944791 0.0072141793 0.35772106 0.01852743 0.0002930724 3.1524934e-05 0.68485725 0.0819586 3.1849606e-05 0.047936056 0.0038511541 2.7329848e-05 0.0011612433 0.295919 0.7516377 2.845655e-06 0.0057438826 4.6727014e-06 0.024334153 0.1587208 2.0409043e-06 0.003408528 0.025703777 0.00021681744 0.0032654442 7.335864e-05 2.911559e-05 7.697758e-05 0.0003079209 4.690203e-06 0.20802712 0.03635259 0.0022938258 3.3592827e-05 6.956049e-05 0.010565262 1.4386312e-06 5.839451e-08 1.3967681e-07 2.0006416e-06 1.7142933e-05 7.951456e-05 0.0023511164 2.2996935e-06 3.3044414e-06 4.8583566e-05 0.00013522606 7.857402e-05 0.0064894054 4.087896e-06 5.3845462e-05 5.5496603e-09 5.3514107e-08 1.99993e-06 2.7611894e-05 0.08299841 2.8447732e-06 1.2049744e-08 8.335188e-06 0.010959848 0.0001572691 6.1185483e-06 0.000115523544 8.587412e-05 6.1119493e-07 7.672773e-05 1.3158093e-08 0.0034965645 0.00012625882 1.9125778e-07 0.0029104596 0.00018483018 1.2701417e-05 0.0008083602 0.00044174417 6.401195e-07 0.07922317 8.653641e-05 0.00044098106 3.6067504e-06 0.0034186933 0.0005995932 0.0007631126 8.494438e-08 0.00050763506 6.866074e-10 3.6554533e-07 0.000650614
0.933396 0.89936256 0.9408547 1.906707e-12 0.981425 0.6624756 0.44885322 0.9453475 0.30721426 0.733614 0.6431732 0.67923313 0.019418376 0.26778883 0.025927141 0.124701284 0.0041046664 0.0015045198 0.0011803792 0.30063233 0.3631515 0.0009022472 0.12165552 0.00016977526 0.0013074063 0.00018504092 0.04272832 0.12342733 0.00012073867 0.0024534126 3.9236893e-05 0.0055133677 0.14107707 5.8895544e-05 0.017710594 0.04109261 1.8196577e-05 0.00029460527 0.0003597216 0.0018778308 0.00094467134 5.366299e-06 3.7704183e-05 0.04606074 0.008602019 0.0006394871 0.00045341972 1.8400293e-05 0.025033118 1.6854572e-05 3.4841676e-07 1.4267551e-06 2.2713488e-07 4.668049e-07 0.00029151503 8.6428045e-05 2.2062375e-05 1.0764574e-05 5.1561904e-07 7.961795e-06 4.0045375e-06 0.000516452 2.1117863e-05 0.00014381895 4.3846193e-09 5.949631e-07 9.448532e-07 6.030647e-05 0.015432127 1.616172e-06 1.2098769e-07 3.7875185e-07 0.023652853 3.7589223e-05 1.3640712e-05 5.7858633e-06 1.7935602e-06 3.2579205e-08 8.841631e-07 2.8717233e-08 0.0022333676 3.6570847e-07 4.4721155e-06 0.009577732 6.243949e-05 7.830281e-08 1.925106e-05 3.1686614e-05 9.880521e-08 0.00576076 2.9817787e-07 2.4951476e-07 4.0247528e-08 0.007177718 0.00024071962 1.42238805e-05 2.8868698e-08 0.001675251 1.3609531e-08 1.4616081e-08 0.00013705631
0.9572659 0.78461355 0.9110823 0.981425 8.893163e-13 0.5832161 0.84920406 0.9189111 0.52769965 0.21062995 0.37761268 0.86553586 0.06996535 0.10731981 0.0024149336 0.50682545 0.1284649 9.4365736e-05 2.2480961e-05 0.2627734 0.26267353 1.2873486e-05 0.07998295 0.003037397 2.1693088e-05 0.0040645795 0.1009031 0.2349482 2.1120068e-06 0.0102562625 1.2243061e-06 0.015159053 0.3708791 6.176598e-07 0.004392602 0.021615872 0.0005484265 0.01731251 2.2412756e-05 4.1181527e-05 2.181314e-05 0.00015036263 3.5818232e-06 0.061297573 0.008911253 0.0019933002 3.1098523e-05 0.00013405376 0.03279614 5.884759e-07 9.160879e-09 1.00341445e-07 3.2694088e-06 1.3338991e-05 2.1389422e-05 0.0034398136 1.5766827e-06 8.142534e-07 1.1657843e-05 9.5732925e-05 4.7778332e-05 0.0035156182 1.6078305e-06 8.725678e-06 3.903959e-09 1.0472794e-08 5.5459436e-06 1.4006391e-05 0.016064374 2.2569527e-07 1.4667224e-07 7.314505e-06 0.043466724 0.00012109257 1.8142417e-06 0.00017828845 6.030584e-05 1.2868355e-07 1.6128777e-05 1.0891145e-08 0.00771634 6.677973e-05 1.0857214e-06 0.008039724 4.525857e-05 1.1550492e-06 5.3401727e-05 0.0002462914 2.7812007e-07 0.009024775 4.737924e-06 3.543659e-05 5.0314327e-07 0.0076839877 0.00014191843 0.00053258304 8.078821e-09 0.00087886513 7.6556175e-09 1.8316867e-07 0.0002187657
0.8955919 0.9834288 0.9194703 0.6624756 0.5832161 2.7707085e-13 0.18580137 0.39076847 0.13927132 0.26495394 0.9608517 0.17124346 0.033844445 0.4819874 0.016787903 0.06833927 0.0037617413 0.0009877813 0.00022613343 0.9709454 0.060079914 0.0002481975 0.04179311 0.00039459666 0.00023301881 0.0002500585 0.13504875 0.8071816 2.6948586e-05 0.00054231565 3.2382188e-05 0.008153107 0.028509608 1.7029715e-05 0.0305218 0.18616785 6.6184264e-05 0.00056329794 9.184394e-05 0.00037627044 0.00014838751 5.982107e-05 2.0835e-05 0.33698237 0.15881927 0.00048811527 0.00022487812 5.1438706e-06 0.006564908 3.3661856e-06 9.858083e-08 6.4629035e-07 1.4061519e-07 1.7275613e-06 4.3191954e-05 0.0003216034 1.4062196e-06 1.6956568e-06 5.986927e-06 3.8391332e-05 5.897924e-05 0.0019777936 1.075217e-05 8.383671e-05 7.775364e-08 8.296272e-08 3.4229063e-07 2.4013092e-05 0.19001897 1.1772858e-06 1.5476457e-08 2.3436514e-06 0.0021276553 0.0001289786 3.4369605e-06 1.4673842e-05 2.9692237e-06 1.0585462e-07 1.0274e-05 4.9585623e-08 0.0016252629 2.5939768e-05 1.4119826e-07 0.0012659968 0.00082342204 2.2543328e-07 0.00017560353 0.00014157359 2.6027732e-07 0.04378616 1.39776885e-05 2.331205e-05 1.398793e-07 0.0019168257 0.0034889716 6.587696e-05 7.4695225e-07 0.000429499 2.4128601e-09 1.5487643e-07 0.0018599776
0.9850609 0.26217178 0.80469984 0.44885322 0.84920406 0.18580137 1.5872892e-13 0.29762655 0.98726076 0.006224339 0.0317887 0.5710331 0.79394954 0.0036056207 0.0007818437 0.8074273 0.7477189 1.8276316e-05 4.4770572e-06 0.080428965 0.019690106 3.9343813e-06 0.010449047 0.4854531 9.273777e-06 0.1203009 0.36889097 0.51900166 7.784709e-07 0.47755906 9.876494e-07 0.30033258 0.43501732 3.0110144e-07 0.00014505038 0.0016933277 0.009941459 0.08431132 7.4414415e-06 2.7022766e-06 8.640839e-06 0.00957407 9.670688e-07 0.03579418 0.0027306764 0.11237766 6.138642e-06 0.06763995 0.0043305927 2.941803e-07 2.8188552e-08 2.8721614e-08 8.949215e-05 0.00020610882 2.1235785e-05 0.01937806 2.1974154e-06 2.5825125e-06 0.00011343582 0.0019783806 0.0022465712 0.121075585 3.9669465e-07 1.1371195e-05 2.2960755e-08 8.6982006e-08 7.306429e-05 5.591014e-06 0.006377462 6.4458897e-07 2.6318193e-07 0.00035210937 0.06031318 0.0026714301 1.0331541e-06 0.00045904503 0.000114126924 1.663125e-06 4.822972e-05 6.756613e-09 0.03489216 0.00037907547 9.435326e-08 0.00616055 6.0489147e-06 5.6581985e-06 0.0006412126 0.021176344 2.1414578e-06 0.044126496 2.2375843e-06 0.00014928202 6.801733e-07 0.0061642583 5.6488866e-06 0.0006603358 1.3221869e-08 0.00084328104 3.8166656e-10 1.108769e-06 8.1676946e-05
0.9226198 0.5915973 0.65556103 0.9453475 0.9189111 0.39076847 0.29762655 1.9541314e-13 0.15520583 0.917918 0.36941138 0.9798548 0.008271759 0.12926514 0.03660595 0.42728227 0.0039318553 0.0010385589 0.00041428153 0.109436 0.91478187 0.0002467258 0.5889301 0.00016371095 0.00065925485 0.00021056074 0.018832434 0.04014967 8.900682e-05 0.0014754458 0.00010050681 0.0033324843 0.46896777 5.609839e-05 0.011568705 0.019393053 6.489963e-05 0.0038971372 0.0002924562 0.0010578873 0.00036727556 1.209517e-05 9.5780866e-05 0.018744234 0.0031840482 0.0006018909 0.0003610577 4.1502062e-05 0.28856993 1.6245172e-05 1.2082437e-06 1.0629002e-05 1.0946313e-06 4.135964e-06 0.00030430625 0.00048433425 1.4937963e-05 5.4002772e-05 2.3201133e-05 1.3771592e-05 1.6532074e-05 0.0004466196 8.6018474e-05 7.0821734e-05 3.128961e-08 1.4560469e-07 1.3482455e-06 0.00023271369 0.004963562 6.190477e-06 4.5460773e-08 7.7098207e-07 0.0700301 1.1401742e-05 1.6494012e-05 4.3166878e-05 5.160916e-06 1.9681597e-08 1.6071083e-06 6.1911996e-09 0.008609808 6.2689646e-06 1.5516686e-06 0.025172342 7.355718e-05 5.6911585e-07 4.6357083e-05 4.7009882e-05 2.1286536e-07 0.0041841655 1.0637128e-06 8.55625e-07 1.8086737e-08 0.019229166 0.0002834507 4.3075423e-05 6.8405654e-08 0.009055406 7.5587385e-09 2.1093385e-07 0.0007850927
0.8878524 0.14235939 0.6516389 0.30721426 0.52769965 0.13927132 0.98726076 0.15520583 5.1896416e-13 0.0074814586 0.005546238 0.22444952 0.99638355 0.00045744883 0.00082907686 0.38867515 0.2364592 1.1916753e-05 3.215414e-06 0.093653984 0.009235341 2.975962e-06 0.0045260345 0.04425727 3.8216413e-06 0.010751125 0.64977884 0.7975275 2.0403098e-07 0.32462808 4.2322108e-07 0.3784826 0.16240108 1.4596588e-07 4.8709153e-05 0.00061294524 0.0010330025 0.011132249 5.6773733e-05 9.430771e-07 1.0617269e-05 0.0007235831 4.844199e-07 0.039257202 0.0036377057 0.08927669 5.528422e-06 0.011221128 0.0028484398 3.7364163e-07 2.3152491e-08 1.4793929e-08 4.2370184e-06 1.677206e-05 4.4608582e-06 0.0034330462 7.4975276e-07 7.504667e-07 3.1855197e-05 7.294878e-05 0.00018343327 0.17540549 4.4293967e-07 1.710392e-05 5.4382962e-08 2.2332179e-08 1.8401794e-06 3.0599408e-06 0.007748321 3.3639276e-07 1.3721794e-08 2.2448696e-05 0.011951312 0.0020962446 3.1235677e-06 0.00011775284 2.9645536e-05 8.635068e-07 3.196228e-05 7.0446625e-08 0.0072062504 0.00011015851 4.1940222e-08 0.0027670057 9.741431e-06 1.6220087e-06 0.001198924 0.033376012 3.071075e-07 0.072842754 8.231829e-06 0.0001233838 7.1343777e-07 0.0027982772 1.6403954e-05 0.00024454002 7.031601e-08 0.00055756717 1.0516706e-09 1.6921596e-06 0.0001620203
0.9102914 0.51696694 0.268477 0.733614 0.21062995 0.26495394 0.006224339 0.917918 0.0074814586 2.3588696e-12 0.6609077 0.0880039 0.0010194932 0.7157247 0.99442655 0.006317033 0.0004423287 0.63420737 0.4179716 0.067224324 0.9249804 0.08386939 0.7765428 4.9111104e-06 0.1371418 1.5132177e-05 0.0008914007 0.010433976 0.013912917 7.0584385e-05 0.00847253 8.2496175e-05 0.027412543 0.0048338533 0.5259974 0.21531847 1.8769463e-06 0.0007580049 0.035193443 0.10289354 0.011545261 2.5541746e-07 0.016268328 0.008245376 0.004297076 9.796621e-06 0.02675461 1.4038345e-06 0.54642266 0.000592636 0.00010405872 0.00049370463 6.83541e-09 3.8642025e-07 0.0024557908 0.00011881579 4.2897384e-05 4.7617756e-05 6.885531e-08 1.582437e-06 1.1490306e-06 6.038102e-06 0.00026850757 0.0001083387 1.578835e-07 1.4821582e-06 2.0268399e-08 0.0019367634 0.0056948564 3.6551082e-05 1.4103136e-09 2.3811962e-08 0.024598325 3.547947e-07 0.00027847453 9.453909e-06 7.022447e-06 8.3739254e-10 5.102655e-07 2.1615879e-08 0.0048167277 3.395819e-07 9.1388165e-06 0.04662916 0.00010828799 1.252493e-07 1.6600222e-06 9.1368514e-07 6.7546246e-10 0.0003504994 2.7909755e-07 4.7616572e-07 6.9812964e-09 0.02917324 0.009636289 2.5790065e-05 2.975721e-08 0.013710266 1.374584e-08 5.0347515e-10 2.4745124e-05
0.93471694 0.930717 0.5426886 0.6431732 0.37761268 0.9608517 0.0317887 0.36941138 0.005546238 0.6609077 5.104379e-14 0.06640311 0.0011408264 0.9922539 0.122334026 0.01341289 0.0008295032 0.004851782 0.0011489585 0.89673734 0.114021294 0.00060209294 0.07182948 0.00014485311 0.0012835931 8.618056e-05 0.00142831 0.273666 5.2451967e-05 4.471621e-06 8.042454e-05 0.00041192386 0.013146431 3.1381704e-05 0.2823654 0.5841006 7.4254845e-06 0.0003229736 0.00023342429 0.0016475 0.0002301754 4.329211e-06 2.0047373e-05 0.31443948 0.15410326 3.172743e-05 0.0025015394 2.7555416e-07 0.026858449 2.011512e-06 5.207228e-07 8.416989e-07 1.9992111e-08 2.3755838e-07 0.00012694643 0.00040312065 3.503886e-06 1.4464492e-06 1.1848748e-05 2.6587106e-06 1.09615285e-05 0.00034489733 5.8198733e-05 0.00016470582 4.6883105e-08 3.172955e-07 1.2716264e-07 5.360997e-05 0.38706276 1.6810195e-06 1.9890859e-08 9.627752e-07 0.002682616 4.7200174e-05 1.3145859e-05 1.5397858e-06 2.0069592e-06 6.627966e-08 8.873938e-06 1.622588e-07 0.0021677776 9.4364015e-07 6.707256e-07 0.0024312274 0.0030871038 2.474486e-07 6.158101e-05 8.80679e-05 1.7893309e-07 0.03562589 5.2840773e-05 0.000106043626 9.0479284e-07 0.005544821 0.10921436 0.0001884289 3.1542373e-07 0.00072792795 3.0392826e-08 8.439305e-08 0.0014188486
0.86723864 0.32586247 0.5479883 0.67923313 0.86553586 0.17124346 0.5710331 0.9798548 0.22444952 0.0880039 0.06640311 5.2772894e-14 0.035550337 0.013585467 0.0038258445 0.98655385 0.10538297 0.00023676307 4.6591897e-05 0.03409823 0.70298165 4.02959e-05 0.22782761 0.0013464275 0.00012029101 0.0021976137 0.026781758 0.048144136 1.6925558e-05 0.0071193236 7.788018e-06 0.008007708 0.7774167 3.630867e-06 0.0012808448 0.0019034602 0.0010489973 0.1777331 4.241662e-05 6.601967e-05 3.481501e-05 0.00050199835 1.3242988e-05 0.007501935 0.0009845739 0.0011662331 4.4690612e-05 0.00046646563 0.11634221 1.4538052e-06 5.2150373e-08 7.6635365e-07 2.8736182e-05 6.113233e-05 6.6426896e-05 0.0061655 3.4863501e-06 6.520034e-06 4.7266345e-05 0.00013990872 0.00016356021 0.0015700163 2.3145076e-06 7.902298e-06 1.2337614e-08 2.687914e-08 4.046884e-06 3.0466645e-05 0.0022254128 1.2277354e-06 1.1683174e-07 7.4318746e-06 0.13721307 3.414687e-05 1.4412773e-06 0.00024663805 0.00012719727 2.9020507e-07 8.684243e-06 4.689712e-09 0.01862558 3.662265e-05 1.0939577e-07 0.021623556 2.6442276e-05 3.6833067e-06 3.3730288e-05 5.203589e-05 1.7301474e-07 0.0050059566 1.0952987e-06 8.92985e-06 6.423591e-08 0.013627151 4.4813954e-05 0.00021376058 1.0011983e-08 0.0040308856 2.295124e-09 2.6786802e-07 0.00038720458
0.749058 0.013274556 0.1645004 0.019418376 0.06996535 0.033844445 0.79394954 0.008271759 0.99638355 0.0010194932 0.0011408264 0.035550337 6.396696e-15 7.54466e-05 0.0002583759 0.14382805 0.2834011 2.6390317e-06 5.614313e-07 0.013098238 0.0008879983 4.0042872e-07 0.00047323358 0.29419568 7.1337723e-07 0.037456278 0.7958248 0.847031 8.9617735e-08 0.984958 8.303888e-08 0.8242066 0.03796341 1.12078695e-07 3.3686505e-05 0.0001364746 0.0035974088 0.01278706 4.880905e-06 2.2369792e-07 1.8227274e-06 0.01516049 1.9056505e-07 0.007308861 0.0013322362 0.3374407 2.9925184e-07 0.2652209 0.00029838967 9.727226e-08 2.1331678e-08 2.7050973e-08 9.5989635e-05 6.2363615e-05 2.2951692e-06 0.0029249403 5.0227504e-07 2.0124301e-07 0.00014019416 0.002730937 0.007294892 0.30027598 7.140054e-07 2.2205493e-05 5.3588572e-08 3.7551757e-08 9.24996e-05 1.5778386e-07 0.0008142108 1.6139856e-07 2.0170867e-06 0.0015225551 0.0046976656 0.0068397215 5.89904e-08 0.00023454022 3.0845684e-05 5.9432036e-06 7.797735e-05 1.1549042e-07 0.0018673338 7.134568e-05 4.290435e-08 0.0004112136 2.4376045e-06 5.2698733e-06 0.00068241137 0.05280454 5.052684e-06 0.0309232 1.4954442e-05 0.00011560036 3.9285883e-06 0.00036652555 2.3942216e-06 0.00028637407 5.7748213e-08 0.000112755464 2.1435225e-09 6.809291e-06 6.67113e-05
0.8990385 0.4731882 0.0944791 0.26778883 0.10731981 0.4819874 0.0036056207 0.12926514 0.00045744883 0.7157247 0.9922539 0.013585467 7.54466e-05 1.2641371e-16 0.23801927 0.0030009667 5.8934256e-05 0.02625012 0.01741649 0.74422354 0.07925436 0.008471634 0.06351449 3.1893237e-06 0.031223278 1.1124696e-06 0.00013458138 0.018631745 0.0004548459 1.2278531e-07 0.00065870583 0.00024067417 0.0034988292 0.00067428197 0.9576583 0.96506244 2.784141e-07 1.6125794e-05 0.0018668621 0.039594542 0.0025997744 5.4401745e-08 0.00031306988 0.44198635 0.25535253 8.632743e-06 0.13672733 4.035483e-08 0.03207343 2.2919463e-05 7.280991e-05 6.384368e-05 4.496498e-09 1.912163e-08 0.00095067406 9.560032e-06 4.4999374e-06 3.3722326e-06 9.249157e-07 2.295492e-07 3.2375763e-07 0.00010333336 0.0013558718 0.00034146055 4.46123e-07 2.1558099e-06 1.0743092e-08 0.0002292649 0.5184437 1.2643666e-06 9.136171e-09 1.8352091e-08 0.0017475855 2.7673436e-06 8.1448336e-05 1.175785e-07 4.565244e-07 4.8931414e-09 2.7740443e-06 2.4329852e-06 0.00079545396 1.06186256e-07 7.257698e-05 0.0035167031 0.012682239 2.797961e-07 1.0538725e-05 4.1209456e-05 4.206175e-08 0.016443487 5.241936e-05 1.1284825e-05 7.9788585e-08 0.00814955 0.47109476 2.6294614e-05 8.7279864e-07 0.0007094135 2.2402479e-05 1.4188288e-09 0.0033160495
0.9262493 0.020605449 0.0072141793 0.025927141 0.0024149336 0.016787903 0.0007818437 0.03660595 0.00082907686 0.99442655 0.122334026 0.0038258445 0.0002583759 0.23801927 3.254962e-13 0.0012055235 6.399248e-05 0.9729417 0.51268977 0.0061917203 0.7119562 0.31151593 0.42546475 2.0531054e-06 0.23355028 4.753194e-06 0.00019401964 0.0013662357 0.047574896 8.627516e-06 0.01960072 5.868031e-05 0.0082740635 0.015045214 0.32535988 0.032485664 2.5479721e-06 0.0002707888 0.49283904 0.1296427 0.3222874 1.793224e-07 0.042416666 0.0002850085 0.00020186474 1.5809649e-06 0.028409388 1.8985574e-07 0.8186499 0.008735178 0.0007275372 0.0014426782 1.4394448e-08 3.4368242e-07 0.06254044 0.00012752449 0.0006937423 0.0005507366 9.754962e-07 6.45416e-06 1.27740095e-05 1.0221148e-05 0.00096994283 0.0017444891 3.6608624e-06 8.939695e-05 3.1228677e-08 0.016609037 0.00060183834 0.00026434648 2.813579e-09 2.5679768e-07 0.056127377 1.1443752e-06 0.0064677414 5.4326913e-05 3.008905e-05 3.5658743e-09 5.5163405e-06 3.7197292e-06 0.011805104 2.0239138e-06 5.0739374e-05 0.11885071 3.4776054e-05 9.374753e-07 9.154972e-06 7.341134e-07 4.01702e-09 0.00050956645 9.049108e-06 2.6284384e-05 1.7759294e-07 0.09396108 0.0020113376 9.1496e-05 1.3619399e-06 0.11630663 1.5376727e-06 2.164855e-09 1.3897327e-05
0.8868523 0.11987271 0.35772106 0.124701284 0.50682545 0.06833927 0.8074273 0.42728227 0.38867515 0.006317033 0.01341289 0.98655385 0.14382805 0.0030009667 0.0012055235 2.9826471e-12 0.61774397 0.000103616265 1.8490324e-05 0.013788717 0.13173236 1.4918885e-05 0.03207778 0.012310231 2.4596684e-05 0.023720186 0.05318817 0.06428991 7.5059666e-06 0.052036725 5.3242334e-06 0.034662977 0.9790545 7.7425443e-07 9.326216e-05 0.000454439 0.011201829 0.84784025 1.6004346e-05 6.3521043e-06 2.800126e-05 0.004507759 3.6634501e-06 0.0023557902 0.00035064717 0.0072936993 7.87023e-06 0.0054203877 0.050624058 3.7540838e-06 4.7676302e-08 9.902317e-07 0.00048651217 0.0014950371 3.9667957e-05 0.30316737 5.5997757e-06 8.4789235e-06 0.0001602887 0.00060600333 0.00042000727 0.0057290653 1.3638676e-06 2.0323614e-05 6.4478938e-09 1.0442381e-07 0.00014893094 2.8466555e-05 0.0011038382 2.4505175e-06 3.2653534e-07 3.768021e-05 0.32791567 0.00028060214 3.6350034e-06 0.005990617 0.0019979067 3.4090074e-06 0.00024322313 1.08476925e-08 0.07712341 0.0007725547 2.867193e-07 0.040830445 7.975838e-06 9.107959e-05 7.91511e-05 0.00050085154 1.5228267e-06 0.0067657023 1.39134e-05 0.00019063549 1.7105467e-05 0.019822426 2.7787166e-05 0.0023762276 2.2650744e-08 0.005376788 2.12138e-09 1.6908562e-06 0.00031325532
0.97395164 0.0013954234 0.01852743 0.0041046664 0.1284649 0.0037617413 0.7477189 0.0039318553 0.2364592 0.0004423287 0.0008295032 0.10538297 0.2834011 5.8934256e-05 6.399248e-05 0.61774397 3.3670592e-13 8.866393e-06 3.9173538e-06 0.0024375268 0.005641869 2.384933e-06 0.0019796882 0.85575205 4.2787456e-06 0.9741765 0.03761386 0.04066524 2.2149413e-06 0.6069958 2.6506016e-06 0.18970418 0.23493803 1.6122925e-06 7.850575e-06 2.7374921e-05 0.74250656 0.955255 1.7875487e-05 2.6864793e-06 4.59559e-05 0.39916915 3.4201116e-06 0.0005224033 6.8313966e-05 0.29185608 2.9943842e-06 0.5525721 0.005901449 2.4506598e-06 2.8884338e-08 8.429653e-08 0.033200834 0.06002363 3.1697975e-05 0.35122892 3.577669e-06 5.24663e-06 0.0014772171 0.06548418 0.1270663 0.18389076 1.00577e-06 2.0773316e-05 3.9052118e-08 1.6558299e-07 0.015469444 2.6578144e-05 0.00017873773 4.937079e-06 5.1722414e-05 0.042971056 0.2277873 0.016571896 5.30423e-06 0.030769113 0.005293928 3.820251e-05 0.002868074 1.6021609e-08 0.219443 0.009571563 5.119833e-07 0.015646234 1.0563816e-06 6.2235704e-05 0.0002521152 0.015885035 6.911679e-05 0.014009826 2.3393563e-05 0.00050452736 1.6825086e-05 0.01641102 6.459958e-05 0.005402799 1.4680957e-08 0.0018197629 9.650953e-09 2.1398952e-05 0.00046841011
0.962196 0.0013570322 0.0002930724 0.0015045198 9.4365736e-05 0.0009877813 1.8276316e-05 0.0010385589 1.1916753e-05 0.63420737 0.004851782 0.00023676307 2.6390317e-06 0.02625012 0.9729417 0.000103616265 8.866393e-06 7.697121e-14 0.75353646 0.00026264176 0.03210376 0.96662664 0.01402615 1.3492519e-07 0.39620814 1.509653e-07 1.5843978e-05 0.00014000242 0.7635957 2.9087445e-07 0.1545044 1.0263266e-05 0.0010745589 0.09799959 0.14629124 0.0019555208 2.8399143e-07 0.00012437404 0.9010494 0.17161866 0.54580164 1.7554667e-07 0.117007546 7.022139e-06 6.3917825e-05 8.6417407e-07 0.02154791 5.7897548e-08 0.30804187 0.12270351 0.0090148 0.0061311456 5.254072e-09 2.2262383e-07 0.2980031 6.9914844e-05 0.003876145 0.001290359 2.2088862e-07 5.535513e-06 1.147612e-05 1.7245851e-06 0.0015046024 0.003022782 0.00010346154 0.00016778435 4.332333e-08 0.041849386 4.7117595e-05 0.00017282585 2.0967412e-09 7.530046e-07 0.012016398 2.9772238e-07 0.016406206 5.428219e-06 4.7308462e-05 3.0860834e-09 1.1725479e-05 0.0005240864 0.003397891 1.439261e-06 4.554994e-05 0.039884016 1.3018293e-05 1.200863e-06 2.5994855e-06 8.8552076e-07 2.8775669e-09 0.00048307655 7.2069092e-06 7.2259936e-06 2.5158303e-07 0.059118986 0.00215429 8.1122824e-05 5.9616586e-06 0.093670435 5.8527535e-06 9.647604e-09 8.285836e-06
0.9432524 0.00071109703 3.1524934e-05 0.0011803792 2.2480961e-05 0.00022613343 4.4770572e-06 0.00041428153 3.215414e-06 0.4179716 0.0011489585 4.6591897e-05 5.614313e-07 0.01741649 0.51268977 1.8490324e-05 3.9173538e-06 0.75353646 4.796282e-14 0.000108634704 0.005454204 0.9729957 0.0018313936 3.2734695e-07 0.98373693 1.8463803e-07 1.9113902e-06 8.1100094e-05 0.24329165 5.0633005e-08 0.7171803 1.9810623e-05 0.00015338384 0.86392796 0.32796162 0.0038384544 3.45803e-07 7.561746e-05 0.23745503 0.67112 0.09635493 2.4249618e-07 0.7560025 3.833161e-06 0.00016729496 2.864087e-06 0.14909953 4.4835858e-08 0.036892947 0.011280307 0.15417482 0.13020867 2.8146811e-08 1.7133614e-07 0.107239336 2.9343388e-05 0.0004984797 0.00014432182 3.9414304e-06 4.5217922e-07 1.6491125e-06 2.3886591e-06 0.03014628 0.003614038 0.00052590587 2.8852777e-05 5.7306902e-08 0.006697471 5.8164773e-05 0.00011698823 3.2134226e-09 1.2638965e-06 0.005422065 7.2135276e-07 0.0045971135 2.9063102e-07 7.739997e-07 9.025703e-09 2.7670453e-06 0.020463895 0.0016792322 3.0847656e-07 0.0016703112 0.006030259 1.3308357e-05 2.1327764e-07 8.64799e-07 2.0321856e-06 2.0183181e-08 3.8775812e-05 2.5768024e-06 6.056748e-06 1.9517598e-08 0.0071783615 0.014218538 4.7849047e-05 3.3258677e-06 0.011153103 1.6552647e-05 8.893982e-08 2.8131433e-06
0.87384814 0.6368086 0.68485725 0.30063233 0.2627734 0.9709454 0.080428965 0.109436 0.093653984 0.067224324 0.89673734 0.03409823 0.013098238 0.74422354 0.0061917203 0.013788717 0.0024375268 0.00026264176 0.000108634704 2.54203e-14 0.008164646 8.127406e-05 0.0075038807 0.00039230366 7.2225805e-05 0.00016183345 0.055793382 0.8875834 7.152469e-06 0.00027023593 7.505172e-06 0.003757747 0.007479589 1.2208893e-05 0.02533032 0.7026673 1.5806943e-05 0.00021072968 3.6798712e-05 6.271198e-05 1.710785e-05 1.4190421e-06 4.7593035e-06 0.9889704 0.7786723 0.0005893603 0.0001563925 9.199103e-07 0.00059121795 1.4069312e-07 2.7757503e-07 1.6680704e-07 3.5514525e-08 6.3902706e-07 3.5785648e-05 7.829472e-05 8.8833156e-07 2.3678324e-07 2.3167734e-06 6.7042793e-06 9.565458e-06 0.0044689146 1.6717644e-06 1.09874645e-05 4.3171056e-08 3.0268218e-08 1.2665129e-07 1.4146789e-06 0.61083144 4.026655e-07 2.0931461e-08 3.1309685e-07 0.0008540459 0.00014085323 5.5463884e-06 5.3794984e-06 3.4770343e-07 1.2080028e-08 2.678615e-06 2.645041e-08 0.0008168318 4.8992283e-06 2.2231841e-08 0.0009934185 0.013442104 2.43466e-07 0.0013600768 0.00043410808 3.1608923e-07 0.3182043 7.5354733e-06 3.1481788e-05 7.053412e-07 0.0019635516 0.009291923 8.446259e-05 3.6476249e-07 6.29782e-05 2.0131765e-09 3.544354e-06 0.020608472
0.7734301 0.097337864 0.0819586 0.3631515 0.26267353 0.060079914 0.019690106 0.91478187 0.009235341 0.9249804 0.114021294 0.70298165 0.0008879983 0.07925436 0.7119562 0.13173236 0.005641869 0.03210376 0.005454204 0.008164646 9.553864e-13 0.0037889697 0.99877983 0.0002758919 0.002259974 0.000756021 0.0008500335 0.0039009282 0.0011925045 0.00019524917 0.0004306651 0.00033434192 0.6544517 0.00018271062 0.010140317 0.003906505 0.0010250581 0.032038797 0.0023777226 0.0015923613 0.0048490553 1.918669e-05 0.0001424622 0.0004043433 0.00011043263 5.6022734e-05 0.0002304049 1.5305162e-05 0.9386818 0.00031733108 6.0264097e-07 3.8747185e-06 3.2923308e-06 0.00018955627 0.00089484727 0.0016082217 0.00013323931 0.00014142689 2.267984e-06 5.6723075e-05 1.6702179e-05 1.6359398e-05 6.693767e-05 0.00018767887 1.594737e-08 5.284014e-06 3.7423646e-07 0.0004272124 0.00095530465 6.2017614e-05 5.997527e-08 3.2847695e-06 0.27096012 3.0728638e-06 0.000107565436 0.0008361446 0.00026223707 6.882861e-09 5.8698192e-06 1.21882024e-08 0.011234925 3.9009265e-05 2.5774953e-06 0.23401599 0.00010750678 4.417612e-06 2.5308273e-05 4.1041636e-05 1.007766e-08 0.0014224626 9.76244e-06 1.5561114e-06 3.7245247e-08 0.06852368 0.00046804597 0.00015182416 3.185881e-07 0.025705015 3.816973e-09 5.1913975e-08 0.0009380809
0.90747607 0.00065988477 3.1849606e-05 0.0009022472 1.2873486e-05 0.0002481975 3.9343813e-06 0.0002467258 2.975962e-06 0.08386939 0.00060209294 4.02959e-05 4.0042872e-07 0.008471634 0.31151593 1.4918885e-05 2.384933e-06 0.96662664 0.9729957 8.127406e-05 0.0037889697 1.3329705e-13 0.001727956 3.119506e-07 0.529791 3.324591e-07 3.315781e-06 0.00016348521 0.9553974 6.2016746e-08 0.9162909 3.6116468e-05 0.00016735446 0.691539 0.11444644 0.0010056419 2.7830606e-07 8.215042e-05 0.6898116 0.3200066 0.15457079 1.09857034e-07 0.5091739 3.534838e-06 2.8411094e-05 2.8548482e-06 0.02495214 6.330243e-08 0.06534729 0.114548676 0.16014914 0.048166156 7.4296236e-09 1.8802938e-07 0.31498298 4.8397753e-05 0.001611558 0.00050588197 1.1760065e-06 1.5588637e-06 4.267555e-06 1.3050817e-06 0.00568933 0.003894819 0.01887498 8.082059e-05 1.0261249e-07 0.019058278 5.040606e-05 9.3300594e-05 2.2742335e-09 2.463776e-06 0.0032579736 1.1196242e-06 0.008544856 3.5343e-07 1.8068654e-06 2.2318979e-08 1.28801175e-05 0.054043826 0.001268294 1.5747194e-07 0.00018507816 0.00572179 1.5705094e-05 1.1058442e-07 9.157111e-06 3.6781466e-06 3.5012505e-08 0.00012921302 4.2398883e-06 1.0404771e-06 1.9007306e-08 0.0089715915 0.0033188579 2.4615694e-05 6.521334e-06 0.027226552 9.448627e-06 2.3406638e-07 1.0245214e-05
0.86760724 0.066480085 0.047936056 0.12165552 0.07998295 0.04179311 0.010449047 0.5889301 0.0045260345 0.7765428 0.07182948 0.22782761 0.00047323358 0.06351449 0.42546475 0.03207778 0.0019796882 0.01402615 0.0018313936 0.0075038807 0.99877983 0.001727956 5.670086e-12 0.00023446596 0.0010286927 0.00036870796 0.0004544546 0.0020296392 0.00037229803 4.7421803e-05 0.000205054 0.00023079656 0.5761153 5.948957e-05 0.007233793 0.0040582716 0.00046857542 0.008884189 0.0022528467 0.0010157689 0.011614167 8.793979e-06 8.1354636e-05 0.0001160693 9.60728e-05 2.0754822e-05 0.00020461663 8.761996e-07 0.9797906 0.00036464562 3.7518163e-07 1.9880865e-06 1.3470669e-06 0.00012934902 0.0013441867 0.0017458672 9.9312005e-05 0.0002343381 4.22439e-06 1.3626982e-05 4.2145737e-05 5.6854105e-06 4.48725e-05 0.00023823233 8.48707e-08 1.8800616e-06 5.3637484e-07 0.00075429835 0.00038962936 8.4693915e-05 1.4094996e-08 1.4024228e-06 0.39583337 2.673116e-06 0.0001932356 0.0022930047 0.00093241537 5.7383357e-08 6.950466e-05 2.7891037e-08 0.021181304 0.000178366 2.1746457e-06 0.33953226 6.972308e-05 1.6894706e-05 0.00011696692 2.4491846e-05 1.0127759e-08 0.0010596635 3.984137e-05 6.6541084e-05 2.7165866e-06 0.10110299 0.0003812319 0.0006078581 1.7841176e-06 0.037451755 6.8008963e-09 5.4327195e-08 0.00020407779
0.9268709 0.00012071069 0.0038511541 0.00016977526 0.003037397 0.00039459666 0.4854531 0.00016371095 0.04425727 4.9111104e-06 0.00014485311 0.0013464275 0.29419568 3.1893237e-06 2.0531054e-06 0.012310231 0.85575205 1.3492519e-07 3.2734695e-07 0.00039230366 0.0002758919 3.119506e-07 0.00023446596 4.043698e-15 3.1616884e-07 0.98553044 0.008682803 0.0030812493 1.6841862e-07 0.7708065 1.01005654e-07 0.077278964 0.011311644 1.3458913e-07 3.1561058e-07 7.3003303e-06 0.59867406 0.3704704 1.9043233e-06 1.5802314e-07 2.502038e-06 0.9560722 4.3683718e-07 2.840616e-05 2.392821e-05 0.16665524 4.554994e-07 0.9383332 0.00019740607 4.410767e-08 1.2175022e-07 8.2007126e-08 0.26717398 0.039255913 3.7591533e-06 0.08648194 2.8104898e-07 3.4624682e-07 0.1506557 0.51970565 0.550557 0.0868733 7.7363396e-08 1.2941681e-05 1.6925749e-07 5.047304e-08 0.18751127 3.8864923e-07 1.1468055e-05 9.850156e-07 0.0008179554 0.20600054 0.019544419 0.04039059 1.2779505e-07 0.01338553 0.0018544337 0.010625167 0.00242837 3.1669614e-08 0.059538953 0.0072945026 9.62267e-08 0.0020532613 1.5429852e-07 1.2067874e-05 5.779789e-05 0.021553304 0.0010410544 0.0009968249 2.271391e-06 0.00020699385 4.6096034e-06 0.0033648699 2.0956068e-06 0.0010247726 1.4996692e-08 0.00042087914 7.911856e-09 0.0001160299 4.46412e-05
0.91134214 0.00071913213 2.7329848e-05 0.0013074063 2.1693088e-05 0.00023301881 9.273777e-06 0.00065925485 3.8216413e-06 0.1371418 0.0012835931 0.00012029101 7.1337723e-07 0.031223278 0.23355028 2.4596684e-05 4.2787456e-06 0.39620814 0.98373693 7.2225805e-05 0.002259974 0.529791 0.0010286927 3.1616884e-07 5.4048e-13 3.1748772e-07 4.9707214e-06 6.910875e-05 0.15060581 3.2893716e-08 0.26637235 4.1381758e-05 0.00014060453 0.8422778 0.55394197 0.0042703664 6.971583e-07 2.5674211e-05 0.0453692 0.95829505 0.042117544 3.496847e-07 0.96761996 5.2810014e-06 0.0002658505 3.166992e-06 0.322836 6.822622e-08 0.010990385 0.0113816885 0.33951673 0.42190945 8.4370955e-09 5.1822985e-07 0.04297237 7.9948995e-06 0.0007310335 0.000103241844 3.3036788e-06 3.017753e-07 2.0346313e-06 6.21783e-06 0.23255393 0.0025130874 0.00038339655 1.1988587e-05 8.630033e-08 0.0022652843 0.00015916332 6.1074745e-05 1.9051006e-08 5.735587e-07 0.0017821138 3.1607087e-07 0.0027778593 3.7665438e-07 1.467704e-06 8.107486e-09 7.5272496e-06 0.06753335 0.00047580968 9.412728e-07 0.0079398705 0.001909011 2.3757537e-05 2.6537438e-07 4.6667474e-06 2.3784289e-05 2.5601028e-07 0.00010456657 7.3811666e-06 8.880024e-06 3.072666e-07 0.0031084854 0.03252652 1.8599021e-05 5.5400546e-06 0.0032405993 7.9021454e-05 1.12323306e-07 1.2081591e-05
0.918764 8.8596345e-05 0.0011612433 0.00018504092 0.0040645795 0.0002500585 0.1203009 0.00021056074 0.010751125 1.5132177e-05 8.618056e-05 0.0021976137 0.037456278 1.1124696e-06 4.753194e-06 0.023720186 0.9741765 1.509653e-07 1.8463803e-07 0.00016183345 0.000756021 3.324591e-07 0.00036870796 0.98553044 3.1748772e-07 3.9974815e-14 0.003452893 0.0023927449 9.1952124e-08 0.1969162 6.644662e-08 0.020739563 0.025302313 4.0889752e-08 2.3925702e-07 3.230866e-06 0.9283137 0.63521135 6.076192e-06 4.4000515e-07 4.8673696e-06 0.8149606 1.6058461e-06 2.2320462e-05 6.1515825e-06 0.06426894 1.4521479e-06 0.55208397 0.0019764993 9.104238e-08 7.4642564e-08 1.1962594e-07 0.13526508 0.07789393 7.27946e-06 0.1399044 1.847853e-07 1.0792528e-06 0.016656432 0.30680037 0.35802913 0.035024952 3.7391894e-07 4.4014555e-06 1.1126505e-07 6.9659998e-09 0.08898542 3.7537905e-06 2.6015006e-05 9.740273e-07 0.0014980148 0.129993 0.044491515 0.012337686 1.2056848e-06 0.03904537 0.006544561 0.0010180679 0.011895984 5.4646033e-08 0.08976613 0.015640773 1.3986663e-07 0.004996403 5.270915e-07 5.1519633e-05 9.246908e-05 0.0057114805 0.0006634494 0.000653826 4.849663e-05 0.001514491 8.051272e-05 0.008467019 2.153235e-06 0.009181378 2.8754448e-08 0.0011087114 7.3600748e-09 6.431037e-05 0.00039140246
0.69539356 0.06989437 0.295919 0.04272832 0.1009031 0.13504875 0.36889097 0.018832434 0.64977884 0.0008914007 0.00142831 0.026781758 0.7958248 0.00013458138 0.00019401964 0.05318817 0.03761386 1.5843978e-05 1.9113902e-06 0.055793382 0.0008500335 3.315781e-06 0.0004544546 0.008682803 4.9707214e-06 0.003452893 2.5230967e-16 0.9992775 3.8150736e-07 0.25559953 2.3900637e-07 0.98641706 0.009710766 2.6633964e-07 6.1022847e-06 0.00010856739 0.00060813903 0.00095709384 5.624428e-06 5.7162015e-07 4.8574925e-06 0.0004528793 2.0038046e-07 0.049591854 0.007793442 0.11737191 1.4418727e-06 0.00162581 3.1161253e-05 1.0957196e-08 8.306294e-08 3.6721637e-08 2.2677439e-06 8.472369e-06 1.1987473e-06 0.00042043527 9.1578094e-08 1.8734455e-07 5.0184655e-05 8.7807006e-05 0.00012024778 0.207298 3.6532074e-06 1.5892306e-06 3.8604806e-08 5.0465796e-09 8.179383e-06 6.914691e-07 0.010090996 1.9589343e-07 1.8258076e-07 1.2185477e-05 0.0009972214 0.008560802 1.04940746e-07 3.7082624e-05 4.449488e-06 7.267563e-08 2.828829e-05 7.484458e-08 0.0005710468 2.9717807e-05 1.3357828e-09 0.00025957424 2.061144e-05 8.098091e-07 0.007963629 0.099886335 2.5716506e-07 0.26197562 1.8300569e-06 9.686893e-06 2.6478926e-08 0.00022128195 2.286425e-05 3.639168e-05 3.0363857e-08 1.2187826e-05 2.8338173e-10 1.3423495e-05 0.00065947394
0.68202865 0.3923854 0.7516377 0.12342733 0.2349482 0.8071816 0.51900166 0.04014967 0.7975275 0.010433976 0.273666 0.048144136 0.847031 0.018631745 0.0013662357 0.06428991 0.04066524 0.00014000242 8.1100094e-05 0.8875834 0.0039009282 0.00016348521 0.0020296392 0.0030812493 6.910875e-05 0.0023927449 0.9992775 6.93304e-15 1.507784e-05 0.11469228 1.660221e-05 0.82733357 0.010854607 1.2436129e-05 0.00026696536 0.017418476 0.00056431204 0.00041647433 8.8715475e-05 5.4088305e-06 4.959904e-05 0.00013409377 8.979461e-07 0.8641505 0.41622025 0.088665366 7.1273396e-05 0.0003678329 0.00020255455 4.3793335e-07 1.8821686e-07 7.7079545e-07 1.2990635e-07 7.4067566e-06 5.9691565e-06 0.00016229635 1.9178922e-06 7.0155556e-07 8.542292e-07 1.230628e-05 3.856047e-06 0.53633296 1.7905336e-06 1.1882128e-05 1.2365624e-08 8.580462e-09 4.9281107e-07 8.7336815e-07 0.20749642 1.1207576e-06 3.855374e-08 3.6561505e-07 0.0012400482 0.021611543 9.267257e-07 1.0156425e-05 1.4276407e-05 4.1659426e-08 2.296279e-06 2.3971035e-07 0.00076300243 1.9084157e-06 1.7016573e-08 0.00088955445 0.00027890297 2.2136912e-06 0.045569353 0.3274315 1.7874497e-07 0.6720855 6.3298654e-07 2.2330381e-05 6.0331486e-09 0.0008410831 2.5737829e-05 1.0644106e-05 1.3206879e-07 8.853874e-05 3.3231623e-10 2.1054163e-06 0.014365584
0.9013729 3.9415605e-05 2.845655e-06 0.00012073867 2.1120068e-06 2.6948586e-05 7.784709e-07 8.900682e-05 2.0403098e-07 0.013912917 5.2451967e-05 1.6925558e-05 8.9617735e-08 0.0004548459 0.047574896 7.5059666e-06 2.2149413e-06 0.7635957 0.24329165 7.152469e-06 0.0011925045 0.9553974 0.00037229803 1.6841862e-07 0.15060581 9.1952124e-08 3.8150736e-07 1.507784e-05 1.0545132e-12 1.8376014e-08 0.9900926 4.935027e-06 7.859111e-05 0.38336235 0.006790968 7.417618e-05 2.1454306e-07 2.234555e-05 0.95172507 0.06849526 0.34471068 2.2786983e-08 0.19854863 1.3645369e-07 2.413743e-06 2.3481425e-07 0.0023057284 6.897646e-09 0.048484053 0.7327895 0.105191916 0.01415198 3.225083e-09 8.8080874e-08 0.82911646 1.4311576e-05 0.02050031 0.014338299 5.2469824e-07 1.4888775e-06 1.0120056e-06 2.392449e-07 0.0033769591 0.089656256 0.051771306 0.0009712276 2.5836798e-08 0.0959632 1.5044509e-06 0.00097299047 7.53884e-09 1.7646383e-07 0.0029528874 7.95207e-07 0.050938517 2.691029e-07 9.8096725e-06 4.7853405e-08 7.922613e-06 0.034828804 0.0007636324 1.2038804e-07 6.9600705e-05 0.009672981 4.2740774e-07 8.68231e-07 2.1680999e-06 5.5710626e-07 2.5634021e-08 1.9327419e-05 2.007592e-05 5.448378e-06 6.527998e-08 0.013483331 0.0005475677 2.1413016e-05 6.704992e-05 0.03258371 4.292961e-06 1.4918978e-08 1.2128442e-06
0.81704926 0.00021667297 0.0057438826 0.0024534126 0.0102562625 0.00054231565 0.47755906 0.0014754458 0.32462808 7.0584385e-05 4.471621e-06 0.0071193236 0.984958 1.2278531e-07 8.627516e-06 0.052036725 0.6069958 2.9087445e-07 5.0633005e-08 0.00027023593 0.00019524917 6.2016746e-08 4.7421803e-05 0.7708065 3.2893716e-08 0.1969162 0.25559953 0.11469228 1.8376014e-08 4.000366e-17 4.2677375e-08 0.9777702 0.013111505 1.103575e-07 2.088071e-07 7.996375e-07 0.029150754 0.0333795 1.3035064e-07 1.5135083e-08 6.556336e-08 0.30522156 1.5031716e-08 0.00025827414 2.834549e-05 0.91657495 3.4677676e-08 0.88529056 3.205355e-05 3.7233455e-08 3.9622485e-08 9.818371e-09 0.00048712987 0.00059838535 1.8954061e-07 0.0035257598 3.019015e-08 2.1488038e-08 0.0017505788 0.0036472948 0.021394959 0.7606946 2.8069958e-06 3.0194901e-06 9.764697e-09 1.8220588e-09 0.00029967757 6.2422494e-08 0.00027866452 2.7494947e-08 2.0365809e-07 0.016239721 0.0048187566 0.12576312 2.8625415e-08 0.00059397647 1.2344659e-05 1.2033054e-05 0.00029120105 6.053704e-08 0.003928126 0.00030233286 2.169286e-09 0.00034826383 3.0022633e-07 9.865283e-07 0.0071328892 0.40708548 0.000146962 0.05822143 1.658009e-05 0.00035236756 1.7260356e-05 0.00027088154 3.941e-07 0.0003359757 2.2704032e-08 3.058469e-05 3.5981676e-10 0.0001568056 9.864624e-05
0.807317 3.9767045e-05 4.6727014e-06 3.9236893e-05 1.2243061e-06 3.2382188e-05 9.876494e-07 0.00010050681 4.2322108e-07 0.00847253 8.042454e-05 7.788018e-06 8.303888e-08 0.00065870583 0.01960072 5.3242334e-06 2.6506016e-06 0.1545044 0.7171803 7.505172e-06 0.0004306651 0.9162909 0.000205054 1.01005654e-07 0.26637235 6.644662e-08 2.3900637e-07 1.660221e-05 0.9900926 4.2677375e-08 2.2169835e-13 1.9203503e-06 1.8267187e-05 0.98767287 0.0052654776 6.129666e-05 3.3335442e-07 8.9074465e-06 0.5291369 0.1267595 0.11730435 5.0010385e-08 0.30481705 2.1031858e-07 2.2166446e-06 1.5353214e-07 0.005040037 2.808139e-08 0.007642168 0.77726454 0.5386527 0.044175904 4.9270907e-09 1.1993973e-07 0.5373619 7.72246e-06 0.019127876 0.0061946944 4.787612e-07 1.7245037e-07 2.875671e-07 1.2512635e-07 0.008185708 0.19669424 0.2093483 0.0020819758 9.273988e-10 0.032267906 1.1249886e-06 0.0006174767 4.03963e-10 4.960152e-08 0.00060112367 2.1250025e-07 0.022503588 4.9535526e-08 7.919258e-08 3.5342886e-08 2.343589e-06 0.11962194 0.00029933223 2.2764217e-08 0.00022449307 0.0015990463 1.0589784e-07 2.1740835e-08 9.357063e-08 3.9512133e-07 6.423797e-09 4.1257135e-06 1.7911041e-06 3.968481e-08 3.019359e-09 0.0029089404 0.00018732804 2.2147788e-06 7.111371e-05 0.0056645744 1.1020258e-05 1.725062e-08 2.5262577e-07
