1.643565e-16 0.00037004356 0.0043706847 0.0021685779 0.7712565 0.19301334 0.072242305 0.02101644 0.9630533 0.05180099 0.003453713 0.83078593 0.9503533 0.8164798 0.25474328 0.4611239 0.96485066 0.7198566 0.85197663 0.09922155 0.9058144 0.0001189751 0.96101224 0.78387856 0.9823347 0.9240345 0.9159683 0.18397471 0.9282209 0.95556486 0.78964525 0.4635408 0.86502457 0.8128802 0.7330559 0.93788403 0.48321205 0.89834386 0.33109155 0.5393355 0.8281607 0.8342953 0.60260284 0.79252934 0.95125777 0.988165 0.98670125 0.72170067 0.9329445 0.9654569 0.14163193 0.75981295 0.9833989 0.07035342 0.98003644 0.92638016 0.77949667 0.8736321 0.8562593 0.98613805 0.9406814 0.38402247 0.82077575 0.929728 0.72684944 0.5862019 0.93106663 0.91135716 0.89183563 0.9377382 0.92618895 0.19160737 0.8136095 0.83083045 0.99994355 0.89606744 0.8054032 0.9231947 0.6560343 0.89797586 0.12731054 0.9790392 0.7669957 0.74114364 0.9922598 0.030501025 0.98945093 0.07479821 0.7657106 0.39932528 0.99028736 0.27344292 0.644792 0.000117949305 0.14043373 0.74072033 0.9911021 0.99977034 6.381206e-06 0.6604913 0.99997336
0.00037004356 2.8024813e-17 0.9982342 0.99515504 0.0061761043 0.004821896 0.8817961 0.0002922198 0.0008695415 0.008494347 0.00022579358 0.0005751653 3.1355645e-05 0.00014400439 0.00011796145 2.2943297e-05 8.102784e-06 1.1824657e-05 0.00020088014 0.0015512804 3.459493e-06 0.0013773624 7.459286e-05 0.00010638783 7.944459e-07 6.1750698e-06 2.9849713e-05 1.03075145e-05 1.22617445e-08 2.338999e-09 1.0436706e-07 5.4267514e-07 2.1006439e-09 0.0008415079 2.6366564e-10 2.803401e-09 1.0620029e-06 2.0987257e-07 7.1335686e-05 0.00033141844 1.6255367e-11 2.0216266e-09 2.6777632e-05 3.2056554e-12 3.896009e-08 1.1823486e-05 3.3736706e-06 0.00058856775 7.618586e-10 7.370885e-11 2.014015e-08 4.326024e-08 8.478065e-10 3.7363503e-08 1.1567963e-08 1.9701794e-09 0.00015028851 7.326247e-10 8.598885e-05 1.9806712e-05 7.3912315e-10 1.3184515e-09 2.600298e-10 5.924731e-10 5.647294e-11 2.00476e-11 1.633199e-09 5.32522e-09 1.8157875e-08 1.6596897e-06 3.085764e-10 2.3016527e-08 1.7519185e-10 2.897491e-10 0.00021826242 9.688919e-11 3.0129303e-07 1.3237488e-08 1.34228095e-08 3.4817498e-09 3.9441352e-09 4.732983e-06 7.164278e-10 3.6426397e-09 4.242545e-08 1.6560998e-07 3.4225764e-09 2.0892172e-08 1.2963326e-10 7.2183134e-08 8.599455e-08 2.2833643e-10 3.4602532e-09 7.968304e-08 9.5930135e-09 3.9182666e-09 2.0537944e-10 1.83721e-05 6.9887535e-10 2.4749003e-08 4.972028e-07
0.0043706847 0.9982342 2.7673358e-19 0.99095756 0.98147345 0.12946522 0.0063651246 3.4882892e-06 0.014984894 0.51547766 0.00029224658 0.00023658994 8.1760416e-05 0.00060956745 1.2296466e-06 0.00020623072 5.7565638e-05 5.9102463e-06 0.0038811313 4.3277455e-06 2.248248e-07 3.0900167e-06 0.00018528389 0.00034717066 2.5638485e-07 1.6731688e-05 3.99016e-05 1.1648401e-08 2.7563507e-09 2.097461e-09 2.5399729e-08 4.170506e-08 5.718172e-10 0.00061134656 4.965031e-10 1.9588895e-09 2.0180911e-08 3.793364e-07 0.00074574054 0.00025660274 1.09952394e-11 1.0797855e-09 0.00031218078 1.5765545e-12 4.3885205e-08 6.4318585e-05 8.097037e-06 0.00014548442 8.380136e-11 1.547541e-10 1.3599457e-09 4.3432454e-08 3.313605e-10 1.025003e-09 5.284817e-09 4.282576e-09 0.0002593523 2.1995827e-10 0.00014108783 1.8157038e-05 4.039921e-11 3.324107e-10 2.634075e-12 1.4231048e-10 6.0244574e-12 4.5448463e-12 7.7869586e-11 1.5144374e-09 9.828652e-10 2.998006e-07 9.875452e-12 1.087848e-08 7.740343e-11 1.24370635e-11 0.0007386631 1.03854585e-10 1.7491857e-08 2.4028152e-10 3.9757446e-09 2.2958058e-10 9.491809e-11 3.2038454e-07 3.5106338e-11 3.5365214e-11 1.0632721e-09 2.9922471e-09 1.1940743e-09 8.591462e-10 9.21906e-12 2.3805866e-09 1.087134e-09 3.742284e-12 4.873902e-11 8.937345e-12 4.6318095e-11 1.8478509e-11 2.9974953e-10 1.7611221e-06 2.6404372e-13 2.122067e-10 4.7330733e-08
0.0021685779 0.99515504 0.99095756 6.2761733e-17 0.10183988 0.9680582 0.37352931 0.013037632 0.014008049 0.00072052435 2.4908645e-06 0.0021743889 0.013399611 0.00040522346 0.00075494923 0.0004236397 0.00045945586 7.814284e-05 0.00092693965 0.00026392884 4.1702064e-05 0.0004282383 4.7528603e-05 0.00015022747 4.861671e-05 0.0001368532 4.398579e-05 9.325878e-07 2.2096942e-06 2.7239696e-06 1.48968e-06 4.89878e-06 4.7819583e-07 0.0004424637 6.7374066e-07 8.123408e-07 9.788342e-07 1.7995662e-05 1.4861402e-05 0.0001078619 1.5317136e-07 5.658265e-07 3.0480363e-05 3.9306045e-08 1.595284e-05 0.00014633658 7.696275e-05 2.4580366e-05 1.0860181e-07 4.1305106e-09 6.175541e-08 1.6653286e-07 5.866788e-07 1.0683839e-07 1.3189083e-05 7.872211e-08 1.9815403e-05 1.3262977e-06 4.6028712e-05 2.0380054e-05 6.758511e-08 4.9984163e-08 1.0918404e-06 7.809578e-08 1.8517287e-07 1.03934994e-07 3.0497574e-07 2.8741592e-06 1.9175722e-08 2.0440066e-05 2.4948728e-08 6.02414e-07 3.7109575e-07 1.3814249e-09 6.84626e-05 4.1006887e-09 3.5783363e-05 2.4457404e-06 1.8711645e-06 1.1081837e-07 1.935049e-07 2.383738e-05 3.5983996e-07 1.46750505e-08 4.083557e-07 7.077416e-08 5.7872153e-08 1.1243063e-08 3.921976e-07 1.9974846e-06 1.1780894e-05 1.4954702e-08 3.087704e-08 7.1992357e-10 1.1190818e-08 8.3211926e-10 1.6855905e-07 9.9473855e-06 6.364328e-10 6.8236645e-08 6.451763e-07
0.7712565 0.0061761043 0.98147345 0.10183988 6.692338e-14 0.9565871 0.09695266 0.0010237156 0.9863296 0.7796514 0.00048798867 0.005853711 0.23712464 0.2646707 0.00024996864 0.112035036 0.03611418 0.022924053 0.46415883 7.048685e-05 0.00010070945 7.960302e-05 0.0012073683 0.099031255 0.00053822156 0.009003545 0.08204022 5.558835e-07 5.65935e-07 2.5339536e-06 1.7610816e-06 1.2880554e-06 6.580089e-06 0.054091625 6.2513222e-06 5.3685454e-08 4.643008e-07 5.8951682e-05 0.0054021217 0.009710558 3.4953253e-08 7.5630687e-06 0.002359399 2.1087975e-07 4.6944067e-05 0.02171395 0.0034269996 0.003690193 1.1674419e-07 5.164955e-09 4.947934e-08 1.15266076e-07 4.4269262e-07 1.913546e-06 1.7330793e-06 1.3879914e-08 0.00753445 7.503683e-08 0.018474571 0.014301651 1.7586128e-08 3.0247385e-08 5.332009e-09 2.4125253e-08 1.7636354e-07 2.8095265e-08 5.185074e-08 2.0276954e-07 1.7388564e-07 0.00015248089 1.4039745e-07 3.0121777e-07 4.0634455e-07 1.7671502e-08 0.009982829 2.4598748e-07 1.037796e-05 1.0898107e-08 3.6011409e-06 9.714724e-09 1.7183696e-08 0.00011584514 3.0439256e-07 3.2195775e-08 4.369111e-06 1.2149292e-06 6.585434e-09 1.4264606e-07 7.402709e-08 2.1495728e-06 3.3308524e-07 1.5849932e-07 1.3839621e-09 6.1127566e-06 3.3083654e-09 4.0922288e-08 9.0438056e-07 0.0004286563 1.0868028e-08 1.8052102e-08 1.3740121e-05
0.19301334 0.004821896 0.12946522 0.9680582 0.9565871 1.8619067e-15 0.98572665 0.86985207 0.7162102 0.14076759 1.1217312e-05 0.15574394 0.85167056 0.22662725 0.07368729 0.1775592 0.30769596 0.11305327 0.0945155 0.010914672 0.04310767 0.013289928 6.638965e-05 0.04129268 0.010522848 0.048564903 0.034768138 3.1852705e-05 2.4362555e-05 0.0005789065 2.580362e-05 1.5046438e-05 4.6676396e-05 0.011591818 0.00012066397 2.8470978e-07 1.7017426e-05 0.0006670615 0.00016772228 0.0022931115 6.414495e-08 4.377094e-06 0.00045313186 2.3193411e-07 0.00037199067 0.012582405 0.0029440287 0.0005726272 3.2997383e-07 1.516562e-09 5.8070987e-07 3.223346e-07 3.1512172e-06 5.3830314e-07 2.2933125e-05 4.401086e-08 0.00016805579 6.275568e-06 0.0027694358 0.0036372268 2.523236e-07 5.4383587e-08 1.0433854e-08 2.2104264e-07 2.8304348e-07 1.18172885e-08 9.572694e-08 2.9553004e-07 2.507796e-07 0.0002443139 2.5277117e-08 1.24628e-06 2.3996196e-07 3.158852e-09 0.00040710776 1.6568794e-08 9.386311e-05 3.0198458e-07 5.1963707e-06 3.592199e-08 2.4775065e-07 0.00021582063 1.836523e-07 1.064752e-08 4.153435e-06 6.432153e-07 2.8912174e-08 3.450876e-08 4.5534648e-07 6.6631223e-06 3.6392807e-06 1.2552482e-07 2.3264652e-09 2.4597378e-08 2.6576212e-09 1.4202185e-08 1.7237802e-07 0.00033566105 8.293574e-10 5.2026556e-09 9.999865e-05
0.072242305 0.8817961 0.0063651246 0.37352931 0.09695266 0.98572665 1.8323782e-13 0.9996246 0.18200916 0.00055807544 3.8628949e-07 0.23186356 0.39343333 0.0046395585 0.40358317 0.004288771 0.033560112 0.0032202676 0.004199346 0.123948224 0.02969962 0.43441004 1.2865711e-06 0.0012113653 0.000470667 0.002657001 0.0011942232 0.00010426735 6.10483e-07 5.079934e-06 7.74484e-07 4.6878463e-06 5.8583123e-07 0.00078410725 2.5081201e-06 2.6552655e-07 3.9546667e-05 2.2897875e-05 4.5557827e-06 0.00014835765 8.467053e-08 6.687213e-07 1.3832166e-05 9.1138624e-08 9.148649e-05 0.00030475613 9.8438075e-05 5.2053107e-05 9.63141e-08 5.213182e-10 5.2474456e-06 2.471305e-07 4.0353467e-07 8.046888e-07 6.387526e-06 4.8353627e-08 3.2414166e-05 9.475183e-06 0.00020706572 0.00078433426 5.975647e-07 2.565742e-07 5.2833764e-07 6.604429e-07 5.6343492e-06 2.2065322e-07 1.2931954e-06 1.463238e-05 1.5917097e-07 0.00015392985 6.822177e-07 2.3596733e-06 1.0522828e-05 2.4028036e-08 0.00047929937 3.50694e-07 8.904799e-05 2.4673508e-07 2.6524942e-05 1.13514e-07 2.1819653e-07 0.00039774613 5.8469623e-06 4.740048e-08 0.00011340413 3.4219845e-06 1.9236753e-08 2.040051e-07 8.6420624e-07 8.004356e-05 0.0006997481 1.3171811e-07 5.3235847e-09 1.625927e-06 3.5926446e-06 2.3064427e-08 1.4425715e-06 0.0008425245 3.2591636e-08 1.0716411e-07 0.0003117842
0.02101644 0.0002922198 3.4882892e-06 0.013037632 0.0010237156 0.86985207 0.9996246 3.8150147e-13 0.027337937 1.3876362e-05 4.9246502e-08 0.8843415 0.7582057 0.003970533 0.9142524 0.0040504904 0.06607272 0.0043141926 0.0006635626 0.8181749 0.6804075 0.84126633 4.9329424e-06 0.0007875956 0.04240166 0.003078898 0.0008994203 0.008442889 0.0004910013 0.0032756557 0.00083379954 0.00011623933 0.0007705673 0.0020799374 0.00021133042 2.7947475e-05 0.0007101595 0.0015124928 7.469865e-07 0.00069143425 5.6683384e-05 0.00014961367 2.4999305e-05 1.8555853e-06 0.0008484052 0.0016903154 0.0013220616 7.5352546e-05 6.7956416e-06 1.794235e-07 6.8728135e-05 2.4899538e-05 7.741983e-05 8.956152e-06 0.0011654042 4.4019803e-06 5.6738874e-05 0.00029069188 0.0004292775 0.0009460733 6.4733495e-06 6.5104964e-06 4.2432016e-06 3.1146843e-05 4.237623e-05 2.3252555e-06 2.6411833e-05 0.00016805579 7.5468967e-07 0.0027635512 6.446754e-06 1.0276214e-05 9.326871e-06 2.221282e-07 0.00054945005 6.9482326e-07 0.0005902811 3.511818e-06 0.00027213004 6.952836e-06 9.872293e-07 0.0008882088 2.7024793e-05 6.8586864e-08 0.00026090647 7.1493114e-06 2.6716018e-06 6.623648e-07 7.037408e-05 0.0032293894 0.0027309435 5.19146e-07 3.6484963e-08 3.5551325e-06 1.9244007e-07 5.933581e-08 3.1686977e-05 0.00078634336 6.84943e-08 1.1292301e-06 0.00035514156
0.9630533 0.0008695415 0.014984894 0.014008049 0.9863296 0.7162102 0.18200916 0.027337937 9.0248056e-13 0.85583174 5.2489846e-05 0.19493435 0.7099712 0.95398426 0.0029105917 0.82157594 0.36203 0.27050024 0.84433615 0.00348992 0.00064718036 0.000121412886 4.2024807e-05 0.65286434 0.00040645155 0.019563645 0.394214 4.5025106e-05 1.2801786e-06 3.86149e-06 6.937407e-05 3.820289e-06 1.1802806e-06 0.34574848 3.811835e-06 7.4999156e-07 2.1013895e-05 0.00034695587 0.0026116315 0.021183364 5.4801035e-08 1.3358105e-06 0.0017210233 5.0754814e-09 0.0005748379 0.3092458 0.106320016 0.008124667 4.2768313e-08 2.8245063e-08 7.743774e-06 4.0567293e-06 9.4895796e-08 6.72886e-05 3.2784635e-06 7.397533e-07 0.0037380615 6.2849927e-07 0.010825708 0.012430841 2.193435e-08 7.384366e-07 1.2239827e-08 2.548203e-08 2.7857612e-07 8.023971e-08 2.9835693e-08 3.1256343e-07 8.756182e-07 0.00087947596 2.6318006e-08 7.183781e-07 2.0864508e-07 1.530733e-08 0.01230337 1.9030125e-08 8.728981e-06 2.6772065e-07 2.7900962e-06 1.0768079e-08 3.944574e-06 0.0015706685 2.8641555e-06 5.1800328e-08 7.3230835e-06 3.5740131e-06 4.2200994e-09 1.3417544e-07 4.2354367e-07 1.6664352e-06 6.121601e-06 1.8338875e-05 6.9413474e-08 7.985375e-06 8.247976e-06 7.039951e-07 4.5294706e-07 0.0026869266 5.6375736e-08 2.992874e-06 0.00041158442
0.05180099 0.008494347 0.51547766 0.00072052435 0.7796514 0.14076759 0.00055807544 1.3876362e-05 0.85583174 2.395688e-19 0.99995404 0.0027567733 0.010602179 0.8574964 1.2423622e-07 0.14175351 0.0026326384 0.003850179 0.96302557 2.6725127e-05 3.9081613e-05 1.9310054e-08 0.001993073 0.35884598 0.0009687466 0.0065580565 0.08488881 1.5171777e-06 1.3482712e-06 1.0296284e-05 3.5458784e-06 3.44627e-07 0.00017468422 0.7451916 2.0926732e-06 1.2350947e-07 3.597576e-07 0.0011128586 0.0747104 0.07726502 1.9801414e-08 4.4355008e-07 0.0028900488 1.2173449e-08 0.00013735675 0.014903722 0.004032441 0.011120763 1.4222306e-07 3.198608e-08 3.0327667e-09 3.4489003e-07 1.0290624e-06 5.836472e-10 6.558323e-05 2.1942174e-08 0.00080497825 1.566632e-07 0.015509845 0.0022259273 2.3721345e-08 3.0326294e-08 4.102701e-08 5.573959e-07 6.1850066e-08 6.097377e-09 2.7067787e-07 2.246254e-06 1.1588861e-07 0.00013853032 1.2471831e-07 3.0637386e-07 2.0773534e-07 8.580334e-08 0.0011823131 2.450558e-09 9.898243e-06 1.0571823e-07 4.7920225e-06 6.6760744e-09 5.0471908e-11 9.1278285e-05 1.6797301e-07 7.0139965e-09 2.7862302e-06 1.0507929e-08 3.5367616e-09 1.841661e-08 3.6299493e-08 1.2267529e-05 2.6080708e-05 1.6305682e-10 7.9310676e-11 1.3229328e-09 1.069703e-11 4.4411783e-10 7.5124005e-09 0.00039677092 5.840171e-13 1.0719021e-08 0.00013935729
0.003453713 0.00022579358 0.00029224658 2.4908645e-06 0.00048798867 1.1217312e-05 3.8628949e-07 4.9246502e-08 5.2489846e-05 0.99995404 1.3873355e-15 1.8774994e-06 7.8234585e-08 7.919417e-06 1.7099245e-08 3.9157435e-08 3.551466e-08 1.3426412e-09 0.00059048744 7.3388414e-08 1.182913e-08 3.6071093e-09 0.9998947 2.269003e-06 1.4450455e-08 3.1425756e-07 2.5493878e-07 1.0427851e-07 9.604022e-08 1.1658136e-08 2.740956e-07 1.9344752e-07 1.6932749e-08 0.0014879131 9.461296e-08 8.6199485e-08 3.7508666e-08 2.2997033e-09 0.0027687799 0.00025912756 1.741256e-09 5.5079217e-09 0.00028261694 2.2558209e-09 4.842273e-09 1.9661835e-05 5.565784e-07 7.51992e-05 4.163629e-09 1.099576e-08 4.5065243e-10 1.378284e-07 1.3620257e-08 2.0727136e-08 1.6979644e-08 1.683388e-07 0.0003888361 7.669521e-08 3.4153385e-05 2.4406692e-05 5.785681e-08 2.2566216e-07 1.1671553e-08 1.6507465e-07 1.05444556e-07 5.593275e-08 6.4185464e-08 1.3261919e-07 3.0184885e-06 1.8697989e-07 3.578242e-08 1.2019692e-07 7.415202e-08 1.7013173e-07 0.00020573588 5.78378e-09 1.0507313e-07 1.1858214e-06 7.292849e-08 3.0105447e-08 2.7591676e-07 1.1481822e-07 9.388491e-08 1.2542813e-07 3.2236702e-08 8.0563126e-08 4.7673615e-10 6.693202e-08 4.7711755e-09 1.6484805e-06 1.3308271e-08 7.4764394e-08 3.8160433e-08 1.829049e-07 9.927729e-08 9.331655e-10 2.7601268e-10 1.4378178e-06 1.1308114e-09 1.4874793e-08 8.449323e-08
0.83078593 0.0005751653 0.00023658994 0.0021743889 0.005853711 0.15574394 0.23186356 0.8843415 0.19493435 0.0027567733 1.8774994e-06 1.3269589e-16 0.97970957 0.02666208 0.99824005 0.0525358 0.30132988 0.09330475 0.016041894 0.4818483 0.915818 0.014365927 7.815361e-06 0.010074039 0.51559454 0.28577355 0.020075697 0.08410281 0.007445194 0.028360445 0.0061146202 0.00079619273 0.0011236575 0.0008225712 0.0013404039 0.000111804395 0.000904837 0.017744297 0.00018244718 0.0009297683 3.1189124e-06 0.00015938433 0.0004685256 2.6643302e-06 0.00921436 0.008247479 0.026441691 0.0005934957 3.7183142e-06 1.7565512e-08 5.5354954e-05 2.748441e-06 4.0906953e-06 1.5486212e-05 0.00088527723 3.9506876e-08 0.0011760191 1.0748668e-06 0.003094811 0.0027342495 1.4881586e-07 2.3072361e-07 1.0936108e-08 7.890416e-08 2.3096127e-06 5.738051e-08 1.2402526e-07 9.944534e-07 9.3132975e-08 0.00081456034 6.046112e-08 8.3174604e-07 1.2480165e-06 9.395288e-10 0.003344226 7.773822e-08 1.2597069e-05 5.5308323e-08 2.749145e-05 3.926221e-08 7.662922e-09 0.0021383928 3.4211912e-06 4.8519246e-09 7.030129e-05 2.3559203e-06 8.426589e-10 5.6405316e-08 2.1955144e-07 9.450989e-06 7.0917677e-06 3.1978288e-07 3.4871311e-10 1.3338272e-06 2.9758156e-09 1.4204352e-08 1.6852184e-06 0.0037078965 3.1470965e-08 2.1551493e-08 0.00026079855
0.9503533 3.1355645e-05 8.1760416e-05 0.013399611 0.23712464 0.85167056 0.39343333 0.7582057 0.7099712 0.010602179 7.8234585e-08 0.97970957 4.5852245e-14 0.061981604 0.38643187 0.36806837 0.98135656 0.3462438 0.014801532 0.18196464 0.6095665 0.0005548312 4.776045e-06 0.042763777 0.6472906 0.28885877 0.08178058 0.021383591 0.0033906705 0.009313449 0.004992714 0.0006540443 0.0019328095 0.004851858 0.00058730925 0.00016408828 0.0004004725 0.040761266 0.00020809176 0.002776208 9.367992e-06 0.0005601761 0.00031554847 3.7565817e-07 0.031295996 0.068753295 0.153995 0.0016786405 7.168154e-06 1.9190375e-06 1.973574e-05 5.8974172e-05 5.2479434e-05 2.5582336e-05 0.0015401082 3.1429277e-06 0.0005545439 6.5657696e-05 0.001910869 0.002599632 8.815227e-07 3.4100283e-06 8.311117e-07 1.3012888e-06 1.6185097e-05 2.1698913e-06 7.533666e-07 2.9188957e-05 4.908107e-07 0.0021669238 1.3267974e-06 6.4797206e-07 4.094513e-06 8.23124e-08 0.0044651916 2.0413763e-07 6.1190236e-05 1.0756811e-06 4.4301316e-05 1.9785132e-07 1.8337485e-06 0.0016918094 2.0491452e-05 9.1283724e-08 4.3365224e-05 2.469902e-06 2.5435801e-08 3.38754e-08 1.6308202e-06 1.9060195e-05 7.9301986e-05 7.2065045e-06 3.903715e-08 2.3226291e-06 1.5362551e-06 2.0583703e-07 6.0515226e-06 0.0025765202 7.943902e-08 7.6845834e-07 0.0010348341
0.8164798 0.00014400439 0.00060956745 0.00040522346 0.2646707 0.22662725 0.0046395585 0.003970533 0.95398426 0.8574964 7.919417e-06 0.02666208 0.061981604 2.0217716e-14 0.0002415293 0.9915109 0.10538272 0.36314383 0.9763384 7.113847e-05 0.0001083134 2.155159e-05 6.683535e-05 0.89177465 0.00035160742 0.1959292 0.35147637 5.4184384e-06 5.8405035e-06 1.2910696e-06 1.206624e-05 5.7386924e-06 5.5725e-06 0.2702819 2.9969724e-06 4.9016603e-07 5.4368343e-06 0.0033723537 0.0058503263 0.023208441 9.844755e-09 2.5836011e-06 0.0019431056 1.1067643e-07 0.0019298246 0.26536763 0.2783765 0.0051055807 9.697031e-08 1.5485373e-08 1.5768209e-06 6.2934976e-07 1.8319846e-06 6.6092986e-07 0.0001243788 6.788199e-08 0.003637518 8.374664e-07 0.009026737 0.009759364 3.861217e-08 4.087005e-07 2.7068522e-08 4.6800196e-08 4.600773e-07 1.8443362e-08 3.074693e-08 1.2445627e-06 1.4349513e-07 0.0021383418 3.3477275e-07 4.789653e-07 8.2941483e-07 3.9805798e-08 0.004652641 5.3616858e-09 1.0750335e-05 2.6136507e-07 4.3071745e-06 8.491519e-09 3.1973027e-08 0.0016967569 2.1203152e-06 8.526985e-08 6.764712e-05 1.4756448e-06 5.2054516e-10 1.53458e-08 1.7434394e-07 2.3815634e-05 3.743066e-06 7.3199686e-08 1.1292552e-09 1.5732257e-07 1.753485e-08 5.2499354e-07 1.0168161e-07 0.001280208 1.9995037e-09 7.2127096e-07 0.0002123217
0.25474328 0.00011796145 1.2296466e-06 0.00075494923 0.00024996864 0.07368729 0.40358317 0.9142524 0.0029105917 1.2423622e-07 1.7099245e-08 0.99824005 0.38643187 0.0002415293 6.535879e-17 0.00091816485 0.034559395 0.0020157553 4.01653e-05 0.9877513 0.82124233 0.034455247 1.0996583e-07 5.837372e-05 0.09947065 0.01773275 9.5290605e-05 0.27668983 0.021904137 0.003487774 0.04065545 0.04587951 0.00014823787 2.6521618e-06 0.00014343695 0.0013614792 0.016873375 0.00043456865 8.24596e-07 6.7222823e-06 4.6055693e-06 1.7104327e-05 1.4580618e-05 6.284594e-06 0.00011476191 2.6171203e-05 0.00018417825 4.31683e-06 3.255464e-06 6.493435e-07 0.0003572105 2.9801073e-05 8.442779e-07 3.2399734e-05 8.635657e-06 2.2555382e-06 1.458011e-06 1.5977865e-06 3.0501878e-05 6.1984785e-05 3.0739758e-07 6.922833e-07 3.5343575e-07 2.1301116e-07 9.1067176e-07 9.1609843e-07 4.0889813e-07 1.4446165e-07 9.1352e-06 3.4663506e-05 6.9995394e-08 9.451692e-06 1.00684424e-07 1.8454095e-08 4.9130056e-05 7.2284955e-08 2.6261193e-06 9.935491e-07 3.8766884e-06 2.0544421e-07 2.6072291e-06 0.00020691156 1.1027403e-06 6.8401445e-09 7.745878e-06 2.8379001e-05 3.1870798e-08 1.2377582e-07 4.4427843e-08 2.0979924e-06 2.7907804e-06 1.2249426e-06 2.4471355e-08 1.0176169e-06 5.6113635e-07 8.4521766e-08 1.5481396e-07 0.0001592134 1.7241115e-08 3.2939062e-07 1.4866124e-05
0.4611239 2.2943297e-05 0.00020623072 0.0004236397 0.112035036 0.1775592 0.004288771 0.0040504904 0.82157594 0.14175351 3.9157435e-08 0.0525358 0.36806837 0.9915109 0.00091816485 3.043019e-15 0.9217299 0.9868658 0.48085538 0.00031927353 0.0026699274 9.071659e-06 9.766863e-06 0.7125614 0.010291593 0.67626405 0.14138167 8.641077e-06 0.00012031752 0.00014803457 0.00028861902 0.00014768502 0.000117484866 0.03620451 3.4304525e-05 4.8181497e-05 1.6671377e-06 0.013490958 0.00078524434 0.0057777064 3.3414315e-07 2.6265769e-05 0.0003091252 4.848007e-07 0.005078135 0.113410115 0.19853842 0.0012128039 1.6057189e-06 1.2271016e-07 7.4494193e-07 7.390668e-06 2.7305981e-05 6.7794815e-07 0.0006775349 1.6865224e-06 0.00057637884 1.1860583e-05 0.0015142824 0.0017335936 8.6012886e-07 2.7248362e-07 2.4833966e-07 1.2395486e-06 6.7178794e-06 6.675858e-07 4.3035593e-07 9.3915005e-06 3.9787983e-07 0.0014155604 3.3438491e-06 2.4205985e-06 1.0491093e-05 2.944374e-07 0.001196821 7.460072e-08 3.6625443e-05 7.0810114e-07 3.342649e-05 3.9169834e-08 9.3521734e-08 0.000672285 2.0005204e-05 1.7322044e-07 7.737569e-05 2.237358e-06 7.3414554e-09 6.465397e-08 8.263278e-07 2.5964913e-05 1.5543279e-05 8.6097245e-09 1.4137315e-09 3.1604024e-08 4.6422443e-08 5.9028665e-08 2.6553568e-07 0.00079756224 2.4220268e-09 5.005381e-06 0.00015862855
0.96485066 8.102784e-06 5.7565638e-05 0.00045945586 0.03611418 0.30769596 0.033560112 0.06607272 0.36203 0.0026326384 3.551466e-08 0.30132988 0.98135656 0.10538272 0.034559395 0.9217299 1.5878456e-14 0.97041523 0.03850595 0.007729383 0.17737095 8.174817e-05 2.3124646e-06 0.35728192 0.6255852 0.91899854 0.37434345 0.0022850912 0.00055811455 0.0019331605 0.0017572325 0.00017402442 0.005338727 0.022569166 0.00064666214 0.00012975278 0.00013869516 0.3490368 0.00046183294 0.010825356 6.0530147e-05 0.0022965204 0.00015521143 1.3444672e-07 0.10072531 0.34437424 0.67442286 0.0051246276 6.0584323e-05 2.3017603e-06 0.0001106155 9.033142e-05 0.0003320635 1.2115963e-05 0.025957828 4.7633675e-06 0.0008526486 0.00022526729 0.007702282 0.010696549 3.126229e-06 3.370601e-05 4.89601e-06 3.636259e-06 3.515261e-05 5.7303027e-06 2.7802816e-06 8.93972e-05 1.9514603e-06 0.013315339 2.2413603e-06 1.0969434e-05 2.1636744e-05 2.7196802e-07 0.0046925675 1.8585382e-07 0.0008820223 1.8964378e-06 0.0001127674 8.2560945e-07 1.483425e-06 0.0073992983 2.5790925e-05 1.4025639e-07 0.00089496543 1.37852585e-05 8.134903e-09 1.3900859e-06 6.5268185e-05 0.00030997067 0.00031641423 3.0361934e-07 6.2217566e-08 1.7353494e-05 5.3916036e-08 5.8443195e-08 1.235923e-05 0.0054029156 9.4602655e-08 6.3858574e-06 0.0031587183
0.7198566 1.1824657e-05 5.9102463e-06 7.814284e-05 0.022924053 0.11305327 0.0032202676 0.0043141926 0.27050024 0.003850179 1.3426412e-09 0.09330475 0.3462438 0.36314383 0.0020157553 0.9868658 0.97041523 1.262528e-15 0.12246311 0.00037000334 0.00998729 1.6447768e-05 2.2524341e-06 0.7821531 0.07057363 0.96239847 0.37469998 0.000109220084 0.00010427062 0.00035177357 0.00038744116 8.088829e-05 0.00037725657 0.03296579 8.648189e-05 1.5017927e-05 1.0330581e-05 0.3158431 0.00041915075 0.0062844655 1.7304222e-06 0.00026626894 9.0257636e-05 2.0038733e-07 0.07135143 0.28336176 0.66912496 0.00058348285 1.6017576e-06 3.0969936e-08 1.0853533e-05 7.279821e-06 0.000114184506 3.4113261e-06 0.0072191306 6.138001e-07 0.000341839 3.544241e-05 0.002442666 0.005445556 2.503108e-07 1.4557213e-06 6.70433e-08 3.7638793e-07 2.686697e-06 3.637641e-07 3.1463662e-07 1.4317855e-05 5.0671e-07 0.009708118 3.7749547e-07 1.5617945e-05 9.080913e-06 5.588061e-08 0.0009894506 1.719648e-08 0.00011462901 9.035883e-07 0.000120794764 1.558425e-08 9.159399e-08 0.002650847 2.8394246e-05 3.471182e-08 0.00010171415 1.7794167e-05 8.041076e-10 2.1436655e-07 1.6482146e-06 5.8306287e-05 1.19351425e-05 2.4600755e-08 1.5882705e-09 6.994492e-07 9.256939e-09 4.2707914e-08 6.6117326e-07 0.002188756 2.3170028e-08 8.755172e-07 0.0005064342
0.85197663 0.00020088014 0.0038811313 0.00092693965 0.46415883 0.0945155 0.004199346 0.0006635626 0.84433615 0.96302557 0.00059048744 0.016041894 0.014801532 0.9763384 4.01653e-05 0.48085538 0.03850595 0.12246311 1.0582442e-13 5.8662768e-06 0.00025743534 2.055767e-05 0.0042436714 0.98096406 0.0009831758 0.3024443 0.5100476 2.500819e-06 2.1483156e-05 1.5541767e-05 2.3115352e-05 4.5960965e-06 3.5369405e-05 0.772642 1.907596e-05 1.7214287e-06 7.449263e-07 0.013752518 0.04347589 0.11310691 1.819837e-08 1.179925e-06 0.0056635863 7.848175e-07 0.0031002404 0.50550497 0.16180691 0.026281524 6.827987e-08 3.859052e-08 1.0742068e-06 1.3172301e-07 4.622797e-06 2.1039996e-06 0.000502284 1.504829e-07 0.017947745 3.3405313e-06 0.06406237 0.058543786 2.2346168e-07 2.3571272e-06 1.154127e-07 6.2572303e-07 2.4160302e-06 3.7348467e-08 1.6658163e-07 3.939172e-06 4.777938e-07 0.0030369407 4.1912213e-07 1.0527875e-07 3.198422e-06 1.3022365e-07 0.011987149 5.4096404e-08 4.1237294e-05 6.2229526e-07 1.337823e-05 2.5428864e-08 2.9345176e-07 0.0014158838 5.6531817e-06 1.5784119e-07 3.163456e-05 1.0413943e-06 2.1340214e-09 1.975e-08 4.9454883e-07 0.00011414227 7.657765e-05 3.0904485e-07 3.3889471e-09 7.6612565e-07 2.9304806e-08 1.4876022e-07 2.4108914e-07 0.0013431788 3.946303e-09 1.9210754e-08 0.0003119683
0.09922155 0.0015512804 4.3277455e-06 0.00026392884 7.048685e-05 0.010914672 0.123948224 0.8181749 0.00348992 2.6725127e-05 7.3388414e-08 0.4818483 0.18196464 7.113847e-05 0.9877513 0.00031927353 0.007729383 0.00037000334 5.8662768e-06 2.3872362e-15 0.7450275 0.99992263 1.21023595e-05 5.199224e-05 0.019154852 0.0027094483 1.5108197e-05 0.7304734 0.0045920922 0.0021145614 0.16501111 0.015861064 1.479635e-05 2.0770503e-05 2.4158146e-05 0.0025753223 0.024226133 0.00028300477 1.0644674e-05 3.5651958e-06 1.6807606e-07 3.1501177e-06 2.7500744e-06 6.0154052e-06 1.3856842e-05 6.215787e-05 0.00010498244 4.7788853e-07 2.6973279e-08 6.500997e-08 0.0010404052 8.262424e-06 7.3059226e-08 1.3459132e-05 2.544378e-06 2.6694392e-08 3.1725798e-05 2.9345907e-07 0.0001003638 0.00019995296 1.2551207e-08 1.3166511e-05 6.7140554e-08 1.0012193e-08 3.5627266e-09 3.5772796e-08 5.274915e-10 2.7791194e-07 1.6171894e-08 0.0001309152 1.5636378e-09 8.153732e-07 1.5334281e-07 5.0511995e-10 0.00010808112 1.7819265e-09 4.283232e-06 1.4433606e-07 1.1354609e-06 4.6778688e-08 1.2321387e-08 0.0006475477 5.2780603e-08 7.454759e-10 1.3057956e-07 5.309873e-06 3.046221e-10 5.911725e-07 1.1184443e-07 9.451555e-06 3.454882e-07 8.8081126e-10 4.336266e-09 1.1558535e-06 1.31766535e-08 1.7557397e-09 1.2619843e-07 0.00077950663 4.0776825e-08 1.1543257e-06 7.314547e-06
0.9058144 3.459493e-06 2.248248e-07 4.1702064e-05 0.00010070945 0.04310767 0.02969962 0.6804075 0.00064718036 3.9081613e-05 1.182913e-08 0.915818 0.6095665 0.0001083134 0.82124233 0.0026699274 0.17737095 0.00998729 0.00025743534 0.7450275 1.1263865e-15 0.012898669 5.5981286e-07 0.0012262091 0.97950417 0.40333104 0.0038100039 0.9345272 0.7068355 0.7774345 0.66996264 0.67585063 0.12140662 5.8777932e-05 0.03742297 0.10848687 0.24141535 0.13050182 5.4124193e-05 5.37488e-05 0.00081396743 0.016930735 5.3284362e-05 0.0014853831 0.044102576 0.002480177 0.06630943 3.6991845e-05 0.008128039 0.0004862925 0.018827409 0.0013760048 0.010162103 0.00032092506 0.028452335 2.3888426e-05 0.0007679479 0.00021593859 0.00049001747 0.0010631424 4.3236696e-06 0.00039462524 4.9749756e-06 8.26817e-06 6.958319e-05 8.56883e-06 1.299198e-06 5.5663626e-05 2.5560561e-05 0.004099055 7.647303e-06 0.00010486057 2.0387013e-05 1.3977714e-07 0.0017777251 5.3210374e-07 0.0005070503 1.3098949e-06 0.00041050464 6.0181446e-07 3.635411e-07 0.004294794 0.00011359734 3.6795882e-08 0.00097376417 0.00062900654 7.4495496e-08 2.900479e-07 8.2661045e-06 0.00030585582 9.957783e-05 6.503022e-07 6.396764e-09 1.3504079e-07 5.1575773e-07 1.7856811e-07 1.26013e-05 0.0056159226 1.2494765e-08 5.4776006e-06 0.0009723393
0.0001189751 0.0013773624 3.0900167e-06 0.0004282383 7.960302e-05 0.013289928 0.43441004 0.84126633 0.000121412886 1.9310054e-08 3.6071093e-09 0.014365927 0.0005548312 2.155159e-05 0.034455247 9.071659e-06 8.174817e-05 1.6447768e-05 2.055767e-05 0.99992263 0.012898669 2.7345855e-18 6.5756063e-07 3.3460394e-05 8.59982e-05 4.376269e-05 1.1716234e-05 0.9814966 0.00020855207 8.526453e-05 0.048011817 0.1622714 3.3253553e-05 9.206804e-06 1.1051041e-05 0.002095645 0.65688396 4.691697e-06 2.78084e-07 2.669642e-05 8.3413784e-07 2.8053043e-06 1.0863707e-06 1.171934e-07 1.8564995e-05 4.755256e-06 1.1472103e-05 3.1111274e-05 1.340395e-05 2.8448805e-05 0.1736353 0.0012915032 6.853151e-07 0.0024317757 1.1685804e-05 3.4830155e-05 2.1240392e-06 1.2936554e-06 2.8593279e-06 1.3226852e-06 6.627544e-06 0.00016853632 1.8792658e-06 7.0143915e-07 2.8245995e-07 7.296241e-07 2.0375282e-06 4.4642625e-06 5.5495715e-05 1.7984888e-05 2.071135e-06 1.7610626e-05 1.8862701e-06 1.6522492e-05 5.9771774e-06 1.6065836e-07 1.3200948e-05 2.344049e-06 1.0711344e-05 4.353175e-07 3.1984204e-05 7.688253e-06 3.810345e-06 5.0539807e-06 6.2824065e-06 0.003546777 3.7044128e-07 7.889167e-06 8.126394e-08 2.9949144e-05 9.1768464e-07 4.6497703e-07 3.0229966e-08 3.0399385e-06 1.115423e-06 2.0112318e-06 6.48303e-08 1.1455507e-05 8.861877e-08 5.7481924e-07 2.1752078e-06
0.96101224 7.459286e-05 0.00018528389 4.7528603e-05 0.0012073683 6.638965e-05 1.2865711e-06 4.9329424e-06 4.2024807e-05 0.001993073 0.9998947 7.815361e-06 4.776045e-06 6.683535e-05 1.0996583e-07 9.766863e-06 2.3124646e-06 2.2524341e-06 0.0042436714 1.21023595e-05 5.5981286e-07 6.5756063e-07 3.22657e-14 0.0006725255 1.8584683e-06 3.1872427e-05 0.0003049794 6.1619216e-06 1.02732685e-08 1.2082447e-08 8.6833603e-07 7.0741737e-07 2.092187e-07 0.96459764 5.989662e-08 1.8927354e-08 6.398677e-06 2.5633693e-07 0.86307657 0.28540215 1.1948404e-08 1.5705604e-07 0.19335891 9.286136e-09 8.320737e-07 0.009543772 0.00014791082 0.42336333 5.205246e-09 5.740051e-09 6.8021706e-08 3.9813617e-08 1.0534378e-08 5.328365e-07 2.115039e-07 4.9138134e-08 0.715992 1.9629486e-08 0.3600494 0.33127004 1.2429464e-09 1.4252606e-06 5.775234e-10 4.903465e-09 6.768325e-09 4.1611914e-09 4.6442348e-09 1.518662e-07 1.5455537e-07 8.768162e-06 2.0086315e-09 2.283052e-07 9.602991e-09 1.8290752e-09 0.16181624 2.347924e-10 7.622456e-07 3.3960276e-08 4.471629e-08 2.7364488e-10 1.7579556e-08 4.905257e-05 1.9782378e-09 2.8851493e-10 7.273915e-08 2.3028603e-08 5.4273665e-11 2.6400695e-09 2.1350707e-10 6.6647584e-07 1.8652236e-07 8.6711577e-10 3.6238113e-09 2.5999998e-07 1.6914836e-08 4.2082093e-10 2.1886695e-09 0.0021386773 3.2752488e-11 2.0404352e-08 7.895948e-06
0.78387856 0.00010638783 0.00034717066 0.00015022747 0.099031255 0.04129268 0.0012113653 0.0007875956 0.65286434 0.35884598 2.269003e-06 0.010074039 0.042763777 0.89177465 5.837372e-05 0.7125614 0.35728192 0.7821531 0.98096406 5.199224e-05 0.0012262091 3.3460394e-05 0.0006725255 1.1098351e-12 0.002982705 0.5261935 0.99366075 5.876916e-06 0.00014224323 0.00022205737 5.829922e-05 1.4607646e-05 0.00023458833 0.33152935 0.00019958107 2.5084576e-06 4.767132e-07 0.10500516 0.0052820216 0.034583405 6.2719096e-07 1.1210616e-05 0.00090004416 5.026383e-07 0.009548579 0.5706373 0.46749428 0.003291526 2.800326e-07 3.5790748e-08 2.3926693e-06 1.5517722e-06 1.526199e-05 5.7243433e-06 0.0011734262 1.1444391e-07 0.0027769918 4.9993605e-06 0.02800981 0.04205111 5.185245e-07 3.796154e-07 2.294437e-07 1.5047422e-06 3.4959023e-06 1.4657212e-07 7.13776e-07 3.8468315e-06 2.8899234e-07 0.0031566916 3.7404592e-07 4.4160052e-07 5.1284505e-06 8.412001e-08 0.010988293 3.8967002e-08 3.319218e-05 7.734452e-08 3.023082e-05 2.6390342e-08 2.883561e-07 0.0028615934 2.8985183e-05 7.0617475e-08 6.938135e-05 3.6941398e-07 5.0882467e-09 2.0964462e-08 1.6471932e-06 8.53936e-05 2.961906e-05 2.5316285e-07 3.837209e-08 1.7843429e-07 7.822713e-08 1.0571559e-07 2.509369e-06 0.0031129487 1.9409642e-08 4.3287588e-07 0.0011372769
0.9823347 7.944459e-07 2.5638485e-07 4.861671e-05 0.00053822156 0.010522848 0.000470667 0.04240166 0.00040645155 0.0009687466 1.4450455e-08 0.51559454 0.6472906 0.00035160742 0.09947065 0.010291593 0.6255852 0.07057363 0.0009831758 0.019154852 0.97950417 8.59982e-05 1.8584683e-06 0.002982705 1.7229623e-14 0.8131107 0.007051069 0.22734983 0.6643492 0.9121148 0.52087 0.28981313 0.7400536 0.0006222805 0.46256524 0.38703576 0.09107683 0.83718413 0.0003899706 0.0012375419 0.0043190643 0.19598012 0.0002470081 0.0011511679 0.39512718 0.01491398 0.3815271 0.0004970867 0.011898509 0.017217655 0.016586488 0.014360975 0.07101123 0.0009373462 0.36054197 0.0013586665 0.0017125391 0.00019863414 0.0014098667 0.0056829453 1.2135703e-05 0.0030311986 3.5821174e-06 1.5658628e-05 3.4068544e-05 8.196194e-06 1.1858294e-06 0.00032705755 0.00026092265 0.042131666 2.4191782e-05 8.179145e-05 0.00010989189 1.2897627e-06 0.006081153 3.5760365e-07 0.004301953 4.0570503e-06 0.0010401652 2.3319654e-07 3.7058973e-07 0.012018318 0.00017795991 2.3498225e-07 0.006200587 0.0011499505 1.0331019e-08 1.7429466e-06 2.802546e-05 0.00031416662 0.00015621245 2.9520666e-07 5.4139548e-08 6.14314e-06 5.4462376e-08 9.173665e-08 3.4506444e-05 0.0065548276 2.0856378e-08 3.119271e-05 0.0012685384
0.9240345 6.1750698e-06 1.6731688e-05 0.0001368532 0.009003545 0.048564903 0.002657001 0.003078898 0.019563645 0.0065580565 3.1425756e-07 0.28577355 0.28885877 0.1959292 0.01773275 0.67626405 0.91899854 0.96239847 0.3024443 0.0027094483 0.40333104 4.376269e-05 3.1872427e-05 0.5261935 0.8131107 5.6462732e-14 0.56525034 0.011032921 0.015695514 0.055948716 0.017243363 0.0056425575 0.10490136 0.006389235 0.0046691825 0.0004279211 0.0015752483 0.97785276 0.0004536628 0.009719115 0.00011150179 0.026367383 0.00022806117 3.604555e-05 0.59885633 0.17240494 0.87740207 0.0015272925 0.0014446566 2.8048618e-05 0.00040662484 0.00011551131 0.005491514 8.1226484e-05 0.26250756 1.190177e-05 0.0018631304 0.00017624594 0.012765883 0.041512884 3.6890897e-06 2.4698937e-05 3.2396872e-06 1.3779739e-05 2.3531282e-05 1.504349e-06 4.195647e-06 0.00023166167 2.6356276e-05 0.12623692 1.599022e-05 7.539434e-06 4.959431e-05 1.1313073e-06 0.009945176 7.332346e-07 0.003564909 5.2079275e-07 0.00062376703 4.89393e-07 1.3086163e-06 0.04273689 0.00017043129 2.9987635e-07 0.0053205686 9.673244e-05 1.7156061e-07 2.1711527e-07 5.5618948e-05 0.00090499106 0.00063099613 7.147542e-07 8.289577e-09 3.445401e-06 2.646484e-08 2.6901313e-07 7.570383e-05 0.019728018 2.8365783e-08 3.1710763e-07 0.0050222264
0.9159683 2.9849713e-05 3.99016e-05 4.398579e-05 0.08204022 0.034768138 0.0011942232 0.0008994203 0.394214 0.08488881 2.5493878e-07 0.020075697 0.08178058 0.35147637 9.5290605e-05 0.14138167 0.37434345 0.37469998 0.5100476 1.5108197e-05 0.0038100039 1.1716234e-05 0.0003049794 0.99366075 0.007051069 0.56525034 1.07247974e-14 2.476505e-05 9.9485194e-05 7.929397e-05 2.5400956e-05 3.748796e-06 5.6542467e-05 0.2958436 3.330084e-05 5.2999843e-07 2.6609196e-06 0.38468447 0.005512119 0.06691715 5.6512896e-08 2.311165e-05 0.00062995416 4.9032717e-08 0.087885745 0.97179896 0.92638534 0.005294115 6.517569e-07 1.1985906e-08 4.235257e-06 9.333889e-08 1.3023408e-05 3.116382e-06 0.016137527 8.579398e-09 0.017601585 9.193122e-07 0.12707739 0.20524 5.3266653e-08 4.0156874e-07 1.0381547e-08 1.2463781e-07 4.691942e-08 3.9352384e-09 4.5477687e-08 2.2978434e-06 3.2482042e-08 0.06391286 6.0018294e-08 6.347641e-08 6.950578e-07 6.4624097e-09 0.02616383 2.3756381e-09 8.452076e-05 9.102692e-08 1.4531614e-05 1.4645012e-09 4.4710834e-08 0.029125841 1.0771351e-05 2.896465e-09 0.00032754356 1.2302213e-06 1.2167911e-10 7.640359e-09 8.463045e-07 6.32335e-05 3.607313e-05 1.01131526e-07 2.2911054e-08 1.1297422e-07 1.2497911e-08 3.0576565e-08 7.9930663e-07 0.012453973 5.8400382e-09 5.1418493e-08 0.0016947212
0.18397471 1.03075145e-05 1.1648401e-08 9.325878e-07 5.558835e-07 3.1852705e-05 0.00010426735 0.008442889 4.5025106e-05 1.5171777e-06 1.0427851e-07 0.08410281 0.021383591 5.4184384e-06 0.27668983 8.641077e-06 0.0022850912 0.000109220084 2.500819e-06 0.7304734 0.9345272 0.9814966 6.1619216e-06 5.876916e-06 0.22734983 0.011032921 2.476505e-05 4.2953858e-17 0.16260797 0.06596865 0.8408985 0.9813842 0.0048629786 3.685782e-07 0.006650695 0.23287272 0.45995933 0.0016992305 9.872939e-06 3.0977264e-06 0.00015706556 0.00016060068 5.1947504e-06 0.00046702556 0.0013346537 0.00066666026 0.000650852 6.2835477e-07 0.00079997093 0.0013250366 0.020789495 0.011201882 0.00015472047 0.0011954675 0.0015496229 0.0004015728 2.9934521e-05 6.902898e-05 2.4100455e-05 5.3272117e-05 2.6275464e-05 0.0004677303 1.0494215e-05 4.3664245e-06 3.023693e-05 9.910054e-05 1.835645e-06 2.0576992e-05 5.736678e-06 0.0038203644 9.784179e-07 2.1869486e-05 1.0488841e-05 1.8051973e-07 5.6473382e-05 6.5259786e-07 0.00025665315 3.1479372e-06 0.00013718015 3.7366963e-06 1.7421207e-06 0.0016121874 4.8745816e-05 2.6060704e-08 9.203016e-05 0.00018282932 8.567126e-07 1.9545166e-06 1.5074432e-05 8.7705994e-05 5.955723e-05 2.331296e-07 1.2336978e-08 4.3232674e-07 1.8675403e-08 8.081307e-08 1.075735e-05 0.0015519166 1.0362174e-09 1.6848513e-05 5.1035604e-05
0.9282209 1.22617445e-08 2.7563507e-09 2.2096942e-06 5.65935e-07 2.4362555e-05 6.10483e-07 0.0004910013 1.2801786e-06 1.3482712e-06 9.604022e-08 0.007445194 0.0033906705 5.8405035e-06 0.021904137 0.00012031752 0.00055811455 0.00010427062 2.1483156e-05 0.0045920922 0.7068355 0.00020855207 1.02732685e-08 0.00014224323 0.6643492 0.015695514 9.9485194e-05 0.16260797 2.9411894e-14 0.98559916 0.98254436 0.3448341 0.50831544 0.00011517998 0.48095167 0.92559445 0.08193534 0.045851607 3.3195287e-05 0.00010131152 0.059435684 0.116712734 2.6896234e-05 0.3024406 0.024941677 0.00029115216 0.0032328346 5.1288644e-05 0.07350627 0.28824002 0.018662691 0.09274338 0.029474592 0.0074712085 0.03455536 0.025557922 7.947877e-05 0.004457839 0.00018682348 0.00020644638 0.0008590722 0.018405804 0.0009602059 0.00062881823 0.00080845604 0.0012479733 0.00013272518 0.0015688472 0.0034328513 0.003731369 0.00018684988 0.0030965523 0.00021288292 7.204783e-05 0.0003688748 9.946479e-05 0.00254023 0.00053699565 0.0016228637 0.00011042314 0.00016755697 0.0016406645 0.00018417455 6.0480497e-06 0.0010114021 0.0014896651 2.1156939e-06 5.6098113e-05 0.00016509429 0.00013301586 0.00012692886 1.1150374e-05 3.397662e-07 6.2124004e-06 2.909068e-06 8.75215e-07 0.00016409751 0.0028638663 3.0405587e-08 3.479115e-05 0.0014427037
0.95556486 2.338999e-09 2.097461e-09 2.7239696e-06 2.5339536e-06 0.0005789065 5.079934e-06 0.0032756557 3.86149e-06 1.0296284e-05 1.1658136e-08 0.028360445 0.009313449 1.2910696e-06 0.003487774 0.00014803457 0.0019331605 0.00035177357 1.5541767e-05 0.0021145614 0.7774345 8.526453e-05 1.2082447e-08 0.00022205737 0.9121148 0.055948716 7.929397e-05 0.06596865 0.98559916 4.645649e-14 0.6195454 0.16697256 0.9306808 2.9547484e-05 0.92999464 0.7087306 0.03151011 0.27549028 1.2956253e-05 9.119328e-05 0.06453941 0.269657 3.6023775e-06 0.23538196 0.12906097 0.00030180943 0.019613951 3.2531567e-05 0.101266496 0.1818237 0.0124768345 0.034707382 0.091697596 0.0042828303 0.25633812 0.016337072 3.6968147e-05 0.00196561 0.00024684845 0.0004316826 0.00016564563 0.015619874 0.00023494118 0.00024180586 0.00023362873 0.000542846 1.9832929e-05 0.0012617265 0.006515271 0.016215857 5.210914e-05 0.0027580736 0.00028672273 0.00012722444 0.00041755845 5.25144e-06 0.005551 0.0009641194 0.0013484815 4.572941e-06 3.617417e-05 0.0023651877 0.0002796367 2.2228853e-06 0.0030789052 0.0010602993 1.9378874e-07 1.2118864e-05 0.00027630877 0.00043013378 0.00020194543 2.7641547e-06 2.7450002e-07 5.4864468e-06 1.9362906e-06 8.4965286e-08 6.3454296e-05 0.007316575 7.635832e-08 9.78852e-05 0.005256943
