6.040505e-17 0.94004226 0.9587759 0.88634634 0.959598 0.8025427 0.9178789 0.9830471 0.8282122 0.9476308 0.78881335 0.9773412 0.7809161 0.93613005 0.96917945 0.18387923 0.91886777 0.77354354 0.7415391 0.90970737 0.6687909 0.94546556 0.75527203 0.96184975 0.89041704 0.5366814 0.9155172 0.9125561 0.7683794 0.75413036 0.8750641 0.074347444 0.95486075 0.97829026 0.9392223 0.9873198 0.85196155 0.6873786 0.94282097 0.29954746 0.099411435 0.011101746 0.8240118 0.24209578 0.261728 0.9264817 0.91335475 0.8746022 0.739504 0.039160386 0.16826606 0.7276058 0.011674761 0.04421436 0.8285224 0.98277736 0.13969222 0.050861068 0.011258838 0.7874354 0.042512897 0.17023823 0.91878265 0.43209285 0.19582807 0.92757523 0.9425755 0.020951571 0.90166837 0.643742 0.00030470348 0.80213594 0.0010241767 0.9088634 0.9108396 0.44406867 0.00023339334 0.8399036 2.5729114e-05 0.41981724 0.019708741 3.9882616e-05 0.8676802 0.10448754 0.95812106 0.9763005 0.7847533 0.849707 0.3389959 0.9927942 0.99994993 0.9999644 0.035852313 0.99144685 0.59925413 0.03183003 0.38720778 0.9996888 0.99998945 0.3599383 0.9944164
0.94004226 8.651866e-13 0.73015606 0.9748925 0.9793114 0.3983128 0.18451454 0.012563639 0.49353892 0.27082792 0.0058689015 0.71104896 0.9088638 0.7226548 0.028462756 0.26596668 0.14905086 0.001012554 0.06481931 0.7783209 0.0379596 0.00091191195 0.00055987405 0.000102896825 8.9119196e-05 0.06628709 0.010043841 0.000103753024 0.0025197924 0.19431564 0.372167 0.0064179595 0.732362 0.001130355 1.49449315e-05 1.2600608e-06 1.08305385e-05 0.013045847 0.13634914 0.0003252833 0.04216319 0.0005706703 3.514302e-07 6.927187e-05 0.21580496 0.00020107793 1.0501032e-05 0.00024962128 8.040958e-07 0.00067803287 4.739069e-05 3.8497783e-06 6.2339e-05 0.00010856335 4.3090276e-06 0.0047214786 0.0012059845 1.4568553e-05 6.4713004e-06 0.021552658 6.7462565e-06 0.41920632 0.0002853648 5.7633947e-06 3.3097418e-05 0.023706933 5.7414723e-06 1.0747909e-06 3.2123142e-05 4.5228495e-05 0.00014824634 6.0952898e-05 7.269511e-06 5.3666186e-05 5.4598895e-06 4.6572262e-07 0.00044085365 4.223594e-07 1.9321873e-05 7.045271e-05 0.0136354845 4.7437177e-05 0.00052885717 1.3688537e-05 3.9084036e-05 0.005929221 3.5957863e-05 0.005414444 1.241593e-06 5.4912598e-05 0.0010910172 0.003111313 5.2812555e-07 0.00018542567 2.3626737e-07 1.3287544e-05 5.2169225e-06 0.00040451516 5.2409987e-06 0.005832364 7.397759e-07
0.9587759 0.73015606 1.5945604e-12 0.9142474 0.72309864 0.9578298 0.95425266 0.9313471 0.018851113 0.5254708 0.000102155886 0.0065064407 0.2890924 0.20771551 0.8621751 0.04511036 0.0008703948 0.000100072015 0.5687526 0.026839174 0.00065521454 2.3012128e-05 2.7408594e-05 1.6678629e-06 1.4581888e-06 0.21742144 0.00031065487 0.061243694 8.5085354e-05 0.034823164 0.027573332 0.038364105 0.099095434 0.2629268 0.0033658359 6.359274e-08 1.0841244e-07 0.27822185 0.16468047 6.853851e-05 0.0009468788 6.4375877e-06 0.00011089614 6.1294636e-06 0.005607504 0.003915029 0.0002508173 0.056559313 0.00022638091 0.021625016 3.7279166e-05 0.00021703924 3.4830966e-06 0.0039287764 0.0013021393 0.00081820355 0.031287864 0.00078555365 8.3787467e-07 0.01202287 0.00016931523 0.031888295 0.0048374366 4.8103624e-07 0.00077494176 0.007382431 1.764232e-06 0.00037928342 0.00048576016 1.5330363e-05 5.2728687e-06 4.289646e-06 2.184715e-06 6.1244154e-06 0.00022987551 0.00025900154 6.348699e-05 9.177652e-07 1.455538e-06 7.2947073e-06 1.828826e-05 3.6829517e-06 0.0036680077 6.329407e-07 2.4790665e-05 0.00734429 0.0010964719 0.08897844 5.682338e-06 0.0009002857 0.0004087019 0.0032049287 9.635361e-08 0.0051295734 3.8865608e-08 7.224316e-05 4.814879e-07 0.007497282 1.9182865e-07 0.07326551 1.6160487e-06
0.88634634 0.9748925 0.9142474 1.880349e-13 0.7961046 0.96541345 0.52457 0.1466595 0.025047913 0.4652664 0.000826661 0.016404737 0.9684117 0.32247883 0.07388982 0.55082697 0.002912913 0.00030991333 0.3689455 0.30843523 0.0012762888 7.675554e-05 2.9399127e-05 5.7655852e-05 5.191603e-05 0.35838425 0.0021102845 0.0018931843 0.00062649994 0.05916787 0.08845361 0.06678908 0.59909075 0.0042428155 0.000108591514 3.358773e-07 6.8737427e-07 0.076966874 0.08820629 4.3508968e-05 0.008412228 2.2755657e-05 7.1929917e-06 8.106899e-07 0.09719615 0.00072660495 5.4869044e-05 0.0006112609 4.7191506e-06 0.005604951 8.01377e-06 8.103368e-05 1.3386601e-05 0.00034241442 1.3367045e-05 0.0012720533 0.0109504815 0.00014005504 1.6872849e-06 0.009163655 2.8861652e-06 0.35739005 0.0011332975 2.5273118e-06 4.1150826e-05 0.005902065 3.5001724e-06 1.252532e-06 0.00014563558 1.0495416e-05 0.00022939284 2.0843505e-05 2.5066639e-08 1.34273505e-05 3.4188284e-05 1.2703147e-07 0.0013124496 8.5138015e-07 5.749531e-05 6.6073862e-06 0.0031866804 5.153966e-06 0.00097452913 6.5851364e-06 3.6006e-05 0.0040327027 0.00024081377 0.008641701 2.162572e-06 0.00012700757 0.00033236356 0.0014217941 3.0081588e-07 0.00035787543 4.349692e-06 1.6471487e-05 6.527355e-05 0.00030774242 4.9157938e-05 0.08768233 9.081076e-06
0.959598 0.9793114 0.72309864 0.7961046 1.4462395e-12 0.1668147 0.82706755 0.023599626 0.88154304 0.900444 0.040434614 0.37134406 0.40667567 0.94724065 0.0339365 0.040665492 0.02872801 0.003290487 0.024968898 0.40663195 0.013457022 0.00060204876 0.0004916275 0.00014477564 0.00025713013 0.02044668 0.021768542 0.00022885205 0.013329448 0.4358807 0.5724468 0.0020493937 0.36848015 0.0046986737 2.6249567e-05 4.7915837e-06 2.1013455e-05 0.005535886 0.44112346 0.00017313135 0.010254242 6.464217e-05 2.5422316e-06 4.9552564e-05 0.05958743 0.0005765102 1.718241e-05 0.0007206442 2.535791e-06 0.00038859813 3.7619742e-05 4.4298554e-06 2.0036747e-05 2.0118008e-05 2.7985318e-05 0.010991935 0.000896342 1.0836417e-05 1.278876e-05 0.0889657 8.455619e-06 0.0832566 0.00087778 3.5090893e-06 4.9925493e-05 0.08011147 1.1813939e-05 2.7676392e-06 4.4650864e-05 0.00021777299 3.8777882e-05 0.00012994173 3.3058661e-06 0.0003136828 1.3703258e-05 3.9758756e-06 0.0003247204 3.6310067e-07 1.2238526e-05 0.000117377014 0.0016333706 5.773875e-06 0.0013508041 5.7399125e-06 0.00033145794 0.016633226 0.0001495057 0.013532076 1.5480835e-07 0.00029609838 0.0029639036 0.008610428 5.448066e-08 0.0016166515 6.707093e-08 2.8518998e-05 8.568752e-07 0.0021886127 2.2501476e-06 0.0035634001 1.534695e-07
0.8025427 0.3983128 0.9578298 0.96541345 0.1668147 2.2753287e-15 0.471808 0.41550916 0.0052207033 0.24218252 0.00011730618 0.00042316684 0.5714891 0.06687313 0.461568 0.45437133 0.00014618773 7.446748e-05 0.9917056 0.009552259 2.092359e-05 4.919929e-06 7.4108505e-07 1.1929391e-06 1.097528e-06 0.72760016 0.00025357306 0.009245106 8.6776075e-05 0.006231015 0.010289611 0.2093052 0.10782486 0.058395356 0.00096802163 1.8143368e-08 4.9664184e-08 0.47134003 0.020873535 1.2128783e-05 0.00048094935 1.028645e-05 0.00014603419 3.8073335e-08 0.014976571 0.0016489238 0.00016192453 0.008647641 8.347833e-05 0.07979307 2.7446897e-06 0.00029101505 1.6420443e-06 0.008767368 0.00010898732 0.00037773192 0.13278776 0.0006430703 4.589964e-08 0.0028254983 4.953749e-05 0.09904113 0.0023797336 1.4555192e-07 0.00026554088 0.001234556 4.2277773e-07 1.4224166e-05 0.00031630383 2.0007664e-07 6.90224e-05 1.886378e-06 1.2210207e-09 2.0452337e-06 9.236411e-05 2.189079e-05 0.0008280038 1.0325725e-05 1.4197467e-05 1.4219282e-07 0.00024323867 1.1286509e-06 0.0011097703 9.9370496e-08 4.85974e-06 0.0020270965 0.00053710013 0.0105089545 2.2420145e-06 0.0002793534 0.00020412101 0.00055387645 6.0112213e-09 0.0007618532 6.438032e-07 4.7720223e-05 1.1101898e-06 0.0005416881 6.4810496e-07 0.10220783 4.7405456e-06
0.9178789 0.18451454 0.95425266 0.52457 0.82706755 0.471808 1.11264506e-13 0.9045964 0.11517401 0.9932999 0.00016766982 0.0038294618 0.07543517 0.5664482 0.4451235 0.0071190186 0.00016214412 0.00022085334 0.16449064 0.0111091975 0.0002098897 2.5599005e-05 3.5092135e-06 1.8070842e-06 2.0547116e-06 0.038906507 0.000539496 0.3123517 0.00013694931 0.3368809 0.04269605 0.0049765585 0.0244887 0.17972656 0.022200806 1.16289165e-07 3.514731e-07 0.039923947 0.6215048 4.152429e-06 0.00022395464 1.3199123e-05 0.001218409 3.5011584e-07 0.0010119613 0.15639779 0.0016114712 0.036743265 0.000856827 0.003828616 8.361453e-06 0.0005530174 8.376897e-06 0.0010748787 0.0006654489 0.0031775113 0.0045597795 0.0006544814 1.2018689e-06 0.10196225 6.875776e-05 0.0030633195 0.25244135 3.8840207e-07 0.00068396464 0.0541835 4.5310867e-07 0.00022527092 0.0026896198 2.0200388e-05 6.7344226e-06 5.016922e-06 1.9871588e-07 4.9609873e-05 0.0019910913 0.00017262867 3.3136137e-05 1.1520887e-06 3.6499964e-06 2.303013e-05 1.7299024e-06 4.5568447e-07 0.05580236 1.4581423e-07 1.737315e-05 0.03400734 0.006698489 0.5792001 6.161396e-07 0.005534875 0.0011027771 0.007854159 3.1723646e-09 0.051114496 5.0826885e-09 4.285224e-05 5.0353517e-08 0.052481864 2.4159423e-08 0.019574627 2.5047043e-06
0.9830471 0.012563639 0.9313471 0.1466595 0.023599626 0.41550916 0.9045964 3.002828e-14 0.00014066341 0.1190859 1.3161283e-06 6.99494e-05 0.037048023 0.052064274 0.93884957 0.0067233695 8.907059e-07 3.5390174e-06 0.29794082 0.0032002726 6.358202e-06 7.56167e-08 5.097973e-08 3.8142822e-08 1.02715106e-07 0.069948316 1.2584425e-05 0.92792606 5.343573e-06 0.01599209 0.012410568 0.01377457 0.015496894 0.8793758 0.21353509 2.3574305e-08 2.210326e-08 0.3945439 0.08803828 7.533752e-07 1.2922281e-05 4.915826e-07 0.01678105 5.9531704e-08 0.00024377395 0.34409022 0.010021365 0.57278264 0.014566226 0.07660767 2.0709659e-07 0.0101853255 2.4424645e-07 0.06260816 0.13874118 0.00054458226 0.09296926 0.036325473 2.3733692e-07 0.020160433 0.013081123 0.0016500761 0.19533816 5.7812167e-07 0.009395075 0.014150853 1.8559577e-07 0.003347886 0.016795285 6.9512146e-07 3.0315741e-06 2.7126434e-06 1.4930556e-07 2.8726436e-06 0.0037219704 0.0016104056 0.000164562 8.4229716e-05 1.9407719e-06 1.9382712e-06 2.4149668e-07 9.7202154e-08 0.06213637 1.9822194e-08 5.164362e-06 0.012611115 0.017183805 0.23868686 4.244268e-05 0.020934256 0.0002847303 0.0046476275 1.21923875e-08 0.07268679 5.9552256e-08 0.0006639304 2.446726e-07 0.07320998 2.5022035e-07 0.1585003 5.268192e-05
0.8282122 0.49353892 0.018851113 0.025047913 0.88154304 0.0052207033 0.11517401 0.00014066341 2.1951202e-13 0.19841419 0.9978911 0.8603334 0.06830749 0.73790747 0.0009397422 0.004605041 0.7785265 0.8511807 0.0009630479 0.4438566 0.21756832 0.29222926 0.0709858 0.14803475 0.036172915 0.0002721381 0.7653976 7.536239e-05 0.8501061 0.17194827 0.7783721 0.00017903253 0.119331494 0.00024755052 2.5961197e-05 0.0002023931 0.0023800742 0.00015185472 0.015735291 0.010517075 0.033972707 0.004263811 9.197472e-07 0.003741082 0.056653813 0.0005153649 3.3599168e-05 7.041805e-05 4.1827806e-07 1.3330547e-05 0.0067373426 5.0007575e-06 0.0022384862 1.0690484e-07 1.2694053e-05 0.1128025 2.693182e-06 1.176577e-05 9.711534e-06 0.006602675 1.734479e-07 0.0074182227 0.0012410829 2.5265277e-05 8.729273e-06 0.044445932 1.1011166e-06 2.6134114e-07 4.1706196e-05 0.00013431109 2.1118547e-05 0.00023518821 0.00018429702 0.00051300944 7.378105e-06 2.5152583e-06 7.1369127e-06 3.7824253e-07 3.06298e-06 4.222974e-05 0.0042717555 9.169354e-06 0.0026727475 1.8421424e-06 0.0002767014 0.0035733625 0.00027453445 0.0037448392 2.3117116e-07 2.1805341e-05 0.0055353576 0.008543702 4.5194085e-07 0.00048656316 1.0964974e-08 1.9403037e-06 5.3034023e-07 0.00031571617 1.6504279e-06 2.1242206e-05 2.9928252e-08
0.9476308 0.27082792 0.5254708 0.4652664 0.900444 0.24218252 0.9932999 0.1190859 0.19841419 1.5133775e-13 0.001697207 0.015178877 0.10277696 0.95392823 0.14732507 0.010484048 0.0008944991 0.00037269664 0.06096194 0.035438094 0.00024236017 8.2329e-05 1.24502385e-05 1.5593923e-05 2.9316592e-05 0.023902813 0.010426774 0.0037382646 0.001309436 0.6880686 0.2935799 0.0033546982 0.045455396 0.04649458 0.0006278062 4.3794336e-07 1.2865637e-06 0.012097329 0.8591781 4.8802096e-05 0.00023874363 6.2083914e-06 3.806537e-05 1.6719797e-06 0.002769793 0.004685558 9.9272795e-05 0.0040093833 2.5343561e-05 0.0002835824 4.132199e-06 2.0864707e-05 3.03995e-06 3.1643216e-05 5.979906e-05 0.02099967 0.00068403996 3.8055714e-05 1.8799667e-06 0.23515332 6.9224147e-06 0.006580598 0.009557891 5.595033e-07 4.249355e-05 0.17009796 4.787925e-06 4.9192266e-07 0.00016982788 0.00013173251 1.2728507e-05 2.6887335e-05 6.016661e-08 0.00016819031 0.000120087905 1.4840554e-05 0.00048285178 3.1498726e-07 8.195858e-06 3.2253512e-05 7.069848e-06 9.457751e-06 0.0046369135 7.902009e-07 0.00011481556 0.05298919 0.0007063947 0.43966007 9.881067e-08 0.00070037134 0.0024035466 0.023540527 5.014446e-09 0.015437825 1.766028e-08 1.0720644e-05 2.1214345e-07 0.03434798 1.4139696e-06 0.0064360187 1.1958464e-07
0.78881335 0.0058689015 0.000102155886 0.000826661 0.040434614 0.00011730618 0.00016766982 1.3161283e-06 0.9978911 0.001697207 1.3401144e-15 0.40038458 0.003727295 0.021309521 6.8368545e-06 6.7417575e-05 0.3184048 0.98730606 4.0675764e-06 0.11807781 0.09035502 0.105532914 0.045686603 0.110931404 0.38639504 5.6892077e-06 0.500133 3.6409085e-06 0.83126014 0.003722732 0.12397355 5.2186347e-06 0.032281127 1.5394597e-06 1.5961987e-07 0.0012134702 0.0031443653 2.9330823e-07 0.002541306 0.01167627 0.0060578575 0.0017247014 4.5802825e-08 0.0025886982 0.008402137 2.1441156e-05 1.0785573e-06 4.9233335e-05 1.3027582e-07 2.7249945e-07 0.0035260895 2.2919372e-07 0.002199382 1.2863041e-09 2.5883202e-07 0.14472704 1.4229993e-06 3.210225e-09 2.7461263e-05 0.0049207616 2.0771937e-08 0.0010253371 2.9472116e-05 3.0475334e-05 1.3234019e-06 0.016888749 0.00013436348 7.314996e-09 1.2238276e-06 0.00045637295 3.158765e-05 0.0007251741 5.9890484e-05 0.0059786686 3.08383e-07 2.2754766e-07 4.2577135e-06 2.9937045e-08 4.7770336e-06 6.83369e-05 0.00062093005 1.3726631e-05 6.379737e-05 1.6695602e-05 0.0023182996 0.001488304 2.293152e-06 0.00037840655 8.812671e-09 2.1008575e-06 0.020774484 0.006498224 7.611596e-07 8.6997235e-05 2.442404e-07 6.510005e-08 2.5638305e-06 1.9700576e-05 0.00015140846 4.9604314e-06 2.3121676e-09
0.9773412 0.71104896 0.0065064407 0.016404737 0.37134406 0.00042316684 0.0038294618 6.99494e-05 0.8603334 0.015178877 0.40038458 6.562114e-16 0.033549238 0.093934536 7.788501e-06 0.009353554 0.9024717 0.25394577 3.2139794e-06 0.8303219 0.997406 0.23153725 0.08249901 0.12056503 0.065967746 5.5265118e-05 0.24696752 3.3526594e-06 0.10580587 0.01020283 0.21025774 4.284673e-05 0.2902882 5.341492e-07 1.0424788e-07 0.0057671363 0.0030822395 5.993248e-07 0.0048916377 0.033006933 0.16881107 0.026196333 2.3336304e-08 0.0019549131 0.18576056 1.1750262e-05 1.4023513e-07 3.3571396e-07 5.389164e-09 8.874779e-07 0.024533078 1.0676465e-07 0.0189216 4.403764e-08 1.8020926e-07 0.06392719 1.363454e-06 9.623312e-08 6.1501164e-06 0.004308814 7.676896e-08 0.014990183 1.2006139e-05 7.637821e-06 1.0030682e-07 0.018267937 6.734285e-05 1.719881e-08 1.3549829e-06 4.4473523e-05 8.909333e-06 0.0005167735 0.0003306973 0.002222632 1.2315737e-06 1.1074035e-08 6.7363885e-06 2.416803e-07 4.3894312e-07 1.7847005e-05 0.034573086 0.000103446844 0.00022788682 1.0994959e-05 0.00092783297 0.0070334333 1.4062183e-06 0.0013279488 2.891241e-07 2.9024743e-05 0.007824131 0.010455576 2.0860239e-06 0.00013103572 1.0620471e-05 3.67528e-07 9.977945e-05 2.962725e-05 0.00029379217 0.00029677997 3.5372018e-08
0.7809161 0.9088638 0.2890924 0.9684117 0.40667567 0.5714891 0.07543517 0.037048023 0.06830749 0.10277696 0.003727295 0.033549238 3.157222e-15 0.12801927 0.0116386805 0.99947184 0.0097438 0.00080837245 0.041034732 0.60392064 0.01797186 0.00051751203 0.00012517153 0.0003606611 3.21621e-05 0.0845103 0.0021545775 0.00033242948 0.00048893224 0.011174205 0.032586116 0.055340268 0.6562603 7.010728e-05 1.540133e-05 4.7327617e-06 3.351534e-06 0.0047966293 0.007933395 4.247876e-05 0.009046813 2.4566165e-05 3.4954937e-07 1.266531e-07 0.14543505 2.7094185e-05 4.0101136e-06 5.0608196e-06 4.8106997e-08 9.3534276e-05 2.7643102e-06 9.7672355e-06 2.4029093e-06 2.53976e-06 2.2961619e-07 0.00066522526 9.377319e-05 3.0462488e-07 4.049617e-06 0.002290747 4.936754e-08 0.2687768 1.7917899e-05 1.2974671e-06 1.7521354e-05 0.001981343 4.8272996e-06 1.1382714e-06 4.681015e-06 1.4853511e-05 0.00017709125 2.383563e-05 6.176233e-07 1.2947756e-05 6.28593e-06 5.668443e-08 0.00028298938 4.0150476e-07 1.49591915e-05 1.1349441e-05 0.006254385 4.9340084e-05 0.00025540884 6.5390304e-05 4.7812242e-05 0.003880802 6.880522e-06 0.0006782059 3.281213e-06 2.4386101e-05 0.00042596753 0.0027520698 1.4612082e-06 7.270403e-05 2.5245887e-05 3.4093878e-06 5.7570363e-05 7.7061464e-05 7.7741155e-05 0.015317642 4.2592397e-08
0.93613005 0.7226548 0.20771551 0.32247883 0.94724065 0.06687313 0.5664482 0.052064274 0.73790747 0.95392823 0.021309521 0.093934536 0.12801927 1.8967492e-13 0.017664233 0.008496968 0.0040292945 0.0022178332 0.007442064 0.11992603 0.0025305403 0.0004502118 0.00015235938 0.00012296328 0.00076047657 0.00416225 0.31428504 0.00048204247 0.1420116 0.9695303 0.93147486 0.0003327635 0.08904279 0.0038279644 0.00010329493 1.8013247e-05 2.5249596e-05 0.0012177887 0.7140699 4.4693636e-05 0.0017928575 3.3730063e-05 2.97714e-06 2.7720731e-05 0.011877501 0.0022922994 5.4209533e-05 0.0013023212 3.0835022e-06 0.00038137517 2.5373767e-05 1.0611833e-05 2.1555208e-05 3.694013e-05 5.115538e-05 0.095298946 0.00017064271 1.6551243e-05 5.0100056e-07 0.3697364 7.735721e-06 0.013901412 0.0052613113 4.7456338e-06 1.6701686e-05 0.4249689 4.414083e-06 6.785109e-07 0.00013978416 0.00027255915 7.9898506e-05 0.00010855652 4.0766423e-07 0.0022511792 3.2975207e-05 2.7165656e-06 7.1834664e-05 1.8200913e-07 2.9289513e-05 0.00014546263 0.00012659955 2.4935741e-06 0.0039287163 1.0722509e-06 0.00035105788 0.06404194 0.0003464333 0.14702612 2.019924e-08 0.00051934604 0.00904514 0.03586169 2.3056907e-08 0.0094835 4.204122e-08 4.781454e-06 1.2618206e-07 0.008516219 5.98756e-06 0.006131104 1.8569065e-07
0.96917945 0.028462756 0.8621751 0.07388982 0.0339365 0.461568 0.4451235 0.93884957 0.0009397422 0.14732507 6.8368545e-06 7.788501e-06 0.0116386805 0.017664233 8.1937065e-16 0.0226614 7.8287763e-07 1.7259368e-05 0.89939 0.00022419548 2.0139487e-07 9.743753e-08 1.3454286e-08 1.2277559e-07 6.547017e-07 0.26061565 3.6773698e-05 0.5830897 0.00010867834 0.005399209 0.0031204422 0.14148425 0.0050315484 0.8487557 0.11386897 7.374169e-09 5.2630895e-09 0.9426376 0.016130632 4.0066783e-07 6.561887e-05 1.3373879e-05 0.012940497 9.35732e-10 0.00018726266 0.04252268 0.0048994883 0.26348758 0.0103950035 0.6569111 2.9720281e-06 0.0089718355 5.302945e-06 0.4862585 0.005324825 0.00040352336 0.75334847 0.19648038 5.637087e-09 0.0033208316 0.030784383 0.005912524 0.028317882 8.090467e-08 0.0020889984 0.0015535951 6.406377e-08 0.001858123 0.004532323 4.9905186e-08 2.4013298e-05 1.667719e-07 6.157727e-10 2.466283e-07 0.002027539 0.0005473813 0.0006013482 0.0003474272 2.075683e-06 2.6108657e-07 0.00019084959 2.9218313e-07 0.009707947 1.4847882e-06 6.0261226e-07 0.0033656869 0.004626568 0.023603695 7.645608e-05 0.0015397278 6.54841e-05 0.00030078075 6.8726154e-09 0.0035157711 1.0995583e-06 0.0013902092 2.6229384e-06 0.004451696 1.0212772e-06 0.53938466 0.00033939898
0.18387923 0.26596668 0.04511036 0.55082697 0.040665492 0.45437133 0.0071190186 0.0067233695 0.004605041 0.010484048 6.7417575e-05 0.009353554 0.99947184 0.008496968 0.0226614 4.8841376e-19 0.0007575063 1.29492e-05 0.5116321 0.5497872 0.007319551 1.3516964e-05 5.5963114e-06 1.9507793e-06 1.1151677e-06 0.9488045 0.00010120829 0.00029686265 1.6292664e-05 0.0002848175 0.0012278627 0.9008966 0.8492845 0.00012490251 2.6692487e-06 6.537439e-09 2.8588259e-08 0.12946865 0.00027628348 5.5142527e-06 0.051025778 6.218515e-05 8.0641655e-07 6.2703e-09 0.45327768 9.282768e-06 1.8331696e-06 0.00029544623 9.823794e-07 0.017547727 1.3737715e-06 2.0359414e-06 1.7602556e-06 0.00016940666 3.7623292e-07 1.5802498e-05 0.036059786 1.8301467e-05 1.1100575e-08 7.6325894e-05 6.941771e-08 0.7002867 5.058436e-06 2.0864773e-08 2.354903e-06 5.7581557e-05 7.577074e-08 2.2910086e-07 1.7927683e-06 3.7887883e-08 0.0024310232 5.911523e-07 7.6947587e-10 2.3691594e-08 7.328588e-08 5.621857e-07 0.009075714 1.5696e-08 0.00045014886 3.202761e-07 0.07914924 3.3143517e-06 1.2953832e-05 9.620609e-09 2.1892242e-06 0.00010525874 1.8003765e-07 3.8703365e-05 3.5979195e-07 1.349472e-07 1.1296433e-05 0.00010002573 8.061274e-09 8.456018e-07 3.0359618e-07 9.44016e-06 3.005347e-08 7.4463906e-06 1.6364574e-09 0.18880038 2.6518148e-08
0.91886777 0.14905086 0.0008703948 0.002912913 0.02872801 0.00014618773 0.00016214412 8.907059e-07 0.7785265 0.0008944991 0.3184048 0.9024717 0.0097438 0.0040292945 7.8287763e-07 0.0007575063 2.8450397e-17 0.6216326 1.0492835e-05 0.19676289 0.826951 0.92690194 0.98512053 0.6257642 0.19121796 3.650834e-05 0.117637835 2.342867e-06 0.13434213 0.00072052673 0.012890386 7.0470516e-05 0.050482254 1.1900079e-07 1.6776058e-07 0.13225712 0.14194673 4.930635e-07 0.00030175157 0.943241 0.21442562 0.12666382 1.441175e-07 0.58310777 0.12029258 9.733806e-06 4.475911e-07 3.3136278e-08 1.8844351e-07 7.581248e-07 0.7031549 5.732978e-07 0.16222394 2.151921e-08 1.656159e-08 0.021541243 8.6524204e-07 9.84093e-08 0.0016580564 0.00042247406 4.413475e-07 0.0036370328 1.3435227e-05 2.9300129e-05 6.2554045e-07 0.0028074833 0.00025399102 1.4081837e-07 1.1757684e-05 0.00038888006 1.6850041e-05 0.0010671458 0.06482825 0.005134767 2.6721445e-06 5.8266117e-08 3.0484618e-06 8.460273e-08 3.7414688e-07 5.8518523e-05 0.0225489 0.0014167508 0.00040159846 4.9829076e-05 0.00210953 0.00043449388 1.9563367e-06 0.00022732072 7.8485044e-07 4.104408e-06 0.011090486 0.001527989 1.1016569e-05 5.6587945e-05 1.0428544e-06 1.4870028e-06 0.00014251778 1.1225274e-05 0.00040467392 9.0232115e-06 8.045349e-08
0.77354354 0.001012554 0.000100072015 0.00030991333 0.003290487 7.446748e-05 0.00022085334 3.5390174e-06 0.8511807 0.00037269664 0.98730606 0.25394577 0.00080837245 0.0022178332 1.7259368e-05 1.29492e-05 0.6216326 3.090209e-15 1.33565445e-05 0.021527257 0.03286905 0.66958183 0.33509824 0.94230133 0.9797091 8.142096e-06 0.18736413 1.275519e-05 0.8048472 0.00095609797 0.009248522 7.219643e-06 0.0018360654 8.900304e-06 1.2415775e-06 0.123854965 0.08140028 2.3623415e-06 0.0005934519 0.0691666 0.0013341282 0.0005703449 7.222283e-07 0.04752206 0.0005774812 6.242592e-05 5.8306973e-06 6.4383516e-05 1.734771e-06 5.475827e-07 0.022218442 1.5351906e-06 0.0024834669 4.534627e-09 2.1483124e-06 0.09070756 4.043458e-06 1.249768e-07 0.0008641726 0.0025314067 2.8134266e-07 6.7019624e-05 7.714809e-05 0.0008199224 1.5254132e-05 0.00393116 0.0026829322 6.992504e-09 2.6969614e-05 0.0043583144 6.6292665e-07 0.0095275305 0.0022435228 0.02949052 1.1070408e-05 7.5848214e-07 1.1999975e-06 4.573122e-07 2.4089172e-07 0.00027932835 3.3174903e-05 4.6261153e-05 0.000103339175 0.0001676233 0.009937961 0.0011149838 2.8828917e-06 0.00024239668 3.7450815e-07 1.4326529e-05 0.02390319 0.0054993597 5.142011e-06 0.00022124672 2.0929604e-06 1.5805088e-07 2.2735201e-05 0.00027283063 0.000837572 8.270358e-07 1.0060514e-07
0.7415391 0.06481931 0.5687526 0.3689455 0.024968898 0.9917056 0.16449064 0.29794082 0.0009630479 0.06096194 4.0675764e-06 3.2139794e-06 0.041034732 0.007442064 0.89939 0.5116321 1.0492835e-05 1.33565445e-05 4.730788e-16 0.00039224885 1.07147e-06 7.56533e-07 1.136443e-07 1.0889058e-06 1.0271497e-06 0.96311235 1.7376795e-05 0.009325337 1.7619781e-05 0.00050678954 0.0009965758 0.8520671 0.025555626 0.06900658 0.00082136557 2.0457621e-08 1.8808883e-08 0.8859683 0.0022089644 4.521797e-07 1.0028492e-05 6.157836e-07 0.0001368857 3.6446204e-09 0.001307195 0.0005127781 3.8679453e-05 0.00107029 7.562323e-05 0.4426259 1.8480239e-07 6.502756e-05 7.9321985e-08 0.064727806 1.1954998e-05 3.4643148e-05 0.57996505 0.0024940728 2.1623347e-08 0.0004045061 2.7581049e-05 0.05459167 0.00062956434 2.601685e-08 9.366996e-05 0.00014810885 1.2132983e-07 3.1915783e-06 0.00010279796 8.157717e-08 9.4003844e-05 4.0981672e-07 6.6788347e-10 6.989307e-08 2.3980157e-05 1.3393664e-05 0.00094177976 1.0248131e-06 2.0685718e-05 6.604002e-08 7.258958e-05 2.8236164e-07 0.0003286772 8.2414196e-08 1.0147164e-06 0.0004977206 4.9182796e-05 0.0031271165 8.009487e-07 0.00010675564 1.3585213e-05 0.00011668472 3.4281167e-09 0.000116730014 2.0679602e-07 5.459127e-05 1.7205119e-07 0.0002792977 4.9165415e-08 0.38871112 2.007505e-06
0.90970737 0.7783209 0.026839174 0.30843523 0.40663195 0.009552259 0.0111091975 0.0032002726 0.4438566 0.035438094 0.11807781 0.8303219 0.60392064 0.11992603 0.00022419548 0.5497872 0.19676289 0.021527257 0.00039224885 3.1923276e-17 0.97302836 0.008027532 0.003956815 0.006597555 0.002993024 0.0017301847 0.037125416 6.6649176e-05 0.0055398652 0.0086523555 0.09230343 0.009264668 0.97805786 7.173009e-06 7.932434e-06 0.00025614796 8.912684e-05 1.3162519e-05 0.005178073 0.0014760615 0.9596113 0.1725735 2.8109203e-06 3.9774823e-05 0.8247119 4.772241e-05 4.0349682e-06 4.713722e-06 7.100737e-07 1.8129334e-05 0.004309735 8.806308e-06 0.018068286 3.5737042e-07 2.2178678e-07 0.0037847601 1.0813531e-05 1.1943922e-07 6.526675e-07 0.0017878028 2.1705193e-07 0.29472703 3.1243413e-05 1.1418996e-06 2.7352671e-06 0.0056643696 6.0049792e-06 1.5801741e-07 7.523536e-05 8.035313e-06 0.0002817219 0.0001018822 1.154945e-05 7.304359e-05 4.0552037e-05 8.18874e-08 1.2501471e-05 2.728025e-08 6.8146696e-06 4.1591808e-05 0.25722 4.352843e-05 0.00033823284 1.295891e-05 0.00014810378 0.004798121 3.2502572e-05 0.0015081565 3.4966138e-07 5.0499842e-05 0.0012650632 0.009140491 5.6784096e-08 0.0001743392 2.253442e-06 6.578539e-06 2.7584376e-06 7.4169664e-05 1.9547955e-05 0.0028696086 3.594555e-07
0.6687909 0.0379596 0.00065521454 0.0012762888 0.013457022 2.092359e-05 0.0002098897 6.358202e-06 0.21756832 0.00024236017 0.09035502 0.997406 0.01797186 0.0025305403 2.0139487e-07 0.007319551 0.826951 0.03286905 1.07147e-06 0.97302836 1.03976755e-16 0.02103297 0.055402685 0.006563347 0.005963154 1.7086051e-05 0.03456072 1.8350673e-06 0.0077615706 0.0003521972 0.0054580495 5.46184e-05 0.32467794 3.999362e-08 2.8458413e-07 0.0004991827 0.0005695084 2.5080664e-07 0.00020395695 0.2543865 0.94255567 0.35247204 2.0054362e-08 0.04145954 0.69858986 8.5463745e-07 1.1479534e-07 5.874831e-08 5.6184447e-08 2.766374e-07 0.47571895 1.1269778e-07 0.26506057 6.565368e-09 4.6553673e-08 0.0014045383 8.7521994e-07 1.2129181e-08 2.1326675e-06 0.00011692487 6.218043e-08 0.030922776 4.2556994e-06 1.2708922e-06 8.0392134e-08 0.00018447165 2.407591e-06 8.148041e-09 5.058658e-06 5.1919924e-06 2.2986478e-06 5.5744003e-05 0.0011374782 1.7222717e-05 2.4041205e-07 5.4483266e-08 6.3097536e-07 2.1253796e-07 1.852004e-07 3.3846838e-05 0.14076571 0.0032103849 2.0514879e-05 1.3698756e-06 7.012948e-05 9.921231e-05 1.37526e-07 1.0851733e-05 1.2671466e-06 4.774485e-07 0.00064407475 0.000339096 1.1873763e-06 3.1780562e-06 8.0179404e-07 2.2254092e-06 2.367897e-06 1.1041371e-05 9.614016e-07 2.8668981e-05 1.6310901e-07
0.94546556 0.00091191195 2.3012128e-05 7.675554e-05 0.00060204876 4.919929e-06 2.5599005e-05 7.56167e-08 0.29222926 8.2329e-05 0.105532914 0.23153725 0.00051751203 0.0004502118 9.743753e-08 1.3516964e-05 0.92690194 0.66958183 7.56533e-07 0.008027532 0.02103297 1.4658529e-14 0.9829582 0.97912216 0.5424895 3.7640787e-06 0.075701326 6.0235766e-07 0.18954441 0.00046307902 0.007033074 1.2373046e-06 0.0018509335 1.3511139e-07 5.8714257e-08 0.62320775 0.7052461 4.182367e-08 0.00019374321 0.41173044 0.0022839287 0.0026782947 1.4449817e-07 0.67925274 0.0017192196 1.4999877e-05 1.0577234e-06 1.5306098e-07 1.0736134e-07 5.127705e-07 0.20000099 1.7953897e-06 0.011511438 1.2719785e-08 1.5998364e-07 0.02685841 2.586536e-07 1.4114669e-07 0.02824854 0.00082771055 1.5735559e-07 7.2339404e-05 2.5046485e-05 0.001948892 1.1426173e-06 0.0023614306 0.039432872 6.9544376e-07 4.8284714e-05 0.0056733657 7.735731e-07 0.021423874 0.05842736 0.06164144 1.2935942e-05 1.5633636e-07 3.740402e-07 9.554449e-07 9.611605e-07 0.00056221575 0.00016750807 0.00018908358 0.000252375 0.00015108738 0.028287353 0.0009605264 4.1939666e-06 0.0005111839 3.4162879e-06 2.8090859e-05 0.046126686 0.0021300793 0.00010554048 6.56262e-05 7.4622285e-06 1.3059715e-05 0.001032473 2.0881307e-05 0.0037344873 3.6135948e-06 1.0683202e-06
0.75527203 0.00055987405 2.7408594e-05 2.9399127e-05 0.0004916275 7.4108505e-07 3.5092135e-06 5.097973e-08 0.0709858 1.24502385e-05 0.045686603 0.08249901 0.00012517153 0.00015235938 1.3454286e-08 5.5963114e-06 0.98512053 0.33509824 1.136443e-07 0.003956815 0.055402685 0.9829582 8.882583e-17 0.63939226 0.20753191 1.737465e-06 0.018897545 2.412651e-07 0.049741127 0.00016673986 0.0011338997 1.2343756e-06 0.0006118701 1.9793331e-08 9.9754995e-09 0.3143466 0.6396213 5.9652043e-09 6.731036e-05 0.8580808 0.0021287987 0.011693391 8.758478e-09 0.9403874 0.0007764365 2.2744475e-06 9.8020415e-08 3.946694e-09 8.588009e-09 2.0131317e-08 0.42372856 5.5516534e-08 0.041875865 7.1851336e-10 1.4974626e-08 0.0060623167 8.549182e-08 8.554055e-09 0.03325935 0.00019589788 2.1285873e-08 1.579769e-05 2.521016e-07 0.00053284696 1.6741312e-07 0.00038604476 0.009614668 3.3873913e-08 1.1028927e-06 0.0014556408 1.10629145e-07 0.004261731 0.59193027 0.011257952 7.916687e-07 4.195508e-09 1.594002e-07 3.3249858e-08 1.9845243e-07 0.00031370408 0.0001370154 0.016482487 3.828286e-05 0.00029741807 0.003899541 0.000160535 1.9931713e-07 5.4854292e-05 1.3075585e-06 2.8110408e-06 0.008311051 0.00031035935 0.00013575207 5.2509445e-06 0.00010755303 9.800439e-07 0.0025375243 9.84832e-06 0.001002715 4.9727035e-08 1.0355684e-07
0.96184975 0.000102896825 1.6678629e-06 5.7655852e-05 0.00014477564 1.1929391e-06 1.8070842e-06 3.8142822e-08 0.14803475 1.5593923e-05 0.110931404 0.12056503 0.0003606611 0.00012296328 1.2277559e-07 1.9507793e-06 0.6257642 0.94230133 1.0889058e-06 0.006597555 0.006563347 0.97912216 0.63939226 2.0567185e-14 0.9412698 1.6967829e-06 0.12583444 2.4327124e-07 0.49623337 0.00018540146 0.0049878624 3.6928395e-07 0.0014615172 1.5651418e-07 3.1917942e-08 0.8820547 0.8861103 9.135775e-08 0.00014019696 0.17277233 0.0013009041 0.00058026216 8.03949e-08 0.2862847 0.0006800877 5.202832e-06 4.4188238e-07 4.658852e-07 1.9355345e-07 7.7277457e-07 0.050873682 7.127947e-08 0.0037371137 5.3927653e-08 1.218879e-07 0.06399812 7.4268684e-07 6.372339e-08 0.011300328 0.00067462766 3.211208e-07 0.000115932446 4.091597e-06 0.011053314 1.3486814e-06 0.0028076316 0.052110594 7.3706715e-08 7.214722e-06 0.012236695 1.3562009e-06 0.056094486 0.0034297572 0.23356688 1.6841293e-06 3.95362e-08 1.6019716e-06 1.16225195e-07 7.0154215e-07 0.0004941597 2.5314743e-05 5.318846e-05 7.419202e-05 0.00019204107 0.10048234 0.00079766527 4.0149905e-07 0.00050618045 2.0388335e-07 5.748716e-06 0.13164133 0.003353307 9.9937635e-05 3.8311162e-05 1.4869673e-06 2.829408e-06 5.053646e-05 0.00013933232 0.004895059 2.2358201e-06 2.8038464e-08
0.89041704 8.9119196e-05 1.4581888e-06 5.191603e-05 0.00025713013 1.097528e-06 2.0547116e-06 1.02715106e-07 0.036172915 2.9316592e-05 0.38639504 0.065967746 3.21621e-05 0.00076047657 6.547017e-07 1.1151677e-06 0.19121796 0.9797091 1.0271497e-06 0.002993024 0.005963154 0.5424895 0.20753191 0.9412698 4.230426e-15 4.611632e-07 0.24948527 1.8509378e-07 0.9763718 0.00033486108 0.005494518 3.216173e-07 0.0010527926 1.038525e-06 3.4223238e-08 0.8467727 0.3402369 1.448971e-07 0.00013676097 0.03367235 0.00047066872 0.0001291284 2.8529483e-08 0.0345753 0.00020227078 1.22310585e-05 4.0911502e-07 4.664487e-06 1.4674359e-07 1.9749409e-07 0.0068245176 5.4081955e-08 0.000430653 9.26909e-10 6.8864335e-07 0.37822998 1.6673532e-07 8.6340336e-08 0.0011804485 0.0029046258 1.7975388e-07 8.33129e-05 1.6549033e-05 0.0030848733 1.9575677e-05 0.018524677 0.033039104 9.541109e-07 2.428914e-06 0.052466918 8.237078e-07 0.092324354 0.00073374703 0.80649 2.520779e-06 7.114107e-08 7.4863675e-07 2.2899403e-07 2.5228388e-07 0.0033240463 6.4601086e-06 1.8599127e-05 0.00011087774 0.0015712557 0.29554394 0.0019155043 1.6465918e-06 0.00051788206 2.3599333e-07 8.83496e-06 0.23890828 0.012515864 2.6724032e-05 0.0003409848 1.754707e-05 1.6800034e-06 0.00059586467 9.964329e-05 0.020086776 4.857698e-07 4.8875544e-09
0.5366814 0.06628709 0.21742144 0.35838425 0.02044668 0.72760016 0.038906507 0.069948316 0.0002721381 0.023902813 5.6892077e-06 5.5265118e-05 0.0845103 0.00416225 0.26061565 0.9488045 3.650834e-05 8.142096e-06 0.96311235 0.0017301847 1.7086051e-05 3.7640787e-06 1.737465e-06 1.6967829e-06 4.611632e-07 9.454136e-15 6.0515863e-06 0.000999264 1.4130038e-05 0.00027556927 0.00014008816 0.9992799 0.017247187 0.006019371 2.4060771e-05 5.751913e-08 1.7338391e-07 0.28765783 0.0002916577 4.296397e-06 1.6142765e-05 3.4773166e-07 8.443524e-06 2.6198807e-08 0.0016178107 2.4045474e-05 4.7145177e-06 2.1848098e-05 6.7964006e-06 0.01258223 4.6159533e-07 8.263669e-06 1.458967e-07 0.0006351693 2.9158215e-07 1.37932675e-05 0.017398164 2.2764036e-05 2.7765444e-07 0.00013858145 2.9693692e-07 0.014918013 6.448217e-06 8.9650555e-08 9.311441e-06 4.9920734e-05 4.837233e-07 8.2299414e-07 7.6057945e-06 1.05418806e-07 6.508084e-05 1.1395948e-07 4.756984e-08 5.438284e-07 3.38743e-06 3.446114e-06 0.00094472314 4.011364e-08 8.2567685e-06 2.9857085e-07 1.3574839e-05 3.837112e-07 2.6611291e-05 8.615051e-08 2.4006038e-05 0.0002611542 2.3191078e-06 0.0007078321 3.061437e-07 3.5700205e-06 5.3914006e-05 4.0308933e-05 4.4167354e-08 1.8915889e-05 4.1162302e-08 5.451044e-06 5.98338e-07 4.66223e-05 4.8653436e-07 0.08595733 7.546368e-08
0.9155172 0.010043841 0.00031065487 0.0021102845 0.021768542 0.00025357306 0.000539496 1.2584425e-05 0.7653976 0.010426774 0.500133 0.24696752 0.0021545775 0.31428504 3.6773698e-05 0.00010120829 0.117637835 0.18736413 1.7376795e-05 0.037125416 0.03456072 0.075701326 0.018897545 0.12583444 0.24948527 6.0515863e-06 6.5244017e-15 8.1935605e-06 0.99420273 0.027728878 0.82047075 2.1746605e-06 0.014488961 2.6210268e-05 7.5932957e-07 0.03416814 0.009246745 1.3061494e-05 0.01828209 0.003374572 0.0025830877 0.0001614901 9.837421e-08 0.0017619404 0.0021664065 3.4784578e-05 3.3832753e-06 3.322065e-05 2.661812e-07 1.4462802e-07 0.0005788033 3.3675323e-07 0.0001328209 1.1526222e-09 5.380291e-07 0.98175776 9.19484e-07 1.6164209e-07 2.679853e-05 0.10798802 3.0441083e-07 0.0011883234 0.00020358968 5.490747e-05 7.7185905e-07 0.271353 0.0003945447 5.056921e-08 3.716127e-06 0.005738134 6.8155414e-06 0.003810803 3.8295216e-06 0.28553486 8.4928797e-07 2.0737774e-08 1.4674471e-07 1.2322262e-07 2.045663e-06 0.00028827877 0.00036235768 2.93771e-05 0.0010506172 3.4243854e-05 0.04707315 0.04433912 1.9928086e-05 0.01427084 4.6634103e-08 3.9928284e-05 0.33180374 0.07649305 3.3768362e-07 0.0023636543 5.4102213e-07 7.1148435e-07 3.0883934e-06 0.002908075 0.0010518213 1.7111832e-05 2.7202054e-08
0.9125561 0.000103753024 0.061243694 0.0018931843 0.00022885205 0.009245106 0.3123517 0.92792606 7.536239e-05 0.0037382646 3.6409085e-06 3.3526594e-06 0.00033242948 0.00048204247 0.5830897 0.00029686265 2.342867e-06 1.275519e-05 0.009325337 6.6649176e-05 1.8350673e-06 6.0235766e-07 2.412651e-07 2.4327124e-07 1.8509378e-07 0.000999264 8.1935605e-06 6.665455e-15 3.995104e-06 0.0027176775 0.00012703204 0.00037468696 0.00020300281 0.8045407 0.9913237 1.6641069e-08 4.678716e-08 0.049824387 0.004592793 1.6144896e-06 1.9879948e-05 1.2802403e-05 0.8757252 1.1523413e-08 8.821219e-06 0.7216694 0.22680676 0.8965069 0.48758948 0.024003312 1.0145069e-05 0.27102035 2.2808303e-05 0.068185404 0.8763534 7.072056e-05 0.0053242003 0.09128203 6.199448e-07 0.0024229996 0.061709516 0.000102472506 0.20167436 5.8963963e-08 0.6315545 0.0003796504 1.1551416e-06 0.07977227 0.09353446 9.456037e-06 1.722253e-06 1.3184292e-05 2.857381e-08 1.1996839e-06 0.013408617 0.04245007 1.9766068e-05 0.003422626 6.6806324e-06 2.6637153e-06 5.2115195e-07 1.0577994e-07 0.090023026 3.5231764e-08 4.4375e-06 0.0013309112 0.019291697 0.023111429 0.00042293486 0.030996462 6.140296e-05 0.0008116338 6.0648535e-09 0.04277424 7.599678e-09 0.006243518 1.3913956e-07 0.017007262 1.4001617e-08 0.011803111 0.0002243578
0.7683794 0.0025197924 8.5085354e-05 0.00062649994 0.013329448 8.6776075e-05 0.00013694931 5.343573e-06 0.8501061 0.001309436 0.83126014 0.10580587 0.00048893224 0.1420116 0.00010867834 1.6292664e-05 0.13434213 0.8048472 1.7619781e-05 0.0055398652 0.0077615706 0.18954441 0.049741127 0.49623337 0.9763718 1.4130038e-05 0.99420273 3.995104e-06 2.464171e-15 0.0024043755 0.21099183 1.5122604e-06 0.0032351383 3.2985932e-05 1.6499243e-06 0.23518097 0.032580152 4.3830582e-06 0.0008860666 0.0062343073 0.0007067148 0.00011462442 6.7035245e-08 0.0027324988 0.0004720641 8.356367e-06 7.054526e-06 5.648965e-05 4.21307e-07 1.8747994e-06 0.0010705972 4.2655262e-07 0.00018192663 1.6248241e-07 3.8273524e-06 0.8143697 1.2107524e-06 6.7627246e-07 0.00010268323 0.0043308134 1.7699736e-06 0.00017029351 2.8533444e-05 0.00046929682 3.4290501e-06 0.02617518 0.0046085115 1.2605686e-07 1.2304737e-06 0.053201716 3.0580475e-06 0.008569256 8.9426365e-05 0.25180894 4.3851134e-07 1.4125685e-07 2.526725e-07 3.6889293e-07 7.699057e-07 0.000747015 2.5399648e-05 8.154568e-06 0.00016978319 0.000121142126 0.043949798 0.0022244176 6.3807015e-06 0.0006617186 1.4469978e-07 5.80724e-06 0.17149091 0.02294962 4.083228e-06 0.00028382996 1.5161717e-05 1.5431839e-05 1.31315865e-05 0.00014663539 0.0011977904 2.194407e-05 2.5462256e-08
0.75413036 0.19431564 0.034823164 0.05916787 0.4358807 0.006231015 0.3368809 0.01599209 0.17194827 0.6880686 0.003722732 0.01020283 0.011174205 0.9695303 0.005399209 0.0002848175 0.00072052673 0.00095609797 0.00050678954 0.0086523555 0.0003521972 0.00046307902 0.00016673986 0.00018540146 0.00033486108 0.00027556927 0.027728878 0.0027176775 0.0024043755 3.0671082e-15 0.9908969 1.722027e-05 0.01046717 0.0013963893 0.0009197647 3.1462463e-05 6.4297186e-05 0.00030695132 0.9754598 8.4062805e-05 0.0001441081 1.3514412e-05 4.9094037e-05 4.5068366e-05 0.0012653667 0.011137925 0.00032673177 0.0023201532 2.1466976e-05 8.681664e-05 9.430407e-06 6.263667e-05 6.5980485e-06 6.968771e-07 0.00014109389 0.01953228 6.253174e-05 4.1617895e-06 2.9781738e-06 0.75954765 1.8379389e-05 0.0031300345 0.081238426 2.9513644e-06 9.710808e-05 0.48442587 2.0271455e-06 9.471429e-07 0.00043833724 0.00041652797 1.5145272e-05 0.000121027006 3.513332e-08 0.000942299 0.00019561671 5.1941365e-06 4.283463e-05 5.613654e-07 3.559947e-06 6.0191152e-05 5.180621e-06 1.2184229e-06 0.01732693 2.2918651e-07 0.00011930358 0.0697446 0.00045780645 0.12189522 4.428182e-08 0.0006101319 0.003216382 0.03228666 1.5984096e-08 0.004869037 2.3446237e-08 7.883165e-06 5.933887e-08 0.003906559 8.981302e-07 0.00035054487 2.6920586e-07
0.8750641 0.372167 0.027573332 0.08845361 0.5724468 0.010289611 0.04269605 0.012410568 0.7783721 0.2935799 0.12397355 0.21025774 0.032586116 0.93147486 0.0031204422 0.0012278627 0.012890386 0.009248522 0.0009965758 0.09230343 0.0054580495 0.007033074 0.0011338997 0.0049878624 0.005494518 0.00014008816 0.82047075 0.00012703204 0.21099183 0.9908969 4.108311e-14 1.1772089e-05 0.051202953 0.0013160317 7.287723e-05 0.00095446146 0.0007608631 0.00035481757 0.8836414 0.00017096296 0.00080454466 1.7480845e-05 1.285997e-06 0.00033751654 0.0056462586 0.00046652436 5.6469074e-05 0.0013184398 2.7545154e-06 2.5420777e-05 8.068374e-05 7.747187e-06 3.2931584e-05 5.402502e-07 4.5842444e-05 0.8835746 4.634762e-05 2.635181e-06 6.7396977e-06 0.8916328 4.1316475e-06 0.0065126866 0.00094258034 2.2742835e-05 7.347053e-05 0.87830067 0.00010788052 2.563994e-08 2.3977185e-05 0.0028313717 2.9997906e-05 0.0013181588 1.1583026e-05 0.07059458 3.6502263e-06 7.7019433e-07 8.849737e-05 7.129539e-08 5.398735e-06 0.0014646299 0.00014922295 1.4254245e-05 0.0021534981 0.00016780915 0.0106745325 0.13382171 0.00024953394 0.04596096 6.3380075e-09 0.00022401725 0.0879227 0.14207563 3.8546696e-07 0.0051427474 2.1716428e-06 8.3113156e-07 2.2796698e-06 0.008514639 0.00020874331 0.0005697649 1.6089993e-08
