8.309478e-16 0.10945196 0.31689864 0.13693705 0.050434798 0.6431423 0.49429905 0.10840443 0.5160623 0.8243787 0.9066958 0.30073 0.9464872 0.9529419 0.005404951 0.037921283 0.006794725 0.7914271 0.0001622945 0.73794335 0.9759613 0.93333745 0.018413533 0.952316 0.9831462 0.87753665 0.16986562 0.81898737 0.9554265 0.6592263 0.9714679 0.8640539 0.6179773 0.91339964 0.7081389 0.6997005 0.72717434 0.7592479 0.86500764 0.84085155 0.9427593 0.6543074 0.5750418 0.9343769 0.74760526 0.92803437 0.73566335 0.84056395 0.94308895 0.9221466 0.3955725 0.75376135 0.8555768 0.9126374 0.93757254 0.04269011 0.13017379 0.92000353 0.9197316 0.73903286 0.900193 0.8384145 0.9174794 0.03105167 0.5413116 0.880486 0.8715121 0.7112178 0.7896503 0.94295424 0.93694323 0.9811421 0.9595349 0.97276056 0.00084879616 0.5668083 0.99159443 0.9284304 1.0099814e-05 0.813512 0.90594625 0.9991249 0.9970587 0.5388498 0.05321018 0.92651725 0.04116074 0.84734285 0.86154014 0.34010258 0.537372 1.0664651e-05 1.4795461e-05 0.21568274 0.9776129 0.99968255 0.8948981 0.9947618 0.9998743 0.99991363 0.84009767
0.10945196 5.384131e-16 0.9948928 0.9701544 0.9825557 0.24001737 0.14580424 0.8466951 0.8910935 0.18786614 0.62346405 0.14281777 0.0016955681 0.0047848234 0.017324403 0.028838167 0.0010729164 0.00028246822 0.021590767 9.530396e-05 2.8247208e-05 0.37580603 0.00017996272 0.0072042756 0.18754068 3.0324793e-06 1.572029e-05 0.00018958736 0.028525103 6.336861e-05 0.0029876756 0.00016686744 0.0008765332 3.1703144e-07 0.0008815022 3.2701105e-06 7.350308e-06 5.56399e-07 0.00035312632 6.2745954e-07 2.7345212e-08 1.6967317e-07 1.189499e-08 0.0015840997 3.987653e-05 1.3959078e-07 9.102368e-05 2.2957329e-05 1.2739761e-07 5.028315e-07 2.8005798e-05 0.00032987836 8.5547434e-08 5.1415252e-08 0.00033154016 2.1996281e-07 8.527165e-06 1.9027212e-07 2.672569e-07 1.275949e-08 0.00046391672 3.2105202e-08 4.6047305e-08 3.523049e-06 1.2815881e-06 2.7921018e-07 4.9065557e-06 4.763924e-07 2.1899405e-06 4.812982e-09 0.00012914391 1.6278525e-06 0.00025255026 1.8016912e-08 6.760778e-05 1.2951379e-08 0.00201581 3.6203623e-06 3.5392397e-08 0.0007020445 4.7040395e-08 0.00010520946 0.0011144773 3.686942e-07 1.5994404e-08 7.4503434e-05 3.4948747e-10 3.318835e-07 0.0005374909 7.6864984e-05 9.979377e-06 7.411483e-08 1.00322886e-07 3.1231222e-09 0.00013504512 0.00013326803 2.0150266e-07 1.58701e-06 4.2288676e-08 2.6322514e-05 2.1514735e-08
0.31689864 0.9948928 1.555979e-14 0.85201794 0.0025089134 0.040619414 0.9882344 0.000120104516 0.6624238 0.9110566 0.8355552 0.00012643269 0.12568675 0.24773385 3.5494093e-05 0.008581706 1.5536365e-06 8.877784e-07 0.00015206137 0.0053336457 0.00043164965 0.11663569 0.00020969745 0.11478149 0.43066868 0.0001317403 0.00013326842 7.959099e-06 0.0022435868 0.0046003703 7.0617185e-05 0.0029868623 6.5668086e-05 1.4990359e-06 0.00027540902 8.802315e-05 0.00069420895 0.00014196214 1.6766526e-05 3.4336925e-05 5.058211e-07 0.00020107067 1.3446231e-06 0.0045625744 0.00030438314 2.1388903e-06 5.256905e-05 9.9883655e-06 0.00015600893 0.00014405767 2.5665128e-07 0.00015809137 2.0617033e-06 5.212268e-06 0.00011182125 3.2765865e-07 6.8905257e-07 1.3923965e-05 6.2005776e-05 5.728264e-08 0.007655218 7.0971356e-07 1.9083804e-05 1.0537724e-06 1.9299846e-07 8.799591e-06 0.0005287495 0.0004211896 6.403503e-07 1.7916685e-07 0.0011732382 0.00047686743 2.6715805e-05 2.5636323e-06 6.3106954e-06 1.5214586e-07 0.0008252132 8.239593e-05 9.599957e-08 3.5397275e-05 2.1447023e-07 0.0010242523 0.0004942881 2.5840102e-08 2.1331191e-08 0.0004935748 4.687501e-10 0.00037576913 2.5814352e-05 1.168732e-05 4.6959444e-06 2.3979277e-08 7.3534e-08 2.5927867e-09 3.478627e-05 6.950811e-05 2.990744e-07 0.0001467532 2.046574e-08 0.00028472542 2.7992352e-08
0.13693705 0.9701544 0.85201794 5.500346e-15 0.9514021 0.9993212 0.19720699 0.6161182 0.09586998 0.09259301 0.8964239 0.26501602 0.0019619737 0.04912776 0.026976043 0.0012560639 0.0003625725 0.0015944773 0.000356615 0.00012445901 4.5699966e-05 0.19862023 9.9746816e-05 0.005101505 0.11904941 9.818845e-06 5.2109804e-06 1.15097255e-05 0.012162079 0.0003113706 0.0053027836 0.00012539927 0.0007671156 4.5446563e-06 0.00025431873 0.0002275871 3.604218e-05 2.2078288e-05 0.0007443791 5.4303623e-06 1.0237595e-07 7.158829e-06 3.2694166e-07 0.0036876935 5.703579e-05 9.4630957e-07 3.7943155e-05 5.3351534e-05 9.12684e-06 1.2872369e-05 1.0876895e-06 0.00011982285 4.277666e-07 3.868694e-07 8.465879e-05 1.8509614e-06 2.6289426e-05 4.0523832e-06 3.054952e-06 1.7878554e-07 0.0012054228 5.236764e-07 1.1111198e-06 6.129458e-06 4.2603165e-06 1.7507529e-06 2.1895092e-05 1.997937e-05 2.993215e-07 3.0730746e-08 0.00030233775 7.591508e-05 3.4467027e-06 6.7591844e-07 8.6455583e-07 8.473693e-08 0.00022779295 7.6523105e-07 1.9355492e-07 0.00015041011 3.8401087e-08 0.00035891958 0.00023922816 3.533643e-07 2.3263686e-08 2.1008665e-05 1.2477754e-09 3.0499768e-06 0.00010389353 6.1236974e-06 1.9841527e-06 2.0636595e-09 1.0064521e-08 7.1418657e-07 2.615743e-05 0.00014825384 6.500595e-06 4.85765e-06 2.2512091e-07 8.042316e-05 1.4596894e-07
0.050434798 0.9825557 0.0025089134 0.9514021 1.3791502e-13 0.53598803 9.412612e-05 0.9995942 0.00037487087 0.0025889005 0.290052 0.75165194 5.010565e-05 0.0004379564 0.03694239 2.4875304e-05 0.0013415837 0.022248669 0.0055090394 2.0288233e-05 4.7915837e-06 0.40647605 3.9592082e-06 0.0015014812 0.015335818 1.7243434e-06 1.615276e-05 2.093174e-06 0.014379038 0.00020348681 0.009794114 0.00018422813 0.0011648891 1.0326946e-07 0.0005134781 1.1311491e-05 1.3801189e-05 7.4827134e-05 0.0016811758 1.803752e-05 1.7304757e-07 7.0915376e-06 9.1060265e-08 0.0007493679 0.00018894552 5.3105773e-06 1.126433e-05 0.00061640766 4.07811e-06 4.8555517e-06 3.7130325e-05 0.00041072644 6.795016e-07 1.3449232e-06 0.0002210318 6.563108e-07 7.798356e-06 2.3884493e-06 3.0586707e-05 1.5672389e-07 0.00055725244 4.1114185e-07 4.9012593e-05 4.140147e-06 2.2961347e-06 2.7075184e-06 0.00014186537 1.811157e-05 1.929288e-06 1.5403165e-07 0.0001652086 0.0001378933 7.638961e-05 1.5457282e-06 1.5136824e-05 6.003467e-08 0.0005670387 7.337232e-06 5.7165206e-08 0.00079109595 3.3561858e-07 0.00045733736 0.0005960732 1.3933595e-07 9.7437706e-08 0.0002877242 9.486348e-10 3.4903524e-06 0.00012661416 7.964065e-06 1.8067516e-06 5.4836164e-08 1.0517734e-06 3.1199252e-09 1.7084192e-05 7.2551375e-05 2.1607723e-06 1.9020337e-05 6.422181e-07 0.00030122686 6.341796e-08
0.6431423 0.24001737 0.040619414 0.9993212 0.53598803 1.3924552e-14 0.0015224348 0.16067754 0.0060363524 0.0074582025 0.9807163 0.16698292 0.000108139684 0.012696155 0.017898731 9.4856754e-05 0.0011518751 0.009205616 0.00079331495 4.2284323e-06 4.2492857e-07 0.969153 4.052167e-06 0.035007637 0.51296234 1.2282068e-07 3.7476239e-06 0.00055650173 0.15914565 0.0013676874 0.12621665 0.0007730157 0.029690377 2.0258852e-08 0.023934592 5.917691e-06 1.57578e-05 1.2410243e-05 0.009306359 4.26528e-08 4.7585336e-09 4.0177824e-07 3.4495582e-09 0.08180023 0.000118235934 9.31173e-09 8.1627877e-07 0.0044516553 1.5011322e-07 2.2778574e-06 0.0024520862 0.0037184265 1.3435867e-07 2.7925319e-08 0.0046116374 4.487293e-07 7.054711e-05 1.4188045e-07 2.4824567e-07 6.549846e-09 0.010985554 2.0314532e-08 9.0884714e-07 7.283147e-08 3.9519687e-08 3.9762398e-08 1.3954846e-05 8.040134e-06 1.0724544e-06 4.214268e-09 0.0019035562 9.104711e-05 0.00020001247 1.6987265e-07 1.0089584e-06 7.942009e-08 0.006028868 2.6010414e-07 7.3375156e-07 0.0028366179 4.456769e-09 0.0012644981 0.0031011687 3.7787498e-08 8.9976204e-08 3.0435629e-05 1.3182436e-08 9.137919e-06 0.0015178036 0.0004912146 3.282158e-06 1.877365e-08 1.1048745e-07 3.1038402e-07 0.001121558 0.0011714683 1.5276667e-07 1.4593401e-05 2.6635703e-08 0.000112186346 2.4181632e-09
0.49429905 0.14580424 0.9882344 0.19720699 9.412612e-05 0.0015224348 4.939892e-15 2.1245325e-05 0.9919119 0.97689515 0.4665958 0.00039094643 0.86886775 0.32512513 0.00012988648 0.064558476 1.8223547e-05 3.2798864e-06 3.912439e-05 0.2789372 0.010271428 0.0111965155 0.004864787 0.2074314 0.42824605 0.003040034 0.004756343 2.365112e-06 0.00040185454 0.043602012 1.4390265e-06 0.040451188 0.00045030648 3.443688e-05 0.00031332168 0.0027318227 0.010882862 0.009361715 0.00011716654 0.0009678148 3.665406e-05 0.00041088494 3.777739e-05 0.0048671453 0.0029008028 3.0081903e-05 0.0055175414 2.077736e-05 0.000747263 0.0017121104 3.252164e-07 5.4247128e-05 0.00019764322 3.724772e-05 2.494541e-05 7.079347e-06 3.3707616e-05 1.8805702e-05 0.00019398356 2.4088886e-06 0.011629001 8.284872e-06 0.00018676987 5.9026162e-05 2.1636633e-06 1.0137391e-05 0.0010996858 0.00021300436 2.0345915e-05 5.505087e-07 0.002041624 0.0018358877 2.427549e-05 5.1484712e-05 0.00024201418 7.5040373e-07 0.0022650962 6.7127885e-06 1.2290675e-06 0.0002854059 1.8914264e-07 0.0024618583 0.0007736518 1.2099318e-06 7.1146667e-07 0.0005296059 1.6964746e-07 5.77107e-05 0.00048148492 1.2323661e-05 7.8044985e-05 6.9034805e-08 2.646334e-05 6.711844e-07 9.300148e-05 0.0005522648 5.0737904e-06 2.0566968e-05 2.129684e-06 0.0004111842 5.590937e-07
0.10840443 0.8466951 0.000120104516 0.6161182 0.9995942 0.16067754 2.1245325e-05 4.8217708e-11 0.00010842325 1.3606061e-05 0.032607276 0.98995423 4.5185616e-06 1.50726355e-05 0.8454484 1.3627281e-05 0.09445393 0.236566 0.84796584 1.7750737e-06 4.8225024e-07 0.3945065 1.9518138e-06 3.3303288e-05 0.0028551382 1.0707993e-07 2.950458e-06 0.0008330539 0.028817862 4.3309287e-06 0.10613113 7.41731e-06 0.0034795394 3.3527005e-08 0.002406052 2.5858542e-06 2.5772655e-07 3.2927377e-07 0.0061045666 1.0041684e-06 4.7533927e-08 1.5358897e-07 5.7723987e-08 0.0012901817 5.9793606e-06 1.258969e-06 9.697856e-06 0.0017006143 1.2504803e-06 3.5805036e-07 0.0008417849 0.0006006612 3.528799e-06 2.7460945e-07 0.000711111 4.1789745e-06 0.00011216271 1.0471406e-06 1.1489769e-06 1.1390981e-07 6.468571e-05 1.8046946e-07 5.8863734e-06 4.1162657e-06 4.6304035e-06 2.9683601e-06 2.1524867e-05 2.0178035e-05 3.5235291e-06 9.143322e-08 0.00010584427 1.3424468e-05 6.978901e-05 1.3161057e-06 2.4794139e-05 1.297433e-07 0.000303995 9.168431e-07 1.0547452e-07 0.00095646374 9.739977e-07 0.0001350204 0.000482039 5.5836076e-06 2.775758e-07 8.7869244e-05 8.992109e-09 8.900584e-06 0.00054546585 1.2270478e-05 8.5072764e-07 1.2917488e-07 9.1430614e-08 5.869698e-09 5.4683078e-05 0.00025914336 4.5329278e-07 3.1618738e-06 9.4671395e-07 5.8403286e-05 1.4333409e-06
0.5160623 0.8910935 0.6624238 0.09586998 0.00037487087 0.0060363524 0.9919119 0.00010842325 5.706426e-14 0.73976773 0.4811677 0.0006475264 0.6097598 0.27346826 2.9761622e-05 0.9986179 3.2376888e-06 1.7636523e-07 4.7033445e-06 0.6074181 0.008281385 0.0053962646 0.05381553 0.18397824 0.38809308 0.007798096 0.0034924734 2.920884e-07 0.00163787 0.012315791 3.5340256e-06 0.010634249 0.00014333888 0.00018070963 0.00030783957 0.0014982634 0.0005318849 0.00017078321 4.5184264e-05 4.05253e-06 2.688182e-07 8.918717e-06 3.1249413e-06 0.0043926584 0.00047968005 1.895853e-05 0.032328323 3.6926253e-05 6.546462e-05 4.3762106e-05 2.7125645e-07 3.729894e-05 1.7870767e-05 4.1360904e-06 3.876986e-05 5.055938e-06 4.8076636e-06 4.2840165e-06 6.5680986e-05 1.1229583e-08 0.0017088577 2.903677e-06 2.411587e-06 7.839804e-05 2.5453128e-06 5.114501e-06 0.0002206967 3.9414477e-05 1.1069237e-05 3.4347025e-08 0.001655515 0.00023450311 0.00017762659 1.4943328e-06 0.0003479342 4.7830316e-08 0.005224212 7.0918486e-06 1.8308198e-06 0.000929302 1.1411543e-07 0.004110174 0.0030754467 3.554626e-07 1.400543e-07 0.00065414095 1.5074776e-09 1.1617454e-05 0.00037889456 7.1644536e-05 1.2946952e-05 6.6418366e-08 2.3930218e-07 2.1520679e-09 0.00027517695 0.00067690224 2.0571262e-07 0.00014698794 4.0291363e-07 0.000504165 6.038908e-08
0.8243787 0.18786614 0.9110566 0.09259301 0.0025889005 0.0074582025 0.97689515 1.3606061e-05 0.73976773 2.3558716e-15 0.59623635 4.2062456e-05 0.963343 0.984781 3.4407417e-06 0.21207494 2.8375143e-06 1.9567492e-06 2.1033495e-06 0.10384345 0.08025083 0.015069668 0.028143317 0.68314683 0.6368947 0.012174014 0.04775286 3.3749961e-06 0.0018538104 0.22871827 3.6034653e-05 0.181265 0.00033336633 0.0017092929 0.00052028225 0.014967519 0.06910802 0.04023117 6.087303e-05 0.0016230663 2.3508292e-05 0.0012667655 6.77457e-05 0.008655678 0.01989124 2.3518718e-05 0.007203251 2.3066465e-05 0.0017434687 0.017150234 2.1553175e-05 0.00012558416 0.00016188624 1.6997856e-06 6.4534375e-05 2.2929496e-05 1.1582973e-05 2.3724571e-05 0.0010180892 9.54943e-07 0.019247264 4.4964088e-07 0.00011408187 1.4828219e-05 4.4277854e-06 0.0001944848 0.0027068243 0.0009507327 9.932191e-06 2.6969731e-08 0.004186518 0.007030157 7.281616e-05 9.586115e-06 0.00011151795 1.9061319e-07 0.0010219823 0.00018692561 8.560821e-07 0.0002173151 1.963574e-08 0.011385863 0.00040307184 8.3363517e-07 1.1245749e-07 0.0011682155 2.0649942e-09 0.00068861776 0.0003171922 6.807912e-05 6.900055e-05 7.395822e-08 1.4368062e-06 1.2397112e-07 0.0007127891 0.00025228207 1.7263895e-07 0.00061603746 2.0512853e-06 0.0010576841 4.4384898e-08
0.9066958 0.62346405 0.8355552 0.8964239 0.290052 0.9807163 0.4665958 0.032607276 0.4811677 0.59623635 1.5967028e-16 0.054022484 0.019743979 0.78029054 0.0005455239 0.02533524 4.1548832e-05 0.00092064193 1.7936474e-06 0.00117736 0.0003063956 0.73027885 0.0002704788 0.6448979 0.9837508 2.0344809e-05 0.00025812077 4.1887342e-06 0.11210625 0.01123576 0.002263792 0.029157052 0.0065027033 6.355264e-07 0.0070191305 7.163811e-05 0.00036045635 0.00027054898 0.00050406955 2.7502606e-06 9.9765685e-08 4.970712e-06 7.21468e-08 0.27956668 0.007149015 1.0441644e-07 0.00018868764 0.00057371246 2.7663252e-06 0.00069996965 8.383983e-05 0.002967091 3.4763568e-06 4.2707423e-08 0.005210673 9.201683e-07 4.353489e-06 1.3147664e-07 7.1762115e-06 1.042548e-08 0.11379241 5.0193766e-08 3.923193e-06 8.0362355e-07 1.05459634e-07 6.067243e-07 0.00029629952 7.1205526e-05 4.354529e-07 1.8053332e-09 0.024306808 0.004118911 7.362782e-06 8.824701e-08 2.1857236e-06 9.788099e-09 0.028746309 4.441132e-06 7.5818306e-08 0.0003550318 9.6413855e-09 0.021251548 0.0065613124 2.0590406e-08 2.149017e-08 0.0008323655 9.449324e-11 0.00018915952 0.002002352 0.00017994641 4.490442e-06 2.945295e-09 1.4282159e-08 1.2359259e-08 0.0009998869 0.001173984 9.844254e-08 0.00071087264 5.5313386e-08 0.0024302038 8.892605e-09
0.30073 0.14281777 0.00012643269 0.26501602 0.75165194 0.16698292 0.00039094643 0.98995423 0.0006475264 4.2062456e-05 0.054022484 1.3106049e-15 5.90667e-07 0.00016425112 0.97627586 1.899754e-06 0.17230941 0.98995405 0.0779871 2.2123014e-07 2.3887885e-08 0.8673402 1.3416438e-06 0.00052164035 0.025176266 1.252815e-08 1.0740645e-06 0.00093745306 0.20059548 0.00021763387 0.5681383 1.9714784e-05 0.15891288 5.869956e-09 0.038801055 8.256958e-06 5.447981e-07 2.9017986e-07 0.14136653 2.0284602e-08 1.9482962e-09 2.817494e-09 5.0317084e-10 0.01438008 3.0864932e-05 8.717691e-10 1.9118339e-07 0.06892507 3.8258456e-08 9.997691e-07 0.030790545 0.018488307 3.870421e-07 1.7522137e-09 0.009637572 1.2851891e-06 0.0026628962 2.1126902e-09 1.1217045e-07 1.1332405e-09 0.0026519164 1.3659456e-09 5.8948107e-08 5.141479e-07 2.9186908e-10 1.3050289e-09 3.6858612e-06 2.0440111e-06 3.3926803e-08 7.9388315e-11 0.00053491874 1.8994508e-05 0.001154192 9.825228e-09 2.3513402e-07 2.8361817e-09 0.0016476004 7.0516535e-08 3.2573567e-07 0.020449068 1.7413522e-09 0.000118997115 0.0048348587 2.7169684e-09 5.032632e-09 6.690426e-06 8.752349e-09 4.2725314e-06 0.0034333293 0.00028206842 4.569593e-08 1.120126e-08 6.917237e-09 1.6509605e-09 0.000662749 0.0010352847 1.9080944e-07 1.4921468e-06 1.2113547e-09 0.00015979329 7.1355752e-09
0.9464872 0.0016955681 0.12568675 0.0019619737 5.010565e-05 0.000108139684 0.86886775 4.5185616e-06 0.6097598 0.963343 0.019743979 5.90667e-07 4.0552465e-14 0.93400276 5.2280348e-06 0.4396754 5.9471213e-06 1.9142368e-07 8.0908575e-07 0.9407696 0.906651 0.00019047392 0.19845991 0.77025276 0.2238537 0.33541182 0.5785658 1.4582562e-07 9.284994e-05 0.5963189 2.1807608e-07 0.355589 0.00024824674 0.12567969 3.68216e-05 0.13021685 0.7576479 0.24958028 4.6690843e-06 0.1039822 0.008368462 0.042045917 0.004688966 0.00073585066 0.11409043 0.0048089162 0.060434088 3.3787867e-06 0.020459207 0.10061812 9.579585e-07 7.352576e-05 0.0067689093 8.525689e-05 4.047812e-05 0.00065627485 6.127605e-06 0.00045169186 0.005895649 8.2625855e-05 0.008249347 2.2552038e-05 0.0011615966 0.0002092869 0.00028653414 0.0010919727 0.010933118 0.0025358673 0.00014419087 1.0246459e-06 0.002693059 0.024714556 1.5814496e-05 0.0001976336 0.0008456321 3.5801434e-06 0.0006640171 0.00075954845 7.725826e-06 7.8945224e-05 3.6019978e-07 0.018282158 0.00025124126 1.758421e-05 7.6271203e-06 0.0028877803 6.26822e-07 0.0013949771 0.00036362588 5.3694752e-05 0.00057666446 1.1838937e-06 5.757426e-05 2.1295377e-06 0.00025599825 8.923945e-05 8.298919e-07 0.00090481405 1.3793702e-05 0.002556117 2.8427053e-07
0.9529419 0.0047848234 0.24773385 0.04912776 0.0004379564 0.012696155 0.32512513 1.50726355e-05 0.27346826 0.984781 0.78029054 0.00016425112 0.93400276 1.0204427e-12 4.904121e-05 0.043574978 1.8127019e-05 5.746512e-06 1.3127554e-07 0.045183264 0.18957566 0.01314741 0.0045330236 0.9782575 0.6577164 0.014726288 0.017204039 8.91989e-08 0.0010045813 0.47015703 1.8764808e-06 0.44146326 0.00038005662 0.006459355 0.00017347958 0.009187843 0.3406305 0.06021777 1.5487376e-05 0.006588655 0.0005699311 0.0020066015 0.00018265382 0.015665315 0.095230095 0.000117170224 0.003804053 3.5806745e-05 0.0014415897 0.060480285 8.122172e-06 0.00027297612 0.0005015607 2.169793e-05 0.00020958448 9.231797e-05 1.4063425e-05 8.814849e-05 0.0011294268 2.069528e-06 0.046807107 5.771766e-06 0.00063492614 4.0781204e-05 1.5538742e-05 0.00049001095 0.0109309135 0.002101029 2.8891658e-05 1.7374565e-06 0.012545041 0.03263813 3.4783297e-06 4.7877078e-05 0.00025192843 9.092173e-07 0.0058764513 0.00030747984 1.3741424e-06 0.00059176993 6.6554276e-07 0.03872108 0.0008273409 4.9373148e-06 1.2526885e-06 0.0031990171 2.0737852e-08 0.0011370948 0.001347473 3.6399244e-05 0.0002744876 4.0095912e-07 3.5871562e-06 1.1720688e-06 0.00069761096 0.0002509532 9.0072075e-07 0.0018237873 1.000297e-05 0.0034781597 1.9758366e-08
0.005404951 0.017324403 3.5494093e-05 0.026976043 0.03694239 0.017898731 0.00012988648 0.8454484 2.9761622e-05 3.4407417e-06 0.0005455239 0.97627586 5.2280348e-06 4.904121e-05 1.0170316e-14 5.1939033e-08 0.99875885 0.41740006 0.971725 9.5269706e-07 1.5451432e-06 0.05069294 1.1301248e-07 8.421229e-05 0.00042743635 1.9970244e-07 6.9854855e-07 0.0067790584 0.0018384957 3.6962383e-06 0.03335404 1.573451e-05 0.0020231283 3.0376037e-07 0.00049315434 3.301235e-06 3.3034837e-06 1.2600938e-07 0.0025872146 3.8879787e-07 6.015136e-08 1.5770819e-07 4.812762e-09 0.0004341252 3.9566927e-05 2.9617925e-07 1.7752825e-07 0.0011073345 1.1565086e-06 6.8088043e-06 0.0024111883 0.00035723826 1.1159092e-06 3.0935092e-07 9.8203105e-05 4.1540607e-06 0.00040485765 2.3273931e-07 3.448435e-06 5.7831957e-09 0.00013248705 5.208119e-08 8.787e-07 8.440943e-07 1.7734516e-07 3.1376223e-07 3.8514086e-06 3.3108608e-06 3.559069e-07 6.2266714e-08 3.9653925e-05 3.0493648e-05 0.00028951303 6.706962e-07 3.8263323e-07 5.04484e-08 0.00010169165 2.441036e-06 1.4279877e-07 0.00086979405 1.1749999e-06 5.9406568e-05 0.00018081497 2.1864437e-07 1.7906633e-08 1.3593857e-05 1.9161178e-07 1.4192004e-06 0.00018469043 3.8818696e-05 3.04465e-06 1.15653336e-07 8.901525e-10 3.4871528e-09 1.7779901e-05 0.000103952 3.3828474e-07 1.5132884e-05 6.2294276e-08 0.00013221076 6.099055e-08
0.037921283 0.028838167 0.008581706 0.0012560639 2.4875304e-05 9.4856754e-05 0.064558476 1.3627281e-05 0.9986179 0.21207494 0.02533524 1.899754e-06 0.4396754 0.043574978 5.1939033e-08 3.5084942e-17 7.6977506e-07 1.9602211e-08 1.086563e-07 0.6427456 0.005655992 0.0001683052 0.9994559 0.022701915 0.020294443 0.029023997 0.030626994 1.1631883e-08 0.00024408055 0.0031689545 1.436957e-06 0.0017290005 3.6805028e-05 0.0017175497 0.00013497482 0.0012412906 0.00046675222 0.000602854 2.5541454e-05 1.0341908e-05 2.9462099e-06 2.1369218e-05 6.0663033e-06 0.00048119802 0.00022519103 4.4044136e-05 0.029200496 7.6504175e-06 3.0079324e-05 1.2473949e-05 9.896458e-08 6.6388725e-06 2.1329413e-05 5.0157737e-06 8.905637e-06 1.1057293e-05 3.811077e-07 5.401067e-06 1.666776e-05 4.53334e-08 0.0003048811 4.0820305e-07 5.6799913e-06 1.2310166e-05 7.413289e-07 1.7817134e-06 0.00023640973 1.5779726e-05 9.458481e-06 2.8527185e-07 0.0007570881 0.00011335298 2.2885955e-05 1.2718174e-06 0.0011015184 1.5463032e-08 0.0005810379 9.419238e-07 1.3680224e-07 5.290965e-05 5.6853345e-08 0.0033269732 0.00046124114 1.6673499e-07 2.60891e-08 0.00015959865 1.2376868e-10 3.7921104e-06 3.962895e-06 4.201084e-06 3.2483422e-07 7.22353e-09 6.6873056e-08 5.116096e-10 1.0964382e-05 4.2288622e-05 4.539326e-09 2.7323188e-06 1.1113773e-08 3.9205177e-05 7.460627e-08
0.006794725 0.0010729164 1.5536365e-06 0.0003625725 0.0013415837 0.0011518751 1.8223547e-05 0.09445393 3.2376888e-06 2.8375143e-06 4.1548832e-05 0.17230941 5.9471213e-06 1.8127019e-05 0.99875885 7.6977506e-07 6.239552e-14 0.8754693 0.99309343 1.7094468e-06 3.0997492e-07 0.029819498 7.694257e-07 5.2919946e-05 0.00033387923 3.2328558e-07 4.0772e-08 0.8565486 0.0056816065 3.516852e-06 0.07786751 2.044559e-06 0.0026601055 3.69925e-08 0.0009085894 2.7497126e-06 1.1835934e-06 2.2025826e-08 0.008133381 2.7766185e-07 1.3129808e-07 6.0944876e-07 1.901648e-08 0.00056738174 1.2117765e-05 1.7061966e-07 9.103786e-08 0.014820621 1.1636216e-07 4.7948356e-07 0.0535454 0.0010211532 5.005056e-06 3.4553068e-07 0.0003037965 3.863114e-06 0.0008596082 2.0576597e-07 6.6842745e-07 1.883509e-08 0.00017667474 5.138163e-08 1.4006271e-07 2.8620311e-06 3.130903e-07 7.568134e-08 2.8880816e-06 7.911223e-07 2.3975562e-07 4.9680107e-08 2.3490968e-05 7.3454516e-06 0.00040883833 9.136976e-08 7.006539e-08 4.354327e-08 0.00020244274 4.5513377e-07 1.08854135e-08 0.0051635234 2.4213708e-07 2.6757749e-05 0.000446646 5.0536164e-07 2.107628e-08 4.873761e-06 9.758311e-09 2.1942792e-07 0.000500987 0.00029214096 6.6395535e-07 1.0388083e-08 5.454268e-10 6.977605e-10 6.8692556e-05 0.00012191947 3.8475116e-09 1.5497076e-06 3.405379e-09 9.393864e-06 3.6092448e-08
0.7914271 0.00028246822 8.877784e-07 0.0015944773 0.022248669 0.009205616 3.2798864e-06 0.236566 1.7636523e-07 1.9567492e-06 0.00092064193 0.98995405 1.9142368e-07 5.746512e-06 0.41740006 1.9602211e-08 0.8754693 4.941782e-13 0.035868313 7.36668e-08 5.078582e-08 0.86390865 1.692015e-07 0.00015142404 0.010412013 9.681263e-09 2.1280161e-07 0.8496299 0.21665221 3.9960436e-05 0.98920614 1.6639682e-05 0.2862706 8.90807e-09 0.06656416 7.096479e-07 1.3366949e-06 1.02093594e-07 0.4475408 1.00626835e-07 1.08476925e-08 2.104507e-08 1.3768137e-09 0.030029882 0.00011412877 5.3763918e-09 1.0292921e-08 0.45097932 1.340134e-07 6.5181536e-07 0.504572 0.107835196 1.646124e-06 5.335061e-09 0.051329162 2.379174e-06 0.0011366415 3.0383845e-08 1.4324151e-07 8.9451015e-09 0.0017547432 1.2198365e-08 8.410237e-08 6.737403e-08 6.4549566e-09 9.752765e-09 5.723552e-06 2.242316e-06 1.1783377e-07 6.0157834e-10 0.00071246823 4.674843e-05 0.0037418387 6.159248e-08 4.6446093e-08 1.2983409e-08 0.0056002545 4.804173e-07 4.1334778e-07 0.07618267 6.683158e-09 0.00022407448 0.0171754 8.85905e-09 6.921028e-08 3.1633805e-05 8.0417517e-10 8.615655e-07 0.019700572 0.003594288 5.152607e-07 1.2240877e-08 3.023925e-08 2.9584884e-08 0.0036378389 0.0025756897 1.9825599e-08 1.1776671e-05 4.303908e-09 0.00012295177 3.9420765e-08
0.0001622945 0.021590767 0.00015206137 0.000356615 0.0055090394 0.00079331495 3.912439e-05 0.84796584 4.7033445e-06 2.1033495e-06 1.7936474e-06 0.0779871 8.0908575e-07 1.3127554e-07 0.971725 1.086563e-07 0.99309343 0.035868313 1.9221534e-15 2.4376463e-06 1.7125657e-07 0.0003081915 1.894339e-08 4.892908e-07 7.281286e-06 1.4589483e-08 5.4347712e-08 0.9998753 2.0624144e-05 2.9022896e-08 0.0010301289 6.372719e-07 8.9652654e-05 8.552737e-08 1.9535748e-05 2.2410876e-07 5.9734784e-10 5.317009e-09 8.224692e-05 8.2536886e-08 2.431562e-07 2.4515587e-09 4.8918797e-10 2.4708866e-06 1.3079426e-06 7.8635075e-08 2.9898854e-07 9.2067734e-05 3.749684e-09 2.2854765e-07 0.00031351714 2.571935e-05 1.6672752e-07 1.1095648e-07 1.0182824e-05 3.9788134e-07 0.0004396082 8.110921e-09 6.027248e-09 1.6818237e-07 8.919482e-08 6.9135076e-08 4.4407193e-07 1.9455612e-07 1.0656079e-07 1.1905959e-07 2.015882e-07 4.661723e-07 9.4064467e-07 2.1726203e-08 8.3706084e-07 9.084913e-08 4.9090246e-05 1.3783437e-08 3.0686599e-07 7.632512e-08 6.032594e-06 9.806697e-08 2.6645866e-08 0.00018466965 4.798024e-07 2.3704322e-06 3.7283771e-06 2.854452e-07 1.335939e-08 5.494018e-06 1.9842169e-08 5.4048206e-09 8.890604e-05 1.8245823e-05 8.12894e-07 1.1494612e-08 5.2597043e-10 7.7437434e-10 8.583535e-06 5.406451e-05 1.616659e-08 4.618135e-08 1.0628104e-06 8.754233e-06 1.14298295e-07
0.73794335 9.530396e-05 0.0053336457 0.00012445901 2.0288233e-05 4.2284323e-06 0.2789372 1.7750737e-06 0.6074181 0.10384345 0.00117736 2.2123014e-07 0.9407696 0.045183264 9.5269706e-07 0.6427456 1.7094468e-06 7.36668e-08 2.4376463e-06 1.0154683e-12 0.99228644 6.4519045e-05 0.6304816 0.022244664 0.0069418517 0.9884939 0.9054739 3.1510444e-07 0.0001037192 0.059052587 2.6800035e-07 0.02075181 4.7643283e-05 0.5025053 3.2883978e-05 0.4281442 0.18306065 0.056169014 1.0449146e-05 0.013391786 0.032319497 0.012267133 0.03372229 0.0003236272 0.00819752 0.004158885 0.20609437 1.626718e-06 0.013071365 0.020235304 3.1145385e-07 2.2424176e-05 0.060008276 0.00025750144 8.048112e-06 0.0044916286 6.519149e-05 0.00028507184 0.000929482 5.5477874e-05 0.00063080364 1.7377592e-05 0.00041998186 0.0019088893 0.0002498864 0.0005625244 0.0030233993 0.0009080614 0.00072410423 2.5782258e-06 0.00043597588 0.0033456103 1.1031677e-05 9.278427e-05 0.004561637 3.0099334e-06 6.2545994e-05 0.0002099712 3.3204608e-06 5.464966e-05 1.7774306e-07 0.0025442208 4.8718117e-05 4.9144066e-05 1.4910651e-05 0.0006970197 4.3669775e-08 0.00035434344 8.652717e-05 1.0420317e-05 0.00014837974 5.7895255e-07 4.9996797e-06 1.2291695e-06 0.00018351217 0.00012711565 1.4145874e-06 0.00016394624 8.874361e-06 0.00086804474 3.5442775e-07
0.9759613 2.8247208e-05 0.00043164965 4.5699966e-05 4.7915837e-06 4.2492857e-07 0.010271428 4.8225024e-07 0.008281385 0.08025083 0.0003063956 2.3887885e-08 0.906651 0.18957566 1.5451432e-06 0.005655992 3.0997492e-07 5.078582e-08 1.7125657e-07 0.99228644 1.7126774e-14 8.50162e-06 0.013828864 0.17010747 0.008095698 0.9656824 0.32643488 2.5691342e-08 2.3331844e-05 0.30657437 2.3804969e-08 0.11832125 1.3565172e-05 0.50961715 2.9237058e-06 0.25000343 0.8416007 0.34274668 1.2660305e-06 0.30784076 0.10755468 0.12064436 0.05283819 0.00038628932 0.08950966 0.037245523 0.2010951 7.916573e-07 0.19625138 0.18407218 1.2568006e-07 2.4879244e-05 0.08725458 0.00061314175 3.9700695e-05 0.004103569 5.5069377e-06 0.003549281 0.027644834 0.00030153265 0.002961896 3.9416238e-05 0.011641351 0.0026202982 0.0007636976 0.006965201 0.06876425 0.00693971 0.0023087803 2.1871447e-05 0.0013099081 0.088300094 2.1908304e-06 0.0005919616 0.0011484737 4.0108475e-06 0.00038527188 0.0029481717 1.3692925e-05 0.00020047768 4.683612e-07 0.016801326 0.00027897666 7.4941396e-05 1.581626e-05 0.017254384 1.2335056e-07 0.003556069 0.0002559404 7.922344e-05 0.0015277631 1.0669661e-06 1.4778835e-05 1.0785367e-06 4.3851553e-05 5.2488347e-05 1.3207956e-06 0.0028881878 3.0864427e-05 0.008017104 1.5925017e-06
0.93333745 0.37580603 0.11663569 0.19862023 0.40647605 0.969153 0.0111965155 0.3945065 0.0053962646 0.015069668 0.73027885 0.8673402 0.00019047392 0.01314741 0.05069294 0.0001683052 0.029819498 0.86390865 0.0003081915 6.4519045e-05 8.50162e-06 5.41681e-14 1.2827359e-05 0.02980092 0.6764245 4.7790063e-06 0.00014872088 0.0010283533 0.9844938 0.0011032273 0.72426224 0.0033079793 0.37336695 1.3684236e-06 0.2533014 2.4379939e-05 1.8251872e-06 5.138989e-05 0.08210951 8.4353104e-07 8.6169734e-08 3.7738388e-07 1.357537e-07 0.41483742 0.0010081184 2.0085648e-07 8.61916e-06 0.021392006 1.9487804e-06 1.6501848e-05 0.0047138934 0.06422164 6.509016e-07 3.244124e-08 0.10423683 2.1674014e-06 2.0418029e-05 9.087098e-08 1.908736e-06 3.3655212e-08 0.06009105 2.1018595e-08 7.3630656e-07 6.9625264e-07 1.5861727e-07 9.871856e-08 7.253118e-05 1.3005698e-05 3.8535504e-08 2.519917e-09 0.02514645 0.00061976456 5.2554962e-05 2.9931453e-08 5.98033e-06 1.5546664e-08 0.12492039 2.1335934e-06 4.6640577e-07 0.008599371 3.1300715e-08 0.011957195 0.046780404 7.188267e-08 7.564396e-08 0.00023287663 4.561075e-09 1.767141e-05 0.006410989 0.00060215755 3.9136303e-06 5.020696e-09 1.5083823e-07 2.3777348e-07 0.0020304841 0.002975477 7.703831e-07 0.00023293217 6.379442e-08 0.0013760166 7.2130524e-09
0.018413533 0.00017996272 0.00020969745 9.9746816e-05 3.9592082e-06 4.052167e-06 0.004864787 1.9518138e-06 0.05381553 0.028143317 0.0002704788 1.3416438e-06 0.19845991 0.0045330236 1.1301248e-07 0.9994559 7.694257e-07 1.692015e-07 1.894339e-08 0.6304816 0.013828864 1.2827359e-05 6.822087e-16 0.0047032437 0.00044805303 0.14887108 0.9996063 8.4095745e-07 2.9996592e-05 0.0012752339 9.220903e-07 0.00058169576 9.380732e-06 0.025436174 2.0731379e-05 0.020679666 0.0015317422 0.00080392417 6.41974e-06 3.7855076e-05 4.74353e-06 2.2820226e-05 8.9499656e-05 2.0600339e-05 9.89653e-05 2.579811e-05 0.030642575 2.1510411e-06 1.6323538e-05 3.1590393e-05 4.2332417e-08 4.589999e-06 0.00021104445 1.4210445e-05 1.4635639e-06 6.186195e-05 1.7037488e-06 4.608971e-06 1.1020227e-05 3.3868886e-07 6.1907165e-05 7.787226e-07 5.316404e-06 8.030819e-05 9.49076e-07 2.0826765e-06 0.00017503541 1.6537577e-05 1.5773421e-05 4.831157e-07 8.8933935e-05 4.7004633e-05 1.0234081e-05 4.196423e-06 0.0013182034 1.5969401e-07 0.00025711738 3.6651486e-06 4.3332275e-07 6.7719346e-05 5.2599484e-07 0.0012425395 0.0001542527 2.7191004e-06 2.2530325e-07 0.00011959942 4.255902e-08 1.1036118e-05 9.7798375e-06 7.1547543e-06 6.8077843e-06 5.261576e-08 1.0274738e-06 4.7626585e-08 3.5726875e-06 1.5001764e-05 7.887361e-08 1.1540967e-06 9.670877e-08 5.0694347e-05 3.9726558e-07
0.952316 0.0072042756 0.11478149 0.005101505 0.0015014812 0.035007637 0.2074314 3.3303288e-05 0.18397824 0.68314683 0.6448979 0.00052164035 0.77025276 0.9782575 8.421229e-05 0.022701915 5.2919946e-05 0.00015142404 4.892908e-07 0.022244664 0.17010747 0.02980092 0.0047032437 3.7155483e-12 0.9234003 0.014573648 0.015520062 1.4101875e-07 0.0068266946 0.94403625 4.454868e-06 0.9433539 0.00035473565 0.005555788 0.001148136 0.004498582 0.17546941 0.049566098 3.3510085e-05 0.0016400927 0.0005398588 0.00032337548 0.00048560684 0.045614704 0.20277734 0.00011902378 0.002014116 7.8708574e-05 0.00045415692 0.06401021 1.4583592e-05 0.0005516355 0.0004922709 2.2602271e-05 0.0005292868 0.00024826333 1.600234e-06 1.1461278e-05 0.00037333835 3.864817e-06 0.17920636 1.3892107e-05 0.00017723451 0.00014643025 4.5788835e-05 5.5540186e-05 0.008018813 0.0011686479 1.5691667e-05 6.9842804e-07 0.053972065 0.08157534 6.6082526e-07 5.3098674e-06 0.00022572493 3.5460073e-06 0.015869513 0.0004037226 2.346514e-06 0.0006939535 5.367294e-07 0.17791477 0.0016323896 4.1360704e-06 5.767144e-06 0.005909255 1.7118628e-08 0.0024187104 0.00070339715 6.875612e-05 0.00014707753 1.7282788e-07 1.8754487e-06 1.6782826e-07 0.00023719744 0.00023220647 3.4899443e-07 0.0035273 2.5408235e-06 0.0068848482 3.844814e-08
0.9831462 0.18754068 0.43066868 0.11904941 0.015335818 0.51296234 0.42824605 0.0028551382 0.38809308 0.6368947 0.9837508 0.025176266 0.2238537 0.6577164 0.00042743635 0.020294443 0.00033387923 0.010412013 7.281286e-06 0.0069418517 0.008095698 0.6764245 0.00044805303 0.9234003 2.1481632e-13 0.0011486511 0.0016823915 4.181213e-05 0.6692939 0.21575591 0.006321795 0.707941 0.038654283 9.981543e-05 0.18060799 0.00087236846 0.0009576005 0.0042728106 0.002917411 8.995991e-06 1.1805148e-06 6.8656627e-06 4.4264027e-07 0.8490319 0.20481583 2.7494764e-06 0.0010109475 0.0025032135 5.6970235e-05 0.0076425537 0.0031186333 0.02414149 6.3154184e-05 3.3882006e-07 0.06725837 1.0914234e-05 4.063209e-05 2.7270926e-07 8.40531e-05 1.2993682e-07 0.87679577 4.387799e-07 4.8242623e-06 2.0226516e-06 4.553126e-07 6.2319975e-07 0.0013792334 0.00022585217 1.316213e-05 3.8257653e-08 0.4017176 0.07080061 0.0001244819 7.827443e-08 8.0912745e-05 3.867499e-07 0.47816297 9.348861e-05 4.040301e-06 0.013175342 9.944558e-08 0.3477675 0.06888081 4.78412e-07 4.3167537e-07 0.010540826 1.3136427e-08 0.006014709 0.018209068 0.0037823336 9.319294e-06 7.667312e-08 1.176903e-06 2.9489715e-07 0.006513034 0.007666253 1.8470637e-07 0.005687529 3.4417081e-07 0.008295182 2.085579e-07
0.87753665 3.0324793e-06 0.0001317403 9.818845e-06 1.7243434e-06 1.2282068e-07 0.003040034 1.0707993e-07 0.007798096 0.012174014 2.0344809e-05 1.252815e-08 0.33541182 0.014726288 1.9970244e-07 0.029023997 3.2328558e-07 9.681263e-09 1.4589483e-08 0.9884939 0.9656824 4.7790063e-06 0.14887108 0.014573648 0.0011486511 5.6808374e-15 0.8364866 2.3790264e-08 6.9118796e-06 0.024521932 3.020023e-08 0.007853301 1.2300143e-05 0.99010676 2.053129e-06 0.69577837 0.30633473 0.07904597 4.0855826e-07 0.14808689 0.43142438 0.101989575 0.4062264 3.138332e-05 0.010341342 0.10074887 0.4370586 1.398785e-07 0.07613448 0.028109394 4.1629956e-08 1.258484e-06 0.44554475 0.0039668335 9.430941e-07 0.035424594 4.005924e-06 0.0039837365 0.005897648 0.0027287423 0.00018741631 0.00030308866 0.003682852 0.009144379 0.01484988 0.0037771198 0.011075843 0.001938713 0.026460702 6.865476e-05 0.00019292273 0.009844166 1.9498475e-06 0.00085498724 0.0070815426 2.8615033e-05 0.00015918564 0.0009755274 5.3196195e-06 1.5730804e-05 2.204037e-06 0.005665609 7.3997064e-05 0.00023425432 1.4246524e-05 0.0020431548 1.1560563e-06 0.001252571 0.00013733735 3.7945124e-06 0.0007880715 2.8360994e-06 1.6610318e-05 1.245845e-06 1.3446969e-05 3.7065052e-05 4.9317805e-06 0.00060029386 4.883026e-05 0.0032556567 2.4190686e-06
0.16986562 1.572029e-05 0.00013326842 5.2109804e-06 1.615276e-05 3.7476239e-06 0.004756343 2.950458e-06 0.0034924734 0.04775286 0.00025812077 1.0740645e-06 0.5785658 0.017204039 6.9854855e-07 0.030626994 4.0772e-08 2.1280161e-07 5.4347712e-08 0.9054739 0.32643488 0.00014872088 0.9996063 0.015520062 0.0016823915 0.8364866 1.4948583e-14 7.493457e-08 0.000110663925 0.0038307656 1.6467991e-06 0.003127716 2.1415824e-06 0.66403866 1.02436115e-05 0.98811674 0.029193256 0.006014448 3.5402374e-07 0.004796172 0.001186644 0.0010189594 0.013691353 9.812316e-05 0.0014658765 0.00095377356 0.6426748 4.46715e-06 0.0012299258 0.0009429098 3.656454e-07 1.3002425e-05 0.031926047 0.00031275264 3.052356e-05 0.008066278 8.373135e-06 0.00014301269 0.0003559248 7.1028267e-06 0.000456056 4.126971e-05 0.00013606237 0.0055724024 0.00020639479 7.246079e-05 0.00053865055 0.00021348574 0.0016167796 2.420639e-05 0.0005706169 0.0013935065 6.2890786e-06 9.796972e-05 0.0056180703 6.5196796e-06 0.0006513056 4.4002867e-05 1.8841587e-05 0.00014633503 3.078265e-05 0.011576695 0.00041379945 1.807106e-05 8.469124e-07 0.0005463754 1.715023e-08 3.436464e-05 4.051091e-05 1.10879e-06 0.00016398533 5.928299e-06 4.5638077e-05 3.8250812e-07 2.6814344e-06 6.327971e-05 1.7284958e-06 4.2408734e-05 8.444941e-06 0.000739425 1.020422e-05
0.81898737 0.00018958736 7.959099e-06 1.15097255e-05 2.093174e-06 0.00055650173 2.365112e-06 0.0008330539 2.920884e-07 3.3749961e-06 4.1887342e-06 0.00093745306 1.4582562e-07 8.91989e-08 0.0067790584 1.1631883e-08 0.8565486 0.8496299 0.9998753 3.1510444e-07 2.5691342e-08 0.0010283533 8.4095745e-07 1.4101875e-07 4.181213e-05 2.3790264e-08 7.493457e-08 1.4586197e-16 0.00053839665 2.1641719e-07 0.555498 2.4123276e-08 0.040416118 1.5145892e-07 0.0017747249 1.960811e-07 1.0208128e-08 2.9299775e-08 0.14439456 2.1179403e-08 1.46239465e-08 3.091316e-08 1.403222e-09 2.8663675e-05 5.1766942e-06 5.176465e-09 1.0011524e-08 0.41865522 1.0832521e-07 5.2521685e-09 0.9492823 0.064677194 3.2959782e-08 1.6532113e-08 0.011297848 2.3302736e-07 0.58820266 6.759091e-08 3.4106787e-08 3.4956702e-09 1.5709087e-06 6.5745056e-08 7.2224003e-07 9.177668e-09 4.4019153e-09 1.4145548e-08 1.4812113e-06 3.683689e-08 3.9786517e-08 8.304944e-09 6.5508266e-07 6.176139e-07 0.13931005 8.084266e-08 3.2345457e-07 5.382692e-09 0.00025064152 3.027301e-08 6.626462e-08 0.30895132 9.342235e-10 1.9285879e-07 0.016082149 1.2893941e-09 2.4426996e-09 5.472408e-07 2.6655658e-09 8.5941493e-10 0.20394455 0.12116576 2.799199e-07 3.4732794e-09 3.3018408e-09 4.1068836e-11 0.056650396 0.03947293 1.7374795e-10 1.824508e-08 2.871025e-10 1.1697087e-07 3.6478471e-09
0.9554265 0.028525103 0.0022435868 0.012162079 0.014379038 0.15914565 0.00040185454 0.028817862 0.00163787 0.0018538104 0.11210625 0.20059548 9.284994e-05 0.0010045813 0.0018384957 0.00024408055 0.0056816065 0.21665221 2.0624144e-05 0.0001037192 2.3331844e-05 0.9844938 2.9996592e-05 0.0068266946 0.6692939 6.9118796e-06 0.000110663925 0.00053839665 1.4158415e-13 0.0024478023 0.4185385 0.009165937 0.885549 4.941639e-06 0.97163475 4.2025487e-05 1.2468893e-05 0.00042527684 0.054123424 1.6748196e-05 1.3770115e-06 2.5569032e-06 7.2678233e-07 0.9271521 0.01585918 8.2825926e-07 3.4033732e-05 0.009683158 1.2626272e-05 0.00043410517 0.002119606 0.17848374 5.377031e-06 1.9609084e-07 0.32391134 1.4655814e-05 9.2058735e-06 9.766951e-07 3.7637434e-05 1.3067225e-07 0.38514718 1.7850034e-07 2.589172e-05 2.0516385e-05 9.30658e-07 7.076293e-07 0.0005486157 0.00017623403 4.0516684e-06 2.0336243e-08 0.094399996 0.005085686 3.9605246e-05 8.1457614e-08 1.7214195e-05 1.8365967e-07 0.5951123 2.3055118e-05 2.1134433e-06 0.03522535 4.0291252e-07 0.047472585 0.23134333 9.499843e-07 1.0912293e-06 0.0008937096 7.991933e-10 0.00031875208 0.024704045 0.001091487 3.6400495e-05 3.0295266e-07 1.2419795e-07 1.487363e-08 0.0009304793 0.0049583623 9.230199e-08 0.0016222997 5.169164e-07 0.004632562 3.2565477e-08
0.6592263 6.336861e-05 0.0046003703 0.0003113706 0.00020348681 0.0013676874 0.043602012 4.3309287e-06 0.012315791 0.22871827 0.01123576 0.00021763387 0.5963189 0.47015703 3.6962383e-06 0.0031689545 3.516852e-06 3.9960436e-05 2.9022896e-08 0.059052587 0.30657437 0.0011032273 0.0012752339 0.94403625 0.21575591 0.024521932 0.0038307656 2.1641719e-07 0.0024478023 4.7265e-14 3.6947686e-06 0.9878754 9.992334e-05 0.013732106 0.0002710451 0.002364997 0.8988568 0.9887043 1.9897798e-05 0.0073562516 0.0032519086 0.0009903143 0.00043270562 0.004693196 0.7561136 0.0007635298 0.0010729277 4.186668e-05 0.006165173 0.1546456 4.0046543e-05 0.00032370008 0.0021724054 0.00031547446 0.00021643154 7.430475e-05 2.561125e-06 0.0001669768 0.0027821558 3.486837e-05 0.039300513 0.00014588746 0.0007884162 0.00017347015 9.9188575e-05 0.00033366246 0.013513924 0.0024130158 0.0028370316 5.8112822e-05 0.008019647 0.1113821 3.4438816e-07 5.700659e-05 3.4931312e-05 2.210125e-05 0.0029610277 0.00075956073 1.4746602e-06 0.00036007375 1.3515314e-05 0.07230289 0.0005423578 2.9048166e-05 2.3894165e-07 0.0062003597 1.1072635e-09 0.0026452153 0.0005525627 4.951886e-06 0.0002327248 4.4071322e-07 1.704432e-07 6.872239e-08 4.7263547e-05 0.00023580967 1.2290441e-06 0.0030030897 3.645436e-06 0.007216996 1.7687393e-07
