1.1289963e-10 0.92815655 0.86968434 0.9794455 0.9670035 0.9852449 0.9815684 0.9743128 0.9869293 0.9980578 0.9830352 0.9911534 0.980424 0.9855868 0.89495754 0.98005354 0.9942823 0.9893569 0.9987178 0.952585 0.99103165 0.8543564 0.9335822 0.98676276 0.90581775 0.88078344 0.99149585 0.98059714 0.9941209 0.9609966 0.9949319 0.9142893 0.98464066 0.9829029 0.9841278 0.99369776 0.99381053 0.9978648 0.87237525 0.9483069 0.97984666 0.98318326 0.996146 0.9166165 0.96456456 0.9871824 0.99153006 0.7325785 0.64536786 0.97427636 0.1901362 0.8847546 0.9850479 0.99987435 0.6954594 0.9902999 0.9970499 0.83784413 0.1539536 0.9808115 0.8684782 0.85835826 0.99843425 0.95073026 0.36061963 0.96090955 0.9312457 0.99807805 0.40840945 0.013520279 0.9834258 0.74599713 0.97197795 0.8645598 0.9136985 0.7053141 0.9911916 0.6086149 0.9420166 0.79086715 0.26366776 0.96717185 0.86606747 0.94736785 0.18477815 0.6317858 0.018290503 0.85715467 0.0036445342 0.027795862 0.70044166 0.5058635 0.6351794 0.0025351432 0.22224647 1.1512468e-05 0.08732256 0.00215787 0.9530718 0.97982097 0.9548958
0.92815655 1.3174355e-10 0.9292082 0.98514706 0.75819635 0.822583 0.97731185 0.37143186 0.7653528 0.29052803 0.651942 0.590701 0.63417375 0.12530056 0.61381084 0.18153709 0.06405053 0.15906261 0.11144694 0.3786154 0.02697183 0.8509864 0.4224057 0.0013868974 0.00054775673 0.029400669 0.00027400482 0.0023010375 0.19238521 0.121577606 0.0074974108 9.126367e-05 4.1088984e-05 0.017183786 0.0006745504 0.0068824748 0.0020812976 0.14484529 0.00071028137 0.0035256809 0.00014184442 0.00751683 0.02755388 9.9362784e-05 2.1207088e-05 1.5695245e-05 0.0015825579 0.000121089564 9.058721e-07 0.0021037257 1.799731e-05 3.7905756e-05 0.00035728593 0.0031155131 1.2412465e-05 0.00049633725 0.029782424 1.2569534e-06 2.7050834e-07 0.00014053482 1.1369249e-06 1.9692648e-05 0.0006109826 0.00016439073 3.407725e-07 1.4951091e-05 9.4030923e-07 2.3306047e-05 1.8306075e-07 2.7315865e-08 7.9859465e-06 2.0845751e-07 1.3671878e-05 6.277358e-06 5.688749e-07 6.44529e-08 0.00019786105 7.314009e-08 5.4093283e-07 2.2730312e-06 1.4077855e-08 3.731e-09 1.316289e-06 4.5375342e-05 1.1757127e-08 1.3398178e-06 6.0531324e-10 4.7404722e-08 4.0638418e-10 9.499839e-10 3.8402607e-07 5.1470375e-09 8.434799e-08 3.971934e-08 2.3378484e-09 2.8791902e-10 5.8588037e-09 9.517508e-09 4.8571144e-07 1.2691499e-05 1.2020838e-09
0.86968434 0.9292082 9.926695e-10 0.7120282 0.9932624 0.84777373 0.6834084 0.8624141 0.62239 0.6950028 0.41628003 0.96804434 0.18592273 0.13283321 0.107682794 0.67912745 0.4878894 0.54419446 0.24574399 0.103035174 0.123632744 0.111425675 0.17883967 0.014376447 0.0035009808 0.0059158998 0.016209682 0.0068314495 0.07038291 0.036724996 0.009360464 0.0017618672 0.0008125244 0.009274075 0.00089300796 0.0022327786 0.005409476 0.04588405 0.00040786611 0.00021247768 0.003700662 0.0019004393 0.0047211614 3.1289448e-05 0.000117018135 0.0004135706 0.009572833 5.0801256e-05 4.0414936e-05 0.00040789874 3.619608e-05 8.390062e-05 0.002613023 0.0031325729 1.8441753e-05 0.0027620879 0.0078448905 5.511474e-07 3.5507531e-07 6.316135e-05 9.214425e-05 1.1611174e-05 0.0011598355 0.00093916705 3.5651945e-07 6.7809306e-05 4.961933e-07 4.2045773e-05 4.8331475e-07 7.821068e-09 4.7893613e-05 4.4148008e-05 0.00012630386 6.5187724e-06 1.3271409e-07 8.356782e-08 0.001304658 1.10431195e-07 1.1300629e-06 1.7662698e-05 3.6207386e-08 9.3824985e-07 1.7217348e-05 0.0001005348 1.1368343e-07 2.1623823e-06 1.8334237e-09 2.6639336e-06 1.0887914e-10 1.1001965e-09 2.6334292e-05 3.554739e-08 5.7188377e-06 1.6944274e-07 5.5577107e-09 1.223664e-10 1.07341684e-07 8.596564e-09 3.4404432e-06 1.2429194e-05 2.7576194e-08
0.9794455 0.98514706 0.7120282 5.6243304e-12 0.4646777 0.7330043 0.95507526 0.46700913 0.87268144 0.3695305 0.85341585 0.28517732 0.7932452 0.22887686 0.5167548 0.059028603 0.040381454 0.21191652 0.42467472 0.36977905 0.06392893 0.39313167 0.4139664 0.0048904344 0.0012210407 0.017836032 0.0020252925 0.012037755 0.32471177 0.20072952 0.012730181 0.0014334327 0.00064486265 0.038866326 0.001294141 0.0071893535 0.004043054 0.31352264 0.00048491455 0.0009259842 0.00034030908 0.011704024 0.075724654 5.3202053e-05 0.00019898242 0.00025617972 0.040655255 3.1249045e-05 2.2110876e-06 0.0022102727 6.963447e-06 2.900117e-05 0.0051966165 0.005554006 2.2008212e-06 0.012041292 0.057591207 3.506612e-07 1.6663168e-07 5.7472167e-05 5.207429e-06 6.6787406e-06 0.00590575 0.0005317596 6.594182e-09 0.000882613 3.1338692e-07 2.6091233e-05 7.768764e-07 4.0694057e-09 0.00011681598 1.2452756e-05 0.0011951169 2.2842171e-07 1.0304633e-07 3.9597932e-08 0.0033972608 9.0816044e-08 7.412031e-05 8.6707085e-05 2.682751e-08 6.6934064e-08 2.6038859e-05 0.0002459041 6.659275e-09 7.629343e-07 5.5943018e-11 1.089832e-05 5.031507e-10 2.3223952e-09 1.2959627e-05 9.727198e-10 1.6894185e-06 3.046086e-07 1.3805873e-09 8.069912e-11 2.5101132e-08 1.2837484e-08 1.1370371e-05 7.193588e-08 1.1332756e-08
0.9670035 0.75819635 0.9932624 0.4646777 5.004349e-12 0.95005554 0.28538373 0.9388949 0.7504416 0.6674933 0.44015107 0.7687882 0.14849944 0.07894504 0.099132404 0.3829589 0.17964697 0.42311466 0.29409575 0.07608203 0.075308196 0.061703082 0.14005193 0.008526016 0.0010027699 0.0011558565 0.009422653 0.0074830884 0.069206715 0.04973727 0.0062225168 0.0008726847 0.0004987341 0.0062913555 0.00052691647 0.0012339628 0.0025558402 0.08306095 9.382239e-05 9.6225005e-05 0.0014115808 0.0034321214 0.011754652 3.0776646e-06 7.277305e-05 0.00023330812 0.015342328 4.824356e-07 1.497462e-05 0.0010157651 2.5575799e-05 2.0450466e-06 0.0027291237 0.004297752 3.4423272e-06 0.0071273646 0.024290401 4.604045e-08 3.692729e-08 4.457035e-06 5.726457e-06 6.204967e-07 0.0035589323 0.00049348833 2.0889026e-08 0.00012124013 4.4785008e-08 1.570183e-05 1.04710416e-07 3.875989e-08 1.3703454e-05 7.911552e-06 0.00014561947 5.5538857e-07 4.0090995e-08 6.0805746e-08 0.00097213296 6.7512445e-08 2.478037e-06 3.849942e-05 3.617867e-08 1.9030314e-07 1.9099005e-05 6.0354687e-05 3.3117196e-08 1.0397093e-06 3.234951e-10 3.8417664e-07 3.01857e-09 9.949954e-10 4.233085e-06 7.4680555e-09 1.92658e-06 2.0873084e-07 6.7426664e-10 5.702836e-10 1.6555529e-06 1.4850812e-08 4.0763587e-07 1.078856e-07 1.6695115e-08
0.9852449 0.822583 0.84777373 0.7330043 0.95005554 4.4987264e-10 0.4319992 0.94923496 0.9513123 0.84923095 0.75702405 0.5900924 0.3065497 0.24229725 0.17528638 0.5066587 0.10038067 0.4328409 0.513237 0.12899028 0.06840104 0.035118353 0.16349731 0.011031484 0.0015709118 0.0027008045 0.0040792776 0.017463025 0.0783485 0.046983194 0.02284243 0.0019690462 0.0006336776 0.007307638 0.0016804403 0.00035250335 0.00463813 0.08656348 0.00018455645 0.0001186334 0.0014206115 0.0021112938 0.014025655 5.887429e-06 0.00018445351 2.9962828e-05 0.01148529 3.5575576e-06 2.268397e-06 0.00024903685 2.538065e-06 7.8619513e-07 0.0018150355 0.004768451 1.1518284e-06 0.006046695 0.057004087 5.8846215e-08 7.010442e-08 2.003885e-05 2.5112906e-05 1.5698588e-06 0.006042821 0.00029053725 2.5845818e-08 2.503199e-05 8.5899465e-08 1.7889044e-05 2.1847451e-07 5.1274798e-09 5.4318058e-05 2.6608983e-05 0.0001263012 1.6623328e-07 7.598842e-08 1.347933e-08 0.0019986748 5.4475052e-08 2.515257e-05 1.4291049e-05 1.8896406e-08 1.3049212e-06 4.475544e-05 0.00020148471 8.239481e-09 6.297042e-08 4.5021428e-10 3.846938e-06 2.6169127e-09 2.2289094e-10 2.8737754e-06 1.0074483e-09 8.06575e-07 7.473555e-09 1.4904464e-09 2.5830663e-10 1.02221414e-07 9.96648e-10 3.6486774e-06 4.650646e-08 2.1437718e-09
0.9815684 0.97731185 0.6834084 0.95507526 0.28538373 0.4319992 3.4676842e-10 0.20548937 0.56987035 0.17293549 0.59667796 0.2566464 0.84635645 0.31443456 0.89329046 0.11601854 0.019666694 0.054507278 0.09103724 0.6219974 0.021159686 0.9355111 0.6821749 0.00059862935 0.00030495846 0.087237604 0.00017436316 0.006543485 0.7426684 0.41329834 0.012328047 0.00029101255 1.295466e-05 0.073970035 0.0016738081 0.016548427 0.0029803745 0.4499585 0.0012214263 0.0054860283 0.00011149285 0.02001574 0.087137476 0.00030563452 0.00010099732 2.6617877e-06 0.0006259782 0.00028158491 2.390579e-07 0.0037757421 0.00015568075 0.00016600714 0.00028849381 0.0049412814 4.5176246e-05 0.00053261354 0.11927153 1.8997268e-06 2.7484475e-07 0.00029025448 7.5691617e-07 7.28578e-06 0.0007576945 9.0404596e-05 6.564466e-07 2.8825123e-06 1.602575e-06 1.6859138e-05 5.672194e-07 1.7140837e-07 1.8940167e-05 2.0314233e-07 2.3548972e-05 7.2505272e-06 9.136921e-07 2.5740258e-07 0.00011403532 1.01186124e-07 1.288634e-06 1.3896682e-06 1.6725808e-08 3.052942e-08 1.6999244e-05 8.904018e-05 4.932255e-08 3.935616e-06 2.4581652e-09 4.0523755e-08 3.4473302e-08 7.50223e-10 2.0155225e-07 1.0693986e-08 3.9793028e-07 3.2303773e-09 4.6436677e-09 4.4650542e-10 1.5835656e-07 1.7624208e-08 2.6857185e-06 6.470066e-06 1.2155918e-10
0.9743128 0.37143186 0.8624141 0.46700913 0.9388949 0.94923496 0.20548937 1.0713732e-11 0.7087295 0.9802276 0.43269268 0.78467077 0.11329496 0.26819676 0.06651076 0.55835676 0.2673622 0.7377276 0.48366275 0.053758096 0.27212444 0.011284368 0.083366305 0.026652077 0.0091537675 0.000812662 0.019357534 0.040781207 0.041165605 0.039765626 0.016542636 0.011347196 0.006284783 0.0046703075 0.004216982 9.8333374e-05 0.009885909 0.055457108 6.3396285e-05 1.1699898e-05 0.0032638407 0.0006175438 0.004664069 1.2477274e-06 0.001915611 0.0014473884 0.05746251 1.2590463e-07 8.918542e-05 0.0001572946 1.1222882e-06 1.3878538e-06 0.012813311 0.0076654735 1.9422364e-06 0.018145345 0.018627742 9.453989e-08 1.4723105e-08 1.8502205e-06 7.160048e-05 1.7952003e-07 0.0061180736 0.0010742598 5.335326e-09 0.0009308853 7.723911e-08 9.0001486e-05 1.3081994e-08 1.0773785e-09 0.00021105289 7.7311444e-05 0.0014206277 8.9650555e-08 3.490908e-08 2.3105586e-09 0.0036200848 1.7054134e-08 0.00010928374 0.00029211282 5.159756e-09 4.427469e-06 0.00026279935 0.00025865005 5.5093796e-10 4.2711658e-08 8.361822e-11 3.4722994e-05 6.99035e-11 8.184106e-11 0.00029946186 3.58962e-10 1.2841421e-05 4.7718646e-10 2.9283656e-10 6.2359527e-12 8.404568e-06 5.987026e-11 7.3946167e-06 5.9410894e-08 1.571855e-07
0.9869293 0.7653528 0.62239 0.87268144 0.7504416 0.9513123 0.56987035 0.7087295 5.794355e-10 0.6673442 0.9676598 0.5659429 0.76854914 0.5951435 0.31963062 0.5326481 0.061834004 0.47406977 0.6038764 0.16588818 0.10499813 0.017663484 0.13634534 0.01706655 0.0021286933 0.0016236779 0.001409954 0.046005797 0.06550476 0.051288534 0.046352003 0.0026034028 0.0011014034 0.0077796346 0.004257906 0.00011022009 0.010318752 0.09989562 0.00045563607 0.000105351224 0.0007465578 0.0022383465 0.013625333 9.641897e-06 0.00065346784 4.344e-06 0.010524419 2.2308705e-06 1.808149e-05 0.00046360222 1.981186e-06 5.447186e-07 0.0028077618 0.00819217 9.812625e-07 0.009588868 0.05054305 1.6300017e-07 2.2899319e-07 1.6065507e-06 1.4111063e-05 4.684447e-07 0.0063274708 0.00011887031 6.469727e-08 6.7465946e-05 1.6819246e-07 2.2227041e-05 5.839387e-07 2.6824853e-08 0.00011470567 5.010004e-06 0.00025045755 6.651408e-08 1.0573415e-07 7.131388e-08 0.0022885413 7.691788e-08 4.464563e-05 3.5628495e-05 3.811373e-08 8.367365e-06 0.00033752652 0.00030531874 1.7283524e-08 2.7032767e-08 1.2958538e-09 3.7397174e-05 2.22792e-09 5.184555e-10 2.4234758e-05 5.008919e-10 1.0030261e-05 3.0377763e-08 1.2729318e-09 9.884752e-10 1.3079613e-06 1.0173897e-08 8.534329e-05 5.98179e-10 4.849695e-09
0.9980578 0.29052803 0.6950028 0.3695305 0.6674933 0.84923095 0.17293549 0.9802276 0.6673442 2.9968365e-11 0.4548101 0.69669235 0.14691497 0.29424503 0.067227386 0.45825535 0.26827285 0.85494274 0.65585995 0.03277079 0.41800037 0.0059352005 0.05264113 0.0255857 0.013787205 0.00024646128 0.021121586 0.053514093 0.030122641 0.030396666 0.01945029 0.017352056 0.0055420795 0.0042198426 0.0038979852 0.00012838661 0.014579685 0.076734506 5.4871085e-05 6.0338287e-05 0.0018446601 0.0010092189 0.006698761 6.266059e-06 0.0015250461 0.0016792914 0.13414988 1.3055056e-07 0.00016641895 0.00012532179 9.116192e-08 1.2302402e-06 0.031967513 0.012405112 3.6442935e-07 0.05965633 0.033599302 9.576273e-08 1.3527957e-08 1.6428729e-06 0.00018077496 3.8764256e-08 0.016271215 0.0018077861 7.829755e-09 0.003802535 4.411667e-08 0.00027907832 6.1327796e-08 8.612894e-09 0.0007447693 3.97454e-05 0.0041842232 7.078105e-08 3.6600312e-08 2.5787664e-08 0.0067704367 9.422319e-09 0.0006368874 0.0007179669 9.6979145e-09 1.712071e-05 0.0014507755 0.0015930249 1.4284329e-09 1.620587e-07 3.5854247e-10 0.0001399254 2.9170004e-09 1.7572062e-10 0.0006554739 2.5384692e-10 0.00014145602 5.600849e-10 2.3416507e-09 4.0921034e-12 9.110796e-06 3.693958e-10 3.709005e-05 1.2152663e-08 1.03565e-06
0.9830352 0.651942 0.41628003 0.85341585 0.44015107 0.75702405 0.59667796 0.43269268 0.9676598 0.4548101 1.1805337e-10 0.30444825 0.945752 0.9258861 0.6106869 0.27304456 0.03723563 0.35174337 0.7722671 0.46773148 0.07959269 0.04293802 0.2710395 0.008300207 0.0015657308 0.0017580984 0.00077639427 0.083253495 0.1335145 0.09351319 0.067172416 0.0032102456 0.0010763034 0.010845754 0.00630665 0.0005862083 0.014636093 0.14170115 0.0006643725 0.00025241927 0.00030910366 0.0047358437 0.020839494 7.0524206e-06 0.0016783947 2.7217002e-06 0.00912843 2.1045614e-06 5.87746e-06 0.0004259244 2.1748906e-06 5.158611e-07 0.0019549914 0.0141911 2.9445593e-07 0.0076918947 0.065041006 1.08007704e-07 5.297627e-08 1.0741054e-06 9.367546e-06 4.8425227e-07 0.0069706594 0.00013295499 1.517396e-08 3.4219305e-05 1.3528286e-07 6.5075015e-05 4.6663885e-07 5.609576e-09 8.601715e-05 1.9855627e-06 0.00019669779 3.548087e-08 4.9536283e-08 6.2660797e-09 0.0014289591 1.3843244e-08 1.6356433e-05 6.7811407e-06 7.0240103e-09 1.9556167e-06 0.00014259662 0.00015186254 2.7719667e-09 9.86165e-09 1.7023372e-10 5.3677477e-06 1.8160152e-09 9.442099e-11 3.0468284e-06 2.2028702e-10 2.506358e-06 4.020255e-09 9.053232e-10 1.1704424e-10 3.9273803e-07 1.4893751e-09 1.0242342e-05 9.497302e-10 2.8678189e-09
0.9911534 0.590701 0.96804434 0.28517732 0.7687882 0.5900924 0.2566464 0.78467077 0.5659429 0.69669235 0.30444825 1.2513061e-11 0.13044877 0.07292277 0.16142268 0.9500583 0.71363914 0.87664056 0.4537212 0.10175598 0.544481 0.15693638 0.32583913 0.03379526 0.020195613 0.010528505 0.09967435 0.026129369 0.15483063 0.123849444 0.015375337 0.010531855 0.0035055594 0.023422161 0.0017348441 0.005098436 0.0075657894 0.261974 0.0005793517 0.0011975579 0.017853238 0.0038722602 0.020643823 8.893241e-05 0.00024769455 0.01257257 0.14095019 2.7153419e-05 0.00018950856 0.0019073004 8.374573e-06 7.523084e-05 0.052162092 0.007473685 6.33409e-06 0.030669648 0.12259949 3.9712657e-07 5.2530332e-08 0.00041461966 0.0013160129 2.6466382e-06 0.01516349 0.0052331327 3.877411e-07 0.002468952 1.9642025e-07 0.00013322064 1.4943613e-06 8.705786e-08 0.00043100322 0.00079250574 0.0034508435 4.6288693e-07 2.550329e-07 5.3569668e-08 0.020374844 4.9220984e-07 0.00034783335 0.0010653342 1.5979829e-08 3.8887965e-06 0.00077906775 0.0004339247 2.398097e-08 2.3551702e-06 9.6978034e-09 5.0283434e-05 9.178189e-10 3.5093115e-09 0.0023816533 1.1125751e-09 2.8431175e-05 5.6565335e-07 4.1323225e-09 4.4757634e-10 1.495449e-06 5.3011952e-08 5.013875e-06 1.2157717e-06 9.04915e-08
0.980424 0.63417375 0.18592273 0.7932452 0.14849944 0.3065497 0.84635645 0.11329496 0.76854914 0.14691497 0.945752 0.13044877 2.0918518e-09 0.94691 0.96803313 0.09980247 0.014235994 0.11396032 0.7214167 0.82257676 0.03349057 0.22097155 0.56982374 0.0042121164 0.0007482118 0.014913674 0.00043231485 0.06646522 0.4894005 0.2652072 0.099469095 0.0018251297 0.00017946723 0.03735689 0.008909508 0.0031008981 0.012128849 0.31098828 0.0005547799 0.001396157 0.00015383503 0.01067242 0.051892906 5.818558e-05 0.00080567406 5.409044e-07 0.0059305043 1.5993468e-05 4.7708255e-07 0.0025673525 4.9229934e-06 2.1042763e-06 0.0006760462 0.015294154 7.8089124e-07 0.004860461 0.12682787 8.373634e-07 6.8385695e-08 2.5388606e-05 8.088933e-06 3.4066124e-06 0.0052058254 7.499824e-05 1.0230816e-08 3.3847275e-06 1.87424e-06 5.486439e-05 1.10165495e-07 8.3138946e-10 3.1168e-05 1.354129e-06 1.949536e-05 1.2678665e-07 2.2804918e-06 2.6301096e-08 0.00053479784 3.373767e-08 1.3829041e-05 8.706961e-07 1.2402497e-08 8.225782e-07 3.0115429e-05 0.000758523 2.2375188e-09 2.0675017e-08 1.10909976e-10 3.9721442e-07 4.969038e-10 5.714277e-11 5.917352e-08 1.1976022e-10 6.280573e-08 2.939339e-10 2.797679e-10 5.8393945e-12 8.805732e-09 3.1302952e-10 6.0870592e-05 6.322773e-08 1.7494778e-10
0.9855868 0.12530056 0.13283321 0.22887686 0.07894504 0.24229725 0.31443456 0.26819676 0.5951435 0.29424503 0.9258861 0.07292277 0.94691 3.4132377e-11 0.8663353 0.034838233 0.009657096 0.4168058 0.9749355 0.84497255 0.16554596 0.027505232 0.51884985 0.0155444965 0.009722239 0.0035219789 0.010824669 0.25186017 0.14988779 0.13562654 0.14768228 0.063964 0.013195436 0.015360818 0.016826805 0.0016114449 0.042271633 0.21304438 0.0038431115 0.0021670347 0.0025621245 0.02088192 0.023986548 4.9400816e-05 0.020456154 5.3689477e-05 0.0459912 7.5297553e-06 4.9759175e-05 0.0014631808 1.103687e-06 1.0670399e-05 0.011626812 0.06867972 2.6014035e-07 0.0423215 0.1332354 2.3897185e-06 5.0968526e-07 4.9479345e-06 4.778211e-05 1.8596819e-07 0.017657151 0.0005471323 4.575777e-08 0.0013334769 4.9718833e-06 0.0009631682 6.354618e-08 2.6358935e-09 0.0020482468 9.892411e-06 0.0039575817 1.0580254e-07 5.0050204e-07 6.301043e-08 0.0059658224 3.5130437e-08 0.0007869337 0.000450694 1.3021769e-07 1.3385376e-05 0.0008978712 0.001369173 3.433707e-08 3.379755e-09 1.6577248e-10 0.0002470623 1.4613203e-09 4.3246173e-10 0.00061437767 3.4555617e-10 0.00040652964 1.3120764e-10 7.3900086e-09 7.622313e-12 1.4686344e-05 8.0575346e-10 0.0011813099 8.6226984e-11 1.0470158e-06
0.89495754 0.61381084 0.107682794 0.5167548 0.099132404 0.17528638 0.89329046 0.06651076 0.31963062 0.067227386 0.6106869 0.16142268 0.96803313 0.8663353 1.1367566e-08 0.089763306 0.013407102 0.07673713 0.33131 0.9894074 0.030123202 0.8786613 0.6247932 0.004044457 0.00095315656 0.07321288 0.0014116971 0.04077648 0.7393545 0.21709338 0.041077036 0.0016574698 0.00026781912 0.07644731 0.008397009 0.0058168527 0.006011724 0.20153283 0.021554172 0.032857254 0.00043735345 0.018991344 0.023505537 0.0016591504 0.00075261877 8.96377e-07 0.00071221555 0.002444985 2.4242095e-06 0.0037798765 0.0022593855 0.00036320844 0.00033070648 0.0043543843 0.0003814805 0.0009853202 0.031322334 0.00012853007 4.225119e-06 0.00071688823 5.7990387e-06 0.0002159767 0.0010543134 1.6719134e-05 4.266363e-06 2.427775e-06 0.00010712841 8.8127636e-05 6.157998e-06 8.961529e-07 4.0709434e-05 2.746566e-07 2.7869728e-05 7.34369e-05 0.00022542417 4.7311873e-06 6.2710846e-05 2.6738578e-06 2.8380207e-06 1.3419188e-06 1.6234935e-07 1.9725608e-06 4.134527e-05 0.0002525893 1.4061854e-07 2.305215e-05 7.239208e-10 1.2268496e-06 4.1770476e-09 6.3187793e-09 8.944202e-06 9.927273e-08 1.7269272e-06 1.918632e-09 5.2607203e-09 4.885965e-11 2.4978726e-06 1.7630183e-09 0.00015625251 8.256993e-05 1.9681963e-09
0.98005354 0.18153709 0.67912745 0.059028603 0.3829589 0.5066587 0.11601854 0.55835676 0.5326481 0.45825535 0.27304456 0.9500583 0.09980247 0.034838233 0.089763306 5.154368e-12 0.99790126 0.81748384 0.40523633 0.10433503 0.64105934 0.022139248 0.3814196 0.0577192 0.03004998 0.0020857675 0.23906195 0.020318607 0.1038356 0.06887403 0.011799533 0.013841788 0.004548047 0.007215627 0.0005056835 0.003172527 0.00607826 0.17456588 0.00012774079 7.594651e-05 0.0359327 0.00507277 0.0117365 1.4921448e-05 0.00023592637 0.018024752 0.21529742 2.6566015e-06 0.00038435953 0.0010419061 2.1281664e-07 1.7014894e-05 0.26824135 0.005030462 3.5624162e-06 0.120631844 0.06868511 1.6477975e-07 3.2762472e-08 0.00010060175 0.0031420395 1.8361438e-06 0.024207126 0.009067205 2.6040034e-08 0.015002682 1.5826582e-07 7.393993e-05 7.59435e-08 4.951982e-09 0.0020721627 0.0065020304 0.006413588 2.596209e-07 1.3502161e-07 1.4018772e-08 0.011090418 5.0667882e-08 0.0007490771 0.0010672535 1.20827925e-08 1.3650517e-06 0.00011521668 0.0003486109 4.4295567e-09 9.15234e-07 2.0107963e-10 0.00015480549 3.538492e-11 2.8184453e-09 0.0029136033 9.679431e-10 9.608407e-05 9.259469e-08 1.8522144e-09 3.8737437e-11 5.111819e-06 2.5408005e-09 1.8359827e-06 4.822291e-07 2.2678447e-05
0.9942823 0.06405053 0.4878894 0.040381454 0.17964697 0.10038067 0.019666694 0.2673622 0.061834004 0.26827285 0.03723563 0.71363914 0.014235994 0.009657096 0.013407102 0.99790126 4.8347833e-11 0.74641013 0.05903674 0.006605223 0.83875114 0.002785663 0.022484336 0.18817839 0.087465756 0.00051305204 0.48920262 0.021468855 0.0032716566 0.003878693 0.002815139 0.031546965 0.018605236 0.0007502617 0.00047992164 0.00012114605 0.0075896704 0.006571106 0.00012075169 6.209656e-05 0.13067755 0.0009799172 0.001295424 2.0835298e-05 0.00062439026 0.113281585 0.43506938 3.577522e-06 0.0033237783 0.00019083812 5.443395e-07 5.10265e-05 0.49494034 0.0065252916 1.9881077e-06 0.31733695 0.011301017 4.5795682e-07 2.7907947e-07 3.1644772e-06 0.014963551 2.1677072e-06 0.075556934 0.10231072 2.8402556e-07 0.14530544 8.0172214e-07 0.0002250577 1.65981e-06 5.462144e-08 0.004368705 0.039300326 0.08077546 9.677996e-07 6.716553e-08 7.016622e-08 0.049983274 4.3670113e-08 0.003224404 0.013126217 5.6803373e-08 4.084406e-05 0.0016749435 0.0017992053 1.7432905e-08 1.1371015e-06 2.5850007e-08 0.0013893736 1.693007e-08 6.687127e-08 0.030206067 4.9234368e-09 0.0072352793 8.522998e-07 5.9489786e-09 5.431533e-10 0.0009169547 8.848091e-09 4.157808e-07 1.0386341e-06 0.0014945366
0.9893569 0.15906261 0.54419446 0.21191652 0.42311466 0.4328409 0.054507278 0.7377276 0.47406977 0.85494274 0.35174337 0.87664056 0.11396032 0.4168058 0.07673713 0.81748384 0.74641013 2.5865506e-11 0.8767204 0.077846974 0.9742632 0.0050639603 0.16552833 0.27692086 0.09918888 0.00052312115 0.29961634 0.50703865 0.044074927 0.05041007 0.13612545 0.10710641 0.06831132 0.0047414587 0.011103928 0.00012280494 0.046789438 0.082089245 0.0003681977 0.00043106655 0.06579705 0.00197769 0.008156952 1.7417842e-05 0.015048508 0.0025432613 0.14046024 5.457086e-07 0.0025781852 0.00021345276 1.3684875e-06 5.1169995e-06 0.11333419 0.033118058 8.107109e-07 0.13208239 0.114402086 5.5661343e-07 8.573218e-08 3.7883044e-06 0.0024900322 2.294877e-07 0.041191123 0.0050665303 1.2984697e-08 0.010702054 7.9130643e-07 0.00040878434 3.4018447e-07 2.700226e-08 0.002994043 0.0006681423 0.007576075 5.1809415e-08 4.3352446e-07 5.4241458e-08 0.01792826 5.474305e-08 0.0015749958 0.0011093672 4.0021986e-09 0.00016405464 0.0019366627 0.0012236111 4.2710394e-10 1.2423112e-07 6.712508e-11 0.00050469727 1.2130732e-08 3.1632094e-10 0.004295017 1.9187785e-09 0.00031340326 6.552232e-09 1.3333755e-08 2.8317789e-11 3.3430315e-05 1.7784463e-09 1.3202486e-05 1.0943828e-08 3.518764e-06
0.9987178 0.11144694 0.24574399 0.42467472 0.29409575 0.513237 0.09103724 0.48366275 0.6038764 0.65585995 0.7722671 0.4537212 0.7214167 0.9749355 0.33131 0.40523633 0.05903674 0.8767204 3.4578054e-09 0.30021995 0.5263169 0.010477872 0.13836873 0.15463836 0.040908784 0.0025706086 0.024179688 0.60717636 0.07265685 0.05230445 0.397746 0.06783189 0.028299337 0.0073620346 0.043580692 0.000297013 0.11304603 0.119747035 0.0007060004 0.00029396114 0.011811629 0.00414933 0.011508628 3.0261393e-05 0.016694648 7.657984e-05 0.047947004 7.238964e-07 0.00059435103 0.00043669413 5.2435134e-06 1.8063313e-06 0.015679408 0.06973336 6.1962686e-07 0.054442372 0.13290083 1.8324965e-06 5.79532e-07 3.8935892e-07 0.00020479839 1.3434446e-07 0.030189753 0.00095111615 9.352334e-08 0.001440484 1.5992208e-06 0.00064518093 3.0077626e-07 7.159081e-08 0.0007167539 3.527088e-05 0.0029951856 6.5105276e-08 4.2552793e-07 1.3752233e-07 0.0059469203 2.9249355e-08 0.00038141827 0.0002691806 9.133684e-08 8.88562e-05 0.0008121967 0.0016292409 1.45889265e-08 2.2843334e-08 3.613789e-09 0.00027464263 3.298393e-08 1.5677468e-09 0.0016135703 7.1286026e-11 0.00037664146 5.31985e-09 2.6656117e-09 6.8870826e-11 3.801255e-05 9.342826e-09 0.00027077072 2.420064e-09 1.1757559e-07
0.952585 0.3786154 0.103035174 0.36977905 0.07608203 0.12899028 0.6219974 0.053758096 0.16588818 0.03277079 0.46773148 0.10175598 0.82257676 0.84497255 0.9894074 0.10433503 0.006605223 0.077846974 0.30021995 2.5606095e-10 0.031802375 0.6649576 0.9568623 0.006986873 0.0012829781 0.04768048 0.00036893183 0.12824842 0.9087214 0.5095549 0.19923979 0.0040198336 0.0002752507 0.19237587 0.021095557 0.015509837 0.022910701 0.38788632 0.0127394255 0.015129458 6.0346916e-05 0.0513071 0.036238678 0.0015024723 0.0015421379 1.2123971e-07 0.0017438139 0.0016329299 1.1027128e-06 0.0052070916 0.0006265504 0.00017944773 0.0001168922 0.019939827 0.00018308843 0.0017648564 0.116462074 2.8123723e-05 2.279692e-06 1.7359205e-05 1.158247e-06 4.1697904e-06 0.0026116304 2.3626526e-06 1.3854814e-06 2.2706722e-06 9.767096e-06 0.00014135975 1.8277232e-06 7.520924e-07 6.233139e-05 5.3500948e-08 1.6797621e-05 1.2995475e-06 2.5976565e-06 5.39443e-07 9.6928845e-05 4.1793788e-07 5.4148895e-06 9.1026976e-07 9.763916e-07 2.3664643e-07 2.2905455e-05 0.00044783027 2.3657896e-07 1.720822e-07 1.0196253e-09 2.9374382e-07 4.9914043e-08 1.204528e-09 5.3242886e-08 1.2475946e-09 9.293259e-07 3.9951367e-09 1.3384353e-09 1.1641658e-10 3.64429e-07 6.2937094e-10 0.00013469579 9.6485465e-08 3.1677664e-11
0.99103165 0.02697183 0.123632744 0.06392893 0.075308196 0.06840104 0.021159686 0.27212444 0.10499813 0.41800037 0.07959269 0.544481 0.03349057 0.16554596 0.030123202 0.64105934 0.83875114 0.9742632 0.5263169 0.031802375 1.0394107e-12 0.0023869344 0.14210586 0.93778574 0.73377097 0.0003088414 0.840747 0.553096 0.0334439 0.035180878 0.071744025 0.42341062 0.2375593 0.004307545 0.012221365 0.00012133881 0.058902968 0.074572675 8.60252e-05 7.525875e-05 0.528512 0.0014884871 0.009114139 5.5662485e-06 0.019363444 0.10915893 0.36818928 2.606696e-07 0.10089086 0.00035820866 3.259356e-08 4.4967323e-06 0.45447877 0.047881134 3.6781654e-07 0.2993164 0.08475574 1.3329885e-07 1.3144574e-08 3.808567e-05 0.10904267 2.0885648e-07 0.083534636 0.054646213 8.949572e-09 0.08880209 5.351582e-07 0.0015867341 4.450765e-08 6.6504113e-10 0.009716589 0.052382648 0.049961083 4.653998e-07 2.4759782e-07 1.0300855e-08 0.04958608 1.9173417e-08 0.0036379343 0.0065298043 1.5270919e-10 0.00014256088 0.00290944 0.0023048753 6.588493e-11 9.559735e-07 7.0259736e-11 0.00091953145 3.716027e-10 3.9218537e-10 0.047554396 8.5657886e-10 0.005257918 3.217851e-09 2.3513356e-09 3.383173e-13 0.00012810701 6.180283e-10 1.4179268e-05 3.2242716e-07 6.0458897e-05
0.8543564 0.8509864 0.111425675 0.39313167 0.061703082 0.035118353 0.9355111 0.011284368 0.017663484 0.0059352005 0.04293802 0.15693638 0.22097155 0.027505232 0.8786613 0.022139248 0.002785663 0.0050639603 0.010477872 0.6649576 0.0023869344 2.5370047e-12 0.80087954 0.000122053265 7.683295e-05 0.99160427 9.127529e-06 0.0011090905 0.8373698 0.74539405 0.002534297 6.748168e-06 5.215448e-07 0.7570571 0.0004192979 0.026497265 0.000317018 0.3128592 0.2721187 0.07221155 1.185294e-05 0.061209876 0.029053735 0.00908924 1.6465337e-06 1.0216266e-05 0.0003147484 0.43097547 3.3873819e-06 0.017603036 0.05257167 0.03189642 3.1056243e-06 0.0012564316 0.36525014 7.4912816e-05 0.018415429 0.0126806 0.001783104 0.0013120055 9.1764136e-08 0.12225923 1.3311644e-05 3.179692e-05 0.0023480677 2.2667516e-06 0.0010222859 1.5204643e-06 0.09300101 0.05081066 3.0719495e-06 8.662844e-06 4.3511814e-06 0.03825409 0.00017270606 7.477827e-05 1.9032314e-05 0.05364154 7.9468265e-08 2.5759769e-06 0.00052008405 5.188613e-09 2.0210975e-06 2.6517012e-06 8.351886e-05 0.00018356819 0.00013050706 1.342347e-07 4.102373e-06 0.0004503666 8.918658e-06 9.584236e-05 4.9320744e-07 0.0009755251 0.00041164306 5.2669334e-06 4.162051e-08 9.2156195e-05 2.7333728e-05 9.237565e-05 7.0663524e-09
0.9335822 0.4224057 0.17883967 0.4139664 0.14005193 0.16349731 0.6821749 0.083366305 0.13634534 0.05264113 0.2710395 0.32583913 0.56982374 0.51884985 0.6247932 0.3814196 0.022484336 0.16552833 0.13836873 0.9568623 0.14210586 0.80087954 1.7736731e-07 0.13200243 0.0063052424 0.7963777 0.0043091266 0.19669428 0.98520076 0.90378606 0.32185397 0.006597089 0.0038312916 0.9156241 0.0931611 0.18101433 0.03229925 0.6878496 0.27157393 0.19586532 0.0041957754 0.3713585 0.13007268 0.03573682 0.004322476 5.244974e-06 0.0012876366 0.091169775 3.2402517e-05 0.018691735 0.004306916 0.046167597 0.00050481496 0.030997206 0.024288923 0.0035102093 0.18776087 0.027021095 0.0015088421 0.0013127531 5.798546e-06 0.021690087 0.004603293 9.543262e-06 0.0018512197 4.740878e-05 0.008045151 0.0057169325 0.0023580852 6.633579e-05 0.000822712 0.00010732863 0.00048895366 0.0011373983 0.00027720246 0.0002460721 0.00071143446 0.0005219107 0.00031160138 1.3549179e-05 0.0001664296 9.478631e-05 0.00039622435 0.007201967 3.5943838e-05 2.4552648e-05 2.2458974e-07 0.0001408077 2.6667055e-07 3.610985e-07 9.480466e-07 9.106326e-07 3.4833427e-06 1.780268e-06 1.2572262e-07 6.0079084e-09 2.1634837e-06 6.2945594e-07 0.01197683 5.925786e-05 1.3108263e-09
0.98676276 0.0013868974 0.014376447 0.0048904344 0.008526016 0.011031484 0.00059862935 0.026652077 0.01706655 0.0255857 0.008300207 0.03379526 0.0042121164 0.0155444965 0.004044457 0.0577192 0.18817839 0.27692086 0.15463836 0.006986873 0.93778574 0.000122053265 0.13200243 4.073546e-12 0.9953646 2.154892e-05 0.930112 0.3857967 0.04161394 0.02200546 0.048275787 0.28996187 0.19199939 0.0031266198 0.01192102 0.00041406645 0.085546404 0.08462252 6.406613e-05 4.2096046e-05 0.56430894 0.0010298726 0.004350275 4.915679e-06 0.007323423 0.10369438 0.3135356 1.1247547e-06 0.11692307 0.00022476666 8.239753e-08 1.8966947e-06 0.24365865 0.0391018 5.1301818e-08 0.1138653 0.1112232 3.8273562e-08 2.4098936e-09 1.1952104e-05 0.16361253 3.6059384e-06 0.03849477 0.03184935 1.6841854e-08 0.037728824 9.206321e-08 0.0003366396 2.2512585e-07 6.0256705e-10 0.004173065 0.09545989 0.016624488 2.3104089e-07 2.3314962e-07 6.659833e-09 0.026166933 2.5217635e-09 0.0015655106 0.0015957939 6.1304717e-09 0.00012338521 0.001592441 0.000769133 5.27367e-09 3.403569e-08 1.3148296e-10 0.0007660012 3.687979e-11 6.4028155e-10 0.009228757 1.4820442e-09 0.00073674915 1.9523677e-07 1.7974468e-10 7.3326146e-12 6.6582346e-05 1.8131285e-09 1.7402883e-05 1.2767993e-07 5.2093386e-05
0.90581775 0.00054775673 0.0035009808 0.0012210407 0.0010027699 0.0015709118 0.00030495846 0.0091537675 0.0021286933 0.013787205 0.0015657308 0.020195613 0.0007482118 0.009722239 0.00095315656 0.03004998 0.087465756 0.09918888 0.040908784 0.0012829781 0.73377097 7.683295e-05 0.0063052424 0.9953646 4.0345284e-12 1.1037149e-05 0.9764382 0.124627136 0.0008314277 0.001597574 0.018576138 0.46864152 0.29783714 0.00042172754 0.006006157 2.7468359e-05 0.013805014 0.0030845816 0.00012329617 1.3161139e-05 0.89752483 0.00018271062 0.00059692824 2.030053e-06 0.029676719 0.370287 0.3563181 1.76252e-06 0.29860398 0.000103461745 2.2700203e-06 9.5195555e-06 0.4798558 0.007721224 8.10392e-06 0.16175903 0.008226297 2.2923285e-07 3.3524703e-08 2.2174033e-06 0.5893582 7.769631e-07 0.023780674 0.13411158 5.20031e-07 0.108245276 2.827192e-07 0.0010208051 2.810589e-07 2.68047e-08 0.0060108528 0.33462146 0.04291137 3.6524074e-07 5.2997825e-07 1.9369637e-07 0.02662452 9.727629e-09 0.003502151 0.010300749 1.9310153e-09 0.00013253799 0.0022856544 0.00064733566 1.4724754e-09 5.701045e-07 4.1901244e-10 0.0043441826 3.4683676e-09 3.4141854e-09 0.32880712 6.4650605e-09 0.047799993 1.0191169e-07 1.5726263e-08 9.9580955e-11 0.004309515 4.385364e-09 1.2411142e-05 5.8356954e-07 0.0005659208
0.88078344 0.029400669 0.0059158998 0.017836032 0.0011558565 0.0027008045 0.087237604 0.000812662 0.0016236779 0.00024646128 0.0017580984 0.010528505 0.014913674 0.0035219789 0.07321288 0.0020857675 0.00051305204 0.00052312115 0.0025706086 0.04768048 0.0003088414 0.99160427 0.7963777 2.154892e-05 1.1037149e-05 2.2798131e-10 1.1435805e-05 0.0016042802 0.50382715 0.8563371 0.004502236 7.3114434e-06 1.8832702e-06 0.7800698 0.0006233811 0.114226505 0.00094271434 0.501981 0.9160151 0.62108517 1.8601138e-06 0.21329416 0.11964963 0.39759007 1.4778145e-05 8.686218e-07 0.0006874397 0.9559355 1.1093574e-07 0.05366911 0.475545 0.44735846 5.4201933e-05 0.0024391885 0.94999015 0.0005819357 0.041136216 0.17850967 0.104727514 0.0067728097 6.913811e-08 0.28546202 0.00042311056 3.1830416e-05 0.13655461 2.0871084e-06 0.0057130167 6.931217e-05 0.58644265 0.2124018 3.1198215e-05 3.7017763e-08 1.1140403e-05 0.003885618 5.54915e-06 1.01603e-05 2.7613935e-06 0.16307044 2.265672e-07 7.609299e-08 0.0071768556 7.9413574e-08 4.1395808e-07 2.0819607e-05 0.00013989978 6.287546e-07 0.0019215484 2.8938396e-07 8.689512e-06 0.0003413458 2.2430045e-06 5.2441837e-06 9.096475e-07 0.0016927255 0.00010137897 6.166296e-06 8.96191e-08 0.000101949845 0.000248166 7.031115e-07 1.8770667e-09
0.99149585 0.00027400482 0.016209682 0.0020252925 0.009422653 0.0040792776 0.00017436316 0.019357534 0.001409954 0.021121586 0.00077639427 0.09967435 0.00043231485 0.010824669 0.0014116971 0.23906195 0.48920262 0.29961634 0.024179688 0.00036893183 0.840747 9.127529e-06 0.0043091266 0.930112 0.9764382 1.1435805e-05 5.361137e-08 0.4086398 0.0008662435 0.00067726965 0.02385566 0.8562436 0.5230003 0.00016036347 0.014568254 4.871031e-07 0.05682059 0.0034432828 6.575237e-05 2.1789128e-05 0.8476961 9.620858e-05 8.390142e-05 1.4150002e-06 0.04353044 0.38352504 0.80811596 2.0543146e-07 0.40204674 2.301688e-06 1.5086462e-06 2.2233812e-06 0.7461451 0.023212127 3.3100793e-07 0.4520989 0.03324308 1.363322e-07 8.650387e-08 7.602405e-07 0.35521847 2.2342459e-07 0.09331808 0.18422745 1.7859085e-08 0.25213844 1.1625052e-06 0.00035130457 5.589433e-07 7.403048e-08 0.00469027 0.2544016 0.0692 1.0892751e-07 6.927588e-07 3.5862495e-08 0.03389304 5.220282e-08 0.0028362605 0.01508419 4.045934e-08 5.881012e-05 0.0027499306 0.0011477434 4.5827203e-08 3.2134966e-07 7.679237e-09 0.0011675489 5.0123734e-08 1.6514676e-09 0.33224744 1.2747344e-09 0.04657233 1.2182416e-08 6.8737824e-09 2.2189751e-10 0.0010349698 1.4823106e-08 2.0542807e-06 3.423693e-07 1.9197067e-05
0.98059714 0.0023010375 0.0068314495 0.012037755 0.0074830884 0.017463025 0.006543485 0.040781207 0.046005797 0.053514093 0.083253495 0.026129369 0.06646522 0.25186017 0.04077648 0.020318607 0.021468855 0.50703865 0.60717636 0.12824842 0.553096 0.0011090905 0.19669428 0.3857967 0.124627136 0.0016042802 0.4086398 3.1038103e-09 0.07457758 0.05770541 0.9679923 0.8920695 0.89245313 0.016908547 0.6905667 0.002567163 0.9252785 0.095921405 0.008369547 0.012024106 0.08240969 0.03177433 0.008506024 0.0003861227 0.91235524 0.010703442 0.21343276 6.3588745e-06 0.056445763 0.0011638376 2.0309226e-06 4.0209183e-05 0.36606717 0.68424195 1.18604476e-07 0.36477536 0.20896812 1.2064296e-05 1.5710577e-07 4.215297e-05 0.027176201 2.2627849e-07 0.38452265 0.057491653 1.3718424e-07 0.019430438 1.83559e-05 0.07313786 4.2062233e-08 1.9837001e-10 0.06472639 0.0038809814 0.047983896 2.726128e-07 3.4043974e-06 2.169464e-07 0.024785211 2.962298e-09 0.006971757 0.0058779614 9.797287e-09 0.004797656 0.010805614 0.010741164 2.1720599e-09 4.8739093e-08 1.2555774e-09 0.0024834916 4.9345297e-09 4.375912e-10 0.037587844 9.792789e-12 0.051369525 1.106147e-09 1.0215479e-10 4.430167e-12 0.00016339558 1.5480376e-09 0.008472357 8.133e-08 9.211337e-06
0.9941209 0.19238521 0.07038291 0.32471177 0.069206715 0.0783485 0.7426684 0.041165605 0.06550476 0.030122641 0.1335145 0.15483063 0.4894005 0.14988779 0.7393545 0.1038356 0.0032716566 0.044074927 0.07265685 0.9087214 0.0334439 0.8373698 0.98520076 0.04161394 0.0008314277 0.50382715 0.0008662435 0.07457758 0.00011062362 0.5694022 0.18168415 0.0007962718 0.001443353 0.5806516 0.076058306 0.017329268 0.022819275 0.6460633 0.035767883 0.038365427 0.0015773603 0.041769058 0.02425739 0.021570716 0.0011744841 9.139832e-05 0.00050733355 0.044088073 0.00015093802 0.0031768368 0.0036711276 0.0513134 7.197833e-05 0.070655316 0.035929292 0.000327295 0.07504024 0.014827322 0.00091982266 0.0029943574 1.8950203e-06 0.009128912 0.001099724 2.2396112e-05 0.000722496 7.4521863e-06 0.0040884283 0.0021064621 0.0033363244 0.00020176063 0.0001368771 3.8712005e-05 2.4651661e-05 0.0007724961 0.00029286958 9.677903e-05 3.7470574e-05 0.00057987403 3.9248253e-06 2.2917186e-07 7.914355e-05 5.6685294e-06 1.7514603e-05 0.00017131664 1.589974e-05 0.0001428622 3.1484988e-06 4.7187163e-07 5.387489e-07 2.6463354e-06 1.11138846e-07 3.1369536e-06 1.6517717e-07 2.1603819e-05 1.3089683e-06 9.53001e-08 2.1105317e-09 8.13608e-06 0.0017790158 5.6967467e-05 6.6956707e-10
0.9609966 0.121577606 0.036724996 0.20072952 0.04973727 0.046983194 0.41329834 0.039765626 0.051288534 0.030396666 0.09351319 0.123849444 0.2652072 0.13562654 0.21709338 0.06887403 0.003878693 0.05041007 0.05230445 0.5095549 0.035180878 0.74539405 0.90378606 0.02200546 0.001597574 0.8563371 0.00067726965 0.05770541 0.5694022 1.5309038e-06 0.18311225 0.00075671857 0.000820315 0.98435926 0.07711398 0.38455573 0.020952888 0.9638195 0.72052586 0.79912066 0.0016398442 0.6600533 0.21096173 0.47272256 0.0041753836 1.2051756e-06 0.00035488745 0.45614234 4.1427636e-05 0.07766493 0.020025315 0.58588123 0.00013724872 0.044501558 0.27110872 0.0007410088 0.23105495 0.32300565 0.008888439 0.064143285 1.3418754e-06 0.34846994 0.002085335 4.8600555e-06 0.013398928 3.1057634e-06 0.16930827 0.014168266 0.031669665 0.001063074 0.0010675454 2.4586976e-05 8.7015236e-05 0.028910333 0.008226645 0.007609336 0.00015610507 0.024373835 7.954444e-05 6.891879e-07 0.0030646534 9.6110554e-05 0.00022103771 0.0019266874 0.0013905772 0.0022880295 3.9211416e-05 6.803994e-06 5.1451552e-06 8.4433756e-05 8.1130906e-08 0.0003800456 4.5018535e-07 0.00012417955 0.00021396248 2.019771e-07 5.2037e-08 3.3931836e-05 0.030367186 0.0028945203 1.8619434e-10
0.9949319 0.0074974108 0.009360464 0.012730181 0.0062225168 0.02284243 0.012328047 0.016542636 0.046352003 0.01945029 0.067172416 0.015375337 0.099469095 0.14768228 0.041077036 0.011799533 0.002815139 0.13612545 0.397746 0.19923979 0.071744025 0.002534297 0.32185397 0.048275787 0.018576138 0.004502236 0.02385566 0.9679923 0.18168415 0.18311225 4.175186e-06 0.20206952 0.14054483 0.07990446 0.97186637 0.022240495 0.7724564 0.534836 0.016917523 0.037922777 0.009126033 0.12299617 0.091118716 0.0027737988 0.272413 0.00040187524 0.018465145 0.00030769312 0.004671421 0.01325744 0.00017894272 0.0010043572 0.022128697 0.74874544 6.494058e-06 0.03570903 0.62368965 0.0008003292 1.7479879e-05 0.00030425633 0.0011156725 3.0187546e-05 0.082654946 0.0024108745 3.6714737e-06 0.0009676035 0.00041910377 0.09244058 8.758876e-06 2.418472e-09 0.010540636 0.00029442186 0.0036744988 9.939656e-06 0.00023309438 8.412147e-06 0.0031633643 1.7753325e-06 0.0038091957 0.00035243644 8.9770987e-07 0.0039415546 0.011912531 0.018025165 2.3610114e-07 1.5320101e-07 4.0158405e-09 0.0010576851 1.6699278e-09 6.0783454e-09 0.00015184864 3.6069443e-09 4.0935858e-05 7.78168e-09 2.861006e-09 1.2825563e-12 2.9655996e-07 1.3678487e-09 0.051396586 1.2188412e-06 5.109567e-08
