2.6056504e-10 0.98588306 0.97261703 0.98662317 0.9825016 0.98607993 0.9777776 0.9824584 0.9592697 0.9905083 0.98282367 0.99446845 0.8075791 0.9838463 0.8759561 0.99172455 0.9186668 0.9824976 0.9824703 0.91280246 0.9438885 0.6622276 0.9616962 0.99701434 0.942152 0.409894 0.99983364 0.9295145 0.9841476 0.95819 0.99129885 0.9918028 0.9929271 0.9871823 0.94822097 0.9577285 0.9978895 0.9968658 0.9736987 0.99875885 0.71657413 0.99843425 0.9905482 0.9900797 0.32032073 0.9435065 0.9229763 0.98433065 0.9845666 0.9268466 0.9210746 0.84193236 0.9797387 0.26602292 0.0066998377 0.91296875 0.9291384 0.9863006 0.99782175 0.8595012 0.9894893 0.9729704 0.9886769 0.9818914 0.23051754 0.96546835 0.6803216 0.9790642 0.0003466063 0.795621 0.9955447 0.32229456 0.96564674 0.5987618 0.97351533 0.99013907 0.035366837 0.9836163 0.992104 0.96217793 0.93388945 0.011359676 0.82470196 0.9570114 0.031285897 0.33436555 0.8394692 0.97801924 0.0005771662 0.45074466 0.14293894 0.11763136 0.0016188523 0.017180962 0.83918303 0.00023390251 0.9843503 0.87898153 0.45746335 0.80809164 0.14705859
0.98588306 2.8254117e-08 0.50776076 0.92789775 0.93296915 0.17993729 0.9600085 0.21215366 0.8259346 0.89284086 0.61201143 0.21052577 0.31550056 0.12682727 0.84516466 0.113908395 0.031958185 0.056865208 0.7017028 0.061453633 0.80157894 0.015760018 0.01147854 0.15745671 0.000916768 0.30156076 0.11612414 0.016027244 0.026888637 0.012238387 0.0054515186 0.8152766 0.0011339764 0.00051800703 0.0015562829 0.0017482472 0.006407969 0.006689412 0.00029748018 0.013118953 0.0050095147 0.09217614 0.0006350291 0.22486202 0.040356804 0.0010160198 0.002752729 0.00043517398 4.97021e-06 8.077482e-05 0.00018735752 0.005723962 0.0581883 0.12737224 0.0007029158 0.0013566382 1.7231139e-06 0.0012372014 0.027641298 6.358653e-07 0.00096342404 0.0006808781 0.00011757756 7.546553e-05 6.0684248e-05 0.008881156 2.0972913e-05 0.00075090956 2.4316756e-07 0.0009142666 0.2278231 0.0003617879 0.09638081 5.896821e-07 0.0020487518 2.7569531e-05 1.5494962e-06 0.0660439 0.00013248187 0.0016810636 4.602459e-05 6.445204e-06 0.0013438194 5.1151037e-05 3.4070652e-07 3.0320195e-06 0.00017676911 1.8087067e-06 1.1854454e-07 1.3098665e-09 5.2157834e-08 3.0152226e-08 1.9311737e-09 1.756366e-07 5.6448207e-06 5.5160987e-10 5.831974e-07 2.5790283e-07 1.1778372e-06 2.2345007e-06 5.5711557e-06
0.97261703 0.50776076 3.4008956e-08 0.95545775 0.12984668 0.9101025 0.007876591 0.5218824 0.014156644 0.65046555 0.23953389 0.0026425943 0.9894883 0.0010849405 0.22189933 0.0006400008 0.034674082 0.040759783 0.033123575 0.006300683 0.93957084 0.0062690037 0.013268976 0.020820124 0.0018100805 0.68037605 0.003655295 0.0036187319 0.0028772503 0.002049773 0.0011922816 0.025675302 0.00046922316 0.0004660383 0.0004888753 4.340329e-05 0.000112209775 0.0001222267 0.00031082792 0.00019836496 0.0029058447 4.1871306e-05 1.8831903e-05 0.00075926597 0.82149374 7.665203e-05 4.092758e-05 2.452638e-06 1.822114e-06 7.4784584e-06 7.647398e-06 1.4931738e-05 8.961394e-05 0.09319687 0.0034187047 1.5030174e-07 1.0699909e-05 1.4380077e-05 0.00081377383 7.06916e-06 2.7857504e-05 6.2909016e-06 4.5933814e-07 4.4020746e-07 2.264999e-06 0.0007266902 3.0331057e-07 7.909488e-05 4.2473857e-05 6.1126195e-07 0.038296126 5.4836267e-08 0.0033488998 2.8153725e-05 0.00019420974 1.3732752e-06 8.728648e-06 0.000977772 5.308817e-05 5.4265292e-05 2.82358e-06 1.9289034e-06 0.00013130216 1.1980028e-05 4.20512e-06 1.0673547e-08 3.367049e-06 4.2000042e-07 1.6950142e-05 2.2745505e-07 3.9849247e-08 4.1767134e-07 8.5880295e-08 5.6276793e-08 1.5893661e-07 2.5185852e-06 1.715539e-09 4.8053046e-09 2.1155152e-05 2.1428244e-08 2.3295446e-07
0.98662317 0.92789775 0.95545775 1.1580325e-08 0.746963 0.92843556 0.3401224 0.8571692 0.80080736 0.9098227 0.8329907 0.050327905 0.74965364 0.031905744 0.493938 0.014954385 0.2788828 0.30797222 0.46582252 0.43059573 0.75342417 0.08620524 0.05369542 0.22624797 0.014058463 0.3704351 0.061077695 0.035201315 0.04830199 0.03219328 0.0047617485 0.38997567 0.00022851903 0.0023935165 0.0025887932 0.002499523 0.0043962942 0.0008242273 7.818212e-05 0.0035979608 0.031834546 0.010951171 0.0009233695 0.070395045 0.17616329 0.013888086 0.00021997407 6.5229426e-05 2.834141e-05 0.0007461154 0.0004372321 0.0010087984 0.008941052 0.033807535 0.00019868926 0.0002911716 0.000110664994 0.0010515158 0.019663164 0.0011737607 0.0013492462 0.00063406327 0.00023144878 0.00028942747 4.832479e-05 0.0060342234 1.7053158e-06 0.0007438874 2.7347223e-06 0.00016858133 0.4222264 1.5053214e-05 0.12113729 1.9090026e-05 0.0033589464 6.271497e-05 1.254834e-05 0.015105533 0.0023092406 0.0013516971 5.0214763e-05 0.00022879966 0.001365828 0.000107428474 1.8917342e-06 3.2094417e-07 7.589996e-05 0.00046651054 3.2429516e-06 1.5883252e-07 4.546265e-06 1.6353631e-08 4.3052215e-09 3.402263e-07 0.00014540077 6.639797e-08 3.2279723e-07 1.7846128e-06 2.136833e-06 1.39922e-05 8.057881e-08
0.9825016 0.93296915 0.12984668 0.746963 8.26495e-09 0.08430997 0.37499428 0.1425086 0.032562643 0.83163816 0.5902177 0.040406436 0.18196924 0.010742511 0.9817791 0.028999135 0.004503243 0.062569596 0.9217307 0.003499874 0.8674109 0.003108032 0.011910005 0.18888222 0.00080092513 0.1937867 0.02724537 0.0035380996 0.01191702 0.005635628 0.018026507 0.7177848 0.0019283794 0.0028711623 0.0013800951 0.000101792946 0.0004186614 0.008009144 0.00081895536 0.023796152 0.0003072357 0.0062609436 0.0004063064 0.081896886 0.08307008 2.4388684e-05 0.0021263112 0.0002200068 3.5546633e-05 1.9767705e-05 7.490153e-05 0.005124264 0.0012325732 0.008484891 0.00029176145 9.9874465e-05 4.6449372e-06 0.00012274769 0.0027767364 3.8185536e-07 0.00022865593 8.877844e-05 2.8990962e-05 6.055327e-06 4.928257e-07 0.0042398847 3.3544115e-06 0.0005075743 1.2423054e-07 0.00020271553 0.27368742 6.834948e-05 0.08632359 5.0352655e-06 0.0012259508 5.231466e-06 1.0594633e-07 0.029073162 1.2884552e-05 0.00038564994 1.0714287e-05 9.645994e-07 0.002134443 7.7782905e-05 7.486385e-06 3.4859313e-06 0.000105465726 1.731889e-07 5.641379e-07 2.2804024e-08 7.034898e-07 6.0796674e-07 5.671309e-08 8.429214e-09 3.3579727e-07 5.2369136e-09 4.303703e-07 5.622548e-07 8.0295285e-06 5.6148696e-07 9.91425e-07
0.98607993 0.17993729 0.9101025 0.92843556 0.08430997 2.329107e-09 0.007607795 0.9838497 0.10675723 0.18115346 0.45315695 0.0022837033 0.8953031 0.0010335948 0.038771123 0.00043294468 0.9458093 0.4162651 0.009587734 0.88784444 0.06611169 0.22402877 0.058760945 0.044082846 0.15512374 0.13895819 0.007948504 0.018745597 0.012305142 0.0068469793 0.0008173913 0.018627124 0.00010410151 0.0004880275 0.00024680817 0.00014518683 0.00050618313 2.2264994e-05 2.7589705e-05 0.00021842403 0.40026632 0.00018433956 1.1688501e-05 0.001387795 0.40887856 0.010357613 6.1914457e-06 3.729227e-06 6.0968973e-06 0.00010633183 2.7118225e-05 1.1026182e-06 0.00010767803 0.2848908 0.0064761383 5.8088716e-07 0.00016515506 7.2286066e-06 0.0008947747 0.000638799 1.0944314e-05 3.7276554e-06 2.4219554e-07 5.2293713e-06 0.00029845999 0.0006142815 4.1234932e-07 1.3530828e-05 0.00046638353 4.788324e-07 0.033109292 3.0803202e-09 0.006018447 8.084394e-05 0.0002764445 8.698931e-06 0.0029077576 0.0017338425 0.00040966517 0.00014645942 2.8913773e-06 0.00031878948 8.375176e-05 7.815279e-06 9.59464e-06 5.612345e-10 5.276441e-06 5.664377e-05 9.964072e-05 1.6626808e-06 6.031055e-07 1.1991074e-08 3.2910596e-06 8.0314585e-08 1.385206e-05 3.6205283e-06 5.461852e-08 2.3565619e-07 2.400722e-06 4.02653e-06 7.2413666e-09
0.9777776 0.9600085 0.007876591 0.3401224 0.37499428 0.007607795 3.3819605e-09 0.008853274 0.9439165 0.15079215 0.30745336 0.937848 0.017234707 0.83136857 0.15072572 0.9676518 0.0012059966 0.025124816 0.46372065 0.013028341 0.07237457 0.0032774182 0.0017779156 0.3671394 9.029069e-05 0.010460793 0.7674206 0.0029339918 0.04980318 0.004627376 0.004641537 0.6367194 0.038732257 0.00012413433 0.0039246567 0.007288672 0.09950136 0.07332196 0.011839062 0.15745662 7.086504e-05 0.64533573 0.0031763434 0.50658673 0.000613478 0.00026446854 0.036787767 0.004379401 1.1940049e-05 0.00021638015 0.00012445057 0.20035823 0.50765425 9.1562775e-05 1.01920236e-07 0.184768 6.504995e-07 0.08866964 0.10722379 6.629484e-08 0.026383191 0.09075722 0.0048851604 0.0027937775 5.519438e-07 0.08455903 0.001799049 0.020717176 4.3498845e-09 0.035007227 0.043526012 0.00097326835 0.053769674 1.2510057e-07 0.010443458 0.00070369686 2.144611e-08 0.072386116 0.0014170475 0.03564348 0.0036000889 1.332109e-07 0.0044101723 0.0009121716 7.271571e-08 1.7349557e-05 0.0012252325 3.0608648e-05 1.4349705e-09 9.3829805e-11 4.3785982e-07 5.082912e-09 4.892206e-10 7.201038e-09 0.00030043014 9.70912e-11 0.00014394395 2.0572802e-06 7.011142e-05 0.0002796354 0.00025377094
0.9824584 0.21215366 0.5218824 0.8571692 0.1425086 0.9838497 0.008853274 3.6792897e-10 0.26897538 0.22967476 0.63669527 0.002784963 0.39442056 0.0024770827 0.040199142 0.00026650366 0.9552609 0.8626634 0.01091712 0.9618079 0.091156825 0.5082638 0.42671922 0.14547326 0.47187355 0.044251505 0.015086975 0.12987667 0.042383455 0.036074627 0.0024039387 0.041648123 2.0496045e-05 0.0015893716 0.0019813648 0.0015258353 0.0028519204 2.4810293e-05 2.528175e-06 0.0010213349 0.21334144 0.00018338097 0.00027091484 0.0025087544 0.112341546 0.05103854 2.5702934e-06 1.925428e-06 2.5870815e-05 0.0009345947 0.00039942432 1.5802932e-05 0.00029732246 0.08712638 0.001343086 6.427107e-07 0.00039983098 1.0231071e-06 0.0012394328 0.012084899 4.340654e-06 2.7694753e-07 8.848049e-05 0.000121575686 0.00016233149 0.00023147263 8.196725e-08 1.2973459e-06 5.790702e-05 2.8121497e-07 0.070343636 3.5899674e-07 0.009866643 6.8695634e-05 0.0001547854 0.000116168514 0.0022030768 0.0004311471 0.002602441 0.00012845396 2.1739747e-07 0.000420105 3.2140793e-05 3.130945e-07 7.032463e-05 3.3230059e-09 4.8886454e-07 0.000266717 5.050552e-05 1.3324776e-05 2.1870915e-06 1.1478115e-08 1.7843217e-06 1.6609263e-08 1.8707837e-05 3.394134e-06 1.6444395e-07 1.801778e-07 2.8434755e-07 1.5763135e-05 2.921522e-09
0.9592697 0.8259346 0.014156644 0.80080736 0.032562643 0.10675723 0.9439165 0.26897538 6.7684885e-10 0.97141045 0.9842801 0.8346564 0.0078222 0.7444854 0.020668846 0.36137775 0.0027751068 0.64588535 0.0063638254 0.037047844 0.005679147 0.009728295 0.024407912 0.80391926 0.0017760625 0.0023770244 0.8730113 0.052353334 0.45484525 0.09288205 0.007953471 0.017017331 0.0013001303 0.0023377237 0.016287176 0.037725937 0.19837734 0.0070987106 0.0005558263 0.01771469 0.00020106262 0.008393095 0.013227162 0.0062433933 0.0002193341 0.0040887715 0.0028626195 0.0017609098 0.00018125039 0.00051119854 0.00014428853 0.0048323 0.024579354 4.4915058e-05 5.3334265e-08 0.0011440458 2.974396e-06 0.00053027127 0.0013364069 6.113046e-07 0.00026216058 0.0002939362 0.0032692503 0.010567661 3.950805e-06 0.001640232 1.4912399e-05 9.316962e-05 1.5623788e-10 9.301656e-05 0.00025975402 8.1982624e-05 0.00034462987 1.4880435e-07 4.9521575e-05 0.000676267 3.3478887e-08 0.0002602457 0.0038335924 0.0001887294 1.9389886e-06 5.907259e-08 9.128999e-06 1.1800206e-06 4.227422e-09 3.8345115e-07 6.857806e-07 8.525348e-05 3.3250565e-11 7.7501035e-12 2.3080975e-08 8.588967e-11 2.3618038e-13 7.952577e-11 0.00010192282 6.277863e-13 1.8329572e-05 1.7972656e-06 4.0170276e-09 0.00020836182 1.0346776e-06
0.9905083 0.89284086 0.65046555 0.9098227 0.83163816 0.18115346 0.15079215 0.22967476 0.97141045 4.7856446e-07 0.9074307 0.097456925 0.1883316 0.059209753 0.52495384 0.015216001 0.023821054 0.06643494 0.25214085 0.028141558 0.8888765 0.005173608 0.010060809 0.68079215 0.0017253223 0.17873333 0.6110114 0.0049302997 0.094143316 0.010761809 0.008663556 0.22976875 0.00032421944 0.0013217035 0.004019648 0.0036383492 0.021365874 0.0007228341 0.00018915988 0.0028900255 0.007041719 0.025584426 0.0015156968 0.08750828 0.07058152 0.009649717 0.0001830769 0.0001356148 0.00053067826 0.0009931106 0.000496315 0.0002713795 0.013152788 0.0022342654 0.000111186935 0.0008350214 0.0018129146 0.005132884 0.07771726 0.0007878656 0.005027975 0.0021927713 0.0006174811 0.0054049357 1.3958001e-05 0.021375692 3.2083306e-05 0.0031922255 1.31664865e-05 0.00017126142 0.40842208 1.3431038e-05 0.060007993 0.00012966222 0.011192367 0.0069311387 5.503612e-05 0.032030907 0.03194983 0.007005919 6.0048507e-05 2.2351709e-05 0.0021161803 0.00019266146 2.7837177e-06 1.01355326e-07 0.00030002472 0.006437723 1.1090951e-05 6.3050707e-06 2.1581434e-05 2.4798808e-08 3.0340875e-08 1.5527026e-07 0.00020677091 6.062347e-08 0.0001094548 3.8778922e-05 1.9898895e-05 0.00089160557 1.288696e-07
0.98282367 0.61201143 0.23953389 0.8329907 0.5902177 0.45315695 0.30745336 0.63669527 0.9842801 0.9074307 1.3471827e-06 0.20380498 0.12334119 0.15711394 0.15713318 0.030203627 0.08645258 0.7594576 0.13645789 0.2129853 0.40059435 0.023246309 0.09626789 0.9463111 0.016700508 0.053254575 0.6929761 0.12751406 0.7280794 0.33647478 0.040567636 0.24912481 0.0008089647 0.008639357 0.06043761 0.071079426 0.17383608 0.0023646285 0.0001551691 0.020763855 0.0072063464 0.034518357 0.024057137 0.09716535 0.014516054 0.032575533 0.00049793004 0.0010056113 0.01127865 0.0049362513 0.0021970866 0.001396639 0.026567582 0.004558195 7.59468e-05 0.0037583543 0.0017873595 0.0054727714 0.042675696 0.0032106969 0.0049150116 0.006118517 0.0089082625 0.028619511 2.6963931e-05 0.008429706 0.00011721381 0.0032438873 2.15366e-06 0.00042804598 0.2557179 0.00017571913 0.049736112 0.00012002425 0.006885521 0.016738305 1.9560674e-05 0.020115022 0.058107503 0.003834346 8.336806e-05 9.832352e-05 0.00059100206 4.9912884e-05 2.7711678e-06 9.222425e-07 5.0344475e-05 0.044567168 9.841724e-07 1.5967483e-07 5.6497087e-05 7.614217e-09 1.418312e-09 8.678e-08 0.0019502355 3.737631e-09 0.0023981088 0.00029739225 2.7191238e-06 0.0018041959 1.7106625e-07
0.99446845 0.21052577 0.0026425943 0.050327905 0.040406436 0.0022837033 0.937848 0.002784963 0.8346564 0.097456925 0.20380498 9.180809e-06 0.0022269562 0.98580813 0.005132583 0.8746225 0.000428066 0.017548453 0.038626533 0.0047284313 0.015365829 0.0009552268 0.0012211939 0.36916777 1.5982398e-05 0.0012315109 0.9002585 0.0031045582 0.028835554 0.006074223 0.0119657675 0.047168814 0.016471386 0.00033537849 0.011812312 0.028048947 0.2708069 0.07969685 0.0071485075 0.16633373 7.731513e-05 0.09142765 0.019659596 0.03628216 4.380474e-05 0.00074250065 0.012213803 0.012658507 0.000493519 0.0008428982 0.0002287399 0.027968228 0.05501845 6.25917e-05 1.7109022e-07 0.015642893 4.530372e-06 0.009191637 0.0154306935 4.7383533e-06 0.0060828 0.0065825223 0.056546267 0.013672003 1.2858327e-06 0.0098490445 0.0010833499 0.0035797032 1.3202028e-09 0.0027488607 0.003960064 0.00093205756 0.007603341 1.2509759e-07 0.0030519296 0.0064221295 2.4973293e-08 0.0069562984 0.0065033175 0.0053661736 0.0017056079 3.9023027e-07 0.001149962 0.0005627801 7.9655685e-08 6.690789e-06 0.00068089477 0.0005747132 9.918633e-10 9.790716e-12 8.121327e-08 1.748481e-09 3.5786187e-11 6.074297e-10 0.0016999746 4.513229e-12 0.0026193727 1.6172768e-05 3.2027103e-06 0.0013385084 1.4872788e-05
0.8075791 0.31550056 0.9894883 0.74965364 0.18196924 0.8953031 0.017234707 0.39442056 0.0078222 0.1883316 0.12334119 0.0022269562 2.8073593e-10 0.00069850264 0.52987194 0.00067945477 0.30892205 0.055122584 0.04168018 0.059633877 0.8831628 0.079666205 0.010827809 0.015254002 0.0049555996 0.94078296 0.0038209287 0.007188559 0.0033797475 0.002790682 0.001031432 0.036626283 4.962468e-05 0.0014596359 0.0006601583 9.141069e-05 0.0004522097 0.00017055974 5.0387556e-05 0.00049851916 0.06343574 4.2853713e-05 0.00025674762 0.0003447311 0.99048716 0.0011673803 7.370088e-06 2.0557337e-07 5.0210503e-05 0.00011847115 0.00021068385 4.6490968e-05 1.9756586e-05 0.7692976 0.075809434 5.5524026e-07 9.60094e-07 9.9999454e-08 2.1373315e-05 1.3737069e-05 1.7849021e-06 1.0482231e-07 3.1907718e-06 5.083579e-06 4.3778095e-05 1.1422049e-05 1.0852912e-07 3.2424412e-06 4.2532512e-05 5.788927e-06 0.0019291189 5.109392e-06 0.0006739479 1.163722e-06 4.4473754e-06 1.3134755e-05 0.0001757116 0.0001863315 2.5841247e-05 3.195603e-07 2.1138835e-09 0.00014411291 1.4312353e-05 2.136671e-07 2.3089815e-05 1.3312589e-06 2.2894895e-08 1.4955729e-08 0.00024756088 1.1152059e-08 7.7748865e-09 3.905808e-08 3.4288394e-07 2.3120576e-07 9.766974e-08 3.3801126e-07 1.7201656e-09 1.799682e-08 3.581938e-07 4.1950305e-08 6.2692266e-08
0.9838463 0.12682727 0.0010849405 0.031905744 0.010742511 0.0010335948 0.83136857 0.0024770827 0.7444854 0.059209753 0.15711394 0.98580813 0.00069850264 4.8132904e-07 0.0062430776 0.9744544 0.00024476682 0.0086975135 0.007577979 0.0020515202 0.0021569934 0.00078563194 0.00052109733 0.3577967 3.6081525e-05 0.00033686374 0.92810273 0.0031958304 0.040102907 0.0061622253 0.009660652 0.012819721 0.042406786 0.00032361396 0.010700614 0.024069382 0.36898366 0.21754996 0.020949457 0.35806233 5.7817688e-05 0.040361807 0.037451394 0.0075056166 2.0267213e-05 0.0003163581 0.048144475 0.043331094 0.0004144843 0.00023024456 0.00012240015 0.10671663 0.03533992 1.9353047e-06 5.6434907e-08 0.011022793 1.1295678e-05 0.004420194 0.004071431 1.3543357e-06 0.0023237492 0.00510341 0.071374044 0.0170332 1.9209567e-06 0.003811421 0.0041072434 0.0009943189 2.3778446e-10 0.003925121 0.00022267087 0.0078008147 0.0016263085 5.723396e-07 0.0005064074 0.0038910431 1.1762085e-08 0.0022501298 0.0026463128 0.0049472153 0.00081976055 1.7667626e-08 0.0004045929 0.00015657548 1.7135353e-08 0.00030892418 0.0001853721 5.947142e-05 1.3691871e-10 3.4403425e-11 6.908956e-09 9.081236e-09 8.521135e-11 1.5184548e-09 0.00078400364 6.5796825e-13 0.0013462118 5.7515895e-06 8.67151e-05 0.0008245344 0.00093469006
0.8759561 0.84516466 0.22189933 0.493938 0.9817791 0.038771123 0.15072572 0.040199142 0.020668846 0.52495384 0.15713318 0.005132583 0.52987194 0.0062430776 6.760888e-14 0.009040969 0.015729064 0.027116867 0.99607134 0.0101258885 0.88021463 0.0077451444 0.0031922956 0.024121761 0.000173447 0.050854173 0.0045908857 0.0025917909 0.005412479 0.0024444326 0.0082722595 0.6212772 0.00085309154 0.0016296536 0.00010255669 2.5478237e-06 0.0006237549 0.0010285857 0.000308153 0.0040180227 0.00035968938 0.0037308407 0.00026069384 0.031748716 0.09974501 8.739594e-06 0.00036070857 7.146339e-06 0.00015175757 2.3347113e-05 0.00010548292 0.0015910186 0.00086373003 0.003884182 0.00046970695 1.8024175e-05 1.337226e-07 0.00015897052 0.0015070804 1.110164e-07 0.00038672079 3.5930538e-05 4.3761e-06 3.8835337e-06 5.415114e-07 0.0016129417 7.947114e-08 0.00029859922 2.0635649e-07 2.635635e-05 0.050320264 1.5585961e-06 0.02383457 1.1034129e-07 0.00012682396 4.5762395e-06 3.5004038e-07 0.010245283 6.701323e-07 0.00010605243 7.2424823e-06 2.313017e-07 0.00036804957 9.873533e-06 1.7108493e-06 2.7212067e-08 0.00011676441 1.7665914e-07 5.835086e-08 6.665997e-09 6.265174e-08 3.2144958e-09 2.6091627e-09 3.30752e-09 1.467808e-07 6.955724e-09 4.2965019e-07 4.5850615e-07 2.9139868e-05 1.2980362e-08 9.341383e-09
0.99172455 0.113908395 0.0006400008 0.014954385 0.028999135 0.00043294468 0.9676518 0.00026650366 0.36137775 0.015216001 0.030203627 0.8746225 0.00067945477 0.9744544 0.009040969 4.282046e-05 7.973226e-05 0.0026002654 0.01715353 0.00075376726 0.0063020983 0.00043576013 0.00026014744 0.13147537 2.223077e-05 0.0012007314 0.81688404 0.0011972216 0.011948708 0.0034680075 0.0042053396 0.064418525 0.1575224 9.396387e-05 0.0070839208 0.0117843505 0.2133262 0.36500144 0.07636285 0.43124792 3.4746183e-05 0.47952783 0.013965612 0.10263328 3.2673786e-05 0.00010563434 0.14912727 0.06350031 1.1389233e-05 8.281503e-05 3.0874526e-05 0.44260606 0.28974068 1.6849444e-07 7.572562e-09 0.18362449 1.2196854e-06 0.06393737 0.047799964 3.8243516e-07 0.023717314 0.08299988 0.054649975 0.021512765 1.8130041e-07 0.0318155 0.027947223 0.009941638 5.528008e-11 0.022349618 0.0015449333 0.017011074 0.018975217 7.049784e-08 0.005653514 0.0029550584 1.082886e-08 0.014508752 0.004512041 0.029596293 0.008292335 9.7713155e-08 0.0027552475 0.0025101183 2.0742362e-08 0.0007583347 0.0015866909 8.844978e-05 2.0051577e-11 4.114989e-12 1.5195827e-08 8.664942e-10 1.6617761e-11 6.795647e-12 0.0010882732 1.1380757e-12 0.0006314019 8.938451e-07 8.58856e-05 0.0010552715 0.0017827138
0.9186668 0.031958185 0.034674082 0.2788828 0.004503243 0.9458093 0.0012059966 0.9552609 0.0027751068 0.023821054 0.08645258 0.000428066 0.30892205 0.00024476682 0.015729064 7.973226e-05 7.364948e-09 0.4948514 0.0021185146 0.9409581 0.0056833136 0.94322693 0.33179048 0.011974141 0.7482567 0.0105996365 0.0010429549 0.021583712 0.004946836 0.0037236034 0.00033249386 0.0047761155 6.0181912e-05 0.0009211996 5.8653957e-05 2.3238988e-06 3.715358e-06 2.8247841e-06 3.2871652e-05 3.8199232e-05 0.9888112 1.28874035e-05 1.3595225e-06 0.00029951072 0.18807575 0.04194613 2.3585214e-06 1.9384936e-07 1.8874471e-06 5.243606e-05 1.1585281e-05 1.3700558e-06 1.1076419e-05 0.8103602 0.043859404 1.5095089e-09 4.9197522e-05 5.190078e-07 9.708455e-05 0.010192069 1.6398861e-06 1.4243835e-07 1.2165302e-08 9.6456766e-08 0.002428589 0.00013252888 5.181142e-07 1.6100493e-06 0.003210853 1.1848911e-06 0.009517908 1.0313968e-08 0.00089662324 0.0004038539 9.399152e-06 1.4227625e-07 0.10155449 0.00049422734 3.8066857e-05 8.941277e-06 5.9203657e-08 0.0122207645 3.3570028e-05 2.1618655e-07 0.00088198826 2.6514254e-08 3.5020568e-07 5.3000527e-08 0.0014201435 9.565285e-06 5.2677116e-08 3.0260702e-07 0.00013612157 4.2088633e-08 4.1958725e-07 0.0005008817 3.287148e-10 6.313696e-09 1.2089289e-05 1.10021166e-08 1.2329075e-08
0.9824976 0.056865208 0.040759783 0.30797222 0.062569596 0.4162651 0.025124816 0.8626634 0.64588535 0.06643494 0.7594576 0.017548453 0.055122584 0.0086975135 0.027116867 0.0026002654 0.4948514 3.3026262e-10 0.014989775 0.85680014 0.018404549 0.5626426 0.98555446 0.6341726 0.8419951 0.005375347 0.074795015 0.9565707 0.79269606 0.6872193 0.014453125 0.03914227 1.3433062e-05 0.103837624 0.006745386 0.0033722408 0.0031803472 0.00016527939 2.6949444e-06 0.003013123 0.26112318 0.001050974 0.0011466225 0.0035985685 0.006354513 0.77031976 2.5186582e-05 5.291036e-05 0.006754993 0.028929729 0.024519576 0.000103127604 0.0017048412 0.0077848034 0.00019959308 6.213352e-05 0.06289714 3.740285e-05 0.0033361334 0.38465905 5.9185855e-05 1.0508797e-05 4.4236596e-05 0.0007063836 0.012842391 0.0007384902 1.015744e-07 2.6839658e-05 1.7695305e-05 6.6493667e-06 0.10674985 4.9201817e-06 0.009862711 0.013991994 0.00078606216 0.0007501855 0.0039031834 0.0015385185 0.012669691 0.0002522573 4.694727e-06 0.0032612644 8.8539404e-05 2.2704446e-06 0.0030002515 6.1982455e-08 2.275378e-06 0.0027159029 1.964047e-05 0.020095618 0.00016127525 6.29414e-05 3.9091305e-05 2.8908966e-05 0.00050385593 1.2646011e-05 2.9709342e-06 0.00017425543 3.5139752e-08 0.0001341031 4.1802437e-09
0.9824703 0.7017028 0.033123575 0.46582252 0.9217307 0.009587734 0.46372065 0.01091712 0.0063638254 0.25214085 0.13645789 0.038626533 0.04168018 0.007577979 0.99607134 0.01715353 0.0021185146 0.014989775 4.5757086e-11 0.0013541959 0.4207862 0.00086405175 0.0011989875 0.037127286 9.8449345e-05 0.012793366 0.046843763 0.0010519536 0.0054810815 0.0029588668 0.012925106 0.9595611 0.029172134 0.0009408152 0.0009917212 8.801392e-05 0.000632496 0.05290343 0.004868043 0.09558984 5.478403e-05 0.07241308 0.00033688702 0.22233132 0.017265322 3.4937557e-06 0.018735431 0.0011073572 1.43754305e-05 2.6388732e-06 1.98182e-05 0.028643401 0.007913288 0.00019214385 1.0317762e-05 0.0005080952 9.777491e-07 0.0019151884 0.0077680354 8.031807e-09 0.003809001 0.00075902056 3.1521144e-05 8.8066474e-05 2.3768233e-07 0.0096717095 9.9288845e-06 0.003971554 7.828381e-09 0.00046316208 0.18321964 0.00010205724 0.05919606 1.4236466e-08 0.0030739587 9.8681805e-05 6.501283e-08 0.03294117 4.535466e-05 0.0026398376 0.00012247419 5.236385e-07 0.0031597128 0.00037069435 6.750897e-08 3.6219683e-06 0.0010900869 4.7613668e-07 2.0901567e-09 6.875611e-11 2.891962e-08 5.1701865e-10 2.840219e-10 9.41564e-12 1.8839752e-07 1.03672045e-11 3.982234e-07 1.1747847e-08 5.002601e-05 3.6752522e-07 8.453788e-08
0.91280246 0.061453633 0.006300683 0.43059573 0.003499874 0.88784444 0.013028341 0.9618079 0.037047844 0.028141558 0.2129853 0.0047284313 0.059633877 0.0020515202 0.0101258885 0.00075376726 0.9409581 0.85680014 0.0013541959 3.7689473e-11 0.0011420134 0.99781287 0.67562914 0.05072008 0.8539173 0.0013875979 0.0070796413 0.25578153 0.023113972 0.023395834 0.0009156718 0.0033122727 3.7522407e-06 0.004219905 0.0011759164 0.00013365636 0.00020664849 2.9106457e-05 4.935466e-07 0.0007123616 0.5677439 1.4354017e-05 0.00060479116 0.000108291606 0.0041135857 0.10571293 4.2317083e-06 1.7967308e-06 6.928861e-06 0.00045257685 0.00015657429 2.6769285e-05 0.00010537293 0.014400534 9.919415e-05 2.3384862e-07 5.13673e-05 3.692808e-07 8.3839186e-05 0.00492809 1.5516183e-06 7.608283e-08 2.1062801e-06 2.761558e-05 0.00079755916 7.694914e-06 7.93831e-09 5.258599e-07 1.9082847e-06 1.4539583e-07 0.008501024 5.946937e-07 0.0010001377 2.4142138e-05 2.2110231e-05 4.450927e-06 0.000808014 5.3638916e-05 0.0002721573 8.491669e-06 2.3196518e-08 0.00057889964 3.7531606e-06 5.296576e-08 4.3338143e-05 3.6873147e-09 1.7511796e-07 2.7537762e-05 1.8898622e-06 4.4633705e-07 4.1502295e-09 5.4661168e-11 8.6206065e-08 6.2666744e-10 8.317868e-06 6.4081763e-07 6.6958314e-08 3.0837903e-08 1.0026377e-07 2.2253722e-07 1.9950883e-09
0.9438885 0.80157894 0.93957084 0.75342417 0.8674109 0.06611169 0.07237457 0.091156825 0.005679147 0.8888765 0.40059435 0.015365829 0.8831628 0.0021569934 0.88021463 0.0063020983 0.0056833136 0.018404549 0.4207862 0.0011420134 1.4436523e-11 0.0017584773 0.0013395357 0.034103915 0.00034498383 0.99392384 0.016105862 0.0034957642 0.005033091 0.0038281106 0.001424486 0.27209952 0.0017685455 0.0011274063 0.0010115285 0.00010804567 0.0003982661 0.002855969 0.00036123028 0.0075053773 0.0005593252 0.0021874672 0.00013845133 0.011711784 0.7759913 7.0787166e-05 0.0005219287 1.0842061e-05 3.74986e-05 2.3455686e-05 8.768349e-05 0.0008400999 0.0002650703 0.0059138546 0.00037485443 5.9166696e-06 2.5482952e-06 1.3094558e-05 0.00018447744 1.8313907e-08 6.857597e-05 2.795639e-06 6.4700475e-06 1.9328674e-05 1.2512044e-06 0.00048395823 6.852161e-08 7.2121526e-05 1.9754795e-07 5.44843e-06 0.043254003 6.5446357e-06 0.012987844 2.4852068e-07 0.00031770658 9.672833e-06 4.3713928e-07 0.0034373298 1.1103662e-05 1.2174269e-05 2.0927078e-07 2.0671962e-06 0.00031408694 2.1366997e-05 1.5012843e-07 1.8271365e-07 3.0107376e-06 5.749269e-08 3.0717047e-07 4.5315812e-10 1.1454692e-08 1.9153093e-08 1.00950366e-07 2.4141906e-09 2.0065993e-08 1.00525686e-08 2.529746e-09 1.5552537e-08 6.7385315e-07 2.5491655e-08 1.2547012e-09
0.6622276 0.015760018 0.0062690037 0.08620524 0.003108032 0.22402877 0.0032774182 0.5082638 0.009728295 0.005173608 0.023246309 0.0009552268 0.079666205 0.00078563194 0.0077451444 0.00043576013 0.94322693 0.5626426 0.00086405175 0.99781287 0.0017584773 1.413583e-09 0.3738282 0.012212894 0.9930913 0.0014798742 0.0025702668 0.11401874 0.008840616 0.009880881 0.00059463416 0.001212595 1.1453525e-06 0.0034695922 0.0005927875 0.00016310131 0.0004859432 5.1956056e-05 1.1371152e-07 0.00047177743 0.8356178 8.8117806e-05 0.0009298694 0.00017324928 0.0062354193 0.6414686 1.6437393e-06 1.3297184e-06 0.00032919136 0.0027712325 0.0028457842 2.7831004e-05 7.2298164e-05 0.064623386 0.00013141592 1.7188094e-07 0.00026924015 2.8273294e-07 5.9569164e-05 0.046449307 3.926491e-06 3.307755e-08 1.214288e-05 0.00013446745 0.01383145 8.969889e-06 8.602661e-10 2.0609093e-06 4.7385474e-06 1.05727494e-07 0.0011528577 9.391052e-08 0.0010534264 0.00015394701 1.38722735e-05 9.566448e-05 0.009135184 5.795791e-05 0.0010601607 1.7463242e-06 8.6874485e-10 0.02000148 6.3021494e-06 3.1568042e-09 0.00023812309 3.1766576e-09 7.288816e-08 0.00037740965 4.6019823e-06 1.6527676e-05 2.5662544e-08 6.673716e-10 2.972744e-07 5.7477423e-09 2.0105848e-05 1.2811214e-06 1.0808808e-07 2.77664e-07 3.44279e-08 3.2863346e-07 2.4526098e-10
0.9616962 0.01147854 0.013268976 0.05369542 0.011910005 0.058760945 0.0017779156 0.42671922 0.024407912 0.010060809 0.09626789 0.0012211939 0.010827809 0.00052109733 0.0031922956 0.00026014744 0.33179048 0.98555446 0.0011989875 0.67562914 0.0013395357 0.3738282 4.2643295e-11 0.13284805 0.9066568 0.0008699952 0.005693808 0.9870835 0.3625762 0.5608966 0.018261563 0.0062807743 8.422454e-06 0.25271395 0.00832998 0.004940749 0.0033503743 1.2336726e-05 4.0812265e-06 0.00082984776 0.39613968 0.00010372414 0.0006689233 0.00037025145 0.00092471775 0.94479305 2.1053904e-06 1.2644624e-05 0.013149603 0.060271777 0.030326294 1.2043633e-06 8.190401e-05 0.004117277 6.4926615e-05 1.4330853e-06 0.1227184 2.9668217e-07 0.00041098645 0.73814476 1.2101037e-06 3.100284e-07 3.0038385e-05 0.00027721142 0.07157173 3.5634574e-05 2.2966417e-07 1.2717217e-06 1.0383325e-05 2.2048705e-07 0.009971887 5.1007746e-08 0.0026890915 0.04947218 4.911858e-05 0.0007703986 0.0151547 0.00030370176 0.010991925 1.1222801e-05 1.0181285e-06 0.016696295 7.860283e-06 2.8238617e-07 0.008145666 8.688011e-10 8.569115e-08 0.0032741737 2.299721e-05 0.07597285 0.0002531797 0.00067309814 9.72571e-05 9.873264e-05 0.0004801856 1.0742269e-05 7.5307385e-06 0.00022290564 9.93135e-07 0.00014678622 3.9455025e-10
0.99701434 0.15745671 0.020820124 0.22624797 0.18888222 0.044082846 0.3671394 0.14547326 0.80391926 0.68079215 0.9463111 0.36916777 0.015254002 0.3577967 0.024121761 0.13147537 0.011974141 0.6341726 0.037127286 0.05072008 0.034103915 0.012212894 0.13284805 1.6268622e-06 0.019410443 0.006244459 0.84586996 0.39329246 0.96429485 0.72344446 0.75650287 0.08527378 0.0024331154 0.1550172 0.80622905 0.78929734 0.6957516 0.015152951 0.0017166564 0.08059464 0.0039879004 0.02692441 0.4369261 0.043364394 0.0019079463 0.050743595 0.00259535 0.017228346 0.085304424 0.031290103 0.01723792 0.004496439 0.016024018 0.000508718 4.648571e-06 0.0058594923 0.02134562 0.009386267 0.025170535 0.0087806685 0.005876269 0.008257596 0.019527534 0.20892495 0.00038244086 0.008854297 0.00039704156 0.0036958524 3.0213943e-08 0.0011454815 0.077754006 0.00056880905 0.027444728 0.0016767023 0.0046667852 0.21157421 7.09424e-05 0.012095795 0.2138889 0.003127643 0.0002829292 0.0007451178 0.00065531395 0.00012787267 4.3586173e-05 3.2227745e-05 0.00012642352 0.23922156 2.1594742e-08 5.4542455e-05 0.0008292267 1.4478413e-05 3.733864e-08 3.925647e-05 0.009192851 2.758644e-09 0.0016169176 0.0036600286 2.577762e-07 0.016678464 3.942443e-07
0.942152 0.000916768 0.0018100805 0.014058463 0.00080092513 0.15512374 9.029069e-05 0.47187355 0.0017760625 0.0017253223 0.016700508 1.5982398e-05 0.0049555996 3.6081525e-05 0.000173447 2.223077e-05 0.7482567 0.8419951 9.8449345e-05 0.8539173 0.00034498383 0.9930913 0.9066568 0.019410443 6.938249e-12 0.00022607933 0.00079203426 0.5727522 0.013857374 0.025752045 0.0012464459 0.000440845 2.5462814e-06 0.013272506 0.0013981076 0.00035368008 0.0003555799 1.5901455e-07 4.1646814e-07 3.0067651e-05 0.9688894 4.2842717e-07 0.00020575512 6.6112507e-06 0.0024457069 0.89241034 1.1400991e-07 1.4150697e-07 0.0004303611 0.007996125 0.00983716 4.3389566e-08 4.7289652e-07 0.3405775 0.008531883 6.762617e-10 0.0006191998 3.4019596e-08 4.6529312e-06 0.41583627 1.4443052e-07 1.2708389e-08 2.262279e-06 2.2640133e-05 0.08782448 1.6059012e-06 1.4976996e-08 8.359396e-08 0.00060926785 2.5992398e-08 0.00024387395 3.2476137e-09 8.782434e-05 0.0031191995 1.3060418e-06 3.2360884e-05 0.1725779 1.1011801e-05 0.0010497558 1.3982448e-07 2.7548213e-09 0.110661596 4.6572885e-07 4.280143e-09 0.016728316 2.9231662e-09 1.27501485e-08 0.0004314133 0.0008840729 0.05138732 6.168113e-06 0.00011216484 0.0006429158 1.0745691e-05 2.2898532e-05 0.00049866637 3.1879004e-08 1.201056e-05 4.1324842e-07 2.2796983e-06 7.375191e-10
0.409894 0.30156076 0.68037605 0.3704351 0.1937867 0.13895819 0.010460793 0.044251505 0.0023770244 0.17873333 0.053254575 0.0012315109 0.94078296 0.00033686374 0.050854173 0.0012007314 0.0105996365 0.005375347 0.012793366 0.0013875979 0.99392384 0.0014798742 0.0008699952 0.006244459 0.00022607933 1.2496056e-11 0.0028625173 0.0003961911 0.0017900429 0.00036037437 0.0003312039 0.015296525 4.5997953e-05 8.366179e-05 2.1958483e-06 5.527152e-08 2.3277993e-05 3.399429e-05 1.0581002e-05 0.00012934876 0.00085287023 5.194741e-06 1.0772204e-05 0.00017168807 0.99577147 9.1901375e-06 1.7303231e-06 1.18117626e-07 4.2154193e-06 6.0652013e-07 3.546704e-06 1.8339189e-07 2.7560684e-06 0.00366157 0.00035676532 2.4977531e-08 1.10812884e-07 6.1746455e-08 1.5245197e-06 3.4300477e-08 8.750723e-07 2.0262718e-08 1.4271267e-08 8.509159e-09 2.6540985e-07 6.6720877e-06 4.686386e-09 3.7490446e-07 5.152393e-08 2.3865118e-08 0.0004992431 2.3360721e-07 0.00027989794 1.2806449e-08 4.0141617e-06 2.475409e-09 4.3054104e-07 1.800641e-05 1.143003e-08 5.836091e-07 7.917985e-09 4.7109287e-07 1.3820265e-06 4.145605e-07 5.7840705e-08 6.5769457e-10 8.823865e-07 2.7378249e-08 8.241832e-07 1.2689483e-10 2.9516007e-08 4.009631e-10 9.55473e-11 3.260634e-10 1.6410617e-09 3.095929e-09 6.5762364e-08 4.3914262e-08 2.434762e-07 4.702413e-09 1.9347842e-08
0.99983364 0.11612414 0.003655295 0.061077695 0.02724537 0.007948504 0.7674206 0.015086975 0.8730113 0.6110114 0.6929761 0.9002585 0.0038209287 0.92810273 0.0045908857 0.81688404 0.0010429549 0.074795015 0.046843763 0.0070796413 0.016105862 0.0025702668 0.005693808 0.84586996 0.00079203426 0.0028625173 8.560456e-08 0.025192952 0.29527667 0.06759745 0.09239456 0.039673746 0.049151808 0.0034205639 0.16356133 0.284829 0.8778501 0.3219171 0.038032047 0.44900247 0.0010868206 0.049691 0.54860795 0.018202176 0.0006834681 0.0038092951 0.045828965 0.16856419 0.0039233286 0.0027815034 0.0010779004 0.030803807 0.07837246 0.00016823555 4.576399e-07 0.017810477 0.0010509499 0.011888183 0.011033678 0.000516915 0.005759947 0.010832817 0.25858745 0.34376088 0.0002537061 0.0072715026 0.0054928004 0.0045536305 9.107659e-08 0.004478497 0.0028450084 0.0023768567 0.005997213 0.00024526054 0.004053949 0.08359523 1.8265322e-05 0.006081666 0.055849787 0.0074197333 0.0038533546 0.0001040501 0.0013903856 0.0015652762 4.248603e-06 0.00019489923 0.00090016215 0.007895197 7.0523356e-09 3.5503955e-08 0.00022516331 1.0955018e-05 3.0734069e-09 2.2409542e-06 0.0064565036 1.8790317e-11 0.036293164 0.00090405124 3.0238737e-06 0.015090399 3.7558297e-05
0.9295145 0.016027244 0.0036187319 0.035201315 0.0035380996 0.018745597 0.0029339918 0.12987667 0.052353334 0.0049302997 0.12751406 0.0031045582 0.007188559 0.0031958304 0.0025917909 0.0011972216 0.021583712 0.9565707 0.0010519536 0.25578153 0.0034957642 0.11401874 0.9870835 0.39329246 0.5727522 0.0003961911 0.025192952 6.675791e-10 0.7599043 0.9670622 0.073566675 0.0015152538 8.030211e-06 0.9144945 0.11331986 0.07279782 0.0318658 0.0003548086 1.6888127e-06 0.0037908363 0.01844515 0.00021417582 0.02884355 0.00048832106 0.00065308285 0.9178909 1.23447535e-05 0.0002106477 0.3371992 0.5345287 0.38323832 8.361449e-05 0.0004014864 0.001004193 8.349779e-06 4.4060166e-06 0.24064453 7.317697e-07 0.00016973495 0.21893775 7.656096e-06 4.0656352e-07 0.0012356025 0.0057472526 0.008414241 2.1531673e-06 3.2928927e-08 1.0463261e-06 2.2341382e-08 3.5507358e-07 0.0014931946 1.0521708e-06 0.00078981783 0.030421183 1.0496978e-05 0.009011735 0.0005234026 3.725095e-05 0.043699387 4.293272e-06 3.7189096e-08 0.007951915 8.409194e-06 4.764639e-08 0.0009952072 2.659514e-08 7.1117604e-08 0.09440506 2.818436e-08 0.006426399 0.0030013632 0.00015680275 8.804191e-08 0.00016815518 0.0040017166 6.161633e-08 0.0001513386 0.003447658 9.547435e-09 0.0007745761 7.644695e-11
0.9841476 0.026888637 0.0028772503 0.04830199 0.01191702 0.012305142 0.04980318 0.042383455 0.45484525 0.094143316 0.7280794 0.028835554 0.0033797475 0.040102907 0.005412479 0.011948708 0.004946836 0.79269606 0.0054810815 0.023113972 0.005033091 0.008840616 0.3625762 0.96429485 0.013857374 0.0017900429 0.29527667 0.7599043 6.902045e-08 0.98393834 0.7557196 0.0086338455 0.00022262566 0.666498 0.85743856 0.76257443 0.25983334 0.0021077904 0.00017643094 0.020613404 0.0026627476 0.001175792 0.17342754 0.0022305546 0.00038297026 0.07254906 0.00051166234 0.0024159679 0.16996354 0.056571633 0.037477415 0.0009971362 0.0015986896 4.4283366e-05 6.702735e-07 0.00055764377 0.0354205 0.00011096544 0.0007251146 0.007586935 0.00012500226 6.639719e-05 0.0015745565 0.02485355 0.00044145144 0.00024558164 2.0172976e-05 0.00012695708 9.627158e-10 7.372454e-05 0.0044534896 0.0001870071 0.0023590142 0.0024928502 0.00015654905 0.044581894 4.1335193e-06 0.00074333954 0.06847965 0.00021499745 1.6162468e-05 0.0006696248 5.5543256e-05 2.647999e-06 1.7003036e-05 1.0307484e-05 7.895659e-07 0.047404375 7.103886e-11 2.5192852e-05 0.0013271886 6.929016e-07 4.633562e-10 5.4334187e-06 0.005743299 2.753207e-10 0.00010401725 0.004569426 2.6379972e-08 0.004549175 2.7996396e-09
0.95819 0.012238387 0.002049773 0.03219328 0.005635628 0.0068469793 0.004627376 0.036074627 0.09288205 0.010761809 0.33647478 0.006074223 0.002790682 0.0061622253 0.0024444326 0.0034680075 0.0037236034 0.6872193 0.0029588668 0.023395834 0.0038281106 0.009880881 0.5608966 0.72344446 0.025752045 0.00036037437 0.06759745 0.9670622 0.98393834 1.7840283e-09 0.5984357 0.0038462172 3.6255748e-05 0.94877756 0.85334283 0.7756079 0.111269504 0.0009872238 2.1850514e-05 0.014355751 0.0030259504 0.0005994466 0.1819198 0.0009200069 0.0001433594 0.18023409 0.00016702984 0.0014126763 0.54591304 0.22319199 0.11791245 0.00037106362 0.0005426985 2.5969939e-05 6.87937e-07 6.6266875e-05 0.08890179 1.268176e-05 0.00052744284 0.025765594 5.3058106e-05 1.0129726e-05 0.0016274558 0.020656934 0.0010858842 2.2508011e-05 4.05831e-07 2.2078435e-05 1.656351e-09 6.053503e-06 0.0028495155 6.202085e-05 0.002457542 0.008616647 4.8628386e-05 0.07296432 1.4926244e-05 0.0002555845 0.15455517 3.426339e-05 2.9967525e-06 0.00090509374 7.498308e-05 1.5474569e-06 0.0004941065 9.1873375e-07 2.6781078e-07 0.21557243 6.553616e-10 0.0015176538 0.0032634872 4.4048295e-05 4.0126377e-10 0.00013435222 0.010592059 4.31776e-10 0.00031714956 0.009819623 3.1466387e-09 0.004927115 3.1927547e-09
0.99129885 0.0054515186 0.0011922816 0.0047617485 0.018026507 0.0008173913 0.004641537 0.0024039387 0.007953471 0.008663556 0.040567636 0.0119657675 0.001031432 0.009660652 0.0082722595 0.0042053396 0.00033249386 0.014453125 0.012925106 0.0009156718 0.001424486 0.00059463416 0.018261563 0.75650287 0.0012464459 0.0003312039 0.09239456 0.073566675 0.7557196 0.5984357 1.0056831e-07 0.019375263 0.00011919634 0.7304216 0.9530088 0.93465525 0.29679134 0.0009879576 9.4605064e-05 0.026129568 0.0010206045 0.0009934563 0.21256393 0.0047949576 6.721062e-05 0.056351103 0.00019340558 0.001269816 0.9244503 0.44139472 0.394195 7.7682314e-05 0.0013965059 1.2778074e-06 3.1744246e-08 0.00026633116 0.20745496 0.00019330268 0.0016177944 0.034004204 0.00029592335 0.00027397214 0.0015663834 0.089436226 0.0004026106 0.0012496418 2.5664394e-05 0.00025172214 7.688784e-11 4.4125827e-05 0.017622707 0.00010765842 0.0037973803 0.012068176 0.0008368023 0.32023245 1.2154726e-06 0.002962009 0.597998 0.0013310456 1.404095e-05 1.5366239e-05 2.7516342e-05 1.807279e-06 8.0909354e-05 4.2557425e-05 2.8315296e-06 0.5817745 3.030208e-11 0.0063406117 0.007678395 0.00033115997 1.3468331e-08 0.0006324339 0.07670089 3.735707e-09 0.00084940426 0.59864074 3.4908427e-07 0.042315837 2.2423168e-09
