3.5671374e-10 0.63680905 0.65128076 0.38194504 0.9903017 0.9460978 0.94902134 0.95132804 0.8730775 0.98590314 0.4860808 0.010555906 0.9467304 0.98432875 0.7904919 0.9412206 0.9934284 0.74368334 0.98499674 0.98513687 0.00084532576 0.9641073 0.9838729 0.96439785 0.982927 0.9899741 0.9763391 0.00058728154 0.98520833 0.27696696 0.9395473 0.9905552 0.9551976 0.00062279525 0.9935809 0.98294455 0.9874555 0.96343803 0.9852049 0.18945538 0.9971174 0.015401538 0.9910875 0.99803317 0.88070685 0.99585766 0.3431138 0.9998552 0.9698446 0.99338686 0.18809697 0.9537332 0.96120805 0.9980977 0.986797 0.95115304 0.9545171 0.9641346 0.9841079 0.9890409 0.9683873 0.9973111 0.7937785 0.3957365 0.9884749 0.9885979 0.9856074 0.9777312 0.9967204 0.998762 0.974153 0.9752636 0.99043596 0.006962259 7.483927e-05 0.9681471 0.09603223 0.8127164 0.91247237 0.8990577 0.9618369 0.9088301 0.9874846 0.676465 0.80355746 0.14702307 0.9448528 0.78518856 0.81801367 0.99051136 0.9726068 0.99203664 0.9784041 0.6473964 0.95236784 0.97641164 0.41671458 0.90480727 0.3995708 0.5262683 0.91989493
0.63680905 2.038341e-13 0.9554391 0.99583286 0.89033747 0.8088104 0.9406891 0.4857198 0.56476825 0.16390765 0.015051896 0.0013317497 0.01948704 0.40322354 0.0023455678 0.0036867335 0.1490661 0.0033611653 0.12205979 0.058430076 3.0908907e-07 0.00035235225 0.07894561 0.0066277497 0.0069759367 0.31582206 0.0005720123 1.4592433e-06 0.10245566 6.857571e-07 0.001255947 0.0036391264 1.15991e-05 2.1908415e-09 0.005281445 0.0013807786 0.0024704817 0.0010231984 0.0037957798 4.920789e-07 0.013330389 1.6312354e-08 0.0002596193 0.00047440798 1.0844615e-07 0.08509247 8.247029e-09 0.0086996 0.007720042 0.00021676661 1.0999766e-08 4.617992e-05 1.1924795e-06 0.000118161195 0.0015290282 5.4540756e-08 2.321854e-06 2.8022027e-06 8.573591e-05 1.0514074e-06 0.00022793048 2.9125393e-05 2.763875e-06 8.3987983e-10 0.00014554312 1.921247e-05 7.681342e-06 1.2700483e-05 0.00011919122 0.00064804504 0.00016139896 8.2571736e-05 3.0709916e-06 6.9781236e-10 3.699066e-12 1.0849125e-07 4.2353596e-11 3.0542138e-05 2.2445118e-07 2.445541e-05 4.764063e-06 1.8042394e-08 3.8734083e-07 4.9133543e-08 5.8190517e-07 4.968299e-10 2.3294594e-06 1.1607261e-08 3.2876876e-06 4.3494133e-08 8.853886e-08 3.0369029e-07 1.5278772e-08 3.1685474e-10 6.367637e-08 1.0555156e-06 5.7998206e-09 1.4032248e-09 2.7109676e-10 3.3560751e-10 7.666262e-07
0.65128076 0.9554391 6.974944e-10 0.9858797 0.25110266 0.9949524 0.23247324 0.06601698 0.26065505 0.027605971 0.47506124 0.027113138 0.24466917 0.4926778 0.042564724 0.034429144 0.0198042 0.05154333 0.68408287 0.21436702 0.0005811792 0.002783496 0.015027748 0.007425028 0.016951658 0.13584232 0.0041544116 7.1458795e-05 0.059114218 0.00030240754 0.0041146763 0.00032258048 0.0009255334 1.3319745e-05 0.0015569329 0.00044926608 0.00042498537 0.0018472824 0.0042182873 0.00018828824 0.008504536 5.0504797e-05 0.00013372993 5.516399e-06 3.498112e-07 0.0056032673 4.503423e-06 0.0051421025 0.0003396932 0.00026717855 1.1727341e-06 0.0001158288 8.309275e-06 4.228255e-06 9.539026e-05 8.9306155e-08 1.649656e-05 7.440065e-06 7.865421e-06 1.4089676e-06 7.790551e-06 5.5135937e-05 6.919616e-06 7.890095e-09 1.40530865e-05 1.6239217e-06 3.518786e-07 6.82194e-06 3.9735274e-05 0.00024140908 1.1509549e-05 1.5895588e-05 1.8475079e-05 3.457227e-08 4.779662e-10 3.5509917e-08 2.2512701e-08 8.074605e-06 1.8447099e-07 3.896752e-06 3.9543437e-08 6.9189093e-10 6.468003e-07 7.939562e-10 7.983729e-08 8.95514e-09 1.0627211e-08 7.8824024e-07 9.751804e-06 8.2729336e-08 3.2420903e-07 1.2040573e-05 3.2269495e-06 5.6894295e-10 8.5340304e-08 4.5397606e-08 1.4263456e-08 7.826519e-08 1.396543e-07 5.271779e-09 2.6305813e-06
0.38194504 0.99583286 0.9858797 1.1140119e-14 0.06555329 0.6943461 0.11170428 0.052547425 0.011275864 0.0004996246 0.89067835 0.37125275 0.0806233 0.113850586 0.021926425 0.0013664305 0.0072485125 0.002594417 0.3034222 0.085089125 0.00038488628 0.0011223113 0.00017591062 3.3213368e-05 0.0059463587 0.0727023 0.0006389306 0.0008840514 0.009720008 0.0001338038 4.5658056e-05 0.00015394216 2.9771925e-05 0.00010864859 9.332129e-06 1.2748478e-05 6.596544e-06 3.068332e-05 9.1102964e-05 9.5206e-06 0.0014731457 7.428091e-06 0.00016588591 3.5473838e-06 9.352241e-07 0.007539327 1.1067939e-07 0.00025332894 0.000983897 6.6977605e-06 1.3229014e-07 1.0141218e-07 1.3022545e-08 6.279255e-06 5.9098653e-05 5.402695e-06 2.4577987e-06 2.3540565e-06 2.7928622e-06 2.9148414e-06 3.40287e-05 2.8191099e-07 6.5980516e-05 1.32727065e-08 3.1127987e-05 3.3744877e-06 5.8741784e-07 2.6311423e-05 4.5005316e-05 1.1061575e-05 5.278703e-05 1.0036356e-05 3.850577e-07 1.3525403e-08 1.4489633e-10 1.0921814e-07 2.5353952e-11 0.0002366908 1.8068197e-07 2.8929828e-06 5.607918e-07 1.3081945e-08 5.6228595e-07 5.567071e-08 1.9044659e-05 1.2043481e-10 1.031116e-07 1.0629888e-06 4.5994198e-06 2.1752522e-09 3.73575e-09 1.1727848e-07 6.6529865e-10 6.242073e-11 2.6306402e-09 1.8998064e-08 4.5535448e-10 3.6349428e-09 9.486679e-09 2.858065e-10 3.4270104e-06
0.9903017 0.89033747 0.25110266 0.06555329 1.0179409e-08 0.26958105 0.96873057 0.95035136 0.7736817 0.3592584 0.0072856974 4.027254e-05 0.0038579986 0.69852954 0.00022849767 0.0053748186 0.65898836 0.003801132 0.057828013 0.111368686 1.3753795e-07 0.0001345298 0.3124096 0.010948618 0.05376875 0.8680304 0.00584884 3.9425973e-07 0.5680615 3.8864994e-07 0.006397845 0.061254676 1.4289223e-05 4.264816e-08 0.021254154 0.00457602 0.015707433 0.0056795725 0.008378915 3.8335025e-07 0.1265333 3.7356253e-07 0.0022445957 0.003790126 2.2560124e-07 0.2422783 4.664609e-07 0.014443363 0.06029258 0.014769157 3.1376283e-07 0.0016812328 3.4354776e-05 0.0011624034 0.021668343 5.57279e-07 1.3990946e-05 4.2423317e-06 0.0002638891 2.815237e-06 0.0024749928 0.00014482811 5.4238926e-06 1.0167549e-09 0.0016789328 0.000100742196 3.282097e-05 0.00031631105 0.006897832 0.028571326 0.00084836566 0.00047439328 0.00013509394 1.5322658e-07 1.0037197e-09 2.951425e-05 3.370977e-07 0.0018853163 9.606501e-05 0.0037567345 0.00017709596 5.2370665e-06 0.00014726492 4.0132768e-08 0.00010661351 1.5626584e-07 7.5735894e-05 2.8533716e-05 0.0025794394 8.921321e-06 9.890312e-07 1.4801367e-06 5.388414e-07 1.7022569e-07 6.1214166e-07 2.7449623e-08 3.129367e-06 1.289098e-07 7.080792e-08 7.485614e-08 4.402893e-07
0.9460978 0.8088104 0.9949524 0.6943461 0.26958105 3.723969e-09 0.22910488 0.044320542 0.44226164 0.099745974 0.24706042 0.012334432 0.05828871 0.96320766 0.008287247 0.01492288 0.019334694 0.032069232 0.94910324 0.6702275 0.00021114752 0.0021304674 0.0051849433 0.011720533 0.041976746 0.7168441 0.009933796 5.248849e-05 0.34829423 7.500896e-05 0.0043580197 0.00070307334 0.00016115948 1.1730679e-05 0.001367868 0.00035542922 0.00019874366 0.0029246416 0.0048520667 3.8053102e-05 0.027271166 2.0014175e-05 0.0005525798 7.694789e-06 1.27906005e-05 0.04079945 1.2930887e-05 0.0045639756 0.0023629759 0.000549274 6.479174e-06 0.00018372863 6.3673338e-06 0.00042122512 0.0010519502 3.7437908e-06 1.0751867e-06 6.097912e-07 1.29743175e-05 5.1915487e-07 0.0004960294 2.012985e-05 3.903803e-05 6.7518364e-08 0.00010253009 2.5840707e-05 3.1402164e-06 3.88154e-05 4.9512888e-05 0.00018089467 0.0001033377 3.3719964e-05 1.3304656e-06 6.055133e-09 3.612719e-10 1.4094674e-06 2.8278527e-07 7.811773e-05 8.9423725e-07 6.7989026e-06 1.4794968e-05 3.390515e-07 1.1255788e-06 2.316327e-08 1.9425133e-07 1.10174465e-08 7.411154e-07 9.847065e-07 4.8217644e-06 5.7667062e-09 1.1673818e-07 4.078733e-06 1.5780972e-09 9.351736e-10 8.33071e-07 4.4348425e-08 2.0068012e-09 1.904838e-09 2.392966e-08 2.8365263e-10 8.9046e-06
0.94902134 0.9406891 0.23247324 0.11170428 0.96873057 0.22910488 5.773956e-14 0.99468964 0.39256346 0.23467083 0.0008684554 8.275818e-05 0.009094095 0.45353526 0.0011514802 0.009075259 0.6668135 0.0069035934 0.0284546 0.05362361 1.412303e-07 0.00054368505 0.16230069 0.014777786 0.028647216 0.6988119 0.0034494847 8.192458e-08 0.31404942 6.302269e-08 0.005296312 0.0452864 1.6239164e-05 2.3355007e-08 0.005352558 0.005266045 0.010303245 0.0035147383 0.00956509 5.1522824e-07 0.059043154 1.0073457e-07 0.004197304 0.005053253 1.11038204e-07 0.05326162 1.1383598e-07 0.009016477 0.045988865 0.010989105 2.7053089e-08 0.00033253126 3.1437718e-05 0.00147847 0.011911833 2.5207404e-08 0.00015969684 2.3539676e-05 0.0010753729 8.4986576e-05 0.0024396712 0.0002898943 1.8326225e-06 5.010603e-09 0.0018695059 0.00025029664 0.000115910785 0.0003714605 0.00874848 0.015226794 0.00025478995 0.0006759652 0.00026751918 6.7003505e-09 1.4382585e-09 4.347429e-05 6.95858e-08 0.00030587276 2.2815437e-05 0.0016732456 0.00017539399 1.898812e-06 0.000461123 8.8435904e-08 0.000108725806 4.5918373e-08 4.4945908e-05 2.2538643e-05 0.001839077 1.6099471e-05 2.9223538e-06 7.500364e-06 3.1976612e-07 4.7427335e-08 2.7856693e-08 1.1972038e-06 3.8835506e-07 1.626486e-07 4.1592796e-09 2.0825601e-07 5.697588e-05
0.95132804 0.4857198 0.06601698 0.052547425 0.95035136 0.044320542 0.99468964 2.1014854e-13 0.3243491 0.16759361 5.6807527e-05 6.5191143e-06 0.0019765135 0.2731139 1.6920394e-05 0.0011161084 0.97643787 0.0008451503 0.0075103818 0.008974356 6.503589e-08 7.309202e-05 0.4525689 0.012920915 0.010962895 0.24188681 0.0011086818 4.200002e-08 0.15902142 9.173381e-09 0.00103965 0.33396417 4.7557617e-07 3.3997654e-09 0.044764496 0.009768867 0.022496507 0.0024065215 0.0053248936 1.8398355e-08 0.049292725 6.500191e-08 0.00046550948 0.08677657 6.124491e-08 0.25605112 3.1529348e-09 0.048648953 0.09194342 0.006311117 9.1194096e-08 0.00095907244 4.439182e-05 0.013484288 0.058614336 1.4890207e-08 5.55605e-06 7.6771784e-07 0.011137431 5.3357617e-06 0.019204086 0.00079568225 1.2266804e-07 1.223996e-09 0.022203783 0.005163196 0.002429854 0.0053536934 0.026421705 0.07861523 0.0041864766 0.0028745458 0.0007383528 1.5077134e-09 1.268673e-09 0.0007361634 7.613941e-09 0.00399492 0.0007134943 0.01057074 0.0018805936 3.866883e-05 0.000678952 7.63928e-09 0.0007572232 2.452723e-09 0.0005023524 0.00038966577 0.02047108 6.746501e-06 1.2486994e-05 9.897441e-06 9.937851e-07 1.0150857e-05 1.1922754e-07 7.6449805e-07 6.4898727e-06 1.3924834e-08 4.471915e-10 4.493395e-07 5.993528e-05
0.8730775 0.56476825 0.26065505 0.011275864 0.7736817 0.44226164 0.39256346 0.3243491 2.680668e-09 0.9981349 0.0017187163 1.2947002e-05 0.016851785 0.94186765 0.0012538598 0.028076848 0.17850947 0.013769297 0.09113938 0.086080946 4.2666533e-09 0.00075896556 0.83954346 0.81604123 0.033855323 0.5151154 0.004941192 3.5299796e-10 0.45652428 1.17726046e-07 0.009166335 0.04253096 0.0005566921 1.0636258e-11 0.19405635 0.14869417 0.19920571 0.0057856324 0.03197781 1.6089625e-06 0.12451151 4.419354e-09 0.0007914283 0.016500441 4.369803e-06 0.009481213 1.7136646e-06 0.14396998 0.008720471 0.0014170244 1.18426335e-07 0.0020390428 0.0016110155 0.0029139176 0.003506216 1.5670862e-07 0.0002232601 0.0002516535 0.03471738 7.260546e-06 0.0022629676 0.0042993305 1.3314557e-06 3.667881e-11 0.000695466 0.00032107168 0.0009768578 0.00055777724 0.0029898875 0.005924442 0.00016850996 0.00016889206 0.0014904793 1.4509657e-10 1.2407133e-12 0.00037916025 8.730654e-10 7.6012235e-05 0.0014710749 0.0005000324 0.00030375159 2.6189791e-06 2.9098741e-05 8.047264e-07 2.4370422e-06 6.772883e-09 3.068032e-06 0.00011000492 0.0020800873 8.7208056e-05 0.00014658128 0.00025637448 0.00010722408 1.50334e-07 1.08448e-05 4.023665e-05 8.7817557e-07 1.8781933e-05 5.1957784e-07 4.6554896e-07 6.2256237e-07
0.98590314 0.16390765 0.027605971 0.0004996246 0.3592584 0.099745974 0.23467083 0.16759361 0.9981349 4.2561918e-13 6.458782e-05 1.5981544e-07 0.00064445107 0.8140135 1.1378714e-05 0.0036986102 0.15120035 0.00040638525 0.015640631 0.010682623 1.3588333e-09 1.3574075e-05 0.9228583 0.68515444 0.026713198 0.85992825 0.0009583904 2.9830258e-10 0.69533235 8.884471e-08 0.0019042145 0.03222183 3.5539957e-05 3.4762915e-11 0.26913556 0.08892659 0.0784863 0.0032259156 0.027905539 3.3852808e-07 0.36378396 1.9572202e-09 4.0524974e-05 0.0097386595 2.9239315e-08 0.010952978 1.1139161e-07 0.42570493 0.0053964243 0.0032261047 3.058164e-08 0.0013314215 0.00012547856 0.0018169361 0.0014200392 8.736172e-09 8.974012e-06 4.969883e-06 0.007594333 6.715679e-07 0.002264048 0.014830837 1.8411976e-08 4.995092e-11 0.0012099389 7.583462e-05 6.828466e-05 7.959339e-05 0.0017678094 0.024980504 0.00011138689 0.0001780044 0.00039072652 1.0421697e-09 3.9007e-12 1.7803419e-05 1.6206286e-09 8.135766e-05 5.7256846e-05 0.00027871845 0.00051620783 2.7052047e-07 1.758017e-05 3.694936e-07 6.009098e-06 6.613895e-09 3.1601253e-06 1.5967988e-05 0.0021679804 1.7091803e-05 4.8637015e-05 4.28681e-05 1.0592359e-05 9.3453934e-07 1.9342951e-06 2.709391e-06 2.4226263e-06 4.1624142e-07 7.4260966e-09 4.3230962e-08 4.2611816e-08
0.4860808 0.015051896 0.47506124 0.89067835 0.0072856974 0.24706042 0.0008684554 5.6807527e-05 0.0017187163 6.458782e-05 8.33199e-14 0.9999953 0.95385194 0.06886848 0.94652146 0.043935597 5.881668e-05 0.19436744 0.6037762 0.27554512 0.7361788 0.51310086 4.0267532e-06 9.810757e-06 0.02258428 0.007821069 0.0098784445 0.010630502 0.009550277 0.009474795 0.001181746 6.7275255e-07 0.008818133 6.0232556e-05 3.061907e-05 3.7685795e-06 8.7689294e-08 0.00011763118 0.0001871418 0.0010794187 0.0011144023 0.0025822183 5.7518528e-06 1.7233182e-07 3.249476e-05 0.0011763342 0.00036193768 0.00012914528 0.00012716536 1.1133952e-06 2.235154e-05 4.4453948e-08 1.6766971e-09 2.0031548e-07 6.203121e-07 1.3769728e-07 9.0945485e-07 6.382652e-07 1.8488048e-07 1.1049854e-08 2.646989e-08 3.9460637e-08 3.8378814e-05 1.2217907e-07 4.800013e-06 4.5017243e-09 1.6803885e-09 9.160442e-09 3.2172713e-07 6.3024044e-07 2.0392565e-06 8.167787e-07 9.243345e-11 8.3100026e-08 2.0626933e-07 3.160351e-10 2.705408e-11 1.4822259e-06 3.7968256e-08 4.3988932e-09 3.0701818e-07 8.8612767e-10 1.3951093e-09 2.928576e-11 4.0176655e-08 6.6123745e-11 6.71467e-08 1.11423635e-08 5.2361372e-08 3.9934964e-10 4.6404365e-09 1.7225673e-07 4.2404782e-10 2.5536364e-09 3.5570706e-09 1.8846373e-08 2.8967468e-09 2.2418922e-10 1.8367314e-09 9.861697e-11 4.24699e-08
0.010555906 0.0013317497 0.027113138 0.37125275 4.027254e-05 0.012334432 8.275818e-05 6.5191143e-06 1.2947002e-05 1.5981544e-07 0.9999953 1.6046087e-14 0.20586836 0.0007621003 0.1013642 0.00044849253 4.6732766e-06 0.00061027217 0.031239303 0.005073803 0.99893486 0.016741961 1.0917392e-08 1.7386615e-08 0.00059189554 0.0003758641 0.00023164401 0.030142436 0.00015140629 0.00069956493 1.690162e-05 7.668482e-08 2.9542693e-05 0.00018969823 1.1697365e-07 6.4396835e-09 3.5738679e-09 1.2945959e-06 2.309727e-06 4.5244888e-05 8.067032e-06 0.00024235486 3.8313095e-07 5.6293725e-09 8.644523e-06 0.00037838056 7.320346e-06 6.558841e-07 2.7092454e-05 7.6938536e-09 1.27105395e-05 6.910715e-11 5.778655e-12 5.854592e-09 5.4301944e-07 1.9095361e-07 2.2538899e-07 1.4695534e-07 3.398508e-09 7.710879e-09 3.982509e-08 2.737096e-10 1.7422128e-05 4.2200686e-08 7.666226e-07 1.9145086e-09 4.5175744e-10 9.544868e-09 1.24126025e-08 2.691853e-09 1.1528317e-06 3.4951718e-08 8.206193e-11 2.226463e-09 1.27675e-08 4.269832e-11 1.0627215e-11 5.382605e-07 1.2073733e-09 1.0730964e-09 6.944724e-08 1.8020031e-09 3.3905034e-10 4.4595792e-11 2.3894755e-09 2.8479854e-11 6.2557617e-09 3.3885914e-09 4.923777e-08 1.7013551e-12 1.2880613e-10 3.6514531e-09 9.704899e-11 7.241194e-11 2.3363225e-10 3.7369804e-10 3.7416792e-11 1.2922595e-10 1.7373471e-10 1.9116815e-12 1.4256655e-08
0.9467304 0.01948704 0.24466917 0.0806233 0.0038579986 0.05828871 0.009094095 0.0019765135 0.016851785 0.00064445107 0.95385194 0.20586836 8.2132985e-08 0.20067261 0.9804657 0.94136125 0.0058238795 0.93448436 0.9477951 0.94054973 0.045434225 0.710999 0.001001163 0.0030847995 0.3666599 0.03053124 0.2037042 0.023747766 0.06782218 0.64329547 0.019408628 0.00076613703 0.055872183 0.022861598 0.00057859527 0.00048063777 0.00023875682 0.003151623 0.00435963 0.12966919 0.009575439 0.013084275 0.0013548585 2.653372e-05 0.0023709533 0.011190931 0.0013987296 0.00092357164 0.001879325 0.0006307125 0.003462048 0.00018912544 1.2134672e-05 0.0001780207 0.0008182972 2.8300976e-05 1.288368e-05 8.004517e-05 3.2210934e-05 3.8922917e-06 0.0003127228 9.195529e-06 0.00038627477 4.2002384e-06 7.893205e-05 6.7021824e-06 2.2432228e-06 7.789548e-06 9.224901e-06 5.5262593e-05 5.6927216e-05 4.0120358e-05 2.7362537e-06 8.38381e-06 6.507145e-06 6.376902e-07 5.4770467e-06 9.8614255e-05 2.416804e-08 3.1430657e-06 2.090235e-05 1.2254573e-07 1.6524453e-06 3.309934e-07 6.3586504e-06 4.151154e-06 3.568009e-06 3.6188815e-06 2.6620177e-07 1.8910946e-07 3.7410107e-06 0.00010320661 2.04348e-07 2.4759675e-08 9.368626e-06 1.0319184e-06 7.742491e-09 5.149473e-07 1.1576213e-05 7.086368e-09 4.2146137e-05
0.98432875 0.40322354 0.4926778 0.113850586 0.69852954 0.96320766 0.45353526 0.2731139 0.94186765 0.8140135 0.06886848 0.0007621003 0.20067261 8.695559e-09 0.0129556 0.3501391 0.42267248 0.072269805 0.9318641 0.83408976 3.4830085e-05 0.016672818 0.29042906 0.7676557 0.4091489 0.9201592 0.06011481 1.7363576e-05 0.86707723 0.00064571865 0.067808725 0.07537683 0.013134615 2.6845467e-07 0.06802532 0.034699347 0.020560766 0.043274246 0.07491491 0.0019785645 0.2791945 4.2008796e-06 0.0032996899 0.010127279 0.0012789705 0.42832068 0.00015105784 0.068798795 0.099481955 0.003350302 1.6428571e-06 0.0037278528 0.003492119 0.02025222 0.014768234 3.0257266e-05 0.00013430558 0.0003656585 0.0071151396 1.8351086e-05 0.0043111816 0.00430102 2.0013103e-05 5.9885394e-09 0.00014266696 0.0009758262 0.00085810066 0.00041226737 0.0014734091 0.0074682026 0.0014934973 7.843477e-05 0.0012822631 2.3719162e-09 5.822903e-11 0.0007223944 6.573841e-08 0.00060639327 0.00057782076 0.00011586458 0.0006625265 2.546835e-06 7.563816e-05 2.7367703e-06 5.2199935e-06 9.66763e-08 3.1145475e-05 0.00021215108 0.00028293298 0.00032804778 0.002373169 0.004915928 7.119989e-05 8.459543e-07 0.0021591906 0.00054799265 1.2911762e-05 5.0290007e-05 1.9860316e-05 1.141156e-06 5.5486817e-07
0.7904919 0.0023455678 0.042564724 0.021926425 0.00022849767 0.008287247 0.0011514802 1.6920394e-05 0.0012538598 1.1378714e-05 0.94652146 0.1013642 0.9804657 0.0129556 8.931913e-11 0.4598908 0.0001468953 0.81225675 0.46656215 0.23191743 0.10356309 0.97474843 4.9630366e-05 0.00013219412 0.25881085 0.0075606434 0.35678944 0.035098504 0.0075155757 0.9734891 0.018095437 1.0866428e-05 0.39326206 0.029800642 9.6841446e-05 9.3985385e-05 2.2692377e-05 0.0017863812 0.0021362954 0.8625687 0.0031980898 0.13009839 0.0020950525 1.8407113e-06 0.04304859 0.00013016065 0.09444689 0.0006725537 6.5558734e-06 0.0009569574 0.1654365 0.00013868602 1.1516444e-05 1.6058352e-06 4.594738e-06 4.8603495e-05 0.00039083604 0.00034782485 3.3099624e-07 7.827093e-06 2.5386547e-07 1.45155755e-05 0.00058858574 0.00043461012 1.3489797e-06 9.864947e-08 6.145668e-09 3.706015e-08 1.0850383e-06 4.7703343e-05 1.7054987e-07 3.0681534e-07 7.2887133e-06 0.00024926875 5.0448478e-05 5.284182e-09 1.4639003e-06 1.6692011e-06 2.921625e-07 2.809678e-07 7.0438425e-08 5.1319606e-09 9.945126e-08 3.2824195e-07 1.2026347e-08 1.5004052e-07 2.027621e-08 1.8507179e-06 9.475233e-07 3.550181e-07 5.8802937e-07 0.00017587002 7.9213316e-07 7.911897e-10 4.3412997e-06 6.2249467e-07 7.49982e-08 1.5699614e-07 4.548914e-06 9.541923e-08 2.3841652e-07
0.9412206 0.0036867335 0.034429144 0.0013664305 0.0053748186 0.01492288 0.009075259 0.0011161084 0.028076848 0.0036986102 0.043935597 0.00044849253 0.94136125 0.3501391 0.4598908 4.059721e-10 0.005708102 0.9974933 0.90430105 0.9587257 2.1888995e-05 0.83276874 0.013677076 0.053202264 0.845486 0.03318758 0.5487907 1.2988877e-05 0.26681077 0.004498676 0.28876615 0.00042174305 0.19122604 2.5247957e-05 0.0068975156 0.002514335 0.0010944842 0.02404618 0.028243586 0.00502855 0.052148998 2.9876142e-05 0.003138597 3.2746906e-05 0.0024049464 0.015256623 0.0010351331 0.0077826027 0.0019509153 0.00080228935 0.0001825175 0.0011315377 0.00028498893 0.00012558584 9.736039e-05 2.399528e-05 0.00034890676 0.001089374 0.00020463459 2.2020273e-05 1.1482315e-05 0.00026559277 4.3028293e-05 5.444859e-07 7.154877e-06 3.3669398e-06 1.4493575e-06 8.162072e-07 4.6850328e-05 0.001117324 1.3399758e-05 8.222927e-07 0.00078794337 1.164438e-08 5.139746e-10 7.186467e-07 4.688029e-10 5.0057674e-06 3.438754e-06 3.4206105e-06 8.016346e-06 6.1083307e-09 3.876056e-06 2.1269834e-07 4.9379855e-07 1.3654774e-08 1.0321255e-07 1.0948224e-06 9.8291985e-06 1.1308122e-06 6.171988e-05 0.0011819901 6.632785e-06 1.5168397e-09 0.00044854044 0.000673025 5.090276e-07 2.6575417e-06 3.9627894e-06 2.3308814e-08 5.7296848e-08
0.9934284 0.1490661 0.0198042 0.0072485125 0.65898836 0.019334694 0.6668135 0.97643787 0.17850947 0.15120035 5.881668e-05 4.6732766e-06 0.0058238795 0.42267248 0.0001468953 0.005708102 7.0875705e-13 0.0010495002 0.018013874 0.03959688 3.2827194e-09 0.00033532988 0.55871177 0.015248243 0.037890173 0.26454285 0.0052216444 2.2814282e-09 0.27355534 1.5933871e-08 0.0012299799 0.96478003 7.4092077e-06 8.5054547e-10 0.0432575 0.011289642 0.055506524 0.0020224291 0.007557122 2.008759e-08 0.08990544 3.4415046e-07 0.0015830944 0.5150555 6.3326496e-07 0.8678484 1.5062433e-07 0.03750062 0.76398903 0.016689379 5.705157e-07 0.00064820546 9.925595e-05 0.32560495 0.65541846 5.1056145e-07 1.3943379e-05 3.4741163e-06 0.14215532 7.557417e-06 0.25225213 0.0007564177 2.0653175e-05 1.2953725e-08 0.04461002 0.07495045 0.059790593 0.06986018 0.07047011 0.14510167 0.07088586 0.015147036 0.0007938155 1.3816233e-08 3.9882592e-10 0.01347121 3.1130615e-08 0.09629904 0.020281672 0.051832236 0.08404624 0.0019676092 0.0066810506 4.521038e-07 0.017820857 6.7900734e-09 0.0052593946 0.010029493 0.084881745 2.175775e-05 2.3250903e-05 8.704002e-06 2.187857e-06 0.0009536948 1.2667569e-07 3.2362024e-07 4.8376896e-05 1.4256635e-07 3.7222836e-10 4.7629248e-05 0.0044750962
0.74368334 0.0033611653 0.05154333 0.002594417 0.003801132 0.032069232 0.0069035934 0.0008451503 0.013769297 0.00040638525 0.19436744 0.00061027217 0.93448436 0.072269805 0.81225675 0.9974933 0.0010495002 8.921723e-09 0.258174 0.41428 7.0766175e-05 0.98746645 0.0022196125 0.008064098 0.5478828 0.006736074 0.2829259 4.7509253e-05 0.023248045 0.027655777 0.13018921 0.0002516991 0.60322887 7.732649e-05 0.00085710443 0.0006921989 0.00042899203 0.009691065 0.008910659 0.049099922 0.014346628 7.646323e-05 0.0051925993 7.8508856e-05 0.018074008 0.0016073055 0.0047361962 0.0019867062 0.001595972 0.00080477557 0.00037505053 0.0006234605 0.00025552945 8.20585e-05 5.91661e-05 0.00015116189 0.0034007065 0.005412536 8.0565944e-05 0.00022509247 8.2300785e-06 0.00035485713 0.0002673052 1.5760881e-05 1.3379039e-06 4.3607106e-06 7.994187e-07 1.1735206e-06 5.8553305e-05 0.0007772603 3.838674e-06 1.3430486e-07 0.0007706106 9.6052126e-08 2.9738056e-10 2.4562166e-08 3.2567133e-09 6.9926546e-06 1.7360114e-07 3.2470075e-07 1.3079513e-06 2.937876e-10 1.8562932e-06 1.7197302e-06 1.1437343e-07 1.5026268e-08 3.4749825e-09 1.2342609e-07 2.8962816e-06 9.87487e-06 0.00010467393 0.0024398866 4.056902e-05 1.1922667e-10 0.0036444631 0.0025958961 1.8002005e-08 2.0865959e-05 7.661995e-05 5.108366e-09 1.6065277e-08
0.98499674 0.12205979 0.68408287 0.3034222 0.057828013 0.94910324 0.0284546 0.0075103818 0.09113938 0.015640631 0.6037762 0.031239303 0.9477951 0.9318641 0.46656215 0.90430105 0.018013874 0.258174 2.7570357e-08 0.98750603 0.0043857475 0.2153377 0.006272789 0.093289725 0.4427777 0.24310298 0.050645232 0.0011632051 0.5154257 0.028469171 0.022028977 0.001414267 0.010411427 0.0001532201 0.0029000256 0.0009457959 0.000669101 0.0055114175 0.013859884 0.0017648076 0.047919177 0.00024162375 0.00049149594 0.00015370263 0.0010182883 0.035536945 0.00030842613 0.0075730155 0.0042604795 0.00065643265 3.459122e-05 0.0003175321 0.00015194787 0.00086397026 0.0019076662 0.0001089682 1.4652349e-05 7.22981e-05 0.00016959013 5.156316e-06 0.00061168196 0.00050341885 0.00015839953 9.766969e-07 8.342596e-05 2.3390416e-05 1.1772167e-05 2.3490877e-05 2.9718143e-05 0.00037656084 0.0002449903 2.4344461e-05 1.0242938e-05 3.6744684e-08 1.7451269e-08 9.591575e-06 2.7183137e-07 7.673922e-05 4.137049e-06 2.8522002e-06 0.00014129626 1.9146248e-06 4.200123e-06 8.269475e-07 2.470698e-06 6.430233e-07 9.995255e-06 3.844229e-07 2.5151635e-07 1.4932343e-06 4.2654658e-05 0.0004385348 1.7247892e-06 1.1956519e-08 0.00010369556 7.052e-05 5.5838494e-09 2.6509426e-06 4.662379e-06 1.4483258e-09 2.863773e-06
0.98513687 0.058430076 0.21436702 0.085089125 0.111368686 0.6702275 0.05362361 0.008974356 0.086080946 0.010682623 0.27554512 0.005073803 0.94054973 0.83408976 0.23191743 0.9587257 0.03959688 0.41428 0.98750603 3.1762821e-09 0.00047805312 0.4894919 0.008519985 0.20550646 0.8456026 0.2694369 0.36736086 0.00017328383 0.64922804 0.015100514 0.17903931 0.0025374615 0.060729973 7.436827e-05 0.0043076244 0.0029088215 0.0006392673 0.04634368 0.06124231 0.0037461303 0.15749325 0.00013855225 0.0021312174 0.0001967325 0.009911695 0.079186626 0.0004298414 0.016610652 0.009139144 0.002352775 0.0002130832 0.003364222 0.0025475896 0.0011971736 0.00049718644 0.00015556262 0.0002875873 0.0006798867 0.0004201363 3.8548023e-05 0.00040263482 0.0044215196 0.00012566814 1.3672008e-05 1.6300359e-05 7.1071636e-06 1.971656e-06 2.4333424e-06 4.094929e-05 0.0020286047 0.00015511582 3.86729e-06 0.00027310997 1.4534926e-07 2.201263e-09 2.5228594e-06 1.5078025e-07 3.6876703e-05 3.1223617e-06 1.3580659e-06 0.00015927508 1.6079953e-07 4.556169e-06 2.1700474e-05 9.200551e-07 1.8203482e-07 4.462647e-07 2.2314748e-06 2.4359895e-06 0.00024177264 0.00068958185 0.004240736 2.307287e-05 7.087143e-08 0.0018292029 0.0005166606 2.8710346e-07 2.4837685e-05 4.94646e-05 9.160883e-08 8.127448e-08
0.00084532576 3.0908907e-07 0.0005811792 0.00038488628 1.3753795e-07 0.00021114752 1.412303e-07 6.503589e-08 4.2666533e-09 1.3588333e-09 0.7361788 0.99893486 0.045434225 3.4830085e-05 0.10356309 2.1888995e-05 3.2827194e-09 7.0766175e-05 0.0043857475 0.00047805312 1.4969739e-16 0.005292288 1.2280954e-09 4.5581242e-10 0.00010566829 3.387235e-05 6.216167e-05 0.9974669 9.442097e-06 0.0049062236 1.201159e-07 6.7715527e-09 3.7599327e-07 0.0007599835 1.0467202e-08 2.6127633e-09 4.6580273e-10 7.805658e-09 1.2478903e-08 3.7280643e-06 6.1024207e-07 9.518443e-05 1.01132876e-07 1.7442973e-09 5.9474612e-08 2.0884643e-06 1.4547912e-08 6.095145e-07 5.7471345e-07 1.8806746e-10 1.03853495e-08 2.7323781e-12 5.778512e-12 6.247698e-10 2.7612342e-07 2.1037785e-10 8.7286764e-09 6.5803363e-09 1.76254e-10 1.1234805e-09 1.7857984e-09 2.1727217e-10 9.1376656e-10 8.249741e-11 1.2308514e-08 5.071511e-10 1.3517472e-10 3.579168e-09 1.4738888e-09 1.5383575e-08 6.474318e-08 2.449119e-09 3.9687323e-11 1.1628737e-11 1.562528e-10 1.9789554e-12 1.2423714e-15 4.986665e-08 9.414387e-11 1.1338598e-11 8.191044e-10 4.284625e-10 1.3881323e-11 1.507709e-11 2.53358e-09 3.594331e-15 9.601009e-10 3.3428746e-11 3.8634967e-10 1.809714e-10 3.6195248e-11 6.7093544e-09 6.4007155e-10 2.1829451e-13 1.1882381e-12 3.391734e-09 4.823569e-13 1.6685674e-10 1.13599054e-10 1.160427e-12 3.4665583e-11
0.9641073 0.00035235225 0.002783496 0.0011223113 0.0001345298 0.0021304674 0.00054368505 7.309202e-05 0.00075896556 1.3574075e-05 0.51310086 0.016741961 0.710999 0.016672818 0.97474843 0.83276874 0.00033532988 0.98746645 0.2153377 0.4894919 0.005292288 1.0199339e-10 3.5964273e-05 0.0011417238 0.7950681 0.0030539266 0.89217806 0.0043244655 0.021602908 0.7401841 0.44077575 1.61369e-05 0.76057255 0.00465462 3.5926874e-05 6.948252e-05 4.320576e-05 0.014243056 0.011356117 0.44291946 0.020015229 0.027115323 0.009444943 6.9301194e-07 0.12061644 0.00031611446 0.024440061 0.00068536884 0.00013864266 0.0014699607 0.05715187 0.0014998997 0.00049399433 7.059957e-06 9.9421595e-06 0.00027907192 0.0054863477 0.0069549857 1.4565835e-06 0.00010461864 1.9047736e-06 0.00032483626 0.0020292257 0.0136496285 1.9169488e-06 1.9197394e-07 5.212392e-08 9.990641e-08 2.5240902e-07 7.782201e-05 2.0856e-06 2.6106815e-07 0.00015181518 0.0007313814 1.3195536e-05 1.4702254e-08 0.000101327554 2.1843775e-06 5.9409166e-09 2.4893351e-08 2.1377757e-07 3.0534473e-09 1.4471667e-06 3.9905295e-05 5.8088794e-08 7.936043e-06 2.7316908e-08 2.656295e-08 1.2206116e-08 7.4103878e-06 9.6950585e-05 0.0015510324 2.0332242e-05 2.1386666e-09 0.0008588363 0.0016511412 7.4146884e-09 2.0104544e-05 0.00047727374 1.5392057e-08 1.1302062e-06
0.9838729 0.07894561 0.015027748 0.00017591062 0.3124096 0.0051849433 0.16230069 0.4525689 0.83954346 0.9228583 4.0267532e-06 1.0917392e-08 0.001001163 0.29042906 4.9630366e-05 0.013677076 0.55871177 0.0022196125 0.006272789 0.008519985 1.2280954e-09 3.5964273e-05 9.7454205e-09 0.92347884 0.014940301 0.15875487 0.00075593055 1.2295762e-10 0.2978834 4.4688138e-09 0.0029533326 0.47294956 9.74045e-05 1.8601926e-11 0.9224289 0.8117448 0.9706702 0.002695729 0.038561974 2.0317894e-07 0.3635602 9.47216e-09 7.488853e-05 0.5982429 1.0300684e-07 0.04445561 1.7724616e-06 0.63025266 0.040809512 0.0035242825 1.3252646e-08 0.0021380074 0.0051785 0.085189626 0.047385585 1.2245297e-07 3.603393e-05 5.6635505e-05 0.38337258 3.6840584e-06 0.060813617 0.09767596 1.9349345e-07 1.784234e-11 0.04024333 0.02504882 0.060206 0.016556477 0.09236104 0.34859937 0.008839655 0.01702047 0.0037685223 6.242389e-09 4.1300647e-11 0.06263556 4.531041e-08 0.0030306291 0.17347908 0.04228104 0.04593999 0.001188591 0.0042492785 9.725832e-07 0.0010281994 2.735789e-08 0.0008223195 0.028681036 0.13599782 0.0023764872 0.0027852643 0.0018547405 0.0011205205 0.0014801917 5.345551e-06 6.760339e-05 0.00039559513 0.00041924612 2.492893e-05 0.00015473671 3.8389906e-05
0.96439785 0.0066277497 0.007425028 3.3213368e-05 0.010948618 0.011720533 0.014777786 0.012920915 0.81604123 0.68515444 9.810757e-06 1.7386615e-08 0.0030847995 0.7676557 0.00013219412 0.053202264 0.015248243 0.008064098 0.093289725 0.20550646 4.5581242e-10 0.0011417238 0.92347884 5.050284e-10 0.59841055 0.9760108 0.020635646 1.82695e-11 0.9800358 6.207982e-08 0.055615626 0.0064793415 0.003537445 3.1319342e-12 0.8207932 0.689822 0.3389428 0.081791356 0.38283762 1.1258526e-06 0.7829738 6.203442e-10 0.001730306 0.00830037 1.4534156e-06 0.0002651833 2.2909815e-06 0.8530779 0.00032600903 0.0060627935 4.642233e-09 0.008614292 0.027976746 0.0014755147 0.00024802407 7.36622e-07 0.00027621206 0.0008584841 0.021747062 0.00023538702 0.0015986424 0.2036048 1.8274426e-06 1.2439412e-11 0.00090560573 0.00022077565 0.00049040717 5.5639797e-05 0.0056964234 0.026207406 3.649765e-05 0.00050073955 0.012217634 9.846078e-11 8.8103454e-14 0.0002504941 3.811333e-10 1.0277214e-05 0.0015283226 0.0013083443 0.000113760725 3.242375e-07 0.001484713 1.1015136e-06 6.7711267e-07 2.9072358e-09 1.6164095e-06 0.00012251694 0.0018325519 0.0009833188 0.003333128 0.009296717 0.001135714 3.65637e-07 7.736525e-06 0.00055596256 1.2208928e-05 6.8692294e-05 1.3134956e-05 3.7458444e-06 9.059024e-09
0.982927 0.0069759367 0.016951658 0.0059463587 0.05376875 0.041976746 0.028647216 0.010962895 0.033855323 0.026713198 0.02258428 0.00059189554 0.3666599 0.4091489 0.25881085 0.845486 0.037890173 0.5478828 0.4427777 0.8456026 0.00010566829 0.7950681 0.014940301 0.59841055 3.0412575e-10 0.06928073 0.9776947 7.552225e-05 0.77172196 0.04975478 0.95846325 0.0039464203 0.79203725 6.705485e-05 0.020493576 0.008643025 0.0027257344 0.7006706 0.7761127 0.038539737 0.6452899 0.0012823341 0.082671165 0.00090027676 0.35252097 0.124781795 0.02037684 0.08018363 0.010550432 0.01008883 0.011566785 0.0065345857 0.004076159 0.003239833 0.0014277374 0.046914868 0.03380768 0.044414897 0.0019091167 0.005414573 0.0008940186 0.0038609856 0.021457553 0.011287252 4.8603056e-06 4.9780392e-05 4.380691e-05 2.5022919e-05 0.00014567575 0.0041680117 0.00071202643 1.8926472e-06 0.0007387836 0.00010168438 1.3409138e-07 3.150678e-05 0.00031956294 0.00013849359 0.00019171316 9.477045e-06 0.00020623072 1.7808572e-06 6.41434e-05 0.0018857209 5.893917e-06 0.00010746926 3.3814072e-06 1.480472e-05 2.0508462e-05 6.1886974e-05 0.0023911628 0.016993636 5.6978653e-05 2.358339e-08 0.014046235 0.0025430976 1.4360157e-06 0.0002334697 0.0007060297 4.8768317e-07 2.1082512e-08
0.9899741 0.31582206 0.13584232 0.0727023 0.8680304 0.7168441 0.6988119 0.24188681 0.5151154 0.85992825 0.007821069 0.0003758641 0.03053124 0.9201592 0.0075606434 0.03318758 0.26454285 0.006736074 0.24310298 0.2694369 3.387235e-05 0.0030539266 0.15875487 0.9760108 0.06928073 1.0785254e-06 0.01058064 2.7343063e-05 0.9065043 0.0005591513 0.0055398676 0.098673604 0.01164165 1.7410295e-06 0.08205215 0.048642423 0.014446849 0.010462398 0.0850528 0.00018683063 0.62830335 3.1561452e-05 0.0023295498 0.028069647 0.0016722246 0.42938653 0.000113930524 0.55170166 0.058221374 0.007974744 8.338726e-06 0.0036690733 0.0033104066 0.090924405 0.03692221 0.0018977333 0.0014020343 0.002396496 0.018115198 0.0005806078 0.025900137 0.035413884 0.00037018897 1.509517e-06 0.00036296705 0.007521406 0.0057040257 0.004458553 0.00065971835 0.0045349435 0.012949121 0.00015086391 0.001354631 1.9053005e-08 1.8532461e-09 0.0028631287 8.1492226e-07 0.0031528692 0.0013270954 0.00010474533 0.008272272 3.577797e-05 0.00017889377 0.00013894816 0.0002771596 2.7820881e-06 0.00021066438 0.00014112564 0.00021154358 0.0006240449 0.0067367717 0.03616062 0.0005074345 3.7633827e-06 0.0027826438 0.009271112 1.2687845e-05 0.00017716066 0.00013139886 1.2594878e-06 2.2820703e-05
0.9763391 0.0005720123 0.0041544116 0.0006389306 0.00584884 0.009933796 0.0034494847 0.0011086818 0.004941192 0.0009583904 0.0098784445 0.00023164401 0.2037042 0.06011481 0.35678944 0.5487907 0.0052216444 0.2829259 0.050645232 0.36736086 6.216167e-05 0.89217806 0.00075593055 0.020635646 0.9776947 0.01058064 4.607649e-11 9.359843e-05 0.06710388 0.16115783 0.9796709 0.00033634919 0.95521003 0.0001378921 0.0013467311 0.00054912944 0.00016095121 0.47444034 0.2865591 0.13572122 0.118311964 0.0048473305 0.23051666 4.584686e-05 0.7242999 0.009168935 0.102891594 0.005258933 0.0027424886 0.015076374 0.06586255 0.008356472 0.0054631764 0.00048779117 0.0001450811 0.0899174 0.033956315 0.057936206 5.410985e-05 0.007856773 4.6159537e-05 0.0036454746 0.100859106 0.069550306 2.3056139e-06 1.2661234e-06 4.542474e-07 9.858633e-07 8.61815e-06 0.0008612263 6.0196377e-05 1.767516e-06 0.00026443147 0.0015068677 1.270851e-06 4.963306e-07 0.0015841245 9.688592e-06 4.7707504e-06 3.400868e-07 1.0414049e-05 3.2967597e-07 8.048758e-06 0.0030946366 2.0442383e-07 0.00038177802 5.5897374e-07 1.92034e-07 5.539352e-08 3.795137e-05 0.0009348933 0.012407764 0.00018239184 8.1475393e-10 0.00902132 0.0058432845 3.8067576e-09 0.00038721363 0.00076546404 1.3177677e-09 4.570676e-07
0.00058728154 1.4592433e-06 7.1458795e-05 0.0008840514 3.9425973e-07 5.248849e-05 8.192458e-08 4.200002e-08 3.5299796e-10 2.9830258e-10 0.010630502 0.030142436 0.023747766 1.7363576e-05 0.035098504 1.2988877e-05 2.2814282e-09 4.7509253e-05 0.0011632051 0.00017328383 0.9974669 0.0043244655 1.2295762e-10 1.82695e-11 7.552225e-05 2.7343063e-05 9.359843e-05 2.700368e-17 4.4362305e-06 0.082999244 5.722237e-08 2.6471103e-08 6.1842953e-09 0.99999994 3.9155252e-09 1.9526292e-10 7.5710965e-11 7.596486e-10 2.431556e-10 1.2502889e-05 8.6788944e-08 0.22192891 2.7662272e-08 1.200608e-09 1.601056e-07 1.0118376e-06 4.29678e-09 6.614075e-08 3.8011297e-08 6.5198374e-11 1.03482606e-07 1.924398e-12 1.0635645e-12 6.8513173e-10 5.063465e-08 6.6821987e-10 2.6134597e-10 1.0354919e-10 3.2469435e-10 4.311769e-10 6.0817316e-09 1.4714997e-11 1.23039845e-08 6.173509e-10 4.0020348e-07 9.470083e-09 1.2763914e-09 3.0205182e-08 2.8912106e-09 3.047367e-09 4.5045934e-07 9.6830535e-09 1.15110574e-10 5.119014e-10 4.5517872e-06 8.0076e-11 8.426885e-16 3.8880508e-08 2.2151987e-10 1.12183755e-10 5.4664557e-09 2.2353637e-10 1.0370725e-11 5.8173718e-12 1.2898744e-08 5.595984e-16 7.701678e-09 2.4558149e-11 1.2593476e-09 7.9873235e-12 3.9639438e-11 1.1172493e-09 1.2163103e-11 2.43126e-13 1.8453643e-11 5.7541344e-10 3.5351623e-13 3.00068e-11 5.860315e-12 4.99643e-13 2.9200231e-09
0.98520833 0.10245566 0.059114218 0.009720008 0.5680615 0.34829423 0.31404942 0.15902142 0.45652428 0.69533235 0.009550277 0.00015140629 0.06782218 0.86707723 0.0075155757 0.26681077 0.27355534 0.023248045 0.5154257 0.64922804 9.442097e-06 0.021602908 0.2978834 0.9800358 0.77172196 0.9065043 0.06710388 4.4362305e-06 6.557127e-07 0.00040454775 0.11772762 0.104261436 0.0511991 1.3699821e-07 0.18188635 0.12078438 0.03803033 0.30878207 0.7160634 0.00053471624 0.9324056 5.24679e-06 0.008187254 0.032808844 0.00601085 0.24910975 0.000274435 0.57214993 0.036004573 0.03637132 1.5563912e-05 0.051754665 0.058249805 0.04869716 0.017294556 0.0022038291 0.00396433 0.007851815 0.031957954 0.0082768295 0.009069973 0.1828053 0.00029686265 1.4348261e-06 0.0005058354 0.0063890284 0.0052955514 0.0030307837 0.0017484131 0.025733903 0.007286646 0.00013595977 0.02281599 1.0825926e-08 5.96497e-11 0.01034623 3.1945427e-07 0.0006965031 0.0045865797 0.00023302906 0.0035774831 3.2417935e-05 0.0007456918 0.0007185539 3.1152547e-05 4.1892517e-07 8.389117e-05 0.0002486716 0.0007207027 0.008709093 0.03408244 0.0842554 0.004720743 6.2717204e-06 0.021141306 0.05493101 6.488508e-05 0.0018848183 0.0004962138 6.613407e-06 1.5657919e-06
0.27696696 6.857571e-07 0.00030240754 0.0001338038 3.8864994e-07 7.500896e-05 6.302269e-08 9.173381e-09 1.17726046e-07 8.884471e-08 0.009474795 0.00069956493 0.64329547 0.00064571865 0.9734891 0.004498676 1.5933871e-08 0.027655777 0.028469171 0.015100514 0.0049062236 0.7401841 4.4688138e-09 6.207982e-08 0.04975478 0.0005591513 0.16115783 0.082999244 0.00040454775 8.685481e-09 0.0047501014 1.08671635e-07 0.020934733 0.049119625 9.1345254e-07 2.9737691e-08 7.419191e-08 0.00020210342 8.371663e-05 0.976481 0.0008152978 0.9976089 0.0026315488 3.675476e-09 0.004832378 5.0325107e-06 0.09786316 0.00011068778 8.150516e-08 0.0001428148 0.06471188 2.8798634e-06 3.7174914e-08 6.7381962e-09 2.5767433e-06 1.86543e-05 2.4827312e-05 3.946311e-05 2.0660037e-08 1.6426402e-05 6.611212e-08 3.385039e-07 0.000534272 0.00027291497 3.435761e-06 1.24138575e-08 3.2928724e-09 7.03419e-08 5.880089e-08 3.1403104e-07 1.0937016e-06 1.8107639e-06 1.2011017e-07 0.0059827864 0.00021279645 3.4914853e-09 1.2944458e-09 1.5951206e-06 5.903325e-07 5.8501527e-08 1.3095658e-07 3.5590134e-08 1.07969935e-08 1.2467674e-08 7.4579525e-08 6.266946e-11 1.7938287e-08 9.8378344e-08 4.5932242e-07 7.2353573e-10 1.7651852e-09 1.4992446e-06 2.2403471e-08 1.2831711e-11 7.851368e-08 4.6566617e-09 7.934264e-10 4.2933742e-08 7.7902975e-08 3.324424e-10 1.0318873e-07
0.9395473 0.001255947 0.0041146763 4.5658056e-05 0.006397845 0.0043580197 0.005296312 0.00103965 0.009166335 0.0019042145 0.001181746 1.690162e-05 0.019408628 0.067808725 0.018095437 0.28876615 0.0012299799 0.13018921 0.022028977 0.17903931 1.201159e-07 0.44077575 0.0029533326 0.055615626 0.95846325 0.0055398676 0.9796709 5.722237e-08 0.11772762 0.0047501014 1.9296127e-09 0.00058706175 0.88539207 9.959876e-08 0.004068966 0.0032237966 0.001726095 0.96664953 0.7765127 0.025142584 0.41567436 1.8934206e-05 0.8913872 0.00022476363 0.24688733 0.0022490432 0.02910408 0.028217468 0.0010014405 0.069767095 0.003703599 0.10227014 0.069020845 0.0002302494 4.140884e-05 0.23012652 0.33913454 0.5840189 0.0006354216 0.23037544 4.1887943e-06 0.04552206 0.0701922 0.007814772 3.1350069e-06 7.725525e-06 3.1241757e-06 1.8308178e-06 0.00020540124 0.0063001304 1.4235064e-05 9.0632756e-07 0.029044202 2.0936643e-05 3.249414e-11 9.41649e-07 0.00065162213 2.4552439e-05 9.109041e-06 1.9557008e-06 2.6898374e-06 5.184481e-08 0.0001820214 0.012612632 1.5545754e-07 0.0007525682 2.2508871e-07 1.4050037e-06 8.392482e-06 0.0019720434 0.011030606 0.07174978 0.0049208556 3.4852379e-09 0.122425005 0.18529132 1.5953464e-07 0.0038783916 0.026272254 2.1110752e-07 4.719317e-08
