8.35572e-10 0.64466923 0.7076801 0.11324103 0.918778 0.90138406 0.2522575 0.7856087 0.7473944 0.20602983 0.92598754 0.9229616 0.9195316 0.04427616 0.9868732 0.95804566 0.030567352 0.9913776 0.9870671 0.8919219 0.0009765807 0.963745 0.67628706 0.97900677 0.04446577 0.5960932 0.95918244 0.89173275 0.00997885 0.9735807 0.9853493 0.8673527 0.98687756 0.96630555 0.9560777 0.9565517 0.98020935 0.99136794 1.1527872e-05 0.9674668 0.98622024 0.9672359 0.9921909 0.9961778 0.9594136 0.9898989 0.98292524 0.9895393 0.937179 0.9624227 0.0005890431 0.99711794 0.9699915 0.00018412908 0.983782 6.043584e-05 0.9923959 0.9716776 0.99825686 0.9932766 0.97591776 0.96623313 0.24579827 0.00064401515 0.963975 0.9815645 0.9996792 0.9852116 0.9879711 0.91889745 0.9875418 0.9337292 0.97712284 0.98610985 0.9896433 0.96496654 0.9932759 0.99800193 0.7133537 0.9929262 0.9327493 0.9528 0.649859 0.98309916 0.9846986 0.95895743 0.94937617 0.7692449 0.92137444 0.9248298 0.4212176 0.9528113 0.8892588 0.4489083 0.99057 0.08110882 0.9616894 0.67261475 0.95235574 0.9553692 0.97579676
0.64466923 1.9505891e-10 0.9604171 0.99191815 0.9437434 0.8910606 0.34892207 0.023449142 0.8528979 0.0624325 0.71396613 0.7208658 0.12737004 0.0022702294 0.16910717 0.031139214 0.0024332255 0.14237851 0.009751973 0.00043564982 0.00096310896 0.0035803216 3.489206e-05 0.013789632 1.15181565e-05 4.1697607e-05 0.015986148 3.1727236e-06 1.8796816e-06 0.009514619 0.003014963 9.173356e-05 0.005603433 0.010622092 0.004454707 0.0008883904 0.0041947546 0.041187637 2.2545657e-12 1.075302e-05 3.5761357e-05 1.330602e-05 0.0010794109 4.9870432e-05 0.0038889046 0.0006316455 0.00067855336 0.00018202921 0.014382897 0.0003419215 4.902839e-09 0.0022977185 1.8555258e-05 3.081432e-12 0.00027037386 6.9038254e-11 6.933766e-06 1.7506973e-05 0.00012922732 3.6778467e-05 4.3823627e-05 1.5026585e-06 5.8477873e-08 7.067394e-08 2.640216e-05 0.00057718524 0.00019538794 9.276873e-06 7.9535685e-06 1.0919793e-05 2.812796e-05 5.504137e-07 3.352181e-07 1.2683748e-06 3.2448884e-06 0.0015050797 2.7496062e-05 2.5431884e-05 1.2858542e-05 3.414249e-06 4.0364095e-05 1.5659374e-07 3.719135e-07 1.2699751e-06 1.1338552e-06 4.1807084e-08 9.7283205e-08 1.4316366e-07 4.5615117e-08 1.6596526e-07 1.0740532e-06 5.7043812e-06 0.00015124494 4.781746e-08 5.839192e-07 0.00022954166 0.0005840051 1.3602421e-06 2.098812e-07 1.8799486e-08 1.8766875e-09
0.7076801 0.9604171 1.47545e-09 0.9553604 0.9865632 0.022615349 0.9371472 0.74975467 0.010644827 0.87617916 0.40559968 0.35945898 0.53770155 0.17372586 0.056225277 0.0040400955 0.047376376 0.44295543 0.00039488557 0.005455453 0.01736473 6.0108323e-05 0.0037045353 0.0010954883 0.0022782283 0.00069849 0.09770524 6.235749e-05 0.00080330484 0.18014622 3.102491e-05 0.0010559888 0.037892245 0.019570451 0.0015823904 0.00010320385 0.005420633 0.0071028005 6.0670993e-07 0.00062407885 3.2452735e-07 0.0003155349 0.0004575278 4.958873e-07 0.00045429665 2.5787112e-05 2.9995419e-05 3.586792e-05 0.008423056 7.808499e-06 0.00011658972 0.0037627853 0.00013140337 1.7182533e-06 0.0003557283 2.3531626e-08 1.3158977e-07 8.366258e-07 1.2378045e-05 0.00019846542 6.581567e-07 1.9499646e-06 0.0022762616 0.00018845208 2.5860305e-07 0.00032528667 0.00013983643 9.623863e-08 8.5373024e-08 9.514251e-07 4.588255e-07 9.865688e-05 9.918473e-08 4.5060474e-08 1.6703531e-07 0.001573439 4.7021356e-05 2.0410494e-05 8.803302e-06 1.4422956e-07 0.00041551725 3.8240216e-08 8.343184e-07 6.5716074e-07 3.0268637e-07 2.9064335e-08 7.033599e-08 2.342743e-07 2.731171e-07 3.767262e-07 4.800459e-07 3.659587e-05 0.0025167882 1.0952225e-06 3.4923e-06 0.0011689668 0.008560972 1.1546891e-06 7.663898e-06 8.454559e-09 1.2861037e-08
0.11324103 0.99191815 0.9553604 1.2892123e-09 0.5190054 0.004051543 0.8629438 0.11583445 0.0021613208 0.9837602 0.040892523 0.031073375 0.039375257 0.14513493 0.006686637 0.000101037105 0.021752652 0.012916419 1.2041847e-05 0.00018432339 0.034284543 8.251305e-06 6.244968e-05 1.7996797e-05 3.9516976e-06 1.3449649e-07 0.0015464975 2.7602258e-07 1.0681211e-05 0.0055760783 1.3932618e-06 2.9042933e-05 0.0012931522 0.0012031236 2.6185558e-05 7.5781e-08 0.00014737675 0.0016663168 2.1525018e-10 4.0945674e-06 2.4491703e-07 8.431044e-06 2.6819748e-07 1.2517623e-07 7.932452e-07 2.056637e-06 5.2190426e-06 5.5219307e-06 4.1212406e-05 2.7649259e-07 4.0206355e-10 0.00040924244 4.2215726e-07 2.0536582e-13 7.479092e-06 1.5818912e-13 1.5494513e-07 2.5261056e-07 9.626933e-07 8.2111765e-06 2.9190016e-07 3.6495242e-09 8.8211385e-07 1.7673464e-07 1.3331092e-07 4.726817e-06 5.832333e-06 4.314743e-08 2.9106928e-07 1.2708831e-07 8.8833865e-08 2.864392e-07 4.827122e-09 6.940554e-08 9.190917e-08 5.70154e-07 1.3089558e-06 9.37237e-06 7.1186236e-07 9.802878e-09 2.7091468e-07 1.1034165e-08 6.2248273e-09 6.422073e-08 1.1581011e-08 1.8108752e-09 3.9799555e-09 9.70876e-09 2.8793057e-10 1.1089317e-08 2.7332838e-09 1.1536405e-07 1.0348054e-05 1.7138852e-08 1.4581164e-08 7.316368e-06 3.5426187e-05 3.6561943e-08 4.335472e-09 1.5191444e-09 1.7642705e-08
0.918778 0.9437434 0.9865632 0.5190054 1.7909209e-10 0.3036365 0.22158432 0.52875215 0.07549312 0.5708489 0.9594223 0.91834444 0.31453848 0.03061254 0.49377742 0.011319748 0.0034472009 0.86851466 0.0014580686 0.0011587354 0.0010249139 0.00037354423 0.00026344755 0.003361114 0.00021488719 0.00017135896 0.24384727 7.192446e-05 0.00013737063 0.15594813 0.00060427404 0.00027375983 0.050574947 0.08991885 0.009280981 0.00088390807 0.019583166 0.106757514 9.0673895e-09 0.0002775376 1.7742637e-05 0.00020767462 0.0004111509 3.0520691e-06 0.000584088 0.00038192054 0.00015881564 0.000344002 0.0045481124 8.847974e-05 4.790793e-06 0.011365532 5.0075465e-05 1.6323467e-08 0.001887098 1.5341314e-09 2.2977817e-06 4.5541533e-06 0.00017095725 0.000679035 5.338179e-06 5.0830745e-06 1.694523e-05 2.0883259e-05 2.358227e-06 3.587517e-05 0.0003022458 3.837151e-06 3.9616614e-07 1.9216373e-05 1.4973984e-06 1.9234763e-05 1.2552674e-07 2.0655448e-06 1.7109399e-07 0.00038972875 1.8832774e-06 6.443911e-05 1.3293121e-05 3.5342482e-06 3.4781428e-05 1.0735984e-08 4.591573e-07 1.5514651e-07 1.9522831e-06 3.1588252e-07 2.1776849e-07 6.649936e-08 2.8873666e-07 7.515446e-07 7.748534e-09 2.4862106e-06 3.818783e-05 1.8352671e-06 9.34354e-07 0.00022427159 3.6309602e-06 7.3719536e-07 1.0167967e-07 3.3141285e-11 5.334601e-10
0.90138406 0.8910606 0.022615349 0.004051543 0.3036365 3.9446822e-14 0.0004328282 7.692915e-05 0.99850386 4.3037482e-05 0.8932181 0.9273207 0.029803548 5.8072595e-07 0.92518806 0.4047788 2.5080115e-07 0.41959187 0.13199039 0.0015042623 6.907985e-06 0.05687947 7.465859e-06 0.14559676 2.3119165e-07 0.001436185 0.06476386 0.0001387813 8.5917826e-08 0.010051233 0.014264478 0.00021813362 0.010852325 0.06604561 0.039603747 0.0024476298 0.017976427 0.6250243 5.197329e-13 0.00036491177 0.0014303232 0.00023190283 0.0019970054 0.00023098529 0.008866275 0.0002939146 0.0005191485 0.01242068 0.017353421 0.0011221437 3.5314025e-09 0.015579929 0.00049228803 1.7264558e-10 0.0044227173 1.1184347e-09 1.7212966e-05 9.6504016e-05 0.0013576413 0.0016550067 9.947675e-05 2.8761213e-05 1.5524509e-07 8.941233e-08 3.989285e-05 8.1234466e-05 0.00363 8.050308e-06 8.594474e-07 0.0001906564 4.1414878e-05 1.36772105e-05 1.8745831e-06 4.1837422e-05 9.153907e-06 0.0017909273 3.1297924e-07 0.00044353533 4.5682605e-06 9.027683e-05 7.535851e-05 2.737727e-07 1.6242949e-06 9.3327554e-07 3.369696e-06 4.799896e-07 3.3853874e-07 8.971261e-07 2.3756746e-07 3.069336e-07 6.691584e-07 5.434849e-06 6.4120766e-05 1.3280027e-06 1.0094073e-07 1.2945749e-06 2.9649073e-05 5.769843e-07 5.1328315e-09 1.4957914e-06 3.0987766e-09
0.2522575 0.34892207 0.9371472 0.8629438 0.22158432 0.0004328282 3.375987e-12 0.9995075 0.00012923643 0.9383724 0.010133829 0.021862106 0.74369794 0.8546804 0.0008694943 5.365265e-06 0.87922865 0.014357003 8.119457e-07 0.0504809 0.015641728 2.6103552e-07 0.08103896 3.0269219e-05 0.13569638 0.007337096 0.026306475 0.00090896245 0.0062659374 0.09336024 2.530855e-06 0.00077581214 0.01955976 0.0025505018 5.2700107e-05 3.226991e-07 0.0011221352 0.00039611594 1.7741577e-08 0.00033843276 1.2737624e-07 0.00026679915 1.6117214e-07 1.3463065e-08 1.09239116e-08 4.6326647e-08 2.1441745e-07 8.913717e-06 8.088717e-06 2.5480555e-09 2.0778447e-05 0.0014686813 5.179122e-05 6.713885e-09 0.00020923877 2.7678302e-09 8.7403507e-10 2.5630147e-09 1.1523716e-05 5.526965e-05 4.9960596e-09 2.1804635e-07 0.00086155935 8.609425e-06 1.3795818e-09 2.2870746e-07 0.0003008832 2.890178e-10 5.998977e-09 1.1202847e-07 2.8505386e-08 2.6568348e-06 7.1229014e-09 5.5196406e-08 1.48557975e-08 3.5026066e-08 2.4081762e-08 9.83292e-06 9.975501e-05 4.8319418e-08 1.5447526e-08 1.2880915e-09 9.639786e-09 4.5000506e-09 4.6147356e-08 6.202061e-09 2.3952536e-08 5.9410155e-10 3.8727116e-10 2.7260977e-10 6.0451857e-09 5.2770965e-11 1.2878716e-07 1.1320135e-09 2.413986e-07 7.221822e-05 1.3237438e-08 7.377123e-09 7.8721285e-10 2.2078643e-09 1.7114235e-10
0.7856087 0.023449142 0.74975467 0.11583445 0.52875215 7.692915e-05 0.9995075 1.2709539e-10 4.6223453e-05 0.4398946 0.025767332 0.037691314 0.9895652 0.15876007 0.007547208 2.8201084e-06 0.20263332 0.36470821 3.9420697e-06 0.5033981 0.00262342 7.083294e-07 0.024587274 9.4796525e-07 0.009273597 0.0148775 0.27822876 0.00078968453 0.0018602905 0.74428266 1.5048485e-06 0.0013229938 0.36867929 0.023097796 0.00053561956 2.2371032e-05 0.005233712 0.0030151985 5.787985e-07 0.0027437992 3.120855e-08 0.0003328568 3.5739123e-07 6.547335e-09 4.3508345e-07 2.9043653e-07 1.0500261e-07 5.2008477e-06 2.9156856e-05 4.147984e-08 0.00019881436 0.0068710577 0.00010179333 1.0072164e-06 0.0012539633 5.822746e-08 1.647187e-08 1.9088068e-08 4.2653332e-06 0.00025099507 1.0394942e-08 8.0127796e-07 0.0011432791 1.2629332e-05 1.3834507e-08 1.1055426e-07 0.00026927073 5.3332094e-09 8.8763147e-10 6.5632776e-07 3.031259e-08 1.5446976e-05 9.951061e-09 5.480981e-08 7.79273e-09 6.2332276e-07 1.9685466e-08 7.2121215e-06 1.4775072e-05 4.9696524e-07 5.2963566e-07 1.0273738e-08 5.3436366e-07 1.1618556e-08 3.43234e-07 4.805151e-08 2.6330508e-08 3.7135653e-08 2.0354064e-07 6.6927512e-09 1.2661887e-08 1.2008696e-08 2.1141903e-05 1.1515368e-07 4.0458104e-08 5.860442e-05 4.7953868e-06 1.1880661e-06 3.7516536e-08 1.221082e-08 1.2543112e-09
0.7473944 0.8528979 0.010644827 0.0021613208 0.07549312 0.99850386 0.00012923643 4.6223453e-05 5.4424857e-13 1.0202381e-05 0.6055038 0.7343052 0.0073883194 3.5066904e-08 0.797296 0.9851197 1.7309213e-07 0.120486125 0.31362444 0.0006409063 1.3700102e-06 0.10963728 3.0939357e-06 0.36108074 1.3664616e-07 0.00014509285 0.0057415254 7.664414e-05 4.349942e-09 0.0024016816 0.019523973 0.00011780125 0.0037352836 0.012226155 0.024604412 0.0018871089 0.0053571975 0.29399222 8.379904e-13 9.564495e-05 0.005877309 9.57406e-05 0.028867166 0.0031650646 0.041324776 0.0064066215 0.004603761 0.0075036846 0.048294265 0.006139424 7.119937e-10 0.004130135 0.000115483126 2.6555954e-12 0.0013921523 1.1442147e-10 0.00040565978 0.0007570448 0.0013410739 0.0011762114 0.00058428716 1.4572944e-05 1.3529228e-07 3.2007257e-08 0.00032964943 0.00028527065 0.0010566638 0.00018697626 6.563096e-05 4.4143042e-05 8.893784e-05 1.5585009e-06 3.4768855e-05 3.445206e-05 1.554743e-05 0.0020686053 4.578571e-06 0.00024791103 1.7372876e-06 1.3563865e-05 8.704943e-05 1.5097999e-07 1.1012809e-07 2.316768e-05 5.3427806e-07 2.577649e-07 5.8755234e-07 1.4280007e-06 1.321067e-07 3.9467186e-06 1.586237e-08 2.3262945e-05 0.0002042279 4.7049213e-07 2.383532e-06 7.942705e-08 7.850106e-05 3.0447688e-06 6.375789e-09 4.0524337e-06 3.578834e-09
0.20602983 0.0624325 0.87617916 0.9837602 0.5708489 4.3037482e-05 0.9383724 0.4398946 1.0202381e-05 6.17526e-11 0.020686628 0.005995246 0.077728525 0.99923265 0.0034180596 1.8496286e-07 0.27124396 0.05201286 3.8647372e-07 0.08425083 0.633745 3.769888e-08 0.002018124 1.8915436e-07 0.00067728583 3.0517884e-05 0.006132622 2.3169832e-06 0.00279493 0.07427664 1.8222755e-08 0.00014685553 0.015250498 0.0010397108 9.59804e-07 8.4167756e-10 9.704484e-05 0.001521738 6.5665986e-06 8.553583e-05 3.3595207e-10 5.0327384e-05 8.353626e-08 1.6317449e-09 7.431172e-08 4.6053188e-08 1.7276444e-07 1.8067155e-08 3.225791e-05 1.8741487e-08 8.151699e-06 1.2097051e-05 1.849631e-08 7.6120825e-09 1.545569e-06 7.3595796e-10 2.3215008e-09 2.5109548e-09 1.6887329e-09 6.0106454e-06 4.6707182e-08 2.019686e-11 1.687358e-05 1.2118383e-06 1.0894781e-08 3.4032676e-06 1.2758591e-08 7.886691e-10 2.237583e-09 3.94612e-10 3.7136485e-09 2.8471754e-06 8.837276e-10 7.7373064e-10 1.2846516e-09 9.2249144e-07 3.75598e-07 1.1152278e-07 4.6784017e-09 2.6817329e-12 2.1169359e-07 3.979177e-11 6.170056e-11 2.7639173e-08 1.2237053e-11 8.851736e-13 1.4383285e-11 2.2725684e-09 1.7485836e-10 1.1238598e-09 3.4049534e-11 3.1381237e-08 2.3124612e-05 1.6307874e-08 7.3581803e-09 4.8199046e-05 1.5914053e-06 9.154556e-09 8.8275215e-10 1.1759313e-10 1.1089015e-09
0.92598754 0.71396613 0.40559968 0.040892523 0.9594223 0.8932181 0.010133829 0.025767332 0.6055038 0.020686628 1.9729347e-10 0.9869617 0.263239 0.00016272285 0.94859266 0.31358385 0.00023869445 0.95109 0.1457717 0.0004192203 4.5086013e-06 0.02578133 6.1841194e-05 0.10338322 3.1826e-06 0.00034999853 0.19725588 7.190978e-05 1.6277926e-07 0.025560448 0.017606564 1.8081902e-05 0.023519928 0.19302359 0.063377224 0.01442683 0.058449708 0.49381822 9.754624e-13 1.1562676e-05 0.0013773545 3.9473284e-06 0.010206757 0.00088233605 0.0077532623 0.006025143 0.0066324854 0.0072719706 0.042188868 0.0033178006 3.5101284e-09 0.021792738 4.3516975e-05 9.073795e-12 0.0015028878 1.1416779e-09 6.9358524e-05 0.00025119455 0.0027181234 0.00011345497 0.00075484486 0.00054132455 4.324166e-07 1.1014553e-07 0.00019526182 0.002616287 0.0013772467 0.00012464442 4.783826e-06 0.0002883975 8.245889e-05 3.2413004e-06 2.6187605e-05 1.9420855e-05 3.4801117e-06 0.004523848 0.00012084927 0.00030834728 0.00013734444 3.8291764e-05 0.00025356992 7.6446304e-07 3.291636e-05 1.5801116e-06 2.6466521e-05 2.7738752e-06 2.121878e-05 1.5993231e-06 6.401393e-08 2.2335601e-07 2.5137558e-07 1.0545551e-05 0.00037728192 6.5211996e-09 1.0794129e-05 6.850421e-05 3.3909517e-05 7.6791075e-08 2.9082134e-06 3.907388e-08 1.0375371e-08
0.9229616 0.7208658 0.35945898 0.031073375 0.91834444 0.9273207 0.021862106 0.037691314 0.7343052 0.005995246 0.9869617 1.4405284e-10 0.5309742 8.8936744e-05 0.9146652 0.35685512 0.0007778755 0.95170426 0.41577142 0.0011996714 5.6867043e-07 0.07488459 9.044408e-05 0.114482515 9.936604e-06 0.001486852 0.5029196 0.00021219518 2.2325578e-08 0.03689084 0.06864472 4.2812782e-05 0.03637671 0.31295446 0.13938056 0.049907897 0.10337499 0.4869345 3.611575e-14 0.00015012821 0.0061709234 2.785392e-05 0.011792653 0.0010587558 0.008843344 0.0071906117 0.00840618 0.01485257 0.044510856 0.00626123 2.2888494e-10 0.041202705 0.00019660701 8.465433e-13 0.003795771 5.906318e-10 7.664779e-05 0.0008330702 0.010866911 0.00023539465 0.0006895533 0.0011669601 1.1246179e-07 7.719404e-08 0.0003489367 0.0016157052 0.0024998116 0.0001577865 2.0576972e-05 0.0019773203 0.00030739864 7.4717213e-06 9.095391e-05 0.00022500986 2.1927104e-05 0.0045933933 0.00012828795 0.00051766256 0.00021355071 0.00043179668 0.00017167088 5.989046e-06 9.902969e-05 9.671301e-06 0.00027326238 3.4000674e-05 0.00019368244 7.574199e-06 4.968051e-07 3.0658616e-06 6.2559474e-07 2.9990271e-05 0.00041676243 9.904327e-09 3.7161644e-05 0.00051930844 0.000108639884 2.7937626e-08 1.4687828e-05 2.9052526e-08 2.6350103e-08
0.9195316 0.12737004 0.53770155 0.039375257 0.31453848 0.029803548 0.74369794 0.9895652 0.0073883194 0.077728525 0.263239 0.5309742 1.4697452e-09 0.023261055 0.031988196 0.003986218 0.13124175 0.7150539 0.0004527217 0.8493563 4.0362054e-05 0.00015755628 0.24091731 0.00018199832 0.014193063 0.62645644 0.94682896 0.101171985 0.0003879651 0.9447837 0.0007847861 0.01253619 0.7514472 0.24139626 0.015541412 0.0027963805 0.08904431 0.024924835 1.9063418e-10 0.01982381 2.497338e-05 0.0045920135 2.4495255e-05 1.8109764e-06 1.45130425e-05 2.6424275e-05 2.796463e-06 0.0006179003 3.8817103e-05 9.25218e-06 8.971009e-06 0.05300256 0.004084276 3.05561e-08 0.022393938 3.758164e-08 1.1739498e-07 1.0255952e-06 0.00074027595 0.003557395 7.557031e-07 0.0026188744 0.005836484 7.794204e-05 6.401787e-07 1.9919923e-06 0.0035277137 3.186674e-07 1.7679264e-07 0.00010039827 4.0644936e-06 0.0002045864 3.2871276e-07 1.2642321e-05 2.2575205e-06 4.07171e-06 1.4128642e-08 0.00022995137 0.0012201701 0.00035372187 8.578637e-07 5.488655e-06 9.5406176e-05 4.397008e-08 0.00015255886 5.463116e-05 3.6746038e-05 7.3806416e-07 1.799495e-06 2.9251714e-07 4.6406954e-06 1.3627864e-07 3.0136889e-07 1.3336661e-07 5.1131286e-07 0.0005122412 2.2804093e-06 8.169836e-07 6.006093e-05 1.1576093e-05 7.6067225e-10
0.04427616 0.0022702294 0.17372586 0.14513493 0.03061254 5.8072595e-07 0.8546804 0.15876007 3.5066904e-08 0.99923265 0.00016272285 8.8936744e-05 0.023261055 1.3473442e-12 2.4000545e-05 2.8640035e-09 0.9945908 0.0019866228 2.3230124e-08 0.15229706 0.6447672 1.0787382e-08 0.06358671 2.4573321e-06 0.12814392 0.00035512392 0.0010512692 7.143836e-05 0.11239723 0.024067534 8.701897e-09 0.0026526614 0.004198023 8.0281774e-05 1.5968731e-09 3.4052913e-11 8.886387e-06 9.289853e-06 1.7480663e-05 2.7960219e-05 8.131859e-10 5.1133524e-05 1.0453317e-06 2.36845e-08 7.338408e-08 1.713229e-07 9.784818e-08 3.3383476e-09 1.0887076e-06 1.545174e-08 0.0001017191 2.4366946e-05 6.548625e-08 6.115842e-08 4.7322317e-07 1.1536625e-09 1.1125905e-08 2.9154876e-09 2.6906877e-09 1.0300463e-06 3.306096e-08 1.7575816e-10 5.3766285e-05 1.3829292e-05 1.0333522e-08 5.63111e-06 4.4310235e-07 8.260836e-09 4.389073e-08 2.8854203e-09 1.2336432e-07 2.8927207e-06 9.5138235e-09 6.643287e-10 1.2786825e-08 1.4471772e-07 4.8206657e-06 3.432075e-07 2.3282077e-07 3.023974e-10 1.8069403e-07 1.3773823e-11 1.0518827e-10 1.3766673e-08 1.1962552e-10 1.5904333e-11 2.5381108e-10 5.2717595e-09 4.7072905e-11 2.7759706e-10 3.687972e-11 2.5003606e-08 4.501042e-07 4.642384e-09 1.4678152e-07 4.6686746e-06 6.500151e-07 1.3735122e-08 1.903487e-09 3.06517e-09 9.850822e-09
0.9868732 0.16910717 0.056225277 0.006686637 0.49377742 0.92518806 0.0008694943 0.007547208 0.797296 0.0034180596 0.94859266 0.9146652 0.031988196 2.4000545e-05 6.5722805e-10 0.85804904 0.00016258123 0.85034716 0.5908661 2.8557346e-05 4.388425e-06 0.14695926 8.575264e-06 0.5014643 2.6887052e-05 3.5733025e-05 0.11087017 2.4015404e-05 2.059732e-06 0.0032274174 0.17144668 1.9759733e-05 0.006861743 0.37258175 0.36042675 0.12322862 0.17787907 0.9464555 1.1379509e-10 2.1553606e-05 0.027312117 1.2959652e-05 0.30391952 0.03620679 0.21361195 0.08115569 0.08846367 0.053489566 0.38037503 0.047085702 1.515909e-08 0.100496136 2.5918967e-05 7.821556e-10 0.006515457 2.181002e-09 0.004279662 0.0067277956 0.026484085 0.00019364347 0.011422667 0.0010244091 1.254992e-07 5.4076903e-08 0.00198429 0.04048663 0.0026950939 0.0027330657 0.0002160828 0.0055689835 0.0011512734 4.005993e-06 0.0009504135 0.00016391545 0.00010491188 0.10658597 0.005380799 0.0010980248 5.8187077e-05 0.0004136282 0.0040035355 4.619514e-06 3.0479898e-05 2.9325933e-05 0.00025376442 3.92683e-05 1.6190637e-05 8.1803155e-05 2.2197692e-06 2.976476e-06 3.7316072e-06 0.0018596138 0.029148564 2.493787e-07 0.00017855798 0.0004489063 0.002606067 9.452994e-07 5.701328e-05 7.726073e-09 1.2427105e-07
0.95804566 0.031139214 0.0040400955 0.000101037105 0.011319748 0.4047788 5.365265e-06 2.8201084e-06 0.9851197 1.8496286e-07 0.31358385 0.35685512 0.003986218 2.8640035e-09 0.85804904 3.7259915e-14 2.392222e-08 0.16114034 0.786631 0.00088111474 7.338589e-08 0.61614406 1.1347162e-06 0.9800322 1.1361998e-08 7.666834e-05 0.025302116 2.9114759e-05 9.382901e-09 0.0020523833 0.051321086 9.39455e-05 0.0041036312 0.054497138 0.110459864 0.0033106557 0.024295753 0.7054484 1.0295683e-13 8.755957e-05 0.04377329 0.00021033215 0.4051945 0.05736005 0.41289517 0.03515149 0.123579755 0.08670793 0.8638559 0.039191674 2.7849003e-11 0.05713269 0.0008626126 3.773614e-12 0.0127282515 3.767594e-12 0.004818152 0.0055719935 0.0038108106 0.0026601297 0.0116736805 3.0027071e-05 2.6903402e-08 3.668719e-08 0.0037701668 0.019389577 0.0042544887 0.0019817643 0.0014248943 0.0003498846 0.0011092952 6.916001e-06 0.00032204014 0.00019442379 0.00225795 0.085014805 0.0013639698 0.006760491 1.8514224e-06 4.8104313e-05 0.0060446165 3.320893e-07 7.877062e-08 0.00041780382 3.4763536e-06 1.1822442e-06 2.4352717e-06 1.0981839e-05 3.7440783e-05 8.313631e-05 3.5249134e-10 0.00086701475 0.021942096 1.2462023e-05 4.8433725e-05 2.1128194e-07 0.0033300556 8.0851265e-07 4.6628007e-10 2.793873e-07 3.565917e-08
0.030567352 0.0024332255 0.047376376 0.021752652 0.0034472009 2.5080115e-07 0.87922865 0.20263332 1.7309213e-07 0.27124396 0.00023869445 0.0007778755 0.13124175 0.9945908 0.00016258123 2.392222e-08 1.007112e-13 0.0015760724 6.667247e-08 0.5370853 0.10670926 1.1351144e-08 0.8206887 3.24852e-08 0.98459244 0.06375851 0.0075694914 0.004164781 0.8932473 0.046822593 2.7208747e-08 0.032506466 0.01593971 0.0011039724 1.6833721e-05 1.3180242e-07 0.0006842739 2.793082e-05 0.00028388164 0.0026258142 5.847874e-09 0.0013208347 1.675691e-08 1.2010593e-09 5.9777356e-08 2.3503086e-09 4.352482e-09 1.5226982e-07 1.1125593e-07 4.5706368e-09 0.0017911801 0.0012691168 0.0003755866 1.973671e-06 0.00046660154 9.922708e-07 4.520861e-09 1.4413398e-09 8.79978e-07 5.7514604e-05 1.0734284e-08 5.7183524e-08 0.0005099019 9.898758e-05 7.503604e-10 4.784711e-08 6.1033465e-05 2.786821e-09 5.2615636e-09 6.0430647e-09 3.138393e-08 6.4973254e-05 1.9292436e-10 1.0921412e-08 2.9278214e-08 3.480218e-08 5.6570135e-09 3.5807168e-06 0.00011133273 3.482768e-08 2.8071412e-09 1.09770895e-08 1.03202655e-08 5.99209e-10 6.3023022e-09 7.30324e-10 2.1634516e-09 3.1758443e-10 3.7872527e-10 9.668133e-11 8.1358856e-08 1.877715e-09 1.3924601e-07 3.7888495e-10 3.6795353e-10 9.560283e-05 4.5025448e-07 1.9376047e-09 1.5688673e-07 1.203123e-07 3.6233466e-10
0.9913776 0.14237851 0.44295543 0.012916419 0.86851466 0.41959187 0.014357003 0.36470821 0.120486125 0.05201286 0.95109 0.95170426 0.7150539 0.0019866228 0.85034716 0.16114034 0.0015760724 1.2215379e-09 0.14673547 0.00737295 1.7919727e-05 0.023963897 0.001189712 0.10599165 0.00074804516 0.002399692 0.79653496 0.0025896302 1.7572946e-05 0.14771943 0.0463111 0.0013066299 0.13185148 0.89182645 0.15199195 0.032882743 0.5608759 0.6141488 2.3717114e-10 0.001034246 0.0052568875 0.00033457667 0.034021996 0.00694555 0.028115105 0.026016185 0.018599829 0.0066518947 0.06495736 0.011620758 5.8622635e-07 0.09933768 0.00061462785 7.367435e-09 0.0057923677 4.532517e-09 0.0010060103 0.0019812514 0.0065149413 0.00046439454 0.003961985 0.0006008348 2.4779698e-05 1.8828597e-07 0.00037274248 0.008035892 0.0015740872 0.001035905 5.1784402e-05 0.0008162517 0.00034376574 0.0007308767 0.0005008475 3.8813403e-05 0.00010789101 0.014674095 0.0011163292 0.00047611402 0.00016854935 7.129277e-05 0.00093423016 1.3133628e-05 1.8334364e-05 1.8176093e-05 5.9028756e-05 2.9139467e-06 5.231496e-06 1.9919707e-05 6.835114e-08 1.0769795e-06 1.619398e-06 0.00020089834 0.0011519454 1.2150676e-07 4.3414133e-05 9.83889e-05 0.0003632159 1.2884707e-06 5.7348784e-06 3.0700573e-08 9.654032e-08
0.9870671 0.009751973 0.00039488557 1.2041847e-05 0.0014580686 0.13199039 8.119457e-07 3.9420697e-06 0.31362444 3.8647372e-07 0.1457717 0.41577142 0.0004527217 2.3230124e-08 0.5908661 0.786631 6.667247e-08 0.14673547 2.0066488e-12 0.00036391505 2.2051719e-08 0.9872259 4.2707285e-07 0.8592972 1.9230551e-08 0.00065240246 0.05937862 0.00035111283 1.486301e-10 0.001042397 0.9364986 2.6633975e-06 0.0015859174 0.14428732 0.5412935 0.19572166 0.09969177 0.67087114 7.4594703e-13 1.8148397e-05 0.24711683 1.3740148e-05 0.31193173 0.42141253 0.3786613 0.11588206 0.22316349 0.39636365 0.3273651 0.2298403 8.571898e-11 0.26611134 0.00025861108 4.1319007e-11 0.028829223 2.5703079e-10 0.028711673 0.10057727 0.027801352 0.00405754 0.08114619 0.00054039847 9.162487e-07 4.6177715e-09 0.0386227 0.10570254 0.014309701 0.008923674 0.0018924642 0.013211725 0.021712031 9.914648e-07 0.0064012166 0.0004707123 0.0009859141 0.08737667 0.008133707 0.020770045 1.8083025e-05 0.00037982184 0.0112479925 8.539034e-07 6.1024007e-06 0.00032437715 0.00014995034 7.948211e-05 3.6028534e-05 0.002386009 5.9161815e-05 0.00019262233 1.6138124e-08 0.012400836 0.0039755595 1.1558364e-05 0.00021200304 2.1642306e-06 0.0019142287 6.3864354e-06 3.9738458e-07 2.8344434e-07 1.0650447e-06
0.8919219 0.00043564982 0.005455453 0.00018432339 0.0011587354 0.0015042623 0.0504809 0.5033981 0.0006409063 0.08425083 0.0004192203 0.0011996714 0.8493563 0.15229706 2.8557346e-05 0.00088111474 0.5370853 0.00737295 0.00036391505 5.0063534e-12 0.00029979734 6.822545e-06 0.9403513 0.0007748546 0.81155646 0.9844208 0.568851 0.8488071 0.025064 0.9740634 0.00016732719 0.26377523 0.93395585 0.012128448 0.00035301218 0.00019914265 0.011667219 0.00039902327 4.4162894e-06 0.31904545 1.6058706e-06 0.05701433 0.00032438582 3.596917e-07 0.00015904891 0.00014145739 1.7364604e-05 6.0297875e-06 0.001030746 5.873817e-06 0.014026938 0.015742196 0.0059606554 0.003554721 0.008156444 0.0013168219 9.285498e-07 1.900865e-06 4.8721184e-05 0.0007757762 1.3498677e-06 0.0014744401 0.50722426 0.0021887056 3.263442e-07 3.1253603e-05 0.00036450953 2.4715993e-07 1.9675928e-08 1.7115283e-06 6.520273e-07 0.0073125316 1.4318182e-07 9.137374e-07 1.1736134e-08 3.4008164e-05 4.7580784e-06 1.1346724e-05 0.006763438 1.2801218e-05 3.929904e-06 2.5814892e-05 5.945253e-05 2.8334311e-08 2.0940975e-05 2.5717795e-06 9.169738e-06 9.555724e-09 6.817913e-08 1.6934106e-08 6.994459e-05 3.4947489e-06 5.383529e-05 7.201911e-07 9.749028e-07 0.00902579 1.9903644e-05 1.10935225e-05 3.3164528e-05 2.4776978e-07 1.8309357e-09
0.0009765807 0.00096310896 0.01736473 0.034284543 0.0010249139 6.907985e-06 0.015641728 0.00262342 1.3700102e-06 0.633745 4.5086013e-06 5.6867043e-07 4.0362054e-05 0.6447672 4.388425e-06 7.338589e-08 0.10670926 1.7919727e-05 2.2051719e-08 0.00029979734 3.8781883e-18 1.9349455e-09 0.00020244524 1.5401206e-06 0.000385681 2.0612125e-09 8.85411e-07 1.6333518e-09 0.9968967 6.413312e-05 1.7794844e-09 9.214438e-06 5.332226e-06 7.7348204e-08 8.234654e-10 3.536407e-11 1.2010484e-08 3.517219e-07 0.9999934 4.684199e-08 8.684835e-09 8.197616e-08 6.913636e-07 5.293405e-08 8.0505075e-08 2.2332436e-08 6.527898e-08 1.5776849e-09 5.102261e-07 2.7637048e-09 6.961561e-06 1.45451935e-08 1.2037839e-09 1.4648685e-11 5.859206e-09 6.7036475e-13 1.953458e-08 3.0238658e-09 2.4224196e-09 3.382891e-08 2.5686e-08 8.303602e-12 2.603969e-08 2.051521e-09 4.2283417e-09 1.5846479e-06 3.9299577e-09 6.493373e-09 2.245227e-09 8.2856216e-10 7.1935574e-07 2.2584095e-08 5.0701565e-10 2.285165e-09 5.5222276e-09 2.558746e-07 2.7697897e-07 2.863097e-09 1.9900679e-07 4.215439e-10 5.792439e-08 9.103394e-10 3.0116474e-12 1.6570027e-08 3.470589e-10 1.2392216e-11 2.7131206e-09 5.4624586e-11 3.017905e-11 2.970717e-13 4.8487074e-12 5.889615e-09 2.0592421e-07 1.7309978e-12 8.634607e-09 1.7034701e-07 1.1188599e-06 9.213834e-13 8.332273e-11 1.0553539e-09 1.5172621e-09
0.963745 0.0035803216 6.0108323e-05 8.251305e-06 0.00037354423 0.05687947 2.6103552e-07 7.083294e-07 0.10963728 3.769888e-08 0.02578133 0.07488459 0.00015755628 1.0787382e-08 0.14695926 0.61614406 1.1351144e-08 0.023963897 0.9872259 6.822545e-06 1.9349455e-09 2.1979181e-10 4.937884e-08 0.8565765 1.4500817e-08 0.00011955096 0.010893558 2.8053833e-05 1.3766836e-11 0.00019267581 0.96469146 5.623004e-07 0.0012632096 0.031766932 0.20117703 0.064687096 0.02626844 0.17471747 1.416995e-13 1.49298885e-05 0.83187026 2.7967992e-06 0.54184985 0.6843918 0.51489383 0.50568223 0.61092407 0.40206817 0.38512346 0.46551827 6.361275e-12 0.07637763 0.00032464485 1.3783441e-11 0.007095123 2.3793632e-11 0.23933691 0.31810734 0.04881377 0.00097008253 0.22354889 0.00087738875 2.972406e-09 2.381595e-09 0.14950323 0.28766698 0.0110512115 0.08924491 0.053595252 0.04673738 0.23227474 1.969688e-08 0.10209841 0.013683697 0.023296172 0.14423259 0.10135267 0.05325252 2.4316141e-06 0.00060355925 0.031081159 6.1080023e-06 3.8860344e-06 0.0069284816 0.00034904954 0.00012432388 5.8325415e-05 0.028089684 0.000416952 0.0014631026 3.8098373e-09 0.05998534 0.010494902 4.230903e-05 0.0044589126 2.1308776e-07 0.01072319 1.0198471e-05 2.7607257e-07 6.811918e-07 7.970345e-05
0.67628706 3.489206e-05 0.0037045353 6.244968e-05 0.00026344755 7.465859e-06 0.08103896 0.024587274 3.0939357e-06 0.002018124 6.1841194e-05 9.044408e-05 0.24091731 0.06358671 8.575264e-06 1.1347162e-06 0.8206887 0.001189712 4.2707285e-07 0.9403513 0.00020244524 4.937884e-08 2.4347835e-12 7.0539604e-06 0.9572212 0.87472767 0.015600372 0.49762678 0.07166426 0.400839 1.0987762e-06 0.98478013 0.29555237 0.0011386871 5.9696977e-06 7.2574755e-07 0.0009735459 0.000527632 3.220175e-07 0.30127817 1.7302513e-07 0.3716217 6.5387644e-06 9.693148e-08 9.0849475e-08 4.833751e-07 8.493463e-09 1.7521111e-06 1.3387832e-06 8.019392e-09 0.009335471 0.0031307882 0.009539823 0.00268213 0.008472724 0.029379608 3.1763672e-09 8.40276e-09 1.2980543e-05 0.014734865 2.1521418e-09 0.00014627267 0.95775634 0.0022756343 1.2137599e-09 1.0508235e-07 0.00091538497 3.7032437e-09 2.6919094e-09 2.8753352e-08 2.9835056e-07 0.012914153 5.897743e-09 8.405986e-08 5.715787e-09 1.4653241e-07 8.832916e-09 1.7704016e-05 0.053580277 1.5129607e-05 2.598867e-07 1.6694376e-05 0.00038309666 2.476854e-09 2.667887e-06 7.8153715e-07 7.408755e-06 1.2169665e-08 1.5362413e-07 3.8704613e-09 0.0005809919 3.0320206e-09 9.373238e-06 1.4642193e-07 1.976514e-07 0.12594648 3.5831405e-07 9.905334e-06 0.00015802037 0.000103558385 1.286387e-10
0.97900677 0.013789632 0.0010954883 1.7996797e-05 0.003361114 0.14559676 3.0269219e-05 9.4796525e-07 0.36108074 1.8915436e-07 0.10338322 0.114482515 0.00018199832 2.4573321e-06 0.5014643 0.9800322 3.24852e-08 0.10599165 0.8592972 0.0007748546 1.5401206e-06 0.8565765 7.0539604e-06 2.675852e-12 4.119757e-08 0.0005663211 0.014478965 2.029394e-05 2.815199e-06 0.0052873665 0.13282329 0.000108753506 0.008323635 0.04990891 0.098762624 0.0037278214 0.02057309 0.76133156 1.0127735e-09 0.00014358736 0.05682586 0.000113347145 0.8086805 0.46418738 0.7341286 0.2788834 0.7151477 0.1466165 0.9343419 0.3118474 8.869604e-08 0.07910854 0.00038436175 2.782386e-09 0.03002303 1.0906299e-08 0.048140746 0.07149021 0.0030216451 0.009965613 0.1704738 2.8147577e-05 3.7267898e-07 2.6691392e-08 0.0406095 0.30111971 0.003759851 0.006939624 0.0036971467 0.0007393376 0.0050491365 7.1372947e-06 0.0009924322 0.00029656355 0.0033525268 0.340851 0.008816914 0.019076072 1.635464e-05 0.00017005268 0.03746989 1.315835e-07 4.6198153e-07 0.0016526063 1.278031e-05 8.694088e-06 2.6518833e-06 0.0002599669 2.3394163e-05 0.0003978643 2.0173934e-09 0.010127684 0.059468217 8.712186e-05 0.00032139395 5.3769816e-07 0.012213744 0.00011853139 1.594074e-08 2.9948726e-06 1.5815439e-06
0.04446577 1.15181565e-05 0.0022782283 3.9516976e-06 0.00021488719 2.3119165e-07 0.13569638 0.009273597 1.3664616e-07 0.00067728583 3.1826e-06 9.936604e-06 0.014193063 0.12814392 2.6887052e-05 1.1361998e-08 0.98459244 0.00074804516 1.9230551e-08 0.81155646 0.000385681 1.4500817e-08 0.9572212 4.119757e-08 8.052162e-09 0.19689207 0.006893978 0.01049197 0.9983611 0.09830649 2.1477047e-09 0.44230548 0.032638144 0.00019279418 9.308654e-06 8.28778e-08 9.827318e-05 3.0496469e-05 1.2674046e-05 0.025514757 1.8693564e-09 0.02881142 4.897955e-07 3.5836137e-10 2.2306862e-07 2.989522e-08 1.5087554e-08 9.8885145e-08 4.3155725e-07 8.260552e-09 0.02457487 0.00085967616 0.0018528533 0.0056260647 0.00053823256 0.00084781076 8.8511465e-09 3.6834487e-09 2.3780999e-07 0.0006478943 6.371692e-09 9.0376965e-08 0.0048828265 0.0015617766 5.1016182e-09 5.359264e-07 7.07004e-05 7.1441e-09 4.016131e-09 1.7967873e-08 7.2029205e-09 0.00053499854 8.9324803e-10 7.2154056e-09 1.0074585e-08 8.034277e-08 3.1355165e-07 1.9232688e-07 0.0011476772 3.5935557e-08 3.8819156e-08 1.18199566e-07 1.9146192e-08 1.6926485e-08 4.3026684e-09 4.6101327e-09 1.7651818e-09 1.3822683e-09 2.697297e-08 5.92784e-10 3.9086416e-07 8.3684405e-08 1.1112014e-06 8.566451e-08 3.4402557e-08 0.0007838418 4.618285e-06 1.08581304e-07 6.5593915e-05 5.3860404e-05 8.301037e-08
0.5960932 4.1697607e-05 0.00069849 1.3449649e-07 0.00017135896 0.001436185 0.007337096 0.0148775 0.00014509285 3.0517884e-05 0.00034999853 0.001486852 0.62645644 0.00035512392 3.5733025e-05 7.666834e-05 0.06375851 0.002399692 0.00065240246 0.9844208 2.0612125e-09 0.00011955096 0.87472767 0.0005663211 0.19689207 7.329412e-12 0.21858856 0.99825954 0.000131522 0.3341959 0.0003971868 0.93092376 0.53343785 0.010232136 0.00039823708 4.8629732e-05 0.011938439 0.0002916179 1.8536568e-12 0.35902262 2.1607957e-05 0.257441 0.00021673641 3.8162507e-06 8.479555e-06 8.9185596e-05 1.3842354e-05 0.00016376092 7.902333e-05 4.316262e-06 8.895107e-05 0.020564763 0.103341326 1.2267236e-05 0.028817361 2.2659398e-05 1.3359728e-07 3.682781e-07 0.000624258 0.0055227056 5.511259e-07 0.00786416 0.19614099 0.00015525035 1.7538252e-07 1.8561577e-05 0.0017952409 6.8142086e-08 2.633327e-08 3.6241712e-05 3.795421e-06 0.05551276 3.0078888e-07 6.2659633e-06 1.6947637e-07 9.491593e-07 2.5838585e-07 0.00024777534 0.079771385 0.00043935003 2.2698003e-07 0.00038746482 0.0020334364 1.6213404e-08 0.00020300571 4.7555353e-05 0.0007889179 8.750029e-09 1.8901281e-07 9.3950824e-08 0.005266419 5.220167e-10 5.423787e-07 9.0804264e-08 3.5074365e-06 0.04729578 8.0193e-09 1.9422976e-06 0.00032599445 0.0012245339 3.0597551e-09
0.95918244 0.015986148 0.09770524 0.0015464975 0.24384727 0.06476386 0.026306475 0.27822876 0.0057415254 0.006132622 0.19725588 0.5029196 0.94682896 0.0010512692 0.11087017 0.025302116 0.0075694914 0.79653496 0.05937862 0.568851 8.85411e-07 0.010893558 0.015600372 0.014478965 0.006893978 0.21858856 2.0371678e-09 0.52123815 6.120562e-06 0.9693294 0.025026932 0.021848075 0.9493155 0.9669077 0.08817256 0.040718418 0.8587839 0.057422306 4.603331e-13 0.11062764 0.002915064 0.023632538 0.005866336 0.0012912748 0.0026988839 0.0071091712 0.0023530195 0.004321516 0.008176454 0.0012317894 2.0688253e-06 0.38850415 0.049012545 1.04303375e-07 0.10149471 3.870707e-08 0.0003201016 0.00023603532 0.018455906 0.0030788744 0.0005786736 0.05344808 0.0013896439 5.2935266e-06 8.3863975e-05 0.001110092 0.0130987745 0.00020149835 4.81201e-05 0.0023053032 0.0003997759 0.0078476 0.00037600088 0.0008643757 0.00022651267 0.0009076029 0.00017729774 0.0010617189 0.0034831367 0.0017905404 0.00014450871 0.0012314887 0.0013269443 4.9944992e-06 0.0015600364 0.000108098546 0.0010365472 5.2245905e-06 3.1310599e-06 1.0661122e-05 0.00030369914 4.3373293e-05 9.430941e-05 8.3862454e-07 0.00012318697 0.0008567997 7.130671e-05 4.750611e-06 0.00014111474 9.514097e-07 3.2537213e-07
0.89173275 3.1727236e-06 6.235749e-05 2.7602258e-07 7.192446e-05 0.0001387813 0.00090896245 0.00078968453 7.664414e-05 2.3169832e-06 7.190978e-05 0.00021219518 0.101171985 7.143836e-05 2.4015404e-05 2.9114759e-05 0.004164781 0.0025896302 0.00035111283 0.8488071 1.6333518e-09 2.8053833e-05 0.49762678 2.029394e-05 0.01049197 0.99825954 0.52123815 1.5344013e-12 1.5295824e-05 0.69069505 0.00025727483 0.94597256 0.87412876 0.04082041 0.0011741851 0.00012567821 0.045222517 0.00042845073 1.0372999e-11 0.9502416 4.3530986e-06 0.80468965 3.0458685e-05 9.6036565e-08 2.6505256e-06 1.6565027e-05 8.872681e-07 7.35776e-05 1.0027966e-05 1.5884441e-06 1.9018722e-05 0.10437604 0.30312324 7.980883e-06 0.2317233 5.765286e-06 5.4753283e-08 1.0410243e-07 0.0003212478 0.020934304 3.601383e-07 0.12889677 0.04459965 8.930323e-05 2.2984807e-08 1.1905e-06 0.0050521013 4.177432e-08 6.372162e-10 3.6810223e-05 6.810489e-07 0.05608451 1.0855501e-07 8.053879e-06 1.2008097e-07 2.776629e-07 4.5011856e-08 0.0003897741 0.06995514 0.0023523802 3.1252693e-08 0.0021438939 0.010832492 4.9613607e-09 0.0005269348 0.00068037485 0.007849363 7.887511e-08 1.4929789e-05 3.5433534e-06 0.009856796 3.1367275e-09 2.3956773e-07 5.3256014e-07 9.023929e-09 0.014159008 1.0691171e-08 7.4322896e-05 0.0030423678 0.020800265 2.4638824e-09
0.00997885 1.8796816e-06 0.00080330484 1.0681211e-05 0.00013737063 8.5917826e-08 0.0062659374 0.0018602905 4.349942e-09 0.00279493 1.6277926e-07 2.2325578e-08 0.0003879651 0.11239723 2.059732e-06 9.382901e-09 0.8932473 1.7572946e-05 1.486301e-10 0.025064 0.9968967 1.3766836e-11 0.07166426 2.815199e-06 0.9983611 0.000131522 6.120562e-06 1.5295824e-05 3.441483e-12 0.0019282058 9.322867e-10 0.0020164927 0.00032543187 3.1939516e-07 2.7882874e-10 1.5354941e-11 2.6209992e-07 3.191758e-06 0.4043494 8.55346e-05 1.4040573e-09 0.0001640659 4.3600102e-07 1.2108858e-07 4.8082686e-08 7.0822064e-09 9.562998e-09 1.7020751e-09 5.7212215e-08 1.0362589e-09 0.10322048 1.875938e-05 7.3718417e-07 0.06057914 6.8888603e-06 4.5653924e-05 2.0977131e-09 1.1507989e-09 3.4454286e-09 4.37264e-05 6.1989986e-09 1.6628422e-10 0.00027312041 3.184019e-05 3.2993854e-09 3.3133656e-06 6.558053e-07 1.320507e-10 9.627777e-11 1.4659628e-09 2.510574e-07 1.4773085e-05 2.0576185e-09 1.2378408e-09 6.4034815e-08 3.9383585e-07 5.02044e-06 5.961388e-07 2.6925698e-05 2.530576e-09 1.8747137e-06 6.7838296e-10 4.9030324e-10 3.8154737e-09 2.7911287e-10 1.1534308e-10 1.940877e-10 1.2990437e-09 5.2370955e-12 9.9213675e-12 6.656417e-09 2.5110037e-08 9.4778176e-07 8.233162e-10 1.69732e-06 7.979129e-05 1.5458354e-05 9.0520574e-10 2.9800317e-08 8.027951e-08 2.6556364e-08
0.9735807 0.009514619 0.18014622 0.0055760783 0.15594813 0.010051233 0.09336024 0.74428266 0.0024016816 0.07427664 0.025560448 0.03689084 0.9447837 0.024067534 0.0032274174 0.0020523833 0.046822593 0.14771943 0.001042397 0.9740634 6.413312e-05 0.00019267581 0.400839 0.0052873665 0.09830649 0.3341959 0.9693294 0.69069505 0.0019282058 2.5743704e-10 0.0017391401 0.2577737 0.9725254 0.4530972 0.0021193137 0.0018600635 0.359731 0.0066596316 4.4587352e-08 0.21436945 3.0786792e-05 0.04998711 0.0013500514 0.00013011498 0.0012554657 0.00085725216 0.000103303995 0.00011292355 0.0028454831 0.00023677276 0.00036462705 0.110082045 0.029702224 7.011824e-05 0.049569733 1.4725234e-05 1.6646252e-05 8.723963e-06 0.0012213442 0.0030637444 8.564875e-06 0.011557319 0.012045885 7.01462e-05 5.938928e-07 0.0001250744 0.0046757134 2.6924747e-05 5.154617e-07 5.5628123e-05 1.826973e-05 0.01369574 1.5091607e-05 5.5811374e-06 4.9021094e-07 0.000462983 3.3794495e-05 0.00014227522 0.005053241 0.0003132598 2.0210717e-05 0.00068805984 0.0012044943 3.109158e-07 0.0002219206 1.4932951e-05 8.3990766e-05 2.3976935e-07 1.2911177e-06 5.227683e-07 0.00011307895 6.8552795e-06 4.9075315e-05 2.306155e-06 4.08225e-06 0.00070959143 1.786153e-05 1.2793639e-05 7.9792124e-05 2.642719e-06 1.255329e-08
0.9853493 0.003014963 3.102491e-05 1.3932618e-06 0.00060427404 0.014264478 2.530855e-06 1.5048485e-06 0.019523973 1.8222755e-08 0.017606564 0.06864472 0.0007847861 8.701897e-09 0.17144668 0.051321086 2.7208747e-08 0.0463111 0.9364986 0.00016732719 1.7794844e-09 0.96469146 1.0987762e-06 0.13282329 2.1477047e-09 0.0003971868 0.025026932 0.00025727483 9.322867e-10 0.0017391401 4.6353602e-12 1.1317955e-05 0.0037643933 0.10104656 0.6172567 0.34728286 0.11479046 0.47100264 2.5855959e-13 0.00016676832 0.96945953 3.3917084e-05 0.05034348 0.4501795 0.06188564 0.12810978 0.07325871 0.8741265 0.008074094 0.16948853 2.636997e-11 0.34551132 0.0009882379 4.1651318e-12 0.037416264 1.955345e-11 0.077342264 0.10971712 0.4637241 0.0044257552 0.09841759 0.005452064 1.5928592e-07 3.2650294e-09 0.081342965 0.008674216 0.11432672 0.06506956 0.018811626 0.2726371 0.23447983 4.6426896e-07 0.07172862 0.04857456 0.07261759 0.023391478 0.007691507 0.1100048 1.0551496e-05 0.004381199 0.00441405 2.5089455e-06 7.5661355e-06 0.0173886 0.0018872636 0.0019389878 0.0007545135 0.056800514 0.0020195853 0.0049872366 3.814666e-09 0.011660923 0.0007707301 0.0001085119 0.0030764353 5.996623e-08 0.0036613096 0.00020522952 5.9554276e-07 3.8524613e-05 0.00016727835
