2.543204e-10 0.9910498 0.9719148 0.997342 0.9865788 0.984978 0.99065435 0.98991174 0.97970223 0.9690369 0.9863519 0.97497416 0.99156874 0.98873734 0.98398364 0.99137366 0.9704834 0.96193135 0.99424267 0.97958064 0.936219 0.92977875 0.9421049 0.96753883 0.99318945 0.78511333 0.9487163 0.9921547 0.98438615 0.9539929 0.96068084 0.99123603 0.98798174 0.95521975 0.99275357 0.9892675 0.87916225 0.99490994 0.97505546 0.99871117 0.9818463 0.9616532 0.960266 0.5324987 0.9542191 0.9348137 0.22714521 0.96620655 0.99680406 0.9831215 0.88603556 0.5938043 0.9997105 0.9985555 0.9921198 0.9908216 0.98070866 0.98007566 0.987738 0.85081565 0.06961378 0.9223698 0.19738224 0.9748121 0.81074136 0.95164007 0.94207454 0.87027043 0.9827191 0.7752776 0.19830245 0.993303 0.94761145 0.95900327 0.9957574 0.886818 0.9839868 0.76732105 0.9055787 0.98833853 0.118708916 0.77934206 0.8371646 0.00369843 0.21455117 0.8214464 0.95681876 0.2895591 0.03500732 0.18689425 0.5042008 0.6022453 0.9337082 0.021475615 0.3407208 0.0025559282 0.1576379 0.8220138 1.7538079e-06 3.691907e-05 0.1334609
0.9910498 3.0073995e-12 0.9790849 0.8219168 0.78296334 0.9223923 0.57019323 0.14511047 0.15425149 0.45807487 0.60657936 0.20318879 0.09701922 0.033409193 0.0201446 0.40729305 0.060983624 0.8424238 0.64617777 0.04829049 0.23314242 0.08097945 0.21004266 0.6478554 0.009182735 0.47470513 0.02523152 0.56404155 0.0013065782 0.12616606 0.40771478 0.04968806 0.004194023 0.6368089 0.4868721 0.27272475 0.0017743503 0.031741485 0.09947469 0.044747986 0.053608797 0.0008618549 0.014270948 0.023836859 0.03289483 0.099928685 8.656175e-05 0.00059731747 0.11802718 0.0010072434 4.4977554e-05 0.00021043707 0.012241539 0.059901685 0.00060821295 0.022429263 0.013395191 5.8975097e-06 0.0010978279 6.454009e-07 6.7955057e-06 0.00032186173 9.745347e-07 0.006436068 0.0002660197 7.5104203e-06 0.00093130226 8.955982e-06 0.00038469397 1.1475512e-06 4.699307e-05 0.00027996494 0.00085167383 1.0701767e-05 0.08492023 8.959339e-06 0.00041193468 5.397579e-07 5.4309814e-05 0.00016596598 4.4174584e-07 1.7081381e-06 0.0024579242 1.3796686e-09 3.6309828e-07 2.3089045e-07 0.00010887617 7.024922e-07 1.1086166e-08 5.9048705e-08 7.852135e-07 1.4926285e-09 2.2757848e-07 1.207017e-08 5.766501e-06 3.4213019e-10 1.9873944e-08 3.085411e-10 1.254813e-10 2.0214173e-10 1.6561938e-08
0.9719148 0.9790849 5.3198434e-15 0.6236837 0.98797286 0.24644114 0.23754092 0.13071634 0.14308202 0.2510328 0.08496219 0.14209941 0.5017801 0.09938054 0.04817974 0.24008088 0.10146754 0.09171987 0.10207928 0.14589013 0.11225211 0.032585926 0.019664027 0.1180667 0.09650638 0.048942216 0.3846612 0.90058863 0.008648614 0.44551718 0.5974588 0.035291757 0.16307074 0.013290188 0.30835274 0.008408225 0.00052991183 0.0024816613 0.068180695 0.51674724 0.06973157 0.025050314 0.019355094 0.011644683 0.0047105905 0.020647628 1.8600704e-05 0.0014649541 0.17528477 0.0028042279 0.0010926748 0.0001466207 0.096304156 0.059050396 0.0017671377 0.007586421 0.037949856 0.001038752 0.002249767 2.5571796e-07 9.405679e-08 0.003889941 1.5493248e-06 0.0008108049 0.0005301853 0.00018143613 0.000649657 1.4546741e-05 0.0025928712 0.000658303 0.00030227753 0.00646319 0.006935479 0.0002280344 0.0014072768 0.00015242361 0.0040981486 3.4518969e-06 0.00033155878 0.0015372704 8.2376474e-08 4.4122586e-05 0.00038708994 1.2855584e-09 9.7829705e-08 2.1002948e-06 0.0009676539 6.317849e-06 1.2411554e-09 5.6489134e-06 0.00019248534 1.3685227e-08 2.9836294e-06 2.604967e-08 1.921528e-06 2.4481134e-10 1.8993753e-06 1.3238339e-09 2.0968411e-09 6.06663e-11 5.2183207e-08
0.997342 0.8219168 0.6236837 2.1488296e-11 0.5590182 0.3953139 0.9303088 0.9032864 0.9146225 0.9013008 0.6044087 0.8435626 0.2862742 0.35979807 0.22650924 0.02823927 0.5314831 0.042412076 0.1814955 0.27904874 0.0012732737 0.0012647478 0.00024978037 0.24699052 0.0387947 0.0026084518 0.01063072 0.44406086 0.012863386 0.007043774 0.0757164 0.009254192 0.0030366075 0.028616084 0.1264125 0.13788123 1.06232565e-05 0.055914257 0.017179543 0.013785582 0.008381813 0.0032700235 0.0019597607 0.00013564105 0.04754776 0.100581385 4.5259603e-07 0.00010930249 0.046747167 0.0005727678 3.0339197e-06 9.2839934e-07 0.0055170995 0.08519936 0.0037620193 0.022692075 0.005315581 4.1858373e-05 0.00016972685 5.6821765e-09 9.861953e-07 0.00012229526 1.3743987e-07 0.010528088 9.4002763e-07 1.4032382e-05 0.003237626 3.8582725e-06 0.0015445157 7.801003e-08 1.4536805e-06 0.00019678127 0.006393121 0.0003246622 0.013664612 7.905879e-06 0.00015931457 7.7129835e-07 0.00021373264 0.0001504669 1.9121913e-09 0.0001201689 0.0079521425 2.8579342e-10 3.6873044e-07 7.4257216e-05 3.4397362e-05 1.5789376e-05 1.3564406e-09 4.1389686e-07 1.8549015e-05 6.013311e-08 8.229462e-07 4.1916453e-09 3.320953e-07 9.5233994e-11 1.2275873e-07 1.391195e-09 6.37778e-10 3.1596156e-10 1.2694295e-07
0.9865788 0.78296334 0.98797286 0.5590182 7.4113373e-09 0.0768683 0.20057283 0.33268237 0.27361882 0.2104281 0.09132294 0.24822949 0.8405899 0.3106801 0.22220209 0.020316353 0.26156804 0.021321226 0.04356082 0.51811165 0.0058780652 0.0010688115 0.0018326051 0.064240634 0.6162318 0.003139276 0.81326264 0.9053189 0.11049018 0.09313361 0.22157124 0.004096396 0.22551405 0.007132522 0.06742246 0.04240277 1.9474623e-05 0.059546035 0.020848796 0.40814123 0.023496896 0.2657271 0.0022395186 0.00034524218 0.026098283 0.022483071 6.463187e-07 6.378909e-05 0.10752268 0.0001472037 7.3517103e-06 5.379726e-07 0.053990483 0.28069177 0.0068161758 0.06381119 0.00816084 0.014650345 0.00016290142 3.37437e-09 7.407381e-09 0.0015400297 8.25339e-08 0.008755953 3.8006042e-06 2.5644968e-05 0.006929338 3.4106658e-06 0.00728503 1.2272391e-06 4.989234e-06 0.002194764 0.031960495 0.001208488 0.009480309 7.633961e-06 0.0023330043 5.7387403e-08 0.0017970984 0.00077578926 3.4991235e-10 0.0004070895 0.003476239 4.0650726e-11 2.1007173e-08 0.00010814609 0.00017663448 1.24226035e-05 1.924001e-09 7.177023e-05 0.00083848706 1.2667648e-06 1.7092383e-06 3.931639e-08 1.0145508e-08 1.0179827e-10 0.00019177861 2.2979012e-07 6.689946e-12 1.23270335e-11 9.132326e-08
0.984978 0.9223923 0.24644114 0.3953139 0.0768683 4.176842e-12 0.27197576 0.033805497 0.04444477 0.22166876 0.62254214 0.109470874 0.013251403 0.005819277 0.010429355 0.5220335 0.02242822 0.97921467 0.85881937 0.0029268248 0.13499661 0.14042896 0.08074983 0.77154946 0.007321139 0.26401788 0.0018774619 0.16859789 0.00325287 0.004531461 0.13783364 0.14604665 0.0015762023 0.9258724 0.7609435 0.2021225 0.00824832 0.02225893 0.08978805 0.003040079 0.023750389 0.00030941895 0.025937282 0.012069511 0.03547907 0.24885826 0.00016270098 0.0061442475 0.07251325 0.008186398 0.00021040959 0.0013936193 0.005384418 0.037891123 0.00025751983 0.006070147 0.022701552 1.8517658e-05 0.005866515 9.815773e-08 2.8792194e-05 3.4557357e-05 1.2832558e-05 0.0038194514 0.0013747679 0.00026464745 0.0034919458 0.00047976605 0.0012327043 2.2367489e-05 1.1193631e-05 0.00013301663 0.00018723035 4.171268e-05 0.083165534 0.00018580201 4.255231e-05 0.00082483905 1.9158568e-05 3.4670684e-05 6.4120854e-08 0.00021928267 0.0037775484 1.0645673e-08 1.2442428e-05 5.044184e-05 1.2908548e-05 7.2414914e-05 1.16512076e-07 1.0236693e-06 1.2062192e-05 1.4787435e-07 6.1533456e-07 3.5050725e-08 0.0010497989 8.902668e-09 2.256714e-07 7.774037e-10 3.023187e-08 1.8425208e-09 7.8777084e-08
0.99065435 0.57019323 0.23754092 0.9303088 0.20057283 0.27197576 2.2975777e-12 0.6088177 0.68790877 0.96919084 0.94653124 0.8764175 0.0414364 0.091889076 0.10686312 0.050329357 0.29218692 0.018803738 0.26373234 0.037197236 0.004634992 0.0040408256 9.582281e-05 0.3681303 0.030961836 0.0020011875 0.0030264729 0.44862607 0.013248636 0.0046556904 0.06946611 0.015159978 0.0013598597 0.11475308 0.1869661 0.34152538 0.00010224974 0.21107258 0.02919941 0.006029276 0.0120910145 0.0015013244 0.004825788 0.0006431025 0.10263179 0.2026418 4.0637008e-07 0.00038309535 0.06379896 0.0019402371 2.241371e-06 2.7787496e-06 0.00377819 0.17683055 0.003666565 0.02856505 0.011483488 3.298829e-05 0.0010843251 1.4500484e-08 3.742932e-07 5.54159e-05 3.444931e-08 0.020931713 6.197321e-05 9.867879e-05 0.00939987 8.2493105e-05 0.0024697206 2.0556151e-06 8.837462e-06 0.00021913736 0.0041319234 0.00056382973 0.08409224 2.9402747e-05 8.3794985e-05 4.8514557e-06 0.0001366267 0.00020444325 3.765976e-09 0.00032636677 0.017381703 4.2959583e-10 1.390865e-07 0.0001321907 2.3997045e-05 8.0533255e-06 1.949373e-10 7.186179e-07 7.636674e-05 5.5896702e-08 2.145721e-07 1.1168769e-08 5.860839e-05 6.896761e-10 3.755921e-08 3.3111747e-09 1.6692485e-10 1.0740132e-10 1.3638565e-07
0.98991174 0.14511047 0.13071634 0.9032864 0.33268237 0.033805497 0.6088177 3.9111674e-12 0.97771394 0.5862971 0.332375 0.9021733 0.29026923 0.65614855 0.662438 0.005108262 0.8780914 0.0013618278 0.04282996 0.35677993 8.691107e-05 0.00011528823 8.247537e-06 0.049947824 0.12753196 0.00017430996 0.011487941 0.3945231 0.11557283 0.0020536256 0.030585853 0.0021186539 0.0041190423 0.019272715 0.03402295 0.15010335 3.7129282e-06 0.36092958 0.007582175 0.013851309 0.0036878497 0.019044157 0.0007119436 4.3013642e-05 0.11719321 0.08362712 1.076057e-07 1.0131572e-05 0.033489503 7.724953e-05 1.0308899e-07 1.2479208e-07 0.007375784 0.19167447 0.01716844 0.087819144 0.0039366633 0.00034459535 0.00016697441 2.0842967e-09 8.185196e-08 6.0196606e-05 6.2156924e-09 0.04463184 1.3956555e-06 4.5234297e-06 0.025913298 2.8645543e-06 0.0028370426 3.4899227e-08 3.3003394e-07 0.00033457793 0.026619595 0.00091242086 0.023766503 2.6819584e-06 0.00012745919 4.3370272e-07 0.0016252658 0.00017256233 2.364865e-09 0.000491563 0.01804904 2.1882388e-10 5.2956263e-08 0.00022621798 6.3923006e-05 1.6420026e-05 7.592242e-10 1.4058602e-06 0.00020406963 4.6098776e-07 4.0383884e-07 1.8506816e-09 1.1426273e-06 3.8781023e-09 7.906712e-07 2.7985838e-08 1.2084539e-09 7.4019957e-10 5.8234672e-08
0.97970223 0.15425149 0.14308202 0.9146225 0.27361882 0.04444477 0.68790877 0.97771394 2.3439237e-10 0.6581596 0.41472355 0.9424122 0.2891232 0.6642037 0.6938647 0.0059604966 0.91883457 0.0023458463 0.06302404 0.31122482 0.00026644903 0.00021135886 2.8890225e-05 0.070356354 0.118923925 0.00026443045 0.008060953 0.29548627 0.10274491 0.0016109847 0.020149615 0.0023999587 0.004802415 0.031635668 0.029741565 0.2545512 3.930792e-06 0.5036076 0.004710336 0.01025609 0.0031751606 0.017142532 0.00056702906 5.7438578e-05 0.15241279 0.09497762 1.1506585e-07 4.7617964e-06 0.026797274 7.3990785e-05 3.2222488e-07 1.233889e-07 0.0051998612 0.11538644 0.02310824 0.10864524 0.0022685844 0.00033259092 0.00010319086 1.2533928e-09 7.087143e-08 4.6449037e-05 1.7791054e-08 0.06415356 9.0896845e-07 1.3833426e-06 0.032545622 2.6016578e-06 0.0022748075 2.825843e-08 1.1858242e-07 0.0002140235 0.029504444 0.00027907244 0.049959663 3.6235958e-06 9.439706e-05 7.640538e-08 0.0021290365 0.0001818864 5.601276e-10 0.00025205172 0.023214204 1.7296102e-10 5.4605365e-09 5.036906e-05 6.8762485e-05 3.1037087e-06 2.0094977e-09 3.8499635e-07 2.5972071e-05 7.049179e-08 3.7481507e-07 6.4136603e-09 6.287984e-07 3.7347454e-09 2.1226448e-07 4.9870646e-08 1.4846783e-09 5.9524374e-10 1.21513875e-08
0.9690369 0.45807487 0.2510328 0.9013008 0.2104281 0.22166876 0.96919084 0.5862971 0.6581596 1.3428582e-14 0.9699128 0.9533214 0.12286859 0.1646987 0.14618447 0.03200067 0.3716693 0.012207678 0.4329726 0.07185341 0.0019047121 0.0017731017 0.00028746034 0.46584457 0.03699208 0.002448956 0.0069064475 0.21388666 0.03530708 0.003900982 0.030239336 0.007016717 0.0051830625 0.124436274 0.07040423 0.36451873 2.321625e-05 0.35207668 0.013201918 0.010005289 0.007056155 0.0095335925 0.0013171153 0.00020509333 0.16069995 0.3201532 2.2791971e-07 9.202271e-05 0.026122997 0.00045043166 2.9423836e-07 1.9596625e-06 0.0053312425 0.07474906 0.02732295 0.065968394 0.004723154 0.0001735418 0.00025261386 1.2645587e-09 4.9551968e-08 6.6782406e-05 1.9393914e-08 0.03497831 4.6274813e-06 7.1681407e-06 0.019559126 7.919153e-06 0.001462825 2.6663568e-07 5.354528e-07 0.00014333383 0.007909919 0.00011665723 0.08346125 6.7745927e-06 3.6779413e-05 2.0952162e-07 0.00025391427 0.00011695375 3.5710948e-09 0.00018093658 0.019660834 8.239807e-10 1.7862447e-09 1.4466804e-05 1.2888375e-05 1.1073919e-06 3.1978117e-10 2.028972e-07 1.0429523e-05 6.856109e-08 4.200218e-08 9.995454e-10 8.7660455e-06 1.4055933e-08 3.7839136e-08 9.308497e-09 1.6118212e-09 2.3247386e-10 3.4203133e-08
0.9863519 0.60657936 0.08496219 0.6044087 0.09132294 0.62254214 0.94653124 0.332375 0.41472355 0.9699128 1.319661e-10 0.7694439 0.016496083 0.047418345 0.05016091 0.050584257 0.16771339 0.05738073 0.7871514 0.014396723 0.0047179656 0.0054243486 0.00017002688 0.7273912 0.014913618 0.0018499189 0.000759136 0.22924519 0.007920891 0.0011145251 0.030450067 0.0134497145 0.00049201795 0.740661 0.13789234 0.877544 8.5914515e-05 0.59413695 0.01726365 0.0016082716 0.0054684463 0.0009929562 0.002090559 0.0005332992 0.35819736 0.48302543 8.745721e-06 7.709623e-05 0.024626004 0.00028312058 3.0083581e-06 6.554136e-06 0.0013115862 0.03302491 0.0038030213 0.12696576 0.004919232 1.2089739e-05 0.00030106085 4.767373e-09 9.478757e-07 1.2330386e-05 2.5579578e-07 0.1244374 6.7883135e-05 1.8199223e-06 0.027919455 6.43779e-06 0.00077365513 6.376197e-07 1.6796733e-06 5.20547e-05 0.0012998488 6.279531e-06 0.45805848 6.042786e-06 4.5995275e-05 1.2651083e-06 0.0001549823 0.00010034562 6.707204e-09 3.1681266e-05 0.050969858 2.5414302e-09 1.03677555e-08 4.684088e-06 2.0102243e-05 1.0756739e-06 2.9991152e-09 1.1721241e-07 6.0062334e-06 7.370723e-09 2.3398204e-07 1.7045458e-07 7.934412e-05 7.1467574e-09 4.6828944e-08 1.0421086e-08 4.7521933e-09 1.1925902e-09 3.2930753e-08
0.97497416 0.20318879 0.14209941 0.8435626 0.24822949 0.109470874 0.8764175 0.9021733 0.9424122 0.9533214 0.7694439 2.308159e-12 0.29824677 0.6395153 0.5196782 0.009599472 0.9368593 0.005512319 0.3120498 0.25094476 0.000779482 0.0010181606 3.0066614e-05 0.31422272 0.09203059 0.00055406423 0.011591371 0.18419756 0.17092426 0.0041252514 0.02000016 0.0033719742 0.009346108 0.069535 0.033379287 0.2057445 2.8253285e-06 0.5706923 0.0066492204 0.01301647 0.0035780137 0.03169759 0.0012860462 4.563734e-05 0.2642574 0.3423576 1.7176822e-07 1.9487126e-05 0.0185015 0.00018552155 5.919268e-07 1.9477454e-06 0.008302966 0.0954124 0.095664196 0.21715368 0.001853981 0.001377434 4.9295726e-05 3.8724238e-10 1.0224633e-06 0.00010728105 6.0312075e-08 0.07936049 5.8579997e-07 1.505836e-06 0.04405078 1.7356664e-06 0.0026685386 1.5565989e-07 7.913539e-07 0.00026262974 0.029287247 0.00014486167 0.0359891 9.457047e-06 0.00021048383 1.8226795e-07 0.0019049437 0.00040120052 2.2080453e-09 0.00026566957 0.0263014 1.2603809e-09 1.082842e-09 3.3787856e-05 0.00012937948 1.409069e-05 2.5370037e-09 8.8989674e-07 2.4418892e-05 3.5468406e-07 4.4221387e-08 3.1209784e-09 2.35757e-06 1.46267904e-08 8.619748e-07 8.146165e-08 3.7435086e-10 1.1662038e-10 7.2955874e-07
0.99156874 0.09701922 0.5017801 0.2862742 0.8405899 0.013251403 0.0414364 0.29026923 0.2891232 0.12286859 0.016496083 0.29824677 4.3926824e-12 0.6821108 0.6142624 0.001718537 0.47306535 0.0014847534 0.013603391 0.97634375 0.0003539893 0.00016155171 3.1206007e-05 0.017788893 0.93970627 0.00027188778 0.6292926 0.45566458 0.7961191 0.014401688 0.041258596 0.0007685739 0.26392376 0.0016594089 0.025838356 0.015078438 1.001354e-06 0.061108693 0.0046289316 0.15939395 0.005202629 0.8362193 0.0007462756 6.748654e-05 0.04255203 0.021421265 4.52862e-07 3.2458305e-05 0.030099893 0.00010540267 5.272708e-06 1.5307185e-06 0.025396628 0.37652764 0.08695009 0.10856736 0.00418786 0.16144261 0.00024525024 2.826294e-09 1.7799954e-07 0.00039299112 1.3643013e-07 0.021942493 2.1401022e-06 4.2763468e-06 0.042256277 8.317627e-07 0.021657811 4.078606e-07 4.9759337e-06 0.00115316 0.31387672 0.0016990028 0.00073306577 3.294817e-05 0.0010273559 4.1545874e-08 0.015536721 0.0006216778 6.4752537e-09 0.0005415737 0.0050421837 5.063675e-09 2.5081977e-07 0.00024255256 0.000461951 0.00031435693 2.0113967e-08 0.00041591888 0.007040717 1.0722208e-05 6.569859e-07 1.40337e-08 2.6345377e-08 4.9731035e-11 0.0025999306 1.6185511e-05 9.165489e-10 9.806345e-11 2.123707e-06
0.98873734 0.033409193 0.09938054 0.35979807 0.3106801 0.005819277 0.091889076 0.65614855 0.6642037 0.1646987 0.047418345 0.6395153 0.6821108 5.1438244e-14 0.9795573 0.00280653 0.9584483 0.000711329 0.023171138 0.90084326 0.000100381796 8.7566004e-05 5.2442188e-06 0.03983013 0.2741738 0.00010070714 0.030859986 0.27341503 0.45627826 0.0018526281 0.015915444 0.0014672036 0.015601094 0.007933334 0.023783583 0.059149463 1.7079703e-06 0.32190052 0.003818561 0.02468151 0.0026151633 0.16867061 0.00035497357 1.119393e-05 0.11021954 0.09689107 2.0430095e-08 1.4850877e-05 0.027470192 2.8887662e-05 4.9508323e-08 4.398082e-08 0.009520932 0.2298243 0.13423108 0.20677634 0.0021059108 0.011506306 0.0001380163 5.7459304e-10 1.7205505e-08 3.6085687e-05 5.3439315e-09 0.050965182 3.8394478e-07 2.9045548e-06 0.058403973 7.0455394e-07 0.007952924 1.1058606e-08 1.3359028e-07 0.00025700484 0.0865716 0.0016409658 0.008455222 2.7001718e-06 0.00013688767 4.877909e-08 0.0051156264 0.00024736454 1.6397445e-09 0.00062137883 0.021657182 2.6304392e-09 9.598761e-09 0.0002779044 7.2180075e-05 4.082903e-05 2.1910453e-10 2.174232e-05 0.0004473622 2.486519e-06 1.3224599e-07 1.7765611e-09 5.188727e-07 5.120843e-09 0.0001019903 5.083736e-07 1.96964e-11 4.1035092e-11 4.1586492e-07
0.98398364 0.0201446 0.04817974 0.22650924 0.22220209 0.010429355 0.10686312 0.662438 0.6938647 0.14618447 0.05016091 0.5196782 0.6142624 0.9795573 5.673205e-11 0.0005684037 0.9607196 0.0004534632 0.02047788 0.8806621 2.5776542e-05 1.6963548e-05 1.9649378e-06 0.02426443 0.36717921 6.412474e-05 0.022419542 0.27766225 0.629931 0.0004578628 0.008334434 0.00022830446 0.0068094386 0.012136843 0.009538627 0.1372089 5.6860966e-07 0.65902746 0.0020687704 0.009402255 0.0012711869 0.19879766 0.00011927923 2.5086608e-06 0.23881817 0.10573591 9.807744e-08 6.493807e-07 0.024913507 1.6596375e-06 3.1320123e-08 4.477868e-08 0.0045393007 0.26530924 0.2065153 0.58974123 0.0011230372 0.014866104 2.4704566e-05 9.0459945e-11 3.993272e-08 2.9965095e-06 2.4238672e-08 0.25783005 8.726101e-08 3.8397864e-08 0.27998087 1.1256135e-07 0.006170926 8.2360835e-10 4.045155e-08 0.00022277897 0.1584379 0.0007522585 0.039120957 6.687431e-07 9.356327e-05 2.954693e-08 0.0081016645 0.00023976239 2.3877307e-09 0.00041862624 0.06870636 1.5635394e-09 4.167705e-09 0.00016696723 8.660016e-05 4.1401494e-05 7.373504e-10 4.2176936e-05 0.0003316404 6.6032567e-07 2.2592838e-08 8.6121177e-10 5.8260315e-07 3.6287082e-09 0.00054506754 1.6016247e-06 2.0373066e-10 2.551501e-11 2.7084275e-06
0.99137366 0.40729305 0.24008088 0.02823927 0.020316353 0.5220335 0.050329357 0.005108262 0.0059604966 0.03200067 0.050584257 0.009599472 0.001718537 0.00280653 0.0005684037 1.3540129e-10 0.0022735465 0.7870044 0.42322746 0.0013774285 0.92603695 0.9469055 0.94190663 0.23379834 2.9038583e-05 0.713676 0.004774262 0.03831626 1.0762727e-05 0.066912524 0.3419225 0.7880446 0.00021619658 0.31258807 0.93581754 0.07400909 0.43263504 0.0066044824 0.37438104 0.016787391 0.11498221 7.59077e-05 0.0945556 0.38661265 0.005226056 0.03779097 0.07490175 0.004889614 0.064121604 0.0035039817 0.03976145 0.028965754 0.0030345554 0.0008898299 0.00021421196 0.010241274 0.003237777 7.2291435e-08 0.00016812874 0.006904752 0.0036861938 0.00072743726 0.00028294756 0.0021568113 0.0001941181 3.6490757e-05 0.00018928223 1.9332618e-05 7.893576e-06 2.9744172e-07 1.0742874e-05 0.0003865091 0.00033469347 1.1851635e-06 0.20203239 6.495498e-07 0.00021051758 4.316699e-06 3.2067232e-06 2.9629682e-05 0.005181036 2.120021e-07 0.00010079333 2.240889e-05 1.237048e-07 4.8179906e-08 1.5483198e-05 5.8073176e-08 2.724896e-05 1.8746071e-07 9.639736e-08 2.0596995e-09 7.6910695e-08 1.4255134e-08 2.0142006e-05 1.8630965e-08 2.9255883e-08 4.1803556e-09 2.24942e-08 5.1966725e-10 2.6505505e-08
0.9704834 0.060983624 0.10146754 0.5314831 0.26156804 0.02242822 0.29218692 0.8780914 0.91883457 0.3716693 0.16771339 0.9368593 0.47306535 0.9584483 0.9607196 0.0022735465 2.6162265e-11 0.0016037532 0.07069722 0.6963204 0.00023721508 0.00014659343 1.7913935e-05 0.080386326 0.24494746 0.00025566545 0.017032389 0.19521342 0.4473246 0.0013565411 0.010316577 0.00061280944 0.009988952 0.021872545 0.011189262 0.16265698 2.721103e-06 0.69102955 0.0016011623 0.011896802 0.0008851692 0.117755055 0.00021694135 3.1026866e-05 0.26621318 0.2114084 4.8808865e-08 9.3981157e-07 0.01376184 4.393927e-06 8.784281e-08 1.7558905e-07 0.00654727 0.097871676 0.24545899 0.36758274 0.00048181677 0.008612908 3.054997e-05 1.8984533e-10 2.770033e-07 2.033738e-05 3.732105e-08 0.15897122 5.420557e-08 3.0041722e-08 0.12527637 1.4334333e-07 0.0040916344 6.228545e-09 4.188826e-08 0.00012192714 0.087259926 0.00017187334 0.037232097 3.9678397e-07 6.751686e-05 3.793836e-08 0.005705296 0.00026926352 5.1193566e-10 0.00026531104 0.05307102 1.231048e-09 5.2297144e-10 3.3293883e-05 9.60968e-05 5.8305363e-06 2.0811732e-10 2.1865471e-06 4.6839203e-05 4.0173305e-07 3.995298e-08 1.3357828e-09 2.582841e-07 1.5110277e-08 6.7602905e-06 1.7856505e-07 4.8046032e-11 2.4187938e-10 5.8738006e-08
0.96193135 0.8424238 0.09171987 0.042412076 0.021321226 0.97921467 0.018803738 0.0013618278 0.0023458463 0.012207678 0.05738073 0.005512319 0.0014847534 0.000711329 0.0004534632 0.7870044 0.0016037532 3.862188e-16 0.3045817 0.00044896177 0.25794992 0.26343194 0.49885756 0.32847774 0.00042479308 0.9882437 0.00029552373 0.0662267 8.9165274e-05 0.002585688 0.089202255 0.13937694 0.00017646427 0.69297373 0.7095243 0.01554764 0.014652489 0.0005353114 0.050244965 0.003802595 0.015537745 2.538513e-06 0.016572647 0.013795912 0.004038362 0.028440826 0.00062937976 0.001664542 0.028410003 0.0016527489 0.002150025 0.003707246 0.00407239 0.001693961 1.8522163e-05 0.00022346097 0.004225734 6.127505e-08 0.0014132693 7.6730906e-08 7.3793644e-06 3.299331e-06 1.1067031e-05 0.0002643551 0.0003808345 2.5462195e-05 2.5913903e-05 0.00012960722 0.000103467755 5.1482278e-08 2.455212e-06 1.1014059e-05 3.1816484e-07 1.2603011e-06 0.042764135 7.977676e-05 3.9165147e-07 8.4686166e-05 2.2440454e-09 4.789507e-07 5.5480225e-08 1.50790775e-05 0.00014528725 1.0013332e-09 1.193497e-07 1.7934703e-07 2.850967e-07 3.6027863e-08 6.179771e-08 1.50493e-08 7.189291e-09 1.508746e-09 1.3787347e-09 1.4641459e-10 2.1312719e-05 9.0863944e-10 7.402871e-10 2.101206e-12 2.256207e-10 1.2100811e-11 1.3952894e-10
0.99424267 0.64617777 0.10207928 0.1814955 0.04356082 0.85881937 0.26373234 0.04282996 0.06302404 0.4329726 0.7871514 0.3120498 0.013603391 0.023171138 0.02047788 0.42322746 0.07069722 0.3045817 2.805048e-13 0.005250329 0.026880268 0.032471664 0.0013981481 0.9817973 0.006307489 0.025301067 0.0010568049 0.22493385 0.002048692 0.003279582 0.079960935 0.07671285 0.00064471754 0.90039045 0.519787 0.62626904 0.0015699166 0.16517173 0.060503017 0.0039559724 0.020984733 0.00031633247 0.012729824 0.0018037314 0.28211978 0.7678467 7.7036475e-07 0.0025674724 0.06367765 0.0037098508 1.1093628e-05 0.0004464439 0.004927338 0.0526716 0.002465734 0.024481641 0.017777149 3.3355811e-06 0.008575857 3.8271374e-08 6.8124444e-07 2.878388e-05 1.3755335e-06 0.035696212 0.00051090855 0.0003655215 0.025189932 0.00022953225 0.0014532079 6.781169e-07 4.24595e-06 6.628539e-05 0.00034943456 0.00040315549 0.39040157 0.000113510054 6.713281e-06 5.171669e-05 6.9855428e-06 2.4923223e-05 1.1252982e-07 0.00018602808 0.061302584 7.631245e-08 2.2884942e-06 9.771963e-05 1.1334639e-06 2.5434892e-05 1.1076887e-08 4.991628e-06 1.401211e-05 9.821242e-08 2.9224482e-08 6.4053685e-10 0.00031944897 2.2368244e-08 2.9770035e-08 8.085364e-11 1.8710509e-09 7.6767864e-10 2.216579e-06
0.97958064 0.04829049 0.14589013 0.27904874 0.51811165 0.0029268248 0.037197236 0.35677993 0.31122482 0.07185341 0.014396723 0.25094476 0.97634375 0.90084326 0.8806621 0.0013774285 0.6963204 0.00044896177 0.005250329 2.3264884e-12 0.0001275887 6.482583e-05 1.6277545e-06 0.014817046 0.8038381 9.923683e-05 0.15552631 0.2760178 0.96565026 0.0063879807 0.026135284 0.0017329591 0.10625289 0.0019506178 0.013386316 0.002803618 1.6768435e-06 0.064401805 0.0042165676 0.06340553 0.0044386834 0.735329 0.0011597984 1.8362456e-06 0.033718545 0.023138456 4.693077e-09 4.662172e-05 0.01844044 0.0002960868 1.691603e-06 1.2310229e-06 0.018223532 0.4087211 0.15370059 0.108537816 0.004410225 0.26856712 0.00011313472 5.2748345e-10 3.2394677e-08 0.0002732431 4.8699132e-08 0.017969923 3.1684663e-06 5.084485e-06 0.042074405 6.5577586e-07 0.023584722 6.727467e-07 5.4671864e-07 0.0012701417 0.2527824 0.0034849762 0.00055398577 7.920679e-06 0.0005147983 3.789865e-08 0.03045306 0.0005539086 1.0415085e-08 0.0018710996 0.0035901323 8.64914e-10 4.4814206e-09 0.00073815114 0.00030103128 0.0005697032 1.5346671e-09 0.0006017156 0.0025230928 8.708954e-05 2.0775454e-07 3.2625265e-09 1.6220913e-07 3.1256056e-10 0.0048371227 7.281283e-05 1.13547276e-10 3.895877e-11 2.0621881e-05
0.936219 0.23314242 0.11225211 0.0012732737 0.0058780652 0.13499661 0.004634992 8.691107e-05 0.00026644903 0.0019047121 0.0047179656 0.000779482 0.0003539893 0.000100381796 2.5776542e-05 0.92603695 0.00023721508 0.25794992 0.026880268 0.0001275887 1.5134663e-10 0.9850122 0.87735254 0.021930661 5.437462e-06 0.507876 0.0016295019 0.014715114 2.2982729e-06 0.030316915 0.13860388 0.96397114 0.0003532597 0.03341616 0.58613265 0.0010570674 0.9261722 0.00014341027 0.34719223 0.009521577 0.07017967 3.246354e-05 0.34040022 0.9069558 0.00037787462 0.001973177 0.2288126 0.038642935 0.031189911 0.023890236 0.4718968 0.21741335 0.0035613682 0.00077160157 6.8245594e-05 0.00024502908 0.0037140315 4.2357453e-08 0.00021400697 0.057028648 0.008659013 0.0012179043 0.009186558 0.00033836174 0.008520878 0.00030632873 1.0218691e-05 4.5714172e-05 3.3412193e-06 4.6338937e-06 0.00075440225 0.0004805427 1.620562e-05 1.9476954e-06 0.013721233 3.1096268e-05 0.00022765635 2.0061163e-05 4.6195467e-07 3.2514476e-05 0.009823914 3.9584872e-08 3.9194315e-06 4.5206456e-05 5.7778817e-07 7.625756e-09 0.0003519845 2.9110534e-09 5.968994e-05 3.3048184e-07 2.2110844e-07 2.5264033e-10 1.848491e-07 1.6823225e-07 0.00010208742 3.9492316e-09 3.6092704e-09 2.8711767e-11 7.757248e-08 3.9441613e-11 1.6309897e-08
0.92977875 0.08097945 0.032585926 0.0012647478 0.0010688115 0.14042896 0.0040408256 0.00011528823 0.00021135886 0.0017731017 0.0054243486 0.0010181606 0.00016155171 8.7566004e-05 1.6963548e-05 0.9469055 0.00014659343 0.26343194 0.032471664 6.482583e-05 0.9850122 2.8175678e-10 0.87001735 0.015168986 9.3941736e-07 0.43937498 0.00017899343 0.006684711 3.6702747e-07 0.011537144 0.07975296 0.95219415 4.000959e-05 0.03944016 0.5328245 0.0020796221 0.95922554 0.0002519945 0.26677063 0.0026054396 0.04160781 9.298344e-06 0.15089074 0.90331835 0.00067009206 0.0012301822 0.21950762 0.033258855 0.017356394 0.025383964 0.22204606 0.28597453 0.0014893229 0.00025794382 8.299443e-05 0.00095092715 0.001447866 2.4174955e-08 8.9863315e-05 0.063667424 0.023106944 0.0005146781 0.0047208234 0.00029555304 0.0019360497 5.6491586e-05 4.9969244e-06 1.40683205e-05 7.7330617e-07 1.9833483e-06 0.0001557865 3.5741716e-05 1.0250784e-05 1.2922787e-07 0.025444059 3.5011738e-06 1.8172715e-05 1.1732324e-05 2.8568297e-07 1.1586823e-06 0.022872942 1.6129816e-08 1.2149743e-06 4.9787606e-05 4.4145776e-07 2.7835168e-09 3.9284558e-05 2.7452223e-09 9.9857236e-05 1.4537837e-07 6.71663e-08 2.8329042e-10 5.3235847e-09 8.402456e-09 3.8279606e-05 4.929356e-09 2.8990736e-09 8.359064e-11 7.6440216e-08 3.511861e-10 2.628996e-08
0.9421049 0.21004266 0.019664027 0.00024978037 0.0018326051 0.08074983 9.582281e-05 8.247537e-06 2.8890225e-05 0.00028746034 0.00017002688 3.0066614e-05 3.1206007e-05 5.2442188e-06 1.9649378e-06 0.94190663 1.7913935e-05 0.49885756 0.0013981481 1.6277545e-06 0.87735254 0.87001735 6.331705e-15 0.008129124 1.8633577e-06 0.99719715 8.55519e-05 0.020805124 8.583478e-08 0.0015642585 0.056100395 0.46233517 5.3181408e-05 0.0108262235 0.72872686 1.2751274e-05 0.14650348 2.2980282e-07 0.095878966 0.0014776615 0.017223105 1.7109072e-07 0.05187654 0.8531961 2.6754558e-05 0.00019164992 0.12427718 0.0053611584 0.01673011 0.0076344283 0.035618134 0.013251701 0.0046746205 0.00053682417 2.5620972e-08 4.786434e-07 0.004054369 3.031548e-08 0.0004459973 0.00010449878 0.00030566717 3.0155035e-05 0.0009181264 2.1775948e-06 0.0016536523 0.00011280591 1.7852495e-06 2.5040059e-05 5.1284655e-06 1.42872605e-05 0.00029988599 0.00020212597 3.3947906e-08 2.1262088e-07 0.001087421 7.824127e-05 5.5401024e-06 0.00014362692 3.2175382e-07 1.9992378e-06 0.00012803996 3.9444288e-07 1.193833e-05 3.1334196e-06 7.972682e-06 4.0300816e-09 2.9131268e-06 7.1611396e-07 3.1688712e-06 5.9426025e-06 1.013666e-06 1.1143569e-09 5.997962e-08 1.596685e-08 0.00012359071 3.3860715e-07 2.7690305e-08 2.0394672e-11 8.641634e-07 2.2356708e-10 6.637835e-08
0.96753883 0.6478554 0.1180667 0.24699052 0.064240634 0.77154946 0.3681303 0.049947824 0.070356354 0.46584457 0.7273912 0.31422272 0.017788893 0.03983013 0.02426443 0.23379834 0.080386326 0.32847774 0.9817973 0.014817046 0.021930661 0.015168986 0.008129124 3.4804145e-13 0.005867791 0.030491877 0.0019272792 0.10519863 0.007656104 0.0034663542 0.055007316 0.038886476 0.0012730224 0.98550296 0.3367455 0.64314085 0.00048523207 0.2978026 0.04136313 0.0058227074 0.013321766 0.00034752444 0.005011519 0.0031069175 0.28233963 0.75269186 2.7369177e-05 0.0014173076 0.024946537 0.0036051564 2.2430613e-05 0.0004216037 0.004283784 0.0154082 0.017480997 0.06521931 0.01405083 1.2765967e-06 0.0022908757 9.665847e-07 5.2464443e-06 4.1692718e-05 1.7583646e-06 0.06076562 0.00019378628 0.0004350223 0.03429357 0.0001672487 0.001388921 2.7391777e-06 4.3333125e-06 0.00012501143 0.00068496045 7.389756e-05 0.3199945 7.2922834e-05 5.918413e-06 4.953187e-05 5.2098007e-05 3.424957e-05 2.925912e-06 0.00012782401 0.07367868 9.12155e-08 4.871363e-08 1.6268445e-05 2.1411515e-06 1.180748e-06 2.1580249e-08 3.7431246e-07 6.0245966e-06 2.7593467e-07 5.8229347e-08 1.0228865e-08 0.00047952068 6.6340783e-07 4.876404e-07 2.5657145e-09 2.9753009e-08 2.63866e-09 7.2656235e-08
0.99318945 0.009182735 0.09650638 0.0387947 0.6162318 0.007321139 0.030961836 0.12753196 0.118923925 0.03699208 0.014913618 0.09203059 0.93970627 0.2741738 0.36717921 2.9038583e-05 0.24494746 0.00042479308 0.006307489 0.8038381 5.437462e-06 9.3941736e-07 1.8633577e-06 0.005867791 1.3840267e-11 3.6980823e-06 0.8019219 0.32329598 0.84745735 0.003949238 0.013083594 4.188936e-05 0.62993157 0.0011896059 0.0037436464 0.043202326 3.5362437e-08 0.18978314 0.0024663007 0.10112585 0.001517609 0.9568318 9.4336494e-05 1.0584353e-05 0.061223343 0.014629354 3.0936167e-08 1.194145e-07 0.020195657 5.88527e-07 2.702773e-07 1.1437735e-07 0.017987609 0.6458703 0.6067208 0.46473774 0.0010409625 0.513013 8.060933e-06 6.1632345e-11 1.6005664e-08 0.00026041927 5.364492e-08 0.19002286 6.109145e-09 2.3388395e-08 0.37055135 1.0727346e-08 0.045735918 1.6044016e-09 3.77867e-08 0.001061966 0.7689322 0.0029722697 0.00088130176 4.4725576e-07 0.00041053965 5.629123e-10 0.072924174 0.00054040126 2.9733606e-08 0.0003033376 0.010706372 5.62322e-10 4.6478768e-09 0.00022468176 0.00023074375 0.00045640537 1.0881449e-08 0.00037872192 0.016124398 8.481625e-06 2.1701974e-08 3.1000478e-09 5.9422844e-10 3.2342476e-10 0.013866283 0.00020081137 8.1209275e-11 1.02460374e-10 9.362963e-06
0.78511333 0.47470513 0.048942216 0.0026084518 0.003139276 0.26401788 0.0020011875 0.00017430996 0.00026443045 0.002448956 0.0018499189 0.00055406423 0.00027188778 0.00010070714 6.412474e-05 0.713676 0.00025566545 0.9882437 0.025301067 9.923683e-05 0.507876 0.43937498 0.99719715 0.030491877 3.6980823e-06 1.2457921e-13 7.352359e-05 0.0044328053 9.457742e-06 0.0009268115 0.020124007 0.11405604 6.135403e-05 0.019484878 0.25820836 5.5897162e-05 0.04924379 3.0427387e-07 0.011862808 0.0008138739 0.0032994791 3.4276316e-06 0.005969331 0.78793097 7.51008e-05 0.00028561882 0.2562896 0.001843793 0.0025750375 0.0029924004 0.021684611 0.014775989 0.0009992043 5.8633206e-05 2.744101e-06 7.7928286e-07 0.0008095077 1.9608718e-08 0.00031512114 7.4784293e-06 0.00042790864 5.1465886e-06 0.00064743136 2.9181445e-05 0.0007157266 1.7837987e-05 1.2436408e-06 1.49355e-05 2.292085e-06 1.2687645e-06 8.352925e-06 5.246615e-06 2.663508e-07 1.5307411e-07 0.00021167293 1.1261355e-05 5.0375445e-07 5.168351e-05 1.4581776e-08 8.0107395e-07 3.716056e-06 1.8544372e-06 2.6082614e-06 1.1572531e-08 4.099899e-07 4.3798973e-09 1.6575211e-06 1.8631852e-08 6.66336e-07 7.045254e-08 9.684033e-09 7.7747186e-10 2.445745e-08 5.063074e-10 1.0732039e-05 1.2071506e-08 1.9430646e-08 4.721054e-12 2.167172e-06 2.2431272e-11 1.0622545e-09
0.9487163 0.02523152 0.3846612 0.01063072 0.81326264 0.0018774619 0.0030264729 0.011487941 0.008060953 0.0069064475 0.000759136 0.011591371 0.6292926 0.030859986 0.022419542 0.004774262 0.017032389 0.00029552373 0.0010568049 0.15552631 0.0016295019 0.00017899343 8.55519e-05 0.0019272792 0.8019219 7.352359e-05 1.1880014e-10 0.92567265 0.07522835 0.110532075 0.1046338 0.00061864854 0.9942874 9.066526e-05 0.01049806 0.00021682282 4.7697135e-06 0.0007715688 0.0055622375 0.93636775 0.010120825 0.4116847 0.0018644014 3.3358214e-05 0.00092531677 0.00058404397 2.2755883e-08 2.5321866e-05 0.060576905 0.00022040118 2.2363822e-05 1.5988884e-06 0.28236285 0.64780486 0.005287573 0.00344247 0.011667776 0.15217958 0.00027910148 6.3620855e-09 4.196637e-09 0.008547292 4.7982454e-08 0.00048058483 2.1027297e-06 7.682668e-06 0.0022373977 1.4082381e-06 0.030858157 5.8604332e-06 7.282696e-06 0.0108997775 0.019269029 0.002446814 8.8529196e-05 2.9609144e-05 0.017934654 1.4075411e-08 0.010676085 0.010674863 2.2539028e-09 0.0016341389 0.00018539527 2.2761157e-10 4.258417e-09 0.00012943626 0.002772631 0.0001874315 6.332957e-09 0.00024253289 0.0020812321 2.0840704e-05 2.6952517e-05 2.0847362e-07 4.723288e-08 2.29027e-09 0.0010319396 3.2854823e-05 4.5397536e-11 3.074594e-11 6.045679e-06
0.9921547 0.56404155 0.90058863 0.44406086 0.9053189 0.16859789 0.44862607 0.3945231 0.29548627 0.21388666 0.22924519 0.18419756 0.45566458 0.27341503 0.27766225 0.03831626 0.19521342 0.0662267 0.22493385 0.2760178 0.014715114 0.006684711 0.020805124 0.10519863 0.32329598 0.0044328053 0.92567265 2.1315765e-09 0.07911571 0.8913244 0.8341279 0.0041320003 0.21993653 0.042108387 0.089580186 0.24453819 0.0003515516 0.13838646 0.038015835 0.90088344 0.058463085 0.13387252 0.002281953 0.0013863697 0.038838953 0.0332762 1.2098942e-05 6.611594e-05 0.21016687 0.00025843998 0.00026862207 1.4457343e-05 0.2476376 0.15447542 0.022589482 0.21725157 0.006799934 0.03839585 0.00023888666 7.226645e-07 1.8700912e-07 0.005053817 2.0551192e-06 0.0806996 8.196186e-06 1.9812378e-05 0.018531105 7.1150303e-06 0.0021563177 3.0935166e-06 3.242434e-05 0.007518157 0.07383955 0.0012465423 0.082030885 3.3327717e-05 0.005425833 1.8981612e-07 0.0007204027 0.0029989597 2.2719973e-08 0.00021412027 0.006083087 1.2412525e-09 4.5049216e-08 7.38841e-05 0.00032933865 1.5434724e-05 2.0483627e-08 0.00042164876 0.00018040967 6.458076e-06 6.6114835e-06 2.0617994e-08 6.15583e-08 5.493682e-10 0.0005822971 1.0282261e-05 6.4029344e-11 5.181929e-12 3.5683917e-07
0.98438615 0.0013065782 0.008648614 0.012863386 0.11049018 0.00325287 0.013248636 0.11557283 0.10274491 0.03530708 0.007920891 0.17092426 0.7961191 0.45627826 0.629931 1.0762727e-05 0.4473246 8.9165274e-05 0.002048692 0.96565026 2.2982729e-06 3.6702747e-07 8.583478e-08 0.007656104 0.84745735 9.457742e-06 0.07522835 0.07911571 3.6532118e-11 8.8867644e-05 0.0013482121 1.2690338e-05 0.054457895 0.0027204081 0.0029617872 0.0816914 8.4668756e-08 0.53106254 0.00025113614 0.006051278 0.00011244041 0.9119062 3.8172666e-06 1.203376e-06 0.27223408 0.09209607 9.783358e-09 4.1396298e-08 0.0032978228 1.3918601e-07 6.9143873e-09 1.225656e-07 0.0034015577 0.23178369 0.9078864 0.8124972 2.5029743e-05 0.41731626 1.4743451e-06 8.752307e-11 1.1682822e-08 4.6815398e-07 2.371741e-08 0.52454543 1.2055032e-08 2.3370903e-09 0.66233635 4.8551e-09 0.015711516 3.530296e-10 3.919096e-09 5.18994e-05 0.83163553 0.0008427801 0.0030770677 1.5412093e-08 4.358555e-05 6.8203e-10 0.14239901 8.213515e-05 7.91403e-09 0.00050929055 0.0746639 3.78836e-09 1.7460415e-09 0.000113734466 2.013611e-05 0.00025040933 6.2157246e-10 0.00011540131 0.0017972493 1.1428969e-05 3.4353054e-08 2.9535927e-09 1.852314e-08 3.8265147e-09 0.0048871287 0.00018335368 8.04879e-11 2.8050046e-10 5.9235967e-06
0.9539929 0.12616606 0.44551718 0.007043774 0.09313361 0.004531461 0.0046556904 0.0020536256 0.0016109847 0.003900982 0.0011145251 0.0041252514 0.014401688 0.0018526281 0.0004578628 0.066912524 0.0013565411 0.002585688 0.003279582 0.0063879807 0.030316915 0.011537144 0.0015642585 0.0034663542 0.003949238 0.0009268115 0.110532075 0.8913244 8.8867644e-05 1.108876e-13 0.99330163 0.032364596 0.0478426 0.0004542765 0.92479974 8.747227e-05 0.00025785062 4.212665e-05 0.6542671 0.8985133 0.79115635 0.0010467259 0.029513825 0.0008073416 0.00011024279 0.00032619253 5.027519e-07 0.0014866691 0.6232448 0.0029852972 0.0008760443 2.2635426e-05 0.2671002 0.02470387 1.0820504e-05 0.00022094183 0.08256767 5.8688653e-05 0.0030874806 4.589266e-07 5.9927154e-11 0.024252644 2.5163786e-08 1.8108583e-05 9.7171716e-05 0.0005331565 2.3350809e-07 1.8988783e-05 0.00061242265 1.1680651e-06 4.4228814e-06 0.019726045 0.00038331503 0.00012024067 0.00038358066 0.0001238797 0.010373667 3.4154098e-07 3.7307e-06 0.0028737318 2.3763946e-09 2.459332e-06 6.815934e-07 5.673107e-11 4.415611e-10 2.6953597e-07 0.0028254928 2.2871531e-09 1.6086457e-09 8.288388e-06 2.8611114e-06 1.5304812e-09 1.1039887e-05 6.238452e-08 3.4254828e-07 7.3595754e-11 7.761317e-08 6.2246935e-10 2.3579764e-14 4.550041e-16 5.506081e-10
0.96068084 0.40771478 0.5974588 0.0757164 0.22157124 0.13783364 0.06946611 0.030585853 0.020149615 0.030239336 0.030450067 0.02000016 0.041258596 0.015915444 0.008334434 0.3419225 0.010316577 0.089202255 0.079960935 0.026135284 0.13860388 0.07975296 0.056100395 0.055007316 0.013083594 0.020124007 0.1046338 0.8341279 0.0013482121 0.99330163 3.2985676e-09 0.17043631 0.023771439 0.040040065 0.9332918 0.022271309 0.0044824197 0.011829108 0.8314782 0.76111835 0.87368613 0.0050431406 0.07982315 0.019204106 0.0023530757 0.006006764 0.00027747432 0.004237211 0.7615542 0.008631989 0.011279031 0.0006343133 0.18771513 0.021722883 0.0006992744 0.018104836 0.088723734 0.0021295024 0.0038055065 0.00087034877 2.9216056e-07 0.021926507 7.2369726e-06 0.0006672101 0.00060948776 0.0018808248 7.7887795e-05 0.00015352067 0.00039317712 0.00032446376 0.00016028044 0.012491049 0.005542495 0.00022804245 0.026984375 0.0017732116 0.008173991 2.8707309e-05 0.00011130269 0.0026038587 3.3485136e-05 7.118662e-06 5.8095648e-05 2.2605382e-08 9.1677315e-09 8.217659e-07 0.0021842797 1.16963115e-08 1.0250446e-06 7.892259e-06 4.1457615e-06 1.1073296e-08 0.00016849085 3.9018897e-07 4.1222745e-05 2.55501e-09 7.5551566e-07 2.3057874e-08 1.3382571e-12 1.3563137e-13 3.3382502e-10
