3.3641825e-10 0.98781854 0.9805349 0.9936848 0.9676649 0.99384135 0.9887418 0.992627 0.97951126 0.99977577 0.9226866 0.9969477 0.9635125 0.9971744 0.9825378 0.9980404 0.9821914 0.8645975 0.98194855 0.9814789 0.9981463 0.9911444 0.9847482 0.9916926 0.9686098 0.9462148 0.9623025 0.9394539 0.97918904 0.92879003 0.98606104 0.9574159 0.992006 0.99841183 0.9878101 0.83395106 0.8389031 0.7770332 0.8987593 0.87338334 0.52904475 0.9572646 0.9156809 0.8910726 0.9774624 0.98687434 0.99311656 0.9896651 0.95931464 0.7671538 0.9664048 0.6611569 0.85396075 0.9638208 0.78598195 0.9842803 0.99065673 0.5128337 0.9965674 0.78191316 0.7851279 0.98991036 0.85744727 0.97617406 0.9526768 0.987737 0.6110503 0.94205445 0.95811 0.9604577 0.09897206 0.64377064 0.9345541 0.9916372 0.7810842 0.9933522 0.45928726 0.9833406 0.9429567 0.7808705 0.9683111 0.8523214 0.054680057 0.15086593 0.990105 0.0050479136 0.19982725 0.09633841 0.00020098897 0.0016087402 0.21335019 0.7740601 0.0035273237 0.9875324 0.9905985 0.0015402237 0.9684691 0.0071913325 4.0780385e-05 0.9429038 0.95805115
0.98781854 8.0781825e-07 0.98981345 0.8753657 0.6969237 0.025384389 0.07175225 0.20233345 0.5878022 0.88162196 0.3958025 0.4294486 0.09286963 0.16477092 0.053728744 0.44959894 0.0029906246 0.1579675 0.0018829652 0.019679494 0.19513239 0.079215445 0.00709024 0.0032112252 0.0048324126 0.010699788 0.014425454 0.00075177226 0.0016694902 0.43296993 0.080531254 0.0029348538 0.02040154 0.7016367 0.00011303851 0.042959012 0.001279467 0.11039384 0.03585039 0.0002527423 0.00095864636 0.1580877 0.41722855 0.00011096216 0.52406853 0.05342017 0.20292509 0.30537435 0.040510226 0.002987959 0.00012944083 0.006198216 0.010185525 0.18085888 0.041975897 0.16857584 0.07450781 0.0062008 0.09801213 0.00016209974 3.2114993e-05 0.0019756483 7.78729e-06 0.02564855 0.04077024 0.0044492087 4.328259e-07 0.017039822 0.04796905 0.014039445 0.0013535535 3.4379735e-08 0.009438667 0.0016419989 0.0024238212 0.0028404738 0.002046622 0.023577796 0.05324818 0.0040413477 0.00016636436 0.001840464 1.5447034e-05 1.0087698e-08 0.0011875683 9.280873e-06 0.0005530385 3.0432568e-06 1.0900123e-08 1.7601494e-12 1.9278286e-09 0.0017356036 9.877633e-09 0.002555018 0.00028593824 1.2794973e-08 0.0035142272 9.995973e-09 7.077456e-12 0.000552387 0.00026877451
0.9805349 0.98981345 1.2879933e-09 0.98474145 0.624826 0.0418661 0.112669915 0.0353628 0.21816142 0.90428275 0.17562526 0.11093079 0.013216721 0.25053105 0.039620075 0.26160863 0.0012381333 0.01707071 0.0025823193 0.029174944 0.14219172 0.011060353 0.0076895775 0.0064169625 0.006784107 0.0066418597 0.0093086315 0.00059124787 0.00083525595 0.043711767 0.005274959 0.002703152 0.02547464 0.07140886 0.00017004197 0.0020679182 0.0010478919 0.00732277 0.0044139028 0.00017522363 0.00027506886 0.0116986055 0.011818773 4.4070228e-05 0.03330641 0.02715216 0.016491206 0.011403472 0.019008309 0.00034813333 0.00030205937 0.00028171868 0.0022959444 0.007816961 0.0019241755 0.0066387793 0.0031334378 0.00033054315 0.005212196 6.048756e-05 1.1552193e-05 0.0033772858 4.7277073e-05 0.0011022966 0.0020284508 0.003736807 9.976128e-07 0.00048868306 0.0025338004 0.00024755782 5.7072742e-05 9.721495e-08 0.0002922878 0.00096649915 8.288891e-05 0.00025886498 4.964447e-05 0.0012613949 0.0016844658 0.00016540333 4.9496975e-05 0.0013822633 2.998169e-07 1.0398853e-07 0.0012407361 2.32648e-06 6.686959e-07 1.898267e-08 1.5549088e-09 1.5378586e-12 1.4455741e-09 0.0004835098 1.5203676e-09 0.00067851547 6.7877365e-05 1.6978331e-10 0.00045082232 3.4828123e-09 8.712857e-13 0.00034723707 0.00013504783
0.9936848 0.8753657 0.98474145 6.0482023e-07 0.9164736 0.12974344 0.33003867 0.043145526 0.78158134 0.8684456 0.552911 0.1357597 0.012594681 0.3902619 0.12734154 0.16375875 0.0053492687 0.025882438 0.011055523 0.04635855 0.20338409 0.02071642 0.022357874 0.014790292 0.010756904 0.025195392 0.045480352 0.0012933557 0.0029564255 0.060109258 0.068984054 0.0038050835 0.023194464 0.28131455 0.0003810396 0.0048359237 0.006028189 0.016739078 0.013507752 0.00033617744 0.0009982472 0.16048244 0.028983062 0.00011495776 0.13656443 0.05479319 0.14785847 0.10886881 0.02650567 0.0029351027 0.00067453407 0.0001280865 0.012800597 0.018867053 0.003478244 0.019773845 0.012578529 0.0037481836 0.042003244 0.0003477179 3.3037846e-05 0.0033596542 5.913316e-05 0.0069361273 0.011560175 0.008886816 1.046342e-06 0.0022278812 0.0073486716 0.00522214 8.661353e-05 1.4932964e-07 0.002215217 0.0022119314 0.0008695863 0.006919271 6.4735505e-05 0.009452503 0.01905232 0.0010455896 0.0006322201 0.0016097584 1.3704713e-06 5.7980646e-08 0.0017490252 6.044716e-08 7.2899784e-06 1.2676669e-09 2.8280102e-08 1.1856374e-11 1.2214732e-08 0.0009629079 6.3868155e-09 0.0024014285 0.00075570674 1.4162191e-10 0.0021664714 4.1377508e-08 4.229771e-12 0.00073465967 0.0006929581
0.9676649 0.6969237 0.624826 0.9164736 3.8023365e-10 0.96020985 0.9813384 0.00089532393 0.91771924 0.86540145 0.9082479 0.009871839 0.0003615339 0.7538331 0.778642 0.039272744 0.11750846 0.0015486109 0.19563879 0.36519876 0.14079586 0.0013428912 0.50602967 0.006139788 0.079056524 0.013473028 0.025575869 0.021383531 0.012942361 0.002233947 0.019138278 0.05829474 0.008993239 0.018748224 0.0033823834 7.807863e-05 0.02585041 0.0015621125 0.0133843105 0.003536246 0.0029996163 0.0123676965 0.0028913324 0.0022799496 0.03215213 0.004323981 0.019485896 0.009268912 0.016966471 0.004153889 0.00053204875 3.0693507e-05 0.0060149096 0.00034642193 7.922337e-05 0.0009255992 0.0002834353 0.002546408 0.0020748172 0.00032808815 7.035066e-05 0.0011900802 0.0011912094 0.000108170534 0.00073544803 0.011521678 4.1938465e-06 1.1513474e-06 0.00018127373 1.5615338e-05 2.503595e-07 2.1656665e-07 6.4099e-07 0.00056699367 4.1013714e-06 0.0005522817 1.1423754e-08 0.00017944533 0.0007575952 2.631368e-07 0.00030555873 0.0010022307 2.970195e-06 1.14503734e-07 0.0006156008 7.1502443e-10 9.572963e-09 1.3692524e-10 2.917095e-09 2.3975594e-10 3.493514e-07 0.00017853687 2.278055e-08 9.711349e-06 9.252138e-05 1.651928e-12 0.00033106652 2.023238e-10 5.999677e-12 1.1476098e-05 0.00031348545
0.99384135 0.025384389 0.0418661 0.12974344 0.96020985 1.1632134e-07 0.889063 0.00040364443 0.8375743 0.5109023 0.5977079 0.0005681796 0.00020996679 0.5310556 0.9143879 0.002242419 0.10617798 5.510014e-05 0.20616357 0.034283668 0.008859491 9.938941e-05 0.045153037 0.0049207145 0.0047387537 0.001374444 0.0017564778 0.0068459185 0.4041972 0.00016795886 0.91873527 0.004874363 0.00074718136 0.013238722 0.0012519793 1.9219819e-05 0.014949915 0.00017408634 0.6025198 0.0092561105 0.0028146354 0.40864024 0.00046731337 0.0017192008 0.008511022 0.0004198251 0.2577574 0.08179998 0.0024492058 0.13991556 0.0007971919 1.126294e-06 0.638553 0.0012441254 0.00013365968 0.0035148486 0.0036037352 0.18837549 0.057673257 0.0001238302 8.4423205e-05 0.00042224125 0.003718605 0.0028265887 0.011963182 0.009466703 0.0008322662 6.0024515e-05 0.005022195 0.005321013 2.9709216e-07 7.719548e-05 0.00015400267 0.00019751849 0.00089494075 0.45885098 1.6587192e-05 0.04124488 0.04738313 0.00015978825 0.004204178 0.0004633768 0.009856707 0.000101800426 0.001873812 3.5775592e-08 1.4406763e-07 3.2071143e-10 5.419242e-07 4.6313596e-07 0.00029482815 0.00013241998 1.5195997e-05 4.7673646e-05 0.013867917 8.9021075e-09 0.0067977915 1.700923e-07 1.1571836e-10 0.00014157021 0.0021941855
0.9887418 0.07175225 0.112669915 0.33003867 0.9813384 0.889063 1.6559901e-06 0.0006959596 0.7032457 0.6332627 0.501918 0.0024855374 0.00026812145 0.9254609 0.8573035 0.022765955 0.3454326 0.00042535554 0.6546913 0.63324547 0.11734441 0.0011849958 0.6723483 0.025627404 0.22212589 0.04487614 0.057662938 0.08363054 0.24712735 0.0015842686 0.5925361 0.108278334 0.014646175 0.025918057 0.0092659015 0.00021368107 0.10650024 0.002155857 0.14938182 0.037398852 0.014438675 0.12552203 0.002297712 0.01902219 0.019092333 0.013915139 0.27612063 0.112568066 0.019731842 0.07705427 0.012593294 6.221226e-05 0.1429358 0.0047474224 0.00045126324 0.005845592 0.0076239035 0.086755276 0.042595696 0.0032383252 0.0013470317 0.0048357667 0.020080226 0.0036503396 0.006374136 0.034492068 0.00070205715 7.450471e-05 0.003948353 0.005586423 1.5017245e-06 0.00017519707 5.774412e-05 0.003978493 0.00014639589 0.33438012 3.873702e-06 0.022820335 0.029657954 2.1083993e-05 0.04961312 0.0040386007 0.0019952648 0.0009190243 0.0059777596 9.209372e-09 5.1098496e-08 1.6131921e-10 7.5588974e-07 2.0946527e-07 0.0006531763 0.00028248623 3.0853775e-05 0.00062382175 0.05847616 3.4353279e-10 0.018963838 5.135417e-07 6.506682e-11 0.00035296858 0.0049852207
0.992627 0.20233345 0.0353628 0.043145526 0.00089532393 0.00040364443 0.0006959596 2.0416393e-05 0.0011864629 0.05025914 0.000401658 0.57095367 0.5436476 0.0036034088 0.00015608735 0.09076126 0.00014538456 0.45669103 2.451643e-05 0.00022032174 0.0027492894 0.022896068 2.0411955e-05 8.9109e-05 3.7813836e-05 1.7420367e-05 2.0889296e-05 1.1788514e-05 0.00022856086 0.9617779 0.0019069486 4.4248854e-06 0.0002809851 0.09129381 2.5949873e-06 0.036878746 7.858436e-07 0.017081125 0.0008499383 7.399629e-05 9.235622e-08 0.018160578 0.9593229 3.3566903e-06 0.17323019 0.0014818591 0.028805263 0.038409565 0.00033378054 1.3012985e-06 2.3354107e-07 0.0020395406 0.00019378515 0.6516045 0.8236742 0.17391385 0.10131244 2.2172586e-05 0.034315888 4.8162243e-09 1.2053928e-08 2.785817e-05 3.9243943e-08 0.058006294 0.030108033 7.2789364e-05 2.2753973e-08 0.9018763 0.39377257 0.0664537 0.0034321013 1.3618796e-07 0.48512328 0.00029444878 0.02092747 0.0021554695 0.8193396 0.11811071 0.048498157 0.07271251 2.7845127e-07 2.5305111e-05 9.312552e-06 2.3412197e-07 0.00023050488 0.00049745064 0.20180856 0.00041031165 2.6435124e-08 1.4142086e-09 2.7744716e-07 0.0011104262 5.8972283e-08 0.0020213197 6.561863e-05 3.4331588e-05 0.000713428 1.122166e-08 1.6150763e-10 0.0010384974 0.0008656416
0.97951126 0.5878022 0.21816142 0.78158134 0.91771924 0.8375743 0.7032457 0.0011864629 3.973974e-11 0.6633253 0.9968689 0.0014743205 9.3235125e-05 0.3358701 0.8660119 0.017183036 0.05671544 0.00013725879 0.012649083 0.023760714 0.015685989 2.586492e-05 0.022089403 0.0016462576 0.004661137 0.0017114272 0.00022654982 0.0014037631 0.10562943 0.002484952 0.61396676 0.0014223853 0.00039028368 0.021375243 1.6439504e-05 2.1527198e-06 0.0067264163 0.0001241541 0.42301032 0.0018396514 0.00033739748 0.39442202 0.0003334058 1.9744493e-05 0.017693257 0.00029480792 0.24605969 0.06502511 0.00031408004 0.048293516 4.1884746e-06 1.6156127e-06 0.3363287 4.8146263e-05 5.3592787e-05 0.00019633851 0.0001770708 0.08852237 0.004176246 1.0651361e-06 8.497603e-07 1.2172203e-05 1.0719581e-05 0.000208961 0.0028763588 0.00011633049 2.7884033e-05 4.167367e-07 0.00070567225 0.00017787813 5.477206e-07 6.9396e-08 6.5647328e-06 9.175084e-06 9.8684824e-05 0.020726567 1.8169368e-07 0.0040331427 0.011327248 6.978066e-06 4.4186974e-05 8.4758154e-05 0.0020575698 2.3397263e-07 1.0748059e-05 2.9169257e-07 1.3977735e-08 3.34781e-09 7.0422715e-08 9.642535e-11 2.1370347e-06 6.335392e-07 9.5005146e-07 3.0209276e-06 9.128312e-06 1.3786716e-09 2.1142052e-06 1.5245637e-09 8.1613785e-11 3.735668e-07 1.1767846e-05
0.99977577 0.88162196 0.90428275 0.8684456 0.86540145 0.5109023 0.6332627 0.05025914 0.6633253 1.1348433e-09 0.2503404 0.26272973 0.033626534 0.8624616 0.061752636 0.58708286 0.0066186124 0.025922935 0.012019791 0.3254274 0.89256257 0.10230823 0.059783753 0.06543939 0.05694497 0.14093329 0.24619494 0.0054794196 0.0031544422 0.026587196 0.01673374 0.013825514 0.46914983 0.07285486 0.0035663014 0.015039312 0.0028125949 0.024360787 0.008968435 0.00074326113 0.0011808375 0.0748894 0.016701002 0.0006091978 0.07045741 0.40350693 0.059584577 0.023081163 0.33816224 0.003490123 0.0037557262 0.0018677907 0.009984104 0.012778313 0.0026108085 0.013248156 0.005651501 0.0051579983 0.012206717 0.0019946825 0.0010208314 0.1251888 0.0022905448 0.003784174 0.004382752 0.100491196 3.125998e-05 0.0030373782 0.0033997286 0.0033191394 0.0006623118 5.545841e-05 0.001651345 0.046819434 0.000497158 0.0032499798 0.00015617133 0.0037677656 0.006698161 0.00043963589 0.007729262 0.0072765737 4.5705674e-05 0.00011850607 0.036446925 1.0093651e-05 5.4854292e-05 1.3362729e-06 9.240931e-07 1.6117707e-07 8.0984455e-07 0.008114183 1.7397994e-08 0.007933584 0.009655751 2.3847324e-08 0.016402937 2.1356158e-07 1.0254919e-09 0.009158719 0.014549275
0.9226866 0.3958025 0.17562526 0.552911 0.9082479 0.5977079 0.501918 0.000401658 0.9968689 0.2503404 1.1307548e-10 0.0016565605 3.911017e-05 0.101857565 0.9474526 0.004810432 0.14033861 0.00047387235 0.04593967 0.012157308 0.004314715 5.1553303e-05 0.024272963 0.00076649076 0.004195889 0.0018268146 0.001106193 0.004034678 0.34431243 0.001417638 0.8492255 0.004131059 0.0010436977 0.033049636 0.00029265153 3.3293136e-06 0.0396948 0.00019557864 0.64257795 0.015039102 0.003713045 0.58664685 0.0032725742 0.00069063186 0.047808085 0.00081136683 0.33704665 0.075243525 0.0005865667 0.44370857 2.9766705e-05 2.1419276e-06 0.6768512 0.0005011067 0.0002689145 0.0007817027 0.00043437764 0.25845543 0.0063991966 0.0001229016 6.142101e-05 3.709914e-05 0.00019754845 0.0005085446 0.002227981 0.00019867903 0.00093467673 9.590792e-07 0.00040290522 0.00014912208 8.725564e-07 1.9537778e-07 2.650379e-06 1.3355195e-05 2.248315e-05 0.027532296 7.379783e-07 0.007880963 0.02434158 5.385581e-06 8.0876256e-05 0.0002117943 0.0064008418 1.9324413e-07 2.738346e-05 2.2649186e-08 1.1322321e-08 5.1092797e-10 1.27351045e-08 7.5127224e-11 0.0002339603 3.6657272e-07 5.224463e-05 9.290296e-06 6.407819e-06 1.6796313e-10 3.1694394e-06 2.8807942e-10 8.3703235e-12 4.227467e-07 5.038232e-05
0.9969477 0.4294486 0.11093079 0.1357597 0.009871839 0.0005681796 0.0024855374 0.57095367 0.0014743205 0.26272973 0.0016565605 2.662637e-07 0.9851669 0.012397614 0.0004887234 0.57422906 2.8950266e-05 0.9299429 1.8794586e-05 0.0012591726 0.055574786 0.4394297 0.0001394977 0.00040436455 0.00046665026 0.00066520524 0.0011207871 1.4103408e-05 1.6801629e-05 0.74951243 0.001548904 8.794352e-05 0.0039602607 0.045986105 1.41985365e-05 0.48933622 9.448384e-06 0.24504872 0.0012821525 4.844317e-06 1.0175543e-05 0.022150306 0.35018718 8.032114e-07 0.07825538 0.054649588 0.045612834 0.048792228 0.00910595 1.5772759e-05 6.7829906e-06 0.016326915 0.00051088055 0.15351264 0.095340684 0.08726874 0.0661422 1.1361439e-05 0.031768907 1.8775388e-06 9.523373e-07 0.0013568673 2.1592035e-07 0.03399655 0.021185197 0.0033790497 9.542068e-08 0.23442437 0.10430865 0.044526584 0.0116230305 2.3722613e-08 0.08790991 0.012266729 0.0058815726 0.0019662622 0.1621284 0.14907753 0.05967891 0.027121337 5.6424124e-05 0.0007230857 2.7604717e-06 2.3532797e-08 0.006988605 0.00044881104 0.03697805 0.00033111704 6.385878e-09 4.8120713e-10 2.0695023e-08 0.005134132 4.1004405e-08 0.09996258 0.0012211142 1.451815e-05 0.013919121 1.188687e-08 3.6060186e-11 0.014393608 0.0040969155
0.9635125 0.09286963 0.013216721 0.012594681 0.0003615339 0.00020996679 0.00026812145 0.5436476 9.3235125e-05 0.033626534 3.911017e-05 0.9851669 6.09724e-06 0.0020425236 7.07711e-05 0.12158198 3.8167153e-05 0.99310577 7.728988e-06 0.00016418673 0.0034238617 0.08129516 9.698114e-06 0.00013172899 3.5799334e-05 7.293608e-06 9.791166e-06 9.997714e-06 0.00012317522 0.93733925 0.00034588051 1.3210199e-06 0.00019464215 0.0077395844 4.5543143e-06 0.5944938 1.7389193e-07 0.16098247 0.00035437066 4.9858216e-05 2.9415014e-08 0.0013335628 0.6015959 1.6644385e-06 0.017710513 0.0052717053 0.0081161605 0.0071361647 0.0011805628 2.112464e-06 5.6623355e-07 0.012023884 3.5797388e-05 0.07511367 0.28065768 0.024110867 0.011586764 5.912957e-06 0.004686456 1.4675043e-09 5.2327596e-09 7.419627e-05 7.61977e-08 0.0062601347 0.0036160497 0.0002955195 9.398339e-09 0.22605342 0.02230659 0.004671958 0.045342863 5.548361e-08 0.020057745 0.00079729984 0.0010502532 0.00035785165 0.66039926 0.026054913 0.006239664 0.0035568457 4.1039007e-07 9.7805416e-05 5.096892e-07 1.9097648e-08 0.0008599997 0.0050163604 0.29735476 0.0013046657 1.2073371e-08 7.7438167e-10 1.04417644e-07 0.0019978124 7.21574e-08 0.009449877 0.00013849293 7.8756246e-05 0.0014850509 2.2495865e-09 7.274209e-11 0.00066411437 0.0011859844
0.9971744 0.16477092 0.25053105 0.3902619 0.7538331 0.5310556 0.9254609 0.0036034088 0.3358701 0.8624616 0.101857565 0.012397614 0.0020425236 9.491612e-07 0.27537504 0.08732353 0.049850907 0.0018688214 0.18948363 0.9677079 0.6491577 0.013787903 0.646383 0.67696667 0.7018319 0.7944658 0.78403956 0.16385846 0.034091987 0.0036422615 0.15809838 0.3661177 0.27450123 0.031492718 0.15854791 0.0011593666 0.038855523 0.00866546 0.031109791 0.013720639 0.009568197 0.055516507 0.0044975993 0.028885728 0.015981188 0.027517827 0.15883824 0.06303874 0.122995 0.011029302 0.07289769 0.00076938176 0.018153826 0.010638434 0.0009687993 0.013128239 0.0096449 0.011049025 0.030623745 0.016902912 0.01264114 0.096737504 0.05194855 0.0042540035 0.00658212 0.21944553 0.0006830299 0.00029804668 0.002388557 0.0050986717 1.5249042e-05 0.005050936 0.00017494212 0.028051322 0.00020717336 0.12623727 1.0457484e-06 0.014248042 0.021669552 0.00011668393 0.20454906 0.025979038 0.00042050466 0.0033536155 0.05900813 3.7090012e-07 2.7425196e-07 7.269473e-09 1.2173293e-05 1.44937885e-05 0.00015065013 0.0025112967 8.032011e-06 0.0008258009 0.16120704 8.3687673e-10 0.067785114 1.28838765e-05 8.635364e-09 0.004721868 0.07237747
0.9825378 0.053728744 0.039620075 0.12734154 0.778642 0.9143879 0.8573035 0.00015608735 0.8660119 0.061752636 0.9474526 0.0004887234 7.07711e-05 0.27537504 5.7803726e-09 0.0028527214 0.9187117 3.56941e-05 0.90343034 0.049158588 0.00417332 2.6930422e-05 0.31263426 0.0034726341 0.027795054 0.002516084 0.003030479 0.06490337 0.95063204 0.00055318273 0.77130115 0.052683666 0.0010663593 0.009746979 0.0032084826 2.9490306e-07 0.33238193 7.634438e-05 0.35934877 0.16155265 0.0632935 0.2906942 0.00020559288 0.020757234 0.006821495 0.00026957932 0.47506365 0.08113431 0.00081643224 0.6828964 0.0002533717 3.4224313e-06 0.5698652 0.00046364378 0.00014608182 0.00092873146 0.0023034725 0.49685568 0.022009159 0.00049564266 0.000114790266 6.263774e-05 0.012381463 0.00047589678 0.0036961292 0.002071732 0.005854574 1.5429589e-05 0.00063363195 0.0013728465 2.2297974e-07 1.0221436e-06 4.5367466e-05 1.6627975e-05 0.00042199146 0.4832457 2.7070394e-07 0.025620976 0.10143711 5.563595e-06 0.0020052348 0.00048794536 0.027284393 0.00018871015 0.00015366921 7.402575e-10 3.407876e-08 3.8158956e-09 1.2532944e-06 1.6977376e-08 0.008120979 3.8410883e-07 0.00039453115 7.0840206e-06 0.0018006223 5.3811083e-10 0.0005267891 6.12506e-09 1.4193018e-10 1.5928889e-06 6.8552536e-06
0.9980404 0.44959894 0.26160863 0.16375875 0.039272744 0.002242419 0.022765955 0.09076126 0.017183036 0.58708286 0.004810432 0.57422906 0.12158198 0.08732353 0.0028527214 4.5833673e-08 0.00015039016 0.19825815 0.0004915063 0.024406701 0.59919816 0.95629305 0.0028304646 0.017566027 0.016950078 0.035190254 0.04741274 0.0006885199 6.58045e-05 0.19394882 0.019039202 0.0036670214 0.304885 0.074044585 0.0038289959 0.26894352 0.000115775234 0.65872246 0.006675181 1.5583888e-05 0.00017183172 0.047961526 0.08785451 4.7153248e-05 0.053422704 0.93983644 0.1033659 0.120167345 0.5076549 0.00011889446 0.0054604574 0.45941207 0.001066124 0.07051386 0.021191204 0.07169878 0.048454024 0.00013056284 0.02020893 0.00072521967 0.0005986785 0.3244814 1.6212733e-05 0.025434451 0.013719578 0.21902078 4.0604428e-07 0.06247384 0.02302516 0.02965184 0.010061111 4.5299093e-06 0.026750574 0.59229493 0.0009063825 0.0022079954 0.0027584261 0.1122871 0.028525177 0.00359137 0.014799704 0.052865297 4.351988e-07 5.1242073e-06 0.40813172 0.00021074938 0.0020661461 0.0070523 9.636726e-07 4.994249e-09 3.4387075e-08 0.15611534 1.3796088e-08 0.9053581 0.08116758 2.4948053e-05 0.31283998 2.310711e-05 6.7545475e-10 0.38343918 0.2691282
0.9821914 0.0029906246 0.0012381333 0.0053492687 0.11750846 0.10617798 0.3454326 0.00014538456 0.05671544 0.0066186124 0.14033861 2.8950266e-05 3.8167153e-05 0.049850907 0.9187117 0.00015039016 2.7117847e-10 3.8797393e-06 0.98669094 0.015660593 0.000474896 1.908332e-06 0.5557359 0.0009647715 0.009929089 0.0003225522 0.00019486576 0.11851972 0.95370734 3.714621e-06 0.096189424 0.041710895 2.5073108e-05 0.00014547359 0.0009840701 9.839842e-08 0.8326016 1.6496992e-08 0.033391006 0.92144465 0.21558668 0.009856552 4.861923e-06 0.2633619 5.2457166e-05 7.523477e-07 0.020439837 0.0017099319 1.1629304e-05 0.86704576 5.9363185e-05 2.7477736e-09 0.08751726 2.55914e-06 6.6404334e-07 5.6949075e-06 1.8515682e-05 0.2757811 0.00067139475 4.4825752e-05 2.8206076e-05 1.2164554e-07 0.011923364 1.626652e-05 0.0004013036 0.00018930137 0.11487808 2.067084e-06 4.8821745e-05 0.00016352044 3.0071e-09 3.204909e-05 7.249573e-06 7.6971155e-08 4.7510316e-06 0.032449614 1.909408e-06 0.0026487773 0.0033041188 8.1731787e-07 0.000108874505 8.3005354e-05 0.107450925 0.0019853585 2.0216046e-06 3.7620185e-10 1.4308143e-08 6.1641897e-10 5.789308e-06 6.895604e-06 0.31407604 1.0644256e-07 0.014448716 2.438424e-07 0.00025566472 2.3723315e-10 2.5151972e-05 2.9722775e-08 1.8754556e-10 8.0990407e-07 8.993208e-05
0.8645975 0.1579675 0.01707071 0.025882438 0.0015486109 5.510014e-05 0.00042535554 0.45669103 0.00013725879 0.025922935 0.00047387235 0.9299429 0.99310577 0.0018688214 3.56941e-05 0.19825815 3.8797393e-06 3.93483e-07 4.3735818e-07 0.0003557598 0.005591918 0.2677302 2.2978193e-06 4.4653843e-05 5.8264155e-05 4.6386976e-05 5.592606e-05 2.3488637e-07 2.4462538e-06 0.92336214 0.00027124732 5.572837e-07 0.0009012543 0.0319904 5.3200586e-07 0.96822 7.543706e-08 0.59429365 0.00042495475 5.556588e-07 1.3429595e-08 0.005078038 0.6389521 2.430084e-08 0.069746934 0.009130707 0.021420088 0.03075233 0.0022373274 1.3108853e-07 3.1054046e-08 0.062539816 8.022334e-06 0.15428117 0.20188165 0.06898116 0.039725445 1.3715816e-06 0.012354146 1.7132862e-09 1.2495569e-09 0.00044079378 1.0213205e-09 0.020984659 0.01333297 0.0007143021 3.2280292e-10 0.2819508 0.073708214 0.02451826 0.13805985 2.971957e-10 0.0715298 0.0024560979 0.003086711 0.0018290668 0.6442126 0.098847754 0.02844417 0.014231982 4.5483654e-07 2.8375132e-05 1.1033855e-07 8.044359e-10 0.0013770163 0.0049499436 0.3719801 0.004870913 3.2978925e-10 1.4197126e-11 2.7866458e-09 0.0011792355 1.652123e-09 0.045027267 8.239656e-05 5.5666656e-05 0.0017809704 3.2079403e-10 1.6543963e-13 0.0029006824 0.00033463794
0.98194855 0.0018829652 0.0025823193 0.011055523 0.19563879 0.20616357 0.6546913 2.451643e-05 0.012649083 0.012019791 0.04593967 1.8794586e-05 7.728988e-06 0.18948363 0.90343034 0.0004915063 0.98669094 4.3735818e-07 1.9734656e-10 0.04143429 0.0019815867 7.74872e-07 0.8800951 0.0013892073 0.036060914 0.0011873747 0.00091973844 0.45441097 0.67827445 1.2714046e-05 0.1330647 0.21293458 0.00022901382 0.00015692603 0.0033640037 1.3271213e-08 0.95031905 2.970389e-07 0.032032117 0.92246574 0.40931475 0.010925191 9.2109804e-07 0.58037645 0.00010658922 8.811865e-05 0.041178692 0.003174393 0.000108162276 0.47436544 8.751065e-05 7.0680506e-09 0.10565113 1.6427028e-07 2.808108e-07 4.3956058e-07 2.4112214e-06 0.12196897 0.00063344557 0.0003754267 0.0001569142 7.3117712e-06 0.07986781 9.449631e-07 5.7264926e-05 0.0009067162 0.07199246 4.6588204e-07 2.9995763e-05 3.309199e-05 3.9761994e-09 5.4282114e-05 2.5940162e-07 4.2243633e-07 5.798405e-07 0.060994428 4.4754437e-08 0.0013265236 0.0046179728 1.13488774e-07 0.00032382202 0.00020553093 0.01740462 0.009665696 1.1649452e-05 4.6489912e-10 7.5195254e-09 1.2975646e-10 9.522416e-06 1.480412e-06 0.121035606 8.19374e-08 0.005336813 5.17192e-07 0.0006075756 6.393391e-11 0.00013482095 4.1336648e-08 5.5237603e-11 9.9845266e-08 8.779432e-06
0.9814789 0.019679494 0.029174944 0.04635855 0.36519876 0.034283668 0.63324547 0.00022032174 0.023760714 0.3254274 0.012157308 0.0012591726 0.00016418673 0.9677079 0.049158588 0.024406701 0.015660593 0.0003557598 0.04143429 4.4605557e-08 0.25328842 0.0018416877 0.7772049 0.73317784 0.98360234 0.8800019 0.81283927 0.38151994 0.003293809 0.0005720445 0.00970816 0.7808828 0.10441253 0.001514491 0.6680082 1.708763e-05 0.013880011 0.001273932 0.0040704524 0.0054943664 0.0064217374 0.005744094 0.00035547325 0.02822081 0.0012271006 0.002685237 0.013573092 0.0038482498 0.01765647 0.001247587 0.16944881 0.00011115842 0.0022319655 0.0001090341 3.693717e-05 9.626328e-05 0.00016299247 0.0011068694 0.00093541463 0.02981578 0.028352845 0.019350193 0.061684046 5.3405394e-05 0.00014104007 0.075322054 0.00026999842 6.1341716e-06 0.00011890716 4.5160526e-05 5.130938e-07 0.017602567 1.5004046e-06 0.0017788503 8.71583e-06 0.005888505 9.8287325e-09 0.0007704537 0.0031905486 3.2554658e-07 0.039178055 0.012665661 1.8744813e-06 0.004895672 0.0064671184 1.1692954e-10 9.897292e-11 1.2491654e-10 1.5626109e-05 6.528307e-05 5.564548e-05 0.00035763573 4.924501e-06 0.00011864007 0.022515358 1.2161333e-12 0.013334216 5.2077543e-05 9.1724015e-09 0.00025313668 0.010418862
0.9981463 0.19513239 0.14219172 0.20338409 0.14079586 0.008859491 0.11734441 0.0027492894 0.015685989 0.89256257 0.004314715 0.055574786 0.0034238617 0.6491577 0.00417332 0.59919816 0.000474896 0.005591918 0.0019815867 0.25328842 2.4441258e-07 0.09370515 0.0044481116 0.25685063 0.07071828 0.72147083 0.9030176 0.0033130087 2.5483185e-05 0.0041184886 0.00029717 0.017881226 0.94051456 0.0009925667 0.020720934 0.0024315135 0.00020284644 0.036549494 0.00088977424 5.146834e-06 0.0002841696 0.00062437414 0.0020730945 0.00020209841 0.005973682 0.64369565 0.0016034811 0.00048552838 0.90466326 0.00021189066 0.04917994 0.036136158 0.000112588044 0.00026601407 0.0002804106 0.00035641305 0.00020047632 2.0464347e-05 0.00024760645 0.008345999 0.0017151517 0.6241425 0.00029393006 0.00017928163 0.0001521976 0.42345238 6.163688e-07 2.2076541e-05 0.0001533072 9.494419e-05 9.04002e-05 2.2805953e-05 1.79279e-05 0.12535506 1.0220417e-05 1.198286e-05 2.2348513e-07 0.00028513683 0.00026882222 9.142495e-06 0.012027364 0.03394467 1.4994325e-07 2.7594217e-06 0.17776224 7.4141546e-08 2.2843293e-08 7.400451e-06 3.0683114e-09 1.7395704e-08 5.666027e-10 0.02623803 1.457406e-10 0.0028364283 0.05501538 5.583527e-10 0.072484955 1.2832252e-05 1.7542191e-10 0.019430477 0.032165408
0.9911444 0.079215445 0.011060353 0.02071642 0.0013428912 9.938941e-05 0.0011849958 0.022896068 2.586492e-05 0.10230823 5.1553303e-05 0.4394297 0.08129516 0.013787903 2.6930422e-05 0.95629305 1.908332e-06 0.2677302 7.74872e-07 0.0018416877 0.09370515 1.0736245e-09 2.2419194e-05 0.0006304524 0.0008205404 0.0010415504 0.0014268443 4.9786872e-06 9.4728296e-07 0.22122413 4.534508e-06 0.00011891419 0.019083623 0.003948916 4.6313246e-05 0.9524809 8.49183e-08 0.96939075 1.8708675e-05 1.6465573e-06 6.622432e-08 0.00043994313 0.030205289 1.5365937e-06 0.004471607 0.28168142 0.0014338195 0.003121734 0.05032038 8.819868e-09 1.74484e-05 0.9365139 1.3058057e-07 0.011907398 0.0070824814 0.007443745 0.00542626 7.269019e-08 0.0006088264 1.3272214e-06 7.127747e-07 0.008344522 2.7303361e-08 0.0020365356 0.00097247376 0.010204562 3.1393355e-10 0.026259646 0.007345802 0.0007474793 0.18478489 7.677819e-08 0.0019562466 0.109778225 3.987832e-05 0.00015705627 0.038180497 0.011507294 0.0023417347 0.00021762248 5.8471946e-05 0.0018948778 4.0813937e-08 1.0562847e-08 0.050729178 0.0049563935 0.056494612 0.13049805 1.9019046e-09 1.0918589e-10 6.702635e-10 0.055361025 7.836279e-10 0.7142338 0.0018999164 0.00019044305 0.036716387 2.2430193e-08 4.036345e-12 0.08085687 0.0148329595
0.9847482 0.00709024 0.0076895775 0.022357874 0.50602967 0.045153037 0.6723483 2.0411955e-05 0.022089403 0.059783753 0.024272963 0.0001394977 9.698114e-06 0.646383 0.31263426 0.0028304646 0.5557359 2.2978193e-06 0.8800951 0.7772049 0.0044481116 2.2419194e-05 1.5975607e-10 0.015422984 0.6866817 0.006281341 0.00312403 0.9903208 0.032836292 0.00014669469 0.053500105 0.9575663 0.001300441 0.00072995585 0.24441768 1.1542734e-07 0.84774613 2.563751e-05 0.015228166 0.44146657 0.44254306 0.014252677 2.2893684e-05 0.81979 0.0011387025 6.6154855e-05 0.043494035 0.0035075857 0.0011495426 0.020720826 0.017484173 8.1455164e-07 0.014590216 4.4018752e-06 2.4536741e-06 1.9192656e-05 6.753882e-05 0.0052463375 0.0019071042 0.019599669 0.0212485 0.00014806353 0.76568145 2.2793949e-05 0.0003733389 0.008782883 0.06946961 1.4510018e-06 0.00020302953 0.00031780748 1.0068346e-07 0.028128553 4.0957934e-06 1.9336307e-05 8.585124e-06 0.13290791 2.8153627e-08 0.0030952047 0.0076908097 1.5421695e-06 0.007274263 0.0018553791 0.0008753349 0.082627416 0.00093329744 2.7010938e-10 8.327627e-09 9.836416e-10 0.00013789447 5.9836595e-05 0.011902635 4.9334926e-06 0.0005917714 3.1462837e-06 0.006577072 1.5524861e-11 0.0029082762 1.119473e-05 1.0589441e-07 4.021114e-05 0.000898794
0.9916926 0.0032112252 0.0064169625 0.014790292 0.006139788 0.0049207145 0.025627404 8.9109e-05 0.0016462576 0.06543939 0.00076649076 0.00040436455 0.00013172899 0.67696667 0.0034726341 0.017566027 0.0009647715 4.4653843e-05 0.0013892073 0.73317784 0.25685063 0.0006304524 0.015422984 6.310604e-08 0.60878056 0.93941295 0.9243213 0.022683142 0.0008802039 6.731903e-05 0.008998108 0.105567224 0.1363589 0.00048948225 0.88084954 7.972417e-06 0.0005128558 0.00020918071 0.0040427665 0.0005703664 0.00033452018 0.0072201155 4.919982e-05 0.0018301443 0.00059967075 0.0019079137 0.015796937 0.0027119108 0.027463432 7.181795e-05 0.92443967 0.00015302982 0.0005017997 4.615553e-05 2.92353e-06 3.5583944e-05 0.000112295944 0.00014772586 0.0011879156 0.3412715 0.40002152 0.16786161 0.034061626 0.00011527988 0.00043510113 0.59084105 0.00049039547 6.576711e-07 0.00037655744 0.0003567715 3.9780982e-08 0.091859564 1.6485054e-06 0.023742344 7.1130357e-06 0.019167865 4.7134318e-07 0.0024454996 0.0019655959 2.3170296e-06 0.79208803 0.15148911 9.767425e-07 0.0017089857 0.09952531 1.9193165e-09 4.4838525e-11 3.7622283e-09 4.3897185e-06 2.9052544e-05 5.7885513e-06 0.0014324576 1.7354685e-07 0.00018633986 0.53018236 4.170547e-11 0.11623342 0.00039480272 2.9495804e-06 0.0062132906 0.1338272
0.9686098 0.0048324126 0.006784107 0.010756904 0.079056524 0.0047387537 0.22212589 3.7813836e-05 0.004661137 0.05694497 0.004195889 0.00046665026 3.5799334e-05 0.7018319 0.027795054 0.016950078 0.009929089 5.8264155e-05 0.036060914 0.98360234 0.07071828 0.0008205404 0.6866817 0.60878056 9.922386e-09 0.86742467 0.80118936 0.52694815 0.001836476 0.00036848529 0.0036705693 0.9633975 0.08575246 0.00055232586 0.93422574 1.0909422e-06 0.01909933 0.00035573103 0.002620521 0.004546241 0.0069219763 0.0029831287 5.749415e-05 0.043270826 0.0004163431 0.002050243 0.0060153287 0.002079039 0.013289998 0.0006782871 0.5546698 1.4299558e-05 0.0007976482 8.867669e-06 2.312222e-06 8.351157e-06 6.677343e-05 0.00029816438 0.00047885298 0.12219792 0.09175984 0.02464832 0.20610362 8.841769e-06 1.7121887e-05 0.11106103 0.0005407013 1.5904435e-06 2.4312978e-05 1.3457285e-05 7.918835e-08 0.0454486 1.137388e-06 0.0019255063 1.387819e-05 0.0035076041 7.055497e-09 0.00042737887 0.0019710744 2.0587865e-07 0.18052971 0.030400336 1.6453258e-07 0.009133041 0.0054834886 3.7702917e-11 3.146948e-11 3.5365236e-10 4.785439e-05 0.00023431442 6.4942964e-05 0.0003266735 3.2585485e-06 0.00018603941 0.06582805 2.6522293e-12 0.015335818 0.00015717525 4.6296947e-07 0.0007001874 0.018272188
0.9462148 0.010699788 0.0066418597 0.025195392 0.013473028 0.001374444 0.04487614 1.7420367e-05 0.0017114272 0.14093329 0.0018268146 0.00066520524 7.293608e-06 0.7944658 0.002516084 0.035190254 0.0003225522 4.6386976e-05 0.0011873747 0.8800019 0.72147083 0.0010415504 0.006281341 0.93941295 0.86742467 4.5876947e-09 0.9938116 0.0069194813 0.00034760634 0.000100157085 0.0012910218 0.10635594 0.815241 0.000255015 0.36388698 4.016524e-06 0.001061812 0.0010435005 0.0002135462 9.055724e-05 0.0002916538 0.00092284655 5.919234e-05 0.0020398207 0.00010888904 0.013706481 0.00086757506 0.000596059 0.098501906 0.00025926746 0.442298 0.00031738618 0.00011726793 5.6976723e-06 2.2101094e-06 5.675026e-06 2.7389153e-05 4.734897e-06 4.6620786e-05 0.06933537 0.04225726 0.18445279 0.009127242 1.106732e-06 1.4524043e-06 0.4506986 1.712063e-07 3.8109715e-09 1.251424e-06 5.1862094e-07 1.0103455e-07 0.012877109 1.513725e-08 0.013473749 5.550602e-09 4.1624582e-05 1.7305327e-08 5.5816297e-05 9.593244e-05 2.9475822e-09 0.43184182 0.063954554 4.820681e-09 0.00041146862 0.036597285 1.4025016e-10 9.587092e-12 1.4649615e-10 7.776488e-09 2.3157783e-05 6.860759e-10 0.0016845012 1.1370273e-09 0.00038028596 0.13728598 5.9353884e-13 0.027779777 0.0007901011 5.964422e-08 0.0019213835 0.051102553
0.9623025 0.014425454 0.0093086315 0.045480352 0.025575869 0.0017564778 0.057662938 2.0889296e-05 0.00022654982 0.24619494 0.001106193 0.0011207871 9.791166e-06 0.78403956 0.003030479 0.04741274 0.00019486576 5.592606e-05 0.00091973844 0.81283927 0.9030176 0.0014268443 0.00312403 0.9243213 0.80118936 0.9938116 3.400028e-11 0.0036690908 1.1735928e-05 5.5710632e-05 2.8092601e-05 0.06587253 0.9064645 3.6464426e-05 0.1705154 8.386253e-07 6.52466e-05 0.0002169281 1.2040952e-05 5.6613285e-06 2.011722e-05 9.272482e-05 5.007864e-06 0.00043520468 4.129207e-05 0.028682498 0.00010779866 3.721193e-05 0.11601942 1.0089436e-05 0.14701664 6.89695e-05 1.4398623e-06 1.2519932e-08 1.8273353e-07 1.3300513e-07 2.7619703e-06 9.575908e-08 3.099133e-06 0.04215403 0.012199467 0.13407677 0.000620901 3.98358e-08 1.02286695e-08 0.22322859 4.9769326e-09 3.4333755e-10 1.8191882e-08 5.1380255e-08 1.0924829e-08 0.00040943356 9.0504395e-09 0.0039164373 4.4379966e-09 6.536424e-07 1.2254531e-10 1.0400079e-06 2.9112798e-06 2.2019895e-09 0.080526315 0.012070415 6.70743e-10 3.53255e-06 0.012282937 1.13225034e-10 1.0205756e-11 2.3624368e-11 5.7535168e-11 5.751189e-08 3.0184848e-12 0.0007920415 1.2372282e-11 6.281948e-05 0.01652303 7.9215904e-14 0.0058851526 8.340051e-05 1.17917e-10 0.00054494676 0.0037335085
0.9394539 0.00075177226 0.00059124787 0.0012933557 0.021383531 0.0068459185 0.08363054 1.1788514e-05 0.0014037631 0.0054794196 0.004034678 1.4103408e-05 9.997714e-06 0.16385846 0.06490337 0.0006885199 0.11851972 2.3488637e-07 0.45441097 0.38151994 0.0033130087 4.9786872e-06 0.9903208 0.022683142 0.52694815 0.0069194813 0.0036690908 5.306546e-12 0.014965128 1.0848903e-06 0.007135359 0.98781735 0.0006630929 8.973888e-05 0.33805478 1.2324724e-08 0.7547192 2.0162048e-07 0.0023179362 0.38437775 0.3438185 0.0018377096 1.2996776e-06 0.84162086 2.1369278e-05 3.7591482e-05 0.007635098 0.0006404728 0.00037839537 0.006299322 0.035784796 6.919282e-09 0.0013578848 1.2792515e-07 1.0765538e-07 1.4566412e-07 7.221478e-07 0.0003960615 0.0002359543 0.04502252 0.033951692 5.5037326e-05 0.93905485 4.270195e-07 1.1757671e-05 0.0059769843 0.15734917 2.5673697e-07 1.1221014e-05 1.6189742e-05 2.3487e-09 0.0740383 2.949967e-07 9.952443e-06 3.4935474e-07 0.016627848 3.9615532e-08 0.00092858844 0.0014483744 6.111317e-08 0.0049973065 0.001593044 0.00011578727 0.18591624 0.00022836913 1.772934e-11 1.1430412e-10 8.332321e-11 0.00026356187 0.00021229014 0.018524563 2.657111e-06 0.0004888732 4.09865e-06 0.007129767 1.3290336e-12 0.0013238644 3.8659025e-05 2.342906e-07 2.4553163e-05 0.00090138376
0.97918904 0.0016694902 0.00083525595 0.0029564255 0.012942361 0.4041972 0.24712735 0.00022856086 0.10562943 0.0031544422 0.34431243 1.6801629e-05 0.00012317522 0.034091987 0.95063204 6.58045e-05 0.95370734 2.4462538e-06 0.67827445 0.003293809 2.5483185e-05 9.4728296e-07 0.032836292 0.0008802039 0.001836476 0.00034760634 1.1735928e-05 0.014965128 9.248063e-09 4.7463127e-06 0.20057887 0.004258469 3.7892835e-06 3.9828774e-06 0.00039241233 5.0362452e-08 0.005999419 6.4385293e-09 0.15201315 0.08607087 0.0061455574 0.026700234 2.540883e-07 0.003620344 8.853853e-06 1.6438405e-07 0.02981944 0.00078903267 6.35737e-08 0.992363 3.528735e-06 2.162218e-09 0.7979638 6.691909e-07 9.975253e-07 2.7248268e-06 1.3108503e-05 0.69370794 0.00045109048 1.1854703e-07 3.4914154e-07 1.9676568e-08 0.000114032264 1.7120286e-05 0.00039086328 2.085656e-06 0.0027794386 1.4650832e-06 3.4642555e-05 0.00014279423 5.9406213e-09 4.3036025e-06 1.0062338e-05 2.3552733e-08 3.223162e-05 0.052748773 1.9902682e-06 0.0026645844 0.0033590859 5.2685385e-07 2.1148203e-06 2.5616245e-07 0.29197735 1.96097e-05 2.6000865e-07 1.3019589e-08 6.5721366e-08 2.5241695e-09 6.132414e-07 5.4464533e-07 0.03409017 7.228358e-08 0.0038395196 5.0133394e-08 2.6885295e-06 4.3699755e-09 1.3454935e-07 2.7025239e-08 6.3691125e-10 1.1213701e-08 2.0219757e-07
0.92879003 0.43296993 0.043711767 0.060109258 0.002233947 0.00016795886 0.0015842686 0.9617779 0.002484952 0.026587196 0.001417638 0.74951243 0.93733925 0.0036422615 0.00055318273 0.19394882 3.714621e-06 0.92336214 1.2714046e-05 0.0005720445 0.0041184886 0.22122413 0.00014669469 6.731903e-05 0.00036848529 0.000100157085 5.5710632e-05 1.0848903e-06 4.7463127e-06 1.4803512e-06 0.003600515 0.000109977125 0.0024008767 0.11054195 4.7542585e-06 0.46101806 1.1295053e-05 0.24056551 0.0015746092 1.1988878e-06 1.9158997e-06 0.022261456 0.9613102 7.4930135e-08 0.30037242 0.0025272735 0.074136406 0.14845183 0.00024257383 5.4715965e-06 1.0223571e-06 0.022398584 9.347426e-05 0.5440306 0.64139503 0.23528108 0.10331001 3.8062387e-07 0.02537282 1.520404e-07 3.3251143e-07 5.824659e-05 4.3791054e-08 0.067138724 0.03821455 8.8988316e-05 1.4122525e-08 0.71042377 0.18001728 0.11889891 0.40329558 1.7159679e-09 0.44975218 0.0007435759 0.013732524 0.0055603758 0.9365056 0.26803902 0.13619237 0.068023 7.4385144e-07 3.6738763e-06 2.476022e-06 2.4287702e-10 9.4258794e-05 0.036680542 0.83931047 0.00039750588 1.84746e-07 3.5514758e-10 1.1961468e-08 0.00030286153 1.0232168e-07 0.013271576 1.3731162e-05 0.00011644414 4.322241e-05 5.835036e-10 4.9456933e-10 0.0015881112 7.576418e-06
0.98606104 0.080531254 0.005274959 0.068984054 0.019138278 0.91873527 0.5925361 0.0019069486 0.61396676 0.01673374 0.8492255 0.001548904 0.00034588051 0.15809838 0.77130115 0.019039202 0.096189424 0.00027124732 0.1330647 0.00970816 0.00029717 4.534508e-06 0.053500105 0.008998108 0.0036705693 0.0012910218 2.8092601e-05 0.007135359 0.20057887 0.003600515 8.534697e-08 0.0028052954 0.00039493543 0.0041796546 0.0012002836 2.1069009e-06 0.0007311451 3.1024836e-06 0.95908135 0.0111125875 0.0015006773 0.95155966 0.00016772228 0.0006277972 0.00022683866 1.1439733e-05 0.62798685 0.0746719 3.231643e-06 0.43951952 1.374792e-05 4.516259e-07 0.87789255 3.116437e-05 0.00014952864 4.8457427e-05 0.000101894446 0.15249506 0.0014274732 4.6180668e-07 1.935757e-06 2.0897264e-07 1.5465519e-05 0.0001829448 0.0016172668 1.6736597e-06 0.00012442896 1.2428232e-05 0.00017317875 0.00058551045 7.034069e-08 4.60169e-07 0.0001175326 1.2942502e-06 0.00035572474 0.29047164 1.1479096e-05 0.026432833 0.05560938 4.012219e-05 3.7420953e-06 3.587228e-06 0.051638283 1.9607076e-06 4.0054675e-07 2.4186257e-08 3.1399182e-07 1.9057357e-07 3.8206733e-07 5.0630298e-08 0.0004085583 4.9594115e-07 6.204181e-05 2.8137122e-06 2.96885e-06 1.452238e-08 1.0742683e-06 1.028007e-08 1.301484e-09 1.9304133e-07 1.3592527e-06
