1.6906666e-09 0.027383883 0.00059895084 0.17763051 0.33176473 0.001819034 0.14152409 0.4849764 0.18386705 0.0008138902 6.122147e-05 0.0007790344 0.8822273 5.231815e-06 0.114738174 0.7830293 0.015945937 0.22011544 0.787354 0.8147477 0.90158916 0.07082634 0.8216708 0.7055357 0.33034295 0.070293024 0.57086325 0.8141513 0.8584028 0.8370331 0.9751042 0.7286002 0.92019206 0.4686325 0.8320456 0.6422106 0.9865842 0.9732369 0.98462766 0.9871836 0.77072597 0.9436829 0.9525259 0.9903143 0.9502355 0.99834794 0.9781641 0.9942386 0.966689 0.88443536 0.9949886 0.97478974 0.9988514 0.98475033 0.9756005 0.9544736 0.9474672 0.9784933 0.99300987 0.99390286 0.97306126 0.9961173 0.97927403 0.9806913 0.98970467 0.9572824 0.985424 0.9580698 0.99983174 0.9985398 0.98821855 0.9885302 0.98716265 0.9919904 0.9822583 0.75689596 0.97324777 0.9783327 0.9976314 0.9738283 0.9635895 0.97559154 0.76497006 0.9490305 0.9666331 0.9491991 0.9204499 0.98861057 0.95818686 0.99734366 0.983822 0.9881121 0.98542017 0.97980475 0.96578866 0.97083837 0.9081841 0.9924243 0.88887596 0.8889427 0.9884051
0.027383883 6.917091e-13 0.9998232 0.9376264 0.3536749 0.7935084 0.9260491 0.14416784 0.95350295 0.082735725 0.0001382421 0.008311257 0.22223262 8.078198e-07 0.012739825 0.038353078 0.00860298 0.056283645 0.0032508636 0.05598784 0.013739591 6.5647578e-06 0.0010429365 0.0001746121 0.00015425918 3.7946172e-08 6.5208988e-06 0.0003468348 0.004528448 0.00039015288 0.02471406 3.0971492e-05 0.00045081115 0.00030335816 0.0042324373 0.00030277343 0.0005811737 0.006755811 0.001399543 0.00095274666 0.0015813533 8.409323e-06 0.0002966275 1.2052561e-06 1.3972895e-10 0.0017132512 3.914476e-05 6.907834e-06 9.868919e-08 3.2215663e-09 5.4014003e-05 1.5696536e-08 7.548302e-05 8.001077e-08 3.781031e-10 1.790728e-08 5.9389227e-09 6.1670596e-10 1.0896471e-07 2.2971824e-09 1.1172875e-09 1.4577375e-09 4.1356444e-08 2.5965923e-09 1.7264932e-09 1.0686156e-08 1.1604575e-09 1.305858e-07 1.898371e-07 2.2668927e-09 1.4265189e-09 2.1710078e-09 7.422527e-09 6.38897e-10 1.0156778e-08 6.5526606e-08 1.7742449e-09 2.7232665e-09 4.2428026e-09 5.1142907e-10 5.939877e-08 1.9790214e-10 2.762617e-07 3.0741415e-08 2.276907e-09 9.636655e-10 1.5640217e-10 8.1205883e-07 1.1464539e-10 5.5775556e-10 1.3029073e-07 1.6373857e-08 7.454742e-07 2.3962186e-11 1.8667174e-08 5.6136987e-12 1.6209399e-10 5.316652e-10 7.118036e-10 7.898667e-06 3.3377083e-07
0.00059895084 0.9998232 1.8594518e-14 0.22902626 0.02144878 0.9980841 0.3996743 0.0039089555 0.2516238 0.04474739 4.6364064e-05 0.0033108012 0.009610932 1.3330481e-07 0.010758053 0.0002814507 0.0032655997 0.0029988713 0.00020462503 0.0003072902 0.00077579287 2.1478614e-08 9.214289e-06 2.702452e-06 1.7560086e-06 8.8535006e-11 6.4032854e-08 2.4569617e-06 5.3688247e-05 4.673999e-06 0.00033252145 4.2707583e-08 3.5491398e-06 1.4994133e-06 8.0301375e-05 2.8610964e-07 8.703375e-07 5.1216008e-05 1.4961046e-05 1.6754044e-05 5.704599e-06 1.5619045e-07 2.075018e-06 1.0607735e-07 3.9763642e-10 1.5257188e-05 6.1934384e-07 8.3274884e-08 9.423847e-09 1.2294479e-09 3.7848392e-07 7.1482537e-10 2.2511758e-06 9.915134e-10 7.076487e-11 6.006015e-10 1.9095406e-10 4.1418136e-10 2.6212477e-10 2.0422837e-09 5.583953e-10 1.0339259e-08 1.3882449e-09 5.9341415e-10 2.7735841e-10 5.746536e-09 3.0558112e-10 1.0621011e-08 4.7054485e-08 1.5340838e-10 1.3472427e-10 3.6021502e-10 1.0573122e-09 1.7397246e-10 1.2545408e-09 1.5257004e-10 2.1542435e-10 1.186641e-09 1.0251497e-09 3.555405e-11 1.3087684e-08 3.7809138e-11 9.580982e-09 3.0407932e-10 2.8796596e-12 1.0557891e-12 7.216492e-13 2.8184721e-09 2.3980405e-13 5.687683e-10 7.39194e-09 6.432732e-10 1.6181237e-07 1.6075687e-13 1.6231652e-09 1.818065e-11 6.999906e-14 4.5482085e-09 6.8840293e-09 1.5748621e-07 5.0968456e-08
0.17763051 0.9376264 0.22902626 8.51618e-11 0.9857612 0.4549865 0.44249505 0.5887854 0.9956224 0.00074140885 1.6421899e-06 0.000468697 0.9127213 3.8163638e-08 0.10962276 0.6653607 0.0086766165 0.54405737 0.03276708 0.16366747 0.4432741 0.00056483323 0.014982708 0.006114961 0.0014928487 1.0081255e-06 9.489137e-06 0.0047323382 0.006662786 0.004408318 0.09795272 0.0009946626 0.0030682064 0.00023744073 0.010022908 0.0001488141 2.6308084e-05 0.027283762 0.0072160326 0.011658645 0.0003044 0.000105833584 0.0026166115 5.370371e-07 1.1424054e-07 0.008164463 0.000138192 3.875526e-05 4.888843e-08 9.9037656e-08 0.00036747684 3.1637857e-08 0.0007083832 9.488082e-07 1.5126483e-08 4.8139834e-09 1.8614303e-08 3.7510382e-08 1.3177339e-07 5.5746366e-08 1.174401e-09 3.5190254e-08 6.620133e-08 6.5487804e-10 4.663259e-08 1.6386009e-08 2.3436733e-10 1.8395967e-08 1.6037118e-05 5.3024263e-07 7.997747e-09 1.7334594e-08 2.363796e-09 5.1867158e-08 5.916231e-09 2.2831138e-08 1.272794e-08 1.30444455e-08 2.5168742e-07 7.5761997e-10 1.4775487e-08 4.908004e-09 4.799534e-07 6.0345904e-08 1.7155424e-09 1.878145e-09 6.982568e-11 1.2261084e-07 4.7536597e-10 7.0157585e-10 1.5433382e-09 2.0273492e-09 7.496216e-08 2.5113128e-10 8.032844e-10 5.08334e-12 1.9058437e-10 1.5860334e-09 1.34615235e-08 1.924679e-06 3.995258e-09
0.33176473 0.3536749 0.02144878 0.9857612 7.2778654e-13 0.034692295 0.58132994 0.9808472 0.5147961 0.00018279464 2.721167e-07 2.3135684e-05 0.983518 1.5994274e-09 0.006213827 0.8773991 4.7659778e-05 0.21151508 0.0059492714 0.62220347 0.5217424 6.426059e-05 0.07330237 0.004477861 2.8500046e-05 4.7045063e-08 9.833645e-07 0.0009073018 0.053401873 0.0044734795 0.23911059 0.0011559919 0.0042634015 0.0028836436 0.0015604218 0.0006072584 0.0005463976 0.067292616 0.01253524 0.014667197 0.00012289152 0.00026840463 0.006626068 8.783327e-06 1.5787461e-07 0.02912294 0.0004124437 5.16534e-05 1.607918e-06 4.53462e-08 0.0013260455 1.4635854e-07 0.0021754953 1.4552708e-05 9.51729e-09 2.1834921e-08 1.6884027e-07 6.358292e-08 1.3293692e-07 8.7714767e-07 1.6931093e-09 6.435684e-08 3.6674612e-07 1.1271056e-09 1.508637e-07 7.652318e-09 7.248618e-10 4.47991e-08 5.7376164e-05 3.8633016e-06 8.315263e-09 7.756227e-08 2.4788879e-08 5.3490925e-07 3.0327318e-09 1.4467577e-07 9.156552e-08 1.1331758e-07 1.170793e-06 6.3622975e-11 5.195476e-09 5.779483e-08 4.477202e-08 6.0403687e-07 9.071248e-09 7.813657e-09 5.4097793e-10 1.0134727e-06 2.0501881e-08 3.6066466e-10 3.7582783e-08 1.0806451e-08 2.6754324e-07 2.6345917e-09 9.836347e-09 7.0191956e-11 1.5768666e-09 3.630044e-09 3.583795e-08 9.257696e-06 6.5678223e-09
0.001819034 0.7935084 0.9980841 0.4549865 0.034692295 8.804927e-16 0.7774398 0.003900558 0.96465176 0.6429048 0.029788304 0.94899184 0.014282706 0.0007845677 0.7178795 0.00016697441 0.7437629 0.043954786 0.0017900419 3.721846e-05 0.00014893561 7.5989284e-08 1.7210897e-07 2.449251e-06 0.00024837602 2.995445e-09 1.1881863e-06 6.8110644e-06 3.1036717e-07 1.0627664e-05 0.00013617596 1.7255714e-07 9.753459e-06 9.89895e-08 0.000120629105 4.092781e-09 3.8130164e-08 4.7800295e-05 2.3656205e-05 4.4765347e-05 1.7048598e-05 9.398989e-08 1.7613773e-06 5.6356573e-09 4.2167398e-11 4.444829e-05 1.7476203e-06 5.557873e-08 4.9498355e-10 5.037907e-12 7.563693e-07 7.557909e-11 2.1753135e-06 5.5821715e-11 2.2264087e-12 1.0576197e-11 1.6169342e-11 4.447964e-12 5.1402525e-11 1.6411641e-10 3.1591184e-12 2.958158e-10 7.0011485e-10 3.0068503e-11 2.819245e-10 1.1847829e-11 2.664242e-11 2.8695685e-10 8.4520956e-08 1.6106826e-11 7.489269e-12 1.8542095e-11 4.405917e-11 5.1580754e-12 2.4125403e-11 2.416502e-10 4.8508714e-12 1.16041204e-11 3.279664e-10 2.451826e-12 2.2400458e-10 9.192572e-14 2.2084035e-09 4.720113e-10 1.781244e-12 5.7982638e-12 7.861459e-14 1.4026573e-09 1.9684785e-12 1.90621e-11 8.467944e-11 1.000708e-11 4.17742e-10 4.028688e-14 4.9693747e-12 2.8373934e-13 1.1596498e-13 5.171298e-11 2.464834e-11 1.771086e-10 2.5041857e-10
0.14152409 0.9260491 0.3996743 0.44249505 0.58132994 0.7774398 5.8682366e-15 0.9901591 0.054233503 0.99884826 3.5151537e-05 2.7516944e-05 0.16080381 5.4079482e-08 2.916048e-06 0.2801264 6.6417385e-07 0.00026647316 2.1424334e-05 0.74140644 0.020300826 3.0869427e-09 0.06493892 1.45327085e-05 3.437134e-08 1.5828112e-10 2.245862e-08 2.792974e-06 0.7121299 1.3042176e-05 0.085228086 1.7826932e-07 2.4329724e-05 0.47116753 7.664647e-07 0.018277364 0.08648274 0.065854825 0.0016739063 0.0009117546 6.2280674e-06 2.061307e-07 2.6223894e-05 4.9629132e-05 2.7583058e-10 0.009871584 1.2752886e-06 6.8914257e-09 1.4011629e-05 2.4662052e-09 1.6146923e-05 4.533494e-07 0.00022338703 1.5048643e-06 2.800398e-09 2.3454255e-07 3.6376633e-08 2.772373e-10 4.7824344e-10 1.1873916e-07 1.1248721e-09 9.0871055e-10 7.562541e-10 2.4108807e-10 1.8173656e-10 1.0390253e-10 4.1022023e-11 6.6024124e-09 1.28409114e-08 1.0501017e-08 2.90542e-11 2.4969387e-08 4.0601815e-08 1.7366034e-08 4.195202e-10 2.725682e-10 1.8246177e-10 2.0510134e-08 6.3567853e-09 2.1003524e-12 4.704151e-10 1.440433e-09 1.3040856e-09 2.932401e-10 1.3588146e-10 1.4542887e-12 1.0450669e-11 9.7189865e-09 1.7650669e-13 7.831236e-12 8.645252e-09 8.412254e-09 4.5696478e-07 1.8350661e-11 1.5958355e-08 3.7427998e-11 4.7595157e-12 3.2287376e-10 1.1477563e-09 1.05617e-06 6.3188272e-09
0.4849764 0.14416784 0.0039089555 0.5887854 0.9808472 0.003900558 0.9901591 9.608804e-12 0.04324404 0.0008610152 5.358558e-07 2.3672366e-05 0.89408183 1.3302123e-09 4.5823126e-05 0.9079405 7.8926695e-07 0.0039490573 0.00018383938 0.9256894 0.23579799 5.562242e-08 0.21450305 0.00017549405 6.1241496e-07 1.1041866e-09 1.9479691e-07 1.896343e-05 0.53803015 0.0005547746 0.44683933 2.646415e-05 0.0013749658 0.036121577 3.3186516e-05 0.005273976 0.012314523 0.2831484 0.027431635 0.013357341 0.00088529196 3.0218509e-05 0.003372376 0.00018058009 5.356432e-09 0.084875874 0.00018266533 3.6143345e-05 5.756094e-06 4.834588e-08 0.0010435429 2.6432936e-06 0.002758363 4.124848e-06 6.8350026e-10 2.3534916e-07 3.7372786e-07 4.922626e-10 1.7909491e-09 3.771191e-07 1.2616148e-09 6.074031e-10 4.5680744e-09 1.3649369e-10 3.7081258e-10 1.3372889e-10 6.942397e-11 1.704025e-08 2.079954e-07 6.935551e-08 4.6966094e-11 2.1523809e-08 9.5226696e-08 1.2861938e-07 1.4258442e-09 3.0488847e-09 9.799769e-10 4.748753e-08 3.6714564e-08 8.351951e-12 5.519301e-09 1.5162504e-08 3.1064e-08 4.8220635e-08 5.473893e-10 1.876664e-11 6.139113e-11 1.8411134e-06 1.943043e-11 1.9747119e-10 1.6211449e-07 1.2844188e-07 7.7512095e-07 9.0944696e-11 1.4232931e-07 3.5258815e-10 2.7821766e-11 3.5098356e-08 7.926255e-08 9.794085e-05 1.1859938e-07
0.18386705 0.95350295 0.2516238 0.9956224 0.5147961 0.96465176 0.054233503 0.04324404 1.021643e-11 0.003406744 8.963607e-05 0.030703295 0.8028286 4.98244e-06 0.90122575 0.12732613 0.7275025 0.74921143 0.23043606 0.010321478 0.23737718 0.0023383482 0.0010808902 0.008449418 0.024800727 0.00024019403 0.0017837826 0.014040382 0.0005881464 0.013739291 0.18030094 0.0057245954 0.008788962 2.2102959e-05 0.083838895 0.00042980904 6.7675087e-06 0.039460763 0.01353731 0.060390547 0.008989465 0.00019377205 0.0036154822 1.13259986e-07 4.9763372e-08 0.011463836 0.00058574893 4.422871e-05 6.538104e-08 1.7669278e-06 0.0003604441 3.30691e-08 0.0001546706 1.01474875e-07 4.255259e-09 1.1505925e-09 4.514812e-09 5.765585e-09 2.0689545e-07 1.4464071e-09 4.378018e-09 4.773378e-09 7.230784e-08 6.9097034e-10 9.318037e-09 8.210757e-09 5.596898e-10 2.8777998e-07 1.3928733e-05 1.5031889e-08 3.335821e-09 1.3241773e-09 4.416784e-09 4.955242e-09 9.5566355e-09 2.1756465e-07 1.1223972e-08 7.15692e-09 1.1716469e-07 4.498034e-09 4.250653e-08 1.1728021e-10 1.6124064e-06 2.9870242e-07 7.4311507e-10 1.2631317e-09 2.0000746e-10 9.808377e-07 2.049843e-09 1.4147538e-09 6.4848207e-09 1.0542655e-09 8.93099e-08 1.12402004e-10 1.7409661e-10 1.177535e-12 1.4198196e-09 5.0699345e-10 5.7296357e-10 1.1542273e-05 5.5429745e-09
0.0008138902 0.082735725 0.04474739 0.00074140885 0.00018279464 0.6429048 0.99884826 0.0008610152 0.003406744 2.1665483e-13 0.99735856 6.535258e-05 0.001721359 0.0015439582 6.721144e-07 4.5447186e-07 5.0255417e-06 1.0726944e-05 1.1049219e-05 0.00058301253 8.672194e-06 1.7507311e-12 3.9311388e-07 4.742098e-09 2.3707267e-09 3.4578497e-14 1.8286985e-09 7.35483e-08 0.00013727424 4.723757e-08 8.883908e-05 7.530669e-11 3.4111014e-08 4.6936343e-06 1.3658897e-07 8.419755e-06 1.7131557e-05 1.3870489e-05 9.170574e-07 8.436481e-06 4.902912e-06 2.0337812e-10 2.6101011e-07 1.6155555e-08 1.40388985e-11 1.7402184e-05 4.0812324e-07 1.0615198e-08 5.9736436e-08 1.5179097e-10 4.1073207e-08 2.6063907e-10 2.3813008e-08 3.1644725e-09 1.0879917e-11 4.684775e-10 3.22278e-11 1.1003302e-10 7.872942e-13 3.14341e-10 3.758647e-10 1.9955895e-10 1.1300325e-10 2.3469568e-10 3.0072216e-12 1.4849663e-10 9.2207346e-11 2.6846847e-09 2.0085569e-11 9.231588e-12 2.2318392e-11 6.5150827e-09 5.1780324e-10 7.006872e-12 1.2509156e-10 2.468598e-11 2.7713548e-12 2.7508258e-09 3.5450476e-13 8.313501e-13 8.296782e-11 2.4317113e-12 6.250914e-11 4.066203e-12 2.8949113e-14 1.32569796e-14 5.3297106e-17 8.0947115e-12 1.0436983e-15 2.7227862e-11 6.7209416e-10 4.4563245e-10 8.308399e-07 4.015491e-15 1.6117783e-09 1.401996e-10 3.9192714e-15 5.264321e-10 1.4725617e-10 6.586216e-08 1.7008233e-08
6.122147e-05 0.0001382421 4.6364064e-05 1.6421899e-06 2.721167e-07 0.029788304 3.5151537e-05 5.358558e-07 8.963607e-05 0.99735856 1.8606898e-18 0.0015954202 2.7004722e-05 0.99999344 3.015421e-06 1.18487975e-08 4.1994277e-05 4.298385e-06 4.804414e-06 1.1894089e-07 1.3696372e-07 1.3314954e-11 4.6285025e-09 1.4411392e-09 2.149394e-08 4.3477605e-13 4.0318632e-10 1.6505236e-08 7.418498e-08 5.504732e-08 1.8782839e-06 7.6299284e-10 4.5109665e-08 1.24256e-07 1.8060635e-07 3.6176118e-08 4.0103615e-08 7.285742e-07 3.5418887e-07 3.944916e-06 2.8020345e-06 1.0042923e-09 1.5187796e-07 7.931499e-09 2.4267501e-11 5.196931e-06 2.6505873e-07 2.179485e-08 2.888008e-09 2.410746e-11 7.932818e-08 2.3199989e-10 4.2083975e-08 3.2309905e-11 4.5316736e-11 2.7395786e-09 1.0790309e-11 1.0788719e-12 2.1777014e-13 4.280769e-10 3.5951405e-11 7.465659e-10 1.7954989e-12 7.706729e-10 5.509739e-13 7.757284e-10 5.0073523e-10 4.88816e-09 7.415671e-11 1.7579687e-12 2.3161633e-12 1.3510254e-10 3.0414546e-10 4.3321773e-11 1.0775383e-10 1.6432096e-10 4.2449573e-12 3.8548973e-11 1.6244334e-11 8.130265e-13 1.0479777e-10 1.725595e-12 7.791203e-12 2.3428053e-11 1.5314064e-13 5.099144e-14 7.922584e-15 9.746502e-12 2.2772065e-13 1.5178627e-11 2.407508e-10 2.906257e-11 2.7677684e-08 8.9046324e-14 1.770197e-11 6.950948e-13 3.640068e-14 8.10587e-11 6.6927575e-11 8.364667e-10 1.7358177e-09
0.0007790344 0.008311257 0.0033108012 0.000468697 2.3135684e-05 0.94899184 2.7516944e-05 2.3672366e-05 0.030703295 6.535258e-05 0.0015954202 2.9977266e-12 0.0075804326 0.9999856 0.0220077 6.198248e-07 0.9915152 0.0030735028 0.003315686 2.1161672e-05 7.749023e-05 1.4455813e-05 1.3903158e-07 1.2225601e-05 0.000842337 9.989008e-07 0.00013900144 0.00010364117 4.395589e-07 4.040118e-05 0.00011798103 6.724873e-06 2.778918e-05 6.674754e-08 0.00059592293 3.7988939e-06 1.8824801e-06 3.1960968e-05 1.3582051e-05 8.889137e-05 0.00014843167 2.4475348e-06 2.8263217e-05 6.609421e-08 6.0568574e-08 2.9039e-05 1.3744001e-05 8.140395e-06 3.2281744e-06 6.958458e-09 4.9260975e-06 8.080779e-09 9.096535e-07 5.961007e-09 1.068157e-08 1.8359732e-07 1.0780692e-09 1.211417e-09 1.1486788e-08 1.1712759e-09 1.666861e-08 1.02093004e-07 1.6932032e-07 8.203732e-08 1.1819312e-09 2.3160942e-07 3.1734256e-08 2.024267e-06 1.4246525e-07 5.88202e-11 2.033473e-08 9.318534e-09 3.101461e-09 9.608079e-10 1.3196127e-07 3.6207027e-07 7.8387945e-09 1.9316748e-09 8.964076e-09 1.0002815e-09 1.9037402e-06 5.7312387e-11 6.2201195e-08 4.8229623e-07 1.8665804e-10 4.186705e-10 1.4457899e-12 2.847103e-09 2.3126737e-10 3.74446e-09 1.9051079e-08 5.63728e-09 1.0359937e-06 2.7448951e-11 6.051346e-09 4.6590576e-10 6.0566575e-13 3.0056796e-08 6.957591e-10 7.794742e-08 8.774581e-07
0.8822273 0.22223262 0.009610932 0.9127213 0.983518 0.014282706 0.16080381 0.89408183 0.8028286 0.001721359 2.7004722e-05 0.0075804326 1.4490027e-09 1.4958698e-06 0.03546383 0.9746464 0.0006679295 0.10742755 0.18460733 0.44272986 0.8629352 0.00016492305 0.045757443 0.0069981157 9.3343224e-05 4.5049737e-06 0.000103589 0.0013297985 0.00895556 0.034920827 0.9305119 0.0073172795 0.021500241 0.0003114184 0.011620859 0.0014829619 0.00046116902 0.81212693 0.36828882 0.20410135 0.011311968 0.0039512496 0.03683539 3.3998047e-05 1.7269667e-06 0.30964535 0.0038311533 0.00060417 7.8470155e-05 3.724168e-05 0.008207986 2.4334865e-06 0.006823206 1.9474826e-05 2.7583522e-07 2.8748664e-06 2.1884748e-06 4.7125617e-08 4.67325e-06 2.4410346e-07 1.8338237e-06 1.3377807e-07 9.576767e-06 2.2944072e-08 3.1877775e-07 2.9081358e-08 4.521827e-09 1.26768255e-05 1.598176e-05 1.4587945e-07 1.2358952e-06 1.2959403e-07 6.245944e-07 3.261009e-07 3.3554434e-07 9.971933e-07 1.2991305e-07 2.7177498e-06 5.093826e-07 5.926953e-08 8.542984e-07 6.67952e-07 5.929291e-07 1.9495139e-05 2.4435454e-07 2.1976301e-07 6.0673415e-07 5.937683e-05 5.350271e-07 4.3155328e-08 6.2168664e-07 7.783986e-08 4.4414205e-06 1.939829e-07 1.6390154e-06 6.683557e-08 3.3828374e-07 4.8540834e-08 2.3731496e-07 0.00044041855 3.6979943e-06
5.231815e-06 8.078198e-07 1.3330481e-07 3.8163638e-08 1.5994274e-09 0.0007845677 5.4079482e-08 1.3302123e-09 4.98244e-06 0.0015439582 0.99999344 0.9999856 1.4958698e-06 4.1323726e-19 2.4156096e-05 5.4830855e-11 0.07493683 2.3426358e-07 2.2545253e-06 2.200352e-09 2.6190413e-08 7.533927e-12 3.0582585e-11 1.988937e-09 7.076863e-08 2.8696529e-12 1.3929395e-09 2.3309214e-08 3.4696887e-10 2.3406514e-08 2.567979e-07 1.03321116e-10 1.1894945e-08 1.029729e-10 7.4576786e-07 2.7046546e-11 6.897639e-11 6.6055016e-08 5.0344394e-08 3.685265e-07 3.2235964e-06 6.168895e-10 2.3001604e-08 3.5852132e-10 6.1862e-11 2.0216017e-07 8.882319e-08 4.1535633e-09 3.137607e-09 3.386992e-11 1.28845326e-08 1.2285752e-10 3.9522363e-10 7.467816e-12 8.669864e-11 1.4897344e-11 1.3887381e-12 1.2695771e-11 6.6130364e-13 1.6268868e-10 1.775141e-10 7.068599e-10 8.643866e-13 6.200887e-10 2.7796554e-12 3.717161e-10 3.9342007e-10 1.3668187e-09 1.1348443e-11 1.9508346e-14 2.2960707e-12 8.518942e-11 3.32199e-10 1.2545246e-12 2.4803135e-10 2.5753118e-11 1.3110399e-11 1.7240267e-11 7.1994575e-13 5.132391e-13 6.5705726e-11 2.9575157e-13 2.8076043e-11 5.0252675e-12 1.2045748e-15 2.127623e-14 1.1837386e-16 3.5888268e-13 1.6917943e-14 1.2015621e-11 3.937742e-11 1.6642628e-11 5.61931e-09 2.5901639e-15 2.9898297e-12 3.2461826e-13 5.2688864e-16 1.0148687e-11 6.662975e-12 2.4051627e-10 1.3672952e-10
0.114738174 0.012739825 0.010758053 0.10962276 0.006213827 0.7178795 2.916048e-06 4.5823126e-05 0.90122575 6.721144e-07 3.015421e-06 0.0220077 0.03546383 2.4156096e-05 2.9437643e-11 0.00049567077 0.99994165 0.98109555 0.6349728 8.085702e-06 0.03987939 0.054826785 4.923005e-05 0.027583992 0.93465 0.022619868 0.07125455 0.09118261 2.426386e-06 0.012401931 0.017473971 0.007921374 0.0044367155 1.743091e-06 0.2569328 3.1575587e-06 1.2936178e-07 0.006321927 0.00385259 0.14810726 0.011192468 0.002629908 0.0078073423 2.5996204e-07 9.756297e-06 0.004683583 0.0015674109 0.0002939679 1.6452733e-06 1.4236406e-05 0.00082239235 5.35341e-07 0.0006489415 3.1728416e-06 7.900087e-07 5.144076e-08 8.297855e-08 4.4757506e-08 2.11431e-06 1.4862876e-07 4.9937205e-07 3.7540556e-06 1.7817915e-06 4.3187384e-07 8.4700855e-07 5.643749e-08 1.355162e-07 5.255719e-06 2.5146262e-05 9.707936e-07 2.2216534e-08 3.5979724e-08 1.9721053e-08 5.3236285e-08 1.3268019e-07 1.3920147e-06 1.6231266e-07 8.61814e-08 3.4960453e-06 2.7446778e-09 6.031598e-08 6.9901307e-09 3.6466264e-07 1.2842155e-05 1.9697032e-08 2.478987e-08 4.065501e-10 4.9062553e-08 1.5442151e-06 1.1220419e-08 2.3160222e-08 3.102279e-08 9.221453e-08 5.9776637e-09 1.3051731e-09 4.214335e-11 2.1872539e-10 1.2464624e-09 5.806052e-09 1.1717507e-07 1.3518793e-09
0.7830293 0.038353078 0.0002814507 0.6653607 0.8773991 0.00016697441 0.2801264 0.9079405 0.12732613 4.5447186e-07 1.18487975e-08 6.198248e-07 0.9746464 5.4830855e-11 0.00049567077 2.0747129e-10 7.614264e-08 0.058850158 0.0049209264 0.9608492 0.95828086 3.076108e-05 0.9462539 0.010978206 4.950797e-07 1.443426e-08 4.7496204e-07 0.00026207455 0.2507918 0.01881592 0.8069336 0.008448542 0.014534789 0.009755116 5.0314426e-05 0.002310636 0.0016834012 0.6906571 0.15140063 0.0588274 6.567723e-05 0.0019515655 0.026730943 7.092691e-05 1.5295816e-06 0.39174986 0.0010120056 0.0003276485 1.1666473e-05 2.7174156e-06 0.0140940985 2.341136e-06 0.026874378 3.1528933e-05 5.5086495e-08 3.042956e-07 2.3887364e-06 3.4472908e-08 2.835272e-06 9.245599e-06 3.9448295e-08 1.7371484e-06 8.571625e-06 2.2390143e-08 1.021473e-06 5.790646e-09 2.3877364e-08 4.5693992e-07 0.00038245908 3.4529687e-05 2.5750396e-07 4.142483e-07 3.3493404e-07 1.7028888e-05 7.904213e-08 6.978115e-07 5.2151066e-08 7.422648e-07 0.00014092847 2.6953192e-10 4.831656e-08 1.1403617e-06 1.918089e-07 8.951472e-06 1.1677616e-07 2.1502359e-07 1.2075242e-07 8.255268e-05 1.1292215e-06 2.1838169e-08 9.5940436e-08 3.4695468e-08 8.0253216e-07 6.4744887e-07 1.9296236e-07 4.9837837e-08 7.556047e-08 1.1104598e-08 1.0419402e-07 5.3409924e-05 1.39385e-07
0.015945937 0.00860298 0.0032655997 0.0086766165 4.7659778e-05 0.7437629 6.6417385e-07 7.8926695e-07 0.7275025 5.0255417e-06 4.1994277e-05 0.9915152 0.0006679295 0.07493683 0.99994165 7.614264e-08 1.1768523e-12 0.59633166 0.10661535 2.2455183e-07 0.00010169979 0.0031084854 1.0292097e-08 0.0026333139 0.9223721 0.00053112506 0.004316571 0.014976785 4.527784e-08 0.0005189878 0.0009841827 0.00018220932 0.00024245935 8.0249424e-10 0.39435083 1.489915e-07 1.7724961e-09 0.0003179066 0.00024044864 0.041686658 0.070292905 0.0005334408 0.001797996 2.7428984e-09 4.1282698e-07 0.0007265915 0.0014477101 0.00021444254 5.296071e-08 2.0797201e-07 0.0001031942 1.4882022e-09 3.4197756e-06 2.4646956e-09 5.293644e-09 1.4430611e-10 4.0334402e-10 1.0285086e-09 7.055413e-10 3.6534178e-09 1.9021522e-08 5.9570887e-08 1.7260692e-08 3.1640799e-09 1.7987272e-09 2.9652036e-09 3.011215e-09 7.531773e-08 2.3978545e-08 1.0834566e-11 9.882692e-11 2.55853e-10 1.0899078e-09 1.3980167e-11 6.642529e-09 9.483477e-09 2.5910514e-09 2.4969184e-09 4.5876483e-10 1.3906373e-10 4.83643e-09 2.1924643e-12 3.216785e-08 4.8060285e-09 2.9570758e-13 4.3396283e-11 2.4666353e-15 1.3962232e-11 4.7276146e-12 6.852808e-10 4.066944e-10 2.407499e-10 1.1597738e-09 1.8459573e-13 3.939846e-11 3.3051628e-12 4.790614e-14 7.685319e-12 4.510056e-11 2.9069365e-09 2.2243003e-11
0.22011544 0.056283645 0.0029988713 0.54405737 0.21151508 0.043954786 0.00026647316 0.0039490573 0.74921143 1.0726944e-05 4.298385e-06 0.0030735028 0.10742755 2.3426358e-07 0.98109555 0.058850158 0.59633166 7.627935e-10 0.99915415 0.00016432552 0.55597705 0.9597203 0.0022430606 0.46640465 0.6842837 0.057291195 0.012859958 0.13892095 2.8525119e-05 0.14594753 0.034333263 0.056544922 0.028824996 4.424149e-05 0.06607792 1.4442997e-05 7.863972e-08 0.012854753 0.014739397 0.121811375 0.0013112398 0.0013391793 0.008815215 9.81884e-07 9.710603e-07 0.011482585 0.002061102 0.00012890692 9.918242e-07 2.1120347e-06 0.0011350579 2.522616e-08 0.0010953671 1.3361864e-06 4.7388613e-09 7.4862e-08 1.5658883e-07 1.2321598e-08 3.2549812e-07 7.9022534e-08 1.948053e-07 5.108249e-07 5.533014e-07 1.2226271e-08 1.3724103e-07 2.3554822e-10 7.869475e-09 3.309906e-07 3.3853135e-05 1.0772994e-07 9.399205e-08 9.77254e-09 6.288832e-08 1.7766503e-08 1.4802538e-08 3.1116053e-07 8.202508e-09 2.3838503e-08 3.1445393e-07 3.8190537e-10 1.5678614e-08 5.595033e-09 1.2146476e-08 3.316731e-07 3.9294384e-10 7.0741333e-09 1.773306e-11 1.9336692e-07 4.61322e-09 7.2546975e-08 1.4253311e-08 2.8462126e-09 4.6674586e-08 9.644711e-10 5.7268736e-09 5.7049823e-09 2.001059e-10 2.1737643e-08 1.2984468e-07 6.907138e-07 5.0481706e-08
0.787354 0.0032508636 0.00020462503 0.03276708 0.0059492714 0.0017900419 2.1424334e-05 0.00018383938 0.23043606 1.1049219e-05 4.804414e-06 0.003315686 0.18460733 2.2545253e-06 0.6349728 0.0049209264 0.10661535 0.99915415 1.7339191e-08 0.00016854741 0.6795124 0.8223065 0.0008125244 0.9724541 0.07706101 0.010797466 0.023948018 0.7245885 0.00015750565 0.7364817 0.59134823 0.281709 0.2696956 0.000104191284 0.18625624 0.00030161807 8.946894e-05 0.47591597 0.40828735 0.8643917 0.04439551 0.013278748 0.23874405 5.909341e-05 1.2447627e-05 0.27004465 0.04640675 0.0023081563 2.0369347e-05 0.00023946876 0.034584206 1.8093485e-06 0.009180524 8.466504e-06 5.504842e-06 3.475513e-07 1.4258112e-06 1.4069138e-07 3.9201026e-05 2.6145557e-07 1.6785332e-06 1.07726464e-07 2.20162e-05 1.1411293e-07 9.813654e-07 1.0777511e-06 3.0133197e-08 2.1874179e-05 0.000106707295 1.1726355e-06 3.3033612e-06 3.116263e-08 3.1836427e-07 3.6594398e-07 4.501362e-06 8.105767e-06 2.546766e-07 4.6129563e-07 1.0630846e-05 5.4290314e-08 2.2166878e-07 2.675412e-07 1.1049814e-06 8.748637e-05 2.500294e-08 5.4722983e-07 7.133007e-08 0.00011590194 6.785067e-06 2.5428767e-08 2.9537028e-07 2.2143052e-08 2.643538e-06 8.83798e-07 1.6716089e-07 1.7729526e-09 7.551137e-07 2.5327939e-08 4.0440053e-08 0.0006965944 9.4971443e-07
0.8147477 0.05598784 0.0003072902 0.16366747 0.62220347 3.721846e-05 0.74140644 0.9256894 0.010321478 0.00058301253 1.1894089e-07 2.1161672e-05 0.44272986 2.200352e-09 8.085702e-06 0.9608492 2.2455183e-07 0.00016432552 0.00016854741 3.1419628e-08 0.17984451 1.9238183e-08 0.99262613 4.4256052e-05 5.8499854e-08 1.8380901e-10 1.5941146e-07 8.6940173e-07 0.96230114 0.00023920534 0.74416083 8.016343e-05 0.00035839455 0.027851962 2.8475417e-06 0.023381436 0.0317971 0.6718023 0.077400126 0.01526515 0.00026110388 0.00036850476 0.023804318 0.00050265534 4.3266922e-08 0.41041467 0.0005631059 0.0002683591 0.00046451148 3.6811819e-06 0.008674477 3.3112083e-06 0.023394583 6.256231e-06 7.749657e-09 2.597653e-05 3.71125e-06 2.7416538e-09 1.0830869e-07 7.154723e-07 1.4728674e-07 3.9953058e-08 2.2277779e-07 3.6041452e-09 7.916868e-09 8.6428615e-09 2.4164526e-09 4.4264323e-07 2.3841096e-06 8.982467e-07 2.5332298e-07 3.5141144e-07 2.9284874e-07 1.1515724e-06 4.709812e-08 1.0812498e-07 3.538104e-09 5.136517e-06 1.378464e-07 6.1944094e-10 4.5765887e-08 2.078887e-07 3.5835626e-08 3.3854635e-06 1.0222273e-08 8.4645135e-09 1.5293672e-08 5.168213e-05 1.880404e-08 4.355397e-09 8.065581e-07 1.08407264e-07 2.3977185e-05 5.2831135e-09 2.9731398e-06 1.3318017e-07 4.1126437e-08 4.991269e-07 1.3586708e-06 0.00019548375 2.7385004e-05
0.90158916 0.013739591 0.00077579287 0.4432741 0.5217424 0.00014893561 0.020300826 0.23579799 0.23737718 8.672194e-06 1.3696372e-07 7.749023e-05 0.8629352 2.6190413e-08 0.03987939 0.95828086 0.00010169979 0.55597705 0.6795124 0.17984451 7.9267114e-11 0.042551897 0.91046244 0.82602817 0.0006358984 0.00035352595 0.0013365389 0.07390662 0.016001714 0.90812266 0.97717863 0.6992977 0.5981308 0.001844429 0.005368577 0.00045713023 5.5473116e-05 0.9107359 0.83343583 0.4291519 0.0014731899 0.009438766 0.14313069 9.7834614e-05 2.124172e-05 0.6324919 0.007410335 0.0025325695 4.317808e-05 0.00027721908 0.04141542 7.2175912e-06 0.058675926 0.00078882946 1.7843762e-06 8.1150523e-07 9.926541e-05 1.1459846e-05 0.0003838491 6.744404e-06 4.4943252e-07 1.9057177e-05 0.00035679902 2.898734e-07 0.00032521132 1.7077089e-07 4.4303782e-08 4.100022e-06 0.004638015 0.0010064378 8.626871e-05 3.3201252e-06 3.576224e-07 9.524218e-05 1.8208137e-07 2.2501466e-07 3.4246563e-07 5.07622e-06 0.00041394567 7.816731e-08 2.9234144e-07 9.933468e-06 7.0740185e-07 3.145754e-05 4.2566694e-06 1.947947e-05 3.5683763e-06 9.698443e-05 3.1422343e-05 1.0449869e-06 1.8190069e-07 7.492099e-08 3.2218047e-06 1.02296035e-05 2.2677189e-07 5.215448e-07 4.883718e-06 1.2635451e-07 1.0924709e-05 0.00026748117 1.5009678e-07
0.07082634 6.5647578e-06 2.1478614e-08 0.00056483323 6.426059e-05 7.5989284e-08 3.0869427e-09 5.562242e-08 0.0023383482 1.7507311e-12 1.3314954e-11 1.4455813e-05 0.00016492305 7.533927e-12 0.054826785 3.076108e-05 0.0031084854 0.9597203 0.8223065 1.9238183e-08 0.042551897 1.8981763e-12 3.0747601e-06 0.9541442 0.97272694 0.9688264 0.8478588 0.8621908 8.321514e-09 0.22426835 0.0020485104 0.12290597 0.024029508 4.875555e-08 0.07895227 2.3027802e-07 3.556738e-09 0.0031830978 0.010182606 0.09332398 0.001342296 0.0015524584 0.0064508747 9.010411e-07 1.4354489e-06 0.0032834827 0.0029817505 0.0003242389 1.4067608e-07 9.945426e-07 0.0015549922 1.6320726e-08 0.00041119874 2.7596611e-06 9.191828e-08 1.2591316e-09 1.2415947e-07 3.177544e-08 7.1395407e-06 1.74202e-07 8.609593e-09 1.1479113e-06 8.099917e-06 1.677281e-07 1.8519468e-06 2.963769e-08 2.0887152e-08 2.4606716e-06 4.5649394e-05 8.408605e-07 1.3050736e-07 1.689929e-08 1.9138632e-08 3.371321e-07 6.300105e-08 1.427273e-07 1.0827516e-08 7.018265e-09 1.2929617e-05 4.122677e-10 8.221496e-08 3.0654448e-09 6.290797e-07 1.5815997e-06 1.4461092e-09 1.129941e-08 2.3142212e-11 2.2988239e-07 1.1289543e-08 1.1777349e-08 2.6177016e-09 1.6557845e-10 3.0036393e-08 9.1509905e-10 3.0692358e-09 1.8895243e-09 8.267526e-11 5.6034803e-09 6.8301276e-10 4.341633e-07 2.702167e-09
0.8216708 0.0010429365 9.214289e-06 0.014982708 0.07330237 1.7210897e-07 0.06493892 0.21450305 0.0010808902 3.9311388e-07 4.6285025e-09 1.3903158e-07 0.045757443 3.0582585e-11 4.923005e-05 0.9462539 1.0292097e-08 0.0022430606 0.0008125244 0.99262613 0.91046244 3.0747601e-06 2.156022e-11 0.0018107737 1.8477763e-08 5.837421e-09 1.784782e-07 1.671636e-05 0.9766743 0.03053394 0.88086706 0.032649714 0.02200523 0.06749958 9.383515e-06 0.0077757803 0.007720366 0.82779086 0.31206128 0.025586108 2.5523583e-05 0.002197321 0.017172607 0.0016436825 1.8515514e-06 0.38159972 0.0006446637 0.00019287913 0.0005749945 2.226527e-05 0.011640292 1.410435e-05 0.07431479 0.00086179364 3.359324e-07 7.979536e-06 7.7161625e-05 4.3622057e-07 0.00012478488 1.602796e-05 3.0094885e-08 4.317547e-06 5.7614303e-05 9.672519e-08 3.1233787e-05 9.93081e-09 1.1471681e-08 5.3752035e-07 0.0020011512 0.00126016 1.7345378e-06 2.691074e-06 3.7961973e-07 0.00025551894 2.1183173e-07 4.6467602e-07 1.5577653e-08 2.1360202e-06 0.00089473714 2.3802598e-09 3.0228176e-08 1.556452e-05 1.3026352e-07 7.202031e-06 4.9503393e-07 3.843291e-07 3.0681724e-06 0.00011310484 3.2174802e-07 8.668831e-09 3.2455085e-07 1.16416544e-07 1.734466e-05 3.1924249e-06 6.5706234e-07 3.0640784e-08 8.096736e-08 1.8915518e-08 6.301545e-07 0.0002921028 1.4349308e-07
0.7055357 0.0001746121 2.702452e-06 0.006114961 0.004477861 2.449251e-06 1.45327085e-05 0.00017549405 0.008449418 4.742098e-09 1.4411392e-09 1.2225601e-05 0.0069981157 1.988937e-09 0.027583992 0.010978206 0.0026333139 0.46640465 0.9724541 4.4256052e-05 0.82602817 0.9541442 0.0018107737 1.3317697e-11 0.022126691 0.09658818 0.21496496 0.9870944 4.7226426e-05 0.95628357 0.45782942 0.6178045 0.59407234 7.728329e-05 0.11793312 6.986686e-05 3.0203485e-06 0.42098552 0.4966399 0.7801355 0.008210574 0.027950576 0.23866193 1.7333432e-05 7.3223223e-06 0.33167285 0.03062265 0.006911498 3.8784836e-07 4.0966203e-05 0.05821085 7.9210673e-07 0.02974346 0.00026009534 1.3308451e-06 6.470615e-08 1.6950871e-05 1.4397415e-06 0.00053116004 4.543499e-06 1.5923945e-07 1.67008e-06 0.00020867304 1.0433401e-07 0.0001383547 3.37171e-07 2.2157925e-08 2.5655768e-06 0.0013328813 0.00036092568 4.0970186e-05 1.9949097e-07 7.416658e-08 2.4644469e-05 4.6159595e-08 3.973641e-07 4.370136e-08 7.806083e-07 0.00023581865 2.9426069e-08 3.0580477e-08 3.1665995e-06 2.7976273e-07 2.974559e-05 3.7927452e-07 3.1567818e-06 3.8167403e-07 5.1451334e-05 2.1446062e-05 5.5583183e-08 6.498803e-08 1.5467604e-08 9.1949283e-07 1.6156018e-06 6.643293e-08 1.4810558e-08 6.671203e-08 1.9107958e-08 4.332327e-07 9.978178e-06 8.756441e-09
0.33034295 0.00015425918 1.7560086e-06 0.0014928487 2.8500046e-05 0.00024837602 3.437134e-08 6.1241496e-07 0.024800727 2.3707267e-09 2.149394e-08 0.000842337 9.3343224e-05 7.076863e-08 0.93465 4.950797e-07 0.9223721 0.6842837 0.07706101 5.8499854e-08 0.0006358984 0.97272694 1.8477763e-08 0.022126691 2.0492625e-07 0.98427826 0.67928606 0.2466261 1.5315062e-07 0.013510566 0.0063488195 0.018315405 0.008802753 3.5715185e-08 0.9697532 2.5988954e-06 1.3744294e-08 0.008409054 0.014840953 0.45353615 0.12215085 0.02528893 0.13231704 1.00249245e-07 0.00014492578 0.020670792 0.08399078 0.023414059 1.6429966e-06 0.00034703463 0.011714157 1.2035732e-08 0.00077418436 5.3366517e-08 1.0273778e-06 1.360896e-08 1.43440735e-08 2.9726573e-08 5.373783e-07 1.871077e-08 1.4326201e-05 2.957429e-07 6.5743086e-07 1.357203e-07 4.1949342e-08 8.402428e-08 8.762176e-08 9.078734e-05 1.322279e-06 4.2224962e-10 7.814302e-08 1.0163734e-08 7.339009e-08 1.1541533e-09 1.1121366e-06 1.6590306e-05 5.1746235e-07 1.5227491e-07 1.0349583e-07 2.0575332e-08 4.030587e-06 2.3059579e-09 4.204443e-06 3.9493865e-05 1.1949418e-10 1.1629525e-09 8.666305e-12 3.853734e-08 5.134695e-08 1.6606421e-07 1.7825053e-08 4.9551283e-09 4.9144577e-09 4.2724387e-11 5.8451896e-08 2.453976e-10 5.1244727e-11 1.0241573e-08 5.7777823e-09 2.0778734e-06 2.4854069e-08
0.070293024 3.7946172e-08 8.8535006e-11 1.0081255e-06 4.7045063e-08 2.995445e-09 1.5828112e-10 1.1041866e-09 0.00024019403 3.4578497e-14 4.3477605e-13 9.989008e-07 4.5049737e-06 2.8696529e-12 0.022619868 1.443426e-08 0.00053112506 0.057291195 0.010797466 1.8380901e-10 0.00035352595 0.9688264 5.837421e-09 0.09658818 0.98427826 1.20055415e-11 0.99876964 0.29365316 1.257075e-09 0.01090326 7.4629585e-05 0.04608723 0.0046068616 2.2323153e-08 0.66667515 2.0154705e-07 5.325908e-10 0.00033634677 0.0027384977 0.04486075 0.058646332 0.005326133 0.010473845 7.22333e-07 0.00028999746 0.000697295 0.0045260885 0.00088694453 1.8443839e-06 0.00076520635 0.0014799992 1.7315626e-08 0.00018799504 2.4109974e-07 1.5816119e-06 1.2920556e-09 2.2138536e-08 4.1912534e-07 2.9808833e-05 2.7142931e-07 2.5767938e-05 8.846839e-06 8.036214e-05 2.7366423e-06 4.445026e-06 2.1781233e-07 5.338319e-07 0.00011897012 7.352106e-05 1.1281014e-07 8.0868153e-07 1.8854536e-08 4.5075776e-08 3.9203042e-07 9.0055664e-07 1.5522186e-05 4.741268e-08 1.5662803e-08 5.423469e-06 2.6299139e-08 1.6230191e-06 4.761339e-09 1.6815093e-05 6.828117e-06 2.5421468e-10 3.9856243e-08 1.3829447e-11 1.6619055e-08 3.054059e-07 1.0191693e-07 4.9519468e-08 1.6706254e-09 3.7195907e-08 1.2400291e-09 3.996228e-08 1.0465195e-10 6.875319e-12 3.2629002e-09 7.005052e-09 3.175336e-06 3.6653949e-09
0.57086325 6.5208988e-06 6.4032854e-08 9.489137e-06 9.833645e-07 1.1881863e-06 2.245862e-08 1.9479691e-07 0.0017837826 1.8286985e-09 4.0318632e-10 0.00013900144 0.000103589 1.3929395e-09 0.07125455 4.7496204e-07 0.004316571 0.012859958 0.023948018 1.5941146e-07 0.0013365389 0.8478588 1.784782e-07 0.21496496 0.67928606 0.99876964 5.2844992e-11 0.95440775 6.6637384e-08 0.20283154 0.008184151 0.48135045 0.072837226 4.771394e-07 0.9647643 5.8635665e-05 4.382768e-07 0.012638459 0.05942958 0.7097291 0.23566142 0.08618607 0.35590062 4.6983791e-07 0.0012188419 0.029028203 0.12928301 0.033827998 3.829843e-06 0.001863868 0.026875814 3.401849e-08 0.0011431396 2.607056e-07 2.1607813e-05 2.162512e-08 8.025578e-08 8.164143e-07 0.00018215754 1.5239483e-08 0.00026870918 1.559405e-06 2.1158097e-05 7.597251e-07 2.4972628e-06 9.161173e-06 6.222051e-07 0.0002821287 0.00021969042 5.280228e-07 3.2601787e-05 3.725219e-09 3.0776025e-08 3.8929414e-08 8.181715e-06 0.00023264512 1.334858e-06 6.756874e-08 3.047914e-05 3.012995e-06 4.9996465e-06 1.41201815e-08 4.7255977e-05 0.0002808825 2.4876585e-09 9.958067e-07 3.6183598e-10 3.5994826e-06 3.2742002e-05 9.225846e-07 2.4401523e-09 4.1488502e-10 8.051409e-07 1.5308206e-08 2.3144104e-08 4.3151668e-10 9.690315e-09 6.5541945e-09 5.0409135e-09 0.00020445844 8.890078e-07
0.8141513 0.0003468348 2.4569617e-06 0.0047323382 0.0009073018 6.8110644e-06 2.792974e-06 1.896343e-05 0.014040382 7.35483e-08 1.6505236e-08 0.00010364117 0.0013297985 2.3309214e-08 0.09118261 0.00026207455 0.014976785 0.13892095 0.7245885 8.6940173e-07 0.07390662 0.8621908 1.671636e-05 0.9870944 0.2466261 0.29365316 0.95440775 1.4979645e-09 4.438101e-06 0.9522603 0.10832281 0.8818531 0.40512308 4.4098797e-06 0.61674374 1.6177457e-05 4.39075e-07 0.19382884 0.31899935 0.8776335 0.04502452 0.07334704 0.5541288 2.225384e-06 0.00014357393 0.2819338 0.12953547 0.03020914 1.105869e-06 0.00027461248 0.107840784 1.6300451e-07 0.0119932145 2.6662807e-05 2.2669742e-06 3.7527276e-08 3.6635133e-06 2.5754093e-06 0.00041445068 2.0406445e-07 3.47669e-05 3.4833358e-06 0.00019163713 2.5688414e-07 9.951214e-05 1.8349991e-06 1.1533754e-07 8.960539e-05 0.0009099564 2.8266475e-05 0.000116439594 4.6999588e-08 1.02344515e-07 4.357261e-06 5.540428e-07 9.144667e-06 3.6086684e-07 2.5597149e-07 0.0001445298 4.3230736e-07 3.1659306e-07 5.246977e-07 1.7896364e-05 0.000109381646 8.465018e-08 7.880076e-06 4.3449358e-08 2.0225776e-05 0.00011820256 7.440175e-07 7.836825e-08 3.9714873e-08 4.356729e-06 2.1162396e-07 8.8325145e-08 1.5540765e-08 1.5049164e-07 8.642355e-08 5.541495e-07 0.0007017232 3.1161906e-07
0.8584028 0.004528448 5.3688247e-05 0.006662786 0.053401873 3.1036717e-07 0.7121299 0.53803015 0.0005881464 0.00013727424 7.418498e-08 4.395589e-07 0.00895556 3.4696887e-10 2.426386e-06 0.2507918 4.527784e-08 2.8525119e-05 0.00015750565 0.96230114 0.016001714 8.321514e-09 0.9766743 4.7226426e-05 1.5315062e-07 1.257075e-09 6.6637384e-08 4.438101e-06 3.8261424e-13 0.0001578586 0.40429926 0.000338999 0.0006622903 0.9972354 6.113938e-07 0.15882368 0.22081421 0.7790889 0.08130221 0.004304812 4.8467267e-05 0.0004674353 0.0048502414 0.016327627 9.0519427e-07 0.24067871 0.00036669496 0.000107896776 0.007873575 1.6066326e-05 0.0053585973 0.00022356135 0.059045836 0.00037254646 2.0409598e-07 0.00043580524 8.934053e-05 1.8064847e-08 1.1948576e-06 8.873494e-05 3.9983018e-08 1.5834945e-07 8.414008e-06 1.4109333e-08 3.7053862e-08 2.1893806e-08 1.40197605e-08 6.292345e-07 6.016768e-05 0.00021852381 6.723603e-08 1.3997025e-06 2.2124882e-06 9.5957424e-05 4.4438966e-07 1.04813465e-08 6.2864305e-09 5.3721205e-06 3.383061e-05 3.6445974e-10 1.0505439e-09 3.533025e-06 2.2096517e-08 3.3419713e-06 9.262772e-08 1.1248747e-08 7.206274e-07 0.00015967446 1.0705992e-07 2.2945683e-09 4.4568714e-07 6.7814824e-08 0.00017321392 2.6574136e-07 1.8850186e-06 2.6254583e-08 3.0674482e-07 1.4082252e-07 2.939251e-07 0.00083701574 6.4676606e-06
0.8370331 0.00039015288 4.673999e-06 0.004408318 0.0044734795 1.0627664e-05 1.3042176e-05 0.0005547746 0.013739291 4.723757e-08 5.504732e-08 4.040118e-05 0.034920827 2.3406514e-08 0.012401931 0.01881592 0.0005189878 0.14594753 0.7364817 0.00023920534 0.90812266 0.22426835 0.03053394 0.95628357 0.013510566 0.01090326 0.20283154 0.9522603 0.0001578586 8.625751e-09 0.44900817 0.9852952 0.8409521 9.086547e-05 0.44387552 6.2691644e-05 2.777567e-05 0.3649112 0.5172273 0.89772135 0.00630447 0.026777653 0.35516486 0.0002093228 0.0003441313 0.5217418 0.062458232 0.009587803 6.723991e-05 0.00081575743 0.07448586 2.2344635e-05 0.03410456 0.0014037845 7.341226e-05 3.5911369e-06 0.00010823429 5.0131417e-05 0.0016980318 5.9505364e-06 0.00011908975 9.564231e-05 0.0009216258 6.665003e-06 0.000580977 2.1110009e-05 1.4374313e-06 5.7906742e-05 0.0017066053 0.00029729583 0.0010131345 6.5304016e-06 9.567889e-07 0.0001901224 1.0767778e-05 1.7821205e-05 4.7383664e-06 8.303508e-06 0.00042898365 8.0676966e-07 3.164317e-06 1.6291051e-05 3.230592e-06 0.00015921736 7.8012645e-06 0.000114748014 5.4271527e-06 0.00014016393 8.7953e-05 9.393815e-07 3.5018866e-07 4.884805e-07 1.6458374e-05 1.1301107e-05 5.640422e-07 2.8232541e-06 1.5181779e-06 3.597034e-07 2.336802e-06 0.00022751698 2.1513692e-06
