1.22223396e-29 0.79207313 0.8812479 0.97204816 0.9461572 0.45662013 0.6801583 0.6096083 0.9012911 0.98785913 0.91305107 0.91159445 0.9626922 0.88305813 0.9446628 0.61872125 0.7258273 0.7215572 0.59946936 0.2852035 0.93614906 0.6957401 0.80283695 0.93840677 0.59813905 0.5229772 0.8746978 0.2947929 0.4883999 0.26015115 0.8265742 0.92368305 0.18091987 0.7427405 0.9655436 0.7852436 0.97827756 0.98194575 0.04804948 0.012098355 0.020694962 0.9964243 0.016683754 0.88204575 0.35868526 0.02698477 0.005989826 0.6564748 0.12534523 0.8751071 0.13832577 0.0074182297 0.06537938 0.009289401 0.4547469 0.06547151 0.023280341 0.93993014 0.9658789 0.9866353 0.9975721 0.030003894 0.002013273 0.012531343 0.10879521 0.46454006 0.012270537 0.002012414 0.0027682094 0.0018079756 0.9842431 0.0019875362 0.0009071638 0.011922675 0.00051096024 6.398962e-05 0.0004220575 0.00053530914 0.9992413 0.00037933423 0.05880499 0.015554007 0.002730083 0.00015751767 0.99996185 0.00024112585 0.0013403918 0.6813387 0.012584601 0.17790215 0.02010507 0.979483 6.391265e-05 0.006215919 1.7344403e-06 0.9998249 8.1719794e-05 0.8953264 8.1440645e-05 3.5456134e-05 0.008545793
0.79207313 3.846432e-21 0.94394124 0.9059504 0.5206661 0.9489844 0.47459745 0.70893747 0.16860184 0.23997018 0.18108115 0.2527549 0.17204706 0.10203984 0.17538142 0.024521554 0.2780758 0.2377955 0.17083476 0.001458886 0.06341434 0.024136638 0.007202551 0.18634138 0.007657616 0.0001406669 0.07053689 0.2732344 0.00030701866 0.051542565 0.001197784 0.0010446835 0.00010602926 0.017448194 0.006696599 0.00045014784 0.05937635 0.022499971 6.769138e-07 0.013786377 1.48505505e-05 0.06587098 7.5785344e-08 0.004134155 0.03633986 7.161619e-05 5.0541054e-08 0.00023115518 0.000181923 5.7176107e-06 0.00011221876 0.0027115098 0.00017325126 1.9667864e-06 0.00010779464 0.30218372 0.0017413725 0.012401783 0.013961577 0.04040108 0.023420725 0.027158666 4.4446423e-07 0.18248919 0.00014956716 0.00072442304 0.044805616 1.3687342e-06 4.766819e-05 0.00024292967 0.00023601392 5.327867e-07 0.0052123507 4.3700507e-07 0.0012872475 0.0010528022 5.485685e-09 3.829308e-05 0.012090905 0.00091225863 9.3884686e-05 9.0046735e-05 1.8686322e-06 1.0505414e-06 0.0075639463 8.26912e-05 2.6310356e-06 2.401252e-05 1.2113056e-06 3.019401e-08 3.3120497e-05 0.0001567425 0.0006519773 1.4771317e-08 2.180139e-07 0.0011901102 3.9306794e-08 0.00022175242 6.615312e-08 1.1846583e-06 1.842349e-05
0.8812479 0.94394124 1.3949266e-19 0.795199 0.8838404 0.7502951 0.4813286 0.7681168 0.2889428 0.032168392 0.07795178 0.08940875 0.0089887325 0.004164166 0.034955103 0.009928733 0.6153887 0.11317048 0.07010619 0.0024155427 0.03301629 0.006059544 0.0045165136 0.007497983 0.0497253 0.0004395531 0.001883777 0.5686563 0.0009421746 0.25699812 0.0014542122 0.0012850568 0.00037679612 0.02794569 0.00031523147 5.369275e-05 0.014855204 0.006687693 1.6343882e-05 0.11084075 7.387656e-05 0.008431813 2.228204e-06 0.00027202265 0.054726187 0.00035169072 9.532042e-07 7.053991e-05 7.8875535e-05 0.00013760099 8.617985e-06 0.022347527 0.0044020056 1.747226e-05 2.516217e-05 0.76223904 0.005019198 0.00060019735 0.00058810203 0.009612238 0.0059365113 0.04095746 2.9579523e-06 0.39308363 4.7119556e-06 0.000111351 0.13124788 3.4706788e-06 6.8534726e-05 0.00079235004 2.7179172e-05 4.9561663e-06 0.020425823 6.5673316e-06 0.0029949127 0.010576776 7.820281e-08 0.0011892457 0.00031031968 0.0031199078 4.1313992e-06 3.0574467e-06 7.658421e-07 2.7021247e-06 0.0011497844 0.00559331 2.243146e-06 6.7686226e-05 2.866556e-07 2.5008006e-07 4.86546e-07 0.00044902254 0.005925877 4.5427402e-08 2.5338595e-06 0.0005221709 1.851983e-07 0.00040166147 1.0897696e-07 0.0001053238 1.3068728e-06
0.97204816 0.9059504 0.795199 7.5751246e-19 0.83208334 0.23940329 0.90341836 0.17588949 0.48343003 0.051882554 0.8572944 0.6301234 0.048553023 0.013635627 0.5184907 0.15981689 0.31459877 0.06931015 0.057998706 0.011740771 0.4928762 0.008947855 0.06920967 0.054099854 0.023818884 0.0019070159 0.009961649 0.12565944 0.002228757 0.058356952 0.011677004 0.021429114 0.00046839425 0.006000958 0.0006451333 7.879569e-05 0.14228876 0.06816786 6.765531e-05 0.013244809 3.6388104e-05 0.08325753 2.592076e-06 0.00041608032 0.00471903 4.1840372e-05 6.393139e-06 5.228805e-05 1.1607498e-05 0.00016515852 1.5964513e-05 0.002703477 0.00257644 2.9042989e-05 2.9784454e-05 0.11018705 0.00011471443 0.0042037494 0.007374142 0.16007283 0.11386034 0.0038681705 2.4972535e-06 0.032073155 2.7952085e-05 0.00016024255 0.010427431 1.1820216e-05 1.3385759e-05 4.2832427e-05 0.00034264175 7.29454e-06 0.00024632778 1.0740712e-05 3.5789297e-05 0.0008761295 7.462534e-08 0.0009939757 0.0080883205 2.935825e-05 4.1768173e-05 2.8407081e-05 2.0296671e-05 7.2845573e-06 0.025031583 6.161061e-05 1.848618e-05 8.268017e-05 2.0075756e-06 6.761296e-08 5.9459926e-06 0.00044764814 8.614571e-05 8.4759035e-09 1.8878754e-06 0.004750287 2.2564914e-06 0.00061451795 4.592002e-07 3.0925978e-05 3.404988e-06
0.9461572 0.5206661 0.8838404 0.83208334 7.9150157e-19 0.41435182 0.8059451 0.6424835 0.6807914 0.009250803 0.05973534 0.042089827 0.00056960835 0.00035065837 0.017978324 0.028650213 0.8941532 0.04092033 0.03233066 0.04059974 0.05188551 0.0027777217 0.011921521 0.0014551918 0.29645938 0.0067272726 0.00046540008 0.69386744 0.004401292 0.5292248 0.0034129291 0.0060420316 0.0023959954 0.021624016 1.9874866e-05 9.66494e-06 0.010478116 0.011280951 0.00017264875 0.3709059 0.00034370375 0.0034577765 3.5454712e-05 1.6527709e-05 0.04840181 0.0014350966 3.5097306e-05 2.1134585e-05 6.396725e-06 0.0004989922 3.0600431e-06 0.12343956 0.041494556 0.00030532802 9.503763e-06 0.7611992 0.0011054759 0.000282041 0.00021266032 0.011411174 0.0070777377 0.023038404 2.834822e-05 0.2881044 1.0233779e-05 1.7681003e-05 0.07529435 3.2860655e-05 1.4473608e-05 0.0004418021 2.0897692e-06 3.109671e-05 0.016132126 0.0003415363 0.00059065776 0.030988144 5.0616904e-07 0.0071114595 9.58294e-05 0.0017279758 1.2055445e-06 6.274497e-06 6.7981373e-06 3.3635895e-06 0.00041797262 0.021738674 1.4688571e-05 0.0004726134 1.2500432e-07 6.346022e-07 2.1160024e-06 0.0012766321 0.007997986 1.675353e-07 6.272624e-06 0.0012509439 5.0194416e-07 0.001253307 4.7476505e-07 0.0006813115 1.9371955e-06
0.45662013 0.9489844 0.7502951 0.23940329 0.41435182 1.271268e-19 0.10026118 0.9691301 0.049468063 0.10706458 0.016049216 0.016776124 0.024306433 0.015770294 0.013021373 0.0035183013 0.41331115 0.16017824 0.105749175 0.00085485925 0.009582538 0.014880714 0.0018139019 0.014781586 0.011973095 0.00032413471 0.0028925622 0.4459134 0.00041497074 0.105769716 0.000748216 0.00059306715 0.0005210327 0.012889642 0.0009040766 0.00024757694 0.0053728637 0.0034006352 1.5358328e-05 0.015285756 8.258639e-05 0.0052016047 2.1219294e-06 0.0008457979 0.024413772 0.0005878293 1.4801664e-06 0.00040473393 0.00030988792 2.4671486e-05 0.00018375962 0.009523543 0.0007561126 2.0204317e-05 0.00025183547 0.41553584 0.0024289445 0.00055944495 0.0006652132 0.005446083 0.002991199 0.023709478 2.1349406e-06 0.23331231 0.00011322139 0.00024909337 0.08912753 5.7422176e-06 0.00024543298 0.0009328934 0.00021701772 7.529741e-06 0.014691978 2.1938995e-06 0.0047893934 0.007981778 4.6472234e-08 0.0015361359 0.00039166366 0.003030655 4.1742172e-05 3.2322823e-05 4.606905e-06 5.7598722e-06 0.0014842919 0.0018763298 1.256906e-05 9.883019e-06 1.945386e-06 1.2996186e-07 1.2267038e-05 7.326985e-05 0.0044438015 3.5279993e-07 1.6272005e-06 0.00026304586 1.5874696e-07 0.000118508215 2.566295e-07 4.0189978e-05 1.1508571e-05
0.6801583 0.47459745 0.4813286 0.90341836 0.8059451 0.10026118 3.2409233e-21 0.1272611 0.9918463 0.0107272165 0.18765312 0.09449342 0.005298229 0.0017595274 0.074626856 0.31212267 0.70008224 0.029173566 0.023434538 0.23317118 0.41821194 0.00506124 0.37086484 0.018601408 0.32545048 0.3147758 0.0033064971 0.20536454 0.23196264 0.2638234 0.26254416 0.27225658 0.052494477 0.0012151656 0.00016272393 2.6562737e-05 0.045139235 0.09332015 0.0042980616 0.062222976 0.0007261499 0.012774876 0.00023168442 7.6211916e-05 0.0011482174 0.0034716823 0.00014622985 2.6868853e-05 9.3055105e-06 0.004846203 7.181045e-06 0.05717699 0.10080103 0.00018337571 5.670723e-05 0.10436029 9.007976e-06 0.0016012569 0.0026421747 0.049260464 0.04312975 0.00028669022 3.761486e-05 0.0131845875 7.94391e-06 5.866056e-05 0.0014909634 1.4457164e-05 6.783323e-07 7.525666e-07 8.730351e-05 3.3874643e-05 6.2327825e-05 0.00043946403 1.3071825e-05 0.0021119968 1.8291975e-07 0.008139158 0.0011941263 2.9804698e-06 1.0937553e-05 6.9031908e-06 8.418642e-07 4.2974813e-07 0.0061956896 0.00048961537 4.330193e-06 0.0006025037 1.7912413e-07 3.4155028e-06 7.4256434e-07 0.006592363 2.6498648e-05 4.9680676e-08 3.6971073e-07 0.012896405 3.2119064e-07 0.0029661062 6.842118e-08 0.00015273981 3.1974324e-07
0.6096083 0.70893747 0.7681168 0.17588949 0.6424835 0.9691301 0.1272611 3.5359404e-19 0.08397469 0.038674865 0.009200297 0.00844294 0.0063672676 0.007303005 0.008402025 0.0041016573 0.73946255 0.13041298 0.111974254 0.003074177 0.0065321587 0.015950248 0.0025122103 0.0052603353 0.087402694 0.00083007576 0.002336841 0.7654643 0.00041500598 0.36424297 0.0006460399 0.00043764882 0.0011480905 0.016276205 0.00015708414 0.00013393273 0.0041825096 0.0023853858 8.2367565e-05 0.10908887 0.00020358813 0.004414185 3.3400977e-06 8.4165e-05 0.040842164 0.00069017336 4.6648292e-06 6.717953e-05 0.00038706246 6.3768443e-06 6.468928e-05 0.06025958 0.0069307126 4.1316416e-05 0.000118529126 0.60006696 0.0050862413 0.0004252298 0.00042245333 0.002860858 0.00094099913 0.05934578 7.3212886e-06 0.3337932 9.184403e-05 3.042048e-05 0.21875808 1.2489912e-05 0.0006987898 0.0034561446 3.2385644e-05 1.0733984e-05 0.055738468 0.00013522463 0.010931444 0.07913632 1.6506906e-08 0.00790279 0.00017491891 0.008455402 2.2932677e-06 1.43537845e-05 6.9322455e-06 3.1153082e-05 0.0013025217 0.018085964 1.0673197e-05 4.0205923e-05 5.546459e-07 5.295364e-08 8.9297515e-07 0.00028887484 0.021027686 1.7185899e-07 1.5301835e-05 0.00067803066 1.4790896e-06 0.00019083009 3.619943e-07 0.0002933982 1.9827833e-06
0.9012911 0.16860184 0.2889428 0.48343003 0.6807914 0.049468063 0.9918463 0.08397469 6.988065e-20 0.00036252462 0.13594349 0.050754555 4.7728372e-05 8.274106e-05 0.01710697 0.28376043 0.6247531 0.01091117 0.010064077 0.4518792 0.45013714 0.0003324 0.35773247 0.00059796125 0.5423989 0.6016655 0.00010380963 0.11758483 0.3277095 0.27863076 0.38478762 0.3417568 0.1814309 0.00026787352 2.7568294e-05 4.0720633e-06 0.023853779 0.13164346 0.019314352 0.0583666 0.005851961 0.00606839 0.0021600008 1.3068872e-05 0.00029338198 0.0145787895 0.001940338 4.092225e-06 2.2556287e-06 0.008451243 1.4046033e-06 0.037380982 0.22890146 0.0010112614 6.3054677e-06 0.06356147 2.642593e-06 0.0008021524 0.0010619517 0.07946615 0.08304932 4.6220764e-05 0.00018116344 0.0054990347 1.917413e-06 1.7642833e-05 0.00040982597 0.00013791367 3.799225e-07 4.711522e-07 4.055971e-06 0.0001735375 4.5630613e-06 0.0012041578 5.215781e-07 0.0012701477 1.4518973e-06 0.0053419713 0.00063019875 2.580822e-07 5.11495e-08 2.0258477e-07 2.1736784e-07 2.3734097e-07 0.0035051599 0.0004676422 2.8761428e-07 0.0021449102 8.040973e-09 8.27209e-06 3.449073e-08 0.014784412 3.3805965e-05 3.9452132e-08 6.8544615e-08 0.01657135 9.810851e-08 0.011908487 1.652007e-08 0.00046723586 1.349389e-08
0.98785913 0.23997018 0.032168392 0.051882554 0.009250803 0.10706458 0.0107272165 0.038674865 0.00036252462 7.6911584e-19 0.00577664 0.043953847 0.63404703 0.84995544 0.050964184 0.0007728886 0.016688997 0.68873787 0.6682085 1.5381838e-05 0.0039004576 0.9490229 8.271045e-05 0.45233843 2.6967253e-05 1.1713469e-06 0.29842785 0.01815458 8.192092e-06 0.005906353 0.00032059802 6.894444e-05 1.6489073e-05 0.5985563 0.14086802 0.2654997 0.04368457 0.007835934 1.5527462e-06 0.0034922739 1.2004193e-05 0.21895908 3.7283007e-07 0.06539793 0.46539316 1.6864124e-05 1.5096495e-06 0.014852719 0.036691613 4.0155246e-06 0.018808858 0.0007750974 2.9801586e-05 2.2213413e-05 0.025118811 0.044150047 0.21859944 0.11648378 0.15601546 0.042001043 0.015055462 0.2854421 2.3712594e-06 0.05177257 0.0058422782 0.010805371 0.09801337 5.0016924e-06 0.020486917 0.011734821 0.008886875 1.2644027e-06 0.0013223693 1.1219986e-05 0.0018275612 6.2345665e-05 6.493512e-08 5.9282365e-06 0.124521375 0.0015089227 0.0005261316 0.00034365067 0.0006884119 0.0005564612 0.04132289 3.4292889e-06 0.0010414699 1.967641e-05 0.00031238602 3.6278158e-07 0.0004671639 6.75729e-05 0.000812507 3.5074933e-08 0.00022305685 8.5435306e-05 5.0456085e-05 0.00013630316 3.9372695e-05 2.6562598e-06 0.00021234518
0.91305107 0.18108115 0.07795178 0.8572944 0.05973534 0.016049216 0.18765312 0.009200297 0.13594349 0.00577664 1.12413e-20 0.9484214 0.015982645 0.005208857 0.8753832 0.6703016 0.04035366 0.006606915 0.0057367664 0.0038314597 0.7964131 0.0010839333 0.60400337 0.03991248 0.014367455 0.0068908683 0.01005026 0.008228772 0.015001887 0.004419235 0.09712786 0.10583806 0.00039796942 0.00013488063 0.00042690002 2.0292006e-05 0.53237116 0.5332932 0.00036408775 0.00037876543 3.1220625e-05 0.12681997 1.3265854e-05 0.00022508626 0.00014507155 2.5607698e-05 2.0301618e-06 7.970626e-05 2.3651885e-06 0.0006044031 6.13626e-06 0.00035719242 0.0022883394 6.0624807e-06 1.7728786e-05 0.001277702 1.6759772e-06 0.005097665 0.008141673 0.22347538 0.15814173 3.5639638e-05 3.8354315e-06 0.0004710729 2.5404252e-05 0.00014096072 0.00023854607 4.1712897e-06 4.88693e-07 2.0221812e-06 0.0002316029 1.0979388e-05 1.9902447e-05 3.1441389e-06 5.985426e-06 0.00043121417 2.8408977e-07 0.0007371389 0.012656564 1.065285e-05 7.407799e-05 7.758484e-06 1.6755456e-06 7.4325726e-07 0.06553299 8.577362e-05 1.5034599e-06 0.0012089896 4.7217236e-07 8.5340225e-06 8.405678e-07 0.0056032063 1.5651403e-05 2.0413772e-08 6.206026e-07 0.028779332 3.847574e-07 0.0057232934 8.179031e-08 6.3744546e-06 9.498072e-08
0.91159445 0.2527549 0.08940875 0.6301234 0.042089827 0.016776124 0.09449342 0.00844294 0.050754555 0.043953847 0.9484214 1.2707576e-21 0.09182724 0.026252775 0.97584575 0.33209485 0.0325951 0.013641546 0.01030182 0.00069337327 0.3735492 0.0031208645 0.09581005 0.13811094 0.0025357464 0.0013163285 0.046223268 0.0059326543 0.00129725 0.0020370486 0.018084982 0.02592305 4.4935154e-05 0.00025121996 0.0037630491 3.7775662e-05 0.63031095 0.4056175 1.2147896e-05 9.912795e-05 3.6680722e-06 0.31479025 7.401329e-07 0.0007172222 0.00043069466 5.614749e-06 4.55914e-07 0.0001812039 2.1590438e-06 0.00018721982 2.717023e-05 0.0001041599 0.00034458106 2.9938217e-06 2.9814692e-05 0.0013660351 6.193613e-06 0.02669555 0.036501996 0.3162905 0.22257172 5.062695e-05 8.850091e-07 0.00014559574 4.9069415e-05 0.00022251357 0.00047838237 1.2230062e-06 1.7129734e-06 2.1281978e-06 0.0018376368 3.3341244e-06 4.8424303e-05 9.995879e-07 1.56382e-05 0.0001945564 4.8171543e-08 0.00011343538 0.045178015 9.371504e-06 0.0003403005 1.4422104e-05 1.7924283e-06 1.4990644e-06 0.12097098 4.595279e-05 3.194718e-06 0.00042981352 1.4646039e-06 2.1530019e-07 2.9399844e-06 0.0021409323 3.1074745e-05 3.6420909e-09 6.3003495e-07 0.03299236 1.723961e-07 0.0028308574 4.8229367e-08 3.692828e-06 3.104459e-07
0.9626922 0.17204706 0.0089887325 0.048553023 0.00056960835 0.024306433 0.005298229 0.0063672676 4.7728372e-05 0.63404703 0.015982645 0.09182724 8.101178e-17 0.9740283 0.13227959 0.0010549651 0.002686719 0.25911498 0.25390106 7.290486e-06 0.012309926 0.31765336 0.00020523518 0.8695715 0.00015088292 9.312458e-07 0.89365035 0.012516658 6.6363223e-06 0.0006574886 0.00014536722 0.0004002766 5.6607673e-06 0.31828776 0.38040325 0.20201966 0.11622441 0.015481369 4.570234e-06 0.0007643877 4.8593315e-06 0.44031325 2.0222497e-07 0.26455843 0.26621822 7.3975925e-06 6.5488155e-07 0.11860342 0.015321002 1.283896e-05 0.046822835 0.00031441182 0.00016670807 1.9829846e-05 0.051290426 0.004897113 0.10043058 0.15887935 0.18624747 0.117674306 0.032563865 0.07596635 9.103643e-07 0.0055736564 0.008678816 0.01235434 0.025153281 1.3926323e-06 0.012871338 0.003781573 0.024022313 3.4897864e-06 0.0005393075 8.989183e-06 0.00028895173 6.294905e-06 8.3693344e-08 0.00022499569 0.12306305 0.000110880916 0.002366228 0.00032141327 0.0006007257 0.00023464224 0.21002749 2.3219038e-05 0.0008880004 8.490434e-05 0.0002818189 3.39209e-07 4.768938e-05 0.00021195553 0.00013041972 3.9428887e-08 2.0788479e-05 0.0012482315 1.4595475e-05 7.6627475e-05 4.7572907e-05 3.7780578e-06 8.326393e-06
0.88305813 0.10203984 0.004164166 0.013635627 0.00035065837 0.015770294 0.0017595274 0.007303005 8.274106e-05 0.84995544 0.005208857 0.026252775 0.9740283 3.9056072e-19 0.040277015 0.0004859826 0.001763354 0.25094593 0.32957354 7.628197e-06 0.002441942 0.70760274 9.0120266e-05 0.51825833 1.5524287e-05 4.802041e-06 0.80398613 0.004081513 5.5863427e-07 0.00043532715 4.8152833e-05 0.0003034322 1.11512245e-05 0.30761722 0.48134077 0.64407414 0.032552402 0.0045335228 3.1599175e-06 6.1911414e-05 5.4597795e-06 0.14986268 1.7761683e-07 0.45423082 0.30667844 9.1394095e-06 4.3100405e-07 0.4543537 0.09263479 6.0845023e-06 0.51935333 0.0002285382 6.168075e-05 1.4291323e-05 0.21664768 0.0014897588 0.23505749 0.057048526 0.057735324 0.033597067 0.008303777 0.082627125 3.4942557e-06 0.0023465368 0.06382347 0.032547466 0.018608015 6.596239e-07 0.05657825 0.0064464435 0.04132314 1.9386622e-05 0.00018647178 5.0677163e-06 0.00077365915 1.5088261e-06 7.440689e-08 0.00014634801 0.07773856 0.0001471505 0.00771599 0.0017132447 0.0073426194 0.0015563926 0.098748565 6.5540976e-06 0.005632837 5.098161e-05 0.0017654466 4.8149934e-07 0.00031539984 4.2009142e-05 0.00010818271 1.2506209e-08 2.4503759e-05 0.00014563363 5.94949e-05 1.5580901e-05 0.00016051464 1.735269e-06 0.00016823299
0.9446628 0.17538142 0.034955103 0.5184907 0.017978324 0.013021373 0.074626856 0.008402025 0.01710697 0.050964184 0.8753832 0.97584575 0.13227959 0.040277015 1.6856002e-22 0.108306915 0.008459678 0.01337124 0.011877496 0.00070967904 0.25998813 0.0034493299 0.018939044 0.22506681 0.00037005256 0.0006366809 0.069586776 0.0036415842 0.0010747674 0.0005173164 0.0037660147 0.0061063045 3.3600933e-05 0.0006849415 0.01096701 0.00018708326 0.8390146 0.30347025 6.63969e-06 1.6604252e-05 6.6739144e-06 0.5864937 1.1750694e-06 0.0047111874 0.00034498482 1.3729477e-06 2.535681e-07 0.0003905792 3.908983e-06 0.00013809069 3.645003e-05 2.4619883e-06 1.0764159e-06 1.3877757e-06 3.441111e-05 0.0001417161 9.526825e-07 0.076547325 0.08700047 0.42054966 0.25928348 5.2985165e-06 5.862015e-08 2.5620084e-05 0.00011515801 0.0011223594 6.533189e-05 2.573373e-07 5.8934276e-08 7.863897e-08 0.001979323 1.9541756e-06 6.758934e-07 9.462987e-09 8.5704687e-07 1.3788282e-05 8.873628e-09 9.996746e-07 0.1208135 4.5370064e-07 0.00050957943 0.00010029578 7.111757e-07 8.663299e-08 0.2828329 1.1187639e-06 1.5849835e-06 0.00021193005 3.0986823e-07 3.3217532e-08 3.8102055e-05 0.0025099951 3.7115421e-07 8.0336565e-10 3.056298e-08 0.03805384 1.4171122e-08 0.0027868375 1.5480916e-08 8.1800614e-08 5.346868e-07
0.61872125 0.024521554 0.009928733 0.15981689 0.028650213 0.0035183013 0.31212267 0.0041016573 0.28376043 0.0007728886 0.6703016 0.33209485 0.0010549651 0.0004859826 0.108306915 1.2494266e-19 0.015228037 0.0009495841 0.0010475443 0.028727677 0.97559756 0.00046028954 0.95640916 0.0070898174 0.027301058 0.07365716 0.0016944392 0.0012236648 0.053682547 0.0020577395 0.28917634 0.20476454 0.006718066 1.1590287e-05 0.00024598435 1.0023817e-05 0.1532752 0.72234917 0.00356198 0.00015988534 0.0006267757 0.0113197155 0.00043240408 0.00012979697 8.8053175e-06 0.00026497777 0.00045914028 8.19646e-06 4.402111e-06 0.001976701 8.65098e-06 0.0005704257 0.004685703 0.00024185822 5.9620656e-05 9.550295e-05 6.636926e-07 0.0017344437 0.002001742 0.11950719 0.11355544 3.1979491e-06 3.1919484e-05 3.690274e-05 3.8674472e-05 3.8175956e-05 7.493732e-05 0.00011419964 6.0340926e-07 4.823096e-07 1.813338e-05 0.0002617214 3.217238e-05 0.00015439148 1.4205675e-05 9.0504655e-05 2.0237681e-05 0.00041183786 0.0075169164 1.5148276e-05 2.519415e-05 7.6070646e-06 6.8588365e-06 3.2472317e-06 0.03324048 0.0003090848 1.1167231e-05 0.0018811675 1.2328939e-05 7.40551e-05 8.3460253e-07 0.0058568 8.958185e-06 3.8823596e-06 4.0067087e-07 0.055058595 3.9550837e-06 0.0046133683 1.4795114e-06 1.2397963e-05 7.294669e-07
0.7258273 0.2780758 0.6153887 0.31459877 0.8941532 0.41331115 0.70008224 0.73946255 0.6247531 0.016688997 0.04035366 0.0325951 0.002686719 0.001763354 0.008459678 0.015228037 1.227183e-19 0.015142911 0.01578257 0.12464181 0.019916454 0.0016547645 0.011957629 0.0010917062 0.72310203 0.027581396 0.00019157518 0.92013365 0.016312078 0.9603444 0.013948953 0.014135653 0.016436754 0.0015008834 1.886396e-06 1.8037508e-06 0.002767654 0.0056363144 0.00045245863 0.35946068 0.0008894794 0.0007041661 0.00014526868 4.1678304e-06 0.0030893304 0.0037081796 0.00018020264 1.0275361e-05 1.4839006e-06 0.0009096102 1.7933565e-06 0.28838208 0.06365217 0.00030751212 1.5459657e-06 0.42501107 8.9544905e-05 0.00030194616 0.0003722398 0.004388262 0.0039915037 0.0025471244 6.0929135e-05 0.07989746 8.20001e-06 3.2069345e-06 0.019274078 8.696858e-06 1.6856783e-06 0.00011991967 1.1629398e-06 3.1439035e-05 0.0065570055 0.0012416042 0.0012816446 0.063222654 8.36965e-07 0.017372662 0.0002213894 0.0014797974 8.679539e-08 1.0641735e-06 9.662668e-07 4.1714827e-07 0.00017769706 0.071584985 3.1003126e-06 0.00091611955 4.41128e-08 3.0434016e-06 8.2839665e-07 0.0015263046 0.009315737 2.6209301e-08 7.959961e-07 0.00031036645 2.3325238e-07 0.001811183 1.9116096e-07 0.002224719 7.998118e-08
0.7215572 0.2377955 0.11317048 0.06931015 0.04092033 0.16017824 0.029173566 0.13041298 0.01091117 0.68873787 0.006606915 0.013641546 0.25911498 0.25094593 0.01337124 0.0009495841 0.015142911 1.2499122e-20 0.99214786 0.0002472445 0.0042488687 0.7606973 0.00018872309 0.04816893 0.0035366102 3.485501e-05 0.028418906 0.03684137 5.5907876e-05 0.0057863332 5.60671e-05 8.776096e-05 5.0641964e-05 0.55790836 0.00918875 0.044527404 0.0038156528 0.0004367141 3.0031322e-06 0.002324564 8.774837e-06 0.01173199 5.7194324e-08 0.0037258377 0.43830812 5.565031e-05 4.8836876e-07 0.0023949114 0.032263197 2.8118814e-07 0.0009319313 0.0027330618 0.00010116197 8.564761e-06 0.0018067166 0.11966538 0.16640086 0.0016394117 0.0020353117 0.0048659984 0.0026852577 0.4165413 4.5685997e-06 0.19838849 0.00088507513 0.0010930235 0.26575556 5.753663e-06 0.020529814 0.06554186 0.0005480099 3.241384e-06 0.017459804 2.8490279e-06 0.04283779 0.003796902 3.5346943e-07 2.1097328e-05 0.0033857753 0.014949024 6.986679e-05 8.162656e-05 4.997549e-06 0.0014737027 0.002772914 0.000684661 6.128146e-05 4.3498472e-05 2.9263977e-06 5.4265624e-06 1.9584995e-05 0.00036808487 0.0037200933 3.0144076e-07 0.00042586942 0.0005428698 0.00012150114 0.00038974494 3.0698468e-06 4.581126e-06 3.0036153e-05
0.59946936 0.17083476 0.07010619 0.057998706 0.03233066 0.105749175 0.023434538 0.111974254 0.010064077 0.6682085 0.0057367664 0.01030182 0.25390106 0.32957354 0.011877496 0.0010475443 0.01578257 0.99214786 1.3771817e-20 0.0002517565 0.0036438738 0.88400155 0.00015869302 0.056513548 0.004351281 6.162084e-05 0.040598154 0.03724195 4.710866e-05 0.008252439 4.8772366e-05 9.504565e-05 7.91517e-05 0.7335151 0.015491168 0.07069441 0.0034602655 0.0006857892 5.653769e-06 0.002864408 9.687428e-06 0.011447319 4.8499466e-08 0.010038415 0.53599465 8.547434e-05 5.3139127e-07 0.0050987736 0.041313693 4.043915e-07 0.0018334609 0.005492077 0.00010529086 6.115235e-06 0.003654629 0.10957212 0.2578112 0.0020749727 0.0031615272 0.0049928143 0.0036912174 0.47308496 3.4356526e-06 0.16957079 0.0023218368 0.002708491 0.25310126 4.4047565e-06 0.05259321 0.096070446 0.001990951 2.97062e-06 0.0164275 3.0132594e-06 0.05189959 0.0052053886 2.0331306e-07 2.2738737e-05 0.004805111 0.017646376 0.00034383178 0.00031707488 1.1219109e-05 0.0034999591 0.004420896 0.0005661993 0.00014535808 0.00012616385 4.587811e-06 4.0861573e-06 3.193873e-05 0.00043914036 0.0028868744 1.681017e-07 0.00059084856 0.0006007984 0.00013397081 0.0004934938 4.6952955e-06 2.649937e-06 4.6883222e-05
0.2852035 0.001458886 0.0024155427 0.011740771 0.04059974 0.00085485925 0.23317118 0.003074177 0.4518792 1.5381838e-05 0.0038314597 0.00069337327 7.290486e-06 7.628197e-06 0.00070967904 0.028727677 0.12464181 0.0002472445 0.0002517565 6.769865e-19 0.024908302 3.6020498e-05 0.06847814 0.00011719571 0.9136319 0.99049443 1.7969562e-05 0.0042471103 0.35487285 0.064830884 0.2717015 0.19243371 0.78904086 1.1466876e-05 1.0446798e-06 7.862664e-07 0.0015505342 0.019038077 0.22473934 0.0057485597 0.115860105 0.00016110523 0.08948831 3.6470421e-06 1.5728163e-05 0.13371614 0.045200095 5.2740206e-06 3.0429665e-06 0.10185268 4.4060926e-06 0.017040707 0.40976027 0.039529867 1.0656294e-05 0.0007170544 5.1330844e-06 5.4964992e-05 5.3118758e-05 0.0036424163 0.0068362714 1.0542405e-05 0.007380485 8.001868e-05 5.146397e-06 3.8815974e-06 2.405359e-05 0.0027950886 1.7538747e-06 2.412827e-06 1.7909314e-06 0.0012722923 5.4687584e-06 0.027527027 6.5303147e-06 0.0006983568 7.906641e-06 0.015443693 7.946357e-06 4.0950517e-06 5.137881e-07 1.3124131e-06 2.643785e-06 5.250835e-06 0.00029771548 0.00038017624 3.473848e-06 0.0020567693 2.62372e-07 5.5018227e-05 7.17083e-07 0.0029886744 2.5096766e-05 5.0140403e-07 1.7085863e-06 0.010228883 1.5930834e-06 0.0030511816 7.5625894e-07 0.0008501713 1.665987e-06
0.93614906 0.06341434 0.03301629 0.4928762 0.05188551 0.009582538 0.41821194 0.0065321587 0.45013714 0.0039004576 0.7964131 0.3735492 0.012309926 0.002441942 0.25998813 0.97559756 0.019916454 0.0042488687 0.0036438738 0.024908302 1.2117719e-18 0.0008282373 0.48403266 0.014420544 0.020554269 0.03036894 0.0033240842 0.002267489 0.024544783 0.0029527214 0.0830436 0.19685784 0.0030274848 0.00011625474 0.00070343685 3.1314703e-05 0.37336105 0.8826896 0.0016114066 9.370561e-05 0.0006263422 0.028384527 0.0005049654 0.0004156641 7.4156474e-06 6.747276e-05 0.00029868522 4.9800332e-05 2.4580868e-06 0.0018937405 1.20456025e-05 5.5927663e-05 0.0013635621 5.51332e-05 1.2152438e-05 1.6263775e-05 2.3213038e-07 0.00901324 0.00947485 0.28844416 0.30989495 1.8839816e-06 2.0115092e-05 6.3996476e-06 1.5236409e-05 0.0004427936 2.7196268e-06 0.000110896886 4.722919e-08 1.6349539e-07 0.00012399802 6.419456e-05 1.5206223e-06 4.3957593e-06 3.3353027e-07 1.0030582e-06 2.9713508e-06 1.7191704e-05 0.022262737 1.035884e-06 4.064283e-05 2.735574e-05 9.941662e-07 4.5692119e-07 0.057366487 4.025945e-05 6.1059256e-07 0.004062475 8.475281e-07 4.69438e-05 1.3412944e-06 0.008895431 2.3437742e-06 1.3428001e-07 4.251645e-07 0.069363184 1.8245736e-07 0.012015802 9.558787e-07 7.77409e-06 5.098715e-07
0.6957401 0.024136638 0.006059544 0.008947855 0.0027777217 0.014880714 0.00506124 0.015950248 0.0003324 0.9490229 0.0010839333 0.0031208645 0.31765336 0.70760274 0.0034493299 0.00046028954 0.0016547645 0.7606973 0.88400155 3.6020498e-05 0.0008282373 4.6755055e-19 0.00014324597 0.114776425 1.4550613e-05 1.2142226e-06 0.10756805 0.0034045582 1.9028847e-05 0.00091412663 6.5205975e-05 1.0278449e-05 1.9529358e-05 0.90547764 0.05350851 0.37563387 0.005272369 0.0012360504 9.3764515e-07 0.0005944868 5.3922568e-06 0.014153634 1.4450698e-07 0.054060567 0.555548 1.1453956e-05 1.8070884e-07 0.03166676 0.16673139 2.02379e-06 0.019443374 0.0002938782 1.3402135e-05 7.415934e-07 0.0311966 0.004129034 0.40443665 0.014370366 0.016098375 0.0034739561 0.0017722023 0.20456941 6.0542757e-06 0.009759238 0.009897644 0.014410837 0.019970817 3.8075843e-06 0.096103735 0.035743494 0.006053971 2.7392978e-06 0.0017458247 7.3393594e-06 0.0060203527 6.321107e-05 1.279431e-07 2.917773e-06 0.012182249 0.0014338401 0.0018813963 0.0013315052 0.00026917443 0.00551666 0.003963559 1.0234979e-05 0.0013097426 2.1810874e-05 4.560162e-05 2.192954e-06 0.0010317216 0.00020393402 0.0003587242 5.0451024e-07 0.0003828041 0.00014799011 0.0001906104 0.00012478595 4.7364214e-05 6.30217e-07 0.0004195807
0.80283695 0.007202551 0.0045165136 0.06920967 0.011921521 0.0018139019 0.37086484 0.0025122103 0.35773247 8.271045e-05 0.60400337 0.09581005 0.00020523518 9.0120266e-05 0.018939044 0.95640916 0.011957629 0.00018872309 0.00015869302 0.06847814 0.48403266 0.00014324597 8.289072e-20 0.0031806857 0.0608261 0.2633682 0.00037302126 0.001299837 0.20877646 0.0024100894 0.8392053 0.9234729 0.034384668 7.4422296e-06 3.1223306e-05 2.4469048e-06 0.08817326 0.71333754 0.02696855 0.00011637832 0.005361741 0.004084052 0.0025197866 1.8904257e-05 5.3672047e-06 0.0013859274 0.0015388984 4.771369e-06 7.734105e-06 0.012567469 6.3355515e-06 0.00073066965 0.011907743 0.0010527204 4.3771997e-05 0.00015010059 6.1622774e-07 0.0010045464 0.00110647 0.09996069 0.11402845 3.3373565e-06 0.00013435658 5.830873e-05 3.4443845e-05 1.5872865e-05 8.57989e-05 0.00020316028 3.6560493e-07 4.678451e-07 9.2554393e-07 0.001243265 1.2497097e-05 0.00032038195 1.0803933e-05 7.696261e-05 6.5362e-05 0.0006495647 0.003583604 7.4402355e-06 2.9473788e-06 5.3041085e-06 3.1467605e-06 1.7583194e-06 0.018240945 0.00028686773 7.852154e-06 0.0032479304 5.488084e-06 0.00034234487 2.6996454e-07 0.017043155 8.614132e-06 2.5787876e-05 2.795896e-07 0.31827125 2.4854285e-06 0.009129397 1.8083205e-06 9.895251e-06 1.206753e-07
0.93840677 0.18634138 0.007497983 0.054099854 0.0014551918 0.014781586 0.018601408 0.0052603353 0.00059796125 0.45233843 0.03991248 0.13811094 0.8695715 0.51825833 0.22506681 0.0070898174 0.0010917062 0.04816893 0.056513548 0.00011719571 0.014420544 0.114776425 0.0031806857 3.339569e-21 0.0001504012 6.3218664e-05 0.9704586 0.0022669798 0.00018698107 0.00020724234 0.0004950826 0.0010706581 3.403714e-05 0.015363456 0.25710943 0.025734812 0.4859065 0.040768415 9.783019e-06 0.00020186667 9.330001e-06 0.8592015 4.8011043e-07 0.065879665 0.009677313 1.7313987e-05 8.58916e-08 0.03897773 0.00076448394 0.0001037269 0.008042114 7.154731e-05 7.4930426e-06 3.1117997e-06 0.005575852 0.00031236606 0.0017963463 0.4139308 0.35182977 0.12771232 0.062661394 0.00091416284 4.608458e-07 0.0003690849 0.00339444 0.0057870727 0.0010086612 1.8851094e-07 0.00039639368 1.12445705e-05 0.008383696 7.104013e-06 6.62199e-06 2.7362157e-07 5.147001e-06 4.6341324e-06 8.137422e-08 4.358925e-05 0.24088217 5.0965446e-06 0.003724309 0.00030223714 0.0001225763 1.1883873e-05 0.49424368 8.720535e-06 0.00018083084 0.0019162113 0.00018719303 6.784685e-06 0.0003226605 0.0049204403 2.2132565e-06 2.4038716e-08 7.403193e-07 0.015843965 3.260538e-06 0.0015606994 6.150626e-06 2.1088294e-07 3.5373116e-05
0.59813905 0.007657616 0.0497253 0.023818884 0.29645938 0.011973095 0.32545048 0.087402694 0.5423989 2.6967253e-05 0.014367455 0.0025357464 0.00015088292 1.5524287e-05 0.00037005256 0.027301058 0.72310203 0.0035366102 0.004351281 0.9136319 0.020554269 1.4550613e-05 0.0608261 0.0001504012 1.090261e-17 0.5706867 4.737872e-05 0.088945776 0.17108314 0.7020114 0.2192568 0.14821738 0.78398263 9.917599e-05 6.2984477e-06 1.107036e-06 0.0011201818 0.011134881 0.109997295 0.21699905 0.27122983 0.00010674923 0.10140252 3.7615132e-06 0.0008715597 0.7725979 0.12599601 4.0412357e-05 8.145062e-06 0.069855854 7.5937714e-06 0.47266582 0.94643867 0.20163707 1.5647553e-05 0.035727646 1.5582626e-05 2.4233163e-05 2.736195e-05 0.004637183 0.0040677767 0.00026682255 0.18670557 0.0039150477 2.8456054e-05 3.3193714e-06 0.001948274 0.06576246 1.2228715e-05 2.0003336e-05 1.2523857e-05 0.005619099 0.00015745594 0.25657287 9.143224e-05 0.0497209 6.650657e-05 0.2351413 1.0813808e-05 2.115229e-05 5.9725844e-06 1.4805969e-06 1.6687738e-05 5.250797e-05 0.000552952 0.01674839 0.00027048503 0.0031912515 4.9687617e-07 0.00021141529 1.0578176e-05 0.009516539 0.0005869179 1.8065932e-06 8.0636555e-06 0.013032387 1.4085625e-05 0.010269137 3.711328e-06 0.019333504 3.429072e-05
0.5229772 0.0001406669 0.0004395531 0.0019070159 0.0067272726 0.00032413471 0.3147758 0.00083007576 0.6016655 1.1713469e-06 0.0068908683 0.0013163285 9.312458e-07 4.802041e-06 0.0006366809 0.07365716 0.027581396 3.485501e-05 6.162084e-05 0.99049443 0.03036894 1.2142226e-06 0.2633682 6.3218664e-05 0.5706867 2.912924e-21 1.1593637e-05 0.0007960731 0.8930326 0.014512918 0.5811352 0.434803 0.88940436 1.1130077e-06 5.698419e-07 6.457291e-07 0.0046752 0.07863523 0.2961573 0.0018283405 0.18233596 0.00015483929 0.21863164 8.160671e-07 2.9560347e-06 0.19633919 0.07699235 2.8163995e-06 1.5819813e-06 0.36350968 1.5173252e-06 0.0020998113 0.1416232 0.049635574 1.0350995e-05 0.00011723885 4.3186728e-07 0.00021327105 0.00015562167 0.020763706 0.036511336 1.05129e-06 0.0073783733 6.8618894e-05 4.053052e-06 3.9396377e-06 6.8435343e-06 0.0029384443 6.898232e-07 4.0014203e-07 7.1444686e-07 0.0067381556 4.801192e-07 0.0078019192 1.2451959e-07 3.0467456e-05 0.00016686298 0.00080005487 7.076334e-05 2.0835256e-07 1.0326429e-06 7.3339197e-07 5.085208e-06 5.577229e-07 0.00019585469 2.25609e-05 4.5141514e-06 0.009775544 9.2547504e-07 0.0001501169 1.4037582e-06 0.025974177 9.875675e-07 4.1219455e-06 1.5045751e-07 0.039674968 6.633265e-08 0.031098582 1.0161122e-07 0.00012558991 9.903374e-07
0.8746978 0.07053689 0.001883777 0.009961649 0.00046540008 0.0028925622 0.0033064971 0.002336841 0.00010380963 0.29842785 0.01005026 0.046223268 0.89365035 0.80398613 0.069586776 0.0016944392 0.00019157518 0.028418906 0.040598154 1.7969562e-05 0.0033240842 0.10756805 0.00037302126 0.9704586 4.737872e-05 1.1593637e-05 9.623638e-20 0.00061481696 1.0829774e-05 0.0001726662 1.6456053e-05 5.694905e-05 1.9075269e-05 0.007440612 0.65358335 0.057060305 0.14014453 0.015844638 1.2701726e-06 8.9818335e-05 5.2380256e-06 0.5977237 5.913267e-08 0.43317428 0.006119664 1.0539107e-05 3.735274e-08 0.22623698 0.0015858688 2.440233e-06 0.056179747 4.396436e-05 1.9850755e-05 3.7282314e-06 0.02198088 0.00025257605 0.0019666713 0.50573546 0.37687343 0.086467035 0.033634152 0.00064278085 1.8577136e-06 0.0001961538 0.015557858 0.016052436 0.002562584 1.4117408e-06 0.00044822312 1.8108462e-05 0.072630174 1.5558679e-06 2.9130506e-05 1.2651682e-05 5.6603705e-05 3.2753964e-05 2.951509e-09 0.00016759883 0.3857033 1.6660864e-05 0.034790404 0.0019112272 0.00016257937 5.325419e-05 0.43500486 4.3768865e-05 0.00027580932 3.55013e-05 0.00031439355 2.2371842e-07 0.000362135 0.00033703665 1.41209985e-05 6.7890404e-08 1.3566445e-06 0.0022757093 1.7508173e-05 1.6101807e-05 2.8124234e-05 3.4986354e-07 0.000105752675
0.2947929 0.2732344 0.5686563 0.12565944 0.69386744 0.4459134 0.20536454 0.7654643 0.11758483 0.01815458 0.008228772 0.0059326543 0.012516658 0.004081513 0.0036415842 0.0012236648 0.92013365 0.03684137 0.03724195 0.0042471103 0.002267489 0.0034045582 0.001299837 0.0022669798 0.088945776 0.0007960731 0.00061481696 8.2959417e-19 6.0290542e-05 0.93742025 0.0011899974 0.00033325827 0.0032443996 0.0018374913 2.33221e-05 0.00018615852 0.0004068566 0.0007146922 1.0655634e-05 0.81607777 0.00010580603 0.00027564395 2.27497e-06 3.617072e-05 0.0053811227 0.00077836256 5.8725295e-06 5.2663734e-05 0.00018112907 2.1777245e-05 2.0197498e-05 0.5246795 0.0045262245 4.8442962e-05 0.00018537989 0.84957594 0.00024915847 0.00014885269 0.00031417233 0.0013681811 0.00081830384 0.019531503 2.8041692e-05 0.45846948 3.9361024e-05 1.3163937e-05 0.18625261 2.5680552e-05 3.21206e-05 0.0010310764 4.162595e-06 5.207394e-06 0.054146156 0.00013315763 0.006324345 0.37594438 8.384786e-08 0.03523145 0.000120778066 0.0062073497 2.663662e-06 5.5002083e-06 5.4110847e-06 2.0826287e-06 0.00028392256 0.16509154 9.8283635e-06 5.278562e-05 3.7049145e-07 2.5800466e-07 7.3166057e-06 0.00011934216 0.09937091 2.2051331e-07 1.300096e-05 0.0005999882 1.2470862e-06 0.00018215754 1.4081031e-07 0.0042959065 1.0047863e-06
0.4883999 0.00030701866 0.0009421746 0.002228757 0.004401292 0.00041497074 0.23196264 0.00041500598 0.3277095 8.192092e-06 0.015001887 0.00129725 6.6363223e-06 5.5863427e-07 0.0010747674 0.053682547 0.016312078 5.5907876e-05 4.710866e-05 0.35487285 0.024544783 1.9028847e-05 0.20877646 0.00018698107 0.17108314 0.8930326 1.0829774e-05 6.0290542e-05 2.924385e-18 0.0034234812 0.8647588 0.6258908 0.4024833 9.815737e-06 3.147742e-06 2.470162e-07 0.0027307144 0.02536048 0.7926541 5.6147735e-05 0.19663972 0.00013098487 0.21913143 2.874721e-06 8.045473e-06 0.050737407 0.08221184 1.2854856e-06 9.97452e-07 0.97239727 1.0908933e-06 0.0014900572 0.065006174 0.029853314 3.1806428e-06 0.000108273016 8.487252e-07 7.4073745e-05 0.000138412 0.010957036 0.019035364 8.437399e-06 0.005415773 3.588999e-05 1.0177188e-06 2.9605542e-06 2.1492795e-06 0.008580037 4.567861e-07 4.230137e-07 9.789803e-08 0.04924644 1.8752214e-06 0.0016732599 1.8640704e-06 4.2578083e-07 0.0023290587 0.0014449513 6.0530434e-05 1.5990577e-06 2.1273213e-06 7.962561e-06 2.1129676e-06 3.4965004e-07 0.00058337575 6.803884e-06 1.8053988e-05 0.005550328 1.088258e-06 0.0014938498 5.9094594e-07 0.0129217645 1.4587877e-05 0.00013130692 3.5518198e-07 0.050560046 1.5212867e-06 0.0070537026 2.2077143e-06 1.8167031e-05 3.0577503e-06
0.26015115 0.051542565 0.25699812 0.058356952 0.5292248 0.105769716 0.2638234 0.36424297 0.27863076 0.005906353 0.004419235 0.0020370486 0.0006574886 0.00043532715 0.0005173164 0.0020577395 0.9603444 0.0057863332 0.008252439 0.064830884 0.0029527214 0.00091412663 0.0024100894 0.00020724234 0.7020114 0.014512918 0.0001726662 0.93742025 0.0034234812 3.713164e-18 0.0016251839 0.0017451621 0.0441497 0.00044718134 3.5094108e-06 3.8343164e-06 0.00036479102 0.0003944125 0.0002079162 0.93311596 0.0008340234 6.176923e-05 3.6525227e-05 1.2075888e-05 0.00076286204 0.0170303 2.4024408e-05 1.3637135e-05 1.1439667e-05 0.0003791232 9.590578e-06 0.87334746 0.26195478 0.0002945704 9.764088e-06 0.45621967 2.2018405e-05 8.658577e-05 0.00014047587 0.001278995 0.00038631275 0.00094533636 0.0005010427 0.07889512 4.376355e-06 6.214546e-06 0.023908494 0.0001310656 6.4769523e-07 5.3168886e-05 6.410841e-07 1.8412811e-05 0.016717909 0.016890554 0.0007626274 0.5022895 1.3227141e-06 0.1872384 1.5721653e-05 0.00071277545 2.2460526e-06 1.5365966e-06 5.582516e-06 6.186154e-07 0.00016423731 0.33793488 7.329483e-06 0.00038037938 1.9771343e-07 6.993602e-06 1.5906421e-06 0.0008307425 0.028640637 3.8905696e-06 8.219442e-06 0.00021768246 9.564268e-07 0.00082106877 4.5549632e-07 0.025686644 2.971157e-07
0.8265742 0.001197784 0.0014542122 0.011677004 0.0034129291 0.000748216 0.26254416 0.0006460399 0.38478762 0.00032059802 0.09712786 0.018084982 0.00014536722 4.8152833e-05 0.0037660147 0.28917634 0.013948953 5.60671e-05 4.8772366e-05 0.2717015 0.0830436 6.5205975e-05 0.8392053 0.0004950826 0.2192568 0.5811352 1.6456053e-05 0.0011899974 0.8647588 0.0016251839 9.9993315e-20 0.9896509 0.16927235 6.164412e-05 1.5238052e-05 8.189986e-07 0.02275353 0.354243 0.26397675 8.97364e-05 0.041974973 0.0020231497 0.036930744 4.8968227e-06 2.7863962e-05 0.009312667 0.018262964 2.1886772e-06 2.5788504e-06 0.340132 1.6467628e-06 0.00033039218 0.040587693 0.003906524 4.521959e-06 0.00014769334 6.9293174e-06 0.0001838934 0.00039344188 0.07452749 0.075655155 1.191923e-05 0.0011865126 0.00040461373 1.2960263e-06 3.1084717e-06 5.9596437e-05 0.00080083 3.581663e-06 2.2427052e-06 4.135542e-08 0.0074954447 0.00010235063 0.00027249416 1.5612823e-05 6.974995e-05 0.00071511656 0.0019046821 0.0015884724 1.1705624e-05 2.6508198e-07 5.021553e-07 8.644642e-07 1.9310294e-06 0.016012585 0.000116547366 2.1992519e-06 0.025240136 8.198308e-07 0.0013030857 1.3773537e-07 0.04915931 3.6122183e-05 1.6587412e-05 2.8199847e-06 0.3506652 7.723093e-06 0.0264864 9.838955e-07 0.0001153639 9.005827e-08
