1.7296083e-27 0.8707706 0.7979253 0.9548052 0.9425661 0.391094 0.37772703 0.7811276 0.6032732 0.980828 0.668122 0.8807341 0.85954857 0.0750437 0.88921005 0.90016866 0.8073918 0.4357231 0.08060453 0.15807597 0.032858644 0.012716579 0.9525824 0.42822945 0.016373828 0.8480715 0.9076496 0.019092023 0.028746044 0.32881436 0.913303 0.007540578 0.90867394 0.8911983 0.004121213 0.78753436 0.9733583 0.6070539 0.93392706 0.93183035 0.74607944 0.086265504 0.98988366 0.021973984 0.037249632 0.14252952 0.9654493 0.017194133 0.02657471 0.38071743 0.92377174 0.09972785 0.9282184 0.12534231 0.837871 0.088381454 0.9663663 0.7082127 0.0144416215 0.983381 0.9353859 0.9495243 4.8649916e-05 0.9177652 0.011494911 0.090447836 0.98792654 0.8550352 0.5063254 0.88222986 0.0030034448 9.9865036e-05 0.99044377 0.89240426 0.012084783 0.8834675 0.00011611569 0.81666756 0.9278595 0.99918455 0.8652165 1.5730862e-05 0.002313976 0.0009357296 0.9659358 0.9976472 1.3150768e-06 0.0001989086 0.93152297 0.97710145 0.9745244 8.82628e-07 1.0399256e-06 0.005312652 3.9717466e-07 0.03659172 0.98625386 0.9910072 0.17027819 0.9998313 0.0009962723
0.8707706 9.761757e-16 0.95867103 0.88690877 0.047495995 0.92685986 0.86689603 0.86376214 0.09538914 0.012001687 0.012573618 0.46122158 0.37031692 0.15388244 0.39120516 0.03735853 0.105423406 0.4817151 0.38272333 0.010549386 0.010665161 0.1162254 0.17496656 0.013350305 0.033330664 0.00048137337 0.012509164 0.24736692 0.24212712 0.01328218 0.00040877087 0.020993238 0.0010605657 0.00061991 0.010058017 9.834312e-05 0.012170363 0.00012354039 0.0036079648 0.014330753 0.0055802492 0.028472735 0.0004357616 0.009181987 0.09360396 0.0073807486 2.1702441e-07 0.034128945 0.20569865 3.0604792e-07 0.008439161 4.4032964e-05 7.308776e-07 1.7827273e-05 1.2698334e-06 2.2854417e-07 0.0071258754 6.6407594e-08 2.7642232e-06 0.0030122555 0.0013558893 0.00265156 0.0025758934 5.5846776e-06 0.0011000497 4.0858862e-07 5.9670878e-05 3.2149094e-07 3.6863023e-07 4.071036e-07 0.0013063682 0.0009233035 0.00020515377 5.1099764e-08 9.236896e-05 9.707094e-07 0.012098528 2.9874943e-07 3.973789e-07 0.0018446188 1.198506e-08 4.1737494e-06 6.7087336e-07 1.0002868e-06 2.7658214e-06 0.001789663 1.42673825e-05 0.0005684248 3.7885137e-08 5.2949326e-05 0.0006876731 1.8985369e-06 1.3979769e-05 1.469974e-07 1.2737595e-06 1.3225691e-06 0.001865608 6.7125704e-08 2.1395e-08 5.1791907e-05 0.00012236222
0.7979253 0.95867103 2.9387777e-18 0.97502214 0.029003978 0.6409812 0.75929177 0.5619726 0.3254609 0.0015680157 0.0034883844 0.6631838 0.5456878 0.27342734 0.46564293 0.0770552 0.19754456 0.08536605 0.10420398 0.02833085 0.009986652 0.034588344 0.24517444 0.031711858 0.016514413 0.0001103564 0.0048952335 0.05007043 0.033341445 0.0031384216 6.570128e-05 0.0062212413 0.0008935689 0.00021594869 0.0030153107 1.685666e-05 0.010450004 2.1971377e-05 0.0026569034 0.012468727 0.0009997706 0.0015965543 0.00037110096 0.00050728663 0.0063247913 0.00054250704 1.14868385e-07 0.0020724628 0.004762151 1.3816779e-07 0.007629104 1.6674345e-05 9.843347e-07 7.020398e-06 4.3709719e-07 4.4192298e-08 0.013091194 3.7379255e-08 2.5444328e-07 0.0032186327 0.0040615415 0.004351856 0.00024010541 9.351844e-06 4.9783453e-06 3.3604344e-08 0.000150813 2.0346593e-07 1.4137423e-07 1.2539823e-07 2.7167742e-05 1.5964059e-05 0.00034406828 5.4671574e-08 6.821901e-06 1.5704218e-06 7.8686055e-05 1.2284892e-07 2.4502626e-06 0.0019923241 3.4871264e-09 6.8118277e-07 8.6719446e-08 1.1145132e-07 8.661804e-06 0.0030356594 1.5419032e-06 1.215668e-05 3.4529762e-08 0.00018198218 0.0011810075 5.4805395e-07 3.532334e-06 2.37175e-08 2.1093906e-07 5.2635016e-07 0.0012050241 3.4518879e-09 2.5316333e-09 0.00018349031 9.294204e-06
0.9548052 0.88690877 0.97502214 1.6755648e-17 0.03845271 0.6759827 0.71104723 0.7067412 0.23749729 0.0021850006 0.01094323 0.7213856 0.70433235 0.13358359 0.5634029 0.16737556 0.35556346 0.22224115 0.21406822 0.025408424 0.021999778 0.052198034 0.4248355 0.047222063 0.020706307 0.00023371566 0.016195565 0.08106463 0.06831552 0.010139673 5.699175e-05 0.008161622 0.0016168667 8.209615e-05 0.003755207 5.814605e-06 0.020929659 2.7524085e-05 0.004552929 0.031497642 0.0029247783 0.007829058 0.0003863394 0.0019260471 0.024978943 0.001037325 6.373068e-08 0.00779378 0.031005552 1.377824e-07 0.02254245 6.740388e-05 1.802652e-06 1.1824533e-05 7.9715073e-07 1.087774e-07 0.022899343 2.4934838e-08 1.56954e-06 0.0086096395 0.003940852 0.0069425106 0.00037879634 1.3508072e-05 2.8915832e-05 1.0579265e-07 0.00013924862 4.6923117e-07 4.378738e-08 2.3819061e-07 0.00041234636 4.24002e-05 0.0006736357 3.130358e-08 8.45597e-05 8.085682e-07 0.00016386199 3.3698758e-08 5.711009e-07 0.003019185 2.4927123e-09 7.5812236e-06 1.002729e-06 2.8979919e-06 5.0684803e-06 0.0032199605 3.1292104e-05 0.00014868243 3.6650473e-08 9.041952e-05 0.0033111675 4.351991e-06 1.5545991e-05 8.597979e-08 7.260521e-07 2.0331763e-06 0.001981802 2.5353348e-09 1.2903464e-09 0.00014074099 2.9057035e-05
0.9425661 0.047495995 0.029003978 0.03845271 9.5270345e-18 0.021467822 0.007559947 0.4437154 6.4838685e-05 0.9733132 0.97970957 0.0046213646 0.044189844 0.00018346476 0.0079648895 0.73540664 0.12761836 0.22198853 0.0027441606 5.382713e-05 9.182862e-05 0.0007670048 0.091250025 0.0022109938 0.00030772013 0.12880795 0.21722229 0.028427986 0.0037997493 0.6601629 0.02434002 0.0002498554 0.07658422 0.026199173 4.5025277e-05 0.0058825463 0.105962485 0.017219748 0.00048427747 0.0041662753 0.2968951 0.23997888 0.0077650244 0.12690547 0.107724234 0.17864642 0.00036862868 0.1151123 0.0462953 0.00012265828 0.0063163494 0.009218368 0.00017352575 0.0007768487 6.720209e-05 0.00012194913 0.013287932 8.532347e-06 0.0005581066 0.015924653 0.015232153 0.00485917 0.00031890563 0.0010443846 0.027843151 7.0096803e-06 0.0041039367 0.00012429981 9.52643e-06 6.754819e-06 0.0007804356 0.00012331545 0.002712433 8.284398e-06 0.00040787717 0.00019390568 1.8342206e-06 1.2998921e-06 0.00016186493 0.017302409 4.3167373e-07 6.2255676e-06 1.6500533e-06 9.8454175e-06 0.0003689818 0.0056047183 6.698572e-06 1.377179e-05 3.3084652e-06 0.0010978865 0.00052998663 6.846495e-07 4.510907e-06 2.1304812e-07 1.216619e-07 8.6610146e-07 0.0005088529 2.0272238e-07 7.6268875e-10 0.0005361273 2.6250369e-05
0.391094 0.92685986 0.6409812 0.6759827 0.021467822 7.871304e-17 0.97576755 0.87372214 0.08204285 0.0039349273 0.0062175253 0.20523857 0.1346687 0.17133541 0.14772384 0.015836949 0.025047172 0.6871041 0.73039544 0.006609391 0.013851355 0.46308327 0.029002788 0.0023218289 0.12770373 0.00046417868 0.0015996627 0.5197409 0.5321738 0.0010423895 0.00028386625 0.11052624 0.00015427961 9.770325e-05 0.036765303 2.3884484e-05 0.0010509419 0.0001620954 0.0005283455 0.0014367125 0.0006277789 0.0037203755 5.712246e-05 0.0016379192 0.070082225 0.00059486536 2.745597e-07 0.018232405 0.32366395 1.2049956e-07 0.00033416785 3.5437927e-06 1.4577467e-06 6.8411396e-06 1.400732e-06 7.21069e-08 0.0005891319 4.2895923e-08 1.3701532e-07 0.00026028618 0.00026316705 0.00041412728 0.0029255985 2.6157193e-06 0.0005426936 3.0229504e-08 4.5713696e-05 3.4660894e-07 6.988911e-07 4.46538e-07 0.0004461641 0.00034719537 2.254335e-05 1.1538309e-07 2.60257e-05 7.37369e-07 0.007248488 3.593042e-06 7.236058e-07 0.00038176874 2.8744193e-08 1.6140804e-06 5.171052e-07 6.2796784e-07 2.8896243e-06 0.000519679 8.823205e-06 0.00067037554 1.2496463e-07 1.748825e-05 9.704762e-05 1.2890359e-06 3.254404e-05 1.5982168e-07 4.4571092e-07 1.5553978e-06 0.00010624021 8.599766e-08 2.4321045e-09 3.514282e-05 4.613493e-05
0.37772703 0.86689603 0.75929177 0.71104723 0.007559947 0.97576755 1.3054653e-15 0.5626252 0.4517852 0.0016525849 0.0009929164 0.5309778 0.21064135 0.88700604 0.25532 0.011057047 0.029469188 0.37546536 0.70689625 0.14120848 0.16462253 0.49120975 0.04374456 0.024829842 0.5086982 0.00021460149 0.0015759453 0.3297853 0.43057886 0.0006568866 6.659523e-05 0.28299507 7.10065e-05 1.799877e-05 0.1440683 4.634906e-06 0.00097125256 2.8335895e-05 0.0035223032 0.006170523 0.00020766533 0.0016709238 2.3018252e-05 0.00273387 0.050289728 0.00024904584 8.045564e-08 0.011323247 0.30683452 8.073018e-08 0.0016467395 3.2885312e-06 1.5825103e-07 1.7820186e-05 5.551471e-07 5.87482e-08 0.000767071 3.734612e-08 7.070886e-08 0.0005731221 0.00028560546 0.0007192535 0.003134007 7.7090056e-07 0.0001636234 2.2144576e-08 3.8872504e-06 1.5015705e-07 2.044745e-07 7.157811e-08 0.00029305898 0.0007118187 4.807666e-05 2.3920576e-08 1.24261815e-05 6.7614013e-07 0.02972896 2.2631625e-07 3.0207647e-07 0.00083268585 2.2298203e-09 3.0752765e-06 9.2835677e-07 5.379798e-07 1.12366e-06 0.0010116786 3.2767868e-05 0.0018018831 2.991821e-08 2.1296466e-05 0.0012787058 6.458057e-06 0.00013734023 7.2400304e-08 4.9244068e-06 6.5799355e-07 0.0012439066 8.33421e-08 2.5335412e-09 3.867816e-05 9.412423e-05
0.7811276 0.86376214 0.5619726 0.7067412 0.4437154 0.87372214 0.5626252 1.7676037e-17 0.0048768115 0.13736483 0.28863338 0.1643971 0.32443646 0.004195437 0.17290795 0.20314455 0.1304201 0.9703075 0.49898863 0.00018756742 0.00020062456 0.13116083 0.07651198 0.0011447171 0.004658137 0.016123665 0.018956391 0.625293 0.49923256 0.06999201 0.0040029036 0.004738543 0.0015790317 0.003818496 0.00025940817 0.00036344197 0.0075628967 0.0007022008 0.00033104792 0.0009571499 0.055783298 0.1128984 0.0003263783 0.0352763 0.24224132 0.028567182 4.2179911e-07 0.11548916 0.3943394 2.2772396e-07 0.0006012122 7.140327e-05 5.2292035e-07 1.813006e-05 1.0111527e-06 5.8593322e-08 0.0018331872 2.527283e-08 1.5363228e-06 0.00050553854 0.0007116554 0.00068704085 0.0051540034 6.4166306e-06 0.003488343 1.0551651e-08 5.4104792e-05 5.3143047e-08 2.5047055e-07 3.161396e-07 0.0015347633 0.0011600766 3.514768e-05 3.1176484e-08 3.674586e-05 3.4620425e-07 0.0005648464 5.0910967e-07 5.831234e-07 0.000672428 3.0400134e-08 2.6883217e-06 2.4952192e-07 3.3126216e-07 7.198179e-06 0.0012066939 5.9658014e-05 0.00074207166 4.2250463e-08 7.5274904e-05 9.6156844e-05 1.912776e-06 3.768833e-05 2.1191243e-08 7.3144594e-07 6.2113435e-07 0.00020263375 6.966933e-08 3.762702e-09 8.954029e-05 8.260986e-05
0.6032732 0.09538914 0.3254609 0.23749729 6.4838685e-05 0.08204285 0.4517852 0.0048768115 3.7433202e-15 0.00010982347 0.00014447028 0.84381765 0.15246719 0.8043243 0.5589674 0.0006681999 0.0144426 0.0018377401 0.03820719 0.9588653 0.26676935 0.026184687 0.09138574 0.9731176 0.20166224 3.8407663e-05 0.00031228503 0.00028846657 0.0031132933 4.127766e-05 3.8289486e-06 0.022199688 3.9159997e-05 1.6383832e-05 0.035761785 2.636848e-06 0.0011182236 4.3775194e-06 0.23789555 0.11735276 3.1676989e-06 4.435327e-05 6.320896e-05 1.2095176e-06 3.335513e-05 1.2465428e-06 1.2459027e-07 5.690955e-06 8.091325e-06 4.5343376e-07 0.046058558 0.00012115599 1.5212743e-07 2.803645e-05 1.5859443e-07 2.6932359e-08 0.011172062 8.904218e-08 4.037087e-07 0.001316733 0.001250367 0.02162913 2.4150002e-06 8.137162e-07 1.6984827e-06 6.371905e-07 1.6253673e-06 2.8701558e-07 3.485444e-07 3.5708174e-06 4.2523448e-06 1.5947364e-07 5.4493943e-05 5.546222e-07 2.4162799e-05 3.987421e-07 0.0012010182 2.326523e-07 1.5618242e-07 0.0002979879 2.9878504e-07 8.966133e-08 1.5790474e-07 4.435773e-08 1.0420779e-06 0.00452913 3.94635e-08 8.228376e-06 1.4629609e-08 1.4415386e-06 0.019902043 5.7058804e-07 2.918779e-07 3.1212824e-07 2.0271686e-06 3.0033945e-05 0.01925661 6.667002e-09 8.389373e-09 2.04748e-06 4.965214e-05
0.980828 0.012001687 0.0015680157 0.0021850006 0.9733132 0.0039349273 0.0016525849 0.13736483 0.00010982347 4.4930853e-17 0.87419605 0.00076419633 0.007497443 4.4704633e-05 0.0023494095 0.75353014 0.051663455 0.07233724 0.0008059715 3.6548397e-05 3.3974226e-05 0.00066113414 0.04956568 0.00040839854 0.00022091845 0.6265066 0.32372642 0.010276699 0.0025535391 0.6433065 0.24484517 4.7596463e-05 0.29385504 0.31831744 1.3918389e-05 0.08638601 0.15574582 0.12714455 0.00023030386 0.0018628079 0.7959988 0.28972062 0.1335981 0.17278582 0.08855584 0.5053686 0.0016727902 0.12674609 0.13896811 0.00050475285 0.0011553363 0.043367706 0.002437778 0.0035380893 0.00032321332 0.0005960181 0.017554713 4.7798472e-05 0.0027547746 0.053345736 0.024058847 0.003500311 0.00058719976 0.0040186797 0.117246084 0.00017993167 0.019149719 0.00021709947 2.765944e-05 1.629007e-05 0.0021420473 0.0001080053 0.008124055 3.7043177e-05 0.0014297859 0.00046396052 9.084238e-06 6.5022004e-06 0.00037106627 0.026950317 4.8926495e-06 7.706444e-06 2.5744946e-05 0.00017783351 0.0017355772 0.00786634 3.1818563e-06 4.8275782e-05 1.4109865e-05 0.0018411214 0.00070436695 7.3385024e-07 5.10458e-06 6.1965493e-06 1.1014531e-07 4.6256395e-05 0.0008528369 5.6791846e-06 3.9527908e-08 0.0012296643 0.00018297638
0.668122 0.012573618 0.0034883844 0.01094323 0.97970957 0.0062175253 0.0009929164 0.28863338 0.00014447028 0.87419605 1.5697318e-15 0.0007875745 0.0076937587 2.680699e-05 0.0031187641 0.1325987 0.009013824 0.2527222 0.0017668065 0.00019081193 3.5472232e-05 0.0017863081 0.01325359 0.00029489 0.0003735994 0.030326284 0.03149352 0.03526973 0.010217957 0.9585472 0.018293984 0.00032241747 0.008344741 0.011405434 5.5476132e-05 0.003068117 0.008405707 0.00920527 0.00060310273 0.00075110263 0.7300715 0.6282664 0.0027587062 0.41412336 0.25884765 0.49202445 0.00026838854 0.26188275 0.121133015 0.00012566899 0.00016398533 0.024270175 7.409056e-05 0.0010808021 4.8882026e-05 0.00018804581 0.0014574424 2.7491054e-05 0.0015951487 0.002328398 0.0010983992 0.0002156217 0.0017270814 0.000282549 0.09619673 8.263705e-05 0.0009277679 4.5816218e-05 5.106472e-05 1.7639502e-05 0.014510227 0.00089653087 0.0006864357 8.490738e-06 0.003555238 4.015102e-05 8.606224e-06 2.0347954e-05 6.73214e-05 0.0015272197 2.5863128e-06 0.00010213348 1.7383541e-05 0.0001983411 0.0002275235 0.0012002374 7.1035895e-05 0.00013003906 2.947026e-05 0.00040085154 0.00015656547 4.643711e-06 0.00042542105 6.205041e-06 2.6816477e-07 9.024902e-05 9.226533e-05 8.152701e-06 2.1344043e-07 0.00033890866 0.0006036289
0.8807341 0.46122158 0.6631838 0.7213856 0.0046213646 0.20523857 0.5309778 0.1643971 0.84381765 0.00076419633 0.0007875745 1.5774987e-16 0.7374155 0.587023 0.96305406 0.02340783 0.22820345 0.023858521 0.10777883 0.30882505 0.09279877 0.036170535 0.5877314 0.84566945 0.07891437 1.5161964e-05 0.0031390383 0.0032114808 0.004350864 0.00040173807 3.338985e-05 0.006086273 0.0003011283 8.067212e-05 0.018931573 2.3564214e-06 0.006974739 1.5285295e-05 0.09487578 0.5135398 6.692273e-05 0.00030898344 0.00032763724 0.0001230178 0.00033443532 3.461759e-05 9.9896695e-08 1.9438792e-05 0.0002438 1.889101e-07 0.044102516 4.5872966e-05 1.1532286e-06 1.459162e-05 1.5423591e-06 3.0521676e-08 0.03553776 4.3774936e-08 7.392681e-07 0.004198027 0.0067216298 0.021057958 0.0001099959 2.807108e-06 1.3667705e-05 9.222878e-08 3.3236687e-05 5.6055033e-08 6.6162113e-07 1.5827993e-06 3.032941e-05 6.241809e-06 0.00035876335 4.0303587e-09 3.316475e-05 1.6798808e-07 0.00058347225 4.320617e-07 1.8850498e-07 0.0035429634 9.297295e-10 2.7688006e-06 3.6669076e-06 3.0478252e-06 6.8985145e-07 0.0071585597 6.295307e-06 0.0040275217 1.7754306e-08 5.7184534e-05 0.01824613 1.4861885e-05 7.817787e-05 1.9748579e-07 4.6402815e-07 1.1289624e-05 0.018126614 2.155938e-09 7.739479e-09 0.0003499166 0.0010616425
0.85954857 0.37031692 0.5456878 0.70433235 0.044189844 0.1346687 0.21064135 0.32443646 0.15246719 0.007497443 0.0076937587 0.7374155 1.1789894e-15 0.045499247 0.9287716 0.6257859 0.94816864 0.03550008 0.025196377 0.018493501 0.003674676 0.011183469 0.8746142 0.052425668 0.006227854 0.0014612926 0.16905813 0.005708268 0.0061871284 0.0036813489 0.00032223304 0.0012764008 0.030296627 0.0011246555 0.0015446703 4.5872795e-05 0.27043355 0.0001585744 0.009854822 0.123760715 0.0009228998 0.0012753586 0.005764555 0.0006534897 0.0028566227 0.00032392208 9.384574e-07 0.0008592775 0.0019704897 1.8614891e-06 0.086796165 0.0007476921 0.000108654596 0.00010913438 3.626436e-05 2.1211204e-06 0.14098765 1.9781187e-07 2.9817505e-05 0.023701552 0.031062372 0.018916117 0.00014162585 0.000113972805 0.00010741793 2.4065075e-06 0.0011175202 2.218641e-06 9.709075e-07 4.835105e-06 0.00030387152 7.610341e-05 0.0039678556 4.0268122e-07 0.00016488139 1.0450043e-05 5.3362422e-05 1.4218164e-06 1.0648086e-05 0.009289238 7.770516e-08 9.83623e-06 3.668681e-06 7.1866903e-06 5.9970218e-05 0.012399898 5.2603747e-05 0.001988975 9.196138e-07 0.0005779685 0.0059296736 2.1798085e-05 0.00014879082 7.996322e-07 2.9110163e-06 2.1662161e-05 0.006842961 1.3011027e-06 1.2854532e-07 0.0011667692 0.0014393228
0.0750437 0.15388244 0.27342734 0.13358359 0.00018346476 0.17133541 0.88700604 0.004195437 0.8043243 4.4704633e-05 2.680699e-05 0.587023 0.045499247 9.1975346e-18 0.09353899 0.00062893546 0.002856482 0.0037223962 0.2772474 0.9639386 0.96897686 0.20767604 0.005419721 0.094014764 0.9308759 3.6913436e-05 3.86218e-05 0.00809883 0.012659244 7.4902923e-06 9.793496e-07 0.40300226 9.495438e-06 3.055278e-06 0.30473152 1.5949273e-06 0.00018405533 5.6183137e-07 0.0059134914 0.005534846 1.08422576e-07 7.99737e-06 3.1102747e-06 4.2337224e-06 9.296008e-05 2.1441112e-07 1.16264985e-07 1.537369e-06 0.0013215296 6.425479e-08 0.0016656598 9.869954e-08 6.956709e-08 5.121916e-06 2.6897348e-08 2.4309696e-08 0.00037291044 1.576747e-08 7.89529e-09 6.107778e-05 0.00015915756 0.00068529695 0.00010197084 1.7632235e-07 9.3207564e-07 2.1885402e-09 2.242164e-06 1.7619746e-07 3.6195164e-08 4.0071658e-08 1.6664254e-06 5.744389e-07 1.3980943e-05 5.8424476e-08 5.005842e-07 3.1442065e-07 0.018387089 2.2517479e-07 4.516793e-07 9.729616e-05 1.0956736e-08 1.12633955e-07 9.881482e-08 3.163498e-07 5.1520838e-06 0.00045187492 9.808904e-08 2.9807128e-05 1.5680348e-08 1.4772002e-05 0.0013469823 3.48642e-06 5.617767e-07 9.467663e-09 3.0447572e-06 6.355652e-07 0.0015470373 4.233506e-09 1.4234884e-09 3.7336608e-06 5.40785e-06
0.88921005 0.39120516 0.46564293 0.5634029 0.0079648895 0.14772384 0.25532 0.17290795 0.5589674 0.0023494095 0.0031187641 0.96305406 0.9287716 0.09353899 1.3636084e-16 0.12586643 0.63962317 0.021057392 0.035169765 0.053449944 0.018533845 0.009795665 0.8502002 0.50645745 0.0067758337 0.00026136747 0.031545848 0.0022778849 0.0024126524 0.0007300317 8.545544e-05 0.0010314772 0.0037419721 0.00011664732 0.0028783507 4.934603e-06 0.09338842 4.5102763e-05 0.10928305 0.5454134 6.415141e-05 0.00038346087 0.0011156225 9.777864e-05 0.0001435441 2.9096273e-05 4.7333167e-08 2.6006845e-05 0.00036429372 1.1094231e-07 0.15440102 3.7659334e-05 1.0736011e-05 1.9343073e-05 2.565474e-06 4.164163e-08 0.1106316 2.9184822e-08 5.312535e-07 0.017255452 0.019586332 0.06850342 3.2075386e-05 6.6332694e-05 5.8949513e-06 3.141046e-08 0.0003646498 1.654231e-07 1.12433476e-07 3.8116949e-07 9.968339e-05 1.6499613e-05 0.001938628 5.4637037e-09 4.5062523e-05 8.382703e-07 2.0701349e-05 3.579218e-08 1.321263e-06 0.0059438613 4.308965e-10 3.2980408e-06 9.13456e-07 3.4871518e-06 3.73437e-06 0.011906251 3.4600803e-06 6.599461e-05 2.2992879e-08 0.00021223769 0.020989003 3.2066714e-06 2.0711223e-05 9.575013e-08 4.8769857e-07 7.5211824e-07 0.028478304 1.0261886e-09 5.9713934e-10 0.0003821337 9.9262674e-05
0.90016866 0.03735853 0.0770552 0.16737556 0.73540664 0.015836949 0.011057047 0.20314455 0.0006681999 0.75353014 0.1325987 0.02340783 0.6257859 0.00062893546 0.12586643 6.5979007e-18 0.87124777 0.035994288 0.0007027348 0.0011244105 8.8731085e-06 0.0005460889 0.32261273 0.0015221793 0.001024326 0.67835003 0.9662412 0.001854507 0.0009836663 0.07788845 0.10604021 3.8944472e-05 0.77728015 0.41377634 8.549636e-05 0.2036277 0.7664931 0.0120174065 0.00287896 0.022215659 0.1564257 0.016316116 0.256731 0.005273184 0.010805445 0.009923376 0.0004207738 0.0041075917 0.003967102 0.000109744746 0.022478437 0.014062345 0.017990088 0.0014925404 0.0006912325 0.00010104896 0.07629923 1.0388644e-05 0.00017136565 0.088618405 0.0790557 0.02831291 0.00017617874 0.002195925 0.0014102763 6.2738654e-05 0.023751464 0.00014217636 5.1897074e-05 0.00011334736 0.0012475216 0.00015384427 0.019383812 6.301196e-05 0.0006576241 0.00027455227 3.1287003e-05 2.8707638e-05 0.0005073241 0.033117376 1.3128094e-05 3.687299e-06 2.5658375e-05 6.8241525e-06 0.002276416 0.04111691 1.6066158e-05 0.009716695 5.7241177e-05 0.005601769 0.0048429663 1.734744e-05 0.00026798158 2.8136145e-07 2.420871e-06 1.3936359e-05 0.0040515163 8.214705e-05 3.7501135e-07 0.007854473 0.0007428112
0.8073918 0.105423406 0.19754456 0.35556346 0.12761836 0.025047172 0.029469188 0.1304201 0.0144426 0.051663455 0.009013824 0.22820345 0.94816864 0.002856482 0.63962317 0.87124777 5.563036e-16 0.009764177 0.00054138235 0.0012034145 0.00023155675 0.00033577485 0.9638211 0.009986062 0.0005607547 0.03283772 0.58117974 0.0005015315 0.00050532963 0.004193591 0.00093947886 8.1268176e-05 0.28749013 0.010832993 0.00012520759 0.00034141028 0.7782129 0.00019938702 0.005657262 0.114170775 0.0007109245 0.0011704955 0.045335986 0.00018889326 0.00085174496 0.000102108934 9.3877344e-07 0.0003995598 0.0005788356 1.5293133e-06 0.16147201 0.0006043178 0.000409397 9.666088e-05 4.1716583e-05 9.851847e-07 0.27045262 2.3750694e-07 1.8753995e-05 0.11363378 0.12312111 0.054848727 8.8543544e-05 0.0007069629 0.00022226924 9.199287e-07 0.005915953 3.3856409e-06 2.572731e-06 9.353896e-06 0.0004445279 0.0001560945 0.015102335 1.9186991e-06 4.940883e-05 3.9133418e-05 2.10048e-05 1.6738845e-06 7.081188e-05 0.023267636 4.2551133e-07 1.3565276e-05 1.7377466e-06 1.5917758e-06 0.0002470173 0.03757319 7.880774e-06 0.0015456569 6.298959e-06 0.0014121557 0.008370778 8.373104e-06 8.66246e-05 1.9051706e-07 1.6452935e-06 9.037431e-06 0.0139205465 2.7030264e-06 9.431619e-08 0.0025979427 0.00060209294
0.4357231 0.4817151 0.08536605 0.22224115 0.22198853 0.6871041 0.37546536 0.9703075 0.0018377401 0.07233724 0.2527222 0.023858521 0.03550008 0.0037223962 0.021057392 0.035994288 0.009764177 1.3131558e-17 0.6483737 0.00036862568 0.0003117268 0.18264726 0.005016473 0.0006577304 0.003186574 0.00518824 0.0020744582 0.94794554 0.8734896 0.07279149 0.0044258144 0.009525768 0.0001415848 0.00072090613 0.00048727804 0.00025383243 0.00080779905 0.0020425702 4.581259e-05 0.00016518988 0.032056306 0.26259908 3.3611217e-05 0.03363517 0.62622684 0.023615567 6.979862e-06 0.2397515 0.8853518 3.9128395e-06 0.00069079356 0.0002069149 3.3017232e-06 6.8866764e-05 6.882898e-06 2.975112e-07 0.00061559636 8.6640875e-07 4.8553293e-06 0.00017080944 0.00024848813 0.00017437396 0.07381105 2.338513e-05 0.002617017 1.8191335e-07 3.6396952e-05 4.1916175e-07 8.347259e-07 5.666576e-07 0.004838994 0.0075306604 1.1134913e-05 3.6637908e-07 1.1029879e-05 1.3480937e-06 0.011520701 9.819266e-06 2.766433e-06 0.00022608296 4.3970903e-07 2.803974e-07 6.8514034e-08 2.5232694e-07 1.2791858e-05 0.0007513633 5.1177874e-05 0.0034402006 1.0237883e-06 6.4004445e-05 3.727558e-05 9.109823e-06 0.000261539 8.5503515e-09 4.6380633e-06 1.2070936e-07 6.8696674e-05 2.3751795e-06 6.1528077e-10 8.690672e-06 9.5121914e-07
0.08060453 0.38272333 0.10420398 0.21406822 0.0027441606 0.73039544 0.70689625 0.49898863 0.03820719 0.0008059715 0.0017668065 0.10777883 0.025196377 0.2772474 0.035169765 0.0007027348 0.00054138235 0.6483737 1.3331794e-16 0.02201394 0.034875754 0.991834 0.00095712487 0.0009989067 0.5911618 0.000103880455 3.9398426e-05 0.71967316 0.90576315 0.00017116572 0.0001473381 0.8156325 2.1235543e-05 8.186539e-06 0.39768314 2.0315474e-05 0.00014019187 6.7441375e-05 8.753619e-05 0.00016450991 0.0001490419 0.00012220677 3.93843e-05 0.00014558503 0.012081229 2.6663545e-05 1.553229e-06 0.0004277732 0.5310952 2.0211382e-06 9.8530596e-05 5.382572e-06 2.4343963e-06 5.3839245e-05 1.1282796e-06 5.6694466e-07 8.608347e-05 5.4739894e-07 9.4982306e-07 2.4160956e-05 2.6323218e-05 4.04233e-05 0.014889082 4.7467292e-06 9.890632e-07 1.3437771e-06 3.3291294e-06 5.835596e-07 6.582669e-06 1.1813866e-06 0.00055361155 0.0005863416 2.9555727e-06 5.3547427e-07 1.006264e-06 1.2479178e-06 0.048864193 1.6635397e-05 2.8004367e-06 1.3550651e-05 3.930374e-07 7.840309e-08 8.8833865e-08 1.2674505e-07 1.0089715e-05 8.740373e-05 3.208476e-06 0.0039287256 1.7748671e-06 7.3449546e-06 2.1036334e-05 2.1761736e-05 2.994624e-06 3.5970803e-08 3.1381882e-05 5.0276583e-07 6.465872e-06 4.5922255e-07 9.8876e-10 7.737923e-07 5.239897e-07
0.15807597 0.010549386 0.02833085 0.025408424 5.382713e-05 0.006609391 0.14120848 0.00018756742 0.9588653 3.6548397e-05 0.00019081193 0.30882505 0.018493501 0.9639386 0.053449944 0.0011244105 0.0012034145 0.00036862568 0.02201394 3.151708e-13 0.99113446 0.010759613 0.008313856 0.35628435 0.5912738 2.5891697e-05 6.933413e-05 0.0007288491 0.00036566076 1.3809272e-05 8.469431e-07 0.061830644 3.166121e-05 1.5539713e-06 0.13352941 2.3080581e-06 0.00033714433 1.4985806e-05 0.025686445 0.019353958 1.2951924e-06 5.2775802e-05 2.712531e-05 2.5217854e-05 7.268822e-05 3.1988582e-06 3.3754065e-07 1.2750569e-05 8.490532e-05 9.4292244e-07 0.009451651 5.917008e-06 4.1105636e-07 2.607126e-05 1.3605988e-06 2.2362966e-07 0.0012267566 9.814898e-07 8.699674e-07 0.0008037777 0.00016980957 0.004283864 0.00015616091 7.649447e-06 2.6930948e-06 5.1638966e-07 5.6646576e-07 1.2788582e-06 4.4686306e-07 9.072932e-06 1.0757647e-05 2.8329301e-05 0.00019585452 1.2607862e-07 2.4307112e-05 4.459909e-06 0.0067108683 3.1174103e-08 1.6623892e-06 0.0005791296 1.6361275e-08 4.7824e-07 9.688764e-07 3.4963472e-07 2.7036117e-06 0.0045559867 1.022416e-05 0.00010525903 6.763373e-08 2.3935832e-05 0.013146361 9.454937e-06 1.046865e-06 2.1649954e-07 1.1109773e-05 1.2845765e-06 0.036932748 2.570146e-10 2.2404358e-09 1.0162664e-05 2.5086965e-06
0.032858644 0.010665161 0.009986652 0.021999778 9.182862e-05 0.013851355 0.16462253 0.00020062456 0.26676935 3.3974226e-05 3.5472232e-05 0.09279877 0.003674676 0.96897686 0.018533845 8.8731085e-06 0.00023155675 0.0003117268 0.034875754 0.99113446 6.257086e-13 0.055421554 0.0012547349 0.03437647 0.9005824 3.9302936e-06 2.445328e-06 0.0006269787 0.0011187037 1.5297139e-05 1.0280207e-06 0.10160788 2.1534609e-06 1.1194521e-06 0.373058 7.0420265e-07 5.0742623e-05 1.7030293e-06 0.0039862106 0.004276675 5.5264803e-07 4.7158148e-05 6.6333796e-06 3.853525e-06 1.3044143e-05 3.3500143e-07 2.4490444e-07 1.3427458e-06 9.8874356e-05 7.478832e-07 0.0009750721 3.3919882e-06 8.003535e-08 4.4607874e-05 2.6667728e-08 3.265294e-07 0.00017157088 6.8553015e-07 5.297044e-07 4.7247642e-05 3.2669886e-05 0.0010676385 0.0003474728 4.80629e-07 3.0813428e-07 7.557009e-07 1.0550369e-07 1.6991032e-06 2.7669344e-06 2.8022962e-06 7.2351377e-06 3.174102e-05 2.286584e-05 9.556691e-07 2.1488668e-05 7.5396457e-07 0.01697207 1.3616439e-06 5.027931e-07 0.00013837767 2.0150303e-07 4.895139e-07 2.6050503e-07 1.0837275e-07 7.9875645e-07 0.0010129375 9.655083e-06 6.219595e-05 2.837693e-06 2.2837369e-06 0.002126648 1.6648426e-05 1.6170785e-06 4.4299924e-07 3.6919984e-05 2.0227983e-06 0.005800471 1.0110158e-08 5.4514833e-09 4.3428277e-06 1.9532588e-06
0.012716579 0.1162254 0.034588344 0.052198034 0.0007670048 0.46308327 0.49120975 0.13116083 0.026184687 0.00066113414 0.0017863081 0.036170535 0.011183469 0.20767604 0.009795665 0.0005460889 0.00033577485 0.18264726 0.991834 0.010759613 0.055421554 1.3108248e-15 0.00027617413 0.0011860884 0.67039645 7.4130774e-05 3.3815835e-05 0.3431239 0.74233854 0.00023275785 0.00012859872 0.9446245 1.6052007e-05 8.03381e-06 0.49925426 8.603565e-06 6.892945e-05 5.4681306e-05 0.00022375696 0.0002837737 9.484844e-05 0.00010952903 2.7314863e-05 2.398796e-05 0.0011006505 9.427781e-06 2.1967617e-06 3.8301518e-05 0.20530242 7.1888456e-07 0.00010855807 8.40444e-06 6.8858424e-07 9.632399e-05 3.0059675e-07 3.2410793e-07 9.7289194e-05 3.2963604e-07 2.8386904e-07 0.00010349559 1.2883017e-05 8.3113155e-05 0.0067434176 8.7108816e-07 3.8682546e-07 2.9629226e-07 6.4320643e-06 3.687858e-08 3.3989795e-06 5.080164e-07 7.933595e-05 0.00020007504 6.6171033e-06 2.2890472e-07 5.2427886e-06 4.4281614e-06 0.025922256 7.734858e-06 4.666053e-06 4.3401593e-05 1.2683913e-07 1.1808306e-07 6.827371e-07 4.4457238e-07 1.7585837e-05 0.00022299303 9.210168e-06 0.0016530082 1.2259302e-06 8.784026e-05 0.00018918804 1.1041045e-05 1.5047824e-06 7.915241e-08 1.2721467e-05 6.228765e-07 3.9229973e-05 9.0567646e-08 8.872088e-09 7.92553e-06 1.5460867e-06
0.9525824 0.17496656 0.24517444 0.4248355 0.091250025 0.029002788 0.04374456 0.07651198 0.09138574 0.04956568 0.01325359 0.5877314 0.8746142 0.005419721 0.8502002 0.32261273 0.9638211 0.005016473 0.00095712487 0.008313856 0.0012547349 0.00027617413 4.1596175e-14 0.05563495 0.0006561053 0.0048278803 0.36124805 0.00050447957 0.0008424643 0.0008616659 0.0007128852 0.0005728932 0.061085656 0.002234454 0.00034695718 0.00017762302 0.6475302 0.00016048418 0.040678754 0.44782946 0.00030768255 0.00061654113 0.023201182 0.00019278389 0.0003440458 0.00011084243 2.3013258e-06 0.00020451813 0.00014310532 6.4725253e-07 0.47019732 0.000268181 0.00012572101 2.9084342e-05 7.974975e-05 1.9189872e-07 0.6154484 3.4690257e-07 6.1342125e-06 0.23598504 0.19754861 0.1683277 1.5497246e-05 0.00079439336 0.0001430936 5.7620255e-08 0.0033919192 3.317207e-06 2.019429e-06 5.327941e-06 0.00029382663 3.3338652e-05 0.029946337 2.6575557e-07 8.3940475e-05 1.7357585e-05 6.0984385e-06 1.2196516e-06 2.2856468e-05 0.068432584 3.6684458e-08 7.978555e-06 1.5260499e-06 1.2341928e-05 0.00011888131 0.08284057 1.8905916e-05 0.0005979886 9.1816435e-07 0.0011082278 0.092044026 2.2260379e-06 2.9544775e-05 2.8773337e-07 8.500326e-07 7.2724524e-06 0.060395416 3.4135162e-08 1.0017273e-08 0.003385267 0.0016155472
0.42822945 0.013350305 0.031711858 0.047222063 0.0022109938 0.0023218289 0.024829842 0.0011447171 0.9731176 0.00040839854 0.00029489 0.84566945 0.052425668 0.094014764 0.50645745 0.0015221793 0.009986062 0.0006577304 0.0009989067 0.35628435 0.03437647 0.0011860884 0.05563495 2.80165e-15 0.008149216 4.074532e-05 0.0019511926 6.8696513e-06 0.00033906865 3.789629e-05 1.1823912e-05 0.0010049819 0.0002148837 0.00024585912 0.0056236377 9.884932e-06 0.0036074938 1.2769937e-06 0.9909625 0.48530614 1.353574e-06 3.8930343e-06 0.0006815503 4.1082004e-07 2.5756747e-06 1.00710736e-07 1.3787098e-07 2.9425325e-07 3.1476864e-07 1.5648207e-07 0.05148969 5.3673506e-05 2.092194e-06 1.8920155e-06 2.404538e-07 4.751722e-09 0.01049188 7.012462e-08 5.2707566e-08 0.0018749301 0.0044531287 0.053367645 5.802715e-07 5.552691e-06 8.610008e-08 1.4473241e-08 0.00013865893 2.9080485e-07 1.0809281e-07 6.1877968e-06 1.0262816e-05 1.3904173e-06 0.00070147426 3.6664037e-08 7.756465e-06 3.536758e-07 0.00022952787 1.2879472e-08 6.292471e-07 0.0024170787 1.3880198e-09 3.2318079e-07 2.2368151e-07 4.9696215e-08 5.5731853e-06 0.0116965035 1.3091405e-06 1.398665e-05 2.9338418e-08 0.00010530965 0.043944594 1.8778325e-06 3.3063013e-06 1.9279508e-08 1.3290629e-06 1.468126e-07 0.0856133 2.836727e-10 8.531104e-11 0.00026128846 0.00012574211
0.016373828 0.033330664 0.016514413 0.020706307 0.00030772013 0.12770373 0.5086982 0.004658137 0.20166224 0.00022091845 0.0003735994 0.07891437 0.006227854 0.9308759 0.0067758337 0.001024326 0.0005607547 0.003186574 0.5911618 0.5912738 0.9005824 0.67039645 0.0006561053 0.008149216 5.298396e-15 0.00014130746 2.7863885e-05 0.008608449 0.03538233 7.295128e-05 5.3151143e-05 0.9624436 1.3575913e-05 6.445672e-06 0.95766264 1.06491625e-05 0.00029956468 7.540855e-05 0.00068339484 0.0016736445 8.097855e-06 0.0001462371 2.99524e-05 2.1826938e-05 0.00012694024 3.2513533e-06 1.9665511e-07 6.887665e-06 0.0005944054 1.4355379e-06 0.0006774987 1.530522e-05 4.85636e-07 0.0001731596 5.5750064e-07 1.1700886e-06 0.0003627425 1.2735044e-06 2.2208296e-06 9.800196e-05 2.5771207e-05 0.0002725768 0.00017004035 1.3631459e-06 1.3534236e-07 1.2479012e-06 2.9365867e-07 2.2632023e-06 2.6888643e-05 1.8252063e-06 1.4313283e-05 6.820802e-06 6.947524e-05 3.938034e-06 1.0365308e-05 2.5520455e-06 0.04052495 7.303785e-06 1.6763256e-06 6.382993e-05 1.5149063e-06 6.9376945e-08 4.2278015e-07 2.46276e-07 1.6712654e-06 0.001551119 4.0541246e-07 0.0007679475 5.989811e-06 5.5995943e-06 0.0011847127 3.9371735e-06 1.7476569e-06 1.4432222e-06 7.9757465e-06 5.854104e-06 0.0016589923 1.8515045e-07 8.3886045e-09 2.5731067e-06 3.2263033e-06
0.8480715 0.00048137337 0.0001103564 0.00023371566 0.12880795 0.00046417868 0.00021460149 0.016123665 3.8407663e-05 0.6265066 0.030326284 1.5161964e-05 0.0014612926 3.6913436e-05 0.00026136747 0.67835003 0.03283772 0.00518824 0.000103880455 2.5891697e-05 3.9302936e-06 7.4130774e-05 0.0048278803 4.074532e-05 0.00014130746 1.704165e-19 0.3089344 0.00015031976 0.00024226311 0.057910588 0.7523578 2.3048435e-05 0.606977 0.98262376 2.4210201e-05 0.9345917 0.13139772 0.16472591 0.000105611965 0.00039686688 0.36056322 0.014238275 0.49104986 0.0031961536 0.0010123888 0.03546941 0.20116259 0.0010699088 0.0002874379 0.0031207723 0.00037490646 0.0879601 0.15837964 0.012100058 0.08711917 0.0013789993 0.0054761204 0.00065637473 0.010400195 0.041274436 0.017042715 0.0024490505 0.00012554166 0.010903432 0.00040770063 0.00020328177 0.065888025 0.0005240217 0.00023764666 0.0005343186 0.00020206986 8.376335e-05 0.024683438 3.7777714e-05 0.0011605021 0.0006368929 8.4394505e-06 3.9323953e-05 0.0016952172 0.020284042 6.9648613e-06 3.6028998e-06 0.00015626995 6.763048e-05 0.005567579 0.014350007 6.4674878e-06 0.0026203685 0.00011694673 0.018027075 0.00090473774 2.1095204e-06 4.9731563e-05 5.1603006e-06 1.4059614e-07 0.00011887632 0.0016036592 0.00039322904 1.2089797e-05 0.017380062 0.0008787927
0.9076496 0.012509164 0.0048952335 0.016195565 0.21722229 0.0015996627 0.0015759453 0.018956391 0.00031228503 0.32372642 0.03149352 0.0031390383 0.16905813 3.86218e-05 0.031545848 0.9662412 0.58117974 0.0020744582 3.9398426e-05 6.933413e-05 2.445328e-06 3.3815835e-05 0.36124805 0.0019511926 2.7863885e-05 0.3089344 7.405888e-19 2.8886698e-05 2.054162e-05 0.008246039 0.02284707 1.306233e-05 0.91468054 0.20273219 2.583244e-06 0.03857592 0.95542586 0.0023115121 0.003105109 0.015782414 0.0127581665 0.0013180809 0.50956476 6.6055436e-05 0.00017501888 0.00045282036 0.00029945158 0.00014178464 3.6729027e-06 2.8478911e-05 0.034729283 0.00060776103 0.0058513256 0.0002753158 0.001598878 2.3008804e-06 0.22365673 3.343578e-06 6.8748814e-06 0.3002391 0.23233244 0.03745603 1.5095947e-06 0.0059207934 1.9382904e-05 7.8404395e-07 0.04379754 0.00012454877 8.510543e-06 3.822911e-05 9.478514e-05 1.7259665e-05 0.092021495 2.659229e-05 0.00013345016 0.00061855826 8.4112116e-07 5.712199e-06 0.0009961767 0.1385428 1.6276041e-06 1.3021279e-06 2.4719686e-06 7.478639e-07 0.0032592667 0.09363784 4.53159e-06 8.536811e-05 2.6355496e-05 0.009728397 0.024452373 2.6420637e-06 1.2626477e-05 9.1194096e-08 2.4161164e-07 1.4995765e-06 0.023421485 4.977686e-06 2.567208e-09 0.015860029 0.00019605896
0.019092023 0.24736692 0.05007043 0.08106463 0.028427986 0.5197409 0.3297853 0.625293 0.00028846657 0.010276699 0.03526973 0.0032114808 0.005708268 0.00809883 0.0022778849 0.001854507 0.0005015315 0.94794554 0.71967316 0.0007288491 0.0006269787 0.3431239 0.00050447957 6.8696513e-06 0.008608449 0.00015031976 2.8886698e-05 2.893513e-19 0.98473054 0.0068111625 0.0012343995 0.02785664 6.155861e-06 3.7508114e-05 0.0023513462 2.166863e-05 5.6738223e-05 0.0004773757 1.5918511e-05 6.0145765e-05 0.0061540916 0.024529295 2.697647e-06 0.0034934229 0.34379205 0.002363463 2.658097e-06 0.018728586 0.8089449 1.500323e-06 1.956142e-05 9.624887e-05 3.721988e-07 9.154033e-05 8.531948e-08 3.7446316e-07 7.5379e-05 1.5554156e-06 1.0499695e-06 3.187118e-05 7.1135246e-06 6.8082004e-06 0.07086426 2.094482e-06 0.00023662332 8.272002e-08 4.4166895e-06 2.9864515e-07 5.737406e-06 1.7828376e-07 0.0022352864 0.0048134057 9.284812e-06 2.2091317e-06 1.5706629e-06 2.6470068e-06 0.0032856597 1.4624029e-06 1.4318921e-05 7.672905e-05 7.4565554e-07 8.221265e-07 7.744134e-08 2.2992691e-07 2.9134506e-05 0.00029464232 0.00015061033 0.0030699242 1.0660613e-05 4.3564938e-05 7.5703506e-06 1.0412985e-05 2.8634058e-05 5.355342e-08 5.6997806e-06 1.0443317e-07 3.3100052e-06 5.1365043e-07 8.1090296e-10 1.2233415e-05 5.3920434e-07
0.028746044 0.24212712 0.033341445 0.06831552 0.0037997493 0.5321738 0.43057886 0.49923256 0.0031132933 0.0025535391 0.010217957 0.004350864 0.0061871284 0.012659244 0.0024126524 0.0009836663 0.00050532963 0.8734896 0.90576315 0.00036566076 0.0011187037 0.74233854 0.0008424643 0.00033906865 0.03538233 0.00024226311 2.054162e-05 0.98473054 9.957068e-15 0.00070657197 0.00011956692 0.3370002 8.378255e-06 2.2633136e-05 0.013066043 6.0943254e-05 9.846221e-05 0.0001035979 4.0992545e-05 0.0008735778 0.0005479307 0.0035280082 1.0997937e-05 0.000673155 0.16391289 0.00016601237 1.6885325e-06 0.00776675 0.874557 2.0796952e-06 4.932178e-05 8.266645e-05 8.228081e-07 4.3023036e-05 1.0775913e-07 5.260405e-07 7.320246e-05 4.3113147e-07 1.3437284e-06 0.00012802726 2.4921275e-05 3.5967532e-05 0.12201114 2.453941e-06 0.00012225432 3.212401e-06 2.050855e-06 1.122514e-06 1.0007678e-06 7.755188e-07 0.0012580797 0.0064929468 2.1446185e-05 4.742336e-06 2.8140207e-06 7.521423e-06 0.029427709 5.6915624e-06 9.762523e-06 9.906558e-05 1.8092431e-06 6.348449e-07 4.0320734e-07 5.734728e-07 2.7148008e-05 0.00026046147 5.9149566e-05 0.0029544877 8.314149e-06 7.778588e-05 0.00011808177 1.2625465e-05 2.7251765e-05 1.1842364e-07 8.911448e-06 1.5882465e-07 7.399717e-06 2.756631e-06 2.3974875e-09 1.3731162e-05 3.4286977e-06
0.32881436 0.01328218 0.0031384216 0.010139673 0.6601629 0.0010423895 0.0006568866 0.06999201 4.127766e-05 0.6433065 0.9585472 0.00040173807 0.0036813489 7.4902923e-06 0.0007300317 0.07788845 0.004193591 0.07279149 0.00017116572 1.3809272e-05 1.5297139e-05 0.00023275785 0.0008616659 3.789629e-05 7.295128e-05 0.057910588 0.008246039 0.0068111625 0.00070657197 6.259249e-16 0.042867944 0.00028395097 0.0024502736 0.0090955915 6.9047974e-06 0.0036202215 0.0013420437 0.044800382 5.527479e-06 8.164089e-05 0.92571354 0.96537185 0.0005855233 0.59868276 0.18702428 0.6674272 0.00067535794 0.28868186 0.08569058 0.0008474369 2.1723377e-05 0.0691948 2.3343953e-05 0.0017601928 1.64721e-05 0.00043184732 0.00027554273 5.0960123e-05 0.0043290625 0.00049249 0.00016981931 6.4193766e-05 0.0006556299 0.00011960615 0.15527977 0.000120514815 7.3702744e-05 1.5506088e-05 2.8322955e-05 3.2827014e-05 0.016307365 0.00026361918 0.00023269771 2.2199724e-06 0.002596895 3.4641896e-05 2.9938017e-06 6.810912e-05 2.3181934e-05 0.0010261539 9.579356e-07 0.0003238035 3.2626795e-05 0.0003514636 9.678402e-05 0.002088598 6.7965855e-05 8.15952e-05 9.512092e-07 0.00026160214 1.2121961e-05 9.933123e-07 0.00024204857 1.4306983e-06 1.4467562e-07 3.1366355e-05 0.0003032549 8.167807e-06 1.9306077e-08 0.00012223906 0.0019824365
0.913303 0.00040877087 6.570128e-05 5.699175e-05 0.02434002 0.00028386625 6.659523e-05 0.0040029036 3.8289486e-06 0.24484517 0.018293984 3.338985e-05 0.00032223304 9.793496e-07 8.545544e-05 0.10604021 0.00093947886 0.0044258144 0.0001473381 8.469431e-07 1.0280207e-06 0.00012859872 0.0007128852 1.1823912e-05 5.3151143e-05 0.7523578 0.02284707 0.0012343995 0.00011956692 0.042867944 3.151249e-18 9.6766395e-05 0.15896314 0.62777 3.2584987e-06 0.72177535 0.009722999 0.9918153 3.6533485e-05 0.00018270785 0.48380184 0.015287813 0.18843462 0.010810289 0.004316112 0.071040854 0.6646427 0.004316326 4.629625e-05 0.17515045 0.00013755928 0.15723614 0.11173461 0.15421923 0.09319296 0.053043794 0.0010148432 0.04814264 0.039798707 0.020910136 0.003922191 0.0010010637 3.4488643e-05 0.021958433 0.00029203173 0.009241222 0.0612301 0.003274252 0.0013521884 0.002205572 1.7669572e-05 6.612423e-06 0.013936667 0.0008998488 0.0015781772 0.0034709522 5.586422e-07 0.0009746319 0.0057703527 0.015389367 0.0004358254 7.9997085e-07 0.0008310186 0.00029485824 0.010243163 0.006603576 2.7626868e-06 4.302948e-05 0.0007094037 0.021259105 0.00025828226 1.3824167e-06 2.0006453e-06 3.71196e-05 6.21336e-08 0.00059301825 0.000990747 0.0010577482 1.3694885e-05 0.014082692 7.13476e-05
