5.8616845e-29 0.9124537 0.88478845 0.47352073 0.5567955 0.32411507 0.48940542 0.265569 0.9684064 0.28183824 0.84693474 0.7025933 0.41329107 0.87291163 0.1573644 0.07508621 0.06864744 0.8985666 0.054464128 0.47060162 0.95659405 0.67292565 0.22258663 0.8375147 0.89702666 0.5327826 0.93198925 0.095451534 0.9192562 0.82780373 0.87375975 0.8327998 0.506801 0.94550484 0.92777944 0.49948218 0.41986448 0.22991215 0.84250844 0.84915316 0.8529492 0.03175204 0.3786867 0.90737414 0.90757394 0.917701 0.009004493 0.8248686 0.00067992206 0.9209161 0.9207869 0.0008866443 0.90329874 0.9204556 0.24078459 0.5231611 0.98143303 0.9806947 0.18664972 0.95179087 0.010445157 0.57742095 0.659644 0.9789712 0.1261293 0.08097569 0.0005815147 3.5309113e-05 0.006346616 0.8679414 0.00042462477 7.555669e-07 0.046290025 0.15823747 0.9710566 0.966439 0.00021593549 0.47582743 0.0003353836 3.6139858e-07 5.1922125e-05 0.010984977 0.8949084 0.96376735 0.42735204 0.033377107 0.00133251 6.6746784e-06 0.7915591 0.99957883 0.7954484 0.34934965 0.9905061 0.9883189 5.506394e-07 0.054686077 0.99950796 0.9535365 0.99777645 0.997002 2.752958e-06
0.9124537 1.5810903e-15 0.556065 0.100590646 0.9808235 0.015635569 0.010142362 0.041752316 0.97668606 0.03880766 0.0008297599 0.005007807 0.001750628 0.015188521 0.022073535 0.10434287 0.022257311 0.03848427 0.010918286 0.023988212 0.0003076007 0.0003945263 0.41147298 0.0007969114 0.003842771 0.00018400654 0.020916173 0.002983655 0.593815 0.0012855397 0.00019177917 0.14330323 0.0002732689 9.926891e-05 0.005988923 0.00013829352 0.0022902936 0.0039764903 1.1841868e-05 0.10239996 0.060654007 0.16525468 0.0008401011 6.303312e-05 1.068921e-05 0.00025428258 0.021011438 0.00011427679 0.010617878 0.023195865 0.0025048289 0.013212147 0.000174134 3.723259e-05 1.164492e-05 2.0889324e-06 0.0034570692 3.6985148e-05 0.005364608 0.028832003 0.0085704895 0.00020716169 3.575965e-05 0.014049483 0.00022854102 8.20727e-06 0.00013568671 0.0009833366 2.41154e-05 7.549633e-05 7.825981e-06 0.00027282702 2.0991472e-06 1.499141e-05 0.0014183853 0.00018579263 2.3700984e-07 1.9905066e-05 2.8018836e-05 0.0002127299 6.1509694e-05 1.6538966e-07 1.0884557e-05 0.00010244203 1.6094651e-05 1.5897731e-06 2.5678019e-06 2.7567546e-06 1.2561853e-06 0.00047860874 4.5144205e-07 2.0111665e-08 0.11434613 1.5871373e-06 1.1041371e-05 2.0770827e-08 0.0060934597 0.00027070154 0.011149311 0.00025956062 1.7858215e-06
0.88478845 0.556065 1.4310265e-20 0.9834889 0.301467 0.72918725 0.77006435 0.58473426 0.57114255 0.4645946 0.17468528 0.078919396 0.010434239 0.079633355 0.48322833 0.29532892 0.22520845 0.025167378 0.18640447 0.49907112 0.00037718986 0.0010074595 0.03649862 0.0011992848 0.0015425255 5.2254498e-05 0.0065191053 0.046598844 0.0465925 0.00025350944 1.9248893e-05 0.020068288 8.028377e-05 6.5657655e-06 0.00014313085 3.830471e-06 0.021602834 0.016398372 8.055234e-07 0.00946501 0.005327728 0.013343414 0.0016054626 1.3964304e-06 2.962375e-07 9.689498e-06 0.024844589 6.4878896e-07 0.0021172543 0.0012383907 6.041158e-05 0.00029819112 6.24951e-06 2.6575137e-06 1.0491952e-07 7.256022e-09 0.00023818371 8.545367e-08 0.01485699 0.0015062082 0.012011438 6.853599e-08 1.589629e-08 0.00041534513 4.8222428e-06 7.2223587e-09 6.3730295e-05 7.3892275e-05 2.3149501e-07 8.279181e-07 1.2776155e-05 3.036198e-06 3.7632044e-09 2.234556e-08 0.00014896048 1.2746594e-05 1.8313882e-07 7.0589032e-09 4.278435e-06 2.0311413e-06 3.5790133e-06 2.008352e-09 1.2577352e-08 1.2854348e-07 1.6879085e-07 1.502735e-09 2.5584688e-08 1.4797048e-06 1.2866306e-09 5.243586e-05 1.974419e-09 9.479004e-10 0.008057721 4.948269e-10 2.4235621e-06 4.604225e-10 0.00039950968 4.602162e-06 0.0016468802 2.6472304e-05 6.241067e-09
0.47352073 0.100590646 0.9834889 1.6397307e-18 0.15821531 0.82571244 0.4789728 0.8955601 0.11120896 0.718415 0.02526932 0.005780903 0.0017889532 0.01507958 0.6384506 0.40864998 0.4089904 0.0033382897 0.31445676 0.5866773 0.00014610829 0.00062781456 0.122523636 0.0004106585 0.00037016763 2.9193217e-05 0.0009838886 0.18058588 0.013205735 3.9738912e-05 6.3685484e-06 0.002579743 0.00023220846 9.509838e-06 2.8068605e-05 2.9030527e-05 0.0077823796 0.024436636 9.5083e-07 0.0011250869 0.00075332605 0.03528053 0.0012047304 3.895132e-06 2.7542566e-07 1.1853815e-06 0.07329633 1.0680136e-06 0.0032494299 5.3056385e-05 1.4426355e-05 0.0005056145 3.2857752e-06 2.4189924e-06 8.843286e-08 1.1371234e-08 5.3911128e-05 7.509592e-07 0.05438626 0.00013106847 0.058034364 8.3464545e-07 7.454681e-08 3.849898e-05 6.0822977e-06 5.247225e-08 0.00024024787 0.00030522817 5.330347e-07 8.8035824e-07 3.0801413e-05 2.0731319e-05 1.3345358e-08 3.774903e-08 3.0927484e-05 2.6301775e-06 4.4152088e-07 1.6423692e-07 7.287465e-05 1.1372291e-05 3.0253486e-05 1.0030715e-08 4.736279e-08 1.3255858e-06 1.1554811e-06 1.7575633e-08 3.7304755e-08 2.7907909e-06 4.0015827e-08 2.1948632e-05 1.9467183e-08 5.201921e-09 0.0018011547 3.08675e-08 2.1355649e-05 2.046936e-09 0.00027362772 4.890959e-07 0.00052648695 4.501401e-06 7.2303976e-08
0.5567955 0.9808235 0.301467 0.15821531 2.3127957e-19 0.03595487 0.0048558693 0.20946899 0.2524153 0.36411616 0.00020385042 0.00021990675 0.0001743959 0.0059956266 0.19220622 0.9565829 0.4546608 0.0014065906 0.17291982 0.17059512 5.2798227e-06 1.5000664e-05 0.9685132 7.103329e-06 5.8614034e-05 1.3467734e-07 0.0005896242 0.09066304 0.08238238 2.87913e-06 3.697862e-07 0.004311965 1.3997425e-06 4.2944798e-08 6.1601772e-06 1.0688649e-07 0.00012036629 0.0011470168 2.6752398e-08 0.0036346884 0.001292939 0.42220792 4.6273885e-06 2.1613367e-08 1.497255e-07 8.600247e-07 0.36524138 2.3342261e-07 0.09419846 7.378053e-05 1.3000631e-06 0.05567242 2.260156e-07 1.8173164e-07 2.4767989e-08 4.855433e-09 4.365288e-06 8.112936e-08 0.0036589815 0.00030696247 0.037451986 1.2634264e-08 3.0532338e-08 3.4501245e-05 8.4343685e-07 5.2042535e-09 5.7917456e-05 0.0013833717 9.8922115e-08 6.034222e-08 2.1478667e-07 0.00034808688 1.1505338e-08 7.80398e-08 6.718924e-06 7.5518216e-07 1.9027004e-08 3.4596084e-08 6.3158346e-05 0.00022369827 0.00020499947 3.0811722e-09 3.818162e-08 3.1497405e-07 7.620889e-08 1.4192808e-09 5.7370883e-08 6.0053026e-07 2.854166e-09 2.6939347e-06 4.8543036e-09 7.717379e-10 0.005506061 1.958456e-09 8.2980305e-06 9.1840735e-10 7.37782e-05 1.021494e-05 0.0007845381 1.3706631e-05 1.592339e-08
0.32411507 0.015635569 0.72918725 0.82571244 0.03595487 2.5180572e-17 0.97669065 0.9456974 0.040943727 0.6675128 0.24395317 0.028122956 0.012276414 0.032470148 0.7583106 0.17185986 0.19111656 0.00602147 0.19638154 0.46762267 0.00071330956 0.0044062184 0.011742188 0.0011449765 0.00057429355 0.00058212643 0.0007508415 0.14846782 0.0038071526 7.72097e-05 1.0292122e-05 0.0014207097 0.00051651115 4.2589218e-05 2.6035259e-05 4.543462e-05 0.014944448 0.051097177 4.626542e-06 0.0005720347 0.0003881105 0.0015538129 0.0022919858 1.1549419e-05 2.5471802e-06 9.538895e-06 0.018100727 2.3928405e-06 0.0017797886 7.789166e-05 2.8055922e-05 0.00010630264 1.741957e-05 8.705497e-06 6.4946795e-07 6.199534e-08 0.0001056294 2.8872114e-06 0.06125377 0.000226042 0.04232676 3.2674889e-06 4.56635e-07 5.935469e-05 3.32585e-05 3.6140858e-07 0.00043425526 0.00014334764 5.780684e-06 4.4105486e-06 0.00017928044 2.091509e-05 7.940236e-08 3.5830107e-07 0.00017372711 6.9735415e-06 3.4691664e-06 4.2271844e-07 3.4204593e-05 2.2774957e-05 4.193797e-05 3.953507e-08 1.888865e-07 1.3567945e-06 2.0333528e-06 1.3113677e-07 2.6274083e-07 4.7201365e-06 1.2628307e-07 6.642993e-05 4.9763304e-07 1.7009717e-07 0.0015682451 1.473078e-07 4.776095e-06 7.15721e-08 0.0001292622 7.919855e-06 0.0006002117 4.7512516e-05 1.8241472e-07
0.48940542 0.010142362 0.77006435 0.4789728 0.0048558693 0.97669065 6.3772432e-18 0.43199003 0.06171921 0.20460647 0.9612119 0.34917423 0.24655436 0.2251634 0.35086757 0.033971485 0.03176798 0.03304734 0.05883036 0.33330423 0.020256829 0.12663607 0.0015122071 0.008572051 0.005334493 0.012507458 0.008540924 0.03141617 0.0047711516 0.001197639 0.00012356903 0.0025767977 0.0018973316 0.0004664812 0.0007377655 0.00019916013 0.10727467 0.11114822 6.862871e-05 0.004115314 0.001848048 0.0013192933 0.028418316 7.935365e-05 1.4395006e-05 0.00011583784 0.0066377055 2.5762902e-05 0.0014363289 0.0007798862 0.00019580372 0.000102844046 9.69688e-05 1.3665607e-05 1.0651386e-05 9.198444e-07 0.00047545135 4.027798e-06 0.061325904 0.0015370278 0.016861174 7.853904e-05 3.6084084e-06 0.0003138459 0.0006142385 7.755576e-06 0.0014703147 8.745901e-05 8.1270344e-05 2.1104996e-05 0.0010051928 1.1996147e-05 2.6837455e-07 5.1545334e-07 0.00058017997 2.6681557e-05 2.0016618e-05 5.014901e-07 4.1257827e-05 2.2321228e-05 1.7422311e-05 4.683752e-08 7.126578e-07 2.916827e-06 2.011844e-06 2.4235899e-08 1.2007375e-07 2.0384234e-05 8.636323e-08 0.00015542175 1.5414843e-06 7.786688e-08 0.0022893064 6.226719e-08 5.736284e-06 3.342567e-08 0.00014814318 3.1834305e-05 0.0011926712 0.00013062175 2.6548327e-07
0.265569 0.041752316 0.58473426 0.8955601 0.20946899 0.9456974 0.43199003 5.81426e-18 0.060526177 0.97120255 0.035194933 0.006044253 0.0018248541 0.011510489 0.87434316 0.5571533 0.5274728 0.0024328346 0.42944622 0.5547055 0.00054328906 0.00061432575 0.10315486 0.00053360953 0.00036747282 6.162642e-05 0.00053622754 0.29688078 0.00539872 7.594977e-05 1.0706779e-05 0.000946385 0.00043575373 4.224094e-05 1.9425615e-05 4.84432e-05 0.003256317 0.03198331 1.3835187e-05 0.00040739143 0.00032986735 0.03095971 0.000497467 8.905407e-06 1.4123738e-06 3.4367831e-06 0.097218305 1.828478e-06 0.0054489817 8.7821914e-05 1.7960225e-05 0.00035899712 6.9952093e-06 1.0182368e-05 7.932607e-08 2.6361667e-08 0.000107784064 5.18282e-06 0.14273226 0.00016947469 0.14464362 2.1159076e-06 1.0191207e-07 6.037328e-05 6.3390207e-06 2.9873046e-08 0.00029413783 0.0009983333 5.58057e-07 2.9376442e-06 8.12e-05 6.483764e-05 2.6746939e-08 6.185572e-08 0.00012830546 1.0034347e-05 9.700015e-07 2.858293e-07 0.00022706958 7.588678e-05 0.00016571784 6.7969927e-09 3.265095e-07 6.7578476e-06 1.2749334e-06 5.600021e-08 2.4370186e-08 3.9003885e-06 7.1915025e-08 1.488377e-05 1.05121046e-07 4.6375694e-09 0.0007020435 8.625754e-08 3.143199e-05 1.5591505e-08 4.9018716e-05 5.0247027e-06 0.0001411574 2.7388396e-05 2.7540608e-08
0.9684064 0.97668606 0.57114255 0.11120896 0.2524153 0.040943727 0.06171921 0.060526177 1.1648353e-16 0.038382053 0.00749824 0.065786414 0.01423858 0.4563123 0.028636977 0.030238967 0.006865267 0.78340983 0.0036312323 0.019749021 0.000535828 0.0005060622 0.05654989 0.0030132611 0.018746454 0.000108338914 0.1821251 0.0006512186 0.9004327 0.0014794236 0.0002535172 0.5892458 0.00015924986 1.5692205e-05 0.002679111 3.22413e-05 0.0010886728 0.002040739 4.101172e-06 0.14429721 0.06430354 0.02209165 0.0006912582 2.5576483e-05 2.6699478e-05 0.00021980233 0.010613798 8.432222e-05 0.004677972 0.01095395 0.0008456624 0.0004466092 0.00014372311 3.1750405e-05 1.4042356e-05 5.6712065e-06 0.00092805154 2.239319e-05 0.005241469 0.021272253 0.0031266764 9.8025695e-05 6.181371e-05 0.004539896 0.00020541142 3.7094862e-05 0.0005284994 0.0023419098 8.723443e-05 3.620903e-05 1.9127696e-05 0.00045007016 7.99647e-06 0.00014687136 0.0007171262 0.00014867436 2.2199649e-05 5.9771714e-06 5.26433e-05 0.00011129631 0.00012899793 1.3747959e-07 1.2278748e-06 6.5368445e-06 1.0136114e-05 5.1630843e-07 1.0507735e-05 1.8102624e-05 3.137944e-08 0.0005801019 2.733744e-08 3.673326e-08 0.12322309 2.9031867e-08 4.1391584e-05 1.8423611e-07 0.0071083577 0.00011414151 0.017955046 0.00026062474 2.6876528e-06
0.28183824 0.03880766 0.4645946 0.718415 0.36411616 0.6675128 0.20460647 0.97120255 0.038382053 2.3234347e-18 0.013280222 0.005145188 0.0017224929 0.004515874 0.9346134 0.8357632 0.8510257 0.0011862689 0.66142344 0.62177974 0.0005477455 0.00054549397 0.14254357 4.8853228e-05 0.0001361235 4.420421e-05 0.00029670473 0.39576 0.0027802344 2.1650594e-05 4.121376e-06 0.00053648767 0.00015275774 5.8552127e-05 7.4125437e-06 3.535133e-05 0.0032257126 0.036979984 1.7700427e-06 0.00029049846 0.00017427155 0.038502395 0.0003214185 7.979627e-06 1.7904122e-06 3.5202613e-06 0.19031197 1.4227251e-06 0.010432643 3.7020895e-05 5.041796e-06 0.00075358263 2.39453e-06 6.0953225e-06 8.577537e-08 1.6040536e-08 3.4014163e-05 1.8572564e-06 0.20854662 8.255293e-05 0.20981385 9.952561e-07 9.071754e-08 3.2019456e-05 3.4089717e-06 1.3846861e-08 0.00046451966 0.0025190262 2.7406108e-07 2.5312677e-06 6.257469e-05 0.00012057333 1.7145261e-08 7.541807e-08 8.53967e-05 9.59927e-06 5.439996e-07 3.8714765e-07 0.0002850895 0.00011657138 0.000162866 1.0356765e-08 4.2449557e-07 5.9526483e-06 1.3965929e-06 1.5256154e-07 1.880067e-08 4.7108947e-06 6.4741215e-08 5.3379345e-06 1.1922526e-07 1.4488709e-08 0.00048902154 1.3233583e-07 2.763007e-05 1.6987483e-08 7.094389e-05 2.9328028e-05 8.541127e-05 8.647042e-05 1.2628842e-08
0.84693474 0.0008297599 0.17468528 0.02526932 0.00020385042 0.24395317 0.9612119 0.035194933 0.00749824 0.013280222 8.198732e-18 0.95799613 0.87420356 0.50827247 0.05741271 0.0037929374 0.0041761342 0.037540417 0.012349404 0.13964394 0.6853945 0.8632125 0.0012359243 0.034379262 0.031577576 0.494206 0.008345554 0.013229609 0.0024730994 0.008700948 0.0022312088 0.002027335 0.005678565 0.009626471 0.004860614 0.0022783661 0.53263235 0.41151378 0.0003153298 0.0056637973 0.0048984606 0.00063761906 0.39542115 0.017467448 0.00023284665 0.0017283105 0.00063694385 0.0015004168 0.00013602489 0.005594906 0.0042256615 4.1463725e-05 0.0022320624 0.00044177452 0.00029631137 4.3120144e-05 0.005308676 3.236638e-05 0.18231353 0.0023464742 0.0042847483 0.0033558263 5.175266e-05 0.0009642477 0.035480555 0.00033290568 0.0040898654 1.9432435e-05 0.0004962417 0.00010876554 0.0026809676 8.298505e-06 8.9673347e-07 8.8364715e-07 0.00083132193 8.626368e-05 0.00058319746 2.177713e-06 1.8195848e-05 2.4821713e-06 7.738916e-06 6.121151e-08 2.8170833e-05 7.471946e-05 5.8595087e-05 9.454725e-07 6.7582473e-06 4.6355002e-05 4.744403e-06 0.0007425233 1.893671e-06 1.1410526e-06 0.0009832109 2.5987913e-06 1.9535366e-06 9.564262e-08 0.00020670089 2.6915066e-05 0.0004345761 0.00022384746 1.7263178e-06
0.7025933 0.005007807 0.078919396 0.005780903 0.00021990675 0.028122956 0.34917423 0.006044253 0.065786414 0.005145188 0.95799613 2.1560667e-19 0.98958963 0.843921 0.007736345 0.0013719696 0.0013611293 0.1978783 0.0021402074 0.013101979 0.6639616 0.36105883 0.00031206055 0.35228962 0.15512186 0.22716822 0.017839426 0.00051058416 0.011109054 0.036194216 0.013882068 0.0047635566 0.011483975 0.0043449453 0.008864516 0.0030140602 0.1256097 0.04925828 0.0008950385 0.0071480745 0.0068230336 0.00016154679 0.07045679 0.015115513 0.0010321069 0.0029145996 0.00026836342 0.0003062475 1.4513112e-05 0.008245603 0.005994763 5.7783036e-06 0.0020784147 0.0011106852 4.814103e-05 2.966532e-06 0.0076248087 1.6010728e-05 0.003565652 0.004245748 0.00013874516 0.0012020288 1.3258355e-05 0.0020292134 0.0035119387 4.0994928e-05 8.3640014e-05 3.3713256e-06 9.646463e-05 0.00044341036 8.872186e-06 1.5492644e-06 2.9969783e-08 9.678753e-07 0.001183066 0.00092751096 2.7839817e-05 4.131456e-07 1.4328953e-06 1.0949906e-06 7.865739e-07 9.689225e-09 6.1337387e-06 6.380141e-06 3.2045773e-06 5.0232842e-08 8.626195e-07 8.422618e-07 3.5211892e-07 0.004326982 4.2191982e-07 2.185271e-08 0.0026803312 3.0845666e-08 1.9565933e-07 3.5491141e-09 0.0030257718 0.00020736629 0.0015521662 0.0001799792 1.3033237e-07
0.41329107 0.001750628 0.010434239 0.0017889532 0.0001743959 0.012276414 0.24655436 0.0018248541 0.01423858 0.0017224929 0.87420356 0.98958963 4.3577985e-20 0.6811732 0.0025099486 0.0013725925 0.0015095172 0.20398355 0.0019030136 0.0071853274 0.9033961 0.5114522 8.9748304e-05 0.60312253 0.18458392 0.499874 0.025593247 0.0010890961 0.007299071 0.046692174 0.03970812 0.011392678 0.11402466 0.03475047 0.018551413 0.07024554 0.120541 0.09291789 0.004657655 0.005114787 0.004810932 9.40599e-05 0.14166881 0.03263969 0.0031871987 0.007576082 3.4671542e-05 0.0021188024 1.0096535e-06 0.013699693 0.012983986 7.663905e-08 0.006526013 0.0036725898 0.0004748337 0.00046085747 0.015893837 0.0001688845 0.004359838 0.005189141 0.00012889328 0.0103847915 0.0002934564 0.002761665 0.010796287 0.00064804166 0.00013396186 1.561335e-06 0.00022938848 0.0005811659 1.4673549e-05 1.6453157e-06 7.2783564e-06 1.1150055e-05 0.0037510977 0.0006332601 5.03964e-05 4.5623587e-05 8.622223e-07 4.923009e-07 6.7765404e-07 7.1744864e-08 7.2651834e-05 0.00025211927 0.000299513 1.2552229e-07 3.7214232e-07 1.3095577e-06 4.2724074e-05 0.0046457727 1.505939e-05 2.523206e-06 0.0017005074 9.185187e-06 7.362494e-08 5.95912e-09 0.0009839576 0.000351152 0.0011563057 0.0007997459 9.077327e-08
0.87291163 0.015188521 0.079633355 0.01507958 0.0059956266 0.032470148 0.2251634 0.011510489 0.4563123 0.004515874 0.50827247 0.843921 0.6811732 6.403284e-16 0.009071145 0.0016986693 0.0011772444 0.9833051 0.0025086026 0.013276435 0.4153672 0.13665387 0.0023120039 0.54779893 0.76036656 0.045388244 0.41018313 0.0009309901 0.03519539 0.17119576 0.052034978 0.08352731 0.025477601 0.0063524134 0.126342 0.006318494 0.091607235 0.03654749 0.0020190172 0.08819121 0.079266116 0.0007440587 0.10320298 0.009443962 0.004088368 0.026107533 0.00026997318 0.0010204824 3.905557e-05 0.08559889 0.07019898 2.2324325e-06 0.019475898 0.0064239088 9.581449e-05 4.5535995e-05 0.0696732 0.0001056568 0.0053712144 0.055898968 0.00046591234 0.0021485942 5.423699e-05 0.04217382 0.003949564 0.00024141435 0.00014676314 4.37494e-06 9.987913e-05 0.0017091455 1.9008061e-05 2.4442073e-05 5.1585043e-06 2.4140965e-05 0.010650015 0.005269426 2.5679745e-05 2.0575559e-05 1.5883237e-05 4.3048913e-06 7.972614e-06 1.8640837e-07 7.051765e-05 0.00021033676 0.0001663006 3.067049e-06 2.8030793e-06 3.2682383e-05 2.3722672e-05 0.007472235 9.640748e-06 1.3557623e-06 0.011928845 5.005553e-06 2.9424104e-06 1.5385197e-07 0.010246539 0.0007589059 0.0048491685 0.002925272 3.475591e-06
0.1573644 0.022073535 0.48322833 0.6384506 0.19220622 0.7583106 0.35086757 0.87434316 0.028636977 0.9346134 0.05741271 0.007736345 0.0025099486 0.009071145 9.206625e-18 0.5542306 0.81452245 0.0012025792 0.9057411 0.9441639 0.00077644835 0.0010257752 0.030523058 0.0001716627 8.834761e-05 0.00014806945 0.00018497846 0.60507125 0.0014275304 1.5947442e-05 2.711839e-06 0.00020916118 0.0001867754 1.6498605e-05 5.1420266e-06 1.0208358e-05 0.005386724 0.1091236 4.7100752e-07 0.0003836626 0.00017565714 0.0044214716 0.00040433308 2.3326072e-06 5.669533e-07 2.8558472e-06 0.081764646 5.175058e-07 0.005115753 3.4998404e-05 6.695966e-06 0.00021161076 3.4133798e-06 7.4552077e-06 5.4531498e-08 1.20433565e-08 6.667372e-05 2.0231957e-06 0.1326561 0.00027428195 0.14110412 1.2831438e-06 8.769013e-08 7.835724e-05 2.913963e-06 1.2686519e-08 0.00030761506 0.0009407089 6.2500976e-07 1.6810642e-06 6.0540544e-05 5.40377e-05 6.6908106e-09 8.21615e-08 0.00019022287 6.4682336e-06 7.8112134e-07 2.393935e-07 0.00017701575 5.5521807e-05 0.00010242357 4.436854e-09 2.0871272e-07 6.9206653e-06 7.3413577e-07 3.555858e-08 1.2645377e-08 1.3587537e-06 2.5873932e-08 4.284094e-06 2.433599e-07 1.3512021e-08 0.00045840896 7.3278606e-08 8.8023535e-06 1.8480653e-08 1.014716e-05 2.9338911e-05 6.968419e-05 9.711566e-05 2.1460258e-09
0.07508621 0.10434287 0.29532892 0.40864998 0.9565829 0.17185986 0.033971485 0.5571533 0.030238967 0.8357632 0.0037929374 0.0013719696 0.0013725925 0.0016986693 0.5542306 4.256881e-21 0.96401453 0.00016449329 0.6056373 0.34625784 0.00012330158 0.00018391163 0.91563815 3.421663e-05 3.7187805e-05 1.2763094e-06 6.97904e-05 0.47093362 0.0026302065 1.6907885e-06 4.4075045e-06 0.00020960908 3.990735e-05 5.487045e-07 5.4627853e-06 2.6609428e-06 0.0008403247 0.01794178 1.13347944e-07 0.00016970564 5.8604193e-05 0.2574517 3.360574e-05 2.4935204e-07 5.0941635e-06 1.2318927e-05 0.8323006 2.884796e-07 0.43029106 4.2690226e-05 5.9276767e-06 0.09664254 2.298573e-06 3.0509198e-06 5.2970815e-08 7.262225e-09 1.349467e-05 1.0380757e-06 0.016400209 5.9900478e-05 0.21884862 1.3733124e-07 3.7184417e-08 1.8121556e-05 3.8994476e-06 2.5785305e-08 0.00026583785 0.017114062 2.7125284e-07 2.0370066e-05 3.0152112e-06 0.0018210928 4.3183654e-08 3.4151947e-07 8.343233e-05 0.00017954565 1.4230413e-06 4.4858467e-07 0.00015100715 0.0018770405 0.000850817 1.9468484e-08 8.7474103e-07 2.2603747e-06 1.7381294e-06 6.959682e-08 4.7294634e-08 5.1002785e-06 2.0189532e-08 5.4371926e-06 1.5443211e-06 1.0626406e-07 0.00029543016 2.8568513e-07 2.4510655e-05 2.6941553e-08 2.5883524e-05 0.00016775187 6.4434316e-05 9.767427e-05 2.943999e-08
0.06864744 0.022257311 0.22520845 0.4089904 0.4546608 0.19111656 0.03176798 0.5274728 0.006865267 0.8510257 0.0041761342 0.0013611293 0.0015095172 0.0011772444 0.81452245 0.96401453 1.5467657e-20 8.516515e-05 0.9472797 0.61897504 0.0003717387 0.00032055646 0.25211212 3.8115788e-05 3.0991258e-05 4.015699e-05 4.7783888e-05 0.81074935 0.00060693215 1.4580748e-06 4.468454e-06 1.659015e-05 4.5635505e-05 4.139381e-06 7.041359e-06 7.771599e-06 0.00063263025 0.04670725 2.7720293e-06 9.512273e-05 6.465721e-05 0.036522817 0.00018121547 4.940362e-06 3.456917e-06 3.474272e-06 0.56526166 3.7234809e-06 0.073273 2.5036332e-05 4.578929e-06 0.0036059218 3.835706e-06 2.217998e-06 2.1504388e-07 4.3968317e-08 2.9394278e-05 3.3337205e-06 0.13953464 2.1209331e-05 0.31224462 3.4710065e-06 3.5723414e-07 1.4672582e-05 5.6806307e-06 1.1918502e-07 0.00048350613 0.011099973 1.3730983e-06 4.71812e-06 8.443468e-06 0.00042231297 7.978127e-08 4.783488e-08 2.4639085e-05 8.753005e-06 1.13767e-06 1.9673098e-06 0.00027703698 0.0001995864 0.00016011103 1.9538307e-08 6.9606347e-07 3.7016634e-06 1.512396e-06 5.2458635e-08 2.8696864e-08 2.0804116e-06 3.260507e-08 1.909071e-06 2.8155736e-07 4.587819e-08 4.5096913e-05 5.3622518e-08 2.8340282e-06 2.6311731e-08 8.887369e-06 1.8125116e-05 1.7808685e-05 0.00018943609 2.2880576e-08
0.8985666 0.03848427 0.025167378 0.0033382897 0.0014065906 0.00602147 0.03304734 0.0024328346 0.78340983 0.0011862689 0.037540417 0.1978783 0.20398355 0.9833051 0.0012025792 0.00016449329 8.516515e-05 2.6204319e-18 0.00014175611 0.000638551 0.036537617 0.007654309 0.00065212103 0.40605882 0.85046345 0.0020119755 0.91799426 1.2044041e-05 0.27425998 0.22180128 0.033613097 0.4975131 0.006509287 0.00031875147 0.45643568 0.0007456681 0.0055080834 0.0008050873 0.00026487012 0.2545614 0.22850074 0.0003675168 0.0033708084 0.00032041984 0.0014961474 0.02242644 0.00013489297 0.000102296755 4.692623e-06 0.2149214 0.09481699 1.6950249e-06 0.02011945 0.003855924 3.5593935e-06 1.5240631e-06 0.07474471 4.5491724e-05 0.00020846298 0.097420245 3.6759426e-05 5.6761655e-05 2.3742034e-06 0.06412729 0.00048570964 2.2791312e-06 0.000100882964 9.513256e-06 3.966147e-06 0.000819639 1.7739441e-05 2.29792e-06 5.480038e-07 2.3070106e-06 0.011366507 0.0026392583 5.977323e-05 3.6112315e-06 6.4732885e-06 4.6725745e-07 4.8345237e-06 7.0480624e-08 1.7923136e-06 2.4890329e-05 2.632481e-06 8.15927e-09 1.1104011e-07 4.661668e-06 1.5780644e-07 0.012306105 1.9881898e-07 1.2367253e-08 0.040099714 1.9639335e-08 3.5567282e-07 1.5248866e-09 0.021192275 0.0005492543 0.014636868 0.0011672262 3.7879192e-07
0.054464128 0.010918286 0.18640447 0.31445676 0.17291982 0.19638154 0.05883036 0.42944622 0.0036312323 0.66142344 0.012349404 0.0021402074 0.0019030136 0.0025086026 0.9057411 0.6056373 0.9472797 0.00014175611 8.893763e-19 0.9384804 0.0007020789 0.0013403803 0.021347452 2.2026006e-05 2.031776e-05 6.510165e-05 2.1750762e-05 0.9490695 0.00036023243 3.637327e-06 2.758193e-06 7.3671995e-06 4.895695e-05 8.228078e-06 3.5229345e-06 8.124854e-06 0.0038222247 0.12443392 2.7555377e-06 6.330687e-05 2.4583764e-05 0.0060958834 0.00040832342 5.8617584e-06 2.1303867e-06 2.1584594e-06 0.18375914 2.4583426e-06 0.01071556 5.719967e-06 1.856479e-06 0.00021551971 2.4927062e-06 2.7753094e-06 3.2794438e-07 5.590246e-08 2.0484695e-05 4.7198264e-06 0.2138799 2.0465712e-05 0.23581655 4.8990555e-06 2.1695922e-07 6.3632365e-06 5.7866305e-06 8.827092e-08 0.0010202085 0.0031147469 4.0626373e-06 1.6205227e-06 1.3546749e-05 0.00011296664 2.0604993e-07 4.3051435e-07 6.96832e-05 7.669631e-06 1.6641815e-06 2.264895e-06 0.00065551145 4.669385e-05 0.00029078755 3.726095e-08 1.4162664e-06 9.538912e-06 5.43246e-06 1.4534191e-07 1.3201961e-08 1.1342619e-06 4.6173593e-08 2.900945e-06 3.2027167e-06 9.801105e-08 0.00010246049 1.3168017e-07 3.47194e-06 5.8818273e-08 1.2048062e-05 7.235507e-05 2.4551808e-05 0.00022842227 7.917819e-09
0.47060162 0.023988212 0.49907112 0.5866773 0.17059512 0.46762267 0.33330423 0.5547055 0.019749021 0.62177974 0.13964394 0.013101979 0.0071853274 0.013276435 0.9441639 0.34625784 0.61897504 0.000638551 0.9384804 1.6780451e-19 0.0023021812 0.0071021407 0.020855403 0.00010743771 5.3986554e-05 0.0005614468 8.653865e-05 0.951845 0.00026499823 1.1576213e-05 3.5213357e-06 2.4850246e-05 9.1564e-05 0.00017416854 2.0698979e-05 1.07186e-05 0.04838959 0.39767775 1.8463918e-06 0.00018208442 3.1768854e-05 0.004413408 0.0035770705 1.00372845e-05 2.1723179e-06 2.3403034e-06 0.18939823 8.373426e-07 0.005894665 1.3317509e-05 4.698355e-06 9.4252944e-05 2.4786302e-06 2.7272083e-06 2.317234e-07 1.3894058e-08 7.978425e-06 1.3241852e-05 0.6063852 2.932442e-05 0.5097488 5.358653e-06 5.7160296e-08 4.0788454e-06 1.3679676e-05 2.225094e-07 0.006599594 0.0032089078 1.021271e-05 1.3066385e-06 0.00017083826 3.6247933e-05 2.1878025e-08 1.600656e-07 6.206814e-05 3.0890471e-06 2.6293349e-06 4.5133743e-07 0.002047574 9.410642e-06 0.00039471404 2.5887015e-08 2.9748767e-07 4.384867e-07 6.673714e-07 9.602526e-07 1.3379127e-08 4.090177e-06 3.1451645e-08 6.6194923e-07 5.0140403e-07 3.155951e-08 0.00010711584 4.6551722e-08 9.656703e-06 4.9282022e-08 3.9555475e-06 3.2095857e-05 1.4285477e-05 3.1214346e-05 2.9263084e-08
0.95659405 0.0003076007 0.00037718986 0.00014610829 5.2798227e-06 0.00071330956 0.020256829 0.00054328906 0.000535828 0.0005477455 0.6853945 0.6639616 0.9033961 0.4153672 0.00077644835 0.00012330158 0.0003717387 0.036537617 0.0007020789 0.0023021812 5.250805e-17 0.7434345 2.2777956e-05 0.68650705 0.27083513 0.9145568 0.015090213 0.00010200284 0.0004203954 0.18808825 0.13062954 0.00038804483 0.28023365 0.7764878 0.021044001 0.13180538 0.1511305 0.13231717 0.04716712 0.0052993633 0.003048522 0.00020851985 0.3003137 0.61806977 0.02558505 0.07024597 6.9507776e-05 0.06374762 4.5727822e-07 0.013353284 0.03331398 2.0948535e-06 0.02003052 0.009517206 0.0039546783 0.002112168 0.037217036 0.0018506951 0.010301904 0.0058024717 5.9522936e-05 0.0975093 0.005183923 0.004164587 0.053577084 0.005766163 0.0004955843 8.876139e-06 0.0011622914 0.00465231 9.787437e-05 2.179951e-06 8.465064e-05 0.00034083915 0.0069811908 0.0038775594 0.00029125743 2.6608983e-05 5.562892e-07 1.1477832e-06 3.730762e-07 2.8602042e-07 0.0004065969 0.00030036768 0.00038956286 2.2075552e-05 2.4399362e-05 8.077739e-06 4.0069004e-05 0.0025601655 6.798685e-05 1.9616586e-05 0.0006061521 2.2617365e-05 4.1059795e-07 1.7503999e-07 0.0010402524 0.0021310728 0.00050435757 0.0055653546 1.0741095e-06
0.67292565 0.0003945263 0.0010074595 0.00062781456 1.5000664e-05 0.0044062184 0.12663607 0.00061432575 0.0005060622 0.00054549397 0.8632125 0.36105883 0.5114522 0.13665387 0.0010257752 0.00018391163 0.00032055646 0.007654309 0.0013403803 0.0071021407 0.7434345 1.8797454e-18 0.00015321952 0.036970507 0.014250583 0.98730785 0.0027204133 0.0032227468 0.0003438188 0.0049158083 0.0024989806 0.0005233026 0.011353302 0.1293985 0.0021941017 0.010768138 0.70149046 0.5671164 0.0005979196 0.0023921335 0.001434119 0.00023848057 0.8720281 0.1908945 0.00080158684 0.0022274181 5.428848e-05 0.006241467 4.4875283e-05 0.00244872 0.0028558 6.109866e-06 0.0018196361 0.00053184206 0.0005382621 0.00022852405 0.0062181097 0.00036740553 0.23391548 0.0015384897 0.009466311 0.16124327 0.00062257337 0.0006935141 0.48352283 0.049104627 0.013055942 4.4530752e-06 0.023986977 0.00072050135 0.0101415105 6.4173228e-06 9.352263e-06 5.2824696e-05 0.0017880066 0.0004424814 0.016627809 6.8733602e-06 0.00013785108 1.7149611e-06 1.5121688e-05 6.0390147e-07 0.00014396234 6.339242e-05 0.00011282053 2.1987831e-05 0.0012676531 0.00028217337 1.3588051e-05 0.0004779943 6.231403e-05 5.6535105e-06 0.00046850863 5.394515e-06 4.1677513e-06 3.615389e-07 0.00010815186 0.00061600097 0.00022558525 0.0013810728 8.061467e-05
0.22258663 0.41147298 0.03649862 0.122523636 0.9685132 0.011742188 0.0015122071 0.10315486 0.05654989 0.14254357 0.0012359243 0.00031206055 8.9748304e-05 0.0023120039 0.030523058 0.91563815 0.25211212 0.00065212103 0.021347452 0.020855403 2.2777956e-05 0.00015321952 1.95222e-17 2.8304377e-05 3.1617154e-05 2.0969962e-06 0.00022962093 0.028519431 0.03821474 4.6611603e-06 1.7798895e-06 0.0011159449 3.887208e-05 1.0737251e-05 3.1525758e-06 1.0356006e-06 8.1297316e-05 0.0014345273 1.8484856e-07 0.003114839 0.0007458914 0.9728323 1.1935086e-05 3.3805434e-06 4.908355e-07 1.1470545e-06 0.7594263 7.2362072e-06 0.52133673 6.2698404e-05 1.1372838e-06 0.70294327 5.5912886e-07 2.6082985e-06 1.1285034e-06 2.4096846e-07 2.152498e-06 6.3004004e-06 0.00775733 0.00023987172 0.075162604 1.0780585e-06 7.8751356e-07 1.0040195e-05 5.7639877e-06 1.2014041e-07 8.441725e-05 0.013365994 1.4319336e-06 0.0046810983 3.2596566e-07 0.0031812347 3.6284212e-07 1.9662932e-06 0.01155117 0.02090558 8.010557e-09 6.9612383e-07 0.00019361151 0.002973497 0.0010325529 5.231276e-08 7.459187e-05 0.00027291026 7.589141e-07 5.6206875e-07 9.1497434e-08 1.2402769e-06 9.645497e-07 2.5148147e-06 1.3810813e-07 2.7984344e-08 0.05324818 7.198381e-07 4.8981e-05 6.8590914e-08 0.00025561254 1.2754546e-05 0.0012458381 3.1182568e-05 2.9196459e-08
0.8375147 0.0007969114 0.0011992848 0.0004106585 7.103329e-06 0.0011449765 0.008572051 0.00053360953 0.0030132611 4.8853228e-05 0.034379262 0.35228962 0.60312253 0.54779893 0.0001716627 3.421663e-05 3.8115788e-05 0.40605882 2.2026006e-05 0.00010743771 0.68650705 0.036970507 2.8304377e-05 1.9193535e-16 0.9271618 0.10738606 0.12891677 2.261097e-06 0.0012374256 0.9167427 0.9349159 0.010415112 0.77353525 0.23229972 0.10950858 0.32271326 0.004838131 7.423845e-05 0.2545254 0.012872879 0.018045753 0.00037153595 0.018295407 0.06185055 0.26371208 0.1624156 9.889609e-08 0.039865017 4.3577572e-07 0.065301836 0.1375635 6.488362e-08 0.0931257 0.069337904 0.0027168146 0.007764754 0.1414515 0.0034713796 0.00029368655 0.034700092 8.98919e-06 0.016407521 0.000322519 0.02442859 0.0027927558 0.0005297469 9.868623e-05 4.1012268e-06 3.3084543e-05 0.016794683 9.330063e-06 6.547407e-06 0.0003395615 0.00029793815 0.045281246 0.019703612 4.84319e-06 0.00016868168 5.03138e-05 3.4295195e-07 2.0614154e-05 6.487301e-07 0.0008758421 0.0039156848 0.0013407203 1.7350103e-05 1.6890833e-06 1.952459e-05 0.00031820085 0.019432437 8.2325794e-05 5.5953806e-05 0.0054311715 0.00023250494 4.374258e-07 1.3042381e-06 0.009235161 0.004199514 0.004019362 0.014552334 2.3442685e-06
0.89702666 0.003842771 0.0015425255 0.00037016763 5.8614034e-05 0.00057429355 0.005334493 0.00036747282 0.018746454 0.0001361235 0.031577576 0.15512186 0.18458392 0.76036656 8.834761e-05 3.7187805e-05 3.0991258e-05 0.85046345 2.031776e-05 5.3986554e-05 0.27083513 0.014250583 3.1617154e-05 0.9271618 1.111206e-15 0.015200939 0.81023055 2.1334408e-06 0.013342401 0.9549741 0.3732345 0.06638404 0.040612485 0.021525636 0.8050354 0.015517901 0.0020715075 9.758898e-05 0.004147482 0.104277715 0.1022842 4.2072366e-05 0.004128542 0.0040667 0.020261267 0.190848 5.299889e-07 0.0011237555 1.2180708e-06 0.20733917 0.32227615 3.3935427e-07 0.12956938 0.03943858 0.00012819598 9.9509765e-05 0.19358845 0.00035519234 0.00017897994 0.09747626 7.0656556e-06 0.0024264418 5.476068e-05 0.07872547 0.0010962142 7.349765e-05 0.00015350792 2.0037157e-06 6.999884e-05 0.005545841 8.024079e-06 4.849457e-06 5.117236e-05 3.8795566e-05 0.031282466 0.013225863 4.1444673e-05 6.488563e-05 1.3281806e-05 1.0002526e-06 2.3558248e-05 9.727454e-07 0.000118599004 0.0006632024 0.00025040456 1.0281267e-06 1.3583573e-06 2.2508935e-05 2.4748215e-05 0.035520095 7.774386e-06 3.5420865e-06 0.020559572 6.482876e-06 1.294349e-06 2.0860288e-07 0.029815296 0.001779232 0.011221497 0.005321814 3.9669676e-06
0.5327826 0.00018400654 5.2254498e-05 2.9193217e-05 1.3467734e-07 0.00058212643 0.012507458 6.162642e-05 0.000108338914 4.420421e-05 0.494206 0.22716822 0.499874 0.045388244 0.00014806945 1.2763094e-06 4.015699e-05 0.0020119755 6.510165e-05 0.0005614468 0.9145568 0.98730785 2.0969962e-06 0.10738606 0.015200939 2.7540954e-21 0.00083523645 0.0001110497 3.62224e-05 0.0067210775 0.010486573 1.6742224e-05 0.06260385 0.51745856 0.002078936 0.059162557 0.4152086 0.17526388 0.0029751663 0.0010932576 0.00040939802 6.5199097e-06 0.67754483 0.7599902 0.001740217 0.0065062703 1.4887199e-06 0.07371909 4.784081e-08 0.0021145109 0.0025892474 1.8038266e-08 0.0021536213 0.00044627645 0.007466201 0.004874805 0.0036202474 0.0029289192 0.023945337 0.00117374 0.00012899522 0.5318106 0.007996475 0.00046453538 0.38487247 0.10508517 0.0011738907 1.8916872e-06 0.03576707 0.00052768557 0.0013226921 1.4401762e-07 0.000142433 0.0009809856 0.0018249956 0.00021408005 0.004388063 0.00014890892 6.971204e-07 1.5514104e-07 9.1484864e-08 1.7461925e-06 0.00021730039 0.00010481878 0.00032536144 4.6847865e-05 0.0012477018 1.359964e-05 3.6365036e-05 0.0002566808 8.3490515e-05 2.1121064e-05 6.664047e-05 6.91393e-06 5.0057142e-08 3.157057e-07 4.3415257e-05 0.0011162291 9.3338684e-05 0.0017690347 8.980587e-06
0.93198925 0.020916173 0.0065191053 0.0009838886 0.0005896242 0.0007508415 0.008540924 0.00053622754 0.1821251 0.00029670473 0.008345554 0.017839426 0.025593247 0.41018313 0.00018497846 6.97904e-05 4.7783888e-05 0.91799426 2.1750762e-05 8.653865e-05 0.015090213 0.0027204133 0.00022962093 0.12891677 0.81023055 0.00083523645 8.930323e-16 2.2313427e-06 0.13700956 0.23848249 0.056049127 0.47859582 0.0023219064 0.000688298 0.960175 0.00071121 0.0010062678 0.00011760302 0.00048176487 0.7422796 0.6370984 0.0001551426 0.0015885966 0.0003328184 0.004808556 0.044669632 4.5443094e-06 0.00011348106 6.3932794e-06 0.5086027 0.30949676 1.6940745e-06 0.05397755 0.014211924 1.1539091e-05 6.9390308e-06 0.19230917 0.00027213315 0.00030240032 0.26467133 3.7660197e-05 0.0005080872 1.0384128e-05 0.1836067 0.001184036 9.1463975e-05 0.0001345792 3.8095784e-06 6.509631e-05 0.0034162328 3.7820326e-05 4.8295883e-06 4.906668e-06 1.2432607e-05 0.017563546 0.009032963 0.000942824 1.462691e-05 1.2829243e-05 8.7786236e-07 1.0693789e-05 2.9030664e-07 3.6687703e-05 0.00021421524 2.2336644e-05 2.7796733e-07 1.0633097e-05 1.9672845e-05 8.5259325e-07 0.04393127 5.793249e-07 3.250601e-07 0.05502857 5.3322486e-07 3.2119663e-06 1.2733282e-08 0.08696739 0.00045669844 0.036042448 0.0029200835 1.3222267e-05
0.095451534 0.002983655 0.046598844 0.18058588 0.09066304 0.14846782 0.03141617 0.29688078 0.0006512186 0.39576 0.013229609 0.00051058416 0.0010890961 0.0009309901 0.60507125 0.47093362 0.81074935 1.2044041e-05 0.9490695 0.951845 0.00010200284 0.0032227468 0.028519431 2.261097e-06 2.1334408e-06 0.0001110497 2.2313427e-06 3.535993e-20 6.5993416e-05 2.0325976e-07 2.1181657e-07 9.422612e-08 1.4909947e-06 9.759167e-07 5.030176e-07 5.458273e-07 0.13240086 0.77152044 3.8028702e-08 9.059357e-06 1.0752964e-06 0.0065024863 0.0065366826 2.7591664e-06 2.4917924e-07 3.7756604e-07 0.8037088 2.7757633e-07 0.18718228 1.3660023e-06 2.5940705e-07 0.011708858 4.3931252e-07 2.0605151e-07 2.1693616e-08 1.2095699e-09 1.573285e-06 8.306849e-08 0.71111417 7.786551e-07 0.81059146 2.9142285e-07 9.322676e-09 4.7344076e-07 0.00013237074 1.2509054e-07 0.06716282 0.034689713 1.9918149e-05 4.2379136e-07 0.0012632356 0.0012838037 2.3413422e-09 3.2037917e-08 1.2338726e-05 5.345551e-06 3.2084135e-05 9.308982e-08 0.013019013 0.00088860147 0.0018552316 2.694781e-09 3.015305e-07 6.466097e-07 2.1703146e-07 2.8514484e-07 3.4944254e-08 0.00017584085 1.82439e-08 2.8619517e-08 6.0309515e-07 7.8379465e-08 6.7518567e-06 1.2539823e-07 5.763997e-05 2.3029127e-08 2.444909e-07 4.3353728e-05 5.6713066e-07 1.9697194e-05 1.2870159e-07
0.9192562 0.593815 0.0465925 0.013205735 0.08238238 0.0038071526 0.0047711516 0.00539872 0.9004327 0.0027802344 0.0024730994 0.011109054 0.007299071 0.03519539 0.0014275304 0.0026302065 0.00060693215 0.27425998 0.00036023243 0.00026499823 0.0004203954 0.0003438188 0.03821474 0.0012374256 0.013342401 3.62224e-05 0.13700956 6.5993416e-05 1.3665192e-16 0.005441813 0.00018689175 0.98689634 0.00071082177 3.910387e-05 0.0051482874 1.8968367e-05 0.0004402006 0.0001435597 2.5953002e-05 0.33139 0.12310188 0.038293704 0.00043702015 3.2716565e-05 2.523568e-05 0.0005299346 0.00641553 6.24492e-05 0.00313274 0.018836498 0.003870846 0.00092412357 0.00086073985 8.5436855e-05 3.6243837e-06 2.4561584e-06 0.0107124075 0.00010174306 0.002640225 0.058999173 0.007660037 7.876068e-05 8.458962e-07 0.023502823 0.00013042246 4.696337e-05 0.0006846303 0.0012058765 2.2331084e-05 3.0861484e-05 0.0001291444 0.00010531206 4.324354e-06 0.00015984342 0.010058045 0.0003493261 3.5180714e-05 1.8525803e-05 0.00022002381 0.0003545796 0.00054747495 1.6971656e-07 1.4463665e-06 3.573388e-05 1.0097671e-06 2.7734694e-07 7.247886e-06 3.5605768e-05 5.394473e-08 0.011823886 9.437391e-09 6.3548695e-09 0.75006515 2.590251e-09 1.1372747e-05 4.2411294e-08 0.058845975 4.9413964e-05 0.08756474 0.00033834673 3.0125484e-05
0.82780373 0.0012855397 0.00025350944 3.9738912e-05 2.87913e-06 7.72097e-05 0.001197639 7.594977e-05 0.0014794236 2.1650594e-05 0.008700948 0.036194216 0.046692174 0.17119576 1.5947442e-05 1.6907885e-06 1.4580748e-06 0.22180128 3.637327e-06 1.1576213e-05 0.18808825 0.0049158083 4.6611603e-06 0.9167427 0.9549741 0.0067210775 0.23848249 2.0325976e-07 0.005441813 3.3168533e-15 0.9734645 0.021173716 0.076842666 0.07219697 0.45008102 0.024376724 0.00022622319 5.559866e-06 0.042760365 0.034348857 0.045016408 9.367626e-06 0.0015219324 0.015318248 0.19339217 0.56698877 9.723202e-08 0.005719231 1.5199414e-07 0.195106 0.4411052 2.0488041e-08 0.26478228 0.13529673 0.00077700056 0.0008424068 0.30060804 0.0027376541 2.9831313e-06 0.09853956 8.139646e-07 0.0012015911 3.6649653e-05 0.079613835 0.00033892755 2.6875721e-05 1.12216885e-05 1.7004747e-06 2.678753e-06 0.03739044 1.3928726e-06 2.3595787e-06 4.9418297e-05 2.127511e-05 0.094366044 0.047314707 1.714409e-07 7.926864e-05 5.7439975e-06 5.2320043e-08 5.534869e-06 1.2032131e-06 0.00063663657 0.0018844184 0.0003232916 4.1231624e-07 5.1593037e-07 1.1256453e-06 6.929222e-05 0.07508135 1.8365039e-05 4.644273e-06 0.028838167 1.712651e-05 1.3356276e-07 4.1049188e-07 0.041708928 0.008536909 0.016294772 0.016916724 4.4693255e-07
0.87375975 0.00019177917 1.9248893e-05 6.3685484e-06 3.697862e-07 1.0292122e-05 0.00012356903 1.0706779e-05 0.0002535172 4.121376e-06 0.0022312088 0.013882068 0.03970812 0.052034978 2.711839e-06 4.4075045e-06 4.468454e-06 0.033613097 2.758193e-06 3.5213357e-06 0.13062954 0.0024989806 1.7798895e-06 0.9349159 0.3732345 0.010486573 0.056049127 2.1181657e-07 0.00018689175 0.9734645 5.6114332e-18 0.0013954528 0.21791351 0.14043385 0.17595467 0.18506885 0.000110080684 4.9980063e-06 0.30651718 0.010129259 0.010480274 4.2996457e-05 0.0012946418 0.014983822 0.85936683 0.73758 1.1588518e-07 0.015318096 3.465554e-07 0.103954144 0.23030174 4.1596145e-08 0.21182156 0.28171483 0.0016852034 0.009035612 0.1959016 0.010102912 1.0794014e-05 0.039024204 7.2137266e-07 0.0013314094 9.994593e-05 0.026823526 0.00020810148 0.00010812133 2.0044718e-05 2.8736165e-06 1.2978723e-05 0.14102821 2.8875663e-06 5.0584504e-06 0.00025101975 0.00011901335 0.13809125 0.054459494 1.2436869e-06 0.0001395275 6.5563113e-06 5.4916944e-07 2.7479811e-05 2.5352758e-06 0.0020929177 0.0123845395 0.003496571 2.7331005e-06 6.9129237e-07 3.3603735e-06 0.0010061748 0.070086084 0.00012944736 8.538847e-05 0.005801075 0.00041052676 2.1875158e-07 3.6010895e-06 0.018978193 0.012160212 0.006767616 0.03919574 5.202646e-07
