1.1533139e-22 2.5549446e-07 4.8101214e-08 9.174156e-06 7.050705e-10 2.995622e-09 0.0007465639 0.0008475779 1.9640422e-06 0.003861162 0.00029152143 2.7664385e-06 0.0062106866 0.0012209825 0.0030008694 0.0035569933 3.4027905e-06 0.009289862 0.012546297 0.02369613 0.13825156 0.004526341 0.050439175 0.059739742 2.9509125e-05 0.03135461 6.880191e-05 0.005076557 0.0433783 0.0312989 0.2644688 0.00018023599 0.28541988 0.005495687 3.0113077e-05 0.0025628025 0.39748827 0.07496024 0.00035276884 0.00018662852 0.086687356 0.00030277838 0.30323535 0.27802676 0.66069007 0.05403682 0.061518133 0.024784084 0.14001992 0.4655518 0.004646125 0.019071724 0.43504947 0.0015750154 0.0072306544 0.26858515 0.084823154 0.20304061 0.17876473 0.11954264 0.11062094 0.0028569878 0.00045305013 0.5232463 0.05437252 0.17588703 0.32057747 0.22724496 0.8581339 0.68314856 0.1358114 0.071732275 0.37874666 0.78565407 0.32066125 0.6332591 0.3192072 0.27048814 0.034959387 0.9857707 0.06873517 0.003885018 0.0011688971 0.083413124 0.011639153 0.9792106 0.29568338 0.2161839 0.99730074 0.9993839 0.0028429849 0.7101323 0.60644245 0.016311796 0.7906218 0.9985819 0.9617581 0.9999378 0.016247233 0.8562805 0.81964177
2.5549446e-07 1.1619611e-21 0.7953168 0.8612285 0.0649069 0.009364397 0.19381665 0.5169221 0.055302333 0.15958953 0.4075108 0.12229824 0.028323483 0.069050126 0.06754741 0.06479496 0.026736775 0.023324216 0.0018879782 0.009616241 0.018730089 0.016191088 0.0032400908 0.0036472413 0.0025817542 0.001973578 0.00087325124 0.007391208 0.00042893662 0.00055572425 0.0029278926 0.00010736395 0.0012036464 0.0003964642 0.0019636024 0.00011553555 0.0010855062 0.0012328753 3.7740858e-06 2.3269613e-06 0.0002809602 9.880913e-07 2.6509466e-05 9.3484516e-05 0.0002632775 2.7090256e-05 8.574887e-06 1.2556122e-05 0.00020971124 1.700653e-06 5.8291293e-06 6.8385048e-06 0.0003172122 0.00034979184 1.4613846e-05 1.7797545e-05 0.000111483394 6.8153527e-06 5.5501263e-05 3.4211293e-06 2.1253167e-05 1.3444455e-07 1.2717827e-07 0.00025453517 5.905251e-07 1.8574451e-07 2.120381e-05 3.4267227e-06 0.00072616886 0.00046791878 0.00044995252 1.606075e-05 4.4982015e-05 1.2305376e-05 2.1868873e-06 0.00019290895 7.6886454e-07 5.531901e-07 7.7633806e-05 0.00042098438 9.406738e-08 2.628481e-07 6.205819e-07 1.2053262e-06 1.4766838e-06 5.2406514e-05 1.33814e-06 3.9873217e-07 0.0003433177 0.0001223642 1.7648327e-06 2.2575246e-06 6.0670125e-05 2.6840732e-07 5.5066066e-06 4.5717054e-05 6.5096024e-06 0.000105073086 5.1732595e-08 5.2411735e-08 3.7436355e-05
4.8101214e-08 0.7953168 1.197964e-20 0.054400455 0.2183338 0.00063369394 0.017905064 0.04539581 0.0043746275 0.0015080639 0.073377304 0.42717254 0.0003891633 8.988449e-05 0.0104873525 0.0024441553 0.06005848 0.00046225835 7.0716283e-06 0.0017367064 0.00011868341 0.00458637 2.6626294e-05 0.00028024754 0.008784143 1.1968288e-05 7.863868e-06 0.0032398158 7.3029724e-07 1.7777656e-06 7.201362e-05 4.0760165e-07 3.8163525e-06 1.3221202e-06 0.0067190016 0.0010334519 4.2087692e-07 6.225475e-05 1.4144793e-08 1.7781893e-08 1.1297903e-06 2.7597768e-08 9.27571e-07 2.3784503e-06 4.419327e-06 6.445921e-07 2.4664098e-07 4.549729e-08 8.872626e-06 7.077173e-08 3.6787112e-06 3.2779694e-06 1.7404284e-06 0.0006315392 5.8371456e-06 1.0643664e-06 2.4793902e-05 8.200174e-06 3.4099373e-06 8.2436867e-07 5.821776e-07 5.279609e-07 2.9999693e-08 1.9171452e-05 4.6735457e-07 1.8253097e-07 2.7705864e-06 1.7143152e-06 1.5806068e-05 2.3999148e-05 4.5668576e-06 7.354002e-08 1.0785983e-06 1.8156395e-07 3.5915587e-06 5.228543e-06 8.67335e-08 1.3429757e-07 2.8782532e-07 1.8000263e-05 3.0045433e-07 1.1508566e-06 6.224246e-09 3.7158838e-07 8.1860895e-07 5.381743e-07 9.4195707e-07 2.438922e-07 1.7665133e-06 1.3130248e-05 4.062976e-09 2.7018077e-06 9.300335e-07 8.855575e-08 1.6562224e-06 3.1948719e-07 1.0645135e-06 4.771458e-05 1.8060513e-07 9.7022486e-08 1.1618646e-06
9.174156e-06 0.8612285 0.054400455 3.7062503e-22 0.006864118 0.0024314974 0.17793672 0.77947426 0.012879075 0.40944535 0.6700088 0.10179976 0.11908292 0.083696574 0.29206437 0.34209403 0.020767182 0.2082778 0.009244083 0.040528707 0.1280306 0.029129347 0.022303835 0.02548571 0.0020570362 0.012390558 0.0006436703 0.0079937 0.008268037 0.0099395 0.027116358 5.580448e-05 0.026600491 5.7406873e-05 0.0009965831 7.1330585e-05 0.0012763393 0.009151346 1.7946046e-07 3.6664403e-07 0.014600272 4.771945e-07 0.0028466335 0.0074317763 0.0051822 0.00046538387 0.0001696 2.1588989e-05 0.00043444143 5.134884e-05 3.0548777e-05 5.332778e-05 0.005099447 0.0004941712 4.8676415e-05 0.00010432094 0.0005433282 0.000116372656 0.00030638714 8.556275e-05 1.4558011e-05 1.3741333e-06 1.7074558e-06 0.0015356812 2.25169e-05 1.4186571e-07 3.769584e-05 7.968038e-06 0.0010582622 0.0016898898 0.0005746028 1.6182828e-05 7.435479e-05 1.2234687e-05 3.0319836e-05 0.00015644234 1.0515834e-05 1.2238702e-05 1.8368595e-05 0.0005882325 3.7344269e-06 2.4609462e-06 1.3493342e-07 2.5078211e-06 2.2091947e-06 0.00054173387 1.0330719e-05 1.0962e-05 0.00021723182 1.160605e-05 1.1123938e-07 4.512288e-06 1.3487837e-05 2.652714e-07 3.2876607e-05 4.2050426e-05 2.6019943e-05 2.8580096e-05 1.0632752e-07 4.4287125e-07 1.9079309e-05
7.050705e-10 0.0649069 0.2183338 0.006864118 5.5665825e-23 0.94967043 0.23170647 0.03189157 0.19778518 0.0024544632 0.00198042 0.0003871156 0.0011458715 0.006129462 0.00023019273 0.00018015213 0.0001381203 0.00010839649 9.096198e-05 3.4101602e-05 0.0002967726 9.995861e-05 2.3896833e-05 1.7487666e-05 1.1633541e-05 1.0992705e-05 0.0028177751 1.00129055e-05 1.0802686e-05 9.525104e-06 1.5955762e-05 0.0002636705 1.7749931e-05 0.0010089002 1.0206148e-05 3.3578732e-07 4.5961337e-05 2.5855954e-06 6.740951e-06 7.830916e-06 5.622476e-06 1.4174007e-05 4.5715657e-07 1.5937162e-07 1.0991856e-05 7.341411e-06 2.8215559e-06 2.1127862e-06 8.52834e-07 1.3137745e-06 1.1322499e-07 3.629044e-07 6.2870517e-06 1.1960107e-05 8.2461486e-07 2.773345e-07 7.304927e-06 6.65506e-07 5.0983576e-06 4.870418e-07 1.3185045e-05 2.7844356e-09 2.3479878e-09 0.00012076942 9.408797e-07 1.7009596e-08 4.3083987e-06 1.8026814e-06 0.00018277371 6.0758775e-05 6.941947e-05 7.082413e-06 1.0384786e-06 2.3445175e-07 7.9686345e-07 1.8216952e-06 1.2492937e-07 8.121033e-08 2.3087734e-06 0.00021326759 1.6329109e-07 2.5400942e-08 7.3760994e-08 3.9200575e-07 2.353539e-07 5.437009e-07 3.819526e-07 5.249327e-08 8.978784e-05 4.852779e-06 2.6953776e-07 2.545326e-05 7.8582825e-06 2.3300247e-07 5.9354547e-06 1.7854649e-05 7.416277e-08 3.220682e-05 3.1022243e-09 2.502449e-09 0.0001838455
2.995622e-09 0.009364397 0.00063369394 0.0024314974 0.94967043 1.3946629e-23 0.30515957 0.023185097 0.5320888 0.006444397 0.000911958 6.6767185e-05 0.00849764 0.054489326 0.00029342368 0.00034330442 1.4136399e-05 0.0004349379 0.0014395405 4.7785616e-05 0.0014385722 5.052956e-05 3.576156e-05 1.3509167e-05 2.3845553e-06 8.167152e-06 0.014740395 3.085085e-06 2.7426373e-05 5.1368574e-05 1.3202434e-05 0.0019216456 7.6257e-05 0.0020810398 2.4288934e-06 4.9755045e-07 0.0006351708 9.841414e-07 0.00020440268 0.00036500732 1.9218078e-05 0.0004604709 1.0479239e-06 2.1810781e-06 9.110869e-05 2.5986787e-05 1.6413342e-05 2.0221456e-05 7.479449e-06 7.774578e-06 2.8263833e-07 2.1788974e-06 1.6589343e-05 6.2386215e-07 1.925891e-06 4.799438e-07 4.2414114e-05 1.3746536e-06 2.089902e-05 1.1158018e-06 5.7621226e-05 3.362191e-08 1.1809493e-08 0.00014629596 1.3815956e-06 4.0565514e-08 3.2230266e-05 7.533856e-06 0.0002614138 0.00015205295 0.00029489788 0.00026171465 5.4129123e-06 1.6145236e-06 4.3250716e-06 9.05807e-06 8.554969e-07 1.3146104e-06 2.9732319e-05 0.00012355088 5.8309064e-07 1.0277816e-08 2.0576451e-06 4.7072526e-06 4.1568686e-07 2.3718387e-06 2.9596847e-06 6.0359633e-07 0.00026138267 2.4168838e-05 4.736907e-06 6.83195e-05 3.1711585e-05 7.747729e-07 6.490587e-05 8.48184e-05 7.266102e-06 0.00043302102 6.3542154e-09 4.010207e-09 0.00021236928
0.0007465639 0.19381665 0.017905064 0.17793672 0.23170647 0.30515957 4.611547e-17 0.6212148 0.8107995 0.62363696 0.127249 0.01083226 0.57772076 0.8038862 0.035940625 0.093519256 0.0030436546 0.16149525 0.29290545 0.012775589 0.3850455 0.008768242 0.065296 0.01867922 0.0002489872 0.011076873 0.18849273 0.0015684441 0.021235343 0.05957472 0.004708344 0.070235126 0.021277715 0.13301052 0.0005477246 3.4676206e-05 0.053716786 0.00087992736 0.014305177 0.013428817 0.0049924334 0.0036271694 0.0014424669 0.00024832226 0.008728386 0.0054937513 0.0049653067 0.0025041064 0.0003236803 0.0023614352 0.00037447532 9.218012e-05 0.0017029515 0.00025376902 0.0006451425 1.8624969e-05 0.0040053492 5.6735196e-05 0.002280428 0.00086077105 0.0054357415 4.1258656e-05 1.5993346e-05 0.0037294035 3.3354998e-05 8.511501e-06 0.00011360503 7.518052e-06 0.010108029 0.0045961165 0.0037745703 0.00403662 5.843298e-05 0.0015401781 1.960372e-05 0.0001287509 1.3640282e-05 2.7526105e-05 0.00044210666 0.00121238 1.6780106e-05 1.5470283e-05 1.0389318e-05 7.982988e-05 5.9911967e-05 0.0002455847 0.00017826106 1.0912798e-05 0.0029791142 0.00060601253 6.2379763e-06 7.077751e-05 0.00018201272 1.0099245e-05 4.4384542e-05 0.0010414005 2.8054905e-05 0.0053087114 2.1675894e-06 1.5655485e-06 0.0002745785
0.0008475779 0.5169221 0.04539581 0.77947426 0.03189157 0.023185097 0.6212148 3.0443382e-18 0.14219067 0.92542857 0.47308573 0.046507377 0.45711342 0.33256876 0.23942374 0.39134163 0.007127442 0.37196746 0.03859699 0.054009885 0.31864053 0.02094769 0.1045798 0.073226206 0.00015981446 0.02908429 0.011760331 0.001167681 0.01612615 0.02108854 0.012138719 0.00058337237 0.054591272 0.0005755966 1.2128875e-05 3.3864903e-06 0.0017853263 0.00062243006 3.3179158e-06 1.4048525e-06 0.010288202 1.5478355e-07 0.0033129759 0.000119042634 0.004810879 0.00039456334 0.00037673253 5.8287796e-06 2.2466902e-05 2.4588782e-05 1.6652715e-05 1.5075316e-06 0.0005097913 2.5536876e-05 3.908981e-05 2.5106974e-06 0.0001743294 3.8022686e-06 0.00013883584 4.8161305e-06 0.000105387204 5.186852e-07 6.263502e-08 0.00026997295 7.753199e-07 8.857326e-09 2.4575666e-06 6.277193e-07 0.0012291825 0.00044409887 0.00033516012 1.5090197e-05 5.7467146e-06 4.4592736e-05 5.2938725e-07 1.884031e-05 9.013475e-08 1.8548253e-07 1.77798e-05 0.00040780194 1.6853124e-07 4.5321153e-07 1.4504324e-07 9.922612e-07 4.501051e-07 7.802786e-05 6.6814005e-07 1.3188703e-07 0.00017670271 1.51071745e-05 2.9754254e-08 1.3011844e-06 5.0937892e-06 4.7938573e-07 2.364986e-06 2.070046e-05 6.708609e-06 0.00049891585 1.1418729e-07 1.1346108e-07 2.3244851e-05
1.9640422e-06 0.055302333 0.0043746275 0.012879075 0.19778518 0.5320888 0.8107995 0.14219067 2.232898e-20 0.08718331 0.0060970406 0.0006713073 0.1503883 0.43986407 0.00040841804 0.0022196814 9.294562e-05 0.004662853 0.11401292 0.00010785594 0.037175167 0.0002199386 0.0009658426 0.00010357794 6.6975313e-06 9.468161e-05 0.37404177 7.1038405e-05 0.0015635829 0.0059668263 0.00010200567 0.075971976 0.0013933822 0.055647496 2.6887743e-05 3.5189268e-07 0.010313631 4.7419988e-05 0.007879818 0.01095666 0.0002935796 0.013079726 1.7303208e-05 7.613974e-06 0.00048189217 0.00022920173 0.00012153289 0.0011306882 3.592461e-05 0.00013926416 1.378656e-05 5.3736243e-05 0.00051688444 0.000138131 0.00019661225 2.1482601e-05 0.0014198767 9.739243e-05 0.00065807794 0.00044368295 0.00015515696 8.4715964e-07 1.480069e-06 0.0007529762 3.6823953e-05 9.373456e-07 3.2793752e-05 2.6424781e-05 0.0009172241 0.00054723513 0.0007881114 0.002015318 9.7243155e-06 1.3080155e-05 5.3361713e-05 2.8579057e-05 6.3195007e-06 5.0795155e-05 0.00046660713 0.00011715157 8.590832e-06 2.239239e-06 7.697619e-05 3.5208354e-06 5.3614185e-06 1.02252525e-05 7.654468e-06 1.3336942e-05 0.00027921196 3.2530825e-05 0.00016762794 8.090627e-05 0.00020049355 6.516463e-07 3.2914035e-05 0.0004321211 1.2773182e-05 0.000707523 3.246917e-07 4.1739145e-07 0.0021300782
0.003861162 0.15958953 0.0015080639 0.40944535 0.0024544632 0.006444397 0.62363696 0.92542857 0.08718331 1.116311e-18 0.24318856 0.006177898 0.90253 0.5325933 0.13541964 0.44905153 0.00085909886 0.6988883 0.17559437 0.033696964 0.74088746 0.010810108 0.2544115 0.109942466 6.166928e-05 0.06696888 0.012039518 0.002341585 0.073026136 0.11461643 0.06871107 0.0013905958 0.20965807 0.005975103 9.862164e-06 2.3068224e-05 0.029614095 0.0031279007 0.00024948444 0.00017314356 0.0492395 3.5895484e-06 0.013648281 0.0014504913 0.051885054 0.0060440227 0.0053160526 0.00013965624 4.5702192e-05 0.0029944459 0.00013220622 1.7864477e-05 0.0066099744 1.3942381e-05 8.422625e-05 0.00010978473 0.0011666386 0.000114673734 0.0015358744 9.5422656e-05 0.000502385 8.1915954e-07 4.1389137e-07 0.0046106805 4.9272934e-05 5.635324e-07 8.299696e-05 4.578219e-05 0.0033556293 0.0031056248 0.0011702088 0.00031655157 0.000101285535 0.00053236826 2.6363716e-05 0.00020110038 2.0351747e-06 1.6865273e-06 0.00019943647 0.0013007937 3.5929113e-06 4.054666e-07 3.1458303e-06 8.218949e-06 7.3421534e-06 0.00090339314 6.048032e-06 1.242113e-06 0.00063023175 0.00045983258 1.3377169e-07 1.8950801e-06 8.209239e-05 7.0573046e-06 8.842697e-06 0.00023697155 5.596079e-05 0.00164798 4.7283567e-07 6.8268173e-07 0.00043683572
0.00029152143 0.4075108 0.073377304 0.6700088 0.00198042 0.000911958 0.127249 0.47308573 0.0060970406 0.24318856 6.3409536e-18 0.48930377 0.07033354 0.034895223 0.9030082 0.72454816 0.100064024 0.23665462 0.0005869266 0.26106516 0.0769897 0.11571428 0.08345613 0.16521393 0.014632004 0.049880564 0.00011106686 0.02304488 0.0028900695 0.0011541938 0.08004292 4.2943493e-06 0.04011236 0.00014651127 0.00022033771 0.00020392954 6.30861e-05 0.014486784 1.4369417e-06 7.269168e-07 0.009136778 1.3789761e-06 0.00795923 0.0019055534 0.0021054607 4.688899e-05 0.000102807775 6.1720025e-06 1.6230524e-05 4.260723e-06 0.00017084871 5.7127763e-06 0.0008406934 9.2746755e-05 0.00023184555 9.246212e-05 0.00023319911 5.6087956e-05 0.00015492305 2.0367328e-05 2.3734236e-05 9.268203e-07 1.3604341e-06 0.00022614443 0.0001599096 6.9886113e-07 9.622107e-05 5.7147903e-05 0.0014461473 0.00043441454 0.00010800406 4.8261783e-05 8.0010745e-05 1.12790685e-05 2.781466e-05 0.00014166259 2.8640543e-06 4.484403e-06 1.2042663e-05 0.00040655077 8.847776e-06 1.5024192e-06 1.6622209e-06 1.3453229e-05 1.8433297e-05 0.000381135 6.706025e-06 3.7585692e-06 0.00017714952 0.0004118689 2.2690884e-07 1.0340448e-05 5.8944734e-06 1.9221202e-06 2.3794453e-05 0.00011486145 0.00011334489 0.0009310226 1.4143619e-06 3.3027686e-06 0.00024668442
2.7664385e-06 0.12229824 0.42717254 0.10179976 0.0003871156 6.6767185e-05 0.01083226 0.046507377 0.0006713073 0.006177898 0.48930377 3.485132e-20 0.0020199022 0.0001708003 0.45490962 0.051915545 0.9279216 0.01510253 2.9830873e-05 0.2842036 0.00979239 0.44208375 0.0072059208 0.022610221 0.06033573 0.005002866 1.0040023e-05 0.09066987 0.00027242917 8.064489e-05 0.024501264 6.023508e-07 0.0041755135 1.5281666e-05 0.0138078835 0.010817709 5.170017e-05 0.022529287 3.3154882e-07 2.648091e-07 0.00019485611 1.038336e-06 0.00060166564 0.001743083 0.00018378696 5.2496856e-05 5.2376632e-05 5.427484e-06 0.00061975606 7.893509e-06 0.0002698952 0.000102460006 0.00012448429 0.0008372872 0.00063516625 0.00016055506 0.00014401578 0.00041025452 0.00011169186 1.4116299e-05 9.713405e-06 1.5436446e-05 4.1833646e-06 0.00015455825 0.00019722503 1.9732805e-05 0.0002606814 0.00022655155 0.0003924565 0.00017391027 0.00015063031 1.1095067e-05 0.00036966667 9.969033e-07 0.00025435828 0.00025403898 4.0400566e-05 6.7585344e-05 7.2261655e-06 0.0006123461 5.101312e-05 1.8276492e-05 3.6574947e-06 0.00011636079 3.0763164e-05 0.00025854525 0.00012752083 6.016883e-05 0.0006079657 0.00055561005 9.987447e-07 4.5767916e-05 2.1559033e-05 6.7692067e-06 7.3890515e-05 0.00014182982 0.00013028459 0.0011660173 2.5679071e-06 1.9077817e-05 8.311673e-05
0.0062106866 0.028323483 0.0003891633 0.11908292 0.0011458715 0.00849764 0.57772076 0.45711342 0.1503883 0.90253 0.07033354 0.0020199022 1.8978744e-17 0.8386185 0.044997163 0.15774328 0.00033133625 0.47393438 0.5547768 0.014142603 0.82510173 0.006293906 0.17557552 0.054731146 2.0012456e-05 0.05091337 0.07315648 0.0021357515 0.17578675 0.26272595 0.026533067 0.014652385 0.21814704 0.08739969 2.3931383e-05 1.9583258e-05 0.16108505 0.0020654455 0.007040271 0.0038347882 0.050404623 5.374265e-05 0.015929613 0.0009364861 0.10752005 0.023960195 0.013512705 0.0022649819 6.345593e-05 0.010400025 0.000100246725 3.967533e-05 0.008641948 5.5579025e-05 0.00026259242 6.6449196e-05 0.0021005904 0.0001174022 0.0014859625 0.00013997118 0.0019403592 2.036116e-06 6.1590464e-07 0.004257066 8.576552e-05 1.0405018e-06 0.00013932673 2.192428e-05 0.007549411 0.0027235 0.0019798744 0.0022716199 0.00024969535 0.0013613948 2.1458829e-05 0.00020931002 3.6581928e-06 2.0112454e-06 0.0008814194 0.0012615724 4.4794965e-06 2.0272016e-06 3.4032237e-05 2.4596662e-05 1.6289263e-05 0.00033717343 8.328283e-06 1.9170125e-06 0.0010627507 0.00053364335 3.85476e-06 1.6968136e-06 0.00057603343 2.2551802e-05 1.7432732e-05 0.0015424902 7.9790305e-05 0.0020344888 9.183308e-07 1.0060279e-06 0.0021936046
0.0012209825 0.069050126 8.988449e-05 0.083696574 0.006129462 0.054489326 0.8038862 0.33256876 0.43986407 0.5325933 0.034895223 0.0001708003 0.8386185 4.244013e-18 0.008839713 0.034410473 1.2187999e-05 0.12185343 0.8813381 0.001233931 0.56539816 0.00024716998 0.05123377 0.009342129 4.0833797e-06 0.0056081484 0.29982737 2.0067266e-05 0.05745243 0.16837099 0.00083271594 0.16218024 0.08146905 0.26970696 1.1159502e-05 8.3927415e-07 0.17761107 9.3300325e-05 0.050712597 0.049106717 0.009085877 0.006698435 0.0009558455 1.2372921e-05 0.040294107 0.015722727 0.009789893 0.0056027942 3.9096767e-06 0.0070404224 2.733451e-05 2.3622447e-06 0.0015104768 6.514817e-05 5.4894223e-05 1.1832542e-05 0.0005448337 4.8230777e-05 6.3994245e-05 9.19552e-06 0.00049300265 2.4765873e-07 1.8711884e-07 0.0015265528 2.0235346e-05 3.6900744e-08 1.3636628e-05 3.1003688e-06 0.0071136304 0.0007948662 0.0012616024 0.0022392708 3.7355116e-05 0.00080145884 5.0836325e-06 0.00019541736 5.3549877e-07 3.8945916e-07 0.0010578702 0.000637447 2.486188e-07 6.35172e-07 5.1613562e-05 2.8992497e-06 9.820844e-07 8.834584e-05 3.342163e-06 4.157705e-07 0.0007324547 0.00020104651 2.798536e-06 1.215369e-05 0.00086127064 5.189883e-06 5.1128216e-05 0.00110308 2.2715372e-05 0.0028563107 4.0884393e-07 2.0529887e-07 0.00192305
0.0030008694 0.06754741 0.0104873525 0.29206437 0.00023019273 0.00029342368 0.035940625 0.23942374 0.00040841804 0.13541964 0.9030082 0.45490962 0.044997163 0.008839713 3.1467788e-19 0.81663084 0.14810325 0.32613575 0.0010870985 0.7309946 0.1019309 0.40706468 0.26655218 0.5729113 0.023394115 0.22883539 8.448949e-05 0.08835003 0.013185851 0.005049387 0.47377643 9.2917835e-06 0.10566608 7.433523e-05 0.0025426976 0.0035413522 8.5732485e-05 0.1181546 6.351992e-07 5.060426e-07 0.049603835 1.216652e-06 0.035723563 0.056508835 0.009161947 0.0007014285 0.0008239172 9.386988e-06 0.001915434 3.703212e-05 0.00092307496 0.00059171894 0.007891158 0.00077267556 0.0013581956 0.0017562433 0.0062514157 0.0006822288 0.003788632 0.0011517351 0.000103769846 4.1475214e-06 5.2818323e-06 0.0031764037 0.00035318086 3.1722816e-06 0.00034557423 0.00022291351 0.0011868319 0.0019462602 0.001392686 6.609104e-05 0.0010024883 3.3999215e-05 0.0004148093 0.0007425732 3.887071e-05 4.339261e-05 3.1529984e-05 0.001078582 3.2555836e-05 2.2089546e-06 7.476107e-07 5.5149605e-05 3.9362e-05 0.0020428402 7.5912845e-05 1.6579741e-05 0.00013493736 0.00027706026 4.915013e-08 8.627285e-06 2.7553497e-05 7.3932415e-06 0.000154442 3.1496387e-05 0.00032313843 0.0001598948 2.3360867e-06 6.7040364e-06 5.813444e-05
0.0035569933 0.06479496 0.0024441553 0.34209403 0.00018015213 0.00034330442 0.093519256 0.39134163 0.0022196814 0.44905153 0.72454816 0.051915545 0.15774328 0.034410473 0.81663084 5.070917e-19 0.015302312 0.89288497 0.008373057 0.18970935 0.2634493 0.046103556 0.48491222 0.5918991 0.0019983267 0.43782675 0.0002556026 0.016129302 0.02858955 0.018174224 0.22311154 1.8675002e-05 0.1922945 0.00024015919 4.785672e-05 0.00023922589 0.0004891974 0.027426286 3.426942e-06 1.8815612e-06 0.051084768 1.299529e-06 0.039826386 0.009977072 0.03972954 0.0012109501 0.0007687531 1.7267814e-05 0.00010119816 0.00015613544 0.00011927628 5.1103743e-05 0.007962357 7.963735e-05 0.0001768902 0.00026793484 0.0019065723 0.00018862757 0.0012733071 0.00014145335 8.736838e-05 1.369677e-06 2.2401443e-06 0.0019188914 9.4897565e-05 2.6077662e-06 0.0001395198 7.6757366e-05 0.0014243897 0.0017544962 0.0013827867 0.0001163963 0.0003722682 7.13097e-05 8.43663e-05 0.00044760265 2.361526e-06 4.150382e-06 3.752028e-05 0.0013110935 1.0425983e-05 3.4050706e-07 1.3351903e-06 1.2462414e-05 2.319153e-05 0.0014025928 1.4109933e-05 4.8873194e-06 0.00018834572 0.0002934192 4.2738654e-07 7.3280994e-06 4.4451557e-05 5.2744786e-06 6.191732e-05 7.816356e-05 0.000327109 0.0003220942 1.6429918e-06 4.066944e-06 0.00021731305
3.4027905e-06 0.026736775 0.06005848 0.020767182 0.0001381203 1.4136399e-05 0.0030436546 0.007127442 9.294562e-05 0.00085909886 0.100064024 0.9279216 0.00033133625 1.2187999e-05 0.14810325 0.015302312 6.077543e-21 0.0025036994 6.3357875e-06 0.25353852 0.0031670888 0.6432903 0.0024906795 0.012302438 0.6753493 0.001812695 1.7451104e-06 0.32124844 2.748272e-05 2.261568e-05 0.026846651 2.3460204e-07 0.0008098524 2.0414154e-05 0.09108182 0.06697958 1.3129797e-05 0.055115733 5.610989e-07 2.4119862e-07 7.970208e-05 3.4987588e-07 0.00014994135 0.009179583 4.904205e-05 2.7776938e-05 9.76461e-06 5.4818647e-06 0.0028451749 2.2119416e-06 0.0018403033 0.000315147 7.094125e-05 0.013374523 0.00046344686 0.00031003394 0.00022862083 0.00034615345 8.5250475e-05 2.3477307e-05 1.4487916e-05 3.090991e-05 4.771296e-06 0.00016576209 0.00013997078 6.218486e-05 0.00021048926 0.00023194155 0.00069308275 0.00013687421 0.00016715557 1.5089923e-05 0.00034326824 2.1404103e-06 0.0002056576 0.0002986801 1.7015513e-05 4.1769803e-05 9.4329425e-06 0.0007037706 9.126645e-05 6.25689e-05 1.1932144e-06 0.00014164408 5.6358458e-05 0.00010374491 0.00026709778 6.7783505e-05 0.0002809524 0.00034064354 5.7654553e-08 4.392991e-05 2.0071364e-05 7.3085853e-06 0.00011959589 0.00021480299 0.00011666302 0.0007803404 6.0586653e-06 5.1383573e-05 2.1265354e-05
0.009289862 0.023324216 0.00046225835 0.2082778 0.00010839649 0.0004349379 0.16149525 0.37196746 0.004662853 0.6988883 0.23665462 0.01510253 0.47393438 0.12185343 0.32613575 0.89288497 0.0025036994 7.5136195e-20 0.07493629 0.088464454 0.75728065 0.017863268 0.7347426 0.37810513 0.0004544381 0.47753924 0.0023288897 0.005920542 0.16663902 0.0808566 0.12793416 7.1434406e-05 0.45734727 0.00281874 4.8982147e-06 0.000103459286 0.007632707 0.0074004093 0.000118438504 3.1508764e-05 0.09480483 2.08905e-06 0.03777498 0.0028280998 0.092130765 0.006348741 0.0023191886 6.745436e-05 3.13096e-05 0.0005834088 3.8337952e-05 1.598778e-05 0.012102666 2.7446182e-05 8.583261e-05 4.1527917e-05 0.0013745883 3.4983354e-05 0.0010295265 0.000109147506 0.00027485486 9.3406715e-07 3.624119e-07 0.003918668 4.4826305e-05 4.8007746e-07 5.701649e-05 3.830707e-05 0.004125608 0.002945797 0.0018749419 0.00021170016 0.00024667103 0.00011287349 3.4324712e-05 0.00035343677 6.8146727e-07 1.1484796e-06 8.322698e-05 0.0011475311 4.929378e-06 2.2042668e-07 1.5995183e-06 6.5550857e-06 1.0589845e-05 0.0003715356 8.3883215e-06 1.6463374e-06 0.0001483902 0.00020236263 1.019132e-06 2.508484e-06 0.000103672915 2.955691e-06 3.2392225e-05 0.00017295114 7.097435e-05 0.0003720446 7.4556516e-07 7.2078956e-07 0.00020523107
0.012546297 0.0018879782 7.0716283e-06 0.009244083 9.096198e-05 0.0014395405 0.29290545 0.03859699 0.11401292 0.17559437 0.0005869266 2.9830873e-05 0.5547768 0.8813381 0.0010870985 0.008373057 6.3357875e-06 0.07493629 5.844563e-20 7.351223e-05 0.7586786 4.3152435e-05 0.037847552 0.0013758027 8.6134287e-07 0.0055384603 0.27391234 4.133963e-05 0.31170848 0.54744345 0.0012785315 0.1186996 0.15174912 0.40911627 4.4714934e-06 8.5165715e-07 0.6833813 4.865868e-05 0.10306753 0.056190703 0.039017797 0.010581125 0.0020908 8.450042e-06 0.17092095 0.09192189 0.055696 0.02840506 3.6074862e-06 0.10618554 1.2118504e-05 5.2994715e-06 0.010434792 1.5956934e-05 4.729051e-05 1.8098214e-06 0.000671452 1.5331356e-05 0.00020181431 2.7503616e-05 0.016067807 2.386208e-07 6.7604965e-08 0.010411358 1.0499661e-05 2.4009392e-08 9.588511e-06 4.602338e-06 0.03307568 0.0035719534 0.0014250256 0.005755625 9.395925e-06 0.011821721 1.0103609e-05 2.8690642e-05 7.3923286e-07 7.4858104e-07 0.003950771 0.00066120614 3.3034473e-07 1.348075e-07 0.00019245359 2.281608e-06 2.3733612e-06 7.680691e-06 4.392038e-06 3.2315424e-07 0.003785854 0.0001540917 5.183952e-06 1.7163632e-06 0.0020153562 6.7793235e-06 9.423565e-06 0.0025514676 3.788149e-06 0.002293886 6.74652e-08 9.111655e-08 0.0029870556
0.02369613 0.009616241 0.0017367064 0.040528707 3.4101602e-05 4.7785616e-05 0.012775589 0.054009885 0.00010785594 0.033696964 0.26106516 0.2842036 0.014142603 0.001233931 0.7309946 0.18970935 0.25353852 0.088464454 7.351223e-05 1.0834935e-19 0.03782822 0.9688995 0.13515462 0.5296739 0.11526247 0.14781739 6.1213495e-06 0.41675368 0.0071691945 0.0018534472 0.80799675 5.3754366e-06 0.08127062 2.4594927e-05 0.01237873 0.04991865 1.4674527e-05 0.37412834 3.5764765e-07 3.165224e-07 0.08071007 4.3613827e-07 0.06882426 0.2352479 0.010451195 0.00024855422 0.00060378434 3.5245307e-06 0.027142795 1.5511205e-05 0.007653312 0.004650017 0.017513677 0.0014574013 0.0026928908 0.024532216 0.032588355 0.003713031 0.015139989 0.0129526155 0.00018768568 1.6039874e-05 1.2465481e-05 0.0021534427 0.0020735334 4.0798514e-05 0.0017877839 0.0022360072 0.0008815985 0.0019069423 0.0030104234 1.7598773e-05 0.0021410405 3.071828e-05 0.0016300188 0.0028728342 0.00017336977 0.00021720839 1.6218655e-05 0.0022014766 0.00013292888 2.0479645e-06 1.2200228e-06 0.000121361605 3.928905e-05 0.005155041 8.10336e-05 6.393685e-05 6.6041575e-05 0.0016969149 9.9223904e-08 3.6549933e-05 2.4784022e-05 1.5995556e-05 0.00034754636 4.278193e-05 0.00078675884 0.0002825043 7.425116e-06 1.0469964e-05 2.5005173e-05
0.13825156 0.018730089 0.00011868341 0.1280306 0.0002967726 0.0014385722 0.3850455 0.31864053 0.037175167 0.74088746 0.0769897 0.00979239 0.82510173 0.56539816 0.1019309 0.2634493 0.0031670888 0.75728065 0.7586786 0.03782822 6.0288075e-18 0.010894348 0.37422648 0.09248243 0.0004964163 0.15232822 0.08454733 0.004928067 0.8957944 0.75432 0.05264059 0.015684403 0.72396594 0.07148327 5.2131403e-05 0.00030415916 0.31781846 0.0037440604 0.027995858 0.014550226 0.08666856 0.0008386673 0.024554472 0.0014756006 0.26099616 0.0385612 0.01866684 0.0030967016 0.00015028966 0.01642899 0.0003780368 0.00015786116 0.016655454 0.00012013946 0.00079993537 0.00018383517 0.0021888078 0.00042044153 0.0010400823 0.0005885751 0.0013326677 3.48474e-05 1.0363886e-05 0.01721657 0.001226777 7.652316e-06 0.00051081186 0.00031837446 0.01802991 0.008093671 0.0022949309 0.0010485952 0.0011918485 0.002785246 0.00021661636 0.0011068003 1.6256501e-05 2.9245719e-05 0.0015043656 0.0023745964 3.7495563e-05 4.019785e-06 1.919454e-05 0.00013487575 0.00039942513 0.002761324 5.1726358e-05 1.2039218e-05 0.0019757163 0.0014537221 2.0781113e-06 6.230821e-05 0.00156205 9.242712e-05 0.0001583355 0.0019646636 0.0004429866 0.0025587233 6.5768645e-06 1.5121458e-05 0.001720577
0.004526341 0.016191088 0.00458637 0.029129347 9.995861e-05 5.052956e-05 0.008768242 0.02094769 0.0002199386 0.010810108 0.11571428 0.44208375 0.006293906 0.00024716998 0.40706468 0.046103556 0.6432903 0.017863268 4.3152435e-05 0.9688995 0.010894348 2.0004678e-17 0.014070146 0.052268993 0.53088623 0.014495759 7.643388e-06 0.8994742 0.0014540555 0.0005504058 0.3809489 1.1373646e-05 0.021900708 4.8004138e-05 0.094107665 0.31683517 2.6980319e-05 0.3958051 2.7115286e-06 1.0023992e-06 0.0171879 1.5606487e-06 0.012796959 0.1420672 0.0032280395 0.00047015288 0.00063943316 1.12839525e-05 0.024893764 1.6939526e-05 0.036408346 0.0067578643 0.0062104496 0.00911206 0.005756358 0.027046237 0.013312203 0.006658752 0.005135663 0.006591892 5.1148792e-05 0.00020719413 0.00016164433 0.000501069 0.003583288 0.0004084254 0.0013844123 0.0016655462 0.00053047435 0.0005001666 0.0007148848 4.0398813e-06 0.0017371768 2.8433726e-05 0.0014427517 0.0013871089 0.0005147561 0.0009950184 2.6846134e-05 0.0005331276 0.00077218167 3.9382576e-05 1.88037e-06 0.00026276932 0.00012395107 0.0056536994 0.00043862092 0.0004858556 6.5853215e-05 0.00087362854 2.4166462e-07 8.008159e-05 5.507242e-06 2.9210347e-05 0.0005871001 5.2367446e-05 0.00118655 0.0004501414 4.4736236e-05 0.00012736794 3.3163262e-05
0.050439175 0.0032400908 2.6626294e-05 0.022303835 2.3896833e-05 3.576156e-05 0.065296 0.1045798 0.0009658426 0.2544115 0.08345613 0.0072059208 0.17557552 0.05123377 0.26655218 0.48491222 0.0024906795 0.7347426 0.037847552 0.13515462 0.37422648 0.014070146 2.9984193e-19 0.7282543 0.0009414412 0.9614427 0.0012533613 0.00758598 0.14062886 0.04038181 0.22346173 7.774308e-05 0.61248547 0.0018442011 1.6187118e-05 0.0008087622 0.021948485 0.010278406 0.00048169575 9.201157e-05 0.17851633 4.4169005e-06 0.19085905 0.004436952 0.15846367 0.006959328 0.0028113774 0.0002158618 8.114218e-05 0.0008468912 0.00019775372 8.3369174e-05 0.03817745 6.0628015e-05 0.0004982143 8.790939e-05 0.004978367 0.00012835368 0.0035111653 0.0016713948 0.000553374 2.0618802e-06 6.887596e-07 0.017738443 0.00044788368 7.7833283e-07 0.00017334298 0.00019715095 0.0076880157 0.00891643 0.0055929874 0.00016416075 0.00069300534 0.000544708 7.304882e-05 0.0016106928 2.1560154e-06 3.1423046e-06 0.00035912913 0.003556537 1.5892215e-06 6.1489277e-07 1.0620044e-05 1.9025418e-05 3.7879563e-05 0.0017155616 5.5437386e-06 2.87584e-06 0.0013135145 0.0018975532 1.4144941e-06 1.014207e-05 0.00032938574 1.2121776e-05 4.8024373e-05 0.00073944015 0.0001588735 0.002453856 1.4834818e-06 1.3241203e-06 0.00041038526
0.059739742 0.0036472413 0.00028024754 0.02548571 1.7487666e-05 1.3509167e-05 0.01867922 0.073226206 0.00010357794 0.109942466 0.16521393 0.022610221 0.054731146 0.009342129 0.5729113 0.5918991 0.012302438 0.37810513 0.0013758027 0.5296739 0.09248243 0.052268993 0.7282543 2.5401174e-20 0.0037076261 0.959738 6.857709e-05 0.028604297 0.014276618 0.0053080833 0.9373884 1.1833163e-05 0.21781045 9.481515e-05 0.00018267735 0.0037733843 0.00037104113 0.06709631 1.0744389e-05 4.9952714e-06 0.109896876 1.9584386e-06 0.2234501 0.057179008 0.0447663 0.00031506343 0.00024844758 1.2862294e-05 0.0033486795 0.00010872456 0.0009322495 0.00047144998 0.019076627 0.00033346808 0.00071152137 0.004122202 0.017372962 0.000816182 0.010147682 0.0071435217 8.0130405e-05 2.9536056e-06 1.8628707e-06 0.004468906 0.000595486 1.04741985e-05 0.00043141303 0.0006882997 0.0011217709 0.0044354377 0.005281092 3.2844862e-05 0.0020973266 2.0004556e-05 0.0006207569 0.004130718 1.8328785e-05 5.1415627e-05 3.46852e-05 0.0035297314 3.811917e-05 6.9744265e-06 2.150813e-06 6.6824265e-05 8.853047e-05 0.008886604 8.585521e-05 3.67011e-05 0.00023771987 0.0023817327 3.107587e-07 6.435454e-05 4.944597e-05 3.080206e-05 0.00023368534 0.00013491188 0.0007148786 0.00078462006 1.2818197e-05 4.0106395e-05 0.000109859924
2.9509125e-05 0.0025817542 0.008784143 0.0020570362 1.1633541e-05 2.3845553e-06 0.0002489872 0.00015981446 6.6975313e-06 6.166928e-05 0.014632004 0.06033573 2.0012456e-05 4.0833797e-06 0.023394115 0.0019983267 0.6753493 0.0004544381 8.6134287e-07 0.11526247 0.0004964163 0.53088623 0.0009414412 0.0037076261 2.3389157e-19 0.00079006195 3.8440865e-07 0.6485311 6.5685713e-06 7.5199814e-06 0.021564636 1.5873864e-07 0.00043028456 1.0113963e-05 0.83085287 0.5754262 1.787213e-05 0.11307242 5.3688655e-07 3.2389784e-07 8.803087e-05 4.7937725e-08 0.00026570604 0.023058847 3.9794813e-05 7.932139e-06 4.2516226e-06 1.5222981e-06 0.009259775 1.2567762e-06 0.021202343 0.003999563 4.5297733e-05 0.06564099 0.0030959502 0.0017457531 0.0006325624 0.00092875626 4.0613188e-05 0.00010679373 4.8130905e-06 6.417552e-05 4.723868e-05 0.00016272983 0.00025005825 0.00017013573 0.00058296166 0.00048346163 0.0004995438 0.00014910629 7.758924e-05 5.1653474e-06 0.00056584657 6.7317387e-06 0.00032331812 0.0005099812 0.000101322046 9.094193e-05 5.076806e-06 0.00048005718 0.000112470334 0.00048601918 4.488939e-06 6.6719e-05 4.177646e-05 0.00027486638 0.00014459336 9.178353e-05 0.00057772076 0.0007006225 3.641016e-08 0.000117008756 2.346965e-05 5.5140526e-06 9.473751e-05 0.00032662708 0.000115388226 0.002458862 0.000118258366 7.366859e-05 4.9546493e-06
0.03135461 0.001973578 1.1968288e-05 0.012390558 1.0992705e-05 8.167152e-06 0.011076873 0.02908429 9.468161e-05 0.06696888 0.049880564 0.005002866 0.05091337 0.0056081484 0.22883539 0.43782675 0.001812695 0.47753924 0.0055384603 0.14781739 0.15232822 0.014495759 0.9614427 0.959738 0.00079006195 7.476105e-21 0.0001385496 0.010390533 0.038132552 0.01422167 0.66516244 6.602168e-05 0.56179994 0.00024188012 7.482628e-05 0.00073063764 0.0019705943 0.05236477 1.1612791e-05 1.4512959e-05 0.35172907 2.045378e-06 0.34743923 0.05157804 0.12821847 0.0046968586 0.0016053295 4.8465048e-05 0.0024947661 0.0004908287 0.00063630095 0.0006231951 0.10884266 0.00012231426 0.00045270336 0.0036939236 0.047727805 0.0009166491 0.029999567 0.011503125 0.00050489826 3.8875246e-06 1.4691379e-06 0.021592624 0.0007921759 5.993119e-06 0.0007619382 0.00064888987 0.0053383377 0.017408071 0.020725403 0.00023172112 0.0031658702 0.00026163956 0.0006748429 0.00665706 3.1524512e-05 2.3755136e-05 0.000100705314 0.009907622 2.1033386e-05 1.150727e-06 3.0643419e-06 7.958723e-05 0.000106878695 0.010799865 2.8585167e-05 4.1121046e-05 0.0011498514 0.0026090636 1.2954974e-06 4.774735e-05 0.00031219513 1.2579685e-05 0.00053528434 0.0005412714 0.00068088074 0.002397001 6.5709523e-06 1.4723128e-05 0.00013117213
6.880191e-05 0.00087325124 7.863868e-06 0.0006436703 0.0028177751 0.014740395 0.18849273 0.011760331 0.37404177 0.012039518 0.00011106686 1.0040023e-05 0.07315648 0.29982737 8.448949e-05 0.0002556026 1.7451104e-06 0.0023288897 0.27391234 6.1213495e-06 0.08454733 7.643388e-06 0.0012533613 6.857709e-05 3.8440865e-07 0.0001385496 9.408524e-21 5.2954047e-06 0.010489924 0.049940642 2.6265416e-05 0.9260324 0.006252972 0.57270783 8.2179994e-08 1.0240187e-06 0.21941105 8.773833e-06 0.11683864 0.16735964 0.0003817312 0.17225948 2.3381517e-05 2.7514165e-05 0.0059296223 0.00703967 0.004316915 0.044277426 1.2545518e-05 0.015780758 6.358253e-07 2.1647902e-06 0.0003023372 4.396092e-07 6.4963806e-06 9.463258e-07 0.00022358546 5.205219e-06 6.942451e-05 7.1714835e-06 0.0030211555 4.6841006e-08 7.806537e-09 0.0026767165 1.3120641e-06 2.2299961e-08 3.451895e-05 1.0198743e-05 0.006031579 0.0018702147 0.0004364264 0.01625317 5.1067593e-05 0.0007342059 2.032305e-05 9.782612e-05 4.66253e-06 4.4120798e-06 0.003238713 0.0015305748 1.7252546e-06 7.419725e-09 0.0012867601 3.3856347e-06 3.1400366e-06 0.00015405408 4.776669e-06 6.941057e-06 0.0030432146 0.0004697224 0.00014234595 0.00014768854 0.0014758223 6.4377747e-07 0.00019422236 0.0052087004 2.8657609e-05 0.009032252 2.7358242e-09 2.9610325e-09 0.0036030223
0.005076557 0.007391208 0.0032398158 0.0079937 1.00129055e-05 3.085085e-06 0.0015684441 0.001167681 7.1038405e-05 0.002341585 0.02304488 0.09066987 0.0021357515 2.0067266e-05 0.08835003 0.016129302 0.32124844 0.005920542 4.133963e-05 0.41675368 0.004928067 0.8994742 0.00758598 0.028604297 0.6485311 0.010390533 5.2954047e-06 1.3760539e-18 0.00069067476 0.00061208714 0.39598238 1.7419738e-05 0.018354509 0.00012613606 0.3205758 0.9107168 4.9746082e-05 0.833613 1.8654629e-06 1.0380637e-06 0.018603297 1.0139105e-06 0.010370225 0.34023657 0.0040983595 0.0005237496 0.00020741414 9.113412e-06 0.16670157 2.6200345e-05 0.24050973 0.05564181 0.014504381 0.07818886 0.0351094 0.08864568 0.042476173 0.020829484 0.011888068 0.012652009 1.713976e-05 0.0022344603 0.0029166394 0.0012268338 0.01314986 0.015685968 0.002806253 0.0032881957 0.0006355037 0.0017533146 0.00082833436 5.045504e-06 0.0036959178 2.5615513e-05 0.0034894105 0.0025856078 0.0016236734 0.0013904638 2.2887943e-05 0.0011556002 0.0019084895 0.0010382439 8.4548003e-07 0.00091702206 0.0019130516 0.0076677366 0.00072316674 0.0008431041 7.2333474e-05 0.001371916 4.036848e-07 0.00025894967 1.5611347e-05 0.00018853333 0.0006667025 0.00014579011 0.0016068044 0.00015351304 0.00063714647 0.0013070125 2.4125704e-05
0.0433783 0.00042893662 7.3029724e-07 0.008268037 1.0802686e-05 2.7426373e-05 0.021235343 0.01612615 0.0015635829 0.073026136 0.0028900695 0.00027242917 0.17578675 0.05745243 0.013185851 0.02858955 2.748272e-05 0.16663902 0.31170848 0.0071691945 0.8957944 0.0014540555 0.14062886 0.014276618 6.5685713e-06 0.038132552 0.010489924 0.00069067476 2.2428088e-20 0.9236823 0.016278533 0.0045996066 0.72830546 0.023683468 5.291871e-06 7.457775e-06 0.23153512 0.0011201771 0.007655013 0.004847518 0.22920284 0.0002951134 0.023311397 0.0013889801 0.44351605 0.18779384 0.046397522 0.005369163 5.8275207e-05 0.05082113 2.23028e-05 1.7867627e-05 0.107577756 2.4781373e-05 0.00012975538 2.9159803e-05 0.0056492696 4.5040008e-05 0.0041807047 0.00032219067 0.016475925 3.209085e-06 5.441044e-07 0.124905676 9.5423195e-05 4.416338e-07 0.0001953097 8.819886e-05 0.07642773 0.025453364 0.009040465 0.0048474646 0.0005888959 0.011142711 8.859052e-05 0.0011103859 4.3994537e-06 3.2135379e-06 0.00076445943 0.0036936083 4.1730445e-06 1.6851163e-07 1.0045109e-05 1.8722205e-05 2.5175874e-05 0.0007513855 2.1304977e-05 5.256065e-06 0.011905563 0.0007042221 5.0956696e-06 1.8609522e-05 0.0011259906 2.4408032e-06 9.872097e-05 0.004645053 4.754257e-05 0.010842508 5.3179485e-07 2.0194425e-06 0.0014314143
0.0312989 0.00055572425 1.7777656e-06 0.0099395 9.525104e-06 5.1368574e-05 0.05957472 0.02108854 0.0059668263 0.11461643 0.0011541938 8.064489e-05 0.26272595 0.16837099 0.005049387 0.018174224 2.261568e-05 0.0808566 0.54744345 0.0018534472 0.75432 0.0005504058 0.04038181 0.0053080833 7.5199814e-06 0.01422167 0.049940642 0.00061208714 0.9236823 5.35675e-20 0.0035688605 0.017886905 0.32800817 0.14579776 3.809182e-06 7.5201606e-06 0.6355335 0.00013846374 0.050023187 0.023166636 0.06510218 0.0021218236 0.007447747 7.5644944e-05 0.31685185 0.16915 0.06040323 0.017809331 1.1088064e-05 0.075981535 6.5998516e-05 8.963295e-06 0.033504926 0.00011211372 0.00017612397 7.105287e-06 0.001552445 3.6618807e-05 0.00048861385 7.690252e-05 0.021679882 2.8458394e-06 4.5417292e-07 0.05176646 5.3543445e-05 3.157072e-07 2.7990898e-05 3.981254e-05 0.094107635 0.0051053036 0.0026624787 0.008815669 0.000120066834 0.014412749 1.6775852e-05 0.00010904783 1.0014543e-06 2.3872815e-06 0.004482362 0.0015188216 2.0592001e-06 1.3008581e-06 0.00029423967 7.275677e-06 1.1981513e-05 7.305892e-05 6.9506355e-06 1.0089998e-06 0.010544523 0.00047848892 7.221495e-06 9.768753e-06 0.0016070473 7.245951e-06 1.2238095e-05 0.008211749 3.635574e-05 0.012279499 9.643842e-07 1.7161569e-06 0.002804117
