1.5275596e-23 0.8551535 0.97305906 0.94291216 0.9997634 0.96565044 0.75037885 0.98949856 0.9999161 0.9642805 0.7742591 0.3614224 0.9841754 0.9946797 0.54109406 0.99593633 0.9999582 0.99194807 0.9483543 0.95313233 0.94373274 0.89632386 0.39320415 0.48155776 0.5658391 0.99904126 0.9793621 0.83848417 0.8882202 0.97186023 0.9935063 0.9463083 0.98620564 0.8823625 0.89616734 0.9249403 0.9177581 0.979579 0.91867334 0.95366323 0.82575274 0.9612727 0.8497649 0.8774963 0.9658935 0.9008771 0.84481424 0.9065736 0.9744742 0.8421074 0.8446799 0.91931754 0.9555672 0.88799924 0.95644057 0.6907098 0.8937203 0.8653988 0.76542264 0.7537086 0.77719676 0.7705145 0.86830854 0.18128316 0.39818928 0.8320278 0.44468445 0.1392579 0.7078961 0.068962246 0.25998718 0.5309367 0.36706847 0.062543154 0.054709595 0.0838685 0.4212358 0.30218196 0.3723487 0.078041986 0.011939852 0.07190508 0.10735375 0.006516619 0.008589395 0.06148149 0.18136413 0.0047911615 0.0020556664 0.0010217474 0.2506178 0.05113234 0.0002965129 0.0023065223 0.0031274713 0.0020314583 0.0026867485 0.0016431847 0.0073130936 0.0028267582 0.00095301156
0.8551535 5.205047e-13 0.99611664 0.8876044 0.6655303 0.029908864 0.015022762 0.31073707 0.0055483487 0.012688971 0.49312186 0.0026377663 0.034378435 0.0014907871 0.0014463445 0.014705989 0.0023825588 0.00057978224 0.00032803716 0.004147995 0.0039251097 0.0011086818 0.004571359 0.019791838 0.0010496977 0.0007560621 0.00065813167 0.001978455 0.0009324789 4.939281e-05 0.000108634085 0.00038571857 2.484944e-05 0.00029228698 0.00025181146 0.0002516691 0.00029508438 1.2256327e-05 0.00010736518 2.57602e-05 0.0014353087 0.00014606357 2.4977012e-06 7.3453506e-05 9.6411946e-05 2.3669609e-05 4.001978e-05 0.00039409887 1.7415152e-05 2.5688623e-06 5.227541e-06 6.1972105e-06 8.875139e-06 3.3883265e-07 0.0002026867 4.8580597e-07 5.8842543e-05 9.3869204e-07 9.18167e-05 7.5929773e-07 2.598567e-07 5.943163e-08 9.084979e-05 7.412784e-08 0.00018437475 4.598087e-06 1.8520326e-05 3.508743e-05 0.00019511665 1.691093e-08 3.07145e-07 1.01117635e-07 7.1254062e-06 1.1970028e-08 2.622777e-07 1.3913074e-06 7.1002505e-05 3.7831487e-08 2.3138101e-08 3.05739e-05 2.1036654e-07 5.8379806e-06 2.7544855e-05 2.5911405e-07 1.499028e-07 5.116331e-06 1.4127989e-05 3.0571083e-08 8.8768695e-07 1.2790236e-05 2.09981e-06 6.688321e-06 8.121215e-07 1.5996449e-06 3.3044884e-08 1.9996735e-07 5.4414404e-08 6.031127e-06 3.9606242e-08 8.556002e-06 7.818681e-09
0.97305906 0.99611664 1.2729645e-11 0.40360638 0.68506986 0.05265662 0.01248091 0.24351299 0.0059553348 0.015289045 0.3972198 0.003435042 0.08102501 0.000959609 0.0017093158 0.03503192 0.003368103 0.0005978481 0.0002879622 0.012459226 0.012498688 0.003624441 0.019335208 0.07042506 0.008374954 0.0030705144 0.0014822324 0.0043217367 0.0015596267 7.878164e-05 5.778483e-05 0.001069712 2.8418897e-05 0.0010876876 0.0011810509 0.0030489506 0.0006242944 9.899744e-06 0.0007725366 2.6619846e-05 0.02578853 0.00045774164 5.5344655e-05 5.1986484e-05 0.000113974536 6.8817986e-05 9.87461e-05 0.003998678 2.4927765e-05 7.187177e-06 1.3509891e-05 1.5748412e-05 2.140491e-05 1.8455434e-06 0.00091502146 7.754763e-06 0.00042650406 5.0047315e-06 0.0004567742 2.1621874e-05 2.38105e-07 1.1006215e-07 0.0005863587 3.5225597e-07 0.00051260943 8.3833065e-06 0.00015751227 0.00019960087 0.0015797563 7.893998e-08 5.2062245e-07 1.4604747e-07 0.00014494584 6.215517e-08 3.2196178e-06 0.0001317898 0.00017037636 1.6770156e-07 9.736693e-08 0.00027476656 2.7519318e-06 1.4170968e-05 0.00012705081 3.2470366e-06 5.5204805e-07 6.255258e-06 6.6494205e-05 2.6294336e-07 1.400931e-06 2.749305e-05 1.214797e-06 5.434237e-06 4.2222714e-06 4.3430887e-06 1.9096308e-07 7.4374825e-06 1.9099313e-07 1.8655279e-05 7.344568e-08 3.6772573e-05 8.878897e-08
0.94291216 0.8876044 0.40360638 3.279202e-13 0.9277909 0.30468893 0.626019 0.19033536 0.034452282 0.13228051 0.97225356 0.15994586 0.022921251 0.0041150944 0.02036906 0.012129369 0.0004303732 0.0001546529 0.0053941137 0.00494522 0.004157307 0.00066891336 0.033976037 0.15325888 0.011448802 0.0005548243 0.00012510779 0.0073916106 0.0055111917 0.00039140435 4.936253e-05 0.00053203094 5.2920554e-05 0.00054820697 0.000336031 0.0015155255 0.00017803427 1.4837682e-05 0.000117683805 7.104453e-06 0.019180695 0.0003259133 6.882599e-05 2.9864092e-05 0.00012829089 1.9649297e-05 0.00010651554 0.0028975154 7.4367667e-06 3.3280185e-06 2.6497119e-06 4.838435e-06 7.2746394e-07 4.2612533e-07 0.00056485395 3.5436796e-07 0.00014272956 1.051218e-06 0.00075157045 7.780342e-06 5.1109345e-07 9.599265e-07 0.000134572 2.2081996e-07 0.00016776979 2.2023129e-05 9.722233e-05 2.8537961e-05 0.0018978645 2.6493478e-08 6.150213e-07 4.6005277e-07 2.6918635e-05 9.25265e-09 8.1051223e-07 2.619746e-06 0.00048466417 1.4264367e-06 2.1409367e-08 0.00010621387 5.4186273e-07 7.9404825e-05 3.3026223e-05 3.7210702e-06 5.9344416e-08 9.524682e-05 8.962692e-05 1.7549111e-07 1.2837491e-05 3.1620926e-05 4.8195783e-05 8.6221575e-05 2.0280233e-06 5.717505e-05 5.1464212e-08 9.880596e-08 4.4710664e-08 2.023988e-05 6.1482655e-07 1.61309e-05 2.5455006e-07
0.9997634 0.6655303 0.68506986 0.9277909 4.3122305e-17 0.8889554 0.25970012 0.25567126 0.05138856 0.18946762 0.21409208 0.020088773 0.06751876 0.0034963929 0.013456393 0.022827843 0.0019122662 0.0006349113 0.0020113874 0.008131985 0.00770312 0.0020532769 0.041133925 0.082514815 0.074665666 0.0032261878 0.0004416096 0.010325938 0.003237476 0.00035916202 0.00029305284 0.0020724412 0.00013181833 0.0014277699 0.0007862271 0.005788072 0.0003260532 3.2177777e-05 0.0006067985 2.0069621e-05 0.012476227 0.0012652298 0.00023811488 5.8364145e-05 0.00037561415 9.290778e-05 7.317746e-05 0.004028177 0.00010533143 2.1432343e-05 1.1633475e-05 0.00012478048 3.3727618e-05 5.18828e-06 0.0026011323 6.921497e-06 0.00061092834 1.0548026e-05 0.000816678 1.8457697e-05 9.772891e-06 4.5465265e-05 0.0005068301 7.411408e-07 0.0010739699 0.00018143111 0.0007913204 0.00026100106 0.004524215 1.3745704e-07 3.86927e-05 6.4849105e-06 0.0017888721 1.4195814e-07 0.00020518998 0.00030585812 0.009357377 2.4124454e-06 8.655821e-07 0.0046670344 8.155225e-05 0.0012602821 0.0014524464 9.7556695e-05 2.382164e-06 7.081559e-05 0.006505678 6.591089e-07 8.174073e-06 0.00032857695 0.0039915666 7.687803e-05 3.20954e-05 1.1568114e-05 3.0141964e-06 2.7517732e-05 1.5550208e-06 2.604924e-05 6.8126457e-07 0.00016892268 8.211278e-08
0.96565044 0.029908864 0.05265662 0.30468893 0.8889554 5.4845225e-17 0.9984431 0.008302408 0.042651154 0.120197274 0.027307259 0.038837757 0.0030335481 0.002674382 0.025444908 0.0021656493 9.846775e-05 0.00026727412 0.0023569579 0.0008297385 0.00075587427 6.602895e-06 0.0010090356 0.003696022 0.0002967412 8.059692e-05 4.043007e-06 0.00019900007 0.012135791 0.0001965667 1.2369901e-05 3.250468e-05 3.8848804e-05 5.651985e-06 1.7329383e-05 1.97457e-05 4.0152394e-05 4.1079184e-07 6.8010104e-06 4.1323246e-06 0.00021420974 3.5978886e-05 0.0005968531 8.004391e-06 8.626512e-06 2.5821603e-06 4.137238e-06 1.1961886e-05 1.6274985e-06 7.2848667e-07 8.164525e-07 2.8724124e-05 1.2531383e-05 9.4204154e-07 2.7156657e-05 3.7392005e-07 1.147879e-05 3.5789383e-06 3.2904023e-05 1.3700023e-06 3.4944836e-07 1.5174654e-08 1.2873412e-05 2.0435716e-07 2.6413245e-05 5.0822846e-06 3.705088e-05 4.0976793e-05 0.00015782232 1.1664592e-07 5.808833e-07 5.418934e-06 6.963364e-05 9.237455e-08 7.4630543e-06 1.0560547e-05 8.6426146e-05 3.5939755e-07 1.512378e-07 2.058936e-05 1.6868827e-06 0.00017319212 0.00020306149 5.3385716e-06 1.2603564e-06 2.5553882e-05 0.00013315903 1.2162218e-06 2.7183398e-05 1.6534723e-05 4.7932448e-05 2.452024e-05 6.263654e-07 2.9523635e-06 6.0868e-06 6.306731e-06 2.7606193e-06 7.0050423e-06 2.501272e-06 1.1404471e-05 3.95007e-08
0.75037885 0.015022762 0.01248091 0.626019 0.25970012 0.9984431 2.9379485e-18 0.0074370196 0.04032907 0.4072912 0.02308542 0.9005143 0.002222825 0.011818841 0.10607095 0.0026362739 0.0003091886 0.001053662 0.01135987 0.00071952527 0.00053387723 3.4911227e-05 0.0003941008 0.0012106365 0.00013111747 8.296997e-05 6.667101e-06 0.00013120742 0.025940184 0.0018011814 0.00046686642 4.136755e-05 0.00059519336 8.833471e-07 3.417738e-06 3.66525e-06 7.38822e-05 9.573444e-06 1.7109896e-06 0.000102666 1.49476255e-05 4.3568965e-05 0.00039725614 8.755707e-05 2.7514872e-05 1.6962247e-06 1.6619056e-06 1.5604768e-05 9.34415e-06 2.6452315e-07 1.6090722e-07 0.00010779331 6.078758e-05 2.67858e-07 1.2441075e-05 9.785729e-09 3.0713286e-06 5.8262563e-06 2.2785973e-05 3.5265194e-07 5.3278825e-07 1.2442255e-08 9.505676e-06 4.852378e-09 9.300578e-06 3.394964e-05 1.2989149e-05 3.8426588e-06 4.24129e-05 2.691088e-09 1.100844e-05 2.8056254e-06 2.8465943e-06 1.3585172e-07 5.6997897e-07 1.881212e-07 0.00024745372 1.14290444e-07 3.1352775e-07 1.7898446e-05 2.9200456e-07 5.3358935e-06 6.6300786e-06 4.466479e-07 1.258544e-08 2.0515661e-05 5.3095437e-06 1.0108846e-08 7.352681e-07 3.533124e-07 1.9019377e-05 4.2576627e-05 3.3249712e-09 1.0627359e-07 3.1632806e-07 4.6307633e-09 1.1375262e-07 1.0240271e-07 2.5565275e-06 1.2159479e-08 5.703804e-10
0.98949856 0.31073707 0.24351299 0.19033536 0.25567126 0.008302408 0.0074370196 3.2982412e-16 0.016630417 0.006910371 0.69650114 0.002336175 0.9591724 0.0022650685 0.0015058117 0.10328895 0.0055475025 0.0010684788 0.00021137962 0.06954864 0.057962667 0.019773407 0.64020795 0.5870152 0.84597564 0.00089677074 0.0004222864 0.65307724 0.0002283184 6.903464e-05 1.8622713e-05 0.0067232577 2.1814494e-05 0.044836167 0.016787928 0.11690325 8.9942536e-05 3.0044043e-06 0.003683704 9.114294e-07 0.29660824 0.0001434554 2.6786418e-07 4.397499e-06 4.9893508e-05 1.3078098e-05 2.882684e-05 0.034450408 8.0856967e-07 3.6182553e-07 2.0066098e-07 1.1251806e-06 3.0683964e-07 2.056572e-08 0.0039806375 5.6609018e-08 0.00016924308 1.41845e-07 0.005800372 3.3495785e-06 1.0060322e-07 9.1685756e-08 0.0017819541 2.388725e-08 0.0020921635 2.0051408e-07 9.834678e-05 0.0005665785 0.012992237 1.5571295e-08 2.0693442e-08 2.725496e-07 0.0005126458 9.1780844e-10 1.9826753e-06 5.438943e-05 7.649543e-06 5.020133e-08 3.924527e-09 0.00030530765 2.3911912e-06 7.3303113e-07 0.00019376501 1.5066931e-05 8.459131e-07 4.4001317e-07 2.8866389e-06 2.4079205e-07 1.0568187e-08 2.034928e-06 5.9774766e-07 4.9981303e-08 1.4399275e-07 5.3476185e-07 1.5473131e-07 2.3467231e-07 3.1311208e-07 1.5785031e-06 1.2113368e-08 6.6726984e-06 1.8149494e-08
0.9999161 0.0055483487 0.0059553348 0.034452282 0.05138856 0.042651154 0.04032907 0.016630417 3.625494e-15 0.9190616 0.007656659 0.029195184 0.010430012 0.5389894 0.4267521 0.020020565 0.014183725 0.11238408 0.9122546 0.0049978644 0.0033906156 0.00077955896 0.00081937213 0.0022679747 0.00074406574 0.010133022 0.0038697168 0.00069182966 0.33828637 0.30981714 0.03865169 0.00064593146 0.073074244 0.00041322032 0.0004674683 0.0012616554 0.005281689 0.010825475 0.00040570486 0.023820633 0.00095227663 0.0015786206 0.07954576 0.009015931 0.0025219067 0.0013443681 0.00084429485 0.00095265533 0.010048989 0.0019043135 0.0021914607 0.026086733 0.015100867 0.0043455875 0.0014147776 0.0007347606 0.0013010742 0.012635717 0.000280641 0.00056884834 0.0021932104 0.0010896913 0.00062676857 0.00027760744 0.0002585995 0.03105249 0.0004664167 9.1663685e-05 0.0024428212 0.00014649366 0.007025154 0.004571194 0.0009972347 0.0010521463 0.00028451966 0.00020176602 0.015051306 0.0017130913 0.0027939372 0.00093143014 0.00019585545 0.00041260227 0.00026246448 2.9569188e-05 0.0001085881 0.0020166945 0.0010596104 6.788397e-05 1.5574722e-05 2.390677e-05 0.016992947 0.014114235 3.3766348e-06 5.8616683e-06 0.0007772893 0.00043156405 0.0005516292 1.9017925e-05 0.00025156184 2.2320952e-05 4.515499e-06
0.9642805 0.012688971 0.015289045 0.13228051 0.18946762 0.120197274 0.4072912 0.006910371 0.9190616 1.1446173e-16 0.0119022485 0.6872542 0.0028704149 0.2355068 0.96283275 0.0033027453 0.007837574 0.035147678 0.51852226 0.001310671 0.00090569304 7.803169e-06 0.00015621005 0.0004880801 6.354325e-05 0.0011556465 0.0005989849 7.953079e-05 0.4592528 0.06193813 0.009258309 6.3498366e-05 0.018219847 4.624402e-06 7.9910815e-06 2.0083311e-05 0.0004671403 0.0009694518 1.4498419e-05 0.0030869509 8.613339e-05 0.0002557186 0.04027007 0.0016448954 0.00029744927 4.9605613e-05 1.839561e-05 2.8478882e-05 0.00015549468 2.4464205e-05 6.165746e-05 0.0011139688 0.0009784456 5.3803935e-05 2.379654e-05 1.9118652e-05 1.9459083e-05 0.0002846198 1.1238728e-05 2.8622578e-06 4.340656e-05 5.9493846e-06 4.1694628e-05 6.7214423e-06 8.5727646e-07 0.0007582189 3.3640626e-05 1.596513e-06 0.000108627355 6.6933455e-07 0.00041308693 1.35221735e-05 3.904177e-06 1.23029595e-05 6.031921e-06 4.2510387e-06 0.0019102605 3.4957207e-05 6.235758e-06 4.486208e-06 1.2015864e-05 3.723209e-05 3.9282177e-06 1.7801312e-07 3.2417427e-06 0.004114543 6.181891e-05 9.624704e-07 1.5622852e-06 1.5572745e-05 0.00547693 0.00095423753 8.390685e-07 9.431733e-07 8.292117e-05 0.00010934629 2.229674e-05 1.0293187e-06 2.4665958e-05 6.8331915e-06 8.022376e-07
0.7742591 0.49312186 0.3972198 0.97225356 0.21409208 0.027307259 0.02308542 0.69650114 0.007656659 0.0119022485 2.3984042e-11 0.006612748 0.013883155 0.0004710426 0.0014924991 0.00025693234 2.8831268e-05 2.7149172e-05 0.00019284824 0.00025956085 0.00023757482 7.168909e-05 0.29374337 0.9814616 0.07575714 1.3038247e-05 3.2655482e-06 0.014153107 9.82745e-05 1.1947146e-05 2.2328052e-06 6.124302e-05 1.1980112e-06 9.008066e-05 2.8560533e-05 0.0010039153 2.9005787e-05 1.1112937e-06 3.6985606e-05 6.85123e-07 0.054044526 4.0672003e-06 4.7637872e-07 3.085985e-06 1.0263589e-05 1.9360375e-06 3.0552494e-06 0.0011646375 2.2175949e-07 7.8705636e-07 1.01669194e-07 1.8889182e-06 1.020082e-06 2.3045531e-07 9.242852e-05 2.2308863e-07 6.335038e-06 2.2666327e-06 0.00072158367 1.8482929e-06 1.3411628e-06 1.2780737e-07 9.979268e-05 7.4165774e-07 8.0806254e-05 9.2043416e-07 9.62951e-06 1.0228637e-05 0.0024763742 1.9936259e-07 2.3473255e-07 2.8061631e-06 5.819296e-05 1.1582335e-08 1.311825e-06 2.0670582e-06 0.00011992116 1.0170415e-06 6.1240326e-07 0.0007596118 4.9528467e-07 6.252837e-06 5.690358e-06 1.0440135e-06 2.2738163e-06 8.196214e-05 4.0764307e-06 6.7838236e-08 1.3661658e-07 2.1986069e-05 2.4349918e-05 3.1778004e-07 4.736444e-07 2.1030614e-07 8.3644196e-08 2.223356e-06 8.048618e-08 1.1144043e-06 4.7600434e-08 1.0260951e-06 1.1978273e-08
0.3614224 0.0026377663 0.003435042 0.15994586 0.020088773 0.038837757 0.9005143 0.002336175 0.029195184 0.6872542 0.006612748 3.751647e-19 0.0017031529 0.006058548 0.98052263 0.0011354795 9.88703e-05 0.0010115512 0.046105433 0.0004313836 0.00023581977 4.1672996e-07 0.00014388302 0.0005149326 1.9807392e-05 8.443102e-05 2.5578422e-06 3.1094547e-05 0.13101165 0.00420935 0.0006697663 1.9820307e-06 0.0010717675 7.7065906e-08 2.1458766e-07 1.582766e-06 3.639477e-05 1.9372945e-05 4.1571635e-08 0.00033387798 6.8813883e-06 2.019932e-06 0.0053974534 0.00023422236 1.2467658e-05 3.0187806e-07 2.003624e-08 4.054165e-06 6.167178e-06 1.6592062e-07 7.959721e-08 0.00065770344 0.00039503849 4.102195e-07 8.917459e-06 3.8584322e-09 8.3762455e-07 4.816509e-05 8.183901e-06 1.7355082e-07 1.0301386e-06 8.492863e-09 7.1793947e-06 4.070626e-08 1.0199624e-06 0.00034790003 3.358336e-06 2.2928184e-07 7.779389e-05 2.160838e-08 9.6610005e-05 1.5815385e-05 3.1385696e-06 1.286619e-06 4.10323e-06 3.5227593e-08 0.00043585556 1.9045339e-06 1.328487e-07 2.652455e-06 4.1337853e-07 2.2881604e-06 3.920341e-07 1.13526234e-07 1.0092745e-07 0.000118325595 6.511446e-08 1.8677147e-08 1.9321769e-08 2.722785e-08 5.374491e-05 0.00095950934 1.6912148e-09 4.933692e-09 3.9958638e-07 1.0702679e-08 2.0387363e-07 4.2723659e-07 3.8065568e-06 7.812495e-09 5.7003593e-09
0.9841754 0.034378435 0.08102501 0.022921251 0.06751876 0.0030335481 0.002222825 0.9591724 0.010430012 0.0028704149 0.013883155 0.0017031529 1.07614404e-13 0.0024794627 0.00076652697 0.63664246 0.004972403 0.0016515427 0.00023860113 0.32835674 0.282979 0.12229652 0.50962436 0.3515492 0.8273784 0.008000712 0.0011960606 0.9095963 7.363459e-05 8.9668734e-05 2.7490427e-05 0.09971214 3.766095e-05 0.3158835 0.16039443 0.67848694 0.00021870185 8.587826e-06 0.06445435 2.9412322e-06 0.543392 0.0012577114 4.3394638e-07 7.280501e-06 0.00018597573 5.3249012e-05 0.00019650655 0.38790277 2.5992897e-06 2.7540007e-06 4.415422e-06 6.7623887e-07 8.330948e-07 1.8374882e-07 0.02154345 8.9867854e-07 0.0024314998 6.8196334e-07 0.04580818 8.179043e-05 3.9966798e-07 5.044908e-06 0.008445877 1.678177e-07 0.014280511 8.45674e-08 0.0008341383 0.0022860153 0.05802905 8.905016e-08 9.192455e-09 3.6078012e-07 0.002904418 5.980857e-09 3.8756234e-06 0.00026050297 3.7817458e-06 7.782694e-08 4.8671463e-08 0.0016518089 4.843883e-06 7.459888e-06 0.0017745235 0.000114096125 2.5224024e-06 8.1455477e-07 0.00027540218 1.411792e-06 4.0042607e-07 4.9050046e-05 9.377095e-07 3.8470347e-07 4.1608364e-06 5.9558906e-06 7.8120854e-07 1.7469587e-06 1.6104054e-06 4.7280635e-05 6.871139e-08 5.267604e-05 6.9113946e-07
0.9946797 0.0014907871 0.000959609 0.0041150944 0.0034963929 0.002674382 0.011818841 0.0022650685 0.5389894 0.2355068 0.0004710426 0.006058548 0.0024794627 2.5601609e-17 0.24639061 0.008021661 0.07006086 0.8995631 0.8891603 0.0026852116 0.0020064954 0.00051229005 0.00025969013 0.0002566147 0.00028731948 0.013365127 0.0070676645 0.0002095565 0.21520129 0.88595843 0.1433149 0.00032305706 0.29981935 2.0069143e-05 0.00012558955 9.512762e-05 0.005396141 0.025470424 0.00015233904 0.06842007 3.0475652e-05 0.00087798305 0.14384283 0.020013321 0.0036337874 0.0010151167 0.0006400545 5.942867e-05 0.008061321 0.0012504386 0.0018976491 0.073941134 0.05141941 0.004156617 0.0008117658 0.00068499567 0.000801168 0.030034771 3.145502e-05 0.00018541684 0.0012340881 0.0001954528 0.00024908173 0.00018194849 7.883613e-05 0.23026949 0.00029025308 3.2670046e-05 0.00013432454 7.741754e-05 0.06281335 0.003697968 0.00024550274 0.005804846 6.501571e-05 3.9823626e-05 0.043788727 0.00047369525 0.004470707 0.00010384568 6.0134524e-05 7.289287e-05 0.0002392601 4.701647e-05 4.1989835e-05 0.0017719372 0.00017104564 1.2037094e-05 5.3777853e-06 1.2698897e-05 0.004788037 0.0230145 1.5933652e-05 3.2552687e-06 0.0004546334 0.00030039577 0.00032160647 9.764195e-05 0.0001387748 1.6538368e-05 1.7995259e-06
0.54109406 0.0014463445 0.0017093158 0.02036906 0.013456393 0.025444908 0.10607095 0.0015058117 0.4267521 0.96283275 0.0014924991 0.98052263 0.00076652697 0.24639061 1.1336791e-17 0.0010648533 0.0013382154 0.02148683 0.63126063 0.0002801185 0.00016615143 3.8500372e-07 2.0661273e-05 4.232207e-05 6.5550985e-06 6.053812e-05 7.527203e-05 4.6725722e-06 0.8601843 0.047909595 0.004267374 4.3426576e-06 0.0085327625 9.7509245e-09 1.5705618e-07 8.935778e-08 0.00036228166 0.00034709537 5.812936e-08 0.001597622 4.582736e-07 1.01799205e-05 0.03860577 0.0007381065 9.169161e-06 1.657782e-06 1.3406876e-07 2.2104139e-07 3.673255e-05 2.849014e-06 6.669053e-06 0.00057961006 0.0004667006 1.9674422e-05 1.3613401e-06 1.8608128e-08 2.1114004e-06 0.00017522532 1.634226e-07 8.067604e-07 7.781262e-06 4.0270407e-08 7.9163925e-07 1.6238637e-07 6.0494773e-07 0.00077492115 1.326299e-06 1.7932616e-07 6.623857e-07 5.094697e-08 0.00041168783 8.171948e-05 2.5300744e-07 0.00015281675 1.5637714e-06 4.067297e-08 0.0018477605 9.826109e-07 1.6946813e-05 3.2828297e-07 1.5390532e-08 7.317513e-06 2.8960122e-07 5.998542e-09 1.4433606e-07 9.1583286e-05 8.874271e-07 4.691647e-08 1.0176115e-07 2.2910182e-08 0.00016844184 0.00091843284 2.0625772e-09 3.92202e-09 3.7860016e-07 6.8422615e-08 1.6033172e-07 2.891565e-08 7.4337426e-05 4.2203506e-08 6.0131333e-10
0.99593633 0.014705989 0.03503192 0.012129369 0.022827843 0.0021656493 0.0026362739 0.10328895 0.020020565 0.0033027453 0.00025693234 0.0011354795 0.63664246 0.008021661 0.0010648533 3.791878e-18 0.050299294 0.0028535891 0.00042773134 0.93402004 0.91913635 0.7483537 0.032447867 0.0064809388 0.2912565 0.124922305 0.0057532853 0.6986543 0.00012722917 5.1715753e-05 3.5853147e-05 0.44724926 4.7575472e-06 0.35624948 0.3130451 0.4093159 0.00015985059 2.941277e-06 0.26992527 1.8371563e-06 0.010802884 0.013869952 3.1747348e-07 4.572209e-06 9.7290045e-05 3.4260484e-05 0.00074309355 0.13710362 7.414625e-07 6.539962e-06 4.9017126e-07 1.2063024e-06 2.1155796e-07 6.2209146e-08 0.028681243 2.3791197e-06 0.006272242 5.9194315e-07 0.018893147 0.00027017153 1.4499028e-07 8.412106e-06 0.01614256 3.0403947e-07 0.03051109 2.4348951e-08 0.0026764602 0.0067858472 0.009740832 6.4900945e-08 1.171625e-08 1.2721922e-06 0.00531519 8.114278e-09 4.8172697e-06 0.00044407853 3.8098563e-07 8.712846e-08 1.1084522e-07 0.0007949735 1.7458702e-05 1.7379512e-05 0.0037170043 0.0004079268 1.0506026e-06 2.9921748e-06 0.0007232658 6.745513e-07 3.2633207e-07 3.940972e-06 9.200778e-07 5.14019e-07 1.69094e-06 1.8206054e-05 2.2126928e-06 3.4887416e-06 2.5230447e-06 0.000101000114 2.113973e-08 3.938141e-05 3.200379e-07
0.9999582 0.0023825588 0.003368103 0.0004303732 0.0019122662 9.846775e-05 0.0003091886 0.0055475025 0.014183725 0.007837574 2.8831268e-05 9.88703e-05 0.004972403 0.07006086 0.0013382154 0.050299294 2.3337958e-15 0.23981169 0.027929267 0.029254641 0.027189972 0.010656457 0.00026658655 3.8392907e-05 0.0009960191 0.6008059 0.9309836 0.0005380725 0.0023272356 0.043617263 0.64531237 0.018394891 0.06897442 0.00046621656 0.0021058794 0.0003212858 0.302557 0.48543137 0.00660515 0.10474612 3.3719593e-06 0.1480001 0.00034757121 0.30236286 0.3042978 0.10472844 0.045539767 9.397598e-05 0.68417853 0.19568439 0.21942835 0.024227958 0.14971378 0.19322976 0.020190755 0.12108152 0.019919006 0.048226237 3.050028e-05 0.008879852 0.043627456 0.051952425 0.0019488335 0.020058343 0.0007014044 0.02440385 0.0048980867 0.0005960593 1.597807e-05 0.005415882 0.010765099 0.0047029546 0.003365215 0.0004644448 0.0019104682 0.0007608918 2.3256027e-05 0.004066357 0.0007338019 0.00036545994 0.0015582767 0.0013031963 0.0007911159 0.001681596 0.00058681826 0.0053580967 0.0010616061 0.0005958078 0.00049078773 1.9632436e-05 0.0015992842 0.00015185283 0.00047505906 0.00024207348 0.0010890182 0.00125507 0.00043647634 0.0009112087 1.5449112e-05 0.00016421711 0.00017612499
0.99194807 0.00057978224 0.0005978481 0.0001546529 0.0006349113 0.00026727412 0.001053662 0.0010684788 0.11238408 0.035147678 2.7149172e-05 0.0010115512 0.0016515427 0.8995631 0.02148683 0.0028535891 0.23981169 1.3646906e-16 0.528921 0.001527702 0.0012548259 0.00047898115 0.00010929385 8.368669e-05 0.00021412905 0.022769434 0.025123367 0.0001626048 0.051433984 0.91719514 0.6549966 0.00027741824 0.8643091 1.24045855e-05 4.219118e-05 4.995264e-05 0.008189635 0.09592193 0.00016348706 0.2293922 1.3315999e-05 0.0013230952 0.07235185 0.052314077 0.0041855825 0.0022356934 0.0008685076 1.4027445e-05 0.026854152 0.0028293622 0.0047641494 0.1886913 0.1749641 0.014940074 0.0008621586 0.0011558338 0.0008210178 0.093700126 1.0459345e-05 0.0002027101 0.0072351275 0.00042010262 7.411317e-05 0.00033106116 0.00013710403 0.8172275 0.00046280512 3.98348e-05 0.00010062372 0.00014232055 0.27987504 0.044662826 0.00031831523 0.029195659 6.801734e-05 4.4190554e-05 0.14871742 0.0025219612 0.06802738 5.8007503e-05 6.064404e-05 0.00015545881 0.00016533707 2.5551519e-05 9.6802294e-05 0.0048208064 0.00019031795 0.000100131685 2.0165993e-05 1.0182192e-05 0.017738037 0.040165134 1.2606348e-05 1.5573696e-05 0.0016905749 0.0005738446 0.0009714453 6.8558125e-05 8.873984e-05 4.8155216e-05 3.2773303e-05
0.9483543 0.00032803716 0.0002879622 0.0053941137 0.0020113874 0.0023569579 0.01135987 0.00021137962 0.9122546 0.51852226 0.00019284824 0.046105433 0.00023860113 0.8891603 0.63126063 0.00042773134 0.027929267 0.528921 2.4001923e-16 0.00023105182 0.00018033125 7.2970174e-06 2.4314231e-05 2.5518591e-05 4.016695e-05 0.00026574277 0.0011579484 2.5289937e-05 0.9748905 0.5042783 0.020687643 3.72512e-05 0.08274636 1.4425123e-06 6.9580833e-06 5.1633283e-06 0.0006407401 0.0017544002 5.536094e-06 0.015820224 3.3436993e-06 4.6760608e-05 0.17693011 0.0025793177 8.352213e-05 4.100169e-05 7.5338353e-06 5.443296e-07 0.00012174647 2.3112088e-05 2.8046663e-05 0.0045348178 0.0008117507 6.267957e-05 1.2370309e-06 2.8450868e-05 1.4043982e-06 0.0004864416 2.0198452e-06 5.927764e-07 2.403511e-05 7.2453935e-07 3.1901634e-06 7.935127e-06 3.27688e-07 0.009281104 1.6090522e-05 7.725299e-07 1.0323667e-05 1.6227374e-06 0.0039379294 0.00016778035 1.9575778e-06 0.00025874874 1.9443826e-06 3.7338675e-06 0.0152805615 4.606971e-06 0.00019235689 2.2604888e-06 3.4825157e-06 3.7326395e-06 1.1792922e-05 8.5047935e-07 3.5309429e-06 0.0009776999 1.7718086e-05 8.023688e-06 5.2980163e-06 4.18771e-05 0.0012752541 0.0055574467 1.2008011e-06 1.9902447e-05 0.0005076811 2.5010706e-05 0.00039641542 1.1758647e-05 0.0004873617 2.2415024e-05 1.0215597e-06
0.95313233 0.004147995 0.012459226 0.00494522 0.008131985 0.0008297385 0.00071952527 0.06954864 0.0049978644 0.001310671 0.00025956085 0.0004313836 0.32835674 0.0026852116 0.0002801185 0.93402004 0.029254641 0.001527702 0.00023105182 3.4513758e-16 0.9411844 0.9165506 0.021677788 0.0016216745 0.1261288 0.23996583 0.010268927 0.5836679 2.5376645e-05 4.0975738e-05 7.889983e-05 0.58491516 1.396679e-05 0.38647732 0.36936173 0.29073304 0.0010488948 3.701334e-05 0.35990497 1.17533555e-05 0.009070159 0.01218406 5.952929e-07 3.2975928e-05 0.0005769595 0.00024627682 0.00086763094 0.16948254 7.170543e-07 3.3498865e-05 3.064944e-06 2.3494251e-06 8.1262044e-07 9.0202334e-08 0.06505448 3.864352e-06 0.010415679 1.2832859e-06 0.027351882 0.00017797181 3.3001882e-07 5.4012476e-06 0.020035597 6.447894e-07 0.04351937 3.6084803e-08 0.0054976456 0.00723241 0.016313758 1.6818942e-07 1.1491194e-08 1.8843715e-06 0.00826207 7.270277e-09 6.7498604e-06 0.000290782 1.965707e-07 1.6230352e-07 4.0021493e-07 0.0010631743 8.094806e-06 3.5733163e-05 0.006909139 0.00055952824 1.0210971e-06 5.27871e-06 0.0021893254 3.425329e-07 4.23756e-06 4.5804725e-05 5.8831347e-06 1.201889e-05 7.869487e-06 0.00013326449 1.4843476e-06 1.2285471e-06 1.124285e-06 0.00036221862 2.7015668e-07 0.00015486396 1.4791706e-07
0.94373274 0.0039251097 0.012498688 0.004157307 0.00770312 0.00075587427 0.00053387723 0.057962667 0.0033906156 0.00090569304 0.00023757482 0.00023581977 0.282979 0.0020064954 0.00016615143 0.91913635 0.027189972 0.0012548259 0.00018033125 0.9411844 2.768343e-16 0.9541043 0.020985516 0.001448853 0.11142001 0.22063242 0.009569706 0.6158842 1.1115147e-05 3.0981446e-05 7.490403e-05 0.68707806 6.0584634e-06 0.41669306 0.41148993 0.32857594 0.0010912075 2.0666475e-05 0.40042058 6.5430945e-06 0.013323144 0.014453622 2.4468892e-07 2.3401371e-05 0.0007121534 0.00025052112 0.00093026145 0.26297167 6.6405795e-07 3.3521526e-05 4.445497e-06 1.5986125e-06 5.385049e-07 1.0602192e-07 0.089767754 5.3781127e-06 0.016127171 7.215881e-07 0.041768827 0.00019790277 5.4401096e-07 8.404785e-06 0.034972616 6.48935e-07 0.0656461 4.7795208e-08 0.008542077 0.010350676 0.032227203 3.2830204e-07 9.224421e-09 2.755196e-06 0.016821958 5.3696687e-09 5.994645e-06 0.00042601686 1.3575861e-07 1.9927172e-07 3.9853262e-07 0.0018878235 1.230134e-05 4.862208e-05 0.010886231 0.0008522479 7.9809706e-07 5.664747e-06 0.004351252 3.977277e-07 6.8415247e-06 4.8660586e-05 2.3472594e-06 7.4663863e-06 7.577949e-06 0.00014050132 1.2944527e-06 1.3485027e-06 1.3040318e-06 0.00035873923 1.4983577e-07 0.00015570452 3.8689814e-07
0.89632386 0.0011086818 0.003624441 0.00066891336 0.0020532769 6.602895e-06 3.4911227e-05 0.019773407 0.00077955896 7.803169e-06 7.168909e-05 4.1672996e-07 0.12229652 0.00051229005 3.8500372e-07 0.7483537 0.010656457 0.00047898115 7.2970174e-06 0.9165506 0.9541043 2.5143726e-16 0.011764839 0.00055000937 0.076547936 0.3594497 0.0044002263 0.540234 5.1565104e-07 1.8044856e-06 1.2839964e-05 0.8815756 9.2467053e-07 0.4842131 0.6064569 0.23398644 0.0010287658 3.5667604e-06 0.4639712 2.7638987e-06 0.0044285776 0.02885097 1.1129838e-07 7.5036332e-06 0.0017766758 0.00040487468 0.0011930341 0.20654269 1.8295055e-06 5.53284e-05 4.4868502e-06 8.55368e-07 7.785132e-07 3.0307112e-07 0.1011138 1.852969e-05 0.02026345 2.4778597e-06 0.02923058 0.0003936408 2.3067576e-06 1.2524131e-05 0.05077634 2.0376003e-06 0.05611374 1.2070016e-07 0.013680723 0.013590002 0.019549321 6.865456e-07 4.0387327e-08 1.9330284e-06 0.01680135 7.877929e-09 4.8141854e-05 0.001197135 2.838585e-07 2.0102588e-07 3.1504615e-07 0.0033613646 6.310452e-05 0.00015747383 0.010511595 0.0008462715 7.225156e-07 9.78229e-06 0.011326617 1.0277679e-06 1.1802586e-05 3.2295648e-05 7.7299495e-07 7.461044e-07 3.2426316e-05 0.00018938263 1.8690298e-06 8.3117516e-07 2.9894195e-06 0.00060842646 4.5865853e-08 0.00012741264 1.33185895e-05
0.39320415 0.004571359 0.019335208 0.033976037 0.041133925 0.0010090356 0.0003941008 0.64020795 0.00081937213 0.00015621005 0.29374337 0.00014388302 0.50962436 0.00025969013 2.0661273e-05 0.032447867 0.00026658655 0.00010929385 2.4314231e-05 0.021677788 0.020985516 0.011764839 9.1451084e-14 0.9851578 0.9895767 0.00018583833 6.944536e-05 0.3191607 7.4334553e-06 4.4297453e-06 6.7969347e-07 0.00035828468 2.1708445e-07 0.0062958146 0.0016129294 0.026822992 0.00013886245 3.6033998e-07 0.00022796376 1.05880865e-07 0.6421044 3.8042326e-05 9.2932675e-07 1.9691352e-07 6.152128e-06 1.7534433e-06 8.823684e-06 0.018089605 5.8605504e-08 8.8229143e-07 8.985958e-08 3.4305845e-08 2.9300333e-08 1.6549434e-08 0.00026182676 1.6682804e-07 8.298351e-05 3.4723872e-08 0.0097275935 2.9601138e-06 2.6220667e-07 2.2717582e-07 0.0006470184 1.6635263e-06 0.0023259323 3.5222877e-07 0.00014861496 0.00077918696 0.015524029 2.8984851e-07 9.8995734e-08 6.539532e-06 0.00028761255 2.647346e-09 4.76789e-06 3.7834159e-06 7.684046e-08 7.596168e-06 1.22872e-07 0.0008438779 4.389668e-06 3.2234982e-06 0.0004093586 2.5544183e-05 1.7701028e-05 0.000117076284 6.5009146e-05 9.268746e-08 1.6830036e-08 0.00029058324 3.4336547e-06 1.7724302e-07 1.5649402e-05 5.576495e-07 8.7799714e-07 3.6176684e-07 9.593455e-07 3.3465596e-05 1.4635644e-07 2.3940274e-06 2.6447318e-09
0.48155776 0.019791838 0.07042506 0.15325888 0.082514815 0.003696022 0.0012106365 0.5870152 0.0022679747 0.0004880801 0.9814616 0.0005149326 0.3515492 0.0002566147 4.232207e-05 0.0064809388 3.8392907e-05 8.368669e-05 2.5518591e-05 0.0016216745 0.001448853 0.00055000937 0.9851578 5.010626e-15 0.7048934 3.8275044e-05 2.2517643e-06 0.036244124 5.4256e-06 8.6416003e-07 5.5721493e-08 3.760769e-05 9.177599e-09 0.00051950803 0.000114157185 0.0075758398 6.022316e-06 1.4779906e-07 1.950475e-05 6.140504e-08 0.7676186 1.5254206e-07 1.0645562e-06 1.1697801e-07 1.5719554e-07 1.08555625e-07 1.9513884e-07 0.004689228 4.492418e-09 1.3756417e-07 1.1703318e-08 1.6501712e-08 2.1584446e-08 8.478393e-09 2.336179e-05 3.8219873e-08 1.1073665e-06 2.8557903e-08 0.0031522815 1.4279713e-07 3.0949977e-08 6.713015e-09 0.00021265629 1.6688357e-07 0.0015549974 2.9269572e-07 1.5791724e-05 0.00038310394 0.011141431 3.6532732e-08 2.552621e-07 1.874306e-06 0.00021896377 3.957096e-09 8.8438475e-07 2.9262776e-06 4.1141442e-07 1.0414221e-06 4.2884306e-08 0.0010874444 9.596263e-07 3.611822e-07 0.00011445685 1.45243675e-05 1.4814035e-06 1.4054039e-05 9.8448645e-06 3.3928874e-08 1.1288359e-08 0.0006593033 2.1276162e-07 1.6836658e-07 4.7490365e-05 3.1409755e-07 1.1148768e-07 5.351156e-08 2.0592265e-07 6.36769e-05 3.310846e-09 1.9420233e-06 7.898512e-09
0.5658391 0.0010496977 0.008374954 0.011448802 0.074665666 0.0002967412 0.00013111747 0.84597564 0.00074406574 6.354325e-05 0.07575714 1.9807392e-05 0.8273784 0.00028731948 6.5550985e-06 0.2912565 0.0009960191 0.00021412905 4.016695e-05 0.1261288 0.11142001 0.076547936 0.9895767 0.7048934 3.986321e-13 0.00036323108 0.00016194429 0.88705754 5.679314e-06 1.0811426e-05 2.536548e-06 0.0012573312 4.8422686e-07 0.08084738 0.009191865 0.28500894 0.00022498582 6.415496e-07 0.0008020904 2.913634e-07 0.85179096 0.00012518036 1.1677164e-06 1.2638776e-07 2.6276239e-05 1.5083607e-05 3.2134172e-05 0.051068436 2.5334376e-07 2.5364438e-06 7.4152547e-07 6.434641e-08 5.648272e-08 1.4531253e-07 0.00063837937 1.9173528e-06 0.00010426337 5.364983e-08 0.014238465 1.3577791e-05 4.0536565e-07 3.430213e-07 0.0011183858 5.6968247e-06 0.00486139 6.812658e-07 0.00021430208 0.0015283249 0.03456094 1.3301154e-06 3.16651e-07 1.414049e-06 0.0012753111 1.7537827e-08 2.8202634e-05 4.0210412e-05 1.9528045e-06 4.173299e-06 1.0725905e-06 0.0015754006 5.107887e-06 5.7980906e-05 0.0012142835 7.2929586e-05 2.9086701e-05 0.00011612366 0.00013681459 5.849542e-07 7.4016754e-07 0.00028202083 4.6010282e-05 8.269577e-07 5.7967914e-05 2.4230678e-06 6.5379354e-06 2.0263366e-05 4.937866e-06 0.0001388688 5.301064e-06 2.4355237e-05 1.5764277e-07
0.99904126 0.0007560621 0.0030705144 0.0005548243 0.0032261878 8.059692e-05 8.296997e-05 0.00089677074 0.010133022 0.0011556465 1.3038247e-05 8.443102e-05 0.008000712 0.013365127 6.053812e-05 0.124922305 0.6008059 0.022769434 0.00026574277 0.23996583 0.22063242 0.3594497 0.00018583833 3.8275044e-05 0.00036323108 2.3719847e-16 0.5120466 0.0035594346 8.832512e-05 0.00015489824 0.011235011 0.652719 0.00023430526 0.02262572 0.1301612 0.020300945 0.13304912 0.005299538 0.47507042 0.0003190328 0.00012692112 0.94971776 1.004699e-06 0.0025759905 0.28820357 0.06562971 0.1860936 0.0023217835 0.0006124869 0.014415759 0.0006755277 1.3581145e-05 6.467337e-05 3.135663e-05 0.28170758 0.0015421842 0.37379926 5.015705e-05 0.00044441194 0.043095738 1.6899316e-05 0.005671405 0.047708202 0.0001858722 0.0049511567 5.9411745e-06 0.10218152 0.0017116166 0.00024543508 1.4830693e-05 4.1811395e-06 1.3163398e-05 0.002287349 3.1542612e-07 0.00050883397 0.02029478 1.2450078e-06 1.3921023e-06 4.034891e-06 4.5489902e-05 0.0012577372 0.007977543 0.0049571497 0.00039619752 5.7794277e-06 2.0044756e-05 0.025514731 1.7656805e-05 0.00013288906 1.1133048e-06 1.6379777e-06 2.9084924e-07 1.4306288e-06 0.001001622 4.7055585e-07 1.9398651e-06 1.4726173e-07 0.00011459786 7.693871e-08 8.456447e-05 1.4997945e-05
0.9793621 0.00065813167 0.0014822324 0.00012510779 0.0004416096 4.043007e-06 6.667101e-06 0.0004222864 0.0038697168 0.0005989849 3.2655482e-06 2.5578422e-06 0.0011960606 0.0070676645 7.527203e-05 0.0057532853 0.9309836 0.025123367 0.0011579484 0.010268927 0.009569706 0.0044002263 6.944536e-05 2.2517643e-06 0.00016194429 0.5120466 4.00487e-17 0.00014693034 6.61883e-05 0.0014208568 0.08687196 0.019472092 0.0009947637 0.00015518506 0.0012673328 5.7424448e-05 0.98065674 0.10476437 0.014567893 0.008520903 4.582443e-07 0.15355594 1.1453596e-05 0.075310275 0.5051764 0.47338733 0.08258065 2.3313873e-05 0.40862715 0.34816518 0.07573025 0.00049356034 0.024768211 0.04653695 0.023394126 0.089848384 0.056840252 0.0066670254 6.264159e-06 0.037727308 0.0057098684 0.09781314 0.0016325281 0.0029271727 0.0005511462 0.0010123135 0.008410186 0.00056465284 5.9940595e-07 0.0008930983 0.0002914322 0.0004853846 0.000296589 1.1368008e-05 0.0064040623 0.00088392023 9.026693e-07 0.00070144585 9.269635e-05 6.0902755e-07 0.002077724 0.0026408674 0.00036253137 0.00019802587 7.413664e-05 0.0008445079 0.00062883587 0.00018161115 0.00027943493 3.9205958e-07 2.467924e-06 4.2693214e-06 4.138142e-06 0.00015647546 9.4407136e-05 8.400703e-05 1.956211e-05 5.2859166e-05 3.0014013e-07 3.1141466e-05 7.28179e-05
0.83848417 0.001978455 0.0043217367 0.0073916106 0.010325938 0.00019900007 0.00013120742 0.65307724 0.00069182966 7.953079e-05 0.014153107 3.1094547e-05 0.9095963 0.0002095565 4.6725722e-06 0.6986543 0.0005380725 0.0001626048 2.5289937e-05 0.5836679 0.6158842 0.540234 0.3191607 0.036244124 0.88705754 0.0035594346 0.00014693034 1.26173435e-14 5.664523e-07 2.1640985e-06 5.9613086e-07 0.029615248 7.4283946e-08 0.8320343 0.23678797 0.93387586 0.00012558117 3.6988212e-07 0.029670332 1.4042134e-08 0.63194996 0.00033984662 1.5075756e-07 1.5736983e-07 1.7510813e-05 6.4834635e-06 3.0869196e-05 0.6326244 5.818968e-07 1.290421e-06 4.638047e-07 6.628637e-08 6.6347205e-08 5.3617708e-08 0.005636298 2.8492002e-07 0.0006656952 7.163643e-08 0.12760037 1.1477105e-05 9.249408e-08 6.937138e-08 0.0049685067 2.3872002e-07 0.059271842 6.607692e-07 0.00058118725 0.014136785 0.17381611 1.2543985e-07 1.499171e-07 1.5629709e-06 0.010482094 2.8445246e-09 3.9270303e-06 0.00010608915 2.337143e-06 1.8827484e-07 1.504852e-07 0.010259935 3.5739347e-06 1.1618086e-05 0.0065079145 0.0005303924 3.5657433e-06 3.085913e-05 0.0005794694 3.1367546e-07 2.8395948e-07 0.00061747286 2.2770551e-05 3.223586e-07 6.0314007e-05 4.6921036e-06 1.3481529e-06 1.1055375e-05 1.2140813e-06 0.0003882057 2.9558163e-07 0.00019152164 5.110642e-07
0.8882202 0.0009324789 0.0015596267 0.0055111917 0.003237476 0.012135791 0.025940184 0.0002283184 0.33828637 0.4592528 9.82745e-05 0.13101165 7.363459e-05 0.21520129 0.8601843 0.00012722917 0.0023272356 0.051433984 0.9748905 2.5376645e-05 1.1115147e-05 5.1565104e-07 7.4334553e-06 5.4256e-06 5.679314e-06 8.832512e-05 6.61883e-05 5.664523e-07 4.5761535e-15 0.5063611 0.0060475427 3.8311632e-07 0.045559414 1.5428975e-08 1.0895757e-08 2.7418503e-07 0.0002011988 0.0013814963 4.6653586e-08 0.0070232647 1.1117479e-05 4.1783333e-06 0.8630721 0.0015257982 4.6075593e-06 1.759712e-06 4.2607533e-07 4.9827627e-06 0.00013330033 3.5863184e-06 1.2954993e-05 0.020033108 0.003274249 0.00012768937 4.068977e-06 1.6132985e-06 6.587115e-06 0.002333018 4.4254048e-06 1.594944e-06 5.5704095e-05 9.862894e-07 2.0648574e-06 6.5718605e-06 1.4230488e-05 0.09083229 1.0993396e-05 2.2970983e-06 0.0011277853 2.3380371e-06 0.060600914 0.00088675343 1.0350985e-05 0.009016739 8.5367463e-07 5.268468e-07 0.2201964 2.4189061e-05 0.0010825841 3.2420642e-06 3.7541554e-06 1.5582126e-06 7.0364918e-06 4.7119465e-06 1.00302e-06 0.00084091746 3.5526195e-05 3.8250832e-06 1.6502547e-06 2.2803442e-06 0.004469524 0.052066967 1.3164923e-06 2.568299e-06 0.00020229083 2.641915e-06 0.00022810185 3.0243766e-05 0.003495531 4.4040926e-06 9.017804e-07
0.97186023 4.939281e-05 7.878164e-05 0.00039140435 0.00035916202 0.0001965667 0.0018011814 6.903464e-05 0.30981714 0.06193813 1.1947146e-05 0.00420935 8.9668734e-05 0.88595843 0.047909595 5.1715753e-05 0.043617263 0.91719514 0.5042783 4.0975738e-05 3.0981446e-05 1.8044856e-06 4.4297453e-06 8.6416003e-07 1.0811426e-05 0.00015489824 0.0014208568 2.1640985e-06 0.5063611 1.2902471e-14 0.090449646 1.256265e-05 0.5431917 6.513981e-08 3.5580376e-07 1.8942713e-07 0.001097132 0.0041340794 9.432282e-07 0.22176 3.4100756e-07 2.91842e-05 0.95838374 0.006222849 9.832521e-05 3.7727885e-05 4.5155466e-06 3.9028163e-07 0.00045339874 4.362872e-05 0.0001336301 0.12004527 0.009734815 0.00025748543 3.3846675e-07 3.685923e-05 2.856572e-06 0.01714259 1.3242893e-06 5.72198e-06 0.000256211 1.7769613e-05 3.853323e-06 1.260636e-05 8.4472975e-07 0.5316114 4.9855435e-06 7.5360805e-07 3.114013e-05 1.108354e-05 0.27257338 0.0083145555 1.3726448e-05 0.041668642 2.3896866e-06 5.184847e-06 0.27965286 0.00023677434 0.033138692 1.7293432e-06 8.1483495e-06 8.67995e-07 2.311889e-06 1.3399803e-06 2.0671028e-05 0.0016188308 1.5817663e-05 6.684348e-06 2.7157184e-06 6.7990973e-06 0.007494137 0.100026585 2.6603414e-06 6.6214466e-06 0.0013963092 5.870326e-05 0.0010820066 1.3477937e-05 0.0007304039 9.03177e-06 5.526285e-07
