1.3632055e-27 0.95482445 0.42356953 0.13465364 0.70959383 0.8818359 0.9074758 0.9107696 0.86210746 0.92754805 0.78195775 0.92602515 0.7789237 0.5116801 0.9605524 0.989085 0.9478141 0.9092567 0.94660133 0.95858693 0.97750574 0.36283416 0.9980296 0.7546048 0.91570145 0.9614227 0.87471354 0.2134432 0.5963015 0.99979746 0.98021036 0.06510604 0.8495211 0.8062537 0.9386515 0.5759 0.97163326 0.9436474 0.86741346 0.5022231 0.94958633 0.92163014 0.64661777 0.9843186 0.98034793 0.8654824 0.40903345 0.99982613 0.9278043 0.0067321598 0.9997666 0.9230217 0.9136425 0.008351173 0.004680259 0.80583745 0.019277543 0.0030131906 0.8197395 0.92534786 0.68394655 0.77996635 0.43748045 0.9999271 0.60979927 0.6212854 0.72469974 0.9372077 0.98904645 0.06467256 0.97144544 0.94300425 0.43503204 0.91088486 0.39720643 0.1302782 0.86159444 0.97173893 0.13283616 7.985866e-05 0.005939176 0.8444519 0.8978548 0.17355826 0.020230127 0.00031759538 0.12060669 0.8087937 0.0074025057 4.568005e-05 0.009427632 0.2337871 0.002034193 4.1309166e-05 0.4040236 0.0037471433 0.031968344 0.82176 0.004910474 0.24699105 0.0010595311
0.95482445 2.818415e-15 0.5551252 0.0964546 0.005517902 0.9554364 0.94134736 0.9458812 0.6612723 0.44326076 0.42047313 0.074947625 0.492593 0.26368874 0.18172735 0.6290647 0.3569768 0.0012188605 0.2749349 0.26131096 0.09900781 0.11237411 0.4186952 0.22174802 0.020840432 0.0062496928 0.12781452 0.0515834 0.036250073 0.018718882 8.509598e-05 0.042593136 2.2165315e-05 0.00038757734 0.009072266 0.02032 0.0012676097 0.00059286103 0.0002745748 0.010043615 0.001054683 2.6748446e-06 0.0009858722 1.0854585e-06 3.9148534e-05 1.4073534e-06 0.0012490806 0.0016629775 1.2177537e-06 0.005808601 0.00043656086 0.0003384176 1.7297845e-07 0.0011495514 0.00096677284 2.3464806e-06 0.00019429276 0.0014520359 4.1569635e-07 5.755576e-05 3.18589e-07 1.7644727e-08 6.1040187e-06 0.0003965977 8.3114614e-08 2.6264315e-05 9.63519e-09 8.233587e-06 1.5621295e-05 4.0216125e-07 3.7933674e-07 2.9428369e-08 6.8707714e-06 7.10716e-09 3.4203595e-08 9.225315e-06 2.3995247e-08 5.1862316e-06 2.3641219e-08 7.137489e-05 1.8713512e-05 1.9992519e-09 8.4843625e-09 3.565264e-08 2.476343e-06 2.9472116e-05 1.1888939e-05 1.8135707e-06 2.5981917e-06 1.3586573e-05 6.076412e-08 8.041196e-07 9.025866e-07 3.4296932e-05 5.912542e-09 4.9232207e-05 1.7424966e-07 2.7254805e-07 2.018064e-08 7.022661e-06 2.7484262e-07
0.42356953 0.5551252 3.903634e-15 0.9943091 0.8744673 0.2532084 0.9436007 0.32789186 0.07609917 0.012006987 0.03054187 0.001113476 0.010513504 0.0027957046 0.0022570102 0.7131571 0.052834425 0.61309206 0.07128997 0.10306912 0.8095545 0.00353542 0.24416909 0.0012396752 0.0020289076 0.0016230935 0.0005459473 0.0017064614 0.00018182951 0.00050821615 4.7472073e-05 0.0003559022 7.8830795e-05 0.00026335864 5.5265802e-05 0.0001540241 0.002132689 0.0009733241 0.00018558773 0.00013922752 0.00057246065 2.4718849e-05 0.0022709223 1.8448862e-05 0.00035495477 6.2963695e-06 0.00021849673 0.009665733 1.9027757e-05 0.0014764214 0.001518726 0.00012041521 1.2849102e-05 0.00013138032 4.1774627e-05 0.000114094815 1.8285835e-05 0.0003771294 4.466986e-05 0.00020775209 1.2386558e-05 5.1767904e-07 3.9281298e-05 0.00042033687 9.73298e-06 0.00018366116 2.2811337e-06 0.00015797532 0.00023501534 1.2289404e-05 3.229368e-05 8.313737e-06 0.000149755 5.775546e-07 9.608974e-07 8.9049616e-05 3.4824457e-06 0.00013483985 1.1500128e-06 0.00014419499 9.322819e-05 1.2034873e-06 1.2820258e-06 1.7808759e-06 4.696321e-06 1.9452737e-05 3.4279863e-05 2.5056877e-05 7.2975604e-06 1.4957464e-05 6.482839e-06 5.405994e-06 8.969076e-06 4.2432052e-06 3.326256e-07 0.00034442992 2.1697848e-07 8.216906e-07 3.6754358e-08 7.30601e-05 8.7881654e-07
0.13465364 0.0964546 0.9943091 8.1076437e-16 0.9980764 0.042714003 0.4838172 0.014374622 0.015417799 0.00079459755 0.0073013096 9.603844e-05 0.002502433 0.0009605366 0.00024299754 0.25901434 0.008006173 0.5600738 0.006564122 0.00874355 0.49172765 0.0013375907 0.019618634 0.00026636999 0.000639592 0.0002770024 0.00013923534 0.00050164753 3.8157432e-05 0.00016918693 5.485986e-06 0.00013400646 8.520499e-06 4.1459534e-05 1.6370961e-05 2.116074e-05 0.0032299284 0.00266917 1.7054745e-05 2.6613627e-05 0.0013957017 2.2590862e-06 0.011541056 2.4243504e-06 8.1601655e-05 5.852751e-07 9.616239e-06 0.00511518 4.813568e-06 0.0006351602 0.0004079087 5.6862295e-06 1.0305091e-06 1.417885e-05 4.1411463e-06 1.1425165e-05 1.1552685e-06 4.6713718e-05 3.3025199e-06 0.0008048792 4.249764e-07 6.228002e-08 1.2601486e-06 0.00028249997 3.384285e-08 0.00056349515 1.5659127e-08 1.3120133e-05 0.0001059478 1.5897567e-06 3.994521e-06 2.4899228e-07 8.318567e-06 3.569224e-08 1.2304899e-08 4.6234454e-06 5.8654038e-08 8.615459e-05 1.23263e-08 6.1029714e-06 1.1230489e-05 4.890774e-08 5.427259e-07 6.934119e-09 7.000101e-08 4.9499994e-07 2.2008118e-05 1.2212486e-06 1.6379122e-06 7.881203e-06 4.4287967e-07 4.02313e-06 5.88527e-07 1.3324343e-07 1.3691023e-08 7.3919057e-07 3.1108274e-09 6.8235074e-08 3.414346e-10 1.525054e-07 3.0856555e-08
0.70959383 0.005517902 0.8744673 0.9980764 8.677878e-17 0.0042235707 0.06571432 0.0005192388 0.008359939 4.1476225e-05 0.0033314296 1.2523636e-06 0.0006309724 0.0002878469 3.973353e-05 0.3926864 0.0018378856 0.95991343 0.001731909 0.0018610483 0.57083696 0.0008747228 0.0088052545 9.590572e-05 1.5688644e-05 5.673663e-06 7.0687015e-06 0.00012957754 5.975812e-07 2.7498563e-06 9.661304e-09 2.955619e-05 2.6660083e-09 2.5170206e-07 1.4390517e-07 8.465648e-08 0.050861884 0.03871136 3.426665e-07 2.0980215e-07 0.01838704 6.1940376e-08 0.15368706 2.5609281e-09 7.81248e-07 6.9811232e-09 1.0798545e-07 0.024635118 2.4584983e-07 0.00010702782 5.1154988e-05 5.651893e-08 8.654062e-09 4.265408e-07 4.887238e-07 6.6716225e-08 2.405945e-08 7.588421e-06 4.000703e-09 0.004187525 2.6082223e-09 2.0328582e-10 1.3007303e-08 0.003565577 8.8744356e-10 0.0028776426 2.6030957e-11 8.162846e-06 0.00017640166 1.3672295e-07 4.3072934e-08 1.6635443e-09 7.941599e-08 9.721486e-10 1.3798811e-10 1.1248818e-07 3.0052423e-09 0.0006630642 1.9811743e-10 9.0830474e-07 9.575013e-08 1.1574817e-10 1.1320378e-08 7.481624e-10 1.2857013e-08 1.6452302e-07 0.00010485506 1.3524424e-06 8.1060065e-08 1.5570051e-06 1.2392188e-08 7.9528587e-07 3.414252e-08 1.4940113e-07 1.3944115e-10 5.663286e-07 1.3440928e-11 2.5907781e-10 6.273341e-12 3.0140267e-08 2.9234185e-08
0.8818359 0.9554364 0.2532084 0.042714003 0.0042235707 8.762202e-17 0.5839342 0.8151088 0.9709256 0.6138363 0.67996585 0.24777754 0.7673389 0.7179253 0.10014076 0.16949229 0.14061077 0.0016193828 0.078111105 0.05199601 0.052443855 0.24420397 0.07103827 0.50377023 0.036822375 0.0048608454 0.288162 0.08745414 0.12373425 0.0033023863 0.00025657602 0.13556923 5.6288013e-06 0.00031345108 0.0041331258 0.054906715 0.0046331827 0.002141744 0.00025736858 0.022471575 0.00074142724 2.890829e-06 0.0027391363 6.7332576e-07 4.859988e-05 8.788655e-08 0.01152336 0.0024084041 3.5326307e-06 0.027990295 0.0001925294 0.0014267811 1.5551612e-07 0.006597838 0.0041940073 3.2843388e-07 0.004169946 0.0066187987 3.521354e-07 7.81573e-05 1.0563834e-08 4.7602584e-09 1.3992559e-07 0.00058616773 3.4762998e-10 0.00014541409 6.8024236e-10 3.746664e-05 6.406521e-05 1.1517345e-05 3.8587376e-07 7.581613e-08 1.7538097e-06 5.015367e-08 1.2651046e-08 2.7283415e-05 2.8580136e-08 1.9626128e-05 3.5284955e-08 9.3192735e-05 7.435458e-05 1.7605192e-08 7.0947166e-08 1.7367228e-08 1.3298846e-06 6.3462066e-06 6.954266e-05 5.0362646e-06 1.3000017e-07 1.4846784e-05 5.0304273e-08 1.9965713e-05 9.810719e-08 1.5450629e-05 3.7988954e-09 1.1518464e-05 5.962124e-08 2.4217172e-07 3.0071615e-10 2.853068e-06 2.561979e-07
0.9074758 0.94134736 0.9436007 0.4838172 0.06571432 0.5839342 2.0247692e-15 0.8954151 0.34625265 0.43958285 0.16286172 0.03871965 0.17837062 0.086335726 0.09695368 0.86559325 0.7568039 0.03284113 0.6566787 0.63020647 0.7271888 0.03334546 0.64013106 0.059063576 0.017655425 0.0049226247 0.036488876 0.008760026 0.014515528 0.005253853 0.00014573548 0.008637663 0.00024260621 0.0010901518 0.0016727094 0.002639008 0.0048883595 0.0063175727 0.0009015673 0.00095873687 0.0024697774 9.09965e-05 0.0064506778 2.9899313e-05 0.00017288732 1.8963863e-05 0.0003719172 0.0037549688 6.1562596e-06 0.0024388186 0.0007883899 0.00034552562 1.4635617e-05 3.634427e-05 1.052624e-05 0.00018215597 1.7285797e-06 0.00068480923 3.311186e-06 0.0017971378 2.0827777e-06 4.294269e-07 6.9793296e-06 0.00059883494 2.6638139e-08 0.000567732 3.5268812e-08 9.344396e-05 0.00031812495 8.847686e-07 1.0270247e-05 5.406468e-06 2.3564788e-05 1.8325945e-06 1.9134335e-07 9.399143e-06 2.1149635e-06 0.00019530467 3.8278253e-07 4.7100082e-05 5.3583467e-06 1.55864e-07 1.8582788e-06 3.3295217e-07 3.7082923e-06 3.4602603e-05 0.0002069597 0.00012163076 2.480114e-07 6.13899e-05 3.3948427e-06 0.00010406557 1.334597e-06 4.9158178e-05 5.6534564e-08 0.0012650843 6.938078e-08 4.8376182e-06 2.6652052e-09 1.5804366e-05 1.9260874e-06
0.9107696 0.9458812 0.32789186 0.014374622 0.0005192388 0.8151088 0.8954151 2.2088316e-18 0.5589799 0.94980925 0.18793021 0.33791828 0.5146533 0.36517373 0.6217733 0.39012754 0.7417063 0.00016772051 0.51338387 0.4380245 0.07069727 0.035718814 0.41449213 0.26251748 0.051110413 0.046621572 0.19691421 0.010341819 0.05362898 0.019586364 0.0009164035 0.014265063 0.00016703685 0.0014636631 0.017856933 0.018067157 0.0011096565 0.0010518518 0.0008716758 0.010971398 0.0006612395 2.322079e-05 0.0006512186 6.394559e-06 0.00015249777 3.267065e-06 0.004156195 0.0007949678 8.101868e-07 0.0038632029 0.0009823908 0.0030403414 3.678783e-07 0.00039987068 0.00016954048 2.0487469e-05 0.00035151705 0.0001411776 2.4489125e-06 3.8988437e-05 5.1113534e-07 8.704225e-08 4.7298245e-06 0.00017100878 1.3675469e-08 1.11221125e-05 2.2807722e-08 2.5807114e-05 3.358165e-05 2.662143e-06 6.3227884e-07 1.6099179e-07 6.664997e-06 2.0374989e-08 6.7042144e-08 9.074177e-06 1.4783746e-08 4.644627e-06 5.254646e-08 8.907837e-06 8.99939e-06 1.5975187e-09 7.594926e-09 4.1213912e-08 1.8774269e-07 1.5183647e-06 5.2130486e-06 9.928264e-07 4.073137e-07 5.041005e-07 1.3509778e-08 4.9847137e-07 6.290751e-08 9.001891e-07 2.7808529e-09 3.2745452e-06 1.0342729e-08 5.2331526e-08 2.5209312e-09 2.1162819e-07 4.465203e-08
0.86210746 0.6612723 0.07609917 0.015417799 0.008359939 0.9709256 0.34625265 0.5589799 2.6836424e-15 0.31840178 0.9717136 0.10773356 0.7833 0.64133084 0.048097793 0.081893474 0.058070976 0.0020697203 0.027816912 0.021361452 0.03125384 0.6302713 0.028805077 0.6279757 0.00933451 0.001269753 0.40366057 0.31857157 0.31444323 0.0014980814 0.00011565946 0.5403884 4.6344994e-06 6.02074e-05 0.00616152 0.3056218 0.003428114 0.0013885681 7.653582e-05 0.094470695 0.0003712496 1.436765e-06 0.002243711 3.069784e-07 6.8630443e-06 2.1953092e-07 0.05043707 0.0009085469 5.3168014e-07 0.08649025 0.00012962167 0.0020292075 8.005871e-08 0.018129813 0.014641002 1.1267773e-06 0.024040774 0.010955156 4.0335152e-07 0.00010130514 1.1981523e-07 1.6930876e-08 3.1505155e-07 0.00053724565 2.2900398e-08 0.00015190932 5.434592e-09 8.2234255e-06 2.2139162e-05 1.5172696e-05 2.9101403e-07 1.2132669e-07 2.2169024e-06 2.6879809e-08 4.6484466e-08 1.1083686e-05 1.5155766e-08 1.0946287e-05 4.1349818e-08 0.00034010777 0.0001493901 3.225108e-07 1.030686e-06 3.8799538e-08 1.3926476e-05 8.076788e-05 0.00019595223 9.8071005e-06 5.344055e-07 7.081984e-05 1.1363271e-07 4.126062e-05 8.1387025e-06 5.5293218e-05 2.089883e-08 0.00019548951 2.3846565e-07 3.2038345e-06 1.2758467e-08 3.643377e-05 3.8000442e-05
0.92754805 0.44326076 0.012006987 0.00079459755 4.1476225e-05 0.6138363 0.43958285 0.94980925 0.31840178 9.96305e-19 0.10927474 0.9314917 0.64010835 0.47228923 0.95194197 0.12552892 0.71864086 2.834619e-05 0.3136346 0.25660795 0.011443182 0.022761527 0.268091 0.40856108 0.31776336 0.40801746 0.51744676 0.006996931 0.21333057 0.09840578 0.017389016 0.015521527 0.006215426 0.0105902245 0.25530374 0.07410357 0.0010614374 0.0011145863 0.014928216 0.06488749 0.000527897 0.0003830035 0.00049108814 3.2521115e-05 0.00092634675 3.7531518e-05 0.066357836 0.00084712746 4.4152616e-06 0.003213854 0.0028654537 0.035536088 4.373914e-06 0.0020828387 0.0005609673 0.00020056813 0.0051592826 0.00030538396 2.6229996e-05 9.657582e-05 3.1602536e-05 6.800805e-07 3.3987642e-05 0.00038892566 6.720715e-07 1.8693283e-05 9.0160495e-07 9.285348e-05 8.232226e-05 0.00011167716 3.4287102e-06 6.7259276e-07 2.9398934e-05 4.4772364e-08 3.3053885e-07 0.00016495452 5.6111297e-08 1.5438405e-05 1.497619e-07 1.4324506e-05 0.00017534668 2.6135124e-08 8.907938e-08 1.8342895e-07 3.7616062e-06 1.1369384e-05 1.5118602e-05 5.5100368e-06 1.39774365e-05 2.7774104e-07 2.7259927e-07 2.1723304e-06 4.600578e-06 3.380553e-06 1.5762781e-08 0.0001238301 5.026179e-08 3.3403163e-07 1.9958277e-08 1.2730636e-06 2.2836737e-06
0.78195775 0.42047313 0.03054187 0.0073013096 0.0033314296 0.67996585 0.16286172 0.18793021 0.9717136 0.10927474 1.1967611e-15 0.01035457 0.4724032 0.26380715 0.008519654 0.026273921 0.00947753 0.002223059 0.002547857 0.0014310648 0.0056297625 0.9906913 0.0038801064 0.4324289 0.0018026609 0.00022265008 0.027042685 0.7517004 0.061319057 5.0490882e-05 2.0133564e-06 0.57490665 1.7704151e-07 8.1767075e-06 0.00014370229 0.056340393 0.0009565751 0.00025842743 5.042051e-06 0.013494213 0.00015169462 1.8895857e-07 0.0014658842 5.6946217e-09 2.9072638e-07 1.3795062e-08 0.0020756177 0.00090778345 1.8325446e-07 0.10092798 2.9041366e-06 4.276451e-05 1.4090884e-08 0.009187325 0.008189847 1.2729155e-06 0.006693936 0.021519046 7.612913e-08 0.00016454162 2.2112033e-08 1.9030804e-09 2.6391965e-07 0.00067132723 3.0177525e-09 5.4687513e-05 1.7541221e-10 2.021701e-06 7.335884e-07 1.9723745e-06 1.2668606e-07 3.912093e-08 5.453793e-07 1.3593888e-08 7.858825e-09 3.1519778e-06 3.9200476e-08 5.4236343e-06 9.361507e-08 0.00050622754 5.183475e-05 1.5671379e-08 1.6545046e-08 1.4145421e-07 8.198473e-07 6.0410428e-05 5.570691e-05 1.5439044e-06 9.1191836e-08 5.6571054e-05 6.768573e-08 4.7082003e-06 9.74998e-08 3.739707e-05 1.7145675e-09 2.625615e-05 2.3533918e-08 6.1133925e-08 1.7657095e-10 2.0354377e-05 1.0320098e-06
0.92602515 0.074947625 0.001113476 9.603844e-05 1.2523636e-06 0.24777754 0.03871965 0.33791828 0.10773356 0.9314917 0.01035457 2.2649689e-17 0.44901586 0.34275925 0.9596006 0.05305166 0.45815578 3.927259e-06 0.2322815 0.20883158 0.002283957 0.0020613319 0.2425206 0.28604358 0.61458373 0.89045244 0.50303346 0.0011125839 0.15128939 0.32068744 0.3244938 0.0033929287 0.13980234 0.11010918 0.52264583 0.086191595 0.00039907423 0.00025880526 0.07873154 0.1097155 4.0736813e-05 0.015061989 3.1364707e-05 0.0008044134 0.0021444978 0.0018361136 0.1356286 0.00010740923 7.335529e-05 0.0018162675 0.0035502575 0.15030695 4.9843955e-05 0.0029659043 0.0011943859 0.004673952 0.008212489 0.0004371435 0.0031891845 1.2878355e-06 0.00086470926 2.4250028e-06 0.00016409328 0.00020252113 8.834597e-06 6.904978e-07 1.6195448e-06 3.2125958e-05 1.3429284e-05 0.002610572 9.733306e-06 1.7430729e-06 0.00029558095 3.6850824e-07 7.015796e-07 0.001811735 1.678393e-07 2.4414176e-06 5.9620703e-07 3.7026544e-05 0.001405225 2.8973798e-07 4.913326e-08 3.6701275e-07 0.00010945198 2.6788233e-05 6.10797e-07 3.6484983e-07 0.00033610547 2.3929044e-06 2.2578465e-07 2.7397892e-08 5.1759023e-05 6.136059e-05 4.2276337e-08 0.0002542889 1.07371164e-07 3.6252942e-07 1.11160055e-07 2.2775872e-05 3.1251933e-05
0.7789237 0.492593 0.010513504 0.002502433 0.0006309724 0.7673389 0.17837062 0.5146533 0.7833 0.64010835 0.4724032 0.44901586 1.5188368e-17 0.99158555 0.16863535 0.037074167 0.093136095 0.00023139823 0.040575095 0.030861532 0.0036051238 0.26846242 0.041922 0.9391245 0.3496291 0.07388594 0.57024825 0.079141214 0.434481 0.006388825 0.0016104932 0.34216112 0.00011360233 0.0006973302 0.1232649 0.38636085 0.00033205433 0.00016141943 0.0008287425 0.124090426 2.8223592e-05 6.259579e-06 0.000106453896 6.918498e-07 3.7316804e-05 2.6689634e-06 0.075881556 0.00016290451 1.6142111e-06 0.030036857 0.00023065862 0.0086081 3.776086e-07 0.012879756 0.007963519 3.109975e-06 0.021084951 0.0059365905 6.836688e-07 6.012469e-06 1.0397227e-07 7.3300104e-09 7.559986e-07 0.0002999941 2.73192e-08 2.6977705e-06 6.3575003e-09 3.2612206e-05 1.6869657e-05 3.2177348e-05 1.5128727e-07 4.6292552e-08 1.3730205e-05 2.1601375e-08 1.2784071e-08 6.6982175e-05 2.3050223e-08 9.603647e-06 3.740764e-08 4.288417e-05 0.00023249652 4.016687e-07 3.3043708e-07 1.4578634e-08 2.6146132e-05 4.2461586e-05 7.696712e-06 1.1285384e-05 9.488513e-06 7.223975e-06 5.7885376e-07 7.1203795e-06 4.1443227e-06 2.543094e-05 5.601987e-08 3.9463706e-05 6.6901386e-08 5.847593e-06 1.0839786e-09 5.334426e-05 4.017244e-06
0.5116801 0.26368874 0.0027957046 0.0009605366 0.0002878469 0.7179253 0.086335726 0.36517373 0.64133084 0.47228923 0.26380715 0.34275925 0.99158555 5.425674e-17 0.10908495 0.012085405 0.03312939 5.401014e-05 0.011186669 0.009596755 0.001523702 0.20626764 0.016316317 0.97297734 0.4922856 0.08023031 0.6595551 0.05319304 0.5836384 0.003562625 0.0007374606 0.3143331 0.00037606794 0.001898842 0.123755895 0.33279717 3.7242782e-05 2.8915749e-05 0.0019321855 0.10693093 7.1569925e-06 1.0287912e-05 1.1813488e-05 9.425538e-07 1.7218037e-05 4.9267032e-06 0.049671706 7.5533564e-05 3.4236638e-07 0.017970352 9.8184566e-05 0.0047310977 5.056682e-07 0.010114258 0.00592527 1.0325962e-05 0.010056434 0.003650035 1.6049275e-06 1.2179738e-05 1.2924734e-07 4.994506e-09 8.813192e-07 0.00011785295 5.1426337e-08 2.0604493e-06 1.6818548e-08 7.300881e-06 6.2430295e-06 3.253318e-05 2.3438335e-07 6.484391e-08 1.23190675e-05 1.7474584e-08 3.0024363e-08 3.4748733e-05 2.0482767e-08 1.0501634e-05 7.4957725e-08 1.4563162e-05 0.00013442078 1.9797947e-07 2.2721807e-07 6.334918e-08 1.8189132e-05 1.29030595e-05 9.635407e-06 8.0844975e-06 3.3121999e-06 1.7914764e-06 1.4326311e-07 8.168898e-06 1.5842852e-06 8.469452e-06 1.204388e-07 2.5159912e-05 1.4645222e-07 2.023827e-06 1.0140319e-09 2.4194933e-06 2.223831e-06
0.9605524 0.18172735 0.0022570102 0.00024299754 3.973353e-05 0.10014076 0.09695368 0.6217733 0.048097793 0.95194197 0.008519654 0.9596006 0.16863535 0.10908495 4.6884766e-17 0.11464927 0.8529707 2.1047912e-05 0.5630444 0.4931524 0.006571533 0.001601095 0.4733426 0.09889349 0.29071334 0.5176291 0.23782498 0.0008444664 0.04437399 0.6090212 0.2106853 0.0021190138 0.05025433 0.021462362 0.19454175 0.022256715 0.0010475927 0.0010097696 0.038978454 0.02212804 0.00023840187 0.008841914 0.00038365697 0.0005830492 0.009936535 0.0013773491 0.02477883 0.0023576366 0.00031337488 0.0006961508 0.008630956 0.05310376 0.000254482 0.000511628 0.00014848773 0.0032960873 0.0011944355 0.00021000725 0.0012621011 0.00011979154 0.0003099674 1.9013263e-05 0.00044326234 0.00084947556 1.3220225e-05 4.5442943e-05 1.653794e-05 0.00045809054 0.0005982661 0.0006073719 0.00012485226 4.750953e-05 0.000117349606 3.1063676e-06 3.04207e-06 0.00134593 5.725364e-06 0.0001751047 1.3465428e-06 1.2450547e-05 0.00033511923 8.097207e-06 3.4256675e-06 4.6826293e-07 6.501605e-06 3.6598103e-05 4.5871566e-05 1.971268e-05 6.483393e-05 3.0249462e-06 6.0368217e-07 8.771666e-06 3.1653917e-06 1.2473544e-05 5.608819e-08 0.0005024114 5.178324e-08 2.9319861e-05 1.3633902e-08 1.2380925e-05 5.332465e-06
0.989085 0.6290647 0.7131571 0.25901434 0.3926864 0.16949229 0.86559325 0.39012754 0.081893474 0.12552892 0.026273921 0.05305166 0.037074167 0.012085405 0.11464927 2.3835292e-14 0.25387758 0.09824452 0.3639672 0.40098235 0.97632706 0.003119631 0.82348335 0.008071203 0.016291805 0.023194877 0.006272556 0.0005566785 0.001174884 0.015247059 0.000634252 0.0002577857 0.00053072383 0.00057721545 0.0005031702 0.00010790635 0.06936576 0.051816408 0.0006807984 0.00012532668 0.0215431 0.0003748564 0.025826758 0.00030134493 0.0010444099 7.333409e-05 4.5259127e-05 0.022491308 7.0508635e-05 0.00039169766 0.0035043112 0.0001560198 9.069025e-05 1.1070989e-05 1.1936247e-05 1.6136255e-05 1.6430726e-05 0.00019739213 2.749883e-06 0.014394733 2.6547175e-06 2.0197353e-06 1.5266241e-05 0.0031834622 1.3326842e-06 0.004036298 2.6429947e-07 0.00086909503 0.002086576 6.822076e-06 7.941801e-05 2.7520015e-05 3.6907808e-05 3.4278962e-06 1.7149274e-07 1.3143591e-05 8.087028e-06 0.0037651276 1.743825e-07 3.2974607e-05 1.1594455e-05 4.616061e-06 0.00013923057 2.1256389e-07 6.584235e-05 0.00034414328 0.0012537661 0.00083295425 1.1754112e-06 0.00020197606 5.1180137e-08 0.0003206369 1.4790214e-05 0.00015704939 4.0764693e-08 0.006075704 1.200274e-07 0.00075255526 2.7868639e-09 0.00013755495 9.973726e-06
0.9478141 0.3569768 0.052834425 0.008006173 0.0018378856 0.14061077 0.7568039 0.7417063 0.058070976 0.71864086 0.00947753 0.45815578 0.093136095 0.03312939 0.8529707 0.25387758 5.659008e-17 0.0001886058 0.95474833 0.9147921 0.030582871 0.0006269721 0.78716356 0.019793227 0.08945303 0.18924461 0.023990404 0.0005815399 0.0056642317 0.33072722 0.023081291 0.00027553353 0.011712247 0.0049951356 0.012980229 0.00092415005 0.0026943844 0.002417301 0.0047396775 0.0011440895 0.00026718032 0.0025801088 0.0007567189 0.0011641012 0.0021697115 0.0005919083 0.0012214822 0.0006692168 8.628097e-05 0.00054950034 0.0035073012 0.0020544482 0.000416549 0.0003405466 0.00019220397 0.0019939418 0.0002680005 0.00096797687 0.00019486764 2.5041732e-05 0.0003179633 1.0604459e-05 0.00021355272 0.00021700033 8.6569766e-05 7.841592e-05 3.431277e-05 7.8855e-05 6.483504e-05 0.00010343896 4.364732e-05 2.5956915e-05 0.000823376 4.858897e-06 5.062456e-06 0.00043860066 1.0914057e-05 1.0931505e-05 2.6997316e-06 5.7183937e-05 0.00085686136 8.032516e-06 3.257806e-06 4.68912e-06 0.001146054 0.00012169504 4.9189643e-05 6.2253353e-06 8.234691e-05 0.00017463906 9.431522e-06 2.544184e-06 0.00014507653 0.00010587002 3.8216356e-07 0.0011268399 1.5010859e-06 2.732276e-05 9.483369e-07 0.00014995421 3.9525254e-05
0.9092567 0.0012188605 0.61309206 0.5600738 0.95991343 0.0016193828 0.03284113 0.00016772051 0.0020697203 2.834619e-05 0.002223059 3.927259e-06 0.00023139823 5.401014e-05 2.1047912e-05 0.09824452 0.0001886058 6.6644295e-14 0.00015145293 0.00023289685 0.89445305 0.00061010715 0.00052222493 6.70379e-05 1.7627966e-05 1.3337617e-05 3.9745714e-06 0.00024408987 2.1173892e-06 1.4324648e-06 6.4495204e-08 7.4468944e-06 7.841626e-08 7.970751e-08 2.8208683e-07 2.951332e-07 0.885246 0.91320956 2.9467674e-07 1.8678972e-07 0.2938188 1.4045905e-07 0.9409844 3.265741e-08 3.835223e-06 1.14425795e-07 2.2807778e-07 0.16882972 3.6217405e-06 8.6082975e-05 7.275133e-05 1.2554165e-06 5.0612442e-08 1.7154149e-07 4.181915e-07 4.528907e-06 3.647061e-09 3.2346506e-05 2.0571447e-08 0.085435174 6.38263e-08 2.2582187e-09 3.4171853e-07 0.009381251 2.4472756e-08 0.06599989 5.1936305e-10 3.7310398e-05 0.0014190746 8.789023e-08 5.358076e-06 3.0453293e-08 1.6122373e-06 5.063455e-08 3.8022665e-09 2.3385342e-06 8.00326e-08 0.008388749 1.2819207e-08 1.401177e-06 1.3007167e-06 4.0592096e-10 8.129898e-08 2.4227349e-08 1.12190556e-07 4.0986815e-06 0.0016911111 0.00015835543 9.846756e-07 4.1847416e-06 1.0396686e-08 0.00021606818 1.640234e-07 2.3618752e-06 9.9147615e-09 3.287432e-05 9.71176e-09 9.4639e-07 5.241748e-10 1.2851393e-05 5.8997145e-08
0.94660133 0.2749349 0.07128997 0.006564122 0.001731909 0.078111105 0.6566787 0.51338387 0.027816912 0.3136346 0.002547857 0.2322815 0.040575095 0.011186669 0.5630444 0.3639672 0.95474833 0.00015145293 5.546796e-19 0.96938515 0.066939786 0.00034311964 0.9094203 0.0069618504 0.036194827 0.08339742 0.007279086 0.00015764181 0.0011719643 0.16331755 0.020068016 8.311957e-05 0.0048867725 0.0023095522 0.002480553 0.00024134395 0.005933311 0.0053608925 0.0015828696 0.00034788193 0.0013854478 0.0015345524 0.0013643875 0.00032811036 0.0038032224 0.00019250409 0.00022219634 0.0051727397 5.356259e-05 0.00029228083 0.0096648075 0.0007162049 7.063133e-05 4.957284e-05 1.9417763e-05 0.0002710862 7.2639436e-05 0.00011256884 8.668539e-06 0.001405808 8.552901e-06 2.619621e-06 1.5239505e-05 0.0014273833 2.2490387e-06 0.00044526378 1.0221083e-06 0.00086314674 0.0013902165 1.4621541e-05 0.00010438055 1.3988531e-05 6.5056156e-05 4.816541e-07 6.67281e-07 2.7580629e-05 1.1943938e-06 0.0004105761 3.727735e-07 2.6940386e-05 2.233707e-05 1.4883607e-06 6.35328e-06 7.331748e-08 1.52116545e-05 2.3347693e-05 0.00033330434 0.00013226889 3.3956876e-06 6.811798e-06 1.3341878e-07 9.969109e-05 9.535629e-06 6.4766837e-06 1.5930285e-08 0.00040566197 1.0805668e-08 8.940275e-05 1.04589795e-08 1.5512085e-06 5.5662376e-06
0.95858693 0.26131096 0.10306912 0.00874355 0.0018610483 0.05199601 0.63020647 0.4380245 0.021361452 0.25660795 0.0014310648 0.20883158 0.030861532 0.009596755 0.4931524 0.40098235 0.9147921 0.00023289685 0.96938515 4.421313e-19 0.08681592 0.0003391033 0.9532887 0.0057410244 0.02721869 0.08247379 0.005193929 0.00011476005 0.0010364909 0.18204542 0.020651117 8.982005e-05 0.0052537876 0.002312369 0.0019778588 0.00030946117 0.007330438 0.0076770703 0.002103116 0.0003195346 0.0022602177 0.0024033713 0.0022625595 0.00040401224 0.0048057023 0.0002920103 0.00022816777 0.007099384 0.00010106486 0.0002498292 0.012148198 0.0007350487 0.0001217431 3.2129698e-05 9.527112e-06 0.00038171862 1.9497313e-05 5.0874998e-05 1.0726248e-05 0.0026587436 6.15751e-06 3.3381075e-06 1.6581054e-05 0.0025785158 1.4704106e-06 0.00081078784 7.6615333e-07 0.0013048908 0.003117255 1.2564448e-05 0.00018708808 3.0244459e-05 5.61683e-05 1.7195795e-06 7.564753e-07 2.8333461e-05 2.888379e-06 0.0005795716 4.5353318e-07 1.9577898e-05 1.126056e-05 3.759591e-06 2.3797018e-05 6.768599e-08 1.1532039e-05 3.9576436e-05 0.0005044389 0.0003235436 1.6351871e-06 9.093877e-06 8.575197e-08 0.00017781589 3.654702e-06 9.050384e-06 2.5452735e-08 0.000711801 4.18069e-09 0.0003047503 3.3864789e-09 8.137154e-07 3.8049088e-06
0.97750574 0.09900781 0.8095545 0.49172765 0.57083696 0.052443855 0.7271888 0.07069727 0.03125384 0.011443182 0.0056297625 0.002283957 0.0036051238 0.001523702 0.006571533 0.97632706 0.030582871 0.89445305 0.066939786 0.08681592 7.7699325e-17 0.0008155058 0.2603494 0.00061793916 0.0022558332 0.0057835523 9.331875e-05 0.00025152223 1.5180526e-05 0.0019924135 3.704724e-05 7.4912205e-06 6.7848436e-05 6.520721e-05 3.069958e-06 1.2466842e-06 0.36557943 0.5211727 2.5800471e-05 2.2366157e-06 0.097297326 0.00012280565 0.22464058 0.0001084608 0.0006842008 4.6531704e-06 2.2704965e-06 0.045520328 1.8954985e-05 3.1551674e-05 0.005404588 9.690399e-05 2.0965355e-05 3.534757e-06 3.8127587e-06 3.813144e-06 2.504062e-06 8.7561486e-05 1.7314117e-07 0.07173097 1.7580302e-07 2.9260613e-07 8.473632e-07 0.0045355144 4.8715673e-08 0.017751304 2.6152726e-08 0.0012109367 0.0076260385 1.8880123e-06 0.00032781198 1.5296042e-05 1.1120808e-05 3.0744789e-06 2.3812236e-08 5.3477584e-06 4.1523103e-06 0.017543199 1.0809049e-08 5.3054816e-07 2.766383e-06 5.2971573e-06 0.00025317387 2.0177369e-08 8.306042e-06 3.8490314e-05 0.0030844228 0.001390015 1.3492789e-07 2.745367e-05 2.5356153e-09 0.0018613198 4.135941e-06 5.6105553e-05 3.6744055e-08 0.0044443067 3.6594173e-08 0.0007262776 1.3522738e-09 3.4529257e-05 9.226881e-06
0.36283416 0.11237411 0.00353542 0.0013375907 0.0008747228 0.24420397 0.03334546 0.035718814 0.6302713 0.022761527 0.9906913 0.0020613319 0.26846242 0.20626764 0.001601095 0.003119631 0.0006269721 0.00061010715 0.00034311964 0.0003391033 0.0008155058 2.2742364e-14 0.0010646187 0.6013255 0.0010985743 0.00013257338 0.022015868 0.98555857 0.1198708 2.0460386e-05 2.9690848e-06 0.7925984 3.362704e-06 2.3498385e-05 0.0001543482 0.063936196 0.00023450934 7.376343e-05 4.4446853e-05 0.009496906 5.633707e-05 4.849788e-07 4.8822672e-05 6.485491e-08 2.2795048e-06 7.601451e-08 0.0059454064 0.0004421741 3.9724816e-07 0.18875675 1.1332558e-05 7.5259755e-05 3.1989418e-07 0.01765116 0.022091214 1.7018066e-06 0.0120087 0.056179155 1.658504e-07 1.9461218e-05 6.836561e-08 1.6230732e-08 6.481173e-07 3.566116e-05 4.739367e-09 5.4520997e-06 1.5156374e-08 1.9635518e-06 1.2581828e-06 3.8378503e-06 7.2361615e-07 2.6465688e-07 1.1756465e-06 8.27577e-09 4.3800412e-08 4.077535e-06 1.1693254e-08 1.0925664e-06 1.046146e-07 0.0016778931 0.00024018716 1.4235788e-08 1.1547292e-07 7.202154e-08 4.1316944e-06 0.00014827985 5.2045248e-06 1.1865465e-06 7.002468e-07 0.00064785965 3.635827e-07 1.8986239e-06 5.9674574e-07 0.00022822195 1.0797866e-07 0.0001104063 1.3494096e-06 3.4125396e-08 7.376022e-10 0.00048822208 3.7695534e-06
0.9980296 0.4186952 0.24416909 0.019618634 0.0088052545 0.07103827 0.64013106 0.41449213 0.028805077 0.268091 0.0038801064 0.2425206 0.041922 0.016316317 0.4733426 0.82348335 0.78716356 0.00052222493 0.9094203 0.9532887 0.2603494 0.0010646187 2.508124e-18 0.013094728 0.031164784 0.050369367 0.011923033 0.0003588013 0.0050456347 0.26618093 0.024346607 0.00017849533 0.006301714 0.0051536052 0.002760654 0.0008541963 0.029383589 0.033615936 0.0035131448 0.00078840565 0.010409854 0.0036807663 0.007590705 0.00072751153 0.017077157 0.00065383594 0.0002743785 0.03011208 0.00047915292 0.0003824682 0.042449497 0.001348632 0.00024476822 3.405883e-05 7.7235025e-05 0.0005358452 0.0001077333 0.00018629472 2.1384201e-05 0.011399297 3.9939176e-05 1.961232e-05 7.281672e-05 0.012290043 1.5206955e-05 0.004657018 9.483447e-06 0.008865463 0.023480667 1.6388083e-05 0.0006300972 8.002326e-05 4.8063455e-05 7.340298e-06 1.8998111e-05 4.4835117e-05 3.4811226e-05 0.0068112854 3.53259e-06 7.434845e-06 5.6362172e-05 7.839879e-05 0.00024662772 5.5684706e-07 0.000103017206 0.00043755415 0.0011839323 0.0017131648 7.2452906e-07 2.868744e-05 1.5609776e-06 0.00080839096 7.141427e-06 0.00014426513 1.5868822e-07 0.0014674948 7.890882e-08 0.0022142571 1.9785368e-08 3.6893238e-05 1.8987443e-05
0.7546048 0.22174802 0.0012396752 0.00026636999 9.590572e-05 0.50377023 0.059063576 0.26251748 0.6279757 0.40856108 0.4324289 0.28604358 0.9391245 0.97297734 0.09889349 0.008071203 0.019793227 6.70379e-05 0.0069618504 0.0057410244 0.00061793916 0.6013255 0.013094728 2.8498324e-15 0.42415184 0.091286786 0.91014695 0.14903338 0.9687896 0.002955853 0.0016630014 0.74102837 0.0010745774 0.002034029 0.19690849 0.6818564 2.5322395e-05 6.3997513e-06 0.0027078146 0.3516205 1.3534805e-05 1.4237684e-05 2.149908e-05 1.0571778e-06 7.933796e-06 2.9029727e-05 0.23455434 6.880597e-05 5.5761495e-07 0.10987953 5.3076783e-05 0.012284026 7.016552e-07 0.078874975 0.060951356 6.610342e-06 0.075596794 0.030855983 2.4519106e-06 7.826482e-06 4.0070375e-07 1.1935238e-08 2.1983983e-06 0.00011003272 8.549622e-08 1.2064555e-06 4.7695398e-08 2.9974985e-06 3.0338358e-06 0.0002034895 3.737268e-07 1.09080325e-07 5.841827e-05 1.29132935e-08 7.055501e-08 0.00023793602 1.4281157e-07 2.23847e-06 7.5933215e-08 0.00025554237 0.0009573421 1.5120375e-07 6.6325065e-08 1.9363209e-07 0.0001581805 0.00016737888 8.546624e-06 5.579599e-06 4.7828296e-05 2.3872482e-05 1.2366934e-06 1.2797574e-06 5.5416804e-05 0.000116861 4.6404406e-07 0.00067955384 5.280674e-06 1.0761777e-06 2.763796e-08 0.0009984309 6.495467e-05
0.91570145 0.020840432 0.0020289076 0.000639592 1.5688644e-05 0.036822375 0.017655425 0.051110413 0.00933451 0.31776336 0.0018026609 0.61458373 0.3496291 0.4922856 0.29071334 0.016291805 0.08945303 1.7627966e-05 0.036194827 0.02721869 0.0022558332 0.0010985743 0.031164784 0.42415184 1.0950429e-15 0.9538674 0.8502243 0.000453498 0.46674362 0.05270004 0.056365788 0.037223514 0.13464795 0.6854971 0.9573315 0.42297575 0.00011914906 0.0001422104 0.5859879 0.39502192 7.221196e-05 0.0043181316 0.00017208823 0.0009774192 0.00217211 0.00276265 0.35560966 0.000346266 6.827072e-05 0.0046410854 0.0028008658 0.42612886 7.904776e-05 0.025160527 0.0066381865 0.004939929 0.046078607 0.0033818157 0.015713569 6.244101e-06 0.0031221684 2.3456325e-06 0.00018531058 0.00038225506 2.9725769e-07 7.7942295e-06 8.7768946e-08 7.815186e-05 7.559388e-05 0.032456603 1.3359474e-05 1.2151348e-05 0.004495704 3.1144197e-07 8.361385e-07 0.021277677 2.0523635e-06 1.5735934e-05 9.853633e-07 1.4063961e-05 0.016429005 8.696787e-07 5.681088e-07 8.719928e-08 0.0004865126 0.0009339042 3.275231e-05 6.54159e-06 0.001525121 1.6940261e-06 1.0941788e-07 3.8483763e-06 0.00044069122 0.00010610452 2.0460666e-08 0.0031002727 2.6672777e-07 7.990307e-07 5.905352e-09 0.00046422958 0.00042236026
0.9614227 0.0062496928 0.0016230935 0.0002770024 5.673663e-06 0.0048608454 0.0049226247 0.046621572 0.001269753 0.40801746 0.00022265008 0.89045244 0.07388594 0.08023031 0.5176291 0.023194877 0.18924461 1.3337617e-05 0.08339742 0.08247379 0.0057835523 0.00013257338 0.050369367 0.091286786 0.9538674 9.767813e-19 0.365171 5.7676312e-05 0.08187844 0.30841395 0.5588957 0.0011653057 0.7600625 0.8508606 0.7084986 0.057696864 0.00067980407 0.00053539 0.63678086 0.11300275 0.00049182255 0.017608628 0.00066848967 0.0009044064 0.014960926 0.008241357 0.30294064 0.0010495717 0.00033393753 0.0009090683 0.012623986 0.6199474 0.0002176314 0.006321246 0.0012164294 0.02042231 0.022340078 0.00016504107 0.063217446 1.1997291e-05 0.0131335305 1.8554447e-05 0.00033828238 0.0010043285 7.086501e-06 1.2662558e-05 4.148562e-06 0.0009257232 0.0006536742 0.099383734 3.0771116e-05 1.780593e-05 0.012081574 2.2931637e-07 6.7037486e-06 0.03534495 3.1693578e-06 7.797185e-05 1.4657666e-06 6.497109e-07 0.011108747 6.016954e-06 7.0136925e-06 7.951663e-08 0.0006346259 2.261361e-05 5.0206243e-05 2.2007718e-05 0.0032626642 1.13601935e-07 1.0521406e-06 1.15701005e-05 0.0007978266 5.333767e-06 9.045349e-09 0.00026916646 4.2517236e-08 9.231318e-06 1.0264063e-08 5.4908884e-05 0.00023263157
0.87471354 0.12781452 0.0005459473 0.00013923534 7.0687015e-06 0.288162 0.036488876 0.19691421 0.40366057 0.51744676 0.027042685 0.50303346 0.57024825 0.6595551 0.23782498 0.006272556 0.023990404 3.9745714e-06 0.007279086 0.005193929 9.331875e-05 0.022015868 0.011923033 0.91014695 0.8502243 0.365171 3.9134706e-17 0.007318958 0.9828107 0.009458519 0.0045879446 0.15802974 0.0018583472 0.020310502 0.7964577 0.79554886 4.2406773e-06 8.996695e-06 0.015240015 0.5241312 4.9553487e-06 6.534959e-05 2.4073028e-05 9.603432e-07 4.5160312e-05 3.6515266e-05 0.4379155 3.0580843e-05 3.5688035e-07 0.06238227 6.971031e-05 0.032518543 1.0589441e-07 0.10850749 0.0613438 1.0756807e-05 0.12632073 0.015918512 8.057443e-06 2.4996693e-06 9.549866e-07 5.351755e-09 7.9815715e-07 8.401439e-05 2.5410149e-08 9.121467e-07 3.5931922e-08 3.829116e-06 1.2708099e-06 0.0009246216 1.4964098e-07 7.5895855e-08 2.7926533e-05 1.05761115e-08 2.8005168e-08 0.00018109627 1.5173072e-07 1.0863242e-06 4.7632216e-08 8.803079e-05 0.0017387946 1.7590088e-06 2.41607e-07 1.8605813e-07 1.6068365e-05 0.00034547484 2.7164559e-05 3.5782932e-06 5.9296195e-05 5.4288557e-06 7.760116e-07 2.7299875e-06 1.0473628e-05 3.127161e-05 8.348369e-08 0.0016266591 6.003722e-07 3.3943213e-06 5.232523e-08 2.2476672e-05 3.3986085e-05
0.2134432 0.0515834 0.0017064614 0.00050164753 0.00012957754 0.08745414 0.008760026 0.010341819 0.31857157 0.006996931 0.7517004 0.0011125839 0.079141214 0.05319304 0.0008444664 0.0005566785 0.0005815399 0.00024408987 0.00015764181 0.00011476005 0.00025152223 0.98555857 0.0003588013 0.14903338 0.000453498 5.7676312e-05 0.007318958 1.1964695e-14 0.041046385 7.1090485e-06 9.436033e-07 0.99660784 1.0100839e-06 3.972554e-05 9.0963615e-05 0.03050779 0.00015928813 4.861026e-05 3.5557314e-05 0.004094228 6.920227e-05 8.858016e-06 4.3925636e-05 1.0406948e-07 2.2874237e-05 3.4793132e-07 0.0012574284 0.0016335818 2.7247984e-06 0.44100085 5.1747724e-05 5.00403e-06 1.00673205e-05 0.017039953 0.04636754 2.3805153e-06 0.007423903 0.18858981 7.42245e-07 2.3081364e-05 1.9911899e-07 2.4862544e-07 6.8423043e-07 0.00028467656 2.1307198e-08 7.767931e-06 1.6849204e-07 0.00011197567 1.5447462e-05 1.8183487e-06 2.0960237e-05 9.591657e-06 3.6828849e-06 2.5162169e-07 5.339617e-07 2.5041575e-06 9.4395347e-07 4.784061e-05 2.2295476e-06 0.003075114 1.8865338e-05 1.607704e-07 6.9680726e-07 2.7559054e-06 4.4910284e-06 0.00010402619 3.1705035e-06 5.834399e-07 2.1028588e-07 0.00073223637 1.9515794e-06 2.4524577e-06 2.8370073e-07 0.00013244183 1.192152e-08 3.4708828e-05 2.691879e-07 3.537222e-08 1.6879922e-09 2.166398e-05 2.60708e-06
0.5963015 0.036250073 0.00018182951 3.8157432e-05 5.975812e-07 0.12373425 0.014515528 0.05362898 0.31444323 0.21333057 0.061319057 0.15128939 0.434481 0.5836384 0.04437399 0.001174884 0.0056642317 2.1173892e-06 0.0011719643 0.0010364909 1.5180526e-05 0.1198708 0.0050456347 0.9687896 0.46674362 0.08187844 0.9828107 0.041046385 1.4034105e-15 0.0025595052 0.0009954801 0.6665732 0.001042149 0.0054822057 0.49281368 0.95418125 3.1440488e-06 7.142983e-07 0.006992395 0.627578 2.590334e-06 1.028699e-05 4.9308865e-06 2.1777059e-07 4.366433e-06 6.8679024e-06 0.3193239 2.7036262e-05 3.8888095e-07 0.09252598 3.5596975e-05 0.009053765 1.7791808e-07 0.17197786 0.090145856 3.5242822e-06 0.091350265 0.02158475 1.1436716e-06 2.4768224e-06 2.4957353e-07 2.6329843e-09 2.619667e-07 3.5450183e-05 8.906302e-09 4.2341767e-07 1.0662844e-08 2.9619948e-06 2.8634427e-06 0.00033981935 1.4195625e-07 1.2511369e-07 2.1911257e-05 3.2269045e-09 2.9424834e-08 0.00013372445 5.6063268e-08 9.623491e-07 2.504432e-08 0.00020462288 0.001458913 1.3369096e-07 5.5155045e-08 3.2300775e-08 6.707698e-05 0.00033162298 3.8065205e-06 1.3121204e-06 4.669131e-05 3.0037454e-06 3.3378674e-07 4.2656157e-07 1.8736886e-05 6.27005e-05 2.444818e-07 0.0008446791 2.84204e-06 1.8206904e-07 1.2126521e-08 7.247351e-05 3.2615688e-05
0.99979746 0.018718882 0.00050821615 0.00016918693 2.7498563e-06 0.0033023863 0.005253853 0.019586364 0.0014980814 0.09840578 5.0490882e-05 0.32068744 0.006388825 0.003562625 0.6090212 0.015247059 0.33072722 1.4324648e-06 0.16331755 0.18204542 0.0019924135 2.0460386e-05 0.26618093 0.002955853 0.05270004 0.30841395 0.009458519 7.1090485e-06 0.0025595052 1.0438092e-16 0.9728177 1.4490458e-05 0.22047149 0.100313075 0.025134917 0.00095423387 0.0012406309 0.00096923864 0.11705431 0.0014028724 0.00013772547 0.4414726 0.00045441082 0.5579709 0.46939933 0.07427289 0.0010305053 0.0027560976 0.0869333 9.145565e-06 0.297381 0.050457276 0.1740085 0.00011758955 0.00017716084 0.056843873 0.00016569522 4.5853503e-05 0.020296097 7.547106e-05 0.01297177 0.047290247 0.026335252 0.006311298 0.0030272768 9.721899e-05 0.016747095 0.01008116 0.0068454053 0.00070268486 0.0032427507 0.002444084 0.0032507412 0.0041396245 0.0056665987 0.0037573725 0.00032458696 0.0016499315 0.0006311045 8.677256e-06 0.00095311017 0.0009334176 0.0009113273 0.00011885728 0.0006725114 0.0004562946 0.0003601215 0.0003101395 0.00048772508 9.134451e-06 0.0006645436 0.0002524299 0.0006503708 0.00012516364 5.37127e-06 0.004565312 5.891998e-07 0.0019167843 4.80599e-06 0.0005648394 0.00081305276
0.98021036 8.509598e-05 4.7472073e-05 5.485986e-06 9.661304e-09 0.00025657602 0.00014573548 0.0009164035 0.00011565946 0.017389016 2.0133564e-06 0.3244938 0.0016104932 0.0007374606 0.2106853 0.000634252 0.023081291 6.4495204e-08 0.020068016 0.020651117 3.704724e-05 2.9690848e-06 0.024346607 0.0016630014 0.056365788 0.5588957 0.0045879446 9.436033e-07 0.0009954801 0.9728177 6.713731e-17 1.0225067e-05 0.96958035 0.47968584 0.081924215 0.00048629876 5.104568e-05 9.394245e-05 0.46338725 0.0020334867 1.9556643e-05 0.7057412 2.2623664e-05 0.25517586 0.15481895 0.21914686 0.0069888015 0.00023277695 0.023865324 2.3629364e-06 0.04834183 0.37566006 0.046673764 0.0001587366 0.00012923188 0.21080814 0.00048290333 5.9036633e-05 0.17497936 8.576351e-06 0.09110088 0.004581773 0.030618021 0.0005927606 0.0009658297 6.626393e-06 0.004847969 0.0010686632 0.00047615173 0.022824164 0.00019987422 0.00024906083 0.045626953 5.5233773e-05 0.00046633306 0.043879855 7.5399234e-06 4.6876157e-05 3.1173084e-05 1.387891e-06 0.0005612255 2.9509325e-05 8.792269e-06 3.3149174e-06 0.0029874519 3.9520994e-05 1.7591054e-05 5.6617655e-06 0.0011346104 1.3719858e-06 2.693805e-05 2.1771525e-06 0.00027372377 2.2247355e-05 7.209288e-08 0.0012505365 8.4171056e-08 4.8749862e-05 1.9126618e-07 0.00064257864 0.00010125308
