4.8035583e-26 0.050599936 0.029706592 0.0182152 0.25341105 0.023020098 0.00028145552 0.0071010976 0.002509824 0.4863818 0.0011327302 0.24847141 0.57867485 0.11225329 0.39801338 0.0055828094 0.109414704 0.17401415 0.113966726 0.46456128 8.058128e-06 0.13479166 0.2902378 0.23914135 1.6610935e-05 0.0027690292 0.8830007 0.17318675 0.35265747 0.13621788 0.62300223 0.5346172 0.6112945 0.003537396 0.7657232 0.5036317 0.0019676965 0.46205702 0.0006074411 0.040544678 0.5240028 0.034233604 0.7171375 0.5668559 0.9254299 2.4204222e-05 0.7575948 0.69050854 0.6835423 0.7865724 0.9559056 0.4468466 0.0010528464 0.3072935 0.9891169 0.48753658 0.3063492 0.8928751 0.27902672 0.8584102 0.93841565 0.63211584 0.9015978 0.5144092 0.0029058587 0.9908725 0.0008244691 0.0029105488 0.9986573 0.9786574 0.5862981 0.016925318 0.9894641 0.065260895 0.00013418587 0.32912344 0.23408853 0.76952094 0.31628966 0.06185109 0.5820318 0.35738474 0.1321163 0.9799019 0.99872077 0.038188536 0.92786807 0.9988585 0.0018808456 0.9997237 0.9999552 7.454416e-05 0.0041109896 0.52549595 0.8074152 0.0011627465 0.06601901 0.99098355 0.9999865 0.008664067 0.99956673
0.050599936 3.2219095e-17 0.90427846 0.568571 0.93773246 0.8775852 0.7071967 0.82732415 0.036422003 0.49988183 0.026600003 0.31330714 0.15382494 0.123422645 0.09549636 0.0019419753 0.044570692 0.041898426 0.029649137 0.12199624 9.15014e-05 0.036768675 0.012417565 0.009447659 0.00029843408 5.8063517e-05 0.011790971 0.07871764 0.005261241 0.005620876 0.013990486 0.014897333 0.015727332 0.0043765805 0.0055527845 0.0048829266 0.00041149903 0.010866207 0.0006645505 0.00095614267 0.004634754 0.0029800576 0.0024165232 0.0033622154 0.0020572343 8.805951e-05 0.0025168085 0.0025191498 0.0012738343 0.00039451933 0.00047143674 0.0007426798 7.257227e-05 0.00036560497 0.00020422303 0.0008842145 0.00013320209 0.0062343073 0.0012221371 0.0005868958 7.4930256e-05 0.0003713238 0.0004737147 6.072436e-05 0.00076497364 0.00045660808 2.4859415e-05 5.0456943e-05 0.002597461 0.00030975346 7.595622e-05 2.0473151e-05 0.00091598625 0.00044200543 0.00041874027 2.6452593e-05 0.00013981375 0.00013481581 1.1017505e-05 1.2381563e-05 2.4541554e-05 2.2011203e-05 1.1803026e-05 0.0023770016 0.0014218088 3.2904933e-05 0.00032021425 0.00052971276 5.3959657e-06 0.0062129823 0.0013666854 1.4506378e-06 4.2626795e-07 7.9747704e-05 3.2948626e-06 0.00014969888 1.9062784e-06 0.00083943794 0.0048757023 0.00053597137 0.0007532883
0.029706592 0.90427846 1.2731905e-18 0.9715515 0.7572801 0.046612747 0.37010247 0.025852565 0.16476375 0.81792057 0.06715344 0.3193663 0.08156708 0.0012316677 0.004249203 0.00912685 0.13776603 3.031697e-05 0.00017148205 0.47592613 0.00012585729 5.45086e-05 0.0004805191 0.0003260871 0.00023364255 0.00029978735 2.6304497e-05 0.16416726 0.000576229 0.033110734 6.16534e-05 0.010330657 5.2475778e-05 0.00010130021 0.027872257 0.016847406 5.985157e-06 0.003427192 6.3988605e-06 0.00034786665 0.0048672147 6.1350306e-06 0.0005880667 0.004060839 0.0071115475 8.460213e-07 0.00020808978 0.0015905908 2.3927414e-05 1.0749627e-05 0.000869887 4.7265894e-05 3.4588282e-07 0.0009006972 0.00019189499 0.003282963 1.9589532e-05 0.01980404 1.1904553e-05 0.0017663601 1.5045256e-06 1.990572e-06 0.00015139127 4.216545e-06 4.7879043e-05 0.004642391 1.3632429e-05 1.1625801e-05 0.0077376543 0.00013200175 8.613253e-06 9.092273e-06 0.001369693 1.3402135e-05 2.3986677e-05 3.8270625e-07 5.4100065e-06 1.4564439e-05 2.3761277e-07 1.4766381e-07 4.1081927e-07 6.325147e-07 1.3792831e-07 0.0015504772 0.0015711704 4.4199447e-07 0.00050648034 3.360737e-05 1.1704027e-07 0.0022886777 0.0005048561 1.8158152e-08 1.1057255e-08 1.0932084e-06 5.826745e-08 8.372353e-06 2.470632e-08 2.692762e-05 0.0018713262 5.555078e-05 0.00043351995
0.0182152 0.568571 0.9715515 2.3224157e-18 0.91852915 0.025347382 0.015034062 0.01872954 0.014674389 0.86945224 0.005728066 0.64668345 0.30145487 0.011247875 0.027171943 0.0017780726 0.0148594845 0.00013936806 0.0021333676 0.33919114 2.4379358e-05 0.0010855647 0.0034022408 0.0022658384 0.00012901318 3.0199612e-05 0.0018152328 0.24076866 0.0030924608 0.008182656 0.0010806618 0.037687194 0.00086844555 0.00052028924 0.008144201 0.03050376 0.0001320316 0.012448423 3.6045516e-05 0.00016592453 0.023792272 0.00011706624 0.004432019 0.0011033341 0.03725719 1.8180834e-06 0.0009659426 0.005252693 0.0002179814 0.00011600854 0.0035911445 0.00037259798 1.4694517e-06 0.00047521672 0.001114388 0.0008964663 7.423091e-06 0.03586445 0.00019562826 0.0008727134 8.500298e-06 1.45009635e-05 0.0011427253 0.00011978959 2.477185e-05 0.0007377736 3.047821e-05 1.757769e-05 0.0036264723 0.00020017008 8.6907254e-05 1.8307072e-05 0.0009005932 2.2849994e-05 6.0323005e-06 4.622753e-06 2.6565827e-05 7.5370226e-05 2.6499013e-06 4.6821066e-07 2.857185e-06 3.9121865e-06 7.634598e-07 0.00058877154 0.0010676497 7.343851e-07 0.0003030401 0.00029690113 2.3047883e-07 0.0017302393 0.00079281686 7.22301e-08 3.7067434e-08 9.118133e-06 4.20651e-07 2.1068788e-06 1.0362659e-07 3.6657133e-05 0.001822698 3.301378e-05 0.00057022745
0.25341105 0.93773246 0.7572801 0.91852915 3.1702543e-16 0.27022538 0.029056069 0.20546514 0.0047492385 0.69686794 0.0010550581 0.7388066 0.730735 0.31374076 0.5430174 0.00034443813 0.0033497114 0.027782531 0.09898855 0.12177911 6.0098348e-05 0.02661036 0.14811254 0.15459989 0.00023140687 4.9296973e-06 0.018435093 0.16601881 0.15355587 0.0017288883 0.007976098 0.28109455 0.03486106 0.014699714 0.0031016641 0.060022164 0.0016049497 0.10824339 0.0013153517 6.940081e-05 0.20459902 0.0018057004 0.0248117 0.00039240991 0.078707755 2.5121766e-05 0.007927979 0.055492 0.0021251466 0.00041732917 0.03451851 0.0015650843 4.746591e-05 8.269846e-05 0.008866093 0.00018284869 7.033372e-06 0.036131617 0.0014615066 0.00044700288 0.00015707022 4.080353e-05 0.0031768114 0.000279609 0.00033577773 0.0013613375 4.6113644e-05 1.7806782e-05 0.014682053 0.001847025 2.4328609e-05 6.7612705e-06 0.0017422445 0.00028708007 0.00015599628 5.2721853e-06 5.700121e-05 0.00016657836 1.638277e-05 2.5209906e-06 6.243469e-06 8.763523e-06 1.122414e-05 0.00046937514 0.005164604 2.9555908e-05 7.621853e-05 0.00029549247 1.382821e-05 0.0033103183 0.00089716294 2.4283677e-06 2.3546222e-06 1.8796556e-05 1.2753275e-06 2.9088782e-05 2.4475091e-06 0.00021087081 0.002136717 3.999078e-05 0.00073477253
0.023020098 0.8775852 0.046612747 0.025347382 0.27022538 2.2662459e-19 0.0065479227 0.9937717 0.00041183 0.085436866 0.00042332624 0.08729259 0.10342059 0.24043867 0.15837224 0.0001872075 0.0009709682 0.24099286 0.062155526 0.010655502 6.7153843e-07 0.10096772 0.03094504 0.023081135 3.107147e-06 5.5822015e-06 0.035801645 0.013651976 0.017957246 0.00032489572 0.017990062 0.021266395 0.052627806 0.004421246 0.0006436295 0.0017650628 0.004991636 0.0076678544 0.0011717979 0.00093428855 0.0073337005 0.0048400555 0.0012714203 0.00011997412 0.0041171536 0.00042503094 0.008647443 0.0006763887 0.0049155997 0.0019683281 0.0012815406 0.0012088333 0.00017955131 0.00026562624 0.00017189844 0.0001587964 1.2554135e-05 0.0023426125 0.003984445 0.0003427959 0.00014731969 0.000109686145 0.0005577674 0.00034275188 0.00010250359 5.421062e-05 1.6957047e-05 3.844244e-05 0.0009847564 0.000679924 8.724259e-05 1.2781126e-05 0.00020984067 0.0009289056 5.3083462e-05 7.5021735e-06 6.8747763e-06 0.00014606107 8.544447e-06 2.3049258e-06 2.0231669e-06 7.248183e-06 1.496813e-06 0.0024799097 0.0008413783 2.6903456e-06 0.00064790103 0.00043888437 2.226783e-06 0.0042480347 0.0007113457 2.2041957e-07 3.2661273e-08 6.301287e-05 7.927022e-07 5.906926e-06 2.792291e-07 0.00094921235 0.0013640492 0.0001399617 0.0028628258
0.00028145552 0.7071967 0.37010247 0.015034062 0.029056069 0.0065479227 9.7982766e-17 0.33416533 0.49530935 0.023356173 0.47309005 0.0023306017 0.00013988456 7.121585e-05 6.3344734e-05 0.21647686 0.13678151 0.00010330961 6.411908e-06 0.017050598 0.9704274 3.224893e-05 2.7023529e-05 1.0893644e-05 0.72597224 0.0040435893 4.1422995e-06 0.00069069216 4.78337e-06 0.004345772 6.811153e-05 0.00027491542 0.00025727556 0.0001684616 0.0018534604 4.286434e-05 4.6481477e-05 2.2361795e-05 0.00014883779 0.011526966 4.4597327e-05 8.928325e-06 9.185922e-06 0.004689686 2.2519853e-06 0.00014669231 7.307794e-05 0.00017324778 0.00014471558 4.0649145e-05 2.7737522e-07 0.000120951074 1.7842607e-06 0.00019640126 8.749079e-07 0.0004420902 0.00042810963 0.00021099675 3.680538e-05 0.00032755698 3.3976103e-05 0.00024883624 4.4312033e-06 1.0371766e-05 0.010537108 3.6690188e-05 0.00025435974 0.00012447621 2.4660714e-05 2.7536473e-07 5.446482e-06 0.00047556538 0.0002958706 5.1821876e-06 0.015889276 9.374118e-07 3.3050183e-06 1.8008144e-05 2.6405914e-07 4.9536965e-07 1.6648777e-05 1.2684463e-06 4.408547e-06 0.0016038045 0.00011000377 9.605608e-06 6.748532e-05 4.2089564e-06 3.1539065e-07 0.007934504 0.00028464018 9.725771e-06 1.5397624e-06 2.6648751e-05 2.0011596e-05 0.001118051 2.1516746e-08 5.2408586e-06 0.010864787 0.002292821 0.0008122204
0.0071010976 0.82732415 0.025852565 0.01872954 0.20546514 0.9937717 0.33416533 6.805438e-20 0.00029442212 0.01606442 2.7376307e-05 0.020308696 0.02232049 0.17261939 0.051671397 5.228239e-06 1.0933736e-05 0.5555676 0.017219272 0.00022709406 3.252471e-07 0.1649225 0.0072544734 0.0045155813 2.788027e-06 5.41872e-07 0.019263182 0.000595603 0.0024718428 4.6210516e-06 0.059988603 0.0019590096 0.17097707 0.17126878 9.337585e-06 5.792619e-05 0.068335325 0.00047507352 0.12010367 9.8852855e-05 5.7821653e-05 0.028082311 0.00012582404 5.1249426e-05 0.000119872566 0.16593823 0.00062377536 0.00011672968 0.0004989396 0.0009459135 1.8567403e-05 9.5871896e-05 0.007988312 5.6153465e-05 7.73561e-06 4.0069426e-05 2.2756852e-07 1.7982402e-05 0.009985448 1.2070224e-05 5.5698838e-05 0.00015778154 6.9843504e-06 3.2268015e-06 2.2935947e-07 5.225993e-07 1.0436268e-07 7.9205233e-07 9.097221e-05 0.00013894578 6.117375e-06 3.3001726e-07 2.5981246e-06 0.0051238067 3.0484969e-06 2.2966657e-07 3.6337577e-05 9.077423e-06 4.647554e-07 2.0024684e-06 9.1659575e-07 6.411046e-08 1.258811e-07 0.00010182955 0.0003638196 1.7784278e-05 1.8760757e-05 3.3338525e-05 3.9174116e-05 0.0014851358 0.00042361705 1.9051055e-05 2.338389e-08 3.1412813e-07 6.569254e-08 1.6968175e-07 3.4182005e-08 7.2744983e-06 0.0015464968 5.225405e-07 0.00040577454
0.002509824 0.036422003 0.16476375 0.014674389 0.0047492385 0.00041183 0.49530935 0.00029442212 3.2358003e-19 0.13712233 0.9960133 0.005775508 0.00023070812 3.4904854e-06 2.2804146e-05 0.5195521 0.77555937 3.4565264e-07 8.401134e-07 0.47090763 0.030151112 1.1891884e-06 4.218536e-06 5.3242225e-06 0.021611987 0.098574586 7.6471315e-07 0.04750148 1.652725e-05 0.27519962 1.4801439e-06 0.00023704187 3.998834e-05 2.6797036e-06 0.0661311 0.007147706 1.3875885e-07 1.4508363e-05 1.7549322e-06 0.052321523 0.00010785378 1.7109039e-07 4.507836e-06 0.13386354 0.0015523636 2.7752472e-07 3.2960227e-06 1.1295913e-05 2.3263457e-05 2.759947e-05 0.0001903862 8.517753e-06 9.6043884e-08 0.015968855 3.319006e-05 0.014627185 0.0008883058 0.01175954 4.714378e-06 0.0115354005 3.6993486e-06 3.7029367e-05 1.4287929e-05 6.247752e-06 0.00017258967 0.0096868845 0.00017488108 0.00085730077 0.0016379834 1.8162527e-05 2.288278e-06 0.0022294284 0.0031010993 1.6902515e-06 0.0006100993 1.534183e-05 8.179546e-06 1.479853e-06 1.3844704e-07 1.9536837e-06 5.1337747e-06 1.3303178e-07 5.4310826e-06 0.002290276 0.00011855874 2.692291e-06 0.0019832172 2.1364287e-05 9.398398e-08 0.0015570563 0.00013460912 9.289931e-08 4.0533802e-08 1.7412277e-07 5.4641546e-08 1.8801558e-05 2.5536279e-08 1.8816088e-05 0.0009165905 0.00032444677 0.0020327761
0.4863818 0.49988183 0.81792057 0.86945224 0.69686794 0.085436866 0.023356173 0.01606442 0.13712233 1.0142188e-14 0.034183715 0.93534654 0.42740571 0.0027967752 0.01796308 0.006865951 0.098102145 0.00012493134 0.00036914754 0.9386463 0.00010948162 0.0002855548 0.0010883573 0.0011847832 0.0002197994 0.00022289694 0.0001781586 0.7545392 0.0011825651 0.055693027 6.447298e-05 0.06489567 0.00030444935 0.00024626486 0.07354845 0.24782965 2.3366983e-05 0.0018236779 4.0913495e-05 0.00017573505 0.06704599 9.285264e-06 0.0014018218 0.003557195 0.105375856 1.7050036e-06 6.665852e-05 0.004337851 3.9671836e-06 2.0300802e-06 0.012309474 2.1529037e-05 6.227025e-07 0.0012241241 0.0025228774 0.0044969195 6.787866e-05 0.26793656 1.4277644e-05 0.0017718924 9.129239e-07 3.8088665e-06 0.00089387153 0.000102125494 6.317551e-05 0.013936408 0.000100842946 5.7599358e-05 0.05284254 0.00029879462 4.0621107e-06 7.06942e-05 0.0014751477 2.124337e-06 5.647381e-05 1.3145338e-06 4.2044267e-06 1.0911508e-05 5.765025e-07 1.7249182e-07 2.6322414e-07 8.0267455e-07 3.283193e-07 0.0024595128 0.0066688154 1.3292012e-06 0.0008112612 1.5625394e-05 1.9438069e-07 0.007404359 0.00086306315 1.8712814e-07 3.2548026e-08 1.1772129e-06 6.170293e-07 4.222193e-05 2.2207652e-07 1.0919856e-05 0.0029787878 0.0002937115 0.0045979163
0.0011327302 0.026600003 0.06715344 0.005728066 0.0010550581 0.00042332624 0.47309005 2.7376307e-05 0.9960133 0.034183715 3.7300707e-19 0.000797541 8.401876e-06 5.193287e-07 1.2856218e-06 0.7054611 0.724359 1.932445e-07 1.620355e-07 0.21501283 0.07118128 5.165197e-07 3.9506787e-07 3.045049e-07 0.0937306 0.16035107 2.5207729e-07 0.01499004 2.5067703e-07 0.18401815 1.3317325e-06 1.0221869e-05 1.9278589e-06 3.6120514e-06 0.017411418 0.0019233939 1.0917481e-07 4.65901e-06 1.9576487e-06 0.10139344 1.2541881e-05 2.559676e-07 2.229018e-06 0.14564145 8.906974e-05 1.4884934e-07 2.8597476e-06 2.631545e-06 4.8755182e-06 1.8485653e-05 5.627448e-06 4.400746e-06 9.694886e-08 0.015972152 1.8812902e-06 0.008898481 0.0035854892 0.0023050436 2.3565362e-06 0.006637813 8.5185445e-07 4.595702e-06 2.6489436e-06 7.326551e-07 0.00502943 0.0038651524 0.0011647175 0.0018997078 0.00049986644 3.4203954e-06 7.111024e-07 0.0023901975 0.0016753955 2.4437868e-06 0.0035536191 2.8256488e-06 2.0380821e-06 3.3622248e-07 4.5290534e-08 1.8938613e-07 1.8970022e-06 2.9494846e-08 5.894066e-07 0.0021646614 9.889718e-05 5.8056537e-07 0.0019487073 7.979202e-06 5.8406876e-08 0.00066784036 0.00012414936 2.7556741e-08 8.219343e-09 5.3881383e-08 2.7968976e-08 0.0006788938 1.8616008e-08 8.571828e-06 0.0011726636 0.0020607067 0.0005396666
0.24847141 0.31330714 0.3193663 0.64668345 0.7388066 0.08729259 0.0023306017 0.020308696 0.005775508 0.93534654 0.000797541 2.0322046e-16 0.97832286 0.035210386 0.18069284 4.9601735e-05 0.002326771 0.0023676837 0.015110561 0.11854284 1.7031884e-06 0.0021787074 0.017658565 0.014841483 1.6223597e-06 5.679336e-06 0.0020930644 0.2561443 0.016842034 0.0020385273 0.0006011446 0.23148209 0.0037204819 0.0019866293 0.0058067814 0.11318754 2.7827025e-05 0.017344644 3.372003e-05 1.9533456e-05 0.19031376 5.250146e-05 0.0042658746 0.0003411299 0.10465153 2.6391526e-06 0.00041221073 0.036018748 3.646696e-05 1.5748006e-05 0.05158198 6.3823965e-05 8.9430546e-07 0.00022752675 0.008061948 0.00059731177 2.3709633e-06 0.10168446 2.714508e-05 0.0005370855 8.3967365e-07 4.6620894e-06 0.0015212381 0.00013177107 6.514229e-06 0.001294959 5.540541e-06 3.867054e-06 0.019501144 0.00047119963 4.065928e-06 5.7596253e-06 0.00027848623 1.1842985e-05 2.6363969e-05 4.401504e-07 2.801222e-06 7.812082e-06 1.7240694e-07 9.34039e-08 1.279625e-07 2.8087615e-07 7.197925e-08 0.00021061357 0.004537115 1.6911657e-06 0.00016017607 2.6663241e-05 4.826712e-07 0.0024296625 0.0006683147 2.515046e-07 5.4893093e-08 6.5312827e-07 3.410856e-07 5.3828544e-06 1.0783479e-07 4.355852e-06 0.0013462792 4.0985506e-05 0.0009128247
0.57867485 0.15382494 0.08156708 0.30145487 0.730735 0.10342059 0.00013988456 0.02232049 0.00023070812 0.42740571 8.401876e-06 0.97832286 1.9479425e-17 0.2124735 0.8171215 1.1105876e-05 0.0003851475 0.015725091 0.14284402 0.029449355 1.417782e-07 0.01595139 0.14957702 0.13500118 1.3737095e-07 5.391647e-07 0.019373292 0.12827463 0.20404497 0.00029858894 0.0033804404 0.86604434 0.03186428 0.006543753 0.0012661555 0.07065159 0.0002468237 0.096993245 9.698803e-05 2.0971863e-06 0.5766068 0.00031363976 0.012979319 3.40859e-05 0.24701431 1.1983004e-06 0.0010171847 0.21301667 0.00014255475 4.569801e-05 0.20801431 0.00010327258 8.3702093e-07 4.8929043e-05 0.037121903 0.00029618962 1.0901964e-06 0.06976639 8.352499e-05 0.00013901945 1.0478439e-06 5.9529093e-06 0.0038648685 0.00030768462 1.4769796e-06 0.0006923781 1.5891942e-06 1.4172109e-06 0.029667899 0.0007973193 2.678237e-06 1.4058644e-06 8.439109e-05 4.2932785e-05 2.4159976e-06 2.9694573e-07 2.948447e-06 9.806175e-06 1.0831529e-07 3.668966e-07 9.334264e-08 9.540467e-08 4.3113616e-08 7.111005e-05 0.012770004 2.4383835e-06 2.1232565e-05 4.3094733e-05 2.643605e-07 0.004253014 0.0008714804 8.274733e-08 1.8574866e-08 1.2480499e-06 1.2274796e-07 6.5047595e-07 6.067981e-08 4.3968703e-06 0.0037863022 1.362388e-06 0.0008846464
0.11225329 0.123422645 0.0012316677 0.011247875 0.31374076 0.24043867 7.121585e-05 0.17261939 3.4904854e-06 0.0027967752 5.193287e-07 0.035210386 0.2124735 1.0968102e-17 0.8711948 1.5700933e-05 2.6138354e-05 0.36831045 0.9833729 0.00046548684 1.264193e-06 0.40447697 0.5158677 0.4093301 9.0071435e-06 1.561717e-07 0.5803818 0.0027603197 0.34229168 1.0939984e-05 0.089017816 0.14227466 0.35034555 0.077921234 2.8745783e-06 0.0011840689 0.018258523 0.26612866 0.009859001 2.0585629e-05 0.083012186 0.031141678 0.052520234 3.4356184e-05 0.0051083304 0.0003627342 0.032264113 0.15390716 0.003954024 0.0025565047 0.031266294 0.0047680107 0.0020014213 1.4470724e-05 0.020336183 3.4537192e-05 1.929531e-06 0.0017067674 0.024282716 1.0616743e-05 0.00022427396 0.0016375913 0.008529089 0.0008222723 2.5208068e-05 2.515118e-05 6.1549854e-06 2.6960115e-06 0.0013648254 0.0016346702 0.00022068617 1.2877863e-06 6.544383e-05 0.004669419 0.00013810543 2.2184156e-05 0.00016653455 0.0005126092 4.378419e-05 6.830778e-05 7.502152e-06 1.9142715e-05 1.2209511e-05 2.7602915e-05 0.0055620647 0.0001813434 2.1362644e-06 0.00064655766 5.0702325e-05 0.0008640951 0.0019164416 1.38489695e-05 6.5941354e-06 0.00014792591 3.3378212e-06 3.6938018e-05 5.244744e-06 0.00045629503 0.001702164 8.109618e-06 0.00025479964
0.39801338 0.09549636 0.004249203 0.027171943 0.5430174 0.15837224 6.3344734e-05 0.051671397 2.2804146e-05 0.01796308 1.2856218e-06 0.18069284 0.8171215 0.8711948 7.95677e-17 7.854236e-06 3.8848433e-05 0.16474578 0.9105993 0.0018142922 1.1133208e-06 0.14148138 0.87930655 0.7853773 9.95962e-06 3.979352e-07 0.2640993 0.011145341 0.7069861 4.6877587e-05 0.042079963 0.81038815 0.25953254 0.03198222 5.910987e-05 0.0070400364 0.0048322678 0.45459083 0.002338337 7.920551e-06 0.44100896 0.010993476 0.06705814 2.8719769e-05 0.033210296 4.6506306e-05 0.020878345 0.44845638 0.0012916559 0.00083463837 0.12588923 0.0022144208 0.00012591768 1.4601991e-05 0.051664464 4.702647e-05 2.4463702e-06 0.007905651 0.0015669295 1.1897391e-05 1.4824344e-05 0.00021671306 0.0074374764 0.0004939109 2.0208116e-05 8.3366234e-05 1.1790021e-05 3.018264e-06 0.0028554553 0.0011361821 1.5895284e-05 8.749171e-07 4.501141e-05 0.00020984808 6.3806125e-05 4.133886e-06 1.08309205e-05 1.1657153e-05 2.1131934e-06 2.962297e-06 7.203381e-07 1.4248895e-06 1.1244393e-06 2.7686889e-05 0.00948853 1.8335937e-05 6.096328e-06 0.00011643849 3.3956135e-06 0.000883426 0.002412382 2.0194396e-07 5.262357e-07 1.6291306e-06 3.2916293e-07 9.755376e-06 4.5648522e-07 1.0037869e-05 0.0025131619 1.7552911e-05 0.00033845226
0.0055828094 0.0019419753 0.00912685 0.0017780726 0.00034443813 0.0001872075 0.21647686 5.228239e-06 0.5195521 0.006865951 0.7054611 4.9601735e-05 1.1105876e-05 1.5700933e-05 7.854236e-06 8.911495e-18 0.89283514 3.0161216e-05 1.3940061e-06 0.099738106 0.22725251 5.4246734e-06 2.8099178e-06 1.5647694e-06 0.47727454 0.98771924 4.398625e-07 0.004085273 2.3655923e-06 0.19680311 7.5502844e-06 6.141907e-05 4.7101134e-06 4.8313664e-06 0.03492389 0.0004759449 1.6800297e-07 6.0886646e-06 8.063424e-06 0.5144704 4.816066e-06 1.9986285e-07 1.0428211e-05 0.42433882 0.000100617006 3.1035296e-07 6.4035735e-06 2.4589099e-06 1.5116815e-05 1.3661451e-05 2.8110879e-05 7.3328674e-06 4.2349805e-07 0.02854734 9.017696e-06 0.012085267 0.0041144486 0.0010447148 5.860129e-07 0.008604941 9.993944e-07 4.2763468e-06 1.459413e-06 7.6328035e-08 0.002651029 0.0075692786 0.0018038785 0.00083485927 0.000355768 4.206741e-06 3.01313e-06 0.0012599804 0.00152617 3.259986e-07 0.0015741684 1.4100576e-06 2.154938e-06 8.6231886e-08 2.4848632e-07 4.6594806e-08 1.585322e-06 2.1465294e-07 9.59915e-08 0.0018305301 1.9192124e-05 2.132937e-07 0.0013761097 1.0324952e-06 7.275438e-09 0.00034795477 9.977769e-06 7.4683975e-09 2.0534127e-08 9.4591115e-08 7.641091e-08 0.0005132558 3.4060044e-08 4.260922e-06 0.0001925472 0.002240807 0.0005252826
0.109414704 0.044570692 0.13776603 0.0148594845 0.0033497114 0.0009709682 0.13678151 1.0933736e-05 0.77555937 0.098102145 0.724359 0.002326771 0.0003851475 2.6138354e-05 3.8848433e-05 0.89283514 2.80987e-15 9.9477365e-06 1.9072312e-06 0.88256776 0.016562067 7.793873e-06 6.4565734e-06 5.67887e-06 0.07456389 0.79575783 3.7522278e-07 0.089503385 8.499464e-06 0.9703486 7.0108567e-06 0.0013531771 1.5542381e-06 6.496337e-06 0.5029283 0.01743941 5.060474e-07 4.0325853e-05 3.6022386e-05 0.18204974 0.00042159506 4.7411982e-07 2.2411605e-05 0.6299351 0.0077502686 2.2189522e-06 3.3646897e-06 0.00017038595 6.8906215e-06 8.911083e-06 0.00063125766 4.1347494e-06 8.692036e-07 0.034615956 5.6408415e-05 0.06845718 0.0014067778 0.057418074 2.4180886e-06 0.022188354 6.5529133e-07 2.3779764e-06 2.0842055e-05 7.0558207e-07 0.00070738536 0.07892394 0.0008033023 0.00049413496 0.013148745 1.9782454e-05 2.1766002e-06 0.0006741389 0.0070659593 2.5411686e-07 0.000959502 3.1537772e-07 1.5531847e-06 2.4735567e-07 1.3026097e-06 5.5648634e-08 2.7572528e-07 1.0931468e-06 2.6821132e-07 0.009097222 0.00021713736 7.9872297e-07 0.0060260254 1.566337e-06 1.1750452e-07 0.0027652057 3.0460134e-05 1.11026985e-07 5.219734e-08 4.5276914e-07 1.1946445e-06 0.00017670491 1.2640501e-07 1.8434465e-06 0.00080577855 0.00246876 0.006816582
0.17401415 0.041898426 3.031697e-05 0.00013936806 0.027782531 0.24099286 0.00010330961 0.5555676 3.4565264e-07 0.00012493134 1.932445e-07 0.0023676837 0.015725091 0.36831045 0.16474578 3.0161216e-05 9.9477365e-06 4.9124644e-19 0.21793154 5.7071273e-05 9.117927e-07 0.97985256 0.14274026 0.095799774 1.6567714e-05 3.493859e-08 0.5714288 0.0006511112 0.09841746 2.2726629e-06 0.71144724 0.027980246 0.852638 0.35322994 3.176867e-07 0.00020780855 0.18318819 0.12972063 0.0861473 1.2591088e-05 0.013820854 0.30211133 0.05135614 0.00014101532 0.0010119083 0.013192322 0.10279617 0.043595627 0.022271046 0.044177543 0.0058410666 0.012002293 0.047662545 1.5209233e-05 0.0050925827 2.2648337e-05 7.2911837e-07 0.00019532235 0.1523052 3.171559e-06 0.00091627944 0.01104802 0.0062517375 0.0019169388 3.934068e-05 5.039306e-06 4.391355e-06 2.6886707e-06 0.0007393968 0.003738511 0.00052225083 6.231861e-07 3.6655314e-05 0.060526434 0.00022149942 9.815433e-05 0.0006721687 0.0005827046 7.588816e-05 0.0001793037 1.3272093e-05 9.449217e-05 6.356464e-05 1.4188926e-05 0.0043969234 0.0011605126 1.7654152e-06 0.0018918974 0.00033797263 0.00071278185 0.003313726 0.00012481284 4.889217e-06 5.0978397e-05 4.1185317e-06 4.198315e-05 6.6469374e-06 0.00066483906 0.0010497965 2.6694765e-05 0.00041163605
0.113966726 0.029649137 0.00017148205 0.0021333676 0.09898855 0.062155526 6.411908e-06 0.017219272 8.401134e-07 0.00036914754 1.620355e-07 0.015110561 0.14284402 0.9833729 0.9105993 1.3940061e-06 1.9072312e-06 0.21793154 1.9639985e-18 0.00017093965 1.0246581e-07 0.22194579 0.69173336 0.49904206 7.5195686e-07 5.0841262e-08 0.60067743 0.0016247537 0.4386352 2.1044289e-06 0.0821182 0.14890611 0.29008695 0.036829643 2.174397e-06 0.0005706632 0.008011372 0.4128751 0.0016683363 1.9042178e-06 0.14621726 0.013345277 0.12296446 2.769342e-06 0.0036526574 2.7207958e-05 0.12771998 0.29231814 0.007589204 0.0037793845 0.04510795 0.00936134 0.00034173683 2.098885e-06 0.037101436 1.7119683e-05 2.856391e-07 0.0014180959 0.014600718 6.331982e-06 9.222839e-05 0.0013230158 0.02142598 0.001623739 2.6942073e-06 1.1009207e-05 2.0318796e-06 1.0734593e-06 0.002056325 0.003879207 0.0003715746 3.3612406e-07 9.825664e-06 0.0025315988 6.5797503e-06 3.2071897e-05 0.0001303931 0.0006605978 2.7067787e-05 6.8889453e-06 7.8201657e-07 1.144414e-05 3.834543e-06 4.1806925e-06 0.011343469 4.5698922e-05 8.223718e-07 0.0016049107 8.927456e-06 0.00066737493 0.0016073408 1.35686e-07 3.2741437e-07 9.602874e-05 4.7161248e-07 1.2117389e-06 3.8122838e-07 0.00043892642 0.0012705845 1.4977269e-06 0.00019865137
0.46456128 0.12199624 0.47592613 0.33919114 0.12177911 0.010655502 0.017050598 0.00022709406 0.47090763 0.9386463 0.21501283 0.11854284 0.029449355 0.00046548684 0.0018142922 0.099738106 0.88256776 5.7071273e-05 0.00017093965 5.866261e-17 0.0004864416 9.327879e-05 0.00031232822 0.00032225854 0.0027416856 0.05042567 1.1163153e-05 0.88081414 0.00029894084 0.69533795 1.7502847e-05 0.013567152 1.6627308e-05 1.1841405e-05 0.9651707 0.26723906 4.145046e-06 0.0008584838 3.5752607e-06 0.0066130385 0.03693462 4.84544e-06 0.00016666943 0.10842857 0.18050063 4.189527e-07 2.1801683e-05 0.004136156 2.861821e-06 3.1304535e-06 0.0071063545 1.1675577e-05 1.1055274e-06 0.022716204 0.0014339645 0.04144417 0.000592057 0.37871915 9.295116e-06 0.017160296 7.259137e-07 5.9616864e-06 0.000289124 1.331723e-05 9.929855e-05 0.075403266 0.00031409922 0.00071718567 0.10231106 0.00026157094 5.2860727e-05 0.0004524804 0.006063126 4.3299374e-06 2.5837797e-05 1.2114801e-06 2.243716e-05 7.4450054e-06 3.5196481e-07 2.592803e-08 2.0868306e-07 5.3609455e-07 8.572483e-08 0.010764637 0.0076795705 5.0465655e-07 0.0061970484 7.990532e-06 4.9739816e-07 0.026896287 0.00022952372 8.098604e-08 2.5626836e-08 2.4045255e-06 3.3438826e-07 4.0674935e-05 2.5103146e-08 3.3785338e-05 0.006884323 0.0007809818 0.021172462
8.058128e-06 9.15014e-05 0.00012585729 2.4379358e-05 6.0098348e-05 6.7153843e-07 0.9704274 3.252471e-07 0.030151112 0.00010948162 0.07118128 1.7031884e-06 1.417782e-07 1.264193e-06 1.1133208e-06 0.22725251 0.016562067 9.117927e-07 1.0246581e-07 0.0004864416 1.7067534e-20 2.0669606e-07 1.2779877e-06 7.256251e-07 0.90253043 0.013975072 5.85741e-08 1.7064278e-05 1.3403195e-07 0.0023444977 3.911953e-07 1.6852731e-06 5.0709866e-07 5.624261e-06 9.5048556e-05 1.62868e-06 5.5460234e-08 8.6828805e-07 6.2597756e-08 0.047712535 3.4302886e-07 4.430108e-08 1.63838e-07 0.0037987183 8.647727e-07 2.4688468e-08 9.927785e-08 2.5528414e-06 1.9991999e-06 5.9721688e-06 3.958753e-07 2.8347839e-07 6.1356187e-09 0.00022693949 2.3143608e-07 5.0846138e-05 9.86994e-05 1.1789211e-05 1.8494555e-07 5.754813e-05 5.6773297e-07 2.773756e-06 1.29553e-07 5.3461978e-08 0.0028222718 3.5464924e-05 0.00042269388 0.00017856258 2.99423e-06 7.4500304e-07 5.400804e-06 0.0001189261 6.0135837e-05 1.5842792e-06 0.00040881961 1.235001e-06 2.957206e-07 1.2191296e-06 5.198958e-08 9.3377315e-09 5.541088e-07 2.4139698e-07 1.604994e-07 9.1087066e-05 8.881354e-06 2.3834138e-08 6.905875e-05 3.5999185e-06 8.302473e-09 0.00019302504 2.174686e-05 2.7593647e-09 5.667681e-10 6.7747374e-07 2.5250472e-08 4.6353103e-05 2.4354794e-09 4.7411982e-07 0.00028707407 0.00013165011 0.00015106691
0.13479166 0.036768675 5.45086e-05 0.0010855647 0.02661036 0.10096772 3.224893e-05 0.1649225 1.1891884e-06 0.0002855548 5.165197e-07 0.0021787074 0.01595139 0.40447697 0.14148138 5.4246734e-06 7.793873e-06 0.97985256 0.22194579 9.327879e-05 2.0669606e-07 9.860016e-20 0.11306457 0.08622401 2.369467e-06 6.4922496e-08 0.7974006 0.0011338363 0.0941955 2.8197696e-06 0.85961026 0.026813738 0.54249394 0.23664114 3.1204802e-06 0.0003530573 0.04963916 0.12512046 0.01639705 7.253204e-06 0.02866411 0.09927548 0.06494148 3.9041974e-05 0.0016376842 0.0017738199 0.17583938 0.052342124 0.13282149 0.14913163 0.007461155 0.04453614 0.010391549 6.221377e-06 0.009393127 1.1374363e-05 2.4435454e-07 0.000663338 0.0586946 5.5466417e-06 0.0024070963 0.015409436 0.0098493025 0.0047428836 1.8791134e-06 9.977617e-06 8.4156085e-07 5.910987e-07 0.0011189395 0.0047615487 0.0026792246 1.0812535e-06 1.3258557e-05 0.016322682 1.3254871e-06 0.0002767964 0.00036656228 0.0018374054 0.00011717247 0.00015148385 5.80098e-06 8.124237e-05 5.492826e-05 1.5775588e-05 0.0056434297 0.00050662836 1.9422678e-06 0.0020952094 5.234732e-05 0.0009266723 0.0033536602 1.1023065e-05 5.808489e-07 0.00015980683 5.082396e-06 3.502842e-07 1.4492704e-06 0.000429168 0.0016534536 1.5517026e-06 0.0005719035
0.2902378 0.012417565 0.0004805191 0.0034022408 0.14811254 0.03094504 2.7023529e-05 0.0072544734 4.218536e-06 0.0010883573 3.9506787e-07 0.017658565 0.14957702 0.5158677 0.87930655 2.8099178e-06 6.4565734e-06 0.14274026 0.69173336 0.00031232822 1.2779877e-06 0.11306457 6.978139e-17 0.97359073 7.257279e-06 1.2028165e-07 0.31080756 0.002793466 0.8812427 5.955379e-06 0.062076505 0.5449125 0.19317147 0.017603321 7.752996e-06 0.001539747 0.0023881672 0.74899846 0.0007831148 7.295932e-06 0.27947685 0.0054913363 0.17568648 8.82116e-06 0.00967056 1.417044e-05 0.11504968 0.5717674 0.0035595773 0.0031808584 0.09935752 0.0078743 0.00010562859 1.8418333e-06 0.08749438 3.439215e-05 1.9320996e-06 0.0026781708 0.0043745693 1.1908946e-05 6.766505e-05 0.00064251304 0.024041278 0.0011055312 1.3039801e-05 3.8604532e-05 5.909242e-06 2.25505e-06 0.0023164158 0.0025516027 0.00020010365 3.3705334e-07 1.9345103e-05 0.00056265394 2.684982e-05 3.6264046e-05 5.0977473e-05 0.00018842348 6.810172e-05 6.6113384e-06 1.6568383e-06 9.398964e-06 8.254485e-06 9.731923e-06 0.017192967 5.239592e-05 1.2248177e-06 0.00069406955 4.4815047e-06 0.0010591577 0.0024457246 1.8893333e-07 2.0521884e-07 8.345871e-06 7.719533e-07 3.2491089e-06 9.217412e-07 0.00020812292 0.002943546 6.6749644e-06 0.00044162013
0.23914135 0.009447659 0.0003260871 0.0022658384 0.15459989 0.023081135 1.0893644e-05 0.0045155813 5.3242225e-06 0.0011847832 3.045049e-07 0.014841483 0.13500118 0.4093301 0.7853773 1.5647694e-06 5.67887e-06 0.095799774 0.49904206 0.00032225854 7.256251e-07 0.08622401 0.97359073 1.7003298e-16 2.8199765e-06 7.076647e-08 0.19985487 0.0025720187 0.95072114 7.7873865e-06 0.033452656 0.6426886 0.12502524 0.010501815 1.269696e-05 0.0018249262 0.0010018136 0.68791556 0.00034977598 4.962887e-06 0.27042887 0.0032450915 0.12713079 1.0941236e-05 0.010870172 6.3075427e-06 0.05439825 0.51833487 0.0015913268 0.0015064259 0.08700642 0.003491311 4.8748327e-05 4.1570133e-06 0.05064646 4.71434e-05 2.064887e-06 0.0036076314 0.001237968 1.4774847e-05 2.3075354e-05 0.00038917686 0.016207688 0.0009807077 5.928655e-06 4.6787678e-05 3.943592e-06 1.5302645e-06 0.0025320768 0.0017288701 0.000111780726 3.0388352e-07 4.6310597e-05 4.0811745e-05 1.4445477e-05 2.0877265e-05 1.2765875e-05 8.812478e-05 1.6358774e-05 1.8174037e-06 5.4956655e-07 2.4549452e-06 1.7835512e-06 1.9584826e-05 0.0112104835 9.806576e-06 2.8386296e-06 0.00031599385 8.9428335e-07 0.00087658584 0.002493383 3.543096e-08 5.791179e-08 3.8457565e-06 2.3332312e-07 3.3371466e-06 1.6950916e-07 4.596778e-05 0.0029061565 1.3979315e-05 0.0005147686
1.6610935e-05 0.00029843408 0.00023364255 0.00012901318 0.00023140687 3.107147e-06 0.72597224 2.788027e-06 0.021611987 0.0002197994 0.0937306 1.6223597e-06 1.3737095e-07 9.0071435e-06 9.95962e-06 0.47727454 0.07456389 1.6567714e-05 7.5195686e-07 0.0027416856 0.90253043 2.369467e-06 7.257279e-06 2.8199765e-06 4.4730546e-19 0.13497436 1.7645214e-06 1.8646457e-05 5.2375134e-07 0.0123777855 2.1939486e-05 3.3585604e-06 3.189035e-06 1.20434215e-05 0.000483478 5.74589e-07 9.923909e-07 3.0492238e-06 1.0973072e-06 0.72118795 2.8328546e-07 6.2157045e-07 9.019516e-07 0.05715953 8.957312e-08 2.445893e-07 9.799625e-07 5.319559e-06 2.1933388e-06 2.411701e-05 5.1921305e-08 1.6306243e-06 3.675338e-08 0.007072735 1.0727393e-07 0.00061791175 0.008461041 1.7751125e-06 6.733771e-07 0.0015674393 2.7505334e-06 2.42111e-05 1.636865e-07 5.9716385e-08 0.16742007 0.0003378027 0.0107961735 0.009496131 1.7918932e-06 5.7032228e-08 0.000107077234 0.004224789 0.0011166859 2.0335506e-06 0.021653371 2.8179618e-05 5.491393e-06 5.0738918e-06 5.0779846e-07 1.7488163e-07 2.4259916e-05 1.4748022e-06 4.02135e-06 0.0025178313 1.3649432e-05 1.147995e-07 0.003627188 2.328936e-07 1.6442488e-08 0.00019254153 3.286598e-05 2.2562383e-09 1.0485801e-09 5.8397325e-07 2.2528606e-07 0.0020359212 1.0014504e-08 2.656874e-07 0.00011447945 0.002650383 0.00046146024
0.0027690292 5.8063517e-05 0.00029978735 3.0199612e-05 4.9296973e-06 5.5822015e-06 0.0040435893 5.41872e-07 0.098574586 0.00022289694 0.16035107 5.679336e-06 5.391647e-07 1.561717e-07 3.979352e-07 0.98771924 0.79575783 3.493859e-08 5.0841262e-08 0.05042567 0.013975072 6.4922496e-08 1.2028165e-07 7.076647e-08 0.13497436 2.4824698e-19 4.1237662e-08 0.0007919872 9.574703e-08 0.48274657 1.0780703e-07 1.3101873e-06 8.133e-08 1.9735796e-07 0.025676943 8.319317e-05 8.493753e-09 2.9276106e-07 3.9585075e-07 0.88906103 3.6028998e-06 3.2027025e-09 1.5516538e-06 0.79741484 7.04149e-05 3.8775863e-08 5.069374e-06 9.25626e-07 1.7564322e-06 6.488322e-07 4.0242694e-06 2.9469768e-06 6.964648e-08 0.07665661 4.616345e-07 0.013795603 0.027637938 0.0007359226 3.473843e-07 0.015422087 7.125772e-08 3.0768385e-07 2.029031e-06 1.2468371e-07 0.0035870401 0.0030523676 0.0039050244 0.002569252 0.0001474261 1.6780201e-07 6.9960527e-07 0.001266562 0.0034362478 6.992561e-08 0.001818917 7.435607e-07 5.966436e-08 1.8993898e-08 4.1051432e-08 4.2132246e-08 3.1719065e-08 2.0836657e-08 1.4294204e-08 0.0012685655 1.4359221e-05 1.691877e-08 0.0016850748 3.9696712e-07 6.2313728e-09 0.000269712 1.4763777e-05 5.994505e-09 4.243223e-09 6.7408513e-07 7.565806e-09 0.000941752 4.470459e-09 1.1456584e-06 8.080333e-05 0.001582303 0.0004234044
0.8830007 0.011790971 2.6304497e-05 0.0018152328 0.018435093 0.035801645 4.1422995e-06 0.019263182 7.6471315e-07 0.0001781586 2.5207729e-07 0.0020930644 0.019373292 0.5803818 0.2640993 4.398625e-07 3.7522278e-07 0.5714288 0.60067743 1.1163153e-05 5.85741e-08 0.7974006 0.31080756 0.19985487 1.7645214e-06 4.1237662e-08 3.917085e-17 0.0007319806 0.25170088 2.4647875e-07 0.9684411 0.047415007 0.6424099 0.10654976 3.7670787e-07 0.00012790486 0.016338997 0.51224065 0.0041539026 8.480675e-07 0.075122386 0.061072282 0.3916192 1.0208835e-05 0.001977228 0.0003717311 0.7416306 0.3070627 0.5941282 0.32391146 0.03425619 0.35815924 0.00553202 4.519176e-07 0.13494314 1.050222e-06 1.571335e-07 0.0006425409 0.099438585 1.0576719e-06 0.01334356 0.028698724 0.23414735 0.03153466 1.6260223e-05 5.1391826e-06 5.4461702e-06 1.129732e-06 0.0043449737 0.08133066 0.008389135 7.016957e-08 4.1584726e-06 0.022306962 6.00329e-06 0.0018570077 0.002935744 0.0075756554 0.0010064258 0.0021160976 5.1020128e-05 0.00025461067 0.00042711524 1.1434617e-05 0.06512621 0.0017659701 9.664363e-07 0.023948384 0.00026477216 0.0013398564 0.027051115 6.539922e-05 6.7678766e-06 0.0010030501 6.2761965e-06 1.9525996e-06 9.448835e-06 0.0028220972 0.007985624 2.23462e-06 0.00067429896
0.17318675 0.07871764 0.16416726 0.24076866 0.16601881 0.013651976 0.00069069216 0.000595603 0.04750148 0.7545392 0.01499004 0.2561443 0.12827463 0.0027603197 0.011145341 0.004085273 0.089503385 0.0006511112 0.0016247537 0.88081414 1.7064278e-05 0.0011338363 0.002793466 0.0025720187 1.8646457e-05 0.0007919872 0.0007319806 5.2832486e-19 0.0019864996 0.20763002 0.00019871864 0.045444854 0.00016762505 0.000114108305 0.5297852 0.9928507 3.9432957e-06 0.003481076 8.5045795e-06 0.0002462801 0.084749416 6.2809445e-06 0.0013199968 0.0035183202 0.31645504 5.483959e-07 0.00023031593 0.018652048 1.5971671e-05 1.8682538e-05 0.028489249 5.4888205e-05 2.572656e-07 0.0037908577 0.0097427275 0.007502403 2.9496101e-05 0.25453562 3.3140466e-05 0.0029348386 1.2275682e-06 8.896087e-06 0.0013692867 4.4098862e-05 2.2518263e-06 0.014709972 6.36577e-05 0.00011975989 0.050117005 0.0006801053 3.367542e-05 0.00015994742 0.0019049982 4.1051476e-06 3.8196513e-06 2.0795626e-06 2.0691403e-05 8.411553e-06 3.2786213e-07 1.6118629e-07 6.434846e-07 2.4136614e-07 6.213834e-08 0.0025956742 0.008820408 1.1137296e-06 0.0023215697 0.00012918308 3.963101e-07 0.025429765 0.0007021874 1.2494652e-07 1.415604e-09 1.9662575e-06 1.3338952e-07 4.1790145e-06 1.7791993e-09 7.750574e-05 0.0067436974 7.317802e-05 0.010237573
0.35265747 0.005261241 0.000576229 0.0030924608 0.15355587 0.017957246 4.78337e-06 0.0024718428 1.652725e-05 0.0011825651 2.5067703e-07 0.016842034 0.20404497 0.34229168 0.7069861 2.3655923e-06 8.499464e-06 0.09841746 0.4386352 0.00029894084 1.3403195e-07 0.0941955 0.8812427 0.95072114 5.2375134e-07 9.574703e-08 0.25170088 0.0019864996 3.028854e-16 1.06084535e-05 0.047878604 0.8959007 0.09248523 0.008292129 1.5259575e-05 0.0015649882 0.0006647103 0.91806203 0.00025061358 3.5417995e-06 0.32948932 0.0033263133 0.21234365 1.1212039e-05 0.00874858 4.087112e-06 0.047397036 0.7504674 0.001376031 0.0010347724 0.12458713 0.0024699317 6.033708e-05 2.9890546e-06 0.08240253 4.906038e-05 2.1034616e-06 0.0032556786 0.0011425335 7.1063296e-06 2.1957949e-05 0.00034829107 0.016673112 0.0011810983 4.703636e-06 2.3813816e-05 3.558993e-06 1.7314223e-06 0.0016261303 0.00096544944 9.455067e-05 2.35958e-07 2.4121036e-05 2.6845213e-05 9.698401e-06 3.9086382e-05 1.8451183e-05 0.00013651859 1.5235813e-05 1.1928162e-06 5.472116e-07 3.1216473e-06 3.1450384e-06 2.4422223e-05 0.01486823 6.18634e-06 4.0533537e-06 0.0001731401 5.154234e-07 0.00070245704 0.0029650924 3.836924e-08 1.2573209e-07 5.037631e-05 6.8148876e-07 2.7889657e-06 1.2961641e-07 5.9263177e-05 0.004172647 8.455514e-06 0.00037575906
0.13621788 0.005620876 0.033110734 0.008182656 0.0017288883 0.00032489572 0.004345772 4.6210516e-06 0.27519962 0.055693027 0.18401815 0.0020385273 0.00029858894 1.0939984e-05 4.6877587e-05 0.19680311 0.9703486 2.2726629e-06 2.1044289e-06 0.69533795 0.0023444977 2.8197696e-06 5.955379e-06 7.7873865e-06 0.0123777855 0.48274657 2.4647875e-07 0.20763002 1.06084535e-05 2.369196e-19 1.8976552e-06 0.00096283073 5.0016087e-07 2.455978e-06 0.9804891 0.050550412 6.123373e-07 2.7712747e-05 1.513113e-06 0.17680983 0.002452278 5.112612e-07 1.5305193e-05 0.74600166 0.032318234 8.4671785e-07 1.4607903e-06 0.00017940359 1.7677181e-06 4.0052514e-06 0.0012576682 6.24766e-07 4.0035044e-07 0.14100769 0.00014863325 0.13947669 0.009813355 0.11168921 4.62909e-07 0.08171386 1.3276612e-07 8.9696186e-07 2.5899377e-05 2.8557346e-07 0.0004685542 0.07133957 0.0025579925 0.0018520167 0.018555177 1.7323251e-05 1.3017504e-06 0.0013192447 0.018226374 5.689655e-07 0.00022891622 1.1630946e-07 1.7857161e-06 1.6959552e-07 3.8610477e-08 4.5868633e-09 4.1304258e-08 4.268364e-08 5.930421e-09 0.016345909 0.00042917457 6.0410855e-08 0.0378051 1.3056818e-06 6.586781e-08 0.016192175 0.00010573804 2.7679954e-08 7.0940365e-09 1.8070851e-07 1.4343357e-07 0.00025586376 1.4363102e-08 3.463659e-06 0.0025814956 0.002803149 0.026914565
