5.0091756e-29 0.5454529 0.6673185 0.84986436 0.7941639 0.8323501 0.85141695 0.9912424 0.4689834 0.771391 0.69619364 0.5163693 0.62257797 0.24822372 0.4199433 0.38733605 0.63535804 0.1889402 0.9095469 0.8757328 0.8950361 0.14967167 0.021795822 0.09134376 0.7252986 0.52382994 0.63515735 0.8199849 0.08826919 0.45457417 0.65879995 0.52175 0.63551414 0.79173344 0.786132 0.77979285 0.9797733 0.014435838 0.82108593 0.9413933 0.007875953 0.018904183 0.0034396937 0.56132483 0.69972587 0.005931268 0.71076113 0.0013637195 0.22452976 0.21590124 0.91957635 0.004169948 0.94775826 0.0006007781 0.00056016486 6.544252e-05 0.989183 0.047013033 7.9760175e-05 0.08417945 0.84210056 0.024611788 0.9940215 0.0014133002 2.051836e-05 0.9544456 0.9753743 0.06524011 0.00012546973 0.938147 0.031874496 1.5440045e-06 0.00020314244 0.022159524 0.8953842 0.0056352196 0.013360642 0.013556909 0.008329467 0.054778155 0.009704282 0.11316646 0.964497 0.95759207 0.0037930366 0.94458616 0.8093008 0.008548886 0.08083089 0.99975705 0.97022134 0.0001516634 5.929958e-07 5.411031e-07 0.99919397 0.9763096 7.58255e-07 0.9980145 2.0469051e-05 0.99779457 0.9990912
0.5454529 2.0120763e-19 0.97312915 0.9485215 0.57480985 0.4981796 0.5753203 0.8450087 0.16351216 0.15767877 0.017353307 0.13220154 0.008843199 0.66881555 0.039819174 0.001287129 0.0012086374 0.0026175373 0.056437343 0.0007699686 0.03992944 0.29215154 0.08222577 0.0003918776 0.0018765186 9.680221e-05 0.0028651038 0.0006711399 0.00018736592 3.0748088e-05 7.3265524e-05 3.948901e-05 8.698666e-06 0.00066784513 0.005780277 4.876037e-05 0.0049748383 0.023084553 0.0013514742 0.0104028825 0.015340842 0.002723314 0.052463613 3.3273252e-05 0.0016209766 0.0013529263 6.715436e-05 0.00064796227 3.6761918e-05 1.5414145e-05 0.00025004518 3.7860853e-05 0.0051261187 1.9204483e-05 0.0009546416 0.0005227825 0.0049973917 1.2959045e-05 0.013436178 5.4750517e-06 4.6972375e-05 1.176696e-05 0.006958936 3.249149e-06 0.00015180664 0.0023309786 0.0015693232 1.5787327e-05 0.011002891 9.9427896e-05 1.8899966e-05 0.00024312804 0.0007226132 3.5846755e-05 0.0003655089 2.1050602e-05 1.5959832e-06 1.0898757e-05 5.398465e-07 8.52518e-08 3.1369942e-07 7.614711e-07 4.8333182e-05 1.6888458e-05 3.9594295e-05 0.00080722 5.482936e-06 4.050148e-07 1.6595126e-06 0.0051017655 7.4950794e-06 3.426505e-07 5.605325e-05 1.1339974e-05 0.0015711479 0.00026274924 0.00019365583 0.0040324195 1.0290056e-06 0.0012707759 0.002468905
0.6673185 0.97312915 7.150372e-20 0.8182241 0.2248942 0.81575555 0.8990794 0.74527115 0.020835428 0.048680853 0.0032772087 0.40234137 0.0031218007 0.43683988 0.16581771 0.00042399755 0.00018119802 0.021005202 0.016074896 0.0070749717 0.12771076 0.4071658 0.050332837 0.0018070043 0.0011369988 0.0005622704 0.0013763513 0.004358888 6.393877e-06 0.00018493543 4.1562485e-06 0.00015494478 1.08743585e-07 0.00030809507 0.003718488 8.235913e-06 0.0018414506 0.043905206 0.0041030874 0.042304512 0.004977859 0.0013903246 0.03239254 2.5240433e-06 0.0045196465 0.0070713456 0.00041228542 0.0018112625 0.00028610244 4.1926688e-07 0.0006813007 1.7720121e-06 0.01291895 2.8931221e-05 0.0020746423 6.4306936e-05 0.014827237 1.3384655e-06 0.01093864 6.5807384e-05 0.0004243218 5.1358677e-07 0.01400511 1.7405271e-05 1.5874908e-05 0.0028914413 0.003930616 0.00011821991 0.010820329 2.654172e-05 6.014674e-05 0.00017042202 0.002449979 0.0001672321 7.50554e-05 0.00010379123 3.0935976e-07 4.518047e-05 1.607316e-07 9.166263e-09 1.1483552e-07 9.3439546e-08 0.00028637543 0.00034139902 8.191744e-05 0.0023237849 9.996985e-05 1.1959581e-07 5.618515e-06 0.0041163834 1.7819003e-06 8.222778e-07 5.919562e-05 1.5562597e-06 0.0051035318 8.322698e-05 0.000172487 0.012286651 4.5691553e-07 0.000687245 0.0031148104
0.84986436 0.9485215 0.8182241 1.4688769e-16 0.7473856 0.5227626 0.25586516 0.7796823 0.3939955 0.22109416 0.072217956 0.06101201 0.0070608165 0.9575399 0.013991127 0.0045806305 0.0022296624 0.0015727197 0.17608134 0.00068037485 0.016023254 0.6831794 0.33800456 0.00031037562 0.0048818677 8.110186e-05 0.003218923 0.00080925174 0.0010538027 1.3555073e-05 0.00032477026 2.866928e-05 5.3171367e-05 0.0005831212 0.01380102 0.00037488394 0.0033887697 0.09519466 0.002282337 0.007532503 0.059231855 0.02315987 0.18374503 3.9831e-05 0.0019356925 0.0068613496 4.8059195e-05 0.0015747081 3.0519543e-05 3.7607904e-05 0.00014134937 0.0006921471 0.0065920353 5.2625528e-05 0.007289774 0.0024471164 0.0027874818 8.330059e-05 0.05354162 4.9309856e-06 2.2781996e-05 7.834655e-05 0.0031049435 1.856997e-05 0.0013874152 0.002034475 0.00082104997 3.4912162e-05 0.03435653 0.00014166205 2.906737e-05 0.0012818407 0.008995516 6.3790314e-05 0.00042523284 9.7537064e-05 2.3948804e-05 7.761378e-06 1.1865404e-05 4.7217952e-07 8.46518e-06 1.6701263e-06 1.0003066e-05 1.8367377e-06 9.559872e-05 0.00023009462 3.583132e-06 1.02268905e-05 1.4467087e-06 0.0019782332 2.2512499e-05 5.7410597e-07 0.00044591737 0.00014490298 0.00037273695 0.00015736213 0.0014387725 0.0008930761 4.4520755e-05 0.0014507513 0.0007118532
0.7941639 0.57480985 0.2248942 0.7473856 9.813529e-19 0.034051232 0.007444115 0.80655015 0.9697866 0.86907285 0.8469684 0.011193589 0.2823343 0.64374673 0.002224405 0.1073675 0.054257467 1.5111122e-05 0.67221725 2.9433579e-05 0.0056776362 0.058000155 0.079184234 7.4068125e-06 0.02383388 3.7164034e-06 0.0123586245 0.0002392268 0.0057215793 1.2767513e-06 0.0018801559 8.9796924e-07 0.00034231987 0.0028249351 0.024804791 0.00097524276 0.009920144 0.00365872 0.0006040519 0.003591413 0.10477581 0.0454209 0.13264863 9.16261e-05 0.00034961873 0.00014443348 3.6895028e-05 7.524124e-05 2.4678534e-06 4.8531838e-05 4.7819405e-05 0.00037559125 0.00066190265 8.479887e-06 3.684528e-05 0.0011661758 0.00205413 0.00015055346 0.012348092 3.113131e-07 1.15183775e-05 6.816539e-05 0.007022448 2.6150283e-06 0.00039712622 0.007135222 0.00027182788 2.6743446e-06 0.0010336348 0.0012121298 4.340046e-06 0.00016109539 0.00013440463 4.0308896e-05 0.0012935493 0.00010834542 1.5098057e-05 2.7657275e-05 5.963563e-06 8.1744577e-07 1.157819e-05 1.3420405e-06 1.3535025e-05 6.0174193e-06 1.958154e-05 0.00015902314 7.411653e-06 8.211936e-06 5.3788386e-07 0.0051112445 0.000100616424 2.75012e-07 1.0366753e-05 1.649834e-05 0.0028612113 0.000995007 0.00011172189 0.00079999643 3.2636694e-05 0.0017126878 0.001068303
0.8323501 0.4981796 0.81575555 0.5227626 0.034051232 3.9786662e-16 0.9393693 0.29672608 0.009231006 0.019679949 0.0019973246 0.3225733 0.0018172013 0.48072156 0.09141289 0.00062899094 0.00029578453 0.74770755 0.001862332 0.3926423 0.06597252 0.9524973 0.11915034 0.15471026 0.00090889656 0.0357588 0.00079356687 0.028233612 3.1653433e-06 0.014949809 7.6292454e-06 0.016340999 2.9282361e-07 0.00021863346 0.0045331707 0.00014321455 0.0026028357 0.47137138 0.024993818 0.0430486 0.0079592215 0.0014638054 0.049418844 7.4130944e-06 0.03246057 0.23561084 0.011424786 0.13634858 0.0034767683 2.8209747e-06 0.009111966 3.8399153e-06 0.033655662 0.004438821 0.062288776 3.4999404e-05 0.01506354 9.680543e-07 0.0162019 0.0024510855 0.0037762953 3.9879933e-06 0.006141433 0.0023826517 9.019653e-05 0.0007674588 0.0059459396 0.00062737014 0.08614683 1.0830651e-05 0.0006486124 0.00032898894 0.080533646 0.0012368623 0.00012472039 0.0010183606 2.3386112e-05 0.0006236945 4.670652e-06 7.9829647e-07 1.1785035e-06 4.4645586e-07 0.0006998713 0.0010852789 0.00094039814 0.0027263921 0.00031795178 8.777314e-06 0.000115165276 0.0022845464 5.709149e-06 0.00012983695 0.0009952686 6.152832e-06 0.0018257241 2.6809113e-05 0.0007308272 0.009094944 4.191907e-06 0.00049632776 0.00095364026
0.85141695 0.5753203 0.8990794 0.25586516 0.007444115 0.9393693 5.4360705e-18 0.5039606 0.0009911057 0.0039707585 0.00014833405 0.7725285 0.0007642324 0.053656172 0.6670381 4.666122e-05 1.2614622e-05 0.64738345 5.053091e-05 0.77834535 0.28779364 0.408983 0.0057259873 0.07651852 0.00024656986 0.06392577 0.00082934374 0.10460775 9.3883294e-08 0.012159018 3.864678e-07 0.008806913 4.070733e-09 0.00021571672 0.002539192 8.061809e-06 0.0021618658 0.08937516 0.03981862 0.13212283 0.00048617655 0.00027506624 0.0021736154 8.5074066e-07 0.041187648 0.014689209 0.004243467 0.007233496 0.0020355622 1.388437e-07 0.007756576 2.3638423e-08 0.088049635 0.0006885731 0.00363174 5.0160515e-06 0.04603411 4.088874e-08 0.0013289002 0.0004653757 0.0021613978 3.4511768e-07 0.025140071 0.00014879479 4.2183515e-06 0.0013147038 0.027244305 0.00040315485 0.007046754 1.2097836e-05 0.0002332198 3.9102677e-05 0.0067047467 0.00071166083 8.0422156e-05 0.00073864096 9.2317305e-06 0.0005215085 3.3276044e-07 8.150481e-09 1.0138317e-07 3.1791078e-08 0.0018084438 0.002901312 0.00029755253 0.008542708 0.00030420758 1.7203706e-07 6.0793718e-05 0.002765091 7.755362e-06 4.899257e-06 3.727494e-05 7.373894e-07 0.0071082115 7.79975e-05 4.299088e-05 0.05194739 3.3662803e-07 0.00055244204 0.004340638
0.9912424 0.8450087 0.74527115 0.7796823 0.80655015 0.29672608 0.5039606 6.506184e-15 0.4338115 0.87275827 0.19670948 0.58839744 0.55980235 0.431301 0.36439833 0.08013448 0.007860228 0.0025902737 0.29382345 0.004414839 0.6790778 0.11012578 0.0240395 0.00056905486 0.05199745 0.00016586567 0.18433048 0.0019524898 0.0006480877 8.6270935e-05 0.00014012745 7.663825e-06 0.00038205826 0.011581582 0.18438889 0.0007976116 0.31519333 0.0013774812 0.011678719 0.28778335 0.006678512 0.002872114 0.008290275 0.00015883776 0.007078508 0.0012914046 0.00012352485 5.5339588e-05 2.5703755e-05 1.8472874e-05 0.00017406259 3.6784518e-06 0.04935333 2.3176099e-05 5.2863044e-05 2.4851473e-05 0.18942066 6.639801e-05 0.0003506343 1.0563227e-05 6.5089545e-05 1.5232952e-05 0.5403104 1.4702389e-05 7.516593e-05 0.06756073 0.031126883 4.8251342e-05 0.00021333757 0.0025749097 2.5416051e-05 3.4490982e-05 3.5901972e-05 3.4231092e-05 0.0043700305 7.6254735e-05 1.7314704e-06 2.60258e-05 5.4383536e-06 1.15703415e-07 3.3725962e-06 1.1475347e-06 0.00047880804 0.00027722304 6.274249e-05 0.010161716 3.0341731e-05 2.1574303e-06 1.4143593e-06 0.2775731 0.00021517428 1.1089772e-06 4.316254e-06 8.12622e-07 0.34843567 0.0061557433 2.079873e-05 0.08187596 4.922341e-06 0.018441664 0.21477531
0.4689834 0.16351216 0.020835428 0.3939955 0.9697866 0.009231006 0.0009911057 0.4338115 5.2974384e-18 0.69927514 0.95053625 0.0014945396 0.19598795 0.5539277 0.00064365927 0.1857362 0.15600567 2.6012833e-06 0.8949638 2.057186e-06 0.0006802781 0.05645531 0.079702616 1.1838937e-06 0.025888864 2.2567806e-07 0.010660762 2.1553853e-05 0.10135158 3.8912265e-08 0.018850906 1.0517734e-08 0.028339753 0.0034553239 0.02609949 0.0031377529 0.008162428 0.005075726 0.000146373 0.0002319964 0.2592766 0.23247853 0.20255701 0.0008674584 5.2942458e-05 4.3690798e-05 4.204647e-06 1.1531753e-05 2.2954373e-07 0.00053008745 3.551439e-06 0.011122544 0.00012777673 4.8582615e-06 2.6743359e-05 0.009821421 0.0003891004 0.021432985 0.030649392 7.702534e-08 1.1633304e-06 0.00079774135 0.0015649366 1.5551011e-06 0.004957677 0.004473731 2.4382824e-05 1.0921955e-06 0.0026908615 0.00135735 2.1689602e-06 0.00037575062 0.00017345906 6.546939e-06 0.002738469 4.2718853e-05 8.5559484e-05 9.093739e-06 6.434196e-05 7.890063e-06 4.1856576e-05 1.5428852e-05 1.2595682e-06 2.0634333e-07 8.578642e-06 1.0053342e-05 1.4401809e-06 1.6857306e-05 2.5760835e-07 0.0049779825 0.00027047726 1.8333758e-08 3.2043587e-05 9.686076e-05 0.0006550446 0.0014074681 0.00026611178 0.00013358398 0.00050899363 0.0025961385 0.00057389005
0.771391 0.15767877 0.048680853 0.22109416 0.86907285 0.019679949 0.0039707585 0.87275827 0.69927514 5.958664e-17 0.81568044 0.016876264 0.97321403 0.13810717 0.002854369 0.5271178 0.33144015 8.236294e-05 0.5371366 7.060897e-05 0.011318604 0.02716606 0.010099516 6.6931375e-06 0.16390926 6.6899215e-06 0.09012758 0.00017222119 0.024938086 7.045485e-07 0.0122070955 9.2724724e-07 0.010597328 0.026169745 0.1180038 0.005003444 0.07459331 0.00076355453 0.0006197607 0.0077699246 0.013111366 0.016510159 0.012478995 0.00097189425 0.0005631806 4.0115e-05 2.1119333e-05 4.4083637e-05 8.6771695e-07 0.00040722307 4.1081617e-05 0.00038620443 0.00090122595 3.2875825e-05 2.2139433e-05 0.00015401178 0.008177968 0.00058346137 0.0005989243 7.247433e-07 3.9289356e-05 0.00026542696 0.054898668 1.9202285e-05 0.00036645582 0.04721893 0.0008118525 6.6057605e-06 0.0003463461 0.010606164 8.431663e-06 0.00012126361 1.5189998e-05 1.2797312e-05 0.012936308 4.8466347e-05 4.725742e-05 1.7127293e-05 3.589971e-05 1.4782155e-06 4.6434423e-05 9.15114e-06 0.00015412197 0.0001347892 2.4690858e-05 0.0008867601 1.5844795e-05 1.5686745e-05 7.927559e-07 0.040983822 0.0005626518 1.2861442e-06 4.3121886e-06 5.922789e-06 0.012858064 0.009939363 9.4726136e-05 0.0031145064 1.7034443e-05 0.011512305 0.0031546333
0.69619364 0.017353307 0.0032772087 0.072217956 0.8469684 0.0019973246 0.00014833405 0.19670948 0.95053625 0.81568044 1.3906562e-17 0.00085343816 0.52374625 0.14374374 0.00015264517 0.5911652 0.8619555 2.0207612e-07 0.89907247 4.2520912e-07 0.00012353403 0.019583033 0.015291829 7.739516e-07 0.14247209 6.702451e-08 0.05878178 4.102353e-06 0.62796175 4.410279e-08 0.5282803 7.770601e-09 0.4365252 0.017107133 0.06739615 0.06678666 0.018705448 0.0017151617 6.4270695e-05 5.2080224e-05 0.0881906 0.21953772 0.029073434 0.028138159 2.4572279e-05 7.757227e-06 2.0540435e-06 9.58681e-06 4.0638406e-07 0.010635837 3.0297822e-06 0.024068298 2.1757316e-05 4.7694584e-06 1.1221935e-05 0.0019214284 0.00013389188 0.05304564 0.0030261672 1.657405e-07 3.5393768e-07 0.010627887 0.0012596026 4.907101e-07 0.004065198 0.009617868 8.534129e-06 4.2292731e-07 0.00086535886 0.012442517 1.7660449e-06 0.00045581508 3.5520134e-05 9.059418e-06 0.020922853 4.4282562e-05 0.00067320856 1.0460343e-05 0.00053669646 4.9404538e-05 0.0007437337 0.000102858576 4.7569145e-07 2.3202769e-07 8.781685e-06 1.2933476e-05 1.7320103e-06 0.00014210872 1.2121654e-06 0.009695244 0.0024682854 1.0580295e-07 2.763791e-06 8.332347e-05 0.00026363102 0.0056105857 7.525925e-05 5.1426614e-05 0.0015545 0.006004882 0.00029192178
0.5163693 0.13220154 0.40234137 0.06101201 0.011193589 0.3225733 0.7725285 0.58839744 0.0014945396 0.016876264 0.00085343816 5.031817e-20 0.03459467 0.05778016 0.98798513 0.00023012732 0.0001819308 0.10292044 0.00026142853 0.22853889 0.82688993 0.19294052 0.0042763148 0.0057579726 0.002769024 0.015511089 0.019135881 0.13171951 2.0750487e-05 0.0037200772 2.38737e-06 0.0027398546 4.8240963e-06 0.0038599365 0.012529019 2.259117e-05 0.04456956 0.011461667 0.043365534 0.26697925 0.001971035 0.0015456392 0.0024150591 2.8717234e-06 0.058335517 0.004288957 0.0006991868 0.002212457 0.0008636696 4.2907035e-07 0.004450382 3.2896633e-06 0.110616386 0.00058401644 0.00014023119 2.259575e-06 0.07984685 2.2790688e-07 0.00019098596 0.000319509 0.0008403928 4.6715386e-06 0.07336095 4.242552e-05 2.9508326e-06 0.008183476 0.039335076 0.0010278763 0.003942224 0.00051253533 0.00019465534 0.00013207075 0.00012774127 7.980034e-05 0.0030569485 3.4254113e-05 7.931889e-06 3.2151795e-05 8.627779e-06 5.7738088e-08 1.3566187e-06 3.3529882e-06 0.0036693986 0.0032866297 2.888039e-05 0.032656234 2.4537947e-05 2.9364621e-06 2.8165838e-05 0.01893136 0.00010560864 1.047775e-06 5.162646e-05 1.4379508e-06 0.029238874 0.001878534 0.00026740032 0.07334987 2.4509568e-06 0.0091272155 0.06757239
0.62257797 0.008843199 0.0031218007 0.0070608165 0.2823343 0.0018172013 0.0007642324 0.55980235 0.19598795 0.97321403 0.52374625 0.03459467 7.8857866e-18 0.015948758 0.001914341 0.9840886 0.5364233 6.2356926e-06 0.20315123 1.305416e-05 0.019945338 0.0056137536 0.001192508 3.5911817e-06 0.55295473 1.8190354e-06 0.4570453 0.00011530395 0.01470033 1.3060186e-07 0.070073135 1.852444e-07 0.012012726 0.1227007 0.25278977 0.14120486 0.25970066 0.00030321322 0.0004908589 0.009092352 0.0021181942 0.004444001 0.00071281724 0.014897007 0.00023356033 5.6534677e-06 2.6114434e-05 1.1621123e-05 4.9105137e-07 0.0034190225 8.3489154e-05 0.000137324 0.0015676329 1.7986742e-05 4.2685946e-07 3.8595604e-06 0.014364872 0.00012672434 4.2916263e-06 7.3678564e-07 7.072792e-05 0.00050250144 0.11881323 6.557146e-07 2.0512296e-05 0.21262057 0.0022854682 5.3898736e-07 1.1171534e-05 0.08187409 1.0672734e-06 4.470018e-06 2.0142954e-06 2.8142542e-06 0.093872 1.199012e-05 0.00010710482 1.942809e-06 4.8226957e-05 6.2622125e-06 5.6011886e-05 0.0001286787 0.0006491677 0.00016817219 5.6382595e-07 0.0032898393 1.1503502e-05 2.2481883e-05 4.7699746e-07 0.110154055 0.0027179122 1.7652157e-07 9.811913e-07 1.2480951e-06 0.045807876 0.026987733 2.2373324e-06 0.009461225 3.1532886e-06 0.040125113 0.012658749
0.24822372 0.66881555 0.43683988 0.9575399 0.64374673 0.48072156 0.053656172 0.431301 0.5539277 0.13810717 0.14374374 0.05778016 0.015948758 4.930753e-18 0.00508753 0.017053552 0.009883596 0.00013477379 0.5578072 0.0003833658 0.0051778085 0.5793036 0.9865157 2.0546617e-05 0.0099462755 6.502777e-06 0.0016466501 4.2485848e-05 0.005438137 2.2336623e-07 0.000506235 1.7442901e-06 0.0003358567 8.4982676e-05 0.009350789 9.208723e-05 0.0014514233 0.30468833 0.0005771879 0.0014863353 0.3485162 0.09859956 0.54045963 1.9472134e-05 0.00087500684 0.00019330507 1.7351376e-05 0.0010983505 1.2622835e-06 7.022889e-06 3.165952e-05 0.0002601688 0.00050941954 3.378819e-06 0.006395222 0.029574359 0.0005001118 8.296523e-05 0.1702411 2.7889362e-06 6.117002e-06 1.057442e-06 0.0006672982 2.889058e-07 0.0030627174 0.00039789692 0.00010194158 6.3537436e-07 0.061530326 0.00054829114 1.417475e-07 0.004517268 0.005155365 6.832347e-07 0.00031821692 8.867275e-07 3.1356587e-06 5.0975743e-08 3.673092e-06 5.5314445e-08 1.5049884e-05 1.3881233e-07 5.558641e-06 5.6320873e-06 4.2977845e-07 0.00015323164 2.5658142e-06 3.851585e-06 2.2381688e-08 0.000770143 4.716955e-06 5.6894027e-08 0.0007032091 0.00024345497 0.00045989885 0.00024537963 0.0025189384 0.0013118527 0.00017534968 0.000547209 0.00021012503
0.4199433 0.039819174 0.16581771 0.013991127 0.002224405 0.09141289 0.6670381 0.36439833 0.00064365927 0.002854369 0.00015264517 0.98798513 0.001914341 0.00508753 1.5795076e-19 5.1769686e-05 4.179535e-05 0.053373687 7.0537526e-06 0.43190897 0.98133093 0.049222797 0.0003960585 0.0069527803 0.00023148012 0.11525186 0.0026851152 0.45790738 5.9411263e-07 0.0035794487 5.654856e-07 0.020818308 1.8773677e-07 0.00024460183 0.002622293 2.1568255e-06 0.007959157 0.002508295 0.08239947 0.3076029 8.6243126e-05 7.6534794e-05 0.00015578695 9.73394e-07 0.04097109 0.002161873 0.01828671 0.0003242652 0.002647935 6.180278e-08 0.022075204 7.4080624e-08 0.09052582 3.801342e-05 8.127472e-06 2.6864393e-07 0.10128525 1.168641e-08 1.4959477e-05 0.0012573835 0.009156623 5.1233593e-07 0.06125072 3.1742036e-06 3.0835565e-07 0.0045341845 0.0444388 0.0010854027 0.0008561128 7.9324294e-05 0.00077738415 1.8667871e-06 4.7700228e-06 0.00032506278 0.00026103292 9.813598e-05 4.730666e-07 0.00014298705 6.376995e-08 2.7377347e-09 4.531931e-08 9.2319015e-09 0.02929583 0.04127797 1.0102752e-05 0.034282856 0.0003357326 1.9957632e-08 0.00030807362 0.010258927 6.7284043e-07 7.9523886e-07 1.422938e-06 2.740348e-08 0.059691686 0.00023948312 2.7212639e-06 0.08373945 5.293304e-08 0.0022668457 0.032728128
0.38733605 0.001287129 0.00042399755 0.0045806305 0.1073675 0.00062899094 4.666122e-05 0.08013448 0.1857362 0.5271178 0.5911652 0.00023012732 0.9840886 0.017053552 5.1769686e-05 8.075415e-17 0.9801839 2.9808035e-07 0.3208233 4.88852e-07 0.00011927263 0.002828027 0.0010414342 1.049429e-06 0.68122536 2.7957097e-07 0.1796327 2.605544e-06 0.079310715 1.8403478e-08 0.30856603 4.2452978e-08 0.10194341 0.08654892 0.09852193 0.5036096 0.055133995 0.00013745947 5.4203123e-05 0.00017213056 0.0021641422 0.010567686 0.0005846762 0.09385853 9.166959e-06 2.1373444e-06 2.5059517e-06 3.5355103e-07 1.4741744e-07 0.029781109 2.270198e-06 0.0005839571 2.3474619e-05 7.818112e-06 1.2713996e-07 5.316216e-06 0.0007522965 0.0014908497 6.6347397e-06 3.3571734e-08 1.8217429e-07 0.0057694335 0.016541751 2.7158416e-07 7.1282106e-05 0.048620384 3.2270586e-05 1.0351498e-07 1.9915566e-05 0.16821064 1.3672047e-07 5.8059063e-06 1.6735605e-06 4.5071718e-07 0.21082246 8.43789e-06 0.000615644 1.5020253e-06 0.00021962421 0.00010517054 0.00028070013 0.00040096586 7.799605e-06 2.3302447e-07 7.190086e-07 0.00012338214 1.4625543e-07 9.5087446e-05 1.0755708e-07 0.033883218 0.010040115 3.7547604e-08 1.447055e-06 9.467817e-07 0.0049112234 0.061162855 7.4827453e-06 0.00029090958 3.0151161e-06 0.046105675 0.0018758387
0.63535804 0.0012086374 0.00018119802 0.0022296624 0.054257467 0.00029578453 1.2614622e-05 0.007860228 0.15600567 0.33144015 0.8619555 0.0001819308 0.5364233 0.009883596 4.179535e-05 0.9801839 3.173013e-16 1.7400143e-07 0.36308518 1.1035618e-06 4.1636053e-05 0.00035013942 0.0011636262 5.9256304e-06 0.5049037 5.4339034e-07 0.13842902 4.8076818e-06 0.38635778 1.3594428e-07 0.8699629 4.621527e-08 0.4532262 0.084432535 0.08930105 0.77898955 0.02688667 0.00024022517 5.2297128e-05 6.853688e-05 0.006263616 0.03274199 0.001544747 0.38281405 5.532795e-06 4.515144e-05 1.02104505e-05 9.098553e-06 7.1228413e-07 0.15746641 5.283727e-06 0.012039976 1.4563648e-05 1.692333e-05 5.405478e-06 9.074155e-05 0.0001355769 0.045286547 8.906296e-05 3.8778288e-07 4.5688114e-07 0.10372861 0.003937054 4.0135927e-07 0.0006925208 0.03825808 1.426575e-05 9.859681e-08 0.00016760075 0.23197931 4.5054827e-07 3.604156e-05 1.462493e-05 5.7192465e-06 0.25660756 2.7259513e-05 0.0042298487 1.4608468e-05 0.0016423662 0.00023184909 0.0012623233 0.0013152268 2.6314497e-06 2.9335663e-07 1.7113846e-06 1.1714145e-05 5.259577e-07 0.00037601177 5.0971784e-07 0.025231797 0.02689503 9.273131e-08 6.2789204e-06 5.8526703e-06 0.00080878456 0.05867516 1.9633222e-05 5.8102014e-05 4.805456e-05 0.034553755 0.0006519248
0.1889402 0.0026175373 0.021005202 0.0015727197 1.5111122e-05 0.74770755 0.64738345 0.0025902737 2.6012833e-06 8.236294e-05 2.0207612e-07 0.10292044 6.2356926e-06 0.00013477379 0.053373687 2.9808035e-07 1.7400143e-07 4.883422e-22 2.6548717e-08 0.8850962 0.005284896 0.29144642 0.00013351711 0.99195844 2.8594053e-07 0.43429786 1.2267291e-06 0.15036508 2.0874875e-09 0.22657576 1.66411e-08 0.2665311 1.899769e-09 2.7498055e-07 2.2069467e-05 1.0646084e-07 0.0002679466 0.07679406 0.017503327 0.0067229085 1.0924982e-07 1.1631207e-06 1.5941397e-06 3.4478365e-08 0.034799 0.32293093 0.053658564 0.072453246 0.077509224 6.585673e-09 0.04164843 2.5572015e-07 0.015068347 0.019121137 0.007610661 1.1032039e-08 0.00599766 4.812434e-08 1.8696136e-07 0.016813884 0.00918514 9.1726854e-08 0.00021284677 0.018378807 1.4487915e-07 0.00019223697 0.00450074 0.0013204998 0.00040517127 1.5333455e-06 0.0009470916 2.5188504e-07 0.0011734888 0.003753261 1.6900934e-06 0.058057573 7.172722e-06 0.02897846 1.0458651e-06 3.9695102e-08 8.296257e-08 1.8426967e-07 0.0047171535 0.0074122725 0.00065628334 0.0051121246 0.0011508821 9.4128e-07 0.00033560584 0.0007332601 5.3150427e-07 0.0015248425 3.2048797e-06 8.4202805e-09 0.00015947936 9.128251e-06 8.252151e-07 0.017305883 4.8551922e-09 7.9285426e-05 0.0014169656
0.9095469 0.056437343 0.016074896 0.17608134 0.67221725 0.001862332 5.053091e-05 0.29382345 0.8949638 0.5371366 0.89907247 0.00026142853 0.20315123 0.5578072 7.0537526e-06 0.3208233 0.36308518 2.6548717e-08 4.610542e-18 3.8999865e-08 2.2826396e-06 0.031817243 0.21990944 2.1787205e-08 0.089446336 1.3334213e-08 0.022992289 3.6897407e-06 0.8723908 2.6514289e-09 0.3082332 7.192524e-10 0.41698724 0.005608563 0.06471472 0.05255944 0.005708039 0.0028080975 1.6948414e-05 1.557086e-05 0.74191046 0.9345043 0.54121745 0.035688102 2.0681803e-06 1.3533468e-06 7.9038773e-07 7.823265e-06 5.9535075e-09 0.012347726 1.6152783e-06 0.5323331 1.1432425e-05 1.253133e-06 2.8935445e-05 0.07964269 2.2735225e-05 0.5493194 0.17012568 8.138571e-08 8.657942e-07 0.018081222 0.00031167688 6.8960276e-07 0.05532953 0.003287835 1.5316734e-06 2.604253e-07 0.0074207485 0.0045216316 2.1743251e-07 0.0019413431 0.00036966984 9.2432583e-07 0.011962333 9.404612e-06 0.0001568204 2.6527798e-07 0.00014793551 1.2972208e-06 0.00083120255 8.425269e-07 2.85461e-07 1.972712e-07 1.2777075e-06 1.7012728e-06 2.9690875e-06 4.628256e-05 8.355666e-08 0.0044291564 0.00047765847 1.1123513e-07 1.6332553e-05 0.0008186981 0.0003934715 0.002318304 0.0009925031 3.1874493e-05 0.02074521 0.0026598582 3.0179317e-05
0.8757328 0.0007699686 0.0070749717 0.00068037485 2.9433579e-05 0.3926423 0.77834535 0.004414839 2.057186e-06 7.060897e-05 4.2520912e-07 0.22853889 1.305416e-05 0.0003833658 0.43190897 4.88852e-07 1.1035618e-06 0.8850962 3.8999865e-08 2.8667164e-19 0.10775491 0.09176064 0.00019100562 0.68220085 1.1665115e-05 0.93626744 8.731849e-05 0.81476957 8.118195e-09 0.75541764 2.3586045e-08 0.7388336 3.9853735e-08 3.4666696e-06 0.0006706668 7.4460667e-07 0.0011716012 0.0274875 0.1872212 0.13384876 9.91828e-07 4.74325e-06 1.5213671e-05 2.4122633e-08 0.2945326 0.14534496 0.3101713 0.033799972 0.31424844 5.5167013e-09 0.36122826 3.596036e-07 0.11405592 0.00542698 0.0051818914 4.976375e-08 0.054615878 6.366031e-07 1.6900855e-06 0.06596949 0.05101651 1.7573781e-07 0.0053490493 0.007664856 1.7387479e-06 0.00070729124 0.037729383 0.0057644364 0.00042922085 2.487826e-06 0.0062570516 5.299249e-06 0.00058165466 0.042057637 2.8628163e-05 0.122331195 3.41504e-06 0.08934058 1.3872001e-06 1.04987585e-07 3.996024e-07 2.4015446e-07 0.026797818 0.03944425 0.0075553744 0.054481167 0.0034386425 9.97862e-07 0.00064482144 0.0030140488 1.5121753e-06 0.0025697937 3.5701466e-06 2.863518e-07 0.0043858853 5.713379e-05 4.192989e-05 0.096152455 7.495355e-07 0.0005750981 0.00500102
0.8950361 0.03992944 0.12771076 0.016023254 0.0056776362 0.06597252 0.28779364 0.6790778 0.0006802781 0.011318604 0.00012353403 0.82688993 0.019945338 0.0051778085 0.98133093 0.00011927263 4.1636053e-05 0.005284896 2.2826396e-06 0.10775491 4.733647e-21 0.014848273 0.00026804936 0.0005451692 0.004264783 0.0045275367 0.035813075 0.19273263 2.0858458e-07 0.0016479383 7.31206e-07 0.0020005892 4.365223e-07 0.003727521 0.034337543 2.3838833e-05 0.20861958 0.0004430453 0.15132415 0.8509014 1.3994481e-05 2.1583059e-05 4.6095967e-05 1.09664425e-05 0.08364778 9.41359e-05 0.0003519979 4.1385898e-05 0.00021923185 3.1287001e-07 0.004290886 5.601635e-08 0.34548482 1.0077175e-05 3.1353654e-06 3.4701608e-07 0.477036 1.602332e-08 2.5616698e-06 4.6610185e-06 0.00024716434 6.551933e-07 0.54867446 4.4114404e-06 7.3663387e-07 0.03476713 0.19250381 0.00021836464 6.3237926e-06 0.0013082259 0.00011004532 3.116299e-06 1.93536e-06 6.881192e-06 0.012680962 1.088992e-06 1.3138246e-06 3.3043486e-07 8.520373e-07 3.4141284e-08 2.1828521e-07 1.90403e-07 0.0105753485 0.006036174 3.3165743e-06 0.1086708 1.09820585e-05 5.1645463e-07 8.854089e-06 0.1253663 4.8411697e-05 9.5208165e-08 3.7287737e-07 1.4812586e-07 0.359731 0.0045304867 3.931032e-06 0.26446596 7.992517e-07 0.04083654 0.32956627
0.14967167 0.29215154 0.4071658 0.6831794 0.058000155 0.9524973 0.408983 0.11012578 0.05645531 0.02716606 0.019583033 0.19294052 0.0056137536 0.5793036 0.049222797 0.002828027 0.00035013942 0.29144642 0.031817243 0.09176064 0.014848273 6.0109937e-16 0.7399207 0.11548216 0.0009197108 0.017458566 0.00010980378 0.011894481 6.548903e-05 0.003670046 3.759435e-05 0.008680435 5.0088192e-06 2.2566861e-05 0.0011145092 0.00016175475 0.0006513655 0.9911404 0.004303447 0.0052144984 0.007904407 0.00087820954 0.13524662 2.2472086e-05 0.005001011 0.6143667 0.0029325862 0.35881087 0.0015737587 1.6576952e-06 0.0017407505 1.6623574e-06 0.0028394 0.011621938 0.25875962 0.00034478222 0.00153171 3.9819433e-06 0.031145519 0.0010480294 0.0005898779 1.8951813e-06 0.0006813381 0.0029183212 1.2773511e-05 0.00062310323 0.001137726 5.8460682e-05 0.12694554 0.0004551742 6.420215e-05 0.0014032939 0.09292518 5.279982e-05 0.00013714103 6.304954e-05 6.5424047e-07 1.0938231e-05 2.0678992e-07 2.6796013e-08 2.41294e-06 5.231468e-07 0.00020206679 0.00055648026 2.4412046e-05 0.0010295804 5.9836988e-05 7.986772e-07 8.514216e-07 0.0014129922 1.4031799e-06 5.7797613e-05 0.0033149319 4.0562012e-05 0.0007030327 0.00039941445 0.0010889132 0.007223156 3.7270438e-06 0.00063247915 0.00042779252
0.021795822 0.08222577 0.050332837 0.33800456 0.079184234 0.11915034 0.0057259873 0.0240395 0.079702616 0.010099516 0.015291829 0.0042763148 0.001192508 0.9865157 0.0003960585 0.0010414342 0.0011636262 0.00013351711 0.21990944 0.00019100562 0.00026804936 0.7399207 8.078465e-17 6.4583255e-05 7.7003504e-05 1.386131e-05 3.3797907e-05 5.5696713e-05 0.009389978 7.922684e-07 0.0001968115 9.957218e-06 0.0004797878 3.815754e-07 2.825901e-05 9.300148e-05 1.4630307e-06 0.49120864 5.9849837e-05 1.9564479e-05 0.5690782 0.16898894 0.8962685 4.9033446e-05 6.08807e-05 0.0013167416 2.3663179e-05 0.03112088 1.3156263e-06 6.5534664e-06 8.977518e-05 0.0006266054 1.765721e-05 7.681943e-06 0.093465395 0.16883896 3.8303453e-05 0.00039130877 0.66683894 8.568258e-06 1.0037554e-05 2.39511e-06 1.2839523e-05 4.0003692e-06 0.025182102 3.17626e-06 1.1426517e-05 5.457401e-06 0.45970446 2.477867e-06 6.603307e-07 0.088981815 0.055064615 8.719139e-06 4.7210056e-06 5.283903e-06 1.2375873e-05 2.322359e-06 2.0322382e-06 9.603802e-08 3.0297679e-06 1.9760296e-07 1.8164959e-06 2.0171406e-06 8.395155e-06 3.4558393e-06 7.662072e-06 5.245244e-06 1.3584195e-06 1.1047385e-05 3.675329e-07 4.8200494e-08 0.016882364 0.004969641 1.630294e-05 1.64289e-06 0.059039656 8.304106e-05 0.0012367155 1.1810175e-05 1.2652007e-05
0.09134376 0.0003918776 0.0018070043 0.00031037562 7.4068125e-06 0.15471026 0.07651852 0.00056905486 1.1838937e-06 6.6931375e-06 7.739516e-07 0.0057579726 3.5911817e-06 2.0546617e-05 0.0069527803 1.049429e-06 5.9256304e-06 0.99195844 2.1787205e-08 0.68220085 0.0005451692 0.11548216 6.4583255e-05 1.2196639e-20 2.7973379e-06 0.41820633 7.704614e-06 0.050039075 3.2151224e-08 0.72132397 1.1212424e-07 0.31535232 7.0982993e-09 5.2653985e-07 1.8204006e-05 6.6650095e-08 1.3428079e-05 0.08974142 0.0041300603 0.0024588949 6.8980074e-07 1.3440629e-06 3.3960991e-06 3.6941874e-08 0.017867997 0.53202665 0.112991296 0.124229394 0.5290096 1.5824114e-08 0.025415637 3.3460933e-07 0.0039070086 0.07279129 0.012996393 2.0281962e-07 0.0022425342 4.517045e-08 7.1128085e-07 0.29813024 0.007290939 1.3224927e-07 8.091993e-05 0.09569549 5.942628e-07 1.9947309e-05 0.0005254742 0.008047342 0.00037280467 3.714313e-06 0.019954057 3.6150734e-06 0.00078769017 0.067135796 8.782397e-06 0.43094042 1.9099023e-05 0.26658523 3.0381063e-06 7.841999e-08 2.447249e-07 2.886629e-07 0.0014531983 0.002817892 0.028839935 0.0010533496 0.0015446733 5.6099966e-06 0.0010033993 0.0002867036 8.85357e-07 0.032426458 2.3850032e-06 3.008259e-07 0.00030466862 7.319543e-06 1.593256e-05 0.0034023623 1.00794324e-07 7.558545e-05 0.00037805486
0.7252986 0.0018765186 0.0011369988 0.0048818677 0.02383388 0.00090889656 0.00024656986 0.05199745 0.025888864 0.16390926 0.14247209 0.002769024 0.55295473 0.0099462755 0.00023148012 0.68122536 0.5049037 2.8594053e-07 0.089446336 1.1665115e-05 0.004264783 0.0009197108 7.7003504e-05 2.7973379e-06 1.9387492e-18 3.4738146e-06 0.97022134 2.0377956e-05 0.029935025 8.486953e-07 0.15259479 1.916381e-07 0.101582274 0.9656706 0.51645046 0.48096794 0.26668236 0.0001350508 0.00023731035 0.0035060674 0.0026611814 0.0067862514 0.00035742417 0.21398571 3.903617e-05 1.2847829e-05 4.6435775e-06 2.1989938e-06 5.9420645e-06 0.088235945 7.3832853e-06 0.00017349962 0.0008914381 1.4245439e-05 9.924903e-07 1.3937397e-05 0.014146913 0.0004475041 1.6585562e-05 5.8168325e-07 8.874356e-07 0.024234874 0.09577499 9.683785e-07 7.195722e-06 0.2211631 0.0020713464 1.4553922e-06 0.00038153812 0.34652564 2.6841496e-07 3.5469628e-05 5.15623e-05 3.5708651e-06 0.5147947 6.683194e-06 0.0039045145 6.3977436e-06 0.0010760038 0.00012475703 0.00033372323 0.0045008236 9.558692e-06 4.652649e-07 1.2310594e-06 0.00061316456 2.1554701e-08 0.00019005605 3.16971e-07 0.13475801 0.013214112 7.056837e-07 4.9208384e-06 4.0060215e-07 0.059516624 0.1683386 2.0069278e-05 0.005681311 1.3749402e-05 0.3532917 0.014582781
0.52382994 9.680221e-05 0.0005622704 8.110186e-05 3.7164034e-06 0.0357588 0.06392577 0.00016586567 2.2567806e-07 6.6899215e-06 6.702451e-08 0.015511089 1.8190354e-06 6.502777e-06 0.11525186 2.7957097e-07 5.4339034e-07 0.43429786 1.3334213e-08 0.93626744 0.0045275367 0.017458566 1.386131e-05 0.41820633 3.4738146e-06 2.9021765e-21 3.8768452e-05 0.6859697 4.9426895e-08 0.89590085 5.3697917e-09 0.97805417 9.455807e-09 7.0114993e-06 5.908958e-05 4.6056787e-08 0.00082328264 0.0014747311 0.10470484 0.020516166 1.3099154e-07 4.448665e-06 4.8903803e-07 2.2183256e-08 0.21332437 0.03799387 0.7183731 0.0027710015 0.5495736 4.6445447e-09 0.4595368 3.5050172e-07 0.053267933 0.004547054 0.00015595256 4.225931e-09 0.017609317 3.5804177e-07 6.077537e-08 0.2959087 0.20012338 7.420482e-07 0.0013988612 0.005519331 3.4235103e-07 0.00043250984 0.023788862 0.034438644 3.9998944e-05 8.018735e-07 0.041186746 1.2311028e-06 6.658923e-06 0.16818397 5.5155524e-06 0.10471293 1.6781443e-06 0.17237186 1.5037926e-06 2.2158515e-08 1.2262102e-07 4.794406e-07 0.054567967 0.11301524 0.037421465 0.04727525 0.010732 4.0587508e-07 0.0016910199 0.0021840339 2.1326665e-07 0.0068805814 1.1079434e-06 2.4211827e-08 0.0015735162 6.897525e-06 5.317758e-06 0.070424624 4.532735e-08 0.00049046025 0.007388277
0.63515735 0.0028651038 0.0013763513 0.003218923 0.0123586245 0.00079356687 0.00082934374 0.18433048 0.010660762 0.09012758 0.05878178 0.019135881 0.4570453 0.0016466501 0.0026851152 0.1796327 0.13842902 1.2267291e-06 0.022992289 8.731849e-05 0.035813075 0.00010980378 3.3797907e-05 7.704614e-06 0.97022134 3.8768452e-05 6.7606745e-20 0.00014118919 0.0067163208 2.1410177e-07 0.056713488 1.712583e-06 0.037229277 0.95874923 0.7348488 0.1600909 0.67978275 0.00011791713 0.0016551084 0.0100674415 0.0004617089 0.0026185946 0.00022697996 0.11069566 0.0002912166 2.2147968e-05 1.3299613e-05 7.616727e-06 5.3152944e-06 0.026357993 4.8342677e-05 9.241746e-06 0.00224993 3.2314792e-06 1.6504183e-06 6.6174634e-06 0.028905647 4.4212115e-06 4.81081e-06 2.1740711e-06 3.7195892e-05 0.0027799583 0.16421595 4.3144738e-07 1.1576573e-06 0.6563534 0.005084161 5.1953552e-06 0.0005604566 0.22318056 3.0438588e-07 1.3266398e-05 6.377572e-05 4.5213033e-06 0.33411634 3.729501e-06 0.0010101524 9.648078e-06 6.610812e-05 7.954952e-05 3.010601e-05 0.0006546721 0.0004313433 5.9148722e-05 7.7134916e-07 0.002643832 4.63026e-07 2.9765088e-05 1.5348407e-06 0.28494748 0.0025719833 5.1840135e-07 2.1122262e-06 7.201509e-08 0.13081358 0.12778002 2.0276889e-06 0.011657877 3.6239103e-06 0.4730018 0.037399475
0.8199849 0.0006711399 0.004358888 0.00080925174 0.0002392268 0.028233612 0.10460775 0.0019524898 2.1553853e-05 0.00017222119 4.102353e-06 0.13171951 0.00011530395 4.2485848e-05 0.45790738 2.605544e-06 4.8076818e-06 0.15036508 3.6897407e-06 0.81476957 0.19273263 0.011894481 5.5696713e-05 0.050039075 2.0377956e-05 0.6859697 0.00014118919 4.98002e-16 1.303461e-06 0.22624251 3.5718068e-07 0.7240831 6.8388005e-07 3.0617466e-05 0.00034640668 2.9846053e-06 0.0024904255 0.0020680109 0.908384 0.4077249 3.2335556e-05 0.00017527996 2.241417e-05 1.7038091e-06 0.8562256 0.0036988251 0.48272184 0.00068625534 0.0585106 6.185927e-08 0.9354412 2.1144915e-06 0.36786586 0.0009330727 3.758542e-05 4.163246e-06 0.09689197 2.1731905e-06 1.01826e-05 0.016872168 0.26907688 1.0430075e-06 0.006511429 0.00017262637 4.496985e-06 0.0010464857 0.116087295 0.017553158 0.0012537158 9.775875e-06 0.003341312 1.3058854e-05 0.00013057167 0.00826075 0.00022772777 0.0069027403 1.1558486e-05 0.0065976675 1.6016813e-06 2.2362798e-07 5.433401e-07 2.7565886e-06 0.20484608 0.15734632 0.0019246571 0.16866148 0.0019780446 8.8074455e-07 0.0024150927 0.0045600105 3.8352196e-06 0.0009423947 5.7068653e-05 2.669992e-06 0.008193218 0.00013890046 8.375272e-05 0.16556711 4.2470274e-06 0.00178794 0.02383716
0.08826919 0.00018736592 6.393877e-06 0.0010538027 0.0057215793 3.1653433e-06 9.3883294e-08 0.0006480877 0.10135158 0.024938086 0.62796175 2.0750487e-05 0.01470033 0.005438137 5.9411263e-07 0.079310715 0.38635778 2.0874875e-09 0.8723908 8.118195e-09 2.0858458e-07 6.548903e-05 0.009389978 3.2151224e-08 0.029935025 4.9426895e-08 0.0067163208 1.303461e-06 2.120574e-21 8.299272e-10 0.68461525 2.2377367e-09 0.9919384 0.0018348173 0.005622771 0.08771008 0.00034951058 1.9254098e-06 7.893064e-06 9.672201e-07 0.14955449 0.58363515 0.011969054 0.11729661 2.4848225e-07 8.279801e-08 5.244639e-06 3.994477e-07 1.1236224e-08 0.072893344 3.1839966e-06 0.64947414 7.3410297e-07 2.8255142e-06 1.7966828e-06 0.0025735719 2.0976313e-05 0.8590955 0.0009200099 1.5190842e-08 1.2072606e-07 0.38331378 7.475866e-05 4.0581395e-07 0.020893084 0.0019388314 8.5486073e-07 2.302778e-07 8.602921e-05 0.031352725 4.909469e-07 0.00017792055 5.554323e-06 3.0767724e-06 0.017214075 9.8259825e-06 0.0028827668 1.2533404e-05 0.0055014873 5.393244e-06 0.017111858 3.5340814e-05 1.7255203e-07 1.381682e-07 5.42707e-06 3.2758478e-06 1.085285e-05 0.0006615555 2.5230696e-07 0.0012918991 0.004730725 1.5094946e-07 9.352705e-07 0.00038059926 5.1201994e-05 0.004502612 5.4001688e-05 6.6484654e-06 0.005173063 0.0030586761 0.00017679507
0.45457417 3.0748088e-05 0.00018493543 1.3555073e-05 1.2767513e-06 0.014949809 0.012159018 8.6270935e-05 3.8912265e-08 7.045485e-07 4.410279e-08 0.0037200772 1.3060186e-07 2.2336623e-07 0.0035794487 1.8403478e-08 1.3594428e-07 0.22657576 2.6514289e-09 0.75541764 0.0016479383 0.003670046 7.922684e-07 0.72132397 8.486953e-07 0.89590085 2.1410177e-07 0.22624251 8.299272e-10 7.862387e-18 7.492009e-09 0.9034176 4.8284114e-09 4.705242e-08 2.9611867e-06 5.6656006e-08 2.6813665e-05 0.0013591168 0.036300287 0.018657224 4.2715488e-08 7.1093905e-07 2.3282499e-07 1.23838e-08 0.06916634 0.057151992 0.7458697 0.0013131495 0.96207315 1.8509217e-09 0.21643054 2.3879971e-07 0.027586227 0.0060532517 0.0007747538 1.4320592e-08 0.0097925775 5.7667314e-08 1.17582985e-07 0.48915437 0.07389135 3.1765035e-07 0.00015781104 0.009793772 1.7977601e-07 7.293981e-05 0.0035413387 0.045721766 1.5700782e-05 6.0733566e-07 0.09711506 6.6045857e-07 3.7621536e-05 0.260406 1.3039684e-06 0.2695686 3.2359603e-06 0.34179425 1.5825486e-06 3.9253376e-08 4.586846e-07 9.2785626e-08 0.014492939 0.023266919 0.12946019 0.008992819 0.013401184 2.786392e-06 0.0036822588 0.00041034943 1.63326e-07 0.027160492 1.0875909e-06 4.020878e-08 0.00037950408 7.5836756e-06 4.5763704e-06 0.017850045 2.60187e-07 4.9156723e-05 0.0007450855
0.65879995 7.3265524e-05 4.1562485e-06 0.00032477026 0.0018801559 7.6292454e-06 3.864678e-07 0.00014012745 0.018850906 0.0122070955 0.5282803 2.38737e-06 0.070073135 0.000506235 5.654856e-07 0.30856603 0.8699629 1.66411e-08 0.3082332 2.3586045e-08 7.31206e-07 3.759435e-05 0.0001968115 1.1212424e-07 0.15259479 5.3697917e-09 0.056713488 3.5718068e-07 0.68461525 7.492009e-09 8.0711645e-17 2.7477316e-09 0.805644 0.036931794 0.03469733 0.95187914 0.0056424774 1.5922064e-05 8.863538e-07 1.6925502e-06 0.0033677367 0.034786828 0.0007352257 0.9003957 9.695908e-07 2.8618033e-05 3.3306713e-07 4.143898e-05 4.1626464e-08 0.69537824 6.62895e-07 0.02598675 4.0094824e-06 2.41537e-05 3.15363e-05 3.1320502e-05 8.827632e-06 0.15732765 3.4750956e-05 1.0302471e-07 5.6766095e-07 0.55309993 0.00019410015 1.2551782e-06 0.0007435101 0.015309617 1.083788e-06 5.6213474e-07 0.0007204168 0.3295469 6.6581265e-07 5.2998177e-05 0.0008940736 4.6140038e-05 0.2089119 4.7495483e-05 0.13172127 0.00020978366 0.04369343 0.0044293758 0.025684133 0.004477739 6.795087e-07 4.341434e-07 8.819364e-05 2.8839831e-06 3.1293791e-06 0.013322515 1.4811435e-06 0.009713235 0.03348638 4.0995634e-05 1.1084691e-05 8.134296e-06 5.5087843e-05 0.080610245 3.2541993e-05 4.2854816e-05 0.0012193838 0.03702523 6.1961684e-05
