4.151783e-23 3.3338145e-07 0.0012846267 0.0011089466 2.733847e-09 0.00889736 3.467412e-05 0.0015099872 0.0024008271 1.5928028e-09 0.035830874 3.430364e-05 6.746144e-07 0.00013782794 0.009167287 0.05359396 5.5112217e-09 0.005732519 0.0011462449 0.000446468 0.0029463868 0.0008078753 0.120274045 0.6555193 0.07775697 0.0043813623 0.0041217087 0.06282561 9.331345e-06 0.08627427 0.12714034 0.2271435 0.007178636 3.526054e-06 0.3692042 0.0070818025 0.27009952 0.30111352 0.12111493 0.5953955 0.24137726 0.0023570252 8.539201e-06 0.7098561 0.5792267 0.054032516 0.0010386435 1.6525377e-05 0.23873913 0.37852624 0.24357514 0.059096083 0.07312265 0.0006761739 0.24553035 0.71861154 0.5613148 0.676025 0.0074154963 0.0028501651 0.063671514 3.542068e-05 0.6163662 0.16011186 0.46231267 0.08785586 0.0027730344 0.122927696 0.25726902 0.26353672 0.008332888 0.10048477 0.022587866 0.18913673 0.28011045 0.99618363 0.18591315 0.4814037 0.3378411 0.12236784 0.00043581915 0.97700626 0.7179175 0.023024784 0.53183943 0.0014622363 0.8374773 0.0011182083 0.0047637494 0.009865175 0.65501225 0.99785835 0.9978112 0.97724336 0.8250053 0.9850395 0.9991941 0.38065353 0.06021688 0.6836607 0.99993265
3.3338145e-07 2.8917585e-19 0.86734045 0.13281135 0.73664486 0.04544815 0.22387943 0.039404083 0.014490542 0.037080556 0.029382186 0.001018329 0.020820983 0.014421651 0.011708048 0.0046573062 0.00043509595 0.00070117234 0.0006863905 0.0034401973 0.0009585896 0.0020921526 0.0010240594 0.0007503372 0.00045613822 8.2864804e-05 0.004959616 5.8519476e-05 0.00018728053 1.2550759e-05 1.1651497e-05 5.9563255e-05 8.297559e-07 1.4119678e-05 0.00028602497 1.6736578e-06 8.981457e-07 9.579152e-06 3.8246926e-06 1.41060045e-05 8.129689e-06 6.1356894e-07 3.30129e-07 1.2543627e-05 5.683939e-07 1.75057e-07 8.55306e-09 9.249139e-07 8.862904e-09 1.4548059e-05 7.4145155e-06 0.0006445402 1.1851307e-06 4.035124e-05 1.75129e-05 5.963904e-06 0.00017979188 5.1320298e-05 3.2972656e-07 1.2518709e-07 1.6681055e-05 8.377425e-06 1.9400834e-06 1.0990629e-05 1.608916e-05 1.0484611e-05 2.2901513e-06 9.232277e-06 5.204259e-05 1.4391862e-05 3.935012e-06 7.309342e-05 1.009431e-06 2.6421922e-06 0.00016106499 0.00010754196 1.3613504e-06 5.0059626e-08 2.1356034e-07 4.903293e-05 1.9670237e-05 3.4811476e-06 0.00018215111 1.3189327e-06 4.1500633e-07 1.2107334e-07 6.819387e-05 1.910981e-05 4.45827e-07 0.0003767218 1.1808706e-06 0.00027268706 0.0005256714 6.784482e-05 2.9923829e-06 0.0015714976 1.9456586e-06 6.583557e-05 6.9731796e-05 2.5561243e-05 0.00069383933
0.0012846267 0.86734045 1.20883166e-17 0.84315306 0.21848825 0.7128061 0.28178594 0.5372273 0.5474555 0.3115854 0.5301169 0.12951222 0.22706327 0.07948781 0.2110117 0.27452895 0.0182719 0.08473978 0.010769745 0.07077108 0.03475551 0.008971951 0.085806005 0.052430905 0.030459892 0.006390021 0.010686306 0.056568835 0.0034845108 0.007533879 0.0049288706 0.010938405 0.00064776547 0.00036857068 0.003925116 0.0030171648 0.00019995144 0.0031215192 0.0006037202 0.0022859105 0.00227908 0.00028133715 3.6790672e-05 0.0039565214 0.00024705075 0.00010839068 4.072502e-06 0.00013777288 1.3538464e-06 0.00015343343 0.00039752087 0.015522987 0.0006435777 0.0001871634 0.001677265 8.910594e-05 0.0012048574 0.0002964586 2.0435835e-05 0.00011652002 0.0001834513 6.383638e-05 5.4454045e-05 4.179778e-05 0.00018885922 9.304141e-05 2.6445201e-05 7.696701e-05 0.0041073374 0.000102541926 1.5899468e-05 0.0037231846 5.038907e-06 0.00092073844 0.0030073544 0.0008507751 8.217017e-05 1.2642943e-06 2.3547087e-05 0.00039835917 0.0019207405 0.00037563976 0.004788688 2.8276086e-06 1.0986552e-05 3.920127e-06 0.003070441 0.0006582591 1.970718e-06 0.0012459973 1.0462179e-05 0.004622247 0.0074484046 0.0006892245 1.2804002e-05 0.012637525 9.1185626e-05 0.0005069638 0.00013913552 2.047853e-06 0.010072367
0.0011089466 0.13281135 0.84315306 8.292113e-19 0.011058264 0.8203617 0.3457535 0.25736794 0.47433397 0.00555319 0.93295 0.034591973 0.043632664 0.0763289 0.18151338 0.40143734 0.00027174884 0.074789844 0.019370504 0.018767038 0.026612537 0.02042182 0.1830197 0.13328294 0.085696496 0.0051083523 0.016210461 0.03554787 9.997243e-05 0.0066226977 0.0065863114 0.044590376 4.029955e-05 5.337807e-06 0.0039985273 0.00032382758 0.00010487867 0.019359024 0.008316838 0.0062403544 0.010100181 5.2872525e-05 7.084558e-07 0.027251374 0.00075735856 1.2608222e-05 1.1988553e-07 4.0746096e-07 4.796592e-07 0.00010222537 1.7648319e-05 0.00034941523 1.28661595e-05 6.3751875e-05 1.3859143e-05 0.00039465664 0.0008865416 0.00017487758 1.7281816e-07 3.9695637e-06 2.6022051e-05 4.8111174e-06 3.0874542e-06 5.950957e-06 0.00013549328 2.6181676e-06 8.412014e-07 7.6011944e-05 0.00037646675 9.802537e-06 3.8128896e-06 4.6373796e-05 3.4813644e-07 4.0653566e-05 0.00013874569 0.0006444446 7.883022e-06 1.5247428e-05 2.4689141e-05 0.00018649951 4.9852366e-05 0.00044689485 0.0024972714 9.121707e-08 1.2606293e-06 1.3599177e-06 0.00037749478 0.00014680835 1.6103878e-07 2.7647202e-05 1.9765037e-06 0.0010788732 0.0010409689 0.00023135456 1.2264096e-06 0.0019635097 9.110713e-05 4.7459806e-05 1.2900511e-05 9.1737314e-07 0.00030691296
2.733847e-09 0.73664486 0.21848825 0.011058264 6.902509e-22 0.0035189993 0.010231204 0.024336148 0.0033124215 0.79260767 0.0016763025 0.005211496 0.051051125 0.00261134 0.002690724 0.0009203105 0.02124619 0.00028182616 8.843216e-05 0.003804318 0.000568799 0.00012303963 7.983529e-05 9.425538e-05 5.5481367e-05 0.0007656272 0.00015026989 3.5599554e-05 0.00061542145 1.7928378e-05 1.703225e-05 2.5895275e-05 1.2497787e-05 6.1091174e-05 2.2059105e-06 4.9059403e-05 4.9830664e-06 2.8265774e-07 3.7206235e-06 1.9341219e-06 1.0755415e-06 1.1858706e-05 4.0281047e-06 5.6801755e-06 1.6045325e-06 1.3855422e-06 4.2936936e-08 2.463541e-06 4.8278242e-08 2.5075485e-06 1.1641382e-06 4.1970135e-05 1.7012728e-06 9.6996025e-08 1.3541097e-06 1.4849609e-06 1.8737137e-05 7.292523e-06 4.6569544e-09 4.6667292e-08 7.397723e-07 1.1269256e-08 9.100883e-07 7.827022e-07 3.080043e-06 2.213116e-07 6.109114e-08 7.522739e-07 7.2446105e-06 1.0668307e-06 2.6291205e-05 5.889096e-06 6.363485e-08 2.7683466e-06 1.4613685e-06 4.4135253e-05 5.142303e-07 1.1350604e-06 2.1391882e-06 1.6452167e-06 4.918861e-07 1.5017839e-05 2.9243405e-05 5.841523e-08 1.0793459e-07 3.433373e-08 7.89738e-06 2.9357045e-07 2.7379905e-09 4.844102e-07 2.969239e-07 3.7240083e-05 0.0007159461 3.352594e-05 2.979448e-07 0.0036808732 2.5357074e-05 1.4997815e-07 4.6832943e-07 2.1174499e-06 0.0013785806
0.00889736 0.04544815 0.7128061 0.8203617 0.0035189993 6.3737833e-20 0.0856599 0.65883756 0.9197557 0.008084523 0.69157434 0.20407137 0.04534457 0.0114002535 0.059686963 0.85161775 0.0011192597 0.54955524 0.002378124 0.07645281 0.25609994 0.0026309302 0.43859616 0.14987399 0.27747104 0.06684953 0.00081368996 0.2719813 0.0026719333 0.093098484 0.07247507 0.25832653 0.0015674691 0.00014194658 0.0021474194 0.003397878 0.008381932 0.04270276 0.059033513 0.009398745 0.015881717 0.0007141063 5.179969e-06 0.09129638 0.013724808 0.0011064984 8.913114e-06 8.790247e-06 0.0006108969 0.0045227422 0.00043450092 0.0005682638 6.3524894e-05 1.33112235e-05 0.00019346885 0.0035199395 0.0029798062 0.0027775164 1.5544198e-05 4.234476e-05 0.0012016249 3.969191e-05 2.9861614e-05 0.0005334386 0.0009862274 0.00018935591 1.0786453e-05 0.00082570245 0.00065169577 9.366111e-05 4.587102e-06 0.00015879747 1.0985337e-05 0.00023521602 0.0003490156 0.0007975984 1.3903253e-05 0.00017690641 0.0004637893 4.5709774e-05 0.00040858673 0.0018184297 0.0014326884 9.129482e-07 1.7465723e-06 2.33648e-05 0.00037206183 0.0006424723 7.6109353e-07 0.00012903965 2.4358526e-06 0.00037128822 0.0014436835 0.00048644072 1.7606753e-06 0.0011573113 0.00069861056 8.9900605e-05 2.9270019e-05 6.6029324e-06 0.00023205702
3.467412e-05 0.22387943 0.28178594 0.3457535 0.010231204 0.0856599 2.0849031e-22 0.0068723485 0.019723145 0.00059128646 0.45651707 0.00058703014 0.0026165014 0.91829145 0.6037225 0.05841244 2.4494882e-05 0.0038621216 0.10317586 0.00031903098 0.00023902612 0.19297594 0.09530682 0.24299538 0.015108624 2.941506e-05 0.42677963 0.0016196115 2.7422802e-06 0.0003285951 5.7708778e-05 0.006234332 4.0814194e-07 3.1679966e-07 0.038446486 3.0668007e-06 9.0950225e-06 0.009465904 0.00039909538 0.019559495 0.009252479 2.2033203e-06 1.7246936e-08 0.004283686 2.4014258e-05 2.2962222e-06 2.3507303e-07 1.6328821e-08 6.4917884e-07 4.5187582e-05 0.0014740885 0.005637107 7.838799e-06 0.0018164355 0.0003425308 0.0009957901 0.0013345213 0.0013279583 4.95394e-08 2.0948765e-07 1.6668413e-05 0.00022272015 1.698073e-06 1.4611909e-05 0.00035926155 1.1656431e-05 5.247523e-07 9.84809e-05 0.00037287045 1.3267716e-05 8.577008e-09 2.4294643e-05 2.1843742e-07 7.4230666e-05 0.00023897072 0.000436431 2.5022775e-05 2.6581702e-06 3.83351e-05 2.1070367e-05 1.01076475e-05 0.00013989644 0.0011956851 3.4530554e-08 3.3378528e-06 7.199847e-08 0.00030997008 2.6811683e-06 4.500093e-09 3.2707892e-05 3.9293587e-05 0.001958478 0.0015420159 0.0023001928 1.0025853e-05 0.002220994 0.00015340841 0.00011183949 2.3873803e-05 7.5564253e-07 0.00056248205
0.0015099872 0.039404083 0.5372273 0.25736794 0.024336148 0.65883756 0.0068723485 1.4738982e-19 0.89287794 0.093909994 0.05090475 0.6615129 0.5310315 9.931077e-05 0.00050517765 0.26988998 0.04590874 0.43323848 7.2124885e-07 0.42322278 0.43706325 3.096399e-07 0.034600403 0.0009937775 0.03152878 0.11406928 2.3551712e-07 0.24489799 0.036654998 0.06184427 0.08096727 0.049501654 0.0087141525 0.0010343969 5.73626e-07 0.004796899 0.0006433377 0.00018017739 0.008088151 9.5734895e-06 0.00010061537 0.00020633162 2.971929e-06 0.005526444 0.0019196995 3.51736e-05 1.7466196e-07 5.338207e-07 1.919316e-06 2.6764408e-05 8.475848e-07 3.3311957e-05 9.044198e-06 2.8813812e-07 1.9554134e-06 2.378675e-06 3.020537e-05 3.3586963e-05 1.5918317e-08 3.8912506e-07 1.1494915e-05 7.116591e-08 5.922797e-07 1.1168759e-06 4.3470733e-05 5.540052e-07 3.0087882e-08 4.7575336e-06 2.3493409e-05 9.515911e-07 1.3571486e-07 1.3258463e-06 2.5218656e-08 6.6951934e-06 2.8755903e-06 8.548425e-06 8.270169e-07 6.785251e-07 1.4999754e-06 8.9180406e-07 3.444225e-06 3.6968322e-05 3.5668985e-05 9.332621e-09 1.15590815e-07 4.182016e-08 4.657448e-05 1.4418749e-05 1.1170425e-09 9.753622e-07 1.1875542e-06 8.124198e-05 0.00012434355 4.1295618e-05 6.3825235e-07 3.72125e-05 1.1771017e-06 1.5632033e-06 6.6131165e-08 6.031366e-07 4.8973134e-06
0.0024008271 0.014490542 0.5474555 0.47433397 0.0033124215 0.9197557 0.019723145 0.89287794 2.1376228e-20 0.012985591 0.21626619 0.3905498 0.1800338 0.0015741646 0.010438624 0.6824033 0.0018353519 0.68945134 0.0001737233 0.14328732 0.4583144 0.0001990477 0.16047028 0.030415967 0.11324133 0.085813224 8.86604e-05 0.3309133 0.006382743 0.10151642 0.09382316 0.16540658 0.0039947275 0.0002630308 5.7752713e-05 0.0045145717 0.0060646674 0.010231535 0.037747253 0.0014064752 0.0037030557 0.00015305054 3.9043443e-06 0.042955663 0.012810213 0.00044767887 2.8932254e-06 1.4723947e-06 0.00019466519 0.0018689887 3.4851484e-05 0.000120995144 2.3040919e-05 1.1737477e-06 1.1046732e-05 0.000107064574 0.00026154376 0.000914015 3.4075936e-06 8.891702e-06 0.00025964456 2.9043858e-06 1.1392665e-05 0.00012516102 0.00022893674 3.6354562e-05 7.1601535e-06 0.00012199414 6.83693e-05 1.5891435e-05 1.3093902e-06 9.140525e-06 1.8284292e-06 0.000114045 2.3297425e-05 7.974938e-05 1.1019301e-05 1.8596182e-05 2.287221e-05 1.7506154e-05 7.984268e-05 0.0005974368 0.00033766867 1.9203272e-07 1.0567362e-06 1.929759e-06 9.0791844e-05 4.4941582e-05 3.6672972e-07 7.554059e-06 1.7450005e-06 0.00013569668 0.0012154792 0.00038891085 7.4508534e-07 0.0007493175 0.00021451637 6.2994386e-06 1.4641627e-06 3.2820672e-06 4.5539124e-05
1.5928028e-09 0.037080556 0.3115854 0.00555319 0.79260767 0.008084523 0.00059128646 0.093909994 0.012985591 2.2761292e-21 0.001265331 0.05890932 0.42647848 0.00017643043 0.00025144406 0.0020602352 0.7179453 0.0025260267 5.0073527e-06 0.029997272 0.0073440443 8.100072e-06 9.98359e-05 0.0001472124 0.00010804341 0.0056214146 7.5016296e-06 0.00030271255 0.0021198657 0.00012360275 0.00014493935 0.00014548608 0.00021597464 0.00083119376 2.7918584e-06 0.0010838559 3.10493e-05 3.1123398e-06 1.8517978e-05 7.500206e-06 2.596475e-06 8.3181905e-05 4.0984334e-05 1.7791028e-05 5.6865388e-06 1.1010384e-05 1.4997294e-06 0.0001256612 2.7472473e-07 2.8452469e-05 4.3746167e-07 0.00016088321 5.09969e-06 1.04277916e-07 9.120266e-07 1.3087636e-06 7.638135e-06 1.9448156e-05 7.6883515e-07 5.8273537e-07 9.412957e-06 1.4408562e-07 4.9613586e-06 4.8561815e-06 5.6074073e-06 4.098326e-06 4.7096596e-06 2.0824737e-06 1.4341471e-05 2.6867086e-05 0.0015166021 6.6787e-05 5.73449e-06 4.2871292e-05 9.160239e-06 0.0001262032 3.9897226e-05 4.958102e-07 5.288834e-06 3.22465e-05 1.6275699e-06 2.4549863e-05 0.000105274186 1.7051767e-07 5.739718e-07 2.5004464e-08 4.3943695e-05 4.1118246e-06 2.6664512e-07 3.7860507e-06 1.9845463e-06 2.3578928e-05 0.0007132123 0.00016968866 2.2490215e-06 0.005612014 0.00021384272 1.6039903e-07 1.3245204e-06 5.769482e-06 0.002136439
0.035830874 0.029382186 0.5301169 0.93295 0.0016763025 0.69157434 0.45651707 0.05090475 0.21626619 0.001265331 5.4290784e-21 0.013220074 0.005430275 0.23035724 0.6089842 0.65075445 1.9968322e-05 0.07214251 0.18923567 0.0024017708 0.014517924 0.13016525 0.8354687 0.8195009 0.3953872 0.002764375 0.08218454 0.059734456 2.517794e-05 0.0139446445 0.008254466 0.118209675 1.9093177e-05 6.6379616e-06 0.079062805 0.00023747268 0.00038015633 0.16896963 0.04229957 0.115746014 0.09418856 0.000104026476 3.2591376e-07 0.090383716 0.0034431464 8.017997e-06 7.537967e-08 5.6535293e-07 1.9990987e-06 0.0023511634 0.008248253 0.0031808265 1.1252455e-05 0.00022487361 0.00030640615 0.006037622 0.008679178 0.00599412 6.305912e-08 3.1537666e-06 0.0002245209 1.9122717e-05 1.6252695e-06 2.5523339e-05 0.0012659419 8.014883e-05 2.1339413e-06 0.0004345442 0.0015897847 3.7175944e-06 3.589228e-07 6.212428e-05 2.1803926e-07 6.441109e-05 0.001101261 0.00042983092 1.6808792e-05 5.225176e-05 3.4106968e-05 0.00029234996 0.00011962988 0.00041288254 0.0040328447 2.3884618e-07 7.198406e-06 1.7380765e-06 0.00052225904 2.4439722e-05 1.2789333e-07 2.7939162e-05 5.384441e-06 0.0015745129 0.0009116164 0.00062980485 4.031756e-06 0.00036519603 0.00016946967 0.0003203514 4.5302702e-05 7.5820262e-06 7.50139e-05
3.430364e-05 0.001018329 0.12951222 0.034591973 0.005211496 0.20407137 0.00058703014 0.6615129 0.3905498 0.05890932 0.013220074 7.116788e-21 0.7997736 1.4827921e-05 7.99078e-05 0.06278987 0.056520265 0.20359921 9.609184e-07 0.7088121 0.45957008 5.591726e-07 0.0070406906 0.00079765695 0.007892159 0.3012551 7.4011035e-07 0.060822405 0.17660968 0.03048836 0.047544394 0.014091303 0.017996928 0.014332462 4.81081e-06 0.030732693 0.012469649 0.00021881619 0.007861837 0.0001436246 0.00010624709 0.002142022 0.0010629185 0.0023657144 0.00198585 0.0032656824 1.1750934e-05 9.421817e-05 0.0016105708 0.0014212999 6.1153983e-06 0.00012317536 0.00041221763 3.6649968e-07 1.6506954e-06 4.248834e-06 4.3607546e-05 0.00010974118 1.8683215e-05 6.653939e-06 0.00013363075 7.8076134e-08 0.000107636246 9.73538e-05 3.741341e-05 1.4649261e-05 4.023099e-06 4.486557e-05 1.7321352e-05 3.8106158e-05 4.7504245e-06 2.5066256e-06 5.1655593e-06 5.243786e-05 1.8664532e-05 2.4393079e-05 1.4423975e-05 1.6850683e-05 3.4624554e-05 7.565976e-06 5.267818e-06 4.8854858e-05 4.096882e-05 2.5510465e-07 3.656529e-06 1.2690712e-07 0.000118003765 5.429311e-06 1.5989836e-07 2.727527e-07 3.0315641e-05 7.265509e-05 5.7908903e-05 5.0194754e-05 4.2567876e-06 0.00015927051 1.0310188e-05 1.8186246e-06 3.3509633e-07 9.703243e-07 1.5634307e-05
6.746144e-07 0.020820983 0.22706327 0.043632664 0.051051125 0.04534457 0.0026165014 0.5310315 0.1800338 0.42647848 0.005430275 0.7997736 1.4793367e-23 5.7038837e-05 0.00012809628 0.010068055 0.5770565 0.025826411 7.097955e-07 0.561014 0.15291047 5.053775e-07 0.0008769613 0.0013363981 0.0009459311 0.105872504 2.4965962e-06 0.0045173713 0.19218206 0.0028059145 0.006682063 0.0010524424 0.0044737607 0.019366905 3.2470305e-06 0.0149874315 0.0013012993 2.3108894e-05 0.0002720704 9.504316e-06 3.9674425e-05 0.0019224127 0.0036082403 9.45928e-05 9.0779555e-05 0.00084060436 8.596962e-06 0.0012132092 8.7757784e-05 1.1012598e-05 3.980648e-08 0.000120914745 0.0002016554 1.15105024e-07 4.132782e-06 3.0861497e-06 2.2278855e-06 9.545564e-06 3.2827093e-06 4.2876336e-06 1.6351489e-05 4.795746e-09 1.076249e-05 3.0625217e-06 5.0476727e-05 1.5590643e-06 1.6749551e-07 3.6894305e-06 1.612572e-05 2.1698436e-06 4.0130726e-05 6.046974e-07 4.1332786e-08 1.4367131e-06 4.4998383e-06 1.5208552e-05 1.3698339e-06 1.7482737e-06 8.364165e-06 3.6182206e-07 8.263881e-08 1.4491328e-05 3.3753007e-05 1.1515285e-08 3.1402507e-07 2.4194686e-09 1.9308867e-05 3.0276217e-06 2.3694486e-08 6.117947e-06 5.49597e-07 1.1619782e-05 5.4500546e-05 1.2855316e-05 2.7347625e-07 0.00012171373 1.3890476e-05 1.3464645e-06 7.130636e-07 5.8902054e-07 8.723975e-07
0.00013782794 0.014421651 0.07948781 0.0763289 0.00261134 0.0114002535 0.91829145 9.931077e-05 0.0015741646 0.00017643043 0.23035724 1.4827921e-05 5.7038837e-05 7.7935156e-21 0.6686249 0.0077158534 1.1736795e-06 5.0906303e-05 0.26600793 1.2735707e-05 1.9931867e-05 0.3747322 0.032068558 0.25790775 0.004987182 1.810075e-06 0.6738502 7.486525e-05 1.1476042e-07 2.2626295e-05 1.4351075e-05 0.0012856219 4.177809e-07 3.86552e-08 0.1387205 2.2880706e-06 9.381716e-06 0.005499491 2.2013826e-05 0.019584423 0.007788256 2.3828868e-06 2.2594305e-08 0.0019774053 2.5835385e-05 2.9301787e-06 3.10815e-07 1.497871e-08 1.0093743e-06 1.0361988e-05 0.0023594417 0.015143849 5.073969e-06 0.016019747 0.0018092081 0.0030535685 0.0014899949 7.536376e-05 6.756642e-08 5.394512e-07 4.5626866e-06 0.0016682177 6.630897e-07 4.5064968e-07 9.913471e-06 1.1746761e-06 1.075218e-07 4.577995e-06 0.0015283431 2.5987565e-06 1.7248671e-07 5.7954698e-05 9.5707776e-08 5.8794805e-05 0.00027665944 0.002470538 1.6795108e-05 8.1272356e-07 1.3461995e-05 8.732274e-05 0.0007521853 1.445205e-05 0.0011022993 5.4939807e-08 1.6335099e-06 3.4919402e-08 0.0013092968 0.00028463287 2.4061457e-09 0.0005308096 9.97816e-06 0.0015867879 0.00030773124 0.0019976408 6.7258e-07 0.0007397703 8.3642175e-05 0.00037873306 0.000180035 3.4790098e-08 8.476365e-05
0.009167287 0.011708048 0.2110117 0.18151338 0.002690724 0.059686963 0.6037225 0.00050517765 0.010438624 0.00025144406 0.6089842 7.99078e-05 0.00012809628 0.6686249 3.0068842e-19 0.060659494 3.068853e-05 0.0022347088 0.7459982 0.00014771163 0.00057714724 0.7028114 0.27582997 0.8984045 0.04088041 2.967105e-05 0.574 0.0011237025 5.084902e-06 0.00047408848 9.1693146e-05 0.019863753 1.3026246e-06 1.105568e-05 0.46189043 2.250505e-05 5.5085533e-05 0.13817847 0.0033696417 0.4907664 0.13842607 2.821786e-05 7.633779e-06 0.027490929 0.001042233 3.4489647e-06 2.4183328e-06 4.7796216e-06 1.24325825e-05 0.0018678058 0.10791733 0.07136563 4.6485184e-06 0.0049832147 0.008711866 0.0118586905 0.008069025 0.0064307246 1.1451608e-07 2.4374929e-06 0.00045657824 0.00094582426 3.0897722e-06 0.0008002078 0.00028391308 8.828098e-05 1.1970669e-06 0.00019074934 0.0033323697 4.3942505e-06 6.478392e-07 0.0029683474 1.370244e-06 4.2428233e-05 0.005847351 0.0010979935 5.26107e-06 1.3728798e-06 6.74681e-06 0.00019389349 0.0013454764 6.162137e-05 0.0036759218 7.2782687e-09 3.3031418e-07 6.931101e-06 0.00089209044 0.0002690679 2.0586157e-07 0.00022209804 2.166709e-06 0.010788758 0.0020196883 0.0053367848 4.171037e-07 0.0016254666 8.812108e-05 0.00073787634 0.00016762603 1.1767538e-06 0.0001548969
0.05359396 0.0046573062 0.27452895 0.40143734 0.0009203105 0.85161775 0.05841244 0.26988998 0.6824033 0.0020602352 0.65075445 0.06278987 0.010068055 0.0077158534 0.060659494 2.5618288e-19 0.000322912 0.6372731 0.010541305 0.041988265 0.19732028 0.0069787516 0.80928624 0.17663978 0.92086416 0.073423065 0.00442485 0.43516362 0.004470803 0.13085729 0.04965212 0.54751015 0.008057356 0.0015423424 0.0035979832 0.0073440233 0.011893545 0.04706414 0.067287296 0.010582713 0.0225566 0.0041999086 0.00019322784 0.17204577 0.017327286 0.00083901983 0.0002697197 2.942269e-05 0.00064706313 0.013294662 0.0007543807 0.00025319727 0.00018268083 1.1757828e-05 0.00013681538 0.0021529407 0.004349682 0.009336482 1.0856359e-05 8.963735e-05 0.00086523296 2.4482997e-05 5.6550234e-05 0.00040617623 0.0023238547 0.00047418906 5.7189718e-05 0.0016091858 0.0009849556 0.00013885781 9.861731e-06 8.558201e-05 7.87154e-05 0.00064896065 0.00036472702 0.0011055223 0.00022075817 0.0002617426 0.00038820898 0.00016333995 0.00054910063 0.0019164663 0.0020977336 9.602196e-07 1.66591e-05 1.5129695e-05 0.00047111488 0.0007229957 9.73928e-07 0.0001506132 2.7775193e-05 0.00073864305 0.0022946123 0.00085739355 4.6613786e-06 0.0007521036 0.0014477922 0.00046597875 8.914087e-05 5.0836707e-06 0.00017916302
5.5112217e-09 0.00043509595 0.0182719 0.00027174884 0.02124619 0.0011192597 2.4494882e-05 0.04590874 0.0018353519 0.7179453 1.9968322e-05 0.056520265 0.5770565 1.1736795e-06 3.068853e-05 0.000322912 7.9771427e-22 0.0010931621 1.4302734e-07 0.23533228 0.01503534 8.44747e-08 7.1159666e-06 6.40773e-07 4.609265e-06 0.069641836 1.6619539e-07 0.00032869133 0.62217945 0.00034871834 0.0015811949 5.537013e-06 0.0022463647 0.0659522 1.342112e-08 0.025186546 0.00020806536 6.581005e-08 1.1527922e-06 2.862472e-07 2.9677908e-08 0.0031260434 0.009048047 3.2834745e-07 1.4852114e-06 0.00057985744 0.00066965824 0.0063862563 1.603981e-05 1.3273353e-06 1.10225535e-08 6.6531716e-06 6.8002744e-05 2.3039453e-08 8.425891e-08 4.2158536e-08 1.2001074e-06 1.5911996e-07 5.976365e-07 2.1198817e-05 1.301241e-05 2.756766e-09 1.057378e-05 1.6680347e-06 1.1632238e-06 1.2123943e-06 6.326103e-06 7.976009e-07 5.239457e-07 5.4398893e-06 0.0009881266 9.0494424e-08 5.7661464e-07 8.447301e-06 3.0552212e-07 1.6545473e-06 2.0076043e-06 5.2742365e-08 1.3996023e-06 7.513375e-07 1.2554075e-07 1.6229044e-06 2.2069353e-06 3.9063238e-07 3.1145504e-07 1.2032922e-06 2.3527018e-07 3.5085023e-07 2.0462442e-06 5.619878e-07 4.811688e-07 6.0164064e-07 0.00012973187 7.551149e-08 2.4521632e-06 0.0022603427 9.224695e-05 5.8642264e-09 2.9702527e-09 5.5968026e-06 0.00024632429
0.005732519 0.00070117234 0.08473978 0.074789844 0.00028182616 0.54955524 0.0038621216 0.43323848 0.68945134 0.0025260267 0.07214251 0.20359921 0.025826411 5.0906303e-05 0.0022347088 0.6372731 0.0010931621 1.0266051e-21 4.5293156e-05 0.1306109 0.92309344 2.1508657e-05 0.09174159 0.008783092 0.21082166 0.21425028 2.1531561e-05 0.86288947 0.010814902 0.4392131 0.1558411 0.3756227 0.021441944 0.0011284685 1.11371855e-05 0.01706726 0.019241214 0.010210631 0.057079043 0.0005553044 0.0027109887 0.0055638426 7.09755e-05 0.04697063 0.015963176 0.0024811102 5.152293e-05 3.114472e-06 0.0005463604 0.0069590425 1.7594493e-05 3.322778e-05 1.763496e-05 1.9827546e-06 1.4789797e-06 5.069967e-05 0.00048059266 0.002587517 1.4497057e-06 4.959892e-06 0.00021982205 7.9646304e-07 2.671114e-05 8.8951405e-05 0.00047504774 6.797266e-05 1.6697616e-06 0.00047295768 3.7041977e-05 1.8994126e-05 1.8618762e-06 5.7859243e-06 1.8191033e-06 6.1025374e-05 9.57358e-06 5.486371e-05 1.9759074e-05 4.527096e-05 8.373044e-05 5.8797973e-06 3.80305e-05 0.00057803217 0.00017114321 5.3208345e-07 2.1970213e-06 6.3633604e-07 2.1365999e-05 0.00019995641 2.0895013e-07 3.751012e-05 4.0163745e-06 2.8656734e-05 0.00055354 6.327229e-05 1.4809754e-06 0.00023110076 0.00021293653 1.7656856e-05 7.901923e-06 6.544342e-06 1.0067579e-05
0.0011462449 0.0006863905 0.010769745 0.019370504 8.843216e-05 0.002378124 0.10317586 7.2124885e-07 0.0001737233 5.0073527e-06 0.18923567 9.609184e-07 7.097955e-07 0.26600793 0.7459982 0.010541305 1.4302734e-07 4.5293156e-05 1.4940149e-21 2.6787604e-06 6.8816703e-06 0.7205067 0.07365657 0.6905029 0.0072958665 1.5086304e-06 0.5407444 0.0001744438 1.8621755e-07 1.19230035e-05 1.3660551e-05 0.003568758 1.044792e-07 3.8421288e-07 0.5516954 2.4026044e-06 6.6932203e-06 0.05006039 0.0013020019 0.40663922 0.04932637 1.3667645e-06 4.3620352e-07 0.0068820845 9.052961e-05 1.2368621e-06 5.7662777e-07 2.8127528e-07 9.10541e-06 0.0010632672 0.08373256 0.12644532 2.613445e-06 0.016053876 0.010969075 0.008129159 0.0046642674 0.002482909 6.1653105e-09 3.3839126e-07 0.00013679566 0.0022426893 1.1665933e-06 0.00015443403 5.2372645e-05 3.5797217e-05 1.7396864e-08 2.765675e-05 0.0031476088 1.4502118e-06 5.3437002e-08 0.0037235843 1.4467287e-07 6.0137645e-06 0.0039962973 0.0019195941 6.5280017e-07 1.1229295e-06 5.76262e-06 0.000178215 0.0011411071 2.2991047e-05 0.002972265 9.187477e-09 1.0085048e-07 6.4039915e-07 0.0005835444 0.0007191908 1.1177364e-07 0.0006251814 4.8501255e-07 0.0041855364 0.0011914185 0.0027815416 1.700572e-06 0.0011514117 0.000113886636 0.00064817764 0.00022218701 3.0195835e-07 2.0179477e-05
0.000446468 0.0034401973 0.07077108 0.018767038 0.003804318 0.07645281 0.00031903098 0.42322278 0.14328732 0.029997272 0.0024017708 0.7088121 0.561014 1.2735707e-05 0.00014771163 0.041988265 0.23533228 0.1306109 2.6787604e-06 3.488098e-20 0.77271247 2.6390821e-06 0.004168421 7.783723e-05 0.008302134 0.9412191 1.2415202e-05 0.06767721 0.5359615 0.04548685 0.11363184 0.024842018 0.09825459 0.082446836 3.0114495e-06 0.11869064 0.022111299 0.00025065517 0.011738794 2.0187272e-05 0.00011608933 0.031243952 0.013834944 0.0018988549 0.005651783 0.008697427 0.0006707468 0.0005424242 0.0004176652 0.00037064802 3.1689558e-06 0.00039897228 0.0005455307 9.478763e-06 1.4411668e-05 1.3141823e-05 3.5340985e-05 4.073922e-05 6.153698e-05 7.7672456e-05 0.0006020373 3.948857e-08 0.00025030115 8.867766e-05 0.0001362009 3.5313187e-05 4.905921e-05 0.00014344172 7.5304415e-05 0.00017705408 3.3068864e-05 1.3160122e-05 3.166166e-05 0.0008965963 1.4815342e-05 0.00014126702 0.00029476095 5.9876438e-05 0.00016182034 3.277021e-05 4.5466763e-06 0.00030355642 0.00020311803 1.1864582e-06 4.7048852e-05 1.2210307e-06 5.0702227e-05 6.5397726e-05 6.551008e-07 2.6735785e-05 9.2124305e-05 2.2902836e-05 0.00020307252 2.8221277e-05 9.594923e-06 0.00055339694 0.0002345458 7.169966e-06 2.9120421e-05 1.9653662e-05 5.3900076e-05
0.0029463868 0.0009585896 0.03475551 0.026612537 0.000568799 0.25609994 0.00023902612 0.43706325 0.4583144 0.0073440443 0.014517924 0.45957008 0.15291047 1.9931867e-05 0.00057714724 0.19732028 0.01503534 0.92309344 6.8816703e-06 0.77271247 3.496089e-21 7.276302e-06 0.04848249 0.0015674543 0.057282217 0.85029775 1.1520003e-05 0.582212 0.06574264 0.52716696 0.55055314 0.12991503 0.13431068 0.014863863 6.2484914e-06 0.104099214 0.122081526 0.0036819128 0.060886532 0.00030072426 0.00067770836 0.031770047 0.00243489 0.023864664 0.02621574 0.022303367 0.0007932392 6.864016e-05 0.006489712 0.005641611 4.575956e-06 0.0001643036 0.00080556533 1.8238454e-06 5.617786e-06 2.4192592e-05 0.0002689612 0.00081140164 5.378618e-05 4.090842e-05 0.0009982343 2.8941295e-07 0.0005284009 0.0003555314 0.0007275757 0.00015582469 2.1989152e-05 0.0010613574 9.435134e-05 0.00031796543 2.4205307e-05 1.7559927e-05 2.1925076e-05 0.0006547583 2.6802798e-05 7.2127164e-05 0.00018293102 0.0001768214 0.0015673817 1.1018839e-05 1.583759e-05 0.001102305 0.00024466345 1.493233e-06 5.0048628e-05 3.669174e-06 8.928652e-05 6.564798e-05 1.9605916e-06 1.48142535e-05 0.00013813283 2.1328031e-05 0.0005057243 0.00019147783 4.339182e-05 0.00043581126 0.00060682534 8.591242e-06 7.1396425e-06 6.15705e-05 2.276573e-05
0.0008078753 0.0020921526 0.008971951 0.02042182 0.00012303963 0.0026309302 0.19297594 3.096399e-07 0.0001990477 8.100072e-06 0.13016525 5.591726e-07 5.053775e-07 0.3747322 0.7028114 0.0069787516 8.44747e-08 2.1508657e-05 0.7205067 2.6390821e-06 7.276302e-06 4.6875426e-19 0.03367565 0.42823142 0.0056721163 5.1838188e-06 0.78740734 4.731749e-05 8.074127e-08 1.7353892e-05 8.06787e-06 0.0017296468 4.855563e-07 8.026225e-07 0.52566445 2.8802094e-06 1.0428062e-05 0.024752015 0.0003658819 0.21126182 0.031387124 2.1836381e-06 1.1939241e-07 0.004137923 6.558272e-05 1.6770979e-06 8.3253326e-07 5.422106e-07 1.1200017e-05 0.00021233143 0.046179824 0.14456584 5.2175947e-06 0.060792267 0.013142156 0.006886999 0.0024399364 0.00021263114 1.7680772e-08 1.3603329e-06 3.0554664e-05 0.006742588 4.7268912e-07 1.9026887e-05 1.2501471e-05 4.632374e-06 1.8455538e-08 1.3692089e-05 0.004048463 8.1153e-07 1.5087217e-07 0.003867927 3.6678095e-08 3.132804e-06 0.0028132952 0.0016809002 5.634873e-07 3.7237808e-07 1.6691836e-06 0.00047008245 0.002431924 2.8070303e-06 0.0021968812 4.847808e-09 8.095052e-08 4.991921e-07 0.0010804444 0.0010834439 8.057128e-08 0.0010958505 2.1374942e-07 0.0033135128 0.00044046453 0.0020760256 4.1213542e-07 0.00036669528 5.5213335e-05 0.0019904582 0.000686568 3.579148e-07 9.212619e-06
0.120274045 0.0010240594 0.085806005 0.1830197 7.983529e-05 0.43859616 0.09530682 0.034600403 0.16047028 9.98359e-05 0.8354687 0.0070406906 0.0008769613 0.032068558 0.27582997 0.80928624 7.1159666e-06 0.09174159 0.07365657 0.004168421 0.04848249 0.03367565 2.2123542e-20 0.7483488 0.98109263 0.018828375 0.018525852 0.0763299 0.0001304579 0.038648944 0.01434234 0.28515616 0.00095101236 4.4948778e-05 0.07419548 0.0024280678 0.0024222545 0.41163763 0.07229115 0.09900095 0.18053217 0.0014656276 1.4101942e-05 0.30844498 0.011167951 9.7476805e-05 2.4822695e-05 2.670868e-06 6.862236e-05 0.029373392 0.023156958 0.0038914292 1.959243e-05 0.00047325183 0.0005906753 0.019506175 0.05352133 0.03632439 6.7411594e-07 5.118173e-05 0.00054442656 4.036498e-05 3.98694e-06 0.0002769292 0.0026451761 0.00018165981 1.3989398e-05 0.0025694212 0.0025008975 1.4652515e-05 3.5631397e-06 0.00012824954 6.431034e-06 0.00012280668 0.00244902 0.011477653 4.270741e-05 0.00015113608 0.0001388753 0.0006853195 0.0005984578 0.0018901681 0.0071651232 9.3121207e-07 3.9366146e-06 3.4558198e-06 0.0007549284 0.0001890634 5.8124346e-07 6.150406e-05 7.0533893e-06 0.0071255635 0.0063690683 0.0033277587 3.1923119e-06 0.0019969742 0.0008065174 0.0012025713 0.00032065218 1.6875907e-06 0.0005896816
0.6555193 0.0007503372 0.052430905 0.13328294 9.425538e-05 0.14987399 0.24299538 0.0009937775 0.030415967 0.0001472124 0.8195009 0.00079765695 0.0013363981 0.25790775 0.8984045 0.17663978 6.40773e-07 0.008783092 0.6905029 7.783723e-05 0.0015674543 0.42823142 0.7483488 4.8282667e-19 0.22993416 0.0003712234 0.24749091 0.018423988 2.8000948e-06 0.0036625373 0.0027448407 0.056845438 4.5508455e-06 6.5227396e-06 0.5898238 5.5221495e-05 5.3835498e-05 0.51982546 0.026965192 0.8582079 0.48007947 2.8289129e-05 1.5957595e-06 0.1363017 0.0042992565 1.4886311e-05 2.2198114e-06 1.9087149e-07 7.023693e-06 0.006937226 0.21190421 0.07940942 1.0258984e-06 0.011717264 0.008098261 0.08417468 0.09785112 0.048714846 1.6113272e-08 1.991525e-06 0.0001960326 0.00026784366 3.9358597e-06 0.00013413714 0.005514359 0.00015185935 3.8586677e-07 0.0012759864 0.010687005 4.849559e-06 1.4729242e-06 0.0016811823 1.0648425e-06 3.422874e-05 0.03150315 0.014869755 9.904041e-06 5.9172082e-05 3.389985e-05 0.0012251245 0.00043954907 0.0004517375 0.026277183 2.6893923e-07 1.197833e-06 8.7562074e-07 0.0015555735 0.00038589863 8.932864e-08 0.00031233625 6.9703196e-07 0.10336986 0.01172434 0.011309956 8.098207e-07 0.0023226137 7.583028e-05 0.0015847645 0.0008612288 3.8295984e-06 0.0008497725
0.07775697 0.00045613822 0.030459892 0.085696496 5.5481367e-05 0.27747104 0.015108624 0.03152878 0.11324133 0.00010804341 0.3953872 0.007892159 0.0009459311 0.004987182 0.04088041 0.92086416 4.609265e-06 0.21082166 0.0072958665 0.008302134 0.057282217 0.0056721163 0.98109263 0.22993416 2.109577e-21 0.025831185 0.0025524192 0.25609016 0.00016661 0.08214113 0.025208935 0.79072833 0.0048099845 8.047726e-05 0.0059734765 0.0036156152 0.009502132 0.28779167 0.23186126 0.03888521 0.0834314 0.0014128783 6.3305506e-06 0.49050146 0.03577764 0.0009360121 3.141853e-05 2.4077906e-06 0.0024207754 0.07520432 0.013060791 0.0008835945 0.00010674241 2.3832446e-05 0.00025194764 0.010825371 0.0376237 0.10670649 8.6894215e-06 4.1808187e-05 0.003170658 8.616794e-06 7.418622e-05 0.0027951647 0.013682576 0.0004581037 2.4195358e-05 0.003964748 0.0011061766 0.0001331306 7.8424443e-07 0.0001308222 4.8780556e-05 0.0005104359 0.0013793499 0.0056428323 0.00019557026 0.0009283866 0.0009762124 0.00017643094 0.0001691461 0.0043674973 0.0037776118 2.6008072e-06 1.7906557e-05 3.7718696e-06 0.0003498157 3.5824745e-05 6.3642955e-07 2.2458009e-05 2.5943378e-05 0.0035072379 0.008080017 0.0023484116 1.1186246e-05 0.003407121 0.001904328 0.00015143589 1.9998892e-05 8.17009e-06 0.0010190401
0.0043813623 8.2864804e-05 0.006390021 0.0051083523 0.0007656272 0.06684953 2.941506e-05 0.11406928 0.085813224 0.0056214146 0.002764375 0.3012551 0.105872504 1.810075e-06 2.967105e-05 0.073423065 0.069641836 0.21425028 1.5086304e-06 0.9412191 0.85029775 5.1838188e-06 0.018828375 0.0003712234 0.025831185 2.8696236e-21 4.7708463e-06 0.21645832 0.5355403 0.32751215 0.67519164 0.066279374 0.68560165 0.26753888 3.5725716e-06 0.56701297 0.43220967 0.0011260846 0.06418237 0.0001503361 0.0002818794 0.13050443 0.05486366 0.013507539 0.05042024 0.18521914 0.021824315 0.006424343 0.106008574 0.011660068 2.0525065e-06 0.0013805303 0.011517539 2.391066e-06 6.8292957e-06 1.1869726e-05 7.7704164e-05 0.00092331663 0.0022673213 0.00036228838 0.00903996 6.964154e-07 0.004014426 0.0047473568 0.0020229064 0.0014652811 0.0002687489 0.0018882105 6.791382e-05 0.001077873 0.00012292457 4.1186295e-06 8.674538e-05 0.0014708722 2.0710037e-05 1.3399502e-05 0.0005576868 0.0006226868 0.0018825709 8.330833e-06 1.101012e-05 0.001087043 0.00018076152 4.522472e-06 0.00013999816 1.3703925e-05 0.00010207175 4.0400104e-05 1.9015604e-05 1.1853629e-05 0.0004950177 1.2219784e-05 0.00019636303 9.534443e-05 0.00013518751 0.00030827028 0.0005792945 4.8385687e-06 3.9880842e-06 8.042692e-05 1.36777335e-05
0.0041217087 0.004959616 0.010686306 0.016210461 0.00015026989 0.00081368996 0.42677963 2.3551712e-07 8.86604e-05 7.5016296e-06 0.08218454 7.4011035e-07 2.4965962e-06 0.6738502 0.574 0.00442485 1.6619539e-07 2.1531561e-05 0.5407444 1.2415202e-05 1.1520003e-05 0.78740734 0.018525852 0.24749091 0.0025524192 4.7708463e-06 9.772329e-18 2.41901e-05 4.756642e-07 9.767962e-06 1.4935128e-05 0.00052022125 1.4295649e-06 1.5811759e-06 0.9299538 1.0362798e-05 2.9449386e-05 0.014976701 8.557964e-05 0.1648569 0.025930393 6.987748e-06 1.4753319e-07 0.0023529746 2.909483e-05 5.507481e-07 1.6839292e-07 2.1007563e-07 4.874598e-06 0.00019889913 0.04753854 0.54754716 8.085493e-06 0.24179775 0.03173271 0.008975845 0.0031455203 6.6718494e-05 9.817365e-08 1.5635924e-06 1.7519415e-05 0.009846669 5.250221e-07 2.1522476e-06 2.6828988e-05 7.005086e-07 2.7351487e-07 6.893612e-06 0.02101944 1.437161e-06 1.0423145e-06 0.036299422 5.446643e-08 1.5235771e-05 0.016856197 0.002435252 1.9637503e-06 2.5561378e-06 2.14732e-05 0.004844562 0.007403325 9.554518e-06 0.006687961 1.9805832e-08 2.3636812e-07 1.21204e-07 0.009628431 0.0042142924 7.967586e-09 0.010525905 3.819164e-06 0.011604169 0.00030787804 0.0041453117 9.4456986e-08 3.9061975e-05 7.4481586e-06 0.016730588 0.0032710526 6.9679533e-09 2.7233875e-06
0.06282561 5.8519476e-05 0.056568835 0.03554787 3.5599554e-05 0.2719813 0.0016196115 0.24489799 0.3309133 0.00030271255 0.059734456 0.060822405 0.0045173713 7.486525e-05 0.0011237025 0.43516362 0.00032869133 0.86288947 0.0001744438 0.06767721 0.582212 4.731749e-05 0.0763299 0.018423988 0.25609016 0.21645832 2.41901e-05 1.0456432e-22 0.004925553 0.9706645 0.5544765 0.85099846 0.0703975 0.00068742066 7.535218e-05 0.013253274 0.08638416 0.017363273 0.28651989 0.0008437685 0.004805246 0.0060136337 0.00021579387 0.24826333 0.1775406 0.004406899 0.00056568737 3.5857609e-06 0.003510954 0.053705864 0.0003388164 6.8283356e-05 7.0503454e-05 1.0706457e-06 8.554435e-06 0.0012685916 0.0064979577 0.032408044 7.4091936e-06 5.575895e-05 0.0018927377 3.979208e-07 2.5485373e-05 0.0015860412 0.0074317446 0.0011369392 3.2678923e-05 0.0041382075 0.00026236667 8.364568e-05 4.881429e-07 8.514075e-06 4.286814e-05 0.00023566374 9.529679e-05 0.0010480604 7.460824e-05 0.0006317958 0.00068877934 1.7995819e-05 0.00014279573 0.0039993185 0.0006988581 8.1518536e-08 7.455172e-06 9.2712435e-07 2.879873e-05 0.00020003515 8.307357e-08 4.1950287e-05 1.1651608e-05 0.00061629334 0.002056885 0.00027206546 2.1749029e-06 0.00080646854 0.0029361374 4.3480926e-05 4.7723247e-06 1.1266249e-06 0.0010268206
9.331345e-06 0.00018728053 0.0034845108 9.997243e-05 0.00061542145 0.0026719333 2.7422802e-06 0.036654998 0.006382743 0.0021198657 2.517794e-05 0.17660968 0.19218206 1.1476042e-07 5.084902e-06 0.004470803 0.62217945 0.010814902 1.8621755e-07 0.5359615 0.06574264 8.074127e-08 0.0001304579 2.8000948e-06 0.00016661 0.5355403 4.756642e-07 0.004925553 6.662451e-24 0.0077782623 0.043230582 0.0008830562 0.16123393 0.9658346 2.287186e-07 0.5269031 0.009816912 2.3942055e-06 0.00055282464 3.286537e-06 2.376591e-06 0.04517962 0.0920139 4.1759053e-05 0.00015324172 0.009388452 0.008940289 0.009360268 0.00017333968 1.5219985e-05 1.2956413e-07 0.00038046803 0.001109711 5.7454963e-07 1.2213173e-06 1.6417694e-07 6.7240007e-06 1.0058188e-06 4.049623e-05 8.616371e-05 0.00016474244 4.1281005e-09 0.00033543416 2.219241e-05 2.1868902e-05 7.112486e-06 0.00015921675 7.2318435e-05 1.0395899e-05 0.0002811344 0.0002084439 8.564152e-07 2.1385384e-05 0.00022257215 9.61061e-06 2.735142e-06 9.8179415e-05 9.366589e-06 0.00015854703 6.9822922e-06 1.8008219e-08 4.2422605e-05 4.847961e-05 1.0692305e-06 2.771489e-05 1.0301023e-06 9.421796e-06 2.1233243e-06 7.65222e-06 1.2851456e-05 8.139887e-05 1.792248e-05 2.3959037e-05 4.5524008e-05 1.4478288e-05 0.00036511873 0.0001146558 1.9321678e-06 1.5587327e-06 4.770457e-05 0.0001890899
0.08627427 1.2550759e-05 0.007533879 0.0066226977 1.7928378e-05 0.093098484 0.0003285951 0.06184427 0.10151642 0.00012360275 0.0139446445 0.03048836 0.0028059145 2.2626295e-05 0.00047408848 0.13085729 0.00034871834 0.4392131 1.19230035e-05 0.04548685 0.52716696 1.7353892e-05 0.038648944 0.0036625373 0.08214113 0.32751215 9.767962e-06 0.9706645 0.0077782623 3.8225413e-23 0.96824217 0.5778106 0.1700738 0.003307937 9.968049e-06 0.04657534 0.5862755 0.014645706 0.48294288 0.00075279636 0.002055535 0.018842446 0.0008452907 0.13683288 0.3491984 0.058674555 0.0034537262 7.8237834e-05 0.09600018 0.1947232 9.0152505e-05 6.167787e-05 0.0050591407 2.6477617e-06 7.68593e-06 0.0009403743 0.004461354 0.07377728 0.00022056246 0.00039503115 0.029420225 1.3524036e-06 0.0040957904 0.026306305 0.02340366 0.0054943217 0.00011092967 0.015332506 0.00020527864 0.0015973431 5.3790877e-06 7.4905133e-06 0.00037521494 0.0011722668 4.248528e-05 0.0005507986 0.00054325047 0.004588157 0.003797076 9.456649e-06 7.534723e-05 0.0118049355 0.00026642182 1.40481025e-05 0.0002617274 1.0258462e-05 3.903576e-05 0.00016497371 3.529805e-06 5.503843e-05 0.00024367565 0.00013878592 0.0026798134 0.00011702784 0.00031501357 0.0013268183 0.0048988136 6.2724266e-06 1.6590061e-06 0.00019855611 0.00082987663
