2.9838849e-25 0.000675138 0.0013843112 0.013174173 0.002925777 0.029857615 6.827007e-05 0.22511101 0.18886884 0.33292818 0.00024697633 0.011962879 0.44460392 0.75772613 0.013360158 0.87478614 0.90448684 0.410547 0.0015947319 0.024135062 0.1247947 0.31435284 0.11737846 0.4086089 0.45570475 0.12005698 0.0018547812 0.57319415 0.8322541 0.8156637 0.08340515 0.83383995 0.80710465 0.0010925718 0.68980676 0.124119975 0.6502319 0.8843958 0.33641192 0.27511722 0.24997151 0.010622694 0.45445433 0.9654126 0.39263836 0.81116754 0.92701364 0.094014294 0.3078099 0.97227705 0.85913455 0.053889878 0.29212758 6.80187e-05 0.6362185 0.9365884 0.0017494181 0.39152908 0.71977293 0.14788726 0.0056686224 0.00087135285 0.47178638 0.98583055 0.60646117 0.00034946858 0.6501702 0.7616525 0.00043350013 6.585434e-05 0.00013708271 0.11196881 0.0019551236 1.2261143e-07 0.9773788 0.49527004 0.03994818 0.9420157 0.18914284 0.81414664 0.9849401 0.94852716 0.9990691 0.15508805 0.99481964 0.90816814 0.8709567 0.00056995696 0.9998316 0.9402985 0.0065218103 0.9993912 0.9982511 0.8361705 0.8903336 0.15024747 0.96910846 0.8935768 0.9694353 0.99876153 0.9997611
0.000675138 6.420748e-16 0.7470131 0.8109256 0.33516932 0.6028724 0.9943871 0.7695765 0.30713305 0.03636966 0.009727691 0.0006321375 0.0040730597 0.06609517 7.502643e-05 0.018407475 0.001049869 0.00013058263 0.00015815032 0.08742075 9.349972e-06 5.208993e-06 0.010776125 0.0064243344 3.493521e-05 0.007431733 0.23110838 7.767112e-07 3.6788413e-06 0.0022092161 8.7581204e-05 0.0013533765 0.0017124247 1.1056397e-05 5.7931957e-06 1.6751232e-05 0.0001750162 9.949899e-06 1.3213713e-06 1.9828983e-06 3.07797e-06 0.00022247348 2.2616878e-06 0.0013117838 2.4166222e-06 0.00031728388 0.0002682534 3.0496512e-06 4.2315372e-05 2.0633222e-06 7.906004e-07 1.1937362e-05 4.2304173e-06 0.0015672719 3.4778225e-06 2.0588227e-06 0.00022162536 2.320944e-06 2.8299828e-06 8.969875e-05 0.00018786223 1.3660408e-05 0.000101697755 9.496125e-06 2.940214e-06 1.3614979e-05 8.725714e-05 8.579202e-07 3.1279706e-06 0.00013245938 1.8307997e-05 8.407631e-06 9.6315714e-05 7.7596195e-07 0.00032064057 1.2078531e-06 2.8213635e-05 2.533236e-06 1.846097e-05 0.00029176174 0.00013809768 0.00013754104 0.00016888176 6.6680263e-07 0.001256422 0.0006114206 0.00064550224 2.651111e-05 0.000121503355 5.107108e-06 1.3220501e-05 3.0348012e-05 5.2393076e-05 8.4480555e-05 0.0002547219 2.1371134e-05 0.00094741 1.0514651e-07 1.7795832e-05 0.00070634455 0.0006102107
0.0013843112 0.7470131 2.1468596e-18 0.8770299 0.9927269 0.17612539 0.32849675 0.020644246 0.7556243 0.22726326 0.0066024647 0.034012288 0.07313059 0.100180216 0.0032026954 0.00045040355 0.00623798 0.0051742643 0.00040533266 0.00010788371 0.00014440154 0.0015144738 0.00015250534 0.009106602 0.0050957403 9.734924e-05 1.1846713e-05 0.0006802279 0.000590664 2.2604965e-05 3.443501e-05 0.0015051019 0.0022813396 1.6253185e-05 1.9650082e-05 5.779913e-06 0.00045858405 0.0006345466 9.0592397e-07 2.0434585e-05 5.0275503e-06 2.9416245e-08 1.0258579e-05 0.00032089814 0.00030151455 9.140708e-06 6.3321546e-05 2.872585e-07 7.2014853e-07 0.00016973866 0.0005938708 8.636444e-07 1.0063519e-05 6.171052e-07 1.08150765e-07 2.0055159e-05 7.6846436e-07 1.7841405e-05 4.4886006e-06 4.1797895e-07 1.0515438e-06 1.5195924e-05 1.079187e-06 0.00027553644 2.6758169e-06 1.4107805e-07 3.8772464e-06 3.6261397e-06 5.2215e-07 3.8240086e-07 1.5237376e-06 1.0901693e-06 3.4284926e-07 2.4705838e-07 1.7508108e-05 1.4237079e-06 2.1790251e-07 8.543159e-06 8.436308e-07 3.4037694e-05 8.1889404e-05 0.0008004044 0.0001385015 2.8094743e-07 0.0005909392 2.7512351e-05 2.6167236e-05 1.0939243e-07 0.00035256386 3.9149688e-07 7.007327e-08 5.5555127e-05 0.00015386996 4.238094e-06 1.3015407e-06 1.2666084e-07 0.0005400795 8.711812e-09 2.9834342e-05 0.00045506327 0.00027361783
0.013174173 0.8109256 0.8770299 2.7880434e-17 0.69794905 0.97667146 0.034999695 0.30415624 0.9495008 0.61554307 0.00054938113 0.0019564629 0.12908018 0.4811769 0.0006643773 0.0022674133 0.04319827 0.0026301425 5.8967595e-05 0.000594717 2.0785821e-05 0.0003599356 0.0004547548 0.077514276 0.003848041 0.00020319263 1.4035662e-05 4.305177e-05 0.0022042305 0.00017805431 2.3581268e-05 0.015921136 0.014422483 1.9658282e-06 3.8665552e-05 2.948336e-05 0.00029718585 0.0013619888 1.1020221e-06 1.5680103e-05 1.0573506e-05 3.126542e-06 1.8472778e-06 0.0016175314 9.132634e-05 0.00028081232 0.0003667224 6.7571415e-07 5.73437e-06 0.0010685592 0.0009468405 2.8765614e-06 5.808121e-06 1.0527168e-06 4.1366562e-07 7.4198106e-05 1.6048265e-06 2.911562e-05 1.431776e-05 2.3815464e-06 1.0822046e-06 2.3450732e-06 5.5507376e-06 0.000803493 8.062001e-06 6.568575e-07 2.2526223e-05 1.7646655e-05 1.723767e-07 1.6979872e-06 1.0034236e-06 6.2251667e-07 2.0818602e-06 7.441413e-08 0.0001672329 7.733776e-07 9.2027443e-07 2.6979444e-05 9.828246e-07 0.0001717513 0.00020094012 0.00067572226 0.00023611209 8.0224254e-08 0.00082991895 0.0001654874 0.00029041257 1.063513e-06 0.00028361188 7.1721615e-06 1.6552883e-07 0.00016688224 0.00039765888 0.00012386778 8.091989e-06 9.2436017e-07 0.00044496814 4.2124533e-08 0.00027698706 0.0009120807 0.00016615793
0.002925777 0.33516932 0.9927269 0.69794905 4.409176e-16 0.041794114 0.48580363 0.0019690264 0.8458833 0.34349668 0.114883415 0.3709358 0.42882866 0.12285155 0.044266533 0.00011565506 0.04132516 0.08278868 0.0106933415 1.699498e-05 0.014961097 0.012813708 3.9552968e-05 0.010234035 0.044731688 1.9634123e-05 1.2008812e-06 0.0076020714 0.0041590044 3.1583793e-05 0.0025539997 0.0023087366 0.0070045358 0.0010978928 0.0014151635 0.00011693313 0.0028577805 0.0029148986 6.0423852e-05 0.00022727561 0.00017264529 1.04309144e-07 0.00010212909 0.00026730826 0.0018242727 4.364418e-06 1.6748021e-05 2.1745947e-05 1.9044594e-06 0.00095938344 0.0023275085 7.1273766e-06 3.9599243e-05 9.028621e-07 9.217782e-07 0.0003800985 1.1090851e-06 6.09996e-05 3.3811546e-05 2.9989224e-06 1.6054112e-06 0.00017702268 7.3967574e-05 0.0006509622 6.4530277e-06 2.8855666e-07 6.438898e-07 7.89456e-05 1.3037887e-05 8.555353e-07 6.664238e-05 1.6532224e-06 1.5992888e-05 1.1101322e-05 3.545512e-05 7.0016363e-06 9.681098e-07 0.00018138993 7.483202e-06 1.683581e-05 0.000468491 0.000725585 0.00017576404 1.4440965e-06 0.0025581801 3.0062201e-05 1.5931222e-05 1.4923631e-06 0.0008510304 1.844806e-06 1.0467163e-08 0.0005132884 0.00020013381 6.053295e-06 1.7880711e-06 1.2525983e-07 0.000582531 4.4070163e-08 7.3563286e-05 0.001049794 0.0002195754
0.029857615 0.6028724 0.17612539 0.97667146 0.041794114 2.6939901e-16 0.0024162561 0.9735185 0.8323589 0.66588354 0.000120900455 0.00085414253 0.04601332 0.8534733 0.00033490517 0.02963588 0.06052201 0.0005651697 1.0543932e-05 0.003805517 5.786846e-06 0.00012673679 0.0012629597 0.41549087 0.0025649152 0.0008888062 0.00027374987 4.9558685e-06 0.0006644327 0.0003839992 9.127049e-06 0.11152949 0.02917827 4.2032643e-06 7.425237e-06 1.2849144e-06 3.8132115e-05 0.0004063564 6.496223e-07 1.3771138e-06 6.9021735e-07 6.6289786e-06 9.646702e-07 0.012808247 9.426948e-05 0.0022037355 0.00471584 2.4260586e-07 7.2232004e-05 0.001967566 0.00088477845 1.2988883e-06 2.3974453e-06 5.7686734e-06 3.029613e-07 1.7074093e-05 1.3680733e-05 1.46168995e-05 2.8876104e-06 7.801424e-07 3.123112e-06 2.454297e-06 2.1477858e-06 0.0007130185 4.4984527e-06 3.9689885e-06 0.00019757575 1.0432528e-05 2.932092e-07 1.7937552e-06 7.884379e-07 1.4532391e-05 6.209448e-07 1.8847633e-08 0.00020784879 1.412904e-07 6.196886e-06 2.5144847e-05 7.1850826e-07 0.00043045983 0.0022536893 0.0014267159 0.0005665321 1.3764672e-07 0.0020990062 0.00026366572 0.0003304382 3.1984416e-07 0.0002715776 6.979011e-06 7.668573e-07 0.00016082141 0.0005828033 0.00021730062 0.00013806947 3.323919e-05 0.0013057691 1.5045599e-08 0.00030009798 0.0008729202 0.0009156383
6.827007e-05 0.9943871 0.32849675 0.034999695 0.48580363 0.0024162561 8.04463e-19 0.0011406512 0.05060774 0.0037584635 0.8875161 0.08414539 0.003952627 0.004064436 0.006422463 0.00012110321 0.0005128737 0.0021413548 0.057365045 4.47385e-05 0.0064198817 0.001014971 4.6397592e-05 3.4586898e-05 0.00043059076 1.24232665e-05 0.00018234855 0.00025674127 2.959517e-05 2.2386332e-05 0.02394944 8.763714e-06 7.672326e-05 0.06105367 0.00043035185 0.00017186122 3.7498958e-05 1.0224453e-05 3.8214064e-05 1.776319e-05 1.634516e-05 2.00945e-05 1.2472188e-05 3.52541e-05 5.00226e-06 3.7835784e-06 3.6485817e-05 0.00040371774 4.64352e-06 5.4281672e-06 2.8975774e-06 6.1874285e-05 1.8333018e-05 1.6805858e-05 2.73765e-06 1.7747172e-05 1.7821374e-05 3.522792e-05 2.0402165e-05 4.777268e-05 7.812782e-06 0.0026197985 2.6019101e-05 2.8014078e-05 9.116297e-06 2.974329e-07 5.108026e-05 2.8277598e-06 0.00034246355 3.5750188e-06 0.00072194985 5.48313e-06 4.6210713e-05 0.00011807096 0.00031644502 8.880592e-06 2.080978e-05 8.793954e-06 2.0966925e-06 0.00037943333 6.8139394e-05 0.00011480964 0.00023000075 3.1719278e-06 0.00055907026 0.00031804093 0.00018049468 8.459697e-05 0.00049091864 1.1789042e-05 1.0695869e-07 5.6813107e-05 2.9101877e-05 5.575485e-05 5.9401355e-05 5.49127e-07 0.00057271455 1.104312e-05 6.314925e-05 0.00026286155 0.00045963464
0.22511101 0.7695765 0.020644246 0.30415624 0.0019690264 0.9735185 0.0011406512 3.2956218e-18 0.21256915 0.1607697 1.3523476e-05 6.817807e-05 0.0011824501 0.83931696 6.5927397e-06 0.9714863 0.0046089664 1.0280929e-05 2.043023e-06 0.2679493 3.623362e-07 8.823327e-07 0.117325544 0.60402215 0.0002281323 0.11531087 0.017338336 1.032035e-07 4.6437388e-05 0.072573625 7.61981e-07 0.3738546 0.022786794 1.1317852e-06 5.5068926e-07 5.229603e-07 3.4004256e-06 7.40587e-05 3.7118728e-08 3.5023373e-07 2.0535488e-07 0.0010407029 3.4167812e-07 0.11144194 9.994769e-06 0.08646225 0.15646917 6.0166707e-07 0.00081770745 0.001692844 0.00021363868 1.1122914e-06 7.9443834e-07 0.00014228582 1.3214135e-07 3.9664874e-06 0.00021960956 7.907779e-06 8.327691e-07 2.3002978e-07 0.0001069361 1.145371e-06 2.9108952e-07 0.00075252895 1.3764561e-06 4.581591e-05 0.00224667 4.542784e-06 3.682913e-06 5.601758e-06 9.3534544e-07 9.304948e-05 1.0935568e-06 9.408432e-10 0.013560283 1.9220843e-07 0.0002828766 1.1931284e-05 7.8877855e-07 0.0061182836 0.04457981 0.0005966935 0.0015270661 1.051784e-07 0.006234269 0.002854142 0.0012722281 1.973939e-07 0.00019944465 1.754856e-05 1.6229364e-05 0.000106556894 0.00015453127 0.0014540209 0.00058500114 0.00021313889 0.0052037705 1.2701748e-08 0.002719176 0.0005941722 0.003936337
0.18886884 0.30713305 0.7556243 0.9495008 0.8458833 0.8323589 0.05060774 0.21256915 1.4895637e-15 0.96462935 0.013241279 0.094663486 0.750246 0.5587108 0.03291705 0.0019278812 0.57105273 0.052306257 0.011890246 6.767661e-05 0.019072719 0.0065096905 4.4614382e-05 0.09774421 0.047772568 2.1879581e-05 1.4444733e-07 0.0041199597 0.020919858 1.8754317e-05 0.0029788644 0.040216397 0.22522306 0.0002448324 0.0016082869 0.00036448985 0.0049289856 0.021023436 1.2017904e-05 8.1520455e-05 3.928774e-05 2.4268834e-06 5.1306884e-05 0.0017549021 0.0036421386 8.019179e-05 0.00019978674 0.0001004677 9.142923e-06 0.02719357 0.016439537 2.252068e-05 0.00013860512 1.495198e-06 1.3128451e-06 0.0012411864 6.6974735e-06 0.0005990086 8.979529e-05 7.5189846e-06 2.6061327e-06 4.7984176e-05 6.6594566e-06 0.009414422 6.887222e-05 7.6264183e-07 6.069503e-06 0.00024999652 7.205181e-07 2.2972033e-06 7.2313155e-06 2.5726317e-07 4.6243667e-06 2.0913453e-07 0.00016463455 9.2453297e-07 6.0888704e-07 0.00017227228 1.4446249e-05 0.00013203864 0.0016418368 0.002570904 0.0012686545 1.8682641e-07 0.0065007005 0.00011196786 0.00016247352 1.198561e-06 0.0014479537 1.8581537e-05 3.9647455e-07 0.0004449221 0.000905462 9.1371825e-05 3.4007207e-06 3.77005e-06 0.00026779357 7.380853e-07 0.0002004016 0.0013053525 0.00034113915
0.33292818 0.03636966 0.22726326 0.61554307 0.34349668 0.66588354 0.0037584635 0.1607697 0.96462935 8.188702e-17 0.002732547 0.01393377 0.58613676 0.733885 0.01126367 0.0041273255 0.98632103 0.026087353 0.0022667432 7.838721e-05 0.006612319 0.0033836174 0.00011000324 0.15268056 0.06428709 9.22356e-05 1.2216812e-07 0.002667306 0.028160926 2.5083176e-05 0.00068411237 0.051500484 0.3186728 3.2337284e-05 0.00058296527 7.49439e-05 0.0025287743 0.01877163 3.5653457e-06 3.202248e-05 1.0802409e-05 2.4733916e-07 2.3537208e-05 0.0028149937 0.0030645435 0.00016659252 0.00029530734 3.709801e-05 7.4816035e-06 0.08632025 0.031328555 3.85805e-05 3.857285e-05 1.7285946e-06 6.53562e-07 0.00090799335 2.616907e-06 0.00036126436 2.2567874e-05 2.5878894e-06 1.0282973e-06 1.0416413e-05 1.2346136e-06 0.015405117 6.8779705e-06 1.910291e-06 6.8885256e-06 0.00020968403 1.7106022e-07 2.247636e-06 2.1426652e-06 1.8199673e-06 1.1090618e-06 1.9158282e-08 0.0001642381 1.0969441e-06 1.0742561e-06 0.00016224125 2.1584665e-05 0.00016652295 0.0036854118 0.007895671 0.0023608834 2.3968724e-07 0.019004192 0.00015090161 0.00024244063 2.4039625e-07 0.0013414251 1.816405e-05 8.204949e-07 0.000113904236 0.003116757 0.0001480024 1.3536935e-05 1.7213588e-05 0.00061582273 2.8847273e-07 0.00018867289 0.004378432 0.0007202849
0.00024697633 0.009727691 0.0066024647 0.00054938113 0.114883415 0.000120900455 0.8875161 1.3523476e-05 0.013241279 0.002732547 3.3223188e-18 0.6467509 0.012355077 0.0010680009 0.072820075 1.2331163e-05 0.0025143963 0.016191112 0.9616254 2.308089e-06 0.3277712 0.008037183 1.5581169e-05 2.263631e-05 0.003368885 6.03302e-06 1.2967656e-06 0.0035367552 0.00080704904 1.564327e-05 0.31067252 1.1502274e-05 0.00012187832 0.49244326 0.004595089 0.0061069196 0.0006484305 0.00020390387 0.00049835304 0.0005529038 0.00044948095 1.9158495e-05 0.00037842657 0.00011099709 4.895919e-05 9.5127125e-06 3.0576324e-05 0.012670495 9.347752e-06 3.298239e-06 4.1122635e-06 0.0011480438 0.00027117852 4.267783e-06 7.41083e-05 5.0627405e-06 9.874813e-06 2.778807e-05 8.18044e-05 0.00064197654 1.5875574e-05 0.014907865 0.0006675818 3.1265827e-05 5.2658714e-05 6.643347e-07 5.6527213e-05 1.7141223e-06 0.001992382 1.954996e-06 0.0010183678 2.8973274e-05 0.00015453216 0.0001186094 7.9413316e-05 2.6342908e-05 7.244334e-06 7.7885825e-06 0.00028818336 0.00020738748 0.00010140016 0.00015208515 6.451603e-05 1.5571542e-05 0.0007887938 0.00021172823 0.00013429073 1.9463983e-05 0.00053984235 7.430429e-06 5.5077436e-07 0.00023668313 2.5245863e-05 7.609463e-05 5.1612136e-05 1.1071332e-06 0.0007517077 1.698346e-05 0.00013117788 0.00032772322 0.00012579034
0.011962879 0.0006321375 0.034012288 0.0019564629 0.3709358 0.00085414253 0.08414539 6.817807e-05 0.094663486 0.01393377 0.6467509 1.0573256e-18 0.29176143 0.003829608 0.9821102 4.2171105e-05 0.0157405 0.7913009 0.6843919 5.023893e-06 0.93838984 0.20753075 1.3791044e-05 0.0004901593 0.036032036 4.30224e-06 1.6530773e-06 0.06504959 0.013985051 6.444876e-07 0.25889358 0.00013521484 0.0017872343 0.02910696 0.023473846 0.019401988 0.009999451 0.006775986 0.00417103 0.0036451044 0.0038335633 3.6633214e-06 0.0019131199 8.749004e-05 0.00455443 5.9745726e-06 7.886076e-06 0.010232209 5.419751e-06 0.0010746195 0.00065072166 0.0030856924 0.0018241676 1.5881738e-05 0.00013295574 0.00027885032 3.4478813e-05 0.0006717723 0.0008198047 0.00038244028 1.2845697e-05 0.008233144 0.0002118179 0.001255668 0.0005086013 1.2343098e-06 3.4205486e-06 0.00012151355 0.00023822596 1.4444781e-06 0.0001961549 2.732785e-06 1.4037872e-05 1.935385e-05 7.113195e-05 4.887131e-05 3.7046304e-06 0.00019324275 0.0002644451 0.00010954209 0.00012004897 0.0005984105 0.00039218433 2.4581983e-05 0.0016709659 0.000112037305 0.00013075398 4.0274904e-06 0.0016279891 8.316287e-05 2.9309783e-06 0.00078376185 0.00017231649 2.1502996e-05 3.4252557e-06 5.7366015e-06 0.0007230506 1.0411962e-05 5.5703564e-05 0.0005103577 0.0008186617
0.44460392 0.0040730597 0.07313059 0.12908018 0.42882866 0.04601332 0.003952627 0.0011824501 0.750246 0.58613676 0.012355077 0.29176143 4.9292702e-17 0.067802034 0.32868 0.0009905897 0.9396133 0.9334417 0.011776267 1.1845532e-06 0.14054723 0.1182661 3.4231056e-05 0.014894137 0.94816965 1.1946097e-05 6.196401e-08 0.064960316 0.46340322 2.5123156e-05 0.060187403 0.008350676 0.061174653 0.0012387403 0.034254853 0.0036118897 0.09216005 0.20771228 0.005067064 0.0040733665 0.0032979217 3.826634e-06 0.002150066 0.0010056022 0.06290477 8.077728e-05 0.00014886007 0.0010217357 3.539907e-05 0.07788815 0.09368157 0.002463157 0.0027585407 1.8054891e-06 0.0004864122 0.006402804 7.78792e-06 0.003082582 0.001274468 0.0004205618 5.2647183e-06 0.0009465006 0.00010361282 0.045923226 0.0008165748 9.715217e-07 6.756165e-06 0.0014768656 8.2743545e-06 9.322819e-07 1.2104137e-05 5.880084e-06 1.3668866e-05 2.0655024e-07 0.0002735171 0.00018271395 1.4184535e-06 0.00157423 0.00031750425 0.00026608235 0.0018804921 0.012107942 0.0023713764 1.9629573e-05 0.034937747 0.0004178401 0.00017550342 1.118166e-05 0.009232604 0.00019260691 3.478351e-07 0.00090080063 0.0031277086 9.324651e-05 3.4282132e-06 1.10071605e-05 0.00084604806 1.10586325e-05 0.00023014403 0.0043925853 0.0010223157
0.75772613 0.06609517 0.100180216 0.4811769 0.12285155 0.8534733 0.004064436 0.83931696 0.5587108 0.733885 0.0010680009 0.003829608 0.067802034 1.903641e-15 0.0029895736 0.26969165 0.47313586 0.0051696673 0.0008512382 0.0064714313 0.00080444675 0.0010792472 0.0071956743 0.9670765 0.007328593 0.0044347653 2.2963766e-05 0.0004774745 0.005282216 0.0013114323 0.0005527271 0.6630022 0.62093264 3.5841418e-05 0.00018706116 7.732958e-05 0.00040849496 0.0039142845 1.6896327e-06 3.4420988e-05 2.0631795e-05 1.5448184e-05 2.9346718e-05 0.06470994 0.00056153705 0.0024865097 0.016351989 1.2115188e-05 0.00019738403 0.14278041 0.01370773 6.9407124e-06 2.9889534e-05 8.079835e-06 5.1207314e-07 0.00069468614 1.3908039e-05 9.5883144e-05 4.3283584e-05 1.0313748e-05 1.5322074e-05 6.34153e-06 1.8407306e-06 0.018904047 1.42339895e-05 2.4802845e-05 0.00015697812 0.00016306945 4.5277648e-07 1.062666e-05 2.7347849e-06 4.2794083e-05 3.5126586e-06 6.143714e-08 0.0018931645 1.344077e-06 5.1103496e-05 0.0002194655 5.9394747e-06 0.0006521938 0.09174826 0.0058865673 0.018592669 1.2737268e-06 0.05932814 0.00071991276 0.0005934618 1.5226431e-05 0.00370594 0.00014739613 1.9609888e-05 0.00035176892 0.0039936365 0.00073962886 0.00020555055 0.0002583328 0.002377302 1.8120129e-06 0.0014957559 0.010285633 0.0041702064
0.013360158 7.502643e-05 0.0032026954 0.0006643773 0.044266533 0.00033490517 0.006422463 6.5927397e-06 0.03291705 0.01126367 0.072820075 0.9821102 0.32868 0.0029895736 6.3873925e-19 1.3958015e-05 0.013941679 0.86375576 0.27879086 6.9157204e-07 0.94476765 0.6057794 2.63466e-05 0.00022841334 0.14935671 2.1457324e-06 1.6806283e-06 0.313473 0.029833915 3.3819622e-06 0.147132 0.00031020664 0.0024074772 0.009162572 0.10937102 0.059453554 0.10734911 0.052673936 0.016468346 0.025536994 0.025705218 1.23319505e-05 0.019315815 0.00017684432 0.08265521 2.9653042e-06 5.239582e-05 0.017207714 1.102453e-06 0.005483476 0.018021805 0.0048607276 0.020478465 1.2189458e-06 0.0011513211 0.006917595 5.886003e-06 0.010095347 0.0059127184 0.001158988 4.1501485e-06 0.006319621 0.00032412083 0.0051194425 0.006376492 4.950873e-07 7.737443e-07 0.0016681454 0.00031934603 1.9237862e-07 0.00043146574 1.3303984e-06 2.1751965e-05 7.5817006e-06 2.6992311e-05 0.0022166036 1.6087668e-07 0.001595097 0.0012700866 3.7329155e-05 0.00036551256 0.0019799338 0.00024186075 0.00010417461 0.0037405791 6.774861e-05 0.00010314363 8.4276835e-06 0.0034401186 0.0001426841 3.1553026e-07 0.0010372963 0.0005040943 3.7785823e-05 2.1533767e-06 7.4084124e-07 0.00067455525 4.7654914e-05 0.00011911372 0.0008559389 0.00040794176
0.87478614 0.018407475 0.00045040355 0.0022674133 0.00011565506 0.02963588 0.00012110321 0.9714863 0.0019278812 0.0041273255 1.2331163e-05 4.2171105e-05 0.0009905897 0.26969165 1.3958015e-05 7.1775746e-17 0.0023118067 1.610589e-05 2.0377507e-05 0.6161143 3.3744975e-06 6.856724e-06 0.7880757 0.6214816 0.0004324853 0.7972151 0.0132869 8.0412264e-07 0.00013994637 0.78834814 2.5265395e-05 0.5817453 0.018497072 9.965273e-06 9.4416595e-07 9.2261195e-07 3.5496567e-05 0.000116596944 1.1679258e-06 7.882406e-06 1.9851084e-06 0.0046358523 1.0604964e-05 0.60306793 3.402591e-05 0.7137654 0.70126563 5.1046607e-07 0.019765237 0.022034483 0.00087756873 9.543763e-06 6.542043e-05 0.00028283478 7.219288e-07 6.105192e-05 0.0014918474 4.4259174e-05 7.154219e-05 1.5060473e-06 0.00052802387 2.782823e-06 1.2455131e-05 0.0038578259 2.4259822e-05 0.00034688605 0.014923377 2.536895e-05 2.569873e-05 2.9125116e-05 2.6365551e-05 0.00017671705 2.5672985e-05 7.0768182e-09 0.10098064 2.4405867e-06 0.00026397116 4.215667e-05 2.833842e-06 0.042749994 0.26019987 0.0019133253 0.017314648 4.1098324e-06 0.05426228 0.015198062 0.015167431 2.771617e-06 0.00054451375 0.00020518842 0.00010865616 0.00039119294 0.0016252946 0.012879571 0.0061703525 0.0005405412 0.0073230034 3.284843e-07 0.014561879 0.008860011 0.006937953
0.90448684 0.001049869 0.00623798 0.04319827 0.04132516 0.06052201 0.0005128737 0.0046089664 0.57105273 0.98632103 0.0025143963 0.0157405 0.9396133 0.47313586 0.013941679 0.0023118067 5.1222875e-17 0.17716013 0.0017544955 2.5315783e-05 0.009809556 0.014970766 0.00022702065 0.108790904 0.34578386 0.0001880058 1.4796491e-07 0.013167341 0.27855855 2.5949415e-05 0.008382768 0.061963405 0.66911614 0.00011454541 0.0035847626 0.00032112098 0.005109229 0.12336019 0.00017272796 0.00026735672 0.00018070739 8.042561e-07 0.00012528234 0.0042266976 0.009920736 7.658708e-05 0.0006132847 1.7477461e-05 1.227022e-05 0.44440648 0.2023056 9.3135684e-05 0.00015919596 4.201681e-06 4.4616495e-06 0.0023279039 1.9080328e-05 0.00068849133 2.7896747e-05 4.0401624e-06 4.4788044e-06 2.420069e-05 1.704898e-06 0.08884449 2.8163044e-05 5.4615243e-06 5.8317873e-06 0.0008646186 1.6732174e-06 2.8215154e-06 1.3533211e-06 3.2601868e-06 1.4976512e-06 3.3810334e-08 0.00017192631 1.3360385e-06 2.4377232e-06 0.00044269412 8.658706e-06 0.00019387167 0.03159993 0.048875507 0.025649041 3.345369e-07 0.24060152 0.0003259624 0.00012871553 8.877204e-08 0.00826855 6.916512e-05 2.6192313e-06 0.00022135688 0.03272356 0.00019112189 1.504654e-05 1.3573194e-05 0.0016935441 7.6527165e-08 0.0003904749 0.045264352 0.001766451
0.410547 0.00013058263 0.0051742643 0.0026301425 0.08278868 0.0005651697 0.0021413548 1.0280929e-05 0.052306257 0.026087353 0.016191112 0.7913009 0.9334417 0.0051696673 0.86375576 1.610589e-05 0.17716013 4.0297402e-18 0.028885448 9.091912e-07 0.54309607 0.9808353 4.1602734e-06 0.0012042192 0.76177436 1.3209657e-06 2.9927055e-08 0.3753796 0.4490992 4.7967836e-07 0.16017462 0.0010230271 0.009068685 0.0028822955 0.06060347 0.0067050564 0.06377672 0.15514392 0.0025541128 0.0067281066 0.0051656114 8.235091e-07 0.003358578 8.7317334e-05 0.056018095 4.541937e-07 4.8733705e-06 0.0011581985 2.2495428e-06 0.028841432 0.055723708 0.0018473177 0.0019146923 1.5121277e-06 0.00013112887 0.006036059 4.1871886e-06 0.0018059113 0.0008236922 7.252744e-05 7.9087783e-07 0.0024340285 6.9741174e-05 0.048787255 0.0004681381 4.5360804e-07 2.1463637e-07 0.0014631362 8.274827e-06 3.3492444e-07 5.8585e-06 7.147167e-07 3.2053567e-06 2.359339e-07 1.0611549e-05 1.2898323e-05 5.8187965e-07 0.0011377325 1.8615718e-05 2.7273452e-05 0.0006973708 0.009352305 0.0006456103 1.0368734e-06 0.017632347 4.162669e-05 1.8155357e-05 2.012054e-05 0.01470408 6.3846186e-05 5.838262e-07 0.0009066513 0.0016044287 7.095366e-06 4.5444241e-07 1.8284607e-06 0.0003650557 2.0714847e-06 7.0751626e-06 0.0017268565 0.00023948748
0.0015947319 0.00015815032 0.00040533266 5.8967595e-05 0.0106933415 1.0543932e-05 0.057365045 2.043023e-06 0.011890246 0.0022667432 0.9616254 0.6843919 0.011776267 0.0008512382 0.27879086 2.0377507e-05 0.0017544955 0.028885448 8.407699e-20 1.8047334e-06 0.9134795 0.018371632 6.0337825e-05 9.607174e-06 0.0063996906 1.9329336e-05 8.1690337e-07 0.014231283 0.0021996475 1.7980961e-05 0.82992566 9.692113e-06 0.00028979534 0.6037689 0.023422858 0.07287532 0.0024408372 0.0008536364 0.004653881 0.005760109 0.0070589175 1.2612528e-05 0.0021948614 9.077574e-05 0.000401465 8.573227e-06 5.1107447e-05 0.1461279 1.2411964e-06 4.3756954e-06 2.145793e-05 0.0149385715 0.0023784132 1.4725599e-07 0.0009782244 1.3550535e-05 3.2419005e-06 0.00015555046 0.00032336343 0.0059403395 4.07855e-06 0.037144262 0.014399031 9.198788e-05 0.00035902864 1.0117841e-07 1.9567893e-05 2.031284e-05 0.0058881193 7.530179e-08 0.0030237264 5.9105055e-06 0.0013438399 5.2165025e-05 5.4946286e-05 0.00030252177 1.1057942e-06 5.976422e-05 0.0019521863 5.5518525e-05 4.641441e-05 0.00033095697 3.394841e-05 0.000113151225 0.002597342 5.9113594e-05 4.247896e-05 3.0407431e-05 0.0004208854 1.6577147e-05 3.2219663e-07 0.00033143832 4.6759622e-05 2.3597891e-05 2.3968134e-05 6.2548525e-06 0.00032159235 7.443639e-05 5.3566884e-05 0.0005974351 3.0269477e-05
0.024135062 0.08742075 0.00010788371 0.000594717 1.699498e-05 0.003805517 4.47385e-05 0.2679493 6.767661e-05 7.838721e-05 2.308089e-06 5.023893e-06 1.1845532e-06 0.0064714313 6.9157204e-07 0.6161143 2.5315783e-05 9.091912e-07 1.8047334e-06 2.8882318e-18 3.3637576e-07 1.1482517e-06 0.82638305 0.005509662 1.674833e-06 0.85674465 0.9958862 7.7043234e-07 1.2691105e-06 0.7354794 6.4359606e-06 0.0039725215 0.00013291139 7.824981e-08 3.1285676e-06 2.7840572e-06 1.844434e-05 5.279128e-06 1.318709e-06 1.275375e-06 7.9436256e-07 0.4604714 8.070779e-06 0.0086130025 5.4148018e-06 0.29411784 0.07592425 1.9142021e-07 0.43705562 2.4233311e-06 2.2914107e-07 2.5556672e-06 8.86975e-06 0.024128664 3.3080328e-06 4.06587e-06 0.020737626 1.6315468e-06 1.0197032e-05 6.0214484e-06 0.004359919 1.0718456e-07 1.1112005e-06 1.4668455e-05 9.770142e-06 0.0011976452 0.085194275 1.335701e-06 7.922986e-07 0.00058453495 1.0775076e-06 0.0022171405 6.8420013e-06 1.1201987e-08 0.025884649 1.531707e-06 0.0032533195 4.0340524e-06 7.924668e-06 0.018903663 0.005607686 8.596803e-05 0.00026307494 3.9721005e-08 0.0017930387 0.006160539 0.009097258 1.4787886e-07 0.00024745302 1.8396366e-05 0.00047730602 0.00013001772 1.0681832e-05 0.003683479 0.0029548525 0.00096110505 0.0018491426 2.4643866e-08 0.0031167925 0.00027502974 0.0004322072
0.1247947 9.349972e-06 0.00014440154 2.0785821e-05 0.014961097 5.786846e-06 0.0064198817 3.623362e-07 0.019072719 0.006612319 0.3277712 0.93838984 0.14054723 0.00080444675 0.94476765 3.3744975e-06 0.009809556 0.54309607 0.9134795 3.3637576e-07 1.1066188e-18 0.61793226 4.40338e-05 6.1861692e-06 0.084152766 5.064513e-06 1.342192e-07 0.73038185 0.030342797 1.3549035e-07 0.71266717 1.53069e-05 0.0003585238 0.23086205 0.6357259 0.6400311 0.07387166 0.03471881 0.24165463 0.1221332 0.14657418 1.3293293e-06 0.043871857 5.345505e-06 0.05239159 2.384047e-07 1.6063898e-06 0.2518073 1.6841966e-06 0.00043430348 0.004122688 0.07987688 0.036252774 3.232392e-06 0.017525515 0.0031118577 4.866989e-06 0.00935735 0.0067297625 0.010476597 2.2965442e-06 0.097430974 0.021610461 0.0058849896 0.0051792827 1.7444356e-07 9.069798e-08 0.0016346227 0.012258981 2.710904e-07 0.009164949 4.3363983e-07 0.0016843999 0.00014352382 2.1824273e-05 0.0032948111 2.4968196e-08 0.0022412492 0.006857474 1.39254e-05 6.361001e-05 0.0006049478 0.000109340035 0.00036453438 0.006001639 2.2249329e-05 3.574787e-06 0.00072720565 0.015356212 0.000689028 4.3377923e-07 0.003019158 0.00034964207 1.3592476e-06 6.894164e-08 6.524759e-07 7.522173e-05 0.0002462613 4.011326e-06 0.00085068675 0.0001807698
0.31435284 5.208993e-06 0.0015144738 0.0003599356 0.012813708 0.00012673679 0.001014971 8.823327e-07 0.0065096905 0.0033836174 0.008037183 0.20753075 0.1182661 0.0010792472 0.6057794 6.856724e-06 0.014970766 0.9808353 0.018371632 1.1482517e-06 0.61793226 5.3732093e-18 3.1280156e-06 0.00032083355 0.24436198 6.4263463e-07 3.968072e-08 0.9899186 0.13433833 2.4762429e-07 0.12912495 0.00017576422 0.0016356278 0.004463688 0.25002986 0.03260808 0.22203656 0.11436088 0.021961315 0.026138842 0.020180881 6.1078066e-07 0.014790164 8.8667975e-06 0.12646802 2.7295852e-07 2.731253e-06 0.007892697 1.2058459e-06 0.010991412 0.042492557 0.011957286 0.016262209 4.751222e-06 0.003492888 0.012036245 4.4994267e-06 0.00739619 0.0027285186 0.0006679012 4.9373926e-07 0.006715478 0.00093983376 0.031460408 0.0023528356 1.0284571e-06 3.0484722e-07 0.00287458 0.000110380606 3.4626532e-07 2.982018e-05 2.7037163e-07 4.2320835e-06 1.1566365e-06 2.697418e-06 0.0007425431 1.4712164e-07 0.002292952 0.00042592545 1.4237507e-05 0.00014701234 0.007679747 0.00036812905 2.7489667e-05 0.008080063 1.024926e-05 1.23888385e-05 1.2726266e-06 0.019911172 0.00020791819 2.5447557e-07 0.0022145077 0.0013279995 1.8823113e-06 1.974664e-07 1.7253402e-06 0.00012204208 3.30204e-05 2.718639e-06 0.000731046 9.400098e-05
0.11737846 0.010776125 0.00015250534 0.0004547548 3.9552968e-05 0.0012629597 4.6397592e-05 0.117325544 4.4614382e-05 0.00011000324 1.5581169e-05 1.3791044e-05 3.4231056e-05 0.0071956743 2.63466e-05 0.7880757 0.00022702065 4.1602734e-06 6.0337825e-05 0.82638305 4.40338e-05 3.1280156e-06 1.6894348e-17 0.04352404 3.4238696e-05 0.9821039 0.07217221 2.0235702e-06 5.6740657e-05 0.95185447 3.6295325e-05 0.04218302 0.002311725 4.522291e-06 1.2593839e-05 6.934791e-06 3.1830295e-05 0.00012789802 1.6297164e-06 3.614677e-06 4.0170644e-06 0.07896714 6.5849163e-06 0.09415477 2.8203118e-05 0.62497234 0.31896323 2.664358e-06 0.15780872 0.00069436023 5.884642e-05 1.2291618e-05 1.2430241e-06 0.0041098017 3.5692003e-06 0.00021690266 0.005702802 1.2952337e-05 1.2741743e-05 5.0916187e-06 0.0016129888 2.0860098e-06 3.1561167e-06 0.00036853884 1.3665413e-05 0.00069284247 0.13983195 4.62657e-05 1.31849565e-05 9.457908e-05 1.3976716e-05 0.00026205933 3.0091687e-05 5.222122e-09 0.0746704 1.0003461e-06 0.000685015 1.0889054e-05 1.5318275e-05 0.0429682 0.029853506 0.0005053976 0.004311077 5.464322e-06 0.0030523487 0.012689147 0.022020305 1.014875e-06 0.00038444516 0.00011782361 0.00016315872 0.00013976991 0.00035664986 0.008446457 0.010390623 0.0007188963 0.005530738 1.3693375e-06 0.008579788 0.0021120925 0.0038441252
0.4086089 0.0064243344 0.009106602 0.077514276 0.010234035 0.41549087 3.4586898e-05 0.60402215 0.09774421 0.15268056 2.263631e-05 0.0004901593 0.014894137 0.9670765 0.00022841334 0.6214816 0.108790904 0.0012042192 9.607174e-06 0.005509662 6.1861692e-06 0.00032083355 0.04352404 2.6076967e-19 0.0079291435 0.03422936 3.1473069e-06 2.1160016e-05 0.0033011206 0.01661657 3.8150865e-06 0.9759121 0.79474944 2.8434755e-07 2.8590019e-05 1.0907382e-06 9.16914e-05 0.0036981322 9.3277144e-08 9.613401e-07 2.6389674e-07 9.07474e-06 1.8090896e-06 0.36475044 0.00030153524 0.029731378 0.060508598 1.1878883e-06 0.00025115 0.17321171 0.014800373 1.2637554e-06 2.7654096e-06 3.9283503e-07 8.236014e-08 0.00050780986 1.3188844e-05 3.0741194e-05 4.1781577e-06 3.5602812e-07 1.2467276e-05 3.0696474e-06 8.1078275e-07 0.013380858 1.0469979e-06 7.4868353e-06 0.00020950874 9.717477e-05 3.2586837e-07 1.5526862e-07 6.651481e-07 3.897513e-05 7.848385e-07 1.7037566e-10 0.0019450716 6.160952e-08 5.3233525e-05 0.00014228732 5.5116163e-07 0.0009018119 0.12809032 0.01594723 0.054646377 7.5691446e-08 0.086082794 0.000819378 0.00077281997 6.92783e-08 0.0032037587 3.8947724e-06 8.216723e-06 0.00015195033 0.00686027 0.0019124734 0.00053396734 0.00027320767 0.0069742408 2.623416e-08 0.0031538738 0.017229013 0.011303167
0.45570475 3.493521e-05 0.0050957403 0.003848041 0.044731688 0.0025649152 0.00043059076 0.0002281323 0.047772568 0.06428709 0.003368885 0.036032036 0.94816965 0.007328593 0.14935671 0.0004324853 0.34578386 0.76177436 0.0063996906 1.674833e-06 0.084152766 0.24436198 3.4238696e-05 0.0079291435 3.1670496e-17 1.1291897e-05 1.277276e-08 0.19842334 0.9892152 6.625901e-06 0.05776048 0.002803661 0.029898098 0.0009543563 0.12613204 0.0074077393 0.31113988 0.53517514 0.023193326 0.01681893 0.014679847 2.3541236e-06 0.011799549 0.0006073314 0.3181553 1.39081585e-05 6.4389285e-05 0.0020943754 2.9197618e-05 0.043481123 0.24879575 0.008497552 0.014146683 8.7270547e-07 0.007887027 0.04406656 6.2393688e-06 0.018434606 0.0049948473 0.00077650056 7.364428e-07 0.0036111476 0.00046234322 0.10413203 0.002592126 5.9152563e-07 8.053011e-06 0.0054510296 2.6692704e-05 2.540512e-07 6.3878424e-06 1.3522643e-06 2.6404591e-06 1.7192194e-07 5.3410437e-05 0.0010939896 4.7016155e-07 0.004620316 0.00081790664 0.0001611753 0.0019438275 0.048874505 0.005006415 3.18917e-05 0.057230286 0.0003489334 6.770733e-05 3.2823442e-07 0.037295483 0.00052638754 2.4319377e-07 0.0036235857 0.0136978375 0.00010710073 3.2227638e-06 1.1052655e-05 0.0010210461 8.017795e-05 0.00038461675 0.01382152 0.0015918162
0.12005698 0.007431733 9.734924e-05 0.00020319263 1.9634123e-05 0.0008888062 1.24232665e-05 0.11531087 2.1879581e-05 9.22356e-05 6.03302e-06 4.30224e-06 1.1946097e-05 0.0044347653 2.1457324e-06 0.7972151 0.0001880058 1.3209657e-06 1.9329336e-05 0.85674465 5.064513e-06 6.4263463e-07 0.9821039 0.03422936 1.1291897e-05 5.9499127e-19 0.043769564 6.7426384e-07 1.795269e-05 0.9495273 1.2519259e-05 0.037331037 0.0020383417 1.472416e-06 7.2940875e-06 7.3849367e-07 7.632243e-06 3.5698762e-05 4.7169306e-07 2.3027903e-06 8.8329574e-07 0.114704914 2.7902347e-06 0.1596317 1.1853008e-05 0.67187655 0.4037502 8.0843785e-07 0.18981504 0.0009155059 2.0024618e-05 5.9987005e-06 4.1950645e-07 0.0020748836 2.0509606e-06 4.557123e-05 0.0119009605 2.3424e-06 6.356255e-06 2.226388e-06 0.0021801519 3.6738313e-06 1.4429855e-06 0.00042701117 9.910826e-06 0.0010949232 0.1717939 8.820344e-06 9.993979e-06 0.00016213546 3.172294e-06 0.00027432642 2.695969e-05 3.1622398e-09 0.12973696 2.7783932e-07 0.0010513259 4.5091174e-06 5.2290065e-06 0.106023945 0.069198065 0.0005353313 0.0076995646 1.2611608e-06 0.0052622273 0.01903403 0.04866744 1.270948e-06 0.0003072357 8.437427e-05 0.001635287 7.2743635e-05 0.0005586005 0.018673303 0.03258706 0.0015666836 0.012362555 1.1215289e-07 0.014850872 0.0015576505 0.013561875
0.0018547812 0.23110838 1.1846713e-05 1.4035662e-05 1.2008812e-06 0.00027374987 0.00018234855 0.017338336 1.4444733e-07 1.2216812e-07 1.2967656e-06 1.6530773e-06 6.196401e-08 2.2963766e-05 1.6806283e-06 0.0132869 1.4796491e-07 2.9927055e-08 8.1690337e-07 0.9958862 1.342192e-07 3.968072e-08 0.07217221 3.1473069e-06 1.277276e-08 0.043769564 8.337438e-19 1.1641071e-08 1.1662985e-08 0.07864439 1.0608378e-06 1.0229192e-05 7.494175e-07 9.200296e-09 1.913847e-06 1.7612094e-06 3.1244275e-07 5.387674e-07 6.547673e-07 1.8889587e-07 1.0824735e-07 0.6776244 8.6322224e-08 1.7947092e-05 9.731851e-07 0.0076502403 0.00046355915 3.0903274e-07 0.14260934 5.6668544e-08 7.132459e-09 4.1246512e-06 3.2766053e-07 0.83946115 8.137046e-07 2.54904e-07 0.11032996 2.782798e-07 7.1573305e-07 4.6739046e-06 0.0060637416 2.767862e-07 3.7836304e-07 1.8166335e-07 2.1704552e-07 0.0051494464 0.0037259145 5.6160125e-08 1.3254827e-07 0.009849128 2.2875078e-08 0.00023946214 1.6121795e-07 2.3008594e-07 0.00058438495 1.5612166e-07 0.0028899566 1.1683988e-07 5.1933955e-07 0.00055052974 0.00012129658 8.311117e-07 2.759115e-07 2.5224588e-07 2.334237e-05 0.00028727725 0.00032021824 2.1237007e-08 8.4540836e-05 4.0923146e-06 0.00045464857 2.6488719e-05 1.0447955e-06 9.8606455e-05 0.00015037798 0.00055296574 0.0002545126 3.6667608e-08 0.000116905474 6.702933e-05 2.6120935e-05
0.57319415 7.767112e-07 0.0006802279 4.305177e-05 0.0076020714 4.9558685e-06 0.00025674127 1.032035e-07 0.0041199597 0.002667306 0.0035367552 0.06504959 0.064960316 0.0004774745 0.313473 8.0412264e-07 0.013167341 0.3753796 0.014231283 7.7043234e-07 0.73038185 0.9899186 2.0235702e-06 2.1160016e-05 0.19842334 6.7426384e-07 1.1641071e-08 2.1452476e-17 0.0950425 8.755744e-08 0.13867258 2.0221958e-05 0.00071324495 0.0037470863 0.76180595 0.15805961 0.7452922 0.2649933 0.1175727 0.183185 0.1542186 9.744812e-08 0.13843617 1.3133234e-06 0.38167635 4.214768e-08 5.6515836e-07 0.019474462 1.0097251e-07 0.011114167 0.13068917 0.029626844 0.14170541 1.3860742e-07 0.022697164 0.10931072 5.5360647e-07 0.1414837 0.03624033 0.0030273853 9.472003e-08 0.009254994 0.0059921625 0.08976883 0.012036551 7.831162e-08 5.0863378e-08 0.02084231 0.00046003898 6.833654e-08 4.4593668e-05 3.044865e-08 7.852424e-06 5.8134714e-07 2.912499e-06 0.0027649507 2.12183e-08 0.016649976 0.0010727374 2.8529266e-06 0.00015287855 0.020441612 0.00026980435 5.8423397e-05 0.021699335 3.0992571e-06 2.5863894e-06 2.1574942e-06 0.0626023 0.0013987157 3.397764e-08 0.012213034 0.0070170583 3.8263033e-07 3.536311e-08 4.68598e-07 3.274478e-05 0.00026650113 1.7497399e-06 0.0018075655 8.489803e-05
0.8322541 3.6788413e-06 0.000590664 0.0022042305 0.0041590044 0.0006644327 2.959517e-05 4.6437388e-05 0.020919858 0.028160926 0.00080704904 0.013985051 0.46340322 0.005282216 0.029833915 0.00013994637 0.27855855 0.4490992 0.0021996475 1.2691105e-06 0.030342797 0.13433833 5.6740657e-05 0.0033011206 0.9892152 1.795269e-05 1.1662985e-08 0.0950425 7.740171e-17 7.714646e-07 0.01458219 0.0016624733 0.04966609 0.00021855676 0.048162512 0.0057952106 0.15789226 0.8728036 0.0072543453 0.008694914 0.008093506 4.14556e-06 0.0068158736 0.0005296499 0.32664296 2.822872e-06 1.2944791e-05 0.00041030874 5.020277e-06 0.13007064 0.6041262 0.002482714 0.0037059644 4.5373483e-07 0.0016144367 0.059389096 5.594086e-06 0.008423912 0.0011654631 9.7667194e-05 3.4699258e-07 0.00012937319 2.5792844e-05 0.20532638 0.00076805404 5.6363456e-07 8.886094e-07 0.0045791194 3.7764623e-06 9.6363344e-08 1.2929352e-06 6.6549455e-07 7.690214e-07 8.43089e-08 1.893309e-05 0.00011639297 9.808246e-07 0.0026598962 0.00012435958 2.1177053e-05 0.0074081877 0.1617671 0.014014705 1.997808e-06 0.20505095 0.00011096206 7.0761953e-06 8.203826e-08 0.05438448 0.0001829509 4.229838e-07 0.002183325 0.0950237 3.0161016e-05 1.365191e-06 3.0787712e-06 0.0012693075 6.847036e-07 6.499669e-05 0.07601099 0.001626988
0.8156637 0.0022092161 2.2604965e-05 0.00017805431 3.1583793e-05 0.0003839992 2.2386332e-05 0.072573625 1.8754317e-05 2.5083176e-05 1.564327e-05 6.444876e-07 2.5123156e-05 0.0013114323 3.3819622e-06 0.78834814 2.5949415e-05 4.7967836e-07 1.7980961e-05 0.7354794 1.3549035e-07 2.4762429e-07 0.95185447 0.01661657 6.625901e-06 0.9495273 0.07864439 8.755744e-08 7.714646e-07 2.7456865e-18 6.8347916e-05 0.03511069 0.00082900416 8.154537e-06 7.9470546e-08 3.6594944e-08 9.500891e-06 1.1458316e-05 8.052181e-08 3.3574378e-07 1.8767894e-07 0.26322764 8.440641e-08 0.3788233 4.2255506e-06 0.9307772 0.64613706 4.8744486e-08 0.5247991 0.0014558809 2.5171048e-05 1.1448141e-06 4.097245e-07 0.0024690907 1.016151e-07 5.34097e-06 0.014468377 1.0989492e-06 1.3436994e-07 1.5404488e-07 0.0044747163 9.182563e-07 8.964064e-06 0.00044826418 1.5891032e-06 0.0017186459 0.41383335 6.671404e-07 4.119423e-06 0.00010824112 1.00009665e-05 0.0005184677 1.3906647e-05 1.680021e-08 0.49433082 1.01105094e-07 0.0011654564 1.5276486e-06 5.732076e-07 0.2790203 0.21393572 0.0014064745 0.021434125 4.3677426e-07 0.00971708 0.100306734 0.12269526 2.3780998e-05 7.909556e-05 3.712165e-05 0.0009243444 7.747821e-06 0.001408727 0.051796533 0.048369024 0.00090107904 0.031486906 2.464382e-08 0.05144473 0.0029574898 0.02972775
