1.4936848e-28 0.000122608 0.00027386242 0.0022592037 0.0009230939 0.004016611 0.014265818 0.0979833 0.0014970081 0.014588921 0.027812071 0.0035328702 0.011931451 0.19998819 0.5476017 0.15550557 0.0028292947 0.088608265 0.038983278 0.01513264 0.45543876 0.6403694 0.0011744259 0.84455615 0.12586138 0.14946567 0.000121995305 0.27891767 0.10671761 0.922149 0.77553236 0.07053064 0.0020924427 0.62249416 0.0035241363 0.4420303 0.28782687 0.32923773 0.012370262 0.3168901 0.0084828995 0.974471 0.23119883 0.94455606 0.35502437 0.7593437 0.27863553 0.15428199 0.48078713 0.31270772 0.50980586 0.9368045 0.086622864 0.7631599 0.23708634 7.512573e-05 0.49367085 0.9246722 4.5716834e-07 0.5792269 0.97554404 0.1205333 0.001714124 0.15511209 0.36948305 0.9862813 3.4028815e-06 0.16476463 0.6464005 0.04354639 0.000516522 0.000222514 0.044292495 0.7147985 1.5971016e-05 0.07287718 0.9624869 0.034641583 0.99557686 0.27836862 0.00039548194 0.45924106 0.011455301 0.3920053 0.9837287 0.023093965 0.9993377 3.2248958e-05 6.504121e-05 0.025624538 0.94455916 0.76201224 0.99744546 0.9812053 1.6658496e-05 0.024932718 0.99818134 0.6673836 0.99108505 0.99864215 0.0013373096
0.000122608 3.4611963e-17 0.90254617 0.6252928 0.84704614 0.7031019 0.020238124 0.67084473 0.040140845 0.0033638384 0.023863766 0.00014610746 0.008420491 0.022596173 0.0015483788 3.1138705e-05 0.001740344 0.00011087235 0.00019499127 0.0007452833 0.009282388 0.0038707221 6.751344e-07 9.540027e-05 7.702557e-06 0.00028461387 1.0869015e-06 2.5527563e-06 0.00032942 0.0011631496 3.9384317e-06 1.543515e-05 9.643157e-06 5.8188157e-06 2.517166e-06 1.1745422e-05 0.0003395432 1.3194793e-07 4.061394e-06 0.00039416994 5.4956763e-07 6.943324e-05 0.00028822428 5.9720238e-05 2.4077356e-06 2.5087804e-06 2.590455e-06 3.5354378e-06 2.9784949e-06 2.345025e-07 0.00035353034 0.0012810349 2.2421307e-05 5.434808e-06 5.0751134e-07 4.8921647e-06 4.8333544e-07 0.0025366922 1.4124783e-05 0.0008100154 2.7002403e-05 8.554867e-06 8.4201965e-06 7.750123e-07 3.5211662e-05 0.0010230759 1.14681654e-07 2.650432e-06 2.5953884e-06 1.361155e-07 7.54011e-08 7.022985e-07 1.6469356e-06 2.8157108e-05 8.796956e-08 2.8075365e-06 8.276454e-06 1.6353335e-06 0.0017149522 5.744797e-06 4.6657945e-08 1.370135e-05 1.6609628e-06 0.001370239 5.729415e-07 5.22404e-07 0.001427533 1.39314755e-08 4.252592e-06 4.4536125e-07 1.0752159e-05 2.918207e-06 0.0013733349 0.0002764068 3.911601e-06 2.6313978e-07 0.00032738302 2.1479498e-06 0.0003320923 0.00024085694 1.1012153e-06
0.00027386242 0.90254617 2.5788924e-17 0.44686952 0.9122195 0.73692876 0.00844286 0.8059471 0.0140686715 0.0031905014 0.031129912 7.8420184e-05 0.011734719 0.037579056 0.004766117 8.0833226e-05 0.0015145713 0.0002910714 0.0006296079 0.0014928771 0.02218873 0.0074618696 2.735163e-06 0.0007424762 6.324755e-05 0.0009468567 9.837127e-07 2.857113e-05 0.0012971134 0.0025600719 5.3479704e-05 2.2015423e-05 2.1414877e-05 4.8528647e-05 1.9457775e-06 0.00012940355 0.00081508985 2.5280424e-06 1.4883629e-05 0.0010374655 1.2012604e-06 0.00019297058 0.0005026975 0.0005488292 1.4560942e-05 1.4852745e-05 9.154357e-05 7.587408e-06 1.4241036e-05 3.623271e-06 0.00036201952 0.0011468643 2.6915066e-05 3.867477e-05 8.392282e-06 1.0756467e-05 3.300146e-06 0.0026961993 6.3929383e-06 0.0006705424 9.7019954e-05 1.0619041e-05 1.0145486e-05 2.7387518e-06 3.3215867e-05 0.0009962518 1.3984169e-07 1.0876661e-05 3.0202982e-05 1.5223344e-06 3.4894848e-07 3.1217005e-06 9.9046316e-05 0.000119242955 3.9966798e-07 1.7400325e-05 2.396836e-05 4.508653e-06 0.0011414506 8.51297e-06 1.5806489e-07 2.6647507e-05 3.9883316e-06 0.0012300502 2.945128e-06 1.2783876e-06 0.0007203429 3.3451806e-07 4.299533e-06 3.1008062e-06 1.4886411e-05 2.9859648e-05 0.0014169447 0.00029098312 3.0121475e-06 1.0412911e-06 0.00021641132 3.0483689e-06 0.00087186944 0.00016030231 4.3232117e-06
0.0022592037 0.6252928 0.44686952 6.944941e-18 0.3311296 0.94806814 0.9743734 0.54780465 0.00021370409 0.20337544 0.002449513 7.6021834e-06 0.0057029156 0.052063864 0.090017036 0.0024907354 0.089938715 0.0061433227 0.015751911 0.036971428 0.14903289 0.0073753903 3.994439e-07 0.0015911809 0.002629883 3.241587e-05 1.7355512e-07 0.00040362746 6.826082e-05 0.026561612 0.00058355124 1.579304e-06 0.0016735303 0.0002278214 0.0003860678 0.00011022954 6.855486e-05 5.8755263e-06 4.8263514e-06 0.00015988764 2.5694442e-07 0.01725139 0.000108108135 0.008433911 3.9711654e-06 5.4369208e-05 9.187557e-05 2.3889302e-06 3.2212117e-06 3.5196301e-06 0.00021335344 0.013260651 1.1337638e-05 0.00016743685 1.9451447e-06 6.7664723e-07 2.1349144e-06 0.00790784 0.00022117984 0.0006736219 0.00039949786 2.103827e-06 9.831752e-05 1.6753411e-06 2.4582192e-05 0.0015793103 1.5144179e-06 8.437229e-06 3.287568e-06 4.5535043e-07 2.234719e-07 1.0718456e-07 1.9949468e-06 4.0250463e-05 3.51015e-08 3.784881e-06 6.2746885e-06 1.3767042e-06 0.0021927692 3.3677684e-06 1.3024166e-07 1.684506e-05 1.3410425e-06 0.0016760116 3.4080488e-06 2.7208657e-07 0.0070342883 1.5478907e-08 1.8084221e-06 1.0658982e-06 2.3944853e-05 5.926038e-06 0.011582796 0.0009020476 4.0585287e-06 4.941118e-07 0.0007695156 2.4395022e-06 0.001268144 0.00064679753 3.5837314e-07
0.0009230939 0.84704614 0.9122195 0.3311296 9.18369e-17 0.69767624 0.01252952 0.9476922 0.14823622 0.002607085 0.17474264 0.002230159 0.06171084 0.08387001 0.0058005652 0.0001449569 0.0017550504 0.00038119662 0.0004145497 0.0008525669 0.021106498 0.020859376 2.560257e-05 0.00061995286 4.5248904e-05 0.005094237 9.296206e-06 3.189082e-05 0.0033745638 0.0025259398 2.585732e-05 0.00016253411 9.902208e-06 7.078588e-05 3.908968e-06 0.00011156156 0.0027420295 3.731949e-06 3.5867753e-05 0.0031143816 4.933319e-06 0.00016587642 0.001765519 0.00032675389 2.761092e-05 1.44040705e-05 4.9116847e-05 0.00011459403 4.0767707e-05 4.5881256e-06 0.0009517264 0.0013644181 0.00017311072 4.524286e-05 1.240125e-05 4.849774e-05 7.1299196e-06 0.0038565914 8.365841e-06 0.0013214705 3.3714725e-05 4.2553813e-05 1.3862883e-05 5.4591137e-06 0.00019256648 0.0019993056 3.192198e-07 8.256532e-06 2.160091e-05 2.040803e-06 4.9597764e-07 9.025397e-06 9.1411224e-05 0.00012919048 1.5793478e-06 2.6147876e-05 1.9013536e-05 8.004979e-06 0.0012108393 3.1197946e-05 1.5394656e-06 6.6217784e-05 2.947099e-05 0.0015255531 3.1447717e-06 5.4652446e-06 0.0010367676 2.9071808e-07 2.19515e-05 8.7489325e-06 5.0564464e-05 8.555378e-05 0.0015780878 0.00013098212 8.638976e-06 5.7612406e-06 0.0003048561 1.5622742e-05 0.00071821886 0.00027887692 1.4518786e-05
0.004016611 0.7031019 0.73692876 0.94806814 0.69767624 6.990563e-15 0.54651624 0.94618016 0.0017000135 0.028996557 0.018257009 7.117077e-05 0.017704247 0.1106987 0.14566319 0.0028868108 0.025918964 0.003377687 0.007525527 0.01437345 0.24728394 0.021256592 1.3732483e-05 0.012073839 0.0035283347 0.0004972161 6.905805e-06 0.0027711482 0.00060223887 0.026486548 0.0020021573 0.00011782473 0.0014754494 0.0009152222 0.00039124594 0.0024038882 0.0007826139 0.00016706137 0.000103402366 0.00058818253 4.904401e-05 0.013873167 0.000388229 0.009949824 0.00010903431 0.0002817063 0.0015028236 1.2762467e-05 0.00016515773 4.70585e-05 0.00028377285 0.0138277225 8.153756e-05 0.0006551086 0.00019757557 0.00024731335 5.633138e-05 0.011225109 0.00024166914 0.0007509568 0.00032950577 5.088708e-05 0.0012991951 1.8750454e-05 0.00013285827 0.0017977825 1.6080921e-05 5.1715902e-05 0.00012289561 1.933092e-05 1.0329212e-05 2.2167595e-05 0.00018498517 0.00010871212 2.337326e-06 5.2220377e-05 2.27269e-05 1.8187382e-05 0.0014853468 3.5222307e-05 1.8838351e-05 9.698646e-05 0.00018832865 0.0014835214 2.4114182e-05 4.458893e-06 0.0064271865 1.305581e-06 0.0001420243 0.00015360722 1.653977e-05 0.00012085987 0.0057262033 0.0011821383 7.4808806e-05 0.00018249662 0.00042843068 1.8800518e-05 0.0015406945 0.0005690904 3.444322e-05
0.014265818 0.020238124 0.00844286 0.9743734 0.01252952 0.54651624 4.11057e-17 0.60528946 1.337782e-05 0.83612406 0.002491447 3.2467782e-05 0.0042495597 0.042388078 0.8621764 0.13868532 0.16629687 0.11938562 0.12617408 0.14523785 0.4500841 0.008025369 2.2302502e-05 0.13640812 0.041844446 0.0002870256 1.9583322e-06 0.014203691 0.00083774613 0.062095188 0.02175034 6.102107e-05 0.015516525 0.013231552 0.0040409714 0.0025459332 0.0008632969 0.0015723566 0.00023799505 0.0015594065 5.0529612e-05 0.2552684 0.001177172 0.087295026 0.0006662741 0.0027598038 0.0020671077 7.062098e-06 0.00037904136 0.00044044017 0.0006236838 0.026973205 3.9128267e-05 0.004405246 0.00027809796 3.253076e-05 0.00032405343 0.008915427 7.841906e-05 0.0005808991 0.0025251342 1.6751983e-05 0.0011097789 5.0480052e-05 0.00012284031 0.0012343088 1.8118575e-06 8.885001e-05 0.00016973139 2.1973408e-05 9.331417e-06 4.5870934e-06 0.00012224838 0.00070483354 1.5613961e-06 9.598158e-05 0.00032314364 1.8182092e-05 0.0008051963 1.6191689e-05 1.2663528e-06 4.5702323e-05 1.0588189e-05 0.0013887947 0.00032003567 2.3294083e-06 0.0084389765 5.9639524e-07 6.8421934e-05 2.6212292e-05 3.914988e-05 0.00056784943 0.030677773 0.0016345464 3.845236e-06 3.390876e-06 0.00049587054 2.5755531e-05 0.0034876277 0.0007135222 3.7863465e-06
0.0979833 0.67084473 0.8059471 0.54780465 0.9476922 0.94618016 0.60528946 3.032669e-16 0.0750864 0.15019554 0.51714385 0.057377297 0.67175996 0.88592875 0.36982393 0.018077265 0.031940505 0.033151597 0.07006652 0.039398883 0.5105884 0.41475105 4.0273542e-05 0.012588586 0.003413774 0.023756446 7.8265075e-05 0.00245176 0.038638268 0.23751816 0.005410572 0.0005050018 0.0006880309 0.0012070626 0.00042546 0.003202938 0.0055705905 0.0002997559 0.00019522868 0.009199157 5.2906675e-05 0.04614408 0.0069327746 0.009436791 5.1061503e-05 0.0002546641 0.0037388476 9.041848e-05 7.639923e-05 9.941884e-06 0.0021337676 0.09483728 0.00025758834 0.00015820976 0.00020086711 2.4239054e-05 5.012484e-06 0.17041694 0.00012388632 0.014935922 0.00088052795 0.00016362916 0.0013912981 8.1956705e-06 0.0006884208 0.04000925 4.734617e-06 2.801146e-05 1.2567024e-05 6.464993e-05 8.552547e-05 6.8573518e-06 0.00042256512 2.4111629e-05 3.6777135e-07 3.6890564e-05 1.3466603e-05 6.726586e-06 0.004787973 5.3149743e-06 3.3024535e-06 0.00019474224 2.9192244e-05 0.002672634 2.3702082e-06 4.2526793e-07 0.030151352 8.820193e-08 3.6170684e-05 6.406157e-06 0.00012454994 1.8597564e-05 0.018106451 0.001445391 0.00010410131 1.3776217e-05 0.0013275461 4.080143e-05 0.006437238 0.0026426385 5.5040236e-06
0.0014970081 0.040140845 0.0140686715 0.00021370409 0.14823622 0.0017000135 1.337782e-05 0.0750864 8.983783e-19 0.00012863392 0.24415007 0.99653447 0.06072495 0.006096314 4.2629626e-06 1.0146046e-05 6.0150298e-05 3.7246227e-05 2.5430623e-05 0.00027385354 8.828002e-06 0.0097422255 0.13240047 1.2182126e-06 6.711415e-05 0.04752521 0.15413707 0.00012178014 0.015563045 1.9972264e-05 1.0362666e-06 0.043336116 7.467247e-06 2.8560913e-07 5.848806e-05 1.9766501e-05 0.02478188 2.2632637e-05 0.008452831 0.006764977 0.0058992207 6.409309e-08 0.008332189 1.4203107e-06 1.0065101e-05 3.0064477e-06 0.00041009535 0.0046659 4.7325026e-05 9.4793e-07 0.0037677854 2.4685936e-05 0.0071594 3.858859e-07 3.860035e-06 0.023457043 1.4804466e-07 0.00043071026 2.0732734e-06 0.0030013418 6.4290834e-06 0.006372507 1.5959644e-05 1.4076345e-05 0.0032639094 0.002504109 7.5491755e-08 1.1051178e-05 8.539615e-08 5.876919e-05 1.246015e-06 0.00014600188 0.001221961 2.1876256e-06 3.4454617e-05 2.4130053e-05 5.344977e-07 7.1208347e-06 0.0049359123 0.00055078045 1.2390964e-07 0.0012826135 5.605956e-05 0.008562961 4.3673842e-07 7.2417955e-05 0.00011287231 9.196309e-06 0.00010799725 5.418728e-08 0.0015872782 1.485591e-06 0.00021594107 2.277938e-06 0.00021698502 8.336861e-09 0.0016326068 0.0002473723 9.874135e-06 0.002527875 0.0005388816
0.014588921 0.0033638384 0.0031905014 0.20337544 0.002607085 0.028996557 0.83612406 0.15019554 0.00012863392 1.02583495e-19 0.0018741249 5.9755905e-05 0.0031324471 0.033332784 0.67926794 0.39459965 0.8839676 0.44053903 0.74539 0.84234625 0.2735748 0.00849472 9.494595e-06 0.08267416 0.38909084 0.00013042905 2.1130552e-05 0.09336268 0.00041403034 0.08131377 0.012269239 8.286583e-05 0.019558348 0.008472462 0.027279314 0.007665117 0.0003613955 0.012313748 6.878807e-05 0.0012040378 5.8049012e-05 0.364725 0.0006036261 0.08021705 0.0010037674 0.0031292168 0.017280731 1.7133158e-05 0.0006463554 0.00081886357 0.00056402496 0.035376452 1.653075e-05 0.00092233706 0.0010730132 0.00016196405 0.0002257964 0.009741171 0.002111756 0.0002511198 0.0024620756 5.285934e-06 0.00616311 0.0001666478 3.3867116e-05 0.0039590974 2.3501521e-05 9.602022e-05 1.7619244e-05 1.0984217e-05 5.3969157e-05 7.0709743e-06 0.00024753492 0.00013523431 1.0518477e-06 2.7501257e-05 3.4823675e-05 1.589039e-05 0.001894827 1.6028434e-05 9.92993e-05 9.403756e-05 2.5252795e-05 0.0020450691 0.000117027506 1.0372147e-06 0.020645749 7.9917476e-07 7.7845425e-06 1.7614009e-06 0.00026050518 7.22823e-05 0.14339821 0.0074135484 8.899855e-06 4.326433e-06 0.0025598323 2.746197e-05 0.008819344 0.00625242 8.183581e-06
0.027812071 0.023863766 0.031129912 0.002449513 0.17474264 0.018257009 0.002491447 0.51714385 0.24415007 0.0018741249 5.377164e-19 0.2651086 0.9903024 0.4486757 0.00068884896 4.867117e-05 0.0005168472 5.3825795e-05 7.298274e-05 0.0003284961 0.012064557 0.5571504 0.001087895 0.00024801886 1.0283998e-05 0.18515944 0.00016254805 2.3506072e-05 0.080046594 0.011571635 2.6207994e-05 0.0049863616 1.8037983e-05 3.4894852e-05 1.1052759e-05 6.7104236e-05 0.1360473 1.9792087e-06 0.00017792004 0.05150575 1.9404637e-05 0.00016069446 0.0673944 0.0001906804 6.414643e-06 1.8052318e-05 9.128996e-05 0.0018476205 1.9055124e-05 3.1682893e-07 0.05459842 0.0077897822 0.0011645198 3.8060036e-05 4.5365714e-06 5.1615607e-06 6.3113237e-07 0.092789195 0.00010899979 0.09922554 6.0549555e-05 0.0004340077 8.7927176e-05 9.907673e-07 0.009132361 0.08944046 4.8181655e-06 4.9067967e-07 2.1194217e-06 4.702434e-06 4.463139e-06 7.8332727e-07 7.39087e-05 2.2890015e-05 1.9102902e-07 8.696895e-07 5.1537204e-06 3.220731e-07 0.019087048 0.0001382206 6.2881427e-06 0.00022196949 1.0537157e-05 0.013040487 1.06315565e-05 1.7758897e-06 0.0044140397 5.4357148e-08 9.33885e-06 7.6058027e-06 0.00014322424 3.3767592e-05 0.002038308 0.000118300886 1.9974264e-05 5.2524824e-06 0.0020650448 0.000119206 0.0005927149 0.010098769 1.1009879e-05
0.0035328702 0.00014610746 7.8420184e-05 7.6021834e-06 0.002230159 7.117077e-05 3.2467782e-05 0.057377297 0.99653447 5.9755905e-05 0.2651086 1.5019595e-19 0.067951806 0.005706923 3.8039747e-05 1.7057208e-06 4.3738368e-05 2.7023785e-05 2.4828923e-05 0.00034139512 4.9977752e-05 0.025557844 0.16605239 4.3120428e-05 0.00010924487 0.20163238 0.06105031 0.0002095545 0.061472405 2.5789595e-05 1.3010455e-06 0.23897867 3.5576188e-06 1.3484834e-06 5.252873e-06 0.00039077923 0.14769253 0.00014831126 0.05132785 0.03529214 0.054686863 5.686679e-08 0.043461192 3.914993e-06 8.709798e-06 7.4858217e-06 0.0009979607 0.040285215 8.184622e-05 4.5420236e-07 0.017556489 5.6251843e-06 0.053045686 2.0668908e-06 4.466275e-05 0.0021442077 3.8588263e-07 0.00069797423 2.979529e-06 0.009251204 1.7597396e-05 0.04561551 1.1844815e-05 1.225981e-05 0.043088596 0.0073900805 3.401084e-08 7.261e-05 5.9490044e-06 1.5563259e-05 3.4439952e-06 0.00028123416 0.0015803725 1.2575836e-05 5.37322e-05 6.555239e-05 9.187403e-06 2.1146863e-05 0.020161793 0.006700675 1.4296093e-07 0.008054259 0.00013275012 0.056538388 1.1676224e-05 0.0004696987 1.2100154e-05 5.0886352e-05 2.9533816e-05 3.7993577e-06 0.0060402686 7.0193506e-05 3.9828985e-05 5.2807695e-06 2.8008497e-05 3.9528732e-08 0.0065598013 0.000897632 0.00033370478 0.0099127265 0.00081273797
0.011931451 0.008420491 0.011734719 0.0057029156 0.06171084 0.017704247 0.0042495597 0.67175996 0.06072495 0.0031324471 0.9903024 0.067951806 9.0086244e-20 0.69989735 0.010935496 0.00015940728 0.00017586483 0.00019746649 0.00017350854 0.0003261163 0.045980696 0.7740941 0.00049106637 0.0016148872 1.6723106e-05 0.28712398 6.0994626e-06 0.00011147243 0.17851183 0.02793605 0.00017061635 0.0035692651 5.902898e-05 0.00013047445 9.368429e-06 0.0002809867 0.06911653 6.4541296e-06 0.00010355849 0.030829158 2.0766543e-05 0.00023987789 0.03260569 0.0012781444 3.5778376e-05 4.9117498e-05 9.4006085e-05 0.000660231 8.692384e-05 1.2016488e-06 0.011813438 0.011552652 0.0003973994 4.4416596e-05 1.5916614e-05 9.462771e-07 2.1607248e-06 0.04978807 0.00010015756 0.035357606 4.0361898e-05 0.00014236128 0.00038410065 6.3005923e-06 0.0013062449 0.028361874 1.000263e-06 7.869532e-06 1.860569e-05 4.4480626e-06 1.7548593e-05 1.1938029e-06 9.091627e-05 4.147381e-05 5.72942e-07 5.815914e-06 1.342091e-05 2.6246926e-06 0.0058053415 0.00010415802 4.3607815e-06 6.252578e-05 3.2346582e-06 0.005079523 4.155713e-06 1.6026409e-06 0.0014180404 9.441736e-08 5.0898902e-06 1.1406686e-06 4.9111175e-05 3.479798e-05 0.0006346307 0.00021546896 2.7553378e-06 2.124649e-06 0.0013252042 3.7771555e-05 0.00023549795 0.0021956484 3.6992042e-06
0.19998819 0.022596173 0.037579056 0.052063864 0.08387001 0.1106987 0.042388078 0.88592875 0.006096314 0.033332784 0.4486757 0.005706923 0.69989735 1.248475e-17 0.041975655 0.0040319413 0.0031370302 0.003854957 0.003799407 0.003438977 0.4576314 0.9781186 1.5149981e-05 0.006048373 0.00019793068 0.015325445 5.615311e-06 0.00043420144 0.019214094 0.32488808 0.002606983 2.5167881e-05 0.00024543836 0.0011255494 2.2469194e-05 0.00029393088 0.010742772 9.043301e-06 1.9566996e-05 0.013646654 2.9453781e-06 0.03225335 0.0126566775 0.025549509 1.729887e-05 0.00024446167 2.036727e-05 0.00010037059 6.3844077e-06 3.452871e-06 0.0070244838 0.19711283 0.0002317682 0.0005954676 1.2036841e-05 2.1601993e-06 3.2550204e-06 0.3821287 7.6443466e-05 0.035310227 0.001029304 9.548619e-05 1.8767825e-05 5.14294e-07 0.0011627304 0.06822348 2.6085422e-06 6.727692e-07 4.311486e-06 5.427238e-07 1.2077143e-07 5.756432e-07 3.3127621e-06 9.490521e-06 3.4796468e-08 1.2692583e-06 2.296199e-05 1.5490686e-07 0.009067608 0.000102246726 1.3649606e-06 0.00019831653 1.1818925e-06 0.004575542 4.6044274e-06 6.6373946e-07 0.017659197 4.0228336e-08 3.809887e-06 7.647193e-06 3.3118286e-05 2.1117901e-05 0.008667572 0.0014617548 8.380853e-06 3.7058317e-06 0.0025153712 5.3361968e-05 0.0006808739 0.008626081 1.2313201e-06
0.5476017 0.0015483788 0.004766117 0.090017036 0.0058005652 0.14566319 0.8621764 0.36982393 4.2629626e-06 0.67926794 0.00068884896 3.8039747e-05 0.010935496 0.041975655 1.2670621e-17 0.78483593 0.022426771 0.4905592 0.4042938 0.18703958 0.9370009 0.015774567 7.144322e-06 0.5762466 0.060041722 0.0003810385 4.844585e-06 0.08766465 0.00073966413 0.30019745 0.34913036 3.764605e-05 0.008370399 0.07340802 0.024053432 0.025225066 0.00040193062 0.015010138 0.00012197878 0.0010219462 2.1418286e-05 0.69472724 0.0010308955 0.5220877 0.0041869315 0.016355554 0.011974786 1.6469838e-05 0.0019767913 0.005152578 0.0009007706 0.09421502 5.4960172e-05 0.016016793 0.0040657674 0.0001168765 0.0010444802 0.030949436 9.2600756e-05 0.0018195346 0.022783639 1.0375654e-05 0.002453877 0.0005174168 9.025229e-05 0.0082046725 1.2874247e-05 0.0005369508 8.989152e-05 0.0002154922 1.6979606e-05 1.8572113e-05 0.00011104589 0.0007433725 4.1516387e-07 0.00019383986 0.0009272271 6.517427e-05 0.0034762095 2.9476136e-05 8.036228e-05 0.00012135211 0.00017760336 0.0024926104 0.0008469978 1.7127301e-06 0.0139558595 5.5004657e-06 0.00020044326 9.164523e-05 0.00066476583 0.00054463086 0.06762393 0.005058176 0.00021316469 9.0296715e-05 0.0046000085 5.8507863e-05 0.006096628 0.0037579404 0.00021567538
0.15550557 3.1138705e-05 8.0833226e-05 0.0024907354 0.0001449569 0.0028868108 0.13868532 0.018077265 1.0146046e-05 0.39459965 4.867117e-05 1.7057208e-06 0.00015940728 0.0040319413 0.78483593 6.145668e-20 0.040707827 0.96841174 0.5819345 0.19580452 0.08696968 0.0009220561 7.698074e-07 0.86079735 0.22717263 1.9081783e-05 1.7662487e-06 0.33821097 4.4363933e-05 0.024175335 0.16598262 4.2332463e-06 0.004396929 0.068009466 0.01774136 0.12031371 8.656444e-06 0.023070065 1.3475436e-06 6.191927e-05 1.1486164e-06 0.13209167 1.3925001e-05 0.05668915 0.018569008 0.045735516 0.012413035 3.476352e-07 0.007956185 0.008542948 1.0676496e-05 0.0022194465 9.815085e-07 0.011001552 0.008168793 3.4779307e-05 0.0035012963 0.00094526605 5.278657e-05 2.4941939e-05 0.0058321776 1.5298771e-07 0.0008256532 0.0006139334 5.6238005e-06 0.00014630784 1.6962748e-06 0.0005725166 0.0008087603 0.00021049309 7.9862275e-06 1.324393e-06 0.00029244478 0.0007139847 2.8135483e-08 0.00017448608 0.00045361868 3.066387e-05 0.00015667376 1.1857377e-06 1.5497853e-05 7.48328e-06 3.2359683e-05 0.0001755483 0.0015034234 1.3678346e-07 0.0007858264 6.824562e-08 3.4065404e-06 2.3731722e-05 4.2577008e-06 0.0005550537 0.018667739 0.0010506472 9.521226e-06 2.0572399e-05 0.0004138144 1.3954133e-06 0.0008079523 0.000228183 1.1528553e-05
0.0028292947 0.001740344 0.0015145713 0.089938715 0.0017550504 0.025918964 0.16629687 0.031940505 6.0150298e-05 0.8839676 0.0005168472 4.3738368e-05 0.00017586483 0.0031370302 0.022426771 0.040707827 1.5782451e-16 0.10337812 0.41643566 0.86442506 0.027369605 0.0001437759 7.795418e-06 0.0032565482 0.48622602 0.0001598608 5.4637097e-05 0.045055337 0.00017231188 0.010685797 0.00039722622 0.00043866612 0.79795176 0.00032094313 0.43855345 0.0027718896 0.0006367996 0.014395673 0.00047911494 0.00021891973 0.00028497374 0.15689343 6.7669054e-05 0.0044622985 0.00015639549 0.000172932 0.32818273 2.870145e-05 0.00031255884 5.320515e-05 4.961567e-06 0.006046897 2.3279146e-05 0.00011608878 0.0012050407 0.00025820028 0.00010064444 0.0016524936 0.6217594 2.1820486e-05 0.00034588794 5.1978777e-06 0.15539148 0.00020134352 3.3521028e-06 0.0005055135 0.0126202125 5.5973174e-05 4.6498455e-05 0.00053449674 0.026653945 3.410492e-05 0.005627701 2.1907726e-05 4.1760504e-06 6.337779e-05 1.4533728e-06 5.3115567e-05 0.0016265404 6.5887166e-06 0.003748532 7.62407e-05 0.00042759086 0.001116088 1.4963143e-05 1.381039e-07 0.018309344 1.1955425e-06 2.7158547e-05 2.668274e-06 2.2957569e-05 2.5378606e-05 0.06318201 0.003923046 8.425872e-05 6.2226856e-05 0.0013068211 2.608909e-07 0.004469801 0.005861541 6.01211e-07
0.088608265 0.00011087235 0.0002910714 0.0061433227 0.00038119662 0.003377687 0.11938562 0.033151597 3.7246227e-05 0.44053903 5.3825795e-05 2.7023785e-05 0.00019746649 0.003854957 0.4905592 0.96841174 0.10337812 2.900728e-20 0.8543956 0.4059689 0.06333471 0.0006044648 2.2365323e-06 0.8223481 0.58260655 1.3570605e-05 4.362886e-06 0.61499244 6.148037e-05 0.024359578 0.15623198 2.149084e-05 0.028780505 0.087714605 0.06846266 0.2605556 2.9284734e-05 0.12025561 2.7449427e-05 0.00012312696 3.1964978e-06 0.15122265 6.720344e-05 0.21617435 0.042136695 0.085273124 0.047235895 5.4346624e-06 0.027481694 0.021035336 6.7678804e-05 0.0030764893 1.3282122e-05 0.03932301 0.028349953 0.00021042002 0.010899039 0.0009498539 0.00013388855 6.480277e-05 0.02493042 4.532636e-06 0.0069746566 0.0020661233 1.5735035e-05 0.0004779205 1.0442172e-05 0.0017073306 0.002944911 0.003377864 0.00037588793 4.8472007e-06 0.0010772888 0.0033003634 2.4677462e-07 0.0012790443 0.005206918 0.00027563077 0.00060020224 1.1379224e-05 2.6247015e-05 4.269454e-05 6.431804e-05 0.00034788242 0.0075067077 8.914215e-07 0.0052190633 6.2637264e-07 1.13579945e-05 0.00015474569 1.9056431e-05 0.0016550706 0.06552857 0.007903608 3.1121454e-05 3.0154055e-05 0.0013372878 4.0415984e-05 0.0059532584 0.00065373746 4.1832514e-05
0.038983278 0.00019499127 0.0006296079 0.015751911 0.0004145497 0.007525527 0.12617408 0.07006652 2.5430623e-05 0.74539 7.298274e-05 2.4828923e-05 0.00017350854 0.003799407 0.4042938 0.5819345 0.41643566 0.8543956 6.284668e-20 0.86276126 0.10201488 0.00048748747 6.8815814e-07 0.44782257 0.8766256 1.7136637e-05 5.596237e-06 0.53799427 2.0125224e-05 0.03310032 0.09231531 3.1899213e-05 0.083183184 0.038678125 0.124069706 0.16366245 4.0417406e-05 0.17210741 6.192431e-06 5.1737803e-05 4.141782e-06 0.2701727 1.8163288e-05 0.28911796 0.017886981 0.026874809 0.15264148 8.0749396e-07 0.013661987 0.014638621 1.4018592e-05 0.008999725 2.763074e-06 0.028685024 0.020497803 0.0003758962 0.004728102 0.0023218212 0.0014613331 4.321252e-05 0.03827306 8.545575e-07 0.018450925 0.0014191247 8.044383e-06 0.001299984 0.00031372532 0.0012254523 0.00089298154 0.002199166 0.0015690051 1.804298e-06 0.0034364853 0.0018892904 1.9396097e-08 0.00066324254 0.002098254 0.00032206194 0.001057266 6.505091e-06 9.700246e-05 7.699428e-06 0.00011268419 0.001029627 0.0023779392 4.7907747e-08 0.0126875555 1.767632e-08 5.404432e-06 0.00032013943 1.0213684e-05 0.00064087816 0.09566689 0.018243207 1.0461051e-05 2.953489e-05 0.0015426108 8.9037085e-06 0.027195865 0.0008859005 1.4462148e-06
0.01513264 0.0007452833 0.0014928771 0.036971428 0.0008525669 0.01437345 0.14523785 0.039398883 0.00027385354 0.84234625 0.0003284961 0.00034139512 0.0003261163 0.003438977 0.18703958 0.19580452 0.86442506 0.4059689 0.86276126 1.0087416e-18 0.056977924 0.00048108902 2.4850977e-05 0.12386987 0.87552524 7.382191e-05 0.00023083907 0.4524933 3.4204462e-05 0.025036976 0.01783338 0.000118840944 0.2805838 0.020872539 0.3858914 0.07043448 7.3231364e-05 0.2701168 7.016426e-05 0.00033797653 5.998738e-05 0.2175051 0.00014329693 0.1394768 0.008379779 0.011556029 0.38097787 2.3559689e-05 0.006210616 0.0060367044 9.540446e-05 0.009140491 1.2602044e-05 0.007796706 0.017552339 0.00041723685 0.0024982681 0.0023369382 0.0109920455 0.00010365551 0.020374777 7.415237e-06 0.060520805 0.0019490286 6.3569887e-06 0.0021087606 0.0008145976 0.0025113577 0.00035516033 0.00437819 0.009200917 8.824417e-06 0.006187606 0.0010904076 9.193349e-07 0.0010640594 0.0010563212 0.000503559 0.0015472149 5.0836948e-06 0.0015467214 1.450077e-05 0.00096326607 0.0016536642 0.0010307677 2.7112586e-07 0.00827754 1.5026205e-07 2.920103e-06 2.0578073e-05 4.9792026e-05 0.00026546136 0.07975743 0.014827295 5.9384215e-06 5.3079566e-05 0.0021269522 1.1944969e-05 0.020601342 0.0026053826 6.7082765e-06
0.45543876 0.009282388 0.02218873 0.14903289 0.021106498 0.24728394 0.4500841 0.5105884 8.828002e-06 0.2735748 0.012064557 4.9977752e-05 0.045980696 0.4576314 0.9370009 0.08696968 0.027369605 0.06333471 0.10201488 0.056977924 3.72737e-18 0.18449438 3.4040304e-06 0.07026932 0.03778572 0.00047140502 5.578452e-07 0.019125108 0.0017380483 0.9649784 0.174475 2.0821473e-05 0.025427012 0.03252515 0.026551442 0.0058716536 0.00032375936 0.0067174127 1.1191187e-05 0.0037570035 1.228095e-06 0.67534524 0.0026352957 0.42031506 0.0012245993 0.0073037124 0.01062203 3.3675005e-05 0.0005982641 0.0015177638 0.0014720046 0.21382788 4.8263122e-05 0.017782522 0.0010956952 2.4673112e-05 0.00040320947 0.075569995 0.00044717386 0.010357963 0.039830223 4.7318367e-06 0.0065593575 0.0003374401 0.00017833471 0.031590614 8.910543e-05 0.00014875576 3.3520595e-05 2.083063e-05 1.9729454e-05 4.7703775e-06 4.6360972e-05 0.0004528452 6.3837625e-08 0.00010115058 0.0015188454 1.8002684e-05 0.017676694 1.8258599e-05 1.970999e-05 3.7970014e-05 2.6056518e-05 0.005446171 0.00068666326 1.729081e-06 0.052640904 3.1179238e-07 5.6107478e-05 7.3749296e-05 9.0310234e-05 0.0002510298 0.09644827 0.0404201 3.0173647e-05 2.2589706e-05 0.0053688916 3.2366966e-05 0.013938986 0.018820675 6.567519e-06
0.6403694 0.0038707221 0.0074618696 0.0073753903 0.020859376 0.021256592 0.008025369 0.41475105 0.0097422255 0.00849472 0.5571504 0.025557844 0.7740941 0.9781186 0.015774567 0.0009220561 0.0001437759 0.0006044648 0.00048748747 0.00048108902 0.18449438 1.9492424e-18 0.00012871172 0.001879853 3.407332e-05 0.34262025 1.1854387e-05 9.525036e-05 0.5521131 0.3712909 0.0011355641 0.00040761742 1.1432186e-05 0.00058564695 1.6334694e-06 5.5217602e-05 0.13752633 3.2236428e-06 4.9918115e-05 0.14983572 4.5537367e-06 0.017322758 0.15847532 0.01622234 3.1238983e-06 7.606843e-05 2.3073439e-05 0.00082056585 9.223841e-07 6.3935505e-07 0.12347698 0.43349075 0.00056486204 0.0002072522 5.4086754e-06 6.811597e-06 5.10211e-07 0.8762645 1.22542815e-05 0.47172877 0.00042873377 0.00017516047 4.852409e-06 5.686384e-07 0.014349769 0.4506572 8.644437e-07 3.2575278e-07 6.2325626e-07 2.2966876e-07 2.1165079e-07 2.869091e-07 8.943213e-06 9.581431e-07 2.9117436e-08 5.2236214e-07 5.499826e-06 1.2554183e-07 0.059796296 0.00010984201 1.9364734e-06 0.00049042306 1.7041891e-06 0.020292772 1.05463e-06 2.4518346e-07 0.036644336 2.242737e-08 3.8311305e-07 1.1090323e-06 0.00032110323 3.9947267e-06 0.011740004 0.0023961817 2.4811277e-06 8.943626e-07 0.009792013 0.00020897893 0.00061496056 0.04113104 3.4280824e-06
0.0011744259 6.751344e-07 2.735163e-06 3.994439e-07 2.560257e-05 1.3732483e-05 2.2302502e-05 4.0273542e-05 0.13240047 9.494595e-06 0.001087895 0.16605239 0.00049106637 1.5149981e-05 7.144322e-06 7.698074e-07 7.795418e-06 2.2365323e-06 6.8815814e-07 2.4850977e-05 3.4040304e-06 0.00012871172 5.515545e-20 4.0778496e-06 4.9106607e-06 0.014641489 0.94422936 1.0439475e-05 0.0026702124 2.3576767e-07 1.346656e-06 0.56052417 1.1901527e-06 2.3302648e-07 3.895695e-07 1.7906965e-05 0.027287494 6.1039545e-06 0.17697667 0.003501134 0.30648917 1.685892e-08 0.0039927107 8.8165217e-07 7.3882126e-07 4.02544e-06 5.485293e-05 0.032586258 9.941442e-07 3.3804966e-07 0.0014085651 2.2403698e-07 0.07441017 4.328259e-07 2.619271e-06 0.04127497 5.6405426e-08 2.8242119e-05 1.3957323e-05 0.0008457479 4.7311605e-06 0.14081162 1.6534179e-06 8.84637e-07 0.019372571 0.0003088865 3.5630157e-07 2.0053444e-06 2.0687136e-07 4.8955974e-07 3.73341e-07 0.0056294105 7.890563e-05 2.7982314e-06 0.00041697192 2.1862822e-06 3.9056777e-06 1.3298719e-06 0.0058110524 0.020198176 1.6686751e-07 0.010689695 8.121219e-06 0.033482015 3.6205714e-07 0.0021994817 1.1456486e-06 5.581859e-05 3.7750775e-05 1.4210992e-06 0.00871374 3.3293202e-06 2.8502578e-05 4.042953e-06 2.4955238e-05 5.998373e-08 0.009058714 0.0019576827 0.00028248221 0.0087171905 0.001184289
0.84455615 9.540027e-05 0.0007424762 0.0015911809 0.00061995286 0.012073839 0.13640812 0.012588586 1.2182126e-06 0.08267416 0.00024801886 4.3120428e-05 0.0016148872 0.006048373 0.5762466 0.86079735 0.0032565482 0.8223481 0.44782257 0.12386987 0.07026932 0.001879853 4.0778496e-06 1.05249766e-16 0.3883943 0.0007939423 1.5918813e-05 0.7139016 0.0010698455 0.038798485 0.789488 0.00044545025 0.0037973386 0.5420513 0.049770545 0.5476714 0.0030263013 0.18134768 0.00022108643 0.0012434849 7.2774375e-05 0.27655482 0.0008862001 0.27952218 0.15517882 0.39399627 0.05858125 1.4711576e-05 0.16406696 0.14665966 0.0007451842 0.00957928 0.0001640756 0.09857142 0.15131941 0.0025687069 0.053442363 0.004270379 0.00014788825 0.00080675515 0.054948136 2.4392684e-05 0.005946643 0.01996295 0.000109915985 0.001713745 7.203539e-05 0.01977955 0.01082292 0.014782269 0.00037403527 0.00021087423 0.003366152 0.017631298 3.4249651e-06 0.0038619083 0.02246595 0.0019353529 0.001010828 0.00018341347 0.00027375433 0.0003987722 0.0005548066 0.0018414452 0.026143989 8.825023e-06 0.00456877 4.521312e-06 0.00147593 0.0015235835 0.00020047651 0.0038483765 0.0550485 0.0063768052 0.00070155325 0.0005420969 0.0018531698 0.00015354526 0.007127905 0.0016086159 0.00047099407
0.12586138 7.702557e-06 6.324755e-05 0.002629883 4.5248904e-05 0.0035283347 0.041844446 0.003413774 6.711415e-05 0.38909084 1.0283998e-05 0.00010924487 1.6723106e-05 0.00019793068 0.060041722 0.22717263 0.48622602 0.58260655 0.8766256 0.87552524 0.03778572 3.407332e-05 4.9106607e-06 0.3883943 3.86217e-18 3.083692e-05 2.1918155e-05 0.9315562 2.9316197e-05 0.016506791 0.06123209 4.6235265e-05 0.20413274 0.059173457 0.49569616 0.40470216 4.1244177e-05 0.8076824 2.2003942e-05 5.78345e-05 1.4195409e-05 0.14835727 2.2462616e-05 0.21522094 0.070174865 0.048375227 0.65822387 1.1263176e-06 0.07315008 0.03604425 1.3070354e-05 0.0046178116 4.756037e-06 0.063150324 0.1625537 0.00057123846 0.011867957 0.001094929 0.002136928 1.9078325e-05 0.059292834 2.2665654e-06 0.13355222 0.016200092 1.0214093e-05 0.00046197808 0.00097604946 0.018394932 0.0046135355 0.070451826 0.013994831 6.3271286e-06 0.034880053 0.010974873 3.4670776e-07 0.0037995027 0.017664377 0.0014765754 0.00044006645 2.4010058e-06 0.00068716303 6.3480647e-06 0.0024759644 0.0005217366 0.012015253 1.8572412e-07 0.0062367846 2.5599576e-08 2.2085376e-06 0.00039337832 6.0882053e-06 0.0020843418 0.07505739 0.03553345 6.049584e-06 0.00032357074 0.0022397654 1.0115391e-05 0.023202749 0.0010040766 2.438523e-06
0.14946567 0.00028461387 0.0009468567 3.241587e-05 0.005094237 0.0004972161 0.0002870256 0.023756446 0.04752521 0.00013042905 0.18515944 0.20163238 0.28712398 0.015325445 0.0003810385 1.9081783e-05 0.0001598608 1.3570605e-05 1.7136637e-05 7.382191e-05 0.00047140502 0.34262025 0.014641489 0.0007939423 3.083692e-05 6.90827e-17 0.0018437824 2.3835311e-05 0.9646285 0.00081435015 1.7815495e-05 0.42690617 1.30082035e-05 4.777881e-06 4.3428794e-05 4.166505e-05 0.8883551 1.0509028e-05 0.012697554 0.35671213 0.0010422122 4.104866e-06 0.40762237 7.047698e-05 1.0738934e-06 1.0084463e-05 0.00035593868 0.13858168 4.9108576e-06 2.4565978e-07 0.38806182 0.000811284 0.02820904 5.879326e-06 4.052449e-06 1.6321312e-05 4.3612783e-07 0.010141767 0.00019474985 0.2956123 1.8166615e-05 0.00578184 0.00017563085 8.8354517e-07 0.26553914 0.054434255 8.28997e-06 3.454994e-07 2.3960488e-06 8.2554175e-07 0.00035617794 1.3808995e-05 2.4663184e-05 8.384203e-06 1.8309768e-06 1.4449085e-07 1.600501e-06 3.156288e-08 0.020258669 0.00031478744 2.272378e-05 0.00083328073 2.0860092e-05 0.036170732 3.8256357e-07 9.602842e-06 0.0014189914 8.4018313e-07 6.291544e-06 1.7002104e-06 0.0012119408 1.6025461e-06 0.00023722301 4.6059053e-05 1.6089327e-05 1.1822126e-06 0.008686986 0.0004466345 0.00010777183 0.030543609 1.0792172e-05
0.000121995305 1.0869015e-06 9.837127e-07 1.7355512e-07 9.296206e-06 6.905805e-06 1.9583322e-06 7.8265075e-05 0.15413707 2.1130552e-05 0.00016254805 0.06105031 6.0994626e-06 5.615311e-06 4.844585e-06 1.7662487e-06 5.4637097e-05 4.362886e-06 5.596237e-06 0.00023083907 5.578452e-07 1.1854387e-05 0.94422936 1.5918813e-05 2.1918155e-05 0.0018437824 3.7335744e-18 2.4045105e-05 0.00023425856 3.8552946e-07 1.561801e-06 0.15603502 2.3213227e-06 2.821401e-07 1.0535509e-05 9.239908e-05 0.0019502018 2.1588865e-05 0.110291444 0.00029049345 0.43560496 3.604257e-08 0.00025522843 6.247475e-07 2.3970156e-06 5.3366625e-06 0.00055032235 0.00431532 6.0306443e-06 5.739614e-07 0.00020898331 1.15322e-06 0.016613012 2.0018369e-07 2.4750765e-05 0.96762663 1.08452156e-07 1.4422214e-05 2.029849e-05 0.0005060921 7.267342e-06 0.06311961 3.2148917e-05 5.0180847e-06 0.0024933866 0.0001339192 2.458967e-07 6.4528003e-06 3.7592878e-07 3.157771e-05 2.5714728e-06 0.06679232 0.00031760873 1.5120405e-05 0.014012412 1.2896909e-05 3.695914e-06 2.1495032e-06 0.0015984906 0.020605108 4.728032e-07 0.005784043 1.4069487e-05 0.0064693475 9.139248e-07 0.012788828 9.979377e-06 0.002322606 0.00094889157 5.6208484e-07 0.004707132 2.7784079e-06 8.770172e-05 2.4630287e-06 0.00031694156 5.3652417e-07 0.0057599386 0.002751646 2.2189e-05 0.0027231309 0.0042832857
0.27891767 2.5527563e-06 2.857113e-05 0.00040362746 3.189082e-05 0.0027711482 0.014203691 0.00245176 0.00012178014 0.09336268 2.3506072e-05 0.0002095545 0.00011147243 0.00043420144 0.08766465 0.33821097 0.045055337 0.61499244 0.53799427 0.4524933 0.019125108 9.525036e-05 1.0439475e-05 0.7139016 0.9315562 2.3835311e-05 2.4045105e-05 4.3094327e-18 6.24061e-05 0.0054833614 0.13189337 6.3218664e-05 0.033051357 0.20755354 0.3579352 0.8976247 2.0364396e-05 0.895569 5.4155484e-05 8.543751e-05 2.0002553e-05 0.042485714 3.1303778e-05 0.1730578 0.29643854 0.28142965 0.42867622 1.0629736e-06 0.23299626 0.18266699 1.6152853e-05 0.0013481132 3.378932e-06 0.124791615 0.47768304 0.00053696596 0.055726923 0.00023591872 0.00013701618 1.2799899e-05 0.05533613 2.0672219e-06 0.07908814 0.106264025 3.926862e-06 0.00013041784 9.3412156e-05 0.08107087 0.045173418 0.19238512 0.007935124 3.0696287e-05 0.029238459 0.046347857 8.538708e-07 0.035689533 0.051848486 0.014185409 0.00015746661 3.8140677e-06 0.00031789814 8.982514e-06 0.0022020696 0.00026930487 0.04236499 2.729217e-06 0.00092832284 2.731567e-07 3.312623e-06 0.00470446 1.8165922e-05 0.006609448 0.02746966 0.010098289 1.02319045e-05 0.0005723872 0.0013576685 2.908928e-05 0.0076724296 0.0006484403 5.6951185e-06
0.10671761 0.00032942 0.0012971134 6.826082e-05 0.0033745638 0.00060223887 0.00083774613 0.038638268 0.015563045 0.00041403034 0.080046594 0.061472405 0.17851183 0.019214094 0.00073966413 4.4363933e-05 0.00017231188 6.148037e-05 2.0125224e-05 3.4204462e-05 0.0017380483 0.5521131 0.0026702124 0.0010698455 2.9316197e-05 0.9646285 0.00023425856 6.24061e-05 6.949847e-17 0.0018876523 3.6961028e-05 0.07321865 1.31975885e-05 1.1572174e-05 4.2192063e-05 7.811408e-05 0.8554933 8.205994e-06 0.0012350035 0.53681576 0.00020841886 6.9966973e-06 0.53281975 0.00014588665 1.4441558e-06 2.1484671e-05 0.00010138381 0.042527232 2.952986e-06 2.6029224e-07 0.48470435 0.0014353361 0.008253832 8.18035e-06 1.1618673e-05 5.1305637e-06 1.3895855e-07 0.01831983 0.00024845422 0.38778955 9.540077e-06 0.001938383 0.00021413558 7.9744115e-07 0.06826394 0.03486631 6.053133e-06 5.944312e-07 2.0643988e-06 7.3704285e-07 2.2554512e-05 2.4858316e-06 1.5155704e-05 2.1060494e-06 3.7110428e-07 4.00247e-07 2.9932337e-06 9.81115e-08 0.009873303 0.00010647066 1.5748064e-05 0.00024005411 1.4004641e-05 0.013695271 2.923261e-07 2.5221186e-06 0.00058649236 2.0436768e-07 4.611595e-06 1.4820677e-06 0.00019421606 2.7882395e-06 0.00019607916 8.06026e-05 1.3701754e-05 2.4345775e-06 0.003106817 0.00025744297 4.192529e-05 0.008503863 9.809429e-06
0.922149 0.0011631496 0.0025600719 0.026561612 0.0025259398 0.026486548 0.062095188 0.23751816 1.9972264e-05 0.08131377 0.011571635 2.5789595e-05 0.02793605 0.32488808 0.30019745 0.024175335 0.010685797 0.024359578 0.03310032 0.025036976 0.9649784 0.3712909 2.3576767e-07 0.038798485 0.016506791 0.00081435015 3.8552946e-07 0.0054833614 0.0018876523 1.02972425e-19 0.076453134 3.5227026e-06 0.017398736 0.012772654 0.008188351 0.0020954423 0.00032712557 0.002447059 1.267259e-06 0.0027148826 7.4827267e-07 0.69452274 0.0013564869 0.36839357 0.0005046337 0.0037522197 0.005583568 1.291069e-05 0.00038286851 0.00024397908 0.0007357535 0.93006766 1.1608783e-05 0.014403082 0.00013477956 2.0778339e-06 0.00011466564 0.39392754 0.0010191369 0.012482534 0.019237466 1.8817316e-06 0.0077713626 9.8963974e-05 0.00026358402 0.048852995 6.9422786e-05 7.6422184e-05 5.102925e-06 3.84095e-05 8.319706e-05 2.626106e-07 1.222826e-05 0.00040089167 1.3142774e-07 9.266365e-05 0.0003896736 2.4629573e-05 0.030115785 7.270705e-06 2.7242544e-05 1.4719562e-05 1.8869314e-05 0.008307446 0.00013708205 8.466355e-07 0.26462612 5.366856e-08 5.249603e-06 4.899525e-07 3.361199e-05 5.28448e-05 0.15405443 0.044669665 9.1086974e-07 3.8046204e-07 0.0050289487 2.3991745e-06 0.0131733455 0.017349971 1.7013888e-07
