1.4823467e-24 0.9751963 0.9248478 0.8324687 0.99978775 0.98695 0.9573304 0.8134454 0.75387263 0.9801362 0.9998848 0.95536286 0.9953968 0.9947993 0.94872475 0.34777 0.93401664 0.9999358 0.89831525 0.32534587 0.9934997 0.48035267 0.50152117 0.5506984 0.99852765 0.79437757 0.95945704 0.9770686 0.9475655 0.8743955 0.9260253 0.9091512 0.9943016 0.8656161 0.9307647 0.9222365 0.987875 0.91992456 0.82000536 0.98054296 0.9596464 0.9602808 0.86941105 0.96195173 0.6434242 0.9252716 0.90125096 0.86224264 0.97696996 0.85737914 0.94463944 0.8413075 0.8838676 0.95771486 0.868598 0.86638266 0.7861751 0.6790553 0.75764066 0.8528034 0.88193214 0.5651553 0.7532074 0.20012149 0.55951834 0.77505547 0.5425741 0.25977424 0.077980556 0.3163637 0.4988422 0.035731703 0.14580098 0.076079704 0.060193144 0.12194666 0.4687517 0.015086875 0.070696905 0.02442444 0.2838984 0.008032375 0.04028902 0.08252447 0.20556642 0.008627286 0.0006993685 0.0029237855 0.010230281 0.043015637 0.00016327578 0.007598828 0.0011602 0.07514087 0.0019879828 0.027165111 0.0025518108 0.0007528427 0.01914755 0.00044968547 0.0010516432
0.9751963 7.991113e-13 0.9838997 0.8319276 0.70484644 0.5145185 0.030766312 0.7987107 0.01175834 0.076088265 0.004081391 0.004074828 0.030002028 0.0011270382 0.0137742 0.0012583323 0.013316927 0.005651322 0.0033437142 0.013107235 0.0006586286 0.062958345 0.008751788 0.0008301834 0.0024226059 0.0044015464 0.0001529099 0.0023128353 0.0009902549 0.0004131955 0.00023419045 0.00058044173 0.00019543247 0.00065005646 4.670632e-05 0.00023957863 7.208907e-05 0.0009891138 0.004598109 2.5943353e-05 0.00029208467 8.8176064e-05 0.00029865728 0.00016386903 2.2748518e-05 0.0013296774 6.7206776e-05 6.229116e-05 3.129297e-05 1.1741593e-05 0.0004884627 3.2125668e-06 0.00013951767 1.630947e-05 1.0547085e-06 8.95868e-06 0.00019787105 9.57806e-07 1.1689722e-06 1.3187328e-06 5.306069e-05 0.00039069075 5.2182685e-07 0.0001092802 0.0003247461 3.3468817e-07 5.0056366e-05 1.2846431e-07 1.0470277e-08 6.517384e-05 7.105872e-07 3.4272216e-05 2.7618883e-06 2.221779e-06 1.5342837e-07 9.048473e-05 6.0771225e-07 6.1981007e-07 2.458299e-05 4.126937e-08 6.1074715e-08 1.2841525e-06 3.25935e-08 1.1546191e-05 3.6399317e-05 9.1688776e-07 7.7209326e-05 7.0992746e-07 1.376764e-05 6.996039e-07 7.6040324e-06 6.8546256e-06 6.4927076e-06 0.000102258615 3.6487243e-05 3.2318553e-06 4.7161922e-07 5.702274e-07 4.2442416e-06 4.6227683e-07 2.351728e-07
0.9248478 0.9838997 2.0639919e-11 0.9724761 0.9322846 0.04319659 0.050124165 0.19465967 0.026150562 0.013703664 0.011493134 0.024574824 0.0067866985 0.0017186779 0.002754412 0.010407516 0.0026012973 0.0019145027 0.0004243999 0.007151412 0.00079792854 0.030567639 0.0030643654 0.0058612586 0.0003499715 0.002217797 0.0012945528 0.00030868713 0.00028601487 0.0003341924 0.0011526648 0.00033532316 0.00010365215 0.005388782 0.00025752914 0.00011899553 0.000100002944 0.00030666252 0.0070437067 5.6888007e-06 0.0001253317 3.529359e-05 5.6245226e-05 0.00013709671 0.00026375448 0.0010895797 3.202813e-05 5.1361574e-05 1.0205827e-05 6.4355127e-06 0.00076758984 7.3993565e-06 0.00011238326 2.8443788e-05 1.4534655e-06 2.7081187e-05 0.0004205506 2.5035654e-06 1.8586863e-06 6.4772835e-06 0.0001423701 2.8282926e-05 3.5954122e-07 2.727972e-05 0.0004989049 1.9108768e-07 4.9955543e-05 5.117807e-07 1.414959e-07 2.1533164e-05 2.2870192e-06 3.9737322e-05 1.3305412e-05 2.6555101e-06 7.202316e-07 1.26861505e-05 2.039801e-06 5.0323856e-06 5.792536e-05 6.3797427e-07 1.6087032e-06 2.5179465e-06 6.4071315e-07 3.0379546e-05 0.00013812071 8.2371093e-07 4.3361833e-05 4.053034e-07 5.799492e-06 6.7135757e-06 1.7090231e-06 4.648846e-06 4.9473024e-06 1.8048704e-05 1.1702153e-05 1.0746931e-05 1.43809e-05 5.614029e-07 1.6939808e-06 8.2220646e-07 7.142237e-08
0.8324687 0.8319276 0.9724761 3.277497e-12 0.71046615 0.20818602 0.33524135 0.9576276 0.6292008 0.038131077 0.017300207 0.103699476 0.013375659 0.0021419218 0.006916829 0.11943367 0.0053151627 0.00042222493 0.0009589032 0.032760855 0.00016446161 0.17962725 0.008251707 0.021321444 0.00072426454 0.008490362 0.0042868573 0.00011987461 0.00066227326 0.000770604 0.0011990784 0.00045318695 6.489021e-05 0.0045210687 0.000778937 9.555434e-05 6.8513415e-05 0.0002428208 0.018719032 6.940263e-06 0.00032353343 6.2753047e-06 2.6678708e-05 0.00017517702 0.00010097353 0.0038084108 5.251017e-05 0.00011177593 1.4709415e-05 1.4280928e-05 0.0006066466 3.9972956e-06 9.807001e-05 3.1562763e-06 1.2287592e-06 4.3656582e-06 0.0010851045 8.5336444e-07 6.3903594e-06 3.1185318e-06 8.0571095e-05 0.00024436423 5.136578e-07 4.4904475e-05 0.00094528723 6.7267484e-07 3.4026787e-05 2.9343974e-07 2.1802169e-08 4.777924e-05 5.4212087e-06 4.8024234e-05 1.9858242e-06 7.0242186e-07 6.8755426e-08 5.525321e-05 3.5770038e-06 1.344557e-07 1.6363736e-05 1.7870558e-07 2.3285063e-06 1.7120614e-05 6.1435614e-08 0.00011942948 0.00014460219 1.3165682e-07 2.5828733e-05 9.117549e-08 9.711488e-06 1.2630163e-05 4.6318924e-06 1.8829569e-05 5.1057315e-05 7.220287e-05 1.850366e-05 3.6577268e-07 3.726054e-07 9.6875475e-08 9.031911e-07 1.1380026e-07 1.0273666e-07
0.99978775 0.70484644 0.9322846 0.71046615 1.3615033e-16 0.15990421 0.88339406 0.18528746 0.31851724 0.048383005 0.045163587 0.14354722 0.015992349 0.00351908 0.007945123 0.019433985 0.008037639 0.002316819 0.002360099 0.023572614 0.0007922625 0.052831706 0.027998991 0.013460224 0.0027805031 0.0063937707 0.003544268 0.00058050925 0.002370742 0.0017470572 0.005209093 0.0010503316 0.00044497452 0.0061295433 0.00077191106 0.0005979549 0.00026175712 0.0005777108 0.008238128 6.3892476e-05 0.0012441035 5.558083e-05 0.00021172299 0.0006016817 0.00042737642 0.0030570973 0.00023453306 0.00017029433 0.00016654868 9.040873e-05 0.0033965239 2.3303293e-05 0.0010184601 5.4727214e-05 1.0020403e-05 0.00011125992 0.0006696727 1.3673885e-05 2.6160198e-05 2.7575816e-05 0.00038837417 0.0009879256 1.2893071e-05 0.00018647568 0.003032546 2.0832795e-05 0.0003539449 1.4898205e-06 1.5953296e-07 0.0013783313 0.00015613649 0.0011291296 0.0003223892 0.00036757797 5.6812755e-06 0.0011367239 9.562648e-06 7.1579176e-05 0.0009554113 1.3075771e-06 5.3870554e-06 9.7290125e-05 2.5793187e-07 0.0018990794 0.011256112 7.3012498e-06 0.00021479806 1.9879274e-06 7.995666e-05 2.3909894e-05 1.5233939e-05 2.6582275e-05 3.4485194e-05 0.004144869 0.0003127923 0.0006584731 5.625423e-05 2.02702e-06 0.00017306136 1.4861055e-06 1.8831183e-07
0.98695 0.5145185 0.04319659 0.20818602 0.15990421 1.6288225e-16 0.0085447 0.7158116 0.0077390824 0.9553494 0.012848741 0.006502027 0.10208701 0.0015801608 0.07737079 0.0021502548 0.06312867 0.006201125 0.018481493 0.57746375 0.0010101433 0.53599024 0.8350062 0.0014233964 0.0006231971 0.625257 0.0002267504 0.00039449203 0.007918754 0.04972967 0.097344525 0.019017562 1.3081491e-05 0.00032127538 0.00016206327 0.005158884 1.630297e-05 7.617907e-05 0.20399204 6.636376e-07 3.8500337e-05 5.895224e-07 5.451913e-06 3.4887533e-05 7.6817923e-07 0.027134843 8.118378e-06 1.3985583e-05 6.406453e-07 5.5640754e-07 0.0052617956 1.1703905e-07 0.00020644638 4.8544103e-07 1.6255827e-08 7.1536454e-07 0.006983236 1.3679936e-07 2.0409218e-06 9.018772e-08 0.0016903991 0.0020926027 1.0554737e-07 0.00080064865 0.0086945575 5.6880573e-08 0.00014404062 3.5215976e-08 7.0050783e-09 0.00048440843 2.3825866e-08 8.28776e-05 2.1407359e-05 1.2811348e-06 2.8658234e-09 0.0002712468 3.5498726e-07 2.3403081e-06 7.00846e-07 4.6746913e-09 3.4828737e-08 2.0512924e-05 6.912001e-09 1.1586071e-06 1.3068846e-05 5.057295e-07 1.0323436e-06 1.6225694e-07 1.0937636e-07 2.0197285e-07 5.6799152e-08 1.2680882e-06 1.0358712e-06 5.744093e-07 4.253525e-06 2.5839202e-07 6.769803e-07 6.3283345e-08 1.3101735e-06 1.44311e-07 3.2882046e-08
0.9573304 0.030766312 0.050124165 0.33524135 0.88339406 0.0085447 1.5706707e-17 0.03484255 0.99826854 0.0024692863 0.045821324 0.08682464 0.0021643403 0.0022266833 0.00086203445 0.039053496 0.0007139381 0.00010349025 3.3902002e-06 0.0008593918 0.00024887966 0.0033266465 0.0002373411 0.024410168 2.9425244e-05 0.00024282612 0.0023775403 3.8825374e-06 3.6813e-05 4.3122054e-06 1.2884269e-05 2.5913509e-05 1.2460715e-05 0.01391417 0.00031916334 4.321065e-06 6.499576e-05 5.0729795e-05 0.00040198065 2.0126258e-07 9.893014e-06 5.5787477e-06 1.09223865e-05 4.578907e-06 0.0008920504 1.084383e-05 2.5776799e-06 1.6046657e-06 1.4300505e-06 6.894464e-07 3.3924494e-05 2.8940082e-07 9.000153e-06 1.1090401e-05 4.556358e-07 2.9879817e-05 4.760654e-05 1.3749991e-07 4.7552317e-07 2.2564548e-06 1.386217e-05 3.0855303e-05 2.0620973e-07 3.245506e-05 0.000107319116 1.4221486e-08 2.2501552e-05 1.5960892e-07 5.5032622e-08 4.0726904e-05 1.222746e-06 1.0041278e-05 4.951513e-06 6.892863e-06 3.4829986e-07 0.00020135716 1.6203643e-05 1.5649409e-06 7.477884e-05 1.0430502e-06 2.6204918e-07 2.1555968e-05 8.394691e-08 5.94245e-06 0.00022295814 7.439863e-07 4.4856347e-06 1.1037577e-06 0.00016475531 8.348338e-06 3.3371606e-07 6.4428136e-06 9.110178e-06 9.7335884e-05 5.420428e-06 1.8503721e-06 1.1730154e-05 4.139926e-06 1.1996829e-06 1.440405e-06 1.2871816e-07
0.8134454 0.7987107 0.19465967 0.9576276 0.18528746 0.7158116 0.03484255 5.6812575e-12 0.02297029 0.015122585 0.0106984265 0.010199372 0.0001791941 0.000632417 0.0002038018 0.0048814416 0.00020736393 1.8460054e-05 5.8775076e-05 0.31889507 3.0095678e-05 0.9795313 0.10271151 0.0014141429 7.5956686e-06 0.013408559 0.00020799492 2.4954202e-06 4.7970498e-05 5.690692e-05 0.0008451403 2.2488079e-05 2.0085065e-06 9.079955e-05 3.0373954e-05 2.2444756e-05 2.1800238e-06 1.7598672e-05 0.044000648 5.179759e-07 9.475612e-07 4.5956554e-07 4.2908814e-06 3.5279004e-06 6.9301854e-07 0.0010579992 1.4686028e-06 1.0746373e-06 1.3580289e-07 1.1282483e-06 5.224977e-05 6.274838e-08 1.2558176e-06 1.056581e-06 1.252388e-07 1.1988434e-06 0.00078947895 2.2590396e-07 2.3434927e-06 1.617148e-06 6.754887e-05 0.000104444785 7.2877503e-07 1.9193534e-05 0.0014908526 1.4181472e-07 6.0815087e-06 4.5342074e-07 1.4083476e-07 5.0613242e-05 1.516525e-08 0.00022453805 1.5788222e-06 3.817672e-07 4.831776e-08 6.4678766e-06 1.0582616e-05 2.433023e-07 4.280982e-06 7.0476865e-08 9.3189436e-07 2.8262416e-06 6.953937e-08 5.06102e-05 5.867446e-06 2.1751404e-07 1.0953859e-05 2.8914272e-08 8.284666e-08 3.2097418e-05 1.7147818e-07 4.70717e-07 5.660122e-07 9.552864e-05 3.755156e-07 6.270339e-08 2.1501385e-06 9.405339e-08 5.2898343e-07 6.326827e-08 1.269981e-08
0.75387263 0.01175834 0.026150562 0.6292008 0.31851724 0.0077390824 0.99826854 0.02297029 1.4016802e-18 0.0020147655 0.053275857 0.42025098 0.0029990429 0.0127124945 0.00078973576 0.89788556 0.0005711546 0.00032310205 2.5752337e-05 0.00035114898 0.0010227019 0.0009686459 9.7374505e-05 0.10941039 5.7151174e-05 0.00015347911 0.0129953455 8.413325e-06 4.850727e-05 6.120372e-07 2.5763527e-06 4.3580835e-06 0.0005671404 0.035652507 0.0019488707 1.5168956e-06 0.0007579417 0.00012619646 3.0832274e-05 5.8858627e-06 2.0631895e-05 0.00013894166 0.00016156283 2.7953207e-05 0.00073798996 2.5715994e-05 2.4248548e-06 1.1866653e-06 1.3573001e-05 3.8974602e-07 2.0788617e-05 9.353476e-08 1.7552686e-06 6.205239e-05 1.1421592e-07 0.00010877113 3.5900637e-05 1.06381215e-08 2.637981e-07 7.851301e-06 8.015016e-06 3.940878e-06 2.7718772e-07 1.4287731e-06 2.0252412e-05 2.0858408e-08 1.0139924e-05 4.421513e-09 7.521673e-10 4.0094556e-06 2.1468697e-05 2.5200723e-06 7.778601e-07 6.6266745e-07 1.522834e-06 5.293193e-06 1.0546668e-05 1.09523754e-07 6.894691e-06 1.4883096e-06 1.2084642e-07 1.137656e-06 6.061073e-07 4.7322457e-05 1.6360098e-05 5.6000182e-09 8.144751e-08 5.2285003e-09 1.6991357e-06 4.218303e-06 1.0145019e-09 7.6321776e-08 6.05539e-08 0.00012893029 2.6231357e-08 1.1354658e-07 9.815076e-09 3.2765772e-07 8.4338785e-09 1.0489712e-07 7.534869e-10
0.9801362 0.076088265 0.013703664 0.038131077 0.048383005 0.9553494 0.0024692863 0.015122585 0.0020147655 7.2876967e-14 0.009502495 0.002132863 0.6411851 0.002336926 0.36733547 0.0019731694 0.32935995 0.0074345265 0.11759181 0.4656063 0.0021363779 0.36229306 0.8207067 0.0006902132 0.0069054277 0.9130988 0.00024647394 0.001377156 0.11901053 0.3384954 0.6387933 0.16629046 2.1434571e-05 0.00012041842 0.00012774601 0.073095515 3.5929646e-05 0.00029092928 0.47255597 5.8116175e-06 0.0008233038 2.8834222e-06 9.694776e-06 0.00015663849 1.1012185e-06 0.3652743 5.592814e-05 0.00014425123 1.7411938e-06 4.4405606e-06 0.021340625 2.850574e-06 0.002570311 1.2427456e-06 7.54667e-08 4.0805085e-07 0.059298754 9.347443e-07 5.6728488e-05 3.2236812e-07 0.008246118 0.01929183 1.7932634e-07 0.0036371003 0.04092422 2.6205182e-06 0.00079463585 9.886855e-08 1.5060557e-08 0.0030648785 6.0273635e-09 0.0005935937 0.0002853577 6.4543387e-06 4.221548e-09 0.002079409 3.3193322e-07 5.1580228e-06 4.21294e-06 1.4974827e-08 4.0681503e-08 0.00017614027 8.804611e-08 7.683646e-07 0.00052336795 9.815498e-07 4.0316503e-05 1.1880445e-06 1.8529397e-06 1.9526692e-07 3.273449e-06 1.429882e-05 3.9898558e-05 4.3038057e-07 7.2637704e-05 8.292539e-06 2.9529888e-06 8.7748487e-07 2.3303071e-05 1.6079148e-06 1.3671636e-06
0.9998848 0.004081391 0.011493134 0.017300207 0.045163587 0.012848741 0.045821324 0.0106984265 0.053275857 0.009502495 9.646042e-16 0.9102551 0.017979763 0.51515263 0.0047889687 0.034511417 0.003461231 0.017176284 0.0007325888 0.0008069275 0.12331846 0.0024441774 0.0007291233 0.4452913 0.011353571 0.00072510215 0.9222518 0.0042813253 0.0007025133 0.00036043298 0.001470581 0.00052798813 0.03911561 0.421036 0.34887454 0.00047839267 0.08706157 0.006333293 0.0010481857 0.009405864 0.0013953309 0.03155186 0.009827867 0.0028389927 0.06417857 0.00091230863 0.0015304617 0.00089134456 0.009272805 0.002314051 0.0015509054 0.0021127036 0.0011153825 0.017375777 0.003769101 0.01726276 0.00033663507 0.0009299054 0.0006106601 0.013876053 0.0005708437 0.00040814723 0.0021488955 0.00010906218 0.001489776 0.0012030863 0.00036897772 0.00041962514 0.00017442818 0.00060556916 0.01285823 0.00037809092 0.00020670112 0.0005207531 0.0012259239 0.00029389444 0.005914876 0.00015996055 0.0004866052 0.0003841237 0.0024033415 4.885178e-05 0.00021233001 0.0049379133 0.0011690637 0.00015718318 1.2370302e-05 6.569583e-05 0.000105261446 0.0012129062 1.3986829e-06 1.0864501e-05 8.652985e-06 0.0136338845 1.7762854e-05 0.0023830007 0.00050540117 0.00024781172 5.10123e-05 0.00014569616 4.2283236e-06
0.95536286 0.004074828 0.024574824 0.103699476 0.14354722 0.006502027 0.08682464 0.010199372 0.42025098 0.002132863 0.9102551 6.4056754e-17 0.0032474333 0.27956817 0.0013476189 0.68929636 0.0010184539 0.011255489 7.2970174e-06 0.00020706868 0.036703132 0.00045766306 0.00011103488 0.96289015 0.0012209 9.314954e-05 0.5020595 0.00072984543 9.058731e-05 7.984941e-06 3.6218873e-05 1.3128231e-05 0.010656549 0.47681502 0.085568935 1.7161972e-05 0.018643262 0.0006709198 0.00013053133 0.0008504613 0.00015021012 0.0027077445 0.0018299506 0.00033568728 0.060563385 1.672719e-05 7.072117e-05 1.9883171e-05 0.00013057228 5.9128874e-05 6.962727e-05 5.6584548e-05 2.2023001e-05 0.0012363675 7.2733084e-05 0.0010041705 1.3372426e-05 4.550218e-05 3.0515132e-06 0.00032221767 3.605583e-05 4.976276e-06 3.7071204e-05 7.5181665e-06 2.8341488e-05 5.4286847e-06 3.0934767e-05 2.0224696e-05 8.8448184e-07 5.1001957e-06 0.00036747352 6.86323e-07 6.3928646e-06 2.5473491e-05 6.592303e-05 6.665556e-06 3.784551e-05 1.71686e-05 4.500295e-05 3.722609e-05 5.536472e-05 4.7584885e-07 5.067267e-06 0.0015597322 6.7212466e-05 2.707081e-05 2.4277877e-05 9.0299e-06 2.1618183e-05 0.0012056718 7.817108e-07 7.766568e-06 8.4268515e-07 0.005985468 7.805729e-06 0.00061601505 0.00017929017 5.0333816e-05 3.3894094e-07 2.2849144e-05 4.332238e-06
0.9953968 0.030002028 0.0067866985 0.013375659 0.015992349 0.10208701 0.0021643403 0.0001791941 0.0029990429 0.6411851 0.017979763 0.0032474333 1.2499373e-18 0.0068965424 0.9388366 0.0014955639 0.9121326 0.06633577 0.78555053 0.029144479 0.0032236492 0.0052717277 0.28802964 0.00084428437 0.11130134 0.69065017 0.00029341303 0.0079313405 0.48784155 0.3887936 0.38154382 0.3342933 4.7508394e-05 0.00013745975 0.00011510212 0.30392778 6.0100324e-06 0.00018196795 0.008912788 1.9342067e-06 0.011081564 1.4996264e-06 5.2282985e-06 8.337847e-05 8.592376e-07 0.119227834 3.9921964e-05 0.0006895305 5.947028e-07 9.976208e-06 0.02769202 3.1325547e-07 0.006739492 2.0795555e-07 3.5737337e-08 6.0961673e-07 0.02247135 2.6821988e-06 0.00019062894 4.229354e-07 0.014473823 0.04100771 1.7332901e-07 0.010151768 0.007153527 3.2196701e-06 0.002049901 2.5071716e-07 3.2543248e-08 0.006219088 1.5549148e-09 0.00031849594 0.00054158014 5.116965e-06 1.644459e-08 0.0045958185 6.920279e-07 3.327652e-05 1.8251829e-05 3.9885446e-08 3.717548e-08 0.0007891857 4.867193e-08 5.7670945e-08 0.0011676658 3.9922e-07 2.7020137e-06 5.19351e-07 1.2450031e-06 6.616381e-07 2.619796e-06 1.905874e-05 9.883476e-05 1.3208725e-06 5.210447e-05 3.485215e-07 1.0549867e-05 1.2887828e-06 3.837585e-05 2.3226028e-06 3.665364e-07
0.9947993 0.0011270382 0.0017186779 0.0021419218 0.00351908 0.0015801608 0.0022266833 0.000632417 0.0127124945 0.002336926 0.51515263 0.27956817 0.0068965424 8.518635e-18 0.0023206524 0.0075363866 0.0017916217 0.090455815 0.0006129927 0.00023921333 0.8902408 0.00026812783 0.00024284326 0.31831574 0.013514522 0.00019241615 0.8868241 0.010325679 0.0003368167 1.3249229e-05 4.0621784e-05 8.786673e-05 0.17780034 0.3416197 0.92866665 0.00013262827 0.31855053 0.0063452213 2.2138971e-05 0.027141772 0.00094814703 0.078254536 0.02396292 0.003406195 0.21672666 8.0625665e-05 0.0008937786 0.0005903177 0.010083305 0.0012508329 0.0006010383 0.0018298711 0.0006724748 0.06778799 0.0040117064 0.0700649 4.2000927e-05 0.0005165786 0.00015205628 0.03150151 0.00021786231 8.051333e-05 0.0012231392 2.7525894e-05 4.6330428e-05 0.00016109478 0.00020540142 0.00012661489 8.0018835e-05 0.00010735178 0.14664334 3.2216343e-05 8.857666e-05 7.358931e-05 0.0054650526 0.00017747164 0.0041410737 2.9553174e-05 9.315905e-05 0.0013913964 0.00058688095 2.1342781e-05 0.00037959334 0.01336535 0.00032935778 6.159863e-05 3.762934e-06 1.0654719e-05 1.3509181e-05 0.0007649229 6.6737102e-06 5.0003905e-06 4.0547628e-05 0.0041745696 9.497729e-06 0.0015850274 0.00036835158 0.00024348144 1.6004307e-06 0.00014558907 4.005924e-06
0.94872475 0.0137742 0.002754412 0.006916829 0.007945123 0.07737079 0.00086203445 0.0002038018 0.00078973576 0.36733547 0.0047889687 0.0013476189 0.9388366 0.0023206524 2.0799524e-16 0.00047899593 0.93842167 0.042835005 0.9257712 0.0205078 0.0016955391 0.0016754355 0.14186376 0.00028951798 0.23077157 0.58004856 0.00016536262 0.017533064 0.6260008 0.43122616 0.2765987 0.41023672 0.00014081576 3.631447e-05 9.891472e-05 0.40298024 1.8240657e-05 0.0017457564 0.00695056 3.9095517e-05 0.013743603 1.30110075e-05 6.123163e-05 0.0008378752 1.5943723e-06 0.1369133 0.00031910551 0.0010677229 9.038373e-07 7.5731055e-05 0.08809209 5.681746e-06 0.011056245 1.3238309e-06 1.2795542e-07 2.101571e-06 0.036147222 5.1568322e-06 0.00013899693 1.5255418e-06 0.016370675 0.05997015 3.8045584e-07 0.010883097 0.014380923 5.2402693e-06 0.0033173086 6.7267297e-07 7.247574e-08 0.010450547 4.5743698e-09 0.0005023798 0.00043324614 7.36895e-06 3.6992425e-08 0.00839683 3.3924189e-06 1.8281407e-05 3.897966e-05 4.5007134e-08 1.4103757e-07 0.0007146847 2.9245828e-07 3.3235796e-07 0.0028470221 4.0599008e-07 5.698012e-05 9.420227e-07 1.1279122e-05 6.2563026e-06 1.4826269e-05 0.00024477803 0.00034981314 4.3861506e-05 0.0003909695 7.743046e-07 4.460339e-06 7.1271597e-06 5.6115725e-05 4.473848e-06 4.8586344e-07
0.34777 0.0012583323 0.010407516 0.11943367 0.019433985 0.0021502548 0.039053496 0.0048814416 0.89788556 0.0019731694 0.034511417 0.68929636 0.0014955639 0.0075363866 0.00047899593 2.0493047e-19 0.00020548998 0.0001349967 4.926757e-07 0.00014101855 0.00119101 0.00043277518 2.7811848e-05 0.9874464 7.96954e-05 4.7186804e-05 0.056251276 8.098558e-06 3.0450244e-06 7.2250224e-08 1.3186685e-06 3.0186308e-07 0.001293935 0.12295155 0.011096603 4.465135e-08 0.0020228536 8.729917e-05 1.1666384e-05 2.447445e-05 7.331248e-07 0.0006015268 0.0004474138 9.320513e-06 0.007880005 7.437278e-06 3.611092e-07 9.988941e-09 9.8262735e-06 3.1743988e-07 1.162284e-05 6.7738554e-08 5.7868266e-07 0.0005786714 3.9245538e-07 0.0008349247 1.3435868e-05 4.7890913e-09 7.133211e-08 7.955999e-05 5.350651e-06 1.5343884e-06 9.3375536e-07 3.2784462e-07 3.5224897e-05 5.2526694e-09 4.3709697e-06 3.4715924e-08 1.5729654e-08 4.6254695e-06 0.0001746722 3.4025192e-07 1.887797e-07 4.6528867e-06 3.6806505e-05 8.159387e-07 2.9410541e-05 2.161645e-07 2.562833e-06 5.3004014e-06 3.3342835e-06 1.2969059e-07 4.02157e-07 0.00040540783 1.8285758e-06 1.9862475e-07 1.4560321e-08 5.662057e-08 1.840124e-07 2.6658765e-05 5.3288657e-10 1.0138854e-08 2.579417e-07 0.00036124562 2.3143883e-08 1.3400121e-06 1.42083625e-08 2.7382856e-07 2.0140714e-09 1.3641193e-07 4.799442e-09
0.93401664 0.013316927 0.0026012973 0.0053151627 0.008037639 0.06312867 0.0007139381 0.00020736393 0.0005711546 0.32935995 0.003461231 0.0010184539 0.9121326 0.0017916217 0.93842167 0.00020548998 1.7432502e-16 0.039946258 0.94097626 0.018325396 0.0014360241 0.0015648135 0.11126053 0.00013369741 0.21068726 0.5923242 0.0001022049 0.01559063 0.7061832 0.44425115 0.29168892 0.4403639 0.00010099404 1.4455649e-05 6.968094e-05 0.43065456 7.723557e-06 0.0016666291 0.008825642 1.6861148e-05 0.01554228 6.525751e-06 4.668793e-05 0.00090754975 6.8535434e-07 0.2042874 0.0002530312 0.0011227941 6.060703e-07 6.1912535e-05 0.11274243 5.119674e-06 0.015085989 7.708645e-07 9.822572e-08 8.444052e-07 0.048235323 5.6716335e-06 0.00015276967 6.0559535e-07 0.026991958 0.081985384 4.4374045e-07 0.015183264 0.023939095 6.133844e-06 0.0053289426 5.3247686e-07 1.6131284e-07 0.017208822 2.4651472e-09 0.0008201719 0.0005879624 5.102176e-06 1.060603e-08 0.010655847 4.1289018e-06 2.1325202e-05 4.4513872e-05 1.39880285e-08 9.820174e-08 0.0009871476 1.9029588e-07 1.9072066e-07 0.0048003886 3.6989093e-07 4.764024e-05 8.725531e-07 1.3059539e-05 3.0438227e-06 1.4101148e-05 0.00022874927 0.0003634721 1.620822e-05 0.000390133 9.1334266e-07 3.2159937e-06 6.1538235e-06 4.6039466e-05 8.005177e-06 6.595453e-07
0.9999358 0.005651322 0.0019145027 0.00042222493 0.002316819 0.006201125 0.00010349025 1.8460054e-05 0.00032310205 0.0074345265 0.017176284 0.011255489 0.06633577 0.090455815 0.042835005 0.0001349967 0.039946258 8.7645135e-16 0.013851322 0.00026508493 0.26881692 2.6733389e-05 0.0015712174 0.0020335033 0.6239719 0.00078724744 0.02748974 0.94803005 0.02409909 0.0007154475 0.000343751 0.0034207872 0.61295456 0.0048356904 0.060310908 0.009315155 0.087507635 0.35443366 1.8981422e-06 0.51291 0.17566486 0.13518769 0.3284656 0.32961264 0.0002794725 0.00013040939 0.12775582 0.059980944 0.6942809 0.22288285 0.032489553 0.24466446 0.03041606 0.16736297 0.16831239 0.044686377 5.585261e-05 0.122762084 0.008007839 0.0558789 0.001758474 0.00073107186 0.03612715 0.0006770988 7.976234e-06 0.057546377 0.0054881712 0.023082322 0.0051737386 0.0014774319 0.03418066 0.0003512342 0.0025399213 0.0027412924 0.0015295804 0.00097320706 0.005526939 0.001463432 0.0015628226 0.00020401824 0.0050375313 0.0007527774 0.0003880754 3.5771432e-06 0.0030396238 0.0008302047 9.3135195e-06 0.00057579315 0.0013198073 0.0018100321 0.00036939213 0.0004443226 0.0007458084 0.0006409793 0.00020166617 7.3002047e-06 0.0019504381 0.00042598823 0.000998539 0.0002610491 0.00019390108
0.89831525 0.0033437142 0.0004243999 0.0009589032 0.002360099 0.018481493 3.3902002e-06 5.8775076e-05 2.5752337e-05 0.11759181 0.0007325888 7.2970174e-06 0.78555053 0.0006129927 0.9257712 4.926757e-07 0.94097626 0.013851322 1.5677503e-16 0.009747718 0.00050885166 0.00046428601 0.07167276 2.0433319e-07 0.31958845 0.53740174 3.9348656e-06 0.006932795 0.89170545 0.54353976 0.22390266 0.6773735 1.3063539e-05 6.0466397e-07 3.780195e-06 0.53422624 9.165607e-07 0.0013201049 0.0038000862 1.9520521e-06 0.027893046 1.8850437e-06 1.1154149e-05 0.0020213802 3.8166678e-07 0.17575108 0.0003883188 0.001376879 1.3547659e-06 7.879741e-05 0.12678404 3.8990497e-06 0.019141393 7.830008e-07 2.5892234e-07 4.4827672e-07 0.03752263 1.893903e-05 0.0003154447 1.423363e-06 0.04232724 0.07644242 2.2154165e-06 0.020620257 0.015319117 8.587752e-06 0.010055854 1.2373082e-06 4.840334e-07 0.016464373 3.6397085e-09 0.0012506664 0.001322201 7.028393e-05 1.9366155e-08 0.0100188 3.467969e-06 9.8282275e-05 0.0001648196 1.9688319e-08 1.1299545e-07 0.00090686756 1.2605794e-07 2.845507e-07 0.007900175 5.4880087e-07 1.4886965e-05 1.2006385e-06 4.590575e-05 4.8781876e-06 3.0574658e-05 0.00045198918 0.0005227629 3.1261725e-06 0.0002698167 2.27143e-06 6.73099e-07 4.167576e-06 9.032798e-05 1.1310618e-05 1.8059087e-05
0.32534587 0.013107235 0.007151412 0.032760855 0.023572614 0.57746375 0.0008593918 0.31889507 0.00035114898 0.4656063 0.0008069275 0.00020706868 0.029144479 0.00023921333 0.0205078 0.00014101855 0.018325396 0.00026508493 0.009747718 1.0177365e-13 0.00010114846 0.9850947 0.9909232 3.447888e-05 0.00018028548 0.32799223 2.7230359e-05 8.952177e-05 0.00031539204 0.0056940876 0.03017494 0.001774803 1.2244742e-06 6.4472515e-06 1.5825797e-05 0.00022115685 2.0786275e-07 0.00015039992 0.6669065 3.686622e-07 3.1867232e-05 1.5280865e-07 6.5550324e-07 7.358942e-06 2.5296486e-06 0.01749191 2.438172e-06 1.1702153e-05 3.2060225e-08 1.8856118e-06 0.00022045584 9.851766e-08 6.274967e-05 6.130966e-08 1.8766453e-08 9.8536646e-08 0.01192143 2.5920426e-07 3.5628543e-06 2.2936199e-08 0.0007458682 0.0027531686 1.828805e-07 0.0008373523 0.01050712 4.330728e-07 0.00015769593 1.4823489e-06 2.887083e-07 0.00029159983 4.775493e-08 0.00044346784 2.307487e-05 1.1193765e-06 1.0677747e-07 0.0005967982 7.6704355e-06 2.0732139e-06 1.2407384e-06 7.745756e-09 4.8518255e-06 4.4834513e-05 1.8801038e-07 1.5699277e-06 0.00013151183 8.0014515e-06 0.00026032986 2.568278e-07 6.3368866e-08 2.6074318e-05 1.3898388e-05 1.5011275e-06 3.808999e-05 4.067615e-06 4.295353e-06 4.535042e-09 8.1627337e-07 2.2311556e-06 4.1098524e-06 1.6546641e-06 4.043764e-09
0.9934997 0.0006586286 0.00079792854 0.00016446161 0.0007922625 0.0010101433 0.00024887966 3.0095678e-05 0.0010227019 0.0021363779 0.12331846 0.036703132 0.0032236492 0.8902408 0.0016955391 0.00119101 0.0014360241 0.26881692 0.00050885166 0.00010114846 1.8285072e-16 5.5110122e-05 0.00021705497 0.028171347 0.0251233 0.00016846402 0.4993649 0.041686997 0.00028585753 1.4962515e-05 5.2826857e-05 4.428451e-05 0.6549124 0.08627052 0.9288737 0.00014822558 0.85464746 0.011372498 1.51715685e-05 0.11799279 0.0014378104 0.30716377 0.06300597 0.0045584883 0.10549099 2.3940467e-05 0.0019335154 0.0008547202 0.036534246 0.003244601 0.00059024704 0.0069106016 0.00076325965 0.21910782 0.01756019 0.22152479 3.5661535e-05 0.0012719617 0.00016408952 0.10959294 7.522416e-05 0.0002591241 0.007256964 5.7255747e-05 7.822434e-05 0.00040826423 0.00040325313 0.00034890044 0.00018499081 0.00023631078 0.7944401 3.239556e-05 0.000105063875 0.00011368947 0.06135971 0.0002763451 0.053613693 8.541062e-05 0.0002328058 0.0059419572 0.0033991938 4.081046e-05 0.0056059565 0.02839714 0.0003647564 0.00018569503 4.143631e-06 9.9429795e-05 9.6598764e-05 0.0020778906 5.5986065e-06 3.6102625e-05 8.30798e-05 0.01690596 0.00010260443 0.0039814706 0.00086883194 0.0004898568 8.9935465e-06 0.00027823323 4.6614656e-05
0.48035267 0.062958345 0.030567639 0.17962725 0.052831706 0.53599024 0.0033266465 0.9795313 0.0009686459 0.36229306 0.0024441774 0.00045766306 0.0052717277 0.00026812783 0.0016754355 0.00043277518 0.0015648135 2.6733389e-05 0.00046428601 0.9850947 5.5110122e-05 6.210802e-15 0.677518 4.490148e-05 3.2167318e-05 0.0298035 2.5341024e-05 1.49285e-06 2.8801094e-05 0.00030266837 0.0050302697 9.24973e-05 5.0571135e-08 2.8347963e-06 1.9122215e-06 1.6698405e-05 1.0639704e-08 3.76128e-06 0.75355434 4.037847e-08 4.6807962e-08 1.6885823e-08 1.1663236e-07 5.1856478e-08 5.412517e-07 0.0040402203 6.993374e-08 7.084182e-08 1.029431e-09 7.193766e-08 1.2581629e-05 5.396055e-09 2.0237313e-07 1.308751e-08 3.5569008e-09 3.094189e-08 0.0037233017 3.0431696e-08 3.639003e-08 8.767019e-09 0.000117546966 0.001319224 9.775654e-09 0.0004240344 0.005406521 2.0837878e-09 5.79989e-06 5.4577498e-08 1.0978953e-08 0.00020477574 1.1591795e-08 0.00035569762 3.8306976e-06 1.1755305e-07 4.1633292e-08 0.000194549 3.5999667e-06 1.6218222e-07 2.3093085e-08 1.072528e-08 2.2639395e-07 1.3921628e-05 4.371726e-09 7.262838e-08 9.5125315e-06 4.5594047e-07 0.0003756455 4.2582325e-08 9.259041e-09 7.585819e-07 3.6099213e-05 2.0921334e-07 2.8866814e-05 1.8130508e-07 1.4740864e-06 1.639688e-09 6.295902e-08 8.8825566e-08 5.2899753e-07 1.1138162e-07 5.239791e-09
0.50152117 0.008751788 0.0030643654 0.008251707 0.027998991 0.8350062 0.0002373411 0.10271151 9.7374505e-05 0.8207067 0.0007291233 0.00011103488 0.28802964 0.00024284326 0.14186376 2.7811848e-05 0.11126053 0.0015712174 0.07167276 0.9909232 0.00021705497 0.677518 2.4269142e-13 9.703285e-06 0.00036397544 0.87885535 2.9581823e-05 0.0002627272 0.0011540385 0.0786879 0.34512746 0.009358849 6.661413e-06 3.6279944e-06 2.4491683e-05 0.0008207141 5.4253235e-07 0.00025222654 0.8954952 7.768808e-07 8.1428996e-05 5.276402e-07 3.376311e-07 2.762891e-05 4.5566167e-06 0.049366456 2.2945334e-05 3.4368375e-05 1.7074711e-07 7.170335e-06 0.0006663386 1.135682e-06 7.65197e-05 6.051488e-08 1.713425e-07 4.5219753e-08 0.019859664 2.728811e-06 1.480996e-05 1.5532617e-08 0.0010937195 0.0040230663 2.6825734e-07 0.0011404582 0.027353643 3.999585e-07 0.0001427463 6.309323e-06 1.2084776e-06 0.0012172599 2.022213e-07 0.00066895457 5.9815826e-05 2.0955938e-05 2.3508649e-07 0.0013807107 5.4743837e-06 4.8445063e-06 3.5196754e-05 3.0910704e-07 1.9990432e-06 8.694573e-05 1.5023676e-06 1.1170873e-05 0.00015997884 1.1564385e-05 0.00021201173 2.9277558e-07 1.1273858e-06 9.361424e-05 4.380361e-05 6.5898857e-06 0.00013123144 8.194237e-05 2.2616416e-05 3.538641e-07 3.6099595e-05 1.3689452e-05 1.4296108e-05 5.868078e-06 3.4547764e-07
0.5506984 0.0008301834 0.0058612586 0.021321444 0.013460224 0.0014233964 0.024410168 0.0014141429 0.10941039 0.0006902132 0.4452913 0.96289015 0.00084428437 0.31831574 0.00028951798 0.9874464 0.00013369741 0.0020335033 2.0433319e-07 3.447888e-05 0.028171347 4.490148e-05 9.703285e-06 8.901545e-17 2.5883402e-05 5.0984745e-06 0.62436736 0.0001066124 3.294929e-06 8.011443e-09 7.377451e-08 2.2193508e-07 0.004787044 0.7996427 0.061833374 5.2360672e-08 0.009182149 0.0004569927 1.561475e-06 0.00019786049 2.5437016e-06 0.001579015 0.0009730609 5.6118315e-06 0.042217627 1.5590682e-07 1.5982497e-06 4.4385242e-08 3.654185e-05 5.215485e-06 1.1533156e-06 5.4485445e-06 1.6715492e-06 0.0005195204 1.7636508e-05 0.00070644624 4.449664e-07 1.9258227e-08 5.045458e-07 0.00014812227 1.3424167e-06 3.8679505e-06 6.221781e-06 1.2838244e-06 4.8660536e-07 1.2200594e-07 9.198498e-07 2.0593501e-07 5.772707e-08 5.431971e-07 0.00054286333 2.862693e-07 1.4825714e-07 1.896787e-06 0.0002706548 9.944137e-07 0.0001420468 3.088181e-08 4.7854137e-06 0.00014294847 5.4497864e-06 2.8698835e-08 8.035175e-06 0.00061712734 1.0724898e-05 1.8420222e-07 2.0900861e-08 3.6395857e-08 1.3513238e-07 5.147465e-05 3.132638e-09 4.885923e-09 2.4456238e-08 0.000602159 4.728841e-08 1.4172954e-05 2.475924e-07 4.4893088e-07 5.406202e-09 1.2802975e-07 7.6306267e-10
0.99852765 0.0024226059 0.0003499715 0.00072426454 0.0027805031 0.0006231971 2.9425244e-05 7.5956686e-06 5.7151174e-05 0.0069054277 0.011353571 0.0012209 0.11130134 0.013514522 0.23077157 7.96954e-05 0.21068726 0.6239719 0.31958845 0.00018028548 0.0251233 3.2167318e-05 0.00036397544 2.5883402e-05 9.280892e-17 0.004027118 0.00018152993 0.5010258 0.58984745 0.021753632 0.013994737 0.121582724 0.01137369 6.033512e-05 0.00024243577 0.47438174 0.00027751378 0.13963324 8.474304e-05 0.0048160315 0.96040404 0.00035873652 0.0029172667 0.27692297 1.1507557e-06 0.0038006606 0.054944165 0.18732347 0.0005684839 0.013588148 0.22444883 0.00049467955 0.34781852 6.0473434e-05 1.940153e-05 1.0151621e-05 0.0006010827 0.0014746004 0.03495842 2.654587e-05 0.042614486 0.0069575864 1.1065246e-05 0.002666449 0.00011201657 0.004941272 0.0740964 0.0001592769 1.0992211e-05 0.0022274351 1.0321713e-06 1.7230292e-05 0.0146773 0.00068891206 8.684811e-07 0.005222633 1.2862686e-05 0.0012209058 0.006944206 6.4915713e-07 1.2537712e-06 0.0004992602 5.0536164e-07 5.589327e-07 0.014134681 2.8496527e-06 6.734265e-07 5.902692e-06 0.0010682908 7.395576e-06 1.5139806e-06 0.00082286505 7.3641764e-05 1.7574963e-06 3.6183246e-05 1.2643256e-06 3.0324359e-06 2.4481287e-07 0.0007868455 1.6834669e-07 1.16131905e-05
0.79437757 0.0044015464 0.002217797 0.008490362 0.0063937707 0.625257 0.00024282612 0.013408559 0.00015347911 0.9130988 0.00072510215 9.314954e-05 0.69065017 0.00019241615 0.58004856 4.7186804e-05 0.5923242 0.00078724744 0.53740174 0.32799223 0.00016846402 0.0298035 0.87885535 5.0984745e-06 0.004027118 6.004717e-15 1.2742632e-05 0.00019822651 0.032137547 0.7983235 0.9189903 0.22345144 5.244956e-07 1.0222994e-06 6.6084003e-06 0.027945485 7.037115e-08 0.00013266368 0.5641385 3.4127237e-07 0.00023347685 1.2341896e-08 2.0805393e-07 1.4198334e-05 2.5160583e-07 0.5898823 5.232419e-06 2.3893368e-05 3.9238722e-07 1.6748858e-06 0.004964057 4.7337258e-07 0.0005048176 5.1366243e-08 4.6705225e-08 1.2140771e-07 0.17331392 3.094232e-07 8.886014e-06 3.8701238e-08 0.0047742464 0.07489536 9.050807e-08 0.020455087 0.16578425 5.1687717e-08 0.00051567936 2.0638858e-07 5.089715e-08 0.013586023 2.0613994e-07 0.004720182 0.00012729921 1.996237e-06 1.3251314e-07 0.0076826434 3.6652468e-06 2.6109317e-06 4.5442744e-06 3.9770814e-08 9.433473e-08 0.00088882726 9.443136e-07 3.912987e-05 0.0006627582 9.968235e-07 0.0005958001 2.8665096e-07 9.840644e-07 1.29615055e-05 4.9188566e-05 7.232881e-06 0.0005085594 7.988635e-06 0.0001943719 3.1581308e-06 5.2910054e-05 5.52151e-06 1.0275401e-05 4.9193513e-06 1.0299639e-06
0.95945704 0.0001529099 0.0012945528 0.0042868573 0.003544268 0.0002267504 0.0023775403 0.00020799492 0.0129953455 0.00024647394 0.9222518 0.5020595 0.00029341303 0.8868241 0.00016536262 0.056251276 0.0001022049 0.02748974 3.9348656e-06 2.7230359e-05 0.4993649 2.5341024e-05 2.9581823e-05 0.62436736 0.00018152993 1.2742632e-05 2.2456728e-16 0.0012886715 2.5423711e-05 7.6469854e-07 4.633297e-06 4.1487237e-06 0.021560155 0.97360027 0.46849492 3.5022056e-06 0.07318872 0.00069565035 3.8549847e-06 0.001712727 1.7420833e-05 0.013822192 0.0024631429 6.153686e-05 0.25653788 4.6447622e-07 3.393621e-05 7.2942626e-06 0.00015362729 2.7941132e-05 2.9617152e-06 2.4425855e-05 1.751954e-06 0.0008961022 4.978148e-05 0.004544986 3.0248395e-06 3.137853e-05 6.673325e-07 0.00045923702 3.0803335e-06 1.4674771e-06 3.2532527e-05 2.9051644e-06 6.5909417e-06 1.0584589e-06 8.39133e-06 7.857211e-06 6.813971e-07 6.6094594e-06 0.007597727 1.536711e-06 1.8615726e-06 4.851187e-06 0.0009159396 1.0067176e-05 0.00025590672 2.9059627e-06 2.3822458e-06 0.00033204074 4.7036e-06 1.4172473e-06 0.00022583603 0.0046871514 5.200642e-05 3.3553556e-06 2.2062333e-05 1.7131082e-05 1.4841248e-05 0.00039384526 8.2133886e-07 1.9122406e-05 6.1668834e-06 0.002653056 2.3381963e-05 0.00062813255 4.1603747e-05 0.0004165393 3.3406664e-07 0.0004432129 1.378629e-06
0.9770686 0.0023128353 0.00030868713 0.00011987461 0.00058050925 0.00039449203 3.8825374e-06 2.4954202e-06 8.413325e-06 0.001377156 0.0042813253 0.00072984543 0.0079313405 0.010325679 0.017533064 8.098558e-06 0.01559063 0.94803005 0.006932795 8.952177e-05 0.041686997 1.49285e-06 0.0002627272 0.0001066124 0.5010258 0.00019822651 0.0012886715 2.5502185e-17 0.023952678 0.0002393788 7.093678e-05 0.0022781652 0.10079857 0.0001704173 0.0022603942 0.016055264 0.0015459525 0.9781596 4.362119e-07 0.10806867 0.16366018 0.010100546 0.074005805 0.50841165 9.469104e-06 1.7460701e-05 0.4979857 0.09366687 0.36897475 0.3792556 0.022201292 0.069467686 0.062407754 0.03420825 0.037034325 0.0013026913 8.807089e-06 0.087462604 0.032874573 0.007693553 0.0015679932 0.0006651339 0.0048652934 0.00072150904 7.267512e-07 0.105820596 0.008080591 0.0036410652 0.00095301383 0.00029726324 0.0017669928 1.388145e-06 0.001866772 0.011144921 1.4650238e-05 0.0005427026 0.0007535236 0.002481741 0.0028378204 1.1871877e-05 0.0011795751 0.00015661355 6.603982e-05 5.7478662e-08 0.00069268426 0.00013562178 2.9251603e-07 0.00018597486 0.0015292536 0.0006939333 4.162182e-06 0.000340977 5.119257e-05 3.511781e-06 3.2391825e-05 5.862236e-07 0.0001604825 8.2758736e-05 3.1800166e-05 2.8590293e-05 6.706936e-05
0.9475655 0.0009902549 0.00028601487 0.00066227326 0.002370742 0.007918754 3.6813e-05 4.7970498e-05 4.850727e-05 0.11901053 0.0007025133 9.058731e-05 0.48784155 0.0003368167 0.6260008 3.0450244e-06 0.7061832 0.02409909 0.89170545 0.00031539204 0.00028585753 2.8801094e-05 0.0011540385 3.294929e-06 0.58984745 0.032137547 2.5423711e-05 0.023952678 5.8941038e-15 0.4828358 0.16382006 0.9137688 7.783062e-05 3.3054104e-07 1.987449e-05 0.9488856 3.2055827e-06 0.0044254814 0.0013272658 2.099715e-05 0.15007839 7.316117e-06 1.731118e-05 0.0005834369 1.1502954e-07 0.1439843 9.81722e-05 0.0033888265 7.591182e-07 4.4437613e-05 0.5695321 2.1054968e-06 0.062312186 2.2957195e-07 9.8976855e-08 4.6699103e-07 0.049678218 4.1034723e-06 0.0005725663 5.91749e-07 0.38855723 0.19778894 3.5213236e-07 0.100578025 0.012253079 1.8002633e-05 0.026689226 1.0894896e-06 1.688306e-07 0.16615832 2.0903652e-08 0.0024274287 0.009386039 4.735507e-06 1.07090955e-07 0.10546118 1.523707e-06 5.2115305e-05 0.00010052588 4.011898e-07 3.2037016e-07 0.009551098 3.2747575e-06 1.423059e-06 0.16663656 3.8512232e-07 0.00021823827 2.8768673e-07 1.8783583e-05 1.5921652e-05 3.2083764e-05 0.00025348965 0.0023338224 8.5637686e-07 0.0017272839 4.6599894e-07 2.5249221e-06 1.7927701e-06 0.0016628625 2.2948932e-06 1.1700452e-06
0.8743955 0.0004131955 0.0003341924 0.000770604 0.0017470572 0.04972967 4.3122054e-06 5.690692e-05 6.120372e-07 0.3384954 0.00036043298 7.984941e-06 0.3887936 1.3249229e-05 0.43122616 7.2250224e-08 0.44425115 0.0007154475 0.54353976 0.0056940876 1.4962515e-05 0.00030266837 0.0786879 8.011443e-09 0.021753632 0.7983235 7.6469854e-07 0.0002393788 0.4828358 6.439282e-19 0.9512801 0.9313291 7.475242e-08 1.9173417e-08 3.6861545e-07 0.49039355 9.409281e-09 7.52907e-05 0.062040742 3.5531194e-08 0.0017793879 3.6633958e-09 9.654751e-08 5.122998e-05 8.3732154e-08 0.7560972 6.025246e-06 0.00011645936 3.6704268e-08 1.3441643e-06 0.062608026 2.8472473e-07 0.003439 4.9119837e-09 9.232271e-09 3.1464107e-09 0.38707924 3.5887248e-07 3.0191175e-05 7.942247e-09 0.07769651 0.47164282 6.7173346e-08 0.21246743 0.33606097 1.207568e-07 0.0037782365 3.981742e-08 6.974442e-09 0.21462046 1.1883629e-08 0.029699337 0.0004896716 1.5788975e-06 3.8257287e-08 0.062939405 3.217069e-07 8.5632297e-07 1.3955139e-05 6.956122e-09 4.5387733e-08 0.006170446 4.3517037e-08 5.120858e-07 0.017954344 5.853412e-08 0.00048442066 2.2194174e-08 1.3356915e-07 2.2858123e-05 3.7388832e-05 2.401031e-06 0.000881815 4.6693089e-07 0.0002872247 2.567967e-07 1.14672474e-07 8.5727116e-08 2.2230219e-05 1.2077074e-07 3.6657272e-07
