1.7269532e-25 0.9250335 0.87722206 0.5964443 0.6424624 0.91391003 0.92200255 0.9288763 0.82744294 0.9378479 0.8973963 0.9521358 0.95251894 0.94042796 0.9167601 0.53389907 0.88946897 0.96493196 0.67945945 0.78337336 0.19969338 0.9843587 0.7790951 0.9621388 0.9699829 0.894607 0.8870775 0.98997176 0.970756 0.9772878 0.9558375 0.9693918 0.9839938 0.97187597 0.8750248 0.011084783 0.7215378 0.32396582 0.9152338 0.9769945 0.9566553 0.00064073276 0.009252193 0.88891906 0.909016 0.87055004 0.6303006 0.99469906 0.9892438 0.7523072 0.863783 0.027209401 0.035937738 0.0016452838 0.84239036 0.6479961 0.99980336 0.8702669 0.84998596 0.98244995 0.95442826 0.5098463 0.58230793 0.9752039 0.8989833 7.147331e-05 8.149433e-05 0.6301233 0.00049664004 0.98007864 0.0027946753 0.2863418 0.8000239 0.000108418295 0.14877576 0.005938459 0.840318 0.0030822027 0.000778598 0.005726826 0.9364417 0.035309687 0.86666554 0.043084778 0.67988473 0.0036998554 0.010559586 0.85962373 0.99943423 0.044848897 0.0034431317 5.524984e-05 0.32719594 0.79744667 0.98570627 0.710757 1.89339e-05 4.0251423e-05 0.18410447 0.99282575 0.68947005
0.9250335 1.7045446e-16 0.57998276 0.93708163 0.73706836 0.37617582 0.35433534 0.94278806 0.14243375 0.1477929 0.046218522 0.6564056 0.011492362 0.00025250932 0.002490923 0.36391965 0.0003412983 0.9021888 0.0030805704 0.01543388 0.10423096 0.00017153946 0.0014478579 0.27522877 0.096528076 1.4816887e-06 2.1768183e-06 0.096438475 0.041292068 4.8222586e-07 0.08217891 0.099816814 0.008020988 1.6478642e-06 0.04324904 0.011766001 0.060554292 0.000859839 2.2107025e-07 6.429525e-06 0.016876627 0.0006527488 0.0008803584 0.0056322166 6.493092e-06 0.0035263654 2.0715133e-05 0.001272293 0.025563067 1.0501332e-09 9.666436e-11 2.5835666e-06 7.6278e-07 5.423257e-06 3.7621604e-07 3.4998864e-09 0.000436751 1.2798238e-09 4.9255e-10 0.014330062 1.3695646e-08 4.2771075e-07 5.0251965e-06 6.4565695e-09 0.03497987 2.5366014e-06 0.00014228717 4.755578e-08 2.420721e-06 3.2898468e-09 4.6920545e-06 6.725511e-07 7.2709075e-11 8.380582e-06 1.7716039e-07 2.1724226e-07 2.4721353e-12 8.8079034e-08 1.2585254e-07 8.4048004e-08 1.194694e-09 1.8604588e-07 6.655003e-07 6.3494696e-08 2.5960733e-12 1.547197e-08 6.480914e-07 1.5824139e-12 3.1005624e-05 8.1967094e-08 2.4300286e-08 3.7727958e-05 1.1387402e-08 1.964429e-11 0.016990298 0.010287103 1.05389454e-07 4.9876715e-05 3.8945486e-10 0.04051644 7.598058e-12
0.87722206 0.57998276 3.5933814e-17 0.57392734 0.81511664 0.93348444 0.8881331 0.70227987 0.9344164 0.877544 0.6687361 0.42692408 0.35872838 0.07638141 0.30645233 0.36645582 0.09307649 0.018478833 0.08550941 0.26326782 0.1597206 0.011986776 0.07823108 0.055053394 0.032810036 0.00054811675 0.0007472936 0.12512633 0.044501316 0.0010189746 0.006833023 0.001468666 0.016215395 0.00022211373 0.0007500596 0.010186477 0.0008986062 0.0651888 0.0005257321 0.00016330226 0.0059112296 0.00027269564 0.005031388 0.0029158774 0.0053957193 0.0024762596 0.015692798 0.0021185963 0.0046291724 7.2920466e-07 1.2902332e-07 0.0038143522 0.0011800196 0.0004444586 0.00012702755 4.9230357e-06 0.0037769575 4.4321175e-07 1.7855125e-07 0.002234777 1.3707041e-06 4.629055e-05 0.0005494301 1.2603697e-06 0.0026053886 6.596649e-05 2.2808521e-05 9.0814665e-06 0.00047493106 2.6455707e-06 0.00052194786 0.00018222234 1.1331304e-07 4.0633135e-05 6.8794165e-05 6.87124e-05 4.4048294e-09 6.00139e-06 3.9672855e-06 1.0629493e-06 2.1302671e-06 8.258839e-06 6.207358e-05 1.7820839e-06 3.9436785e-08 1.9442564e-06 6.209958e-05 9.912524e-10 0.0005665223 5.2121266e-07 3.9535676e-06 0.00011078494 1.2901828e-05 1.5088168e-07 0.00151584 0.00033830144 3.8527573e-06 1.35807695e-05 2.0663308e-08 0.00592627 4.1931663e-08
0.5964443 0.93708163 0.57392734 3.1487978e-18 0.9880465 0.20386235 0.19280684 0.33603075 0.12496877 0.10474896 0.052042086 0.06806595 0.0020728542 0.00030789446 0.0004898124 0.7000868 0.00013687162 0.27477267 0.007181371 0.048331007 0.18865028 1.470577e-05 0.001849962 0.015066084 0.0038919824 6.9992334e-06 1.0979467e-06 0.002172688 0.0015329405 9.5066315e-07 0.0050502205 0.007969224 0.00042359257 2.152542e-07 0.004830646 0.08654432 0.003907675 0.0009332209 7.986638e-08 9.788099e-07 0.0052025723 0.01580436 0.0059603853 0.0010940753 6.4322086e-07 0.00068367476 3.3847162e-05 0.00025408962 0.0017341477 5.9443817e-10 3.3988817e-10 1.7305269e-05 1.0397327e-05 0.00011699225 2.3439766e-07 2.74932e-09 0.0001249298 8.2508045e-09 1.2023085e-09 0.0020918362 1.3757092e-08 1.5491794e-07 6.1127157e-06 4.8206743e-08 0.0021874525 0.00024140609 0.0005027186 3.10235e-08 5.004643e-05 5.8929976e-09 4.7125714e-06 4.069635e-07 5.225479e-09 0.00012941603 4.5637748e-08 1.140003e-06 1.745051e-11 6.9125846e-08 1.8009483e-07 6.4917876e-09 2.4221745e-07 1.7017082e-07 7.229813e-06 1.259281e-08 1.7144449e-11 9.301841e-09 3.02125e-08 5.3464653e-11 8.991878e-05 5.6601355e-08 2.1005078e-09 3.552379e-05 1.12399965e-08 9.309403e-09 0.0027977712 0.0015559066 9.294557e-08 5.4572214e-05 3.360738e-10 0.012924785 3.21317e-10
0.6424624 0.73706836 0.81511664 0.9880465 2.7420112e-19 0.4442434 0.4689205 0.45850098 0.6265517 0.44056264 0.53660786 0.06851057 0.04295078 0.0046561165 0.004507542 0.83500195 0.006754475 0.02848952 0.060671896 0.1966466 0.28927344 0.00022985534 0.017938418 0.01564833 0.006339275 1.2774608e-05 1.5637499e-05 0.0032843347 0.004878586 0.00013347242 0.0043024905 0.0016583047 0.0012204454 3.5834635e-06 0.0009403618 0.06028177 0.00065353955 0.01713632 2.6130476e-05 1.0239793e-05 0.0014310764 0.0028895114 0.012317066 0.0007177081 0.00034361493 0.00067775877 0.0011764695 0.00027553117 0.0032763714 2.3166981e-08 6.8682255e-09 0.00047964253 0.0002797146 0.00031288838 1.0868096e-05 1.86233e-07 0.0002877481 5.0231698e-08 2.4249495e-08 0.0018970277 2.1171944e-07 4.447314e-07 2.7741942e-05 2.9582355e-07 0.00092432013 0.00031125537 0.00010853115 4.851703e-07 5.718841e-05 3.192356e-07 1.8919065e-05 1.1437829e-06 8.847133e-08 5.5757402e-05 9.4460006e-07 1.7079712e-05 1.4817868e-09 3.7493163e-07 7.469622e-07 3.0366405e-08 3.386172e-07 1.119236e-07 1.0034319e-05 1.1759263e-07 1.1350841e-08 1.4709463e-08 6.946275e-08 4.88885e-09 6.400054e-05 2.8342055e-07 2.3532078e-08 6.0464725e-05 3.9187398e-08 1.3626682e-07 0.0014268667 0.000360445 1.8110238e-07 3.6539965e-05 1.46541295e-08 0.004252596 1.6098403e-08
0.91391003 0.37617582 0.93348444 0.20386235 0.4442434 3.6913418e-19 0.9878768 0.7565467 0.5385461 0.55823314 0.23996046 0.63603777 0.08896691 0.034768336 0.47326443 0.058964014 0.013315332 0.03203402 0.0073139966 0.020016724 0.010740006 0.035761625 0.0055279224 0.21101318 0.16638042 0.0007690227 0.0009759405 0.18283871 0.11814653 0.00037320683 0.029399784 0.00232481 0.032455973 0.00011656482 0.0020357356 0.001003307 0.0019532312 0.0025098922 9.265181e-05 9.355756e-05 0.02381634 9.8810066e-05 0.0009830936 0.01776747 0.00033207238 0.010039422 0.0009541087 0.008644339 0.0099745495 1.4588629e-07 3.874681e-08 0.00016187513 9.3397095e-05 1.5318115e-05 2.5136997e-06 5.400107e-07 0.0041028876 1.6684618e-07 5.5285863e-08 0.0056427787 1.037845e-06 1.0386623e-05 8.851948e-05 3.5709024e-06 0.0055412655 7.792037e-06 7.3246724e-07 1.5933401e-06 2.2026847e-05 4.0143454e-06 3.2622345e-05 2.3498744e-05 1.1968675e-07 1.178857e-05 1.7488732e-05 5.927456e-06 3.5869592e-09 1.0742642e-06 7.196741e-07 3.202712e-07 1.5481648e-05 2.2252502e-06 0.0003897574 1.2802474e-07 1.018852e-08 2.7323279e-07 2.5609716e-06 5.556817e-10 0.0015761151 1.1160847e-06 5.615175e-07 7.5430657e-06 1.9900129e-07 6.403625e-07 0.0047598165 0.0020446188 9.9715464e-08 1.3226245e-06 2.5197021e-08 0.017003428 7.9696264e-08
0.92200255 0.35433534 0.8881331 0.19280684 0.4689205 0.9878768 1.2838128e-18 0.77775747 0.51409507 0.46512783 0.17561764 0.59829974 0.07758417 0.028246053 0.36346334 0.07123535 0.014487821 0.08865002 0.00959475 0.023410005 0.01681099 0.026956627 0.007474351 0.18576197 0.14027657 0.0005227825 0.00056279136 0.22968154 0.11026273 0.0004424734 0.021649597 0.0025634395 0.02890524 7.373017e-05 0.0018527376 0.0012190157 0.0033182101 0.0039025487 8.1123224e-05 8.993224e-05 0.03012173 6.714808e-05 0.00085095246 0.019454433 0.00062298623 0.010914028 0.0005726755 0.0073616244 0.009519193 8.223237e-08 2.7956602e-08 0.00022435524 0.00016916063 3.529255e-05 1.6523492e-06 3.081011e-07 0.002843485 1.3265537e-07 7.118342e-08 0.0055735293 7.057463e-07 5.261491e-06 0.00014234011 5.134137e-06 0.008187512 9.413254e-06 2.575773e-06 1.1717592e-06 3.1920765e-05 1.401781e-06 5.676951e-05 2.6120262e-05 3.256591e-08 1.14126315e-05 3.3831413e-05 2.7805327e-05 2.7115272e-09 4.1989892e-06 2.2934034e-06 1.2233957e-06 3.30749e-06 2.993242e-06 0.00021429535 3.7208272e-07 3.9151518e-09 9.4568526e-07 5.755079e-06 2.538624e-10 0.0018180741 1.0194897e-06 2.359948e-06 2.2817678e-05 1.5729273e-07 1.8555718e-07 0.0075235865 0.0039239926 2.2547563e-07 3.116186e-06 1.2286185e-08 0.022956286 1.6245133e-08
0.9288763 0.94278806 0.70227987 0.33603075 0.45850098 0.7565467 0.77775747 8.135402e-16 0.25324434 0.27772537 0.043080665 0.94721735 0.019899743 0.001781158 0.028260846 0.07950283 0.001158988 0.72910315 0.0029270037 0.014828863 0.02780996 0.0025768995 0.0019439954 0.43355042 0.23184513 0.00011576905 0.00016391702 0.1522776 0.12762034 2.067426e-05 0.10812247 0.065225944 0.02895809 5.411728e-05 0.038958788 0.0009074917 0.039587516 0.00083931873 7.472712e-06 0.00013575223 0.039312303 3.791834e-05 0.00032342513 0.031543694 0.000116223375 0.01973532 7.323702e-05 0.0071510985 0.02924897 9.410219e-08 1.4913315e-08 2.8467506e-05 1.4507784e-05 3.1352116e-05 4.233319e-06 3.7362165e-07 0.0014202911 4.5434493e-07 6.012451e-08 0.021459106 1.1629465e-06 6.223228e-06 0.00011941183 1.9855058e-06 0.027780503 6.5690974e-06 8.171609e-06 7.613468e-07 2.5225454e-05 9.2166925e-07 2.2915856e-05 1.9585366e-05 9.9878354e-09 8.192287e-06 1.5671416e-05 6.9930616e-06 6.270058e-10 1.0206148e-05 9.819791e-06 3.827342e-06 5.2494096e-07 3.650839e-06 6.944834e-05 6.6247156e-07 4.1472678e-10 1.9439503e-06 2.3489332e-05 4.232285e-10 0.0006255155 9.1737144e-07 2.2994611e-06 0.00015661967 3.5886325e-07 4.704883e-08 0.015821535 0.009866732 1.669615e-06 2.3961687e-05 3.1373038e-08 0.03207731 1.2468101e-08
0.82744294 0.14243375 0.9344164 0.12496877 0.6265517 0.5385461 0.51409507 0.25324434 2.4978965e-19 0.9547997 0.9065691 0.0942964 0.64136416 0.4655312 0.3838307 0.2388327 0.39786994 0.0023851423 0.20406218 0.3294714 0.08075784 0.017677883 0.21894339 0.01772564 0.020559894 0.003174655 0.0026787596 0.1252384 0.027492316 0.0072725774 0.0040632696 0.00045030905 0.011799527 0.00068454933 0.00031796392 0.0034660783 0.00017270293 0.07310125 0.0010042887 0.00018895182 0.0039772927 6.120151e-05 0.0068903947 0.0026641814 0.007998303 0.001494008 0.0328257 0.0016344412 0.00270772 2.2355975e-07 3.485027e-08 0.010223347 0.004859395 0.00051853294 9.003264e-05 2.3261848e-06 0.0035358313 4.1962085e-07 4.3065786e-08 0.0010442815 1.5644591e-06 0.00014100941 0.0016144144 2.6092464e-06 0.000573185 7.240394e-05 2.2801462e-06 1.3916152e-06 0.00017331538 6.3411494e-06 0.00026475627 0.00015450327 1.2583622e-07 1.2901164e-05 9.9643185e-05 0.00012383766 2.2518187e-09 4.685852e-06 2.711583e-06 3.1867896e-07 7.353897e-06 2.7702295e-06 0.000117683136 4.9355e-07 1.7604789e-08 1.4309951e-07 5.6166635e-07 1.0574146e-10 0.0005564832 1.7966099e-07 9.774504e-08 8.082571e-06 1.3734605e-07 5.4620394e-08 0.0010003794 0.00016499276 1.16388016e-07 2.4672274e-06 3.9147707e-09 0.0033810807 1.2328299e-08
0.9378479 0.1477929 0.877544 0.10474896 0.44056264 0.55823314 0.46512783 0.27772537 0.9547997 3.865646e-19 0.85348064 0.19300164 0.70837843 0.6199268 0.6908923 0.31688836 0.5174113 0.010423474 0.28925535 0.45211068 0.16218992 0.07463036 0.35037416 0.06225895 0.047969952 0.024644328 0.009395237 0.27127156 0.07542214 0.026294515 0.009198824 0.0009596658 0.036195777 0.001925375 0.0006225019 0.00733646 0.00053430564 0.17675795 0.0036284148 0.001962438 0.009308588 0.00013482031 0.009538421 0.0061412216 0.03298986 0.0038393862 0.12961356 0.002434602 0.005983243 3.3126548e-06 8.501518e-07 0.033592656 0.017844828 0.0011808397 0.00032281745 1.3136159e-05 0.005638045 2.2255538e-06 7.21915e-07 0.001858753 1.4623313e-05 0.0012576641 0.009830295 0.000103173734 0.0007219175 0.00019892816 1.6974052e-05 8.6383425e-06 0.00044666883 5.2868043e-05 0.0023745524 0.0022577348 2.568043e-07 5.0822582e-05 0.0030437564 0.0009893685 1.5564881e-08 0.00010248209 8.632334e-05 6.7341143e-06 3.46197e-05 3.300692e-05 0.0005419036 1.30069375e-05 6.687752e-08 5.4677676e-06 3.297231e-05 3.4869403e-09 0.0015243132 1.1632205e-06 3.1650113e-06 5.7427736e-05 2.0476734e-06 2.855161e-06 0.0015455914 0.00047041953 7.490809e-07 1.2571513e-06 9.449406e-09 0.0069040568 2.3699424e-07
0.8973963 0.046218522 0.6687361 0.052042086 0.53660786 0.23996046 0.17561764 0.043080665 0.9065691 0.85348064 1.3558052e-19 0.02458541 0.90594625 0.5637642 0.07655254 0.37657106 0.7746827 0.0013334227 0.66047853 0.64176923 0.16115741 0.009477349 0.70736057 0.005438269 0.0056101894 0.010976406 0.0023612662 0.065184414 0.010735199 0.010569007 0.00090693287 0.00032802243 0.003456972 0.0006183716 0.000109917666 0.0046401275 6.314076e-05 0.24468648 0.0018278104 7.581018e-05 0.0024757106 4.0550607e-05 0.018345864 0.0005928938 0.021576889 0.0003832024 0.14949697 0.00028068566 0.0009321002 1.6478084e-07 1.4346263e-08 0.04289291 0.025061987 0.0021768992 0.00012067663 7.1868095e-07 0.0006661137 1.0096173e-07 2.0504734e-08 0.0001816437 3.390654e-07 0.00084495626 0.010830752 1.3865916e-06 0.000111559966 0.00016764071 3.8716416e-06 1.2178303e-06 0.00082453823 9.680145e-07 0.0041113677 0.0011284066 4.7425885e-08 3.722368e-05 0.00517649 0.0022116909 7.989983e-10 0.000344003 0.00025080726 8.8829845e-05 1.374115e-06 1.50639125e-05 9.160772e-06 6.8458155e-07 1.0115039e-08 5.649565e-06 1.703991e-06 1.7477759e-11 0.0003164767 2.2542219e-08 5.3085233e-07 3.979823e-05 1.124665e-07 1.2799051e-08 0.0009392822 0.0002671778 1.7571551e-07 3.9223105e-06 1.9822224e-09 0.0036904637 5.8010152e-09
0.9521358 0.6564056 0.42692408 0.06806595 0.06851057 0.63603777 0.59829974 0.94721735 0.0942964 0.19300164 0.02458541 2.7287126e-15 0.011386596 0.0028381236 0.08151732 0.011667731 0.0010482848 0.7895786 0.0020246436 0.0034664716 0.0023836687 0.035829157 0.00077710726 0.8871145 0.7148532 0.000293002 0.00063203566 0.25740126 0.41319796 9.825931e-05 0.37468967 0.13536865 0.10533067 0.00042543001 0.072275594 8.147312e-05 0.044242717 0.00028843165 2.298971e-05 0.0008090075 0.11507404 4.4844604e-05 0.00015809151 0.128481 0.00026385233 0.08338542 0.00010605272 0.031984575 0.09684913 8.4141067e-07 4.1738028e-07 2.1626081e-05 5.5160517e-06 4.8686023e-05 1.6694948e-05 4.9862474e-06 0.002946335 1.774764e-06 2.8284906e-06 0.068943836 1.32762325e-05 2.6473008e-05 0.00027615123 4.7495258e-05 0.037970677 1.2307136e-05 2.2587918e-05 1.0446007e-05 6.603547e-05 4.717335e-05 2.5279109e-05 4.1409745e-05 3.7286028e-07 5.4452303e-06 1.27922485e-05 1.121291e-06 1.906351e-08 1.5812378e-06 1.4095287e-05 7.329661e-07 2.444119e-05 6.485504e-06 0.0006150251 4.197844e-06 8.500528e-09 3.0609447e-06 2.4223134e-05 1.1059823e-09 0.0025224434 2.1631308e-06 2.9027345e-07 0.000112870046 6.423142e-07 6.452625e-07 0.026882805 0.017583257 1.0948615e-05 1.8103972e-05 3.5141493e-08 0.062421624 1.3964657e-07
0.95251894 0.011492362 0.35872838 0.0020728542 0.04295078 0.08896691 0.07758417 0.019899743 0.64136416 0.70837843 0.90594625 0.011386596 1.2104981e-16 0.79392356 0.12775072 0.25736296 0.9124098 0.00055194384 0.655482 0.62665594 0.16079994 0.036009964 0.7934457 0.0053203506 0.0034007388 0.023072125 0.008761555 0.056210883 0.010482963 0.06530943 0.00075527444 0.00029552684 0.0054866066 0.0024163516 0.00010380726 0.0047833133 3.9153165e-05 0.4800573 0.01827814 0.000637478 0.0034652948 5.6345456e-05 0.019635445 0.0008376558 0.1061289 0.0004955474 0.5615128 0.0004582439 0.00092245324 3.5262135e-05 4.12092e-06 0.16150253 0.1013312 0.0037037826 0.0020409047 8.011962e-05 0.002382871 5.3851954e-06 4.425396e-06 0.00016655884 6.9408316e-06 0.008292627 0.06651994 3.4486606e-05 3.914092e-05 0.0003459094 2.9785104e-05 3.2934317e-05 0.0011544265 2.2677581e-05 0.009975877 0.018340778 2.7613353e-06 0.00013418958 0.075836696 0.007359939 8.7322604e-08 0.0012290038 0.0008082275 0.0030830523 3.4253037e-05 0.00028073412 8.103646e-05 4.4945948e-05 3.9171798e-07 0.000402698 0.00021809597 3.8923895e-09 0.0005731645 1.1824308e-05 8.851164e-05 0.00019675105 3.5284993e-06 3.4102657e-06 0.00068903004 0.00011679036 3.0620135e-06 1.42249255e-05 1.03228686e-07 0.0024168459 2.4878664e-06
0.94042796 0.00025250932 0.07638141 0.00030789446 0.0046561165 0.034768336 0.028246053 0.001781158 0.4655312 0.6199268 0.5637642 0.0028381236 0.79392356 1.4007662e-18 0.9121593 0.0033434415 0.9065541 0.00028197808 0.07093204 0.038730472 0.0022898142 0.23320505 0.18614091 0.003448222 0.004117625 0.61955655 0.21880327 0.16330203 0.022750467 0.7770882 0.00051613536 0.00013106772 0.018334255 0.008147903 0.0002105746 6.3696876e-05 6.868325e-05 0.017795002 0.12984812 0.0085503 0.010588684 2.6326468e-06 0.0010441183 0.007223679 0.393612 0.0034380292 0.16457179 0.0026280917 0.0022728017 0.0015385052 0.00022676901 0.0057001105 0.022352437 0.0003476322 0.01556741 0.0005735336 0.0068724793 0.00011179885 3.945701e-05 0.0013579656 0.0006056763 0.01798207 0.03174058 0.0009391581 0.00026781808 4.2973193e-06 1.6754975e-06 0.00035238435 4.5588706e-05 0.0007030217 0.00018346142 0.009876434 1.50340475e-05 6.9763755e-06 0.04128106 0.00261038 5.122328e-07 0.0002220345 0.0001832502 0.00034732217 0.0014802639 0.00021095267 0.001711349 0.000100191 3.0701278e-06 0.0003474396 0.00018439142 8.501051e-08 0.0030137454 1.8405472e-05 7.778179e-05 1.3607151e-05 5.323824e-05 7.405623e-05 0.0015948187 0.0003464944 1.1085516e-07 1.7975636e-06 2.0742691e-07 0.008992191 2.6564256e-05
0.9167601 0.002490923 0.30645233 0.0004898124 0.004507542 0.47326443 0.36346334 0.028260846 0.3838307 0.6908923 0.07655254 0.08151732 0.12775072 0.9121593 9.837742e-19 0.0015732656 0.071236014 0.0009107257 0.0075445455 0.0052416944 0.00034072265 0.9717151 0.011490466 0.012184305 0.06508371 0.5928142 0.5642247 0.5343848 0.16571611 0.1859347 0.0024366868 0.00043216516 0.16165745 0.11887644 0.000498947 1.0181174e-05 0.00035750953 0.0008403206 0.025283886 0.051682167 0.057208218 6.7103144e-07 3.5813166e-05 0.05809879 0.08410451 0.03324736 0.0075663486 0.013228543 0.007607508 0.00087451335 0.00036626958 5.2355408e-05 0.00032975158 3.2006843e-05 0.0030237595 0.0005685335 0.023212666 0.00026510796 0.00014853066 0.0032760338 0.000770016 0.002656322 0.0039033804 0.0029466324 0.0016053186 1.1877556e-06 1.9988604e-06 0.00024350674 1.9349125e-05 0.0023935803 1.0280056e-05 0.0016900519 3.316124e-05 4.1556577e-06 0.0011052951 4.194361e-05 4.211028e-06 9.811291e-06 1.0825313e-05 3.4854427e-06 0.0010228306 2.1220034e-05 0.002974833 6.2189924e-06 3.3796473e-06 3.6892866e-06 4.2752887e-05 1.323198e-07 0.006432187 5.5601686e-06 1.9875995e-06 5.3653595e-05 1.3351564e-05 9.965022e-05 0.004319948 0.0020211134 7.576695e-07 3.0557898e-05 3.575907e-07 0.012670115 3.0123303e-05
0.53389907 0.36391965 0.36645582 0.7000868 0.83500195 0.058964014 0.07123535 0.07950283 0.2388327 0.31688836 0.37657106 0.011667731 0.25736296 0.0033434415 0.0015732656 1.2671734e-17 0.015586252 0.0067930734 0.101868 0.7362676 0.9942119 1.7880653e-05 0.047784135 0.0028256304 0.0016473028 5.8876644e-06 8.798157e-06 0.0018607964 0.0010754211 1.6088605e-05 0.00061204046 0.0009624497 0.0001272606 8.2468176e-07 0.0004878986 0.65595233 0.00028892167 0.08718685 2.7786039e-06 2.2021543e-06 0.0028900064 0.037726462 0.07044755 0.00010917311 0.00033588472 6.7470006e-05 0.0014664707 3.898643e-05 0.00037914293 2.8793579e-08 9.973268e-10 0.005735423 0.0007088812 0.0031619163 7.848048e-07 1.18311874e-07 0.00010632981 1.5574958e-07 1.1699497e-09 0.00040918897 5.4532336e-08 1.7430065e-06 3.007198e-05 4.2092347e-07 0.0011965231 0.0012414918 0.0007727308 2.9279217e-08 0.0008661275 7.817298e-08 0.00064686197 1.0848686e-06 2.1968681e-08 0.00013776486 9.095781e-07 7.695358e-05 8.069812e-09 1.089965e-05 6.807408e-06 9.938963e-08 4.7723292e-06 4.620274e-07 3.4583532e-05 2.234212e-07 8.8020204e-09 2.4043992e-08 1.1507557e-06 1.246434e-09 6.5496715e-05 2.3654234e-06 1.027392e-07 0.00011036229 6.358995e-08 7.8675576e-08 0.0014025179 0.00099303 1.6740826e-06 5.048448e-05 1.8731553e-08 0.005032453 8.7841175e-07
0.88946897 0.0003412983 0.09307649 0.00013687162 0.006754475 0.013315332 0.014487821 0.001158988 0.39786994 0.5174113 0.7746827 0.0010482848 0.9124098 0.9065541 0.071236014 0.015586252 3.4871534e-20 3.1071606e-05 0.5907643 0.38793978 0.025462154 0.017067267 0.9184078 0.00026231384 0.00029482614 0.0309834 0.008620468 0.0125936065 0.0022860786 0.38999993 2.7138325e-05 6.064328e-05 0.0009836274 0.0007627845 1.2129605e-05 0.0002739763 1.5484401e-06 0.2523346 0.10690234 0.0008032516 0.0007938833 7.897307e-07 0.009779302 0.00027247882 0.53057575 0.00019717765 0.43711457 0.00010919914 0.00016020388 0.00019667827 5.3709402e-05 0.03143266 0.06638229 0.0023747561 0.011186643 0.00017949975 0.00083004206 7.581831e-06 5.3136973e-06 0.0001031581 1.8879935e-05 0.021208834 0.06082884 1.820208e-05 6.4684255e-06 9.2848524e-05 8.3705686e-07 4.224493e-05 0.0009018227 4.2180956e-05 0.003588101 0.016118547 1.1437032e-06 1.2846383e-05 0.066732295 0.016275095 2.7974417e-08 0.0014933612 0.0010655202 0.0028375445 6.2669715e-05 0.00026009485 0.00036295824 2.8161163e-05 1.5978176e-07 0.00095164333 9.836629e-05 7.091827e-10 0.0016960842 1.7677181e-06 5.2199266e-05 0.00015073089 3.069964e-06 5.989988e-06 0.0017480928 0.00015322959 1.9276115e-07 6.526237e-06 7.153099e-09 0.0038056748 1.1983421e-05
0.96493196 0.9021888 0.018478833 0.27477267 0.02848952 0.03203402 0.08865002 0.72910315 0.0023851423 0.010423474 0.0013334227 0.7895786 0.00055194384 0.00028197808 0.0009107257 0.0067930734 3.1071606e-05 1.0641047e-15 0.00013249375 0.00011214291 0.00041476463 0.00038156708 0.00010362013 0.78102237 0.22708055 2.4145938e-05 3.185073e-05 0.0052053337 0.031541355 4.5919758e-05 0.4599484 0.63006985 0.0056542796 3.46198e-05 0.6984476 9.5524076e-05 0.8544036 4.1419145e-05 8.778101e-06 5.6756297e-05 0.013882717 0.00019139858 1.4140809e-05 0.014502085 1.6343944e-05 0.014017216 6.560805e-05 0.020903083 0.18759805 4.7961414e-08 3.086048e-09 3.8555152e-07 9.580347e-08 1.0177353e-06 1.4888562e-06 4.0357683e-08 0.00042382456 2.1757897e-07 3.5842803e-08 0.14610253 5.5548867e-07 3.249399e-07 2.6592784e-06 2.7464716e-07 0.45180973 6.8665795e-06 0.00018972681 3.3056315e-07 1.0343515e-05 1.3920115e-07 6.1094875e-06 2.6104448e-07 5.0535536e-09 4.6643025e-05 2.2056548e-07 6.9910143e-06 1.4587381e-10 7.505068e-07 1.2112704e-07 8.044317e-09 3.166998e-08 1.7413365e-06 5.2815427e-05 6.0626945e-08 1.2543409e-11 6.602051e-08 2.4415715e-06 6.7856293e-10 0.00033227418 1.3603343e-06 1.2768139e-07 0.00012905663 6.254354e-09 1.0675431e-10 0.08062638 0.031152809 3.5777455e-07 0.00042239975 1.02484424e-10 0.12250301 1.7299656e-11
0.67945945 0.0030805704 0.08550941 0.007181371 0.060671896 0.0073139966 0.00959475 0.0029270037 0.20406218 0.28925535 0.66047853 0.0020246436 0.655482 0.07093204 0.0075445455 0.101868 0.5907643 0.00013249375 4.7316088e-20 0.9687208 0.13569778 0.0008195065 0.967239 0.0002689622 0.00044223145 0.0010738798 0.0003483075 0.0014131541 0.00031758752 0.0035987485 6.131373e-05 8.865981e-05 0.00013182462 1.4086002e-05 1.0293551e-06 0.0065310877 1.5794277e-06 0.5154005 0.001189176 1.6157597e-05 0.0008955179 3.8498536e-05 0.04461025 6.574497e-05 0.010530262 6.153076e-05 0.12410093 1.0540343e-05 6.881694e-05 1.2583777e-07 7.444433e-09 0.07349037 0.03351567 0.0039968938 7.760568e-05 2.4573052e-07 0.00012475108 2.932604e-07 7.242361e-09 5.694372e-05 1.9536603e-07 0.00013379473 0.0027139802 1.8543097e-06 1.0600132e-05 0.00034353713 2.7853082e-06 9.4033474e-08 0.0012704942 3.5298032e-07 0.0070377844 0.000121119476 1.2309782e-08 3.0316653e-05 0.003504436 0.00465696 1.3371314e-09 0.0004924562 0.0006437597 9.041123e-05 1.2302824e-06 1.4355489e-06 5.2008477e-06 5.2258787e-07 2.9345413e-08 3.7652528e-06 7.047243e-06 9.458363e-10 6.153785e-05 1.9382902e-07 1.2788876e-06 0.00037114343 2.1333197e-07 4.8389882e-08 0.0005259914 0.00016794221 2.913927e-06 4.5792585e-05 3.441339e-08 0.0011288576 6.16174e-08
0.78337336 0.01543388 0.26326782 0.048331007 0.1966466 0.020016724 0.023410005 0.014828863 0.3294714 0.45211068 0.64176923 0.0034664716 0.62665594 0.038730472 0.0052416944 0.7362676 0.38793978 0.00011214291 0.9687208 2.5891637e-17 0.71587193 0.0009901775 0.91524285 0.00018724016 0.0005604024 0.0012206781 0.0002775892 0.0010062507 0.00046133812 0.003373468 0.00029722526 0.00017161849 0.00019714906 9.798696e-06 9.995684e-06 0.19229785 4.779421e-06 0.8694825 0.0019986099 1.0726994e-05 0.0004944439 0.00048982527 0.5314527 6.506875e-05 0.005821505 5.758123e-05 0.20903705 8.325638e-06 0.00012343205 7.9718454e-08 3.744419e-08 0.24312077 0.06918609 0.035271518 0.00014544945 7.139074e-07 8.2187325e-05 2.964927e-07 8.7432106e-08 5.5942386e-05 1.0099086e-06 0.000120082295 0.004088984 2.2344539e-06 2.1785263e-05 0.005921914 5.0521274e-05 2.6829932e-07 0.008836233 3.006818e-06 0.023998573 0.00023935687 3.8173556e-07 0.00020863542 0.0023111927 0.0006548538 1.3536164e-08 6.7760244e-05 9.7120115e-05 7.346471e-05 5.3627277e-06 4.457371e-06 4.966329e-06 1.570356e-06 3.280443e-08 2.5999739e-06 6.8058953e-06 5.4765137e-10 2.581994e-05 5.211823e-07 1.781569e-06 0.00022548242 5.1747617e-07 1.4587138e-07 0.0004407771 3.6004905e-05 9.983323e-07 5.745151e-05 3.0990382e-08 0.0011747485 2.5849036e-07
0.19969338 0.10423096 0.1597206 0.18865028 0.28927344 0.010740006 0.01681099 0.02780996 0.08075784 0.16218992 0.16115741 0.0023836687 0.16079994 0.0022898142 0.00034072265 0.9942119 0.025462154 0.00041476463 0.13569778 0.71587193 3.140642e-17 2.9167184e-06 0.071748056 0.00022445196 0.0002261399 4.162873e-06 5.949294e-06 7.825851e-05 9.892981e-05 8.4712905e-05 0.00017553725 0.00021530608 5.0199806e-06 6.712298e-07 2.5008867e-05 0.8976265 1.9371282e-05 0.21170525 4.1105286e-05 4.281329e-06 0.00042304336 0.12708358 0.38787544 1.9507506e-05 0.0003317359 2.0803827e-05 0.0051540523 5.4679085e-06 8.772071e-05 4.786463e-08 3.5720347e-09 0.027911073 0.0021614702 0.021861956 1.0977378e-05 1.723688e-07 0.00012281127 1.1413045e-07 2.4048392e-08 4.9350572e-05 2.3156235e-07 2.8131567e-06 3.929677e-05 1.0772702e-06 0.00016283322 0.027982429 0.0033887778 3.6005898e-07 0.009997839 7.974168e-07 0.005031232 7.335668e-07 1.748306e-07 0.0023733503 4.872534e-06 3.6758305e-05 8.711313e-09 2.377686e-06 7.1102345e-06 4.556571e-07 6.5718486e-06 1.7132993e-07 2.0532769e-05 6.682282e-08 8.385949e-09 2.9104164e-08 1.0880173e-06 2.269639e-10 1.2785369e-05 4.0374948e-07 1.0802005e-07 0.0007811971 5.480699e-08 9.7521564e-08 0.0003954963 7.67909e-05 1.0633463e-05 0.00020434732 1.83757e-08 0.0008022625 3.9229317e-06
0.9843587 0.00017153946 0.011986776 1.470577e-05 0.00022985534 0.035761625 0.026956627 0.0025768995 0.017677883 0.07463036 0.009477349 0.035829157 0.036009964 0.23320505 0.9717151 1.7880653e-05 0.017067267 0.00038156708 0.0008195065 0.0009901775 2.9167184e-06 6.0302135e-17 0.0025356896 0.015104113 0.09677069 0.6765091 0.7495193 0.803497 0.35932824 0.064950675 0.0048422785 0.00057378906 0.51361275 0.5102026 0.00046100185 5.982603e-07 0.00060221244 7.6668555e-05 0.02072116 0.48292613 0.1912132 1.2918473e-07 1.470563e-05 0.1619935 0.0057440363 0.10305761 0.00043931438 0.05193644 0.0151703525 0.0045951856 0.008556512 8.256713e-06 5.538927e-05 1.9924913e-05 0.0029849743 0.004156411 0.2876463 0.002776829 0.0020165357 0.010320445 0.016528128 0.0025476103 0.0012336203 0.024244964 0.0026138679 7.4995196e-06 2.1008934e-06 0.0013877891 6.709445e-05 0.0096573075 2.479849e-05 0.0015686953 0.0003296821 4.005124e-05 0.00010737317 1.5366311e-05 5.4047494e-05 9.582002e-06 2.0815458e-05 1.1201058e-06 0.0046327915 8.261356e-05 0.023133194 1.9617502e-05 2.4649426e-05 6.069133e-06 0.00013067757 5.6941064e-07 0.039047893 7.5895536e-05 1.5759108e-05 0.00013072032 1.8805807e-05 0.00035971904 0.011430246 0.006200058 1.34260945e-05 8.334198e-05 2.444416e-06 0.036900286 0.00064440956
0.7790951 0.0014478579 0.07823108 0.001849962 0.017938418 0.0055279224 0.007474351 0.0019439954 0.21894339 0.35037416 0.70736057 0.00077710726 0.7934457 0.18614091 0.011490466 0.047784135 0.9184078 0.00010362013 0.967239 0.91524285 0.071748056 0.0025356896 3.1553512e-18 0.00027877695 0.00016030003 0.004851454 0.0013290491 0.0010882799 0.00051862834 0.05441212 8.491479e-05 0.00010183266 0.00024152859 0.00017700005 1.1893471e-06 0.0016901598 2.7140225e-06 0.83226997 0.03175629 0.00025843998 0.00072002213 1.4607283e-05 0.07374146 0.00013976457 0.12638468 7.338985e-05 0.5552012 4.3928947e-05 0.00019396286 2.056783e-05 5.0903413e-06 0.26278922 0.20213398 0.011071977 0.0012752376 2.8621691e-05 0.00067502924 4.326272e-06 2.5953389e-06 0.00013550982 1.1566867e-05 0.0022541506 0.02456401 4.271547e-05 3.5873993e-06 0.00075069617 3.2791922e-06 1.8850465e-05 0.0027806505 2.1288404e-05 0.031595953 0.0024547619 1.815346e-06 3.864804e-05 0.018028062 0.0116920145 1.1064097e-07 0.0011575039 0.0009985967 0.00085201015 9.0384e-05 2.661502e-05 9.29864e-05 8.42717e-06 1.3945007e-06 7.845789e-05 2.7509914e-05 2.0570937e-08 0.00034053894 3.4519987e-06 6.0761527e-06 0.00033192895 4.681078e-06 4.216859e-06 0.00065859343 5.6291312e-05 1.230103e-06 2.02246e-05 1.7874889e-07 0.0012359986 1.1575154e-05
0.9621388 0.27522877 0.055053394 0.015066084 0.01564833 0.21101318 0.18576197 0.43355042 0.01772564 0.06225895 0.005438269 0.8871145 0.0053203506 0.003448222 0.012184305 0.0028256304 0.00026231384 0.78102237 0.0002689622 0.00018724016 0.00022445196 0.015104113 0.00027877695 6.2963984e-14 0.9275479 0.00043184857 0.00087316294 0.13210295 0.51783067 0.00017763571 0.932701 0.5556805 0.15619183 0.0008963031 0.22309451 3.3063094e-05 0.03659033 0.00024988496 2.362167e-05 0.0005788337 0.19597284 3.8851733e-05 4.0006038e-05 0.14824012 7.060284e-05 0.12535623 0.0002562337 0.10053496 0.19553648 5.102945e-06 4.511941e-07 2.810451e-06 4.2977126e-06 2.386348e-06 3.61779e-05 3.042402e-05 0.018298676 3.5376877e-06 1.534027e-06 0.04807099 3.7367176e-06 8.746764e-06 0.00032297234 9.740692e-05 0.02185576 1.2333785e-05 2.5801675e-05 4.985634e-06 2.688531e-05 0.00010288829 7.631589e-06 0.00012708147 1.8773461e-07 4.125637e-05 8.0768885e-05 1.2974999e-05 9.401603e-09 1.4420358e-05 1.0481532e-05 3.5438736e-06 1.0286813e-05 8.901799e-06 0.0010491018 1.7820694e-05 2.8693306e-08 4.7491385e-06 2.8958551e-05 3.3274343e-08 0.0030887148 2.6246815e-05 1.7992892e-06 0.0005582897 6.782925e-06 4.6489012e-07 0.014333411 0.006080582 1.7540362e-05 0.00022011867 1.1071143e-06 0.025000107 3.2456093e-08
0.9699829 0.096528076 0.032810036 0.0038919824 0.006339275 0.16638042 0.14027657 0.23184513 0.020559894 0.047969952 0.0056101894 0.7148532 0.0034007388 0.004117625 0.06508371 0.0016473028 0.00029482614 0.22708055 0.00044223145 0.0005604024 0.0002261399 0.09677069 0.00016030003 0.9275479 5.0504424e-16 0.0016226076 0.0034249441 0.444521 0.90561384 0.00033987564 0.774593 0.30572796 0.48202392 0.003029606 0.03385511 6.3564976e-06 0.0049034613 0.00018627288 4.424335e-05 0.0039736456 0.5414629 7.333371e-06 1.2897449e-05 0.51028264 0.00017416787 0.4185226 3.376395e-05 0.21682666 0.18409938 5.0803947e-06 2.1698975e-06 8.790156e-06 3.3623546e-06 8.4635457e-07 1.5970667e-05 1.06082825e-05 0.024812628 2.4582594e-05 9.608466e-06 0.049008366 1.6409289e-05 5.544717e-06 0.0002503852 0.0004933867 0.013252933 9.609438e-06 1.1422998e-05 3.4068266e-06 2.4672992e-05 0.0006981287 6.2733234e-06 3.5151268e-05 2.056266e-06 2.401096e-05 1.8729848e-05 3.468915e-06 2.2219005e-07 3.6328618e-06 2.0873324e-05 3.648695e-06 0.00016896828 8.598594e-06 0.0033031628 2.5937672e-06 2.806791e-07 3.3389992e-06 1.572071e-05 4.654575e-09 0.006475465 4.5625434e-06 9.968747e-07 6.445546e-05 5.201673e-07 1.9667143e-05 0.013068679 0.008811764 6.11271e-06 0.00010854089 1.5494084e-07 0.023154087 4.2968088e-07
0.894607 1.4816887e-06 0.00054811675 6.9992334e-06 1.2774608e-05 0.0007690227 0.0005227825 0.00011576905 0.003174655 0.024644328 0.010976406 0.000293002 0.023072125 0.61955655 0.5928142 5.8876644e-06 0.0309834 2.4145938e-05 0.0010738798 0.0012206781 4.162873e-06 0.6765091 0.004851454 0.00043184857 0.0016226076 1.2976966e-20 0.9700396 0.109913416 0.011182135 0.8537341 0.0001329186 5.0275143e-05 0.04272598 0.7244646 3.40911e-05 1.8829674e-07 2.5973926e-05 0.0003218817 0.27126917 0.21336918 0.008376031 1.2757793e-07 9.909388e-06 0.011231341 0.060320903 0.008486108 0.007384434 0.0036321953 0.0018954508 0.3410017 0.5033754 5.012216e-06 0.00014742945 3.3839754e-06 0.11007858 0.14178643 0.10563022 0.1646785 0.21774669 0.0011038567 0.06049914 0.08164725 0.017634576 0.028321343 1.8074024e-05 3.9080084e-07 5.073867e-08 0.026705623 2.392222e-06 0.009786715 3.2617602e-06 0.03410441 0.009979302 1.9680454e-06 0.005552329 0.00022352212 0.0023679242 7.647971e-05 3.721489e-06 6.478584e-05 0.005504993 0.0023153976 0.013384107 0.00082061114 0.00036090967 0.00039389243 0.0010122773 6.362402e-05 0.013448702 0.01118123 0.00029432387 9.754171e-05 0.0004560123 0.00051663927 0.00052712753 0.00019615192 1.9913011e-06 1.1402138e-06 0.00010252384 0.00445531 0.0005421041
0.8870775 2.1768183e-06 0.0007472936 1.0979467e-06 1.5637499e-05 0.0009759405 0.00056279136 0.00016391702 0.0026787596 0.009395237 0.0023612662 0.00063203566 0.008761555 0.21880327 0.5642247 8.798157e-06 0.008620468 3.185073e-05 0.0003483075 0.0002775892 5.949294e-06 0.7495193 0.0013290491 0.00087316294 0.0034249441 0.9700396 2.3365526e-19 0.23831339 0.020324502 0.261411 0.00023945916 7.129712e-05 0.098852806 0.9437099 5.526322e-05 2.3526657e-07 1.2096324e-05 5.8010995e-05 0.063859314 0.48178497 0.018354712 3.8338496e-07 8.29886e-06 0.019499741 0.012990303 0.014593041 0.0005635817 0.008880826 0.0016121581 0.076221175 0.24793485 1.4041799e-06 3.9531245e-05 4.9140385e-06 0.019861752 0.034419462 0.16620864 0.12257799 0.09848814 0.0017337666 0.099469274 0.02070329 0.0020405678 0.09375217 0.00030115532 1.6436876e-06 6.3174e-07 0.0057497444 1.6090522e-05 0.014506001 3.5645057e-06 0.0036444732 0.010550281 3.1245988e-06 0.0006539857 4.5583856e-06 0.0023906168 3.1691611e-06 1.2575531e-06 2.7624865e-06 0.0048068934 0.00048857747 0.022397451 0.00019681167 0.0009725326 4.851194e-05 0.00014362103 2.8284894e-05 0.025664592 0.0028025943 3.383832e-05 2.3163084e-05 0.00025332192 0.00146361 0.0016429521 0.0008374226 1.0229031e-06 1.1168126e-05 8.466509e-05 0.006849323 0.0010326509
0.98997176 0.096438475 0.12512633 0.002172688 0.0032843347 0.18283871 0.22968154 0.1522776 0.1252384 0.27127156 0.065184414 0.25740126 0.056210883 0.16330203 0.5343848 0.0018607964 0.0125936065 0.0052053337 0.0014131541 0.0010062507 7.825851e-05 0.803497 0.0010882799 0.13210295 0.444521 0.109913416 0.23831339 6.990716e-17 0.8866788 0.06277924 0.038316563 0.0018558888 0.90702343 0.30740693 0.00071171345 2.8794266e-06 0.00019709869 0.00014522574 0.0035853493 0.45153147 0.3112837 2.932102e-06 9.796602e-06 0.1887021 0.001951198 0.15427302 0.00019150083 0.111880854 0.0341328 0.00040449353 0.00054610637 5.254907e-06 5.9506215e-06 6.026019e-07 0.00035124645 0.00033295393 0.37392548 0.0008791078 0.0005233584 0.005419372 0.0017243427 0.00022799331 0.00038440374 0.014524939 0.0006270442 2.3352402e-06 1.7894912e-05 1.8102452e-05 4.9403293e-06 0.0126445955 7.160918e-06 0.00018730767 0.00024997507 2.6446538e-05 7.555489e-05 5.8233152e-05 0.00010573381 5.0333576e-05 2.6294641e-05 5.861585e-06 0.0014064993 2.583701e-05 0.009090267 4.863526e-05 2.2800885e-05 6.5256263e-06 7.83154e-05 6.116232e-06 0.029262425 0.00018644401 2.5666193e-06 0.0007382138 3.4613957e-05 0.0007186635 0.0014817533 0.0010132635 3.9560324e-05 0.00015819256 7.7048935e-06 0.0030275886 9.216393e-05
0.970756 0.041292068 0.044501316 0.0015329405 0.004878586 0.11814653 0.11026273 0.12762034 0.027492316 0.07542214 0.010735199 0.41319796 0.010482963 0.022750467 0.16571611 0.0010754211 0.0022860786 0.031541355 0.00031758752 0.00046133812 9.892981e-05 0.35932824 0.00051862834 0.51783067 0.90561384 0.011182135 0.020324502 0.8866788 3.309105e-16 0.0021370125 0.28231832 0.0335288 0.8498271 0.018841254 0.0032956142 1.2622353e-06 0.00074233604 8.5057036e-05 0.000119459786 0.07099868 0.7505666 1.0946262e-06 5.6862023e-06 0.6538236 0.000645093 0.5848319 0.00011901698 0.34351265 0.12198414 9.9165545e-06 1.0497539e-05 7.822765e-06 6.5301965e-06 7.432494e-07 1.3546492e-05 1.9950354e-05 0.15371382 4.3109616e-05 2.9248591e-05 0.01857168 7.6155535e-05 1.0480204e-05 0.00035909092 0.0011688179 0.006718947 3.0364033e-06 2.0537078e-05 3.2442722e-06 7.5856065e-06 0.001085309 5.6899075e-06 7.0038536e-06 1.2793054e-05 1.626649e-05 4.686355e-05 1.2433578e-05 3.378094e-06 7.067751e-06 1.42800145e-05 4.5291276e-06 0.00050473 5.485374e-06 0.004608021 5.625903e-06 3.8362036e-06 1.0036878e-06 1.1120798e-05 2.0575373e-08 0.011914508 5.3310364e-06 7.326299e-07 0.00013410248 4.6474116e-07 0.00012988772 0.010528425 0.007516591 1.4340677e-05 0.00010977352 1.0809983e-07 0.019511374 4.5346164e-06
0.9772878 4.8222586e-07 0.0010189746 9.5066315e-07 0.00013347242 0.00037320683 0.0004424734 2.067426e-05 0.0072725774 0.026294515 0.010569007 9.825931e-05 0.06530943 0.7770882 0.1859347 1.6088605e-05 0.38999993 4.5919758e-05 0.0035987485 0.003373468 8.4712905e-05 0.064950675 0.05441212 0.00017763571 0.00033987564 0.8537341 0.261411 0.06277924 0.0021370125 6.167419e-19 8.225139e-05 4.925757e-05 0.0067711854 0.03303997 2.2207692e-05 2.8063723e-06 1.4020291e-05 0.008318206 0.942784 0.030126167 0.008290334 1.3934405e-07 0.00016652088 0.0016842048 0.71091455 0.0009176961 0.2061534 0.0007174997 0.00043209078 0.53013927 0.060340673 0.0019280899 0.021653546 0.00011695911 0.5662267 0.058851417 0.016972767 0.0010561701 0.0015861668 0.0003824124 0.003955346 0.2954095 0.13281973 0.0049327733 0.00010310115 2.1846033e-07 6.034323e-07 0.02961043 3.875158e-06 0.0029914847 0.00022815535 0.13712911 0.00011595866 5.8088216e-07 0.19378543 0.0034155697 2.607463e-06 0.00083719025 0.00017743254 0.0041212365 0.0023080923 0.008317477 0.004120048 0.0010423762 1.0278625e-05 0.006731675 0.0019837744 3.8153536e-07 0.00600797 0.00086763717 0.0020223907 2.957923e-05 0.0003122752 4.7450343e-05 0.0032676589 0.0017937331 6.414529e-07 6.661032e-06 5.370589e-06 0.013708533 9.608883e-05
0.9558375 0.08217891 0.006833023 0.0050502205 0.0043024905 0.029399784 0.021649597 0.10812247 0.0040632696 0.009198824 0.00090693287 0.37468967 0.00075527444 0.00051613536 0.0024366868 0.00061204046 2.7138325e-05 0.4599484 6.131373e-05 0.00029722526 0.00017553725 0.0048422785 8.491479e-05 0.932701 0.774593 0.0001329186 0.00023945916 0.038316563 0.28231832 8.225139e-05 6.0582766e-16 0.9190127 0.09430335 0.00018801978 0.5260599 2.3445802e-05 0.059497315 3.5435547e-05 2.3737755e-06 0.00013490276 0.53475434 6.0415503e-05 7.2388643e-06 0.538887 1.0846363e-05 0.5015533 1.3093808e-05 0.32515383 0.6293626 8.9371713e-07 4.961877e-07 8.021546e-06 1.12833e-06 2.552788e-06 1.3787512e-06 2.9894336e-06 0.0022842067 9.267274e-07 2.3508976e-06 0.42541683 2.5578397e-06 2.1523688e-06 0.00014668294 4.459839e-05 0.068467505 6.003061e-06 6.1537394e-05 4.593651e-06 5.89717e-05 0.00010436781 2.8145052e-05 1.251359e-05 7.9187265e-07 3.1155043e-05 1.07151445e-05 1.4149434e-06 1.1527057e-07 1.7281677e-06 5.8638657e-06 4.4221224e-06 3.137838e-05 1.1149737e-05 0.001367669 1.5928221e-06 1.4998388e-07 9.364753e-07 2.9244964e-05 2.9265317e-08 0.0042859577 4.5970082e-06 5.116104e-07 0.00022702281 1.12526e-06 3.3182605e-06 0.02495946 0.014985151 8.125837e-06 0.00017138003 8.246199e-08 0.046617087 3.9847656e-08
