1.3243839e-25 0.9000747 0.9124837 0.90918785 0.8989028 0.86677295 0.21632344 0.3109501 0.07569016 0.91849214 0.843475 0.8217474 0.5094701 0.94988143 0.8082478 0.88705176 0.5901276 0.8848907 0.4605597 0.9154088 0.8980893 0.8279168 0.9817283 0.9866783 0.089261614 0.14955913 0.9437233 0.48437238 0.8900295 0.92378306 0.07861563 0.012975526 0.098235786 0.909613 0.75159216 0.62250763 0.004254482 0.010503673 0.016402507 0.013075392 0.9481102 0.90018743 0.012010051 0.045141775 0.9499248 0.056019217 0.9016517 0.24488965 0.9354984 0.9129297 0.7413345 0.9320788 0.34256256 0.0062164487 0.9604003 0.0029922605 0.0008629853 0.039610706 0.96998036 0.9271176 0.003614567 0.023618631 3.2802476e-05 0.9289436 0.103487164 0.93144506 1.7303314e-06 0.89265704 0.18753043 0.61740625 0.005408225 9.450542e-07 0.9188548 0.9152316 0.0007810902 0.4428018 6.2365966e-06 0.63603085 0.99488735 8.979534e-06 0.00012443669 0.3502613 0.99927217 0.026225735 2.0157195e-06 0.99993706 0.03917175 0.9623292 0.99532825 0.0038039589 0.99408585 0.9924387 0.0005545048 0.00022072259 0.9872167 0.99978006 0.92212325 0.98196447 0.8910995 1.5768857e-06 2.4880359e-05
0.9000747 5.4261105e-16 0.9484859 0.74290764 0.8384249 0.7820627 0.8125978 0.88194335 0.6639395 0.93380684 0.24353969 0.021341415 0.55406547 0.15653679 0.0024906618 0.013624105 0.3986051 0.18232568 0.000257201 0.103971936 0.030517425 4.80121e-05 0.37398508 0.027930284 0.093306944 0.037653375 0.00059140805 0.02247911 0.0067831003 0.0005341235 0.29169062 0.020138057 0.25831875 1.7801773e-05 2.075785e-05 1.3747906e-05 0.523468 0.16682322 0.0024305491 0.12983574 4.443791e-07 0.049449235 0.10120159 0.00235428 0.00047002127 1.0711978e-05 0.1069751 1.3380417e-06 0.033450194 0.00036517688 1.2817612e-05 0.002956362 0.00032608988 0.004445951 0.001110262 9.847968e-05 0.0021210546 5.0517327e-05 0.0027044737 0.0004558734 4.3695713e-05 0.0001733582 0.0023439266 0.002559121 7.216507e-05 0.0005877407 0.002879442 6.0666507e-06 3.750057e-05 0.00017394278 2.5925941e-05 0.0009586052 0.005583331 0.00033319916 3.2780542e-06 0.00071448233 3.3037043e-06 0.00042313698 0.0037064701 2.8571812e-05 1.7640739e-06 0.00024605778 0.007514724 2.3866085e-05 4.766832e-07 0.0033090243 1.0168112e-05 9.357014e-07 0.00040051606 1.0280678e-06 3.466301e-05 0.0020008297 8.5476614e-07 2.4552417e-05 0.0007520361 0.0017856753 3.1309897e-05 3.8069655e-05 1.7442213e-05 6.121315e-06 2.8079542e-06
0.9124837 0.9484859 5.1558293e-17 0.8763628 0.9507364 0.9313603 0.5968136 0.6183875 0.44058058 0.43439618 0.62559146 0.09710471 0.41282138 0.423626 0.002400692 0.17219985 0.086295396 0.021455787 0.0003312835 0.060377285 0.0035484498 0.00021558796 0.64566755 0.004302733 0.005455601 0.0023912906 0.0035038816 0.1484776 0.0015314962 0.00072827307 0.06249876 0.001411471 0.5368442 2.7664688e-05 4.5874323e-05 7.9041194e-05 0.12103183 0.030291772 0.00035617044 0.07775256 6.5440645e-07 0.0031421415 0.0070939367 0.0162001 0.0012234349 0.00025560986 0.023511251 3.9162815e-06 0.006690203 6.199005e-05 8.532583e-06 0.0043346086 5.880737e-05 0.00012275776 0.0016759349 0.0004436789 0.007409989 0.00021535886 0.0047032507 3.195311e-05 6.152319e-07 2.5922604e-05 4.387929e-05 0.00048654436 7.5128744e-05 0.0007707951 0.0002461615 7.492993e-06 3.6798097e-06 1.21046905e-05 3.2319726e-06 0.0007157614 0.0027073226 0.0009424387 1.02082795e-05 0.00014255501 2.2739192e-05 3.1880238e-05 0.0017441339 3.5057798e-05 2.2640725e-06 5.9577824e-06 0.0065220967 6.7779138e-06 3.0295307e-06 0.007237381 1.3590311e-06 2.4578816e-07 0.0012506456 5.4398095e-07 0.00022621843 0.0013226185 5.198495e-07 1.6189055e-06 0.00020395618 0.0044650803 4.601822e-05 2.2623923e-05 8.74776e-07 1.7363443e-05 2.978404e-06
0.90918785 0.74290764 0.8763628 8.2594377e-19 0.9463954 0.81559455 0.6592725 0.46555486 0.35035157 0.03224964 0.91275173 0.83183724 0.072810285 0.7729417 0.30647355 0.7073501 0.01910668 0.00095994264 0.03815597 0.008552446 0.00014044842 0.022228362 0.34143957 0.00022378065 0.0015285967 0.0013825566 0.032685895 0.4930074 3.7102007e-05 0.015294717 0.021349018 0.0009938278 0.4949865 0.0018603961 0.0010583898 0.0017927755 0.03696667 0.00972374 0.00013289592 0.08223356 2.6831007e-05 0.0012173824 0.003108985 0.098330475 0.00316882 0.009054266 0.009376963 0.00015632123 0.004002415 1.1547011e-06 0.00027060966 0.006381116 3.2172914e-06 6.834773e-05 0.003002653 0.010098982 0.03210183 0.0021868176 0.0036451162 7.5975167e-06 1.0925293e-07 6.8951963e-06 0.00011972964 3.587151e-05 0.001256282 0.0032442124 0.0008283676 0.00016204672 5.536197e-07 4.5463594e-06 1.1515526e-06 0.0011490401 0.0009825145 0.001557727 3.8433573e-05 4.1398176e-05 3.7866088e-05 2.6161471e-05 0.00034489715 1.6499596e-05 1.1985604e-05 3.144328e-06 0.0026221944 4.6248413e-05 9.1484864e-08 0.007229092 5.4879092e-05 5.218604e-06 0.0020532485 1.50737e-07 0.00034643628 0.00038804242 1.5851588e-06 1.17231975e-05 0.00010846317 0.0056550154 0.0007405241 0.00094283884 0.00014917328 3.7948874e-07 3.5081691e-06
0.8989028 0.8384249 0.9507364 0.9463954 9.093461e-19 0.9235951 0.5515424 0.5604817 0.36188644 0.16229418 0.6607359 0.18841961 0.28691965 0.6285844 0.0060934774 0.34222776 0.037115697 0.0030230186 0.0007362406 0.05803136 0.0006425201 0.00051573885 0.59631544 0.000687012 0.0017272058 0.00092832104 0.010950534 0.16938281 0.00024604207 0.003469536 0.040300995 0.0009558296 0.4614693 0.00011093084 0.00017281511 0.00026445193 0.06570436 0.01925783 0.00016395969 0.04486275 1.6397016e-06 0.0021499544 0.0048214956 0.017683642 0.002193672 0.00044372102 0.012144369 8.390385e-06 0.00267591 1.5467644e-05 4.6519875e-05 0.0053200535 1.6932598e-05 4.6861718e-05 0.0023603723 0.00030940154 0.005807332 0.00014461005 0.004415791 5.5686587e-06 3.6199516e-08 8.429275e-06 2.1091073e-05 0.00018427594 0.0001312616 0.0011319328 0.00013166228 3.0831216e-05 4.3356582e-07 2.2089273e-06 6.0788386e-07 0.0002345541 0.0014740063 0.00083216786 4.264585e-06 3.4711145e-05 1.2234092e-05 4.5757247e-06 0.0011193306 9.234513e-06 1.8255354e-06 4.72567e-07 0.002626385 7.3469477e-07 3.9339776e-07 0.007212582 5.614942e-06 2.0656396e-06 0.0012879767 5.406886e-08 0.0002714538 0.0004376067 3.1428664e-07 8.7384973e-07 0.00013853706 0.003856132 0.00039294432 0.00014663652 2.2271917e-05 2.5806264e-06 1.6269196e-06
0.86677295 0.7820627 0.9313603 0.81559455 0.9235951 1.8815838e-16 0.28844216 0.33377185 0.12459817 0.25079846 0.35987398 0.20842136 0.8181105 0.9655432 0.010469945 0.1686663 0.032184344 0.010304547 0.001524353 0.2856908 0.0060220296 0.0012399885 0.8549518 0.007847518 0.0018426733 0.0011659566 0.07941169 0.05439033 0.0028562413 0.0104357675 0.012825353 0.00088083616 0.105327 0.0005709095 0.00042742715 0.00027936135 0.009192105 0.0024956407 6.502787e-05 0.0058695395 9.185265e-06 0.010218629 0.000639672 0.0022871501 0.012885556 0.00015499251 0.05056359 4.9801783e-06 0.010092796 0.00012483331 0.000117873846 0.023518076 0.00010598034 0.000108645174 0.010241185 0.00011916724 0.00039296382 0.0002286315 0.014070058 6.184586e-05 8.268328e-08 4.9027036e-05 7.667283e-06 0.0011911129 7.265433e-05 0.0043864585 9.5480045e-06 0.00010177062 2.0535175e-05 4.0835454e-05 7.1606314e-06 3.0939667e-05 0.007689977 0.0028318618 1.8965833e-05 0.00014485049 6.6941016e-06 2.7213511e-05 0.0023496458 1.64721e-05 1.8731857e-06 6.2191766e-06 0.008971887 6.9881216e-06 9.0707204e-07 0.018658426 3.2173311e-06 2.8334962e-06 0.0030443904 2.0322021e-07 0.000948516 0.0012173788 1.1679687e-07 1.5185557e-06 0.0002950236 0.010067825 0.00080280786 0.00029501994 1.8675873e-05 5.3783847e-06 9.514413e-07
0.21632344 0.8125978 0.5968136 0.6592725 0.5515424 0.28844216 1.0110994e-18 0.9707258 0.9897716 0.0033226202 0.9074402 0.0101684965 0.02094484 0.021718845 0.001833098 0.020102313 0.0035645592 0.00019174042 0.00020981448 0.0018926248 0.00077019515 9.112077e-05 0.016657362 0.00057945057 0.0006503513 0.00016609108 0.0004470884 0.04596171 0.00010523786 0.00048000977 0.0133667085 0.00015429492 0.6135069 2.8932767e-05 7.095309e-05 0.00019057568 0.24988844 0.053087287 2.9740117e-05 0.36187986 1.5523725e-05 0.0014729511 0.006264055 0.0067710695 0.00024642152 3.2991124e-05 0.0010061087 2.37562e-05 0.00058781414 2.033953e-07 6.419566e-05 8.542553e-05 1.4506523e-07 0.00032420518 0.00013086588 0.0020342413 0.028978035 9.065186e-05 3.056629e-05 3.744494e-06 3.7423057e-08 4.1097037e-06 0.00428764 7.555532e-05 9.178605e-05 4.146262e-05 0.008094185 6.1512364e-06 2.2883226e-07 2.2313088e-06 1.2834325e-06 0.0028958702 0.0004153174 3.3894354e-05 6.8117793e-06 1.3034952e-05 0.00027740738 2.608602e-06 0.00015129399 2.9490362e-05 2.267585e-05 6.27307e-07 0.00035032345 4.952063e-07 2.0698633e-06 0.00040168216 1.0904969e-06 7.597697e-06 5.858766e-05 2.9306541e-08 5.8512132e-06 9.334412e-05 9.246185e-07 1.1965611e-06 4.2369684e-05 0.00050242885 2.0352669e-05 2.380695e-06 1.9772628e-05 7.314812e-06 2.5208417e-06
0.3109501 0.88194335 0.6183875 0.46555486 0.5604817 0.33377185 0.9707258 3.9461207e-17 0.990614 0.0479725 0.23197259 0.0012348539 0.03546372 0.050555944 0.0013556029 0.0028698072 0.048808407 0.010407629 0.0001921477 0.0042079496 0.020527571 5.9511212e-06 0.03082675 0.016211884 0.0056444174 0.0013802986 3.1420543e-05 0.007402594 0.0018731038 0.00022408176 0.19466546 0.00095090724 0.34075725 2.829304e-07 3.1340803e-06 2.30014e-05 0.6723725 0.48161998 0.00028966824 0.33692646 1.5190199e-07 0.00424033 0.16357544 0.0018723034 3.7933787e-05 1.8255178e-06 0.00750625 2.980991e-07 0.0023895034 1.2533649e-06 2.0353473e-06 7.873416e-05 1.6581267e-06 0.005652886 4.613357e-05 0.0009117963 0.01814743 5.3956564e-06 2.0342364e-05 3.592797e-05 3.4215734e-06 2.2629908e-06 0.014620699 0.00017815692 6.0810685e-06 1.7429957e-05 0.007638488 1.3651709e-07 1.1939998e-06 9.634911e-06 4.3185656e-07 0.00199155 0.00045532742 1.07721635e-05 1.1776159e-06 8.616141e-05 5.2583087e-05 5.5711535e-05 0.00046197936 3.5388435e-05 5.462069e-07 7.31279e-06 0.0005306846 5.4364637e-07 1.4743656e-05 0.00022867315 1.5467871e-06 7.4428e-07 6.9684093e-06 2.884305e-08 6.618069e-06 0.0005023963 1.443185e-06 1.6963784e-06 8.851164e-05 0.00025556673 3.433065e-06 4.4955598e-07 6.6919824e-06 0.00035162937 1.7508398e-06
0.07569016 0.6639395 0.44058058 0.35035157 0.36188644 0.12459817 0.9897716 0.990614 5.126507e-18 0.004166625 0.41735774 0.0030189909 0.009515863 0.01333529 0.0015482334 0.006006137 0.007244307 0.0010798279 0.00024686445 0.0005446423 0.0022128208 0.00010950376 0.009370852 0.0008110469 0.00092570373 0.0005061211 7.865004e-05 0.02011669 0.00014684278 0.000113444155 0.030503845 0.000322799 0.5090198 6.120387e-06 1.7555407e-05 0.00014001738 0.508676 0.17418878 4.703427e-05 0.48840898 4.5823977e-06 0.00025714975 0.023522295 0.0075297197 1.8369945e-05 4.4297427e-05 0.0009401913 9.013871e-06 0.0009674402 1.2871835e-06 9.252849e-06 3.8599268e-05 1.2497483e-06 0.0018070913 2.2414126e-05 0.002790316 0.05445896 6.681853e-05 2.3572768e-05 2.1192469e-05 5.443379e-07 7.708733e-07 0.030819193 1.4825123e-05 9.446857e-05 1.498342e-05 0.020560889 2.6282391e-06 2.6983997e-07 3.2884527e-06 1.5967026e-07 0.0074042925 0.00013385166 1.0643324e-05 9.438549e-06 7.036854e-06 0.00019880147 1.2278835e-05 0.00011210635 6.3292384e-05 2.9171902e-05 9.928747e-07 0.00033705303 1.4896708e-07 4.285782e-06 0.00028129667 6.806805e-06 2.0457019e-06 4.2334585e-05 1.4159368e-08 2.983191e-06 0.00029462183 9.735147e-07 2.9240543e-06 6.746633e-05 0.0003171039 1.3100967e-05 5.4972825e-06 3.2044747e-05 2.979448e-05 2.2258148e-06
0.91849214 0.93380684 0.43439618 0.03224964 0.16229418 0.25079846 0.0033226202 0.0479725 0.004166625 4.585095e-17 0.0017747994 0.00048844545 0.6925837 0.040019687 0.000398472 8.069798e-05 0.9824512 0.9165382 3.6808993e-05 0.42789924 0.36404437 2.9277058e-05 0.21704477 0.5169708 0.42663082 0.24487266 0.0012191378 4.499909e-05 0.08693486 0.0003226094 0.34371087 0.0546678 0.0013945089 4.602371e-05 2.326257e-05 1.922584e-06 0.008082992 0.017570408 0.010790034 0.0010002074 1.12960436e-07 0.4311202 0.05344496 1.7500628e-05 0.00049999927 3.6488734e-07 0.32456893 6.747288e-07 0.24672207 0.01711434 1.04540595e-05 0.010185942 0.018602872 0.018430766 0.0024869093 9.85422e-06 5.640701e-07 7.896536e-06 0.018126527 0.011782591 0.0030207261 0.0009115068 0.0001405186 0.026797708 1.1472367e-05 0.0007208796 5.5394153e-06 1.25236065e-05 0.00035875276 0.0013735518 0.00011410015 5.8038745e-06 0.04384746 0.00041712783 6.654971e-07 0.00066518685 1.1527405e-06 0.00058172044 0.05842691 0.00016979955 6.264138e-07 0.00049981 0.027881218 4.705449e-06 6.961007e-05 0.0077368505 3.997869e-07 7.1695445e-07 0.00042070844 1.8055459e-06 8.40632e-05 0.006844952 1.4909263e-06 1.1351384e-06 0.009007445 0.0017093712 2.9235569e-05 3.4520315e-06 1.111061e-05 0.00022247093 2.8884793e-07
0.843475 0.24353969 0.62559146 0.91275173 0.6607359 0.35987398 0.9074402 0.23197259 0.41735774 0.0017747994 1.1332466e-17 0.6310966 0.01398617 0.17914343 0.31517297 0.8675979 0.005253432 3.8376507e-05 0.053797577 0.00072311814 0.00020452905 0.018099865 0.06595181 0.0002449604 0.0004677245 9.021994e-05 0.0042529125 0.92219937 2.7454375e-05 0.0045005833 0.005978309 3.434911e-05 0.868615 0.0004770851 0.003693402 0.0152783245 0.053538714 0.0083238855 7.749425e-06 0.4010557 0.0005443562 0.00048598673 0.0043421243 0.49772996 0.0007993631 0.042346608 0.0033913306 0.00038369698 0.00031983125 3.8968952e-07 0.0009869941 0.0009816036 9.169852e-08 5.353272e-05 0.0009614493 0.10792527 0.3371866 0.019329118 0.00023602114 4.9515693e-06 9.972303e-09 2.4312212e-07 0.0015870497 1.9365869e-05 0.0011622591 0.0011021389 0.015470956 0.0004536321 6.570066e-07 4.200355e-06 1.7659784e-07 0.015579432 0.0003555926 0.00057621807 0.00092835026 3.451375e-05 0.0013614779 5.349626e-06 0.00010523695 5.063842e-06 0.001496766 3.0914816e-06 0.00034911648 4.258359e-06 2.9251407e-07 0.00033290757 1.2752333e-05 8.544076e-05 0.00048009102 1.5266043e-08 0.00022229343 9.432435e-05 2.4776886e-05 6.555445e-05 5.3593863e-05 0.000848277 0.00056072045 0.000103294435 9.248831e-05 3.0899223e-06 9.742568e-05
0.8217474 0.021341415 0.09710471 0.83183724 0.18841961 0.20842136 0.0101684965 0.0012348539 0.0030189909 0.00048844545 0.6310966 7.960318e-18 0.006157 0.3723759 0.967703 0.9701449 0.00042208485 6.6550947e-06 0.69061947 0.00087705365 3.931327e-05 0.6994154 0.092430055 1.4375717e-05 0.00011420031 5.175972e-05 0.11184248 0.4467551 4.3364334e-06 0.338018 0.0022019553 1.6776234e-05 0.099472746 0.18194759 0.42985493 0.18868898 0.0009021216 0.00012539496 2.6513637e-05 0.00426535 0.049382888 0.00011776419 4.42677e-05 0.13979974 0.018283945 0.10409826 0.0012121286 0.018560074 0.00015172242 1.4766394e-07 0.011476367 0.009655562 9.041598e-07 0.00014780746 0.008889745 0.011882701 0.02217858 0.035877597 0.0021613948 3.0529702e-07 2.1409154e-07 1.1134822e-06 9.69167e-06 1.7866863e-05 0.0067200493 0.011277348 7.271783e-05 0.0008967293 1.9231918e-07 4.6291518e-07 4.2416698e-07 0.0005222424 0.00048905343 0.007411395 0.0036818527 2.0594534e-06 0.00012912198 5.7550983e-07 7.764905e-05 0.00010794907 0.00058141653 8.6186006e-08 0.0018204354 1.4197622e-06 1.34696475e-05 0.0044431323 0.00012743902 4.9836588e-05 0.008750758 1.7378792e-08 0.0035756463 0.00024096655 2.9272089e-05 0.0005273953 5.160958e-05 0.009497082 0.0016575828 0.0005702022 0.0001891422 1.333843e-05 0.00011172712
0.5094701 0.55406547 0.41282138 0.072810285 0.28691965 0.8181105 0.02094484 0.03546372 0.009515863 0.6925837 0.01398617 0.006157 1.9781785e-19 0.3538746 0.0011826379 0.0026298328 0.037844677 0.20096572 0.00015961767 0.99212676 0.13119131 0.00031588 0.9127976 0.55072767 0.0055741747 0.014358721 0.03846629 0.0007276923 0.178729 0.002771954 0.012210793 0.0025376405 0.0036837407 0.0008734757 4.588811e-05 1.4689607e-05 0.00090738916 0.00079149107 0.000121115794 0.00033513166 4.111711e-06 0.2704459 0.00084372057 3.4825138e-05 0.01788444 4.8869792e-06 0.25808856 1.4976014e-06 0.08503172 0.0056775357 2.1572421e-05 0.038960192 0.0071104323 0.0001217914 0.022443626 1.8706178e-05 6.332112e-05 1.6937767e-05 0.024193618 0.003953283 1.9001798e-06 0.00025054812 1.9948764e-06 0.047230717 2.4522065e-05 0.0051140827 1.3400103e-05 9.171597e-05 0.00025990987 0.0009070129 5.350988e-06 7.161861e-06 0.04768491 0.0048617776 1.4610982e-06 0.002955877 6.8711086e-07 0.0026935611 0.02101464 3.2832213e-05 2.8327504e-08 0.00029530257 0.041072823 3.1430463e-05 1.3302715e-06 0.032694723 2.0847757e-07 5.531959e-07 0.0061211376 6.1263455e-07 0.0010822578 0.01617988 2.7808543e-08 1.9067619e-08 0.009705907 0.017759297 4.9571798e-05 0.00010213027 7.1646614e-06 1.1166692e-06 2.8971684e-08
0.94988143 0.15653679 0.423626 0.7729417 0.6285844 0.9655432 0.021718845 0.050555944 0.01333529 0.040019687 0.17914343 0.3723759 0.3538746 4.014036e-15 0.120689355 0.26063308 0.0065353834 0.00403049 0.017000979 0.11923756 0.003108503 0.03015311 0.93996686 0.0052703707 0.00072116987 0.001014748 0.71249515 0.04737706 0.0007106375 0.29252005 0.003205007 0.00022235404 0.011648852 0.046999663 0.016350018 0.005685544 0.00018459199 0.00015042689 3.6712692e-05 0.00025193588 0.00055144273 0.012319621 0.0001261428 0.0032110554 0.24778146 0.0008441862 0.07246759 9.328333e-05 0.018248636 7.930887e-05 0.0045547034 0.13041927 4.806442e-05 0.00012699388 0.13395727 0.00014700447 6.294968e-05 0.0001934991 0.061992217 6.333175e-05 7.576131e-07 6.287972e-05 2.3353126e-05 0.00043658583 0.0004919856 0.08948723 8.2684855e-06 0.0023172884 3.8992337e-05 6.510823e-05 1.0969633e-05 3.431185e-05 0.010559401 0.04934523 4.015745e-05 0.00013094478 3.990961e-06 5.5251367e-05 0.004537602 3.0304453e-05 6.4204933e-06 8.078972e-06 0.024686476 2.315107e-05 1.3839667e-06 0.09908156 3.5465637e-05 9.4757845e-05 0.05298541 2.5439792e-07 0.01636128 0.0017684139 1.9101544e-06 9.617689e-06 0.00059904763 0.08336944 0.009244811 0.008738732 0.0015304682 2.3417355e-05 4.094146e-06
0.8082478 0.0024906618 0.002400692 0.30647355 0.0060934774 0.010469945 0.001833098 0.0013556029 0.0015482334 0.000398472 0.31517297 0.967703 0.0011826379 0.120689355 9.7896784e-18 0.9328262 0.00022684774 7.811247e-06 0.9531455 0.00015061305 1.0655268e-05 0.9039822 0.01298759 4.569092e-06 0.00019763285 0.0001471272 0.08636068 0.6391 1.2583723e-06 0.38124317 0.0012869302 2.728227e-05 0.1653647 0.15989183 0.33453286 0.4487017 0.00060740695 0.00013948986 6.368953e-05 0.0027971272 0.20504747 6.779068e-05 0.00016624416 0.32387066 0.010434603 0.32070112 0.00025385834 0.060264952 5.9263682e-05 4.2461704e-07 0.057337675 0.0009624507 2.8585098e-06 0.00048705598 0.0023468274 0.02978591 0.028333396 0.100793526 0.0002657646 3.0979584e-07 8.81202e-08 6.388099e-06 3.0207044e-05 1.8324137e-05 0.059213225 0.003616622 4.553704e-05 0.0012601721 3.0817603e-07 4.0464533e-07 3.4631552e-07 0.0003096445 0.00015405363 0.002094735 0.0062114834 7.749539e-07 0.0003059667 9.561195e-07 2.2890323e-05 0.0002162374 0.00087720883 9.972879e-08 0.0003702963 3.292122e-07 2.9457786e-05 0.0019757182 0.0007772025 0.0008490313 0.0031305659 1.433751e-08 0.0016086986 6.001999e-05 8.5438485e-05 0.0008864072 7.776751e-06 0.003653967 0.003171104 0.0012604329 0.00042664912 7.235141e-05 0.00024049266
0.88705176 0.013624105 0.17219985 0.7073501 0.34222776 0.1686663 0.020102313 0.0028698072 0.006006137 8.069798e-05 0.8675979 0.9701449 0.0026298328 0.26063308 0.9328262 9.939903e-17 0.00015627412 4.4340354e-06 0.6511981 0.00010673334 3.5191184e-05 0.57909894 0.058915395 3.610288e-06 2.5454716e-05 1.742246e-05 0.029801873 0.8767035 2.8540833e-06 0.10642158 0.00036894064 1.1034087e-05 0.18843831 0.061573908 0.33397973 0.5189979 0.0007277215 5.8961352e-05 1.589286e-05 0.023952104 0.15211664 5.5698838e-05 8.804791e-05 0.3491421 0.004231366 0.5248204 0.000519252 0.07020354 5.1098817e-05 1.1306175e-07 0.03159705 0.0014189825 5.9729405e-07 0.00014851564 0.0017753605 0.0623271 0.078461505 0.18568434 0.00083313894 1.1917132e-06 5.2973945e-08 9.4198765e-07 5.0163602e-05 4.3165087e-06 0.071463555 0.0028459511 0.00044417894 0.002890395 1.95987e-06 3.5152862e-06 1.3587247e-07 0.0016441025 0.00013812928 0.0025665166 0.032014903 5.7831494e-06 0.00059826666 3.7705963e-06 2.159288e-05 6.529551e-05 0.0037037667 6.4478144e-07 0.00085952453 3.0492588e-06 8.505999e-06 0.0012396048 0.00048622294 0.00026093284 0.0048500774 3.9472585e-09 0.0013177271 7.656319e-05 0.00017132398 0.0023656941 2.1897722e-05 0.0045841024 0.0018017534 0.00069202564 0.00023437386 8.919721e-06 0.0006455244
0.5901276 0.3986051 0.086295396 0.01910668 0.037115697 0.032184344 0.0035645592 0.048808407 0.007244307 0.9824512 0.005253432 0.00042208485 0.037844677 0.0065353834 0.00022684774 0.00015627412 1.6301107e-14 0.844666 4.9241557e-05 0.01491654 0.2816661 1.881153e-05 0.012085677 0.15605175 0.9670581 0.6540374 5.9322436e-05 3.299241e-05 0.062351584 3.21491e-05 0.81061757 0.59795374 0.0005900177 3.9598726e-06 3.458203e-06 8.906223e-06 0.031753704 0.06311128 0.13075228 0.0012495208 5.0405964e-07 0.03315465 0.34012794 1.1113324e-05 1.8061099e-05 9.720776e-07 0.013370392 7.521789e-06 0.015073096 0.008651291 2.2014679e-06 0.00015234573 0.030467222 0.2720481 5.4754415e-05 1.1111608e-05 3.3899138e-05 2.6463167e-05 0.00020183934 0.010694636 0.029757064 0.008665295 0.00044516384 0.0046823593 3.8792867e-05 2.7491029e-05 8.277145e-05 1.993414e-06 0.0005789894 0.00132367 0.00032563708 1.3374288e-05 0.0020605645 2.6844853e-05 2.263412e-06 0.0006462087 2.3598825e-06 0.0007264224 0.004555305 0.0018428991 3.839924e-07 0.00022785616 0.0008885531 6.6258503e-06 0.00041485406 0.0005611741 5.189472e-06 1.4299856e-05 0.00010236312 1.6100063e-06 4.758782e-06 0.0027561937 5.193099e-07 3.860043e-06 0.003962459 0.0004371293 3.2279946e-05 1.9495528e-05 2.5771207e-05 0.0015068331 9.783194e-08
0.8848907 0.18232568 0.021455787 0.00095994264 0.0030230186 0.010304547 0.00019174042 0.010407629 0.0010798279 0.9165382 3.8376507e-05 6.6550947e-06 0.20096572 0.00403049 7.811247e-06 4.4340354e-06 0.844666 2.2975851e-17 1.4715665e-06 0.26722977 0.94137263 2.280145e-07 0.023133626 0.6653845 0.74613315 0.9637642 0.00020881718 2.1870644e-06 0.56548285 3.1109557e-05 0.34200054 0.32756063 7.263438e-05 8.8243024e-07 6.9021473e-07 6.179892e-07 0.00071665447 0.00597591 0.22267 0.00018478223 3.4064787e-08 0.3653 0.03619946 3.5395437e-06 0.00019885588 3.0591693e-07 0.15086287 1.8521172e-07 0.12583494 0.1101311 1.9629982e-07 0.0033440567 0.2782337 0.029880824 0.0008674022 5.9173854e-06 8.215352e-06 8.2403074e-07 0.007992335 0.059507072 0.07372934 0.09510893 9.572317e-05 0.19912556 1.0371498e-05 0.00031643658 8.647954e-06 1.1299195e-06 0.0058428887 0.010351989 0.0060513564 3.980979e-06 0.058124386 0.0001872291 6.353931e-07 0.021906586 4.2374027e-06 0.006467482 0.11105564 0.0026816954 1.4853318e-06 0.0037221904 0.03829407 0.0009603767 0.00042108854 0.0032785293 1.2915832e-06 1.3986789e-06 0.00035940236 0.0006937119 1.610663e-05 0.051546082 4.2560546e-07 4.7426115e-06 0.051278725 0.0007778684 4.934394e-05 4.7856606e-06 3.351371e-06 0.0007374936 1.2380629e-07
0.4605597 0.000257201 0.0003312835 0.03815597 0.0007362406 0.001524353 0.00020981448 0.0001921477 0.00024686445 3.6808993e-05 0.053797577 0.69061947 0.00015961767 0.017000979 0.9531455 0.6511981 4.9241557e-05 1.4715665e-06 6.710808e-18 2.4157522e-05 1.0805201e-05 0.988729 0.0016699904 4.1859408e-07 6.7091464e-06 9.464192e-06 0.034557667 0.2662847 4.3852512e-07 0.27406123 6.735791e-06 2.6484955e-07 0.004229371 0.28865916 0.58469576 0.7953662 1.0078968e-06 2.0251452e-06 2.5833672e-06 9.299403e-05 0.5016041 3.2742533e-05 1.971013e-06 0.057851627 0.0069448845 0.23640351 0.000118159616 0.26885808 1.9259634e-05 1.2246207e-07 0.26956245 0.00049508706 1.15464445e-07 4.6066038e-05 0.0018316817 0.0044194246 0.0024051173 0.088232316 0.00037421414 6.5378416e-08 8.3122185e-09 8.424108e-08 2.1330563e-06 2.061916e-06 0.09562622 0.0046859044 5.414807e-06 0.010260693 3.1575645e-08 1.10944214e-07 8.019106e-08 1.6761842e-05 6.678081e-05 0.004243483 0.0029647702 2.853306e-07 1.6522541e-05 2.6440435e-07 1.10618175e-05 3.7695736e-05 0.0002535769 3.599682e-08 0.00025728907 4.0170735e-07 1.2212649e-06 0.0014700505 0.005825093 0.0052706995 0.003751883 3.5908405e-09 0.0020187283 2.0722206e-05 0.00040692257 0.0007364211 6.3610587e-06 0.0024127536 0.0059930254 0.0029913387 0.0031816382 1.0581345e-05 7.883658e-05
0.9154088 0.103971936 0.060377285 0.008552446 0.05803136 0.2856908 0.0018926248 0.0042079496 0.0005446423 0.42789924 0.00072311814 0.00087705365 0.99212676 0.11923756 0.00015061305 0.00010673334 0.01491654 0.26722977 2.4157522e-05 1.33551e-17 0.11845607 2.821466e-05 0.6837545 0.57003284 0.002836972 0.012173364 0.0065464936 1.702072e-05 0.18287906 0.0007130726 0.008919611 0.0026570682 0.00019059547 3.8678754e-05 1.29352775e-05 9.484631e-06 0.0005876835 0.00018913066 0.00010844198 5.8044086e-05 1.8506615e-08 0.5630753 6.7121575e-05 7.597118e-06 0.0036859338 4.601041e-07 0.7205258 1.2825156e-07 0.64156526 0.04475301 1.0654413e-05 0.07252331 0.014389928 1.0207218e-05 0.024007322 6.5095714e-06 1.883624e-06 1.4948502e-06 0.09384332 0.011931758 5.5379846e-06 0.00082067424 5.2804796e-07 0.18659128 3.4001772e-07 0.0060605505 1.493948e-06 1.731126e-05 0.00043524822 0.0013630252 3.743118e-05 8.8482597e-07 0.2209871 0.007164563 9.479128e-07 0.0067790947 8.977872e-08 0.009602032 0.1264885 5.317667e-06 4.5134623e-08 0.0009796823 0.18556151 0.00016524596 4.0314504e-07 0.078145385 2.219159e-08 8.661348e-08 0.009641134 6.331831e-06 0.0014321872 0.047873914 2.5567933e-06 3.1820642e-07 0.034693226 0.029944066 0.000119072945 7.644384e-05 3.2501532e-06 7.6506585e-06 3.2910847e-08
0.8980893 0.030517425 0.0035484498 0.00014044842 0.0006425201 0.0060220296 0.00077019515 0.020527571 0.0022128208 0.36404437 0.00020452905 3.931327e-05 0.13119131 0.003108503 1.0655268e-05 3.5191184e-05 0.2816661 0.94137263 1.0805201e-05 0.11845607 2.7280466e-15 1.2855409e-06 0.03296088 0.8415647 0.19460824 0.4847645 0.00011641251 5.0658123e-06 0.9740891 1.4630148e-05 0.1837381 0.12664509 0.00015039748 1.1077817e-06 1.0312779e-06 1.6816302e-06 0.0013583257 0.005595623 0.13303351 0.00016874829 3.333164e-08 0.24831142 0.027075343 6.2703098e-06 0.00020199532 2.0856926e-07 0.14486824 1.0724145e-06 0.14925979 0.71341884 6.547513e-08 0.0033745866 0.618533 0.015762588 0.0011599865 2.5267782e-05 2.5005204e-06 1.3597298e-06 0.009163139 0.16585745 0.07069653 0.14089665 4.7719495e-05 0.24404171 3.915165e-06 0.00026396438 8.67374e-06 7.9173293e-07 0.020577896 0.010146139 0.01795883 6.5697486e-06 0.10740787 0.00021900011 3.5446578e-06 0.010095443 1.978455e-05 0.0077379565 0.15887459 0.0015886184 1.0358249e-06 0.0034048634 0.06255219 0.0028328802 0.00019906308 0.013020921 2.3542956e-05 7.6251024e-07 0.0006275733 0.0012402936 2.3159593e-05 0.055279225 1.5443235e-05 6.350445e-06 0.042909622 0.0038330276 3.3487977e-05 2.8992206e-05 2.9175437e-05 0.00022989372 3.7213238e-07
0.8279168 4.80121e-05 0.00021558796 0.022228362 0.00051573885 0.0012399885 9.112077e-05 5.9511212e-06 0.00010950376 2.9277058e-05 0.018099865 0.6994154 0.00031588 0.03015311 0.9039822 0.57909894 1.881153e-05 2.280145e-07 0.988729 2.821466e-05 1.2855409e-06 1.7888745e-19 0.0027229416 5.7542087e-07 1.1077273e-05 2.9478595e-06 0.12608956 0.1383232 2.6868443e-07 0.6895026 3.1141572e-06 3.880659e-07 0.000987357 0.83269244 0.8722097 0.6470192 5.208573e-07 6.761873e-07 4.5284253e-07 3.3663428e-06 0.55161136 3.641164e-05 1.2151481e-06 0.015433326 0.047465056 0.085292295 0.00014895125 0.17818362 6.0761e-06 7.5733176e-08 0.518856 0.0014380208 5.1020297e-08 3.252978e-06 0.007974056 0.00037554034 4.0992192e-05 0.028200503 0.00062614545 9.642328e-08 7.1819e-10 1.71236e-07 3.9600897e-07 7.65144e-06 0.043324906 0.015557681 1.7118407e-07 0.017100291 1.0868982e-08 4.5904542e-08 1.0202059e-07 3.4413424e-06 0.00021837694 0.019209554 0.0001203648 8.104279e-07 6.030816e-06 2.0500639e-07 5.140278e-05 5.9923077e-06 3.0515439e-05 7.474828e-08 0.00038677847 3.5465936e-07 1.3397826e-07 0.0022381374 0.0006054259 0.0034581115 0.015657227 8.128095e-09 0.014731688 5.982347e-05 5.356587e-05 9.00281e-05 7.1442814e-06 0.00600398 0.016114404 0.0037839157 0.003192104 1.1612432e-06 7.1121544e-06
0.9817283 0.37398508 0.64566755 0.34143957 0.59631544 0.8549518 0.016657362 0.03082675 0.009370852 0.21704477 0.06595181 0.092430055 0.9127976 0.93996686 0.01298759 0.058915395 0.012085677 0.023133626 0.0016699904 0.6837545 0.03296088 0.0027229416 7.5384364e-17 0.083034456 0.0009599139 0.0015052088 0.37642902 0.004630742 0.008635436 0.045361824 0.0029489268 0.0004953759 0.0036876176 0.0044114534 0.0009020063 0.0004862517 0.00025018994 0.000118373 3.3780216e-05 0.00014584532 4.724931e-05 0.12858513 0.00011820977 0.00044056473 0.10003751 2.9378834e-05 0.38827297 2.1743273e-05 0.15980317 0.00043270524 0.00029272438 0.4474917 0.00021439917 0.00057665067 0.14061445 0.00012677269 3.2568074e-05 4.509958e-05 0.1605139 0.00022848655 9.683166e-07 0.00010911566 3.2082666e-05 0.003283982 6.9823756e-05 0.036937565 3.825798e-06 0.00038616042 4.6566223e-05 0.00016090379 7.583855e-06 5.0886498e-05 0.04522053 0.023820797 5.6379482e-05 0.00034937577 7.6552205e-06 0.00031254694 0.013708377 1.9690246e-05 2.8162196e-06 3.202184e-05 0.107105106 2.5887844e-05 7.316845e-07 0.1693343 1.6584945e-05 7.36049e-05 0.036601614 2.2724147e-07 0.009106349 0.0039760508 4.8636016e-06 2.2023045e-05 0.0016934649 0.09725759 0.0031451436 0.0021969785 0.00040685118 3.9045026e-05 5.066093e-06
0.9866783 0.027930284 0.004302733 0.00022378065 0.000687012 0.007847518 0.00057945057 0.016211884 0.0008110469 0.5169708 0.0002449604 1.4375717e-05 0.55072767 0.0052703707 4.569092e-06 3.610288e-06 0.15605175 0.6653845 4.1859408e-07 0.57003284 0.8415647 5.7542087e-07 0.083034456 9.106215e-16 0.05739566 0.13437042 0.0003187457 1.6346787e-06 0.96495247 2.7160155e-05 0.07853288 0.039229788 0.00038313793 7.241608e-07 8.0541625e-08 4.0679176e-08 0.00036728257 0.0013927246 0.03396675 0.00025650876 1.3564975e-09 0.7927812 0.003899781 2.6800704e-05 0.00019900539 5.0364758e-08 0.5061781 4.4025466e-08 0.57010406 0.6327832 1.2199505e-08 0.011293406 0.3658077 0.000930269 0.0017049599 1.4172656e-05 3.0845197e-06 2.0212424e-06 0.03894603 0.2518497 0.01663889 0.039877295 1.2273591e-05 0.7080842 1.7602598e-07 0.0004759122 1.228839e-06 5.4406623e-08 0.022610357 0.0088557955 0.0016475447 1.5052675e-06 0.42375278 0.0005706548 5.6632402e-06 0.0121220015 1.5369761e-06 0.010760003 0.52179164 2.9726876e-05 2.711698e-07 0.002559248 0.36651763 0.0011295727 4.524849e-06 0.07058105 7.851817e-08 5.0617435e-09 0.0015924486 0.00013998787 5.4942095e-05 0.12976748 2.2195595e-06 2.603389e-07 0.06726526 0.0100417435 9.912394e-06 2.7173896e-06 2.7288262e-08 1.1520661e-05 7.2770234e-08
0.089261614 0.093306944 0.005455601 0.0015285967 0.0017272058 0.0018426733 0.0006503513 0.0056444174 0.00092570373 0.42663082 0.0004677245 0.00011420031 0.0055741747 0.00072116987 0.00019763285 2.5454716e-05 0.9670581 0.74613315 6.7091464e-06 0.002836972 0.19460824 1.1077273e-05 0.0009599139 0.05739566 1.4007202e-15 0.9833741 2.2508335e-05 1.999334e-05 0.06098731 5.3113796e-05 0.67272526 0.9158191 1.0190829e-05 1.6589722e-05 3.1806354e-07 1.2304683e-05 0.00063110265 0.0035470189 0.49327412 8.776113e-05 1.3112622e-06 0.0063036345 0.13646568 1.2833757e-05 4.0628197e-06 1.9694762e-06 0.0022430723 1.3153791e-06 0.0022151994 0.025503147 8.453672e-07 0.00012074443 0.084196545 0.5777811 6.606551e-05 2.7911676e-05 2.0997459e-06 2.0120271e-05 0.00014219752 0.012392289 0.07023609 0.025176464 2.373838e-05 0.002777159 0.00013511494 1.52109005e-05 3.5217756e-06 6.29005e-06 0.0011744208 0.0012865197 0.0018455267 7.947896e-06 0.00090474857 2.282031e-05 1.2451752e-06 0.0010366377 5.4735824e-07 0.000255803 0.001251263 0.0048938124 5.008921e-07 0.00027626895 0.0009584539 2.9072664e-05 0.00046262614 0.00048312056 3.6301744e-06 7.0311585e-06 9.4589006e-05 1.852082e-05 8.8300186e-07 0.0014395445 1.4245954e-07 6.6713365e-06 0.00074098655 0.00025018398 3.6115056e-05 7.0652377e-06 1.0607281e-05 0.0026325518 2.59998e-07
0.14955913 0.037653375 0.0023912906 0.0013825566 0.00092832104 0.0011659566 0.00016609108 0.0013802986 0.0005061211 0.24487266 9.021994e-05 5.175972e-05 0.014358721 0.001014748 0.0001471272 1.742246e-05 0.6540374 0.9637642 9.464192e-06 0.012173364 0.4847645 2.9478595e-06 0.0015052088 0.13437042 0.9833741 3.3937217e-16 8.308019e-05 1.5230271e-06 0.17074016 0.00037663642 0.35234737 0.9442323 6.4756464e-06 3.1759114e-06 1.2420394e-06 5.3307162e-06 5.8164886e-05 0.0009626444 0.8250272 3.9183997e-06 2.8029925e-07 0.029510839 0.041033126 5.0267254e-06 5.266313e-05 2.2097513e-06 0.011635573 9.303963e-07 0.0044984487 0.1094666 2.1722537e-06 0.00051687675 0.2436785 0.29710948 0.00023239608 1.6223582e-06 6.6251323e-07 3.992583e-06 0.0003441937 0.047854584 0.22204708 0.14066708 1.3775074e-05 0.019261694 4.0260256e-05 4.422812e-05 3.7229875e-06 8.33243e-06 0.008410387 0.008338086 0.011012124 4.9228383e-06 0.0018804948 0.00010101649 3.8380168e-07 0.0056925975 2.0146701e-06 0.002239179 0.002246867 0.007982942 2.77834e-07 0.0018814411 0.0017194428 0.00039514963 0.00049252715 0.0003236578 4.598495e-06 5.5055357e-06 0.00027677 0.00031198436 2.0516816e-05 0.0022286952 1.11101336e-07 4.5475263e-06 0.0033640754 0.00020943202 4.2989122e-05 7.644481e-06 3.665993e-05 0.0011214832 1.928417e-07
0.9437233 0.00059140805 0.0035038816 0.032685895 0.010950534 0.07941169 0.0004470884 3.1420543e-05 7.865004e-05 0.0012191378 0.0042529125 0.11184248 0.03846629 0.71249515 0.08636068 0.029801873 5.9322436e-05 0.00020881718 0.034557667 0.0065464936 0.00011641251 0.12608956 0.37642902 0.0003187457 2.2508335e-05 8.308019e-05 2.1343657e-18 0.007262185 4.3092765e-05 0.9865021 0.00011043063 4.210265e-06 0.00010148616 0.2625522 0.15117095 0.011725111 1.0171246e-05 1.154231e-06 8.656944e-07 1.2952515e-06 0.014823243 0.001356644 6.308944e-06 0.00014819037 0.9569514 0.00054111425 0.042783227 0.0012866037 0.0070810704 1.6393318e-05 0.13684578 0.28468013 3.6775524e-05 1.7644836e-05 0.48279753 2.693493e-06 3.5032525e-07 0.00025179656 0.13367945 1.764975e-05 2.0479407e-08 5.911024e-06 2.1841014e-07 0.00029395893 0.00082025357 0.42437372 1.4984519e-07 0.055361133 6.906642e-06 3.2576847e-06 2.9743094e-07 6.282391e-07 0.0068830694 0.44520533 8.19313e-06 1.6428861e-05 3.597355e-08 5.3156054e-05 0.0048830686 3.6053264e-06 8.4336726e-08 3.7263953e-07 0.040793847 1.9013626e-07 8.949615e-07 0.19181663 1.6754506e-05 0.00025905613 0.35262698 2.5169629e-09 0.5146548 0.0016078667 1.3984749e-06 2.692359e-07 0.00033052295 0.3251741 0.10845566 0.078269534 0.014564948 7.239044e-06 2.972934e-07
0.48437238 0.02247911 0.1484776 0.4930074 0.16938281 0.05439033 0.04596171 0.007402594 0.02011669 4.499909e-05 0.92219937 0.4467551 0.0007276923 0.04737706 0.6391 0.8767035 3.299241e-05 2.1870644e-06 0.2662847 1.702072e-05 5.0658123e-06 0.1383232 0.004630742 1.6346787e-06 1.999334e-05 1.5230271e-06 0.007262185 2.5988695e-18 5.250501e-07 0.02482332 7.737008e-05 4.663815e-06 0.44682714 0.0051946347 0.06107666 0.52248174 0.00023345658 5.6350615e-05 3.607483e-06 0.07679556 0.077958345 4.6463658e-05 0.000111541136 0.9809287 0.00069230417 0.69492984 0.00017279419 0.09856667 1.0431851e-05 8.49426e-08 0.007871281 0.000104676816 2.6914785e-07 2.7534752e-06 0.00016357003 0.46825433 0.42631447 0.39293632 2.1346352e-06 9.434918e-07 3.6554482e-08 4.966218e-07 0.0001620897 1.0815841e-05 0.04563032 0.0003451237 0.002533607 0.001210875 4.5195597e-07 7.4302545e-07 5.630624e-07 0.0048813624 5.69358e-05 0.0002537736 0.09328625 5.3507966e-07 0.0050513614 2.3472514e-07 1.4906257e-05 4.9970586e-06 0.01587457 5.365871e-07 6.9892245e-05 6.021909e-08 4.177811e-06 3.8958588e-05 3.1282525e-05 5.2942458e-05 0.0003528632 3.4257506e-09 0.00021410779 7.5294965e-06 3.8097656e-05 0.0019755475 1.7229067e-06 0.00027275283 0.0005039342 5.437377e-05 0.000112371585 7.4221566e-06 0.0022623504
0.8900295 0.0067831003 0.0015314962 3.7102007e-05 0.00024604207 0.0028562413 0.00010523786 0.0018731038 0.00014684278 0.08693486 2.7454375e-05 4.3364334e-06 0.178729 0.0007106375 1.2583723e-06 2.8540833e-06 0.062351584 0.56548285 4.3852512e-07 0.18287906 0.9740891 2.6868443e-07 0.008635436 0.96495247 0.06098731 0.17074016 4.3092765e-05 5.250501e-07 3.123677e-16 1.4963234e-06 0.032806363 0.062416952 2.8213124e-05 7.539164e-07 6.990227e-08 1.2172248e-07 2.462424e-05 0.00012247477 0.04579106 4.6372777e-05 5.471129e-09 0.31993622 0.0017547432 7.5137946e-06 9.841875e-05 5.4964545e-08 0.14966126 1.6321628e-08 0.14203471 0.8086666 9.572781e-09 0.0028622444 0.5652879 0.0011717365 0.001397539 1.7330802e-05 3.512655e-06 1.208079e-06 0.009761156 0.43118003 0.022916917 0.14440823 3.4241082e-05 0.59506446 4.2412532e-07 0.00018225363 8.411853e-07 5.9343055e-08 0.08304592 0.029794818 0.011757122 1.937308e-06 0.1967601 0.00022452004 1.5565611e-06 0.058662113 4.420815e-06 0.015114575 0.25049633 0.0002222063 3.5438856e-07 0.006433887 0.1207472 0.004260581 2.2526243e-05 0.014268587 1.1696311e-06 4.3961276e-08 0.0004959287 0.0008142131 3.9594916e-06 0.12613294 2.091512e-06 6.9068426e-07 0.08696061 0.0027200333 2.3795917e-06 8.6069247e-07 2.7733847e-07 4.0335635e-06 7.652103e-08
0.92378306 0.0005341235 0.00072827307 0.015294717 0.003469536 0.0104357675 0.00048000977 0.00022408176 0.000113444155 0.0003226094 0.0045005833 0.338018 0.002771954 0.29252005 0.38124317 0.10642158 3.21491e-05 3.1109557e-05 0.27406123 0.0007130726 1.4630148e-05 0.6895026 0.045361824 2.7160155e-05 5.3113796e-05 0.00037663642 0.9865021 0.02482332 1.4963234e-06 3.7083814e-17 0.00010651362 1.8413968e-05 0.0007124699 0.92103463 0.5475904 0.07010071 2.9455565e-05 2.731877e-05 2.739358e-06 7.734688e-06 0.14337021 0.00011846223 2.8518942e-05 0.00079524005 0.89915353 0.009044604 0.0020619847 0.014274359 0.00027973967 9.316905e-06 0.38960785 0.05424333 2.5044881e-05 4.8654787e-05 0.24733947 2.3168917e-05 1.3525836e-05 0.0019782246 0.046764802 1.7515547e-06 5.8015464e-09 1.1635029e-05 2.232228e-06 1.7901672e-05 0.009222069 0.25040537 1.1288877e-06 0.1559766 2.528686e-06 2.4106766e-06 6.5700027e-07 3.0571146e-06 0.00089126895 0.2514678 2.2800754e-05 6.311845e-06 2.3186478e-06 7.560235e-06 0.0012610179 6.3907064e-06 7.695336e-07 1.5959795e-07 0.010573276 8.734365e-07 2.1402777e-06 0.08399337 0.001258318 0.011122645 0.20935415 7.4267765e-09 0.5759747 0.00034979533 2.1416428e-05 5.6358913e-06 3.443107e-05 0.18054935 0.23956767 0.17417897 0.11063625 8.087467e-06 5.7523903e-06
0.07861563 0.29169062 0.06249876 0.021349018 0.040300995 0.012825353 0.0133667085 0.19466546 0.030503845 0.34371087 0.005978309 0.0022019553 0.012210793 0.003205007 0.0012869302 0.00036894064 0.81061757 0.34200054 6.735791e-06 0.008919611 0.1837381 3.1141572e-06 0.0029489268 0.07853288 0.67272526 0.35234737 0.00011043063 7.737008e-05 0.032806363 0.00010651362 3.684101e-17 0.60559905 0.00010069533 3.2611165e-06 3.2670977e-07 9.280962e-06 0.10642207 0.30730474 0.35533893 0.003114463 1.1830082e-05 0.0033568952 0.97359604 4.064048e-06 1.4540236e-05 2.0020299e-07 0.0025729497 6.2420384e-07 0.0018204275 0.012531505 4.7082854e-06 0.000180473 0.013124746 0.97752523 0.00024320898 3.0100498e-05 3.4667673e-07 2.036218e-05 0.00012252372 0.0052431235 0.10063388 0.0040194043 0.004126263 0.0010637869 2.728227e-05 5.730666e-05 1.22812135e-05 0.000693417 0.00079897896 0.0031880636 0.00040699905 2.2311365e-06 0.0007448933 6.138142e-05 6.286491e-07 0.00025555407 7.980087e-07 0.00086679024 0.0016418603 0.018646201 6.3929586e-09 0.00044183477 0.0014131297 9.495147e-06 0.003286031 0.0002652961 1.2109683e-06 3.7764369e-06 0.00014497984 4.969084e-07 2.4882388e-06 0.0007824295 4.801221e-08 5.8170485e-07 0.00044616303 0.00045750092 0.0030085389 0.00066794414 0.00060610386 0.072842 1.987151e-09
