1.1230306e-24 9.197866e-05 0.0030907462 0.41732794 0.0006029521 8.256556e-06 0.0031566329 0.027173933 0.053421766 0.019316748 0.15225717 0.08041565 2.0376616e-05 0.00085554057 0.7614572 0.0696294 0.50146437 0.32395163 0.0126013905 0.00022878419 0.21947972 0.68622434 0.045673765 0.62867767 0.02672318 0.8156602 0.00013315763 0.41336277 0.040099896 0.5940107 0.041767955 0.9726839 0.39623854 0.548395 0.21495032 0.9707813 0.8697247 0.010056242 0.08386958 0.7250352 0.38141465 0.0040695383 0.9633646 0.88942695 0.51300555 0.0014082979 0.7946441 0.0038215248 0.10837067 0.00030764678 0.78095275 0.8379955 0.8981236 0.98961955 0.00011405043 0.52442104 0.65066516 0.7132558 0.1644712 0.0024415506 0.9488494 0.00045948385 0.41773486 0.43268698 0.8826836 0.86879385 0.8293155 0.6724398 0.33083686 0.98784935 0.58602065 0.99929214 0.06768392 0.97948813 0.025051072 0.8892382 0.7926109 0.5568855 0.99963295 0.50112325 0.0027784859 0.13236472 0.59557045 0.99485284 0.5524093 0.66464674 0.9997639 0.029530669 0.73645395 0.96755654 0.7643198 0.9999095 0.9982564 0.0022150027 0.84901935 0.13031536 0.15810864 0.9812851 3.2693856e-07 0.9999734 0.3123609
9.197866e-05 5.745453e-16 0.91579825 0.3523721 0.73195136 0.893202 0.4538757 0.15238716 0.03428606 0.01825256 0.057341874 0.0082755 0.05034891 0.0056573786 0.0052638077 0.00042362857 0.004828707 0.0052820067 0.047569226 0.0060772016 8.92369e-05 0.0020803423 8.3084466e-05 0.00034265628 0.00089036423 0.0010097902 0.0038161585 0.0012848197 0.000101613994 0.0010227204 3.8125967e-05 1.31983425e-05 0.00029758544 0.00021866348 3.08942e-05 9.7661876e-05 1.9739844e-05 0.0004199554 3.6695765e-06 5.281341e-05 0.00024804132 0.00042625034 0.00021378236 9.0855465e-06 8.310357e-05 7.877397e-05 3.4469376e-05 1.9922896e-07 0.00010451115 1.3359207e-07 2.6592734e-06 5.82754e-06 4.5951474e-05 0.00036337838 1.005907e-06 4.152308e-07 4.5370325e-05 4.075381e-06 8.924758e-06 0.0006324439 1.5819752e-06 7.77954e-06 1.1429983e-05 3.9579213e-06 5.607431e-07 1.7684795e-05 6.768752e-05 1.2584791e-06 3.6529177e-06 3.394077e-05 3.0847215e-05 2.8236489e-05 1.19597535e-05 0.00033231694 8.200241e-05 6.0951334e-05 8.554321e-06 1.0456029e-06 0.0020184398 2.8691366e-06 7.2464854e-07 2.512934e-05 1.7098209e-07 0.00011046982 7.2518474e-06 1.2169393e-05 0.00024144432 5.8554665e-08 2.3527905e-06 5.573776e-06 6.065997e-06 0.0016682353 4.7927464e-05 1.8204491e-05 6.013412e-05 7.5997764e-06 1.7557088e-06 2.5739936e-07 8.051514e-06 0.0005592975 5.791301e-06
0.0030907462 0.91579825 6.263855e-17 0.8623695 0.89379054 0.34705743 0.071389884 0.58019096 0.25154543 0.008587704 0.21319585 0.005522424 0.015367639 0.0012595623 0.10238551 0.0017861914 0.046169363 0.011385412 0.074242935 0.004224701 0.00039534396 0.054871473 0.00013693128 0.010945841 0.0017367129 0.04010951 0.0013375628 0.006667744 0.00011184833 0.0053971447 1.299542e-05 0.0030678317 0.003071765 0.00054215326 1.8682465e-05 0.0008846971 0.0012957342 0.0005440463 1.2454483e-06 0.00027969378 0.0002578811 0.0005558454 0.0003041223 0.0015358584 0.0004721744 9.77573e-05 0.000104208084 1.7050043e-07 0.00012378758 1.0300409e-07 4.937016e-05 0.00021504279 2.9440847e-05 0.0015916582 1.3292203e-06 2.1490357e-06 2.2472132e-05 1.6779482e-05 5.66952e-06 0.0007156945 8.471734e-07 7.253411e-06 3.230121e-06 1.1748778e-06 2.479622e-05 1.32628575e-05 1.4509236e-05 4.9817413e-06 6.9465824e-07 6.4226275e-05 5.105437e-06 9.2528004e-05 1.4423954e-06 0.0003984612 7.231478e-05 3.012784e-05 3.07017e-05 1.3856888e-06 0.0021947839 6.930444e-07 9.2707005e-06 5.707709e-07 4.772081e-07 0.00025012053 1.0709873e-05 8.816824e-07 0.000101841106 4.160636e-07 6.2068784e-07 3.4911411e-06 8.1834514e-07 0.00059401046 6.4495915e-05 1.591325e-06 5.169906e-06 5.353741e-07 6.1044756e-07 9.104702e-07 2.7196205e-07 0.0001634442 2.9453472e-06
0.41732794 0.3523721 0.8623695 4.9139367e-15 0.19214171 0.012590069 0.6524368 0.7368668 0.69762975 0.4704661 0.5424269 0.5378817 0.0032016097 0.050590057 0.74039006 0.34627318 0.6172047 0.57413083 0.08903687 0.00077828986 0.10542808 0.34965917 0.08784569 0.14667068 0.0033198865 0.25379342 0.009002789 0.017103512 0.0009720541 0.2649742 0.0015656846 0.020722989 0.0078310445 0.07568204 0.009058558 0.05421508 0.02666905 0.0014179782 0.00044252022 0.0003172279 0.00038556318 0.0002594854 0.04978002 0.008658827 0.012096302 0.0019614575 0.01262277 1.0637763e-05 0.00013355481 6.3007305e-06 0.0006881251 0.00015923422 0.004805031 0.24224024 2.6646885e-06 0.000112385416 0.0035517258 0.00028386732 0.0006737562 0.0012487005 3.3796023e-06 0.00010446561 9.401814e-06 6.678779e-06 0.00055921933 0.0004990389 0.008484215 5.6727833e-05 2.2630084e-06 0.037406214 0.0016485057 0.0076227547 1.2999664e-06 0.006686589 0.0065048407 0.0001719455 0.0006488676 2.0482192e-05 0.06958019 7.805108e-07 1.0582768e-05 0.00020300242 6.8848017e-06 0.0035165723 0.00018530794 4.776302e-05 0.0051236236 4.3914097e-06 1.763941e-06 9.2849325e-05 2.8943348e-06 0.026667988 0.00043785863 4.898808e-06 2.251192e-05 3.279291e-05 1.4073756e-05 3.304954e-05 1.104826e-07 0.0032744908 4.154021e-06
0.0006029521 0.73195136 0.89379054 0.19214171 8.930864e-17 0.91214085 0.0041693356 0.62058765 0.1697511 0.0002884223 0.53351176 0.00016512765 0.32623136 0.00020671707 0.012099111 3.240035e-05 0.003033674 0.0011179337 0.48596054 0.07343005 6.618322e-06 0.023637954 5.7732334e-05 0.0032203582 0.006341134 0.015277406 0.0001574118 0.015645137 0.0013223825 0.00014725032 1.2360985e-05 0.0026293653 0.0050649242 1.8579538e-05 1.7188704e-05 4.9447386e-05 0.00053958455 0.00044046008 1.7935877e-06 0.00039020964 0.002755337 0.0008073577 6.891473e-05 0.00044798636 4.8647733e-05 2.7408503e-06 4.507692e-05 2.907936e-08 0.0004957083 2.1530377e-08 0.0002040562 0.00047738274 1.6596952e-05 0.00018059438 3.4599532e-07 5.009426e-06 2.705406e-05 6.1626895e-05 4.665866e-06 0.0005854203 9.979397e-06 5.4537586e-06 1.5861773e-05 7.896423e-06 3.1246003e-05 5.6592962e-05 8.889167e-06 4.2235524e-06 1.2949262e-05 5.632966e-05 6.314181e-06 8.604968e-06 9.937609e-06 0.00019628441 0.0001191644 0.0001044681 5.0573533e-05 8.42165e-06 0.0041655144 5.61492e-06 8.5348574e-07 2.128481e-05 3.2346306e-06 0.00018231379 3.030359e-05 8.275318e-06 8.540134e-05 7.027109e-08 1.0294272e-05 1.2143111e-05 2.0318788e-05 0.0009061392 0.00013123507 8.230745e-06 3.6285877e-05 2.210299e-06 3.8451626e-06 3.968754e-06 5.546462e-06 0.00021623165 1.574892e-05
8.256556e-06 0.893202 0.34705743 0.012590069 0.91214085 2.8366223e-15 0.005658668 0.19821015 0.028432509 0.00018731857 0.15811951 2.8959379e-05 0.45884424 4.5221852e-05 0.0005276876 1.4889139e-05 0.00012495767 0.00029374933 0.13551888 0.033952057 9.368662e-06 0.00073512294 5.195219e-05 0.00015117861 0.0014975963 0.0003917182 5.8710648e-05 0.0033157177 0.00030583364 4.4036704e-05 8.824089e-06 3.6230584e-05 0.00020828095 1.600247e-05 9.042555e-05 7.3486744e-06 6.896571e-06 0.00029932137 2.1367048e-06 4.296813e-05 0.000220882 0.00029908255 0.00014819123 1.9725287e-06 0.0002715017 2.0776654e-06 0.00019412514 5.92075e-08 0.000104756815 5.8802907e-08 1.3925193e-06 1.2411567e-05 0.00013120355 0.00031296987 7.6520047e-07 1.4534571e-06 0.0001854913 3.532772e-06 9.905401e-06 0.0014521695 6.291496e-06 6.0298018e-05 3.1886032e-06 3.1802424e-06 2.5902846e-06 0.00010506437 0.00018670577 2.6680577e-06 7.63906e-06 2.4298211e-05 6.5978975e-06 6.162251e-06 8.449727e-06 0.0002614692 0.0002562777 6.1604325e-05 3.0065037e-05 5.715185e-06 0.0087902155 3.4924465e-06 5.1022806e-07 2.4297331e-05 8.419028e-07 0.00019635404 2.7183838e-05 9.501824e-06 8.660544e-05 9.033021e-09 1.4856151e-06 3.33247e-05 2.2452969e-06 0.0013564519 5.636104e-05 2.1104153e-05 5.025937e-05 1.2753632e-05 7.475659e-07 8.061474e-07 1.2502687e-05 0.00053624465 1.8047094e-06
0.0031566329 0.4538757 0.071389884 0.6524368 0.0041693356 0.005658668 1.7941318e-17 0.0063833455 0.0046735154 0.979231 0.00034342444 0.37742537 4.344375e-05 0.95080453 0.021686591 0.3118516 0.059510197 0.20968708 0.00014478945 4.443971e-06 0.055015314 0.0013650024 0.13715704 0.00050839735 6.7046503e-06 0.00014684026 0.38594303 0.00015312427 3.519949e-06 0.012226202 0.02346764 6.0324846e-06 8.144138e-06 0.0114228465 0.0033314975 0.00051011937 3.714931e-05 1.4010071e-06 0.0010109971 1.782112e-05 5.3988922e-05 2.8696633e-07 0.002692964 3.2933985e-06 0.0093463035 0.028964173 0.0028188636 0.00030992454 0.00024227814 6.969489e-05 0.0003690293 6.163336e-05 0.001151237 0.0012218126 5.8291604e-05 4.16049e-05 0.0006609936 5.2966046e-05 0.00022798548 7.985348e-05 7.461859e-06 3.9094364e-05 7.8685756e-05 1.094227e-05 1.23577565e-05 0.0011889876 0.0008468948 1.9844621e-05 6.1457126e-06 4.804105e-05 0.00024754013 1.2404431e-05 0.0001999383 0.0005745181 0.0001426656 0.00014916205 7.078048e-05 7.0203914e-06 0.00525687 1.0519952e-06 2.9677628e-06 4.0419254e-05 5.71787e-07 0.00012028138 9.799041e-06 4.6956695e-05 0.000996279 2.9928495e-07 4.804171e-06 3.596055e-06 1.152086e-05 0.0052879187 6.1701253e-06 1.959099e-05 8.440046e-06 1.7474795e-05 9.5262254e-07 1.3923453e-06 1.2145781e-06 0.00010535414 1.4646724e-06
0.027173933 0.15238716 0.58019096 0.7368668 0.62058765 0.19821015 0.0063833455 1.4546757e-14 0.9860644 0.00082336273 0.813665 0.000571772 0.09210367 4.966175e-05 0.118059546 0.000104622435 0.02971444 0.0046841325 0.361126 0.043381654 3.3270175e-05 0.37218 5.289896e-05 0.055706836 0.0243718 0.30941385 2.6451988e-05 0.11434814 0.012027294 0.006224995 6.349803e-06 0.06637948 0.040729318 0.00027941546 4.12484e-06 0.0021070007 0.020966522 0.007195846 2.4353578e-06 0.0072413883 0.019610114 0.0047991183 0.00042635034 0.011298592 0.00016399677 2.3631032e-06 0.00015150652 1.273335e-07 0.00047622458 2.3335316e-07 0.0007870553 0.0011892905 0.000111767935 0.004923989 1.6583053e-06 6.079204e-05 3.7349844e-05 0.00024235023 1.0633442e-05 0.007202695 1.660243e-05 1.5446725e-05 2.6903468e-05 6.848206e-05 0.00022508475 3.8909984e-05 3.4729554e-05 3.700621e-05 8.720935e-06 0.0003747113 2.9092205e-06 0.0002924682 3.495174e-05 0.00044751028 0.00031112036 6.887077e-05 3.409451e-05 6.270268e-06 0.002473032 3.2664266e-06 3.9811307e-06 4.543735e-05 1.546226e-05 0.00037159605 5.6266754e-06 5.650918e-06 0.00014518572 4.7330914e-08 7.3469437e-06 5.5825407e-05 1.1487008e-06 0.0009848804 0.0003207999 1.0397396e-05 2.6674395e-06 2.167858e-06 9.099604e-06 4.210658e-06 3.7043637e-07 0.0004963055 1.7232995e-06
0.053421766 0.03428606 0.25154543 0.69762975 0.1697511 0.028432509 0.0046735154 0.9860644 8.5198425e-17 0.0007675774 0.7971161 0.0004171736 0.006373854 4.3825712e-05 0.157965 8.646201e-05 0.03599281 0.00604168 0.22128037 0.008365697 2.3899705e-05 0.6092512 5.830456e-05 0.2685523 0.019928027 0.49288818 1.2191069e-05 0.24732609 0.004939411 0.015581023 4.083563e-06 0.11174367 0.05226668 0.00012407928 3.6516467e-06 0.0047325166 0.060831487 0.0021205842 8.823512e-07 0.005839836 0.020094482 0.0018723044 0.00030281994 0.050786424 0.00016355801 4.433401e-06 9.108203e-05 7.086112e-07 0.00021910832 2.1669413e-07 0.0043213842 0.004824463 1.95253e-05 0.063454874 1.7768588e-06 0.0008595218 1.2174233e-05 0.0002765278 4.874663e-06 0.0020360823 2.1204326e-06 4.229953e-06 4.4073954e-06 8.820386e-06 0.00087582454 8.520097e-05 1.2082995e-05 0.00017977403 1.9974216e-06 0.002534993 1.9119188e-06 0.0019623379 1.2211292e-05 0.0005862424 0.00013338756 3.0250776e-05 2.6340718e-05 1.7553917e-05 0.00546647 1.1097421e-06 2.7064393e-06 2.239447e-05 2.4587773e-05 0.0007164686 1.2327082e-05 1.2192527e-06 0.00016283835 1.1681574e-08 1.1099855e-06 8.672032e-05 6.4501273e-07 0.0012661585 0.00048467482 5.494838e-07 2.8415374e-07 5.189123e-07 1.7817628e-06 2.0849808e-05 1.2455e-07 0.00054466305 2.1888994e-07
0.019316748 0.01825256 0.008587704 0.4704661 0.0002884223 0.00018731857 0.979231 0.00082336273 0.0007675774 5.541964e-15 9.862818e-05 0.8833731 1.3465205e-05 0.74049324 0.027134176 0.72056174 0.07899955 0.4444525 2.0121117e-05 6.081126e-06 0.14591596 0.0035549281 0.3547277 0.0021481905 8.336587e-06 0.0012008196 0.18471582 3.7187416e-05 5.079934e-06 0.056538243 0.07497724 4.4467157e-05 2.7865532e-05 0.07922311 0.01593778 0.0036332207 0.00020124753 4.454271e-05 0.010843738 7.5679505e-05 9.2664886e-05 1.3595367e-06 0.012351136 0.00014125802 0.038036346 0.02154365 0.013954714 0.0004194415 8.49924e-05 0.00010768542 0.00021286789 0.00023706627 0.0024719546 0.0013828856 0.000103563616 2.7397931e-05 0.004436946 8.517896e-05 0.001783895 3.3628115e-05 4.829084e-05 0.00014445416 9.276418e-05 6.44117e-05 5.4135086e-05 9.321984e-05 0.002521402 4.252213e-05 3.1712036e-05 0.000566283 0.002106901 0.00016694528 6.0922277e-05 0.0030941544 0.00039776962 8.2425635e-05 7.353747e-05 6.9474013e-06 0.0074124103 6.9411763e-06 2.2961663e-05 2.7023736e-05 7.1442366e-07 0.00043062874 1.5096991e-05 2.5911235e-05 0.0032676498 6.53966e-05 3.5167097e-05 8.617582e-06 2.4283316e-05 0.0041990695 4.8486963e-05 8.925571e-05 0.00014600647 1.4556372e-05 6.902809e-06 6.3789125e-06 3.0452366e-08 0.00042764348 6.153363e-05
0.15225717 0.057341874 0.21319585 0.5424269 0.53351176 0.15811951 0.00034342444 0.813665 0.7971161 9.862818e-05 9.313521e-17 6.1315484e-05 0.42324844 2.4088484e-05 0.0847811 1.9673125e-05 0.018004144 0.0006733868 0.9709398 0.3985034 2.841078e-06 0.6038866 2.236303e-05 0.14310218 0.45301574 0.4708968 3.9394443e-05 0.64067215 0.19240539 0.0022786073 1.9770373e-06 0.2637815 0.2001494 1.6859138e-05 3.669776e-06 0.0011868997 0.0507936 0.047581997 3.9546927e-07 0.04552012 0.13086131 0.05572659 0.00021478372 0.045525808 5.1955263e-05 9.908457e-07 5.0260278e-05 9.828832e-08 0.003898483 2.9759875e-08 0.0027831562 0.006970009 4.4318138e-05 0.0069557847 1.3183115e-06 0.0002065667 1.3984996e-05 0.0011047092 3.2881233e-06 0.046785243 9.0717855e-05 7.0625765e-06 0.00018078514 8.591844e-05 0.00035113725 4.3695756e-05 1.2479898e-05 3.9676015e-05 9.606157e-06 0.0009206366 1.8697757e-07 0.00030018183 6.882127e-05 0.00017682173 0.007370444 4.727838e-05 2.7539996e-05 4.3291493e-06 0.001857991 1.894986e-06 1.1014065e-06 6.2984094e-05 1.7543642e-05 0.0008193718 8.966143e-06 7.914653e-06 1.8434755e-05 3.024929e-08 3.2553432e-06 5.0159535e-05 4.804091e-07 0.00093978795 0.00032676136 5.5006785e-05 1.491828e-06 3.1594022e-06 2.0293806e-05 1.8509174e-06 4.238101e-06 0.0004253105 1.7766978e-06
0.08041565 0.0082755 0.005522424 0.5378817 0.00016512765 2.8959379e-05 0.37742537 0.000571772 0.0004171736 0.8833731 6.1315484e-05 3.6575495e-18 2.086788e-06 0.33448952 0.09405334 0.97708416 0.24441648 0.87566465 6.073244e-06 5.790881e-06 0.40648094 0.007835676 0.65165055 0.0074386043 6.821045e-07 0.0017001961 0.048639227 1.9873956e-05 4.788228e-07 0.28985253 0.10444803 8.211353e-05 3.769602e-05 0.41537175 0.022210969 0.021015823 0.0015038113 1.5464345e-06 0.026206672 1.7078555e-05 2.4580906e-05 6.160932e-07 0.12916541 0.00022769214 0.15059909 0.009878506 0.06811114 0.00038430878 9.241428e-06 8.826575e-05 0.0004681973 5.1319807e-05 0.02140898 0.0057913647 2.776555e-05 2.9260085e-05 0.011676832 3.8220256e-05 0.0069698193 9.987489e-06 6.0029726e-07 3.3158234e-05 2.5417542e-06 8.78891e-07 6.9827416e-05 1.139735e-05 0.0026572759 3.8311255e-06 7.4382024e-07 0.007818981 0.0031718966 0.0007006853 1.4433689e-05 0.005026146 3.4722038e-05 2.0336126e-06 5.170794e-06 1.0836443e-06 0.040546637 3.0846624e-07 1.03111615e-05 1.1817842e-06 7.3526877e-07 0.0005981118 2.4411033e-06 7.420447e-07 0.005110206 2.966965e-06 4.4941146e-07 2.779998e-06 4.2584907e-07 0.018175626 4.4681965e-05 8.122544e-06 4.4751323e-06 2.0456405e-07 2.6076718e-06 5.2274163e-06 1.1713748e-08 0.0003277613 1.8022412e-06
2.0376616e-05 0.05034891 0.015367639 0.0032016097 0.32623136 0.45884424 4.344375e-05 0.09210367 0.006373854 1.3465205e-05 0.42324844 2.086788e-06 4.0798438e-16 1.32311225e-05 0.00017146782 6.174569e-06 2.0558164e-05 7.538942e-05 0.7437227 0.97723067 9.882426e-06 0.0011887173 3.5049372e-05 0.00016789368 0.13959903 0.0008059584 2.001238e-05 0.015739037 0.03858484 2.3662931e-05 8.223575e-06 9.3522234e-05 0.0009170855 2.1396483e-05 4.6871508e-05 5.0370763e-06 9.542152e-06 0.009735246 2.565073e-06 0.00040879444 0.0011070225 0.010644496 8.2012106e-05 2.709515e-06 0.00068751903 1.7105076e-07 0.00010973228 6.0735275e-08 0.0010029229 2.5181887e-08 8.970573e-06 6.595711e-05 7.233182e-05 0.0001319845 4.214304e-07 8.532627e-07 0.00048610516 1.10342135e-05 1.16791525e-05 0.0056396876 1.3435357e-05 1.1551467e-05 5.0935978e-05 2.7571687e-05 4.2464967e-06 0.00012854207 0.00035087919 3.6661977e-06 1.7002827e-05 2.1717162e-05 1.8390418e-05 7.1489494e-06 1.2516382e-05 0.00029291425 0.0007274956 4.826294e-05 3.9090668e-05 7.563495e-06 0.0064378977 1.2922196e-05 2.9033805e-08 4.20327e-05 1.0025198e-06 0.00022950576 3.2855765e-05 6.0835246e-05 0.000117501004 1.1201858e-08 1.9134181e-06 5.6021134e-05 7.767257e-06 0.0008871261 7.7563054e-05 0.00010871212 6.67206e-05 5.0063903e-05 6.348398e-06 1.5801417e-06 2.6133841e-05 0.00056707795 2.6037143e-05
0.00085554057 0.0056573786 0.0012595623 0.050590057 0.00020671707 4.5221852e-05 0.95080453 4.966175e-05 4.3825712e-05 0.74049324 2.4088484e-05 0.33448952 1.32311225e-05 2.4297254e-17 0.00084020046 0.53856134 0.00226307 0.044740647 1.5870035e-05 3.594855e-06 0.02784336 4.7500194e-05 0.19608742 4.2286887e-05 2.8601155e-06 1.6898672e-05 0.9010812 9.705387e-06 8.324209e-06 0.0047866083 0.07922776 7.048158e-06 2.5983204e-06 0.012198158 0.006994776 0.0002868349 5.329567e-06 6.0032465e-07 0.013043626 7.4281047e-06 1.2245088e-05 5.1819793e-08 0.0017671891 4.913322e-06 0.015394226 0.10241427 0.0047162515 0.000603252 6.4864354e-05 0.00013638586 1.2729015e-05 6.7802157e-06 0.0019250592 0.0004049982 0.00027328925 2.2400782e-06 0.0031366772 1.437325e-05 0.0024870064 1.2268244e-05 3.300278e-06 0.00019508315 1.0083722e-05 7.813341e-06 1.5264726e-05 0.00023067137 0.0016975509 8.22887e-06 5.7305915e-06 5.8773283e-05 0.0015821392 4.772223e-05 4.776637e-06 0.0018982283 4.592035e-06 5.8225934e-05 5.129138e-05 6.0436214e-06 0.006377164 7.698888e-07 2.343941e-05 1.3521147e-06 2.9161663e-07 0.00044749278 5.729934e-05 5.6290964e-06 0.00096880435 1.1688235e-05 1.3621062e-06 9.5625444e-05 5.928955e-06 0.001927859 0.00037811688 2.1508092e-06 2.882886e-06 1.4965119e-06 4.413754e-08 1.3547582e-06 1.0953769e-08 0.00061987777 7.118954e-08
0.7614572 0.0052638077 0.10238551 0.74039006 0.012099111 0.0005276876 0.021686591 0.118059546 0.157965 0.027134176 0.0847811 0.09405334 0.00017146782 0.00084020046 2.3751177e-16 0.020954682 0.988182 0.23915389 0.0061151655 0.00016308032 0.034260936 0.2547425 0.014856587 0.42375556 0.0024999783 0.16295199 0.00016287112 0.008122964 0.0003364828 0.15395153 0.00029120437 0.02286629 0.0051382123 0.03531074 0.00065052556 0.2862266 0.07739048 0.00024983753 4.6924688e-05 0.00014140653 0.00023806722 2.1488033e-05 0.025844214 0.017288908 0.00593023 0.00027403326 0.0062690726 7.54449e-06 4.02487e-05 1.0870346e-05 0.0012766485 2.0627036e-05 0.0034976986 0.3479684 1.1827336e-06 0.0009816234 0.0019363037 0.00013190159 0.0011700504 8.0051956e-05 1.4014507e-06 1.9965416e-06 7.3756005e-06 1.0439683e-05 0.010857289 0.00037729074 0.0032852367 0.0014732279 3.8505714e-06 0.25953844 0.0038265595 0.069182284 6.9811067e-06 0.0068503 0.0008216688 2.463164e-05 2.3669181e-05 0.00020270854 0.1703158 1.225839e-06 7.8800645e-07 7.5213725e-06 0.00047475897 0.027615754 3.399983e-05 2.7520052e-06 0.012899757 1.7806025e-06 2.2956594e-06 0.0011007051 3.557707e-06 0.03926279 0.0028015575 1.083622e-05 1.0590886e-05 1.025693e-06 8.6971517e-07 0.00017145424 2.0146143e-08 0.0135053685 4.7174746e-07
0.0696294 0.00042362857 0.0017861914 0.34627318 3.240035e-05 1.4889139e-05 0.3118516 0.000104622435 8.646201e-05 0.72056174 1.9673125e-05 0.97708416 6.174569e-06 0.53856134 0.020954682 5.221187e-16 0.05767504 0.71799845 4.044125e-06 4.1953585e-06 0.59260786 0.0006089745 0.9090476 0.0010645533 9.554531e-07 0.0004423738 0.16538091 4.421924e-06 7.041939e-07 0.18160975 0.2735654 1.21956045e-05 8.536921e-06 0.45939782 0.082195394 0.015235597 0.00018185657 7.7055284e-07 0.09346023 3.3374708e-06 4.214881e-06 2.2217269e-07 0.14130811 3.381174e-05 0.32121012 0.035046868 0.1299302 0.006992902 9.051429e-06 0.0010542581 9.872087e-05 8.02753e-06 0.046751466 0.00092555594 0.00022354728 2.721835e-06 0.05202592 2.211138e-06 0.014306747 4.413178e-06 3.52389e-07 0.00014622914 7.040482e-07 5.672794e-07 7.817322e-06 1.0762727e-05 0.012643992 7.403963e-07 2.8379108e-07 0.0018507914 0.008698256 0.0007368773 1.5258584e-05 0.007683644 2.3714552e-05 3.2306028e-07 2.9610878e-06 4.2953994e-07 0.02045104 1.7796764e-07 3.9212842e-05 2.5149785e-07 8.69024e-08 0.00014921882 1.1719582e-06 3.3543142e-07 0.006073482 5.5604945e-05 2.437499e-07 2.0415544e-06 7.0270964e-08 0.016446954 3.926568e-05 4.17525e-06 1.6831721e-06 2.9793057e-07 2.9440568e-07 1.0776349e-06 1.5951347e-09 0.00033158157 1.9661198e-07
0.50146437 0.004828707 0.046169363 0.6172047 0.003033674 0.00012495767 0.059510197 0.02971444 0.03599281 0.07899955 0.018004144 0.24441648 2.0558164e-05 0.00226307 0.988182 0.05767504 1.2325413e-18 0.9624621 0.0014200832 1.2930294e-05 0.21076776 0.10677221 0.09601116 0.23427221 7.995011e-05 0.07177297 0.0007732287 0.0017668993 1.3851585e-05 0.54077315 0.0025487328 0.0035271437 0.0009102346 0.20528203 0.0053018555 0.44545785 0.045050453 1.0736442e-05 0.00020263375 1.8146146e-05 4.1696454e-05 3.9657286e-07 0.09011639 0.0066194055 0.019981554 0.0014186822 0.01417816 1.0937575e-05 2.583047e-06 3.4119526e-05 0.00023732279 5.4908064e-06 0.006083929 0.2618302 2.2982967e-06 0.00034124035 0.002069297 1.983535e-05 0.0016062076 3.7730082e-05 3.287852e-07 3.9044976e-06 1.004542e-06 1.187707e-06 0.006767006 0.000121200945 0.003014148 0.00041706237 6.372792e-07 0.24675168 0.0053746933 0.08680717 2.4806166e-06 0.011622753 0.0001412518 1.3965804e-05 1.0467099e-05 4.8844286e-05 0.25189805 6.56854e-08 1.002997e-06 8.061767e-07 7.617356e-05 0.016745793 5.1157845e-06 5.2181645e-07 0.015041169 2.0476734e-06 4.1872426e-07 0.0003242389 1.9491429e-06 0.047905423 0.0015214892 6.7736228e-06 9.472152e-07 2.7599836e-07 1.2213806e-07 0.00010674729 4.749511e-09 0.00634418 1.8628307e-07
0.32395163 0.0052820067 0.011385412 0.57413083 0.0011179337 0.00029374933 0.20968708 0.0046841325 0.00604168 0.4444525 0.0006733868 0.87566465 7.538942e-05 0.044740647 0.23915389 0.71799845 0.9624621 2.6665393e-15 0.00012880383 5.3003332e-05 0.95108944 0.009473106 0.7090911 0.013244865 1.02377035e-05 0.0026995868 0.010177873 8.38579e-05 5.1104057e-06 0.7907191 0.022502279 5.4048476e-05 1.2489495e-05 0.52254826 0.024626022 0.2206033 0.0033634566 7.276503e-06 0.008560573 3.1002974e-06 6.983924e-06 1.4471268e-06 0.23531589 0.0005645042 0.07547532 0.004124416 0.051401675 0.00019307458 4.0302974e-05 0.00010186413 0.00014825979 5.0958693e-06 0.023021234 0.06126116 6.1584965e-06 6.0108265e-05 0.006475036 5.6692434e-06 0.0021754 0.0001328275 8.8834206e-08 0.00011255188 1.0810411e-06 1.9244312e-06 0.00054085965 0.00019151655 0.0054110005 3.2754964e-05 1.5641047e-07 0.0722794 0.0032030146 0.009072486 2.9953583e-06 0.0068923077 0.00033804937 6.8461522e-06 1.4367632e-05 9.7216625e-06 0.08844252 2.5678276e-07 8.649026e-06 1.0476117e-05 3.4341676e-05 0.0017642288 5.3501512e-06 2.5034556e-06 0.007075595 2.9239443e-05 2.579716e-06 4.8225353e-05 1.5096235e-06 0.023061132 0.00031602822 9.328524e-06 1.36169e-05 5.1581997e-06 2.1096694e-06 2.4186547e-05 3.9303348e-08 0.0005221072 1.5174844e-06
0.0126013905 0.047569226 0.074242935 0.08903687 0.48596054 0.13551888 0.00014478945 0.361126 0.22128037 2.0121117e-05 0.9709398 6.073244e-06 0.7437227 1.5870035e-05 0.0061151655 4.044125e-06 0.0014200832 0.00012880383 4.0467624e-18 0.8173357 3.814883e-06 0.078479834 2.538926e-05 0.0077168946 0.8174045 0.07337541 1.0999468e-05 0.6093949 0.58831966 0.00020354931 1.4063651e-05 0.043793708 0.066105716 9.135253e-06 6.117457e-06 8.237636e-05 0.0042877467 0.21253705 2.6174573e-07 0.0157313 0.10614353 0.18040232 0.0001122574 0.003970857 1.3452306e-05 3.2649453e-07 3.0193049e-05 1.750768e-08 0.02329186 1.1233562e-09 0.001031456 0.0038437496 4.2739393e-05 0.00048208222 5.183272e-07 2.045461e-05 1.2977238e-05 0.0015118596 9.988199e-07 0.112766095 0.0003133901 6.193843e-06 0.00069673697 0.0003914077 0.00010439848 7.655253e-05 2.0155418e-05 4.214093e-06 5.5435095e-05 0.00017081594 2.0026687e-06 2.3755068e-05 0.00046262285 0.00012108092 0.019823007 9.44492e-05 4.3469652e-05 3.4370325e-06 0.0010943146 8.199165e-06 7.1427786e-07 0.00040770878 4.286579e-06 0.00014261091 9.09923e-06 3.315605e-05 2.648508e-05 4.1762295e-08 1.7090604e-06 2.1536962e-05 7.826526e-06 0.0002748158 8.5885185e-05 0.0004639525 5.8399633e-06 2.153721e-05 3.7875692e-05 1.7283638e-06 2.7861333e-05 0.00019715753 9.824418e-06
0.00022878419 0.0060772016 0.004224701 0.00077828986 0.07343005 0.033952057 4.443971e-06 0.043381654 0.008365697 6.081126e-06 0.3985034 5.790881e-06 0.97723067 3.594855e-06 0.00016308032 4.1953585e-06 1.2930294e-05 5.3003332e-05 0.8173357 3.5984588e-16 3.0280316e-06 0.0041744006 1.5505659e-05 0.00038078733 0.49032235 0.003153284 5.2110804e-06 0.11984701 0.37302274 1.8570945e-05 1.3665191e-05 0.00062901643 0.004778925 8.903396e-06 3.683519e-05 4.6236173e-06 2.4911986e-05 0.0678167 1.6800017e-06 0.0022126108 0.009308068 0.09022442 2.72132e-05 1.896359e-05 0.00040676058 8.719396e-08 2.6890131e-05 6.4009534e-08 0.011623629 1.7341607e-08 1.940142e-05 0.000119904005 1.9508212e-05 0.00037261308 2.8836627e-07 1.5673098e-06 0.00012036767 1.3512929e-05 4.6258046e-06 0.045329694 4.7872607e-05 1.1581609e-06 0.00035568522 0.00011831172 3.7865598e-06 5.9756527e-05 9.775999e-05 2.264662e-06 3.0220011e-05 7.033375e-05 1.3872617e-05 1.12550315e-05 2.7410631e-05 6.426641e-05 0.006648257 5.2777108e-05 2.42214e-05 3.0325489e-06 0.0032585612 1.7735954e-05 4.3809685e-08 0.00029992088 3.396732e-07 0.00024852745 8.992414e-06 6.296145e-05 0.00012322834 9.92195e-09 6.0647353e-06 1.3112715e-05 4.7795347e-06 0.00094271527 5.3243984e-05 0.0009707206 6.9762595e-05 0.00022044765 3.7799917e-05 3.5390206e-06 7.59347e-05 0.00035037476 5.6153087e-05
0.21947972 8.92369e-05 0.00039534396 0.10542808 6.618322e-06 9.368662e-06 0.055015314 3.3270175e-05 2.3899705e-05 0.14591596 2.841078e-06 0.40648094 9.882426e-06 0.02784336 0.034260936 0.59260786 0.21076776 0.95108944 3.814883e-06 3.0280316e-06 1.8025424e-17 0.0015009207 0.968113 0.005218663 1.0513141e-06 0.0003971175 0.00674253 7.6403485e-06 2.7965884e-06 0.6271772 0.13067985 1.8519442e-05 5.0118297e-06 0.9015247 0.07594549 0.0575709 0.00094173127 1.1714106e-06 0.03500645 1.914028e-06 4.882274e-06 2.2276463e-07 0.45012915 7.046656e-05 0.44510415 0.0049879407 0.16893035 0.0006649715 1.827135e-05 0.00014399819 2.4948908e-05 5.0760746e-06 0.08734354 0.0051946198 5.1036575e-05 1.7507722e-05 0.02707436 4.019176e-06 0.018038759 1.0309815e-05 4.7704045e-08 9.2427996e-05 4.9425694e-07 2.710398e-07 7.793639e-05 2.4656422e-06 0.0061715557 2.5819877e-06 6.806363e-08 0.026951049 0.007675474 0.0036144552 1.6785692e-05 0.012900673 7.4959235e-06 5.099323e-07 9.4646117e-07 4.0329462e-07 0.09867815 3.5823323e-08 4.4564995e-06 4.4126037e-07 5.0195854e-07 0.0004012843 3.3663315e-07 4.3476325e-07 0.0075669833 5.6152257e-06 6.8906274e-08 6.0666157e-06 1.2952441e-08 0.024686635 9.659849e-05 4.5821266e-06 9.276032e-08 5.107777e-07 3.1714214e-07 8.137954e-07 4.634112e-09 0.00024891074 6.680591e-07
0.68622434 0.0020803423 0.054871473 0.34965917 0.023637954 0.00073512294 0.0013650024 0.37218 0.6092512 0.0035549281 0.6038866 0.007835676 0.0011887173 4.7500194e-05 0.2547425 0.0006089745 0.10677221 0.009473106 0.078479834 0.0041744006 0.0015009207 1.9559014e-18 0.00044131617 0.9852616 0.031123145 0.84030545 8.294881e-06 0.031157028 0.007553389 0.02801034 3.1030177e-05 0.09435749 0.026566165 0.0028703436 6.467676e-05 0.047081884 0.3023364 0.006612925 4.0448576e-06 0.0029241578 0.0043321312 0.0006680582 0.0046959673 0.06317685 0.0006572375 2.6021542e-06 0.0004895929 1.0163619e-06 0.00074201013 2.634552e-07 0.0058469605 0.000100010286 0.0004543978 0.56559986 3.1476355e-07 0.005814223 0.00022883023 6.7864035e-05 6.573068e-05 0.001287321 1.617468e-05 9.550637e-06 3.9106817e-05 6.966905e-05 0.02196427 0.00015265812 0.0003848984 0.0024657624 2.6256e-05 0.116210446 0.00038449885 0.114250235 4.1018237e-05 0.002547755 0.0046314863 2.08137e-06 1.4098795e-05 5.1466748e-05 0.04198102 4.420706e-06 8.883221e-07 5.2205232e-05 0.00035321066 0.01858939 7.694635e-06 1.7573113e-05 0.0033127863 2.0587176e-07 1.0432099e-05 0.0023846612 2.3726188e-06 0.0078670075 0.005169584 2.2785649e-05 2.1843847e-05 1.1945437e-05 3.810505e-06 0.00039544975 4.5329255e-08 0.0075939526 1.2322446e-06
0.045673765 8.3084466e-05 0.00013693128 0.08784569 5.7732334e-05 5.195219e-05 0.13715704 5.289896e-05 5.830456e-05 0.3547277 2.236303e-05 0.65165055 3.5049372e-05 0.19608742 0.014856587 0.9090476 0.09601116 0.7090911 2.538926e-05 1.5505659e-05 0.968113 0.00044131617 3.876685e-15 0.0015324933 4.4464723e-06 0.00046158413 0.038831297 9.291398e-05 6.3983903e-06 0.1860607 0.4194945 4.8207326e-05 1.8736439e-05 0.6905029 0.24433286 0.011447765 0.0005998792 3.0731564e-06 0.19138862 1.2143691e-05 3.11975e-05 2.7125645e-07 0.18705568 3.394786e-05 0.45408466 0.021045346 0.14292629 0.0074871397 6.540009e-05 0.0009061582 5.4715525e-05 1.5923792e-05 0.05374217 0.00070958433 0.00026482466 5.0068847e-06 0.055850238 8.745838e-06 0.021684822 1.7350418e-05 5.8734895e-07 0.00017929035 1.0350694e-06 1.0758226e-06 1.26363075e-05 0.000119157914 0.014849978 2.2894678e-06 4.6175533e-08 0.0012360764 0.009814885 0.0004923397 3.209235e-06 0.009990401 4.9978706e-05 1.3069414e-06 6.6359357e-06 1.143097e-06 0.012369355 3.4639264e-08 3.7487913e-05 9.0054283e-07 2.5829644e-07 0.00011074998 6.2001874e-07 6.899014e-07 0.0037518796 3.6894224e-05 7.0872204e-07 4.883611e-06 6.3760595e-08 0.009575215 4.1064734e-05 3.0052743e-05 8.878623e-07 4.632692e-06 1.0996017e-07 2.5543355e-07 1.1562133e-09 0.00023855858 3.8032022e-07
0.62867767 0.00034265628 0.010945841 0.14667068 0.0032203582 0.00015117861 0.00050839735 0.055706836 0.2685523 0.0021481905 0.14310218 0.0074386043 0.00016789368 4.2286887e-05 0.42375556 0.0010645533 0.23427221 0.013244865 0.0077168946 0.00038078733 0.005218663 0.9852616 0.0015324933 4.970428e-19 0.003541072 0.96046674 9.430416e-06 0.01270467 0.0009082662 0.074311495 9.765014e-05 0.034251723 0.017102003 0.011287828 0.00010063302 0.10695161 0.39784083 6.0778242e-05 5.5687437e-06 0.0017378512 0.00267982 9.806652e-06 0.007046754 0.09662861 0.0013389213 1.400515e-05 0.0009090683 2.4854012e-07 0.00016960743 2.3931997e-07 0.015488258 0.0010543708 0.00057224283 0.718695 1.4125745e-06 0.011924398 0.00034795658 0.0005293739 0.00013077456 3.807399e-06 5.763293e-05 3.6138395e-06 3.5671943e-05 4.2471147e-05 0.018759673 0.00086082314 0.0010388263 0.0032508727 2.0897944e-05 0.21913072 0.0009742611 0.24361078 3.2412822e-06 0.0059093586 0.00022756646 1.0130732e-05 0.000101449485 0.00027823748 0.11448092 1.1749987e-06 6.369338e-06 1.8601263e-06 0.0006612433 0.0227702 2.8793072e-05 1.5296437e-05 0.004788585 2.984638e-07 4.22601e-06 0.0009995871 6.807408e-06 0.016472321 0.0062045506 1.9849408e-07 4.2262436e-06 1.0670424e-06 3.944933e-07 0.0006558907 1.6016155e-10 0.012767873 6.1769634e-07
0.02672318 0.00089036423 0.0017367129 0.0033198865 0.006341134 0.0014975963 6.7046503e-06 0.0243718 0.019928027 8.336587e-06 0.45301574 6.821045e-07 0.13959903 2.8601155e-06 0.0024999783 9.554531e-07 7.995011e-05 1.02377035e-05 0.8174045 0.49032235 1.0513141e-06 0.031123145 4.4464723e-06 0.003541072 1.1159103e-19 0.052617613 3.6420024e-06 0.83908045 0.9830574 0.0001706759 8.380285e-06 0.09343544 0.10883992 3.88102e-06 1.571078e-06 1.2037553e-05 0.004930817 0.39421698 1.5542611e-07 0.038699366 0.2734939 0.31076327 2.6729997e-05 0.0066414317 1.8981433e-05 1.2926435e-07 2.0226258e-05 9.999883e-09 0.14002451 1.9552167e-09 0.0015859241 0.006542617 1.7948068e-05 0.0013525321 1.817578e-07 8.258293e-05 1.2113132e-05 0.001389526 3.267632e-06 0.1732227 0.000768817 5.964095e-07 0.0021528995 0.0014099602 8.751057e-05 0.00019394454 4.637384e-05 4.6423662e-05 0.0001897299 0.00012928735 8.9195805e-07 3.370794e-05 0.0009258035 8.14092e-05 0.04103401 0.00014441475 0.00013846587 1.2752478e-05 0.0014283652 6.285957e-05 7.1965286e-07 0.00086124236 2.766047e-05 0.00023021076 4.1225492e-05 5.437252e-05 4.681774e-06 1.6656532e-08 3.5294752e-06 1.8723258e-05 1.0733784e-06 0.00044323402 0.00022143206 0.0034465732 1.1863016e-05 0.000109349 4.9293376e-05 1.405975e-05 2.119354e-05 0.00015451343 3.4521072e-06
0.8156602 0.0010097902 0.04010951 0.25379342 0.015277406 0.0003917182 0.00014684026 0.30941385 0.49288818 0.0012008196 0.4708968 0.0017001961 0.0008059584 1.6898672e-05 0.16295199 0.0004423738 0.07177297 0.0026995868 0.07337541 0.003153284 0.0003971175 0.84030545 0.00046158413 0.96046674 0.052617613 1.4897262e-18 8.6008495e-06 0.08808897 0.020292105 0.012990779 6.37233e-05 0.37339634 0.123621196 0.0008620427 6.3571984e-05 0.018610807 0.8183249 0.011256523 4.3390273e-06 0.025619926 0.012180994 0.0015429293 0.0018647597 0.35140178 0.00040577937 1.2522639e-05 0.00033841352 1.25413e-06 0.0055677434 1.9453311e-07 0.08720039 0.0073555815 0.00046053718 0.7810263 2.138787e-07 0.06179544 0.0002655148 0.0015245145 3.4840057e-05 0.0036400394 0.0011238263 2.168824e-06 0.0010449998 0.00088014134 0.05023193 0.0017646359 0.00021311632 0.011678936 0.0006200892 0.11694777 0.00010994052 0.10345887 0.0005261459 0.0013831627 0.010473135 6.065277e-05 0.00014770163 0.0008493172 0.023192115 8.4586325e-05 3.8968358e-07 0.00029118994 0.0018774325 0.04867989 8.273365e-05 0.00022633861 0.0014915884 2.736996e-07 0.00016074412 0.0034731312 4.4116907e-05 0.0041697095 0.0117780985 6.596013e-05 0.000100759695 8.799268e-05 3.8758844e-05 0.0016923753 1.3155602e-07 0.0151535515 1.5020963e-05
0.00013315763 0.0038161585 0.0013375628 0.009002789 0.0001574118 5.8710648e-05 0.38594303 2.6451988e-05 1.2191069e-05 0.18471582 3.9394443e-05 0.048639227 2.001238e-05 0.9010812 0.00016287112 0.16538091 0.0007732287 0.010177873 1.0999468e-05 5.2110804e-06 0.00674253 8.294881e-06 0.038831297 9.430416e-06 3.6420024e-06 8.6008495e-06 5.4640003e-15 5.094134e-06 1.7406966e-05 0.0014147641 0.14146446 2.9515559e-06 5.857868e-06 0.0040091574 0.006845415 7.164556e-05 4.824391e-06 1.2613425e-06 0.049873132 4.646858e-05 5.7662284e-05 1.7884896e-07 0.00075885194 1.1288106e-05 0.013949898 0.9792185 0.0025113984 0.026304742 8.124834e-05 0.0061686514 4.0283416e-05 1.8703198e-05 0.0009412397 0.00010220958 0.02846092 2.4288631e-06 0.0043170876 3.2342374e-05 0.005753074 2.1879394e-05 3.109895e-06 0.0011925802 3.696959e-05 3.3095494e-05 6.073864e-06 4.4462457e-05 0.0024677324 1.3002219e-06 1.5092961e-05 1.3083985e-05 0.002641483 7.628969e-06 3.174753e-05 0.0013214055 0.00011707506 4.772796e-05 2.445814e-05 1.0104288e-06 0.0019303749 2.5884376e-06 0.00019651142 1.0250765e-05 4.519156e-08 0.00013443065 4.3919772e-05 5.4095626e-06 0.0011876884 3.2849875e-05 1.611524e-06 3.173778e-05 1.1783569e-05 0.0016724184 8.866505e-05 7.5330518e-06 2.459665e-06 3.6639535e-06 1.3422778e-07 3.227388e-07 2.6733542e-07 0.00037110414 2.563015e-07
0.41336277 0.0012848197 0.006667744 0.017103512 0.015645137 0.0033157177 0.00015312427 0.11434814 0.24732609 3.7187416e-05 0.64067215 1.9873956e-05 0.015739037 9.705387e-06 0.008122964 4.421924e-06 0.0017668993 8.38579e-05 0.6093949 0.11984701 7.6403485e-06 0.031157028 9.291398e-05 0.01270467 0.83908045 0.08808897 5.094134e-06 7.314052e-19 0.8528836 0.00039884652 3.5412035e-05 0.4730489 0.945616 4.9827464e-05 1.5541558e-05 0.00014254318 0.02391126 0.47013387 1.2036744e-06 0.58521587 0.92393905 0.3816056 0.00013362552 0.043558545 0.00033117135 6.984107e-07 0.00010433786 2.2022226e-07 0.5108774 3.2345266e-09 0.03117456 0.051806264 5.8450034e-05 0.023728512 3.5850064e-07 0.0022846619 4.2019317e-05 0.010299188 1.6214921e-06 0.3472161 0.027841048 6.3258976e-06 0.07030742 0.04005083 0.0023722968 0.0013998179 1.608112e-05 0.00086551154 0.012535819 0.0011170098 1.701129e-07 0.0011908341 0.049827848 8.292813e-05 0.16748798 0.0012753592 0.0011077411 0.0002780152 0.0022480995 0.0041439678 4.786407e-07 0.019707179 0.00037576552 0.0024949433 0.00046549397 0.0068611205 2.9227871e-05 7.3146618e-09 0.00011082933 0.00092968455 1.7252096e-05 0.00063089264 0.0023780672 0.0056358464 0.00038140608 0.0029478231 0.0027999894 0.00039835463 1.7290935e-05 0.0022795452 0.0007321456
0.040099896 0.000101613994 0.00011184833 0.0009720541 0.0013223825 0.00030583364 3.519949e-06 0.012027294 0.004939411 5.079934e-06 0.19240539 4.788228e-07 0.03858484 8.324209e-06 0.0003364828 7.041939e-07 1.3851585e-05 5.1104057e-06 0.58831966 0.37302274 2.7965884e-06 0.007553389 6.3983903e-06 0.0009082662 0.9830574 0.020292105 1.7406966e-05 0.8528836 4.0911684e-19 5.9519018e-05 1.754565e-05 0.04901242 0.09726753 8.477452e-06 4.2107067e-06 3.6584856e-06 0.0015113917 0.7628958 2.007209e-07 0.09970282 0.50311255 0.59303826 3.5111767e-05 0.0035350844 2.1324695e-05 2.184614e-07 1.6951275e-05 3.369561e-08 0.6376088 1.9481474e-09 0.0018853899 0.017516159 6.5217946e-06 0.0015544012 1.2438535e-07 7.507102e-05 3.3515196e-05 0.0019349948 2.202566e-06 0.39368147 0.008409332 8.7240585e-07 0.025067938 0.010858345 0.00023536861 0.00048181083 9.941567e-05 2.9860534e-05 0.0014394005 0.0001921202 2.5634563e-06 1.4699697e-05 0.008142955 8.4293926e-05 0.15433681 0.00066653534 0.00038541577 4.0251274e-05 0.0017962905 0.000487385 7.6175064e-07 0.0045140227 4.222318e-05 0.00044873057 8.523836e-05 0.00042982993 1.2726661e-05 3.4658083e-09 5.3831292e-05 3.642897e-05 7.006526e-06 0.00034221186 0.00051494536 0.013183657 0.00022215713 0.003455059 0.00041456494 4.3813387e-05 7.538964e-05 0.0003412589 0.00013065051
0.5940107 0.0010227204 0.0053971447 0.2649742 0.00014725032 4.4036704e-05 0.012226202 0.006224995 0.015581023 0.056538243 0.0022786073 0.28985253 2.3662931e-05 0.0047866083 0.15395153 0.18160975 0.54077315 0.7907191 0.00020354931 1.8570945e-05 0.6271772 0.02801034 0.1860607 0.074311495 0.0001706759 0.012990779 0.0014147641 0.00039884652 5.9519018e-05 1.5558356e-15 0.016999576 0.0012193559 0.0005862463 0.55951405 0.052655954 0.98110306 0.019464092 1.2590368e-05 0.0066972217 0.00010785049 4.443096e-05 2.7149674e-06 0.57234657 0.0028766727 0.027147466 0.0016881139 0.036420967 0.00035510512 5.0277256e-05 0.00016225997 0.0006461175 1.0530888e-05 0.01632333 0.09868342 2.3841449e-05 0.000953803 0.004079445 9.185976e-06 0.002672206 0.0007043343 8.067624e-06 4.9457623e-05 1.1711208e-05 8.103588e-06 0.0031918662 2.3555778e-05 0.0041703377 0.00045919628 3.1298985e-06 0.15140425 0.003517585 0.04967211 3.99753e-05 0.019219976 0.000684983 5.283923e-06 3.0852111e-06 4.012411e-05 0.35473529 2.2545253e-06 8.056891e-06 3.215002e-05 0.00020262854 0.005693357 8.056368e-06 8.9583045e-06 0.008193015 5.6925102e-05 2.0008829e-05 0.0012001658 1.8074549e-06 0.0359885 0.0034094027 2.1335414e-05 2.0279393e-05 2.889218e-05 3.8073374e-06 0.0001299405 3.573435e-07 0.0028553193 1.0146269e-05
