1.7674567e-23 0.07872023 0.048508678 0.25459406 0.06770046 0.13986836 0.11930859 0.056580167 0.008198736 0.067000106 0.14229544 0.5502906 0.06602831 0.04675578 0.02413485 0.008147441 0.20327507 0.21000756 0.07070051 0.22035147 0.3321392 0.013595712 0.0058396636 0.048971914 0.0074596433 0.00030152837 6.404951e-05 0.0008139732 0.37687612 0.087178305 0.00012496328 0.012253546 2.8812687e-05 0.030683924 0.29661345 0.0003500034 0.39594707 0.0013911243 0.07998971 0.00011499614 3.602218e-05 0.61447394 0.1804972 0.7448578 0.3015047 0.031802967 0.337882 0.013628134 0.16164516 0.251571 0.12600096 1.8530043e-05 0.5411232 1.422108e-06 0.6371852 0.060288318 0.8772937 0.06237961 0.0013411238 0.6705452 0.004495584 6.289018e-06 0.9655102 0.9457691 0.042849455 0.007150464 0.99079627 5.826298e-07 0.0008550415 1.191031e-05 0.00079318444 0.99076825 0.77630866 1.0308374e-06 2.3867606e-09 0.45431206 0.99563295 0.0013154508 1.4453377e-06 2.5465155e-07 0.0029209876 0.9368589 2.915146e-07 1.0044126e-06 1.4123334e-08 0.96156734 0.8938282 4.0515524e-06 8.2679016e-08 2.7512297e-07 1.0957624e-10 3.0200245e-05 0.7496058 0.05307122 4.980385e-07 0.16765049 0.99876636 0.999919 0.0036299757 0.0015910133 0.99986494
0.07872023 5.7744613e-22 0.39430767 0.30486128 0.9618383 0.3749043 0.2558061 0.093047544 0.6108051 0.37624827 0.18370898 0.7826507 0.4512738 0.26477388 0.19565706 0.03211387 0.08173268 0.10339392 0.09200628 0.009254134 0.09092335 0.0021073523 0.0053263083 0.021562716 0.000103501814 0.007116487 0.041560926 0.3446954 0.009140949 0.010146478 0.076154724 0.0073013725 0.0037985176 0.0007768913 0.09110754 0.0003331744 0.038934384 0.10247595 0.0028297533 0.0015845536 0.025822528 0.040189777 0.004818745 0.042888798 0.014105105 9.4696676e-05 0.0006201436 0.094467245 0.010290362 0.0036319734 0.0005566239 3.1410567e-05 0.0017919404 0.00041087944 0.00076584186 0.00049017783 0.0019423811 5.7057336e-05 0.018253936 0.021088054 0.00019708854 6.0860516e-06 0.009834022 0.037808176 6.0083676e-05 0.00036034017 0.022245586 0.0011642971 0.009650132 1.3304503e-06 0.00027190463 3.6759917e-05 0.0003972832 0.0008970103 7.521272e-06 0.00040443512 0.0007263559 2.0721247e-06 0.00010393822 3.0948945e-06 2.1219852e-05 0.00016300088 1.1895773e-06 1.7018772e-05 4.0170664e-05 0.00080759224 0.0032782264 9.0574995e-06 0.00019874328 6.2976433e-06 1.5824364e-05 8.193635e-05 8.951366e-05 1.1180945e-05 1.6336355e-05 4.423505e-08 0.002437035 0.0006329736 6.95045e-06 4.7607064e-06 0.00012269958
0.048508678 0.39430767 9.631787e-21 0.9412193 0.1807542 0.39794755 0.42853266 0.91783524 0.15793157 0.101154596 0.24234678 0.20370875 0.93780875 0.052655254 0.12291735 0.62090284 0.0140264975 0.056791287 0.10158412 0.1325124 0.13199803 0.0871011 0.26506692 0.004616205 0.020366024 0.18456641 0.3758 0.28168845 0.0010329627 0.051553316 0.17117713 0.0019088191 0.100239605 0.011876714 0.06474686 0.018797575 0.015591019 0.07285677 0.0005407869 0.041237418 0.09018742 0.008516356 0.0010099593 0.024060579 0.004485261 0.003738532 7.2018294e-05 0.05337214 0.020437535 0.0010672378 0.00014426005 0.0004548602 0.00071716926 0.007379513 0.0027225725 9.1133894e-05 0.009573613 1.6143335e-05 0.0058572465 0.008470822 0.000112906004 3.2978664e-05 0.0022947756 0.013826431 6.3178013e-06 0.0011474064 0.02060791 0.007736264 0.0010756103 8.867525e-06 0.00015627801 0.00055122183 5.3353575e-05 0.00044658917 8.7352724e-05 7.643319e-05 0.0014797847 1.6083528e-05 0.00013623532 2.3508417e-06 7.5711345e-05 0.0019832768 2.0736609e-06 1.6425032e-06 2.014016e-05 0.000990987 0.0064430945 3.5119807e-05 3.1562628e-05 2.4552191e-06 1.778031e-05 6.7756366e-05 0.00012528332 6.802265e-05 6.563017e-06 2.5116972e-07 0.010150824 0.002905673 4.0779843e-05 6.7134474e-06 0.0007980849
0.25459406 0.30486128 0.9412193 3.4044262e-19 0.1389412 0.78762424 0.78305703 0.89000416 0.07834628 0.058636937 0.6041513 0.27421534 0.6421069 0.024350995 0.03990633 0.45745412 0.00950793 0.21425904 0.014832747 0.49114195 0.5434009 0.12216335 0.20647539 0.0028759704 0.042781297 0.08811166 0.1545053 0.09947448 0.0012636128 0.20795229 0.089558326 0.0010840237 0.02824711 0.040963296 0.17558615 0.012876986 0.02034209 0.028327083 0.000468762 0.019536583 0.04045739 0.035124674 0.0026194402 0.12982403 0.004767208 0.01213777 0.00012886636 0.022896487 0.12211716 0.0021225794 0.00012999766 0.001334013 0.0025232264 0.0030756125 0.01751052 0.00017308215 0.065704316 1.0924616e-05 0.0010625687 0.018608386 0.00013490122 7.6642165e-05 0.007536901 0.053354573 1.1152023e-05 0.003160383 0.0901228 0.0018377419 0.0005742555 7.2527575e-05 0.0003846131 0.0032553463 0.0003205057 0.00022020096 3.952514e-05 0.0004982478 0.0042208126 5.9302867e-05 0.00027386218 1.5725313e-05 0.000106962114 0.0059167035 3.1775808e-06 3.4606612e-06 4.4331497e-05 0.0068606725 0.012645705 6.210888e-05 0.000117211915 6.165249e-06 3.889403e-05 0.00015424535 0.00048680734 0.00039299566 1.0237713e-05 2.2266714e-07 0.01701508 0.0028638677 0.00014415167 3.4899378e-05 0.0035389871
0.06770046 0.9618383 0.1807542 0.1389412 5.4845944e-21 0.13731687 0.10289012 0.036692273 0.5899944 0.5997645 0.06218181 0.65110916 0.51027375 0.490332 0.3085807 0.0118298195 0.21648586 0.049934376 0.2806333 0.0041313167 0.03130943 0.00046612366 0.0031003617 0.10070043 3.179116e-05 0.0030126863 0.034357976 0.38632864 0.03751114 0.0034739594 0.089923 0.035460804 0.002144363 0.00025920194 0.06501901 0.00012253049 0.07711152 0.17958629 0.011402472 0.00048714262 0.042697527 0.058423538 0.019492058 0.029330274 0.036282875 3.4299253e-05 0.0022772083 0.26157913 0.0019781578 0.010966126 0.0018283596 2.7993647e-05 0.0055107735 0.0003189835 0.0001515191 0.0015054593 0.0004841163 0.00032844723 0.044084936 0.0169736 0.0028296926 1.0790166e-05 0.008667873 0.02576068 0.00037145606 6.579515e-05 0.0127155185 0.0017180666 0.03499467 9.732577e-07 0.001321369 4.257652e-06 0.0008272371 0.0013814179 5.4093102e-06 0.0014583295 0.00219329 1.3017852e-06 8.259915e-05 1.0660242e-06 0.000429281 3.849428e-05 2.4432763e-06 0.0001294818 8.335526e-05 0.00044615858 0.0011832977 1.1460786e-05 0.00076249 3.916287e-05 3.863024e-05 0.00023005492 0.00016744899 2.5182296e-06 8.258253e-05 1.1222004e-06 0.0018162683 0.00035030593 4.9130313e-06 4.626965e-06 0.00013426409
0.13986836 0.3749043 0.39794755 0.78762424 0.13731687 4.7845123e-22 0.95621175 0.20175163 0.07257505 0.06377572 0.9118001 0.6150869 0.4592922 0.035675827 0.031016925 0.079436116 0.016721984 0.51001346 0.02478188 0.055695545 0.38696393 0.008052109 0.017669195 0.0032358975 0.001403915 0.014393402 0.03278571 0.10992738 0.0031234624 0.0389448 0.038434654 0.0011556702 0.006767393 0.0056199324 0.1600755 0.0021423006 0.044166144 0.023341876 0.0008370765 0.0049504484 0.013058476 0.054937184 0.00455426 0.089674234 0.0099675795 0.0012907804 0.00016766055 0.036601353 0.027239667 0.002291682 0.00013416783 8.778281e-05 0.004642763 0.0001675124 0.0020590264 5.723631e-05 0.0061494387 4.240588e-06 0.0018290853 0.040648095 6.7268265e-05 1.539418e-05 0.008627891 0.066333614 7.850065e-06 0.00033822417 0.07807133 0.00039050225 0.0010295799 2.3770967e-06 4.8883336e-05 0.000104218925 0.0001374284 9.017358e-05 2.7748265e-05 0.0001899821 0.002133966 8.5907544e-07 7.197298e-05 6.804561e-07 3.7350967e-06 0.00020004698 1.2228825e-06 2.1318929e-06 2.518142e-05 0.0036058908 0.004155155 8.973508e-06 0.00014753353 1.2614917e-06 2.2206847e-05 5.3502197e-05 4.2705247e-05 2.3624202e-06 1.2682383e-06 4.2980606e-08 0.007456197 0.0023303172 1.6542774e-06 8.393654e-07 0.002318345
0.11930859 0.2558061 0.42853266 0.78305703 0.10289012 0.95621175 4.277472e-21 0.30274945 0.06183971 0.04765682 0.9510766 0.5465318 0.47098923 0.029273303 0.03769731 0.12619153 0.021726489 0.551027 0.03580009 0.12800814 0.5073395 0.017096639 0.034192987 0.0034949342 0.0034488712 0.026265876 0.0359211 0.06494105 0.0034443585 0.07543587 0.033067834 0.0016026135 0.0043538255 0.013039032 0.16710782 0.0026923348 0.050897468 0.013112886 0.0015220508 0.005235691 0.007918975 0.06247767 0.004771973 0.09714448 0.009122047 0.0028977392 0.00025983877 0.02480058 0.04847108 0.0021882234 0.0001881859 0.00034872428 0.0046721627 5.4800017e-05 0.003591199 0.00013342904 0.008096131 9.919703e-06 0.0003530039 0.032747455 7.450187e-05 3.450727e-05 0.008145219 0.047976155 2.3445444e-05 0.00068250805 0.08116227 0.00014496325 0.00046480927 5.240544e-06 4.597914e-05 0.00024147262 0.00013231747 3.0508223e-05 7.676216e-06 0.0002815237 0.0014497273 3.0871743e-06 3.9536597e-05 8.298674e-07 6.758473e-06 0.00036098715 1.2879435e-06 2.8100985e-07 7.8824205e-06 0.0039612954 0.0042825365 1.2517552e-05 3.105137e-05 4.0929802e-07 6.5212344e-06 3.5592017e-05 3.8550486e-05 4.635175e-06 2.5704833e-07 5.98836e-08 0.006084227 0.00081851654 5.7783864e-06 1.267635e-06 0.0018107572
0.056580167 0.093047544 0.91783524 0.89000416 0.036692273 0.20175163 0.30274945 1.1548124e-19 0.037084036 0.023228882 0.1476181 0.12063182 0.63305604 0.007763069 0.022302909 0.9469196 0.005161551 0.07208612 0.012498568 0.5214209 0.31091276 0.2550854 0.48974225 0.0011175856 0.14721332 0.2798417 0.15978321 0.046866417 0.0005290786 0.14680132 0.060900453 0.00038768345 0.083014086 0.056646734 0.053942572 0.0597106 0.0061484976 0.012963435 0.00030517025 0.045907278 0.034686718 0.008076049 0.0011854501 0.031110309 0.0032158517 0.07341939 5.8696096e-05 0.0055660205 0.1063817 0.0011754361 8.878504e-05 0.0041477927 0.0013278964 0.0054844776 0.031040264 9.444244e-05 0.049542382 1.744033e-05 0.00046022702 0.009800454 6.4192725e-05 0.00018985297 0.002734648 0.01082787 1.8216804e-05 0.00816646 0.028036505 0.0015812657 0.00042345026 0.00016947744 0.0003596093 0.006266081 6.550609e-05 0.00011023912 3.081778e-05 0.00013107159 0.0011989578 7.284686e-05 0.00013080549 7.5584544e-06 0.00010018975 0.012958923 3.9934357e-06 5.439114e-07 3.7101847e-06 0.0046944297 0.0062215407 4.3938708e-05 1.540897e-05 9.929873e-07 4.232483e-06 5.868014e-05 0.00031663702 0.00066451763 2.154599e-06 6.742996e-08 0.015525746 0.00084973406 0.00021596125 2.4752062e-05 0.0024227928
0.008198736 0.6108051 0.15793157 0.07834628 0.5899944 0.07257505 0.06183971 0.037084036 2.382105e-23 0.6261558 0.027280211 0.31765768 0.40132973 0.5125184 0.7752752 0.02481347 0.1496383 0.017789522 0.5008567 0.0041480283 0.021967854 0.0007089695 0.0043384586 0.14067085 3.6434427e-05 0.005651482 0.06773767 0.47103024 0.014222505 0.004733742 0.11527392 0.06717786 0.008950992 0.00050347956 0.0280809 0.0001712165 0.02618636 0.19919899 0.019820692 0.0032046526 0.054514013 0.011782963 0.010092079 0.0062014353 0.017980287 4.5993344e-05 0.00084921997 0.21969068 0.0024914967 0.0036417197 0.001379713 4.7801026e-05 0.0018149645 0.0008920143 0.0002957078 0.0004076324 0.00071085326 0.00015491994 0.06511494 0.009724427 0.0017861897 1.2904032e-05 0.0050410656 0.010636831 5.8176425e-05 5.7406818e-05 0.0052064904 0.0053760777 0.036839604 5.7986426e-07 0.001234017 8.323131e-06 0.0007217977 0.0057334215 9.2238015e-06 0.0006396613 0.0014466777 1.8751481e-06 0.00010091394 1.3214773e-06 8.3664825e-05 0.000100842946 1.6232511e-06 0.00014320595 0.00017209887 0.00028919513 0.000674815 1.09331e-05 0.0013389628 5.136657e-05 5.8877686e-05 0.00027195676 4.183826e-05 7.248584e-06 6.7518595e-05 1.2956204e-07 0.0009414834 0.000558633 1.39462245e-05 1.4794715e-05 0.00019444048
0.067000106 0.37624827 0.101154596 0.058636937 0.5997645 0.06377572 0.04765682 0.023228882 0.6261558 4.3536095e-21 0.028385414 0.60448104 0.47638983 0.93712276 0.4612493 0.008975066 0.56671226 0.029001474 0.6180453 0.0041977423 0.021119582 0.00017587724 0.00259677 0.45240062 1.195029e-05 0.0016517288 0.019033574 0.38440132 0.1334649 0.0041635726 0.07386526 0.20357357 0.0014942318 0.0002685626 0.044209506 0.00012996925 0.10842171 0.2776876 0.096833326 0.00030436894 0.056239214 0.054298546 0.044911463 0.022602573 0.07801055 4.9992337e-05 0.008322674 0.45865974 0.0011833508 0.03609364 0.002962605 5.706605e-05 0.01629925 0.00014390374 0.00015010659 0.0019300649 0.00068410067 0.0022384734 0.10871359 0.014403378 0.008657085 1.5409883e-05 0.010920352 0.020489072 0.0007111269 4.9243055e-05 0.009821992 0.00079066376 0.07996899 2.5350075e-06 0.0017219724 1.8795291e-06 0.0016758207 0.0019164955 7.252186e-06 0.0016220327 0.0059319274 3.047206e-06 0.00041721633 8.3655164e-07 0.0006383507 4.3657892e-05 1.3636616e-05 0.00031818746 9.884899e-05 0.00076193386 0.0008879094 4.170059e-05 0.00081817503 4.7490044e-05 7.592465e-05 0.0005170858 0.0004152768 3.566985e-06 0.00020635957 2.3412813e-06 0.0023150288 0.0011794796 1.4981563e-05 1.767935e-05 0.00041681764
0.14229544 0.18370898 0.24234678 0.6041513 0.06218181 0.9118001 0.9510766 0.1476181 0.027280211 0.028385414 8.396029e-21 0.530254 0.25950512 0.019080725 0.017368836 0.072982565 0.010341618 0.7732549 0.01051741 0.09154538 0.6397324 0.011926797 0.031842638 0.0019757436 0.0016025393 0.018946385 0.019423163 0.02777226 0.0014030014 0.08225423 0.013762757 0.0018658562 0.0022728432 0.011744729 0.17141017 0.0026361505 0.05822877 0.007027057 0.00084599707 0.0019671805 0.0031700653 0.054946825 0.006309318 0.12074666 0.011440889 0.0022077397 0.00014144875 0.009491717 0.048694152 0.00239048 0.000111212816 0.0002416507 0.0025571715 1.312201e-05 0.0037534703 8.984369e-05 0.0055050873 8.045442e-06 0.0003611717 0.040523607 3.9692288e-05 2.7294163e-05 0.01012361 0.042765044 2.6687612e-05 0.0006468509 0.07901612 5.874997e-05 0.00031095307 5.812471e-06 3.5437875e-05 0.00012482297 0.0001442174 3.8711707e-05 3.1351742e-06 0.0003603436 0.00043338543 2.1983626e-06 3.6107063e-05 1.5925199e-06 3.1137233e-06 0.00019043652 5.68966e-07 4.1915814e-07 7.028249e-06 0.0061064037 0.004819147 4.1655617e-06 3.7112946e-05 6.511332e-07 3.0960018e-06 2.7302545e-05 5.538436e-05 6.4100986e-06 3.639549e-07 5.594715e-08 0.005038365 0.00091560074 2.399797e-06 1.6713341e-06 0.0012560111
0.5502906 0.7826507 0.20370875 0.27421534 0.65110916 0.6150869 0.5465318 0.12063182 0.31765768 0.60448104 0.530254 5.500207e-20 0.21800423 0.56569576 0.10166652 0.019495394 0.7961042 0.598313 0.038289495 0.022300368 0.23511435 0.004084576 0.023731746 0.20280905 0.000127133 0.0033441763 0.013593657 0.061746836 0.32510397 0.027482133 0.025363766 0.0542088 9.4007526e-05 0.0024279985 0.59252685 0.00019118404 0.82788044 0.023196118 0.072866164 0.0002306388 0.0025001143 0.52128416 0.18466806 0.31862876 0.45728457 1.5347785e-05 0.03141599 0.12778285 0.014031868 0.16093238 0.021473411 1.7792896e-05 0.08492225 4.1936864e-06 0.00023806382 0.004625614 0.0013304505 0.0016704568 0.006225479 0.33015087 0.0048893034 8.3691675e-06 0.30109873 0.40329838 0.000716127 5.4212065e-05 0.47170052 0.0025133654 0.032068834 3.541938e-06 0.0019786814 2.0522323e-06 0.054067116 0.0041098273 3.224193e-06 0.019500894 0.12042272 1.7105882e-06 0.0009781097 2.667521e-06 0.00015970612 8.917348e-06 1.7781995e-06 1.9012194e-05 2.6752386e-05 0.0016028993 0.008702417 6.4126602e-06 4.9077087e-05 1.1091195e-05 2.1954495e-05 0.00073386566 0.0011228959 7.131559e-06 4.944626e-05 8.582491e-07 0.012389217 0.08858186 8.931208e-07 1.3861046e-07 0.00019742771
0.06602831 0.4512738 0.93780875 0.6421069 0.51027375 0.4592922 0.47098923 0.63305604 0.40132973 0.47638983 0.25950512 0.21800423 1.5504063e-18 0.21460606 0.5850936 0.5804497 0.013040251 0.04731464 0.6222009 0.06364155 0.07068649 0.04596954 0.26214167 0.024173347 0.0064402064 0.23550427 0.71313745 0.6586626 0.0016248722 0.013541266 0.6079966 0.003513966 0.37238902 0.0025776727 0.030248364 0.01397973 0.008112828 0.47495875 0.003195736 0.14255649 0.53504014 0.0060866415 0.0015322206 0.010496864 0.0026380266 0.0015331049 8.58969e-05 0.35462773 0.015685108 0.00059547607 0.0003494477 0.0004900056 0.0012255381 0.1120387 0.0046254173 0.0012044439 0.0066558924 8.3311235e-05 0.06746211 0.005509016 0.00081580295 0.0001340641 0.0030049405 0.0052758674 9.892708e-05 0.0010160997 0.016472988 0.05241694 0.030865341 2.734245e-06 0.0010424338 0.0006670501 0.00028469934 0.027017578 0.0064432602 0.00074757554 0.0045173303 7.477278e-05 0.0011097771 1.8013281e-05 0.0025730897 0.0029255536 3.0183342e-05 0.000127643 0.0006032019 0.002519079 0.008293639 3.8122118e-05 0.00066658267 3.355255e-05 0.0003401715 0.001832877 0.0022931795 0.00037352854 9.458314e-05 2.797166e-05 0.021245845 0.026841452 0.001220426 0.00019818416 0.0029796127
0.04675578 0.26477388 0.052655254 0.024350995 0.490332 0.035675827 0.029273303 0.007763069 0.5125184 0.93712276 0.019080725 0.56569576 0.21460606 1.7207171e-20 0.36659923 0.0018426031 0.72052336 0.02320115 0.5200226 0.0017348739 0.012577025 5.6877183e-05 0.0014570497 0.5008342 2.7663593e-06 0.00053978985 0.011100862 0.2564761 0.18159182 0.00091225683 0.04822317 0.2730702 0.0004980006 0.00010213553 0.03934822 3.419471e-05 0.13243435 0.14922708 0.12046943 7.9024765e-05 0.027254624 0.05081324 0.07039981 0.017866889 0.11772083 1.3161527e-05 0.015593501 0.33330026 0.0007004242 0.048336484 0.007340501 1.5800191e-05 0.025935713 2.8052124e-05 4.3996446e-05 0.0017946041 0.0006754246 0.001806546 0.057831943 0.019451005 0.012593437 3.84601e-06 0.012621084 0.023745552 0.0004832712 7.2145635e-06 0.008112535 0.00056642236 0.074238054 1.1416403e-06 0.0017289023 2.613354e-07 0.003911448 0.0016596211 4.5564516e-06 0.0029481673 0.0070389854 5.498182e-07 6.960416e-05 3.3594426e-07 0.00021250178 5.1179263e-06 3.1200398e-06 9.438292e-05 4.5481356e-05 0.00074568007 0.0009774048 6.068832e-06 0.0002668602 2.1447842e-05 3.5573525e-05 0.00021249714 0.00035470523 8.8277875e-07 3.3211814e-05 1.4572713e-06 0.0017246847 0.0010287069 2.4167214e-06 1.9624565e-06 5.0573388e-05
0.02413485 0.19565706 0.12291735 0.03990633 0.3085807 0.031016925 0.03769731 0.022302909 0.7752752 0.4612493 0.017368836 0.10166652 0.5850936 0.36659923 1.5115684e-21 0.008305326 0.09094312 0.0045175413 0.89996576 0.0007663625 0.003155587 8.415777e-05 0.0017125872 0.13212182 2.2651266e-06 0.0015424408 0.05596978 0.55476916 0.013812257 0.00088811 0.1450116 0.058913723 0.0029441537 4.2296244e-05 0.0086568 8.400855e-05 0.013722627 0.33044034 0.011462961 0.00065203145 0.08025392 0.007066131 0.0059133414 0.0016821622 0.010110305 1.8373763e-05 0.001093877 0.44709185 0.00041922973 0.0031188875 0.0012813654 2.9526636e-05 0.0032797384 0.0011245377 6.526184e-05 0.0003343719 0.0003040292 0.00010807453 0.16435349 0.005187617 0.005957419 5.4200923e-06 0.004348985 0.01198557 2.2447026e-05 5.4885164e-05 0.0038565937 0.010936559 0.10052887 9.569285e-07 0.0026532786 8.242103e-06 0.0003963001 0.02382049 4.501493e-05 0.00016325257 0.0011637665 7.2008396e-07 3.0183228e-05 5.891745e-07 0.00020083014 5.5125896e-05 8.107309e-07 0.0011553903 0.00081056985 0.00060190266 0.0014846643 4.4153253e-06 0.0030546028 0.00036348114 6.735903e-05 0.0007266102 2.444126e-05 3.484678e-06 0.00024575036 1.3255004e-07 0.0011053294 0.0008158609 7.1636578e-06 1.9323124e-05 0.00045648025
0.008147441 0.03211387 0.62090284 0.45745412 0.0118298195 0.079436116 0.12619153 0.9469196 0.02481347 0.008975066 0.072982565 0.019495394 0.5804497 0.0018426031 0.008305326 3.8834335e-23 0.001234553 0.05222019 0.0047660056 0.38128638 0.16764778 0.433901 0.8385773 0.00022998144 0.321711 0.6381496 0.24163218 0.03321164 0.00011100999 0.09325148 0.058678374 3.214631e-05 0.1783265 0.05853724 0.007440126 0.2667666 0.001355634 0.005202706 0.00012228254 0.17794287 0.031690724 0.0019824684 0.00026249656 0.008838512 0.0005038554 0.14541692 2.6038064e-05 0.00066283526 0.039979167 0.00016286614 2.6028281e-05 0.019606343 0.00046798706 0.010479685 0.013500063 6.991291e-05 0.018675461 9.393838e-06 0.0001791384 0.0016823843 4.6747184e-05 0.0007950937 0.00084313296 0.0026993253 6.6501266e-06 0.0062844777 0.00672187 0.0010894004 0.00027323057 0.00018178251 0.00017366117 0.0031192445 1.5885978e-05 3.2401647e-05 3.598472e-05 1.6769116e-05 0.00018414312 0.000116593605 0.000100095975 6.4084174e-06 4.6588964e-05 0.0062482804 3.399565e-05 1.0408477e-07 1.539081e-06 0.0007991584 0.0032788017 9.5955584e-05 7.0646615e-07 8.215461e-08 2.2714994e-06 4.1031537e-05 1.1421287e-05 0.0005458903 7.440906e-07 3.170655e-08 0.010579767 0.0011036772 0.00024681055 2.0130907e-05 0.0008532347
0.20327507 0.08173268 0.0140264975 0.00950793 0.21648586 0.016721984 0.021726489 0.005161551 0.1496383 0.56671226 0.010341618 0.7961042 0.013040251 0.72052336 0.09094312 0.001234553 1.28697e-19 0.033741463 0.19333328 0.0006666847 0.00932655 2.5470745e-05 0.00048591074 0.86174417 6.0012667e-07 0.0001562126 0.0032316493 0.061621375 0.92256576 0.0019964965 0.009462254 0.6051095 2.9376371e-05 6.2377294e-05 0.06525332 2.2460754e-05 0.42091206 0.04222715 0.65820944 7.828904e-05 0.00582313 0.14045236 0.36901116 0.01726789 0.43345213 2.8937195e-06 0.13584976 0.23740217 0.0025251582 0.22380526 0.07376145 2.230076e-05 0.11334846 8.8568595e-06 7.491746e-05 0.029906958 0.00036805205 0.044711888 0.013923881 0.04487192 0.02691401 1.0666085e-05 0.08555774 0.0891277 0.007287087 3.06577e-05 0.008884028 0.00019636379 0.06323046 1.0661889e-06 0.0057520014 2.5307958e-07 0.022471018 0.00020727316 3.9669335e-06 0.01965716 0.044710077 5.007895e-07 0.00014015232 3.446729e-06 0.0013022976 3.948503e-06 3.723683e-06 0.00021257254 4.8285863e-05 0.0004363546 0.0010458623 1.0006977e-05 0.0003948946 0.00012739138 2.6898104e-05 0.0007876398 0.005138171 5.8206806e-06 0.00025972875 1.372294e-05 0.0012371077 0.010185224 4.17707e-06 3.3302158e-06 2.4849674e-05
0.21000756 0.10339392 0.056791287 0.21425904 0.049934376 0.51001346 0.551027 0.07208612 0.017789522 0.029001474 0.7732549 0.598313 0.04731464 0.02320115 0.0045175413 0.05222019 0.033741463 4.485365e-23 0.001697114 0.045140266 0.964022 0.014160275 0.026531218 0.00694305 0.0014359063 0.00727084 0.01431232 0.011199793 0.010944937 0.13572784 0.004851604 0.0026288398 0.0003907401 0.022901982 0.8178633 0.00051378575 0.22413611 0.0022988396 0.0012298074 0.0003886722 0.00042735907 0.15547979 0.013987939 0.54432434 0.054947853 0.002244584 0.0005064282 0.0032127998 0.07779755 0.014273528 0.0008416046 0.00014902285 0.008867467 6.534713e-06 0.00634684 6.660921e-05 0.020888377 1.026541e-05 0.00044503796 0.12276628 0.0002228491 1.67333e-05 0.046868492 0.14674248 1.3793557e-05 0.0003456553 0.21665202 0.00015387833 0.000297079 1.480076e-06 6.2889914e-05 0.00019613956 0.0010395924 5.9154987e-05 7.6019874e-06 0.00036713303 0.002704707 9.922708e-07 3.616027e-05 3.036215e-06 5.9094396e-06 0.00016210097 1.814002e-07 2.1029502e-06 9.145068e-06 0.011138051 0.020724107 1.0803351e-06 3.1194882e-05 3.0667522e-07 7.335112e-06 6.1457686e-05 1.8356284e-05 2.7101094e-06 1.5940622e-06 1.6302277e-08 0.020551303 0.004375143 4.1432617e-07 2.9629835e-08 0.0035698628
0.07070051 0.09200628 0.10158412 0.014832747 0.2806333 0.02478188 0.03580009 0.012498568 0.5008567 0.6180453 0.01051741 0.038289495 0.6222009 0.5200226 0.89996576 0.0047660056 0.19333328 0.001697114 2.0105349e-18 0.0002602239 0.0012170079 0.00016327764 0.0020120023 0.56291014 6.35845e-06 0.000806889 0.09697031 0.6461121 0.046522647 0.0001628792 0.21852687 0.43134487 0.0024879756 1.875269e-05 0.005276051 6.1980536e-05 0.012769596 0.62693715 0.12772085 0.0004949096 0.16205618 0.0035669855 0.011796619 0.0007884512 0.016164025 6.952505e-06 0.007776745 0.8589365 7.866969e-05 0.006267506 0.011031317 0.00010849969 0.0035742605 0.0015077121 2.6344967e-05 0.002507043 0.00015729821 0.0020499274 0.2540503 0.0038659154 0.073902935 1.4718088e-05 0.0032013273 0.013361572 0.0003146248 6.4331536e-05 0.004098508 0.04129622 0.3695567 8.660577e-07 0.033655465 8.937385e-07 0.0060439734 0.070704155 0.00022362318 0.000846079 0.015822846 2.0031903e-06 0.000121433266 2.338454e-06 0.001968911 3.4206256e-05 4.5238307e-06 0.0122971125 0.0029002174 0.00022757081 0.00054643926 1.1167465e-05 0.00939602 0.005644388 0.00014392103 0.007739208 7.511993e-05 1.5915079e-05 0.0029292097 8.984601e-07 0.0011329527 0.00088322384 4.436867e-05 7.7476405e-05 0.00017045632
0.22035147 0.009254134 0.1325124 0.49114195 0.0041313167 0.055695545 0.12800814 0.5214209 0.0041480283 0.0041977423 0.09154538 0.022300368 0.06364155 0.0017348739 0.0007663625 0.38128638 0.0006666847 0.045140266 0.0002602239 6.8860036e-19 0.41913676 0.69076836 0.6398177 9.051589e-05 0.83469814 0.18229204 0.039531156 0.0017356946 0.00020184414 0.65748984 0.005796955 1.9182537e-05 0.016913626 0.80157226 0.046586145 0.13913184 0.006229642 0.0004944529 0.00017838182 0.038742837 0.0014339099 0.0027769483 0.00033853797 0.030440088 0.00028780213 0.86497384 1.7329234e-05 0.0004948034 0.33361247 0.000120928125 4.612213e-05 0.11807697 0.00011395487 0.001394566 0.25839278 0.00013622142 0.10574751 4.3087624e-05 6.351023e-05 0.0046421546 0.00025598114 0.010422192 0.0087267505 0.004274543 9.4601724e-05 0.044822752 0.027867094 0.00010163998 5.6637346e-05 0.005566881 0.00019395007 0.075421356 0.00089487026 6.321384e-05 3.2854576e-05 0.001348497 0.0009800855 0.0013628633 0.010015222 0.0020541789 0.00048944517 0.07228452 0.000724383 7.2310775e-07 2.0515474e-06 0.049614288 0.022189464 0.0026030047 3.3971874e-06 5.3073336e-07 6.709229e-06 8.64616e-05 0.001284631 0.0021730508 1.3065046e-05 1.8918809e-07 0.09122397 0.0017342957 0.007314192 0.002095613 0.018255128
0.3321392 0.09092335 0.13199803 0.5434009 0.03130943 0.38696393 0.5073395 0.31091276 0.021967854 0.021119582 0.6397324 0.23511435 0.07068649 0.012577025 0.003155587 0.16764778 0.00932655 0.964022 0.0012170079 0.41913676 1.5014358e-22 0.12312017 0.11104232 0.0028915985 0.037049115 0.025828646 0.03191149 0.010864 0.0023663722 0.7051734 0.008652615 0.0012501633 0.0021555116 0.19203612 0.5164629 0.003881409 0.18769485 0.0011261629 0.0012817393 0.0021087958 0.00063942216 0.10350108 0.0054191444 0.30901015 0.017998874 0.04603268 0.0001377428 0.0016844056 0.4794976 0.004234337 0.00047031546 0.004048644 0.0037326487 6.632004e-05 0.113124534 0.00016939938 0.16943713 1.5462732e-05 0.0004069241 0.10847609 0.00033157776 0.00039192746 0.03569324 0.12931369 2.3916393e-05 0.0071793958 0.35337934 7.2406496e-05 0.00012470137 5.202051e-05 7.529716e-05 0.0042479127 0.00032121563 2.61038e-05 2.6276615e-05 0.00023013502 0.0009997415 0.000109331064 8.168138e-05 3.047359e-05 2.3258066e-05 0.006098532 2.0106759e-06 3.1550603e-06 1.1297713e-05 0.038607784 0.05562301 1.1791606e-05 8.868531e-06 8.006623e-07 7.392473e-06 9.1570284e-05 2.0785763e-05 0.0005530807 1.8693328e-06 5.1122555e-09 0.085017934 0.003156558 0.00017912303 6.917063e-06 0.013641714
0.013595712 0.0021073523 0.0871011 0.12216335 0.00046612366 0.008052109 0.017096639 0.2550854 0.0007089695 0.00017587724 0.011926797 0.004084576 0.04596954 5.6877183e-05 8.415777e-05 0.433901 2.5470745e-05 0.014160275 0.00016327764 0.69076836 0.12312017 1.24993e-22 0.8289031 1.0134877e-05 0.9135793 0.35731202 0.033517856 0.0006308626 1.4011134e-05 0.13199185 0.0024540012 6.8521554e-06 0.026421037 0.09166466 0.003268979 0.33875632 0.0005378323 0.00011306332 1.258529e-05 0.100286655 0.002416763 0.0006398235 0.0001056705 0.004870797 0.00014152768 0.5670364 2.1231237e-06 0.00018751412 0.07804547 2.1142265e-05 1.0719597e-06 0.099185266 4.0909785e-05 0.0011322642 0.0454024 4.519648e-06 0.031135619 5.178954e-07 6.3646994e-06 0.0005038233 2.2664995e-05 0.0046200957 0.00057669304 0.0005810005 1.0629219e-06 0.015331511 0.002329363 3.1164793e-05 1.2460644e-05 0.0010901326 2.2270578e-05 0.019768966 9.916422e-06 1.9693289e-05 4.6556383e-06 1.4713204e-05 2.1827707e-05 0.0009408798 0.0005237364 0.000121513775 1.083372e-05 0.017502049 0.00025714314 2.68795e-08 3.0786143e-07 0.0030675877 0.0016888393 0.00029106223 1.2687319e-06 1.274791e-08 9.81255e-07 3.2860527e-05 1.4256548e-06 0.0010640468 9.421407e-08 2.4696603e-09 0.009545884 5.3365682e-05 0.0026099123 0.00053904444 0.0034730632
0.0058396636 0.0053263083 0.26506692 0.20647539 0.0031003617 0.017669195 0.034192987 0.48974225 0.0043384586 0.00259677 0.031842638 0.023731746 0.26214167 0.0014570497 0.0017125872 0.8385773 0.00048591074 0.026531218 0.0020120023 0.6398177 0.11104232 0.8289031 2.9704912e-20 0.00024688517 0.72012097 0.82601273 0.10841162 0.0032460366 0.00040625528 0.08316726 0.016675752 5.3878335e-05 0.0915778 0.060533043 0.0026404166 0.769743 0.00228606 0.0016130903 0.0012402178 0.2908095 0.008194616 0.0010889054 0.002523773 0.00505055 0.0010870704 0.6053465 0.00010257781 0.0014367829 0.047838178 0.00032187157 4.443651e-05 0.15603212 0.00046636333 0.0067722998 0.025650674 0.00027562657 0.01586216 3.6323923e-05 0.00016083199 0.0006670275 0.00039632752 0.010283317 0.0020576797 0.0015648307 4.0112358e-05 0.011846918 0.0048712497 0.00034532696 0.00012013807 0.002386454 0.0006500273 0.011596409 0.00012513537 0.00021801986 9.747336e-05 0.0010717766 0.0003507119 0.001245976 0.0029008582 0.0002513942 0.00024015074 0.014859647 0.00089170475 1.0381895e-06 4.467785e-06 0.00232591 0.0010006763 0.0005742903 8.605329e-06 1.8276194e-07 1.0040014e-05 0.00016405371 5.241911e-05 0.00096840854 2.0375167e-06 5.0743026e-08 0.02614834 0.0029262288 0.0011373404 0.0003976989 0.0009056411
0.048971914 0.021562716 0.004616205 0.0028759704 0.10070043 0.0032358975 0.0034949342 0.0011175856 0.14067085 0.45240062 0.0019757436 0.20280905 0.024173347 0.5008342 0.13212182 0.00022998144 0.86174417 0.00694305 0.56291014 9.051589e-05 0.0028915985 1.0134877e-05 0.00024688517 1.03213836e-20 4.127805e-07 0.00015950263 0.0032073334 0.049979843 0.64851373 0.0002681153 0.006102835 0.93191373 4.121213e-05 1.5329237e-05 0.007911435 1.1773132e-05 0.10157699 0.060328323 0.6371892 8.378915e-05 0.008239133 0.029063182 0.18114685 0.0035988945 0.19444272 8.514935e-06 0.13485879 0.4351494 0.00032639605 0.13582274 0.09324103 2.0081146e-05 0.0746315 1.1191123e-05 3.50335e-05 0.02567963 0.00013918396 0.06390583 0.07943501 0.014745964 0.09402506 1.0540675e-05 0.025787828 0.029987533 0.002911573 2.2193478e-06 0.005103106 0.00090085005 0.15896964 2.428606e-06 0.021369359 1.9961676e-07 0.011402581 0.0018710425 2.3725013e-06 0.0036657276 0.027228627 3.146309e-07 3.9692855e-05 6.849871e-07 0.0015964104 2.4948538e-06 7.0210166e-07 0.0005897868 0.00013554716 0.0008584187 0.00065640226 5.8625965e-06 0.00086663273 0.00030188312 1.19505985e-05 0.00089452387 0.0008956476 3.1023976e-06 0.0005052012 4.4136373e-06 0.0027604748 0.0041299188 2.7263034e-06 4.9673904e-06 0.0002630313
0.0074596433 0.000103501814 0.020366024 0.042781297 3.179116e-05 0.001403915 0.0034488712 0.14721332 3.6434427e-05 1.195029e-05 0.0016025393 0.000127133 0.0064402064 2.7663593e-06 2.2651266e-06 0.321711 6.0012667e-07 0.0014359063 6.35845e-06 0.83469814 0.037049115 0.9135793 0.72012097 4.127805e-07 1.4227835e-23 0.3034966 0.012247355 2.7809649e-05 1.383912e-07 0.086054906 0.00028449175 2.8689642e-06 0.010522291 0.102332704 0.0016529292 0.35779658 9.7272234e-05 1.0506031e-05 1.881335e-06 0.0838821 0.0002190749 3.0691164e-05 6.2203508e-06 0.00016053316 1.2292052e-05 0.73916876 3.8072972e-08 6.106802e-06 0.06309669 3.5890568e-07 2.7293638e-07 0.14380233 7.0802486e-07 0.00037759458 0.049048588 1.0044882e-06 0.023420244 5.986704e-08 5.0373916e-07 0.00013363113 2.9366497e-06 0.009245687 0.00013588653 0.00010782519 1.8212721e-07 0.019101616 0.0006004937 2.773748e-06 2.2171582e-06 0.0016695794 1.2956951e-06 0.022942651 1.0278737e-06 1.5617087e-06 7.484983e-07 3.0578112e-06 2.130456e-06 0.00075335195 0.0009296367 9.115589e-05 7.277755e-07 0.016576013 0.00064740476 7.1754274e-09 3.9355555e-08 0.0022510912 0.0013917234 0.00035073078 1.4697369e-07 9.923067e-09 5.432986e-07 1.0077613e-06 1.3936099e-06 0.0011597221 4.0759872e-08 9.927889e-10 0.003324011 1.955379e-05 0.0028621582 0.0014461391 0.0011069307
0.00030152837 0.007116487 0.18456641 0.08811166 0.0030126863 0.014393402 0.026265876 0.2798417 0.005651482 0.0016517288 0.018946385 0.0033441763 0.23550427 0.00053978985 0.0015424408 0.6381496 0.0001562126 0.00727084 0.000806889 0.18229204 0.025828646 0.35731202 0.82601273 0.00015950263 0.3034966 2.4098005e-21 0.19841094 0.0065000467 0.00020544943 0.02058779 0.036015715 1.8961819e-05 0.21445279 0.019634904 0.0017675406 0.8094067 0.00053270394 0.0015827607 0.00013443758 0.6640012 0.02129698 0.0002646878 0.0003724452 0.00065294834 0.0003836679 0.15240382 8.4230924e-05 0.00040151877 0.0132359695 0.00021139393 4.2011783e-05 0.069158085 0.00023430638 0.044024795 0.0072903507 9.500189e-05 0.0044692 1.0359844e-05 0.000116500916 0.00026717753 0.00019971018 0.010251206 0.0007823124 0.0005659135 1.7012477e-05 0.008039801 0.0047216546 0.0004148926 0.000100506426 0.0021894174 0.0002935751 0.00647683 5.2222713e-05 0.00015841404 0.00011075727 0.0003202842 0.00020557425 0.0012355949 0.001095562 0.00013815972 0.0001730868 0.011607976 0.0010082583 1.3786909e-06 3.3011058e-06 0.0019802407 0.0011757774 0.00060815446 8.963125e-06 3.6489226e-07 1.4384302e-05 8.2667786e-05 4.5936402e-05 0.0012552561 1.5349519e-06 6.176247e-08 0.012096671 0.0013085222 0.00057649973 0.00036546256 0.0011791607
6.404951e-05 0.041560926 0.3758 0.1545053 0.034357976 0.03278571 0.0359211 0.15978321 0.06773767 0.019033574 0.019423163 0.013593657 0.71313745 0.011100862 0.05596978 0.24163218 0.0032316493 0.01431232 0.09697031 0.039531156 0.03191149 0.033517856 0.10841162 0.0032073334 0.012247355 0.19841094 7.9395283e-22 0.16484365 0.0010339245 0.00785861 0.432937 0.0016286018 0.92811245 0.004842488 0.0076893135 0.03582868 0.003576622 0.070506856 0.0012389466 0.1392918 0.30192602 0.0007995144 0.0006680945 0.0010645132 0.002101504 0.0026916405 0.0002133809 0.022500394 0.006187276 0.0002946446 0.00026158913 0.0031684318 0.00040520122 0.07532193 0.0017130839 0.00027263816 0.00088695047 2.4190422e-05 0.0060842186 0.0004630594 0.00025086993 0.00033552406 0.0005778403 0.00046566935 2.8405891e-05 0.0016252698 0.00048018192 0.005215769 0.0007872595 7.5552794e-05 0.00023170056 0.00014180884 0.00014376658 0.0008434052 0.0011373913 0.0005001408 0.00022825155 7.616134e-05 0.00020470524 1.4950019e-05 6.1980056e-05 0.00096214237 0.00012876709 2.690757e-07 1.0525306e-05 0.0027543595 0.0004887047 9.025943e-05 3.4432807e-05 1.175396e-07 5.7467514e-05 2.4491403e-05 3.1323634e-05 6.483671e-05 1.4020202e-06 4.1091308e-08 0.004819832 3.91653e-05 0.0003071106 0.00024120955 0.0037127056
0.0008139732 0.3446954 0.28168845 0.09947448 0.38632864 0.10992738 0.06494105 0.046866417 0.47103024 0.38440132 0.02777226 0.061746836 0.6586626 0.2564761 0.55476916 0.03321164 0.061621375 0.011199793 0.6461121 0.0017356946 0.010864 0.0006308626 0.0032460366 0.049979843 2.7809649e-05 0.0065000467 0.16484365 1.0377123e-21 0.010822492 0.0005219673 0.6707932 0.03795916 0.0358052 8.4280815e-05 0.010152383 7.743697e-05 0.008319921 0.8631501 0.007056999 0.0075904485 0.49663842 0.004954425 0.003641652 0.0019569574 0.0047133514 1.5378318e-05 0.0010794933 0.46243608 0.00051550724 0.0010487587 0.002109895 4.7310044e-05 0.0005348407 0.03114049 0.00026177306 0.0013904226 0.00012092777 0.00013473716 0.23819743 0.0007341943 0.0013933921 7.909182e-06 0.00081240863 0.0008972537 6.386914e-05 1.5761752e-05 0.00022444512 0.051061362 0.059477303 8.0261407e-07 0.0009726055 2.0386206e-06 0.00013150557 0.04138317 0.00046868785 0.00017584521 0.0001745738 6.1066917e-06 6.74671e-05 1.4082366e-06 6.3901614e-05 4.2187596e-05 7.383117e-06 5.2818905e-05 0.0011124141 0.0010082948 0.0003453902 5.0872545e-06 0.0011310247 6.4131623e-06 0.0008710463 7.4343814e-05 1.4868505e-05 4.349256e-06 1.9159517e-05 3.315891e-08 0.00057412544 9.859085e-05 4.465621e-06 7.6115634e-06 0.00014697967
0.37687612 0.009140949 0.0010329627 0.0012636128 0.03751114 0.0031234624 0.0034443585 0.0005290786 0.014222505 0.1334649 0.0014030014 0.32510397 0.0016248722 0.18159182 0.013812257 0.00011100999 0.92256576 0.010944937 0.046522647 0.00020184414 0.0023663722 1.4011134e-05 0.00040625528 0.64851373 1.383912e-07 0.00020544943 0.0010339245 0.010822492 1.128531e-18 0.00048341276 0.002303131 0.5632539 1.4545702e-05 1.3489625e-05 0.017738843 5.3560147e-05 0.36850214 0.013740267 0.8801193 0.00012353815 0.0021175216 0.10432514 0.8085185 0.0074450453 0.5574847 1.589241e-06 0.6829971 0.1946599 0.0006944874 0.45927128 0.40011743 2.089832e-05 0.3626527 1.0215076e-05 9.8690225e-06 0.16032109 6.9907044e-05 0.14855213 0.014873393 0.03836944 0.12511499 6.6287507e-06 0.18586746 0.11651812 0.050450567 6.4560318e-06 0.006486448 0.0001746036 0.08538143 1.7730044e-06 0.019132746 2.0265691e-08 0.10995586 0.00027282647 4.1941826e-06 0.06400023 0.16692741 6.702179e-07 0.00015165687 6.5346635e-06 0.018503476 8.6657076e-07 2.9094704e-06 0.0004479193 7.651071e-05 0.00022830685 0.000968156 1.2478495e-05 0.00028155593 0.00051384035 2.1132548e-05 0.0034850808 0.015910937 2.7084145e-06 0.0010313189 0.00054607826 0.000845666 0.046063133 3.1030277e-06 1.775385e-06 3.9714214e-05
0.087178305 0.010146478 0.051553316 0.20795229 0.0034739594 0.0389448 0.07543587 0.14680132 0.004733742 0.0041635726 0.08225423 0.027482133 0.013541266 0.00091225683 0.00088811 0.09325148 0.0019964965 0.13572784 0.0001628792 0.65748984 0.7051734 0.13199185 0.08316726 0.0002681153 0.086054906 0.02058779 0.00785861 0.0005219673 0.00048341276 1.629765e-26 0.00081376673 3.546293e-05 0.0018390699 0.9590784 0.14794034 0.0068250736 0.02014238 0.00031095455 0.00012824258 0.0024635529 4.7082023e-05 0.016380467 0.00018842348 0.14268473 0.0028816836 0.25631177 3.3713342e-05 0.00014775559 0.82950807 0.0006039177 8.015571e-05 0.015616517 0.0019197598 4.758645e-06 0.28886667 2.7977794e-05 0.23678637 6.3759744e-06 4.570751e-05 0.032104928 0.00020973604 0.0005153826 0.013706253 0.029834572 1.6163964e-05 0.013065463 0.08410803 1.1452897e-05 0.0001994167 0.00012795281 1.0350058e-05 0.022008428 3.2607262e-05 4.58887e-06 5.539748e-06 1.26123605e-05 0.00044534027 0.00028880735 0.00015411786 7.774375e-05 1.28883985e-05 0.027702881 4.8510483e-06 2.3944028e-07 7.161461e-07 0.06569904 0.05337427 7.775361e-05 2.8114496e-07 1.5980645e-07 1.3568858e-07 6.954169e-06 6.7754223e-07 0.0007006202 5.7913784e-08 2.682494e-09 0.068394035 0.0008343615 0.00065535575 6.583902e-05 0.020319022
0.00012496328 0.076154724 0.17117713 0.089558326 0.089923 0.038434654 0.033067834 0.060900453 0.11527392 0.07386526 0.013762757 0.025363766 0.6079966 0.04822317 0.1450116 0.058678374 0.009462254 0.004851604 0.21852687 0.005796955 0.008652615 0.0024540012 0.016675752 0.006102835 0.00028449175 0.036015715 0.432937 0.6707932 0.002303131 0.00081376673 2.3382532e-21 0.006523742 0.21120046 0.00025662596 0.0039841924 0.004054711 0.004030117 0.3991766 0.0034485257 0.050275013 0.6836884 0.0007933047 0.0019932678 0.0004943353 0.0031808997 6.7556604e-05 0.00024245288 0.16603316 0.0006316922 0.0005239752 0.00015340812 0.00021679596 0.0001398435 0.1408362 0.00020971106 0.00017690404 0.00014535447 6.129485e-05 0.09589767 0.0003900132 0.0003122749 1.5212381e-05 0.0006767025 0.00036845432 1.6335809e-05 6.474878e-05 0.00021957459 0.04140213 0.008662969 1.1330045e-06 0.00041867857 1.0555524e-05 0.00010132002 0.022726994 0.001995005 0.00023457265 3.8818176e-05 8.652417e-06 0.00021687764 2.9767089e-06 4.6644403e-05 9.1140755e-05 3.5192326e-05 2.7349229e-06 0.00011752184 0.0009592856 0.0005014588 7.3045926e-06 0.00021031368 2.7071428e-07 0.00053322513 5.2170846e-05 2.1425622e-05 5.273457e-06 3.5537125e-06 7.5583245e-08 0.00037315697 7.594093e-05 1.1231045e-05 2.1236738e-05 0.0003885203
