1.2525717e-26 0.71870005 0.85612035 0.5637217 0.25516465 0.48574826 0.73868227 0.060809672 0.26163495 0.81683487 0.9170405 0.65299577 0.03233555 0.35551402 0.4754953 0.666963 0.33887634 0.27625114 0.68423826 0.06499311 0.046543386 0.295999 0.33656138 0.15666907 0.41318315 0.14019102 0.15349633 0.7400711 0.40048322 0.63034177 0.55401564 0.008795041 0.43070483 0.025252787 0.010029324 0.9839006 0.0014574764 0.022448929 0.26518783 0.5049448 0.010165219 0.99037707 0.8869467 0.0004624729 0.037327334 0.12071592 0.00018918495 0.00073739764 0.08153366 0.81291854 0.3361323 0.251894 0.04147794 0.704725 0.9865031 0.7137792 0.0032021701 0.44887587 0.2851523 0.22063757 1.4914304e-05 2.3484506e-06 0.011202432 6.2124156e-05 5.95262e-06 0.021001467 0.00129423 6.614375e-05 2.4285807e-06 0.007924677 0.024131967 1.0049242e-06 0.9979884 1.3699457e-05 0.9616242 0.08825869 0.0018649544 1.7934677e-06 0.048285734 0.0013220382 0.9991849 0.0015621751 0.9871985 0.99594 3.7843952e-07 0.07145582 0.0037754863 0.002035624 0.9935623 0.0021319552 0.9982305 0.003989207 0.011140754 0.32329237 0.9990777 0.999884 1.472524e-08 2.2108786e-08 8.354396e-05 0.00011852945 0.001381991
0.71870005 1.5818064e-17 0.86441976 0.739335 0.4925308 0.44677952 0.58046865 0.5964676 0.9222944 0.089147955 0.06651853 0.13545525 0.2567645 0.13184871 0.4337637 0.0046271617 0.16084315 0.002195747 0.16572143 0.0271818 0.38654628 0.0004967528 0.003325427 0.015233557 0.06194381 0.000577134 0.014579478 0.11819874 0.02244941 0.029153518 0.0004483206 0.016702816 0.031557154 0.0020761979 0.49269623 0.22477323 0.075562105 0.00078584143 0.003682427 0.00025121996 0.025644634 0.06215953 0.010198856 0.023504589 0.002200876 0.002346532 0.021988638 8.673405e-05 0.00012332991 0.0068755937 0.0012339263 0.0020259996 0.0011665178 0.0023354967 3.4193014e-05 0.00010763933 4.714399e-05 7.294495e-05 0.0046969955 0.001493956 0.0009959356 0.024262756 0.00018933334 0.0017758966 0.020011371 8.267871e-06 0.023049138 0.0003558528 0.02021323 0.00079931313 0.000113590184 0.0025723707 0.023968136 0.0066918395 0.0023829688 0.0016155974 0.0019976324 2.5365077e-07 0.0003308806 7.017918e-05 0.03675876 1.1117469e-05 0.012667402 0.00778022 4.360114e-05 3.6894045e-05 1.5269961e-06 1.1620989e-05 5.238043e-05 1.2643673e-05 0.0037309316 0.001162868 6.5482665e-05 0.002484451 0.035058126 0.008050957 2.3347693e-05 2.6160349e-05 2.3594143e-06 0.0009563598 1.2048165e-05
0.85612035 0.86441976 6.4323586e-19 0.9616318 0.049253006 0.036692966 0.07458434 0.54357207 0.25117084 0.797938 0.5743867 0.0071171694 0.42407367 0.007304025 0.047935117 0.09353049 0.41418824 0.067046024 0.017416265 0.0008938034 0.034762744 0.019300645 0.08316162 0.0008858663 0.0067555956 0.009962543 0.0009743201 0.037985284 0.001325797 0.002778897 0.001811622 0.077511184 0.14142059 0.052574404 0.23980443 0.15375382 0.037042405 0.0030092723 0.0002975667 0.0108652795 0.054053072 0.039581887 0.054947585 0.021589657 0.00020696444 0.0001415486 0.038833555 0.0003258201 0.00052575546 0.0008621081 0.0007497929 0.00041752504 2.0685107e-05 0.03459577 0.0026982815 0.0010909884 0.000339809 0.0007279155 0.00085157837 0.00041808523 0.0012736515 0.005046121 1.2534885e-05 0.015124466 0.001909753 3.021082e-05 0.00022643145 0.004053325 0.0075199455 0.0003977095 6.98485e-06 0.0026026473 0.03442874 0.000115140996 0.026653007 0.00039094567 0.0023964797 3.410926e-06 5.7644913e-05 8.353678e-07 0.07552992 8.030092e-05 0.002942575 0.0739095 5.0018996e-05 2.6590082e-05 1.3776611e-05 2.8746333e-06 0.00062547997 2.5930303e-06 0.010461172 0.00013713723 6.691536e-06 0.0003885566 0.018441373 0.036930952 1.2967119e-05 4.5573444e-05 4.7471164e-07 2.4392126e-05 1.01783e-05
0.5637217 0.739335 0.9616318 7.162927e-21 0.6907567 0.33649114 0.7407918 0.09324807 0.05696752 0.25353295 0.91820216 0.26644078 0.033834394 0.04105722 0.036196873 0.037001316 0.051041596 0.14730111 0.24025491 0.016734164 0.036764733 0.016942736 0.0033430797 0.0097924145 0.08212507 0.0027187015 0.0018960101 0.14927982 0.015206233 0.015575658 0.000736274 0.005385065 0.3462174 0.0015503899 0.032708857 0.42853844 0.0024629761 0.00018756167 0.0002465266 0.037164886 0.0027662974 0.045467004 0.13535118 0.0009544832 3.183822e-05 0.0009830853 0.00083357724 1.747371e-05 8.962821e-05 0.003579558 0.00067906315 0.00014410891 2.1566888e-05 0.03683102 0.0015380336 0.0011562748 5.2426935e-06 0.0005434992 0.0024183134 0.00042843434 6.4967585e-06 8.755272e-05 3.1878185e-06 1.2457999e-06 6.8608744e-05 7.2025327e-06 2.939027e-05 2.8053967e-07 0.00010366401 3.148473e-05 1.0457026e-06 5.289313e-06 0.2675772 7.1409504e-06 0.055068925 0.0005064289 2.8936174e-06 3.5088166e-09 2.8673217e-05 1.431774e-06 0.33651036 3.418605e-06 0.0052328384 0.067336276 1.6201389e-07 1.3891541e-06 7.901361e-07 4.7505583e-07 0.00015286675 4.2854325e-07 0.026104264 1.787961e-05 3.2579226e-07 0.0003537794 0.020297656 0.1623151 2.4213733e-07 6.8698506e-07 1.0939285e-07 7.804646e-07 1.3095164e-06
0.25516465 0.4925308 0.049253006 0.6907567 1.9698425e-19 0.942919 0.967988 0.036967386 0.15915893 0.0015487785 0.016138235 0.87376934 0.011605127 0.59714544 0.3801558 5.124552e-05 0.0090384 0.0004156494 0.4589883 0.1561342 0.1693859 0.00010946763 1.6724094e-05 0.12677073 0.22032818 2.7805893e-06 0.08551214 0.29474306 0.075250566 0.06826946 6.2365248e-06 0.00011874081 0.014435349 8.893212e-06 0.2042876 0.27372852 0.005467724 9.675887e-06 0.007235387 0.00033123392 0.000454983 0.16590562 0.011445015 0.0006594312 0.002340691 0.0044702934 0.00021015792 1.7826806e-06 1.01813575e-05 0.0045984862 5.1260404e-06 0.0011497756 0.0020357987 0.0017522674 1.872767e-05 1.3601846e-05 2.2175325e-06 4.4931744e-06 0.002312928 0.0008980978 5.2552958e-05 0.0002640192 0.00021366395 1.7072376e-06 0.00026634487 4.6193045e-07 0.0031523928 4.498716e-07 0.00017195336 0.00028282104 4.3960503e-05 1.2151324e-05 0.06133527 0.0002177001 0.0024344511 0.00065995904 8.367137e-07 1.856024e-08 6.33975e-05 0.000130238 0.05464784 6.496743e-07 0.0058746976 0.0018635017 1.6796573e-06 6.0285797e-06 1.8550428e-07 1.5188903e-06 3.782276e-06 1.4348933e-06 0.0017016858 0.00010301093 1.514444e-06 0.0015045846 0.01513832 0.004683371 3.3989423e-07 5.900061e-07 7.209137e-08 1.0038089e-07 3.7398456e-07
0.48574826 0.44677952 0.036692966 0.33649114 0.942919 2.5610914e-15 0.70674807 0.036476295 0.12269303 0.00084798265 0.0061482633 0.869845 0.007622119 0.90981966 0.7421863 6.812198e-05 0.006361462 0.000119111 0.45214102 0.4720485 0.39218917 8.7037566e-05 3.935847e-05 0.39979506 0.27855107 1.0582742e-06 0.26656973 0.40126765 0.17147925 0.17279291 8.188241e-06 7.640302e-05 0.009972043 3.7151772e-06 0.37512577 0.23428 0.0058312095 2.5305859e-05 0.04734715 5.6191122e-05 0.00029386612 0.34448683 0.005498964 0.0006305501 0.016163971 0.009605846 0.0001670542 1.030374e-05 1.1550728e-05 0.012705622 2.6067679e-05 0.0057923677 0.007083384 0.001027252 1.9856452e-05 1.2773912e-05 6.835075e-06 9.80163e-06 0.004176308 0.0016247438 0.00013079215 0.0013747083 0.00057061994 6.8963477e-06 0.0017787595 1.1068304e-06 0.021852404 1.7720679e-06 0.0007198722 0.0011620127 0.00017067755 3.3615423e-05 0.04855617 0.0018202366 0.0010939584 0.0014702452 0.00022343839 4.0099792e-08 0.00013039149 0.00054811366 0.04870221 1.7368768e-06 0.01448297 0.0023926136 7.3306787e-06 1.1945208e-05 1.8211645e-07 8.126131e-06 9.457759e-06 4.8078105e-06 0.001653743 0.00047864232 1.6472948e-05 0.0067809206 0.043170765 0.005949482 5.970665e-06 1.2903809e-05 9.4496846e-07 1.46327575e-05 6.809437e-07
0.73868227 0.58046865 0.07458434 0.7407918 0.967988 0.70674807 1.06438835e-16 0.065879464 0.19120814 0.003683628 0.029642005 0.8156212 0.021083187 0.46150574 0.3640094 0.00017338201 0.009477457 0.0011066182 0.7233793 0.1004969 0.113960385 0.00015860527 6.382141e-05 0.07943527 0.2950836 3.105383e-05 0.037579603 0.70147127 0.10715813 0.10553688 6.1835854e-06 0.000591825 0.027785195 8.120746e-06 0.15216507 0.6485669 0.0074615427 0.00029179372 0.0071309092 0.000923705 0.00074059935 0.29177064 0.012548959 0.0014691261 0.003595457 0.002975118 0.0007729995 3.798211e-05 1.3876468e-05 0.0023895397 6.6908083e-06 0.0015225813 0.001585911 0.0013825013 5.261727e-06 3.1038062e-06 2.2870792e-05 5.9878234e-06 0.0014784333 0.00060864526 3.6160647e-05 0.00068050565 0.00095714815 6.405894e-06 0.00067349465 4.0317523e-06 0.001037274 1.1864594e-06 0.00035011637 0.00019201616 4.8560174e-05 7.4163477e-06 0.12530415 0.0001892611 0.0016047776 0.00041539918 1.1831763e-05 5.6917827e-07 0.00013938734 0.00018043531 0.10719569 3.4438933e-06 0.004970566 0.0021660489 4.681529e-06 8.808408e-06 1.495514e-07 5.0668173e-06 2.6288485e-06 3.205855e-06 0.001585326 0.00022870151 2.36282e-07 0.0010094648 0.01353216 0.012396326 4.758904e-06 1.0821366e-06 3.3330068e-07 1.7810628e-06 7.2476536e-07
0.060809672 0.5964676 0.54357207 0.09324807 0.036967386 0.036476295 0.065879464 1.5429765e-20 0.68398964 0.1405885 0.024200773 0.010548988 0.899696 0.0037390152 0.013074233 0.007194556 0.35907763 0.0013549095 0.009479618 0.00030576892 0.031428255 0.0005375916 0.017132472 0.0004726283 0.0037907623 0.0010697823 0.0012414592 0.008329261 0.0012350783 0.001307086 0.00012950638 0.017820917 0.0079721175 0.00310023 0.07143238 0.0144582065 0.15818197 0.0004122868 2.048856e-05 0.00026644903 0.03194744 0.0064277966 0.0014576891 0.09963545 3.292989e-05 0.000104797684 0.05166906 0.00010205471 1.6038557e-05 0.0004753876 4.421496e-05 1.4444638e-05 6.829126e-06 0.001351924 1.6131455e-05 1.5699225e-05 3.4180168e-05 5.1610436e-06 0.00012320073 1.9330424e-05 0.003046922 0.006587844 3.9360366e-06 0.0039785802 0.005013008 5.5782664e-07 0.0012187071 0.00059237215 0.013341205 0.00021821728 7.8774417e-07 0.004589634 0.0030274761 0.0016523816 0.0007327296 1.0033754e-05 0.00013883744 4.2099155e-06 1.9568153e-05 2.0946389e-05 0.0050155637 2.0342936e-06 0.0015164278 0.0012689976 3.974437e-05 2.8619413e-06 5.9216336e-07 1.0614911e-05 3.5711237e-06 4.7883495e-06 0.0017021924 0.00011936492 6.9018245e-07 3.473578e-05 0.0032370456 0.0012134888 0.00017091862 0.00021654366 1.7084753e-06 5.899169e-06 2.9372055e-07
0.26163495 0.9222944 0.25117084 0.05696752 0.15915893 0.12269303 0.19120814 0.68398964 1.196788e-16 0.11672593 0.010421387 0.05032001 0.5241473 0.0825423 0.16968128 0.0057676975 0.51841825 0.0005408377 0.048683368 0.011470294 0.3357559 0.00045435448 0.0059833573 0.011031475 0.015094077 0.00043533213 0.0128085045 0.028206477 0.009341843 0.0072833914 7.835522e-05 0.061043907 0.0033128762 0.014781958 0.91930395 0.018851051 0.8468997 0.0005649579 0.0020202722 4.5683013e-05 0.18511316 0.013851744 0.0009981305 0.3166691 0.0012357911 0.0005720955 0.18930028 0.00022049116 1.5843527e-05 0.0022705 1.8975008e-05 0.0004894944 0.00020646291 0.0016238259 1.7507673e-05 2.3954468e-05 3.6678954e-05 1.01069445e-05 0.0006491993 0.00038234185 0.023683399 0.15818493 0.000115392846 0.022151258 0.12788235 6.182138e-07 0.059393063 0.002828507 0.1760648 0.0007316546 1.6060996e-05 0.06792544 0.0024193123 0.06003514 0.00053782004 0.0001789984 0.001997018 8.511939e-06 1.751021e-05 0.0007978372 0.0059293765 3.8881367e-06 0.0024453246 0.0026653504 8.4598425e-05 1.2401344e-05 7.4235044e-07 4.5216398e-06 1.0236239e-05 1.7459153e-05 0.0017242111 0.0006099137 2.017309e-05 0.00046537098 0.006950898 0.0021397187 0.0006791694 0.0011305098 4.45395e-06 0.00014519252 1.6552875e-06
0.81683487 0.089147955 0.797938 0.25353295 0.0015487785 0.00084798265 0.003683628 0.1405885 0.11672593 1.4335523e-18 0.5606079 0.00019643421 0.18370025 0.00020416948 0.002533694 0.9574208 0.8327143 0.27411905 0.0007689035 1.9547284e-05 0.004072605 0.38642362 0.9280321 2.3952003e-05 0.0005718953 0.42967528 9.2781775e-05 0.0020333994 5.2948515e-05 0.00017831905 0.15270458 0.44817764 0.13200594 0.5852767 0.0449481 0.022023585 0.012943102 0.13090119 7.262046e-05 0.07937128 0.3278326 0.0013176845 0.05294172 0.020362284 9.6496464e-05 1.680118e-05 0.11202336 0.0076671564 0.008943307 0.00017116395 0.008532718 4.3261134e-05 1.9682548e-05 0.1874156 0.043955658 0.019600902 0.0024463169 0.008080831 3.5351768e-05 3.3016775e-05 0.0026163205 0.0007484969 3.1725663e-06 0.045770522 0.0002268739 0.0005456433 0.00017534183 0.05145789 0.001401545 0.0001472173 4.6269008e-07 0.00028490415 0.0030195091 3.09208e-06 0.047758874 2.6248051e-06 0.02181616 0.00016623447 1.1195984e-06 2.7489127e-06 0.008816699 0.0005892827 0.00055445405 0.099687375 0.00016705596 3.221539e-07 0.00035343174 7.1147086e-05 0.016836531 5.222065e-06 0.020382721 0.00010743022 5.674602e-05 2.7898821e-05 0.0026301022 0.02547126 1.0358442e-05 0.00024512256 4.110554e-06 1.485317e-05 3.787837e-05
0.9170405 0.06651853 0.5743867 0.91820216 0.016138235 0.0061482633 0.029642005 0.024200773 0.010421387 0.5606079 3.3871816e-21 0.0011997962 0.019580668 0.0010815284 0.0067970166 0.16375518 0.10114099 0.96491736 0.007948726 0.00012410141 0.0010300734 0.57286835 0.015977835 5.9777616e-05 0.005132042 0.02006825 5.6420944e-05 0.014744339 0.00049303373 0.00248258 0.01058283 0.009059253 0.81644356 0.009754177 0.0076704905 0.18299374 0.0005822438 0.0011681609 8.423887e-05 0.24499147 0.007828547 0.015631907 0.51852685 0.00033370638 3.8020746e-05 0.00012453427 0.0014718004 0.00011027529 0.0006866583 0.00053756725 0.0016976116 8.197293e-05 2.2928512e-05 0.31921998 0.0050265966 0.0017776589 4.1303138e-05 0.0013428606 0.0006337127 0.0003303903 7.5254266e-06 4.3277265e-05 1.0200412e-06 2.903385e-05 7.687799e-06 4.7258094e-05 0.0003151371 4.3122116e-05 6.373674e-05 0.00012947405 4.0742248e-07 5.04479e-07 0.049364492 2.4513774e-06 0.07758708 0.0001071974 0.0006518552 3.8551332e-07 2.78808e-06 6.59241e-07 0.20365563 2.0361133e-05 0.0021590483 0.47503352 1.8525157e-06 6.945917e-08 7.954826e-06 1.293909e-07 0.0021801465 8.6449425e-08 0.06351084 0.00017999738 2.4695802e-07 0.00013210981 0.013430847 0.31027892 8.3633955e-07 7.018731e-06 7.889678e-08 1.5340314e-06 1.6102288e-06
0.65299577 0.13545525 0.0071171694 0.26644078 0.87376934 0.869845 0.8156212 0.010548988 0.05032001 0.00019643421 0.0011997962 3.3063664e-16 0.0021557554 0.79544234 0.5593471 1.42243825e-05 0.0011388974 2.2008893e-05 0.8675843 0.5569524 0.23857126 2.5484642e-05 1.1117691e-05 0.5963754 0.7293888 3.9318135e-07 0.32211396 0.5966147 0.5027152 0.41349506 1.1540484e-06 2.7645754e-05 0.0027632902 1.0371816e-05 0.17683563 0.20169215 0.00044767078 4.531009e-05 0.12604381 7.4411655e-06 0.00033759492 0.38878816 0.0020605419 8.8000066e-05 0.02995645 0.063324735 4.3707514e-05 3.249084e-06 2.5590598e-06 0.035182044 2.1257213e-06 0.008022672 0.01153622 0.00012253341 8.4344975e-07 3.7550166e-07 2.2354473e-06 1.3546375e-07 0.009624222 0.0041505983 2.803514e-05 0.00036601993 0.0017290177 4.9662344e-06 0.00029818004 3.0529e-07 0.0053079515 2.163202e-07 0.0001253029 0.00023172397 0.00021761458 4.6267883e-06 0.090593055 8.3983716e-05 0.0002900414 0.0016263009 6.626871e-05 1.3538637e-07 0.00025613233 5.241026e-05 0.044343814 3.8339232e-07 0.012547343 0.0004932771 6.710926e-06 4.37073e-05 7.872537e-09 7.622554e-06 8.417699e-08 1.0450859e-05 0.0008139352 0.0003420482 1.3751434e-05 0.0034911698 0.020540249 0.0029045052 3.8023334e-06 3.3556694e-06 6.0618186e-07 8.8245974e-07 4.7500598e-07
0.03233555 0.2567645 0.42407367 0.033834394 0.011605127 0.007622119 0.021083187 0.899696 0.5241473 0.18370025 0.019580668 0.0021557554 2.7740762e-21 8.347029e-05 0.0030437068 0.015921434 0.7928668 0.0018069061 0.0021172864 1.5647103e-05 0.013762292 0.0007189696 0.07294228 1.8018178e-05 0.0012411455 0.0017371959 3.0080899e-05 0.0031733944 0.00024892096 0.00016934947 0.00030687463 0.12332096 0.0031664367 0.014122117 0.089675166 0.004396235 0.23616971 0.0012556099 2.1588576e-07 0.00030750656 0.12053973 0.0011083488 0.00063679385 0.24346253 1.0716734e-06 1.5118214e-05 0.1453575 0.00028884067 4.5926237e-05 8.904783e-05 9.880857e-05 4.1815954e-07 5.473311e-07 0.0022694783 0.00021026898 0.0002189669 0.000107233594 3.6023554e-05 5.713076e-06 5.4845627e-06 0.0147889955 0.005786866 3.0306188e-07 0.025855025 0.005073592 6.9298153e-07 9.131433e-05 0.00317528 0.028351074 5.4262828e-06 2.1757511e-08 0.015759822 0.0016760203 0.0008284951 0.0010591608 6.6906586e-07 0.000930199 2.3167591e-05 6.7038667e-07 3.5413348e-07 0.003172302 1.9659333e-06 8.342066e-06 0.00047664123 0.0005693957 2.1122695e-07 3.7428927e-07 1.791925e-05 6.4377375e-05 6.5847314e-07 0.00083141815 5.266042e-05 1.12614525e-05 2.7942745e-06 0.00018066485 0.001074064 0.0005803081 0.00093930814 7.5749034e-07 7.16527e-06 7.870271e-07
0.35551402 0.13184871 0.007304025 0.04105722 0.59714544 0.90981966 0.46150574 0.0037390152 0.0825423 0.00020416948 0.0010815284 0.79544234 8.347029e-05 1.1724586e-16 0.8892598 1.3164215e-05 0.00022063419 2.4592227e-05 0.5581808 0.8731105 0.4996496 2.6817117e-05 6.274556e-06 0.7457475 0.4688952 1.0555015e-06 0.8973975 0.25277364 0.5673159 0.3006104 7.822131e-06 2.569938e-06 0.003885216 2.1200667e-06 0.23716542 0.090560466 0.00068402564 0.00018809405 0.09772435 2.607934e-05 4.3737615e-05 0.31546068 0.0024108272 0.0001109356 0.058080513 0.051457558 1.0343931e-05 1.6238853e-05 4.8344637e-06 0.07638133 5.9614456e-05 0.031020163 0.06179357 0.0002712667 4.5759607e-06 3.0064652e-06 2.9817832e-06 2.1487344e-06 0.026921997 0.0123312045 1.30738945e-05 0.0007656732 0.007314813 9.116919e-07 0.0014956688 1.967046e-07 0.036588505 7.335941e-07 4.8940103e-05 0.032752793 0.00040803474 2.2154443e-06 0.044783283 0.00072406494 0.00046834824 0.003575967 0.00022313918 3.5660852e-07 0.00042327135 0.001486879 0.02397217 6.113296e-07 0.038765546 0.00071205624 1.0268064e-05 3.090419e-05 4.247687e-08 2.7294616e-06 1.004258e-05 0.0004707509 0.0003343451 0.0032031995 6.5097147e-06 0.01390777 0.06127545 0.0014023031 3.6996555e-06 4.222823e-06 1.9936117e-06 1.784003e-05 2.9034084e-06
0.4754953 0.4337637 0.047935117 0.036196873 0.3801558 0.7421863 0.3640094 0.013074233 0.16968128 0.002533694 0.0067970166 0.5593471 0.0030437068 0.8892598 7.2393667e-16 0.00041179446 0.0038206286 0.0001613617 0.38384098 0.46410614 0.9645771 7.074013e-05 0.00022458794 0.31293884 0.25289598 2.3992261e-05 0.8581481 0.12125553 0.3002571 0.13786602 8.110063e-05 9.735185e-05 0.009834778 0.00024375814 0.3679371 0.060843363 0.006640469 0.000277382 0.07354562 0.0004271802 0.00048900145 0.17739883 0.005746302 0.00047266012 0.070173696 0.043016057 0.00013303198 8.532026e-05 3.1142834e-05 0.0881276 0.00013149125 0.055000547 0.06472513 0.0017000379 0.00011182572 9.001213e-05 2.9591109e-05 4.075216e-05 0.036500357 0.030518556 0.00019175393 0.0030743761 0.010866902 3.5702928e-06 0.004713963 9.557001e-07 0.16984397 6.0565458e-06 0.0009762226 0.04673794 0.0007670279 5.9625487e-05 0.033013795 0.009964965 0.0011974027 0.01345525 0.00017681971 3.1707818e-06 0.002482734 0.0095710335 0.033348337 8.211114e-06 0.095610544 0.002573053 7.1603513e-06 0.0002548531 1.2658886e-05 1.7543807e-05 0.00016078951 0.00074530725 0.0023232254 0.003473696 1.7249478e-05 0.081302695 0.11283701 0.0069766287 2.3450008e-05 8.82042e-06 1.5356e-05 3.3217326e-05 9.551192e-06
0.666963 0.0046271617 0.09353049 0.037001316 5.124552e-05 6.812198e-05 0.00017338201 0.007194556 0.0057676975 0.9574208 0.16375518 1.42243825e-05 0.015921434 1.3164215e-05 0.00041179446 1.8435476e-20 0.2344488 0.22643961 0.00014883878 9.450223e-06 0.0011267393 0.46713734 0.6785822 2.1162143e-06 0.00012961165 0.9640121 0.00010827993 0.00028724963 1.2105153e-05 1.0929713e-05 0.49191976 0.14533605 0.063269295 0.37841704 0.0062954696 0.0037824023 0.0016275971 0.45610857 2.8263144e-06 0.23155218 0.1096202 0.0003310261 0.03231852 0.0009213683 4.4322238e-05 7.0233045e-06 0.02573507 0.029906332 0.10404812 1.3886133e-05 0.08181067 7.983433e-06 3.918521e-05 0.21705984 0.12307627 0.076466404 0.03150674 0.047214493 5.5289183e-06 5.5214778e-06 0.00037851592 7.219385e-05 3.5153362e-06 0.00903513 4.5236862e-05 0.007488482 0.00056708336 0.009635279 7.425813e-05 0.0010419274 1.0818811e-07 2.7324557e-05 0.0010652667 2.8408774e-06 0.06846045 9.007395e-07 0.0753842 0.000118383046 1.3753893e-06 6.476851e-06 0.00378919 0.0016351015 0.00010921226 0.0656893 3.0738618e-05 1.554107e-07 0.0015553222 0.0006731604 0.042150985 7.063419e-06 0.0213751 4.9086735e-05 0.0003953969 2.8821053e-06 0.00041488349 0.011208779 9.740858e-07 3.3079243e-05 1.573559e-05 0.00012016959 0.0001721437
0.33887634 0.16084315 0.41418824 0.051041596 0.0090384 0.006361462 0.009477457 0.35907763 0.51841825 0.8327143 0.10114099 0.0011388974 0.7928668 0.00022063419 0.0038206286 0.2344488 1.4338428e-17 0.02560038 0.0018004839 0.000114909875 0.0077006007 0.008868206 0.761013 5.6501827e-05 0.002673501 0.03889755 0.00021751417 0.0005245559 0.0001485604 0.000115541385 0.007868445 0.85025585 0.012107659 0.54329425 0.22875999 0.002566529 0.20535624 0.02798292 2.3929442e-05 0.0018582656 0.8113212 0.0003916265 0.001448018 0.3094241 8.452988e-05 3.0948726e-05 0.57748765 0.0049484377 0.00081575743 0.0001461809 0.006431979 1.2352078e-05 2.3039027e-05 0.0067919428 0.0037884673 0.003580509 0.0028739758 0.0021416305 9.618056e-06 1.1964032e-05 0.062061056 0.009328053 7.722497e-06 0.25695178 0.009734174 3.7508904e-05 0.00015907956 0.093797736 0.023570113 0.00017671334 6.4242874e-07 0.026069732 0.00071905286 0.0016030476 0.0030196302 7.359812e-06 0.1283487 0.0028547326 2.6465702e-06 1.0027406e-06 0.0023833266 0.0001571264 0.00014876072 0.002191382 0.012789121 1.7066027e-06 1.200528e-05 0.00032741454 0.00053847284 8.077308e-06 0.0016563708 0.00040277463 0.0005069116 4.5498058e-05 0.0007973485 0.0029572684 0.002042571 0.004924752 4.93594e-06 1.5730036e-05 5.4409325e-06
0.27625114 0.002195747 0.067046024 0.14730111 0.0004156494 0.000119111 0.0011066182 0.0013549095 0.0005408377 0.27411905 0.96491736 2.2008893e-05 0.0018069061 2.4592227e-05 0.0001613617 0.22643961 0.02560038 2.5297665e-23 0.0008187332 2.7987307e-06 0.00036391488 0.990418 0.026709488 1.9047555e-06 0.00040981366 0.108198635 2.1825252e-05 0.0013278703 1.2062237e-05 6.157003e-05 0.06658797 0.0069198054 0.2965587 0.0125662945 0.00046451698 0.012075619 4.4371845e-05 0.0069986065 1.3718792e-05 0.60039264 0.0019330591 0.0008746134 0.13016914 3.951372e-05 9.909086e-06 3.5181235e-06 0.00013686313 0.0007341901 0.004694103 1.659724e-05 0.015291356 1.270241e-05 8.155478e-06 0.38046578 0.04343404 0.01432332 0.00041795225 0.008566147 1.2971126e-05 3.5442422e-06 1.2200594e-05 6.115448e-07 1.06030214e-07 5.9777017e-06 6.296241e-07 0.00034086223 3.0950232e-05 1.3659354e-05 2.3624384e-06 0.00043708662 8.363968e-09 2.0211738e-07 0.008517828 5.4488174e-07 0.19591276 2.1037145e-06 7.9895464e-05 5.1847996e-07 6.5739135e-07 1.3559938e-06 0.019883148 8.4523985e-05 6.915035e-05 0.1042337 5.051005e-07 2.7591925e-08 0.00013610041 5.7585703e-06 0.0044786274 2.725291e-07 0.05448919 2.598919e-05 1.4132247e-07 2.9524313e-06 0.0007090595 0.039113987 9.204846e-08 9.898531e-07 5.641191e-07 1.5953091e-06 3.068821e-05
0.68423826 0.16572143 0.017416265 0.24025491 0.4589883 0.45214102 0.7233793 0.009479618 0.048683368 0.0007689035 0.007948726 0.8675843 0.0021172864 0.5581808 0.38384098 0.00014883878 0.0018004839 0.0008187332 2.3686857e-15 0.20373073 0.11075118 0.00017088096 0.00021673249 0.26460865 0.88839644 1.5855043e-05 0.13237548 0.91737884 0.43847066 0.52791053 8.883878e-06 0.000114399125 0.016623395 9.2865885e-05 0.0504491 0.4452982 0.00066063215 0.00041967878 0.037521128 0.00033773793 0.00040344236 0.5750682 0.011379854 0.00014170907 0.010963245 0.017644878 0.00011028076 0.000101538346 9.758623e-06 0.014035784 6.507399e-06 0.0053620352 0.0029685572 0.0008950321 2.5094685e-05 7.889144e-06 2.3695427e-05 5.8567234e-06 0.0041322783 0.0028788873 3.1688698e-05 0.0003483736 0.0011166236 2.765253e-05 0.00044860778 1.439791e-06 0.0038605586 1.1266485e-06 0.00023767569 0.0001514167 0.00039230156 3.0052941e-05 0.14549893 9.376023e-05 0.0014669162 0.0009450529 5.8506525e-05 2.5369254e-06 0.00021596494 0.00016477496 0.090768434 2.9207906e-06 0.007380632 0.00096022786 2.5832724e-05 6.872525e-05 1.6620791e-07 1.0475127e-05 1.0696864e-06 2.8689521e-05 0.0015897391 0.00046952732 5.0593235e-06 0.002654214 0.01023357 0.009592961 4.2036474e-05 3.2518663e-05 1.98242e-06 2.9918438e-06 1.918959e-06
0.06499311 0.0271818 0.0008938034 0.016734164 0.1561342 0.4720485 0.1004969 0.00030576892 0.011470294 1.9547284e-05 0.00012410141 0.5569524 1.5647103e-05 0.8731105 0.46410614 9.450223e-06 0.000114909875 2.7987307e-06 0.20373073 9.436575e-18 0.23719127 1.1512962e-05 3.7870366e-06 0.96412045 0.22137299 2.8035004e-07 0.91547763 0.060516596 0.36955494 0.13909887 8.709822e-06 1.4803563e-05 0.0004637955 6.8384065e-06 0.08101605 0.022970986 5.3060787e-05 3.754949e-05 0.26379895 2.2783583e-05 2.9417217e-05 0.08460613 0.00034471662 3.7391645e-05 0.10867663 0.13402584 6.2309255e-06 6.656549e-06 2.314044e-06 0.07523635 2.8519878e-06 0.0664164 0.17453963 5.324886e-05 1.2508751e-06 8.489997e-07 1.736211e-06 7.13317e-08 0.026493203 0.03213143 2.750708e-05 2.9388786e-05 0.044076975 3.5488354e-06 2.2774566e-05 3.12822e-07 0.047354612 3.034257e-07 9.623011e-06 0.07804038 0.005997351 2.0025293e-06 0.005776687 1.9684556e-05 8.003074e-05 0.006471662 7.0388436e-05 9.0235204e-08 0.0016001875 0.0024132356 0.0031218468 4.2404608e-07 0.028958037 5.595599e-05 1.9027458e-06 0.0009036818 3.276666e-08 1.5200147e-06 1.14996084e-07 0.0039097294 0.00047289545 0.0050878325 6.7805e-06 0.01681316 0.02889479 0.00021100299 1.7194483e-06 2.0444613e-06 8.3276274e-07 2.101621e-06 6.1566266e-07
0.046543386 0.38654628 0.034762744 0.036764733 0.1693859 0.39218917 0.113960385 0.031428255 0.3357559 0.004072605 0.0010300734 0.23857126 0.013762292 0.4996496 0.9645771 0.0011267393 0.0077006007 0.00036391488 0.11075118 0.23719127 1.7082102e-15 0.0003053685 0.0003305406 0.15591133 0.06799813 0.00017112706 0.692658 0.037441626 0.08823944 0.041690707 0.0004460869 0.00068090967 0.0014885751 0.00018204586 0.8209367 0.011486325 0.048529875 0.0009640306 0.05603706 0.0005283223 0.0018452574 0.03148977 0.0014088944 0.003928179 0.07496846 0.024278682 0.001529285 0.00077509444 0.00022476063 0.036283948 0.00033244217 0.047059517 0.1964682 0.0018063496 0.0002779887 0.0003242454 0.0006020683 8.9483525e-05 0.01905752 0.02172971 0.0020383806 0.023586566 0.029355459 5.3642285e-05 0.04237849 1.7571234e-05 0.9286448 1.1258262e-05 0.01739882 0.15236259 0.004326058 0.0012753312 0.011081564 0.14433454 0.0009179237 0.011849574 0.00082943676 1.0537353e-06 0.0016634518 0.15903054 0.022065632 1.6442984e-05 0.020111708 0.0009001072 3.523192e-05 0.0008550688 3.1811265e-05 5.8873753e-05 0.00019315525 0.0144303115 0.003150379 0.10565074 0.00019104552 0.031228004 0.03741218 0.0025800152 0.00021212842 4.780025e-05 1.3307809e-05 0.00033487863 9.600273e-05
0.295999 0.0004967528 0.019300645 0.016942736 0.00010946763 8.7037566e-05 0.00015860527 0.0005375916 0.00045435448 0.38642362 0.57286835 2.5484642e-05 0.0007189696 2.6817117e-05 7.074013e-05 0.46713734 0.008868206 0.990418 0.00017088096 1.1512962e-05 0.0003053685 5.7693117e-21 0.044004776 1.700139e-06 0.0002912219 0.3198755 4.595678e-05 0.00021516424 6.715247e-06 8.5818e-06 0.28623086 0.0027905514 0.2945864 0.020570392 0.00012285648 0.0024027203 5.53978e-06 0.020997012 9.288639e-06 0.9632424 0.0007139602 0.00011556806 0.11024386 2.6034984e-05 1.7156604e-05 2.1763574e-06 6.216298e-05 0.0040513845 0.017335724 2.2135835e-06 0.057051558 6.9798225e-06 2.1766178e-05 0.57126385 0.12854019 0.03453995 0.0030109056 0.016037319 2.4495992e-06 9.84186e-06 6.6646853e-06 1.5208566e-05 1.4254807e-06 4.6112633e-05 8.749059e-06 0.00076716463 0.00030389588 7.517253e-05 1.9811707e-06 0.00016152984 3.1710098e-07 6.7084816e-06 0.0047606495 7.561684e-06 0.30064702 1.834936e-06 7.569907e-05 6.2332256e-06 9.532878e-07 4.5988236e-06 0.010069375 0.0007876211 8.070213e-05 0.059651595 3.4038874e-06 1.2856518e-07 0.00082797575 5.670717e-05 0.009399346 1.8294409e-06 0.046554323 0.00034233442 3.180194e-06 2.9699286e-06 0.00011508381 0.026817508 3.6664424e-06 4.696952e-06 7.8504545e-06 1.0825333e-05 5.4845503e-05
0.33656138 0.003325427 0.08316162 0.0033430797 1.6724094e-05 3.935847e-05 6.382141e-05 0.017132472 0.0059833573 0.9280321 0.015977835 1.1117691e-05 0.07294228 6.274556e-06 0.00022458794 0.6785822 0.761013 0.026709488 0.00021673249 3.7870366e-06 0.0003305406 0.044004776 7.8552856e-17 2.9467324e-06 3.456487e-05 0.5040187 0.00032568863 2.3009801e-05 1.7144059e-05 4.5196825e-06 0.3022998 0.57946986 0.005880606 0.95446855 0.011886804 0.00014782183 0.0014453457 0.6485855 2.1159369e-05 0.040184617 0.11679347 2.3072064e-06 0.00029074677 0.010475873 0.0001261185 6.72742e-06 0.031553112 0.2536156 0.09774684 3.512101e-05 0.063120626 3.0586034e-05 2.5899546e-05 0.074868776 0.07727325 0.06357891 0.11419645 0.019075822 7.227689e-06 7.972394e-06 0.0045532784 7.7906734e-05 2.3570508e-06 0.03806492 1.1552337e-05 0.017834127 0.00014229762 0.04247022 0.00010078016 0.004275181 2.0282012e-06 3.0746152e-05 5.8961465e-05 3.2746952e-06 0.021758275 2.1900229e-05 0.17549472 0.0018942236 5.1534033e-05 3.9436263e-06 0.0012053194 0.006878053 4.5869074e-05 0.01331948 0.0005352654 2.718389e-05 0.0051015024 0.005275009 0.0288514 4.2592546e-05 0.005079908 0.001977691 0.0129587995 4.3704506e-05 6.254892e-05 0.0053455587 3.4982284e-05 0.00014468303 6.3108004e-05 0.00012265968 0.00025000868
0.15666907 0.015233557 0.0008858663 0.0097924145 0.12677073 0.39979506 0.07943527 0.0004726283 0.011031475 2.3952003e-05 5.9777616e-05 0.5963754 1.8018178e-05 0.7457475 0.31293884 2.1162143e-06 5.6501827e-05 1.9047555e-06 0.26460865 0.96412045 0.15591133 1.700139e-06 2.9467324e-06 5.176895e-18 0.38545558 8.620031e-08 0.81918865 0.09186289 0.6285652 0.4077373 8.3165713e-07 1.0458871e-06 0.00035246654 3.0561584e-06 0.049960814 0.0270789 1.5235494e-05 5.9778016e-05 0.4612734 9.0722784e-07 8.641152e-06 0.15784574 5.4202246e-05 1.5608264e-05 0.2639495 0.4559481 1.8492694e-06 2.8186837e-06 2.9771954e-07 0.30090046 1.4778587e-06 0.18931873 0.18047532 3.0467982e-05 5.98713e-07 2.8593672e-07 8.5505803e-07 1.1655874e-07 0.0987231 0.13323037 1.6730005e-06 3.307517e-05 0.06150917 3.3022567e-07 1.8485123e-05 6.288964e-08 0.0032069164 5.6815327e-07 6.512993e-06 0.057087634 0.010274515 2.3437026e-06 0.010129027 6.926311e-06 2.829609e-05 0.024559326 0.00011263993 2.2479288e-07 0.01110558 0.0015431229 0.004988307 8.5288764e-07 0.099856496 5.3649503e-05 1.0582348e-06 0.0036857526 2.2408813e-08 3.74285e-07 2.7754376e-07 0.0048836046 0.0001816108 0.00487418 3.7084587e-06 0.055700824 0.072567806 0.00039134573 3.3341944e-06 1.5897278e-06 2.9209647e-07 4.6708255e-06 5.1553445e-07
0.41318315 0.06194381 0.0067555956 0.08212507 0.22032818 0.27855107 0.2950836 0.0037907623 0.015094077 0.0005718953 0.005132042 0.7293888 0.0012411455 0.4688952 0.25289598 0.00012961165 0.002673501 0.00040981366 0.88839644 0.22137299 0.06799813 0.0002912219 3.456487e-05 0.38545558 1.65224e-16 1.4222727e-05 0.14766091 0.7811208 0.79495287 0.89914197 1.5124704e-05 0.00037594925 0.013154821 0.00013096814 0.006444781 0.1968993 0.00010791819 4.778913e-05 0.111640655 0.000432368 0.0008169771 0.58378404 0.009290717 0.000208393 0.019898804 0.06782386 7.303851e-05 6.540355e-06 1.4871201e-05 0.042423453 2.743188e-06 0.017126797 0.007822595 0.00057086925 4.807627e-06 3.201269e-06 8.125e-06 6.841952e-07 0.0077976687 0.014259276 4.7691927e-05 0.00010619777 0.003757437 1.3186541e-05 0.00019701073 5.420571e-07 0.0029435107 5.23299e-07 0.00017402692 0.00062323606 0.001235682 8.9279165e-06 0.17672938 0.00012226016 0.0019765757 0.0023676576 3.332638e-05 2.169073e-07 0.00053789595 0.00022862409 0.10575117 4.4184904e-07 0.013086389 0.00058332126 6.278855e-06 0.00022061632 4.4675716e-08 1.8425378e-06 2.9405195e-08 6.36236e-05 0.0026855557 0.00048721558 1.8233152e-06 0.004277285 0.015965238 0.007298768 1.001833e-05 1.44155865e-05 8.351304e-07 1.1046616e-07 1.691731e-07
0.14019102 0.000577134 0.009962543 0.0027187015 2.7805893e-06 1.0582742e-06 3.105383e-05 0.0010697823 0.00043533213 0.42967528 0.02006825 3.9318135e-07 0.0017371959 1.0555015e-06 2.3992261e-05 0.9640121 0.03889755 0.108198635 1.5855043e-05 2.8035004e-07 0.00017112706 0.3198755 0.5040187 8.620031e-08 1.4222727e-05 7.2703955e-22 3.8549017e-05 3.7504862e-05 9.2481866e-07 6.812295e-07 0.9229076 0.06843503 0.015214058 0.20279834 0.0001110369 0.00065779407 3.7812044e-06 0.80418485 5.5578704e-07 0.26224646 0.009913926 4.8808663e-05 0.011959327 6.1443854e-05 2.0269329e-06 7.397801e-07 0.0005990511 0.21468507 0.45649004 4.2074367e-07 0.25565773 1.0470287e-06 1.7443715e-06 0.11754492 0.119728364 0.092629194 0.15008545 0.10653999 1.2093128e-07 1.1573647e-06 3.1091673e-05 1.1520673e-05 4.663401e-08 0.0009843011 4.7243743e-06 0.061366193 0.00013284321 0.0014977042 4.370887e-06 0.00024294287 9.8818544e-09 4.0290826e-07 0.0005722982 1.7801169e-06 0.047308274 2.5516866e-07 0.023661146 3.723916e-05 4.2875786e-07 5.148613e-07 0.0009491101 0.015005329 2.8745815e-06 0.014071219 4.603251e-06 1.4248997e-07 0.007758714 0.0037193873 0.061686404 2.4462594e-07 0.0138222845 2.4353589e-05 0.00045788725 6.2992495e-07 4.0166757e-05 0.002844893 3.1035887e-07 3.9917945e-06 0.00020884765 0.0005063876 0.0011511426
0.15349633 0.014579478 0.0009743201 0.0018960101 0.08551214 0.26656973 0.037579603 0.0012414592 0.0128085045 9.2781775e-05 5.6420944e-05 0.32211396 3.0080899e-05 0.8973975 0.8581481 0.00010827993 0.00021751417 2.1825252e-05 0.13237548 0.91547763 0.692658 4.595678e-05 0.00032568863 0.81918865 0.14766091 3.8549017e-05 7.042921e-14 0.053461425 0.27623287 0.091567956 0.00012943552 5.6701876e-05 0.00031605415 1.3509748e-05 0.43047148 0.010022202 0.0002638267 0.0013897909 0.50164354 5.058552e-06 7.916069e-05 0.06408428 0.000410024 9.368362e-05 0.50539106 0.09842397 1.5727217e-05 0.0002715004 8.738393e-06 0.09820063 6.993285e-05 0.30840385 0.8244136 0.00015218121 6.6649072e-06 8.033619e-06 4.7763115e-05 1.3639686e-05 0.042686548 0.08810854 7.149431e-05 0.0004534009 0.22698137 1.4995643e-05 0.00060855475 1.4584282e-06 0.6168598 4.0750356e-06 5.9973874e-05 0.502501 0.027083976 1.116393e-05 0.0024684055 0.0006123338 9.288847e-05 0.020135934 0.0013417073 9.558422e-07 0.007039979 0.13538441 0.0060776626 3.9474758e-06 0.04310707 0.0004650693 2.6866088e-05 0.004244588 4.8389217e-07 2.5040345e-05 7.5579137e-06 0.04033122 0.0007166144 0.10281091 0.0001945323 0.047538467 0.05173754 0.001171999 2.2641103e-05 1.1468679e-05 1.2930838e-05 0.0006319892 1.7994189e-05
0.7400711 0.11819874 0.037985284 0.14927982 0.29474306 0.40126765 0.70147127 0.008329261 0.028206477 0.0020333994 0.014744339 0.5966147 0.0031733944 0.25277364 0.12125553 0.00028724963 0.0005245559 0.0013278703 0.91737884 0.060516596 0.037441626 0.00021516424 2.3009801e-05 0.09186289 0.7811208 3.7504862e-05 0.053461425 5.956122e-16 0.30462945 0.72325486 2.040022e-05 2.2180477e-05 0.02269694 4.4707217e-06 0.004456887 0.83538675 8.361896e-05 6.318347e-05 0.022332817 0.00075162674 2.790968e-05 0.92288303 0.010769909 5.586242e-05 0.0064238133 0.009843664 3.1553147e-05 7.7944635e-05 6.788471e-06 0.016712384 1.0871052e-05 0.0051459214 0.0019782276 0.0014331723 7.6134806e-06 6.0063594e-06 1.5178181e-05 5.9852714e-06 0.0044601606 0.005402096 5.7937646e-06 2.108659e-05 0.0008072907 2.3886296e-06 2.7706326e-05 7.335388e-07 0.0014829449 6.841153e-08 3.6087302e-05 0.00020639382 0.00018866894 1.2310471e-05 0.26860592 1.0275097e-05 0.002922474 0.0019958338 2.6847838e-06 1.682398e-07 0.00042737214 2.5851381e-05 0.13826591 1.9474483e-06 0.005771596 0.0012212627 1.4136567e-06 8.931429e-05 6.6383784e-08 3.314783e-07 1.7601373e-07 2.4318242e-05 0.0029017697 0.00024289513 3.4069694e-06 0.0039961566 0.0069868257 0.022252599 2.7656076e-06 8.8934195e-07 3.674155e-07 1.4285482e-06 1.9897965e-07
0.40048322 0.02244941 0.001325797 0.015206233 0.075250566 0.17147925 0.10715813 0.0012350783 0.009341843 5.2948515e-05 0.00049303373 0.5027152 0.00024892096 0.5673159 0.3002571 1.2105153e-05 0.0001485604 1.2062237e-05 0.43847066 0.36955494 0.08823944 6.715247e-06 1.7144059e-05 0.6285652 0.79495287 9.2481866e-07 0.27623287 0.30462945 3.4961513e-16 0.96174544 5.239212e-07 1.9224584e-05 0.0011947141 2.4431469e-05 0.0109509295 0.06909455 1.4366549e-05 2.5319474e-05 0.44978732 2.687471e-06 9.270572e-05 0.43975684 0.0008311134 3.167691e-05 0.08165525 0.20447956 4.0200135e-05 4.5941993e-06 3.6453122e-07 0.21466431 1.8450477e-07 0.13297251 0.04681028 3.3254506e-05 1.7472294e-07 5.1896844e-08 8.520828e-07 8.135075e-09 0.028035428 0.10743026 8.741852e-06 7.333354e-05 0.011915043 2.7531628e-06 0.00011118196 2.0490816e-08 0.0039974162 1.3083724e-07 5.3540785e-05 0.0021225836 0.0054654744 1.8792172e-06 0.053843696 1.9881863e-05 9.474745e-05 0.016958464 1.1627884e-05 2.3866403e-07 0.0013388288 0.0001416045 0.041457403 4.870657e-08 0.021524403 0.00014727068 7.783615e-06 0.00072827033 1.0105686e-08 1.9399981e-06 1.6486247e-10 0.00018694985 0.00060458673 0.0005254742 1.6301836e-05 0.013244797 0.021641763 0.0033114154 3.985351e-06 5.2852183e-06 6.9487817e-07 5.021716e-07 8.619784e-08
0.63034177 0.029153518 0.002778897 0.015575658 0.06826946 0.17279291 0.10553688 0.001307086 0.0072833914 0.00017831905 0.00248258 0.41349506 0.00016934947 0.3006104 0.13786602 1.0929713e-05 0.000115541385 6.157003e-05 0.52791053 0.13909887 0.041690707 8.5818e-06 4.5196825e-06 0.4077373 0.89914197 6.812295e-07 0.091567956 0.72325486 0.96174544 6.1568443e-18 2.9752738e-07 2.0859463e-06 0.0024062092 1.4676367e-06 0.0027301062 0.17514835 4.1351122e-06 4.5596857e-06 0.100750454 4.362541e-06 2.8886598e-06 0.9103291 0.0015520083 5.667708e-06 0.017988011 0.122665316 1.5109399e-06 7.850743e-07 1.9529766e-07 0.26001745 1.354472e-07 0.026543032 0.008213652 7.819383e-05 9.926232e-08 6.846675e-08 8.996557e-08 2.0219014e-08 0.032034453 0.049835864 1.1428953e-06 2.9165196e-05 0.002672861 3.8969546e-07 7.8485056e-05 2.6482867e-08 0.001565751 3.5033814e-08 3.2645657e-05 0.0009593272 0.0014106784 5.783533e-07 0.21001463 3.6094636e-05 9.6629265e-05 0.008784701 3.0166336e-07 1.7337603e-08 0.0014159579 0.00015023463 0.10733594 6.721424e-08 0.024029307 0.00012584277 4.3167537e-07 0.00062186754 3.2307288e-09 1.909496e-07 8.066696e-11 9.7518365e-05 0.0009685448 0.00026368105 2.3508166e-08 0.008612033 0.023542985 0.0040475694 6.71041e-07 7.2975763e-07 4.4441318e-08 4.3439332e-08 5.2448133e-08
0.55401564 0.0004483206 0.001811622 0.000736274 6.2365248e-06 8.188241e-06 6.1835854e-06 0.00012950638 7.835522e-05 0.15270458 0.01058283 1.1540484e-06 0.00030687463 7.822131e-06 8.110063e-05 0.49191976 0.007868445 0.06658797 8.883878e-06 8.709822e-06 0.0004460869 0.28623086 0.3022998 8.3165713e-07 1.5124704e-05 0.9229076 0.00012943552 2.040022e-05 5.239212e-07 2.9752738e-07 2.031869e-18 0.025292108 0.017462185 0.16594088 0.00029273276 0.00023572531 4.875016e-06 0.64121526 1.083419e-06 0.60625905 0.00285756 2.2862146e-06 0.008612613 3.0173504e-05 1.2726868e-05 5.5892946e-07 0.00013473934 0.13137928 0.883193 4.478516e-07 0.8230219 1.2128719e-06 1.0060553e-05 0.22568971 0.55641925 0.5224147 0.17086676 0.31875545 4.2415174e-08 1.5252539e-06 1.1877076e-05 3.967274e-06 7.956982e-06 0.00050624565 4.0780633e-06 0.13002951 6.1986146e-05 0.00088126137 3.9143847e-06 4.1254872e-05 1.613964e-07 6.344975e-07 0.0002291248 8.66736e-07 0.12376212 8.8632625e-08 0.034373622 5.8879876e-05 3.4683345e-07 7.7996236e-07 0.0012027008 0.02162515 4.4421067e-06 0.010401111 1.0777229e-05 3.081622e-07 0.016032992 0.008305382 0.108579695 3.0545064e-06 0.020385053 0.00044493633 0.0017490211 1.749909e-07 7.5868943e-06 0.004061999 1.5698469e-06 5.616789e-06 0.00025220632 0.0011744465 0.0024610776
