2.273713e-24 0.60075873 0.7659498 0.62152815 0.19755052 0.7378649 0.81380975 0.59307754 0.32733124 0.67190486 0.29779568 0.697088 0.007920849 0.89739096 0.5583767 0.09311839 0.5765183 0.9072868 0.12261587 0.11620568 0.0048602037 0.78951854 0.011377786 0.045493405 0.36583793 0.94772726 0.8490152 0.010292212 0.749999 0.7574113 0.28564945 0.11269251 0.9063115 0.043563407 0.462343 0.9451096 0.12467275 0.03975497 0.80317634 0.071960606 0.67749745 0.0047959937 0.03981074 0.0034437655 0.0009773391 0.0008623103 0.103288494 0.005289586 0.0031821162 0.6557026 0.84604245 0.9815791 0.8932551 0.8357443 0.0047187707 0.0007990155 0.00017887124 0.0033433058 0.33505818 0.8801694 2.417285e-07 0.54240054 0.45777112 0.029754423 0.0109539395 0.00017725969 0.013039498 0.99468404 0.5289052 0.18466479 0.00029758262 2.606758e-07 0.00092744944 0.032433465 0.037096288 0.12134335 0.9804861 0.891549 1.555802e-05 0.0061006816 2.1085211e-06 0.99852693 0.7222099 0.96962506 0.014650241 0.92953235 0.98523283 0.36352873 1.2720485e-05 0.8853804 0.9983199 2.8497043e-06 0.0005724996 0.9995677 0.17324997 9.987309e-06 2.295364e-06 3.1334657e-05 0.99715954 0.6584239 0.99917847
0.60075873 1.0046872e-16 0.86808664 0.898616 0.30657914 0.36821902 0.5263015 0.41776928 0.20520769 0.10098134 0.10794367 0.17411184 0.9529868 0.2396285 0.07288402 0.20528111 0.035930935 0.17911094 0.84955174 0.024766492 0.1809786 0.14002693 0.1114286 0.0014841837 0.010456638 0.0011600683 0.049566485 0.008177515 0.019846492 0.050990403 0.027660057 0.0036846984 0.0053627924 0.0014527666 0.0024084053 0.008634258 0.006257544 0.0020786356 0.012449278 0.0005677016 0.0003817545 0.004664032 0.12969342 0.42311507 0.20297524 0.13855036 2.6778373e-05 0.00023332905 0.21618311 0.0016440947 0.003892186 0.0027494545 0.004906731 0.005003804 0.00596471 3.944757e-05 1.885291e-05 4.2536813e-05 0.002336615 0.013843385 0.00089131313 0.0040665315 0.0001257179 0.00017053372 7.11652e-05 0.0057139043 0.0050369496 0.006327645 0.0016097745 0.0012401014 3.825156e-06 0.001457792 0.0011181895 8.98434e-06 0.010444529 0.0034565253 0.0007984785 0.055113383 5.927532e-07 0.0007056218 0.00013845041 0.034372766 0.0025785847 0.00808216 0.0029933848 0.0012865019 0.014939533 0.00058762584 5.3746576e-06 0.0013253186 0.012686818 4.689431e-05 5.6948693e-06 0.0070632775 0.0013601605 2.8492874e-05 4.023406e-06 3.0389413e-06 0.0038329891 0.001363787 0.009240346
0.7659498 0.86808664 3.2772164e-19 0.91463464 0.9418347 0.7754499 0.81238705 0.092738 0.1478653 0.13441776 0.059417862 0.3759439 0.36676383 0.6381163 0.016209025 0.08553051 0.023478858 0.39962968 0.43816668 0.014902229 0.02240863 0.043420136 0.012262314 0.0029344885 0.03324344 0.002919326 0.23017797 0.008001037 0.21885544 0.4099554 0.0019750427 0.0066403174 0.00038697623 0.00038247168 0.02011263 0.14077678 0.00028095779 0.00088611676 0.08675724 0.0008052608 0.0028434175 0.00047322275 0.0017664402 0.12457161 0.033030413 0.013451537 3.4778343e-05 4.588758e-05 0.01119272 0.00010522591 0.0007724449 0.025073778 0.00016695452 0.019366374 0.00036076052 1.215191e-06 2.2674067e-06 5.135758e-06 0.00047836872 0.027058661 0.00024394607 2.0480924e-05 4.1180606e-06 1.5108153e-05 8.917382e-06 0.0005685658 0.00023535288 0.019526305 0.0021708054 0.00048610262 5.8310616e-07 3.693823e-05 4.016641e-05 1.9337383e-06 0.0007752545 4.777423e-05 0.0019164097 0.013750734 3.1799026e-08 2.7255155e-06 6.214534e-06 0.023901528 0.0019761666 0.010498005 6.482712e-05 0.00090639456 0.0067719603 8.990554e-06 3.722444e-06 0.00023763577 0.009563069 1.2791443e-05 1.5225493e-06 0.006981181 2.780819e-05 6.2265615e-09 1.311279e-07 2.9346475e-08 0.0012917077 7.9399535e-05 0.0045264442
0.62152815 0.898616 0.91463464 5.76893e-16 0.8693223 0.8909122 0.19415072 0.022588147 0.8189022 0.6547447 0.60174173 0.05292737 0.7937632 0.15165724 0.0032265359 0.54796594 0.31544745 0.09656477 0.4189603 0.3963269 0.23950502 0.0048761833 0.22568646 0.08364338 0.071051896 0.00017329241 0.0516606 0.14085852 0.052289937 0.112112954 0.00035069318 0.027677236 0.00021981323 0.004959907 0.023865242 0.041473765 7.1991926e-05 0.00796617 0.02877819 0.004242081 0.0059694983 0.0120390635 0.00026926713 0.12288368 0.01337434 0.0029030775 0.00097246445 0.0004833694 0.00298712 9.476597e-05 0.00015920112 0.016359102 0.0002870404 0.0039849007 0.00012714803 4.509128e-05 2.9212351e-05 1.6483121e-06 4.5995846e-05 0.026931627 0.000111054585 4.2759937e-05 3.9896595e-06 1.569288e-05 8.243448e-06 0.00018970203 0.00029434377 0.03224537 0.00016454083 7.1090115e-05 2.2863126e-06 2.5357462e-05 5.3935866e-05 3.7858592e-06 0.0011980908 6.3168765e-05 0.0003858797 0.07550386 2.3840106e-07 1.1540818e-05 1.3021408e-05 0.06708639 0.0029133896 0.0030680792 0.00017359114 0.0044214777 0.023222944 3.8922455e-05 6.402843e-07 0.00012518084 0.033290554 2.2464372e-05 1.8092951e-06 0.0038976741 0.00023101174 8.962474e-08 4.774772e-07 6.45965e-07 0.00035105823 0.0009177306 0.010579055
0.19755052 0.30657914 0.9418347 0.8693223 5.4055022e-20 0.9516849 0.4186184 0.020386063 0.12449027 0.18187462 0.10366665 0.10094856 0.15655677 0.37812182 0.003015069 0.05293179 0.068249956 0.08989523 0.07044662 0.039798252 0.016777188 0.0038885227 0.0105558615 0.013693735 0.1275002 0.00085600663 0.08862525 0.010562703 0.12866786 0.29472864 0.00016845694 0.020740207 0.00017428551 0.0019186261 0.047340512 0.09606287 3.732659e-05 0.006786384 0.03412925 0.006006291 0.015535375 0.00034597423 2.7912369e-05 0.014986345 0.0013161346 0.00019929768 0.0013868536 0.00072918803 0.00089859724 3.9866416e-05 0.00012088073 0.016051978 6.010293e-05 0.0068065454 3.875581e-05 1.7051281e-05 2.9562705e-05 1.11441125e-07 5.112144e-05 0.039090984 3.9496877e-05 5.060694e-06 2.6392534e-06 7.165079e-06 2.819662e-06 4.629236e-05 0.00012400228 0.026664142 0.00041842053 7.40284e-05 1.4439738e-06 9.19745e-06 1.198429e-05 2.4879137e-06 0.0004329203 8.219011e-06 0.00044097644 0.023229478 7.2842724e-08 3.232885e-06 2.1259705e-06 0.033209756 0.0016159209 0.005852785 8.686011e-05 0.0010046819 0.007463528 2.1221493e-05 2.3293728e-06 4.165679e-05 0.013583783 1.2819226e-05 1.2434984e-06 0.0038711766 3.8179e-06 1.7253319e-08 1.0982247e-07 1.822676e-07 0.00021674138 0.00020285515 0.004763461
0.7378649 0.36821902 0.7754499 0.8909122 0.9516849 1.2377949e-18 0.47283322 0.02262972 0.38818344 0.6960116 0.37564167 0.1049197 0.23356596 0.51329017 0.002088622 0.16707848 0.34981778 0.14438234 0.061972484 0.17674538 0.016459115 0.0020559821 0.018564254 0.06388976 0.366302 0.00052218285 0.16163412 0.03425089 0.23204559 0.47408986 0.00013152763 0.068827085 1.7286713e-05 0.017435834 0.14757572 0.17831378 6.2778486e-06 0.035095997 0.06051531 0.023188492 0.070126586 0.00292566 5.6293325e-06 0.0059210416 0.00035486286 4.7493442e-05 0.019475609 0.0021653685 8.703872e-05 8.807417e-06 6.8663336e-05 0.029949801 1.641685e-05 0.005744365 1.1431673e-05 8.763065e-05 5.758832e-05 4.9554618e-08 2.564284e-05 0.09304131 2.3745115e-06 1.6899888e-06 4.3308853e-07 2.2745407e-06 9.642002e-07 4.6975238e-05 0.00037617356 0.053063717 0.0003915143 2.0324795e-05 1.8082997e-06 3.9620545e-07 1.3503261e-06 8.1335236e-07 0.00073800515 3.0782664e-06 0.0003518494 0.07959053 1.17558436e-07 2.9053126e-05 2.4129215e-06 0.092279226 0.005205783 0.007294437 0.00018699658 0.0035108821 0.022472957 1.2440429e-06 6.4755693e-07 1.8901408e-05 0.046410237 1.5145561e-05 6.5225123e-07 0.00185114 1.0657172e-06 4.9107026e-08 3.4017665e-07 1.0918435e-06 8.132112e-05 0.0021875976 0.009866563
0.81380975 0.5263015 0.81238705 0.19415072 0.4186184 0.47283322 4.213601e-20 0.196551 0.018996157 0.063454926 0.014795837 0.9626082 0.050822597 0.88109285 0.124093845 0.0138787925 0.006545426 0.7604384 0.40175578 0.0032940211 0.0015850131 0.14917964 0.0018689345 0.0011785728 0.008596893 0.11025905 0.45420313 0.0020158284 0.28570563 0.17668514 0.03568649 0.0007649207 0.0013627112 0.00016123372 0.018234024 0.17194211 0.0034344986 0.00025564985 0.32185945 0.0002421407 0.0021716077 0.000100430734 0.016212827 0.04240895 0.016604744 0.015924994 7.1822915e-06 8.959253e-06 0.024827985 0.0014835731 0.0013637649 0.14482869 0.00039744374 0.11620141 0.00398099 2.2840834e-06 1.0841849e-06 0.00030774213 0.0009829601 0.013346131 4.4042037e-05 0.00012331744 5.676447e-05 6.8934314e-05 2.1792868e-05 0.00096391805 9.582638e-05 0.01477327 0.007760682 0.0015024759 6.331164e-07 3.3628858e-05 6.631245e-05 9.583035e-06 0.00015916287 0.00010687717 0.007032155 0.0022387265 3.176308e-08 5.529783e-06 7.146292e-06 0.008180573 0.000647394 0.015965102 5.719937e-05 0.00025961534 0.0019267196 3.6454516e-05 3.0575284e-06 0.0016003272 0.00471388 1.4337505e-05 2.0614025e-06 0.023366597 1.2771525e-05 5.3091957e-09 2.6623653e-07 1.5205809e-07 0.0059330245 7.753954e-05 0.0017875555
0.59307754 0.41776928 0.092738 0.022588147 0.020386063 0.02262972 0.196551 1.2148122e-19 0.0006606237 0.0018132345 0.0013075473 0.25860822 0.16933978 0.06270047 0.9772981 0.0010817919 0.0002646227 0.30463168 0.7147645 0.00019447423 3.612125e-05 0.8502076 0.0008022231 3.417026e-05 0.0001517538 0.2831932 0.039582912 0.00027854653 0.01840174 0.0040797973 0.7278931 7.2559496e-06 0.45669517 3.275724e-05 0.0008450005 0.006369187 0.47099566 4.102743e-05 0.02822097 3.9462353e-05 0.00014057827 4.6326277e-05 0.22451794 0.03084545 0.1566349 0.14693008 7.7567415e-07 5.1798406e-06 0.21587904 0.23727529 0.05005107 0.023213627 0.044379752 0.08352206 0.20793942 2.3955392e-06 2.6726518e-06 0.034041483 0.034352027 0.004978569 0.00022677873 0.0052020065 0.0034149052 0.016034706 0.003456593 0.036366303 4.4006432e-05 0.0037058443 0.024594853 0.014248252 8.562666e-07 0.0009807419 0.0040346277 0.00056010025 1.7220074e-05 0.00311558 0.021986503 0.00073848385 8.984622e-08 7.4962554e-07 0.00022000785 0.0035174491 0.00010196249 0.01572731 2.3632483e-05 6.669902e-05 0.0006435381 0.0006396926 0.00087226037 0.008395253 0.0013938772 0.00033988047 6.1098166e-05 0.015478216 0.00014913872 1.7096139e-07 1.0151128e-05 2.8280967e-06 0.0288495 1.9716044e-05 0.0009881195
0.32733124 0.20520769 0.1478653 0.8189022 0.12449027 0.38818344 0.018996157 0.0006606237 6.1633834e-16 0.58989125 0.8392045 0.006601485 0.2187563 0.015730947 0.00017187188 0.9626293 0.62070477 0.00507247 0.026111191 0.8932242 0.15599938 1.0730658e-05 0.3000937 0.29191464 0.06986051 7.233826e-06 0.0055025313 0.44922376 0.005375339 0.008074517 2.3378172e-05 0.0887746 8.6145255e-06 0.13755466 0.01845705 0.005975143 1.1086304e-06 0.13563351 0.0018226503 0.04879485 0.015403059 0.17291485 2.0009563e-06 0.0011587298 0.0001244311 1.1403395e-05 0.097021766 0.051474947 0.00026656847 5.1888337e-06 5.138166e-05 0.003262417 3.73299e-05 0.0006198355 1.3598395e-05 0.0035831137 0.0022967153 1.0084506e-06 2.317727e-05 0.0105424505 5.5454126e-07 5.41926e-06 5.7529525e-07 3.4131454e-06 1.0769744e-06 2.1668102e-06 0.031470187 0.008265309 3.708174e-05 6.752243e-06 0.00030999875 7.809504e-08 2.3624732e-05 3.5974114e-07 0.017878404 2.0392827e-05 0.00020588309 0.22545676 1.1582542e-05 0.00017522965 8.0044475e-07 0.06499167 0.03887478 0.005053236 0.00042798743 0.035394374 0.11629716 2.5563813e-06 8.465378e-07 3.7993793e-06 0.085743286 2.5863326e-06 1.5687917e-06 0.001290314 1.9920037e-06 6.222991e-06 1.13732675e-07 7.215142e-06 3.3771135e-05 0.006044743 0.038257822
0.67190486 0.10098134 0.13441776 0.6547447 0.18187462 0.6960116 0.063454926 0.0018132345 0.58989125 2.3677245e-18 0.9647895 0.004908519 0.08512748 0.07636888 0.00024196965 0.26386255 0.9063957 0.008989839 0.011227694 0.46040374 0.031065911 1.1822898e-05 0.0359442 0.22771317 0.60066664 1.2700375e-05 0.019964777 0.06797558 0.061895482 0.1551096 1.0588244e-06 0.3418202 7.3852607e-07 0.05675663 0.36148643 0.059134804 1.8334657e-07 0.18273783 0.008841319 0.14213891 0.232545 0.006628084 6.724883e-07 0.00024288264 1.0546236e-05 3.3503163e-06 0.10734738 0.012392065 1.8110948e-05 1.6607403e-07 3.4404532e-06 0.026148576 2.1078938e-06 0.0016446335 4.4944278e-07 0.00021673147 0.00021411372 2.4873312e-09 2.887335e-06 0.12615632 5.1153376e-07 1.994763e-07 1.4379857e-07 1.795416e-07 2.0077354e-07 8.120681e-07 0.004071654 0.09421567 0.00014907659 3.0765318e-06 3.5120995e-06 8.03175e-08 3.9430714e-07 5.605044e-08 0.0048613 1.3190862e-06 0.000251451 0.23569731 9.181262e-08 3.0043973e-05 1.3184994e-07 0.19391657 0.02460811 0.01100266 0.000711725 0.021907711 0.094817534 4.251576e-07 1.672883e-07 2.6145171e-06 0.13715765 4.0841292e-07 1.7700621e-07 0.0015964354 8.344278e-08 1.1757463e-08 8.713041e-09 1.7002873e-07 3.1214848e-05 0.0041979165 0.04268455
0.29779568 0.10794367 0.059417862 0.60174173 0.10366665 0.37564167 0.014795837 0.0013075473 0.8392045 0.9647895 9.09413e-17 0.003492004 0.1491387 0.023095243 0.00035883044 0.4503304 0.90967816 0.007094535 0.019061718 0.80158585 0.06177598 7.59939e-05 0.09544361 0.55454624 0.17936148 5.079341e-05 0.007442521 0.24436809 0.020395499 0.032174263 3.6125286e-05 0.124188095 7.099495e-06 0.08174968 0.035911873 0.013235129 2.0420744e-06 0.10595595 0.004680837 0.05261227 0.02414137 0.03759066 1.3227388e-05 0.0012734146 7.7564386e-05 1.9536157e-05 0.043014694 0.023872485 0.00023115387 5.409186e-06 3.553504e-05 0.0062843394 3.435615e-05 0.0002756434 1.0850533e-05 0.0005041299 0.0005173983 1.7206857e-07 1.0097916e-05 0.025043815 1.6096732e-06 7.561937e-06 3.2715297e-06 2.1097824e-06 2.1053443e-06 2.5950503e-05 0.008287512 0.019801421 1.1273453e-05 6.1123606e-06 7.5647324e-05 2.664039e-07 4.424987e-06 1.8033002e-06 0.013647394 1.442758e-05 0.00012974213 0.11561504 1.0237121e-06 4.5119585e-05 7.291865e-07 0.04771495 0.012902654 0.0019865904 0.00084457797 0.012897309 0.039103054 1.5182119e-05 6.176975e-07 1.7233611e-05 0.04714788 2.2800004e-06 8.893351e-07 0.00084340444 4.054057e-06 1.4151533e-07 6.6873184e-08 1.0876303e-06 0.000116496136 0.0046812254 0.021588657
0.697088 0.17411184 0.3759439 0.05292737 0.10094856 0.1049197 0.9626082 0.25860822 0.006601485 0.004908519 0.003492004 6.4336282e-21 0.0052757845 0.8450768 0.27506205 0.004181062 0.002208959 0.96598613 0.053864267 0.00042740864 0.00012459593 0.07019205 0.0002136505 0.00012052297 0.0045816116 0.47724172 0.54589635 0.0001834037 0.26301524 0.09505863 0.026464669 0.00027130448 0.009436066 2.8361064e-05 0.008663643 0.067376114 0.002323982 6.0247836e-05 0.3833632 0.00012825003 0.0012603308 3.3712292e-06 0.0014807051 0.0018645354 0.0006111757 0.00047358396 2.370007e-06 1.3192296e-06 0.0026446779 0.0012068405 0.00894875 0.16918042 0.0011818164 0.27014658 0.0010941733 3.4357132e-07 2.4640823e-07 5.0068207e-05 0.0038789832 0.007923221 1.8036545e-06 0.00033696112 0.00012400275 5.1638475e-05 1.2578055e-05 4.434257e-05 4.7062542e-05 0.0059004584 0.027191477 0.0034424274 3.4483574e-07 1.7672074e-06 5.438551e-06 1.4209267e-05 0.0001227883 0.00032518772 0.025922563 0.0009586422 6.836952e-08 1.2637362e-06 7.8757665e-07 0.0035493977 0.00029006743 0.034401394 2.578753e-05 5.5310255e-05 0.00073176733 0.0002595559 2.8536913e-06 0.0035429704 0.0018245076 2.0426996e-06 2.4013996e-06 0.034026135 1.2249876e-05 6.005915e-09 8.698466e-08 3.009081e-08 0.013014353 6.7822725e-06 0.0007172219
0.007920849 0.9529868 0.36676383 0.7937632 0.15655677 0.23356596 0.050822597 0.16933978 0.2187563 0.08512748 0.1491387 0.0052757845 2.2975913e-19 0.012398963 0.0064431466 0.53584856 0.058449857 0.0022234397 0.8280691 0.06743178 0.9478194 0.013124609 0.4314292 0.015379838 0.00496921 3.5893416e-05 0.0028134978 0.015486796 0.002662211 0.006146472 0.0008150327 0.003514167 0.0003376516 0.0066518052 0.0008428187 0.00097563385 0.00014116227 0.0044551445 0.00067254505 0.0021993066 0.0006110111 0.0048316917 0.0049994565 0.57069755 0.06705994 0.011786755 0.00044504539 0.0010960166 0.008187364 6.1059196e-05 0.0002804612 0.0007633187 0.00029988514 0.00079455896 2.4076266e-05 0.0007313202 0.00017590876 4.881779e-07 6.5906555e-05 0.0030706478 8.3726765e-05 1.2801657e-05 4.7755893e-06 3.978379e-06 3.033185e-06 0.0001089973 0.0010484533 0.0032396396 0.0009609457 0.00010269567 8.861802e-06 7.0194175e-05 6.613744e-07 5.354528e-07 0.0017511824 4.874872e-06 0.0007636026 0.014462633 1.2636427e-07 3.5710917e-05 1.7469788e-06 0.004988745 0.0053147622 0.0037122718 0.0003190322 0.0033501554 0.0075236657 1.5047845e-05 1.6078028e-08 0.00030803017 0.005517215 2.4843368e-07 5.3087433e-08 0.0013200716 8.232653e-06 2.251499e-05 2.2247576e-08 1.3740115e-06 0.00071734434 0.0004868027 0.011160694
0.89739096 0.2396285 0.6381163 0.15165724 0.37812182 0.51329017 0.88109285 0.06270047 0.015730947 0.07636888 0.023095243 0.8450768 0.012398963 2.3561824e-18 0.019670896 0.006672782 0.01667087 0.8366457 0.03588937 0.005172047 0.00038547697 0.017838832 0.0016740691 0.0020593759 0.080111004 0.026929878 0.90750456 0.0024816804 0.7936598 0.6381113 0.0042962153 0.0059941085 0.0003821368 0.0005838571 0.054203022 0.55993617 0.00032438088 0.00061350584 0.6304659 0.0015261096 0.011761374 0.00028270777 0.00035945227 0.001350578 0.0005851501 0.0009638657 0.00010267197 5.5225364e-06 0.0008388469 0.00043204008 0.00064512534 0.27564323 9.8964454e-05 0.14852357 0.000105326115 2.652518e-06 2.318431e-06 1.522561e-06 0.000708063 0.03270946 1.5542973e-06 3.15173e-05 7.1674913e-06 2.8368533e-05 6.888197e-06 5.73945e-05 4.825875e-05 0.020431355 0.0036809524 0.000609113 2.2534043e-07 3.3503452e-06 2.2549857e-06 9.713961e-06 9.318739e-05 3.307372e-05 0.004532894 0.0020485602 3.329117e-08 5.404061e-06 6.4200467e-06 0.00976203 0.00044305017 0.022018671 3.200187e-05 0.00030819353 0.0014570811 6.6138796e-06 8.103897e-06 0.0016111607 0.0047705527 3.9552855e-05 2.889941e-06 0.01797841 3.292485e-06 2.933316e-08 1.5929937e-06 5.0465843e-07 0.0027118525 0.00014643067 0.0017924763
0.5583767 0.07288402 0.016209025 0.0032265359 0.003015069 0.002088622 0.124093845 0.9772981 0.00017187188 0.00024196965 0.00035883044 0.27506205 0.0064431466 0.019670896 6.8902904e-18 0.0027519742 0.0001754365 0.19874123 0.14592025 0.00026635884 9.029978e-06 0.3255193 0.00049475924 8.518537e-05 0.00018018256 0.89721715 0.015458346 0.0005714801 0.0072182463 0.0008743746 0.42469049 9.724727e-05 0.920632 4.6744375e-05 0.00039478182 0.0018956343 0.22693026 0.00016186819 0.014920082 5.7748086e-05 3.2893262e-05 0.0002933557 0.06518561 0.0012625244 0.010279091 0.018927146 8.132422e-07 8.8556895e-05 0.025941895 0.08190624 0.25488687 0.019721089 0.10301306 0.09868709 0.06591981 1.8875506e-05 7.798965e-06 0.01641801 0.081628576 0.0019625043 5.1688708e-06 0.021178829 0.01014227 0.0089397635 0.002707809 0.0064764414 0.00018512901 0.0009774299 0.05272271 0.05268815 3.6878653e-06 3.777379e-05 0.0011907148 0.00092721113 7.204975e-05 0.0064211306 0.0322428 0.00039825303 4.4619108e-07 3.5106864e-06 4.586374e-05 0.001050422 8.418538e-05 0.0127479015 2.0068797e-05 1.0077781e-05 0.00023777179 0.0024826936 0.0002005029 0.018089768 0.00031753996 6.127538e-05 0.0002952226 0.023679266 0.0004290434 2.6641876e-06 1.4554684e-06 1.5144882e-05 0.03600543 1.9328838e-05 0.00016988361
0.09311839 0.20528111 0.08553051 0.54796594 0.05293179 0.16707848 0.0138787925 0.0010817919 0.9626293 0.26386255 0.4503304 0.004181062 0.53584856 0.006672782 0.0027519742 4.8670738e-15 0.35569853 0.0027371058 0.035090197 0.6989631 0.36661106 4.6695095e-05 0.93073606 0.27301115 0.029937636 5.6698198e-05 0.0026525704 0.8178893 0.0025969693 0.0020583686 5.8150796e-05 0.037486654 0.000138445 0.1660678 0.008936754 0.0021696442 9.202135e-06 0.10482396 0.000799964 0.026755095 0.0075313 0.68725264 7.892271e-05 0.0027336287 0.00020866946 4.795591e-05 0.05492673 0.20817238 0.0004008395 9.793787e-05 6.098692e-05 0.001624075 0.00023464761 0.0004935453 2.0956659e-05 0.022607263 0.014127304 3.519984e-07 4.218643e-05 0.0050289147 8.742953e-06 2.1590387e-05 3.6021804e-05 1.5999143e-05 1.7529592e-05 1.4811246e-05 0.08260353 0.003927287 0.00029446254 2.7845395e-05 0.003739964 9.184412e-07 1.6451815e-05 2.3593402e-06 0.046727408 8.606869e-05 0.0008034657 0.08944544 2.8068072e-05 0.001085353 3.9285997e-06 0.010169253 0.018585328 0.0039987755 0.0012930542 0.016493289 0.027037382 1.4717511e-05 1.218309e-06 3.0220212e-05 0.01720815 5.487085e-06 3.067365e-06 0.004341847 4.7010195e-05 0.00030538862 8.0793683e-07 0.00030308546 0.00022404308 0.010200554 0.011492593
0.5765183 0.035930935 0.023478858 0.31544745 0.068249956 0.34981778 0.006545426 0.0002646227 0.62070477 0.9063957 0.90967816 0.002208959 0.058449857 0.01667087 0.0001754365 0.35569853 3.3915342e-16 0.004894797 0.0011092767 0.8057818 0.018147664 1.3780395e-05 0.06629916 0.8918608 0.5956595 1.9347834e-05 0.006192148 0.2523769 0.025534475 0.051175173 1.1204716e-05 0.76262975 6.212335e-06 0.50825506 0.19766457 0.02245623 1.1855083e-06 0.6952271 0.0020804415 0.34291655 0.17602013 0.06184238 3.576427e-06 0.00015399739 1.0027383e-05 2.5556694e-06 0.4061621 0.18123274 2.2000584e-05 3.3008669e-06 6.231249e-05 0.011229869 2.9066514e-05 0.00019602962 4.5033244e-06 0.0037934275 0.0049503823 9.0221945e-08 2.6604972e-05 0.08355653 5.033871e-07 2.1648646e-06 5.223542e-07 3.4781906e-06 3.6318553e-07 8.133552e-06 0.07139739 0.056395162 2.3984048e-05 4.6923456e-06 0.0006605068 3.603185e-08 2.9634468e-06 4.709936e-07 0.034328528 1.2523379e-05 6.120717e-05 0.41751614 7.64274e-06 0.0010834383 1.3319218e-06 0.17409766 0.03860095 0.0032881817 0.0045326976 0.03743404 0.13074405 7.4402e-06 4.0327228e-07 3.6561282e-06 0.13412748 2.7289748e-06 1.2190038e-06 0.0004524325 9.606835e-06 1.5284764e-06 4.47739e-08 1.0464433e-05 1.0636322e-05 0.010872852 0.044602554
0.9072868 0.17911094 0.39962968 0.09656477 0.08989523 0.14438234 0.7604384 0.30463168 0.00507247 0.008989839 0.007094535 0.96598613 0.0022234397 0.8366457 0.19874123 0.0027371058 0.004894797 5.2926056e-20 0.013240716 0.0012507153 0.0001191977 0.095342316 0.00068499014 0.0013927246 0.004781927 0.5115081 0.744729 0.0006357693 0.33191687 0.11470563 0.040182676 0.0006236002 0.017197084 0.00025931443 0.00468449 0.07962564 0.0034733813 0.00050558924 0.5861032 0.00016067729 0.00083500386 0.00014770769 0.0013641793 0.0004050836 0.00016725651 0.00018113495 1.5129543e-06 1.0115738e-05 0.00041505147 0.0010487977 0.011901465 0.28527975 0.0008973384 0.5284641 0.000700169 5.0732096e-06 2.6964744e-06 5.6555436e-06 0.0036648924 0.0044540805 7.376814e-07 0.0003180464 4.8723414e-05 2.8102917e-05 2.168281e-05 5.777447e-05 1.46990105e-05 0.0019822472 0.043459512 0.0021485062 1.0990708e-06 3.5833455e-07 9.781996e-07 1.1027838e-05 1.7780123e-05 0.00034733032 0.029156823 0.00023974251 3.216121e-07 5.7068683e-06 1.767145e-06 0.0008177488 0.000109811954 0.050214235 1.44495825e-05 9.969666e-06 0.00018637895 3.1677486e-05 8.197085e-06 0.0032391918 0.0003974697 2.9512462e-06 1.7179615e-06 0.049694475 1.2038288e-05 4.8587058e-08 5.068966e-07 1.1066418e-07 0.011841305 7.1269014e-06 0.00023542877
0.12261587 0.84955174 0.43816668 0.4189603 0.07044662 0.061972484 0.40175578 0.7147645 0.026111191 0.011227694 0.019061718 0.053864267 0.8280691 0.03588937 0.14592025 0.035090197 0.0011092767 0.013240716 5.3254047e-16 0.0052354117 0.016691064 0.8529853 0.014775504 0.0017375199 0.00065845717 0.00063188194 0.0036622928 0.006174252 0.0018659648 0.002853505 0.06920014 3.0031828e-05 0.0014510315 0.00023698127 0.0014672386 6.12755e-05 0.036387853 0.00038251816 0.00088295183 8.715485e-05 0.0001308504 0.006299404 0.8764649 0.8513564 0.6113156 0.56587684 1.865002e-06 0.000120597244 0.5637765 0.0010158058 0.00016882476 4.845271e-05 0.000425172 0.0003071065 0.10836848 0.00029070216 6.149667e-05 0.00055479386 0.00022932002 0.0009772975 0.006326194 0.00013212215 1.0536112e-05 0.00023557678 4.6176923e-05 0.25254354 0.00035827662 0.00053837686 0.00015406187 7.43039e-05 1.0714062e-05 0.0068303547 0.0047884067 1.48949175e-05 9.3132134e-05 0.00011174737 1.7480546e-05 0.006151017 1.4708392e-05 4.7372076e-05 0.003978899 0.028533077 0.00024000238 0.0016304883 0.00011666657 4.4866807e-05 0.0023383673 2.1154135e-06 1.2762479e-05 0.00025326322 0.02723909 0.0011250708 1.0708331e-05 0.0014443652 2.8286743e-06 0.00024926112 3.1117805e-05 0.00028841238 0.000858634 9.998606e-05 0.00071824837
0.11620568 0.024766492 0.014902229 0.3963269 0.039798252 0.17674538 0.0032940211 0.00019447423 0.8932242 0.46040374 0.80158585 0.00042740864 0.06743178 0.005172047 0.00026635884 0.6989631 0.8057818 0.0012507153 0.0052354117 1.0467873e-17 0.044432953 1.1631579e-05 0.20962489 0.9428966 0.08970633 1.3538676e-05 0.0036819603 0.78608537 0.0061667725 0.0071778134 1.5240464e-05 0.14291555 8.529751e-06 0.5269592 0.0357858 0.0058618067 7.32132e-07 0.42213053 0.0008154572 0.12035274 0.03135123 0.43258965 2.2317856e-06 7.244891e-05 6.1219043e-06 1.1604006e-06 0.23322743 0.31146336 1.0364914e-05 3.2834905e-05 3.2349174e-06 0.002621603 5.6661658e-05 0.00023909839 2.8687068e-06 0.023495894 0.015566935 2.6821526e-08 5.3738546e-07 0.011138222 7.0013954e-08 2.7735973e-06 2.0229759e-06 6.764115e-06 1.5054239e-06 2.1165172e-06 0.1357063 0.008402313 1.37059515e-05 2.5766942e-06 0.0032802308 6.941066e-09 2.4270619e-06 9.3586823e-07 0.082950465 1.5150732e-05 0.00011054696 0.16593045 0.000117255404 0.0019281376 2.1507628e-07 0.025609251 0.026605666 0.0026605648 0.0021149355 0.021873651 0.056095663 5.639085e-06 2.6418203e-07 3.8972985e-06 0.04539382 2.3956957e-07 1.7597698e-07 0.0006472085 1.7077653e-06 2.5049134e-05 8.611811e-09 2.4745028e-05 1.6199472e-05 0.0115736425 0.027255889
0.0048602037 0.1809786 0.02240863 0.23950502 0.016777188 0.016459115 0.0015850131 3.612125e-05 0.15599938 0.031065911 0.06177598 0.00012459593 0.9478194 0.00038547697 9.029978e-06 0.36661106 0.018147664 0.0001191977 0.016691064 0.044432953 1.5366142e-21 2.7825137e-05 0.90424997 0.0139819095 0.000993843 2.886709e-07 0.00012396066 0.04649099 0.0002045037 7.33662e-05 6.0951825e-06 0.00093779946 6.465252e-07 0.005342623 0.00023539219 3.913013e-05 2.9181834e-07 0.001194472 2.5615978e-05 0.00075817155 0.00019334194 0.103075996 1.4712481e-06 0.016426435 0.002476112 0.00054670253 0.00040884785 0.00094513677 0.00085726636 1.2905464e-06 5.2716973e-06 1.23466125e-05 5.0971255e-05 0.00018430018 1.9539873e-06 0.0021072086 0.00022664618 1.7190948e-07 1.0320069e-06 0.00031866727 1.3195436e-05 4.288885e-06 7.2660596e-06 7.0299814e-07 4.64315e-07 3.6908632e-06 0.00088620896 0.0007181702 7.9869555e-05 1.3097669e-05 2.4801637e-05 1.6247606e-05 4.276883e-07 1.056106e-07 0.0006554545 6.6243524e-06 7.16364e-05 0.0015303836 1.8056053e-07 3.0425646e-05 3.923863e-08 0.00072900933 0.00064038177 0.0014563052 0.00020115449 0.0002761357 0.0012008711 1.2831671e-06 7.2092154e-09 3.1686097e-05 0.00097476534 1.2971478e-08 9.253744e-09 0.0017241677 1.4076869e-07 0.00020105588 6.397923e-09 5.592454e-06 0.001183128 0.0009095804 0.001868973
0.78951854 0.14002693 0.043420136 0.0048761833 0.0038885227 0.0020559821 0.14917964 0.8502076 1.0730658e-05 1.1822898e-05 7.59939e-05 0.07019205 0.013124609 0.017838832 0.3255193 4.6695095e-05 1.3780395e-05 0.095342316 0.8529853 1.1631579e-05 2.7825137e-05 7.903486e-20 8.596639e-05 2.55166e-05 9.371558e-06 0.0058299005 0.0051705325 1.5856813e-05 0.0015412683 0.0003540521 0.7251563 2.7214896e-06 0.2383676 3.7561397e-06 5.2108986e-05 0.00023025092 0.5275026 4.2240215e-05 0.0016267832 1.1406505e-05 1.8484012e-05 9.1613256e-05 0.8952327 0.051067807 0.38654143 0.5436189 2.218338e-08 8.508461e-07 0.8251425 0.09142734 0.0007912065 0.00070122746 0.008054574 0.0031431722 0.39425752 3.7259138e-06 1.0945228e-06 0.08437824 0.002029609 0.00032691847 0.00019432092 0.0012758366 0.00017349648 0.022104954 0.0024238238 0.12970623 7.758466e-05 0.00017708278 0.002403361 0.0026821697 3.5958678e-07 0.0039289524 0.014522464 5.8168047e-05 2.6708185e-05 0.0004532615 0.0007730566 0.0007322444 1.1386333e-07 4.5313614e-06 0.001735818 0.00061022467 8.03803e-05 0.0018524416 1.9401956e-05 6.8255385e-06 6.786378e-05 1.8371731e-05 0.00058421755 0.0016126988 0.00014561544 0.0015440143 2.1112444e-05 0.0013548889 5.153568e-06 3.1145328e-07 1.5317955e-05 7.398852e-07 0.0023298084 9.544509e-06 0.000101438556
0.011377786 0.1114286 0.012262314 0.22568646 0.0105558615 0.018564254 0.0018689345 0.0008022231 0.3000937 0.0359442 0.09544361 0.0002136505 0.4314292 0.0016740691 0.00049475924 0.93073606 0.06629916 0.00068499014 0.014775504 0.20962489 0.90424997 8.596639e-05 6.4807935e-15 0.0403889 0.0039776224 0.00015124178 0.001273343 0.5895013 0.000807672 0.00052819937 0.00023014403 0.005923204 0.0007811553 0.039654892 0.002265333 0.00020622028 3.278187e-05 0.013845015 0.0009876972 0.0039287894 0.0013299361 0.8861221 0.00029127466 0.011334375 0.0002918889 0.00013640146 0.004716175 0.10590866 0.0009782054 0.0015749973 0.00041619068 0.00010420054 0.002623843 0.0005757907 0.00025550264 0.0099182995 0.0030317912 1.09509765e-05 0.000110458954 0.002591671 2.6177006e-06 0.0001351161 0.0002637588 0.00061251485 8.3380466e-05 1.5370108e-05 0.03297638 0.0018889733 0.0001305479 0.00014127861 0.0024511477 2.5379657e-06 0.00010678273 5.340468e-05 0.016468566 0.00018802912 8.224873e-05 0.031339508 4.2794658e-05 0.001587911 8.351706e-06 0.0033657942 0.0056565604 0.0040108482 0.0020261146 0.0030811685 0.004868454 0.000258527 1.2367938e-06 0.0002269728 0.0025734515 8.892109e-06 5.8771348e-06 0.0022540665 0.00016903048 0.0023882824 1.2337491e-05 0.00042355945 0.00049636024 0.003325365 0.0017974053
0.045493405 0.0014841837 0.0029344885 0.08364338 0.013693735 0.06388976 0.0011785728 3.417026e-05 0.29191464 0.22771317 0.55454624 0.00012052297 0.015379838 0.0020593759 8.518537e-05 0.27301115 0.8918608 0.0013927246 0.0017375199 0.9428966 0.0139819095 2.55166e-05 0.0403889 2.1318292e-16 0.08759424 1.7948974e-05 0.0013470419 0.6205091 0.0026519126 0.0033569946 2.8563147e-05 0.29902992 5.4201955e-06 0.92550176 0.03880277 0.0018832649 6.186089e-07 0.77365315 0.00036277086 0.2910795 0.057593912 0.24493957 4.0526497e-06 2.1197362e-05 6.0050024e-06 9.095851e-07 0.41660768 0.73147005 1.4328197e-05 4.5436962e-05 6.3320845e-06 0.0011346417 2.3299825e-05 7.9672755e-05 5.0517015e-06 0.027717978 0.020279221 4.2234426e-08 7.73023e-07 0.012240815 2.0344583e-08 4.957331e-07 2.1453213e-06 1.4896723e-05 1.9582294e-06 1.9702088e-06 0.20877309 0.00722779 4.0062528e-06 1.1795447e-06 0.0070587965 6.8946995e-09 2.4723765e-06 3.50356e-07 0.090890355 5.7688635e-07 6.8397376e-06 0.152166 0.0006963839 0.009820551 3.092014e-07 0.015011419 0.019541632 0.0023681715 0.006136003 0.0137239685 0.03579483 5.290019e-06 2.469406e-07 1.4475698e-06 0.025583716 4.6968609e-07 1.6982212e-07 0.00020222565 4.469189e-07 5.0891547e-05 7.0135284e-09 0.00038909205 4.7500625e-06 0.012107463 0.02043735
0.36583793 0.010456638 0.03324344 0.071051896 0.1275002 0.366302 0.008596893 0.0001517538 0.06986051 0.60066664 0.17936148 0.0045816116 0.00496921 0.080111004 0.00018018256 0.029937636 0.5956595 0.004781927 0.00065845717 0.08970633 0.000993843 9.371558e-06 0.0039776224 0.08759424 4.6561426e-18 0.00026476735 0.036095224 0.022654496 0.13598652 0.24401169 1.8073739e-06 0.9674065 7.5402395e-06 0.022671059 0.8515769 0.08474879 3.0445003e-07 0.25675848 0.021399133 0.35317984 0.6016778 0.00040471368 9.962052e-06 0.00018705188 6.280082e-06 3.9408365e-06 0.06470133 0.0099149095 7.332011e-05 7.700191e-06 4.135631e-05 0.06279001 3.5436762e-05 0.0048547555 5.680376e-06 0.00012240284 0.0003854014 3.1215532e-07 6.846263e-06 0.19483054 6.592774e-07 5.300498e-06 3.14039e-06 2.3867167e-06 6.069929e-07 1.2392395e-05 0.005826607 0.15549645 0.000108756816 3.9204762e-05 0.0003392676 2.5339787e-07 4.7185094e-05 1.7570404e-06 0.0046761096 4.5813336e-05 0.00030810715 0.13471591 1.1733481e-06 9.2364375e-05 1.7923992e-06 0.18899785 0.0086669605 0.013585939 0.00070142443 0.00859075 0.049223974 8.43059e-05 2.8542885e-07 3.4518787e-05 0.07564282 1.4358378e-06 5.308449e-08 0.0023643093 4.165671e-05 1.2468892e-07 3.3678006e-08 8.4876166e-07 0.000162353 0.0020279887 0.024726972
0.94772726 0.0011600683 0.002919326 0.00017329241 0.00085600663 0.00052218285 0.11025905 0.2831932 7.233826e-06 1.2700375e-05 5.079341e-05 0.47724172 3.5893416e-05 0.026929878 0.89721715 5.6698198e-05 1.9347834e-05 0.5115081 0.00063188194 1.3538676e-05 2.886709e-07 0.0058299005 0.00015124178 1.7948974e-05 0.00026476735 4.0376474e-19 0.02468561 2.8212666e-05 0.008620966 0.0014151224 0.041968197 2.6806785e-05 0.8815916 1.461025e-05 0.0002113925 0.0013284524 0.012901572 2.5095904e-05 0.039952476 5.1411826e-06 2.3556902e-05 0.0001646336 0.0002325342 8.036531e-06 8.744804e-06 1.7400509e-05 4.989015e-08 9.964908e-07 0.00012741993 0.0106286025 0.86291087 0.04993144 0.12356182 0.61670786 0.001604079 3.6689065e-07 3.0827363e-07 0.00074577355 0.40935087 0.0011257867 4.1317968e-08 0.029138047 0.004317209 0.0010303475 0.00083728204 2.2028444e-05 1.3861363e-05 0.000711291 0.7562987 0.16380474 2.8032358e-07 1.2696837e-07 1.4393138e-05 0.00048563696 1.5595142e-05 0.0078541655 0.5744671 0.00015314939 1.3195486e-07 7.5061985e-07 3.2414148e-06 0.0002399257 6.3481224e-05 0.1378373 7.620119e-06 2.519707e-06 7.1190996e-05 0.0031153038 5.1261894e-05 0.12182147 8.50998e-05 5.9089775e-06 5.5678604e-05 0.16162252 0.0006966702 5.134766e-07 1.7625739e-06 1.434078e-06 0.17952801 2.14383e-06 0.00010607852
0.8490152 0.049566485 0.23017797 0.0516606 0.08862525 0.16163412 0.45420313 0.039582912 0.0055025313 0.019964777 0.007442521 0.54589635 0.0028134978 0.90750456 0.015458346 0.0026525704 0.006192148 0.744729 0.0036622928 0.0036819603 0.00012396066 0.0051705325 0.001273343 0.0013470419 0.036095224 0.02468561 3.0376345e-17 0.0012392945 0.8863872 0.47664508 0.0024310255 0.0043030856 0.0006760913 0.00029265933 0.033571698 0.44715577 0.00016837343 0.0007126956 0.9269465 0.0010432912 0.0052512805 0.00046090543 9.073974e-05 0.0002896362 9.326358e-05 7.300988e-05 5.0080856e-05 3.1763686e-06 0.00017284858 0.0002479777 0.0015751556 0.5190526 0.00011765249 0.36842582 0.00020457256 2.4117664e-06 2.8750228e-06 2.6455532e-06 0.0009571349 0.01642548 1.831955e-06 6.383389e-05 1.1468209e-05 5.0421735e-05 7.2207513e-06 4.803614e-05 4.614699e-05 0.009491907 0.008866769 0.0005839062 4.4504455e-07 2.1195428e-06 8.726452e-06 1.18511425e-05 6.454262e-05 0.00015497876 0.00791345 0.00085857674 1.0356138e-07 2.0294956e-06 1.0394799e-05 0.00243175 0.00024903115 0.037070524 1.7655037e-05 8.599058e-05 0.00088040537 1.3291739e-05 7.006927e-06 0.0016396939 0.0015448537 1.2917045e-05 2.5321008e-06 0.022226581 6.631501e-06 2.980596e-07 1.0480568e-06 1.8752706e-07 0.0046217726 1.3966043e-05 0.0008120624
0.010292212 0.008177515 0.008001037 0.14085852 0.010562703 0.03425089 0.0020158284 0.00027854653 0.44922376 0.06797558 0.24436809 0.0001834037 0.015486796 0.0024816804 0.0005714801 0.8178893 0.2523769 0.0006357693 0.006174252 0.78608537 0.04649099 1.5856813e-05 0.5895013 0.6205091 0.022654496 2.8212666e-05 0.0012392945 1.8810456e-16 0.0013123495 0.00065892824 6.73643e-05 0.038799647 8.331013e-05 0.35770372 0.004730829 0.00072761736 2.3746043e-06 0.25006658 0.00037438466 0.0566655 0.01029044 0.96672255 3.92804e-05 0.00013004786 2.659693e-05 6.46319e-06 0.11175445 0.53903437 9.026047e-05 0.0001188414 5.31119e-06 0.00097092986 0.000477607 0.00028173425 1.4914192e-05 0.13574763 0.02796178 3.217701e-07 3.0970295e-06 0.0044031837 1.8803072e-06 8.0017035e-06 1.5713455e-05 3.2537308e-05 1.5171971e-05 1.3527138e-05 0.15080103 0.0023338133 2.7228622e-05 1.8319741e-06 0.011600865 1.6804897e-07 2.635713e-05 1.0330173e-06 0.063053705 4.7323697e-06 6.2343934e-05 0.07551847 0.00072537194 0.010330957 9.793945e-07 0.008299368 0.022026908 0.003882429 0.0065363557 0.013279995 0.018587625 3.177108e-06 1.9081217e-07 2.1998967e-05 0.010136047 8.946194e-07 5.0079996e-07 0.0005628388 2.308384e-06 0.0012136537 1.5966309e-07 0.001451795 0.00019445736 0.014485575 0.014839346
0.749999 0.019846492 0.21885544 0.052289937 0.12866786 0.23204559 0.28570563 0.01840174 0.005375339 0.061895482 0.020395499 0.26301524 0.002662211 0.7936598 0.0072182463 0.0025969693 0.025534475 0.33191687 0.0018659648 0.0061667725 0.0002045037 0.0015412683 0.000807672 0.0026519126 0.13598652 0.008620966 0.8863872 0.0013123495 2.3748875e-19 0.89261514 0.0009336611 0.0197654 0.0009090561 0.0008924572 0.12987433 0.9057218 0.00018634554 0.0014286062 0.79564226 0.0028709609 0.023415487 0.0002741862 1.6015203e-05 3.993937e-05 1.2154929e-05 2.1075208e-05 0.0006668589 1.5509711e-05 0.0001685683 0.0003724607 0.001235609 0.5122439 0.0001013033 0.27324536 4.4630346e-05 5.9963722e-06 6.659996e-06 3.1424435e-07 0.0007465023 0.058706164 1.393602e-06 3.8688973e-05 3.27214e-05 4.215281e-05 6.5096215e-06 3.8306976e-06 7.927787e-05 0.03556181 0.0069452757 0.00039796543 2.0144607e-06 1.2577328e-06 6.2446696e-07 3.0643419e-06 0.00021255549 4.8378373e-05 0.0069507584 0.00349956 1.3596228e-07 2.2888412e-06 8.271549e-07 0.012884929 0.0010706004 0.0513781 6.589606e-05 0.0006670377 0.0023394725 1.5027739e-05 3.007013e-06 0.0013609068 0.007274062 3.396041e-06 1.7588032e-07 0.030687528 1.6656645e-06 1.7169803e-08 9.747656e-08 1.1047269e-07 0.003659039 8.851822e-05 0.0027992781
0.7574113 0.050990403 0.4099554 0.112112954 0.29472864 0.47408986 0.17668514 0.0040797973 0.008074517 0.1551096 0.032174263 0.09505863 0.006146472 0.6381113 0.0008743746 0.0020583686 0.051175173 0.11470563 0.002853505 0.0071778134 7.33662e-05 0.0003540521 0.00052819937 0.0033569946 0.24401169 0.0014151224 0.47664508 0.00065892824 0.89261514 1.5255436e-17 0.00011780372 0.051540375 2.3827562e-05 0.00042087896 0.3576458 0.9731687 6.72572e-06 0.0014052538 0.3025523 0.006091197 0.08358421 8.1962535e-05 3.5205467e-06 2.536283e-05 4.5997338e-05 1.7585635e-05 0.0010931215 5.4365805e-06 7.526134e-05 1.4667447e-05 5.5511714e-06 0.17561029 2.3104078e-06 0.03730427 3.3687e-06 7.723846e-06 1.1945676e-05 1.2198825e-07 4.5174634e-06 0.09296986 2.5520953e-07 3.3394878e-07 2.6323215e-07 2.7932033e-06 1.2743051e-06 2.8133204e-06 9.845001e-05 0.060896315 0.00051010185 5.952892e-06 2.566099e-07 7.8924137e-07 4.046372e-07 3.7512584e-07 0.00035614785 1.2807891e-06 0.00079544104 0.005493107 2.1975847e-08 3.691782e-06 1.1224006e-06 0.035328973 0.0010559213 0.028843759 0.00013650232 0.0007531845 0.0041933754 9.891476e-08 2.5347524e-07 0.00015775264 0.019728709 5.7381335e-06 1.6926008e-07 0.011618199 2.6517756e-07 6.45096e-08 1.2198278e-07 5.939376e-07 0.0007308683 0.00029825314 0.0046944967
0.28564945 0.027660057 0.0019750427 0.00035069318 0.00016845694 0.00013152763 0.03568649 0.7278931 2.3378172e-05 1.0588244e-06 3.6125286e-05 0.026464669 0.0008150327 0.0042962153 0.42469049 5.8150796e-05 1.1204716e-05 0.040182676 0.06920014 1.5240464e-05 6.0951825e-06 0.7251563 0.00023014403 2.8563147e-05 1.8073739e-06 0.041968197 0.0024310255 6.73643e-05 0.0009336611 0.00011780372 1.8758384e-21 3.747109e-06 0.6843816 2.1782853e-05 0.0001478905 0.0001308433 0.9774851 5.224977e-05 0.0022359984 4.967869e-06 2.405031e-05 0.00010934659 0.24379699 0.005401751 0.02110185 0.023323443 2.5082673e-07 4.6285318e-06 0.122442424 0.39494985 0.055453733 0.002239175 0.3057175 0.0057361783 0.3608394 2.0462434e-05 5.436736e-06 0.1504351 0.026054043 0.00031965956 9.225169e-05 0.058750454 0.047178894 0.075197436 0.025565913 0.022194982 1.3319021e-05 0.0001340801 0.012129953 0.030649193 6.672511e-07 0.00062051567 0.018577058 0.005344216 1.6756967e-05 0.00908615 0.0044735884 5.312479e-05 3.6758863e-07 1.7708895e-07 0.00086625805 0.00023951923 1.0928212e-05 0.0032929922 9.428487e-07 2.8294132e-06 5.5776498e-05 0.0006967462 0.0013601554 0.005018102 2.4977498e-05 0.0024260194 0.0009484043 0.0015260353 0.000822603 3.2971334e-07 0.0003082329 3.9044878e-07 0.0057939338 5.941228e-07 1.0646542e-05
