1.1441411e-24 0.9992068 0.9999223 0.999881 0.9717642 0.9349785 0.9914891 0.99406886 0.93422335 0.8054405 0.9770898 0.94521564 0.9842897 0.9998519 0.738173 0.63895714 0.95832795 0.8016158 0.75080705 0.9365426 0.35952199 0.97481847 0.93201 0.9739584 0.9491952 0.9990138 0.95203507 0.739635 0.9657539 0.9294159 0.9953101 0.82161015 0.9009338 0.989438 0.9874563 0.9636988 0.92638695 0.956161 0.91358846 0.83644956 0.9348507 0.906962 0.87451047 0.75387496 0.9751761 0.3425322 0.87803197 0.7624679 0.9571375 0.73718894 0.930232 0.8073167 0.7727328 0.7514483 0.7856629 0.904618 0.7020056 0.8218749 0.84609765 0.6908717 0.49399096 0.8738544 0.53529817 0.23091649 0.5410134 0.44692287 0.57008195 0.28158665 0.7577961 0.24643932 0.07439371 0.017319793 0.859522 0.02903409 0.6650676 0.16744871 0.12416935 0.46591002 0.093603335 0.06111466 0.07457766 0.49596313 0.2649316 0.05098538 0.054740164 0.024860462 0.030966658 0.0053236596 0.0329825 0.011040352 0.00013642319 0.0033376338 0.0018361283 0.002332594 0.000728838 0.024509307 0.00053859304 0.00064312 0.012133118 0.0065937177 0.0028724563
0.9992068 1.3692938e-18 0.31841344 0.5858056 0.92152506 0.80274576 0.7148082 0.40764555 0.10638771 0.24082817 0.13101327 0.037673313 0.02406949 0.0016741714 0.1219495 0.06933895 0.0005827549 0.019618634 0.0024032383 0.0069963336 0.0010634178 0.0007968578 0.037642095 0.00024884476 0.0004870026 0.01941758 0.015463389 0.00013839193 0.0043719667 0.018943256 0.005915065 0.003129075 0.0011609653 0.0027362355 0.001792931 0.0018899804 0.6865783 0.0016564206 0.0011978024 0.001077558 0.00066115375 0.0036018214 0.0005522858 0.14927402 0.004143626 0.056735434 0.015646398 0.043264296 0.0014394945 0.16159484 0.0006127238 0.00045437223 0.00070024177 0.00052113616 0.00015582588 0.00506776 0.00013519215 0.00046341016 0.0006843796 6.980032e-05 0.00010349481 0.006139723 0.00018003653 0.00010511177 0.0063066413 0.13907184 0.0003114249 0.00012118985 0.0009027278 4.7992322e-05 0.0019290838 0.00066958007 0.0006504617 0.011846708 0.0005004441 0.0006408006 0.00051739905 0.00012000444 0.0036476809 0.0005485743 0.00014274288 0.00089380844 0.0014708154 3.7677837e-05 0.0005318253 0.0008273101 0.0008675184 0.00046491236 0.00032849234 0.0006367674 0.00019064313 0.0001287364 0.0008466392 0.0017075088 0.00016861944 5.2824547e-05 0.00035859417 4.8799215e-05 4.069526e-05 4.623174e-05 0.00023286243
0.9999223 0.31841344 4.0799798e-14 0.025056269 0.16310619 0.070322864 0.23228034 0.57596856 0.16396643 0.013537027 0.023077738 0.44721782 0.9304952 0.008010959 0.0007100142 0.0029851163 0.00063758774 0.28803712 0.00057843665 0.28546283 0.00035572523 0.01137904 0.009222526 0.008627072 0.010904653 0.5911794 0.048448317 0.0005941662 0.5698349 0.0200157 0.2354124 0.07923666 0.12896818 0.0298967 0.036454536 0.07483089 0.022513406 0.0642017 0.065680474 0.13798608 0.0659988 0.031097151 0.07840172 0.00920397 0.24586798 0.002430855 0.010340044 0.010529473 0.15889996 0.00011826784 0.13870901 0.025193071 0.034724522 0.011051871 5.1536095e-05 0.008588261 0.006032042 0.003136884 0.041878562 0.029383373 0.0017761177 0.007730032 0.0035401026 0.0004101149 0.0010885228 3.3287724e-05 0.012724865 2.2815218e-05 0.0040618377 0.0006604848 0.0017993082 0.0007459173 0.035406746 8.4016e-05 0.006376891 0.0013549367 0.0033043458 0.002625182 0.00041213626 0.00091743586 0.0020692844 0.0005834984 0.0097390395 5.253687e-05 0.002283783 0.0012730801 0.0013958534 0.00033797635 0.00022972695 0.0004966967 6.074255e-05 0.001363486 1.7988714e-05 0.010920716 5.2754065e-05 0.00082179497 0.00011929789 0.00019738273 0.0007723628 0.000221615 0.0003954126
0.999881 0.5858056 0.025056269 3.0971733e-14 0.3994331 0.9434518 0.13408557 0.036830075 0.0227048 0.39727828 0.8970367 0.009243739 0.0046592723 0.051888186 0.09751814 0.5109176 0.0468451 0.0062394408 0.030168153 0.0072163423 0.030034544 0.019281873 0.014479236 0.0060014473 0.00631653 0.011712174 0.0099022575 0.007393041 0.0067470325 0.0071928725 0.022792494 0.00300908 0.0011502922 0.009993426 0.012109852 0.005415071 0.07129895 0.004670361 0.0016560479 0.0011744146 0.0018726892 0.0066919257 0.0007672429 0.016920816 0.0060803406 0.005552276 0.0070037073 0.005132537 0.0026709093 0.031461444 0.002447836 0.0009715023 0.0010344062 0.001116744 0.007226222 0.0066921106 0.0005212482 0.0021384854 0.0013132809 0.000289084 0.00033093995 0.006126802 0.0011414663 0.0007548805 0.0018268728 0.03238687 0.000346606 0.0021968351 0.0024800445 0.00019061293 0.0011429134 0.0002511687 0.001856135 0.0028049313 0.003437159 0.0012944917 0.0008912987 0.0004921191 0.0020472663 0.0009509765 0.0006463998 0.015391187 0.001395466 0.0004058709 0.0009249739 0.0019190047 0.0016636057 0.000530487 0.00027567233 0.0007438349 4.5339482e-05 0.00015602158 0.00041465805 0.0021337178 8.050643e-05 0.0001867583 0.000106840074 2.603183e-05 0.00011746224 0.0002530469 9.3889525e-05
0.9717642 0.92152506 0.16310619 0.3994331 5.410379e-17 0.43387383 0.55159473 0.051244177 0.15979539 0.5456721 0.04042146 0.0034132544 0.0013739513 0.0010606992 0.9701236 0.04828047 0.00024500268 0.0049145026 0.001514608 0.0009530984 0.0039149546 0.00021029465 0.05869978 9.8068245e-05 5.2771982e-05 0.00032216727 0.0033728362 0.00030835287 0.00027937815 0.0069665336 0.0001387408 0.00031836715 4.2294392e-05 8.7390894e-05 6.734156e-05 6.326522e-05 0.7993755 3.7620855e-05 4.543046e-05 4.2436568e-05 1.5402837e-06 0.00035620914 1.2536596e-05 0.26287 0.0001062007 0.10352075 0.018686872 0.047732696 1.5866191e-05 0.5619892 6.1910146e-06 3.4623332e-05 1.4800076e-05 4.209689e-05 2.083963e-05 0.0019175312 2.2783158e-06 6.371464e-06 3.4448807e-05 1.0110274e-06 1.2403432e-06 0.0025025583 9.4777727e-07 5.470553e-06 0.009389585 0.34112233 3.723637e-06 4.645411e-06 8.572218e-05 2.6025143e-06 0.0006423786 0.00015444552 9.699066e-06 0.054377027 2.4489369e-05 7.5175325e-05 4.707776e-05 2.6809622e-07 0.004981704 6.001009e-05 1.5120073e-05 0.0010562703 1.3507171e-05 2.1410891e-07 2.823105e-05 5.777554e-06 5.634137e-05 3.0807554e-05 1.8816463e-05 3.3651537e-05 5.633863e-05 4.2453205e-05 0.00029732758 7.523995e-05 0.00010256383 4.9292744e-06 4.424963e-05 1.5214941e-06 2.1423659e-05 4.8592296e-06 2.8058248e-05
0.9349785 0.80274576 0.070322864 0.9434518 0.43387383 6.0191816e-17 0.085737415 0.011962053 0.009330546 0.9781752 0.30964512 0.0015022266 0.0010450731 0.0039062854 0.25729612 0.42485407 0.0019617653 0.0020721792 0.0055476525 0.00057721743 0.0226361 0.0013869232 0.0028373685 0.00027008884 0.0004180583 0.000303252 0.0003593767 0.0022123123 0.000112456706 0.00020994236 0.0011084989 0.00015250998 3.6432968e-05 0.00030045735 0.00040113548 0.00012478358 0.019787455 8.4699735e-05 8.411332e-05 2.8998347e-05 9.465402e-06 0.00013423145 2.069831e-05 0.0030646678 5.866241e-05 0.0015205325 7.4168114e-05 0.00025802085 1.49308e-05 0.01387127 3.5605583e-06 9.155837e-06 9.060238e-06 4.773381e-06 0.00014998295 2.6595866e-05 2.2144374e-07 9.516442e-06 7.50592e-07 1.6304712e-07 2.2183436e-07 2.4555577e-05 2.3531293e-06 5.8218966e-06 2.0409501e-05 0.0014146075 3.0499288e-07 1.1570805e-05 5.791182e-07 4.3200154e-07 1.2768809e-05 6.9489183e-06 2.1355618e-06 0.00020544119 9.753212e-07 1.0475691e-06 9.2054e-06 3.5108351e-07 5.285493e-05 4.805741e-07 2.400369e-06 3.4803838e-06 4.663088e-05 8.97637e-07 3.3326065e-05 1.8935149e-05 6.637819e-05 1.6854943e-05 4.607621e-06 3.407904e-05 9.2445325e-06 3.5445971e-06 0.00015970934 3.666829e-05 2.4926932e-05 2.3070525e-06 2.1005002e-05 7.682899e-07 2.172436e-06 8.1748004e-07 1.4752445e-05
0.9914891 0.7148082 0.23228034 0.13408557 0.55159473 0.085737415 2.7340642e-18 0.34684092 0.96789557 0.047666147 0.035067834 0.07087007 0.0012649974 0.00078216015 0.020164456 0.010888048 0.00011324341 0.032809366 0.0012471112 0.0005482308 0.0018102047 0.00037909445 0.8531191 0.00014798885 9.544659e-05 0.0012405473 0.17268027 0.00018660928 0.0025692044 0.2991869 0.00020231032 0.007944464 0.001209914 0.0001712606 0.0001443397 3.246159e-05 0.82077277 1.7934943e-05 0.0004772942 0.00031920135 5.1468387e-06 0.017253717 0.00022418286 0.20640892 0.00030422848 0.030926159 0.3992681 0.21723446 6.228617e-05 0.02142619 1.2997891e-06 0.00029736388 5.242251e-05 0.00097044517 6.992351e-07 0.059741788 1.7811043e-07 5.63834e-07 0.00014316046 7.977607e-07 2.6371419e-08 0.098811895 1.7776647e-07 8.9916334e-08 0.098678835 0.044900768 2.3094815e-05 2.0097812e-09 0.0029653793 4.8028514e-08 0.012479511 0.0052290047 4.7273916e-05 0.0022764863 0.00011040282 0.0030059724 5.6004843e-05 1.1300563e-06 0.03976888 0.010599486 8.314721e-06 7.5672965e-06 4.9266378e-06 5.8101843e-09 2.6745754e-05 0.00010807175 1.1941905e-05 0.00023133957 1.0258437e-06 1.0572912e-05 1.746728e-05 6.8765007e-06 6.3673615e-05 6.6921195e-05 3.5268356e-05 7.0973385e-07 1.2729962e-05 1.2062565e-06 1.1479484e-06 9.82803e-07 5.0375835e-05
0.99406886 0.40764555 0.57596856 0.036830075 0.051244177 0.011962053 0.34684092 7.1625826e-18 0.95471156 0.006855133 0.0051975315 0.87589157 0.04619414 0.00071306305 0.0011727475 0.0025948626 1.447507e-05 0.3834901 0.00015573391 0.008352281 0.00041630596 0.00022409992 0.0851384 0.00010520676 0.00017667474 0.013738406 0.4883158 5.687187e-05 0.11142994 0.2890486 0.0008344812 0.05502604 0.014979628 0.00012472956 5.1430878e-05 0.00016942345 0.028043257 0.00013411205 0.00794112 0.016584368 5.489103e-05 0.052709226 0.0062025297 0.007862241 0.0050899605 0.002411254 0.06883744 0.0072123455 0.0014627561 0.00017449024 9.9495715e-05 0.004759025 0.0019857467 0.005712031 1.2447726e-06 0.07039862 4.1001317e-06 2.6635169e-06 0.002569807 4.394533e-05 5.5459464e-07 0.042772893 1.9488398e-06 6.138704e-07 0.007045866 6.880512e-05 0.0006038405 4.0916257e-09 0.010588139 7.462331e-07 0.0027916029 0.0010605035 0.0004672383 8.5110914e-05 0.0022569466 0.006605195 0.0009139261 4.5746885e-05 0.0006407859 0.0009717246 0.00024979273 2.9805176e-06 0.00011877342 7.473149e-07 0.00037677246 0.0012562705 0.0003419195 9.0558104e-05 8.938182e-06 0.00016885987 3.4962843e-05 1.2066988e-05 7.573889e-06 8.517676e-05 1.2569446e-05 1.4669559e-05 9.337384e-05 8.5245465e-06 1.4928109e-05 1.7478037e-06 0.00027761087
0.93422335 0.10638771 0.16396643 0.0227048 0.15979539 0.009330546 0.96789557 0.95471156 8.586927e-17 0.004613018 0.0013643496 0.3385682 0.005824551 0.00015350792 0.0039689434 0.0006878853 8.645529e-06 0.29797345 4.8728292e-05 0.0014573332 0.00011214012 8.628607e-05 0.84500104 8.928567e-05 6.303144e-05 0.00089916005 0.7704507 6.935935e-06 0.026610253 0.7908098 2.1827855e-05 0.0833483 0.0104221115 4.9727983e-06 1.4191058e-06 1.3166424e-05 0.17314439 7.808812e-06 0.00068110775 0.0015540671 4.7465933e-06 0.08216687 0.0011889186 0.037493385 0.00067477825 0.006460088 0.34178463 0.033373356 3.5600606e-05 0.0007817053 7.212874e-07 0.0013657511 8.8154535e-05 0.0023623384 3.3606125e-07 0.11201406 1.5296946e-07 1.203622e-07 0.000610457 2.930144e-07 1.876531e-08 0.16383128 4.7347253e-08 2.1348528e-08 0.03987088 0.00023805292 1.8712619e-05 7.3589237e-09 0.0075465064 7.806838e-08 0.013621462 0.0039454624 3.6901012e-05 0.0001829441 0.00052959786 0.009303001 0.00012765906 2.4301214e-06 0.0052799215 0.007487911 9.183794e-06 5.2317155e-06 5.0550094e-05 1.5675884e-07 9.900939e-05 0.0009998597 0.00011676364 0.0003804855 5.464499e-06 9.0289315e-05 4.15154e-05 2.4234061e-05 4.355812e-05 2.738738e-05 3.119631e-05 4.812102e-05 0.000114910305 7.4783434e-06 6.0529596e-06 6.0532457e-05 0.00011236269
0.8054405 0.24082817 0.013537027 0.39727828 0.5456721 0.9781752 0.047666147 0.006855133 0.004613018 3.1686496e-14 0.4320606 0.0016754067 0.000159734 0.007284027 0.92405105 0.87748796 0.014158657 0.0008256847 0.03050784 0.0001377646 0.11606634 0.009542871 0.005033247 0.0025036193 0.0016798128 0.00015330617 0.00073452975 0.004373823 0.00018662885 0.0006877534 0.0007047146 0.00020925375 1.9696481e-05 0.0005901432 0.00065797474 0.00021782762 0.12586294 8.426483e-05 1.763486e-05 1.1006068e-05 2.1089283e-05 0.00012173068 2.6951527e-06 0.04453 9.103687e-05 0.018262947 0.0005294254 0.0019395899 2.5766094e-05 0.26403958 1.2720393e-06 8.393819e-06 6.1570286e-06 2.5676147e-05 8.8687295e-05 0.00021027701 1.9905518e-07 1.7079094e-05 1.5375004e-05 6.032079e-07 1.0094748e-07 0.0003733168 2.4028498e-06 6.477246e-06 0.00069094077 0.04156695 8.958407e-06 3.009592e-06 4.5095644e-06 2.8796393e-07 5.303661e-05 1.0252917e-05 8.5157844e-05 0.0017977387 1.6358304e-05 2.1858852e-05 1.8823921e-06 3.7564407e-06 0.0008901167 6.177585e-06 8.58742e-07 0.00039044995 4.565105e-05 1.8680265e-06 4.324043e-05 1.4840166e-06 3.977065e-05 1.1397633e-05 3.6336799e-06 1.0773622e-05 3.3778908e-06 1.8730481e-06 0.0002231475 3.4321881e-06 9.50399e-06 1.4028181e-05 1.7356348e-06 5.2716143e-07 2.5705643e-07 2.9272255e-07 8.609204e-06
0.9770898 0.13101327 0.023077738 0.8970367 0.04042146 0.30964512 0.035067834 0.0051975315 0.0013643496 0.4320606 6.7378183e-18 0.00031594356 0.0004928085 0.2127761 0.049809303 0.9615308 0.111258544 0.0007885489 0.35110465 0.00033708246 0.7754591 0.04237617 0.00072931213 0.011439335 0.011691022 0.0013083119 0.00012950874 0.051226903 6.493448e-05 8.554675e-05 0.007505237 3.156031e-05 4.2222996e-06 0.003074772 0.006664464 0.0010908253 0.0014812072 0.0010001039 4.188409e-05 9.573097e-06 6.0701088e-05 1.860379e-05 3.869777e-06 0.00019916828 0.00023095663 0.0001710502 1.5011539e-05 3.334126e-05 8.749646e-05 0.0015007488 3.5939447e-05 4.5403153e-06 2.8506245e-05 1.9509298e-06 0.0066118534 1.6706415e-05 6.2546087e-06 9.157142e-05 2.7079238e-06 1.5289932e-05 2.2472634e-06 4.4231114e-05 4.3731277e-05 0.00023751546 1.2803818e-05 7.464567e-05 3.6581578e-06 0.00038606836 6.4016563e-06 1.0939723e-05 6.228876e-06 1.3465763e-06 7.895109e-05 1.8450708e-05 8.912985e-06 3.8726344e-06 7.192104e-05 3.0226506e-06 4.6724497e-05 4.33718e-07 1.6737355e-05 0.02289973 9.107351e-05 1.5344616e-06 2.0667301e-05 2.245071e-05 0.00025231866 5.1150523e-06 8.0349644e-05 0.00019554004 9.3838764e-07 1.1512731e-05 4.829372e-06 7.0312024e-05 2.057082e-06 4.312267e-06 4.9331074e-06 2.0408993e-07 5.57098e-06 2.5416741e-06 1.7487466e-05
0.94521564 0.037673313 0.44721782 0.009243739 0.0034132544 0.0015022266 0.07087007 0.87589157 0.3385682 0.0016754067 0.00031594356 3.302774e-16 0.0700107 0.00012011815 0.00026278783 1.0540102e-05 5.2117537e-07 0.9813562 2.3661519e-06 0.020682389 3.628174e-06 3.3524975e-05 0.03076552 3.27584e-05 3.1002313e-05 0.010119811 0.6991207 2.3312385e-05 0.51898533 0.36668855 9.118171e-05 0.39321488 0.14917205 3.6091467e-05 8.438123e-06 3.1074007e-05 0.0017133061 1.8366249e-05 0.025576752 0.06417294 1.4327103e-05 0.40282774 0.028984785 0.0009417973 0.012412622 0.0009169399 0.024810627 0.0013670372 0.0025951818 2.857966e-05 1.3568769e-05 0.024682868 0.0024877584 0.03970989 1.6943815e-06 0.15332416 5.4552675e-06 1.1568407e-06 0.011036452 2.8896726e-05 7.350423e-07 0.037944574 1.3660903e-07 2.2185678e-07 0.0034742344 3.992499e-06 0.0016924334 1.0996011e-08 0.047884222 1.0002287e-06 0.0016193116 0.0005947772 0.0009142151 8.003937e-05 0.015542124 0.010182456 0.0021881713 2.1719856e-05 0.00013281596 0.0016849389 0.0016898133 4.1163894e-05 0.0002745468 4.1309164e-07 0.0020827085 0.0032715988 0.0010372963 0.00013590026 1.981926e-05 0.0003427189 2.2007172e-05 0.00017255 2.4318488e-06 2.3828947e-05 1.1245912e-05 0.0001084366 5.754879e-05 2.9929011e-05 0.0001482752 3.2001535e-05 0.00017641949
0.9842897 0.02406949 0.9304952 0.0046592723 0.0013739513 0.0010450731 0.0012649974 0.04619414 0.005824551 0.000159734 0.0004928085 0.0700107 1.6369817e-17 0.0014462722 4.9461514e-06 2.1913642e-05 2.8649492e-05 0.045411102 6.006279e-06 0.9677794 4.719016e-06 0.0027738567 5.5664266e-05 0.0039578024 0.0032324027 0.5316317 0.0070990827 0.0003423166 0.33449408 0.0014069884 0.060244553 0.020962823 0.06091527 0.013782091 0.0065789605 0.026980907 0.00032704632 0.02626664 0.50345486 0.4025943 0.037927836 0.0068355813 0.14131634 8.804791e-05 0.6330519 6.945861e-05 0.00026421674 0.0016322938 0.2818578 3.916102e-08 0.1413813 0.011678502 0.09319193 0.0030425081 8.10767e-06 0.0017248288 0.0053926073 0.00083352596 0.16190542 0.056289244 0.0010074265 0.0009846367 0.00046215058 3.22228e-05 6.8345144e-06 1.1890721e-07 0.027424257 7.626826e-07 0.0007498994 7.887877e-05 0.00012403693 5.2414063e-05 0.11466571 1.2123019e-06 0.0028625296 0.00024467742 0.010279803 0.002364281 1.0866496e-06 2.0855476e-05 0.008904266 8.076019e-05 0.016470404 8.24164e-06 0.0040822 2.2309714e-05 0.0019488353 8.8675637e-07 2.0937001e-05 7.504023e-05 7.7806266e-07 0.0004951123 1.2773572e-07 4.2219335e-06 7.6446156e-07 0.0055156685 2.1597648e-06 8.492986e-05 0.0005364861 3.5722125e-05 3.24802e-05
0.9998519 0.0016741714 0.008010959 0.051888186 0.0010606992 0.0039062854 0.00078216015 0.00071306305 0.00015350792 0.007284027 0.2127761 0.00012011815 0.0014462722 6.8039764e-15 0.00018403796 0.00725116 0.8225955 0.00035308674 0.21662149 0.0016270285 0.018591002 0.9566571 0.00014567503 0.6253377 0.5713937 0.009286669 2.0619442e-05 0.6872904 0.00020140708 1.2706856e-05 0.04658659 3.2055934e-05 1.8833734e-05 0.046280447 0.21663177 0.005851303 0.00020545864 0.006427319 0.00036029087 0.0001202073 0.003173677 1.8032857e-05 1.5521786e-05 1.0044889e-05 0.0018130322 3.297648e-06 7.3360216e-06 8.070432e-06 0.0030464928 0.00044279103 0.0050310236 1.6133594e-05 0.00036194426 4.9488126e-06 0.15079619 1.4059576e-05 0.00048640868 0.0060789986 8.2326806e-05 0.00027806242 0.0004810099 2.5505016e-05 0.01181941 0.00684983 1.5284815e-05 9.568373e-05 0.00011881296 0.018573405 2.7450082e-05 0.0006875327 3.4187972e-06 6.522469e-07 0.0012337992 2.4741114e-05 3.3893095e-05 7.38573e-06 0.0008754475 0.0005501949 0.00018069912 7.92265e-06 0.00042877626 0.014587461 0.0030910985 0.0036495267 0.00076758506 2.108882e-05 0.00029010035 1.1860018e-05 0.0007527368 2.2426464e-05 7.8745796e-07 0.000383805 3.1878428e-06 0.00031867155 2.2463603e-07 6.6660046e-05 3.5043106e-06 7.604797e-07 0.00017825887 0.00042210112 4.953251e-06
0.738173 0.1219495 0.0007100142 0.09751814 0.9701236 0.25729612 0.020164456 0.0011727475 0.0039689434 0.92405105 0.049809303 0.00026278783 4.9461514e-06 0.00018403796 8.087878e-15 0.047229044 0.001406329 0.00046492278 0.0015281528 5.46686e-06 0.005391229 0.0002470074 0.023478378 0.00011325379 1.12030075e-05 1.47468e-06 0.0006409934 0.00018072911 8.37221e-06 0.0014853589 1.1412267e-06 0.00012366628 1.5007981e-06 8.7481783e-07 2.246104e-06 2.5394073e-07 0.8601589 1.01832214e-07 2.4870607e-07 2.7936494e-07 1.4275629e-07 3.9966384e-05 3.4636935e-07 0.597607 4.2684317e-07 0.33209822 0.0024465246 0.033218708 5.4493132e-08 0.8936825 5.7794574e-09 9.4768956e-07 2.632348e-08 5.2005157e-06 1.2246705e-06 6.3892534e-05 8.608345e-09 1.700983e-07 1.4953434e-06 1.5862499e-07 3.4261622e-09 0.00041349488 5.4484925e-08 2.720902e-07 0.007886001 0.40740675 5.8832836e-07 5.1961226e-08 4.5804136e-06 2.1958963e-08 0.0002039768 0.00013395151 1.1247419e-06 0.07813625 1.6013759e-06 3.373405e-05 3.6568324e-06 6.050957e-08 0.0070576053 5.0855546e-05 6.260095e-07 1.3787993e-05 2.3038589e-05 6.31111e-08 1.346374e-05 1.4808695e-06 1.5286864e-06 2.4362578e-05 9.849583e-07 6.6113097e-07 5.032515e-06 2.684927e-06 0.0005095276 1.2716857e-05 1.5081191e-05 1.1009989e-06 2.8111454e-06 3.462564e-07 5.482924e-07 9.19018e-08 1.5796054e-06
0.63895714 0.06933895 0.0029851163 0.5109176 0.04828047 0.42485407 0.010888048 0.0025948626 0.0006878853 0.87748796 0.9615308 1.0540102e-05 2.1913642e-05 0.00725116 0.047229044 1.3080518e-16 0.01526213 0.00041695143 0.17564555 9.439598e-05 0.9939813 0.004032858 0.00055250846 0.0010416473 0.00091333536 3.332581e-05 6.5432716e-05 0.015876364 4.860384e-06 3.3062242e-05 0.0011578047 9.526658e-06 9.868844e-08 0.0010071176 0.0016919717 8.126794e-05 0.0012115594 3.8473434e-05 2.529864e-07 3.7962824e-08 1.17927634e-07 8.206514e-07 8.911124e-10 0.00023530352 5.6944787e-06 0.0003773384 6.5236413e-06 3.4157943e-05 2.7362014e-06 0.0022804388 1.0393063e-07 1.1918201e-08 3.1318228e-07 2.684036e-08 0.00079582084 1.6643703e-06 2.0653528e-09 8.516173e-07 1.06555916e-07 1.2347712e-08 3.7125908e-10 8.525384e-06 1.3415062e-07 8.507126e-06 7.363639e-06 0.0005027685 1.9937752e-06 9.264982e-06 3.3427446e-07 1.3093277e-08 1.6590568e-06 3.2910848e-06 9.333793e-06 2.6352254e-05 4.122801e-07 9.536538e-06 1.222317e-06 1.10278805e-07 3.73616e-05 1.4025778e-06 1.917927e-08 2.4926255e-06 4.865838e-06 7.817895e-08 1.5085801e-06 1.9044224e-05 7.990152e-06 2.440796e-06 2.867033e-08 5.551034e-06 4.0744556e-08 1.7190414e-08 1.9417882e-06 1.5437925e-06 1.8331879e-07 7.8714e-08 1.6824805e-08 1.7378062e-08 7.3676873e-09 9.153509e-09 3.5304697e-07
0.95832795 0.0005827549 0.00063758774 0.0468451 0.00024500268 0.0019617653 0.00011324341 1.447507e-05 8.645529e-06 0.014158657 0.111258544 5.2117537e-07 2.8649492e-05 0.8225955 0.001406329 0.01526213 6.279358e-17 2.0676687e-05 0.9987189 9.076068e-05 0.039740197 0.057361282 2.936231e-05 0.040498864 0.029810263 0.00038513943 1.6013605e-06 0.11889305 1.867567e-06 1.9454064e-06 0.0051046703 3.21481e-06 1.2919231e-06 0.0050965156 0.013429042 0.0008387834 1.1998659e-06 0.00046002562 9.32414e-06 8.0245405e-07 4.1126972e-05 5.284576e-07 3.5672417e-07 1.0343919e-07 3.1405652e-05 7.700944e-07 1.0212183e-07 1.9192846e-06 4.7931077e-05 0.00011969585 6.7789195e-05 2.0875731e-07 6.101289e-06 6.3666654e-08 0.067192405 8.599619e-08 5.1785464e-06 0.00039954128 5.2394165e-07 4.0601935e-06 6.224267e-06 3.2448481e-06 0.00021833654 0.000820655 4.741246e-06 2.1311052e-05 1.5514384e-05 0.0012938535 1.4187734e-07 5.55547e-05 7.281949e-07 2.7607402e-06 7.6958575e-05 1.80092e-06 2.5841e-07 5.478079e-07 2.4106916e-05 1.3380666e-05 7.6156366e-06 3.3659398e-07 2.024496e-05 0.0022195259 0.000826023 1.3174274e-05 0.00027933632 6.0166103e-06 0.00032123338 4.1689354e-06 2.8766506e-05 5.3177e-05 1.654799e-07 2.9979432e-05 3.4779514e-06 9.800672e-07 3.5279928e-07 0.0001946505 2.6952543e-07 8.60663e-07 4.2340944e-06 2.9229182e-05 1.0988999e-06
0.8016158 0.019618634 0.28803712 0.0062394408 0.0049145026 0.0020721792 0.032809366 0.3834901 0.29797345 0.0008256847 0.0007885489 0.9813562 0.045411102 0.00035308674 0.00046492278 0.00041695143 2.0676687e-05 3.485513e-15 7.02089e-05 0.022304216 7.8887344e-05 0.00021215087 0.0064883693 0.00020261752 0.00016725171 0.0027867474 0.70333326 5.2183732e-05 0.8701272 0.15697399 0.00012734729 0.8783706 0.6081516 5.691414e-05 1.9051235e-05 0.00013814034 0.0015556248 0.0001230584 0.02378932 0.14661896 0.00013374 0.46098325 0.08340221 0.00045894057 0.0027457364 0.00026119652 0.009513089 0.0017221068 0.00061264075 3.6384354e-05 3.3857268e-05 0.0630303 0.000763915 0.05758068 2.5534332e-06 0.06484253 2.467984e-05 1.4476375e-06 0.0123963505 7.739938e-05 1.7843083e-06 0.023144161 2.2416691e-07 2.1367606e-07 0.0010581673 9.4273264e-07 0.00038584805 6.869081e-08 0.054600354 1.993435e-06 0.0021142669 0.000508467 0.00046959118 1.1660511e-05 0.033770084 0.015151362 0.0012134685 1.0837802e-05 8.213906e-05 0.001242565 0.00024294216 7.6636425e-06 6.290821e-05 2.0003526e-07 0.00019254613 0.009999576 0.0055922894 0.00032467488 2.2387336e-05 0.0042588343 0.00010501259 9.947119e-06 9.700635e-07 1.9747487e-05 6.007918e-06 0.00055529806 0.0004076812 0.00013588317 2.6367235e-05 5.6318718e-06 0.0011409672
0.75080705 0.0024032383 0.00057843665 0.030168153 0.001514608 0.0055476525 0.0012471112 0.00015573391 4.8728292e-05 0.03050784 0.35110465 2.3661519e-06 6.006279e-06 0.21662149 0.0015281528 0.17564555 0.9987189 7.02089e-05 5.6064693e-18 7.246431e-05 0.8738447 0.041828033 5.2835985e-05 0.006860208 0.0061386577 0.00025616604 1.3485092e-06 0.6527964 2.7402177e-06 1.7388955e-06 0.007904011 1.9603942e-07 1.539975e-08 0.0026866 0.010747061 0.0010595265 4.9293234e-05 0.00073656195 1.6921481e-06 2.7263502e-08 7.038053e-05 5.4343666e-08 2.616349e-09 8.068081e-07 4.4373624e-05 2.001176e-06 1.234301e-07 1.3748772e-07 2.2156017e-05 0.00025722725 8.424212e-06 7.667148e-09 1.9742413e-06 1.4925352e-08 0.051416755 7.237794e-08 1.7811264e-07 0.00012351223 1.2436259e-07 2.2498205e-07 8.1112645e-08 6.59168e-07 0.00016148394 0.0005000567 3.6412055e-07 7.4997342e-06 4.384668e-06 0.0006532663 1.2893709e-07 1.434015e-06 3.8675484e-08 3.6195715e-08 3.8512786e-05 4.9783665e-07 6.1994956e-07 4.6737912e-07 6.6297025e-07 8.876286e-07 2.1385251e-06 2.7753737e-09 1.6389254e-07 0.00017057307 2.7059092e-05 5.6480353e-06 2.4369422e-06 6.749851e-07 1.9558995e-05 2.8455954e-08 5.7399643e-07 3.1094442e-06 5.3713385e-09 2.2781366e-07 2.49152e-08 1.2614878e-08 5.3810285e-09 2.5774081e-05 1.2939175e-09 2.0359025e-08 6.032565e-08 1.8528796e-06 1.6060199e-07
0.9365426 0.0069963336 0.28546283 0.0072163423 0.0009530984 0.00057721743 0.0005482308 0.008352281 0.0014573332 0.0001377646 0.00033708246 0.020682389 0.9677794 0.0016270285 5.46686e-06 9.439598e-05 9.076068e-05 0.022304216 7.246431e-05 2.9108074e-14 5.0581828e-05 0.0015981004 3.1176558e-05 0.0020192205 0.0010217918 0.19892761 0.0010096477 0.0007410352 0.3934768 0.0001812547 0.00533213 0.021138089 0.104037404 0.0024320506 0.0012378417 0.0028469882 0.00017117031 0.003034422 0.9379016 0.8152379 0.008388034 0.0024381964 0.20839624 2.9640958e-05 0.70699066 2.1079208e-05 5.612439e-05 0.00029538453 0.12884971 7.0923224e-06 0.0301388 0.0121105695 0.11234018 0.0026540796 4.4232504e-05 0.00054162095 0.001733358 0.00037185164 0.31716567 0.02770942 0.00022046594 0.0002062252 0.00012283059 4.4719007e-05 1.7484464e-05 2.7599836e-07 0.029509336 1.043079e-06 0.001041475 9.101725e-05 5.8070276e-05 8.117863e-05 0.06511476 1.6932185e-06 0.0045140893 5.3892054e-05 0.028545517 0.00053155754 1.2561512e-05 1.983151e-05 0.01628838 0.00030247937 0.006393713 4.3118516e-06 0.0050418186 5.4388292e-05 0.008756154 2.958394e-05 1.7527069e-05 0.00019358807 2.013435e-06 0.00016361543 3.145193e-07 1.1768048e-05 1.6191586e-06 0.030810935 1.06643865e-05 0.0005582916 0.0007187427 1.0110617e-05 3.137635e-05
0.35952199 0.0010634178 0.00035572523 0.030034544 0.0039149546 0.0226361 0.0018102047 0.00041630596 0.00011214012 0.11606634 0.7754591 3.628174e-06 4.719016e-06 0.018591002 0.005391229 0.9939813 0.039740197 7.8887344e-05 0.8738447 5.0581828e-05 7.232013e-19 0.011839914 0.00026716606 0.0039427406 0.0031085436 0.000422758 1.4016587e-05 0.20566869 4.69663e-06 1.7684577e-05 0.0031344227 5.989157e-07 3.2807495e-08 0.002750021 0.0019190946 0.0007653786 0.0018316066 0.00042459078 1.3963572e-06 8.446439e-08 9.4668285e-06 1.7444005e-07 5.1332334e-09 6.4339816e-05 4.618657e-05 2.6666903e-05 5.409661e-06 1.1769849e-06 9.062338e-06 0.0018848398 1.53422e-06 3.6877598e-08 1.4195267e-06 6.599546e-08 0.006217069 1.066461e-05 8.809029e-08 0.000118904434 2.1666973e-07 1.3328727e-07 6.271272e-08 2.5084371e-05 2.0522511e-05 0.00017122793 1.1211429e-05 0.00020273891 2.7364415e-06 0.00030930035 5.5068795e-06 1.219097e-06 7.0049027e-06 1.6994e-06 2.2843524e-05 1.3087079e-05 1.1288139e-05 1.1436067e-05 6.1285523e-06 7.716206e-07 6.9065725e-05 9.892254e-07 5.0911694e-07 0.0003500536 1.0023635e-05 3.4389504e-06 5.9543004e-06 1.0489773e-05 7.724401e-05 1.8401898e-06 1.0119795e-06 4.6646048e-05 5.297973e-07 2.5013398e-07 2.0548841e-06 9.457344e-08 1.8453751e-07 5.2094406e-06 9.184836e-08 2.0949764e-07 1.5210611e-07 3.21494e-07 3.2575685e-05
0.97481847 0.0007968578 0.01137904 0.019281873 0.00021029465 0.0013869232 0.00037909445 0.00022409992 8.628607e-05 0.009542871 0.04237617 3.3524975e-05 0.0027738567 0.9566571 0.0002470074 0.004032858 0.057361282 0.00021215087 0.041828033 0.0015981004 0.011839914 3.906707e-13 2.9076633e-05 0.6150189 0.72985256 0.0014900097 5.598217e-06 0.96762383 1.4928735e-05 3.4893471e-06 0.015702365 7.790098e-06 4.3587734e-06 0.027290689 0.12767012 0.0023958995 8.2162796e-07 0.0021436566 6.902661e-05 9.160404e-06 0.00083057216 2.4941878e-06 2.8985723e-06 1.6471485e-07 0.00024240708 8.177733e-07 5.6711357e-08 2.1078151e-06 0.0005170195 2.1461756e-05 0.00042875626 5.790973e-07 0.00013285107 1.5600125e-07 0.2470486 7.241909e-08 0.0002792109 0.0027595456 3.858637e-06 4.948895e-05 0.00017390828 1.1073096e-06 0.004724361 0.005366596 7.0220483e-07 6.0078946e-06 1.12248135e-05 0.015017526 2.2366082e-07 0.0003703991 2.0029982e-07 3.7934615e-07 0.00012005435 2.0958166e-06 2.2235118e-07 1.7357117e-07 2.5393203e-05 3.265363e-05 6.1703254e-06 2.9632885e-08 1.797863e-05 0.009675413 0.00054399756 0.0014248991 0.00017807334 9.046122e-06 5.378957e-05 4.04529e-06 0.00014757956 1.6347294e-05 1.4949927e-06 7.9883874e-05 2.260658e-05 3.437008e-05 5.4066027e-06 6.252026e-06 5.5607147e-06 1.5924318e-06 4.3370022e-05 0.00071214215 8.224107e-06
0.93201 0.037642095 0.009222526 0.014479236 0.05869978 0.0028373685 0.8531191 0.0851384 0.84500104 0.005033247 0.00072931213 0.03076552 5.5664266e-05 0.00014567503 0.023478378 0.00055250846 2.936231e-05 0.0064883693 5.2835985e-05 3.1176558e-05 0.00026716606 2.9076633e-05 4.2687747e-14 1.8833214e-05 1.1455388e-05 1.0097464e-05 0.11299431 5.1618685e-05 0.00028424524 0.63826865 9.602937e-07 0.0021927345 0.00021863657 2.6885488e-07 1.0123763e-06 5.605961e-07 0.8147712 2.7063425e-07 9.235253e-06 3.064341e-05 2.5902068e-07 0.010263629 4.722219e-05 0.39149362 5.4506495e-06 0.061981604 0.9616173 0.52456534 1.953149e-06 0.012688301 9.9990864e-08 9.016033e-05 1.8617236e-06 0.00039795518 2.6749467e-06 0.09612969 7.828668e-08 4.8473277e-07 3.0292435e-05 1.3956144e-06 1.8263849e-08 0.44021547 6.221433e-09 1.8401654e-08 0.49866986 0.016245361 4.604946e-06 3.7147057e-08 0.0020228652 1.7017563e-06 0.05327375 0.021634197 1.46421235e-05 0.0058235875 0.0001388806 0.011938894 7.3965207e-06 4.8405072e-06 0.13482422 0.051696528 2.2542847e-06 9.122294e-05 1.5291464e-05 1.2942853e-07 5.831865e-06 0.00089444243 4.757012e-06 0.010242499 4.0879208e-05 1.0965628e-05 0.0002682488 1.3401905e-05 0.0011169942 0.006708031 0.00027869054 1.2742321e-06 0.00027950713 7.7840855e-07 8.7637096e-07 4.713695e-06 9.577416e-06
0.9739584 0.00024884476 0.008627072 0.0060014473 9.8068245e-05 0.00027008884 0.00014798885 0.00010520676 8.928567e-05 0.0025036193 0.011439335 3.27584e-05 0.0039578024 0.6253377 0.00011325379 0.0010416473 0.040498864 0.00020261752 0.006860208 0.0020192205 0.0039427406 0.6150189 1.8833214e-05 2.8661757e-11 0.99005336 0.008430289 1.2471058e-05 0.28846022 9.263113e-05 5.945941e-06 0.09140058 3.0311132e-05 3.0468273e-05 0.11929793 0.3914794 0.012881414 9.689336e-07 0.0113713965 0.00015560357 3.6452395e-05 0.006060952 3.4537306e-06 4.321237e-06 1.313894e-07 0.0004322004 1.093927e-06 1.0425405e-07 4.673223e-06 0.0014247572 5.055834e-05 0.010799557 6.1931195e-07 0.000266226 2.533411e-07 0.57840365 6.869539e-08 0.0015091082 0.023569614 2.1003858e-05 0.000983218 0.0008349963 5.879178e-07 0.014996873 0.01563131 4.479669e-07 5.6979334e-06 0.00014622664 0.062906854 2.395593e-07 0.0016978424 1.0242874e-06 2.8145444e-06 0.0005469998 8.875736e-07 4.5324478e-07 3.0269533e-07 5.704646e-05 0.00019043488 2.8924255e-06 1.3645811e-07 6.081936e-05 0.045411374 0.0010570216 0.0065241777 0.00026426662 4.6970918e-06 5.3042095e-06 8.345663e-06 0.00014537512 1.737585e-05 1.6780706e-06 6.343984e-05 7.869165e-06 9.63346e-06 3.5365915e-06 5.947972e-06 1.5955479e-06 3.8730964e-06 8.9637915e-06 0.0006480531 4.2071983e-06
0.9491952 0.0004870026 0.010904653 0.00631653 5.2771982e-05 0.0004180583 9.544659e-05 0.00017667474 6.303144e-05 0.0016798128 0.011691022 3.1002313e-05 0.0032324027 0.5713937 1.12030075e-05 0.00091333536 0.029810263 0.00016725171 0.0061386577 0.0010217918 0.0031085436 0.72985256 1.1455388e-05 0.99005336 3.0646552e-13 0.0043248786 1.8008443e-06 0.62443256 3.0542284e-05 1.0598953e-06 0.0810203 1.0169609e-06 3.10835e-06 0.065340035 0.43876824 0.0085063735 8.950418e-07 0.0059267897 6.324568e-05 1.3520833e-05 0.002647877 3.0333368e-07 8.4458395e-07 8.3575934e-08 0.00035126723 1.1060784e-07 1.8022686e-08 5.153462e-07 0.00029986512 2.187257e-05 0.0026286356 1.4037616e-07 0.00013930176 7.743161e-08 0.5361312 2.2694508e-08 0.000390417 0.009706618 4.1456433e-06 0.0002588235 0.00019105081 5.86449e-07 0.004296959 0.005988606 1.4945701e-07 5.987955e-06 2.8009592e-05 0.04363091 3.4883456e-08 0.00027754632 2.8198517e-07 1.9143407e-07 0.00010953593 1.0841281e-06 6.0220806e-08 2.6021764e-08 1.6050475e-05 4.0057694e-05 2.2549264e-07 1.2445175e-08 3.9675615e-06 0.0054135583 0.00056337856 0.0025127807 0.000106336396 6.281711e-06 1.08824825e-05 6.0791954e-06 1.5437492e-05 3.695024e-05 2.706909e-06 1.4476715e-05 4.7988274e-06 1.4417255e-06 7.33272e-06 5.0294543e-06 2.563498e-06 2.0929745e-06 3.3090112e-06 0.00034609353 4.9032765e-06
0.9990138 0.01941758 0.5911794 0.011712174 0.00032216727 0.000303252 0.0012405473 0.013738406 0.00089916005 0.00015330617 0.0013083119 0.010119811 0.5316317 0.009286669 1.47468e-06 3.332581e-05 0.00038513943 0.0027867474 0.00025616604 0.19892761 0.000422758 0.0014900097 1.0097464e-05 0.008430289 0.0043248786 7.689674e-16 1.0676344e-05 0.0022457456 0.0009425044 1.4400512e-05 0.12276488 7.337327e-05 0.0006779385 0.020785457 0.0038383629 0.22922942 4.024599e-08 0.19048887 0.073544145 0.0078559 0.44656634 4.1483938e-05 0.0009808004 4.6277986e-08 0.49214938 1.7521936e-07 1.984214e-07 1.3628678e-06 0.9513015 4.1813487e-07 0.78446597 0.00019257606 0.23407903 3.513009e-05 7.680006e-05 1.4659505e-05 0.20501593 0.018178003 0.00755188 0.535578 0.028314902 1.6111659e-06 0.0015910201 9.617748e-05 5.936335e-07 1.3078757e-07 0.05423583 5.3771106e-05 6.477874e-05 0.009078467 2.2260547e-06 4.7511044e-06 0.47387373 2.8320818e-07 8.006417e-05 1.0561977e-05 0.004108718 0.1667472 3.4504767e-05 6.964822e-06 0.004693559 0.004363401 0.19340158 0.0034126104 0.036982786 9.2238715e-06 8.4075626e-05 6.8566856e-06 0.015328243 7.415866e-06 7.068523e-07 0.005047293 7.6444917e-07 4.2050542e-05 8.5924825e-07 0.0026294114 2.0155712e-06 1.03577995e-05 0.002912913 0.0011433096 4.67497e-06
0.95203507 0.015463389 0.048448317 0.0099022575 0.0033728362 0.0003593767 0.17268027 0.4883158 0.7704507 0.00073452975 0.00012950874 0.6991207 0.0070990827 2.0619442e-05 0.0006409934 6.5432716e-05 1.6013605e-06 0.70333326 1.3485092e-06 0.0010096477 1.4016587e-05 5.598217e-06 0.11299431 1.2471058e-05 1.8008443e-06 1.0676344e-05 1.3676612e-16 2.1013514e-07 0.046352025 0.94724435 3.1754192e-07 0.62676436 0.047524326 6.836721e-07 1.16002276e-07 2.2800015e-07 0.0020471942 1.7237605e-07 0.00014218246 0.0017232281 4.207076e-07 0.9204685 0.004329145 0.00083521375 7.898445e-05 0.0004223651 0.1268811 0.0040560104 2.1657897e-06 6.0550243e-05 5.059217e-08 0.022604821 4.4718323e-05 0.13113017 1.5822778e-07 0.81698924 5.1976688e-08 1.6860463e-08 0.00043475025 4.803688e-07 3.5537677e-09 0.42843556 3.041392e-09 3.0724223e-09 0.017426757 4.9878263e-06 5.934728e-05 4.5661647e-10 0.28697962 4.5978314e-08 0.014871017 0.004749324 1.8401321e-06 2.0526935e-05 0.015653728 0.11463632 0.00013877919 2.0734245e-07 0.000532544 0.0250589 1.2905065e-05 7.1145246e-07 9.69326e-06 2.3714335e-08 1.3280488e-05 0.040347684 0.0011317249 0.0033160767 1.955156e-06 0.002983413 0.0003054183 6.307958e-06 7.1364702e-06 0.00035147276 3.339224e-05 1.8274279e-05 0.00087549974 4.2198742e-05 1.4366774e-06 6.1279064e-07 0.0015310544
0.739635 0.00013839193 0.0005941662 0.007393041 0.00030835287 0.0022123123 0.00018660928 5.687187e-05 6.935935e-06 0.004373823 0.051226903 2.3312385e-05 0.0003423166 0.6872904 0.00018072911 0.015876364 0.11889305 5.2183732e-05 0.6527964 0.0007410352 0.20566869 0.96762383 5.1618685e-05 0.28846022 0.62443256 0.0022457456 2.1013514e-07 1.3178085e-12 4.2622555e-06 1.1514297e-06 0.030573402 1.5140043e-07 1.6611205e-07 0.048178006 0.31109858 0.006190796 3.9622624e-05 0.005212286 9.847e-05 3.2895096e-06 0.0011187197 4.3789828e-07 4.5593873e-07 3.483221e-07 0.0010318403 9.534333e-09 1.9417242e-07 3.282689e-07 0.0016435083 0.00025662204 0.0028839272 7.0473675e-07 0.00035426978 3.0281083e-07 0.9575032 1.7703163e-06 0.00048711244 0.007361326 3.2555683e-05 0.0003548128 0.00035472622 1.00243515e-05 0.0082784435 0.015233613 5.1234647e-06 1.1245783e-05 3.724548e-05 0.19755764 9.074173e-07 0.0009125183 1.3812787e-07 1.2536397e-08 0.0014186255 8.181945e-07 5.1798847e-06 4.0088264e-07 5.2666244e-05 0.00022130982 1.9941422e-06 3.4054132e-08 1.1030699e-05 0.021109704 0.00070864364 0.0035979094 0.00042040923 6.4247874e-06 4.0449217e-05 2.145536e-06 8.2355e-05 1.6679767e-05 9.298969e-07 4.3981094e-05 2.107954e-06 1.0979503e-07 2.0620316e-06 0.00078311964 1.1292258e-06 4.640983e-06 3.8828137e-05 0.00081260543 7.6270476e-06
0.9657539 0.0043719667 0.5698349 0.0067470325 0.00027937815 0.000112456706 0.0025692044 0.11142994 0.026610253 0.00018662885 6.493448e-05 0.51898533 0.33449408 0.00020140708 8.37221e-06 4.860384e-06 1.867567e-06 0.8701272 2.7402177e-06 0.3934768 4.69663e-06 1.4928735e-05 0.00028424524 9.263113e-05 3.0542284e-05 0.0009425044 0.046352025 4.2622555e-06 1.833551e-15 0.007452255 1.4315902e-05 0.8502689 0.9590146 1.0676384e-05 2.5165155e-06 2.0834273e-06 1.8323384e-05 2.6567639e-06 0.20504048 0.5998164 6.9645566e-06 0.47139832 0.7544047 4.659561e-06 0.011775016 9.010244e-06 0.00010794475 7.7853336e-05 0.0002644509 1.9220771e-07 3.895983e-06 0.71709836 0.0029125018 0.41744766 3.0461834e-08 0.038753264 6.0712375e-07 2.0804222e-07 0.38418862 2.7934161e-06 9.658913e-08 0.0014966697 1.7465455e-08 2.0277446e-08 4.7175963e-05 7.266067e-08 0.001946534 1.552706e-10 0.1670521 7.038887e-08 9.50248e-05 3.7331076e-05 0.0008401324 4.9843663e-07 0.40565062 0.005442978 0.006003096 3.5438704e-06 2.5567156e-06 0.0001689209 0.0026506535 6.2801123e-06 6.795269e-05 2.3211166e-08 0.0007551639 0.010262396 0.07054962 8.530179e-05 1.0636307e-06 0.02143907 8.331191e-06 1.052604e-05 4.925928e-08 5.2125665e-06 2.0139545e-07 0.06338816 7.1119546e-05 0.0004845983 0.00015619278 2.0945208e-07 0.0053639123
0.9294159 0.018943256 0.0200157 0.0071928725 0.0069665336 0.00020994236 0.2991869 0.2890486 0.7908098 0.0006877534 8.554675e-05 0.36668855 0.0014069884 1.2706856e-05 0.0014853589 3.3062242e-05 1.9454064e-06 0.15697399 1.7388955e-06 0.0001812547 1.7684577e-05 3.4893471e-06 0.63826865 5.945941e-06 1.0598953e-06 1.4400512e-05 0.94724435 1.1514297e-06 0.007452255 3.3889236e-15 4.0161046e-07 0.086583756 0.008210832 1.7851022e-07 7.1485196e-08 2.1315381e-07 0.018600337 1.09966045e-07 3.452768e-05 0.000111123016 1.5191473e-07 0.5437542 0.0002084105 0.012479328 2.3081164e-05 0.0039449115 0.86230534 0.057925574 1.4190056e-06 0.00013943679 2.2840416e-08 0.0034776453 1.00127045e-05 0.023701038 1.3141429e-06 0.9189416 5.4618422e-08 1.6766853e-08 6.759907e-05 9.522729e-07 9.2838865e-09 0.8806798 1.3559673e-09 3.1117475e-09 0.23814517 3.9171355e-05 8.884827e-06 1.7527316e-09 0.124359466 2.6042432e-07 0.18867499 0.059043225 4.7552632e-07 0.00033701607 0.004271759 0.22685337 4.449278e-05 4.270227e-07 0.015098771 0.12953322 6.8989457e-06 3.2172943e-06 1.3633377e-05 1.3062298e-08 1.6984804e-05 0.032881793 0.00019357109 0.013721868 1.2431658e-05 0.0005814894 0.00071649556 2.5813368e-05 9.0645975e-05 0.0028049687 0.00013626872 7.2195676e-06 0.0016077922 2.9512928e-05 4.1682238e-06 4.2749807e-06 0.00037144672
