2.879344e-25 6.508147e-05 6.0832524e-05 0.009579618 0.021392778 0.047571443 0.115210615 0.0065835607 0.26341143 0.0030903323 0.32928202 0.19440866 0.68748945 0.17617619 0.007332389 0.8513285 0.9485324 0.9684377 0.012882766 0.010273363 0.9488197 0.0059890803 0.62701756 0.3332436 0.0025948589 0.50981194 0.30962986 0.15234557 0.7495695 0.75133866 0.81478983 0.8546519 0.11497587 0.03545737 0.9163613 0.71198446 0.0015532151 0.8679814 0.97284687 0.062013652 0.43546584 0.00017026947 0.92272496 0.1471721 0.009646644 0.6440988 0.80217665 0.941993 0.9120712 0.7643303 0.007510006 0.9298419 0.00039371423 0.9041273 0.9251613 0.5022428 0.28275162 0.37716764 0.00039226678 0.7581949 0.9882026 0.8261517 0.6971116 0.9309443 0.9369846 0.49147096 0.8859816 0.077519394 0.89056474 0.96072865 0.89522845 0.92522305 0.11782275 0.98632336 0.7752803 0.9638193 0.9231745 0.06531765 0.00036702628 0.77543515 0.9872945 0.9921552 0.039062984 0.21447083 0.97475106 0.7148588 1.9991444e-06 7.7326564e-05 0.9998871 0.23362069 0.99965626 0.9999179 4.3610165e-05 0.9981022 2.961485e-05 0.6014013 0.8813373 3.6469988e-05 4.7882236e-07 0.9999808 0.98509
6.508147e-05 4.6706216e-19 0.99696344 0.50739753 0.64772576 0.06750246 0.003093275 0.0013785633 0.0013929537 0.0028639236 0.0010474183 0.0008019118 0.00010832673 0.002612319 2.3788918e-05 0.0003615291 0.00018560738 0.00029912277 1.272322e-06 4.371864e-07 0.00010379854 1.04478e-07 9.917447e-07 4.1764307e-07 2.9167572e-06 1.7350955e-06 3.735016e-07 2.709697e-07 7.212833e-07 1.3825288e-06 9.5239096e-07 2.1633011e-07 1.4160456e-07 1.561166e-07 9.288324e-07 3.9776978e-07 1.1527054e-06 2.9775077e-07 1.8620964e-06 7.5557445e-08 8.5045535e-08 4.2422382e-08 2.0193781e-07 5.411704e-08 5.576125e-08 6.580908e-05 1.570616e-05 3.852184e-06 2.3025025e-06 1.6944583e-05 2.6817062e-09 1.4077499e-07 2.0811436e-08 3.8802314e-06 2.1746425e-07 4.734392e-06 1.2448569e-08 2.234035e-09 5.26264e-08 3.5691644e-07 2.0936801e-07 3.8337635e-08 6.8877335e-07 1.4804014e-07 6.0688694e-07 0.00039498293 6.039576e-08 8.365755e-09 6.249758e-05 0.0015516243 1.3619795e-07 1.6940528e-05 1.9486352e-08 7.083521e-06 3.2454235e-08 0.00015122231 1.1658182e-06 1.7813896e-09 5.381432e-08 5.603737e-09 1.4010773e-07 2.1656688e-05 2.0319193e-07 1.5515324e-08 2.2921056e-05 1.1361136e-07 2.40921e-08 4.111436e-08 5.629738e-05 6.755208e-09 0.0026343612 4.905947e-06 1.9735718e-09 4.522263e-05 1.2546157e-08 1.7648864e-08 7.85157e-06 2.4535933e-09 6.924361e-10 0.0001808424 8.891172e-07
6.0832524e-05 0.99696344 5.370379e-19 0.68507046 0.0037269914 0.31425402 0.085213624 0.47641098 0.0008802442 0.5099649 0.0005584276 0.00046226737 0.00018263327 0.00037502142 0.004035688 7.587781e-05 0.00015380848 7.2813666e-05 0.0019385421 0.0003329508 2.4025438e-05 1.8159131e-05 1.2145903e-05 1.8053885e-05 0.0013384374 5.430124e-06 9.576963e-07 6.927566e-06 1.0856811e-06 2.6192165e-06 2.6236077e-07 1.0578519e-07 1.7940502e-07 7.821847e-08 1.5672201e-06 1.02857825e-07 9.3402705e-05 4.916185e-08 1.8798303e-06 1.10424445e-07 4.7354572e-08 1.1136607e-06 5.8934955e-08 3.3817557e-08 2.6538439e-08 5.0466497e-06 3.6184832e-05 6.779151e-07 8.7933796e-07 5.1115683e-05 1.02624576e-08 8.481519e-08 1.8384847e-08 7.984819e-06 3.3791832e-06 1.315477e-06 3.3545618e-08 5.9360348e-09 1.1447337e-07 3.343406e-06 7.6157784e-07 1.969786e-08 3.3989193e-07 4.1102595e-08 1.5722824e-05 0.00013505401 4.6377247e-07 3.4720692e-08 0.00015801101 0.00010602876 3.511786e-07 9.764544e-06 6.8299656e-08 4.4677936e-06 5.52261e-08 0.00022891577 2.484901e-05 9.0932994e-09 8.126983e-08 2.1653927e-08 1.932374e-06 1.8653855e-05 8.379183e-06 4.215572e-08 4.484625e-06 3.1121826e-06 2.0618322e-07 3.669886e-07 2.4228586e-05 3.3145316e-08 0.0008643844 3.3661504e-06 2.1639105e-08 4.3002445e-05 3.447922e-08 1.2970544e-07 0.000109572706 3.466142e-07 2.3813735e-08 0.00012965061 7.21774e-05
0.009579618 0.50739753 0.68507046 1.3823583e-16 0.9945231 0.9767654 0.18660663 0.053041544 0.4506754 0.004539868 0.11918819 0.044211518 0.013082359 0.19432625 0.00024606343 0.10515161 0.007897542 0.027364941 2.3325938e-06 1.0361855e-06 0.013099236 5.443475e-08 7.7389566e-05 2.1738068e-05 1.8110437e-06 2.6549708e-06 3.1240359e-06 5.4841894e-07 1.7105754e-06 2.155678e-06 2.585103e-07 9.046769e-08 2.2137765e-07 3.9989865e-07 3.1656543e-06 9.851635e-08 4.1322204e-07 5.959384e-08 1.7022114e-07 1.3369612e-08 1.0804906e-08 1.4553275e-07 2.102561e-08 4.815363e-08 3.2126888e-08 0.0007358408 0.0002778212 3.4551158e-07 2.5638844e-06 1.8562923e-05 3.389401e-08 9.18962e-08 9.359084e-07 4.995626e-05 3.7638938e-07 0.00020713366 1.3999586e-08 6.229867e-08 1.8540834e-06 2.1895528e-07 1.3685495e-07 1.19864305e-08 1.317392e-07 1.6288414e-08 1.1288877e-06 0.00043457138 1.0622494e-07 3.729545e-07 0.00026755515 0.000783275 4.2241462e-07 1.7937886e-05 1.7740386e-07 8.461221e-07 3.7212725e-08 0.000725126 6.111599e-07 3.4482675e-06 6.6818243e-06 7.318356e-10 5.4923544e-07 0.0006721773 2.0569455e-07 6.847429e-07 0.0018800179 9.3408175e-08 7.1910193e-07 1.0695522e-05 0.0046892036 3.2354802e-07 0.008044415 4.4328834e-05 2.9191963e-07 0.0015551924 1.132128e-05 5.183225e-08 0.0001520747 5.4850443e-06 2.4161278e-07 0.0027176505 3.550371e-05
0.021392778 0.64772576 0.0037269914 0.9945231 7.349079e-16 0.43713588 0.012502145 0.0028574371 0.409301 0.00040094942 0.0923229 0.07398086 0.0043069306 0.9211117 0.00018497987 0.3625742 0.013230593 0.08559543 9.371789e-06 1.0398461e-06 0.23335849 2.7670677e-07 0.0005049021 7.3143136e-05 4.3504383e-06 0.00010854327 1.4315426e-05 2.191249e-07 7.210365e-05 0.00091468915 1.1628906e-05 1.2267312e-06 9.909921e-07 5.182308e-07 3.628162e-05 1.1692922e-06 1.0607655e-07 8.408132e-07 1.679466e-05 5.0702393e-08 1.0580052e-07 1.9625396e-07 2.151405e-07 8.921268e-08 8.171839e-07 0.044911 0.017094087 2.583127e-05 0.0006430976 0.008055335 3.4403328e-07 1.0508536e-05 2.4602703e-06 0.0012342405 5.372205e-07 0.0070137302 3.8165965e-08 1.5805449e-07 4.5917565e-07 2.5739322e-07 8.047801e-07 6.164937e-08 2.5709676e-06 7.556264e-08 5.4710875e-07 0.012266647 9.513338e-08 2.0024214e-07 0.007369105 0.023096617 7.403796e-08 0.00015522016 2.3781566e-07 1.853492e-05 8.1544194e-08 0.002560422 8.3930706e-07 7.8558213e-07 2.4997269e-06 3.953867e-09 2.6006458e-06 0.0012552466 1.9779453e-07 2.7109198e-07 0.00037502658 2.7057683e-06 4.1817194e-07 1.6249566e-06 0.003085048 5.442551e-08 0.071371 3.0635078e-05 3.039329e-08 0.0023343042 2.0787029e-07 6.011213e-08 0.00012421604 2.3589476e-07 9.578607e-09 0.007952563 1.2875623e-05
0.047571443 0.06750246 0.31425402 0.9767654 0.43713588 6.115486e-17 0.9688945 0.7571184 0.8990204 0.27924058 0.67432445 0.4644512 0.6088674 0.19902012 0.029852312 0.5981684 0.2855496 0.33511996 0.0011052956 0.0003701279 0.021414882 2.306629e-05 0.0047279987 0.0011556465 2.4117126e-05 0.0005411713 0.00020206986 6.2762716e-05 0.0012389359 0.0060275565 0.00033867118 1.861506e-05 2.441625e-06 1.5517804e-05 0.004896004 6.1201304e-06 1.347295e-05 4.0572168e-06 0.00017844494 1.1752515e-07 4.2457168e-07 3.1355542e-06 8.025272e-08 5.262349e-08 2.255679e-07 0.0026266295 0.0021835135 0.00016386528 0.00041710498 0.00085805857 9.344792e-08 4.2530646e-05 4.2910392e-07 0.0020132808 0.00020239447 0.0004018515 3.811575e-07 6.102092e-08 6.100585e-06 4.8589958e-05 3.4193763e-05 3.2127993e-08 4.237572e-06 2.1719409e-06 4.2893207e-05 0.00088314846 2.6430087e-06 1.3959306e-07 0.00070129137 0.00077235425 1.9690667e-06 0.00020602351 8.8953107e-07 3.518897e-05 7.2816185e-08 0.0019757831 2.5659843e-05 1.00087045e-05 2.6375951e-06 4.831359e-09 5.168385e-05 0.0016382067 5.756953e-07 3.1519264e-06 0.0023972203 1.9308543e-06 5.397538e-07 3.5799112e-06 0.0049221977 5.166665e-07 0.0035412693 0.00048344987 1.8293107e-07 0.0026821145 7.9252004e-07 8.3297004e-07 0.00017111303 1.5919852e-06 6.0146654e-08 0.004258978 2.0255578e-05
0.115210615 0.003093275 0.085213624 0.18660663 0.012502145 0.9688945 7.861282e-17 0.850031 0.7022979 0.36038524 0.5010127 0.3933346 0.964105 0.07965184 0.2544356 0.40156353 0.53942883 0.27733573 0.041049596 0.008819222 0.011713113 0.0034352846 0.13212451 0.08835702 0.0038353552 0.048993938 0.009954029 0.00064194313 0.03857756 0.060299825 0.0044122254 0.0005816885 2.1634867e-05 2.9117866e-05 0.032516122 0.0006573569 3.9654755e-05 0.0002040163 0.001492445 2.2737694e-07 5.8174146e-07 6.970988e-08 5.396269e-06 1.6223085e-08 1.9489447e-07 0.00034175767 0.0007140222 0.00014401578 0.00073616696 0.0006590719 2.4583022e-08 2.0191767e-06 3.7871484e-08 0.0012310044 3.4534427e-05 0.00016774851 2.5108042e-07 1.7817234e-08 1.8692731e-07 5.575993e-06 3.0746548e-06 9.954103e-08 2.509751e-07 1.4999817e-07 1.9144778e-05 0.00025194284 7.144867e-08 6.478837e-09 0.0009230943 0.00046061253 1.4567802e-07 0.00015894353 4.101361e-09 1.3441725e-05 1.4376587e-08 0.0025957325 3.0583979e-06 7.028771e-08 3.2341397e-08 1.337997e-08 3.1252516e-06 0.0016723593 7.782099e-08 2.4554544e-07 0.00012263653 2.0475356e-07 1.7616655e-07 4.8034376e-08 0.0018350966 3.584431e-08 0.0013145277 5.0806055e-05 5.5248828e-09 0.0008549298 1.0708933e-07 2.6861704e-07 6.6180314e-06 4.086354e-07 7.796121e-09 0.0015089167 9.958452e-06
0.0065835607 0.0013785633 0.47641098 0.053041544 0.0028574371 0.7571184 0.850031 9.159365e-19 0.24370715 0.9774727 0.17225477 0.07763679 0.56225145 0.01984177 0.48062247 0.058028568 0.21725874 0.07532962 0.07074845 0.035451584 0.011125069 0.018475384 0.03530395 0.05293522 0.01405414 0.018078757 0.00724525 0.0007182877 0.008618763 0.00823726 0.0029405844 0.00058608054 7.0912974e-05 0.00019882478 0.0014736879 0.000664988 0.0008075284 0.0003005955 2.957088e-05 6.100518e-07 2.322535e-05 5.694196e-06 6.7360293e-06 1.4295576e-07 1.0292558e-06 0.0001594348 0.0012580797 5.8670747e-05 4.303395e-05 7.646453e-05 1.7116514e-07 4.138209e-06 5.1889233e-06 6.299286e-05 3.44357e-05 0.0002842525 2.3043654e-06 5.08506e-07 1.6863543e-05 0.00011788228 6.879619e-07 5.473232e-07 1.3209442e-06 1.4215275e-06 0.00010920175 0.00086624565 8.6793705e-07 1.597027e-07 0.0017232782 0.0017994619 5.6609696e-07 0.0004264433 2.6240428e-07 0.00015619665 2.4337544e-07 0.0036411176 1.727058e-05 5.616219e-07 1.1854828e-05 2.3300623e-07 1.8407753e-05 0.0015676747 4.0378627e-06 5.058882e-07 0.00018512672 4.11872e-06 7.769853e-07 7.296983e-06 0.0018451809 2.6052408e-06 0.00086894096 4.774421e-05 9.497257e-08 0.0011572572 6.194753e-06 9.4302845e-07 0.00038792827 1.3171201e-06 4.2348162e-08 0.0010975475 0.00016756031
0.26341143 0.0013929537 0.0008802442 0.4506754 0.409301 0.8990204 0.7022979 0.24370715 2.7628812e-14 0.07383206 0.96729505 0.96671075 0.5728666 0.4924933 0.033068255 0.76257414 0.33723137 0.46045625 0.006874183 0.0050837244 0.03428728 0.0010767588 0.0021621329 0.00066206424 0.00015120053 0.0009813032 0.0003331042 0.00011201743 0.0032741693 0.0100737745 0.0017899106 0.00042943802 5.470595e-06 5.8414367e-05 0.008328138 2.2708355e-05 5.544588e-05 5.5555756e-05 0.000842484 9.0086843e-07 2.3925804e-06 2.2714506e-05 1.0065639e-05 1.4155933e-07 2.7752512e-06 0.0034325842 0.004349582 0.00019325237 0.002486614 0.0043510697 9.865574e-07 9.973009e-05 1.0260771e-05 0.010738004 1.9006557e-05 0.0008507874 1.0196483e-06 1.4515395e-07 0.00013037633 1.1436285e-05 0.00012778123 2.658182e-07 2.5641211e-06 1.9663175e-06 3.2299038e-05 0.0014521163 1.4676801e-06 2.8126834e-07 0.000495156 0.0031213542 4.589642e-07 0.00015744605 3.560013e-07 1.8619785e-05 3.949032e-07 0.0013839352 1.2231129e-05 8.190025e-07 1.2005074e-05 1.1801703e-08 8.265403e-06 0.001472284 2.4417983e-07 3.7314683e-06 0.0001860522 1.0884293e-06 3.3739698e-06 9.510582e-06 0.0046362304 6.209759e-08 0.002198083 0.0001401002 4.2513916e-06 0.0008564084 3.3434474e-06 2.9515206e-07 2.032464e-05 3.862517e-06 4.4766327e-07 0.0035350556 3.9562833e-06
0.0030903323 0.0028639236 0.5099649 0.004539868 0.00040094942 0.27924058 0.36038524 0.9774727 0.07383206 2.4610993e-15 0.0799453 0.020161835 0.29403913 0.0026072604 0.8974531 0.0070976843 0.10678383 0.019052885 0.50864774 0.11645333 0.0014492767 0.08652185 0.04076907 0.0441088 0.24145743 0.009177728 0.003401146 0.0006937956 0.003930174 0.0010021876 0.0013707343 0.00046451413 5.8261372e-05 5.922888e-05 0.00031763356 0.00024537096 0.0042397557 9.0410285e-05 1.0058616e-05 3.888572e-07 3.1554093e-06 1.768198e-05 3.8797134e-06 2.650754e-07 1.5875544e-07 2.519873e-06 5.6721397e-05 3.672148e-05 7.9591405e-07 3.7423008e-05 4.8164377e-08 3.682641e-07 3.5602847e-07 4.252095e-05 6.137723e-06 1.745842e-05 3.7533445e-07 2.652178e-07 3.6497318e-06 1.08824715e-05 2.6455455e-06 9.430546e-07 2.4297879e-06 3.7292997e-07 0.00011680383 0.00016473867 1.957253e-06 4.3593047e-08 0.0002656313 0.00049459515 3.859582e-06 0.0003136212 2.260215e-08 7.051496e-05 3.249606e-07 0.003389877 8.3882616e-05 1.3700591e-07 9.848193e-07 2.3925918e-06 2.9883751e-05 0.00043048194 1.2369966e-06 7.5830165e-08 0.0002185676 2.9931452e-06 4.879139e-07 1.1574156e-06 0.00091486145 2.2389854e-07 0.00041203268 0.000120126395 9.1081276e-08 0.0006930503 5.298064e-07 4.876372e-07 0.0008969889 3.396939e-07 1.3056275e-07 0.0014291254 0.00018002331
0.32928202 0.0010474183 0.0005584276 0.11918819 0.0923229 0.67432445 0.5010127 0.17225477 0.96729505 0.0799453 3.8169885e-16 0.97030944 0.7500858 0.27859098 0.027494812 0.7700213 0.6525982 0.6290814 0.011315091 0.0042506824 0.022337692 0.0021379902 0.008387217 0.0019384496 0.001367328 0.0012396243 0.0005606702 0.0010091852 0.0061160433 0.024953468 0.0027925163 0.0005355703 0.000104871266 0.00027775788 0.013774674 0.00011472055 0.00017292838 6.360533e-05 0.003639338 1.49275675e-05 8.768471e-06 0.00014309249 2.747436e-05 2.8148233e-06 1.8766877e-05 0.0040606433 0.00395109 0.0006777158 0.0046627857 0.0072783604 2.7798842e-06 0.0008907625 3.0135458e-05 0.011466449 0.00051897526 0.00086661417 6.1888186e-06 1.3786381e-06 9.684062e-05 0.00016758541 0.00031040818 1.3904095e-06 3.4404253e-05 1.2749317e-05 0.0002612222 0.0013550356 6.480997e-06 1.4752031e-06 0.00079925027 0.0018005483 8.339414e-07 0.0003788552 8.654888e-07 0.00011309481 1.0858727e-06 0.0010587765 2.8689821e-05 1.6443776e-06 8.804536e-06 5.180596e-08 1.6734386e-05 0.0013421737 5.6716635e-07 1.0643619e-05 0.00025176417 1.4676241e-06 3.0837434e-06 1.3155604e-05 0.0025127796 1.2641513e-07 0.0018305344 0.00015846435 7.5778297e-07 0.0015582076 1.61471e-06 1.0082198e-06 7.654684e-05 5.415757e-06 7.4302125e-07 0.002864295 6.7328947e-06
0.19440866 0.0008019118 0.00046226737 0.044211518 0.07398086 0.4644512 0.3933346 0.07763679 0.96671075 0.020161835 0.97030944 3.5094577e-17 0.5303266 0.514199 0.010635503 0.8545969 0.5574909 0.69673854 0.0042344783 0.0024000318 0.028310904 0.0011807992 0.0043177796 0.001364837 0.0009086695 0.000887286 0.00040854386 0.0004060155 0.004555513 0.018787768 0.0019698576 0.00034682092 4.562672e-05 0.0001530663 0.011620271 0.000105222905 6.508942e-05 3.9662205e-05 0.0038641517 8.397855e-06 2.1933765e-06 5.6296576e-05 5.516473e-06 1.3066659e-06 1.3413169e-05 0.011534389 0.0072147707 0.0004986159 0.010562562 0.009989538 1.3656377e-06 0.00082030875 1.3466052e-05 0.013754506 0.000697933 0.001526959 8.61969e-07 6.796902e-07 5.582242e-05 0.000108341905 0.0004123016 3.7546369e-07 1.617556e-05 1.1403156e-05 0.00012612283 0.0030600051 6.865715e-06 2.3559542e-06 0.00070840016 0.0030581076 6.9833277e-07 0.00043785298 6.8533996e-07 0.00016683227 4.1240594e-07 0.00073739584 1.935328e-05 1.0021655e-07 2.2061902e-06 2.6706413e-08 7.3876663e-06 0.0010357844 3.3157096e-07 1.6469356e-06 0.00055399 4.869377e-07 1.0964106e-06 5.0994954e-06 0.0018189992 1.1277518e-07 0.0017750678 0.00015689191 1.8296754e-07 0.0012131683 9.583459e-07 5.4986174e-07 1.1392405e-05 1.4819772e-06 1.1285577e-07 0.0014175422 4.276934e-06
0.68748945 0.00010832673 0.00018263327 0.013082359 0.0043069306 0.6088674 0.964105 0.56225145 0.5728666 0.29403913 0.7500858 0.5303266 2.6054746e-15 0.0123079475 0.33459446 0.3185852 0.9759328 0.54445744 0.13062754 0.106639355 0.014069718 0.03646115 0.3563304 0.12218176 0.009645296 0.12851341 0.038216982 0.006889252 0.11838829 0.21959841 0.02651314 0.005063012 0.0012149704 0.0011241393 0.07272413 0.0028190776 0.00027311206 0.0010434359 0.020294756 1.2383782e-05 3.5336332e-05 2.7490728e-06 6.9741463e-06 2.1483973e-07 8.752046e-06 0.0010632119 0.003110505 0.0011042489 0.012773853 0.004816654 2.0960786e-06 0.00043630553 4.400738e-06 0.015652075 0.00095774943 0.0005496767 1.0256099e-06 3.436965e-07 1.374455e-05 9.49738e-05 0.00038627864 4.700093e-08 1.5405657e-06 1.1705552e-06 7.372082e-05 0.0004782549 5.06797e-07 1.0946464e-07 0.00094924634 0.0017644711 6.4938814e-07 0.00036119894 3.250293e-08 1.0503007e-05 5.4327944e-07 0.0027591125 3.186185e-05 2.0791806e-07 1.6270073e-07 2.2614655e-08 9.092144e-06 0.002664113 6.599533e-08 3.2719214e-07 0.00028091413 2.0891896e-06 7.820456e-07 1.1374275e-07 0.0031261444 1.7227933e-08 0.00074638374 2.0970774e-05 3.152006e-07 0.0012544424 1.4434555e-07 1.2239384e-06 2.3400098e-05 1.4412718e-06 1.1762039e-08 0.001346726 1.0391473e-06
0.17617619 0.002612319 0.00037502142 0.19432625 0.9211117 0.19902012 0.07965184 0.01984177 0.4924933 0.0026072604 0.27859098 0.514199 0.0123079475 6.0777213e-16 0.0016834654 0.76173127 0.03554004 0.19054005 0.00020088186 7.5303265e-05 0.99511135 5.7236284e-06 0.002388673 0.00051761867 1.5331846e-06 0.0006504443 0.00024142796 2.3138113e-05 0.000665368 0.002353545 0.00013046127 3.9011196e-05 7.1177524e-06 2.3688501e-06 0.0018408631 1.1912593e-05 2.9989167e-06 8.27894e-06 0.001171871 1.3813526e-07 1.6832597e-07 9.332275e-07 6.668796e-07 5.495514e-07 1.6115408e-06 0.08351182 0.04698205 4.864337e-05 0.02383851 0.04296982 5.6025084e-07 0.00056585623 3.2145128e-06 0.02475021 0.00017047321 0.010726745 9.366098e-08 2.752835e-06 3.8724424e-06 2.9418423e-05 0.00039396493 9.142451e-08 1.1482431e-06 1.040884e-06 5.519633e-05 0.06280838 1.2672807e-06 6.0703194e-08 0.029269297 0.052843444 3.223191e-06 0.003285293 1.6490881e-07 0.00017516065 2.1987076e-07 0.009149016 1.9451067e-05 7.58592e-07 4.4679637e-06 4.5346873e-09 6.445638e-07 0.008500631 3.159917e-10 1.4201652e-07 0.00027465363 5.539054e-07 2.3107505e-07 1.4951568e-06 0.0052478635 1.058911e-08 0.012600051 0.0001330453 4.842375e-07 0.0064941235 1.3792966e-05 5.4362516e-07 0.00016844763 1.5778002e-06 4.8929106e-08 0.0076821414 3.8710412e-05
0.007332389 2.3788918e-05 0.004035688 0.00024606343 0.00018497987 0.029852312 0.2544356 0.48062247 0.033068255 0.8974531 0.027494812 0.010635503 0.33459446 0.0016834654 3.6864892e-18 0.004212822 0.12332642 0.0219833 0.97323054 0.708447 0.0015245072 0.51747864 0.16477899 0.4179759 0.3024758 0.096891806 0.120628975 0.10475421 0.034340844 0.023281367 0.016705025 0.008967028 0.0025678338 0.015200049 0.0042473515 0.018870993 0.0082340315 0.009380393 0.00059233175 5.5741457e-05 0.0012461048 6.432135e-05 0.00022610732 6.9828984e-06 1.3368321e-05 8.774849e-05 0.0010870302 0.00070988014 2.2617407e-05 0.00015132978 5.044294e-07 2.7888193e-06 5.3258786e-06 7.504445e-05 8.3940555e-05 7.160765e-05 1.22680685e-05 3.0101717e-06 1.612278e-05 0.00028273472 2.4080628e-05 4.1468311e-07 1.0328937e-05 4.2393913e-06 0.00017898712 0.000887087 1.0621827e-05 9.352151e-07 0.0007642681 0.0016133062 1.5095328e-06 0.00020293331 2.8716318e-07 0.0011182412 2.9281287e-06 0.0022288973 4.495856e-05 3.5157265e-07 1.1434278e-05 1.3340536e-06 6.896581e-05 0.0006945659 2.0185378e-06 5.9262834e-07 0.00018178043 2.248198e-06 3.9915167e-06 6.7380843e-06 0.0021568236 2.2174797e-06 0.00091652595 0.00024818545 1.8648349e-08 0.0016924615 1.1354156e-06 8.619555e-06 0.0006816101 1.4782577e-06 3.936361e-07 0.0031652816 0.00010827798
0.8513285 0.0003615291 7.587781e-05 0.10515161 0.3625742 0.5981684 0.40156353 0.058028568 0.76257414 0.0070976843 0.7700213 0.8545969 0.3185852 0.76173127 0.004212822 2.586301e-17 0.5234898 0.96978533 0.0013109535 0.0005061609 0.360169 0.0002497363 0.0031177797 0.00072909903 0.00087319914 0.0007282936 0.00055670965 0.0002922928 0.0010403035 0.012349063 0.00044341435 7.209058e-05 1.3766497e-05 5.8710648e-05 0.010925406 2.904551e-05 0.00016456751 6.337981e-06 0.0056995745 1.6362915e-06 1.7353634e-06 8.6256936e-05 2.0462922e-07 1.9967408e-07 2.0270807e-05 0.0907019 0.040477652 0.00010105542 0.06385046 0.052433316 8.48258e-06 0.0027648732 3.6470337e-05 0.06788463 0.00087514124 0.00718716 5.119076e-07 6.502278e-07 9.539644e-05 4.61183e-05 0.0011311552 7.464709e-09 3.0241185e-06 2.2965464e-06 5.3464097e-05 0.027221048 6.6602443e-06 2.1474705e-06 0.0060096662 0.024658104 1.8090035e-06 0.0020375792 4.082268e-07 0.0013217931 6.0219534e-08 0.005146515 5.7176305e-05 4.2031294e-07 5.490304e-06 4.2363815e-09 1.9899313e-05 0.0035222548 2.6463981e-08 3.5522467e-07 0.0018582152 1.3868319e-07 6.194442e-07 2.9904202e-06 0.008489067 2.7176732e-09 0.0036536604 0.0009711433 1.8441366e-07 0.005561545 7.9393766e-07 8.6650665e-08 5.7820056e-05 1.3857681e-06 2.7071786e-07 0.006576062 2.862172e-05
0.9485324 0.00018560738 0.00015380848 0.007897542 0.013230593 0.2855496 0.53942883 0.21725874 0.33723137 0.10678383 0.6525982 0.5574909 0.9759328 0.03554004 0.12332642 0.5234898 1.3882288e-17 0.9108084 0.079015955 0.044748694 0.039484397 0.024201328 0.4022814 0.074559666 0.010606841 0.1092973 0.03646096 0.016640102 0.21006435 0.4945666 0.046256673 0.007650258 0.004273039 0.0027104109 0.2544444 0.0045017404 0.0015051621 0.0021174147 0.15084562 6.567635e-05 7.190965e-05 3.8204187e-05 6.185594e-05 2.1600408e-06 0.00015774874 0.013597501 0.019410942 0.0051485873 0.18202883 0.058286883 3.239538e-05 0.01841848 8.776983e-05 0.10862768 0.02126061 0.0053057224 7.300289e-06 1.912289e-06 5.6954806e-05 0.0016638834 0.0065019345 4.792276e-07 1.7053102e-05 1.4649372e-05 0.0011417074 0.013219917 7.4634745e-06 1.5742651e-06 0.008693678 0.014276557 5.4712727e-06 0.0063424413 2.0143617e-07 0.0015349587 3.6667657e-07 0.013859316 0.00010695231 1.4958313e-06 9.698322e-07 1.101199e-07 3.8857812e-05 0.017412987 2.6782075e-07 2.5684483e-06 0.0016653708 3.6160666e-06 8.5581024e-07 1.7289294e-06 0.015091234 1.5862742e-07 0.0037040636 0.000297611 4.805649e-07 0.0053425645 1.3722251e-06 1.3220446e-06 0.000117964824 8.036263e-06 2.8682692e-08 0.0033574717 2.2791069e-06
0.9684377 0.00029912277 7.2813666e-05 0.027364941 0.08559543 0.33511996 0.27733573 0.07532962 0.46045625 0.019052885 0.6290814 0.69673854 0.54445744 0.19054005 0.0219833 0.96978533 0.9108084 1.4435129e-17 0.008418298 0.0032554644 0.16575849 0.0011583957 0.095468365 0.013420516 0.0017184108 0.01964023 0.007829312 0.0018397612 0.05889718 0.40638706 0.007248886 0.00097065954 0.00013039111 0.00025572226 0.31529993 0.00017346122 0.00015992195 5.4687927e-05 0.26801398 6.32702e-06 1.0128066e-05 0.0001261636 4.6324926e-06 3.556365e-07 0.0001966357 0.13702695 0.08491945 0.0013138454 0.48585832 0.27955702 4.7147358e-05 0.07807344 0.00012711044 0.34424785 0.014453768 0.020975595 4.9653586e-06 1.5807206e-06 7.9726255e-05 0.00040119956 0.058385734 1.6638126e-07 1.2059373e-05 2.1697579e-05 0.00030171272 0.07455885 1.7677292e-05 3.5611454e-06 0.04553838 0.062684946 1.0134152e-05 0.019243984 5.470086e-07 0.003795233 9.467577e-08 0.040519945 0.00014835157 5.343851e-07 4.0400212e-07 9.079886e-09 7.040093e-05 0.029279824 1.9498707e-07 1.2402724e-06 0.007443866 7.517467e-07 1.084488e-06 5.8248924e-07 0.017853305 7.07666e-08 0.016945103 0.0014433117 1.4115741e-06 0.01298894 7.3870706e-07 7.9393243e-07 0.00019900386 2.8427148e-06 1.7986292e-07 0.008092124 3.3435066e-05
0.012882766 1.272322e-06 0.0019385421 2.3325938e-06 9.371789e-06 0.0011052956 0.041049596 0.07074845 0.006874183 0.50864774 0.011315091 0.0042344783 0.13062754 0.00020088186 0.97323054 0.0013109535 0.079015955 0.008418298 3.736446e-14 0.9670126 0.0005319939 0.93666077 0.17818639 0.406885 0.8221391 0.14637917 0.18892355 0.2738702 0.046874672 0.015710175 0.017467406 0.013148179 0.029255692 0.10680097 0.002181355 0.045469064 0.11562823 0.017997459 0.00012417967 0.00047029252 0.0007858875 0.0014132846 0.00031955927 0.0001176295 3.9409624e-05 1.445307e-05 9.89955e-05 0.00020439996 1.9186195e-05 8.908028e-05 7.9204483e-07 6.963872e-06 1.9384865e-05 4.467054e-05 2.0431917e-05 3.813884e-05 1.572209e-05 1.4772276e-06 0.00018761268 3.2471467e-05 8.644234e-06 8.695136e-07 1.6215949e-05 1.3558322e-06 4.5162116e-05 0.00010325435 5.935375e-06 2.03592e-06 0.0002623892 0.0013421039 8.0909695e-06 0.00020177545 3.019535e-07 1.8825098e-05 3.6095305e-06 0.002075596 2.3435608e-05 1.2256619e-07 1.3443481e-05 2.2234408e-06 5.2885036e-05 0.0003837938 2.8916247e-05 2.7319058e-07 0.00076422 1.2832986e-05 4.5619386e-06 3.531413e-05 0.0018122292 6.8827563e-07 0.0016775355 0.000775066 5.8124265e-08 0.0014546443 1.6352993e-06 4.6203954e-06 0.000618022 5.830125e-06 4.4572434e-06 0.00541684 0.00022740266
0.010273363 4.371864e-07 0.0003329508 1.0361855e-06 1.0398461e-06 0.0003701279 0.008819222 0.035451584 0.0050837244 0.11645333 0.0042506824 0.0024000318 0.106639355 7.5303265e-05 0.708447 0.0005061609 0.044748694 0.0032554644 0.9670126 8.701865e-20 0.00022604504 0.99114174 0.26902562 0.6000264 0.62571937 0.25173056 0.30721173 0.50295913 0.067611635 0.03358965 0.025627421 0.024115551 0.030865742 0.19858202 0.0045003453 0.10719331 0.054757655 0.021362277 5.0872328e-05 0.0014364993 0.0021972856 0.0018308345 0.0010218795 0.00016149903 0.000257917 4.0895648e-06 6.221369e-05 0.00028641228 3.6187298e-06 2.8130968e-05 1.0951273e-06 7.438408e-07 2.9941371e-05 3.51981e-05 2.259686e-05 4.496668e-06 0.00012709928 9.333574e-07 7.911782e-05 3.8574995e-06 2.5016976e-07 1.8891234e-06 1.0359379e-05 1.1783821e-06 7.104419e-06 1.43387615e-05 7.299324e-07 2.1061435e-06 3.51323e-05 0.00014081146 8.831138e-07 1.05500585e-05 9.138411e-07 4.212721e-07 2.8973893e-06 0.0007716394 4.6413415e-06 1.2419144e-07 1.7043996e-05 3.150681e-07 9.230296e-06 8.566726e-05 8.048941e-06 9.333351e-07 3.6173136e-05 3.3204037e-06 3.909678e-07 6.98374e-07 0.00085308624 9.227193e-07 0.00020252595 4.456493e-05 2.3425573e-09 0.00061180355 1.4136116e-07 1.3445501e-06 8.26376e-05 1.0779592e-07 1.131502e-07 0.00070263667 1.651463e-05
0.9488197 0.00010379854 2.4025438e-05 0.013099236 0.23335849 0.021414882 0.011713113 0.011125069 0.03428728 0.0014492767 0.022337692 0.028310904 0.014069718 0.99511135 0.0015245072 0.360169 0.039484397 0.16575849 0.0005319939 0.00022604504 6.581798e-15 2.361757e-05 0.0025932002 0.00063445215 1.6141305e-05 0.0010320218 0.00035953728 2.0015072e-05 0.0017757941 0.0047575296 0.00033121245 7.828949e-05 9.601339e-06 1.40229795e-05 0.004662424 3.0704778e-05 2.0170405e-06 1.6667856e-05 0.007978183 1.374887e-06 9.3340595e-06 2.9288492e-06 9.468656e-07 6.6828784e-07 1.7537835e-05 0.77793735 0.6363364 0.00018611464 0.36830834 0.4102075 1.631353e-05 0.007572048 3.882136e-05 0.290882 0.0013724996 0.17455247 1.3877784e-06 1.940333e-06 2.5270334e-05 4.374742e-05 0.0023468256 7.2232304e-08 8.835877e-06 1.253136e-05 7.1952665e-05 0.61534613 5.5350483e-06 1.1167156e-07 0.3743733 0.5746804 5.878906e-06 0.07431007 5.6228913e-07 0.0046051946 4.3751254e-07 0.20705293 4.562972e-05 1.4229815e-06 7.263129e-06 8.1637104e-08 3.8255996e-05 0.13825333 5.349778e-08 2.5023646e-06 0.0066624167 4.791202e-07 2.3110272e-06 1.7974275e-05 0.045304984 6.701529e-08 0.3397206 0.0020440065 5.416788e-07 0.116284534 4.2498673e-06 2.9697034e-07 0.00061546225 6.8109675e-06 1.6180451e-07 0.14864768 1.4976663e-05
0.0059890803 1.04478e-07 1.8159131e-05 5.443475e-08 2.7670677e-07 2.306629e-05 0.0034352846 0.018475384 0.0010767588 0.08652185 0.0021379902 0.0011807992 0.03646115 5.7236284e-06 0.51747864 0.0002497363 0.024201328 0.0011583957 0.93666077 0.99114174 2.361757e-05 2.2231017e-17 0.11452762 0.4005662 0.8146838 0.09848007 0.1636553 0.4205775 0.034517467 0.012292844 0.013048566 0.0131484 0.03153851 0.19274844 0.0011589824 0.08548067 0.14430812 0.015398184 8.155376e-06 0.004290935 0.0035089392 0.005503439 0.001016014 0.00026277706 0.0008356894 3.3535127e-06 1.2039918e-05 3.5565623e-05 1.181106e-06 1.8864482e-06 1.2089381e-05 2.913292e-07 0.00023113535 2.2548782e-06 5.4684974e-06 3.9253046e-06 0.00010855516 3.3108292e-06 0.0006103801 3.1484778e-06 8.780227e-08 2.989569e-07 7.37136e-06 5.4670664e-07 1.892934e-06 1.9514966e-05 6.768557e-07 2.2608965e-06 1.2104459e-05 0.00014258684 8.3266514e-07 5.8904443e-06 2.6350418e-07 3.0610693e-07 2.9081002e-06 8.0332175e-05 2.8782244e-06 8.628289e-08 2.3364131e-05 2.246043e-07 1.3549179e-05 3.397691e-05 8.40335e-06 5.3370366e-07 4.1400825e-05 7.6270194e-06 1.6592435e-06 4.1295084e-06 0.00045881217 6.428302e-07 7.977333e-05 5.569788e-05 2.4199867e-08 0.00047009435 4.0402526e-07 5.9121567e-06 0.00014517078 1.3687956e-06 1.355235e-06 0.00021289269 0.00010691193
0.62701756 9.917447e-07 1.2145903e-05 7.7389566e-05 0.0005049021 0.0047279987 0.13212451 0.03530395 0.0021621329 0.04076907 0.008387217 0.0043177796 0.3563304 0.002388673 0.16477899 0.0031177797 0.4022814 0.095468365 0.17818639 0.26902562 0.0025932002 0.11452762 2.392455e-19 0.93889564 0.03841323 0.98180485 0.73605543 0.15574792 0.69556946 0.50065607 0.4518072 0.20513731 0.078563295 0.024014674 0.19342561 0.11806523 0.0022048918 0.04736686 0.062087134 0.008938954 0.0019768178 0.00023072636 0.0008879792 0.0024545265 0.0019023686 0.0015397198 0.00272954 0.021697225 0.014361126 0.0012562029 0.00010460697 0.0023984301 0.00020953192 0.0024798897 0.011495114 0.00047790632 5.0654962e-05 1.3707598e-05 5.0400202e-05 0.0006418828 0.0012272159 3.3123055e-07 0.00016031179 5.1820316e-05 0.00043478835 0.00147798 1.5875454e-05 4.5021693e-06 0.00062898255 0.0012560219 7.286566e-06 0.00072268175 2.9088446e-07 0.0004329479 2.2550337e-05 0.00053378893 6.812698e-05 1.2872989e-06 1.6744226e-06 2.5487557e-07 9.342623e-05 0.0012724829 1.3331754e-07 3.214755e-06 0.0014610076 3.9280434e-07 7.229885e-07 1.03550136e-07 0.0026427102 8.7092566e-08 0.0011714961 0.0007423866 1.2106376e-07 0.0017623353 1.2076406e-07 1.919441e-07 2.7595126e-05 4.167741e-07 3.39437e-08 0.0020082202 1.2933458e-06
0.3332436 4.1764307e-07 1.8053885e-05 2.1738068e-05 7.3143136e-05 0.0011556465 0.08835702 0.05293522 0.00066206424 0.0441088 0.0019384496 0.001364837 0.12218176 0.00051761867 0.4179759 0.00072909903 0.074559666 0.013420516 0.406885 0.6000264 0.00063445215 0.4005662 0.93889564 2.2849539e-18 0.16501507 0.8553949 0.9830583 0.5329321 0.24102922 0.13853356 0.22966759 0.36311936 0.14499104 0.06865064 0.02986865 0.22969557 0.029397776 0.12294689 0.007086708 0.011215848 0.014600509 0.0010208295 0.0060414034 0.0045435233 0.003350331 6.0806997e-05 0.00048758183 0.0059898375 0.00041765667 0.00013958673 0.0002985542 3.667109e-05 0.00033187895 0.0007302016 0.0013186116 4.2250205e-05 0.00043830398 4.211777e-05 4.475702e-05 0.00010563101 0.0001392222 3.47907e-06 2.907788e-05 7.0749134e-06 0.0001315782 0.00010849721 1.5237172e-06 2.3260507e-05 0.0005220853 0.00029564777 5.4295674e-07 5.8070276e-05 1.2644027e-06 3.7033748e-05 7.561295e-06 0.0006294386 2.917001e-05 8.975186e-06 1.1823452e-05 1.7162863e-06 1.9203035e-05 0.00056586845 8.941903e-07 4.8393067e-06 0.00019834565 4.144785e-06 2.7022716e-06 5.1056634e-07 0.0025577825 4.5890775e-07 0.00031717194 4.7616304e-05 4.872945e-07 0.00025943344 2.3710275e-07 6.726704e-07 9.091137e-06 1.0903086e-06 5.3484623e-08 0.0014516994 5.198544e-07
0.0025948589 2.9167572e-06 0.0013384374 1.8110437e-06 4.3504383e-06 2.4117126e-05 0.0038353552 0.01405414 0.00015120053 0.24145743 0.001367328 0.0009086695 0.009645296 1.5331846e-06 0.3024758 0.00087319914 0.010606841 0.0017184108 0.8221391 0.62571937 1.6141305e-05 0.8146838 0.03841323 0.16501507 6.5117606e-18 0.04399165 0.09702146 0.34529045 0.009834473 0.0022044356 0.009108316 0.019564182 0.08548882 0.34497282 0.000113282964 0.120255925 0.97041994 0.03693058 0.00015217191 0.07337261 0.007942097 0.24282767 0.0028320053 0.015425058 0.042539038 1.5557746e-06 0.00010148713 9.071949e-05 2.835153e-06 8.795997e-05 0.02492561 3.8162293e-06 0.023924442 0.00010870539 2.710581e-05 1.3003043e-05 0.00012683944 0.0003566754 0.088740334 2.610878e-05 2.6717686e-05 1.2146806e-05 1.9966255e-06 1.08544036e-07 4.584021e-05 5.8235044e-05 7.725072e-07 3.9530287e-06 0.00011643504 0.00029400547 2.7162068e-07 7.4734286e-05 1.0984243e-06 0.00010793383 1.9277725e-06 0.0009522639 2.685265e-06 2.6688527e-05 0.0036713516 2.0724826e-06 3.843623e-06 0.00010726396 3.7999882e-06 2.9264395e-06 1.7049491e-05 3.6366332e-06 0.0004301701 0.0006155239 0.0004246726 6.394679e-07 2.991035e-05 2.0490965e-05 2.7895572e-07 0.00021269989 5.339167e-06 1.2955876e-06 0.0005502943 5.3773052e-05 3.4450182e-05 0.00032355625 4.3977485e-05
0.50981194 1.7350955e-06 5.430124e-06 2.6549708e-06 0.00010854327 0.0005411713 0.048993938 0.018078757 0.0009813032 0.009177728 0.0012396243 0.000887286 0.12851341 0.0006504443 0.096891806 0.0007282936 0.1092973 0.01964023 0.14637917 0.25173056 0.0010320218 0.09848007 0.98180485 0.8553949 0.04399165 1.3055281e-18 0.85563487 0.30886713 0.7704946 0.5068373 0.7228545 0.5152167 0.14528206 0.049731154 0.1777114 0.23182237 0.006913113 0.105245195 0.0663956 0.032659713 0.010171682 0.0016022926 0.006589823 0.014086251 0.005598901 0.00075526 0.0011565202 0.08824392 0.006158879 0.0012434808 0.0011333725 0.0018051416 0.0008093741 0.0018472658 0.017698355 0.00012168123 0.0011512091 0.00037374283 9.676713e-05 0.0022656084 0.001205712 2.926913e-05 0.0010865963 0.0003859502 0.0009712647 0.00041246577 0.00012771714 0.00012350152 0.00043329882 0.00075573236 2.137415e-05 0.0005667085 6.7170345e-06 0.00038628676 0.00021761458 0.0006131177 0.00038118823 3.1845523e-06 4.153835e-06 2.6476685e-06 0.00022237485 0.001183803 1.7031509e-06 3.5541412e-05 0.0012407774 4.9616424e-06 1.6260974e-06 5.141862e-07 0.0023070055 3.8946584e-07 0.0004318951 0.00051683973 1.0770283e-07 0.0014513098 1.3302086e-07 4.5650854e-06 8.727371e-05 1.1530054e-06 2.450044e-07 0.0016321297 1.4124634e-05
0.30962986 3.735016e-07 9.576963e-07 3.1240359e-06 1.4315426e-05 0.00020206986 0.009954029 0.00724525 0.0003331042 0.003401146 0.0005606702 0.00040854386 0.038216982 0.00024142796 0.120628975 0.00055670965 0.03646096 0.007829312 0.18892355 0.30721173 0.00035953728 0.1636553 0.73605543 0.9830583 0.09702146 0.85563487 1.628621e-19 0.7454894 0.421208 0.30710143 0.51774746 0.7547907 0.34442732 0.12620893 0.06844128 0.6408158 0.027579004 0.33203265 0.029500991 0.042380873 0.048004262 0.0032456962 0.020700902 0.013965305 0.006349504 9.382436e-05 0.00085715647 0.054278377 0.001436624 0.00035807735 0.00097341835 0.0002747558 0.0006004069 0.001093561 0.0092049 6.642068e-05 0.0032487155 0.00065729895 0.0002448651 0.0013188556 0.00031954222 0.00014724807 0.0014961046 0.0004178222 0.0013747724 6.898239e-05 5.726547e-05 0.00028099475 0.0006208791 0.00021186963 8.343698e-06 0.00027250842 4.187902e-05 9.8733675e-05 0.0004162117 0.001184393 0.00017370458 1.1346097e-05 9.41759e-06 1.45576905e-05 0.00016868828 0.0017386304 2.2846366e-06 5.8858375e-05 0.0005671326 2.490177e-05 1.5938994e-06 8.8747123e-07 0.0032116235 2.2877216e-06 0.00047969382 0.00011628468 3.0069108e-07 0.0012536752 3.3136925e-07 1.6103264e-05 4.5665027e-05 2.2284974e-06 1.8420906e-07 0.0014379091 2.3935117e-06
0.15234557 2.709697e-07 6.927566e-06 5.4841894e-07 2.191249e-07 6.2762716e-05 0.00064194313 0.0007182877 0.00011201743 0.0006937956 0.0010091852 0.0004060155 0.006889252 2.3138113e-05 0.10475421 0.0002922928 0.016640102 0.0018397612 0.2738702 0.50295913 2.0015072e-05 0.4205775 0.15574792 0.5329321 0.34529045 0.30886713 0.7454894 5.355445e-19 0.13196892 0.11134378 0.104598306 0.30152497 0.953813 0.9734143 0.012728641 0.85999656 0.2785781 0.4498346 0.0004058558 0.33807707 0.20829943 0.054400604 0.035012458 0.096288756 0.07069453 6.860047e-06 8.581985e-05 0.004877251 1.3793793e-05 5.1768602e-05 0.010410267 1.4732923e-06 0.0044393716 6.388126e-05 0.00012532788 8.3659637e-07 0.017127644 0.0008968016 0.0016080975 6.814209e-06 7.5949956e-06 4.500858e-05 9.249907e-05 3.455675e-06 2.6748841e-05 1.8728651e-05 1.2369636e-06 0.00019693033 0.00010408037 5.921318e-05 1.4156993e-06 4.9951355e-05 1.2884615e-05 2.0953381e-05 1.50080905e-05 0.00050848036 1.5794058e-05 3.6187125e-06 7.044674e-05 6.4889656e-07 2.5073703e-05 0.0008376278 3.8106866e-06 8.620837e-06 0.00012523457 3.080708e-07 3.497024e-07 7.356195e-07 0.0015409199 2.8489583e-07 2.1965949e-05 5.783318e-05 2.2553445e-08 0.00024476284 8.157531e-08 3.19864e-07 4.5918905e-06 9.290273e-07 1.16308456e-07 0.00040619384 2.5123647e-06
0.7495695 7.212833e-07 1.0856811e-06 1.7105754e-06 7.210365e-05 0.0012389359 0.03857756 0.008618763 0.0032741693 0.003930174 0.0061160433 0.004555513 0.11838829 0.000665368 0.034340844 0.0010403035 0.21006435 0.05889718 0.046874672 0.067611635 0.0017757941 0.034517467 0.69556946 0.24102922 0.009834473 0.7704946 0.421208 0.13196892 3.1834972e-18 0.9628352 0.9734622 0.45907035 0.14448442 0.034537252 0.7864797 0.2093714 0.0010211732 0.16462825 0.23099108 0.054946434 0.012643449 8.9144014e-05 0.028736914 0.033740304 0.0065488876 0.0023085834 0.0027050297 0.2571302 0.034239583 0.0011473253 0.00050769054 0.017954994 0.000111611254 0.0028010085 0.04893937 0.00054269045 0.0012599647 0.0014540688 5.8815785e-05 0.010610348 0.030656502 0.000107359956 0.0031823453 0.0013307506 0.0021501859 0.0016188337 0.0011055465 0.0011675445 0.00062283024 0.0017043023 0.0002720862 0.0014306657 0.00012662442 0.0046553817 9.447767e-05 0.0005711328 0.0018717813 9.228641e-06 2.6507228e-06 7.6884e-06 0.0006347291 0.002381784 1.05236595e-05 4.034612e-05 0.0045503224 1.9289662e-06 1.2469268e-06 7.816594e-07 0.0046357815 2.3180044e-06 0.0008175223 0.0024884252 4.3015157e-07 0.0026248465 5.3914624e-07 3.5960584e-06 0.0004173035 1.2079614e-06 1.8502722e-07 0.0016485553 2.1754058e-05
0.75133866 1.3825288e-06 2.6192165e-06 2.155678e-06 0.00091468915 0.0060275565 0.060299825 0.00823726 0.0100737745 0.0010021876 0.024953468 0.018787768 0.21959841 0.002353545 0.023281367 0.012349063 0.4945666 0.40638706 0.015710175 0.03358965 0.0047575296 0.012292844 0.50065607 0.13853356 0.0022044356 0.5068373 0.30710143 0.11134378 0.9628352 6.913716e-20 0.66912687 0.2516714 0.12140155 0.020461904 0.9908268 0.14028665 9.289378e-05 0.14589189 0.66884243 0.03332723 0.008566788 1.6851262e-05 0.040392827 0.025152566 0.0024078013 0.005228586 0.0052194116 0.25538242 0.08076524 0.0035940565 0.0002767721 0.048607137 2.691766e-05 0.009436457 0.13723195 0.0029973702 0.0004956842 0.00069436483 4.3677173e-05 0.017392565 0.08295618 0.0001563345 0.0021045092 0.0026797906 0.006222345 0.0031264264 0.0017676948 0.0007173307 0.0030615276 0.004213603 0.00025015965 0.0048465887 2.6248365e-05 0.023494296 3.6913894e-05 0.0026304624 0.0046940693 2.2664954e-05 5.757522e-06 5.20311e-06 0.0012006586 0.008470741 5.8411224e-06 1.5131628e-05 0.008767735 1.6228533e-06 1.4230603e-06 1.6310597e-06 0.0105640385 1.5936623e-06 0.0018970919 0.004598668 9.492001e-07 0.005443487 9.0348135e-07 6.163388e-07 0.00035942637 4.6103464e-06 4.0451855e-08 0.0023660609 5.335843e-06
