3.4109808e-25 0.00084858737 0.02485204 0.00206161 0.0033933797 0.035547048 0.25457132 3.8575865e-05 0.25695872 0.38505194 0.8799219 0.7446265 0.0003645203 0.46057576 0.0121623 0.03229877 0.90795267 0.01554128 0.3891059 0.11056198 0.12185602 0.0018271082 0.37913188 0.0007675521 0.13216826 0.29004797 0.40516546 0.823146 0.83267456 0.83592385 0.614043 0.797283 0.055994138 0.007635112 0.6426793 0.0012103779 0.6491781 0.10983289 0.8424967 0.9615088 0.20320433 0.23210725 0.8123146 0.20513676 0.17260173 0.91751087 0.4245808 7.417002e-05 0.971443 0.4127875 0.0013463973 0.843749 0.094579905 0.2716106 0.07182984 0.9335749 0.58946145 0.42871547 0.006145224 0.00031546844 0.7039667 0.6691907 0.20526007 6.752349e-05 0.9818897 0.75002295 0.7894362 0.0028205134 0.53291136 0.121185325 0.9797812 0.031250343 0.0005869232 0.00014546263 0.844462 0.9854904 0.49188358 0.96754766 0.0033059705 1.6217882e-07 0.9208366 0.9989526 0.9096973 0.994395 0.94609535 0.17245133 0.0059473887 0.3190559 0.90800184 0.8782517 0.091347724 0.99986744 0.9666146 0.97796506 0.0012607316 0.9982188 0.99983656 0.92987853 0.99935395 0.9985302 0.8845875
0.00084858737 3.0260805e-17 0.818534 0.7591795 0.4222607 0.5322747 0.62272704 0.99664646 0.3725386 0.031546168 0.0086246915 0.040768597 0.011695175 0.005099289 0.002404537 0.01718052 0.0016734299 0.00024172354 0.00025191042 0.003841897 0.0023138623 0.00028750725 0.0046495404 0.06706309 1.2558086e-05 2.0241272e-05 5.5681947e-05 0.0017805009 0.0008884616 1.8854384e-05 2.1090095e-06 0.0015397074 8.05439e-05 0.00012668928 4.9531327e-06 1.9910249e-05 2.89667e-05 6.6681123e-06 2.8239694e-05 0.0010014334 0.00011593887 1.0035537e-06 0.00016426458 3.3112524e-06 2.5354766e-06 0.00023423308 4.7378653e-06 0.00092004816 1.9784934e-06 2.8541895e-06 6.876262e-05 8.14425e-07 3.0652097e-06 2.8819431e-06 4.934754e-06 3.0394106e-06 5.3095863e-07 3.3358226e-06 0.00018088568 4.560999e-06 3.1815043e-06 9.287837e-05 1.2192545e-05 0.00010619128 1.4494383e-05 5.194302e-07 3.0028392e-05 6.0425926e-05 0.00017457463 1.0661753e-05 0.0005906953 1.11810095e-05 1.0505364e-06 8.80703e-06 0.00033288254 0.00015970797 2.845556e-07 2.219225e-06 6.519454e-05 6.261379e-07 0.0008908564 0.00014231405 0.0010082334 0.0014692809 0.00025832787 1.664614e-07 4.5889133e-06 4.395541e-06 0.0002918179 0.00010774285 2.2193035e-06 0.00011064156 0.0012887534 1.9597774e-05 7.5398725e-06 4.5259952e-05 0.00034155746 8.524587e-06 4.387297e-05 0.0002789998 1.1109488e-05
0.02485204 0.818534 6.634576e-17 0.9067849 0.71697265 0.9721399 0.38747916 0.020566149 0.92543566 0.6504569 0.0036475225 0.5528184 0.0015437463 0.15228759 0.0042855083 0.0009916668 0.052601777 0.0010402519 0.0034047207 0.00059223466 0.00030598594 0.00025140666 0.121143274 4.357258e-05 5.4471395e-05 0.00080138544 0.006733444 0.0002844006 0.033251256 0.0036697572 0.000171537 0.021306457 5.833688e-05 4.4970157e-06 4.6579058e-05 6.007293e-06 0.00043541414 3.0067966e-05 0.0020552243 0.00407905 1.0979346e-05 1.4895649e-06 0.0006121187 1.2774242e-05 9.684972e-06 0.0008965711 5.5934993e-06 2.5068193e-06 0.0015717781 0.00016810565 2.1304295e-06 0.0012295383 9.3912536e-07 4.267506e-06 3.992217e-06 9.9436525e-05 2.1161385e-07 3.6231897e-05 1.064602e-06 7.9357204e-07 1.9650588e-05 2.3731225e-05 3.7505214e-07 4.5137162e-06 0.0010459586 1.2530714e-05 3.435956e-05 9.27998e-06 1.8542914e-05 2.1505773e-06 0.00041896856 2.036252e-06 2.8621307e-07 2.2868776e-06 0.00025326852 0.00030924255 3.887037e-07 3.9486826e-05 6.3931516e-06 8.325392e-08 0.00026390672 0.00040244192 0.0005161426 0.0012994533 0.0008436522 8.280495e-08 3.1874097e-07 6.743275e-07 3.997492e-05 0.00017636281 9.0826995e-07 0.0004583545 0.0008063079 0.00028023365 3.5383728e-06 0.0005226036 0.00013210754 3.399403e-05 0.00029209803 0.00088840397 2.340763e-06
0.00206161 0.7591795 0.9067849 5.092532e-19 0.993517 0.28464267 0.046372626 0.15119927 0.8001012 0.2573596 0.00071210857 0.16897154 0.007892539 0.104619995 0.047104925 0.000114446375 0.008399977 0.0046105837 0.007311912 0.0001285438 8.613026e-05 0.00037882215 0.018538078 1.7262462e-05 0.00026194763 0.0028335655 0.0090023605 2.08479e-05 0.0030276524 0.0009279112 0.0013510708 0.003270016 3.1384396e-05 4.4149836e-08 2.4279172e-05 1.3983569e-05 0.00080911367 4.302913e-06 0.0017111817 0.0006905779 1.5382827e-06 1.1981906e-06 1.8128661e-05 5.196661e-05 1.0860481e-05 0.00013124257 2.4763136e-05 3.5222104e-07 0.0002519145 0.00036323856 4.1574592e-07 0.00088504044 4.2141673e-07 1.1033856e-05 7.939581e-07 5.98544e-05 9.9711286e-08 3.1632415e-05 1.1945408e-06 1.5011925e-07 8.728498e-06 2.993228e-06 1.29653e-07 6.098401e-07 0.0004632785 6.123779e-06 2.9524468e-05 2.1250675e-05 3.1745215e-06 4.4966444e-07 4.579953e-05 1.0269257e-07 2.9356514e-07 8.2894115e-07 5.049926e-05 0.00013054267 3.1970205e-07 2.3412174e-05 2.813786e-07 2.3022753e-07 4.146851e-05 0.00017543882 6.977676e-05 0.0007364977 0.0010673559 5.9926073e-09 1.9304152e-07 5.385958e-07 1.4630377e-06 1.0468576e-05 7.151299e-07 0.0004069746 0.0011060322 2.8063521e-05 1.9769571e-07 0.00035861062 0.0003601435 3.0025226e-06 0.000107223255 0.00074657385 8.7574523e-07
0.0033933797 0.4222607 0.71697265 0.993517 8.7498106e-17 0.08361606 0.0029739507 0.27596387 0.90043277 0.47561857 0.00013477082 0.20438929 0.17068715 0.5776674 0.47732228 1.1563415e-05 0.064540826 0.07264043 0.15489942 2.7552132e-05 1.5725464e-05 0.0110801635 0.018050753 5.754917e-07 0.027208695 0.026293313 0.08056668 2.5905205e-05 0.004064262 0.0066860723 0.011303459 0.010510257 0.0022512942 1.6504191e-07 0.0018155229 0.001331746 0.003558742 9.970079e-05 0.0066649592 0.00046253332 1.9578467e-06 3.2041084e-05 4.672278e-06 0.0004479802 0.0002293314 3.2535416e-05 0.00022280002 6.633167e-07 0.0013558485 0.0017783558 3.280905e-07 0.003235999 2.414237e-05 2.9273064e-05 7.1967725e-06 0.000633021 8.550418e-07 6.911138e-05 7.976116e-07 2.6436174e-07 3.7576032e-05 4.464273e-07 1.5061994e-06 2.0830023e-06 0.0010915449 5.2845153e-05 6.5881795e-05 0.000119787306 0.00016984376 7.3821553e-07 0.00010657884 5.216671e-07 3.716591e-06 2.8002276e-05 1.653821e-05 0.000715027 3.195379e-06 0.00022769996 1.3071801e-05 7.36746e-06 2.7639453e-05 0.00016097869 3.0012186e-05 0.0036954226 0.0008642636 3.774586e-08 1.9732756e-08 2.091125e-06 1.0784935e-06 1.2024324e-05 3.436716e-07 0.00093393767 0.001057966 0.000116139716 2.2151082e-06 0.00038053407 0.00022993934 8.999184e-06 0.0005835137 0.0015135036 2.615558e-07
0.035547048 0.5322747 0.9721399 0.28464267 0.08361606 4.495539e-16 0.9817456 0.0015144845 0.77689195 0.61763424 0.027470453 0.8090234 0.0001772178 0.062407296 0.0010174218 0.003120951 0.05864201 0.0003555489 0.0005192495 0.0011163787 0.000762314 1.7189277e-05 0.3493482 0.0001720462 1.36622075e-05 0.0001923824 0.0038763061 0.00040914668 0.111332454 0.0008815379 9.400882e-06 0.027269285 1.1149715e-05 9.84708e-06 1.3640621e-05 5.2614564e-06 5.6733083e-05 1.7080927e-06 0.00054750236 0.014819682 8.80145e-05 5.2263965e-07 0.0025188844 2.5634367e-06 9.126e-07 0.0054268767 2.7070716e-06 4.4822527e-06 0.0016584004 9.6439886e-05 9.717761e-06 0.0009644192 7.3249515e-07 2.210457e-06 9.49182e-07 1.8347218e-05 1.381873e-07 3.5413315e-05 3.5474545e-06 3.54872e-06 4.364759e-06 0.00023224145 1.2891361e-07 3.0543579e-06 0.0007062924 1.4787858e-05 1.0524624e-05 4.083251e-06 4.6920545e-06 2.4479936e-05 0.00031843488 8.672648e-06 2.8847825e-07 9.360325e-07 0.0005579587 0.0018587317 2.0818592e-07 2.2493592e-05 1.523155e-06 1.2474024e-08 0.00034019825 0.0005825932 0.000405607 0.0015464316 0.0011197844 2.050184e-08 2.5275097e-06 2.619185e-07 0.00014700237 0.00025895462 5.8874457e-06 0.00024695628 0.0018986168 0.00031438482 9.434099e-07 0.0003834276 0.0008280548 1.7448801e-05 0.00019192554 0.00059526594 1.621912e-05
0.25457132 0.62272704 0.38747916 0.046372626 0.0029739507 0.9817456 1.3237926e-18 0.00063446246 0.16930346 0.1446736 0.97388935 0.81095225 1.0047408e-05 0.001473072 0.00010354969 0.2619522 0.0037152024 2.945024e-06 2.0232856e-05 0.11225297 0.10112139 7.891931e-07 0.5682962 0.010927369 5.147479e-07 1.0219915e-06 0.00036407748 0.055639524 0.35631955 6.549578e-05 7.863148e-08 0.022265289 4.0329388e-07 0.00053039036 8.4949613e-07 4.8526095e-07 3.9859215e-06 2.9050105e-07 9.4719166e-05 0.09594578 0.0007426752 1.5026929e-08 0.08508394 2.65693e-07 2.2064164e-07 0.15160424 4.778366e-07 6.322675e-05 0.0017534351 5.5057503e-06 0.00015779102 0.00023271612 5.737512e-07 6.1286136e-07 4.7255253e-07 3.8536173e-06 4.597788e-08 1.0611176e-05 4.696986e-05 1.7425984e-05 7.764594e-07 0.0020108994 4.399097e-08 5.4222014e-06 0.0010788783 4.5016754e-06 1.3125372e-06 8.3449584e-07 4.1642963e-07 6.6562345e-05 0.012080635 0.00014189527 6.873933e-07 2.3945628e-07 0.007373407 0.036334462 1.2597368e-07 1.9467361e-05 5.149934e-07 1.3758365e-10 0.0027738356 0.0017568421 0.0016298627 0.006419309 0.0006117595 8.58015e-09 1.9225026e-05 1.7916198e-08 0.001419962 0.0019378073 3.264155e-05 0.00033676773 0.006056653 0.0028652009 6.8456686e-08 0.00014714319 0.003588842 2.3429888e-05 0.0002272156 0.00056183815 4.0480707e-05
3.8575865e-05 0.99664646 0.020566149 0.15119927 0.27596387 0.0015144845 0.00063446246 7.623914e-19 0.03286331 0.001992726 3.449572e-05 0.0020024753 0.8517329 0.002431269 0.06942141 2.6541213e-05 0.00036536306 0.004483561 0.0011880316 2.361642e-05 1.1232064e-05 0.03165193 4.8293783e-05 0.00012926466 0.0064870394 0.0008849776 0.00035977102 1.753521e-05 1.6113541e-05 2.4452496e-05 0.00017329042 7.885854e-05 0.010698864 1.8297105e-05 0.00014194591 0.05669647 6.266744e-05 6.119941e-05 6.1783125e-05 2.4688126e-05 6.343726e-06 9.493699e-06 5.5286864e-06 1.2543604e-05 6.286452e-06 4.401088e-05 9.714175e-06 1.0797103e-05 6.2833203e-07 1.7491251e-05 4.6325813e-06 2.8979864e-06 0.00045182602 1.5235058e-05 0.00012844318 1.5417923e-05 7.951789e-07 3.3372915e-05 6.869605e-06 4.2109613e-07 2.0212376e-05 2.7563276e-05 4.2686315e-05 2.982275e-06 4.8560564e-06 1.0136399e-06 7.695637e-05 0.0038274429 6.815493e-05 4.46865e-06 0.00017729064 9.475084e-06 0.00037083647 0.001288322 0.00025080462 2.5616224e-05 8.131194e-06 2.090818e-06 8.042907e-05 0.0001178661 0.00023766841 1.2469072e-05 0.00018776713 0.00014174936 2.4275976e-05 4.0516508e-07 3.039754e-07 4.612704e-06 2.437743e-05 5.9650796e-05 8.6715687e-07 0.00024964323 0.0005824413 1.6834027e-05 7.304589e-05 1.2765875e-05 0.000105318475 2.4835908e-05 4.939102e-05 7.932248e-05 8.575455e-07
0.25695872 0.3725386 0.92543566 0.8001012 0.90043277 0.77689195 0.16930346 0.03286331 1.1485587e-15 0.9704629 0.001656946 0.58354026 0.019732943 0.7780485 0.09274723 0.000107386484 0.61058193 0.032719072 0.06013588 2.3497509e-05 1.0857819e-05 0.012720418 0.1099322 7.0834936e-08 0.020880947 0.00847932 0.059521012 2.0296555e-05 0.047880255 0.027247423 0.0052025323 0.25062242 0.0031273866 2.1907447e-06 0.001663711 0.00025892127 0.0053540003 0.00031282008 0.028387442 0.0024127895 1.5091133e-05 1.0215291e-05 6.619481e-05 6.720165e-05 3.9925315e-05 0.00020718522 7.9142046e-05 1.6806506e-06 0.030745268 0.0038275558 3.6340853e-06 0.017369723 7.26404e-05 0.00014453876 2.8962113e-05 0.0013893258 9.905717e-07 0.0007873679 2.1826534e-06 7.970397e-07 0.00013849109 4.6753717e-06 1.975326e-06 3.2153132e-06 0.011187368 0.00032738363 6.7045126e-05 6.014324e-05 2.727363e-05 8.7747065e-07 0.0002155037 6.1059256e-07 7.165184e-07 7.5813464e-06 0.00013567197 0.0019470723 1.8178876e-06 0.00036717855 4.691773e-06 1.9616247e-07 0.00014799181 0.0013140928 0.00021650978 0.0083133895 0.0029607592 1.06025965e-07 1.0461634e-06 1.746614e-06 7.5074768e-06 0.00019586406 4.5916454e-06 0.0016730715 0.00036531204 0.00026478173 3.652988e-06 0.0013064211 0.0002742189 5.4289158e-05 0.00068417244 0.001659352 6.112442e-06
0.38505194 0.031546168 0.6504569 0.2573596 0.47561857 0.61763424 0.1446736 0.001992726 0.9704629 9.7332695e-17 0.0032395686 0.7316978 0.004140588 0.58723253 0.012739254 4.619159e-05 0.9846893 0.010563917 0.026286978 3.3165255e-05 2.7294138e-05 0.001714926 0.15195394 8.994172e-08 0.0067872456 0.0037626415 0.06463337 1.8542876e-05 0.05261906 0.028863631 0.0027112835 0.33224335 0.00044344796 1.6858895e-07 0.00047554882 4.6378307e-05 0.002465822 4.9547554e-05 0.018566519 0.0031510778 4.7336016e-06 3.3531292e-06 9.3646115e-05 3.27734e-05 1.2423811e-05 0.00032756384 2.9872297e-05 1.5081916e-06 0.090096004 0.0024348213 1.5679017e-06 0.026085561 2.2347873e-05 3.105647e-05 3.4141627e-05 0.0009214513 6.368952e-07 0.00046382865 7.732405e-07 2.0089487e-06 2.8459497e-05 4.2971305e-06 7.718575e-07 2.5674296e-06 0.01445955 0.00020667707 1.2691149e-05 1.1844442e-05 4.160317e-06 2.0721584e-06 0.00021784153 7.040367e-07 1.1693061e-07 1.692363e-06 0.00019474799 0.0044286647 3.8361045e-06 0.00021996799 1.2542688e-06 1.0675277e-08 0.00013602125 0.0024850103 0.00024721076 0.020793892 0.0071328958 9.844287e-07 2.2109548e-06 1.694842e-06 6.124351e-06 0.00023895978 9.274078e-06 0.001327555 0.0007149482 0.00022020392 4.7306028e-07 0.0029013976 0.0005712992 3.7964044e-05 0.00016409093 0.0042959573 2.3669792e-05
0.8799219 0.0086246915 0.0036475225 0.00071210857 0.00013477082 0.027470453 0.97388935 3.449572e-05 0.001656946 0.0032395686 3.034415e-17 0.24185237 1.2327012e-05 0.0011798627 7.259837e-05 0.58987635 0.0021677692 1.7188819e-05 1.2968306e-05 0.8024208 0.80202836 1.6672166e-05 0.59240174 0.008696096 3.213259e-06 5.575115e-06 0.0004918085 0.77941775 0.55801576 0.00017032682 6.7957546e-07 0.017957736 2.5293097e-05 0.0017439775 1.0384855e-06 7.985017e-06 3.4941306e-05 9.368666e-07 0.00010568694 0.578647 0.014032564 1.4633196e-06 0.7130258 7.729924e-06 2.7581457e-06 0.68865466 2.7326121e-05 0.00019693768 0.018842464 2.7967953e-05 0.0011284164 0.0008794466 4.6368314e-07 3.3174427e-05 6.552986e-06 6.813589e-05 4.71923e-07 5.1025527e-05 0.00032337703 0.00019031431 5.9432292e-05 0.015829014 6.4618064e-07 2.2133861e-05 0.0036889857 2.5547155e-05 4.273925e-06 4.174314e-06 2.1174872e-05 0.00022487406 0.09692027 0.0001578258 1.0915109e-05 2.028152e-05 0.046712093 0.2594994 1.2404243e-05 6.633332e-05 4.3656477e-05 6.436847e-09 0.013715974 0.016760971 0.016764736 0.058917683 0.0019136546 1.3008271e-06 0.00010734747 2.617868e-06 0.0076219295 0.012218481 0.00039363067 0.00059954694 0.007374423 0.012078741 2.6281366e-06 0.0016457074 0.008102618 0.00023126455 0.00043143032 0.0113475155 0.00034017945
0.7446265 0.040768597 0.5528184 0.16897154 0.20438929 0.8090234 0.81095225 0.0020024753 0.58354026 0.7316978 0.24185237 5.7748536e-16 0.0013446867 0.06960082 0.0034336762 0.0038614017 0.5239224 0.002627435 0.0052665044 0.0043634903 0.002478759 0.00050811097 0.9688595 1.359321e-05 0.00069442776 0.0012196838 0.010167115 0.0010077623 0.66239285 0.005121882 0.00048888184 0.6468345 0.00024687647 6.2587974e-06 0.00014445953 2.5003596e-05 0.00034296216 3.6347144e-05 0.0037494632 0.06506536 0.00015294067 8.39829e-07 0.0021611794 2.091405e-05 1.6079463e-05 0.01705808 3.512416e-05 2.6702724e-06 0.13656262 0.00049274677 5.891624e-06 0.012968294 8.313713e-06 2.0004214e-05 4.496209e-06 0.00061905716 3.3805446e-07 0.00015458743 7.1153086e-06 1.7050239e-05 3.0121604e-05 0.00013817685 1.3846519e-06 6.518026e-06 0.015870921 0.0001703276 7.249531e-06 5.2708124e-06 3.9918173e-06 2.7628488e-05 0.0017484757 3.070961e-05 3.332028e-07 2.8607458e-06 0.0007406947 0.08219048 2.5516244e-06 0.00031172505 2.7380704e-06 3.2776537e-08 0.000592026 0.017538583 0.000631292 0.05613225 0.005732689 2.1926705e-07 9.088675e-06 2.0148775e-06 0.00018732126 0.00079312234 4.6867262e-05 0.0032666228 0.0026480258 0.0013647127 3.6444312e-06 0.003563466 0.0037221727 0.0001348009 0.00042445594 0.009132732 7.224867e-05
0.0003645203 0.011695175 0.0015437463 0.007892539 0.17068715 0.0001772178 1.0047408e-05 0.8517329 0.019732943 0.004140588 1.2327012e-05 0.0013446867 3.3605197e-18 0.018256791 0.77990437 1.1253802e-06 0.0028428424 0.118407115 0.021282297 6.245143e-06 4.5552956e-06 0.97928977 3.1902597e-05 1.2304678e-06 0.5160957 0.010823611 0.0054854113 4.2214724e-05 1.5110415e-05 0.0008720046 0.005403521 0.0001651045 0.35617867 1.29533e-05 0.006802876 0.57481724 0.0007247019 0.009572285 0.00022035663 0.00012640483 1.0855035e-05 0.00061844144 1.547065e-05 0.0009602856 0.0006761519 4.2567975e-05 0.0006958113 9.958386e-06 2.9186995e-06 6.293515e-05 5.2009273e-06 4.7266367e-06 0.012545859 0.00035893056 0.0016605845 4.2156807e-06 0.00019124457 4.571348e-05 1.2457494e-05 4.1985388e-07 0.00013111997 8.7377884e-05 0.00091025454 3.6568151e-06 4.0994655e-05 2.5305437e-06 0.00022925748 0.014450728 0.0007530029 2.6709202e-05 0.00019575201 5.295819e-06 0.0014019562 0.0009849028 0.00037160792 0.00014435568 2.1062693e-05 1.6900525e-05 8.1286e-05 8.5197564e-05 0.0003428315 5.707677e-05 0.00014563516 0.0007964327 0.00024244847 1.2156494e-05 7.3032163e-07 8.168964e-05 0.00012621885 0.00014659512 5.3170174e-06 0.00076166616 0.0014163469 0.00014718951 2.13872e-05 4.0587864e-05 8.732074e-05 4.468788e-05 0.0004787674 0.0003878898 1.2410289e-05
0.46057576 0.005099289 0.15228759 0.104619995 0.5776674 0.062407296 0.001473072 0.002431269 0.7780485 0.58723253 0.0011798627 0.06960082 0.018256791 4.3293882e-17 0.29850557 1.311311e-06 0.937127 0.34118834 0.9474107 1.9904724e-05 9.048132e-06 0.011684485 0.01773516 8.6745246e-08 0.14438146 0.12567265 0.94496727 2.926561e-05 0.009716538 0.43544215 0.07280937 0.060958806 0.04517372 3.6174738e-06 0.030391088 0.0014222172 0.110010624 0.0031236424 0.23400098 0.0010117162 3.755794e-05 0.004597276 7.040496e-05 0.0043986025 0.0031197516 0.00013558014 0.0027414453 1.293186e-05 0.07250044 0.060556136 5.4253105e-06 0.09659636 0.0010850012 0.0025014773 0.0030003602 0.0062339925 0.00044112134 0.0046720845 4.8942925e-06 1.3310799e-06 0.0013274354 6.1996343e-06 0.00019439544 3.2624666e-06 0.041810762 0.0017160991 0.00081432646 0.0011375683 0.00024532113 4.6886507e-06 0.000277827 1.3186988e-06 6.0250964e-06 2.5379815e-05 0.00026323734 0.0018880295 0.00012411302 0.0021271622 1.6723776e-05 1.8897515e-07 0.00048698843 0.0023162866 0.00022910624 0.031016104 0.01164249 5.1585317e-05 1.1577941e-06 9.632885e-05 8.637487e-06 0.00021521223 1.9830562e-05 0.009236896 0.0009309839 0.00030933102 2.4083936e-05 0.0029852986 0.00071812194 0.00043768118 0.00087510736 0.0041214 1.00714105e-05
0.0121623 0.002404537 0.0042855083 0.047104925 0.47732228 0.0010174218 0.00010354969 0.06942141 0.09274723 0.012739254 7.259837e-05 0.0034336762 0.77990437 0.29850557 1.2569901e-18 3.6978142e-06 0.0126106115 0.98106813 0.7743047 1.0803522e-05 4.535019e-06 0.71514326 0.00054477656 2.1035924e-06 0.9383207 0.20016378 0.03689411 9.971315e-07 0.00016429684 0.012168448 0.06956552 0.001590138 0.2894345 5.662246e-06 0.025049327 0.035687156 0.009258915 0.015708512 0.008254135 0.00010601551 1.26201685e-05 0.0035726915 6.0306725e-06 0.002605226 0.0037754741 9.309506e-06 0.0017320816 2.2990565e-05 0.000818218 0.0035936914 1.8684888e-05 0.0007187046 0.008582464 0.0016394617 0.003335338 0.00037097535 0.00035533987 0.0009148321 9.574749e-06 1.0034523e-06 0.00077230245 5.9468434e-06 0.00026069407 2.652938e-06 0.0011930302 0.00019585938 0.0009960714 0.01760903 0.0006035909 3.4814361e-06 9.4280906e-05 3.3606268e-06 0.00033048357 0.0004252945 0.00011989932 0.00018269094 0.0001123134 0.00034137236 2.28048e-05 1.9217161e-05 0.00015389534 0.0004118834 0.0001294891 0.0015256607 0.000714219 6.991248e-06 1.3308076e-05 9.0296286e-05 1.0905474e-05 3.6506422e-05 4.5860153e-05 0.0017835258 0.0011734687 4.2777927e-05 1.5283082e-05 0.0002176696 0.0004964369 0.000364473 0.0011426845 0.0005312431 2.9265053e-05
0.03229877 0.01718052 0.0009916668 0.000114446375 1.1563415e-05 0.003120951 0.2619522 2.6541213e-05 0.000107386484 4.619159e-05 0.58987635 0.0038614017 1.1253802e-06 1.311311e-06 3.6978142e-06 1.2159348e-18 2.3540328e-05 3.214131e-07 7.789084e-07 0.8136833 0.8410715 7.258555e-07 0.0045712437 0.9953816 2.7341628e-07 5.7494145e-07 9.632518e-07 0.74148333 0.002928809 1.0862765e-06 3.5593337e-07 0.000107716856 2.8543855e-06 0.35156533 2.177738e-06 3.8013834e-08 1.9786792e-05 1.0101821e-06 7.009253e-06 0.006786067 0.35398096 4.7645963e-07 0.27466047 9.877633e-07 4.7137823e-07 0.05742224 5.4932007e-06 0.013657941 3.2428682e-06 4.7552066e-06 0.0111207245 2.4077505e-07 4.4218186e-08 4.735385e-06 5.040188e-07 5.3541376e-06 1.0148237e-06 1.6010353e-06 0.0024802892 0.0009019702 7.011205e-06 0.07601521 5.29203e-07 0.00045930996 1.37533625e-05 1.0799107e-06 3.921157e-05 1.0539026e-07 2.8650297e-06 0.0018580627 0.029382594 0.0017654877 4.1367943e-07 5.547946e-07 0.018967206 0.005331537 5.0548306e-07 1.0405611e-05 3.3335457e-06 3.4046648e-09 0.0048659802 0.00022224995 0.009970079 0.0017725659 8.438819e-05 1.039572e-07 0.00048548877 6.3643704e-08 0.003393365 0.00484371 0.00039390218 0.00031759238 0.001954829 0.002607212 1.2100904e-07 1.3842526e-05 0.00039545482 4.0928517e-05 0.00021477636 0.0003078974 0.00036859576
0.90795267 0.0016734299 0.052601777 0.008399977 0.064540826 0.05864201 0.0037152024 0.00036536306 0.61058193 0.9846893 0.0021677692 0.5239224 0.0028428424 0.937127 0.0126106115 2.3540328e-05 4.711048e-17 0.012908014 0.15661258 0.00011890308 8.189596e-05 0.0019060242 0.11866045 1.609858e-07 0.010477716 0.014411403 0.32679018 2.6008951e-05 0.065806575 0.25849888 0.012742347 0.6406169 0.005901992 7.518156e-07 0.0025320188 0.00013351253 0.005539582 0.00023060935 0.10341959 0.0050346204 1.1392309e-05 0.0001474549 5.536593e-05 0.00024107343 0.00017443932 0.000589283 0.00015581682 3.1987424e-06 0.43124148 0.008210039 1.0936207e-05 0.17959522 1.6847196e-05 0.000107520216 0.00011708332 0.002131884 3.0717356e-06 0.00092610414 2.742199e-06 3.211718e-06 3.4198198e-05 2.9658388e-06 1.9572083e-06 3.9140746e-06 0.069873676 0.000966207 1.6890486e-05 4.356855e-05 4.5324764e-06 4.200123e-06 0.00021495996 1.1772364e-06 1.0173063e-06 9.783452e-07 0.00015861404 0.03197365 9.116289e-06 0.00047090673 1.2730442e-06 2.4185978e-08 0.00024343478 0.024342932 0.00014546236 0.19484448 0.043665342 5.474992e-07 3.8878325e-06 2.3114592e-06 7.55385e-06 0.0002542707 8.007239e-06 0.006715244 0.0016068986 0.00034308695 1.5688688e-07 0.028622711 0.0015573251 0.00012923915 0.00026203983 0.03969022 1.4709584e-05
0.01554128 0.00024172354 0.0010402519 0.0046105837 0.07264043 0.0003555489 2.945024e-06 0.004483561 0.032719072 0.010563917 1.7188819e-05 0.002627435 0.118407115 0.34118834 0.98106813 3.214131e-07 0.012908014 2.650157e-19 0.8644095 8.42361e-06 1.1105225e-06 0.3076469 0.00033665934 1.3951325e-06 0.94556993 0.64491045 0.14805654 2.8271154e-06 0.00042247688 0.029326033 0.33622864 0.0022602014 0.1473428 3.4622028e-06 0.11327451 0.0092841005 0.12192059 0.05907714 0.068375506 0.00019338453 1.8038885e-06 0.015793141 2.2313875e-06 0.01736227 0.023352897 4.3505774e-05 0.022790523 1.2735518e-06 0.0043748487 0.07376006 2.1287824e-06 0.017969932 0.015119376 0.01391015 0.004760226 0.0068635847 0.0011517943 0.011259063 2.1788703e-06 1.185839e-07 0.0050531374 4.1833783e-07 0.0010809262 2.680405e-07 0.0047433223 0.0022692345 0.005648683 0.010548873 0.00054546254 1.1395997e-06 6.403467e-05 8.4293795e-08 0.00023030737 0.00050313835 3.0830248e-05 0.00045930297 0.00043277745 0.0020159204 1.8118637e-05 5.9028775e-06 5.53738e-05 0.00025719168 7.490553e-05 0.004063483 0.0021085013 5.0543204e-05 6.5698714e-07 0.00013509678 7.0820415e-06 4.552336e-05 2.8719646e-06 0.003663505 0.00087164243 0.0001240445 2.067156e-05 0.00064046273 0.0003823537 0.00041927389 0.0012564934 0.00086274213 7.669221e-06
0.3891059 0.00025191042 0.0034047207 0.007311912 0.15489942 0.0005192495 2.0232856e-05 0.0011880316 0.06013588 0.026286978 1.2968306e-05 0.0052665044 0.021282297 0.9474107 0.7743047 7.789084e-07 0.15661258 0.8644095 2.96764e-18 3.1071588e-06 9.992191e-07 0.02725074 0.0014055393 6.228476e-08 0.49604723 0.9787623 0.7369345 5.017685e-07 0.0011451625 0.42624307 0.38876033 0.009038797 0.1395947 8.2625223e-07 0.061744865 0.002822723 0.06523171 0.0056129773 0.17690666 0.00010388907 2.0599443e-06 0.002434471 3.6077597e-07 0.0064011835 0.005088582 4.214258e-06 0.0037481785 2.4062208e-06 0.025996573 0.045730136 2.4079309e-06 0.049765673 0.0010263692 0.001953476 0.0019811145 0.0053910846 0.00014691199 0.0020935538 7.222869e-07 5.376443e-07 0.00063863996 1.3895948e-07 3.393213e-05 6.381026e-07 0.041202508 0.0017286848 0.0004503185 0.0046567563 0.00010461925 8.3121233e-07 8.477056e-06 6.505311e-07 5.105554e-06 5.942523e-06 1.3704513e-05 0.0007549032 5.5383857e-06 0.0011684496 4.7249514e-06 2.1317862e-07 3.928632e-05 0.0007298469 2.9013036e-05 0.016541634 0.008759261 1.6579946e-07 2.3133866e-06 3.2323671e-06 1.0654896e-06 1.4623619e-05 1.9684883e-06 0.013285961 0.00044313303 7.797181e-06 3.744871e-05 0.00136916 0.00015525064 0.00012278375 0.0010860488 0.0014097102 1.7731279e-06
0.11056198 0.003841897 0.00059223466 0.0001285438 2.7552132e-05 0.0011163787 0.11225297 2.361642e-05 2.3497509e-05 3.3165255e-05 0.8024208 0.0043634903 6.245143e-06 1.9904724e-05 1.0803522e-05 0.8136833 0.00011890308 8.42361e-06 3.1071588e-06 1.9135763e-18 0.9785102 8.999243e-06 0.037392855 0.07094916 2.654334e-05 1.8708664e-06 1.2212118e-05 0.9468369 0.033335924 4.48364e-05 1.1963808e-06 0.0020553388 2.1050942e-05 0.04957195 9.581408e-06 4.606391e-06 7.2138995e-05 2.5707666e-06 7.4817995e-05 0.0703287 0.1617073 9.037313e-07 0.5919763 2.8571305e-06 2.0593313e-06 0.25672206 7.974257e-06 0.0025544977 0.00024158481 1.8504525e-05 0.003811125 2.69426e-05 9.408806e-07 1.1636366e-06 8.816518e-06 0.00012978048 3.9305182e-06 1.5172305e-05 0.00097552134 0.00057833263 9.460096e-06 0.13338743 9.882467e-07 7.5039876e-05 0.000322799 2.1491167e-05 9.321321e-06 1.4580748e-06 3.077462e-06 0.00026334857 0.07618137 0.00027526304 6.9026446e-06 1.3541415e-05 0.037527315 0.022640685 8.277054e-06 7.5900857e-06 2.1624182e-05 2.8620433e-09 0.009126019 0.004254643 0.019970695 0.003004128 0.0004071943 1.7332272e-07 6.137616e-05 8.698413e-07 0.008730177 0.0065363934 0.0002538714 0.00043949712 0.0052777543 0.0065371073 2.4960403e-07 0.00036815068 0.004164575 3.885047e-05 0.0001096234 0.0022159896 0.0005409261
0.12185602 0.0023138623 0.00030598594 8.613026e-05 1.5725464e-05 0.000762314 0.10112139 1.1232064e-05 1.0857819e-05 2.7294138e-05 0.80202836 0.002478759 4.5552956e-06 9.048132e-06 4.535019e-06 0.8410715 8.189596e-05 1.1105225e-06 9.992191e-07 0.9785102 1.6025766e-19 4.091741e-06 0.030646082 0.035801847 3.369783e-06 4.1216256e-07 4.7311873e-06 0.9472198 0.025209675 8.231711e-06 3.844288e-07 0.0019112353 8.124473e-06 0.070858516 5.0941585e-06 1.7589266e-06 1.749931e-05 4.0910993e-07 1.3906049e-05 0.12683047 0.2028676 3.3544995e-07 0.65420145 2.4984206e-06 7.9516525e-07 0.3515609 5.2099076e-06 0.0013670907 0.0002785436 7.4709583e-06 0.008142601 8.07285e-06 3.7933816e-07 4.014075e-07 6.453212e-06 2.2704284e-05 1.9852996e-06 4.9021214e-06 0.0012579028 0.000995756 5.0299677e-06 0.14867622 8.005738e-07 0.00013070398 0.00030165317 3.650602e-06 4.484895e-06 3.5831217e-06 2.422682e-06 0.00021597857 0.12486602 0.00048052805 4.788683e-06 3.6345564e-06 0.09117972 0.049868148 3.934768e-06 2.6789521e-06 1.6868531e-05 1.3157259e-09 0.015121517 0.00586151 0.046188414 0.0042686686 0.00040136144 1.9681983e-07 0.0005444574 3.9717767e-07 0.021733493 0.016996318 0.0006435826 0.0002369571 0.009084647 0.008743658 2.695853e-07 0.00046348132 0.009703365 3.51981e-05 4.971274e-05 0.0011991436 0.0031061547
0.0018271082 0.00028750725 0.00025140666 0.00037882215 0.0110801635 1.7189277e-05 7.891931e-07 0.03165193 0.012720418 0.001714926 1.6672166e-05 0.00050811097 0.97928977 0.011684485 0.71514326 7.258555e-07 0.0019060242 0.3076469 0.02725074 8.999243e-06 4.091741e-06 4.8295722e-20 2.0286356e-05 5.925933e-07 0.9307783 0.019661043 0.0062764967 1.5337411e-05 9.127328e-06 0.0019063841 0.0175285 0.00040775994 0.8186881 6.4842366e-06 0.026566526 0.60123926 0.0035907042 0.088343814 0.0009292387 8.278921e-05 1.023234e-06 0.004783692 4.3843884e-06 0.005519094 0.006907686 3.0746123e-05 0.0027688523 9.490973e-08 5.5446058e-06 0.0005336518 8.1693145e-07 4.0472598e-05 0.20075546 0.002310699 0.018892247 1.9799025e-05 0.0010882182 0.00030608458 2.0977325e-06 4.360968e-08 0.00041769308 1.0977524e-05 0.008788224 9.6495775e-08 0.000103321145 3.649114e-05 0.00070526014 0.046149228 0.017677622 2.786392e-06 7.6881544e-05 6.368114e-07 0.0067981444 0.00312347 9.684524e-05 7.054907e-05 0.00022356371 0.00013755534 0.0009063375 4.4764234e-05 5.0978007e-05 2.7635499e-05 1.8845343e-05 0.002162605 0.00061253563 0.000119154174 3.4651444e-07 0.00045569843 1.2466041e-05 2.5105934e-05 1.722735e-05 0.00042865405 0.00070038904 5.8102676e-05 5.321439e-05 0.00010773484 1.5655867e-05 6.773316e-05 0.00050326093 0.0006904429 2.0362957e-05
0.37913188 0.0046495404 0.121143274 0.018538078 0.018050753 0.3493482 0.5682962 4.8293783e-05 0.1099322 0.15195394 0.59240174 0.9688595 3.1902597e-05 0.01773516 0.00054477656 0.0045712437 0.11866045 0.00033665934 0.0014055393 0.037392855 0.030646082 2.0286356e-05 3.0122224e-19 2.7277079e-06 1.766745e-05 0.0003798459 0.0086160265 0.014273447 0.9753166 0.0036181037 3.2958887e-05 0.7693154 5.7762213e-06 5.6061026e-06 2.8132308e-05 4.763992e-07 0.000115405834 1.0793259e-06 0.004272244 0.33556515 0.00029763227 1.239309e-07 0.03040385 1.2586208e-06 2.6963545e-07 0.0658046 2.8261688e-06 2.7906538e-07 0.15581986 0.00029694955 7.5764538e-06 0.015746301 2.1063242e-06 2.663578e-06 1.8122341e-06 0.00049906666 1.138604e-07 4.9326998e-05 5.416408e-06 4.1140133e-06 5.4943584e-06 0.00020977065 1.3151978e-07 2.302205e-07 0.011692766 0.00013088723 4.6747985e-07 2.9425453e-06 1.6229586e-06 2.7383485e-05 0.0017892339 1.5155053e-05 2.6792702e-07 7.2533726e-07 0.0011887995 0.12621528 1.8505494e-07 0.00019458147 8.079276e-07 1.7305604e-10 0.00091136293 0.05489458 0.00077295705 0.08032508 0.015253334 4.63361e-08 3.718353e-06 1.6102518e-06 0.00076834677 0.0017460211 7.503537e-05 0.0034423994 0.008294933 0.002462152 1.230831e-07 0.0058144783 0.0121651655 1.3302683e-05 0.00021067684 0.017168628 0.000121597936
0.0007675521 0.06706309 4.357258e-05 1.7262462e-05 5.754917e-07 0.0001720462 0.010927369 0.00012926466 7.0834936e-08 8.994172e-08 0.008696096 1.359321e-05 1.2304678e-06 8.6745246e-08 2.1035924e-06 0.9953816 1.609858e-07 1.3951325e-06 6.228476e-08 0.07094916 0.035801847 5.925933e-07 2.7277079e-06 1.0402386e-18 2.452218e-07 8.9136826e-08 1.5504526e-08 0.06165291 4.796027e-06 1.8527311e-08 2.86653e-08 3.7914577e-07 2.0874288e-06 0.66192013 2.0969803e-06 2.9138379e-08 7.599222e-07 1.5451579e-06 9.785272e-07 8.072803e-06 0.08319487 6.8535826e-07 0.0041193077 2.9636348e-07 1.6252578e-07 0.00018646289 1.6307386e-07 0.9134783 6.517323e-08 1.897194e-06 0.06978691 1.0328103e-08 3.6462512e-07 5.7495026e-07 1.9099489e-06 4.1128848e-07 1.9874032e-07 3.5569485e-07 0.0038751415 0.0044280267 1.0472436e-06 0.002369483 1.0210299e-06 0.009238394 1.9510313e-07 6.95939e-08 8.0739073e-07 1.9095432e-07 8.079076e-07 0.00011905273 0.00027168638 0.0012046547 2.4683584e-07 2.3003054e-08 0.000305225 8.1505685e-05 3.5080905e-07 1.3922372e-07 5.401132e-07 2.7054935e-07 0.00013309695 4.353641e-07 0.00019610702 1.2207287e-05 6.2032865e-07 5.1097327e-08 0.00034592373 1.4122593e-06 8.9873174e-05 0.00012286527 0.00024380557 0.0001273621 0.00015610967 4.657968e-05 1.7571711e-08 4.4942948e-07 1.1887784e-05 3.263277e-05 4.2157517e-05 4.7865116e-05 5.0141316e-05
0.13216826 1.2558086e-05 5.4471395e-05 0.00026194763 0.027208695 1.36622075e-05 5.147479e-07 0.0064870394 0.020880947 0.0067872456 3.213259e-06 0.00069442776 0.5160957 0.14438146 0.9383207 2.7341628e-07 0.010477716 0.94556993 0.49604723 2.654334e-05 3.369783e-06 0.9307783 1.766745e-05 2.452218e-07 1.0192045e-18 0.6500643 0.08436704 1.11858725e-07 2.9161136e-05 0.029004967 0.75148225 0.00032489852 0.72336555 9.5241546e-07 0.66876775 0.23298074 0.11489414 0.60626405 0.04437104 7.192655e-06 2.849813e-06 0.19230796 3.7024068e-07 0.10368039 0.13168874 1.94252e-06 0.05211061 1.3443175e-05 0.00046920506 0.045679107 2.0473024e-06 0.004970644 0.26379582 0.044543434 0.09316903 0.0030887632 0.021017184 0.014035068 1.4418246e-06 1.6287413e-07 0.0075198743 1.00068135e-07 0.015154794 4.1748936e-07 0.0061009377 0.0023945812 0.0037885993 0.15135173 0.03546432 4.8393275e-07 2.9238829e-05 3.6225142e-08 0.007784584 0.0075159306 2.2076963e-05 9.9748715e-05 0.00096723955 0.0028412705 0.0014915046 9.137313e-05 4.3815347e-05 0.00017267854 5.2545515e-06 0.0057788193 0.00080820866 0.0004766165 2.2755517e-06 0.000507984 5.913211e-08 1.329522e-06 2.6241541e-06 0.015110749 0.00011384972 3.847378e-06 0.0005434611 0.00048211095 0.0001653907 0.0010418559 0.0035787746 0.00092041364 6.0322054e-07
0.29004797 2.0241272e-05 0.00080138544 0.0028335655 0.026293313 0.0001923824 1.0219915e-06 0.0008849776 0.00847932 0.0037626415 5.575115e-06 0.0012196838 0.010823611 0.12567265 0.20016378 5.7494145e-07 0.014411403 0.64491045 0.9787623 1.8708664e-06 4.1216256e-07 0.019661043 0.0003798459 8.9136826e-08 0.6500643 1.0056031e-17 0.242098 3.2775304e-07 0.00023938814 0.11674919 0.98942083 0.002095797 0.12445995 6.34388e-07 0.29517555 0.0042054476 0.27624694 0.037487566 0.13891089 1.3772381e-05 1.213034e-06 0.022742381 3.254792e-07 0.024032934 0.025880054 3.0581964e-06 0.020362504 7.3130054e-06 0.011008185 0.12215379 3.1925251e-06 0.04318716 0.008080618 0.019621156 0.015229178 0.014106356 0.003878175 0.011568286 5.4221476e-07 7.555222e-07 0.0030745259 2.2229413e-07 0.0009760359 6.7697323e-07 0.027852716 0.003508444 0.0037942505 0.012333051 0.0014425702 2.3570992e-07 2.1721087e-06 1.4269465e-07 8.630812e-05 3.0387137e-05 7.5071766e-06 0.00016909499 0.00022001562 0.002306869 8.0568125e-06 1.2148585e-06 1.2359867e-05 0.00041807105 2.5169536e-05 0.0072794366 0.0069161137 2.3250084e-05 5.778466e-07 8.6026754e-05 8.0647885e-07 2.4407682e-06 2.9117464e-06 0.018290022 0.00016255889 4.7769877e-06 5.9116046e-06 0.0012694412 6.798931e-05 0.00055495795 0.0026633572 0.00072249264 1.1483055e-06
0.40516546 5.5681947e-05 0.006733444 0.0090023605 0.08056668 0.0038763061 0.00036407748 0.00035977102 0.059521012 0.06463337 0.0004918085 0.010167115 0.0054854113 0.94496727 0.03689411 9.632518e-07 0.32679018 0.14805654 0.7369345 1.2212118e-05 4.7311873e-06 0.0062764967 0.0086160265 1.5504526e-08 0.08436704 0.242098 2.384194e-17 8.735502e-06 0.0028929168 0.98873234 0.23671095 0.025571188 0.04852847 1.93584e-06 0.12990797 0.0009118859 0.34523508 0.00674326 0.6158163 0.0005292022 2.6360096e-05 0.020553218 8.992569e-06 0.018555302 0.017294671 5.3775464e-05 0.014912302 7.52299e-07 0.03592866 0.2983293 2.8770553e-06 0.24048322 0.0017430979 0.013521175 0.010866715 0.043614797 0.005789551 0.026398867 4.1202026e-07 4.295539e-07 0.0040173996 4.6152513e-06 0.00063093327 3.1613837e-07 0.08926329 0.0060632704 0.0031420153 0.005121848 0.0007115261 1.3821888e-06 5.1709292e-05 3.1310404e-07 2.8902596e-05 8.330761e-06 0.0001162318 0.0018736378 0.00057628704 0.0038095023 3.530788e-06 1.205743e-07 0.00024698905 0.0050128624 5.6102184e-05 0.04642419 0.041535445 0.00010176237 3.0627714e-07 0.00012649865 3.2211503e-06 0.00011145554 1.8846365e-05 0.032523077 0.0010401205 0.00027218927 7.9504315e-07 0.012071807 0.0010032787 0.00084736134 0.0040186397 0.012425691 4.0234977e-06
0.823146 0.0017805009 0.0002844006 2.08479e-05 2.5905205e-05 0.00040914668 0.055639524 1.753521e-05 2.0296555e-05 1.8542876e-05 0.77941775 0.0010077623 4.2214724e-05 2.926561e-05 9.971315e-07 0.74148333 2.6008951e-05 2.8271154e-06 5.017685e-07 0.9468369 0.9472198 1.5337411e-05 0.014273447 0.06165291 1.11858725e-07 3.2775304e-07 8.735502e-06 4.3507773e-18 0.028119624 1.3172734e-06 1.3026775e-07 0.0005801822 6.6160785e-05 0.23660225 7.868953e-08 8.715257e-06 1.7256767e-05 2.4381764e-08 1.1254119e-05 0.30576587 0.5518501 6.4521544e-08 0.9232585 3.0507377e-07 2.456963e-07 0.5941568 1.828894e-07 0.0014640769 0.000732323 6.4449036e-06 0.009581121 1.7436723e-05 3.1986385e-08 2.4720075e-07 8.913653e-07 6.8875333e-06 4.5472483e-08 1.6552307e-06 0.0027524608 0.0013900071 1.6758389e-07 0.44078717 2.3655065e-08 9.8944445e-05 0.00036891917 7.0001374e-07 3.3112508e-07 1.6874668e-06 1.2169253e-05 0.0006738724 0.46457288 0.00084297376 1.1808041e-06 5.614803e-06 0.23364538 0.17753439 9.310144e-06 2.7898886e-06 8.156031e-06 1.0640658e-08 0.07226873 0.012822198 0.10839499 0.008575375 0.0012800322 4.649686e-07 0.00038401256 7.141505e-07 0.027572019 0.046245083 0.00043937477 6.7484994e-05 0.02556859 0.043667894 1.03767725e-05 0.0012959201 0.022223761 1.767478e-05 9.955765e-06 0.0026092054 0.0032969972
0.83267456 0.0008884616 0.033251256 0.0030276524 0.004064262 0.111332454 0.35631955 1.6113541e-05 0.047880255 0.05261906 0.55801576 0.66239285 1.5110415e-05 0.009716538 0.00016429684 0.002928809 0.065806575 0.00042247688 0.0011451625 0.033335924 0.025209675 9.127328e-06 0.9753166 4.796027e-06 2.9161136e-05 0.00023938814 0.0028929168 0.028119624 1.7772231e-19 0.0017816889 3.3981323e-05 0.9564435 1.999727e-05 2.7362028e-05 1.9053434e-05 5.1109564e-06 0.00013000272 2.670718e-06 0.0026475675 0.90295523 0.00034162425 4.1457673e-07 0.056285374 5.3999756e-06 9.656837e-07 0.12047359 2.183032e-06 1.507884e-06 0.2658457 0.00024995863 7.141519e-05 0.012450496 4.5085605e-07 4.5488237e-06 4.21012e-06 0.00024079195 1.8177757e-07 6.343124e-05 2.0509362e-05 2.2839296e-05 1.3347662e-06 0.0004215693 1.6275675e-07 7.925472e-07 0.011209047 7.580324e-05 3.918409e-07 1.5150263e-06 1.8387532e-06 8.5417065e-05 0.0038349163 0.00015053122 9.4751965e-07 5.459652e-07 0.0018856408 0.36695057 2.9970025e-07 5.6376743e-05 3.5068078e-06 1.5504488e-09 0.0025931606 0.25051278 0.0015718746 0.1907736 0.026248254 2.0549095e-08 2.5278796e-05 1.8796243e-06 0.0018682894 0.0037584906 0.00031511122 0.0018432004 0.02182948 0.0054730973 1.421352e-07 0.015605826 0.037436496 6.942454e-06 0.00013130167 0.03960568 0.00082856783
0.83592385 1.8854384e-05 0.0036697572 0.0009279112 0.0066860723 0.0008815379 6.549578e-05 2.4452496e-05 0.027247423 0.028863631 0.00017032682 0.005121882 0.0008720046 0.43544215 0.012168448 1.0862765e-06 0.25849888 0.029326033 0.42624307 4.48364e-05 8.231711e-06 0.0019063841 0.0036181037 1.8527311e-08 0.029004967 0.11674919 0.98873234 1.3172734e-06 0.0017816889 1.0334248e-16 0.100979105 0.043039035 0.010518881 2.8668253e-06 0.042503007 0.0002091915 0.17515616 0.0042545213 0.86217165 0.00054694765 3.0715014e-06 0.0067170025 1.789132e-06 0.0089464765 0.008443481 1.3420718e-05 0.007023231 3.3672305e-07 0.11301091 0.30182132 2.7602005e-06 0.57138103 0.0003860494 0.003046932 0.0031009368 0.064486444 0.0010565097 0.010619083 2.2638297e-07 4.1156318e-07 0.0010919368 3.1161935e-07 8.459786e-05 1.1924175e-07 0.19839083 0.00544194 0.0004807359 0.0002461045 5.763458e-05 5.322311e-07 1.6291035e-05 4.084881e-07 2.6026082e-06 1.0399294e-06 2.183131e-05 0.007973387 3.7485443e-05 0.0024618371 8.938451e-07 6.381717e-08 8.8379624e-05 0.013586367 7.149475e-06 0.18521902 0.15944313 3.1971396e-07 4.172195e-07 5.11005e-06 8.302877e-07 4.111662e-05 3.8355374e-06 0.04924941 0.0012676865 6.0753962e-05 2.2333107e-07 0.09289871 0.0013163725 0.0002687033 0.002688217 0.07299078 1.8602433e-06
