1.2718061e-27 0.7944609 0.9051443 0.76140076 0.23359546 0.7529669 0.92749786 0.5653122 0.6403981 0.8048173 0.42010614 0.1005894 0.38709536 0.64707017 0.44181034 0.44442317 0.4147613 0.9295845 0.06843485 0.13796656 0.5427626 0.009461874 0.0451709 0.31304058 0.76218414 0.010138581 0.49012426 0.8974508 0.9264912 0.50041735 0.4201921 0.00030237786 0.024769928 0.33181646 0.26866367 0.009856654 0.057232346 0.9670658 0.9465802 0.0015021212 0.46277368 0.7885919 0.71319103 0.67005455 0.03834357 0.98141533 0.83465445 0.99793255 0.09240943 0.17620064 0.3207792 0.69346374 0.09367475 0.9232255 0.00035195143 0.07959004 0.0015455065 1.3685489e-06 0.003427197 0.9554323 6.755277e-06 4.770209e-06 0.9362319 0.7164657 0.0024626944 0.087733656 7.067687e-07 2.8090966e-05 0.0009841322 2.2682836e-05 0.0027761739 2.5385298e-06 2.7631347e-06 0.021501873 0.005176673 0.0071074213 0.026759375 0.0006978977 0.00097131653 7.468206e-05 0.9694662 0.89465606 0.986109 0.9282396 0.00039329278 0.95019966 0.98298633 0.006435028 0.02845226 1.926102e-08 0.54295397 5.3912307e-05 3.148972e-05 0.9998809 0.026778728 0.17826271 0.6486175 0.9999944 2.5342567e-07 0.8771413 0.96446824
0.7944609 2.6114198e-19 0.97208774 0.9745873 0.69689775 0.4913973 0.36399975 0.22275063 0.38689816 0.45754167 0.7090314 0.4988509 0.5917418 0.098057546 0.07198542 0.14121905 0.07240687 0.11338721 0.17641683 0.08080958 0.0048306067 0.3481695 0.0036225542 0.0010977819 0.010776608 0.13204287 0.091873996 0.12073071 0.00475647 0.0008943712 0.00208449 0.0056963013 0.0066890195 0.00027859487 0.0009871118 0.009165447 0.000380418 0.06272918 0.2604961 0.029032482 0.0008899363 0.010768205 0.0021117087 0.0019433326 0.0019225714 0.042594865 0.035503425 0.08182134 2.7120033e-05 7.025968e-05 0.0002269949 0.0016772236 0.0010880994 0.0040180953 0.013393606 0.0003258701 0.0013346219 0.0043440564 0.0010252814 0.0010621975 0.006120568 0.00047335433 0.02310363 0.010447921 2.8458247e-05 7.400801e-05 0.001132418 0.0003857901 1.2713723e-06 1.2011854e-05 0.0005039703 9.719373e-06 2.7423837e-05 2.1858143e-05 4.3182263e-06 1.5020031e-05 1.01615005e-05 1.6085185e-05 6.8795015e-07 1.7234812e-05 0.03387294 0.006075046 0.012756341 0.0051913313 6.703317e-05 0.0018382161 0.0034696863 1.8994037e-05 2.3586665e-05 7.338111e-05 1.665023e-06 2.160637e-05 4.0501402e-07 0.016470773 5.4768954e-08 7.1918394e-06 0.0002054994 0.0029061136 4.5811303e-06 0.0012446477 0.0012335568
0.9051443 0.97208774 1.8199886e-17 0.4177391 0.22372662 0.095706895 0.044256486 0.5454064 0.9416342 0.24803954 0.5587078 0.060320657 0.94464755 0.015499037 0.019791363 0.421749 0.005165515 0.061817627 0.5322262 0.006025433 0.05443998 0.02717232 0.04230229 9.238023e-05 0.069981724 0.036058635 0.1063675 0.46706063 0.0009692747 0.005826293 0.0069149663 0.00048760814 0.00035518198 3.8028902e-05 0.0054687466 0.06335983 0.010938958 0.109041646 0.34729305 0.00087797595 0.00027260592 0.0025671471 0.00073294516 0.008342867 0.0038265246 0.00993869 0.22401963 0.02967338 5.111702e-06 4.583525e-06 5.3598337e-06 0.007970513 0.003173379 0.029436057 0.0072071645 0.001070898 9.565586e-06 0.0034140113 5.8060254e-05 0.00014035535 0.004063614 5.4539174e-05 0.1114122 0.07054581 2.8148286e-06 6.7553665e-06 0.00019348323 0.0043712184 6.2991234e-07 3.892789e-06 0.0075356145 5.3001236e-06 1.0409163e-05 8.024063e-06 2.9506298e-06 3.815938e-06 2.8354775e-06 0.0008647055 5.948899e-07 0.0001920365 0.19395441 0.034555472 0.004041374 0.028400807 0.0019614932 0.0016288774 0.029356945 4.485834e-05 0.00070470246 5.0256735e-05 7.862881e-07 3.333398e-05 4.8883425e-07 0.041979555 4.5946408e-08 2.8249688e-05 0.00011898611 0.0033989185 2.8417714e-06 0.011085671 0.0002620261
0.76140076 0.9745873 0.4177391 2.1364827e-19 0.08245664 0.18198982 0.55895364 0.40942517 0.14378902 0.9441719 0.054361515 0.06929866 0.1390286 0.23541161 0.039746277 0.3656698 0.08245844 0.7675736 0.021918567 0.047028426 0.0024772494 0.040938232 0.00022824612 0.0076739667 0.01743418 0.0068728593 0.18768217 0.12898907 0.14101276 0.0015236796 0.0007194254 0.0003121323 0.011272032 0.0032404137 5.0022867e-05 0.0002657253 1.0750212e-05 0.1781666 0.29891738 0.0026998688 0.016554408 0.10115204 0.022700284 0.0018585253 0.0005038922 0.25247574 0.027968023 0.2159216 0.0006013232 0.0006770343 0.0010092834 0.0013686777 0.0008051633 0.004637935 0.001252731 2.9543058e-05 0.000885414 0.00036060918 0.002242822 0.010651504 0.0001899408 0.00011248771 0.03940279 0.01271387 4.9450216e-05 0.00047985557 0.00010567181 3.563068e-06 9.764283e-06 1.0445589e-05 0.00020560388 4.0617347e-06 8.876832e-06 0.000120121695 9.2264145e-06 3.3488486e-05 6.769849e-05 1.3773564e-05 8.152679e-06 5.217042e-06 0.061081104 0.010747625 0.073734306 0.009840707 4.7638514e-05 0.020682417 0.0065806704 5.3016276e-05 3.6154008e-06 7.675624e-06 9.690146e-06 2.3889017e-05 3.3431732e-08 0.043916438 6.6371985e-07 7.732128e-06 0.0023077347 0.06001299 1.1157623e-06 0.00068435835 0.009184921
0.23359546 0.69689775 0.22372662 0.08245664 3.384884e-20 0.73124605 0.16053191 0.08185863 0.03707935 0.053791836 0.9659403 0.97574556 0.3183232 0.06801085 0.13225625 0.018814025 0.05220049 0.017897774 0.03599207 0.057726845 0.00040312507 0.50956154 4.5198223e-05 0.0025766783 0.0027286955 0.66379315 0.01063498 0.010645076 0.00026788146 5.5216024e-05 2.1720602e-05 0.01456758 0.0027494098 9.254177e-05 1.0299251e-05 0.015352287 4.427032e-05 0.010637906 0.025805105 0.029668491 0.0003834521 0.0011937136 0.00014584574 0.00016087324 2.2407117e-05 0.002153026 0.0016111905 0.004926791 1.6151189e-05 8.1574535e-06 0.00020189902 2.5746396e-05 7.1923055e-06 7.999671e-05 0.11815435 4.6243667e-06 0.00089823914 0.0036191873 0.0054374915 4.6704852e-05 0.017364804 0.04163935 0.0018699177 0.00095621165 6.0712722e-05 7.977673e-06 0.012027704 0.0018106564 5.2447635e-06 9.354178e-05 3.586344e-05 0.00018389882 0.0001034216 1.6564768e-06 1.757882e-06 2.7417127e-06 1.4298595e-06 3.3417086e-07 2.9958524e-06 2.3126245e-07 0.0068130433 0.0021987539 0.0020678127 0.00039000242 2.0994285e-05 0.0007006332 0.00026775606 1.6381191e-05 8.4127186e-07 0.001391135 8.085747e-08 6.698358e-07 1.2889129e-06 0.004323091 2.1274622e-07 1.9045783e-07 5.360874e-05 0.0022105712 4.753273e-05 0.00013038566 3.468629e-05
0.7529669 0.4913973 0.095706895 0.18198982 0.73124605 5.69488e-21 0.7438 0.01958865 0.00281219 0.11177216 0.47710443 0.9667822 0.084058404 0.36388063 0.78586596 0.00534628 0.29792896 0.05331571 0.013307691 0.6767902 2.2977041e-05 0.82151914 5.584422e-06 0.018649926 0.00019526666 0.29080632 0.017255362 0.0042876876 0.0138401715 2.7461642e-06 5.3875433e-06 0.04236087 0.09162356 0.0012181401 1.1988055e-06 0.003339528 2.0556092e-06 0.021813385 0.03153141 0.10715748 0.0033967714 0.034133077 0.004465517 2.422012e-06 1.3954846e-05 0.035229012 0.0006337698 0.030629396 0.00023964947 0.00014685118 0.015916508 6.050934e-06 1.9365455e-06 1.23126665e-05 0.007486957 3.5060286e-06 0.028616909 0.00028407827 0.037088957 0.0012318322 0.0014974913 0.009464514 0.0017623353 0.00031929213 0.0038227586 4.9043123e-05 0.0037496602 0.00017592017 0.0005634159 0.0021161863 5.947966e-06 0.0012364902 0.0005668298 4.4024062e-05 4.669692e-05 9.6092044e-05 1.7996332e-05 7.8091766e-08 0.00010307991 1.7898223e-07 0.0045585884 0.00082959415 0.004120775 0.00021879867 3.8453604e-06 0.0021263254 0.00018852217 6.70473e-05 5.2212255e-07 0.0004697121 2.5654066e-07 5.6697706e-07 6.8884992e-06 0.003730142 6.111223e-08 2.375942e-07 0.00058687426 0.0012270099 0.00015614094 4.064484e-05 0.0002197973
0.92749786 0.36399975 0.044256486 0.55895364 0.16053191 0.7438 2.3910684e-19 0.050049502 0.007341114 0.37789816 0.10917577 0.28129756 0.052460086 0.983269 0.72143066 0.040365625 0.7852699 0.26724973 0.0041136267 0.47484615 0.00012718975 0.31128666 7.9868565e-05 0.11264106 0.0005072615 0.024047114 0.08020843 0.024352344 0.31968912 1.9696781e-05 0.00022811946 0.0071624424 0.1134186 0.013049805 2.7869995e-05 0.00011098217 6.7647666e-06 0.11102968 0.07418373 0.03595329 0.030082805 0.30278188 0.03440459 2.2304437e-05 0.00031792207 0.34871024 0.0035693366 0.39008683 0.0044678473 0.0022390906 0.07193255 2.8675513e-05 5.3300326e-05 0.00010636095 0.00013410668 3.2709544e-05 0.041726194 2.2671935e-05 0.03224707 0.03121768 4.4232886e-05 0.00012174681 0.0061796983 0.0010642285 0.012654065 0.0034262463 3.227794e-05 2.3646382e-06 0.001151873 0.00029807966 6.241782e-05 3.0988624e-05 7.936054e-05 0.002205387 0.00041316575 0.0037941094 0.0015263855 1.2303351e-06 0.00010807803 3.78939e-07 0.009681435 0.0017389047 0.08215065 0.0011811602 9.713258e-06 0.014977622 0.0005744132 8.028507e-05 9.564094e-07 1.4055687e-05 7.1851346e-06 1.3678077e-06 3.0653357e-06 0.01768371 1.2385843e-06 1.0581359e-06 0.0023771015 0.028422523 5.1399475e-06 0.00010563021 0.00434023
0.5653122 0.22275063 0.5454064 0.40942517 0.08185863 0.01958865 0.050049502 3.8804058e-19 0.75645876 0.53102416 0.10826799 0.020214468 0.2809913 0.008539849 0.0025654007 0.9896729 0.0014584198 0.15452774 0.23142679 0.0001632884 0.31548804 0.002291979 0.12989387 6.6983994e-06 0.44160128 0.0002875097 0.16551302 0.7234446 7.68279e-05 0.16798024 0.07364558 2.59743e-05 4.2191277e-06 3.5065002e-06 0.02256821 0.015029676 0.020736443 0.08665065 0.39530516 0.00037774706 3.5959247e-06 0.00061364094 5.9699705e-06 0.06754361 0.051717617 0.0041963574 0.4721323 0.04213011 6.057219e-07 4.167288e-07 1.1467656e-06 0.0940297 0.058189675 0.120094866 0.0001838094 0.0031351417 2.7195515e-06 0.000830478 2.0057472e-05 1.2797861e-05 0.00021748096 3.386615e-05 0.21115158 0.13368255 4.1774365e-06 5.464796e-06 9.949032e-05 0.00015824371 3.0977296e-06 4.6326654e-06 0.008409701 6.8734653e-06 5.3819813e-06 1.2426929e-05 3.3479143e-06 2.6061105e-06 5.5580716e-07 0.0013547533 2.4982453e-05 0.00044950866 0.21705663 0.048436366 0.0039929273 0.04364511 0.00026125682 0.0018680018 0.046791386 4.8762417e-05 0.0005485654 9.720402e-06 9.5321e-08 7.358665e-05 1.035683e-07 0.06204564 4.6512493e-08 0.00010167719 6.190941e-05 0.015656464 7.652329e-06 0.0133283865 0.0002106682
0.6403981 0.38689816 0.9416342 0.14378902 0.03707935 0.00281219 0.007341114 0.75645876 8.2735344e-19 0.1876728 0.20368162 0.004900007 0.90018564 0.004553066 0.0036620342 0.38446087 0.00027218537 0.014627581 0.87764496 3.1310617e-05 0.7773085 0.0008824093 0.59127283 2.471338e-05 0.46654448 0.0020345578 0.087628566 0.5601778 0.00038000807 0.12714094 0.15316659 1.0342283e-05 3.4488924e-06 5.4779453e-06 0.27046397 0.26442996 0.35510424 0.028094534 0.20054114 5.9196693e-05 0.00014000724 0.0019410711 0.00023923432 0.106700316 0.03559058 0.0019203522 0.4293097 0.0033549014 1.5292783e-06 2.9323382e-07 2.4311435e-06 0.10375031 0.014953251 0.20287512 0.00028836232 0.016697044 8.875914e-07 0.0034648671 5.2468073e-05 0.0002020641 0.001604662 2.7727936e-06 0.11697957 0.1741878 3.2402868e-06 1.8659433e-06 3.7388156e-05 0.010292378 1.1379294e-06 2.0970042e-06 0.07083714 3.986839e-05 1.4839325e-05 3.6880308e-06 8.0033635e-07 1.0807854e-06 7.839273e-07 0.009775162 3.168362e-05 0.00054706394 0.16437696 0.059393045 0.0020435825 0.08670324 0.017880024 0.0030357796 0.0800189 0.0006022423 0.0005609063 0.00030927587 5.4252687e-06 0.002485635 1.2452085e-06 0.022740752 8.804607e-07 0.0014291983 0.00036901716 0.004180486 9.395747e-06 0.0149333 0.0002955976
0.8048173 0.45754167 0.24803954 0.9441719 0.053791836 0.11177216 0.37789816 0.53102416 0.1876728 1.8864323e-19 0.035282623 0.034147013 0.04640668 0.08675809 0.018109828 0.50392973 0.02904214 0.96753436 0.008745026 0.0068119126 0.0020971796 0.0048500453 0.0005453801 0.0005536744 0.015443037 0.00084899773 0.4604128 0.23050278 0.016641801 0.0020476384 0.0007979175 3.7301143e-05 0.00043573687 0.0005039941 0.000109344 0.00020021685 2.659518e-05 0.38716823 0.6079706 0.00039122932 0.0012086991 0.047295388 0.0038562182 0.0018481679 0.00078593433 0.14622603 0.033408646 0.3080589 3.6244477e-05 0.00018487211 0.00013251774 0.0023306662 0.0009230103 0.0048886063 0.0001271262 7.959916e-05 4.2109736e-05 0.0003295378 0.0001435282 0.0019591993 0.00014543864 1.6993894e-05 0.055725224 0.011662253 1.4044674e-05 2.629291e-05 4.863196e-05 3.208395e-05 2.4582907e-06 5.2456294e-06 0.0002948121 1.1010436e-05 2.6220694e-05 4.683478e-05 9.176764e-06 3.639095e-05 1.9990386e-05 1.7463633e-05 6.8725867e-06 1.0855221e-05 0.06679362 0.010603266 0.045973353 0.009735279 2.901118e-05 0.013892709 0.0058249324 2.869461e-05 8.006017e-06 4.9272953e-06 8.653927e-06 1.645825e-05 3.4485353e-07 0.05140866 3.5590656e-07 4.1507783e-06 0.0008738623 0.064687096 1.3541066e-05 0.0017952949 0.003001133
0.42010614 0.7090314 0.5587078 0.054361515 0.9659403 0.47710443 0.10917577 0.10826799 0.20368162 0.035282623 7.901836e-18 0.6017312 0.87575155 0.06279736 0.10044653 0.023615284 0.058410324 0.0048115375 0.28138345 0.030548591 0.0025863664 0.50192565 0.00056919915 0.0009250406 0.004464457 0.9340798 0.0048682685 0.010839446 0.000109569475 0.00039231655 0.00010302624 0.013761386 0.0019056433 7.090425e-05 5.8152902e-05 0.12888403 0.00030983385 0.005494094 0.019709183 0.027528292 5.8587208e-05 0.00016131862 6.74859e-05 0.0006413242 8.933073e-05 0.0004070233 0.0015759267 0.0007247029 2.2252227e-06 6.481198e-07 2.1554837e-05 5.610363e-05 1.2319878e-05 0.000118888114 0.46267045 2.1144606e-05 0.00031663853 0.15319058 0.0014606887 1.3612603e-05 0.32683662 0.13886145 0.0013337338 0.00085280277 1.3387521e-05 2.7903757e-06 0.06726675 0.06012008 1.7608517e-06 3.9023587e-05 0.00010674445 8.268656e-05 7.620647e-05 8.8664046e-07 3.5169407e-07 1.0402896e-06 3.1248356e-07 4.715509e-07 3.605385e-06 7.1424245e-07 0.0074295825 0.0016146208 0.0003787759 0.0004354031 0.0003120201 0.00030141734 0.00017788222 1.560998e-05 3.334347e-06 0.0037024922 1.768621e-07 1.8788731e-06 6.0827383e-06 0.006322967 5.972092e-07 1.4645111e-07 0.00010746312 0.0012368835 0.000118307435 0.0001517567 3.0069428e-05
0.1005894 0.4988509 0.060320657 0.06929866 0.97574556 0.9667822 0.28129756 0.020214468 0.004900007 0.034147013 0.6017312 8.570868e-22 0.118671596 0.10043321 0.3576765 0.00523887 0.09756568 0.011115439 0.008342796 0.27894622 4.875572e-05 0.8147579 8.896435e-06 0.0042918115 0.0012390447 0.51200247 0.0054114703 0.004165343 0.0024334183 3.6729536e-05 1.1221678e-05 0.04875902 0.021801021 0.0007590893 3.8582943e-06 0.0024509276 5.9405174e-06 0.005977839 0.009786095 0.12479813 0.0010679669 0.003202013 0.0008138739 5.6295557e-05 1.0523108e-05 0.004642148 0.00054958573 0.005464802 0.00016285265 8.561613e-05 0.0024308923 2.8202285e-05 5.987161e-06 4.3317566e-05 0.038644686 2.0569194e-06 0.006161068 0.0011294698 0.008868431 0.00049664953 0.005485401 0.022057215 0.0006289973 0.00042805658 0.00030590015 8.323753e-05 0.010581775 0.00019519591 2.5562069e-05 0.00034129564 4.6674013e-06 0.0010869015 0.00031075088 7.2576254e-06 1.7929471e-05 1.1880497e-05 8.756547e-06 3.8689188e-07 2.0966294e-05 3.9780846e-07 0.0030708984 0.0010792487 0.0009815979 0.00022188867 2.8472184e-06 0.0007807509 0.00012305184 7.0733076e-06 7.7529286e-08 0.0014254509 1.1145149e-06 6.0664627e-07 4.009937e-06 0.0022661022 9.0474714e-07 2.7488865e-08 0.0001726507 0.0007960451 0.00014253898 6.286359e-05 0.00018268015
0.38709536 0.5917418 0.94464755 0.1390286 0.3183232 0.084058404 0.052460086 0.2809913 0.90018564 0.04640668 0.87575155 0.118671596 3.2824964e-19 0.03249677 0.06086643 0.08411824 0.015772093 0.0047103097 0.9550373 0.0047427183 0.03419893 0.102512285 0.06072724 0.00024359756 0.021105135 0.40813687 0.0072507835 0.029771045 0.00029087465 0.002343428 0.0027443408 0.003174234 5.3266634e-05 2.2152424e-05 0.0046348334 0.6959734 0.055792022 0.003126465 0.016093701 0.0038357466 0.00023417904 0.00028978646 0.00014781789 0.00326841 0.0008276793 0.00026107125 0.011081639 0.000351676 3.21758e-06 6.110265e-07 6.282289e-07 0.0015599055 0.00039257144 0.0023436304 0.42736858 0.00026125208 8.316596e-07 0.51869977 4.1130854e-05 4.5800272e-05 0.5326592 0.007120774 0.0024453115 0.0032886078 6.244813e-07 9.0866854e-07 0.020379348 0.41643807 3.3131363e-07 1.6121066e-06 0.00626531 1.0329912e-05 1.0546246e-05 4.7562884e-07 1.0549926e-07 4.3448802e-07 5.636367e-07 1.1741324e-05 1.680404e-06 1.1383797e-06 0.0062930747 0.001102855 0.00022517686 0.00052092696 0.024826316 0.00027027488 0.00081382965 7.229247e-06 7.050692e-06 0.0034006285 3.8089698e-07 0.00034558278 2.010883e-06 0.0035713676 3.3921026e-07 1.276044e-06 6.0326776e-05 0.00029091595 5.8739104e-05 0.0003834949 2.6914222e-05
0.64707017 0.098057546 0.015499037 0.23541161 0.06801085 0.36388063 0.983269 0.008539849 0.004553066 0.08675809 0.06279736 0.10043321 0.03249677 7.814545e-18 0.8496441 0.008686423 0.96986514 0.11523435 0.003967159 0.45090413 0.00024202849 0.3443339 0.00017257073 0.33341667 0.00036666295 0.02591695 0.016116448 0.006499052 0.265249 3.1229083e-05 0.00014411924 0.010252884 0.1984296 0.02870547 5.9006918e-05 0.00038345522 1.2066782e-05 0.025710298 0.014984286 0.106563635 0.062200047 0.23612067 0.068718195 5.606774e-05 0.0002636647 0.116318636 0.0014958614 0.14031032 0.017878924 0.007010705 0.25883657 1.9743686e-05 2.566574e-05 0.00010162891 8.803323e-05 9.310828e-06 0.056461785 0.00014918609 0.066027194 0.07221307 7.150727e-05 0.00023060736 0.0032378188 0.0013352776 0.025604201 0.007736016 0.0001874721 3.0787887e-06 0.006850898 0.003955557 0.0003932716 0.0006341597 0.0010767716 0.005169852 0.0042207884 0.007340431 0.004033241 6.5024237e-06 0.0025579887 7.146989e-07 0.0027540443 0.0013906142 0.048263676 0.000832259 1.7457322e-05 0.016556358 0.0003414604 0.0008762247 8.5049317e-07 5.580214e-05 0.0003205424 5.4307507e-06 4.2130385e-05 0.006059215 7.4128155e-05 5.912024e-07 0.008829071 0.009815148 3.254966e-05 0.00017334778 0.010951427
0.44181034 0.07198542 0.019791363 0.039746277 0.13225625 0.78586596 0.72143066 0.0025654007 0.0036620342 0.018109828 0.10044653 0.3576765 0.06086643 0.8496441 2.7543189e-19 0.0055170734 0.97215277 0.026947027 0.0055618132 0.89554274 0.0002587818 0.6943639 0.00017349416 0.21035503 0.00020664396 0.082906075 0.004818283 0.0024021475 0.057245627 9.056717e-05 0.00014881835 0.04744467 0.66430885 0.017817792 9.941794e-05 0.0012849311 6.019144e-05 0.0072471434 0.008929527 0.37898692 0.027610382 0.061464373 0.024712456 4.6931174e-05 0.00020335236 0.034316886 0.0004131289 0.03675085 0.01749715 0.0063653523 0.44954556 2.6957043e-05 6.187724e-05 5.454771e-05 0.0015817039 5.4472694e-05 0.21264678 0.0015080128 0.25716507 0.020143831 0.0010901658 0.0023455748 0.0018302901 0.0008999608 0.065397575 0.009482869 0.0040771603 1.9698076e-05 0.020940354 0.032254033 0.00059616985 0.010004482 0.013783786 0.0077406997 0.005185102 0.007550645 0.0054026213 1.7992901e-05 0.01854124 7.004495e-06 0.0037468646 0.0009845503 0.014013454 0.00033217564 8.592368e-05 0.0016651072 0.00022197796 0.0018204744 2.7376657e-06 0.00027906368 7.99357e-05 4.12992e-05 0.0003523212 0.0023886196 3.429569e-05 1.5071147e-06 0.0051618977 0.0054639843 0.00053395843 0.00015982513 0.0066418443
0.44442317 0.14121905 0.421749 0.3656698 0.018814025 0.00534628 0.040365625 0.9896729 0.38446087 0.50392973 0.023615284 0.00523887 0.08411824 0.008686423 0.0055170734 2.9077311e-19 0.0012910857 0.27114984 0.045412965 1.1131419e-05 0.0732759 0.00031224423 0.021179056 1.7551205e-05 0.4645503 6.354564e-06 0.36593655 0.77320075 0.0014592935 0.06681735 0.022460347 3.74353e-06 5.8208275e-07 1.4686428e-05 0.0023351058 0.0011719689 0.00046972441 0.10238469 0.46078107 6.478377e-06 2.9812898e-05 0.00136325 5.135927e-05 0.049255084 0.018083673 0.0076951534 0.48510882 0.03928678 7.5416233e-07 5.0153983e-07 5.90807e-08 0.11428467 0.025713203 0.1460442 4.99354e-05 0.00154221 1.4234499e-06 6.212463e-05 1.5936229e-06 0.00012871664 1.6982262e-05 2.7537747e-06 0.25549915 0.20684625 7.441924e-08 2.7763417e-06 2.595633e-06 8.222053e-06 5.4943893e-08 3.0459454e-08 0.0016084955 3.1485152e-07 9.915352e-08 3.1096815e-06 4.8371056e-08 1.4696361e-07 3.1997752e-07 0.00015428713 3.622951e-07 5.5161967e-05 0.15362126 0.074185535 0.006416405 0.090312205 7.781481e-05 0.004227965 0.17407426 1.4067615e-06 0.00012385465 4.2725555e-06 8.151356e-08 7.6419485e-05 6.4575056e-09 0.05644807 5.145783e-08 0.00010926383 0.0004214465 0.0102653075 2.2034158e-07 0.009049975 0.000929007
0.4147613 0.07240687 0.005165515 0.08245844 0.05220049 0.29792896 0.7852699 0.0014584198 0.00027218537 0.02904214 0.058410324 0.09756568 0.015772093 0.96986514 0.97215277 0.0012910857 2.9751536e-19 0.07261683 0.0015940377 0.44976696 5.186744e-05 0.38229832 1.6165273e-05 0.77506965 0.0001285698 0.02530588 0.0054514427 0.0019252491 0.26424193 2.1524496e-05 4.830986e-05 0.017898243 0.48249465 0.09927129 1.7609416e-05 0.0025362517 2.2515032e-05 0.015745003 0.008796077 0.20447409 0.12528455 0.25318813 0.09141173 9.451349e-06 1.494858e-05 0.11092543 0.00033019626 0.09225184 0.09261036 0.03682467 0.58776104 5.9188983e-06 9.462839e-06 1.4745034e-05 0.00019006421 9.313848e-06 0.16039532 0.000176404 0.18049954 0.102751255 3.0632185e-05 0.0005687697 0.0014642416 0.00048786605 0.05861566 0.03457681 0.0003493331 6.7547735e-06 0.024141572 0.017110553 0.00041839396 0.002749047 0.005505111 0.020929907 0.016789328 0.022471769 0.018472083 2.210706e-06 0.022191156 1.115807e-06 0.0021134333 0.001114338 0.04746412 0.00017322929 0.0002765679 0.012639959 0.00019899227 0.0045745033 5.9861645e-07 2.161276e-05 0.0009564305 1.0184592e-05 0.00033301653 0.0056165867 0.00038548763 5.5451954e-07 0.016930137 0.012685336 4.6860965e-05 5.2150903e-05 0.017395707
0.9295845 0.11338721 0.061817627 0.7675736 0.017897774 0.05331571 0.26724973 0.15452774 0.014627581 0.96753436 0.0048115375 0.011115439 0.0047103097 0.11523435 0.026947027 0.27114984 0.07261683 1.6601909e-20 0.0002722736 0.007178512 0.00018449292 0.0023772703 3.4273407e-06 0.0071681957 0.0051351856 1.659996e-05 0.55819786 0.12064467 0.24119976 0.0009027877 9.19535e-05 2.6001015e-05 0.0014014383 0.009466595 1.842211e-06 2.1225458e-05 1.7108167e-06 0.7668038 0.39444584 8.424956e-05 0.02112079 0.3200671 0.028971825 0.00035046932 0.00013579094 0.6134747 0.015913155 0.9092084 0.0005910751 0.001199533 0.0005458759 0.0011769918 3.0980915e-05 0.001217449 0.0001451089 2.181251e-06 0.00012954813 9.276706e-06 4.5001107e-05 0.010445804 3.3230774e-06 1.8922565e-05 0.041259926 0.005290148 7.659405e-06 0.00042188907 1.0565121e-05 3.1107436e-06 2.506628e-06 1.7686472e-06 0.00015719158 6.4487767e-06 4.6001173e-06 4.215136e-05 2.4934897e-07 4.4268654e-06 4.3736196e-05 2.8270088e-07 4.936877e-06 1.3573039e-07 0.040933117 0.005993917 0.16678846 0.004159161 1.3712788e-05 0.1193046 0.0022210313 8.916348e-07 1.261894e-07 1.0858384e-06 0.00013774213 2.8867089e-05 2.5063855e-07 0.06250326 3.7056742e-07 2.9346577e-07 0.0078891525 0.45251217 7.0291236e-07 0.0001319991 0.01531559
0.06843485 0.17641683 0.5322262 0.021918567 0.03599207 0.013307691 0.0041136267 0.23142679 0.87764496 0.008745026 0.28138345 0.008342796 0.9550373 0.003967159 0.0055618132 0.045412965 0.0015940377 0.0002722736 2.240766e-19 7.9485595e-05 0.1975165 0.00061611994 0.3822717 3.5264053e-05 0.05464967 0.025579961 0.0041180626 0.020658288 9.235064e-05 0.018466223 0.023842275 0.00011261661 9.39813e-06 4.6003984e-06 0.08167134 0.9761558 0.6112032 0.001011325 0.007139194 7.581401e-05 6.222205e-05 2.7607522e-05 5.5536053e-05 0.020922164 0.005262932 0.00010081573 0.019721553 7.786254e-05 7.974727e-06 1.6482335e-06 2.0089872e-06 0.0032257806 0.002060527 0.0050331564 0.06824532 0.0040841103 1.659188e-06 0.21104111 7.100766e-05 2.329938e-05 0.12767631 7.909956e-05 0.0014304126 0.003975986 1.080501e-06 7.953173e-06 0.0015335254 0.21342847 8.3043193e-07 1.4400753e-06 0.12179658 1.9092651e-05 6.4668466e-06 2.418612e-06 1.7865814e-06 2.4587364e-06 7.6940705e-06 0.011765042 2.4169542e-06 0.0005923657 0.010257543 0.0017707421 0.00024679195 0.0021156345 0.24186319 7.452596e-05 0.0014248387 2.4448416e-05 0.00011580405 0.0010015666 1.2766952e-06 0.011330441 3.093326e-07 0.0023451329 4.7371762e-07 0.00026600194 6.657015e-05 0.00015319219 1.1689727e-05 0.0021961627 7.1819973e-06
0.13796656 0.08080958 0.006025433 0.047028426 0.057726845 0.6767902 0.47484615 0.0001632884 3.1310617e-05 0.0068119126 0.030548591 0.27894622 0.0047427183 0.45090413 0.89554274 1.1131419e-05 0.44976696 0.007178512 7.9485595e-05 3.1903053e-18 6.249636e-06 0.8508064 3.6690901e-06 0.08095829 0.00010734501 0.09959244 0.0008605979 0.00029995549 0.03786227 4.289572e-06 1.433093e-05 0.15697801 0.97588694 0.012539993 9.531538e-06 0.00020402913 2.6984292e-06 0.001550591 0.0007598726 0.6600427 0.014262253 0.019713229 0.013001371 1.1578715e-06 3.14591e-05 0.009719708 5.004519e-05 0.003414477 0.0047098245 0.0015230635 0.28239435 1.5414696e-06 4.3525592e-06 4.606749e-07 0.0011250369 4.6129016e-06 0.16991377 0.00018514137 0.123318695 0.002783065 0.0005446093 0.0029586083 0.0001016485 2.9436469e-05 0.03823982 0.0019638066 0.0014878698 1.7872026e-05 0.007680827 0.008483936 2.8780667e-05 0.008260293 0.0040814434 0.000532833 0.0017647528 0.0010210729 0.00033513774 8.4098394e-07 0.0005633042 8.343272e-07 0.0006661213 2.0870539e-05 0.0007617602 1.8495157e-05 3.8317812e-05 0.0010427062 7.910672e-05 0.00017235117 9.586416e-08 0.0003795966 3.3583199e-06 2.272273e-06 0.0006587624 0.0004038978 1.5591455e-07 4.850232e-07 0.0016429193 0.00067818613 0.0005527793 1.3108627e-05 0.0004747685
0.5427626 0.0048306067 0.05443998 0.0024772494 0.00040312507 2.2977041e-05 0.00012718975 0.31548804 0.7773085 0.0020971796 0.0025863664 4.875572e-05 0.03419893 0.00024202849 0.0002587818 0.0732759 5.186744e-05 0.00018449292 0.1975165 6.249636e-06 3.3494235e-18 0.00015473583 0.91181463 1.5338741e-05 0.65530485 8.423747e-06 0.0043705287 0.047610126 1.002898e-05 0.6106009 0.79944414 1.567173e-05 3.7091095e-06 1.3618309e-06 0.95496064 0.059085235 0.5867103 0.0013117157 0.009194762 9.0387184e-05 6.583441e-06 5.4565713e-05 2.9150385e-06 0.28823835 0.29576766 2.9777892e-05 0.09436028 0.00021651888 5.787356e-07 4.9675652e-08 1.4588358e-06 0.17533445 0.10776637 0.13810445 9.030059e-07 0.16702026 7.68906e-06 5.1091756e-05 3.0186107e-05 1.6702743e-06 8.86695e-06 1.4260233e-06 0.007844125 0.058792263 5.2399587e-06 1.5756154e-06 1.6274325e-05 0.00071032165 1.6550603e-06 3.2457115e-06 0.20855613 2.4425273e-05 3.0119021e-05 1.5012018e-06 2.0267481e-07 6.5278823e-07 2.586689e-07 0.028637512 2.0662237e-05 0.012207352 0.04071765 0.022436433 0.00046015525 0.047821626 0.014508261 0.00016360855 0.043708246 3.3103068e-05 0.002949658 1.02727745e-05 3.759743e-07 0.0051044347 1.0077333e-06 0.004672602 1.0123009e-06 0.042124413 7.31566e-05 0.00048333965 2.7243268e-05 0.021707613 3.0391077e-05
0.009461874 0.3481695 0.02717232 0.040938232 0.50956154 0.82151914 0.31128666 0.002291979 0.0008824093 0.0048500453 0.50192565 0.8147579 0.102512285 0.3443339 0.6943639 0.00031224423 0.38229832 0.0023772703 0.00061611994 0.8508064 0.00015473583 1.5869458e-22 5.700586e-06 0.015854416 0.00016687175 0.86706954 0.0018084956 0.0036297871 0.00027009088 8.889044e-05 8.9748464e-05 0.9332065 0.29964522 0.0029747805 1.4287587e-05 0.0016806597 1.084477e-05 0.0011427412 0.0012454824 0.90199155 0.0015119722 0.00074597885 0.0012566143 2.183385e-05 9.056597e-05 0.0002498497 0.00094995456 0.00075273716 0.0028680987 0.00135506 0.027239589 2.1879332e-05 6.991411e-05 6.4662418e-06 0.09097524 1.1696373e-05 0.0345177 0.00023017781 0.043332063 0.00064478215 0.001814581 0.19274008 0.0011086364 0.00055511086 0.007220325 0.0018768845 0.02729723 0.00017414644 0.00034820705 0.0011205199 4.8086313e-06 0.01793853 0.0015833626 0.00055008836 0.00030061987 0.0006128295 0.0003177605 9.916918e-07 0.0001426305 4.716593e-07 0.004541151 0.0006846597 0.00067283405 0.00014729834 3.2524104e-06 0.0022634089 0.00021485462 9.915613e-05 1.628065e-08 0.0021906288 3.53245e-07 4.6419945e-07 0.00012240704 0.0027767841 1.4782196e-06 1.9635131e-09 0.00041167566 0.01259748 0.0016175553 1.15434605e-05 3.1476327e-05
0.0451709 0.0036225542 0.04230229 0.00022824612 4.5198223e-05 5.584422e-06 7.9868565e-05 0.12989387 0.59127283 0.0005453801 0.00056919915 8.896435e-06 0.06072724 0.00017257073 0.00017349416 0.021179056 1.6165273e-05 3.4273407e-06 0.3822717 3.6690901e-06 0.91181463 5.700586e-06 8.748795e-20 1.8742945e-05 0.22274473 3.028104e-06 0.0010304527 0.010685899 1.7309909e-05 0.25593036 0.45794573 6.927024e-06 9.948889e-07 6.3226076e-07 0.8575904 0.16797197 0.97970873 0.00055866945 0.0039003626 1.5789765e-05 6.1029186e-06 2.0206882e-05 1.6659028e-06 0.119307086 0.18138255 3.2615004e-05 0.025013484 7.5696254e-05 9.68583e-08 9.851104e-09 1.4964897e-07 0.021613445 0.055466734 0.021629207 1.1303226e-06 0.12570749 6.1523065e-07 9.462907e-05 1.0860357e-05 2.0492344e-06 5.2181367e-06 3.97884e-07 0.0014132862 0.01049147 9.211868e-07 1.2641013e-06 1.6510481e-06 0.0005348131 8.808639e-07 2.0450075e-06 0.28028607 1.5580528e-05 7.849564e-06 5.5228764e-07 2.5404879e-07 1.8880239e-07 2.1284302e-07 0.045526505 4.045857e-06 0.0044534174 0.009236125 0.004016295 0.0005367753 0.008272674 0.02909416 9.9378514e-05 0.008607912 1.5884465e-05 0.0010870929 7.022644e-07 5.229498e-07 0.011534246 1.10546466e-07 0.0029605844 1.2309378e-07 0.009341166 8.960855e-05 0.0005080281 3.547783e-06 0.00856274 3.0186799e-05
0.31304058 0.0010977819 9.238023e-05 0.0076739667 0.0025766783 0.018649926 0.11264106 6.6983994e-06 2.471338e-05 0.0005536744 0.0009250406 0.0042918115 0.00024359756 0.33341667 0.21035503 1.7551205e-05 0.77506965 0.0071681957 3.5264053e-05 0.08095829 1.5338741e-05 0.015854416 1.8742945e-05 1.3818937e-17 6.305868e-05 6.9985894e-05 0.00023767703 0.00012701484 0.3873671 1.4253279e-05 1.767709e-05 0.0021329361 0.39466646 0.9848605 6.0492207e-06 0.00038676432 6.1910023e-06 0.0017298069 0.00051959156 0.03642263 0.34458566 0.13604394 0.27064738 6.9598677e-06 1.4576945e-05 0.04493789 2.4296405e-05 0.014496762 0.54191893 0.5261148 0.89796233 3.5459866e-06 4.726317e-06 5.2891814e-06 9.272079e-06 5.2722553e-06 0.116298474 3.940275e-05 0.11595413 0.30024758 6.585105e-06 3.3360662e-05 0.00034465172 3.6458547e-05 0.06354724 0.33412367 3.6132864e-05 2.345928e-06 0.026869562 0.0040027797 0.00017334482 0.00036779486 0.0016698557 0.13009216 0.026349466 0.0451442 0.06633723 6.0452244e-06 0.006974886 3.7679217e-06 0.00031456177 5.8461017e-05 0.03274847 3.1960608e-05 5.211202e-05 0.013157832 2.173388e-05 0.010160348 2.2047381e-07 2.0387599e-05 0.0004910397 1.249364e-05 0.000828699 0.00085817516 0.00044105362 4.3545788e-07 0.006641039 0.0045524817 8.9735026e-05 2.2832153e-05 0.008701616
0.76218414 0.010776608 0.069981724 0.01743418 0.0027286955 0.00019526666 0.0005072615 0.44160128 0.46654448 0.015443037 0.004464457 0.0012390447 0.021105135 0.00036666295 0.00020664396 0.4645503 0.0001285698 0.0051351856 0.05464967 0.00010734501 0.65530485 0.00016687175 0.22274473 6.305868e-05 2.6523429e-14 6.5941417e-06 0.010614436 0.08551206 2.487495e-05 0.9112305 0.4996938 0.00020627142 3.7198126e-05 1.4438059e-06 0.29383406 0.007407035 0.085207075 0.0025344724 0.023561 7.0604394e-05 4.524465e-06 3.746607e-05 1.8722839e-06 0.916331 0.34590966 0.00025015726 0.18730886 0.0014096731 1.998826e-06 1.2407975e-06 1.5081204e-05 0.8484366 0.57728946 0.84185815 2.0327878e-05 0.0987605 9.240226e-07 0.00014223387 1.04006385e-05 2.2669722e-06 1.21189205e-05 2.0467745e-05 0.031215806 0.14474905 1.0816516e-06 2.8778375e-06 1.5789376e-05 0.00017055502 4.662763e-07 6.264945e-07 0.037710387 4.994552e-06 3.1019422e-06 1.5747315e-05 8.188331e-07 3.949584e-06 6.533654e-06 0.017015846 7.5896874e-06 0.017705452 0.15706737 0.09689153 0.00082135067 0.15952706 0.0058864183 0.0004182286 0.1813877 7.724077e-05 0.013296755 1.954076e-05 0.000105552455 0.0015745843 4.140925e-06 0.04045033 4.929385e-05 0.08425546 0.0002432259 0.003956974 0.00010564391 0.017801791 0.00015417518
0.010138581 0.13204287 0.036058635 0.0068728593 0.66379315 0.29080632 0.024047114 0.0002875097 0.0020345578 0.00084899773 0.9340798 0.51200247 0.40813687 0.02591695 0.082906075 6.354564e-06 0.02530588 1.659996e-05 0.025579961 0.09959244 8.423747e-06 0.86706954 3.028104e-06 6.9985894e-05 6.5941417e-06 6.4689466e-20 3.3193955e-05 0.00039805213 7.704247e-06 9.0083233e-07 3.1315706e-06 0.32873857 0.0135282315 9.727064e-07 1.0312986e-06 0.044152666 9.67151e-07 2.1297177e-05 9.499844e-05 0.31023747 2.3801476e-06 5.9868075e-06 2.6362973e-06 1.2263365e-07 5.737775e-07 2.546743e-06 0.00010645553 2.3712957e-06 2.7776383e-07 1.463452e-08 2.194836e-05 4.972037e-07 6.6389866e-08 2.9160523e-07 0.6319648 8.199149e-08 0.009080394 0.09604899 0.004055322 2.1352675e-07 0.37077707 0.6718673 9.87187e-05 3.5593956e-05 1.6434957e-05 5.351771e-07 0.5221931 0.09144203 1.013207e-06 6.8020316e-05 5.800596e-07 0.010568165 0.0007673388 1.9556212e-07 7.773989e-07 3.3827183e-07 1.8183627e-08 1.3713493e-09 2.4406447e-06 9.436348e-09 0.047335353 6.2952626e-05 5.889105e-05 2.3762352e-06 7.224667e-05 1.113228e-05 1.5292112e-06 5.9774734e-06 5.862034e-09 0.13806555 1.7663675e-07 2.9287443e-07 7.011192e-06 0.0030998148 3.8473082e-08 1.1193337e-08 1.2358157e-05 0.0003441554 0.08909439 3.508492e-07 3.05653e-07
0.49012426 0.091873996 0.1063675 0.18768217 0.01063498 0.017255362 0.08020843 0.16551302 0.087628566 0.4604128 0.0048682685 0.0054114703 0.0072507835 0.016116448 0.004818283 0.36593655 0.0054514427 0.55819786 0.0041180626 0.0008605979 0.0043705287 0.0018084956 0.0010304527 0.00023767703 0.010614436 3.3193955e-05 2.0075593e-20 0.5984605 0.0030833273 0.00123993 0.0005419576 0.000118094045 8.2232495e-05 0.00011081496 4.7124344e-05 0.0006913268 4.7525657e-05 0.9597913 0.97116977 0.00036439256 0.00016805739 0.011661731 0.0006277035 0.0007234703 0.00086571136 0.04218504 0.10748662 0.5661877 4.1950507e-06 1.2317529e-05 1.0963254e-05 0.0023574233 0.0006625016 0.005107804 0.00036514795 1.9383866e-05 1.37042125e-05 0.00018151748 3.4787765e-05 0.00013956503 2.8198034e-05 7.190615e-05 0.28745452 0.039372742 4.624534e-06 3.6116537e-05 8.100339e-05 2.8643046e-05 7.3042793e-06 4.7310427e-06 0.00077960733 1.1407006e-05 1.5648016e-05 4.8241538e-05 1.636464e-05 1.8647399e-05 6.9034745e-06 9.731885e-06 1.3479093e-05 2.4427696e-05 0.054155603 0.021096667 0.023037327 0.009277294 0.00031894396 0.022064753 0.004478963 2.5762925e-05 3.889976e-06 2.0983198e-05 2.8198543e-05 9.9688434e-05 4.868022e-07 0.06273921 6.7597874e-08 4.665083e-06 0.00037119846 0.10403402 1.6258951e-05 0.000713738 0.002754081
0.8974508 0.12073071 0.46706063 0.12898907 0.010645076 0.0042876876 0.024352344 0.7234446 0.5601778 0.23050278 0.010839446 0.004165343 0.029771045 0.006499052 0.0024021475 0.77320075 0.0019252491 0.12064467 0.020658288 0.00029995549 0.047610126 0.0036297871 0.010685899 0.00012701484 0.08551206 0.00039805213 0.5984605 1.9330732e-15 0.00015892625 0.011060764 0.005618585 0.00048386588 7.30523e-05 3.232307e-05 0.0024086488 0.0027479338 0.0022468253 0.25134927 0.93441254 0.0011311859 1.682454e-05 0.00029995348 3.7799702e-05 0.0059343097 0.0014469764 0.0022127563 0.905753 0.048941683 3.1465866e-06 1.9266736e-06 0.00031806008 0.022501307 0.0023245453 0.09137388 0.00077838707 0.00054839725 5.090868e-05 0.0004924743 3.572318e-05 3.92446e-05 0.00080245995 5.6230045e-05 0.7995455 0.41893908 3.2792155e-05 4.6611985e-05 0.0005133229 0.00077358505 8.005788e-06 4.7942096e-05 0.001993209 8.7211054e-05 0.00014961296 7.704867e-05 1.3640548e-06 1.6642793e-05 1.4154381e-05 0.00013394283 0.00018505876 0.0002337005 0.22567467 0.078778625 0.0023666217 0.023080071 0.0009044565 0.002643541 0.016085086 0.0007938753 0.00013207668 0.00066599937 3.7593127e-05 0.0006215068 5.3807576e-05 0.057229444 6.521129e-06 0.0002290051 0.00013474011 0.0107253445 0.0013854458 0.0076284707 0.0009711748
0.9264912 0.00475647 0.0009692747 0.14101276 0.00026788146 0.0138401715 0.31968912 7.68279e-05 0.00038000807 0.016641801 0.000109569475 0.0024334183 0.00029087465 0.265249 0.057245627 0.0014592935 0.26424193 0.24119976 9.235064e-05 0.03786227 1.002898e-05 0.00027009088 1.7309909e-05 0.3873671 2.487495e-05 7.704247e-06 0.0030833273 0.00015892625 1.6741195e-19 9.41676e-07 1.3043446e-05 0.00014905511 0.033528317 0.63134843 2.3308417e-06 2.6926135e-05 2.343941e-05 0.013568201 0.0019094646 0.0006314527 0.92151034 0.9057373 0.9818078 1.929632e-06 5.9329986e-06 0.4776043 7.784617e-06 0.1832494 0.07677032 0.22437114 0.19235846 2.3574363e-07 1.0573818e-07 1.234065e-06 7.344359e-06 6.664383e-07 0.0023522477 6.037319e-06 0.005041688 0.5215723 7.240911e-07 2.0150708e-05 0.00079822645 1.9134739e-05 0.0022252884 0.05494419 1.2757965e-05 5.741634e-07 0.0015731555 3.1758675e-05 0.0001650184 2.4589615e-06 3.402617e-05 0.03196175 0.002817046 0.009035949 0.016710872 7.676129e-06 7.100995e-05 2.34219e-06 0.00097171764 0.00038564738 0.21646571 0.00014428094 2.6568412e-05 0.26509607 3.7201145e-05 0.00062920456 1.2328657e-07 8.97332e-06 0.005843173 3.2077264e-06 4.3801858e-05 0.00760853 0.0008326874 5.718142e-07 0.0070310486 0.17214003 0.00018399829 0.00010115984 0.011760017
0.50041735 0.0008943712 0.005826293 0.0015236796 5.5216024e-05 2.7461642e-06 1.9696781e-05 0.16798024 0.12714094 0.0020476384 0.00039231655 3.6729536e-05 0.002343428 3.1229083e-05 9.056717e-05 0.06681735 2.1524496e-05 0.0009027877 0.018466223 4.289572e-06 0.6106009 8.889044e-05 0.25593036 1.4253279e-05 0.9112305 9.0083233e-07 0.00123993 0.011060764 9.41676e-07 5.6306757e-15 0.93045986 6.978841e-05 6.896528e-07 4.323766e-07 0.5339702 0.00414344 0.11494262 0.00082516007 0.0014833984 4.302599e-05 4.71752e-07 1.24464505e-05 3.225357e-07 0.9592482 0.7940776 2.2275868e-05 0.029198937 0.00015572441 2.4296472e-07 8.395187e-08 2.998449e-07 0.40900344 0.84351104 0.08660501 4.900009e-06 0.38850203 4.2153233e-06 4.8384838e-05 2.5224179e-05 3.9846233e-07 7.120936e-06 5.0414405e-06 0.0027925693 0.029746415 3.1405848e-06 9.989627e-07 3.9052553e-05 7.1799455e-05 7.9820353e-07 5.0804357e-07 0.04583957 1.6167317e-06 7.413314e-06 1.2121955e-06 1.2421287e-07 5.722217e-07 5.847797e-07 0.019560674 6.16003e-06 0.021900749 0.019737469 0.023919743 0.00037060544 0.041899312 0.007532539 0.00021615742 0.10893127 1.5525886e-05 0.012573949 1.0119781e-05 4.6670766e-06 0.0026114497 4.5296952e-07 0.0048563345 7.420709e-07 0.16572857 9.367799e-05 0.00055796426 3.1405085e-05 0.02995288 3.1075782e-05
0.4201921 0.00208449 0.0069149663 0.0007194254 2.1720602e-05 5.3875433e-06 0.00022811946 0.07364558 0.15316659 0.0007979175 0.00010302624 1.1221678e-05 0.0027443408 0.00014411924 0.00014881835 0.022460347 4.830986e-05 9.19535e-05 0.023842275 1.433093e-05 0.79944414 8.9748464e-05 0.45794573 1.767709e-05 0.4996938 3.1315706e-06 0.0005419576 0.005618585 1.3043446e-05 0.93045986 3.5472423e-15 9.198388e-06 2.4452183e-06 1.7910971e-06 0.9211319 0.007929621 0.3044245 0.00032419068 0.0019417948 3.5522437e-05 3.5354044e-06 3.181401e-06 9.145971e-07 0.47885883 0.9457475 9.070371e-06 0.04444245 7.245063e-05 1.6947394e-07 4.0985344e-07 8.974633e-07 0.20707078 0.6021658 0.09061601 1.1103784e-06 0.6320781 2.4454164e-06 1.045394e-05 6.6544985e-06 1.144491e-06 1.3784316e-06 1.2189296e-06 0.0024484186 0.03099373 4.034933e-06 1.5838049e-06 4.364139e-06 5.950863e-05 2.5667614e-06 4.0260156e-06 0.13396731 1.5343718e-05 9.010257e-05 5.2913965e-06 7.7496725e-07 6.024088e-07 3.4972743e-07 0.05342192 6.952982e-06 0.053075537 0.022011658 0.016511664 0.00020024244 0.036795508 0.0056401473 4.507352e-05 0.03213402 0.00031132752 0.010395911 3.6755237e-06 2.5087948e-06 0.0066997767 1.0839865e-06 0.0029606519 1.1754548e-06 0.13769415 1.9401565e-05 0.0007832332 2.0250074e-05 0.045124628 1.8169942e-05
