8.741854e-28 0.51900846 0.58976305 0.8611257 0.9481177 0.79778767 0.99550706 0.57957333 0.8319714 0.7194336 0.43527654 0.21788166 0.3029035 0.47453064 0.9088375 0.1697216 0.2049425 0.11123595 0.48237383 0.76515234 0.9865265 0.9404544 0.5613316 0.5003353 0.6106544 0.18633784 0.8080956 0.8493512 0.04862605 0.6434751 0.29552644 0.049522545 0.06662686 0.7345382 0.198021 0.114965536 0.036770906 0.01532665 0.99000436 0.60214925 0.18602419 0.9782467 0.96078235 0.13417542 0.025040317 0.8363942 0.1186424 0.023990633 0.019161193 0.0010803265 0.9364765 0.9618631 0.016088068 0.9840141 0.9838727 0.3511852 0.0013027012 0.27242398 0.9936785 0.11933875 0.5236574 4.0668223e-05 0.96978426 0.012069627 0.8376823 0.002128118 0.80059046 0.97521704 0.9947912 0.11679619 0.7384421 0.059710447 0.650201 0.00063262426 0.9991073 0.36622763 0.030228307 0.58511335 0.00271099 0.7716594 1.0143086e-05 0.9951976 0.00010368271 0.0029010475 0.37454218 1.2305329e-05 0.9439992 2.7750316e-06 0.002328088 0.00019692676 0.54177356 3.4449364e-05 0.9825308 9.195117e-06 8.6995824e-05 0.052263927 0.0075327656 0.99927026 0.9991383 0.05427505 1.2584834e-05
0.51900846 7.509199e-22 0.99574083 0.8329918 0.88777417 0.23403826 0.04010288 0.18017183 0.044282675 0.38943103 0.075679906 0.1604007 0.021154424 0.014326523 0.0062986044 0.07733365 0.123058036 0.04149782 0.0117765255 0.485129 0.0937403 0.1433279 0.0026262386 0.0554127 0.28609788 0.09634988 0.0064563644 0.08798802 0.06279158 5.6668843e-05 0.00035997058 0.0030113563 0.08471982 0.00085456815 0.0003909621 0.002226348 0.003807127 0.00038119266 0.11721572 0.00010960793 0.0002803013 0.002581481 0.0070635066 0.0029900942 1.9525802e-05 0.00068971247 0.009752745 0.0003645971 0.020790437 0.0368812 0.00049383845 0.017288232 3.2098458e-05 0.0070463805 0.026048081 4.3842392e-05 0.0046308967 3.0482832e-05 0.021153042 4.682437e-05 0.00033195489 0.00086153194 0.0069121574 5.677774e-05 0.0050705113 0.0028593058 0.0009024796 0.0018411356 0.017129295 2.3185119e-05 0.00023533763 1.0063825e-05 3.1785097e-05 6.265913e-05 0.0041627185 0.00010347763 2.9900868e-06 0.00024205989 9.574685e-06 0.0034915165 1.1184721e-05 0.00426618 1.8428261e-06 3.9902434e-07 2.3767576e-05 5.15503e-05 0.0038491343 4.5003037e-07 1.1342953e-06 4.4148007e-07 4.2505424e-05 6.1634825e-07 0.0016034084 9.642108e-06 2.1988953e-06 5.182951e-07 1.0237912e-06 0.0037458788 0.003386757 1.6036589e-06 2.0511473e-07
0.58976305 0.99574083 2.2605622e-21 0.7699532 0.8791384 0.21787068 0.023711253 0.15531124 0.032932814 0.3354987 0.06813693 0.13648741 0.027787719 0.017755037 0.003320276 0.07533661 0.116681136 0.034404896 0.013180281 0.5067922 0.132012 0.1479879 0.0011511355 0.064509705 0.34896892 0.096141696 0.0027853788 0.14182164 0.06376563 3.0310322e-05 0.00052105164 0.0021352638 0.07570373 0.0015575464 0.00021700365 0.0021764636 0.00288089 0.00021090156 0.119547606 5.289467e-05 0.00015958723 0.0014024402 0.008907897 0.003586074 2.401412e-05 0.0013073117 0.022241663 0.0007815115 0.02752517 0.036722235 0.00076394965 0.016208243 4.7638467e-05 0.005405603 0.02398981 5.4118154e-05 0.0055206395 8.3852385e-05 0.02316177 2.1799644e-05 0.0002739886 0.0008727055 0.0075458977 0.00013113511 0.0059990007 0.0022550202 0.0006479221 0.0018070708 0.020017147 2.7058446e-05 0.00024493283 5.91939e-06 0.00011662742 0.000103217324 0.0036861848 0.0001582167 5.902585e-06 0.00065011194 1.2149239e-05 0.0040422534 1.1694946e-05 0.005044244 1.2280119e-06 5.2791154e-07 7.670344e-05 0.00013424527 0.004226234 4.5437048e-07 3.5576559e-06 8.909302e-07 4.6690642e-05 7.1021395e-07 0.0021082398 1.3733755e-05 3.2606656e-06 2.3072855e-06 1.0836474e-06 0.0036403933 0.003213031 1.6127324e-06 3.9822143e-07
0.8611257 0.8329918 0.7699532 2.8198936e-19 0.8324824 0.9587571 0.7113639 0.7915066 0.2506727 0.7435068 0.38303092 0.44324228 0.009679556 0.003360975 0.01686575 0.019769518 0.2003255 0.06245695 0.0014315174 0.121232286 0.048221413 0.36595368 0.0010361297 0.0030593793 0.016324092 0.052855328 0.017979402 0.0015135077 0.016076896 0.000105609564 4.2456463e-06 0.0038211257 0.16084136 1.8468067e-05 0.0001131917 0.00014790475 0.0098681385 0.00033394518 0.21937807 0.00064945477 0.00022924415 0.014326593 0.0020977936 0.00018284189 4.4685024e-05 7.386191e-05 0.0012328895 3.09622e-06 0.00052596926 0.022572633 2.2108354e-05 0.020691548 5.101176e-05 0.02300585 0.015149867 1.8043558e-05 0.00060393417 6.103829e-07 0.04165232 5.058684e-05 0.000406412 0.0010755345 0.0041477075 1.6570738e-06 0.0016373962 0.0042343205 0.001400234 0.0051664147 0.008334891 0.00016911885 0.0003749928 2.2019592e-06 1.1288312e-05 0.00012949985 0.005883834 0.00042355605 4.6354515e-07 2.9269771e-05 9.84771e-06 0.0011440399 2.0607766e-05 0.0015062046 5.549928e-06 1.7408433e-06 2.48763e-05 0.00017966023 0.0033208174 2.5490623e-05 1.6237445e-07 3.589911e-06 4.461902e-05 2.7632188e-06 0.0004720078 0.0001329872 6.2308004e-06 1.1945903e-07 6.503642e-07 0.0038293484 0.003980423 2.3202272e-06 4.4703465e-06
0.9481177 0.88777417 0.8791384 0.8324824 3.364023e-17 0.33878854 0.18971387 0.16503884 0.08627326 0.30611148 0.063036844 0.05010364 0.11551491 0.004436379 0.017996462 0.25713652 0.03906562 0.011908692 0.0035452417 0.2679334 0.23582682 0.9611785 0.0027688497 0.007913711 0.090673655 0.024575075 0.032371663 0.019933378 0.011659828 0.00018088846 0.0002774791 0.0008977168 0.026671 0.00017073452 0.0002815825 0.0015758063 0.0014262185 0.00018684917 0.46695036 0.00048789932 0.00039950473 0.009985814 0.005094108 0.00062372925 6.8987e-05 0.0013103372 0.0022406029 1.1127408e-05 0.0012947973 0.008885494 0.00021919799 0.1560109 1.6032363e-05 0.07366814 0.20707384 3.732823e-05 5.143404e-06 9.380052e-06 0.20232786 6.643962e-05 0.00062235823 4.646805e-05 0.027502464 7.73092e-06 0.008069148 9.556299e-05 0.0010905252 0.016797801 0.053208873 9.032824e-05 0.00040560582 3.2488566e-05 2.1320731e-05 2.3799548e-06 0.02013891 0.00011440348 1.0358406e-06 3.258432e-05 9.669273e-06 0.0034723347 2.2446106e-05 0.014735679 2.3915677e-06 3.705959e-06 3.849878e-06 6.4805895e-06 0.006125517 7.0802145e-07 6.66242e-07 9.446619e-06 5.6736873e-05 4.5605557e-06 0.0005364076 2.7505018e-06 1.8071629e-05 1.2672953e-06 2.094454e-06 0.035646517 0.037847903 4.6246887e-06 1.8486348e-06
0.79778767 0.23403826 0.21787068 0.9587571 0.33878854 1.4261119e-19 0.4799854 0.9226973 0.13355179 0.92978483 0.53701544 0.8393652 0.0023852743 0.0008710089 0.020327654 0.0028595608 0.6105534 0.15242258 0.001320467 0.28652748 0.015108076 0.08082846 0.0010787508 0.000622653 0.045232672 0.2686845 0.007460009 0.006116694 0.03629859 7.2186485e-05 6.077377e-07 0.0042717718 0.4453565 1.0160784e-05 5.530508e-05 1.9886622e-05 0.06388776 0.00016626112 0.052699678 0.00056936155 0.00016157035 0.004915244 0.0012251541 4.5180343e-05 2.1230297e-05 2.7227998e-05 0.01006928 6.6023e-07 0.00019448056 0.092844754 1.48805075e-05 0.0013672947 6.06937e-06 0.0037559196 0.0019650008 4.6986415e-06 0.005507732 4.6795313e-07 0.01219318 3.1834622e-06 9.98577e-05 0.004978004 0.0007272591 5.3245226e-06 0.0004661972 0.06905108 0.00014702692 0.0014183366 0.0017491643 8.13913e-06 5.1294413e-05 1.4836755e-06 3.8117041e-06 0.0047693183 0.00093789614 7.842792e-06 2.5515138e-07 1.170626e-05 1.4053066e-06 0.00036943122 6.247935e-05 0.00093784474 4.877504e-06 6.166393e-07 5.856059e-06 0.00035989162 0.00060358143 8.416845e-05 7.378601e-07 1.5389696e-06 3.2962143e-06 2.4496364e-06 3.5458703e-05 0.00048182782 1.1074284e-05 3.216584e-07 8.141393e-07 0.0005088961 0.0007494022 1.4475257e-06 1.3999014e-06
0.99550706 0.04010288 0.023711253 0.7113639 0.18971387 0.4799854 2.6718926e-17 0.7096635 0.96490437 0.21571061 0.7807589 0.3178017 0.0011777761 0.00010074691 0.7030802 0.0047232895 0.23923798 0.3868943 0.00010868061 0.0714014 0.0067059044 0.5324437 0.33125097 0.000105618106 0.0023205515 0.09895278 0.32336167 0.000100425175 0.0027233167 0.042895105 4.571973e-08 0.07230596 0.5132561 8.583342e-07 0.03149346 3.2918663e-06 0.13562605 0.011271617 0.2654127 0.018884555 0.004768968 0.18701626 0.0008726764 1.8416937e-05 0.0059834775 1.1809601e-05 4.2432563e-05 1.0380148e-05 0.00012224547 0.046485562 7.835414e-06 0.09834571 0.000524932 0.23165254 0.031044262 0.0026725717 6.515155e-06 8.623473e-07 0.36952153 0.0006296947 0.0053382535 0.0002955277 0.0021768992 3.4493858e-06 0.0013475624 0.03372305 0.009591621 0.097744785 0.0076959534 0.0011048688 0.0012270714 0.011731503 2.2353556e-06 0.0009436282 0.08006169 0.0010426147 3.509414e-06 2.3762568e-05 8.722229e-05 0.0013544399 0.00019733491 0.0027242375 0.0011648448 1.7822667e-05 3.7156522e-06 4.1319687e-05 0.0025698245 4.697228e-05 3.610219e-06 0.00011452204 5.943122e-05 0.00023392659 0.00017020517 0.00065383385 0.00017334003 4.032033e-06 8.6311746e-07 0.011974192 0.01023359 0.0001521619 0.00031076273
0.57957333 0.18017183 0.15531124 0.7915066 0.16503884 0.9226973 0.7096635 1.08285665e-20 0.4201184 0.7654496 0.9528642 0.87541664 0.0020443106 0.00058831467 0.071858324 0.0033941388 0.56667894 0.5693907 0.00061298645 0.10353055 0.003076978 0.06947055 0.024518408 0.00023041655 0.007367678 0.120438814 0.035594698 0.0012952251 0.019370079 0.0005052236 3.1731153e-07 0.034434143 0.6384374 2.523863e-06 0.0005099214 4.4959734e-06 0.13291909 0.0013581845 0.029794507 0.002369936 0.0008058992 0.01476991 0.00029476517 3.2346275e-06 7.9203055e-05 2.0630841e-06 0.00077964755 1.2683017e-07 1.9116336e-05 0.070746206 4.2146316e-06 0.0011766787 2.2129683e-05 0.009356917 0.00258728 2.8226259e-05 0.0013688832 9.643161e-07 0.012721402 4.714493e-05 0.00023915584 0.0032350395 0.00034317203 1.9485667e-06 0.00026040137 0.05812261 0.000593072 0.002677973 0.001011396 7.305258e-05 0.00032056228 1.5833013e-05 8.822528e-07 0.0063451813 0.0016286747 5.9845777e-05 8.0327567e-07 7.5058097e-06 1.315815e-05 0.00025786486 0.00033857752 0.0007189501 9.181793e-05 9.135753e-07 1.9648628e-06 8.877302e-05 0.0004239345 0.0005146503 8.7541736e-08 2.368299e-06 1.5340263e-05 6.800796e-06 2.8182763e-05 0.0004863871 5.522621e-06 6.4989635e-08 1.0868309e-06 0.00052775425 0.0008160014 7.661442e-06 2.092721e-06
0.8319714 0.044282675 0.032932814 0.2506727 0.08627326 0.13355179 0.96490437 0.4201184 3.4664192e-15 0.099164955 0.6949633 0.20461538 0.0008328661 0.00021191976 0.9511157 0.0014524278 0.10010398 0.748676 8.64517e-05 0.07244149 0.0020243202 0.16187352 0.8929042 9.728178e-05 0.004533337 0.05370679 0.34141216 0.0013833294 0.004814321 0.39342618 8.714686e-07 0.39244378 0.4482611 1.5274643e-05 0.28386652 4.1420667e-06 0.1346946 0.22511253 0.053183988 0.045220498 0.05780865 0.10432385 0.0006605424 3.4040484e-05 0.04973814 1.663746e-05 8.007701e-05 2.3454402e-06 2.6498243e-05 0.024302635 1.04177725e-05 0.011081892 0.0036918155 0.12896824 0.0035517628 0.018964687 9.992291e-06 2.7945223e-06 0.13036838 0.0053646592 0.00954663 0.0004261455 0.0009872384 1.1293512e-07 0.0004898299 0.010625404 0.0069590597 0.04797034 0.001953889 0.0030792826 0.004310524 0.039855234 9.044034e-06 0.0074488446 0.033754684 0.0012593264 3.9760803e-06 3.1803625e-05 0.002179473 0.00083514757 0.0038890364 0.0010393966 0.008469287 0.0003089572 5.151701e-06 2.9101046e-05 0.000565111 0.0015985029 2.5341382e-07 0.0014594912 0.0009826138 0.0026957234 0.00010707887 0.00094757706 0.000992978 2.652594e-06 8.128956e-07 0.0038005577 0.003098712 0.0012925339 0.0013189316
0.7194336 0.38943103 0.3354987 0.7435068 0.30611148 0.92978483 0.21571061 0.7654496 0.099164955 1.674846e-21 0.5591869 0.9401353 0.0072891098 0.0026545452 0.0085672615 0.0043248786 0.90324175 0.11180865 0.0021589205 0.7355417 0.012942628 0.031550277 0.00035229314 0.0020595829 0.17679088 0.63486063 0.0017687725 0.020435067 0.22905219 3.8478607e-05 1.2385949e-06 0.0022481994 0.5520201 1.8530307e-05 6.4800706e-06 7.247392e-05 0.09604768 3.5910907e-05 0.03749522 7.9475365e-05 1.7861736e-05 0.0016391382 0.0005425645 0.000103091115 2.2995532e-06 1.8047154e-05 0.04688826 3.6869649e-06 0.0005128148 0.29599616 2.1300852e-05 0.00053856836 4.0861744e-07 0.00065394765 0.0012322663 6.8332724e-07 0.018790344 3.1126692e-06 0.0024000215 8.112595e-08 1.4064966e-05 0.020513007 0.0004301949 3.845953e-05 0.0002699745 0.089791924 3.162346e-05 0.0002573551 0.00079232967 2.5083666e-06 9.487879e-06 1.287679e-07 6.272821e-06 0.002886138 0.000276323 6.4295097e-07 1.1209751e-07 1.5463986e-05 6.437578e-07 0.00023792536 1.0151137e-05 0.0006075388 2.2549544e-07 1.4763691e-07 5.593344e-06 0.0017564484 0.0003427728 2.7808721e-05 5.6055865e-07 4.845983e-07 5.016814e-07 5.299641e-07 4.659963e-05 0.00065306044 2.0991272e-06 3.1880177e-07 3.078209e-07 0.000112959 0.00020867106 2.8240635e-07 3.130861e-07
0.43527654 0.075679906 0.06813693 0.38303092 0.063036844 0.53701544 0.7807589 0.9528642 0.6949633 0.5591869 3.158768e-20 0.8019658 0.0002049758 3.8093076e-05 0.18853743 0.00044622217 0.5056844 0.9629472 7.304122e-05 0.046749264 0.00016012568 0.037678726 0.25352505 7.990898e-06 0.002854127 0.07495542 0.07306396 0.00017054948 0.0065660262 0.0034446702 6.94904e-09 0.3084763 0.76223433 3.7943224e-07 0.004182619 1.4009811e-07 0.31985366 0.01696509 0.019574681 0.008857701 0.0026292675 0.026815875 6.748619e-06 2.781397e-07 0.00028207598 3.5834242e-07 0.00039978963 2.0407738e-08 1.7886358e-06 0.08331866 1.8838898e-06 0.0007216979 2.1603404e-05 0.011089768 0.0019067585 4.214634e-05 0.00053428375 1.0972003e-06 0.012880542 2.1149746e-05 0.00022567282 0.003165665 0.00016205583 3.6360038e-07 0.00011994793 0.12333013 0.00039561288 0.0033337749 0.00022863674 5.528668e-05 0.00037801574 0.00021875129 2.7836046e-07 0.028125685 0.0019012938 7.387599e-05 7.926134e-08 2.062923e-06 1.1707834e-05 0.00025224432 0.0015097243 0.00047526613 0.00037669356 6.268973e-07 3.599419e-07 5.834511e-05 0.00019687589 0.0017095881 3.379254e-08 3.8836156e-06 1.1910378e-05 6.633889e-05 3.0432302e-06 0.0013174074 7.4941213e-06 6.683952e-08 1.1852685e-06 0.00027168018 0.00048066874 1.00336865e-05 3.4280824e-06
0.21788166 0.1604007 0.13648741 0.44324228 0.05010364 0.8393652 0.3178017 0.87541664 0.20461538 0.9401353 0.8019658 3.84108e-21 0.001461719 0.0010710349 0.02982108 0.0014615597 0.9362677 0.37666917 0.0008176568 0.29985407 0.00051082694 0.0076779737 0.012776272 0.0005863176 0.049012374 0.5542725 0.0043419376 0.0040564337 0.13196142 0.00056996103 6.225778e-07 0.021836009 0.82957 4.7142344e-06 0.00033110316 2.6338257e-05 0.48421407 0.0010206976 0.011914474 0.0009393919 0.0004188359 0.004383778 0.00012514777 1.1648618e-05 6.109572e-05 3.2101623e-06 0.005812158 6.777878e-07 0.00017006922 0.29021794 7.5410817e-06 4.2642903e-05 5.275867e-06 0.0014978469 0.0006403796 1.8773642e-05 0.019344196 2.736765e-06 0.0028593754 2.4855754e-06 0.0002438393 0.024026627 0.000109794775 5.6214835e-06 5.7984613e-05 0.15775517 0.00012785364 0.0004427093 0.00012479442 7.214783e-06 8.2199644e-05 1.6113112e-05 1.7547931e-06 0.024904223 0.0005416915 5.314409e-07 1.5716864e-06 3.2786354e-06 4.342331e-06 6.495603e-05 0.00032961232 0.00033089134 3.7434216e-05 3.1045388e-07 9.819869e-07 0.000653438 1.9525727e-05 0.00030280754 6.75288e-08 1.295521e-06 5.842855e-06 3.8709986e-06 5.555949e-06 0.0020783276 3.7064326e-06 2.6338597e-08 1.2705505e-06 0.00010402916 0.0002647373 1.3143848e-06 5.0045526e-07
0.3029035 0.021154424 0.027787719 0.009679556 0.11551491 0.0023852743 0.0011777761 0.0020443106 0.0008328661 0.0072891098 0.0002049758 0.001461719 5.4385956e-20 0.9854086 0.0006331004 0.9239392 0.0005600976 0.00015587761 0.89530075 0.062120195 0.762548 0.012081367 8.059061e-05 0.47448823 0.2601316 0.0018874949 0.00047386152 0.39019713 0.0045406213 8.744837e-06 0.35363522 2.4332276e-05 2.0864845e-05 0.55454826 6.588387e-05 0.10031381 1.0446639e-06 1.2318339e-05 0.03440317 2.526801e-06 6.143132e-05 0.00011953773 0.17798267 0.086334884 2.2924523e-06 0.13609642 0.015499997 0.02537608 0.08166976 0.0003572263 0.06612906 0.003642109 2.5448042e-05 0.0005864532 0.0143545605 2.6136982e-05 0.00048809152 0.02481449 0.0018167733 2.3584043e-06 2.7290389e-05 7.2422545e-06 0.034984406 0.0018682342 0.04456094 1.2332563e-05 9.6225645e-05 0.00024075888 0.06969699 3.6069773e-06 7.510098e-06 3.742697e-05 0.000656768 6.8398226e-06 0.0008945662 3.5227831e-06 0.00014251289 0.0014314217 3.4603527e-05 0.012042348 4.1338055e-05 0.017576776 3.4422217e-06 7.8839804e-07 8.343511e-05 2.3994047e-05 0.026285823 5.2206108e-08 7.6543045e-05 7.0001547e-06 1.05862e-05 1.0775785e-06 0.008504953 2.1661127e-07 2.8052482e-06 2.5577581e-05 4.689793e-05 0.0029709814 0.002623633 1.6204625e-06 2.3138357e-07
0.47453064 0.014326523 0.017755037 0.003360975 0.004436379 0.0008710089 0.00010074691 0.00058831467 0.00021191976 0.0026545452 3.8093076e-05 0.0010710349 0.9854086 1.0263756e-18 4.698196e-05 0.6739445 0.000310739 0.0001577543 0.8950201 0.050338924 0.5511035 0.002464293 8.495128e-06 0.7276487 0.28826126 0.0019067121 3.973956e-05 0.5334092 0.0065709464 2.3758546e-06 0.73894316 7.744006e-05 1.8596838e-05 0.67297417 3.749857e-05 0.2866644 8.922821e-05 1.673662e-05 0.008743224 3.7375779e-07 8.124783e-06 1.4160188e-05 0.130602 0.24072206 2.8175252e-06 0.17181954 0.070469365 0.08400715 0.23233245 0.0013970012 0.071308576 0.0009241522 1.8438906e-05 7.2038005e-05 0.004890313 3.1421503e-05 0.0013195757 0.074219614 0.00035843079 1.3322775e-06 2.8467477e-05 9.302686e-05 0.020956023 0.009754158 0.03808578 7.267228e-05 6.518965e-06 3.037497e-05 0.038701463 8.107538e-06 7.0870483e-06 8.676784e-06 0.0015462349 4.0176794e-05 0.0006376845 5.5669652e-06 0.0014172394 0.0028045825 7.7714096e-05 0.010254618 5.776946e-05 0.014291643 1.7159182e-06 3.2183991e-06 0.00021100097 0.0005520818 0.015865117 2.693918e-07 0.000718949 6.209007e-06 1.0499901e-05 2.8708332e-06 0.012034455 7.4778372e-06 6.767541e-06 7.6476645e-05 9.93119e-05 0.0011370839 0.0012713833 1.6605035e-06 8.504786e-07
0.9088375 0.0062986044 0.003320276 0.01686575 0.017996462 0.020327654 0.7030802 0.071858324 0.9511157 0.0085672615 0.18853743 0.02982108 0.0006331004 4.698196e-05 2.1870107e-15 0.0015573584 0.00924519 0.25043243 2.7715578e-05 0.0016468628 0.00042253814 0.19025302 0.8968162 4.3250035e-05 0.00010457425 0.0031177618 0.9263027 4.079431e-05 0.00047896494 0.85251504 7.0953654e-08 0.10986866 0.10123101 1.4350546e-06 0.478018 2.5023478e-06 0.010750064 0.11505855 0.026932519 0.3394838 0.34026513 0.49495086 0.00018062745 1.1574845e-05 0.09077634 2.4384228e-06 6.8789477e-06 2.1717794e-06 5.6016375e-05 0.0004530966 1.2145874e-06 0.012828319 0.012489817 0.18731382 0.0022550803 0.08561155 1.6493909e-06 1.933827e-06 0.16736084 0.012142852 0.03636653 4.7541973e-05 0.00054248556 1.5027136e-07 0.0004062504 0.00032554238 0.015125937 0.09795302 0.0010112025 0.0059860544 0.010616076 0.07133636 2.89962e-06 0.00024498047 0.05205462 0.0036153651 2.4076346e-06 6.763638e-06 0.0014535295 0.00082743115 0.0008796966 0.00041147118 0.006444381 0.00014682737 1.7182582e-06 1.727605e-05 0.000414151 0.00030658796 6.7982955e-07 0.0009825754 0.00066093693 0.0010842641 2.1219284e-05 0.00027123437 0.0007608265 1.8723856e-06 2.2397512e-06 0.0067335083 0.0047058756 0.0007355466 0.00092980644
0.1697216 0.07733365 0.07533661 0.019769518 0.25713652 0.0028595608 0.0047232895 0.0033941388 0.0014524278 0.0043248786 0.00044622217 0.0014615597 0.9239392 0.6739445 0.0015573584 8.177211e-18 0.00031277415 0.0002476993 0.92739266 0.025808508 0.9797161 0.19271575 0.0005363459 0.08479796 0.10431213 0.00066752546 0.0021695108 0.12998933 0.0018232466 5.1544797e-05 0.1134627 7.363495e-05 3.6645637e-05 0.3995239 0.00010258075 0.023073254 1.4573046e-06 5.2316882e-05 0.11703447 2.9614172e-05 0.00020203077 0.00042631946 0.3342553 0.02338472 1.14166805e-05 0.22308101 0.0022051032 0.007306701 0.020415138 0.0004058841 0.05062286 0.032708302 2.747166e-05 0.0025013045 0.06395661 2.0919877e-05 3.694281e-05 0.031321336 0.0057759183 1.7383923e-05 0.00036718958 3.4085962e-05 0.057708006 0.00059498905 0.07470479 2.805049e-05 0.0006695644 0.0007809885 0.10768423 1.8045588e-05 6.9789814e-05 5.1155577e-05 0.001196918 7.807383e-06 0.0020106703 4.6431986e-05 0.00012157627 0.0027374246 9.412962e-05 0.11824775 5.5770884e-06 0.03677122 1.7615555e-06 6.799428e-06 0.00018142436 4.1456133e-05 0.15515797 2.5164493e-07 0.00016060239 8.9194655e-06 0.00010297664 3.1906136e-06 0.020537289 2.327219e-06 2.7467377e-06 5.394121e-05 0.00012910205 0.007486501 0.005888232 5.7310017e-06 1.9853003e-07
0.2049425 0.123058036 0.116681136 0.2003255 0.03906562 0.6105534 0.23923798 0.56667894 0.10010398 0.90324175 0.5056844 0.9362677 0.0005600976 0.000310739 0.00924519 0.00031277415 1.6883441e-19 0.056584347 0.00013219501 0.619247 6.125324e-05 0.003324 0.0039134687 0.00038124717 0.07304257 0.96341664 0.00031861776 0.009491025 0.39892054 5.2985648e-05 4.506606e-08 0.005556371 0.80519277 8.9864005e-07 4.3456428e-05 1.4982305e-05 0.5278763 0.00010631084 0.006917575 8.825829e-06 2.3485032e-05 0.00046153922 2.0791074e-05 1.6083113e-05 1.3756045e-06 3.480558e-07 0.04439361 3.4599532e-07 0.0004588017 0.5758716 1.4499641e-06 1.8049599e-05 3.5053716e-07 0.00018467793 0.0002513364 1.21663e-06 0.12141921 9.1072206e-07 0.0009724677 2.0210504e-07 1.371233e-05 0.15010463 3.455683e-05 2.0279955e-05 2.5153482e-05 0.37727165 1.2614639e-06 3.5917692e-05 3.843229e-05 7.2248184e-07 1.822844e-06 9.509805e-07 7.590596e-07 0.05994285 0.0002393028 2.2680584e-07 2.6572961e-06 6.9306584e-06 7.5538566e-08 8.440791e-05 0.00021610627 0.00011833778 1.1724802e-06 2.1611605e-07 2.0858172e-06 0.008202774 4.1696494e-05 0.00024157397 5.257556e-07 7.626517e-08 2.8380083e-07 1.3781091e-07 7.9486845e-06 0.009944601 5.481037e-07 1.3045685e-07 1.93116e-06 0.00014748768 0.00037301698 1.0253776e-07 1.3548143e-07
0.11123595 0.04149782 0.034404896 0.06245695 0.011908692 0.15242258 0.3868943 0.5693907 0.748676 0.11180865 0.9629472 0.37666917 0.00015587761 0.0001577543 0.25043243 0.0002476993 0.056584347 1.2473068e-20 2.5599544e-05 0.0049222987 1.0356141e-05 0.009725878 0.64637846 3.0103856e-05 0.00096733734 0.01178198 0.07114284 2.5555757e-05 0.0016825233 0.050577685 3.9792457e-07 0.9779252 0.59415644 7.412452e-06 0.055247933 2.4617866e-06 0.60312164 0.3262887 0.0040651513 0.011392043 0.011940022 0.016947754 1.4515962e-05 5.9532067e-07 0.010995029 1.9565682e-06 5.4743837e-06 1.15608444e-07 1.0717736e-06 0.026393335 1.0769308e-05 0.00054808386 0.0005581933 0.006959803 0.0006322515 0.0020409706 3.7776743e-05 1.691162e-05 0.00390037 0.000732955 0.0018983696 0.00090960634 0.00021422343 4.101974e-08 0.00010891905 0.081844985 0.0015245749 0.0034811741 2.7485185e-05 0.00012964207 0.000593883 0.007833237 4.4152895e-07 0.060816225 0.003676073 0.00032404077 9.757088e-06 6.024608e-06 0.00015826679 0.00010463351 0.010516658 0.00011844753 0.0055968324 5.269888e-06 6.2907397e-06 1.9948584e-05 0.00012659424 0.006782975 1.1580901e-08 3.758994e-05 5.920883e-05 0.00077054556 4.782955e-06 0.00369061 4.314384e-05 1.6554495e-05 6.246561e-06 0.00027593036 0.00032656698 1.3607632e-05 0.00012728233
0.48237383 0.0117765255 0.013180281 0.0014315174 0.0035452417 0.001320467 0.00010868061 0.00061298645 8.64517e-05 0.0021589205 7.304122e-05 0.0008176568 0.89530075 0.8950201 2.7715578e-05 0.92739266 0.00013219501 2.5599544e-05 1.7625933e-18 0.018742666 0.6967115 0.0068210918 2.965617e-05 0.49940178 0.16492836 0.0010577976 5.7350455e-05 0.49062467 0.0028920851 5.8617416e-06 0.6582581 1.1605164e-05 8.029583e-06 0.95150083 5.2046064e-05 0.2545822 1.279728e-06 5.7614493e-06 0.0076911505 1.8319932e-06 3.0061541e-05 7.765361e-06 0.44589633 0.21714973 1.8655537e-06 0.34289867 0.005972252 0.057855032 0.09538775 0.0002588603 0.22399336 0.001235212 3.494472e-06 4.9927734e-05 0.0051343376 2.1109907e-05 6.269255e-05 0.0898851 0.00043333127 1.7689374e-06 2.8337013e-06 9.694147e-06 0.037913762 0.005104201 0.07494381 9.828683e-06 5.4727398e-06 1.844983e-05 0.07084031 9.4422177e-07 3.6047334e-07 6.844318e-06 0.0076176934 2.4928418e-06 9.1331145e-05 1.726103e-07 0.00062761817 0.008437214 8.089534e-06 0.054669313 3.1499178e-05 0.024785915 7.8392134e-07 1.2756254e-06 0.0011833655 4.7388392e-05 0.047102902 2.1160093e-07 0.00019100089 4.9528253e-06 1.4112765e-06 3.1670479e-07 0.024804903 5.1115245e-07 1.4751722e-06 0.00025763552 8.35101e-05 0.001375909 0.0010976369 4.1981465e-07 1.0532249e-06
0.76515234 0.485129 0.5067922 0.121232286 0.2679334 0.28652748 0.0714014 0.10353055 0.07244149 0.7355417 0.046749264 0.29985407 0.062120195 0.050338924 0.0016468628 0.025808508 0.619247 0.0049222987 0.018742666 2.0255513e-21 0.05226668 0.029919233 0.00029200476 0.041548956 0.90928954 0.89658636 0.00050646055 0.44405642 0.9760955 6.546751e-06 0.00039655948 0.0006099355 0.21316428 0.0010903624 7.663811e-06 0.0021241375 0.0513333 6.0406255e-06 0.027987631 2.2717042e-05 1.3399502e-05 0.00030248397 0.001291848 0.003275795 7.927665e-07 0.00045841766 0.50675374 0.00025902083 0.04256321 0.48620456 0.00035904456 0.0001381215 1.9094807e-06 0.00015511361 0.0007445449 1.1863384e-06 0.38113067 3.461782e-05 0.0010750324 8.248035e-07 4.1183935e-06 0.061787557 0.00043647597 0.01223029 0.0005131191 0.08610387 1.642323e-06 0.00019083009 0.00061676494 1.3505901e-06 6.9910175e-07 2.4355865e-07 0.0001322742 0.001560942 0.00031372113 2.0311366e-07 8.911732e-07 5.8681933e-05 2.3670039e-07 0.00074025436 1.527382e-06 0.0003827479 9.0872355e-08 1.04235966e-07 3.2552687e-06 0.031969443 0.0014214924 1.3324294e-05 1.4454614e-05 1.7702614e-07 3.7442706e-07 6.143807e-08 0.000105926476 0.0017062497 7.883048e-07 1.677801e-07 6.0235595e-07 0.00069301337 0.0020067994 2.7512153e-08 5.00757e-07
0.9865265 0.0937403 0.132012 0.048221413 0.23582682 0.015108076 0.0067059044 0.003076978 0.0020243202 0.012942628 0.00016012568 0.00051082694 0.762548 0.5511035 0.00042253814 0.9797161 6.125324e-05 1.0356141e-05 0.6967115 0.05226668 1.4860459e-21 0.38319996 6.285532e-05 0.10157613 0.19647194 0.00023137973 0.0019111397 0.39211637 0.0028182778 1.063831e-05 0.1068055 4.6801133e-06 1.0093247e-05 0.27244803 1.1944514e-05 0.072729394 9.0852905e-07 2.0986277e-05 0.4243491 1.5632077e-06 2.0491023e-05 0.00023269614 0.7195901 0.043157853 1.7661039e-06 0.21900988 0.0036206532 0.0029733342 0.00525515 5.005629e-06 0.04319597 0.11616432 1.3478584e-06 0.0030692217 0.40616202 7.733212e-06 3.3451092e-06 0.003987218 0.015471804 9.425232e-07 1.1818558e-05 3.7594434e-06 0.36029297 0.0004602018 0.31018803 1.926354e-06 6.7985755e-05 0.001464764 0.69659406 8.0359365e-07 8.732211e-06 7.5103417e-06 0.00046877723 4.6158448e-08 0.00826075 5.913175e-07 3.9125505e-05 0.0008778792 9.590646e-07 0.09747946 5.2715234e-07 0.19063033 1.1508675e-06 1.8122608e-07 5.7202862e-05 1.4178105e-05 0.08280426 1.10500935e-07 7.768668e-05 1.961059e-06 6.839192e-07 5.381212e-06 0.018102316 1.4708188e-06 4.1708404e-06 1.8379917e-05 8.387754e-06 0.13091168 0.1464801 1.8785157e-07 7.79656e-07
0.9404544 0.1433279 0.1479879 0.36595368 0.9611785 0.08082846 0.5324437 0.06947055 0.16187352 0.031550277 0.037678726 0.0076779737 0.012081367 0.002464293 0.19025302 0.19271575 0.003324 0.009725878 0.0068210918 0.029919233 0.38319996 6.2523424e-19 0.015543762 0.0012471 0.0046685175 0.0013540661 0.48045787 0.0030143016 0.00062087347 0.007799387 0.00022006578 0.0007048225 0.008114052 0.00043419833 0.001808738 0.00011825409 6.867022e-05 0.00010708745 0.96689844 0.031245895 0.0102440175 0.32896614 0.03190534 0.00011781125 1.8705963e-05 0.0030601048 0.00022212196 6.0228563e-06 0.0020001726 0.0008174271 0.0010917035 0.57049465 2.1724889e-05 0.48794273 0.5995936 2.4912175e-05 2.8596483e-05 3.4944078e-05 0.52696884 0.0016536145 0.022611316 7.5801677e-06 0.07091072 1.3350196e-06 0.042803068 0.0001503599 0.011074295 0.079717614 0.13830939 0.00016279441 0.002435912 2.9100796e-05 0.0003185755 8.885086e-05 0.087379 0.00033824123 5.160456e-07 0.0006994442 8.9685574e-07 0.039712273 4.6314835e-05 0.055778947 2.2656147e-06 7.897613e-08 7.944941e-06 8.263326e-05 0.048410226 1.0332951e-06 2.2677937e-06 1.1565162e-06 0.00013067857 6.58302e-06 0.0031796878 5.769089e-05 9.4862185e-07 1.3784403e-07 1.000059e-06 0.15541983 0.16561668 1.2420406e-06 1.2209947e-06
0.5613316 0.0026262386 0.0011511355 0.0010361297 0.0027688497 0.0010787508 0.33125097 0.024518408 0.8929042 0.00035229314 0.25352505 0.012776272 8.059061e-05 8.495128e-06 0.8968162 0.0005363459 0.0039134687 0.64637846 2.965617e-05 0.00029200476 6.285532e-05 0.015543762 1.0720445e-17 7.652409e-06 2.3410947e-05 0.0012252787 0.34614503 9.59464e-06 0.00011329236 0.7462239 6.970908e-08 0.932265 0.21255843 2.5927066e-06 0.92731017 1.4058375e-06 0.04667623 0.9644363 0.0037493093 0.101670444 0.28589618 0.059351515 4.9636375e-05 1.0416318e-06 0.52366245 1.2509574e-06 1.1939304e-06 7.303996e-07 3.971313e-06 0.0002534029 2.2199276e-06 0.00060730474 0.014069207 0.027629664 0.0004726389 0.19263941 4.65371e-07 4.209926e-05 0.010176883 0.005253374 0.015806386 0.00011061665 0.0001344609 4.9255175e-07 7.570614e-05 0.0026146297 0.004296146 0.024297636 0.00032829598 0.011105204 0.00927655 0.4709604 3.4565298e-07 0.005540732 0.006516812 0.0019352532 3.5099263e-06 3.436705e-06 0.009294839 0.0002438865 0.009508415 4.8542814e-05 0.028583212 0.00039968287 9.066798e-06 2.0829437e-05 0.00030013747 0.0024215966 9.932843e-06 0.016643174 0.00046697035 0.013289103 4.279202e-06 0.0007171614 0.0075950613 1.9811785e-06 8.521864e-06 0.00059720525 0.0005651789 0.00040388008 0.0034890731
0.5003353 0.0554127 0.064509705 0.0030593793 0.007913711 0.000622653 0.000105618106 0.00023041655 9.728178e-05 0.0020595829 7.990898e-06 0.0005863176 0.47448823 0.7276487 4.3250035e-05 0.08479796 0.00038124717 3.0103856e-05 0.49940178 0.041548956 0.10157613 0.0012471 7.652409e-06 2.960436e-19 0.46906015 0.0017237673 2.741539e-05 0.83811176 0.026094519 7.5188836e-06 0.9777647 9.418848e-06 1.7470145e-05 0.5482634 1.2583657e-05 0.9359839 2.5745068e-05 1.3660968e-05 0.004845027 1.1010221e-06 6.7244015e-05 3.54736e-06 0.033338167 0.79229885 2.1456772e-06 0.10144994 0.22514634 0.48403227 0.65858674 0.001588995 0.117804684 0.00023727708 1.7788585e-05 5.5326477e-06 0.00066662306 1.6160326e-05 0.002031692 0.64901686 8.390534e-05 1.542769e-05 6.5497836e-05 8.0105114e-05 0.006598795 0.16336815 0.017150618 3.276921e-05 1.1905405e-05 3.992705e-06 0.0043239607 5.034956e-05 3.883695e-05 2.8036754e-06 0.010608911 8.9407865e-07 2.5820356e-05 4.5738707e-06 0.022027161 0.007790466 3.160986e-05 0.005118471 2.9411478e-06 0.006590964 5.5728396e-08 1.0449326e-05 0.0011377705 0.001607961 0.0065577123 1.1761664e-07 0.012220147 1.3095982e-05 7.361143e-05 1.1866019e-06 0.009801874 3.3837011e-06 8.278736e-06 0.0006093544 0.00022320496 0.00023024259 0.00022992374 1.0280669e-06 1.0115077e-06
0.6106544 0.28609788 0.34896892 0.016324092 0.090673655 0.045232672 0.0023205515 0.007367678 0.004533337 0.17679088 0.002854127 0.049012374 0.2601316 0.28826126 0.00010457425 0.10431213 0.07304257 0.00096733734 0.16492836 0.90928954 0.19647194 0.0046685175 2.3410947e-05 0.46906015 1.6600721e-18 0.43442038 4.37246e-05 0.9796193 0.907856 1.5334923e-05 0.016742576 0.0003394893 0.019961003 0.029340096 2.9529945e-06 0.076043904 0.0040940526 2.9836547e-06 0.016997421 2.0941663e-06 2.2424818e-05 8.46217e-06 0.011290024 0.16509685 2.8209265e-06 0.0059086964 0.7681519 0.039028734 0.31370205 0.08674116 0.002030822 0.00010003203 9.473801e-06 1.9163026e-05 0.00055286766 1.9904059e-05 0.1262287 0.014621098 9.5428026e-05 4.8687766e-06 1.8722025e-05 0.010233511 0.0029841901 0.09357167 0.0024957275 0.006172012 7.322559e-06 0.00017500903 0.0029209722 1.2103911e-06 4.107701e-06 1.945885e-06 0.0019109172 5.958581e-05 0.0004942509 3.0661631e-06 0.00012942712 0.000928318 1.3984836e-05 0.0014907054 1.3488035e-06 0.0029607369 2.569743e-07 1.9230738e-06 0.0007583987 0.031949203 0.008668721 1.1827731e-06 0.002086206 7.200727e-06 2.413691e-05 9.68807e-07 0.0022848197 0.00036624828 5.3615413e-06 2.1513026e-05 7.44399e-06 0.0005931998 0.0008993689 5.2885935e-07 5.2203245e-07
0.18633784 0.09634988 0.096141696 0.052855328 0.024575075 0.2686845 0.09895278 0.120438814 0.05370679 0.63486063 0.07495542 0.5542725 0.0018874949 0.0019067121 0.0031177618 0.00066752546 0.96341664 0.01178198 0.0010577976 0.89658636 0.00023137973 0.0013540661 0.0012252787 0.0017237673 0.43442038 1.9438358e-19 0.00031061575 0.0849416 0.86026853 4.6004923e-05 2.1407698e-06 0.0031593528 0.5948721 3.422097e-05 1.3486743e-05 0.00014758589 0.40942532 0.00011353658 0.004329362 5.8293772e-05 1.5280253e-05 0.00051926216 7.4373376e-05 0.00026362675 2.2925267e-06 4.9838227e-06 0.4602296 1.1980542e-05 0.0067634415 0.88086355 1.21699395e-05 8.11902e-06 2.7557005e-06 6.3684245e-05 0.00032349298 1.9172944e-06 0.6371419 8.227104e-06 0.00053615414 1.9203473e-07 8.615667e-06 0.4036277 9.5875e-05 0.0011048794 6.769778e-05 0.36013535 2.4827657e-06 7.526471e-05 2.0915011e-05 1.6743395e-06 3.373291e-06 6.89564e-07 1.9811094e-05 0.088498496 6.52367e-05 6.4704517e-07 2.9936105e-06 4.086249e-05 1.3230397e-06 0.00034776432 1.2282923e-05 9.4663184e-05 1.9627382e-07 9.687341e-07 6.4328615e-06 0.08342207 0.00011920145 4.4364904e-05 4.193379e-06 1.25568e-06 9.754822e-07 2.0373854e-07 9.781264e-06 0.013084548 3.5173819e-06 1.209325e-06 8.02251e-06 3.4938443e-05 0.00013343246 6.603332e-07 3.0352436e-07
0.8080956 0.0064563644 0.0027853788 0.017979402 0.032371663 0.007460009 0.32336167 0.035594698 0.34141216 0.0017687725 0.07306396 0.0043419376 0.00047386152 3.973956e-05 0.9263027 0.0021695108 0.00031861776 0.07114284 5.7350455e-05 0.00050646055 0.0019111397 0.48045787 0.34614503 2.741539e-05 4.37246e-05 0.00031061575 8.209788e-16 6.5944034e-05 0.000102856895 0.6369134 2.3169358e-07 0.019900428 0.004372319 2.9276957e-06 0.1831487 6.2885506e-06 0.00045479822 0.020147901 0.12278303 0.98146456 0.62144244 0.94878316 0.00049517537 1.3187082e-05 0.026381262 1.8002014e-05 1.6516946e-05 3.668254e-06 8.6308864e-05 9.338356e-05 4.557464e-06 0.07894636 0.01413084 0.5552291 0.01264617 0.056530908 5.855757e-06 1.2205209e-06 0.36923286 0.062462203 0.25624588 4.3347923e-06 0.0021637059 3.428107e-07 0.00044484806 1.3592159e-05 0.1355701 0.4279794 0.0063846675 0.0211245 0.020384809 0.015008893 1.0512646e-05 0.00018275001 0.18778355 0.003841025 1.4656715e-06 2.8483257e-05 0.00034485504 0.0019659072 0.00016610516 0.001841641 0.00023443738 7.016506e-05 9.38112e-07 1.7542001e-05 0.0004176369 4.748622e-06 4.6614562e-07 0.00015242971 0.00049693213 2.8240096e-05 1.7705857e-05 0.00010435727 5.3548807e-05 2.2647246e-06 1.1606596e-06 0.06410649 0.04215971 0.0015097071 2.8517885e-05
0.8493512 0.08798802 0.14182164 0.0015135077 0.019933378 0.006116694 0.000100425175 0.0012952251 0.0013833294 0.020435067 0.00017054948 0.0040564337 0.39019713 0.5334092 4.079431e-05 0.12998933 0.009491025 2.5555757e-05 0.49062467 0.44405642 0.39211637 0.0030143016 9.59464e-06 0.83811176 0.9796193 0.0849416 6.5944034e-05 2.3934878e-18 0.45671967 1.09702505e-05 0.16056436 1.8068353e-05 0.00055288605 0.40084806 4.262178e-06 0.32698765 0.000546746 4.1860267e-06 0.01868789 3.157869e-06 6.6081586e-05 7.777389e-06 0.0614868 0.7160061 1.1587606e-06 0.11303327 0.81788224 0.42354065 0.6367249 0.031111874 0.09004915 0.00010349894 7.5061525e-06 7.901364e-06 0.0010189887 7.425877e-05 0.02821308 0.41526964 7.5835706e-05 2.6537746e-05 1.2521492e-05 0.0037046783 0.014197387 0.41864884 0.010676665 8.108717e-05 1.0521854e-05 6.562658e-05 0.00801002 1.042474e-05 4.0510195e-06 1.6155625e-05 0.09779558 1.3548538e-06 0.00022516784 3.1572923e-05 0.008586807 0.02115921 1.6224225e-05 0.0032401388 8.078526e-06 0.0148721095 2.2434413e-06 1.0745312e-05 0.005800931 0.02170405 0.009589623 1.1555527e-06 0.019941708 2.6721664e-05 0.00011246218 2.3453238e-06 0.011109663 0.00024895443 3.1074273e-05 0.0014060326 0.00019959804 0.0001219575 0.00025165614 3.1330967e-06 1.0612486e-06
0.04862605 0.06279158 0.06376563 0.016076896 0.011659828 0.03629859 0.0027233167 0.019370079 0.004814321 0.22905219 0.0065660262 0.13196142 0.0045406213 0.0065709464 0.00047896494 0.0018232466 0.39892054 0.0016825233 0.0028920851 0.9760955 0.0028182778 0.00062087347 0.00011329236 0.026094519 0.907856 0.86026853 0.000102856895 0.45671967 3.3571703e-21 1.7070237e-05 0.0006976811 0.00036801395 0.102862075 0.0005584218 1.6907078e-06 0.004456674 0.07642939 3.2232922e-06 0.001363031 1.8690824e-05 6.9580033e-06 5.7560257e-05 0.0007064318 0.011170832 3.4233503e-07 0.00015400987 0.86917293 0.0020595388 0.2145765 0.5867591 0.0006100784 2.4643527e-05 1.8447487e-07 4.2458956e-05 0.00019865498 7.0675185e-07 0.7780806 0.00011325045 0.00021820498 1.7621998e-07 7.048534e-06 0.20983198 0.0003863582 0.05937499 0.00043189205 0.09283941 4.693845e-06 5.0331844e-05 0.00052313163 1.2877115e-06 5.3386984e-06 4.3353603e-07 0.00016527718 0.022736983 0.00015350647 1.9444704e-07 1.260244e-05 0.00022578564 3.637797e-07 0.00041054183 6.9555554e-06 0.00074852793 2.8290586e-07 8.457385e-08 3.9742417e-06 0.21215996 0.00019616463 6.891877e-06 6.211563e-05 7.6142743e-07 4.5981417e-07 2.3013926e-07 0.0001898394 0.0026579374 2.0582575e-06 5.784123e-07 1.5127459e-05 0.00023496246 0.00052455347 8.3032056e-08 6.4082684e-07
0.6434751 5.6668843e-05 3.0310322e-05 0.000105609564 0.00018088846 7.2186485e-05 0.042895105 0.0005052236 0.39342618 3.8478607e-05 0.0034446702 0.00056996103 8.744837e-06 2.3758546e-06 0.85251504 5.1544797e-05 5.2985648e-05 0.050577685 5.8617416e-06 6.546751e-06 1.063831e-05 0.007799387 0.7462239 7.5188836e-06 1.5334923e-05 4.6004923e-05 0.6369134 1.09702505e-05 1.7070237e-05 7.9887997e-16 1.4823927e-08 0.079743184 0.0070867036 2.2725143e-07 0.90051705 6.059131e-07 0.0039409627 0.25872606 0.0008649677 0.7217156 0.9891743 0.26547652 4.560842e-06 3.0298747e-06 0.37724158 4.7085994e-08 1.5634718e-06 5.7760747e-07 8.418197e-06 1.3613654e-05 5.3388202e-08 0.00021091607 0.07579054 0.04219206 0.00013124422 0.56892604 6.1583296e-07 3.7739526e-06 0.01911708 0.03906929 0.08664667 4.2599468e-06 1.6036141e-05 6.998696e-07 4.988597e-06 2.344303e-05 0.014360229 0.052827872 6.767854e-05 0.01295198 0.051854733 0.3985149 7.611592e-08 0.00014855502 0.01574636 0.0058148336 2.8620707e-07 4.7382065e-07 0.023593592 0.00013377597 0.0018583046 2.0470612e-05 0.007387794 0.0064571127 2.8659713e-07 4.6477203e-06 3.762702e-05 0.00049524975 1.9936383e-06 0.017707303 0.0008426205 0.0046235034 2.5194777e-07 2.7698085e-05 0.00740965 6.46811e-08 2.2974139e-06 0.00057168154 0.00043902706 0.0037818847 0.0020348108
0.29552644 0.00035997058 0.00052105164 4.2456463e-06 0.0002774791 6.077377e-07 4.571973e-08 3.1731153e-07 8.714686e-07 1.2385949e-06 6.94904e-09 6.225778e-07 0.35363522 0.73894316 7.0953654e-08 0.1134627 4.506606e-08 3.9792457e-07 0.6582581 0.00039655948 0.1068055 0.00022006578 6.970908e-08 0.9777647 0.016742576 2.1407698e-06 2.3169358e-07 0.16056436 0.0006976811 1.4823927e-08 5.7464908e-21 6.5361934e-07 8.786409e-08 0.8604254 1.0932569e-07 0.91467184 4.036906e-07 1.17408526e-07 0.0013886946 3.013452e-08 2.229863e-07 4.542099e-08 0.062845975 0.48000318 7.1121904e-09 0.2498239 0.00884371 0.2572981 0.10302177 8.111977e-06 0.38977614 6.06168e-05 1.7095927e-07 7.334885e-07 0.0006276852 3.3249555e-07 2.3132443e-05 0.90675694 8.586573e-06 2.3395702e-07 8.129615e-07 4.45587e-06 0.015474513 0.016479462 0.03196217 5.9054315e-07 2.0687908e-07 3.381472e-06 0.018675778 2.45626e-07 4.289985e-08 4.1859586e-08 0.05037401 4.997384e-07 2.4037436e-06 2.992884e-07 0.0632945 0.02463204 9.942922e-07 0.01978665 1.5749199e-06 0.018796025 7.9263e-08 4.6995623e-07 0.006025284 0.00027364338 0.014887221 2.5944342e-07 0.0060172533 6.299766e-07 4.6922337e-06 6.006185e-07 0.020752518 3.8820247e-07 7.556129e-07 0.0011372607 6.40693e-05 0.00020171043 0.0001962159 2.627674e-07 3.543252e-08
