6.609134e-26 0.9487854 0.8769997 0.76282334 0.7000651 0.28108814 0.21105032 0.12857574 0.06007303 0.99492323 0.36138716 0.72124225 0.2915616 0.029697826 0.7366531 0.028847622 0.46147895 0.54164374 0.4655382 0.7490405 0.5454649 0.0014770556 0.50644034 0.0005531873 0.3223371 9.886879e-05 0.8099947 0.6597488 0.37035948 0.0016562951 0.0203299 0.018273357 0.45392567 0.9794816 0.6502181 0.009262156 0.65429866 0.8927451 0.0038418951 0.33392966 0.7387069 0.009748662 0.97412676 0.65843004 0.002853309 0.93483025 0.5383587 0.91377944 0.19667588 0.01955445 0.015714295 0.0011486539 0.0010908846 0.001926298 0.07405892 0.98013026 0.896247 0.93841916 1.922693e-05 0.053005286 0.68556744 0.056614492 0.49430358 0.9887779 0.85734165 5.890627e-05 0.03340635 0.0033939304 0.1046285 0.41686222 0.33113527 0.0067678415 0.94173574 6.797064e-07 0.95429677 0.7847633 0.9833017 0.17750943 0.96398574 0.010744704 0.85943985 0.00017944687 0.004228854 0.00083072786 0.9999275 0.99462074 0.12801896 0.99995357 1.3720178e-07 0.9754742 0.0038212715 0.06207278 0.995034 0.03525503 0.12730177 4.7649368e-07 0.998443 0.00046378217 0.9922258 0.003665808 0.0012008293
0.9487854 7.956792e-19 0.96191585 0.95252424 0.4906089 0.64063495 0.30855274 0.36114058 0.12519968 0.50749433 0.40733358 0.59908223 0.07740395 0.116346255 0.13351455 0.12262308 0.036037613 0.011216227 0.0107093435 0.027938623 0.15636414 0.0074524824 0.0036342156 0.0071275947 0.024986647 0.0012017178 0.5638166 0.0077353492 0.034062576 0.011295264 0.0029361094 0.0019982848 0.0014226716 0.51537395 0.11522545 0.038775705 0.0049877195 0.004136369 0.0023722437 0.0001658606 0.009933891 0.0005032832 0.1219441 6.149691e-05 0.0050030905 0.010479431 0.00017014465 0.00010533054 1.1679287e-05 0.00054868474 3.5556022e-05 0.00015188253 0.0014314108 0.00043137642 2.555488e-05 0.01584992 0.16673669 0.11222779 6.332776e-05 0.00010018049 0.0027473026 0.00018982329 0.00085432414 0.00022066472 0.09793086 1.677777e-05 0.00047914672 2.0214284e-05 5.638486e-05 6.4947326e-06 4.162831e-05 5.172305e-05 0.06414577 6.2072427e-06 0.07788606 0.00044937123 0.009677977 3.0235316e-05 0.00075329666 6.515646e-06 0.0044637434 1.5396668e-06 5.8719297e-06 2.5765183e-07 0.011055207 0.004871285 0.00015147027 0.018136607 3.866247e-06 6.440599e-05 2.7411312e-05 5.9751797e-05 0.0032933613 6.338434e-06 4.1100932e-07 6.954464e-07 0.0065390463 5.5273293e-05 0.00074396085 1.6769251e-06 7.953204e-06
0.8769997 0.96191585 1.5124928e-19 0.16158393 0.07865129 0.68173856 0.08730146 0.3474178 0.06215074 0.96976024 0.89117014 0.04974409 0.030765802 0.18326762 0.7292109 0.3120204 0.007225777 0.0020424318 0.0017526327 0.28707328 0.020142674 0.023520244 0.0007320203 0.007444516 0.0068815663 0.0031494838 0.29492345 0.05955859 0.16824551 0.010487623 0.00021269989 0.00019378922 0.025038019 0.11842027 0.10863713 0.011014601 0.0073453826 0.010683621 0.000258745 0.0030365353 0.003850987 0.00010897693 0.048043594 0.001007487 0.03494882 0.0017561404 8.545983e-05 4.4838536e-05 0.00012285485 0.012282803 1.6912585e-05 1.1186609e-05 0.010210578 0.005891976 1.5918207e-05 0.002655428 0.044083834 0.016296715 0.00088393496 5.0169823e-05 0.0037092315 9.1823626e-05 0.0018725008 6.250479e-05 0.029448528 0.000232652 6.882107e-05 0.00075117603 0.00030110046 0.00014466756 0.00014309604 9.816701e-06 0.01531765 4.4842e-05 0.046585802 0.00020740168 0.009076753 0.00011542432 0.00066358637 5.6692195e-05 0.0045097736 3.2694682e-06 9.377136e-06 2.7466734e-07 0.0075627817 0.0031875072 2.8391507e-05 0.005845274 6.2043546e-06 2.4920564e-05 6.5394044e-05 7.294968e-05 0.0014048773 1.6486669e-05 6.612666e-07 2.1018857e-06 0.0015570146 3.707852e-05 0.00062294555 9.195016e-07 1.0154275e-05
0.76282334 0.95252424 0.16158393 1.3123139e-18 0.9752152 0.29752964 0.5617005 0.31993228 0.34649217 0.060770657 0.10145675 0.9616562 0.4383997 0.108486906 0.018809827 0.06828903 0.38274413 0.09064075 0.054970596 0.0032273603 0.39110664 0.006424 0.023506977 0.015003097 0.069526814 0.0009784441 0.07791258 0.0002887041 0.011717912 0.037582498 0.01992681 0.020594854 7.5325675e-05 0.214447 0.008066501 0.12577511 0.00043085287 8.012896e-05 0.0073863813 1.3237395e-05 0.03313825 0.0030100371 0.017116746 8.9464066e-07 0.0020334334 0.02633729 0.00083459076 0.0005904931 8.855152e-08 6.7840056e-06 0.0001493018 0.0003416632 8.868299e-05 1.5881435e-05 0.00016670123 0.023225173 0.07021179 0.061208285 1.7142507e-05 0.00012413078 5.4045075e-05 8.528935e-05 8.905398e-06 0.0002127017 0.017600955 2.4129145e-06 0.00013007454 8.525209e-07 1.3124833e-06 8.4789843e-07 9.3659374e-08 8.350795e-05 0.015993424 2.5502914e-06 0.008858806 0.00026044337 0.0006808477 2.189195e-06 3.3124873e-06 2.7201625e-07 0.00049353356 1.2582686e-07 7.2308916e-07 5.7426524e-07 0.0015406349 0.00035890398 0.00011157348 0.003059257 4.2808842e-06 1.4071928e-07 6.225787e-06 1.1111204e-05 0.0038698532 4.4970344e-07 1.07699954e-07 9.795364e-07 0.004576814 2.0575679e-05 0.0011843387 2.068547e-06 1.1633635e-06
0.7000651 0.4906089 0.07865129 0.9752152 1.9293444e-16 0.37526923 0.91275996 0.49301866 0.78015316 0.03865747 0.084174946 0.7003422 0.8167399 0.2605576 0.019426446 0.16201201 0.6022263 0.17875291 0.07758777 0.0034571402 0.15614785 0.026005957 0.044040293 0.053051256 0.049394853 0.0044984873 0.02143073 0.00048439106 0.014368318 0.1141705 0.09452772 0.08180677 8.247235e-05 0.094886154 0.001260761 0.25050014 0.00014938954 3.4518092e-05 0.027695062 2.5103327e-05 0.027575761 0.012885218 0.010004359 2.5281124e-06 0.007357606 0.023604292 0.0018348069 0.002120632 3.6424765e-07 8.2506285e-06 0.00074043515 0.0012568271 0.0003413279 2.0773059e-05 0.0006225678 0.011926792 0.018698782 0.014240814 2.442686e-05 0.00018108675 1.415943e-05 0.0001971579 1.4893923e-05 0.0007176236 0.0043514576 1.8602923e-05 7.443398e-05 4.741011e-06 3.2772318e-06 9.569084e-07 1.2952471e-07 0.00010995982 0.0051053306 4.494786e-06 0.0035833495 0.00062366354 0.00016124218 3.0308804e-06 1.015002e-06 2.8127073e-07 0.00017115122 2.9756768e-07 2.2023771e-06 1.6575875e-06 0.00083781045 0.00030589727 0.00014901732 0.0018818629 1.8277833e-05 1.413315e-07 2.64588e-05 3.774912e-05 0.002455422 1.904901e-06 3.4910894e-07 3.6589324e-06 0.0031911845 0.000103080594 0.0027858263 1.4030402e-05 7.3508754e-06
0.28108814 0.64063495 0.68173856 0.29752964 0.37526923 7.849998e-21 0.111768164 0.9795848 0.18498845 0.26378113 0.94739664 0.06361765 0.08309504 0.76563185 0.25237748 0.62155235 0.007832459 0.003975476 0.0012761956 0.07099039 0.037962534 0.083602265 0.00033062798 0.05535408 0.008594869 0.011505846 0.042160552 0.0025268518 0.07276801 0.04725479 0.0005436887 0.000992746 0.0006675493 0.04492333 0.00764497 0.08891231 0.00015028879 0.00087924744 0.0008577108 6.173347e-05 0.0028275347 0.00017295674 0.0025783414 9.081172e-06 0.012970911 0.001060983 2.0329671e-06 6.6631884e-07 1.4934459e-07 1.4971379e-05 9.436712e-06 2.4464533e-05 0.00036762215 1.2499659e-05 2.638678e-07 0.0011375498 0.0018650807 0.0026490523 0.0005299575 1.1393987e-06 2.1545098e-05 2.8541717e-07 3.364438e-05 1.1097765e-05 0.0007155662 2.6834116e-06 1.6722652e-06 1.4943827e-06 1.3666786e-06 1.0672958e-06 6.1589515e-07 4.3999994e-06 0.0015568996 1.3334564e-05 0.0017931464 1.7990214e-06 0.0004416071 1.2869306e-06 2.7875724e-06 3.6009173e-08 0.00027855794 6.6893335e-08 4.333333e-08 2.8273053e-07 0.00031402856 0.00038397245 1.8102001e-07 0.00034464002 7.837566e-06 5.620666e-07 1.3146717e-06 2.6726186e-06 0.0006220698 7.661742e-08 1.5408682e-08 3.5547291e-06 0.00070350355 5.367348e-06 0.00010154745 3.4907035e-07 4.740778e-07
0.21105032 0.30855274 0.08730146 0.5617005 0.91275996 0.111768164 5.79853e-19 0.28122583 0.97071683 0.044802345 0.016054947 0.24924383 0.96962357 0.12149377 0.0074066124 0.037207168 0.33120778 0.1085373 0.050244063 0.001438171 0.08566602 0.00613442 0.029730434 0.031121206 0.0486098 0.0012444803 0.013305527 9.07773e-05 0.003202685 0.07205268 0.034359794 0.039172962 1.1893761e-05 0.050555456 0.0021536502 0.15263051 4.9063758e-05 0.00022653858 0.019387193 1.8345389e-06 0.03420999 0.0067751585 0.004015437 2.055723e-06 0.0011854422 0.01345869 0.0016658856 0.0010812666 5.019616e-08 2.8087686e-06 0.0006920279 0.0012491961 0.00011716218 2.6020152e-06 0.00026210782 0.008365789 0.009431014 0.007955151 5.817897e-05 0.00011642816 3.372035e-05 8.2108985e-05 1.2149934e-05 0.0010365023 0.0014585332 3.2505777e-06 9.849733e-05 4.470449e-06 1.3714312e-06 1.0180274e-06 6.9220744e-07 0.00013928514 0.0029190895 5.2372366e-06 0.003272307 0.00089989393 0.00042859867 2.8920447e-06 5.091147e-06 9.1175146e-08 0.00016390138 3.344157e-07 2.607725e-07 5.590097e-06 0.00076946715 0.00031639554 0.00012543371 0.0010517737 1.6126025e-05 1.1772701e-06 1.1552193e-05 1.9672978e-05 0.0014537132 9.017099e-07 1.8341147e-07 1.0979744e-05 0.004361011 9.672058e-06 0.0016754658 8.395356e-06 1.0425808e-06
0.12857574 0.36114058 0.3474178 0.31993228 0.49301866 0.9795848 0.28122583 8.0338955e-19 0.58639306 0.17482685 0.52259135 0.07655824 0.16634071 0.9651153 0.11671855 0.6474767 0.030009529 0.014958772 0.0051838807 0.04691545 0.04153196 0.18652354 0.0029344829 0.15052043 0.015873397 0.026978277 0.014911286 0.0011269355 0.060484543 0.12565354 0.0051279794 0.0041734152 0.00014046702 0.04401362 0.0012779343 0.11318322 0.00015598364 0.00023581662 0.0009081125 7.046044e-05 0.008306289 0.00037101656 0.0037998343 1.06855105e-05 0.013338546 0.0052642296 9.9705736e-05 3.292013e-05 5.6917685e-08 1.8813358e-05 8.447294e-06 7.1631102e-06 0.00033109967 6.8171144e-06 1.3425462e-06 0.0015342796 0.0022382655 0.002436854 0.00011930211 3.7698555e-06 6.402615e-06 8.59381e-07 5.674658e-06 7.08316e-05 0.00078901945 4.204319e-06 1.2304537e-06 3.6334927e-06 3.1406043e-07 9.334874e-07 4.4279437e-07 6.4098485e-06 0.0019106122 2.3947832e-06 0.0016492361 2.64238e-05 0.00020264341 1.4470178e-06 6.4166e-06 1.8446071e-08 0.00021559186 7.977884e-08 1.3457425e-07 5.3434434e-07 0.00076873 0.00022044512 3.8120022e-06 0.00045185947 3.4465613e-06 5.463011e-07 2.996681e-06 3.3238603e-06 0.0012042084 1.8926877e-07 1.3464305e-07 7.5605845e-07 0.0011525548 5.3571e-06 0.0008462308 6.877245e-07 8.4297045e-07
0.06007303 0.12519968 0.06215074 0.34649217 0.78015316 0.18498845 0.97071683 0.58639306 6.963583e-20 0.048698496 0.027897274 0.11697943 0.9755901 0.33089766 0.020081872 0.14062794 0.11198683 0.07807493 0.02498023 0.0035779916 0.06364961 0.060488056 0.013589523 0.11005041 0.028999446 0.0071494957 0.0018601478 0.00017307026 0.0070164637 0.27065164 0.15798691 0.14731532 8.192014e-06 0.03343177 4.7863337e-05 0.3913147 5.8019373e-06 1.2049728e-05 0.07817512 6.876159e-06 0.0067124334 0.04794385 0.0016706672 1.9349964e-06 0.004965804 0.008556679 0.0012476972 0.00034071566 6.346745e-08 4.338676e-06 0.00023707801 0.0004529804 6.2190134e-05 4.8538386e-06 0.00019486467 0.002225712 0.000453554 0.0022325593 4.356575e-06 3.237595e-05 3.0308513e-06 5.0513234e-05 7.294968e-07 0.0003065555 0.00040851915 9.649647e-07 1.36325325e-05 1.8450595e-06 1.046346e-06 4.0647512e-07 3.6232035e-07 4.4824126e-05 0.002838152 7.399261e-07 0.0010167109 0.0006040363 0.00025266712 6.5389395e-06 3.2949476e-06 1.274934e-07 0.00020215313 8.1554583e-07 7.94649e-07 2.0902746e-07 0.00041660087 0.000109544286 1.8671965e-06 0.0015603706 3.4598393e-06 3.786919e-07 5.9701415e-06 5.6688054e-06 0.0018748203 3.365157e-07 1.2322522e-07 1.91913e-07 0.0012057269 3.5757516e-06 0.0009390314 4.050094e-07 4.4266432e-07
0.99492323 0.50749433 0.96976024 0.060770657 0.03865747 0.26378113 0.044802345 0.17482685 0.048698496 2.4105125e-18 0.39065573 0.021368068 0.033194978 0.11019579 0.6667266 0.09548166 0.0024002206 0.0015484742 0.0009381972 0.41307703 0.0088607045 0.005366903 0.00044019826 0.006038754 0.0025154431 0.0004776933 0.8125943 0.320447 0.14927462 0.00542388 0.00015266714 7.8130695e-05 0.0998729 0.13403516 0.6597022 0.007214575 0.12709315 0.2539634 0.00033666083 0.019728709 0.0020555574 0.00016322518 0.1662524 0.01729445 0.006181198 0.00049441494 4.6758683e-05 2.6051848e-05 0.0028938618 0.03696788 7.1513364e-06 3.8344275e-05 0.0071243737 0.01237579 4.757938e-06 0.0013975503 0.10074985 0.017738968 0.00028429157 0.00016818036 0.017300215 0.00016952609 0.011298314 3.9613216e-05 0.111407086 0.00043350094 0.000406382 0.002979734 0.001820201 0.00097199995 0.001338405 5.441083e-06 0.03799663 3.3774257e-05 0.33639646 7.095458e-05 0.08121163 0.0006019552 0.01590772 0.00064048683 0.04710717 9.345465e-05 0.00041083124 9.685926e-07 0.051042303 0.03489057 2.2725579e-05 0.032933544 1.0842444e-05 0.0034622808 0.00010735433 0.00015935514 0.0009364835 6.265703e-05 1.9604195e-06 3.0312763e-06 0.0049239723 0.00012756158 0.00030286296 6.500672e-07 7.467579e-05
0.36138716 0.40733358 0.89117014 0.10145675 0.084174946 0.94739664 0.016054947 0.52259135 0.027897274 0.39065573 1.6474605e-19 0.01432957 0.008202771 0.48876035 0.9133888 0.89431983 0.0010436603 0.00026660968 0.00014278374 0.24631564 0.005808338 0.117759205 2.9139619e-05 0.028278142 0.0008464547 0.033525135 0.043803345 0.008789641 0.40354493 0.022772793 0.00023332034 0.000101325335 0.0068897447 0.023652453 0.00826726 0.030861635 6.335422e-05 0.0012208243 6.102328e-05 0.00073563884 0.0005973383 3.0318244e-05 0.0028827349 0.00020181008 0.14319879 0.00014096436 1.8329685e-06 1.0525441e-06 1.3989436e-05 0.0046372963 9.18701e-06 1.9368483e-06 0.01941183 0.005151652 2.9559658e-07 0.00018696698 0.0016261194 0.00247829 0.012048924 7.229526e-07 0.00011675673 3.1643066e-07 4.82196e-05 2.0541454e-06 0.001275012 0.0013337255 8.189533e-07 0.0007346415 8.198086e-06 1.9852552e-05 1.9452173e-06 1.3200427e-06 0.0013473554 0.0003727174 0.0009695424 3.1337452e-06 0.000276137 1.9141491e-05 4.3232035e-06 6.0326715e-07 0.00012684331 9.951564e-07 1.1381009e-06 1.3355365e-08 0.00014286846 0.0002173688 2.4388146e-07 0.00015001143 0.00017316255 2.8661966e-06 2.5765148e-06 1.2079044e-05 0.00012157904 8.2392864e-07 6.876907e-08 4.3842374e-06 0.00047580694 1.3989717e-05 4.192225e-05 2.7991805e-07 9.063081e-06
0.72124225 0.59908223 0.04974409 0.9616562 0.7003422 0.06361765 0.24924383 0.07655824 0.11697943 0.021368068 0.01432957 4.3291717e-18 0.18017004 0.026230019 0.008746978 0.015483422 0.6883769 0.18525392 0.33345318 0.00092776073 0.9248949 0.002679255 0.113006055 0.0033724566 0.25568992 0.00034613477 0.11230356 0.00027199383 0.00096796616 0.009141824 0.016826171 0.01749508 1.9579336e-05 0.45608515 0.007663764 0.047640502 0.000747356 0.00021929627 0.0069048414 4.788167e-06 0.11755151 0.0042163446 0.037676796 1.9530019e-06 0.00036457906 0.069209434 0.002277593 0.0028719795 8.377128e-08 4.1361145e-06 0.0009105628 0.0011717677 4.614448e-05 3.7551566e-05 0.0012665801 0.0932599 0.14299972 0.17332794 1.1114352e-05 0.00044644802 0.000103796076 0.0005338964 4.8842136e-05 0.0006205171 0.054135017 1.8897127e-06 0.00042469244 1.0357413e-05 4.9225755e-06 3.7743106e-07 4.3360882e-07 0.0004750042 0.05316997 3.528748e-06 0.01607261 0.0009837708 0.0017207771 9.07339e-06 9.8076425e-06 1.7948751e-07 0.0010446626 1.2666815e-06 2.124639e-06 3.629264e-06 0.004522755 0.001363761 0.00041637768 0.012835448 3.6841145e-06 9.473516e-07 1.1647907e-05 2.5808691e-05 0.02807737 2.038053e-06 4.2240333e-07 1.0046828e-06 0.025452431 5.8940605e-05 0.0011791213 5.79524e-06 2.056366e-06
0.2915616 0.07740395 0.030765802 0.4383997 0.8167399 0.08309504 0.96962357 0.16634071 0.9755901 0.033194978 0.008202771 0.18017004 2.6148986e-19 0.091492385 0.00268913 0.024085844 0.5431541 0.3582679 0.13480377 0.00015391693 0.062277775 0.0043731946 0.100366 0.026532328 0.05035282 0.00015014496 0.00084427797 3.5135768e-06 0.00017698688 0.11324624 0.27893275 0.20403837 1.0909509e-07 0.020695409 1.893114e-05 0.36651957 1.7349878e-06 1.0213665e-05 0.12612328 7.500578e-08 0.04973278 0.10920051 0.0015987216 7.9985135e-08 3.0680014e-05 0.027817832 0.015292478 0.009604903 2.8576086e-09 5.002825e-07 0.005440855 0.0044857594 3.3198892e-05 1.0936798e-06 0.0025286537 0.0061039343 0.0033057486 0.0059866672 1.1478347e-06 0.0009291846 1.4288357e-06 0.0007383381 2.1727676e-06 0.006786145 0.0009355712 2.7674528e-07 0.000789712 8.0407125e-07 1.0202565e-07 1.3209625e-07 1.575879e-07 0.0001121273 0.0013667021 7.3922575e-07 0.0026625865 0.005241019 2.8354845e-05 1.8293152e-06 6.819874e-07 5.1845007e-08 2.0665784e-05 1.9103175e-07 3.4771904e-07 6.833152e-06 0.0004716418 2.9176494e-05 0.0008075915 0.00039942146 1.4606524e-06 3.52771e-07 2.3546515e-06 3.2402281e-06 0.0043793796 1.6895045e-07 1.5441987e-08 2.44797e-07 0.0051424187 3.6988442e-06 0.00700084 3.944653e-06 1.6289279e-07
0.029697826 0.116346255 0.18326762 0.108486906 0.2605576 0.76563185 0.12149377 0.9651153 0.33089766 0.11019579 0.48876035 0.026230019 0.091492385 1.4006005e-18 0.13311766 0.9731931 0.013916533 0.009834005 0.0021590001 0.06382042 0.00861109 0.7590977 0.0011505062 0.47053716 0.004306978 0.34669358 0.001473745 0.0029961655 0.1614027 0.31087634 0.0039702854 0.0032089981 0.00067584886 0.0029075204 0.00020550724 0.15387248 2.8125763e-05 7.524985e-05 0.0005641587 0.00039980604 0.0009051874 0.00021683585 0.00014523517 9.70934e-06 0.05918153 0.00057141227 5.3033622e-05 1.2179773e-05 1.07187006e-07 5.1851708e-05 4.8470665e-06 1.2920913e-05 0.0020847982 4.3835076e-05 1.236105e-06 0.00030983356 0.00012790413 0.0010448479 0.0016017975 3.0089031e-06 8.725473e-07 3.242341e-07 6.663852e-06 3.1694377e-05 0.00010459968 2.409717e-05 5.310873e-07 2.9996404e-06 9.0399595e-07 1.3687109e-06 5.6952956e-07 8.412205e-07 0.00058530166 5.1986613e-06 0.0002488818 8.81271e-06 0.00013310583 2.9021237e-06 1.2514348e-06 5.3106678e-08 0.00012516316 2.208316e-08 1.4131493e-07 2.3211001e-07 0.00018789899 7.089113e-05 1.28382e-07 8.248477e-05 3.3029482e-06 2.907569e-07 5.1362917e-06 3.3532124e-06 0.00048098192 7.622474e-08 1.9469152e-08 1.260883e-06 0.00022200085 8.315989e-06 9.4264906e-05 8.262656e-07 5.210089e-07
0.7366531 0.13351455 0.7292109 0.018809827 0.019426446 0.25237748 0.0074066124 0.11671855 0.020081872 0.6667266 0.9133888 0.008746978 0.00268913 0.13311766 3.11465e-21 0.5907797 0.00056505034 0.0003832512 0.00016457394 0.98506576 0.0057847695 0.0866344 5.6512767e-05 0.0050467732 0.0016743884 0.008552808 0.16043606 0.20744005 0.5830916 0.0061285147 1.1460774e-05 3.480812e-06 0.15271315 0.028794095 0.07332488 0.0027561265 0.00735455 0.035291225 8.200241e-05 0.053950634 0.0004516791 0.00014813569 0.021022288 0.010995332 0.1365151 0.00011764845 1.2781908e-05 3.2808127e-06 0.0031695757 0.08584738 3.8789498e-05 7.865345e-06 0.08672893 0.027176239 2.226919e-06 0.00019744203 0.006919475 0.0031689606 0.016730933 7.5026314e-06 0.0063118753 8.063777e-06 0.0035777357 9.821196e-06 0.0055447835 0.008969713 2.15567e-06 0.012757552 0.0029498688 0.0033562519 0.0007975964 1.7120701e-06 0.00711425 0.00040633488 0.024178702 5.4759792e-05 0.0073971148 0.0009933934 0.0015603148 0.0005236972 0.0044258945 0.00033398846 0.0002682519 4.1920867e-08 0.0025815745 0.0022967446 6.7131086e-06 0.0019505012 0.00016291524 0.0003158435 6.313347e-05 0.0004677303 0.0009098706 6.805153e-05 3.8578382e-06 2.8245322e-05 0.00077379204 0.000109043875 0.0004936472 8.378179e-07 6.52418e-05
0.028847622 0.12262308 0.3120204 0.06828903 0.16201201 0.62155235 0.037207168 0.6474767 0.14062794 0.09548166 0.89431983 0.015483422 0.024085844 0.9731931 0.5907797 6.755805e-19 0.0048382278 0.0029757905 0.00058432145 0.39104286 0.00068188994 0.9589364 0.00014002726 0.36179623 0.00035152843 0.58601564 0.0006753038 0.011881184 0.53990406 0.19718921 4.679777e-05 0.00019580933 0.008741366 0.0005202736 0.0005508469 0.09199198 9.717074e-06 0.00020836499 0.00022818713 0.0017025184 6.904202e-05 0.00013737024 2.8992043e-05 0.000277097 0.371271 5.667333e-05 2.6002504e-05 1.0532948e-05 2.042466e-06 0.00056923175 1.9805454e-06 8.257517e-06 0.022630917 0.001893894 3.507515e-07 0.00014875691 0.000106769396 0.0010957798 0.024488991 7.56839e-07 3.1664274e-06 2.1654228e-07 1.2926508e-05 1.1113907e-05 7.5018266e-05 0.0010467669 1.0159184e-07 2.2591537e-05 1.1891384e-06 1.6171827e-05 2.5739803e-06 1.2945902e-07 0.00036274732 0.00022926621 0.00018520653 4.1268668e-06 0.00015583435 6.1091782e-06 6.4687274e-06 2.6194473e-07 9.687839e-05 6.335712e-07 1.8975649e-06 1.5902327e-08 8.965411e-05 0.00013281773 2.37568e-08 6.673702e-05 5.2963926e-05 7.481229e-07 9.868337e-06 2.1130118e-06 6.907692e-05 2.7939691e-07 5.5102156e-08 6.7816645e-06 0.00022065565 5.854769e-06 5.0171616e-06 4.0232197e-07 3.689079e-06
0.46147895 0.036037613 0.007225777 0.38274413 0.6022263 0.007832459 0.33120778 0.030009529 0.11198683 0.0024002206 0.0010436603 0.6883769 0.5431541 0.013916533 0.00056505034 0.0048382278 1.7940009e-18 0.9691367 0.9309527 0.00012962798 0.5813874 0.001085752 0.86175066 0.0057454905 0.4768547 4.6882997e-05 0.009832034 3.088949e-05 0.00043284203 0.036709063 0.31472555 0.188708 5.9606978e-06 0.08606221 0.0009918574 0.26426888 0.00016102167 4.562837e-05 0.11544202 3.4191953e-06 0.28740072 0.1508511 0.008985673 1.2755257e-06 4.9343325e-05 0.11731386 0.05577275 0.03826325 1.962768e-07 3.2778225e-06 0.02571459 0.013144507 1.764874e-05 7.309739e-07 0.007371994 0.06381992 0.043962106 0.08415189 6.815281e-06 0.0013948852 3.0002171e-05 0.0012194534 2.9852117e-06 0.0072914734 0.008478859 1.2180917e-06 0.00064231025 1.3041362e-06 4.8117846e-07 1.1084464e-06 1.3394734e-07 0.00058376446 0.017450366 1.0679638e-06 0.0063687614 0.0042738356 0.0002917058 9.462524e-06 1.6370712e-05 8.6483574e-08 5.2357358e-05 3.9507067e-06 9.28433e-07 5.795362e-06 0.0023044392 0.00037364522 0.0014926906 0.006607025 9.582742e-06 1.3694224e-06 8.615281e-06 1.5215137e-05 0.009249647 1.5012376e-06 4.160799e-07 2.7913925e-06 0.022517305 2.7699141e-05 0.007128615 8.780977e-05 7.2057236e-07
0.54164374 0.011216227 0.0020424318 0.09064075 0.17875291 0.003975476 0.1085373 0.014958772 0.07807493 0.0015484742 0.00026660968 0.18525392 0.3582679 0.009834005 0.0003832512 0.0029757905 0.9691367 8.8795724e-16 0.84524375 3.0213641e-05 0.15867336 0.0011753334 0.9564886 0.004219096 0.1900798 1.3715653e-05 0.0005938677 1.6923072e-05 0.00012539208 0.063462295 0.68440855 0.49289364 3.516166e-07 0.047938194 2.9958053e-05 0.48949438 5.9758007e-05 1.2116749e-05 0.40591988 1.0347239e-06 0.15449405 0.6546665 0.004232052 6.388407e-07 0.00014034251 0.10896295 0.17515945 0.09540526 7.042338e-08 7.921804e-06 0.22676612 0.08214436 0.00012389186 1.2835575e-06 0.06500598 0.034067515 0.008064201 0.022612141 6.9777525e-06 0.013556727 8.508603e-06 0.010786453 4.0648856e-06 0.05273796 0.003536558 1.7196318e-06 0.006264725 4.640713e-06 3.52481e-06 9.234694e-07 1.6007994e-07 0.004184205 0.006879267 1.0555416e-06 0.0047295233 0.028510476 0.00016491646 2.3845338e-05 3.6129297e-06 1.0074316e-06 9.336744e-05 4.9936093e-06 6.1395444e-06 8.275614e-05 0.0014056585 0.00010951462 0.0070860656 0.002699342 4.9404607e-06 2.3958592e-06 1.5212439e-05 1.06434045e-05 0.017881226 6.1659983e-07 5.8454214e-07 5.438284e-07 0.013346085 1.2698763e-05 0.02806475 0.0004454972 1.7215748e-06
0.4655382 0.0107093435 0.0017526327 0.054970596 0.07758777 0.0012761956 0.050244063 0.0051838807 0.02498023 0.0009381972 0.00014278374 0.33345318 0.13480377 0.0021590001 0.00016457394 0.00058432145 0.9309527 0.84524375 5.174328e-18 2.1290027e-05 0.5635648 0.00042432628 0.9836106 0.0024891065 0.6999309 6.181239e-06 0.013053339 1.1798388e-05 6.230595e-05 0.010451229 0.12730493 0.073037125 2.6600242e-06 0.17018896 0.00087824435 0.11745233 9.340102e-05 1.1433352e-05 0.055872906 1.7691112e-06 0.47774512 0.09495714 0.007922133 8.040751e-07 9.477176e-05 0.24096325 0.10946234 0.07622092 1.09553e-07 1.7869665e-06 0.04394782 0.011832895 3.16735e-05 7.5305485e-07 0.016222099 0.13313061 0.07366072 0.17567617 1.07114465e-05 0.0061115124 6.2639324e-06 0.004074358 8.316152e-07 0.015494107 0.014522985 2.1172723e-06 0.0024867896 6.5049794e-06 1.1981358e-06 3.749849e-07 5.5893505e-08 0.0014960917 0.0326163 1.0945197e-06 0.004153085 0.0056927577 0.0002694423 1.0447511e-05 2.5896152e-06 2.3099373e-07 6.663513e-05 8.389729e-06 1.2527864e-06 4.0491093e-05 0.0020015442 0.00026340058 0.0037199124 0.0037157426 2.3038974e-06 2.4003407e-07 9.8162145e-06 2.1641552e-05 0.06862844 8.736156e-07 2.2308268e-07 3.8394974e-06 0.060276683 6.0291637e-05 0.012207707 0.00028182025 6.012844e-07
0.7490405 0.027938623 0.28707328 0.0032273603 0.0034571402 0.07099039 0.001438171 0.04691545 0.0035779916 0.41307703 0.24631564 0.00092776073 0.00015391693 0.06382042 0.98506576 0.39104286 0.00012962798 3.0213641e-05 2.1290027e-05 5.040116e-20 0.00031923642 0.04027435 4.6376604e-06 0.0045474097 0.00018204153 0.0035559856 0.03926487 0.3960322 0.9118693 0.0011308003 1.4371735e-06 1.4227061e-06 0.48941123 0.004980143 0.030104658 0.00036895258 0.007077836 0.02508362 3.7357397e-05 0.21887334 5.76597e-05 3.3203676e-05 0.008140815 0.031660683 0.25020856 3.193396e-06 3.8298535e-06 1.573336e-06 0.011783031 0.6807322 1.4902306e-05 6.3701455e-06 0.38964468 0.23759235 8.47028e-07 2.2568453e-05 0.0021248031 0.0015871035 0.028557518 5.718767e-06 0.0035047 2.996838e-06 0.0040966147 1.2857149e-06 0.0026442378 0.04062738 2.0949176e-06 0.11607771 0.002153187 0.0103976745 0.00089092524 6.403124e-07 0.0031407287 0.00077433535 0.0075339796 2.3387849e-05 0.004585099 0.0020994649 0.0016964878 0.0024540992 0.0049283016 0.002957205 0.0012845427 5.8505435e-08 0.0017204597 0.0020049806 1.4893412e-05 0.0016526559 0.00035156077 0.00032229206 0.00030192774 0.00044745693 0.00057310844 0.00013852621 1.0767326e-05 0.00014528005 0.0005601138 0.0018055807 9.980344e-05 2.3372911e-07 0.00029644027
0.5454649 0.15636414 0.020142674 0.39110664 0.15614785 0.037962534 0.08566602 0.04153196 0.06364961 0.0088607045 0.005808338 0.9248949 0.062277775 0.00861109 0.0057847695 0.00068188994 0.5813874 0.15867336 0.5635648 0.00031923642 3.300302e-18 0.00021443945 0.27823794 0.0004926246 0.9780091 1.2435797e-05 0.2155201 0.00032813352 0.0001794532 0.0017876527 0.012653583 0.0049692146 3.9339746e-05 0.9466325 0.021402093 0.017865246 0.0031650162 0.0002240467 0.007824314 2.173149e-06 0.49955037 0.0029431516 0.10464565 4.1205727e-05 0.00018007639 0.28548568 0.012448109 0.040688682 1.0391136e-06 9.381465e-06 0.0006576589 0.0022902966 0.0001270725 4.8797494e-05 0.002064773 0.19738548 0.17057188 0.37427703 3.1663836e-05 0.0011769525 0.00015821142 0.00251762 7.1148716e-05 0.0052485173 0.067107506 3.0557153e-06 0.0012440773 1.0669026e-05 4.163383e-05 5.509315e-07 9.1475185e-06 0.00018124087 0.06280635 4.2756983e-06 0.024008483 0.002898296 0.0037814432 1.1954976e-05 2.3163746e-05 4.5749718e-07 0.0015238103 6.972152e-06 4.0138016e-06 9.368993e-06 0.010349452 0.00087544584 0.00032836923 0.03182969 2.9884843e-06 2.4175395e-06 3.917718e-05 9.4152514e-05 0.05790983 9.781731e-06 5.538193e-07 2.5783904e-06 0.04037693 5.9676397e-05 0.0007794397 4.8471315e-06 1.3583672e-05
0.0014770556 0.0074524824 0.023520244 0.006424 0.026005957 0.083602265 0.00613442 0.18652354 0.060488056 0.005366903 0.117759205 0.002679255 0.0043731946 0.7590977 0.0866344 0.9589364 0.001085752 0.0011753334 0.00042432628 0.04027435 0.00021443945 1.2926676e-19 0.00017007504 0.8150995 3.3233548e-05 0.96595764 7.190883e-05 0.002396594 0.32464635 0.46278006 9.442705e-05 0.0006067736 0.0016755961 8.1892606e-05 2.1777867e-05 0.0438245 6.603332e-07 5.1636314e-05 0.00035098408 0.00021865203 8.758651e-06 0.00012776369 9.0661194e-07 0.00010346382 0.59516513 4.1132557e-06 2.6659935e-05 5.899102e-06 1.4284242e-06 0.0001690126 3.9229612e-06 2.290423e-05 0.012838496 0.00047104483 1.1928747e-05 3.437716e-05 2.4995492e-05 0.0005133031 0.015451632 3.5376404e-06 1.722589e-05 1.8091121e-06 4.131174e-06 1.2917525e-05 7.598273e-05 0.00051795325 8.8111756e-07 2.5061727e-05 2.0520486e-06 3.455459e-05 4.7773156e-06 9.68155e-07 0.00037317266 0.0003802158 0.0003559718 8.2250604e-05 0.0001455767 8.342735e-06 1.4132503e-05 1.7762302e-06 8.6205706e-05 5.8341348e-06 8.404889e-06 2.3650058e-08 0.00022918929 0.0001290767 4.4014764e-06 0.00022013545 0.00012421093 5.047656e-06 2.4010707e-05 1.5089189e-05 0.0009734949 1.801102e-06 4.6310265e-06 1.5364363e-05 0.00023747674 1.770947e-05 9.064935e-05 1.0975028e-06 1.5897407e-05
0.50644034 0.0036342156 0.0007320203 0.023506977 0.044040293 0.00033062798 0.029730434 0.0029344829 0.013589523 0.00044019826 2.9139619e-05 0.113006055 0.100366 0.0011505062 5.6512767e-05 0.00014002726 0.86175066 0.9564886 0.9836106 4.6376604e-06 0.27823794 0.00017007504 7.200007e-17 0.0006181059 0.6089533 5.3930125e-06 0.0013790145 2.9942328e-06 6.3081716e-05 0.0035602697 0.17335467 0.10183794 1.542204e-07 0.0493097 7.899508e-05 0.12478798 2.7134962e-05 8.62657e-06 0.08234248 3.6711532e-07 0.48482135 0.19641598 0.0027287165 4.5400203e-08 0.00010938873 0.33865917 0.4216847 0.2572437 2.7943152e-09 9.174266e-07 0.074182585 0.030391995 7.9496516e-05 2.1982798e-07 0.06063934 0.11312341 0.03476634 0.110132836 5.122995e-06 0.033993836 4.771811e-06 0.0155933155 1.6691231e-06 0.080439836 0.0065757334 1.329423e-06 0.009185678 1.0401924e-06 3.1984328e-07 1.6953601e-07 8.297218e-09 0.0039282334 0.01527855 1.5935346e-06 0.0026986946 0.025545055 0.00015418856 7.8287394e-07 1.0684752e-06 4.5772783e-08 4.7021404e-05 7.3556686e-07 1.6607119e-07 0.00040886324 0.0019465637 0.00018082152 0.016468182 0.0042654737 6.0499015e-06 2.8394703e-07 4.1332396e-06 4.4066005e-06 0.19921353 2.019457e-07 6.229879e-08 1.309218e-06 0.06915362 4.098199e-05 0.022226606 0.00031791025 4.1498853e-07
0.0005531873 0.0071275947 0.007444516 0.015003097 0.053051256 0.05535408 0.031121206 0.15052043 0.11005041 0.006038754 0.028278142 0.0033724566 0.026532328 0.47053716 0.0050467732 0.36179623 0.0057454905 0.004219096 0.0024891065 0.0045474097 0.0004926246 0.8150995 0.0006181059 4.6576333e-19 2.293282e-05 0.7295908 9.526576e-06 0.00012752946 0.0311713 0.9426447 0.00068437343 0.0032068198 2.1813683e-05 9.2552364e-05 2.4932792e-06 0.08151465 4.492334e-08 9.533437e-06 0.0011037246 5.439677e-06 4.5118722e-05 0.00023028407 2.9295123e-07 2.9474265e-06 0.021143235 1.0399567e-05 0.00021330135 2.4888903e-05 8.355713e-08 6.2159033e-06 3.091265e-05 0.00020840057 0.00077655865 1.4225609e-06 0.00010041541 5.6776003e-05 1.8447628e-05 0.00066737557 0.00040154293 6.238726e-06 7.905725e-07 4.9127034e-06 1.9993654e-06 8.081165e-05 0.00020658523 1.5668116e-05 5.792395e-06 6.546043e-07 2.57373e-06 5.64411e-06 6.355837e-06 5.7846937e-06 0.00046890217 3.3014192e-05 0.0004555103 0.00019191127 0.00010057095 8.458838e-06 2.072107e-06 8.0817034e-07 0.00033956362 3.9117927e-07 1.7866138e-06 5.5976165e-07 0.00052298274 0.00011418462 9.451592e-06 0.00039138287 6.252068e-06 4.576318e-06 1.1014227e-05 3.2177763e-06 0.007956686 1.5074059e-07 9.283944e-08 5.63505e-07 0.0015121388 2.1452045e-06 0.00026910694 2.8981145e-07 2.1565088e-06
0.3223371 0.024986647 0.0068815663 0.069526814 0.049394853 0.008594869 0.0486098 0.015873397 0.028999446 0.0025154431 0.0008464547 0.25568992 0.05035282 0.004306978 0.0016743884 0.00035152843 0.4768547 0.1900798 0.6999309 0.00018204153 0.9780091 3.3233548e-05 0.6089533 2.293282e-05 4.490963e-16 3.777492e-06 0.023814868 0.00010764785 2.0703086e-05 0.0004676128 0.029098364 0.01480595 2.4844107e-05 0.33314034 0.0035064186 0.017172279 0.00032331626 0.00012572041 0.010624538 3.5905825e-06 0.96776474 0.012241481 0.016436355 2.4339726e-05 2.186398e-05 0.72588944 0.10612962 0.27980167 9.610633e-07 2.3724278e-05 0.0070585175 0.0041832714 0.00028580794 2.8206452e-05 0.016114142 0.15377612 0.06376819 0.12299989 2.4398081e-05 0.018373836 0.000104535364 0.018844215 2.390629e-05 0.06954534 0.024407474 5.9432887e-06 0.003572865 6.0688903e-06 5.227733e-05 6.166299e-07 9.420955e-07 0.0010031515 0.022712262 8.262795e-06 0.010401508 0.023639616 0.0017157375 2.9351084e-05 1.7155671e-05 4.8039533e-07 0.0014412554 3.4642271e-06 8.739155e-07 3.401864e-05 0.007604947 0.00049974205 0.004389798 0.018846003 5.9574955e-07 4.2287655e-07 2.1832455e-05 1.21022085e-05 0.18911861 1.569311e-06 1.0240973e-07 2.6310894e-07 0.060317304 2.0572008e-05 0.014751708 0.00013308528 3.858817e-06
9.886879e-05 0.0012017178 0.0031494838 0.0009784441 0.0044984873 0.011505846 0.0012444803 0.026978277 0.0071494957 0.0004776933 0.033525135 0.00034613477 0.00015014496 0.34669358 0.008552808 0.58601564 4.6882997e-05 1.3715653e-05 6.181239e-06 0.0035559856 1.2435797e-05 0.96595764 5.3930125e-06 0.7295908 3.777492e-06 1.8632877e-20 2.5757592e-07 8.80323e-05 0.15799347 0.5333151 9.993507e-05 0.0002129418 0.00016325305 1.5450195e-06 2.3852658e-07 0.042926323 1.8564347e-08 2.1361607e-06 0.00011961448 3.0671796e-05 1.8868009e-06 4.4593715e-05 4.662752e-08 3.9697343e-06 0.80046886 8.946876e-07 6.1940023e-06 2.9468981e-06 2.6801544e-07 0.00022462971 2.1630299e-06 5.048325e-06 0.031729214 0.0007976177 2.8636039e-06 2.3954296e-06 1.6144883e-06 1.5824273e-05 0.10653277 2.7768382e-07 2.014117e-06 2.5691156e-07 3.1064312e-07 2.902489e-06 8.569133e-06 0.0025934759 1.7162421e-06 0.0002260832 1.3795418e-06 2.3698171e-06 6.3172615e-07 1.1885891e-07 1.274415e-05 0.0026380832 3.8025242e-05 5.305674e-05 2.0056497e-05 7.891417e-06 6.398659e-08 4.5521017e-07 1.485075e-05 9.96067e-05 8.319471e-06 2.0133044e-08 1.0184766e-05 1.6023711e-07 9.690694e-07 2.5702164e-05 0.0006329884 1.6185295e-07 2.0731923e-06 1.6066118e-06 4.818627e-05 1.4351457e-07 3.212156e-08 2.3889404e-05 6.370951e-05 2.385464e-05 6.3069588e-06 5.103477e-09 3.4780976e-06
0.8099947 0.5638166 0.29492345 0.07791258 0.02143073 0.042160552 0.013305527 0.014911286 0.0018601478 0.8125943 0.043803345 0.11230356 0.00084427797 0.001473745 0.16043606 0.0006753038 0.009832034 0.0005938677 0.013053339 0.03926487 0.2155201 7.190883e-05 0.0013790145 9.526576e-06 0.023814868 2.5757592e-07 1.4237736e-20 0.1652255 0.002368193 1.9858082e-05 0.00025028587 2.9612025e-05 0.0044490173 0.6986259 0.87668383 0.00028605442 0.6295362 0.089934826 2.6300559e-05 0.0013876521 0.009004374 0.00011276245 0.9891427 0.014358564 3.923991e-06 0.002768385 0.000109458866 0.0004038169 0.0003654359 0.001410675 5.156058e-05 3.362499e-06 0.000117542586 6.774828e-05 3.713259e-05 0.019867735 0.24833052 0.054894697 4.159904e-06 2.620287e-05 0.0053764544 6.238622e-05 0.0057682344 0.0004004771 0.3381099 9.459036e-07 3.7715133e-06 3.881892e-05 0.00047719816 0.0002020722 0.0012782437 2.3818438e-06 0.094836965 2.1992884e-07 0.48075134 0.0009377329 0.08865308 0.00027486405 0.0068713715 1.887124e-05 0.028721206 1.5459685e-06 2.3301413e-06 8.1556955e-08 0.14326872 0.028838113 6.492296e-05 0.10553166 2.022837e-06 0.0013280938 1.33814065e-05 1.2888116e-05 0.027004601 4.5378e-06 8.966964e-06 6.3035105e-07 0.008847295 3.3375014e-05 0.0010867144 4.7103268e-07 6.3372767e-07
0.6597488 0.0077353492 0.05955859 0.0002887041 0.00048439106 0.0025268518 9.07773e-05 0.0011269355 0.00017307026 0.320447 0.008789641 0.00027199383 3.5135768e-06 0.0029961655 0.20744005 0.011881184 3.088949e-05 1.6923072e-05 1.1798388e-05 0.3960322 0.00032813352 0.002396594 2.9942328e-06 0.00012752946 0.00010764785 8.80323e-05 0.1652255 2.3577265e-20 0.05410767 8.477214e-05 1.2832883e-06 7.132344e-07 0.98130393 0.002090505 0.2852715 4.142361e-05 0.08727975 0.75124526 1.2290681e-05 0.9313771 5.8894137e-05 2.6289426e-05 0.012898545 0.7624675 0.000724995 1.0967657e-05 1.6803303e-06 2.060461e-06 0.2799416 0.39772215 2.4937013e-05 3.6381666e-06 0.016105877 0.029333735 5.665474e-07 2.2420154e-05 0.0018436927 0.000882778 8.466509e-05 7.222839e-06 0.07888395 3.213008e-06 0.10863184 1.0272211e-06 0.004162276 0.0017882888 2.6786968e-06 0.037958425 0.053480424 0.092826046 0.04520393 3.3366691e-06 0.0041206395 5.4710934e-05 0.021899752 7.5011644e-06 0.029099327 0.04434795 0.030698206 0.010417755 0.038702812 0.0011929198 0.0043200594 1.473151e-07 0.010509149 0.021680238 1.3888375e-06 0.0029636223 9.6372685e-05 0.012544879 0.001620968 0.005102459 0.00017310395 0.00077102485 0.00035459007 0.00011987074 0.000202889 0.0045168838 0.00014553034 6.9652634e-07 0.0009057297
0.37035948 0.034062576 0.16824551 0.011717912 0.014368318 0.07276801 0.003202685 0.060484543 0.0070164637 0.14927462 0.40354493 0.00096796616 0.00017698688 0.1614027 0.5830916 0.53990406 0.00043284203 0.00012539208 6.230595e-05 0.9118693 0.0001794532 0.32464635 6.3081716e-05 0.0311713 2.0703086e-05 0.15799347 0.002368193 0.05410767 2.6061752e-19 0.0050044246 0.00011097316 2.5216292e-05 0.2883725 0.0014706539 0.0020109713 0.00459864 1.1957108e-05 0.0029325804 6.115162e-05 0.059315044 0.00010001362 0.00071863405 0.00035265076 0.0044852546 0.96791065 2.9968e-05 3.0850188e-05 6.2784384e-05 0.0015062139 0.5950975 5.5470893e-05 1.1245268e-05 0.6970444 0.4667607 5.5255794e-05 1.6027852e-05 0.0020198617 0.0013705337 0.31561553 2.7042643e-06 0.00010179169 6.9680465e-07 0.00013283953 2.2675363e-06 0.0006537163 0.25806853 2.0907698e-06 0.35585916 5.245827e-05 0.0011404288 8.822321e-06 1.1467761e-05 0.0002584634 0.04735479 0.0035467106 3.6079564e-05 0.00014235682 0.00044907373 3.8514972e-06 0.0007345049 7.022927e-05 0.017028596 0.00275152 1.6509213e-07 0.00063831784 0.00017585256 8.737552e-06 0.0002863959 0.004697298 1.3069555e-07 4.729705e-05 0.00013969194 0.001578294 2.7987148e-06 1.8680568e-08 0.0017088903 0.00032863492 0.0019662841 3.1490887e-05 1.5652261e-06 8.6774504e-05
0.0016562951 0.011295264 0.010487623 0.037582498 0.1141705 0.04725479 0.07205268 0.12565354 0.27065164 0.00542388 0.022772793 0.009141824 0.11324624 0.31087634 0.0061285147 0.19718921 0.036709063 0.063462295 0.010451229 0.0011308003 0.0017876527 0.46278006 0.0035602697 0.9426447 0.0004676128 0.5333151 1.9858082e-05 8.477214e-05 0.0050044246 3.7402047e-17 0.01373749 0.10656704 4.894353e-06 0.00032377508 1.4496858e-05 0.97144455 8.085392e-08 2.2579714e-05 0.052052297 6.7427573e-06 0.00032148778 0.002671611 1.0521783e-05 2.500294e-06 0.010712086 4.6574038e-05 0.0013221693 0.00053803786 5.7140323e-07 2.3332825e-05 0.00042926255 0.0055277064 0.0016157429 1.0822485e-05 0.0017005787 0.00021815587 0.00027035145 0.00061520434 0.0005218503 8.5066364e-05 4.71732e-06 0.00011896297 1.4263585e-05 0.00018862667 0.00079001335 4.156766e-05 0.00013188498 3.8847844e-05 3.3433328e-06 1.2611616e-05 2.423762e-05 0.00012670233 0.0005201183 9.689928e-05 0.0012608327 0.0015059052 0.0002965426 5.8764872e-05 7.312315e-06 1.1314393e-05 0.0004904626 4.0487485e-06 4.039575e-05 1.2835619e-05 0.001159898 0.00013815431 4.608137e-05 0.0008689157 4.436279e-05 1.7321634e-05 2.0842472e-05 1.836737e-05 0.006877387 3.0956105e-07 5.0707933e-07 1.5707276e-06 0.002004966 4.8746906e-06 0.00089362526 1.4858135e-06 3.8005644e-06
0.0203299 0.0029361094 0.00021269989 0.01992681 0.09452772 0.0005436887 0.034359794 0.0051279794 0.15798691 0.00015266714 0.00023332034 0.016826171 0.27893275 0.0039702854 1.1460774e-05 4.679777e-05 0.31472555 0.68440855 0.12730493 1.4371735e-06 0.012653583 9.442705e-05 0.17335467 0.00068437343 0.029098364 9.993507e-05 0.00025028587 1.2832883e-06 0.00011097316 0.01373749 1.2405976e-19 0.994318 3.1416587e-07 0.0007480188 7.3460855e-05 0.39843068 8.317172e-06 8.504652e-06 0.5692169 6.179291e-07 0.023665043 0.5750877 2.1280204e-05 2.9628094e-07 1.0149017e-05 0.013502556 0.21317722 0.028845487 1.1704927e-08 2.6089851e-06 0.006540655 0.09467035 9.214802e-07 8.1878153e-07 0.026362939 0.0020450128 0.00021930339 0.0008526556 6.879305e-07 0.009400825 1.0506872e-07 0.0047720363 1.0022483e-06 0.008159777 0.00014545098 4.3252157e-08 0.015463211 3.7133707e-06 8.55716e-08 1.5426314e-06 2.2851136e-08 0.0042348253 0.00045791565 7.8862894e-07 0.00030086393 0.010245532 5.2772302e-06 9.999845e-07 3.9679037e-07 2.435196e-07 4.434071e-05 1.4429148e-07 1.03105116e-07 0.0018124591 0.00046687195 8.064428e-05 0.0020620124 0.00050780916 1.1033982e-07 6.081181e-07 1.4294403e-05 1.9004136e-06 0.0033997095 3.3210324e-07 2.1008323e-07 1.1079808e-07 0.0033902004 1.1591127e-05 0.0067633153 3.4446603e-05 8.162025e-07
