3.2391503e-17 0.36566845 0.60390675 0.008553983 0.47886062 0.94672465 0.21516582 0.45821774 0.02481355 0.90936023 0.5163544 0.0071344674 0.7790657 0.9052048 0.66382027 0.7166456 0.88389695 0.6392433 0.83991224 0.85299575 0.69279385 0.80085206 0.7265324 0.93208 0.8714077 0.9390047 0.8878618 0.65367794 0.9339437 0.7963608 0.8400359 0.59751254 0.98417073 0.99467343 0.89001787 0.9376748 0.9223596 0.8410093 0.6869574 0.55341035 0.96482176 0.8992127 0.22087535 0.91004735 0.74121696 0.99642074 0.94928706 0.7045277 0.1306055 0.86623085 0.39131528 0.95817864 0.7851755 0.0067479527 0.9406908 0.85316825 0.92911196 0.8261749 0.8808813 0.81189775 0.99301606 0.80895954 0.97349554 0.9700708 0.99482226 0.16187279 0.8434621 0.82796687 0.9291009 0.99119675 0.005483366 0.9669437 0.6484563 0.91432446 0.8688071 8.3937026e-05 0.45232812 0.11424991 0.28234062 0.029426938 0.86338705 0.9999795 0.017343 0.9975009 0.89117104 0.0021199614 0.8427332 0.87989753 0.036168545 0.9869232 0.0015829193 0.7257352 0.90621996 0.07091631 0.88214004 0.8409243 0.0051965844 0.99999994 0.5098757 0.18364398 0.99942386
0.36566845 5.92748e-13 0.9789809 0.9977446 0.20212811 0.6503255 0.25849494 0.0030943872 0.0023879544 0.01019484 0.02180728 0.006368817 2.7675853e-05 1.20612585e-05 0.0044727433 0.007682856 0.00014127592 0.0002709182 0.05773204 0.03494012 7.5689466e-05 0.0035181306 6.315051e-05 0.04112376 0.005036793 0.023789622 7.628343e-06 0.00025867816 0.00067701464 0.012068457 0.000113307375 1.2994624e-07 0.0153726805 0.0035153532 0.0028685485 0.00018822792 1.0230057e-06 2.3324881e-05 2.1747142e-06 5.826273e-06 0.00030706785 2.5311003e-05 5.366237e-06 0.00031883936 9.598441e-07 0.0017824988 3.764246e-05 7.3222386e-06 0.00022007836 2.720897e-07 2.1859141e-05 6.878082e-06 1.7938399e-05 0.00010272006 0.0007845647 7.902261e-06 2.8791508e-05 5.9614053e-05 2.3597171e-07 0.0005760318 1.1094094e-05 1.2660021e-05 1.5592748e-05 1.0391875e-05 0.00012392791 3.6396013e-05 8.555814e-06 0.00012692946 0.00014606204 5.0814582e-05 3.467197e-05 0.00012180628 0.000319251 1.9264025e-05 2.4889094e-05 3.8113228e-06 5.9009443e-07 0.00010744109 1.445846e-05 1.7682418e-05 3.5698453e-05 0.0042891824 8.723788e-06 1.4845962e-05 4.5249226e-06 2.0958635e-07 3.3274473e-06 3.2182516e-08 4.686397e-08 1.251301e-06 5.821591e-08 2.3999617e-06 6.43388e-06 1.2520371e-05 3.7491e-06 2.6297147e-07 3.259016e-07 0.0073505505 2.9583742e-05 1.9122724e-06 4.622698e-05
0.60390675 0.9789809 2.7402524e-13 0.12981346 0.9262446 0.98904824 0.14991146 0.07368653 0.0061455285 0.17471932 0.009468979 0.0009191575 0.0005695845 0.00030640644 0.102379024 0.07228252 0.00020991915 0.009190239 0.46594465 0.22316052 0.000870925 0.039529894 0.00076288707 0.5469505 0.05932411 0.30780783 0.00011173011 6.0635768e-05 0.013408675 0.0058892933 0.0009209549 3.0503594e-07 0.25830945 0.07379529 0.025674678 0.0043402407 2.4811395e-06 0.000267744 5.0389604e-06 7.6288597e-06 0.00041741895 0.0005666577 6.261048e-06 2.7611788e-05 5.8792425e-06 0.040860876 0.0016132671 4.783475e-06 3.5072192e-06 7.201691e-07 1.0904007e-05 0.00034993447 4.4352446e-06 8.074389e-06 0.003414295 0.0006800978 4.5449226e-05 1.7302811e-05 2.4663913e-07 1.7284215e-06 0.0021906383 3.0189515e-08 0.00055839884 8.370996e-06 0.0032784857 4.500877e-06 1.9656771e-07 0.000118989294 7.4292846e-05 0.00014827377 1.1018213e-06 6.265166e-07 9.645488e-05 1.8294164e-06 9.3658525e-07 6.863843e-08 4.800239e-07 5.887838e-06 3.464736e-06 4.3032005e-06 5.263466e-05 0.0061330604 8.207415e-07 0.00016499338 1.3637231e-06 1.0934564e-08 1.1669889e-05 4.6423927e-09 4.124307e-09 6.818226e-06 1.16747145e-08 4.409043e-06 1.1421418e-05 2.505783e-05 3.3543398e-05 1.4811661e-08 5.5721574e-07 0.0030545443 2.131705e-05 1.1550839e-07 9.9308214e-05
0.008553983 0.9977446 0.12981346 1.995516e-15 8.729318e-05 0.14734921 0.9915959 1.7310898e-05 0.26714703 6.557659e-05 0.10641026 0.6197465 0.0037092443 0.0008479171 0.006493544 0.00076462317 0.00065752625 0.00032058643 0.0008391883 0.0008245312 0.0007562651 0.00032067084 4.6721823e-05 0.00028631592 0.0003035787 0.00026124684 0.00029430172 0.0023442295 0.00020663567 4.840221e-06 2.5032108e-05 1.8776722e-05 0.00037817817 0.00018401707 6.2501367e-06 3.6918158e-05 1.2466178e-06 7.225608e-06 7.045096e-07 4.2464158e-06 7.3955505e-07 9.309409e-06 2.2993163e-06 5.084847e-07 1.1644604e-06 1.6045335e-05 6.435258e-05 6.4016194e-06 2.005241e-06 5.037093e-07 1.3080747e-06 1.8299932e-05 6.261307e-07 0.00066377304 8.141576e-06 3.7611437e-06 7.4840723e-06 0.00096293446 5.981168e-08 0.00011782451 2.3261682e-05 7.4285407e-07 2.2746024e-05 5.802222e-07 4.569622e-05 5.015511e-08 3.8945288e-07 3.9307433e-06 8.378432e-06 1.7732793e-05 1.1604378e-07 7.688503e-08 6.161044e-05 9.362464e-06 2.9388825e-06 3.8604564e-09 7.148189e-07 2.6371636e-05 3.0249232e-06 5.340962e-05 9.226277e-07 0.0015025182 3.935608e-08 2.615804e-06 2.4758615e-06 1.0527744e-09 7.557459e-08 1.2455623e-08 3.9898115e-10 2.1940554e-07 2.2567227e-07 1.8199621e-08 5.3454436e-08 1.001899e-05 1.37005856e-08 1.3194264e-07 9.172979e-09 0.0033242474 3.525494e-05 1.011844e-07 7.87662e-06
0.47886062 0.20212811 0.9262446 8.729318e-05 1.0905658e-15 0.42076296 0.00049524975 0.9982135 4.203551e-05 0.92946327 2.1227685e-05 1.3307358e-06 1.3561951e-05 1.1946838e-05 0.00011612643 0.00059820537 1.9128829e-05 1.9291841e-05 0.027316395 0.0034141452 1.2118931e-05 0.00037553575 2.021355e-05 0.4193413 0.0020670763 0.13419388 4.3665746e-06 7.972469e-08 0.000736687 0.0929778 5.5113014e-05 3.0579542e-08 0.029630229 0.006656073 0.28113127 0.00015396756 4.9185346e-06 5.478633e-05 1.5505768e-06 2.1702328e-06 0.0029737237 0.00015685018 2.5742577e-06 0.00040269666 4.401191e-06 0.14834696 0.0009729482 7.6300415e-07 4.049364e-05 6.022359e-07 0.00012428453 0.00014496989 0.00017100274 9.73478e-08 0.013767451 0.00089754467 5.7487356e-05 3.4770846e-07 2.4763207e-05 1.0544767e-05 0.0026417314 2.2516288e-06 0.00056690496 3.483391e-05 0.0056022764 2.3989469e-05 1.0161133e-05 0.00053683517 2.110238e-05 0.0008360988 8.2891915e-05 2.7793828e-06 3.7117617e-05 4.8074253e-06 4.0759154e-05 2.7576617e-08 1.7184261e-07 1.8155208e-06 4.9152477e-06 3.5561497e-06 6.472032e-05 0.002997134 3.312835e-06 0.0001628222 7.1031122e-06 5.501454e-09 2.0171763e-05 9.0077395e-07 4.478295e-08 1.6122334e-05 1.3068446e-09 1.4592984e-05 5.762356e-06 3.1904249e-06 9.619377e-06 3.0985166e-07 1.0892599e-08 0.0033854232 1.2613648e-05 1.4967388e-06 0.00052772835
0.94672465 0.6503255 0.98904824 0.14734921 0.42076296 1.3725835e-14 0.76148444 0.018984135 0.019142658 0.06070087 0.15431403 0.002652369 0.026292924 0.025099713 0.61135286 0.5560578 0.009908954 0.080805205 0.8672759 0.8280982 0.018507907 0.50293046 0.009652276 0.8594168 0.547735 0.7252898 0.00057170686 0.0027950592 0.2356363 0.00066252594 0.01625248 2.1334967e-05 0.77525043 0.5598373 0.013619135 0.07427833 6.0320566e-05 0.006672845 1.5206955e-05 8.826448e-05 4.3775883e-05 0.013241752 2.7944996e-05 3.0773801e-06 3.590225e-05 0.10459179 0.018474445 2.4827717e-05 5.947475e-07 2.084628e-06 2.1422657e-05 0.0036417146 9.1150235e-07 1.8289098e-05 0.0046088523 0.01687294 0.0008818965 0.00048514098 1.28035e-07 3.28974e-07 0.014588497 5.8668363e-08 0.0061478997 4.77902e-06 0.005704216 1.217381e-06 3.1165797e-07 7.0788985e-05 1.1610997e-05 0.00012642183 3.5703746e-08 1.035885e-06 0.0001647371 1.0860429e-05 7.28922e-08 1.17643495e-08 3.506248e-07 9.24224e-06 4.799869e-05 1.7586188e-05 2.6214566e-05 0.036360305 1.5477403e-06 0.0009944184 1.6980633e-06 1.5824467e-09 1.1462632e-05 3.0211808e-08 5.60995e-09 2.219823e-05 1.3099048e-08 2.2566732e-05 2.5419833e-05 3.7411958e-06 9.552969e-06 6.655037e-08 4.8823136e-07 0.023251072 1.1848951e-05 3.0127637e-07 0.0008862009
0.21516582 0.25849494 0.14991146 0.9915959 0.00049524975 0.76148444 9.77693e-15 0.00076617725 0.95307237 0.0005492598 0.96053606 0.51431113 0.35895297 0.18614794 0.446199 0.1995158 0.1153959 0.14313199 0.021319516 0.038707916 0.18667276 0.054329522 0.05604862 0.0038374495 0.013002294 0.0044761184 0.043002132 0.058196202 0.008253211 2.4627657e-06 0.043487206 0.024446068 0.0058632656 0.0048569557 5.0707404e-05 0.00729009 0.0019851928 0.0032890767 0.00020756396 0.001402001 4.5661955e-06 0.0015945015 0.0013535606 4.2011884e-06 0.0003291446 0.00022481251 0.0015744035 0.00074630365 5.080855e-06 0.0004190746 7.016486e-05 0.00037154235 6.2031595e-06 0.0088602975 0.00011511037 0.00047797404 0.000137406 0.009785655 3.4115845e-07 0.00015369237 0.00029028382 1.2048365e-06 0.00033404137 2.2788417e-06 0.0001310406 2.1049016e-07 2.2541706e-06 3.95284e-06 5.7205863e-05 7.98223e-06 1.611899e-06 2.6665032e-06 0.0011398797 0.00012714499 3.554529e-06 4.0718376e-08 6.189022e-05 0.00043882386 0.00019393215 0.001395494 1.1196818e-06 0.0030371882 7.676341e-06 0.00012153278 6.8748814e-06 4.8300417e-09 4.5729482e-07 7.895997e-07 4.8144235e-09 5.015513e-07 3.6121808e-05 1.44495e-07 9.969903e-06 0.0033275094 8.301733e-08 8.307405e-06 4.223836e-07 0.0018205708 6.6891276e-05 8.5922575e-06 5.7522584e-06
0.45821774 0.0030943872 0.07368653 1.7310898e-05 0.9982135 0.018984135 0.00076617725 1.893981e-12 4.918024e-06 0.9624923 1.3457636e-06 1.2103536e-07 1.0701087e-06 2.7409325e-07 3.1368265e-05 0.00022977691 6.766889e-06 1.4090623e-05 0.005197241 0.001156219 5.5299724e-06 0.00020461097 4.9069718e-06 0.08732907 0.00070276624 0.01976291 6.468296e-06 1.3869071e-07 0.00027614724 0.8039888 1.8561577e-05 1.4404632e-09 0.0070309048 0.0023214957 0.36114943 6.85306e-05 1.2840668e-06 2.0361676e-05 1.0309927e-06 3.8282765e-06 0.44026566 0.00013390873 1.5831766e-06 0.032113597 3.335314e-06 0.21312444 0.00021706989 1.9337206e-07 0.0022073837 5.776485e-08 0.005837976 0.00010882716 0.017614556 2.4712764e-07 0.029617092 0.00019093225 2.8166562e-05 5.106569e-07 0.0019691982 0.0010826914 0.00027813535 0.0004337296 0.00021299787 0.0059637656 0.011642767 0.0007113457 0.0013730227 0.025848141 4.7413207e-05 0.013327713 0.00032075495 0.00043847747 4.8816646e-06 6.605981e-06 0.001324052 4.103132e-06 4.3530863e-06 2.0613623e-05 1.1443797e-06 2.359284e-06 0.013898904 0.0052943956 6.398894e-05 9.344263e-05 0.00091068307 1.1256045e-06 0.0049359216 4.7144837e-05 9.52192e-07 0.0009890794 2.365522e-10 0.0019669256 8.898764e-07 5.008485e-06 0.0010983703 0.00015445217 3.145676e-07 0.011876516 4.102144e-05 0.00034097797 0.0033764131
0.02481355 0.0023879544 0.0061455285 0.26714703 4.203551e-05 0.019142658 0.95307237 4.918024e-06 2.6109384e-14 6.221629e-07 0.9472691 0.9975292 0.07670034 0.018333638 0.029463273 0.003802421 0.021989543 0.00759421 0.0003971465 0.0011246101 0.013634615 0.0015622645 0.0027368516 6.191147e-05 0.0006671251 0.00012394741 0.0058017136 0.10390637 0.0002886468 7.3964856e-08 0.0009153881 0.004262111 0.00027373998 0.00020775903 2.2818918e-07 0.00024213814 0.00030993845 9.931039e-05 3.2559223e-05 0.00076441205 1.2926805e-07 0.000116238545 0.0003519818 2.4067713e-06 0.0001663542 1.1588109e-05 9.8306184e-05 0.00030472703 1.3629028e-06 0.00016470457 4.836799e-07 6.9793874e-05 1.5810131e-06 0.0044631837 7.79099e-06 0.00010567998 5.8096255e-05 0.0028195602 1.6194899e-07 3.499895e-06 9.376121e-05 3.012603e-07 0.000122039055 4.0273402e-08 4.3998672e-05 1.6862786e-07 4.1935843e-07 2.2012516e-06 3.6900416e-05 4.5816632e-06 3.2855871e-06 1.0728514e-06 0.001202394 4.6800487e-05 6.924854e-07 1.1679748e-08 2.7532062e-05 0.00021880346 0.0001999787 0.0003175542 7.842893e-07 0.001256479 7.5042194e-06 2.042021e-05 1.0514786e-06 1.7665098e-08 3.4104102e-07 7.3487763e-07 7.612547e-09 8.269838e-07 1.0567619e-05 2.5788216e-07 1.4139304e-06 0.00018806964 8.087429e-08 3.975521e-07 4.6216506e-08 0.002590832 2.4293971e-05 2.0294287e-07 2.3295272e-05
0.90936023 0.01019484 0.17471932 6.557659e-05 0.92946327 0.06070087 0.0005492598 0.9624923 6.221629e-07 2.9369234e-14 3.5674645e-06 4.827447e-08 1.5832182e-07 1.01152736e-07 5.0933548e-05 0.00038186228 6.532921e-07 1.6972192e-05 0.05440429 0.0068842443 2.4100168e-06 0.00028205256 9.902675e-07 0.8153362 0.0028046186 0.4340782 8.2671285e-08 6.5653922e-09 0.00073982455 0.33640906 1.0516877e-05 7.2813894e-10 0.099250585 0.013967936 0.96092653 0.00011785833 6.066821e-07 8.435951e-06 6.0189547e-07 4.2542915e-06 0.19354771 0.00013655688 1.3827121e-06 0.005351011 7.458781e-07 0.8589696 0.0006076578 1.5503728e-08 0.0010460104 1.0429597e-08 0.00051277294 6.486058e-05 0.001819382 3.075298e-07 0.49773124 0.003287915 2.7810152e-05 6.068221e-09 0.00013465506 0.00014549191 0.0055760173 3.1104453e-05 0.00073212537 0.0005083412 0.1293378 0.00014599894 9.2607545e-05 0.017498018 9.208395e-06 0.009730127 2.8412014e-05 5.6975015e-05 9.991761e-07 9.2909727e-07 0.00012828661 5.1553155e-07 9.604956e-08 4.813804e-07 2.3250204e-08 2.5193273e-08 0.0032798916 0.024238445 1.2727019e-06 0.00023817214 3.253017e-05 4.105175e-08 0.0007877169 1.2461189e-07 8.1199644e-08 0.00043203743 1.8410772e-09 0.00091972307 5.5280477e-08 6.02993e-08 8.982254e-05 6.6040064e-07 6.0002243e-09 0.11342663 1.2949415e-06 2.8979686e-05 0.014864629
0.5163544 0.02180728 0.009468979 0.10641026 2.1227685e-05 0.15431403 0.96053606 1.3457636e-06 0.9472691 3.5674645e-06 4.1771227e-15 0.9342929 0.9249763 0.6053768 0.39021608 0.15000896 0.73856163 0.19521338 0.0030296715 0.017366558 0.33712447 0.061111793 0.12245702 7.1278635e-05 0.00835424 0.00038702792 0.23892869 0.9784235 0.0067372047 1.5196842e-06 0.124707565 0.58413017 0.0014931753 0.0012051044 6.0848274e-06 0.022331662 0.022038411 0.008621438 0.0032746512 0.061173864 7.100064e-06 0.0043708975 0.014001878 3.1466466e-06 0.0057393215 7.491274e-05 0.003068635 0.017329318 5.275925e-05 0.0031710435 1.6603286e-05 0.0008719447 1.9262397e-06 0.017007247 1.6780697e-05 0.000754175 0.0005965555 0.049060907 2.9239429e-08 3.0242181e-05 0.00048335904 1.1953351e-06 0.00082544616 3.6756742e-06 1.1041193e-05 3.140607e-07 2.0283298e-07 8.1617446e-07 0.00032022648 4.36493e-06 2.4793735e-07 4.396971e-06 0.0074136793 0.0013681243 7.81608e-07 2.5737214e-07 0.0022840323 0.0048021036 0.0033453424 0.0054036905 1.9175364e-07 0.004212912 1.2302953e-06 0.00024069576 4.424873e-06 4.3779284e-08 9.316316e-08 1.3537128e-07 1.5128215e-08 2.3416507e-07 9.7143915e-05 8.817064e-08 0.00027122896 0.003059476 1.07320396e-07 1.7978036e-06 5.543017e-07 0.0068609407 0.0008666435 2.997753e-06 6.0379785e-05
0.0071344674 0.006368817 0.0009191575 0.6197465 1.3307358e-06 0.002652369 0.51431113 1.2103536e-07 0.9975292 4.827447e-08 0.9342929 2.0974596e-14 0.014268847 0.002964339 0.0039530215 0.0010925737 0.0056517995 0.0011619616 4.254444e-05 0.00015287273 0.0020444773 0.0005650689 0.00093810365 2.0509186e-05 0.000106077714 9.9936915e-06 0.0023481138 0.97054875 8.272551e-05 1.2185809e-06 0.0006716407 0.0027919542 0.00012572066 6.694545e-05 6.574001e-07 9.1044334e-05 0.00013360156 5.2170202e-05 3.795539e-05 0.0008580058 2.6116513e-06 1.9852798e-05 0.00011620975 2.6799617e-06 9.511103e-05 8.63845e-06 4.0552575e-05 0.0006011646 3.5207647e-06 7.971349e-05 9.4156553e-07 1.2048165e-05 9.793314e-06 0.65827996 2.0405384e-06 6.2487234e-06 2.3352924e-05 0.1492225 6.375114e-07 2.161315e-05 1.4285096e-05 9.076925e-07 1.27460335e-05 7.703765e-07 2.7386682e-06 1.6219381e-07 8.65155e-06 3.816582e-06 0.00023992914 2.0259008e-06 4.7237455e-07 4.7089478e-07 0.010149885 0.0010351508 1.2907366e-05 4.1505086e-08 0.001237693 0.0025485167 0.0009919861 0.0015247676 2.0732683e-07 0.00046099923 1.9562733e-06 9.893421e-06 3.250243e-06 2.4055826e-08 6.417959e-08 7.082386e-08 3.668292e-08 3.3709512e-07 0.00013557922 1.6589767e-07 4.2933683e-05 0.0008366874 7.2830915e-08 4.574396e-07 5.095611e-08 0.0018724519 0.00029041257 5.204988e-07 2.9636914e-07
0.7790657 2.7675853e-05 0.0005695845 0.0037092443 1.3561951e-05 0.026292924 0.35895297 1.0701087e-06 0.07670034 1.5832182e-07 0.9249763 0.014268847 1.5574635e-14 0.9915634 0.35025996 0.13034429 0.96547997 0.17038131 0.003924397 0.019992748 0.41487923 0.09641744 0.10608331 9.976271e-05 0.014689482 0.00031530933 0.31588638 0.42061636 0.021685582 5.1402145e-07 0.17267226 0.13886093 0.002907178 0.0046589547 4.000789e-06 0.09505692 0.007128472 0.027772656 0.0021155174 0.0077907224 3.3924898e-06 0.015499606 0.0023607416 2.767799e-07 0.00064699526 8.317358e-05 0.005952283 0.0009183252 3.454706e-06 0.00014145834 1.5191423e-06 0.003860354 5.489571e-08 0.00046487866 1.1581945e-05 0.0024305421 0.0026160548 0.017110063 1.8614232e-08 6.4923235e-08 0.003423171 8.894063e-09 0.002044171 1.3324413e-06 0.00011712789 1.9275748e-07 1.1230424e-07 2.6266382e-06 5.9378017e-05 2.4453257e-06 1.8892874e-06 9.238723e-08 0.0013217875 0.00016016111 1.656272e-07 6.108124e-08 0.00014311392 8.771335e-05 2.8521392e-05 0.00045720962 9.61651e-07 0.0054495665 5.728666e-07 0.0003816504 1.893878e-05 7.901917e-09 1.6457543e-07 1.5267578e-09 4.8967923e-09 8.4831534e-08 3.7336198e-07 1.1157383e-07 3.0600957e-06 0.00014339974 1.7629358e-07 3.876248e-08 6.571372e-08 0.0023099566 3.998262e-05 6.8560206e-07 2.9278954e-05
0.9052048 1.20612585e-05 0.00030640644 0.0008479171 1.1946838e-05 0.025099713 0.18614794 2.7409325e-07 0.018333638 1.01152736e-07 0.6053768 0.002964339 0.9915634 3.862809e-15 0.53997284 0.2947493 0.9553505 0.43945646 0.005635895 0.03357481 0.631538 0.26271477 0.31526998 0.00016739676 0.026907813 0.00052642345 0.3561769 0.22673477 0.050763283 1.739952e-08 0.49203286 0.121544264 0.0037787934 0.009557872 2.2087104e-06 0.26588577 0.01582481 0.113054216 0.0052131955 0.021220608 4.288973e-07 0.048930176 0.004302856 6.870195e-08 0.00070344383 0.00016319701 0.020413805 0.0007434119 9.654783e-07 0.00024273235 3.1169543e-07 0.019404937 9.979362e-09 9.461427e-05 2.8605918e-05 0.011620787 0.010456324 0.0210252 1.2745255e-09 1.2398529e-07 0.012007046 8.622904e-09 0.013875079 9.256004e-07 0.00028271775 3.971345e-07 1.0172481e-08 3.6657343e-07 1.6224489e-05 6.006677e-07 2.747319e-06 2.3273796e-07 0.002637852 9.665535e-05 2.2454293e-08 2.2953877e-08 6.98225e-05 3.7961076e-05 1.57907e-05 0.00042523368 4.8250416e-07 0.019987077 4.674841e-06 0.0013056203 5.621808e-07 4.8757595e-08 4.6806875e-07 1.7194473e-09 2.9097542e-09 2.5003366e-08 1.0369347e-06 4.2079726e-08 2.8645215e-06 0.00013832873 1.5251201e-08 3.89334e-09 2.4248672e-07 0.0067809825 1.1197166e-05 4.5858792e-07 0.00013423106
0.66382027 0.0044727433 0.102379024 0.006493544 0.00011612643 0.61135286 0.446199 3.1368265e-05 0.029463273 5.0933548e-05 0.39021608 0.0039530215 0.35025996 0.53997284 2.6505062e-11 0.9889622 0.2887404 0.98837644 0.11170425 0.36640754 0.66525066 0.63443637 0.22682175 0.007170192 0.32900324 0.021503085 0.1903545 0.018521043 0.3981654 2.3983325e-06 0.27653724 0.0059529864 0.24751486 0.24847408 7.239911e-05 0.33892268 0.0013541506 0.03292738 6.724581e-05 0.0004060333 6.4944297e-06 0.02519196 5.642945e-05 1.0374209e-07 1.586315e-05 0.0020018527 0.037823968 6.738442e-05 6.380932e-06 1.3760893e-05 1.6071537e-05 0.0043177363 1.5634374e-06 7.530794e-05 8.065035e-05 0.0037140332 0.00074757554 0.0013921409 7.361651e-08 3.821705e-07 0.006785899 2.9609044e-08 0.0018034604 1.0976357e-06 0.00023145937 3.441457e-08 1.3915687e-06 2.792853e-05 5.7732283e-05 2.7317077e-05 7.248127e-08 7.374201e-08 0.00027522942 3.509784e-05 3.2700933e-07 1.807398e-08 6.6417033e-06 6.6338325e-05 7.844748e-05 1.47565e-05 3.525455e-06 0.009690903 1.8468363e-07 6.636072e-05 1.3444679e-06 3.0632004e-09 2.98911e-07 5.3274958e-09 2.6097014e-08 1.1201539e-06 1.3364717e-08 3.0667374e-07 5.4126673e-07 1.455472e-05 2.3625385e-07 2.8222608e-08 1.4440063e-07 0.0023297737 1.228958e-05 3.264511e-06 2.2096889e-05
0.7166456 0.007682856 0.07228252 0.00076462317 0.00059820537 0.5560578 0.1995158 0.00022977691 0.003802421 0.00038186228 0.15000896 0.0010925737 0.13034429 0.2947493 0.9889622 6.718231e-12 0.10267354 0.8983747 0.22924948 0.6597692 0.22384965 0.97759396 0.11077098 0.008516792 0.5047185 0.028466055 0.069520466 0.0013069235 0.46351182 2.3518807e-05 0.31733164 0.0011974061 0.31805372 0.39744365 0.000119678836 0.2361461 0.00067862484 0.027761012 6.498546e-05 0.0002935782 7.8909725e-06 0.013550923 4.8140984e-05 9.412288e-07 3.817239e-05 0.0016594462 0.02863334 7.970687e-05 6.5732274e-06 1.5813455e-05 3.5988442e-06 0.0023108334 2.3331302e-06 6.05721e-06 7.79265e-05 0.0025100023 0.00047717884 0.000718584 1.1104689e-07 6.752725e-08 0.002571408 7.473271e-09 0.0009956834 4.865381e-07 0.00010218892 1.0720597e-08 7.0676595e-07 1.3694347e-05 3.7619993e-05 3.8784115e-06 1.529247e-07 2.2944567e-07 0.00039894847 2.757663e-05 6.979167e-07 1.7879568e-08 9.654346e-06 2.1675387e-05 6.643921e-06 5.728204e-06 1.01714095e-05 0.00559815 1.4579253e-07 1.6266054e-05 1.0605717e-06 4.7700834e-09 1.0570144e-06 1.890823e-08 1.1796233e-08 2.6364683e-06 2.8235674e-09 1.2616865e-06 1.7669158e-06 6.3929256e-06 6.351144e-07 1.4654296e-08 8.8326836e-08 0.0011655886 1.0298994e-05 2.0116597e-06 2.0828682e-05
0.88389695 0.00014127592 0.00020991915 0.00065752625 1.9128829e-05 0.009908954 0.1153959 6.766889e-06 0.021989543 6.532921e-07 0.73856163 0.0056517995 0.96547997 0.9553505 0.2887404 0.10267354 1.3148929e-13 0.20721287 0.0016869222 0.0091182375 0.53695226 0.0789317 0.16388841 0.00014829315 0.010739731 0.0006243518 0.947219 0.6784363 0.020642726 3.383706e-07 0.26395562 0.57365006 0.0041920096 0.006310088 7.1409777e-06 0.11891976 0.076166965 0.05500384 0.009926585 0.15083155 9.917106e-07 0.027227119 0.0129151065 1.0857524e-06 0.005061078 7.7660756e-05 0.020024283 0.0265951 3.94734e-06 0.002478543 5.412716e-06 0.0147522725 2.2787624e-07 0.0007301323 1.7453525e-05 0.011523179 0.009860209 0.099375576 3.527251e-08 6.56001e-07 0.01743882 4.5521688e-08 0.011930921 1.3466841e-06 0.00013682737 1.0939239e-06 8.500759e-08 2.05897e-06 0.0003701048 1.1662407e-06 9.59441e-06 7.189407e-07 0.00807853 0.0018116113 2.0058732e-07 3.6063614e-08 0.002108459 0.00038271194 0.0011612655 0.002248088 6.501441e-07 0.009468102 6.4944606e-06 0.001823624 1.1770226e-05 5.192167e-09 9.1470173e-07 6.981257e-09 8.03878e-09 1.1581767e-07 5.814073e-06 8.6039336e-08 0.00044868802 0.0009961516 1.1754824e-07 1.2500553e-07 7.73565e-07 0.0049368916 0.0008062175 9.808732e-07 6.568018e-05
0.6392433 0.0002709182 0.009190239 0.00032058643 1.9291841e-05 0.080805205 0.14313199 1.4090623e-05 0.00759421 1.6972192e-05 0.19521338 0.0011619616 0.17038131 0.43945646 0.98837644 0.8983747 0.20721287 6.916045e-14 0.02153946 0.1993285 0.95550483 0.7665796 0.8185044 0.0008754764 0.16607259 0.0028520073 0.18098289 0.009930703 0.24138574 4.9528137e-07 0.7760932 0.009045096 0.045087963 0.08303301 2.7671153e-05 0.35779968 0.0102850385 0.12531129 0.000526667 0.0017876971 1.6982497e-06 0.04516712 0.00017193615 5.871395e-07 8.808546e-05 0.00027148877 0.03759833 0.00017184402 2.907067e-07 5.8276986e-05 2.5984743e-06 0.00837637 1.1538909e-06 1.1388614e-05 1.9456931e-05 0.0048959972 0.003106097 0.0063852645 5.781908e-08 3.6623308e-07 0.006433049 5.386176e-08 0.0025555014 5.287177e-07 3.6841026e-05 1.4788795e-08 1.4412973e-07 4.712369e-06 5.788262e-05 1.7236677e-06 3.412014e-07 3.725379e-07 0.00090833125 4.7472295e-05 1.5587887e-07 7.877884e-09 1.9468589e-05 1.710299e-05 2.2204305e-05 1.1166379e-05 1.7811426e-06 0.0072427564 9.292324e-08 0.00016639564 6.890013e-07 1.4756159e-09 1.5147828e-07 3.088234e-08 5.217104e-09 4.6575147e-07 9.689575e-09 4.349704e-08 4.8549546e-06 1.991266e-05 3.4726916e-08 9.602607e-09 1.6189116e-08 0.0011686068 2.072211e-05 1.5805162e-07 5.1039233e-06
0.83991224 0.05773204 0.46594465 0.0008391883 0.027316395 0.8672759 0.021319516 0.005197241 0.0003971465 0.05440429 0.0030296715 4.254444e-05 0.003924397 0.005635895 0.11170425 0.22924948 0.0016869222 0.02153946 5.29807e-12 0.98382294 0.0029312747 0.11279314 0.0025801198 0.89929897 0.70411634 0.9451135 0.00041281755 1.6906022e-05 0.17290276 0.002267956 0.0019164598 6.407107e-05 0.92130107 0.71104187 0.0038388222 0.006017991 7.563715e-05 0.00032210402 1.5282003e-05 2.3384015e-05 0.00012669472 0.0009216447 8.955119e-06 4.012801e-05 1.4080052e-05 0.06944213 0.0039987373 4.517325e-06 1.6274791e-05 2.8749896e-06 1.2121683e-05 0.0002764859 1.700654e-05 3.8646894e-07 0.0020647012 0.0026094457 3.6129073e-05 7.711112e-06 2.5260397e-06 3.2729404e-06 0.0046466854 1.0093185e-06 0.001209313 1.3005165e-05 0.0026739014 9.098505e-07 9.182151e-07 0.00010547377 3.5490302e-05 5.073526e-05 4.9825127e-07 3.868172e-06 0.00011498693 4.720328e-05 2.945788e-06 1.602365e-07 6.553789e-07 1.9634721e-05 8.58464e-06 3.2562048e-07 0.00014744591 0.012576388 6.1746425e-07 1.4563884e-05 1.3014538e-06 3.819684e-08 1.6505688e-05 1.1749136e-06 4.06701e-08 3.490597e-05 8.8065677e-10 2.0771415e-05 3.5085023e-07 8.932775e-07 1.180041e-06 4.9099068e-08 3.6850156e-07 0.009000166 5.2306777e-06 1.2897037e-06 0.00055856025
0.85299575 0.03494012 0.22316052 0.0008245312 0.0034141452 0.8280982 0.038707916 0.001156219 0.0011246101 0.0068842443 0.017366558 0.00015287273 0.019992748 0.03357481 0.36640754 0.6597692 0.0091182375 0.1993285 0.98382294 1.1434112e-11 0.0201966 0.57638043 0.03255357 0.2080724 0.9567044 0.40878034 0.004033187 0.00014304789 0.61104864 0.00037431627 0.030056585 0.00042137198 0.84650207 0.7871382 0.0009016571 0.047122695 0.00043171435 0.0017948932 4.4601795e-05 7.936449e-05 3.719717e-05 0.0029418103 2.015194e-05 1.6276344e-05 3.9188093e-05 0.016290663 0.015593621 1.092768e-05 7.0580522e-06 1.7059056e-05 1.1284136e-05 0.00072176155 4.5883226e-06 6.8210386e-07 0.0006732923 0.003990484 8.2389015e-05 6.052224e-05 8.695244e-07 1.2150346e-06 0.006815655 4.1100188e-07 0.0013707769 3.3754081e-06 0.0012270474 3.629961e-07 3.8357257e-07 2.9326686e-05 4.910579e-05 2.4492732e-05 3.163395e-07 1.4203988e-06 0.00017579374 6.412419e-05 9.306527e-07 8.5219774e-08 9.786793e-07 1.529454e-05 2.054162e-05 8.9262426e-07 2.0453948e-05 0.011916247 3.9645224e-07 6.148354e-05 3.6668743e-07 1.6905224e-08 2.4321155e-06 4.410058e-07 3.5417585e-08 1.438533e-05 5.1473514e-09 2.7732613e-06 1.5405085e-06 2.84887e-06 2.1777369e-07 3.832455e-08 4.985194e-07 0.0060017477 7.927828e-06 9.150542e-07 0.00020429569
0.69279385 7.5689466e-05 0.000870925 0.0007562651 1.2118931e-05 0.018507907 0.18667276 5.5299724e-06 0.013634615 2.4100168e-06 0.33712447 0.0020444773 0.41487923 0.631538 0.66525066 0.22384965 0.53695226 0.95550483 0.0029312747 0.0201966 5.869872e-11 0.27670598 0.995856 0.00018682456 0.033675276 0.00053855346 0.642908 0.035224725 0.08839707 7.255642e-07 0.70769864 0.068870075 0.0091848895 0.017733691 8.667397e-06 0.3663178 0.14456354 0.13394102 0.007046609 0.059559803 3.7653676e-06 0.065501094 0.003449697 1.9567182e-07 0.0017318224 0.00020529586 0.04780541 0.0008208429 1.1738748e-05 0.0009914379 4.5486e-05 0.016750634 8.563344e-07 0.00013621805 5.559177e-06 0.0065025673 0.008050162 0.0058246455 3.0716798e-08 3.5024075e-07 0.010995862 2.4221803e-08 0.0038873323 4.5177796e-07 3.6453093e-05 1.5330127e-07 3.7760387e-07 1.1412992e-05 0.000117451375 3.3996214e-06 1.545777e-06 1.1715586e-07 0.0019168073 0.00023713864 6.932734e-08 4.4545192e-08 0.000105185085 0.00028064018 0.00018937305 0.00019120392 1.0873918e-06 0.005965191 4.48957e-07 0.00017468487 8.045837e-07 1.703073e-08 1.1623329e-07 1.9583004e-08 8.5678565e-08 4.6690596e-07 1.9865941e-07 1.4039757e-07 5.39962e-06 0.00013054752 1.477903e-07 2.8196188e-08 2.0138086e-07 0.0014251425 9.482166e-05 8.86881e-06 2.2994852e-06
0.80085206 0.0035181306 0.039529894 0.00032067084 0.00037553575 0.50293046 0.054329522 0.00020461097 0.0015622645 0.00028205256 0.061111793 0.0005650689 0.09641744 0.26271477 0.63443637 0.97759396 0.0789317 0.7665796 0.11279314 0.57638043 0.27670598 2.1228744e-12 0.37944475 0.0046891295 0.77357143 0.020654447 0.066446334 0.0013088448 0.9825087 5.9412178e-05 0.64719784 0.0032168406 0.45238274 0.5791279 0.000118733675 0.5628286 0.009221621 0.07011595 0.00044624793 0.0006778024 1.8188648e-05 0.036341723 6.267067e-05 1.8271132e-06 0.00014313807 0.0013675132 0.1219132 0.00011483099 5.6938156e-06 0.0001359293 6.74802e-06 0.004547173 1.3837464e-06 7.431392e-06 7.441481e-05 0.011011246 0.0014833439 0.0008933759 5.6559475e-08 7.424556e-08 0.0129787 2.4092973e-08 0.003113152 7.2261696e-07 0.00013528345 7.412515e-08 2.3657424e-07 6.6565985e-06 3.1641015e-05 4.195931e-06 3.6951384e-08 2.4628162e-07 0.00030396253 0.000107262844 1.0654209e-07 1.8835161e-08 5.479095e-06 1.5178833e-05 3.7131245e-05 7.1403238e-06 2.1755418e-06 0.00905162 7.122539e-08 4.2204778e-05 2.0467273e-07 3.304764e-09 6.222223e-07 6.226944e-08 3.9961137e-08 6.3001266e-07 8.515523e-09 4.6119177e-07 1.2787344e-05 2.7312713e-06 1.07929445e-07 7.4706765e-09 1.7265278e-07 0.002236054 1.0561082e-05 9.979915e-07 2.5765014e-05
0.7265324 6.315051e-05 0.00076288707 4.6721823e-05 2.021355e-05 0.009652276 0.05604862 4.9069718e-06 0.0027368516 9.902675e-07 0.12245702 0.00093810365 0.10608331 0.31526998 0.22682175 0.11077098 0.16388841 0.8185044 0.0025801198 0.03255357 0.995856 0.37944475 2.7506797e-12 0.00015541434 0.05590387 0.00043676034 0.16060339 0.013672739 0.16151646 3.140101e-07 0.974324 0.016222045 0.013284651 0.032851122 7.4816817e-06 0.48614275 0.06452021 0.32390136 0.004134675 0.019993333 1.8657992e-06 0.14849153 0.001435443 1.6871745e-07 0.0014809205 0.00011748084 0.1103341 0.0005926219 1.3799167e-06 0.00035266305 1.2823896e-05 0.024889521 2.4199326e-07 4.844463e-05 1.4384893e-05 0.018940164 0.01550827 0.007485537 1.02122755e-08 1.2305799e-07 0.014395812 1.3710727e-08 0.0060184244 3.4386434e-07 3.0296073e-05 8.072571e-08 8.2110894e-08 4.1762173e-06 0.00012645367 1.5236329e-06 1.7666699e-06 6.0265045e-08 0.002804062 0.00027928574 4.185136e-08 1.9712855e-08 7.331717e-05 7.262226e-05 7.7403594e-05 0.00019849325 7.118325e-07 0.007618921 5.726487e-07 0.0005760504 1.2854268e-06 8.3245615e-09 9.3187516e-08 1.1158741e-08 5.7834604e-09 6.290416e-08 8.810289e-08 1.3615096e-07 4.0505536e-05 7.422592e-05 8.206784e-08 2.3221163e-09 3.8816562e-08 0.0016867019 4.836509e-05 7.6615987e-07 1.5729616e-05
0.93208 0.04112376 0.5469505 0.00028631592 0.4193413 0.8594168 0.0038374495 0.08732907 6.191147e-05 0.8153362 7.1278635e-05 2.0509186e-05 9.976271e-05 0.00016739676 0.007170192 0.008516792 0.00014829315 0.0008754764 0.89929897 0.2080724 0.00018682456 0.0046891295 0.00015541434 2.1147435e-12 0.037398126 0.99057025 1.6430178e-05 4.109715e-06 0.0074333777 0.09108343 0.00019056113 9.753054e-07 0.6959424 0.15332167 0.14681306 0.00044778944 1.474405e-05 4.644359e-05 2.2904528e-06 9.26272e-06 0.004682489 0.00013422352 3.2854464e-06 0.0024176193 2.2735517e-06 0.7008589 0.00090702326 1.2368539e-06 0.00038286689 3.171887e-07 0.000732505 5.5616565e-05 0.00021612647 1.0097521e-07 0.05926013 0.0021252907 5.2819482e-06 1.0207895e-06 2.3445937e-05 6.402062e-05 0.0032921792 6.858844e-06 0.0005836796 0.00015122649 0.023948973 7.721838e-05 1.4513817e-05 0.00214945 1.3977556e-05 0.002189028 9.236186e-06 2.8844855e-05 2.997643e-05 1.7017961e-05 2.1437372e-05 1.4929168e-06 5.1002127e-07 1.7214146e-05 1.8962697e-06 3.4494428e-07 0.0015155624 0.02324394 5.733025e-06 9.077086e-06 2.891048e-05 3.1106737e-07 0.00074562675 1.419782e-05 2.8512767e-07 0.00046741436 3.804007e-09 0.0006915714 5.6521625e-08 8.389853e-07 7.103101e-05 6.71672e-06 1.2352249e-06 0.09676737 5.6287204e-06 2.4127317e-05 0.007869937
0.8714077 0.005036793 0.05932411 0.0003035787 0.0020670763 0.547735 0.013002294 0.00070276624 0.0006671251 0.0028046186 0.00835424 0.000106077714 0.014689482 0.026907813 0.32900324 0.5047185 0.010739731 0.16607259 0.70411634 0.9567044 0.033675276 0.77357143 0.05590387 0.037398126 8.7118975e-12 0.12529324 0.005579488 0.00018427962 0.9777994 0.00031851899 0.09762215 0.0006834606 0.8199345 0.9035919 0.000517269 0.15645267 0.0017344048 0.01348214 0.000109399174 0.00016576746 2.3285344e-05 0.013324237 4.672272e-05 1.0668017e-05 6.738075e-05 0.0069014374 0.04353148 3.949432e-05 7.872039e-06 4.5485303e-05 1.3211667e-05 0.0019874321 1.7126957e-06 1.1938062e-06 0.00060847437 0.013863731 0.0003066137 0.00016736149 1.6858992e-07 5.101502e-07 0.016901648 1.2927643e-07 0.0030122239 1.2446742e-06 0.0006559946 1.9083637e-07 1.6638666e-07 1.4244623e-05 4.645502e-05 1.416135e-05 3.2113e-07 7.6984253e-07 0.00022507853 7.469473e-05 1.0439892e-07 5.4708295e-08 1.5461927e-06 1.6787806e-05 1.6834027e-05 9.109132e-07 1.4794431e-05 0.012515792 2.8922832e-07 5.5726516e-05 4.5817617e-07 9.482807e-09 2.6631997e-06 1.17805904e-07 4.44676e-08 3.5892472e-06 2.4815354e-09 1.191536e-06 5.781423e-06 1.5844485e-06 5.6167625e-08 9.540081e-09 2.5739763e-07 0.006508815 1.0982101e-05 1.0133441e-06 0.00023053655
0.9390047 0.023789622 0.30780783 0.00026124684 0.13419388 0.7252898 0.0044761184 0.01976291 0.00012394741 0.4340782 0.00038702792 9.9936915e-06 0.00031530933 0.00052642345 0.021503085 0.028466055 0.0006243518 0.0028520073 0.9451135 0.40878034 0.00053855346 0.020654447 0.00043676034 0.99057025 0.12529324 1.5208352e-12 0.00032796647 3.847958e-06 0.025608867 0.014816679 0.0006823307 1.2682691e-05 0.879751 0.44513148 0.025773916 0.002681483 7.2702016e-05 0.00020471658 9.219281e-06 6.604214e-05 0.00051671854 0.0005997868 1.5786092e-05 0.00031113162 2.6722044e-05 0.35223758 0.0034958294 5.56203e-06 4.3134125e-05 3.5084404e-06 0.00017352261 0.0005150409 3.297785e-05 1.9014596e-08 0.01902053 0.004453545 4.9027178e-05 1.1158108e-05 4.2267675e-06 1.37499e-05 0.0074136187 1.935216e-06 0.0015935159 4.129743e-05 0.0113965245 9.0390595e-06 2.4839997e-06 0.0007816639 4.310797e-05 0.0006830602 9.125152e-06 9.810215e-06 8.097852e-05 4.9344362e-05 2.3597026e-06 7.4722905e-08 5.804397e-07 7.4482077e-06 3.365736e-06 8.936243e-07 0.000902467 0.029694239 4.3045507e-06 0.00020345769 3.745305e-06 3.142268e-08 0.00014866401 2.5668812e-06 2.0475422e-08 6.5316504e-05 1.0265545e-09 0.00012241311 9.652426e-07 1.8634288e-06 5.6943095e-06 2.5082983e-07 1.1017704e-07 0.08684603 6.4547753e-06 1.4060989e-06 0.0050058323
0.8878618 7.628343e-06 0.00011173011 0.00029430172 4.3665746e-06 0.00057170686 0.043002132 6.468296e-06 0.0058017136 8.2671285e-08 0.23892869 0.0023481138 0.31588638 0.3561769 0.1903545 0.069520466 0.947219 0.18098289 0.00041281755 0.004033187 0.642908 0.066446334 0.16060339 1.6430178e-05 0.005579488 0.00032796647 1.2141435e-14 0.41971648 0.016432067 1.8078781e-07 0.44861206 0.9973285 0.0010308444 0.0034638888 8.161613e-07 0.15744284 0.5574898 0.13645221 0.0904649 0.6109428 2.9335075e-07 0.07731129 0.072021596 4.776698e-07 0.047063883 0.00010631368 0.023338601 0.06874248 3.7497368e-06 0.014253736 1.1675795e-06 0.051974148 2.1421133e-08 0.0006615473 3.4027078e-05 0.031543948 0.06923918 0.1495534 1.3153444e-09 3.0843654e-07 0.041631058 3.6690533e-09 0.04993273 1.5477382e-07 0.000116111805 1.6087193e-07 6.0697025e-09 4.0633947e-07 0.00055708905 2.0093205e-06 1.2661766e-06 1.5370107e-07 0.016557496 0.0033423384 1.1029752e-07 1.7628164e-09 0.0015980912 0.00034373952 0.0005015494 0.0016919409 9.067446e-08 0.03428586 1.0513472e-06 0.004966924 7.55524e-08 3.0495595e-09 1.9117836e-08 2.8654623e-09 1.4790022e-10 3.5722955e-08 2.1946612e-06 1.362075e-08 0.00068562705 0.0002386801 2.344721e-09 1.4639853e-08 1.1288338e-08 0.008963258 0.00025491 6.741272e-08 1.8522816e-05
0.65367794 0.00025867816 6.0635768e-05 0.0023442295 7.972469e-08 0.0027950592 0.058196202 1.3869071e-07 0.10390637 6.5653922e-09 0.9784235 0.97054875 0.42061636 0.22673477 0.018521043 0.0013069235 0.6784363 0.009930703 1.6906022e-05 0.00014304789 0.035224725 0.0013088448 0.013672739 4.109715e-06 0.00018427962 3.847958e-06 0.41971648 1.8743878e-12 0.0003707532 0.000282193 0.00870382 0.88468623 5.513288e-05 6.9125555e-05 2.0499886e-06 0.0012588628 0.013187663 0.0013319142 0.0039948113 0.12265086 4.715862e-06 0.00052001217 0.015776169 9.438391e-05 0.010389953 5.315765e-06 0.00064422155 0.21639563 0.0005496232 0.010036832 4.2095726e-05 0.00032925542 7.6426e-06 0.76522857 6.7111273e-07 0.00013386941 0.0011498616 0.9114437 2.045496e-07 0.0012064729 0.00017492077 4.2551396e-06 0.00037664312 3.511048e-06 3.213178e-07 4.215331e-06 8.3912045e-07 2.7088925e-06 0.0009905491 5.126991e-07 8.073257e-06 1.8259103e-05 0.08493431 0.07596133 2.981075e-06 5.184068e-07 0.105247684 0.016641594 0.0071328552 0.004325076 7.866069e-07 0.006594184 1.2687495e-05 0.00086452864 3.0509182e-05 2.1469103e-07 6.4231635e-08 1.9070455e-08 1.7525429e-07 5.393112e-09 2.5269735e-05 9.823879e-09 0.0011624682 0.0028492182 6.801211e-08 1.0350032e-06 2.1106414e-06 0.01279092 0.00409688 0.00013736852 1.1368821e-05
0.9339437 0.00067701464 0.013408675 0.00020663567 0.000736687 0.2356363 0.008253211 0.00027614724 0.0002886468 0.00073982455 0.0067372047 8.272551e-05 0.021685582 0.050763283 0.3981654 0.46351182 0.020642726 0.24138574 0.17290276 0.61104864 0.08839707 0.9825087 0.16151646 0.0074333777 0.9777994 0.025608867 0.016432067 0.0003707532 7.860222e-12 5.620463e-05 0.3318283 0.0014557753 0.596129 0.8687717 0.00013444322 0.6696326 0.013128114 0.07184486 0.0005762725 0.0007336707 7.1301097e-06 0.046981614 0.00011619777 8.449316e-06 0.00029599082 0.0018178921 0.14646216 0.00015132631 1.1517719e-05 0.00027912328 2.711574e-05 0.0035829789 1.521394e-06 4.3664286e-06 0.00030454661 0.05871298 0.00085381715 0.0010034071 4.202943e-08 3.1682987e-07 0.041459475 1.0606076e-07 0.0048010866 1.0223619e-06 0.00019350041 1.7078197e-07 2.1633237e-07 7.414389e-06 6.499265e-05 1.0636993e-05 2.940353e-07 4.6962606e-07 0.00040365863 0.00014106308 7.7633906e-08 5.2083873e-08 1.2707281e-05 3.456632e-05 3.662167e-05 2.3599796e-06 9.787086e-06 0.017780963 1.7178132e-07 7.680248e-05 6.452704e-07 7.465407e-09 3.5880869e-06 2.7822814e-08 1.05794676e-07 7.465314e-07 6.7485373e-09 8.3019984e-07 1.747728e-05 4.6047835e-06 7.84755e-08 1.8232003e-08 1.2887526e-07 0.009467687 3.819894e-05 1.2629433e-06 0.00014343503
0.7963608 0.012068457 0.0058892933 4.840221e-06 0.0929778 0.00066252594 2.4627657e-06 0.8039888 7.3964856e-08 0.33640906 1.5196842e-06 1.2185809e-06 5.1402145e-07 1.739952e-08 2.3983325e-06 2.3518807e-05 3.383706e-07 4.9528137e-07 0.002267956 0.00037431627 7.255642e-07 5.9412178e-05 3.140101e-07 0.09108343 0.00031851899 0.014816679 1.8078781e-07 0.000282193 5.620463e-05 1.7071418e-15 3.887825e-06 5.96779e-08 0.005672575 0.002173433 0.557741 8.344828e-06 6.442144e-08 9.632711e-07 4.3910183e-07 1.3898617e-06 0.6644222 4.1199182e-06 7.3730865e-07 0.9685705 1.3238808e-07 0.08106557 0.0001047749 1.8416382e-06 0.88026893 3.5081158e-08 0.9258965 6.273982e-06 0.0768402 5.521236e-06 0.31656578 0.0010883304 1.2511107e-05 2.0744142e-08 0.0104615465 0.15565732 0.0065685874 0.04817396 0.00042812678 0.0063319826 0.014379002 0.10754005 0.00072741683 0.0021688014 2.1743377e-05 0.0011001987 0.0014761629 0.008627468 5.9161844e-06 7.032302e-07 0.00046267032 0.00013819581 1.4435767e-07 1.5635498e-05 1.03937964e-07 6.933657e-07 0.00043316887 0.007297487 0.0005016736 0.0002528527 0.00028772803 0.00011791601 0.00021554664 0.00014003768 5.1235013e-05 0.0003179045 1.5571406e-09 0.00020366638 6.0037023e-06 2.634843e-07 0.00050831353 1.6401974e-06 0.00010570176 0.030355476 2.0178553e-05 0.00017954907 0.004095056
