7.865849e-30 0.00013069164 6.9121204e-05 0.0024376037 0.0070078867 0.012781312 0.13956293 0.022239365 5.8905705e-05 0.12771374 0.28093046 0.7589502 0.13875443 0.41544294 0.0030304226 0.00013448093 0.10182673 0.7071947 0.20934504 0.12927036 0.15128163 0.8178002 0.3198412 0.21502563 0.28358117 0.11813616 0.75059557 0.39824355 0.16304229 0.6590114 0.90362114 0.8538804 0.036399405 0.15011196 0.059578173 0.92891574 0.63658744 4.5709206e-05 0.6978355 0.12507977 3.453996e-05 0.88851327 0.739422 0.8427462 0.12603103 0.92226744 0.7507965 0.016342035 0.7336958 0.926621 0.29915804 0.6918555 0.7333759 0.393176 0.91840434 0.65215546 0.0013681896 0.73589647 0.73673826 0.9514059 0.92587185 0.8142287 0.9676594 0.93932945 0.57115537 0.94423944 0.90122557 0.87601167 0.7841586 0.9360471 0.94642025 0.38135323 0.923984 0.98109883 0.9471209 0.98304886 0.6991286 0.61507875 0.9301858 0.009193425 0.06531974 0.08555511 0.9622567 0.9680084 0.991215 0.93189734 0.03147433 0.9676259 0.0070474525 0.9471784 0.9976717 0.97554576 0.99958205 0.99997276 0.993517 0.7955162 0.9995881 0.9994451 0.004617519 0.99360645 0.99969393
0.00013069164 5.4011737e-20 0.6018614 0.9572432 0.2981254 0.15569247 0.22904475 0.23044766 0.10786164 0.022264319 0.016112829 0.0043724817 0.0023029267 0.00019860118 0.8102599 0.003697746 0.0028737634 2.8913764e-05 8.808694e-06 8.1790124e-05 5.709185e-05 1.602446e-05 4.2998163e-06 3.621739e-05 4.398829e-06 1.0981493e-05 1.7126795e-06 5.631604e-06 0.00010966951 2.9419223e-06 5.1503353e-06 7.845942e-06 0.00039162615 1.0853975e-06 5.7234647e-06 2.778544e-07 6.532451e-06 6.6268825e-05 3.9848874e-06 7.522559e-07 0.0003524756 1.5458271e-06 1.4559883e-07 9.858388e-07 6.164558e-07 1.7807961e-06 2.6915427e-07 0.0011577352 1.4702789e-06 7.747707e-07 4.431976e-08 1.1265045e-06 1.4849234e-05 1.2077304e-07 8.399043e-07 2.044921e-05 1.8468593e-09 6.554767e-06 1.5148319e-07 2.0365976e-06 1.3354552e-06 4.1690155e-06 1.6428806e-06 1.6381095e-07 4.095212e-06 5.135165e-06 1.2624291e-06 1.702754e-05 1.8738564e-07 5.013249e-06 2.524809e-06 4.1640936e-07 9.1752145e-06 6.2937884e-06 4.5434535e-05 6.285786e-06 8.2067845e-06 2.23823e-07 7.656586e-06 7.7402965e-06 1.9374255e-07 2.9659336e-07 1.0133292e-05 2.0438425e-05 3.6426958e-05 1.191486e-06 1.4450457e-06 1.0479739e-06 2.738364e-07 3.013232e-07 7.530646e-06 5.0910794e-06 0.00011909362 0.0001249317 2.0326017e-05 7.5708995e-06 0.00063574227 0.0003608486 6.0843604e-07 4.132203e-06 0.00015333075
6.9121204e-05 0.6018614 2.8689275e-18 0.00024635458 0.69711083 0.6032011 0.045876846 0.00049576175 0.948283 0.0001014017 0.2832485 0.0008764354 1.1300149e-05 3.6412523e-06 4.9756993e-05 0.0010432757 0.0025953131 0.0005574066 4.2647946e-05 0.00026435105 0.00017408235 7.860096e-06 1.9334242e-05 6.586836e-05 8.1976395e-06 5.972319e-07 6.260003e-06 1.0477235e-05 3.13964e-05 4.852566e-06 4.6965542e-06 3.4180688e-05 3.843324e-05 1.6931734e-06 2.2745319e-06 9.1382805e-07 3.3781457e-06 6.8549554e-07 9.4682235e-07 7.780924e-07 1.0726545e-05 9.347636e-06 9.210585e-07 1.6620728e-05 4.797676e-07 9.059572e-06 4.564763e-06 2.0696534e-05 2.70218e-05 1.8726847e-05 6.582716e-07 1.4289869e-06 3.4809233e-05 1.8934875e-07 8.323511e-06 8.267449e-05 2.9874614e-10 5.7947404e-05 2.8200761e-06 6.1150575e-05 2.3826311e-05 1.5574737e-05 5.32912e-06 7.978425e-06 1.357568e-05 9.3155846e-05 6.0393695e-06 3.4800007e-05 1.4621198e-06 2.4420848e-05 6.146114e-05 9.733802e-07 2.1912512e-05 1.3945493e-05 4.010995e-05 1.1165739e-05 3.137395e-05 1.1944736e-06 4.3364562e-05 3.789708e-07 3.444675e-08 4.823643e-07 4.2375945e-05 5.0144852e-05 3.850823e-05 2.7153237e-05 1.8905807e-07 1.0889406e-05 6.7150545e-08 1.9379966e-05 6.042241e-05 1.1299017e-05 0.00012988513 0.00028468334 9.086781e-05 1.0227359e-05 0.0029222774 0.00071274897 3.8536314e-08 3.6110716e-05 0.0007050568
0.0024376037 0.9572432 0.00024635458 1.05090435e-17 0.053808313 0.02255666 0.8592615 0.89540505 4.0025425e-05 0.29428673 0.003944924 0.048562862 0.027857322 0.005730158 0.3961872 5.4065404e-06 0.0047855657 0.0009120224 0.00035368346 0.00019601561 0.00015891792 0.0026432408 0.0001337223 2.509203e-05 5.4623524e-06 0.00031850324 0.0014348975 2.200391e-06 7.5007356e-06 2.8689601e-05 0.00010589891 6.094093e-05 8.687006e-05 2.5132667e-07 4.052128e-06 1.68471e-05 1.4416995e-06 2.7391018e-06 4.5365215e-07 1.7049305e-06 2.1753344e-06 1.3499252e-05 4.0710033e-06 1.5103011e-05 3.1652617e-06 4.0515292e-06 2.715426e-06 3.7201997e-05 7.9960355e-06 1.8296181e-05 6.077007e-07 1.350563e-06 2.1215197e-05 7.832391e-07 3.7637772e-06 1.2405413e-05 3.631485e-09 1.0878528e-05 1.4140653e-06 8.932388e-06 4.53178e-06 2.281338e-06 1.1197469e-06 1.2603072e-06 5.72939e-06 6.61853e-06 1.839346e-06 5.5242012e-06 1.0151646e-06 2.5683553e-06 7.233888e-06 2.5476634e-06 5.019229e-06 2.2538761e-06 1.1516532e-05 1.0396608e-06 1.2223048e-05 8.3367974e-07 6.2393983e-06 1.0363786e-07 3.8368267e-07 1.6060283e-06 9.574805e-06 1.7883474e-06 8.0687005e-06 3.2995966e-05 1.9524327e-07 1.7783912e-06 1.2783441e-07 2.736854e-06 3.0425836e-06 8.0455754e-07 1.9200472e-05 0.000120180935 1.4394937e-05 6.3264474e-06 0.00060333364 0.0002189124 3.6342858e-08 9.585868e-06 0.00012864092
0.0070078867 0.2981254 0.69711083 0.053808313 8.922619e-18 0.9880076 0.6035847 0.04831332 0.19028239 0.005292391 0.6450209 0.068126895 0.001455377 0.0003614698 0.00045965085 0.018436257 0.101403624 0.1085286 0.009800551 0.014243253 0.01322242 0.00040310223 0.00391874 0.004432241 0.0011491919 1.25255e-06 0.0030446881 4.653399e-05 0.00018620184 0.00068479846 8.367528e-05 0.005097442 0.0003828114 1.4482417e-05 9.926124e-07 0.0005293959 0.0009865382 0.00087783945 0.00018592607 2.5153003e-07 0.00015426359 0.00036659022 7.076978e-06 1.6984124e-05 6.215047e-07 1.6450058e-05 8.606249e-06 3.0498535e-05 8.423465e-06 0.0002545366 1.3205828e-06 7.9514786e-07 1.1249418e-05 5.0832125e-07 0.00016436033 2.0173571e-05 1.9058385e-08 1.4842962e-05 6.410065e-07 0.0001314949 6.4886255e-05 4.986984e-06 2.4282042e-05 2.5179237e-05 1.9348045e-06 9.1013084e-05 2.4047742e-05 4.5089946e-05 6.668493e-08 2.3728533e-05 3.5464385e-05 1.4241633e-07 5.9616446e-05 1.4958934e-05 0.00019685504 1.754369e-05 2.5303108e-05 6.347475e-07 6.997882e-05 2.3322701e-07 9.496854e-09 5.1531398e-08 7.974063e-05 6.5087865e-05 0.00010859028 4.3725144e-05 5.3353466e-07 4.8739103e-06 1.771082e-07 2.7681792e-05 2.248424e-05 2.3725614e-05 0.0006769859 0.00014122674 0.00044200756 3.2994758e-06 0.00064473477 0.00038668572 2.242128e-06 5.8972e-06 0.00042905833
0.012781312 0.15569247 0.6032011 0.02255666 0.9880076 1.6864003e-19 0.5948515 0.023730451 0.2657832 0.0036924833 0.76083094 0.08823519 0.00065610843 0.00017611457 9.945365e-06 0.019610288 0.23951371 0.25544295 0.024100367 0.037711147 0.03225862 0.00012445365 0.010607752 0.016114987 0.0042040683 2.706318e-06 0.0040074144 0.00030807627 0.000376568 0.0012078889 9.2986586e-05 0.0068966076 0.00028433494 3.2028773e-05 5.589657e-07 0.0028647198 0.0017672954 0.00027581328 0.0005749994 2.0263346e-07 0.00017580109 0.00016003469 4.0930157e-05 0.00013915755 3.3942905e-07 0.0001850584 4.9680846e-05 1.3225243e-05 0.00010466135 0.00017158315 7.662291e-06 3.746741e-06 1.4270294e-05 2.6891194e-06 0.00014813682 9.840678e-06 2.22931e-09 1.4411284e-05 9.486105e-06 0.00020012523 7.449214e-05 1.3067674e-05 7.062048e-05 0.00010062084 1.7593225e-06 9.323922e-05 3.268974e-05 5.8012927e-05 1.7628108e-06 5.242161e-05 6.889554e-05 1.962215e-06 5.8793965e-05 3.696596e-05 0.00027873306 3.4719982e-05 3.499937e-05 9.239508e-06 7.862275e-05 3.562817e-08 3.953927e-09 6.642647e-08 9.267116e-05 8.8894085e-05 0.00015307798 0.00013208133 8.490972e-08 3.3803837e-05 6.775148e-08 0.000110850466 5.278783e-05 4.4212156e-06 0.0006720324 0.0001553004 0.00023159053 1.3567721e-05 0.0011881274 0.00068247586 6.618981e-07 3.1101845e-05 0.00043202034
0.13956293 0.22904475 0.045876846 0.8592615 0.6035847 0.5948515 1.3902306e-19 0.94688267 0.0022621325 0.85509944 0.13500686 0.92557096 0.28091246 0.22879413 0.08560314 0.00090184633 0.05545068 0.27363327 0.13259925 0.059281014 0.059225127 0.07844353 0.09857241 0.0036902383 0.0009962955 0.0012580856 0.10236526 0.00011533486 0.00015024179 0.027068049 0.009258274 0.07720072 0.00039518453 1.779875e-05 3.5041052e-05 0.0054137595 0.0104001695 7.657016e-06 0.002223425 7.648492e-06 3.6848298e-05 0.009654922 0.00050279003 0.00029789607 2.3216505e-06 0.00018108799 0.0004096648 0.00011306278 3.1176383e-05 0.0025553762 0.00012760027 4.3104787e-06 0.00059768185 2.0382406e-05 0.00082084443 0.0009039171 2.2924684e-09 0.00033709884 5.0314407e-06 0.0015444008 0.0015887957 5.4712233e-05 0.00016466893 0.00024752357 8.092563e-05 0.0012404112 0.0013761825 0.00064924854 2.2658273e-07 0.0012558219 0.0009546563 0.00015696629 0.00027660638 0.0004745926 0.00070389075 0.0005279629 0.00022368442 2.0306601e-05 0.00024466834 9.515947e-07 3.622818e-08 5.846037e-08 0.000108036715 6.1673985e-05 0.0008328879 0.00024516278 3.4532346e-07 3.5425714e-05 7.569751e-08 3.9708797e-05 2.1300872e-05 1.2465397e-05 0.0005926066 2.026263e-05 0.0002632627 1.5831367e-05 0.00011280493 0.000100114776 1.4807543e-07 9.639253e-07 7.4799456e-05
0.022239365 0.23044766 0.00049576175 0.89540505 0.04831332 0.023730451 0.94688267 1.3989795e-15 6.62188e-05 0.94781154 0.008088729 0.4499562 0.37013656 0.12567796 0.78460914 2.3191862e-05 0.02209766 0.009579061 0.004599273 0.0015861049 0.0015169122 0.035732184 0.0021936581 0.00039002174 0.00024726053 0.015241396 0.011595773 6.476576e-05 2.1988293e-05 0.0018634058 0.004453734 0.003185169 0.0005152396 5.6908734e-06 0.0004885789 6.971451e-05 0.00048209878 5.2202056e-05 5.3175576e-05 4.9673923e-05 1.9893963e-05 0.0006807051 9.286663e-06 2.7385708e-05 4.412742e-05 5.1423795e-06 1.7429891e-05 0.0004432171 3.07759e-05 0.00036560843 3.5078046e-06 3.1252453e-06 0.00028639508 2.3091875e-06 2.3570992e-05 0.0004957523 5.8363355e-07 0.00039348373 5.0936046e-06 6.7102505e-05 7.239566e-05 0.00016573473 7.3874553e-06 4.0168766e-06 7.135964e-05 0.00012896398 4.793309e-05 9.446001e-05 3.1068419e-06 4.3352942e-05 2.7157175e-05 1.9203275e-05 6.7575864e-05 1.0366377e-05 0.00016534685 1.569005e-05 9.1926755e-05 1.3503545e-06 7.266909e-05 5.95155e-07 2.4549827e-06 4.961742e-06 0.00013164723 4.412972e-06 0.00010977824 1.89481e-05 2.8632653e-06 2.0312227e-06 1.6607618e-06 2.413002e-06 6.5991367e-06 1.5810228e-05 0.00034237342 5.635851e-05 0.00010898368 9.0489295e-05 8.4735126e-05 4.9697002e-05 6.274428e-07 2.629809e-06 5.1621442e-05
5.8905705e-05 0.10786164 0.948283 4.0025425e-05 0.19028239 0.2657832 0.0022621325 6.62188e-05 1.5538405e-18 1.2228715e-05 0.41206953 1.3177566e-05 1.6006505e-06 8.486046e-07 0.000599008 0.8176638 0.03553146 0.00029926855 8.493249e-06 0.00015412859 0.00012508334 4.0247064e-06 3.0978092e-06 0.00026359002 8.647916e-05 7.369592e-07 5.4397054e-07 8.651431e-05 0.00018314974 1.534368e-06 5.2325036e-06 1.1833163e-05 0.0009391895 2.3012064e-05 8.5565927e-07 1.8938695e-06 2.716498e-06 0.00046770083 1.0236078e-06 3.3183414e-07 0.014588407 1.698396e-05 1.7399788e-06 1.6209935e-05 2.3583041e-07 7.943258e-06 7.750918e-06 0.00021682553 2.9668505e-05 6.462478e-05 1.469365e-06 5.563494e-06 2.9961482e-05 5.4412516e-07 1.7499695e-05 4.717052e-05 1.8676816e-09 5.3552278e-05 4.8894403e-06 0.000115519026 4.7481353e-05 1.5331138e-05 7.85554e-06 1.922959e-05 3.82214e-06 0.00011647381 1.9314559e-05 5.8935773e-05 2.7350115e-06 8.010107e-05 0.00017593092 2.4252502e-06 2.9897405e-05 4.9492537e-05 0.00013832503 5.2731528e-05 1.9112998e-05 3.2380904e-06 6.204447e-05 4.2767915e-06 2.3513157e-07 2.131885e-06 5.5663044e-05 0.00033812335 5.7199646e-05 4.6497524e-05 1.4114205e-06 7.4815607e-06 8.290274e-07 1.0510481e-05 0.00035109473 1.845363e-05 5.3247233e-05 0.0003113391 3.840107e-05 1.7045915e-05 0.002170642 0.0018973775 1.4252694e-07 6.481142e-05 0.0014283446
0.12771374 0.022264319 0.0001014017 0.29428673 0.005292391 0.0036924833 0.85509944 0.94781154 1.2228715e-05 6.224815e-17 0.001046693 0.79171985 0.9112429 0.6666125 0.7368386 8.032255e-06 0.008313453 0.015493288 0.012980168 0.0026750693 0.00261592 0.19425175 0.006427723 0.0003123854 0.00020760197 0.105960086 0.06089417 3.1072435e-05 2.3033186e-05 0.012109715 0.033055533 0.013261347 0.0002877747 4.012424e-06 0.0036382172 0.000113063856 0.0030621528 6.150779e-06 0.00037793984 0.0011706792 3.2290798e-06 0.006351632 3.9424176e-05 4.5573055e-05 0.00061471347 1.3148342e-05 7.1280534e-05 1.68935e-05 8.754149e-06 0.0012200567 1.3942276e-05 7.1318476e-07 0.005172372 7.844864e-06 0.00015180129 0.0041368837 2.4161336e-06 0.0032048249 2.312189e-06 0.0007525419 0.000733078 0.0011650358 6.119515e-05 3.2576834e-05 0.00058042177 0.0007664684 0.00062399707 0.00078458263 2.3975024e-06 0.00032724976 0.0001558455 6.4812566e-06 0.0005654468 5.5720087e-05 0.00083034014 6.117454e-05 0.00043045287 4.3961805e-07 0.0004898063 9.4935984e-08 9.881638e-07 2.6711102e-06 0.00057779567 5.3757644e-06 0.0005044692 5.2929104e-06 5.9072903e-07 2.4123528e-06 4.7675007e-07 3.9746133e-06 1.1160853e-05 0.00028341802 0.0011699053 0.00012444535 0.0003474264 3.985908e-05 9.240262e-05 5.799479e-05 5.7883057e-07 1.0148539e-06 8.691522e-05
0.28093046 0.016112829 0.2832485 0.003944924 0.6450209 0.76083094 0.13500686 0.008088729 0.41206953 0.001046693 3.1521762e-17 0.10805695 5.5129523e-05 0.00024204212 0.0007578499 0.20261304 0.9795033 0.5378556 0.01605314 0.036678173 0.026885742 0.00050685985 0.003062081 0.32029712 0.1699002 9.4201736e-05 0.00065270026 0.03086995 0.11564454 0.00010097941 0.00096465973 0.00054801715 0.13298967 0.006376194 2.3890268e-05 0.113173045 0.0009353277 0.031055862 0.0010401628 2.0078953e-06 0.0023748886 0.001784984 0.0030554184 0.001525617 1.8520951e-06 0.00067362667 0.00060734205 0.0032694577 0.00025987867 0.0006618076 4.1610096e-05 3.9423725e-05 0.00042321224 8.441842e-06 0.00013066025 7.6487435e-05 1.9663773e-08 6.962454e-05 5.6037217e-05 0.0001965879 0.00013143735 3.7116166e-05 0.00011063322 0.000100167876 7.848142e-06 0.00023625264 7.753717e-05 0.00033836366 2.4877869e-05 0.00017388839 0.00016544244 1.7084501e-05 0.00015801705 0.000113783826 0.0005960602 0.00014062894 9.365267e-06 9.04074e-06 1.0432218e-05 0.00010022206 1.0019381e-05 1.2718652e-05 1.4658498e-05 0.000536358 0.00039671134 0.00022115916 2.5303048e-06 1.9573698e-05 4.7506032e-07 6.226693e-05 0.00028139324 1.7260281e-06 0.00046981667 0.00012995698 0.0001271473 5.9503664e-06 0.0008003074 0.00050630985 1.2945873e-06 4.6885298e-06 0.00055445376
0.7589502 0.0043724817 0.0008764354 0.048562862 0.068126895 0.08823519 0.92557096 0.4499562 1.3177566e-05 0.79171985 0.10805695 9.426681e-18 0.69020796 0.86148864 0.0033282032 4.7011426e-06 0.020381384 0.7419139 0.69663274 0.36414978 0.38069293 0.5494666 0.59479505 0.010095419 0.007297307 0.0069343545 0.61123407 0.00038437033 6.057031e-06 0.3245946 0.17945014 0.5887247 1.5314654e-05 5.843799e-07 0.0007763691 0.038326044 0.16859987 1.2260751e-06 0.048153687 0.00044817312 1.9428255e-06 0.18959607 0.0005085732 0.00352295 3.2103062e-06 0.0067796693 0.0015696927 2.5567424e-06 2.8079974e-06 0.06163172 1.6521752e-05 1.15400375e-07 0.00571988 1.7629924e-06 0.021022493 0.004773377 1.4765373e-08 0.0028359876 1.2547067e-06 0.022126397 0.025403889 0.0027013237 0.00070139504 0.0062151807 0.0009019366 0.023143383 0.011353046 0.0033686939 4.2672214e-06 0.010914902 0.0072296755 7.118261e-06 0.0024474803 0.0028234876 0.008564174 0.008866842 0.0006899055 1.7479987e-06 0.0012110228 2.8749693e-07 1.15267284e-07 2.0637069e-07 0.00066289376 0.0002171241 0.008535066 3.798867e-05 3.4746049e-07 8.746931e-06 1.0559167e-07 3.976242e-05 4.921883e-05 0.00050064124 0.008642645 0.0009494564 0.0016630711 8.080286e-07 0.0006959361 0.00021377217 2.986412e-07 6.1798033e-07 0.00014322097
0.13875443 0.0023029267 1.1300149e-05 0.027857322 0.001455377 0.00065610843 0.28091246 0.37013656 1.6006505e-06 0.9112429 5.5129523e-05 0.69020796 1.2586036e-16 0.9710711 0.32638854 7.870916e-07 0.0025632684 0.0053423936 0.013626774 0.001674382 0.0015597612 0.575888 0.012214909 5.2222767e-05 3.4111912e-05 0.30686778 0.14785767 8.313317e-06 9.698377e-07 0.032666948 0.16861302 0.03361096 1.44756505e-05 1.1742068e-06 0.023491677 1.7015811e-06 0.008926559 3.4810178e-06 0.0011874601 0.009973822 1.3262003e-06 0.019379038 2.056419e-06 9.786694e-06 0.0024723674 1.4874222e-05 1.2078445e-05 3.6910005e-06 1.5747261e-06 0.0036391802 1.6061615e-06 4.186725e-08 0.02150519 5.550973e-07 0.00036631082 0.014839821 5.943759e-06 0.012360828 2.1648323e-07 0.0008996374 0.0025857766 0.0069546704 2.319759e-05 6.874786e-05 0.0034294855 0.0012310044 0.002223124 0.0046943445 3.1071664e-07 0.00065117766 0.00029118994 1.6010292e-06 0.002574463 0.00012299669 0.003893985 0.00027195184 0.0020796282 2.3453651e-07 0.0023449124 6.15717e-08 4.745093e-07 1.1927957e-06 0.0017196034 5.2838927e-06 0.0023614205 3.2277742e-06 6.0861186e-07 4.330654e-07 2.496159e-07 2.5241832e-06 3.763009e-06 0.0041294713 0.0044048806 0.00011092471 0.002190276 6.794229e-06 5.5940036e-05 2.5306681e-05 5.170352e-07 3.2726203e-07 2.457064e-05
0.41544294 0.00019860118 3.6412523e-06 0.005730158 0.0003614698 0.00017611457 0.22879413 0.12567796 8.486046e-07 0.6666125 0.00024204212 0.86148864 0.9710711 8.938284e-19 0.054128163 2.0372038e-06 0.005585504 0.005067951 0.026573773 0.0018871132 0.0011146812 0.8458423 0.035422467 0.00019588236 5.032373e-05 0.28124213 0.36568776 7.755281e-06 1.0243089e-06 0.1234993 0.43324602 0.16062811 1.7510127e-05 1.5681487e-06 0.02256681 3.186954e-05 0.030594358 3.760107e-06 0.0036090817 0.010634574 8.080108e-07 0.09307761 6.3540856e-06 4.2407602e-05 0.0013957057 6.99925e-05 3.848833e-05 2.4526753e-06 2.058387e-06 0.021778416 1.1065246e-05 1.50222e-08 0.06786538 8.14397e-07 0.001079519 0.053391725 1.3795365e-06 0.049023498 3.8418543e-07 0.0071321614 0.026406962 0.0336559 8.2598985e-05 0.00031719948 0.018378941 0.010479979 0.017679697 0.019643178 5.6691245e-08 0.0044180783 0.0018984393 3.2084579e-06 0.009351163 0.0009115481 0.013877813 0.0033538716 0.008890774 1.3334851e-06 0.007809807 3.7942847e-08 4.2981018e-08 2.4891796e-07 0.0054709897 3.191793e-05 0.009730299 3.2842356e-05 4.1336514e-07 4.133594e-06 3.4387455e-07 4.661065e-05 1.4100986e-05 0.01314687 0.015545866 0.000352909 0.0063025136 8.00452e-06 0.00018876018 7.795415e-05 5.442051e-07 3.1651848e-07 9.415368e-05
0.0030304226 0.8102599 4.9756993e-05 0.3961872 0.00045965085 9.945365e-06 0.08560314 0.78460914 0.000599008 0.7368386 0.0007578499 0.0033282032 0.32638854 0.054128163 4.6365776e-17 4.0766856e-05 0.47660947 0.0004744673 6.090273e-06 1.5062677e-05 4.9262595e-05 0.015265108 5.267662e-06 0.0025538 5.9910024e-05 0.9731452 9.05057e-05 0.0012246852 0.029297939 3.8870152e-05 0.0059501566 0.0001518653 0.12738805 3.8962233e-05 0.03565947 8.4948115e-06 2.0575168e-05 0.00015649412 1.8453296e-05 0.01304464 6.3924104e-05 2.6170728e-05 6.4744795e-06 1.6835953e-05 0.23494147 1.2997886e-05 4.0453865e-06 0.04016655 9.971771e-05 2.202566e-06 1.3656272e-06 4.0551455e-05 0.002126668 1.0106968e-06 1.7085934e-07 0.0006285208 0.15652138 0.00047692 1.390146e-07 5.3744625e-06 4.520191e-06 0.00051283627 1.7577764e-06 5.1591986e-08 0.0009549562 6.2489385e-06 4.9190185e-06 0.00015200293 1.2941878e-07 3.2253988e-06 1.7351417e-06 6.687453e-06 0.00012378297 5.8091737e-06 0.00051510526 2.0989743e-05 0.00037041743 2.8073825e-07 0.00025680615 3.14023e-05 1.8722283e-06 4.9386966e-07 0.00050642696 1.3715744e-05 0.0005464223 3.0299007e-06 2.1133785e-06 5.294576e-08 5.6787206e-07 9.349873e-08 4.5601987e-06 0.0017316305 0.0015817146 0.00041125776 0.0008292323 6.242984e-07 0.0005190965 0.00019802981 0.1803826 4.7152034e-07 0.00015073866
0.00013448093 0.003697746 0.0010432757 5.4065404e-06 0.018436257 0.019610288 0.00090184633 2.3191862e-05 0.8176638 8.032255e-06 0.20261304 4.7011426e-06 7.870916e-07 2.0372038e-06 4.0766856e-05 2.7537002e-18 0.12187874 0.0007542757 3.4920686e-05 0.00031473133 0.00017862134 5.6057423e-05 1.0150518e-05 0.0022827464 0.000614797 5.0844297e-05 2.0122325e-05 0.0003887625 0.005643728 7.362849e-05 0.00018504781 0.0003575781 0.04914331 0.00034252772 6.797506e-05 1.5090385e-05 1.600656e-05 0.12783922 1.105626e-05 1.9601941e-05 0.45255604 0.000115235256 1.0851118e-06 3.4029057e-05 5.5123232e-06 1.1645265e-05 1.1605324e-06 0.011018022 2.115485e-05 0.0008186852 6.465696e-07 3.223669e-05 8.72951e-05 6.8079567e-07 0.00042683427 6.8559435e-05 1.0185683e-08 6.761358e-05 3.2093083e-06 0.0006157123 5.445275e-05 2.4085015e-05 0.00029359048 0.000650315 1.151707e-05 0.00014409436 8.292923e-05 4.222781e-05 3.043573e-06 0.0001711313 0.00082571583 1.5632405e-06 2.6377473e-05 9.927582e-05 5.5791283e-05 4.4696706e-05 1.4984449e-05 6.3846363e-07 3.4026332e-05 0.00071663526 1.8740737e-06 4.1789986e-06 1.7150633e-05 0.0025871221 1.7389975e-05 3.5818626e-05 7.5111006e-06 5.8068804e-06 1.5269525e-06 1.0788315e-05 0.0018803469 2.9278997e-06 7.91531e-06 0.002527505 3.3931454e-05 1.1457862e-06 0.01291326 0.007686455 9.765744e-08 3.0439242e-06 0.011291543
0.10182673 0.0028737634 0.0025953131 0.0047855657 0.101403624 0.23951371 0.05545068 0.02209766 0.03553146 0.008313453 0.9795033 0.020381384 0.0025632684 0.005585504 0.47660947 0.12187874 1.1500186e-15 0.47171155 0.0150881475 0.031250887 0.020271149 0.007502328 0.0038735454 0.70691246 0.39331037 0.045625288 0.030963255 0.42826688 0.7843284 0.0071031502 0.013108316 0.035357207 0.8177776 0.24118651 0.0039127427 0.15057337 0.0070972727 0.08105206 0.0040557934 0.0013317771 0.008069775 0.010826508 0.055109356 0.022082647 0.00045487325 0.011818008 0.025072327 0.3286804 0.031763826 0.00812225 0.011139427 0.053194366 0.002163092 0.0040531415 0.004607907 0.0044541266 2.3991137e-07 0.0048942394 0.0073077423 0.0047820183 0.0058574975 0.0024508624 0.0053615826 0.0013075043 3.7078276e-05 0.009656626 0.0063138744 0.0044167866 0.0055279857 0.0064043375 0.0050392174 0.001573971 0.0018950033 0.0012524419 0.007254463 0.0016584471 2.1699669e-05 0.00069523824 0.00017686053 0.009481765 0.0015561804 0.0023497108 0.00025031858 0.0015395707 0.0007361848 0.0006414637 0.0015644286 0.0003747263 0.00066902157 0.0005782962 0.0009962765 1.6372709e-05 0.00025111742 0.0005098878 0.0001285362 0.0011389593 0.0024391396 0.0010434861 7.8145106e-08 0.00063431065 0.0014459417
0.7071947 2.8913764e-05 0.0005574066 0.0009120224 0.1085286 0.25544295 0.27363327 0.009579061 0.00029926855 0.015493288 0.5378556 0.7419139 0.0053423936 0.005067951 0.0004744673 0.0007542757 0.47171155 4.142808e-18 0.49344093 0.9474338 0.9322012 0.00049978856 0.3692835 0.38051498 0.43877095 5.5083325e-05 0.04177964 0.048354127 0.015254957 0.021053461 0.000270629 0.15783496 0.0063042804 0.0023882457 1.8216682e-05 0.777727 0.19566835 0.00010916416 0.35794705 1.7317536e-05 1.1212135e-05 0.012501221 0.052403495 0.07978314 4.734708e-06 0.14025286 0.046003003 0.00023142008 0.0053132493 0.008096674 0.00946359 0.00012843535 6.571156e-05 0.001956076 0.047930032 7.867764e-05 7.0171446e-08 6.1457686e-05 0.0010353725 0.01285709 0.0014346449 0.00014694841 0.09728399 0.014825265 0.00017433388 0.006191582 0.0009671898 0.00024407078 0.0013364553 0.0037461838 0.012119331 0.0025728468 0.000104710176 0.012858119 0.00036701295 0.0041359267 0.00025647378 0.004258956 0.00012491681 4.044013e-06 4.46103e-07 3.7657198e-06 0.00010981154 0.013711789 0.00069668976 0.004639618 1.519722e-06 0.0014096772 6.409276e-07 0.003715227 0.0058966754 6.7565816e-05 0.00069556246 0.008220004 0.00024838292 0.00011257657 0.012291414 0.010892924 2.897833e-07 9.200709e-05 0.008274971
0.20934504 8.808694e-06 4.2647946e-05 0.00035368346 0.009800551 0.024100367 0.13259925 0.004599273 8.493249e-06 0.012980168 0.01605314 0.69663274 0.013626774 0.026573773 6.090273e-06 3.4920686e-05 0.0150881475 0.49344093 3.9809653e-20 0.5641192 0.58123875 0.037007034 0.98565865 0.0029678608 0.002226054 1.6501186e-05 0.4055937 3.5308407e-05 7.1205386e-07 0.20541908 0.013664325 0.48701423 1.3926967e-05 9.418995e-07 3.726303e-05 0.009475307 0.35843015 4.6860805e-06 0.13795492 1.9756419e-05 1.0891728e-06 0.108487315 9.876325e-05 0.00037112166 7.863571e-07 0.0018916522 0.00044315564 1.9155307e-06 1.8746134e-06 0.0261893 2.9789906e-05 2.7049685e-08 6.449654e-05 2.534565e-06 0.03806894 0.0004291545 2.6371069e-08 0.0003832673 1.9553228e-07 0.029662289 0.0076278597 0.0007865098 0.009920817 0.009714819 3.8252674e-05 0.023322387 0.0044925623 0.0010996533 2.675047e-07 0.017402321 0.018864103 9.412348e-06 0.0011254168 0.009869621 0.0037862533 0.012143292 0.00019977761 1.246853e-06 0.0003296183 8.832616e-08 2.0405363e-08 4.4744194e-08 0.00034072265 0.0013740561 0.0037650792 6.245367e-05 8.505917e-08 4.0533537e-06 1.6700943e-08 5.1197938e-05 0.00057464663 0.0001355133 0.0046807793 0.004659477 0.0011768701 1.4985343e-06 0.0021171088 0.001346511 3.4217604e-07 7.587404e-07 0.0011473504
0.12927036 8.1790124e-05 0.00026435105 0.00019601561 0.014243253 0.037711147 0.059281014 0.0015861049 0.00015412859 0.0026750693 0.036678173 0.36414978 0.001674382 0.0018871132 1.5062677e-05 0.00031473133 0.031250887 0.9474338 0.5641192 5.936287e-19 0.97324157 0.0018028946 0.4453196 0.0070518423 0.0064736805 2.9981204e-05 0.06300188 0.00055619323 8.671875e-05 0.031043528 0.0015537123 0.22982585 0.00011713135 5.373671e-05 9.979944e-05 0.056136224 0.3812432 0.00013229008 0.19995111 0.00012019366 1.6361613e-05 0.03160532 0.00076608657 0.0023402735 9.265883e-06 0.0056003695 0.001719682 6.384631e-05 9.502081e-05 0.012038738 0.0005273792 1.584583e-06 0.00010802877 8.320261e-05 0.03241855 0.00028889687 2.3547648e-07 0.00032023227 1.1533481e-05 0.020635895 0.002245054 0.0005247589 0.015476954 0.008384382 0.00014083147 0.011653219 0.001532945 0.0006079343 1.6074879e-05 0.0075837914 0.01235047 0.00025469132 0.00042587385 0.007342595 0.0017300881 0.0072336546 0.0002857101 6.4486325e-05 0.00026285552 1.8693969e-06 6.497728e-07 2.4405751e-06 0.00027278435 0.0019720679 0.0018275063 0.00045022278 1.6107849e-06 0.00011916689 4.5837544e-07 0.0005047076 0.00075180345 0.00010222117 0.0027706486 0.0040957765 0.0011884792 2.6516822e-05 0.0032090778 0.0011952115 2.2508816e-06 1.2825156e-05 0.0014078274
0.15128163 5.709185e-05 0.00017408235 0.00015891792 0.01322242 0.03225862 0.059225127 0.0015169122 0.00012508334 0.00261592 0.026885742 0.38069293 0.0015597612 0.0011146812 4.9262595e-05 0.00017862134 0.020271149 0.9322012 0.58123875 0.97324157 1.8966362e-18 0.0024361548 0.47587407 0.00771368 0.0060632965 6.345121e-05 0.07532985 0.0007488428 0.00019282139 0.042842053 0.0015518826 0.2865367 0.00016583593 9.457249e-05 0.00014451685 0.05694695 0.41559798 0.00013125596 0.23277165 0.00012216062 2.1903674e-05 0.040345788 0.0010953932 0.0027347251 1.8390681e-05 0.00630561 0.0018204484 6.114445e-05 0.00010232329 0.0136631 0.0006086929 2.4104536e-06 0.00035084522 7.955992e-05 0.045680624 0.0005677558 3.5018363e-07 0.0004989446 1.03454495e-05 0.030207505 0.003904628 0.00078714575 0.027840864 0.0122015495 0.0003730346 0.018727014 0.0023811082 0.00078764325 1.863714e-05 0.010226809 0.017780717 0.00030573682 0.00060470577 0.01043518 0.0019385855 0.00932178 0.00072397274 0.00011231952 0.0005809559 2.5719462e-06 8.4550584e-07 6.4747946e-06 0.00035072007 0.0027588864 0.001945786 0.00061836536 2.0809412e-06 0.000103794984 8.0453157e-07 0.00042057945 0.0011638254 0.00015697243 0.003407129 0.0058362 0.0013662643 3.06722e-05 0.0043648263 0.0014449878 2.7051103e-06 1.0478884e-05 0.0017142155
0.8178002 1.602446e-05 7.860096e-06 0.0026432408 0.00040310223 0.00012445365 0.07844353 0.035732184 4.0247064e-06 0.19425175 0.00050685985 0.5494666 0.575888 0.8458423 0.015265108 5.6057423e-05 0.007502328 0.00049978856 0.037007034 0.0018028946 0.0024361548 5.6351023e-15 0.060071792 9.991171e-05 1.818575e-05 0.6054434 0.5649774 3.6475046e-06 2.3071889e-06 0.31895512 0.9678678 0.259847 9.6217766e-05 5.4562224e-07 0.15651464 9.785084e-07 0.011251265 5.729289e-05 0.001005745 0.106478125 1.1481679e-05 0.10244214 1.2377188e-06 6.5654026e-06 0.0057366565 2.771785e-05 8.587613e-06 1.9911122e-05 9.0678316e-07 0.01814267 7.0959857e-07 5.3440065e-08 0.133995 4.4848457e-07 0.0010639686 0.059376214 5.8530582e-05 0.052969385 3.1892887e-07 0.0029836935 0.01847975 0.034444127 7.924226e-05 0.00033482432 0.019261248 0.008191549 0.016345784 0.03619939 6.459258e-08 0.004820797 0.0012577204 1.0763265e-06 0.026433542 0.00038319276 0.032898605 0.0029881669 0.012610311 1.081309e-06 0.013513693 1.6508079e-07 1.6059755e-07 7.046359e-07 0.015501779 2.2121874e-05 0.025782553 4.9205664e-06 5.0231813e-07 8.610599e-06 2.2212437e-07 2.2930852e-05 9.067551e-06 0.05565806 0.038194727 0.0007680552 0.026544597 1.3319052e-06 0.00019403259 5.556912e-05 4.1494322e-06 1.7196736e-07 4.9043403e-05
0.3198412 4.2998163e-06 1.9334242e-05 0.0001337223 0.00391874 0.010607752 0.09857241 0.0021936581 3.0978092e-06 0.006427723 0.003062081 0.59479505 0.012214909 0.035422467 5.267662e-06 1.0150518e-05 0.0038735454 0.3692835 0.98565865 0.4453196 0.47587407 0.060071792 6.160268e-20 0.0014598608 0.0009841003 4.5061533e-05 0.51643836 1.66996e-05 1.1443097e-06 0.2870754 0.029684426 0.6643938 6.917175e-06 5.744707e-07 7.432708e-05 0.004012482 0.46907496 2.366522e-06 0.139489 2.3254694e-05 6.397277e-07 0.14499263 6.38904e-05 0.00025501332 1.5752457e-06 0.0010566986 0.00035101507 1.4573088e-06 8.1088024e-07 0.035123043 2.4712439e-05 9.535223e-09 0.00031991513 8.5966957e-07 0.040128313 0.0015169563 7.8141674e-08 0.0011114057 5.8170727e-08 0.03828364 0.013656743 0.0014345547 0.007995995 0.011799589 0.00028858185 0.027161885 0.008391715 0.0021895252 5.142104e-08 0.018263964 0.020422105 2.348108e-06 0.0015189446 0.009042849 0.0055817817 0.011766607 0.00054114236 1.5879943e-06 0.0005817038 5.782559e-08 2.0421677e-08 8.473224e-08 0.00042896665 0.0013289769 0.004065438 3.5937224e-05 7.26011e-08 2.1494702e-06 2.6599096e-08 3.6431506e-05 0.00037219436 0.0002999309 0.0054954514 0.0051589455 0.0014619193 8.369986e-07 0.002141552 0.0007119996 4.1007553e-07 2.0926042e-07 0.0008846472
0.21502563 3.621739e-05 6.586836e-05 2.509203e-05 0.004432241 0.016114987 0.0036902383 0.00039002174 0.00026359002 0.0003123854 0.32029712 0.010095419 5.2222767e-05 0.00019588236 0.0025538 0.0022827464 0.70691246 0.38051498 0.0029678608 0.0070518423 0.00771368 9.991171e-05 0.0014598608 4.3259574e-16 0.9856889 8.96306e-05 0.0005872121 0.91250485 0.4720561 0.000503608 0.00016164774 0.0030930052 0.24861647 0.21826313 0.0002065157 0.16207679 0.009337564 0.001172543 0.0146514485 0.0001177771 0.00022265049 0.0008391214 0.09767968 0.0231833 3.2785854e-06 0.016077155 0.038439687 0.019364523 0.09374014 0.00080030394 0.046602402 0.077688284 7.8918274e-05 0.019596014 0.0031418973 8.642195e-05 4.1184993e-08 0.0001198785 0.022630684 0.00047450076 3.448098e-05 7.547797e-05 0.01216157 0.0006611916 6.110746e-06 0.00012723792 2.0609355e-05 0.0001537947 0.018347621 7.7176854e-05 0.00058441504 0.004668453 5.1965817e-05 0.0007475592 3.1402e-05 0.0004278031 8.075791e-06 0.002938926 2.2779173e-05 0.0008525755 0.0006087274 0.0018337328 2.3282344e-05 0.0057268175 4.710511e-05 0.005732973 0.00064599706 0.0024925056 0.00051485945 0.0045829704 0.0028806354 9.4952375e-06 0.0002680473 0.0010870213 8.910687e-05 0.0021250958 0.0020734502 0.002101968 3.924763e-07 0.00055028195 0.0024273363
0.28358117 4.398829e-06 8.1976395e-06 5.4623524e-06 0.0011491919 0.0042040683 0.0009962955 0.00024726053 8.647916e-05 0.00020760197 0.1699002 0.007297307 3.4111912e-05 5.032373e-05 5.9910024e-05 0.000614797 0.39331037 0.43877095 0.002226054 0.0064736805 0.0060632965 1.818575e-05 0.0009841003 0.9856889 8.152233e-18 2.6196274e-05 0.00031020516 0.923243 0.23948453 0.00023417256 9.9767756e-05 0.0015019989 0.11740804 0.31109768 0.00016803415 0.27631852 0.008121674 0.00021359611 0.020295797 1.3096082e-05 0.00010121658 0.00052831124 0.1653898 0.044336945 8.5590983e-07 0.029076876 0.10060367 0.0056028427 0.2989012 0.00078192976 0.21978608 0.20121439 4.995529e-06 0.1519126 0.0031494899 3.8205242e-05 1.387967e-07 7.536793e-05 0.07644347 0.00093159184 0.0003128439 4.068789e-05 0.030166874 0.0019020718 8.710674e-07 0.0005392234 0.0003297494 7.8359255e-05 0.055646118 0.0005801971 0.0010830833 0.021507258 3.5462523e-05 0.001571189 9.654461e-05 0.0010668894 5.8733913e-06 0.009967888 1.1467542e-05 0.00014215305 0.00012058505 0.00067400164 1.6379145e-05 0.013567709 0.000111810485 0.01600472 0.0004654023 0.004637475 0.0002957256 0.0072055464 0.006118292 3.627226e-06 0.00079347414 0.0006338184 6.142915e-05 0.0030534011 0.0032794052 0.0043654465 5.4355155e-07 0.0008584146 0.0042654863
0.11813616 1.0981493e-05 5.972319e-07 0.00031850324 1.25255e-06 2.706318e-06 0.0012580856 0.015241396 7.369592e-07 0.105960086 9.4201736e-05 0.0069343545 0.30686778 0.28124213 0.9731452 5.0844297e-05 0.045625288 5.5083325e-05 1.6501186e-05 2.9981204e-05 6.345121e-05 0.6054434 4.5061533e-05 8.96306e-05 2.6196274e-05 1.6765642e-15 0.015539582 2.359292e-05 4.5607726e-06 0.008139023 0.50053906 0.0035638586 0.0017047664 1.1081473e-06 0.9379876 3.5600553e-06 0.00045062826 9.289485e-05 1.8065373e-05 0.5680603 2.644007e-06 0.0035226813 4.2308125e-06 8.212359e-06 0.6970029 2.224063e-05 2.4502126e-05 0.0007892091 6.5735276e-06 0.0008552666 4.623787e-07 4.287482e-08 0.37080738 6.106421e-07 8.790801e-06 0.09890289 0.0023376972 0.055250086 4.6085606e-08 0.0003405466 0.0018129526 0.038067453 6.4851024e-06 1.4922578e-06 0.16130677 0.0005174659 0.0012362897 0.015826924 1.4780144e-07 0.00015575338 9.0235255e-05 2.1109926e-07 0.011426485 4.191266e-05 0.0065067946 9.79941e-05 0.05796808 5.2710156e-09 0.037900258 6.518778e-08 1.4613079e-07 9.8314565e-08 0.029038947 4.872146e-07 0.010408186 3.807689e-08 2.9763012e-07 3.523331e-08 1.399719e-07 1.1501593e-07 2.3174792e-07 0.3034735 0.021947505 3.8405797e-05 0.035348453 6.6626677e-07 1.5342546e-05 2.452327e-06 2.3304403e-05 1.1662524e-07 2.4920766e-06
0.75059557 1.7126795e-06 6.260003e-06 0.0014348975 0.0030446881 0.0040074144 0.10236526 0.011595773 5.4397054e-07 0.06089417 0.00065270026 0.61123407 0.14785767 0.36568776 9.05057e-05 2.0122325e-05 0.030963255 0.04177964 0.4055937 0.06300188 0.07532985 0.5649774 0.51643836 0.0005872121 0.00031020516 0.015539582 8.80955e-19 4.1583808e-06 1.578869e-06 0.96922666 0.6673828 0.91148645 1.564709e-05 1.482537e-06 0.0018905025 0.00015105553 0.22395265 3.830846e-05 0.08052809 0.002091562 9.209588e-08 0.3948466 3.6600807e-06 9.801111e-05 4.9052713e-05 0.0007021366 0.00010482428 3.43244e-06 2.727432e-06 0.107252344 1.559668e-06 6.315963e-08 0.011735118 2.4877036e-07 0.024742795 0.01795432 1.5445613e-06 0.014296374 1.7808851e-07 0.048119955 0.08105104 0.015820902 0.0029626617 0.008576172 0.0021021506 0.07604558 0.049863126 0.030519828 2.3492557e-07 0.04629754 0.02625445 5.594902e-06 0.03775535 0.010713864 0.05924958 0.023627542 0.0036505205 2.6624542e-07 0.0057175676 2.1518883e-08 1.5577088e-08 3.926888e-08 0.006654118 0.0008785103 0.04417316 8.642948e-06 6.2254365e-08 2.8108614e-06 2.672389e-08 2.578055e-05 0.00026584775 0.004401036 0.042560514 0.007382121 0.011656794 4.801846e-07 0.003047368 0.0011036156 9.303975e-08 8.4812893e-07 0.0007602376
0.39824355 5.631604e-06 1.0477235e-05 2.200391e-06 4.653399e-05 0.00030807627 0.00011533486 6.476576e-05 8.651431e-05 3.1072435e-05 0.03086995 0.00038437033 8.313317e-06 7.755281e-06 0.0012246852 0.0003887625 0.42826688 0.048354127 3.5308407e-05 0.00055619323 0.0007488428 3.6475046e-06 1.66996e-05 0.91250485 0.923243 2.359292e-05 4.1583808e-06 8.382028e-17 0.8427879 1.6838265e-05 5.5800225e-05 9.696149e-05 0.48305535 0.9622193 3.5370285e-05 0.09989329 0.00080614677 0.0006127281 0.00070920074 9.336837e-06 0.00028240168 0.0008313508 0.0991554 0.015593136 2.7578617e-06 0.007264654 0.032799684 0.03665601 0.66074157 0.00010307156 0.19803268 0.6555783 1.6574493e-05 0.19061296 0.00023566418 3.9570623e-05 1.855616e-07 3.917191e-05 0.19661285 0.00053710013 3.138622e-05 2.5710106e-05 0.0020156368 0.00012007176 1.4131803e-05 0.0001200531 1.9225079e-05 4.3386695e-05 0.14699176 8.715534e-05 0.00017897737 0.04916051 2.4123634e-05 0.0003665408 3.4952474e-05 0.00016381653 7.2130156e-06 0.012420544 8.258391e-06 0.0009016159 0.001147646 0.0019128228 2.1721575e-05 0.001375991 2.8173385e-05 0.0069014044 0.0005558791 0.005891636 0.00038772463 0.0056660413 0.00083080755 3.4825038e-07 0.00018657494 0.00014155901 1.2424974e-05 0.0055262144 0.00040366215 0.0003030213 8.415296e-07 0.00089260825 0.00062873785
0.16304229 0.00010966951 3.13964e-05 7.5007356e-06 0.00018620184 0.000376568 0.00015024179 2.1988293e-05 0.00018314974 2.3033186e-05 0.11564454 6.057031e-06 9.698377e-07 1.0243089e-06 0.029297939 0.005643728 0.7843284 0.015254957 7.1205386e-07 8.671875e-05 0.00019282139 2.3071889e-06 1.1443097e-06 0.4720561 0.23948453 4.5607726e-06 1.578869e-06 0.8427879 2.1588764e-16 8.40553e-06 6.908644e-06 2.5692312e-05 0.81992054 0.9717943 3.655621e-05 0.010604035 4.9736358e-05 0.025946802 5.341558e-05 3.7134363e-05 0.001834325 6.57677e-06 0.008460234 0.0007876639 4.958298e-06 0.00074482476 0.0025718606 0.3689303 0.31391442 3.1728357e-06 0.014442944 0.58902395 3.106254e-05 0.028500851 1.5321812e-05 3.0328423e-05 1.9537861e-08 1.8079369e-05 0.123104684 3.3564935e-05 4.820932e-06 1.3705467e-05 0.00016821004 3.8774497e-06 2.8273066e-06 1.2897892e-05 1.700233e-06 5.0442704e-05 0.068894856 1.1896415e-05 2.729125e-05 0.011444038 1.8446715e-05 4.0748353e-05 1.6356667e-05 8.810794e-06 1.0942886e-05 0.0011239405 1.0313955e-05 0.024668224 0.020056019 0.01021198 9.661714e-06 0.00026818638 4.2035167e-06 0.0008210496 0.0045325137 0.0014910316 0.0030324808 0.0008045404 0.00034187603 2.6885664e-07 1.1938455e-05 6.529222e-05 7.3461592e-06 0.01526812 0.00043503827 0.00045833152 2.285555e-07 0.004098209 0.0006749146
0.6590114 2.9419223e-06 4.852566e-06 2.8689601e-05 0.00068479846 0.0012078889 0.027068049 0.0018634058 1.534368e-06 0.012109715 0.00010097941 0.3245946 0.032666948 0.1234993 3.8870152e-05 7.362849e-05 0.0071031502 0.021053461 0.20541908 0.031043528 0.042842053 0.31895512 0.2870754 0.000503608 0.00023417256 0.008139023 0.96922666 1.6838265e-05 8.40553e-06 9.034448e-17 0.48164827 0.9649924 6.358678e-05 3.1479224e-06 0.0015896991 0.0001489859 0.13240638 6.915358e-05 0.043974545 0.0016306727 5.882307e-07 0.40289417 2.586973e-05 0.00019263758 0.00012260929 0.00040146022 0.00022026166 1.3096943e-05 5.766451e-06 0.13848767 1.2385294e-05 5.193507e-08 0.026464412 5.224219e-07 0.018095851 0.0309048 3.1995874e-06 0.026272178 3.046763e-07 0.054487377 0.09200357 0.017299324 0.0036726298 0.008290307 0.00718557 0.08742689 0.06309171 0.034801885 4.0004892e-07 0.040428292 0.023863016 9.01064e-06 0.028539386 0.010071302 0.056192465 0.024042068 0.0076307524 1.8124433e-06 0.006252366 1.6713253e-07 7.617053e-08 1.0688074e-06 0.006727179 0.0005782345 0.039261594 6.283111e-05 5.066554e-07 4.020426e-06 3.803764e-07 6.7311004e-05 0.00029266212 0.011807023 0.042286552 0.010884575 0.016531138 2.2477993e-06 0.0050062193 0.0011554691 1.6167625e-06 7.105919e-07 0.0013077755
