1.3515942e-30 0.88509536 0.9285407 0.9250106 0.967577 0.8972872 0.88806176 0.9724992 0.8153771 0.8565527 0.8835897 0.86566335 0.7567076 0.7380169 0.74811846 0.94368196 0.7862734 0.75476974 0.77872986 0.80162865 0.8738769 0.9959555 0.9600112 0.5902452 0.8958939 0.91841453 0.9986974 0.3814468 0.7004699 0.8207782 0.9776658 0.39368987 0.4835381 0.6325393 0.620613 0.2889574 0.2994237 0.5935391 0.35687324 0.45300972 0.20744675 0.22447169 0.8826753 0.9499522 0.9998004 0.9395177 0.2892944 0.056531828 0.2047002 0.8654342 0.73350704 0.020536682 0.0207128 0.064401045 0.99427694 0.9087411 0.98966813 0.018430997 0.0089113135 0.05064372 0.018301392 0.4002695 0.035311293 0.9887495 0.9999464 0.027562894 0.19281287 0.009626044 0.854819 0.40932962 0.64785314 0.09344091 0.16098405 0.032012697 0.010405502 0.13914758 0.18989375 0.003725115 0.009864649 0.007215514 0.068363 0.0055383914 0.0026601222 0.007121364 5.9639697e-05 0.0012183312 0.13171291 0.0034457922 0.00032865905 0.00036006552 2.8218561e-05 7.316148e-05 0.99998254 2.2273616e-05 0.052808657 0.024770873 0.0027005856 0.015414565 8.742431e-05 0.99897385 0.005595623
0.88509536 5.8645256e-21 0.51201075 0.8243301 0.8945423 0.086366504 0.05858295 0.18694808 0.15294304 0.014960432 0.0927075 0.0020843288 0.06451972 0.19790827 0.21582091 0.0013144932 0.01555151 0.18160024 0.016806439 0.00030836702 0.00089882873 0.17290594 0.00023842962 0.10507075 0.00023931921 0.00014009512 0.26677442 0.048942357 0.00019732775 4.8418024e-05 0.00035775595 0.001781581 0.00010294257 0.005903833 0.027489277 0.00017375113 0.018523758 2.4013343e-05 6.5884065e-05 2.1508513e-05 0.000100531535 0.008070333 5.489676e-06 1.5928205e-06 0.069994405 2.3276073e-06 9.496976e-06 0.004806958 5.117199e-06 3.446328e-06 6.540992e-06 0.0036410633 0.00477802 9.2457485e-06 0.039217312 8.7074926e-07 4.4955e-05 0.00208126 0.0018011915 2.0504003e-05 0.0018779142 3.6905567e-06 2.148379e-05 6.376382e-06 0.0027797185 5.488639e-06 7.19647e-06 0.0006100359 9.0334915e-08 4.55472e-07 3.9321137e-07 0.00012137607 5.73402e-06 2.662519e-06 3.3608012e-05 2.2281786e-06 0.0061649787 0.0057437816 7.632185e-06 5.229072e-06 1.7161996e-06 0.0008330202 2.8479806e-05 2.8728493e-06 0.0013488036 2.282879e-06 0.0013272993 1.2379318e-05 0.00013325826 5.3991393e-05 0.000297445 1.6940787e-05 0.0017385028 7.850477e-06 2.726372e-07 4.1119006e-07 0.00021791093 2.2264422e-07 2.075704e-05 0.0006593765 0.00027500614
0.9285407 0.51201075 1.6525942e-22 0.1566696 0.81109655 0.009000763 0.17846002 0.7440474 0.02276988 0.08278799 0.19425063 0.021336922 0.005137713 0.044395916 0.17573045 0.010880974 0.06469262 0.20364968 0.0013665889 0.0036540017 0.007917451 0.46723282 0.0010748869 0.03845007 0.0017050126 0.0006798377 0.42263526 0.023087243 0.0028540003 0.00055483147 0.0019420042 0.007001927 0.00083666784 0.0015309105 0.010050079 0.00076736807 0.007799376 0.00011248235 0.00027978263 7.684475e-05 0.0005434528 0.0024574157 3.073258e-05 2.3379222e-05 0.10658328 1.35020455e-05 2.8893364e-05 0.0063423053 1.924871e-05 1.553824e-05 2.100492e-05 0.0026235515 0.0042537507 9.7491165e-06 0.04552381 2.4335257e-06 8.768283e-05 0.0015311807 0.0009593436 0.00012263125 0.00033247608 4.5073416e-06 2.0305595e-05 9.014713e-06 0.01713664 3.5633893e-05 3.919532e-06 0.0008759996 5.2074364e-07 5.60471e-07 3.4100168e-07 5.742615e-05 3.1268582e-06 1.6275745e-06 3.6754343e-05 2.0551133e-06 0.006579443 0.0014791787 2.0210166e-06 2.153578e-06 1.6155464e-06 0.00016154387 2.1761756e-05 1.9361078e-06 0.0002502699 1.1330602e-05 0.0005502347 1.1065648e-05 0.00016039009 8.8921304e-05 0.00020877973 2.2301356e-05 0.0056519853 6.194298e-06 4.996738e-08 3.5598873e-07 7.4044714e-05 1.6364686e-07 5.047981e-05 0.0030656308 0.0003669757
0.9250106 0.8243301 0.1566696 6.6527407e-19 0.27732244 0.7303745 0.028409239 0.07272692 0.6879521 0.007997039 0.104766496 0.0016054404 0.32559022 0.54254895 0.42499605 0.00077118963 0.02529897 0.27549762 0.16626689 0.00026755693 0.0005641116 0.06427392 2.8237677e-05 0.29415992 4.3174743e-05 1.4323128e-05 0.14356542 0.13317047 0.00012634289 3.6118893e-06 5.0593844e-05 0.002591807 7.64044e-05 0.010142715 0.012990842 0.000141903 0.076170616 4.9244204e-06 3.6490863e-05 5.9366434e-06 0.0001501116 0.04318959 2.7259107e-06 4.6865696e-07 0.049464002 5.1086835e-07 1.12149e-06 0.004828382 6.8048274e-07 2.0453801e-06 9.534806e-07 0.009104629 0.0078982385 7.0099018e-06 0.033555433 3.864184e-07 1.0096886e-05 0.0069926553 0.0031795315 3.4614615e-05 0.005814686 1.8374823e-06 2.8797713e-05 7.866639e-07 0.0011682763 1.8122006e-05 8.2900675e-07 0.0005567016 2.082887e-08 3.6038773e-07 3.1375626e-07 0.0013216834 1.5162606e-06 1.0114613e-06 0.00015189353 6.3987534e-07 0.010873298 0.012753294 4.5446213e-06 3.965693e-06 2.6844288e-07 0.0014882103 8.684065e-05 4.1657327e-06 0.0015116672 7.0305277e-06 0.0027721669 8.527035e-06 6.313419e-05 2.5106534e-05 0.00072180975 8.514943e-06 0.0014060775 1.3478083e-06 3.8003887e-07 7.567495e-07 0.0003102614 1.9023673e-07 6.71583e-06 0.00034014136 0.00040456527
0.967577 0.8945423 0.81109655 0.27732244 5.6319665e-22 0.0666941 0.01592596 0.263459 0.08934342 0.003955054 0.036881357 0.0014310812 0.044965707 0.10077402 0.11439191 0.00082703825 0.006228172 0.0994756 0.02294887 0.000477068 0.0004604362 0.33663967 0.000113635804 0.05037195 0.00017548402 8.380641e-05 0.5601115 0.022170536 0.00014175921 7.317816e-05 0.0009038275 0.0005133665 9.122007e-05 0.015336424 0.06013129 7.838825e-05 0.013208494 3.2782464e-05 3.4512796e-05 1.8470833e-05 6.464821e-05 0.008918343 2.033934e-05 3.3360643e-06 0.3165806 2.7000224e-06 2.6670552e-06 0.0017243575 1.718835e-06 5.3367694e-06 5.676601e-06 0.0019934417 0.0023331358 1.3469821e-06 0.26387918 1.2533242e-06 6.823805e-05 0.0017326325 0.00076711667 1.3533424e-05 0.0013912749 8.378219e-07 5.3365507e-06 1.26047e-05 0.03156052 3.9869815e-06 1.016263e-06 7.86382e-05 3.562594e-07 1.460192e-07 5.5838973e-07 0.0009988905 9.2982594e-07 8.098075e-07 1.6082284e-05 1.2300742e-05 0.046501677 0.004104356 1.1739313e-06 1.2319027e-06 1.4217018e-07 0.0016037547 9.440449e-06 7.594433e-07 0.0016536238 7.1337417e-06 0.003104736 9.455496e-06 5.1517323e-05 1.5708421e-05 0.00038241004 1.0146511e-05 0.0065476703 4.0699783e-06 2.012409e-07 6.8099564e-07 0.0006353353 2.0623159e-07 4.1834784e-05 0.0008599391 0.00020899627
0.8972872 0.086366504 0.009000763 0.7303745 0.0666941 5.1030106e-20 0.0005474927 0.007870355 0.8864371 0.00035741838 0.003155682 6.4688604e-05 0.71367306 0.4285453 0.038115494 8.932366e-05 0.0012453387 0.012440359 0.42439562 1.551702e-05 2.1767612e-05 0.009498572 4.224358e-06 0.057901405 3.7070902e-06 1.9895833e-06 0.052250292 0.016489469 1.5608957e-06 8.250919e-08 9.444721e-05 1.9865469e-05 2.15203e-06 0.06691524 0.06433854 2.027136e-06 0.015133902 2.6869313e-07 1.1667246e-06 2.6312372e-07 3.6196132e-06 0.034920033 2.5871478e-07 7.913777e-08 0.050856717 7.4898416e-08 1.2730446e-07 0.0007839555 5.1733874e-08 1.3798227e-07 1.2755652e-07 0.0017605016 0.0015437925 1.1162689e-06 0.0827952 4.624984e-08 2.2086166e-05 0.0020026308 0.0007048091 1.8714796e-05 0.0011978024 6.5114094e-08 5.889601e-06 5.739844e-07 0.0025554565 9.562987e-06 6.5843444e-08 0.00010313046 4.138633e-09 8.150684e-09 4.3274767e-08 0.0056905267 4.8882654e-08 9.238529e-08 1.18235075e-05 1.6317186e-07 0.022915825 0.0051624593 3.504344e-06 5.8609535e-06 8.954354e-09 0.002713248 3.5123725e-05 3.0501994e-07 0.0009390802 2.171035e-05 0.01345128 4.401481e-06 8.182539e-05 4.104257e-05 0.00037897844 2.3316787e-05 0.0014764552 1.0604438e-05 1.5095665e-07 1.5499434e-07 0.0018770904 5.727467e-08 2.7926639e-05 7.808809e-05 4.1423493e-05
0.88806176 0.05858295 0.17846002 0.028409239 0.01592596 0.0005474927 8.466239e-21 0.33196443 0.00097313384 0.8736709 0.7718573 0.51310384 0.00020791421 0.002430556 0.047985807 0.06563849 0.51282406 0.15276271 2.9666777e-05 0.08609068 0.041247003 0.17472906 0.027422037 0.0044619264 0.028521327 0.02702424 0.059460986 0.009468726 0.06807587 0.023659294 0.028520314 0.1465185 0.017455759 8.924541e-05 0.0002192283 0.015866812 0.0035086998 0.003910797 0.009647946 0.004077916 0.013457523 1.8954734e-05 0.00045916895 0.0005240449 0.012686068 0.00049454416 0.00086909713 0.03797046 0.00054063916 0.00017680065 0.00016862057 0.011268812 0.02350235 0.0019682387 0.0039409082 4.6004796e-05 0.0015010217 0.0031760023 0.003306056 0.009952102 0.00019373621 4.7289475e-05 0.0010085088 0.0013349439 0.003354994 0.0022595064 6.3009716e-06 0.0031092532 2.47369e-06 1.8458882e-06 3.3788547e-06 3.1042902e-07 4.9713803e-06 2.1548458e-06 0.0005458669 1.2532662e-05 0.00019941365 3.3582655e-06 2.5322757e-05 2.3624936e-05 4.4237947e-07 2.956294e-06 0.00021424936 1.0104949e-05 3.7679234e-05 1.8888182e-05 0.00013807487 2.6708338e-05 0.00031353987 6.8908616e-05 0.00012659785 6.4215434e-05 0.00065131334 6.444983e-06 1.7277112e-06 5.4205575e-06 6.231992e-07 1.2424565e-06 4.6510122e-05 0.0030369826 3.708528e-05
0.9724992 0.18694808 0.7440474 0.07272692 0.263459 0.007870355 0.33196443 2.7535818e-20 0.009616956 0.23786972 0.32412267 0.16019867 0.0034937894 0.015245772 0.12108363 0.32427582 0.17387985 0.18456067 0.0020232983 0.06434989 0.14198092 0.7518937 0.09287738 0.02759686 0.07690702 0.05488314 0.41527352 0.023335764 0.029568246 0.019143807 0.07256152 0.028573826 0.011394003 0.0012846518 0.00994517 0.006837752 0.0069147255 0.0036824886 0.005302713 0.0027634643 0.005428553 0.0010323512 0.0071901907 0.0033185459 0.17084521 0.0025760187 0.001982131 0.017380036 0.0015984097 0.0023385375 0.0024257547 0.005169606 0.006947183 0.0004566625 0.07030032 0.0004053719 0.0033345157 0.001004933 0.00165675 0.0007508402 0.00020956309 0.00013943773 0.00015645979 0.00077404774 0.18612584 0.0003447434 4.2269272e-05 0.0006030259 0.000108031876 9.680668e-06 1.2269109e-05 0.00021984382 1.685205e-05 7.1491068e-06 0.00014969816 9.679805e-05 0.009850848 0.0005835235 1.3895207e-05 1.4610892e-05 6.2590957e-06 0.00020921284 6.0031438e-05 5.116472e-06 0.00016757839 4.1728996e-05 0.00017762335 2.8533554e-05 0.0005424227 0.00018002487 0.0005224603 5.742905e-05 0.06313217 1.1220372e-05 7.4581662e-06 9.475726e-06 3.139715e-05 2.8883348e-06 0.0003107784 0.033687294 0.0019714814
0.8153771 0.15294304 0.02276988 0.6879521 0.08934342 0.8864371 0.00097313384 0.009616956 4.3185802e-19 0.00026737788 0.005008306 7.0510716e-05 0.72433585 0.63994676 0.10798378 8.549163e-05 0.001592823 0.046420917 0.42594144 1.7354803e-05 2.2168611e-05 0.010582966 4.9160635e-06 0.17052172 1.8478803e-06 7.0498004e-07 0.0500012 0.044047255 1.029899e-06 1.0332344e-07 1.5286521e-05 8.509517e-05 1.2843474e-06 0.054053392 0.035946146 2.435943e-06 0.060283836 9.840762e-08 6.781719e-07 8.99666e-08 8.42418e-06 0.07742479 1.5176589e-07 2.7153535e-08 0.027225092 3.31758e-08 1.3780553e-07 0.0011044958 3.9327794e-08 1.0561946e-07 5.2241564e-08 0.001857068 0.0015742831 6.7548547e-07 0.02856452 3.985115e-08 8.0507795e-07 0.004835084 0.0010342604 2.3529083e-05 0.006344976 4.6959535e-08 3.853474e-06 6.736311e-08 0.0005404461 5.993417e-06 1.7317115e-08 0.00015926643 5.681743e-09 2.2562265e-08 7.007715e-08 0.007519028 4.4233957e-08 4.1846096e-08 2.0655025e-05 1.02691985e-07 0.010127714 0.014330091 4.6505906e-07 9.187284e-07 1.626209e-08 0.0040671653 2.1521277e-05 3.148479e-07 0.0018850458 7.3708115e-06 0.0061540436 1.576896e-06 0.0005312122 9.9987206e-05 0.000656329 2.949945e-05 0.00049316324 3.8131077e-06 4.464931e-08 1.0775358e-07 0.00111755 1.6233766e-08 3.1625717e-05 5.478873e-05 7.600651e-05
0.8565527 0.014960432 0.08278799 0.007997039 0.003955054 0.00035741838 0.8736709 0.23786972 0.00026737788 1.0896482e-20 0.6725301 0.80293065 4.8734844e-05 0.0007317366 0.01603325 0.090953484 0.58075327 0.09621643 5.2653463e-06 0.22599244 0.07569871 0.11404267 0.02854452 0.0020805425 0.036165457 0.02795676 0.035416994 0.0051309653 0.18521792 0.04209805 0.024948126 0.26613408 0.05118538 1.5885358e-05 0.00020614124 0.050382987 0.002613717 0.008816817 0.027276158 0.006752897 0.036236204 1.245759e-05 0.0009009196 0.0005440489 0.008055151 0.0004604309 0.0015223557 0.056953575 0.0012810904 0.00031146622 0.00073141535 0.012598512 0.030211369 0.003390247 0.0017088796 9.18633e-05 0.0019184723 0.00304543 0.003573078 0.027363844 0.0001360468 0.00015089054 0.0017564694 0.0016568378 0.0033705372 0.0090347035 3.5887253e-05 0.003999422 2.6766897e-06 4.202751e-06 6.3425764e-06 2.4132953e-07 1.307306e-05 7.00185e-06 0.0016776948 3.3248576e-05 0.00011243172 1.7888967e-06 6.152113e-05 6.7080175e-05 1.9160148e-06 3.8306907e-06 0.00034739028 1.578555e-05 7.803962e-05 7.0782975e-05 2.0811705e-05 7.653917e-05 0.0008039111 0.00028670634 0.00014621619 0.00019644263 0.0009937562 5.7911828e-05 3.4002503e-06 4.933446e-06 2.5834952e-06 1.4817891e-06 5.921753e-05 0.004741893 0.00029666905
0.8835897 0.0927075 0.19425063 0.104766496 0.036881357 0.003155682 0.7718573 0.32412267 0.005008306 0.6725301 7.826679e-20 0.25347516 0.0012024863 0.0075693764 0.16709626 0.03233872 0.8880984 0.424981 0.00028908675 0.03658129 0.022629054 0.22990513 0.012067198 0.027369965 0.019571682 0.015548262 0.09912695 0.051261112 0.054693844 0.012484048 0.014277463 0.32359284 0.015929364 0.00033003572 0.00043272294 0.02141204 0.014975686 0.0031807083 0.007930729 0.0026724087 0.01667173 0.00014816778 0.0004055192 0.0006523188 0.014558574 0.0006584895 0.0009624415 0.08222656 0.0005746146 0.00022479366 0.0002923285 0.025016831 0.057323243 0.0026213482 0.0030879725 0.00011836184 0.0010200115 0.010017543 0.010308488 0.012868222 0.0012165484 9.220315e-05 0.0021993925 0.0012782061 0.0012955129 0.004454702 3.0145602e-05 0.010486148 1.6092695e-06 3.4915306e-06 5.380206e-06 2.3002397e-06 1.3631621e-05 1.647133e-05 0.0023297272 1.7256867e-05 0.00042569338 1.9873105e-05 9.31617e-05 0.00012748569 3.4656812e-06 2.5703685e-05 0.00111394 4.634391e-05 0.0003588597 3.444726e-05 0.00045149223 8.722028e-05 0.0010996081 0.00030226712 0.0005062751 0.0002678143 0.00020531408 4.4159508e-05 3.824346e-06 1.4769396e-05 3.4634313e-06 2.897058e-06 0.0002816577 0.0020125418 0.000114968185
0.86566335 0.0020843288 0.021336922 0.0016054404 0.0014310812 6.4688604e-05 0.51310384 0.16019867 7.0510716e-05 0.80293065 0.25347516 4.1274707e-20 3.0810006e-06 8.7171895e-05 0.0016814765 0.33936945 0.3680073 0.0120322 2.6703776e-07 0.8631796 0.50499123 0.07331169 0.07133316 0.0008866452 0.091890536 0.054403365 0.019476585 0.0027753003 0.4103213 0.17383578 0.04499089 0.1465286 0.13843058 5.359693e-07 2.5326404e-05 0.10358885 0.0010181504 0.028968254 0.05259474 0.017940411 0.052975923 3.1724102e-07 0.0030644939 0.0012276812 0.0037790472 0.00093679613 0.0033461417 0.037849102 0.002618686 0.00075224234 0.001347964 0.008186809 0.028420348 0.005386424 0.0006286168 0.00029769843 0.004645846 0.0014925462 0.0025549803 0.026404595 1.6282787e-05 0.0002994987 0.0022565152 0.0033356147 0.0031128984 0.008649752 0.00012632855 0.001967416 8.939086e-06 1.0869497e-05 1.647895e-05 8.060202e-08 2.8044256e-05 1.1131249e-05 0.0017595517 9.640504e-05 2.5519395e-05 1.8452836e-07 7.3566305e-05 7.12039e-05 3.7423845e-06 5.700387e-07 0.00044309156 1.0254998e-05 1.4743712e-05 4.573624e-05 8.4001243e-07 4.7989583e-05 0.0010680234 0.00043148693 3.5753616e-05 0.00020628636 0.0013484925 3.8987397e-05 1.251785e-05 6.417145e-06 6.731376e-07 2.4045826e-06 3.4674915e-05 0.0068703173 0.00011383093
0.7567076 0.06451972 0.005137713 0.32559022 0.044965707 0.71367306 0.00020791421 0.0034937894 0.72433585 4.8734844e-05 0.0012024863 3.0810006e-06 1.6613748e-21 0.63389784 0.03576546 1.8184903e-05 0.00021527217 0.0067391195 0.860759 1.1153624e-06 1.3827542e-06 0.0057122298 1.0015937e-06 0.123021446 2.8513801e-07 2.3830945e-07 0.03593401 0.023158861 1.5093218e-07 1.0748032e-08 9.60569e-06 9.084559e-06 4.88314e-08 0.21158005 0.115577415 1.8626567e-07 0.05342491 8.901751e-09 5.0819935e-08 1.0236497e-08 7.357212e-07 0.14676243 3.780862e-08 9.171089e-09 0.022775605 8.823199e-09 2.4702361e-08 0.00077262794 7.593043e-09 1.6766723e-08 3.0166262e-08 0.0013556734 0.0018599259 1.7405503e-07 0.04236024 8.324483e-09 9.1876706e-07 0.003244952 0.0007003256 3.918194e-06 0.0045753717 7.777288e-09 8.048277e-07 6.502895e-08 0.00029197356 9.864858e-07 2.9697318e-09 3.246871e-05 1.052913e-09 1.241733e-09 7.183027e-09 0.011446909 2.9667369e-09 1.2008468e-08 6.2306453e-06 1.2918713e-08 0.066402055 0.013394851 6.339604e-07 1.3210085e-06 1.3531045e-09 0.006706515 5.2810515e-06 4.9206413e-08 0.0018343913 2.977194e-06 0.0280845 9.10228e-07 5.4770968e-05 3.7800455e-05 0.0009038556 7.1536015e-06 0.00010201802 2.0288783e-06 8.357701e-09 8.138381e-09 0.0011627964 2.3278148e-09 2.451636e-05 7.827354e-06 5.305611e-06
0.7380169 0.19790827 0.044395916 0.54254895 0.10077402 0.4285453 0.002430556 0.015245772 0.63994676 0.0007317366 0.0075693764 8.7171895e-05 0.63389784 9.910967e-19 0.4937051 0.000118134485 0.0015073153 0.2451598 0.5848652 1.7635803e-05 2.8001845e-05 0.021002553 1.3020303e-05 0.7256285 8.020804e-06 7.656213e-06 0.06470981 0.34574738 4.078912e-06 2.4971163e-07 9.1606176e-05 0.00049186806 8.02639e-06 0.16970225 0.09263439 2.3263967e-05 0.33987665 2.7806395e-06 7.245902e-06 2.2432655e-06 2.7375574e-05 0.41732696 1.2292304e-06 9.482953e-07 0.020986887 1.0081352e-06 8.8882814e-07 0.008921904 7.4492266e-07 6.704103e-07 1.797382e-06 0.009605261 0.011114645 5.8498576e-06 0.03309903 4.0939406e-07 1.0333291e-05 0.013321448 0.005324231 4.788845e-05 0.023966009 1.9321385e-06 7.5976146e-05 2.3641512e-06 0.00033914048 1.7220698e-05 6.510549e-07 0.00018653936 1.1784899e-08 1.2751129e-07 2.345714e-07 0.0117400205 8.0298014e-07 1.9255308e-06 0.00017337655 2.6428702e-06 0.044266135 0.051502608 1.1490597e-05 2.1365224e-05 3.446773e-07 0.009968382 0.0002056725 6.6052885e-06 0.004128965 2.7446547e-05 0.034633286 3.2370703e-05 0.00029100117 2.4752393e-05 0.0031452624 2.0172954e-05 0.00035699544 1.2336655e-05 3.6253357e-07 2.0230625e-06 0.0011254823 2.4170612e-07 0.0002072443 5.726449e-05 0.0002915292
0.74811846 0.21582091 0.17573045 0.42499605 0.11439191 0.038115494 0.047985807 0.12108363 0.10798378 0.01603325 0.16709626 0.0016814765 0.03576546 0.4937051 3.787739e-20 0.0013168219 0.117043234 0.9373332 0.009763242 0.00040532066 0.0007986442 0.06021173 0.00033923605 0.66581804 0.0004669205 0.00031747817 0.048446257 0.50113666 3.621521e-05 2.7108356e-06 0.00070318463 0.005573592 1.7710772e-05 0.0030775652 0.0020551165 4.52824e-05 0.18373701 6.389622e-06 2.4035842e-05 6.828371e-06 0.00011662419 0.016921993 7.2276134e-06 3.689371e-06 0.009300411 5.484495e-06 9.904334e-06 0.04021429 2.0976884e-06 2.0503603e-06 6.5161616e-06 0.02889035 0.045997556 2.9463798e-05 0.008024313 1.3243424e-06 0.00012834609 0.02117314 0.009504416 0.0005733477 0.007487108 2.0750872e-06 2.1217242e-05 0.00011014643 0.0010096944 0.00019560999 1.2292996e-06 0.001805157 1.6843554e-08 3.9162086e-07 5.6803407e-07 5.0837603e-05 1.9724441e-06 4.4112176e-06 0.00012538096 1.8987886e-06 0.0035268746 0.0030756313 6.844347e-05 7.3533265e-05 4.213637e-07 0.0004580753 7.710623e-05 6.6501266e-06 0.0008198782 4.1728695e-06 0.007047412 7.114681e-05 0.0002193157 2.8490755e-05 0.0009543317 4.6615984e-05 0.00025848803 7.196786e-06 2.7710857e-06 2.0043042e-06 2.495048e-05 3.7817867e-07 0.0003350128 0.0003093048 0.00024067739
0.94368196 0.0013144932 0.010880974 0.00077118963 0.00082703825 8.932366e-05 0.06563849 0.32427582 8.549163e-05 0.090953484 0.03233872 0.33936945 1.8184903e-05 0.000118134485 0.0013168219 9.102302e-21 0.022087831 0.007861262 1.1364674e-06 0.53618395 0.83397907 0.10533134 0.821743 0.00031467128 0.62593454 0.5524853 0.026860377 0.0011141935 0.05892046 0.13414282 0.18053246 0.015257633 0.03796298 1.8608192e-05 0.0002200624 0.020541022 0.0003023969 0.023746464 0.022445321 0.017709777 0.012762687 1.2307729e-06 0.023111315 0.0028224092 0.018683773 0.0022628952 0.0105708465 0.0071927933 0.0066807577 0.006485604 0.006648843 0.0011021598 0.0050719352 0.003905257 0.005354084 0.00071518996 0.0043534124 0.00027171386 0.00041879856 0.00086785277 1.6084172e-05 0.0023713934 0.00091102405 0.0047008875 0.019564802 0.0005297642 0.0009893171 0.00069681136 0.00015131955 0.00017927753 0.00016955019 1.1288548e-05 0.00027369402 0.00013703003 0.0005632252 0.00046171225 0.00018829686 2.8693448e-06 0.00018096004 0.00017734697 4.575308e-05 1.5902426e-05 0.0004201547 4.333009e-05 1.9326995e-05 8.432576e-05 1.9290158e-06 8.9772264e-05 0.00024909264 0.00030597925 3.3539018e-05 6.0333452e-05 0.007867252 1.7598537e-05 1.5189621e-05 4.349789e-05 1.1952741e-05 2.75582e-05 1.5221711e-05 0.015540893 0.00043410642
0.7862734 0.01555151 0.06469262 0.02529897 0.006228172 0.0012453387 0.51282406 0.17387985 0.001592823 0.58075327 0.8880984 0.3680073 0.00021527217 0.0015073153 0.117043234 0.022087831 6.034438e-20 0.47435436 3.2312873e-05 0.060862973 0.02412695 0.09593167 0.008782008 0.012249258 0.015535775 0.009297515 0.03193102 0.03365053 0.2991308 0.042767826 0.009201859 0.7935207 0.09748676 4.5881323e-05 0.0001616667 0.14145438 0.007841241 0.014300506 0.05618929 0.011460496 0.1257591 3.6009194e-05 0.0011572373 0.0006837924 0.003937514 0.00055352284 0.0024851123 0.21717764 0.0031157332 0.00032356614 0.00095911406 0.061023884 0.14460333 0.009920135 0.00043067808 0.00013572023 0.0009906106 0.01209384 0.019822922 0.098378755 0.0007022404 0.00018274478 0.008727306 0.0009627118 0.00036183005 0.038631853 8.1686914e-05 0.032658655 3.1949128e-06 1.2582482e-05 1.3195335e-05 7.4164427e-07 2.7005082e-05 7.981103e-06 0.02064184 2.1776623e-05 0.00014372655 7.7956304e-07 2.7345539e-05 3.2791155e-05 4.762786e-06 2.60241e-06 0.0031484915 1.4418693e-05 7.586254e-05 0.00024632778 4.9982806e-05 2.7362757e-05 0.0047835736 0.0036168378 0.00011459655 0.0009415544 8.0273894e-05 0.0002556118 2.6557784e-06 2.7321753e-06 6.590523e-07 1.7648883e-06 0.00078826625 0.0023354911 7.0935435e-05
0.75476974 0.18160024 0.20364968 0.27549762 0.0994756 0.012440359 0.15276271 0.18456067 0.046420917 0.09621643 0.424981 0.0120322 0.0067391195 0.2451598 0.9373332 0.007861262 0.47435436 1.987247e-19 0.0013280546 0.003566259 0.008377357 0.084447205 0.0015974253 0.52111554 0.002757524 0.0009504416 0.059309077 0.6278385 0.0008828083 2.8284545e-05 0.0014602 0.070153765 0.00014433738 0.0007578997 0.0008908674 0.00044742 0.22153041 1.4257697e-05 0.00014874712 1.839447e-05 0.001165875 0.004610239 2.0571793e-05 5.780877e-06 0.011685086 5.8058504e-06 2.1268761e-05 0.12318399 7.842433e-06 3.5520045e-06 1.0146539e-05 0.100865796 0.11338835 0.0001320967 0.0038395987 1.1741016e-06 0.00019791785 0.058803342 0.0357047 0.0114499 0.011517746 2.0042928e-06 0.00011013697 0.00014524348 0.0010422007 0.0017085798 6.3615767e-07 0.013832155 1.4128748e-08 2.7631125e-07 2.853875e-07 7.0411097e-06 5.4809055e-07 1.7806077e-06 0.0012921032 2.1675005e-06 0.003611843 0.0014113337 5.5102242e-05 7.2817405e-05 2.449523e-07 5.0939325e-05 0.00034447983 5.7361963e-06 0.0006591709 7.117093e-06 0.0037570877 8.321968e-05 0.0015529004 0.00016114088 0.0008361733 0.0002901208 0.00021042884 1.1471567e-05 2.6738014e-06 8.774631e-07 2.876712e-06 1.6187239e-07 0.00047697336 0.00085297966 0.00017360323
0.77872986 0.016806439 0.0013665889 0.16626689 0.02294887 0.42439562 2.9666777e-05 0.0020232983 0.42594144 5.2653463e-06 0.00028908675 2.6703776e-07 0.860759 0.5848652 0.009763242 1.1364674e-06 3.2312873e-05 0.0013280546 8.806911e-23 8.988719e-08 1.168568e-07 0.0027823814 7.3202195e-08 0.07187976 3.0910392e-08 3.1856693e-08 0.035464827 0.010774851 7.1128827e-09 7.0681544e-10 1.7992703e-06 6.703393e-07 2.2061555e-09 0.34011304 0.1408483 7.249479e-09 0.038330194 6.57845e-10 4.0086157e-09 1.3077348e-09 5.642318e-08 0.20582011 5.8050995e-09 1.280698e-09 0.019152746 1.0067529e-09 1.3130184e-09 0.00038313319 8.000505e-10 2.907918e-09 5.8712657e-09 0.0010163378 0.0011715079 6.697633e-08 0.046643276 8.773338e-10 2.2034598e-07 0.0025328374 0.0006885258 2.1875671e-06 0.0053413594 3.2680572e-09 2.2357251e-07 2.110299e-08 4.529808e-05 7.039904e-07 7.722062e-10 1.4041084e-05 1.2829687e-10 2.9196376e-10 6.2911293e-10 0.02984894 5.558959e-10 7.991816e-09 6.484898e-06 1.7273692e-09 0.1477558 0.021724114 5.282737e-07 1.297081e-06 2.4838875e-10 0.022883339 1.599581e-06 1.8945125e-08 0.0022439088 3.3463791e-06 0.08649613 9.2415746e-07 1.779388e-05 1.14052e-05 0.0009229046 1.2053244e-05 1.9683994e-05 4.6045857e-06 1.2129453e-09 1.3780065e-09 0.0046170615 5.2539295e-10 2.5813564e-05 1.0522471e-06 7.347974e-06
0.80162865 0.00030836702 0.0036540017 0.00026755693 0.000477068 1.551702e-05 0.08609068 0.06434989 1.7354803e-05 0.22599244 0.03658129 0.8631796 1.1153624e-06 1.7635803e-05 0.00040532066 0.53618395 0.060862973 0.003566259 8.988719e-08 3.2658595e-19 0.858257 0.03950017 0.16959725 0.00027555902 0.36205512 0.15323357 0.009219933 0.0012578055 0.5071338 0.48793542 0.050977472 0.051917166 0.232441 6.8267106e-08 5.7552325e-06 0.12635526 0.00021798494 0.07621603 0.07790714 0.043543365 0.04815712 4.6824212e-08 0.01802789 0.004387787 0.001358691 0.0027034963 0.012321606 0.024429427 0.009313415 0.0023917344 0.0058729835 0.003408647 0.014350091 0.008685305 0.00011148243 0.0008426997 0.008308424 0.0006022874 0.00095774943 0.015749749 7.539168e-06 0.0013414903 0.004372467 0.0041307574 0.0027516317 0.0065962677 0.0006637515 0.00080176996 4.783614e-05 6.961492e-05 9.672193e-05 4.0758104e-07 0.00015846707 9.578471e-05 0.0034047174 0.00033239683 9.893223e-06 7.691318e-08 0.00024665336 0.00014186931 2.1494017e-05 9.499952e-07 0.00054353994 2.914882e-05 4.3340897e-06 5.4871296e-05 7.778661e-07 6.437308e-05 0.0005259608 0.00054818107 9.924994e-06 9.530661e-05 0.0012288858 2.524791e-05 8.677149e-06 9.249718e-06 1.878807e-06 3.2108944e-06 2.3257579e-05 0.0076085376 0.00015851438
0.8738769 0.00089882873 0.007917451 0.0005641116 0.0004604362 2.1767612e-05 0.041247003 0.14198092 2.2168611e-05 0.07569871 0.022629054 0.50499123 1.3827542e-06 2.8001845e-05 0.0007986442 0.83397907 0.02412695 0.008377357 1.168568e-07 0.858257 7.304373e-20 0.070111744 0.48528272 0.00020136041 0.8263322 0.508377 0.017566293 0.00094438303 0.15058157 0.22544177 0.07854635 0.025679216 0.08773794 3.0514883e-07 2.6727805e-05 0.047184303 0.00033328246 0.03782352 0.047910657 0.03412747 0.03028835 2.0724241e-07 0.030851586 0.0049370565 0.003142225 0.0036715812 0.017430514 0.013830269 0.015182822 0.0073024062 0.011144634 0.0015359769 0.008569162 0.010313572 0.00023949775 0.00092147634 0.005541197 0.00032633814 0.0004966761 0.005946413 3.1419793e-05 0.003703354 0.005457729 0.0050847353 0.006637905 0.0042331577 0.0017028094 0.0010245492 9.625567e-05 0.00021565193 0.00020374273 3.0166118e-06 0.00040809915 0.00029605237 0.0034124115 0.0003353929 2.21736e-05 2.5624736e-06 0.0003556984 0.0002332474 5.7230314e-05 1.2081786e-05 0.0009783878 6.938857e-05 1.2845291e-05 9.82671e-05 1.2601335e-07 7.767016e-05 0.00033657558 0.000546573 1.6653428e-05 9.210015e-05 0.00267837 3.657054e-05 7.675008e-06 1.8820287e-05 6.844827e-06 7.985656e-06 1.5523694e-05 0.009078393 0.0009034221
0.9959555 0.17290594 0.46723282 0.06427392 0.33663967 0.009498572 0.17472906 0.7518937 0.010582966 0.11404267 0.22990513 0.07331169 0.0057122298 0.021002553 0.06021173 0.10533134 0.09593167 0.084447205 0.0027823814 0.03950017 0.070111744 8.682748e-24 0.025812691 0.013262376 0.033935614 0.01692551 0.6531742 0.00939974 0.0044573015 0.0040770257 0.022107957 0.005163939 0.0019446637 0.0010485988 0.0074659274 0.0014620034 0.0040902435 0.000930324 0.0012174763 0.0007621606 0.0020104987 0.0008931825 0.0026760336 0.0009343777 0.1878539 0.00071498327 0.0005626907 0.003669213 0.0006350921 0.00058458984 0.00071233 0.0015984959 0.002024464 0.0002526406 0.050242815 0.00015453745 0.0009997343 0.0010666361 0.0009174345 9.927724e-05 0.00082206534 6.0184262e-05 0.0002121616 8.075741e-05 0.29876554 7.8701596e-05 2.215162e-05 0.001121564 4.3363692e-05 5.161536e-06 5.3354715e-06 0.0004524668 9.11582e-06 9.968058e-06 0.00056175666 1.526598e-05 0.014397884 0.0017026834 7.546329e-05 0.00013021988 4.6402088e-06 0.00097418483 0.0012133857 3.647305e-05 0.0014169043 0.0005143958 1.3892609e-05 0.00015833035 0.00058923045 0.0006872332 0.0032937916 0.00022548028 0.109244 0.00010386549 2.5985012e-06 5.084466e-06 0.00018538146 6.417442e-07 0.001203911 0.01887666 0.0047336672
0.9600112 0.00023842962 0.0010748869 2.8237677e-05 0.000113635804 4.224358e-06 0.027422037 0.09287738 4.9160635e-06 0.02854452 0.012067198 0.07133316 1.0015937e-06 1.3020303e-05 0.00033923605 0.821743 0.008782008 0.0015974253 7.3202195e-08 0.16959725 0.48528272 0.025812691 1.6075968e-20 0.0001169242 0.6110425 0.8184521 0.008191569 0.00020776912 0.039013095 0.111470126 0.44685033 0.0046554366 0.027536754 4.795956e-07 0.00010937362 0.0109262075 2.9554754e-05 0.022209747 0.012345635 0.015882201 0.0043268376 2.8164277e-07 0.09034473 0.02248758 0.005146113 0.018058673 0.02103938 0.0018670249 0.008380346 0.033731338 0.025844313 0.00017107729 0.0011854145 0.0019326251 0.0005266954 0.0036111698 0.015576512 3.057953e-05 5.035926e-05 0.00017963623 2.449265e-06 0.0063737347 0.00040881065 0.0103428615 0.07303343 0.0001274846 0.0018561119 7.307864e-05 0.00040699998 0.00066807284 0.00092532026 3.2822707e-06 0.00060645165 0.00016976359 0.00028683216 0.00094348233 7.4903815e-05 1.3832608e-06 0.0001239803 9.161833e-05 5.4053937e-05 7.044213e-06 9.2871116e-05 2.5101219e-05 9.851871e-06 2.1720869e-05 2.0458716e-08 4.7621164e-05 6.3507745e-05 4.758602e-05 2.6375271e-06 7.823989e-06 0.02736892 2.6145547e-06 7.84228e-05 5.0037364e-05 5.9488343e-06 3.0158715e-05 6.090964e-06 0.04608476 0.0007755718
0.5902452 0.10507075 0.03845007 0.29415992 0.05037195 0.057901405 0.0044619264 0.02759686 0.17052172 0.0020805425 0.027369965 0.0008866452 0.123021446 0.7256285 0.66581804 0.00031467128 0.012249258 0.52111554 0.07187976 0.00027555902 0.00020136041 0.013262376 0.0001169242 1.231441e-19 7.824037e-05 8.8011904e-05 0.029395597 0.8788101 4.401193e-05 3.041655e-06 0.0005723345 0.001434238 4.814773e-05 0.020684877 0.0081842365 0.0001142527 0.5804054 8.0487425e-06 3.013899e-05 1.2016128e-05 0.00019748534 0.33546162 9.640297e-06 2.9534058e-06 0.0071950676 3.834155e-06 7.5227936e-06 0.041395377 4.198441e-06 1.9957383e-06 9.322611e-06 0.06924728 0.05971579 2.4197667e-05 0.0062534427 1.4055934e-06 4.5245833e-05 0.10763133 0.02681554 0.00078296807 0.089387126 4.865634e-06 4.6995403e-05 2.9294819e-05 0.00071145484 0.00016187034 3.2326168e-06 0.0029036591 1.0373457e-07 1.0113783e-06 6.2294123e-07 0.000988694 4.950195e-06 1.0297118e-05 0.0005724292 3.0939357e-06 0.02323031 0.038352873 0.0002760038 0.0005958811 3.8811863e-06 0.006071684 0.00020483648 0.00010650852 0.0057678623 4.84189e-05 0.028956069 0.0010876766 0.0008419394 9.343986e-05 0.0069092866 6.596945e-05 9.453192e-05 2.5421894e-05 2.7906895e-06 1.1963849e-05 0.00033512432 1.0677987e-06 0.0005820179 5.9485024e-05 0.0005014846
0.8958939 0.00023931921 0.0017050126 4.3174743e-05 0.00017548402 3.7070902e-06 0.028521327 0.07690702 1.8478803e-06 0.036165457 0.019571682 0.091890536 2.8513801e-07 8.020804e-06 0.0004669205 0.62593454 0.015535775 0.002757524 3.0910392e-08 0.36205512 0.8263322 0.033935614 0.6110425 7.824037e-05 7.197881e-20 0.8130763 0.008624128 0.0001906184 0.07537411 0.17537652 0.17115793 0.015940243 0.05105328 5.6597255e-08 1.1609813e-05 0.032018386 7.8622514e-05 0.041207407 0.049381383 0.044508033 0.018024012 1.346867e-07 0.12888403 0.015459665 0.000782227 0.0124029955 0.047632836 0.00657483 0.04075437 0.030638352 0.04156798 0.00057953235 0.0030905635 0.015597532 2.913359e-05 0.0031906108 0.015409978 0.00011250058 0.00020944621 0.0018843625 1.3586211e-05 0.014508878 0.005923786 0.008228557 0.01696309 0.0018070517 0.0064713415 0.00054000464 0.0003750697 0.0016480396 0.0010325805 9.0657477e-07 0.0012863087 0.001168073 0.0024712062 0.00063142355 5.764928e-06 1.5554541e-06 0.00077108777 0.00045566953 0.00012661502 1.4358754e-05 0.0010068929 0.00011291462 8.165447e-06 0.00011267947 2.078553e-08 0.00011670318 0.00032077817 0.0004371873 3.659065e-06 5.241576e-05 0.007589865 2.218295e-05 2.2224558e-05 3.757069e-05 6.1704723e-06 1.8695815e-05 1.2996659e-05 0.018607443 0.0021235219
0.91841453 0.00014009512 0.0006798377 1.4323128e-05 8.380641e-05 1.9895833e-06 0.02702424 0.05488314 7.0498004e-07 0.02795676 0.015548262 0.054403365 2.3830945e-07 7.656213e-06 0.00031747817 0.5524853 0.009297515 0.0009504416 3.1856693e-08 0.15323357 0.508377 0.01692551 0.8184521 8.8011904e-05 0.8130763 4.4908676e-20 0.0048408746 0.00012420703 0.051606927 0.13565305 0.27124235 0.0090533765 0.035779234 3.5631974e-08 1.2298807e-05 0.018474052 3.1074243e-05 0.034466445 0.027552417 0.02907915 0.009060577 1.7532733e-07 0.14719178 0.027291223 0.0013605024 0.021873495 0.043993592 0.0025111432 0.026156235 0.055950925 0.047422923 0.00023540364 0.0013525232 0.007241337 2.270976e-05 0.006757352 0.021899244 4.4055563e-05 0.00010003681 0.00045338296 4.166217e-06 0.017594595 0.0019937467 0.010337141 0.023697535 0.00042576404 0.005458112 0.00022588039 0.00061940827 0.0022441174 0.0016069806 1.4053898e-06 0.0013374466 0.00068854523 0.0007990068 0.0010034754 4.8547877e-06 1.6183003e-06 0.0004612587 0.0003428482 0.000138706 8.698931e-06 0.00026096596 9.324705e-05 9.27982e-06 5.136838e-05 1.5201627e-08 9.6340154e-05 0.0002663878 0.00015312136 1.981029e-06 2.5634625e-05 0.013447368 1.0216938e-05 9.370918e-05 5.9769405e-05 6.0694397e-06 3.565735e-05 9.904428e-06 0.030575495 0.0022318931
0.9986974 0.26677442 0.42263526 0.14356542 0.5601115 0.052250292 0.059460986 0.41527352 0.0500012 0.035416994 0.09912695 0.019476585 0.03593401 0.06470981 0.048446257 0.026860377 0.03193102 0.059309077 0.035464827 0.009219933 0.017566293 0.6531742 0.008191569 0.029395597 0.008624128 0.0048408746 3.1097603e-20 0.01535488 0.0014785546 0.00085401867 0.005275985 0.0021786138 0.0006987279 0.041500483 0.07289246 0.0005020404 0.008597509 0.00029734403 0.00038530328 0.00026535458 0.0005041707 0.0050579226 0.00068479194 0.00046284348 0.39738807 0.00040809193 0.00014888306 0.0028215142 0.00014280416 0.00022485238 0.0003966964 0.0015279291 0.002608239 0.00012300901 0.10037077 0.00015608051 0.0002218292 0.00090666476 0.00059632055 3.848459e-05 0.001477072 2.1729697e-05 0.00014485602 1.1494816e-05 0.18246908 2.686442e-05 1.0687161e-05 0.00045668142 9.712762e-05 9.925689e-07 4.1349153e-06 0.0038905607 4.5023025e-06 5.8536016e-06 0.00036755012 1.9367515e-05 0.10014642 0.006451481 5.303777e-05 8.436253e-05 3.98571e-07 0.0052657984 0.0003649535 5.231341e-06 0.003027479 0.000100998855 0.0042675636 6.838964e-05 0.00038556557 0.00026765445 0.0017947659 0.00013597988 0.04261456 3.9633316e-05 2.0802427e-06 3.1629806e-06 0.0017875598 1.0038619e-06 0.00038640777 0.0014358948 0.0023996062
0.3814468 0.048942357 0.023087243 0.13317047 0.022170536 0.016489469 0.009468726 0.023335764 0.044047255 0.0051309653 0.051261112 0.0027753003 0.023158861 0.34574738 0.50113666 0.0011141935 0.03365053 0.6278385 0.010774851 0.0012578055 0.00094438303 0.00939974 0.00020776912 0.8788101 0.0001906184 0.00012420703 0.01535488 6.7482837e-19 0.00039254373 3.9336293e-05 0.0009956592 0.008554749 0.00026507836 0.006284004 0.003057768 0.00042117632 0.8573303 5.75281e-05 0.00012864951 5.3927015e-05 0.0005725674 0.19998029 5.4342716e-05 2.655719e-05 0.0033455275 3.5225865e-05 3.1051906e-05 0.29724485 1.1206555e-05 2.9867251e-05 6.838319e-05 0.3284583 0.30597714 7.8733414e-05 0.0022337171 2.3622322e-05 0.00012763788 0.36551622 0.17654112 0.0025476345 0.24565072 5.7203462e-05 0.00015727211 0.000117925454 0.00022767762 0.0007880095 1.5591067e-05 0.024054052 1.7554562e-06 8.962475e-06 6.8624677e-06 0.00015431186 2.5649491e-05 4.9374536e-05 0.0022865068 1.7331893e-05 0.019426057 0.032772873 0.0004793654 0.0011234357 2.6020092e-05 0.000954354 0.0009442156 0.00070034096 0.016473442 0.00014049637 0.015831497 0.003206326 0.0011990281 0.00037506287 0.028321024 0.00032962803 3.188906e-05 9.13018e-05 5.248221e-06 6.0110673e-05 5.1728923e-05 1.2895941e-06 0.0011192036 0.000124573 0.00063716713
0.7004699 0.00019732775 0.0028540003 0.00012634289 0.00014175921 1.5608957e-06 0.06807587 0.029568246 1.029899e-06 0.18521792 0.054693844 0.4103213 1.5093218e-07 4.078912e-06 3.621521e-05 0.05892046 0.2991308 0.0008828083 7.1128827e-09 0.5071338 0.15058157 0.0044573015 0.039013095 4.401193e-05 0.07537411 0.051606927 0.0014785546 0.00039254373 1.3679969e-21 0.80224985 0.014069455 0.5193583 0.8510243 2.9651035e-08 2.434999e-07 0.7077465 0.00019971018 0.48652112 0.5148069 0.31829676 0.3171409 9.779683e-09 0.0026247401 0.00026744494 0.00031260416 0.00021362137 0.020063465 0.0155557515 0.018988889 0.00028960305 0.0010416333 0.0024627752 0.007961006 0.027064715 0.0001817326 5.6762365e-05 0.0006314305 0.00044930057 0.00064212043 0.080382295 3.5172645e-06 1.8118275e-05 0.0065716924 0.00060664455 0.00047539623 0.05311123 3.5691592e-06 0.0021540364 1.9839747e-06 3.455831e-07 7.4009415e-07 2.133716e-09 7.063725e-07 7.0972504e-07 0.017864121 4.555661e-06 7.385934e-06 2.4783017e-08 3.614693e-05 3.5775032e-05 5.4084614e-07 1.10311404e-07 0.0011445566 5.2400096e-06 9.8063e-07 0.00085926225 2.1646383e-05 4.0558032e-05 0.0031711706 0.0038399354 8.4346475e-06 0.0009773078 0.0005604029 0.0002059854 4.324005e-07 1.985188e-06 2.4637945e-08 3.5906183e-07 0.00011342869 0.0018657058 0.000210198
0.8207782 4.8418024e-05 0.00055483147 3.6118893e-06 7.317816e-05 8.250919e-08 0.023659294 0.019143807 1.0332344e-07 0.04209805 0.012484048 0.17383578 1.0748032e-08 2.4971163e-07 2.7108356e-06 0.13414282 0.042767826 2.8284545e-05 7.0681544e-10 0.48793542 0.22544177 0.0040770257 0.111470126 3.041655e-06 0.17537652 0.13565305 0.00085401867 3.9336293e-05 0.80224985 1.8689826e-20 0.049830902 0.13301812 0.7808878 3.1051188e-09 5.817329e-08 0.45235607 1.1722337e-05 0.8293584 0.5253872 0.5712535 0.14520809 7.43817e-10 0.053184107 0.0044629863 0.00016750216 0.003234165 0.16724303 0.008271329 0.14667611 0.006503792 0.03722012 0.0012199479 0.0034325009 0.053199705 0.00012421721 0.0005817548 0.0048754495 0.00013854618 0.00019300243 0.027917381 9.664834e-07 0.0017769885 0.01153346 0.0018516423 0.0010780467 0.024937658 0.00018934469 0.0001702297 2.6239904e-05 5.0811745e-06 1.5394739e-05 8.4780494e-10 6.3561283e-06 8.222202e-06 0.02408382 4.7992235e-05 5.7443094e-06 4.8967173e-09 0.00012620547 8.727196e-05 1.9563759e-06 4.778828e-08 0.0018090097 1.0637459e-05 1.123126e-07 0.000851814 2.5889162e-06 4.5557805e-05 0.00089929206 0.0014903628 5.492019e-07 0.00012657854 0.0013345366 3.5432135e-05 1.8518022e-06 2.9963637e-06 7.383725e-09 6.7419444e-07 1.7127979e-05 0.0060302964 0.00040051562
0.9776658 0.00035775595 0.0019420042 5.0593844e-05 0.0009038275 9.444721e-05 0.028520314 0.07256152 1.5286521e-05 0.024948126 0.014277463 0.04499089 9.60569e-06 9.1606176e-05 0.00070318463 0.18053246 0.009201859 0.0014602 1.7992703e-06 0.050977472 0.07854635 0.022107957 0.44685033 0.0005723345 0.17115793 0.27124235 0.005275985 0.0009956592 0.014069455 0.049830902 4.6023032e-17 0.002457124 0.008557039 1.158574e-06 0.0002639027 0.003920807 0.00035309952 0.012221055 0.0061638914 0.00833982 0.0026857762 1.17875925e-05 0.27513215 0.3445259 0.013867585 0.28216296 0.047855113 0.0055968612 0.016253775 0.18696576 0.08699938 0.0020511916 0.0024446389 0.0037538626 0.0010109707 0.13602926 0.1854346 0.0001963445 0.00039968343 0.0007917096 5.153742e-05 0.043422196 0.0029121588 0.077957064 0.28241298 0.0007456143 0.014384325 0.0009853704 0.11912987 0.030291008 0.05439924 6.307895e-05 0.018555231 0.0063464614 0.003216118 0.033475444 0.00017577026 0.00014564961 0.0048000156 0.0036294477 0.005145438 7.008575e-05 0.0012617486 0.0022747826 0.00014206306 0.00023702648 2.7263917e-08 0.0017455183 0.0009138129 0.0006742202 4.614329e-05 6.292477e-05 0.31331334 3.454253e-05 0.0056048254 0.0048643285 1.5606109e-05 0.003835869 0.00012860412 0.14212751 0.022651887
