3.7963663e-17 0.027698556 0.1355675 0.8106555 0.84488755 0.7753769 0.8621553 0.027631693 0.7167787 0.83329 0.008132839 0.8296207 0.7088068 0.85175556 0.7600653 0.798619 0.8403205 0.91613764 0.94087225 0.0007617591 0.5187558 0.84940404 0.79423404 0.8466525 0.7997819 0.5981464 0.91724974 0.93499845 0.4765813 0.46207407 0.01195065 0.96230096 0.9452453 0.8349596 0.96282816 0.8966683 0.8745074 0.9596433 0.46748093 0.94984615 0.9779036 0.8628227 0.90561813 0.9687007 0.96353686 0.288014 0.94820195 0.975966 0.9717563 0.8542442 0.36832714 0.072753385 0.9082315 0.12401391 0.0051389844 0.9545079 0.002391877 0.9958939 1.9425152e-05 0.9892925 0.8864624 0.65903884 0.9878424 0.8087617 0.99555224 0.16246049 0.71705574 0.99418867 0.87803614 0.71844107 0.91630936 0.93708384 0.92076206 0.9395826 0.014244101 0.7664053 0.99005437 0.8048451 0.13489065 0.9315858 0.7174374 0.1649135 0.8051059 0.012830869 0.40220815 0.9972151 0.7539926 0.9999995 0.97096807 0.9928067 0.9223939 0.9001976 0.29889482 0.9748781 0.8900114 0.4361549 0.8844003 0.9998552 0.04027569 0.27757928 0.0040923916
0.027698556 2.4453186e-17 0.94083124 0.36772442 0.21813908 0.25168958 0.5733575 0.99749947 0.03590379 0.034595273 0.44454798 0.092785515 0.029408349 0.015267066 0.005010611 0.01275645 0.0028649315 0.0061201304 0.0044412618 0.003087921 0.0017280072 0.0024388288 0.0065277093 0.0008823235 0.0016300763 0.015054163 0.0149462735 0.010824437 0.003727039 0.00010416367 0.125853 0.0073803477 0.00691341 0.0016852934 0.0028645257 0.0021077401 0.00090176973 0.001767345 5.646595e-05 0.00047976605 0.00018966947 0.000257189 4.925978e-05 0.0015791717 0.00040633912 0.00030319358 0.00025412842 3.924988e-05 0.00076271396 2.157885e-06 1.6085874e-05 0.00015238131 0.00032682993 0.00019085358 4.716575e-05 0.0003363628 2.6039057e-05 0.00017507147 3.8803723e-06 9.2291724e-05 2.634778e-05 2.9441551e-05 1.0281959e-05 8.1515554e-07 1.3464381e-07 2.9143426e-05 6.813988e-06 0.0001704755 2.1569909e-07 0.00035440933 1.4750681e-06 7.12189e-05 9.755223e-05 3.3097529e-06 5.9865243e-07 0.00012410212 6.8596967e-07 1.6978034e-05 1.422436e-08 1.8738549e-05 2.8482359e-07 1.1682143e-06 2.5478568e-07 6.474689e-06 9.864459e-08 1.6601845e-07 3.1545804e-07 5.0531344e-05 6.2341705e-06 7.093084e-05 1.1883596e-06 2.514125e-07 2.5606953e-06 1.7844026e-07 2.4069237e-07 2.1661685e-07 1.4762043e-05 9.7245225e-05 9.978696e-09 3.2089734e-05 4.879132e-10
0.1355675 0.94083124 9.96501e-15 0.59613526 0.45198277 0.2918217 0.05824962 0.20791283 0.05472238 0.005820012 0.9875666 0.4607149 0.55974174 0.2296053 0.002322707 0.2762385 5.9162998e-05 0.0146476 0.16339433 0.06718104 0.0013492734 0.006193581 0.21121234 0.0005421375 0.003492487 0.30416888 0.19115196 0.18782873 0.00083092274 0.0018648023 0.012007046 0.118408136 0.08665419 0.047437444 0.05102515 0.03966699 0.037775673 0.025476238 0.001626459 0.009466626 0.0068065776 0.006083795 0.002914722 5.623101e-05 0.01008329 9.800027e-05 0.0005411375 9.402586e-06 0.009004584 0.00074340904 0.0011044969 2.5938283e-05 9.573457e-07 3.192414e-05 3.9974825e-06 0.0053096022 2.7260382e-06 0.0012923953 6.370784e-08 0.0008305385 5.465307e-06 4.707621e-06 1.3240274e-05 5.5143297e-05 6.9093985e-05 1.1962868e-05 9.8781375e-06 0.000964078 6.568123e-05 8.9730835e-05 6.98478e-07 0.000104709776 0.0001267543 9.274662e-06 6.0212676e-07 4.485432e-05 7.6229e-05 6.0235225e-06 5.1794203e-08 0.00023608688 2.032653e-06 7.939253e-06 3.8391604e-06 1.9452987e-06 3.14621e-07 1.1174928e-06 3.3893627e-06 0.00060953834 2.4824638e-05 0.00034926267 5.048181e-06 5.102314e-07 6.419945e-07 1.1376897e-06 1.6291158e-07 8.050184e-08 3.484683e-07 0.0004260701 2.4922556e-07 0.0005331886 1.0228046e-08
0.8106555 0.36772442 0.59613526 1.0232731e-15 0.990958 0.9648207 0.3693944 0.07076781 0.50687397 0.10098057 0.030258562 0.748679 0.36023092 0.46810305 0.015127431 0.32082233 0.00029882084 0.112434275 0.00020975666 0.002270669 0.0015849004 0.03355561 0.06459241 0.0002312363 0.00476164 9.765536e-05 0.4886572 0.24989788 0.006764057 8.34927e-06 0.001256733 0.42741075 0.4393177 0.0065646456 0.12203708 0.031124769 0.0009775311 0.1904808 3.2312269e-06 0.0033468117 0.009119294 0.00020818744 7.6912675e-06 0.0002100515 0.05652402 5.779993e-05 0.016964369 4.4941257e-06 0.059326828 3.44534e-07 4.4786051e-07 4.2600973e-06 4.143639e-06 5.9726867e-06 2.0468251e-05 0.019893134 2.0882833e-06 0.014932938 1.0483046e-08 0.0071676085 8.1638854e-07 1.1109864e-06 4.3145956e-06 1.5425232e-05 1.4540764e-05 8.652189e-07 5.863986e-07 0.0010546915 1.12617845e-05 9.290627e-07 1.32506e-06 1.8868712e-06 1.36835e-05 7.572986e-08 4.760461e-08 2.1136579e-07 1.593768e-05 1.5999227e-06 9.7105755e-09 1.7911356e-05 1.3437341e-07 8.190197e-07 6.5991395e-07 3.3614888e-06 2.408963e-07 1.3592845e-07 5.2754064e-07 0.00027121522 4.0931154e-06 0.00021112032 2.4469875e-07 1.5130443e-07 6.301407e-07 1.7846708e-06 1.7248055e-08 1.7781868e-07 1.8357212e-05 0.00043330566 4.0009333e-08 5.1341296e-05 7.723421e-09
0.84488755 0.21813908 0.45198277 0.990958 1.4006347e-15 0.96491665 0.1411341 0.02485086 0.48003548 0.06617218 0.019978734 0.77290195 0.47770128 0.5518352 0.0079115145 0.44973996 0.00022832734 0.105425894 0.0017633415 0.0025432725 0.0010161464 0.02843088 0.13347608 0.00022226182 0.0055170576 0.00074038754 0.5234551 0.28715003 0.006915144 1.4503439e-05 0.00045153964 0.49921295 0.4427252 0.013449285 0.16126975 0.032521244 0.0053253355 0.24644557 7.2922354e-05 0.006107848 0.01224015 0.00045832305 0.0001120887 0.0003056858 0.08182134 6.3356696e-05 0.018205337 4.0999716e-06 0.091107555 2.789567e-06 2.686123e-06 6.2641475e-06 3.439528e-06 1.042651e-05 1.0574485e-05 0.026522718 9.0219845e-07 0.016160667 2.1028046e-09 0.009885989 2.9160258e-06 1.5440619e-06 7.613124e-06 2.240673e-05 5.2008556e-05 2.8554389e-06 4.494229e-06 0.0014747839 1.582788e-05 3.414045e-07 1.2740244e-06 3.7359016e-06 3.8877675e-05 2.798425e-07 2.466719e-08 8.223539e-07 1.2965153e-05 4.9430905e-06 2.048011e-08 7.321872e-05 8.9770117e-07 5.9339806e-07 1.2749797e-06 1.3268923e-06 3.4873827e-07 6.6871145e-08 6.735736e-07 0.00032621025 9.661567e-06 0.0002944926 1.6177056e-07 2.360755e-07 5.3295497e-07 1.8430122e-06 6.6848195e-08 1.6586178e-07 5.1030856e-06 0.00032028696 6.3571285e-08 5.983117e-05 1.4323105e-08
0.7753769 0.25168958 0.2918217 0.9648207 0.96491665 9.27853e-15 0.679151 0.039105915 0.9489437 0.6628518 0.009452657 0.75596464 0.052061047 0.39219543 0.07401772 0.09671303 0.022026425 0.23500657 6.688617e-05 0.00028664703 0.00762586 0.07300236 0.0060739713 0.0036277818 0.028223045 2.8183893e-05 0.38107225 0.0510419 0.034412485 4.391887e-06 0.0022730327 0.18341075 0.36529142 0.0009985823 0.037790377 0.006438131 0.0005448649 0.112090826 3.497333e-06 0.0017423483 0.0038142554 0.00020672714 2.4567922e-05 0.0038847842 0.028376585 0.0007241878 0.03669465 0.00083224714 0.06495658 9.3947654e-07 2.8985337e-06 0.00016308577 0.00036447876 0.00021279464 0.00030125873 0.017824104 7.904806e-05 0.019072248 3.9194813e-07 0.01152729 0.00025140232 1.4621988e-05 0.00015550284 3.6276087e-05 2.877372e-05 3.2593613e-05 1.7787313e-05 0.002889575 9.0725935e-06 3.1926195e-06 5.908533e-06 5.967811e-05 9.025453e-05 2.4118885e-06 2.5115943e-07 7.137097e-06 2.585207e-05 6.3517866e-05 4.7724882e-08 6.0606108e-05 3.7205965e-07 8.975382e-06 1.0736815e-06 2.661345e-05 9.2561714e-07 3.5921866e-07 3.4534983e-07 0.00095971656 1.4011375e-05 0.00010276249 7.12261e-07 6.8924777e-07 1.3774725e-06 1.5883942e-06 1.0592854e-07 3.957062e-07 1.5955078e-05 0.00039717962 1.0828634e-06 0.0003179694 1.3937349e-08
0.8621553 0.5733575 0.05824962 0.3693944 0.1411341 0.679151 5.2106115e-12 0.9875254 0.5852745 0.8995745 0.030766644 0.11327314 0.0018721231 0.028338864 0.31334844 0.0075884582 0.6184305 0.077817045 6.5944937e-06 0.00075266 0.06981579 0.028465359 0.00023877686 0.041516684 0.044944596 0.0019612424 0.02411673 0.00253281 0.8848278 0.00030071306 0.7621553 0.004444361 0.013592588 3.6089576e-05 0.001044545 0.00011733282 1.1739106e-05 0.0027423291 9.1616226e-07 5.6217677e-06 2.1688018e-05 2.485626e-07 1.2644516e-07 0.065831885 0.00078169705 0.017222786 0.003103879 0.003766442 0.0031595076 3.155331e-08 8.135439e-07 0.011332369 0.034475848 0.0066664373 0.004054815 0.00020143647 0.001250252 3.2672102e-05 5.9169826e-05 0.0005657066 0.00078938255 0.0018542514 0.00022581298 5.725291e-05 9.249769e-06 0.0014684333 0.0010350358 0.004229768 3.3230347e-07 0.0002102016 3.4755467e-05 2.9180972e-05 9.627723e-05 1.8416629e-06 9.2596684e-07 0.00013807067 1.0975782e-06 1.3361881e-05 4.906394e-07 0.0009480716 2.3758114e-06 2.0218526e-05 8.044951e-06 0.00014206428 2.4720605e-06 1.8439609e-07 2.4184905e-07 0.0043751807 6.812913e-05 0.0020226762 3.990114e-07 7.235927e-07 2.5066736e-06 6.728616e-07 3.464645e-07 5.696762e-07 0.00011924034 0.0012113601 1.8263797e-06 0.009406044 3.324326e-08
0.027631693 0.99749947 0.20791283 0.07076781 0.02485086 0.039105915 0.9875254 1.7201103e-16 0.013621344 0.01657545 0.4631614 0.013248712 0.0012693927 0.003664431 0.0034265062 0.0017063938 0.0006840328 0.0029810085 6.1546016e-05 0.012051487 0.0010054368 0.0012496596 0.000349834 0.0002990797 0.0012737535 0.000230218 0.002567649 0.0010856775 0.06987258 2.8927028e-05 0.6592855 0.0009999751 0.0013130023 3.9017184e-05 0.0004593268 0.00013222979 5.597411e-06 0.00052117015 2.496264e-07 9.595513e-05 6.205553e-05 1.9515367e-06 1.6211999e-06 0.002124327 0.00016108496 0.0016503864 8.6437845e-05 3.1142714e-05 0.0002580597 1.45772985e-08 8.821841e-08 0.000491105 0.0006325165 0.0009036659 0.00021189914 3.504446e-05 0.0001726825 6.1580918e-06 0.00017826806 8.9395035e-06 5.6470635e-05 3.1678304e-05 3.978629e-06 2.1499252e-06 7.296972e-07 2.1914459e-05 0.000112997244 8.494362e-05 1.1490679e-06 3.98802e-06 9.927837e-07 4.3590248e-05 9.924695e-05 4.292654e-06 8.133776e-08 1.9757603e-05 3.2949112e-07 8.6585005e-06 1.245336e-09 6.3187195e-05 4.0796255e-07 2.7935616e-07 1.2925801e-06 1.0120697e-07 1.492855e-07 3.4413864e-07 4.6414365e-07 0.00024637126 2.0412353e-06 0.000179407 2.7830856e-06 1.8388015e-07 7.842343e-08 3.8314024e-08 9.860208e-08 1.3302555e-07 6.437885e-07 4.25869e-05 2.68638e-09 1.3203656e-05 1.3589933e-10
0.7167787 0.03590379 0.05472238 0.50687397 0.48003548 0.9489437 0.5852745 0.013621344 4.5227142e-17 0.9948757 0.00074062933 0.63572747 0.0046532643 0.1881549 0.5746642 0.015203932 0.1311099 0.5883548 6.9334186e-07 7.284054e-05 0.071771584 0.26223022 0.0004276818 0.038462512 0.116175205 3.3325096e-06 0.2628192 0.009304306 0.1381986 5.1622567e-07 0.0018115017 0.10857107 0.2695166 0.00012408805 0.00822183 0.0008405294 3.2937995e-05 0.08962382 1.3711042e-06 0.00012613823 0.00054088543 3.0390991e-05 5.173104e-07 0.015956836 0.014939019 0.003683302 0.091714606 0.000894474 0.08685978 1.8838027e-07 3.6646574e-07 0.00045013992 0.0003915298 0.0004023951 0.0003724553 0.017556489 3.728237e-05 0.014125 5.995766e-08 0.015172241 0.00027727964 1.880362e-05 0.00068082527 6.643427e-06 1.0550933e-05 2.2957372e-05 1.6985046e-05 0.0058924765 2.7846656e-06 2.043135e-07 5.0519685e-07 2.951211e-05 4.1164993e-05 1.1506964e-06 1.5651193e-07 2.5867273e-06 6.866697e-06 8.4963995e-06 3.5042433e-08 0.0001124239 7.899583e-07 1.0156613e-06 4.5673474e-07 1.0024241e-06 8.5394845e-08 1.4631869e-08 3.2009166e-07 0.00022903546 9.830904e-06 0.00018096919 9.686642e-08 1.732487e-07 1.3459645e-07 9.703642e-07 1.1844097e-08 4.217074e-07 8.637119e-07 0.00025524545 1.5096536e-08 6.0893584e-05 7.531464e-10
0.83329 0.034595273 0.005820012 0.10098057 0.06617218 0.6628518 0.8995745 0.01657545 0.9948757 6.046894e-16 0.0002776276 0.27450857 6.69818e-05 0.04719192 0.76554483 0.001438208 0.7445315 0.56326437 1.7026668e-08 7.2322605e-06 0.26369375 0.34719276 5.607402e-06 0.12094094 0.26034376 2.979901e-08 0.122183114 0.00067902985 0.41120946 3.0776454e-07 0.007733218 0.04554397 0.2289927 5.7870884e-06 0.001918668 7.1206545e-05 1.5181183e-06 0.07580841 2.6149333e-08 4.949818e-06 5.435054e-05 3.3954723e-07 2.2305361e-08 0.038403872 0.010327465 0.009346527 0.12391994 0.0054287347 0.10793392 7.600142e-09 1.2702329e-08 0.001036795 0.0018468711 0.0010096718 0.0017791963 0.011654703 0.00028187805 0.013798709 6.7185425e-07 0.021174198 0.00033236036 3.8835915e-05 0.00034559236 1.8256509e-07 1.156637e-07 1.5510317e-05 8.861202e-06 0.013938422 3.5074245e-07 3.9871242e-07 3.230108e-08 8.282004e-06 5.4743837e-06 2.341269e-07 2.1395175e-07 8.3019194e-07 2.4009037e-07 5.201282e-07 3.1666417e-08 0.00014111756 1.7893052e-07 7.20859e-07 5.625525e-07 8.215097e-07 8.245538e-08 2.208846e-09 6.50698e-07 0.00028522927 1.8038154e-05 0.00036618963 1.0978115e-08 1.0812973e-07 1.9499254e-08 4.6334253e-06 2.0169855e-09 3.5767133e-08 1.2222102e-07 0.0007527892 8.647313e-09 4.4931556e-05 9.940962e-10
0.008132839 0.44454798 0.9875666 0.030258562 0.019978734 0.009452657 0.030766644 0.4631614 0.00074062933 0.0002776276 1.6104111e-16 0.012873948 0.03703874 0.0043627224 0.00029377898 0.0070915283 0.00012640122 0.00069401966 0.044373926 0.9932927 0.00020460728 0.00025728834 0.008069225 0.00013022621 0.000437362 0.3262195 0.004772938 0.007352678 0.000484232 0.00421095 0.016240861 0.0020715827 0.0009371625 0.0033512192 0.0021794396 0.0029200225 0.0035167802 0.00035765264 0.0005116939 0.0014410377 0.0005664915 0.0007264972 0.0016105624 0.00065036304 0.0004662406 0.00014427037 7.7280994e-05 8.7180915e-06 0.00026833836 0.00050132134 0.00033803616 0.000116388976 6.252763e-05 0.00029789438 5.0918275e-06 8.752334e-05 1.6760002e-07 5.113358e-05 6.466248e-08 2.3904831e-05 5.254178e-05 2.4014078e-05 2.9814035e-05 7.259518e-05 6.527709e-05 0.00036220235 0.0008342672 0.00028075234 1.118615e-05 0.010168032 6.1800006e-06 0.00036395184 0.0028753644 0.00025608492 4.873612e-08 0.00075217744 4.1956027e-06 0.000410351 2.2682604e-08 3.8858143e-05 4.564791e-07 7.250202e-06 2.5688232e-06 8.428311e-06 7.0453216e-06 1.590888e-06 1.430231e-07 0.00034084337 1.5939512e-06 9.924534e-05 1.3647894e-05 7.4549337e-07 2.560439e-06 2.2930435e-07 2.6623054e-08 1.230767e-06 2.142743e-06 2.7512404e-05 2.2084626e-07 0.0003556352 8.668566e-09
0.8296207 0.092785515 0.4607149 0.748679 0.77290195 0.75596464 0.11327314 0.013248712 0.63572747 0.27450857 0.012873948 1.0888132e-12 0.66817325 0.9872436 0.03064159 0.9483286 0.00094528275 0.1272145 0.0015089479 0.00047405838 0.0013764326 0.017150642 0.18379074 0.0013105448 0.0038014892 8.254851e-05 0.9034195 0.30607405 0.010483738 8.148026e-05 0.00031227164 0.6452033 0.52180856 0.0009188872 0.15469801 0.010870281 0.00022445434 0.30263367 1.725825e-05 0.0012634482 0.004820852 4.0637635e-05 4.1722888e-06 0.001895421 0.14088076 0.0003379646 0.010352477 4.888021e-05 0.09023016 1.2691796e-06 2.538128e-06 3.623729e-05 1.2105523e-05 0.00015784941 1.7182623e-05 0.048829965 9.311162e-07 0.022182686 2.408057e-08 0.0084097525 2.7512433e-05 7.574503e-06 1.18780945e-05 5.383686e-06 2.6501073e-05 7.955601e-06 2.8161041e-06 0.0013002455 4.0469454e-06 2.3955074e-06 2.1081169e-06 1.8030416e-05 7.2561506e-06 2.4210628e-06 1.7199927e-06 1.7753935e-06 1.2966366e-05 9.027631e-07 3.724324e-07 0.00017651459 1.0293394e-06 1.7682813e-06 1.0970193e-06 1.2980383e-05 1.436615e-07 3.6529247e-08 2.9147661e-06 0.0006310957 3.052446e-05 0.0005761129 6.410545e-08 2.428739e-07 1.0700623e-07 2.3167713e-06 1.1628838e-09 2.8434522e-08 1.1926012e-06 0.00023440225 4.7035843e-07 0.000109646724 3.6201172e-08
0.7088068 0.029408349 0.55974174 0.36023092 0.47770128 0.052061047 0.0018721231 0.0012693927 0.0046532643 6.69818e-05 0.03703874 0.66817325 1.6494306e-13 0.4949382 1.7415136e-05 0.980204 5.518012e-07 0.00078072195 0.42574334 0.006629583 1.4070606e-06 6.848742e-05 0.9859061 6.174519e-07 5.6983404e-06 0.04288615 0.3452448 0.65571356 7.019407e-06 0.0055470527 3.5313808e-06 0.49183416 0.13133095 0.16160864 0.38302487 0.19179848 0.044059638 0.069846705 0.00048356448 0.049160276 0.06558304 0.0025839044 0.0013448796 2.941102e-05 0.11963836 4.242574e-06 0.00016959434 1.1317109e-06 0.0079430705 7.568059e-05 5.069826e-05 3.7886766e-06 2.3210116e-07 6.1134156e-06 2.8926613e-07 0.0181961 1.9944046e-08 0.008612736 1.3299408e-09 0.0011131803 1.9657102e-06 5.2394864e-07 6.9318446e-07 0.00013279317 0.00061126874 5.168042e-06 2.2575093e-06 0.00044736714 6.1643055e-05 1.3877209e-05 2.000078e-05 5.7487596e-06 6.683054e-06 3.7141763e-07 3.990194e-07 7.082437e-07 8.826196e-05 1.0073985e-05 1.07619655e-07 6.974902e-05 2.9080792e-07 5.674842e-06 7.374324e-07 1.821651e-05 1.4819622e-07 3.7263098e-07 5.793795e-07 0.0010326416 9.477488e-06 0.00012295881 7.9362655e-07 1.324348e-07 2.3333959e-07 4.6990428e-07 2.3958635e-10 2.838081e-09 9.418995e-07 6.9780894e-05 1.0928727e-06 1.5922944e-05 9.9260056e-08
0.85175556 0.015267066 0.2296053 0.46810305 0.5518352 0.39219543 0.028338864 0.003664431 0.1881549 0.04719192 0.0043627224 0.9872436 0.4949382 1.6224916e-15 0.0048478483 0.91163385 0.00018065519 0.083931096 0.0021446045 0.00023235819 0.0006651881 0.012393177 0.13604519 0.00044231286 0.0029492655 0.00022513865 0.94795537 0.2311637 0.0071409 4.5837154e-05 2.2243876e-05 0.6842485 0.6052042 0.0008648845 0.11674166 0.010276044 0.00013978576 0.3682245 1.834643e-05 0.000966548 0.0053337933 3.4505785e-05 2.4163317e-06 0.0029436161 0.20073628 0.00017765792 0.017134672 3.5405483e-05 0.119112454 7.278984e-07 1.6140909e-06 9.802967e-06 1.0753554e-05 4.031158e-05 9.181604e-06 0.048987657 2.4357212e-07 0.02671458 2.8522502e-09 0.0072395103 4.3693086e-05 1.5328425e-06 1.4431114e-05 5.486274e-06 8.079789e-06 1.2044949e-05 2.3295793e-06 0.0019000387 2.496458e-06 5.1240187e-07 8.783607e-07 1.6686514e-05 1.7253871e-05 5.1883885e-06 7.0098974e-07 2.7207736e-06 5.4101765e-06 7.1711656e-07 1.1216189e-07 0.000470898 2.5868826e-06 4.4470636e-07 5.075503e-06 6.6807725e-06 5.8501303e-08 7.774277e-09 1.2860253e-06 0.0004279733 6.964639e-05 0.000505069 4.662192e-08 5.1760406e-07 3.425073e-08 6.239785e-06 3.0936917e-09 6.7103294e-08 3.5025747e-07 0.00033590972 3.0341166e-08 8.072981e-06 1.9766356e-08
0.7600653 0.005010611 0.002322707 0.015127431 0.0079115145 0.07401772 0.31334844 0.0034265062 0.5746642 0.76554483 0.00029377898 0.03064159 1.7415136e-05 0.0048478483 4.9648294e-15 0.00014615359 0.88226193 0.8579934 3.32763e-07 5.5761553e-05 0.98460525 0.900685 5.548959e-06 0.86577314 0.8884038 2.772989e-06 0.05028349 0.00014037034 0.40228608 2.6698204e-05 0.0017843143 0.009292622 0.22867277 2.7429655e-06 0.00037912917 3.3744604e-05 1.1737545e-06 0.051304225 2.867949e-06 5.36849e-06 9.468124e-05 1.8925009e-06 3.3359118e-08 0.1419742 0.004898713 0.04630535 0.4508991 0.013399821 0.12632816 1.791425e-06 2.621158e-06 0.008992133 0.0054075955 0.007269994 0.0014510392 0.013681569 0.00044580325 0.010028464 2.1161084e-07 0.03382282 0.0009274702 0.00027512998 0.0020652348 4.243983e-06 8.997192e-06 6.793027e-05 3.1734635e-05 0.016531698 2.1966673e-06 1.4138617e-06 7.6894815e-07 7.492525e-05 6.031901e-05 7.584529e-06 2.9143716e-06 2.4709421e-05 9.747899e-06 2.3776576e-05 4.246725e-07 0.00033873433 3.4711159e-06 1.12119005e-05 1.6149486e-06 5.0845047e-06 5.5851706e-07 4.548228e-08 1.0238138e-06 0.00041804 5.1083272e-05 0.00061021396 3.6120736e-07 5.4360544e-07 2.824058e-07 3.1391176e-06 1.9083046e-08 2.4273256e-06 1.2019704e-05 0.0010005847 1.2066121e-06 0.0004923089 3.4069643e-09
0.798619 0.01275645 0.2762385 0.32082233 0.44973996 0.09671303 0.0075884582 0.0017063938 0.015203932 0.001438208 0.0070915283 0.9483286 0.980204 0.91163385 0.00014615359 1.6897984e-14 1.0686428e-05 0.007275668 0.04383891 0.00083011563 2.8363878e-05 0.001041839 0.8275389 2.1479551e-05 0.00013401873 0.010078253 0.7683942 0.6280262 0.0006265588 0.000810595 5.0850235e-06 0.6554642 0.33210632 0.024596924 0.28440398 0.078461766 0.004176364 0.18015072 0.00014693987 0.010950116 0.037019607 0.00063226954 0.00013355316 0.00050744944 0.16793497 3.683379e-05 0.0021953073 1.4072373e-05 0.022712884 1.6127824e-05 1.8262763e-05 5.8235564e-06 2.3660662e-06 1.8091683e-05 2.6682333e-06 0.03118433 1.1061712e-07 0.015572443 3.0095502e-09 0.0017504194 7.9548345e-06 9.390349e-07 3.0250933e-06 5.0429433e-05 0.0001388336 9.725409e-06 5.2634537e-06 0.001041456 2.1509724e-05 4.310943e-06 9.441854e-06 9.294699e-06 1.0014099e-05 2.0611842e-06 5.0708945e-07 5.939702e-06 3.789958e-05 9.532202e-06 1.6936261e-07 0.00012800652 1.489268e-06 4.6619607e-06 1.4322504e-06 1.0796455e-05 1.3617407e-07 9.714562e-08 3.941436e-07 0.00068176474 2.4041345e-05 0.00022547599 3.3104266e-07 1.879107e-07 1.5372525e-07 7.3258315e-07 5.39875e-10 6.826251e-09 4.4497915e-07 8.720906e-05 4.804008e-07 1.46402535e-05 7.9660246e-08
0.8403205 0.0028649315 5.9162998e-05 0.00029882084 0.00022832734 0.022026425 0.6184305 0.0006840328 0.1311099 0.7445315 0.00012640122 0.00094528275 5.518012e-07 0.00018065519 0.88226193 1.0686428e-05 2.2086494e-15 0.05878912 5.0069175e-08 1.7989625e-05 0.5160782 0.060933683 3.041694e-07 0.99223995 0.23704627 5.573321e-07 0.0021365278 1.4816953e-05 0.8606556 2.9339608e-07 0.020410534 0.0011339418 0.021852065 4.6586567e-07 8.966522e-05 2.9415996e-06 3.919665e-07 0.009698859 8.3630283e-07 6.4677926e-07 3.4280338e-06 1.0684038e-06 1.514288e-08 0.8184937 0.0011550604 0.49157667 0.18308333 0.22898759 0.04153289 9.646076e-09 2.197033e-07 0.15248242 0.55757076 0.062465124 0.030538883 0.0019747491 0.0108892005 0.003158148 6.0196576e-06 0.025189525 0.016644659 0.012911652 0.011697846 1.0317948e-07 1.3999355e-07 0.0006437477 0.00018144114 0.015536308 4.2618726e-08 7.71098e-06 2.0529762e-06 0.00019511905 0.00039019773 2.241182e-05 2.9397137e-05 2.5217685e-05 1.3187523e-07 3.5159699e-06 7.574939e-07 0.00033511696 1.3831776e-06 9.083597e-06 4.2431166e-06 8.690875e-07 7.1740664e-07 2.1457722e-09 1.9117401e-06 8.634788e-05 3.509737e-05 0.00029195295 7.372288e-08 6.9117175e-07 4.3172355e-07 2.588003e-06 3.048991e-08 7.562954e-06 1.0824611e-05 0.0005970552 8.2325116e-08 0.00034914495 2.7337532e-09
0.91613764 0.0061201304 0.0146476 0.112434275 0.105425894 0.23500657 0.077817045 0.0029810085 0.5883548 0.56326437 0.00069401966 0.1272145 0.00078072195 0.083931096 0.8579934 0.007275668 0.05878912 1.3229982e-13 1.0190425e-06 0.00011220132 0.31605834 0.9892972 0.00044690847 0.10270804 0.6645574 7.957058e-06 0.47315818 0.005512098 0.11394265 1.5216472e-05 0.0005446228 0.4376462 0.7580132 6.262371e-05 0.009129984 0.0006346637 1.9270052e-05 0.5637368 2.5946496e-05 0.00013382561 0.0033691132 7.853143e-06 6.235291e-07 0.054950114 0.14731863 0.010537671 0.79360247 0.0019893302 0.62270993 1.9536967e-06 1.7252086e-06 0.0021885503 0.0007612555 0.0025386608 9.1361195e-05 0.15409112 2.1630925e-05 0.10884389 1.8674688e-08 0.19249678 0.00020669143 6.964566e-05 0.0011889883 9.395165e-06 9.267271e-06 4.309564e-05 1.7709233e-05 0.023257248 2.1627338e-05 4.5813943e-07 1.5791926e-06 0.00038178873 4.865395e-05 6.314232e-05 9.562169e-07 2.8713812e-06 1.7660139e-05 4.1006615e-07 2.730753e-06 0.0015882625 2.6862115e-05 2.2915276e-06 6.227257e-05 3.3059107e-06 1.288427e-07 1.5409242e-08 1.9995228e-05 0.0009569012 0.00023147571 0.0022931893 1.0131533e-07 1.3377534e-06 1.2527643e-07 5.761485e-05 6.7791253e-09 4.998495e-07 3.2532637e-06 0.0023782905 7.408596e-07 6.150782e-05 3.2360095e-08
0.94087225 0.0044412618 0.16339433 0.00020975666 0.0017633415 6.688617e-05 6.5944937e-06 6.1546016e-05 6.9334186e-07 1.7026668e-08 0.044373926 0.0015089479 0.42574334 0.0021446045 3.32763e-07 0.04383891 5.0069175e-08 1.0190425e-06 7.9561906e-14 0.0484907 1.2236706e-07 8.763496e-08 0.4832172 1.0163424e-08 9.3329284e-08 0.99722195 0.009838038 0.578697 9.786578e-07 0.06606217 1.7845294e-06 0.10244947 0.0040155253 0.7428713 0.41499215 0.4934398 0.7910786 0.007119036 0.4423433 0.45334017 0.31863925 0.3515547 0.5614273 5.1460147e-06 0.02775841 3.5558733e-07 1.1604195e-06 1.678349e-08 0.00075859757 0.037636317 0.008979069 1.2006127e-07 1.1535684e-08 3.1326712e-07 7.923957e-08 0.00878285 1.0909462e-08 0.009698929 6.364324e-11 0.0001251171 1.0501117e-08 5.2184003e-08 1.1856647e-07 0.022454109 0.08429357 9.1667704e-07 6.596787e-07 0.0006070963 0.0034259013 0.0009332227 0.00074821815 6.693987e-06 1.3953967e-05 2.1876848e-07 7.671448e-09 8.0778045e-07 0.005577514 3.6600548e-05 2.2290816e-08 0.000665772 3.4069371e-06 1.6499965e-06 1.0649436e-05 4.6812206e-06 1.6172605e-06 0.00013637324 1.712187e-05 0.016611556 0.00019673456 0.0023252836 0.00022403582 6.051208e-07 2.9869518e-06 2.9869618e-05 6.8591017e-09 3.559726e-08 6.2701542e-06 0.0019631784 2.823452e-07 9.422432e-06 1.7510793e-07
0.0007617591 0.003087921 0.06718104 0.002270669 0.0025432725 0.00028664703 0.00075266 0.012051487 7.284054e-05 7.2322605e-06 0.9932927 0.00047405838 0.006629583 0.00023235819 5.5761553e-05 0.00083011563 1.7989625e-05 0.00011220132 0.0484907 1.7425845e-17 2.6727652e-05 3.1355226e-05 0.0017342361 4.4399467e-06 2.8980681e-05 0.6582543 0.00025907616 0.000741603 0.00023726803 0.99620175 0.019948315 0.00017717924 4.9652426e-05 0.00057540287 0.00024446074 0.0003978977 0.0007607311 6.262269e-05 0.00086780975 0.00014583796 8.996064e-05 0.0002059418 0.00030317335 8.1356724e-05 8.051917e-05 1.1695414e-05 8.060333e-06 7.760289e-06 0.00012645114 0.000469627 0.0005465539 7.29172e-05 6.481495e-05 3.760966e-05 1.87026e-06 0.00010112792 2.0192164e-07 9.53176e-05 4.1322775e-08 1.6064963e-05 4.346186e-05 0.00015621155 2.3152263e-05 0.00016731634 4.1540312e-05 0.0008512378 0.00023072725 4.5096313e-05 1.963193e-05 0.004513407 9.031102e-05 7.543516e-05 0.0026221648 7.911495e-05 2.1262806e-06 0.0011188568 8.219128e-06 0.00016691472 3.3330434e-06 2.7271031e-05 4.3230608e-07 3.937514e-05 2.1286426e-06 0.0002492904 1.7309618e-06 9.724031e-07 2.5856482e-07 0.00021410047 1.7489792e-06 1.8360013e-05 6.2190106e-06 3.1305312e-08 2.6344815e-05 8.244481e-09 1.6239154e-08 1.405946e-06 2.9094313e-06 7.1771697e-06 6.3308977e-07 0.018418133 3.2034666e-07
0.5187558 0.0017280072 0.0013492734 0.0015849004 0.0010161464 0.00762586 0.06981579 0.0010054368 0.071771584 0.26369375 0.00020460728 0.0013764326 1.4070606e-06 0.0006651881 0.98460525 2.8363878e-05 0.5160782 0.31605834 1.2236706e-07 2.6727652e-05 3.576849e-16 0.53701055 1.2568361e-06 0.9177876 0.97548413 2.8214117e-07 0.007842188 7.4753916e-06 0.19853696 8.644911e-06 0.0005945415 0.0013703232 0.050318547 1.7465122e-06 7.00391e-05 5.1006873e-06 1.0007584e-06 0.015931504 1.007568e-06 1.9219003e-06 1.6593187e-05 1.0397014e-06 1.0190892e-08 0.14630361 0.0015249863 0.03357539 0.43940067 0.027898176 0.08813074 2.0286663e-07 7.021546e-07 0.0049743615 0.007939325 0.004772744 0.0008356818 0.0066247447 0.00026830868 0.0076388707 3.271756e-07 0.03229913 0.0059536677 0.0006186096 0.016527954 7.7875313e-07 2.138274e-06 0.00023188247 9.460849e-05 0.01418102 6.889159e-07 1.8189662e-06 2.7497188e-07 0.0028968991 0.0026238302 0.00013524863 1.9972436e-05 4.412006e-05 1.963209e-06 6.108019e-06 5.986296e-07 0.001709332 4.6845635e-05 3.884504e-06 3.7489233e-05 2.1527608e-06 1.7634372e-07 4.181711e-09 2.8779268e-05 0.00037628674 0.00019005877 0.00069468387 1.16360944e-07 1.5358928e-05 3.667607e-08 4.1010648e-05 5.379054e-07 3.856571e-05 6.460226e-06 0.0018744571 4.0020023e-08 0.0003761447 1.7299807e-09
0.84940404 0.0024388288 0.006193581 0.03355561 0.02843088 0.07300236 0.028465359 0.0012496596 0.26223022 0.34719276 0.00025728834 0.017150642 6.848742e-05 0.012393177 0.900685 0.001041839 0.060933683 0.9892972 8.763496e-08 3.1355226e-05 0.53701055 9.098888e-16 1.4999404e-05 0.21897402 0.9188272 1.8597574e-06 0.16555165 0.00034859148 0.08972781 1.621775e-06 0.00020152928 0.0856755 0.5072488 3.3044066e-06 0.0009835289 1.5008878e-05 1.0495041e-06 0.30371216 1.7533127e-06 1.0647486e-05 0.00025485287 1.2113669e-06 1.9303902e-08 0.069873355 0.042646423 0.011607793 0.8453902 0.010833561 0.5451339 1.380552e-07 4.3038708e-07 0.0013705395 0.002572988 0.0017142949 0.00025935846 0.09555737 3.0376646e-05 0.065173954 3.174939e-08 0.18344083 0.0010552659 0.00012566036 0.009550984 3.7806112e-07 5.4131675e-07 6.1872284e-05 3.2747685e-05 0.036290932 8.6426314e-07 9.491027e-08 9.137117e-08 0.0019911693 0.00040025698 0.00018507411 9.4584275e-06 4.5796673e-06 1.7555665e-06 2.5327324e-07 8.585226e-07 0.004466454 7.875197e-05 3.8171407e-07 8.417133e-05 6.2441217e-07 1.1599381e-08 4.2190695e-09 4.8685695e-05 0.0005057867 0.0003825244 0.0018326838 7.044525e-09 1.5541233e-05 1.7945062e-08 0.00022451836 2.544785e-07 2.1750875e-06 1.8546412e-07 0.0024133 8.064304e-09 6.2511017e-06 3.4366143e-09
0.79423404 0.0065277093 0.21121234 0.06459241 0.13347608 0.0060739713 0.00023877686 0.000349834 0.0004276818 5.607402e-06 0.008069225 0.18379074 0.9859061 0.13604519 5.548959e-06 0.8275389 3.041694e-07 0.00044690847 0.4832172 0.0017342361 1.2568361e-06 1.4999404e-05 7.706949e-14 4.7287625e-07 2.485234e-06 0.047394652 0.21217275 0.9449084 6.119902e-06 0.0060260366 1.2763421e-06 0.6194576 0.07021257 0.5656942 0.62892246 0.5668569 0.29318628 0.06479133 0.0014018565 0.25806946 0.35083765 0.02201876 0.009413029 7.2631983e-06 0.24824464 2.9561559e-06 9.226067e-05 4.0770195e-07 0.0042698435 0.0002233947 0.00011717011 3.577875e-07 7.989259e-08 1.1487731e-06 1.6232288e-07 0.02438024 8.606589e-09 0.008441093 2.1536926e-10 0.00054867665 1.0504913e-06 1.8414022e-07 1.9095053e-07 0.0003200738 0.0024254192 3.304148e-06 1.3063469e-06 0.00048409 0.00019135844 1.9069157e-05 7.0564e-05 3.4867126e-06 2.6485372e-06 4.4471147e-07 2.4339704e-07 5.1458153e-07 0.00018315115 1.8787166e-05 6.711367e-08 0.00012807576 2.7482968e-06 2.5710362e-06 1.571472e-06 8.4012745e-06 5.3332e-07 9.793496e-07 1.3142305e-06 0.0025108438 2.654921e-05 0.00019285652 6.1065457e-06 1.7369803e-07 2.6389625e-07 2.087849e-06 5.8469785e-10 1.3820845e-08 2.3313908e-06 0.0001654287 1.7611919e-07 8.251692e-06 1.032285e-07
0.8466525 0.0008823235 0.0005421375 0.0002312363 0.00022226182 0.0036277818 0.041516684 0.0002990797 0.038462512 0.12094094 0.00013022621 0.0013105448 6.174519e-07 0.00044231286 0.86577314 2.1479551e-05 0.99223995 0.10270804 1.0163424e-08 4.4399467e-06 0.9177876 0.21897402 4.7287625e-07 5.3305034e-17 0.8602199 1.7622669e-07 0.007024883 3.900913e-06 0.32716656 2.619645e-07 0.00096837897 0.0015163453 0.056514986 6.4069354e-07 5.3104068e-05 2.0752077e-06 2.3728599e-07 0.017998686 3.5407132e-07 2.363316e-07 3.1017883e-06 3.434927e-07 1.6634998e-09 0.33735585 0.0021747237 0.07987531 0.5616196 0.181813 0.12665029 1.166036e-08 6.055194e-08 0.011940443 0.06374808 0.011408819 0.0028448426 0.010024309 0.00073168916 0.016481733 8.904315e-07 0.07677325 0.018871106 0.00512827 0.09097851 8.8898406e-07 1.5293826e-07 0.0017294959 0.0011013115 0.06302753 1.7563092e-07 1.6165997e-07 1.2528157e-07 0.009862028 0.009497888 0.00070832483 0.0001800944 0.00011854631 3.504693e-07 1.5813071e-06 1.6292844e-06 0.0031144351 0.0001898345 9.0379683e-07 9.318757e-05 1.04966965e-07 7.8046206e-08 1.758233e-09 6.848716e-05 0.0005287104 0.00069082226 0.0027154235 2.320007e-07 0.0001271952 3.867452e-08 0.0005486842 4.8217557e-06 9.146764e-05 2.3716902e-05 0.0052290843 1.9464437e-08 0.0009695913 3.7271292e-10
0.7997819 0.0016300763 0.003492487 0.00476164 0.0055170576 0.028223045 0.044944596 0.0012737535 0.116175205 0.26034376 0.000437362 0.0038014892 5.6983404e-06 0.0029492655 0.8884038 0.00013401873 0.23704627 0.6645574 9.3329284e-08 2.8980681e-05 0.97548413 0.9188272 2.485234e-06 0.8602199 2.3897497e-16 7.325866e-07 0.065275 3.3303317e-05 0.23218802 3.7603077e-06 0.0003942972 0.015626179 0.20655379 1.809509e-06 0.0002455566 6.431512e-06 9.721342e-07 0.13687532 1.4894696e-06 2.180265e-06 5.8608057e-05 4.5404428e-07 1.4244641e-08 0.2710125 0.014960019 0.051474098 0.8779025 0.02888126 0.46220705 1.1045942e-07 7.002541e-07 0.0077818967 0.008042608 0.0071793376 0.0010727906 0.037515264 0.00031180502 0.029386614 1.882955e-07 0.19761626 0.0047822804 0.000521563 0.04932648 8.13984e-07 6.9729396e-07 0.0003308604 0.00019859681 0.04792817 5.382872e-07 1.3875588e-06 1.9066209e-07 0.013738248 0.005804345 0.0014312095 3.086231e-05 1.6232769e-05 1.1588536e-06 8.308835e-07 5.4523366e-07 0.0067236293 0.0006662538 1.6892558e-06 0.00028728275 1.8200212e-06 6.3541336e-08 2.9646325e-09 0.00043254558 0.00020527492 0.00085336814 0.0019452879 7.781833e-08 0.0002688022 5.219893e-08 0.00059249223 3.8622006e-06 0.0001517518 4.7562226e-06 0.003809052 1.4561995e-07 0.00039067827 2.4022524e-09
0.5981464 0.015054163 0.30416888 9.765536e-05 0.00074038754 2.8183893e-05 0.0019612424 0.000230218 3.3325096e-06 2.979901e-08 0.3262195 8.254851e-05 0.04288615 0.00022513865 2.772989e-06 0.010078253 5.573321e-07 7.957058e-06 0.99722195 0.6582543 2.8214117e-07 1.8597574e-06 0.047394652 1.7622669e-07 7.325866e-07 8.3684676e-13 0.00028966882 0.059907813 1.6720242e-06 0.9691506 0.00033294316 0.005484503 0.00012465584 0.1301391 0.04328005 0.07353794 0.2064448 0.00036079236 0.70771646 0.075495906 0.03215177 0.08726533 0.22321168 4.2836262e-05 0.0024250897 1.6005803e-06 6.8759e-07 9.1229714e-07 8.867122e-05 0.12271132 0.10909465 2.7047492e-06 1.55228e-06 2.8888664e-06 1.1535383e-07 0.00053306296 5.866128e-07 0.0003433138 5.6104884e-08 9.231678e-06 2.5682843e-06 7.995159e-06 3.4541e-06 0.021088889 0.025202522 3.94079e-05 1.2344705e-05 0.00012782084 0.0017879758 0.062478922 0.004432733 3.067937e-05 0.00067271444 4.2641213e-06 1.4798051e-06 1.674714e-05 0.0029862244 0.00067117513 5.9529464e-07 0.00048300216 1.9307604e-06 0.00064637884 1.6393246e-06 0.0005858263 7.8733494e-05 0.0010112252 7.830304e-06 0.0045944797 0.00012963268 0.0013808595 0.000542432 1.4910394e-07 0.00026631515 5.052241e-06 3.8121928e-07 1.1457211e-07 0.001302572 0.00043972748 7.8383026e-05 0.0025973534 2.3700826e-05
0.91724974 0.0149462735 0.19115196 0.4886572 0.5234551 0.38107225 0.02411673 0.002567649 0.2628192 0.122183114 0.004772938 0.9034195 0.3452448 0.94795537 0.05028349 0.7683942 0.0021365278 0.47315818 0.009838038 0.00025907616 0.007842188 0.16555165 0.21217275 0.007024883 0.065275 0.00028966882 6.781956e-13 0.3307837 0.008951529 0.00023981041 2.5962338e-05 0.9284041 0.9254922 0.0021029224 0.23885053 0.031637754 0.00032866877 0.67162234 0.0001000702 0.0015909207 0.011075728 8.385678e-05 6.303573e-06 0.005748829 0.54722023 0.0005485471 0.070093505 0.00036347227 0.3066577 7.385891e-06 9.708571e-06 2.506756e-05 0.000111276364 0.00015378633 1.126895e-05 0.13728736 5.970525e-07 0.07628229 7.002728e-09 0.024267478 0.00035430476 3.4251956e-05 7.236984e-05 8.984193e-06 4.1572217e-05 3.0039591e-05 4.203759e-05 0.008654534 1.4687519e-05 6.941461e-06 9.94436e-06 0.00018912379 3.0517154e-05 3.875814e-05 1.4947161e-06 9.167239e-06 4.164173e-05 2.3561001e-06 1.0486687e-06 0.0018186489 7.890578e-05 4.5459456e-07 8.284457e-05 1.2960955e-06 4.4082586e-07 7.1745134e-08 9.007636e-05 0.0013876078 0.00044510778 0.0014816112 2.0207072e-07 4.148827e-06 1.831004e-07 0.00020588799 6.577077e-08 8.6950786e-07 2.3697855e-06 0.0016453306 9.294308e-08 4.217207e-05 2.2160586e-08
0.93499845 0.010824437 0.18782873 0.24989788 0.28715003 0.0510419 0.00253281 0.0010856775 0.009304306 0.00067902985 0.007352678 0.30607405 0.65571356 0.2311637 0.00014037034 0.6280262 1.4816953e-05 0.005512098 0.578697 0.000741603 7.4753916e-06 0.00034859148 0.9449084 3.900913e-06 3.3303317e-05 0.059907813 0.3307837 6.5322276e-13 0.00043342548 0.011269349 1.2701058e-06 0.8187982 0.1403344 0.58683056 0.9650768 0.82033837 0.18509644 0.1490262 0.0011662814 0.34946236 0.55560917 0.02204319 0.0043922416 0.00030023538 0.6028007 9.325643e-06 0.0005697483 7.4071027e-06 0.010662105 0.00018693916 0.000152478 1.2504374e-06 6.6713847e-07 1.00365e-05 3.5304836e-07 0.079108134 1.9551058e-08 0.048423696 1.1733129e-09 0.0028935664 8.8687175e-06 1.8231743e-06 1.2903101e-06 0.00017033037 0.0015851989 8.625254e-06 4.506319e-06 0.0023876217 0.0001711752 5.0775878e-05 6.384478e-05 1.4478219e-05 2.309095e-06 2.5624836e-06 1.2638054e-07 7.3871837e-07 0.00020647337 1.42949475e-05 2.3900932e-07 0.00088363455 3.637766e-05 2.119335e-06 9.720958e-06 6.564426e-06 7.1483737e-07 5.8539564e-07 3.4019744e-05 0.0037532235 0.00019081372 0.0016891905 6.0506113e-06 1.4278563e-06 1.7964713e-07 5.8397603e-05 2.9094658e-09 3.335237e-08 1.9218435e-06 0.0017574135 6.141675e-08 2.2911681e-05 9.90866e-08
0.4765813 0.003727039 0.00083092274 0.006764057 0.006915144 0.034412485 0.8848278 0.06987258 0.1381986 0.41120946 0.000484232 0.010483738 7.019407e-06 0.0071409 0.40228608 0.0006265588 0.8606556 0.11394265 9.786578e-07 0.00023726803 0.19853696 0.08972781 6.119902e-06 0.32716656 0.23218802 1.6720242e-06 0.008951529 0.00043342548 3.1119518e-15 1.22766e-07 0.9992306 0.0013797965 0.009202281 5.5873093e-06 0.00028440708 1.0213849e-05 1.0126389e-06 0.006420558 2.3413659e-08 2.0766352e-06 7.45439e-06 1.0397262e-06 3.6382183e-08 0.0767545 0.00033585637 0.15202095 0.024626438 0.10488789 0.016349252 1.4796546e-09 7.666786e-08 0.035128243 0.17450482 0.009715695 0.05317532 0.00018012825 0.007932581 7.34124e-05 0.00050774013 0.0022702976 0.011043489 0.030833034 0.00468286 1.5371259e-06 8.746163e-06 0.0015785228 0.00022764679 0.011386618 5.6465893e-07 1.4879207e-06 5.334846e-06 5.8783207e-05 4.9436025e-05 2.56231e-06 4.8612374e-06 7.5682933e-06 2.8157656e-06 3.292615e-07 1.2862448e-06 0.0012146755 1.7515162e-06 4.001241e-07 6.737416e-08 4.7423651e-07 4.0898254e-08 2.2731841e-07 2.6534934e-07 0.00023342673 0.00012883061 0.0027663107 4.507148e-08 2.0746566e-07 4.4239337e-09 1.0273191e-06 2.673053e-07 7.257175e-08 2.4004034e-08 0.0016444075 6.242936e-09 1.1212327e-05 9.350273e-10
0.46207407 0.00010416367 0.0018648023 8.34927e-06 1.4503439e-05 4.391887e-06 0.00030071306 2.8927028e-05 5.1622567e-07 3.0776454e-07 0.00421095 8.148026e-05 0.0055470527 4.5837154e-05 2.6698204e-05 0.000810595 2.9339608e-07 1.5216472e-05 0.06606217 0.99620175 8.644911e-06 1.621775e-06 0.0060260366 2.619645e-07 3.7603077e-06 0.9691506 0.00023981041 0.011269349 1.22766e-07 1.4277437e-13 2.0178304e-05 0.0005056893 0.000112670015 0.017283658 0.008358121 0.010175476 0.030089082 6.41828e-05 0.8368553 0.008859056 0.0064173476 0.008883333 0.02809216 1.2883766e-05 0.00010661473 3.446903e-06 1.6220063e-05 3.8158666e-07 1.30480485e-05 0.05019827 0.02741083 6.8747534e-07 7.0156325e-08 6.029497e-07 1.6419746e-07 3.8492773e-05 4.3087315e-08 4.941097e-06 3.658262e-10 1.171728e-06 6.3920993e-07 6.6013996e-07 7.958003e-05 0.034991257 0.01111863 2.3672072e-05 8.561605e-05 0.00018805155 0.0015170556 0.6254593 0.033137795 0.0001791948 0.001887944 4.3922657e-05 8.561997e-07 0.0001127943 0.0011035273 0.011164053 3.6325602e-08 0.0003396423 6.429771e-06 0.003901907 4.6706964e-06 0.0026694932 0.0025474862 0.0011747496 4.5009907e-07 0.0023796826 3.8759563e-06 0.00027962233 0.00097581686 4.01149e-06 0.0009223675 3.289323e-07 9.3536414e-07 1.0314205e-06 0.0008649459 0.00012035068 7.8223886e-05 0.00060065003 8.416114e-05
0.01195065 0.125853 0.012007046 0.001256733 0.00045153964 0.0022730327 0.7621553 0.6592855 0.0018115017 0.007733218 0.016240861 0.00031227164 3.5313808e-06 2.2243876e-05 0.0017843143 5.0850235e-06 0.020410534 0.0005446228 1.7845294e-06 0.019948315 0.0005945415 0.00020152928 1.2763421e-06 0.00096837897 0.0003942972 0.00033294316 2.5962338e-05 1.2701058e-06 0.9992306 2.0178304e-05 1.3339395e-13 5.172515e-06 2.2402884e-05 7.756416e-07 3.99744e-06 1.0873182e-06 2.3527915e-07 4.4923736e-06 5.004636e-06 2.4548096e-06 2.6284724e-06 9.888138e-08 2.9814018e-08 0.013022472 9.279598e-06 0.032815814 4.738457e-06 0.00024644763 2.2244216e-05 5.817709e-07 1.6753252e-06 0.021976575 0.009789178 0.006359615 0.1519824 4.4045755e-06 0.008338846 4.578451e-05 0.70687854 1.6055452e-05 0.00092332234 0.01520943 2.0334315e-05 0.00028091785 0.00030248973 0.00031220465 1.5824091e-05 0.000119042525 3.9466586e-06 7.415418e-05 0.0016935231 3.965657e-05 0.00021661451 9.3147764e-07 2.8964528e-06 2.3954387e-06 4.0263825e-05 9.111382e-05 4.596535e-06 4.434735e-05 1.6493624e-08 5.4865145e-06 5.2387445e-08 3.663655e-05 1.672112e-06 1.0765427e-05 1.0669848e-07 0.00076039234 1.5011397e-05 0.00035633624 1.9536296e-06 5.7446876e-08 8.042952e-07 4.033188e-09 4.5218056e-07 1.21728e-06 7.2658386e-06 6.9060065e-05 4.1010333e-07 0.0021142238 8.32461e-09
