3.1085453e-16 0.09616617 0.038229 0.56058717 0.3527617 0.0018311874 0.3950597 0.88912576 0.790491 0.20493573 0.0009940158 0.026085997 0.97166115 0.11619587 0.76565635 0.8416547 0.7280533 0.7370044 0.023166066 0.2678698 0.06131551 0.806686 0.9232952 0.9837755 0.90053076 0.6111876 0.96299666 0.8087328 0.8990263 0.6898191 0.9539686 0.93871504 0.8784158 0.8726541 0.9497509 0.9168037 0.93381596 0.14415322 0.081946954 0.9503875 0.9596751 0.88242316 0.9808455 0.8511571 0.90721184 0.9632653 0.8988952 0.9629368 0.8687512 0.96582466 0.9207854 0.94780916 0.93113405 0.9393622 0.990108 0.76752895 0.59014875 0.94614005 0.8129628 0.9169661 0.993072 0.9547808 0.8314304 0.057286944 0.1572064 0.8355499 0.12812203 0.9899267 0.9068591 0.9848175 0.8939834 0.99939954 0.6747952 0.10437101 0.9499179 0.93499196 0.48881269 0.8255565 0.23080395 0.051351476 0.93275255 0.984332 0.61548316 0.8837198 0.9398114 0.3386834 0.99992925 0.23531297 0.08196833 0.0011142833 0.98945826 0.7424414 0.9970159 0.13526629 0.9970872 0.18171097 0.94911414 0.2909143 0.41781193 0.0032860877 0.40001768
0.09616617 2.2372008e-15 0.9525811 0.96823716 0.9754856 0.036008652 0.3625444 0.6868018 0.008649015 0.0025308914 0.0046797926 0.0014832746 0.008345584 6.937407e-05 0.0010456768 0.15648642 0.00072269 5.992265e-05 1.1860063e-05 7.7059995e-05 3.5927128e-06 3.9642973e-06 0.0053470344 0.023413273 3.3878632e-06 2.9070367e-07 0.012795799 2.4032668e-06 3.1234773e-05 6.410591e-07 0.00040074257 9.15498e-06 0.0007282224 2.3772724e-05 2.7671538e-06 1.477701e-06 1.1448212e-05 6.2897656e-05 2.1722362e-07 0.0005533962 1.5887388e-05 3.9914253e-06 0.00014486279 1.1529835e-06 0.008169233 0.0014118016 1.01407146e-07 0.0016324559 0.005086171 4.91915e-06 3.4160469e-06 2.2854352e-05 1.0491958e-06 2.5436688e-05 3.4961606e-05 8.315061e-08 3.4212305e-06 1.0558175e-06 2.2766794e-07 1.2853889e-06 0.004919502 1.9048626e-06 0.00066549965 7.694748e-07 1.9796126e-08 0.0004531031 3.404457e-09 0.00076867 1.1857914e-07 0.0004256534 4.958508e-07 0.00046016337 3.9934683e-05 1.2742261e-06 8.461774e-06 4.3493596e-06 4.6716562e-07 1.8714251e-06 4.5727077e-07 1.5638698e-06 3.4861773e-06 2.7784554e-06 3.5667483e-07 1.08517675e-08 6.0539565e-05 1.1211542e-06 0.00026508063 5.23647e-07 2.859895e-06 2.0025006e-08 0.00018517632 5.381471e-07 5.7932208e-05 8.497222e-09 1.03065995e-05 8.9226475e-08 1.7278612e-06 3.6652118e-06 1.0122966e-05 1.3065419e-07 5.3653412e-08
0.038229 0.9525811 1.3268937e-15 0.081839085 0.73828363 0.98241085 0.9073975 0.5625744 0.0007069585 0.00014751666 0.0134351645 0.0034404006 0.033225894 4.029331e-06 0.008850215 0.061730493 0.00012685746 0.0011879348 4.3329506e-05 4.408648e-06 3.937519e-06 1.4687316e-06 0.0009707544 0.009391201 5.680506e-06 3.1133447e-07 0.016053654 4.40188e-06 2.0719945e-06 3.5718256e-06 0.00017131794 1.02454e-05 0.00061609794 8.401547e-06 6.4648852e-06 3.2450369e-06 3.1833558e-06 9.389279e-06 1.8975594e-06 0.00031136198 2.6041118e-05 1.2206902e-05 8.2172555e-06 3.3378053e-06 0.0031485662 0.00035780767 1.2047809e-07 3.91264e-05 0.0013568738 4.110907e-06 6.6497587e-06 1.4623945e-06 1.0953133e-06 7.076263e-06 2.4209564e-06 1.03720716e-07 3.6672568e-06 2.2343538e-06 1.6960006e-07 5.473259e-07 0.0038426463 3.3232866e-06 0.00020971044 2.044755e-07 1.2725271e-08 0.00011984296 5.9967458e-09 0.0003776891 7.9832574e-08 8.74676e-05 1.2497995e-06 0.00034626783 2.2766533e-05 2.2381007e-06 2.4103581e-05 4.0316254e-06 3.095612e-08 1.6555124e-07 2.6241503e-07 6.1069676e-07 1.17133295e-05 5.6503063e-07 1.3125771e-06 5.962553e-09 3.2243206e-05 5.158438e-07 0.0001165238 1.435403e-07 1.9199967e-06 2.4889542e-09 0.00011942459 3.114203e-07 2.5249401e-05 3.791143e-09 6.750897e-06 1.2482921e-07 3.0149081e-07 1.5237347e-06 2.8351828e-06 7.670354e-08 3.8881847e-08
0.56058717 0.96823716 0.081839085 1.4921663e-14 0.5412898 0.0004966995 0.103224725 0.88751704 0.85076314 0.9073967 5.3131524e-05 5.4643722e-05 0.0020633067 0.006204914 0.0005168977 0.89492494 0.033675388 4.7850925e-05 4.8017085e-07 0.0020265104 3.564402e-07 6.7266687e-06 0.5553673 0.4655006 4.8082184e-06 1.7731067e-07 0.027095601 1.006372e-05 0.0021470836 2.111014e-06 0.00045679926 4.4083932e-05 0.001520455 5.9083948e-05 2.7730418e-06 2.2714191e-06 2.933642e-05 0.00093146577 5.0625744e-07 0.0008874112 0.00011723718 2.6828731e-05 0.019796643 4.547019e-06 0.26065198 0.19168143 2.400146e-07 0.06646393 0.23885742 1.3762626e-05 8.326401e-06 0.0004106477 2.478115e-06 3.2621258e-05 1.0804026e-05 1.1279466e-07 3.1728556e-05 2.2121885e-06 1.7986098e-06 3.9910715e-06 0.02008441 2.6422172e-06 0.015057012 3.9238387e-07 1.5207338e-08 0.011114904 1.599589e-09 0.014213353 2.3476231e-07 0.0054876665 1.4045269e-06 0.0061010364 0.0010488163 5.1374656e-05 0.00065288885 4.2650768e-06 1.8445131e-07 2.8078888e-05 2.8772763e-05 1.4173021e-05 3.1894622e-05 3.6146118e-06 8.997862e-06 1.6880348e-08 0.000113411596 3.8333128e-05 0.0045103887 1.4570303e-05 9.648594e-06 7.09852e-08 0.0001939377 1.8426766e-06 0.0005341118 6.192491e-08 2.0177667e-05 1.720073e-06 5.8804562e-05 2.0025991e-05 2.9377548e-05 5.016506e-06 1.2545512e-06
0.3527617 0.9754856 0.73828363 0.5412898 1.469914e-16 0.08784942 0.80607194 0.98004943 0.00083227456 0.0010501709 0.011537012 0.0035271456 0.1748412 1.7453243e-05 0.0247808 0.41004413 0.00018052876 0.00019495632 5.8314792e-05 2.9056426e-05 8.106564e-06 5.0099014e-05 0.007383937 0.07163219 3.1616884e-05 2.2845015e-06 0.18031482 1.1257372e-05 1.5335905e-05 1.1471534e-05 0.004879761 2.8502142e-05 0.015086032 0.0005964679 1.5485339e-05 7.804271e-06 0.00014093734 2.5704981e-05 7.730259e-07 0.0061217854 0.00021134556 2.1374497e-05 0.000115262614 8.025173e-06 0.02808912 0.003470065 6.340409e-07 0.0030795014 0.013298852 5.76246e-06 7.142721e-06 2.7973181e-05 7.982063e-06 0.00057636894 0.00059877784 1.1912637e-07 3.1878824e-06 7.1709195e-07 2.6347868e-06 3.5516084e-06 0.02069387 7.632592e-06 0.0016124058 5.2293433e-07 2.2598655e-08 0.0012124008 1.15093775e-08 0.0025428939 2.642304e-07 0.0013673919 9.362361e-07 0.0016338154 1.644275e-05 1.7076871e-06 1.1485688e-05 1.7389479e-05 3.3203452e-07 1.7494744e-06 3.87279e-06 3.458853e-06 7.0071306e-05 6.2154527e-06 8.5251685e-07 1.04748764e-07 0.0009476011 1.8296713e-06 0.00044295407 1.0190173e-06 2.3353607e-06 5.5697558e-09 0.00083482947 1.4625257e-06 2.1224425e-05 5.327031e-08 0.000110723995 2.668275e-07 5.550404e-06 2.3925074e-06 1.8998771e-06 1.6035413e-06 2.4674452e-07
0.0018311874 0.036008652 0.98241085 0.0004966995 0.08784942 1.2539071e-16 0.65918523 0.050722457 1.9271806e-06 1.4128636e-05 0.9947254 0.10641676 0.011294881 8.1671874e-07 0.013988519 0.0014258227 1.033471e-05 0.086902365 0.002945909 2.582555e-07 5.3354437e-05 7.60442e-07 5.052145e-06 0.00034094727 3.2071332e-06 5.85195e-06 0.001396601 1.6880042e-06 5.598975e-06 1.3470553e-06 6.692088e-05 1.3271354e-06 0.00018677826 4.7750245e-06 1.412631e-06 1.0947024e-06 2.1996211e-06 3.877624e-06 1.8734992e-05 9.1435366e-05 7.6679635e-06 3.909684e-06 4.3691653e-06 1.4786808e-06 3.815605e-05 2.8392482e-05 5.1562347e-07 1.5048591e-05 2.606743e-05 1.3616152e-06 1.373655e-06 2.3937969e-06 8.460277e-07 3.8190537e-06 2.854603e-06 2.8517204e-07 4.6979694e-06 1.7248581e-06 5.9863874e-07 7.0028284e-07 0.00022232055 2.035858e-06 1.9281577e-05 2.895946e-07 2.9146829e-08 1.3814805e-05 2.2402148e-08 9.75732e-06 7.1683075e-07 1.1237227e-05 3.915494e-06 8.5761436e-05 2.0604048e-07 3.8990274e-06 2.4806568e-06 4.2023103e-06 1.9316204e-08 2.2194313e-07 1.0911482e-06 2.0764124e-07 1.01416845e-05 4.1810137e-07 8.5541365e-07 2.1585146e-08 2.3469784e-05 3.4740782e-07 2.2602722e-05 1.0473758e-07 1.0476571e-06 8.298448e-10 3.2833243e-05 2.7331384e-07 1.4730718e-06 1.675122e-08 1.1777596e-06 5.225053e-08 5.0524665e-08 4.8757994e-07 2.7812115e-07 2.486916e-07 5.4604254e-08
0.3950597 0.3625444 0.9073975 0.103224725 0.80607194 0.65918523 4.7082686e-15 0.55469966 3.2137203e-05 0.0001593094 0.6717017 0.96235687 0.83405596 8.8691145e-08 0.9373506 0.008536685 5.5274028e-05 0.6830413 0.41918233 1.665845e-05 0.17548697 0.052951433 0.00013997038 0.004553138 0.0022553792 0.0057265693 0.18776257 0.0001029467 4.0042374e-07 9.478324e-05 0.035079338 0.00024274185 0.06676186 0.0041064736 0.0011185122 0.00013459574 0.0016801534 8.870168e-05 0.003923809 0.032279767 0.0007118655 7.157467e-05 1.1854263e-05 3.9734896e-05 0.0013959871 0.000121542864 7.4721385e-05 0.00025430927 0.00028756098 9.665659e-06 1.0760284e-05 2.0766146e-07 7.934711e-06 0.0013466207 0.0027286473 1.7806976e-06 2.4197745e-06 1.0859973e-05 2.0272284e-06 2.7921553e-07 0.0074136085 1.0839431e-06 0.00024228229 1.2585896e-06 3.9873274e-08 0.0004517905 9.867262e-08 0.0005001709 2.2013522e-08 0.0003657089 2.9289342e-07 0.00031083683 1.27241365e-05 1.0839937e-06 4.6619834e-06 1.0410385e-05 4.381982e-07 2.0581975e-07 1.5297852e-07 4.028981e-06 9.223397e-06 1.3598939e-05 1.3683505e-08 4.860606e-06 0.00028707736 1.4562572e-06 6.716915e-05 4.8543943e-06 1.3168395e-05 3.4524183e-07 0.00073197915 8.1839664e-07 1.23192085e-05 9.423636e-08 0.0001252906 1.2745218e-07 1.6848296e-06 1.4316661e-06 9.812339e-06 5.5755867e-05 1.02997994e-07
0.88912576 0.6868018 0.5625744 0.88751704 0.98004943 0.050722457 0.55469966 1.5939711e-15 0.00881683 0.007103844 0.0068009426 0.01093476 0.10790152 0.00010285141 0.0048694736 0.9505118 0.0014668972 0.0004290698 2.9870698e-05 0.00020136964 2.2837205e-05 2.5325706e-05 0.021846566 0.45629773 1.3124301e-05 2.6493228e-06 0.5629896 6.1412366e-06 0.00013365828 5.750235e-06 0.01804997 1.5049267e-05 0.067202605 0.00060100213 1.1972568e-05 5.6816225e-06 0.00015615957 0.00021852736 7.1862684e-07 0.028511155 8.061167e-05 7.0911383e-06 0.00014367269 5.12028e-06 0.18377185 0.019696321 9.840533e-07 0.020267088 0.09943957 1.8848136e-06 3.919947e-06 1.7941342e-05 1.991322e-06 0.002484906 0.006408941 1.8583442e-08 1.813223e-06 1.7131514e-06 8.2151985e-07 3.380358e-07 0.23671144 4.967591e-07 0.023717709 1.3536456e-07 2.1627047e-09 0.017429974 1.869977e-09 0.042879134 1.06864675e-07 0.015369039 1.0852752e-06 0.019358689 3.228801e-05 4.9686932e-08 7.591841e-05 3.1182535e-05 5.829244e-07 2.0840473e-06 1.6059869e-06 1.5291091e-06 6.962388e-05 2.6709407e-05 2.4864123e-06 4.1125045e-07 0.0029976831 1.5229894e-06 0.0019490267 2.1593755e-06 3.4418804e-06 7.7315265e-09 0.002145089 5.639483e-06 0.00018644812 5.2469048e-08 0.0006284169 1.8447215e-06 1.1205337e-05 1.1255793e-05 9.437298e-06 1.6268972e-05 1.4478129e-06
0.790491 0.008649015 0.0007069585 0.85076314 0.00083227456 1.9271806e-06 3.2137203e-05 0.00881683 7.702261e-14 0.89575917 9.624252e-07 6.15926e-08 6.346077e-05 0.72685385 3.968349e-06 0.29509625 0.9536341 2.0908717e-06 3.1464783e-08 0.39560848 2.901345e-07 3.5126483e-08 0.979136 0.12622526 1.8913289e-07 4.3011685e-08 0.006955457 3.9823055e-07 0.070430465 2.0462375e-07 0.0002002056 5.620704e-07 0.0012097565 5.330523e-06 2.5285176e-06 3.9289048e-07 5.610654e-06 0.12565528 8.5877026e-08 0.00061822 6.741575e-06 6.2273693e-07 0.1850627 3.5121212e-07 0.086116545 0.49525687 1.0475387e-05 0.36569276 0.22797498 3.56959e-07 5.0717364e-07 0.0061882166 1.4454165e-06 8.070183e-05 0.00019911454 9.617642e-08 0.00024224048 1.2968312e-06 3.245453e-07 3.2954142e-07 0.0141948955 1.4321167e-06 0.071692266 5.939121e-07 2.9626952e-08 0.027113289 1.3522927e-08 0.025767263 3.7893287e-07 0.028078374 7.414265e-07 0.020094842 0.005099834 0.0018558094 0.004883751 3.0844492e-06 9.686439e-08 2.6640912e-06 0.0001635315 0.0014374478 1.8381948e-05 1.2672837e-05 1.189987e-06 2.9291396e-06 0.0011421038 5.0899165e-05 0.026564218 0.00011406968 2.6376165e-05 3.8826747e-06 0.0007686904 4.784462e-07 0.0031365308 5.6943372e-06 0.00022384126 9.274883e-08 1.8276125e-05 4.4905833e-06 8.540439e-06 0.00013246684 7.5323044e-08
0.20493573 0.0025308914 0.00014751666 0.9073967 0.0010501709 1.4128636e-05 0.0001593094 0.007103844 0.89575917 1.5490193e-15 8.425338e-06 2.4462538e-06 5.7513345e-05 0.99978447 7.82278e-06 0.023603944 0.5713241 9.019215e-07 8.310685e-08 0.19501166 5.7518033e-08 1.8656942e-06 0.13953558 0.008612842 2.8530844e-06 1.4150926e-07 0.0003500863 1.9329511e-06 0.014099665 2.4183237e-06 4.1475e-05 2.4963745e-06 9.398637e-05 1.1349949e-05 5.10166e-06 2.4279345e-06 5.9954345e-06 0.06751508 4.0727468e-08 0.000119897144 1.2137612e-05 1.0481983e-05 0.002124223 1.9616127e-06 0.007196173 0.028502708 3.1515884e-07 0.014001585 0.013514466 5.7808224e-06 2.3443442e-06 0.00015986354 1.5982481e-06 1.4946741e-05 3.232634e-05 7.256745e-08 9.186996e-05 2.9322698e-06 5.906366e-07 1.1782664e-06 0.000697298 1.0532767e-05 0.001604613 1.8363654e-07 3.4362753e-08 0.00052503316 7.583215e-09 0.0008647839 2.4666454e-07 0.00075397507 2.893264e-06 0.000958373 0.00011555406 0.00013626962 3.408294e-05 1.3807264e-06 2.5333737e-08 4.203352e-06 1.3399438e-05 0.00043790706 1.5475653e-05 6.6288135e-06 1.6661188e-06 7.925253e-09 0.00010741392 1.4679188e-05 0.0007632717 9.9477265e-06 3.08784e-06 5.2073267e-07 0.00031636294 8.2211976e-08 8.0528e-05 4.7165662e-07 4.0964755e-05 1.5870125e-07 6.230529e-07 5.937694e-07 1.4159666e-06 0.00015830544 1.2884581e-08
0.0009940158 0.0046797926 0.0134351645 5.3131524e-05 0.011537012 0.9947254 0.6717017 0.0068009426 9.624252e-07 8.425338e-06 8.871845e-18 0.9804269 0.026597904 3.066347e-08 0.19327056 0.00013436055 1.4933939e-06 0.2872174 0.7485363 3.7074983e-07 0.009532134 0.0015971855 7.773029e-06 0.00022933359 0.0004356332 0.0005860213 0.0036825694 7.1057846e-05 6.5710337e-06 3.4211018e-05 0.0012322887 9.1363894e-05 0.000795014 0.00020196027 0.00029636564 3.765707e-05 5.5722263e-05 1.494848e-05 0.013887167 0.00037020716 9.569039e-05 2.9765682e-05 2.1573564e-06 1.7715754e-05 4.5376986e-05 7.661739e-05 5.4491502e-05 3.5080575e-05 4.147694e-05 1.33164685e-05 1.6701064e-05 1.533436e-06 6.2164427e-06 3.1438318e-05 5.2366548e-05 5.089638e-06 1.2680587e-05 2.8355871e-05 4.699287e-06 7.1740765e-06 0.00032604946 5.8523406e-06 1.0163576e-05 0.0001974232 6.023106e-07 1.633746e-05 2.2559836e-06 3.7749105e-06 1.0157746e-06 1.7422677e-05 7.0839533e-06 8.088837e-05 1.7943685e-07 8.899672e-05 7.166934e-07 6.8745335e-06 6.734317e-07 2.1428225e-06 4.3008635e-07 4.5211177e-06 1.5124111e-05 5.023165e-06 5.3903057e-07 1.14961864e-07 8.7617e-06 1.1757352e-06 2.2560103e-05 1.7567665e-07 9.870571e-07 2.4474236e-09 9.262344e-05 8.6134366e-07 1.0788262e-05 1.5167646e-07 5.8271676e-06 8.3855525e-08 8.9938936e-07 7.267086e-06 1.148352e-05 8.282241e-06 2.5535584e-07
0.026085997 0.0014832746 0.0034404006 5.4643722e-05 0.0035271456 0.10641676 0.96235687 0.01093476 6.15926e-08 2.4462538e-06 0.9804269 2.941798e-16 0.14084296 3.1037175e-08 0.68906254 0.00026426234 6.1927597e-07 0.92565703 0.9014535 4.5111452e-07 0.09976681 0.04204108 3.118047e-06 0.00037471738 0.006875292 0.007332148 0.017798014 0.0007721286 3.8410883e-07 0.0006592447 0.021361789 0.002264619 0.009360111 0.003641536 0.0040815305 0.00026602982 0.0006496353 9.982609e-07 0.008202016 0.0074740057 0.0003748008 0.00012849562 9.2747365e-07 4.2456282e-05 7.277513e-05 8.630528e-06 5.900241e-05 1.5072952e-05 4.5077737e-05 1.31796005e-05 2.0135512e-05 1.0675524e-06 2.8041932e-05 0.00015546428 0.00041219676 5.088135e-07 1.1301361e-06 5.709933e-06 3.4508334e-06 4.057004e-06 0.00058738823 1.2074679e-05 2.0625206e-05 4.1480456e-05 1.9641742e-07 2.7579237e-05 1.6365388e-07 2.2495224e-05 7.774889e-08 0.000124062 9.654729e-07 4.9311246e-05 1.9506834e-07 2.410072e-06 2.9703295e-07 1.6846914e-06 4.415365e-07 4.3644573e-07 8.2683795e-07 2.2293414e-06 4.3619166e-06 2.2406336e-06 7.842115e-07 1.2278099e-07 0.00011452893 1.0167689e-06 8.346707e-06 3.7950898e-07 8.779537e-07 9.078188e-09 0.00012074766 2.1278578e-07 6.9810767e-07 5.576921e-07 2.6092675e-05 7.535323e-08 4.2456196e-07 8.545868e-07 6.183482e-07 1.1207282e-05 7.881691e-08
0.97166115 0.008345584 0.033225894 0.0020633067 0.1748412 0.011294881 0.83405596 0.10790152 6.346077e-05 5.7513345e-05 0.026597904 0.14084296 1.01511265e-11 3.5324417e-06 0.99051034 0.03823274 5.6078596e-05 0.12148628 0.028770644 1.3154876e-05 0.014948953 0.03419343 0.0002738013 0.042646445 0.004356208 0.0030540957 0.91368616 0.0008022147 5.1134425e-06 0.00050984236 0.5186502 0.001439454 0.6225495 0.03968201 0.0003157092 7.533659e-05 0.009907234 1.5967422e-05 0.00016291678 0.4618396 0.00223081 0.00016276691 5.1973525e-06 4.4461263e-05 0.018129604 0.00053290185 3.9504524e-05 0.00028259752 0.006214493 7.5473117e-06 1.6037195e-05 5.1724334e-07 9.438783e-06 0.036238976 0.06023242 9.799971e-07 1.0329128e-06 5.9745894e-06 3.3626018e-06 8.5310813e-07 0.22973353 3.5091566e-06 0.0045096856 1.6370719e-06 1.15235416e-07 0.005132789 5.017242e-08 0.018210893 5.514148e-08 0.0051316824 4.5127567e-06 0.009078822 3.232905e-05 1.8956023e-06 4.1118892e-05 0.00027455515 1.054282e-06 2.3230102e-06 1.0568642e-06 1.4002296e-06 0.00023664658 0.00012921881 4.3212395e-07 1.3705532e-07 0.012757028 5.255351e-07 0.0006820883 1.3294839e-06 1.7583916e-06 1.4319773e-08 0.004662428 1.5911626e-06 2.206185e-05 8.67731e-07 0.0029721803 6.5623976e-06 2.0075545e-06 1.7144108e-05 8.319341e-07 0.00012973434 2.0942713e-05
0.11619587 6.937407e-05 4.029331e-06 0.006204914 1.7453243e-05 8.1671874e-07 8.8691145e-08 0.00010285141 0.72685385 0.99978447 3.066347e-08 3.1037175e-08 3.5324417e-06 4.318255e-17 4.2641315e-07 0.0022143787 0.52180517 5.6323827e-08 2.8546887e-09 0.9656445 1.125671e-08 1.0065731e-06 0.04942183 0.0007165304 2.4280305e-07 1.7411471e-08 1.7753335e-05 2.369006e-06 0.05968426 6.281271e-07 2.0845364e-06 1.3207981e-06 4.681069e-06 8.298223e-07 3.7960962e-07 9.833476e-07 4.2394132e-07 0.17658353 7.541127e-09 6.422582e-06 2.9057185e-06 1.1895809e-06 0.0064971154 1.429075e-07 0.0005233764 0.008425024 2.1963248e-07 0.004271476 0.0020047473 1.1294584e-06 2.7640687e-07 0.00056525134 1.7903807e-07 1.6960031e-06 2.233691e-06 4.9293867e-08 5.0925628e-05 5.830022e-07 5.7014606e-08 6.382031e-07 6.793643e-05 2.7408553e-06 0.00063440745 9.517598e-09 8.956352e-09 0.00035304835 9.585077e-09 0.00013250815 2.7185678e-07 0.00027266078 1.684525e-07 0.00025412452 0.00024372188 0.00019901317 5.4196094e-05 1.1026576e-07 8.7845615e-09 1.0254201e-06 2.0837108e-05 0.00017889461 2.059357e-06 6.9393917e-07 1.0213834e-06 1.0616068e-08 7.2593552e-06 3.256618e-05 0.0007851492 2.3653003e-05 2.2738877e-06 1.9903766e-06 3.14714e-05 3.768967e-08 9.1584254e-05 1.161951e-06 9.2465285e-07 3.4336345e-08 3.12896e-07 4.8943116e-06 2.1209029e-05 1.6364272e-06 3.1763487e-09
0.76565635 0.0010456768 0.008850215 0.0005168977 0.0247808 0.013988519 0.9373506 0.0048694736 3.968349e-06 7.82278e-06 0.19327056 0.68906254 0.99051034 4.2641315e-07 1.0649002e-12 0.0016980756 2.67867e-05 0.92804414 0.47092453 4.5492525e-06 0.26875317 0.6576754 4.301988e-05 0.0021030377 0.089643575 0.094677955 0.290619 0.01151252 9.040839e-07 0.0071230186 0.44132653 0.013605848 0.23992683 0.079841785 0.0134825455 0.0018690263 0.02780218 1.4666593e-05 0.004040294 0.258963 0.0077486825 0.0024103562 1.5986964e-06 0.00045046132 0.0016164304 9.0983835e-05 0.001729294 2.7848979e-05 0.0008707245 7.9505306e-05 0.00012468401 2.3497923e-06 3.3948992e-05 0.019692685 0.039490547 5.1958927e-05 7.5974464e-07 3.0244604e-05 5.30681e-06 3.4207346e-06 0.018790832 2.2462722e-05 0.00058824365 1.6345626e-05 1.4243977e-06 0.0007679068 1.1019763e-07 0.0011925962 5.0088255e-07 0.0006523636 4.677606e-06 0.0011466257 1.9092651e-05 5.8838356e-08 2.320289e-06 0.00015655262 4.3708303e-07 3.3868746e-06 5.297635e-07 1.089178e-06 6.661829e-05 0.000100997706 3.568967e-07 8.94224e-08 0.0033464541 2.3372867e-07 4.835416e-05 3.714426e-06 2.1400633e-06 2.025688e-08 0.002380021 7.9967253e-07 3.5868499e-07 2.4555575e-07 0.0014321434 1.6843765e-06 4.549773e-06 5.745652e-06 1.7840699e-06 5.165099e-05 2.236942e-06
0.8416547 0.15648642 0.061730493 0.89492494 0.41004413 0.0014258227 0.008536685 0.9505118 0.29509625 0.023603944 0.00013436055 0.00026426234 0.03823274 0.0022143787 0.0016980756 1.4554542e-12 0.047489535 3.9093207e-05 8.078602e-06 0.0026813142 1.6447832e-05 2.2465123e-05 0.16610336 0.9904198 2.2456725e-05 1.6757724e-06 0.19325963 1.4735335e-05 0.0038324888 1.2824104e-05 0.0029317876 1.9433639e-05 0.01259716 0.00030445954 1.30796e-06 1.0211619e-05 9.849292e-05 0.0003292545 1.3764752e-07 0.00536967 1.8933828e-05 2.0800633e-05 0.0028165812 1.2046499e-05 0.28214568 0.059647057 1.1852538e-06 0.04623428 0.16395152 3.3930692e-06 5.3230756e-06 0.00029521753 2.4896037e-06 0.00078473525 0.002360576 8.570652e-08 2.0722367e-05 1.021439e-06 1.2217565e-06 6.264055e-07 0.12816238 1.4594939e-06 0.03517588 7.559575e-07 3.587652e-08 0.027134905 2.3932945e-08 0.059835233 1.1948433e-07 0.020134805 6.119001e-07 0.028156627 0.00014992633 2.813892e-06 0.00022829707 2.9910067e-05 4.786101e-07 5.135716e-07 4.804041e-05 0.00011094671 9.853431e-06 1.8970339e-05 1.748096e-07 9.956134e-08 0.001234864 2.1231855e-05 0.005325442 4.884137e-06 1.5669339e-05 2.8645832e-07 0.001694381 7.828978e-07 0.00025160407 4.9033576e-07 0.00043216723 1.3786184e-06 1.0366743e-05 1.4157203e-05 7.806563e-06 5.999579e-05 6.347493e-07
0.7280533 0.00072269 0.00012685746 0.033675388 0.00018052876 1.033471e-05 5.5274028e-05 0.0014668972 0.9536341 0.5713241 1.4933939e-06 6.1927597e-07 5.6078596e-05 0.52180517 2.67867e-05 0.047489535 4.5687073e-14 1.0167012e-06 2.0287013e-07 0.9823939 1.7615999e-07 1.0733794e-06 0.8077819 0.042039942 1.2864974e-06 8.102714e-08 0.0068770265 5.113672e-06 0.69489056 1.6862537e-06 0.0016925414 1.38809955e-05 0.0019316364 0.00016311563 1.7097517e-06 2.161675e-06 3.2567666e-05 0.37143487 4.0895586e-07 0.0016428321 2.493635e-05 7.242987e-06 0.7142139 2.7580616e-06 0.059700653 0.50324637 5.2006644e-06 0.44115672 0.14073187 2.7930594e-06 1.0714557e-06 0.2085612 2.5635077e-06 5.2578074e-05 9.9992925e-05 5.356525e-07 0.007949304 2.2851987e-06 4.849834e-07 1.3605353e-06 0.0032133819 2.4391882e-06 0.06626911 1.0769316e-07 3.947863e-08 0.018377757 2.0495156e-08 0.013692339 8.247501e-07 0.035387754 7.2485386e-07 0.013820636 0.09143484 0.033048503 0.06507309 7.348173e-07 2.1858934e-07 9.269693e-06 0.0016689888 0.007788259 5.5004134e-06 3.7972784e-06 2.562337e-06 8.157733e-08 0.001689756 0.0012856557 0.04505288 0.0018591749 0.0005094664 2.1218213e-05 0.00039528892 1.6041201e-07 0.0141856335 0.0008297686 5.204472e-05 2.490424e-07 6.822317e-06 0.0001243361 0.0001518346 7.733578e-05 9.705636e-08
0.7370044 5.992265e-05 0.0011879348 4.7850925e-05 0.00019495632 0.086902365 0.6830413 0.0004290698 2.0908717e-06 9.019215e-07 0.2872174 0.92565703 0.12148628 5.6323827e-08 0.92804414 3.9093207e-05 1.0167012e-06 5.57185e-16 0.9265027 2.8998832e-06 0.92551935 0.91001624 4.053655e-06 6.38759e-05 0.25547987 0.8615102 0.028783284 0.06769979 4.3006625e-07 0.05890761 0.19222772 0.087409906 0.042179085 0.10410669 0.5072619 0.059719846 0.043367185 1.0051865e-05 0.28880408 0.04603679 0.01910383 0.009426132 1.5875808e-06 0.0052747326 0.00011378091 5.7948646e-06 0.053689815 4.487248e-06 5.0509138e-05 0.00094043626 0.0010641249 1.0336529e-06 0.0009684224 0.011848953 0.01333585 0.0022585476 9.862018e-07 0.00091906544 0.0001204908 1.7818265e-05 0.0031477918 0.00016657378 2.2424132e-05 0.005065658 4.457505e-05 5.412507e-05 1.1664821e-06 0.00011101794 1.3986842e-06 6.4041815e-05 4.4498087e-05 0.00018909351 7.2149555e-06 2.0911838e-07 2.6495627e-06 6.477614e-05 3.1097259e-06 1.1313352e-06 1.4289044e-07 1.8295061e-07 3.5606277e-05 5.3044245e-05 4.2390332e-07 1.995919e-06 0.000802217 2.7688574e-07 1.4175564e-05 1.4656924e-06 5.783138e-06 6.4367733e-09 0.00088407245 3.3537112e-06 6.4451738e-06 1.32339295e-08 0.00030552145 1.3081727e-07 1.1333395e-06 4.597407e-06 3.5908222e-06 0.00023600427 1.4654681e-07
0.023166066 1.1860063e-05 4.3329506e-05 4.8017085e-07 5.8314792e-05 0.002945909 0.41918233 2.9870698e-05 3.1464783e-08 8.310685e-08 0.7485363 0.9014535 0.028770644 2.8546887e-09 0.47092453 8.078602e-06 2.0287013e-07 0.9265027 9.371464e-18 2.8435823e-08 0.9971726 0.16019095 2.9602634e-06 7.099932e-05 0.027266791 0.17943318 0.00605986 0.0021807735 4.861981e-07 0.0028369857 0.016745824 0.004350213 0.0041814405 0.0074675754 0.0514502 0.0024139942 0.0019236268 1.8309647e-06 0.49750352 0.0034547143 0.0013293884 0.0007139102 1.0029501e-06 0.00018194017 2.0445894e-05 6.538846e-06 0.00088785513 7.3693222e-06 2.5289974e-06 0.00012443526 8.3128376e-05 8.859989e-07 3.3703214e-05 0.00035478472 0.00080638356 7.4050724e-05 1.4692221e-06 9.241821e-05 3.1204802e-06 1.3069158e-05 0.00030790945 2.9528015e-05 3.4976695e-06 0.0003188345 6.8507766e-06 7.1817635e-06 9.830279e-07 4.702129e-06 3.6329882e-07 7.767413e-06 3.855256e-06 7.580179e-05 3.839254e-07 5.869612e-06 3.4321732e-07 2.6382593e-06 1.982528e-06 1.55957e-06 2.5064975e-07 2.0658522e-06 1.9809338e-05 4.7876006e-06 2.884451e-06 2.3146102e-07 1.3346791e-05 6.983175e-07 4.237615e-05 4.8752298e-08 2.4605365e-07 1.6843322e-09 0.00010639361 5.6202805e-07 1.0656461e-06 8.946744e-08 3.3911151e-06 1.5406002e-07 1.4230752e-06 2.1370501e-07 1.471258e-06 3.0964846e-05 1.14578555e-07
0.2678698 7.7059995e-05 4.408648e-06 0.0020265104 2.9056426e-05 2.582555e-07 1.665845e-05 0.00020136964 0.39560848 0.19501166 3.7074983e-07 4.5111452e-07 1.3154876e-05 0.9656445 4.5492525e-06 0.0026813142 0.9823939 2.8998832e-06 2.8435823e-08 7.06412e-15 3.4252885e-08 1.2746648e-06 0.11504415 0.0012067335 1.9772785e-06 1.3517132e-07 4.928026e-05 1.1304261e-06 0.57131207 1.591083e-07 1.7412593e-05 5.5089386e-06 1.3057983e-05 4.664865e-06 3.1840389e-06 4.6955256e-07 9.575283e-07 0.8374137 3.2792077e-06 3.042353e-05 1.4870065e-05 1.5229326e-06 0.07684751 1.1964087e-07 0.0007975135 0.071837105 7.1286377e-07 0.032510333 0.0041407696 4.0572054e-06 3.1141198e-07 0.0871263 7.2037585e-07 2.2548586e-06 5.717562e-06 1.9988498e-07 0.007685436 2.5634356e-05 2.194227e-07 8.620323e-07 0.00017091616 8.630445e-06 0.0023378788 1.8100931e-07 2.7505962e-08 0.0006461489 5.741398e-09 0.00037536453 8.2638024e-08 0.002677549 8.4300825e-07 0.0008674336 0.004532632 0.0026439303 0.0012168634 2.2098743e-07 9.0365637e-07 1.4302721e-05 0.00053199905 0.0008912804 2.5230304e-06 6.4021688e-06 1.5525819e-06 1.292116e-07 2.280441e-05 0.00043231028 0.0034182027 0.0006420237 2.440027e-05 6.8163217e-06 7.252038e-05 1.9380407e-07 0.0013610428 3.6048954e-05 2.4603116e-05 9.686796e-07 5.8001973e-05 5.6078166e-05 0.00010424656 5.082394e-05 2.5199054e-07
0.06131551 3.5927128e-06 3.937519e-06 3.564402e-07 8.106564e-06 5.3354437e-05 0.17548697 2.2837205e-05 2.901345e-07 5.7518033e-08 0.009532134 0.09976681 0.014948953 1.125671e-08 0.26875317 1.6447832e-05 1.7615999e-07 0.92551935 0.9971726 3.4252885e-08 9.743974e-16 0.3356201 7.797742e-07 4.4731285e-05 0.13247614 0.89227366 0.0033438415 0.025658641 1.0373809e-06 0.025311926 0.033935513 0.02143442 0.004988752 0.02608664 0.31500104 0.02188486 0.0079451315 1.7782862e-06 0.79579526 0.0041756164 0.0066238665 0.003304311 1.0619776e-06 0.0010039894 2.8218536e-05 9.205716e-06 0.010978421 6.4845517e-06 2.8075178e-06 0.0004306713 0.00041996478 4.7126296e-06 0.0006911119 0.0012975204 0.001933982 0.0013870699 9.758922e-06 0.0020640288 5.211431e-05 2.7768543e-05 0.0006728094 0.00036181745 1.012368e-05 0.000834519 0.00011299842 4.825155e-06 1.3831717e-05 1.3483347e-05 5.8740525e-06 1.6734592e-05 3.2374963e-05 9.2321396e-05 1.3612479e-06 1.2388134e-06 1.5509659e-06 0.00010123637 3.821925e-06 8.4172825e-06 1.3803353e-06 7.057523e-07 0.00016690102 2.9037532e-05 2.1109797e-06 3.913545e-06 0.000218464 2.373702e-07 1.9743233e-05 1.0130334e-07 1.3694988e-07 5.6180078e-11 0.00020081406 1.5392309e-06 3.0993756e-06 1.6843588e-08 4.4409993e-05 1.3633552e-06 5.4350303e-06 1.4671713e-07 5.698289e-07 9.823552e-05 1.310742e-06
0.806686 3.9642973e-06 1.4687316e-06 6.7266687e-06 5.0099014e-05 7.60442e-07 0.052951433 2.5325706e-05 3.5126483e-08 1.8656942e-06 0.0015971855 0.04204108 0.03419343 1.0065731e-06 0.6576754 2.2465123e-05 1.0733794e-06 0.91001624 0.16019095 1.2746648e-06 0.3356201 6.475506e-15 1.8494195e-06 3.299783e-05 0.99159247 0.6275918 0.015234348 0.33694956 1.6243933e-07 0.14980565 0.35445938 0.5136566 0.03183175 0.35960245 0.54836774 0.07648399 0.26059157 6.750331e-06 0.02749229 0.08172795 0.09791331 0.04395661 1.0256103e-07 0.013529934 7.099601e-05 8.885356e-07 0.07339765 8.520043e-08 7.825041e-06 0.001561954 0.0014069931 9.387756e-08 0.0004239151 0.074632205 0.065349355 0.0052738097 2.396964e-07 0.00039032465 3.9856837e-05 2.0186657e-05 0.0026140972 6.732538e-05 2.6274874e-06 0.00031938805 5.3850647e-05 4.442969e-05 9.1702594e-07 0.00021697383 1.5190082e-07 3.5947676e-05 7.414731e-07 0.00022891448 3.2147118e-06 8.769314e-08 1.308552e-07 7.841577e-05 4.375109e-07 3.713831e-06 1.9936715e-07 7.1929395e-07 2.9314942e-05 8.765331e-05 1.0067252e-07 8.486762e-08 0.0012249954 9.454061e-08 6.7047204e-06 3.94791e-07 1.1107682e-06 2.031708e-09 0.0008012739 1.8877701e-07 2.2968626e-07 3.283022e-08 0.0007911488 4.5705457e-07 1.119999e-06 5.3742855e-07 3.1736906e-07 2.622847e-05 8.392694e-07
0.9232952 0.0053470344 0.0009707544 0.5553673 0.007383937 5.052145e-06 0.00013997038 0.021846566 0.979136 0.13953558 7.773029e-06 3.118047e-06 0.0002738013 0.04942183 4.301988e-05 0.16610336 0.8077819 4.053655e-06 2.9602634e-06 0.11504415 7.797742e-07 1.8494195e-06 8.643767e-13 0.18368022 7.2333887e-07 3.0066215e-07 0.002799816 1.2379372e-06 0.4136439 8.490378e-07 0.00015247727 1.1620032e-06 0.0004061561 5.0034196e-06 8.683543e-07 7.784026e-07 6.5703347e-07 0.10452458 3.1927202e-06 0.00030996473 9.2531974e-07 1.1546384e-06 0.48082504 1.98485e-07 0.15341635 0.9071311 1.0539002e-06 0.87247944 0.5877709 2.9779932e-07 2.264594e-07 0.120768055 2.699769e-07 8.1788685e-06 8.256127e-05 5.9073155e-08 0.005029126 4.509397e-06 1.03383364e-07 5.5834157e-08 0.012861032 4.2622406e-07 0.3548147 7.832943e-07 2.5836304e-08 0.08646722 1.0235657e-08 0.073549554 5.1705467e-08 0.113412976 7.7238997e-07 0.060248386 0.007094159 0.0017805516 0.007429165 1.4764191e-06 6.337839e-07 5.4205964e-07 0.002716558 0.0015322267 2.2548208e-07 6.843609e-07 2.1872843e-07 8.495394e-08 0.00025283342 0.0010582401 0.049083274 0.00047810192 0.00010709909 2.7595847e-06 0.0004971869 6.268776e-07 0.0016695157 4.9028156e-05 6.817482e-05 2.2683224e-07 1.0122102e-06 4.3314714e-05 4.6806068e-05 0.0002445547 4.1776337e-07
0.9837755 0.023413273 0.009391201 0.4655006 0.07163219 0.00034094727 0.004553138 0.45629773 0.12622526 0.008612842 0.00022933359 0.00037471738 0.042646445 0.0007165304 0.0021030377 0.9904198 0.042039942 6.38759e-05 7.099932e-05 0.0012067335 4.4731285e-05 3.299783e-05 0.18368022 3.1271168e-12 1.6168218e-05 1.8506942e-05 0.5034191 3.5082012e-05 0.00522333 1.4485719e-05 0.004725869 4.1300536e-05 0.04289702 0.0005493211 2.1420542e-06 9.251331e-06 0.00018447144 0.0005345332 8.46696e-07 0.012151495 9.2463975e-05 4.537119e-05 0.006356629 1.8533507e-05 0.87657773 0.25725386 6.0675707e-06 0.04739314 0.5650943 8.309212e-06 1.2431707e-05 0.0009677553 3.596693e-06 0.0026050075 0.003691742 5.8396483e-07 0.00018518357 4.751589e-06 1.3571039e-06 1.2149442e-06 0.6433108 4.2533343e-06 0.15958656 2.787684e-06 2.6995323e-07 0.13258521 6.472392e-08 0.35088572 1.9333594e-07 0.06077515 8.4285716e-07 0.11891401 0.0004883241 0.0001807667 0.00077174394 0.00015515828 9.225415e-07 5.317481e-07 0.00012769463 0.00014182318 5.072288e-05 0.00010822883 1.7937046e-07 9.683687e-08 0.005214692 3.643269e-05 0.01941835 2.6879774e-05 2.9906787e-05 4.5080075e-08 0.0053753215 1.681923e-07 0.0005019239 5.0432536e-06 0.001586194 5.1113807e-06 4.120464e-06 2.7009151e-05 2.5821873e-06 3.0968447e-05 5.8605283e-06
0.90053076 3.3878632e-06 5.680506e-06 4.8082184e-06 3.1616884e-05 3.2071332e-06 0.0022553792 1.3124301e-05 1.8913289e-07 2.8530844e-06 0.0004356332 0.006875292 0.004356208 2.4280305e-07 0.089643575 2.2456725e-05 1.2864974e-06 0.25547987 0.027266791 1.9772785e-06 0.13247614 0.99159247 7.2333887e-07 1.6168218e-05 1.2019421e-12 0.6183015 0.008408799 0.74950665 2.4559603e-07 0.8411414 0.2463122 0.6868229 0.014532663 0.37262535 0.84076846 0.6558574 0.31944925 1.5851747e-05 0.052883096 0.047360234 0.26809382 0.14143331 1.3235186e-07 0.05956986 4.768224e-05 7.639055e-07 0.43234593 1.2204143e-07 6.799298e-06 0.021675618 0.023236878 1.328269e-07 0.012687301 0.085047446 0.0631386 0.07296145 3.3352023e-06 0.020369345 0.0021106317 0.00079635676 0.0015778943 0.0026372883 3.018736e-06 0.006146308 0.010731187 7.009918e-05 0.0004943732 0.0001988671 1.1269112e-05 1.770535e-05 9.2503484e-05 0.00032886755 5.4404964e-06 1.2549197e-06 1.711023e-07 0.0010523726 1.754697e-05 2.767179e-05 1.0968143e-06 4.156835e-06 0.0007956519 0.0008230652 3.4121201e-06 1.1126686e-05 0.0040408424 6.110253e-07 1.9408766e-05 1.3985922e-06 3.4429474e-06 7.649429e-09 0.0035208557 2.428356e-06 5.7843596e-07 1.1174486e-07 0.002337113 1.4216585e-05 2.0900852e-05 3.1388078e-07 1.2311791e-06 5.628198e-05 7.829505e-06
0.6111876 2.9070367e-07 3.1133447e-07 1.7731067e-07 2.2845015e-06 5.85195e-06 0.0057265693 2.6493228e-06 4.3011685e-08 1.4150926e-07 0.0005860213 0.007332148 0.0030540957 1.7411471e-08 0.094677955 1.6757724e-06 8.102714e-08 0.8615102 0.17943318 1.3517132e-07 0.89227366 0.6275918 3.0066215e-07 1.8506942e-05 0.6183015 6.194949e-15 0.001448132 0.23532352 6.346322e-08 0.27552062 0.06663078 0.16306238 0.004703067 0.11659345 0.94211733 0.29190233 0.06879091 5.1272814e-06 0.9887168 0.010564189 0.046245936 0.042620618 2.0220375e-07 0.03382558 6.776111e-06 7.5886345e-07 0.3313606 7.6825324e-07 1.4999139e-06 0.008628377 0.0140782 5.7465644e-07 0.032660972 0.008010943 0.008812328 0.053514414 8.356554e-07 0.11528665 0.003728004 0.0005369069 0.0005089424 0.008847484 1.347469e-06 0.009495538 0.0024922846 1.12218695e-05 0.00024520463 3.138562e-05 1.5063224e-05 8.438316e-06 0.00036141084 0.000118721786 5.0011363e-07 1.7475027e-07 2.581302e-07 0.00055240805 2.8380464e-05 1.763096e-05 5.474621e-07 4.400404e-07 0.00027142043 0.00020066416 7.9250646e-07 1.2962915e-05 0.0024190757 3.429565e-07 1.3231135e-05 3.527572e-07 2.2421865e-07 2.2745535e-10 0.001387359 1.4539495e-06 7.682258e-06 5.679945e-09 0.0008193213 2.1322712e-06 1.0888803e-05 2.2329072e-08 4.6197645e-08 0.00051339756 9.569957e-06
0.96299666 0.012795799 0.016053654 0.027095601 0.18031482 0.001396601 0.18776257 0.5629896 0.006955457 0.0003500863 0.0036825694 0.017798014 0.91368616 1.7753335e-05 0.290619 0.19325963 0.0068770265 0.028783284 0.00605986 4.928026e-05 0.0033438415 0.015234348 0.002799816 0.5034191 0.008408799 0.001448132 1.4466497e-13 0.0039258925 0.00047115647 0.001828732 0.50527906 0.007691734 0.975123 0.035500806 0.00055085326 0.0015117934 0.013302521 9.7578e-05 0.00021200748 0.5916763 0.0061154654 0.0020495981 0.000108162276 0.00037164567 0.31766593 0.007345186 0.0003482313 0.002317453 0.016789833 0.00015568401 0.00017289622 7.0025955e-05 9.4576746e-05 0.07552351 0.08785665 6.635338e-05 3.924206e-05 5.2065327e-05 1.888078e-05 1.46201055e-05 0.82780796 4.408747e-05 0.015520099 1.2998325e-06 5.176655e-06 0.03456584 5.804281e-07 0.09191915 7.3300527e-07 0.011573604 4.764517e-06 0.030396681 9.876174e-05 0.0008658504 5.5932032e-05 0.00015864291 1.3704413e-06 5.707668e-06 0.000104360355 0.00019432462 9.181749e-05 0.0001228204 7.9258274e-07 1.5793094e-07 0.010331681 2.7395894e-05 0.0043544862 3.2898201e-06 1.954061e-05 3.6831064e-08 0.010158968 1.0316666e-06 1.9198842e-05 8.589959e-07 0.009154157 2.2673114e-06 5.321751e-06 2.8078819e-06 1.4527379e-06 0.00011846594 5.142874e-06
0.8087328 2.4032668e-06 4.40188e-06 1.006372e-05 1.1257372e-05 1.6880042e-06 0.0001029467 6.1412366e-06 3.9823055e-07 1.9329511e-06 7.1057846e-05 0.0007721286 0.0008022147 2.369006e-06 0.01151252 1.4735335e-05 5.113672e-06 0.06769979 0.0021807735 1.1304261e-06 0.025658641 0.33694956 1.2379372e-06 3.5082012e-05 0.74950665 0.23532352 0.0039258925 1.9274568e-13 4.812992e-07 0.97920626 0.17065762 0.9627572 0.0076632374 0.27537617 0.5649806 0.81454897 0.23590635 1.2490292e-05 0.014293669 0.02098431 0.5227859 0.5297981 2.7578784e-07 0.23522884 0.00015046002 4.1639507e-07 0.26652813 3.1302045e-07 2.5760371e-05 0.06447713 0.057771444 3.2674748e-07 0.031908438 0.10607702 0.0317885 0.04733994 1.6465731e-06 0.021295559 0.003216911 0.00085947657 0.002239696 0.0039227693 1.8264067e-05 0.0048580253 0.005321728 0.00012190111 0.0012486994 0.00023377249 1.7803606e-05 5.970002e-05 3.766095e-05 0.00015017016 1.103406e-06 6.583877e-07 1.9198639e-07 0.0019362472 2.336257e-05 5.524683e-05 4.6105635e-07 1.907726e-06 0.002286083 0.0008660032 9.417627e-06 4.0553776e-05 0.00604835 3.34431e-07 1.7166933e-05 3.6823442e-06 6.39438e-07 3.9387453e-09 0.0030236747 6.1851833e-06 4.4870274e-07 4.7699494e-08 0.0022989318 3.6510566e-05 2.0132882e-05 2.126162e-07 7.428951e-07 0.00014544238 4.54873e-05
0.8990263 3.1234773e-05 2.0719945e-06 0.0021470836 1.5335905e-05 5.598975e-06 4.0042374e-07 0.00013365828 0.070430465 0.014099665 6.5710337e-06 3.8410883e-07 5.1134425e-06 0.05968426 9.040839e-07 0.0038324888 0.69489056 4.3006625e-07 4.861981e-07 0.57131207 1.0373809e-06 1.6243933e-07 0.4136439 0.00522333 2.4559603e-07 6.346322e-08 0.00047115647 4.812992e-07 3.3023927e-14 3.2603498e-07 0.0001376841 8.5342714e-07 0.00018745082 3.7997997e-06 9.3542255e-08 3.624677e-08 1.2535172e-07 0.97714996 2.1003748e-06 6.259552e-05 3.9251185e-07 6.8746346e-07 0.9044075 6.82045e-08 0.017501457 0.4760889 1.5957603e-07 0.49982992 0.05610892 2.1252617e-07 6.540673e-08 0.9611785 4.065963e-08 2.5125564e-06 2.2284846e-06 7.200918e-08 0.25644666 8.620837e-08 2.676577e-08 9.179162e-08 0.0010147198 3.6796393e-07 0.066592336 3.1424959e-06 3.66895e-08 0.032147437 7.688015e-09 0.013285131 1.0147559e-08 0.12273154 3.660918e-08 0.029399551 0.42371306 0.20811655 0.24471173 1.9576159e-07 2.1036662e-06 1.1069368e-06 0.037789915 0.02020378 4.2394697e-07 3.4886733e-07 4.5095751e-07 1.9772578e-08 0.0009099551 0.013132578 0.20293537 0.036233224 0.010992355 3.1878353e-05 0.00041461614 9.0439045e-08 0.06940629 0.0016194576 8.610276e-05 2.3276705e-07 2.459515e-06 0.0010273162 0.0014517831 6.4924265e-05 1.4323085e-07
0.6898191 6.410591e-07 3.5718256e-06 2.111014e-06 1.1471534e-05 1.3470553e-06 9.478324e-05 5.750235e-06 2.0462375e-07 2.4183237e-06 3.4211018e-05 0.0006592447 0.00050984236 6.281271e-07 0.0071230186 1.2824104e-05 1.6862537e-06 0.05890761 0.0028369857 1.591083e-07 0.025311926 0.14980565 8.490378e-07 1.4485719e-05 0.8411414 0.27552062 0.001828732 0.97920626 3.2603498e-07 1.3063839e-12 0.041284822 0.6870622 0.00259983 0.09567245 0.55726826 0.96710795 0.10549011 2.3501949e-05 0.023328487 0.0094432365 0.27097178 0.3085193 5.132186e-07 0.17776504 1.8470955e-05 4.1016978e-07 0.35195506 7.3907884e-08 3.0804483e-06 0.053784996 0.057834964 5.557531e-07 0.06800798 0.02751738 0.01560401 0.073380366 4.617003e-06 0.02508184 0.0074567124 0.0019086262 0.00058601797 0.009901963 1.5299989e-06 0.0052406867 0.010842404 2.5492396e-05 0.0025658987 5.0646024e-05 0.00017861897 6.537755e-06 0.00020518372 0.00013238564 1.8810769e-06 1.3959991e-06 8.07992e-08 0.0025859554 2.4840361e-05 0.00016046567 1.5876583e-06 5.986847e-06 0.0013475849 0.0006909254 3.1211785e-05 4.4226435e-05 0.004220068 6.3903803e-07 3.856584e-06 2.14588e-06 9.795682e-07 3.9828256e-09 0.0028869142 1.1385107e-05 1.9323988e-07 3.462638e-08 0.0014962609 5.1355353e-05 8.1940496e-05 6.61959e-08 6.9402853e-07 5.8213445e-05 2.6237954e-05
