7.9971853e-16 0.06794464 0.7960069 0.031850863 0.35686997 0.4019045 0.00032097066 0.76343554 0.9146435 0.9384747 0.0011587056 0.90956235 0.02806305 0.67512 0.016427774 0.9517695 0.84001905 0.003216241 0.00069695496 0.35578284 0.79120207 0.70858175 0.050028443 0.0017254917 0.09735878 0.4620351 0.79542905 0.81132436 0.9315962 0.9352903 0.9149259 0.02802211 0.965369 0.98328304 0.37692925 0.7656746 0.95438963 0.7344586 0.9060341 0.894506 0.9626505 0.9607362 0.30559134 0.1408367 0.51129943 0.6578295 0.912451 0.9150976 0.30925518 0.98271537 0.9124596 0.98979497 0.96909845 0.9844733 0.9626229 0.98500943 0.98633534 0.9108798 0.7375814 0.92329335 0.0032750592 0.55090135 0.75174993 0.42892763 0.9316942 0.9280656 0.9898803 0.9999795 0.94127285 0.63938355 0.7025972 0.0012529227 0.80553997 0.9999686 0.913842 0.43022084 0.70766914 0.9767674 0.27240548 0.86999655 0.7578461 0.99990404 0.9652771 0.9869078 2.2506252e-05 0.0015558229 0.9286567 0.72505516 0.9481518 0.02970485 0.6599043 0.87526125 0.34421298 0.59287333 0.9999821 0.20109098 0.9938213 0.29872626 0.071204476 0.9962657 0.1853356
0.06794464 5.2920385e-13 0.9935355 0.99771184 0.5934883 0.24254689 0.6711981 0.025970455 0.21034728 0.09746856 0.28228498 0.04048853 0.028003791 0.0018824704 0.0013035003 0.051794298 0.001301591 0.00027157602 0.00089230057 0.00035053084 0.00040862316 0.00023198267 0.004450053 0.0001161724 0.00010246108 4.4228605e-06 0.011996457 5.668938e-05 2.83147e-06 0.00091126293 8.16466e-06 8.51576e-05 5.317426e-05 0.033522505 0.00043744 0.0048056883 0.0012947725 7.3582094e-05 0.004300876 1.7704513e-06 5.4386423e-05 9.419872e-06 3.8022594e-05 0.0013151923 2.7653043e-06 2.4637136e-05 0.002363607 1.7796723e-06 2.5845904e-07 0.0007748805 1.6572802e-05 0.0024640947 0.000162983 0.00045322842 2.8233366e-05 1.6924339e-06 0.00012162113 1.948878e-05 5.049577e-06 1.2619272e-06 2.2721254e-06 4.93776e-05 5.0016924e-06 2.5667967e-07 9.714962e-06 1.9954253e-07 8.94732e-05 0.00021759051 3.0389294e-06 8.9546353e-07 5.458356e-07 8.107941e-06 8.991505e-06 3.1626776e-05 2.3132345e-06 3.1334853e-06 1.10168855e-07 3.2203732e-06 4.8516868e-06 2.4243946e-06 7.738052e-06 2.1240403e-05 9.295498e-06 1.9914465e-05 2.5316504e-07 7.4807616e-08 6.883705e-06 7.373828e-06 2.6685843e-06 7.9570036e-08 1.2379857e-06 2.269217e-08 4.5116485e-07 2.3151808e-06 0.0004400898 2.8404788e-06 9.5757905e-06 6.263942e-05 1.7404642e-05 1.2455558e-07 1.3210243e-05
0.7960069 0.9935355 5.063932e-14 0.8390653 0.9274621 0.65828544 0.1862757 0.3777008 0.9246878 0.07565936 0.04121518 0.53688216 0.04894048 0.0031977773 0.00052635546 0.5970592 0.008435685 0.000225106 0.00027435756 0.00056245626 0.001468696 0.00039291882 0.0071772663 2.8902294e-05 2.362951e-05 1.5190714e-06 0.24093667 0.00028388682 1.5540218e-06 0.008915117 1.2236215e-05 0.00022313792 0.00011693268 0.45080835 0.00812979 0.10134421 0.028883394 0.0009070141 0.10707733 3.7278812e-07 0.0002352638 1.8314844e-05 2.9471696e-05 0.0006697563 7.934321e-07 0.00032194462 0.05282979 1.5725538e-05 2.3566201e-07 0.015043966 5.9363324e-06 0.047188584 0.0070292386 0.010166441 0.00025033695 5.6110448e-08 0.000963284 1.2468887e-06 3.844167e-05 2.0813998e-06 5.4107386e-06 7.175661e-05 2.1520455e-05 1.4005336e-07 6.247767e-05 4.7750653e-08 0.0014277203 0.006155066 6.7387525e-08 5.274961e-06 2.1159982e-08 1.3047862e-05 3.5486846e-05 0.00044666944 1.1526816e-07 9.686436e-07 6.423589e-09 1.9617408e-05 1.2384202e-06 1.5932497e-05 8.433895e-07 0.00015963304 5.648612e-06 0.0004241387 1.6796204e-06 3.1368188e-08 1.0667504e-06 7.0893266e-06 2.7113722e-07 1.6839775e-07 1.175436e-06 8.320863e-09 1.4559092e-07 5.3794465e-06 0.0011118461 3.3182798e-06 5.431802e-06 8.0651815e-05 5.418948e-05 6.088028e-07 7.060748e-05
0.031850863 0.99771184 0.8390653 1.5424491e-17 0.31136057 0.036400143 0.078263536 0.008815573 0.3812362 0.777198 0.88824004 0.021675432 0.8093274 0.00029941363 0.00010614248 0.0387293 0.00027876417 3.7269374e-06 0.01374513 6.0961338e-05 9.905443e-05 0.00010216982 0.058462873 9.127624e-06 4.5347897e-06 4.3736074e-07 0.3205167 2.3682209e-05 8.8172607e-07 0.00019913353 1.1136409e-05 0.008538839 2.5014422e-05 0.068619505 0.037264775 0.021953875 0.00037819587 0.0017814435 0.010077349 1.1775643e-06 9.104125e-06 3.7868105e-07 0.00028087688 0.0051143095 4.7794873e-07 0.00082726625 0.0032535803 4.169876e-05 2.4598212e-05 0.0003259242 1.9546444e-07 0.0006700687 0.00024254445 0.00038845433 4.4972454e-05 8.517546e-05 8.971342e-06 0.000110066096 2.7403037e-06 1.849821e-05 6.4162117e-07 0.0012433041 4.4574595e-08 3.627845e-08 7.442126e-07 2.4255598e-08 3.081311e-05 0.000102338905 1.143242e-06 3.6674844e-06 3.7493185e-06 7.4199517e-07 7.380888e-07 7.043491e-05 3.4331948e-05 5.0623066e-06 2.628411e-07 1.1161736e-05 9.133806e-06 1.0982429e-06 1.3569952e-08 4.1052144e-06 7.557921e-08 2.115366e-05 1.5329673e-09 4.906038e-09 1.4056559e-05 5.2569193e-09 3.9616484e-06 3.8651905e-07 2.8572105e-09 7.8502e-08 4.0929217e-07 1.3175202e-07 0.00040189156 5.933103e-09 2.4439803e-06 1.6707021e-07 1.3633149e-08 4.2649285e-07 2.724111e-07
0.35686997 0.5934883 0.9274621 0.31136057 9.34648e-13 0.9951455 0.03881654 0.814301 0.9316007 0.01842173 0.0025404347 0.7121361 0.03487177 0.0053611533 0.0024670984 0.49732402 0.0072733155 0.00019310424 4.504452e-05 0.00018657529 0.0011141935 0.00021157101 0.0008959646 3.7330133e-06 1.681531e-06 2.9459115e-06 0.008458701 7.71141e-05 2.6820098e-06 0.008949501 3.4611385e-05 7.818816e-05 0.000111417496 0.17774741 0.00012185996 0.0073765786 0.02603079 0.00014977784 0.008220533 7.79427e-07 0.0005954434 9.96135e-06 1.3835187e-05 0.00010849535 3.2971275e-07 4.4839006e-05 0.012877497 7.0387937e-06 3.1883264e-06 0.020589586 6.6048415e-06 0.047876492 0.0006562204 0.00428735 0.00013286487 3.1661267e-07 0.00062827097 1.0176586e-06 1.9250967e-05 1.5218475e-05 1.1224862e-06 2.6939466e-05 4.448262e-06 1.6631867e-06 2.7871642e-05 5.625064e-07 0.0010562497 0.0031976886 4.9658787e-08 1.9717972e-06 4.0386422e-07 9.302353e-06 8.963698e-06 0.00064356753 4.283614e-07 1.2263682e-05 6.107297e-08 4.2404325e-05 6.0973543e-05 3.578672e-06 1.9709258e-07 2.8298495e-05 1.6628107e-06 0.0003244471 5.1368474e-09 1.4015049e-07 5.334311e-06 6.8024046e-06 4.496749e-08 9.512286e-06 2.2924772e-07 2.532667e-07 2.8238105e-07 4.5226275e-06 0.00097544043 6.057363e-07 1.0753769e-05 6.0039315e-06 2.951391e-07 6.9719954e-07 7.681012e-08
0.4019045 0.24254689 0.65828544 0.036400143 0.9951455 8.761364e-14 0.14660169 0.9558883 0.81215155 0.0037238984 0.0009119437 0.80456084 0.010486923 0.027594367 0.015229023 0.3946061 0.04582399 0.0008221857 2.3671913e-05 0.00033483424 0.003920198 0.00046384856 0.00024697065 1.3265438e-05 1.1861081e-05 1.2999758e-05 0.00075177697 0.00014692501 1.0351252e-05 0.025363002 4.0798514e-05 3.6166064e-05 0.00019511142 0.12782037 5.242548e-06 0.0030332806 0.058245186 9.204988e-06 0.0053202896 1.7758389e-06 0.0010736135 1.8530609e-05 3.154686e-05 8.222625e-06 5.0934125e-07 1.5642576e-06 0.008735311 1.6327071e-07 5.701338e-07 0.028135689 1.074273e-05 0.063784376 0.00055061374 0.003286821 3.299147e-05 9.3706e-08 0.0014976306 6.567538e-08 3.4622324e-06 6.5651113e-07 6.920055e-07 2.5420986e-06 3.151378e-05 2.2633103e-06 6.431037e-05 2.3230234e-06 0.0011280037 0.0023763636 8.8298876e-08 4.9237417e-07 2.172177e-08 4.6297328e-06 5.006431e-06 0.0011814503 2.8060174e-07 3.688166e-07 1.961024e-09 5.9295257e-06 2.447807e-05 2.855123e-06 8.8578435e-07 0.00010418076 3.831443e-06 0.00026861005 1.7745268e-08 1.1809612e-07 3.18452e-07 6.0890357e-06 5.906797e-08 1.5846108e-07 2.3544796e-07 6.4866235e-10 3.7324327e-08 1.2350611e-06 0.00051057053 2.8661816e-07 2.0001733e-05 9.680262e-06 2.8445035e-07 2.820384e-07 4.3123103e-07
0.00032097066 0.6711981 0.1862757 0.078263536 0.03881654 0.14660169 1.0679859e-12 0.03060835 0.00075094897 0.00026622068 0.02257591 0.00068926887 0.00038780307 0.42126513 0.98539597 9.958381e-05 0.0016850539 0.8724315 0.00021079682 0.1235681 0.0005509665 0.0038440612 1.75044e-05 0.9716023 0.17182213 0.0024187944 3.6680963e-06 0.0003669556 0.0004057124 0.00026367122 9.7397824e-05 1.6067974e-06 4.317252e-05 2.6753638e-05 4.2494722e-07 1.8429877e-06 3.937221e-05 1.1012598e-07 1.1348451e-06 1.03061575e-05 3.7239101e-06 4.551835e-06 0.10763039 1.342429e-05 1.22212405e-05 1.7813778e-05 2.6138014e-06 8.490729e-08 3.676915e-08 6.8778786e-06 1.4261839e-06 5.360882e-06 2.1980295e-06 1.0449613e-07 2.8970896e-07 6.0546376e-05 3.7102186e-07 5.287626e-07 5.077534e-07 6.0269755e-08 0.00175167 5.4865304e-06 1.1357405e-06 2.7769918e-05 7.723454e-08 8.869076e-09 1.8296109e-07 1.8622632e-06 7.2729996e-08 7.610271e-08 8.5262045e-08 8.380285e-06 1.4459383e-07 1.5509015e-05 1.1468537e-07 7.7146495e-08 3.237897e-09 5.993068e-08 4.1672265e-06 1.2154725e-08 1.4671691e-08 9.38577e-06 7.729496e-08 2.8318861e-06 9.832038e-08 3.454215e-08 1.0360797e-08 7.634565e-08 1.2160206e-07 4.272857e-06 5.0398147e-10 8.2327695e-10 1.6832051e-07 6.8360656e-08 0.0001975556 2.0667437e-09 2.8983676e-08 5.648603e-09 3.6549508e-09 2.7760516e-09 9.509646e-10
0.76343554 0.025970455 0.3777008 0.008815573 0.814301 0.9558883 0.03060835 6.312478e-13 0.4992157 0.006988139 0.00067755557 0.9822056 0.0067047467 0.5865447 0.21141432 0.6696723 0.89284724 0.011128168 1.5547155e-06 0.017428687 0.20721278 0.030481048 0.00018123102 0.00013342522 6.3318344e-05 0.0001272771 0.00033821707 0.0017565984 7.466183e-05 0.44305697 0.00047931558 2.7528833e-05 0.002556256 0.19456388 5.1080865e-06 0.0025930852 0.5234663 4.7613466e-06 0.010446386 2.869744e-06 0.009966068 3.805292e-05 0.00010532742 1.7748129e-06 5.8374155e-07 9.3336627e-07 0.022192702 1.0730769e-07 1.9261113e-06 0.24513479 1.1326551e-05 0.29687032 0.0014197596 0.0065622507 3.14513e-05 9.378034e-07 0.0067271763 7.5360873e-07 4.4984527e-06 2.165513e-06 1.5172297e-06 2.1492868e-05 2.3258044e-05 4.067629e-05 0.00020327927 1.8108813e-06 0.0008215728 0.003876964 1.07516875e-07 4.60044e-07 1.987479e-07 1.3648233e-05 5.30026e-06 0.0025994857 3.6513072e-07 1.8811835e-07 9.422585e-10 9.134303e-06 2.1007065e-05 3.8823378e-06 1.7398692e-06 7.239427e-05 1.775507e-06 0.00024818873 4.3300197e-08 8.8542905e-08 5.449597e-07 4.514638e-06 1.8717373e-08 7.831215e-06 2.106506e-07 8.313028e-09 1.9525761e-07 3.4830248e-07 0.00042731225 1.4759355e-07 9.304366e-06 4.6322107e-06 1.4992997e-07 1.6288936e-07 3.5458464e-07
0.9146435 0.21034728 0.9246878 0.3812362 0.9316007 0.81215155 0.00075094897 0.4992157 2.1131144e-12 0.27037016 0.0029979993 0.8586007 0.098454125 0.004961125 0.001171547 0.9635863 0.015037685 2.413864e-05 5.058708e-05 0.00013301104 0.0016590292 0.00016949586 0.015685435 8.084398e-06 3.1902744e-07 6.5773884e-07 0.1205239 1.9914656e-05 9.531951e-07 0.034685526 3.0489011e-06 0.0009257272 2.822634e-05 0.91902614 0.0033807452 0.1949969 0.24410026 0.0009737321 0.307918 2.9949052e-07 0.0011912088 1.1724433e-06 7.894661e-06 0.00024702604 6.642571e-08 6.8219306e-05 0.31879005 2.3992057e-05 3.4557177e-06 0.26548555 5.624881e-07 0.48291942 0.06543847 0.08098617 0.0016886026 2.7218053e-07 0.001296495 5.306294e-06 4.1990595e-05 7.99559e-05 2.4296462e-06 0.00012487237 1.8363944e-06 9.058873e-06 1.8019588e-05 4.2840264e-07 0.008731751 0.036772035 3.901058e-08 7.406488e-06 2.4229014e-06 8.6880405e-05 3.135376e-05 0.0019457814 2.678905e-07 3.8034939e-06 1.3278512e-07 0.00032463155 1.4052176e-05 3.463466e-05 1.05077945e-07 8.878763e-06 3.2419453e-07 0.0020690928 1.1053635e-07 3.7576498e-07 4.125332e-06 1.3623685e-06 8.8790664e-08 1.7238017e-05 7.9604837e-07 1.5613856e-06 1.1099855e-06 3.3858367e-05 0.0013761282 5.835484e-07 2.951684e-07 5.475334e-06 6.526109e-07 9.7625325e-06 2.1208402e-07
0.9384747 0.09746856 0.07565936 0.777198 0.01842173 0.0037238984 0.00026622068 0.006988139 0.27037016 9.568631e-10 0.018629445 0.040149797 0.9655067 0.0012581607 1.29988775e-05 0.09615436 0.0011394797 5.373225e-07 0.016804378 0.00018848352 0.00074234034 0.00018005766 0.806911 7.781737e-06 1.071255e-05 3.7326322e-06 0.83908004 5.8332647e-05 1.0349717e-06 0.001701268 3.4520104e-05 0.66738236 7.457488e-05 0.55176455 0.5626388 0.47478065 0.0033606912 0.44017965 0.5453647 4.3699427e-05 6.4356136e-05 3.533697e-05 0.00013065564 0.19903271 5.8341215e-07 0.15224732 0.33676973 0.044742726 0.00651968 0.0045165974 7.250734e-06 0.011021626 0.58818704 0.06288812 0.10261095 0.00012341133 0.00011512838 0.0015243765 0.0051952987 0.010530634 5.3946613e-05 0.011857046 1.2914164e-05 2.5531008e-05 0.0001007473 1.3393809e-06 0.021288319 0.00835332 3.6070374e-05 0.0002953096 7.782498e-05 9.085586e-05 0.00061224075 0.00067766866 3.2985397e-05 0.0011251324 0.00053078757 0.0018302524 0.0001618827 0.0017542773 8.037351e-06 0.00037770995 3.376144e-05 0.019536661 1.02059325e-07 5.0946687e-06 0.00024139434 1.4640002e-05 1.1577869e-05 0.00015564513 2.1357847e-07 2.6275387e-05 5.3257872e-06 0.001323087 0.023946168 1.6119013e-05 1.1308945e-05 2.9234563e-05 5.986402e-06 8.1165774e-05 1.4122358e-05
0.0011587056 0.28228498 0.04121518 0.88824004 0.0025404347 0.0009119437 0.02257591 0.00067755557 0.0029979993 0.018629445 4.3032745e-17 0.0004256997 0.94695425 8.3268336e-05 1.6876968e-06 0.00031332555 1.1600814e-05 3.4550453e-06 0.99995863 1.6012455e-05 6.3597963e-06 7.752426e-06 0.0010472395 7.113761e-06 7.859695e-07 3.0299918e-07 0.0002575041 5.3425338e-06 3.593602e-07 7.039586e-06 3.5130304e-06 0.0011623491 2.1934206e-06 7.127843e-05 3.585713e-06 7.914823e-05 1.1468799e-05 5.524839e-06 1.51965605e-05 1.14752766e-07 1.4220549e-06 2.5549642e-07 7.235103e-06 3.8530106e-06 1.425204e-07 2.1844346e-07 3.4733441e-06 3.5735883e-07 5.5945204e-09 2.2126222e-05 7.901903e-07 2.7767217e-05 5.548298e-06 5.3307946e-07 4.973986e-07 4.797713e-05 2.2224147e-06 2.8992812e-07 2.2255046e-08 1.8152014e-07 4.941978e-06 2.554455e-05 4.952438e-06 2.7290555e-06 3.9808896e-07 7.9439786e-08 6.52056e-07 2.937784e-06 1.0905385e-06 3.3706023e-08 4.2235777e-07 4.824495e-07 1.1042046e-07 7.632214e-06 2.8614977e-07 1.2815759e-06 2.0500111e-07 2.377771e-07 9.081311e-06 8.758432e-08 6.2307413e-06 2.6593687e-05 1.5039697e-05 2.459196e-06 2.8922488e-08 5.354556e-08 3.1440322e-07 5.2716523e-06 2.2236009e-05 7.704841e-08 8.683312e-09 4.0271924e-09 6.2482295e-06 2.0817827e-08 4.5482135e-05 5.465121e-09 1.1673045e-06 9.858815e-08 1.5495606e-07 3.2511651e-09 1.5698356e-07
0.90956235 0.04048853 0.53688216 0.021675432 0.7121361 0.80456084 0.00068926887 0.9822056 0.8586007 0.040149797 0.0004256997 1.8137899e-12 0.010812175 0.15710367 0.034104384 0.9416531 0.42653978 0.0021469577 5.560842e-06 0.003509627 0.04772869 0.005615668 0.0004846205 1.5018527e-05 4.356789e-05 9.069173e-05 0.0035431646 0.00077173545 6.632055e-05 0.4101541 0.00029364735 0.0001476267 0.001392143 0.5746665 4.1066025e-05 0.0131798405 0.7746671 8.418591e-06 0.048153445 6.3954503e-06 0.01060085 3.3499666e-05 0.00011480285 4.714255e-05 6.4499454e-06 5.6980093e-06 0.11039925 4.945705e-07 9.3484687e-07 0.5152326 1.5068654e-05 0.5968024 0.0069804923 0.034934297 0.000110411136 3.1543775e-06 0.015579268 2.6674113e-06 1.300385e-05 5.22628e-06 2.189721e-06 4.9058843e-05 5.751899e-05 4.649988e-05 0.00039110958 2.9948296e-06 0.0028625212 0.014895544 2.6497636e-07 9.4386974e-07 1.5442313e-06 1.9497611e-05 9.808214e-06 0.004350331 1.848797e-06 3.4364604e-07 1.0029662e-08 2.4936277e-05 1.9401326e-05 1.8412775e-05 3.2266355e-06 7.42881e-05 2.7282852e-06 0.00092411344 6.8553774e-08 2.5464647e-07 6.631682e-07 6.5511986e-06 9.5248126e-08 7.50065e-06 9.2333545e-07 1.6448692e-07 3.2651977e-07 7.383926e-06 0.0009484108 7.8168915e-07 6.229154e-06 1.6034717e-05 8.05207e-07 6.977895e-07 8.020234e-07
0.02806305 0.028003791 0.04894048 0.8093274 0.03487177 0.010486923 0.00038780307 0.0067047467 0.098454125 0.9655067 0.94695425 0.010812175 6.916157e-16 0.00013611364 9.919859e-07 0.017608654 0.00021159402 3.1102763e-07 0.97828686 8.239644e-06 5.125065e-05 3.6321412e-06 0.8954413 3.6433248e-05 1.9763124e-07 6.7699386e-07 0.1720004 1.7000532e-06 6.3413336e-07 4.8011643e-05 2.0743335e-06 0.717896 1.2326066e-06 0.028808981 0.082834244 0.033126425 0.0006764493 0.011936396 0.01931262 7.6397505e-08 1.1222882e-06 1.4920948e-07 2.1281026e-06 0.00216723 4.27538e-08 0.0086004315 0.009559426 0.00075834803 1.27776175e-05 0.0008831047 1.5889404e-07 0.00174363 0.0030388879 0.0010461984 0.0005826979 2.8800461e-05 9.162117e-06 9.415413e-05 3.172391e-06 7.4887207e-06 3.7266374e-05 0.0017987316 7.339275e-08 4.0760615e-06 1.4431039e-06 2.0235372e-08 0.000198872 0.00057626475 6.3523254e-07 4.1059934e-06 1.598348e-05 1.8214998e-05 3.4249567e-07 0.00013180538 5.325314e-08 1.8557214e-06 6.138419e-08 1.1032972e-05 2.844056e-05 9.091693e-06 1.2240248e-06 1.705686e-05 3.0393846e-06 0.00014435596 2.9162624e-08 2.8791821e-06 6.4355095e-07 8.115517e-09 3.980379e-06 3.4701017e-05 5.1610556e-09 8.697052e-09 1.97362e-06 8.199239e-07 0.00045605993 1.5520534e-08 4.256617e-06 1.4308928e-07 4.396088e-07 2.2063091e-07 1.1054141e-07
0.67512 0.0018824704 0.0031977773 0.00029941363 0.0053611533 0.027594367 0.42126513 0.5865447 0.004961125 0.0012581607 8.3268336e-05 0.15710367 0.00013611364 2.3583132e-11 0.92530096 0.01328308 0.93957883 0.20430243 1.3958966e-06 0.974549 0.88596976 0.82114446 4.5832607e-05 0.0061685317 0.045764767 0.029513344 4.5357127e-05 0.23548374 0.02936342 0.5680702 0.0844477 2.8714112e-06 0.1253785 0.003048179 3.6746894e-06 0.00011988503 0.20118023 1.379664e-06 0.00022469612 6.527659e-05 0.014086259 0.003075721 0.0004912453 2.7655997e-06 1.8908964e-05 9.730355e-06 0.00032054304 1.17942825e-07 6.1658307e-06 0.07534752 9.8818266e-05 0.027925877 6.7105706e-05 0.00029172475 1.3515328e-05 1.1393753e-05 0.002290383 1.1212585e-05 4.743295e-06 3.825829e-07 3.203653e-05 0.00010061806 2.044129e-05 7.532926e-05 5.6602785e-05 4.4601578e-07 0.0002004985 0.000606561 2.6431357e-07 1.2821506e-06 3.676814e-06 9.483541e-05 1.4419606e-06 0.00032002406 1.15332156e-07 2.1549608e-06 8.317377e-08 2.3070577e-05 8.457442e-06 9.187915e-07 6.711869e-07 1.0886021e-05 4.020134e-06 0.00012521881 7.5569545e-08 3.9063934e-06 1.4438672e-05 2.2070722e-06 6.8871195e-08 0.00010569893 1.8387891e-07 7.849526e-08 1.0925538e-06 1.9095646e-06 0.0005642084 1.617084e-07 1.185615e-05 8.9583165e-07 5.851679e-07 1.9531983e-07 6.4232e-08
0.016427774 0.0013035003 0.00052635546 0.00010614248 0.0024670984 0.015229023 0.98539597 0.21141432 0.001171547 1.29988775e-05 1.6876968e-06 0.034104384 9.919859e-07 0.92530096 4.418184e-16 0.0025685697 0.1403989 0.97926575 1.185671e-08 0.7085628 0.16019127 0.18523091 4.1039304e-08 0.006038019 0.252366 0.0036573038 2.8678262e-06 0.04060991 0.0019095072 0.023829846 0.012218585 2.7120976e-08 0.007992926 0.00057842943 7.67798e-08 7.711473e-06 0.005269069 1.0262482e-07 1.9975465e-05 0.00028878447 0.0026843206 0.0024569833 0.0008400794 7.048167e-09 1.2390091e-05 8.783258e-08 0.00011456792 2.5132428e-07 1.2468024e-09 0.0017530923 4.464329e-05 0.0012624677 3.631923e-06 2.9097355e-05 1.4297503e-06 2.712702e-05 0.00044857507 6.679402e-08 4.8067005e-08 9.647038e-08 0.00029929113 1.8448789e-07 3.375194e-07 4.49078e-06 4.4178696e-06 2.4184674e-09 6.1336273e-06 0.0002991028 2.0971352e-07 1.758035e-07 2.2223826e-08 7.822022e-07 1.2006963e-07 1.416386e-05 2.182856e-07 4.778095e-06 1.2094259e-07 2.172668e-06 3.9797808e-07 2.6166583e-07 6.313205e-08 3.211335e-06 2.7491552e-07 2.7103382e-05 8.7186885e-10 1.9926555e-08 1.078652e-06 1.8057232e-08 5.567393e-07 1.8011302e-09 1.5501582e-10 1.512333e-09 1.2828451e-08 2.7493792e-08 8.169018e-05 1.9838164e-11 9.1204356e-08 8.897112e-10 1.7932325e-09 6.357646e-09 2.8126215e-11
0.9517695 0.051794298 0.5970592 0.0387293 0.49732402 0.3946061 9.958381e-05 0.6696723 0.9635863 0.09615436 0.00031332555 0.9416531 0.017608654 0.01328308 0.0025685697 5.704919e-12 0.0815254 0.00029489648 2.591042e-05 0.0007717981 0.014811092 0.002030681 0.0021190925 1.8539218e-05 1.18089365e-05 5.303233e-06 0.035928685 0.0003132389 1.8623175e-05 0.13674633 5.0424766e-05 0.00068209454 0.00043441102 0.9240231 0.0011061108 0.08564599 0.7742657 0.00019287087 0.250361 2.5965617e-06 0.00799659 1.606187e-05 0.00010090316 0.00014578483 2.3216217e-06 3.143475e-05 0.4265592 3.817554e-06 1.9193872e-06 0.68744916 6.115153e-06 0.7932838 0.05443159 0.16153002 0.00091856817 1.4380454e-06 0.014736917 3.841054e-06 6.28117e-05 4.055397e-05 1.0642045e-05 4.5661236e-05 2.8970926e-05 1.6659355e-05 0.00042350413 7.893946e-06 0.015649868 0.06700624 1.16363374e-07 7.4478035e-06 2.9882792e-06 3.9795083e-05 5.6295714e-05 0.006350612 1.4785101e-06 2.4268675e-06 4.4441318e-08 0.00039732186 1.5008963e-05 0.00012604984 2.3202117e-06 6.1011066e-05 2.443929e-06 0.004110637 9.580182e-08 4.0365788e-07 3.7681518e-06 2.0826059e-05 1.4290612e-07 1.5148601e-06 4.5820216e-06 5.523029e-07 4.7473202e-07 0.000198047 0.0021342987 6.3769235e-06 9.326105e-06 3.765226e-05 6.259048e-06 1.7199101e-05 5.644568e-06
0.84001905 0.001301591 0.008435685 0.00027876417 0.0072733155 0.04582399 0.0016850539 0.89284724 0.015037685 0.0011394797 1.1600814e-05 0.42653978 0.00021159402 0.93957883 0.1403989 0.0815254 1.9757298e-13 0.010708327 5.9267606e-08 0.22672443 0.9846514 0.47794327 0.00011302419 0.0004354727 0.0025447232 0.0073608765 0.00016018037 0.16478486 0.015094516 0.9041304 0.022268355 3.0431868e-06 0.07407351 0.019608876 5.810326e-06 0.0006451499 0.70580035 5.8245173e-06 0.0019638431 1.8765373e-05 0.090934575 0.0017416398 0.00023209266 2.4169103e-06 3.816855e-06 7.029902e-07 0.007149888 1.8213017e-07 8.301904e-07 0.44153908 5.0636994e-05 0.30510846 0.0005171808 0.006543313 3.1505668e-05 2.7180347e-06 0.02754378 2.9413962e-07 4.022892e-06 1.155545e-06 5.1206557e-06 7.503562e-06 1.012935e-05 2.4907564e-05 0.00063450605 5.459288e-07 0.0011956636 0.009171761 6.924065e-08 1.487032e-07 1.9332322e-07 1.7689705e-05 1.3988803e-06 0.0064548254 3.3215076e-07 2.1981394e-07 9.3370724e-09 4.636316e-06 4.1924345e-06 3.718495e-06 5.0430344e-07 4.1261013e-05 1.3647717e-06 0.0007417044 2.6433664e-08 1.2682291e-07 7.852263e-07 5.501788e-06 2.8856915e-08 5.4318643e-06 3.144872e-07 7.514683e-08 9.295072e-08 1.6039627e-05 0.0010188901 2.188457e-07 4.826471e-06 3.1276786e-06 7.5819577e-07 3.1352505e-07 1.0186659e-07
0.003216241 0.00027157602 0.000225106 3.7269374e-06 0.00019310424 0.0008221857 0.8724315 0.011128168 2.413864e-05 5.373225e-07 3.4550453e-06 0.0021469577 3.1102763e-07 0.20430243 0.97926575 0.00029489648 0.010708327 1.2516665e-15 1.0807997e-08 0.35258466 0.012852327 0.055502743 6.343635e-08 0.9509953 0.9433247 0.047351122 2.9060192e-07 0.026724698 0.009593904 0.0068379967 0.008788149 7.277398e-08 0.0038550033 0.000118901495 4.1077598e-08 1.1784349e-06 0.0012799742 4.9523532e-08 7.5322187e-06 0.0019461376 0.00062314246 0.0021322162 0.026049018 1.772045e-07 0.00116821 9.148534e-09 4.5351308e-06 5.9114205e-07 2.802371e-08 0.00038353202 0.00017242284 0.0003732965 1.4577593e-06 1.34311285e-05 2.0039822e-07 0.0007322242 0.00024431344 9.829595e-07 2.375961e-08 5.8973296e-08 0.001116489 5.9149126e-05 1.0272931e-05 0.00015428169 4.6993046e-06 2.5978383e-07 3.1815953e-06 7.6515316e-05 2.1709056e-06 2.8748815e-07 7.1212787e-07 1.5624679e-05 6.199392e-08 6.735923e-05 6.4916577e-07 6.6470075e-06 6.347036e-08 4.536485e-06 1.2063204e-05 2.39491e-07 7.7112696e-07 7.4669384e-05 2.7792334e-05 3.0121262e-05 1.0886561e-07 8.837668e-07 7.704302e-07 3.1167076e-07 2.8410211e-06 1.4855563e-07 4.9848556e-09 1.6464762e-09 2.2328508e-07 7.855757e-08 0.0002611771 2.7983917e-08 6.969619e-06 2.3855503e-07 1.5613506e-07 1.8535793e-08 1.8008906e-08
0.00069695496 0.00089230057 0.00027435756 0.01374513 4.504452e-05 2.3671913e-05 0.00021079682 1.5547155e-06 5.058708e-05 0.016804378 0.99995863 5.560842e-06 0.97828686 1.3958966e-06 1.185671e-08 2.591042e-05 5.9267606e-08 1.0807997e-08 9.010224e-16 5.138568e-07 2.4675945e-08 8.914754e-08 0.6121403 1.0872388e-07 3.3946725e-07 5.0762676e-08 0.00010991704 5.828413e-08 4.112832e-08 2.7005981e-07 4.4696026e-07 0.80692667 7.0661535e-08 2.118255e-05 1.2389488e-05 2.0442012e-05 1.4562738e-06 1.11803265e-05 1.383051e-06 1.5994029e-09 9.073311e-08 6.738547e-08 4.4421913e-06 0.0009972765 7.7196166e-10 4.999799e-06 4.698729e-07 1.6220829e-06 7.34397e-07 8.2816805e-06 8.7921755e-08 5.027349e-06 2.3798755e-06 1.3520251e-07 3.181976e-07 4.532457e-05 1.0578565e-06 9.998955e-06 3.0538436e-07 1.1179474e-07 1.2022862e-06 0.00010694793 1.4456474e-07 1.7301202e-06 2.0769084e-08 5.703307e-09 5.2851647e-07 1.6619224e-05 1.736682e-07 6.2386514e-09 2.5746616e-07 2.351107e-07 3.6190318e-07 0.00010863005 8.390449e-08 1.1512567e-07 1.0344303e-09 1.6208488e-06 3.4201148e-06 3.6121799e-07 1.0839419e-08 8.163851e-06 9.3689704e-07 1.7550736e-05 4.8609633e-10 4.6858524e-08 3.8794894e-07 7.850436e-09 6.1474447e-07 1.6251098e-06 1.8792128e-09 2.7083222e-09 2.9315261e-08 5.1438525e-07 0.00077958836 4.366305e-11 5.3844406e-08 5.7922036e-09 1.6034961e-09 2.5695297e-09 1.15920044e-10
0.35578284 0.00035053084 0.00056245626 6.0961338e-05 0.00018657529 0.00033483424 0.1235681 0.017428687 0.00013301104 0.00018848352 1.6012455e-05 0.003509627 8.239644e-06 0.974549 0.7085628 0.0007717981 0.22672443 0.35258466 5.138568e-07 3.802487e-11 0.339462 0.98785764 2.9299133e-06 0.028032133 0.5343132 0.42368174 2.6461501e-05 0.4660924 0.52751005 0.30545595 0.19035804 4.883813e-07 0.16731764 0.0003429268 1.582499e-06 1.9760977e-05 0.044057734 1.0794628e-06 4.839448e-05 0.0030891434 0.028457927 0.043165468 0.014450763 2.6134726e-06 0.0019502529 6.2468293e-06 7.691375e-05 2.2433714e-07 1.0868216e-06 0.015996726 0.0016871226 0.0051646163 2.2676066e-05 0.00019654496 7.0547812e-06 0.00077765033 0.009765393 8.2059705e-06 7.611527e-06 1.2608974e-06 0.0002998156 0.00013629277 0.0001477408 0.00030956476 0.00041253932 3.2658907e-06 8.5182364e-05 0.00044990104 2.6125754e-06 1.7524952e-06 3.2778993e-05 0.00012893004 3.4165519e-06 0.0015516243 3.7728946e-06 5.8126257e-06 7.072963e-08 3.0483503e-05 6.0273585e-05 2.7909198e-07 3.8612648e-06 0.00011792614 3.2850974e-05 9.077566e-05 3.2161117e-07 9.541552e-06 3.3592733e-05 1.0286215e-05 1.395434e-07 0.00015017418 5.094962e-07 1.14459304e-07 6.988228e-06 9.1331785e-08 0.00063469756 8.154844e-07 0.00011290342 8.461105e-06 4.3335067e-06 7.964641e-08 2.9110827e-06
0.79120207 0.00040862316 0.001468696 9.905443e-05 0.0011141935 0.003920198 0.0005509665 0.20721278 0.0016590292 0.00074234034 6.3597963e-06 0.04772869 5.125065e-05 0.88596976 0.16019127 0.014811092 0.9846514 0.012852327 2.4675945e-08 0.339462 6.089708e-12 0.8409395 6.6943096e-05 0.00085926225 0.00776668 0.02922762 8.0626975e-05 0.5904777 0.080724984 0.9400193 0.19676891 1.2801017e-06 0.35314327 0.007631527 1.0971872e-05 0.0002462632 0.5832722 5.0723097e-06 0.0006483612 0.00041758118 0.23919871 0.016532598 0.0012925235 7.2204894e-06 0.00015934254 1.8739396e-06 0.0029646896 1.0507533e-07 1.2145272e-06 0.29483724 0.00048394437 0.14093508 0.00045133574 0.0029834216 3.586618e-05 2.5340756e-05 0.088504806 2.5894597e-06 7.78937e-06 1.5663729e-06 6.521611e-05 4.395036e-05 0.00023155255 0.0001492961 0.0031647685 2.4788915e-05 0.000990228 0.0052325516 1.2188818e-06 7.670263e-07 1.769096e-06 3.4778506e-05 1.1825977e-05 0.010454899 3.7509026e-06 3.3646785e-07 7.646176e-09 4.0105897e-05 1.7131246e-05 9.061232e-06 2.1396665e-05 0.000248175 2.0830708e-05 0.000528839 6.628902e-08 4.337002e-07 2.1045412e-06 2.1440255e-05 2.2342675e-07 1.3775703e-05 3.2397954e-06 1.678393e-07 5.2589104e-07 2.3917282e-05 0.001166128 2.1165777e-06 2.2462553e-05 2.598359e-05 5.807074e-06 1.1419071e-06 3.612606e-06
0.70858175 0.00023198267 0.00039291882 0.00010216982 0.00021157101 0.00046384856 0.0038440612 0.030481048 0.00016949586 0.00018005766 7.752426e-06 0.005615668 3.6321412e-06 0.82114446 0.18523091 0.002030681 0.47794327 0.055502743 8.914754e-08 0.98785764 0.8409395 6.950325e-13 7.1426057e-06 0.0042963238 0.08470705 0.17199731 2.405086e-05 0.95056915 0.46367744 0.6069307 0.4739944 6.5586465e-07 0.42297673 0.0010312293 1.2116661e-06 9.838618e-05 0.13561171 6.3542944e-07 0.00015925866 0.007774813 0.12549701 0.09413304 0.0075319 8.166763e-06 0.0023821222 2.1779874e-06 0.00044451203 1.1252037e-07 6.8738024e-07 0.06292958 0.0026314433 0.021569014 4.332294e-05 0.00045844042 9.678554e-06 0.0002514721 0.036862757 7.3958445e-06 5.510437e-06 4.6838258e-07 0.00015836676 8.369012e-05 0.00034448394 0.00029460018 0.0015480511 1.4799948e-05 0.00013834456 0.0009385945 5.0821336e-06 1.4850175e-06 1.0403358e-05 0.00011346277 3.2430044e-06 0.0025320768 2.2683074e-05 9.461562e-07 1.9765226e-08 1.3133304e-05 5.3893134e-05 3.9704532e-06 1.561111e-05 0.00020046408 2.9804825e-05 0.00013088723 3.887152e-07 4.03649e-05 6.011563e-06 1.3415177e-05 6.596e-07 5.796716e-06 2.7613748e-06 2.3426983e-07 5.568808e-06 9.84592e-07 0.00046560186 1.6670806e-06 6.486463e-06 7.259169e-06 3.8665785e-06 9.085606e-08 4.2263622e-07
0.050028443 0.004450053 0.0071772663 0.058462873 0.0008959646 0.00024697065 1.75044e-05 0.00018123102 0.015685435 0.806911 0.0010472395 0.0004846205 0.8954413 4.5832607e-05 4.1039304e-08 0.0021190925 0.00011302419 6.343635e-08 0.6121403 2.9299133e-06 6.6943096e-05 7.1426057e-06 2.354162e-17 4.3199495e-07 6.3184935e-08 2.3467456e-07 0.26660606 6.352398e-07 1.868782e-06 1.15539115e-05 1.0470877e-06 0.9997988 1.1380596e-06 0.01813825 0.26495713 0.051096935 3.588294e-05 0.04488574 0.022699673 2.859844e-07 4.6556272e-07 6.6519284e-08 5.8761925e-06 0.11991177 3.941949e-08 0.16810974 0.009929287 0.0045367577 0.00022600859 0.00017089954 1.5297356e-07 0.00031720006 0.012462196 0.0005337955 0.0014816516 0.00043783712 4.49398e-06 0.00052685995 0.00026217682 0.00039734822 8.705454e-06 0.0015175092 9.0975895e-08 5.253877e-07 1.3983189e-06 4.286115e-09 0.00021141327 0.00021613308 2.594762e-06 1.3572005e-05 4.673537e-05 2.6782265e-08 3.881786e-06 2.7002894e-05 5.5292054e-07 0.000108846674 6.21749e-05 3.7796955e-05 4.2867428e-06 2.2251324e-05 9.687049e-08 6.453389e-05 3.2490716e-06 3.6773803e-05 1.1957699e-09 7.260664e-08 0.00021761333 1.8970256e-08 7.212672e-06 4.3003183e-05 1.5365965e-10 1.9906458e-06 1.7816394e-07 2.514569e-05 0.00092486147 9.613584e-09 8.641267e-06 2.2684687e-06 9.292568e-09 2.6824905e-06 2.059182e-08
0.0017254917 0.0001161724 2.8902294e-05 9.127624e-06 3.7330133e-06 1.3265438e-05 0.9716023 0.00013342522 8.084398e-06 7.781737e-06 7.113761e-06 1.5018527e-05 3.6433248e-05 0.0061685317 0.006038019 1.8539218e-05 0.0004354727 0.9509953 1.0872388e-07 0.028032133 0.00085926225 0.0042963238 4.3199495e-07 1.3003128e-13 0.810101 0.03642636 2.1434754e-07 0.0023164367 0.005050122 0.00048794373 0.0014735431 3.5790626e-07 0.00045930603 1.362027e-06 1.112589e-07 2.4736275e-07 2.9792689e-05 1.1064624e-07 2.409342e-07 0.006096494 7.162575e-05 0.00072747376 0.97804004 4.8542853e-07 0.015679058 1.3114367e-05 1.0070618e-06 3.5860938e-07 2.1960126e-07 1.4396682e-05 0.0001860916 7.756168e-06 8.059456e-06 1.7433513e-07 3.611474e-07 0.014072098 1.7284554e-05 9.704474e-07 2.8084228e-06 4.9234668e-08 0.04469367 4.230865e-06 3.4052562e-05 0.009231089 1.46817e-06 1.0871357e-06 6.415373e-07 4.0660566e-06 5.431445e-06 4.957012e-08 5.621326e-07 0.00011372384 7.139319e-07 5.6113637e-05 1.9484989e-05 2.626463e-06 3.50536e-08 6.1236824e-07 0.0004153469 2.476572e-08 6.555495e-07 7.318807e-05 2.1054739e-05 8.849632e-06 0.00023605287 2.597893e-05 1.1963472e-05 1.4761721e-05 4.5737415e-05 1.647345e-07 3.1641118e-08 1.6382854e-08 5.141899e-06 2.5399922e-08 0.00027910998 2.7168883e-07 2.4127442e-06 7.5879035e-07 2.1467988e-06 5.269948e-10 5.627172e-07
0.09735878 0.00010246108 2.362951e-05 4.5347897e-06 1.681531e-06 1.1861081e-05 0.17182213 6.3318344e-05 3.1902744e-07 1.071255e-05 7.859695e-07 4.356789e-05 1.9763124e-07 0.045764767 0.252366 1.18089365e-05 0.0025447232 0.9433247 3.3946725e-07 0.5343132 0.00776668 0.08470705 6.3184935e-08 0.810101 2.532593e-14 0.99465215 1.715087e-06 0.08951599 0.21969688 0.008257438 0.05778643 1.2211734e-07 0.024079952 5.7056033e-05 5.188826e-07 2.1097208e-07 0.0010895936 6.502588e-07 7.4776517e-06 0.08234791 0.003977539 0.03848261 0.62198234 1.3875713e-07 0.23179449 4.2466928e-07 6.345556e-07 3.5922056e-08 3.8029356e-08 0.0010131958 0.011297683 0.0005538101 3.6937436e-06 6.1673777e-06 5.4156203e-07 0.033275533 0.0015770061 4.526045e-06 4.3291962e-07 1.5841212e-07 0.012065309 0.00014744929 0.0022035865 0.0043993304 8.923638e-05 8.28829e-05 2.4547346e-06 8.4808366e-05 0.00080078194 3.1601674e-06 7.6048227e-06 0.00020895682 1.1352407e-07 0.000447001 0.0008003834 9.759502e-07 4.6525532e-08 2.5156494e-06 3.555562e-05 4.0052857e-08 2.301632e-05 0.00055797194 0.00029875414 2.2766835e-05 9.799714e-06 9.757549e-05 2.9426208e-06 4.2281386e-06 2.1029955e-05 3.2092714e-06 1.7770425e-07 8.740605e-09 1.22449e-05 8.612249e-10 0.00041991516 1.6080136e-07 5.0010458e-05 2.96104e-06 2.6243822e-06 6.5773746e-09 5.305803e-06
0.4620351 4.4228605e-06 1.5190714e-06 4.3736074e-07 2.9459115e-06 1.2999758e-05 0.0024187944 0.0001272771 6.5773884e-07 3.7326322e-06 3.0299918e-07 9.069173e-05 6.7699386e-07 0.029513344 0.0036573038 5.303233e-06 0.0073608765 0.047351122 5.0762676e-08 0.42368174 0.02922762 0.17199731 2.3467456e-07 0.03642636 0.99465215 2.8855962e-13 1.7671341e-07 0.30499113 0.99392146 0.048140217 0.24960262 1.0110163e-07 0.1340297 3.1558084e-05 1.5490923e-07 1.239155e-06 0.006437222 1.5925158e-07 5.1993698e-06 0.097228095 0.031546947 0.1788599 0.18559702 6.300274e-08 0.091958635 2.8325882e-08 6.3719017e-06 1.2889425e-08 3.4272098e-08 0.005839535 0.018354772 0.0015195829 3.491101e-06 1.2675811e-05 4.347143e-07 0.0049841464 0.015966572 7.609672e-07 9.90267e-08 3.0073252e-08 0.0011119272 7.654184e-06 0.00090731005 0.00025894053 0.0010582829 3.5611407e-05 6.9809143e-06 0.00015360693 0.00011442128 1.2365419e-07 4.6596782e-07 6.907811e-05 6.365524e-08 0.0010743022 7.08002e-05 4.4179595e-07 2.1550713e-08 4.657315e-07 2.3468945e-06 5.5988362e-08 1.18327225e-05 0.00046456483 7.75649e-05 0.00018628284 3.0139705e-07 5.7632764e-07 9.771312e-07 2.1488197e-05 1.90963e-06 1.1993797e-06 4.7394397e-07 6.2249224e-09 6.723504e-07 5.8839035e-08 0.00081927486 6.3182137e-07 5.715662e-05 2.341941e-05 1.3158734e-06 8.674851e-09 2.3176817e-06
0.79542905 0.011996457 0.24093667 0.3205167 0.008458701 0.00075177697 3.6680963e-06 0.00033821707 0.1205239 0.83908004 0.0002575041 0.0035431646 0.1720004 4.5357127e-05 2.8678262e-06 0.035928685 0.00016018037 2.9060192e-07 0.00010991704 2.6461501e-05 8.0626975e-05 2.405086e-05 0.26660606 2.1434754e-07 1.715087e-06 1.7671341e-07 2.9924082e-12 2.3535771e-05 3.509034e-07 0.00039573264 4.4206e-06 0.149556 1.1581515e-05 0.5334699 0.98242235 0.96411073 0.0017649212 0.23144427 0.61590666 1.0412244e-06 8.275092e-05 3.1052334e-06 3.0836596e-05 0.29036748 4.861026e-07 0.04946175 0.6013317 0.006910572 0.002601724 0.0050658877 3.7106977e-06 0.0364922 0.7564568 0.10598793 0.09567813 5.9491126e-06 0.00045397916 0.0013060967 0.0022381512 0.0018847797 7.806109e-06 0.0017147689 4.954928e-06 2.2975453e-06 1.8189567e-05 1.1127975e-06 0.020113003 0.0141167585 7.469855e-08 0.00025098046 4.3992626e-05 9.784852e-05 0.0006270947 0.00031397672 7.63785e-06 4.81212e-05 2.8828008e-06 0.0007240546 0.0001510793 0.00047523715 2.6138304e-07 1.2769346e-05 7.68428e-08 0.002684657 4.8315272e-08 3.7094205e-06 1.0659658e-05 5.132737e-06 3.327906e-07 7.1725785e-06 4.7403844e-07 4.7199495e-07 1.240216e-05 0.00020825575 0.0018849917 1.4516286e-06 1.8599293e-06 1.6494876e-05 1.4326192e-06 2.4415283e-05 3.9744444e-07
0.81132436 5.668938e-05 0.00028388682 2.3682209e-05 7.71141e-05 0.00014692501 0.0003669556 0.0017565984 1.9914656e-05 5.8332647e-05 5.3425338e-06 0.00077173545 1.7000532e-06 0.23548374 0.04060991 0.0003132389 0.16478486 0.026724698 5.828413e-08 0.4660924 0.5904777 0.95056915 6.352398e-07 0.0023164367 0.08951599 0.30499113 2.3535771e-05 1.0210235e-11 0.8795539 0.4556823 0.9878928 4.78256e-07 0.74686795 0.0007731425 3.1807156e-06 2.2408782e-05 0.11416776 2.1432027e-06 0.000104215236 0.08630819 0.39068842 0.17252709 0.00871569 3.2914977e-07 0.008300852 2.390441e-06 0.00036673847 6.418277e-08 7.77198e-07 0.10242836 0.008312641 0.028805554 0.00016739247 0.00114303 7.1012355e-06 0.0021420668 0.14043553 7.5958167e-07 3.2026524e-06 8.559131e-07 0.00017766266 9.6306714e-05 0.0006953659 0.00070915715 0.0063327765 0.00025162948 0.000333471 0.0016445878 2.0292608e-05 9.941765e-07 3.848141e-06 1.0728581e-05 3.9677207e-06 0.009736908 5.4043732e-05 3.1699457e-07 1.3953362e-08 1.3524895e-05 2.2896502e-05 8.3803366e-07 4.225444e-05 0.0004113156 9.219436e-05 0.00019698181 1.948259e-07 1.3712455e-06 7.0601054e-06 3.9063765e-05 4.8630613e-07 5.7885154e-07 4.9831287e-06 1.8347865e-07 1.2927786e-06 5.410051e-07 0.0013001488 1.4049126e-06 4.8419224e-05 1.5818767e-05 5.5892974e-06 6.266785e-07 5.6900158e-06
0.9315962 2.83147e-06 1.5540218e-06 8.8172607e-07 2.6820098e-06 1.0351252e-05 0.0004057124 7.466183e-05 9.531951e-07 1.0349717e-06 3.593602e-07 6.632055e-05 6.3413336e-07 0.02936342 0.0019095072 1.8623175e-05 0.015094516 0.009593904 4.112832e-08 0.52751005 0.080724984 0.46367744 1.868782e-06 0.005050122 0.21969688 0.99392146 3.509034e-07 0.8795539 1.2675706e-12 0.27252126 0.8100315 2.1632866e-07 0.5817353 0.00013519822 3.7905212e-07 1.2719423e-06 0.03398676 3.9443086e-07 1.2162014e-05 0.48363307 0.30744407 0.8527184 0.09873954 9.996837e-08 0.3298185 1.5351539e-08 1.8436234e-05 1.0243963e-07 1.6888334e-08 0.049529787 0.2537043 0.012782141 3.9368733e-06 0.00014765558 4.0962843e-07 0.017285412 0.20780714 3.5615173e-07 5.1368108e-08 8.051336e-08 0.0012705354 2.6351638e-06 0.0123518305 0.0027507774 0.03165128 0.0022451458 7.873364e-05 0.0016838667 0.0022369807 1.5939686e-07 1.0068327e-07 0.00012887227 4.072552e-08 0.023991955 0.00072190264 3.291915e-07 1.15344525e-08 1.7187317e-06 5.613801e-06 2.0391076e-07 0.00026692488 0.005358444 0.0009888398 0.00045652705 1.9622e-06 2.1363726e-06 3.156961e-07 0.00021468481 1.8359717e-05 2.1396929e-07 1.7404856e-05 7.146226e-09 9.3910387e-07 8.052715e-07 0.0018121211 3.322312e-05 0.0005470319 0.00034730398 5.597013e-05 2.581238e-07 2.0630301e-05
0.9352903 0.00091126293 0.008915117 0.00019913353 0.008949501 0.025363002 0.00026367122 0.44305697 0.034685526 0.001701268 7.039586e-06 0.4101541 4.8011643e-05 0.5680702 0.023829846 0.13674633 0.9041304 0.0068379967 2.7005981e-07 0.30545595 0.9400193 0.6069307 1.15539115e-05 0.00048794373 0.008257438 0.048140217 0.00039573264 0.4556823 0.27252126 5.2131997e-11 0.4193523 7.280918e-06 0.86458105 0.024845632 5.8832673e-05 0.0010326416 0.95678806 5.043958e-05 0.002951377 0.013113999 0.68889207 0.024105504 0.0032961736 3.865959e-06 0.0005526575 7.646203e-06 0.008968085 1.2260646e-06 9.841048e-07 0.76084185 0.0019279355 0.46814144 0.0010310154 0.018245894 0.00012856146 0.00054308836 0.34092236 5.1123407e-06 4.1285297e-05 1.2593995e-05 0.00011811365 0.00014573784 0.00017986819 0.00035975163 0.009229056 0.00027322903 0.0043056575 0.054085024 6.674487e-06 9.574406e-07 1.0520338e-05 6.499994e-06 3.0499235e-05 0.057736136 4.1275103e-05 3.870604e-06 1.5517654e-07 0.00019213029 1.6265698e-05 3.532626e-05 6.3530286e-05 0.00032214762 6.3253945e-05 0.0031476133 9.251225e-08 1.2616745e-06 2.710036e-05 5.301405e-05 2.1004869e-06 5.8738e-06 8.902232e-06 2.5903735e-06 1.1684394e-06 4.621653e-05 0.0036671283 1.4066643e-05 4.795851e-05 0.000105605126 2.7795408e-05 4.7418634e-05 6.3486434e-05
