1.5036219e-19 0.93387777 0.8404713 0.8815257 0.7977303 0.8391493 0.8027277 0.9292443 0.9565368 0.907397 0.96739936 0.8986835 0.7352157 0.42208126 0.9185437 0.891494 0.602682 0.6684637 0.83206743 0.8742708 0.8505605 0.44786295 0.6926266 0.25562608 0.9548662 0.9924821 0.9262463 0.105509706 0.9784331 0.59019667 0.81556195 0.37883326 0.9439491 0.77001417 0.016766544 0.98732525 0.022262773 0.017001482 0.021638373 0.7201958 0.022874689 0.9494377 0.87692374 0.7543592 0.029603919 0.25361857 0.0013113399 0.0022674305 0.9995598 0.2246272 0.25734237 0.93494534 0.9299629 0.74303484 0.010048851 0.92581356 0.10856931 0.8857698 0.87185675 0.9967095 0.79167455 0.92787147 0.88607246 0.9538282 0.90982044 0.9862252 0.00023199507 0.03073994 0.010590497 0.796983 0.014598512 0.99273616 0.86813563 0.32206595 0.0076665054 0.7775529 0.9931175 0.8543547 0.015069942 0.84554344 0.9758574 0.15149023 0.36119398 0.018783025 0.9156204 0.1515789 0.8806783 0.19568464 0.75715584 0.090983346 0.99999875 0.00063195004 0.13280575 0.7451955 0.1562414 0.9015992 0.008398889 0.98814815 0.9995485 0.97646314 0.994305
0.93387777 8.279427e-14 0.2962126 0.95102704 0.46864778 0.64819014 0.56893235 0.8066383 0.90219945 0.88302684 0.29772043 0.8282555 0.16942784 0.08645909 0.49132127 0.49173632 0.011565936 0.6050138 0.42814034 0.02143642 0.0139598 0.018907206 0.0015194729 0.3085138 0.10055485 0.18455811 0.0052002706 0.19864953 0.0023328478 0.00038472482 0.00015218367 0.004755332 0.00019665295 0.00093961327 0.024664843 0.0047290674 0.0017971569 0.06543123 0.0920847 0.00011819692 0.0001837232 0.00041039562 3.2134276e-06 3.4779005e-05 7.454309e-05 0.00036133538 0.0015526138 0.00306938 0.060233798 2.8737086e-05 5.4244232e-05 4.940522e-06 1.6181028e-06 4.3870122e-07 0.007191068 0.0004790798 8.279031e-05 0.001518437 2.6798426e-07 0.0078584105 1.2231549e-05 2.1361727e-06 0.00032063076 0.0009010021 0.012373985 1.984512e-06 9.2574606e-07 1.5512528e-06 8.3407824e-05 1.0938247e-06 3.0818294e-06 0.006351442 1.0752076e-07 1.7326178e-05 1.6994857e-06 1.6406206e-07 0.001134183 3.9974042e-05 5.5241406e-07 1.6814276e-05 0.00017933975 1.2835955e-06 7.6494655e-07 3.998981e-06 1.5048927e-08 3.192671e-08 1.3886006e-06 1.927197e-08 5.536057e-08 1.5439942e-06 0.008271853 3.406656e-07 1.7619544e-07 4.0342654e-09 7.1957156e-06 7.686835e-05 4.5695825e-07 0.00072788005 5.563263e-07 0.00012064051 1.2457043e-05
0.8404713 0.2962126 3.693438e-13 0.013548429 0.0014101652 0.0013680878 0.00094376726 0.001626189 0.8187212 0.017709566 0.988641 0.07343882 0.00019199275 0.98252356 0.0039703175 0.0059378953 2.5208716e-05 0.19403753 0.21097067 0.00022619707 0.40251693 7.2291e-05 9.870222e-05 0.0029678338 0.0673677 0.0065448266 0.00012520484 0.011357665 0.00011271019 1.9570954e-05 2.3303526e-06 0.6022655 6.0161397e-06 0.59526587 0.14318073 0.09523478 0.1524664 0.018540973 0.00022236275 1.5062842e-06 0.12908109 0.0316195 9.16969e-09 1.9302745e-06 0.04280945 0.117094524 0.0009917865 0.0006380786 0.087889396 0.015709313 8.108605e-06 1.4206385e-06 4.264898e-06 3.2429484e-06 0.00011088398 0.0010771235 0.010384579 0.0006435599 3.6191798e-07 0.048477378 8.600887e-07 9.431018e-06 0.0003643375 0.0019359676 0.0071500284 4.3533146e-06 6.983481e-07 1.0913548e-07 2.0198297e-06 3.1395216e-06 5.119908e-08 0.0077171237 1.2904001e-06 5.068497e-05 3.6746525e-07 7.0259574e-08 0.007969479 0.00011524459 3.8577427e-06 0.00014154159 0.000645925 8.550649e-08 1.0460762e-05 5.6725485e-06 8.302695e-09 1.5206012e-07 4.8317856e-06 3.438039e-08 3.1830902e-07 1.1255836e-05 0.03016973 4.474445e-06 1.9064937e-07 6.196602e-08 7.103176e-05 0.00017261764 2.0219642e-07 0.0012599318 7.0227015e-06 0.0004922634 0.00012380694
0.8815257 0.95102704 0.013548429 3.2443477e-15 0.63251144 0.7509385 0.6926193 0.95929927 0.38167247 0.88240105 0.007021973 0.65040994 0.39067197 0.009715279 0.5429517 0.65223575 0.076496765 0.3107189 0.13555968 0.08142516 0.0011421 0.056395553 0.0155491885 0.23488027 0.029748928 0.27795684 0.017512375 0.0857759 0.012060018 0.0017405654 0.0009720541 0.0010323934 0.00067201484 0.00020156176 0.0021899198 0.0007665083 0.0001747037 0.01091191 0.053781237 0.00089705084 1.6902766e-05 2.9910609e-05 5.3932003e-05 0.00031549885 1.4429781e-05 4.1022617e-05 0.0003029167 0.0012247424 0.034914643 7.844131e-06 0.0002547671 1.10162755e-05 4.037185e-06 3.3117353e-06 0.007962714 5.341976e-05 2.1663835e-05 0.0046586995 1.7020776e-06 0.0030388674 1.8733903e-05 5.6713743e-06 0.0016021435 0.0027529926 0.025467463 3.1586308e-06 9.908429e-07 1.7100005e-05 0.00029494514 1.1745584e-06 1.0492728e-06 0.014452341 1.1381752e-07 4.107564e-06 8.093628e-07 6.877776e-07 0.00042817052 2.8785591e-06 3.1475753e-07 2.8641198e-06 9.373425e-06 3.965112e-07 9.27154e-08 6.137586e-07 3.773247e-08 9.18247e-08 6.371333e-07 2.846779e-08 1.4934066e-08 1.8869179e-06 0.005691916 4.627457e-07 3.6062378e-08 9.29356e-09 2.8072661e-06 0.0005259889 1.8869402e-07 0.0014529653 4.396675e-07 0.0011352322 6.3879617e-07
0.7977303 0.46864778 0.0014101652 0.63251144 2.5514834e-17 0.984098 0.9865441 0.7914822 0.013616654 0.51857454 0.00025040787 0.055569515 0.7127308 0.00040807054 0.803282 0.47866786 0.2283088 0.02439606 0.005130195 0.4358108 0.00012203428 0.25993982 0.03531868 0.15969126 0.0014895642 0.082807116 0.0876834 0.009002086 0.065003306 0.0036997867 0.0013082938 0.00010814031 0.0043868935 1.24932585e-05 0.00059363246 1.833898e-05 7.959775e-06 0.0024797595 0.0367848 0.0005441283 3.074036e-06 7.835607e-06 1.3402773e-05 0.00040511158 1.6450412e-06 8.4273023e-07 0.0002879243 0.0019129575 0.0040122843 3.3576794e-06 0.00066005 1.3188572e-06 3.6428119e-06 2.8827512e-06 0.031478718 6.12403e-06 1.31861525e-05 0.0016637017 5.250807e-07 0.00028067842 1.12583375e-05 1.0762311e-06 0.00023243045 0.00044360445 0.0104670795 2.3361612e-07 1.6096477e-05 3.0597672e-05 0.0014621032 1.4359603e-07 4.731061e-06 0.0030863078 2.103275e-08 1.9308627e-07 3.5317648e-06 1.6388003e-07 5.3254702e-05 4.3294328e-08 1.8701066e-08 8.430488e-08 3.507517e-06 2.2696251e-07 4.4928976e-09 1.8655969e-07 3.7136054e-09 2.7549751e-08 8.438291e-08 9.81167e-09 1.1803368e-08 1.473714e-06 0.0006647962 2.3986917e-08 2.8116279e-08 6.844321e-09 6.884503e-05 4.7509664e-05 5.5510498e-08 0.00024986968 7.338656e-07 7.964616e-05 3.2317844e-06
0.8391493 0.64819014 0.0013680878 0.7509385 0.984098 2.3817134e-16 0.9803427 0.8812151 0.00791679 0.5955914 0.0004707987 0.10562671 0.80392015 0.00047033268 0.6980324 0.5439136 0.3557442 0.02175857 0.0066602067 0.63302344 0.00021514988 0.19327638 0.056319162 0.13861807 0.0023506556 0.12892106 0.14012922 0.010054464 0.10003498 0.0074805585 0.0017096181 0.000117370975 0.00871434 3.0521085e-05 0.0007710201 3.8253846e-05 3.408645e-05 0.0030114227 0.033688 0.001582161 7.0614856e-06 4.9122606e-05 2.9364606e-05 0.00049060833 7.480619e-06 2.5874945e-06 0.00039118773 0.0025315457 0.008937909 2.3216814e-06 0.00082057173 5.287775e-06 1.4860737e-05 1.8219429e-05 0.03189925 2.0204414e-05 7.142595e-05 0.0026329886 3.365152e-06 0.00077656354 2.6387183e-05 6.087753e-06 0.0004840609 0.0006760336 0.015726058 1.6245212e-06 2.8908993e-05 0.00011653558 0.00224536 1.2766478e-06 8.354438e-06 0.005347267 8.349676e-08 2.3630659e-07 4.788651e-06 1.0493749e-06 0.00027902905 1.7762632e-07 4.9056197e-08 6.269499e-07 5.0417842e-05 4.3344468e-07 1.7691296e-08 1.5333066e-07 5.1312487e-08 2.6154885e-07 8.171246e-07 4.2921044e-08 1.5782149e-07 7.0304213e-06 0.0012138777 1.5286054e-07 1.2303686e-07 6.8194225e-08 8.6894914e-05 0.00023156336 2.9986037e-07 0.0004253578 3.4657771e-06 0.0002068851 2.0732348e-05
0.8027277 0.56893235 0.00094376726 0.6926193 0.9865441 0.9803427 1.8387393e-17 0.81765777 0.0067065656 0.54734635 0.0002181488 0.057740007 0.84571195 0.00028033284 0.81316954 0.5009694 0.29793802 0.019483889 0.004645456 0.5261239 0.00012812938 0.2842446 0.053874556 0.14732386 0.0012964504 0.09104886 0.13417047 0.009152838 0.109681 0.006364782 0.0023381007 8.270004e-05 0.010147093 1.0622587e-05 0.000461611 1.6728209e-05 4.843948e-06 0.0022302952 0.033945065 0.0009735408 2.8429452e-06 1.2277361e-05 2.6379383e-05 0.00072230893 1.2860914e-06 9.58975e-07 0.0002918199 0.002564854 0.0046486757 2.5673023e-06 0.00088267814 9.174498e-06 3.1116797e-05 1.9696668e-05 0.048489355 6.061411e-06 1.025057e-05 0.0027459392 3.5183516e-06 0.00030502243 1.9308021e-05 8.379151e-06 0.0003544719 0.0008258296 0.0134061305 1.0765863e-06 2.922913e-05 6.3696876e-05 0.002622537 7.3798964e-07 3.427442e-06 0.0043200245 6.9542025e-08 1.4471412e-07 1.8537403e-06 5.756289e-07 5.3981097e-05 5.2142415e-08 1.44020555e-08 7.593365e-08 2.776191e-06 1.4960675e-07 3.6044754e-09 1.448667e-07 7.513446e-09 1.2429287e-07 2.4113834e-07 3.201e-08 3.671414e-08 1.0054439e-06 0.00043073267 3.2484333e-08 3.3552848e-08 8.992023e-09 7.910553e-05 7.3176554e-05 2.1486235e-08 0.00032070538 1.3067132e-06 0.00012595106 2.9333833e-06
0.9292443 0.8066383 0.001626189 0.95929927 0.7914822 0.8812151 0.81765777 1.4169943e-14 0.07858295 0.90522796 0.0003171674 0.4407451 0.69351435 0.0015190208 0.6741889 0.8109295 0.45338848 0.16011387 0.030491427 0.5058617 0.00016772804 0.12984826 0.12700059 0.2740782 0.00900872 0.411028 0.079569906 0.04578077 0.060164176 0.0154477805 0.01797605 0.00041059486 0.014880189 6.563359e-05 0.0005664558 0.00012663011 6.7626286e-05 0.008143677 0.06472646 0.0056454483 2.7502621e-05 3.3709368e-06 0.000967378 0.0017715796 4.6284546e-05 2.6147789e-06 0.00028255602 0.001203278 0.014917435 9.614851e-07 0.0010859115 0.00018231256 5.5632583e-05 4.5408717e-05 0.022331696 5.820203e-06 1.3349058e-05 0.0056204256 1.3097443e-05 0.00043226042 3.3569708e-05 1.871451e-05 0.0026219294 0.003804104 0.03592521 1.0348133e-05 3.0719846e-06 9.243337e-05 0.00036673987 6.090627e-06 3.406882e-06 0.013690752 4.7993285e-07 4.8171796e-07 1.3566199e-06 2.3903853e-05 6.0113194e-05 1.8829137e-07 6.060648e-08 7.9541934e-07 5.4290604e-07 2.2471734e-06 2.4705471e-08 7.406272e-07 8.8781906e-07 3.9142205e-06 2.3282269e-06 7.638632e-07 2.0004705e-07 1.9859008e-05 0.001768785 1.8263797e-06 3.3030897e-08 1.7161692e-07 4.8704085e-05 0.0012515297 8.6399645e-08 0.0015184631 2.3301257e-06 0.001713637 1.6176546e-07
0.9565368 0.90219945 0.8187212 0.38167247 0.013616654 0.00791679 0.0067065656 0.07858295 4.4097016e-14 0.3718823 0.64876974 0.47596616 0.0009728764 0.8725865 0.13121758 0.042737607 0.00044753586 0.97117394 0.37818527 0.0019048057 0.10828298 0.0050958474 0.00023740814 0.1329318 0.10761116 0.009510972 0.0002758998 0.38224494 0.00013429868 5.776329e-05 2.3848372e-06 0.014604701 6.082904e-05 0.0048171715 0.80795187 0.039075952 0.06514378 0.48202747 0.01733879 2.155458e-06 0.007918975 0.005340695 5.4196477e-08 2.4080066e-06 0.0006454912 0.00012836959 0.022924889 0.0038423073 0.05626407 4.3139473e-05 1.3699561e-05 3.169465e-07 6.292117e-07 1.697286e-06 0.004263268 0.00016324106 0.00045145673 0.0002485426 8.269427e-07 0.015889002 1.2262353e-06 6.189577e-07 1.5278387e-05 6.9606685e-05 0.013253197 4.085945e-07 1.02142e-05 4.862941e-07 1.1308709e-05 8.67995e-07 5.512068e-07 0.002128664 3.12649e-07 1.0703792e-06 9.555405e-07 1.580768e-07 0.0010285906 3.3637225e-05 3.3783078e-07 4.0889037e-05 0.00022045374 6.069787e-08 1.7667002e-06 3.7156801e-06 2.7880878e-08 2.0591793e-07 4.813864e-07 3.3178587e-08 3.675399e-07 3.2937476e-06 0.0032515395 1.9110548e-06 2.0163797e-07 1.0334512e-07 2.1575795e-05 2.7070319e-05 6.963905e-08 7.349491e-05 1.0967584e-05 5.368753e-05 0.0002904231
0.907397 0.88302684 0.017709566 0.88240105 0.51857454 0.5955914 0.54734635 0.90522796 0.3718823 1.7099079e-12 0.012707548 0.9576066 0.2492702 0.009620717 0.3184526 0.9148629 0.055124264 0.2689261 0.32115963 0.09120149 0.0035590783 0.021224095 0.01378881 0.12729363 0.053564195 0.45349923 0.019962616 0.05081993 0.017336128 0.0033536765 0.0019730397 0.0015289772 0.0031480247 0.00044732462 0.0018351875 0.0017916884 0.0003059433 0.00770686 0.020570539 0.0010916139 6.4462285e-05 0.00012269829 0.0004664634 0.00061808596 5.2522544e-05 0.00027347458 0.0002138827 0.0005990374 0.053907704 2.7961898e-05 0.00035420374 9.986456e-05 7.3322626e-05 8.3342704e-05 0.0032820785 0.0001730985 7.154915e-05 0.009982953 2.623465e-05 0.0047578923 6.2885e-05 4.804004e-05 0.0052648447 0.0053806687 0.05345025 4.1852105e-05 1.523864e-06 2.2559998e-05 0.0002357532 2.0704783e-05 3.26699e-06 0.023532782 1.4585784e-06 1.9433453e-05 1.2444818e-06 1.0592017e-05 0.0004353284 3.0126288e-05 3.6527613e-06 3.4665292e-05 3.7201997e-05 1.510404e-06 1.6856541e-06 3.9330944e-06 3.8824578e-07 1.8190684e-06 5.7123348e-06 2.7094157e-07 1.3264032e-07 7.004826e-05 0.012137902 5.192403e-06 1.0857447e-07 2.0608864e-07 2.6926777e-05 0.0020343752 7.3144946e-07 0.0038792978 2.4508165e-06 0.0048385505 3.096421e-06
0.96739936 0.29772043 0.988641 0.007021973 0.00025040787 0.0004707987 0.0002181488 0.0003171674 0.64876974 0.012707548 4.1925617e-14 0.20488934 0.00011421185 0.24295543 0.0015574922 0.0017796129 3.3869375e-05 0.12458584 0.6129981 0.00013384105 0.89807004 1.3346485e-05 3.335754e-05 0.0010430056 0.2585967 0.0033400503 7.551254e-05 0.0061769905 4.7693014e-05 1.5716467e-05 1.2388028e-06 0.28679922 6.457515e-06 0.4239863 0.019110398 0.67027223 0.03407815 0.008622385 0.00024451996 1.8982906e-06 0.025528375 0.094658256 1.6140935e-07 2.598479e-06 0.017130911 0.26514903 0.00029324743 0.00027112756 0.31876448 0.045286905 5.2673354e-06 6.358071e-07 4.7428492e-07 3.7788809e-07 0.00043087362 0.0075265043 0.009925742 0.0026684522 9.289718e-08 0.19748802 4.0364785e-07 9.078864e-07 0.0014530125 0.0028193262 0.03248773 3.363084e-07 4.3957675e-06 8.922167e-07 1.0876786e-05 3.719064e-07 2.0933486e-07 0.023889408 1.0349701e-07 0.00025409256 1.75346e-06 6.164702e-08 0.012975996 0.0002673618 5.0393952e-05 0.00015352097 0.0013310267 2.6234808e-08 3.3967906e-05 3.19221e-05 5.7958838e-09 1.1129264e-07 7.131691e-07 8.9788275e-09 9.32216e-09 4.7138114e-06 0.07385424 5.2844094e-05 1.5958828e-06 2.4933742e-08 5.525432e-05 0.0010740282 4.6862187e-06 0.0019075433 6.662166e-07 0.0009541178 6.7950234e-05
0.8986835 0.8282555 0.07343882 0.65040994 0.055569515 0.10562671 0.057740007 0.4407451 0.47596616 0.9576066 0.20488934 3.5338326e-14 0.0133983195 0.018149966 0.021978106 0.68240833 0.003442728 0.15589575 0.9681751 0.01324201 0.028558241 0.0013462638 0.0008038267 0.031432353 0.43437994 0.43735465 0.0050100475 0.01864289 0.0038536577 0.00038192328 0.00025403438 0.0040314756 0.00045300263 0.003300017 0.0037093912 0.013142294 0.0016393187 0.006119751 0.0059826667 2.4395153e-05 0.00015460115 0.00065410236 1.701014e-05 3.0223095e-05 2.3398312e-05 0.00091129955 0.0003154889 0.00043387956 0.23025662 6.742742e-05 6.868587e-05 9.027317e-06 3.297525e-06 3.563826e-06 0.0008027772 0.00063880684 0.00010106245 0.008004868 1.5346488e-06 0.013411233 1.0327754e-05 3.1296627e-06 0.0023076974 0.002425874 0.05110683 3.6956708e-06 4.0882952e-07 9.957337e-07 8.7973e-06 3.439708e-06 3.287761e-07 0.027485153 6.6554855e-07 5.863824e-05 4.0926642e-07 6.0999247e-07 0.0012240518 0.00010308827 2.1095548e-06 6.782768e-05 0.0001613688 1.4717806e-07 8.074158e-06 2.7514307e-06 7.1468435e-08 2.2396647e-07 9.190133e-07 3.676719e-08 5.181011e-08 2.1348205e-06 0.02459031 1.4116816e-06 1.9773455e-07 1.222303e-08 3.335527e-06 0.0019615062 5.64012e-07 0.0029512912 3.45621e-07 0.00255133 1.5058025e-05
0.7352157 0.16942784 0.00019199275 0.39067197 0.7127308 0.80392015 0.84571195 0.69351435 0.0009728764 0.2492702 0.00011421185 0.0133983195 7.950528e-15 6.365819e-05 0.8197383 0.26264894 0.9929593 0.0096191205 0.0017816372 0.7376027 2.7496011e-05 0.52617395 0.908285 0.10573952 0.00041832036 0.027022487 0.34938273 0.0045519676 0.37705013 0.1905839 0.057838447 1.9695746e-05 0.20638725 3.6568813e-06 0.00014523586 4.067879e-06 2.4041585e-06 0.00076686544 0.032312047 0.080149874 1.921737e-06 1.3050687e-05 0.001469339 0.012571065 2.9469822e-06 2.2554693e-06 0.0002878584 0.0012055746 0.0013420938 1.4830354e-07 0.009864569 8.205231e-05 0.00018233499 0.00016737923 0.07964448 7.5484777e-06 7.330899e-05 0.005585006 3.6388556e-05 5.2644402e-05 0.000111990725 5.489317e-05 0.0006987735 0.0013732085 0.020989193 1.6504902e-05 8.7711844e-05 0.00029349476 0.00888682 8.417033e-06 3.9939252e-05 0.005779751 3.2968646e-06 5.18636e-08 4.2997754e-06 1.7671872e-06 2.4647383e-05 2.0299011e-07 2.6461006e-08 6.1474736e-07 6.3021307e-06 2.9580651e-06 9.504701e-09 1.0277159e-06 3.694582e-08 2.906288e-07 7.5831576e-07 2.0727028e-07 1.2408833e-07 7.5535904e-06 0.00036814102 1.0411192e-08 5.7635862e-08 2.8952568e-08 0.0010602816 0.00014715275 1.0372997e-08 0.0009958401 2.4009598e-06 0.00034650284 5.39309e-06
0.42208126 0.08645909 0.98252356 0.009715279 0.00040807054 0.00047033268 0.00028033284 0.0015190208 0.8725865 0.009620717 0.24295543 0.018149966 6.365819e-05 6.0854463e-16 0.001252887 0.001261695 1.1285211e-05 0.43422103 0.056123596 6.953821e-05 0.13553269 0.00011805036 1.8652965e-05 0.003142068 0.011753262 0.0009310381 6.246088e-05 0.041700236 0.00010213601 2.206424e-06 2.9733578e-06 0.80063766 4.1385524e-06 0.25843945 0.9691106 0.010235522 0.5316716 0.20856 0.00026566855 1.3373592e-06 0.6534456 0.013674068 6.668353e-08 1.6917535e-07 0.4142592 0.023479424 0.014025421 0.0031539444 0.021338297 0.001785431 1.0217279e-05 7.3009045e-07 1.106968e-05 1.3636563e-05 5.3180192e-05 0.00075484853 0.04108449 1.7277285e-05 3.599864e-06 0.0069001676 6.091864e-06 1.4707607e-05 7.587542e-05 0.00014972972 0.0004105616 1.2191505e-06 6.7729134e-06 1.5977247e-07 3.815405e-07 3.844572e-06 8.3385345e-08 0.0010637733 7.4050433e-07 1.894052e-06 1.1779035e-06 1.0167729e-06 0.00037409624 6.797567e-06 1.5394129e-06 1.877932e-05 0.0001577427 7.548582e-07 3.3370114e-07 2.747174e-05 5.15738e-07 1.1673434e-06 3.673232e-06 1.3972823e-07 5.5553795e-07 0.00024014799 0.0016637484 7.246874e-05 6.454541e-08 2.9913232e-07 9.464017e-05 8.308291e-06 1.1664047e-07 0.000385126 3.330395e-05 0.00021434725 7.289141e-05
0.9185437 0.49132127 0.0039703175 0.5429517 0.803282 0.6980324 0.81316954 0.6741889 0.13121758 0.3184526 0.0015574922 0.021978106 0.8197383 0.001252887 9.329674e-15 0.16684839 0.17717095 0.2813119 0.00427968 0.07236856 0.00015842204 0.9946563 0.2861657 0.84961945 0.0017943104 0.029052362 0.010811052 0.08264766 0.0095639955 0.013036166 0.0038594285 1.7389046e-05 0.012019286 2.1944048e-05 0.0018971551 6.070549e-05 5.7421763e-05 0.023036376 0.1307964 0.0052599646 1.9029543e-06 3.4236706e-05 7.706918e-05 0.0011935844 1.4088895e-06 6.4789054e-07 0.003914928 0.0127938725 0.0023887297 2.0313214e-08 0.0019762758 2.7404361e-05 2.3908047e-05 1.7126442e-05 0.101711884 2.1811945e-06 1.8936744e-06 0.0011195356 7.4452605e-06 0.00027708587 5.373965e-06 5.515778e-06 0.00024850207 0.000812218 0.006134245 2.518919e-06 6.014657e-05 3.525575e-05 0.0042650877 2.3901812e-06 3.5651843e-07 0.0015854855 1.0344734e-06 1.2695039e-08 1.6932943e-06 1.9858337e-06 7.472559e-05 1.085533e-06 1.8519811e-09 2.0886873e-06 6.5034874e-05 1.807497e-07 1.9328985e-07 7.273818e-08 3.1928355e-08 1.0414033e-06 1.6579908e-06 3.671794e-07 1.1693679e-08 1.1717877e-05 0.0005312112 1.7539131e-08 2.9495856e-08 1.2134139e-07 0.00047116884 2.6910087e-05 1.6598085e-08 0.0002676529 5.321807e-06 0.0001234377 4.3547243e-05
0.891494 0.49173632 0.0059378953 0.65223575 0.47866786 0.5439136 0.5009694 0.8109295 0.042737607 0.9148629 0.0017796129 0.68240833 0.26264894 0.001261695 0.16684839 2.1213231e-13 0.0885035 0.048912156 0.14236689 0.17803617 0.0008449018 0.015253849 0.025033418 0.040208355 0.046299085 0.9811894 0.06641752 0.009460981 0.058013365 0.0070310486 0.0059863967 0.00024467977 0.017244011 5.923086e-05 0.0003580558 0.00024816344 3.725987e-05 0.0016761139 0.007289259 0.0009122595 1.1333898e-05 2.752243e-05 0.000371395 0.00034277543 3.125602e-05 1.863652e-05 8.826112e-05 0.00016466469 0.041592255 1.2334974e-05 0.00024182982 0.0001410951 0.00016348691 0.000121148136 0.00094604434 9.056078e-05 1.0316867e-05 0.08054001 3.2489213e-05 0.002018154 9.108772e-06 5.8524834e-05 0.016538676 0.012007714 0.13471106 7.097218e-05 3.695919e-07 4.1983065e-05 5.8902955e-05 1.7809414e-05 5.260214e-07 0.04630577 2.325972e-06 3.0029807e-06 1.8805943e-06 2.8475137e-05 9.509742e-05 8.899839e-06 1.1741312e-07 9.97933e-06 3.639343e-06 1.8139721e-06 3.8977313e-07 4.9915826e-07 5.137857e-07 2.100993e-05 9.771671e-06 2.043483e-06 1.652347e-07 2.1139624e-05 0.008884519 1.3458189e-06 1.4954283e-07 3.979485e-07 3.9041082e-05 0.011770828 3.4405463e-07 0.013212443 2.0530251e-06 0.012080261 6.2384316e-07
0.602682 0.011565936 2.5208716e-05 0.076496765 0.2283088 0.3557442 0.29793802 0.45338848 0.00044753586 0.055124264 3.3869375e-05 0.003442728 0.9929593 1.1285211e-05 0.17717095 0.0885035 3.824901e-17 0.0017756746 0.0005009858 0.78745806 2.34007e-05 0.120600276 0.95618635 0.01585159 0.0003514396 0.010203851 0.29850847 0.000756584 0.28208792 0.545031 0.352676 6.8448403e-06 0.458172 1.6679965e-06 2.2010992e-05 3.982346e-06 9.456591e-07 1.6204525e-05 0.007203464 0.1674787 3.324824e-06 1.9031388e-05 0.012612723 0.024628675 3.058202e-06 3.3754094e-07 0.00010423692 0.0003198538 0.00063515565 7.44519e-08 0.019712158 0.0002912366 0.0002631919 0.00017620578 0.0135146715 7.521559e-06 1.4592052e-05 0.008096397 6.672359e-05 5.5228295e-05 0.000101717254 3.7145663e-05 0.0013952145 0.0014287226 0.014949359 1.609941e-05 2.0630201e-05 0.0005296509 0.0068284366 8.162559e-06 2.8752273e-05 0.003496044 1.405285e-06 2.3440334e-08 9.463796e-06 1.0113867e-05 5.8072455e-06 4.8789687e-08 2.2301407e-08 1.5619449e-07 4.7931603e-06 5.8931587e-06 3.4945635e-09 1.705754e-07 2.5741852e-07 2.6800333e-06 4.09013e-06 7.374352e-07 9.98696e-07 1.7925044e-05 5.5613855e-05 8.622383e-08 1.7462082e-07 2.9270382e-07 0.0031145776 0.00047761656 3.8495987e-08 0.000277563 4.55876e-06 0.00015309536 4.9531654e-06
0.6684637 0.6050138 0.19403753 0.3107189 0.02439606 0.02175857 0.019483889 0.16011387 0.97117394 0.2689261 0.12458584 0.15589575 0.0096191205 0.43422103 0.2813119 0.048912156 0.0017756746 6.1815406e-15 0.05936431 0.0024149925 0.0070048263 0.072351 0.00083526666 0.85669434 0.0096683055 0.0056041013 0.00020017524 0.9814481 0.00013510206 0.00010352827 1.7698547e-05 0.0041894517 0.00011787441 0.005717756 0.5023726 0.0030686806 0.025504721 0.70902383 0.20603906 1.5827487e-05 0.0021119383 0.00040112075 4.8101975e-07 3.899232e-06 0.0006167267 0.0002236294 0.25152156 0.090634644 0.00657885 9.1689e-06 1.4936481e-05 2.2844774e-06 1.3645642e-07 1.05265904e-07 0.014385443 4.4631455e-05 0.00030496487 2.2987168e-05 1.5845232e-07 0.0029923546 1.7260909e-06 1.1037286e-07 1.4832263e-05 1.6198113e-05 0.0011776222 8.838902e-08 3.2568354e-05 2.9283058e-07 6.095395e-05 1.2823163e-07 7.550828e-07 0.000426217 4.3487578e-08 4.0841334e-07 7.0620175e-08 1.5872092e-07 0.0009023238 1.7315226e-05 1.2053945e-07 3.8847284e-05 0.00033196187 3.7331145e-07 7.2108315e-07 1.2761305e-06 1.13650806e-07 2.2426205e-07 8.852734e-07 5.582063e-08 2.2012419e-09 5.9457005e-07 0.0019506585 3.5201235e-06 2.6042483e-07 4.7119595e-08 4.9782717e-05 2.7300672e-05 2.8684772e-08 0.00027465625 6.0756804e-05 0.00010068813 0.0006185228
0.83206743 0.42814034 0.21097067 0.13555968 0.005130195 0.0066602067 0.004645456 0.030491427 0.37818527 0.32115963 0.6129981 0.9681751 0.0017816372 0.056123596 0.00427968 0.14236689 0.0005009858 0.05936431 5.7912693e-15 0.0029026666 0.22686546 1.1442983e-05 0.000191197 0.0010234365 0.9933142 0.1758873 0.0031446835 0.0023766775 0.0027361051 0.00020581261 0.00016041241 0.012307789 0.00013424232 0.0103738 0.0056683575 0.24562731 0.0016542367 0.0013612636 0.00020125693 2.0074081e-05 0.0004267907 0.009733455 5.127243e-06 5.4950606e-06 0.0001057571 0.0023865348 2.6012398e-05 1.1997383e-05 0.51744586 0.0010611034 7.647868e-07 2.494126e-06 1.3902192e-05 1.310789e-05 0.00013396608 0.0047683152 2.8028724e-05 0.023028497 6.144274e-07 0.06804297 3.00127e-07 4.993642e-06 0.004053182 0.006777882 0.07386879 8.237625e-06 9.0712e-08 1.0040487e-06 4.22838e-06 3.4554832e-06 5.3804547e-07 0.03929063 8.5298524e-07 9.561523e-05 1.235577e-08 4.022084e-07 0.0017120941 0.00025621318 1.875767e-06 0.00015235269 0.00021819292 7.1162106e-08 1.3275916e-05 1.8271463e-06 6.433168e-08 9.9191546e-08 9.074043e-07 5.4280274e-08 1.7542501e-09 1.5457496e-07 0.048201732 3.1124867e-07 3.92759e-07 9.935509e-09 2.0993684e-05 0.004124095 5.9496628e-08 0.010088927 5.7218136e-07 0.00345325 3.1732154e-05
0.8742708 0.02143642 0.00022619707 0.08142516 0.4358108 0.63302344 0.5261239 0.5058617 0.0019048057 0.09120149 0.00013384105 0.01324201 0.7376027 6.953821e-05 0.07236856 0.17803617 0.78745806 0.0024149925 0.0029026666 9.0155925e-15 5.170811e-05 0.017587893 0.5887472 0.0050063217 0.0012788541 0.08835997 0.96363455 0.00048503018 0.9113636 0.56652296 0.77099633 3.8773116e-05 0.87295943 7.822944e-06 7.3756746e-05 3.2794003e-05 4.1446074e-06 3.3059405e-05 0.0005076944 0.16206501 2.0523157e-05 3.857573e-06 0.20811406 0.06902257 2.561874e-05 1.366474e-06 9.8345e-05 0.00014432195 0.0036329282 9.959705e-08 0.012077399 0.00944888 0.012565012 0.015022245 0.0016070519 6.4037563e-06 1.0954297e-05 0.093357116 0.001687776 0.00010472535 0.00054851314 0.00041624028 0.013197697 0.019032314 0.11688756 0.00012771375 9.175324e-07 0.0027458174 0.00025746532 9.7970646e-05 0.0001202737 0.042157188 1.3011814e-05 1.3521915e-07 5.689723e-06 0.0001907435 8.575959e-06 3.231481e-07 2.2105201e-08 5.3036047e-07 3.4129187e-07 1.6098911e-06 2.6751788e-08 9.91897e-07 1.0224544e-06 6.596208e-05 1.1188711e-05 4.7283274e-06 1.8695992e-07 5.5638633e-05 0.00097307586 2.396476e-06 6.3347563e-09 1.8962315e-06 0.0005403015 0.007562406 2.723803e-08 0.0067158304 1.7884387e-05 0.009234157 1.02571995e-07
0.8505605 0.0139598 0.40251693 0.0011421 0.00012203428 0.00021514988 0.00012812938 0.00016772804 0.10828298 0.0035590783 0.89807004 0.028558241 2.7496011e-05 0.13553269 0.00015842204 0.0008449018 2.34007e-05 0.0070048263 0.22686546 5.170811e-05 1.8628942e-15 8.657563e-07 1.4884551e-05 0.00019705415 0.13469027 0.0025256302 2.462168e-05 0.00014439314 2.5025472e-05 8.820626e-07 3.977332e-06 0.57798535 4.5137726e-06 0.8890287 0.012493688 0.98612136 0.01703 0.00075667416 6.599354e-05 9.6218355e-06 0.087348804 0.859551 6.143559e-07 1.0220656e-06 0.11939114 0.67239815 2.928739e-05 0.0001279804 0.13360757 0.17419727 2.195019e-06 8.872833e-07 2.2349889e-06 1.9579018e-07 2.4219205e-05 0.28903875 0.08090592 0.000962497 7.477979e-08 0.2329918 1.6203504e-07 1.5233554e-06 0.0008460197 0.0012238149 0.008740961 1.0685688e-06 4.3917046e-07 1.8917016e-06 7.0639985e-06 5.4912334e-07 5.262479e-08 0.008775565 5.0410605e-08 0.010028904 8.2906377e-07 5.5209355e-08 0.024778636 0.0036682019 0.0009893968 0.001342415 0.015970035 4.5853764e-07 0.00045995583 0.0005071009 4.2832482e-08 6.416123e-08 2.0506171e-07 1.580505e-08 1.6550663e-08 1.2993933e-05 0.091928266 0.00011993546 9.5075295e-05 1.0425002e-08 0.0006463323 0.00054496754 5.5652694e-05 0.0025523317 6.468952e-07 0.0009729421 0.0007211131
0.44786295 0.018907206 7.2291e-05 0.056395553 0.25993982 0.19327638 0.2842446 0.12984826 0.0050958474 0.021224095 1.3346485e-05 0.0013462638 0.52617395 0.00011805036 0.9946563 0.015253849 0.120600276 0.072351 1.1442983e-05 0.017587893 8.657563e-07 6.5048196e-15 0.2669449 0.9400069 2.5943427e-05 0.002094482 0.005028543 0.120582014 0.0072795027 0.015871082 0.0053073973 8.636003e-06 0.007642237 2.2979177e-06 0.0002652827 1.4803725e-06 7.763391e-06 0.037680805 0.5915191 0.032140926 1.2540547e-06 2.593926e-06 0.00043903422 0.005351626 3.069519e-06 1.1038608e-06 0.0439561 0.21245492 1.18381295e-05 1.8165575e-07 0.06844619 0.0001347031 0.000100483616 2.1171118e-05 0.77671546 6.815518e-07 7.2234993e-06 2.4599346e-06 2.5157298e-05 4.3036803e-06 2.2264781e-05 1.1095796e-05 1.4745602e-06 0.0001756967 0.0001141032 5.4096454e-06 0.0023079284 0.0007367755 0.38643476 6.4928254e-06 4.0494913e-05 0.00012679615 6.4327087e-06 4.6451145e-08 3.9708434e-06 1.7005492e-06 4.201581e-06 9.1599404e-08 1.13733755e-07 4.6357786e-07 8.8053207e-07 7.2973517e-06 3.7928136e-09 2.9830403e-06 1.4371562e-07 3.1491684e-06 3.9121133e-07 2.2720951e-06 4.7735784e-07 0.00014303777 0.0001485373 1.6846078e-06 2.7169282e-08 9.704013e-07 0.008858111 4.6162654e-07 2.8468873e-08 5.085778e-05 8.868203e-06 2.0278096e-05 2.5655888e-06
0.6926266 0.0015194729 9.870222e-05 0.0155491885 0.03531868 0.056319162 0.053874556 0.12700059 0.00023740814 0.01378881 3.335754e-05 0.0008038267 0.908285 1.8652965e-05 0.2861657 0.025033418 0.95618635 0.00083526666 0.000191197 0.5887472 1.4884551e-05 0.2669449 2.56316e-14 0.025727853 0.00020436975 0.0056834924 0.32187784 0.0010139899 0.3764188 0.97561735 0.5606116 1.7117854e-05 0.557654 9.117758e-06 4.862751e-05 1.0304232e-05 8.961825e-06 0.000102398364 0.009891554 0.882856 1.0714982e-05 3.6979396e-05 0.0978741 0.38527083 3.548184e-05 7.790428e-07 0.00019823652 0.0009767138 0.00085304066 6.25871e-07 0.18630147 0.0006517946 0.00038584456 0.00023324137 0.054776277 2.3166021e-05 0.0018443418 0.0077285613 0.00013783097 3.7630434e-05 0.0019079536 0.00019709623 0.00081697945 0.0011975974 0.017691756 7.261076e-05 3.2844113e-05 0.0050752545 0.026031654 5.8205504e-05 0.00058741064 0.005271346 4.2532105e-05 1.0788479e-07 6.4814696e-05 1.3689151e-05 4.8514717e-05 5.0275906e-07 4.7456405e-07 2.6153225e-06 2.2433265e-05 3.6550384e-05 3.7467053e-08 2.496326e-05 3.897583e-07 5.420604e-06 9.217875e-06 1.4408103e-06 1.1409655e-06 0.00019752585 0.00040739027 9.60591e-08 5.8579997e-07 6.071833e-07 0.04593976 0.00012391999 1.2457815e-07 0.00081662805 3.3649834e-05 0.00020152658 2.2549286e-05
0.25562608 0.3085138 0.0029678338 0.23488027 0.15969126 0.13861807 0.14732386 0.2740782 0.1329318 0.12729363 0.0010430056 0.031432353 0.10573952 0.003142068 0.84961945 0.040208355 0.01585159 0.85669434 0.0010234365 0.0050063217 0.00019705415 0.9400069 0.025727853 4.931532e-15 0.00032680624 0.004958254 0.0014302667 0.9133757 0.0013919857 0.0020018967 0.0005897046 0.00016801525 0.0014264015 0.00015648351 0.027283045 5.546825e-05 0.00093147776 0.60106754 0.92433214 0.0025046426 5.7575086e-05 7.7016644e-05 2.51868e-05 0.0002372006 0.00017930694 1.8180036e-06 0.46766248 0.63645923 0.00014988187 1.8059472e-06 0.003077166 7.833848e-05 6.086351e-05 1.4877399e-05 0.5666861 1.786032e-05 0.0002873211 3.6057634e-06 1.5119929e-05 8.568907e-05 4.2396154e-05 6.040642e-06 6.984487e-05 0.00019398042 0.0004389773 2.1054163e-06 0.0015646381 1.4978463e-05 0.023821918 2.3495998e-06 2.3136346e-05 0.00026164978 1.5681396e-06 2.9182334e-07 2.6406203e-06 2.5215677e-06 3.3842545e-05 7.8236565e-07 9.278594e-07 2.7589347e-06 1.7980996e-05 4.590148e-06 2.186447e-08 8.749217e-06 5.2904153e-07 7.218679e-06 3.5045014e-06 4.249091e-07 1.4687899e-07 9.378079e-05 0.000607303 1.2815718e-05 9.236556e-08 1.5319115e-06 0.0035116107 4.54239e-06 6.974482e-09 0.00011400769 7.808067e-06 0.00015436881 7.658433e-06
0.9548662 0.10055485 0.0673677 0.029748928 0.0014895642 0.0023506556 0.0012964504 0.00900872 0.10761116 0.053564195 0.2585967 0.43437994 0.00041832036 0.011753262 0.0017943104 0.046299085 0.0003514396 0.0096683055 0.9933142 0.0012788541 0.13469027 2.5943427e-05 0.00020436975 0.00032680624 7.857661e-15 0.16604333 0.0014514343 0.0006751744 0.0010194115 0.00014047627 6.2516534e-05 0.0065616914 8.252632e-05 0.010377975 0.0008242273 0.20402367 0.0007563221 0.00065512396 9.548483e-05 1.2084136e-05 0.0001701372 0.010422162 5.8760247e-06 7.92463e-06 0.00012593881 0.005303767 3.5791072e-05 5.044915e-05 0.95173067 0.00089325284 1.2300554e-05 1.5168464e-06 8.80451e-06 3.9263336e-06 0.00016449172 0.0037415177 0.00018069636 0.03479953 1.8990784e-06 0.17417501 1.3312437e-06 3.2397213e-06 0.0058265734 0.008655062 0.24729414 6.1731034e-06 7.258708e-07 1.7167578e-06 6.4907263e-06 4.6654036e-06 8.4709455e-08 0.07205254 1.1558249e-06 0.0002417021 3.0806657e-06 2.4559872e-06 0.0020931892 0.00025294194 1.8952001e-05 9.467998e-05 0.00017386484 1.0321171e-08 5.5728855e-05 3.4248693e-05 1.3519882e-08 1.0487366e-06 3.4422217e-06 3.2621693e-07 3.420255e-08 2.5776393e-07 0.17394759 2.783059e-06 1.39187e-06 1.2066257e-08 1.837175e-05 0.012552837 2.636798e-06 0.014675992 5.9024643e-07 0.006277771 2.1029655e-05
0.9924821 0.18455811 0.0065448266 0.27795684 0.082807116 0.12892106 0.09104886 0.411028 0.009510972 0.45349923 0.0033400503 0.43735465 0.027022487 0.0009310381 0.029052362 0.9811894 0.010203851 0.0056041013 0.1758873 0.08835997 0.0025256302 0.002094482 0.0056834924 0.004958254 0.16604333 3.3969468e-16 0.09368331 0.0017773809 0.09941646 0.0049069324 0.002965949 0.00017937433 0.01402415 8.345874e-05 0.00015761565 0.00048458076 1.3667588e-05 9.722493e-05 0.0008928449 0.0015864202 1.6671767e-05 0.00013543127 0.0008311288 0.00041520412 3.787663e-05 2.4960713e-05 7.295957e-05 0.0002258164 0.38380355 3.504909e-06 0.00049388834 0.00023894019 0.00037242714 0.0003332516 0.00020973544 5.793961e-05 4.6415453e-06 0.4367228 9.440291e-05 0.0026229222 3.370993e-05 8.050489e-05 0.07386861 0.05045161 0.808479 0.00012798575 1.4193629e-06 4.3430868e-05 1.6844915e-05 3.6461053e-05 9.3441463e-07 0.3237952 6.124333e-06 2.8191378e-06 9.802187e-07 4.6741006e-06 0.00022582288 8.790717e-06 2.8932158e-07 3.0789415e-06 2.9871683e-06 2.1971773e-07 2.7883382e-06 2.529944e-07 7.9764044e-07 3.055721e-06 1.4957222e-05 4.789703e-07 1.2417131e-07 0.0002425523 0.025321988 1.5700498e-07 8.874851e-08 4.2651987e-08 8.775058e-05 0.05054887 1.1719034e-06 0.06464914 3.8676703e-06 0.05908247 1.2117673e-07
0.9262463 0.0052002706 0.00012520484 0.017512375 0.0876834 0.14012922 0.13417047 0.079569906 0.0002758998 0.019962616 7.551254e-05 0.0050100475 0.34938273 6.246088e-05 0.010811052 0.06641752 0.29850847 0.00020017524 0.0031446835 0.96363455 2.462168e-05 0.005028543 0.32187784 0.0014302667 0.0014514343 0.09368331 3.903111e-16 0.000115650975 0.98809 0.3649996 0.56274915 3.409061e-05 0.8572898 4.852381e-06 3.5274716e-05 1.22584315e-05 4.349646e-06 2.3628913e-06 0.00011223246 0.106382385 1.50928745e-05 1.2505543e-06 0.27403593 0.065091446 7.3606757e-06 4.9079057e-07 7.8792014e-05 0.00023066917 0.009083126 7.67053e-08 0.010828712 0.016068803 0.072874665 0.060937975 0.00034082614 1.9008469e-06 3.8033857e-06 0.38331154 0.009617547 0.00028897624 0.001483486 0.002543931 0.08611776 0.08743584 0.3696624 0.000483386 1.189768e-06 0.00649256 7.292833e-05 0.0002982392 0.00016814316 0.15683445 7.7375546e-05 3.0728398e-08 1.882833e-05 0.00025854376 2.3891203e-05 5.0732094e-08 1.065577e-08 9.215176e-08 1.3910744e-07 2.515064e-06 2.978541e-09 5.833025e-07 3.3084114e-06 5.3961227e-05 7.837024e-05 6.201314e-06 7.1791237e-07 8.842819e-05 0.00081602164 1.968327e-06 4.067435e-09 1.8638552e-06 0.00022364367 0.03442376 1.7924435e-08 0.035458885 6.0799055e-05 0.03140892 2.7174156e-08
0.105509706 0.19864953 0.011357665 0.0857759 0.009002086 0.010054464 0.009152838 0.04578077 0.38224494 0.05081993 0.0061769905 0.01864289 0.0045519676 0.041700236 0.08264766 0.009460981 0.000756584 0.9814481 0.0023766775 0.00048503018 0.00014439314 0.120582014 0.0010139899 0.9133757 0.0006751744 0.0017773809 0.000115650975 1.9119649e-13 0.00017920231 3.888654e-05 3.8933704e-05 0.0013312635 3.2843767e-05 0.00082386937 0.3118061 0.00022762723 0.029107014 0.9505609 0.773202 4.182657e-05 0.00090684457 2.4926672e-05 1.748141e-07 1.6403475e-06 0.0008495319 8.077378e-06 0.66867864 0.6073698 0.0002803756 5.892734e-07 0.00012983521 7.83064e-06 5.0217733e-07 2.28155e-07 0.3508152 8.927993e-06 0.0007753624 1.1491205e-06 2.5994294e-07 0.00032365747 7.000207e-06 4.025357e-07 3.0653239e-06 7.062156e-05 0.0002007369 1.0633598e-06 0.0006312724 1.71649e-07 0.0016085277 6.912097e-08 3.8098997e-07 0.0006166755 2.7599505e-08 2.013101e-08 5.2116343e-07 5.0480647e-08 0.00013934812 4.2110173e-07 2.1716912e-07 1.6996615e-05 8.7625645e-05 1.9494857e-07 3.544786e-08 1.643763e-06 3.2700232e-08 2.9757265e-08 5.118925e-07 1.4845431e-08 1.4672084e-08 1.421016e-05 0.0013433454 3.955272e-06 2.7830035e-08 1.9114675e-07 0.001180202 1.3740756e-06 1.2208188e-08 0.00056920626 2.4238154e-05 0.00017056298 0.00012545632
0.9784331 0.0023328478 0.00011271019 0.012060018 0.065003306 0.10003498 0.109681 0.060164176 0.00013429868 0.017336128 4.7693014e-05 0.0038536577 0.37705013 0.00010213601 0.0095639955 0.058013365 0.28208792 0.00013510206 0.0027361051 0.9113636 2.5025472e-05 0.0072795027 0.3764188 0.0013919857 0.0010194115 0.09941646 0.98809 0.00017920231 1.1274865e-16 0.39160657 0.5292179 5.7909678e-05 0.71875787 6.620689e-06 6.928263e-05 1.0047437e-05 7.925386e-06 2.4964772e-06 0.00023379993 0.13695411 2.7924509e-05 6.860407e-06 0.21540691 0.055457477 1.808254e-05 2.8865574e-07 0.00012448226 0.00048953644 0.01012052 9.437811e-08 0.0154469395 0.008754656 0.033000086 0.03196414 0.0004390522 3.4238515e-06 1.6957614e-05 0.47770965 0.0030301998 0.0003604034 0.0006797603 0.0008943375 0.10001343 0.103108734 0.5721027 0.00018837012 1.8220879e-06 0.006175836 0.00019599841 7.584301e-05 8.4726154e-05 0.2131449 1.6718337e-05 2.5173913e-08 1.4198848e-05 6.046721e-05 8.9867775e-05 2.4323228e-07 1.18457855e-07 2.0202063e-07 2.5001127e-06 5.7160486e-07 9.038451e-09 8.301983e-07 1.5789593e-06 2.3607976e-05 2.0696316e-05 1.8390004e-06 5.175927e-07 7.692929e-05 0.0004971516 3.4322209e-06 3.300608e-08 7.748313e-07 0.0005552203 0.05348983 4.1981502e-07 0.038540926 7.52119e-05 0.034405947 2.891776e-07
0.59019667 0.00038472482 1.9570954e-05 0.0017405654 0.0036997867 0.0074805585 0.006364782 0.0154477805 5.776329e-05 0.0033536765 1.5716467e-05 0.00038192328 0.1905839 2.206424e-06 0.013036166 0.0070310486 0.545031 0.00010352827 0.00020581261 0.56652296 8.820626e-07 0.015871082 0.97561735 0.0020018967 0.00014047627 0.0049069324 0.3649996 3.888654e-05 0.39160657 3.4804475e-17 0.9827229 1.672214e-06 0.80575615 3.1007517e-07 7.095529e-06 1.186705e-06 2.1417234e-06 2.5916609e-06 0.00045593776 0.63472867 5.8812975e-07 6.8971635e-06 0.2689126 0.32116 4.4126332e-07 3.0632254e-08 9.467389e-06 0.00014003193 0.0005973349 5.3463605e-08 0.105728604 0.009220056 0.005912704 0.0034513392 0.0037809291 6.381891e-07 2.3354172e-05 0.035464875 0.00088149967 1.716027e-05 0.0050189276 0.00017670542 0.0064686877 0.009281835 0.028842663 8.772498e-05 1.7650128e-06 0.010389423 0.0053285793 3.7736667e-05 0.0015910756 0.008961147 1.9091594e-05 1.6335925e-08 3.2761305e-05 1.2498442e-05 1.2314615e-05 1.5683069e-08 3.0697645e-08 5.860886e-08 4.3609357e-06 2.597871e-05 8.703635e-10 9.992887e-07 4.4647842e-07 3.7665386e-06 1.661556e-05 8.612879e-07 3.309363e-07 0.00022508047 8.753853e-05 4.6032195e-08 4.855704e-08 2.741071e-07 0.025968567 0.0008360051 4.2195922e-09 0.0011458988 5.2739077e-05 0.0007374511 7.090834e-06
0.81556195 0.00015218367 2.3303526e-06 0.0009720541 0.0013082938 0.0017096181 0.0023381007 0.01797605 2.3848372e-06 0.0019730397 1.2388028e-06 0.00025403438 0.057838447 2.9733578e-06 0.0038594285 0.0059863967 0.352676 1.7698547e-05 0.00016041241 0.77099633 3.977332e-06 0.0053073973 0.5606116 0.0005897046 6.2516534e-05 0.002965949 0.56274915 3.8933704e-05 0.5292179 0.9827229 6.8298695e-17 1.202668e-06 0.9561393 1.8538401e-07 3.2607402e-06 3.1182654e-07 3.653566e-06 5.599175e-07 0.00021249794 0.50708115 9.92582e-07 4.3526297e-06 0.55682766 0.6038954 1.8267717e-06 1.8243064e-08 1.4285599e-05 8.06812e-05 0.0008033118 1.2149309e-07 0.115592785 0.0670647 0.02449277 0.027456274 0.0018890543 3.8734782e-07 1.54855e-05 0.12992404 0.0051022614 1.5570487e-05 0.014994964 0.000705856 0.029267019 0.028917605 0.0526229 8.259316e-05 5.145953e-07 0.01737147 0.0018948335 6.998082e-05 0.002137085 0.016438276 2.0737943e-05 2.9461843e-08 0.0001813237 4.617609e-05 1.0001109e-05 5.581105e-08 4.678315e-08 1.2214308e-07 6.572789e-06 3.7241396e-05 4.882253e-09 1.1228963e-06 8.8394637e-07 1.2099404e-05 0.000114268616 2.1708124e-06 2.5239422e-06 0.00083492865 0.0001390066 1.3025382e-07 2.41874e-07 9.188056e-07 0.02269029 0.0052339113 9.340658e-08 0.00235361 8.392519e-05 0.001540729 1.2530642e-05
