6.311226e-17 0.025516236 0.35560068 0.043307226 0.7861985 0.011248551 0.80789727 0.8520381 0.80194324 0.8370822 0.77054507 0.0003758562 0.006569161 0.37461457 0.3873033 0.82407784 0.8143664 0.93501794 0.7299472 0.5099416 0.6437177 0.82621557 0.7887208 0.8866612 0.52153504 0.8411649 0.8427421 0.80791456 0.7365629 0.9058615 0.92090386 0.22739916 0.9768028 0.0034428723 0.040329583 0.81264615 0.9579707 0.95058465 0.9530833 0.88312334 0.09741663 0.51161 0.8599712 2.696815e-05 0.0027786025 0.9600009 0.9091808 0.29300728 0.97277796 0.95319885 0.8693097 0.87774324 0.88363886 0.97765106 0.95020384 0.94529897 0.97148836 0.5961315 0.94601893 0.87145686 0.99656236 0.98959494 0.83755094 0.9864487 0.99595666 0.14810129 0.7020725 0.697327 0.762805 0.8457844 0.9960099 0.011047709 0.93687576 0.8043372 0.9117701 0.9038926 0.92692584 0.98718363 0.123288974 0.30202475 0.020780174 0.4506068 0.9546803 0.56219685 0.74902266 0.82235855 0.99838614 0.9242926 0.0055342126 0.060406853 0.99999964 0.7179817 0.7062874 0.9897441 0.9999791 0.88262135 0.9794166 0.46971905 0.89610267 0.32544112 0.75838184
0.025516236 8.787886e-15 0.9893727 0.99246 0.64325404 0.64479107 0.23734643 0.1187319 0.13866146 0.012058063 0.021612583 0.029040046 0.2340884 0.007930951 0.00015678062 0.00030826556 0.10095215 0.00092186395 0.0023801716 0.0030309283 0.054483574 0.024328949 0.029424978 0.0061560166 0.0007226414 0.00019433019 0.0023683354 0.0009671975 0.00917928 0.02351798 0.014303957 0.00028678842 0.0006059802 9.7092605e-05 0.00011685955 0.00081290765 0.00934494 0.0107237995 0.0036601645 0.0022680133 0.00013291126 1.48476765e-05 0.0006596636 2.0261763e-05 0.00011190862 0.0025206457 1.1437813e-05 2.459909e-06 5.710663e-06 0.00089124177 2.126514e-06 7.457167e-05 6.2959945e-05 0.000629843 0.00082738895 0.00025885637 0.0011758748 5.176675e-06 0.00024977012 2.7153836e-05 0.0002873921 0.00014951926 3.4369623e-05 1.0091245e-05 1.0146641e-06 3.871322e-05 2.8699975e-05 0.00010268969 8.0721556e-08 4.7634085e-06 0.00024820105 2.78412e-07 0.00014248176 4.0618877e-05 3.9901068e-05 0.00012654113 5.5880287e-06 8.715223e-06 5.257561e-09 1.7563025e-07 1.9160605e-06 9.730455e-08 6.673644e-05 3.3729287e-07 4.7338884e-07 4.9313735e-07 6.433352e-08 4.3641364e-07 1.5673044e-09 6.0375234e-09 0.0010119501 1.5114357e-06 1.04465e-06 6.5135246e-05 0.0009003038 1.9221174e-07 3.658365e-07 8.707363e-08 1.18895915e-08 4.8389124e-05 6.4135753e-07
0.35560068 0.9893727 2.7268917e-15 0.18717372 0.9730746 0.020116517 0.85820204 0.69054806 0.8079495 0.40136743 0.52689195 0.00088178343 0.017800977 0.009911341 0.00017732599 0.009069696 0.601151 0.0009395322 0.042077098 0.0012314898 0.25902268 0.2940378 0.29684958 0.09701822 0.010845413 0.0031370588 0.039183814 0.019049188 0.03694609 0.24506919 0.11447087 0.0007152554 0.0010021031 4.7218226e-05 0.0001697929 0.00366124 0.14026381 0.15044975 0.02390296 0.009412779 0.00011633581 3.6816546e-05 0.0006388964 8.252544e-07 1.8572131e-05 0.0468219 0.00022877741 1.4836784e-06 0.00018580804 0.00093592727 7.057853e-07 9.957355e-05 6.780371e-06 0.0009960429 0.01087069 0.0023310052 0.013125204 2.4573943e-05 0.0044287955 9.8492266e-05 0.0011026072 0.00087780855 4.482569e-06 2.218369e-05 5.044323e-07 1.52586435e-05 2.2168251e-05 2.208332e-05 3.384124e-08 1.4291273e-06 0.0008286923 9.429425e-08 1.0466889e-05 6.255962e-06 7.728148e-06 6.696068e-06 3.5630188e-07 4.92501e-07 2.580871e-09 6.023221e-07 9.2825763e-07 1.5196038e-07 0.00012862374 2.8760757e-08 1.8585791e-07 8.907921e-08 6.8666964e-08 2.72454e-07 4.0891426e-10 3.653984e-08 0.000370231 1.8341689e-07 1.6223149e-06 3.2722648e-05 0.0006424013 5.180902e-08 5.567562e-07 7.480386e-09 1.1497119e-07 3.1152784e-05 1.0166223e-05
0.043307226 0.99246 0.18717372 2.7325353e-15 0.008027754 0.9906698 0.19977817 0.11397379 0.043963686 0.0013101161 0.0065822266 0.007031572 0.0007857623 0.0004888658 0.000521232 2.1083593e-05 0.1294065 0.0381739 0.0005255328 0.20881951 0.25071973 0.037772514 0.08498654 0.0029458122 0.00037870728 0.00010753518 0.0015571825 0.00086115027 0.041031014 0.040698722 0.04394827 0.000110891706 0.00029034555 1.4722543e-06 3.4723194e-05 0.0083048865 0.024485793 0.015745739 0.008514912 0.008747357 1.9040373e-05 0.00058758375 0.008205885 8.7186605e-09 2.5322386e-06 0.005634723 4.8946754e-06 0.00050249335 5.7998845e-06 0.0021082466 0.0002631771 0.0016597145 0.0006411649 0.0013869588 0.000998889 8.009709e-05 0.0014213697 1.4112867e-05 0.0004464318 5.5002067e-05 0.000110463065 6.406246e-05 4.143029e-05 3.8777716e-06 4.4597797e-05 0.00011858068 0.00010672755 0.00010802558 1.591712e-06 1.8244258e-05 0.00041029643 9.719971e-07 7.6482844e-05 0.0002683102 6.080822e-05 0.00013153766 1.200164e-05 1.1555137e-05 6.425994e-08 2.762625e-05 1.056306e-06 3.1634816e-06 5.924854e-05 3.9407273e-06 1.4261661e-06 1.652105e-06 7.0052795e-07 2.413955e-06 1.1453992e-08 5.0153574e-08 0.00073563 1.5215563e-06 2.4296346e-06 1.6038235e-05 0.00056736334 5.191608e-07 2.9192995e-07 1.531415e-06 2.2425371e-07 0.0005094569 7.6734614e-05
0.7861985 0.64325404 0.9730746 0.008027754 1.8502705e-11 0.01427894 0.4536291 0.16245139 0.7362683 0.8897337 0.63004166 0.0010970948 0.70385873 0.93364084 0.00084482884 0.60476536 0.068240784 1.2481291e-05 0.27672175 0.0009600269 0.0025454354 0.022568569 0.012131468 0.0670805 0.056292072 0.041688982 0.033248253 0.04151926 0.00023923752 0.02550536 0.0029237284 0.009209966 0.0742045 0.0013493601 0.008395753 2.112044e-05 0.005616825 0.012309397 0.0012328005 0.00013141279 0.0089684175 7.9840606e-07 1.21935e-05 3.5579087e-05 0.00078477274 0.0037305045 0.02612919 1.0503833e-06 0.004571721 1.0812118e-05 1.4167068e-08 2.3180385e-07 7.840982e-08 6.982629e-05 0.0010123069 0.0033102564 0.003726275 0.0019360349 0.00029635095 0.0012588411 0.00010317522 0.0012364106 0.00013505362 0.0006253297 2.4199846e-06 0.0033717344 0.0007222346 0.001484619 3.0885098e-05 1.7644422e-06 0.00452109 4.281219e-06 0.00020110115 0.00012818865 2.3247469e-05 0.00022375566 2.1929811e-06 9.4761235e-06 9.271181e-07 6.173347e-05 0.0010094062 4.6238836e-07 0.001739175 3.5545427e-06 1.7924077e-06 3.686617e-06 6.757657e-07 1.9357762e-07 6.146442e-07 4.344945e-06 0.020304244 3.2182902e-07 2.691725e-05 0.0001298528 0.003082688 1.1128516e-06 6.793964e-06 1.9256722e-06 1.93028e-06 0.022459878 0.00076964224
0.011248551 0.64479107 0.020116517 0.9906698 0.01427894 3.851786e-16 0.018252864 0.011762226 0.0048185564 0.0001769744 0.0003997631 0.99411255 0.008707739 0.0005902383 0.002385967 5.606025e-05 0.013780542 0.03784008 0.00029412322 0.27254915 0.058414016 0.006018005 0.015298575 0.00053804985 0.0003011628 7.355845e-05 0.00023612154 0.0006167563 0.0132891545 0.0070207436 0.013189051 0.00025022504 0.00096205843 5.477794e-06 0.00012067767 0.004078865 0.0028014786 0.0014399702 0.0029941688 0.0038853588 0.0002774939 0.0004381642 0.0041484316 1.3285668e-07 2.0910393e-06 0.00047852044 9.935999e-06 0.00028221266 1.0113404e-05 0.0017032793 0.0004683188 0.00091505906 0.0017946091 0.0009092568 0.00035011623 8.099057e-05 0.00031291434 3.3685927e-05 9.125287e-05 9.589896e-05 9.651717e-05 3.0476873e-05 0.00019198064 5.0800918e-05 6.9052425e-05 0.0006542686 0.00040588388 0.0028331247 5.8361607e-06 2.0627624e-05 0.0005243781 2.460839e-07 0.0025474075 0.000780263 0.00018473183 0.00062605494 0.00014907005 2.3331844e-05 3.586441e-08 4.3102073e-06 1.6009659e-05 4.3814202e-06 3.8915103e-05 2.5611105e-06 7.8725003e-07 1.5750686e-06 7.9987393e-07 6.1822648e-06 7.194133e-09 1.6064119e-07 0.0012039237 4.7456587e-07 1.7205062e-06 8.368985e-06 0.00047029168 7.3059755e-07 3.648025e-07 8.938451e-07 1.8242995e-08 0.00010740543 5.349059e-06
0.80789727 0.23734643 0.85820204 0.19977817 0.4536291 0.018252864 9.7710286e-17 0.9884092 0.9713977 0.12913172 0.49107894 0.002117943 0.0002521094 0.003017713 2.6348358e-05 0.00039494055 0.7749071 0.0004883753 0.008109592 6.742427e-05 0.4100154 0.46408024 0.42082968 0.08761451 0.0011298496 0.00018919361 0.022526687 0.002797457 0.059736107 0.4825561 0.2653851 4.637185e-05 0.0002890096 8.848239e-06 3.0844315e-06 0.0037425363 0.42613104 0.45965964 0.09664314 0.022220004 6.4018514e-06 1.0626204e-05 0.00065341307 7.859304e-09 3.3939948e-06 0.20581684 4.094724e-06 1.4728111e-07 6.599382e-06 0.0034557409 8.795681e-08 0.0002127299 4.6582277e-06 0.008263906 0.043692578 0.014921392 0.048769545 1.299628e-06 0.015142932 8.1959087e-07 0.017013006 0.0065219533 3.259054e-05 5.2250734e-06 2.4946861e-05 9.4286304e-07 3.110499e-07 1.0250819e-06 3.7483635e-06 9.544864e-06 0.0012635591 4.9564168e-08 8.406035e-06 2.2653717e-07 1.2412982e-06 1.2986307e-06 7.8309974e-08 2.1650512e-05 5.2134532e-09 5.1042656e-07 3.3254264e-06 4.321999e-08 4.482605e-05 1.4963492e-08 8.986679e-08 5.483572e-07 2.9841953e-08 3.0838535e-07 1.196722e-08 1.6284314e-08 0.00047740206 1.5781495e-06 1.989069e-06 4.1769566e-05 0.0006053024 1.243013e-07 1.6078704e-06 3.9061355e-08 2.4633858e-08 0.00019943363 1.4657604e-05
0.8520381 0.1187319 0.69054806 0.11397379 0.16245139 0.011762226 0.9884092 1.2181651e-15 0.96454376 0.071311705 0.48454422 0.0026363216 9.899267e-05 0.0022387896 4.1323074e-05 0.00023549545 0.79936993 0.002289347 0.0055499016 0.000442424 0.5012795 0.5249083 0.5259154 0.082701385 0.00075150095 0.00015781586 0.020814402 0.0031062881 0.13370253 0.51137024 0.33606204 5.483473e-05 0.00031950139 5.2066794e-06 5.614267e-06 0.0072216643 0.5336331 0.47756913 0.14557694 0.026090426 6.7523974e-06 0.00012965988 0.003798952 2.3637465e-09 1.7332663e-06 0.2695053 3.2265834e-06 8.484849e-07 4.171075e-06 0.0054142447 1.0472045e-06 0.00038601572 6.3307176e-05 0.01066983 0.07089034 0.015372608 0.08030937 1.7504825e-06 0.022574633 2.3973037e-06 0.01918384 0.009064733 3.491516e-05 6.5703193e-06 6.711953e-05 2.7939438e-06 2.1074957e-06 9.076821e-07 5.167619e-06 1.052344e-05 0.0017798063 5.1124626e-08 4.2876236e-05 4.606305e-07 4.1026037e-06 3.6644426e-06 4.2617611e-07 1.5183394e-05 1.249231e-08 5.399463e-07 2.5434613e-06 1.4163211e-07 0.0001490355 8.860829e-08 1.2477094e-06 1.6397547e-06 1.5494297e-08 3.239763e-07 3.4581106e-08 2.5054353e-08 0.00052732165 1.3563496e-06 3.1663608e-06 4.226367e-05 0.00065072905 2.4571364e-07 2.343399e-06 1.2017503e-07 7.7992176e-08 0.0001805224 5.0521707e-05
0.80194324 0.13866146 0.8079495 0.043963686 0.7362683 0.0048185564 0.9713977 0.96454376 3.633303e-15 0.6602467 0.96072185 0.00020675553 0.0005918222 0.024118796 8.070863e-06 0.02259305 0.7703123 4.977963e-05 0.056937635 1.2486291e-05 0.08275924 0.415974 0.19167484 0.21058762 0.0077536358 0.0027679333 0.0698173 0.029746672 0.007025415 0.4197399 0.06806182 0.0006127524 0.0041921255 0.00012458001 9.182713e-05 0.0006821254 0.2577581 0.41978025 0.040313628 0.005978087 0.00012508585 4.150509e-06 0.00032325427 9.287628e-08 4.5322275e-05 0.15368292 0.00023929503 4.1497944e-07 0.0011655309 0.0018654345 1.9490487e-07 0.00011882123 7.150961e-06 0.0042024734 0.031623807 0.034565933 0.06785463 6.4742576e-06 0.017591624 0.00017547731 0.025276767 0.010707281 6.473446e-05 0.00013021826 2.1679212e-05 1.8968367e-05 1.0669645e-05 2.2801655e-06 7.3430638e-06 9.677179e-06 0.0029673316 2.4259057e-07 4.8827795e-05 3.920351e-06 5.1396113e-05 1.112153e-05 4.1627695e-06 3.2089887e-05 1.8256362e-08 5.480793e-06 3.4068413e-05 7.062425e-07 0.000119633645 2.5765135e-07 6.097557e-07 1.388533e-06 3.0258523e-08 1.2089554e-07 1.1129492e-08 3.087657e-08 0.0014312859 9.63634e-07 1.5841902e-06 4.6188154e-05 0.00083765545 4.774681e-07 3.2227697e-06 8.2539415e-08 8.210448e-08 0.00021838235 4.2034186e-05
0.8370822 0.012058063 0.40136743 0.0013101161 0.8897337 0.0001769744 0.12913172 0.071311705 0.6602467 6.999979e-16 0.9945691 1.1346411e-05 0.0019536829 0.3095844 5.1164403e-07 0.7606798 0.22008277 1.8549375e-08 0.71805 5.113642e-08 0.00012742006 0.046735935 0.0026912899 0.5219625 0.26480764 0.11934055 0.28911436 0.2135286 6.4204874e-06 0.111207835 0.0008959407 0.009566266 0.04045222 0.0008741411 0.0011176144 5.4587695e-06 0.0459676 0.23783094 0.0016573806 8.8758716e-05 0.0013013887 8.141008e-08 1.1947083e-06 4.1992473e-07 0.0002042277 0.08543116 0.0027238103 4.832474e-09 0.006840586 1.4299884e-05 6.59388e-09 3.8009247e-07 2.4235021e-08 0.00010929166 0.009931485 0.09309421 0.087561175 4.1536114e-05 0.010582421 0.00038107755 0.018026402 0.021529017 3.8398358e-07 0.0004663095 8.087521e-08 1.8750328e-05 8.413623e-06 7.8187486e-07 5.8260785e-08 3.5294028e-07 0.015726238 2.599541e-07 1.7692724e-05 1.5993612e-06 2.3192262e-05 1.6613748e-06 7.222015e-07 2.52827e-07 2.3625622e-08 3.3752102e-07 5.84157e-07 1.1330012e-08 0.000282947 8.311266e-09 6.7647693e-07 8.387693e-07 1.082561e-09 9.5529e-09 6.3521644e-10 2.9340137e-09 0.00027493195 1.1320293e-06 1.2318914e-07 8.644782e-05 0.00091288646 2.130969e-07 1.7634271e-05 3.7322547e-08 6.2573853e-09 2.2744918e-05 2.3579908e-06
0.77054507 0.021612583 0.52689195 0.0065822266 0.63004166 0.0003997631 0.49107894 0.48454422 0.96072185 0.9945691 6.4990337e-17 0.00016192437 0.00039019904 0.08505867 1.15267e-06 0.1431687 0.6304175 1.1674749e-06 0.50181144 2.4620379e-06 0.01018739 0.2266131 0.038371615 0.57193846 0.070753284 0.032439705 0.24054642 0.10312749 0.000708861 0.2694703 0.015010261 0.002676303 0.013091051 0.00013792393 0.00029593098 0.00013040008 0.14068508 0.30316794 0.00878612 0.0013141211 0.00028154813 2.5757017e-06 4.7827016e-05 3.41603e-08 1.4215635e-05 0.113379054 0.00039246117 1.5274615e-07 0.0012638832 0.00024189144 3.538585e-08 2.722e-05 3.9169367e-07 0.00086145505 0.015990753 0.087184355 0.09052233 1.5854575e-05 0.018632295 0.00033131448 0.021306224 0.017819524 9.860058e-06 0.0009643787 8.567874e-06 2.5365227e-05 1.6237367e-05 2.9425212e-07 2.7234748e-07 3.1664786e-06 0.0075026425 2.5771158e-07 4.7414967e-05 3.6866945e-06 3.2065385e-05 1.2108505e-06 1.4909449e-06 7.1889935e-06 1.9197422e-08 7.6260625e-07 4.687553e-07 2.1626354e-08 0.00013181118 2.5754975e-08 7.0323756e-07 3.6273488e-07 4.471534e-09 6.4928564e-08 3.7160766e-10 5.125277e-10 0.0003018336 5.628476e-07 1.2599328e-07 2.0511552e-05 0.0005926711 1.3325258e-07 2.38737e-06 1.9302918e-07 3.0156023e-08 3.818976e-05 6.793329e-06
0.0003758562 0.029040046 0.00088178343 0.007031572 0.0010970948 0.99411255 0.002117943 0.0026363216 0.00020675553 1.1346411e-05 0.00016192437 2.7905223e-17 0.016358752 0.0011274574 0.9965012 2.6543847e-05 0.00047565723 0.02341448 8.824714e-05 0.503726 0.0029717435 0.00020028962 0.00072839047 0.00016006538 3.1267675e-05 5.531497e-06 5.2725045e-05 3.8515504e-05 0.0007942664 0.00017627623 0.00030003072 2.5235393e-05 0.0003819118 2.433468e-06 6.860227e-05 0.00019551151 0.00012307108 4.7831032e-05 0.00012333602 0.00019136864 5.326826e-05 0.0011097395 0.00027707397 7.495758e-08 6.261534e-07 5.0037128e-05 2.9112927e-05 0.00028728467 1.2280979e-05 9.3301125e-05 0.00027885003 0.00010007115 0.000109785564 6.201092e-05 7.364942e-05 6.5122226e-06 8.792231e-05 0.0001589884 0.0001148655 0.0001077893 7.778966e-05 8.7690305e-06 5.583536e-05 1.1305106e-05 9.891505e-06 0.00092883554 0.00012281888 0.0030330494 1.5062332e-05 9.404702e-06 5.4501532e-05 8.003429e-06 0.0016442052 0.0015054536 5.5793575e-05 0.00020830998 6.11276e-05 3.9514152e-06 2.6320017e-06 4.7217865e-05 0.00048807432 3.026066e-06 1.597883e-05 4.6483588e-06 4.5179692e-07 8.391718e-07 2.4671345e-07 1.355721e-06 1.0916842e-06 4.1113282e-07 0.00058358803 4.5601095e-07 1.2431711e-06 4.7415356e-06 0.00013389366 5.9461687e-08 9.022226e-09 1.9641698e-06 3.3904747e-08 0.0062858383 2.9258525e-05
0.006569161 0.2340884 0.017800977 0.0007857623 0.70385873 0.008707739 0.0002521094 9.899267e-05 0.0005918222 0.0019536829 0.00039019904 0.016358752 2.4423007e-15 0.9994741 1.0811879e-05 0.0068602273 4.488714e-05 3.954135e-07 0.00048923417 0.0001639919 8.372364e-07 3.924859e-06 1.046368e-06 0.00012634565 0.00023559386 0.00028728085 4.0543182e-05 0.0001168727 1.5788305e-07 9.7994525e-06 2.6863165e-07 0.014987694 0.006613145 0.018063352 0.011765026 8.18849e-08 9.595815e-07 3.7009263e-06 6.334189e-07 1.18416295e-07 0.0028065904 6.7528804e-06 4.589622e-08 0.779948 0.0014515035 1.025027e-06 0.0016717328 1.2771958e-06 3.396496e-05 3.73513e-07 1.3951957e-07 2.741854e-08 2.0229274e-08 4.214915e-07 1.1863802e-06 5.4531426e-07 2.9451703e-06 0.002933355 5.530883e-07 0.00010829336 2.0368132e-06 1.2827535e-06 4.6485424e-05 4.107654e-06 3.9834988e-05 0.00012583857 2.183563e-06 5.0847666e-06 0.0005568705 1.0562757e-06 4.1677133e-05 1.4482092e-06 7.508669e-05 1.0842448e-06 4.354747e-06 3.1390595e-05 1.09018345e-07 1.0205038e-05 8.090842e-07 6.8688523e-06 8.484844e-06 3.2064526e-07 1.2792102e-05 4.809454e-07 4.5698005e-09 3.8713104e-09 1.2737249e-07 7.937253e-08 7.651457e-09 3.7589235e-08 0.0010516553 1.364762e-07 5.271436e-06 5.058325e-06 0.00035426693 1.277666e-08 2.8567202e-09 1.0144895e-07 5.6232476e-08 0.0002927819 7.0513306e-06
0.37461457 0.007930951 0.009911341 0.0004888658 0.93364084 0.0005902383 0.003017713 0.0022387896 0.024118796 0.3095844 0.08505867 0.0011274574 0.9994741 3.8280563e-16 2.8258606e-07 0.78075457 0.003973886 3.1026357e-07 0.28859648 1.1494976e-06 5.470271e-06 0.0032864385 0.0003794598 0.07237837 0.14546864 0.26206344 0.055349212 0.15505642 3.1525728e-06 0.004906079 0.0002461639 0.07687461 0.042000744 0.017407881 0.015963845 3.7575726e-06 0.00055785704 0.0045967125 0.00012354439 6.4154556e-06 0.004755343 2.0456112e-07 9.43507e-07 0.00025935203 0.0030714984 0.0033519177 0.16489373 6.942354e-08 0.0715454 3.0809476e-06 3.1358646e-10 1.972986e-06 4.8813057e-08 1.2459278e-05 7.976535e-05 0.013345933 0.008312276 0.037579566 0.00015758425 0.009325417 9.4966825e-05 0.0015548394 3.3411285e-07 0.002770906 1.617484e-06 0.0010172551 0.00013328076 1.9630319e-07 3.4024026e-07 6.3272284e-07 0.009276308 1.8261735e-05 3.1448002e-05 6.61605e-06 7.87056e-06 1.1883176e-06 9.684533e-07 2.612269e-06 2.6209154e-06 2.6696316e-07 1.6434886e-06 2.1154856e-08 0.001020864 2.580321e-08 2.4198694e-06 2.7554849e-08 2.4762224e-08 1.1376548e-08 9.744969e-10 9.9476445e-09 0.00046047394 6.0817206e-07 8.078991e-09 0.00013592646 0.0018215807 1.0097887e-07 7.189501e-06 5.5540685e-08 1.1302725e-07 2.7522676e-06 1.3212113e-08
0.3873033 0.00015678062 0.00017732599 0.000521232 0.00084482884 0.002385967 2.6348358e-05 4.1323074e-05 8.070863e-06 5.1164403e-07 1.15267e-06 0.9965012 1.0811879e-05 2.8258606e-07 9.0130225e-13 3.3880582e-07 0.00015790317 0.048464444 7.452525e-05 0.9759541 0.004816383 8.081542e-05 0.00064457057 2.2117254e-05 1.1302778e-05 7.701121e-07 2.2908678e-06 6.581457e-06 0.004012805 0.00040860832 0.008575817 1.109221e-05 2.737513e-05 1.5303074e-07 7.5355774e-07 0.008729469 0.00053662783 0.00013644154 0.00578518 0.006786724 8.1695947e-07 0.8242834 0.017768055 1.947527e-09 2.0363422e-07 0.0001467641 1.8332858e-07 0.020201052 1.0665977e-06 0.007815354 0.022773642 0.006211252 0.016816154 0.0050411522 0.00010037117 2.594496e-05 2.075595e-05 1.3952045e-06 2.6624795e-05 1.4785808e-06 1.1446825e-05 3.6826286e-06 0.017738648 7.6239245e-05 0.0061356374 6.9877984e-05 6.73652e-05 0.45908514 0.008452282 0.0013246028 0.00025955247 1.935133e-06 0.0015120442 9.6953634e-05 8.91124e-05 0.019139722 4.6837504e-05 0.0011619738 8.592224e-08 0.0019446469 0.0022652433 0.00068108016 0.00052384404 0.00072736974 8.669555e-06 2.5052204e-06 0.00030920125 0.0003259217 0.00015082148 4.7487876e-05 0.0023953775 9.117058e-07 9.9692996e-05 2.5223266e-05 0.00026296033 1.6966309e-06 1.9230092e-06 2.91197e-07 4.2013704e-07 0.00030752856 9.045271e-05
0.82407784 0.00030826556 0.009069696 2.1083593e-05 0.60476536 5.606025e-05 0.00039494055 0.00023549545 0.02259305 0.7606798 0.1431687 2.6543847e-05 0.0068602273 0.78075457 3.3880582e-07 1.1799567e-15 0.0014890848 5.9685185e-08 0.8531163 4.430022e-07 1.7310758e-06 0.00040778558 4.4198016e-05 0.049854238 0.48580554 0.9936558 0.045742277 0.19574216 6.183594e-07 0.004650552 4.0115345e-05 0.4700759 0.8333675 0.016994894 0.13480769 4.558657e-07 0.0017119366 0.027117662 0.00012483701 6.961302e-06 0.06468127 1.0050882e-06 4.1958523e-07 4.5671272e-06 0.0061966474 0.01258211 0.6156204 8.0467004e-08 0.2779253 1.243808e-06 3.7166814e-09 1.3148724e-06 2.2012554e-08 6.691536e-06 0.0012864742 0.14401583 0.038734064 0.015753511 0.0023072143 0.01816304 0.004774426 0.023358786 1.3436046e-07 0.013985764 1.2382046e-07 0.0010194222 0.00024247645 2.3091447e-05 1.5395009e-06 3.796507e-08 0.014786887 4.3736156e-05 0.00065565173 4.4326844e-05 0.00025471317 2.3645503e-06 5.6557943e-05 1.3923326e-07 1.08686e-06 2.5478626e-06 1.042562e-06 9.519092e-08 0.0005738952 2.6746074e-08 2.9201083e-06 4.2896095e-06 4.7431903e-10 1.3921196e-08 1.0681016e-09 3.000702e-08 0.00016256681 2.7001204e-06 1.6553869e-06 0.00013482495 0.0006925257 1.3163981e-06 1.000691e-05 1.2775545e-05 6.2606354e-08 0.00046673685 2.3545064e-05
0.8143664 0.10095215 0.601151 0.1294065 0.068240784 0.013780542 0.7749071 0.79936993 0.7703123 0.22008277 0.6304175 0.00047565723 4.488714e-05 0.003973886 0.00015790317 0.0014890848 1.5518962e-12 0.0020144284 0.032794226 0.000101814796 0.6905926 0.98832643 0.96607685 0.13500135 0.001862894 0.0019089928 0.018092986 0.0047165803 0.15976673 0.8661466 0.31656158 0.00028371305 0.0017763939 1.1617998e-05 2.0283145e-05 0.0010046388 0.6312334 0.50283945 0.13475539 0.0109915845 8.364185e-05 1.7054841e-05 0.00023617987 2.6544159e-08 1.2740475e-06 0.31387225 1.6555e-05 6.9544313e-07 5.6489163e-05 0.0017900128 8.8308184e-07 5.176544e-05 4.4292638e-06 0.0054110186 0.12564753 0.012370238 0.098555885 6.2297245e-06 0.046700444 4.3499927e-05 0.034138598 0.009970299 4.0294267e-06 1.5117306e-05 4.383796e-05 8.1878425e-06 2.3674813e-06 5.2956375e-06 2.007116e-06 4.133196e-06 0.0012933373 2.0278435e-06 1.047251e-05 8.568172e-07 1.690907e-05 7.984175e-07 6.341143e-06 1.0085943e-05 4.13224e-07 1.1333017e-06 5.024722e-06 1.8792925e-08 0.0002037981 1.06695985e-08 1.6244235e-06 1.6219716e-06 2.02226e-08 4.6541153e-08 6.041109e-08 6.226647e-08 0.0010552407 5.462123e-06 1.6731752e-07 0.00012892476 0.0015228826 2.536745e-07 5.1946067e-06 2.7654306e-08 3.1314014e-09 0.00013399957 1.4391301e-05
0.93501794 0.00092186395 0.0009395322 0.0381739 1.2481291e-05 0.03784008 0.0004883753 0.002289347 4.977963e-05 1.8549375e-08 1.1674749e-06 0.02341448 3.954135e-07 3.1026357e-07 0.048464444 5.9685185e-08 0.0020144284 1.8522556e-14 5.5231766e-07 0.9975092 0.4584892 0.0022967919 0.062145524 1.4532812e-06 2.3043818e-07 7.897699e-09 1.4363766e-07 1.1221216e-07 0.50021356 0.0128902625 0.5973609 8.4054057e-07 6.543643e-06 5.373647e-08 8.71484e-08 0.72446805 0.110778905 0.004579561 0.37647888 0.46206918 2.2061343e-07 0.48087713 0.7963551 5.2148005e-11 1.1522843e-08 0.008443501 8.128762e-09 0.013269336 2.7950204e-08 0.43798187 0.054300606 0.3910017 0.53677356 0.3027063 0.025094701 2.2726476e-06 0.0007641901 7.126262e-08 0.009853497 1.6786755e-08 0.013159407 0.00021444152 0.028883442 1.14875625e-07 0.080401234 2.2879005e-06 4.8113213e-07 0.0021465665 0.0004722868 0.0029733197 0.0009600534 1.4005517e-08 2.7103797e-05 4.050067e-07 8.761123e-06 0.00013106209 3.3177372e-07 0.0074710525 1.37746845e-08 3.1000257e-06 6.6068883e-06 1.975538e-07 0.0011021368 9.920002e-07 8.522157e-06 1.4135159e-05 4.141867e-05 0.00014048471 2.0696076e-07 1.0344747e-07 0.019625971 3.6022422e-05 8.293365e-07 0.00056393247 0.0024834455 1.3051688e-06 9.8167526e-05 4.248789e-08 1.2359729e-08 1.4492172e-05 1.3966594e-06
0.7299472 0.0023801716 0.042077098 0.0005255328 0.27672175 0.00029412322 0.008109592 0.0055499016 0.056937635 0.71805 0.50181144 8.824714e-05 0.00048923417 0.28859648 7.452525e-05 0.8531163 0.032794226 5.5231766e-07 6.491805e-15 4.8328684e-06 4.86302e-05 0.006334353 0.00029520938 0.8241652 0.97711927 0.81324834 0.8734183 0.86564326 9.327769e-06 0.07173742 0.00017397564 0.034979004 0.11682549 0.00084646844 0.0057036667 3.4145323e-06 0.013642613 0.22619836 0.00040686456 5.104422e-05 0.0052787713 1.6020838e-05 1.7451671e-06 1.6915519e-07 0.00033429055 0.065975346 0.0044239853 1.3117111e-06 0.011618143 1.3889443e-05 1.6356579e-06 2.930816e-06 3.9441073e-08 0.0001595571 0.0049674124 0.39573228 0.117153645 0.00026427794 0.013999143 0.0009300571 0.015757702 0.03144832 1.6155564e-05 0.0020702425 1.1356111e-05 8.685465e-05 3.311649e-05 8.664447e-06 3.845489e-06 6.260946e-06 0.013015364 4.0956256e-06 0.00013244283 3.2667987e-05 0.00013628029 8.765905e-06 1.7207352e-05 1.5191707e-05 7.09566e-07 1.9641351e-05 1.7413258e-05 9.2755364e-08 0.00052191823 2.3702396e-08 5.6222934e-06 4.143742e-06 2.4107637e-08 7.750293e-07 4.2147095e-09 1.4812939e-07 0.0005069135 2.9126213e-06 4.821176e-06 0.00015325414 0.0012828013 7.457102e-07 9.527857e-06 2.9159064e-06 4.2771088e-08 0.0004031895 3.3555847e-05
0.5099416 0.0030309283 0.0012314898 0.20881951 0.0009600269 0.27254915 6.742427e-05 0.000442424 1.2486291e-05 5.113642e-08 2.4620379e-06 0.503726 0.0001639919 1.1494976e-06 0.9759541 4.430022e-07 0.000101814796 0.9975092 4.8328684e-06 1.2556329e-12 0.044000395 0.00024593296 0.014497549 1.6391756e-05 4.002928e-07 8.3466176e-08 3.7384425e-06 1.6333278e-06 0.045965888 0.00044766458 0.05962173 2.5862241e-06 9.5992844e-05 9.9529636e-08 1.6657106e-06 0.10586429 0.005665272 0.000155899 0.03548501 0.06125833 5.2091027e-06 0.65965956 0.17315508 4.6619604e-08 6.3624327e-07 0.0003250764 1.0358435e-06 0.11061674 1.5340416e-06 0.06885935 0.14090894 0.07695641 0.16291982 0.0267106 0.0021314865 7.01587e-07 8.786899e-05 7.278502e-06 0.00062343344 7.2621733e-06 0.0004443997 5.4538677e-06 0.015951717 3.2205116e-06 0.016334774 0.000119487355 2.2092021e-05 0.044474885 0.002068212 0.0012847633 0.0001296856 2.877409e-06 0.00049959956 3.7629863e-05 1.6853368e-05 0.0010854482 5.4740967e-06 0.0027211502 6.3191897e-07 0.0008540603 0.00045121054 1.24587905e-05 0.000568901 3.9070135e-05 1.3528629e-06 1.0059397e-06 0.00025114353 0.0002054845 2.0283436e-05 3.5502637e-06 0.005503022 7.797664e-06 0.00018328201 0.00032825122 0.0015959606 1.2779444e-07 1.547412e-05 4.363639e-08 1.8549083e-07 0.001195358 0.00013884403
0.6437177 0.054483574 0.25902268 0.25071973 0.0025454354 0.058414016 0.4100154 0.5012795 0.08275924 0.00012742006 0.01018739 0.0029717435 8.372364e-07 5.470271e-06 0.004816383 1.7310758e-06 0.6905926 0.4584892 4.86302e-05 0.044000395 1.2878461e-12 0.44626093 0.9829023 0.0009580943 2.6624123e-06 8.328207e-07 0.000103314334 1.2829021e-05 0.98942214 0.25641778 0.6016269 6.9261064e-06 4.895051e-05 5.800175e-07 5.5133696e-06 0.11886117 0.43806008 0.11875007 0.30142885 0.13674612 9.863067e-06 0.0011335629 0.037463985 5.1014233e-09 2.5602898e-08 0.06314608 5.292075e-07 3.62158e-05 3.755656e-06 0.047344677 0.00015101074 0.0024773271 0.0010908553 0.05576604 0.09586619 0.00024414458 0.0067890547 1.0396915e-06 0.015729476 8.46418e-06 0.009600975 0.0012184962 0.00014613562 1.3047583e-06 0.00048980216 1.3463497e-05 3.6967706e-06 7.070013e-05 3.293941e-05 4.1843046e-05 0.0005087592 3.733193e-07 1.2821867e-05 7.697061e-07 5.9696977e-06 1.3254764e-05 1.1635268e-06 8.4689644e-05 2.718669e-07 7.010095e-06 1.1429962e-05 9.5768215e-08 0.00011096534 7.4776516e-08 4.442024e-07 1.008663e-06 1.9598893e-07 1.0076584e-06 2.3386669e-07 1.0481412e-07 0.0013614448 1.0885333e-06 2.5704563e-07 3.4368215e-05 0.0004699166 1.4308738e-07 1.0413347e-06 3.2628502e-09 5.8127525e-10 0.00010010867 3.353112e-05
0.82621557 0.024328949 0.2940378 0.037772514 0.022568569 0.006018005 0.46408024 0.5249083 0.415974 0.046735935 0.2266131 0.00020028962 3.924859e-06 0.0032864385 8.081542e-05 0.00040778558 0.98832643 0.0022967919 0.006334353 0.00024593296 0.44626093 8.1518095e-15 0.9153128 0.08438294 0.0009698291 0.0006177314 0.0134720905 0.0036436112 0.1077018 0.95827997 0.20731378 0.00020825474 0.00297583 7.924162e-06 5.8559026e-06 0.0010695437 0.6435489 0.57821715 0.10877532 0.011248493 2.6566107e-05 3.0550353e-05 0.000168341 5.2433107e-09 3.1813605e-07 0.36633486 1.0795723e-05 5.981713e-07 5.4391716e-05 0.0015834032 5.975487e-07 5.161027e-05 2.9006544e-06 0.0065369825 0.18231101 0.022157665 0.118941784 1.8900047e-06 0.054697737 9.481696e-05 0.045992363 0.008384023 7.1896857e-06 1.8987046e-05 1.3334997e-05 1.2846945e-05 2.2272097e-06 8.578793e-07 7.1271893e-07 3.0461981e-06 0.0018894146 9.799718e-07 1.8636803e-05 1.6821034e-06 1.9049183e-05 3.7749876e-07 1.12879125e-05 7.4993477e-06 1.5139668e-07 6.2418417e-07 3.3861481e-06 1.2265301e-08 0.00045719324 3.768225e-09 4.34824e-06 6.4240458e-06 4.6248845e-09 3.1180885e-08 7.668014e-08 9.072874e-09 0.0007431953 3.5095345e-06 8.528172e-08 0.00024282589 0.0010624994 1.0255542e-06 2.7169583e-05 8.754492e-08 1.0858415e-08 1.3474672e-05 3.7567665e-06
0.7887208 0.029424978 0.29684958 0.08498654 0.012131468 0.015298575 0.42082968 0.5259154 0.19167484 0.0026912899 0.038371615 0.00072839047 1.046368e-06 0.0003794598 0.00064457057 4.4198016e-05 0.96607685 0.062145524 0.00029520938 0.014497549 0.9829023 0.9153128 5.9884674e-14 0.01031076 5.9163223e-05 3.4395493e-05 0.0016650102 0.00024158481 0.8519925 0.78411746 0.6197217 3.8292932e-05 0.0007923679 5.107005e-06 4.493796e-06 0.028393142 0.6309852 0.33227873 0.26654035 0.08485734 1.9589608e-05 0.00033164863 0.005163545 7.48394e-09 2.889022e-07 0.1899914 4.3184236e-06 1.3097493e-05 3.2391516e-05 0.013823648 2.7588152e-05 0.0007962725 0.00014449976 0.040834807 0.14081435 0.002889773 0.025577936 1.4235042e-06 0.03350738 3.01517e-05 0.02104974 0.0019369823 5.1907027e-05 3.8781486e-06 0.000105899504 1.7682754e-05 7.820565e-06 1.2955475e-05 1.13704145e-05 1.5626332e-05 0.00089461816 9.097594e-07 1.3637707e-05 7.787706e-06 8.997939e-06 1.3231564e-05 2.634709e-06 3.5448797e-05 4.0433443e-07 5.9921704e-06 1.5115388e-05 1.2513625e-07 0.00015503094 3.2523015e-08 1.946353e-06 1.4346989e-06 6.550411e-08 6.235916e-07 1.5441114e-07 6.661997e-08 0.0009789907 7.993363e-07 9.762243e-08 6.953715e-05 0.00063496915 1.550934e-07 2.1705268e-06 7.6286515e-09 1.6709792e-09 6.559098e-05 1.3460132e-05
0.8866612 0.0061560166 0.09701822 0.0029458122 0.0670805 0.00053804985 0.08761451 0.082701385 0.21058762 0.5219625 0.57193846 0.00016006538 0.00012634565 0.07237837 2.2117254e-05 0.049854238 0.13500135 1.4532812e-06 0.8241652 1.6391756e-05 0.0009580943 0.08438294 0.01031076 1.4227581e-13 0.2883622 0.11276308 0.99048835 0.630795 0.00046175517 0.48792836 0.007069255 0.007975253 0.04911393 4.6086865e-05 0.0017253238 5.6785208e-05 0.4472682 0.75389296 0.008342064 0.0005644038 0.0017944612 5.920703e-05 1.9418392e-05 1.9500705e-08 1.9648864e-05 0.54889864 0.00070869975 7.9299485e-07 0.0022262863 0.0002566497 1.3587097e-06 9.955756e-06 5.1054104e-07 0.0042362856 0.1295439 0.7690608 0.5807415 7.317014e-05 0.14244325 0.0002539799 0.14900053 0.16549465 1.4777341e-05 0.0011312831 1.3621291e-05 5.7095116e-05 1.8082988e-05 1.4683242e-06 1.6362509e-06 2.1199281e-05 0.020613305 1.9754468e-06 8.018315e-05 3.2164169e-06 0.00048791256 1.6813073e-07 0.00016341738 1.775071e-05 4.746879e-06 2.1154074e-06 2.738175e-06 7.869204e-09 0.0016542193 1.977533e-08 2.8529088e-05 0.00010859534 1.6355221e-08 1.0684124e-07 3.5040962e-08 4.1067e-07 0.0011881042 3.5718684e-05 8.067743e-07 0.00043644515 0.0022268244 4.474996e-06 7.4494834e-05 6.113284e-07 2.3045388e-08 0.00010003499 7.88919e-06
0.52153504 0.0007226414 0.010845413 0.00037870728 0.056292072 0.0003011628 0.0011298496 0.00075150095 0.0077536358 0.26480764 0.070753284 3.1267675e-05 0.00023559386 0.14546864 1.1302778e-05 0.48580554 0.001862894 2.3043818e-07 0.97711927 4.002928e-07 2.6624123e-06 0.0009698291 5.9163223e-05 0.2883622 1.5329473e-16 0.9115181 0.5178786 0.9738754 2.1358164e-06 0.012294785 1.1538089e-05 0.029878445 0.14315468 0.00054046855 0.003976627 1.3472802e-06 0.002184139 0.05846996 8.1982624e-05 6.8785475e-06 0.0046112547 4.2086594e-06 8.9876005e-07 3.2624274e-07 0.00018084205 0.0247903 0.009089534 2.0895371e-07 0.032833412 3.4885154e-06 1.1903701e-07 1.1030799e-06 6.8794224e-09 2.9097326e-05 0.0021539028 0.42895868 0.09992487 0.0007907293 0.0073197084 0.0061546694 0.011771603 0.034130123 2.321296e-06 0.01862567 1.9212405e-06 0.0003595186 0.00010471697 5.600358e-06 4.2146863e-07 1.7353634e-06 0.012482006 2.7605472e-05 0.0032672274 6.252536e-05 0.0038130532 2.3390537e-06 0.00022075753 3.111411e-06 7.650202e-07 6.752719e-06 2.9550624e-06 8.102559e-08 0.0014556247 8.416939e-09 7.599006e-05 6.8567606e-05 3.133672e-09 1.3819798e-07 1.0074427e-09 4.643307e-08 0.0004927996 7.994172e-05 8.47226e-07 0.00043188359 0.0018857846 4.2181644e-05 0.00011022661 5.478988e-05 1.383043e-06 0.00021295928 1.8267212e-06
0.8411649 0.00019433019 0.0031370588 0.00010753518 0.041688982 7.355845e-05 0.00018919361 0.00015781586 0.0027679333 0.11934055 0.032439705 5.531497e-06 0.00028728085 0.26206344 7.701121e-07 0.9936558 0.0019089928 7.897699e-09 0.81324834 8.3466176e-08 8.328207e-07 0.0006177314 3.4395493e-05 0.11276308 0.9115181 1.9933152e-17 0.19674581 0.8529392 4.3997872e-07 0.013113355 3.7625605e-06 0.0763056 0.32571024 0.0017263328 0.011235722 2.6973498e-07 0.002333226 0.084784605 5.5933102e-05 1.8326311e-06 0.011075594 1.0035537e-06 1.4255303e-07 7.873341e-07 0.0004974872 0.032363046 0.054510463 8.978758e-09 0.19942138 2.9524298e-07 2.9872917e-09 4.4063546e-07 1.0943217e-09 6.0626076e-06 0.0031245109 0.55395514 0.13717064 0.0052508023 0.012695042 0.017480522 0.031038195 0.09908261 1.3833887e-06 0.1298628 1.3289001e-07 0.0020913824 0.001212454 3.7160328e-07 8.201757e-07 2.0498899e-07 0.06376602 0.00019624754 0.011055375 0.00015531122 0.016244438 1.1373348e-06 0.0010556313 7.5358065e-07 1.881868e-06 6.9033916e-07 1.0361019e-07 5.0556864e-08 0.0038726036 9.133435e-09 0.00031402792 0.000205941 6.824151e-10 7.797195e-08 1.290806e-10 5.319677e-09 0.0009230494 0.0002814335 8.474012e-07 0.001168004 0.0060065207 0.00038590436 0.0009804155 0.00013858477 1.5544405e-05 0.0010562774 3.132937e-05
0.8427421 0.0023683354 0.039183814 0.0015571825 0.033248253 0.00023612154 0.022526687 0.020814402 0.0698173 0.28911436 0.24054642 5.2725045e-05 4.0543182e-05 0.055349212 2.2908678e-06 0.045742277 0.018092986 1.4363766e-07 0.8734183 3.7384425e-06 0.000103314334 0.0134720905 0.0016650102 0.99048835 0.5178786 0.19674581 2.1373756e-15 0.907827 2.6756576e-05 0.1833668 0.00062833115 0.010183121 0.059319656 0.00017517385 0.0011786576 4.3152045e-06 0.11393417 0.5284444 0.0012944582 2.9107347e-05 0.0014879181 9.671477e-06 1.847653e-06 3.6610995e-08 3.0450232e-05 0.34552485 0.0028341908 2.486463e-07 0.01311006 2.562194e-05 1.2873018e-07 1.7904704e-06 3.563299e-08 0.00046678048 0.051659636 0.8269077 0.5579518 0.00013582876 0.10991362 0.001211482 0.10322433 0.19597337 9.4958665e-07 0.012716847 1.060051e-06 9.588716e-05 4.4989865e-05 1.8195949e-07 2.0157202e-07 2.0894504e-06 0.037794016 9.9944355e-06 0.00063748227 8.288199e-06 0.003868298 1.5171929e-07 0.00046146355 1.8684292e-06 2.1072767e-06 6.205287e-07 3.9718978e-07 3.959429e-09 0.0045810654 3.4153897e-09 0.00015800711 0.00014098293 2.5044258e-09 1.5473743e-08 3.5237253e-09 9.228134e-09 0.0006839663 0.00014383145 9.883801e-08 0.0006433009 0.003592186 8.121936e-05 0.00037834776 4.2716188e-06 1.5397476e-06 8.947351e-06 1.0982923e-06
0.80791456 0.0009671975 0.019049188 0.00086115027 0.04151926 0.0006167563 0.002797457 0.0031062881 0.029746672 0.2135286 0.10312749 3.8515504e-05 0.0001168727 0.15505642 6.581457e-06 0.19574216 0.0047165803 1.1221216e-07 0.86564326 1.6333278e-06 1.2829021e-05 0.0036436112 0.00024158481 0.630795 0.9738754 0.8529392 0.907827 3.1828203e-16 3.5686387e-06 0.09141467 5.28691e-05 0.045187693 0.2592179 0.00078501744 0.0069107334 1.6080037e-06 0.02298164 0.23579921 0.00026095202 9.862841e-06 0.006222075 6.053953e-06 1.3227293e-06 1.7044451e-07 0.00030087028 0.2034831 0.0073848916 3.8890096e-07 0.032379355 3.7014627e-06 6.733086e-08 5.087126e-07 1.4755436e-08 9.475911e-05 0.022453565 0.87685835 0.5143013 0.0005838401 0.046585467 0.004345994 0.052878723 0.23433866 1.6257625e-06 0.059149798 1.3507665e-06 0.00046201484 0.00021951493 4.0319137e-06 4.8083723e-07 1.1096628e-06 0.04868223 6.135128e-05 0.0075261663 3.0476205e-05 0.021577017 8.843393e-07 0.002127084 2.7479348e-06 1.0108143e-06 1.2198645e-06 1.5626489e-06 9.5470746e-08 0.006586302 1.306003e-08 0.0009885471 0.0006318118 4.2091104e-09 3.2078813e-07 1.8667698e-09 6.9748445e-08 0.00038562473 0.0006143697 4.186318e-06 0.0010203117 0.0038562918 0.00039673632 0.00093219086 0.00023229195 2.170333e-05 0.0004300378 2.7657674e-05
0.7365629 0.00917928 0.03694609 0.041031014 0.00023923752 0.0132891545 0.059736107 0.13370253 0.007025415 6.4204874e-06 0.000708861 0.0007942664 1.5788305e-07 3.1525728e-06 0.004012805 6.183594e-07 0.15976673 0.50021356 9.327769e-06 0.045965888 0.98942214 0.1077018 0.8519925 0.00046175517 2.1358164e-06 4.3997872e-07 2.6756576e-05 3.5686387e-06 1.6221281e-13 0.17136686 0.943425 4.371541e-06 1.5984913e-05 4.270028e-07 3.9622017e-07 0.52966857 0.5462535 0.057807393 0.57359546 0.51548404 1.4013359e-06 0.0024553693 0.25046983 5.52992e-10 1.49007775e-08 0.055062797 1.2296812e-07 8.544989e-05 9.301567e-07 0.23196726 0.00031554728 0.019999832 0.0066241915 0.2913961 0.16598876 0.000104800085 0.0033971264 2.4341816e-07 0.017618295 2.724515e-06 0.00768589 0.00051152403 0.00021177407 1.8383577e-07 0.0013497856 4.862925e-06 2.2429767e-06 5.169746e-05 5.0516217e-05 8.245535e-05 0.0004076182 2.7352607e-07 3.4343293e-06 5.8962524e-07 2.7259082e-06 9.725121e-06 5.329026e-07 9.49392e-05 1.2818393e-07 3.0484823e-06 7.445304e-06 1.7107995e-07 9.3981434e-05 9.09412e-08 2.7321466e-06 1.0707508e-06 4.019492e-07 5.5515425e-06 1.6816584e-07 2.9648826e-08 0.0026158153 1.1364859e-06 3.8911617e-07 5.9123293e-05 0.0005305393 1.5269326e-07 2.5713305e-06 1.1370538e-08 8.076907e-10 2.871451e-05 9.859559e-06
0.9058615 0.02351798 0.24506919 0.040698722 0.02550536 0.0070207436 0.4825561 0.51137024 0.4197399 0.111207835 0.2694703 0.00017627623 9.7994525e-06 0.004906079 0.00040860832 0.004650552 0.8661466 0.0128902625 0.07173742 0.00044766458 0.25641778 0.95827997 0.78411746 0.48792836 0.012294785 0.013113355 0.1833668 0.09141467 0.17136686 2.03631e-12 0.35434332 0.0007531228 0.0067770197 6.351063e-06 2.1806425e-05 0.002716939 0.9335048 0.9227113 0.2249552 0.034924705 0.00016739518 0.00014642885 0.0003865132 1.1641005e-08 1.1502543e-06 0.6471435 0.00017050265 2.1346068e-06 0.00047449983 0.0029270707 7.163705e-06 0.000118721444 7.752656e-06 0.01625021 0.52245206 0.08244176 0.31349367 5.382749e-05 0.15831488 0.0005940988 0.14085974 0.030339353 1.7357665e-05 0.0001307374 9.2127295e-05 3.924434e-05 4.8829286e-05 1.9958328e-05 1.5362899e-05 2.6498143e-05 0.008645217 3.3209549e-06 8.384214e-05 7.6290703e-06 0.0004096716 1.6171216e-06 0.00012855484 7.2743416e-05 1.6663063e-06 6.1095074e-07 1.0605708e-06 4.975426e-08 0.0017831 1.6372045e-08 0.00012373576 0.00020066033 6.414495e-08 4.4353146e-07 6.5646695e-08 3.1333567e-08 0.0020494866 0.00016809505 9.550478e-07 0.00085709593 0.003438751 9.588904e-06 0.00028562426 1.8338533e-06 2.4450628e-07 6.424055e-05 1.330762e-05
