1.688515e-30 0.84408534 0.7685476 0.79206234 0.7086336 0.8700204 0.98835474 0.5376532 0.5047898 0.9160586 0.3823307 0.40884387 0.90738344 0.12400312 0.05422464 0.81565815 0.4636978 0.75146323 0.91620153 0.15763415 0.025916377 0.85728633 0.056036163 0.018400433 0.64512354 0.011702383 0.9330375 0.88854504 0.88358265 0.06674052 0.60488683 0.16118437 0.002537752 0.2050941 0.007910051 0.0012251355 0.9239489 0.006514531 0.88277173 0.8772016 0.9341218 0.007877977 0.9615665 0.00071916264 0.21521915 0.18204494 0.98858 0.9348325 0.8032059 0.94826037 0.9832582 0.029766396 0.9050842 0.26682255 0.7909916 0.9273135 0.00023330633 0.018829705 0.9425548 0.09010569 0.91908777 0.10966702 0.9181353 0.8563003 0.8540589 0.9987048 0.00029228223 0.9507621 0.013208058 0.9988704 0.007929265 0.32881188 0.86719334 0.8989698 0.7691054 0.81259507 0.67632544 0.8597714 0.921722 0.99799544 0.16971783 0.18010831 0.001817327 0.7293198 0.99948364 0.9999264 0.69345784 0.26116487 0.94832486 0.9841471 0.948595 0.2422837 0.0030982008 0.9999699 0.95325243 0.5719411 0.97486913 0.00051638996 0.7493518 2.3841596e-06 0.15039364
0.84408534 2.070663e-19 0.9623953 0.46913132 0.97062796 0.24058531 0.33166355 0.022022257 0.04946352 0.15388666 0.0049137697 0.003421709 0.018410996 0.092662565 0.14470099 0.034362096 0.0035655536 0.0050177095 0.060426872 0.04205466 0.030758906 0.0021059047 0.020502018 0.033179145 0.0066323937 0.022094222 0.06003477 0.007884192 0.010298088 0.0048934156 0.0032276867 0.0024442568 0.004443353 0.0009982581 0.0076285796 0.0014884112 0.023545202 0.010493887 0.00031391863 0.021642728 0.0002936182 0.0030723657 0.039856892 0.0006364888 0.00022036923 7.0111884e-05 0.04205508 0.00017661427 5.935916e-05 0.00042352613 0.030109894 8.012261e-05 1.2554062e-05 0.00041074192 0.025283435 1.9555768e-05 9.113546e-05 0.0002074652 0.00073816034 2.4508304e-06 0.00036841305 1.6673476e-06 1.6281405e-05 1.024666e-05 1.2210605e-05 0.006633605 0.00015004117 9.9524856e-05 0.00039472312 0.011082046 3.7682148e-05 5.6094664e-06 5.560492e-06 8.975031e-06 5.2526025e-06 6.422404e-06 3.8987187e-06 0.013259089 7.4070354e-05 0.023635289 1.3826127e-05 5.2842256e-06 1.14724635e-05 1.8108157e-06 0.0005237122 0.0013980469 1.6861861e-06 9.2941096e-05 0.00017422435 0.0005460952 0.0008260215 1.4273017e-05 3.8361136e-07 5.5368044e-05 0.0017312559 2.6987611e-06 0.0011566808 3.2920703e-08 2.2257544e-05 1.4748522e-05 1.057139e-05
0.7685476 0.9623953 4.5774686e-20 0.04673658 0.9136526 0.6439264 0.043012377 0.17433533 0.005614035 0.22957587 0.03822295 0.029490013 0.000616199 0.7374076 0.74672455 0.055851594 0.022532374 0.05108993 0.04792252 0.5247452 0.2998196 0.018661018 0.2748817 0.012364301 0.00034560767 0.01954016 0.02243429 0.017806841 0.011661223 0.00043012082 0.034208853 0.0001037178 0.0020665736 7.018668e-05 0.07169476 0.0015685218 0.0022720974 0.028114662 0.0061536073 0.0034509094 0.0051809056 0.07406107 0.011475836 0.00075443723 0.0011409417 0.00046216426 0.022480877 0.0015749366 0.00043485576 0.0013206087 0.006690002 4.46966e-06 0.00013878672 1.9573017e-06 0.0016457615 5.1711264e-05 5.349937e-06 2.8771994e-05 0.00095720834 2.3990362e-05 0.0005953966 3.3162156e-05 4.4848028e-05 2.9595056e-05 2.5219488e-05 0.004004038 8.0318845e-05 0.00016502957 0.001891699 0.0036734547 1.1185132e-06 4.8140228e-06 4.827673e-06 1.4018164e-05 7.648281e-06 8.332461e-06 1.1886423e-05 0.0003476904 1.3019832e-05 0.0037445591 1.5342457e-05 4.267026e-06 3.6051206e-06 3.1195016e-06 0.00038811698 0.00056756544 2.509204e-06 6.498168e-05 3.400395e-05 0.0011821185 9.83148e-05 4.0898703e-07 7.5054544e-05 4.9205126e-05 0.00019686235 1.5591878e-06 0.0005825888 2.6956643e-06 1.9266192e-05 0.00023355856 1.1652074e-05
0.79206234 0.46913132 0.04673658 9.809112e-19 0.18762903 0.011819782 0.9127085 0.0014917649 0.93386644 0.07872447 0.001194656 0.0019082204 0.5837461 0.0039392756 0.0057940665 0.02377238 0.0006433322 0.00043551793 0.06754928 0.0007257269 0.0018045726 2.9190294e-05 0.00083290023 0.47811952 0.13201553 0.07813809 0.0589157 0.0012915661 0.018030675 0.43202126 0.0005300766 0.021708231 0.020774428 0.07247939 0.00042765323 0.002708398 0.074762166 0.00092580623 1.7425436e-05 0.03948034 4.597541e-05 4.4400545e-05 0.032118395 0.00011757633 6.669852e-05 7.6054325e-06 0.020483822 2.7963231e-05 4.5009497e-06 0.00020571626 0.08825548 0.0027170568 1.2223742e-06 0.0013646567 0.12313832 5.887058e-06 0.0007975813 0.0017984916 0.00047836325 5.9887174e-07 8.613553e-05 1.4005369e-06 3.808946e-06 2.1117548e-06 1.2854979e-06 0.0010389229 0.00025277 1.5579668e-05 2.4612807e-05 0.0040111598 0.000120274955 2.4773728e-06 6.2836915e-07 1.049494e-06 8.033093e-07 6.889349e-07 4.8444673e-07 0.0317872 7.762791e-06 0.070724584 4.9963337e-06 1.604704e-06 9.9969286e-05 1.5977977e-07 0.00024065237 0.0012204755 1.8681591e-07 0.00012389706 1.7317258e-05 0.00021375364 3.1514803e-05 0.00037982184 5.5964874e-06 7.593347e-05 4.876116e-05 2.338841e-07 7.0327114e-05 1.648221e-06 7.2778294e-06 3.4789684e-07 3.5497592e-06
0.7086336 0.97062796 0.9136526 0.18762903 8.529895e-16 0.09945598 0.062987395 0.019553425 0.044891775 0.03738343 0.014345835 0.010890094 0.0087534115 0.5530183 0.77771586 0.009220417 0.0108513255 0.018435275 0.0072574215 0.16572534 0.5211669 0.0035375785 0.16290703 0.20202929 0.0065761595 0.24403319 0.012862327 0.0007447072 0.00078817824 0.033946432 0.028104028 0.004568775 0.030014664 0.0043897503 0.23237933 0.02268367 0.0055485712 0.2572254 0.00059994444 0.0037537673 0.0001208647 0.07582546 0.006331023 0.042445447 0.0005434458 0.00038476792 0.0074186227 3.728884e-05 9.6726166e-05 7.365188e-05 0.0034946962 0.00050472596 2.4578303e-05 0.00022111004 0.006730587 2.0062178e-05 0.00063316204 0.00055806135 6.635768e-05 0.000181332 9.786387e-06 8.557784e-05 3.0506023e-06 6.768102e-06 1.8462624e-05 0.00044898124 0.0021337157 2.1467067e-06 0.005891788 0.0006298247 7.87754e-05 6.59517e-05 6.72368e-06 2.8786965e-06 2.769297e-06 8.464123e-06 8.488187e-06 0.0042767487 3.4525187e-06 0.003977575 5.9390535e-05 4.5418332e-05 8.4482e-05 1.3759391e-06 0.00038740973 0.0011680345 6.5813975e-07 0.0074948873 2.5217362e-06 9.943013e-06 1.0917918e-05 3.0845335e-05 2.7775985e-05 4.0313622e-05 3.1466694e-05 9.677884e-07 1.9084093e-05 2.533858e-07 7.4721556e-06 0.004172777 8.75417e-05
0.8700204 0.24058531 0.6439264 0.011819782 0.09945598 1.4146769e-22 0.056820143 0.9753961 0.0007642998 0.8596242 0.45487392 0.39365035 0.00015754066 0.27156734 0.10729797 0.28927705 0.2413317 0.36547348 0.109762564 0.38561368 0.042009402 0.26004896 0.13531928 0.00038784114 4.2067993e-05 0.00068140076 0.03841594 0.047782514 0.0352733 7.974727e-06 0.08952641 1.1283275e-05 1.0314112e-05 5.0559233e-06 0.0051333075 1.2280288e-05 0.0021484888 0.0010539404 0.0071269665 0.004398338 0.0037987675 0.012790962 0.021278044 9.595546e-06 0.0007104572 0.0003093086 0.06606421 0.0016992381 0.00018042345 0.0028123842 0.0072215204 5.5575845e-07 2.6318045e-05 8.8550894e-07 0.0026125158 1.5031753e-05 9.025414e-06 1.0400302e-05 0.0018938301 1.6483664e-05 0.0011416111 1.430946e-05 1.3163635e-05 7.2644316e-06 1.0178261e-05 0.020059334 6.6693965e-06 0.00023128661 0.0028028751 0.012129976 4.984414e-07 1.2894909e-06 1.3035667e-06 2.9238508e-06 3.1841635e-06 5.957015e-06 1.0461235e-06 4.283782e-05 2.2098828e-05 0.00284679 4.905484e-06 3.3134195e-06 2.7110761e-06 5.7083406e-07 0.0016249924 0.00090449874 5.849085e-07 3.7069047e-05 3.1666586e-05 0.0001495469 0.0001712776 1.6953182e-07 7.438444e-07 0.00016265179 0.00027097765 2.4712813e-07 0.00012527734 2.3981644e-07 1.4448431e-06 4.0045908e-08 3.2176076e-06
0.98835474 0.33166355 0.043012377 0.9127085 0.062987395 0.056820143 8.017263e-21 0.001211861 0.14191155 0.3848115 0.0005296794 0.0008052212 0.28995535 0.001164922 0.0009827676 0.05840453 0.00035591406 0.00015479574 0.36734763 0.00037093676 0.00042752092 3.5967907e-05 0.00014111515 0.0191553 0.05116797 0.008309914 0.76449746 0.0006204787 0.016866263 0.01945709 8.376582e-05 0.011208422 0.00182032 0.008335924 1.1124256e-05 0.00031013478 0.7398507 3.2843924e-05 1.8192229e-06 0.4241743 3.545899e-06 3.3032145e-05 0.29617783 1.861098e-05 3.0677072e-06 8.106366e-07 0.10290317 1.1702336e-06 6.663799e-07 1.1283403e-05 0.46811438 0.00019246845 1.5211799e-07 0.0014654844 0.43061632 3.3241596e-07 3.0770556e-05 0.0003443007 2.2514732e-05 5.082834e-07 3.8045534e-06 7.0795863e-07 9.99028e-08 2.2652377e-07 5.1498415e-07 0.011598864 2.0002533e-05 7.343053e-07 2.011751e-05 0.050300386 5.1332213e-06 4.3105834e-07 4.1976953e-08 1.1963084e-07 2.6310366e-07 4.1749172e-07 9.060583e-08 0.027514257 4.338024e-07 0.21745922 4.856374e-07 5.65969e-07 4.708623e-06 6.6433654e-09 0.0005952379 0.0118325325 3.2451928e-09 8.977132e-05 4.000129e-06 6.98134e-06 1.9018378e-05 5.969251e-05 4.627051e-07 6.895483e-05 1.6217326e-05 9.835179e-10 1.4344903e-05 5.041168e-07 1.3745657e-08 6.2952132e-09 2.0449822e-06
0.5376532 0.022022257 0.17433533 0.0014917649 0.019553425 0.9753961 0.001211861 6.713234e-20 0.00019094624 0.5443229 0.83617234 0.7178806 3.9352653e-05 0.14653008 0.029572897 0.23097518 0.35873547 0.46278584 0.035378285 0.37520343 0.015621908 0.314217 0.10744115 4.2749994e-05 9.586279e-06 0.00010200149 0.005424918 0.049188755 0.02115449 6.0675297e-06 0.08141251 2.2221307e-06 7.951785e-06 3.0791352e-06 0.0007853631 6.9474804e-06 0.00010805815 0.00020592725 0.019553574 0.00043687905 0.017577387 0.00462453 0.0039548823 4.4121216e-06 0.0015220647 0.0006574441 0.01925109 0.0040504206 0.0023561185 0.0068873633 0.0017148468 3.3048087e-07 0.00039230366 2.5918968e-07 0.00059743365 0.00023290419 2.2308895e-06 3.8672206e-06 0.00522357 9.776615e-05 0.0022285061 0.00015148529 0.00040196977 0.00016954484 0.00013407753 0.011020996 4.776473e-06 0.0010619484 0.0014886768 0.0053936867 4.930955e-07 5.672892e-05 2.0078065e-05 0.00012863528 7.565475e-05 9.8058976e-05 2.0073812e-05 1.3263275e-05 0.00027313447 0.0007586985 1.8843079e-05 1.0703951e-05 1.2322621e-06 8.214106e-06 0.0019569611 0.00056431664 2.1829184e-05 1.8614724e-05 0.00039131366 0.0010454848 0.0006399492 1.08084784e-07 1.179529e-06 0.00014238071 0.0005653986 9.35428e-06 0.0005661872 5.561709e-07 3.1269523e-05 2.882087e-09 2.8952513e-06
0.5047898 0.04946352 0.005614035 0.93386644 0.044891775 0.0007642998 0.14191155 0.00019094624 1.9541093e-20 0.0047849766 2.7845661e-05 6.872911e-05 0.94937897 0.0005732303 0.0006678056 0.001672112 7.3665183e-06 3.245071e-06 0.005307499 1.8378583e-05 0.00025948713 7.0011725e-07 1.523025e-05 0.3319098 0.6542418 0.05239016 0.007694772 2.6420952e-05 0.0004648294 0.64392483 7.758932e-05 0.15098603 0.034835305 0.43222818 7.070198e-06 0.0023733873 0.017725464 9.105493e-05 2.8821273e-06 0.006558554 3.829383e-06 2.1930337e-06 0.0039533284 1.3263261e-05 7.5975527e-06 7.0979684e-07 0.0013937628 1.2411904e-06 3.532403e-07 7.967081e-06 0.007887204 0.024642706 1.50059e-07 0.005413176 0.062038224 3.6027674e-07 0.0015140875 0.009200144 1.5775964e-05 1.03276555e-07 2.3415914e-06 2.984567e-07 2.385648e-07 1.4012149e-07 1.4087625e-07 2.480838e-05 0.0001533929 4.608757e-07 6.836679e-06 0.00011336661 0.0010636785 2.287548e-07 9.250854e-08 1.2785955e-07 7.304697e-08 1.1447283e-07 5.8923707e-08 0.038222503 1.7612942e-07 0.012151598 1.2765103e-06 2.8932078e-07 0.0001953995 2.7358306e-08 3.3511533e-06 7.242286e-05 4.175664e-08 5.5588567e-05 3.981721e-07 3.628835e-06 6.871509e-07 0.00020120532 2.8588028e-07 2.3708978e-06 5.7470186e-07 1.2705705e-07 1.018414e-06 7.670545e-08 1.3288425e-06 2.7978368e-08 4.6015434e-06
0.9160586 0.15388666 0.22957587 0.07872447 0.03738343 0.8596242 0.3848115 0.5443229 0.0047849766 1.5344074e-19 0.24781597 0.3540513 0.0017263822 0.048173517 0.01582643 0.94438946 0.13658576 0.097284995 0.7789237 0.042034943 0.0041204155 0.095845744 0.01374412 0.00083605124 0.0015476355 0.0012369932 0.49762076 0.16058758 0.23103145 3.4054185e-05 0.02125522 0.0006497822 1.8885301e-05 9.202569e-05 0.00012052631 2.3025386e-05 0.05020907 0.00015232177 0.00791832 0.062953785 0.03011463 0.00012689897 0.11840799 1.7887833e-05 0.0031929836 0.0016050017 0.25144136 0.015125419 0.00036641056 0.018249758 0.0589998 4.1095386e-06 0.00032409825 4.0291943e-05 0.01445274 0.00013741557 2.0934047e-05 7.0087684e-05 0.005790857 0.00023675786 0.0043583247 0.00035245714 0.00016400756 7.2121526e-05 6.0427603e-05 0.15281613 1.6286422e-05 0.0013507578 0.00046484047 0.10972259 1.9465197e-06 3.8385988e-05 1.0424402e-05 8.133315e-05 7.5218566e-05 7.112253e-05 7.3480646e-06 0.0013060973 0.00037511138 0.0166653 5.2617903e-05 3.6407888e-05 2.3322777e-06 5.966601e-06 0.04494568 0.0132739125 4.3084196e-06 0.00013316463 0.00071479 0.0017524597 0.003520097 3.6699932e-06 1.812446e-05 0.002379628 0.0031014616 4.34596e-06 0.0018670997 2.9170133e-06 2.2080543e-05 3.5389025e-08 1.0065381e-05
0.3823307 0.0049137697 0.03822295 0.001194656 0.014345835 0.45487392 0.0005296794 0.83617234 2.7845661e-05 0.24781597 6.260072e-20 0.9361679 1.6637237e-05 0.096991815 0.012823788 0.10018471 0.8098724 0.9491608 0.018924953 0.27393016 0.0074770544 0.6790043 0.104791276 1.3339996e-05 8.5036913e-07 2.0977755e-05 0.0027364835 0.07129822 0.016021742 3.876001e-06 0.31740957 1.3693537e-07 1.0957729e-06 1.8492184e-06 0.00014060695 1.9002413e-06 3.9607512e-05 7.57195e-05 0.11167204 0.00014709494 0.06524482 0.006133441 0.0014773383 3.0128829e-06 0.00877403 0.0050026756 0.010995506 0.0125079295 0.020831674 0.020530004 0.000525268 5.8806916e-07 0.004682998 5.559028e-08 9.428027e-05 0.00091505767 3.665278e-06 1.0571626e-06 0.010899227 0.00036479067 0.0067770486 0.00029038434 0.00089900737 0.00047805475 0.00032231325 0.0070887324 7.1218124e-06 0.0017646863 0.009301369 0.003290859 2.6228494e-07 0.00021951199 9.360512e-05 0.00019505245 0.00014386793 0.00021597506 9.476308e-05 5.0767817e-06 0.00052045844 0.00014013052 6.549059e-05 2.2866321e-05 6.0981074e-06 2.1941203e-05 0.0018826517 0.000465127 2.8023725e-05 0.0001357209 0.0006106194 0.0011698595 0.0005756032 5.8866753e-08 9.09638e-05 0.0005978509 0.00058891025 6.129838e-06 0.00075650786 1.246295e-05 2.286846e-05 3.4240453e-09 1.3961955e-05
0.40884387 0.003421709 0.029490013 0.0019082204 0.010890094 0.39365035 0.0008052212 0.7178806 6.872911e-05 0.3540513 0.9361679 2.373203e-19 2.2979999e-05 0.075449966 0.0074139126 0.19759485 0.94373125 0.7452148 0.046746194 0.18531305 0.0033450378 0.90546006 0.0722302 1.8211402e-05 2.6712578e-06 2.9033268e-05 0.0044009504 0.15910211 0.037436653 3.250113e-06 0.24640116 1.8863267e-07 1.1726489e-06 2.8267245e-06 4.8244765e-05 2.232041e-06 0.000112422276 0.00013357545 0.16537824 0.00035471673 0.19672446 0.00053487584 0.0022840204 3.091169e-06 0.007119015 0.0032084517 0.013188604 0.030473186 0.031725604 0.03916058 0.0006633051 1.0848252e-06 0.010101727 4.6272515e-08 0.00010223034 0.001612435 4.530285e-06 1.6963363e-06 0.020894067 0.0003259167 0.014871755 0.00039222938 0.0014695605 0.0009825075 0.0008929582 0.011386547 1.6266225e-05 0.0033561797 0.0016308608 0.004689286 2.3602166e-07 0.0004256189 0.0003747901 0.000517459 0.0005143662 0.00061950815 0.00023141348 5.34262e-06 0.0010798738 0.00019387998 0.00013684656 7.004939e-05 1.3050339e-05 7.064217e-05 0.0028349708 0.0011765182 0.00015496426 6.516519e-05 0.0014475796 0.0018207218 0.0017110682 8.246813e-08 2.6964344e-05 0.0010722026 0.0017090875 3.4501278e-05 0.0019881031 1.5205671e-06 0.00021198523 1.260352e-09 1.5167097e-05
0.90738344 0.018410996 0.000616199 0.5837461 0.0087534115 0.00015754066 0.28995535 3.9352653e-05 0.94937897 0.0017263822 1.6637237e-05 2.2979999e-05 1.2244375e-20 7.433607e-05 6.934371e-05 0.0008253761 2.3579255e-06 1.9713966e-06 0.005468209 3.340442e-06 2.72951e-05 7.0811566e-08 2.6231485e-06 0.016643967 0.7234645 0.0038822198 0.016863786 5.423839e-05 0.0010570936 0.1762056 1.660019e-06 0.310811 0.0019575742 0.2540942 1.2404041e-05 0.00030887645 0.09857149 6.380625e-05 6.853837e-07 0.032891616 2.7344117e-06 3.3189035e-06 0.01718105 1.4976564e-05 8.877734e-07 1.8752347e-07 0.0068058153 1.0503242e-06 8.4881705e-08 1.0266458e-05 0.07352936 0.012334227 5.4913716e-08 0.03410498 0.8522831 2.3611241e-07 0.00011105183 0.016842451 6.0487793e-05 2.0311433e-08 1.0016476e-05 6.680562e-08 3.4651637e-07 1.9562444e-07 7.996348e-08 0.00031110196 0.00013116037 3.262871e-06 4.0998425e-06 0.0013690621 0.0020973645 6.34769e-08 5.1531273e-09 5.872064e-08 4.417612e-08 2.6137416e-08 1.937831e-08 0.65411276 8.5306095e-07 0.2375364 2.5605746e-07 4.656824e-08 0.00020295732 1.9011142e-09 8.9463305e-05 0.0032740224 2.0285755e-09 9.641381e-06 1.7654875e-06 4.3351207e-05 1.6764615e-06 0.0023437454 5.1778893e-06 1.5152205e-05 6.4952684e-07 1.1358091e-09 1.1878101e-06 7.2513456e-07 1.1865894e-08 3.7763377e-07 2.035658e-06
0.12400312 0.092662565 0.7374076 0.0039392756 0.5530183 0.27156734 0.001164922 0.14653008 0.0005732303 0.048173517 0.096991815 0.075449966 7.433607e-05 2.350975e-18 0.89392555 0.018200666 0.05458525 0.13777266 0.0020131068 0.93021595 0.7952749 0.037469927 0.9193881 7.306846e-05 3.8665657e-05 0.00034105993 0.00028005385 0.004480238 0.00072038075 8.814365e-06 0.092627734 3.6047143e-06 7.111747e-06 1.783462e-05 0.34268957 1.1565069e-05 9.919273e-05 0.01665001 0.006510227 0.00020755029 0.0010573195 0.5439758 0.0004193257 2.6380289e-05 0.0017878768 0.0015402867 0.00011723763 0.00038662343 0.0004932425 0.00022435418 0.000113115835 2.5547777e-06 5.2732037e-05 2.5128233e-07 0.00031995206 5.175878e-05 1.00793756e-07 5.1247007e-06 0.00015029252 0.00026263326 0.00010764456 8.5402884e-05 2.728081e-05 4.8963022e-05 8.500003e-05 4.9400725e-05 1.1761922e-05 3.074193e-05 0.071640044 4.4440876e-05 1.4784847e-06 7.008066e-05 4.61473e-05 1.884874e-05 6.3370964e-05 0.0001062003 2.3871824e-05 4.361268e-06 1.8607037e-05 0.00040235862 6.5664884e-05 4.0826926e-05 1.6317925e-06 8.15065e-06 0.00013282991 0.00077683426 4.653051e-06 0.0004985211 6.246493e-05 0.00026414692 0.0005908181 1.5021405e-07 4.7497473e-05 0.00013326663 0.00044769593 4.0914466e-07 0.00033562598 8.043209e-06 2.289508e-07 0.0040759137 9.8200335e-06
0.05422464 0.14470099 0.74672455 0.0057940665 0.77771586 0.10729797 0.0009827676 0.029572897 0.0006678056 0.01582643 0.012823788 0.0074139126 6.934371e-05 0.89392555 2.057598e-21 0.0049710465 0.006773586 0.026480226 0.0007062273 0.46202728 0.9693489 0.0023981226 0.59492403 0.00042788518 2.467784e-05 0.0017464424 0.00021243795 0.0011203196 7.265758e-05 2.3456763e-05 0.019717867 7.0158335e-06 3.6975165e-05 3.8640224e-05 0.6431213 6.335175e-05 3.9780698e-05 0.15606609 0.0010364129 8.644931e-05 0.0002354822 0.4067102 0.000201651 0.00046829492 0.0005007222 0.0002032285 6.643855e-05 8.358205e-05 2.7496799e-05 2.7376827e-05 5.8484995e-05 3.367656e-06 2.7433161e-06 1.653664e-06 0.00035281747 6.34709e-06 3.6499353e-07 1.0223273e-05 3.0692336e-05 6.181478e-05 2.2742162e-05 2.9197397e-05 5.037062e-06 8.6582195e-06 1.6390819e-05 2.0832873e-05 2.6211894e-05 6.791152e-06 0.021447225 5.0490642e-05 1.2277928e-06 8.467756e-06 7.413427e-06 2.5453562e-06 7.2147013e-06 1.0750601e-05 6.2470194e-06 1.3898419e-06 9.230639e-06 0.00028736168 2.1381959e-05 1.4608328e-05 2.6578712e-06 1.4874852e-06 5.5368204e-05 0.0005038398 4.3502658e-07 0.00037887288 2.0627427e-05 0.00011501742 0.00013058189 5.9884997e-07 1.7148523e-05 3.1381405e-05 0.00013482044 1.8684494e-07 9.164611e-05 6.39746e-07 7.1824724e-07 0.010220656 2.7556925e-06
0.81565815 0.034362096 0.055851594 0.02377238 0.009220417 0.28927705 0.05840453 0.23097518 0.001672112 0.94438946 0.10018471 0.19759485 0.0008253761 0.018200666 0.0049710465 1.9216586e-19 0.09817087 0.048931506 0.9200541 0.030239394 0.0007146281 0.119297594 0.0072419657 0.0004174016 0.00022860228 0.0004585598 0.3490886 0.7420057 0.73055714 1.4812445e-05 0.017451199 0.00012709928 2.1774536e-06 9.689692e-06 2.8137417e-06 1.8609388e-06 0.019604497 1.3891152e-05 0.03711513 0.04146893 0.2266512 9.449023e-06 0.06724832 1.3813401e-06 0.0077055884 0.0036446506 0.19151554 0.1503212 0.0017814628 0.07416999 0.024248723 8.4962414e-07 0.002171469 8.217317e-06 0.005650991 0.0012868086 4.103664e-06 1.26719315e-05 0.022996413 0.00033355624 0.018438792 0.0007086741 0.0015369405 0.00064382935 0.00013748858 0.13709126 2.8090431e-05 0.0055829454 0.00018928584 0.08229781 4.2800372e-07 0.00016718522 4.315869e-05 0.00030809714 0.00015382448 7.248353e-05 9.348393e-06 0.00017113212 0.0010233878 0.0075991764 9.6742675e-05 5.1670548e-05 1.4164042e-06 4.428398e-06 0.048142906 0.012648726 4.5314737e-06 1.0394332e-05 0.0018268173 0.008604411 0.0031808522 3.2292921e-06 7.070812e-06 0.005364078 0.0033850214 4.751807e-06 0.0046061166 9.933112e-07 7.448354e-05 3.7157122e-08 2.054175e-06
0.4636978 0.0035655536 0.022532374 0.0006433322 0.0108513255 0.2413317 0.00035591406 0.35873547 7.3665183e-06 0.13658576 0.8098724 0.94373125 2.3579255e-06 0.05458525 0.006773586 0.09817087 3.4199177e-18 0.7752705 0.023890465 0.1549232 0.002906579 0.9520085 0.05919378 1.1513765e-05 3.9684676e-07 2.2141801e-05 0.0037511445 0.09180894 0.026772508 8.825725e-07 0.29068846 6.618177e-08 9.575283e-07 6.5241295e-07 4.464005e-05 2.0850573e-06 2.3408738e-05 0.0002298091 0.27592123 0.00013988205 0.22214663 0.0006123391 0.000811662 2.7091455e-06 0.029994475 0.01761109 0.009275317 0.036529813 0.07859799 0.04075018 0.00045269902 5.8348667e-07 0.04379435 5.8221236e-08 2.6172176e-05 0.0043019243 3.7908055e-06 1.1009275e-06 0.022682335 0.0009788725 0.021760302 0.0011739623 0.0033188385 0.0020162023 0.0011618431 0.010560942 1.3226921e-05 0.005206153 0.0032599196 0.004401941 2.492061e-07 0.0011700084 0.0004603712 0.0007848846 0.00053892395 0.00072842377 0.00037309295 5.6970803e-06 0.001409196 0.000114362905 0.0002430402 0.0001429936 1.6529e-05 0.00012614159 0.0025077069 0.0012849048 0.00022886427 0.00032453064 0.0018654852 0.004462503 0.0016180235 5.3171952e-08 8.459035e-05 0.0010295872 0.00152483 6.770191e-05 0.002271884 7.2013036e-06 0.00027199177 2.6913038e-09 1.6284137e-05
0.75146323 0.0050177095 0.05108993 0.00043551793 0.018435275 0.36547348 0.00015479574 0.46278584 3.245071e-06 0.097284995 0.9491608 0.7452148 1.9713966e-06 0.13777266 0.026480226 0.048931506 0.7752705 1.471298e-18 0.008374546 0.46684813 0.013453288 0.76982075 0.18957923 1.5826521e-05 2.6261935e-07 1.5840487e-05 0.00079213624 0.041213255 0.01164234 7.6917695e-07 0.8604145 1.5926223e-07 1.7719833e-06 1.3748831e-06 0.0004835914 1.4107436e-06 4.2405477e-06 0.00026062323 0.52268887 1.6335887e-05 0.17330477 0.008189081 0.00030711558 4.095599e-06 0.32449797 0.23810533 0.0035517355 0.022885948 0.16785003 0.02287386 0.00025252136 2.1254555e-06 0.046657357 1.4628709e-07 8.44526e-05 0.007607747 5.5941555e-06 1.7591162e-06 0.013334407 0.044113286 0.01072717 0.012831849 0.0035681163 0.0014214423 0.00093113625 0.0029578777 2.1892649e-05 0.0027226298 0.034278974 0.0016750991 4.7608896e-07 0.0011427231 0.00014044842 0.0003350991 0.00022229343 0.00035379894 0.00018496701 4.153883e-06 0.0008323289 7.260979e-05 0.00011995627 7.219068e-05 1.5827909e-05 3.8004575e-05 0.0005782662 0.00015669677 5.987918e-05 0.0054962905 0.001178684 0.0060360646 0.0010263051 9.242178e-08 0.00015174772 7.826814e-05 0.00095011486 2.653372e-05 0.0007373498 4.6177276e-05 6.203571e-05 6.222145e-09 1.1885607e-05
0.91620153 0.060426872 0.04792252 0.06754928 0.0072574215 0.109762564 0.36734763 0.035378285 0.005307499 0.7789237 0.018924953 0.046746194 0.005468209 0.0020131068 0.0007062273 0.9200541 0.023890465 0.008374546 6.794125e-21 0.0020220985 9.761672e-05 0.02100666 0.00020815486 0.00018244369 0.0013766125 0.0001778941 0.8352758 0.32381174 0.72358733 8.085964e-06 0.0011914276 0.0009072716 1.5339348e-06 1.8878278e-05 9.243734e-07 1.8957868e-06 0.124022014 4.10073e-06 0.0038824272 0.18122739 0.050224006 9.4822923e-07 0.35565886 1.0346619e-06 0.0011047687 0.0003129042 0.5601616 0.07468788 0.0001601602 0.10091619 0.19705865 3.2508987e-07 0.0001630632 7.15224e-05 0.037088472 0.00021667029 4.6019604e-06 8.67216e-06 0.02536452 7.786443e-06 0.0134418225 2.239889e-05 0.00054069667 0.00014621367 3.830546e-05 0.2818217 7.86104e-06 0.004653067 3.2428143e-05 0.23953074 3.4348156e-07 7.935422e-06 3.582254e-06 0.00015586542 7.868508e-05 2.774517e-05 1.719381e-06 0.0022388727 0.0013834343 0.04042191 1.1468593e-05 8.526059e-06 1.3102809e-06 3.9663414e-07 0.12223885 0.051304888 3.3345265e-07 7.820185e-06 0.0021893121 0.007308471 0.005077697 2.1843857e-06 1.5478886e-07 0.004133922 0.0051300875 2.9709187e-07 0.0053800014 5.5091647e-08 6.1296623e-06 2.587196e-08 7.6493416e-07
0.15763415 0.04205466 0.5247452 0.0007257269 0.16572534 0.38561368 0.00037093676 0.37520343 1.8378583e-05 0.042034943 0.27393016 0.18531305 3.340442e-06 0.93021595 0.46202728 0.030239394 0.1549232 0.46684813 0.0020220985 6.1690464e-18 0.36363098 0.12519099 0.96948254 2.4365772e-06 1.3182587e-06 1.1007559e-05 0.00017051095 0.012045087 0.0021050894 5.4478403e-07 0.45486113 1.5530239e-07 7.1494577e-07 2.6061552e-06 0.030658396 1.5731395e-06 0.00046151454 0.0006560533 0.027432177 0.00041674334 0.0064661223 0.3842058 0.00032264664 1.278473e-06 0.010201769 0.011662375 5.527266e-05 0.0014882997 0.0047880895 0.0009310341 0.00018504057 7.513146e-07 0.00071858265 2.8775462e-08 0.00048093006 9.7897064e-05 2.5195677e-08 9.892651e-07 0.0003742229 0.0013659941 0.00032089627 0.000485026 3.2710013e-05 3.357454e-05 4.2005373e-05 9.706789e-05 1.4783901e-06 8.9057176e-05 0.18718661 4.4861634e-05 4.4032382e-07 0.000251428 2.7299031e-05 9.273335e-06 1.1812159e-05 2.7093278e-05 1.4742503e-05 4.0531657e-07 2.9330347e-05 0.0006656346 2.9953939e-05 6.351138e-05 9.780224e-07 6.606189e-06 0.0004066233 0.001368228 5.823329e-06 0.00041045333 4.538724e-05 0.00027952928 0.00031934664 1.7557305e-08 0.00013301308 0.0002847762 0.00048816742 1.8410897e-07 0.0003454391 1.9242121e-05 3.882184e-07 0.00034200842 3.1564657e-06
0.025916377 0.030758906 0.2998196 0.0018045726 0.5211669 0.042009402 0.00042752092 0.015621908 0.00025948713 0.0041204155 0.0074770544 0.0033450378 2.72951e-05 0.7952749 0.9693489 0.0007146281 0.002906579 0.013453288 9.761672e-05 0.36363098 2.984328e-18 0.00089640997 0.6812723 0.00035542986 9.883707e-06 0.002026846 5.3638858e-05 0.00012036434 1.3190315e-05 6.4070526e-05 0.019572202 2.9414143e-06 6.842402e-05 5.786501e-05 0.88578236 0.00010658148 5.3882063e-06 0.3687925 0.0008900747 2.1814867e-05 0.00015097503 0.73628616 0.00010558851 0.000941333 0.00018395601 5.5984437e-05 0.00020276367 1.9462888e-05 8.994786e-05 7.0134315e-06 6.663907e-05 9.5157075e-06 2.782246e-05 6.967356e-07 0.00020999803 2.1089063e-05 1.0700271e-06 2.6761104e-06 1.4131816e-05 1.9441888e-05 9.988498e-06 4.639302e-06 2.0104852e-05 1.2596097e-05 2.4253646e-05 0.00019963858 3.8469545e-05 5.5173305e-06 0.061313234 0.00014797854 1.656333e-06 1.2633698e-06 3.4681182e-06 1.08924705e-05 8.493005e-06 9.5287205e-06 2.687103e-05 8.556687e-06 2.760377e-06 0.00026733402 1.2204836e-06 3.3660122e-06 1.6073612e-06 3.3150516e-07 0.00061329256 0.0013033841 2.1423637e-07 9.7834054e-05 9.326693e-06 7.042087e-05 0.00011401585 6.322095e-07 0.00015351627 0.0003408668 6.047914e-05 3.293108e-07 4.8872378e-05 1.3983756e-05 1.3245938e-06 0.06478818 3.166225e-06
0.85728633 0.0021059047 0.018661018 2.9190294e-05 0.0035375785 0.26004896 3.5967907e-05 0.314217 7.0011725e-07 0.095845744 0.6790043 0.90546006 7.0811566e-08 0.037469927 0.0023981226 0.119297594 0.9520085 0.76982075 0.02100666 0.12519099 0.00089640997 1.935941e-18 0.04005022 2.7662645e-06 1.0251273e-07 5.7756206e-06 0.0009918754 0.17579964 0.057634573 2.6850995e-07 0.36836758 4.074176e-08 4.4788916e-07 1.4867202e-07 8.8310335e-06 9.3577637e-07 4.6726745e-06 3.9551873e-05 0.49973342 4.409638e-05 0.49301043 0.0002143957 0.0006756292 4.9551096e-07 0.057884995 0.03911194 0.010518073 0.09885633 0.15707134 0.10243178 0.00032886348 1.4645781e-07 0.107680716 1.8483226e-08 1.9328765e-05 0.018772831 1.7727492e-06 6.1507933e-07 0.05919406 0.0022355977 0.061585154 0.0032017243 0.008222587 0.004904488 0.0035686528 0.03019912 2.762692e-06 0.019343888 0.0018927862 0.0094846 1.2389098e-07 0.0011217355 0.0012915217 0.0018721758 0.00095306477 0.0008551475 0.0008973153 1.0306015e-06 0.005108038 0.00010705906 0.0002168946 0.000225576 4.074511e-06 0.00018433532 0.0067292075 0.001495109 0.0005838482 0.00015050953 0.0046902946 0.012422321 0.0060675624 1.9281089e-08 5.124569e-06 0.0011669496 0.0054495535 0.00017264741 0.008668952 9.1309886e-07 0.00040595626 1.1230027e-09 2.3815974e-05
0.056036163 0.020502018 0.2748817 0.00083290023 0.16290703 0.13531928 0.00014111515 0.10744115 1.523025e-05 0.01374412 0.104791276 0.0722302 2.6231485e-06 0.9193881 0.59492403 0.0072419657 0.05919378 0.18957923 0.00020815486 0.96948254 0.6812723 0.04005022 2.0455578e-17 1.8847319e-05 3.1099174e-07 0.0001268588 1.8050305e-05 0.0046300464 0.00014685273 1.0749693e-06 0.19891359 3.8967595e-08 1.6720882e-06 1.8449257e-06 0.26920617 8.2576735e-06 3.8515176e-05 0.012102961 0.013485054 0.000104398976 0.0021695655 0.68182284 0.00012479167 1.2707911e-05 0.0036207652 0.0040279687 8.850783e-05 0.00056037644 0.0022995018 0.0001992918 0.00013656769 1.0945124e-06 0.0002688299 2.3616519e-08 0.00024071343 5.1797884e-05 3.982317e-07 4.932493e-07 0.00013797564 0.0004540121 0.00014825187 9.6961034e-05 2.3223267e-05 5.407967e-05 6.469348e-05 0.000100485624 1.0904185e-05 3.4694727e-05 0.28037876 0.00012213767 8.044801e-07 2.7054704e-05 1.372234e-05 1.22569345e-05 2.046056e-05 3.799838e-05 9.855394e-06 1.0439111e-06 9.6934455e-06 0.0004665548 1.3653129e-05 2.0731082e-05 1.5375113e-06 2.0697412e-06 0.0003849663 0.0013753639 9.638371e-07 0.0009786793 3.7258058e-05 0.00029647275 0.000108226566 1.25347235e-08 0.0005368831 0.00017303314 0.00012932904 7.688356e-08 0.00021720676 8.384174e-05 2.2709912e-07 0.008503546 4.585108e-06
0.018400433 0.033179145 0.012364301 0.47811952 0.20202929 0.00038784114 0.0191553 4.2749994e-05 0.3319098 0.00083605124 1.3339996e-05 1.8211402e-05 0.016643967 7.306846e-05 0.00042788518 0.0004174016 1.1513765e-05 1.5826521e-05 0.00018244369 2.4365772e-06 0.00035542986 2.7662645e-06 1.8847319e-05 2.84709e-18 0.024737228 0.9368039 0.0010025045 2.2806693e-05 3.387267e-05 0.8798335 5.9608883e-05 0.0039545083 0.651663 0.094420835 0.00074004795 0.34042153 0.0014668119 0.035502255 3.6139103e-05 0.0015428059 1.3247384e-05 1.5017589e-06 0.0011765048 0.256342 4.275472e-05 1.1306692e-05 0.00010043265 1.8057932e-05 8.36103e-06 1.27619805e-05 0.0010068406 0.0059732944 3.6967213e-06 0.0003328276 0.0074932543 9.178296e-06 0.019354885 0.0003008978 1.27589865e-05 1.3988277e-05 6.3492816e-06 7.869082e-06 3.3333135e-06 9.27774e-06 1.0409609e-05 1.4037938e-05 0.009826255 2.5894547e-06 6.000831e-07 7.047798e-05 0.00015367477 3.0305177e-05 1.7767852e-05 4.0875248e-06 1.01437345e-05 6.787487e-06 1.7712968e-05 0.0017132326 1.9178374e-06 0.0026665125 6.323428e-05 1.2368439e-05 0.0028498783 5.038696e-06 1.2111607e-05 0.0004749501 3.8614417e-06 4.1927327e-05 1.3189711e-05 7.7721954e-05 0.00017469222 4.449342e-05 3.055972e-08 2.6288648e-05 0.00032110445 2.3148573e-07 0.00026074183 2.6426607e-08 3.0721837e-06 0.00077749573 4.701815e-06
0.64512354 0.0066323937 0.00034560767 0.13201553 0.0065761595 4.2067993e-05 0.05116797 9.586279e-06 0.6542418 0.0015476355 8.5036913e-07 2.6712578e-06 0.7234645 3.8665657e-05 2.467784e-05 0.00022860228 3.9684676e-07 2.6261935e-07 0.0013766125 1.3182587e-06 9.883707e-06 1.0251273e-07 3.1099174e-07 0.024737228 6.448522e-20 0.004259001 0.0027504852 6.24531e-06 0.0001231124 0.34690142 8.293426e-06 0.96431065 0.0058580143 0.8807075 2.8630823e-06 0.0006778296 0.022655923 5.55835e-06 4.28505e-06 0.0072507523 3.7876362e-06 2.476487e-06 0.002563371 1.1055442e-06 4.0506407e-06 4.5960107e-07 0.0004308007 2.4014475e-06 5.430743e-07 1.0879991e-05 0.0053612296 0.14437036 2.0368356e-07 0.27814654 0.20053256 1.4437054e-06 0.0018407974 0.2595045 1.6647253e-05 3.08843e-07 4.628523e-06 4.3271032e-07 9.911312e-07 1.8721641e-06 1.0336529e-06 1.18111775e-05 0.0002441651 1.2875764e-06 3.2476146e-05 0.000114675044 0.030048955 1.5178579e-06 3.7052962e-07 8.8319894e-07 1.0841425e-06 7.5988015e-07 2.029419e-07 0.29995537 1.0739037e-06 0.022302335 4.604647e-06 7.960264e-07 0.003785986 4.0151072e-08 1.5386064e-05 0.0002699863 4.7226038e-08 4.5887366e-05 1.3856043e-06 3.5558805e-05 3.0818146e-06 0.008493062 3.4040593e-06 5.2305677e-06 2.9236248e-06 5.8629322e-08 8.676288e-06 4.996055e-07 1.3331011e-06 2.0561366e-08 9.700316e-06
0.011702383 0.022094222 0.01954016 0.07813809 0.24403319 0.00068140076 0.008309914 0.00010200149 0.05239016 0.0012369932 2.0977755e-05 2.9033268e-05 0.0038822198 0.00034105993 0.0017464424 0.0004585598 2.2141801e-05 1.5840487e-05 0.0001778941 1.1007559e-05 0.002026846 5.7756206e-06 0.0001268588 0.9368039 0.004259001 5.4504474e-15 0.0019119016 8.778176e-06 2.4219577e-05 0.5575197 0.00014918111 0.001772974 0.74208516 0.031475257 0.0067895106 0.69093424 0.0013588485 0.23949268 4.593036e-05 0.00087859324 2.8921648e-05 2.391288e-05 0.00064683636 0.7512831 0.0001362465 2.1678796e-05 0.00042606462 1.7059494e-05 2.378084e-05 1.0335144e-05 0.0003333002 0.0033617858 2.845012e-06 0.00011651224 0.004620268 4.0972704e-06 0.034769975 5.6681332e-05 3.7364466e-06 5.215453e-05 3.9765655e-06 2.1666852e-05 8.449376e-07 1.0905806e-05 1.5232328e-05 7.837427e-05 0.055292487 2.381796e-06 2.0036747e-05 6.962561e-05 4.6628524e-05 0.00015527107 1.9078088e-05 4.093927e-06 2.4878913e-05 1.6300048e-05 1.2866907e-05 0.000520154 2.6157443e-06 0.0012319192 0.00012012456 3.436123e-05 0.005037949 1.2288337e-05 4.7931397e-05 0.00036867187 1.0072324e-05 0.00034255598 8.2018005e-06 5.9221144e-05 7.387072e-05 4.642369e-06 2.4777746e-06 1.1152511e-05 0.000114393675 1.6638563e-06 8.0185055e-05 4.0766344e-07 3.2424289e-06 0.0028591533 8.585828e-06
0.9330375 0.06003477 0.02243429 0.0589157 0.012862327 0.03841594 0.76449746 0.005424918 0.007694772 0.49762076 0.0027364835 0.0044009504 0.016863786 0.00028005385 0.00021243795 0.3490886 0.0037511445 0.00079213624 0.8352758 0.00017051095 5.3638858e-05 0.0009918754 1.8050305e-05 0.0010025045 0.0027504852 0.0019119016 6.937807e-21 0.14323208 0.49015063 0.00011032725 1.6713013e-05 0.002187853 5.5823002e-05 0.00010878794 7.656359e-06 4.726499e-05 0.59580946 1.1041971e-05 6.615284e-05 0.52806103 0.0017000978 5.2524474e-06 0.8157815 7.3003653e-06 2.565485e-05 3.6698461e-06 0.83339775 0.0012051269 5.7450275e-06 0.0107137 0.6678013 3.8045573e-06 6.591303e-05 0.00034772107 0.09117046 2.367819e-05 4.1757183e-05 4.3669053e-05 0.0044898917 1.8778682e-06 0.000383605 1.4272247e-06 2.0695092e-05 4.1902763e-06 3.0358415e-06 0.16781625 3.6404665e-05 1.5668817e-05 0.000117607386 0.26235572 6.1543255e-07 1.3819396e-06 3.74863e-07 1.2943452e-06 1.107204e-06 1.370474e-06 4.3635413e-07 0.005390982 3.023556e-06 0.039057612 8.459406e-07 6.853223e-07 3.4209827e-06 6.8993465e-08 0.011368741 0.067617185 2.520178e-08 1.4098681e-06 8.066324e-06 0.0002082472 7.643217e-05 3.1124525e-06 7.1743707e-06 0.00088112353 0.0001068091 5.3646425e-09 0.0002652635 6.121183e-07 3.6586915e-08 8.297982e-06 3.3748046e-07
0.88854504 0.007884192 0.017806841 0.0012915661 0.0007447072 0.047782514 0.0006204787 0.049188755 2.6420952e-05 0.16058758 0.07129822 0.15910211 5.423839e-05 0.004480238 0.0011203196 0.7420057 0.09180894 0.041213255 0.32381174 0.012045087 0.00012036434 0.17579964 0.0046300464 2.2806693e-05 6.24531e-06 8.778176e-06 0.14323208 8.005466e-21 0.97063875 9.1008485e-07 0.01718433 2.2719262e-06 3.1128312e-07 6.8636814e-07 1.8627857e-06 4.5593396e-07 0.003336052 6.7790525e-06 0.10936419 0.006283423 0.46318534 2.8145012e-06 0.035399754 5.328934e-07 0.0052672457 0.0023983468 0.35003823 0.5384801 0.0045815436 0.3780395 0.017208954 1.3611408e-07 0.024039388 4.288936e-07 0.0019238102 0.009796328 3.293559e-06 1.6385073e-06 0.1148485 0.00022211307 0.1031292 0.0005435904 0.011517955 0.0018608175 0.0003594437 0.3303257 7.866005e-06 0.033116095 0.00011611956 0.18955027 1.0903808e-07 0.00013677258 0.00010769334 0.00087501935 0.0002661108 0.0001408206 1.2977697e-05 6.738386e-06 0.005389599 0.004742273 4.3398693e-05 1.5653583e-05 1.8609637e-06 5.068872e-06 0.15974867 0.04332998 6.4068045e-06 1.023992e-05 0.008049465 0.03665479 0.010727165 1.7780732e-07 1.14619115e-05 0.025599033 0.011069153 8.04015e-06 0.016902937 1.1144267e-06 0.00031813286 6.287105e-08 8.522584e-07
0.88358265 0.010298088 0.011661223 0.018030675 0.00078817824 0.0352733 0.016866263 0.02115449 0.0004648294 0.23103145 0.016021742 0.037436653 0.0010570936 0.00072038075 7.265758e-05 0.73055714 0.026772508 0.01164234 0.72358733 0.0021050894 1.3190315e-05 0.057634573 0.00014685273 3.387267e-05 0.0001231124 2.4219577e-05 0.49015063 0.97063875 1.3450841e-20 4.5764014e-06 0.0014425152 7.1142065e-05 1.2894257e-06 1.3024669e-06 1.0404801e-06 1.0028956e-06 0.030050924 2.2633642e-06 0.030512728 0.049072064 0.2888558 1.307324e-06 0.11629389 2.4178762e-06 0.0015353678 0.0005996092 0.5437694 0.28057134 0.0012557099 0.22979848 0.062385086 4.356286e-07 0.003231595 1.2129443e-05 0.0111666145 0.0021562644 1.5944771e-06 3.3701492e-06 0.08510753 3.0749932e-05 0.06691791 7.474027e-05 0.0033543704 0.0013071271 0.00032029487 0.41756007 1.274832e-05 0.02415016 4.9075268e-05 0.19559778 2.346372e-07 0.00016745887 6.164311e-05 0.0008132411 0.0003957521 0.00021089193 1.2451746e-05 0.00021373754 0.0072539616 0.01596325 3.170741e-05 1.6964503e-05 4.7380863e-06 2.955595e-06 0.2311719 0.07333249 5.069925e-06 5.3835934e-06 0.009832587 0.03160542 0.012079534 1.8300952e-06 1.488842e-06 0.03583699 0.012539137 6.1973406e-06 0.017748926 1.9673463e-07 0.00018606408 1.42651695e-08 1.077688e-05
0.06674052 0.0048934156 0.00043012082 0.43202126 0.033946432 7.974727e-06 0.01945709 6.0675297e-06 0.64392483 3.4054185e-05 3.876001e-06 3.250113e-06 0.1762056 8.814365e-06 2.3456763e-05 1.4812445e-05 8.825725e-07 7.6917695e-07 8.085964e-06 5.4478403e-07 6.4070526e-05 2.6850995e-07 1.0749693e-06 0.8798335 0.34690142 0.5575197 0.00011032725 9.1008485e-07 4.5764014e-06 4.6207216e-17 2.1337592e-05 0.114783205 0.88091 0.866628 1.4034978e-05 0.4963132 0.00096830144 0.0009045225 6.052838e-06 0.000574634 4.0330865e-06 7.7616323e-07 0.00067982933 0.17832895 3.0034347e-05 3.6086703e-06 2.735016e-05 6.2303134e-06 1.8964232e-06 5.1541037e-06 0.0007282578 0.671642 9.17837e-07 0.01647027 0.025076427 5.188282e-07 0.71059644 0.021748472 4.4553904e-06 7.0916317e-06 1.4684109e-06 2.6665186e-06 2.1622655e-07 4.3062772e-07 3.6101622e-07 1.3128708e-05 0.12789413 5.4756396e-07 5.211065e-06 1.3402249e-05 0.013678412 3.7356488e-06 2.3113093e-06 4.2241217e-07 5.7797337e-07 3.288978e-07 9.007722e-07 0.023212267 6.0776506e-07 0.0070598098 4.1769767e-05 2.0121106e-06 0.408011 2.08827e-07 3.6738784e-05 0.0057646567 1.7674695e-07 0.00042730695 1.0027832e-05 8.0476566e-05 8.982913e-05 0.0033402448 4.12014e-07 5.5036646e-05 7.055276e-05 5.2359674e-08 3.7116304e-05 2.583606e-08 1.1530735e-06 0.0008705986 4.0004285e-05
