1.1999181e-18 0.9653054 0.22641017 0.7965026 0.87607014 0.9059279 0.016322006 0.83756393 0.99307865 0.89688176 0.16963705 0.80473113 0.8592644 0.68436986 0.848348 0.82090116 0.90734047 0.94832563 0.97623575 0.04673095 0.93510085 0.110989586 0.008654624 0.8395421 0.8669071 0.975427 0.7784811 0.9890021 0.9626827 0.9111289 0.8989883 0.9704217 0.84746736 0.9471288 0.77873576 0.8572694 0.8030382 0.8975252 0.92841804 0.31306872 0.92244995 0.8936813 0.9089861 0.001863245 0.03660424 0.83006215 0.99800867 0.7288383 0.94836956 0.9683936 0.12703371 0.003028803 0.93010116 0.8067011 0.5545835 0.70888335 0.9551587 0.6259789 0.52314526 0.84346294 0.010386089 0.9955858 0.59906876 0.8326487 0.93259114 0.30520815 1.990089e-05 0.0064376886 0.91849744 0.8213016 0.9489277 0.9198697 0.480054 0.004478149 0.9744651 0.06619001 0.012811557 0.9923823 0.9833247 0.5213461 0.67860955 0.42326015 0.99339586 0.718156 0.95476115 0.9100019 0.60859543 0.89084685 0.011677377 8.341458e-05 0.99882066 0.054945163 0.99541646 0.34474948 0.88120323 0.73884565 0.99999094 0.0061066076 8.5233405e-05 0.9999905 0.8921924
0.9653054 1.9264341e-14 0.08128584 0.12622957 0.8169729 0.9521722 0.0065087993 0.003475858 0.943816 0.26040062 0.0014023574 0.45349947 0.015178009 0.026948404 0.86258626 0.0047751227 0.0018940738 0.098253846 0.4400893 0.2685522 0.00011910668 0.3570965 0.09755544 0.00021653084 0.0016033265 0.011739947 0.00037895297 0.113049924 0.21735065 0.00015295249 0.0004566592 0.10998014 1.106206e-05 0.000614078 1.2844722e-06 0.00012024502 1.6202939e-06 1.0853792e-05 5.234243e-05 0.09856461 0.0015355882 0.0051865466 8.162399e-07 0.010410853 0.00011949101 2.3616838e-06 0.0007720671 4.118323e-06 3.5985458e-06 0.0007220397 8.392734e-07 0.0014719387 1.1812501e-06 0.0049793525 7.010803e-08 4.624331e-08 2.7648284e-07 9.872933e-07 0.000105864565 0.00079499924 0.00021332088 0.11779219 4.172923e-07 0.018174509 1.9578092e-06 3.4553102e-07 1.4768007e-06 2.0087957e-06 3.0454586e-07 0.010558529 0.12383477 1.3803966e-05 5.010503e-07 6.994719e-07 1.5842451e-07 9.167719e-08 5.292065e-05 0.004474896 0.02729977 3.5249057e-05 3.7318919e-06 1.1283747e-07 0.0003635772 1.16542964e-07 2.1699303e-10 3.1067306e-05 1.135082e-06 5.7371297e-05 7.224784e-07 2.5937474e-08 0.045866095 1.10696696e-07 8.981945e-05 0.00010292804 0.0008880004 1.0322201e-05 0.02021536 2.3932124e-08 7.2437155e-07 5.175532e-05 2.4349663e-05
0.22641017 0.08128584 1.5344809e-15 0.9896759 0.9585853 0.10301632 0.90911484 0.39739564 0.34363818 0.001484573 0.5239175 0.0006382095 0.00017446079 0.00021205642 0.021301612 3.3263008e-05 2.38568e-05 0.12798575 0.0039338134 0.011298388 1.3888741e-05 0.00069071254 0.002280152 0.0025074435 2.0487389e-05 0.00034957338 2.359266e-06 0.0030086627 0.0432563 7.5495904e-05 4.0329815e-05 0.03136793 7.76479e-06 0.001090667 1.3499579e-06 2.2704662e-06 1.9760025e-06 1.3370844e-05 2.1987138e-05 0.00014605647 2.4377663e-05 0.0003791832 4.2025403e-07 0.00039057713 0.002146756 1.9888367e-07 3.0880856e-05 5.5531126e-07 0.0001224054 0.00022042915 4.3242693e-05 7.495891e-05 2.454262e-06 0.0004032854 6.810307e-07 1.805373e-07 6.85744e-07 6.291727e-05 1.3280653e-05 0.00027257187 4.386772e-06 0.0011722193 1.0929613e-06 0.0007722325 7.317024e-06 5.763425e-07 1.3836566e-06 6.301521e-05 1.7045126e-06 0.00024406773 0.008866984 2.8057686e-05 5.8598386e-07 7.029171e-07 9.063815e-06 8.0967465e-07 1.5483795e-06 8.1069236e-05 0.00097426394 1.9368365e-05 8.4498106e-07 1.3940813e-05 0.000110495086 4.0846844e-06 2.7850983e-10 7.0171016e-05 6.927272e-05 0.00032652743 5.846558e-07 2.0774653e-06 0.0024151744 1.0326138e-07 3.7827034e-05 2.3557102e-05 8.870675e-05 9.712905e-06 0.0012170183 5.5581374e-08 9.69094e-06 5.0086495e-05 0.00011118068
0.7965026 0.12622957 0.9896759 1.9735772e-15 0.77207994 0.10018721 0.799046 0.90724134 0.88360035 0.0018050555 0.7410947 0.00051907793 6.8839654e-05 0.000111126625 0.04724818 2.2774198e-05 2.5720186e-05 0.80541587 0.011790483 0.00992781 2.6998528e-06 0.0009692549 0.0010972732 0.022646282 1.0732633e-05 0.0012820284 6.2626423e-06 0.014604262 0.66965497 3.0267687e-05 3.8138664e-05 0.48367137 2.6044358e-06 0.018009253 3.3016235e-07 1.7882313e-06 9.844929e-08 3.2567218e-06 7.1085806e-06 0.00031671431 0.00010188317 0.00047873406 6.198079e-08 0.00068625895 0.012618064 7.8400994e-08 0.00010317964 2.749032e-07 0.00016239914 0.007281415 0.0002932083 0.00019940795 4.7802484e-07 0.02286989 1.1473449e-07 1.546259e-08 1.1898468e-07 4.747637e-05 3.1096326e-05 0.004301266 6.3016923e-06 0.017144445 3.41771e-07 0.028303238 2.5112135e-07 1.8623528e-07 2.5272468e-06 0.00014430338 3.639419e-08 0.008958186 0.09079106 0.00031420228 5.8084474e-08 3.990333e-06 2.1649946e-06 1.4081677e-07 1.3182405e-05 0.0029537245 0.011991894 0.00035446885 1.6646506e-07 1.2591058e-06 0.00087295775 2.2300758e-07 1.3738698e-10 0.00011525679 9.645116e-06 0.00033383913 2.5171938e-05 9.3858364e-07 0.0154621 1.6338083e-07 3.0034893e-05 3.3239477e-05 0.0006207498 2.2403196e-06 0.009943558 1.6361675e-07 8.155999e-06 1.3046668e-05 8.447137e-05
0.87607014 0.8169729 0.9585853 0.77207994 1.928889e-15 0.97636086 0.38546205 0.04992031 0.6642612 0.005975724 0.4680481 0.042401507 0.00034755893 0.0004877265 0.6927024 0.00010480898 9.209162e-05 0.06189213 0.009710766 0.5061187 1.4267764e-05 0.15177383 0.10086594 0.0005606894 3.1177155e-05 0.00017613638 5.8807395e-06 0.004450569 0.077802405 8.43032e-06 1.1608717e-05 0.027159182 5.6732705e-07 0.0012580035 2.247487e-07 9.780444e-06 2.502471e-07 1.5263699e-06 5.4779503e-06 0.018841946 2.5848052e-05 0.0014405135 4.7638372e-07 0.06328835 0.0003903334 7.3588046e-07 2.7485185e-05 1.6593471e-07 6.2495375e-05 0.0006091209 7.3742076e-06 0.0004074905 1.0544233e-07 0.0007874795 3.5136203e-08 1.1798844e-08 5.48506e-08 1.057616e-05 6.678846e-05 0.00030791387 0.0008687789 0.0036355103 1.7876782e-07 0.0008775025 1.1666467e-06 8.4506446e-08 7.770509e-06 5.9497024e-06 9.856428e-08 0.0008201684 0.009439626 8.512751e-06 1.1424184e-07 3.8194892e-07 1.1411908e-06 3.965868e-09 4.89828e-06 0.0003713762 0.0028290695 4.1260777e-05 8.783879e-08 1.8926679e-07 0.00037851388 1.9918167e-07 5.070853e-10 1.3648233e-05 2.9204148e-06 0.00021714647 3.2337655e-07 2.0655477e-07 0.005562943 1.9369406e-08 0.00015208442 7.215128e-06 8.956361e-05 1.912203e-06 0.0023129433 6.9252987e-10 1.9663569e-06 1.27686035e-05 7.768798e-06
0.9059279 0.9521722 0.10301632 0.10018721 0.97636086 2.358614e-15 0.0031710798 0.002882045 0.58310527 0.04376877 0.0021332272 0.3047208 0.0036208292 0.0040550535 0.9449074 0.0013464447 0.0003475692 0.018772347 0.034039654 0.45871335 2.4673604e-05 0.2791756 0.114071116 3.8514074e-05 0.0002977237 0.0014020485 6.0619805e-05 0.023063855 0.038320456 5.515839e-05 6.3208594e-05 0.023018688 5.902847e-07 0.000104113926 2.2243408e-07 0.00015708338 2.9550213e-07 1.9233084e-06 3.4462653e-06 0.14985906 9.886106e-05 0.016366834 1.4206548e-06 0.024952753 0.0003164076 9.563151e-06 6.717825e-05 9.81825e-07 1.7645198e-06 0.00016667532 1.9572774e-06 0.00053932675 1.5153145e-07 0.0009392696 1.06748146e-07 2.8053016e-08 9.292057e-08 1.8445755e-06 4.0550953e-05 0.000121384524 0.0025178143 0.015747001 2.7839607e-07 0.0016141668 4.5877692e-07 3.8504592e-07 4.666547e-06 2.0853834e-06 4.3970164e-08 0.0010791037 0.016304146 4.2243173e-06 2.7646223e-07 9.679487e-06 1.565206e-07 2.2825393e-08 0.00014371009 0.00041443785 0.0028457504 1.3358557e-05 1.8452898e-06 3.130525e-08 7.894718e-05 8.522075e-08 8.267251e-09 3.9780184e-06 7.2415605e-07 5.1441082e-05 1.333429e-06 1.15889385e-07 0.0072596264 2.0845679e-08 1.37972675e-05 4.557023e-05 4.015538e-05 1.2188041e-06 0.001864442 4.5660884e-09 4.9243217e-06 4.810936e-05 9.6181975e-05
0.016322006 0.0065087993 0.90911484 0.799046 0.38546205 0.0031710798 4.504394e-17 0.7610898 0.042944245 5.8433812e-05 0.9998348 2.4983192e-05 8.498304e-06 6.3967436e-06 0.00064369245 1.1430784e-06 2.522886e-06 0.04293597 0.00030638714 0.0012178577 9.2874996e-07 7.657772e-05 0.00043976883 0.0041691987 5.5496554e-07 6.552133e-05 2.2343504e-07 0.00039426712 0.0034121107 1.4434158e-05 5.1413936e-06 0.0018449187 5.8687976e-07 0.00034930048 1.7843531e-07 7.6532565e-08 1.1124781e-06 5.744789e-07 3.511423e-06 3.1073883e-05 6.8476475e-06 2.1946895e-05 7.5332096e-08 6.891164e-05 0.010640519 2.5226546e-08 6.233178e-06 1.6363188e-07 2.5188723e-05 5.5602082e-05 3.0935746e-05 1.66062e-05 2.0073334e-07 0.00014550025 2.1162012e-07 5.994851e-08 1.2805673e-07 1.4885545e-05 1.2786924e-06 5.497144e-05 6.30686e-07 0.00014769445 1.4947909e-07 0.00021250949 6.8853956e-07 1.9910647e-07 1.0743973e-06 8.2838205e-06 9.1032086e-07 9.4160234e-05 0.0013741977 2.7245374e-05 1.2122631e-07 9.2368204e-08 1.3937137e-06 2.7956335e-06 1.4480206e-07 2.5046462e-05 0.0002826571 1.2678047e-05 5.9796315e-07 6.0397406e-07 3.9103572e-05 9.637231e-07 2.7158542e-09 1.959312e-05 7.3023566e-06 4.4536297e-05 7.076944e-08 2.1250186e-07 0.0007608501 2.8457456e-09 3.978053e-06 2.5446452e-06 1.1670323e-05 5.2839056e-07 0.00026923092 1.992131e-08 2.1324897e-07 1.3337503e-05 2.9902109e-05
0.83756393 0.003475858 0.39739564 0.90724134 0.04992031 0.002882045 0.7610898 5.895003e-15 0.28063953 0.00011542498 0.92057526 4.185446e-05 5.147227e-06 1.2971843e-05 0.0020048246 6.0779366e-06 1.9003664e-06 0.9661401 0.0013234133 0.00042282575 7.4343086e-07 1.31233755e-05 2.9469951e-05 0.87536365 1.2868913e-06 0.0005415122 1.2403751e-06 0.0037852006 0.42430952 2.497452e-05 3.49084e-05 0.47199076 6.142393e-07 0.37414622 1.2308779e-07 5.052327e-06 1.1902849e-07 1.6382995e-06 2.9733028e-05 6.533311e-06 7.5028496e-05 0.0045453436 1.3657998e-07 3.9017523e-05 0.17751397 2.400629e-07 7.33613e-05 1.2574247e-06 0.0036654447 0.17714146 0.030478012 3.759363e-07 3.0779947e-07 0.06760985 2.8004436e-07 2.2864258e-08 3.1626956e-07 0.0030382648 0.0014267308 0.01794155 8.581014e-06 0.006387183 1.8750212e-06 0.050366376 2.456759e-07 1.0483117e-06 6.955923e-07 0.0014397458 1.3397788e-07 0.019962126 0.050307103 0.007880272 2.7966603e-06 3.5255696e-06 0.00010059858 1.4424488e-08 0.00016051647 0.010703733 0.017998565 0.003022125 9.660143e-07 7.23541e-05 0.008349374 3.0279223e-06 7.507616e-09 0.0009529975 6.5974666e-05 0.0007580566 8.802538e-06 7.4079567e-06 0.007725456 4.8908043e-07 0.0009904901 0.00014862345 0.001309597 1.2034683e-05 0.0049500046 8.658837e-08 1.1890709e-05 2.6054557e-05 8.361984e-05
0.99307865 0.943816 0.34363818 0.88360035 0.6642612 0.58310527 0.042944245 0.28063953 6.276156e-15 0.13783564 0.036222752 0.02986598 0.02569104 0.016358588 0.41001835 0.003033201 0.003804599 0.6690998 0.5361592 0.02283258 0.0003217485 0.045430154 0.0065849167 0.03783575 0.0014286642 0.033530656 0.0005716404 0.58887327 0.80082524 0.0002661722 0.0004846191 0.23658049 1.9957775e-05 0.028085178 3.852533e-06 0.00010545124 2.0421523e-06 5.317616e-06 3.0979645e-05 0.008158454 0.0010836957 0.0018723196 7.892225e-07 0.000365319 0.0002699423 2.6208056e-06 0.0006763602 1.7151231e-06 0.00023274652 0.008388402 2.5901476e-05 0.00024378326 7.3635715e-07 0.026728043 1.6043941e-07 1.2700246e-08 1.7077495e-07 4.277952e-05 0.00019322158 0.004862911 6.522836e-05 0.24989085 4.6484442e-07 0.11303425 6.7264153e-07 1.7773883e-07 7.322053e-07 7.595303e-05 1.650707e-07 0.042866565 0.34154454 2.6747848e-05 9.0577494e-08 2.6436994e-06 2.1190194e-06 2.8880388e-07 3.5445788e-05 0.015122497 0.08683497 3.4795794e-05 2.8410358e-07 1.5040594e-06 0.0006924059 7.358142e-08 7.275146e-09 2.987164e-05 4.6677087e-06 2.501056e-05 4.04502e-06 8.011168e-07 0.13037239 7.459162e-08 4.2258023e-05 1.8830682e-05 0.00021947305 3.2533305e-07 0.09715438 2.5375614e-08 2.8515623e-07 9.202688e-06 4.688499e-06
0.89688176 0.26040062 0.001484573 0.0018050555 0.005975724 0.04376877 5.8433812e-05 0.00011542498 0.13783564 8.141141e-17 1.9317193e-05 0.99385107 0.68692493 0.87281483 0.20497504 0.7029456 0.08023507 0.0031127722 0.7907724 0.0071715764 0.006435307 0.02494242 0.0027514137 6.719091e-06 0.30646092 0.025855636 0.015843421 0.11879164 0.017448237 0.0018966107 0.0018507713 0.0046900734 4.0078598e-05 0.0002095389 2.16889e-06 0.0020536922 1.0781582e-06 0.000104107865 0.00042748463 0.36520916 0.0029916484 0.15829735 1.3468145e-05 0.0005890613 1.7536264e-05 9.4806834e-05 0.0036769141 4.11302e-06 7.4339334e-07 2.8954159e-05 1.4260464e-06 0.0015344259 1.554027e-07 0.00043979628 8.240539e-08 1.7572884e-08 6.135119e-08 5.0877643e-06 0.0026959756 5.6485882e-05 0.00093575724 0.05060606 1.5732482e-07 0.0010118822 4.6247365e-08 7.740694e-08 1.3945952e-06 4.657677e-06 2.4277952e-08 0.00079049484 0.010661179 1.1723426e-06 2.7738356e-08 2.0610085e-05 1.6580691e-07 9.09827e-07 0.00016783203 0.0004890868 0.0035656027 1.3739565e-06 3.4811936e-08 6.083986e-08 6.575193e-05 1.2906202e-08 1.5995814e-11 8.778373e-07 4.5102632e-07 2.20959e-05 1.6347512e-07 7.259359e-07 0.011729327 6.3434737e-09 1.158969e-05 5.8336454e-06 6.847435e-05 6.6991885e-07 0.0044361227 3.921228e-09 9.3033503e-07 6.3933556e-05 1.2762418e-05
0.16963705 0.0014023574 0.5239175 0.7410947 0.4680481 0.0021332272 0.9998348 0.92057526 0.036222752 1.9317193e-05 2.7850562e-17 1.6977954e-05 4.22083e-06 6.6706434e-06 0.00039996294 2.1262929e-06 2.4941307e-06 0.19274807 6.495987e-05 0.0008725965 1.0312273e-05 0.00010443213 0.0006287028 0.30450684 1.3007304e-06 1.1231142e-05 8.305943e-07 3.6116948e-05 0.03224105 6.4819797e-06 2.0194464e-06 0.033082433 1.1475774e-06 0.0056891786 1.0675324e-07 7.216662e-08 2.639126e-07 8.755973e-07 1.2895352e-06 6.091899e-06 3.0104475e-06 3.0082509e-05 8.459627e-08 7.749532e-05 0.68150294 1.9043052e-08 2.409332e-06 1.225351e-07 0.0011212239 0.0013219583 0.005190428 3.8455128e-05 2.1521561e-07 0.0012369596 6.219692e-08 1.4670601e-08 1.14223e-07 0.00036415667 2.3685948e-06 0.00022878723 4.378206e-07 0.00041429262 1.14598556e-07 0.0011271047 1.312937e-07 7.559795e-08 4.4062226e-06 0.00052269304 2.1875765e-07 0.00047825676 0.0040034573 8.657695e-05 2.7673249e-08 1.1061896e-08 2.084798e-05 2.3033975e-07 3.6862406e-08 0.00025153087 0.00093867903 5.3673968e-05 4.6762093e-08 5.508884e-05 0.00023495418 2.8633224e-08 9.155185e-09 0.00017178225 5.023201e-05 0.00017120606 2.6379055e-07 2.7307988e-05 0.0016142713 1.1218066e-08 0.00010607387 1.2337867e-05 6.340947e-05 1.8470893e-06 0.0005642856 2.5213114e-07 5.5152786e-06 6.5773224e-06 6.9344045e-05
0.80473113 0.45349947 0.0006382095 0.00051907793 0.042401507 0.3047208 2.4983192e-05 4.185446e-05 0.02986598 0.99385107 1.6977954e-05 1.7467866e-14 0.29910997 0.55890256 0.7205896 0.51021093 0.04978849 0.00034384045 0.3033818 0.04103883 0.008119311 0.3356021 0.028802607 2.9437856e-06 0.79740256 0.012111366 0.053094834 0.03311 0.00121991 0.0012032153 0.00073329516 0.00039089835 1.5810832e-05 2.687954e-05 1.5685075e-06 0.019226136 2.428664e-06 6.693729e-05 0.00020097403 0.83660203 0.0003829666 0.6868505 8.63812e-06 0.0061824745 6.8858826e-05 0.00015255755 0.00048111108 3.5428907e-06 2.6520909e-06 1.1352168e-05 5.9510076e-06 0.015682109 2.8728232e-07 2.3001947e-05 1.3305157e-07 2.4484663e-08 1.1300181e-07 2.6461487e-06 0.038361926 5.579684e-06 0.031626493 0.012879358 2.9953623e-07 3.3782246e-05 2.7541807e-07 3.38489e-07 4.2940337e-06 0.0011653702 8.0580186e-08 1.9776191e-05 0.002274182 1.0722822e-05 2.214028e-07 3.5627305e-05 6.3098736e-07 1.916233e-07 0.0012879412 2.8565108e-05 0.000256498 1.4694414e-05 2.3270246e-07 6.5767165e-07 5.4052566e-06 4.738294e-08 1.5459006e-10 6.4789397e-06 3.6365884e-06 0.00015806875 4.312102e-06 1.2440553e-05 0.0019622042 1.0343129e-07 3.5875669e-06 3.9584666e-05 5.710173e-06 5.0279124e-07 0.0002658391 1.1341233e-08 3.7435266e-06 0.00021137115 2.0123725e-05
0.8592644 0.015178009 0.00017446079 6.8839654e-05 0.00034755893 0.0036208292 8.498304e-06 5.147227e-06 0.02569104 0.68692493 4.22083e-06 0.29910997 8.547805e-17 0.97024965 0.07079021 0.9373278 0.8984948 0.0005734575 0.9111977 0.00072359765 0.6489236 0.0039813244 0.0002976039 2.501601e-06 0.604729 0.38968506 0.20537598 0.2610617 0.0066611273 0.046171766 0.025240628 0.0025305862 0.0013533307 0.00014592602 0.0002980592 0.038685206 0.001325955 0.0010795721 0.0030097929 0.21473236 0.0120687345 0.18182947 0.0018907143 8.559711e-05 1.1435074e-05 0.007516615 0.011197487 0.00012649878 8.852582e-07 2.2905018e-05 1.4778659e-06 0.00032935184 8.722374e-06 0.00042756656 9.919827e-06 1.1447355e-06 2.8269667e-06 6.5106146e-06 0.11027267 0.00016977801 0.00068599463 0.061648894 8.645917e-06 0.001123868 4.0885466e-06 8.114043e-06 2.1325954e-07 2.6254473e-05 7.202948e-07 0.0007748188 0.00862597 3.3452667e-07 3.4105192e-06 0.00096146675 1.1306876e-07 5.4016113e-05 0.001870839 0.0006640624 0.0028511805 1.8997812e-06 1.7110583e-06 1.6503357e-07 4.03609e-05 4.087258e-07 6.835319e-09 1.0523876e-06 1.352777e-07 5.878547e-06 2.7559516e-05 1.0557687e-05 0.0088901045 4.247651e-06 9.277855e-06 1.0097998e-06 0.00031169588 3.8960889e-07 0.003109443 1.6101053e-07 4.680127e-06 0.00012067387 5.424958e-06
0.68436986 0.026948404 0.00021205642 0.000111126625 0.0004877265 0.0040550535 6.3967436e-06 1.2971843e-05 0.016358588 0.87281483 6.6706434e-06 0.55890256 0.97024965 9.172522e-17 0.06688797 0.97692037 0.4881496 0.0006616656 0.78544027 0.0012902451 0.17405574 0.0059513426 0.00036818985 5.171622e-06 0.60946953 0.054741144 0.09518778 0.09449239 0.0035835477 0.0067693684 0.0051120142 0.0011134754 0.00031350905 0.0001171481 7.746784e-05 0.012554508 8.577934e-05 0.00045093845 0.00063576864 0.23005952 0.0034999538 0.25192004 0.00044938005 0.00018575028 1.5888358e-05 0.0014034632 0.0034671116 5.5301974e-05 3.645578e-06 1.4038018e-05 9.855935e-07 0.00032179605 2.4554815e-06 0.00012483344 6.0985406e-07 1.8349351e-07 5.940554e-07 7.696683e-06 0.04955363 4.2018033e-05 0.0009813078 0.01804682 2.6687803e-06 0.00030819824 2.395617e-06 6.3364973e-07 1.1429182e-06 3.647705e-05 4.0677875e-07 0.00016750328 0.0031222145 7.576319e-07 3.7265588e-07 0.00067106093 1.8733722e-07 2.3035447e-05 0.0009334581 0.00022879116 0.0012420235 1.1536389e-06 6.735171e-07 5.165271e-07 6.0538463e-05 3.2032435e-07 1.7763782e-09 1.4300872e-06 1.8166094e-07 1.2008807e-05 1.2760044e-05 1.1273164e-05 0.003930339 1.9294527e-07 1.9571355e-06 5.261729e-07 1.9055758e-05 1.5712466e-07 0.0016160565 2.704067e-07 4.5967317e-06 0.00011488105 2.596512e-06
0.848348 0.86258626 0.021301612 0.04724818 0.6927024 0.9449074 0.00064369245 0.0020048246 0.41001835 0.20497504 0.00039996294 0.7205896 0.07079021 0.06688797 1.5518096e-13 0.037598137 0.011516422 0.0076864064 0.10896526 0.92123497 0.003614074 0.95384496 0.595123 0.00020556268 0.0041801487 0.0113387145 0.00048261674 0.04512101 0.016183585 0.0006657441 0.000859282 0.005587827 5.9168193e-05 0.0005448568 1.1333444e-05 0.00020872138 9.615442e-06 4.5097087e-05 7.2751194e-05 0.121576324 0.00044066957 0.027234653 2.6449465e-05 0.030034231 0.0005265977 2.213445e-05 0.0002343229 1.6156951e-05 0.00012430077 5.2762116e-05 1.548187e-05 0.02697789 8.805896e-06 0.0006859435 1.56436e-05 4.3630922e-07 4.989634e-06 5.437252e-05 0.0007635659 0.00040389202 0.010466177 0.009542567 2.1188437e-06 0.0010739295 2.0600053e-06 1.0399815e-05 2.6929882e-05 0.00014238858 6.401253e-06 0.0012784998 0.015489025 0.00013933842 1.3168107e-05 3.4174365e-05 9.516614e-06 5.3655026e-07 0.00084523583 0.0007209247 0.0023110341 0.00012079442 4.1352442e-07 9.883264e-06 6.971358e-05 9.088904e-07 1.6326423e-08 5.760037e-06 4.5308166e-06 0.00012172151 7.172822e-05 1.8036786e-06 0.0065841884 4.973057e-07 8.334397e-05 1.5445841e-05 0.0003079861 7.275303e-06 0.002775974 3.61806e-08 4.237669e-06 7.9745114e-05 4.007734e-05
0.82090116 0.0047751227 3.3263008e-05 2.2774198e-05 0.00010480898 0.0013464447 1.1430784e-06 6.0779366e-06 0.003033201 0.7029456 2.1262929e-06 0.51021093 0.9373278 0.97692037 0.037598137 1.0192644e-15 0.8643744 6.0250943e-05 0.69060487 0.00070179015 0.8162224 0.0037560074 0.00019989748 1.0083419e-06 0.8888566 0.21702015 0.628924 0.17813462 0.00033521318 0.049064286 0.022380108 8.78055e-05 0.0017414978 4.7804944e-05 0.00055564084 0.22037227 0.0017798209 0.002112736 0.003182371 0.31443205 0.009175364 0.5211687 0.0064533665 6.916519e-05 4.184189e-05 0.029720739 0.009798174 0.00015207514 3.974704e-06 1.0263809e-06 1.593179e-06 0.00035691442 2.2576913e-05 1.7443277e-05 5.568686e-06 9.946963e-07 1.5487407e-05 5.0735434e-06 0.25848952 9.969371e-06 0.0025295124 0.04118372 1.7858889e-05 3.718011e-05 5.228805e-05 2.5676645e-06 3.0681065e-07 0.00019644882 5.29693e-06 2.4397432e-05 0.0020385205 4.162168e-07 1.3375836e-06 0.0015706122 2.9790158e-07 8.7867906e-05 0.0048757466 4.3932298e-05 0.00027241933 7.07469e-08 5.9512686e-06 2.9053474e-06 6.467898e-05 3.2538594e-06 9.1628545e-09 2.4226668e-07 1.3890701e-07 1.2115246e-05 2.2301376e-05 3.1137104e-05 0.005692937 7.6707565e-06 1.1965338e-06 1.0853865e-07 4.940805e-06 1.4210451e-08 0.0009066189 1.5644e-07 1.1358851e-05 0.00018733215 1.0288408e-06
0.90734047 0.0018940738 2.38568e-05 2.5720186e-05 9.209162e-05 0.0003475692 2.522886e-06 1.9003664e-06 0.003804599 0.08023507 2.4941307e-06 0.04978849 0.8984948 0.4881496 0.011516422 0.8643744 6.9803566e-15 5.4617612e-05 0.75683993 7.738366e-05 0.988104 0.00054975325 9.292724e-06 3.6698495e-06 0.57758564 0.68565434 0.42899954 0.25626042 0.0012180174 0.27014396 0.12169197 0.0006972298 0.021080906 1.4106919e-05 0.005965979 0.23301134 0.020853534 0.024328956 0.020898204 0.05786223 0.045837898 0.10740512 0.03437248 3.90516e-06 4.499362e-06 0.06581555 0.05438338 0.0010084473 3.4009423e-07 4.651356e-06 6.0660864e-07 3.6961275e-05 0.000197507 7.543364e-05 0.00013773203 6.5466083e-06 3.917449e-05 3.958338e-07 0.1396185 2.5968031e-05 0.00037174864 0.07423682 3.848716e-05 0.00040067724 4.9953356e-05 1.4372879e-05 9.719511e-08 1.3612707e-05 2.541542e-05 0.00020596142 0.0044854106 3.9913434e-07 2.1300264e-05 0.0018855284 4.0138968e-08 0.0002986066 0.0022991435 0.00020873276 0.0013470766 2.1355393e-06 1.8743741e-06 7.722202e-08 1.0709403e-05 1.9061603e-06 4.3813847e-07 6.2680465e-07 3.5725802e-07 2.8831005e-06 9.728962e-06 1.3311549e-06 0.00766935 8.1780645e-06 6.723231e-06 3.0787887e-06 2.1978669e-05 1.0397366e-07 0.0020415003 2.6808433e-08 1.3687858e-07 0.00011696726 1.6126539e-06
0.94832563 0.098253846 0.12798575 0.80541587 0.06189213 0.018772347 0.04293597 0.9661401 0.6690998 0.0031127722 0.19274807 0.00034384045 0.0005734575 0.0006616656 0.0076864064 6.0250943e-05 5.4617612e-05 5.785887e-13 0.014650603 0.00028486937 1.1471796e-05 0.00010080977 7.714934e-05 0.76254386 2.1554139e-05 0.0014153667 2.0834543e-05 0.028285982 0.916024 2.299699e-05 4.954212e-05 0.8798226 5.414988e-06 0.5384793 7.5832014e-07 1.3704839e-05 9.21105e-07 9.121476e-07 5.00435e-06 7.926509e-05 8.486346e-05 0.0005452888 7.3374173e-07 0.00013823957 0.0114844525 2.5882425e-06 0.00011550988 1.3780913e-06 0.05963008 0.2536481 0.003725566 6.722837e-05 2.1691494e-07 0.12130902 5.62962e-07 1.3611167e-08 5.7260902e-08 0.016882727 0.000659769 0.033341397 1.2825951e-05 0.017955815 2.8526887e-07 0.13430083 6.255089e-07 2.0373056e-07 2.1927262e-06 0.0006456291 8.576948e-08 0.054886006 0.09018128 0.004460684 2.61944e-07 1.3228851e-05 0.0009000188 1.9628178e-06 0.000120457706 0.04107506 0.05091468 0.0014081422 2.4187273e-06 0.00013020063 0.015825232 7.2985864e-07 9.4577054e-08 0.00074392144 0.0002495249 0.00059330673 6.6232406e-06 1.3495159e-05 0.020445403 5.192004e-07 0.001141162 0.00016543645 0.0012972489 9.409421e-06 0.02417568 3.9610928e-08 1.7958724e-06 1.3259228e-05 8.1070866e-05
0.97623575 0.4400893 0.0039338134 0.011790483 0.009710766 0.034039654 0.00030638714 0.0013234133 0.5361592 0.7907724 6.495987e-05 0.3033818 0.9111977 0.78544027 0.10896526 0.69060487 0.75683993 0.014650603 3.104245e-15 0.0011606277 0.64064187 0.0067561017 0.00038459382 8.209873e-05 0.29941443 0.83607036 0.099926114 0.93915063 0.116395816 0.06365015 0.04650974 0.017817322 0.015786793 0.0009935274 0.0069392733 0.042348117 0.0052079954 0.0036452205 0.006772733 0.05101522 0.036354546 0.06441435 0.01017013 2.254419e-05 4.2953197e-06 0.009790168 0.045296106 0.00052650407 3.324274e-05 0.0005740537 1.9141783e-07 0.0001164908 0.00014060522 0.0024706842 0.00015440164 8.846037e-06 4.680397e-05 3.887762e-06 0.022566514 0.0007152591 0.00026749825 0.23808435 1.4847082e-05 0.013442354 9.344097e-06 2.0650132e-06 6.35561e-07 7.161211e-06 4.852381e-06 0.0077387355 0.08250419 6.1801193e-06 1.0711625e-06 0.00013961844 1.3491959e-06 1.0715849e-05 0.00041899394 0.004667769 0.020300627 2.3449493e-05 1.0256031e-06 1.5653613e-07 0.00012004909 2.3192881e-07 2.9480843e-08 2.1431895e-05 1.5217755e-06 1.5352029e-05 1.809919e-05 1.1670685e-06 0.06871105 1.3735424e-06 8.4168285e-05 8.68967e-06 0.00019759932 1.1740758e-06 0.041567773 5.0248268e-08 2.1811518e-07 5.1341052e-05 3.0988936e-06
0.04673095 0.2685522 0.011298388 0.00992781 0.5061187 0.45871335 0.0012178577 0.00042282575 0.02283258 0.0071715764 0.0008725965 0.04103883 0.00072359765 0.0012902451 0.92123497 0.00070179015 7.738366e-05 0.00028486937 0.0011606277 1.4080443e-14 5.0740204e-05 0.9604138 0.9895662 2.136284e-05 8.163202e-05 0.000103843704 7.83767e-06 0.00013875839 0.00033093677 7.2715884e-05 2.4856286e-05 0.0002656047 8.0714136e-07 6.1640116e-05 3.3684157e-07 1.7131377e-05 3.6600145e-06 3.7938973e-06 3.6156873e-06 0.0045373095 1.6585309e-05 0.001223586 1.0632108e-06 0.12902361 0.00020608364 3.3642887e-06 1.8388744e-06 5.399754e-06 4.9132068e-05 3.7409927e-06 8.29144e-06 0.008624366 2.105045e-06 7.957563e-05 4.9606583e-06 2.2452635e-07 6.2744755e-07 1.6528733e-05 0.00015401164 7.663329e-06 0.003254415 0.00061396527 2.749765e-06 3.0104144e-05 7.777407e-09 3.8562234e-06 2.1036854e-05 2.879195e-05 2.71694e-07 5.405208e-05 0.0011532954 8.307073e-06 1.3620333e-06 1.1384238e-05 1.4714151e-06 4.544697e-07 0.00017287134 5.5067514e-05 0.00010900354 5.3397653e-05 3.884039e-09 1.9145152e-06 3.869816e-05 3.952451e-08 8.5636004e-10 4.8215393e-06 3.384616e-05 5.138778e-05 3.3656813e-06 5.8076885e-06 0.0003744457 8.158838e-08 1.0660431e-05 1.5264886e-05 6.0748516e-05 2.19059e-06 0.0004056639 3.7452118e-08 1.0146564e-06 3.3320724e-05 0.00013122793
0.93510085 0.00011910668 1.3888741e-05 2.6998528e-06 1.4267764e-05 2.4673604e-05 9.2874996e-07 7.4343086e-07 0.0003217485 0.006435307 1.0312273e-05 0.008119311 0.6489236 0.17405574 0.003614074 0.8162224 0.988104 1.1471796e-05 0.64064187 5.0740204e-05 1.5003092e-13 0.00029521892 7.1512413e-06 9.862318e-07 0.6720299 0.81844485 0.66206855 0.26270714 0.00010307214 0.6316576 0.4426019 7.219626e-05 0.1663985 1.4372044e-05 0.05357081 0.4877105 0.16941395 0.19536407 0.10517997 0.032636493 0.11731406 0.14420156 0.2715154 1.4034034e-06 2.676849e-05 0.25933704 0.102920696 0.01453102 2.2227825e-07 2.956029e-06 5.14583e-07 6.2716795e-06 0.002471938 1.6566797e-05 0.0027041566 0.00019339137 0.0011694485 1.8451429e-07 0.44173202 1.4762327e-05 0.00036965962 0.05861414 0.00022246117 7.696239e-05 0.0006641685 0.000118973854 5.8330162e-08 5.6242217e-05 0.00014953392 1.6882097e-05 0.001220975 6.370519e-07 0.00015953899 0.0077198283 3.4372583e-08 0.007320036 0.005409427 0.00011207833 0.00025654765 1.8285651e-06 0.00014909876 7.142373e-08 8.591832e-06 4.3427222e-05 7.2787525e-06 9.51493e-07 2.4892273e-07 5.063987e-06 3.8731498e-05 4.289241e-06 0.005380622 5.291263e-05 1.4803019e-06 5.4173847e-06 1.068862e-05 7.5539e-08 0.00092988095 5.764807e-08 8.055511e-07 0.0007750682 1.4922236e-06
0.110989586 0.3570965 0.00069071254 0.0009692549 0.15177383 0.2791756 7.657772e-05 1.31233755e-05 0.045430154 0.02494242 0.00010443213 0.3356021 0.0039813244 0.0059513426 0.95384496 0.0037560074 0.00054975325 0.00010080977 0.0067561017 0.9604138 0.00029521892 1.822121e-17 0.97379774 3.2554237e-06 0.0011130911 0.0006616044 0.00027118626 0.0022115824 0.00044787469 2.8372157e-05 2.486743e-05 0.000114792114 3.6423899e-07 4.556234e-06 2.73214e-07 8.195917e-05 3.0495798e-07 1.0163619e-06 4.611265e-06 0.27598283 4.1329065e-05 0.016793523 6.764811e-06 0.57158375 0.00018561623 9.377145e-06 2.7765393e-05 3.227266e-06 1.929183e-06 3.2474145e-06 6.9802354e-06 0.49354154 5.803594e-07 1.0791452e-05 1.1662775e-06 1.7819708e-07 2.86096e-07 2.8724796e-06 0.00032651154 4.180238e-06 0.034226015 0.0007970786 3.3496772e-06 2.1861686e-05 2.0978582e-08 2.89154e-06 0.00028151026 7.481582e-06 6.312269e-07 1.3613252e-05 0.0013432102 1.9379181e-06 4.959927e-07 1.7784056e-05 3.3217802e-07 3.5021404e-07 0.0010579469 4.6512698e-05 4.9254795e-05 1.1239806e-06 3.9886512e-08 1.6551904e-07 1.1434093e-05 5.3955256e-07 2.1333102e-08 1.4612751e-06 2.5173208e-07 7.1852816e-07 7.0067063e-06 1.0606561e-07 0.0006905268 5.8845764e-08 5.645082e-07 2.5712321e-08 6.3106864e-07 2.7061654e-08 0.00020548627 4.865111e-09 4.4936905e-07 4.7646167e-06 5.7439837e-07
0.008654624 0.09755544 0.002280152 0.0010972732 0.10086594 0.114071116 0.00043976883 2.9469951e-05 0.0065849167 0.0027514137 0.0006287028 0.028802607 0.0002976039 0.00036818985 0.595123 0.00019989748 9.292724e-06 7.714934e-05 0.00038459382 0.9895662 7.1512413e-06 0.97379774 1.1380268e-14 1.02259455e-05 3.7465787e-05 2.0837306e-05 5.732746e-06 1.4422076e-05 4.7964593e-05 1.9841527e-06 9.810126e-07 2.1020189e-05 4.9173764e-08 8.982669e-06 9.128929e-08 7.837393e-06 5.619878e-07 1.4690825e-07 5.648329e-07 0.027919957 2.9584967e-06 0.0029274698 9.018501e-07 0.7523544 0.0005162036 1.1655025e-06 4.103766e-06 5.8807365e-07 1.7068283e-05 8.011187e-06 3.708959e-05 0.116102494 1.4016238e-07 3.9812294e-06 2.1346902e-06 2.5453513e-08 2.5573044e-07 2.4151119e-05 0.00010253576 2.1984342e-06 0.026679948 0.00020980184 2.2120187e-07 2.7939386e-06 8.3318525e-09 4.2139018e-07 0.001316149 1.2737407e-05 2.3205423e-07 4.836225e-06 0.00039194708 1.6669055e-06 8.0183256e-08 6.172615e-06 1.565895e-06 1.446399e-07 0.00046077423 3.0229535e-06 3.444207e-05 2.800903e-07 8.673974e-09 8.6268534e-07 1.9499936e-05 2.159323e-07 2.0039831e-08 5.791199e-07 5.751098e-07 1.7093327e-06 3.6860367e-06 9.806048e-07 0.00021663267 2.7953721e-08 8.585263e-06 1.1623545e-06 1.6506245e-06 1.8527119e-06 0.00014183496 1.0948212e-08 2.9556304e-07 1.1866456e-05 3.0825495e-06
0.8395421 0.00021653084 0.0025074435 0.022646282 0.0005606894 3.8514074e-05 0.0041691987 0.87536365 0.03783575 6.719091e-06 0.30450684 2.9437856e-06 2.501601e-06 5.171622e-06 0.00020556268 1.0083419e-06 3.6698495e-06 0.76254386 8.209873e-05 2.136284e-05 9.862318e-07 3.2554237e-06 1.02259455e-05 3.9768867e-18 1.1327014e-07 0.00010202181 8.553419e-05 0.0009698207 0.2376363 3.6963247e-05 2.4025165e-05 0.48320606 7.655709e-06 0.7541723 1.641641e-05 0.00076230854 1.29250175e-05 4.7561816e-06 6.272038e-06 1.1450604e-05 4.1562427e-05 0.02344949 2.202483e-05 1.4151634e-06 0.98609537 3.754616e-05 3.661095e-05 4.043246e-06 0.7386323 0.42121047 0.83004147 2.9359651e-07 6.319539e-07 0.25268576 1.9860445e-07 1.977767e-08 8.0398695e-07 0.46123585 0.024158522 0.04873457 0.00069499924 0.0027875046 6.8660556e-06 0.11058906 1.0992899e-06 5.596397e-06 2.1475532e-07 0.030691173 5.470075e-07 0.04239325 0.023089949 0.008984187 8.762995e-06 0.011718492 0.0065018754 0.0017343841 0.0059349206 0.019529594 0.024854276 0.002257668 1.1200738e-06 0.020786958 0.019127563 1.231218e-06 1.2251411e-08 0.0012387545 0.0036606116 0.0040143323 0.007816871 0.00015760529 0.009548311 1.0449594e-07 0.000457827 0.00019791219 0.001902812 9.711488e-06 0.008000102 8.683925e-07 1.766499e-05 0.00018895524 0.00057234
0.8669071 0.0016033265 2.0487389e-05 1.0732633e-05 3.1177155e-05 0.0002977237 5.5496554e-07 1.2868913e-06 0.0014286642 0.30646092 1.3007304e-06 0.79740256 0.604729 0.60946953 0.0041801487 0.8888566 0.57758564 2.1554139e-05 0.29941443 8.163202e-05 0.6720299 0.0011130911 3.7465787e-05 1.1327014e-07 4.0052674e-17 0.09965241 0.9887134 0.09361128 2.1123924e-05 0.038486425 0.019680265 7.8521025e-06 0.0026497021 4.8465445e-06 0.0006256518 0.4681149 0.0177939 0.0059408667 0.003227259 0.24080457 0.004497061 0.9134823 0.01252952 2.6462409e-05 3.1521144e-05 0.057507057 0.0064219055 0.00013388217 1.4460817e-07 1.3655303e-07 1.8977294e-06 0.00013639822 2.9392231e-05 8.8211306e-07 1.0331892e-05 4.0405416e-07 2.6205294e-05 4.232033e-07 0.5448954 2.2213924e-07 0.0060547823 0.018147914 6.177273e-06 8.345066e-06 3.3472666e-06 1.2046505e-06 3.592118e-07 1.0293271e-05 1.6442442e-06 8.606815e-06 0.0006617716 7.375298e-08 1.6628917e-06 0.0020607982 1.48743124e-08 6.065285e-06 0.01656026 5.3134114e-05 0.00029110134 2.85254e-08 3.6002876e-07 1.9799874e-07 2.799801e-06 1.2986573e-07 2.5360845e-09 2.9420342e-08 9.564421e-09 1.7928728e-06 8.339498e-06 3.495047e-07 0.0019742632 2.959661e-07 2.2354631e-07 4.1616917e-07 6.1428676e-07 1.4135218e-08 0.00053511566 1.2887181e-09 7.751491e-07 0.00010249304 5.174868e-08
0.975427 0.011739947 0.00034957338 0.0012820284 0.00017613638 0.0014020485 6.552133e-05 0.0005415122 0.033530656 0.025855636 1.1231142e-05 0.012111366 0.38968506 0.054741144 0.0113387145 0.21702015 0.68565434 0.0014153667 0.83607036 0.000103843704 0.81844485 0.0006616044 2.0837306e-05 0.00010202181 0.09965241 2.6401347e-13 0.2069224 0.86815107 0.02738623 0.73109615 0.9124181 0.0042505832 0.36767274 0.0003311407 0.21095179 0.2627639 0.21578923 0.21672489 0.5036396 0.013801684 0.8200047 0.016076513 0.26976103 1.6359576e-06 0.00012135478 0.16259399 0.40519947 0.029180793 6.212084e-05 0.000145581 8.030746e-06 1.4729054e-05 0.016512293 0.0019781806 0.004078309 0.0014095529 0.012871474 0.000104556304 0.14311083 0.0010726735 0.0001459615 0.43604818 0.002062917 0.009757438 0.0018508789 0.0005121071 6.000849e-07 4.0777235e-05 0.0007887975 0.0057350565 0.05626521 2.9776187e-05 0.00015244832 0.0043234946 2.8019995e-06 0.003026307 0.002202688 0.0036914423 0.016354421 0.00011994358 0.00022402214 3.5467344e-06 0.0004381974 3.171122e-05 4.3022033e-06 4.6332156e-05 4.8726456e-06 4.081342e-05 0.00015786628 1.8696224e-05 0.05403629 5.3647662e-05 7.448084e-05 1.2315791e-05 0.00027708508 5.232883e-06 0.025225114 2.6157977e-07 2.5686763e-06 0.00057869125 2.9735252e-06
0.7784811 0.00037895297 2.359266e-06 6.2626423e-06 5.8807395e-06 6.0619805e-05 2.2343504e-07 1.2403751e-06 0.0005716404 0.015843421 8.305943e-07 0.053094834 0.20537598 0.09518778 0.00048261674 0.628924 0.42899954 2.0834543e-05 0.099926114 7.83767e-06 0.66206855 0.00027118626 5.732746e-06 8.553419e-05 0.9887134 0.2069224 1.2747902e-17 0.04470048 4.4604432e-05 0.17460959 0.0657838 1.0020308e-05 0.06255649 0.00012458392 0.0443924 0.98077446 0.3247346 0.059727546 0.012155911 0.052342683 0.013026652 0.44928312 0.3007769 1.6413975e-06 0.0004424565 0.30235893 0.015061788 0.022611974 2.0753634e-05 7.537086e-07 0.00019203886 3.017212e-05 0.004911647 5.798635e-06 0.0109514315 0.0005470822 0.001759681 6.557978e-05 0.6249942 2.6992682e-06 0.0019346931 0.014297097 0.00048322103 5.063774e-06 0.00048023296 0.00015897778 1.0043585e-07 0.00046340772 0.00020900306 1.4688192e-05 0.0002680974 2.7187622e-07 0.0001852864 0.013009159 1.1289743e-07 0.009588077 0.026410399 9.683493e-06 0.00013228947 1.0721999e-06 3.5683683e-05 4.1476343e-07 2.2319025e-06 1.3638956e-05 1.5138577e-06 5.955178e-07 1.1684316e-08 1.9232672e-05 0.00044601693 5.4959146e-06 0.0014919534 7.753635e-05 3.4340326e-07 1.899457e-06 3.5319414e-07 1.9359403e-07 0.0002749642 4.6954557e-10 1.3323689e-06 0.0003812306 1.3862697e-07
0.9890021 0.113049924 0.0030086627 0.014604262 0.004450569 0.023063855 0.00039426712 0.0037852006 0.58887327 0.11879164 3.6116948e-05 0.03311 0.2610617 0.09449239 0.04512101 0.17813462 0.25626042 0.028285982 0.93915063 0.00013875839 0.26270714 0.0022115824 1.4422076e-05 0.0009698207 0.09361128 0.86815107 0.04470048 1.9908552e-15 0.47694626 0.06859029 0.08647812 0.08616708 0.020082124 0.005005386 0.011386759 0.027324278 0.008082129 0.012735306 0.030497344 0.0103044985 0.2943709 0.019838903 0.010647965 6.4373053e-06 2.9141953e-05 0.014904184 0.31592134 0.0015189679 0.00012901836 0.0037699402 1.0458342e-06 2.9656001e-05 0.002900259 0.018948892 0.00050714705 0.00020526983 0.0021510145 2.9850511e-05 0.011715375 0.008506815 7.1750386e-05 0.94567704 0.00044381942 0.104667686 0.0007984035 9.7851036e-05 3.2084378e-07 3.4229504e-06 0.00029232822 0.04753083 0.33873448 0.00010703793 4.2703945e-05 0.0005270408 1.3785076e-05 2.9339275e-05 0.00066975533 0.018645076 0.09665937 0.00027927852 2.6318145e-05 1.0079948e-06 0.002087465 1.0398199e-05 9.035425e-07 0.00021928184 2.6505409e-06 0.0001482557 1.1008032e-05 1.3107297e-06 0.33551136 7.205164e-06 9.410116e-05 6.348825e-05 0.0004992835 3.537133e-05 0.17186396 1.1876017e-08 1.3245551e-07 0.00012707541 7.412468e-07
0.9626827 0.21735065 0.0432563 0.66965497 0.077802405 0.038320456 0.0034121107 0.42430952 0.80082524 0.017448237 0.03224105 0.00121991 0.0066611273 0.0035835477 0.016183585 0.00033521318 0.0012180174 0.916024 0.116395816 0.00033093677 0.00010307214 0.00044787469 4.7964593e-05 0.2376363 2.1123924e-05 0.02738623 4.4604432e-05 0.47694626 8.5178644e-16 0.0002889043 0.00046710132 0.97891694 7.734327e-06 0.071286134 7.6680755e-07 6.507123e-05 2.007274e-07 4.0045757e-06 0.00022635804 0.00040101825 0.003593066 4.9167225e-05 1.4769373e-06 5.1163235e-05 0.0006264429 4.530052e-06 0.0063984464 2.3245327e-06 0.009346442 0.02522206 0.00030982558 5.1075043e-05 1.476631e-07 0.1470774 5.8758957e-08 7.0284325e-09 5.01647e-07 0.005394353 4.6233723e-05 0.014753967 4.4054914e-06 0.48989093 1.3800154e-06 0.6816683 6.3645352e-06 3.4915956e-07 8.6539796e-07 5.6119254e-05 5.7849286e-07 0.13963416 0.8401592 0.00057952857 1.7295237e-07 3.46375e-05 4.6711888e-05 3.3732424e-06 8.5044216e-05 0.0393559 0.1749834 0.00020926094 4.540302e-06 8.422308e-06 0.005775701 2.0618045e-07 4.9095785e-08 0.00011580063 2.9002162e-05 0.00023980241 1.2161179e-05 9.364607e-06 0.2363925 7.6007944e-07 5.2522242e-05 4.9919592e-05 0.00019039056 8.346937e-08 0.1258598 3.3601268e-08 9.942894e-07 0.00010494591 1.1530731e-05
0.9111289 0.00015295249 7.5495904e-05 3.0267687e-05 8.43032e-06 5.515839e-05 1.4434158e-05 2.497452e-05 0.0002661722 0.0018966107 6.4819797e-06 0.0012032153 0.046171766 0.0067693684 0.0006657441 0.049064286 0.27014396 2.299699e-05 0.06365015 7.2715884e-05 0.6316576 2.8372157e-05 1.9841527e-06 3.6963247e-05 0.038486425 0.73109615 0.17460959 0.06859029 0.0002889043 2.608451e-13 0.9272872 7.584887e-05 0.93091273 1.204604e-05 0.8018493 0.28810993 0.68200785 0.8971781 0.6916223 0.002081936 0.4747048 0.009119525 0.40339538 2.6836943e-07 0.00010753272 0.2637922 0.18454008 0.53585553 3.7379648e-06 4.73236e-06 3.229837e-06 4.114574e-06 0.19077325 9.155893e-05 0.08425551 0.033796124 0.08664812 2.227387e-05 0.3398871 2.7293358e-05 6.26326e-05 0.033002745 0.017312 0.00035404656 0.0034419105 0.0013354571 2.3171432e-07 0.00026148287 0.0011004558 0.00039914064 0.0021899415 3.9116567e-06 0.00014145361 0.009074213 6.0149034e-07 0.043004207 0.002058137 0.0003476171 0.0017203701 1.0733288e-05 0.00010353133 1.3959365e-06 1.8552711e-05 1.067333e-05 5.2540578e-05 5.5991463e-06 1.1195815e-06 1.4459576e-05 0.0003654756 3.058933e-05 0.0067015984 9.768284e-05 4.2686115e-05 6.3713787e-06 2.5504823e-05 7.980849e-07 0.002748293 1.1825277e-07 8.0822815e-07 0.00043614995 4.517601e-06
