1.4571639e-29 0.8989367 0.77031434 0.9248521 0.85948575 0.6704079 0.53126854 0.9249172 0.4725225 0.6644351 0.75857174 0.78699607 0.2264585 0.8270117 0.17144024 0.9243375 0.236255 0.4424301 0.97607726 0.8650884 0.50853306 0.8994349 0.87519366 0.28228626 0.54344416 0.5728864 0.7100766 0.90935665 0.24768223 0.5336041 0.17297252 0.6945702 0.941241 0.1266517 0.94253427 0.90859914 0.8761657 0.865367 0.42192724 0.97598773 0.30428025 0.017199937 0.99873203 0.97133756 0.94481945 0.019040344 0.29159746 0.99914134 0.08004819 0.9372431 0.9998426 0.1330339 0.062352344 0.8335468 0.55523527 0.17839605 0.69827867 0.70912933 0.086109795 0.6783393 0.041707397 0.051439397 0.09500818 0.011310112 0.012940454 0.9864468 0.0016864984 0.005943995 0.92452765 0.42085606 0.9974196 0.0549487 0.0033322761 0.59284157 0.0008817729 0.5250722 0.0015214224 0.71762127 0.018381797 0.9996857 0.01447481 3.4475393e-05 0.950297 0.988838 0.017389305 0.03246767 0.99959445 0.009964201 0.00051448395 0.28641227 0.087666996 0.0021005655 0.00069816096 0.9999282 0.024028862 0.007430773 0.00044408467 0.0860657 1.4458583e-07 0.07898809 0.7536949
0.8989367 6.199049e-19 0.86604 0.7887233 0.5178864 0.55486625 0.5982889 0.3108307 0.57494724 0.1356439 0.08946626 0.45334396 0.40931544 0.3269927 0.3369664 0.44985387 0.34658802 0.06221332 0.22873394 0.09058321 0.012715604 0.20009318 0.21391226 0.0044910586 0.033772383 0.00048416987 0.00019874498 0.000114913266 0.00087623973 0.00011118419 0.0022007753 5.0831884e-05 0.0032099304 0.09230748 0.0051492034 0.000487155 0.0002452121 1.386574e-05 2.0539917e-05 0.0052404418 0.08643358 0.034464106 0.4095313 0.00050774985 0.07670036 0.014544364 3.278018e-05 0.3493081 0.003588248 1.4929119e-05 0.04667835 0.0011488516 0.0015594698 5.4141096e-06 5.732686e-06 9.4131334e-05 9.622114e-07 6.3848313e-07 0.018917032 8.912458e-08 0.001153566 0.0012980087 3.4108172e-05 0.0012089935 0.0012971065 0.00015770768 0.0030857942 0.00037379866 1.7206581e-05 6.3056355e-08 0.016567953 3.1941668e-06 0.00026564422 3.062596e-07 0.0009769645 1.059151e-09 0.00026795376 4.08605e-07 7.4938425e-06 0.00042188202 8.114252e-06 6.900456e-05 0.030123247 3.4626467e-07 4.6842062e-05 1.7358965e-06 0.0046318728 7.0159404e-06 8.638878e-06 2.9141436e-08 4.426476e-08 6.0188115e-05 9.512613e-06 9.524245e-05 2.5775175e-06 1.3995156e-06 4.750413e-05 9.682334e-09 0.00020065001 0.0037061716 2.92266e-08
0.77031434 0.86604 8.431828e-18 0.6693136 0.1913758 0.39358464 0.5717914 0.063226946 0.8029826 0.032490924 0.009770274 0.81778353 0.4675416 0.32119384 0.43960053 0.13669547 0.5213717 0.1756165 0.13999218 0.18093954 0.0019657945 0.051471584 0.058426615 0.00088983274 0.12921235 0.0001327981 4.0848932e-05 1.6293612e-05 0.00022252163 2.9395962e-05 0.0006604725 2.6864958e-05 0.000327882 0.26063895 0.0005300346 3.9448845e-05 3.4934877e-05 6.861231e-06 7.964855e-06 0.0006153296 0.1044139 0.20567799 0.24638303 6.909827e-05 0.10878834 0.040812872 1.5652986e-05 0.14655897 0.0024589605 5.6356553e-06 0.009587268 0.0010962195 0.0011635956 3.2230312e-06 6.0039997e-06 5.3723335e-05 7.9310377e-07 1.0235271e-07 0.0192793 4.1126047e-08 0.003384087 0.004385438 1.8087612e-05 0.0049675633 0.00048013774 1.2743811e-05 0.010642791 0.00017705408 2.1800922e-06 3.4239427e-08 0.020521818 3.1379354e-06 0.00017117406 1.6744521e-07 0.0009272434 4.5344686e-10 8.063312e-05 7.0571964e-08 3.4268958e-06 0.00017058675 3.1002974e-06 3.5488876e-05 0.030014371 3.7007602e-08 6.6584216e-06 8.066204e-07 0.00455582 3.736379e-06 1.1309027e-06 5.21643e-08 2.6086665e-08 1.4001356e-05 0.00018686893 4.5142053e-05 2.036184e-06 2.2708375e-07 0.00015791084 7.3139774e-09 0.00029788417 0.008425173 4.0965006e-08
0.9248521 0.7887233 0.6693136 1.5236128e-17 0.2453453 0.15890703 0.21893223 0.31371972 0.31675935 0.03977161 0.05926366 0.5817316 0.09795781 0.75443494 0.07560481 0.6738205 0.10299273 0.18136443 0.5254341 0.343242 0.0055325055 0.23906131 0.27183637 0.0020738638 0.07923473 0.00043982983 0.00017527612 0.00015183706 0.0004866279 6.661467e-05 0.00076695316 1.6406222e-05 0.0015345049 0.034815148 0.0042485446 0.00019833467 9.961925e-05 3.63952e-06 6.5736854e-06 0.0053521167 0.033420656 0.018044893 0.5342825 0.00033475316 0.17399569 0.0058502457 1.2799509e-05 0.48341846 0.00082296436 1.2065838e-05 0.07509555 0.00012722312 0.00025048814 3.1832828e-06 9.2048595e-07 1.0955677e-05 5.795066e-07 4.2022998e-07 0.0018520036 8.6944354e-08 0.0026685032 0.0050974637 6.922342e-06 0.00023860318 0.00010725527 8.978245e-05 0.0014271601 1.0615367e-05 2.7524986e-06 1.008714e-08 0.035993047 9.965696e-07 6.6307866e-06 3.0588936e-08 2.6793625e-05 1.1758624e-09 3.242763e-06 7.685731e-08 6.7113064e-07 0.00019721506 5.156407e-07 1.1051178e-05 0.056829683 1.6064395e-07 6.6307734e-06 1.7805779e-07 0.022516822 1.6971363e-07 2.5511341e-05 1.2953718e-09 1.9328954e-08 8.073034e-06 3.469304e-05 0.00015882836 1.0470008e-06 1.8947755e-07 0.00014308785 1.2215123e-09 1.9466563e-05 0.008096088 4.459167e-09
0.85948575 0.5178864 0.1913758 0.2453453 3.0169146e-19 0.8917635 0.5309735 0.41496405 0.13576491 0.73372203 0.5206049 0.0035160272 0.3232464 0.013061304 0.21988848 0.14652191 0.114984795 0.0014124042 0.013560768 0.00246868 0.18275344 0.13924037 0.1271358 0.09488509 0.00050049374 0.019945106 0.01143976 0.006666339 0.019613972 0.002367283 0.024987144 0.0005300058 0.018201439 0.013750308 0.01858808 0.0023356057 0.0012815443 5.6459277e-05 0.00017166318 0.012287705 0.1196148 0.0030113477 0.07084782 0.0011254528 0.0062152045 0.003577862 0.00040106394 0.18858151 0.016664378 4.5638863e-05 0.07061535 0.016963802 0.013384694 1.5617929e-05 2.4939583e-05 0.0021991148 6.338664e-06 1.0000495e-06 0.067184925 2.8080305e-07 9.060623e-05 0.00018382957 0.00022992837 0.0012845201 0.00291016 0.00073237537 0.00075507816 0.0016015654 0.000109860564 8.124813e-08 0.0018487091 9.297545e-06 0.0005516405 6.907409e-07 0.002261851 6.7604153e-09 0.00024231833 1.011941e-06 1.1928144e-05 0.0014370934 6.6612224e-06 2.5017742e-05 0.006040804 7.6869555e-06 8.415649e-05 4.317188e-06 0.0010564593 7.905133e-06 2.4284034e-05 7.999659e-08 2.0156646e-07 5.5688695e-05 5.255742e-07 0.000332124 1.5091614e-06 1.2155897e-06 1.1110049e-05 2.0690787e-09 0.00017587002 0.0006445524 9.819275e-08
0.6704079 0.55486625 0.39358464 0.15890703 0.8917635 2.374806e-19 0.8085331 0.12495861 0.41904527 0.40042356 0.1346625 0.0114312265 0.6602713 0.013174764 0.55675876 0.06517076 0.41132516 0.0014448853 0.011243108 0.0027169986 0.15169626 0.06105424 0.05621914 0.081717856 0.0007277031 0.01377032 0.0059613637 0.0027550806 0.01629377 0.0021901713 0.03301684 0.0006840432 0.012679584 0.06945656 0.012725497 0.002033346 0.0013736421 0.000101293364 0.0001746269 0.008437895 0.20340331 0.006526026 0.041465078 0.0012394849 0.006337338 0.007996662 0.0001995451 0.0656767 0.025559891 9.7462114e-05 0.028256722 0.017658288 0.020795945 2.3655843e-05 1.2549191e-05 0.0023173627 3.9981037e-06 1.9360152e-06 0.069779366 5.4977255e-07 5.8711154e-05 0.00016338653 7.5401935e-05 0.002816765 0.0037586286 0.0005518215 0.0005460165 0.0011990459 0.00015094264 1.4711014e-07 0.0009136011 1.3627974e-06 0.00026433668 1.891303e-06 0.0044884426 9.29145e-09 0.00024183976 2.0468317e-06 5.801406e-06 0.00073431473 5.735463e-06 6.864389e-05 0.0031342136 1.972225e-05 4.069775e-05 3.0342787e-06 0.00020635582 8.258777e-06 1.9496903e-05 2.6189355e-07 2.49261e-07 3.6052872e-05 4.6252953e-07 0.00013622064 1.548923e-06 8.333236e-07 4.315661e-06 1.6215505e-08 0.00014578553 0.00023905074 1.7008226e-07
0.53126854 0.5982889 0.5717914 0.21893223 0.5309735 0.8085331 2.8890253e-18 0.05731574 0.7257604 0.13360639 0.044912115 0.03765476 0.85865206 0.024530334 0.7970587 0.060873196 0.755359 0.0036371052 0.013894923 0.004104815 0.039362602 0.044150352 0.042431038 0.018804394 0.0021390882 0.0022844342 0.0012038897 0.0008581309 0.0029521047 0.0006648197 0.01445709 0.00032758352 0.0038088958 0.2443607 0.0037294019 0.0011317427 0.0011259419 9.013462e-05 0.00015145582 0.0031920718 0.31673476 0.030615035 0.030883623 0.0007518701 0.0063134558 0.0177889 0.00016654725 0.04657983 0.021366438 6.649363e-05 0.012376358 0.011001584 0.015441181 2.2941154e-05 1.062433e-05 0.0023690176 5.4422608e-06 5.526272e-06 0.11545204 9.0664224e-07 0.00016264156 0.000290545 9.820469e-05 0.010014329 0.0046200627 0.00018358638 0.0010549596 0.0017485389 6.457747e-05 4.3449714e-07 0.0014375896 2.944027e-06 0.0005449356 1.6571829e-06 0.0087553365 3.8376704e-08 0.0004149316 2.6582238e-06 6.431862e-06 0.0005940424 8.6168675e-06 0.00018538411 0.004308759 1.20421455e-05 0.00010450606 4.8944607e-06 0.0005197107 3.909339e-05 2.587982e-05 6.1792315e-07 1.4124525e-07 8.262791e-05 1.3905737e-06 0.00024043214 8.010263e-06 4.9177092e-06 8.762001e-06 1.00138216e-07 0.00017766334 0.001712949 7.792962e-07
0.9249172 0.3108307 0.063226946 0.31371972 0.41496405 0.12495861 0.05731574 4.5917416e-19 0.017034022 0.35986137 0.85574204 0.0027852114 0.022277964 0.03988745 0.014715842 0.80904347 0.01144268 0.0019475588 0.050173912 0.005800037 0.04083587 0.70496154 0.6754232 0.010497394 0.0008278002 0.007957696 0.005378475 0.009591369 0.0035403343 0.001500535 0.0040785735 0.0005782298 0.029697636 0.0034799494 0.040035263 0.0030464262 0.002725602 0.00012186681 0.00014469295 0.017932039 0.031171199 0.0013970012 0.2048321 0.001375693 0.011776296 0.0008615365 0.00017217801 0.5498505 0.002342646 0.00010892696 0.12159622 0.0012332245 0.0015313477 1.9289579e-05 8.0582195e-06 0.00018887992 8.291922e-06 2.4315564e-06 0.0033982913 6.908798e-07 0.00033299616 0.00071324565 3.6326215e-05 0.00012375017 0.00068178884 0.0009523352 0.0005754893 0.00029468056 0.00017975157 1.4309036e-07 0.018061748 5.5154096e-06 6.49978e-05 4.3529224e-07 5.2092742e-05 2.671105e-08 4.2547646e-05 1.0545406e-06 1.3862474e-05 0.0018314563 7.927896e-06 7.688408e-06 0.020757245 2.956125e-06 5.6428697e-05 1.1394682e-06 0.005627154 4.4368057e-06 7.4775094e-06 8.438191e-09 1.297188e-07 1.741834e-05 1.0191668e-06 0.00037650537 4.2612658e-07 1.4084812e-06 4.3298613e-05 1.1628327e-09 1.0172108e-05 0.00056368596 1.2750434e-09
0.4725225 0.57494724 0.8029826 0.31675935 0.13576491 0.41904527 0.7257604 0.017034022 1.3108478e-18 0.029450407 0.0053199497 0.42860344 0.66233075 0.08953972 0.643936 0.04111372 0.85323775 0.040678766 0.03381071 0.048520446 0.001574739 0.019508157 0.019448062 0.00073759665 0.04010503 0.00018425606 6.0445178e-05 2.2671742e-05 0.00013242301 3.7960275e-05 0.000871795 4.5081477e-05 0.00035340645 0.5013129 0.00050359935 4.1049112e-05 5.9680155e-05 1.0757165e-05 1.1780107e-05 0.0004358439 0.22578725 0.2701182 0.08146462 3.0546595e-05 0.029885491 0.09805619 2.0185695e-05 0.051348437 0.003514001 1.2554613e-05 0.004316435 0.0022303516 0.0027862596 9.467966e-06 4.3222344e-06 0.000107839995 1.4737069e-06 8.2313767e-07 0.04069008 1.1030278e-07 0.00051526 0.00056728785 1.9856641e-05 0.022836223 0.0009042607 1.33157055e-05 0.009461563 0.00020331726 2.4994836e-06 1.2768565e-07 0.005740841 9.1433014e-07 0.00016473867 2.3104242e-07 0.0023583542 3.7016121e-09 4.389708e-05 1.3350761e-07 1.2077367e-06 0.000115103554 1.927278e-06 8.13485e-05 0.012890846 3.7006103e-07 4.4681174e-06 1.1285562e-06 0.0013726318 4.9273194e-06 2.102527e-06 8.8312184e-08 3.1465323e-08 3.340496e-06 5.3266427e-05 7.442446e-05 3.2233752e-06 1.6485582e-07 0.00013784897 4.0555452e-08 0.00021089053 0.004932524 1.08409125e-07
0.6644351 0.1356439 0.032490924 0.03977161 0.73372203 0.40042356 0.13360639 0.35986137 0.029450407 1.7228591e-19 0.93714696 0.00093187834 0.06988848 0.004136223 0.052000523 0.055536553 0.02794202 0.00096992106 0.0046208715 0.0017540337 0.5802755 0.07456402 0.06137417 0.36146036 0.00041705123 0.06831159 0.04031497 0.03803788 0.05394392 0.018795269 0.05309273 0.0067105773 0.03248928 0.0061986153 0.034802075 0.008179656 0.0056618983 0.00088860694 0.0018338587 0.017743807 0.08643552 0.001466698 0.03239991 0.001934469 0.00373304 0.0025574411 0.0026150271 0.1072726 0.022322485 0.0005366176 0.06936763 0.025213718 0.01914363 0.00012464465 0.00019484144 0.0062937587 6.8233814e-05 1.3663939e-05 0.031608913 6.3543644e-06 6.1554e-05 0.0001120964 0.0011721062 0.00018174248 0.0029012717 0.0012477823 0.0005042104 0.0009916215 0.0002796402 3.8949744e-07 0.0007098703 2.9451241e-05 0.00025750484 5.9855797e-06 0.0005537066 7.669506e-08 7.987382e-05 3.4849274e-06 3.662006e-05 0.0021136662 2.8930506e-05 8.165766e-06 0.002621123 7.3119845e-05 7.305488e-05 9.383819e-06 0.00028704805 9.024932e-06 1.838691e-05 4.70972e-07 1.2258284e-06 2.0601457e-05 2.4164954e-06 0.00029167827 1.0468121e-06 1.4381416e-06 1.1618851e-05 1.0704781e-08 3.6090125e-05 0.0003922393 8.018937e-08
0.75857174 0.08946626 0.009770274 0.05926366 0.5206049 0.1346625 0.044912115 0.85574204 0.0053199497 0.93714696 3.281942e-21 0.00037496188 0.018124893 0.0034360709 0.011201316 0.094890766 0.0069830157 0.00037778902 0.0048549827 0.0012053269 0.32948285 0.2773905 0.22057843 0.13113908 0.0001949195 0.02649391 0.02302516 0.03634863 0.017351892 0.005827785 0.027412392 0.003018978 0.05292737 0.0019222753 0.06233366 0.0074270074 0.006252715 0.00026272095 0.00041055962 0.029821353 0.027297426 0.0003940478 0.068315014 0.0015471745 0.004489179 0.00053966115 0.00077144627 0.3163672 0.012328417 0.00027342478 0.13293459 0.011166093 0.0069470373 7.442858e-05 3.311876e-05 0.0011829892 3.0055062e-05 7.021998e-06 0.0058355466 1.9166598e-06 1.8619712e-05 4.507262e-05 0.0001896456 8.47243e-05 0.00096302776 0.003417849 0.00041029192 0.00027336093 0.0005934819 5.31447e-07 0.0034726593 1.1605429e-05 6.8986075e-05 3.6552633e-06 4.245851e-05 9.05312e-08 4.3753844e-05 4.0477753e-06 1.7435128e-05 0.005102159 1.095598e-05 1.4576529e-05 0.0059506167 4.6301324e-05 0.00013105097 2.7013643e-06 0.0016458675 8.153161e-06 1.1443803e-05 4.389416e-08 2.2753422e-07 5.2755324e-05 2.9221573e-07 0.0006779155 1.5557538e-06 3.870969e-06 7.740939e-06 1.6699787e-09 1.2433507e-05 0.00024147563 4.797054e-09
0.78699607 0.45334396 0.81778353 0.5817316 0.0035160272 0.0114312265 0.03765476 0.0027852114 0.42860344 0.00093187834 0.00037496188 3.2001553e-17 0.029764399 0.53116024 0.026504774 0.05365914 0.036320277 0.8575017 0.19133222 0.7655699 0.00015163128 0.012240296 0.018258533 0.00013640472 0.8013848 2.2150902e-05 6.9320204e-06 2.3531247e-06 1.35976825e-05 3.6671454e-06 5.5006312e-05 4.6982295e-06 4.3152766e-05 0.049956635 6.936203e-05 5.3000226e-06 2.164015e-05 7.752511e-07 1.6119527e-06 6.835451e-05 0.057114944 0.1242251 0.46153137 6.234747e-06 0.5666143 0.015532388 2.3971322e-06 0.14957547 0.0002970456 4.74178e-06 0.008758422 7.012265e-05 6.5332395e-05 1.6404304e-06 1.2912298e-06 7.935627e-06 6.245944e-07 2.4292652e-07 0.0036950263 6.1439714e-08 0.031049553 0.028239293 1.7791537e-05 0.001158626 0.00029850582 1.9632691e-06 0.009531161 7.8593956e-05 1.5073181e-07 2.1569672e-08 0.06870621 1.3825143e-06 0.00024813408 4.53859e-09 3.478378e-05 6.719455e-10 0.00015630588 3.7174894e-09 1.5252582e-06 2.654696e-05 1.3669548e-06 1.2571111e-05 0.09615603 4.784526e-09 5.5946543e-07 6.643354e-07 0.026304517 8.380217e-07 9.0228116e-07 1.1691152e-09 2.4726625e-09 5.8337737e-06 0.00034978497 1.7638342e-05 9.489738e-07 1.8071023e-07 0.00022292946 2.526215e-10 3.208701e-05 0.018766703 8.9303853e-10
0.2264585 0.40931544 0.4675416 0.09795781 0.3232464 0.6602713 0.85865206 0.022277964 0.66233075 0.06988848 0.018124893 0.029764399 3.2215639e-18 0.020802783 0.8944521 0.028137717 0.8146873 0.0044967136 0.008614568 0.0046618856 0.022294935 0.01713355 0.015652629 0.014623753 0.002371227 0.002075318 0.0012271667 0.0011377342 0.0024437218 0.000986247 0.0099455975 0.0006880693 0.0033468567 0.1773878 0.0027263192 0.0009665679 0.0014906599 0.00019472644 0.00029211363 0.0018825277 0.34720978 0.026350409 0.013765403 0.00045465335 0.0088117905 0.02936281 0.0003206849 0.018378371 0.020539831 0.0003876199 0.0072296653 0.008802035 0.019564074 6.481841e-05 5.26433e-05 0.0030300817 5.0762806e-05 1.9521705e-05 0.1442755 4.436628e-06 0.0002382712 0.0004012581 0.00023997584 0.01866559 0.0051890477 0.00017620933 0.0021503922 0.003949669 0.00012045552 1.3840895e-06 0.00034308725 1.4690097e-05 0.00065499806 1.0598696e-05 0.016845366 4.4442953e-07 0.00046616985 1.6006605e-05 2.7830794e-05 0.0007592218 2.355342e-05 0.00064159307 0.0032613096 4.586146e-05 0.00014411236 1.586256e-05 0.0003226608 0.00012576154 6.8841815e-05 5.472322e-06 1.3028173e-06 8.3338884e-05 2.594188e-06 0.00041839533 3.483796e-05 1.0341512e-05 8.045527e-06 2.186764e-06 0.00033122886 0.0016372524 1.0067205e-05
0.8270117 0.3269927 0.32119384 0.75443494 0.013061304 0.013174764 0.024530334 0.03988745 0.08953972 0.004136223 0.0034360709 0.53116024 0.020802783 2.8221348e-17 0.017119506 0.40866628 0.028208474 0.35223725 0.86435556 0.75401676 0.0014268873 0.077042274 0.09144938 0.000880303 0.28889558 0.00018966405 9.152305e-05 2.9406785e-05 0.00012240576 3.388747e-05 0.0001371978 8.8218e-06 0.00012262506 0.01706905 0.0004998679 5.1560505e-06 1.2667496e-05 1.4183588e-06 6.792603e-06 0.00061407627 0.012550036 0.018643364 0.4425303 2.0606292e-05 0.20282228 0.0040060007 1.5420115e-05 0.27735874 0.000246375 1.6141065e-06 0.034400802 8.533263e-05 0.00021970067 6.815784e-07 8.2713046e-07 8.327536e-06 1.3857252e-07 1.0912819e-07 0.0010534431 3.106335e-08 0.009159924 0.00783658 1.1988474e-05 8.7009765e-05 0.0003412436 8.3681225e-06 0.0035115823 0.00034258247 4.8255623e-07 9.3054435e-09 0.0661802 9.724467e-07 0.00011575491 6.4434067e-09 9.175079e-05 8.344827e-10 4.220506e-05 1.149652e-08 1.3901986e-06 0.00032453713 7.4512377e-07 1.1007244e-05 0.081985936 2.2137352e-08 4.6963814e-05 2.2681493e-07 0.02822871 1.6745734e-07 0.00015041498 8.197518e-09 4.888368e-08 8.6456894e-05 0.00017936935 0.00015633063 1.7062692e-06 3.7192876e-07 0.00048868865 8.576027e-09 3.9560364e-05 0.017479347 5.657153e-09
0.17144024 0.3369664 0.43960053 0.07560481 0.21988848 0.55675876 0.7970587 0.014715842 0.643936 0.052000523 0.011201316 0.026504774 0.8944521 0.017119506 4.8635395e-18 0.018982656 0.8635473 0.0035246252 0.0062675746 0.0045948606 0.012796716 0.010398741 0.009581724 0.007743863 0.0022000994 0.001416301 0.0007932525 0.0006587118 0.0017254358 0.00057857455 0.0064024166 0.00041209458 0.0016316402 0.1912566 0.0013207296 0.00031336828 0.0008590194 0.0001332646 0.00014976441 0.001213178 0.34076604 0.03331552 0.0109597705 0.00018868172 0.0075531695 0.035938382 0.00019365399 0.013900363 0.016137926 0.00025818698 0.005006931 0.0069336835 0.017251587 2.8503173e-05 4.0268205e-05 0.00234949 2.1558437e-05 7.434838e-06 0.15458885 1.8266062e-06 0.0001587743 0.00029674204 0.000164799 0.026502106 0.004572399 9.1444264e-05 0.002209273 0.0033986007 5.682611e-05 9.509197e-07 0.00021434356 1.0011836e-05 0.00048790468 6.6047596e-06 0.017468367 3.2927093e-07 0.00030743526 8.389994e-06 2.000143e-05 0.0005000126 1.5352924e-05 0.00068518845 0.0031005198 2.0133804e-05 7.468847e-05 1.1278079e-05 0.00023860227 7.0696966e-05 4.8829334e-05 3.5764306e-06 1.0479008e-06 5.9026668e-05 2.9465018e-06 0.00029221756 2.3130082e-05 5.5335972e-06 1.1896744e-05 2.2858549e-06 0.00031271658 0.0012746917 5.516799e-06
0.9243375 0.44985387 0.13669547 0.6738205 0.14652191 0.06517076 0.060873196 0.80904347 0.04111372 0.055536553 0.094890766 0.05365914 0.028137717 0.40866628 0.018982656 6.5459314e-18 0.016744874 0.024159554 0.68643713 0.07444649 0.011106331 0.77268076 0.81953144 0.0054299203 0.011658573 0.0041703694 0.00322983 0.0035382127 0.0016091483 0.0012168426 0.0012894036 0.000717108 0.0066391267 0.0051704515 0.008123312 0.0012642902 0.00094133575 0.00014671429 0.00014131042 0.007493065 0.012848805 0.0060084197 0.3926168 0.0009446776 0.026253067 0.0012741185 9.156565e-05 0.6012068 0.00074174016 6.639067e-05 0.11190586 0.0002532485 0.0002146719 2.338941e-05 6.7192705e-06 2.7279591e-05 3.6527333e-06 5.1831366e-06 0.0021813915 1.0482656e-06 0.0031853907 0.0046959254 9.029822e-06 0.00023767182 0.00019332314 0.00031354104 0.002141597 0.00020075336 3.704e-05 2.979715e-07 0.042242344 5.9010995e-06 7.259872e-05 1.3518525e-07 0.00014380127 1.4581533e-07 3.1268002e-05 3.9961424e-07 5.4311963e-06 0.0014396702 4.824055e-06 2.0795656e-05 0.039041553 1.7600189e-06 0.00015206993 3.630978e-06 0.024854964 3.1061218e-06 0.000105241576 1.1498209e-08 1.8745277e-06 8.846337e-05 3.1855789e-06 0.0003346156 4.822487e-06 4.283159e-06 0.00010426326 8.825168e-09 1.2779726e-05 0.002884623 3.1078031e-09
0.236255 0.34658802 0.5213717 0.10299273 0.114984795 0.41132516 0.755359 0.01144268 0.85323775 0.02794202 0.0069830157 0.036320277 0.8146873 0.028208474 0.8635473 0.016744874 3.719231e-18 0.0049096756 0.009314107 0.010246123 0.0041954475 0.0058417493 0.006585259 0.0026145075 0.0037106983 0.0009220544 0.0004724625 0.0001246153 0.0007625245 0.00017539819 0.004467634 0.0001579274 0.00022073563 0.48897627 0.0002675008 3.9786504e-05 0.00014842121 4.0675244e-05 4.6826968e-05 0.0003778826 0.51739776 0.09243814 0.0127952015 2.6889104e-05 0.013746919 0.09788026 8.74224e-05 0.014486334 0.014164267 4.3019343e-05 0.0030990622 0.0082712155 0.020925418 2.0207382e-05 3.145565e-05 0.0010556983 4.9442933e-06 2.4971796e-06 0.20920084 6.284009e-07 9.881459e-05 0.0002714476 9.8192046e-05 0.074522 0.007049637 1.0112593e-05 0.0059329825 0.0044042883 8.6491245e-06 9.610862e-07 0.0006059606 3.7400298e-06 0.00090514164 1.4068137e-06 0.024365986 1.336071e-07 0.00042238302 1.8099803e-06 6.2038102e-06 0.00013558065 6.0726416e-06 0.0010324564 0.0049397172 4.706692e-06 3.845652e-05 2.6072091e-06 0.00025760435 6.8984235e-05 6.45904e-05 3.6091485e-06 5.3351783e-07 4.0249124e-05 6.428593e-06 7.5024e-05 5.4028016e-05 4.3500318e-06 2.6941698e-05 1.313881e-06 0.00045461953 0.0026890787 4.776414e-06
0.4424301 0.06221332 0.1756165 0.18136443 0.0014124042 0.0014448853 0.0036371052 0.0019475588 0.040678766 0.00096992106 0.00037778902 0.8575017 0.0044967136 0.35223725 0.0035246252 0.024159554 0.0049096756 4.1543918e-18 0.1500076 0.8412315 0.00010470148 0.004996625 0.007878806 5.389617e-05 0.8678451 1.8912246e-05 1.0798247e-05 5.261627e-06 9.396464e-06 3.887106e-06 1.9946396e-05 4.1325693e-06 1.2739423e-05 0.01395534 2.5194537e-05 3.6120823e-06 2.4678546e-05 2.257518e-06 2.0410212e-06 3.3821736e-05 0.008131753 0.03599194 0.2995761 1.1461747e-05 0.560149 0.0042917663 6.7931533e-06 0.073353395 0.00014399078 6.386819e-06 0.0065531232 7.488232e-05 0.00011568042 1.1553279e-06 5.436788e-06 1.1178184e-05 1.2871835e-06 2.3850043e-07 0.0006431169 9.181455e-08 0.026370073 0.022303212 2.5529887e-05 0.00036521675 0.002043338 1.5449398e-06 0.0057521793 0.00054927636 1.3504865e-07 2.9871268e-07 0.04163264 5.8030055e-06 0.0007668541 9.801119e-09 2.2781389e-05 1.8774502e-09 0.00038867115 7.3174524e-09 1.6590024e-05 2.6325453e-05 1.52262555e-05 2.0411846e-06 0.06288217 2.2622668e-09 4.3715827e-06 5.8576506e-06 0.019647812 4.68646e-06 6.0091206e-06 8.032465e-09 3.289459e-08 2.4582967e-05 0.0001352503 5.014741e-06 1.0807647e-06 5.9070874e-07 0.0001596941 4.2201638e-09 2.5113648e-05 0.012184898 5.2960982e-09
0.97607726 0.22873394 0.13999218 0.5254341 0.013560768 0.011243108 0.013894923 0.050173912 0.03381071 0.0046208715 0.0048549827 0.19133222 0.008614568 0.86435556 0.0062675746 0.68643713 0.009314107 0.1500076 1.2180524e-17 0.46196887 0.0007891293 0.09910417 0.13033405 0.0004273206 0.08264685 0.00041738505 0.00021002327 8.9194196e-05 5.485607e-05 8.406488e-05 8.588371e-05 1.7670027e-05 0.00085208536 0.0043011573 0.0013834786 9.581047e-05 9.918942e-05 2.8757438e-06 8.426992e-06 0.0013658617 0.005332364 0.0069340905 0.78686327 0.00013474126 0.12908873 0.0013354928 1.2454217e-05 0.62521356 0.000103235245 2.4157328e-06 0.059753075 3.80268e-05 0.00017591548 1.6714265e-06 1.1198559e-06 4.6461287e-06 3.2058472e-07 2.692228e-07 0.0001029148 3.349096e-08 0.009411868 0.009181011 4.0825776e-06 0.00014065282 0.00018090794 0.000102328566 0.0030306852 0.000100675454 4.0940167e-06 3.8076966e-08 0.20124337 8.4208665e-07 3.8269936e-05 7.160484e-09 1.1763279e-05 5.4517955e-09 2.2703676e-05 2.80033e-08 2.7019312e-06 0.0007153024 3.3359404e-06 6.4467104e-06 0.1664682 1.2453253e-07 8.44158e-05 9.560528e-07 0.15059116 3.4832758e-06 5.782741e-06 1.062297e-09 1.2240265e-07 3.1253396e-05 8.616683e-05 0.0002261688 2.4987876e-06 2.1514084e-06 0.00013635868 2.1846158e-09 1.3013824e-05 0.01226236 1.1065198e-10
0.8650884 0.09058321 0.18093954 0.343242 0.00246868 0.0027169986 0.004104815 0.005800037 0.048520446 0.0017540337 0.0012053269 0.7655699 0.0046618856 0.75401676 0.0045948606 0.07444649 0.010246123 0.8412315 0.46196887 3.6966864e-17 0.0005998174 0.014283251 0.019341508 0.0003552867 0.861 3.4578457e-05 2.0247991e-05 7.750341e-06 2.5547424e-05 1.0833999e-05 7.873807e-05 4.066397e-06 2.7394979e-05 0.013626308 9.480032e-05 1.5000763e-05 2.5816764e-05 9.422122e-07 3.7861985e-06 0.00020893788 0.009704254 0.032582413 0.6102326 4.0559076e-05 0.62194157 0.004209536 5.5941823e-06 0.2391748 0.00021818292 1.3813309e-06 0.018373096 8.451778e-05 0.00012657081 5.9168246e-07 8.7806416e-07 1.3231286e-05 1.9665922e-07 6.7238595e-08 0.00057919946 2.2542993e-08 0.049303632 0.029476855 7.11911e-06 0.00036606795 0.0004011315 1.08464465e-05 0.005409213 0.00015523998 2.0963513e-07 2.9721754e-08 0.11845907 3.2556597e-06 0.00032082802 6.1491736e-09 3.4789122e-05 8.573766e-10 0.00013115787 9.488543e-09 4.5960874e-06 0.00012722639 2.1411638e-06 3.276491e-06 0.1305223 7.0437856e-09 8.962466e-06 1.2784936e-06 0.04463249 5.4507666e-07 4.9967484e-06 1.3718365e-08 1.8295298e-08 3.4687946e-05 0.00036054026 6.149128e-05 4.2785354e-07 2.2435984e-07 0.0007341047 1.1125114e-09 1.609384e-05 0.02186476 9.241608e-09
0.50853306 0.012715604 0.0019657945 0.0055325055 0.18275344 0.15169626 0.039362602 0.04083587 0.001574739 0.5802755 0.32948285 0.00015163128 0.022294935 0.0014268873 0.012796716 0.011106331 0.0041954475 0.00010470148 0.0007891293 0.0005998174 6.4815377e-22 0.029398613 0.022881702 0.9139414 3.676353e-05 0.5017722 0.28840932 0.14594649 0.31425703 0.1475809 0.1776014 0.041297037 0.0372395 0.0026243874 0.037568904 0.0060560005 0.0050744023 0.0059902426 0.013364873 0.022488303 0.048120704 0.0001257967 0.0059536025 0.0018515701 0.0014518456 0.0010770742 0.009783948 0.023574075 0.052988492 0.00032019382 0.036367014 0.084016964 0.037444957 5.9439943e-05 0.00037269 0.0126783205 2.6408306e-05 3.983242e-06 0.038721208 1.1808773e-06 4.230875e-07 8.314439e-07 0.0018258793 9.757623e-05 0.007549868 0.0008687607 9.1318856e-05 0.0024279754 0.00017338515 1.4860949e-07 0.000108185275 2.5026044e-05 0.00078239373 1.1892597e-06 0.0022351893 1.8461488e-08 0.0005026755 6.003252e-07 1.97205e-05 0.001361287 1.4958778e-05 8.518955e-06 0.00094185787 4.069146e-05 3.521808e-05 2.2457614e-06 7.956925e-05 2.3524237e-05 1.2335103e-05 3.0436976e-08 7.003052e-08 5.307541e-05 1.8326966e-07 0.00018452336 7.470171e-07 2.502448e-06 4.122101e-07 4.2680018e-10 6.793786e-05 1.8720613e-05 2.6702933e-09
0.8994349 0.20009318 0.051471584 0.23906131 0.13924037 0.06105424 0.044150352 0.70496154 0.019508157 0.07456402 0.2773905 0.012240296 0.01713355 0.077042274 0.010398741 0.77268076 0.0058417493 0.004996625 0.09910417 0.014283251 0.029398613 2.3373003e-20 0.9244185 0.01205773 0.0048901755 0.0094354 0.008984842 0.019770259 0.002748478 0.0022966615 0.0018060904 0.0017762191 0.018286457 0.0029989155 0.020857964 0.005725125 0.00770507 0.0005713831 0.00016106575 0.011282905 0.0075234715 0.0045898156 0.15338363 0.0014011187 0.008617924 0.0006341533 9.5220115e-05 0.47599533 0.0005827694 0.00036343798 0.25745097 0.00031456028 0.0002832413 0.00012984413 1.0050216e-05 0.00025655795 3.8358652e-05 1.8057948e-05 0.002557292 9.323055e-06 0.0023302995 0.002979893 1.8250663e-05 0.0005641646 0.00015319715 0.0008490989 0.0020934227 0.00010599388 0.00018095814 2.4886683e-06 0.02079349 1.2425009e-05 4.941811e-05 2.1514575e-06 7.348776e-05 1.2190342e-06 1.4560968e-05 6.294262e-06 1.0358767e-05 0.0061075306 9.830913e-06 1.6780523e-05 0.018896464 3.7701775e-05 7.334047e-05 1.2188489e-05 0.01714576 5.5192663e-06 0.00010491079 1.0986165e-07 5.393157e-06 6.241342e-05 8.2237113e-07 0.0025008596 5.9407557e-06 4.753275e-06 2.7092581e-05 1.0844801e-07 4.5924376e-06 0.0006070263 1.0812079e-08
0.87519366 0.21391226 0.058426615 0.27183637 0.1271358 0.05621914 0.042431038 0.6754232 0.019448062 0.06137417 0.22057843 0.018258533 0.015652629 0.09144938 0.009581724 0.81953144 0.006585259 0.007878806 0.13033405 0.019341508 0.022881702 0.9244185 5.012448e-20 0.009542953 0.0068171998 0.008109209 0.0075531085 0.016056057 0.0021626754 0.0022669355 0.0012669733 0.0017748756 0.016205538 0.003516656 0.018532054 0.004789273 0.0066345506 0.0007531016 0.00023050093 0.01021088 0.0075258506 0.0054022376 0.19804615 0.001435551 0.012220793 0.0007566886 0.0001038033 0.5110395 0.00053114985 0.00034734092 0.23490785 0.00030291584 0.000210198 0.00012958262 1.3696452e-05 0.00013848198 4.5967518e-05 1.9158148e-05 0.0018203008 1.0759535e-05 0.0033101507 0.0037671353 1.2298243e-05 0.00044820795 0.00011441396 0.00077554915 0.0028931897 6.753013e-05 0.00014655443 3.7006082e-06 0.04340932 1.4566177e-05 5.0437848e-05 2.0872735e-06 8.5592954e-05 1.2312167e-06 1.740373e-05 8.3959885e-06 1.0617938e-05 0.0061525623 1.215595e-05 1.6029322e-05 0.03196675 3.6448157e-05 4.818742e-05 1.6400527e-05 0.03144868 5.109972e-06 8.633191e-05 9.693166e-08 5.2243563e-06 5.2907435e-05 1.2232115e-06 0.0022907795 6.824966e-06 4.4170733e-06 3.1425458e-05 7.453501e-08 3.894449e-06 0.0008351026 8.084848e-09
0.28228626 0.0044910586 0.00088983274 0.0020738638 0.09488509 0.081717856 0.018804394 0.010497394 0.00073759665 0.36146036 0.13113908 0.00013640472 0.014623753 0.000880303 0.007743863 0.0054299203 0.0026145075 5.389617e-05 0.0004273206 0.0003552867 0.9139414 0.01205773 0.009542953 3.882608e-21 2.0677513e-05 0.5919089 0.40211046 0.1325246 0.47956684 0.1809578 0.30067587 0.052616466 0.030248284 0.0019582696 0.03315113 0.0050445665 0.005454186 0.008571835 0.019870447 0.015676515 0.07041889 7.140158e-05 0.0034850326 0.0016346188 0.0007283911 0.00055034104 0.021288954 0.011270219 0.080985926 0.00047998002 0.018724978 0.12149311 0.058355745 0.0001063433 0.0013786581 0.029757403 0.00011853365 1.45197555e-05 0.04851851 4.3415935e-06 5.421367e-07 5.9804586e-07 0.0054508634 7.005661e-05 0.013113429 0.0009263847 6.812204e-05 0.006112518 0.00019559899 2.8600024e-07 3.133281e-05 5.570872e-05 0.001555325 1.9505355e-06 0.004862689 4.3732292e-08 0.0008314492 1.6290031e-06 2.7027601e-05 0.0007169344 1.5274367e-05 1.1662424e-05 0.00027715354 4.943046e-05 3.6171652e-05 2.8606175e-06 2.1729697e-05 2.3650906e-05 0.0001312118 5.7491957e-07 3.6180478e-07 7.811743e-05 5.093714e-07 0.00020006245 9.751603e-07 1.3836805e-06 2.317024e-07 2.5243105e-08 9.103253e-05 6.10924e-05 1.811733e-08
0.54344416 0.033772383 0.12921235 0.07923473 0.00050049374 0.0007277031 0.0021390882 0.0008278002 0.04010503 0.00041705123 0.0001949195 0.8013848 0.002371227 0.28889558 0.0022000994 0.011658573 0.0037106983 0.8678451 0.08264685 0.861 3.676353e-05 0.0048901755 0.0068171998 2.0677513e-05 7.915809e-17 3.1567638e-06 1.2155283e-06 1.0212111e-06 2.4950396e-06 1.2613376e-06 6.7747474e-06 4.8452296e-07 1.5179975e-05 0.019141544 1.9041825e-05 2.0008094e-06 3.5658013e-06 1.616327e-07 5.331537e-07 2.422385e-05 0.0071652536 0.07165854 0.28029713 4.4136327e-06 0.7528906 0.004227937 1.7751801e-06 0.068382055 3.8516533e-05 4.6591092e-07 0.004193977 3.1280262e-05 6.142071e-05 1.5276902e-07 9.263829e-07 7.549097e-06 6.352195e-08 9.142255e-09 0.000885441 3.8837427e-09 0.14805607 0.088746406 6.779336e-06 0.00036588553 9.152585e-05 8.6806705e-07 0.008909647 1.1889066e-05 2.3229324e-08 7.774441e-09 0.14805594 2.0310079e-06 5.231259e-05 2.3709983e-09 4.6673813e-05 7.2674824e-11 1.3838646e-05 1.3915057e-09 3.69017e-06 4.192037e-05 2.3623888e-06 8.621142e-06 0.17875114 4.6474843e-10 9.760015e-07 5.946993e-07 0.06418388 1.4602263e-06 1.9194817e-05 1.9482032e-09 4.095514e-09 7.722225e-06 0.003775303 1.1513786e-05 3.7306265e-07 9.768092e-08 0.00025553894 3.8077944e-10 6.94351e-05 0.057960384 8.6524893e-10
0.5728864 0.00048416987 0.0001327981 0.00043982983 0.019945106 0.01377032 0.0022844342 0.007957696 0.00018425606 0.06831159 0.02649391 2.2150902e-05 0.002075318 0.00018966405 0.001416301 0.0041703694 0.0009220544 1.8912246e-05 0.00041738505 3.4578457e-05 0.5017722 0.0094354 0.008109209 0.5919089 3.1567638e-06 2.5727865e-20 0.89125043 0.65313953 0.5411418 0.81207204 0.26471725 0.51536 0.050282445 0.0006719824 0.056041922 0.021070193 0.030265616 0.1987904 0.41865468 0.040965833 0.03204104 0.00015060473 0.0031005093 0.007684659 0.00017920761 0.00026536922 0.29063502 0.0052900673 0.06918822 0.001536152 0.028427335 0.12958784 0.07495492 0.00027282338 0.025493568 0.08332989 0.00065635715 8.200225e-05 0.024236146 2.58571e-05 9.9399685e-08 6.474032e-07 0.01720436 2.6375334e-05 0.029300652 0.002057512 7.15889e-06 0.015765334 0.00054344814 6.929736e-07 1.2648869e-05 0.00015439118 0.0025072836 2.019351e-05 0.004182765 2.5239893e-07 0.001504474 2.7235088e-05 8.215371e-05 0.0018832372 7.35292e-05 4.1743006e-05 0.00023669557 0.00037339266 0.00023994973 1.812472e-05 3.589896e-05 0.00015638849 0.00053788465 1.1208645e-06 9.2911415e-07 0.00039531005 2.1910068e-07 0.00045147457 5.1742563e-06 3.3712662e-05 1.4629784e-07 2.6969676e-08 0.00013439618 3.860663e-05 5.071081e-08
0.7100766 0.00019874498 4.0848932e-05 0.00017527612 0.01143976 0.0059613637 0.0012038897 0.005378475 6.0445178e-05 0.04031497 0.02302516 6.9320204e-06 0.0012271667 9.152305e-05 0.0007932525 0.00322983 0.0004724625 1.0798247e-05 0.00021002327 2.0247991e-05 0.28840932 0.008984842 0.0075531085 0.40211046 1.2155283e-06 0.89125043 1.0082938e-21 0.83757067 0.35098344 0.7545608 0.13751769 0.61988777 0.063742824 0.00029587286 0.074364424 0.031044416 0.05186926 0.29667467 0.40230963 0.059689693 0.019492045 3.2718526e-05 0.002620337 0.011974534 0.00011303831 0.00016768533 0.22542408 0.006483226 0.029985756 0.0038179855 0.037641943 0.07749803 0.029343503 0.00027545026 0.039235316 0.04192351 0.0007335868 6.653023e-05 0.011323057 2.8832697e-05 6.124829e-08 6.0590094e-07 0.010199565 8.320369e-06 0.014247178 0.002930678 1.9597353e-06 0.007447207 0.0006906915 7.3456164e-07 1.2524668e-05 0.00018658544 0.0013732485 3.8358543e-05 0.0007521409 3.1611245e-07 0.000637423 3.904596e-05 6.489653e-05 0.0023452446 3.5239646e-05 7.360465e-06 0.00018903887 0.0005807745 0.00016849567 1.5753007e-05 6.468632e-05 7.196014e-05 5.80952e-05 6.508277e-07 1.0086997e-06 0.00013497521 4.1509043e-08 0.00043798581 2.5717131e-06 1.2682679e-05 6.680549e-08 1.2893728e-08 4.902138e-05 1.7285394e-05 2.2136676e-08
0.90935665 0.000114913266 1.6293612e-05 0.00015183706 0.006666339 0.0027550806 0.0008581309 0.009591369 2.2671742e-05 0.03803788 0.03634863 2.3531247e-06 0.0011377342 2.9406785e-05 0.0006587118 0.0035382127 0.0001246153 5.261627e-06 8.9194196e-05 7.750341e-06 0.14594649 0.019770259 0.016056057 0.1325246 1.0212111e-06 0.65313953 0.83757067 2.0746142e-21 0.15314391 0.64564866 0.062075377 0.8321387 0.2774721 7.873177e-05 0.23585036 0.2588443 0.57958025 0.8346558 0.46621922 0.20216994 0.008572595 1.2342893e-05 0.0038459497 0.092675075 2.7674823e-05 5.631988e-05 0.2589016 0.022791084 0.0091881445 0.06816358 0.13616304 0.026011197 0.009577553 0.00424785 0.0814772 0.033653833 0.011481161 0.00091046386 0.0010232077 0.00026896887 1.8939165e-08 1.088382e-07 0.012587061 6.2644995e-06 0.0065404526 0.016011782 5.5107284e-07 0.0016283168 0.0029035262 2.238393e-06 3.0100271e-05 0.0005104889 0.00088987144 7.0677685e-05 1.8848108e-05 6.869543e-07 0.00030261843 0.000100860925 0.00030961673 0.009117506 5.313882e-05 1.5780396e-06 0.0013073129 0.0015959286 0.00023569768 2.0773097e-05 0.00017089972 2.6428082e-05 1.8617785e-06 1.1750245e-06 1.8074617e-06 6.465375e-05 1.7904924e-08 0.0009807055 1.5060026e-06 4.301924e-06 1.665686e-07 9.853509e-09 2.7671722e-06 2.7357603e-06 1.5889501e-08
0.24768223 0.00087623973 0.00022252163 0.0004866279 0.019613972 0.01629377 0.0029521047 0.0035403343 0.00013242301 0.05394392 0.017351892 1.35976825e-05 0.0024437218 0.00012240576 0.0017254358 0.0016091483 0.0007625245 9.396464e-06 5.485607e-05 2.5547424e-05 0.31425703 0.002748478 0.0021626754 0.47956684 2.4950396e-06 0.5411418 0.35098344 0.15314391 1.6115316e-21 0.49995735 0.9415369 0.15587069 0.017666273 0.00078929 0.016732806 0.0061044213 0.007531519 0.03696394 0.17250822 0.00826346 0.05907068 3.683842e-05 0.0008491528 0.001064929 1.790437e-05 0.0003410411 0.3070399 0.0017103886 0.18984044 0.00071242783 0.006062935 0.35640088 0.16302207 0.000115411654 0.010949489 0.29042912 0.00034436732 1.89395e-05 0.06418858 8.284034e-06 1.2040883e-07 2.8132493e-07 0.03908498 6.339538e-05 0.048726346 0.00054298836 2.6333435e-05 0.026995912 0.00021207826 6.37782e-07 3.1607822e-06 5.5023207e-05 0.0056771566 2.3733048e-06 0.015543273 1.2623057e-07 0.0026590643 2.0202883e-06 4.2954653e-05 0.000367568 1.8339644e-05 2.7090697e-05 6.373546e-05 4.232736e-05 0.00010937049 4.1008198e-06 3.7269058e-06 5.0924416e-05 0.008597119 1.3162732e-07 3.270486e-07 0.0011203297 4.0603055e-08 0.0001264913 1.8017085e-06 3.8777603e-06 4.8112963e-08 1.00846975e-08 0.00016781525 1.5348576e-05 2.3419062e-08
0.5336041 0.00011118419 2.9395962e-05 6.661467e-05 0.002367283 0.0021901713 0.0006648197 0.001500535 3.7960275e-05 0.018795269 0.005827785 3.6671454e-06 0.000986247 3.388747e-05 0.00057857455 0.0012168426 0.00017539819 3.887106e-06 8.406488e-05 1.0833999e-05 0.1475809 0.0022966615 0.0022669355 0.1809578 1.2613376e-06 0.81207204 0.7545608 0.64564866 0.49995735 1.8456446e-20 0.24344432 0.83624685 0.042694904 0.00032965693 0.041650467 0.02581093 0.04166493 0.504345 0.8153854 0.035471454 0.024140367 8.0207006e-05 0.0009831556 0.011417994 1.29677865e-05 0.00016741433 0.71593994 0.0019683111 0.046950728 0.00876698 0.016897222 0.1540539 0.06291506 0.0008651319 0.35283807 0.20750125 0.0048678042 0.00027427095 0.028793983 0.00016844056 1.09443775e-07 5.89406e-07 0.07574282 7.358798e-05 0.03760763 0.0035381468 7.5955018e-06 0.024103796 0.0011005976 3.8872167e-06 4.8357174e-06 0.00085922045 0.0063270354 6.0428065e-05 0.002603547 1.7330349e-06 0.003230423 7.81073e-05 0.00030327428 0.0017077915 0.00016047638 3.2065233e-05 5.507355e-05 0.0005714875 0.00070315273 3.76612e-05 1.1719319e-05 0.00026168197 0.00029309338 1.0605066e-05 1.05245435e-05 0.0016548971 4.0420178e-07 0.00028259697 1.670398e-05 2.6484851e-05 2.689154e-07 5.220314e-07 9.534615e-05 1.99518e-05 2.9933605e-07
0.17297252 0.0022007753 0.0006604725 0.00076695316 0.024987144 0.03301684 0.01445709 0.0040785735 0.000871795 0.05309273 0.027412392 5.5006312e-05 0.0099455975 0.0001371978 0.0064024166 0.0012894036 0.004467634 1.9946396e-05 8.588371e-05 7.873807e-05 0.1776014 0.0018060904 0.0012669733 0.30067587 6.7747474e-06 0.26471725 0.13751769 0.062075377 0.9415369 0.24344432 3.449605e-20 0.04516959 0.006321363 0.0025629934 0.0051854183 0.0026188518 0.0044256183 0.010985706 0.05577031 0.003047673 0.20259759 0.000295462 0.0009864654 0.00041823575 2.6481064e-05 0.0014534906 0.13158394 0.0017431187 0.5154751 0.00044763254 0.0045919325 0.6805209 0.38279033 0.000106657746 0.004078169 0.38611487 0.00031611926 1.6235106e-05 0.18671334 8.818477e-06 2.7754615e-07 3.2405077e-07 0.05720337 0.0006467936 0.120556 0.00033980625 6.700889e-05 0.07425099 0.00010495151 7.9379083e-07 2.2993472e-06 9.714892e-05 0.015737085 1.7984795e-06 0.04341441 1.2782675e-07 0.0095451735 1.7315315e-06 9.3679424e-05 0.00023963096 5.901299e-05 0.0004048434 8.364999e-05 1.6216723e-05 0.000259025 6.5978975e-06 2.9233684e-06 8.657695e-05 0.040396273 9.4258877e-07 8.3993393e-07 0.0031076542 4.2659983e-07 9.507194e-05 6.139521e-06 8.851404e-06 4.5044044e-07 4.978255e-08 0.00052286556 6.0135153e-05 1.2354185e-07
