6.687617e-14 0.84902644 0.9074783 0.8129829 0.5524786 0.20973463 0.7775266 0.7682418 0.45831624 0.9244969 0.9508655 0.8197914 0.7941986 0.93948257 0.7373604 0.7565006 0.8645394 0.36846945 0.9606173 0.6835474 0.9240093 0.052197788 0.9802223 0.798959 0.50102955 0.08775517 0.48247138 0.9551991 0.9848058 0.96518415 0.5945897 0.26034468 0.5364619 0.45536524 0.87907887 0.94263697 0.9908966 0.9577625 0.95247954 0.9622447 0.8407697 0.92096174 0.0021709276 0.075565524 0.019967794 0.112999134 0.91278964 0.89444166 0.08521551 0.00046214618 0.44945797 0.00015582441 0.37719116 0.77178955 0.82034314 0.90591526 0.00076545816 0.5523148 0.86763436 0.913186 0.8430692 0.75410014 0.97176003 0.9181472 0.92700523 0.64694273 0.915061 0.5888701 0.98413897 0.6931097 0.32453832 0.96786445 0.9377777 0.9105074 0.9605046 0.8542279 0.81455976 0.99877113 0.005976696 0.074842624 0.9224252 0.0009254703 0.21041915 0.9115131 0.3540107 0.9999814 0.00011467045 0.9964454 0.40103385 0.999967 0.00015568477 0.7566994 0.99998516 2.7729866e-06 0.97918344 0.31413063 0.84694964 0.5740972 0.8225951 0.8407957 0.9995468
0.84902644 6.076774e-11 0.6834314 0.9762404 0.8313582 0.27852964 0.98870146 0.9724784 0.82095367 0.14418563 0.26460162 0.004433289 0.3841396 0.004560286 0.18109685 7.045641e-05 0.036319017 0.23163019 9.021942e-05 0.17914842 0.7056164 0.035802744 0.5640388 7.19539e-05 0.017029254 0.3546063 0.00014754338 5.0258914e-06 0.014359016 0.0033004074 0.0038680728 3.751792e-05 0.036720414 2.3334946e-06 0.0003659463 0.124380045 0.0008696307 7.02227e-05 4.1216745e-06 0.013328907 5.5463984e-06 0.000119783086 0.00023242358 1.3941763e-06 8.47428e-05 2.9539622e-05 0.074934155 0.11033018 2.4222152e-06 8.678721e-06 1.8491586e-06 0.0001745623 3.957066e-07 1.3053251e-05 0.0046184883 8.639969e-05 1.8111743e-05 7.997199e-07 0.0007372612 7.8016245e-07 0.0001481682 0.010458608 4.3428756e-07 0.00011655559 0.00011321708 1.24297385e-05 0.072341755 1.5555364e-07 2.4878045e-06 4.1607614e-06 2.68749e-07 0.004132751 1.3482385e-05 1.02880795e-05 8.5253426e-08 2.5732526e-05 1.302311e-07 0.000888629 3.7256227e-06 2.4900357e-06 0.0060685663 1.18646e-05 5.812834e-07 0.00017173948 7.069281e-08 0.00025032574 9.862668e-05 0.00044474922 1.8278574e-06 0.004814774 9.564427e-08 2.0000652e-08 2.4005718e-07 5.625369e-09 3.0435294e-06 1.4729974e-06 9.342997e-05 1.2245326e-06 8.2515834e-07 4.2317993e-07 7.329588e-06
0.9074783 0.6834314 7.4149164e-16 0.03817855 0.734188 0.9788814 0.047438323 0.83423597 0.06122657 0.0003251567 0.0003122484 0.9455281 0.962897 0.8124219 0.023559287 0.096559696 0.7468817 0.00089144317 0.17451161 0.44138062 0.3970727 0.0009267426 0.772891 0.0028859726 7.0447973e-06 0.11111506 0.0142194135 7.743371e-05 0.3586406 0.00011609598 6.840862e-07 0.00056884787 0.3365318 8.145917e-06 5.0302265e-06 0.008994534 0.046276394 1.2603066e-05 4.6158653e-05 0.0007703189 2.2522269e-07 0.008441242 0.0050297785 1.823403e-05 4.7964824e-07 2.2393613e-07 0.06540682 0.025741477 9.5207625e-08 0.00047952522 3.9392354e-08 0.0015309098 7.970223e-07 1.1725534e-05 0.025180018 3.9633316e-05 1.5308117e-08 1.0969111e-05 0.0071481355 6.7774877e-06 0.000101348334 0.009204888 3.2204564e-08 8.483376e-05 0.0030883786 4.3305336e-05 0.014244712 1.1139713e-07 8.2009285e-07 2.1211747e-06 2.4605927e-07 0.0088789165 0.0003273172 3.506997e-05 4.9713467e-08 0.00014349016 1.014912e-06 0.0051364666 8.721696e-07 1.9072739e-07 0.0076656565 1.9852969e-05 4.7354504e-07 0.0025802637 6.1106874e-08 0.0004905884 0.0010155481 0.0033486045 3.2153817e-05 0.008543152 4.1809298e-07 7.674258e-09 3.3080437e-07 1.4830234e-08 5.317571e-06 1.4947125e-07 0.0008999167 5.222615e-05 8.1112856e-05 9.785999e-07 0.00015062871
0.8129829 0.9762404 0.03817855 3.1975749e-13 0.98212683 0.25501654 0.6763392 0.24658132 0.20690234 0.9465318 0.71498805 0.004289391 0.04356925 0.003190804 0.10154946 2.1344471e-05 0.009381659 0.9362465 0.00016684245 0.016214235 0.30114684 0.49560988 0.16290353 6.6039597e-06 0.46204594 0.79225683 4.597348e-05 9.45715e-07 0.003119499 0.06553269 0.033370607 6.6311654e-06 0.022114363 2.822012e-07 0.004069645 0.11619402 0.0003976058 0.0018433632 2.9472423e-07 0.020048514 1.8909232e-05 2.0816768e-05 1.70141e-05 4.293044e-09 0.0050326306 9.3360504e-05 0.0058965795 0.009939842 3.682555e-06 7.873041e-07 3.0246433e-06 0.00037712487 9.863401e-09 0.00013267457 0.0005125014 0.0003741371 0.00087603094 4.947238e-07 0.0001628896 1.8380896e-07 0.00016385388 0.0015032786 2.0850196e-06 0.00017069317 1.9646728e-05 3.77547e-05 0.015841812 5.309733e-07 3.0401861e-05 1.7894095e-05 1.9551354e-08 0.0010556731 2.257503e-06 6.419083e-05 1.0681706e-06 9.222341e-06 3.8202018e-08 0.00012566157 8.187902e-05 6.5476536e-07 0.0030171028 8.138683e-07 2.038917e-07 7.174183e-05 1.0848642e-08 0.00023754695 5.335446e-06 0.00018849845 2.1778762e-05 0.0009829901 5.834956e-07 4.7488413e-09 1.55419e-07 1.13103855e-08 5.0420965e-07 3.323957e-07 2.1188933e-05 1.910733e-07 2.6460025e-06 1.7595264e-07 5.232531e-07
0.5524786 0.8313582 0.734188 0.98212683 2.765566e-13 0.99760693 0.21492125 0.46611294 0.07139943 0.08625265 0.08736017 0.0407252 0.2538548 0.012202888 0.029163456 0.00019509338 0.06264989 0.05503754 0.0019840149 0.094961755 0.18044595 0.05999652 0.23905371 2.363244e-05 0.0020256336 0.90255165 1.997095e-05 1.0325086e-05 0.007968122 0.0031266066 0.00028330882 1.6481856e-05 0.12986259 7.967692e-07 0.00032691815 0.017018555 0.00090706046 0.00027629532 1.0474013e-06 0.0020211546 2.9501109e-05 0.00034344345 0.00080633437 2.4813758e-08 9.9579534e-05 6.634851e-05 0.0072419657 0.0046153376 1.3737317e-05 2.2219645e-05 5.659089e-06 0.000738766 2.5856087e-07 7.9023936e-05 0.00061555 0.000111673326 0.00013709161 1.043702e-06 0.00042130146 3.8511314e-07 5.922933e-05 0.0007767627 1.8171258e-05 0.00013618232 0.00013121305 5.7483794e-05 0.0027345205 1.18613414e-07 7.4426884e-05 7.780479e-05 4.159567e-08 0.00080128876 5.8095447e-06 8.893106e-05 1.5543443e-05 1.3793583e-05 5.6851075e-08 0.0002746856 5.646883e-06 5.9732986e-07 0.0019789306 5.056608e-06 1.626714e-07 0.00020494533 1.757808e-08 0.00024757907 0.0009767027 0.0002997616 3.9979837e-05 0.0018178304 1.2375524e-06 1.7218104e-09 9.649683e-07 4.5741015e-08 6.6682486e-07 5.978554e-07 6.2505537e-06 1.3867695e-07 2.3164727e-08 1.1664075e-06 4.1672065e-06
0.20973463 0.27852964 0.9788814 0.25501654 0.99760693 2.7212866e-14 0.0070244106 0.21495846 0.008549306 0.0007196769 0.0005613636 0.25393382 0.90870124 0.03837656 0.003563721 0.0019131482 0.060954306 0.0051918137 0.0017455092 0.4152239 0.046058975 0.004745399 0.1049213 0.00023561296 2.5852809e-05 0.8797328 0.00075832626 1.0418548e-05 0.0076111066 0.00026667604 2.1805e-06 0.000103575774 0.26375943 4.80162e-06 7.017904e-05 0.0016054626 0.0013285137 0.00011412203 1.72596e-05 0.0001343749 1.3533944e-06 0.00023180865 0.0027690835 3.8929006e-06 5.449662e-06 3.225457e-06 0.0018111123 0.0008952997 8.9549513e-07 5.506694e-05 3.8741658e-07 0.0012821115 5.7874666e-07 1.459695e-05 0.00047562594 1.16913225e-05 6.2194584e-07 1.0658652e-05 0.00026893476 2.1055832e-06 1.0424183e-05 0.0001655106 1.3713487e-06 5.113104e-05 0.00010937528 1.4934501e-05 0.00059447205 4.1022787e-08 1.35767805e-05 1.0510164e-06 3.1481608e-07 0.00056770217 6.21513e-05 4.5409106e-05 3.4515344e-06 7.210688e-05 3.9174637e-07 0.00012599984 4.3604757e-07 3.284486e-07 0.00065719424 2.1593776e-06 1.6640355e-06 0.00016885794 8.048875e-09 7.883304e-05 0.00040604395 0.000126819 2.893016e-06 0.00046376453 1.0630515e-08 1.1570612e-08 3.0421668e-07 1.7527183e-09 2.5885348e-07 6.4066787e-09 0.00014225054 2.7362105e-07 1.0129944e-06 2.8275306e-06 9.567492e-06
0.7775266 0.98870146 0.047438323 0.6763392 0.21492125 0.0070244106 5.730869e-14 0.764582 0.973396 0.30923262 0.9725404 0.0004450532 0.029233005 0.00067193154 0.441473 5.5553664e-06 0.0045160404 0.17271248 1.9822603e-05 0.011441228 0.4243874 0.016070895 0.20385236 6.0041148e-06 0.059824143 0.11643484 2.4457313e-06 6.778705e-07 0.002575799 0.062315572 0.009724412 2.3699663e-06 0.0025247936 1.2505286e-07 0.003416676 0.42101565 0.00025017397 0.0010724771 7.338492e-08 0.060657706 5.8052552e-05 1.895258e-05 1.0748418e-05 9.821499e-09 0.00084195303 3.490464e-05 0.030085772 0.10481836 5.623731e-06 1.6622512e-06 3.6648553e-06 7.0918486e-06 3.8112496e-08 6.8992915e-05 0.0016779131 0.00034665177 3.034115e-05 2.5552052e-07 0.0002725116 1.9665079e-07 0.00076841784 0.009674186 1.8450075e-05 0.00044204533 1.2172701e-05 6.525699e-05 0.12357251 1.6107449e-06 2.145975e-05 3.4500325e-05 3.8669068e-08 0.0030430376 2.2037702e-06 4.0094004e-05 1.01169535e-05 1.8953115e-06 1.0772249e-08 0.00036754765 4.807384e-06 1.4676367e-06 0.007026936 6.998472e-06 6.693265e-08 3.5101188e-05 4.6347104e-10 0.0010018331 8.794374e-06 0.00026062946 6.080479e-07 0.0033519946 1.9616078e-07 3.2312694e-10 6.5945034e-07 1.2220022e-08 2.7073478e-08 1.2156929e-06 4.2058664e-06 9.771055e-08 5.1707637e-08 4.7817736e-08 3.025154e-06
0.7682418 0.9724784 0.83423597 0.24658132 0.46611294 0.21495846 0.764582 1.9720806e-14 0.9466765 0.0013026105 0.011364334 0.08078557 0.5560918 0.2470519 0.52680117 0.0025691786 0.9734408 0.0038256473 0.0042270967 0.20793584 0.43536618 0.001405328 0.9278579 0.00029202393 0.0001775744 0.035894968 0.00036604103 1.1755273e-05 0.2494639 0.00011303323 5.1583647e-05 7.7877325e-05 0.041251957 7.247564e-07 0.0001116615 0.022881681 0.004380125 1.9463427e-05 8.600087e-06 0.0010540705 1.166787e-06 0.00056203024 0.001050734 8.41124e-06 1.185913e-06 1.0240304e-06 0.14034382 0.11144489 2.2815915e-07 8.095855e-06 5.8566366e-07 0.0003754428 4.2477907e-07 3.1929908e-06 0.053621583 4.9668547e-06 3.7614643e-07 3.0413185e-06 0.005584878 5.1624716e-06 5.8109163e-05 0.019572224 1.3502728e-07 5.9466933e-05 0.00064875896 6.7393703e-06 0.02473718 3.4551437e-08 3.809453e-07 6.1826034e-07 1.2875751e-06 0.015205405 4.37735e-05 6.119727e-06 5.3986007e-08 9.8664204e-05 4.803179e-07 0.0056662443 1.7406035e-07 1.0190881e-06 0.005467797 1.6869342e-06 7.958829e-07 0.0007078082 2.6191714e-08 5.1867584e-05 0.00029057992 0.0019457134 1.9766554e-07 0.0061894716 9.432551e-09 1.1516317e-08 9.8249316e-08 9.186544e-10 3.9176916e-07 2.2694291e-08 0.00021809846 2.7667222e-05 5.575823e-06 2.415613e-06 8.6907836e-05
0.45831624 0.82095367 0.06122657 0.20690234 0.07139943 0.008549306 0.973396 0.9466765 8.416517e-14 0.021035394 0.7737009 0.0016249581 0.025363171 0.0031712188 0.99652326 3.2512864e-05 0.051921748 0.015104273 7.144932e-05 0.005529135 0.40339518 0.001496904 0.40291855 1.5628328e-05 0.002324471 0.012861947 1.0366762e-05 6.116326e-06 0.0055310703 0.031665493 0.00046501544 7.5501334e-06 0.0006349949 5.429158e-07 0.0018367913 0.26292035 0.0003073699 0.0013323093 2.3237105e-06 0.012761823 8.949735e-05 1.3373419e-05 1.0306404e-05 1.4166872e-07 6.3989006e-05 5.5188666e-06 0.029155849 0.07775015 1.0582898e-07 3.7098113e-07 8.136239e-07 4.004003e-06 2.5440227e-07 0.0002943859 0.0040533827 0.00018635338 1.0964504e-06 1.3152976e-06 0.0004751474 6.1298e-07 0.0003752706 0.009625154 4.2740616e-05 0.00014995449 7.893543e-05 7.658094e-05 0.066886365 2.6771133e-06 2.3214854e-05 5.2885942e-05 1.07364826e-07 0.0072174096 4.3816963e-06 7.0426984e-05 1.6384878e-05 1.2901411e-05 3.8887777e-08 0.0005978443 4.8146603e-06 1.5922251e-06 0.0060650725 2.3145295e-08 3.8450338e-08 9.859264e-05 7.672808e-09 0.00056612585 9.489996e-06 0.00016984975 3.5954033e-06 0.004570333 1.2584293e-07 1.4690427e-08 4.871187e-06 2.4447328e-08 6.188951e-07 4.8552715e-07 2.1485284e-05 1.4760503e-06 2.3620128e-06 5.6365845e-08 1.0427822e-05
0.9244969 0.14418563 0.0003251567 0.9465318 0.08625265 0.0007196769 0.30923262 0.0013026105 0.021035394 6.860651e-11 0.98502237 2.5821812e-05 0.0008443847 0.00013817144 0.055793513 1.0251923e-06 0.0007920328 0.90080637 5.064586e-06 0.0010479593 0.16457503 0.25274605 0.025523731 1.8674031e-06 0.92670673 0.18168525 1.138603e-05 2.930686e-07 0.0012136387 0.7140128 0.9221533 3.359244e-05 0.0005948472 4.326501e-07 0.2394443 0.34683457 4.9497445e-05 0.07867346 1.7486728e-07 0.20307478 0.0022305897 0.00010698384 2.9361343e-06 1.0104321e-07 0.2336789 0.008308526 0.005541823 0.012445788 0.00028213515 5.071127e-07 0.00020694925 4.3861237e-06 2.635759e-08 0.0048351623 0.00046847714 0.011645603 0.071963035 2.0092862e-06 0.00015671918 5.452253e-07 0.0069316505 0.002121885 0.0016815768 0.005458541 3.3128177e-05 0.0006114399 0.05555761 2.2253342e-05 0.0021811177 0.0005531616 3.293284e-07 0.0011664506 2.9964593e-07 0.00041958294 0.00065877114 2.3400076e-05 3.4458756e-07 4.6025685e-05 0.0026910102 4.156944e-05 0.0053434814 4.865977e-06 2.1982945e-07 0.00010295396 7.964581e-08 0.006613899 1.4764114e-05 0.00031619766 0.00035903667 0.0036772718 5.195212e-06 2.7226517e-07 7.655078e-05 3.0653806e-07 1.0076051e-05 3.5273e-05 6.1375476e-06 6.389631e-07 3.4744644e-06 1.5429292e-07 1.248007e-06
0.9508655 0.26460162 0.0003122484 0.71498805 0.08736017 0.0005613636 0.9725404 0.011364334 0.7737009 0.98502237 1.6818931e-12 5.031457e-05 0.00083402457 0.00011027056 0.6144761 3.469906e-07 0.0004328272 0.3544156 1.7484003e-06 0.00034432893 0.31695578 0.03364723 0.08349157 2.5584252e-06 0.40335917 0.0474446 1.1046179e-06 8.888455e-08 0.00029125356 0.8775239 0.26386017 1.58369e-06 0.00033417105 8.046362e-08 0.23456497 0.89095074 7.5069615e-06 0.0920417 1.181835e-08 0.46816266 0.0075011835 1.2687555e-05 1.6063155e-05 4.5636246e-09 0.038570445 0.0051639047 0.016036961 0.10790129 0.00022853559 1.5349431e-06 0.00040956849 1.2085906e-06 2.6642612e-08 0.010974355 0.00069175416 0.015526392 0.0023043943 1.5748816e-07 7.580455e-05 1.8139502e-07 0.024126606 0.0108201485 0.00350244 0.016031133 3.3853244e-06 0.004712906 0.20309956 0.00073096034 0.00093596656 0.0021951022 4.3089862e-08 0.003315719 4.920435e-08 0.001891111 0.00034485228 1.7743636e-05 1.4355001e-07 0.00013218618 0.002629661 0.0005381238 0.019732632 0.00010143188 3.587948e-07 4.5218832e-05 1.5876656e-08 0.021285564 1.945337e-05 0.00020589368 0.000627307 0.0073299487 2.9203635e-05 2.8654954e-09 4.840759e-05 5.605474e-07 4.2163324e-06 6.342314e-05 3.917858e-06 1.5409691e-07 7.87784e-07 3.609391e-07 1.0364157e-06
0.8197914 0.004433289 0.9455281 0.004289391 0.0407252 0.25393382 0.0004450532 0.08078557 0.0016249581 2.5821812e-05 5.031457e-05 2.7484256e-15 0.9370703 0.97196484 0.00026147068 0.97002304 0.4202202 2.0514644e-05 0.647325 0.6121228 0.01339385 1.6212918e-05 0.08837657 0.8670758 1.8683435e-06 0.009701298 0.51952696 0.08959855 0.32851788 1.6047998e-05 9.326545e-07 0.07586683 0.3744595 0.0049947524 7.934885e-06 0.00049717224 0.22685517 8.038416e-06 0.0005086569 1.5722073e-05 3.9007233e-08 0.52395076 0.10016609 0.00072623126 9.914042e-07 1.8778708e-07 0.01675521 0.0017845458 2.9912442e-08 0.006977623 6.9976174e-08 0.0027979116 4.1382074e-05 7.874998e-06 0.046936955 1.4337121e-05 1.9223667e-07 0.000107735556 0.046995137 9.284702e-05 5.123066e-05 0.0010028995 6.827882e-08 5.3985623e-05 0.01213288 6.065476e-06 0.00066406745 4.9122084e-09 3.7398192e-06 1.5874463e-06 1.413249e-05 0.002627995 0.0013516024 9.9297085e-06 1.10154986e-07 0.000276201 1.9941099e-06 0.013026205 8.0290346e-07 1.4946414e-07 0.0006066978 7.697266e-05 7.5899547e-06 0.003906321 4.162938e-07 3.0188771e-06 0.002094759 0.003230178 8.380622e-06 0.0006679183 3.0252734e-09 2.675388e-08 1.5115323e-06 2.997916e-08 6.76204e-07 2.3527556e-07 0.00058963464 1.3798596e-05 5.2072028e-05 4.942523e-07 6.48325e-05
0.7941986 0.3841396 0.962897 0.04356925 0.2538548 0.90870124 0.029233005 0.5560918 0.025363171 0.0008443847 0.00083402457 0.9370703 4.589733e-13 0.624152 0.007582211 0.33972722 0.44067127 8.3641295e-05 0.29963595 0.99612087 0.18729989 0.000104062696 0.42889076 0.02457388 7.6727866e-07 0.6396255 0.05001163 0.0069243936 0.26736075 7.795579e-05 2.9831128e-07 0.0046039866 0.42057532 7.5989185e-05 3.4845482e-06 0.0019176911 0.049341824 9.4781426e-05 0.00016620039 0.00020223508 7.709086e-07 0.0127116805 0.018645685 3.761131e-05 2.442552e-06 2.532089e-06 0.015384222 0.0051051113 5.710916e-07 0.0014759011 7.476892e-09 0.005435923 5.410419e-06 9.759126e-06 0.009214702 2.0539172e-05 9.381863e-07 0.00015400091 0.005159393 4.755005e-05 1.804755e-05 0.0021472822 6.0807146e-08 6.163053e-05 0.0024605498 3.4720582e-05 0.003341419 3.554075e-08 9.375097e-06 2.759557e-07 9.910021e-06 0.002593812 0.00057973526 2.2644515e-05 1.4517809e-06 5.922058e-05 4.666498e-06 0.0011025337 4.0404124e-08 4.9810166e-07 0.0033821817 3.4521536e-06 2.1818134e-07 0.0015997015 4.2593882e-07 0.00033460697 0.0018174927 0.002760863 1.3239592e-05 0.0041191736 9.351799e-08 3.4842625e-08 1.6323701e-06 3.9596273e-08 1.3748672e-06 7.0698513e-07 0.0005470733 1.2104153e-06 5.4899403e-05 2.3301948e-06 0.00019267011
0.93948257 0.004560286 0.8124219 0.003190804 0.012202888 0.03837656 0.00067193154 0.2470519 0.0031712188 0.00013817144 0.00011027056 0.97196484 0.624152 1.2903271e-12 0.00038226106 0.93276405 0.96388566 0.000102567945 0.93295544 0.27822748 0.00671156 2.4954856e-05 0.09058237 0.30925643 3.377255e-05 0.0024389476 0.07613281 0.08116532 0.84146446 1.6418462e-05 1.4390325e-05 0.008867467 0.09093583 0.0028402072 4.2806576e-05 0.0008899906 0.5237515 1.6996033e-05 0.0011129976 4.212524e-05 1.1052585e-06 0.1775982 0.0073908134 0.0004900752 7.5287935e-06 2.9050063e-06 0.069313124 0.0068291137 9.343032e-07 0.0005748149 8.861933e-07 0.00026245526 8.6955755e-05 2.6418207e-05 0.24214752 2.5279522e-05 1.8941911e-06 0.00017695721 0.29424018 0.00026766313 0.00010059618 0.0057271724 3.7762442e-07 0.00021943265 0.020456277 6.538744e-05 0.0044369944 1.4916958e-08 1.0456547e-06 3.7521227e-06 8.384479e-05 0.013587592 0.0012150276 1.97606e-05 2.9277447e-07 0.0006046836 3.2156826e-05 0.08849915 1.7106684e-06 1.5238065e-07 0.0035246538 0.00023500728 3.34722e-05 0.013692345 1.2782138e-05 0.00034906884 0.00077444717 0.018327106 8.41851e-06 0.0070602642 2.667215e-08 1.1486712e-06 4.9228947e-06 4.6590299e-07 4.893028e-06 8.440847e-07 0.0017768048 0.00033031276 0.00032730686 1.5821797e-05 0.0012031838
0.7373604 0.18109685 0.023559287 0.10154946 0.029163456 0.003563721 0.441473 0.52680117 0.99652326 0.055793513 0.6144761 0.00026147068 0.007582211 0.00038226106 2.499148e-13 4.1764006e-06 0.015122304 0.009789712 1.8883626e-05 0.0023691554 0.9928093 0.0016493588 0.48421648 4.510636e-06 0.005573901 0.0050933086 5.0331487e-06 3.35698e-07 0.004512955 0.06574445 0.0016001761 4.771697e-06 0.0007083518 2.3870274e-07 0.0031944367 0.7847354 0.00017369514 0.0011178355 1.0641192e-07 0.07063035 3.446635e-05 8.842562e-06 9.080894e-06 1.5393086e-08 0.0002218199 2.9703535e-06 0.16844448 0.39420608 1.7101984e-08 2.3163413e-07 1.6442176e-06 2.7640676e-06 6.334265e-08 0.00026668774 0.010976741 0.00058008614 3.5173884e-06 1.0318972e-07 0.0009756926 4.1681702e-07 0.0015983679 0.057042584 3.3153967e-05 0.0020205958 1.6059128e-05 0.00041236685 0.42698205 9.1294123e-07 4.9432627e-05 0.000118640506 5.6695463e-08 0.042233724 7.5941654e-07 0.00029549835 1.4520947e-05 6.3909497e-06 9.891697e-09 0.001726323 1.2294667e-05 6.594296e-07 0.02894521 2.965584e-08 1.5520482e-07 5.3775464e-05 8.32218e-09 0.003359427 7.584355e-06 0.00038962974 1.5926285e-05 0.017311081 4.286998e-07 8.863293e-09 1.1127737e-05 2.8989813e-08 5.8809496e-07 1.0406523e-05 3.3671924e-05 2.7578928e-06 1.1436803e-06 7.89698e-08 2.032284e-05
0.7565006 7.045641e-05 0.096559696 2.1344471e-05 0.00019509338 0.0019131482 5.5553664e-06 0.0025691786 3.2512864e-05 1.0251923e-06 3.469906e-07 0.97002304 0.33972722 0.93276405 4.1764006e-06 9.735094e-16 0.21524051 1.8018924e-06 0.9844805 0.09936419 0.0004195817 1.3677126e-06 0.008377477 0.96526575 1.2768248e-07 0.0010255118 0.35222757 0.76156706 0.22712396 4.758089e-07 7.8422985e-08 0.10428911 0.033177685 0.10796712 1.3555479e-06 2.0332336e-05 0.49128225 6.1178105e-07 0.021030335 3.7419431e-07 3.102652e-08 0.6282523 0.013878329 0.017878328 1.18787625e-07 1.8213164e-08 0.0051724976 0.00029125717 1.1813616e-08 0.0003450694 1.765388e-08 0.00012634096 0.00076726306 1.0247788e-06 0.037742287 6.6578724e-07 2.4659514e-07 0.00033369334 0.06947369 0.0003233545 6.269538e-06 0.00018389111 1.5548295e-08 4.3914433e-06 0.06098278 8.817548e-07 0.0001668291 2.4138223e-09 8.2375536e-08 5.4959404e-08 6.084082e-05 0.0005921192 0.0058135493 3.7548804e-07 1.3119876e-08 0.0015483982 4.3728898e-05 0.012428292 3.675564e-07 1.9663586e-08 0.00056365103 0.00017321127 4.2556043e-05 0.011115333 1.0438607e-05 1.4293476e-05 0.0010334612 0.008840675 4.2560262e-07 0.0005115509 1.3492088e-08 9.245567e-07 5.5921227e-08 2.9855673e-08 0.00012877912 2.407235e-08 0.0020870948 0.00049466756 0.00059864874 1.5324851e-05 0.0010481614
0.8645394 0.036319017 0.7468817 0.009381659 0.06264989 0.060954306 0.0045160404 0.9734408 0.051921748 0.0007920328 0.0004328272 0.4202202 0.44067127 0.96388566 0.015122304 0.21524051 6.0326584e-15 0.00024902518 0.43292266 0.08838778 0.10364675 2.959458e-05 0.75412613 0.027856216 4.560979e-05 0.0017264341 0.0065423925 0.016567549 0.9934324 0.00013482533 1.0157354e-05 0.0010064263 0.0199525 0.0004928497 0.00011337785 0.006030872 0.22843741 2.376683e-05 0.0013367747 0.00018078445 2.1772478e-06 0.017363455 0.0018560401 0.00028190063 1.0573219e-06 6.1726354e-07 0.16538785 0.02979243 3.6274646e-08 5.8612586e-05 1.467198e-07 0.00020660137 1.1180819e-05 1.7506138e-05 0.25067115 3.880689e-05 6.912427e-08 0.00016671822 0.15773913 0.00035207244 0.00017251742 0.015142038 2.0678183e-07 0.00022600817 0.01113089 3.4514178e-05 0.01137732 5.284565e-09 3.3492762e-07 1.6718154e-06 1.9964475e-05 0.032476384 0.00084140076 1.0232548e-05 1.6504207e-07 0.00074623927 2.3189517e-05 0.06569941 2.9964397e-07 1.0161912e-08 0.006430215 2.7574724e-06 4.2837223e-06 0.0044973935 1.6548694e-06 0.00050893 0.0005072982 0.011909118 2.4878236e-06 0.01556392 1.5334498e-09 1.7376454e-06 1.9215797e-06 6.0691008e-09 2.261057e-05 2.2324272e-07 0.0021090854 0.00042309985 0.00029471036 2.5761167e-06 0.0028073585
0.36846945 0.23163019 0.00089144317 0.9362465 0.05503754 0.0051918137 0.17271248 0.0038256473 0.015104273 0.90080637 0.3544156 2.0514644e-05 8.3641295e-05 0.000102567945 0.009789712 1.8018924e-06 0.00024902518 1.390527e-12 7.915936e-06 0.00018048522 0.014222661 0.99861866 0.003658198 2.6560774e-06 0.9853151 0.05876006 6.9148626e-07 3.0381354e-06 0.00013518415 0.12263449 0.015919695 8.577001e-07 0.00016234015 4.365737e-08 0.015638752 0.02642852 6.659765e-05 0.0030592743 4.1360605e-07 0.00822616 0.00068594294 4.8007434e-05 1.4702698e-05 1.0293843e-08 0.0010067335 0.0012519642 0.00012898391 0.0007504524 5.3735937e-05 1.9651309e-06 1.586993e-05 1.5115071e-05 3.410861e-08 0.00011849476 8.7933295e-05 0.00058219413 0.0030422688 3.4203347e-07 9.078838e-05 1.965055e-07 0.00018210942 8.0750564e-05 2.0211526e-05 4.1406547e-05 3.178704e-05 5.7610127e-05 0.00076162035 3.5140692e-06 1.9435605e-05 2.6030539e-05 1.68477e-08 8.379443e-05 6.5724157e-07 1.9141893e-05 8.751007e-05 5.531376e-06 1.3395476e-07 5.493245e-05 7.391771e-05 2.9747675e-06 0.0006777795 1.5351172e-06 3.324721e-07 2.3683928e-05 2.2873319e-09 0.0002972176 5.708599e-06 0.00027923298 1.0852944e-05 0.00062146207 1.2328923e-06 1.7143584e-09 4.8391457e-06 8.896545e-08 2.1463115e-06 2.4342105e-06 5.993788e-06 4.1147466e-08 2.1073559e-07 6.0483694e-07 2.5820975e-05
0.9606173 9.021942e-05 0.17451161 0.00016684245 0.0019840149 0.0017455092 1.9822603e-05 0.0042270967 7.144932e-05 5.064586e-06 1.7484003e-06 0.647325 0.29963595 0.93295544 1.8883626e-05 0.9844805 0.43292266 7.915936e-06 1.2234567e-13 0.14705352 0.0005699257 3.2018675e-06 0.009306333 0.58972806 1.7426789e-06 0.00041733135 0.20818213 0.8334317 0.7536212 4.5702186e-07 1.5701605e-07 0.05925009 0.035461742 0.08871818 2.0828254e-06 4.4857396e-05 0.980271 4.497082e-07 0.06859068 1.440137e-06 4.022097e-08 0.56815237 0.0033067446 0.021801593 5.101458e-07 9.6968094e-08 0.021386748 0.0012494107 4.0861686e-08 0.00013318252 6.4419964e-08 4.918903e-05 0.0009292803 9.091922e-07 0.20894542 1.1066815e-06 1.02437085e-07 0.0006151078 0.3254635 0.002535178 2.8282575e-05 0.0013358679 7.496312e-09 2.2716456e-05 0.36501 4.588336e-06 0.0017429376 5.918929e-09 8.042864e-08 1.0191071e-07 0.00026109666 0.003102151 0.031490922 3.7072118e-07 6.993424e-09 0.01445465 0.00019782747 0.0851761 4.923366e-07 2.8985887e-08 0.0012649039 0.0005421367 0.0002715693 0.07797245 4.886474e-05 8.8202556e-05 0.00054904853 0.092591815 1.8577294e-06 0.002244431 1.0315527e-07 4.9381715e-06 1.5886964e-07 1.2755761e-07 0.00027871365 5.232007e-07 0.012304245 0.0059558 0.0041997964 5.530403e-05 0.009639122
0.6835474 0.17914842 0.44138062 0.016214235 0.094961755 0.4152239 0.011441228 0.20793584 0.005529135 0.0010479593 0.00034432893 0.6121228 0.99612087 0.27822748 0.0023691554 0.09936419 0.08838778 0.00018048522 0.14705352 2.8726706e-12 0.08323896 0.0020968015 0.13361664 0.015513426 2.9709543e-06 0.8788526 0.24999352 0.005831402 0.09445882 1.987625e-05 7.075497e-07 0.04124193 0.9881125 0.00038498704 3.9964627e-05 0.00030522526 0.014539017 2.5514844e-05 0.00063390814 3.0408386e-05 1.2579693e-06 0.16083302 0.20665804 0.00046901536 1.5298676e-06 2.8509057e-06 0.0028926947 0.00069070666 9.6815265e-06 0.067422554 1.1624974e-06 0.08120561 1.28148495e-05 3.90511e-05 0.000849382 1.2791712e-05 5.9370945e-05 0.0007001029 0.00072032236 9.740776e-05 1.0680946e-05 0.00041839675 5.5669415e-07 3.0772964e-05 0.00049108226 8.409644e-06 0.0024080607 8.177327e-07 6.0259817e-06 6.828973e-07 1.4634711e-05 0.0005390871 0.000395972 5.926479e-06 9.1920964e-07 8.9009875e-05 5.4445495e-06 0.00012353898 3.1491475e-06 4.9103187e-06 0.0009003897 0.00011338737 1.0376248e-05 0.00053146324 4.6203306e-07 8.569451e-06 0.028936388 0.00059282535 0.0003238421 0.0015969037 7.8001597e-07 4.5297904e-07 8.0036386e-07 1.0581667e-07 8.137423e-06 1.9502268e-06 0.0005415368 2.0394637e-05 9.2863975e-06 0.00013135227 5.09918e-06
0.9240093 0.7056164 0.3970727 0.30114684 0.18044595 0.046058975 0.4243874 0.43536618 0.40339518 0.16457503 0.31695578 0.01339385 0.18729989 0.00671156 0.9928093 0.0004195817 0.10364675 0.014222661 0.0005699257 0.08323896 6.6674747e-12 0.0024547828 0.9723606 0.00013029839 0.00804606 0.017632313 0.00012992824 1.2898323e-05 0.022268342 0.060684144 0.001817171 4.1069627e-05 0.020529833 3.1453203e-06 0.021155555 0.7606819 0.0003115054 0.0017620714 3.7021825e-06 0.036604684 0.00036024002 0.00063196936 0.00026609123 3.5442878e-07 0.0003799793 1.7664452e-05 0.61093116 0.79162276 1.95914e-07 4.6340438e-06 3.6478425e-06 1.963624e-05 1.0035006e-07 0.00013219437 0.06362636 0.00040386507 1.1605041e-05 2.4854222e-07 0.009507875 3.0471977e-06 0.0022813948 0.28360698 3.687818e-05 0.0019112582 6.7466586e-05 0.00025153978 0.67888 2.8778043e-06 3.9688046e-05 2.2695993e-05 1.1006153e-07 0.24870546 9.974434e-07 0.00012527614 2.6871978e-05 8.488179e-06 4.3483762e-08 0.005366102 2.2846529e-05 2.5534828e-07 0.07136893 2.0499759e-07 2.234087e-08 0.00011367103 4.6081567e-08 0.008885158 0.00010345771 0.0011435709 5.136664e-06 0.06864711 3.3130226e-07 9.629384e-09 5.4905972e-06 4.408311e-08 7.127947e-08 1.2155035e-05 3.302361e-05 2.0039766e-05 9.60426e-06 2.355023e-07 7.428102e-05
0.052197788 0.035802744 0.0009267426 0.49560988 0.05999652 0.004745399 0.016070895 0.001405328 0.001496904 0.25274605 0.03364723 1.6212918e-05 0.000104062696 2.4954856e-05 0.0016493588 1.3677126e-06 2.959458e-05 0.99861866 3.2018675e-06 0.0020968015 0.0024547828 1.2307135e-11 0.00041839917 2.3403993e-06 0.830943 0.99420446 6.5298633e-07 3.844887e-06 1.6113803e-05 0.0024634777 0.0014049376 8.742373e-07 0.00025247489 5.6995905e-08 0.00079559354 0.0005173398 3.621547e-06 0.00013997572 1.2421353e-06 0.00036981353 0.00010352966 5.0000064e-05 4.0871844e-05 3.268595e-08 0.00072582724 0.00025833253 2.5590049e-05 0.00015357412 5.4087996e-06 2.4090416e-05 7.463415e-05 0.00015300793 4.869837e-07 7.925088e-05 1.5781944e-06 6.630499e-05 0.001073381 5.8283017e-06 3.1523894e-06 2.0865025e-07 3.7630612e-05 4.234185e-05 1.1215333e-05 2.711163e-05 1.8203094e-06 3.7301434e-05 0.00037903409 4.0657305e-06 1.5152523e-05 1.9949535e-05 2.7047685e-07 1.0687325e-05 6.405448e-08 1.0224852e-05 1.2634175e-05 7.32769e-07 2.0259345e-07 8.053917e-06 8.725149e-05 2.2560469e-05 0.00010526757 2.2038814e-06 1.954006e-06 7.5808257e-06 9.262556e-09 5.4719752e-05 0.00011070995 7.727821e-05 5.788761e-06 0.00040537733 1.5589507e-07 2.4539817e-09 2.8347852e-06 2.5008902e-08 1.580747e-05 4.3895733e-07 5.9185422e-06 1.7722088e-07 1.9096845e-08 2.818486e-05 3.2822677e-06
0.9802223 0.5640388 0.772891 0.16290353 0.23905371 0.1049213 0.20385236 0.9278579 0.40291855 0.025523731 0.08349157 0.08837657 0.42889076 0.09058237 0.48421648 0.008377477 0.75412613 0.003658198 0.009306333 0.13361664 0.9723606 0.00041839917 4.040248e-13 0.0015070105 0.0005193456 0.009789678 0.0005803119 0.00033263594 0.38605896 0.007467693 0.00017052234 0.0001377566 0.023128837 1.693914e-05 0.0014020859 0.24047911 0.01072313 0.00012802286 6.456743e-05 0.010445446 6.413698e-05 0.0015821188 0.0005397505 7.221399e-06 1.690473e-05 1.4532826e-06 0.9010831 0.8637186 4.7193421e-07 1.6576327e-05 2.827099e-06 9.052262e-05 1.3787289e-06 7.840179e-05 0.66009504 0.00019711409 3.003267e-06 1.0636526e-05 0.23303883 3.5319215e-05 0.00061743904 0.48041028 3.177726e-06 0.00059461774 0.0014144719 0.00025418805 0.5778593 8.185582e-07 3.3988954e-06 1.09651255e-05 1.1813189e-06 0.5101121 5.5119694e-05 4.412099e-05 7.707469e-07 0.00022534055 3.92034e-06 0.14677288 4.3406994e-06 1.7027067e-07 0.109753646 7.658886e-06 1.8759547e-06 0.0014788613 3.4632708e-07 0.006827808 0.00030355263 0.013084779 1.6629695e-06 0.12091732 5.2963134e-08 1.1774929e-07 4.683612e-07 3.645665e-08 1.2608577e-06 5.1830597e-07 0.0010319947 0.00040098478 0.00033852988 5.895851e-06 0.0016250754
0.798959 7.19539e-05 0.0028859726 6.6039597e-06 2.363244e-05 0.00023561296 6.0041148e-06 0.00029202393 1.5628328e-05 1.8674031e-06 2.5584252e-06 0.8670758 0.02457388 0.30925643 4.510636e-06 0.96526575 0.027856216 2.6560774e-06 0.58972806 0.015513426 0.00013029839 2.3403993e-06 0.0015070105 2.602289e-13 6.222682e-08 0.0001993783 0.993161 0.9199045 0.08952265 2.478407e-07 2.6628425e-07 0.7060012 0.033373773 0.55576265 2.9891157e-07 3.099572e-05 0.40794381 1.3316169e-06 0.020619385 1.5965389e-06 5.9609874e-08 0.760606 0.03576847 0.016355194 9.4383324e-08 9.459929e-07 0.0017648472 0.00013721194 4.8853387e-08 0.0022696957 3.0382743e-08 0.00016552213 0.0009962674 2.0538866e-06 0.009346648 1.4499186e-06 2.250623e-07 0.0011539488 0.022394717 0.0004422751 2.4529982e-06 0.00016364273 5.7843238e-08 2.204843e-05 0.047755845 1.2867969e-06 3.0291365e-05 2.8963228e-08 2.0498675e-08 3.1017422e-07 0.000110437155 0.00032919704 0.0049310336 1.7415608e-06 9.7456116e-08 0.0006413285 6.961976e-05 0.006234992 5.1397484e-07 3.2144314e-07 0.00026123438 0.00079613505 0.00014626989 0.009290314 1.0483002e-05 9.663405e-07 0.0032290767 0.007122251 3.2916623e-06 0.0002913791 9.176956e-08 1.7866724e-07 4.922678e-08 3.0581525e-08 3.0046293e-05 1.6962431e-07 0.00045974227 3.1973745e-05 1.4150022e-05 2.8166829e-05 0.00025623786
0.50102955 0.017029254 7.0447973e-06 0.46204594 0.0020256336 2.5852809e-05 0.059824143 0.0001775744 0.002324471 0.92670673 0.40335917 1.8683435e-06 7.6727866e-07 3.377255e-05 0.005573901 1.2768248e-07 4.560979e-05 0.9853151 1.7426789e-06 2.9709543e-06 0.00804606 0.830943 0.0005193456 6.222682e-08 1.2080452e-14 0.049525212 2.6355632e-08 1.9053523e-07 0.0001452975 0.46449977 0.9998927 1.8773176e-07 3.118346e-05 4.934191e-09 0.25257316 0.053767152 1.5033588e-05 0.059325118 6.179453e-08 0.036438547 0.005076968 2.0037722e-05 2.7699814e-06 1.1435717e-09 0.009751675 0.00055533013 0.00014991118 0.0005470199 0.00014550204 5.859589e-08 3.9513154e-05 2.0385487e-06 1.8223684e-09 0.00042234553 1.2415e-05 0.0011886794 0.02077726 3.7789732e-08 3.5761663e-05 2.2117431e-08 0.00040566368 7.131256e-05 0.0003122624 0.0001917097 3.789645e-06 0.0001676826 0.0005551617 1.3485895e-05 0.00014267811 4.694935e-05 7.947869e-09 2.3422223e-05 7.163572e-07 0.00015262667 0.00060624955 1.9595268e-07 8.800934e-08 1.9335881e-05 0.0004749664 1.9136098e-06 0.000426229 8.3067033e-07 1.7832474e-07 1.5089363e-05 1.8230323e-09 0.00044818295 8.314332e-06 0.00017431212 1.23293985e-05 0.0005558597 1.0716897e-06 5.159488e-10 2.0896039e-06 3.4391128e-09 2.4271912e-06 1.0296377e-08 8.231684e-05 1.1964453e-07 1.0012996e-06 3.7122004e-07 2.4625908e-05
0.08775517 0.3546063 0.11111506 0.79225683 0.90255165 0.8797328 0.11643484 0.035894968 0.012861947 0.18168525 0.0474446 0.009701298 0.6396255 0.0024389476 0.0050933086 0.0010255118 0.0017264341 0.05876006 0.00041733135 0.8788526 0.017632313 0.99420446 0.009789678 0.0001993783 0.049525212 4.4756005e-14 0.00015758228 0.00018467563 0.00029749435 0.0012975754 0.0013577896 5.3652162e-05 0.97973466 1.3272024e-06 0.0006771512 0.0011332494 9.640385e-05 0.0001743126 2.3481045e-05 0.0003042859 6.716743e-05 0.004880129 0.0052457945 1.7526831e-07 0.000149334 0.00010975897 4.811459e-05 0.00021538451 2.8789751e-05 0.0037618414 1.1643931e-05 0.35054806 1.6660482e-07 9.706618e-06 8.295688e-06 1.161587e-05 0.00018383027 4.8373595e-06 2.9562221e-05 2.1803419e-06 6.395173e-05 0.00014537403 3.2646122e-07 9.439625e-05 1.09842895e-05 3.9890223e-05 0.0003514666 3.7707127e-07 3.5566786e-06 3.1908146e-06 1.1647003e-06 7.929412e-05 1.1186423e-06 4.6151436e-05 9.923195e-06 8.767162e-07 3.099643e-07 1.603724e-05 3.295639e-06 2.1214032e-06 0.00032112407 5.418402e-06 1.7770503e-06 1.4291513e-05 1.4390461e-09 4.6921643e-05 0.021213617 4.7846315e-05 3.147442e-06 0.0006025925 8.83878e-09 1.3294817e-09 1.8857647e-06 5.2549645e-09 1.3266064e-06 7.165351e-08 4.6400405e-06 2.1214982e-08 1.3276157e-07 1.1746401e-06 5.565694e-07
0.48247138 0.00014754338 0.0142194135 4.597348e-05 1.997095e-05 0.00075832626 2.4457313e-06 0.00036604103 1.0366762e-05 1.138603e-05 1.1046179e-06 0.51952696 0.05001163 0.07613281 5.0331487e-06 0.35222757 0.0065423925 6.9148626e-07 0.20818213 0.24999352 0.00012992824 6.5298633e-07 0.0005803119 0.993161 2.6355632e-08 0.00015758228 2.6820832e-14 0.7677653 0.0181309 7.936375e-08 2.1373964e-07 0.9975764 0.088913955 0.6926845 8.1020147e-07 2.5583765e-06 0.13149199 1.985133e-06 0.012431724 1.1774447e-07 5.509987e-07 0.6536943 0.11314247 0.014696924 5.2696816e-08 3.207202e-07 0.00025466655 6.338656e-05 5.2878143e-08 0.009643144 1.17934e-06 0.0003350176 0.0005552361 5.708814e-07 0.0014674193 2.5793422e-06 5.2978015e-07 0.0007386074 0.0024519272 0.00018329005 1.1430228e-06 6.357035e-05 2.870082e-07 1.3490107e-06 0.012140618 2.8772417e-06 2.9871213e-05 2.5519869e-08 2.3473934e-08 1.3799089e-06 6.657618e-05 7.090344e-05 0.0013439085 5.116428e-06 1.5435724e-07 0.0001622838 2.7318745e-05 0.0012142597 1.2370442e-07 3.2780366e-07 7.613434e-05 0.00078450335 0.00032231602 0.002437806 3.1391068e-07 2.959071e-07 0.015384128 0.0011979411 1.9722984e-05 0.00011312857 1.5933203e-08 1.6281707e-08 4.874721e-07 1.0510991e-09 4.5299957e-06 8.451805e-08 4.6560537e-05 9.028741e-07 8.4305526e-08 6.728739e-05 1.21074845e-05
0.9551991 5.0258914e-06 7.743371e-05 9.45715e-07 1.0325086e-05 1.0418548e-05 6.778705e-07 1.1755273e-05 6.116326e-06 2.930686e-07 8.888455e-08 0.08959855 0.0069243936 0.08116532 3.35698e-07 0.76156706 0.016567549 3.0381354e-06 0.8334317 0.005831402 1.2898323e-05 3.844887e-06 0.00033263594 0.9199045 1.9053523e-07 0.00018467563 0.7677653 2.338217e-14 0.11982663 1.5436018e-07 1.19001356e-07 0.67368114 0.003987998 0.90369785 1.3581662e-07 2.683313e-05 0.92254287 1.6145074e-07 0.7706236 5.702709e-07 1.614736e-08 0.94512355 0.019714741 0.7508355 4.6183455e-08 2.4984775e-08 0.0036592067 0.00019772165 1.491547e-07 0.00043404143 9.570521e-08 4.063922e-05 0.27982605 5.229194e-07 0.036358144 6.893694e-07 1.9914557e-07 0.0522279 0.09959731 0.019718938 1.2072214e-05 0.00033084306 7.921128e-09 4.7752796e-06 0.7649616 2.2725656e-06 7.576024e-05 4.857288e-08 1.0103011e-07 7.7994855e-08 0.0022742697 0.0012239211 0.1573724 9.0634137e-07 4.894738e-09 0.02764652 0.00077490637 0.04586465 9.596433e-06 3.2455924e-07 0.0008604341 0.004306711 0.027252654 0.20680568 6.739817e-05 5.916737e-06 0.0015337807 0.14509594 2.9841084e-07 0.0010711278 1.7151106e-07 1.9169278e-05 5.51481e-08 5.7424636e-08 0.0013940228 5.4961583e-07 0.018204676 0.0061315573 0.0026002107 0.0021701306 0.010863959
0.9848058 0.014359016 0.3586406 0.003119499 0.007968122 0.0076111066 0.002575799 0.2494639 0.0055310703 0.0012136387 0.00029125356 0.32851788 0.26736075 0.84146446 0.004512955 0.22712396 0.9934324 0.00013518415 0.7536212 0.09445882 0.022268342 1.6113803e-05 0.38605896 0.08952265 0.0001452975 0.00029749435 0.0181309 0.11982663 2.4742818e-12 0.00012547188 1.3917806e-05 0.0052609798 0.01577547 0.0018373259 0.0001976996 0.009239235 0.64402467 2.5807212e-05 0.012551443 0.00015686183 4.4414332e-06 0.0575501 0.00063822506 0.0005604219 1.3706904e-05 7.4810546e-06 0.34354976 0.02844921 1.134329e-06 4.437595e-05 6.344152e-07 2.5348612e-05 6.4923835e-05 4.630327e-05 0.896435 9.038295e-05 5.6221563e-07 0.00021101182 0.7853581 0.0017608729 0.0003837828 0.037634235 5.3754286e-07 0.00027981572 0.09881269 7.3271876e-05 0.025863132 1.2591063e-07 4.703638e-07 5.9245626e-06 0.00014793903 0.07918489 0.0018790885 1.0849839e-05 3.4191544e-07 0.0021194099 0.000115125746 0.38046634 3.0820026e-06 3.675203e-07 0.013871038 6.567021e-05 1.2942953e-05 0.029420229 1.2265576e-05 0.0005295832 0.0013386654 0.11321508 4.0133655e-06 0.046702757 1.0918856e-07 3.1612287e-06 2.8796697e-07 4.4270756e-08 4.4400378e-05 8.0316846e-07 0.0064951763 0.0013940787 0.0012077651 4.383462e-05 0.010139079
0.96518415 0.0033004074 0.00011609598 0.06553269 0.0031266066 0.00026667604 0.062315572 0.00011303323 0.031665493 0.7140128 0.8775239 1.6047998e-05 7.795579e-05 1.6418462e-05 0.06574445 4.758089e-07 0.00013482533 0.12263449 4.5702186e-07 1.987625e-05 0.060684144 0.0024634777 0.007467693 2.478407e-07 0.46449977 0.0012975754 7.936375e-08 1.5436018e-07 0.00012547188 1.2441504e-14 0.5749044 2.9342883e-07 8.018992e-06 2.5737137e-09 0.97584647 0.93345606 1.50514625e-05 0.9234296 8.5927155e-08 0.86202693 0.53635144 2.4872757e-06 1.48145655e-05 1.44812216e-08 0.07008945 0.07705039 0.007568085 0.061616484 0.008446976 1.4589824e-07 0.024565093 6.297582e-08 5.17449e-09 0.25682074 0.0006612931 0.17097242 0.00030019242 5.127939e-07 8.853367e-05 1.6961299e-07 0.34658256 0.012808295 0.030925555 0.15039812 8.344915e-06 0.10259664 0.22008249 0.056466747 0.009104629 0.014324462 1.4999718e-07 0.008573834 3.5759206e-07 0.022399915 0.008970214 1.1014596e-05 5.7058696e-07 0.00020072752 0.0028528576 0.003534171 0.042551838 1.7210328e-06 8.5334605e-08 6.0782884e-05 4.287024e-08 0.20101422 8.661251e-06 0.00028548238 0.00028485336 0.02719726 3.3424237e-06 1.6951978e-08 3.6065594e-05 2.8424436e-08 5.178349e-06 7.252698e-06 3.0366105e-05 1.0984389e-06 5.838276e-06 8.9593634e-08 9.369743e-06
