1.0411166e-13 0.8011941 0.3005977 0.79883784 0.08980522 0.858358 0.9395278 0.9067465 0.7928034 0.6823521 0.92053044 0.91138935 0.59551466 0.82599664 0.2673256 0.5639566 0.891446 0.7618767 0.031704254 0.46144915 0.9742295 0.722266 0.96258944 0.7806979 0.9742452 0.009788479 0.8365469 0.9357906 0.9512002 0.88704884 0.71593624 0.34022135 0.9634858 0.6807595 0.11315631 0.36026597 0.7682793 0.009942387 0.9494683 0.48622134 0.77268505 0.62297565 0.3710919 0.8678285 0.96754473 0.0038049875 0.9217255 0.9797499 0.9565206 0.4767978 0.8461197 0.84084195 0.97300607 0.7604323 0.94777894 0.033563178 0.9260613 0.6609349 0.91878814 0.7193117 0.9382372 0.4355968 0.0156436 0.98896307 0.20111218 0.49131832 0.016580448 0.0007749917 0.8736879 0.8131157 0.5156248 0.03258567 0.95289004 0.012110314 0.6918028 0.88874775 0.64003974 0.079257876 0.9656616 0.9088965 0.95924044 0.97553647 0.98274124 0.44042644 4.0179362e-05 0.7514486 0.0009020428 0.9468769 0.95119077 0.9988027 0.9986323 0.9996451 0.013166154 0.99987495 0.0001432972 0.6398642 0.602554 0.9947711 0.07962846 0.9993077 0.9996348
0.8011941 8.422962e-13 0.40153167 0.99265933 0.7863232 0.7043018 0.90407974 0.9767401 0.32261342 0.0074048215 0.9491123 0.0064159245 0.34267753 0.06573507 0.01364388 0.24552713 0.0175978 0.0023257183 0.0009019199 0.0001496572 0.6927362 1.115114e-05 0.0008725303 0.054866135 0.09018586 1.0905297e-05 0.5775863 0.16246906 0.010714083 3.6495596e-05 1.3596244e-05 0.00013607898 4.5976703e-06 0.26728126 7.923965e-06 4.4480097e-05 2.5401994e-07 3.545637e-05 0.0025204858 8.5260744e-08 1.4930059e-07 0.021439 3.5577814e-06 5.7586065e-05 0.0015731073 0.005261522 6.6548027e-06 0.09884078 0.0064155944 0.027701607 0.110283785 1.4734231e-06 6.5924156e-05 1.7497198e-08 2.5852736e-05 0.00017994849 0.09522299 9.563715e-08 6.041403e-06 3.1303043e-06 0.0066404156 0.012317511 1.7365587e-06 0.00034511942 6.3003226e-06 0.007191559 9.750386e-07 0.000520001 1.4526646e-06 0.029728388 6.8500185e-08 7.844311e-06 0.010990804 0.0002734415 1.6576041e-07 1.5252015e-08 2.8877966e-07 1.5664431e-06 0.0079918895 9.397578e-07 0.008816482 5.392185e-06 4.7127174e-05 9.3339037e-07 2.0989388e-08 0.0015965436 1.8050122e-06 6.481891e-05 3.3478012e-05 0.0004641581 0.00051024876 0.014099166 2.6365687e-08 0.06347419 3.8662267e-07 2.0579031e-07 2.026353e-08 1.6238403e-07 4.769822e-08 0.00033871268 0.00015987588
0.3005977 0.40153167 6.8625776e-14 0.0033371213 0.99946374 0.9220559 0.38454658 0.0069472627 0.00010138313 0.98833036 0.021193422 0.014456469 0.023617674 7.895508e-05 0.19021356 0.15576753 9.097212e-05 2.0838715e-05 0.0027632758 7.2637595e-06 0.14568943 0.0008891422 1.1661345e-05 0.14721023 6.555708e-05 0.00040291256 0.033067975 0.0019410147 0.07821673 0.0049996376 2.8176082e-06 0.00031998864 3.550535e-06 0.0057092803 0.00013714888 1.8057692e-05 9.541578e-06 0.00027953833 4.22443e-06 1.0765764e-07 7.743943e-08 0.04559984 7.7970835e-06 0.00021245741 0.006524806 0.00042922056 1.2420115e-07 0.0008212837 0.012485674 3.9358245e-05 0.014595671 1.7579254e-06 0.00017842198 6.6185453e-07 2.4383962e-05 9.50108e-06 0.00919728 2.2825521e-08 1.7485398e-05 1.1309027e-06 0.0001552345 0.0005605007 3.4426223e-06 0.000117566124 5.6592046e-07 0.00019584481 4.3906115e-07 1.8765284e-05 1.0799607e-05 0.00072871184 5.0189172e-08 5.9756667e-06 0.0005510805 1.7919352e-05 9.28209e-07 2.3016473e-07 1.8992131e-07 1.6437784e-08 0.0005420217 1.3007501e-06 0.000101659454 4.5062243e-06 5.1864416e-05 9.974368e-07 1.3882377e-08 0.00042629283 1.1007218e-06 3.2365053e-05 1.8919261e-05 1.3386218e-05 0.0011304284 0.00045946724 1.9199902e-09 0.0062063015 4.1470247e-07 3.580913e-07 7.17066e-07 1.8417622e-07 7.184195e-08 0.0005391987 8.283549e-05
0.79883784 0.99265933 0.0033371213 2.381346e-12 0.024293043 0.021331258 0.21777485 0.82401335 0.9889418 3.9558552e-05 0.9737636 0.00014328504 0.09675089 0.610039 0.00034975196 0.013119654 0.20292638 0.047582407 0.00014640707 0.0060053435 0.39855307 3.2237335e-07 0.035428166 0.00529689 0.30807334 1.1006195e-05 0.376246 0.31959012 0.0003592699 1.5405996e-06 0.00022450593 7.677644e-06 0.00011131967 0.21943492 6.6269617e-06 0.00038183664 2.123151e-07 8.611437e-06 0.015462747 1.6202878e-06 3.2600094e-06 0.0041003474 1.9994914e-06 1.34469565e-05 0.0001585295 0.012706034 0.00043252698 0.3201565 0.0008533202 0.067037545 0.0684486 7.909059e-05 1.298946e-05 8.004538e-09 0.00034914675 0.0009786985 0.034901664 2.2282572e-06 5.409359e-07 0.0001192814 0.0326359 0.014594795 7.98883e-05 0.0046266722 8.769243e-05 0.0069378503 8.456426e-06 0.0027642483 2.3421967e-06 0.08467901 3.0892063e-06 6.8301097e-06 0.040521715 0.0017524278 8.308402e-06 2.515941e-07 2.569247e-06 3.13649e-06 0.0081059225 0.00011919496 0.029130634 0.00012823219 1.6589136e-05 5.4701963e-05 4.989986e-08 0.0031962085 1.2198168e-06 4.3512824e-05 1.447873e-05 0.00085371005 0.0003428598 0.027222646 4.5168923e-07 0.029705908 7.809567e-07 8.379238e-08 1.296407e-06 1.0108471e-06 7.415821e-07 0.00012020742 0.00052608614
0.08980522 0.7863232 0.99946374 0.024293043 2.6679908e-14 0.15242732 0.05268252 0.60444504 0.00077069335 0.90283996 0.0077577853 0.0010488402 0.5430582 0.0002468362 0.0033443952 0.99051213 0.0001447701 0.00018176934 0.00096256356 2.8019636e-05 0.013060456 0.0001579244 1.8877377e-05 0.011579952 0.0012810599 6.1224506e-05 0.08017765 0.00064294116 0.0076202 0.00021513099 1.0700736e-05 0.000113959104 8.892864e-06 0.003878593 1.2032273e-05 2.9336139e-05 7.3466947e-07 2.8110691e-05 8.190252e-05 5.770544e-06 1.0809638e-06 0.0012544561 1.4219072e-06 5.109536e-05 0.0003607595 0.00048528676 3.7217733e-06 0.00010302085 0.0008505241 0.0002448289 0.001744098 5.7565117e-06 3.6156995e-05 3.596444e-07 6.496796e-06 4.5847908e-05 0.0009224176 1.1496833e-07 1.6048111e-06 8.9038997e-07 1.2248404e-05 5.760227e-05 1.3245894e-05 4.2111988e-05 1.7765511e-07 2.6437438e-05 7.723171e-07 0.0002525004 1.9506593e-05 0.00011147308 4.048159e-07 1.918732e-06 5.948117e-05 1.2760239e-05 4.2283056e-05 7.382278e-08 2.245876e-07 8.843135e-08 0.00014145402 4.4162155e-07 1.5874622e-05 3.334441e-07 2.772713e-05 9.745403e-07 1.5950671e-10 0.00017246067 5.2467644e-08 9.183426e-06 0.0001070611 3.4940775e-05 7.596136e-05 8.605441e-05 7.1776546e-10 0.00053341134 2.8983803e-07 9.826765e-07 9.0535826e-07 4.9354835e-06 6.613819e-09 7.370992e-05 2.4347992e-05
0.858358 0.7043018 0.9220559 0.021331258 0.15242732 8.218876e-12 0.99183166 0.11130901 0.0007288355 0.97923726 0.018113066 0.54899174 0.037649326 0.00017833489 0.860696 0.3442303 0.00017765047 8.008816e-05 0.35604703 1.8277067e-05 0.50531054 0.059893265 7.859969e-06 0.5978064 0.0010848951 0.0012734334 0.2740916 0.0077127637 0.4083981 0.0064069307 3.475394e-05 0.0020746887 1.8930984e-06 0.032210693 0.00011963969 1.7190656e-05 6.6292696e-06 0.0004883351 2.5490499e-05 9.626286e-08 2.2209684e-07 0.12589355 2.9757734e-05 0.000540452 0.034147404 0.0003792284 4.155402e-07 0.00885689 0.1259562 0.00010986925 0.1017272 2.0619766e-06 0.0011470173 6.340861e-07 1.3330279e-05 2.5134825e-05 0.1647512 1.3312366e-07 1.7749848e-05 5.2591836e-06 0.0010098023 0.0041890186 1.0200616e-06 0.0002548497 7.5418507e-06 0.0015672097 1.0215924e-05 3.61228e-05 1.2665891e-05 0.0037987311 1.1343202e-08 2.7859696e-06 0.0024550944 1.6909506e-05 1.1399067e-07 1.1508017e-08 1.124633e-07 1.2582181e-07 0.004636911 6.024637e-06 0.0034271153 1.7331142e-06 0.00011073899 1.3511365e-06 2.7763022e-08 0.000829033 1.6226082e-07 6.7362635e-05 4.768815e-05 0.00023086219 0.003412275 0.0033971018 8.954596e-08 0.16104227 2.749939e-07 6.229098e-07 6.157507e-07 7.5739786e-07 1.1504731e-07 0.0017207796 8.558315e-05
0.9395278 0.90407974 0.38454658 0.21777485 0.05268252 0.99183166 1.9868562e-12 0.41493055 0.007293946 0.026305942 0.33644804 0.06291836 0.083531074 0.0050189374 0.15155889 0.21928598 0.004056701 0.0002337152 0.003049438 4.1707157e-05 0.9829006 0.0002742639 4.8769252e-05 0.4322003 0.011857571 1.0547373e-05 0.4218363 0.18630807 0.05117224 0.00010408642 1.0695869e-05 0.00017221183 3.3391805e-06 0.12093917 2.2979253e-05 3.609663e-05 7.7329213e-07 7.3939677e-06 0.00012115009 2.669657e-07 1.3678554e-07 0.11385544 1.0342306e-06 0.00011515308 0.0073681697 0.0009040719 8.429155e-06 0.1526328 0.06616565 0.001140065 0.37733772 2.1679036e-06 0.00018250408 9.283378e-08 2.5286898e-05 1.5725973e-05 0.36116236 1.633746e-07 1.7361879e-06 8.98721e-06 0.012237937 0.028968219 1.29707305e-05 0.0008351966 7.746344e-06 0.011955878 9.867e-06 6.5728294e-05 2.9441844e-06 0.078734145 8.4389676e-08 1.1693847e-06 0.024755895 3.0266736e-05 1.6159015e-07 3.8381973e-08 1.1584192e-06 1.7376016e-07 0.018773597 1.3797082e-05 0.02966084 4.15694e-05 2.8938424e-05 2.9303465e-06 2.9893965e-08 0.003253844 2.2491875e-07 3.45745e-05 2.8876755e-05 0.0011597348 0.0018412655 0.027014298 2.150925e-07 0.35653827 2.3728552e-07 3.3571798e-08 1.4180748e-06 8.685522e-07 1.2999311e-07 0.00074483076 0.0003215025
0.9067465 0.9767401 0.0069472627 0.82401335 0.60444504 0.11130901 0.41493055 9.574437e-14 0.81537545 0.00017183991 0.7575851 0.00019505767 0.996645 0.39148954 0.00023122154 0.32805738 0.11133833 0.08784515 6.724787e-05 0.038402524 0.23491573 6.8561843e-07 0.13216391 0.0060287844 0.7747032 1.064741e-06 0.42554644 0.07815941 0.0024299617 5.6179792e-06 0.0010732168 1.1698974e-05 0.0018731267 0.46277374 6.79935e-06 0.0023874068 4.4719386e-07 5.6988813e-07 0.07835085 3.8843693e-05 3.972933e-05 0.0014617379 1.09267944e-07 9.2790805e-07 0.00016675035 0.11215955 0.0035393415 0.104443125 0.00054310984 0.19756623 0.016546052 0.00022123194 1.349147e-06 7.807356e-09 0.0002194402 0.015455627 0.01139207 4.4322637e-06 9.922693e-08 3.9937044e-05 0.01140748 0.0016876728 0.0006035233 0.004358398 0.00022092414 0.0026593597 0.00012363079 0.012438224 7.169032e-07 0.02087154 0.00020636313 1.6056507e-07 0.015098698 0.015358907 4.852668e-06 2.0235555e-07 2.1890341e-06 1.2190283e-06 0.0012646664 0.0001568189 0.010603665 7.8909536e-05 4.13916e-06 0.0001732179 1.0656073e-08 0.0006545441 5.329013e-08 7.421626e-06 2.5579142e-05 9.132008e-05 6.803544e-05 0.0067128465 2.5420766e-06 0.013456668 7.12671e-08 2.50798e-07 1.2126089e-05 4.0183863e-06 4.5793395e-06 3.7830676e-05 0.0009186883
0.7928034 0.32261342 0.00010138313 0.9889418 0.00077069335 0.0007288355 0.007293946 0.81537545 3.1974835e-13 1.8720302e-06 0.85609543 1.5859541e-06 0.09714691 0.9631312 9.250255e-06 0.00052053685 0.44075674 0.966052 6.770846e-06 0.20997989 0.041662782 3.0282017e-08 0.20913684 0.0003123011 0.8618578 2.008423e-07 0.14386483 0.22098713 4.0459367e-05 9.505884e-08 0.0011404962 4.4667263e-07 0.00048935553 0.23631877 2.0205128e-07 0.0005301562 8.074327e-08 1.844163e-07 0.11745919 1.3883577e-05 1.2610316e-05 0.00049260067 3.1955574e-07 1.0322294e-06 3.6709367e-05 0.018065298 0.0051992065 0.3030529 9.949932e-05 0.18969662 0.0073836064 0.000198427 2.0469274e-06 1.3161475e-09 0.00035957893 0.013238766 0.0021814818 4.323282e-06 4.4893536e-08 0.00014366077 0.04172084 0.0022502712 0.00029624326 0.0059164157 0.00022774732 0.0013403847 1.1370457e-05 0.0027851197 3.7623397e-07 0.020676855 8.449231e-05 6.501828e-06 0.027604287 0.0057135504 5.35965e-06 1.0911898e-06 8.265876e-06 5.111607e-07 0.0008350715 0.00025145055 0.01278328 0.00014365747 2.1099613e-06 9.7974385e-05 5.2032284e-10 0.0006071235 3.8968935e-08 4.710073e-06 1.8566897e-06 0.00029324155 5.848667e-05 0.022185052 2.711737e-07 0.002133152 1.0670147e-08 1.6662506e-08 2.8934502e-07 6.7119595e-07 1.1511886e-07 1.0521252e-05 0.00040792738
0.6823521 0.0074048215 0.98833036 3.9558552e-05 0.90283996 0.97923726 0.026305942 0.00017183991 1.8720302e-06 2.7916313e-16 0.00031065664 0.3604689 0.0051706876 5.4335637e-06 0.86332667 0.5895105 4.5978586e-06 2.6597945e-07 0.94490725 1.02748224e-07 0.011504951 0.12971379 1.2980971e-06 0.28107446 2.9809555e-06 0.118402034 0.093192086 8.176462e-05 0.49367768 0.23247804 9.305945e-08 0.061630394 1.7374938e-07 0.00092927326 0.0044464516 2.6501678e-07 0.00018525918 0.092475034 2.6336737e-08 8.521713e-09 3.2669978e-09 0.024700629 0.0009391187 0.012680637 0.10021808 8.7336484e-05 2.047347e-08 1.124589e-05 0.020454563 3.179219e-05 0.00074059935 8.043064e-08 0.0029015413 0.000101093014 8.8075495e-08 3.0165977e-06 0.0018907189 1.6815844e-09 0.0001033107 7.1185013e-09 4.8997144e-06 0.000102490885 5.499716e-08 2.2743454e-06 2.8500928e-08 2.651332e-06 1.8442877e-07 2.5583668e-06 0.00041534076 2.1734835e-05 8.693154e-09 0.00038618434 1.031069e-05 4.9849823e-06 7.043171e-08 1.0688725e-08 7.156251e-09 4.6360036e-09 0.00017183795 8.219285e-08 2.0464855e-05 2.0484339e-07 0.0008258312 5.394617e-08 1.5318889e-07 1.11972395e-05 4.0261443e-07 0.00037250563 0.0007303848 9.2843646e-07 0.0034174484 4.4155127e-05 2.4615418e-10 0.0028905298 3.5613832e-06 2.3241205e-06 1.6444906e-08 2.8297155e-08 1.9678659e-09 0.004152366 8.568487e-06
0.92053044 0.9491123 0.021193422 0.9737636 0.0077577853 0.018113066 0.33644804 0.7575851 0.85609543 0.00031065664 1.3934005e-11 0.0018962797 0.07661117 0.52267003 0.0002910381 0.00659395 0.7639057 0.14198756 0.0004959178 0.009641885 0.74872273 2.326662e-06 0.023796009 0.009047071 0.42181587 1.1961425e-06 0.34352478 0.9838347 0.0006464781 7.785471e-06 0.0011092144 1.48154695e-05 0.00018265087 0.23817842 1.3591369e-05 0.000497463 1.4015284e-06 2.3870878e-06 0.019474067 4.2654858e-05 2.309519e-05 0.020049265 3.2378728e-07 9.560889e-06 0.00031611565 0.0040580626 0.0025281582 0.6423445 0.004093717 0.06191783 0.21055526 3.1874617e-05 1.945515e-05 1.2785064e-07 0.00022231716 0.00081209175 0.079745084 4.0563577e-06 3.169518e-06 5.6211382e-05 0.10243069 0.07404464 2.7904676e-05 0.0049769096 2.7140215e-05 0.024282007 1.9236284e-05 0.00037305985 1.9206232e-06 0.28706717 0.0001037017 9.189988e-08 0.1394622 0.0011506279 1.3706937e-06 5.35023e-07 1.2879742e-06 1.5713538e-06 0.019210812 2.9803405e-05 0.14449193 0.00018143664 1.1521783e-05 2.0897962e-05 2.3973971e-08 0.011373013 3.6947576e-08 7.123317e-05 7.268839e-06 0.0070819445 0.000711498 0.12953092 6.013664e-07 0.10892992 3.0297576e-07 8.540679e-07 4.4447447e-07 7.733895e-07 2.0174436e-07 0.00020572233 0.00092657603
0.91138935 0.0064159245 0.014456469 0.00014328504 0.0010488402 0.54899174 0.06291836 0.00019505767 1.5859541e-06 0.3604689 0.0018962797 3.0245765e-12 8.2074155e-05 8.092019e-06 0.999771 0.003608753 4.0179708e-05 5.9588075e-07 0.040309127 2.7059866e-07 0.33412987 0.16026048 1.2482946e-07 0.97484785 6.5191953e-06 0.0005686607 0.0016987575 0.003771569 0.89085644 0.30632627 6.989281e-08 0.018536257 2.023768e-07 0.00037649763 0.00040981092 2.1670126e-06 0.00015497505 0.00026923118 1.8865077e-06 5.898685e-10 2.764649e-09 0.28646618 5.5548346e-05 0.051013883 0.5594334 8.269684e-06 5.6152817e-07 0.007704677 0.27245682 3.4998906e-05 0.042899176 6.0261453e-07 0.05283652 4.4308736e-06 1.0764907e-06 1.2841318e-06 0.045813166 5.4806364e-08 0.00018789129 2.5777007e-07 0.00056735065 0.0025212325 2.461269e-07 0.00063459045 1.523152e-06 0.0010684396 1.1321437e-06 6.230669e-06 4.511356e-05 0.0017510956 1.6775671e-09 0.00011399106 0.0013058763 3.9950603e-05 5.577944e-08 7.730086e-08 7.431144e-08 7.8165534e-08 0.0051946077 4.2766624e-07 0.001582951 2.5723043e-06 0.00096340437 6.351613e-08 4.2558128e-08 0.0011889639 2.101114e-08 0.00058923947 4.2497762e-05 0.00030090095 0.017930413 0.0019016819 2.5354123e-09 0.11393007 7.728597e-08 2.7239954e-08 1.265238e-07 2.6618842e-08 3.3219665e-09 0.057953823 0.00012710014
0.59551466 0.34267753 0.023617674 0.09675089 0.5430582 0.037649326 0.083531074 0.996645 0.09714691 0.0051706876 0.07661117 8.2074155e-05 4.4780282e-13 0.013124201 2.9755694e-05 0.99013954 0.0020616385 0.0028718526 0.00014507846 0.0021088964 0.020521857 1.3689965e-06 0.0017678221 0.0012053453 0.48003682 3.4411423e-06 0.9653769 0.002268525 0.0010877856 1.349409e-05 0.00032513408 1.6574043e-06 0.0001339418 0.52225614 8.091834e-06 0.00038959496 2.9504764e-07 7.299147e-06 0.059993275 1.9432907e-06 3.097301e-06 0.0002742686 3.5880798e-06 9.20802e-07 8.70594e-05 0.4134772 0.0007856038 0.0028653494 6.155042e-05 0.19352587 0.0013442514 1.2394061e-05 4.683395e-06 3.4862185e-07 2.7414344e-05 0.08758583 0.0007751709 4.4660868e-07 4.3570174e-07 6.264721e-06 0.00017942429 0.00019829835 0.0066238823 0.0012400098 3.3292745e-05 0.0001649295 2.6634143e-05 0.04757818 1.2432471e-06 0.0008539218 0.0004947666 2.0400169e-06 0.00026383775 0.2906546 8.702067e-06 2.3773809e-07 1.8727096e-05 3.706864e-06 0.0003330975 4.275107e-06 0.00069135474 2.1525677e-06 1.3528817e-05 4.0721798e-06 2.1092287e-08 0.0003575348 6.8904666e-07 4.202815e-06 1.02811455e-05 3.7685095e-05 4.9760787e-05 0.00015702409 3.2613215e-08 0.0035778976 1.2668583e-07 1.823382e-07 3.555794e-06 8.036695e-07 5.2497006e-07 0.00016191047 5.243506e-05
0.82599664 0.06573507 7.895508e-05 0.610039 0.0002468362 0.00017833489 0.0050189374 0.39148954 0.9631312 5.4335637e-06 0.52267003 8.092019e-06 0.013124201 4.144909e-11 6.897242e-06 3.343277e-05 0.9920906 0.9398607 8.145921e-05 0.74729395 0.007768839 1.0056639e-07 0.9304427 0.0001698674 0.83706397 1.8429445e-07 0.0060460865 0.19504201 5.2392075e-05 3.714849e-07 0.07127658 1.4936561e-06 0.01850746 0.02247997 4.811134e-07 0.0046356907 1.4352963e-07 2.7197396e-07 0.3188212 0.00042296003 0.00027695668 0.00039261076 9.531774e-08 7.693823e-07 5.9099407e-06 0.0033752394 0.027987447 0.47889167 5.9093134e-05 0.14734794 0.0048813764 0.00035088553 1.0922049e-06 4.710133e-09 0.00034178895 0.009160152 0.0006551915 8.6844455e-05 2.8794636e-07 0.0002640437 0.12925866 0.0038689086 0.00063044875 0.015837235 0.00092128175 0.0014970001 5.1101648e-05 0.00040201438 1.7358839e-07 0.02470824 0.0022235543 7.372653e-08 0.075860776 0.0024078083 5.7699613e-06 2.4001645e-05 3.5635064e-06 1.4792167e-06 0.0009838275 0.00010127993 0.024562376 0.00017951723 1.8576268e-06 0.00014743663 1.06040936e-07 0.001205455 4.7100816e-08 3.683284e-07 1.3291962e-06 0.0013035972 7.154322e-05 0.06364323 7.736665e-06 0.0022340855 1.180656e-07 8.517919e-07 2.2368015e-06 4.8462393e-06 2.1425149e-07 8.034799e-06 0.0012499933
0.2673256 0.01364388 0.19021356 0.00034975196 0.0033443952 0.860696 0.15155889 0.00023122154 9.250255e-06 0.86332667 0.0002910381 0.999771 2.9755694e-05 6.897242e-06 9.785058e-16 0.008119446 3.8056967e-06 8.113927e-06 0.839356 7.022393e-08 0.076672055 0.9517484 1.5060277e-07 0.33237785 3.4468997e-06 0.031289525 0.00088918896 0.000549867 0.46473658 0.9253587 1.06170056e-07 0.5925349 4.6109438e-08 3.9375667e-05 0.061934143 1.1038397e-06 0.022299528 0.036672346 1.0687488e-07 2.0739671e-08 1.4048154e-09 0.017577538 0.0067614866 0.1797151 0.24598302 4.926922e-07 3.728384e-08 4.624065e-05 0.010068142 2.3595956e-07 0.0042902315 3.76847e-07 0.02058271 0.0011401917 1.5139486e-06 7.883567e-07 0.0006593872 2.7526152e-09 0.0039004667 1.0537512e-08 2.077271e-06 0.00013976538 6.642267e-08 1.4375977e-05 1.0313049e-07 6.580942e-06 1.8901441e-07 6.072227e-07 0.0005827599 8.107608e-06 4.9397323e-11 0.00020604338 3.5249024e-05 5.132012e-08 1.7846995e-08 7.8999356e-11 5.7456456e-10 4.3257087e-09 0.00014327165 2.3112781e-08 3.5206893e-05 1.0208634e-08 0.0008640852 5.0315403e-08 6.381239e-09 3.1067902e-05 1.4034684e-07 0.0014676123 3.4935612e-05 2.4937976e-06 0.0046325307 9.8752884e-05 1.7469003e-10 0.0024411862 2.6938307e-07 9.931966e-07 9.804597e-09 1.2828159e-08 1.0894573e-08 0.002408224 6.8915375e-07
0.5639566 0.24552713 0.15576753 0.013119654 0.99051213 0.3442303 0.21928598 0.32805738 0.00052053685 0.5895105 0.00659395 0.003608753 0.99013954 3.343277e-05 0.008119446 1.9509341e-15 1.5356363e-05 5.679601e-06 0.0010317379 1.8450717e-06 0.036574468 0.00019607598 3.264709e-05 0.009677554 0.0017179642 0.0002674845 0.98047346 3.5551548e-05 0.014499817 0.00062387827 1.1857525e-06 3.3971308e-05 8.696078e-06 0.024125982 8.184775e-06 2.5248137e-06 1.1971335e-05 3.2695945e-05 0.00049298385 2.1954305e-07 2.0942252e-07 0.000585065 1.4614618e-06 1.3698842e-05 0.00035900206 0.0011717157 2.1286262e-06 3.3291076e-06 0.00018416086 0.0024301794 0.0004086943 2.182215e-07 3.8468665e-05 5.253226e-07 5.657254e-08 0.00052735256 0.00041347553 1.0819362e-08 1.927188e-06 8.881251e-08 4.1465543e-07 2.4979965e-06 3.3168893e-05 5.0827714e-07 1.4062725e-07 8.441716e-07 2.590355e-07 0.00037539587 3.0434048e-06 5.322446e-06 2.2465883e-06 1.1238562e-06 2.770453e-07 0.0001434918 1.5920932e-06 8.73491e-08 1.14444134e-07 1.6927679e-08 1.0282547e-05 9.735263e-08 9.019615e-06 3.088087e-08 4.0436837e-05 6.259223e-07 1.4317901e-10 5.216097e-06 1.2277307e-08 5.0153267e-05 2.3151666e-05 2.4729256e-06 6.8839516e-05 2.5385636e-06 1.236474e-10 0.00069920614 3.9377238e-07 7.837692e-08 2.4600471e-08 4.3675776e-08 3.0145828e-09 0.00019515272 4.136238e-07
0.891446 0.0175978 9.097212e-05 0.20292638 0.0001447701 0.00017765047 0.004056701 0.11133833 0.44075674 4.5978586e-06 0.7639057 4.0179708e-05 0.0020616385 0.9920906 3.8056967e-06 1.5356363e-05 1.3799205e-10 0.19581494 3.8659502e-05 0.05511025 0.059550345 6.73721e-08 0.5828129 0.00076302607 0.2953052 1.6126931e-07 0.0025145486 0.95384103 3.7714144e-05 5.147189e-07 0.008526536 5.9687267e-07 0.0068160747 0.006975671 8.2787386e-07 0.00086932466 1.7016887e-07 6.477703e-08 0.047619972 6.3518106e-05 0.00017014335 0.00532594 1.7426455e-08 1.8203857e-06 5.2549545e-05 0.0009248051 0.0054573207 0.9324275 0.00045003 0.028228745 0.05896681 0.00048561723 4.344713e-06 1.7104105e-08 0.0008149302 0.00087620516 0.008894629 9.531815e-05 4.6698347e-07 0.0005867556 0.71521705 0.054019663 0.00012819661 0.110597074 0.00024302397 0.010556298 1.5567177e-05 7.644413e-05 8.1140854e-07 0.2113519 0.00076014653 9.5193094e-08 0.37731412 0.0003790941 1.2761165e-05 1.37639645e-05 2.409895e-06 7.4817353e-07 0.008618323 0.0012088362 0.19578011 0.00081956637 5.446957e-07 9.731936e-05 3.0320972e-08 0.010042073 1.6437943e-08 3.6204901e-06 2.0325192e-06 0.006001456 0.00029101977 0.31648478 1.9214183e-06 0.010915818 2.8452848e-07 2.0382414e-08 4.1285753e-06 5.367491e-06 2.5843452e-08 5.8053884e-05 0.0077092415
0.7618767 0.0023257183 2.0838715e-05 0.047582407 0.00018176934 8.008816e-05 0.0002337152 0.08784515 0.966052 2.6597945e-07 0.14198756 5.9588075e-07 0.0028718526 0.9398607 8.113927e-06 5.679601e-06 0.19581494 1.1644113e-12 2.8120355e-06 0.9981642 0.0015095797 2.3314593e-08 0.92280513 8.32762e-05 0.7224501 7.553493e-07 0.0012137168 0.01942866 5.1477077e-06 4.1482608e-08 0.21557426 5.025594e-08 0.03240459 0.0040111695 1.6761744e-07 0.004671501 3.421266e-08 1.0063503e-06 0.3086466 6.006231e-05 0.000117985415 0.00019158467 4.1351615e-07 9.897935e-07 9.995102e-06 0.0024928018 0.056836568 0.2474771 4.6128593e-05 0.13122219 0.0011640362 0.00014285593 3.5018e-07 2.477081e-09 0.00022600536 0.018516721 0.00020610743 1.1499389e-05 2.5515293e-08 0.00021182823 0.080369264 0.00058676366 0.0023594934 0.008224132 0.0014029688 0.00030635297 3.266263e-05 0.00072720635 2.2180728e-07 0.0076971715 0.0033602873 1.7758295e-05 0.052830264 0.0067997985 3.1154016e-06 8.5647645e-07 1.1595881e-05 1.141415e-06 0.00016712958 5.1092535e-05 0.006420047 9.7454395e-05 9.315051e-07 1.6618209e-05 5.2521187e-09 0.00039188203 6.931597e-08 7.28462e-06 1.0722786e-06 8.6504486e-05 3.248432e-05 0.028464379 2.3901572e-07 0.00048074668 6.9758826e-08 6.791744e-09 9.8912125e-08 9.877393e-08 3.114534e-08 1.5005628e-05 0.00036197982
0.031704254 0.0009019199 0.0027632758 0.00014640707 0.00096256356 0.35604703 0.003049438 6.724787e-05 6.770846e-06 0.94490725 0.0004959178 0.040309127 0.00014507846 8.145921e-05 0.839356 0.0010317379 3.8659502e-05 2.8120355e-06 7.407288e-15 7.956204e-07 0.0013310857 0.996322 8.1302705e-06 0.011621351 4.3684195e-06 0.991719 0.0008384962 7.697347e-05 0.016886963 0.056361005 4.5366015e-08 0.035439312 6.050605e-06 5.1042854e-05 0.00052798307 2.644519e-06 8.885425e-05 0.00470219 1.9630488e-07 1.4540699e-08 1.3493703e-07 0.0009566412 9.2771166e-05 0.000983973 0.0052097114 2.8323288e-06 3.3899056e-08 5.2851305e-05 0.00078952446 1.1120151e-05 0.00033839885 1.0304113e-05 0.00068590307 3.0496352e-05 5.0856684e-06 7.550497e-07 0.00016586599 2.949883e-07 1.8827897e-05 1.337798e-06 4.951218e-05 3.2808453e-05 2.3175876e-07 2.7912527e-05 1.0096673e-07 4.230133e-05 5.926058e-07 2.9938317e-07 4.6818077e-05 2.4892439e-05 4.896057e-08 8.109831e-05 3.6316582e-05 3.7199192e-07 5.335189e-07 6.8461094e-07 1.7075249e-07 1.781428e-08 0.00015204049 1.1193236e-07 1.1533117e-05 6.93239e-08 1.5430662e-05 2.485131e-07 3.304457e-08 9.524046e-05 5.643563e-09 1.2855267e-05 5.2078434e-05 1.350099e-05 0.000124082 4.199744e-05 2.185791e-09 0.00018941694 6.016948e-08 1.2650729e-07 6.9026476e-07 2.2556576e-07 4.613114e-09 0.00015806618 8.400698e-06
0.46144915 0.0001496572 7.2637595e-06 0.0060053435 2.8019636e-05 1.8277067e-05 4.1707157e-05 0.038402524 0.20997989 1.02748224e-07 0.009641885 2.7059866e-07 0.0021088964 0.74729395 7.022393e-08 1.8450717e-06 0.05511025 0.9981642 7.956204e-07 6.8866645e-14 0.00027943624 2.425568e-09 0.9143664 9.037472e-06 0.70139843 5.4037418e-08 0.00024763364 0.006705773 5.7795323e-06 1.1857816e-08 0.98593944 1.6769347e-08 0.31446838 0.0011114512 1.8465995e-08 0.35518768 2.1671942e-08 1.9819511e-08 0.55155545 0.017373566 0.004614468 3.9620732e-05 9.281465e-08 1.11228765e-07 3.8345226e-07 0.001010907 0.6020098 0.045171093 3.3485678e-05 0.11804713 0.00024725226 0.0051460736 1.1267317e-07 6.479105e-10 0.00475799 0.038592603 6.300404e-05 0.00071665033 1.6262082e-09 0.000752627 0.08278004 0.00020723876 0.004746374 0.020367369 0.039980587 0.00010187997 0.00050534017 0.00031539774 2.4213536e-08 0.0014075137 0.02293426 1.1600974e-06 0.021596149 0.009735971 0.00023647286 3.482388e-05 0.000352443 4.210408e-05 3.195841e-05 0.0007635819 0.0022195058 0.000678508 6.950992e-08 0.0004625889 2.5260646e-11 0.00013944929 5.0218567e-08 2.3680583e-07 4.735656e-06 8.783213e-05 2.0238174e-06 0.013564267 1.1767396e-05 0.0003323943 3.0722875e-09 4.8666454e-08 9.895576e-07 7.7800305e-06 4.8218084e-07 1.3443359e-06 0.0013056229
0.9742295 0.6927362 0.14568943 0.39855307 0.013060456 0.50531054 0.9829006 0.23491573 0.041662782 0.011504951 0.74872273 0.33412987 0.020521857 0.007768839 0.076672055 0.036574468 0.059550345 0.0015095797 0.0013310857 0.00027943624 7.9167724e-14 0.0010060574 0.0010904985 0.8956429 0.01008169 1.9063611e-05 0.08945636 0.8377148 0.055415865 0.0006355674 9.1128946e-05 0.0005696869 0.00010342416 0.039247096 1.599902e-05 3.528646e-05 6.5791105e-06 3.6515165e-05 0.00021281898 4.5904346e-07 1.6837405e-06 0.8273782 1.3172477e-05 0.0003497673 0.009823206 0.0013863326 6.355568e-05 0.530622 0.07175319 0.0022076578 0.91244745 6.856636e-05 0.00036002672 2.1775222e-06 0.00025295568 8.748628e-05 0.70529133 2.7015835e-06 1.6919717e-05 6.971118e-05 0.042776577 0.274352 4.0804545e-05 0.0024913484 9.8155164e-05 0.052292354 3.2493892e-05 0.00076279254 1.5540181e-05 0.21985678 8.545918e-07 4.753429e-06 0.08440923 0.0002020961 6.3686673e-07 5.502468e-07 3.13353e-06 3.0585096e-07 0.15772255 9.365513e-05 0.13423158 0.000107308166 2.6282807e-05 1.7857765e-05 1.1546625e-08 0.024033468 6.176009e-07 4.815416e-05 6.9030325e-06 0.010157438 0.007265101 0.04282863 5.2650996e-08 0.6715634 7.537421e-08 4.8783455e-08 1.1041882e-06 8.87505e-07 3.3578072e-08 0.0014058449 0.00067327014
0.722266 1.115114e-05 0.0008891422 3.2237335e-07 0.0001579244 0.059893265 0.0002742639 6.8561843e-07 3.0282017e-08 0.12971379 2.326662e-06 0.16026048 1.3689965e-06 1.0056639e-07 0.9517484 0.00019607598 6.73721e-08 2.3314593e-08 0.996322 2.425568e-09 0.0010060574 4.6199136e-16 1.452792e-08 0.13798396 3.0916425e-07 0.97397184 5.403208e-05 9.4287425e-06 0.4905628 0.8962913 2.1921582e-09 0.891905 8.186316e-09 1.3175103e-05 0.14508551 2.7331863e-08 0.0501102 0.02710519 2.1626616e-07 1.1745997e-10 1.0241256e-09 0.01890942 0.0009009682 0.32303414 0.56279206 5.0253498e-06 2.3223687e-09 6.811808e-05 0.026555179 1.2686937e-07 0.0014838609 2.2073898e-08 0.12597813 0.0035557703 1.0162892e-06 6.910538e-07 0.0012369915 3.3219205e-10 0.005119248 9.694271e-09 1.013047e-05 5.898016e-06 2.2178718e-07 2.1559465e-05 6.103908e-08 6.5627423e-06 6.695781e-08 3.4118057e-07 0.0003632169 7.170048e-06 7.654434e-09 0.0010737758 1.0185922e-05 3.4866676e-07 4.0831456e-08 2.2370763e-08 7.1014683e-09 1.2174999e-09 0.00022410504 1.1632831e-07 2.9466493e-05 2.6750118e-07 0.003255778 1.5852833e-09 8.367842e-06 4.3573746e-05 2.5359034e-07 0.0028895447 0.0003788245 5.0624076e-06 0.035903357 3.4710018e-05 4.3117768e-10 0.007395323 2.4188717e-05 1.155961e-05 1.0470497e-08 2.0535731e-08 7.6516576e-10 0.055041134 3.3829445e-05
0.96258944 0.0008725303 1.1661345e-05 0.035428166 1.8877377e-05 7.859969e-06 4.8769252e-05 0.13216391 0.20913684 1.2980971e-06 0.023796009 1.2482946e-07 0.0017678221 0.9304427 1.5060277e-07 3.264709e-05 0.5828129 0.92280513 8.1302705e-06 0.9143664 0.0010904985 1.452792e-08 2.463317e-14 1.3060274e-05 0.84638447 4.072927e-07 0.0016817596 0.28612605 1.0412147e-06 7.156292e-09 0.7593915 1.317744e-07 0.6621333 0.0039072614 3.361492e-08 0.14328447 2.6423268e-09 3.2729326e-07 0.7603169 0.071326084 0.03690646 0.0002756221 6.509298e-08 1.3561801e-08 5.6306186e-07 0.0010628672 0.7006951 0.7283204 7.802068e-06 0.25404906 0.0052135014 0.040560853 3.38162e-08 2.0359636e-09 0.039000534 0.030835172 0.0007319449 0.0021369464 2.1596676e-08 0.0047930605 0.9535741 0.017357368 0.0047762436 0.7422832 0.011348305 0.0036713916 0.0002192992 9.913599e-05 2.4930367e-08 0.057130195 0.122514606 1.484713e-08 0.5787004 0.0026508113 0.0001237471 0.00013051665 0.00016490104 0.00012429139 0.0027475501 0.013075099 0.07439598 0.02589314 3.3091748e-08 0.00037974375 2.718229e-08 0.005351026 3.323179e-08 1.3097912e-06 3.1661207e-07 0.0021716305 5.030238e-05 0.5183564 5.662552e-05 0.0049534612 6.0566347e-09 2.4237515e-08 2.5840252e-06 1.3637955e-05 8.8708356e-07 4.715687e-06 0.07259719
0.7806979 0.054866135 0.14721023 0.00529689 0.011579952 0.5978064 0.4322003 0.0060287844 0.0003123011 0.28107446 0.009047071 0.97484785 0.0012053453 0.0001698674 0.33237785 0.009677554 0.00076302607 8.32762e-05 0.011621351 9.037472e-06 0.8956429 0.13798396 1.3060274e-05 1.18617e-13 0.00022221288 0.00048233863 0.009859997 0.034886982 0.9956744 0.22813737 5.062852e-06 0.024684304 3.74363e-06 0.003746143 0.0004112989 2.201578e-05 0.00044867242 0.00034463592 1.094085e-05 6.748956e-07 2.3224686e-07 0.9352662 0.00019047518 0.011334877 0.22111715 2.4750832e-05 1.630374e-06 0.010828919 0.3166832 5.0628154e-05 0.2536955 6.938231e-06 0.0018271144 3.8484406e-05 4.494865e-05 1.639134e-06 0.12599845 5.4184466e-07 6.378033e-05 3.8447333e-06 0.0010872323 0.017032284 3.6409065e-07 0.0003283373 1.8459985e-05 0.0018454053 3.2096514e-06 3.06257e-05 0.00012435483 0.0037454197 1.193706e-08 5.616492e-05 0.0031997557 1.0533389e-05 4.96528e-07 5.8301467e-08 1.7662916e-07 6.833233e-07 0.010131369 1.2171029e-05 0.0037391488 2.0539565e-05 8.074909e-05 2.7498959e-06 3.400143e-08 0.0014304672 1.7652071e-07 0.00014958628 1.627459e-05 0.0016331892 0.018000077 0.0032642533 1.492208e-08 0.20895611 5.5885298e-08 1.08263244e-07 6.2834283e-07 7.88174e-07 1.6215253e-07 0.005960397 0.00010732844
0.9742452 0.09018586 6.555708e-05 0.30807334 0.0012810599 0.0010848951 0.011857571 0.7747032 0.8618578 2.9809555e-06 0.42181587 6.5191953e-06 0.48003682 0.83706397 3.4468997e-06 0.0017179642 0.2953052 0.7224501 4.3684195e-06 0.70139843 0.01008169 3.0916425e-07 0.84638447 0.00022221288 3.836836e-12 4.4699817e-07 0.10599148 0.065028794 1.28078855e-05 1.9060593e-07 0.15113606 2.760522e-06 0.092866816 0.6966812 2.372241e-06 0.03823537 7.6651766e-08 3.9929117e-07 0.9560981 0.0013826707 0.0040887496 0.00025961062 1.890121e-07 8.085243e-07 1.3723437e-05 0.25414157 0.5633939 0.2986577 0.000112293485 0.92518497 0.0021074587 0.0026968694 2.742865e-07 7.484197e-09 0.0011850704 0.48238993 0.0005477954 0.00032659565 1.3770752e-07 0.00048501563 0.027802963 0.0011276993 0.04267937 0.017449858 0.01202795 0.0024334833 0.0048494064 0.05367058 1.8572672e-06 0.025794802 0.011630753 2.4390147e-07 0.03762004 0.3189198 7.733187e-05 1.9411338e-05 3.4860594e-05 0.00021878906 0.00048460547 0.00029099616 0.032795873 0.00051267026 2.6778782e-05 0.00015286426 5.8659744e-08 0.0009150974 3.924471e-07 8.957834e-06 7.4426316e-05 0.00049741264 0.00014298937 0.02717256 0.00023389424 0.0018144178 2.9248838e-07 5.610994e-07 2.8546101e-05 5.5663364e-05 4.076491e-05 3.5317902e-05 0.0012660035
0.009788479 1.0905297e-05 0.00040291256 1.1006195e-05 6.1224506e-05 0.0012734334 1.0547373e-05 1.064741e-06 2.008423e-07 0.118402034 1.1961425e-06 0.0005686607 3.4411423e-06 1.8429445e-07 0.031289525 0.0002674845 1.6126931e-07 7.553493e-07 0.991719 5.4037418e-08 1.9063611e-05 0.97397184 4.072927e-07 0.00048233863 4.4699817e-07 2.5229886e-14 0.00012006225 4.938094e-07 0.003205502 0.046490006 1.6595433e-07 0.12112344 9.87583e-08 1.1785062e-05 0.0059453775 8.6960154e-07 0.0006196422 0.9941316 3.6704185e-07 4.5559364e-07 6.489649e-08 9.52411e-05 0.009335672 0.0022108823 0.003195558 3.8290796e-06 2.741326e-08 2.9233865e-07 0.00018111577 1.3687198e-06 9.076739e-06 1.9611758e-07 0.000515448 0.0010212851 2.0791053e-07 5.58283e-06 9.79908e-06 2.2799938e-08 0.00050754065 3.2988776e-08 2.2918039e-07 2.635459e-07 2.0170078e-06 2.0446184e-07 1.6430829e-06 1.6172089e-07 4.2509353e-07 7.493357e-08 4.109188e-05 5.853097e-07 4.5871744e-07 0.0009951048 4.408969e-07 3.3885334e-07 1.598771e-06 8.7203983e-07 2.131418e-07 2.4446818e-08 3.2682226e-07 3.3386936e-08 8.675618e-08 1.1230546e-08 1.90201e-05 4.775812e-08 1.13636496e-07 2.5303567e-07 4.814208e-07 1.5648211e-05 4.4820703e-05 3.7222043e-07 0.00034969245 6.544305e-06 8.38385e-10 3.5457757e-05 1.1000974e-06 1.6960564e-06 3.6988332e-08 5.1576926e-08 3.232621e-09 0.0001705015 2.6163363e-07
0.8365469 0.5775863 0.033067975 0.376246 0.08017765 0.2740916 0.4218363 0.42554644 0.14386483 0.093192086 0.34352478 0.0016987575 0.9653769 0.0060460865 0.00088918896 0.98047346 0.0025145486 0.0012137168 0.0008384962 0.00024763364 0.08945636 5.403208e-05 0.0016817596 0.009859997 0.10599148 0.00012006225 1.6553496e-09 0.0025450762 0.008583148 0.00295727 0.000104918785 0.00032224812 0.00072209485 0.9957366 0.00014871066 0.00023934523 0.00025319078 2.6999263e-05 0.024752649 3.8088754e-05 2.5294736e-05 0.0004549984 1.08575505e-05 0.00055476587 0.0014488855 0.013842237 0.0034906254 0.0010511734 0.00022851511 0.012202567 0.0059421104 4.49631e-05 0.0025572532 0.00012752654 0.00031695364 0.002746772 0.004153731 1.14257655e-05 0.0011383697 1.2972203e-05 0.000116195326 0.00029098924 0.00046470488 0.0002758359 5.134908e-05 0.0001753838 0.0001451096 0.0050700344 0.000526655 0.0010037036 4.6365174e-05 7.192063e-05 0.000112508846 0.006835757 0.00017682729 7.011151e-06 3.262745e-05 0.00010889059 0.00077698275 0.00010264857 0.0008048631 2.546892e-05 0.003072956 0.00011448393 8.261249e-08 0.00019447852 3.6041747e-08 0.0004882668 0.005179616 0.0002050194 0.0005889223 0.002477176 6.772916e-07 0.053573787 3.2213873e-06 4.0113982e-06 5.71352e-05 0.00016562319 1.2193365e-06 0.0059608547 0.0005243224
0.9357906 0.16246906 0.0019410147 0.31959012 0.00064294116 0.0077127637 0.18630807 0.07815941 0.22098713 8.176462e-05 0.9838347 0.003771569 0.002268525 0.19504201 0.000549867 3.5551548e-05 0.95384103 0.01942866 7.697347e-05 0.006705773 0.8377148 9.4287425e-06 0.28612605 0.034886982 0.065028794 4.938094e-07 0.0025450762 1.9688465e-12 0.0010787173 4.75202e-06 0.00175724 3.501244e-06 0.015693687 0.0055017965 6.190932e-06 0.00034705084 1.6374827e-06 2.1030996e-07 0.0028689506 3.2380365e-05 0.00014471599 0.05709539 9.207757e-07 8.193186e-06 0.0005116819 0.00053123676 0.0010976379 0.96928215 0.0017320816 0.0023064201 0.25725397 0.0012814086 1.4908959e-05 1.4915074e-07 0.004657693 4.0991214e-05 0.070319995 0.00015584727 2.5684558e-06 0.00061415473 0.5275549 0.20752968 4.714956e-05 0.09759501 0.00031129454 0.053111814 2.8572795e-05 3.8349397e-05 6.6258503e-06 0.44733435 2.159189e-05 2.033509e-07 0.32503963 0.00029181349 7.0288525e-06 8.564631e-06 4.840475e-06 6.049777e-07 0.03618555 0.00076928304 0.524439 0.0006912236 3.7183033e-06 6.5447006e-05 1.43875605e-08 0.05641616 2.6466495e-07 9.030021e-06 2.309952e-06 0.026067551 0.00048182026 0.37374237 8.190553e-06 0.06029598 2.659721e-07 2.1929287e-08 1.7561542e-06 8.341343e-06 1.3645825e-07 0.00012740328 0.008319544
0.9512002 0.010714083 0.07821673 0.0003592699 0.0076202 0.4083981 0.05117224 0.0024299617 4.0459367e-05 0.49367768 0.0006464781 0.89085644 0.0010877856 5.2392075e-05 0.46473658 0.014499817 3.7714144e-05 5.1477077e-06 0.016886963 5.7795323e-06 0.055415865 0.4905628 1.0412147e-06 0.9956744 1.28078855e-05 0.003205502 0.008583148 0.0010787173 1.2266303e-12 0.63520074 2.053681e-06 0.11479867 4.1786615e-07 0.00051315967 0.0045565004 9.485427e-06 0.015126681 0.0026022017 8.5180335e-07 8.956903e-08 7.944326e-08 0.9084207 0.0042741536 0.27076328 0.9545188 1.7741166e-05 2.7577707e-07 0.00047559984 0.45276704 1.07108435e-05 0.16032864 3.3546917e-07 0.060640153 0.0053092353 3.1590769e-06 1.5294425e-05 0.13939708 5.8783282e-08 0.0038295453 8.4330264e-07 9.126471e-05 0.0068092593 3.904618e-07 3.900781e-05 2.601885e-05 0.0007591736 4.8818783e-06 4.504684e-05 0.00091078127 0.0018983007 5.339324e-10 0.0013893908 0.0015525664 1.6808743e-05 6.748747e-08 1.1188305e-07 1.4148064e-07 1.9249956e-07 0.019394983 1.5112512e-06 0.00433866 3.7819618e-06 0.0028820673 4.1847256e-06 1.2598446e-06 0.001126821 1.0171361e-05 0.012077444 0.0005979025 0.00070871564 0.26562968 0.0032178087 2.600063e-08 0.37283286 9.30182e-06 3.9686365e-06 2.9265945e-07 1.1576555e-07 1.0436362e-08 0.06767408 0.000122024045
0.88704884 3.6495596e-05 0.0049996376 1.5405996e-06 0.00021513099 0.0064069307 0.00010408642 5.6179792e-06 9.505884e-08 0.23247804 7.785471e-06 0.30632627 1.349409e-05 3.714849e-07 0.9253587 0.00062387827 5.147189e-07 4.1482608e-08 0.056361005 1.1857816e-08 0.0006355674 0.8962913 7.156292e-09 0.22813737 1.9060593e-07 0.046490006 0.00295727 4.75202e-06 0.63520074 1.7856176e-17 4.3211483e-09 0.98432004 8.562265e-09 0.0002914672 0.4142781 1.2815265e-07 0.32713988 0.05641006 3.4044977e-08 4.5229482e-09 2.0426343e-09 0.19919315 0.24379997 0.9336703 0.9562421 5.98802e-07 4.5075157e-09 3.1675931e-06 0.07871717 5.19114e-06 0.0039522164 1.6429949e-08 0.5482847 0.12550327 3.779939e-08 1.800434e-06 0.0037715854 3.1568224e-09 0.038499974 9.518034e-09 4.3672924e-07 0.00071946514 7.681013e-06 4.0043255e-07 3.1575271e-07 3.8565635e-05 5.930674e-06 1.3723045e-05 0.00207551 8.259073e-05 1.3173229e-09 0.0089906575 5.69789e-06 1.4205166e-06 2.8045378e-07 9.839086e-09 2.5286076e-07 2.3477023e-08 0.0024302003 8.164427e-08 0.00011626916 4.5235023e-08 0.00785689 1.2788619e-06 3.011606e-07 0.00047413164 3.7748237e-08 0.008935758 0.00020816221 5.306742e-05 0.22203496 5.477055e-05 4.957298e-07 0.037516363 1.8352607e-07 3.8285847e-07 5.721492e-07 2.042873e-08 4.401858e-08 0.112234004 2.0517862e-06
