1.159959e-14 0.8640593 0.973675 0.8989678 0.9605312 0.9499478 0.97879374 0.92730576 0.9449532 0.89439976 0.7738399 0.92500114 0.85319877 0.99278355 0.92093545 0.88565964 0.3962284 0.98750585 0.79697865 0.9243243 0.9946378 0.91276145 0.4356674 0.9733757 0.82014155 0.8965234 0.9271244 0.98695976 0.48706663 0.79193467 0.8927119 0.9509168 0.8090624 0.86266285 0.95454997 0.80152345 0.9896785 0.7831391 0.96708924 0.9703561 0.99103934 0.7988316 0.9372625 0.50889087 0.8155415 0.955953 0.7161756 0.47650984 0.29853195 0.97442687 0.93417555 0.87646866 0.88386047 0.88106644 0.23676531 0.73099774 0.94089276 0.5062183 0.95290333 0.3498406 0.9952748 0.87790406 0.9957461 0.15121311 0.9187882 0.031372808 0.9508947 0.7044854 0.82148767 0.7086403 0.8238114 0.41323808 0.4993241 0.0054083024 0.402019 0.43326893 0.6618911 0.18732817 0.18155809 0.014391878 0.00086611597 0.16603729 0.98698485 0.11486534 0.70292276 0.9289963 0.21086083 0.07055881 0.05844345 4.589988e-05 0.0018721706 0.18702015 0.11843989 0.5740625 0.59051025 0.00023095928 0.9999979 4.4884186e-05 0.9997445 0.6504707 0.00021565583
0.8640593 6.3713414e-12 0.9230575 0.99697095 0.8629532 0.78453016 0.8155679 0.18722777 0.0132935215 0.0797677 0.2252479 0.015756778 0.9466096 0.03930282 0.006842279 0.011454553 0.0047939583 0.00014807128 7.248809e-05 0.5384972 8.709461e-05 0.00027010942 0.003699947 0.00010634816 0.00093490095 0.3108717 0.0018762342 0.3384143 0.0049056155 0.039517257 0.0001034358 0.6898631 0.12109316 9.536843e-05 0.021203753 0.008278684 3.5101473e-06 0.005962193 0.22700569 0.030445699 9.858893e-06 0.00091360457 0.00014330827 4.7233134e-05 8.045438e-05 8.4030535e-06 0.009301635 1.1356749e-05 0.00034748088 0.0001963312 5.581648e-06 0.13880967 3.0382731e-05 0.039966118 0.005313371 0.0029770667 0.0044865785 2.4609133e-06 2.6565635e-06 0.00015723865 0.055278912 1.6355583e-06 0.00034553267 3.5645705e-08 1.5483138e-07 5.6609992e-06 9.1437374e-05 2.582925e-05 2.9306066e-06 4.6723384e-05 3.6765016e-08 1.1598806e-06 0.012837401 5.5313257e-07 1.7838956e-05 2.1934891e-08 1.2299979e-05 0.0025875221 1.2723504e-07 0.0007991264 0.00012498628 6.761864e-06 3.1582105e-05 1.4296829e-07 2.4207347e-08 1.4099345e-07 0.00023922337 0.00023146866 1.8256136e-06 2.7700341e-06 1.0701716e-05 0.0018360688 5.2903295e-07 5.111858e-08 1.7039177e-08 1.5616664e-05 0.0043790983 1.1075308e-07 9.91349e-06 3.1129957e-08 1.8755862e-06
0.973675 0.9230575 3.9628643e-14 0.14988169 0.04602933 0.006744366 0.96789527 0.9778124 0.834662 0.002453162 0.0017761379 0.0013413484 0.60501426 0.0018252089 0.353221 0.00011874092 0.00012668107 0.0035367336 3.2237874e-06 0.40905702 5.305573e-05 8.178264e-05 8.076357e-05 4.8467366e-05 1.0190897e-05 0.013230656 0.1978255 0.07668672 0.0002380393 0.00251265 5.979452e-06 0.740147 0.042094544 1.4592121e-05 0.08683578 0.019638257 5.076092e-05 0.009493288 0.8115934 0.560225 1.0518012e-05 0.0780091 2.398382e-05 1.7550125e-06 0.001045602 6.5677254e-06 0.015096114 0.0005994446 0.010703264 0.00032469997 6.0906532e-05 0.28626308 1.500633e-05 0.0023855837 0.0023560803 0.11147463 0.0059518255 4.9732253e-06 2.2995073e-06 7.794118e-06 0.037551757 2.0159108e-05 0.00068274495 7.820934e-07 3.7067346e-07 1.5711695e-06 0.00041203195 0.0010707311 2.8920365e-06 9.381309e-05 4.6427846e-08 1.3905321e-05 0.061856568 1.0787013e-06 0.0019339719 2.53337e-07 5.226292e-05 0.0030059335 1.1595765e-06 0.011657783 0.00064521603 1.7498818e-06 8.9925896e-05 1.2851499e-06 7.081062e-08 4.9983754e-07 0.028867897 2.9350847e-06 1.603292e-06 5.698387e-07 0.00033713484 0.008494617 1.1489687e-07 1.3002888e-06 5.2756013e-09 4.7896647e-06 0.005549148 1.2315443e-06 2.229068e-05 4.105015e-06 0.0001268266
0.8989678 0.99697095 0.14988169 3.1192643e-13 0.79841036 0.96325433 0.11339422 0.00701911 0.0014453124 0.72836107 0.19518723 0.4487783 0.9191154 0.3171899 0.00038539385 0.046824712 0.0064388956 1.7321534e-05 0.00084609404 0.53119 0.00067403086 0.0007004237 0.0066057206 0.00029146025 0.004908723 0.2377175 0.00023204529 0.42617983 0.008285351 0.047137935 0.00025225562 0.41483787 0.07936747 0.00033600052 0.0097613605 0.005250402 1.4533505e-06 0.0031865577 0.08126351 0.008482483 7.282776e-05 0.00013264723 0.0006268785 0.00010816072 2.9013809e-05 4.7310223e-05 0.0043473262 3.240503e-06 5.501849e-05 0.0014956823 0.00026446502 0.092152804 0.00011732756 0.033847786 0.00651665 0.0006381982 0.0043589794 4.2206713e-05 1.2378161e-05 0.00047003877 0.048918642 6.128429e-08 0.0011686836 7.908206e-07 8.4271244e-07 9.808101e-06 0.00043139805 2.1494794e-05 8.779181e-06 0.00020656297 5.8016376e-08 2.3457285e-06 0.0040583084 8.660109e-06 3.3442524e-07 1.5365746e-08 0.00011925785 0.0013635647 4.087328e-07 2.9473747e-05 5.3258966e-05 3.2725002e-06 5.1897572e-05 2.9076256e-08 6.7128646e-08 4.0542096e-07 2.5611776e-05 0.00014571255 4.0781765e-06 9.234385e-07 4.1800267e-06 0.0006975567 3.069144e-08 7.456953e-07 6.4628534e-09 7.960838e-06 0.004898201 3.308127e-08 4.483439e-05 6.0958425e-09 5.977083e-07
0.9605312 0.8629532 0.04602933 0.79841036 1.0182171e-11 0.97163856 0.013504526 0.013809386 0.0001966282 0.38139817 0.98937863 0.5102391 0.24069846 0.39649418 5.9404185e-05 0.15278168 0.10507973 5.7665948e-06 0.010939464 0.31794778 0.0063390275 0.0018640918 0.12602146 0.001071652 0.11736089 0.9227957 4.0205352e-05 0.0819538 0.19964853 0.6459486 0.00030077243 0.8565726 0.46038517 0.00060143677 0.0019881125 0.0009468865 4.2764445e-06 0.00063177745 0.17211343 0.007340659 9.491155e-06 9.612539e-05 0.013782618 0.00020544472 1.1296798e-05 1.9862115e-05 0.0011462503 1.8246527e-06 8.82735e-05 0.0001987628 5.6260637e-06 0.33723354 1.8667372e-06 0.6049861 0.043784358 0.0013541027 0.0008113386 3.77392e-06 3.0325444e-07 0.004875119 0.013708298 8.0447927e-07 0.00020974685 2.7114964e-07 4.6574808e-08 7.3606757e-06 2.8295279e-05 1.0072636e-06 7.902536e-07 6.7906212e-06 3.6308215e-08 5.4559933e-07 0.014107923 2.9098516e-07 3.296291e-07 3.2672878e-07 6.6227412e-06 0.018338775 4.5033133e-07 3.620081e-05 0.00013780218 3.4452667e-06 3.203705e-05 4.5459647e-08 1.4938576e-07 2.1121907e-07 2.7396913e-05 0.0078064078 1.5010659e-06 5.3548524e-06 2.2391832e-06 0.00091053505 0.000105568164 2.3401785e-06 3.702038e-08 1.9572764e-05 0.001455604 1.1393252e-07 4.2893334e-05 2.0544237e-08 3.098189e-07
0.9499478 0.78453016 0.006744366 0.96325433 0.97163856 5.730629e-14 0.0023451955 0.00071733416 6.6937544e-05 0.94392985 0.8736519 0.9156267 0.2965553 0.80924016 1.3566828e-05 0.86677295 0.29610935 8.1095754e-07 0.117872626 0.19531316 0.045988757 0.084492184 0.12942344 0.019187126 0.2332651 0.5359317 1.04299215e-05 0.15056922 0.121223666 0.14583908 0.0056072553 0.28076008 0.041932903 0.0062792804 0.00082547526 0.0010351357 5.2502287e-08 0.0017690549 0.010332687 0.00026497804 0.0001373257 9.368912e-06 0.009123147 0.0008142675 1.0948162e-06 0.00012611393 0.0022128755 5.033501e-07 7.830849e-06 0.002372444 0.00050872815 0.01091915 0.00023129808 0.076670974 0.0014625578 3.8306996e-05 0.0011630326 0.000145976 1.4859463e-05 0.0012320684 0.021263586 1.0990021e-07 0.0011330593 3.216006e-06 3.2217082e-07 4.798249e-05 0.0003109151 2.8420249e-07 1.5641017e-05 0.00029084663 2.9579748e-08 3.1009513e-06 0.0010667408 5.3600693e-06 5.0655707e-08 5.086386e-08 0.00029803903 0.0010968966 3.781325e-07 3.2378741e-06 7.567258e-05 4.495532e-06 0.00013141241 8.2391246e-08 1.7748958e-08 5.583019e-07 3.6678255e-05 0.0009732252 1.4615861e-06 2.5609312e-05 7.648309e-06 0.0008638326 3.184581e-05 1.147607e-06 4.196845e-09 1.446566e-05 0.0020116982 1.621767e-08 3.449878e-05 1.0281345e-08 2.512126e-07
0.97879374 0.8155679 0.96789527 0.11339422 0.013504526 0.0023451955 4.9043228e-14 0.7403054 0.9082307 0.0018721465 0.0011708774 0.0005277387 0.9004451 0.0017576516 0.8149824 0.00029591826 6.872506e-05 0.5590652 6.514186e-06 0.45756173 5.9087048e-05 2.6445301e-05 2.8491188e-05 1.3533863e-05 1.39309905e-05 0.0037221694 0.56584835 0.17851876 8.613208e-05 0.00016982286 4.8037036e-06 0.04458146 0.0022017262 5.2216865e-06 0.898585 0.47530645 0.0015092557 0.12851515 0.2074479 0.16037408 1.2142383e-05 0.11190379 3.14731e-06 8.795593e-07 0.025544114 4.936717e-06 0.09314018 0.0038653365 0.019410538 0.00061113207 0.00013065425 0.017592698 2.2206741e-05 2.7589993e-05 8.654682e-05 0.009172814 0.06486645 6.580917e-06 2.2961544e-06 1.0147879e-06 0.17312013 0.00010518337 0.0020587267 1.7819436e-07 2.474877e-06 1.4226661e-07 0.000904837 0.0044211843 3.600255e-06 0.00017520123 2.1873385e-07 1.0012838e-05 0.008869496 5.5655187e-07 0.0050750803 9.4353446e-08 0.00033093645 4.6177454e-05 9.45872e-07 0.005448563 0.0006254931 4.6807716e-07 0.0001993823 3.580541e-07 2.3564745e-07 5.2707344e-07 0.032839745 1.7110557e-07 3.8584582e-07 2.148266e-07 0.000116653326 0.0022445982 1.3216506e-07 1.5641568e-07 1.7096506e-08 4.1366638e-07 0.03387948 2.233805e-05 3.341664e-05 0.00039882865 0.00017487138
0.92730576 0.18722777 0.9778124 0.00701911 0.013809386 0.00071733416 0.7403054 1.765733e-14 0.97022897 0.0003639515 0.001260228 0.0006397192 0.106091455 0.0005413034 0.20834516 9.387206e-05 0.00013637923 0.0064217555 4.120272e-06 0.09187825 6.0745384e-05 2.0933248e-05 9.3384086e-05 2.1254931e-05 1.30719e-05 0.014896355 0.8537401 0.0114919245 0.00024719592 0.001728093 4.288018e-06 0.84114426 0.07264291 7.934492e-06 0.08449144 0.017215462 0.001201276 0.004442554 0.8811807 0.917008 3.8630405e-06 0.6290586 2.3581133e-05 3.0904412e-06 0.012745293 8.3619597e-07 0.0058195125 0.004067193 0.20157059 0.00038423072 8.470951e-05 0.18598501 1.526793e-05 0.00064693164 0.002688798 0.22062689 0.0015409318 5.0118894e-07 7.2040716e-06 8.289701e-06 0.009286306 6.308995e-05 0.0005560469 1.48132e-06 3.4211763e-07 2.5776405e-06 0.00016011272 0.012502133 1.5956272e-06 1.728983e-05 1.154204e-07 4.8874267e-06 0.070750356 9.1627845e-07 0.025650878 1.6033846e-07 1.5917205e-05 0.002238166 7.4742405e-07 0.013369653 0.0006526041 1.3501453e-05 2.8936547e-05 4.2227302e-06 2.7008016e-07 1.4574478e-06 0.10459763 1.6817867e-05 5.4227365e-07 2.0435452e-06 0.0003457308 0.0074155456 1.3107488e-07 5.9009216e-07 1.3849285e-07 4.751358e-06 0.0015358737 8.552742e-07 1.3984315e-05 1.6377428e-05 7.056447e-05
0.9449532 0.0132935215 0.834662 0.0014453124 0.0001966282 6.6937544e-05 0.9082307 0.97022897 7.088892e-14 0.00017913105 3.2986656e-05 0.00018073377 0.06981904 9.313852e-05 0.94064987 5.4759134e-06 1.0729082e-05 0.21210054 2.0917462e-07 0.06861238 3.1794752e-06 2.6647974e-06 3.6304239e-06 2.6464768e-06 1.3598543e-06 0.00013035952 0.96499765 0.010375086 2.4947409e-05 7.356672e-05 3.5616497e-07 0.0118928095 0.0025714815 5.9489446e-07 0.28514236 0.046316918 0.049435947 0.012067278 0.5312613 0.7946331 6.663545e-07 0.778487 7.8653113e-07 1.5958401e-06 0.14373975 1.2485397e-07 0.013330439 0.017577061 0.23687896 4.8012786e-05 6.820619e-06 0.045159556 1.5527803e-06 4.6393612e-05 0.00049964146 0.136228 0.011393944 2.4006198e-07 2.78993e-07 2.540184e-06 0.010773594 0.00137039 0.00027586642 1.29461e-07 7.159245e-08 5.776314e-06 9.084243e-05 0.079210915 5.5984435e-07 9.095179e-06 9.348945e-08 1.4041466e-06 0.011597525 1.489089e-06 0.06923792 6.6717917e-07 9.080471e-06 0.00022710401 4.0435754e-07 0.024123987 0.00017308973 9.068831e-06 5.9598362e-05 1.4377533e-06 4.0828948e-07 5.897068e-07 0.046637487 1.6066565e-06 7.4984644e-07 6.0465646e-07 4.0218078e-05 0.0018288828 2.2919855e-07 1.2794634e-06 2.6810417e-07 4.4344793e-06 0.0036754136 4.951744e-06 8.0220474e-05 0.0012323898 0.00027421943
0.89439976 0.0797677 0.002453162 0.72836107 0.38139817 0.94392985 0.0018721465 0.0003639515 0.00017913105 8.466652e-15 0.24604914 0.9942098 0.423365 0.9809879 4.2403997e-05 0.67328745 0.09409963 3.3340164e-06 0.19882007 0.16861178 0.57999176 0.13346243 0.03202682 0.093146935 0.16425715 0.09304073 2.2557371e-05 0.18000202 0.02965676 0.02160616 0.048211638 0.017626336 0.004131163 0.019255485 0.004852497 0.0033763098 2.781312e-07 0.0025505493 0.0019701854 0.00014481928 0.0009960677 8.8303e-06 0.013698608 0.0018095549 1.7678109e-06 0.0010277189 0.0028083748 1.413563e-07 1.543869e-06 0.009431307 0.0007627638 0.0014962578 0.0006079445 0.0067276414 0.00016731297 8.154071e-06 0.004002715 0.00045828873 0.00014105892 0.00077146577 0.034301165 5.6166556e-08 0.003980729 6.8988006e-06 2.7501648e-05 3.104998e-05 0.0008519066 1.6332022e-07 9.307744e-05 0.0008400735 3.718897e-07 2.3124094e-06 0.0001629202 9.0048366e-07 1.7773019e-07 3.3549586e-08 0.0003745273 0.00016348597 1.3180777e-06 3.2426286e-07 4.120075e-06 1.2435074e-05 0.00010258642 5.2802886e-07 2.1075115e-08 7.3398456e-07 2.616363e-06 0.0002581082 1.420358e-06 1.3173463e-06 2.0492429e-07 5.8795482e-05 4.3577445e-05 4.2078344e-07 9.181224e-09 3.0806743e-06 0.008110957 2.2567e-08 6.44696e-05 1.9778085e-08 2.2304766e-08
0.7738399 0.2252479 0.0017761379 0.19518723 0.98937863 0.8736519 0.0011708774 0.001260228 3.2986656e-05 0.24604914 2.0775825e-15 0.4002147 0.01352367 0.26606616 3.384852e-05 0.75543416 0.887299 5.8213855e-06 0.2867672 0.022822889 0.01824505 0.012046328 0.884635 0.0042591877 0.8452333 0.9153896 2.3727118e-06 0.011867215 0.9416941 0.5435619 0.003295055 0.3678155 0.08111445 0.004109216 0.0002593132 0.00021120593 7.698081e-07 0.00012014598 0.0059599825 3.834069e-05 1.5368085e-05 7.3047945e-06 0.032854397 0.00039461188 2.182624e-06 1.406777e-05 0.0002264969 2.3374916e-07 3.291129e-06 0.000101279824 2.14938e-06 0.017692903 7.3830427e-07 0.31129152 0.0064545083 5.5495207e-06 0.00031950106 3.6602135e-06 4.7131394e-07 0.0072731664 0.0043053925 4.5787564e-07 6.349794e-05 8.0359946e-08 3.255138e-08 1.0605632e-05 3.6013712e-06 7.619494e-08 6.026573e-08 7.9702073e-07 4.2646433e-09 3.2951487e-08 0.0004470155 3.328366e-09 2.1182352e-08 9.204122e-09 2.5587923e-07 0.0016999405 3.6885616e-08 1.7340689e-07 3.7500176e-05 3.49994e-07 1.8666732e-06 2.2587368e-08 1.6378916e-08 1.3269839e-09 8.474287e-07 0.0035079822 1.3343754e-08 6.078957e-06 4.509704e-07 4.9004415e-05 0.00046591164 4.559468e-08 2.337885e-08 7.668562e-06 0.00041415117 6.9693225e-09 2.666422e-06 1.776768e-09 6.9352173e-09
0.92500114 0.015756778 0.0013413484 0.4487783 0.5102391 0.9156267 0.0005277387 0.0006397192 0.00018073377 0.9942098 0.4002147 2.3981254e-11 0.169725 0.9677264 9.868938e-06 0.8785613 0.2107326 1.9058785e-06 0.5030341 0.0982455 0.87546206 0.40375715 0.12839283 0.39980802 0.5144725 0.2271829 2.2875307e-05 0.061760057 0.105087385 0.08863753 0.18649614 0.041659623 0.011589227 0.058792405 0.0016500589 0.0022320007 3.6883452e-07 0.00082785625 0.009205318 0.0007901403 0.003950396 1.4542941e-05 0.13473947 0.0058597745 5.8106143e-06 0.005094482 0.001027012 1.032063e-06 1.137752e-05 0.028466797 0.0060182204 0.01635819 0.0041275206 0.08261917 0.0009843921 4.692795e-05 0.0013538995 0.0022046666 0.00049984216 0.005422725 0.029213008 2.2094633e-07 0.0043577617 4.594367e-05 0.00017593797 0.00035862703 0.0014407057 7.340994e-07 0.0010691585 0.0014405712 1.0234081e-05 4.4980472e-05 0.000362572 0.00018267074 5.390028e-07 2.6469868e-06 0.00069932087 0.0006214704 3.8198723e-05 1.3094527e-06 6.945281e-06 4.51016e-05 0.00034090466 7.582106e-06 9.29825e-07 2.4347342e-05 6.1644614e-06 0.0005059577 6.383772e-05 4.041989e-06 1.199637e-06 0.0002657357 0.00012525464 1.0092948e-05 2.5887053e-07 3.7699112e-05 0.005665223 1.0328916e-07 0.00015873449 7.874028e-08 3.5170007e-07
0.85319877 0.9466096 0.60501426 0.9191154 0.24069846 0.2965553 0.9004451 0.106091455 0.06981904 0.423365 0.01352367 0.169725 1.970043e-14 0.5495749 0.012115623 0.011533971 0.0008093463 0.0020539819 0.00039712095 0.99421364 0.010509996 0.0011955803 0.0012319427 0.0014085223 0.0014208771 0.021464143 0.011437569 0.86675495 0.0019461209 0.0043852963 0.0028054062 0.089301206 0.008718907 0.00068123057 0.746829 0.5525305 6.2697113e-06 0.10972759 0.064439744 0.010498902 0.000496292 0.0019066413 7.122271e-05 5.189168e-05 0.00011667693 0.00019896687 0.018778788 9.918001e-06 0.0004013712 0.0065332493 0.0005542072 0.013542946 0.00035497374 0.00026325491 0.00021859759 0.00030437007 0.006991538 4.1896674e-05 0.00011390565 7.636652e-07 0.18134154 2.1039845e-07 0.0060685114 8.6309433e-07 2.79854e-05 1.8769625e-06 0.0016905314 3.4594896e-06 2.5191437e-05 0.0005903188 1.1534569e-07 4.8442547e-07 0.0011274175 5.070622e-06 2.5057104e-06 7.658133e-08 0.0004710035 0.00043341206 2.730404e-06 5.335673e-05 3.7219776e-05 4.5030168e-07 0.0002645952 1.1827561e-06 2.8394217e-07 9.0145235e-08 0.000109192275 4.8704296e-06 8.295719e-06 9.87809e-08 1.2583556e-06 0.0001471867 2.9731904e-08 1.9376786e-07 1.6152288e-08 7.3033766e-07 0.02327507 2.2513056e-07 1.5497439e-05 2.1964733e-07 9.4792824e-07
0.99278355 0.03930282 0.0018252089 0.3171899 0.39649418 0.80924016 0.0017576516 0.0005413034 9.313852e-05 0.9809879 0.26606616 0.9677264 0.5495749 2.23808e-15 8.348688e-06 0.668564 0.094350405 1.0756196e-06 0.19359532 0.5030226 0.66167533 0.09439957 0.033228617 0.11514095 0.20756754 0.10100557 1.01074265e-05 0.71175975 0.0335715 0.027478354 0.052585647 0.016493777 0.0078373905 0.02626879 0.011952405 0.0065234615 3.4001968e-07 0.0055345315 0.0017549758 0.00012311616 0.0016009728 8.21373e-06 0.01667933 0.0025011387 1.6932943e-06 0.0022017565 0.013904659 1.605738e-07 6.14685e-06 0.15950638 0.00616286 0.00091631827 0.0014362268 0.021357078 0.0004627206 3.0281342e-05 0.017657842 0.0006392322 8.021566e-05 0.0013750478 0.2774864 2.4553327e-07 0.04879274 1.2910124e-05 2.3814067e-05 8.7334396e-05 0.0071721887 3.656541e-07 0.00038820197 0.003556603 1.5376871e-06 4.9253485e-05 0.00010749038 6.478757e-05 1.5967711e-07 4.970231e-07 0.002112867 0.00031677203 1.1507134e-05 1.7478886e-06 9.597303e-06 0.00011947552 0.0016256565 2.6145557e-07 1.7232453e-06 2.1710019e-05 2.2650422e-06 0.00022367139 1.3652282e-05 4.523076e-06 5.76594e-06 0.00014087552 0.00020986688 1.49714515e-05 3.321379e-08 1.2237266e-05 0.05187763 1.8553064e-07 0.00014712356 2.2192777e-08 9.912607e-07
0.92093545 0.006842279 0.353221 0.00038539385 5.9404185e-05 1.3566828e-05 0.8149824 0.20834516 0.94064987 4.2403997e-05 3.384852e-05 9.868938e-06 0.012115623 8.348688e-06 2.9224689e-13 1.0793747e-05 4.942629e-06 0.9906522 5.5747005e-08 0.0038844398 3.5255225e-06 3.3158614e-07 4.832818e-06 4.9995197e-07 7.304254e-07 0.00010409346 0.92345476 0.001016125 1.4040019e-06 3.5782625e-06 2.9740258e-07 0.0037897227 2.8994862e-05 4.7358208e-07 0.85979617 0.2548613 0.64878595 0.077774145 0.048771538 0.1792852 3.9205415e-06 0.61455566 5.5083115e-07 4.5930398e-07 0.83943826 1.1144883e-06 0.06256242 0.28751904 0.28720894 2.1436615e-05 9.296508e-06 0.00038891865 4.4185476e-06 1.3005443e-06 1.4617546e-06 0.0021101697 0.08623391 1.2762757e-07 2.2447273e-06 3.63915e-07 0.013392451 0.29754654 0.00024509407 7.618593e-08 1.0818816e-06 2.4858588e-07 0.00014042552 0.14013323 8.9162376e-07 3.898838e-06 3.286902e-07 3.2486196e-06 9.4153234e-05 9.0261415e-07 0.013488739 6.008883e-07 8.427825e-05 7.199326e-06 7.7320664e-07 0.0018388963 4.52388e-05 2.6263524e-06 0.00017961639 1.5491121e-06 8.0464196e-07 3.233343e-07 0.008662618 4.8966524e-07 4.4414648e-07 8.890099e-08 6.3328216e-06 6.0718572e-05 1.5334251e-07 9.07502e-09 1.3345415e-07 1.00023485e-07 0.014319121 3.7996185e-06 1.051945e-06 0.023140864 2.462255e-05
0.88565964 0.011454553 0.00011874092 0.046824712 0.15278168 0.86677295 0.00029591826 9.387206e-05 5.4759134e-06 0.67328745 0.75543416 0.8785613 0.011533971 0.668564 1.0793747e-05 2.8194287e-13 0.99665457 1.2834448e-06 0.96993953 0.026615782 0.80054915 0.79222953 0.09430212 0.5659693 0.34084633 0.06205234 3.3276902e-07 0.011185853 0.05045591 0.019126125 0.16801599 0.0004583058 0.0009919803 0.060174342 0.0006583112 0.00025033482 6.117355e-07 0.0001460424 4.7052803e-05 1.6398392e-06 0.00036743813 8.822073e-07 0.049612064 0.002717281 2.1337365e-07 0.00015189151 0.00018474362 2.6632046e-08 1.2363927e-06 0.0076531623 0.0006311276 0.000103986604 0.00025369306 0.018064952 9.553082e-05 9.490363e-07 0.00031728784 4.9535087e-05 0.000101473386 0.0027593167 0.006715548 3.8955352e-07 0.0021135826 9.783591e-07 1.210181e-06 8.639821e-05 0.00034286664 1.9096161e-07 8.045895e-06 0.00022989503 1.7468894e-07 9.988485e-07 5.8216633e-06 8.122203e-06 1.5985445e-07 7.09382e-07 0.000100704645 3.080785e-05 7.1252775e-06 2.4635278e-07 2.4587011e-06 2.6629747e-05 6.2803374e-05 1.6796918e-07 1.9923411e-07 2.7704727e-06 5.185247e-06 0.00022958369 5.879321e-06 3.1442169e-06 1.151254e-06 8.6732885e-05 0.0003726856 1.0368038e-05 7.709531e-08 3.5380083e-06 0.001097739 1.954018e-07 0.00016529245 1.7015697e-08 8.680368e-08
0.3962284 0.0047939583 0.00012668107 0.0064388956 0.10507973 0.29610935 6.872506e-05 0.00013637923 1.0729082e-05 0.09409963 0.887299 0.2107326 0.0008093463 0.094350405 4.942629e-06 0.99665457 4.6162625e-14 1.1633913e-06 0.99095327 0.0014309674 0.1043473 0.20383069 0.4628818 0.072197355 0.8225769 0.09791343 1.5779943e-06 0.0011205494 0.2562674 0.035502516 0.17612734 0.002207544 0.0016186247 0.10059046 5.8160946e-05 5.285684e-05 4.748529e-07 2.480599e-05 0.00029927114 7.4954864e-06 0.00015363007 6.9209823e-06 0.045015976 0.008300473 4.7827103e-07 0.00030405587 8.425527e-05 1.5743738e-07 2.3391408e-06 0.00014715682 3.508422e-05 0.00023167359 1.7214543e-05 0.016541207 9.126401e-05 2.3787657e-06 6.601608e-05 0.000120413264 1.7870594e-05 0.0023845385 0.0010070719 1.0954293e-06 0.00021654717 6.131814e-06 2.052843e-06 6.814791e-05 3.6212412e-05 1.798391e-07 1.2536762e-05 2.5481557e-05 2.1547007e-07 6.183983e-07 1.5883496e-05 5.022736e-07 2.4862592e-07 1.2286625e-07 5.642216e-06 1.8546167e-05 3.469459e-07 3.8196384e-07 1.7755933e-06 1.253888e-05 9.480553e-06 3.288595e-07 6.8519384e-08 1.6949349e-07 1.9807856e-06 0.00012599707 1.4092315e-07 1.9634206e-06 4.964428e-07 5.377308e-06 9.8950855e-05 6.494652e-08 5.104502e-08 1.2310488e-06 0.00049684994 1.9928038e-08 2.7124418e-06 7.1115394e-09 2.490222e-09
0.98750585 0.00014807128 0.0035367336 1.7321534e-05 5.7665948e-06 8.1095754e-07 0.5590652 0.0064217555 0.21210054 3.3340164e-06 5.8213855e-06 1.9058785e-06 0.0020539819 1.0756196e-06 0.9906522 1.2834448e-06 1.1633913e-06 2.5406787e-13 1.5334681e-08 0.0004041361 1.0576199e-07 7.002251e-08 2.4279123e-07 5.2328627e-08 2.03262e-08 7.4508653e-06 0.39592743 0.00010155936 6.2948294e-07 3.3656477e-07 1.087355e-07 0.00012127876 2.9341945e-06 1.0000327e-07 0.925844 0.6219018 0.8971002 0.2065107 0.0047306214 0.05809101 2.4916878e-07 0.19430463 2.1708432e-08 5.644718e-08 0.6639145 1.4121522e-07 0.1327799 0.1563331 0.05836643 7.915758e-07 3.7865146e-07 3.674061e-05 3.3693473e-07 7.497829e-07 1.4126897e-07 0.00028202916 0.5414171 3.319555e-08 3.3031274e-08 5.8465385e-08 0.005629427 0.25565323 2.400011e-05 1.7907828e-08 4.56812e-08 2.4706898e-07 3.6330195e-05 0.09173331 2.2902082e-06 1.4083616e-06 2.256515e-08 1.5424084e-05 1.5417723e-06 4.4806816e-07 0.004151709 6.4591507e-07 2.4617793e-06 2.3271987e-08 1.6174056e-06 0.0006061718 4.0599766e-06 7.1305476e-07 4.9654814e-06 4.7714304e-09 2.181186e-08 3.6470073e-08 0.0017568202 7.014789e-08 7.8088897e-07 9.0210776e-08 6.018159e-06 3.5338624e-05 1.3311173e-07 9.689575e-09 1.1449708e-09 3.659187e-08 0.033732213 1.4997187e-05 1.1910621e-06 0.024536254 3.820477e-05
0.79697865 7.248809e-05 3.2237874e-06 0.00084609404 0.010939464 0.117872626 6.514186e-06 4.120272e-06 2.0917462e-07 0.19882007 0.2867672 0.5030341 0.00039712095 0.19359532 5.5747005e-08 0.96993953 0.99095327 1.5334681e-08 6.756779e-13 0.0013460846 0.5912716 0.7788699 0.39758915 0.5630646 0.9786398 0.07224826 2.0271761e-08 0.00043820203 0.28330368 0.044528715 0.786918 0.00045980784 0.0008288065 0.6170725 7.98603e-06 3.7877878e-06 3.5517214e-09 3.834976e-07 4.886404e-05 4.63868e-07 0.0015797538 4.9974915e-08 0.67730546 0.1656341 1.0360776e-08 0.00053446105 6.9974712e-06 5.62524e-09 1.331714e-07 0.008979249 0.0014475362 0.0004396426 0.0004804749 0.124363296 0.00019040164 1.34156e-07 1.0080626e-05 0.00020746636 6.342362e-05 0.040179078 0.0014554389 6.9030584e-08 0.0010756021 3.9415772e-06 1.063071e-06 0.00097582047 0.00018162881 2.7312375e-08 1.1657553e-05 0.0003581617 1.819892e-07 1.3568333e-06 3.4256316e-06 4.1787138e-05 1.08977325e-08 8.304755e-07 4.8189813e-05 8.452515e-06 1.3379205e-06 5.49176e-08 8.342954e-07 8.778276e-06 1.20496925e-05 2.2450172e-07 3.8192707e-07 3.4430278e-07 1.5666598e-06 0.00069664855 7.2920534e-07 1.6729997e-05 2.9769143e-07 7.458159e-06 0.0032573882 2.482318e-06 1.0810024e-07 1.1473334e-06 0.0001962743 4.8046083e-09 5.2292286e-05 9.819715e-10 2.2773547e-09
0.9243243 0.5384972 0.40905702 0.53119 0.31794778 0.19531316 0.45756173 0.09187825 0.06861238 0.16861178 0.022822889 0.0982455 0.99421364 0.5030226 0.0038844398 0.026615782 0.0014309674 0.0004041361 0.0013460846 5.5689607e-12 0.023463404 0.00443739 0.0038533215 0.0031530692 0.0062414734 0.058116086 0.010110892 0.9929154 0.0043049986 0.0114378305 0.006123245 0.18260467 0.035910923 0.0023241527 0.61817235 0.21683066 1.8056518e-05 0.03980259 0.15843385 0.04583663 0.0018397312 0.0016221318 0.0011210315 0.0010392222 0.0004403404 0.0019475052 0.011840157 6.6687644e-05 0.0002445498 0.04633947 0.004656245 0.08523965 0.0022359015 0.0044469605 0.00079969934 0.002093265 0.007751492 0.00074285443 0.00040566153 5.0156665e-05 0.4437054 6.245569e-07 0.016458783 1.5786709e-05 0.00020196564 9.665612e-06 0.0049883286 7.657075e-06 0.00061101496 0.0011219122 2.7466565e-06 4.4379125e-05 0.0069983564 4.6507237e-05 1.6786686e-05 7.33236e-07 0.0006156553 0.0025183596 0.00015713823 0.00028689863 6.15131e-05 1.2551304e-06 0.00067291653 5.3526185e-07 8.197855e-07 2.4511473e-05 7.431106e-05 2.0873005e-05 5.397415e-05 3.67781e-06 1.0098533e-05 0.000997954 4.0085513e-07 8.762268e-06 2.5831131e-08 1.4626087e-05 0.035945717 1.9123363e-06 3.235314e-05 3.2811175e-07 8.436851e-06
0.9946378 8.709461e-05 5.305573e-05 0.00067403086 0.0063390275 0.045988757 5.9087048e-05 6.0745384e-05 3.1794752e-06 0.57999176 0.01824505 0.87546206 0.010509996 0.66167533 3.5255225e-06 0.80054915 0.1043473 1.0576199e-07 0.5912716 0.023463404 6.707834e-12 0.9263818 0.024178402 0.98059356 0.30732056 0.009925955 1.6214572e-07 0.032370735 0.01541816 0.006405959 0.6251819 0.00041504198 0.00044689525 0.36687452 0.0013470984 0.0013309803 3.2963808e-08 0.001042416 0.00010517134 1.4440883e-06 0.15327518 9.990166e-08 0.25036663 0.08794668 2.1380762e-08 0.07075236 0.0032303303 3.502112e-08 1.8512378e-07 0.5925514 0.29994717 3.606171e-05 0.09184335 0.0049253604 2.4496705e-05 1.411792e-06 0.002339322 0.011145416 0.0025661692 0.0048447563 0.10946033 3.2411428e-08 0.14427915 0.0004000272 0.00039728588 0.00090711884 0.038018364 3.0448298e-08 0.0014699697 0.040610313 4.758657e-05 0.00021432925 5.0448552e-06 0.0015028293 7.4140424e-08 1.8951142e-06 0.018245548 1.0719999e-05 0.00027345555 4.496406e-08 1.4502899e-07 0.00019732572 0.008212685 1.9277709e-06 1.0373566e-05 0.0005057879 2.02595e-07 5.2628737e-05 0.00053533283 3.0747367e-06 2.3826276e-06 4.8299036e-05 0.0006577975 0.00019721506 7.215269e-07 2.3518664e-06 0.010685105 7.297549e-07 0.0013910036 5.0083504e-08 1.2257186e-06
0.91276145 0.00027010942 8.178264e-05 0.0007004237 0.0018640918 0.084492184 2.6445301e-05 2.0933248e-05 2.6647974e-06 0.13346243 0.012046328 0.40375715 0.0011955803 0.09439957 3.3158614e-07 0.79222953 0.20383069 7.002251e-08 0.7788699 0.00443739 0.9263818 7.6893014e-10 0.019396735 0.98865724 0.23804185 0.0049917665 8.356239e-08 0.0025153148 0.0105234105 0.0044531943 0.9856347 0.0002342637 0.00029995432 0.47051737 8.955123e-05 0.00030951045 2.4493021e-08 0.00020102982 9.485278e-05 9.237036e-07 0.11635677 6.0653167e-07 0.22131242 0.17531905 4.1791616e-08 0.0908056 0.0007551811 6.75833e-08 7.0963574e-07 0.08032443 0.017594228 1.3649743e-05 0.0046895635 0.0028569484 1.5118026e-05 3.361247e-07 0.00031753935 0.054796427 0.00078252685 0.0055757035 0.011049503 5.875235e-08 0.022096364 0.0024559489 0.00030056425 0.0049433648 0.004006801 4.476485e-08 0.0013489517 0.0022113323 1.2088931e-05 2.5848865e-05 8.512069e-06 0.0014291643 3.6736136e-08 1.9369313e-06 0.0028207852 8.750794e-06 7.397294e-05 1.6385347e-07 1.2646396e-07 0.00032712368 0.0013261434 5.917022e-07 1.3038576e-06 5.015743e-05 3.1341594e-07 7.27444e-05 7.566377e-05 1.3464377e-06 7.154809e-06 4.8580325e-05 0.0005953043 7.6185715e-06 3.0450317e-07 3.2741002e-07 0.002067933 4.436907e-08 0.00037684466 5.6679674e-08 8.449355e-08
0.4356674 0.003699947 8.076357e-05 0.0066057206 0.12602146 0.12942344 2.8491188e-05 9.3384086e-05 3.6304239e-06 0.03202682 0.884635 0.12839283 0.0012319427 0.033228617 4.832818e-06 0.09430212 0.4628818 2.4279123e-07 0.39758915 0.0038533215 0.024178402 0.019396735 4.635826e-13 0.0086873295 0.9918326 0.30510873 3.5434294e-07 0.000620677 0.9989731 0.22976875 0.0123961605 0.0013381745 0.0021106617 0.016058326 2.3005745e-05 1.77041e-05 3.9562548e-07 4.4405565e-06 6.750051e-05 1.7723469e-06 4.2666983e-05 7.912573e-07 0.05406508 0.0008652982 8.671891e-07 1.1982701e-05 1.7364073e-05 1.2273603e-07 6.5413934e-07 0.0001659511 1.9238323e-05 0.0009618276 1.2740614e-05 0.10874628 0.0005629108 2.5216144e-07 1.312196e-05 4.1882868e-06 3.6920108e-06 0.008366176 0.00091243087 1.3890913e-07 0.00017698082 2.5321926e-06 3.0118443e-07 1.802995e-05 5.8633326e-05 6.435352e-08 1.3451644e-06 3.2788637e-06 7.877994e-08 5.285256e-07 1.1740483e-05 1.1469494e-06 1.7955325e-07 2.6925374e-08 4.5278193e-06 0.0002801134 3.0627507e-07 2.0840899e-07 3.3434554e-07 3.5701466e-06 5.882574e-06 9.016158e-08 2.707907e-07 2.5460553e-08 4.44537e-06 0.0031740738 3.8899222e-07 8.556459e-06 3.294465e-07 1.3930355e-05 0.000838015 6.096086e-07 6.7494035e-08 4.5521733e-06 0.00021576547 1.6134091e-08 1.6757942e-05 2.1541664e-09 7.676102e-09
0.9733757 0.00010634816 4.8467366e-05 0.00029146025 0.001071652 0.019187126 1.3533863e-05 2.1254931e-05 2.6464768e-06 0.093146935 0.0042591877 0.39980802 0.0014085223 0.11514095 4.9995197e-07 0.5659693 0.072197355 5.2328627e-08 0.5630646 0.0031530692 0.98059356 0.98865724 0.0086873295 1.1017209e-09 0.17161262 0.004943718 1.2554325e-07 0.0027417734 0.0064019677 0.0045799576 0.8349999 0.00042743635 0.00044239662 0.43615475 0.00030186813 0.0003472659 4.0822428e-08 0.00016930944 0.00010423662 2.1446913e-06 0.34303913 2.5130728e-07 0.3817258 0.16707437 3.182366e-08 0.2365207 0.00065259443 6.203153e-08 4.7349403e-07 0.355954 0.20667994 6.430608e-05 0.11610199 0.00430427 2.8905713e-05 2.5118113e-06 0.0004750307 0.06463537 0.0048789703 0.008015288 0.03684529 2.1407828e-07 0.07744269 0.0037614543 0.0010520555 0.004348313 0.017418195 1.6029273e-07 0.0037531683 0.01827069 5.699806e-05 0.00023899715 5.166914e-06 0.0037358876 1.1905028e-07 1.00474945e-05 0.0057280385 3.898269e-06 0.0007229575 4.650069e-08 1.6105474e-07 0.00042917352 0.0023493592 1.323403e-06 1.4094641e-05 0.0003607638 2.9611485e-07 3.6268233e-05 0.0005979558 3.979248e-06 2.1102228e-06 0.00013944929 0.0016176417 0.00012136797 1.9001599e-06 1.4457748e-06 0.0039938623 3.7660877e-07 0.0008285544 1.0587037e-07 1.9348664e-07
0.82014155 0.00093490095 1.0190897e-05 0.004908723 0.11736089 0.2332651 1.39309905e-05 1.30719e-05 1.3598543e-06 0.16425715 0.8452333 0.5144725 0.0014208771 0.20756754 7.304254e-07 0.34084633 0.8225769 2.03262e-08 0.9786398 0.0062414734 0.30732056 0.23804185 0.9918326 0.17161262 5.1326743e-13 0.16265032 2.5575808e-08 0.0016034619 0.94755876 0.14034264 0.24726255 0.00068895216 0.0032607217 0.33658004 3.7133564e-06 2.8802754e-06 3.055535e-08 3.4091778e-07 3.2753214e-05 3.6446934e-07 0.0005155001 6.012921e-08 0.5198864 0.013839498 1.8287064e-08 0.0002646232 6.290608e-06 7.234947e-09 2.421626e-08 0.0027720374 0.0005113992 0.00091276545 0.00014668643 0.31411886 0.0011084683 7.627186e-08 3.727069e-06 2.302752e-05 2.056322e-05 0.066040404 0.0019233956 4.008595e-08 0.0011600517 3.435856e-06 7.057301e-07 8.637909e-05 0.0002332407 1.2519169e-08 1.5333395e-06 1.2200025e-05 2.031465e-08 6.92492e-07 1.8927103e-06 3.2674982e-06 3.219799e-08 3.1127758e-08 6.1285523e-06 4.483118e-05 1.0258607e-07 1.9365897e-08 6.088353e-07 9.212646e-06 2.6578979e-05 3.6330594e-08 1.3831287e-08 4.220415e-08 1.033339e-05 0.0059068855 1.6310622e-07 4.298305e-05 2.5003905e-07 2.7131004e-05 0.0059305043 2.2649633e-07 1.0864401e-08 4.1548014e-06 0.00026073784 6.651227e-09 6.679056e-05 2.6638787e-09 1.7235854e-08
0.8965234 0.3108717 0.013230656 0.2377175 0.9227957 0.5359317 0.0037221694 0.014896355 0.00013035952 0.09304073 0.9153896 0.2271829 0.021464143 0.10100557 0.00010409346 0.06205234 0.09791343 7.4508653e-06 0.07224826 0.058116086 0.009925955 0.0049917665 0.30510873 0.004943718 0.16265032 9.565141e-15 2.772306e-05 0.009210647 0.9191332 0.99407923 0.0011511515 0.88007486 0.87347496 0.0007387261 0.00016860095 0.00017600795 6.804702e-06 9.4820396e-05 0.021639766 0.00010260022 3.937876e-06 2.2170134e-05 0.019905902 9.6009135e-05 4.2187253e-06 8.424072e-07 0.00013478457 3.201162e-06 1.9017163e-05 0.000577531 4.821082e-05 0.27356595 6.7088777e-06 0.75789845 0.105362624 7.961973e-05 0.00012860351 1.319587e-06 3.148647e-07 0.03488421 0.0030712874 1.727254e-07 0.00027561476 4.5396075e-07 1.130991e-08 1.30453e-05 5.5595297e-05 2.8619917e-07 1.2786393e-07 1.8101908e-06 3.974579e-08 2.2593088e-07 0.0072470233 1.0120548e-06 2.4447016e-07 9.2160015e-08 4.7228473e-06 0.030927192 2.2755223e-07 1.6483813e-06 0.00025725545 6.4133667e-07 9.598492e-06 3.5099024e-08 1.3930553e-07 4.1926388e-08 7.756752e-06 0.032545622 8.9996075e-07 2.0182866e-05 1.007105e-06 0.00026026755 0.00037589436 1.0763121e-06 4.7933888e-08 0.00014194631 0.0005768286 7.76077e-08 4.2070962e-05 1.5609827e-09 1.10756034e-07
0.9271244 0.0018762342 0.1978255 0.00023204529 4.0205352e-05 1.04299215e-05 0.56584835 0.8537401 0.96499765 2.2557371e-05 2.3727118e-06 2.2875307e-05 0.011437569 1.01074265e-05 0.92345476 3.3276902e-07 1.5779943e-06 0.39592743 2.0271761e-08 0.010110892 1.6214572e-07 8.356239e-08 3.5434294e-07 1.2554325e-07 2.5575808e-08 2.772306e-05 2.5713003e-16 0.00087985257 1.2446006e-06 1.6097605e-06 1.07785585e-08 0.0031792223 0.00026576789 1.7880762e-08 0.38430262 0.048354834 0.42574823 0.00945781 0.46018615 0.8681656 9.66671e-08 0.9863542 2.1463093e-08 7.584767e-08 0.62291336 7.9962374e-09 0.0088919485 0.17514373 0.69523364 4.270836e-06 4.3669385e-07 0.024040611 9.646927e-08 4.053222e-06 5.3892003e-05 0.19944689 0.005892754 1.4944524e-08 6.613684e-08 6.958421e-08 0.004020886 0.035314616 1.9897438e-05 7.836611e-09 3.897508e-09 4.89101e-07 4.896561e-06 0.6681714 1.8254864e-08 1.398757e-07 5.5132405e-09 2.2677321e-07 0.023860704 2.6297885e-08 0.2856926 1.803031e-07 8.349098e-07 0.00017101219 1.2090211e-07 0.070938095 0.0009097352 1.546683e-07 4.593555e-06 1.3353373e-07 1.6331073e-07 1.5323426e-08 0.1224387 3.27393e-08 3.7563435e-08 1.7647855e-08 0.00012864337 0.0013495088 5.964422e-08 2.0970433e-07 3.2897415e-08 4.952105e-07 0.0018405603 6.356528e-06 2.8586323e-06 0.029338598 0.00040741902
0.98695976 0.3384143 0.07668672 0.42617983 0.0819538 0.15056922 0.17851876 0.0114919245 0.010375086 0.18000202 0.011867215 0.061760057 0.86675495 0.71175975 0.001016125 0.011185853 0.0011205494 0.00010155936 0.00043820203 0.9929154 0.032370735 0.0025153148 0.000620677 0.0027417734 0.0016034619 0.009210647 0.00087985257 3.5398854e-13 0.0016111869 0.0014073018 0.0010760869 0.018427609 0.0027911996 0.0004821245 0.57891256 0.10530546 2.2900094e-06 0.03204246 0.003462784 0.0003420443 0.002343808 5.2821575e-05 5.2547242e-05 0.000115603674 4.061272e-05 0.00045540647 0.02489113 1.5530513e-06 6.848572e-05 0.2838234 0.041712586 0.00089098467 0.0075043067 9.2473754e-05 5.0330265e-05 4.2268985e-05 0.020248879 0.0002888046 0.00033041046 7.981333e-06 0.93022203 1.9937512e-07 0.17127194 4.3257006e-07 3.327776e-05 1.8248033e-05 0.023989335 8.5526113e-07 9.870976e-05 0.005591516 2.1893023e-07 1.6926138e-05 0.0003307806 3.5385463e-05 1.0398244e-06 3.3243217e-07 0.0094351 0.00021709409 5.0551975e-05 4.4539396e-05 4.6357567e-05 1.976076e-06 0.0045208773 2.445653e-07 2.3471428e-06 0.00019223514 5.7353027e-05 4.1237687e-05 0.000116129304 3.6766526e-06 7.271314e-06 0.00022203155 4.3944533e-07 2.7432363e-05 3.296041e-08 7.762362e-06 0.08521659 1.0491008e-06 0.00022943945 7.247603e-08 9.982604e-06
0.48706663 0.0049056155 0.0002380393 0.008285351 0.19964853 0.121223666 8.613208e-05 0.00024719592 2.4947409e-05 0.02965676 0.9416941 0.105087385 0.0019461209 0.0335715 1.4040019e-06 0.05045591 0.2562674 6.2948294e-07 0.28330368 0.0043049986 0.01541816 0.0105234105 0.9989731 0.0064019677 0.94755876 0.9191332 1.2446006e-06 0.0016111869 3.25895e-13 0.91854316 0.020348964 0.015104055 0.036383893 0.09856516 1.1476558e-05 1.3744682e-05 1.2197744e-07 2.9161815e-06 0.0005324596 1.6568805e-05 6.504108e-05 2.9288492e-06 0.33846974 0.012774103 6.078097e-07 2.9154711e-05 6.937371e-06 1.2080991e-07 2.235217e-06 0.00032127477 1.0299172e-05 0.0016286965 9.442781e-06 0.35769302 0.0032358773 2.1881367e-06 3.246139e-06 1.6501131e-06 1.2116078e-05 0.032385964 0.00123767 1.094049e-06 9.593821e-05 1.169057e-06 1.3361577e-07 4.025035e-05 1.2316871e-05 9.1106775e-09 1.5825094e-06 8.084131e-07 5.4398217e-08 9.264623e-07 6.763048e-05 1.7367715e-07 5.5976534e-07 6.213218e-08 4.77843e-07 0.00046288656 6.511694e-08 3.287595e-07 2.9951582e-06 2.761725e-06 3.341758e-06 1.25888e-08 1.4020048e-07 3.5887933e-09 2.5007664e-06 0.008766757 8.756278e-08 6.8830916e-05 1.1831832e-07 1.2345341e-05 0.0016103534 1.1047332e-07 2.1228178e-08 8.272034e-06 5.308002e-05 4.9624203e-09 3.7717755e-06 5.597837e-10 1.3960569e-09
0.79193467 0.039517257 0.00251265 0.047137935 0.6459486 0.14583908 0.00016982286 0.001728093 7.356672e-05 0.02160616 0.5435619 0.08863753 0.0043852963 0.027478354 3.5782625e-06 0.019126125 0.035502516 3.3656477e-07 0.044528715 0.0114378305 0.006405959 0.0044531943 0.22976875 0.0045799576 0.14034264 0.99407923 1.6097605e-06 0.0014073018 0.91854316 1.779961e-15 0.0023367554 0.8828154 0.96811146 0.0024168633 5.3532644e-06 9.476332e-06 9.4047465e-08 4.1323765e-06 0.021193538 5.762205e-05 2.5106341e-05 8.452096e-06 0.4033485 0.0029530707 5.955405e-07 1.1750531e-05 7.724522e-06 1.5794737e-07 1.2330476e-06 0.00024387952 1.216698e-05 0.2833225 3.2037278e-06 0.94057167 0.25126213 5.355082e-06 5.5182404e-06 1.0132925e-05 5.3203934e-07 0.10259209 0.0007025374 7.1720514e-08 0.000111326575 5.761177e-07 4.3880434e-08 2.948274e-05 2.2781845e-05 1.3936265e-07 4.635465e-07 2.278919e-07 1.9760552e-08 1.9508376e-07 0.008117597 6.458565e-07 4.0736694e-07 6.4989635e-08 1.1692135e-07 0.06773844 1.403688e-07 7.62919e-07 0.00070020574 1.1620718e-06 2.4822116e-06 2.2164826e-07 1.3330151e-07 1.748969e-08 1.0098581e-05 0.11910118 6.9768674e-08 0.0004071978 1.4142231e-06 0.00013980309 0.0006507365 1.2857598e-07 8.2812065e-08 0.00028661775 6.1962804e-05 3.5442252e-08 5.8454466e-06 4.50084e-09 1.4020323e-08
0.8927119 0.0001034358 5.979452e-06 0.00025225562 0.00030077243 0.0056072553 4.8037036e-06 4.288018e-06 3.5616497e-07 0.048211638 0.003295055 0.18649614 0.0028054062 0.052585647 2.9740258e-07 0.16801599 0.17612734 1.087355e-07 0.786918 0.006123245 0.6251819 0.9856347 0.0123961605 0.8349999 0.24726255 0.0011511515 1.07785585e-08 0.0010760869 0.020348964 0.0023367554 6.90372e-11 1.52353205e-05 0.00023696976 0.99351597 5.298479e-05 0.00012465368 1.0669218e-07 0.00020346236 1.9024936e-06 6.2647686e-08 0.26778847 4.988539e-08 0.7063134 0.7598469 1.3582724e-07 0.18911307 0.00109856 8.415644e-08 1.3834408e-07 0.097193316 0.045392107 5.6851936e-06 0.010065151 0.026503818 8.128402e-06 3.261093e-07 0.000646541 0.050882638 0.0014532972 0.05091916 0.006301642 3.873135e-07 0.015532559 0.0073472736 7.2560026e-05 0.03510844 0.0027062204 1.4621799e-08 0.0003681442 0.0019268665 7.476444e-05 5.0920044e-05 1.3375575e-07 0.002036222 3.099214e-09 3.645688e-05 0.001739749 2.0357199e-08 0.00013487831 3.992533e-08 2.0062349e-07 0.0067476407 0.0005650396 1.1238089e-06 2.7057258e-05 9.405065e-05 2.4773042e-08 0.000118087504 0.00019574883 2.0865344e-05 5.256541e-06 2.776707e-06 0.025629694 0.00017022662 2.1969731e-06 2.2346487e-07 0.0005892313 2.5558109e-08 0.00053977006 2.911564e-09 2.0874475e-09
