2.1100753e-14 0.72096574 0.22549678 0.06643979 0.7209583 0.15755264 0.009112017 0.57714164 0.91940206 0.41665342 0.019321155 0.749419 0.0006055677 0.96605635 0.0718159 0.79758465 0.3278079 0.7796554 0.04931044 0.40874973 0.9710718 0.6425144 0.9853277 0.9277686 0.9913914 0.96762174 0.81946427 0.078055 0.8460614 0.6775929 0.06298853 0.87410146 0.95607084 0.94104207 0.4199987 0.5462379 0.86372316 0.49879047 0.6519737 0.97815996 0.791936 0.9739951 0.7798304 0.88116264 0.7397764 0.9566677 0.94622743 0.8433261 0.9464081 0.94445956 0.0037508942 0.9352907 0.99104625 0.9244304 0.832997 0.8657934 0.018052682 0.8184887 0.4003602 0.38898358 0.95876795 0.8873629 0.8974669 0.8259452 0.00020800863 0.95791775 0.9533013 0.7853993 0.8965873 0.5076051 0.8365187 0.83018714 0.9378128 0.5240552 0.780311 0.963633 0.96898776 0.9999223 0.9379098 0.97593224 0.858826 8.6338205e-06 0.9910326 0.9627913 0.6838839 0.013978863 0.995496 0.88101757 0.857993 0.7888054 0.00070024777 5.0177954e-05 0.057461306 0.00476742 0.9157472 0.999484 0.7608572 0.9999722 0.999096 0.053732827 0.00365141
0.72096574 1.8349534e-12 0.9937816 0.6508904 0.666984 0.580053 0.0026528512 0.0016372493 0.97463536 0.9698805 0.00035326948 0.120863974 0.2893266 0.75624084 0.0061246525 0.4767198 0.00038253568 9.643929e-06 0.11137838 0.007533954 0.25074553 0.00028983902 0.45912334 0.00048283563 0.1250987 0.00026795478 1.49641555e-05 2.7609365e-05 1.1715866e-05 0.029193047 0.0036558006 0.035383545 0.015352251 7.862113e-06 2.6758473e-06 0.009129597 0.0021785432 1.52468165e-05 1.416442e-06 3.9916747e-05 0.00049318635 3.536158e-05 2.5265913e-06 0.054768775 2.7677459e-07 5.7864486e-06 0.023255067 2.6942982e-05 1.5747253e-05 3.1818715e-06 5.3845483e-06 0.010687617 0.004928624 1.7901963e-05 7.3070375e-08 5.248138e-07 8.452072e-06 3.647889e-07 3.5126304e-05 9.886139e-06 6.335957e-06 0.004594585 2.8400851e-05 7.095752e-06 6.512068e-06 0.0008726864 1.9979235e-07 0.00083915744 2.0204827e-06 0.00011216623 0.0030241387 0.00013522567 2.2940147e-05 1.2682407e-06 0.00085313304 6.897213e-07 4.4764856e-06 0.005765014 0.00037580784 0.0002457185 8.279607e-07 1.3416718e-08 0.032137338 2.0481566e-05 2.8901343e-06 5.5739515e-06 3.364552e-06 0.00043531196 0.0006946384 1.0956647e-05 9.3095146e-08 1.2909797e-08 6.296958e-08 1.0855464e-10 0.00017781893 0.0001746942 7.847064e-06 0.0010210256 5.9465234e-05 8.095442e-07 1.0686835e-07
0.22549678 0.9937816 1.7590437e-14 0.8373189 0.5408973 0.9378303 0.99485505 0.06820373 0.55329967 0.012043008 0.019871078 0.6955483 0.006352277 0.07144994 0.00015967553 0.3936999 0.041322794 0.00047397253 0.0011294693 0.0002774132 0.009369498 0.07285745 0.2587001 0.00027470812 0.21619634 0.0012474653 0.00013524618 4.5477386e-06 0.00017052672 0.0005534894 0.00010792899 0.0016596061 0.00013853653 2.1909898e-05 5.6906483e-05 0.00036931765 0.00016566062 2.9327553e-05 3.0430476e-06 5.233115e-05 0.00022471049 1.4629659e-05 2.71005e-06 0.0016695076 1.1911509e-06 8.319757e-06 0.0030824514 2.784405e-06 3.8499599e-07 6.1432634e-06 3.6191563e-05 0.00023126455 2.7183165e-05 3.0328107e-05 5.9936474e-07 1.777841e-07 3.3354986e-06 1.0584802e-06 3.3544163e-07 4.000396e-06 3.2998123e-06 0.00055883866 1.5943981e-06 4.444713e-06 3.0944786e-06 4.3198917e-05 1.833445e-07 8.328732e-05 2.8084978e-06 5.617727e-06 5.0751234e-05 5.484629e-05 9.71441e-07 1.6705578e-06 3.2023214e-05 4.0940972e-07 1.2478457e-05 0.00043600707 1.7181e-05 7.818649e-06 1.8302192e-06 2.986262e-08 0.0068702647 5.5539463e-06 2.3245514e-07 7.4844615e-07 2.6747233e-07 2.3742183e-05 3.1466185e-05 8.8196195e-08 6.5062413e-09 1.1548497e-08 7.6397505e-08 1.7980617e-09 5.5781147e-06 5.475976e-06 1.2339797e-05 0.00018759193 4.321637e-06 4.863117e-07 5.4729167e-08
0.06643979 0.6508904 0.8373189 1.2783282e-13 0.9987276 0.9966326 0.062255826 0.34880027 0.16501988 0.05596249 0.0037959483 0.5608345 0.00031685783 0.0056054797 0.00038971446 0.5304563 0.0069580902 2.4733163e-05 2.2920947e-05 0.00013349687 0.00082007726 0.0014704226 0.06658314 8.808601e-06 0.17101926 0.00017573556 1.8703687e-06 4.6402878e-08 4.1021092e-05 0.0015426601 5.4013353e-06 0.0015460594 0.00023241338 9.397426e-07 7.864407e-06 0.00012142144 5.6798857e-05 2.5937848e-06 7.80835e-06 6.7742435e-06 9.7658994e-05 1.6159895e-05 1.0454781e-06 0.0006694846 2.600803e-07 1.1276503e-06 0.005366296 1.2601354e-06 4.667664e-06 2.1434623e-06 1.0958337e-06 6.7947185e-05 3.78528e-05 5.5074393e-05 5.091543e-07 3.4934106e-07 1.7935533e-06 1.877897e-06 1.5649559e-06 1.0567866e-06 2.6345795e-05 0.00011064768 6.1043943e-07 7.90083e-06 1.0289427e-06 1.2444683e-05 7.6938385e-09 1.7026534e-05 4.7993285e-07 4.9638293e-06 5.221694e-05 3.171043e-05 9.677543e-07 1.7457887e-07 1.4497659e-05 1.6222988e-05 6.0242e-06 3.7487087e-05 3.3895337e-06 5.313353e-06 8.508348e-07 1.2955776e-08 0.00054808776 1.0818295e-05 5.3692013e-08 2.0667803e-06 3.6607457e-07 1.1289351e-06 3.2626547e-05 1.206978e-06 1.483856e-07 3.8683656e-09 6.577896e-07 9.087855e-09 4.9898836e-07 3.8086232e-06 3.551151e-06 5.323733e-05 1.0176944e-06 5.783668e-06 3.596573e-08
0.7209583 0.666984 0.5408973 0.9987276 8.147581e-15 0.4095198 0.004193265 0.09267879 0.9405885 0.10874067 0.00039584612 0.6191951 0.00050063716 0.49102196 0.000130015 0.9707938 0.000578625 9.673562e-06 0.0022626934 0.000720869 0.19400615 0.00015268433 0.61076283 0.00036460828 0.7892436 0.0010118136 4.5510014e-06 7.685251e-07 9.376202e-05 0.12230369 0.00035694914 0.13075843 0.031052679 6.6987286e-07 6.277127e-07 0.033041306 0.0028182995 1.7520048e-07 4.8787155e-07 2.100611e-06 0.000599939 4.492251e-05 8.521666e-07 0.100873396 4.053305e-07 5.049719e-07 0.08459791 4.4550547e-06 1.2628819e-06 2.5489868e-07 4.934231e-08 0.028475337 0.0028853342 3.713013e-06 1.1297831e-07 5.7872924e-08 1.3397309e-08 1.4967353e-07 9.957146e-07 1.7148122e-06 1.2034552e-06 0.0057647857 8.975976e-07 3.0810637e-07 4.2887787e-06 5.051853e-05 3.6013004e-09 0.00022944449 8.019469e-09 8.805615e-07 0.00359652 1.8934866e-06 9.7454446e-08 1.6417857e-08 6.92862e-05 9.036632e-07 5.0000017e-07 0.0017711507 1.5192626e-06 3.9158926e-06 5.546856e-09 5.888593e-09 0.0063908505 1.5105711e-06 9.672828e-09 4.6710196e-07 3.8233265e-09 5.0652494e-07 2.259586e-06 1.294241e-07 6.94861e-07 1.72796e-08 1.091388e-07 7.281237e-10 2.2292625e-06 1.7921445e-06 8.9616364e-08 0.00012858842 8.990875e-07 3.724953e-07 8.0862783e-10
0.15755264 0.580053 0.9378303 0.9966326 0.4095198 4.2902486e-15 0.5136486 0.89157254 0.044978734 0.016083444 0.2397388 0.97464734 0.0001339671 0.0004027589 3.796672e-05 0.6713978 0.594667 0.006268403 2.7508272e-06 6.746717e-05 0.00047436162 0.06669463 0.13087972 3.9543386e-07 0.4635362 0.013033076 0.00011404978 1.5352e-09 0.001451631 0.00077439623 5.9893165e-07 0.00043009562 0.0001686368 3.465214e-05 7.028206e-05 3.4143937e-05 3.7197133e-05 7.95235e-05 0.00011675472 0.0003092399 0.0009820714 0.00060508394 2.6637445e-05 0.0010077786 4.545731e-06 1.4428198e-05 0.00683663 1.2854116e-05 7.013027e-05 6.8537624e-06 3.0934957e-06 0.00032932044 2.2340266e-05 7.493704e-05 1.3878525e-06 2.8316225e-07 3.6416203e-08 2.3494474e-06 3.5794192e-06 1.634021e-06 3.862483e-05 0.0005696657 1.8952228e-06 1.4637216e-06 4.4715168e-07 3.4772438e-05 3.4641246e-08 6.992591e-05 9.1825547e-07 4.9907476e-06 3.236601e-05 8.978836e-05 6.200764e-06 7.0018996e-07 4.5860677e-05 5.1066545e-06 1.3119157e-05 4.8468057e-05 4.1822877e-06 1.2039218e-05 5.5592935e-08 1.4946328e-07 0.00029987853 7.587777e-06 1.0551772e-08 1.53984e-08 1.0135761e-06 5.3089816e-06 5.1053128e-05 2.6462232e-07 1.5836379e-07 2.4309418e-08 2.2444787e-08 1.6672862e-09 3.1765808e-06 4.119325e-06 9.2909903e-07 6.3957275e-05 8.28343e-07 7.744268e-08 6.8647026e-09
0.009112017 0.0026528512 0.99485505 0.062255826 0.004193265 0.5136486 2.8044798e-14 0.98344207 0.0009993664 0.00033812915 0.9846031 0.20660259 4.6189827e-05 3.4460847e-06 6.2802083e-06 0.015699549 0.13943239 0.00061986834 7.7163673e-07 8.404199e-06 2.2447262e-05 0.40745747 0.002745549 1.0357107e-05 0.020237017 0.00084764225 0.00050959346 1.6290521e-07 7.0797636e-05 8.964613e-06 5.6358804e-06 2.4564992e-05 1.7627042e-05 1.2308423e-06 4.287084e-05 9.185844e-06 7.4713216e-06 4.045848e-05 6.0647216e-07 2.4668675e-06 9.645438e-06 5.0338635e-06 5.7538085e-07 2.6285967e-05 9.071754e-08 3.4793365e-07 0.0001955212 2.3817587e-07 7.0865644e-07 4.8076197e-07 8.4562605e-05 7.796021e-06 1.5331385e-05 4.0345444e-06 1.7543414e-08 4.79562e-08 7.613832e-07 3.589899e-07 1.1111102e-08 5.797059e-08 2.9296173e-06 3.5028253e-05 4.3132697e-08 1.2833537e-07 1.2934581e-06 3.2540984e-06 6.5174724e-08 6.9634534e-06 2.827904e-07 6.680285e-07 3.648608e-06 1.4601392e-05 2.5029053e-07 1.0019534e-07 1.4685342e-06 1.9441757e-07 3.0993222e-06 6.0211905e-06 1.3824418e-06 1.3084853e-06 8.4666006e-08 8.570272e-09 0.00013367434 4.2012624e-07 3.6960973e-08 1.01839404e-07 5.4530773e-08 2.6906443e-07 8.186976e-06 1.5596339e-06 4.2550702e-10 6.8555566e-09 2.918507e-10 8.29162e-12 6.3591045e-08 4.7167367e-07 3.1713094e-07 7.772352e-05 4.539902e-07 2.9677118e-08 3.2282095e-09
0.57714164 0.0016372493 0.06820373 0.34880027 0.09267879 0.89157254 0.98344207 1.00029e-15 0.0023455878 0.000102304075 0.99627084 0.8972576 5.55891e-05 1.6709379e-05 1.0407639e-06 0.48797897 0.8913302 0.13810822 1.2884762e-07 2.4696944e-06 0.00011879983 0.20110409 0.2633081 4.0197588e-06 0.7330717 0.3156032 0.025392324 3.6003456e-07 0.04248069 0.00018416332 4.7033962e-05 0.00034015856 2.7395083e-05 0.00012582248 0.00025783584 2.222187e-05 8.643431e-05 0.0001755699 3.1103311e-06 0.00023764257 0.00577539 0.003498676 1.3324986e-06 0.0013319154 2.5992213e-07 1.5696418e-06 0.010186739 0.00015668661 3.757675e-05 4.6107025e-06 0.00019640144 0.00076801056 0.00011002276 5.949317e-06 5.652486e-08 3.9134513e-08 5.49006e-07 2.6415282e-07 1.1059398e-06 2.6920304e-07 4.418731e-05 0.0020261812 6.730481e-06 3.9249035e-06 1.4239143e-06 0.00024274625 2.2575824e-08 0.0003886157 1.0904282e-08 6.0450798e-06 0.00034130935 1.905276e-05 7.716357e-06 1.12451435e-08 0.00043379603 3.2043051e-06 6.699991e-06 0.00053779624 5.6103145e-05 0.00016227545 1.7551054e-07 1.058087e-09 0.0020936094 2.6339076e-06 3.4799086e-10 3.106661e-08 6.0222845e-07 6.6110646e-05 0.00013028074 8.508664e-07 9.439133e-10 1.1165723e-08 2.5461608e-09 1.6131851e-11 1.584277e-05 1.1545619e-05 3.2049178e-07 0.000873327 1.0698634e-05 1.8993654e-07 1.3295333e-08
0.91940206 0.97463536 0.55329967 0.16501988 0.9405885 0.044978734 0.0009993664 0.0023455878 1.4642623e-15 0.9269953 4.5912402e-05 0.042631775 0.043894224 0.98765826 0.2306799 0.7627594 0.00030862002 2.5632447e-05 0.012043279 0.024400998 0.7066041 8.415264e-05 0.72396696 0.0018924453 0.15702558 0.00044652505 2.102531e-06 3.5500302e-06 5.2800347e-06 0.5853835 0.0002007792 0.5393409 0.14203793 2.344484e-07 1.9284034e-06 0.1073441 0.03940222 1.7366772e-05 5.894386e-07 1.5663579e-06 0.0006916898 0.0001824505 9.0142106e-07 0.5794684 1.3046964e-07 3.070533e-07 0.4299514 5.945556e-06 3.7123473e-06 1.6621837e-07 1.7526559e-06 0.24165691 0.029106015 1.5088585e-05 5.352554e-08 9.881086e-08 6.1948793e-07 1.8601217e-07 9.786349e-06 1.0277448e-05 1.7169205e-07 0.02214518 9.797527e-06 9.583962e-07 1.9388544e-05 0.00023131794 3.708085e-09 0.0012610876 7.026775e-08 1.5122583e-05 0.047852878 6.858814e-05 2.1894266e-06 3.6500484e-08 0.00075986213 3.03712e-07 3.890753e-07 0.034620084 6.106304e-05 0.00023484306 9.730526e-07 3.7303618e-08 0.020965492 6.1139605e-07 1.3072449e-07 1.4855662e-07 2.172525e-08 0.00028921803 0.00027916828 2.5048945e-05 3.3427682e-06 1.1927189e-07 2.3131493e-07 4.934137e-08 0.000100958794 0.00030664352 3.1405443e-07 0.0015788992 1.4252966e-05 4.4023224e-07 2.3110225e-08
0.41665342 0.9698805 0.012043008 0.05596249 0.10874067 0.016083444 0.00033812915 0.000102304075 0.9269953 2.3582094e-15 8.590414e-06 0.0030695675 0.99823594 0.8950438 0.6703791 0.14730005 0.00010176606 3.9902607e-06 0.9400357 0.038855135 0.71372664 2.3482411e-05 0.24647044 0.0014336342 0.021636562 0.00019882877 2.2864676e-06 3.9206076e-05 5.9850313e-06 0.12110829 0.010265372 0.15259413 0.009847611 1.7963588e-08 1.4067702e-07 0.014325779 0.0127531905 4.129648e-07 3.8113862e-07 1.1395327e-05 0.00027026894 0.00019141975 3.0771305e-06 0.1041507 3.101244e-06 2.92115e-08 0.010273231 1.5366488e-05 1.42529125e-05 5.8913603e-08 3.7433855e-07 0.025442207 0.003906654 6.7110986e-06 2.7283517e-07 1.3603667e-08 1.7803598e-06 1.600835e-08 4.197786e-07 6.215651e-07 4.7249304e-07 0.0045751273 1.5736122e-06 2.986178e-07 1.0719104e-06 6.701515e-05 2.552521e-09 0.00052452716 1.2825725e-06 2.511469e-06 0.0047751344 4.433424e-07 6.405723e-06 1.0822665e-06 0.0006471103 2.178942e-07 1.2925566e-06 0.008030778 0.00012036584 0.00015578739 1.3000135e-06 2.4683275e-09 0.011750207 1.5487162e-06 1.4259993e-09 1.8399346e-07 2.0982425e-08 0.00023627336 0.00017198961 8.4932765e-07 1.379332e-07 6.3226135e-09 3.7810857e-08 1.2609863e-10 7.992811e-06 5.28509e-05 5.975014e-07 0.00053792546 7.5653124e-06 1.6683718e-08 8.6271356e-08
0.019321155 0.00035326948 0.019871078 0.0037959483 0.00039584612 0.2397388 0.9846031 0.99627084 4.5912402e-05 8.590414e-06 2.8760875e-15 0.29828566 1.3085402e-06 2.4488986e-06 6.1890184e-08 0.013038565 0.9384366 0.20621052 2.8006943e-07 2.9032753e-06 9.706085e-07 0.96234095 0.003694031 1.4481076e-07 0.074377045 0.07607567 0.2286458 1.7433404e-08 0.030325469 1.8828545e-05 1.256643e-06 1.5407606e-05 1.1316223e-06 0.00211702 0.002532224 4.067394e-06 2.0939759e-05 0.0015008935 0.00033812094 0.0013037365 0.0037591467 0.001512412 3.7752183e-05 3.9241648e-05 1.09747825e-05 0.00012835453 0.00060903636 0.0005253099 0.00058657513 4.707911e-05 0.00012384604 0.00016366896 3.870083e-06 1.7050304e-05 1.5574965e-06 6.283844e-06 1.7714623e-05 5.018224e-06 2.0917443e-05 1.4690616e-05 5.1519783e-05 0.0004503593 0.00014269771 3.828034e-05 3.739905e-06 0.00032693843 5.6229585e-08 0.00082228065 1.2360643e-07 3.3564036e-05 6.5679824e-06 4.6122746e-05 4.2611195e-05 1.0760201e-07 0.0003974208 3.978747e-06 1.6541664e-05 3.8671853e-05 0.00024439688 0.00016791497 7.125161e-08 5.9725477e-07 0.00047396007 3.316975e-05 4.305757e-08 1.7917506e-07 1.4053971e-07 4.5955985e-05 0.00018407586 7.2135385e-06 3.613562e-09 6.4310184e-09 1.8946164e-07 1.07544806e-10 3.2883287e-05 1.2363026e-05 1.7209262e-06 0.00014223848 1.0303583e-05 4.371368e-07 2.8644859e-08
0.749419 0.120863974 0.6955483 0.5608345 0.6191951 0.97464734 0.20660259 0.8972576 0.042631775 0.0030695675 0.29828566 1.4924281e-18 6.267706e-05 0.00071675796 4.0789505e-06 0.96090776 0.90335435 0.21224605 2.9567675e-06 9.437091e-06 0.0002850743 0.30540168 0.50266963 6.779016e-07 0.97427016 0.37282658 0.0022871122 3.62145e-08 0.08008583 0.005483787 2.563647e-06 0.0032012968 0.0005155672 4.8720718e-05 0.0005963885 0.0006432549 0.00014771981 0.00028687867 4.910443e-05 0.00057684793 0.058923807 0.01254336 2.0264506e-05 0.015983406 1.4717477e-06 2.9452406e-06 0.07626956 0.0011307157 0.00065427355 1.1589227e-05 0.00011997572 0.009981496 0.00011560168 1.6282182e-05 3.4957236e-07 6.0707276e-07 2.0706145e-07 8.133555e-07 0.00016325337 7.0765327e-06 2.614531e-05 0.011320644 6.0905724e-05 3.1953396e-06 1.8914906e-06 0.0013405165 3.6477292e-09 0.0023855427 2.8635192e-08 9.125113e-05 0.0012885684 1.0547332e-05 3.0824908e-06 1.2125249e-08 0.0010557492 3.6812244e-06 1.6261627e-06 0.00043142991 9.8912926e-05 0.00011587298 2.9287443e-07 2.9672531e-08 0.0042222636 5.950099e-06 2.7746871e-08 3.646752e-07 9.041193e-09 6.2181774e-05 0.00024420768 2.5125037e-06 2.5329896e-06 3.009833e-08 1.494945e-07 3.4251315e-08 5.579735e-05 0.00010458193 4.599902e-08 0.00080713525 4.9128107e-06 7.0286404e-07 7.9059435e-09
0.0006055677 0.2893266 0.006352277 0.00031685783 0.00050063716 0.0001339671 4.6189827e-05 5.55891e-05 0.043894224 0.99823594 1.3085402e-06 6.267706e-05 2.7353932e-15 0.027901286 0.99993557 0.000111222784 3.5754451e-06 5.9684305e-07 0.0791166 0.0036214592 0.004207644 4.9259023e-07 9.858501e-05 9.136337e-05 3.8982e-05 8.350528e-06 1.242274e-06 1.3077344e-06 4.4222125e-07 0.0002755225 0.64596385 0.00020888686 8.963487e-05 2.479726e-07 1.773132e-07 0.000108814085 3.6308826e-05 4.2444822e-07 7.7694966e-07 2.8522736e-06 2.4769429e-06 2.5357838e-06 1.9963932e-06 3.1643187e-05 1.2063325e-06 1.5889759e-06 5.509289e-05 1.0646369e-07 9.4746e-07 5.018594e-07 2.4587198e-08 1.4948808e-05 6.488062e-05 4.380288e-06 3.25338e-07 1.8464456e-07 8.69667e-07 1.8308527e-06 3.1451524e-08 3.7455905e-08 1.7198532e-06 1.8738603e-05 3.7715566e-08 2.1809988e-08 6.266743e-07 5.47089e-07 6.237131e-08 7.441917e-06 1.3541072e-06 1.3249286e-06 1.016532e-05 6.2888057e-07 3.6785167e-07 1.3963353e-07 1.9478234e-06 4.0483332e-07 2.1609578e-06 7.730408e-05 2.616313e-06 1.9577515e-06 1.4090314e-05 2.2296973e-09 0.00022025789 8.21579e-06 1.00245806e-07 2.2556929e-08 5.459808e-07 1.9165814e-06 1.3837365e-05 1.4781717e-06 2.8506462e-09 7.915434e-09 1.1086688e-09 1.8716239e-11 2.3282522e-07 1.8662352e-06 4.8009076e-07 6.1022758e-05 1.1968705e-06 7.508464e-08 5.2506188e-08
0.96605635 0.75624084 0.07144994 0.0056054797 0.49102196 0.0004027589 3.4460847e-06 1.6709379e-05 0.98765826 0.8950438 2.4488986e-06 0.00071675796 0.027901286 1.4731185e-13 0.3580972 0.14669773 5.972499e-06 5.726858e-07 0.33936396 0.61845064 0.97461784 1.645887e-06 0.33053643 0.034765553 0.015800033 4.156877e-05 1.6727556e-07 0.0001543473 7.6719823e-07 0.8743408 0.0017719616 0.7084477 0.657596 7.06707e-08 9.381724e-08 0.58376694 0.08182676 1.6669468e-06 2.1307393e-07 6.8923595e-07 0.00011280462 1.7537686e-05 1.5634232e-07 0.6834932 1.621161e-08 1.9664948e-07 0.1442458 4.2266123e-07 8.098754e-07 6.885356e-07 8.925128e-07 0.1533049 0.14317833 7.500611e-05 2.4199913e-08 7.3070375e-08 5.545285e-07 2.9538196e-08 1.2399931e-06 7.8646656e-07 1.2589935e-07 0.007358634 6.4077512e-06 1.1936359e-07 2.1709231e-05 5.0403993e-05 2.2460622e-09 0.00033440822 1.817468e-08 4.5667966e-06 0.066510506 6.92258e-06 1.222662e-06 1.9165958e-08 0.00032263895 8.306707e-08 1.5284057e-07 0.040908027 1.4081246e-05 3.77172e-05 4.2834204e-06 1.06366205e-08 0.011712114 7.681756e-07 7.1356055e-08 4.4717768e-07 5.843339e-08 7.528861e-05 7.027066e-05 7.5192643e-06 4.270132e-06 8.2781895e-08 1.1590491e-06 6.469887e-08 1.24493845e-05 0.0002071232 3.92692e-07 0.0011785784 7.2950206e-06 8.5606325e-07 1.2770185e-07
0.0718159 0.0061246525 0.00015967553 0.00038971446 0.000130015 3.796672e-05 6.2802083e-06 1.0407639e-06 0.2306799 0.6703791 6.1890184e-08 4.0789505e-06 0.99993557 0.3580972 1.6159628e-15 0.00038000772 1.2144241e-06 9.536683e-08 0.9748942 0.43346837 0.20265467 1.3135019e-07 0.0035816054 0.007297289 7.6672135e-05 2.6822756e-06 2.2688675e-07 0.00020511953 2.5409048e-07 0.014370729 0.9625105 0.0063877646 0.022147868 9.522574e-09 2.0676831e-08 0.01735209 0.0014433911 5.1404245e-09 3.8561314e-08 6.1591925e-07 1.0674938e-05 2.7469443e-06 4.784107e-07 0.0063772616 7.012328e-08 4.581654e-08 0.00051285245 5.832861e-08 2.346356e-07 1.4370261e-07 4.4741718e-08 0.00029970726 0.007889431 1.1233815e-06 4.1303547e-08 1.1552507e-08 9.2680914e-08 4.0294996e-08 1.08215295e-08 6.2293914e-08 4.2627406e-07 0.00015530322 2.6762963e-08 7.1307995e-09 1.1978554e-07 7.0017734e-07 1.0896818e-08 3.9132705e-05 3.8961744e-07 1.4936973e-06 0.00077222317 1.1181366e-08 3.5456569e-07 7.5869806e-08 6.491392e-05 2.6409575e-08 2.7609694e-06 0.0026403724 2.1866606e-07 6.360242e-07 5.32634e-08 1.8793693e-10 0.0018346232 1.9526804e-07 4.093825e-10 1.2057951e-08 1.2765557e-07 2.0309033e-06 4.9450337e-06 7.741344e-08 3.3971773e-10 1.4843129e-09 6.1306443e-10 5.878879e-11 8.458369e-08 2.0817054e-06 1.232329e-08 0.000107668595 1.3017461e-07 6.9500844e-10 2.6497102e-09
0.79758465 0.4767198 0.3936999 0.5304563 0.9707938 0.6713978 0.015699549 0.48797897 0.7627594 0.14730005 0.013038565 0.96090776 0.000111222784 0.14669773 0.00038000772 1.4643425e-12 0.106207095 0.021547016 3.652805e-05 0.0006871772 0.011198709 0.022994582 0.99520177 0.00044902042 0.8489133 0.091113426 0.00062754337 8.280543e-08 0.007717937 0.010228413 6.2507083e-06 0.056144793 0.0003811445 7.840216e-05 5.1232957e-05 0.00051040424 0.0002489205 9.026494e-05 0.00010049751 8.076843e-05 0.005028752 0.001828869 0.000103667175 0.081764646 6.3653056e-06 1.98003e-06 0.26409817 7.828486e-05 4.137864e-05 1.3513245e-06 2.0583115e-05 0.067865096 0.00028937502 6.6847395e-05 5.3993347e-07 4.9226054e-07 2.9413738e-07 6.9281833e-07 1.5769074e-05 9.2800055e-06 1.8065001e-06 0.024107022 3.474433e-05 6.0822863e-06 7.242997e-07 0.00018000099 3.3804255e-09 0.0014796216 1.3553999e-07 5.2827465e-05 0.005061595 5.0820592e-05 4.57224e-06 1.0618363e-07 0.00041433724 1.6339494e-06 3.3273477e-07 0.002208798 7.653195e-05 0.000108559725 1.2238002e-05 2.26217e-07 0.0054709134 2.646888e-06 6.4914785e-09 1.5886691e-07 2.4642034e-08 0.00010557622 0.00022278984 1.823689e-06 5.9565184e-07 9.678646e-08 3.127511e-08 1.604791e-08 3.12242e-05 0.00010255962 5.665125e-08 0.0005821747 2.5792719e-05 1.8434103e-07 1.4783409e-06
0.3278079 0.00038253568 0.041322794 0.0069580902 0.000578625 0.594667 0.13943239 0.8913302 0.00030862002 0.00010176606 0.9384366 0.90335435 3.5754451e-06 5.972499e-06 1.2144241e-06 0.106207095 5.1678215e-17 0.99973744 1.18403996e-07 2.389297e-06 8.1672115e-05 0.91697556 0.00888216 2.2308084e-08 0.52528787 0.7704802 0.59510666 5.9983335e-10 0.5837536 0.00030246837 2.3309804e-07 0.0006673991 3.7020185e-05 0.03354968 0.16553731 1.7264078e-05 2.1484959e-05 0.023609167 0.013783176 0.018653141 0.10705931 0.030450199 0.0010302444 0.0006381855 6.130203e-05 6.21663e-05 0.009623488 0.013375437 0.006102177 0.00032957963 0.004273748 0.00012482131 3.670926e-05 0.0006374929 7.107539e-07 3.3173606e-07 3.1932955e-06 2.0074895e-06 4.7074973e-05 2.5782418e-05 0.00011214397 0.002318312 0.0001333419 2.7330574e-05 4.446146e-06 0.0021546446 3.815022e-09 0.00053536164 8.355442e-08 5.5616692e-06 8.124369e-05 6.959467e-05 6.652128e-07 2.7572355e-08 0.00032615708 5.746666e-06 4.86711e-06 5.531601e-05 0.00010718697 0.00021529291 9.16798e-08 6.3151205e-08 0.0004688586 5.463426e-06 1.6464291e-09 2.2602701e-07 9.717379e-08 1.1829034e-05 8.340608e-05 5.368748e-07 6.305067e-09 5.493077e-09 1.4508665e-09 1.4770661e-09 4.7627227e-06 1.3563489e-05 1.980602e-08 0.00040338887 8.578199e-06 5.265871e-09 9.619926e-10
0.7796554 9.643929e-06 0.00047397253 2.4733163e-05 9.673562e-06 0.006268403 0.00061986834 0.13810822 2.5632447e-05 3.9902607e-06 0.20621052 0.21224605 5.9684305e-07 5.726858e-07 9.536683e-08 0.021547016 0.99973744 1.0702075e-14 8.591647e-09 3.395537e-07 1.0833343e-06 0.4573472 0.00799919 9.113493e-09 0.64834005 0.9299161 0.91436917 9.372272e-10 0.9751011 0.0002470783 6.596789e-08 4.6532212e-05 2.5648047e-05 0.12497681 0.049950074 5.3914366e-05 2.3647965e-06 0.046061497 0.01862683 0.19639386 0.30372778 0.19618277 0.0015342034 0.00033522915 0.00026279062 0.00094686524 0.0062397085 0.065687895 0.033595257 0.0016287849 0.0051245447 0.00017611556 4.7223224e-05 0.0012575069 6.852799e-05 2.0551908e-05 0.00011655614 7.982646e-05 0.0010157031 0.0002713125 0.00093786075 0.0040671076 0.0034883793 0.00023809152 4.089091e-05 0.051354107 4.6749588e-07 0.0020183607 2.4948204e-06 0.00014745815 0.00030663738 0.0001307111 2.4642915e-05 1.7038966e-06 0.0017902211 0.00016802871 0.00020593649 8.3000756e-05 0.0017646991 0.0010889964 3.3939848e-06 4.330363e-06 0.0003824184 8.509833e-05 4.216786e-08 8.124891e-06 1.4651679e-05 0.00023022896 0.00082109496 9.533151e-05 9.759754e-07 4.1272577e-07 1.6990424e-07 4.8931135e-09 0.00036446293 0.00033698732 2.2803734e-07 0.0020763285 0.0001372097 3.4735547e-07 7.276468e-08
0.04931044 0.11137838 0.0011294693 2.2920947e-05 0.0022626934 2.7508272e-06 7.7163673e-07 1.2884762e-07 0.012043279 0.9400357 2.8006943e-07 2.9567675e-06 0.0791166 0.33936396 0.9748942 3.652805e-05 1.18403996e-07 8.591647e-09 4.2937662e-16 0.99994665 0.47362217 3.3539415e-08 0.00013205854 0.6597505 8.807685e-06 2.185587e-07 6.9586996e-08 0.00075048866 2.2816685e-08 0.008380794 0.92832583 0.002660675 0.011586691 4.3570005e-09 2.7454683e-09 0.019325716 0.000950909 9.853219e-07 6.047519e-08 1.2727571e-07 6.032217e-07 1.4551819e-07 1.6758467e-07 0.0005153251 7.020612e-08 5.093189e-09 4.595555e-05 3.200066e-08 1.0954151e-07 3.6739483e-09 6.3843797e-09 3.644176e-05 0.002417571 1.510489e-06 3.4324955e-08 6.208521e-10 1.631136e-08 1.3514857e-08 5.2519308e-08 9.19898e-09 1.2014569e-07 1.0508135e-05 1.4566459e-08 1.267512e-09 4.5214065e-08 5.0715914e-07 8.1603196e-11 1.8303257e-06 6.105209e-09 9.500881e-08 0.00014046836 6.608841e-08 3.0340814e-08 5.2942295e-09 7.5015896e-07 5.5467e-08 1.1842041e-08 0.00060809497 3.818599e-08 1.209212e-06 6.369539e-06 6.2653477e-10 9.2849674e-05 2.086374e-08 1.6709654e-10 2.5929386e-10 7.2110584e-09 2.2020222e-06 1.0047212e-06 1.9898296e-08 1.0410433e-09 2.8240188e-10 8.091003e-09 6.1883006e-11 1.693711e-08 4.363831e-06 5.5812112e-08 6.0698658e-05 3.0585915e-07 7.1880843e-09 1.7257005e-08
0.40874973 0.007533954 0.0002774132 0.00013349687 0.000720869 6.746717e-05 8.404199e-06 2.4696944e-06 0.024400998 0.038855135 2.9032753e-06 9.437091e-06 0.0036214592 0.61845064 0.43346837 0.0006871772 2.389297e-06 3.395537e-07 0.99994665 9.826975e-12 0.9126984 9.856277e-08 0.0047258483 0.8471684 0.00040280187 1.1167944e-05 1.2131183e-06 0.008302329 3.026089e-06 0.19043429 0.9800051 0.10647767 0.3191694 3.3146915e-07 5.0776936e-07 0.38403967 0.034950085 2.796267e-07 1.4843633e-06 3.5437895e-06 1.959013e-05 1.0168801e-05 2.4526307e-06 0.024876073 8.7029355e-07 1.808247e-07 0.0027428311 1.1800039e-06 4.671405e-06 3.6555545e-07 6.501109e-08 0.0018296407 0.06788723 8.2608085e-06 1.5545198e-06 4.066746e-08 3.687181e-07 4.3106897e-07 4.1152117e-07 2.870843e-07 2.8261827e-06 0.0013909598 8.069289e-07 1.6252727e-08 2.9152043e-05 1.7910741e-05 1.1192505e-08 0.0003768482 6.942172e-07 6.0673534e-07 0.0068881325 6.793545e-07 1.8090465e-06 3.9017442e-07 6.759352e-05 1.063863e-06 1.1053567e-06 0.006278702 3.177378e-06 2.084271e-05 3.1416374e-07 4.1668224e-09 0.0011410848 1.5778078e-06 3.1528267e-09 3.5066054e-07 8.455707e-08 9.404137e-06 8.710039e-06 5.793906e-07 4.7044967e-08 3.2361207e-08 4.2703263e-08 3.182334e-09 2.2126979e-07 8.3731275e-06 8.206706e-08 0.00013497661 1.3862124e-06 2.3385496e-08 4.6074973e-08
0.9710718 0.25074553 0.009369498 0.00082007726 0.19400615 0.00047436162 2.2447262e-05 0.00011879983 0.7066041 0.71372664 9.706085e-07 0.0002850743 0.004207644 0.97461784 0.20265467 0.011198709 8.1672115e-05 1.0833343e-06 0.47362217 0.9126984 6.8884514e-14 8.087105e-06 0.071771294 0.7972611 0.0018510333 0.00017694234 4.941585e-07 0.029590398 1.5675894e-06 0.93952316 0.02058385 0.42258838 0.9393608 1.5281753e-07 2.4523257e-07 0.8095599 0.22711664 2.413522e-06 1.108623e-06 1.9497527e-06 0.0002148423 1.7579147e-05 1.5249558e-06 0.58227736 1.3043656e-07 5.9865414e-07 0.036064774 2.5277083e-07 7.5456455e-07 9.56996e-07 4.843552e-07 0.08406908 0.16706842 1.8475148e-05 1.4439195e-07 2.5779059e-08 8.3422697e-07 1.3723123e-07 2.0836488e-07 6.7211666e-08 3.2673316e-07 0.002421601 3.308487e-06 1.939362e-08 2.6043974e-05 5.6503686e-06 5.221036e-09 0.00021046175 1.568364e-08 2.2575935e-06 0.12098723 3.1399932e-07 1.9750067e-07 5.5016223e-09 0.00017623133 3.80258e-08 6.6877014e-08 0.07116953 1.7375528e-06 3.472788e-06 3.196955e-06 8.114979e-08 0.009925023 7.989503e-08 1.053468e-08 1.5524982e-07 8.45401e-09 1.1080686e-05 5.4341804e-06 1.2090528e-06 9.688864e-07 9.4235327e-07 9.751952e-08 3.506229e-08 8.811999e-07 2.6982683e-05 3.8803094e-08 0.0007181939 1.0094398e-06 5.4915397e-08 5.9274623e-08
0.6425144 0.00028983902 0.07285745 0.0014704226 0.00015268433 0.06669463 0.40745747 0.20110409 8.415264e-05 2.3482411e-05 0.96234095 0.30540168 4.9259023e-07 1.645887e-06 1.3135019e-07 0.022994582 0.91697556 0.4573472 3.3539415e-08 9.856277e-08 8.087105e-06 4.8407016e-17 0.014707629 3.6868244e-08 0.2974038 0.55411756 0.9729825 2.0836368e-09 0.26218665 3.7255497e-05 5.533874e-07 0.0001594383 2.474758e-05 0.24155016 0.94284165 2.2916358e-05 6.936789e-06 0.9736561 0.104247406 0.011861739 0.0099866185 0.008635658 0.0018812456 0.00035535687 0.00010225384 0.00071835826 0.00094498124 0.00018597751 0.00021348045 0.00013516122 0.47966522 0.00011571474 9.59124e-05 0.006124147 5.5519345e-06 7.2601205e-07 0.002371574 5.0673684e-06 4.5063225e-06 4.7941916e-07 5.2887985e-06 0.0015304601 1.442442e-06 3.8920263e-07 0.00041039754 0.00048080555 6.1877905e-08 0.0003261129 3.767386e-08 1.1107776e-06 1.898833e-05 1.0099438e-05 3.2220903e-08 4.5001194e-09 0.00037503644 1.6959318e-08 1.6167262e-07 0.0003299051 6.4239966e-06 7.0992275e-05 5.228834e-07 3.6778833e-06 0.0012295448 3.5744782e-07 4.807569e-09 2.1226792e-07 1.3852727e-08 5.991559e-06 5.36449e-05 1.7641563e-08 9.272733e-10 1.245218e-08 3.7553294e-10 2.247474e-11 3.2086675e-07 4.818632e-07 1.0216157e-07 0.0003313388 4.6986574e-07 4.5155069e-10 2.4480132e-08
0.9853277 0.45912334 0.2587001 0.06658314 0.61076283 0.13087972 0.002745549 0.2633081 0.72396696 0.24647044 0.003694031 0.50266963 9.858501e-05 0.33053643 0.0035816054 0.99520177 0.00888216 0.00799919 0.00013205854 0.0047258483 0.071771294 0.014707629 1.0906381e-12 0.0070906524 0.73319143 0.021642625 0.00034283428 3.0459742e-06 0.00021166504 0.20589219 3.541403e-05 0.54448223 0.006850369 2.326106e-05 2.917947e-05 0.0067828423 0.0028533197 1.6130993e-05 7.676985e-06 4.0342045e-05 0.011923267 0.0055727637 1.8155815e-06 0.7211133 9.263002e-08 4.1075265e-07 0.9277015 3.8344497e-05 4.5970497e-05 1.7896236e-06 1.4883558e-05 0.6037927 0.01515059 0.00018674244 9.615125e-09 4.7856783e-08 3.104163e-07 7.1766216e-08 3.1687217e-05 1.4234859e-05 3.22453e-07 0.31237802 0.00016267443 6.4047886e-06 8.614624e-06 0.002614557 1.3048744e-09 0.03175789 2.1026253e-08 0.00016515143 0.07164107 7.5191674e-05 2.78197e-05 5.5922506e-08 0.007163822 1.2101914e-06 1.1121371e-07 0.038658768 0.00056455564 0.0012500726 9.425407e-06 1.5832898e-08 0.090733714 2.4325468e-06 1.8857305e-08 8.081461e-08 3.9474642e-08 0.00033285806 0.00061409734 1.6448097e-05 5.7146644e-07 1.8013003e-07 7.1693705e-08 3.8968338e-08 0.00010172065 0.0004425061 4.326402e-09 0.00553521 0.00011376083 2.7201446e-07 6.377981e-08
0.9277686 0.00048283563 0.00027470812 8.808601e-06 0.00036460828 3.9543386e-07 1.0357107e-05 4.0197588e-06 0.0018924453 0.0014336342 1.4481076e-07 6.779016e-07 9.136337e-05 0.034765553 0.007297289 0.00044902042 2.2308084e-08 9.113493e-09 0.6597505 0.8471684 0.7972611 3.6868244e-08 0.0070906524 4.0225144e-14 0.0001635836 4.598622e-06 2.5852128e-08 0.99981666 8.2327155e-08 0.09085084 0.33438545 0.0364188 0.97180116 5.201594e-09 1.4378286e-08 0.534736 0.15187052 1.68096e-08 3.7724053e-08 5.9030356e-08 9.502331e-06 3.2240318e-05 4.360735e-08 0.06094313 6.36818e-09 1.15803696e-08 0.00042567938 2.314928e-07 1.8746206e-06 5.3207557e-08 6.07261e-07 0.021131216 0.85724014 1.9571767e-06 4.149525e-09 2.5265166e-08 6.5068775e-08 6.8889023e-09 2.8160784e-07 4.575411e-06 2.5193813e-07 0.0011567271 9.58419e-07 1.5292119e-07 4.0333614e-07 1.2018488e-05 5.516362e-10 0.00032542413 9.711613e-09 4.10938e-05 0.07114922 1.0088199e-06 4.2467436e-06 2.3674113e-08 0.0002381492 3.839543e-07 2.2163833e-07 0.106601454 2.7538404e-06 1.6529837e-05 4.402318e-09 1.0392006e-08 0.006848808 8.990931e-08 3.102674e-09 1.8246605e-07 8.6656115e-08 8.7460096e-05 4.8846287e-05 2.5445727e-06 6.804013e-08 2.0449782e-08 1.3325988e-10 5.7438464e-11 1.9647937e-06 5.8563774e-06 7.959926e-10 0.0007609336 1.6650476e-05 9.9706195e-11 7.839946e-09
0.9913914 0.1250987 0.21619634 0.17101926 0.7892436 0.4635362 0.020237017 0.7330717 0.15702558 0.021636562 0.074377045 0.97427016 3.8982e-05 0.015800033 7.6672135e-05 0.8489133 0.52528787 0.64834005 8.807685e-06 0.00040280187 0.0018510333 0.2974038 0.73319143 0.0001635836 2.4994375e-14 0.7933803 0.048097506 1.3319268e-06 0.111260675 0.015448606 3.0214262e-06 0.083386675 0.00039659315 0.006443985 0.001262829 0.0015915482 0.0008803109 0.0013641982 0.0010707756 0.0028920535 0.48249692 0.36381462 0.00034520566 0.40677926 1.8694871e-05 0.00011082711 0.89575404 0.015186378 0.013337631 8.192502e-05 0.00029025698 0.43020207 0.0026858351 0.0006089405 1.737702e-06 7.130977e-07 1.7838165e-06 2.4622418e-06 0.0016609489 0.0003606878 5.0636318e-05 0.5917418 0.004341741 0.0006471705 2.347126e-05 0.108016886 2.1569013e-08 0.18635307 1.1480026e-07 0.0011574278 0.03609493 0.0013960949 0.00034318806 2.0342809e-07 0.047116693 6.0604896e-05 1.1639857e-05 0.020339165 0.007350736 0.017706864 0.00019334508 1.4908034e-07 0.09472307 0.00011285434 2.9766632e-08 5.213324e-07 1.2267149e-06 0.0034695922 0.0069462624 0.0006620507 1.2456323e-06 8.6230284e-07 6.925108e-08 7.315684e-08 0.0008148718 0.0052747275 1.5714114e-07 0.01677383 0.0008111382 4.068707e-07 1.0884755e-07
0.96762174 0.00026795478 0.0012474653 0.00017573556 0.0010118136 0.013033076 0.00084764225 0.3156032 0.00044652505 0.00019882877 0.07607567 0.37282658 8.350528e-06 4.156877e-05 2.6822756e-06 0.091113426 0.7704802 0.9299161 2.185587e-07 1.1167944e-05 0.00017694234 0.55411756 0.021642625 4.598622e-06 0.7933803 7.093003e-14 0.7847321 2.4027623e-08 0.9903017 0.0026681558 2.1693245e-06 0.003894024 0.00011443819 0.48413652 0.119285926 0.00087247917 0.00042818868 0.2003343 0.14184964 0.19115272 0.94582576 0.7084488 0.029035332 0.007940855 0.0010270532 0.0014013039 0.17052393 0.3710092 0.20477134 0.0032339722 0.011327794 0.009011435 0.00044515892 0.028482037 1.4068414e-05 1.5312273e-05 7.825456e-05 3.3752236e-05 0.0059981863 0.0005880555 0.00051896437 0.062134307 0.027876394 0.0024084593 6.309808e-05 0.29130504 8.4336406e-08 0.030721467 2.6394255e-07 0.000818193 0.003138226 0.002745701 0.00014043649 3.4984518e-07 0.011239061 0.00021988094 2.9011568e-05 0.0007363864 0.009048861 0.016016426 1.5993453e-05 7.3509386e-06 0.00645485 0.00023520816 4.336615e-08 1.3853989e-05 1.1367754e-06 0.0010104867 0.007934473 0.00087712693 3.5580224e-06 1.7883798e-06 4.293071e-08 6.058865e-09 0.0011768392 0.003019908 2.2227981e-08 0.007083937 0.0022300933 1.949651e-07 2.2587272e-07
0.81946427 1.49641555e-05 0.00013524618 1.8703687e-06 4.5510014e-06 0.00011404978 0.00050959346 0.025392324 2.102531e-06 2.2864676e-06 0.2286458 0.0022871122 1.242274e-06 1.6727556e-07 2.2688675e-07 0.00062754337 0.59510666 0.91436917 6.9586996e-08 1.2131183e-06 4.941585e-07 0.9729825 0.00034283428 2.5852128e-08 0.048097506 0.7847321 3.8265107e-15 2.149509e-08 0.8987483 2.037131e-05 1.2008681e-07 4.2274754e-05 4.0154555e-06 0.9828084 0.9239614 6.085762e-06 1.2548102e-05 0.6027354 0.9340247 0.6506075 0.220921 0.19673415 0.4089019 5.4342716e-05 0.020123767 0.023609858 0.00039434366 0.16311404 0.14710547 0.0068893177 0.450012 1.7317685e-05 6.873692e-05 0.43973848 0.00020858012 7.965528e-05 0.022703435 0.00010395359 0.0025076517 0.00026283498 0.0019598375 0.0005369442 0.003018444 0.0008556638 0.0008119698 0.030901076 1.0169204e-06 0.00026307948 8.5246365e-06 0.0001281955 5.7061417e-05 0.0006737651 0.00010631693 1.2461422e-06 0.00046245832 9.30643e-05 7.259968e-05 6.9162716e-06 0.0003073781 0.0004588892 8.900691e-05 6.527799e-06 0.0002238404 5.8985872e-05 1.5815371e-07 5.6030185e-06 2.3166342e-06 0.00010313173 0.0005184612 8.343196e-06 2.1459604e-07 7.790338e-07 3.372094e-08 2.3723112e-08 8.8673936e-05 0.00015111317 1.8539198e-07 0.0006159728 3.320637e-05 2.3152019e-07 3.5429497e-07
0.078055 2.7609365e-05 4.5477386e-06 4.6402878e-08 7.685251e-07 1.5352e-09 1.6290521e-07 3.6003456e-07 3.5500302e-06 3.9206076e-05 1.7433404e-08 3.62145e-08 1.3077344e-06 0.0001543473 0.00020511953 8.280543e-08 5.9983335e-10 9.372272e-10 0.00075048866 0.008302329 0.029590398 2.0836368e-09 3.0459742e-06 0.99981666 1.3319268e-06 2.4027623e-08 2.149509e-08 1.4458503e-16 1.9852948e-09 0.0003547003 0.9997771 0.00014400891 0.25542152 6.316551e-09 4.0929662e-10 0.014738716 0.0017885753 7.0960664e-09 2.0520305e-08 2.1774532e-08 1.37691165e-08 1.6278072e-08 6.53365e-09 0.0004659894 2.5145588e-09 1.671758e-08 8.717053e-06 8.57328e-09 4.7685212e-08 4.8098922e-08 2.3386164e-08 8.116222e-05 0.31113344 2.7033386e-06 9.28603e-09 7.0030612e-09 7.8437346e-08 6.6406834e-08 1.1302292e-09 1.4858341e-07 2.5826614e-07 1.9484996e-06 3.324301e-08 2.14005e-07 3.639662e-08 1.0188351e-07 1.03510485e-10 1.4271253e-06 1.2819915e-08 2.9470792e-07 0.0018365699 5.972003e-08 1.9519136e-07 4.2495083e-09 4.0564214e-07 4.306973e-08 2.2877956e-08 0.0030769883 9.78913e-08 7.0206085e-07 1.7889597e-08 2.2848455e-10 9.112755e-05 4.643818e-09 8.219797e-09 1.0772599e-08 3.1120903e-10 3.3507952e-08 2.1818932e-08 3.468597e-10 1.5804912e-10 3.2565613e-11 6.350719e-11 1.4997205e-12 5.1849627e-09 4.0207933e-08 3.6477896e-10 1.827379e-05 4.7635007e-09 2.3652197e-10 1.6411242e-09
0.8460614 1.1715866e-05 0.00017052672 4.1021092e-05 9.376202e-05 0.001451631 7.0797636e-05 0.04248069 5.2800347e-06 5.9850313e-06 0.030325469 0.08008583 4.4222125e-07 7.6719823e-07 2.5409048e-07 0.007717937 0.5837536 0.9751011 2.2816685e-08 3.026089e-06 1.5675894e-06 0.26218665 0.00021166504 8.2327155e-08 0.111260675 0.9903017 0.8987483 1.9852948e-09 1.0514147e-15 0.0001362942 2.1055389e-08 0.00010149419 1.0010666e-06 0.73787636 0.07372527 1.0914162e-05 4.39713e-06 0.07813206 0.18524218 0.8757897 0.9292287 0.5139575 0.055216685 0.000361834 0.005137904 0.010272291 0.00997503 0.28893864 0.14722633 0.033928413 0.004029477 0.000725729 1.4394079e-06 0.01047866 0.00023994538 0.0003332532 0.000105203144 0.00020953853 0.009045152 0.0014280342 0.0016089304 0.008605153 0.015865436 0.0019317976 2.7595232e-05 0.19368911 2.1173953e-06 0.0058274018 1.346514e-05 0.00053344644 0.00026490854 0.0013722837 0.00035341285 5.9348154e-06 0.004337768 0.0004986982 0.00027454784 6.8896654e-05 0.0029082152 0.0043270336 6.398113e-05 2.4374372e-06 0.0008153196 0.0003097635 4.0604084e-07 8.473678e-06 1.0584424e-05 0.0006794683 0.0015832137 0.0003000865 9.054256e-07 1.7209902e-06 7.410903e-08 8.640755e-08 0.00042251192 0.002337055 3.1688452e-07 0.0014489746 0.0006649433 1.1680149e-06 3.816449e-07
0.6775929 0.029193047 0.0005534894 0.0015426601 0.12230369 0.00077439623 8.964613e-06 0.00018416332 0.5853835 0.12110829 1.8828545e-05 0.005483787 0.0002755225 0.8743408 0.014370729 0.010228413 0.00030246837 0.0002470783 0.008380794 0.19043429 0.93952316 3.7255497e-05 0.20589219 0.09085084 0.015448606 0.0026681558 2.037131e-05 0.0003547003 0.0001362942 1.2954038e-13 0.00021386394 0.9944887 0.90538955 9.307962e-06 1.2920981e-06 0.95535284 0.50242853 1.1757969e-06 2.5103134e-05 6.955877e-05 0.0030627672 0.0020253686 2.432295e-05 0.3362027 7.018765e-06 1.6452599e-05 0.10748555 2.0401816e-05 0.00014810787 1.8750527e-05 8.914499e-08 0.03930315 0.023284623 1.2469422e-06 3.2367998e-06 2.0099128e-06 5.0648314e-06 1.9661085e-05 9.017964e-06 1.6327585e-05 1.8323752e-05 0.010089307 6.3948064e-05 5.3641033e-06 1.4722432e-06 0.00017264464 3.5684476e-08 0.0012338845 1.3219916e-06 0.00014051567 0.068689756 1.1161928e-05 3.8269463e-05 2.901674e-07 0.0009864502 1.0848996e-06 2.4991878e-06 0.01587273 8.144865e-05 0.00014663147 5.0557355e-06 6.8042176e-09 0.0104054725 4.13134e-06 5.9025396e-08 2.4702942e-07 1.1136244e-08 0.00020185686 0.00021546979 2.8733055e-05 1.1828431e-08 2.38319e-07 3.6074898e-08 6.097528e-09 1.8058568e-05 0.0004862647 5.644662e-07 0.00092751795 2.595939e-05 3.0459466e-07 1.260735e-08
