9.404426e-15 0.22854576 0.15534414 0.01483861 0.7589222 0.0028191016 0.83395267 0.0048655276 0.6374741 0.06797994 0.00036759762 0.4223235 2.6017124e-06 0.12199174 0.5746825 0.97427213 0.9781424 0.93014836 0.9640156 0.9749776 0.94972134 0.7891987 0.5722202 0.3642084 0.7619685 0.77543235 0.73302954 0.018303879 0.9367319 0.9572524 0.82298154 0.4734264 0.9902979 0.73319787 0.9233992 0.9443204 0.9615516 0.83503616 0.271307 0.9393106 0.8067089 0.6449411 0.69534415 0.08174192 0.8132879 0.9807719 0.7397065 0.026448479 0.8732072 0.812258 0.92110157 0.74797696 0.63233274 0.89863575 0.25925297 0.89889723 0.9861184 0.93765336 0.794365 0.9477759 0.6502827 0.9391318 0.9986236 0.7141926 0.9148714 0.1790308 0.7202159 0.9074725 0.80074257 0.81565225 0.9799202 0.9535071 0.96623105 0.6028982 0.976715 0.94164795 0.12153946 0.9790492 0.000120579534 0.006470533 0.1725622 5.488223e-05 0.6516275 0.93532664 0.9185761 0.94844556 0.735272 0.9626578 0.0039153355 0.9932537 0.8107827 0.6985519 0.92089736 0.8925525 0.14934798 0.31000587 0.97568977 0.99995124 0.50692 0.9997106 0.9999384
0.22854576 9.178511e-16 0.9978544 0.8753832 0.9932179 0.94362503 0.75303495 0.40939564 0.35076046 0.040605433 0.00019655132 0.05976907 2.504283e-07 0.0011208171 0.0005276612 0.07276336 0.09140419 0.000828477 0.07584682 0.011478984 0.00021793359 0.020665767 0.00036247278 0.0045069554 2.1293042e-06 9.4489195e-07 0.0017658102 1.8090957e-05 0.011824094 0.009586025 6.2745056e-07 9.1540535e-08 0.002055536 4.5230365e-08 3.2053503e-08 0.00011711425 0.00061587145 5.668411e-08 5.156643e-07 1.0817326e-07 0.00044834177 0.0001537746 0.00019755503 1.4479598e-07 8.758287e-05 2.1674002e-07 6.06623e-09 5.506384e-05 2.6623446e-09 9.641722e-08 1.2678682e-06 0.00071794086 0.00026082364 3.8953328e-08 1.34349e-06 5.1543566e-07 3.0530995e-08 5.5149714e-05 6.3161316e-08 2.822872e-06 9.2844886e-07 1.8703337e-09 0.00061236834 2.1750737e-09 6.62827e-08 2.271118e-06 1.7148858e-08 1.1756018e-06 5.1254972e-08 8.954421e-09 5.9767977e-09 6.436859e-05 0.00013047308 6.7260113e-09 3.350126e-07 4.798533e-10 3.3841894e-07 2.245151e-08 1.6653053e-10 7.4457746e-11 3.6072059e-09 8.6924155e-11 2.533127e-08 0.000102053345 6.8376227e-10 7.60152e-05 1.9174331e-08 0.00014930921 1.2671792e-08 3.1052834e-06 1.6465328e-09 2.4627735e-09 2.151132e-09 1.0543624e-08 1.1001551e-08 5.964513e-08 0.0009401837 2.007345e-05 3.396732e-09 3.2630378e-05 1.257044e-07
0.15534414 0.9978544 2.166046e-15 0.95464563 0.9100951 0.56404614 0.9310248 0.095364444 0.14269662 0.0128622465 9.037288e-05 0.11825223 8.992148e-08 4.7323898e-05 0.002199168 0.036656193 0.061823566 0.015475405 0.093692705 0.070061944 0.003365032 0.014907922 0.0012294573 0.0007772489 5.1729123e-05 3.0992825e-05 0.0011633616 0.0001701802 0.005874157 0.0033666526 1.0515172e-05 3.0995614e-06 0.00020784483 1.944935e-06 5.6679437e-07 0.00046441157 0.00082843465 7.322954e-07 4.442954e-06 2.2566549e-06 0.000533335 0.000118667216 0.00017021087 1.7014074e-06 0.000112382295 1.324273e-06 6.003192e-08 4.9978804e-05 1.1765859e-07 7.964129e-07 2.3666224e-05 0.00035098725 8.6850334e-05 3.497758e-07 2.2179916e-06 1.4261424e-05 7.6864757e-07 5.869055e-05 2.2058673e-07 3.6828624e-05 6.142712e-06 2.6969062e-08 0.00010661341 1.7873669e-08 1.2838659e-06 3.1097024e-06 2.724731e-06 1.7502514e-05 2.095741e-06 8.473079e-08 1.4598189e-07 5.234887e-05 0.00034107847 4.043419e-08 5.968633e-06 2.9437e-09 2.6968678e-06 6.7399645e-07 4.5104995e-09 2.5457517e-10 1.5137568e-08 6.6150135e-10 4.788372e-08 0.0001073571 2.3771303e-08 0.00011156645 3.979866e-08 0.00015058376 2.9982818e-08 2.044332e-05 1.2780023e-08 2.7900297e-08 2.799011e-08 2.3952023e-07 6.658923e-08 8.498555e-08 0.0002342043 6.964188e-05 1.7896422e-08 3.5542464e-05 1.665585e-06
0.01483861 0.8753832 0.95464563 3.649233e-16 0.060407538 0.99991924 0.9699373 0.015282296 0.0028158356 0.023657562 1.2727559e-05 0.8486518 1.1018139e-08 1.6017675e-07 0.009500466 0.00054427 0.0019175761 0.19753653 0.028014902 0.10462374 0.014443618 0.0036208236 0.0007669386 4.3776006e-05 0.0004679306 0.00012778732 0.0002948827 0.00038715047 0.0010026274 0.00056436955 7.906283e-05 2.2136342e-06 8.491815e-06 8.264331e-06 1.1641815e-06 0.0011863639 0.0009608796 4.6509058e-07 1.2987317e-05 1.5040041e-05 0.0001973944 0.00016867879 0.00015926262 2.357143e-06 1.8473685e-05 2.9271794e-06 1.6531356e-08 0.00019563276 2.321577e-08 3.387735e-07 0.000506482 6.9892612e-06 1.3912528e-06 1.077203e-07 8.893784e-07 2.9047753e-05 1.1365097e-06 6.223359e-06 2.9420835e-07 0.00031337247 7.0618967e-06 1.8898351e-08 1.8918847e-05 9.450163e-09 5.243291e-07 8.183034e-06 8.5763713e-07 3.1714848e-05 3.1807033e-06 6.808398e-09 3.762279e-07 0.00016433587 0.00019281624 1.6770763e-07 4.1430226e-06 2.2851834e-08 1.1912422e-07 1.3940415e-07 5.99961e-08 2.5515147e-08 3.7436584e-10 1.9364582e-10 5.1650364e-08 0.00019156403 2.6500503e-08 0.00016218216 5.5305797e-08 0.00021769947 1.292734e-08 7.4229497e-06 3.8778083e-08 5.9406705e-08 1.3719e-07 8.3334946e-08 5.2357456e-07 2.1956106e-07 7.361016e-05 7.6999386e-05 1.1621017e-06 1.7734686e-05 3.2727999e-06
0.7589222 0.9932179 0.9100951 0.060407538 7.741741e-16 0.011776745 0.76331615 0.24820134 0.547452 0.076867126 6.0658207e-05 0.12619816 2.211584e-07 0.00021705932 0.003279571 0.7798489 0.9451346 0.010902314 0.9006077 0.36561248 0.0031816901 0.6030249 0.0009960461 0.068444654 5.737119e-05 5.4539545e-05 0.29511777 7.476857e-05 0.36055952 0.44071034 3.5504838e-06 3.9624927e-05 0.022486527 1.6586684e-05 1.0007062e-07 0.0047262674 0.050693326 3.4507295e-07 5.1378693e-06 6.3697364e-05 0.08324779 0.019865261 0.020246891 8.164221e-07 0.013654418 5.915191e-06 7.352194e-08 7.118203e-05 1.13547124e-07 7.15758e-08 1.1827737e-05 0.01685475 0.018320203 2.594021e-07 8.304347e-08 9.944022e-07 1.3262401e-07 0.015244908 1.3169236e-07 0.0002586217 1.7985403e-05 6.144027e-09 0.011145825 8.5162746e-08 1.1476207e-05 8.9994967e-07 4.9509055e-07 0.00019913336 1.7077839e-07 4.3644796e-08 5.4875477e-09 0.00067875464 0.004877798 6.433352e-08 6.3308466e-06 6.13714e-09 2.2249243e-07 2.6535315e-07 8.519097e-09 8.7124835e-11 1.7010601e-08 3.047424e-10 2.3866983e-08 0.001774697 8.3984136e-10 0.0016050974 2.7188426e-07 0.0010725174 5.793198e-09 3.2452954e-05 3.3881665e-08 2.2440208e-08 6.244258e-09 5.795459e-07 1.12858565e-07 1.6666726e-07 0.008217914 0.00016472657 8.53769e-09 0.0010997608 3.0660283e-06
0.0028191016 0.94362503 0.56404614 0.99991924 0.011776745 2.8718445e-15 0.055986606 0.8376564 0.037640166 0.029566815 0.0010763415 0.97349715 4.742449e-06 0.00014665483 0.012209238 0.0011399231 0.0006654863 0.020589061 0.0034264848 0.00040420488 0.0008739606 0.0002246852 0.0024683785 0.00037408734 4.6970938e-05 9.736103e-07 1.3291105e-05 0.0009894582 8.759673e-05 3.867348e-05 2.7383053e-06 4.8046473e-08 2.0717169e-05 4.8794348e-08 4.695452e-08 3.26652e-06 3.5724147e-06 1.7209606e-08 4.735855e-06 4.4452403e-07 7.953735e-06 5.833893e-07 3.096716e-06 9.4259555e-08 2.4166923e-07 1.9308186e-07 6.9045294e-09 0.0006992421 3.7610377e-09 2.820917e-07 1.6143626e-07 4.9928826e-07 1.675846e-06 8.917152e-08 1.1111708e-06 1.6429635e-08 6.0837884e-08 4.059723e-07 4.1900464e-07 2.0129455e-06 1.0718865e-07 4.405812e-09 1.6169089e-06 2.4050675e-09 1.0045573e-08 9.217154e-06 5.3843863e-09 1.38254e-07 2.9962465e-08 1.3921169e-08 8.08101e-09 1.2909699e-06 1.7345593e-06 1.3563928e-07 2.9085905e-08 2.782372e-08 2.9581005e-07 2.3140736e-09 1.2299831e-08 4.866587e-09 5.3113382e-11 8.946103e-10 2.887696e-08 5.054646e-06 1.9063256e-08 3.5262485e-06 5.163264e-08 1.9485955e-05 3.6976236e-10 1.8922654e-07 7.0547976e-09 1.0017294e-08 1.3010653e-08 4.2750843e-09 2.050407e-08 1.5481442e-07 4.0377145e-05 6.7551053e-07 3.6580005e-08 1.3521702e-06 1.8293528e-07
0.83395267 0.75303495 0.9310248 0.9699373 0.76331615 0.055986606 2.8084328e-16 0.020007448 0.06596379 0.0078004953 3.9335337e-06 0.7673999 1.16879475e-08 3.6724894e-06 0.34038597 0.18433997 0.49854222 0.22205119 0.97159123 0.96616226 0.071034275 0.49440888 0.022837784 0.0049593323 0.0014872653 0.00073911867 0.05584247 0.00046928538 0.40195033 0.1411621 0.00013276645 0.00035031777 0.00040035258 0.00044307977 6.888164e-06 0.04466683 0.23017853 1.9906394e-05 0.00012025283 0.0034586408 0.12185023 0.023140317 0.024250498 2.0909027e-05 0.009552496 0.00038925462 5.9740404e-07 0.0010172483 2.3434874e-05 2.4530016e-07 0.00077587506 0.0012005452 0.0006985376 8.441825e-06 1.3042655e-06 6.0944887e-05 1.7479013e-05 0.013351508 2.848104e-06 0.0056868973 0.00057673926 1.9343626e-07 0.00046075642 8.675059e-07 0.00023893769 3.7763828e-06 4.2744286e-05 0.002146357 7.1868335e-06 1.3668097e-07 5.753238e-07 0.0016211272 0.015004599 9.584679e-08 0.00040785383 1.7601801e-08 2.349907e-06 9.737585e-06 2.1870984e-07 7.545594e-11 1.5992514e-08 4.137417e-09 1.4946141e-07 0.0019148523 6.031552e-08 0.0024748277 1.17051776e-07 0.0018127356 5.0341686e-09 0.000103062914 2.366071e-06 3.9575507e-08 1.9408774e-06 3.2758868e-05 1.8662834e-06 9.000002e-07 0.0037661097 0.00055616064 3.2911052e-07 0.0011575862 2.0684181e-05
0.0048655276 0.40939564 0.095364444 0.015282296 0.24820134 0.8376564 0.020007448 5.0398145e-14 0.058451768 0.99825823 0.9992535 0.016531328 5.566973e-05 0.00085585687 0.0001187724 0.0061143697 0.0048047374 0.0018027545 0.0019479333 0.00023625355 0.0008771449 0.0008917846 0.00015370482 0.0016460487 2.8453365e-05 2.1617966e-06 0.00031347977 0.0001105441 0.00035865526 0.00045862232 5.9619483e-06 5.184103e-07 0.00021578153 5.3410363e-06 5.0388377e-07 1.6886945e-05 2.0484733e-05 2.0921551e-07 7.0999175e-07 1.9259403e-06 1.9449453e-05 3.9375554e-05 2.7697477e-05 2.9037335e-07 3.995724e-05 2.0017828e-06 4.039609e-07 2.1892627e-05 1.4669209e-07 2.973776e-07 4.7417207e-06 4.1399935e-06 3.8988546e-05 4.0854147e-07 5.0617846e-06 7.080495e-08 3.9073748e-07 1.8253184e-05 2.7929502e-06 4.069534e-05 2.8265748e-07 1.358963e-07 0.00014442122 3.227123e-07 8.925255e-07 1.7019811e-05 6.1088663e-09 2.6343861e-05 5.8540184e-07 1.7876926e-06 1.0769316e-07 1.1475824e-05 0.00011073182 5.883662e-06 2.759677e-06 3.4406332e-06 9.674309e-06 1.597442e-06 2.994407e-08 3.8980083e-08 5.915388e-08 1.603711e-08 1.6628934e-06 2.622652e-05 4.0857945e-08 0.0001231239 1.6057365e-05 0.00014069576 2.380951e-08 1.0105894e-05 1.0311574e-07 9.598546e-08 3.1684087e-06 1.6654698e-07 1.5185298e-06 7.858328e-06 0.00032292985 0.00022617182 1.3021788e-06 9.2425704e-05 8.584948e-07
0.6374741 0.35076046 0.14269662 0.0028158356 0.547452 0.037640166 0.06596379 0.058451768 1.3367404e-14 0.99883443 0.0017429874 0.003509003 2.251601e-06 0.016202949 2.9614664e-06 0.98557264 0.8798244 6.577595e-05 0.318526 0.011101069 0.00019331317 0.22320251 5.2327255e-07 0.24985193 3.365733e-06 4.9887017e-06 0.2978709 3.7179632e-06 0.08047651 0.36664203 1.4687162e-06 7.525448e-06 0.016759932 6.3276657e-06 1.6328013e-08 0.00033930773 0.0023676895 3.400385e-07 7.581859e-08 1.8370636e-06 0.01911922 0.009910755 0.00795852 9.82997e-07 0.021948494 7.527547e-07 6.086063e-08 2.0054115e-06 7.339163e-08 3.1514755e-08 2.5216998e-06 0.10658614 0.064018264 8.719296e-08 2.472868e-07 5.036411e-07 2.0558082e-07 0.018456994 1.775611e-07 0.00024098837 9.746969e-06 3.714231e-08 0.019389179 3.664733e-08 3.8192766e-06 3.524929e-07 7.513465e-08 0.00029072905 7.6523655e-08 5.479403e-08 3.222656e-08 0.001831252 0.010783738 8.9162846e-08 1.19209235e-05 1.3936949e-08 8.930795e-06 5.809104e-07 3.9579586e-08 3.519767e-10 4.7402647e-08 2.7080143e-08 4.5890954e-07 0.0014014154 4.6431428e-10 0.0031704432 7.815185e-07 0.0008978571 1.4997659e-07 3.858363e-05 8.574621e-09 9.31793e-09 4.2480842e-08 1.0532897e-07 7.965884e-07 1.9953661e-07 0.017293254 0.0008513262 6.5869074e-08 0.0020776358 1.3776827e-06
0.06797994 0.040605433 0.0128622465 0.023657562 0.076867126 0.029566815 0.0078004953 0.99825823 0.99883443 1.5918065e-13 0.027570132 0.0038664094 0.0001314014 0.86628044 2.0919788e-06 0.16297166 0.06060747 6.295745e-06 0.00632465 0.0001434487 1.9490266e-05 0.0027500272 9.49801e-06 0.054590426 2.3590017e-07 8.9145665e-08 0.0067534996 4.5745774e-06 0.0008035504 0.0067841555 6.1645994e-07 2.2383344e-07 0.004033935 1.0300742e-07 2.6837288e-08 5.485494e-06 4.524517e-06 3.9460883e-07 4.098179e-07 9.183657e-09 7.290538e-05 5.0699327e-05 8.377588e-05 9.481172e-07 0.000105601495 1.2585919e-08 7.7938196e-08 8.4853955e-06 2.4312883e-09 2.9796906e-06 2.435491e-07 0.0015604182 0.0035446638 5.563345e-08 4.6123473e-06 2.3507036e-07 4.8678704e-08 3.738919e-05 2.3548995e-07 4.0167733e-06 1.0015483e-07 1.1228297e-08 0.0013935011 5.804018e-08 3.824678e-08 2.9086312e-05 1.9779103e-08 5.663172e-07 1.1150747e-07 1.0175295e-06 8.111478e-09 3.996838e-06 5.5881115e-05 1.6957282e-06 1.1747729e-07 3.2351009e-09 9.256618e-06 1.4399695e-08 2.8076744e-07 1.830803e-07 9.193753e-07 1.6593724e-07 5.2044056e-06 3.2498916e-05 1.6292011e-09 7.2435156e-05 4.159565e-07 3.2770615e-05 8.6077584e-08 4.6622742e-07 1.0934497e-09 7.633327e-08 8.433793e-10 3.1833902e-09 6.764521e-08 6.7192694e-08 0.00025841803 1.76975e-05 6.5433277e-09 2.13202e-05 5.5945023e-08
0.00036759762 0.00019655132 9.037288e-05 1.2727559e-05 6.0658207e-05 0.0010763415 3.9335337e-06 0.9992535 0.0017429874 0.027570132 1.8594906e-18 0.00024822424 0.9999984 0.00078337773 2.3996859e-07 0.00042513007 0.00012211998 2.9544788e-06 1.3205117e-05 1.0575397e-06 1.2106134e-05 2.0247803e-06 1.2088279e-06 0.00013936115 1.2485731e-07 7.414381e-08 1.9536586e-05 1.04495136e-07 2.8843767e-06 3.2192635e-05 3.837897e-08 7.0505905e-08 4.512374e-06 1.9655965e-07 8.892389e-08 3.3909743e-07 8.1775646e-08 1.2341243e-07 2.2947698e-07 7.063553e-08 2.590985e-07 3.5811112e-07 2.4311097e-07 3.2138459e-09 8.5400194e-07 3.6919825e-08 3.30005e-07 3.8952253e-06 1.3819862e-09 1.971386e-07 2.9635586e-07 9.170849e-08 7.8711344e-07 1.036384e-08 1.2215648e-07 3.255113e-08 1.4744351e-08 1.7170821e-06 1.8118746e-08 6.5960757e-07 2.000237e-08 7.8724966e-08 2.0772475e-06 6.1171797e-09 1.5768164e-08 1.1764665e-06 1.2132623e-09 2.0237621e-07 9.7935e-08 6.85224e-08 7.021871e-08 1.457673e-06 7.780067e-06 1.9383238e-07 1.7998391e-07 1.8807913e-08 1.6926704e-07 4.2283337e-09 2.2515223e-09 7.9156104e-10 5.9720624e-11 4.6813782e-11 4.1690487e-07 7.1268164e-07 7.6542745e-09 1.2106624e-06 3.9655752e-08 3.3595872e-05 5.1674925e-11 4.5380492e-07 2.6072624e-09 9.573585e-09 1.086508e-09 5.8104392e-09 7.741827e-09 2.5126136e-08 7.621129e-06 3.1500953e-05 6.404345e-09 2.8278799e-05 1.5015247e-07
0.4223235 0.05976907 0.11825223 0.8486518 0.12619816 0.97349715 0.7673999 0.016531328 0.003509003 0.0038664094 0.00024822424 2.1440178e-12 1.083231e-06 2.3799535e-05 0.9999588 0.01411937 0.08371508 0.9515811 0.43625957 0.72989273 0.092301376 0.047355186 0.14806426 0.0035670449 0.01887481 0.00033322332 0.002509453 0.0054626763 0.038157422 0.0063280915 0.00028928948 2.7880444e-05 0.0014808223 0.00011074798 3.432769e-05 0.006257306 0.03332043 9.4953604e-05 0.00025366715 0.00049779896 0.006611979 0.00081523956 0.0019763722 1.14391105e-05 0.00050957524 0.00015675042 1.969786e-06 0.013423497 2.969569e-06 3.8805724e-06 0.00016055704 0.0013262219 0.00011178468 3.6146428e-06 7.015405e-06 3.219107e-05 6.273665e-06 0.0032030407 1.1325745e-06 0.00044124378 5.5314948e-05 3.6777027e-07 0.0019921646 1.0425246e-07 0.00010132118 0.00012486392 1.9045576e-06 0.00015964766 1.4501385e-06 4.987198e-08 1.2138717e-06 0.00447301 0.0058678975 2.7788303e-07 0.0001635323 6.37578e-08 6.239467e-07 7.380135e-07 2.572459e-06 2.049242e-08 3.554095e-08 2.2261053e-10 8.9018613e-07 0.010727804 2.3512752e-07 0.004552395 1.6109455e-07 0.0042625256 2.8995897e-08 0.00016909368 8.275522e-06 4.6172893e-08 2.0541022e-06 4.727047e-06 2.2590653e-07 6.68487e-08 0.0044298433 0.0008326814 1.6116761e-06 0.0010259538 8.9167654e-05
2.6017124e-06 2.504283e-07 8.992148e-08 1.1018139e-08 2.211584e-07 4.742449e-06 1.16879475e-08 5.566973e-05 2.251601e-06 0.0001314014 0.9999984 1.083231e-06 3.3988727e-19 0.99999964 3.6996077e-09 1.5586288e-06 4.438505e-07 2.7900349e-08 3.5243524e-08 6.647422e-09 1.1234302e-07 3.0885875e-08 3.512863e-08 8.4351705e-06 2.1875972e-09 3.6500951e-09 8.2430546e-08 1.4190055e-08 2.4514614e-08 7.6456945e-07 1.0122096e-09 6.869221e-09 2.2672756e-07 1.1115066e-08 6.458787e-09 6.3050187e-09 1.8131389e-09 1.9699842e-09 1.5877798e-09 5.912396e-09 2.6016242e-09 1.7933736e-08 1.2624194e-08 5.511093e-10 3.455684e-08 7.065045e-09 1.8812326e-08 5.1087582e-08 6.0022964e-09 1.5138903e-07 6.082915e-09 2.3776382e-08 1.213783e-07 3.4771723e-08 4.9929085e-08 2.311458e-09 1.1793602e-08 1.6617383e-07 8.740089e-09 1.0123414e-08 1.4500671e-09 1.6482586e-08 3.4931446e-07 1.1534429e-08 6.465168e-10 1.12873416e-07 3.1359362e-10 1.1620927e-08 9.44582e-09 8.992765e-08 2.9595153e-08 8.5009056e-08 3.7598863e-07 5.4377756e-09 1.4573325e-08 1.0130966e-08 2.4044344e-09 3.9452637e-09 4.480929e-11 2.7841352e-11 7.4520723e-10 3.818569e-12 3.3905135e-08 2.9493156e-08 2.9104537e-09 2.660322e-07 2.8204099e-08 2.2784877e-06 1.7098403e-11 1.9332202e-08 1.3686682e-09 5.735433e-09 2.7077426e-10 1.2872663e-09 2.973841e-09 2.15792e-10 3.1424213e-06 1.0999389e-06 3.568342e-10 6.144074e-07 9.229718e-09
0.12199174 0.0011208171 4.7323898e-05 1.6017675e-07 0.00021705932 0.00014665483 3.6724894e-06 0.00085585687 0.016202949 0.86628044 0.00078337773 2.3799535e-05 0.99999964 7.222708e-15 1.37979566e-08 0.15938546 0.0054910644 3.5354583e-06 2.735352e-05 2.813731e-06 7.7018e-06 0.00012654341 1.1681632e-06 0.9909852 5.6052124e-07 3.6731393e-07 0.0010398012 3.889794e-08 0.00014022771 0.006931188 1.6187735e-07 6.4933765e-08 0.0796428 3.6080212e-07 3.6976928e-07 4.9967007e-06 2.6456087e-06 1.9978663e-07 2.0769242e-08 6.099308e-07 2.4938368e-05 0.00012871528 7.803322e-05 6.9352297e-09 0.00077768485 5.494903e-08 2.2300426e-08 1.9124677e-06 1.7030079e-08 7.8540786e-08 4.7149265e-06 0.023487968 0.054252036 8.61796e-08 4.0364224e-08 1.6492211e-06 1.405326e-07 0.0003370503 1.2499896e-07 3.125165e-06 6.885927e-07 6.610607e-08 0.09206383 2.5582638e-08 1.5095968e-07 2.1509065e-07 1.7539355e-07 1.6100385e-06 1.8966105e-07 1.0094227e-07 3.458485e-07 0.00020441283 0.0019110166 2.078548e-09 1.6169597e-06 6.176035e-08 5.65382e-09 1.1326943e-08 3.914164e-10 5.8483926e-11 1.3731709e-09 3.6156176e-12 7.199542e-09 0.0001621585 9.798508e-08 0.0035714256 3.4232814e-09 0.0005028759 4.1940898e-10 8.988942e-06 1.0311731e-07 1.6929585e-08 1.9565753e-08 1.90168e-07 2.238865e-08 6.6893944e-09 0.02708785 5.8090216e-05 1.4381276e-08 0.0018012826 1.6370984e-06
0.5746825 0.0005276612 0.002199168 0.009500466 0.003279571 0.012209238 0.34038597 0.0001187724 2.9614664e-06 2.0919788e-06 2.3996859e-07 0.9999588 3.6996077e-09 1.37979566e-08 3.270891e-15 0.00014428936 0.00028210232 0.894901 0.120435655 0.5438675 0.30265707 0.0007089844 0.9815574 8.402313e-05 0.294541 0.028936915 5.235551e-07 0.8458425 0.001534485 4.4374807e-05 0.004121858 0.00019509412 1.1149566e-05 0.0013287026 0.00017928233 0.020832757 0.027935507 2.7576158e-05 0.0031319961 0.0030397875 0.00033745586 3.175165e-05 7.651809e-05 9.379367e-05 9.169131e-07 0.0001467098 1.541296e-06 0.091108516 1.7587054e-06 2.7589217e-06 0.000107083164 7.331287e-06 2.4271996e-05 1.7436738e-05 1.1433679e-05 7.290986e-06 1.4431816e-05 0.0002669422 1.3217143e-06 0.00046467563 1.1160736e-05 1.233209e-07 6.8834655e-05 4.6805997e-08 1.6506309e-06 0.0002719586 9.842033e-07 0.00023629544 3.4222683e-06 1.3460216e-08 1.7013815e-06 0.0015192431 0.004829704 8.686894e-08 4.4069136e-05 4.088646e-09 3.505054e-07 5.0322393e-07 1.0977064e-05 1.9887512e-09 1.8031263e-10 2.4254396e-08 3.248644e-08 0.00064134656 1.7250145e-06 0.0005301593 5.6790814e-08 0.002361427 1.7871163e-10 0.0003383119 2.0601457e-05 5.0264446e-09 7.4506947e-06 0.00021852944 3.673887e-08 3.736156e-07 0.00065410265 0.0005943771 2.4791655e-07 0.0010017114 0.00029322284
0.97427213 0.07276336 0.036656193 0.00054427 0.7798489 0.0011399231 0.18433997 0.0061143697 0.98557264 0.16297166 0.00042513007 0.01411937 1.5586288e-06 0.15938546 0.00014428936 1.1127517e-12 0.9542948 0.00013921264 0.02197181 0.0007254889 6.2930834e-05 0.088422254 3.247029e-05 0.8154395 1.5848784e-07 1.9871352e-06 0.5630751 4.030061e-06 0.11201933 0.7678076 2.2502002e-07 9.2956077e-07 0.08590921 7.1279305e-07 7.3395934e-09 8.873726e-06 0.00028919487 2.657937e-08 1.5568223e-06 1.9615648e-07 0.031054853 0.084658116 0.04486644 2.9421496e-06 0.16718096 3.5167645e-08 8.153716e-09 0.00014275937 2.2491541e-08 5.210814e-07 1.1942641e-06 0.652484 0.5283285 2.1356145e-08 2.77133e-07 3.4478975e-07 1.7791187e-08 0.31508857 2.5512216e-07 0.00023733162 2.9827559e-06 1.051089e-09 0.2036894 2.2777597e-08 2.3527862e-06 1.7890058e-06 9.5104355e-08 0.00015506495 2.6543956e-08 1.9054967e-08 1.8471914e-08 0.047315363 0.4249757 2.778804e-07 1.156197e-05 3.1433696e-09 1.6604765e-06 1.7231482e-08 1.2630053e-07 1.6115054e-08 1.003916e-07 1.2204115e-06 1.598117e-08 0.020523526 3.426574e-09 0.026787298 8.154e-08 0.0023417103 2.0273183e-09 1.220575e-05 6.3076766e-09 1.6915794e-07 1.7317147e-08 6.172773e-08 3.3064825e-07 1.4942472e-06 0.19112916 0.0026092394 1.7826234e-07 0.013107891 1.2386091e-06
0.9781424 0.09140419 0.061823566 0.0019175761 0.9451346 0.0006654863 0.49854222 0.0048047374 0.8798244 0.06060747 0.00012211998 0.08371508 4.438505e-07 0.0054910644 0.00028210232 0.9542948 8.453649e-14 0.0013857927 0.6891492 0.01235427 0.0011384072 0.8588299 5.6319725e-05 0.21786192 1.8689245e-06 2.9536917e-05 0.9439461 4.7004746e-06 0.45223466 0.7484256 2.6659543e-06 3.5200348e-05 0.005666809 1.3082862e-05 6.72223e-08 0.0001236288 0.002378984 2.6357756e-07 3.250539e-05 3.2612593e-06 0.042241216 0.11071448 0.032085773 1.7736513e-05 0.13606225 5.457471e-07 7.1531574e-08 0.0004768936 1.811822e-07 8.136708e-08 2.1219084e-05 0.295361 0.13069767 1.5345515e-07 8.6358915e-07 2.3428202e-06 2.0366646e-07 0.25440943 8.720598e-07 0.00071360247 3.8380098e-05 5.1855755e-09 0.024031589 7.729024e-08 3.2797878e-05 2.6244497e-06 1.9573874e-06 0.00082700077 3.3584976e-07 3.399164e-08 1.5048577e-07 0.036417034 0.41564655 8.111833e-07 5.238458e-05 6.533612e-09 1.2898365e-06 5.841509e-07 4.5315315e-07 1.4227028e-07 1.7627098e-08 2.1059266e-06 5.610927e-08 0.0138743315 1.551721e-07 0.010768006 3.78187e-07 0.0024089257 2.5447966e-09 4.2330423e-05 9.1729135e-08 1.973589e-07 3.100048e-07 3.2228942e-07 2.0091431e-07 2.752223e-06 0.04138864 0.0012133997 9.790078e-07 0.0040212884 2.9979728e-06
0.93014836 0.000828477 0.015475405 0.19753653 0.010902314 0.020589061 0.22205119 0.0018027545 6.577595e-05 6.295745e-06 2.9544788e-06 0.9515811 2.7900349e-08 3.5354583e-06 0.894901 0.00013921264 0.0013857927 1.8588297e-12 0.05614348 0.77930456 0.9805651 0.006988076 0.8899949 0.00022662565 0.9703931 0.3133394 7.313923e-05 0.11102102 0.0153321335 0.00032780855 0.15313374 0.021023931 4.941955e-06 0.05554729 0.012419264 0.37402192 0.23963341 0.0033402287 0.21064994 0.16005835 0.0093568675 0.0008782301 0.0036291883 0.0031481415 0.000117257194 0.038299795 0.00029125798 0.18238471 0.0004986345 0.0011846488 0.00840695 0.000103609855 0.00011359929 0.00013323613 0.00018707293 0.003845579 0.00041676618 0.0011425271 8.053675e-05 0.052150596 0.0019202881 7.657757e-07 7.861236e-06 2.3796276e-06 0.0011761872 0.00026965566 0.00010942558 0.005546854 3.3502347e-05 1.1623102e-06 1.16198025e-05 0.0005064542 0.0013846388 2.5935822e-06 0.00018096453 1.2284481e-07 9.401429e-06 3.4578934e-06 4.3675598e-05 4.673895e-10 6.536305e-07 4.240895e-08 1.3551686e-07 0.0012862006 1.1993477e-06 0.0013651951 1.2625813e-07 0.005265191 3.245405e-08 7.23739e-05 7.902129e-07 4.9526648e-08 2.0355986e-07 4.1231174e-06 1.2611188e-06 2.1145289e-07 0.00749592 0.00033607843 4.9194796e-07 0.0014317125 6.8650115e-05
0.9640156 0.07584682 0.093692705 0.028014902 0.9006077 0.0034264848 0.97159123 0.0019479333 0.318526 0.00632465 1.3205117e-05 0.43625957 3.5243524e-08 2.735352e-05 0.120435655 0.02197181 0.6891492 0.05614348 2.0902375e-12 0.9222871 0.03865462 0.9515368 0.0030816444 0.0007027519 0.0009829034 0.00047429444 0.09953086 6.0964012e-05 0.86896753 0.2641542 0.00010903431 0.00030909246 2.6655209e-05 0.000374722 7.136205e-06 0.035893634 0.34336358 9.892384e-06 0.00031636626 0.00016689226 0.32962757 0.17210454 0.12874964 9.971401e-05 0.060359742 2.6681557e-05 2.0443622e-06 0.00077536656 6.946394e-06 1.1419506e-06 0.00042654696 0.005863156 0.0016122513 4.861404e-06 6.634034e-07 6.805712e-05 4.3008945e-06 0.13681681 9.062433e-06 0.006859171 0.00017038708 1.1153788e-07 0.0012096509 1.1280074e-06 0.00027422415 2.645644e-06 2.503003e-05 0.0034450316 6.9435196e-06 1.0685729e-06 1.0255746e-06 0.03735032 0.21015981 1.0657213e-06 0.00045385622 2.3191651e-08 9.037352e-06 2.82249e-06 1.7192367e-06 2.1178112e-08 2.7510276e-07 5.968473e-08 1.1894876e-08 0.009824499 3.2870994e-07 0.010205672 1.1995608e-07 0.0072148913 3.812355e-08 0.00012235323 2.04979e-07 1.5024528e-07 2.511973e-07 1.7238963e-06 3.6324948e-06 7.5386506e-06 0.010290338 0.0011467303 7.6022266e-06 0.0035532077 2.1636642e-05
0.9749776 0.011478984 0.070061944 0.10462374 0.36561248 0.00040420488 0.96616226 0.00023625355 0.011101069 0.0001434487 1.0575397e-06 0.72989273 6.647422e-09 2.813731e-06 0.5438675 0.0007254889 0.01235427 0.77930456 0.9222871 4.6463382e-15 0.87249726 0.31862387 0.18979323 0.00018223817 0.095525235 0.07821798 0.0031904601 0.00081397675 0.45340472 0.0056848554 0.0077703614 0.017201817 3.9841125e-06 0.04653537 0.00092369184 0.90059143 0.88918847 0.00045304646 0.0012410751 0.039847624 0.44343922 0.03531351 0.06632798 9.6169686e-05 0.012721347 0.00550064 1.5670536e-05 0.0037561434 7.4991585e-05 2.9797153e-05 0.0456964 0.0008992518 0.00044710928 1.3569687e-05 8.825262e-07 0.003934817 3.40413e-05 0.10625939 6.5967456e-06 0.16658737 0.005853999 3.6101483e-07 0.00034421662 3.2938496e-07 0.0043744734 3.833762e-05 0.00013480052 0.04823366 1.548398e-05 3.2508493e-07 3.979506e-06 0.0378284 0.11009065 5.1857864e-08 0.009770521 1.7021254e-07 6.449284e-07 2.4184168e-05 4.7933704e-06 2.8493698e-08 3.1022378e-08 5.0207937e-08 7.139159e-08 0.018841358 1.1901118e-06 0.0075776028 5.30703e-07 0.019383462 1.3531002e-08 0.0006691951 1.1694729e-06 4.0102165e-08 9.98946e-08 2.104396e-05 1.4099259e-06 3.215115e-07 0.0052384534 0.0017134188 1.2632264e-06 0.0015786019 0.00013121117
0.94972134 0.00021793359 0.003365032 0.014443618 0.0031816901 0.0008739606 0.071034275 0.0008771449 0.00019331317 1.9490266e-05 1.2106134e-05 0.092301376 1.1234302e-07 7.7018e-06 0.30265707 6.2930834e-05 0.0011384072 0.9805651 0.03865462 0.87249726 4.646742e-13 0.0051325657 0.35565993 0.0007072377 0.8129029 0.97671396 0.00011537193 0.007188387 0.008645324 0.0001410304 0.60494524 0.74241734 6.604873e-06 0.52202356 0.019088706 0.8889695 0.41126674 0.029801287 0.04603831 0.32254693 0.014896999 0.0011900751 0.0059308866 0.0007985417 0.00020329167 0.10939594 0.00024751085 0.028312031 0.0005138695 0.0014113365 0.055139925 0.0012478536 0.00012322352 0.00010171114 8.644683e-05 0.008762001 0.0001685815 0.007583661 2.7022987e-05 0.21334381 0.005755162 6.043365e-07 0.00020228197 1.6351433e-06 0.0021149628 0.00022056898 0.00016468181 0.013047938 7.835697e-06 1.0678598e-06 2.699935e-06 0.0044544414 0.0056727347 1.3726486e-07 0.0016245848 2.1614149e-08 2.5045686e-06 2.6044384e-06 1.7332324e-05 3.5122516e-09 2.4537854e-07 2.707832e-09 1.6596414e-07 0.00387395 2.3020117e-07 0.0025063355 6.734884e-08 0.008023226 8.580891e-08 0.00018335824 8.743123e-07 3.0787988e-09 3.171344e-08 8.181216e-06 3.5933435e-06 2.3345622e-07 0.0059283753 0.00047967277 9.318908e-07 0.002209257 5.9390706e-05
0.7891987 0.020665767 0.014907922 0.0036208236 0.6030249 0.0002246852 0.49440888 0.0008917846 0.22320251 0.0027500272 2.0247803e-06 0.047355186 3.0885875e-08 0.00012654341 0.0007089844 0.088422254 0.8588299 0.006988076 0.9515368 0.31862387 0.0051325657 1.3911041e-14 5.0148104e-05 0.001727788 4.9592607e-05 2.9752428e-05 0.9622586 5.1469397e-07 0.99142796 0.88482887 6.5813947e-06 2.863597e-05 4.5224268e-05 6.2434076e-05 1.7072978e-06 0.0065635275 0.1064088 9.775981e-07 1.616179e-05 2.1545487e-05 0.38028473 0.32083145 0.11064561 2.7119684e-06 0.14706777 1.1189031e-05 7.4679986e-07 1.4885277e-05 6.187334e-07 7.426709e-08 0.00016149458 0.082294695 0.0048912507 1.4331085e-06 1.3839865e-06 3.0281587e-06 2.1427406e-06 0.14185444 1.8500069e-06 0.0010632911 2.3926157e-05 5.2978393e-08 0.00082133146 4.4793742e-07 4.3824668e-05 5.0187123e-06 2.0254836e-06 0.0009176638 8.633133e-07 4.6568147e-08 3.3398382e-07 0.04817503 0.17968273 6.028537e-07 0.00012092489 1.9277705e-08 7.604892e-07 1.8303415e-06 7.856007e-09 7.222397e-10 1.8162888e-09 7.524571e-10 1.99318e-08 0.008394148 2.2160346e-07 0.0037456874 9.565448e-08 0.001419673 8.6450996e-10 0.00018287466 1.5591321e-07 1.7044606e-08 2.2897995e-08 6.906329e-07 8.372336e-08 2.2575139e-06 0.005221893 0.00059087976 1.5548401e-06 0.001132868 3.1707998e-06
0.5722202 0.00036247278 0.0012294573 0.0007669386 0.0009960461 0.0024683785 0.022837784 0.00015370482 5.2327255e-07 9.49801e-06 1.2088279e-06 0.14806426 3.512863e-08 1.1681632e-06 0.9815574 3.247029e-05 5.6319725e-05 0.8899949 0.0030816444 0.18979323 0.35565993 5.0148104e-05 2.4742805e-13 2.5386355e-05 0.9426474 0.17081815 7.7242754e-07 0.99803126 0.0004046166 1.8294043e-06 0.14982922 0.0077616735 7.745745e-06 0.0093302475 0.04912053 0.030105248 0.016719153 0.005037824 0.1891115 0.01733979 0.00018537775 5.8473643e-06 6.319699e-06 0.043646786 1.74104e-07 0.0031984053 0.0023316767 0.06635692 0.0001244171 0.00051918364 0.00030669995 8.1611815e-06 8.7283195e-05 0.00016589936 0.00081168255 3.091241e-05 5.4801792e-05 0.0001161703 4.702481e-05 0.0005641834 3.615413e-05 7.0073776e-07 2.224096e-06 5.483248e-07 1.6282327e-06 0.001440041 5.7323414e-06 5.2124844e-05 4.662379e-06 2.060912e-07 1.709063e-05 0.00039676568 0.0040193447 4.1581688e-07 1.3964685e-05 2.970998e-07 9.3840555e-07 9.045216e-06 5.520681e-05 3.1722696e-08 1.6275559e-08 1.8877385e-08 5.063013e-07 0.00043533792 1.007878e-05 0.0002754789 1.8953068e-07 0.001995436 5.1645612e-09 0.00025951458 1.5717403e-06 2.2160336e-08 4.6156978e-07 4.299447e-06 5.281426e-07 3.0322232e-07 0.0009422977 0.00031402914 5.9946655e-07 0.0006920267 7.527928e-05
0.3642084 0.0045069554 0.0007772489 4.3776006e-05 0.068444654 0.00037408734 0.0049593323 0.0016460487 0.24985193 0.054590426 0.00013936115 0.0035670449 8.4351705e-06 0.9909852 8.402313e-05 0.8154395 0.21786192 0.00022662565 0.0007027519 0.00018223817 0.0007072377 0.001727788 2.5386355e-05 3.9644593e-10 1.3237875e-05 4.3414198e-06 0.06412646 2.280219e-05 0.0005959556 0.008226776 1.4693909e-05 2.59496e-06 0.99964106 2.0735966e-05 7.3590404e-06 9.338547e-06 0.00012707699 1.8039954e-06 3.369428e-05 7.5866654e-07 0.00012455459 0.00021737399 0.0002645402 1.8781834e-06 0.00044520482 2.2720194e-06 1.2463247e-05 8.640769e-05 1.4973699e-06 1.9006329e-06 1.5295248e-06 0.051976886 0.0827952 8.9913765e-06 4.0457166e-05 3.18824e-07 1.7470136e-06 0.00011656781 2.6162443e-05 3.9665933e-06 6.775157e-07 7.943671e-07 0.044585392 3.832455e-06 8.5482566e-07 3.990584e-06 6.94442e-08 5.392005e-06 1.9421345e-06 2.082448e-06 6.823973e-07 8.042055e-05 0.00029843496 2.3764811e-05 2.8611034e-06 1.04395724e-07 1.0079339e-05 2.622777e-07 1.0068499e-07 7.071388e-11 4.379991e-08 1.0629385e-07 5.3235876e-08 0.00018019871 1.8701003e-07 0.00038320222 7.9074695e-08 0.000110842644 4.4851255e-08 9.04991e-06 6.8479274e-08 5.056936e-06 1.2049556e-07 4.3007997e-08 6.3457283e-06 1.4420598e-06 0.00657404 0.0004002543 1.0677803e-06 0.0006518611 3.9690167e-07
0.7619685 2.1293042e-06 5.1729123e-05 0.0004679306 5.737119e-05 4.6970938e-05 0.0014872653 2.8453365e-05 3.365733e-06 2.3590017e-07 1.2485731e-07 0.01887481 2.1875972e-09 5.6052124e-07 0.294541 1.5848784e-07 1.8689245e-06 0.9703931 0.0009829034 0.095525235 0.8129029 4.9592607e-05 0.9426474 1.3237875e-05 1.8950055e-14 0.7103428 7.696098e-07 0.25237146 0.00019097685 3.683447e-06 0.92174554 0.2052529 1.9141709e-07 0.08689072 0.79444486 0.15665403 0.04531286 0.18903492 0.97998166 0.19686478 0.00045792805 0.00013293419 0.00015815365 0.28950214 6.2408385e-06 0.06992092 0.023416448 0.87996876 0.004891738 0.119658135 0.00688454 1.9235955e-05 1.9672621e-05 0.0021013075 0.021223493 0.002401482 0.002036837 7.291067e-05 0.003275022 0.010746892 0.00055456505 4.5248988e-05 3.0163158e-06 8.3727886e-05 0.00041175698 0.018653791 0.00015367888 0.0005669839 5.564097e-05 9.540941e-06 5.3322336e-05 9.397328e-05 0.00034221413 2.0961896e-05 4.2365846e-05 8.865748e-08 5.7779175e-06 6.8301097e-06 0.00049049954 3.3124823e-09 3.455073e-07 2.1420028e-08 2.3853447e-06 0.00027613805 3.1530299e-06 0.0003582413 2.628343e-07 0.0017591221 9.948878e-09 6.774351e-05 4.910085e-06 6.5883103e-09 1.7705939e-07 3.4098968e-05 3.9875388e-07 2.3787645e-07 0.00055704126 0.00016171836 1.9677198e-07 0.00029145248 2.6539567e-05
0.77543235 9.4489195e-07 3.0992825e-05 0.00012778732 5.4539545e-05 9.736103e-07 0.00073911867 2.1617966e-06 4.9887017e-06 8.9145665e-08 7.414381e-08 0.00033322332 3.6500951e-09 3.6731393e-07 0.028936915 1.9871352e-06 2.9536917e-05 0.3133394 0.00047429444 0.07821798 0.97671396 2.9752428e-05 0.17081815 4.3414198e-06 0.7103428 3.0830852e-15 1.3920638e-06 0.0024233763 6.6782406e-05 6.7959986e-06 0.9905658 0.9710354 5.1716214e-08 0.4843892 0.24923748 0.48803255 0.07959313 0.7084912 0.15963143 0.597953 0.00071457087 7.015904e-05 0.00016838081 0.009173706 5.5256132e-06 0.22366804 0.023451267 0.039282866 0.004323645 0.039567526 0.06439463 2.3881068e-05 8.554468e-06 0.00048126822 0.0021148075 0.008881033 0.0006114084 0.00023496649 0.00088933477 0.16243647 0.0024853444 7.499906e-06 1.1573085e-06 3.353294e-05 0.00095423975 0.0016285637 0.00034858234 0.0063154884 8.21487e-05 1.2844525e-06 8.894581e-05 0.00032458478 0.0002943286 2.6548314e-06 0.00072268554 1.5421702e-07 1.2536691e-05 4.31046e-05 6.0272346e-06 3.5432855e-08 3.6534772e-07 1.9147286e-08 3.7530583e-07 0.00029149393 2.3669656e-05 0.00012870866 1.0419382e-07 0.0022476816 4.5104503e-08 0.00025880305 1.7473569e-06 5.4903326e-09 8.2278014e-08 1.4203453e-05 1.3561458e-07 1.032035e-07 0.0002839526 0.00023409286 1.649686e-07 0.00038991187 4.1212956e-05
0.73302954 0.0017658102 0.0011633616 0.0002948827 0.29511777 1.3291105e-05 0.05584247 0.00031347977 0.2978709 0.0067534996 1.9536586e-05 0.002509453 8.2430546e-08 0.0010398012 5.235551e-07 0.5630751 0.9439461 7.313923e-05 0.09953086 0.0031904601 0.00011537193 0.9622586 7.7242754e-07 0.06412646 7.696098e-07 1.3920638e-06 1.22701294e-14 7.2315295e-08 0.87501234 0.997408 1.0171124e-06 2.1472554e-06 0.00971885 2.783205e-06 7.547952e-08 0.00010984097 0.0020935934 4.1340986e-08 1.540072e-06 3.0001482e-07 0.03835034 0.16077979 0.027050095 7.261356e-08 0.13471831 1.969107e-07 5.2820187e-08 1.4295581e-06 5.6201596e-08 5.312904e-09 1.2553704e-05 0.8450876 0.11951832 2.1591898e-08 1.27544775e-08 7.172752e-07 1.1398589e-07 0.18513632 1.3266613e-07 0.0001868399 2.2960712e-06 4.0380526e-09 0.0031295882 2.9162106e-09 3.9628535e-06 5.1933977e-08 5.8599245e-08 0.00015156897 5.6067762e-08 5.250656e-09 7.2352924e-09 0.065864295 0.29148254 7.730568e-09 9.1209025e-05 2.834743e-09 1.7135639e-07 3.400487e-08 2.4811417e-10 1.774922e-09 1.6791477e-10 5.8856703e-10 1.2681994e-08 0.027003359 7.0502876e-10 0.029441891 4.1252687e-08 0.003363465 4.10728e-09 0.00014818303 8.363713e-09 2.54709e-08 1.5686054e-09 2.1751122e-08 1.0426936e-07 7.997557e-07 0.06349733 0.0020210843 2.8565353e-07 0.006320818 4.6121318e-06
0.018303879 1.8090957e-05 0.0001701802 0.00038715047 7.476857e-05 0.0009894582 0.00046928538 0.0001105441 3.7179632e-06 4.5745774e-06 1.04495136e-07 0.0054626763 1.4190055e-08 3.889794e-08 0.8458425 4.030061e-06 4.7004746e-06 0.11102102 6.0964012e-05 0.00081397675 0.007188387 5.1469397e-07 0.99803126 2.280219e-05 0.25237146 0.0024233763 7.2315295e-08 3.307745e-14 1.987283e-06 7.9102574e-07 0.004642101 0.00017437545 1.5486137e-05 0.00039419023 0.0023516365 0.00017381196 0.00010419419 0.00014990059 0.12535425 0.00026781528 9.458472e-06 2.2607046e-06 1.8459746e-06 0.032615747 1.1432713e-06 3.4812554e-05 0.000458013 0.9939284 1.0474013e-06 0.0002989856 6.2009417e-06 1.2374561e-07 2.8842721e-06 4.8227166e-06 0.0032050132 4.526776e-07 1.766151e-06 4.3672117e-06 1.05989175e-05 2.3447816e-05 6.4044343e-06 4.2052102e-07 1.1420269e-06 9.920257e-07 5.998583e-07 0.0010051265 1.6029952e-08 8.351404e-06 2.7241686e-07 2.5594259e-06 3.5787758e-07 2.8225424e-05 8.931705e-06 2.2529122e-05 7.1164422e-06 3.3580045e-07 1.675016e-05 7.440807e-07 0.0004173051 1.9477483e-07 8.780692e-09 1.1985701e-06 1.0420779e-06 0.00011536368 7.830889e-07 5.3859174e-05 1.0892959e-07 0.00022134106 2.970519e-09 6.539152e-06 2.6918403e-07 1.6356221e-08 7.385416e-07 4.001638e-07 1.5809542e-06 4.334763e-06 4.043468e-05 0.000107777894 2.1371216e-05 5.968078e-05 7.303422e-06
0.9367319 0.011824094 0.005874157 0.0010026274 0.36055952 8.759673e-05 0.40195033 0.00035865526 0.08047651 0.0008035504 2.8843767e-06 0.038157422 2.4514614e-08 0.00014022771 0.001534485 0.11201933 0.45223466 0.0153321335 0.86896753 0.45340472 0.008645324 0.99142796 0.0004046166 0.0005959556 0.00019097685 6.6782406e-05 0.87501234 1.987283e-06 3.2948443e-13 0.80615115 2.2562857e-05 3.28921e-05 3.6823953e-05 0.00015508432 5.2277105e-06 0.12311811 0.8195678 2.5644808e-06 1.8871438e-05 8.9763016e-05 0.91833395 0.8431784 0.43909535 4.2492957e-06 0.49126565 2.1798189e-05 9.999206e-07 5.8433707e-05 2.041831e-06 4.0552186e-07 0.0015401788 0.06856155 0.007732166 1.4465073e-06 9.4885294e-08 2.5763637e-05 1.6120849e-06 0.519237 1.1618214e-06 0.014883842 0.00033323636 3.8717776e-08 0.0009803533 7.5353505e-08 0.00060895877 7.2527264e-06 1.7591674e-05 0.017166967 1.8732411e-06 1.4557344e-07 3.499079e-07 0.37162045 0.5077808 1.5967589e-07 0.0020525956 8.560176e-09 7.6696926e-07 2.7076256e-05 3.8613993e-07 2.9854764e-08 2.0519446e-08 9.644347e-09 3.067422e-07 0.037378836 1.8757856e-07 0.024238016 9.9515965e-08 0.008257714 1.3818367e-08 0.0005801813 1.1699693e-06 1.5211517e-08 3.1103962e-08 1.7710485e-05 3.0034977e-07 5.1716637e-07 0.029389614 0.0019034774 2.3802598e-07 0.004248441 4.946734e-05
0.9572524 0.009586025 0.0033666526 0.00056436955 0.44071034 3.867348e-05 0.1411621 0.00045862232 0.36664203 0.0067841555 3.2192635e-05 0.0063280915 7.6456945e-07 0.006931188 4.4374807e-05 0.7678076 0.7484256 0.00032780855 0.2641542 0.0056848554 0.0001410304 0.88482887 1.8294043e-06 0.008226776 3.683447e-06 6.7959986e-06 0.997408 7.9102574e-07 0.80615115 7.2950335e-12 9.861012e-07 4.150497e-06 0.004642283 8.743011e-06 2.3438245e-07 0.00013467768 0.005166377 1.3862685e-07 2.5640504e-06 2.2179831e-06 0.332432 0.55667746 0.10873016 3.020216e-06 0.66149926 4.614505e-07 1.3576766e-07 5.1192914e-05 5.3560264e-08 3.945281e-08 1.1908379e-05 0.8704356 0.2871344 7.766619e-08 3.8566828e-08 5.505181e-07 4.5401332e-08 0.65111244 6.9828343e-07 0.0005123699 9.020733e-06 2.2461318e-08 0.014357585 2.2343556e-08 1.9565317e-05 6.150705e-07 1.3108247e-06 0.0007759516 2.9124587e-07 2.2858677e-08 4.648411e-08 0.41791096 0.65414435 2.7126873e-08 0.0001298559 1.2681149e-08 1.8711003e-06 2.6666675e-07 1.5515619e-08 9.075781e-09 7.259552e-09 1.6797733e-09 2.4370326e-08 0.08545555 2.6465596e-08 0.05583266 3.1281124e-07 0.003861632 2.5225262e-07 0.0002293712 2.5509745e-08 7.564796e-09 3.5567242e-09 3.4572417e-07 4.7464914e-07 2.5246246e-07 0.10222009 0.002622517 4.0537182e-07 0.0088767065 9.926754e-06
