4.818578e-16 0.0056749396 0.024404857 0.009576198 0.0016903945 0.040541794 0.32770172 0.4029637 0.80021065 0.93793267 0.027262667 0.8138701 0.6989049 0.022568466 0.15916173 0.066401295 0.9961257 0.9936403 0.56137866 0.08624763 0.8438013 0.00037834665 0.9740756 0.783554 0.7679545 0.93570113 0.8983041 0.9791801 0.6766925 0.8616697 0.72240955 0.028318405 0.00046822344 0.7935692 0.82706994 0.009068732 0.9737544 0.97489697 0.002383686 0.05973987 0.34365666 0.9728812 0.88791126 0.9175533 0.72834784 0.4285307 0.87873435 0.9243217 0.7563885 0.8702428 0.11574568 0.05449608 0.987429 0.7140953 0.8397984 0.8336989 0.9555067 0.8092845 0.00019317331 0.9665619 0.9376584 0.91361004 0.9218198 0.9743756 0.24714787 0.8666682 0.70097715 0.7922703 0.8037655 0.7692173 0.6072713 0.94737494 0.5953056 0.8399167 0.72659814 0.6979234 1.5883851e-06 0.9732798 0.83483464 0.90509903 0.9976978 0.8764085 0.9934035 0.9433431 0.000709099 0.9751581 0.99922496 0.7772172 0.99398875 0.067450166 0.99280715 0.9589453 0.13835034 0.0005657235 0.0659828 0.97927153 0.3114195 0.90351385 0.9999844 0.84029996 0.99946725
0.0056749396 3.7385824e-15 0.9939061 0.99122596 0.92178243 0.007083309 0.73613876 0.7057993 0.041295204 0.07130898 0.23510505 0.07645705 0.0002280605 0.029265251 5.4115004e-05 2.6846032e-05 3.420068e-05 0.0068743764 0.0018045115 0.0019118999 0.006363413 0.00212737 0.0037099198 2.9431094e-06 5.7354255e-06 0.00022596182 5.6452727e-06 1.5351392e-06 3.0287392e-06 5.4744046e-06 2.2343709e-06 4.4835858e-08 9.4899923e-07 3.5655733e-06 4.7375465e-07 2.8747772e-07 1.1292582e-06 1.3180726e-06 7.6061974e-07 3.1517582e-06 4.1053554e-06 0.00025689998 4.727721e-05 4.362639e-07 2.1288413e-06 1.0130287e-05 4.7384888e-06 3.2748838e-05 4.3895085e-08 4.4762637e-06 4.1091607e-07 8.70459e-06 1.781463e-05 6.1535475e-06 4.452702e-06 2.516146e-06 1.0970982e-07 3.7636244e-07 1.9146566e-07 4.559607e-06 3.7772259e-06 4.03686e-05 7.962466e-07 8.062724e-06 1.3417544e-05 2.8630396e-07 6.895013e-06 5.18917e-06 1.5307462e-06 7.401491e-07 5.687548e-06 1.4016205e-06 3.3476128e-05 2.4821384e-06 7.265762e-08 9.629073e-07 1.1032903e-08 1.9215628e-08 3.3670634e-07 5.4494435e-06 5.9107446e-05 3.6242574e-07 1.1460633e-05 4.2509615e-08 1.6499445e-08 5.734053e-06 3.7396745e-05 3.8977504e-07 5.8254477e-07 2.0870098e-07 6.1582774e-05 3.3480546e-08 1.2699295e-09 9.144604e-10 1.2547425e-08 1.8154314e-07 2.2435084e-07 1.4858496e-07 8.5803804e-05 1.8602742e-07 1.3105264e-07
0.024404857 0.9939061 3.5754044e-15 0.60517824 0.724062 0.009452751 0.91609156 0.9883518 0.3521817 0.37871996 0.19425033 0.39617524 0.00047570936 0.02002596 4.2391668e-05 3.4261855e-05 0.00038575626 0.1575608 0.014837154 0.01248006 0.0677928 0.00095430575 0.027472233 4.375015e-06 6.871741e-06 0.0017003735 3.0342944e-05 2.2626975e-06 2.709107e-06 5.539838e-06 1.0720281e-06 1.7961352e-07 5.4517903e-07 1.2921185e-05 2.6452363e-07 2.0545792e-07 1.1762219e-06 7.904842e-07 1.8580466e-06 6.7266143e-07 3.1093037e-05 0.0037117088 0.00042036053 2.0832555e-07 3.7489533e-06 5.1604975e-06 2.107558e-06 0.0003103271 6.081828e-08 1.2020574e-05 1.5219302e-07 2.6567956e-05 4.010842e-05 6.6906427e-06 8.0155936e-05 4.2005427e-06 4.5640382e-07 2.275646e-07 1.1929237e-07 1.9948773e-05 0.00010112435 0.00025635102 1.08328116e-07 1.4249936e-05 4.3787444e-05 8.941025e-07 0.00013434145 0.00017177209 1.8690966e-05 9.917012e-07 1.5608288e-06 2.631107e-05 0.0003359848 6.0179523e-06 2.9075259e-06 5.935763e-07 4.454434e-08 1.5092821e-08 1.7568418e-07 7.652753e-06 0.00036092912 3.4032757e-07 9.694087e-05 3.0055836e-07 9.118679e-08 1.3767982e-05 0.00015247567 4.781846e-08 3.853806e-07 7.072096e-07 0.00021010883 1.2925861e-08 4.388226e-09 1.0850211e-09 3.707995e-08 2.6170204e-07 1.7705955e-07 5.208536e-08 5.6136276e-05 4.5686454e-07 5.671612e-08
0.009576198 0.99122596 0.60517824 8.102801e-13 0.9828645 0.0009439189 0.44989175 0.5517447 0.07405048 0.26572803 0.97310394 0.08152028 0.002331444 0.4038957 0.000534219 0.0011625973 0.0001314761 0.028776284 0.00025414125 0.0003393925 0.017693477 0.0006034738 0.011577474 7.010122e-06 1.9585033e-05 0.00037376085 6.595179e-06 3.686413e-06 9.828302e-07 3.2828718e-06 2.2316322e-06 3.0512078e-06 5.02902e-05 4.9264213e-06 1.7670365e-07 1.08783205e-07 1.4352887e-06 2.3913897e-06 4.6239148e-07 1.0958727e-05 8.733253e-06 0.00018509122 6.764099e-05 1.1194576e-06 2.195189e-06 7.81882e-06 1.1605479e-06 0.00021624113 1.3600352e-07 7.603822e-06 2.819869e-06 0.00020861653 2.205066e-05 3.6122099e-06 1.965711e-05 3.1707784e-06 2.7641229e-06 8.8244116e-07 2.0589711e-07 5.3890844e-06 6.411658e-06 0.00010731472 1.3889833e-06 6.844259e-06 6.080262e-06 3.345956e-07 8.683449e-06 1.3764147e-05 1.2974349e-06 2.1643866e-05 3.930513e-05 8.5537085e-06 3.640459e-05 1.6366106e-05 4.356149e-07 3.586178e-06 1.9240384e-08 2.2190798e-07 2.5142148e-08 1.4179186e-05 0.000565288 5.169418e-06 8.8037676e-05 2.884986e-07 1.7574703e-07 6.646238e-05 0.0002696207 1.8955391e-06 7.0374917e-06 7.277867e-07 0.0007241951 2.577649e-07 3.2751412e-08 2.1929203e-08 2.65655e-07 1.2082195e-06 1.5439773e-05 7.695083e-06 0.00043957887 5.577548e-07 3.2913545e-06
0.0016903945 0.92178243 0.724062 0.9828645 6.044862e-17 0.9981702 0.6398036 0.2111451 0.0027302483 0.0018359227 0.6098759 0.050667115 9.608292e-06 0.09116124 1.8483386e-06 4.3847604e-06 3.080222e-06 0.0013761485 0.0021678037 0.021620423 0.004620748 0.24632587 0.0019977447 2.3905903e-07 3.3240285e-06 0.00066317606 3.9835743e-07 8.0155235e-07 2.9296072e-07 6.0565253e-07 8.8071346e-07 2.1827604e-07 3.113958e-06 4.2512882e-05 8.786208e-08 1.0605126e-05 2.9833546e-07 3.40535e-07 7.6710465e-05 1.8414943e-06 6.855832e-05 0.00018338273 6.058334e-05 1.4437033e-07 4.9674945e-06 4.6341147e-06 3.0266938e-07 0.00010936183 8.430549e-09 1.6583482e-06 2.0965152e-07 1.2338338e-05 3.505723e-05 4.56757e-07 5.8609085e-06 2.3127745e-07 2.3304959e-07 2.3559531e-07 3.8877396e-08 3.7738412e-06 1.7850785e-07 9.620395e-06 3.6262657e-07 1.8547722e-05 1.6105507e-07 5.5120555e-08 4.9301775e-06 5.3909716e-06 4.5656185e-07 6.77634e-07 6.455718e-06 4.7909646e-07 5.08101e-06 1.0881781e-06 1.7526457e-08 1.1245899e-07 2.1721387e-09 1.2430774e-08 9.585666e-08 5.68269e-06 0.00023636057 5.3728378e-08 9.832806e-06 7.736219e-09 8.044359e-10 2.4891442e-05 0.0001302375 8.639767e-08 7.216432e-07 1.4539693e-09 0.00020987909 4.8987023e-11 2.512073e-11 2.9981528e-10 1.5484037e-09 5.663116e-08 9.456964e-08 1.5604545e-07 0.000214326 6.4917876e-09 7.819744e-08
0.040541794 0.007083309 0.009452751 0.0009439189 0.9981702 4.616362e-13 0.9854431 0.003374773 6.744871e-05 1.4131358e-05 0.0003191542 0.16077553 1.6801813e-06 0.00010069907 6.671328e-07 3.6765633e-07 3.1557886e-06 0.00079974317 0.14821553 0.23649414 0.023369532 0.891787 0.01457448 1.4284944e-07 9.2928246e-07 0.021376077 2.6129155e-07 1.122734e-07 5.685717e-07 1.3898989e-06 7.860294e-09 3.7814246e-08 8.4606924e-08 0.23045959 2.3733622e-07 0.0005541337 1.6916034e-07 2.2682079e-07 0.00018712609 8.3722847e-07 0.057314932 0.00022924172 0.0030573173 4.068841e-08 0.00046157115 8.245288e-06 2.3081527e-06 0.003552564 1.0613901e-08 0.0010120323 8.247722e-07 6.3612097e-06 0.005445535 1.2460667e-05 0.00047677985 3.7968437e-06 4.1671903e-08 3.7158165e-07 6.485006e-07 4.026342e-06 3.180637e-06 3.053226e-05 1.3531932e-06 1.3572256e-06 0.0002858074 1.5833344e-07 0.0003878689 0.0002042803 4.5475263e-06 9.578462e-07 1.4632674e-05 2.5052861e-07 0.00081036077 2.278857e-06 1.92687e-06 8.3000674e-07 5.462704e-09 1.3594892e-07 5.9617065e-07 4.2749275e-06 0.00065689976 5.8624396e-06 0.00018512299 2.234455e-07 1.2637325e-08 2.3062988e-07 0.0049184347 2.2953443e-06 1.4450195e-06 1.6567468e-06 0.0005101597 3.7928864e-09 2.0911817e-09 3.5833485e-09 4.0673382e-07 9.288656e-08 9.058804e-06 1.545463e-06 7.861011e-06 1.7330035e-06 1.2257249e-07
0.32770172 0.73613876 0.91609156 0.44989175 0.6398036 0.9854431 1.150735e-13 0.49408394 0.22419095 0.027010718 0.2916746 0.99317753 0.0013239675 0.0039662397 1.6389662e-05 1.597094e-05 9.779646e-05 0.1998593 0.4830128 0.31849882 0.50926155 0.19422191 0.23189318 2.0771283e-06 2.0470712e-05 0.15662469 8.00162e-06 4.321522e-06 8.3866365e-07 1.1785642e-06 9.913083e-08 7.500979e-08 8.996309e-06 0.041958697 1.1843877e-07 7.0072874e-06 1.0540509e-06 1.6612425e-07 8.614863e-06 9.225794e-07 0.003553372 0.03823324 0.030923387 3.3233878e-08 4.5502395e-05 7.6122126e-07 2.3679488e-06 0.016254077 1.4829215e-08 0.00036655526 9.114558e-08 2.4406692e-05 0.004875045 2.483879e-06 0.0021432089 1.2333626e-06 2.807811e-07 2.036148e-07 7.058495e-10 5.795271e-05 0.00050145306 0.0020262063 2.9860118e-08 3.7566413e-06 0.00094565155 6.897189e-08 0.0009201991 0.0020601507 1.8587352e-05 1.8078367e-07 1.0667076e-06 1.22962265e-05 0.001770086 1.277797e-05 5.5615524e-06 6.019517e-07 1.904494e-08 1.6178043e-07 1.9290405e-07 3.5282286e-05 0.0032217929 3.2011499e-06 0.0005729585 1.9002529e-07 3.1346864e-10 1.3540136e-05 0.006344044 2.1866941e-07 1.5198626e-06 5.3719773e-06 0.00012537534 6.0622054e-09 3.601692e-09 2.7180502e-10 1.2770039e-07 6.929376e-08 6.174443e-05 2.684698e-05 8.569978e-05 2.2221106e-05 4.141468e-07
0.4029637 0.7057993 0.9883518 0.5517447 0.2111451 0.003374773 0.49408394 4.648696e-15 0.9932259 0.8491823 0.7676622 0.4006855 0.11906379 0.28363678 0.009762408 0.0072098942 0.0071607414 0.64957047 0.006142238 0.0033794702 0.31886986 0.0013329983 0.2102592 0.0001237032 0.0010159821 0.005525904 0.0001202636 1.9279903e-05 1.7728684e-05 1.0042666e-05 3.0099063e-05 0.00014032068 0.00027909587 8.418582e-06 2.2009494e-06 8.2251816e-08 1.9335735e-05 2.1717733e-06 7.1004797e-07 2.1226015e-06 5.9817077e-05 0.056747876 0.0024871025 6.792444e-07 9.131961e-06 1.935816e-06 4.246695e-06 0.0018653849 1.16123374e-07 2.2222905e-05 5.7521984e-08 3.8681927e-05 0.00027733808 6.604614e-06 0.00048802124 3.7810423e-06 2.209375e-07 1.7059787e-07 2.7879976e-08 0.00033985666 0.005796645 0.005718007 1.4794783e-07 2.4832238e-05 0.00024621692 4.640233e-07 0.00034636873 0.0008006754 2.0982538e-05 4.8401883e-08 2.0126824e-06 1.912963e-05 0.0003827727 2.4403762e-05 1.1552227e-05 8.1314454e-07 1.01183815e-07 5.179677e-08 2.0805571e-07 2.8426457e-05 0.00079440966 1.0460546e-06 0.00015893321 3.9117518e-07 4.5920627e-09 6.7992783e-06 0.0005513704 1.00332066e-07 1.6915127e-06 2.5674697e-07 0.00050922495 2.3927866e-09 2.3008528e-09 1.0566892e-09 4.5249413e-09 4.3968235e-08 1.9544868e-06 2.8389397e-07 0.00023335306 6.285807e-07 2.860271e-08
0.80021065 0.041295204 0.3521817 0.07405048 0.0027302483 6.744871e-05 0.22419095 0.9932259 5.2343913e-15 0.9130067 0.22706556 0.4669741 0.10277528 0.066444606 0.0051531554 0.003791746 0.09032573 0.98480415 0.010350957 0.005510679 0.63243586 0.0005903379 0.4915087 0.00027019752 0.0032419395 0.010569264 0.00094412593 0.00018212001 3.005982e-05 3.8500098e-06 0.00037949142 0.0002437821 0.00015496783 3.34233e-05 4.6716517e-07 5.571596e-08 3.8592184e-06 9.102379e-08 1.5093939e-07 2.02848e-06 3.7460533e-05 0.23378444 0.010725671 4.3623405e-08 3.3690405e-06 5.659237e-07 2.5219645e-06 0.009439018 1.2693756e-08 1.2432796e-05 1.041302e-08 0.00032951395 7.794768e-05 1.1610111e-05 0.0009963007 1.02507065e-05 8.6084476e-08 1.8415662e-08 1.9846161e-06 0.013588739 0.079031326 0.09505346 2.4193868e-08 6.3039915e-05 0.0008299791 2.628659e-07 0.0007751979 0.0014282494 0.00019627016 5.707129e-08 3.416866e-07 0.0015474069 0.00077531516 5.2958367e-05 0.00024196619 4.5395097e-08 4.925449e-08 5.6547473e-09 6.871282e-08 5.951794e-05 0.0061475243 1.8357686e-07 0.0006031591 2.2608198e-07 4.6147863e-09 6.8598085e-05 0.0019158341 1.1750823e-07 8.220261e-07 1.0435224e-05 0.001614192 4.6996135e-10 2.578834e-09 1.1800346e-09 2.829844e-07 2.1629751e-07 3.959163e-06 7.570397e-07 0.0016786007 1.9245809e-07 4.3399414e-08
0.93793267 0.07130898 0.37871996 0.26572803 0.0018359227 1.4131358e-05 0.027010718 0.8491823 0.9130067 6.798207e-14 0.9385612 0.08092163 0.97827077 0.81383085 0.6826144 0.59496355 0.90428436 0.8637385 0.00034426342 0.00026647927 0.1225752 7.6286815e-05 0.18027063 0.09595968 0.50705516 0.0013618883 0.02969137 0.016487258 0.0085764835 0.0024934567 0.13630983 0.07995139 0.03208357 1.12509e-05 0.0009542356 2.5433614e-08 0.0005732514 4.3518055e-05 1.9693172e-07 0.0042680637 0.000112519345 0.15197067 0.0015415159 2.4765637e-05 4.0368113e-06 0.00028424847 0.0001265328 0.0031770975 2.924255e-06 3.6940994e-06 1.2739283e-06 0.053159155 4.3134616e-05 0.00016088123 0.0009931205 0.00019773316 1.9901403e-05 9.328164e-07 4.1467224e-06 0.081748396 0.18837453 0.20829603 7.777619e-06 0.0025941178 0.00039980485 5.2729592e-06 0.0004065531 0.0010361332 0.001047854 7.775925e-05 4.427874e-06 0.0127470745 0.0002966102 0.00055043073 0.0010782771 2.2786746e-06 3.094365e-07 9.689728e-08 2.0843147e-07 0.00063710153 0.008077906 4.5250217e-06 0.00072422414 6.2532667e-06 1.7583881e-08 0.0008300571 0.0020726407 3.771999e-06 5.9162967e-06 1.37539e-05 0.002808509 6.6752687e-10 1.4073453e-08 1.4005321e-09 1.9259278e-06 1.4470122e-06 2.3473252e-05 1.0149773e-05 0.004673749 1.0076815e-06 1.2499343e-06
0.027262667 0.23510505 0.19425033 0.97310394 0.6098759 0.0003191542 0.2916746 0.7676622 0.22706556 0.9385612 1.9169253e-15 0.03793092 0.3446464 0.99981785 0.14856277 0.4653374 0.001486828 0.03994542 0.0006148052 0.00034827614 0.0059857573 0.00018790543 0.007139943 0.0002668788 0.0013434204 0.00043062077 2.9440567e-05 1.8563898e-05 1.4830383e-05 1.1546323e-05 0.00010198311 0.00022036777 0.0002646608 1.8214746e-06 2.1426781e-07 1.0199311e-06 1.165877e-06 8.777051e-07 3.1978789e-06 1.3816833e-05 3.665703e-05 0.0010889703 0.00010994315 6.6027184e-08 1.311964e-06 3.2958274e-06 1.478121e-06 0.00029978875 5.6757647e-09 2.450917e-06 9.709061e-08 0.00019774542 6.807658e-05 9.028325e-06 5.236754e-05 1.5027704e-06 1.0713142e-07 4.337031e-07 3.8231843e-07 5.9537128e-05 3.033522e-05 0.00020810189 2.5730733e-07 1.496507e-05 6.0306127e-05 1.7633059e-07 4.7911428e-05 0.00016755074 3.7543848e-06 2.1029471e-07 5.877518e-07 1.5910511e-05 0.00010234115 2.0993334e-06 4.2028028e-06 5.1741573e-08 7.8074336e-08 1.1789975e-07 2.1050049e-08 1.6172899e-06 0.00046231592 8.785739e-08 3.7921127e-05 4.29154e-08 2.6756938e-08 2.9367754e-06 0.00042080673 2.1204464e-08 4.8738934e-07 2.2117348e-08 0.000819546 6.8547945e-10 1.1779995e-09 2.8622835e-09 1.0546298e-08 6.900949e-07 3.5843623e-08 7.119344e-07 9.243345e-05 1.7557297e-09 2.061157e-06
0.8138701 0.07645705 0.39617524 0.08152028 0.050667115 0.16077553 0.99317753 0.4006855 0.4669741 0.08092163 0.03793092 5.2186955e-13 0.0036123872 0.0051890793 0.00038154688 0.00025814635 0.0008114005 0.4088533 0.39242703 0.105983205 0.98788935 0.05243334 0.75832254 6.690486e-05 0.00026219906 0.36980116 0.00014099866 7.5646305e-05 4.260636e-05 3.1971766e-05 2.1452802e-06 5.17985e-06 1.239288e-05 0.008660268 1.5427622e-06 2.2731506e-06 8.220697e-06 1.5909153e-06 1.4162124e-06 3.792024e-06 0.0012183532 0.4306377 0.22262152 2.9249063e-07 3.2226853e-05 3.3004605e-06 5.0954363e-06 0.16020708 6.5961224e-08 0.00038216505 1.9528574e-07 1.650391e-05 0.010980542 5.521615e-06 0.019652994 3.35382e-06 3.0094702e-07 1.5916399e-07 2.739444e-08 0.001031368 0.009881084 0.034741163 3.0333456e-07 8.381748e-06 0.0050160014 5.3561314e-07 0.0041231746 0.015762206 3.3666627e-05 2.0507893e-07 5.3794874e-06 0.00038457054 0.0066736224 2.0285948e-05 0.00015230257 1.2252727e-07 4.66253e-08 1.4052041e-07 7.57313e-08 7.025197e-05 0.07132755 1.3652874e-06 0.0045799185 5.271162e-07 7.349866e-08 7.211719e-05 0.027109887 8.5205676e-07 5.930713e-06 1.0615057e-06 0.0024136223 2.430121e-08 3.0305272e-10 4.0747547e-10 8.320212e-09 9.3750384e-07 3.0045019e-06 8.196718e-06 0.002465659 8.514452e-07 1.119527e-06
0.6989049 0.0002280605 0.00047570936 0.002331444 9.608292e-06 1.6801813e-06 0.0013239675 0.11906379 0.10277528 0.97827077 0.3446464 0.0036123872 1.483762e-15 0.6307872 0.99500513 0.8257945 0.9276787 0.1941176 4.780622e-05 2.680635e-05 0.0036730224 9.701615e-07 0.0032897685 0.63121784 0.27612063 2.1402971e-05 0.20713912 0.04081212 0.015244536 0.013763933 0.020265872 0.020537574 0.0028784482 1.6301975e-07 0.00029807255 1.0424068e-08 0.0010010814 8.266692e-05 8.223361e-08 0.002827358 5.1683683e-06 0.013885273 7.212173e-05 4.77091e-06 3.3110265e-07 7.016312e-05 5.9741204e-05 0.00029912763 5.060607e-08 1.1080622e-05 4.6809595e-07 0.020285985 3.0108408e-06 0.00010934045 0.00012694932 0.00015766165 1.50364995e-05 2.7174298e-07 1.2317275e-06 0.026884384 0.047425695 0.025005352 7.1190243e-07 0.0011072612 0.00018628355 2.8345568e-07 3.23841e-05 0.00022371 0.0003016874 1.4560142e-06 6.773277e-07 0.0047434494 0.0001424137 0.00016608078 0.00061541557 1.8689877e-07 1.4309036e-07 2.72815e-08 2.113973e-08 7.200462e-05 0.00069664756 2.5776734e-07 0.0002658163 1.3947109e-06 2.3984446e-08 0.00041105604 0.0010747762 8.986935e-08 8.0447705e-07 4.6737664e-06 0.0029479875 1.6657478e-09 2.2190227e-09 2.2291603e-10 2.2708797e-08 2.3013051e-07 6.117781e-07 3.543715e-06 0.0020906217 1.5842211e-07 8.9321446e-07
0.022568466 0.029265251 0.02002596 0.4038957 0.09116124 0.00010069907 0.0039662397 0.28363678 0.066444606 0.81383085 0.99981785 0.0051890793 0.6307872 1.3783468e-15 0.74499685 0.98260045 0.051732525 0.034758948 2.5878095e-05 1.177831e-05 0.0018415218 4.229173e-05 0.0013041139 0.054762825 0.7400732 1.9829693e-05 0.0022605387 0.0003241041 0.0036993667 0.00034615328 0.082146324 0.0661621 0.9306736 1.0814999e-06 6.994052e-05 3.599388e-07 6.797441e-05 2.1268172e-05 4.6060737e-08 0.007948116 3.156049e-05 0.00073982956 3.496114e-05 5.8308256e-06 1.8215587e-07 0.00020476285 2.3398514e-05 0.0002807459 1.045527e-06 1.1274547e-06 2.0249785e-05 0.048066173 5.6723043e-06 1.42484e-05 2.114045e-05 6.8091804e-06 4.2072224e-06 2.734523e-05 0.000118684875 0.00020004489 5.399881e-05 0.000537678 7.57907e-06 3.2654345e-05 3.1925952e-06 7.916284e-06 8.30506e-06 2.816377e-05 4.6958594e-06 0.00018634467 9.5084906e-05 0.000111281035 1.3053674e-05 4.580012e-06 1.5416533e-06 3.30835e-07 0.000108775384 1.0594921e-06 2.3189618e-06 1.8117616e-05 0.0004635092 2.0173368e-06 2.430579e-05 1.9658235e-07 2.6806415e-06 0.00012181672 0.00013132521 5.1940003e-07 8.943145e-06 4.7555513e-08 0.0047031227 1.5539778e-09 1.7971907e-09 1.12441406e-07 3.6869494e-07 5.0825827e-07 3.353265e-07 2.7367444e-06 0.0008690246 4.0054612e-08 8.617435e-06
0.15916173 5.4115004e-05 4.2391668e-05 0.000534219 1.8483386e-06 6.671328e-07 1.6389662e-05 0.009762408 0.0051531554 0.6826144 0.14856277 0.00038154688 0.99500513 0.74499685 1.6813099e-15 0.99609125 0.5662809 0.019495424 7.6811075e-06 2.2374456e-06 0.0002789719 4.759251e-07 0.00035406207 0.7502433 0.6181765 7.0387873e-06 0.0414277 0.009570026 0.031666737 0.020850142 0.023384383 0.019924961 0.012758027 9.526063e-09 0.0018560737 3.9303046e-08 0.0004629881 0.00022959751 4.131734e-08 0.001602466 1.7144965e-06 0.0014736726 5.3854887e-06 4.3691714e-05 1.8066829e-06 0.00018419948 6.820929e-05 2.4993155e-05 6.8334873e-07 1.1992235e-05 6.6766197e-06 0.009213525 8.92061e-07 5.60183e-05 9.086561e-06 0.00015407539 1.6667029e-05 1.5421944e-06 2.3348919e-05 0.0054772436 0.0038255798 0.0027054034 1.1632965e-05 0.00048773907 6.9463213e-06 3.1022735e-06 2.3098416e-06 1.0162936e-05 4.790923e-05 1.7607324e-06 1.23831205e-05 0.00022071396 1.236259e-05 9.525727e-05 2.1139564e-05 4.4807225e-06 4.5969705e-07 1.01525785e-07 1.281251e-06 7.3965464e-05 8.5433516e-05 1.5004926e-07 1.832543e-05 1.2449888e-06 4.7217912e-07 8.586143e-05 3.19334e-05 2.1158453e-06 3.8928893e-06 6.6073994e-06 0.0011741358 4.7516138e-09 1.6889711e-09 2.942493e-09 3.6807325e-08 8.9150734e-07 9.727964e-07 1.4755225e-06 0.00060178357 2.9433775e-07 9.128978e-07
0.066401295 2.6846032e-05 3.4261855e-05 0.0011625973 4.3847604e-06 3.6765633e-07 1.597094e-05 0.0072098942 0.003791746 0.59496355 0.4653374 0.00025814635 0.8257945 0.98260045 0.99609125 5.5058044e-15 0.4142252 0.014462826 1.0869465e-05 2.5916831e-06 0.00031582062 5.559922e-07 0.00049956026 0.64577574 0.9390974 2.2029788e-05 0.019323247 0.0051188935 0.078561895 0.016035445 0.11964361 0.11547767 0.15597893 1.3831243e-07 0.0015918518 6.075729e-08 0.00036812734 0.00020326066 6.658212e-08 0.0063007018 1.0376401e-06 0.0004635154 9.831222e-06 3.947278e-05 1.019359e-05 0.00074088795 6.298205e-05 5.2098356e-05 1.0942285e-06 7.916329e-06 3.564953e-05 0.02646537 2.5185036e-06 9.354623e-05 9.649238e-06 2.7946087e-05 4.703692e-05 2.8985196e-06 1.5147034e-05 0.0010988005 0.0005990846 0.0010196483 2.5754498e-05 0.00019987707 9.4285406e-07 3.7662048e-06 3.218264e-06 1.1793956e-05 2.0392945e-05 2.4494928e-05 4.938537e-05 9.6776086e-05 3.937493e-06 3.8223683e-05 2.060245e-06 3.162827e-06 6.807521e-07 1.2035848e-06 3.9817743e-07 5.202051e-05 0.00012391267 1.2534414e-06 3.207872e-05 4.3838506e-07 1.7418764e-06 9.61266e-05 4.237615e-05 3.4850805e-06 3.4032028e-06 1.2433692e-06 0.0005598476 1.0367418e-08 1.831691e-08 4.2624726e-09 1.9070121e-07 4.6812272e-07 1.184926e-06 8.436586e-06 0.0005226001 3.5389039e-07 3.2261246e-06
0.9961257 3.420068e-05 0.00038575626 0.0001314761 3.080222e-06 3.1557886e-06 9.779646e-05 0.0071607414 0.09032573 0.90428436 0.001486828 0.0008114005 0.9276787 0.051732525 0.5662809 0.4142252 1.0537642e-14 0.16955534 2.0624791e-05 3.9210783e-05 0.0032716265 2.2701555e-05 0.0030781068 0.925233 0.8501291 8.920762e-05 0.19330771 0.14560708 0.4756702 0.32573244 0.5181011 0.106022574 0.008514947 5.253444e-06 0.17658815 8.750184e-08 0.016131487 0.01859476 3.8797708e-07 0.101099744 2.4043775e-05 0.11437159 0.0004667095 0.0055573112 1.2903673e-05 0.03444102 0.000727919 0.0006986642 0.0010675605 1.2457245e-05 0.00038509167 0.3357687 4.5146742e-05 0.00014970943 0.00042958095 0.0005626934 5.9357182e-05 1.3620373e-06 8.0786376e-05 0.6218721 0.59614897 0.46587113 9.3231756e-05 0.025980448 0.00093945017 3.4204168e-05 0.0004880236 0.0014073869 0.0043657064 0.0006387667 1.6239395e-05 0.28250173 0.00077115244 0.0034221117 0.007887276 6.386235e-06 8.557351e-07 6.8581994e-07 2.645041e-06 0.0020543514 0.008855074 4.231345e-06 0.0010804383 0.000107619104 1.4174312e-06 0.021619907 0.0020276562 1.0314152e-05 7.840934e-05 8.755411e-06 0.01687368 3.3160052e-08 3.6067724e-09 6.032841e-08 1.7660165e-06 0.00010941169 0.00015879338 0.00020104938 0.033389296 7.427506e-07 4.584074e-05
0.9936403 0.0068743764 0.1575608 0.028776284 0.0013761485 0.00079974317 0.1998593 0.64957047 0.98480415 0.8637385 0.03994542 0.4088533 0.1941176 0.034758948 0.019495424 0.014462826 0.16955534 5.5450114e-14 0.00912319 0.00060522015 0.27352712 0.0011477806 0.506253 0.01317119 0.031991005 0.031878993 0.003165949 0.0029678126 0.0013396736 0.0012169476 0.0019116 0.00060461846 0.0002704997 0.00034775454 6.637237e-05 7.4834446e-08 0.0003710737 9.25875e-05 1.0061761e-07 0.00010598852 0.00015468065 0.8517011 0.054437697 1.0595835e-05 2.155682e-06 8.243378e-06 0.00014073534 0.0652317 4.1090271e-07 6.86059e-06 6.0186784e-07 0.0012682185 0.0007375249 0.00010284993 0.013951873 5.7212634e-05 1.5199822e-05 7.122141e-07 7.1020754e-06 0.18145819 0.58130586 0.638277 5.021771e-06 0.0012037657 0.0018585501 5.2587625e-06 0.0021480175 0.021456877 0.00051023177 1.2566257e-05 1.7905635e-05 0.030954927 0.007675928 0.0003552179 0.0045232424 1.5058476e-06 2.29286e-07 3.193215e-07 1.0530221e-06 0.00082508766 0.09428836 7.658667e-06 0.008695884 1.2812174e-05 4.5535734e-07 0.005779255 0.009186427 5.945443e-06 2.8201666e-05 9.4426005e-06 0.034921493 2.6562328e-09 9.294499e-09 1.08476556e-07 3.4916804e-06 5.479678e-05 4.158851e-05 6.3375315e-05 0.034711454 2.1195882e-07 5.7670375e-05
0.56137866 0.0018045115 0.014837154 0.00025414125 0.0021678037 0.14821553 0.4830128 0.006142238 0.010350957 0.00034426342 0.0006148052 0.39242703 4.780622e-05 2.5878095e-05 7.6811075e-06 1.0869465e-05 2.0624791e-05 0.00912319 1.9595058e-13 0.9979563 0.41967022 0.1433857 0.17233858 2.9710081e-06 1.1171641e-05 0.9943832 1.0704114e-05 5.5093274e-06 2.6951375e-06 4.205658e-06 5.238967e-07 5.358451e-07 1.0891375e-06 0.5205817 5.063757e-07 0.00014458275 3.8896496e-06 3.64863e-07 2.354704e-07 5.016544e-06 0.007362769 0.19121128 0.5097662 5.0989826e-07 6.247332e-05 1.3898149e-05 2.0376915e-06 0.20313722 5.971912e-08 0.00032423547 1.3354055e-06 0.00012102412 0.12027182 1.2094593e-05 0.048965745 1.4618257e-06 3.2970537e-08 7.844063e-08 2.3385676e-06 2.2636526e-05 0.00010519019 0.008831827 5.349689e-07 1.6927213e-06 0.07691308 1.7840836e-06 0.01358682 0.027256623 9.576886e-06 2.6998694e-07 9.912516e-06 1.5985554e-05 0.011529704 3.7242837e-06 1.4514383e-05 1.2082978e-06 3.442243e-07 4.3665972e-07 6.117145e-07 1.8879899e-05 0.075003386 1.294515e-05 0.0051656826 1.137528e-06 4.6463836e-07 2.0962925e-06 0.028357396 5.138286e-06 8.877454e-07 4.0769633e-06 0.0008594664 1.6456679e-07 1.652791e-09 1.687375e-08 1.6791336e-06 5.810035e-07 1.3152293e-05 1.9455492e-06 0.0009403887 2.031428e-06 1.8344427e-06
0.08624763 0.0019118999 0.01248006 0.0003393925 0.021620423 0.23649414 0.31849882 0.0033794702 0.005510679 0.00026647927 0.00034827614 0.105983205 2.680635e-05 1.177831e-05 2.2374456e-06 2.5916831e-06 3.9210783e-05 0.00060522015 0.9979563 4.2249754e-15 0.029918313 0.98685634 0.007151739 3.71128e-07 4.436721e-06 0.3653528 1.1367467e-05 1.3822737e-05 4.3114505e-07 1.4445703e-06 1.4144827e-07 1.1223379e-07 1.816962e-06 0.9004567 1.9604604e-08 0.009605805 2.079969e-06 4.0546422e-07 0.00025454245 8.897997e-06 0.025427062 0.021261448 0.13574128 1.4567495e-07 0.0030978876 3.9221257e-05 4.264077e-06 0.046956655 1.7400227e-07 0.0019308223 1.3986703e-05 3.6043707e-06 0.08901277 7.2723856e-07 0.018785626 7.037521e-07 1.4165846e-07 2.1442645e-07 7.0297267e-07 1.2893047e-05 0.00011524327 0.002207666 1.6453947e-07 4.492746e-06 0.12359166 9.023569e-07 0.02056488 0.0090008965 6.7693577e-07 8.7276874e-07 3.9634037e-05 4.5968154e-06 0.010060181 4.5992815e-07 2.2996892e-06 5.2434507e-07 5.84101e-08 7.350676e-07 8.8916886e-07 1.02142685e-05 0.006673001 7.539405e-06 0.002615097 6.3311845e-08 6.243848e-07 9.596397e-06 0.0073805936 3.1592065e-06 2.922103e-06 2.828109e-07 0.00027101897 4.9879873e-08 6.897859e-08 5.154113e-08 1.5443955e-07 1.2275207e-07 2.6721623e-06 5.2013884e-06 0.00047002416 8.2057153e-07 3.8433328e-08
0.8438013 0.006363413 0.0677928 0.017693477 0.004620748 0.023369532 0.50926155 0.31886986 0.63243586 0.1225752 0.0059857573 0.98788935 0.0036730224 0.0018415218 0.0002789719 0.00031582062 0.0032716265 0.27352712 0.41967022 0.029918313 1.18968835e-14 0.029396586 0.995314 0.00019489291 0.00045464226 0.4760304 0.00024280249 0.00013155799 3.7779802e-05 4.4279648e-05 7.731281e-06 4.9834807e-06 8.190803e-06 0.010683473 1.10769776e-07 2.0123498e-05 7.779437e-06 4.6310285e-07 6.206547e-07 1.7981364e-06 0.00078372034 0.84515977 0.44112614 3.4752695e-08 4.9990915e-05 3.8600848e-07 5.5261745e-07 0.21986273 2.1436286e-09 0.00029548566 1.5394582e-08 0.00016581552 0.008887807 2.120568e-06 0.05795215 6.300193e-07 5.7312263e-08 2.4851651e-08 1.5091383e-06 0.0043247277 0.040328633 0.1452877 1.05835234e-07 2.5629663e-05 0.045368955 2.5684137e-08 0.009290101 0.07483289 3.029356e-05 7.334611e-09 3.0649744e-07 0.0009888291 0.019073287 2.8680137e-05 0.00041836707 6.264445e-08 1.1700154e-07 2.2216875e-08 9.539772e-09 0.0001662134 0.09401712 3.8403655e-06 0.010276505 4.156074e-06 1.287911e-07 0.00037299955 0.021778308 6.110504e-07 8.196351e-06 1.1369846e-06 0.009938363 7.564557e-11 3.8480236e-10 1.12199485e-08 1.384137e-08 3.7957216e-06 6.111489e-07 2.113431e-06 0.0056467326 4.370886e-08 1.8765703e-06
0.00037834665 0.00212737 0.00095430575 0.0006034738 0.24632587 0.891787 0.19422191 0.0013329983 0.0005903379 7.6286815e-05 0.00018790543 0.05243334 9.701615e-07 4.229173e-05 4.759251e-07 5.559922e-07 2.2701555e-05 0.0011477806 0.1433857 0.98685634 0.029396586 2.6891632e-17 0.0063282726 2.473118e-07 8.4420066e-07 0.044430837 3.6883137e-07 5.837474e-06 4.7216378e-07 5.79045e-08 2.8818894e-07 3.6792727e-08 7.734123e-09 0.8531359 6.298471e-08 0.09270232 5.787373e-07 6.0571345e-08 0.99996877 1.4245029e-07 0.0049050474 0.002504835 0.0047326316 1.498011e-08 4.4914374e-05 7.0564397e-07 1.6659855e-06 0.003519835 1.6681554e-08 1.2677686e-05 4.836301e-09 1.4323797e-05 0.0014415456 3.0219994e-06 0.0012856101 4.1624656e-07 9.9160516e-08 1.0340881e-07 1.360169e-07 3.0544684e-06 4.503827e-06 0.00045574037 3.0401395e-07 2.5506488e-06 0.0035512072 4.107325e-06 0.00059947517 0.00018200664 1.1809303e-06 4.478292e-06 4.4546832e-07 1.4273116e-06 0.0005504809 2.6779178e-06 9.3408056e-07 7.5471085e-10 2.973892e-09 2.5055954e-06 3.4595207e-09 1.8409852e-06 0.00037645668 1.2153996e-06 0.00017433189 3.942385e-08 3.9637456e-08 1.0320866e-06 0.00057153654 1.6125508e-06 2.2706524e-06 2.5281649e-08 0.00015420945 5.7362783e-08 7.9469174e-08 4.9018385e-09 6.1298265e-06 1.5317121e-07 1.297605e-07 9.697916e-07 9.444533e-05 3.0583085e-09 7.170051e-07
0.9740756 0.0037099198 0.027472233 0.011577474 0.0019977447 0.01457448 0.23189318 0.2102592 0.4915087 0.18027063 0.007139943 0.75832254 0.0032897685 0.0013041139 0.00035406207 0.00049956026 0.0030781068 0.506253 0.17233858 0.007151739 0.995314 0.0063282726 8.420624e-15 0.0002206567 0.00069295417 0.39823422 0.00044045926 0.00018874487 3.9306702e-05 2.7785974e-05 3.2997414e-05 2.0075842e-05 5.634771e-05 0.0039291135 1.9334884e-07 4.004358e-06 1.1826688e-05 6.0728416e-07 4.673247e-07 7.360669e-06 0.0007110221 0.94752014 0.5963177 3.549962e-08 1.4644246e-05 1.9056804e-06 4.453921e-06 0.34064618 3.4041259e-09 0.0002213573 8.346538e-08 0.0007661506 0.008213625 1.1293157e-05 0.07963787 3.920938e-06 9.182068e-08 1.2596077e-08 1.3891377e-05 0.029306892 0.20432751 0.5150265 7.918578e-08 0.00018075205 0.037681606 5.6606535e-08 0.014157508 0.13572769 0.00017416273 2.408692e-07 1.0515508e-06 0.0034782207 0.026832845 5.195263e-05 0.0010396559 5.898331e-08 4.3533745e-07 4.828745e-08 1.5609754e-07 0.00022118511 0.22481441 3.1054376e-06 0.016949473 7.646836e-06 6.256377e-07 0.00092569186 0.031461153 1.2677715e-06 9.807745e-06 1.3947734e-06 0.023383638 2.7619068e-10 1.4342699e-09 1.5914684e-07 2.267759e-08 3.0212434e-05 4.523671e-06 7.00141e-06 0.014651471 1.3840994e-07 5.4894713e-06
0.783554 2.9431094e-06 4.375015e-06 7.010122e-06 2.3905903e-07 1.4284944e-07 2.0771283e-06 0.0001237032 0.00027019752 0.09595968 0.0002668788 6.690486e-05 0.63121784 0.054762825 0.7502433 0.64577574 0.925233 0.01317119 2.9710081e-06 3.71128e-07 0.00019489291 2.473118e-07 0.0002206567 1.731729e-18 0.94836164 3.1775778e-06 0.908276 0.6728327 0.970354 0.96818185 0.59238154 0.1692316 0.0055135097 1.8048031e-07 0.48076427 8.294891e-09 0.34508437 0.1786815 1.4463149e-07 0.11692795 2.7561433e-07 0.00434229 2.5680481e-05 0.012089699 4.5601205e-06 0.03977909 0.007825654 0.00010049052 0.00076433405 2.390887e-05 0.000939615 0.2904415 1.8671466e-06 0.00039811764 3.8030026e-05 0.0021199405 0.0016432491 4.808544e-06 0.00016039498 0.1871414 0.07290723 0.027843181 3.4019096e-05 0.017533708 6.33294e-05 2.1264177e-05 2.136977e-05 0.00020259975 0.0024843917 0.00043349 8.944419e-05 0.058495488 9.313054e-05 0.0018240595 0.0040984806 8.360528e-06 2.4634398e-06 7.624099e-07 2.6403309e-06 0.0012271765 0.0004948143 7.061755e-06 0.0002753935 4.55914e-05 1.2019279e-05 0.0049747294 0.00040431035 3.9952621e-07 1.5847907e-05 7.824772e-06 0.0028782466 1.2630458e-08 1.6833118e-08 9.0641565e-09 1.3905294e-07 5.75633e-06 1.7763412e-05 0.00010872902 0.009123466 3.49837e-06 8.53947e-06
0.7679545 5.7354255e-06 6.871741e-06 1.9585033e-05 3.3240285e-06 9.2928246e-07 2.0470712e-05 0.0010159821 0.0032419395 0.50705516 0.0013434204 0.00026219906 0.27612063 0.7400732 0.6181765 0.9390974 0.8501291 0.031991005 1.1171641e-05 4.436721e-06 0.00045464226 8.4420066e-07 0.00069295417 0.94836164 4.573453e-13 3.0244878e-06 0.21807365 0.30059072 0.9466187 0.38329315 0.98314947 0.81228036 0.65984434 1.1572488e-06 0.517779 5.549261e-08 0.045727238 0.0856858 2.318754e-06 0.23862158 1.1818287e-05 0.00082098064 6.367929e-06 0.006407471 3.918747e-06 0.032927413 0.0021299028 0.00013156276 0.0001556668 4.31222e-05 0.0032847684 0.48186928 1.0195315e-06 0.00028223958 4.1837262e-05 0.00027157267 0.000458325 5.0717e-06 0.00019141246 0.016373813 0.0036216597 0.0054823644 1.189308e-05 0.0009851613 2.4605648e-05 1.1557185e-05 2.9114024e-06 9.98161e-05 0.00011474496 0.0005466973 0.0003561521 0.008139934 2.0672309e-05 0.00011781833 7.588324e-05 1.1061264e-06 7.2950825e-06 2.7224877e-07 1.851071e-06 4.540993e-05 0.00045750072 2.5249606e-06 4.918106e-05 1.2253433e-06 1.9442554e-05 0.0007091971 0.00033047693 3.9323274e-07 4.0062946e-06 2.379906e-05 0.0018332581 3.2855132e-09 1.21165336e-08 3.5179855e-08 9.93534e-07 2.9902534e-07 3.1914446e-06 1.654242e-05 0.0065334206 9.361508e-06 3.3852857e-06
0.93570113 0.00022596182 0.0017003735 0.00037376085 0.00066317606 0.021376077 0.15662469 0.005525904 0.010569264 0.0013618883 0.00043062077 0.36980116 2.1402971e-05 1.9829693e-05 7.0387873e-06 2.2029788e-05 8.920762e-05 0.031878993 0.9943832 0.3653528 0.4760304 0.044430837 0.39823422 3.1775778e-06 3.0244878e-06 3.9737349e-13 7.6954275e-06 9.7861075e-06 4.2312604e-06 2.9725443e-06 4.2763037e-07 2.0086096e-08 5.6604404e-07 0.32183835 7.511172e-08 0.00021542252 1.4674296e-06 1.2221578e-07 5.416519e-07 5.4775223e-06 0.013672048 0.77929574 0.97872996 2.2930948e-08 0.00015790468 8.9984746e-07 6.794206e-07 0.6516293 1.4858086e-09 0.002102015 2.6605326e-07 4.035326e-06 0.2544266 3.0848023e-06 0.17767726 1.1972083e-06 5.967893e-08 6.248348e-08 1.923797e-07 0.00025649334 0.010242333 0.05842212 2.5140567e-08 4.399949e-06 0.32826507 6.723539e-08 0.0924854 0.15216108 7.707818e-06 2.0196929e-08 8.322427e-07 0.00018243988 0.06478344 3.822771e-06 7.077218e-05 1.2155277e-07 4.067431e-07 3.8534477e-08 7.572794e-09 4.0737512e-05 0.38114446 8.011668e-06 0.03536978 4.979131e-07 1.3505972e-07 1.1981433e-05 0.10105559 5.25876e-07 2.0774098e-06 3.1031968e-06 0.0035704807 1.2300394e-08 1.4581483e-10 9.223523e-09 3.858552e-08 1.8384235e-06 4.978198e-06 7.639012e-07 0.0027062562 1.009897e-06 5.217656e-07
0.8983041 5.6452727e-06 3.0342944e-05 6.595179e-06 3.9835743e-07 2.6129155e-07 8.00162e-06 0.0001202636 0.00094412593 0.02969137 2.9440567e-05 0.00014099866 0.20713912 0.0022605387 0.0414277 0.019323247 0.19330771 0.003165949 1.0704114e-05 1.1367467e-05 0.00024280249 3.6883137e-07 0.00044045926 0.908276 0.21807365 7.6954275e-06 3.9548654e-15 0.99055326 0.5310156 0.97986466 0.09856639 0.014977542 0.00021893119 1.5696439e-07 0.4465136 5.114567e-09 0.7967921 0.46218416 3.1077633e-08 0.0521924 9.961449e-07 0.0028236127 9.034883e-05 0.061499994 3.9469746e-06 0.060472857 0.5490107 0.00019785728 0.018363748 2.6234213e-06 0.0043557216 0.10226744 1.1207983e-06 0.023380984 0.00012239268 0.010193658 0.0024786494 0.00032020904 0.00018139859 0.6426665 0.16016082 0.042958222 0.0050451923 0.08537633 0.0002009154 0.003393867 2.0390144e-05 0.00043621962 0.009917817 0.0010629854 0.0006746521 0.44815546 7.4247946e-05 0.00931114 0.027199103 6.982016e-05 7.964555e-07 7.299325e-05 0.00022137947 0.0051301923 0.0014476825 7.6420656e-05 0.00030544042 0.0006431923 6.880542e-06 0.040647436 0.0003433074 2.5556828e-05 0.00039142396 3.0540446e-05 0.0072829016 1.4656848e-07 6.3808616e-09 5.330957e-07 5.79448e-07 0.00011658649 9.348443e-05 0.00031318364 0.023004116 2.0795883e-06 0.000100451805
0.9791801 1.5351392e-06 2.2626975e-06 3.686413e-06 8.0155235e-07 1.122734e-07 4.321522e-06 1.9279903e-05 0.00018212001 0.016487258 1.8563898e-05 7.5646305e-05 0.04081212 0.0003241041 0.009570026 0.0051188935 0.14560708 0.0029678126 5.5093274e-06 1.3822737e-05 0.00013155799 5.837474e-06 0.00018874487 0.6728327 0.30059072 9.7861075e-06 0.99055326 1.8262269e-13 0.42722782 0.7984725 0.14760481 0.009311309 0.00010165345 1.3529725e-06 0.44775596 1.7699794e-07 0.8421502 0.41159216 2.1534537e-07 0.09150632 4.267205e-06 0.008562332 0.00030378083 0.115221575 7.653169e-06 0.18963525 0.09978028 0.0002699243 0.030593898 1.2532196e-05 0.00942637 0.16678491 1.1371901e-05 0.00467994 0.00013701749 0.00681561 0.0018652531 7.897361e-05 0.00045752668 0.9197592 0.3177226 0.12092283 0.0014087929 0.35147586 0.0006526486 0.0015157987 0.00013575246 0.0005134394 0.02333 0.009244665 0.0006987978 0.7244203 0.0003550875 0.016531233 0.09430794 6.912351e-05 1.0178352e-06 9.4378565e-06 7.225859e-05 0.007332172 0.002801654 3.701468e-05 0.0008787181 0.00084183586 1.4038901e-05 0.13358101 0.0010037583 3.523978e-05 0.00018742864 7.709329e-05 0.013406073 5.487917e-08 5.135162e-09 9.4249265e-07 4.0499086e-07 0.00036634874 8.76758e-05 0.00021083422 0.0391168 1.1693223e-06 0.000116735806
0.6766925 3.0287392e-06 2.709107e-06 9.828302e-07 2.9296072e-07 5.685717e-07 8.3866365e-07 1.7728684e-05 3.005982e-05 0.0085764835 1.4830383e-05 4.260636e-05 0.015244536 0.0036993667 0.031666737 0.078561895 0.4756702 0.0013396736 2.6951375e-06 4.3114505e-07 3.7779802e-05 4.7216378e-07 3.9306702e-05 0.970354 0.9466187 4.2312604e-06 0.5310156 0.42722782 1.8782205e-16 0.9428858 0.86044574 0.3194398 0.025699452 1.5061558e-07 0.9900747 5.250889e-08 0.27022123 0.44155747 9.523613e-08 0.33148864 3.451334e-06 0.00031831133 1.2720436e-05 0.06059023 1.9039202e-06 0.22757708 0.01965426 3.187732e-05 0.009133128 1.2357532e-05 0.031192169 0.45722276 7.190299e-07 0.00069952593 6.3731845e-06 0.002024271 0.001871121 3.73766e-05 0.00093623344 0.03551994 0.0036532457 0.002215197 0.00029234856 0.010197388 4.047648e-06 0.0001443133 3.4583911e-06 3.5975834e-05 0.0009435621 0.0018141754 0.00036845135 0.014963388 9.8641585e-06 0.0007152415 0.0004931518 3.0848478e-05 4.552113e-06 8.511301e-07 3.4910565e-05 0.00068166177 0.00021709056 5.7388174e-06 0.00014644631 3.4894256e-05 2.8755809e-05 0.001221251 0.00011090079 1.277331e-06 8.872389e-06 1.0050341e-05 0.0022584228 2.5260059e-08 1.474556e-08 2.232029e-07 3.4032334e-07 4.9332766e-06 3.070911e-05 0.0001192392 0.007440974 2.4619603e-06 4.9314513e-06
0.8616697 5.4744046e-06 5.539838e-06 3.2828718e-06 6.0565253e-07 1.3898989e-06 1.1785642e-06 1.0042666e-05 3.8500098e-06 0.0024934567 1.1546323e-05 3.1971766e-05 0.013763933 0.00034615328 0.020850142 0.016035445 0.32573244 0.0012169476 4.205658e-06 1.4445703e-06 4.4279648e-05 5.79045e-08 2.7785974e-05 0.96818185 0.38329315 2.9725443e-06 0.97986466 0.7984725 0.9428858 1.1129289e-14 0.26645094 0.028599145 0.0007956106 1.2350263e-07 0.92694217 7.626062e-09 0.7670465 0.71316004 5.9477223e-08 0.13198824 7.077008e-07 0.0005228942 5.262126e-05 0.12968722 7.17082e-06 0.20657283 0.12592573 2.1850577e-05 0.024475807 2.8022068e-05 0.01310073 0.2889633 1.0741894e-06 0.004631696 1.0426103e-05 0.008507594 0.005731721 0.0001439279 0.0010098876 0.3217913 0.031104945 0.007220205 0.0014928244 0.058254477 8.907484e-05 0.0014547069 3.0677e-05 0.00016389778 0.008189152 0.0039369846 0.0014187166 0.16176508 2.4228333e-05 0.0042837188 0.008086088 9.8708355e-05 4.86222e-06 1.5147265e-05 4.266072e-05 0.0023720672 0.00054600637 9.532161e-05 0.00018268258 0.00056411757 7.5172604e-05 0.01639031 0.0002588045 9.027704e-06 0.00019867372 5.586806e-05 0.007071585 1.5188358e-07 4.488872e-09 5.8564694e-07 5.6154107e-07 0.00014030382 0.00017630529 0.0002535982 0.025106166 1.3129584e-05 8.8161265e-05
