2.565148e-16 0.9176081 0.7778228 0.6093029 0.96102947 0.93231064 0.9715137 0.98090804 0.9496699 0.9172182 0.88216037 0.95813435 0.9345628 0.84603757 0.9141383 0.95142424 0.9692684 0.9565805 0.98357666 0.8403896 0.97213715 0.971349 0.8181802 0.86321294 0.92043394 0.9326336 0.8773485 0.9060314 0.93001825 0.8211829 0.9611006 0.9159431 0.6327726 0.8989752 0.9001778 0.91945285 0.89468855 0.9778082 0.84345496 0.9346382 0.756551 0.7762667 0.91757095 0.83395135 0.54309213 0.9765432 0.7031396 0.2662267 0.68321073 0.5237093 0.41694623 0.4278219 0.8797779 0.888373 0.8828395 0.25476083 0.93262565 0.4489533 0.8706324 0.027741415 0.019885443 0.8093302 0.1451539 0.84907436 0.090305485 0.89745206 0.029750915 0.8140496 0.013630427 0.7017534 0.34911376 0.06422337 0.006710267 5.921753e-05 0.99405515 0.5193058 0.9075969 0.0012467171 0.9987076 0.0013530191 0.48420298 0.00080169045 0.07161542 0.12953848 0.99358475 0.9998262 0.9880165 0.9998114 0.9963324 0.0030139869 0.61937535 0.9985423 0.0012561034 0.98792565 0.019349312 0.36623916 0.00176546 5.269782e-06 0.00032177425 0.36659577 0.0031675799
0.9176081 6.732321e-14 0.9698138 0.9140463 0.8392609 0.12846835 0.9296445 0.7958062 0.004567988 0.9389898 0.013184493 0.014384758 0.90950286 0.007872463 0.0035407294 0.63921213 0.00041206763 0.004227766 0.4668263 0.07215531 0.3826192 0.010531091 0.004889108 0.15695944 5.7673453e-05 0.20797221 0.000679045 3.0745784e-06 0.040529616 0.007452266 0.00028005813 0.11347361 0.0021724054 0.00023549411 4.4887605e-07 3.5866262e-06 4.5232293e-05 3.8403873e-06 0.3248085 6.8834424e-06 1.3976237e-05 0.0003993204 0.0006805222 8.866557e-05 0.00014853234 0.0038873695 0.27120966 0.0032750184 0.001376071 0.00026239568 0.00010679392 0.028685493 0.0051739556 0.0016142665 5.2731575e-05 0.04544599 1.7239981e-06 3.132262e-05 2.0974454e-05 0.0022766937 8.490993e-05 1.0684308e-05 2.5775644e-06 5.26669e-05 0.039522413 1.2198849e-05 3.1170526e-05 1.040116e-06 4.9253363e-06 2.4825335e-06 1.254066e-07 2.3485468e-06 5.123882e-05 2.0908815e-06 2.9797052e-06 9.0702965e-09 5.906966e-06 1.0065385e-06 0.024828399 0.00084369804 9.1188795e-06 6.5446166e-08 6.788396e-07 1.8012265e-07 0.0020918194 0.002429336 1.1829919e-06 0.0010490393 1.4574069e-07 0.0034094823 3.8526193e-07 0.0038013607 5.1146304e-05 0.0006255208 0.0012466325 3.1555718e-08 3.448527e-08 4.4846083e-06 5.551894e-09 6.7822166e-09 6.3623656e-07
0.7778228 0.9698138 1.3175181e-14 0.9817513 0.68263793 0.92091566 0.9366683 0.5974914 0.001942382 0.21552701 0.0060038976 0.0012090484 0.28062427 0.0006471554 0.00033559956 0.52161187 0.0042028716 0.00049328175 0.028661976 0.05613959 0.08162143 0.09046292 0.0020435934 0.057579372 0.00081899524 0.5886667 0.000594514 9.0877955e-05 0.052494075 0.0077056875 0.00044552356 0.01914672 0.00057075056 0.00013050408 1.5906278e-05 9.851137e-06 0.00015982482 4.5447578e-05 0.15452306 1.0997968e-05 0.00010899304 0.00045572448 0.00065562146 0.00015371082 0.00021290465 0.001265494 0.26755646 0.000655123 0.006284283 0.00064127584 1.583348e-05 0.10133078 0.0031061207 0.0025784336 0.00018037354 0.0562925 1.6982796e-05 2.9761712e-05 5.841732e-05 0.000653476 0.0003718995 1.892307e-05 2.9451463e-05 8.659524e-06 0.033247136 1.042824e-05 1.3601326e-05 1.3787012e-06 5.3798445e-05 1.3133684e-06 2.9263712e-05 6.3016205e-06 1.2359524e-05 3.7705942e-07 9.729787e-06 2.2099384e-08 1.9375098e-06 2.1444036e-07 0.008095964 0.00043647908 1.4984021e-05 5.751778e-07 3.8566483e-07 5.241206e-07 0.0016928336 0.00088754616 2.6048815e-07 0.0012227356 8.655634e-08 0.003853915 8.0427066e-07 0.0013221379 1.1916627e-05 9.756953e-05 0.0042839902 9.282634e-08 1.6463711e-07 4.284568e-06 1.5053235e-08 4.915339e-09 1.8466296e-06
0.6093029 0.9140463 0.9817513 1.934326e-16 0.95921445 0.96938574 0.4039297 0.8329642 3.4353794e-05 0.10705346 0.00021596435 0.00022196399 0.4905653 0.00013470092 6.639744e-05 0.042704046 0.053088002 9.986008e-05 0.0076277037 0.0010916125 0.09768532 0.079618886 0.0002292999 0.18249442 0.0029995705 0.28680632 8.6405955e-05 0.00037473915 0.06684977 0.05523954 1.5915959e-05 0.0008155105 0.00025856766 1.4040214e-05 2.5307743e-05 0.00019047775 0.000772439 0.00029685613 0.016619304 8.202966e-08 0.00033982183 0.0014499001 0.000114523675 3.5215942e-06 1.521024e-06 0.0002677642 0.03476773 1.3962395e-05 0.005527319 0.0009584886 4.535678e-07 0.048907854 0.008643288 0.0044297753 0.00017809626 0.03121853 3.2488253e-05 7.741968e-07 9.177635e-05 2.9725203e-05 0.00011491908 1.0733775e-06 1.4606782e-05 1.8913121e-06 0.0029837189 8.321618e-07 4.6680377e-08 7.970363e-06 1.1708003e-05 1.4710916e-05 5.311007e-06 4.8975696e-08 2.1272045e-07 5.7863545e-08 7.0933536e-05 2.3057346e-08 0.00010834646 3.3822843e-08 0.0054535875 2.947057e-05 2.9281312e-06 1.6693976e-07 1.6502121e-06 3.554804e-06 0.0011621529 0.00073627254 5.113099e-07 0.0008471153 3.3856697e-06 0.0004913795 4.003755e-06 0.00042079046 1.4701303e-06 0.00012547617 0.0020913417 4.443454e-08 2.7801915e-08 3.8395015e-06 4.2264563e-08 5.683369e-09 6.361458e-08
0.96102947 0.8392609 0.68263793 0.95921445 1.5226798e-10 0.74125904 0.5014669 0.9784324 0.0002535397 0.048832063 0.0004880692 5.234278e-05 0.75437856 8.985406e-05 6.008265e-05 0.30443373 0.021956371 0.00019209365 0.016653836 0.006776318 0.41653213 0.3242523 0.00093825354 0.5425935 0.004457127 0.8512651 0.00015597306 0.00017413782 0.35573512 0.107501306 1.5776792e-05 0.01712437 0.00026062175 6.737937e-06 0.00012679408 0.00027110093 0.00050145807 0.00038951825 0.20905456 5.04581e-07 0.00011803787 0.009108047 4.2759777e-05 6.888059e-06 5.391748e-06 0.0006408247 0.31219748 0.00062629086 0.043985672 0.0030845716 5.8756495e-06 0.26964626 0.019686574 0.022054847 0.00063171657 0.22946908 1.7578459e-05 1.0534032e-05 0.0016943503 0.000516023 0.00055020297 1.3890602e-06 2.8099914e-05 8.68267e-06 0.047532406 2.8594936e-06 1.3531681e-05 4.133476e-06 0.00023434436 4.9999013e-05 0.0003726346 5.144814e-07 9.813724e-06 1.0814216e-06 0.00018725499 1.2986333e-06 0.00034754552 5.9894995e-07 0.059426203 0.0008021478 9.980001e-07 3.7940388e-06 1.3990839e-05 1.1695894e-05 0.006257302 0.0016208892 9.423474e-08 0.007073075 2.7108734e-05 0.004052641 6.9993125e-06 0.0012496483 2.209316e-05 0.00016920436 0.019396152 7.108329e-08 5.951603e-08 1.0206235e-05 1.1869121e-06 1.625695e-07 5.0199615e-06
0.93231064 0.12846835 0.92091566 0.96938574 0.74125904 5.221411e-14 0.39307112 0.65296733 1.355069e-05 0.0043112086 6.8215595e-05 1.0337864e-05 0.10642642 2.0965334e-05 1.2688583e-05 0.07557919 0.8177497 2.2264272e-05 0.0011414004 0.00051158475 0.0790153 0.90236306 0.0001631108 0.32619265 0.42429963 0.9336774 1.8802779e-05 0.01704986 0.5279341 0.23037119 1.3911601e-06 0.00045819912 3.0704545e-05 2.7069116e-06 0.0023531767 0.005778718 0.012175606 0.0040579564 0.05329202 4.1685496e-08 0.0048326133 0.01211147 5.4000608e-05 1.3765138e-06 1.5005163e-06 0.00018860005 0.19577329 3.287971e-05 0.23722057 0.005304288 3.1852946e-07 0.55538374 0.012266805 0.025285773 0.001121626 0.3344297 0.00036418048 8.868476e-07 0.006585237 3.9022023e-05 0.017525557 3.31162e-07 0.00043974785 7.2631667e-07 0.022741716 3.5585396e-07 4.063647e-07 0.00016000569 0.0008963535 0.00011058618 0.015980022 3.3423524e-07 1.0311304e-06 2.7079212e-08 0.0004669499 8.5765026e-07 0.0008873422 1.2515153e-07 0.009487794 0.00022394973 4.1674566e-06 1.2819041e-05 6.966662e-06 8.792714e-06 0.0019682746 0.0010359361 1.3612725e-08 0.0043535805 1.0240935e-05 0.005138686 6.3983844e-06 0.00018822825 2.8362213e-06 7.0481437e-06 0.05667159 7.92878e-08 3.10028e-08 2.5237776e-05 2.3673741e-05 3.345814e-08 4.3027035e-06
0.9715137 0.9296445 0.9366683 0.4039297 0.5014669 0.39307112 2.982883e-14 0.5092799 0.01687949 0.7042899 0.09316632 0.02127328 0.34429398 0.016990662 0.017944809 0.99039775 0.00033038808 0.011970544 0.26100823 0.66120654 0.17128088 0.011491529 0.038880914 0.04136305 0.00049013505 0.26987723 0.0010995427 3.6551169e-06 0.042790398 0.0038800396 3.583913e-05 0.49853194 0.0005795661 0.0011381671 5.92051e-07 1.7487198e-05 0.00031867033 0.00011780283 0.80312437 1.2237715e-06 2.7515474e-05 0.0015400135 0.0020497427 6.260334e-05 0.00014071722 0.002882834 0.72052705 0.042865325 0.0017829604 0.0014675158 0.0004330805 0.12522873 0.005190005 0.006777876 0.0003287819 0.05845243 1.905615e-06 3.60262e-05 2.8305752e-05 0.029025435 0.00032574148 3.4517223e-06 3.6211984e-06 0.00034392937 0.23764051 9.43558e-06 0.0008710188 1.5146579e-06 5.0127685e-05 7.0184237e-06 1.8310834e-06 1.1600489e-06 9.2306786e-05 9.4777184e-05 7.905303e-05 2.6997574e-08 0.00010847238 1.4599067e-07 0.042513214 0.007838373 6.775591e-05 3.574826e-07 4.5986526e-06 4.2296328e-05 0.002842417 0.0026513147 4.1204953e-06 0.0026761245 3.8945844e-05 0.024997532 0.00024053991 0.005225044 0.0011912055 0.0010229681 0.0022961972 3.1687972e-07 7.883867e-07 5.2108346e-05 5.3137353e-07 1.0083914e-07 2.3766888e-06
0.98090804 0.7958062 0.5974914 0.8329642 0.9784324 0.65296733 0.5092799 1.1846615e-10 0.0004534193 0.06364449 0.0010865104 5.3463948e-05 0.92084 8.4083964e-05 6.119158e-05 0.3698921 0.03235778 0.00022189798 0.02651792 0.006252262 0.8175276 0.30573577 0.00074433937 0.8607593 0.0055965306 0.71418387 0.00013405095 0.00019850404 0.503677 0.17730133 1.3669649e-05 0.017980706 0.00021417215 2.8853892e-06 4.906937e-05 0.00027960952 0.0003612356 0.00032260633 0.19271281 1.698976e-07 9.235557e-05 0.010933608 4.0987426e-05 3.3626497e-06 1.81202e-06 0.0009761705 0.22478248 0.00029239626 0.026770927 0.005467075 4.0188734e-06 0.16218834 0.08700505 0.06359214 0.0005730303 0.14934061 1.0310179e-05 2.451511e-06 0.00062642794 0.00060653116 0.00036069858 3.4167049e-06 2.2777087e-05 2.5690057e-05 0.031952128 3.6438487e-07 3.411671e-06 3.2525782e-06 9.1197195e-05 9.889274e-05 5.30051e-05 3.366001e-07 5.79466e-06 1.1688708e-06 0.00015763775 5.460142e-07 0.00035152878 1.2772056e-06 0.18816099 0.0005783183 9.1263223e-07 9.007473e-07 1.5979884e-05 9.341745e-06 0.020003157 0.0042270585 8.868472e-08 0.017167 1.152619e-05 0.002871584 4.9725895e-06 0.0018227561 2.122635e-05 0.0002913252 0.010607241 3.0372604e-08 4.1754966e-08 1.5384157e-05 2.828558e-06 7.306522e-08 4.510472e-06
0.9496699 0.004567988 0.001942382 3.4353794e-05 0.0002535397 1.355069e-05 0.01687949 0.0004534193 6.5039814e-13 0.7190648 0.9892292 0.9700534 0.0050019864 0.7294124 0.64051163 0.012034088 9.964109e-07 0.47066447 0.2425798 0.75624466 0.00072275515 2.3028979e-06 0.8538185 0.00023131794 1.2204672e-06 0.00031912833 0.8408174 6.418093e-08 7.656728e-05 3.347418e-05 0.3640976 0.5808031 0.09802686 0.2553924 4.662583e-08 4.3973433e-08 8.09801e-06 7.7514386e-07 0.05526759 0.022077955 1.8238532e-07 7.263778e-05 0.12395481 0.33781424 0.012762219 0.15380597 0.004902489 0.031210676 8.464918e-07 0.00013388535 0.1741231 1.7306244e-05 0.00055309886 0.00013017603 2.0026602e-05 1.233248e-05 8.714392e-08 0.030966844 4.789566e-07 0.002309735 7.935093e-07 5.5264438e-05 4.5705758e-07 0.0068485234 0.00087749877 0.0002881938 0.023029003 3.8284531e-07 2.4916915e-06 6.403979e-07 2.755879e-08 0.00064852915 0.01284873 0.00061176065 3.4408924e-06 1.4451393e-08 1.4709016e-06 0.00066335953 0.005138071 0.00022499311 5.0981023e-05 4.107605e-07 4.9965097e-06 1.1619571e-05 0.0006993545 0.0031015489 0.00030795528 0.00052930927 3.2531952e-06 1.5315076e-05 8.87746e-06 0.012192081 0.000574417 0.002204773 7.840119e-07 1.284022e-07 1.790034e-07 7.170383e-08 3.4926394e-08 4.3779093e-07 0.00011240352
0.9172182 0.9389898 0.21552701 0.10705346 0.048832063 0.0043112086 0.7042899 0.06364449 0.7190648 5.2531072e-14 0.5840223 0.6150862 0.8715634 0.855121 0.8208725 0.3056019 8.217949e-05 0.8143692 0.98983145 0.5067028 0.10585164 0.00048359006 0.26030695 0.008715383 5.2900115e-05 0.011828409 0.13385987 1.7479801e-06 0.001509296 0.00061929075 0.028802207 0.45905623 0.065893084 0.0026025376 1.1011528e-07 2.334679e-06 5.8193154e-06 1.6646403e-06 0.11986538 0.00059094065 1.549319e-06 0.00051963364 0.003477156 0.011597277 0.0010892539 0.061952528 0.01937151 0.007105165 2.9454637e-05 0.001086929 0.0038035435 0.0009418777 0.008985039 0.0033661665 6.163018e-05 0.0001709385 8.9299476e-07 0.00024368468 1.1042583e-05 0.0010939824 5.5338796e-07 2.1248832e-05 3.6405527e-07 3.743043e-05 0.0026399456 1.0453153e-05 0.0009590925 1.4817658e-07 4.7985573e-06 2.698191e-07 1.8373306e-07 1.4363123e-05 0.00032181168 3.4546876e-05 1.7829552e-05 1.4679474e-08 3.4600375e-06 1.8742668e-06 0.07882025 5.644016e-05 1.8685538e-06 8.4671015e-08 8.45653e-08 1.8412994e-08 0.011451341 0.025853718 1.3148674e-06 0.010065526 2.2905824e-07 0.0002456196 1.2702917e-07 0.032289185 4.1292997e-06 0.0027121485 1.2795597e-06 6.3158394e-09 4.71362e-09 6.371917e-07 4.172475e-10 9.32557e-10 2.0309267e-06
0.88216037 0.013184493 0.0060038976 0.00021596435 0.0004880692 6.8215595e-05 0.09316632 0.0010865104 0.9892292 0.5840223 8.656462e-15 0.83625036 0.0055575683 0.5053189 0.47959584 0.076649845 3.995249e-06 0.3539739 0.2065524 0.95761365 0.0013938108 2.4177898e-05 0.9487165 0.00047857224 9.331853e-06 0.0009607261 0.94585943 7.170195e-07 0.00034234338 0.00010492259 0.43665656 0.53730667 0.05553554 0.093939334 2.492881e-07 4.140907e-07 1.4733086e-05 4.7291396e-06 0.03943856 0.0371998 1.3044969e-06 0.00013685974 0.040163737 0.18255787 0.012366836 0.08648942 0.0057011107 0.03638447 2.867605e-06 0.0002344148 0.15236168 0.00012858266 0.0009056274 0.0005537528 6.9644404e-05 1.0040089e-05 1.419817e-07 0.020163845 4.6254477e-06 0.002670303 6.4029655e-07 4.5632027e-05 2.5916395e-07 0.0016034313 0.00094686524 0.0003603675 0.068747744 6.9020024e-07 6.0319494e-06 9.049231e-07 4.621915e-08 0.00023523554 0.008710508 0.00069753267 6.951231e-06 1.4085294e-08 7.670687e-07 0.00056060706 0.0051123877 7.70794e-05 3.3774773e-05 6.65046e-07 4.8082366e-06 9.403617e-06 0.0011527241 0.002567212 0.00014014095 0.0006524012 1.6596629e-06 1.2065343e-05 1.8855715e-05 0.015795695 0.00076442555 0.000869809 6.9923243e-07 1.8137547e-07 7.794604e-09 3.842695e-08 7.0655837e-09 2.4986812e-07 6.0525126e-05
0.95813435 0.014384758 0.0012090484 0.00022196399 5.234278e-05 1.0337864e-05 0.02127328 5.3463948e-05 0.9700534 0.6150862 0.83625036 2.4410258e-14 0.0026137708 0.9799774 0.4848138 0.0129139675 1.2756449e-06 0.6037889 0.070405215 0.27010804 0.00022462072 5.9637223e-06 0.40744185 0.000103087375 4.1995618e-06 0.00029885018 0.75125617 1.9075087e-07 3.104027e-05 1.056644e-05 0.9171124 0.16003077 0.4822058 0.7023261 4.4799272e-08 1.1995427e-07 1.9533873e-06 1.0111745e-07 0.009542466 0.69048995 4.766882e-07 2.799509e-05 0.27521065 0.37117034 0.1949199 0.42407563 0.00042149052 0.0054886425 2.4299056e-06 0.00012635252 0.08663199 8.169853e-05 0.0007968449 8.050942e-05 9.482677e-06 1.962366e-05 1.09890145e-07 0.10922645 7.3380545e-07 0.00026756537 2.2254653e-07 0.006319025 2.6052393e-07 0.01824044 9.162854e-05 3.478806e-05 0.008747532 1.4613211e-06 9.723164e-06 4.837535e-06 7.090387e-08 0.0067052357 0.007507223 0.00010316518 6.3887933e-06 7.0754016e-09 6.8240576e-07 0.0008717576 0.008332773 5.746408e-06 0.0014827837 1.5768848e-07 3.468991e-06 3.4712052e-06 0.0008383603 0.010269778 0.0002762811 0.000758142 1.25413475e-08 3.9993833e-05 7.4666383e-07 0.048220515 8.995867e-05 0.005726007 1.0192184e-06 1.2480153e-06 2.0105474e-06 1.5359703e-07 3.887322e-09 1.3251205e-08 0.00036060193
0.9345628 0.90950286 0.28062427 0.4905653 0.75437856 0.10642642 0.34429398 0.92084 0.0050019864 0.8715634 0.0055575683 0.0026137708 7.7454705e-14 0.0054965075 0.003732823 0.06118454 0.0064521483 0.010366769 0.79064995 0.0064540254 0.9898267 0.0056910203 0.0010478944 0.6940875 0.00039662453 0.015267211 0.0002364839 3.2133525e-05 0.060000353 0.0444985 0.0001810158 0.004695589 0.00241044 0.00016047744 1.073141e-06 4.834805e-06 0.00018265749 0.00019121998 0.0059266486 4.943105e-06 6.174626e-05 0.0022697165 0.0011004201 1.205444e-05 1.13600845e-05 0.008635571 0.008012678 4.8455575e-05 9.346963e-05 0.0039405324 4.6524515e-06 0.003010086 0.07483108 0.028058855 0.00042112428 0.0009363857 3.1205473e-05 3.6959104e-06 1.9806504e-05 5.0235078e-05 2.1801816e-06 1.102728e-05 9.124069e-07 0.00020710049 0.00059727643 2.9738003e-06 5.8118553e-06 2.2201057e-06 6.7717985e-05 2.648565e-06 3.1765762e-07 2.1817716e-07 1.3535992e-05 9.3947824e-07 8.512788e-05 3.4502115e-08 9.173618e-05 9.61313e-08 0.2647944 9.7767654e-05 4.691469e-06 2.2816178e-07 1.7201855e-07 8.782635e-07 0.054160573 0.0306325 1.2621499e-06 0.024007691 1.2352141e-06 0.00068135496 1.6742837e-06 0.018632459 1.1342315e-06 0.0019575949 0.00017486891 1.4917212e-08 5.039058e-09 1.6303677e-06 2.399783e-10 1.8457816e-09 3.4456227e-07
0.84603757 0.007872463 0.0006471554 0.00013470092 8.985406e-05 2.0965334e-05 0.016990662 8.4083964e-05 0.7294124 0.855121 0.5053189 0.9799774 0.0054965075 1.6125244e-14 0.99288917 0.017008219 2.9924142e-06 0.78017545 0.15717457 0.20145565 0.00051802385 1.2971423e-05 0.23876107 0.00020012846 3.4836216e-06 0.0004433116 0.3584414 1.032602e-07 3.5222813e-05 1.5454918e-05 0.48031735 0.17910755 0.6024824 0.4206081 1.3582718e-08 2.0833549e-07 5.909397e-07 6.7679665e-08 0.0050982805 0.15879808 1.9585478e-07 1.5545147e-05 0.095900595 0.15892826 0.03431263 0.2001974 0.00034139073 0.0016909603 2.0243249e-06 9.143598e-05 0.025910124 8.64076e-05 0.0005751329 5.3143085e-05 4.0215723e-06 1.5362868e-05 3.410451e-08 0.029026454 1.4567404e-06 0.00015511553 5.04983e-07 0.001299697 2.804319e-07 0.003403344 0.00012280482 3.3221382e-05 0.004091941 2.3737041e-07 1.2127205e-06 7.7964705e-07 2.8859463e-07 0.0012690574 0.002769712 6.252662e-05 9.3206506e-07 3.2021465e-09 5.933717e-08 8.857344e-05 0.008421972 4.0389414e-06 6.9872454e-05 6.366678e-08 3.697183e-08 2.828183e-08 0.0011361928 0.012715434 3.787378e-05 0.0010295784 5.0016657e-09 1.9735853e-05 9.565284e-08 0.033159535 1.0712211e-05 0.005887766 1.4505521e-06 1.480818e-07 2.0478814e-07 5.4525575e-08 1.2292227e-09 8.717292e-10 5.8835645e-05
0.9141383 0.0035407294 0.00033559956 6.639744e-05 6.008265e-05 1.2688583e-05 0.017944809 6.119158e-05 0.64051163 0.8208725 0.47959584 0.4848138 0.003732823 0.99288917 1.1665758e-13 0.022890897 4.981722e-06 0.97789 0.49995348 0.2691545 0.0009144715 2.3858302e-05 0.35608843 0.00016619549 6.9138973e-06 0.00043794865 0.3825091 4.4042878e-07 6.1750376e-05 1.3802781e-05 0.39470598 0.26303872 0.6483844 0.23099868 3.784549e-08 1.1995821e-06 2.1583112e-06 2.8193867e-07 0.0128043275 0.06410835 7.935267e-07 2.4752699e-05 0.09043867 0.14446618 0.023342803 0.35965365 0.0008416857 0.0037774097 4.27271e-06 0.00012491932 0.042358235 0.00012341674 0.00086983014 9.2131246e-05 4.21347e-06 5.1919844e-05 2.3734528e-07 0.035043195 4.6226737e-06 0.00040260004 1.7206654e-06 0.0012870902 3.3786835e-06 0.0017230639 0.0005425952 4.8495614e-05 0.0039457483 1.1334643e-07 7.5556504e-06 3.1863474e-06 8.8630225e-07 0.0008309802 0.002618923 7.500896e-05 5.479445e-06 4.7975412e-08 2.6167272e-06 0.00013698521 0.018662645 4.057989e-05 8.218302e-05 3.324198e-07 1.8509378e-07 1.961361e-07 0.0017336409 0.021100668 0.00016714504 0.0017659694 1.546534e-07 9.022217e-05 3.8896107e-07 0.049788564 0.00010217751 0.009782057 1.6804834e-05 2.8770594e-07 3.1970418e-07 7.086953e-08 5.9541463e-08 2.470777e-09 0.00011015693
0.95142424 0.63921213 0.52161187 0.042704046 0.30443373 0.07557919 0.99039775 0.3698921 0.012034088 0.3056019 0.076649845 0.0129139675 0.06118454 0.017008219 0.022890897 5.6863228e-15 0.00017933805 0.0113736475 0.061117914 0.5685122 0.03342707 0.009317882 0.08006046 0.021312274 0.00079737435 0.13422966 0.0024965296 7.572008e-05 0.026844805 0.0017324574 8.604661e-05 0.6887098 0.00038268985 0.00026119477 5.2395e-06 9.9451034e-05 0.00023696342 2.6262236e-05 0.9781367 5.536168e-06 1.9219837e-05 0.0002298065 0.0013887323 0.00024210213 0.0002808284 0.0026271546 0.92151934 0.37095907 0.0026512856 0.0008832377 0.001204531 0.10927418 0.0017971637 0.0034912615 5.9371563e-05 0.13195282 6.2322442e-06 5.2720014e-05 6.0983257e-05 0.16668895 0.0007671273 1.866228e-06 7.973534e-06 3.670723e-05 0.5204845 4.9729148e-05 0.0049958937 3.4295867e-06 4.1261013e-05 1.2790143e-06 2.691911e-06 1.3775605e-06 9.033573e-05 0.00028260265 2.709966e-05 6.2618146e-09 1.4201042e-05 6.286299e-07 0.062170316 0.04571008 1.414596e-05 3.3623705e-06 9.689683e-06 1.2551561e-05 0.002335825 0.0011852382 4.6373438e-07 0.00055983727 4.543066e-06 0.099874355 4.970117e-05 0.0014027358 0.0074618733 7.0377566e-05 0.005113124 1.7444339e-07 4.0390255e-08 7.864067e-05 3.1304269e-06 6.1787483e-07 4.032702e-06
0.9692684 0.00041206763 0.0042028716 0.053088002 0.021956371 0.8177497 0.00033038808 0.03235778 9.964109e-07 8.217949e-05 3.995249e-06 1.2756449e-06 0.0064521483 2.9924142e-06 4.981722e-06 0.00017933805 1.852371e-15 1.1927907e-05 0.0003174764 5.970642e-06 0.007951328 0.6786233 5.478282e-07 0.22652371 0.98265177 0.022829091 8.4684945e-07 0.95696956 0.38088736 0.85234976 1.0395125e-07 5.478168e-07 3.6921887e-05 5.4930533e-06 0.5947401 0.43110764 0.8831967 0.5850444 0.00013302692 1.43603e-09 0.3860765 0.7179095 2.5820631e-05 4.10588e-08 3.9269327e-08 0.00017923514 0.00079719716 9.841813e-08 0.15508798 0.24350971 2.0941803e-08 0.06362236 0.018568117 0.5065559 0.4105496 0.0018484701 0.014829961 1.8502034e-07 0.16617481 5.388907e-07 0.0040860814 3.0294598e-07 0.0063307993 3.5172845e-06 5.631558e-05 5.6430817e-08 5.0612607e-09 0.0015698912 0.025682779 0.010639362 0.3083316 1.9000419e-08 1.208228e-07 1.6573031e-08 0.022526445 0.0011735139 0.09021472 2.0412331e-08 0.030828374 9.0298745e-06 1.1058096e-05 0.00087515585 0.00021869436 0.0026699565 0.02143922 0.003908825 2.0390297e-07 0.07615514 0.0062885126 3.4460205e-05 0.0015721093 0.0006170296 2.5421977e-08 0.000103922466 0.0069757975 1.2010148e-07 3.610925e-08 8.304375e-07 8.039049e-05 1.3672105e-06 5.0642063e-07
0.9565805 0.004227766 0.00049328175 9.986008e-05 0.00019209365 2.2264272e-05 0.011970544 0.00022189798 0.47066447 0.8143692 0.3539739 0.6037889 0.010366769 0.78017545 0.97789 0.0113736475 1.1927907e-05 2.0682831e-15 0.9593396 0.13563164 0.003228515 9.489209e-06 0.13173163 0.00038359733 3.7554344e-06 0.0003346111 0.16525626 1.989457e-07 8.201359e-05 1.866836e-05 0.18939285 0.103080526 0.89523906 0.10400648 3.6577635e-08 2.1853931e-07 2.0624427e-06 4.6271833e-07 0.0060505453 0.022785053 1.6303817e-06 3.0926836e-05 0.11878855 0.0362336 0.009954769 0.8073184 0.00048637183 0.0013903829 7.997489e-07 0.00020249255 0.009683342 2.9780189e-05 0.0054703974 0.00044941413 8.68185e-06 6.5437994e-06 3.17353e-07 0.005003372 1.9424197e-06 0.00010592819 2.082e-07 0.0006948004 2.9203713e-07 0.005216637 8.258962e-05 9.897361e-05 0.0016767558 1.3331119e-07 3.3880342e-06 5.554977e-07 2.9682099e-08 0.0002864347 0.0022048592 4.9598002e-05 1.6113927e-05 6.668884e-09 1.2542085e-05 3.5152912e-05 0.052926965 1.2311738e-05 3.18949e-05 2.9324822e-08 2.2187287e-07 2.8592441e-07 0.0064826757 0.13569784 0.00013531573 0.0038971612 3.8136037e-07 1.4168549e-05 8.432455e-07 0.16391957 1.623037e-05 0.040939044 4.1576732e-07 4.3364416e-08 1.8261236e-08 3.6448515e-08 1.005496e-09 2.0295157e-09 4.6579367e-05
0.98357666 0.4668263 0.028661976 0.0076277037 0.016653836 0.0011414004 0.26100823 0.02651792 0.2425798 0.98983145 0.2065524 0.070405215 0.79064995 0.15717457 0.49995348 0.061117914 0.0003174764 0.9593396 9.2875495e-17 0.157753 0.42080018 0.00035827974 0.05624043 0.017908726 2.6702353e-05 0.002299025 0.02151473 1.6800194e-06 0.00411731 0.0012707214 0.0070705703 0.09367553 0.344427 0.0021286812 1.14484955e-07 1.751174e-06 3.3859786e-05 3.665182e-05 0.01452419 0.00028968757 9.217584e-06 0.0011481529 0.017434513 0.0020815616 0.0006327409 0.38885254 0.0024378581 0.0006002984 2.7344145e-06 0.0020470857 0.0006196322 0.00014802907 0.076355785 0.017272627 0.00017823439 4.281409e-05 2.82954e-06 0.00012917841 1.2560661e-05 0.0003339095 6.217744e-07 0.0001812414 2.5492565e-07 0.0017575778 0.00078668905 1.1301776e-05 6.9949e-05 5.1569623e-07 4.455862e-06 1.469533e-06 2.6520712e-09 2.222194e-06 0.00011876074 1.0982289e-05 0.00010498865 9.587082e-10 6.46299e-05 2.9147984e-07 0.4360769 0.00050205505 2.9570852e-05 2.473428e-08 2.76093e-08 3.3184408e-06 0.059120733 0.37341994 5.112943e-05 0.031556543 1.4646026e-06 0.000115909446 5.1264014e-06 0.14181596 5.6677545e-05 0.041810643 3.8595255e-07 2.6862383e-08 3.2805976e-09 8.3612136e-08 9.304511e-11 3.3705878e-09 3.309617e-06
0.8403896 0.07215531 0.05613959 0.0010916125 0.006776318 0.00051158475 0.66120654 0.006252262 0.75624466 0.5067028 0.95761365 0.27010804 0.0064540254 0.20145565 0.2691545 0.5685122 5.970642e-06 0.13563164 0.157753 5.9651935e-16 0.0026280489 8.345095e-05 0.9911361 0.001491752 5.8356014e-05 0.000896244 0.5221705 2.2061524e-06 0.00060716 8.0642974e-05 0.0024654237 0.9754527 0.0032569366 0.009476107 3.4895652e-07 1.1005806e-05 2.8200295e-05 4.9918776e-07 0.18138827 0.00012746673 4.415431e-06 8.671403e-05 0.007925991 0.016548522 0.00082809705 0.011196756 0.015287418 0.15770678 9.38671e-06 0.00012502873 0.110992365 0.00015142637 0.00092765293 0.00031249324 1.3259252e-05 0.00044186026 3.0746034e-07 0.0005550537 1.1757319e-06 0.033878446 4.4429376e-06 1.7978546e-05 1.3878116e-06 0.0002756342 0.015300196 9.150699e-05 0.04603325 5.6601596e-07 7.671921e-06 1.035578e-06 5.0299067e-09 0.00015691256 0.0016173725 0.00533032 7.758232e-06 3.6158094e-09 1.0795652e-05 5.541474e-05 0.009163214 0.0023115873 5.7415964e-05 2.755322e-06 3.9499682e-06 3.7250342e-07 0.0008417259 0.0025914707 1.2247925e-05 0.0006731768 5.935194e-06 0.00073054014 9.823669e-06 0.0076188375 0.0141733615 0.0007994031 3.1462955e-06 1.9721176e-07 2.8827484e-08 2.2071015e-06 6.748451e-08 1.7619409e-07 1.6155425e-05
0.97213715 0.3826192 0.08162143 0.09768532 0.41653213 0.0790153 0.17128088 0.8175276 0.00072275515 0.10585164 0.0013938108 0.00022462072 0.9898267 0.00051802385 0.0009144715 0.03342707 0.007951328 0.003228515 0.42080018 0.0026280489 1.5356888e-13 0.007773315 0.00031313286 0.96267843 0.0006033947 0.022598622 7.7089324e-05 3.823648e-05 0.32530323 0.048323736 6.792956e-05 0.0020361766 0.0033532097 5.7548074e-05 4.4217722e-06 1.575562e-05 0.00020002676 0.00012899928 0.003733654 4.6091617e-07 5.2014206e-05 0.003482549 0.0014497467 3.857268e-06 2.3960672e-06 0.012040091 0.0030589318 1.9516234e-05 0.00015836388 0.0064938385 6.529935e-06 0.0013480805 0.59848195 0.11335235 0.00038653458 0.00058886333 1.543424e-05 8.750948e-07 2.511185e-05 9.6227945e-05 1.6683696e-05 2.7891798e-05 8.31733e-06 0.0004922698 0.000380881 1.1046584e-05 9.32141e-06 9.40446e-06 7.979053e-05 5.5224837e-06 9.886483e-07 1.4911033e-07 9.245185e-06 8.3381815e-07 0.00010908559 5.0480164e-08 0.00017226342 2.2890933e-07 0.61889035 5.1565006e-05 1.4145584e-05 4.0336346e-07 6.037771e-07 1.3039391e-05 0.17020723 0.09792147 4.993642e-06 0.042503998 2.828871e-06 0.0007422879 4.830445e-06 0.03220711 1.5053708e-06 0.008992467 0.00014560808 1.5723234e-08 1.1965537e-07 3.1710993e-06 1.8894593e-09 6.378708e-09 1.2049608e-06
0.971349 0.010531091 0.09046292 0.079618886 0.3242523 0.90236306 0.011491529 0.30573577 2.3028979e-06 0.00048359006 2.4177898e-05 5.9637223e-06 0.0056910203 1.2971423e-05 2.3858302e-05 0.009317882 0.6786233 9.489209e-06 0.00035827974 8.345095e-05 0.007773315 3.275581e-14 2.3391663e-05 0.21259108 0.8168457 0.8313749 1.0767393e-06 0.06139801 0.646862 0.38246655 2.0367295e-08 2.9104567e-05 1.5479638e-05 2.3631865e-06 0.04564822 0.3570405 0.06463279 0.02449584 0.014490522 1.0349652e-09 0.0049545886 0.063132755 3.5920122e-05 8.93099e-08 1.07198666e-07 0.00024345984 0.05529622 1.9662764e-06 0.9889538 0.014405918 1.4214082e-08 0.6967523 0.007833949 0.09889109 0.010706826 0.20498407 0.0009721214 4.798486e-07 0.25435278 6.0061968e-05 0.13503923 1.09899155e-07 0.008888367 2.044863e-06 0.015119254 5.9991663e-07 1.2236046e-08 1.058405e-05 0.15739213 0.0002708211 0.45893377 1.3475371e-08 1.0661264e-07 6.4922583e-09 0.00024254376 5.6717283e-05 0.0003980753 1.664783e-08 0.02638654 0.00023732483 6.6457465e-06 0.0006090561 2.4765615e-05 3.284035e-05 0.004683907 0.0015061271 1.27603e-07 0.019745952 0.00025356413 0.0026019025 4.104684e-05 0.00096821785 5.1325555e-06 7.610254e-05 0.19648348 1.26798e-07 8.91858e-08 5.0270155e-05 0.0024403587 2.1663628e-07 3.915501e-06
0.8181802 0.004889108 0.0020435934 0.0002292999 0.00093825354 0.0001631108 0.038880914 0.00074433937 0.8538185 0.26030695 0.9487165 0.40744185 0.0010478944 0.23876107 0.35608843 0.08006046 5.478282e-07 0.13173163 0.05624043 0.9911361 0.00031313286 2.3391663e-05 9.774313e-16 0.00031983305 1.7326689e-05 0.00029760448 0.95561194 1.4866414e-06 0.00011404162 2.2599339e-05 0.09007476 0.8917413 0.008082387 0.037045706 1.884852e-07 3.668828e-06 1.4288133e-05 2.2823794e-07 0.08289761 0.0034834708 2.9488745e-06 1.4153558e-05 0.017189581 0.20656584 0.015053374 0.023326974 0.0024614653 0.2316776 4.2984016e-06 0.00015283555 0.55354583 8.10027e-05 0.0002456864 0.00019011316 3.0300638e-05 1.2320395e-05 4.3604092e-07 0.035471387 6.057039e-07 0.02902304 1.1737511e-06 5.530846e-05 4.4486035e-07 0.00017657182 0.0010304876 0.00035793087 0.5807241 8.129073e-07 1.9005904e-05 1.1446122e-06 1.1875353e-09 0.0021916789 0.08232961 0.03035701 1.9902263e-06 8.834107e-10 2.3620947e-07 0.0009395134 0.0030924063 0.00018584615 0.00014124993 1.1601894e-06 6.2063225e-07 2.933288e-08 0.0007739809 0.0019123886 6.284573e-05 0.00037875152 1.040483e-06 4.981715e-05 2.4201877e-06 0.01084816 0.011399139 0.0004873873 4.7365933e-07 2.4779294e-07 1.5633813e-07 4.0576947e-07 1.482059e-08 8.0514894e-08 3.6201847e-05
0.86321294 0.15695944 0.057579372 0.18249442 0.5425935 0.32619265 0.04136305 0.8607593 0.00023131794 0.008715383 0.00047857224 0.000103087375 0.6940875 0.00020012846 0.00016619549 0.021312274 0.22652371 0.00038359733 0.017908726 0.001491752 0.96267843 0.21259108 0.00031983305 2.1742326e-12 0.012856292 0.109788455 6.08023e-05 0.0024765546 0.9896758 0.9190637 1.932191e-05 0.00062216946 0.0012537038 1.8569988e-05 0.00051668286 0.0013913889 0.0016628838 0.0069033927 0.0037516705 1.623814e-07 0.0005467993 0.1051946 0.00023044203 1.4886772e-06 1.3735568e-06 0.0012826521 0.00307133 1.1942054e-05 0.0028154892 0.021502374 1.3989485e-06 0.009868318 0.58362955 0.19501114 0.0012751853 0.006114512 0.0003019021 2.0329553e-06 0.00028886934 6.7979076e-05 9.4156545e-05 1.2390929e-05 7.295365e-05 0.00016182126 0.00077090395 4.880021e-06 1.860497e-06 9.3497e-05 0.00029582516 5.46321e-05 0.0001009408 2.9886255e-07 6.8719514e-06 1.787828e-07 0.0005291205 1.1041145e-06 0.00090593525 4.3633e-07 0.16834712 5.2792417e-05 1.03470275e-05 4.730772e-06 1.4291234e-06 6.0696193e-06 0.043021206 0.017749654 1.9534217e-07 0.02708996 4.226695e-06 0.0022590333 3.956789e-06 0.0025718885 1.8284954e-06 0.0004881406 0.0012918839 3.662811e-08 2.2749157e-08 1.2129465e-05 6.158884e-08 2.9559219e-08 6.818333e-07
0.92043394 5.7673453e-05 0.00081899524 0.0029995705 0.004457127 0.42429963 0.00049013505 0.0055965306 1.2204672e-06 5.2900115e-05 9.331853e-06 4.1995618e-06 0.00039662453 3.4836216e-06 6.9138973e-06 0.00079737435 0.98265177 3.7554344e-06 2.6702353e-05 5.8356014e-05 0.0006033947 0.8168457 1.7326689e-05 0.012856292 8.08831e-15 0.041469872 7.806035e-06 0.97564703 0.062728114 0.20580481 1.5299793e-07 2.078487e-05 4.019776e-05 4.2040256e-06 0.8204399 0.8045393 0.4032753 0.12837584 0.0007318029 5.5053695e-09 0.10330307 0.20469232 3.1948628e-05 1.6630296e-06 1.1954023e-06 0.00014339111 0.0017089229 1.898363e-06 0.5726254 0.043707654 8.39805e-07 0.12933443 0.0022913334 0.100198776 0.10575606 0.0075810943 0.009024869 1.7838863e-06 0.73387104 5.6075996e-06 0.01896869 2.1659724e-07 0.06884349 7.893829e-07 0.00010684262 1.2903945e-07 6.711121e-07 0.00019975303 0.28871652 0.013269145 0.8184735 1.2132566e-07 2.427645e-06 2.9882267e-07 0.0022680284 0.010062473 0.0041236924 7.405816e-08 0.004523657 2.0199657e-05 1.5325071e-05 0.004731637 0.00017135846 0.000631847 0.002075687 0.0007093719 2.798919e-07 0.017778335 0.0028819435 8.001907e-05 0.0001633504 0.00049353024 6.466442e-07 1.3931072e-05 0.01822771 1.9875796e-07 1.1154336e-06 2.453197e-06 0.0008374258 2.985677e-07 3.9335223e-06
0.9326336 0.20797221 0.5886667 0.28680632 0.8512651 0.9336774 0.26987723 0.71418387 0.00031912833 0.011828409 0.0009607261 0.00029885018 0.015267211 0.0004433116 0.00043794865 0.13422966 0.022829091 0.0003346111 0.002299025 0.000896244 0.022598622 0.8313749 0.00029760448 0.109788455 0.041469872 1.0438745e-13 2.144913e-05 0.0017251949 0.30560803 0.016306097 1.2023779e-06 0.001557461 0.00012259197 2.4413583e-05 0.00064167444 0.0016197116 0.0023786365 0.0005229334 0.2209281 7.232233e-08 0.00020395718 0.002856341 7.678212e-05 1.4254074e-06 1.4765346e-06 0.00042761 0.6809316 0.00023902726 0.6920128 0.0011155959 6.87219e-07 0.9715366 0.0037085563 0.009686247 0.00036733883 0.88485354 7.369276e-05 5.2215046e-07 0.0006757319 0.0019835606 0.31201884 1.8293022e-07 0.000107429 8.141607e-06 0.23393546 5.769193e-07 1.9979863e-07 4.9529203e-06 0.00044071113 1.7562255e-05 0.024887925 3.906747e-08 6.6774504e-07 3.1475633e-07 7.8864854e-05 6.1559865e-07 0.00019411606 2.3088978e-07 0.06268436 0.0052867644 8.861143e-06 7.111035e-06 1.6130854e-05 1.2413592e-05 0.004821719 0.0007177694 2.0623472e-07 0.0032402251 4.9834493e-05 0.14068136 5.671875e-05 0.00041712704 0.0001517816 5.160879e-05 0.61477214 1.11831426e-07 1.0240309e-07 0.001243754 0.0017091152 1.2477559e-06 2.1485296e-06
0.8773485 0.000679045 0.000594514 8.6405955e-05 0.00015597306 1.8802779e-05 0.0010995427 0.00013405095 0.8408174 0.13385987 0.94585943 0.75125617 0.0002364839 0.3584414 0.3825091 0.0024965296 8.4684945e-07 0.16525626 0.02151473 0.5221705 7.7089324e-05 1.0767393e-06 0.95561194 6.08023e-05 7.806035e-06 2.144913e-05 9.598283e-17 3.210415e-07 3.2847493e-05 5.234226e-06 0.9370774 0.37170896 0.0470507 0.28039643 4.3880767e-08 4.848664e-07 5.9551635e-06 1.4477652e-07 0.0021860856 0.11270261 5.024164e-07 9.94323e-06 0.11601328 0.9497081 0.2661996 0.06419908 0.00017074135 0.032818675 3.181333e-07 6.706329e-05 0.79175204 3.9712563e-06 0.00013516533 7.535132e-05 7.98156e-06 3.8954389e-07 3.4766168e-07 0.4510272 2.7402845e-07 0.0006669333 2.1467446e-07 0.0003441917 1.6869832e-07 0.0063640107 5.2367046e-05 0.0010710706 0.5710401 8.806765e-07 5.1676684e-06 7.58067e-07 8.9223656e-10 0.023893656 0.49344406 0.013904361 1.1226222e-06 2.1127466e-09 9.2893515e-07 0.018736415 0.0012835753 5.198532e-06 0.0001316196 7.982858e-07 7.1264662e-06 4.098648e-07 0.00027181648 0.0019514688 0.00018107193 5.5448098e-05 2.170629e-07 3.0651777e-06 1.2537051e-05 0.026402405 0.0010464628 0.0012481917 9.099013e-08 3.367645e-07 3.6360908e-07 5.4508213e-08 1.9999309e-09 6.850269e-07 0.0014287548
0.9060314 3.0745784e-06 9.0877955e-05 0.00037473915 0.00017413782 0.01704986 3.6551169e-06 0.00019850404 6.418093e-08 1.7479801e-06 7.170195e-07 1.9075087e-07 3.2133525e-05 1.032602e-07 4.4042878e-07 7.572008e-05 0.95696956 1.989457e-07 1.6800194e-06 2.2061524e-06 3.823648e-05 0.06139801 1.4866414e-06 0.0024765546 0.97564703 0.0017251949 3.210415e-07 8.862821e-16 0.006865182 0.12861997 1.0135528e-08 1.0995892e-07 4.843546e-06 3.4423576e-07 0.9766474 0.65364456 0.82959056 0.25803497 5.4820666e-05 8.552044e-10 0.75708735 0.14136375 9.485119e-06 2.6488577e-08 1.7975996e-08 8.6217415e-06 0.0001503936 4.5837717e-07 0.06324243 0.032657064 4.1154607e-08 0.008162038 0.0007401408 0.046058115 0.10112113 7.1653485e-05 0.031502884 2.8296736e-07 0.5599813 2.340509e-06 0.0003563816 4.0844622e-08 0.06357911 6.873645e-07 6.280625e-05 1.6941803e-07 5.4010624e-08 0.009809027 0.098906524 0.22165671 0.28959143 1.4641272e-07 7.3689944e-07 2.086562e-07 0.027091784 0.19960292 0.06763914 9.718473e-08 0.0032901906 5.02908e-06 1.7325498e-05 0.0025108128 0.0025693146 0.0044003837 0.00094772084 0.0005083591 2.9424623e-07 0.010115402 0.022590077 3.2869022e-05 0.0031387364 6.397936e-05 7.657465e-07 1.2934068e-05 0.0015385118 9.4165756e-08 1.3512776e-07 3.978794e-07 6.363695e-05 4.253176e-06 9.4493606e-07
0.93001825 0.040529616 0.052494075 0.06684977 0.35573512 0.5279341 0.042790398 0.503677 7.656728e-05 0.001509296 0.00034234338 3.104027e-05 0.060000353 3.5222813e-05 6.1750376e-05 0.026844805 0.38088736 8.201359e-05 0.00411731 0.00060716 0.32530323 0.646862 0.00011404162 0.9896758 0.062728114 0.30560803 3.2847493e-05 0.006865182 1.0416156e-12 0.97432035 9.799191e-06 0.0007656002 0.000688963 7.434129e-06 0.002177138 0.005478704 0.0016769486 0.0070927013 0.0031032532 1.8159079e-07 0.0006548776 0.5182847 0.000104593404 6.440998e-07 1.5550772e-06 0.0009793796 0.005895236 7.52044e-06 0.009524955 0.08293531 2.4931734e-07 0.01928049 0.8440957 0.6012387 0.0028600628 0.01622763 0.0004157646 1.0873721e-06 0.0010458877 2.4938205e-05 8.243586e-05 4.1654225e-06 0.00011661686 0.00012758763 0.0013963232 4.7326853e-06 1.6448279e-06 4.216403e-05 0.00021420728 9.671187e-05 0.0001873534 4.7837005e-07 1.3460115e-06 8.592093e-08 0.0012209674 2.790804e-06 0.0016273395 2.2732124e-07 0.24114041 1.5524109e-05 5.0952517e-06 3.6000547e-05 1.4232428e-05 2.8449267e-05 0.13489404 0.016495029 1.075877e-06 0.07744519 2.2022772e-05 0.0011243821 1.24238e-05 0.0033860803 9.083502e-06 0.00071011 0.0032164801 2.5917299e-08 1.48513e-07 8.773865e-06 1.3385279e-06 2.9086626e-08 1.1403281e-06
0.8211829 0.007452266 0.0077056875 0.05523954 0.107501306 0.23037119 0.0038800396 0.17730133 3.347418e-05 0.00061929075 0.00010492259 1.056644e-05 0.0444985 1.5454918e-05 1.3802781e-05 0.0017324574 0.85234976 1.866836e-05 0.0012707214 8.0642974e-05 0.048323736 0.38246655 2.2599339e-05 0.9190637 0.20580481 0.016306097 5.234226e-06 0.12861997 0.97432035 2.0660289e-14 7.851251e-07 2.1187448e-06 8.9218694e-05 1.6652943e-06 0.02036801 0.024207821 0.1676564 0.59944534 0.000435405 2.0717454e-08 0.042471997 0.98408574 1.8307177e-05 1.3296683e-07 3.6619934e-08 0.00022106216 0.0012431646 4.795147e-07 0.007251437 0.30275425 6.302737e-08 0.006560396 0.27636978 0.6401151 0.1268627 0.00036237063 0.011648941 1.521891e-07 0.007171539 2.6039093e-06 8.373978e-05 1.1333472e-06 0.00027418596 2.3912346e-06 0.0005772078 8.180888e-08 2.4557588e-07 0.0007754157 0.00061690755 0.00038296258 0.0011208154 2.534142e-08 8.946299e-08 4.443121e-09 0.031192973 5.574379e-05 0.04053755 8.490729e-08 0.05241674 3.1110478e-05 1.9826657e-06 2.8885652e-05 6.293428e-06 4.5043744e-05 0.041424774 0.0065922528 6.2445324e-09 0.12590103 7.2025294e-05 0.00030893306 2.4907826e-05 0.0005495768 1.7289597e-07 0.00012140918 0.00065571244 1.282926e-08 1.3778417e-08 1.0978938e-05 8.0632816e-07 3.597135e-08 1.1685068e-07
0.9611006 0.00028005813 0.00044552356 1.5915959e-05 1.5776792e-05 1.3911601e-06 3.583913e-05 1.3669649e-05 0.3640976 0.028802207 0.43665656 0.9171124 0.0001810158 0.48031735 0.39470598 8.604661e-05 1.0395125e-07 0.18939285 0.0070705703 0.0024654237 6.792956e-05 2.0367295e-08 0.09007476 1.932191e-05 1.5299793e-07 1.2023779e-06 0.9370774 1.0135528e-08 9.799191e-06 7.851251e-07 9.434883e-18 0.009970645 0.19858247 0.78780735 4.403846e-09 1.501398e-08 3.4559895e-07 4.189185e-08 0.00018402339 0.9468229 4.530989e-08 2.5092688e-06 0.6901616 0.90031266 0.94897795 0.22269802 3.203763e-05 0.0011327793 1.3656858e-08 1.4783361e-05 0.48782963 2.1758384e-08 0.0002615702 3.0901712e-05 9.695862e-07 4.0873772e-08 3.1362806e-08 0.828187 1.8810319e-08 1.4167103e-05 4.638739e-08 0.004366219 1.44377275e-08 0.0697274 4.2066285e-06 0.0031055077 0.112939015 1.6782394e-07 1.0684976e-06 3.2503173e-08 2.563923e-10 0.18929295 0.39456588 0.0011644382 5.378321e-07 1.4945885e-09 3.060732e-06 0.053138472 0.004452286 1.2643239e-05 0.00087942183 9.798644e-07 4.656158e-06 2.2270335e-06 0.00067982124 0.0042304476 0.001661077 0.00011933407 7.517754e-07 6.6992557e-06 6.01388e-06 0.08249843 0.00014460494 0.007311277 2.9558878e-08 1.6339975e-06 4.3249397e-06 1.3643496e-07 5.2573506e-09 7.641642e-07 0.04150527
