3.4332691e-15 0.9683238 0.9778841 0.95769995 0.9295341 0.7812157 0.9247843 0.98816156 0.8863097 0.96291614 0.8867572 0.96553594 0.80374527 0.963062 0.95668715 0.89430916 0.9453943 0.7538554 0.8757271 0.94237643 0.8162689 0.92500263 0.43915182 0.9254641 0.81756735 0.9690399 0.8424998 0.9056103 0.89586586 0.9477575 0.7974477 0.9775201 0.9390473 0.9120738 0.9056061 0.5444572 0.96382815 0.81482524 0.9388165 0.18751417 0.9490483 0.7686364 0.4900072 0.36993524 0.80430907 0.96800685 0.94043595 0.8494527 0.08189345 0.26705456 0.15142955 0.97966325 0.9758892 0.21109308 0.95330006 0.3067952 0.9867135 0.5972253 0.15338683 0.64831895 0.04663354 0.5336845 0.84333575 0.15820168 0.13115972 0.07859033 0.8337498 0.37122643 0.89286643 0.086835735 0.15444095 0.90500706 0.18310162 0.95195043 0.87741333 0.05161855 0.89106894 0.31512716 0.011488834 0.0027699498 0.7302701 0.97351027 0.9975502 0.9199202 0.98783064 0.1663706 0.07124386 0.9241026 0.001975868 0.9974244 0.02042383 3.5838432e-06 0.026432691 0.0011416258 0.01006988 0.5778277 0.99972564 0.00023896412 0.9997611 0.05169247 0.03102611
0.9683238 1.7050804e-13 0.92801654 0.7720453 0.5585599 0.56437296 0.2430282 0.61390835 0.8720281 0.5535571 0.027306551 0.0012063843 0.51241463 0.62577045 0.7044128 0.968324 0.1666181 0.013867163 0.014093251 0.0025056629 0.0013542733 0.033140156 0.2729094 0.0030226728 8.831728e-05 0.13365291 5.025937e-05 0.0012972648 1.0273696e-05 0.036756627 3.0160181e-05 0.15324941 0.0021928078 2.0612629e-06 0.01182458 0.28195667 1.999517e-07 0.005067792 8.250554e-07 0.010108392 0.0037624496 0.0015921533 0.0016072012 0.02136057 4.769888e-05 0.00060949154 0.00014017143 3.1422744e-06 0.006834411 2.5814252e-05 0.021448828 0.002533716 0.00030985865 0.00062893576 2.1145215e-08 0.2787303 1.7763667e-05 0.00035703662 0.011940272 0.00013062623 0.0091882935 4.5211355e-06 7.713131e-07 0.0036669914 0.0041248505 3.3267926e-05 1.6977054e-06 3.9227503e-05 0.00011135226 5.045011e-05 2.5452823e-07 8.2648896e-08 3.6987504e-07 0.0029951613 3.8460772e-07 8.538264e-06 0.00017283918 1.1019217e-05 0.0016019174 4.514371e-06 0.00021781329 0.00756364 4.818655e-05 0.00025669447 5.922464e-05 0.00029154227 9.651901e-07 0.0014230488 5.5828508e-08 0.0049144793 0.0048405607 9.755771e-07 7.180384e-07 0.0008842381 1.3200584e-07 6.805454e-08 0.00466366 3.420007e-08 0.0037041677 2.5650863e-07 4.9610486e-07
0.9778841 0.92801654 3.7202836e-13 0.9287788 0.88695353 0.64589244 0.6154139 0.012016684 0.7047568 0.0027254096 0.26252863 0.030387074 0.89207244 0.06799319 0.75035274 0.82031983 0.55659187 0.00013625454 0.00010562164 0.00010504755 2.1084817e-05 0.10488476 0.092442125 0.02772065 0.0011161811 0.013322484 1.3401169e-06 6.498646e-05 0.00011429118 0.0020618252 1.0640385e-06 0.102663174 0.061988346 3.155354e-05 0.010079031 0.5758688 4.6776418e-06 0.0002556089 2.3934405e-08 0.3389664 0.00017272402 0.031221803 0.031764828 0.0045176186 6.9570575e-07 0.0011065211 0.0050978693 2.9538776e-07 0.13207775 3.5645605e-06 0.010318556 0.0030204842 3.425986e-05 0.000151802 2.0972593e-07 0.5680015 3.603283e-05 0.029938348 0.0049511003 0.0022802888 0.057435904 0.00025600143 5.3493324e-05 0.0002728491 0.26495472 9.784941e-06 1.3663573e-07 0.0009985771 0.00029890405 0.0022329555 7.68903e-08 2.2676684e-06 5.7059406e-05 0.0006099885 5.251348e-05 0.00012146222 0.0002689376 4.062192e-06 0.056980606 3.0680026e-06 0.00015253849 0.0020800813 1.0397669e-06 0.00038319366 0.00012023849 5.9782295e-05 5.8436933e-07 0.0020444822 7.8700644e-08 0.0043694116 0.002155746 1.0204731e-06 1.3980347e-06 0.0010408126 1.7011217e-08 1.753224e-08 0.001927792 1.0865149e-06 0.0006134017 1.3832989e-06 7.8673025e-08
0.95769995 0.7720453 0.9287788 1.8028072e-13 0.893634 0.47813603 0.7498878 0.001947519 0.43189842 0.000960042 0.33979267 0.21065652 0.98299134 0.0038383887 0.5926048 0.46357885 0.6231053 5.4940625e-05 4.9495036e-05 0.00022416555 3.5703255e-05 0.069791496 0.040059835 0.06033872 0.0033413044 0.0031414374 8.0800237e-07 3.2239055e-05 0.0004827424 0.0016050431 2.362595e-07 0.04771452 0.17861637 0.00013536308 0.0049245222 0.6432759 1.0043011e-05 7.123066e-05 4.564199e-09 0.62033045 0.00011789217 0.11608375 0.1564878 0.0023131617 3.55752e-08 0.001400143 0.011308505 4.2316113e-08 0.30924112 1.3448135e-07 0.0078035607 0.0024529342 1.2004193e-05 0.00011975259 5.107636e-07 0.58518803 0.00018327797 0.15087125 0.0030626429 0.0035979012 0.05697691 0.00027098693 4.3932258e-05 0.00013790905 0.5840432 1.4049903e-06 1.9962085e-08 0.0025552313 0.00015575576 0.02479547 1.005882e-08 3.7048599e-06 0.0003381435 0.0006736996 4.481528e-05 0.0010671401 0.00042976515 3.1514305e-06 0.13302913 3.2140758e-07 0.00018386656 0.0016489741 3.2561425e-07 0.0003146611 0.0004210205 6.804257e-05 4.4123385e-07 0.0019505682 3.5378495e-08 0.0031090223 0.0025695008 2.8004877e-06 3.8947828e-08 0.007106263 1.2607808e-08 2.4621034e-08 0.0015059733 1.2664997e-05 0.0003134325 3.0595209e-06 1.11949866e-07
0.9295341 0.5585599 0.88695353 0.893634 2.6919386e-14 0.9640553 0.90595114 7.3749085e-05 0.54865736 0.00015369046 0.8858028 0.9380273 0.5348198 0.00020136964 0.4169015 0.048678562 0.84908897 7.159716e-06 5.169063e-06 1.056239e-05 3.0901463e-06 0.28131816 0.0020554191 0.3568663 0.49976665 0.004269438 2.1435389e-07 5.835392e-06 0.016915128 0.0002893993 4.615669e-08 0.05622646 0.5003952 0.0065692794 0.016805587 0.057554625 0.00018436486 3.2630048e-06 1.2860832e-09 0.24427126 5.9817077e-05 0.39088964 0.36778358 0.00012414581 2.0572271e-08 0.010338462 0.2063079 1.1813526e-08 0.024215143 2.020028e-08 0.00036807958 0.008613422 4.117569e-06 1.3745868e-06 9.027644e-06 0.022189932 0.000769639 0.2251424 4.2172593e-05 0.041675 0.002281709 0.002509228 0.0005284332 5.3785643e-06 0.398011 1.4011508e-07 5.0903237e-09 0.04496409 0.00095724576 0.022796039 4.9745124e-09 1.8661596e-05 0.0039086146 0.00012332005 0.0019108772 0.0041876086 0.0011647291 4.5108138e-07 0.0016244833 2.6958637e-07 0.00049921544 0.002552912 2.45482e-07 0.0009887719 0.0009174188 1.6376192e-05 3.3994445e-07 0.004742547 6.870296e-07 0.0069894716 3.0398905e-05 3.8994307e-07 1.2305694e-07 0.0010578732 7.5814616e-10 1.0432421e-08 0.0028330057 2.5913409e-05 0.00030648097 3.6429683e-06 1.748995e-07
0.7812157 0.56437296 0.64589244 0.47813603 0.9640553 4.294114e-14 0.9751554 0.0010451134 0.917328 0.0015905604 0.9309709 0.22436415 0.08845599 0.0019184366 0.61256796 0.017027047 0.74779665 0.00010361282 4.270981e-05 0.000107467305 3.5893037e-05 0.33368927 0.0021195977 0.24836326 0.08141921 0.031730365 2.4961864e-06 0.00010638631 0.0017314325 0.0008902525 1.2066132e-06 0.13851672 0.03632017 0.00016681271 0.03692334 0.005515629 4.4364697e-05 8.037412e-06 5.2292606e-08 0.011342722 0.00037424557 0.023233527 0.014614873 7.9295256e-05 2.20478e-07 0.005703487 0.011861993 1.202727e-07 0.0010466535 1.8574592e-07 0.00016840329 0.009363585 3.9112187e-05 1.7185926e-06 1.3418587e-06 0.0028382156 0.00022912523 0.00373678 3.47029e-05 0.00064303377 0.00024110629 7.422628e-05 3.7024987e-05 2.3040257e-05 0.030286603 5.969677e-07 2.422803e-07 0.00049845903 0.0006048336 0.0005871527 4.6834283e-09 5.665433e-06 4.5859717e-05 0.00051277934 1.6372898e-05 1.06733905e-05 0.0008921891 2.902705e-06 9.610917e-05 1.6624327e-07 0.0005300096 0.0031999997 2.2843784e-05 0.0010606396 0.0008184533 4.6603027e-06 2.677978e-07 0.002639505 1.4139162e-07 0.006511326 1.1917456e-05 5.0280033e-07 1.2490733e-07 0.00014387835 1.8652428e-09 2.439809e-08 0.0034147785 5.766663e-07 0.0014722721 4.1001493e-07 8.0762064e-08
0.9247843 0.2430282 0.6154139 0.7498878 0.90595114 0.9751554 1.1723726e-10 0.0015638192 0.81316036 0.00038273094 0.95009613 0.566505 0.39586002 0.006629883 0.4835961 0.09107726 0.8543597 2.226699e-05 1.7828446e-05 2.4743116e-05 1.226312e-05 0.45524073 0.0064436775 0.3364382 0.0769897 0.012605844 6.95587e-07 1.4331873e-05 0.0027746994 0.00026786586 1.1466377e-06 0.17896181 0.29222035 0.00031913474 0.038747057 0.0517717 2.426098e-05 0.0001102099 5.4093512e-08 0.07565675 6.2398416e-05 0.14648245 0.078097604 0.0003205039 1.213159e-06 0.00721571 0.075736195 1.1915769e-06 0.011864256 1.8386377e-06 0.00072859164 0.00947786 4.912792e-06 8.341085e-05 3.8547455e-06 0.03583569 0.00015975413 0.042048223 0.00033988958 0.0013520137 0.00093886175 0.00024831708 0.00016875136 5.5968372e-05 0.06705007 2.7369832e-05 1.5975594e-06 0.0031226925 0.0011791894 0.0024981054 5.911122e-07 4.405023e-05 0.00030029923 0.00015603095 0.0001845707 0.00023092669 0.0012055124 1.533646e-05 0.0007433367 5.2232003e-06 0.00066577614 0.0037704043 3.4697955e-06 0.00073685666 0.0005160146 0.00024879776 2.258918e-06 0.0028420077 3.9702013e-07 0.0045915185 7.951972e-05 6.5629956e-07 4.9024885e-07 0.00013013533 2.4427706e-08 4.1695994e-08 0.0022357565 4.189945e-06 0.0006088058 5.997934e-06 1.4923738e-07
0.98816156 0.61390835 0.012016684 0.001947519 7.3749085e-05 0.0010451134 0.0015638192 2.4891186e-14 0.03702178 0.9107871 6.9943126e-05 1.210547e-06 0.005481275 0.96087587 0.044294626 0.609903 0.002716847 0.33566812 0.50932425 0.33388016 0.14107758 0.0007146782 0.8123781 2.3340079e-05 2.6256864e-06 0.10171754 0.0013675869 0.0067155226 8.3452534e-07 0.30224228 0.0008877912 0.022499992 8.870667e-07 4.0404508e-08 0.0007320926 0.16177937 3.591861e-09 0.9184188 1.1879533e-05 0.00020451382 0.02607863 1.0332399e-06 6.1740866e-06 0.8135651 0.0005506978 4.5340475e-05 2.453446e-07 2.9335355e-05 0.0010729553 0.0004365109 0.47960752 0.00013826833 0.004130338 0.4041709 2.6263387e-09 0.2722873 5.8981286e-06 2.697179e-06 0.6210072 2.1396756e-06 0.002853765 1.2993709e-07 3.5553427e-08 0.08048631 0.00030532657 0.0013418703 2.0528687e-06 5.446531e-07 2.7840295e-05 4.931776e-06 1.046625e-05 1.3561026e-08 9.240415e-08 0.013293934 1.2434302e-07 9.732642e-07 0.00012894589 4.0039744e-05 0.00016305466 6.551746e-05 5.5834244e-05 0.008482767 0.00011820628 0.00013261345 5.3190746e-05 0.3910181 8.909642e-07 0.0006714184 7.796095e-08 0.001984591 0.23031603 1.5578331e-05 5.08764e-07 0.0036908512 6.0784295e-08 2.4757964e-07 0.0033124452 7.1850415e-09 0.0051742373 3.4626203e-07 2.8430009e-07
0.8863097 0.8720281 0.7047568 0.43189842 0.54865736 0.917328 0.81316036 0.03702178 5.998882e-14 0.03672016 0.59926456 0.017836433 0.093446665 0.038893815 0.98965865 0.14875995 0.69882435 0.0010001572 0.00050872314 0.00047177653 0.0001545979 0.45337832 0.010483688 0.033550534 0.0033142713 0.60104567 2.1871947e-05 0.00056564587 0.00022001918 0.013622754 1.1245987e-05 0.47352517 0.0059941146 1.1293211e-05 0.100471236 0.014416653 6.244137e-06 0.00020540124 1.7222027e-07 0.002006768 0.0018878755 0.0016981494 0.0010483094 0.0007860876 2.7839696e-06 0.0026733212 0.00067279744 1.3220318e-06 0.00055396644 2.5952127e-06 0.0014393888 0.012077467 0.00013325 1.7300204e-05 3.5121797e-08 0.010623033 2.9148596e-05 0.00050657644 0.00028194877 0.00011499702 0.00035003142 8.634875e-06 4.3134723e-06 0.000709648 0.0019210584 1.920147e-06 4.18226e-06 3.7052967e-05 0.00042867346 4.5682275e-05 3.980967e-08 3.6049428e-07 7.1203556e-07 0.0024841856 2.819537e-07 1.4170839e-06 0.00095113664 5.7621137e-06 2.4674051e-05 3.990137e-07 0.00041685483 0.015104264 6.290611e-05 0.0006225743 0.00038554368 1.228481e-05 1.2778409e-07 0.0026633178 3.8409073e-08 0.008816813 0.00021446073 3.0697134e-07 8.646081e-08 0.00039098522 1.4519943e-08 7.463388e-08 0.012040384 7.3227997e-09 0.005123081 8.738925e-08 1.385572e-07
0.96291614 0.5535571 0.0027254096 0.000960042 0.00015369046 0.0015905604 0.00038273094 0.9107871 0.03672016 1.2430729e-15 3.665133e-05 2.782433e-06 0.0023509806 0.79505336 0.019015314 0.10001457 0.00042528516 0.97601765 0.9555695 0.5481573 0.33129272 0.0015493582 0.09949746 1.7317554e-05 0.00010849245 0.6543561 0.0049780775 0.0666064 1.8035971e-05 0.70156574 0.0049655954 0.049963936 7.6769524e-05 6.8201274e-07 0.0054138885 0.004755493 3.269499e-08 0.6195466 8.5538195e-05 6.078989e-05 0.079753794 1.8926698e-05 4.212906e-05 0.11223023 0.0055173547 9.500278e-05 1.1524728e-05 0.00029551444 1.7693972e-05 0.0015265907 0.02616987 0.0014526924 0.0025442645 0.057638366 8.641065e-09 0.00915674 2.2620525e-06 9.943904e-06 0.059071828 8.505788e-06 2.5005838e-05 2.089035e-07 4.2926946e-08 0.04732961 0.00016329523 0.0012027192 1.7051136e-05 2.6454622e-06 8.590648e-05 2.7987546e-06 1.9298815e-05 4.0645826e-08 3.238932e-07 0.0068593086 4.012726e-08 1.0756754e-07 0.0009892327 6.337434e-05 7.4576224e-07 5.1217718e-05 0.0002269609 0.044228807 0.00031554728 0.0007389428 5.2177216e-05 0.100347355 8.3390796e-07 0.0015726762 6.0748977e-07 0.0057967724 0.003054881 2.0209751e-07 1.1370305e-07 9.566977e-05 1.0523694e-08 3.859096e-08 0.011963491 7.0047976e-09 0.008734552 7.2939486e-08 2.8049751e-08
0.8867572 0.027306551 0.26252863 0.33979267 0.8858028 0.9309709 0.95009613 6.9943126e-05 0.59926456 3.665133e-05 1.944092e-11 0.5984709 0.066452906 0.00017812972 0.439175 0.0052157794 0.9742402 1.4503473e-06 1.500758e-06 4.7780263e-06 1.1539889e-06 0.6285022 0.0004591547 0.73841125 0.78288364 0.0033405859 1.3115529e-07 3.2630762e-06 0.23623325 6.497567e-05 7.860448e-08 0.14634815 0.22565003 0.010898223 0.09272593 0.0018821607 0.0016543054 1.1970434e-05 4.75417e-09 0.007691063 2.776939e-05 0.14200589 0.03682207 1.5775226e-05 4.6129497e-08 0.05450041 0.120127805 2.8598075e-08 0.0006182498 8.689959e-08 5.928896e-05 0.031817265 1.3346084e-06 1.2648949e-06 5.7528818e-05 0.0010717802 0.0021838746 0.01850566 3.9228846e-05 0.0049188146 0.00012022164 0.00062095816 0.000313417 3.4848777e-06 0.031943962 1.438472e-06 4.8334996e-08 0.010788136 0.0018932477 0.0014066623 2.41697e-08 3.6387617e-05 0.0013152086 3.9280883e-05 0.0010889771 0.0005708779 0.0059087807 7.784999e-07 4.8482063e-05 6.829846e-07 0.0017620572 0.0039547146 2.7419833e-07 0.0027776011 0.0025586511 1.6729964e-05 1.785165e-07 0.0069933455 7.8492377e-07 0.0082113305 6.1242285e-06 2.561803e-07 5.5236e-08 1.9370858e-05 1.3935906e-09 2.4382645e-08 0.0027516657 4.719979e-06 0.0004114435 2.862165e-06 4.342798e-08
0.96553594 0.0012063843 0.030387074 0.21065652 0.9380273 0.22436415 0.566505 1.210547e-06 0.017836433 2.782433e-06 0.5984709 1.1553777e-13 0.114099376 4.6051696e-06 0.07884371 0.000621276 0.6708141 5.0704404e-07 2.6786674e-07 2.6819714e-06 2.4726555e-07 0.100705855 4.708283e-05 0.57054985 0.7498727 2.6104299e-05 1.0038012e-07 2.0635964e-07 0.10939897 4.459246e-06 1.30716185e-08 0.02812966 0.97256356 0.333869 0.006948244 0.0042617475 0.018344933 9.337718e-08 7.8710166e-10 0.089523524 6.952388e-07 0.82441473 0.7804746 5.333864e-06 1.1651861e-09 0.022886679 0.7619687 7.617746e-09 0.0051536295 1.28184965e-08 4.318549e-05 0.011407823 1.148018e-07 3.8156085e-07 0.00043661208 0.0017797572 0.022218596 0.63775754 4.490022e-06 0.39212984 0.00021525966 0.021575304 0.0072590965 7.886951e-07 0.4077662 1.4399674e-07 1.5351852e-09 0.3283157 0.0014771373 0.09098528 2.984683e-09 0.00054920535 0.09205271 1.4064753e-05 0.07747589 0.11701011 0.0021339944 7.067316e-07 0.00081468106 4.6074342e-07 0.0013752984 0.00067059585 6.4989605e-09 0.0013268247 0.008504784 6.5289045e-05 5.278451e-07 0.007900382 2.3509637e-07 0.005029236 2.931364e-06 1.7700772e-07 1.2028498e-07 4.0996063e-05 2.8637306e-09 2.7567516e-08 0.00089200446 0.0005897896 5.0140257e-05 0.0010704697 2.3004208e-07
0.80374527 0.51241463 0.89207244 0.98299134 0.5348198 0.08845599 0.39586002 0.005481275 0.093446665 0.0023509806 0.066452906 0.114099376 2.84652e-14 0.0054045436 0.16591711 0.5761824 0.19940698 0.00018382799 0.0002010279 0.00032914334 0.00015123586 0.009479925 0.09567014 0.01046984 0.0024379324 0.00054905534 7.1861623e-06 1.0084376e-05 0.00038442353 0.00032041984 2.8674557e-07 0.006921739 0.13849324 0.00015667315 0.00057844346 0.93127626 9.196919e-05 1.2509938e-05 5.1396207e-09 0.9499732 1.3764792e-05 0.13302168 0.40750378 0.0042665624 1.2653387e-08 0.00023953589 0.0029207673 2.4783771e-08 0.62942 1.3540269e-08 0.019773813 0.00032807313 9.27683e-06 2.544887e-05 5.6849335e-06 0.75078297 2.3279657e-05 0.14720531 0.0031558613 0.0019888994 0.29709467 0.00021320538 5.2371586e-05 1.4881486e-05 0.659866 7.347147e-08 1.3625757e-09 0.00079141895 5.1464638e-05 0.039850444 1.7740318e-09 6.2968866e-06 0.00029908482 9.249202e-05 7.1306164e-07 0.0036313366 3.4512137e-05 3.1365363e-07 0.31730732 1.7639206e-08 1.535979e-05 0.0003677384 1.5822875e-08 6.5615684e-05 0.0001038142 9.3693634e-05 2.8451655e-07 0.00032987018 2.8971863e-07 0.00050726486 0.002541192 4.421047e-06 7.027458e-08 0.038385022 2.1656653e-08 2.4434371e-08 0.00019907771 2.755836e-07 4.2495776e-05 2.5667427e-07 4.325562e-08
0.963062 0.62577045 0.06799319 0.0038383887 0.00020136964 0.0019184366 0.006629883 0.96087587 0.038893815 0.79505336 0.00017812972 4.6051696e-06 0.0054045436 1.05420894e-13 0.06528994 0.6908721 0.005680812 0.11891899 0.45886353 0.11528865 0.020569257 0.00056168385 0.96389955 2.2126918e-05 3.2022829e-06 0.050437097 0.00020824898 0.0023813671 2.499641e-06 0.12357095 0.00011883779 0.015378517 6.481779e-07 5.4623207e-08 0.00030895954 0.3468296 1.930291e-08 0.8304472 1.3975335e-06 0.0002679057 0.0066346424 4.2631373e-06 1.3058506e-05 0.8988152 3.49969e-05 1.5434562e-05 1.6092164e-07 8.673128e-06 0.0020408616 4.806845e-05 0.7071348 0.0001244208 0.0016529923 0.51278484 1.5174242e-09 0.55788165 7.352758e-07 2.9821642e-06 0.79082596 1.9555794e-06 0.003848439 1.8827396e-07 4.893844e-08 0.05379871 0.00044574522 0.00018628869 4.7245925e-07 5.675045e-07 6.772674e-06 5.648391e-06 2.8466702e-06 5.0340816e-09 6.081908e-08 0.004194601 2.1949623e-08 4.3652855e-07 0.00010035366 1.767404e-05 0.0005149736 1.6720684e-05 5.0279406e-05 0.0025730946 7.4824884e-06 0.00015240486 8.009403e-05 0.4269298 3.2410082e-07 0.00051043445 3.862263e-08 0.00077706395 0.31406954 2.5987776e-05 2.7491762e-07 0.009520046 5.4130876e-08 5.477658e-08 0.0017557081 1.8226117e-09 0.0015180802 6.8350616e-08 3.0476883e-08
0.95668715 0.7044128 0.75035274 0.5926048 0.4169015 0.61256796 0.4835961 0.044294626 0.98965865 0.019015314 0.439175 0.07884371 0.16591711 0.06528994 6.1013807e-12 0.2263163 0.80515736 0.0005050015 0.00037675785 0.0002614709 0.00013087774 0.9038794 0.009425553 0.11357315 0.015871942 0.73660856 1.2762004e-05 0.00033451605 0.0011817702 0.015222345 6.3680504e-06 0.78721285 0.01984126 0.00012131207 0.3976369 0.023186414 2.2133185e-05 0.00018960508 9.693924e-08 0.0025672056 0.001999132 0.004533936 0.0017590785 0.00048009056 2.7415379e-06 0.0070137633 0.0032460585 3.959424e-06 0.0009924478 2.4837532e-06 0.001101303 0.048805732 4.6786387e-05 2.212662e-05 1.0668888e-06 0.027980251 0.00021918544 0.0007149788 0.00043013747 0.0005096674 0.0004883271 5.47411e-05 2.5974969e-05 0.00026808717 0.0024352116 1.54984e-05 2.3766082e-05 0.00022518417 0.0032424817 0.00010418176 3.5748428e-07 1.6598337e-06 2.7941851e-05 0.003838835 9.252823e-06 6.0622147e-06 0.004864607 2.0451746e-05 3.3562534e-05 5.203497e-06 0.0017011211 0.048160605 9.706372e-05 0.0022456364 0.0006790609 0.000111077985 1.1672989e-06 0.009426612 2.4893207e-08 0.013738865 0.00048029164 5.459819e-07 2.9365935e-06 0.0004775535 9.419466e-08 2.529312e-07 0.026038706 1.6474722e-07 0.007522223 7.946558e-07 6.6768837e-07
0.89430916 0.968324 0.82031983 0.46357885 0.048678562 0.017027047 0.09107726 0.609903 0.14875995 0.10001457 0.0052157794 0.000621276 0.5761824 0.6908721 0.2263163 1.4533945e-14 0.054206125 0.003658678 0.014779224 0.0028512282 0.0011321184 0.0046048053 0.96534425 0.0011229751 0.0002896116 0.0077944645 9.305347e-05 0.00024809173 4.83828e-05 0.011610811 2.296795e-05 0.02427987 6.399852e-05 1.0179193e-05 0.0013932587 0.9239753 9.526543e-07 0.0013854122 1.2515821e-07 0.019830266 0.0009001519 9.1326256e-05 0.0006986296 0.17466292 1.4740808e-06 0.00038303327 2.0670632e-05 5.7406044e-07 0.06797867 2.1795122e-06 0.3003019 0.0003523479 0.00013976324 0.006351557 5.242141e-07 0.7664236 1.4874094e-05 6.805867e-05 0.10470533 5.757426e-05 0.039054148 5.753877e-06 1.9080298e-06 0.0006619721 0.009025798 1.9492962e-05 1.9361094e-08 2.4861586e-06 6.029083e-05 5.722098e-05 5.4183765e-08 1.4384453e-07 3.7985571e-06 0.0013709186 1.0044615e-06 2.0010413e-05 0.0002637092 4.7604653e-06 0.01918913 1.3053631e-06 8.821703e-05 0.0024092621 1.5124723e-06 0.0002697277 0.0003222592 0.00071738544 8.91509e-07 0.000535828 1.6572895e-07 0.0006727452 0.17157786 2.0496027e-05 7.100605e-08 0.0623578 1.5697823e-08 2.5392318e-08 0.0009870741 1.3828255e-08 0.00045464208 1.9100406e-07 2.1461087e-08
0.9453943 0.1666181 0.55659187 0.6231053 0.84908897 0.74779665 0.8543597 0.002716847 0.69882435 0.00042528516 0.9742402 0.6708141 0.19940698 0.005680812 0.80515736 0.054206125 9.961518e-10 2.9721205e-05 2.349184e-05 3.9531245e-05 2.161144e-05 0.9634688 0.0021028833 0.7188592 0.31524765 0.05524147 1.1540527e-06 1.793799e-05 0.032844946 0.00037139995 1.1723281e-06 0.47136253 0.22257282 0.0013713613 0.23716122 0.012943151 0.00023067577 8.867816e-05 3.140908e-08 0.014043423 9.426086e-05 0.08726248 0.0280002 0.0001269492 1.4166906e-06 0.04939338 0.068036586 1.021141e-06 0.0018922954 1.4125367e-06 0.00026597324 0.06216904 4.384923e-06 2.2275784e-05 1.6523076e-05 0.0146204 0.00076237216 0.0128874965 0.00023294018 0.0015630961 0.00018583621 0.00037082008 0.00020083704 0.00010038917 0.017979437 2.3793635e-05 6.66018e-06 0.002632307 0.005808972 0.0009816823 2.0897253e-06 5.133948e-05 0.00059566693 0.00025958565 0.00045734414 0.0006983521 0.007815291 2.1082327e-05 0.00048654975 1.5853864e-05 0.0027864974 0.011592649 5.2207947e-06 0.0033565015 0.0026763605 0.0007739293 2.1795686e-06 0.011333536 1.5928736e-06 0.010461955 8.304668e-05 1.2176179e-06 7.668785e-07 0.0001616445 4.4205198e-08 1.8381317e-07 0.0058945185 3.3379422e-06 0.0012103948 7.2264074e-06 5.658184e-07
0.7538554 0.013867163 0.00013625454 5.4940625e-05 7.159716e-06 0.00010361282 2.226699e-05 0.33566812 0.0010001572 0.97601765 1.4503473e-06 5.0704404e-07 0.00018382799 0.11891899 0.0005050015 0.003658678 2.9721205e-05 2.8860886e-15 0.98143476 0.9489379 0.6820945 0.00011273923 0.007677238 3.2893497e-06 1.2423292e-05 0.39051875 0.12811662 0.6190506 8.328938e-07 0.7004089 0.022170797 0.004535839 2.6556847e-06 3.1531727e-07 0.00028725073 0.00030834202 1.5544202e-08 0.39343295 0.0023409845 4.4532684e-05 0.19979407 1.1678367e-06 3.1041761e-06 0.022146061 0.047601666 2.8111817e-05 3.5611845e-07 0.0026526018 2.7988347e-06 0.00660185 0.003607855 0.00013611818 0.010192278 0.015040566 5.0593303e-09 0.0003304552 1.4883047e-07 4.9620635e-06 0.002843077 7.6032603e-07 1.0216772e-05 8.315533e-09 1.0503321e-08 0.03709077 4.8996258e-06 0.009236667 0.00019981113 1.1244914e-07 2.1531316e-05 2.0411778e-07 0.0002092296 4.992861e-08 7.0939585e-08 0.011936567 2.7887474e-08 7.725911e-09 0.0001798512 0.0005324251 1.0771577e-07 0.0004542143 1.3061457e-05 0.009094797 0.0011551011 0.0001484338 3.3174206e-07 0.04385136 7.607282e-06 0.00019189224 5.6996583e-07 0.001394538 0.0007494579 1.6781433e-07 2.05298e-06 2.1373019e-06 2.7177458e-07 4.629156e-07 0.0029519964 1.388055e-08 0.00597695 1.1551185e-08 9.4139403e-07
0.8757271 0.014093251 0.00010562164 4.9495036e-05 5.169063e-06 4.270981e-05 1.7828446e-05 0.50932425 0.00050872314 0.9555695 1.500758e-06 2.6786674e-07 0.0002010279 0.45886353 0.00037675785 0.014779224 2.349184e-05 0.98143476 2.4878866e-16 0.8895327 0.95701194 7.2565694e-05 0.027482554 9.900418e-07 9.177774e-07 0.084767684 0.260545 0.31606913 8.3809925e-07 0.583858 0.06903432 0.0029114247 2.2381435e-06 1.4019595e-07 0.00020399937 0.0010477031 3.9829096e-09 0.7812348 0.0021509714 3.0717754e-05 0.094835535 3.3680578e-06 5.5611918e-06 0.09558003 0.22243348 7.336274e-06 1.8281318e-07 0.0039015329 7.526733e-06 0.043008983 0.013790632 0.00011144661 0.009281621 0.07058506 1.8316866e-09 0.0008518831 6.62578e-08 4.8585766e-06 0.029831842 9.2893873e-07 1.0137333e-05 6.84435e-08 1.4339396e-08 0.15609573 1.6592587e-05 0.04142907 0.00010195567 1.8467607e-07 7.648871e-06 1.6377121e-06 0.0004084079 4.341945e-08 1.5917097e-07 0.0051072836 1.941264e-08 1.947409e-08 6.693913e-05 0.0004548988 1.242639e-06 0.0008210918 3.1895306e-06 0.0055788257 0.0008906592 0.00018300429 2.8560802e-07 0.20810758 1.7199927e-06 9.5289244e-05 3.4778589e-06 0.0013982716 0.0022841368 1.3740225e-07 8.9531244e-07 8.382891e-06 9.69766e-08 1.8305028e-07 0.0017210045 1.7920015e-09 0.0045345025 8.092702e-09 1.5206795e-07
0.94237643 0.0025056629 0.00010504755 0.00022416555 1.056239e-05 0.000107467305 2.4743116e-05 0.33388016 0.00047177653 0.5481573 4.7780263e-06 2.6819714e-06 0.00032914334 0.11528865 0.0002614709 0.0028512282 3.9531245e-05 0.9489379 0.8895327 4.726214e-13 0.863844 7.428888e-05 0.0063089263 2.421058e-06 9.773338e-06 0.26014954 0.66390425 0.9594379 1.1319331e-06 0.90516526 0.68603504 0.0047241542 2.0213097e-06 1.0152672e-06 0.00056360074 0.00024133886 4.0894044e-08 0.64833105 0.3543846 9.549918e-06 0.6238729 1.5737681e-06 1.1136548e-05 0.01818611 0.5724741 4.309757e-05 6.089428e-07 0.24005604 5.10534e-06 0.11485226 0.002410833 7.7780904e-05 0.0826262 0.02521008 7.0843007e-09 0.00026959577 1.9950714e-07 1.2480975e-06 0.0017097023 2.2964127e-06 2.2962957e-05 3.816997e-08 2.478174e-08 0.16582909 4.7245994e-06 0.059250582 0.04477075 1.1812382e-07 3.329579e-05 6.7936203e-06 0.015598179 3.704821e-08 1.3838024e-07 0.06758287 1.3203095e-08 1.4789895e-06 0.00041445738 0.0050840494 9.8690325e-06 0.002227758 0.00010765759 0.04009351 0.007265471 0.000414857 3.4223108e-06 0.14254297 7.634049e-06 0.0003906652 2.2704196e-05 0.0019165786 0.00028473412 2.2962233e-07 1.3568976e-05 8.124426e-06 2.7167509e-05 2.0131663e-06 0.009001841 3.4786048e-08 0.023400636 3.3579227e-08 7.07899e-06
0.8162689 0.0013542733 2.1084817e-05 3.5703255e-05 3.0901463e-06 3.5893037e-05 1.226312e-05 0.14107758 0.0001545979 0.33129272 1.1539889e-06 2.4726555e-07 0.00015123586 0.020569257 0.00013087774 0.0011321184 2.161144e-05 0.6820945 0.95701194 0.863844 1.6844428e-15 4.5047742e-05 0.005511362 2.170448e-06 1.4611343e-06 0.011678106 0.9796782 0.58426845 3.1369942e-07 0.35929632 0.9471112 0.000542719 2.3608077e-06 6.230167e-07 2.9889818e-05 0.00060379936 1.46421435e-08 0.86488336 0.053920556 2.7761842e-05 0.102116205 5.7936486e-06 5.742617e-06 0.104306184 0.81287986 3.8815306e-06 1.1471086e-07 0.04692684 1.2660976e-05 0.5895287 0.007092242 6.119882e-05 0.030641407 0.04953818 3.7549036e-08 0.00063838146 1.1237666e-07 4.008702e-06 0.004256187 1.380804e-06 2.6478083e-05 1.2056095e-07 2.2770354e-07 0.43905273 3.6547856e-06 0.5112573 0.0014798716 6.757405e-07 7.4451896e-06 5.2177934e-06 0.013548753 1.8474151e-06 5.9627126e-07 0.004599504 9.090668e-08 2.5177866e-07 2.9326853e-05 0.00277114 2.4317883e-06 0.033104736 9.717328e-07 0.00163954 0.0014891743 4.884661e-05 1.6330387e-07 0.3130882 5.477355e-06 3.0038187e-05 5.6198307e-05 0.00078744726 0.0011390581 3.345334e-07 4.2273846e-06 2.6137118e-06 2.7228605e-06 1.645252e-07 0.0011134925 2.6069291e-09 0.0037578435 5.2137716e-09 6.039332e-07
0.92500263 0.033140156 0.10488476 0.069791496 0.28131816 0.33368927 0.45524073 0.0007146782 0.45337832 0.0015493582 0.6285022 0.100705855 0.009479925 0.00056168385 0.9038794 0.0046048053 0.9634688 0.00011273923 7.2565694e-05 7.428888e-05 4.5047742e-05 1.6658532e-12 0.00019088108 0.94808584 0.2254976 0.32113042 3.917843e-06 4.0061554e-05 0.07752745 0.003134421 1.2082862e-06 0.9280558 0.0073887627 0.0010943982 0.94768846 0.0005077665 0.000928198 1.8949977e-05 3.8708105e-08 0.0006101892 0.0006976542 0.003281894 0.0003694418 1.1047565e-05 1.1039081e-06 0.2859783 0.0038815388 4.8743533e-07 4.853249e-05 2.2140786e-07 1.6011278e-05 0.20794229 3.384271e-05 6.613233e-07 3.165499e-05 0.00010082121 0.0056332587 0.0002724175 1.3697811e-05 0.00077860424 3.1209696e-05 9.076362e-05 9.769914e-05 0.00016418642 0.00035265685 4.415542e-07 5.4346365e-06 0.00029249387 0.032129332 2.6308611e-05 2.0064904e-06 1.2124204e-05 1.4574568e-05 0.0014958713 3.4662353e-05 7.592924e-06 0.042807296 9.395165e-06 2.2378947e-05 1.6438349e-06 0.009886121 0.04389247 4.5061402e-05 0.009840675 0.0064776856 6.619058e-05 3.3092053e-07 0.030381244 2.0147114e-07 0.023640169 1.2600411e-05 2.0201139e-07 1.4008207e-07 0.0001117137 3.2939234e-08 7.6474305e-07 0.022683907 4.6311652e-07 0.004940841 6.4588613e-07 1.104934e-06
0.43915182 0.2729094 0.092442125 0.040059835 0.0020554191 0.0021195977 0.0064436775 0.8123781 0.010483688 0.09949746 0.0004591547 4.708283e-05 0.09567014 0.96389955 0.009425553 0.96534425 0.0021028833 0.007677238 0.027482554 0.0063089263 0.005511362 0.00019088108 2.4330193e-16 5.2271545e-05 4.1861767e-05 0.0025698096 0.00025426247 0.0003278048 6.192308e-06 0.002587765 0.00011726044 0.00073610124 6.9392436e-06 1.1202329e-06 1.977787e-05 0.84104586 9.043736e-07 0.27939013 6.761441e-07 0.019816667 0.00024244824 1.5848225e-05 4.3545377e-05 0.9232979 1.2237173e-05 3.1407242e-05 2.1868983e-07 2.282237e-06 0.08709151 1.3542254e-05 0.95325065 1.3734868e-05 0.00014834337 0.1389864 2.0880908e-07 0.6009308 7.1023084e-07 1.3843219e-06 0.39143854 5.6800723e-06 0.03072464 6.021561e-07 7.125389e-07 0.025688216 0.00022753132 9.210858e-05 1.2447618e-08 2.0835952e-07 1.0672271e-05 7.159501e-07 3.4947053e-08 6.428578e-07 9.269652e-07 0.0003561966 3.2238052e-08 1.4260703e-05 6.8534946e-06 4.412871e-06 0.006553064 3.539746e-06 2.3286907e-06 0.0005465034 6.924042e-07 3.4053504e-05 5.7407473e-05 0.06924019 5.347256e-07 0.00015772271 1.7215632e-06 0.00040292155 0.22740276 6.261971e-05 9.306597e-09 0.10607496 7.611287e-08 3.103334e-07 0.0005110131 8.038404e-11 0.00030771716 2.2653033e-08 4.9539306e-08
0.9254641 0.0030226728 0.02772065 0.06033872 0.3568663 0.24836326 0.3364382 2.3340079e-05 0.033550534 1.7317554e-05 0.73841125 0.57054985 0.01046984 2.2126918e-05 0.11357315 0.0011229751 0.7188592 3.2893497e-06 9.900418e-07 2.421058e-06 2.170448e-06 0.94808584 5.2271545e-05 3.645134e-13 0.9007278 0.006100661 3.1907246e-07 1.1781428e-06 0.94699246 3.3404915e-05 6.367552e-08 0.24094422 0.23255119 0.11698802 0.40170327 0.00026732712 0.16136585 1.089753e-05 2.5630833e-09 0.0011451276 1.1610312e-05 0.08616766 0.012918205 8.7476155e-06 1.7201598e-08 0.9492415 0.30007836 1.521941e-08 4.4008782e-05 6.3059327e-09 5.056719e-06 0.22588378 7.101063e-07 5.4441912e-08 0.00080929685 3.8868446e-05 0.10415365 0.0018176632 8.8698044e-07 0.013043384 5.9807867e-06 0.0027098928 0.0024640053 1.2566436e-05 0.0009844279 1.089221e-07 5.0605394e-08 0.024253145 0.056179583 4.52068e-05 5.0309865e-07 0.00036091657 0.0007969388 0.00011377016 0.0038211567 0.00013024894 0.14235121 2.6613068e-07 3.501229e-05 1.03550136e-07 0.04158841 0.017540481 2.9844503e-07 0.036191624 0.06314639 0.0001274981 6.7861926e-08 0.07699952 1.6211427e-06 0.038175575 9.582353e-07 2.8368488e-08 6.911715e-08 1.35472665e-05 2.4377753e-09 1.365994e-07 0.014128799 2.8598347e-06 0.0010618126 4.4463663e-06 1.7603251e-07
0.81756735 8.831728e-05 0.0011161811 0.0033413044 0.49976665 0.08141921 0.0769897 2.6256864e-06 0.0033142713 0.00010849245 0.78288364 0.7498727 0.0024379324 3.2022829e-06 0.015871942 0.0002896116 0.31524765 1.2423292e-05 9.177774e-07 9.773338e-06 1.4611343e-06 0.2254976 4.1861767e-05 0.9007278 9.263167e-14 0.00081318483 8.875736e-07 1.1714915e-05 0.99500036 5.087563e-05 3.9688214e-08 0.0074101095 0.48509523 0.7340307 0.13337329 7.046588e-05 0.50494784 2.107171e-07 5.712168e-09 0.0019242847 3.0722294e-05 0.26051778 0.06325162 3.4121254e-05 1.5850387e-07 0.3886466 0.7437663 1.187785e-08 5.5336743e-05 1.4943562e-07 3.0654657e-05 0.027708637 1.7120823e-07 3.550719e-07 0.008407206 6.864658e-05 0.22361083 0.004209719 5.625597e-06 0.6537637 7.2335783e-06 0.14921737 0.17880832 3.975216e-06 0.000737499 5.045579e-07 4.5359698e-08 0.3193649 0.052023947 0.00031823997 3.18355e-08 0.052474532 0.022110324 0.00013957104 0.21443354 0.00059980486 0.050311625 1.121275e-06 1.5239956e-05 4.9663686e-09 0.020279208 0.0073725814 1.659109e-08 0.008855315 0.061422404 2.4693236e-05 1.1207021e-06 0.022728983 4.0469686e-08 0.015653078 1.6714041e-06 2.0524885e-08 1.471636e-07 7.443606e-06 2.4956553e-10 1.2823517e-07 0.006219909 5.699371e-05 0.00035108018 0.00095058343 2.0096395e-07
0.9690399 0.13365291 0.013322484 0.0031414374 0.004269438 0.031730365 0.012605844 0.10171754 0.60104567 0.6543561 0.0033405859 2.6104299e-05 0.00054905534 0.050437097 0.73660856 0.0077944645 0.05524147 0.39051875 0.084767684 0.26014954 0.011678106 0.32113042 0.0025698096 0.006100661 0.00081318483 1.3790927e-16 0.0026591062 0.11335681 0.00017684567 0.9834485 0.0033122536 0.8943937 6.275792e-05 4.3977884e-06 0.53952545 0.00032894814 1.3596157e-06 0.0037986387 0.0005256075 1.0797671e-05 0.6756785 2.9696952e-05 1.39547265e-05 0.00088033354 0.00032608805 0.006564718 1.2511155e-05 0.0003544498 8.464737e-06 7.441205e-05 0.00035847587 0.1320548 0.03248028 0.00010331021 9.094605e-08 0.0004674721 2.5626277e-06 1.2505118e-05 0.00012354487 2.4812518e-05 1.2881703e-05 1.7750311e-08 5.113691e-08 0.0024562147 3.806294e-05 8.509582e-05 0.0014063014 1.3427383e-06 0.0022366599 2.412304e-05 2.1136245e-06 4.6093696e-08 3.028091e-07 0.34097198 2.1048763e-08 6.3861007e-06 0.032670595 0.00010163018 5.702124e-06 3.470313e-05 0.0011162398 0.8167201 0.014226045 0.0023403417 8.525755e-05 0.0042366595 1.8976119e-06 0.024575206 5.571339e-07 0.06669043 0.00058903324 9.1415274e-08 1.4544445e-06 2.6446667e-05 3.087897e-07 1.7942291e-06 0.28114334 2.736055e-08 0.310553 1.4279053e-08 2.5270033e-06
0.8424998 5.025937e-05 1.3401169e-06 8.0800237e-07 2.1435389e-07 2.4961864e-06 6.95587e-07 0.0013675869 2.1871947e-05 0.0049780775 1.3115529e-07 1.0038012e-07 7.1861623e-06 0.00020824898 1.2762004e-05 9.305347e-05 1.1540527e-06 0.12811662 0.260545 0.66390425 0.9796782 3.917843e-06 0.00025426247 3.1907246e-07 8.875736e-07 0.0026591062 2.7653047e-15 0.7897547 1.3542265e-07 0.23025018 0.9925189 0.0001047895 2.2404487e-07 5.5421447e-07 9.115159e-06 2.456485e-05 1.4471998e-08 0.13762566 0.5296226 2.6204557e-06 0.15029342 1.4584704e-07 2.588887e-06 0.001633803 0.6792596 4.3975747e-06 5.0398203e-08 0.2762467 5.6733597e-06 0.25447777 0.0007740182 8.754374e-06 0.20271537 0.0028439853 7.088711e-08 0.00013232062 5.3190103e-08 9.1676884e-07 0.000285642 4.6196746e-07 1.1855698e-05 1.1949862e-08 2.5006802e-08 0.06753485 1.9342326e-06 0.120432265 0.018101012 4.0999556e-08 4.3886425e-06 1.6203899e-06 0.15472186 5.843236e-07 9.296632e-08 0.009305765 2.0668313e-08 9.799442e-08 2.0085361e-05 0.010916354 6.323585e-07 0.011941189 5.232366e-07 0.0015595182 0.0075401575 9.868166e-06 2.22452e-08 0.070029065 2.1587322e-05 1.0796465e-05 0.00021628298 0.00019342439 6.914033e-05 7.6222597e-07 2.631629e-05 2.2101387e-06 3.4640507e-05 2.1051396e-06 0.0007818615 7.8595185e-08 0.004430185 8.0276756e-08 1.067166e-05
0.9056103 0.0012972648 6.498646e-05 3.2239055e-05 5.835392e-06 0.00010638631 1.4331873e-05 0.0067155226 0.00056564587 0.0666064 3.2630762e-06 2.0635964e-07 1.0084376e-05 0.0023813671 0.00033451605 0.00024809173 1.793799e-05 0.6190506 0.31606913 0.9594379 0.58426845 4.0061554e-05 0.0003278048 1.1781428e-06 1.1714915e-05 0.11335681 0.7897547 9.672434e-14 4.9745506e-07 0.56893134 0.76521105 0.0024868783 1.2489965e-06 1.1715681e-06 0.00029883452 4.5445563e-06 9.4444374e-08 0.030921793 0.8749703 8.734002e-06 0.9844129 1.0616859e-06 1.4295267e-06 0.0004637873 0.40360323 2.7124277e-05 1.9011193e-07 0.46023592 6.1028836e-06 0.046428166 0.00017251774 3.376112e-05 0.594215 0.0003253087 3.773974e-08 1.9599438e-05 4.9181523e-07 1.1131509e-06 2.7506134e-05 2.4511928e-06 2.8494271e-06 7.734599e-08 1.4791229e-07 0.022905266 1.808524e-06 0.038814932 0.6332518 2.2064594e-08 0.00010889361 2.2765264e-06 0.07775962 5.602471e-07 4.8098737e-08 0.20410532 8.778197e-09 2.5244515e-07 0.00061089924 0.029787287 4.7284443e-06 0.0055364217 0.00012889574 0.04209953 0.1911341 0.0002734415 3.0625101e-06 0.005271738 0.0005029351 0.0004909804 0.00032562626 0.0027036523 9.3791305e-06 2.5036977e-07 8.459439e-05 1.2969041e-06 6.074979e-05 5.1768013e-05 0.012164017 4.1414205e-09 0.065066956 1.8658275e-08 0.0003956287
0.89586586 1.0273696e-05 0.00011429118 0.0004827424 0.016915128 0.0017314325 0.0027746994 8.3452534e-07 0.00022001918 1.8035971e-05 0.23623325 0.10939897 0.00038442353 2.499641e-06 0.0011817702 4.83828e-05 0.032844946 8.328938e-07 8.3809925e-07 1.1319331e-06 3.1369942e-07 0.07752745 6.192308e-06 0.94699246 0.99500036 0.00017684567 1.3542265e-07 4.9745506e-07 1.0033286e-14 3.2671665e-05 6.1465386e-08 0.012214863 0.09517049 0.52259547 0.122522555 1.9370975e-06 0.71973556 2.1298382e-08 2.1900186e-09 9.0470145e-05 5.9698277e-06 0.030195087 0.0021178965 3.755357e-07 1.059309e-08 0.767429 0.31698844 1.4645217e-08 1.5505591e-06 3.1064e-08 7.243805e-07 0.058113877 8.0729414e-08 2.1872238e-07 0.024662344 5.829691e-06 0.57793474 0.0006463326 1.8609568e-06 0.09992718 5.202475e-06 0.01579333 0.030062743 9.982327e-06 3.9463706e-05 9.660314e-08 1.5610013e-08 0.046998072 0.22661802 1.9182664e-05 5.0839034e-08 0.023404349 0.003512969 5.822943e-05 0.049572665 9.252782e-05 0.16730686 1.2270016e-06 1.5059911e-06 2.8037235e-08 0.10537455 0.005375355 7.332294e-08 0.04997552 0.20706245 2.7243047e-06 8.990703e-07 0.053178634 1.5359541e-07 0.019513099 8.7031924e-07 1.15639104e-07 9.075289e-07 1.5481344e-06 4.0231694e-09 5.2882687e-08 0.0076938514 1.193652e-05 0.00021262707 0.00014763178 3.691963e-07
0.9477575 0.036756627 0.0020618252 0.0016050431 0.0002893993 0.0008902525 0.00026786586 0.30224228 0.013622754 0.70156574 6.497567e-05 4.459246e-06 0.00032041984 0.12357095 0.015222345 0.011610811 0.00037139995 0.7004089 0.583858 0.90516526 0.35929632 0.003134421 0.002587765 3.3404915e-05 5.087563e-05 0.9834485 0.23025018 0.56893134 3.2671665e-05 8.237367e-15 0.14900754 0.08406933 8.773815e-06 5.1935567e-06 0.012419087 0.00040579465 1.502311e-07 0.117583156 0.12266598 3.801795e-05 0.92234766 4.4573855e-05 1.505936e-05 0.0031593377 0.11309352 0.00025066567 3.0260023e-06 0.07430446 4.9867417e-06 0.005392273 0.00030591214 0.004037663 0.0455644 0.0011629816 9.584272e-09 0.00016438664 4.0856213e-07 7.2788566e-06 0.00031378007 3.4593083e-06 7.867986e-06 3.061654e-08 3.4425863e-08 0.010889252 3.7614074e-05 0.0012178984 0.102454744 1.6246628e-07 3.2363816e-05 1.5714908e-05 0.0013628158 1.5941623e-08 4.5728171e-07 0.100490786 2.0412331e-08 1.3543448e-06 0.0020263935 0.0018144505 4.528804e-06 0.00018494319 0.0001307793 0.32876834 0.0057316204 0.000830733 2.9877565e-05 0.020014428 2.6455495e-05 0.0016384388 8.790407e-06 0.005832984 0.00032446132 5.8430135e-07 4.433348e-05 9.432476e-06 1.2520048e-05 2.0897265e-05 0.045800105 9.1895105e-09 0.054309744 2.4116687e-07 4.738023e-06
0.7974477 3.0160181e-05 1.0640385e-06 2.362595e-07 4.615669e-08 1.2066132e-06 1.1466377e-06 0.0008877912 1.1245987e-05 0.0049655954 7.860448e-08 1.30716185e-08 2.8674557e-07 0.00011883779 6.3680504e-06 2.296795e-05 1.1723281e-06 0.022170797 0.06903432 0.68603504 0.9471112 1.2082862e-06 0.00011726044 6.367552e-08 3.9688214e-08 0.0033122536 0.9925189 0.76521105 6.1465386e-08 0.14900754 1.039903e-15 4.0684707e-05 6.570783e-08 6.903164e-08 8.6154495e-07 1.7021986e-05 4.5054867e-09 0.24537565 0.87289965 4.963448e-07 0.2372975 9.009814e-08 6.0452896e-07 0.002188668 0.9176314 1.0406766e-06 1.51781e-08 0.40751177 7.2339884e-07 0.50658345 0.0006990428 3.161762e-06 0.36013559 0.0014143506 2.340705e-08 4.7339876e-05 3.645644e-08 4.1305185e-07 3.821071e-05 7.688293e-07 3.75257e-06 1.4455363e-08 2.0311859e-08 0.12408536 8.9173346e-07 0.3660964 0.09023503 5.0157876e-08 2.1924711e-06 1.7680611e-07 0.59401476 1.0038433e-07 5.1950526e-08 0.023216633 1.6256912e-08 1.6707888e-08 1.2171576e-05 0.016627993 5.736626e-07 0.036578808 5.4009155e-07 0.00080096134 0.019291867 2.4863402e-05 2.4871188e-08 0.036427032 3.630661e-05 1.7928213e-06 0.0005621881 7.963507e-05 3.6350993e-05 5.6372404e-08 2.5095904e-05 5.6420464e-07 1.468965e-05 1.3300444e-06 0.00069779553 1.2192521e-09 0.004577923 1.1821031e-08 1.8411336e-05
