2.2893535e-16 0.6729963 0.8100104 0.89722717 0.9220713 0.9184754 0.9732996 0.9017972 0.59297025 0.80221385 0.96141356 0.58622587 0.92480093 0.8853611 0.92698437 0.037659068 0.45031348 0.39654273 0.89128625 0.902287 0.5690464 0.61562365 0.74698323 0.45070451 0.83681643 0.8016929 0.8781923 0.47422558 0.0028894963 0.04022634 0.9854189 0.9549919 0.99260575 0.98362356 0.0013326695 0.28285667 0.9330756 0.09474307 0.0029620004 0.90792644 0.960297 0.6702718 0.94241667 0.88772047 0.760407 0.336783 0.94821763 0.90237516 0.91957134 0.19329533 0.061864972 0.8309692 0.8625007 0.1306336 0.7657232 0.9912203 0.8436944 0.12424427 0.84508336 0.700039 0.8517333 0.93695706 0.9827823 0.74544334 0.9518856 0.0003726072 0.9054654 0.93095875 0.00036246362 0.9556432 0.9868056 0.9436248 0.9115216 0.7196489 0.95089823 0.4780944 0.88771814 0.15871648 0.6812154 0.9363387 0.003557158 0.93369913 0.108608045 2.8816234e-05 0.81054467 0.13560311 0.033305287 0.9998771 0.6093478 0.98973906 0.9994807 0.021621145 0.8982671 0.988282 0.9990504 0.9994017 0.0007861041 0.9776066 0.9965017 0.18005401 3.433018e-05
0.6729963 1.0352133e-14 0.9976628 0.9105148 0.5966502 0.91404593 0.26498556 0.174256 0.034924023 0.0074888538 0.012620176 0.020825775 0.00046597832 0.9273983 0.0054706917 0.6308101 0.6705978 0.0076019624 9.3534276e-05 0.0376907 0.0047948114 6.2072395e-05 0.0049617067 0.0006333716 0.00094375684 1.7700993e-05 1.3019249e-05 0.49727875 0.107019156 0.14718664 0.027157968 0.00014331675 0.00034083528 0.16310635 0.011567303 1.9852038e-07 1.0369155e-05 1.498196e-09 0.00046935768 0.012100762 0.005465386 2.15839e-05 0.002173943 0.0005467954 3.5289213e-07 1.2461048e-05 0.00021193855 2.9508623e-05 1.4195944e-06 3.6547456e-07 0.0016128224 5.296761e-07 3.0563143e-07 3.0964904e-05 0.00082344987 3.5243124e-06 1.3082314e-07 2.1660404e-05 0.0051128804 0.002122044 0.0016859605 2.1877014e-09 0.0002572297 6.586566e-05 0.0011165277 2.5040225e-07 0.0003248759 0.0033360026 1.605516e-05 0.00029236445 4.9591208e-08 4.501613e-05 0.0010714656 6.5519234e-06 0.00035008468 2.615107e-05 7.154832e-07 2.6207692e-07 1.5407178e-07 1.1007801e-05 2.9568508e-09 2.6969664e-07 6.0509997e-09 1.0167389e-06 2.5829703e-08 2.3742429e-07 1.3999247e-07 0.0019012494 7.8709355e-08 0.0004199424 0.0013807634 1.782462e-07 4.1181934e-08 0.00017970444 6.26785e-07 0.00019779918 7.477915e-10 4.194092e-09 0.00019995544 4.552212e-08 2.5392743e-09
0.8100104 0.9976628 8.119281e-16 0.9717523 0.66701347 0.71213335 0.38123885 0.77821124 0.006429452 0.0026301814 0.009053994 0.10957066 5.2285606e-05 0.80450785 7.1836854e-05 0.2525167 0.24067101 0.00023727391 0.00047344324 0.28184044 0.0017229678 0.0002782571 0.02612974 0.00035424207 0.00082516915 0.00011967838 1.0800169e-06 0.46897063 0.025762644 0.009277714 0.15730777 0.00013749462 0.002285987 0.37442836 0.012669968 4.7485154e-09 0.00017391559 7.358186e-11 2.8098857e-06 0.044893928 0.01654434 3.749245e-05 0.0020377268 0.003917369 2.4553174e-06 2.852259e-05 0.0012510638 0.0003157369 2.2142773e-05 5.7591063e-07 0.0028727234 5.5743686e-07 6.872465e-07 2.4976167e-05 0.0017592481 1.9882906e-05 4.1261757e-07 0.00016383496 0.014472512 0.0043914686 0.005387264 1.7463023e-08 0.00029783841 0.00026631693 0.0013091994 7.825216e-07 0.0006535614 0.008103689 4.5088444e-05 0.00041357413 4.246308e-07 0.00030366585 0.0024260553 2.741024e-05 0.000584071 8.105764e-05 6.9023813e-06 1.1521579e-06 3.8663148e-07 6.805698e-05 3.1856455e-08 4.666251e-07 4.9310888e-08 4.1464104e-06 1.7160416e-07 3.900874e-07 4.84249e-07 0.002937196 1.2728165e-07 0.00078275794 0.0031725878 5.6957056e-06 1.4516378e-07 0.00035065386 5.4322322e-06 0.00031180025 6.0712892e-09 8.300514e-08 0.00035133437 3.9643447e-07 5.5050338e-09
0.89722717 0.9105148 0.9717523 6.0866237e-18 0.9880351 0.9131789 0.6742488 0.29008466 0.14360994 0.021256909 0.058208562 0.007389654 0.0011635374 0.3871381 0.00832271 0.065736905 0.23210658 0.0010747762 5.59601e-05 0.033176124 0.003520696 9.766617e-05 0.0007176112 0.00054177514 0.0004528128 2.8986182e-05 3.688933e-05 0.10416509 0.00355231 0.024173744 0.06601473 7.063443e-05 0.00021179166 0.694797 0.0007970284 9.91089e-08 3.0855423e-05 1.3514179e-09 1.687104e-05 0.12980023 0.011637511 2.5434334e-05 0.009466396 0.002677369 3.0486829e-06 8.711709e-06 0.00026694502 3.1531126e-05 5.15909e-06 1.1898525e-07 0.00010659408 1.2196081e-07 2.702716e-07 4.9000373e-06 0.0041616885 2.3370616e-05 4.5450005e-07 1.8947123e-05 0.02713452 0.045470335 0.017756063 3.1204028e-08 0.0045931675 0.00033907642 0.032222133 6.753111e-08 0.008769032 0.027031347 1.6440414e-05 0.0013261416 3.566524e-07 9.844052e-05 0.016197095 0.0001249566 0.0027594483 5.1911084e-05 5.718554e-06 1.6314229e-07 1.7747799e-07 6.7456815e-05 5.341616e-10 3.6388136e-07 1.964949e-08 4.0715253e-07 7.3212114e-08 1.9542473e-07 3.5356166e-08 0.010772945 2.7211238e-08 0.0012400198 0.004793954 3.6395946e-07 5.419924e-07 0.00094866083 1.921039e-06 0.00088859466 7.452773e-09 1.9638923e-08 0.00041100997 2.891511e-07 2.0870057e-09
0.9220713 0.5966502 0.66701347 0.9880351 1.7052764e-12 0.9179322 0.9644593 0.049204495 0.31226942 0.118529275 0.4522528 0.0017621942 0.016560037 0.51426446 0.053298984 0.072955884 0.39853242 0.00624904 8.586909e-06 0.011934217 0.044314127 1.8025137e-05 0.00019948173 0.008066851 0.0032006602 6.094305e-06 0.00028281132 0.07487517 0.0010272878 0.048197262 0.026287353 0.0008246794 1.1089165e-05 0.5996637 0.00021998897 2.5672423e-05 2.47981e-06 4.777926e-08 0.00030000554 0.082242735 0.005158788 1.34962775e-05 0.06320586 0.00096208224 1.0991571e-07 1.1617411e-05 0.00011707796 3.8001765e-06 9.62658e-08 7.4400475e-07 0.00018092414 4.910815e-08 1.03376074e-07 2.2734184e-05 0.0030280047 3.997366e-07 5.450592e-08 4.0914863e-05 0.017312676 0.083227724 0.011156524 1.6620893e-08 0.020070346 0.00050431455 0.027260121 1.3558529e-06 0.012263057 0.014757999 9.449686e-05 0.00049845426 5.9889885e-08 1.3728871e-05 0.009210779 1.7337863e-05 0.0015475758 5.0528502e-05 1.141415e-06 6.8353586e-07 2.0263656e-07 1.9607065e-05 2.0995263e-09 4.211859e-08 5.4299225e-08 1.948615e-06 1.1147663e-07 1.0454014e-06 3.3670025e-07 0.010905792 6.508144e-08 0.0006285994 0.0035851235 1.9050589e-06 2.2836247e-07 0.00046889865 6.374087e-07 0.0010364213 5.5445e-08 1.3773581e-08 0.00015709792 1.3953575e-06 3.0337112e-08
0.9184754 0.91404593 0.71213335 0.9131789 0.9179322 2.0359068e-15 0.6855221 0.0028579265 0.9561241 0.44297513 0.4883505 0.00067035825 0.08011876 0.63189095 0.67976046 0.6637859 0.9315969 0.45383692 2.5142724e-06 0.0031145895 0.029136335 1.5030018e-05 0.00025203536 0.006501752 0.015919968 1.8971867e-06 0.013578355 0.014853364 0.036975864 0.7440628 0.005985503 0.0010090178 2.3232727e-05 0.28300124 0.00024975298 0.0007837133 2.1487408e-06 1.4599903e-05 0.060269605 0.008689787 0.0010469899 3.003717e-06 0.01612195 1.5579282e-05 6.336028e-08 1.2341398e-05 8.882116e-06 5.2641167e-06 3.5226168e-07 2.767849e-07 0.00029026225 1.1733235e-06 1.2454169e-07 1.5227824e-05 0.00023875432 1.1435668e-06 2.1152307e-07 9.484541e-06 0.0018391305 0.010830018 0.0020822098 1.7974076e-08 0.007905907 1.7525364e-05 0.031932656 2.7721944e-07 0.0027590825 0.0020021056 2.004123e-06 4.922864e-05 1.9383477e-07 4.6423334e-06 0.0027751413 9.4923723e-07 0.00012699752 1.916667e-06 2.726666e-07 1.5753638e-05 2.3145596e-07 5.065465e-06 5.6507368e-09 1.32035725e-08 1.0556348e-07 1.2222324e-07 4.6881407e-08 9.520518e-06 5.8767873e-06 0.013253666 7.5498053e-07 0.00025991432 0.0019980667 1.91392e-06 2.4750904e-07 8.085975e-05 3.3343548e-07 0.00024110814 3.5332348e-09 1.638301e-08 8.2656436e-05 1.4377603e-06 1.282293e-07
0.9732996 0.26498556 0.38123885 0.6742488 0.9644593 0.6855221 4.4632676e-13 0.03839113 0.29292554 0.24544887 0.9344332 0.0013865872 0.10292532 0.25512287 0.131245 0.02130057 0.25762066 0.006229357 3.5427925e-06 0.017412703 0.051965017 1.2025402e-05 0.00024110677 0.0075394744 0.0030110723 3.6728254e-06 0.0024591058 0.03940218 0.00037495757 0.031820957 0.049212307 0.0015336687 1.3043446e-05 0.96766746 3.7101017e-05 3.9827162e-05 2.5930108e-06 2.8092893e-07 0.00017128527 0.2524704 0.009246509 1.34356105e-05 0.41729724 0.0022488746 6.0335424e-08 6.8448007e-06 0.00022020034 1.5534231e-06 3.9878827e-08 3.4592242e-07 7.123752e-05 3.4307564e-07 3.7470837e-08 7.77532e-06 0.008027708 1.7583379e-06 1.1815109e-07 7.008517e-06 0.04422728 0.41859952 0.03695563 5.5591663e-08 0.14721304 0.0009018583 0.18567307 8.7227187e-07 0.048761684 0.04252695 2.1464407e-06 0.0008370402 1.1159491e-07 5.2624375e-05 0.05696212 3.8030135e-05 0.004718553 2.9252553e-05 2.1888775e-06 1.3270493e-06 2.836109e-07 2.9471863e-05 1.8700947e-09 8.190458e-08 6.031161e-08 1.2589582e-06 1.5354212e-07 6.442958e-07 3.0076708e-07 0.04436392 2.65695e-07 0.00078861846 0.0074941437 9.85922e-06 3.7152248e-07 0.0012822998 1.4096206e-06 0.0018988196 1.2005788e-08 6.124117e-08 0.00024790913 3.6465935e-06 1.0181648e-07
0.9017972 0.174256 0.77821124 0.29008466 0.049204495 0.0028579265 0.03839113 2.0887077e-15 0.00052721903 0.00018762842 0.0007052313 0.99516493 4.7033263e-06 0.29454973 2.4806815e-05 0.0015413375 0.0008285244 5.3591717e-05 0.65678686 0.973456 0.0023953486 0.3857801 0.5855792 0.000731552 0.00015708743 0.08814272 2.1470978e-06 0.6783344 0.00011779181 2.5326019e-05 0.7939841 5.5044413e-05 0.1391962 0.3544338 0.0012537619 7.1858497e-09 0.013937286 2.757715e-11 3.9013054e-07 0.27692416 0.37816703 0.051559377 0.0032248562 0.0756748 3.570053e-05 0.005767623 0.017552972 0.0012019767 9.39861e-05 0.00018899814 0.027281003 0.0001287127 5.7153593e-06 0.0002947275 0.010317748 0.00014474968 1.448473e-06 0.045331158 0.11173576 0.0071553793 0.0138735045 2.6549236e-07 0.00027492302 0.0012678925 0.00028310574 0.0002934273 0.0026870763 0.034465898 0.0004975773 0.00075460126 1.3519781e-06 0.00024446912 0.0033105437 0.00015145841 0.0020369815 0.00046030054 5.6584162e-05 0.00011958311 7.511813e-07 0.00013827202 2.3814826e-08 2.8853506e-06 1.2736228e-07 6.2111656e-05 2.2504073e-06 7.947714e-06 1.0057382e-06 0.0028550525 2.451886e-07 0.0006510283 0.0016393851 5.104814e-06 3.1124154e-07 0.0002758922 3.9160914e-06 0.00042931785 8.753585e-09 1.0028037e-08 0.0006535495 7.3795476e-08 2.9896704e-08
0.59297025 0.034924023 0.006429452 0.14360994 0.31226942 0.9561241 0.29292554 0.00052721903 1.3323107e-15 0.9961593 0.87798756 7.379214e-05 0.9054228 0.0049471944 0.8119863 0.0071644643 0.12085432 0.24099517 9.0089424e-07 0.00042343792 0.28152072 5.1251454e-06 9.152397e-06 0.025330255 0.014385798 9.068065e-07 0.008869649 0.00021289857 0.0001450122 0.1223265 0.0006690528 0.0041284296 1.33691865e-05 0.09402022 3.035471e-06 0.00058276654 1.3588069e-06 7.6373835e-06 0.015932651 0.004961778 0.0004887359 1.10878204e-07 0.098671116 5.802789e-06 2.934642e-08 5.955371e-07 5.153003e-06 5.0550216e-06 1.7964436e-07 1.2911195e-07 4.7690037e-06 1.3251756e-07 1.1398773e-07 8.191259e-07 0.00020807587 2.629202e-06 8.973661e-08 7.6382105e-07 0.00035946598 0.03739554 0.001470131 1.0904073e-08 0.016290842 1.652182e-06 0.041765492 1.0525179e-08 0.0031652518 0.0006257852 1.2428309e-06 2.7499316e-05 7.91103e-08 2.3190082e-06 0.0014919413 5.276362e-07 0.00015457624 6.325304e-07 6.852279e-08 1.203985e-07 5.7447124e-07 8.1881586e-07 3.5728385e-09 3.6247258e-08 8.13345e-08 3.4058225e-08 2.1986247e-08 1.3047508e-06 1.6493351e-07 0.0076722763 6.443849e-07 0.00029753125 0.0017478262 2.5616492e-07 1.3222727e-06 0.00015675357 3.5015861e-07 0.00022353919 1.0961942e-08 1.6787052e-07 4.9884376e-05 3.176672e-06 1.517946e-08
0.80221385 0.0074888538 0.0026301814 0.021256909 0.118529275 0.44297513 0.24544887 0.00018762842 0.9961593 2.2977276e-15 0.9285782 5.5837543e-05 0.9492535 0.015487813 0.5422205 0.0051761004 0.14183523 0.107046984 1.8334238e-07 0.000307144 0.64142954 1.0081861e-06 5.5676874e-06 0.0996718 0.055694602 1.6947459e-07 0.034232806 0.0003669736 9.840749e-05 0.074918024 0.0005454139 0.010784473 8.9170965e-07 0.10394475 8.3791665e-06 0.0040455647 1.2856309e-07 6.5669214e-05 0.006277663 0.0039680484 0.0003527934 4.1374275e-08 0.26463383 3.3493131e-06 8.30344e-09 6.0226404e-07 1.0309673e-06 6.792334e-07 2.1947114e-08 7.6583234e-08 5.8204473e-06 3.1778594e-08 2.5196682e-08 6.6085425e-07 0.000218504 7.954789e-08 5.4857785e-09 1.4341708e-06 0.00045004956 0.06317458 0.0010472686 8.721055e-09 0.045880258 1.4284973e-05 0.09933664 2.5325814e-06 0.004451526 0.0006562902 9.0593e-07 8.5485925e-05 3.4884635e-09 1.7416588e-06 0.001835386 2.9127114e-07 0.000296189 5.687837e-07 1.3931722e-07 4.2265154e-07 7.237777e-07 1.0893063e-07 1.557581e-08 5.3790687e-09 2.3261259e-07 3.148003e-08 8.248078e-10 2.9526493e-07 3.9480003e-07 0.011427603 1.4481435e-07 0.00019426533 0.0012902569 1.715509e-06 8.993688e-07 0.00019294041 6.883914e-08 0.0003489785 2.041124e-08 4.0763837e-08 2.549896e-05 1.7428767e-06 3.8806627e-07
0.96141356 0.012620176 0.009053994 0.058208562 0.4522528 0.4883505 0.9344332 0.0007052313 0.87798756 0.9285782 4.315211e-16 0.00022210566 0.93100506 0.0036525805 0.54202974 0.0018206359 0.055199113 0.04463661 2.4828614e-07 0.00030433293 0.8703542 2.8317509e-06 7.805215e-06 0.24027286 0.046100743 2.289755e-07 0.03218566 8.420136e-05 6.085695e-05 0.01653725 0.0021261603 0.002788043 1.299317e-06 0.82081693 1.1584524e-06 0.003936322 1.2278613e-07 2.9408298e-05 0.00019205206 0.08258813 0.0012365691 1.3117344e-07 0.9115833 9.592513e-05 1.9620877e-08 1.8752867e-07 7.606956e-06 1.6362705e-07 6.8105144e-09 1.8024336e-08 2.2758663e-06 7.027351e-08 1.989883e-08 6.62627e-07 0.0020698202 1.7065254e-07 3.1640937e-08 1.1253577e-06 0.005561179 0.61386716 0.028134422 5.3725375e-09 0.0997821 6.751081e-05 0.45704943 2.4938797e-07 0.11027075 0.011730165 9.66193e-07 0.00011878204 4.335085e-08 2.2491868e-06 0.06704006 3.147301e-06 0.002812787 8.209313e-06 1.1021172e-07 6.6518743e-07 1.2464554e-07 3.5201506e-06 4.877364e-10 1.840864e-08 9.681249e-08 1.2018872e-08 3.0881573e-08 1.9560541e-07 2.6386616e-08 0.05450851 8.473418e-08 0.00073318044 0.01026404 1.237795e-05 9.738212e-07 0.0016901791 1.5170205e-07 0.0007587416 3.340477e-08 8.668815e-09 6.0517395e-05 1.1188215e-06 4.6473293e-08
0.58622587 0.020825775 0.10957066 0.007389654 0.0017621942 0.00067035825 0.0013865872 0.99516493 7.379214e-05 5.5837543e-05 0.00022210566 3.6009323e-15 2.2825068e-06 0.02495108 8.250165e-06 0.00028324994 0.00013438502 2.302161e-05 0.82011867 0.74923486 0.00024501368 0.91943485 0.97322685 6.6780754e-05 1.8234012e-05 0.5582919 1.4827816e-06 0.52492094 0.000101832564 6.7893197e-06 0.34372985 7.997828e-06 0.2705003 0.0152308615 0.0015144505 3.2524923e-09 0.03785238 2.1497036e-10 1.9495731e-07 0.02639096 0.10946947 0.20420016 0.00025200678 0.014882467 0.00032091126 0.02786427 0.004772951 0.0034676106 0.0005185933 0.0011008055 0.023976091 0.00021138124 3.5864876e-05 0.0013225218 0.002571148 0.00027188624 4.28791e-05 0.12084035 0.01992062 0.0003173889 0.0027454444 7.1982447e-07 1.1301991e-05 0.00074157224 0.00012833887 0.0010547865 0.00012798831 0.00863441 0.0027875828 0.0003881429 4.558416e-06 0.00014481983 0.00055926223 7.483613e-05 0.0008046459 0.00010496533 3.9175724e-05 0.00025667224 1.4171366e-06 0.00016795022 7.5402716e-07 1.09852845e-05 2.407785e-07 0.0009721005 9.656464e-06 1.3211484e-06 2.3709735e-07 0.00021820165 1.1791606e-07 0.00031012352 0.0003254856 1.9008141e-06 2.7756946e-07 7.367414e-05 5.505709e-06 0.00032191147 1.9986162e-08 2.8523552e-08 0.00018048316 3.633113e-09 1.3882635e-07
0.92480093 0.00046597832 5.2285606e-05 0.0011635374 0.016560037 0.08011876 0.10292532 4.7033263e-06 0.9054228 0.9492535 0.93100506 2.2825068e-06 4.2293613e-15 0.00039265116 0.93817425 0.0006460938 0.026414335 0.72673404 7.0726895e-09 4.9116866e-06 0.9642168 6.4194275e-08 3.6558887e-07 0.45705327 0.36382207 1.4171744e-08 0.28697187 6.002034e-05 1.4410664e-05 0.06765437 1.46788525e-05 0.29568285 1.5711363e-08 0.07216942 1.0181881e-07 0.031585805 9.15309e-09 0.00025783168 0.02115161 0.0014399998 1.7933064e-05 1.295842e-08 0.8029108 1.3751696e-07 4.0841797e-09 4.0393817e-07 7.1375354e-07 3.4555572e-09 6.688131e-09 1.8523458e-08 8.581481e-06 6.550511e-08 6.60841e-09 2.8910617e-07 0.00012026807 3.1879186e-08 1.1045914e-08 1.3213291e-07 0.00013722162 0.11648453 0.00073703873 6.7605317e-09 0.21378882 2.6457184e-07 0.4300108 1.8788131e-07 0.015653078 0.0002574199 3.1294311e-07 1.2304555e-05 1.8961718e-08 1.00355805e-07 0.0021144142 5.296051e-08 6.721478e-05 4.535468e-08 4.420233e-08 2.2471957e-07 8.4407986e-07 5.627013e-08 1.3357115e-09 9.285068e-10 9.1006655e-07 2.3455227e-08 2.5452906e-10 4.1187178e-07 5.7336862e-08 0.05250468 6.921012e-07 2.6979262e-05 0.0019678297 7.557009e-07 7.190848e-07 0.00016828609 1.406915e-09 0.00018986981 4.0592912e-08 7.84226e-10 6.477583e-07 9.433707e-08 1.0633375e-08
0.8853611 0.9273983 0.80450785 0.3871381 0.51426446 0.63189095 0.25512287 0.29454973 0.0049471944 0.015487813 0.0036525805 0.02495108 0.00039265116 1.3921134e-13 0.00094103464 0.8777822 0.41914007 0.0011759533 0.00018709878 0.018463915 0.00033221047 0.00071497477 0.027565159 8.0159145e-05 0.001889449 0.00012140257 0.00011336498 0.91965497 0.9724714 0.09162049 0.012212906 0.0001993783 0.00044512667 0.012708318 0.84921837 9.683641e-06 2.5369267e-05 1.1892773e-07 0.0002212102 0.0007831559 0.00281439 4.7449826e-06 0.0001028369 0.00010467663 4.7440953e-06 4.6129957e-05 5.1674884e-05 2.1005522e-05 4.2722177e-06 4.9370465e-06 0.023606999 8.862786e-07 3.261639e-06 2.8693405e-05 5.523593e-05 2.028205e-06 1.1367179e-06 0.000351832 0.0006549259 4.08667e-05 0.00028822705 9.215773e-08 0.000333526 2.7974684e-06 0.0010567444 0.0004744209 2.9574152e-05 0.0049212053 0.0003880017 5.7196423e-05 5.8866786e-05 0.00014167056 0.0036581685 1.0044931e-06 0.00013948693 8.890829e-06 3.6031097e-06 6.027473e-05 7.0405423e-07 5.705962e-05 9.253594e-07 1.0001738e-07 2.3750029e-06 2.0042768e-05 6.240264e-07 3.7154641e-06 1.5927772e-07 0.008666588 4.1047015e-06 0.0001024177 0.0013419638 3.5575576e-06 9.134621e-05 0.0005369933 1.866642e-05 0.0011816164 1.5812083e-07 1.0393698e-05 0.0003204831 3.5874402e-06 1.464618e-06
0.92698437 0.0054706917 7.1836854e-05 0.00832271 0.053298984 0.67976046 0.131245 2.4806815e-05 0.8119863 0.5422205 0.54202974 8.250165e-06 0.93817425 0.00094103464 1.8601407e-13 0.00096370705 0.061796155 0.9984609 1.6283353e-08 0.00010649046 0.5161516 2.9113284e-07 1.0226042e-05 0.34598073 0.60214406 3.232512e-08 0.13555653 3.0785144e-05 0.00018856983 0.14415905 0.0001806993 0.6066093 7.637842e-08 0.09044878 2.305259e-05 0.019692106 1.6351137e-08 0.00039847335 0.054500476 0.0012107792 0.00018367835 4.5829214e-08 0.21514302 1.0676934e-05 1.3410041e-08 1.0389233e-06 6.896439e-06 2.0797508e-08 4.5271623e-08 6.4500746e-08 2.3479679e-05 3.8030006e-08 1.9949486e-08 6.226363e-06 0.000102825514 1.313525e-08 3.7768398e-08 8.4419656e-07 0.00046939013 0.012153309 0.000775365 2.247532e-09 0.2474759 4.838631e-07 0.25521648 5.802377e-07 0.0038805983 0.0003078058 7.652477e-06 2.9505031e-06 4.1475826e-07 2.8544954e-07 0.0018717743 8.337596e-08 5.0409908e-05 2.3270246e-07 2.4280098e-07 1.6773681e-06 9.560597e-08 1.2357685e-07 7.177727e-09 2.9244447e-08 2.1033644e-07 1.242078e-07 1.3522643e-08 1.8638559e-07 2.4829455e-06 0.08458657 2.813421e-07 0.00022719696 0.0039985194 4.54971e-05 2.5037357e-07 0.0003281188 8.227127e-08 0.00028981967 2.637224e-07 7.1007507e-09 2.9469671e-05 4.3765277e-07 7.084385e-08
0.037659068 0.6308101 0.2525167 0.065736905 0.072955884 0.6637859 0.02130057 0.0015413375 0.0071644643 0.0051761004 0.0018206359 0.00028324994 0.0006460938 0.8777822 0.00096370705 1.0499843e-14 0.99944407 0.00040511775 1.0384721e-07 0.000103097016 0.00010989556 3.086144e-06 3.2023916e-05 3.096455e-05 0.00035308875 8.9372315e-07 2.0825504e-05 0.0058502206 0.9888474 0.18206447 0.00011212057 7.360539e-05 3.4912514e-06 0.0008931017 0.018277314 3.626031e-07 4.0003178e-07 3.9370832e-10 0.00024879494 7.78111e-05 5.326633e-05 1.8901163e-08 3.9297673e-05 7.6547923e-07 6.324076e-08 4.8075254e-08 1.2311503e-07 3.629503e-06 3.0143486e-08 2.9781225e-08 0.0005814556 6.378905e-08 2.1200865e-08 1.5619811e-08 1.15929515e-05 3.9117594e-07 8.964094e-09 1.8885903e-06 1.899447e-05 2.2076561e-05 4.1494146e-05 2.8194669e-09 4.9323615e-05 1.8460079e-06 0.00019715734 1.9647834e-05 4.911415e-06 3.3255994e-05 1.6568686e-06 1.9044904e-06 2.13335e-07 5.44689e-07 0.000116797375 4.860062e-07 3.7158206e-05 4.7161066e-07 8.528579e-08 2.134718e-05 2.8939596e-08 2.1675603e-06 4.993699e-08 8.414151e-08 4.6589187e-07 2.48599e-08 3.5885897e-08 2.0260534e-06 2.8259398e-08 0.00041042574 8.5447655e-06 5.382841e-05 0.0002676437 5.0405024e-08 4.0385676e-06 8.669221e-05 1.2953406e-06 1.0915316e-05 3.059814e-07 1.2840087e-07 1.866487e-05 3.8902392e-08 6.8096874e-08
0.45031348 0.6705978 0.24067101 0.23210658 0.39853242 0.9315969 0.25762066 0.0008285244 0.12085432 0.14183523 0.055199113 0.00013438502 0.026414335 0.41914007 0.061796155 0.99944407 1.3430683e-14 0.07648841 3.7072576e-09 0.000107725486 0.004043863 3.0862955e-07 3.4304896e-06 0.0028841428 0.018139524 2.6213051e-08 0.0003668233 0.00025380435 0.7913165 0.9187311 0.00017520557 0.007817725 2.8378324e-07 0.009212155 0.0014087753 3.2062995e-05 2.2358266e-08 1.4285749e-07 0.00675712 0.00015869921 3.7220838e-05 2.05066e-09 0.00089463434 3.7110342e-06 1.855631e-08 6.8036985e-09 1.9814088e-06 1.6993114e-07 3.707463e-09 1.5568595e-08 0.0002378176 2.229124e-08 2.6052691e-09 5.780075e-09 1.0606006e-05 5.7741165e-08 1.5156684e-09 3.4961934e-07 2.8651431e-05 0.00045930757 2.0372243e-05 2.153694e-09 0.0043945587 5.768974e-07 0.002394158 1.1500755e-06 8.869855e-05 0.00010072463 5.829844e-07 1.2057768e-06 3.605392e-08 6.549274e-06 0.0004098789 1.7017967e-08 9.4332805e-05 2.3249804e-08 8.4275634e-08 2.982608e-06 1.605379e-08 8.123714e-08 3.19065e-08 1.3177408e-08 1.0556584e-08 4.7922455e-08 1.4427583e-10 6.502213e-08 1.753213e-09 0.01925787 3.7038407e-07 2.9637311e-05 0.0011976452 1.4424379e-08 9.2525005e-07 0.00010396966 1.9000882e-07 0.00033599843 9.8410755e-09 6.2598327e-09 4.0358223e-06 8.64205e-10 1.3350927e-07
0.39654273 0.0076019624 0.00023727391 0.0010747762 0.00624904 0.45383692 0.006229357 5.3591717e-05 0.24099517 0.107046984 0.04463661 2.302161e-05 0.72673404 0.0011759533 0.9984609 0.00040511775 0.07648841 2.3777668e-14 1.06435664e-07 1.0089282e-05 0.4043354 1.0993286e-06 8.405715e-06 0.131606 0.16391098 1.285653e-07 0.97068447 2.1397012e-05 0.00022287013 0.22804932 4.276259e-05 0.48235235 4.5930374e-08 0.0038447632 4.642198e-05 0.3000354 9.814463e-08 0.025452655 0.6685803 5.3201908e-05 4.213151e-05 4.4995272e-07 0.023238707 1.2371264e-06 9.805313e-08 1.2148145e-06 1.2759126e-06 7.925983e-08 5.341441e-07 5.3675956e-07 8.9901e-06 1.7911951e-07 6.516964e-08 3.0084814e-06 5.666144e-05 2.1400998e-08 8.954153e-08 3.3263368e-06 4.7248275e-05 0.0014888179 4.0121773e-05 7.887402e-09 0.043001775 1.2192173e-07 0.019297851 1.9732774e-06 0.0008155875 4.6562225e-05 3.181215e-05 3.2474622e-07 4.4257737e-07 6.309823e-08 2.6723319e-05 4.6242867e-08 4.7504655e-06 3.641002e-08 1.742845e-08 1.2809332e-06 1.4382078e-07 7.3061734e-08 8.567035e-09 6.8817196e-09 2.5443758e-06 2.722941e-08 1.3406453e-09 7.1302014e-07 9.493649e-07 0.004775583 2.3785751e-06 9.8807195e-06 0.0005439737 3.7863523e-05 2.9662745e-06 3.6698588e-05 2.2736524e-09 9.930883e-06 1.5143067e-06 7.942625e-09 4.0954401e-07 6.180443e-06 5.1249526e-07
0.89128625 9.3534276e-05 0.00047344324 5.59601e-05 8.586909e-06 2.5142724e-06 3.5427925e-06 0.65678686 9.0089424e-07 1.8334238e-07 2.4828614e-07 0.82011867 7.0726895e-09 0.00018709878 1.6283353e-08 1.0384721e-07 3.7072576e-09 1.06435664e-07 3.4049774e-16 0.89602506 2.0041294e-05 0.89760077 0.6254146 4.6146747e-06 5.5313575e-07 0.9825462 1.5831569e-08 0.03838544 1.0575064e-06 8.4380815e-08 0.49685338 1.5033615e-07 0.9571831 0.006089216 5.0321173e-06 3.1528613e-10 0.7276252 5.8375765e-13 6.0847455e-10 0.02832836 0.31643772 0.73699343 3.049682e-05 0.22447035 0.01906659 0.34242338 0.13920946 0.08274139 0.008295874 0.109020874 0.0009894029 0.19493975 0.0002913641 0.0768052 0.00367811 0.007275342 0.000104207196 0.1719506 0.015192846 0.00063594023 0.002180211 2.86692e-05 2.999918e-06 0.0045479387 9.496324e-06 5.1071926e-05 7.630384e-05 0.0074538686 0.003235294 0.0017430971 4.7710804e-05 0.0022948114 0.00070426246 0.00078809256 0.0007828993 0.00027596563 0.00023599187 0.012788956 4.278817e-05 0.00034438688 6.122463e-05 1.542063e-05 7.414427e-07 0.001241419 1.133018e-05 3.8047458e-06 1.0254828e-06 0.000401098 9.186146e-07 0.0007058702 0.0005956899 8.804326e-06 3.5429919e-06 0.00014036124 5.0903413e-06 0.0010509258 2.3587484e-08 9.3418514e-08 0.0014817533 6.0841245e-08 6.7457194e-07
0.902287 0.0376907 0.28184044 0.033176124 0.011934217 0.0031145895 0.017412703 0.973456 0.00042343792 0.000307144 0.00030433293 0.74923486 4.9116866e-06 0.018463915 0.00010649046 0.000103097016 0.000107725486 1.0089282e-05 0.89602506 1.3925654e-12 0.00031055504 0.48970902 0.39768127 6.789912e-05 3.716455e-05 0.49127847 1.1757386e-06 0.19596745 7.921555e-06 1.0291337e-05 0.98414284 2.8591749e-06 0.24509324 0.13137777 5.6777248e-05 1.1090226e-08 0.12726207 6.393077e-10 2.7470378e-07 0.20654859 0.7462196 0.17066926 0.0001729528 0.3283663 0.0028296537 0.041307624 0.220865 0.0033699824 0.002375146 0.0052633663 0.0011947044 0.010208207 0.00042832425 0.005182662 0.016759917 0.0044288416 0.00014221013 0.027789658 0.14754462 0.0021220238 0.010001521 6.6166336e-05 1.2920963e-05 0.007217361 0.00020899705 6.454493e-06 0.0004696599 0.048997406 0.00013297706 0.015397403 2.9053517e-05 0.0007679984 0.0026811543 0.0002650571 0.002871584 0.00031877914 4.8526977e-05 0.00014345677 7.126987e-05 0.0004279705 1.3098061e-06 1.7593251e-05 9.831301e-07 0.00031012113 9.543563e-06 1.009172e-06 6.4395517e-06 0.0006572357 9.792208e-07 0.0013958308 0.0011550223 2.023933e-06 2.9327623e-06 0.0006161088 4.4741378e-06 0.002293443 2.2817991e-08 4.8890858e-08 0.0010266742 1.739358e-08 2.973443e-06
0.5690464 0.0047948114 0.0017229678 0.003520696 0.044314127 0.029136335 0.051965017 0.0023953486 0.28152072 0.64142954 0.8703542 0.00024501368 0.9642168 0.00033221047 0.5161516 0.00010989556 0.004043863 0.4043354 2.0041294e-05 0.00031055504 5.2319505e-17 4.1862745e-06 2.5313318e-05 0.9959513 0.3685193 5.851855e-06 0.10271708 9.742629e-06 9.638183e-06 0.0047969404 0.0014794426 0.046139546 3.4415476e-05 0.21537405 1.7489131e-07 0.011345465 5.323243e-06 0.00021714957 0.0005303107 0.025314758 0.0033433696 5.317763e-08 0.77698654 0.00013534928 1.7897864e-07 2.9846865e-07 0.00014377727 4.4509948e-06 2.0051857e-06 5.9028103e-08 4.8052707e-06 2.1914018e-07 5.322824e-07 2.2002031e-07 0.0012231469 1.8166857e-05 4.5766868e-07 6.8122813e-07 0.0010435951 0.22111747 0.004451093 6.752622e-08 0.058033586 0.000112166665 0.094984695 1.3215414e-08 0.0110089155 0.0013860345 1.6449728e-07 0.00021195391 4.2118648e-07 1.6232134e-05 0.0055729253 9.717649e-06 0.000916414 7.110865e-06 1.2151412e-06 1.2419665e-07 2.641324e-07 8.632792e-06 8.3751867e-10 8.755431e-07 1.0001504e-08 1.4212645e-08 2.4537127e-07 6.4232246e-08 2.8919068e-08 0.005143824 2.0140824e-06 0.0007327184 0.0019332333 5.508991e-06 6.792214e-06 0.0008280469 2.4079077e-06 0.00064905535 4.010918e-09 6.60016e-07 9.720276e-05 2.0022335e-06 3.9357356e-08
0.61562365 6.2072395e-05 0.0002782571 9.766617e-05 1.8025137e-05 1.5030018e-05 1.2025402e-05 0.3857801 5.1251454e-06 1.0081861e-06 2.8317509e-06 0.91943485 6.4194275e-08 0.00071497477 2.9113284e-07 3.086144e-06 3.0862955e-07 1.0993286e-06 0.89760077 0.48970902 4.1862745e-06 8.021834e-18 0.98947567 1.541014e-06 7.855791e-07 0.97321516 2.2697941e-07 0.10124537 1.8800688e-06 2.0511355e-07 0.113294475 1.3505129e-06 0.5215498 0.00057866145 6.173919e-05 7.9315243e-10 0.15268022 1.4796764e-10 1.32840015e-08 0.0013992847 0.0565014 0.6342079 8.556132e-06 0.0051901336 0.001485507 0.20405114 0.0040724115 0.006460162 0.0023172852 0.008680994 0.018561022 0.004415305 4.9938684e-05 0.011955154 0.00030521362 0.00038486955 5.5517517e-05 0.4028908 0.0021493423 1.2542144e-05 5.2077787e-05 2.0457019e-06 6.025536e-07 0.00017073142 1.1882253e-05 0.0012337714 1.0580064e-05 0.0008446013 0.008029269 0.0001641044 7.150925e-05 8.324396e-05 9.040658e-05 8.745534e-05 0.00019852922 8.470329e-05 2.2778846e-05 0.0058073797 3.9576944e-06 0.00015822741 0.0001466119 3.2095656e-06 5.1556935e-07 0.0014073125 6.078273e-06 2.1239582e-06 3.0442318e-06 7.033986e-05 1.597484e-07 0.00016543992 9.186812e-05 1.9665745e-06 1.1556683e-06 2.0040436e-05 6.094456e-06 0.00021365256 3.9341876e-09 4.8819853e-08 0.00016645594 5.2437333e-08 2.9608057e-06
0.74698323 0.0049617067 0.02612974 0.0007176112 0.00019948173 0.00025203536 0.00024110677 0.5855792 9.152397e-06 5.5676874e-06 7.805215e-06 0.97322685 3.6558887e-07 0.027565159 1.0226042e-05 3.2023916e-05 3.4304896e-06 8.405715e-06 0.6254146 0.39768127 2.5313318e-05 0.98947567 1.5382532e-14 6.8650083e-06 1.4044754e-05 0.7895664 3.104924e-07 0.8814151 4.2928285e-05 1.9104798e-05 0.1792709 1.5956675e-05 0.36029378 0.0014361015 0.01801622 2.6472653e-09 0.029566603 1.2264101e-09 8.970118e-08 0.0023603488 0.050736953 0.80280787 1.687241e-05 0.001967838 0.0013636382 0.45724872 0.0013317605 0.0050553284 0.0031129993 0.014971108 0.40222457 0.009158457 3.4845005e-05 0.06051173 0.0002583636 0.00030303086 5.2091596e-05 0.79491335 0.0051338268 1.5630207e-05 0.00030579633 8.539783e-07 8.119492e-06 2.4080744e-05 0.00024279323 0.12929116 5.5952864e-06 0.0019082802 0.054919217 0.0001741242 2.5145566e-05 9.249131e-05 0.0002818555 3.8284285e-05 0.00019573409 1.2830318e-05 9.454224e-06 0.003782179 4.639691e-06 4.1923693e-05 0.00014788374 5.3726916e-07 4.3510255e-07 0.0031951966 1.1851929e-06 9.809218e-07 5.4326443e-07 0.00014392845 5.5095217e-08 0.00011648791 0.00022456546 4.8889137e-06 4.048262e-06 3.1778036e-05 2.2427992e-06 0.00027471074 2.7202315e-08 3.0487175e-08 0.00017925428 1.0291808e-07 3.508825e-06
0.45070451 0.0006333716 0.00035424207 0.00054177514 0.008066851 0.006501752 0.0075394744 0.000731552 0.025330255 0.0996718 0.24027286 6.6780754e-05 0.45705327 8.0159145e-05 0.34598073 3.096455e-05 0.0028841428 0.131606 4.6146747e-06 6.789912e-05 0.9959513 1.541014e-06 6.8650083e-06 5.035612e-15 0.99416476 4.718678e-06 0.12648445 1.4063357e-05 3.3060255e-07 0.0016668199 0.00022398689 0.48191562 1.3623024e-06 0.025265694 3.0701497e-07 0.02101191 1.1307214e-06 0.0001711401 0.00069285213 0.0020293025 0.00013850667 3.4247708e-07 0.54866624 9.31284e-07 2.0768926e-08 2.3551793e-06 1.9917056e-06 7.321187e-07 1.6324813e-07 3.4884852e-08 2.260241e-06 9.7153595e-08 7.3359445e-08 3.7995678e-06 0.00034650517 5.42729e-07 3.1817713e-08 1.3917015e-06 0.00020162214 0.043222457 0.0003344031 6.787202e-08 0.1387389 4.2630886e-06 0.07838118 1.4853587e-06 0.004340919 0.00042237857 8.5136725e-07 1.6649967e-05 3.9823516e-07 1.8962913e-06 0.0010762269 1.2720296e-06 0.00029859808 8.7295433e-07 8.052883e-07 3.694122e-07 1.3355468e-06 5.7722644e-07 3.1601974e-08 1.6778465e-08 3.2616964e-07 6.265091e-08 3.9404604e-08 2.8485482e-07 4.803676e-08 0.0080751795 2.9025432e-07 0.00012831329 0.0012689879 1.4757975e-07 1.9806496e-06 0.00022888086 1.1121555e-08 0.00014721717 2.9730714e-08 2.5963844e-09 1.4622098e-05 6.4030144e-07 1.25775195e-08
0.83681643 0.00094375684 0.00082516915 0.0004528128 0.0032006602 0.015919968 0.0030110723 0.00015708743 0.014385798 0.055694602 0.046100743 1.8234012e-05 0.36382207 0.001889449 0.60214406 0.00035308875 0.018139524 0.16391098 5.5313575e-07 3.716455e-05 0.3685193 7.855791e-07 1.4044754e-05 0.99416476 1.5467484e-12 9.46649e-07 0.53319734 9.85922e-06 2.3798537e-05 0.00770973 6.0684535e-05 0.9746966 1.7181605e-07 0.01480084 2.1229903e-06 0.07451443 1.0594531e-07 0.0034034366 0.005147495 0.00078423705 7.464731e-05 7.049646e-07 0.88615125 7.088018e-07 2.5902014e-09 1.2625707e-05 2.1701976e-06 1.1933889e-07 6.583802e-09 1.9042223e-07 6.3245525e-06 1.8836106e-07 1.1595355e-08 2.9707444e-06 0.0002591389 1.2646029e-08 1.5998738e-08 3.7713136e-07 0.00027318965 0.046088684 0.00026962222 9.726503e-08 0.6313134 3.1356287e-06 0.32179722 4.518424e-06 0.0075332113 0.0003566985 2.250017e-06 1.0665058e-05 7.092055e-07 8.614973e-07 0.0015159391 3.571214e-07 0.00013361774 2.9527425e-07 5.9509193e-07 9.699609e-07 9.151087e-06 5.212549e-07 1.292596e-08 2.192034e-08 1.6105399e-07 1.2692044e-07 1.2184321e-08 4.3828723e-07 1.0308148e-06 0.0706103 2.219698e-07 1.6364234e-05 0.0033470944 2.833084e-07 8.060418e-06 0.00014818019 5.4569136e-09 0.00020712771 1.105121e-07 6.975928e-10 1.2627115e-05 1.2084931e-07 3.4936388e-08
0.8016929 1.7700993e-05 0.00011967838 2.8986182e-05 6.094305e-06 1.8971867e-06 3.6728254e-06 0.08814272 9.068065e-07 1.6947459e-07 2.289755e-07 0.5582919 1.4171744e-08 0.00012140257 3.232512e-08 8.9372315e-07 2.6213051e-08 1.285653e-07 0.9825462 0.49127847 5.851855e-06 0.97321516 0.7895664 4.718678e-06 9.46649e-07 1.7537562e-15 1.5739436e-08 0.022395993 3.6260085e-06 1.9437438e-07 0.15156612 4.616116e-07 0.8595481 0.00024339251 7.565219e-06 1.128067e-09 0.5649173 7.418985e-10 1.1058689e-08 0.0023539376 0.12064525 0.9169536 2.6249252e-06 0.017257098 0.09905397 0.58986914 0.015497463 0.035812274 0.124529034 0.33641797 0.015340382 0.5348041 0.0014666154 0.23274644 0.0007158457 0.0039431076 0.00053499016 0.63249075 0.0048267297 5.2361e-05 0.00018374929 5.1697065e-05 1.8750999e-06 0.00050012517 9.7495995e-06 0.0030003847 5.356229e-05 0.0016527969 0.013981025 0.0005185349 0.0003002105 0.001182029 5.221549e-05 0.00046308877 0.00016761356 0.00054103194 0.00042910682 0.08247953 0.00017107729 0.00037968892 0.0011001809 3.3499568e-05 1.3602753e-05 0.0017716711 0.000117295225 4.713409e-05 2.415529e-05 0.00014845475 4.438939e-06 0.00022746688 9.637351e-05 0.00010170736 3.0570576e-05 2.373272e-05 8.901332e-06 0.0007604631 3.0298617e-07 4.3783143e-07 0.00032288427 2.4944588e-06 2.7959044e-05
0.8781923 1.3019249e-05 1.0800169e-06 3.688933e-05 0.00028281132 0.013578355 0.0024591058 2.1470978e-06 0.008869649 0.034232806 0.03218566 1.4827816e-06 0.28697187 0.00011336498 0.13555653 2.0825504e-05 0.0003668233 0.97068447 1.5831569e-08 1.1757386e-06 0.10271708 2.2697941e-07 3.104924e-07 0.12648445 0.53319734 1.5739436e-08 1.2789562e-11 1.23546215e-05 7.6084754e-05 0.013503618 2.375278e-05 0.90540427 3.584904e-07 0.0009641654 4.455484e-06 0.9939382 5.4985097e-08 0.20237659 0.33423024 6.0954993e-05 2.2958884e-05 4.925198e-07 0.070507176 3.7163588e-07 6.6080474e-08 1.8097558e-06 6.37018e-07 8.7713055e-08 2.6886832e-08 3.288247e-07 4.178351e-05 1.0017761e-06 4.165315e-08 1.3538536e-05 4.8143094e-05 5.2256116e-08 7.633109e-08 1.7759861e-06 4.9809834e-05 0.00033105735 6.2394196e-05 3.8338953e-08 0.2977271 2.3286628e-07 0.084657185 9.343603e-07 0.0007945885 4.695025e-05 4.955339e-06 7.9397853e-07 1.3419049e-06 1.7377631e-06 0.0003812546 2.3277326e-07 3.5797526e-05 9.7829705e-08 2.3160807e-07 6.027649e-06 2.1897397e-06 5.096756e-07 1.874046e-07 1.2987421e-08 4.045193e-08 6.6973996e-07 3.5883212e-09 1.0116393e-07 3.777186e-08 0.15371506 1.3090356e-06 1.44686255e-05 0.0034872019 1.8578632e-05 1.5606145e-06 0.0003914792 4.7123553e-08 2.4079134e-05 7.35605e-08 7.6136747e-10 1.2936352e-05 1.3831982e-07 1.3592003e-07
0.47422558 0.49727875 0.46897063 0.10416509 0.07487517 0.014853364 0.03940218 0.6783344 0.00021289857 0.0003669736 8.420136e-05 0.52492094 6.002034e-05 0.91965497 3.0785144e-05 0.0058502206 0.00025380435 2.1397012e-05 0.03838544 0.19596745 9.742629e-06 0.10124537 0.8814151 1.4063357e-05 9.85922e-06 0.022395993 1.23546215e-05 1.8494005e-13 0.041044254 0.0002889834 0.04320568 5.8086505e-05 0.015573943 0.006123654 0.9999558 4.3373373e-07 0.0008840729 1.9892642e-08 2.6140897e-05 0.005205361 0.0027395582 0.00309993 3.8996914e-05 0.00029830774 6.639687e-05 0.0053510726 0.00012367655 0.00025147642 0.00021302754 2.1756798e-05 0.83560294 8.431671e-06 6.1902765e-06 8.3896455e-05 0.0007446805 2.9234577e-06 3.2391222e-06 0.0067439284 0.003434253 0.0003108727 0.0005986391 3.1522765e-07 0.0010059244 1.9127203e-05 0.00021923248 0.01191155 2.3687404e-05 0.0045078797 0.005490972 2.0334275e-05 9.83774e-06 0.00037252126 0.0023798505 2.8340679e-05 0.0004127432 3.4784625e-06 4.358019e-05 0.00013099212 2.1135763e-06 0.00012434012 0.00026253436 2.1319529e-07 5.7545687e-08 0.0038627386 1.4773276e-06 1.2683466e-05 7.7290355e-07 0.004095927 6.3417965e-06 0.0002267238 0.00079912227 0.00030112977 6.5325007e-06 0.0013815088 9.866458e-05 0.0013368614 5.5714903e-08 6.4713686e-06 0.00019453118 9.686219e-06 0.00011105394
0.0028894963 0.107019156 0.025762644 0.00355231 0.0010272878 0.036975864 0.00037495757 0.00011779181 0.0001450122 9.840749e-05 6.085695e-05 0.000101832564 1.4410664e-05 0.9724714 0.00018856983 0.9888474 0.7913165 0.00022287013 1.0575064e-06 7.921555e-06 9.638183e-06 1.8800688e-06 4.2928285e-05 3.3060255e-07 2.3798537e-05 3.6260085e-06 7.6084754e-05 0.041044254 3.2942932e-12 0.98399913 5.0359453e-05 5.194159e-05 1.6190917e-05 5.750572e-05 0.8652256 5.2210985e-06 1.5201582e-06 8.099052e-08 0.002165508 8.746914e-06 5.0600884e-05 4.006434e-07 1.0421579e-05 2.1077862e-07 4.621128e-07 5.5707733e-06 2.3506834e-07 6.2357162e-06 7.4728575e-07 1.8202059e-07 0.00524898 1.4309262e-06 2.0951603e-07 1.1574421e-06 1.1609585e-06 2.2834766e-07 1.07308104e-07 0.00021612915 5.9913167e-05 3.4816055e-06 1.3199451e-05 1.6138738e-08 6.9315183e-06 1.0828901e-06 2.7104883e-05 0.0022427738 7.4542305e-07 0.00010495861 0.00025328423 1.4029431e-06 4.954507e-06 8.92189e-06 3.0655858e-05 4.0609814e-07 2.875245e-06 2.2651425e-07 4.122384e-07 4.61934e-05 1.6870378e-07 4.3214104e-06 5.152538e-07 2.873818e-07 2.7437711e-06 1.8947865e-05 5.7557895e-07 2.793439e-07 7.302802e-08 0.0002984355 8.537581e-06 2.5899697e-05 0.00019522477 1.8419414e-07 0.0006226375 2.238531e-05 2.6662517e-06 5.0070208e-05 2.4737515e-06 9.825228e-07 2.2507174e-05 1.6390035e-07 3.2598664e-06
0.04022634 0.14718664 0.009277714 0.024173744 0.048197262 0.7440628 0.031820957 2.5326019e-05 0.1223265 0.074918024 0.01653725 6.7893197e-06 0.06765437 0.09162049 0.14415905 0.18206447 0.9187311 0.22804932 8.4380815e-08 1.0291337e-05 0.0047969404 2.0511355e-07 1.9104798e-05 0.0016668199 0.00770973 1.9437438e-07 0.013503618 0.0002889834 0.98399913 1.0935084e-12 9.533147e-06 0.008602233 4.284374e-07 0.00055520143 0.0019456635 0.0017403183 6.6851506e-08 0.00022804769 0.9972618 6.548685e-05 8.207998e-06 1.16753434e-07 0.0011058672 5.0591956e-07 6.5424445e-08 2.747031e-06 5.4467756e-07 1.0162823e-06 7.0042546e-08 6.123627e-08 0.00013726378 2.2213412e-07 3.316549e-08 2.6456337e-06 5.1435538e-05 6.9217245e-09 3.9258487e-07 3.7991003e-06 3.9601244e-05 3.849417e-05 1.640724e-05 1.234175e-09 0.0027108437 3.2374035e-07 0.0003077427 4.2454035e-06 1.3277044e-05 0.000106645544 5.093843e-06 2.7991777e-07 2.4434967e-05 1.373672e-06 1.9707415e-05 6.53647e-08 7.595882e-07 1.8786304e-07 1.0694401e-07 3.2515761e-06 1.2155728e-07 1.7819742e-07 1.1450461e-07 9.766378e-08 6.298331e-07 2.6157938e-06 8.170498e-09 1.1211377e-07 3.973275e-08 0.012946065 6.273124e-07 5.6439356e-05 0.0021938768 5.1449267e-09 3.5418566e-06 0.00018626063 1.9117948e-08 6.2572304e-05 1.5595402e-08 5.852784e-09 1.6466258e-05 7.799858e-08 3.8602985e-07
