5.9100216e-15 0.9384339 0.9220719 0.69868237 0.6460614 0.9686506 0.9173072 0.98999685 0.8818464 0.9447075 0.90328556 0.95752203 0.9694373 0.47608528 0.9789474 0.8262858 0.8804546 0.8009513 0.810927 0.792193 0.6029821 0.9724752 0.9410844 0.9718066 0.9868773 0.97784513 0.872783 0.203655 0.96588224 0.96792686 0.8486671 0.80644107 0.042762045 0.9354541 0.9422529 0.72291356 0.6578963 0.9789827 0.6617922 0.505797 0.98003954 0.91304165 0.8716958 0.96372455 0.7648735 0.9069041 0.00081857474 0.0054002567 0.6774755 0.8646596 0.5791083 0.7270813 0.9653398 0.97100085 0.9072076 0.338503 0.28902897 0.98159987 0.9974968 0.70220196 0.9600697 0.9600751 0.83043474 0.9082774 0.20970806 0.94340813 0.48439205 0.2678288 0.9603116 0.8007715 0.06408835 0.81731254 0.08551061 0.84310055 0.107742794 0.835045 0.8922931 0.00029387063 0.99668694 0.9734365 0.55794287 0.3339619 0.07652353 0.23405708 0.94839776 0.5308465 5.532521e-06 0.96943015 0.002313569 0.17654991 1.5811976e-05 0.7307944 0.9395284 0.99934614 0.8134292 0.99909836 0.15308493 0.99913985 0.024416478 0.6424331 0.32579878
0.9384339 3.9410702e-15 0.9284029 0.98286223 0.9906696 0.44828606 0.056806248 0.9457076 0.0668846 0.021144964 0.02073158 0.2955767 0.22097568 0.3161252 4.404645e-05 0.6596224 8.536527e-05 8.672247e-05 0.031611316 5.145141e-06 0.011761295 2.4085542e-05 0.04602659 0.5855903 0.013933471 4.1912853e-07 0.010298589 0.01563313 7.855016e-06 0.00012490083 0.0003110892 1.838343e-06 0.00055754615 8.88898e-08 0.11014064 7.6957247e-07 1.4405703e-07 7.487382e-05 0.005297153 0.014903707 7.4737734e-08 0.0004399473 0.021136552 3.437126e-05 0.0015710227 9.357795e-06 0.00017091502 8.94265e-06 0.0005699782 1.388153e-08 7.5166296e-05 3.3014442e-07 9.692944e-08 2.9048207e-08 2.5008868e-07 9.973654e-09 8.659049e-09 0.00027174441 0.016333435 9.230177e-09 2.6267205e-08 5.1764153e-09 9.612187e-06 5.4307507e-06 0.0015559756 6.811561e-07 2.1786663e-08 2.6949292e-06 2.2407916e-08 3.8831985e-07 9.878491e-07 1.8460327e-08 0.00018881403 3.721072e-07 2.0838747e-06 1.3011794e-08 8.039359e-06 1.332546e-07 9.173701e-06 3.5768394e-10 2.2314246e-07 5.471301e-07 1.0083721e-07 7.387008e-07 4.6214725e-09 5.811783e-08 9.49963e-08 0.003999725 1.9234658e-08 1.3392078e-07 2.541108e-11 5.65921e-05 2.5494264e-09 1.1950188e-07 3.094291e-07 0.0037412625 3.2263397e-08 0.00064864114 7.923319e-07 9.158368e-08 2.0208943e-09
0.9220719 0.9284029 1.2502159e-15 0.99008185 0.48249954 0.8199553 0.46894544 0.32271388 0.07675282 0.040719725 0.008311015 0.98149836 0.082651086 0.055740155 0.0011813826 0.14591224 0.0010201283 0.0065419157 0.116993815 0.00010235101 0.002739583 0.00071065984 0.01029203 0.92173034 0.07842064 2.9089197e-05 0.0025920689 0.0022676047 0.00032133944 0.00062080007 0.00053429743 8.930769e-06 0.00014793918 2.8026516e-06 0.40622324 8.794557e-06 2.0661821e-07 0.0004748652 0.03585031 0.06807931 2.185755e-06 0.00032165032 0.08162785 0.0005884465 0.005789101 6.0836006e-05 2.7789154e-05 1.0611575e-06 0.004238488 4.0302222e-08 0.00016734203 6.4815467e-06 1.1433133e-05 5.32928e-07 8.831354e-06 2.082296e-07 7.076658e-07 0.0020509255 0.050294474 1.4796377e-07 2.568257e-08 1.9807153e-08 0.0002832529 0.00012796378 0.0004921564 8.698271e-05 3.7789854e-07 1.7269775e-05 1.8203439e-08 2.6909882e-05 4.691377e-07 1.6502462e-07 2.929299e-06 2.7845166e-08 6.2414515e-06 1.0552508e-06 7.189525e-05 1.5928128e-08 0.00011651757 2.0647029e-09 7.364941e-07 4.3278834e-07 5.891894e-06 2.9713906e-06 2.3153697e-07 4.2608566e-08 2.2020608e-09 0.014824466 5.3406026e-08 8.239706e-08 5.4091464e-11 3.532016e-05 7.694103e-07 3.0737779e-06 2.2059673e-06 0.0064564603 5.624642e-08 0.0015341669 5.924549e-05 7.6605e-08 1.6729947e-09
0.69868237 0.98286223 0.99008185 1.02753626e-16 0.96158576 0.9099729 0.81759495 0.11145262 0.5419758 0.073994 0.027100325 0.58485454 0.008444435 0.028305283 0.0043496196 0.067826964 0.0006516324 0.014305852 0.18096502 0.0001170926 0.00074103207 0.0007760671 0.027866159 0.22598833 0.020918269 2.974704e-05 0.0075582964 0.0021812397 0.00030522322 0.0019412922 0.0030845732 2.771616e-05 1.104552e-05 1.2666271e-06 0.031895507 2.731365e-06 1.6417874e-06 0.0009196455 0.008471222 0.009349612 1.9177623e-06 0.0009653113 0.0073190974 0.00033266324 0.0029556416 7.25051e-05 3.1074273e-05 3.0321277e-07 0.0010757304 4.1898087e-08 6.0621427e-05 1.4934701e-05 4.873589e-06 1.9298031e-06 4.1146723e-06 8.48898e-08 1.1422584e-07 0.00051445153 0.0027166153 1.5895299e-07 5.030526e-07 1.1880026e-08 6.6823945e-05 8.83621e-05 0.00022622099 1.2105603e-05 3.0439356e-08 1.0605045e-05 4.53232e-08 3.098418e-06 2.7936093e-07 1.1832362e-07 7.1759373e-06 1.04700625e-07 1.5527136e-06 5.657623e-07 4.6556273e-05 1.4769316e-08 0.00010834636 1.901016e-09 1.526953e-07 1.0377038e-07 1.223684e-08 1.5453539e-08 3.5231407e-09 1.8726622e-08 9.795887e-09 0.0010553349 2.6590525e-08 3.6257106e-10 1.74825e-10 2.1556423e-05 3.8242625e-08 4.0704247e-08 1.544609e-07 0.00037962972 7.4924345e-10 0.0005429304 1.0857059e-06 4.3923205e-07 1.3090199e-09
0.6460614 0.9906696 0.48249954 0.96158576 1.1647782e-15 0.5767722 0.903536 0.6958483 0.9495826 0.80757177 0.82664424 0.16882958 0.071883686 0.43573833 0.008532465 0.75152904 0.003412301 0.01241006 0.095629685 0.000109134184 0.0034122553 0.0012398112 0.25218135 0.16230004 0.010071791 1.980896e-05 0.03930525 0.0501456 0.00047907155 0.002728806 0.0058112023 7.608744e-05 0.00015537952 6.2186186e-06 0.023282358 3.5428702e-06 1.0693284e-06 0.00079991564 0.0023828754 0.0030620429 2.493693e-06 0.0007025455 0.0030550747 0.00038992768 0.0009236165 0.00010457065 0.00017643902 5.8559056e-07 0.0013653585 6.919708e-08 9.008865e-05 8.215821e-06 1.0512185e-05 1.0260477e-05 7.402025e-06 4.37013e-07 8.850054e-08 0.00026231862 0.0008990177 4.60656e-07 4.1478555e-07 3.250838e-08 0.00013896565 0.00014071683 0.0010187872 2.6108559e-05 1.0726288e-07 2.0789725e-05 4.1092312e-07 4.5079305e-06 1.0085684e-05 8.415628e-08 3.7470396e-05 7.7761456e-07 2.892707e-06 8.750218e-08 3.878591e-05 1.1421575e-06 0.000120236524 3.070731e-08 2.3558857e-07 9.1637895e-07 9.738823e-09 1.752715e-07 3.2334108e-07 5.7352315e-07 1.3835121e-07 0.00017526424 6.77538e-08 2.501767e-07 9.977282e-10 1.2062938e-05 2.0451859e-07 2.9543284e-07 5.537739e-07 0.00035530093 1.3223301e-07 0.00023144348 1.0277918e-07 8.417221e-07 7.702796e-09
0.9686506 0.44828606 0.8199553 0.9099729 0.5767722 3.746528e-11 0.9804333 0.23150177 0.82312465 0.6022735 0.25970557 0.977245 0.024713997 0.046740133 0.08781093 0.29188353 0.007936445 0.05470676 0.85370994 0.00029107332 0.0011271493 0.0051644393 0.3848237 0.7721026 0.4751192 0.00019494497 0.15895377 0.02988384 0.010758536 0.11112668 0.050561722 1.3362163e-05 2.3618179e-05 8.389233e-06 0.2802808 3.366887e-05 2.7086187e-06 0.071743615 0.1618438 0.11828669 5.2828655e-06 0.102801144 0.111762464 0.010907368 0.04190108 0.00015359785 5.4628712e-05 1.2717586e-05 0.022386203 1.4611561e-07 0.025454635 1.9159224e-05 7.268032e-05 2.2749875e-06 1.4978563e-05 4.7400547e-07 3.2977205e-06 0.0062431223 0.05361207 1.419379e-06 2.3645153e-07 6.086922e-08 0.0011212997 0.015479338 0.011468982 0.00035846225 1.0785459e-06 0.00066418975 1.393244e-07 0.00066801236 0.0005910917 2.6912899e-08 0.00278818 2.059854e-08 0.00017450305 2.431708e-07 0.00067152025 3.304892e-06 0.002667549 6.1906564e-09 1.8877566e-06 1.0960065e-05 1.960841e-07 3.3845285e-07 2.6424366e-06 1.1777165e-07 4.5019415e-06 0.013001731 2.5313535e-05 2.8557088e-06 2.4472604e-07 0.0004545062 8.4832664e-08 2.1135693e-05 6.698978e-07 0.0026722085 1.9235989e-07 0.010556072 2.7171873e-06 3.9071118e-08 3.2522751e-09
0.9173072 0.056806248 0.46894544 0.81759495 0.903536 0.9804333 9.664558e-18 0.014106099 0.9869362 0.7000772 0.48318213 0.8195439 0.00033761587 0.006506587 0.51989055 0.057200346 0.1321458 0.3785066 0.8636005 0.0057282294 1.4149065e-05 0.043513175 0.3478616 0.33253917 0.5000098 0.00088969694 0.06798184 0.016593758 0.06346916 0.080957055 0.045689348 7.205525e-05 6.4400304e-08 2.8551194e-05 0.19056284 0.00011238798 4.1568135e-05 0.013719186 0.10433069 0.07001521 5.1204333e-05 0.011164613 0.047751937 0.026706088 0.061112802 0.0014326973 1.52776e-05 6.489377e-08 0.020019483 4.843788e-07 0.000857917 0.000119632496 0.00029492826 5.3281747e-06 6.4897205e-05 3.74022e-07 5.6754243e-07 0.004858904 0.021606319 4.2545107e-06 1.3290885e-06 3.5959964e-08 0.002406317 0.0010303146 0.0020645566 0.0008359034 2.9903035e-08 6.923957e-05 5.0495794e-07 0.0002842379 5.7592937e-05 3.7529117e-07 0.00034137984 1.4737596e-07 1.49201815e-05 1.7650471e-07 0.00046050007 4.3507683e-07 0.0018400768 5.470005e-08 4.9840887e-06 3.3830331e-06 1.7458593e-08 1.5976957e-07 1.9235854e-06 8.85625e-08 8.974362e-08 0.0058416906 3.4011425e-06 4.990633e-08 6.6738597e-09 0.00056556705 8.09962e-09 3.9624115e-06 9.1981644e-07 0.0018843915 1.1363774e-08 0.004183435 1.6372686e-06 5.9539083e-08 2.3645805e-09
0.98999685 0.9457076 0.32271388 0.11145262 0.6958483 0.23150177 0.014106099 1.4333181e-13 0.029207008 0.03298508 0.45663247 0.049028084 0.98045194 0.9679432 0.0003373917 0.8540756 3.024172e-05 0.000106271924 0.0052261185 1.2596656e-06 0.23685075 3.5712106e-05 0.029307963 0.7040297 0.002291257 2.9543398e-07 0.01741404 0.026560428 2.2929771e-06 7.834162e-05 0.0006615233 2.444958e-07 0.018496428 2.2260778e-08 0.12872398 2.447307e-07 6.1963775e-08 1.1105018e-05 0.0037603476 0.012794597 9.7737576e-08 0.0012957817 0.055476654 4.427492e-05 0.0009333602 1.0542741e-06 0.0011557512 5.977095e-05 0.0010024108 1.5216267e-09 0.00034670436 2.1663195e-07 2.9020617e-07 1.186323e-07 4.6265637e-08 4.6416158e-08 7.37738e-08 0.00018710842 0.01421359 4.991792e-09 1.37690375e-08 3.2035516e-09 7.8916655e-06 4.131517e-06 0.0183377 3.258626e-06 7.7183255e-09 3.495124e-05 4.5051195e-08 3.1945612e-07 4.4940762e-07 2.8078766e-08 0.00082930224 4.2159655e-08 1.1852561e-06 2.6500098e-08 5.9594953e-05 5.0843084e-07 0.00012607413 8.2327265e-09 2.0548583e-08 1.02377115e-07 1.16510726e-07 5.7179403e-07 3.1981198e-08 1.1905415e-07 6.4669202e-06 0.0013333617 3.222578e-07 3.2561378e-08 1.6999272e-09 0.00011768324 4.8208676e-08 2.9770126e-06 1.6507245e-07 0.0030351123 5.5619132e-08 0.0016502021 7.054798e-05 5.1076963e-08 2.5534915e-08
0.8818464 0.0668846 0.07675282 0.5419758 0.9495826 0.82312465 0.9869362 0.029207008 2.2499776e-16 0.98865426 0.79087454 0.10986649 0.00015366465 0.004399305 0.49062705 0.12615995 0.00588462 0.08288271 0.12902701 0.0012310208 5.1292627e-06 0.0026316682 0.3572013 0.108890764 0.037182305 0.00032181447 0.104427665 0.018556345 0.0023422777 0.03274057 0.024232065 3.921161e-05 1.5696298e-06 4.491328e-06 0.014588401 1.7790859e-05 3.489753e-06 0.009012698 0.005429739 0.0027617468 2.8379015e-06 0.0104290815 0.003418904 0.0015340752 0.0024148542 5.875664e-05 0.00016740299 3.645373e-08 0.00096564094 1.2293985e-07 0.0005929653 7.736038e-06 2.3522802e-05 1.2983892e-06 3.230324e-06 1.3677224e-07 1.3780027e-07 0.0004275124 0.0011017495 3.6051665e-07 3.572202e-07 1.4185834e-08 3.874517e-05 0.00062130444 0.0040273196 2.171915e-05 3.778317e-08 3.46265e-05 7.64287e-08 4.939823e-05 3.623577e-05 2.054252e-07 0.00023595092 9.128981e-08 4.5652505e-06 1.0369857e-07 4.6601228e-05 3.865386e-07 0.00037837136 8.184255e-09 2.763816e-07 8.17923e-07 9.76533e-09 1.0263755e-07 3.4044179e-09 5.9161444e-08 1.1716373e-06 0.0004409134 6.094825e-07 6.142167e-08 1.8679533e-08 1.691302e-05 1.33707845e-08 9.817702e-08 1.4703336e-06 0.00030636758 1.8922698e-08 0.00089222944 4.276738e-06 2.4318783e-08 5.4011617e-09
0.9447075 0.021144964 0.040719725 0.073994 0.80757177 0.6022735 0.7000772 0.03298508 0.98865426 4.306837e-14 0.9913788 0.049545314 7.823866e-05 0.00503074 0.62748206 0.22155151 0.0029989441 0.03291474 0.059319414 0.00051526685 2.623456e-06 0.0014236256 0.61156553 0.07340057 0.025472665 0.000112041576 0.37905106 0.066638105 0.0010643853 0.18047933 0.08819563 8.368465e-06 6.151723e-06 3.3036648e-07 0.0055733058 1.6903798e-05 5.398212e-07 0.05487249 0.0029446776 0.0022365465 2.3628223e-07 0.21023534 0.004290256 0.001168881 0.0014228658 3.7353548e-05 0.0010163474 3.0020087e-07 0.00032716081 3.856256e-08 0.017345719 1.8383921e-06 2.5755664e-06 4.3639326e-07 4.788963e-07 5.1243827e-08 3.577326e-07 0.00013768882 0.0012277515 2.9560613e-07 6.053069e-08 3.989387e-09 4.389959e-05 0.03326814 0.092524216 9.571938e-06 1.06456376e-07 0.00020714333 1.04432125e-08 0.00012016111 0.0005442897 2.7423456e-08 0.0041465787 5.168969e-08 0.00012064683 4.512119e-08 2.3634559e-05 1.2492437e-05 0.00021855696 1.9456927e-09 6.0254786e-07 6.092062e-06 1.6290125e-08 2.2340915e-08 5.911595e-09 3.6049997e-08 5.4391267e-06 0.00032736835 8.279813e-07 1.2778245e-06 3.9371832e-07 4.0584186e-05 2.3589283e-08 2.8335893e-07 9.521212e-07 0.000457877 1.0277658e-08 0.0016070887 2.115379e-06 1.8508416e-08 3.738672e-09
0.90328556 0.02073158 0.008311015 0.027100325 0.82664424 0.25970557 0.48318213 0.45663247 0.79087454 0.9913788 1.9312914e-13 0.010850131 0.0011397873 0.022522481 0.84187776 0.59238744 0.0037016342 0.13002189 0.016682465 0.0032284702 8.9812085e-05 0.0024420395 0.9866815 0.014433973 0.008148051 0.00030068553 0.71755064 0.37695894 0.00066247536 0.50788873 0.4456444 0.00015080062 5.914348e-05 2.7200654e-06 0.0033862873 0.0001286878 6.8819e-06 0.0555399 0.0019636662 0.0018037881 1.5176449e-06 0.31623915 0.002804886 0.0007711149 0.001019375 5.379357e-05 0.00751401 3.0598576e-07 0.00024740558 4.9430483e-08 0.01706751 5.586734e-06 5.1103475e-06 4.4410282e-07 1.6752309e-06 2.0935543e-07 7.177967e-07 0.00013592813 0.0005213442 4.0034206e-07 5.878797e-07 1.5243813e-08 0.0001192905 0.013121968 0.07333079 7.938366e-06 3.9920704e-07 0.00083707523 6.084751e-08 0.0003738762 0.00049545924 8.085408e-08 0.0015759651 3.2978917e-07 0.0006951129 2.8833165e-07 5.7232115e-05 2.2610744e-05 9.574754e-05 6.139473e-08 5.771884e-07 0.00010712218 7.6445176e-08 1.0911045e-06 9.9791535e-09 2.804383e-07 3.7303546e-06 0.00020099647 6.1443e-06 6.5620253e-07 1.499665e-06 9.813537e-06 2.070967e-08 4.0224637e-07 1.0505966e-06 0.00037101159 4.987103e-08 0.00047656393 1.6289745e-05 1.9768628e-07 4.7737267e-08
0.95752203 0.2955767 0.98149836 0.58485454 0.16882958 0.977245 0.8195439 0.049028084 0.10986649 0.049545314 0.010850131 5.736031e-14 0.007567843 0.008068544 0.009537812 0.012341987 0.3353399 0.07833492 0.9432714 0.0010903935 0.0005048027 0.56255805 0.012448161 0.96069235 0.56853694 0.007177838 0.004824033 0.0016133516 0.14742662 0.002332087 0.0012374611 0.00022215713 9.257064e-05 9.132199e-05 0.5483091 1.0822217e-05 1.2163117e-05 0.00016117285 0.27783963 0.22361232 0.00037526272 0.000118152515 0.19652246 0.0032790361 0.03316154 0.00039569967 8.9715526e-05 1.5687693e-06 0.029681522 8.247002e-08 7.2009743e-06 9.379081e-05 1.1057672e-05 4.555617e-06 2.5114627e-05 1.7399545e-07 1.8315889e-07 0.013110304 0.12483906 1.1367547e-06 1.4874157e-06 2.7756878e-08 0.0008959207 3.944369e-05 0.0007402089 0.00030622093 2.3380314e-07 5.344664e-06 5.219822e-07 5.960296e-07 1.7952268e-06 3.9494672e-08 0.0008226814 1.6749792e-07 7.80366e-06 1.6011337e-07 0.0010366645 2.6392054e-06 0.0002819606 1.0575204e-08 2.0219566e-05 9.7921984e-05 1.3791682e-06 3.1325442e-06 5.5187563e-08 3.5966483e-08 5.748883e-07 0.018143762 4.0713097e-08 1.1673935e-06 1.0723255e-08 0.00016388294 2.1845223e-07 3.833927e-05 4.2132733e-06 0.0056961216 1.6028111e-09 0.004740326 1.945798e-06 3.5202697e-07 2.2125017e-09
0.9694373 0.22097568 0.082651086 0.008444435 0.071883686 0.024713997 0.00033761587 0.98045194 0.00015366465 7.823866e-05 0.0011397873 0.007567843 1.6959896e-16 0.97249734 4.247833e-06 0.16207701 4.4666365e-07 3.9764823e-06 0.0005258379 8.621905e-08 0.99013954 1.0942202e-06 0.00021280783 0.66786766 4.399393e-05 1.5250794e-08 0.00021419114 0.00403256 1.6506553e-07 4.9496646e-07 7.188397e-06 3.5248565e-08 0.017856797 9.630326e-08 0.11622563 1.7206791e-07 1.5266624e-08 4.778917e-07 0.0006446367 0.004200374 4.3158046e-08 1.6447832e-05 0.020823576 6.470264e-06 0.00019025244 2.1187448e-06 0.00015308266 0.002260681 0.00033044102 1.4968887e-08 3.567919e-05 6.2870663e-07 3.1860299e-07 4.022281e-08 5.3630398e-08 4.124917e-07 7.963928e-08 0.00010375183 0.031466402 3.2262952e-09 1.517836e-08 1.118224e-08 4.6379255e-06 2.3391653e-06 0.0021389925 7.4352806e-07 5.8283205e-09 8.845261e-06 2.725487e-08 3.0948179e-06 2.1322863e-07 3.8733287e-08 0.00021299136 2.5295062e-08 5.6428668e-08 2.4530657e-08 5.3727404e-06 2.4115455e-08 3.221513e-06 1.424793e-08 7.1898704e-08 5.658232e-09 9.478978e-08 3.3091388e-07 1.0549414e-09 1.7454333e-08 2.482149e-07 0.004614233 2.6417535e-08 2.1949154e-09 2.615355e-10 3.578558e-05 7.852831e-09 2.39523e-07 7.5350634e-08 0.008520512 2.1340794e-08 0.0010616601 1.0314028e-06 5.973347e-08 7.2903106e-10
0.47608528 0.3161252 0.055740155 0.028305283 0.43573833 0.046740133 0.006506587 0.9679432 0.004399305 0.00503074 0.022522481 0.008068544 0.97249734 2.7889637e-13 0.00019950971 0.99681354 3.193267e-05 0.00013155298 0.0013848257 1.7155123e-06 0.9645581 1.2404467e-05 0.004503179 0.10480052 0.00025765272 1.894285e-06 0.008871162 0.08969613 8.964082e-06 0.00010301829 0.0006358087 1.487732e-06 0.14255199 2.5297388e-07 0.011832374 7.721543e-07 1.2404988e-07 4.5214863e-05 0.0007707885 0.0037253138 7.620478e-07 0.0011568677 0.0045532137 0.0001216651 0.0007592431 4.5621542e-05 0.10395896 0.00017872002 0.00020523793 6.491358e-08 0.0002829044 6.105585e-06 9.460777e-07 1.2671266e-07 1.8465583e-07 6.451526e-08 4.5687912e-08 0.00023695167 0.0007888223 9.589983e-08 3.8070198e-07 2.2966622e-08 1.3311389e-05 2.0912297e-05 0.24126825 5.0225854e-06 8.9104866e-08 2.0508482e-05 4.3811443e-08 4.4402727e-06 6.541846e-06 1.6052128e-07 0.0003974826 1.35199345e-08 2.4962663e-05 1.5710187e-07 4.6662466e-05 3.3108922e-06 0.00010913054 1.5074403e-07 1.2155713e-06 2.9367964e-09 1.4028674e-07 1.4823708e-07 3.6499998e-08 1.6176444e-06 0.00016466767 0.00040197722 6.8877597e-07 2.971182e-09 2.529237e-07 7.582486e-05 1.4071445e-07 8.6962096e-08 3.4035511e-07 0.0008488771 1.1065326e-06 0.00085037167 5.6785993e-06 1.9821819e-06 8.30704e-08
0.9789474 4.404645e-05 0.0011813826 0.0043496196 0.008532465 0.08781093 0.51989055 0.0003373917 0.49062705 0.62748206 0.84187776 0.009537812 4.247833e-06 0.00019950971 2.7039965e-17 0.0029523105 0.24849866 0.95134425 0.063294336 0.49425036 6.150823e-07 0.12176316 0.7233444 0.002428656 0.041721825 0.045941107 0.17617053 0.013239257 0.0376564 0.96302384 0.8824268 0.0040412745 6.908169e-08 0.0005079913 0.0011463339 0.03241839 0.0010418355 0.9382748 0.003704788 0.0010184232 8.8295725e-05 0.6997434 0.0019857942 0.017506907 0.007569222 0.0018687402 0.0002948973 1.4542467e-09 0.0020554222 7.469598e-06 0.043875948 2.7648337e-05 0.0010041153 3.4111247e-06 3.437113e-05 1.668586e-05 4.156064e-05 0.00020115467 0.0013980302 0.0005707399 2.8283234e-06 1.2380475e-07 0.00159952 0.23181768 0.0013879294 0.00013483485 1.2949391e-06 0.05032858 1.3502637e-07 0.1703821 0.030804848 1.6412419e-07 0.012598417 5.8487444e-07 0.0086895 5.602749e-07 0.0007627827 0.00012898685 0.0007676795 6.3386733e-07 3.690483e-06 0.0037616407 4.963935e-07 5.5339694e-07 9.033147e-08 4.9264844e-07 8.620414e-07 0.00015305492 0.00023817373 1.0194679e-05 3.26887e-06 0.00018364855 2.7767786e-08 2.1155547e-06 7.4737705e-05 0.00023801229 3.0911274e-08 0.00095893117 2.4124072e-05 6.1153486e-07 5.259901e-08
0.8262858 0.6596224 0.14591224 0.067826964 0.75152904 0.29188353 0.057200346 0.8540756 0.12615995 0.22155151 0.59238744 0.012341987 0.16207701 0.99681354 0.0029523105 7.163457e-18 4.431588e-06 7.186879e-05 0.0018389745 5.3781827e-07 0.48760685 7.257445e-06 0.39756522 0.11857284 0.0015584164 1.0867781e-06 0.5581736 0.9675579 2.4600207e-05 0.0019935423 0.010830302 1.2364157e-07 0.27866286 7.019577e-09 0.019190717 4.5363937e-08 1.7646062e-09 0.00013810926 0.0007039079 0.002844064 2.6431898e-08 0.010238384 0.011601138 4.8646107e-05 0.000108157845 3.7944857e-05 0.93893415 0.0003187241 4.1513144e-05 1.4612506e-09 0.003481707 5.190427e-08 2.8020986e-06 1.4456412e-08 2.6461677e-07 3.6877648e-09 1.0859155e-09 0.000101057914 0.0004128654 2.0063036e-09 1.43930485e-08 3.9394568e-10 2.5839881e-06 2.8866481e-05 0.5625816 6.671805e-07 3.1268592e-09 2.761188e-06 1.6558834e-09 2.2954844e-06 1.7357996e-05 3.4892422e-09 0.0031991086 1.9298362e-10 1.5947015e-05 4.903914e-09 2.3591681e-05 3.0075203e-06 9.192008e-05 5.0797205e-10 3.613617e-09 9.626961e-09 2.6473965e-09 4.0206456e-09 5.1752407e-09 6.0894884e-08 0.0008285339 0.0001571688 1.9849219e-07 6.943287e-10 2.1816336e-06 1.9603895e-06 1.8678893e-08 7.006094e-09 1.4716029e-08 0.00029105306 8.026064e-09 0.0010668838 5.1502706e-08 7.085385e-08 2.0541235e-10
0.8804546 8.536527e-05 0.0010201283 0.0006516324 0.003412301 0.007936445 0.1321458 3.024172e-05 0.00588462 0.0029989441 0.0037016342 0.3353399 4.4666365e-07 3.193267e-05 0.24849866 4.431588e-06 1.1790654e-12 0.97374165 0.15058902 0.9029926 1.272416e-07 0.99162793 0.0019303695 0.0011724076 0.018594002 0.9254092 0.00025954502 2.2151895e-05 0.5572692 0.04041087 0.012897695 0.8824921 1.544305e-08 0.4653041 0.00061639416 0.25321713 0.24213706 0.11849879 0.0025613976 0.00094341085 0.18339789 0.0021968153 0.00040737144 0.100444816 0.008505934 0.020466661 2.241886e-08 5.8310476e-08 0.0054058144 0.031521317 3.781807e-06 0.0003455429 0.0052701873 0.0002783646 0.0006788543 0.0022107314 0.00042151407 0.0011070911 0.0006926625 0.008148839 0.00021596227 0.0003413966 0.0019038451 0.0126039805 5.820822e-07 0.0006181437 0.0003170014 0.0006256978 3.383403e-05 0.064860545 0.0007481719 5.828616e-05 2.292388e-05 6.528198e-06 0.0015112967 2.1457112e-05 0.0019574706 1.9059113e-06 0.0019723324 9.762314e-07 1.5183537e-05 0.017990861 5.9552457e-07 3.1375491e-06 9.593912e-07 4.0446784e-07 1.354275e-06 0.00074683694 0.00015534661 0.0008699048 4.4834837e-06 0.00064380234 3.417547e-07 0.00012376362 0.00036466983 0.00062077463 9.0723944e-08 0.0037448893 2.202464e-05 9.840072e-07 4.3877066e-09
0.8009513 8.672247e-05 0.0065419157 0.014305852 0.01241006 0.05470676 0.3785066 0.000106271924 0.08288271 0.03291474 0.13002189 0.07833492 3.9764823e-06 0.00013155298 0.95134425 7.186879e-05 0.97374165 4.422874e-15 0.33128086 0.99894375 1.9761005e-06 0.4377036 0.006112909 0.004397103 0.03953749 0.45828813 0.00100083 3.7414015e-05 0.20921457 0.49574107 0.20250392 0.34671062 8.310732e-08 0.017909145 0.0016210754 0.41143042 0.017164435 0.65604424 0.003464122 0.0014266007 0.00040328965 0.02412729 0.0014580401 0.03727972 0.007241112 0.0049819034 2.5271263e-06 2.7592528e-10 0.003085488 2.4673676e-05 0.0002445188 0.00011087182 0.0013134632 1.4390448e-05 9.957565e-05 3.980546e-06 5.554746e-06 0.0003355991 0.00084348966 0.00039760466 1.00768775e-05 3.9374234e-07 0.0013544367 0.10969596 4.4455157e-07 0.00018813387 1.2788216e-06 0.014178998 1.6338318e-07 0.46909857 0.0021904733 6.943334e-08 0.00023845237 1.7262035e-07 0.012473117 2.3037959e-08 0.00031028892 9.269559e-06 0.00079299306 2.449467e-07 4.0884046e-05 0.09270876 1.1904298e-06 6.6014564e-07 3.1920685e-08 1.2843516e-07 7.381345e-09 0.0013048901 6.854904e-05 0.000282305 1.0079967e-06 0.0001465318 6.018564e-09 8.5738276e-07 0.00018105085 0.00032814825 1.1639867e-07 0.0010942145 3.7663856e-05 1.0248496e-07 8.2280645e-09
0.810927 0.031611316 0.116993815 0.18096502 0.095629685 0.85370994 0.8636005 0.0052261185 0.12902701 0.059319414 0.016682465 0.9432714 0.0005258379 0.0013848257 0.063294336 0.0018389745 0.15058902 0.33128086 1.2637387e-13 0.019475183 1.1257211e-05 0.6398111 0.012329793 0.7703661 0.99784875 0.057972148 0.0026546707 7.892339e-05 0.8902107 0.027782526 0.006989871 0.0075276564 1.9564234e-07 0.0050207037 0.23936278 0.00026114596 0.00077473675 0.0048231427 0.6044678 0.14452913 0.04182659 0.0025379732 0.014492442 0.34963253 0.35625556 0.11183854 1.4855318e-06 2.0378818e-06 0.055841565 0.00020331184 0.00022074828 0.008750641 0.0020297493 0.0010612179 0.000645691 3.1192963e-06 1.4002731e-05 0.013965952 0.0537014 4.2317165e-06 0.00018006265 3.639442e-05 0.013679893 0.0022829315 0.0017046843 0.003288964 2.4581677e-05 0.00012546756 0.00012844478 0.0012645555 0.0007831286 1.9832361e-05 0.0024335794 2.779594e-05 3.967352e-05 6.131443e-05 0.0066997386 1.4175103e-05 0.004210566 1.8275001e-06 0.0014758778 0.00028543067 3.2492205e-06 2.8009777e-05 4.4446538e-06 2.3762104e-06 1.5691907e-05 0.009947496 4.430134e-06 1.3783274e-05 5.6943395e-07 0.00088650105 4.060008e-06 0.000141758 3.472483e-06 0.0026123775 9.9468e-07 0.014555083 1.1440342e-05 2.17679e-07 1.0976231e-08
0.792193 5.145141e-06 0.00010235101 0.0001170926 0.000109134184 0.00029107332 0.0057282294 1.2596656e-06 0.0012310208 0.00051526685 0.0032284702 0.0010903935 8.621905e-08 1.7155123e-06 0.49425036 5.3781827e-07 0.9029926 0.99894375 0.019475183 2.0364727e-16 6.982645e-08 0.2396425 0.00038756625 0.00011177646 0.0019628676 0.34297338 5.7528487e-05 8.8840767e-07 0.09743803 0.2529568 0.047060404 0.805646 7.452503e-09 0.03947281 0.00010749294 0.97637105 0.13251613 0.54993784 0.00031784992 0.00015894277 0.003486417 0.0062186965 0.00010035385 0.027072387 0.0019986127 0.0034259437 3.425367e-08 2.9494355e-11 0.000850248 0.0005338009 3.38823e-05 8.21831e-05 0.0016889483 3.8760583e-05 0.00013812019 0.00012349091 0.00021739099 0.00017611693 7.685303e-05 0.066069335 5.6082066e-05 1.00581165e-05 0.00062549696 0.059267383 7.662385e-08 0.00019361706 3.9547842e-05 0.005713959 1.6156642e-05 0.5007806 0.00086031965 2.6920767e-05 0.00027373343 8.839282e-06 0.027056223 6.663859e-06 0.00048920064 4.8026136e-06 0.00053570955 9.567214e-07 2.7953365e-05 0.17829481 2.2701934e-06 1.0543012e-06 6.556501e-07 7.806149e-07 1.3866017e-07 0.00014934482 0.00059639104 0.0023989186 2.8249875e-07 0.00032735776 4.959622e-08 4.695206e-06 0.00033113064 4.3616903e-05 1.6547675e-07 0.0002976567 5.2128875e-05 3.5701603e-06 4.0847503e-08
0.6029821 0.011761295 0.002739583 0.00074103207 0.0034122553 0.0011271493 1.4149065e-05 0.23685075 5.1292627e-06 2.623456e-06 8.9812085e-05 0.0005048027 0.99013954 0.9645581 6.150823e-07 0.48760685 1.272416e-07 1.9761005e-06 1.1257211e-05 6.982645e-08 1.1463045e-15 1.2950571e-07 1.1736308e-05 0.06352199 1.9925861e-07 3.402304e-08 2.8376433e-05 0.008417572 4.0343906e-08 1.0694705e-07 3.508768e-06 4.532969e-08 0.99951035 1.6926961e-07 0.010025987 1.2057004e-07 5.308369e-08 4.8465375e-07 9.289418e-06 0.0002799855 2.742517e-07 1.0906281e-06 0.0012738999 1.0290825e-07 5.562364e-06 7.8671825e-08 4.8570084e-05 0.21894632 4.6252226e-06 2.2006132e-08 7.87047e-06 8.470008e-08 2.1360991e-08 4.1934623e-08 1.7126359e-09 3.2136022e-08 2.4824173e-08 8.5239935e-06 0.0029719775 1.2483068e-08 3.774838e-08 9.425505e-08 1.3147276e-07 1.328095e-06 0.0014428996 1.395249e-07 2.3403177e-07 1.699832e-05 1.10759e-07 3.1667955e-06 1.4138523e-06 2.0498803e-07 0.0001233511 1.009623e-07 2.221446e-08 1.0426022e-07 9.8607906e-08 4.3311672e-08 7.322409e-07 1.4590818e-08 4.118419e-09 1.8877697e-09 1.1421576e-08 1.4184594e-07 2.0459017e-09 4.066273e-08 4.552501e-07 0.00033903247 2.1565393e-08 3.7126566e-09 2.984928e-09 6.5949594e-06 1.8526956e-08 7.6586446e-08 6.847106e-08 0.001016315 4.6304276e-09 9.787083e-05 2.2784299e-07 3.8134075e-07 2.9006004e-09
0.9724752 2.4085542e-05 0.00071065984 0.0007760671 0.0012398112 0.0051644393 0.043513175 3.5712106e-05 0.0026316682 0.0014236256 0.0024420395 0.56255805 1.0942202e-06 1.2404467e-05 0.12176316 7.257445e-06 0.99162793 0.4377036 0.6398111 0.2396425 1.2950571e-07 2.3878214e-13 0.0013504673 0.0037172846 0.16232234 0.90624577 0.00014383432 1.3016487e-06 0.9705872 0.07443354 0.018648313 0.17350608 9.0490193e-10 0.25056508 0.001407711 0.040288646 0.018610293 0.17825359 0.014684587 0.0027209779 0.27398938 0.019298933 0.00069418544 0.6542814 0.0578972 0.0846052 2.3566708e-08 2.0318485e-08 0.023817668 0.020821739 2.9513603e-05 0.0021240525 0.019824602 0.0012879093 0.0004452626 0.00035973656 0.00030305423 0.008998108 0.002750783 0.002949285 0.00018096835 0.0005111615 0.016186517 0.09509179 2.143455e-07 0.003265184 0.00019751358 0.0025311846 5.4722204e-05 0.13018574 0.007770247 4.0736115e-05 3.62965e-05 2.6195998e-05 0.010386758 3.445853e-05 0.004147585 1.6212842e-05 0.007931716 1.2233246e-06 0.000255744 0.019454753 5.5040814e-06 1.1967295e-05 1.1922407e-06 1.1086833e-06 1.2427041e-06 0.0050803344 0.00024366562 0.00057960587 1.2175883e-05 0.0019429869 1.9679103e-06 0.00031144364 8.0629594e-05 0.0026121023 1.4583843e-07 0.016601468 3.9133865e-05 1.2251879e-06 6.934586e-08
0.9410844 0.04602659 0.01029203 0.027866159 0.25218135 0.3848237 0.3478616 0.029307963 0.3572013 0.61156553 0.9866815 0.012448161 0.00021280783 0.004503179 0.7233444 0.39756522 0.0019303695 0.006112909 0.012329793 0.00038756625 1.1736308e-05 0.0013504673 3.0655145e-17 0.056924716 0.008662362 5.612996e-05 0.99217653 0.8398791 0.0003396326 0.4213524 0.75614625 5.654384e-06 4.876418e-05 1.0673737e-07 0.00645703 3.8183898e-05 6.6587035e-07 0.042900465 0.003021357 0.0038594834 7.395173e-08 0.6939009 0.004690033 0.0005120021 0.0007336215 9.5901894e-05 0.04079142 1.9550414e-07 0.00014818132 6.8889157e-09 0.29927287 1.8898587e-06 9.054278e-06 1.541141e-07 2.6474777e-07 3.4991672e-08 5.5209017e-07 3.700617e-05 0.00026675593 9.1021764e-07 2.6348797e-08 1.4193892e-09 3.004621e-05 0.017066216 0.37180546 1.5486305e-06 1.6133191e-07 0.003693182 8.430565e-09 5.5707227e-05 0.0035600082 1.3351952e-08 0.06283327 2.2955588e-08 0.00038552197 3.6019205e-08 4.81006e-05 1.278137e-05 7.340834e-05 1.7749626e-09 8.218967e-09 1.0328065e-06 3.0927787e-08 1.054353e-07 1.1712156e-09 1.1934128e-07 1.6954427e-05 0.00021728383 1.3140087e-06 5.5439187e-08 4.287419e-07 2.1232836e-06 1.544036e-09 2.254493e-08 2.7019519e-08 0.00015694129 2.2958522e-08 0.00037779895 6.024792e-06 1.136061e-08 1.0704882e-08
0.9718066 0.5855903 0.92173034 0.22598833 0.16230004 0.7721026 0.33253917 0.7040297 0.108890764 0.07340057 0.014433973 0.96069235 0.66786766 0.10480052 0.002428656 0.11857284 0.0011724076 0.004397103 0.7703661 0.00011177646 0.06352199 0.0037172846 0.056924716 1.2588442e-15 0.7175121 1.2548258e-05 0.026837101 0.004304508 0.01702051 0.0021001785 0.0007911205 0.00014790164 0.00092354027 3.3501776e-05 0.9830682 6.381316e-06 1.8595339e-06 0.0021666905 0.30140978 0.29243577 1.403445e-06 0.0019075433 0.19285199 0.0041745375 0.009682645 7.6444994e-05 0.00013427471 0.00028807894 0.0048639085 2.3950438e-06 0.0013140665 2.1152962e-06 2.8429047e-06 3.538094e-07 1.9099762e-06 2.2026647e-06 8.646964e-06 0.0032105239 0.22728322 3.7338643e-06 1.4625279e-07 8.262369e-06 0.0004413452 0.00059475756 0.057233576 3.0873493e-05 2.8926617e-05 6.8219044e-05 3.6936817e-07 0.0015870051 4.686013e-06 2.4859405e-06 0.003802887 7.752858e-07 0.00010792373 3.9383661e-07 0.00024353695 2.3229693e-05 0.00023460556 4.7532023e-08 4.392857e-07 0.0006039528 7.579973e-06 1.5134356e-05 1.6909738e-08 2.9999592e-07 1.8766357e-05 0.011744858 4.7713394e-05 2.39474e-06 1.1249081e-06 3.280839e-05 3.8536463e-08 6.8052077e-06 1.5267019e-06 0.0071480335 9.680884e-07 0.004339659 3.2775354e-06 5.006013e-07 5.2670055e-09
0.9868773 0.013933471 0.07842064 0.020918269 0.010071791 0.4751192 0.5000098 0.002291257 0.037182305 0.025472665 0.008148051 0.56853694 4.399393e-05 0.00025765272 0.041721825 0.0015584164 0.018594002 0.03953749 0.99784875 0.0019628676 1.9925861e-07 0.16232234 0.008662362 0.7175121 4.4325357e-15 0.0041145235 0.001584021 0.00021142456 0.7261541 0.018747805 0.005398648 0.0005131242 2.0157744e-07 0.0002579812 0.6313747 4.4071574e-05 1.9396459e-05 0.010438151 0.91289216 0.3251791 0.001349866 0.004969987 0.10566334 0.5713725 0.68006533 0.039958477 1.315859e-05 1.8972752e-08 0.3179011 1.667579e-05 0.0007806921 0.00034258424 0.0014674171 3.6589376e-05 9.7333184e-05 1.2917063e-06 1.179647e-06 0.073351644 0.20936473 1.1031347e-06 1.4000062e-05 3.5796327e-07 0.04173555 0.0018344849 0.0031077992 0.0053431275 8.8297236e-07 0.00010198252 4.5610254e-06 0.00064280233 0.00011694071 7.354196e-07 0.002351696 6.212037e-07 3.235857e-05 1.317702e-06 0.0033881627 1.4441199e-06 0.006804582 3.9211244e-08 6.166364e-05 8.1923296e-05 1.7833963e-06 2.8925579e-06 1.223191e-07 4.7794938e-08 6.0222583e-06 0.05571195 3.645086e-07 6.2270726e-07 7.4188236e-08 0.0011067222 9.0699325e-07 0.0001259686 4.028954e-06 0.02647544 6.4351773e-09 0.063074864 7.653395e-06 2.0832841e-08 1.4925601e-09
0.97784513 4.1912853e-07 2.9089197e-05 2.974704e-05 1.980896e-05 0.00019494497 0.00088969694 2.9543398e-07 0.00032181447 0.000112041576 0.00030068553 0.007177838 1.5250794e-08 1.894285e-06 0.045941107 1.0867781e-06 0.9254092 0.45828813 0.057972148 0.34297338 3.402304e-08 0.90624577 5.612996e-05 1.2548258e-05 0.0041145235 8.635203e-12 3.0690753e-05 1.6431524e-07 0.9225041 0.023696452 0.0062395423 0.9191961 6.6979737e-09 0.9762155 2.8968245e-05 0.53611916 0.5776822 0.11676395 0.000911382 0.00041113616 0.82697964 0.0014740606 8.409928e-05 0.7040984 0.011353252 0.32296097 1.19224515e-08 1.4249751e-08 0.0058107446 0.48022735 6.3212547e-06 0.005821186 0.1352976 0.0061939205 0.0043382477 0.027039204 0.010958823 0.000854959 0.00019303316 0.13920596 0.004579945 0.058512352 0.01337395 0.052744046 9.438531e-08 0.0035846378 0.0054094708 0.00041471186 0.00037085486 0.1648838 0.000146379 0.0025732575 6.079459e-05 0.000257321 0.0050243223 0.00078526646 0.0037263052 6.4678698e-06 0.0042849993 6.589131e-06 0.00071828294 0.04977719 4.280278e-05 6.6125016e-05 2.1499716e-05 3.651859e-06 3.92114e-06 0.00091813866 0.00037537815 0.0043418505 1.1679961e-06 0.0026464695 4.306228e-05 0.0003722563 0.015495919 0.0005852327 2.0947139e-06 0.007845662 8.937863e-05 0.00021754112 1.6692894e-07
0.872783 0.010298589 0.0025920689 0.0075582964 0.03930525 0.15895377 0.06798184 0.01741404 0.104427665 0.37905106 0.71755064 0.004824033 0.00021419114 0.008871162 0.17617053 0.5581736 0.00025954502 0.00100083 0.0026546707 5.7528487e-05 2.8376433e-05 0.00014383432 0.99217653 0.026837101 0.001584021 3.0690753e-05 9.95102e-17 0.9943098 7.374296e-05 0.29321337 0.80307364 9.35279e-06 0.00043589436 8.053302e-08 0.0045450297 4.5263834e-05 5.147175e-07 0.026059026 0.0017296807 0.002389566 8.703926e-08 0.74768895 0.0037339926 0.00033995387 0.001088984 4.407553e-05 0.44763446 2.965317e-07 0.00017027013 2.7233408e-08 0.4628953 6.427146e-06 3.4961806e-05 5.1871393e-07 1.1578494e-06 1.5044508e-08 1.1595173e-07 6.861359e-05 0.00034991576 1.6514449e-06 8.1726097e-07 2.99836e-09 3.084889e-05 0.006266747 0.77512413 3.2986543e-06 2.0488483e-07 0.0047078347 4.3742972e-08 0.00013341517 0.009960576 1.0237492e-08 0.15409507 4.5557886e-07 0.0030636657 2.5504637e-08 0.00039397323 0.00022549255 0.00010224965 7.989701e-08 3.5425305e-07 1.7285476e-05 1.0253442e-07 1.8521341e-06 1.2787502e-09 3.5503842e-07 0.0002411134 0.00047254586 7.182342e-07 4.2468933e-08 1.6314494e-05 0.00023912983 2.6097114e-08 2.9908964e-08 7.414551e-08 0.00049114454 2.730856e-07 0.001904942 6.49595e-07 4.9018784e-08 1.8462887e-07
0.203655 0.01563313 0.0022676047 0.0021812397 0.0501456 0.02988384 0.016593758 0.026560428 0.018556345 0.066638105 0.37695894 0.0016133516 0.00403256 0.08969613 0.013239257 0.9675579 2.2151895e-05 3.7414015e-05 7.892339e-05 8.8840767e-07 0.008417572 1.3016487e-06 0.8398791 0.004304508 0.00021142456 1.6431524e-07 0.9943098 1.7972554e-17 8.931245e-08 0.0098306835 0.12479198 1.5554681e-07 0.014372745 1.1070502e-09 0.0021651732 3.2458337e-07 2.4718105e-08 0.0019947833 0.00017756814 0.00016534574 1.6749169e-09 0.4279671 0.0010648415 4.5395795e-06 7.0031165e-05 3.540234e-07 0.9866205 0.0024498296 1.65892e-05 9.1103995e-09 0.25829962 6.261277e-09 8.49379e-08 3.587472e-09 2.5311697e-09 1.01068425e-08 2.664622e-08 2.0205436e-05 2.5001833e-05 3.1424256e-07 3.959935e-09 6.6242184e-10 9.454427e-07 0.0010959423 0.5750922 7.1878276e-08 1.4074104e-07 0.0018944098 1.3324901e-09 3.30206e-06 0.000979106 5.9261813e-09 0.050101466 6.6933e-09 0.0002874184 2.836178e-08 8.639743e-06 8.711588e-05 1.550245e-05 1.4340237e-09 2.042128e-09 1.4501613e-07 5.6460264e-10 1.3586502e-08 8.8897126e-11 1.3168588e-08 0.0014530014 0.00010124361 8.307955e-09 4.2575216e-10 1.4074103e-05 3.364186e-06 8.703192e-09 1.8215899e-09 7.0254305e-09 2.6129754e-05 1.5215898e-08 0.00011314605 4.9212325e-08 4.907868e-07 2.7153104e-09
0.96588224 7.855016e-06 0.00032133944 0.00030522322 0.00047907155 0.010758536 0.06346916 2.2929771e-06 0.0023422777 0.0010643853 0.00066247536 0.14742662 1.6506553e-07 8.964082e-06 0.0376564 2.4600207e-05 0.5572692 0.20921457 0.8902107 0.09743803 4.0343906e-08 0.9705872 0.0003396326 0.01702051 0.7261541 0.9225041 7.374296e-05 8.931245e-08 2.3414837e-14 0.024999242 0.0045865797 0.109189145 8.2073237e-10 0.2522447 0.0003525153 0.010237055 0.018915912 0.077377394 0.02197391 0.0022798986 0.5462549 0.0033106103 0.0002550673 0.9665917 0.17227197 0.8515755 1.1014406e-07 1.04738376e-07 0.09734107 0.032244362 3.064209e-05 0.30627862 0.06719561 0.03624308 0.012058046 0.0004937423 0.00019526444 0.02974414 0.005206324 0.0013007825 0.002967211 0.013905873 0.089203045 0.095221035 1.8728622e-06 0.019388074 0.0009956454 0.004218541 0.0008052408 0.20935664 0.0040873326 0.0006986459 0.0012738968 0.0002021439 0.030684877 0.0001236789 0.024749521 6.9628495e-06 0.023258157 1.1058253e-05 0.013596198 0.05366596 3.7085876e-05 6.346519e-05 0.00021053162 7.923965e-06 6.194259e-07 0.014248191 0.00052206113 0.0018761707 9.394877e-06 0.009393943 1.2576112e-05 0.0056668497 0.0007235369 0.00857731 5.2219326e-07 0.037695352 0.00013718275 7.390235e-07 1.3698762e-07
0.96792686 0.00012490083 0.00062080007 0.0019412922 0.002728806 0.11112668 0.080957055 7.834162e-05 0.03274057 0.18047933 0.50788873 0.002332087 4.9496646e-07 0.00010301829 0.96302384 0.0019935423 0.04041087 0.49574107 0.027782526 0.2529568 1.0694705e-07 0.07443354 0.4213524 0.0021001785 0.018747805 0.023696452 0.29321337 0.0098306835 0.024999242 3.3526502e-15 0.99698454 0.0010931335 1.02556335e-07 8.126507e-05 0.00073102594 0.011769463 0.00020661026 0.8672749 0.0009338147 0.00026229388 5.441859e-05 0.78195024 0.00034116776 0.009097382 0.0022546954 0.0010539946 0.0071273916 1.6722268e-08 0.0001482783 1.2302565e-06 0.1562936 1.6347934e-05 0.00036209307 3.717924e-06 1.944657e-06 9.137034e-07 8.142508e-06 2.2464288e-05 0.00024931345 0.0006565863 2.6689204e-06 1.6396672e-08 0.00027119066 0.3798999 0.008512841 4.516412e-06 2.0559642e-06 0.15706958 6.124806e-08 0.1892646 0.101240866 2.9566152e-08 0.043451387 3.332007e-08 0.015196077 5.0704234e-08 0.00012296175 8.087641e-05 8.232069e-05 2.1506981e-08 9.035819e-06 0.004004477 2.467991e-07 4.0617326e-07 6.18806e-09 1.8275009e-07 2.155713e-06 0.0004483623 0.0008007796 1.4770247e-06 9.690875e-06 0.00013218126 2.4400324e-08 1.8232933e-07 2.645027e-05 0.00013201106 9.247238e-08 0.0012566665 3.0908406e-05 6.108485e-08 1.1980009e-08
0.8486671 0.0003110892 0.00053429743 0.0030845732 0.0058112023 0.050561722 0.045689348 0.0006615233 0.024232065 0.08819563 0.4456444 0.0012374611 7.188397e-06 0.0006358087 0.8824268 0.010830302 0.012897695 0.20250392 0.006989871 0.047060404 3.508768e-06 0.018648313 0.75614625 0.0007911205 0.005398648 0.0062395423 0.80307364 0.12479198 0.0045865797 0.99698454 2.3488193e-14 0.00041893436 7.341089e-06 2.9073055e-05 0.00014826728 0.0025191905 3.064019e-05 0.75917447 0.00028221778 0.00028758455 4.69444e-06 0.9757312 0.0003872526 0.0015350156 0.0007732428 0.00030576278 0.02521083 1.2801999e-07 0.00010214722 4.8987215e-07 0.28756917 7.783792e-06 0.00013887782 1.3216057e-06 9.096314e-06 3.1106483e-06 7.114515e-06 3.186489e-05 3.6049947e-05 9.099798e-05 1.7338498e-06 2.0539767e-08 7.113664e-05 0.33454794 0.021005373 9.062615e-06 3.5895775e-07 0.19090144 1.0120272e-07 0.07922259 0.14392285 2.2293495e-08 0.090930134 2.1062328e-07 0.025173951 2.07097e-07 7.57976e-05 0.00010060807 0.00010067603 4.806444e-08 8.457091e-07 0.001969728 6.7774614e-08 3.5592356e-07 1.8408041e-08 8.628096e-07 1.3189347e-05 0.00010918394 0.00017381046 4.529482e-06 7.939427e-06 2.2554083e-05 1.4393467e-07 5.1686413e-07 5.513196e-06 0.00020748914 1.1692893e-07 0.0003400554 3.97961e-05 1.6001431e-07 6.7439466e-08
