4.269414e-16 0.9502927 0.017232398 0.052891888 0.8767454 0.10080334 0.011917491 0.26326197 0.16512765 0.003779379 0.00062657194 0.0040856064 0.60287637 0.19700156 0.7287901 0.8565476 0.9450762 0.84504586 0.8873815 0.106190786 0.7821882 0.8907151 0.95377284 0.8167057 0.89683694 0.0029034044 0.0080733895 0.9507807 2.9744911e-05 0.9617596 0.97870827 0.8833608 0.96640366 0.03363757 0.8718496 0.030187268 0.11340187 0.7411682 0.54933125 0.03713226 0.002105207 0.4489992 0.7545386 0.6558824 0.7862071 0.89153904 0.015363903 0.75987387 0.83511484 0.9106944 0.121244624 0.98428404 0.82103926 0.9914209 0.94782656 0.7583984 0.004330415 0.75889206 0.995471 0.97253597 0.71332985 0.2684229 0.93543833 0.9887941 0.11268351 0.94197595 0.38792798 0.17341767 0.95262575 0.18911617 0.81720454 0.004599925 4.4941003e-06 0.9608719 0.7232959 0.12074833 0.8980916 0.9540458 0.68289727 0.0942502 0.99837524 0.028836716 0.9561647 0.3087261 0.9601134 0.78110564 0.98142046 0.7489105 0.447907 0.6840661 0.27111113 0.9284059 0.998165 0.5759167 0.8784743 0.9997556 0.98614115 0.99944925 0.9038225 0.9994421 0.9979459
0.9502927 2.8735506e-10 0.89535046 0.010324801 0.95630246 0.01152429 0.00042885565 0.9985327 0.11046871 0.3367345 8.366487e-06 4.3193713e-06 0.16825755 6.186137e-05 0.32582775 0.20466767 0.061997745 0.015243299 0.62349296 0.032736342 0.00039279953 0.09136366 0.5484976 0.0002936115 0.0065586637 0.008974506 0.0047441004 0.34806377 0.0029816595 0.2302585 0.012006897 0.0010713597 0.26373482 5.8507423e-05 6.706502e-05 0.00011372276 0.00040481536 0.0012227987 0.0004204878 2.2074015e-05 0.0033841967 5.2103246e-06 0.00025313403 0.10406786 0.07203511 0.07209307 5.940079e-07 0.00013358335 0.00096092036 0.057518452 0.00016611973 0.025108838 0.000100341305 0.0005770977 9.1946305e-05 0.00019300722 1.2902038e-05 0.0128239095 0.00091467384 0.002540814 3.509804e-05 7.277665e-05 0.097460195 0.004602259 4.9481398e-05 7.804795e-05 1.5161428e-05 3.465562e-06 0.0012789004 1.127224e-05 0.00070279004 8.12055e-05 0.00027619678 4.9411658e-05 0.0005349769 0.00012862473 0.00031453386 1.2008635e-05 1.1684578e-05 0.0011775694 0.0022681942 8.9260735e-05 8.9300244e-07 0.0017475662 8.875914e-05 1.5111957e-05 0.0016746296 1.351467e-05 4.0143204e-05 3.5746147e-05 8.1741855e-05 1.6240898e-05 0.034667812 0.0041553453 0.0037596428 0.0013397586 4.021302e-05 0.024414243 0.0003472119 0.00025785185 8.4970685e-05
0.017232398 0.89535046 1.9149421e-14 0.9999108 0.9684671 0.8795077 0.80505866 0.117489584 0.7214859 0.011511091 0.002429592 3.9424453e-06 0.05145386 0.00010483448 0.17752232 0.01724661 0.0007718897 0.04207802 0.04481552 0.011239624 0.0012393643 0.001277624 0.088172905 0.00011332747 0.00023669533 0.0014094574 0.00026213782 0.003704816 0.0012185107 0.0065533803 0.000509142 0.0013267266 0.038297776 3.5691104e-05 0.00024183976 0.0004755543 2.804014e-07 4.4058335e-05 0.00013268368 5.830191e-06 1.0891454e-05 3.3344327e-06 2.3327551e-05 0.0032718233 0.0004526239 0.007328065 1.1349824e-06 0.00028713702 0.00033890625 0.00047976425 6.6734556e-06 0.004546963 5.9146155e-06 0.0003497283 2.337311e-05 2.9114148e-05 5.168767e-06 0.0012554148 4.707686e-05 0.00012230763 3.7066873e-06 2.4301771e-06 0.0009443115 2.5513336e-05 8.585607e-06 4.8526404e-06 1.3790406e-06 1.3528911e-06 1.1213173e-05 2.5714593e-07 1.6790433e-05 2.7822418e-06 2.8353273e-09 1.4028294e-06 2.0782448e-07 2.8298286e-08 0.00051241805 6.2194076e-06 1.2393766e-05 1.7883833e-06 9.1320944e-05 2.1973154e-09 3.0328033e-06 5.68482e-06 0.0001532727 7.312319e-05 0.00020504872 7.2361518e-06 7.2144286e-07 2.0251166e-08 1.4358207e-05 3.3845888e-06 6.048422e-05 6.464238e-06 0.00032185344 7.636048e-05 5.394713e-07 9.180147e-05 5.7120786e-10 2.427093e-05 9.596414e-06
0.052891888 0.010324801 0.9999108 2.0887735e-13 0.18090715 0.7135885 0.97281736 0.0013172245 0.28596574 1.0315913e-05 0.98149604 0.008625238 0.010046595 0.014594334 8.437708e-05 4.9575983e-06 6.5459026e-06 0.31727043 0.00013525842 4.801888e-05 0.03318614 6.8132823e-07 0.08173399 0.019545404 4.866037e-06 4.5060933e-05 6.194614e-05 2.8183633e-06 4.3588003e-07 0.00018140757 7.390016e-07 0.016509065 0.11489618 0.0008263145 0.0074036736 0.021386208 2.1361675e-09 2.0457683e-06 2.455821e-06 0.00010513272 1.9360144e-07 4.0592236e-05 5.555316e-07 0.00010453955 9.096796e-05 0.0058203563 8.654508e-05 0.0035325198 6.6991342e-06 4.7302552e-07 6.5705954e-06 0.018660672 3.639372e-07 0.003274544 7.9259786e-07 6.145792e-05 4.0803666e-06 0.00012071093 0.0011296265 3.656712e-07 1.2339615e-06 2.7818161e-05 0.00011275213 2.7142014e-06 1.3070417e-05 9.395602e-08 1.1042519e-05 7.854417e-06 5.425893e-05 1.9429099e-07 6.0555753e-06 3.774178e-05 3.1515447e-06 6.7107555e-07 9.8571e-07 7.261716e-08 5.692257e-06 1.6202555e-06 1.3731822e-06 2.5836911e-05 0.0002109062 3.5968284e-07 1.1816603e-06 1.2900746e-05 8.1928846e-07 3.6091865e-06 8.206453e-05 4.491448e-06 8.8678e-07 6.151977e-09 5.685633e-06 1.3351622e-06 0.000270027 1.6280022e-05 5.7035686e-05 9.769872e-06 2.908341e-08 4.9303577e-05 3.779805e-10 1.6608108e-06 8.177397e-07
0.8767454 0.95630246 0.9684671 0.18090715 5.340352e-14 0.16943945 0.0010130974 0.078114614 0.73266363 0.6345885 1.2256847e-06 1.9006926e-06 0.20207758 4.127467e-05 0.9852458 0.89980584 0.17503177 0.0033840546 0.6597172 0.048563235 5.699648e-05 0.067654125 0.39806885 7.299457e-05 0.018174779 0.024826225 0.052217375 0.51297724 0.0025284681 0.47062814 0.01847378 0.00044844483 0.06784384 1.169547e-05 1.2397489e-05 4.924404e-05 0.0017147771 0.0010348642 0.0011969933 1.2796201e-05 7.067694e-05 3.6421014e-07 0.00030652218 0.21094279 0.139827 0.117927216 2.512072e-08 0.00036391715 0.0014834832 0.04898339 5.4656382e-05 0.007535553 1.0794509e-05 0.00033460156 9.555233e-05 2.463668e-06 6.4141223e-06 0.055438545 4.473274e-05 0.006854263 6.4369524e-05 4.9155665e-06 0.15459742 0.0028082852 3.335635e-06 4.8472728e-05 2.4969197e-06 8.1348264e-07 4.8442475e-06 9.962224e-06 4.0067363e-05 1.7234687e-06 8.163703e-06 1.1680049e-06 1.1750352e-05 7.260439e-05 0.0025501056 0.0001232857 0.0005569584 7.291261e-05 0.00040163234 1.1977308e-05 0.00019025808 0.00016154895 0.0012026686 0.00051273237 0.0049755475 5.087454e-06 2.7122363e-05 2.539037e-07 1.1786671e-05 0.00015384618 0.0009259554 0.00015318007 0.0041395216 0.007394024 5.6554036e-06 0.014658807 1.8974968e-07 0.00077706395 0.00013759706
0.10080334 0.01152429 0.8795077 0.7135885 0.16943945 4.346146e-12 0.9943587 0.00030961822 0.9918124 0.000112304624 0.0069168457 0.00206555 0.4171822 0.04390126 0.0029049136 0.00014350752 0.00012399779 0.92803055 0.00508427 0.00020131876 0.09813814 2.7830074e-05 0.5529129 0.006604316 4.910846e-05 1.0462149e-05 0.0001565398 0.00012353038 5.183433e-06 0.0056888093 3.6458912e-06 0.054278884 0.4297356 0.00012113382 0.0072364286 0.00030865945 2.598805e-07 1.2123886e-06 5.143203e-06 1.8279541e-05 5.366403e-07 4.4368567e-06 3.598381e-06 0.010929907 0.0010828675 0.09295297 1.6367747e-05 0.011816789 5.275525e-06 0.0001208563 4.8812826e-06 0.1327239 6.4355953e-07 0.014183752 9.041011e-07 2.0252914e-05 4.3660993e-06 0.0035807735 0.0012577809 6.360382e-05 4.9653445e-06 6.093102e-06 0.003456751 9.567191e-06 1.6881888e-05 1.4036057e-06 6.070401e-06 3.6871372e-06 3.5229124e-05 1.8189402e-06 1.2149088e-05 1.5408235e-05 3.4971026e-06 8.060452e-07 1.936575e-06 2.7877759e-05 0.0004325829 1.9801564e-06 0.00013333681 3.6242764e-06 9.309164e-05 1.3194649e-06 2.0458689e-05 2.7169324e-05 0.00017634213 0.00032690787 0.0023516084 7.643799e-07 1.0620044e-05 1.400585e-06 5.3763183e-06 8.199869e-06 0.00017357773 0.00011901527 0.0017825089 0.00027400273 7.4694555e-08 0.00048538946 7.8081484e-08 8.296008e-05 7.92525e-06
0.011917491 0.00042885565 0.80505866 0.97281736 0.0010130974 0.9943587 7.258644e-15 5.284057e-05 0.21400696 1.0423154e-06 0.9676385 0.42550665 0.0066816774 0.88768137 3.6104444e-05 9.23357e-06 3.658838e-06 0.8094859 6.4423686e-05 2.0611214e-06 0.110546775 1.7180583e-06 0.04375312 0.05657055 4.089783e-06 2.4971678e-06 8.286958e-06 2.453892e-06 1.9282277e-07 0.0001571129 2.2492348e-07 0.024732828 0.07681829 0.0007902703 0.012766522 0.006520663 7.0219603e-09 5.074059e-07 5.3730605e-07 6.913704e-05 7.563343e-08 1.3795911e-05 4.6076232e-07 0.00010010065 3.2425884e-05 0.003913868 3.88431e-05 0.0072185076 1.4159612e-06 2.0929724e-06 6.1422816e-07 0.015177299 3.6846959e-07 0.0062430147 9.1576914e-07 2.2748303e-05 1.7637693e-06 7.833042e-05 0.00074879464 4.849249e-06 4.661029e-07 5.3404146e-06 5.201227e-05 3.1654731e-06 6.0067837e-06 6.5333074e-07 5.8537444e-07 9.319983e-07 8.4437015e-06 4.365215e-07 1.2536655e-05 1.3983881e-06 4.944639e-07 1.7235247e-06 3.2908633e-07 1.0098956e-05 2.3351322e-05 9.330949e-07 5.4309007e-06 2.7619163e-07 2.0188314e-05 2.4666946e-07 1.713073e-06 2.284715e-06 4.707859e-06 2.4621351e-05 0.00014238994 1.5415651e-06 1.2959065e-06 8.875054e-08 1.9942078e-07 4.3216187e-07 5.466913e-06 2.6327345e-06 0.00011033661 4.57564e-05 5.818047e-09 2.0702159e-05 1.6337038e-09 8.8357723e-07 4.250072e-07
0.26326197 0.9985327 0.117489584 0.0013172245 0.078114614 0.00030961822 5.284057e-05 3.079136e-15 0.0010304414 0.99999815 5.6241543e-06 2.045099e-06 0.0021913457 4.2561014e-06 0.016079104 0.1040387 0.011295188 5.3465224e-05 0.06818131 0.52614075 7.947472e-06 0.02075513 0.015088658 1.747626e-05 0.0010376867 0.006590628 6.285364e-05 0.055251624 0.0015787426 0.0072328406 0.00028627002 9.39735e-06 0.0021174967 4.8274444e-07 4.887408e-06 6.1112355e-06 4.100431e-07 1.4537533e-05 7.5534103e-06 4.3009294e-07 3.7944583e-06 5.2591584e-08 1.3524797e-06 0.0008123846 0.00032925414 0.00040730383 9.4796343e-07 2.637288e-06 1.7239881e-06 0.00072440197 5.2877895e-06 9.984799e-05 6.934255e-08 1.045394e-05 2.0218379e-06 6.2526933e-06 5.936964e-05 8.4928884e-05 8.312699e-06 6.4163373e-06 4.6106607e-07 4.4181917e-07 0.000103907594 1.5759166e-05 6.495405e-07 6.3026147e-07 4.5467586e-06 1.5188098e-07 4.4407872e-05 6.541862e-07 7.823161e-06 7.0299615e-07 2.9795544e-08 1.6493728e-07 3.4032187e-08 3.2053077e-08 8.215336e-06 4.41382e-07 1.6385058e-06 2.2185923e-06 6.316129e-05 1.2020224e-08 6.8471604e-07 9.283193e-06 1.4870547e-07 1.6476978e-06 5.6070516e-05 2.5171275e-08 8.4993005e-08 1.0167729e-08 6.961922e-09 1.1488854e-07 0.00022551233 9.7983924e-05 0.0002901731 2.4846036e-06 1.9224307e-09 0.0002445883 5.5209743e-09 3.1579743e-06 2.4970424e-07
0.16512765 0.11046871 0.7214859 0.28596574 0.73266363 0.9918124 0.21400696 0.0010304414 1.31772424e-14 0.0007526069 0.0004175766 0.000118893775 0.999356 0.0012546314 0.108648315 0.0028477851 0.00022633364 0.3140902 0.10261176 0.00019132486 0.003767705 0.00010671166 0.5448929 0.00012109904 7.105487e-05 2.2880173e-05 6.427668e-06 0.00150487 1.722638e-05 0.05346628 5.785668e-05 0.0021948752 0.16894332 1.4410465e-06 6.0276692e-05 2.9249275e-06 1.8566491e-06 3.0468357e-07 1.4654877e-05 6.1981126e-07 3.4482376e-08 9.719177e-08 3.6497286e-06 0.03247891 0.007239293 0.059670668 1.7589349e-08 0.0015180962 1.0844046e-05 0.0011638149 9.4811264e-07 0.023386149 1.2707892e-06 0.001026544 1.1627126e-06 4.5409993e-06 5.016955e-08 0.0072358525 2.8089467e-05 0.0007644828 1.0807586e-06 4.5814556e-07 0.012412196 2.1160216e-05 6.92322e-08 2.5063796e-06 4.6028163e-06 8.4026844e-08 4.152833e-06 8.430228e-07 2.7417613e-07 6.1008143e-07 3.114512e-07 1.740772e-08 1.6670876e-07 1.280656e-06 0.00040409502 5.6304975e-06 3.947067e-05 6.31609e-06 1.34893035e-05 2.6662275e-07 1.7855185e-06 1.2623925e-05 0.0001426958 3.5932528e-05 0.0014657632 1.92544e-07 1.596899e-07 2.7795762e-08 3.4975676e-07 7.0941445e-07 8.333722e-05 1.2834174e-05 0.00041849172 9.446577e-05 2.74528e-09 0.00072849635 2.0388713e-08 0.000116946285 2.42547e-06
0.003779379 0.3367345 0.011511091 1.0315913e-05 0.6345885 0.000112304624 1.0423154e-06 0.99999815 0.0007526069 2.1917562e-21 1.0930546e-07 1.3261641e-09 0.0002386833 1.0268194e-08 0.06542511 0.56979567 0.59838766 3.9126175e-07 0.026641054 0.6331121 1.5777529e-07 0.057663668 0.00066607393 7.738549e-09 0.10283399 0.99349785 0.0075607444 0.036793143 0.87697005 0.0038635512 0.004841805 7.260843e-08 2.3712175e-05 6.5106107e-09 4.946835e-10 9.157098e-07 0.000313769 0.0017199289 0.0054422095 9.362088e-10 0.004544587 3.0396857e-10 0.00032896918 7.82774e-05 9.867664e-05 4.3046325e-06 2.2294791e-10 4.050459e-08 0.00021654241 0.0011535565 6.8784786e-05 8.451769e-07 1.0849332e-05 4.2205406e-06 2.0083427e-05 1.4023819e-09 0.00013019194 1.0760725e-05 4.1728295e-08 0.0002211581 4.3764405e-07 4.7787165e-09 0.00017967942 7.337327e-05 4.9363064e-10 3.0426224e-07 1.2949668e-09 1.2844433e-09 1.132662e-06 2.868625e-06 5.3189347e-06 4.5436024e-10 9.530623e-09 3.1681626e-07 1.0190002e-07 3.3399417e-08 2.2003143e-05 1.8533656e-06 1.4653564e-07 1.7801992e-07 4.2690817e-06 4.521111e-09 2.2455548e-07 1.6935544e-06 1.2319696e-06 3.593398e-08 2.9107874e-05 7.541696e-07 1.0457724e-08 4.2011114e-10 6.133118e-08 1.687293e-06 2.350827e-05 5.5172145e-06 0.00020941824 2.098826e-05 1.8540648e-07 0.00043252885 4.236525e-10 0.00022692066 1.9418077e-05
0.00062657194 8.366487e-06 0.002429592 0.98149604 1.2256847e-06 0.0069168457 0.9676385 5.6241543e-06 0.0004175766 1.0930546e-07 5.928101e-17 0.99993247 1.476075e-05 0.5380053 1.4744407e-08 4.2436767e-07 3.98659e-08 0.014164976 6.356788e-08 2.7790503e-07 0.017307004 1.7534875e-07 0.00010507129 0.38684216 1.796041e-07 2.3838732e-08 4.076516e-08 3.8369734e-07 2.6090234e-09 1.82963e-07 1.6787268e-08 0.00092651014 0.00023709112 0.03654857 0.0024182005 0.9066586 1.0326773e-10 3.508999e-08 3.9971123e-08 0.00076555385 1.1807174e-08 0.00016441285 6.9297194e-08 3.3662963e-07 6.5494866e-08 2.1673528e-05 0.0009847977 0.00040438786 1.3170335e-06 2.0162096e-08 2.7964706e-08 0.0002037268 1.0308816e-08 0.0001486694 5.016288e-07 0.00036794692 2.1404837e-08 1.5211358e-06 0.00055580004 9.281302e-09 1.1931489e-07 3.0493999e-05 5.035854e-07 2.019091e-07 9.868656e-06 7.726489e-08 1.015108e-05 2.1824981e-07 5.526528e-05 2.4042546e-10 5.1415746e-08 1.4270885e-06 1.8664441e-07 4.360899e-09 2.1403315e-09 1.5374306e-08 4.9564445e-08 1.8981655e-08 1.09559215e-08 1.5540634e-06 7.7305325e-05 6.3554545e-08 3.2762142e-09 7.79343e-07 2.3668244e-08 6.371039e-08 2.9034663e-06 8.462416e-09 5.401551e-10 2.6849445e-10 8.323625e-09 1.0302958e-08 4.1677426e-06 6.671798e-07 7.687872e-06 5.241336e-07 4.111965e-10 3.0724389e-06 8.849698e-12 1.10894645e-08 1.8366755e-09
0.0040856064 4.3193713e-06 3.9424453e-06 0.008625238 1.9006926e-06 0.00206555 0.42550665 2.045099e-06 0.000118893775 1.3261641e-09 0.99993247 1.4385285e-15 9.291749e-06 0.99754757 9.650843e-09 3.8758046e-08 5.987458e-08 0.072580755 1.40011895e-08 3.8696662e-08 0.07280643 3.759619e-08 0.00019787539 0.44136047 2.9805676e-07 7.212259e-08 9.131994e-08 1.2834841e-08 1.485329e-10 3.508912e-08 8.1765894e-10 0.0069487663 0.0015770536 0.017627649 0.023965 0.08145561 3.9433193e-11 8.868015e-08 3.6400717e-08 0.0008500895 1.1741091e-10 0.00032829502 5.2566684e-09 4.5643165e-07 3.9153328e-08 9.13513e-06 0.00022311344 0.003516088 1.6067675e-07 2.3816416e-08 3.3397487e-09 0.00058872916 6.661413e-08 0.0011792918 5.258677e-08 0.00048535757 4.186837e-08 1.7435983e-06 0.0037873113 1.8253958e-08 1.4308325e-09 4.3872216e-05 4.3784787e-08 1.2565297e-07 1.2354563e-05 8.311599e-09 1.4020892e-05 3.4886733e-07 3.9672457e-05 2.5337783e-09 7.6523185e-07 6.574682e-06 2.9236892e-06 9.862422e-09 9.8121555e-09 1.514106e-08 5.495587e-07 1.8849105e-08 2.8536817e-07 1.2557194e-06 0.00018463215 4.745763e-07 2.6069156e-08 1.0127437e-05 3.466557e-08 4.3598867e-08 2.0939618e-05 2.3121423e-08 4.6990714e-08 2.1832339e-08 2.0445764e-08 3.8567126e-08 8.981071e-05 1.2112554e-05 1.6748945e-05 1.3421825e-06 5.928872e-09 7.5659364e-07 5.227271e-10 3.0458402e-08 5.194924e-08
0.60287637 0.16825755 0.05145386 0.010046595 0.20207758 0.4171822 0.0066816774 0.0021913457 0.999356 0.0002386833 1.476075e-05 9.291749e-06 1.556028e-12 0.00016353696 0.049513865 0.00040395578 0.00036334665 0.18110026 0.17307666 0.00023386367 0.0021008546 3.2399177e-05 0.99545074 4.161823e-05 3.2059208e-05 2.0061947e-05 1.520106e-06 0.0024832727 2.0610348e-06 0.2853979 4.1338585e-06 0.008796295 0.48028693 1.2559062e-06 0.00014094057 3.5752678e-06 7.224016e-08 2.6354488e-07 6.0950547e-06 6.5094815e-07 8.182147e-09 3.0135368e-07 1.0587376e-06 0.15402031 0.036587853 0.31592387 9.501225e-08 0.00750553 6.904113e-06 0.0056484262 3.5666122e-07 0.16244507 7.2016185e-08 0.0061011934 2.3018164e-07 1.1722124e-05 5.0666337e-08 0.042235106 0.0005839109 0.002241958 1.8039453e-06 6.692643e-07 0.062482852 2.4544173e-05 1.7827552e-06 3.502334e-07 2.6579119e-06 3.2421707e-07 1.371394e-05 2.3895314e-08 3.1924537e-07 1.1258376e-06 4.484942e-06 3.3911924e-08 9.8350206e-08 7.214869e-07 0.0015064826 2.9983046e-06 0.00032888792 2.4962377e-05 0.0004831254 1.0968137e-07 1.3115943e-05 1.7412363e-05 0.00049395877 9.405307e-05 0.014856049 2.393098e-08 5.855296e-07 5.342783e-08 4.465785e-07 1.6725218e-06 0.00040351955 0.00025802036 0.005449223 0.00065263646 2.119104e-08 0.0038110614 2.8633934e-08 0.00084219995 4.653659e-06
0.19700156 6.186137e-05 0.00010483448 0.014594334 4.127467e-05 0.04390126 0.88768137 4.2561014e-06 0.0012546314 1.0268194e-08 0.5380053 0.99754757 0.00016353696 1.3697284e-13 3.947852e-06 2.864874e-06 3.3465258e-06 0.95135623 5.5847204e-06 1.8717445e-06 0.83916 1.551315e-06 0.014395812 0.98274857 3.1249922e-06 5.4055404e-06 1.1706116e-05 5.6999766e-06 6.438557e-08 2.4448229e-05 2.2347938e-07 0.31006035 0.12512222 0.04563511 0.5651572 0.114442736 4.1794226e-09 5.803927e-07 5.6317806e-08 0.0036529673 3.9272582e-10 0.0018821158 3.741128e-08 6.493863e-05 6.3893353e-06 0.0018994317 0.0007790715 0.08298458 5.4345617e-07 1.5601024e-06 2.5875464e-08 0.07315994 3.599989e-09 0.09719962 8.855968e-07 0.0060617095 1.58332e-06 0.00022510106 0.15447696 1.2709806e-06 7.080518e-07 6.395691e-05 3.2972785e-05 1.956197e-06 8.3245315e-05 2.1449355e-07 0.00014705217 1.7376664e-05 0.0003233209 4.950075e-07 3.1563663e-06 5.130488e-05 2.3483395e-05 1.7416595e-07 1.1039996e-08 1.2637278e-06 6.0208666e-05 1.9408365e-06 1.0263785e-05 2.4172134e-05 0.00069063215 1.4769487e-06 1.3735595e-06 3.6544356e-05 8.046593e-06 4.0835293e-05 0.00061447016 3.6799338e-07 4.5895982e-07 4.196879e-08 3.6309098e-07 2.5987888e-06 0.000395962 0.0001800422 0.00050261 3.3853164e-05 1.7559338e-09 7.842744e-05 7.066527e-09 1.2093209e-05 1.2831499e-06
0.7287901 0.32582775 0.17752232 8.437708e-05 0.9852458 0.0029049136 3.6104444e-05 0.016079104 0.108648315 0.06542511 1.4744407e-08 9.650843e-09 0.049513865 3.947852e-06 3.006225e-15 0.8538601 0.06842046 0.0002711834 0.9949558 0.008356786 3.397241e-05 0.24973969 0.021852685 9.65756e-06 0.04978208 0.001856181 0.0025586511 0.92270285 0.00030572168 0.5448313 0.09053428 0.00014932403 0.003908287 1.2834057e-06 4.7518793e-06 2.303381e-06 0.0009708516 0.00036510514 0.0022094173 6.674375e-07 1.38038e-06 1.2905839e-07 0.00059312343 0.086148396 0.066208445 0.017169561 6.37422e-09 0.00013594098 0.001907948 0.20652854 8.1989034e-05 0.0022235077 3.9967905e-05 7.465542e-05 0.00013889265 2.6894963e-06 1.07698725e-05 0.031126855 9.645925e-06 0.024810303 0.00035593088 4.2566637e-07 0.0671564 0.002185361 1.2459623e-07 6.69588e-05 7.6897305e-07 4.4968502e-07 1.4381977e-06 1.3252711e-06 3.3666959e-06 2.4107788e-07 2.2642787e-07 1.318441e-06 5.0650974e-06 3.4860145e-06 0.013846633 0.0002805219 0.0030627411 2.841514e-06 7.6258407e-06 9.3392555e-07 0.00078840565 2.4412595e-06 0.00512725 0.00063224725 0.004140049 2.0291357e-06 9.868524e-06 2.5691207e-07 3.2750886e-06 0.00011756187 6.0395974e-05 5.892765e-06 0.0031592485 0.0058259233 1.6860816e-06 0.004362352 1.7250718e-08 0.0024493984 0.00015148443
0.8565476 0.20466767 0.01724661 4.9575983e-06 0.89980584 0.00014350752 9.23357e-06 0.1040387 0.0028477851 0.56979567 4.2436767e-07 3.8758046e-08 0.00040395578 2.864874e-06 0.8538601 3.6512257e-15 0.9133438 2.086417e-05 0.1916206 0.29963166 1.3180243e-05 0.97281903 0.0034244056 4.8518164e-06 0.97848815 0.0854931 0.19863321 0.831146 0.0034429363 0.06478493 0.702353 4.3237003e-05 0.00057427736 1.4668728e-06 2.441378e-06 6.6742073e-06 0.20936401 0.2239155 0.10580683 3.472907e-06 0.0045432006 1.5074669e-06 0.010149691 0.0055644447 0.0075682364 0.0015538529 1.8055088e-07 3.132014e-05 0.021932488 0.2430912 0.0038245383 0.00021441636 0.00017937913 8.695754e-06 0.0014217595 8.7180035e-07 0.0005057112 0.0028541598 1.107563e-06 0.05866378 0.00090538204 2.2394084e-07 0.008004506 0.03355844 3.2837312e-07 0.00020573902 2.6775385e-07 2.7252443e-07 3.42628e-07 3.980842e-06 7.627644e-06 4.5490205e-07 2.0135176e-06 6.077862e-06 4.989403e-05 6.2076037e-06 0.011141881 0.0004277656 0.002827888 1.5876256e-05 6.6804887e-07 1.3225917e-06 0.0010236431 1.4698021e-06 0.010100947 0.00081015675 0.0001504184 1.3705859e-05 1.9274887e-05 5.3518534e-07 2.7122931e-05 6.7645116e-05 1.1070071e-05 9.876748e-07 0.0004073291 0.01816626 3.227657e-06 0.0008697965 9.674752e-08 0.0008715324 4.1548516e-05
0.9450762 0.061997745 0.0007718897 6.5459026e-06 0.17503177 0.00012399779 3.658838e-06 0.011295188 0.00022633364 0.59838766 3.98659e-08 5.987458e-08 0.00036334665 3.3465258e-06 0.06842046 0.9133438 1.1138017e-10 9.9122335e-06 0.12571108 0.9978779 1.7023195e-06 0.82567114 0.002482336 1.2347336e-06 0.9045136 0.07159195 0.15013301 0.6559649 0.0007096869 0.017489143 0.4731963 2.4048716e-06 0.00024069665 1.4584934e-06 1.425069e-06 1.930803e-06 0.10264285 0.20943359 0.52853805 5.3570204e-07 0.6121536 1.01726805e-07 0.09636208 0.0020857328 0.0021780808 0.0004363725 5.6314565e-07 1.6538012e-06 0.1967885 0.1293935 0.0058897063 4.9667105e-05 0.010830607 3.6208598e-06 0.049095377 4.3629717e-07 0.0033854055 0.0017593647 2.0347554e-06 0.010469296 0.0026111482 4.309389e-06 0.00060376653 0.2377146 3.6650197e-06 0.0032726878 4.1397743e-07 1.3316487e-06 5.5443976e-05 0.00054829114 0.00096309476 6.8520467e-07 5.6671033e-06 0.0011016144 0.00015245065 3.768251e-05 0.0038544738 0.00087622314 0.0014448308 1.9233958e-05 5.3343243e-05 2.2356487e-07 0.00096321787 1.5266474e-05 0.005160663 0.0005271763 0.0004984016 5.1196935e-06 3.313225e-05 1.6312115e-05 7.8043566e-05 0.00016163371 0.00070887996 0.000112255686 0.003156609 0.09623393 3.661416e-05 0.0070012896 2.3994091e-05 0.011291607 0.00021203235
0.84504586 0.015243299 0.04207802 0.31727043 0.0033840546 0.92803055 0.8094859 5.3465224e-05 0.3140902 3.9126175e-07 0.014164976 0.072580755 0.18110026 0.95135623 0.0002711834 2.086417e-05 9.9122335e-06 1.1572624e-15 0.0004994169 8.890714e-07 0.98874444 4.5159965e-07 0.57381064 0.57799697 1.5011974e-06 4.212293e-06 2.5118865e-07 7.033479e-06 2.1530677e-07 0.0021436894 3.874681e-08 0.911729 0.949486 0.0021284285 0.32494578 0.0010413522 1.6376887e-08 9.4386564e-08 2.9577771e-08 0.00017463008 2.5449193e-08 0.00015593872 2.3751499e-08 0.006835646 0.00023863981 0.14262633 1.0350013e-06 0.23307602 8.969571e-08 2.1101634e-05 2.5768195e-08 0.5455415 2.4321938e-08 0.2359226 8.572413e-09 0.00016268097 1.5571037e-07 0.0054406943 0.048456855 3.3447805e-06 2.618116e-07 3.49231e-06 0.0039566928 1.2316383e-06 1.3762959e-06 1.1418749e-07 9.19795e-06 1.1512375e-06 3.053273e-05 4.6957675e-07 8.5236515e-08 8.404921e-06 2.1962975e-07 8.065607e-10 1.3222121e-08 3.6641775e-06 0.00021522908 9.5134516e-07 2.370241e-05 7.5657676e-06 0.0008394739 1.5144613e-08 6.269027e-07 0.00011018194 7.976778e-05 2.5931678e-05 0.008870529 8.0087574e-08 1.9073066e-07 4.7932307e-09 1.2379365e-07 3.6964585e-07 0.0007112649 0.00018309803 0.0021936677 0.0002049072 1.6569553e-08 0.002293443 3.2229847e-10 0.0002041243 3.2627993e-06
0.8873815 0.62349296 0.04481552 0.00013525842 0.6597172 0.00508427 6.4423686e-05 0.06818131 0.10261176 0.026641054 6.356788e-08 1.40011895e-08 0.17307666 5.5847204e-06 0.9949558 0.1916206 0.12571108 0.0004994169 3.7560023e-14 0.011775667 3.723376e-05 0.02619917 0.12766884 1.5997039e-05 0.018271953 0.0009878845 0.0010435543 0.82074875 5.4692566e-05 0.98328304 0.027002169 0.00022585325 0.011690687 5.9353074e-06 6.2194963e-06 6.941219e-07 0.000102898695 9.012714e-05 0.00054584915 1.3417282e-06 4.2265276e-07 8.230498e-07 0.000140785 0.37942344 0.29552785 0.13077027 1.5046352e-07 0.0005648863 0.00017414213 0.44562978 9.579489e-06 0.0061904187 1.373672e-06 0.00014373462 2.2381959e-05 1.0167463e-05 1.8128236e-06 0.14450657 3.0404763e-05 0.099515535 5.703688e-05 1.0696813e-06 0.25302193 0.0007106157 6.4318806e-06 8.02691e-06 2.0235682e-06 1.6391796e-06 3.2272696e-06 2.0899516e-07 2.3395246e-06 3.6087334e-07 3.0315798e-06 2.1767009e-07 1.0575044e-06 3.1947073e-07 0.023257103 9.5353695e-05 0.006547274 4.9116024e-06 5.2705338e-05 6.258818e-07 0.0016128649 3.6194303e-06 0.01205819 0.0009978978 0.017465016 1.2492621e-06 3.592086e-06 8.306089e-08 1.3241075e-06 6.522749e-05 0.00011173404 8.221689e-05 0.013451562 0.015114525 1.1846652e-06 0.0230874 2.4545717e-09 0.010909802 8.2558676e-05
0.106190786 0.032736342 0.011239624 4.801888e-05 0.048563235 0.00020131876 2.0611214e-06 0.52614075 0.00019132486 0.6331121 2.7790503e-07 3.8696662e-08 0.00023386367 1.8717445e-06 0.008356786 0.29963166 0.9978779 8.890714e-07 0.011775667 2.774818e-13 1.15339635e-05 0.22823974 0.0003818572 1.3916452e-05 0.29333207 0.8147132 0.99543554 0.113837056 0.040201843 0.0017793822 0.050674766 1.2250174e-06 0.00010111066 1.6134785e-06 8.744975e-07 4.123676e-06 0.01811939 0.017326575 0.06502015 9.4127455e-07 0.1809067 7.150129e-08 0.017632507 0.00046613856 0.00042274594 0.0010552584 2.1546512e-07 2.2553427e-06 0.00863427 0.008251054 0.0026084257 6.696008e-05 0.0009010541 8.6432743e-07 0.0010371268 1.4991904e-06 0.015502377 0.00029361626 2.5120482e-06 0.0026483214 0.0002679847 2.9368053e-07 0.00012945107 0.005368249 4.2191414e-07 0.0001264345 5.4879985e-07 6.758125e-08 2.1950222e-05 0.0013026472 0.0002506143 7.2492064e-08 2.9397448e-05 4.2365362e-05 5.0643655e-05 0.00022040769 0.0007814035 6.1037776e-05 0.00036989714 1.7220492e-06 1.1817645e-05 9.354988e-07 0.00108329 2.3427083e-06 0.00075931416 0.0005078959 0.00023205769 7.5618755e-07 5.4417706e-07 5.255559e-06 3.5753067e-07 2.916795e-05 1.22719175e-05 1.4921533e-05 0.0008220791 0.0029789228 3.0525844e-06 0.001883997 1.7414196e-08 0.0012790376 0.00013159237
0.7821882 0.00039279953 0.0012393643 0.03318614 5.699648e-05 0.09813814 0.110546775 7.947472e-06 0.003767705 1.5777529e-07 0.017307004 0.07280643 0.0021008546 0.83916 3.397241e-05 1.3180243e-05 1.7023195e-06 0.98874444 3.723376e-05 1.15339635e-05 2.1227416e-15 4.5542336e-07 0.03150847 0.972834 2.2333718e-06 1.1168258e-06 2.0963685e-06 3.9253414e-06 1.9026784e-08 0.0001865221 1.01706625e-07 0.9536513 0.4774978 0.08670592 0.95487165 0.025917402 2.4936499e-08 1.18655166e-07 1.8961403e-07 0.009088278 1.8852125e-08 0.0061752056 1.625244e-07 0.0003433421 1.4379474e-05 0.015623137 0.000569607 0.41057998 2.790401e-07 3.8802445e-05 1.729067e-07 0.4108531 7.7634354e-08 0.36942843 4.7709317e-08 0.0060329717 4.0991446e-07 0.0014597236 0.3190828 2.2963297e-06 2.3107768e-07 0.00012279967 0.00037468984 3.1182492e-06 5.515482e-05 1.9117556e-07 0.0003946367 3.218987e-05 0.00047267225 3.61466e-08 1.3665052e-06 0.00012157057 1.0930082e-06 4.3060346e-09 1.3658493e-07 8.59991e-07 0.00017243238 3.049695e-06 3.934042e-05 0.00020984646 0.005568859 2.974457e-07 4.806357e-06 0.00046632087 6.318853e-05 7.441141e-05 0.0066833505 5.995079e-08 3.1378095e-06 3.112675e-08 3.9677337e-07 3.0975698e-06 0.0033430124 0.0020469015 0.0019575492 0.0002517459 1.6492878e-07 0.0015166939 3.0388294e-09 0.00026214158 5.3462086e-06
0.8907151 0.09136366 0.001277624 6.8132823e-07 0.067654125 2.7830074e-05 1.7180583e-06 0.02075513 0.00010671166 0.057663668 1.7534875e-07 3.759619e-08 3.2399177e-05 1.551315e-06 0.24973969 0.97281903 0.82567114 4.5159965e-07 0.02619917 0.22823974 4.5542336e-07 1.2579053e-12 0.00029353594 1.0425331e-06 0.87508124 0.026624264 0.079015225 0.90688324 0.00045327985 0.022586986 0.988141 3.0991241e-06 2.8596316e-05 1.5454498e-06 2.0161913e-07 1.663025e-06 0.031052161 0.12551494 0.14646943 1.829699e-06 0.00046861946 3.3354777e-07 0.020450247 0.0015201214 0.0022641688 0.00013621752 4.2096023e-08 9.427224e-06 0.0862367 0.25202024 0.0016732016 1.1035981e-05 0.00089376664 7.066218e-07 0.0032260572 1.5989212e-07 0.0029807866 0.0018599251 2.1423308e-07 0.104701 0.0011789269 3.3524827e-08 0.0018861624 0.06471588 5.5521383e-07 0.00015149165 1.3825598e-07 1.8358541e-07 1.2459122e-07 1.4529715e-05 2.0323207e-05 1.3692467e-07 9.019538e-06 3.4957073e-05 8.691622e-05 8.825351e-06 0.032912005 0.0012121402 0.014782543 4.0762093e-06 1.621932e-07 7.2311747e-07 0.0064951577 6.465721e-07 0.028586632 0.0027754325 0.00046974342 1.2900537e-05 0.00012996132 5.896762e-06 5.8577873e-05 0.00042315878 1.4819743e-06 1.4048804e-06 0.001222098 0.046025436 3.7502246e-05 0.0015354067 1.6540164e-07 0.005230431 0.00024214556
0.95377284 0.5484976 0.088172905 0.08173399 0.39806885 0.5529129 0.04375312 0.015088658 0.5448929 0.00066607393 0.00010507129 0.00019787539 0.99545074 0.014395812 0.021852685 0.0034244056 0.002482336 0.57381064 0.12766884 0.0003818572 0.03150847 0.00029353594 4.5669523e-12 0.007162818 0.00071618886 2.9189016e-05 3.4091895e-06 0.004621455 2.1297157e-05 0.31299496 9.5199954e-05 0.04484562 0.97139955 6.2900406e-05 0.003328457 1.94775e-05 4.6925425e-06 3.7156449e-06 6.175173e-05 1.7692639e-05 1.8372965e-08 3.654746e-05 1.1023464e-05 0.47004074 0.11884265 0.83960533 1.77871e-06 0.03984003 1.5058842e-05 0.007525251 8.334242e-06 0.70484954 1.7264101e-06 0.027017238 1.1864742e-06 7.0939284e-05 4.0219416e-07 0.25468352 0.003611731 0.004015142 2.6407852e-05 3.7373802e-06 0.3985169 5.452893e-05 2.9104376e-05 4.9862706e-06 5.1848787e-05 5.130001e-06 7.186214e-05 4.701853e-07 8.6998025e-06 4.9932137e-06 6.7073106e-06 5.828326e-07 4.0741215e-06 4.996686e-06 0.0057471264 2.1106729e-05 0.0012428109 7.129379e-05 0.0012277842 2.0447803e-07 9.191281e-05 0.00019138143 0.0033757659 0.00078244525 0.11948438 6.4977655e-07 1.5590925e-06 5.3067694e-08 3.0343276e-06 1.2490233e-05 0.0009184302 0.00030865002 0.03577201 0.005337057 5.1942624e-07 0.04539059 1.0189297e-08 0.004111742 3.7055615e-05
0.8167057 0.0002936115 0.00011332747 0.019545404 7.299457e-05 0.006604316 0.05657055 1.747626e-05 0.00012109904 7.738549e-09 0.38684216 0.44136047 4.161823e-05 0.98274857 9.65756e-06 4.8518164e-06 1.2347336e-06 0.57799697 1.5997039e-05 1.3916452e-05 0.972834 1.0425331e-06 0.007162818 1.0647067e-13 1.3197921e-06 1.1176771e-06 2.788588e-06 2.7942476e-06 1.8155138e-08 0.00011515637 5.5435356e-07 0.59799296 0.21269317 0.89226073 0.9642995 0.67942107 6.2932926e-09 1.1137801e-07 6.9580494e-08 0.2804628 4.933946e-09 0.090714544 2.8792743e-07 0.00010761542 1.161453e-05 0.007131909 0.0010874837 0.31787887 1.4106784e-07 5.1686934e-06 4.1535637e-07 0.22047916 9.775505e-09 0.5361643 1.6420385e-07 0.31161338 3.2804698e-07 0.00058742665 0.8037796 3.2860416e-06 2.0295758e-07 0.00044487926 0.00017320782 1.574745e-05 0.00010296309 3.0920285e-07 0.0035329883 4.7214628e-05 0.019955331 1.04652315e-07 8.023581e-06 0.00013798865 1.1786585e-06 1.7798001e-07 1.2701701e-06 6.443281e-06 0.00010612658 6.0690087e-07 2.4862664e-05 8.534003e-05 0.023836028 1.6143142e-06 2.001781e-06 0.0012146581 4.2634445e-05 5.3112937e-05 0.003885418 1.3766694e-07 2.7483857e-06 1.3641757e-08 5.3421918e-08 1.0567413e-06 0.009678587 0.0033241902 0.0021939543 0.0003070807 2.2906644e-08 0.003194601 5.6770744e-09 5.8353293e-05 4.7094622e-06
0.89683694 0.0065586637 0.00023669533 4.866037e-06 0.018174779 4.910846e-05 4.089783e-06 0.0010376867 7.105487e-05 0.10283399 1.796041e-07 2.9805676e-07 3.2059208e-05 3.1249922e-06 0.04978208 0.97848815 0.9045136 1.5011974e-06 0.018271953 0.29333207 2.2333718e-06 0.87508124 0.00071618886 1.3197921e-06 1.0082666e-14 0.054152187 0.25762412 0.56840444 0.0024100721 0.008807845 0.8583696 1.6054457e-05 7.455425e-05 1.1772846e-06 9.960651e-07 8.815585e-06 0.6855709 0.87242985 0.9652844 4.2856923e-06 0.10048765 1.6595014e-06 0.21677779 0.00095231517 0.0018662654 0.0001691645 2.0736438e-07 1.3513188e-05 0.53017235 0.17581062 0.055441543 2.4453546e-05 0.0049039903 4.2317447e-06 0.07658998 3.3521076e-07 0.008521434 0.0017284439 1.3844043e-07 0.044160414 0.029439237 3.2895804e-07 0.0010418906 0.3058913 7.819737e-06 0.0038130116 9.512177e-08 4.728688e-06 3.4593688e-07 2.7124588e-05 8.933201e-05 2.7352533e-05 1.9030578e-06 0.0003649165 0.0006154056 6.209075e-05 0.017751414 0.0057198037 0.017200463 2.9496252e-06 1.606622e-07 6.308755e-07 0.013266526 4.5798566e-07 0.024420658 0.0048708366 0.00018026761 0.000118758595 0.0001418754 1.5578806e-05 0.00034793338 0.0013425661 1.7603764e-06 1.5878823e-06 0.0005647729 0.08282328 0.0003978787 0.0007429784 5.4446724e-07 0.0010321153 0.0006841711
0.0029034044 0.008974506 0.0014094574 4.5060933e-05 0.024826225 1.0462149e-05 2.4971678e-06 0.006590628 2.2880173e-05 0.99349785 2.3838732e-08 7.212259e-08 2.0061947e-05 5.4055404e-06 0.001856181 0.0854931 0.07159195 4.212293e-06 0.0009878845 0.8147132 1.1168258e-06 0.026624264 2.9189016e-05 1.1176771e-06 0.054152187 2.9398415e-19 0.8580885 0.009736523 0.99995965 0.0005359706 0.004770255 4.1919293e-07 3.4239201e-06 4.7917798e-08 9.901065e-08 4.068919e-06 0.0012148244 0.003969367 0.01099571 4.7123572e-07 0.008849392 3.895405e-09 0.0026180167 0.00042793658 0.00010950511 2.6274609e-05 3.3628405e-07 2.0861532e-06 0.001493159 0.00096394704 0.0020619826 3.9260303e-06 0.00059744454 1.5181192e-05 0.00030369742 7.9677264e-08 0.0009956056 0.00021375668 3.6112502e-07 0.0003914842 2.8083386e-05 4.6854232e-08 1.9665173e-05 0.00048523492 5.271752e-08 6.8572085e-06 1.1078075e-07 2.936535e-08 6.3587718e-06 0.000155125 0.0014222912 2.9920493e-08 3.2333736e-09 3.542125e-07 3.9399174e-07 2.195195e-06 0.0018699036 3.5497053e-06 0.00016240333 2.2960622e-08 1.3085283e-05 7.912822e-09 5.89297e-05 1.5824378e-07 9.8792174e-05 0.0001052226 0.00016687684 6.956295e-07 3.1397894e-07 6.7705844e-07 9.595623e-07 7.2094394e-06 5.453228e-06 3.2786418e-06 0.0005008062 0.00026467975 2.0080552e-07 0.00028607732 8.1716006e-10 0.0010967517 3.5004145e-05
0.0080733895 0.0047441004 0.00026213782 6.194614e-05 0.052217375 0.0001565398 8.286958e-06 6.285364e-05 6.427668e-06 0.0075607444 4.076516e-08 9.131994e-08 1.520106e-06 1.1706116e-05 0.0025586511 0.19863321 0.15013301 2.5118865e-07 0.0010435543 0.99543554 2.0963685e-06 0.079015225 3.4091895e-06 2.788588e-06 0.25762412 0.8580885 6.9323063e-13 0.025047297 0.9872083 0.00084515166 0.027026262 1.6936868e-06 1.0399077e-06 7.985119e-07 1.3982188e-06 1.8876028e-05 0.020239053 0.092510946 0.121719226 3.8135079e-06 0.82198143 5.3465854e-08 0.05423056 7.594752e-05 5.65188e-05 4.817961e-05 2.9912462e-07 3.292876e-07 0.03544061 0.0026441736 0.02001019 9.901042e-07 0.02397117 2.912149e-06 0.0027200994 2.4056375e-08 0.016964959 4.3276523e-05 1.01913e-06 0.0012510399 0.0022502628 1.5784609e-06 7.256105e-07 0.0061499607 1.9340519e-06 0.0013440425 1.6496048e-06 5.494895e-07 6.340119e-05 0.0019145976 0.0049474463 1.2144646e-06 2.4511775e-07 0.0016679807 0.004198361 0.00061513897 0.0005362004 0.00025769425 0.00029414037 4.968231e-07 3.890766e-06 9.96037e-08 0.0002165955 8.373602e-07 0.00017908837 0.00076104206 2.7480423e-06 1.1797692e-05 0.00012210984 0.00063088094 5.0856226e-05 8.333387e-05 5.932591e-06 2.5646693e-06 0.00013587072 0.00040493935 1.8066217e-05 3.1405143e-05 8.680637e-05 5.570861e-05 0.000118394
0.9507807 0.34806377 0.003704816 2.8183633e-06 0.51297724 0.00012353038 2.453892e-06 0.055251624 0.00150487 0.036793143 3.8369734e-07 1.2834841e-08 0.0024832727 5.6999766e-06 0.92270285 0.831146 0.6559649 7.033479e-06 0.82074875 0.113837056 3.9253414e-06 0.90688324 0.004621455 2.7942476e-06 0.56840444 0.009736523 0.025047297 1.0341368e-12 0.00035067945 0.750902 0.9636219 1.5939198e-05 0.00033202837 2.6791465e-06 2.1250867e-06 6.7080816e-07 0.0055858316 0.014104867 0.046979386 2.7543947e-06 0.00016376951 4.80563e-07 0.008020969 0.027113184 0.06503653 0.0031938911 1.9784547e-07 0.00013556087 0.022494674 0.9723926 0.0003279286 0.0007035894 0.00037406557 2.9208897e-05 0.0020066896 1.2299844e-06 0.00082974095 0.040929947 3.6382012e-06 0.5445636 0.0009715847 1.8359574e-07 0.037726227 0.029936172 3.6469604e-07 0.0005184753 1.3520065e-06 3.6371344e-07 6.914975e-07 4.7827907e-06 1.2254586e-05 7.091108e-07 1.8020652e-05 2.883817e-05 9.135579e-05 1.8488949e-05 0.14700225 0.004962419 0.063962385 6.4021447e-06 2.6087326e-05 2.7863257e-06 0.024411274 3.1198335e-05 0.104974344 0.011800055 0.010873676 7.177105e-05 0.0006849477 4.9542336e-06 0.0002838922 0.0030902147 6.1090475e-05 4.1189265e-05 0.008866122 0.085096456 0.0007179901 0.016468512 8.8323094e-07 0.029942626 0.0013563368
2.9744911e-05 0.0029816595 0.0012185107 4.3588003e-07 0.0025284681 5.183433e-06 1.9282277e-07 0.0015787426 1.722638e-05 0.87697005 2.6090234e-09 1.485329e-10 2.0610348e-06 6.438557e-08 0.00030572168 0.0034429363 0.0007096869 2.1530677e-07 5.4692566e-05 0.040201843 1.9026784e-08 0.00045327985 2.1297157e-05 1.8155138e-08 0.0024100721 0.99995965 0.9872083 0.00035067945 4.1054636e-16 4.018565e-05 0.00017308794 6.2969825e-08 4.469609e-06 5.3557812e-08 1.0698031e-07 3.294721e-08 0.00026279537 0.0011797147 0.0019056824 2.794109e-08 0.22009255 1.1869878e-08 0.001089747 1.686438e-05 1.25966735e-05 2.8848003e-06 1.7975756e-08 3.4369847e-07 0.0008180612 9.285844e-05 0.0028724044 5.9817535e-07 0.00024595804 2.577371e-07 3.121762e-05 7.498346e-08 0.005025369 3.7960093e-05 2.4898634e-07 6.5137638e-06 0.00021024831 2.5622535e-08 8.243546e-07 0.00015879082 1.6272608e-08 9.632724e-06 1.1113143e-07 3.2459745e-08 1.1938313e-06 0.00015308282 0.00017638165 7.32783e-09 5.3112956e-08 3.0076628e-05 0.00024784388 8.600637e-06 1.8910858e-05 2.5137822e-05 1.8976461e-06 6.8736945e-08 6.0769867e-06 1.245807e-08 3.0955352e-06 4.2059125e-07 2.433824e-07 1.3823139e-06 8.838916e-07 2.9692418e-07 1.0265419e-07 3.723727e-07 6.490389e-07 1.3659274e-05 7.896795e-07 1.6640975e-06 4.4928038e-05 5.8943497e-06 3.08842e-06 1.8739878e-06 2.4062066e-08 3.561655e-06 4.1862822e-06
0.9617596 0.2302585 0.0065533803 0.00018140757 0.47062814 0.0056888093 0.0001571129 0.0072328406 0.05346628 0.0038635512 1.82963e-07 3.508912e-08 0.2853979 2.4448229e-05 0.5448313 0.06478493 0.017489143 0.0021436894 0.98328304 0.0017793822 0.0001865221 0.022586986 0.31299496 0.00011515637 0.008807845 0.0005359706 0.00084515166 0.750902 4.018565e-05 2.9212594e-13 0.045348577 0.00058939005 0.024155147 1.4135739e-05 8.687263e-05 1.3218378e-06 7.3250005e-05 2.073128e-05 0.0010120051 2.6209705e-06 2.9115782e-07 6.89987e-07 0.00021921429 0.9093042 0.9429239 0.5663817 2.4337158e-08 0.0022197142 0.00059268915 0.84834373 1.6514978e-05 0.014220736 4.3892032e-06 0.00021330237 6.6449385e-05 1.3156796e-05 1.8713911e-06 0.67880964 0.00013015482 0.58185536 0.00018189194 1.1937868e-06 0.64885867 0.000995587 2.787814e-06 4.2698084e-05 1.799749e-06 1.5042086e-06 5.035727e-06 1.4504532e-07 7.039384e-06 3.5318724e-06 1.142308e-06 1.5868618e-06 4.4200606e-06 5.0343824e-06 0.16681972 0.00037872497 0.027532624 1.0638047e-05 0.00011734982 7.129324e-07 0.0020057263 3.0921026e-05 0.052170947 0.0029851492 0.09390766 5.4241095e-06 4.8021557e-06 1.6205931e-07 1.1693652e-05 0.00037105742 0.00016762185 7.5919794e-05 0.12583433 0.015849179 3.1211424e-05 0.16312149 4.739948e-08 0.06555967 0.00019821535
