2.1131644e-18 0.02865315 0.17556386 0.012776058 0.7378064 0.016750911 0.006648995 0.53620327 0.47325626 0.662305 0.8917918 0.7397289 0.008676363 0.2196803 0.4047733 0.9460752 0.87427986 0.6407651 0.8867736 0.0011196067 0.91219175 0.9638737 0.93562126 0.82155794 0.00047669688 0.9251285 0.6060042 0.9957526 0.7637084 0.7108204 0.97370636 0.9594701 0.8061963 0.94524026 0.9597875 0.7878726 0.94922185 0.9427447 0.8432363 0.8964192 0.7157318 0.1726926 0.7429852 0.59604895 0.5061953 0.43472692 0.9915989 0.99978775 0.9962246 0.82706416 0.00216062 0.9872043 0.07199917 0.4440647 0.360395 0.14256984 0.7584091 0.9074434 0.99709624 0.87388045 0.84051967 0.57728314 0.6194644 0.807186 0.96534127 0.21690181 0.0021328041 0.8891396 0.7051009 0.5927705 0.43098903 0.9899963 0.87311304 0.69513977 0.78552866 0.6327155 0.7192283 0.82531255 0.99999475 0.7100808 0.9163715 0.9999957 0.99991316 0.7795385 0.13687927 0.93776095 0.6972993 0.0009302424 0.005006902 0.9190504 0.45159343 0.9084589 0.0053271563 0.9997971 0.7917221 0.15451561 0.8680588 0.7508539 0.0007901983 0.36638483 0.99651253
0.02865315 3.0354964e-14 0.97854006 0.99588543 0.90134984 0.84631765 0.20731272 0.25001353 0.48740336 0.059429932 0.15104936 0.009766612 0.12923549 0.0047972077 0.0041208146 0.0032100955 0.06279737 0.0008897136 0.00014266084 0.0016348138 0.017274315 0.03025699 0.013613752 0.002277041 0.0016235734 0.0019061423 0.00019778579 0.0076767514 7.2833456e-05 1.1951374e-05 0.0008615557 0.0002555543 4.4242906e-06 0.00027781405 0.0015571574 3.4264942e-06 0.00018333882 4.7945132e-08 4.890532e-06 1.1249327e-06 8.959599e-07 2.3480766e-06 1.2960363e-06 7.088207e-07 7.1369976e-07 4.510173e-07 0.00023038316 2.376037e-05 3.0929516e-07 1.8114677e-07 7.5140924e-05 1.8878294e-05 1.9216818e-10 1.2082137e-06 1.5500439e-07 3.2236164e-07 7.428887e-07 1.5377086e-07 6.423035e-06 1.8752706e-07 1.483442e-06 4.2753722e-06 1.7439964e-07 3.3440404e-08 1.2328869e-07 4.993425e-07 1.714576e-07 2.4726734e-08 1.1440091e-07 2.2885813e-06 4.0746503e-08 4.7258833e-08 2.7725873e-08 1.7462924e-08 3.711809e-08 6.0415005e-08 9.813339e-08 3.01004e-08 0.007311399 4.0178766e-06 6.5540604e-08 2.5947213e-05 5.197184e-06 1.3756595e-06 2.075959e-07 4.469719e-08 9.889721e-08 1.2996446e-07 5.59192e-08 1.9762586e-08 1.0070233e-06 8.4313615e-07 1.0835119e-08 9.5809e-07 9.252849e-08 4.133198e-09 2.6350943e-07 5.2372485e-07 9.037855e-11 6.022514e-07 9.400904e-09
0.17556386 0.97854006 9.560768e-14 0.22892688 0.98215485 0.95812505 0.09738849 0.9451757 0.07877312 0.04044199 0.43404555 0.0002082315 0.0010163683 0.00031702677 0.00067318865 0.099700466 0.07629448 1.430965e-05 1.8775066e-06 0.00026724735 0.020558355 0.25647798 0.0145310275 0.000120594144 0.00011668438 0.00057317293 3.8188396e-06 0.022794671 1.2300009e-06 2.0513546e-07 0.00024167052 3.3705688e-05 2.1228149e-07 0.003571206 0.008138697 1.8487609e-07 1.66493e-05 1.4506011e-09 0.00013431915 1.37792044e-08 9.15124e-09 5.1661627e-05 3.293295e-08 5.5475655e-05 2.4386358e-05 4.554792e-06 0.00088261464 3.751296e-06 1.2958965e-08 1.918365e-09 3.8278235e-06 0.00024236548 2.622718e-10 2.9869004e-06 1.1141716e-06 6.676779e-06 1.0154482e-06 2.9159063e-08 3.5889476e-05 3.460374e-06 7.9856645e-06 3.6738224e-05 1.0351878e-06 3.570618e-09 1.1071347e-09 4.7626995e-06 2.3678145e-05 2.734092e-09 5.669046e-09 1.15258935e-07 7.5473366e-07 3.921351e-07 1.5097334e-09 2.0456754e-09 2.346609e-09 6.310818e-09 3.5103177e-08 4.8960263e-09 0.012672712 1.7676972e-05 4.013792e-07 0.00010812897 1.3917892e-06 1.3738968e-07 8.18557e-08 5.8939076e-09 4.914533e-07 8.210013e-07 1.7850691e-06 2.5302094e-09 3.4728444e-08 5.7614216e-06 3.6730705e-10 1.5599902e-05 2.3105772e-08 6.4975697e-10 7.4276825e-09 1.3066733e-06 5.1702006e-12 1.489589e-08 4.2497597e-09
0.012776058 0.99588543 0.22892688 2.76983e-14 0.5345682 0.91244006 0.94251657 0.039944172 0.7542808 0.10347619 0.119203284 0.20244117 0.84761745 0.023177572 0.010474164 0.00032059132 0.07339716 0.00838907 0.0054356814 0.033859763 0.018915944 0.013296946 0.014859932 0.0060958457 0.20295258 0.0035995862 0.0008997206 0.00367547 0.010630158 9.563365e-05 0.002976679 0.000774623 1.4387417e-05 0.00012182428 0.00027271383 2.9953437e-06 0.0002002287 5.010073e-07 4.630033e-06 5.8268483e-07 1.3581991e-06 6.0343173e-05 4.5892353e-05 1.0669611e-06 3.5938143e-07 2.2139382e-06 0.00012826374 0.00011012122 7.881515e-07 3.9185416e-06 0.0020996179 3.5860207e-06 5.5884093e-09 2.87257e-06 6.104744e-07 9.864041e-07 1.2316107e-07 2.6528204e-07 5.133545e-06 4.1518447e-07 7.845601e-07 3.0295944e-06 1.066193e-06 6.797022e-08 3.242208e-07 9.274321e-07 3.042345e-06 1.7845643e-07 2.9099795e-07 9.895893e-06 6.955569e-08 9.494811e-08 4.4802263e-08 1.5684992e-07 3.7003596e-07 2.5232732e-06 4.6505284e-07 2.845613e-07 0.0048969076 5.6604193e-05 7.7755864e-08 0.0004628839 9.925793e-05 1.7467887e-06 7.519002e-05 4.978255e-08 9.79408e-08 6.7427413e-07 4.0241613e-08 1.2070832e-07 5.373819e-07 1.0408199e-07 1.776324e-07 2.291248e-06 1.790985e-07 1.5887401e-09 9.752255e-07 2.5498121e-08 4.0614423e-09 2.0041293e-07 1.4290496e-06
0.7378064 0.90134984 0.98215485 0.5345682 1.1422059e-11 0.73311645 0.21654421 0.92091537 0.93645924 0.77135575 0.9627148 0.0110432105 0.016798249 0.029588893 0.027538113 0.0805589 0.63309276 0.0030177245 0.00018975015 0.00067413406 0.41950244 0.5586978 0.33045936 0.016787391 0.00011701477 0.023745626 0.0013634731 0.24714008 4.0750645e-05 0.00016952788 0.012150388 0.003385617 0.0001724985 0.00092049007 0.036582794 5.7877212e-05 0.0020627254 3.865548e-07 0.00011880242 1.0642765e-05 5.0030593e-07 2.3861168e-05 2.09366e-07 6.64852e-05 7.292999e-05 1.4575835e-05 0.0042879535 0.00085778406 7.0844876e-06 1.5727913e-08 4.056602e-06 0.00063454086 1.4694314e-09 1.8215318e-06 5.7956768e-06 2.9994203e-06 3.0420958e-06 5.6444577e-07 9.028345e-05 3.2673922e-06 4.1288098e-05 7.6075507e-06 1.3151208e-06 6.73766e-08 1.2527643e-07 4.3877135e-06 5.636518e-07 3.2683727e-07 3.716054e-07 1.0869886e-06 1.0066575e-06 7.883154e-07 1.322318e-08 2.9942754e-08 2.6214218e-07 8.684938e-08 9.760716e-08 1.5021894e-07 0.03980807 6.057836e-07 7.466151e-08 0.00029631815 4.836278e-05 2.4453288e-07 2.4244082e-08 1.4112159e-08 1.76052e-07 1.7948597e-07 1.6221632e-08 3.8016896e-07 5.071976e-06 2.909595e-06 1.1739582e-08 1.9930614e-05 2.1375868e-08 2.9769398e-09 2.823829e-07 3.622616e-07 1.05409605e-10 3.196179e-07 7.102041e-08
0.016750911 0.84631765 0.95812505 0.91244006 0.73311645 1.6819572e-12 0.9961016 0.83918494 0.13167453 0.039432157 0.42055923 0.00014250133 0.15269111 0.00026715637 0.0002557218 0.33278945 0.02508979 3.0345784e-05 1.17019745e-05 0.923921 0.0060992446 0.21190646 0.00456955 0.00015511167 0.0012516126 0.00021529764 8.6136095e-07 0.0048507527 0.002464025 3.4870865e-07 3.3575532e-05 1.0183776e-05 9.235446e-08 0.0075458908 0.002526706 1.0458381e-08 2.5126462e-07 4.7653548e-09 0.0007305679 2.90672e-09 1.9365295e-07 0.00076957105 3.9580096e-05 0.00016345932 6.9749614e-05 3.041938e-05 0.0010091077 1.2726533e-06 1.0880598e-08 1.10281945e-07 0.00020869673 0.00015874387 3.3854824e-10 2.4198542e-05 4.6812165e-06 6.965463e-05 1.4860751e-05 5.2033826e-08 9.492562e-05 6.545366e-06 5.2579453e-06 0.0005195806 4.9709706e-05 3.172873e-09 4.228245e-09 4.9270064e-05 0.0006513236 1.0466688e-07 1.9881606e-08 1.455288e-06 1.7158927e-05 2.3850567e-05 1.22211645e-08 4.7761654e-07 1.4566737e-08 2.9787603e-07 1.5959237e-08 2.5149785e-07 0.010508923 0.003403662 1.8063116e-05 0.0004492603 0.00015484919 2.0504324e-06 2.3387405e-05 6.54096e-08 1.571658e-06 0.00015524724 1.4219431e-05 1.244356e-08 3.5116818e-07 4.7309254e-06 8.4674207e-07 8.6320055e-05 3.0382932e-07 5.116401e-09 1.3237418e-07 7.946703e-05 8.89671e-09 9.0790586e-08 9.440655e-08
0.006648995 0.20731272 0.09738849 0.94251657 0.21654421 0.9961016 1.4274627e-10 0.03213967 0.20863812 0.0434731 0.054879494 0.0062258113 0.725458 0.010877114 0.01628553 0.0007295424 0.049430426 0.014419403 0.010809587 0.98328817 0.018439008 0.010806434 0.015751401 0.013759859 0.3831756 0.0053112735 0.0013046352 0.0029897462 0.130495 0.00014118542 0.0030755803 0.0009980145 3.6836176e-05 0.0007587723 0.00021991221 3.8189468e-05 1.9577861e-05 2.1877424e-06 0.0005547637 1.3275626e-05 2.3015442e-05 0.00046835988 0.0036879203 0.00012933188 0.00016555323 0.00040494607 4.6094647e-05 8.696634e-06 2.4368386e-05 7.468341e-05 0.0020091513 0.000121306526 2.473769e-05 0.000274804 7.524433e-05 0.0015711486 8.552253e-05 2.3679791e-05 6.305014e-05 1.3325081e-05 1.32011e-05 0.007526931 0.00013921861 3.8676963e-06 8.2572005e-06 0.00037559713 0.00036391467 6.193843e-06 6.074078e-06 0.0003860183 8.270824e-05 7.435019e-05 2.698621e-05 7.706253e-06 1.0837823e-05 5.4475917e-05 0.00028440604 2.4829538e-05 0.0029496606 0.13566943 0.00018064726 0.0020380064 0.00089629926 0.0004652346 0.0007643308 8.4908555e-05 0.00044941538 2.5268384e-05 4.3243024e-05 9.032536e-06 4.165377e-05 4.6428184e-05 5.9891822e-06 9.2129485e-05 0.000105337975 9.974011e-06 2.711127e-05 2.9933664e-05 8.2349817e-07 1.2461231e-06 2.3443488e-06
0.53620327 0.25001353 0.9451757 0.039944172 0.92091537 0.83918494 0.03213967 6.919839e-12 0.02329303 0.08945546 0.84450793 8.315002e-05 9.260494e-06 0.00016612702 0.00032703602 0.9943377 0.026693558 8.792922e-06 9.713187e-07 0.000104565275 0.012832076 0.8128242 0.007975702 5.393962e-05 1.547671e-06 0.00024163643 1.9518728e-05 0.1219797 9.2519446e-07 3.1340664e-07 0.00026492472 3.0735362e-05 1.1179001e-06 0.03267126 0.12394563 7.5783424e-07 0.00011311389 9.640999e-09 0.002800819 2.9708423e-07 5.968211e-08 0.00081349944 1.0289781e-08 0.0010815103 0.00077492703 0.00020802666 0.03338588 6.1810824e-05 1.9921983e-07 3.0938807e-09 3.4420577e-06 0.0057915645 1.4612443e-10 0.00012379361 9.192465e-05 0.000115049465 0.00010837716 9.741635e-08 0.0014244426 6.5338994e-05 0.00022718786 0.00026307243 4.785923e-05 3.5648764e-08 2.8184468e-08 0.000104442595 0.0001806087 2.4491936e-07 3.5846288e-08 1.3978108e-06 5.3257085e-05 3.82262e-05 1.8757462e-09 9.177586e-08 8.4762476e-08 3.415633e-08 2.1069209e-08 1.15846944e-07 0.06436887 2.1414897e-05 9.0027504e-05 0.0010845526 7.424422e-06 1.0719028e-07 5.4940543e-08 1.1823986e-08 8.125682e-06 2.4730864e-06 3.8615485e-06 8.0009556e-08 8.9735545e-07 6.527112e-05 8.4335516e-10 0.0008837673 1.0560375e-07 4.1675014e-11 6.858738e-08 3.784764e-05 1.707585e-11 5.156119e-08 5.3408854e-07
0.47325626 0.48740336 0.07877312 0.7542808 0.93645924 0.13167453 0.20863812 0.02329303 2.6550788e-12 0.99369913 0.6588622 0.4608177 0.0947597 0.8474887 0.6941817 0.00020981305 0.8424518 0.29175055 0.03418443 0.0010388849 0.53034055 0.08792884 0.42415312 0.14016098 0.0004336742 0.13229686 0.004817658 0.18858373 0.000113603615 0.0001672967 0.061625633 0.017189607 8.4998e-05 2.7409038e-05 0.006519973 3.4063378e-05 0.0051668626 1.1301943e-06 3.5401342e-06 1.4344999e-05 2.0065077e-06 2.1596e-06 6.9207016e-07 4.9102728e-06 2.6856096e-05 2.242626e-06 0.0008321154 0.001638141 2.6941929e-05 1.7516324e-07 1.3507944e-05 4.9101858e-05 4.0279318e-08 3.716148e-06 3.2002924e-06 1.0413567e-06 3.2653456e-06 1.1482771e-06 5.8082983e-06 9.1233204e-07 8.3986987e-07 6.676945e-06 1.8885471e-06 2.4332485e-07 3.6625474e-07 3.1365678e-06 1.0713719e-06 1.6432206e-06 1.7452669e-06 1.8367622e-06 9.943377e-07 1.5210652e-07 3.9064858e-08 5.324058e-07 4.732135e-06 3.677524e-07 9.344065e-07 3.3667793e-06 0.020729652 1.8795954e-06 8.615165e-08 8.259962e-05 2.27712e-05 1.6937256e-06 1.9610552e-06 1.6923515e-08 2.459476e-07 6.0309085e-06 1.4360384e-07 3.5178984e-06 3.31672e-06 4.3186643e-07 1.4487024e-06 1.6683927e-06 5.100242e-07 9.355042e-09 3.1185227e-06 1.7555046e-06 7.3465127e-09 3.677657e-07 3.954231e-06
0.662305 0.059429932 0.04044199 0.10347619 0.77135575 0.039432157 0.0434731 0.08945546 0.99369913 3.2146222e-14 0.9387586 0.03386419 0.0016866375 0.42551753 0.2976586 0.0012509342 0.94360846 0.014204402 0.00037651777 0.00017623133 0.58596957 0.26902735 0.47109342 0.07912435 2.6668557e-05 0.09545678 0.0013670425 0.41911373 3.0810465e-05 3.7483333e-05 0.038906936 0.010795864 3.8082653e-05 0.00014085673 0.01874091 1.8519726e-05 0.004082987 1.1327543e-07 1.5176501e-05 4.7642484e-06 1.6803567e-07 1.2863528e-06 4.6986702e-07 5.8484184e-06 2.3395549e-05 1.3505143e-06 0.0031062986 0.0021768464 6.655888e-06 5.5225676e-08 2.1903477e-06 0.00022092897 1.444164e-08 2.7086883e-06 3.207384e-06 3.1870952e-06 3.5158628e-06 6.68075e-07 7.7532695e-06 1.583175e-06 2.8206973e-06 6.3415782e-06 1.0581189e-06 1.0397227e-07 8.8483986e-08 1.4000268e-06 6.213476e-07 8.232382e-07 6.670824e-07 3.7926006e-07 5.724335e-07 3.1766427e-07 1.6154415e-08 1.2212341e-07 8.82932e-07 1.9968253e-08 1.09235856e-07 1.7153968e-07 0.025684102 1.3283192e-06 1.6450825e-07 9.611257e-05 9.9602e-06 6.7916665e-07 8.982754e-08 3.3821923e-09 5.382518e-07 7.063469e-07 6.128476e-08 1.0515057e-06 8.470135e-07 2.9876995e-07 2.3254328e-08 1.7163666e-06 4.0428873e-08 3.5801035e-09 2.4774354e-07 1.7757415e-07 2.2722378e-10 2.5592584e-07 1.7793217e-07
0.8917918 0.15104936 0.43404555 0.119203284 0.9627148 0.42055923 0.054879494 0.84450793 0.6588622 0.9387586 4.003208e-12 0.015456961 0.00024178096 0.026110673 0.0280337 0.22812065 0.9046215 0.00085269863 3.4354907e-05 9.7894634e-05 0.6586734 0.9481829 0.51068 0.0064185504 1.4902562e-05 0.048489824 0.00055062317 0.86032635 4.4616045e-05 2.7777389e-05 0.022651471 0.004785166 6.074041e-05 0.0030472444 0.23194939 3.989787e-05 0.008669069 1.5219649e-07 0.0014311448 1.0618941e-05 2.9318517e-07 3.2829517e-05 2.6972032e-07 0.0004829584 0.00031903642 3.350823e-05 0.059407566 0.005968804 6.628371e-06 9.955812e-08 2.8988736e-06 0.005903349 4.789596e-08 1.2764998e-05 3.185134e-05 1.1997794e-05 3.0280942e-05 2.471161e-07 0.00039880507 1.44199175e-05 0.00016195772 3.353921e-05 2.3125958e-05 7.784683e-08 8.719696e-08 3.5973568e-05 2.3490375e-06 5.1531083e-07 3.2279723e-07 4.0871296e-07 1.6526701e-05 5.4111106e-06 2.4381949e-08 1.639399e-07 4.010004e-07 1.0944231e-07 7.043806e-07 1.9506591e-07 0.13050981 2.546852e-06 3.9538313e-06 0.0020994889 9.326852e-06 9.559544e-07 6.1296795e-08 6.8929507e-09 1.7861418e-06 2.4893402e-06 2.0667812e-07 6.176292e-07 1.2181068e-06 8.232762e-06 6.2333885e-07 8.766552e-05 1.1040023e-07 8.996432e-09 6.8459656e-07 8.007659e-06 3.3258465e-09 1.5060315e-06 1.0709348e-06
0.7397289 0.009766612 0.0002082315 0.20244117 0.0110432105 0.00014250133 0.0062258113 8.315002e-05 0.4608177 0.03386419 0.015456961 1.5833583e-13 0.9997417 0.27099085 0.22078195 1.1206918e-05 0.18328357 0.62215084 0.97864205 0.00028672384 0.09934149 0.005723626 0.10986518 0.5879644 0.0016049283 0.2734319 0.29677376 0.015992196 0.8989751 0.16655228 0.23692194 0.28965023 0.03838451 5.7549855e-06 0.0015657123 0.006477423 0.028757883 0.00078695023 2.0574556e-07 0.0021950498 0.00018323987 2.7553864e-07 0.0002164912 3.3632864e-07 1.9882317e-07 1.8817018e-07 0.00060157414 0.009061103 0.0030547366 6.3082436e-05 0.0010229676 1.0617269e-05 1.4022951e-05 2.749024e-07 2.725413e-07 3.6282066e-07 3.1549234e-07 0.00012982445 4.8777692e-06 1.0136751e-07 1.2978729e-06 1.7735701e-05 1.2776532e-07 7.7425443e-07 4.7037236e-05 4.978552e-07 9.647264e-07 6.5214026e-06 1.477272e-05 3.9262777e-06 4.81472e-08 8.46361e-07 4.19955e-06 1.2198053e-06 5.1652146e-06 1.1841172e-06 1.4762514e-06 2.5399295e-06 0.033185508 1.1082779e-05 1.9094469e-07 0.00023252069 0.00071934034 6.154493e-06 5.027061e-06 3.8737057e-06 2.7710115e-08 1.2815325e-07 1.7072301e-07 2.6556772e-06 2.814446e-05 8.375131e-08 3.5407015e-06 1.1283328e-05 1.0695201e-06 1.2621528e-07 1.5562078e-06 6.850319e-08 1.1437969e-08 1.5603123e-06 8.536099e-06
0.008676363 0.12923549 0.0010163683 0.84761745 0.016798249 0.15269111 0.725458 9.260494e-06 0.0947597 0.0016866375 0.00024178096 0.9997417 1.10758455e-13 0.032377806 0.011213569 7.6466864e-07 0.0087671755 0.038073476 0.40683442 0.13737479 0.0033624703 4.0322775e-05 0.0025750683 0.014753334 0.93086845 0.006377955 0.016335944 0.0003001933 0.821475 0.006882961 0.006054814 0.009112496 0.0019689994 8.680844e-07 7.979928e-05 6.1906874e-05 0.0005281085 0.000123032 1.986793e-07 2.7972084e-05 0.0007443061 4.5175384e-05 0.017380642 1.9233983e-06 9.665304e-07 1.2648188e-06 7.05541e-05 0.0003791892 5.3336986e-05 7.6559474e-05 0.055214275 9.56685e-07 0.0003442365 5.525663e-07 5.2845e-07 2.989913e-06 9.195617e-08 4.0084806e-06 7.1866352e-06 4.9402513e-07 3.2341015e-07 1.4076399e-05 3.8126277e-06 1.0652889e-07 1.3567958e-06 1.933059e-05 9.79649e-06 4.7502596e-07 3.963664e-07 3.9989944e-05 2.0181074e-07 6.358696e-07 3.3708771e-09 2.8636651e-07 5.7843215e-07 2.3620373e-06 2.5725963e-06 4.255888e-07 0.002759121 0.00016022268 6.529604e-08 0.0027431673 0.00035313744 1.9972909e-07 4.8140984e-05 4.2457106e-08 1.2689835e-08 9.850955e-05 4.9446163e-07 3.823192e-07 1.5101247e-06 8.650621e-07 0.0001505895 2.854395e-05 5.0563347e-07 5.3591913e-09 4.403284e-07 1.1083165e-06 1.2667097e-07 6.7997996e-07 1.0893281e-05
0.2196803 0.0047972077 0.00031702677 0.023177572 0.029588893 0.00026715637 0.010877114 0.00016612702 0.8474887 0.42551753 0.026110673 0.27099085 0.032377806 1.2363022e-13 0.99429536 1.00277175e-05 0.72556007 0.9657913 0.43158585 0.00011026457 0.16742837 0.0023362306 0.112225465 0.71599185 0.00022039004 0.2218128 0.025848953 0.04701819 0.00091039913 0.0012612699 0.07272326 0.04358247 0.00028492018 1.590769e-05 0.0016158138 5.4255717e-05 0.007987433 5.8955984e-06 1.7701526e-06 2.5069665e-05 1.3498955e-05 3.5644414e-06 6.615387e-06 7.01673e-06 1.762864e-05 6.79155e-07 0.00024676818 0.0025133342 0.00010056894 8.625789e-06 9.54389e-06 1.6265436e-05 3.95978e-07 2.6942814e-06 2.5277843e-06 6.1645403e-07 8.134032e-06 5.8647106e-06 8.329315e-06 2.2385705e-06 9.957678e-07 4.0417117e-06 1.6082093e-06 1.4556866e-06 3.9773017e-06 9.390609e-07 5.48467e-07 3.7739637e-06 3.5173148e-06 4.937084e-06 4.241063e-07 7.931809e-07 4.131121e-07 2.5099412e-06 1.3733545e-05 5.9148437e-07 5.210454e-06 5.6154345e-06 0.0040884223 6.3531284e-06 1.9822545e-07 0.000107369175 1.7227367e-05 1.3978436e-05 3.7073444e-06 2.0605465e-07 1.9127797e-06 5.8013035e-07 1.0831261e-07 2.2310991e-05 2.4291921e-06 2.7060262e-06 2.2466416e-08 3.5059618e-06 2.7857677e-06 7.728844e-09 4.0553405e-06 1.4739754e-06 2.493196e-10 1.3073851e-06 5.9090735e-06
0.4047733 0.0041208146 0.00067318865 0.010474164 0.027538113 0.0002557218 0.01628553 0.00032703602 0.6941817 0.2976586 0.0280337 0.22078195 0.011213569 0.99429536 5.715249e-14 1.4404605e-05 0.8539912 0.93402714 0.20771392 0.00014667497 0.45260334 0.00467977 0.44660637 0.89286447 0.00011107386 0.37359712 0.062154435 0.076727405 0.0018732902 0.005601096 0.15082066 0.07041672 0.0014838319 3.7238806e-05 0.0044328943 0.00026940968 0.010872126 2.1195725e-05 5.5157884e-06 0.0001196373 1.2710881e-05 1.4232082e-06 5.0647495e-06 8.519557e-06 2.7998829e-05 3.9369634e-06 0.00067923806 0.0038635915 0.0002950982 4.0091536e-06 1.481099e-05 9.2476046e-05 4.1262385e-07 1.9305508e-06 8.781769e-06 4.3277223e-07 1.5194256e-05 1.3062978e-05 5.9426593e-06 2.3787907e-06 2.49637e-06 3.2584585e-06 1.1581961e-06 3.5134428e-06 6.81072e-06 5.4431354e-07 3.5600743e-07 7.370524e-06 1.0132693e-05 5.0047174e-06 8.377492e-07 1.6081877e-06 3.9636e-07 2.091484e-06 1.6589927e-05 8.665145e-07 4.722347e-06 1.1174859e-05 0.007730799 8.420028e-06 3.6860283e-07 4.1088904e-05 9.2388604e-05 7.2843973e-06 9.3927855e-07 8.778988e-08 1.3123581e-06 2.8824255e-07 1.037411e-07 9.815278e-06 5.0096887e-06 1.2855556e-06 2.0185232e-07 3.3059732e-06 9.955533e-07 6.498775e-09 2.6484383e-06 3.390256e-07 8.037948e-10 3.3614956e-06 2.5141217e-06
0.9460752 0.0032100955 0.099700466 0.00032059132 0.0805589 0.33278945 0.0007295424 0.9943377 0.00020981305 0.0012509342 0.22812065 1.1206918e-05 7.6466864e-07 1.00277175e-05 1.4404605e-05 2.6278902e-14 0.003190558 1.654429e-06 2.818838e-07 7.4448735e-07 0.0030439217 0.9434092 0.0017559428 1.8234186e-05 2.9126917e-07 0.00013644883 9.970074e-06 0.15514518 4.8045075e-07 3.6861687e-07 0.00017487173 3.5645044e-05 2.8300933e-06 0.7388517 0.75206596 1.8544213e-06 0.0004060333 1.5470929e-09 0.24082144 3.7325805e-07 8.224393e-09 0.027384933 8.258263e-10 0.022315908 0.011163127 0.0073614907 0.51333517 7.302772e-05 2.1172892e-07 2.9975311e-09 2.7829387e-07 0.28472003 3.7092485e-11 0.0029097896 0.003675801 0.0034655211 0.0012393045 1.4282342e-07 0.056913175 0.0014638926 0.019783432 0.0022348247 0.0006771201 2.981146e-08 3.7188887e-08 0.0005828549 0.0028749695 5.7263776e-07 2.491557e-07 9.822868e-07 0.0002109048 0.0007430613 1.9004696e-08 1.5429873e-06 2.0741007e-07 1.5823774e-07 2.3560473e-07 1.2041806e-06 0.5176674 0.00051293045 0.000293288 0.044891294 6.3961515e-06 2.1865033e-06 1.5868808e-07 7.709884e-08 1.8419572e-05 3.289836e-06 5.248529e-05 6.1561124e-08 2.6685004e-06 5.6442903e-05 5.580024e-10 0.003390013 2.511804e-08 2.5555862e-12 3.183465e-08 2.1072858e-05 1.5667281e-12 2.7421376e-07 5.5995727e-08
0.87427986 0.06279737 0.07629448 0.07339716 0.63309276 0.02508979 0.049430426 0.026693558 0.8424518 0.94360846 0.9046215 0.18328357 0.0087671755 0.72556007 0.8539912 0.003190558 1.4813636e-12 0.25768718 0.016701026 0.00041578664 0.96163577 0.2741227 0.9479929 0.30746236 9.409148e-05 0.30263993 0.007651448 0.7995041 0.00022521015 0.00042912952 0.12038447 0.03712231 0.00023971073 0.0013568595 0.07252905 0.0001421136 0.018249732 6.6633756e-06 0.0005549566 0.00015737953 1.30005255e-05 2.5321262e-05 1.3313808e-06 0.000251816 0.00012659037 5.3780288e-05 0.0132373525 0.011429919 0.00012219418 1.9875938e-06 6.7926803e-06 0.0011257072 8.838515e-08 4.1328713e-05 3.923865e-05 7.745801e-07 3.1026833e-05 7.087866e-06 7.0466354e-05 1.2169487e-05 1.5790518e-05 2.517004e-05 2.9792465e-05 1.4631061e-06 1.2131219e-06 8.238945e-06 5.5793566e-07 2.4145581e-06 1.537702e-06 3.7403754e-06 4.091511e-06 2.7842964e-06 3.0551018e-07 8.431337e-07 3.7924035e-06 4.4726983e-07 3.5657165e-06 2.0493671e-06 0.07538651 2.4093447e-07 2.8242127e-06 0.00048371824 1.5440099e-05 5.8143866e-07 1.590203e-07 1.9638023e-08 5.486616e-07 5.446843e-07 4.6050022e-08 3.4635468e-06 1.7180681e-06 9.747876e-07 2.1827293e-07 4.291727e-05 8.69082e-08 1.603772e-08 1.0449869e-06 9.251115e-07 2.6480884e-09 9.2488915e-07 1.3676264e-06
0.6407651 0.0008897136 1.430965e-05 0.00838907 0.0030177245 3.0345784e-05 0.014419403 8.792922e-06 0.29175055 0.014204402 0.00085269863 0.62215084 0.038073476 0.9657913 0.93402714 1.654429e-06 0.25768718 5.4231156e-14 0.9673137 0.00013859573 0.08267197 0.00025954406 0.083977886 0.9514799 0.00045217306 0.45648846 0.37073457 0.014740009 0.07909868 0.08063717 0.26498714 0.31636456 0.01246679 4.4412826e-07 0.000663258 0.0009788002 0.018169535 0.00014241274 1.304454e-07 0.00024106007 0.00026671955 6.4244347e-07 0.0003071422 9.110001e-07 4.2834936e-06 1.901939e-07 0.00010203038 0.006444907 0.00051908114 5.3664087e-05 0.00013426601 9.953772e-06 8.3991035e-06 4.7876205e-07 2.3295504e-06 1.3985463e-07 2.7641283e-06 6.360473e-05 9.53006e-07 7.5065e-07 2.6606773e-07 1.618055e-06 5.911094e-07 4.1516014e-06 2.2928993e-05 1.05030644e-07 2.1131035e-07 5.4347925e-06 6.0347984e-06 6.12632e-06 1.5388454e-07 1.9188994e-07 1.4202004e-07 3.915139e-06 7.795924e-06 6.5048647e-07 4.365583e-06 1.7958178e-06 0.010094909 3.8554917e-06 4.0266645e-08 3.7149206e-05 0.00030086108 2.645682e-06 5.5274263e-06 1.6444613e-07 5.0566973e-07 8.2493145e-08 4.519475e-08 6.302612e-06 1.4468074e-05 9.5219656e-07 5.6781846e-07 7.711156e-06 1.8025936e-06 1.2379359e-08 5.956941e-06 5.096233e-08 7.434383e-10 4.8521406e-06 9.0694275e-06
0.8867736 0.00014266084 1.8775066e-06 0.0054356814 0.00018975015 1.17019745e-05 0.010809587 9.713187e-07 0.03418443 0.00037651777 3.4354907e-05 0.97864205 0.40683442 0.43158585 0.20771392 2.818838e-07 0.016701026 0.9673137 5.6026033e-13 0.0002209216 0.014410707 9.1145375e-05 0.018361598 0.76516706 0.0043195547 0.43251908 0.7922978 0.004765567 0.9698823 0.6288604 0.4794247 0.75576335 0.318 1.6817273e-07 0.00018446195 0.013905574 0.09352334 0.0038797415 5.7653782e-08 0.0025377953 0.0047024437 2.1043968e-06 0.011322528 1.9093077e-06 1.9749154e-06 1.0127693e-06 2.411057e-05 0.04596146 0.0078003462 0.0008045653 0.0010814639 3.02036e-06 0.00081302016 3.043226e-07 2.302037e-06 9.445717e-06 1.2988277e-06 0.00041442201 4.2356874e-07 3.9608378e-07 2.2844719e-07 4.2689594e-06 2.372326e-07 1.100229e-05 9.9630546e-05 3.1364211e-06 5.035463e-06 3.577855e-05 4.3539643e-05 1.537625e-05 5.924289e-07 4.0794948e-08 1.0058461e-07 1.1074695e-05 1.7596254e-05 4.3699906e-06 5.8765627e-06 8.789871e-06 0.047103968 6.293302e-06 4.336913e-08 9.9332174e-05 0.0003546063 2.18185e-06 4.675755e-06 9.098661e-07 3.448172e-08 2.814477e-06 2.5391873e-07 7.811963e-06 0.00013490353 1.1557422e-06 7.401612e-05 9.614974e-06 2.4727067e-06 8.891896e-08 5.9128897e-06 1.1248883e-07 6.719128e-08 6.986682e-06 4.346018e-06
0.0011196067 0.0016348138 0.00026724735 0.033859763 0.00067413406 0.923921 0.98328817 0.000104565275 0.0010388849 0.00017623133 9.7894634e-05 0.00028672384 0.13737479 0.00011026457 0.00014667497 7.4448735e-07 0.00041578664 0.00013859573 0.0002209216 3.6921485e-17 8.252537e-05 1.8350456e-05 8.6853826e-05 0.00012937456 0.9999517 3.0209061e-05 3.1876923e-05 7.757685e-06 0.046577126 3.8283238e-06 2.1368789e-05 7.520598e-06 1.0682693e-06 8.916183e-06 1.778889e-05 3.854449e-07 2.364326e-07 1.7642479e-07 4.713809e-07 3.989762e-08 1.8772774e-06 2.9413807e-06 0.00014140047 3.2823976e-07 1.6938766e-07 2.632673e-07 5.0749776e-07 5.925605e-07 5.482599e-09 5.5465043e-06 0.0061569177 2.2231619e-07 2.4934707e-07 7.5097716e-07 5.6399534e-07 1.3631011e-05 2.7762476e-07 2.9953537e-07 4.773531e-06 3.8403158e-07 9.128316e-07 6.909646e-06 1.0990206e-06 3.2585795e-08 4.8998967e-08 4.3098535e-06 1.0309598e-05 1.0879981e-07 2.1068072e-07 9.603926e-07 4.8579277e-08 1.0870107e-07 6.395364e-08 1.2532183e-07 1.8323945e-07 8.498652e-08 1.1789418e-06 1.9976186e-07 4.37834e-05 0.00014198288 8.866696e-08 0.0001875259 4.398384e-06 1.0187496e-05 7.71716e-06 1.8940166e-07 4.829245e-07 1.6250442e-07 3.0722653e-08 2.807053e-07 3.107676e-07 8.357674e-08 1.1989319e-07 5.759974e-07 1.2291167e-06 7.7136536e-07 6.625347e-07 1.4905731e-07 1.3856153e-09 3.809004e-08 3.2667504e-08
0.91219175 0.017274315 0.020558355 0.018915944 0.41950244 0.0060992446 0.018439008 0.012832076 0.53034055 0.58596957 0.6586734 0.09934149 0.0033624703 0.16742837 0.45260334 0.0030439217 0.96163577 0.08267197 0.014410707 8.252537e-05 7.97934e-13 0.21260367 0.98402965 0.4966368 2.159286e-05 0.37657538 0.017683549 0.92561156 0.0004603664 0.0006322494 0.1253845 0.038666658 0.0003457341 0.0011316428 0.14737406 0.00015864264 0.04401255 1.5464285e-06 0.0003363952 0.00011532893 7.149897e-06 4.354637e-05 7.1428235e-06 0.00014801735 0.00010664789 3.9649993e-05 0.028319769 0.020418113 0.00015967689 1.0903243e-06 1.23009995e-05 0.0022576528 2.3529397e-07 2.775859e-05 2.2148537e-05 2.931009e-06 9.306692e-06 1.6968087e-06 7.7654906e-05 5.465703e-06 2.2556855e-05 1.8820017e-05 1.0713245e-05 5.004386e-07 7.1709667e-07 4.730077e-06 1.809861e-06 1.2779037e-06 2.5806412e-06 1.2712026e-06 6.5294273e-07 5.7626e-07 1.0248907e-07 2.4690078e-07 2.1064209e-06 7.012338e-07 9.499327e-07 1.1047139e-06 0.11633155 5.62955e-07 5.154494e-07 0.00075907446 1.66639e-05 1.0957625e-06 1.4691413e-07 8.774296e-09 4.6389098e-07 7.2844426e-07 7.310314e-08 1.2612066e-06 1.2517152e-06 2.0312382e-06 4.03741e-07 7.1109636e-05 3.1237136e-08 3.572868e-08 5.151988e-07 4.0393743e-07 8.888411e-10 4.8038505e-06 7.530053e-07
0.9638737 0.03025699 0.25647798 0.013296946 0.5586978 0.21190646 0.010806434 0.8128242 0.08792884 0.26902735 0.9481829 0.005723626 4.0322775e-05 0.0023362306 0.00467977 0.9434092 0.2741227 0.00025954406 9.1145375e-05 1.8350456e-05 0.21260367 4.5193647e-11 0.13499466 0.0020274548 2.9129504e-05 0.0056225 0.00035662827 0.8395467 3.3554148e-05 5.0694256e-05 0.0048637204 0.0007250199 0.00012637433 0.12929195 0.93952984 0.00016432912 0.016056249 1.7415675e-06 0.04970703 0.00010922601 3.265707e-06 0.00081989466 3.5429684e-06 0.0063030547 0.0026355158 0.00093833584 0.42273057 0.006979187 5.0303246e-05 4.3037562e-07 1.6877348e-05 0.09299044 1.4386977e-07 0.000549979 0.0003668079 4.880508e-05 0.00040711276 4.9991745e-06 0.0088952985 0.0009083615 0.004046087 0.0002641953 0.00021238245 4.4167928e-07 4.109558e-06 0.00044260995 6.4590095e-05 9.500255e-06 5.9624886e-06 2.7654623e-06 0.00016377593 0.000115633884 2.682118e-07 9.977783e-07 4.030357e-06 5.84536e-07 2.3149246e-06 2.0774871e-06 0.3852155 8.81087e-06 0.0001242627 0.017768783 5.144687e-05 6.571786e-06 1.7886772e-07 1.5380428e-07 2.6305624e-05 1.1045468e-05 1.0063327e-05 1.0151863e-05 7.39413e-06 7.631941e-05 1.4689601e-06 0.0008244643 8.48977e-07 8.472848e-09 3.5965968e-06 4.768183e-05 5.209646e-09 2.6505446e-05 1.5127913e-06
0.93562126 0.013613752 0.0145310275 0.014859932 0.33045936 0.00456955 0.015751401 0.007975702 0.42415312 0.47109342 0.51068 0.10986518 0.0025750683 0.112225465 0.44660637 0.0017559428 0.9479929 0.083977886 0.018361598 8.6853826e-05 0.98402965 0.13499466 6.591766e-13 0.5405189 2.4089242e-05 0.49097127 0.02239649 0.933023 0.0006519192 0.0009077722 0.20208162 0.061938245 0.0005283566 0.0008529305 0.15978631 0.00024906913 0.07480846 4.9924233e-06 0.00024304136 0.00013359176 1.5717023e-05 3.6590878e-05 1.49622865e-05 0.00013982215 7.4697804e-05 3.6488844e-05 0.02965046 0.02462564 0.00025666 1.9584893e-06 1.6173075e-05 0.0026195913 3.031425e-07 3.477105e-05 2.2043805e-05 3.1638133e-06 1.3017002e-05 5.9629774e-06 6.650815e-05 8.523507e-06 3.4610362e-05 1.8327684e-05 6.639462e-06 1.2871393e-06 2.0810128e-06 4.4600706e-06 1.943919e-06 2.7934457e-06 6.5197105e-06 2.592044e-06 5.4322095e-07 6.1681334e-07 2.3812113e-07 7.051986e-07 3.9872557e-06 9.797401e-07 1.1016417e-06 2.308003e-06 0.14860502 4.5363876e-07 4.4353445e-07 0.00060763996 5.35438e-05 7.12893e-07 2.280717e-07 1.6464645e-08 3.1267615e-07 6.374451e-07 7.5080635e-08 2.259002e-06 4.4799317e-06 3.7895368e-06 1.1913473e-06 0.000107168875 6.3246425e-08 5.4076285e-08 1.6983388e-06 2.590051e-07 6.3220795e-10 1.7123617e-05 1.2013567e-06
0.82155794 0.002277041 0.000120594144 0.0060958457 0.016787391 0.00015511167 0.013759859 5.393962e-05 0.14016098 0.07912435 0.0064185504 0.5879644 0.014753334 0.71599185 0.89286447 1.8234186e-05 0.30746236 0.9514799 0.76516706 0.00012937456 0.4966368 0.0020274548 0.5405189 2.190365e-13 0.00012233341 0.9796357 0.6850649 0.12870657 0.019081552 0.16056548 0.6136508 0.53621596 0.021174582 1.8850698e-05 0.005788834 0.002708548 0.066715196 0.00023578378 1.2973936e-05 0.0011493502 9.66582e-05 2.4545625e-07 2.0965615e-05 6.4210385e-06 2.4722432e-05 4.6510277e-06 0.0008974428 0.020537881 0.0019123383 2.7610551e-05 2.4347179e-05 0.00012794817 1.4879329e-05 7.504199e-06 3.4655786e-06 1.5181988e-07 1.8581246e-06 0.00012701265 1.9086376e-06 2.0673165e-06 1.5254022e-06 6.0335838e-06 2.2483737e-06 2.016705e-05 3.6442452e-05 6.253937e-07 5.2482054e-08 1.1235931e-05 1.6995871e-05 2.350513e-05 8.36003e-07 2.4069791e-07 1.8424536e-06 5.8833593e-06 1.7293309e-05 5.2541304e-06 8.811012e-06 4.2971433e-06 0.031035181 1.7991921e-07 1.2297727e-07 5.1876636e-05 0.00036236993 3.3076182e-07 2.3639043e-07 1.259344e-07 1.8206174e-07 2.3250692e-08 1.3352157e-08 1.2142104e-05 3.0373112e-05 3.7799518e-07 2.1239825e-06 1.1793405e-05 1.4925297e-06 8.351041e-09 1.2497609e-05 2.8354384e-07 1.10115215e-08 4.8648704e-05 2.9332168e-05
0.00047669688 0.0016235734 0.00011668438 0.20295258 0.00011701477 0.0012516126 0.3831756 1.547671e-06 0.0004336742 2.6668557e-05 1.4902562e-05 0.0016049283 0.93086845 0.00022039004 0.00011107386 2.9126917e-07 9.409148e-05 0.00045217306 0.0043195547 0.9999517 2.159286e-05 2.9129504e-05 2.4089242e-05 0.00012233341 1.4816291e-16 2.6238355e-05 0.00024340645 1.0529181e-05 0.42142865 8.046989e-05 3.334269e-05 2.3890838e-05 0.0001053646 2.4264544e-05 4.198873e-06 6.178979e-05 2.0830548e-05 0.00018191294 9.944112e-06 2.9468689e-05 0.0004964613 6.192449e-06 0.0048158136 5.7267025e-06 6.519232e-06 1.8380589e-06 4.0324253e-06 2.326299e-05 2.922988e-05 0.0003190608 0.9447515 5.2066116e-07 0.000111772846 9.5071124e-07 2.511749e-06 2.419086e-05 2.0549037e-06 5.7086512e-05 5.1623633e-06 2.04864e-06 3.2870762e-06 2.2573922e-05 3.977186e-05 1.5830157e-05 6.765495e-06 2.172381e-05 7.257964e-06 2.3629113e-06 6.7203077e-06 5.921013e-05 9.647714e-07 2.5762497e-06 3.4695177e-06 3.6099505e-06 5.226878e-06 5.8599585e-06 3.4271005e-05 1.6475625e-06 0.00012361948 0.006404493 3.9932317e-07 0.00035783905 4.793766e-05 1.8888688e-05 9.878821e-05 5.087434e-06 4.6409077e-06 2.746951e-07 4.1187295e-07 1.0335519e-05 1.563055e-05 2.0807337e-07 0.0001500967 2.0325988e-06 7.5763664e-06 1.8375009e-05 5.280251e-06 2.8118532e-06 3.648298e-06 5.230942e-06 2.3331922e-06
0.9251285 0.0019061423 0.00057317293 0.0035995862 0.023745626 0.00021529764 0.0053112735 0.00024163643 0.13229686 0.09545678 0.048489824 0.2734319 0.006377955 0.2218128 0.37359712 0.00013644883 0.30263993 0.45648846 0.43251908 3.0209061e-05 0.37657538 0.0056225 0.49097127 0.9796357 2.6238355e-05 7.354012e-13 0.8101707 0.18825847 0.007779816 0.32507932 0.98148197 0.68053114 0.012082795 0.00038979863 0.024956947 0.0014523524 0.30747467 0.00019416532 0.00035848937 0.00083841506 0.00015481036 1.0188954e-05 8.6325905e-05 0.00018550562 0.000117577794 2.6906828e-05 0.007984081 0.076467216 0.0019377196 6.382451e-05 2.509466e-05 0.00074196904 1.2621889e-05 2.083621e-05 2.1562302e-05 6.524982e-07 2.1773174e-05 6.288578e-05 4.5505305e-05 1.2817453e-05 2.4025941e-05 9.172004e-06 1.37099905e-05 2.5699714e-05 3.1824864e-05 3.5959144e-06 5.808218e-07 1.8759361e-05 6.4164444e-05 3.7647485e-05 1.574732e-06 9.966969e-07 3.6155184e-06 9.396929e-06 4.3690503e-05 1.2752344e-05 9.441988e-06 1.7174054e-05 0.059968617 6.719292e-07 8.5652067e-07 0.00044140036 0.00019575946 3.0018955e-06 7.2206234e-07 2.9365108e-07 7.7542484e-07 1.912547e-07 1.2162872e-07 2.1341886e-05 1.5695843e-05 2.8052616e-06 8.570914e-06 4.0066978e-05 4.9126356e-07 4.2863724e-07 7.147675e-06 6.5585965e-07 1.3967314e-08 5.273852e-05 5.173906e-06
0.6060042 0.00019778579 3.8188396e-06 0.0008997206 0.0013634731 8.6136095e-07 0.0013046352 1.9518728e-05 0.004817658 0.0013670425 0.00055062317 0.29677376 0.016335944 0.025848953 0.062154435 9.970074e-06 0.007651448 0.37073457 0.7922978 3.1876923e-05 0.017683549 0.00035662827 0.02239649 0.6850649 0.00024340645 0.8101707 1.6286851e-13 0.010796987 0.20568475 0.9948832 0.8079026 0.9141108 0.44592288 6.561944e-05 0.0029024952 0.014409704 0.16887924 0.002157698 0.000111978334 0.0030424634 0.0015822559 7.588699e-07 0.0013896591 0.00014643751 0.000105237355 4.4097997e-06 0.00069905876 0.033071052 0.0054336814 0.0007807814 6.2395986e-05 0.00012595947 0.00024540114 2.7268077e-06 6.7137416e-06 4.4870444e-07 5.4162733e-06 0.0003294351 2.7229138e-05 1.0068741e-05 2.5556208e-06 4.0691243e-06 4.6299488e-06 7.500167e-05 0.00015355009 6.5538757e-07 1.5354307e-06 5.0603398e-05 0.00013430738 3.8657032e-05 5.779866e-07 3.0829256e-06 1.468458e-05 3.041117e-05 0.000223442 1.419962e-05 9.850796e-05 8.263634e-05 0.011032889 2.062191e-06 8.806572e-07 0.00020328836 0.0007201049 0.00010718124 3.4832162e-06 1.2095297e-05 6.892418e-07 3.3189303e-07 1.9847352e-08 0.00010084832 2.4215513e-05 2.8851964e-06 5.271793e-06 1.769507e-05 1.7349613e-06 1.823775e-07 2.774309e-06 2.224814e-07 1.6929416e-09 1.1013492e-05 4.664209e-05
0.9957526 0.0076767514 0.022794671 0.00367547 0.24714008 0.0048507527 0.0029897462 0.1219797 0.18858373 0.41911373 0.86032635 0.015992196 0.0003001933 0.04701819 0.076727405 0.15514518 0.7995041 0.014740009 0.004765567 7.757685e-06 0.92561156 0.8395467 0.933023 0.12870657 1.0529181e-05 0.18825847 0.010796987 2.4459033e-12 0.0005956263 0.0015464214 0.10534021 0.013039436 0.0011500283 0.08740278 0.8518222 0.0009649261 0.12946522 4.0577026e-05 0.030310355 0.0005433844 6.7613386e-05 0.00025354815 0.00025868585 0.0023525136 0.0010568774 0.00067670154 0.35057175 0.045029286 0.0004410164 3.3881784e-05 9.114033e-05 0.05520996 1.239129e-06 0.00017728066 0.00012886157 1.8679222e-05 7.447459e-05 1.758691e-05 0.0014330649 0.00011698232 0.0018339417 8.1097074e-05 4.5692865e-05 4.252547e-06 9.391931e-06 4.3381315e-05 1.9301999e-05 1.0062674e-05 2.952002e-05 7.893796e-06 2.0747062e-05 9.170237e-06 1.3212529e-06 5.6951894e-06 1.3100141e-05 3.7199386e-06 1.3212334e-05 6.501122e-06 0.58615124 1.2639513e-05 9.249911e-06 0.011959464 0.00024525914 5.2759324e-06 2.665245e-06 1.6989776e-07 7.936436e-06 2.7062226e-06 9.3264425e-06 1.6954202e-05 1.6053247e-05 2.2816374e-05 2.4305513e-05 0.000111407084 1.4635805e-06 5.908113e-07 1.0664315e-05 2.6085374e-06 1.1283898e-07 0.00022519169 2.6881655e-06
0.7637084 7.2833456e-05 1.2300009e-06 0.010630158 4.0750645e-05 0.002464025 0.130495 9.2519446e-07 0.000113603615 3.0810465e-05 4.4616045e-05 0.8989751 0.821475 0.00091039913 0.0018732902 4.8045075e-07 0.00022521015 0.07909868 0.9698823 0.046577126 0.0004603664 3.3554148e-05 0.0006519192 0.019081552 0.42142865 0.007779816 0.20568475 0.0005956263 2.1541005e-13 0.26897585 0.014076534 0.13918771 0.5809455 1.3493999e-05 0.00018011846 0.16916545 0.022828711 0.14412889 1.8175971e-05 0.055294503 0.38731828 6.772813e-05 0.88651955 0.000117706244 3.5586723e-05 2.7420647e-05 5.85279e-05 0.046581183 0.09744136 0.414395 0.94063795 1.6207299e-06 0.9328132 3.1805444e-05 1.0692432e-05 0.00044030158 2.3112883e-05 0.015980417 6.4610635e-06 2.9286368e-06 5.166887e-07 0.00031420228 0.00011446395 0.0065186424 0.0032238385 0.0002727159 1.8986211e-05 0.0026293963 0.0012395994 0.005555118 8.349967e-05 4.8249663e-06 0.00038426937 0.0013616129 0.0010075931 0.0010972517 0.015047676 0.0004191382 0.0398026 0.00241946 3.3082113e-05 0.0031697615 0.0023060485 0.0006995159 0.0034570326 0.0007808347 4.830074e-07 0.00021776716 2.4195463e-06 0.00044615346 0.0007864086 5.4020775e-06 0.08506725 0.00048046597 0.00033570107 4.4471828e-05 0.00039152906 0.00018080704 0.00015916195 0.00018004289 0.00030367947
0.7108204 1.1951374e-05 2.0513546e-07 9.563365e-05 0.00016952788 3.4870865e-07 0.00014118542 3.1340664e-07 0.0001672967 3.7483333e-05 2.7777389e-05 0.16655228 0.006882961 0.0012612699 0.005601096 3.6861687e-07 0.00042912952 0.08063717 0.6288604 3.8283238e-06 0.0006322494 5.0694256e-05 0.0009077722 0.16056548 8.046989e-05 0.32507932 0.9948832 0.0015464214 0.26897585 3.25012e-15 0.4233333 0.8345414 0.9821174 9.3403946e-07 0.00041115028 0.03908605 0.20190644 0.0074624177 9.1095404e-07 0.009979107 0.0034557441 5.518049e-07 0.0059560672 2.1023968e-06 4.900654e-06 3.0830182e-07 0.00013237237 0.054201756 0.019759938 0.0019450876 9.973074e-05 8.520646e-06 0.0009978265 1.3472815e-06 1.2696385e-06 5.1216173e-08 3.1882837e-06 0.0006876583 3.4078537e-06 2.2888019e-06 6.5427105e-07 4.5106312e-06 3.687737e-07 0.00013587266 0.0002192561 1.7506285e-07 3.7640913e-07 5.0360028e-05 0.00010862082 3.300522e-05 9.996075e-08 5.592846e-07 1.2746704e-05 4.912565e-05 0.000103217826 1.3784641e-05 0.00017384229 4.5050707e-05 0.0085532935 1.6178745e-06 3.164551e-07 4.780531e-05 0.0009458423 2.9733339e-05 1.0388437e-05 2.4622925e-05 1.5481278e-07 1.2973564e-07 9.787319e-08 6.0609866e-05 3.946115e-05 1.7244784e-06 4.217267e-05 2.0101534e-05 5.913883e-06 4.6068806e-07 8.133559e-06 1.78257e-08 2.7875973e-09 0.00011043367 0.00018138111
