1.5999139e-26 0.75606227 0.45511276 0.44634452 0.12812981 0.105346866 0.10415931 0.8588259 0.36462507 0.17326102 0.60024107 0.33939734 0.43115336 0.18268721 0.39044133 0.73692256 0.9670744 0.00246815 0.10731701 0.746465 0.62598425 0.01438036 0.051259145 0.9201573 0.9588231 0.77886975 0.13496 0.89323395 0.5139037 0.12659211 0.09828444 0.90166 0.95123374 0.022607483 0.94351286 0.01982064 0.932781 2.9026789e-05 0.6933668 0.77627915 0.7073139 0.58256525 0.9375834 0.91278654 0.37580448 0.95654327 0.0014228162 0.013427173 0.07745061 0.9780168 0.773583 4.853536e-05 0.9502416 0.71238774 7.408915e-05 0.25778565 0.20283797 0.000101292775 0.9773179 0.8708106 0.026538463 0.11405873 0.67212653 0.80398583 0.78144246 0.5793623 0.02818194 0.90218705 0.5874177 0.9272024 0.69034857 0.91163963 0.0009159452 0.0048723468 0.9843993 0.07989692 0.95897084 0.9746634 0.2782951 0.8305441 0.884049 0.9932019 0.008946353 0.97532016 0.07219561 0.9953768 0.0013839041 0.8825617 0.99884397 0.94064105 0.9958388 0.9397361 0.9930088 0.99987596 0.81706977 0.9723612 0.9989472 0.0006258132 0.98584217 0.9601813 0.99997735
0.75606227 1.04441e-17 0.9178444 0.825076 0.7575617 0.3271754 0.45436925 0.9258929 0.24884827 0.45113117 0.09815672 0.19191767 0.118027695 0.5878359 0.022439824 0.29262722 0.371523 0.3374532 0.0023461876 0.10241955 0.34669843 0.0006236772 0.00031184783 0.3537615 0.106607646 0.0002683514 0.0001590028 0.22540845 0.0019873048 6.918709e-05 7.2326715e-05 0.18248747 0.032519247 0.0054183486 0.014929783 1.4173671e-05 0.00063366606 0.0022098238 0.009959342 0.013977817 0.0005774407 4.9325685e-05 0.032270662 0.056513593 1.264442e-05 0.00026747733 5.929582e-06 4.072242e-06 3.0759393e-06 0.0027756507 9.0307396e-05 6.055154e-06 0.00077098154 1.095484e-05 1.9748015e-07 3.0259505e-06 6.2960487e-07 8.625771e-06 0.0024018465 0.0022594007 2.903015e-06 6.938886e-08 6.224555e-05 0.000100336816 4.2322958e-05 1.20827535e-05 5.1616985e-06 0.00025773948 1.6784468e-06 0.00026622423 0.0013305976 0.0002366608 1.2723433e-07 1.6967608e-07 0.002845593 1.30434955e-05 7.6424e-05 0.0006270576 1.3080293e-05 2.3717017e-05 0.0021088226 0.0026594435 7.2946937e-06 0.00015774136 9.377158e-07 0.0023972145 4.4543597e-07 0.000110572575 0.0015472121 5.172355e-05 0.0031009205 4.0779607e-05 5.70962e-05 0.0013268463 2.0384593e-06 0.0033468357 0.00062988506 1.0091158e-05 0.00056049536 0.0010461884 0.00038690152
0.45511276 0.9178444 3.2876488e-18 0.94999075 0.034346823 0.93403673 0.0141752465 0.480976 0.01853522 0.02841422 0.0025814895 0.008858938 0.50042015 0.8445526 0.00068085094 0.024401795 0.051059395 0.108234964 0.00013493672 0.0050226552 0.7384333 0.00011715582 8.2814324e-05 0.039131757 0.012844135 4.4617365e-05 1.9881843e-05 0.026383514 0.046388123 2.1039243e-05 1.3724354e-05 0.017581042 0.020733356 0.0013465154 0.023212241 7.098047e-06 0.0030995926 0.009769756 0.0006412496 0.0012087768 9.5054354e-05 0.0015098489 0.0033682184 0.0061403206 4.914512e-06 0.002601936 3.9817438e-05 7.489635e-06 1.1362123e-05 0.0022208353 1.2654107e-05 1.3263869e-05 0.0002998099 0.00015101332 1.2862938e-06 0.00026485068 3.4807822e-06 2.5033396e-05 0.0016105192 0.0006993595 1.6812977e-05 1.014443e-07 0.0003164067 0.00017241627 4.0239604e-05 9.720064e-05 0.00013872466 0.00038421716 0.00015439044 0.00059302954 0.0007513583 0.00012662938 1.427919e-06 2.7710464e-06 0.0010081723 3.987113e-05 0.00038117045 0.0017485872 1.396274e-05 0.00037205472 0.00061716087 0.00083756034 8.55377e-05 0.0010501174 2.2053562e-05 0.0020317752 1.5226685e-06 9.474267e-05 0.0009383255 0.00063987664 0.0023620757 0.00044230185 0.000749982 0.0044599734 8.902868e-06 0.0025509386 0.0014655989 0.0006696526 0.0011516643 0.0012229474 0.0012275764
0.44634452 0.825076 0.94999075 1.4097027e-17 0.020532599 0.88252604 0.00743654 0.90282995 0.0147793 0.0035619712 0.00096272427 0.003803284 0.5747635 0.30617738 0.00018929323 0.02874098 0.3136006 0.01120208 2.643562e-05 0.0016985656 0.34718442 2.77789e-05 2.3303026e-05 0.14900774 0.0059646247 7.477438e-06 1.3688355e-05 0.09298293 0.075199604 1.2823859e-05 5.159548e-06 0.042501822 0.09831351 0.00017177586 0.093193024 1.7181565e-06 0.020751113 0.001719733 0.0006472921 0.0015881844 4.299572e-05 0.0055376654 0.018733773 0.010518128 2.3410066e-06 0.015823882 2.4831704e-06 1.779029e-06 7.4095004e-07 0.03338183 4.149828e-06 9.8159135e-06 0.00010367727 0.0014390409 3.8371343e-07 0.00079356687 4.3588503e-07 3.943867e-06 0.020392135 0.0028831626 5.7572693e-06 2.2750761e-08 0.0012743482 6.78641e-05 6.8568684e-06 0.00046021515 0.00019920437 0.001692831 0.0007397375 0.012931061 0.00029215487 0.00028271344 1.2070436e-06 8.14408e-07 0.0064497585 0.0001076464 0.0016386191 0.007688386 4.4410916e-07 0.001019607 0.0017756866 0.0060816486 2.443464e-05 0.0012519063 3.4863257e-05 0.004481227 7.7354065e-07 1.0856609e-05 0.0052857506 0.00081075646 0.014194645 0.0014321139 0.0011083414 0.0068325764 4.402889e-05 0.0020039987 0.0019972543 0.00022869147 0.0010305239 0.0019732334 0.0013451453
0.12812981 0.7575617 0.034346823 0.020532599 1.15350154e-17 0.0038753098 0.97931176 0.1435933 0.6106375 0.40258327 0.76380306 0.5957154 0.0008939091 0.05088284 0.36867833 0.31986517 0.027319431 0.084841035 0.046862174 0.2623367 0.011038336 0.008948477 0.0041659116 0.089390926 0.0954144 0.0048137726 0.0018501615 0.03875664 0.00014186985 0.0008913467 0.0005350557 0.042263933 0.0046835165 0.010836119 0.003245749 0.00024743177 0.00010259201 0.0002044444 0.008303825 0.0077505196 0.0024940132 2.205713e-06 0.0057164337 0.013161591 0.00020846876 0.0001483544 1.29914915e-05 5.4616106e-05 4.8954433e-05 0.0009940681 0.00018759118 4.838188e-05 0.00090540067 7.813714e-06 8.9015913e-07 5.3740114e-06 1.0068386e-05 1.4810907e-05 0.00065165875 0.0002997213 3.151267e-05 3.2739238e-06 0.00016075285 2.5205494e-05 3.276377e-05 1.5727772e-05 3.4400644e-05 4.5883382e-05 6.7860183e-06 3.8379032e-05 0.00021392146 6.7635374e-05 1.0029052e-06 1.3304555e-06 0.00047242237 2.1042133e-05 5.725902e-05 9.804842e-05 1.1020794e-05 6.790916e-05 0.00027583406 0.0010415032 1.9793644e-05 4.0173803e-05 2.6949679e-06 0.00044073677 8.483991e-07 9.5130845e-06 0.0007687715 9.041805e-05 0.00097127707 5.400828e-05 4.716638e-05 0.00019310958 8.813239e-06 0.0003181544 0.0003346571 7.6021614e-08 0.00016953207 0.00013353329 7.973226e-05
0.105346866 0.3271754 0.93403673 0.88252604 0.0038753098 3.6211916e-17 0.0015715912 0.45327973 0.004050303 0.001352022 0.000336367 0.0013324356 0.9694986 0.393227 1.1864951e-05 0.0058435407 0.09715746 0.0041383356 5.155741e-06 0.00035266575 0.7012876 1.6843348e-06 2.1660974e-06 0.016588 0.00095632917 2.9182904e-06 5.519851e-06 0.00987992 0.15383565 3.307891e-06 1.3018697e-06 0.007016212 0.055183046 1.6294158e-05 0.0737528 3.818579e-07 0.018276501 0.0010357706 3.2107764e-05 0.00013217093 1.2900991e-05 0.015412654 0.0012494159 0.0022638408 3.6134483e-07 0.020196611 5.1761344e-07 3.6141824e-07 3.349056e-07 0.0033229478 4.7011517e-06 3.0651631e-06 6.494049e-05 0.0017101686 3.1725662e-08 0.0009877154 6.023146e-07 2.0909167e-07 0.004871343 0.0003117925 1.8430281e-06 3.2477146e-08 0.0016004507 2.311511e-05 4.130351e-06 0.00065351935 0.00019571019 3.641584e-05 0.00077021786 0.0045155487 6.363464e-05 4.6720845e-05 6.003227e-08 8.11241e-08 0.00078715145 6.826499e-05 0.0010127703 0.0013385549 4.6572885e-07 0.0007302493 0.00030247908 0.0013941918 0.00011518745 0.0004592769 6.378404e-05 0.0008300413 6.629914e-08 7.771109e-06 0.0011835434 0.00079557375 0.0032030605 0.0006399416 0.0005050264 0.0017657536 0.00012929895 0.0009797678 0.00051515363 0.0002196655 0.00019678222 0.00024441854 0.0011874002
0.10415931 0.45436925 0.0141752465 0.00743654 0.97931176 0.0015715912 2.0056203e-15 0.042712152 0.68356067 0.14070864 0.79643434 0.71756834 0.00032204168 0.031967536 0.23777907 0.29092938 0.014285669 0.014539662 0.030820008 0.36621937 0.0074098227 0.004475325 0.0048259883 0.052659784 0.14142938 0.008951934 0.0021693949 0.03173841 0.000109281034 0.0013879254 0.001246915 0.05013172 0.0038751285 0.0026589516 0.00092104013 0.00045678925 8.277058e-05 0.00016808737 0.012894812 0.014994207 0.003380505 2.0109117e-06 0.009968097 0.01722709 0.0003883082 0.00015425871 3.6695088e-05 0.00015364765 0.00017763859 0.0011856989 0.0007610442 4.929253e-05 0.002160187 8.4355e-06 2.1128267e-06 3.8718003e-06 3.6713147e-05 2.2945509e-05 0.00061263674 0.0021140815 0.00013036377 9.918985e-06 0.00018205056 0.000518009 0.00022895444 1.2173119e-05 2.5352021e-05 0.0002758514 3.7028644e-06 2.1390872e-05 0.00054884306 0.00025916094 3.998935e-06 1.3031509e-05 0.001307364 1.1717698e-05 9.739661e-05 3.5543548e-05 3.4963672e-05 4.1276322e-05 0.0008088545 0.0015405768 0.00036523122 5.736063e-05 3.4575899e-06 0.0011041715 9.551347e-06 8.159683e-05 0.0010227424 5.0417842e-05 0.0009246622 2.6897667e-05 5.0363826e-05 0.00022070238 1.33819685e-05 0.0009388277 0.00048940966 3.3809155e-07 0.0003279652 0.00048095462 7.533229e-05
0.8588259 0.9258929 0.480976 0.90282995 0.1435933 0.45327973 0.042712152 7.637258e-16 0.09886611 0.0067873877 0.00665706 0.016320277 0.45135608 0.11595866 0.0017269042 0.10259751 0.9498651 0.011857695 0.00020004032 0.00287581 0.18592712 4.463924e-05 4.317598e-05 0.30395293 0.010459012 8.728369e-05 0.00016009193 0.17443173 0.042391323 5.7495414e-05 3.8992934e-05 0.04876508 0.30829713 0.0012726814 0.2831196 4.03251e-06 0.105370276 0.00013582538 0.0012101257 0.0025941425 9.789509e-05 0.007914307 0.010707709 0.007132008 1.0372058e-06 0.034840174 1.6806491e-06 8.4044353e-07 9.76969e-07 0.11928095 1.3450843e-05 1.0044179e-05 3.972607e-05 0.0023221897 3.758517e-07 0.0010247991 6.8201086e-07 1.4534296e-06 0.12753455 0.0029902593 2.1140984e-06 8.6140815e-08 0.0014430255 7.573069e-05 1.3796767e-05 0.0008766131 0.000109331384 0.001269687 0.00074045634 0.042582944 0.0002636202 0.0010326002 5.5042204e-07 2.9168422e-07 0.023154682 0.00010614815 0.0039864783 0.016122758 9.272234e-07 0.0011594434 0.0054084957 0.03970458 8.274753e-05 0.0018379873 3.498919e-05 0.009872851 2.4457347e-07 1.7527855e-05 0.03481368 0.0020720786 0.038895797 0.0017212876 0.0021907552 0.016297592 0.000108686414 0.0024999485 0.0022410196 0.00024564163 0.0006240765 0.0032207116 0.003155816
0.36462507 0.24884827 0.01853522 0.0147793 0.6106375 0.004050303 0.68356067 0.09886611 3.3248073e-16 0.03974195 0.61205995 0.9172442 0.00092081615 0.042536817 0.07482848 0.9727523 0.09990863 0.008795029 0.008579697 0.5196428 0.0111171305 0.000652569 0.000960772 0.31440413 0.4792571 0.0066075064 0.0008989645 0.18844268 0.00017341111 0.0007961138 0.00043665082 0.35756397 0.03296863 0.0004364495 0.005789087 0.00014422674 8.67798e-05 0.00013667492 0.046983294 0.06778799 0.0043854066 4.3943337e-06 0.10767446 0.10826213 0.00028237095 0.00017264513 2.4060908e-05 6.336231e-05 0.00018694719 0.008248663 0.0005678139 8.702043e-06 0.0021589135 1.2177658e-05 4.1091976e-06 9.741012e-06 2.2183922e-05 6.224297e-06 0.0016483588 0.0031944884 3.3470667e-05 3.5317312e-06 0.00011925341 0.00067247415 0.00022489572 1.9903946e-05 1.3682025e-05 0.0014905591 3.2318123e-06 0.00025215413 0.0009844668 0.00069465634 1.0838297e-05 3.6121685e-06 0.0048220824 5.549891e-06 4.3720767e-05 0.00026727412 1.8470733e-06 2.7307286e-05 0.0020521446 0.0030203073 0.00028128296 2.8674805e-05 1.0852608e-06 0.0029361849 3.4332293e-06 6.060948e-06 0.0013953111 2.4170104e-05 0.0007447342 8.861979e-06 9.39615e-06 0.0003938169 3.4138059e-06 0.0011627509 0.00058429106 5.6567087e-06 0.00020651413 0.00061003387 5.3302207e-05
0.17326102 0.45113117 0.02841422 0.0035619712 0.40258327 0.001352022 0.14070864 0.0067873877 0.03974195 4.434205e-17 0.51587933 0.13700008 8.0491685e-05 0.034720227 0.754951 0.008790119 0.002817661 0.39329326 0.7752498 0.13689552 0.0043461197 0.9639399 0.81015956 0.0073690866 0.022036353 0.11689364 0.0856669 0.0030754043 2.7889006e-05 0.043178126 0.06848094 0.0037221885 0.00023674342 0.8243849 5.8031354e-05 0.17831127 0.00012365285 0.0014441304 0.020676516 0.0062399018 0.008752552 1.4382155e-06 0.00030295976 0.0034926732 0.0026628277 2.0439458e-05 0.026026802 0.0061222347 0.0017120776 9.598731e-06 0.00033542872 0.0034445554 0.0004499446 2.3849387e-05 0.0008497268 1.2184351e-05 2.2201531e-05 0.0031446787 1.0752488e-05 8.212078e-06 0.00023123369 2.9807595e-06 1.7531549e-05 8.6153597e-07 1.2324426e-05 4.6066873e-07 0.0006877613 5.474193e-07 3.293058e-07 9.701199e-07 0.0001383984 6.110621e-07 0.00014666405 5.718088e-07 4.7258077e-06 8.782669e-05 5.8103533e-06 2.0157963e-06 0.000115059665 3.015985e-06 1.2979676e-05 0.0008583098 1.4577085e-05 3.3295455e-06 6.8958743e-06 1.3934141e-05 6.302233e-06 1.9874194e-06 0.0004150321 2.9327695e-05 0.0011032115 1.3728621e-05 5.173842e-06 0.00065782946 6.639513e-06 7.636216e-05 1.9533456e-05 5.2302084e-08 1.8287623e-06 7.576927e-05 2.364855e-06
0.60024107 0.09815672 0.0025814895 0.00096272427 0.76380306 0.000336367 0.79643434 0.00665706 0.61205995 0.51587933 2.4894722e-16 0.9209869 8.805569e-06 0.0034583982 0.90041226 0.27236897 0.0025466883 0.010075659 0.53982055 0.9035031 0.0004810443 0.07891809 0.13626054 0.05281538 0.45027062 0.38355243 0.15165439 0.02777584 3.82682e-06 0.08315169 0.06838631 0.06227635 0.00044853185 0.062371 6.006546e-05 0.017285025 9.259227e-07 6.0613616e-05 0.12471158 0.075907364 0.039124146 2.214259e-08 0.008654968 0.032599747 0.0052061407 5.184224e-06 0.0007057248 0.0020949924 0.0032079548 0.00068513583 0.0023797664 4.821537e-05 0.0032220096 3.512486e-07 3.4327102e-05 1.130459e-07 6.7108966e-05 6.8708476e-05 9.476977e-05 0.0009492486 0.00030017985 7.105218e-06 9.207727e-06 0.00026771825 0.00023291307 3.8942835e-07 2.1678652e-05 9.267885e-05 1.6322353e-07 1.3946325e-06 0.0006748049 0.000118764925 1.9828523e-05 1.363599e-05 0.00086080463 3.019984e-05 2.7268388e-06 1.9247946e-06 1.7586608e-05 3.6843255e-06 0.00029393312 0.0008549236 0.00013287563 1.4189027e-06 1.8707007e-06 0.00090360176 4.1663325e-06 6.573112e-05 0.00047907044 4.5917855e-06 0.00023339826 1.0187548e-06 4.4585736e-06 0.00012293101 1.6586264e-06 0.0004437147 0.00047894687 7.5278805e-08 0.00023272567 0.00047358617 1.7003946e-05
0.33939734 0.19191767 0.008858938 0.003803284 0.5957154 0.0013324356 0.71756834 0.016320277 0.9172442 0.13700008 0.9209869 9.088962e-17 0.00019907353 0.02552126 0.28745666 0.7407243 0.01271661 0.005501802 0.06724138 0.92952496 0.0036980826 0.0078204395 0.011891 0.12672931 0.63376397 0.08329424 0.010331622 0.08089304 3.328722e-05 0.004783414 0.0059762658 0.17904744 0.006491971 0.004054612 0.0007487831 0.0016491268 2.0920814e-05 8.13395e-05 0.11654027 0.116783775 0.02197557 1.6659226e-07 0.05527667 0.08128196 0.0014811372 5.160579e-05 6.5994114e-05 0.00045378009 0.00050110026 0.0029150862 0.0030501224 1.863044e-05 0.006045147 2.43546e-06 5.2905084e-06 1.0749877e-06 3.655823e-05 1.245784e-05 0.00051410776 0.006055247 7.4544085e-05 9.646422e-06 5.5161177e-05 0.0010108578 0.0003081083 4.367512e-06 7.036975e-06 0.0017459346 8.9614184e-07 4.284746e-05 0.0014791976 0.0005853837 1.1550322e-05 7.758166e-06 0.0036266036 2.6813166e-06 6.764306e-05 8.94262e-05 2.0275545e-05 1.7289105e-05 0.0014562502 0.001504352 0.00030680498 3.086405e-05 3.3038634e-07 0.0025439975 4.313772e-06 0.00023694875 0.0010094128 1.4319918e-05 0.0006208916 9.761872e-06 8.201903e-06 0.00021018638 3.9909496e-06 0.0010111142 0.0007092271 9.65576e-07 0.0005429783 0.0008823639 2.154863e-05
0.43115336 0.118027695 0.50042015 0.5747635 0.0008939091 0.9694986 0.00032204168 0.45135608 0.00092081615 8.0491685e-05 8.805569e-06 0.00019907353 1.2912841e-17 0.31431937 1.8540878e-07 0.0012665552 0.22348416 0.0016593671 2.7674452e-07 9.353066e-06 0.9007559 3.0242612e-07 3.0466876e-07 0.01817816 1.841513e-05 1.2010639e-07 1.0656461e-06 0.010603565 0.8145388 1.8993519e-06 7.750426e-07 0.0041086203 0.2553258 1.1811132e-05 0.35216132 1.2433104e-07 0.26033777 0.00034405352 5.2587525e-06 5.344781e-06 1.2981069e-06 0.2382992 0.0007782628 0.00076888327 5.4938234e-08 0.24039628 1.1023826e-06 1.12869984e-07 6.1715255e-08 0.01527372 3.721008e-07 3.0192555e-07 7.202313e-06 0.027844882 1.0952605e-07 0.033825845 6.0480026e-08 1.3675646e-07 0.041934192 0.0002514273 7.3519516e-07 2.4560856e-08 0.006658981 1.362388e-06 6.0894337e-07 0.0023336597 0.0035496005 5.0385683e-05 0.0029661886 0.033189774 1.2710844e-05 2.8822938e-05 3.0976082e-08 1.5713155e-07 0.0014538968 0.0019518149 0.0046343957 0.008731434 7.103419e-07 0.0021124037 0.00027844825 0.0019628676 0.00013698745 0.0023407736 0.00054332044 0.00071728555 4.270718e-08 2.3645346e-06 0.0024615673 0.0019207234 0.008444064 0.0021607107 0.0013571837 0.0024084894 0.00023212166 0.0002753917 0.00019038277 0.00067558343 1.3604181e-05 0.0005663524 0.0036765954
0.18268721 0.5878359 0.8445526 0.30617738 0.05088284 0.393227 0.031967536 0.11595866 0.042536817 0.034720227 0.0034583982 0.02552126 0.31431937 4.63662e-14 0.0009780986 0.052962955 0.026419625 0.44809297 0.00026907175 0.0044255084 0.98578763 0.00019684661 0.00012882508 0.012886397 0.01766864 0.0019084085 0.0002741491 0.0060773287 0.042259548 0.00057429896 0.00023237192 0.005890622 0.0049158507 0.0027907644 0.010916307 1.23040145e-05 0.009530884 0.21546023 0.012381918 0.0110364985 0.0018516344 0.014765806 0.0020862618 0.005714919 0.00035644858 0.0024546857 1.6105769e-05 3.535767e-05 7.115848e-05 0.00017660264 0.002099542 4.90525e-06 0.03245373 0.0004093894 2.6129867e-06 0.0003726543 0.00033313624 0.000118714765 0.00023278515 0.0016816176 0.00020809376 0.00013608742 0.0007616458 0.0037093502 0.021829935 0.00029241134 0.00038001096 0.0017149989 0.00024118264 0.00023670797 0.06647931 0.0038192917 1.26399345e-05 1.5272022e-05 0.0015838889 0.00032694623 0.00032738489 0.000604344 0.0005334986 0.00062479614 0.0010930329 0.0011587918 5.153064e-05 0.0006925485 4.3144577e-05 0.0036154534 1.248691e-05 0.049388632 0.00047552612 0.00086549757 0.0031830815 0.001074396 0.000811724 0.004652523 0.00010079939 0.007901278 0.0011427407 0.00061414356 0.012152826 0.08425895 0.001917621
0.39044133 0.022439824 0.00068085094 0.00018929323 0.36867833 1.1864951e-05 0.23777907 0.0017269042 0.07482848 0.754951 0.90041226 0.28745666 1.8540878e-07 0.0009780986 1.6255681e-18 0.024419134 0.001454147 0.01121104 0.9732541 0.44705108 2.917179e-05 0.21063055 0.4450581 0.008823298 0.1549078 0.4395904 0.28019035 0.0015570689 2.8629935e-07 0.14869097 0.1417664 0.011413492 0.0002007436 0.12525259 1.0073331e-05 0.045026988 4.927396e-07 1.3404013e-05 0.074215904 0.026261523 0.0313609 8.177249e-09 0.00050703686 0.0043440294 0.006243527 3.4038712e-06 0.0034285048 0.0033499682 0.0018085524 0.00012567785 0.0011286725 5.6555575e-05 0.0010246314 6.987325e-07 4.127451e-05 1.5022809e-07 2.8883063e-05 4.087469e-05 3.9092272e-05 3.7203095e-05 9.898521e-05 7.5931075e-07 3.5258854e-06 7.0451465e-06 2.7831695e-05 4.3839023e-08 1.6761705e-06 3.386542e-06 9.842032e-09 3.0637866e-06 3.8317372e-05 1.0121967e-06 1.0695298e-05 2.0477856e-07 0.00010664585 3.3747583e-06 7.6428665e-07 1.3326726e-06 5.315596e-07 3.9092976e-07 8.812689e-05 7.36615e-05 3.3249162e-06 4.656591e-07 3.7291255e-07 6.8371904e-05 1.1535234e-06 4.5296933e-06 2.7634707e-05 1.7915737e-06 4.61845e-05 3.102047e-07 6.273142e-07 5.0608076e-05 1.5755725e-07 0.00013806646 2.8511547e-05 1.0523814e-08 3.7456033e-05 0.0003009024 1.9417512e-06
0.73692256 0.29262722 0.024401795 0.02874098 0.31986517 0.0058435407 0.29092938 0.10259751 0.9727523 0.008790119 0.27236897 0.7407243 0.0012665552 0.052962955 0.024419134 8.8586597e-17 0.08358018 0.0030153207 0.0019285643 0.46538514 0.022867348 0.00033291138 0.0005591457 0.53324676 0.73122096 0.0065696994 0.00053118076 0.34157777 0.00015467459 0.00046144595 0.0001746564 0.6283076 0.021219 0.0001514915 0.0024964546 6.120261e-05 0.000104093066 3.7028098e-05 0.04782727 0.10153777 0.003080594 4.4294366e-06 0.21276274 0.14926113 0.0001724952 5.713798e-05 5.368756e-06 2.1404318e-05 3.1444793e-05 0.019265763 0.00040979116 9.8198555e-08 0.0018662433 2.588114e-06 4.011664e-07 1.0876594e-06 1.058836e-05 2.4255402e-07 0.002040272 0.012498437 1.0363184e-05 3.773312e-06 1.6689472e-05 0.0014621778 0.0002251732 1.3945261e-06 3.968436e-06 0.0036076105 6.2021866e-07 0.00014785341 0.0006213684 0.0006660682 1.5669077e-06 1.251646e-06 0.016984353 3.910736e-06 6.308944e-06 8.408653e-05 1.8573697e-06 4.2878914e-06 0.007316777 0.008060399 0.00015363198 3.531886e-06 2.0742176e-07 0.004666358 3.16013e-07 8.7471735e-06 0.0030438853 4.986875e-06 0.0017816277 3.1274967e-06 2.5681422e-06 0.00036837984 6.6579037e-07 0.0014811662 0.00064190704 1.6995311e-06 0.00025394987 0.0012864013 3.1510055e-05
0.9670744 0.371523 0.051059395 0.3136006 0.027319431 0.09715746 0.014285669 0.9498651 0.09990863 0.002817661 0.0025466883 0.01271661 0.22348416 0.026419625 0.001454147 0.08358018 3.946245e-15 0.0015899712 0.00036449372 0.0018636795 0.05084753 8.147708e-05 5.2825053e-05 0.67098385 0.005159024 0.00010953582 0.00017852172 0.33655187 0.019152788 0.00017588578 6.2656145e-05 0.05386067 0.8337226 0.0001604216 0.49721542 9.59082e-07 0.04130938 4.3845906e-05 0.0002509338 0.0005420215 6.8132504e-05 0.0019375294 0.021979537 0.007900582 3.758132e-06 0.059348345 1.8545503e-06 5.738848e-07 2.9030068e-06 0.5102147 6.6547263e-06 1.4266803e-06 4.0362982e-05 0.0018579981 2.0559924e-07 0.00033161635 8.232429e-07 9.0659205e-07 0.4084356 0.008952925 5.0853196e-06 4.733929e-07 0.0027764146 0.0005257825 2.5275807e-05 0.001386215 2.7007349e-05 0.0034024694 6.8438254e-05 0.1293498 0.00029547498 0.0021377637 3.0003685e-07 7.671148e-07 0.091202855 7.85714e-05 0.01436077 0.043622892 1.786905e-06 0.0015520144 0.026760548 0.2604151 0.00019607933 0.006455201 1.4575473e-05 0.044477332 3.1135824e-07 1.0899879e-05 0.21973789 0.0032533028 0.20026746 0.0020687 0.0020945652 0.04849548 8.896461e-06 0.004393836 0.008594869 0.00014796034 0.0012643209 0.0084657995 0.006098611
0.00246815 0.3374532 0.108234964 0.01120208 0.084841035 0.0041383356 0.014539662 0.011857695 0.008795029 0.39329326 0.010075659 0.005501802 0.0016593671 0.44809297 0.01121104 0.0030153207 0.0015899712 5.600011e-19 0.0052772085 0.0016877044 0.005825346 0.015014813 0.0024400118 0.003959103 0.0024887896 0.0006763693 0.00037437156 0.0010852433 0.00019703855 0.0003259972 0.00032207544 0.002340558 0.0005852849 0.021949546 0.0005466381 0.00049141585 0.00046495997 0.9426799 0.0018830863 0.0014549398 0.0018050555 0.00042440798 0.00034794697 0.0019078917 0.00012862988 0.00010574148 0.002292071 0.00034237144 0.00015837023 8.6947795e-05 0.0003004078 0.0016695586 0.0005907987 2.1787924e-05 0.00051360106 6.796721e-05 1.3383257e-05 0.0036501968 0.00010849463 0.00021589042 0.0002595178 7.007158e-05 0.00035384638 5.8259207e-05 0.00025163047 7.189079e-05 1.9366886e-05 1.1427956e-05 2.5175718e-06 9.009303e-05 0.0005408395 1.6496277e-05 0.00012299001 1.292328e-05 0.00015376903 4.0222952e-07 0.00021212499 0.0003648366 4.2988133e-05 0.000105016596 0.00022281958 0.000936029 5.6422962e-08 7.642794e-05 1.1488587e-06 0.00031861442 1.0198004e-05 0.0005435215 0.00041648722 0.00019608327 0.0014846388 0.0020428363 0.0006909247 0.0031332674 1.540737e-05 0.0017787958 0.00048327143 2.253602e-05 9.927999e-05 0.0041967714 0.0012369225
0.10731701 0.0023461876 0.00013493672 2.643562e-05 0.046862174 5.155741e-06 0.030820008 0.00020004032 0.008579697 0.7752498 0.53982055 0.06724138 2.7674452e-07 0.00026907175 0.9732541 0.0019285643 0.00036449372 0.0052772085 5.807385e-19 0.1352853 2.4460473e-05 0.57042325 0.88789845 0.0019995985 0.023931608 0.55447435 0.6266365 0.0010152638 3.6389073e-07 0.4514272 0.6041478 0.003207805 3.806642e-05 0.30877453 3.4439756e-06 0.43051806 2.2097879e-07 3.3579581e-06 0.02898075 0.005519899 0.03679082 1.2838433e-09 0.00033210436 0.0021734736 0.012075191 1.8974887e-06 0.028429376 0.03266039 0.012776832 1.9734762e-05 0.0017321121 0.00034713573 0.00093686715 7.940619e-07 0.0007089658 3.1315942e-08 0.00016696374 0.00025584255 3.0510212e-06 2.4896024e-05 0.0005772127 4.2996066e-06 1.7060398e-06 1.2916294e-05 6.873994e-05 3.3491787e-08 5.943226e-06 1.7847015e-06 1.5780229e-08 1.1783444e-07 9.194016e-05 1.6512528e-06 0.00014952323 2.1080284e-06 2.27843e-05 2.3779105e-06 2.832556e-06 3.3700448e-07 4.9780465e-06 1.2083555e-06 1.7082173e-05 3.697086e-05 4.8974886e-07 6.256359e-07 5.0697105e-07 2.3739645e-05 5.156316e-06 5.1564293e-06 3.1202617e-05 1.8251069e-06 5.5435463e-05 1.3732352e-07 4.161291e-07 2.5831245e-05 2.4507497e-07 0.000104932304 2.9702222e-05 5.5008353e-09 1.7782922e-05 4.1715426e-05 1.6815662e-06
0.746465 0.10241955 0.0050226552 0.0016985656 0.2623367 0.00035266575 0.36621937 0.00287581 0.5196428 0.13689552 0.9035031 0.92952496 9.353066e-06 0.0044255084 0.44705108 0.46538514 0.0018636795 0.0016877044 0.1352853 5.499478e-18 0.0021735283 0.012279516 0.02968371 0.06875481 0.9216629 0.5503736 0.09594171 0.053111367 2.597082e-06 0.040755488 0.02313641 0.14643039 0.00032951395 0.007412919 2.2188198e-05 0.007945415 9.134254e-07 1.4767143e-05 0.38501018 0.297596 0.13988422 1.6832894e-08 0.062692046 0.14823864 0.027774485 2.3585842e-06 8.722794e-05 0.0024361257 0.00453956 0.0012395297 0.018103126 1.6226816e-06 0.021693246 1.3671186e-07 4.9539353e-06 5.5995304e-08 0.00030312678 1.0398333e-06 8.6133055e-05 0.008179813 0.0002747309 2.7587126e-05 6.588993e-06 0.001717015 0.00084400555 1.7933385e-07 2.3378764e-06 0.0025131078 8.551546e-08 4.2366387e-06 0.0025910235 0.0010541514 6.7223655e-06 8.517258e-06 0.0076131183 2.283994e-06 6.6333037e-06 5.481373e-06 1.6273641e-05 9.586905e-07 0.0014767973 0.0023035745 8.290824e-06 1.5709326e-06 4.0657437e-07 0.003923057 1.9281201e-06 0.00019994743 0.0012436142 3.5668081e-06 0.0004189693 3.7142897e-07 6.353834e-07 0.00011048855 3.8674543e-07 0.0018715377 0.0008695034 2.8664604e-07 0.0006573845 0.001262318 6.904415e-06
0.62598425 0.34669843 0.7384333 0.34718442 0.011038336 0.7012876 0.0074098227 0.18592712 0.0111171305 0.0043461197 0.0004810443 0.0036980826 0.9007559 0.98578763 2.917179e-05 0.022867348 0.05084753 0.005825346 2.4460473e-05 0.0021735283 6.1464323e-12 0.00015335123 6.8040434e-05 0.018829476 0.01263114 0.00017996221 7.9861486e-05 0.012440911 0.5941452 0.00029215627 0.00010350724 0.008035418 0.033970702 0.0046642274 0.19357267 7.8830635e-05 0.28581032 0.016782133 0.0052025346 0.0058057318 0.0005675062 0.492812 0.0060318927 0.012897025 6.2132625e-05 0.108274184 0.00012771616 0.0002979745 0.00015761911 0.0017207738 0.000617218 4.6281125e-06 0.01708504 0.04670775 7.0720635e-05 0.046592567 3.5211597e-05 8.370229e-06 0.004221889 0.0031914038 0.0007833658 4.5515117e-05 0.015437758 0.007921183 0.01584283 0.009895894 0.009303055 0.0027870848 0.009625682 0.0052839513 0.04874767 0.0102258045 0.00015842264 0.00020279945 0.0014148842 0.021158379 0.0050561577 0.004582123 0.0012480001 0.007064834 0.003589848 0.0022147652 0.018502567 0.008021413 0.0025011445 0.003314532 0.00013471865 0.025559466 0.0020251495 0.008344801 0.006807493 0.0025951187 0.0025366943 0.005585011 0.0005748895 0.009816234 0.0016348519 0.20657162 0.000548093 0.004231969 0.007964445
0.01438036 0.0006236772 0.00011715582 2.77789e-05 0.008948477 1.6843348e-06 0.004475325 4.463924e-05 0.000652569 0.9639399 0.07891809 0.0078204395 3.0242612e-07 0.00019684661 0.21063055 0.00033291138 8.147708e-05 0.015014813 0.57042325 0.012279516 0.00015335123 7.3340923e-17 0.9326952 0.00012314951 0.001194276 0.028360635 0.04761015 4.5298508e-05 9.001028e-06 0.041669052 0.1218078 0.00017343144 5.1092456e-06 0.96898484 2.988251e-06 0.460286 2.3989091e-06 5.56854e-05 0.005704257 0.00090288033 0.0031079976 1.0268904e-07 1.4100523e-06 7.770016e-05 0.0016474896 4.365962e-06 0.14059572 0.017832734 0.0018483881 5.151034e-07 0.000120434495 0.0063788095 1.9503728e-05 3.7324576e-06 0.0042175213 2.1990652e-06 5.61848e-05 0.0032940917 2.7643916e-06 1.2125909e-06 0.00028410347 2.3117943e-06 6.7667147e-06 4.0887554e-07 2.4231463e-06 1.163403e-07 0.00055856985 3.094849e-07 4.627384e-08 1.0835223e-06 2.0469158e-06 2.0892222e-07 0.0016497923 2.8673066e-06 2.3802884e-06 7.9104575e-06 1.5090649e-06 7.3243365e-07 9.315909e-06 5.2530886e-06 2.0788507e-06 5.480535e-05 2.825762e-06 8.8426424e-07 5.060337e-06 5.4387483e-06 3.631953e-05 1.3504022e-06 5.0006744e-05 7.3532246e-06 0.00011428376 1.0141563e-06 4.273193e-07 6.621961e-05 8.90745e-07 1.3950469e-05 8.65821e-06 8.68606e-09 4.458202e-07 1.1488526e-05 2.478272e-07
0.051259145 0.00031184783 8.2814324e-05 2.3303026e-05 0.0041659116 2.1660974e-06 0.0048259883 4.317598e-05 0.000960772 0.81015956 0.13626054 0.011891 3.0466876e-07 0.00012882508 0.4450581 0.0005591457 5.2825053e-05 0.0024400118 0.88789845 0.02968371 6.8040434e-05 0.9326952 1.9734999e-17 0.0002985155 0.0041961814 0.1762538 0.39439002 0.0003309655 6.5093826e-07 0.28194857 0.7032617 0.0010019239 5.4048646e-06 0.597089 5.373904e-06 0.92806685 2.120821e-06 1.3089658e-06 0.014670345 0.002972017 0.0201563 3.7235923e-09 0.00013643425 0.000749942 0.010347423 6.659806e-06 0.22279151 0.119560495 0.02099179 1.5816751e-06 0.0012891203 0.0012550268 0.00051414286 5.748836e-06 0.0067367353 2.4362205e-07 0.0002888933 0.0007485354 9.2770546e-07 1.3943725e-05 0.0011458586 1.2045223e-05 1.0971611e-05 5.287164e-06 7.5846845e-05 5.2226653e-07 2.9621035e-05 1.985048e-06 5.6387673e-08 2.1441991e-07 3.4124216e-05 2.0519387e-06 0.0011148781 1.5785625e-05 1.754749e-05 8.908367e-07 1.3543869e-05 7.661833e-07 2.4083936e-05 8.708294e-06 2.486513e-05 7.530542e-05 1.0076473e-07 6.626084e-06 9.543066e-07 0.00010089951 3.561711e-05 3.5831492e-06 6.257666e-05 5.868297e-06 0.00011850889 2.751181e-06 1.1513704e-06 8.844354e-05 2.6391876e-06 8.015456e-05 7.928679e-05 1.7917009e-09 2.0069852e-05 8.339104e-05 1.268865e-06
0.9201573 0.3537615 0.039131757 0.14900774 0.089390926 0.016588 0.052659784 0.30395293 0.31440413 0.0073690866 0.05281538 0.12672931 0.01817816 0.012886397 0.008823298 0.53324676 0.67098385 0.003959103 0.0019995985 0.06875481 0.018829476 0.00012314951 0.0002985155 8.186427e-16 0.36463967 0.0045715943 0.00080412574 0.9616579 0.001681115 0.0008920963 0.0004371016 0.70066893 0.37542996 6.286455e-05 0.04736658 1.8409159e-05 0.0034752167 1.1207068e-05 0.013767956 0.03247311 0.0025306176 0.000115215036 0.37067598 0.12737688 0.00054152054 0.0029101572 8.403762e-07 3.023138e-06 0.00011280924 0.1873387 0.00049221463 4.0222435e-06 0.0007761752 4.1918694e-05 3.721363e-07 1.2225193e-05 6.652801e-05 3.050905e-08 0.08111843 0.026073735 4.553024e-06 1.9903395e-05 0.00012296138 0.0016740053 0.00014102743 2.5653651e-05 7.2037346e-06 0.0134075815 6.2349254e-06 0.015861426 0.00091052806 0.0028295983 1.0288966e-06 1.0314235e-06 0.12678878 5.4537168e-06 0.0005278527 0.006159411 3.1349648e-06 7.531023e-05 0.05848203 0.19950299 0.00036462114 0.00048823096 2.1297715e-06 0.058744848 9.103452e-07 3.251978e-05 0.11427728 0.00047028626 0.054554034 0.0002025161 0.00037953106 0.017380716 3.1708015e-07 0.012965988 0.014729328 1.3029683e-05 0.003846054 0.0065114317 0.001603611
0.9588231 0.106607646 0.012844135 0.0059646247 0.0954144 0.00095632917 0.14142938 0.010459012 0.4792571 0.022036353 0.45027062 0.63376397 1.841513e-05 0.01766864 0.1549078 0.73122096 0.005159024 0.0024887896 0.023931608 0.9216629 0.01263114 0.001194276 0.0041961814 0.36463967 3.4816787e-19 0.3388593 0.012570687 0.30952972 4.4440726e-06 0.009267665 0.0032360686 0.7388474 0.0007613375 0.001110145 4.027938e-05 0.0010810025 5.4847334e-07 1.578683e-05 0.71866167 0.7615328 0.18678002 2.3014156e-08 0.5587305 0.75946385 0.022169402 4.040305e-06 1.2824936e-05 0.0009547723 0.0019675079 0.007177465 0.035364207 2.0380966e-07 0.068196595 1.161442e-07 2.0357606e-06 2.5668712e-08 0.00033950357 3.7685933e-08 0.0007461197 0.05156394 0.00045043897 5.6567824e-05 2.2111337e-06 0.010019177 0.001260157 4.9806957e-08 1.1040166e-06 0.015849406 1.6378541e-08 3.7044698e-05 0.0026619695 0.005009548 2.09978e-06 2.1248487e-05 0.051053807 1.9230756e-06 1.6490778e-06 3.610104e-05 1.0768682e-05 1.6315381e-07 0.03054924 0.013919154 6.368484e-05 7.0177435e-07 2.3997822e-07 0.020513404 1.0713647e-06 0.0002168185 0.004162222 7.520952e-07 0.00094863644 3.9557113e-07 3.5455253e-07 0.0004228671 7.458962e-08 0.00687779 0.0025399807 1.9131178e-07 0.0018973569 0.0062061627 1.4209211e-05
0.77886975 0.0002683514 4.4617365e-05 7.477438e-06 0.0048137726 2.9182904e-06 0.008951934 8.728369e-05 0.0066075064 0.11689364 0.38355243 0.08329424 1.2010639e-07 0.0019084085 0.4395904 0.0065696994 0.00010953582 0.0006763693 0.55447435 0.5503736 0.00017996221 0.028360635 0.1762538 0.0045715943 0.3388593 2.6798954e-17 0.924065 0.0021454727 5.363476e-07 0.8959077 0.7124602 0.01902898 0.00010457296 0.05051851 7.558404e-06 0.15919852 5.074073e-07 1.9035697e-06 0.5568584 0.3284348 0.85328084 6.7896586e-09 0.0030400686 0.11947358 0.61693996 1.5433228e-06 0.00880562 0.15545836 0.43744326 0.0007711863 0.26910907 6.119865e-05 0.112213664 2.479766e-07 0.0011432371 1.1957347e-07 0.009980611 0.00014430545 0.00011173575 0.0018115077 0.010045626 0.00049018813 2.1056455e-06 0.0013708062 0.0021684042 5.7895445e-08 4.9143714e-06 0.0004792548 5.6510093e-08 5.5800833e-06 0.0040120417 0.00015551026 0.0005218869 9.122415e-05 0.0010740241 1.2516049e-05 2.6755424e-07 3.4642999e-06 1.7530278e-05 3.2840288e-07 0.00048322356 0.000344404 5.0201193e-06 9.8517106e-08 1.2835025e-06 0.000582133 4.3442258e-05 0.00010538087 8.628598e-05 4.0396844e-06 7.782081e-05 1.8175773e-06 1.0399036e-06 3.18177e-05 1.5483818e-07 0.0007294589 0.0002905159 3.925727e-08 0.00067923375 0.0027592706 2.2247314e-05
0.13496 0.0001590028 1.9881843e-05 1.3688355e-05 0.0018501615 5.519851e-06 0.0021693949 0.00016009193 0.0008989645 0.0856669 0.15165439 0.010331622 1.0656461e-06 0.0002741491 0.28019035 0.00053118076 0.00017852172 0.00037437156 0.6266365 0.09594171 7.9861486e-05 0.04761015 0.39439002 0.00080412574 0.012570687 0.924065 1.1587499e-17 0.00082250964 2.304572e-06 0.96211797 0.94009155 0.0023436293 6.686411e-05 0.043761466 1.522765e-05 0.4001197 5.2558794e-06 8.359758e-07 0.07230957 0.01669148 0.31590408 9.1324125e-08 0.00070568605 0.0049659014 0.3111589 5.6162053e-06 0.022555163 0.17333333 0.3093342 0.0001213843 0.01839806 0.00015912733 0.008497746 4.8899487e-06 0.0025535405 6.241258e-07 0.002223847 0.00017927686 1.5245146e-05 0.00031166707 0.004423802 0.0003031291 1.7520684e-05 0.0003126972 0.00022554265 1.3747546e-06 0.00010562184 0.00014710658 1.5459958e-07 4.7438016e-06 0.00068921305 0.00011418331 0.00060716865 6.1445324e-05 0.00029286958 1.3627807e-06 6.7306537e-06 1.8425984e-05 1.9022751e-05 4.967092e-06 0.00018315237 0.0001252372 2.0957817e-05 7.1861623e-06 2.577794e-07 0.00036995573 3.489878e-05 5.4466327e-06 4.804783e-05 6.6765556e-06 6.1213235e-05 1.9801091e-06 2.2055192e-06 6.0235026e-05 4.1807505e-07 0.00038335304 0.00023947172 3.0889512e-07 0.00019610047 0.0004866936 1.1132216e-05
0.89323395 0.22540845 0.026383514 0.09298293 0.03875664 0.00987992 0.03173841 0.17443173 0.18844268 0.0030754043 0.02777584 0.08089304 0.010603565 0.0060773287 0.0015570689 0.34157777 0.33655187 0.0010852433 0.0010152638 0.053111367 0.012440911 4.5298508e-05 0.0003309655 0.9616579 0.30952972 0.0021454727 0.00082250964 1.9800539e-16 0.001675318 0.00074714934 0.00044458447 0.9134505 0.4644257 1.2470416e-05 0.04115919 4.078198e-05 0.0020588525 1.4765354e-05 0.012263284 0.039381552 0.0018148381 9.5969044e-05 0.5056804 0.25842595 0.00054342486 0.0029784795 2.3918276e-06 7.048023e-06 0.00017281267 0.5453782 0.00031196116 5.122338e-07 0.0018496145 3.872858e-05 7.575669e-07 3.3036587e-05 6.0433595e-05 8.661199e-08 0.11989858 0.086923026 5.3148074e-06 7.2563516e-06 0.00011241253 0.003732672 0.00023959849 2.0025152e-05 1.7487548e-05 0.023502741 1.0441924e-05 0.01730344 0.00077466806 0.0025997409 2.8504028e-06 8.490936e-07 0.16046873 6.472578e-06 0.00023617716 0.006092075 2.0475404e-06 5.7305788e-05 0.07396568 0.27472606 0.00032470276 0.00012039752 2.9251366e-06 0.053927228 9.669156e-07 2.5452702e-05 0.1341921 0.0002762002 0.07436418 0.00013256326 0.000113581846 0.024276353 5.160903e-07 0.015359201 0.013832275 2.9819923e-05 0.0041006897 0.007661842 0.0016008537
0.5139037 0.0019873048 0.046388123 0.075199604 0.00014186985 0.15383565 0.000109281034 0.042391323 0.00017341111 2.7889006e-05 3.82682e-06 3.328722e-05 0.8145388 0.042259548 2.8629935e-07 0.00015467459 0.019152788 0.00019703855 3.6389073e-07 2.597082e-06 0.5941452 9.001028e-06 6.5093826e-07 0.001681115 4.4440726e-06 5.363476e-07 2.304572e-06 0.001675318 1.898214e-18 2.9473422e-06 4.346329e-06 0.00059802795 0.06911795 1.736447e-05 0.37911355 2.6428727e-06 0.85975003 2.290657e-05 2.913788e-06 4.3647965e-06 1.5951221e-06 0.9877251 0.00024196411 4.8021302e-05 5.3815427e-07 0.38241777 8.118257e-07 2.5204233e-06 2.6095984e-07 0.015005093 1.2636025e-06 1.5170575e-06 2.004184e-06 0.13500863 2.4499158e-07 0.120674856 1.0175494e-07 4.0241922e-08 0.034044854 0.00013060815 5.8829946e-06 1.6224627e-07 0.040637482 5.6043014e-06 1.2158633e-06 0.01689828 0.03247748 4.4790457e-05 0.030827548 0.06807445 6.531972e-06 3.1798376e-05 1.6789038e-07 9.83873e-07 0.0010795586 0.0033050028 0.05102945 0.05501734 9.1546616e-07 0.023646541 0.00049484515 0.004307545 0.000107206186 0.020520423 0.0007690997 0.0010309893 3.401773e-07 1.3668415e-06 0.0071392995 0.0135915 0.014688187 0.020116672 0.011895848 0.010597342 0.00074631046 0.000737142 0.0010179979 0.0027252613 0.00018062918 2.7644091e-05 0.018210659
0.12659211 6.918709e-05 2.1039243e-05 1.2823859e-05 0.0008913467 3.307891e-06 0.0013879254 5.7495414e-05 0.0007961138 0.043178126 0.08315169 0.004783414 1.8993519e-06 0.00057429896 0.14869097 0.00046144595 0.00017588578 0.0003259972 0.4514272 0.040755488 0.00029215627 0.041669052 0.28194857 0.0008920963 0.009267665 0.8959077 0.96211797 0.00074714934 2.9473422e-06 9.409655e-17 0.9486 0.0019795278 5.8081518e-05 0.04341356 1.5934762e-05 0.45759344 5.1568272e-06 1.3756634e-06 0.037820835 0.011065459 0.2424195 6.01541e-08 0.000740725 0.0051843086 0.41822878 7.5409157e-06 0.031911187 0.29221976 0.50149775 0.00015899948 0.017412204 0.00011472253 0.009462352 7.2816615e-06 0.0042887037 4.1250897e-07 0.0074477685 0.0001750925 2.2577344e-05 0.00042420955 0.013089067 0.00078236085 3.5709247e-05 0.0002833429 0.0003096433 1.6523901e-06 0.00015692753 0.000194335 8.8431015e-08 1.9425863e-06 0.0007372454 0.00012645536 0.0020339882 0.00027978502 0.0002697169 1.1362366e-06 9.0021185e-06 1.1127534e-05 7.914339e-05 1.7295362e-06 0.0001416245 0.00018339146 4.6035297e-05 8.076215e-06 6.161954e-07 0.00051105133 0.00011656604 7.069225e-05 0.000102338614 3.601069e-06 0.000160797 2.281499e-06 2.3271946e-06 7.9872145e-05 4.6284543e-07 0.0004930685 0.00036164082 3.2729668e-07 0.00030747868 0.00122767 1.2232108e-05
0.09828444 7.2326715e-05 1.3724354e-05 5.159548e-06 0.0005350557 1.3018697e-06 0.001246915 3.8992934e-05 0.00043665082 0.06848094 0.06838631 0.0059762658 7.750426e-07 0.00023237192 0.1417664 0.0001746564 6.2656145e-05 0.00032207544 0.6041478 0.02313641 0.00010350724 0.1218078 0.7032617 0.0004371016 0.0032360686 0.7124602 0.94009155 0.00044458447 4.346329e-06 0.9486 1.4657537e-16 0.0014060971 2.0470165e-05 0.14357075 1.11884665e-05 0.8813008 3.844539e-06 8.883298e-07 0.029576983 0.00467471 0.15000749 1.07906814e-07 0.0002943542 0.0017219402 0.22702831 2.4446167e-06 0.14541529 0.5685625 0.486625 1.3617238e-05 0.0076296353 0.00053185143 0.002512922 2.6758191e-06 0.015791621 1.0657381e-07 0.004152683 0.00035671517 4.210638e-06 3.084857e-05 0.010736177 0.0004355402 1.0549052e-05 5.757025e-05 0.00017724905 2.830154e-07 0.00010495031 1.5557456e-05 2.1979117e-08 1.9065045e-07 0.00020654919 3.2216743e-05 0.0037334391 0.0002630175 7.2961724e-05 1.1280247e-06 2.9321359e-06 2.1644992e-06 6.0560178e-05 3.997663e-07 2.9590794e-05 8.720897e-05 6.0031958e-05 3.0209476e-06 5.1584084e-07 0.0003003508 9.486979e-05 1.927871e-05 6.2818704e-05 1.9349668e-06 6.490235e-05 1.228567e-06 1.1123657e-06 8.2429644e-05 3.0262402e-07 0.00014733656 0.00020043523 7.891439e-08 0.00010795462 0.0006982848 1.1619638e-05
