2.5378361e-24 0.9046386 0.97321916 0.9731278 0.95006084 0.9147388 0.9882315 0.9612151 0.95974463 0.99738413 0.87715507 0.94003093 0.91260076 0.5321832 0.42199057 0.97811735 0.7821184 0.5564378 0.9219498 0.9797287 0.9449589 0.2074873 0.97269624 0.91087747 0.4026068 0.583363 0.93540543 0.9999332 0.88870853 0.84581494 0.89623237 0.8693745 0.90116525 0.94880754 0.9724759 0.73392856 0.92623365 0.12111676 0.16994146 0.9252033 0.6557006 0.85504216 0.9826028 0.9388867 0.933944 0.25856388 0.95985746 0.47831625 0.65065205 0.9640249 0.053570196 0.4503445 0.6012497 0.99634874 0.33135802 0.026992235 0.7545447 0.0134516135 0.04651698 0.23252709 0.090863355 0.90327036 0.1436136 0.9495793 0.29915172 0.2550845 0.46492016 0.008956798 0.02297295 0.70819247 0.9994337 0.31638822 0.012570585 0.9261593 0.48222768 0.999994 0.046133455 0.35532543 0.010952116 0.9981022 0.008464972 0.56152564 0.6886933 0.026358161 0.0093650855 0.0093700215 0.006085965 0.0051042372 0.0006321855 0.004860943 0.01211002 0.004591256 0.00047947429 0.007400078 0.043316953 0.9969455 5.6329012e-05 0.0004355038 0.0064644357 0.039550815 0.04014344
0.9046386 5.3691115e-18 0.9758608 0.26125067 0.7070155 0.46448937 0.46020728 0.44517973 0.28697157 0.40328595 0.7737771 0.5132874 0.057582512 0.20634207 0.36126798 0.07507659 0.03892071 0.47389713 0.0178566 0.014485499 0.0022027658 0.026252078 0.009247151 0.020214856 0.008531668 0.18837611 0.11155984 0.106916666 0.01168488 0.00022687414 0.0019547003 0.00071988656 0.011103229 0.0026098625 0.0054103294 0.076805204 0.0021959501 0.046396792 0.033743072 0.00015509024 1.747641e-05 1.5686788e-05 0.063794546 0.00048486807 0.0022284954 0.052986406 0.03773013 0.00043414306 5.874823e-05 0.002188094 0.015998038 0.00014124022 6.768245e-06 0.004687131 0.0008166923 0.0004016471 3.9646133e-05 0.006344201 0.00016722348 0.0018448756 5.2975036e-05 0.0018546389 0.0002080874 4.6271903e-06 4.2224066e-05 2.188981e-05 1.3789852e-06 7.369501e-05 6.339018e-05 0.0029322142 0.06640524 8.967254e-06 4.70801e-05 9.518525e-05 8.969631e-06 0.055172995 3.8968897e-06 6.7106694e-06 0.000113703994 0.0029014724 6.6662835e-07 0.00027275833 7.291414e-07 2.5829175e-05 7.1601535e-06 2.476832e-06 1.206932e-06 6.7848596e-06 3.0714822e-05 2.9202504e-06 5.1116604e-07 8.022315e-07 2.3890416e-06 8.493123e-07 5.0057076e-07 0.010041346 7.66668e-07 1.2288119e-06 2.1692726e-06 9.88802e-07 2.5964985e-07
0.97321916 0.9758608 1.9602505e-16 0.04791985 0.7980202 0.53673875 0.34040862 0.029794384 0.11991748 0.6600457 0.24448554 0.1129544 0.13307056 0.18917912 0.1563658 0.01020067 0.06935131 0.12327526 0.0538449 0.0032753763 0.000295168 0.008569901 0.028347883 0.0014729005 0.009807928 0.028614543 0.009422541 0.49119705 0.0005978061 2.6456073e-05 7.705566e-05 4.9998824e-05 0.029008266 0.00013640628 0.0009798986 0.006339 0.00030487296 0.006659337 0.00413558 7.527687e-06 4.709543e-06 2.1041399e-06 0.054719362 1.6611824e-05 0.00015722188 0.0050342507 0.025239184 3.134533e-05 6.3697757e-06 0.00025392903 0.0014053403 2.641541e-05 3.416141e-06 0.0043270797 0.006134254 0.00091702765 3.1533637e-06 0.00042361076 0.00035565096 9.202096e-05 5.259966e-06 0.005242004 1.0494215e-05 2.6251442e-07 1.0329429e-05 2.0332363e-06 1.0887641e-07 7.402039e-06 1.7560313e-05 0.007775688 0.06691323 1.0322884e-06 1.3314899e-06 8.854765e-06 1.1220934e-06 0.18006392 1.0165484e-07 3.4473612e-07 0.00030858145 0.0058857254 4.446966e-07 0.00092751 1.9034227e-08 0.0010206903 1.1925273e-06 4.1845635e-07 1.739447e-07 2.9117212e-08 1.9931964e-05 8.529588e-08 3.5613337e-07 1.2344869e-07 8.9130026e-08 1.265745e-07 4.4616212e-05 0.008868935 3.2574295e-08 1.8373841e-08 4.7189147e-05 4.164247e-06 1.3866604e-08
0.9731278 0.26125067 0.04791985 3.4164905e-17 0.12760718 0.0051988526 0.40741372 0.9388216 0.7782841 0.08256376 0.108402304 0.52457976 0.00095272757 0.00051194034 0.0012209989 0.6115185 6.788294e-05 0.010603105 0.00025693869 0.14034916 0.07175728 0.00014251139 2.3292494e-05 0.81977385 2.205068e-05 0.033287197 0.66328585 0.011364709 0.29283738 0.078954205 0.1777648 0.13128452 9.007718e-06 0.58667755 0.027170518 0.19852515 0.009041827 0.027901454 0.001332266 0.026122913 0.0038381396 0.0011952764 0.049764197 0.011400857 0.091462545 0.044276774 0.077163674 0.009945958 0.008144896 0.003996985 0.071914196 0.0032819721 0.0031011496 5.459278e-05 1.6803928e-06 0.0005980374 0.0010692928 0.016087318 1.8577217e-05 0.01411383 0.0015500122 5.2143814e-06 0.0013269184 0.0004262408 0.0005161647 0.00050029904 0.00025971662 0.001080034 0.010074323 1.36777335e-05 0.080284856 0.00035383354 8.642862e-05 0.0012147427 0.00057387195 0.021161871 5.2454863e-05 0.00031360268 4.1081305e-05 0.00011523547 4.0108112e-05 1.987208e-05 2.98749e-06 1.1495293e-06 6.6616005e-05 1.4246227e-05 2.6526915e-05 6.561428e-06 3.0144454e-05 7.745915e-06 9.251138e-06 6.0087373e-06 1.1582667e-06 2.0162886e-06 9.090217e-08 0.033159543 4.4954202e-08 4.3899837e-07 4.171976e-07 5.5057427e-07 1.5483529e-06
0.95006084 0.7070155 0.7980202 0.12760718 3.1960925e-17 0.21339224 0.8071738 0.29508534 0.5376413 0.9507354 0.21191168 0.32747155 0.06597931 0.016521825 0.017703563 0.10709529 0.0069533642 0.07796346 0.022138106 0.04398279 0.0072376877 0.0022773854 0.011325693 0.029807983 0.0010390419 0.0468403 0.0613426 0.100648224 0.011208469 0.0032093974 0.0040560486 0.0057796706 0.0069269855 0.014030852 0.01086744 0.020389553 0.0020810487 0.005452225 0.0038595463 0.0011264557 0.00014100282 0.00034085315 0.040226508 0.0015666413 0.0035120007 0.014820119 0.021059174 0.0008539625 0.0006359039 0.0014910495 0.0078082317 0.00055332365 0.0003415679 0.010319073 0.007062675 0.0027426651 0.00024248847 0.0024908497 0.0004877516 0.0028559414 0.00024192281 0.0056439033 0.00032609332 0.00010417212 4.6715722e-05 8.4360356e-05 1.8403367e-05 6.746157e-05 0.0005039133 0.005762071 0.062111426 1.903164e-05 3.945242e-05 0.00012841172 5.9912254e-05 0.21173729 2.4902495e-06 1.576467e-05 0.00030935052 0.005885711 2.1909975e-06 0.00088196556 2.420533e-07 0.0010712964 1.2687239e-05 1.3216216e-05 9.52435e-06 3.2932794e-06 0.00010918352 2.6232035e-06 8.256398e-06 2.9722721e-06 4.67786e-06 1.3409217e-05 0.0011325859 0.014296101 5.3552833e-07 5.753825e-07 4.2661977e-05 2.6933785e-05 1.5635732e-06
0.9147388 0.46448937 0.53673875 0.0051988526 0.21339224 5.7695493e-15 0.03216456 0.01535887 0.008181724 0.1585641 0.30276114 0.060672507 0.95935184 0.80980116 0.6139822 0.00039247115 0.5834236 0.58567405 0.37305537 0.00011693647 5.2518308e-06 0.16011432 0.1988347 0.00026730343 0.31243744 0.07492144 0.0039871763 0.57151395 0.00015794007 2.0143473e-06 2.239934e-05 4.059876e-06 0.13709295 1.8346991e-05 2.4093515e-05 0.005553534 4.5688744e-06 0.019075135 0.043837156 7.4713216e-06 1.9242643e-06 1.3577123e-06 0.0027759366 1.1339606e-05 9.863744e-06 0.0073551927 0.003190395 9.876395e-06 3.2027624e-06 3.5528465e-05 0.001030123 1.4144517e-05 6.2046624e-06 0.0075967815 0.04311889 0.0052659595 1.1669372e-06 0.00081419334 0.006611122 5.068149e-05 1.5264857e-05 0.009601262 7.078308e-06 8.4689543e-07 6.1079727e-06 6.100975e-06 1.2182583e-07 2.9035928e-05 1.1288548e-05 0.017820893 0.01436653 9.5216666e-07 5.241811e-05 1.0460097e-06 1.8175659e-07 0.022429587 1.3985475e-07 7.0264826e-07 0.00092553167 0.0019517136 7.832869e-07 0.0004021411 1.1261935e-07 0.001151968 1.4874227e-06 6.2210063e-07 5.2707e-07 1.1156442e-06 1.2885905e-05 8.1079975e-07 1.7241419e-07 1.9787954e-06 8.1748985e-06 3.211551e-07 2.231712e-05 0.0021320425 1.4072244e-06 4.070504e-07 5.6278168e-05 5.4052132e-05 2.614694e-06
0.9882315 0.46020728 0.34040862 0.40741372 0.8071738 0.03216456 1.3650375e-19 0.23903108 0.932509 0.6780402 0.07521755 0.23344673 0.010762815 0.0022459265 0.0024982577 0.46382487 0.0009765653 0.01583892 0.0039092517 0.4125143 0.11219464 0.0004140669 0.0020123506 0.056212034 1.1570375e-05 0.011527489 0.06225855 0.030337559 0.014763947 0.038055897 0.014189685 0.024866194 0.0009507856 0.07621943 0.13834082 0.020900099 0.028972488 0.0027781231 0.0006032241 0.009834473 0.003280697 0.0022677376 0.2534876 0.0027512563 0.007982745 0.004437695 0.18478554 0.00090069027 0.0030563946 0.0080193635 0.009100794 0.0010529207 0.001462088 0.002323919 7.878494e-05 0.0003508832 0.00050512963 0.002148787 3.4329312e-06 0.0014683591 0.00020824163 0.0005428266 9.150568e-05 0.0007972991 0.00068052474 9.197393e-05 0.0003077157 0.00021767475 0.0014528247 0.00016960016 0.2320154 0.000117626696 6.1113957e-07 0.001530169 0.0002205181 0.5917545 3.5003674e-07 2.0021334e-05 1.0263022e-05 0.0017476281 8.596955e-06 0.00019716429 1.9554125e-07 3.2371395e-06 3.6580916e-06 5.703952e-06 2.7029314e-06 2.8343772e-08 3.2697626e-05 1.6543035e-07 1.4759244e-05 1.5148715e-06 6.084853e-07 6.871519e-06 5.971653e-07 0.05608689 5.454523e-08 7.12792e-08 2.0125117e-06 1.0107541e-07 5.1852318e-08
0.9612151 0.44517973 0.029794384 0.9388216 0.29508534 0.01535887 0.23903108 2.225401e-17 0.34123617 0.07680654 0.3273036 0.8352014 0.0020690407 0.0015141777 0.005432505 0.12854843 0.0011826034 0.035753652 0.001442042 0.033187754 0.013202064 0.0014200548 0.00017068048 0.43110764 4.234791e-05 0.22562785 0.8351602 0.026636388 0.16357915 0.0041479412 0.01737195 0.009689475 0.00011453996 0.03646086 0.01350309 0.42195505 0.004685509 0.13661472 0.010909772 0.003655825 0.0005112229 0.00028992028 0.06634394 0.0028442133 0.059934143 0.1819899 0.030513039 0.018706629 0.0008359533 0.0014918558 0.23878224 0.0030678262 0.0010319107 4.3532957e-05 9.497891e-08 0.0010937195 0.00032017945 0.09229115 2.6664425e-06 0.049036324 0.0019687852 1.6752108e-05 0.0033505466 7.462659e-05 0.00011729757 0.0008114175 3.3933426e-05 0.0028017287 0.03949051 2.5543646e-05 0.042997785 0.00013259171 0.00081358047 0.00037765093 8.796885e-05 0.0057459045 6.0711907e-05 7.123894e-05 0.00022493325 0.00031217636 3.2042488e-05 0.00020639795 6.178136e-07 1.7223384e-06 3.8332248e-05 2.0346351e-06 2.1640492e-06 2.8462468e-06 8.515808e-05 1.6036589e-06 3.90899e-06 3.1553373e-06 1.5352695e-06 1.3374944e-06 1.508574e-08 0.020737467 9.673976e-08 3.196655e-07 2.5386535e-06 1.4999446e-07 3.8115024e-07
0.95974463 0.28697157 0.11991748 0.7782841 0.5376413 0.008181724 0.932509 0.34123617 6.286833e-18 0.28866142 0.041892823 0.23431721 0.0035894222 0.00033974176 0.00037398122 0.8716719 0.00016418517 0.0027743066 0.0021559054 0.67061883 0.30585223 3.409435e-05 0.00071055786 0.11768557 1.7454898e-06 0.006743286 0.11191637 0.012257935 0.03670431 0.12443635 0.023611652 0.082272485 6.003379e-05 0.18417466 0.2592654 0.023321575 0.11085074 0.001989537 0.00040233906 0.019989373 0.006985134 0.0065263836 0.25792018 0.003352084 0.010559667 0.005016645 0.26180586 0.0006124617 0.0043287547 0.016971333 0.007865931 0.0006971913 0.0017569494 0.0011062294 1.2591425e-05 0.00072296953 0.0003584544 0.0028934728 1.0678176e-05 0.0017187598 0.00018026245 0.00019092951 0.00017886066 0.0022786988 0.0013121105 0.00011364545 0.0011725005 0.00026373184 0.0009059448 4.4907134e-05 0.14165181 0.00018464694 3.1553147e-05 0.0018553244 0.00056807016 0.24104808 3.6141323e-06 9.376854e-05 3.7954665e-05 0.00080558227 6.7657725e-06 4.8324888e-05 5.8027226e-06 1.4366856e-06 1.2233974e-05 1.873869e-05 7.5047355e-06 9.3776055e-07 6.83296e-05 1.1908328e-06 2.7468752e-05 2.7077174e-06 6.2562967e-06 3.171836e-05 1.1861755e-06 0.048864927 1.8361797e-07 1.0937247e-06 1.6871289e-06 6.929029e-07 4.9176483e-06
0.99738413 0.40328595 0.6600457 0.08256376 0.9507354 0.1585641 0.6780402 0.07680654 0.28866142 7.862571e-17 0.19610287 0.17946422 0.054405533 0.010806047 0.01269043 0.0763638 0.008286252 0.057940196 0.021743169 0.041517634 0.0069597927 0.0019482519 0.016827824 0.0123509 0.0009728605 0.020386737 0.01911322 0.09437583 0.006086017 0.0022014356 0.001875428 0.0046697175 0.009357845 0.004418171 0.011374461 0.0056846277 0.0017911375 0.0028644246 0.0013950841 0.00047609015 0.00013732047 0.00011255638 0.039121766 0.00041783272 0.00042319507 0.00270317 0.025643706 0.00013636921 0.00020600093 0.0013163436 0.0033326545 0.00042023268 0.00019200958 0.012438033 0.007459142 0.001725583 0.000101435944 0.0015283781 0.0002706548 0.0019301715 7.3006755e-05 0.006322349 4.037684e-05 4.8812057e-05 6.843877e-05 5.5715143e-05 8.872177e-06 0.0002536848 0.00081639015 0.0050064386 0.07938218 1.3121459e-05 1.8937764e-05 8.864181e-05 2.5435304e-05 0.30798912 9.0816354e-07 7.910111e-06 0.000317028 0.006053985 7.361048e-06 0.00193197 4.1554932e-07 0.00077628624 1.2537827e-05 1.8884075e-05 1.036616e-05 5.719476e-06 5.4536733e-05 2.277473e-06 5.9198187e-06 1.4298021e-06 3.4898496e-06 3.4788492e-05 0.0009690122 0.013769728 4.8954104e-07 4.184005e-07 7.248574e-05 2.3890498e-05 1.2070354e-06
0.87715507 0.7737771 0.24448554 0.108402304 0.21191168 0.30276114 0.07521755 0.3273036 0.041892823 0.19610287 1.925162e-15 0.9404688 0.04397759 0.14391781 0.3036893 0.005629518 0.080632135 0.86199486 0.02579929 0.0019697251 0.0001035413 0.1557543 0.01412271 0.0048251804 0.063496195 0.90767246 0.045282897 0.11435308 0.0034211902 2.173212e-05 0.00035097456 3.7300117e-05 0.010923697 6.6168795e-05 0.00055483304 0.06783634 7.637009e-05 0.5051983 0.5636399 1.8329414e-05 1.685135e-06 7.931e-07 0.0067778532 8.458741e-06 0.00021173246 0.29667154 0.0033695167 3.078867e-05 2.1693636e-06 0.0001260639 0.062475506 1.3715181e-05 2.468715e-06 0.0036574625 0.00039347194 0.022600075 2.7224723e-07 0.027859177 6.9939655e-05 0.0035700635 0.00015840541 0.00039644222 0.000101087135 2.1998044e-07 3.86007e-07 8.816914e-06 5.8993773e-08 0.0010494295 0.00073768076 0.00019115086 0.012956211 7.2121315e-07 0.007722413 7.4123527e-06 2.8250037e-07 0.003487047 8.5242254e-07 2.4370803e-07 0.0014958984 0.0021032062 1.6105076e-07 0.00024768748 1.8927652e-07 1.1249483e-05 8.6911155e-07 4.892316e-07 1.1865421e-06 2.0431975e-07 2.023052e-05 1.4667439e-06 2.1864314e-07 1.6570865e-06 3.1651227e-06 5.2095425e-07 1.492931e-08 0.008152275 8.355698e-08 8.402953e-07 6.7220617e-07 5.3912643e-08 1.3511673e-06
0.94003093 0.5132874 0.1129544 0.52457976 0.32747155 0.060672507 0.23344673 0.8352014 0.23431721 0.17946422 0.9404688 7.740855e-16 0.008572726 0.018959615 0.043213397 0.08613426 0.0065657287 0.40010023 0.0065418966 0.016505618 0.0034970215 0.03515089 0.003597477 0.06012292 0.0024491088 0.88832974 0.5064621 0.054320674 0.047681 0.0010131022 0.0072988346 0.001772314 0.0015833443 0.0072475583 0.005093644 0.42802987 0.0012436971 0.7080095 0.42368478 0.0005480595 0.0003907843 0.00012714718 0.043875728 0.0004371587 0.00943352 0.7870486 0.010635537 0.0016813828 0.00022711248 0.00065833377 0.38343167 0.0008774845 0.0002765563 0.00084114284 8.749113e-05 0.002177022 2.61396e-05 0.23781177 1.6727461e-05 0.049665276 0.00119307 9.33321e-05 0.0019162983 1.0326523e-05 2.8819613e-05 0.00020397817 7.959836e-06 0.0056454246 0.010175864 7.569762e-05 0.03147431 2.217999e-05 0.027140606 7.839132e-05 1.0175485e-05 0.0076778973 1.040429e-05 6.2318936e-06 0.0005969584 0.0013949795 3.6801393e-06 0.0003005717 1.3350279e-05 8.49418e-06 8.964433e-06 9.801302e-06 4.9228947e-06 3.1352833e-05 0.00016913482 6.008313e-06 1.5121753e-06 8.0296895e-06 3.8015721e-06 2.0996138e-06 6.16469e-08 0.012011764 7.716993e-07 2.509843e-06 1.6793066e-06 3.3115666e-07 3.2014339e-06
0.91260076 0.057582512 0.13307056 0.00095272757 0.06597931 0.95935184 0.010762815 0.0020690407 0.0035894222 0.054405533 0.04397759 0.008572726 2.5585037e-15 0.26480025 0.12840942 0.00017387148 0.6837493 0.12029166 0.92274916 3.7326627e-05 1.1237854e-06 0.033866078 0.7146674 2.9666777e-05 0.16339564 0.010511509 0.0008670093 0.8643227 2.3054215e-05 2.0085858e-07 3.615177e-06 2.3527098e-06 0.18104325 1.008641e-06 6.8346058e-06 0.0013011901 2.3182631e-06 0.002185655 0.0068300976 4.84419e-07 4.3181373e-07 1.1536714e-07 0.0015417762 5.053659e-07 5.9637364e-07 0.001417407 0.0017249192 5.338018e-07 3.7852473e-07 5.0528192e-06 0.0004476729 5.1622205e-06 1.4194225e-06 0.005510768 0.052103005 0.0013081459 6.182624e-08 0.00017849753 0.00312689 0.000112129106 7.630846e-06 0.0056963773 8.508433e-06 2.4013557e-08 4.7248497e-07 1.4918878e-06 3.2859724e-08 3.0161133e-05 7.386987e-05 0.0076557286 0.0061727976 2.2188217e-07 0.00010335424 3.6650544e-08 6.8050255e-08 0.017454669 8.893185e-08 2.1270138e-07 0.0010571511 0.0019976934 4.6654097e-07 0.00034943805 1.30760816e-08 0.0013501635 1.7371716e-06 2.1060812e-06 1.4337688e-06 9.224844e-07 8.057966e-06 1.2098152e-06 1.0857028e-06 1.756074e-06 3.836979e-06 4.7687377e-07 8.147684e-05 0.00069190486 2.5163655e-07 1.6069245e-06 0.00026316656 3.7152004e-05 1.1017289e-06
0.5321832 0.20634207 0.18917912 0.00051194034 0.016521825 0.80980116 0.0022459265 0.0015141777 0.00033974176 0.010806047 0.14391781 0.018959615 0.26480025 4.718301e-15 0.9856072 3.6513353e-05 0.8828417 0.4288174 0.21438478 8.9446285e-06 1.9743861e-06 0.26265126 0.13707119 4.459767e-05 0.55152094 0.097696304 0.0011244958 0.09217694 1.6593534e-05 1.6354996e-07 4.4423437e-06 6.9857987e-07 0.17941613 1.0428196e-06 1.7141517e-06 0.0016817034 3.3861173e-07 0.023472806 0.11212351 3.8784353e-07 3.7688018e-08 6.115258e-08 9.8851924e-05 3.581272e-07 1.3526771e-06 0.008764057 8.504024e-05 7.069682e-07 1.3833815e-07 9.209329e-07 0.0021979131 5.990185e-07 1.460511e-07 0.002903565 0.023534928 0.019023867 2.969852e-08 0.0012281367 0.004936945 3.539478e-05 3.4800087e-06 0.0018925427 2.3007817e-06 4.3788713e-08 3.4059477e-07 1.4377663e-07 3.761843e-08 6.609892e-05 7.1412633e-06 0.0019157318 0.0007542588 2.7671243e-08 0.00034974093 1.4231309e-08 4.6648957e-08 0.0011201651 2.1614767e-08 3.2988007e-07 0.0023964467 0.0011263273 1.8681824e-07 0.00030798314 8.978467e-09 0.00069158454 1.1022702e-06 1.1840365e-07 3.2249142e-07 1.8137479e-07 1.1094156e-05 1.5977368e-07 3.4590028e-07 3.7605676e-07 1.9237393e-06 2.6914076e-08 5.2769916e-05 0.00017028165 1.6038157e-07 4.0359433e-07 8.2476115e-05 1.3196165e-05 1.9731223e-07
0.42199057 0.36126798 0.1563658 0.0012209989 0.017703563 0.6139822 0.0024982577 0.005432505 0.00037398122 0.01269043 0.3036893 0.043213397 0.12840942 0.9856072 1.2053459e-17 2.8596729e-05 0.61577976 0.8233961 0.08495858 8.764065e-06 1.931276e-06 0.44181663 0.0647862 4.7691196e-05 0.6697488 0.24061045 0.0017560363 0.059761282 1.3929091e-05 1.2604075e-07 5.60343e-06 1.148059e-06 0.06878125 1.4589442e-06 4.8081083e-06 0.0023112148 2.327717e-07 0.037071995 0.1847464 3.1584608e-07 2.5504152e-08 2.9861425e-08 0.0001556475 5.293721e-07 5.658141e-07 0.014385229 0.00013043403 1.6016132e-07 5.845491e-08 1.0464768e-06 0.0017139524 1.7154785e-07 4.6172738e-07 0.001804558 0.013529069 0.028148815 1.6871594e-08 0.0011247982 0.0040536085 4.1509546e-05 1.7161914e-06 0.00083652936 2.0994037e-06 1.7259408e-08 1.6394537e-07 2.7647042e-07 1.08215295e-08 5.1563577e-05 5.208522e-06 0.0011251678 0.0010727794 3.4773976e-08 0.00039115397 2.6806593e-08 1.5214214e-08 0.0009934492 2.0881496e-08 1.0077396e-07 0.0037384753 0.0006219942 6.026113e-08 0.0001371855 4.659016e-09 0.00038299325 6.469132e-07 7.07847e-08 7.160648e-07 4.890739e-07 2.3438963e-05 3.133926e-07 4.7159273e-07 4.298514e-07 1.5054296e-06 5.612832e-08 1.564004e-06 0.00020618057 1.106551e-07 7.831054e-07 1.384638e-05 1.7471203e-06 3.0640567e-07
0.97811735 0.07507659 0.01020067 0.6115185 0.10709529 0.00039247115 0.46382487 0.12854843 0.8716719 0.0763638 0.005629518 0.08613426 0.00017387148 3.6513353e-05 2.8596729e-05 6.990128e-17 8.321487e-06 0.00026571844 0.000100321595 0.77892965 0.85921997 3.1982498e-05 2.185043e-05 0.26529875 6.710596e-07 0.0017444575 0.12443064 0.003270613 0.10945818 0.64572287 0.11750197 0.42603728 4.2054935e-06 0.5871739 0.28343982 0.035822384 0.14122014 0.0014384921 0.00013091568 0.157574 0.16134451 0.2187445 0.20363049 0.014528997 0.05044181 0.0032312658 0.19218709 0.0017249859 0.03061822 0.025140451 0.009095543 0.0033130515 0.009702453 7.103773e-05 2.9537464e-06 0.0020831255 0.0046638087 0.0012426106 1.1575121e-05 0.0012038605 0.0005439504 5.803957e-06 0.0002840355 0.083095014 0.009285132 0.00056156656 0.009945223 0.00049363053 0.002283208 3.7602256e-06 0.119718686 0.004335622 0.00012448915 0.003913252 0.008345776 0.11310867 2.5310108e-05 0.00093056046 8.688861e-05 0.00011042652 6.338147e-05 1.5552265e-05 0.00047284111 3.132035e-07 5.781206e-05 0.00014068959 8.2253515e-05 8.974628e-06 0.00036467798 3.1639505e-05 8.4333806e-05 7.138394e-05 1.043819e-05 0.00026635046 7.209329e-06 0.04115775 2.753105e-06 1.6584201e-05 2.5702874e-07 1.3955823e-06 0.00013102948
0.7821184 0.03892071 0.06935131 6.788294e-05 0.0069533642 0.5834236 0.0009765653 0.0011826034 0.00016418517 0.008286252 0.080632135 0.0065657287 0.6837493 0.8828417 0.61577976 8.321487e-06 1.7362644e-13 0.5952889 0.78577274 5.3757904e-06 1.1582204e-06 0.41616508 0.5266943 1.5681539e-05 0.89850765 0.059891067 0.0006325365 0.14104539 1.0029659e-05 6.4214515e-07 4.7993126e-06 3.1738132e-06 0.65221107 1.9227455e-06 2.5462523e-06 0.0022539066 4.724764e-07 0.018720832 0.09519077 1.7232651e-06 3.9726254e-07 1.5307016e-07 4.336609e-05 3.491198e-06 3.1561915e-06 0.004622769 3.490474e-05 2.2192949e-06 9.792451e-07 1.357746e-06 0.00017786406 2.1001383e-06 4.2622432e-06 0.027047727 0.30174538 0.05400955 3.4407105e-07 0.00018713894 0.029508905 4.4503642e-05 6.3096063e-06 0.025858618 9.609337e-06 5.983927e-07 1.7650733e-06 4.6996856e-06 3.9250157e-08 3.0742693e-05 4.1825053e-05 0.029803677 0.0007964104 5.341441e-07 0.00013046052 2.5514797e-07 1.5117578e-07 0.0018944604 3.9937362e-08 7.754522e-07 0.007278433 0.004070035 2.2163388e-07 0.0016459026 9.510598e-08 0.015771437 1.0663283e-06 7.0102686e-08 5.4424817e-07 1.578936e-07 2.2517717e-05 4.0075037e-07 6.871115e-07 1.1879778e-06 8.076048e-07 3.883345e-08 0.00050291256 5.837277e-05 3.0720682e-07 1.7989862e-07 0.0020335615 0.000421242 1.8111257e-07
0.5564378 0.47389713 0.12327526 0.010603105 0.07796346 0.58567405 0.01583892 0.035753652 0.0027743066 0.057940196 0.86199486 0.40010023 0.12029166 0.4288174 0.8233961 0.00026571844 0.5952889 8.6248385e-18 0.08801032 0.0001511015 0.00013099411 0.9671154 0.04182719 0.0007277593 0.72616315 0.7397367 0.0055567203 0.105647 0.00033324523 5.45904e-06 0.00014861184 6.2920603e-06 0.05609585 2.2452463e-05 8.329693e-05 0.013791177 1.2453812e-05 0.3090904 0.6041578 6.0561592e-06 3.8708067e-06 2.669002e-06 0.000888144 4.0157697e-06 9.695433e-06 0.07802604 0.0004318074 1.0522631e-06 3.1716118e-07 1.5309426e-05 0.0053361664 4.5264114e-06 2.403189e-06 0.0030520705 0.0039959867 0.13390242 2.6135785e-07 0.004769475 0.0026766222 2.7362707e-05 2.031164e-05 0.00064040866 2.385117e-06 2.91449e-07 8.478014e-07 2.8772529e-06 1.2988728e-07 0.00015951101 2.0409627e-06 0.00039134503 0.0027779895 4.1437713e-07 0.002546794 2.399178e-07 1.814907e-07 0.0007863834 4.0107135e-08 1.5278592e-07 0.010486998 0.0016563947 5.561587e-07 0.00026103092 1.9341199e-08 0.00019300499 1.5424048e-06 7.8239815e-08 3.4490733e-06 5.1666945e-07 3.3734293e-06 1.6358265e-06 3.334314e-07 5.076367e-07 3.6584647e-06 3.943677e-07 4.79143e-07 0.00057247264 3.695743e-07 8.578228e-07 9.580467e-06 8.259528e-07 2.5683417e-07
0.9219498 0.0178566 0.0538449 0.00025693869 0.022138106 0.37305537 0.0039092517 0.001442042 0.0021559054 0.021743169 0.02579929 0.0065418966 0.92274916 0.21438478 0.08495858 0.000100321595 0.78577274 0.08801032 1.5934608e-11 4.9817576e-05 1.5028592e-06 0.038653433 0.94205683 2.0808075e-05 0.2891467 0.005941586 0.00072251295 0.6592823 2.3404029e-05 3.3693186e-07 2.2785832e-06 4.512073e-06 0.8092038 1.8239656e-06 1.0513328e-05 0.0011891022 4.0210966e-06 0.0012411668 0.0053690122 1.6824147e-06 1.588504e-07 3.7756298e-08 0.0016879899 1.8007294e-06 9.983931e-07 0.0014138097 0.0024684598 1.8051535e-06 2.1932729e-07 3.465017e-06 0.0007594926 8.0460095e-06 3.7476163e-06 0.02782864 0.18031903 0.004036266 1.8318526e-07 0.00044620325 0.0098988665 9.3055336e-05 1.13951655e-05 0.022480555 1.02252525e-05 3.4409446e-08 3.6492705e-07 3.9797756e-06 4.7863995e-08 0.000116338815 7.197915e-05 0.017824529 0.0052422117 1.316402e-06 0.0002975568 7.5641076e-08 2.981176e-07 0.016259883 1.5561455e-06 1.5138332e-06 0.0017110397 0.0027700807 3.8291128e-06 0.0009121846 5.898373e-09 0.0052818 5.280392e-06 1.7279874e-05 4.7867834e-06 2.1454644e-06 3.245478e-05 1.0306183e-06 4.6222153e-06 7.6948066e-07 9.516188e-06 1.8247956e-06 0.0003648016 0.0003226374 1.2175877e-06 1.4567572e-06 0.0015276386 0.00011842574 2.6332708e-07
0.9797287 0.014485499 0.0032753763 0.14034916 0.04398279 0.00011693647 0.4125143 0.033187754 0.67061883 0.041517634 0.0019697251 0.016505618 3.7326627e-05 8.9446285e-06 8.764065e-06 0.77892965 5.3757904e-06 0.0001511015 4.9817576e-05 2.2114981e-16 0.9318336 1.9821035e-05 2.2771876e-05 0.06301848 1.8091542e-07 0.0009932991 0.035159927 0.00070888025 0.039115548 0.40999746 0.027734317 0.2782922 3.8048834e-06 0.2232527 0.5054064 0.0061328528 0.29907233 0.0013214742 5.319871e-05 0.054541707 0.10309253 0.114248976 0.30547062 0.0068318048 0.012652128 0.001363107 0.5078735 0.0012459641 0.010843629 0.033300772 0.0035852296 0.0026421724 0.01098877 6.856983e-05 2.9402083e-06 0.0014972021 0.0022919136 0.0013864199 1.3178357e-05 0.00082531665 0.0003170026 7.680383e-06 0.000103028506 0.08677648 0.024407001 0.00042238366 0.009296567 0.0005288877 0.0018914961 3.154922e-06 0.14496924 0.004078599 0.00016276461 0.003035328 0.0063801752 0.17013252 2.4797203e-06 0.00014644282 6.187984e-05 8.241707e-05 2.7609974e-05 4.5106185e-06 0.00031529219 5.6323853e-07 2.7144695e-05 0.00010942777 2.6582198e-05 3.343009e-07 0.00028948928 1.1503481e-05 0.00027485695 8.1844824e-05 1.1563095e-05 0.0002832032 4.6289383e-06 0.064011656 8.950469e-07 8.91933e-06 2.8865108e-07 1.01230526e-07 7.809635e-05
0.9449589 0.0022027658 0.000295168 0.07175728 0.0072376877 5.2518308e-06 0.11219464 0.013202064 0.30585223 0.0069597927 0.0001035413 0.0034970215 1.1237854e-06 1.9743861e-06 1.931276e-06 0.85921997 1.1582204e-06 0.00013099411 1.5028592e-06 0.9318336 2.2159292e-18 9.61878e-06 2.5895372e-07 0.1004808 1.1883499e-07 0.00055769103 0.019170126 0.00026751586 0.041137144 0.7788414 0.03816078 0.47829118 7.100971e-08 0.33485588 0.5558299 0.006084764 0.5833512 0.0010895267 0.0003809346 0.09450818 0.29218197 0.45764777 0.15802443 0.008581568 0.011530875 0.002055782 0.37017256 0.0006650714 0.03648659 0.18839486 0.002802299 0.0014238158 0.011689517 1.2255316e-06 1.9788408e-06 0.0026378883 0.0009204105 0.004892375 2.0300193e-05 0.0008285038 0.00033631103 2.1573304e-07 0.00039239964 0.16717117 0.09354565 0.00032722164 0.033096965 0.0012360045 0.00054550444 3.2991153e-07 0.08580965 0.003161369 0.0028981192 0.018377649 0.007293209 0.022739243 4.6982765e-05 0.0009924601 0.00092745695 8.323626e-07 2.6800984e-05 1.6820119e-08 0.001971673 6.1858947e-07 0.00014174245 0.00020473472 7.368039e-05 2.5636384e-05 5.5490043e-05 0.000108946486 0.0006613631 8.842583e-05 3.76773e-05 0.00039427786 5.2163102e-08 0.080703974 1.084641e-06 4.444308e-05 1.231559e-07 4.2103547e-09 0.00021670088
0.2074873 0.026252078 0.008569901 0.00014251139 0.0022773854 0.16011432 0.0004140669 0.0014200548 3.409435e-05 0.0019482519 0.1557543 0.03515089 0.033866078 0.26265126 0.44181663 3.1982498e-05 0.41616508 0.9671154 0.038653433 1.9821035e-05 9.61878e-06 7.481258e-16 0.016235178 5.338823e-05 0.9781881 0.23402284 0.00042922713 0.020078199 1.28567635e-05 4.7779736e-07 6.132358e-06 9.015659e-06 0.03355643 1.4765866e-06 7.965036e-06 0.0016159108 1.0255649e-06 0.0827033 0.48003456 9.705558e-07 5.888925e-07 8.956749e-08 8.146761e-05 4.4191606e-07 9.332088e-07 0.023787856 3.2416887e-05 5.365406e-07 7.9880095e-08 1.8084171e-06 0.0010942178 4.9681364e-07 3.512717e-07 0.0032190764 0.02952307 0.5988661 3.5648693e-08 0.0011983461 0.055092547 2.2285824e-06 1.2969598e-06 0.0013880498 2.443471e-07 9.365919e-08 7.8685594e-07 2.3216137e-07 4.542636e-08 1.6649365e-05 2.483591e-07 0.0010705023 0.0007135246 7.403571e-08 0.0006128854 8.097287e-09 5.0263516e-08 0.0002588072 1.9106025e-08 4.279116e-08 0.052312255 0.0011945267 2.7865823e-07 0.00027875855 4.6484e-09 0.0027892585 5.606405e-07 9.6422e-08 1.5233198e-07 3.1196842e-07 5.6966833e-06 1.4722902e-07 2.640362e-07 1.6061593e-07 4.5236497e-06 8.2791686e-08 3.12055e-05 2.2707012e-05 4.68469e-08 2.5793432e-07 6.860574e-05 2.2016975e-05 1.5808938e-08
0.97269624 0.009247151 0.028347883 2.3292494e-05 0.011325693 0.1988347 0.0020123506 0.00017068048 0.00071055786 0.016827824 0.01412271 0.003597477 0.7146674 0.13707119 0.0647862 2.185043e-05 0.5266943 0.04182719 0.94205683 2.2771876e-05 2.5895372e-07 0.016235178 2.1285116e-14 3.3457218e-06 0.22262739 0.0047534364 5.220758e-05 0.6158037 4.2674287e-06 1.119044e-07 5.128634e-07 4.2894598e-07 0.9570932 1.14435295e-07 7.2543307e-06 0.00017859189 4.5358814e-07 0.0007684842 0.0022195121 1.2145021e-07 1.9479069e-08 1.3416224e-09 0.0013988164 9.290056e-08 2.9181888e-07 0.00018779615 0.0017453061 2.5396983e-07 1.2171499e-08 1.4332528e-07 0.00030828937 4.8580455e-07 8.474388e-08 0.10754512 0.32402328 0.0028200778 1.0965767e-08 9.015354e-05 0.012205727 6.234426e-06 7.423923e-07 0.07749572 3.3305602e-07 1.4040117e-09 3.2264385e-08 5.725086e-08 9.371592e-10 1.1536076e-05 4.2871025e-06 0.071022965 0.002879375 3.8837445e-08 3.094247e-05 6.4640244e-09 7.2280915e-09 0.026033368 4.4935852e-08 5.0078917e-08 0.00092078466 0.013222804 7.2524e-08 0.0026466737 5.8837624e-10 0.026067235 5.624398e-07 5.1744064e-07 5.8511013e-08 1.5613566e-07 8.047272e-07 3.10985e-08 4.1531436e-07 4.73915e-09 2.4554734e-07 6.0908704e-08 0.0019423488 2.411294e-05 1.1800823e-08 1.1770903e-08 0.0020608013 0.00018892696 1.1760845e-09
0.91087747 0.020214856 0.0014729005 0.81977385 0.029807983 0.00026730343 0.056212034 0.43110764 0.11768557 0.0123509 0.0048251804 0.06012292 2.9666777e-05 4.459767e-05 4.7691196e-05 0.26529875 1.5681539e-05 0.0007277593 2.0808075e-05 0.06301848 0.1004808 5.338823e-05 3.3457218e-06 3.1536314e-17 3.1760842e-06 0.0071421904 0.5003892 0.0014523177 0.95961094 0.034059834 0.9260649 0.09514011 2.3547548e-06 0.5651858 0.009198007 0.22985308 0.008845941 0.0044876896 0.0005408537 0.1053951 0.009854 0.0028993576 0.00953975 0.18270214 0.58473295 0.035505634 0.007578644 0.20354569 0.036140967 0.0018266307 0.13338588 0.07625596 0.02750034 3.6744268e-06 1.5488838e-07 0.00030894365 0.077504516 0.024298938 5.4419856e-06 0.11872767 0.028995432 2.929947e-06 0.063465364 0.007204938 0.000990715 0.020452417 0.00030656983 0.004890229 0.03934814 4.8037086e-06 0.009413088 0.006083548 0.00033229697 0.0007263677 0.007142466 0.0028662626 0.0012200084 0.0037832505 2.8073613e-05 9.3261006e-05 0.0009078635 2.4548903e-05 8.623271e-06 9.4807825e-07 0.0008983278 0.00054061646 0.00054385624 0.00021088026 0.000529385 0.0002555063 0.0001860742 0.0001940139 4.858945e-05 4.8117898e-05 8.495702e-08 0.00846044 2.0402388e-06 2.1343492e-05 1.7239084e-07 2.0554279e-07 6.332411e-06
0.4026068 0.008531668 0.009807928 2.205068e-05 0.0010390419 0.31243744 1.1570375e-05 4.234791e-05 1.7454898e-06 0.0009728605 0.063496195 0.0024491088 0.16339564 0.55152094 0.6697488 6.710596e-07 0.89850765 0.72616315 0.2891467 1.8091542e-07 1.1883499e-07 0.9781881 0.22262739 3.1760842e-06 6.875725e-16 0.095377624 1.8089855e-05 0.039699428 1.0218783e-06 2.2817513e-08 2.0934185e-07 2.1339198e-07 0.3997753 5.386577e-08 5.6355958e-08 0.00018338549 6.023766e-09 0.019314481 0.19810797 5.5345996e-08 2.5779991e-08 4.2126764e-09 1.3370225e-06 3.1908876e-08 2.768423e-08 0.0038910059 1.2314305e-06 2.3068432e-08 1.1816725e-08 6.575321e-08 8.944249e-05 2.3391696e-08 1.1839405e-07 0.023171647 0.3070722 0.50816584 9.1292507e-10 0.00011889219 0.13364401 9.46445e-07 2.1697143e-07 0.019146625 1.2956723e-07 8.36641e-09 1.497689e-07 5.205139e-08 3.3554814e-09 3.52751e-06 1.4798059e-07 0.018508028 5.748719e-05 5.073032e-09 0.0002887666 2.9591072e-09 1.3259921e-09 0.00018423412 1.2712407e-09 6.6669767e-09 0.03190881 0.0052099004 1.541221e-08 0.0006908802 4.2368504e-09 0.0215446 3.4670663e-08 5.4151603e-09 7.878035e-09 1.6772042e-07 8.516169e-06 1.8476602e-08 1.5961735e-08 2.4778855e-08 3.6089813e-07 2.9420384e-09 0.0015203903 1.113845e-05 1.08677805e-08 1.207701e-08 0.0014902776 0.00013218429 7.943624e-09
0.583363 0.18837611 0.028614543 0.033287197 0.0468403 0.07492144 0.011527489 0.22562785 0.006743286 0.020386737 0.90767246 0.88832974 0.010511509 0.097696304 0.24061045 0.0017444575 0.059891067 0.7397367 0.005941586 0.0009932991 0.00055769103 0.23402284 0.0047534364 0.0071421904 0.095377624 1.0756341e-15 0.053422146 0.026371408 0.0042232424 9.7321405e-05 0.0014225123 0.0001518259 0.0053771157 0.00047497565 0.0003238557 0.18935163 0.00024165346 0.9459322 0.92766577 5.3531236e-05 7.340287e-05 2.2873237e-05 0.0019169215 3.9782368e-05 0.00026020056 0.6835175 0.0008559413 3.2962755e-05 4.655363e-06 0.00035348366 0.095714174 1.8675946e-05 1.3815964e-05 0.0019297206 0.00046714142 0.059623003 8.588731e-07 0.090014614 0.00043645743 0.0027602522 0.00018017154 0.00030133085 5.8922335e-05 7.258029e-07 1.5978861e-05 7.74119e-06 6.4444515e-07 0.0023414388 0.0003340576 0.00022068998 0.0032704757 3.8567932e-06 0.05521891 1.2325013e-05 1.0516582e-06 0.0006353956 6.0142037e-07 2.6228083e-06 0.012299288 0.0022432199 6.459449e-06 0.00040901126 2.5120278e-07 0.0001226956 2.5577287e-05 1.2225945e-06 2.7742683e-05 1.2155637e-05 0.00020497366 6.272331e-06 2.420675e-06 4.6847126e-06 1.5830674e-05 1.7234671e-06 1.1103688e-06 0.0037448767 7.9065313e-07 4.114052e-06 1.6216305e-05 4.530173e-06 5.029351e-07
0.93540543 0.11155984 0.009422541 0.66328585 0.0613426 0.0039871763 0.06225855 0.8351602 0.11191637 0.01911322 0.045282897 0.5064621 0.0008670093 0.0011244958 0.0017560363 0.12443064 0.0006325365 0.0055567203 0.00072251295 0.035159927 0.019170126 0.00042922713 5.220758e-05 0.5003892 1.8089855e-05 0.053422146 8.270901e-15 0.005753395 0.68429935 0.007654841 0.108207114 0.023902392 1.3964392e-05 0.05376642 0.009042749 0.9859247 0.004123423 0.070894994 0.003312606 0.014457946 0.0031085436 0.0018779713 0.0150578525 0.021942906 0.2546929 0.24419437 0.012052781 0.08977302 0.0053707506 0.0012509146 0.48880568 0.018129656 0.0047181407 4.1520947e-05 3.2392347e-07 0.0024956358 0.0039801765 0.16424784 1.0125207e-05 0.3827643 0.020786457 2.502886e-05 0.07806477 0.0007779059 0.00067752553 0.0036517724 0.0004706986 0.020566057 0.28351024 1.2700302e-05 0.019048715 0.0006632887 0.009936402 0.00072296266 0.00065568555 0.0016430672 0.0009185424 0.00045017377 0.00060709106 0.00050781306 0.00019782878 0.00070808193 1.5522244e-05 1.6064541e-06 0.0002842683 2.5065458e-05 3.0146351e-05 0.000290473 0.001196913 2.1692922e-05 6.834147e-05 1.6497755e-05 3.992328e-06 9.761918e-06 5.481857e-07 0.017989162 7.9264476e-07 2.4838716e-06 1.4483341e-05 4.1082303e-06 2.7137253e-06
0.9999332 0.106916666 0.49119705 0.011364709 0.100648224 0.57151395 0.030337559 0.026636388 0.012257935 0.09437583 0.11435308 0.054320674 0.8643227 0.09217694 0.059761282 0.003270613 0.14104539 0.105647 0.6592823 0.00070888025 0.00026751586 0.020078199 0.6158037 0.0014523177 0.039699428 0.026371408 0.005753395 4.7948916e-14 0.001178302 4.668908e-05 0.00016345385 0.00018042981 0.29908806 0.0002683491 0.00024723387 0.0045979884 4.507894e-05 0.0049106637 0.010564663 6.1016588e-05 2.5672227e-05 7.617242e-06 0.0028003824 0.000105347004 0.0003324913 0.0040944763 0.0013458619 0.00012783743 8.850489e-05 4.999682e-05 0.0041840775 0.00049227587 0.0003231261 0.27851516 0.18006341 0.006041406 8.050865e-05 0.0016263047 0.005649846 0.0009810595 0.0001761322 0.14725576 8.818204e-05 9.464039e-06 3.9485883e-05 0.0005638948 1.9213485e-06 0.0018637648 0.0021635478 0.14437903 0.0074557737 2.8476059e-05 0.0006966998 1.8643591e-07 1.14932045e-05 0.2740796 1.1682406e-05 1.19123315e-05 0.0012659105 0.0068845632 9.572124e-05 0.0016111821 1.9485508e-07 0.022165896 2.8493061e-05 5.1382594e-05 4.027527e-05 0.00044886133 0.0105319945 3.971622e-05 1.2569469e-05 8.198309e-05 9.1050846e-05 7.972956e-06 0.005097004 0.000107105625 7.843698e-06 3.058125e-05 0.0015446747 0.00046517333 1.8727927e-06
0.88870853 0.01168488 0.0005978061 0.29283738 0.011208469 0.00015794007 0.014763947 0.16357915 0.03670431 0.006086017 0.0034211902 0.047681 2.3054215e-05 1.6593534e-05 1.3929091e-05 0.10945818 1.0029659e-05 0.00033324523 2.3404029e-05 0.039115548 0.041137144 1.28567635e-05 4.2674287e-06 0.95961094 1.0218783e-06 0.0042232424 0.68429935 0.001178302 2.6115532e-16 0.013147446 0.9083007 0.038912557 2.7060987e-06 0.30924818 0.006487911 0.41899896 0.0065641725 0.00260619 0.00020098996 0.10552907 0.0044171913 0.0016991632 0.0034881544 0.407747 0.812427 0.03406653 0.0018616377 0.50951403 0.03731323 0.00089869875 0.194457 0.15489064 0.0453021 4.054656e-06 1.0001223e-07 0.00019558445 0.15102084 0.04253777 1.1697578e-05 0.17599943 0.093066595 4.769049e-06 0.2145935 0.005420853 0.00042974853 0.08137981 0.00022851574 0.010857526 0.12387008 8.6064904e-07 0.0055646887 0.0076770703 0.0004466556 0.00019707387 0.005335696 0.0012184497 0.008451384 0.010185933 1.3069344e-05 0.00014471282 0.0016888595 2.9520557e-05 5.384672e-06 5.426446e-07 0.0011706201 0.00065715954 0.0010132041 0.00036420062 0.00066921394 0.00029914302 7.027616e-05 0.00016761226 0.00011298042 1.9051617e-05 2.3284254e-07 0.005466402 3.4644386e-06 1.7489734e-05 2.0246405e-07 7.169476e-07 3.7280251e-06
0.84581494 0.00022687414 2.6456073e-05 0.078954205 0.0032093974 2.0143473e-06 0.038055897 0.0041479412 0.12443635 0.0022014356 2.173212e-05 0.0010131022 2.0085858e-07 1.6354996e-07 1.2604075e-07 0.64572287 6.4214515e-07 5.45904e-06 3.3693186e-07 0.40999746 0.7788414 4.7779736e-07 1.119044e-07 0.034059834 2.2817513e-08 9.7321405e-05 0.007654841 4.668908e-05 0.013147446 6.388714e-17 0.031374365 0.96336776 3.588145e-08 0.33867276 0.18166596 0.003942634 0.4296604 9.691425e-05 2.4719945e-06 0.114527896 0.6577224 0.78595513 0.026295425 0.015726965 0.018724045 9.5573654e-05 0.06092853 0.00083716353 0.061693065 0.117734216 0.0006784142 0.0015111101 0.022228848 2.716458e-07 3.5556935e-09 9.283374e-05 0.0026130069 9.4594965e-05 2.3793489e-06 0.000243299 0.00015876492 2.1497684e-07 6.3316766e-05 0.33745286 0.15663852 0.00032705255 0.033135585 3.387778e-05 0.00017745116 2.609337e-07 0.026339233 0.009971967 0.0004454114 0.025472287 0.03801114 0.0026899816 4.1651524e-06 0.0014114381 1.451228e-05 1.2901232e-06 1.3073994e-05 4.1189378e-07 0.0013631746 4.6599222e-09 0.00018525458 0.00034199373 0.00015174932 2.7377217e-07 4.263111e-05 5.176006e-05 0.0015340659 8.971398e-05 2.5854204e-06 0.00035984803 3.503976e-08 0.036980767 1.9321448e-07 2.7835633e-06 1.0523754e-08 7.4010114e-09 0.0005712913
0.89623237 0.0019547003 7.705566e-05 0.1777648 0.0040560486 2.239934e-05 0.014189685 0.01737195 0.023611652 0.001875428 0.00035097456 0.0072988346 3.615177e-06 4.4423437e-06 5.60343e-06 0.11750197 4.7993126e-06 0.00014861184 2.2785832e-06 0.027734317 0.03816078 6.132358e-06 5.128634e-07 0.9260649 2.0934185e-07 0.0014225123 0.108207114 0.00016345385 0.9083007 0.031374365 6.89171e-18 0.1274696 1.3709976e-07 0.91086614 0.0035767022 0.106062554 0.004444361 0.00055187225 4.2751868e-05 0.52854514 0.02059874 0.0036452832 0.00716727 0.68569696 0.7201807 0.00976543 0.00296979 0.32911086 0.2133391 0.0015877793 0.073038846 0.14134474 0.15901694 7.80886e-07 3.40997e-08 8.0310114e-05 0.22351857 0.013046022 7.1933e-06 0.12151331 0.051448576 1.7788831e-06 0.1278792 0.03841182 0.0022249606 0.08709708 0.0007113121 0.002457759 0.024827184 6.2770613e-07 0.0049552857 0.031187544 7.7018485e-05 0.0005125114 0.019430708 0.00080836273 0.008110203 0.030774837 5.3315857e-06 2.0602518e-05 0.0015399033 4.219025e-07 3.4337612e-05 2.5596418e-07 0.0021950153 0.0025677052 0.0016177698 0.00036064425 0.00025616994 0.0009331755 0.0004997428 0.00032672522 0.00015110495 6.3384134e-05 8.603191e-09 0.00878874 2.3775908e-06 9.877342e-05 3.135425e-08 3.9838234e-08 9.366894e-06
