1.3149873e-14 0.96170276 0.51765996 0.011595656 0.14705624 0.8791987 0.7185852 0.009482289 0.28537083 0.56049 0.96597564 0.81892586 0.039439715 0.007160929 0.0766748 0.7733366 0.98868257 0.36365116 0.4053394 0.30005908 0.027083078 0.9707547 0.9563279 0.9330195 0.96066594 0.92496324 0.9408353 0.9309565 0.8734183 0.91569376 0.8559406 0.9713918 0.91982806 0.95654726 0.97421145 0.97795224 0.9290148 0.962084 0.35619298 0.47163525 0.0002799876 0.88825965 0.97425497 7.215637e-06 0.92716664 0.9391227 0.94654024 0.3678996 0.91124475 0.93347627 0.008730335 0.95540994 0.86086416 0.9385999 0.8321694 0.95893514 0.9744035 0.9329819 0.35888737 0.9497542 0.95469975 0.56935877 0.00039467117 0.97064537 0.845537 0.9979975 0.81525904 0.9757893 0.8972616 0.8455577 0.9089453 0.9606784 0.9580001 0.9954382 0.9780848 0.9373065 0.7110494 0.8442479 0.8417979 0.8206855 0.94395506 0.85340756 0.37620947 0.03624208 0.9928838 0.23210445 0.8643685 0.97112393 0.9999892 0.2394731 0.25588667 0.825458 0.9999348 0.7882137 0.1927566 0.88365054 4.789286e-06 0.8867469 0.9997858 0.9171769 0.98721737
0.96170276 1.677414e-16 0.9947927 0.38004145 0.68821007 0.85024506 0.23679464 0.1322272 0.8346628 0.009596882 0.12856504 0.00021396064 0.0038177092 0.07158878 0.014745267 0.40731016 0.65248877 9.625061e-05 0.24901621 0.0009687165 0.0609565 0.9519784 0.49108464 0.5307349 0.00029085105 0.07631441 2.0318012e-05 0.0053945333 0.15488581 6.949396e-06 9.393694e-06 9.2846756e-07 3.5402797e-06 0.00046864315 0.036479548 6.8793806e-06 7.597769e-06 0.019242292 0.002907501 3.8722268e-05 0.0006527771 0.0009338993 0.0004073215 2.727907e-05 0.010905861 0.20705059 6.556911e-08 1.740766e-07 0.0037899998 1.853254e-08 3.2885418e-07 0.020376418 0.08216263 0.0002672318 9.353257e-09 6.742169e-05 0.00018777931 0.068284795 2.3923489e-05 8.467902e-06 0.011737042 0.0054822294 8.531179e-07 1.1827426e-06 0.023424543 0.0029860518 1.4835271e-06 0.035369795 0.0021524963 0.020764202 0.017385889 0.07303646 0.004226723 0.00947833 2.02877e-06 1.0220177e-06 5.048758e-08 5.5444025e-07 0.024602711 1.0859777e-05 0.00017846384 2.245376e-06 4.7448262e-07 1.1916309e-05 0.015179623 8.1716513e-07 8.426145e-05 6.8884856e-06 0.0035709506 5.300727e-07 3.5799914e-07 1.5754029e-05 0.056089215 4.1403902e-05 8.598085e-10 0.00026982208 5.502483e-09 3.4206187e-05 0.00032190565 3.992257e-07 4.5453646e-05
0.51765996 0.9947927 1.2224699e-17 0.9989077 0.7056036 0.55299914 0.5760733 0.25384438 0.061033003 0.00029852433 0.008277935 1.1562527e-06 0.0001689686 0.0019375096 0.00035587742 0.014966135 0.026581785 1.1551284e-06 0.014008364 1.0372013e-05 0.018625744 0.32441664 0.049716834 0.010186191 1.7299766e-06 0.0009176091 2.8715645e-08 3.921703e-05 0.0018196881 1.31037705e-08 1.5777461e-08 5.6096505e-09 2.4667285e-08 1.4987364e-07 0.0005594906 6.1274443e-09 2.496247e-09 1.837033e-05 2.0775724e-06 1.929771e-07 1.7363924e-05 3.0836875e-06 1.3821432e-07 5.7990906e-07 4.860933e-05 0.0044813594 3.0945002e-09 8.095175e-08 0.00031965712 8.8875635e-10 2.532889e-09 0.0006224173 0.0031385266 8.070663e-08 1.5961146e-09 4.377402e-08 6.3004393e-09 0.00044810644 3.006346e-07 1.6388722e-07 3.7748564e-06 9.4386436e-05 6.3060415e-09 2.200482e-09 0.0007237915 7.776907e-06 2.523231e-09 0.00031224155 2.121646e-06 0.0002193381 7.614043e-05 0.0004672372 7.0760265e-08 0.00010793702 4.2152664e-08 1.5976477e-08 3.9422328e-09 1.1495051e-08 0.00010232447 1.0623542e-08 3.927122e-07 9.150227e-09 1.1973128e-09 3.1497046e-07 5.0142884e-05 4.0207706e-08 8.009242e-09 1.3456288e-08 3.581031e-06 1.0303306e-09 1.8089914e-08 9.1626046e-10 0.008449309 2.6436524e-09 1.8527752e-10 3.580249e-08 3.374793e-10 2.7343894e-09 4.9011955e-08 4.2214252e-10 7.419098e-10
0.011595656 0.38004145 0.9989077 7.127562e-17 0.9648963 0.06776199 0.08151756 0.9788628 0.00791943 0.010886283 0.00070278806 0.0001474209 0.0072608935 0.00052082684 0.0047636633 0.0005868977 0.00014701668 0.0003389266 0.0001241258 0.00023423869 0.003195442 0.013351453 0.0008603512 9.846813e-05 2.687699e-06 5.9113932e-05 6.466923e-07 1.37644765e-05 1.0844616e-05 4.28466e-07 3.3558533e-07 1.4351087e-07 4.9826843e-07 1.4904643e-06 1.6309703e-05 9.025035e-08 5.43073e-08 5.4329266e-06 7.777322e-08 2.2641739e-06 2.218681e-06 3.5080386e-06 1.6393544e-06 1.6311981e-08 1.0664727e-06 9.7967386e-05 2.1355464e-07 2.6082387e-06 0.0012104847 1.2571333e-08 1.8770203e-09 3.3431286e-06 4.6846708e-05 5.518754e-07 1.7088867e-09 3.7339868e-07 1.527951e-07 1.8883697e-05 1.3853228e-06 1.3958899e-06 1.1968157e-06 2.3393216e-06 1.674417e-07 8.988135e-08 4.6847686e-05 2.583616e-06 4.6210246e-08 1.4685811e-05 2.4583167e-06 1.1915876e-05 1.7512666e-05 7.220039e-05 2.3733305e-07 2.1408064e-06 6.6575727e-09 7.453658e-08 1.9062728e-06 8.9030505e-07 5.370179e-06 3.1154784e-08 2.3660414e-06 9.057698e-06 3.4783064e-08 3.2842183e-06 2.52472e-06 2.7919154e-07 3.7136732e-07 8.641477e-07 1.3454845e-05 8.726163e-09 1.3300557e-08 1.498454e-08 0.00091184635 1.8953148e-08 7.99846e-10 8.6443826e-08 7.648324e-08 3.224605e-08 1.9489819e-07 2.1244945e-08 1.5508192e-08
0.14705624 0.68821007 0.7056036 0.9648963 2.3881105e-15 0.6154956 0.88163394 0.9980422 0.001403949 0.66264516 0.1124445 0.047393523 0.2560656 0.00029323233 0.21486288 0.00045324053 0.00021240757 0.015612235 0.00022520263 0.017825022 0.0006627853 0.116939805 0.07532945 0.00063745247 0.0012796458 0.031879034 9.464766e-05 0.01233334 0.00011859629 6.094796e-05 0.00017180076 4.4220888e-06 3.1201605e-05 0.0003673416 5.7260413e-06 1.249563e-05 6.840409e-06 0.0007196399 2.264677e-08 3.570234e-05 3.15593e-06 2.5419105e-05 0.000117467716 3.3165552e-08 1.4614515e-05 0.003924726 1.1700479e-05 8.968536e-06 0.05175943 1.0194528e-06 2.7604596e-09 1.4671267e-05 0.0003962807 0.00019812824 1.1355477e-08 4.183738e-05 1.2687881e-05 0.00016636484 5.5380035e-05 1.5972608e-06 0.00022382653 5.636203e-06 7.615579e-06 5.0196645e-06 0.0002111143 1.9585116e-06 6.010537e-06 2.0369192e-05 6.563397e-05 5.542676e-06 4.3975473e-05 0.00020724096 3.9600447e-05 5.6819254e-06 6.925897e-09 2.6320618e-06 2.2781703e-06 1.5164427e-06 1.2108894e-05 1.4380262e-06 3.8143296e-06 1.2178461e-05 3.5293013e-09 0.0022881387 1.2931071e-05 1.191295e-06 8.753239e-06 9.999622e-06 4.0803177e-05 2.0280629e-07 1.6202871e-07 8.303068e-07 0.00095724943 8.8661847e-07 3.7375565e-07 3.0704848e-06 1.3215976e-07 8.699881e-07 3.158137e-06 1.16033256e-07 6.7029745e-08
0.8791987 0.85024506 0.55299914 0.06776199 0.6154956 5.149865e-13 0.9968336 0.04854052 0.03284904 0.34664673 0.96425605 0.09017579 0.024931435 0.00024157835 0.056848183 0.001168882 0.0024979657 0.010180878 0.0011005371 0.03243501 0.00072666554 0.5987675 0.881136 0.0020187707 0.0070128306 0.4940946 0.0002694873 0.29991433 0.0008922622 6.3620326e-05 0.0022874929 3.1519264e-06 1.8160517e-05 0.010273687 0.00020238657 8.6894215e-06 8.428785e-06 0.17637965 0.00018368884 0.0002013153 2.4647923e-05 3.864581e-06 0.005227676 8.4259554e-08 2.2790451e-05 0.1376124 5.126443e-07 4.0802563e-05 0.1074692 2.6368404e-08 4.9795625e-09 0.00033225864 0.0024599198 0.0024408104 1.872331e-07 0.00018160335 0.00097074604 0.0053679957 4.8345304e-05 3.032614e-05 0.012505622 0.00026270014 6.7258215e-06 1.4268838e-07 0.0010093864 7.4991335e-06 5.825876e-07 0.0008090434 0.01255492 0.0004725686 0.0009767287 0.017970894 0.005579645 0.00018653936 4.550253e-07 1.6470653e-07 7.245246e-06 5.695502e-07 0.0014133165 4.0638656e-06 5.2152213e-06 6.248953e-05 2.4691469e-09 0.00046950113 0.0007538863 1.2013624e-06 1.2002956e-05 1.4761115e-07 0.0035077834 1.1038781e-07 4.227648e-07 3.1194882e-05 0.008107825 4.384252e-05 8.051874e-08 0.00012109385 2.5033123e-06 7.581065e-06 0.0002129603 4.9947374e-08 1.5938386e-06
0.7185852 0.23679464 0.5760733 0.08151756 0.88163394 0.9968336 1.9073863e-13 0.13965133 0.000808187 0.9715497 0.9178476 0.8657428 0.25336593 4.1559033e-06 0.24599478 7.706463e-05 3.7872156e-05 0.22051977 1.9553547e-05 0.11689536 1.4303211e-05 0.026588738 0.4488336 2.343e-05 0.024240758 0.25986394 0.0029530511 0.34735015 3.1976306e-05 0.0014546859 0.017262392 0.00012578792 0.00046822522 0.017721374 1.0111803e-05 7.942006e-05 0.00010014858 0.10240338 2.8509372e-05 0.00084832835 2.0188446e-07 5.1149986e-08 0.008053043 8.0937355e-09 2.9565733e-06 0.021564238 1.5018699e-05 0.00032130725 0.067602634 1.3781663e-06 2.2472235e-09 2.3238934e-05 0.00017180044 0.002506173 1.111687e-06 0.0004947583 0.0019121642 0.00015799927 0.00023400335 3.7566933e-05 0.002830702 5.5349956e-06 3.4325793e-05 1.4422207e-06 0.00014872427 1.2908487e-07 3.961342e-06 0.00013139712 0.0028346786 6.0966275e-05 0.00030579604 0.0022093465 0.0015541989 9.554326e-06 2.8669004e-07 1.3896313e-06 2.4745006e-05 1.001374e-06 0.00029441147 6.317846e-07 2.1092099e-05 0.00011154443 1.7825734e-08 0.0060115377 6.070838e-05 6.8799085e-07 4.218426e-05 7.545983e-07 0.0011184402 1.3399207e-07 2.8855612e-07 1.2117742e-05 0.00081315235 4.9251767e-06 7.1196695e-07 4.1123953e-05 4.385034e-07 5.216065e-05 0.00010900218 9.565722e-08 1.5716295e-06
0.009482289 0.1322272 0.25384438 0.9788628 0.9980422 0.04854052 0.13965133 1.2695994e-14 0.0005396746 0.4933615 0.0031453476 0.015265725 0.5105378 0.00014603669 0.9243406 4.7531372e-05 5.5011507e-05 0.042279426 1.4382684e-05 0.22745265 0.00025838328 0.005192802 0.002774926 2.0452057e-05 0.00014139507 0.00073238445 3.591951e-05 0.00029590924 1.7769198e-06 2.5664394e-05 0.00010469041 2.2648478e-06 2.0776031e-05 2.7053078e-05 2.6020041e-05 2.8622821e-06 8.5867896e-07 0.00011730932 9.104133e-08 6.8646055e-05 1.3930114e-07 6.5474505e-06 6.9389384e-06 2.1171964e-09 6.6242984e-07 0.00020831771 1.1389292e-06 1.718659e-05 0.023164803 4.0832643e-07 2.3255868e-09 9.967712e-07 1.8102573e-05 2.9755959e-06 4.4615995e-09 6.0244015e-06 3.709152e-06 9.575827e-06 6.0035163e-05 4.9312393e-06 2.4960914e-06 3.77507e-07 9.4912e-06 9.4938935e-07 1.2757989e-05 1.996732e-06 1.4645852e-07 7.4962018e-06 1.9937104e-06 3.342711e-06 4.517726e-06 0.00024785288 4.3631153e-06 9.0745965e-07 2.2780453e-09 1.8892001e-07 8.762673e-07 8.103089e-07 8.570554e-06 1.4128419e-07 4.593607e-06 2.623182e-05 1.0856122e-07 0.00017557105 3.0660487e-06 6.259656e-08 3.6402335e-07 6.1674245e-06 1.9488314e-05 1.0268273e-08 6.271404e-08 6.526267e-08 0.00037020558 2.3408791e-08 1.4508474e-07 1.0430582e-06 6.042806e-07 1.6731263e-08 1.212058e-06 1.3986943e-07 1.00427805e-07
0.28537083 0.8346628 0.061033003 0.00791943 0.001403949 0.03284904 0.000808187 0.0005396746 6.314814e-17 1.8217865e-05 0.0010987024 9.950795e-09 2.891576e-06 0.9986174 1.7020946e-05 0.2965616 0.24673343 1.14089245e-08 0.9889586 2.5065407e-07 0.15276484 0.68449265 0.029072033 0.49732968 1.7954237e-06 0.0009416298 5.28607e-08 0.00011838791 0.25739524 2.7626418e-08 6.157072e-09 4.6717408e-09 3.1872058e-09 8.047786e-07 0.35776684 7.650381e-08 8.558021e-09 8.174801e-05 0.0068877805 1.1621122e-07 0.00011324408 0.00012479976 1.6233349e-06 1.1718407e-06 0.035870798 0.013658104 2.965847e-10 3.566939e-07 4.7736517e-05 1.2130857e-10 2.3989125e-07 0.051077403 0.07914918 3.780698e-05 5.132176e-09 2.8347881e-06 2.5141277e-05 0.018068863 2.932941e-08 1.7871871e-07 0.0012148255 0.009485405 2.575021e-08 6.728039e-07 0.020782793 0.0013758204 1.2612275e-09 0.019322602 7.418225e-05 0.0113444645 0.009478637 0.007838322 0.0006051007 0.004102665 1.6880325e-05 8.196393e-09 6.769619e-08 3.4795985e-07 0.00868762 1.5205281e-06 1.5299325e-07 7.004665e-07 1.5563271e-09 2.1625585e-05 0.010837871 1.1264936e-08 1.6774467e-06 1.48272905e-08 0.00043370458 7.076262e-10 2.6323177e-08 1.8901363e-06 0.018666692 7.770924e-06 1.7391781e-07 7.542286e-05 4.2399407e-08 7.4141276e-08 0.00021007174 2.0039705e-09 1.5714916e-06
0.56049 0.009596882 0.00029852433 0.010886283 0.66264516 0.34664673 0.9715497 0.4933615 1.8217865e-05 3.1705846e-14 0.44470638 0.99201417 0.9672482 3.8835097e-07 0.65429986 1.4544328e-05 5.5569767e-06 0.80570304 2.572417e-06 0.434016 1.6287064e-06 0.0036290947 0.21595863 8.36635e-06 0.13190132 0.16209218 0.017690694 0.30548456 8.403118e-06 0.02937035 0.09140484 0.0010148267 0.004216371 0.040704686 1.6787942e-06 0.001321318 0.0007075376 0.07084039 3.985425e-07 0.0029488774 1.3383321e-07 1.0069672e-07 0.014876748 1.2368266e-08 2.1849087e-06 0.006629551 4.004717e-06 0.00018591156 0.18522625 3.9993526e-07 8.5381574e-10 1.914162e-05 0.000115357194 0.0032649613 3.3205495e-08 0.0009871955 0.0020354756 9.1585396e-05 0.0012548796 4.7285823e-05 0.00086998614 8.612596e-06 6.29773e-05 3.6612832e-07 5.5917797e-05 2.821498e-07 3.4277818e-06 1.4286676e-05 0.001596399 2.5573261e-05 8.732074e-05 0.000594875 0.0006586072 2.6028542e-06 2.666227e-09 6.7250687e-07 1.661268e-05 9.422437e-07 7.969198e-05 9.0606744e-07 5.8606734e-06 5.5811295e-05 9.9402095e-09 0.006942411 2.7162614e-05 5.394604e-07 4.1931908e-06 5.8317346e-07 0.0005458078 2.0948155e-08 3.5093015e-07 1.43162715e-05 0.0005579637 6.8348468e-06 1.221082e-06 4.7734604e-05 2.0650405e-06 9.894443e-07 0.00011321491 4.0817987e-08 3.26244e-07
0.96597564 0.12856504 0.008277935 0.00070278806 0.1124445 0.96425605 0.9178476 0.0031453476 0.0010987024 0.44470638 4.9664374e-12 0.6328019 0.043764003 9.230806e-06 0.048534982 0.00019256338 0.00013887993 0.10665979 4.12979e-05 0.06866888 5.1415163e-06 0.0736666 0.9637954 0.00011934011 0.12254589 0.916935 0.011216441 0.9204776 5.7231893e-05 0.0047277776 0.04279644 0.0012177916 0.0021684228 0.22555123 1.2096509e-05 0.0003829752 0.00027941813 0.8296323 0.00020420473 0.004950092 2.8059521e-06 6.6967675e-07 0.06152878 1.1270438e-08 1.583897e-06 0.16432576 4.0896954e-05 0.00062536483 0.07716477 3.1492405e-06 9.706612e-09 0.0001562239 0.0008805922 0.016420718 9.375133e-06 0.004808315 0.021788446 0.0028535568 0.0008332927 3.5645317e-05 0.06272873 0.00012450316 0.00013650974 9.354869e-06 0.0005840683 4.1313177e-07 3.5880545e-05 0.0005578046 0.06583493 0.0006015667 0.0006046995 0.027524505 0.044061337 8.737472e-05 1.1225397e-06 9.900093e-06 2.0883897e-05 1.2164764e-05 0.0012929672 1.1118873e-06 0.00024052364 0.0006038022 4.284954e-07 0.018936314 0.0004463271 3.6819754e-06 0.00016692108 8.613856e-07 0.013320508 1.2170332e-07 3.518638e-07 0.00014959583 0.0066495663 0.00019556186 1.4053838e-05 0.00021346923 2.9685355e-06 6.690971e-05 0.0013476594 8.1511973e-07 3.9943672e-05
0.81892586 0.00021396064 1.1562527e-06 0.0001474209 0.047393523 0.09017579 0.8657428 0.015265725 9.950795e-09 0.99201417 0.6328019 6.6081123e-15 0.89477485 1.5644769e-08 0.34780234 7.8348046e-07 1.04029205e-07 0.9745965 2.2830006e-08 0.5404884 3.4342573e-08 0.00022243359 0.25846595 5.9218087e-07 0.8011541 0.37914094 0.50007236 0.70548815 1.0863532e-06 0.57805616 0.5170999 0.051767237 0.164298 0.3249022 2.4446575e-07 0.014219773 0.017209217 0.36571985 1.152697e-07 0.02518921 6.6584995e-09 1.7641696e-08 0.12203666 3.5752293e-10 4.192093e-07 0.009675809 0.00032005183 0.003439738 0.32936835 1.2266266e-05 1.8939578e-10 4.0047707e-06 1.6177797e-05 0.023089776 2.0661705e-07 0.005234683 0.022543292 1.3511101e-05 0.01262764 0.00021877214 0.0038514605 9.540328e-07 0.0008821418 4.097648e-05 9.855771e-06 2.0643927e-08 0.00011338196 7.817082e-06 0.0071388134 6.6232906e-06 3.83524e-05 0.00041366744 0.00314413 2.973677e-07 1.2493638e-09 1.598191e-05 0.00012943416 4.0395576e-06 7.784346e-05 3.2126645e-06 0.00012831905 0.001781846 5.8443753e-08 0.09143769 3.943474e-05 1.4207428e-06 7.544178e-05 2.9056466e-06 0.0021866017 9.318042e-08 1.6946692e-06 8.1271435e-05 0.00069920975 8.2838254e-05 7.2338924e-05 0.00025721523 2.0615727e-05 1.8321096e-05 0.00041510494 2.807219e-07 8.401996e-06
0.039439715 0.0038177092 0.0001689686 0.0072608935 0.2560656 0.024931435 0.25336593 0.5105378 2.891576e-06 0.9672482 0.043764003 0.89477485 1.3429913e-14 7.874145e-07 0.9710627 1.6861726e-05 7.074353e-06 0.98442954 1.7959787e-06 0.927525 1.3247548e-05 0.00018620165 0.010979495 1.7433123e-06 0.007546269 0.010636674 0.004532706 0.021007728 4.4099133e-06 0.006677852 0.07825294 0.0005924289 0.003789078 0.0015555973 1.2216948e-06 0.0002974019 0.00015343461 0.0026029896 6.073817e-08 0.0018771263 4.2891177e-08 2.953955e-06 0.00021521389 6.7342003e-09 5.316234e-07 0.00052111625 1.1999991e-05 0.0004137418 0.05371627 3.310979e-07 6.6531936e-09 2.3765367e-06 1.547043e-05 4.0695497e-05 6.6700835e-08 3.4048047e-05 6.074904e-05 1.2709293e-05 0.0007230668 6.746646e-05 6.304815e-05 3.5701686e-07 0.00017952904 1.923421e-07 4.5054574e-05 2.50397e-07 3.4010432e-07 1.4448761e-06 6.278492e-05 4.798004e-06 3.1037103e-05 5.796399e-05 4.3633292e-05 9.676418e-07 1.352919e-09 7.3572676e-07 8.024798e-06 6.980888e-06 4.1468215e-06 3.6115862e-06 4.113326e-06 5.1871837e-05 1.3950108e-07 0.0034152279 1.4632149e-06 3.6576463e-07 3.458157e-06 2.5643417e-06 6.8311885e-05 1.970313e-07 1.0511418e-06 2.0370542e-06 0.00015725006 2.6415823e-06 1.5154461e-05 1.1565135e-05 6.7011215e-06 2.5712998e-07 2.8550237e-05 1.6227861e-07 2.9473574e-07
0.007160929 0.07158878 0.0019375096 0.00052082684 0.00029323233 0.00024157835 4.1559033e-06 0.00014603669 0.9986174 3.8835097e-07 9.230806e-06 1.5644769e-08 7.874145e-07 4.5787e-16 1.7582439e-06 0.035333708 0.01214727 6.399916e-08 0.08612389 1.3652854e-07 0.99998176 0.011272675 0.0005979701 0.008927896 7.089059e-07 6.066518e-06 1.0451866e-07 3.8604076e-06 0.0051648384 2.553987e-07 4.042409e-08 3.18035e-07 2.851799e-07 5.069333e-07 0.0043380433 9.693241e-08 1.4048544e-07 7.9463535e-07 2.8227227e-05 2.288694e-07 9.73785e-05 0.00011570006 5.896298e-07 1.3244776e-06 0.00020603098 0.000104390616 3.9106962e-07 3.6910883e-08 1.30805165e-05 9.065682e-08 3.403355e-08 0.0041001285 0.0012603793 1.9305064e-06 1.7361597e-08 2.413116e-07 2.627827e-07 4.9706956e-05 2.4834748e-07 6.715807e-07 1.3396537e-05 0.0002842181 9.550203e-09 9.738138e-07 0.0008183667 8.897755e-05 7.391295e-08 0.0005281951 5.328495e-06 0.00025867767 0.00012605381 5.8820217e-05 6.708366e-06 0.00025336395 7.045318e-07 9.550469e-07 1.0732688e-08 3.1151428e-06 0.00011597912 8.791086e-06 4.0831168e-07 1.1073972e-06 1.5831426e-07 1.1330347e-06 0.00013226624 3.7349307e-07 1.5309315e-06 5.0119247e-06 1.7617715e-05 4.15392e-09 2.8215464e-07 3.0337058e-06 0.0008853435 4.6068963e-06 2.735137e-08 1.1008656e-06 1.2984102e-08 4.356149e-07 4.1441094e-06 7.5409005e-08 1.9575182e-06
0.0766748 0.014745267 0.00035587742 0.0047636633 0.21486288 0.056848183 0.24599478 0.9243406 1.7020946e-05 0.65429986 0.048534982 0.34780234 0.9710627 1.7582439e-06 3.2637396e-13 6.228403e-05 0.0001342929 0.9146617 1.0929232e-05 0.99682057 1.2415805e-05 0.00038847435 0.020044373 7.952202e-06 0.003486866 0.0075663845 0.0011966018 0.0113912765 6.868361e-06 0.001995295 0.06005989 0.00015923406 0.001085576 0.000768071 3.4812154e-05 0.00021237029 0.00010957083 0.002850732 6.466195e-07 0.0028004742 1.3708879e-07 2.707699e-06 0.0001783927 2.4689915e-09 6.6851663e-07 0.0008697733 1.0175698e-05 0.000121904006 0.081410155 7.9683986e-07 3.3087126e-09 8.14493e-06 2.2920402e-05 6.189069e-05 1.0387945e-08 5.420204e-05 2.4925459e-05 3.777159e-05 0.0003792013 3.567439e-05 6.2717125e-05 2.098801e-06 8.409399e-05 1.8417034e-06 5.510918e-05 4.6135673e-07 2.0436698e-06 1.4871853e-05 0.00017405431 3.1783336e-05 8.6380984e-05 0.00060920714 5.8378337e-05 2.8446404e-06 1.1638113e-09 3.7154534e-06 1.696579e-06 1.5880118e-05 1.5575048e-05 5.004386e-07 1.6149941e-05 3.6744146e-05 1.1428964e-06 0.00027087482 9.2732025e-06 9.901892e-07 1.3789507e-05 8.346141e-06 0.0004215046 5.9223762e-08 1.9327695e-07 2.7249803e-06 0.0008310162 1.2044103e-06 1.129745e-06 1.2560218e-05 1.1585695e-06 2.3141567e-06 0.000181235 9.1879365e-08 2.318337e-07
0.7733366 0.40731016 0.014966135 0.0005868977 0.00045324053 0.001168882 7.706463e-05 4.7531372e-05 0.2965616 1.4544328e-05 0.00019256338 7.8348046e-07 1.6861726e-05 0.035333708 6.228403e-05 1.7452688e-13 0.9938717 2.713887e-05 0.99937093 3.2782526e-05 0.08132289 0.3330342 0.006175409 0.46839878 3.1247089e-06 0.00022292371 6.498199e-07 5.118754e-05 0.52966887 5.7075675e-07 9.846361e-07 3.5066037e-08 2.6092226e-07 1.5833156e-06 0.42662176 2.7689353e-08 4.1520764e-08 7.140859e-05 0.054713298 1.8670344e-06 0.0015294986 0.003139438 4.7933613e-06 9.1385937e-07 0.12093973 0.013337554 2.6039338e-08 3.464265e-07 0.00012993667 3.247911e-09 4.2497622e-06 0.21682546 0.115373015 5.112014e-06 1.5420083e-07 5.7912376e-07 1.4735307e-05 0.020382807 7.2270623e-06 5.7008714e-07 0.0019049847 0.07009504 4.6527418e-07 1.5334135e-07 0.03840954 0.008570727 7.407342e-08 0.15154652 0.00020516611 0.03190875 0.0661614 0.012043129 0.000489585 0.021477284 7.5051976e-05 3.869675e-07 1.9180779e-07 5.104327e-06 0.013719892 1.2608938e-06 8.5306095e-07 1.9091985e-06 1.0797283e-08 4.048395e-05 0.008084229 1.1277331e-06 2.4366748e-06 1.7246658e-06 0.00038825898 1.2953288e-07 1.500861e-06 4.8906113e-06 0.017396023 7.2051434e-06 5.735625e-07 1.364723e-05 2.0004754e-06 3.5414902e-07 4.8339865e-05 1.2234406e-07 1.798668e-06
0.98868257 0.65248877 0.026581785 0.00014701668 0.00021240757 0.0024979657 3.7872156e-05 5.5011507e-05 0.24673343 5.5569767e-06 0.00013887993 1.04029205e-07 7.074353e-06 0.01214727 0.0001342929 0.9938717 1.4949675e-13 6.0047846e-06 0.5941195 9.9672225e-06 0.05897598 0.6540243 0.009174175 0.87266773 5.423978e-07 0.00020967104 7.865757e-08 4.007015e-05 0.88926154 8.18518e-08 5.4865772e-08 1.4778079e-08 2.9557357e-08 9.932156e-07 0.51135516 1.03724025e-08 6.584731e-09 0.00020406846 0.2472325 5.511154e-07 0.00021754569 0.0058877906 3.6680055e-06 7.072535e-07 0.25952286 0.052042294 2.0864923e-09 6.964114e-07 0.00012631543 1.3864191e-09 5.846706e-06 0.18536887 0.37338588 4.690234e-06 2.7509492e-07 2.803527e-07 1.2175313e-05 0.09804366 6.3832783e-07 1.6716973e-08 0.0065371473 0.06978572 2.5245924e-06 4.516295e-08 0.14016712 0.006385596 4.5027914e-08 0.48260468 0.00033051855 0.1968609 0.32912442 0.052341823 0.0016722212 0.030188024 0.0005528091 1.1893205e-07 5.232037e-07 1.5734726e-06 0.068434596 2.195859e-06 1.202097e-06 1.8937115e-07 1.6368547e-08 2.3014192e-05 0.026013644 1.0167594e-06 4.895665e-06 1.9467807e-07 0.00079033023 1.3557735e-07 2.2190643e-06 4.6867776e-06 0.09161593 4.284405e-06 3.3956468e-07 9.63324e-06 8.443879e-06 2.9169365e-07 2.2938902e-05 4.990593e-09 2.5162024e-07
0.36365116 9.625061e-05 1.1551284e-06 0.0003389266 0.015612235 0.010180878 0.22051977 0.042279426 1.14089245e-08 0.80570304 0.10665979 0.9745965 0.98442954 6.399916e-08 0.9146617 2.713887e-05 6.0047846e-06 4.6770673e-15 5.405976e-07 0.9843335 3.0725107e-07 1.8971949e-05 0.030539475 2.95734e-06 0.11856587 0.04689683 0.10008121 0.10635573 1.5279574e-06 0.17016697 0.77292556 0.014476702 0.10799912 0.020292347 1.2239606e-06 0.0022165878 0.0032145942 0.033419117 3.249138e-07 0.040121373 3.496697e-09 6.284753e-07 0.005621972 7.00581e-10 2.6578307e-06 0.0009641204 0.00036758182 0.008414381 0.36740616 2.0947029e-05 4.4975703e-09 5.1548263e-06 4.630722e-06 0.00038122025 3.5650174e-07 0.0001567383 0.00076971826 3.2515761e-06 0.009442111 0.0005652058 0.0002870979 2.2657323e-07 0.0038447615 8.915622e-06 1.4962443e-05 7.865922e-08 5.4011653e-06 9.4063034e-07 0.00033613064 4.8914044e-06 2.9171984e-05 0.00010370298 0.00027019318 9.294819e-07 7.274324e-10 9.350186e-06 0.00022316664 1.3571033e-05 1.9760364e-06 1.3928972e-05 3.5721103e-05 0.00061467243 1.128115e-06 0.04693089 6.617987e-06 2.6360283e-06 2.7056278e-05 2.0526404e-05 0.00024378627 5.9591883e-07 5.393172e-06 2.8213231e-05 0.0002951905 9.378326e-06 0.00022722772 3.052129e-05 3.3771197e-05 2.7633375e-06 5.835886e-05 1.05325e-06 2.834169e-06
0.4053394 0.24901621 0.014008364 0.0001241258 0.00022520263 0.0011005371 1.9553547e-05 1.4382684e-05 0.9889586 2.572417e-06 4.12979e-05 2.2830006e-08 1.7959787e-06 0.08612389 1.0929232e-05 0.99937093 0.5941195 5.405976e-07 2.2434394e-15 5.524222e-06 0.38741562 0.064547226 0.0043920907 0.17829001 1.1741004e-06 0.00011070224 2.7036648e-07 3.60941e-06 0.49698332 1.4244256e-07 1.5921515e-07 2.3229502e-08 9.709561e-08 4.6887197e-07 0.66169053 3.1143916e-08 5.350329e-08 3.2393627e-06 0.1159004 4.897017e-07 0.02276836 0.17554547 2.694501e-07 2.0765392e-05 0.046813328 0.0011388301 2.208173e-08 4.6912203e-07 1.3538877e-06 5.2339255e-10 6.449825e-05 0.34538358 0.035317637 1.03958584e-07 3.173498e-08 7.720813e-09 8.203294e-08 0.0031282366 3.3781876e-06 6.7985226e-09 0.00015489143 0.1048388 5.2152836e-07 2.0855463e-08 0.019280646 0.006319251 3.8476586e-09 0.055541936 1.8076599e-06 0.009283048 0.012479233 0.0012299933 1.7149554e-05 0.007959202 0.0004101229 6.8281647e-09 1.9730412e-07 3.3565541e-07 0.0035836431 2.232425e-07 1.0453336e-08 2.628782e-07 3.892805e-09 4.2833975e-07 0.002892001 3.6831887e-07 8.0399495e-08 1.1847345e-07 1.0994854e-05 2.2509964e-07 2.50832e-07 9.11518e-09 0.002377456 1.345079e-07 2.1290207e-09 4.9562254e-07 5.5298166e-09 5.924678e-09 2.4063672e-06 1.891659e-09 1.1743724e-08
0.30005908 0.0009687165 1.0372013e-05 0.00023423869 0.017825022 0.03243501 0.11689536 0.22745265 2.5065407e-07 0.434016 0.06866888 0.5404884 0.927525 1.3652854e-07 0.99682057 3.2782526e-05 9.9672225e-06 0.9843335 5.524222e-06 6.4692257e-14 2.596673e-06 1.5831925e-05 0.027869387 8.533698e-06 0.018870035 0.022884373 0.008469158 0.03844393 3.1106842e-06 0.02224577 0.8496701 0.0027974846 0.025771825 0.0032802026 7.0358815e-06 0.0006221179 0.00019807192 0.011732717 3.530448e-08 0.17574155 1.9931942e-07 2.2549325e-07 0.0006380504 7.0546186e-10 2.2016346e-07 0.00048405214 0.00012508359 0.024218613 0.90569115 1.6020824e-05 1.2340478e-09 4.8449083e-06 4.5071183e-06 8.051917e-05 1.0013434e-08 4.4641667e-05 6.631384e-05 1.8414461e-05 0.025696289 0.00024341921 5.9523954e-05 2.2161298e-07 0.031208975 3.6072283e-06 9.61435e-06 2.8117418e-07 9.895283e-07 8.744822e-06 9.057408e-05 8.337311e-06 1.9941337e-05 0.0002582845 4.272904e-05 1.1559847e-06 3.291985e-10 2.217171e-06 0.00019866519 5.4586424e-05 1.9411737e-06 1.2284136e-06 1.761007e-05 0.00041247363 9.313528e-08 0.027411764 1.7270212e-06 5.6206527e-06 2.0725132e-05 1.7729124e-05 0.00011494187 7.9154525e-08 4.4274245e-07 6.3175657e-06 0.0003094641 5.4986276e-07 3.3570603e-05 3.908946e-06 1.2995332e-05 3.3285568e-07 6.362969e-06 2.79031e-07 5.474026e-07
0.027083078 0.0609565 0.018625744 0.003195442 0.0006627853 0.00072666554 1.4303211e-05 0.00025838328 0.15276484 1.6287064e-06 5.1415163e-06 3.4342573e-08 1.3247548e-05 0.99998176 1.2415805e-05 0.08132289 0.05897598 3.0725107e-07 0.38741562 2.596673e-06 1.3109292e-16 0.022249479 0.0010322945 0.0382449 2.5696156e-07 3.348906e-05 3.12632e-07 5.9713484e-06 0.08239014 1.008626e-07 2.187619e-08 3.5731336e-08 7.0412234e-08 1.776596e-06 0.13321097 2.725031e-07 1.4114886e-07 1.9401057e-06 0.0014264198 9.1553693e-07 0.98882705 0.0036275724 1.3444924e-06 0.46241966 0.0051394333 0.00043903696 8.276741e-07 1.8584976e-07 9.676344e-05 4.4974268e-08 5.4592045e-05 0.050432153 0.0037670813 8.360744e-06 1.7108118e-08 6.864262e-06 3.3071734e-05 0.00042002712 1.7407796e-05 1.0030557e-05 0.00016206852 0.0076039396 5.9728774e-07 3.1338723e-07 0.0018075956 0.0005288746 1.687243e-08 0.007945733 4.1418e-05 0.0018637043 0.0009002802 0.0005622189 0.00024045551 0.0016882662 3.3679228e-06 1.17499475e-07 3.1815574e-07 1.2329999e-05 0.0009104152 8.8115956e-07 3.4053954e-07 3.8870374e-05 9.0383985e-09 8.3023246e-05 0.0030073014 1.1752985e-07 7.6972435e-07 3.3605866e-07 0.0002734665 1.1488323e-08 5.4248293e-08 2.1148193e-07 0.008066509 6.698978e-05 1.3648089e-07 0.00037161235 1.1950979e-08 1.4790086e-07 0.0007470528 6.708352e-10 1.527642e-07
0.9707547 0.9519784 0.32441664 0.013351453 0.116939805 0.5987675 0.026588738 0.005192802 0.68449265 0.0036290947 0.0736666 0.00022243359 0.00018620165 0.011272675 0.00038847435 0.3330342 0.6540243 1.8971949e-05 0.064547226 1.5831925e-05 0.022249479 2.2558076e-13 0.91867536 0.95947385 0.00014391198 0.20690817 1.3110291e-05 0.015126263 0.19776642 8.998034e-06 1.645661e-06 4.0999734e-07 6.822493e-06 0.00023521042 0.021102015 5.267124e-06 1.685659e-06 0.06363401 0.15068744 8.093794e-06 0.0006294137 0.0015730212 0.00024634917 1.2089088e-06 0.06767936 0.9229196 1.420203e-07 1.4672484e-07 0.00069556787 3.0449748e-08 1.9086324e-06 0.021903427 0.67933035 0.0001357807 4.777215e-08 2.2106417e-05 0.00038659078 0.3215509 5.818633e-06 4.5817505e-06 0.3296428 0.006412897 1.024115e-07 6.3992147e-06 0.14380099 0.00032153743 3.8344624e-06 0.060811326 0.048666302 0.12869197 0.13419326 0.55493665 0.06272033 0.02369139 0.00017286968 1.189143e-06 8.750146e-09 5.499889e-06 0.08344 5.275434e-06 0.00024262426 3.1596028e-05 2.3730273e-07 6.513941e-05 0.059735164 4.5780578e-07 0.00010876532 2.7336296e-06 0.015128195 5.48782e-07 1.7658942e-07 3.4468983e-05 0.15865415 0.0002663583 2.4144544e-08 0.00060443766 3.6002582e-08 4.0834166e-05 0.0010846147 1.2043816e-06 0.0002009888
0.9563279 0.49108464 0.049716834 0.0008603512 0.07532945 0.881136 0.4488336 0.002774926 0.029072033 0.21595863 0.9637954 0.25846595 0.010979495 0.0005979701 0.020044373 0.006175409 0.009174175 0.030539475 0.0043920907 0.027869387 0.0010322945 0.91867536 1.1701888e-12 0.019385861 0.02195521 0.9827818 0.0050561936 0.49988306 0.005410363 0.0037073204 0.012781292 0.0005729194 0.0024037058 0.009558196 0.00046785272 0.00015634658 0.00011762702 0.66743 0.007124245 0.0023070339 0.0002984042 0.0001180095 0.002499679 6.9292935e-07 0.0014706842 0.8644807 4.807872e-05 0.000801713 0.043394387 7.6026186e-06 3.5411233e-08 0.00095104636 0.036976956 0.0008179134 6.2256922e-06 0.00037636785 0.006773624 0.056499783 0.00026906253 1.529597e-05 0.24843715 0.0005471644 4.776824e-06 6.263873e-06 0.010086757 2.1079612e-05 1.7808537e-06 0.0015777004 0.18251096 0.004850829 0.003982067 0.19222747 0.09939709 0.0013542048 4.2954205e-05 1.7658513e-06 3.1980132e-06 5.1059483e-06 0.010723688 8.845539e-06 3.32769e-05 3.3431206e-05 3.7973614e-08 0.0020957151 0.0083051985 1.7917736e-06 2.7425669e-05 7.67615e-08 0.02631687 6.782052e-08 8.613178e-08 2.787962e-05 0.031910673 0.00020049562 1.1811273e-06 0.00034903406 9.293915e-07 1.6277727e-05 0.001332824 4.4656122e-08 1.5442865e-05
0.9330195 0.5307349 0.010186191 9.846813e-05 0.00063745247 0.0020187707 2.343e-05 2.0452057e-05 0.49732968 8.36635e-06 0.00011934011 5.9218087e-07 1.7433123e-06 0.008927896 7.952202e-06 0.46839878 0.87266773 2.95734e-06 0.17829001 8.533698e-06 0.0382449 0.95947385 0.019385861 1.759614e-14 5.2573756e-07 0.00048007548 1.532396e-07 2.512421e-05 0.990348 1.6073253e-07 2.7081472e-07 1.1144254e-08 3.2857267e-07 3.367054e-07 0.25411445 1.9005492e-08 4.5865768e-08 0.00032685176 0.65997523 7.62013e-07 0.00037792433 0.011113982 5.504724e-07 5.996152e-07 0.27739802 0.29332995 1.6745854e-08 7.701319e-07 0.00015687007 1.8640942e-09 8.924869e-06 0.105242416 0.899621 3.881566e-07 7.696777e-08 6.4725775e-08 4.1843705e-06 0.20856069 6.3998978e-06 3.4303945e-08 0.09292051 0.013276501 7.1694905e-07 5.639155e-08 0.41895434 0.00072068063 1.2965573e-07 0.31232193 0.00086866954 0.21710388 0.37525332 0.14629246 0.008278949 0.03571425 0.001194636 4.715295e-08 9.879309e-09 3.8455405e-06 0.07865797 1.8585002e-06 2.6470509e-05 2.9000073e-06 1.3313374e-08 1.543951e-05 0.06582624 1.093174e-06 6.059082e-06 1.5020245e-07 0.0018223122 4.1838857e-07 2.1881701e-06 1.386071e-06 0.093802385 6.0228245e-05 2.7580612e-08 4.6065423e-05 1.5190193e-06 2.3174318e-06 0.00030062563 1.8872947e-07 8.430357e-07
0.96066594 0.00029085105 1.7299766e-06 2.687699e-06 0.0012796458 0.0070128306 0.024240758 0.00014139507 1.7954237e-06 0.13190132 0.12254589 0.8011541 0.007546269 7.089059e-07 0.003486866 3.1247089e-06 5.423978e-07 0.11856587 1.1741004e-06 0.018870035 2.5696156e-07 0.00014391198 0.02195521 5.2573756e-07 4.053544e-11 0.111691125 0.98684007 0.8593231 7.644827e-07 0.8114588 0.5223791 0.6009674 0.50200886 0.95527697 1.4483618e-07 0.2424307 0.2046397 0.6568514 1.7880891e-05 0.16695498 1.285393e-07 8.2579405e-08 0.70176405 1.9759911e-08 4.045612e-07 0.0056854007 0.051777557 0.13106063 0.1508839 0.016018884 7.2333877e-09 7.75754e-07 0.00017979136 0.3601042 0.009484284 0.123854116 0.25788572 7.107445e-05 0.06586954 0.021098886 0.004910125 2.6105892e-05 0.0006917337 0.00086061226 0.00019412939 3.8607016e-08 0.0010898986 3.4086028e-05 0.05665777 5.632563e-05 6.5640976e-05 0.0014551326 0.02522173 4.3875207e-06 1.3150999e-07 0.00027241 0.014702614 0.0007688917 0.0005421949 0.00022540546 0.0012627369 0.055847682 4.805788e-06 0.21313342 0.00014811818 2.48433e-05 0.0009823038 1.6532453e-05 0.015535648 5.132597e-07 1.4575938e-06 0.00057565235 0.0017139319 0.0006680311 0.003992812 0.0006941586 1.9113382e-05 0.00026357168 0.003208328 5.358858e-06 0.00036295116
0.92496324 0.07631441 0.0009176091 5.9113932e-05 0.031879034 0.4940946 0.25986394 0.00073238445 0.0009416298 0.16209218 0.916935 0.37914094 0.010636674 6.066518e-06 0.0075663845 0.00022292371 0.00020967104 0.04689683 0.00011070224 0.022884373 3.348906e-05 0.20690817 0.9827818 0.00048007548 0.111691125 6.11096e-14 0.0160982 0.9742866 0.00018267719 0.0069149104 0.043758992 0.0008443227 0.004793604 0.10608652 3.8225615e-05 0.00081708224 0.0002830512 0.94825083 0.00062418985 0.0030305611 6.241862e-06 5.0298904e-06 0.03472416 1.2580423e-08 4.5370023e-05 0.7586303 0.00011869756 0.0015341705 0.014951113 9.895657e-06 1.01216955e-08 1.7328191e-05 0.0030445908 0.003207594 1.8356406e-05 0.0010860576 0.026558103 0.0065497155 0.0007300557 2.8082583e-05 0.25436857 1.6884464e-05 5.3695035e-06 5.053101e-05 0.0013074132 5.12889e-08 3.929445e-05 0.00023906372 0.4233851 0.0006075988 0.0005280284 0.0573056 0.105708085 0.000110144116 7.881632e-06 3.191904e-06 1.5754285e-05 9.716218e-05 0.001427118 2.42539e-05 0.0002510384 0.0007701041 4.5732637e-08 0.0071903924 0.0017508651 1.3742917e-06 0.00030874158 1.4561064e-07 0.03927838 2.2347649e-08 7.9284774e-08 7.830368e-05 0.011583277 0.000579615 6.9006305e-06 0.0010427028 1.9163428e-05 4.1725772e-05 0.004128408 3.970495e-08 1.23906575e-05
0.9408353 2.0318012e-05 2.8715645e-08 6.466923e-07 9.464766e-05 0.0002694873 0.0029530511 3.591951e-05 5.28607e-08 0.017690694 0.011216441 0.50007236 0.004532706 1.0451866e-07 0.0011966018 6.498199e-07 7.865757e-08 0.10008121 2.7036648e-07 0.008469158 3.12632e-07 1.3110291e-05 0.0050561936 1.532396e-07 0.98684007 0.0160982 9.276941e-14 0.43697172 5.3430966e-07 0.98955566 0.5655908 0.77566516 0.7631806 0.6816646 6.8392346e-08 0.42285186 0.5974853 0.22162099 2.8260558e-06 0.13260554 3.3253727e-08 7.05682e-08 0.48206595 6.702728e-09 4.0673356e-08 0.0011797833 0.12724265 0.30952302 0.13009362 0.014060918 7.95518e-09 8.948967e-07 7.6809294e-05 0.26966825 0.014002774 0.08915392 0.11682909 2.3153918e-05 0.07499215 0.03364512 0.0013508558 1.7351013e-05 0.00056851836 0.00082850974 8.781597e-05 1.2845199e-08 0.0015579319 9.772956e-06 0.016783869 3.4706973e-05 2.9000199e-05 0.000755057 0.005703125 1.6802437e-06 2.4217414e-08 0.00023626233 0.01897837 0.0006587586 0.00013495036 7.317914e-05 0.0010487237 0.06748219 1.9358456e-06 0.28018567 2.8558872e-05 2.6314585e-05 0.0005658034 1.3625487e-05 0.007591864 2.607367e-07 3.5421206e-06 0.00036383315 0.0010236318 0.00043131923 0.011588017 0.00035629937 2.4818792e-05 0.00012808002 0.0015408222 2.1614153e-06 0.00018907043
0.9309565 0.0053945333 3.921703e-05 1.37644765e-05 0.01233334 0.29991433 0.34735015 0.00029590924 0.00011838791 0.30548456 0.9204776 0.70548815 0.021007728 3.8604076e-06 0.0113912765 5.118754e-05 4.007015e-05 0.10635573 3.60941e-06 0.03844393 5.9713484e-06 0.015126263 0.49988306 2.512421e-05 0.8593231 0.9742866 0.43697172 1.5928188e-12 1.7993949e-05 0.16266029 0.24002607 0.04703742 0.068492696 0.9301143 1.2460198e-06 0.03789707 0.009019474 0.969671 0.00013083119 0.031371597 1.3283419e-06 1.1867547e-06 0.66185945 1.4105835e-08 5.012809e-06 0.18576473 0.008911087 0.0718469 0.06698132 0.0013725264 1.0505404e-08 2.2308855e-06 0.00059755705 0.042193536 0.0016027986 0.015237827 0.22062224 0.0013544444 0.0068437504 0.0018506926 0.054665003 4.247999e-06 4.0785948e-05 0.00023063927 0.00035604258 1.5755026e-08 0.00034636178 3.4195786e-05 0.28434902 0.00030213167 0.00012767501 0.010363086 0.1037692 2.0593776e-05 6.072804e-06 4.610296e-05 0.0027543106 0.00045673066 0.0005019033 0.00021371673 0.0008639838 0.003529856 6.0581084e-07 0.0430348 0.00061888655 6.681722e-06 0.00080346304 1.609676e-06 0.032275338 1.4610431e-07 8.156298e-07 0.00048648848 0.0039383364 0.0008725436 0.0004936792 0.0026623656 3.3162316e-05 0.00032583033 0.006221585 1.8014284e-06 9.327105e-05
0.8734183 0.15488581 0.0018196881 1.0844616e-05 0.00011859629 0.0008922622 3.1976306e-05 1.7769198e-06 0.25739524 8.403118e-06 5.7231893e-05 1.0863532e-06 4.4099133e-06 0.0051648384 6.868361e-06 0.52966887 0.88926154 1.5279574e-06 0.49698332 3.1106842e-06 0.08239014 0.19776642 0.005410363 0.990348 7.644827e-07 0.00018267719 5.3430966e-07 1.7993949e-05 1.1568347e-14 1.85047e-07 2.7511118e-07 7.869704e-08 1.9911879e-07 2.8339517e-07 0.9550894 4.380066e-08 2.055526e-07 4.737411e-05 0.92258435 7.476179e-07 0.0038321267 0.056663662 5.670322e-07 2.7668502e-06 0.44531256 0.01841629 3.614246e-08 4.214985e-08 6.8801444e-07 7.31583e-10 7.394634e-05 0.75160646 0.40291747 7.3356966e-07 4.9581278e-08 1.2387774e-07 3.3294887e-06 0.027796593 2.434178e-06 1.465745e-07 0.0042711343 0.09221419 1.1175423e-07 8.5146986e-08 0.2134747 0.006206734 1.2774436e-07 0.5416405 0.00016616649 0.090133965 0.2356541 0.009514628 0.0002982395 0.07183418 0.02616469 2.7142711e-08 2.5096476e-09 2.1725882e-07 0.022627177 1.2916338e-06 1.5367183e-06 5.5025804e-08 3.842781e-09 3.7033512e-08 0.01634969 2.662604e-07 6.8287227e-06 2.6661587e-07 0.00017383798 1.0751317e-07 1.133045e-07 6.146958e-07 0.016967727 2.0832963e-06 2.5637628e-09 5.52739e-06 5.225821e-08 7.55959e-07 5.7073557e-05 1.8419816e-07 2.6874466e-07
0.91569376 6.949396e-06 1.31037705e-08 4.28466e-07 6.094796e-05 6.3620326e-05 0.0014546859 2.5664394e-05 2.7626418e-08 0.02937035 0.0047277776 0.57805616 0.006677852 2.553987e-07 0.001995295 5.7075675e-07 8.18518e-08 0.17016697 1.4244256e-07 0.02224577 1.008626e-07 8.998034e-06 0.0037073204 1.6073253e-07 0.8114588 0.0069149104 0.98955566 0.16266029 1.85047e-07 1.3414969e-13 0.928166 0.9122831 0.9395606 0.35479507 1.950528e-08 0.29701564 0.45120856 0.08561547 2.842978e-06 0.4556829 2.4815273e-08 5.0299857e-08 0.33820274 1.9274028e-08 1.3132262e-07 0.00057311234 0.16894183 0.8067347 0.55356705 0.028084783 2.613547e-08 1.220064e-07 1.6535085e-05 0.1364829 0.0058071413 0.039765295 0.045866456 1.0227836e-05 0.3601188 0.12739947 0.00057609857 4.7188582e-06 0.0030451035 0.00044356936 9.294265e-06 2.199241e-08 0.0005819291 1.8966294e-06 0.00522901 5.6189538e-06 5.889327e-06 0.00028724057 0.0016890077 6.4829044e-07 1.678858e-08 0.00019998137 0.054800365 0.0021379106 6.84082e-06 7.8871024e-05 0.0005522908 0.21818691 8.897754e-07 0.60480773 1.2520322e-05 2.0763255e-05 0.00046172438 7.500371e-06 0.0023070998 1.4290558e-07 4.362146e-06 0.00018187947 0.00018845029 0.00011117506 0.04576325 0.00030346698 0.00010373284 8.622001e-05 0.00065908505 3.4723124e-07 9.232712e-05
