4.2558182e-13 0.9789238 0.9517912 0.9633863 0.9659492 0.97512436 0.96070737 0.9590388 0.49001637 0.98273104 0.84754825 0.9445711 0.87326705 0.942798 0.97644305 0.95181125 0.95108604 0.91744894 0.9191399 0.75470245 0.74509406 0.7703084 0.9824159 0.97075117 0.8357955 0.9686684 0.9315685 0.9434987 0.97740597 0.9576637 0.639161 0.95331323 0.88299257 0.9779975 0.9194152 0.9046955 0.9326493 0.97468805 0.9362702 0.9651077 0.92193365 0.6264404 0.85954565 0.80501527 0.96580917 0.9502589 0.14120649 0.5957779 0.7710155 0.9475861 0.44167194 0.19202885 0.7810332 0.20835096 0.8948811 0.5900665 0.89085984 0.8184278 0.92146957 0.53227437 0.87255484 0.94856924 0.96513367 0.68658143 0.52066946 0.69642305 0.40659758 0.060002647 0.9688335 0.9954597 0.98476875 0.74349576 0.9472753 0.6885353 0.97879493 0.9410876 0.9712844 0.9999308 0.022056453 0.9501427 0.3523253 0.99325913 0.0004984386 0.0043249647 0.072213985 0.002091567 0.9893594 0.02486169 0.55687404 0.00012503767 0.69448507 0.22048579 0.99856526 0.07372633 0.00021334327 0.1984838 0.031273708 0.99848765 0.9905431 0.0014707467 0.5356782
0.9789238 3.9985413e-14 0.78002846 0.94971085 0.4055044 0.5680941 0.8578732 0.96346456 0.27891526 0.06923132 0.0012002472 0.0010143125 0.8577218 0.2836186 0.00016739756 0.19449127 0.78005356 0.0016684174 9.4227784e-05 0.00018401338 0.38738513 4.2295236e-05 0.028398573 0.003059369 0.6738586 0.20326711 0.00051200844 0.023101183 0.13827634 0.00011051395 0.08527686 0.0017310363 0.05614734 0.0071798367 0.011623408 0.018302515 0.8746541 0.00050019426 3.3697474e-06 2.374295e-05 0.00018876829 0.0008184553 1.8408879e-05 0.028028874 3.7727036e-06 5.813189e-05 0.006154429 0.08142282 0.00025433573 2.9105515e-05 0.55616015 0.0005308947 1.2295703e-06 0.4686043 0.0025090128 3.4232624e-05 2.148968e-06 2.4020912e-06 8.631141e-05 0.2761899 7.505043e-06 1.6017087e-06 0.012543909 2.0243162e-05 3.696554e-05 7.3284595e-05 0.08275319 0.43932512 0.0017188098 1.2027213e-07 6.772632e-05 9.560907e-06 0.010374647 5.6354878e-08 0.016274225 0.004400124 1.7373465e-07 0.0006035788 0.0053937333 1.07076055e-07 5.4780966e-08 8.0963764e-07 0.003873034 0.017341997 5.4464354e-06 1.3682527e-06 0.0015605015 0.047850642 1.1352737e-06 4.3035103e-05 2.7559565e-07 1.6764519e-06 0.006513432 1.4535079e-05 9.1338194e-07 4.984923e-07 6.20415e-05 8.232516e-05 0.00011340596 1.174196e-07 1.1051415e-08
0.9517912 0.78002846 1.315087e-15 0.95431626 0.022581352 0.07134891 0.63359106 0.89059746 0.9689482 0.001780382 0.09296146 0.00022132415 0.076359026 0.8777661 2.7584601e-05 0.048503447 0.79660505 0.00017241001 0.0059022736 1.1617832e-05 0.010021011 4.4043445e-06 0.21490835 0.023237394 0.42916855 0.5186457 0.005919385 0.0046716346 0.115781255 0.0066162744 0.0039746743 0.09429616 0.41787726 0.0007099272 0.0055605955 0.00023921311 0.42849666 2.4972118e-05 0.00011255445 1.1600682e-05 1.8847875e-05 2.502423e-05 0.00038144828 0.21921839 7.013997e-05 0.0002879622 7.8365534e-05 0.0016785485 0.014547971 3.0179257e-05 0.06096259 1.6725418e-05 1.6276955e-06 0.075990856 0.006874751 0.00010599843 1.0159805e-05 1.8538103e-05 1.3312963e-05 0.16019315 3.1304702e-05 9.478917e-06 0.0059215357 5.876398e-05 3.7850523e-07 0.00027411798 0.00035464263 0.07290471 0.0043529104 4.2598595e-07 1.3391862e-05 7.968209e-07 0.0138989715 1.1914517e-08 0.010634701 0.004290516 3.798372e-06 0.000992995 0.0037892114 1.8844892e-07 5.527458e-08 5.0231023e-08 0.00041690373 0.00096888054 1.8285922e-05 3.6681488e-06 0.0010651641 0.003113366 2.764086e-06 7.4584966e-07 8.58128e-09 3.499942e-06 0.0055788653 4.4075823e-05 1.0095706e-08 8.9995564e-07 1.7577411e-06 0.00014391239 2.9876113e-05 2.5428767e-08 1.1677003e-09
0.9633863 0.94971085 0.95431626 1.8427959e-12 0.43432927 0.5756356 0.9490574 0.8376216 0.549217 0.096459076 0.007206927 0.0034131848 0.36363873 0.74588513 0.0001858922 0.4738033 0.436541 0.0029447968 0.0005344435 0.00023249895 0.055435933 0.00015390577 0.039092153 0.0028759497 0.2097035 0.6366459 0.00061344326 0.031124871 0.4616142 0.00052582135 0.01356371 0.010665195 0.041869514 0.0017768834 0.03674589 0.0041979603 0.33282802 0.00011158719 3.8268256e-05 0.00012896446 0.0001633577 0.0001290544 0.000116366886 0.012965179 4.8011323e-05 0.00029648014 0.0004663273 0.012059087 0.00047892265 1.819059e-05 0.097205214 7.814143e-05 8.352073e-06 0.08000568 0.0094719045 4.1314248e-05 4.3317028e-05 4.5873207e-06 6.750263e-05 0.038060732 3.3047363e-05 5.028418e-06 0.022166882 2.5051573e-05 2.2918195e-05 0.00010020858 0.006369254 0.040766295 0.0048241406 7.6814665e-08 6.0563234e-05 8.622375e-06 0.028280603 1.7359352e-07 0.03654315 0.011019645 6.3344405e-06 0.0016509773 0.00038794216 2.4447052e-06 1.2330679e-07 9.2639034e-08 0.00012353227 0.0008896342 3.3460903e-05 9.714911e-07 0.0033937942 0.006027152 3.8993562e-07 1.0702644e-05 5.291628e-08 3.1806642e-06 0.012016456 5.869103e-06 1.1919407e-06 4.170976e-06 7.4654677e-06 0.0006609211 0.00021318745 6.410713e-07 3.9903156e-09
0.9659492 0.4055044 0.022581352 0.43432927 1.4075966e-13 0.9578023 0.8234074 0.020614387 0.0005180461 0.8094693 8.38605e-06 0.17245746 0.97719806 0.007903483 0.010543621 0.55286616 0.00065452757 0.7550806 3.6908963e-07 0.0373627 0.8498188 0.011176453 0.0004903237 2.6358135e-05 0.0060950234 0.033888854 2.6663101e-06 0.35750732 0.1340637 1.1719727e-06 0.5870413 4.910722e-06 2.3144821e-05 0.10204891 0.048859883 0.5978694 0.19333409 0.0018718268 1.6566393e-08 0.00046556126 0.00048810922 0.09529228 5.145938e-07 4.2819644e-05 8.353865e-08 2.5570922e-05 0.10718049 0.45954242 9.586421e-07 5.2868468e-06 0.13087729 0.030278884 1.7450064e-05 0.074843846 0.0007223324 1.4135812e-06 6.70913e-07 2.86288e-08 0.00010919759 0.0009177709 7.148401e-07 1.2966858e-07 0.02964489 7.7666675e-07 0.005964056 2.3505659e-06 0.36931965 0.021924097 0.0006731797 4.313844e-09 8.635464e-05 1.7123064e-05 0.004759794 1.3513671e-06 0.018203547 0.0023285178 2.876158e-08 0.000109573746 5.7505363e-06 2.1193377e-07 2.6362758e-07 5.5545243e-06 3.241308e-05 0.001564901 1.3339321e-07 2.5733467e-08 0.0025381716 0.02687901 4.4825427e-08 6.325913e-05 8.405462e-07 5.7959312e-08 0.005175735 2.6573503e-07 4.845518e-06 5.79311e-07 0.013505645 7.2841445e-05 0.0006462522 7.403112e-06 6.3583494e-09
0.97512436 0.5680941 0.07134891 0.5756356 0.9578023 1.5922728e-11 0.94218403 0.08168759 0.014086486 0.86729825 9.017262e-05 0.83343333 0.6579964 0.013501762 0.40116754 0.92610335 0.0053934944 0.3810158 3.1345405e-06 0.1100924 0.32369155 0.13796942 0.0008506263 4.0818166e-05 0.005960212 0.078981906 1.2469214e-05 0.51003873 0.36677536 1.3347925e-05 0.11400819 2.6223744e-05 0.00022570748 0.10350519 0.15631136 0.23513307 0.032608237 0.0027386206 1.3785784e-07 0.015167764 0.007246981 0.028955128 1.3745736e-06 3.7611135e-05 1.4235625e-06 2.331374e-05 0.016292986 0.09083496 5.010706e-06 6.8151155e-07 0.010325766 0.012561795 0.0003094343 0.0077076866 0.002295313 2.155226e-06 9.508804e-06 1.5742359e-07 0.0007141655 0.00029018585 4.7190673e-07 9.623752e-08 0.055572495 2.5103914e-06 0.0031875316 9.479468e-06 0.04331176 0.0013811156 0.0015723148 7.753427e-09 0.0006236588 0.00016491284 0.014094495 1.8750336e-06 0.039160658 0.008514525 6.9208696e-08 0.00021126796 6.191416e-06 4.6937843e-05 1.2113189e-05 5.3791805e-06 1.3720193e-05 0.00017434337 6.767098e-07 3.490637e-07 0.014859293 0.0026664464 8.601112e-08 8.52176e-06 1.6777722e-05 2.6776536e-07 0.011263401 4.4839902e-07 1.3566043e-06 0.0002700422 0.00077933085 0.00044438464 0.0025704517 2.831315e-05 1.805373e-07
0.96070737 0.8578732 0.63359106 0.9490574 0.8234074 0.94218403 2.2345428e-12 0.44952312 0.17098387 0.50191647 0.0012148655 0.17086147 0.54898113 0.3078741 0.03475325 0.95631665 0.04119964 0.048584994 0.00015572086 0.0056799515 0.1476864 0.0062182043 0.0086409515 0.001143947 0.02262757 0.5304813 0.00026484486 0.34730825 0.77703613 0.00011787407 0.04259379 0.0005833593 0.0027794666 0.020001305 0.17243698 0.029777497 0.08102275 0.000997172 1.2698844e-06 0.0010577914 0.0015464472 0.0026243948 1.9856378e-05 0.0007250876 6.0987295e-06 0.00047009435 0.0027950928 0.033121083 4.1015577e-05 2.1411508e-05 0.020014968 0.0008616088 3.0652405e-05 0.017657219 0.0095164245 7.987241e-06 0.000111698035 3.8313024e-07 0.0004697479 0.0018102005 6.9603466e-06 1.9435818e-06 0.0639995 2.3702762e-06 0.00013858516 9.0226085e-06 0.013337358 0.006112976 0.0034188856 3.644358e-08 0.00044528802 0.00013408647 0.035587262 3.9762907e-07 0.07285201 0.018701684 1.1378112e-06 0.0017666491 1.1499509e-05 2.69324e-05 3.5419765e-07 2.2493323e-06 3.6350644e-05 0.00048454263 2.083529e-06 2.2290764e-07 0.016546391 0.0051816367 3.4629207e-07 1.2832643e-05 1.5940074e-06 4.690755e-07 0.020940518 1.2560884e-06 2.876841e-06 2.5910915e-05 6.9563546e-05 0.0016466972 0.0022107768 3.5780818e-06 4.818744e-08
0.9590388 0.96346456 0.89059746 0.8376216 0.020614387 0.08168759 0.44952312 2.7632487e-15 0.48459685 0.0017905756 0.005253893 3.127528e-05 0.05985098 0.43023825 1.5388359e-06 0.019489428 0.9604568 9.59543e-05 0.00042891124 2.194926e-05 0.004317872 3.131339e-07 0.09741067 0.024089692 0.9476199 0.16494575 0.0019854312 0.0042358795 0.041642293 0.00079473807 0.002316048 0.006839989 0.34543422 0.00054298947 0.0012002339 4.079112e-05 0.7768731 1.2635006e-05 5.1465736e-06 2.91382e-07 3.398268e-05 1.1523529e-05 2.5165335e-05 0.10435399 7.75932e-06 3.9892428e-05 0.00046523567 0.0015385764 0.00065905554 2.5729434e-05 0.24300666 3.1257896e-05 5.8612773e-08 0.28106397 0.001983624 3.30232e-05 1.0354934e-07 2.9262555e-06 1.756837e-05 0.35692492 7.725789e-06 8.6105706e-07 0.0021404107 3.988277e-05 8.732973e-07 0.00020805524 0.0054405443 0.31191117 0.0010935703 4.5960345e-08 6.152762e-06 8.2890244e-07 0.005735705 8.933337e-09 0.006892344 0.0017504501 1.3506951e-07 0.00021208795 0.02085173 1.8625848e-08 3.825259e-09 1.2580261e-07 0.0047502075 0.014022371 7.09961e-06 5.3061904e-05 0.0007157712 0.014166442 1.204354e-06 1.4257588e-05 1.7258289e-08 9.459465e-06 0.0022121624 0.00019153663 1.8669498e-07 6.29924e-08 3.8267435e-06 6.191693e-06 4.1451036e-05 1.4247549e-08 3.068358e-09
0.49001637 0.27891526 0.9689482 0.549217 0.0005180461 0.014086486 0.17098387 0.48459685 2.4773733e-17 4.71185e-05 0.9806424 9.012882e-06 5.7442907e-05 0.9214273 2.4069652e-07 0.008758108 0.5727878 9.601599e-07 0.46674153 2.918534e-07 2.0193136e-06 2.3263776e-06 0.5139824 0.74292254 0.124278545 0.056575738 0.50875294 0.0010097021 0.0071361274 0.76125705 9.26777e-07 0.48222265 0.3380824 0.000111377114 0.00017726628 1.3346045e-08 0.00047032977 4.195255e-06 0.0468165 1.3649357e-08 2.6800806e-05 4.9480353e-09 0.033706088 0.006751043 0.13981834 0.009350659 2.3771848e-08 6.317738e-07 0.020612873 0.0019378174 3.039683e-08 6.420661e-09 4.921934e-09 1.391894e-06 0.0048327358 0.0012646676 0.00010143903 3.6371763e-05 8.21925e-07 0.0020447327 0.006460359 0.00036826692 0.00083408505 0.0001750561 4.5186323e-11 0.0005767956 1.0048974e-06 8.4211797e-07 0.0021296588 9.562466e-06 5.707763e-07 1.5939898e-07 0.0018329147 1.3214045e-09 0.0014397037 0.00039995284 2.2757906e-06 0.00072285446 3.904948e-06 2.0123349e-10 6.943191e-11 1.6891708e-09 5.429467e-08 2.7657248e-07 4.967324e-06 1.2820766e-07 0.00020930523 1.7622837e-07 1.1519003e-05 4.7292014e-12 1.7218472e-08 4.274516e-06 0.00034647775 1.934922e-05 4.590401e-12 1.2302875e-09 1.3308747e-07 0.000247894 1.313046e-05 1.0652339e-11 3.704672e-12
0.98273104 0.06923132 0.001780382 0.096459076 0.8094693 0.86729825 0.50191647 0.0017905756 4.71185e-05 7.2591905e-13 1.1926228e-06 0.24941403 0.8887261 0.0021519768 0.033483237 0.37140462 9.625795e-05 0.8128164 5.5666465e-08 0.1278402 0.89888793 0.038970105 0.0002302889 1.481003e-05 0.0020963775 0.013734202 1.5064622e-06 0.2707356 0.06255204 3.0988448e-07 0.7575813 1.8070051e-06 2.0636833e-05 0.13658296 0.032200795 0.90236205 0.13927609 0.0028338437 1.4778954e-08 0.0023235679 0.0010416125 0.37062663 1.3314931e-07 3.199018e-05 4.1759346e-08 2.3100752e-06 0.2187133 0.74223775 1.5428976e-06 7.9105286e-07 0.10614072 0.11194084 5.8065347e-05 0.042309612 0.00037481138 4.7619753e-07 4.4200414e-07 2.920097e-08 0.00021388699 0.0003900954 6.37567e-08 2.0866207e-08 0.01698841 2.806309e-07 0.01849614 1.1310925e-06 0.63224304 0.012035086 0.00042390602 2.9938572e-09 0.00037826528 2.671035e-05 0.00318916 3.6061242e-06 0.012485654 0.0017482023 1.4713924e-08 1.5758234e-05 2.9331927e-06 3.957257e-06 5.5846403e-06 1.8605371e-05 3.9041433e-06 0.00030129292 1.6578903e-07 1.9325464e-07 0.0029031746 0.054934118 3.6113175e-08 7.704493e-05 1.240878e-06 2.0664896e-07 0.0024009373 9.804355e-07 7.4591053e-06 6.7577e-06 0.027953668 2.3519033e-05 0.00038128986 1.2394428e-05 9.147264e-08
0.84754825 0.0012002472 0.09296146 0.007206927 8.38605e-06 9.017262e-05 0.0012148655 0.005253893 0.9806424 1.1926228e-06 1.7434947e-14 1.8604695e-07 5.824401e-06 0.6440147 4.1805087e-08 0.0007934405 0.12328277 2.36816e-07 0.9502265 1.0779423e-06 1.3660285e-06 9.067667e-09 0.5695257 0.8540763 0.015075699 0.0372849 0.79372126 7.129869e-05 0.0022867043 0.78839374 4.656382e-07 0.83700734 0.4146488 2.9704697e-06 8.195104e-05 1.4231525e-08 0.005532864 8.2562997e-07 0.10451963 2.6809343e-07 1.3799443e-06 3.5167982e-08 0.091048226 0.40758952 0.22612555 0.032280292 1.6597207e-05 5.076738e-06 0.38634363 0.024105826 5.2218306e-06 1.3453285e-06 4.622929e-08 7.1000875e-05 0.0259231 0.027647788 0.0013761491 0.0072347135 4.7408457e-07 0.047811233 0.07293035 0.0016208529 0.00059509743 0.032328553 8.026631e-09 0.062966466 3.2049682e-06 9.817744e-05 0.02580449 8.666137e-05 9.111869e-07 6.1481893e-07 0.008776243 1.1524776e-08 0.0016922976 0.0023819974 0.00038666007 0.019237604 0.001716672 1.7774264e-08 5.72922e-10 2.548107e-07 8.423333e-05 7.133538e-06 0.012938382 0.00015466633 0.0001344799 1.4213473e-06 0.0007985215 1.1885267e-07 1.1393703e-08 0.015320046 0.0017611574 0.02172597 2.5262335e-07 9.434463e-08 5.5800484e-07 0.0010406509 3.4302e-05 3.4274563e-09 7.8541457e-10
0.9445711 0.0010143125 0.00022132415 0.0034131848 0.17245746 0.83343333 0.17086147 3.127528e-05 9.012882e-06 0.24941403 1.8604695e-07 3.6822027e-14 0.030321438 0.00036474754 0.93455434 0.31418642 1.2811031e-06 0.95167124 3.285722e-08 0.9001214 0.16346596 0.92837095 2.666253e-05 1.5116606e-06 8.268214e-05 0.005855942 8.5938474e-08 0.8084717 0.020626869 6.455354e-08 0.09233609 4.898843e-07 6.3079e-07 0.8070861 0.08451769 0.6354319 0.00091277726 0.08626735 6.6933986e-10 0.54020447 0.1510122 0.20773914 9.730171e-09 1.1655069e-06 1.0573066e-08 3.017632e-07 0.032143734 0.09143298 1.3520612e-07 1.9393943e-07 0.00070966594 0.06727254 0.02595708 9.2223374e-05 0.0012743471 2.7952657e-08 3.897992e-07 1.3071487e-09 0.015584566 8.850544e-06 7.093175e-08 8.879334e-09 0.04751664 2.0148372e-08 0.10493827 5.708907e-07 0.033301674 5.493625e-06 0.00047726347 4.164733e-09 0.0032632507 0.00023107672 0.0062457486 0.00036918998 0.022563823 0.004989618 5.150668e-10 8.909892e-06 1.3027407e-07 8.704271e-05 0.00029978217 0.00013712325 2.3312849e-07 2.2008148e-06 2.333141e-08 2.2613879e-08 0.041833803 0.00030855968 1.0198669e-08 1.0474182e-06 5.1548435e-05 8.0492595e-07 0.00798439 3.7462672e-07 1.1455578e-06 6.5090964e-05 0.01067101 7.603652e-05 0.00403732 0.0003485647 9.3801955e-06
0.87326705 0.8577218 0.076359026 0.36363873 0.97719806 0.6579964 0.54898113 0.05985098 5.7442907e-05 0.8887261 5.824401e-06 0.030321438 1.1346499e-14 0.013214787 0.0017567576 0.17104557 0.0022637597 0.2185048 4.697864e-07 0.004728037 0.98158926 0.0005010618 0.0010108381 8.697583e-05 0.029268494 0.017757367 3.9701126e-06 0.064023376 0.048720255 1.6417076e-06 0.7641144 4.8163784e-06 5.9328948e-05 0.014123835 0.009288839 0.35886344 0.46267867 0.0003304779 2.1609985e-08 2.2570843e-05 8.600436e-05 0.0366356 6.444568e-07 9.005481e-05 5.6534134e-08 2.1904814e-06 0.10014821 0.30936986 8.597696e-07 1.8829254e-06 0.40061197 0.009816182 1.7606568e-06 0.13822722 0.00021720114 1.0362616e-06 4.780868e-09 1.9267228e-08 4.1871746e-05 0.005601363 7.443741e-08 9.2769525e-08 0.00689126 8.501169e-07 0.0010105465 2.495149e-06 0.2709677 0.054059822 0.00018543185 1.854283e-08 1.5712974e-05 1.4252075e-06 0.0016057297 3.909229e-08 0.0072904 0.0007592084 2.7664209e-09 8.332868e-06 3.182362e-05 3.522854e-08 1.516962e-08 1.6609914e-06 0.00031826334 0.0052655125 1.3999773e-08 4.953449e-08 0.0006165205 0.056577142 1.1901822e-08 0.000106087624 3.865609e-08 4.337186e-08 0.000828163 1.710634e-06 9.879409e-06 1.3394678e-08 0.010192104 1.3719217e-06 5.641164e-05 3.1583522e-07 4.0576635e-09
0.942798 0.2836186 0.8777661 0.74588513 0.007903483 0.013501762 0.3078741 0.43023825 0.9214273 0.0021519768 0.6440147 0.00036474754 0.013214787 8.714631e-14 2.6219941e-05 0.06575275 0.4405111 0.00013752753 0.13959219 3.6729292e-05 0.00090895116 7.192175e-06 0.9680197 0.3672277 0.09066682 0.9249137 0.099559106 0.008354396 0.18311495 0.047457676 0.00023261161 0.20840241 0.2839969 0.0006620096 0.019924847 9.749656e-06 0.037706207 4.5219393e-05 0.0030507946 3.7877262e-06 0.00014294396 4.516272e-07 0.0008832137 0.08680651 0.0010243617 0.0042108316 2.5958872e-05 1.5998608e-05 0.010264388 0.00019427053 0.0003272978 3.905153e-06 1.0007755e-06 0.0010092867 0.09107129 0.00010673965 0.0035913514 2.1346037e-05 5.825526e-05 0.04370482 6.7536115e-05 2.984285e-05 0.016413948 4.880424e-05 1.1986626e-06 0.00038759582 0.0002514419 0.003824385 0.059470527 1.7854452e-06 7.107492e-05 3.8691387e-06 0.08060767 6.9960564e-08 0.036427546 0.02707307 1.3166247e-05 0.007736847 0.0010643853 2.1950892e-07 2.3377682e-07 1.1319595e-07 0.00016658107 0.0005342458 1.4914646e-05 1.78087e-05 0.0048661265 0.00032806 8.693474e-06 4.8583655e-07 1.2394056e-06 6.607006e-05 0.019883942 0.00016766055 9.137151e-08 5.55804e-07 4.7577083e-07 0.0049791434 0.0006743151 1.2276564e-07 2.7916371e-08
0.97644305 0.00016739756 2.7584601e-05 0.0001858922 0.010543621 0.40116754 0.03475325 1.5388359e-06 2.4069652e-07 0.033483237 4.1805087e-08 0.93455434 0.0017567576 2.6219941e-05 6.8494125e-13 0.26282915 6.855064e-08 0.6819032 1.526747e-08 0.77061564 0.012415629 0.96872306 6.030063e-06 2.0702849e-07 6.907129e-06 0.0014992689 1.1669777e-07 0.84874827 0.01464144 7.283925e-08 0.014464412 1.1366847e-07 5.6184877e-08 0.9112523 0.13539429 0.19739147 2.1314163e-05 0.41925928 2.1106523e-09 0.72618854 0.79564124 0.05932148 1.7044345e-08 2.6257777e-07 1.8080529e-08 2.598158e-07 0.014921363 0.015891476 2.1586786e-07 3.0852507e-07 2.4226114e-05 0.038480986 0.17369659 9.76691e-06 0.0012072395 1.2691535e-07 4.3047743e-07 4.912152e-09 0.24004754 8.9053776e-07 1.0812044e-07 7.319909e-09 0.124185935 7.4724475e-08 0.12436765 4.9583804e-07 0.0044725877 9.997252e-07 0.00043298758 3.358677e-09 0.04371914 0.014297465 0.006424359 0.0048160506 0.046242315 0.009048344 5.478386e-09 7.262374e-06 2.661464e-07 0.002319213 0.002500478 0.0030148695 9.597155e-08 1.447055e-06 1.3231228e-08 4.1606064e-08 0.2377709 1.4924735e-05 4.6892916e-09 3.7482582e-07 0.00078442734 4.496466e-08 0.016953178 5.993602e-07 4.4752923e-07 0.0046269326 0.008624197 1.2272303e-05 0.05379636 0.0023188316 0.00012285777
0.95181125 0.19449127 0.048503447 0.4738033 0.55286616 0.92610335 0.95631665 0.019489428 0.008758108 0.37140462 0.0007934405 0.31418642 0.17104557 0.06575275 0.26282915 2.1016076e-11 0.0033481354 0.07336385 6.812491e-05 0.011681471 0.050924055 0.028171226 0.0027191034 0.00031279292 0.0011124422 0.18097466 6.8242014e-05 0.9733599 0.9323702 6.2329666e-05 0.017305767 0.00020226248 0.00025146204 0.19946587 0.5232777 0.022323709 0.003807456 0.009622423 2.0390034e-06 0.0064429343 0.014317304 0.0017875514 7.1203795e-06 6.409583e-05 3.7787046e-05 0.00066758145 0.00097603124 0.0075085843 7.081668e-05 2.2365743e-05 0.0010088922 0.0007160201 0.00062151306 0.0002568147 0.01984248 1.3709663e-05 0.0006948196 6.6711306e-07 0.0015651082 4.8278038e-05 6.9166867e-06 1.7517885e-06 0.13315067 5.653829e-06 0.0009837375 2.1601469e-05 0.0018121919 0.00021020461 0.0047441274 9.920214e-08 0.0010318962 0.00046565672 0.035863742 4.175899e-06 0.105820365 0.023573894 3.1254872e-06 0.0009485934 7.470809e-06 0.0006075611 1.4073943e-05 3.475245e-05 2.5119707e-05 0.00020121029 2.6623463e-06 3.8257525e-07 0.04229746 0.0014838483 1.2308227e-07 2.2301885e-05 0.000102166116 2.7980905e-06 0.036237307 2.3751704e-06 1.460149e-05 0.00061541144 0.00030778054 0.0042647785 0.010642015 8.482681e-05 1.057637e-05
0.95108604 0.78005356 0.79660505 0.436541 0.00065452757 0.0053934944 0.04119964 0.9604568 0.5727878 9.625795e-05 0.12328277 1.2811031e-06 0.0022637597 0.4405111 6.855064e-08 0.0033481354 2.3108411e-16 4.684253e-06 0.010417481 5.4728803e-06 3.560757e-05 1.6792967e-08 0.28501394 0.1979325 0.98979276 0.08988109 0.015995894 0.00047548438 0.0063998494 0.030531583 9.021314e-05 0.27221644 0.93601376 2.2563678e-05 0.00012826032 1.6770873e-07 0.26478922 5.6508935e-07 0.000115270974 1.3796168e-08 8.159725e-06 1.7047164e-07 0.00013423605 0.27029207 0.00012765906 0.00014807821 0.00011338878 2.5065887e-05 0.015301509 0.0001255389 0.009292933 1.3846743e-06 1.9150319e-08 0.020579856 0.0029770199 0.00014382855 1.4293469e-08 2.652311e-06 1.1065622e-06 0.24677247 0.00014037757 5.0910453e-06 0.0012287553 0.0001548697 8.87282e-08 0.0020248927 5.1032588e-05 0.046530247 0.0010963506 8.5479473e-07 1.8475447e-07 1.6207939e-07 0.0063946885 5.231892e-09 0.0051977914 0.0018723517 8.0625966e-07 0.0006898137 0.016069286 1.9286117e-09 2.8114858e-10 2.0334031e-08 0.0023467268 0.0033781186 0.0001737291 0.00017446645 0.00054240954 0.0007453438 4.3710637e-07 1.8352371e-06 5.243731e-09 0.00025347393 0.0015343212 0.005328297 1.2523832e-07 2.5820444e-08 3.2752246e-07 1.2934025e-06 7.457644e-05 1.16561125e-08 4.2220696e-10
0.91744894 0.0016684174 0.00017241001 0.0029447968 0.7550806 0.3810158 0.048584994 9.59543e-05 9.601599e-07 0.8128164 2.36816e-07 0.95167124 0.2185048 0.00013752753 0.6819032 0.07336385 4.684253e-06 1.6875436e-14 3.466035e-08 0.97408736 0.47392043 0.52572596 6.270118e-06 9.2295517e-07 0.00019390143 0.0010598535 5.7059975e-08 0.2610735 0.0055157444 2.1604001e-07 0.47765383 7.236051e-07 1.3477184e-06 0.34655026 0.021953577 0.8744458 0.00261998 0.0118966885 1.7478842e-09 0.24757785 0.011532436 0.4533136 1.2311104e-07 6.2119566e-06 6.749039e-09 1.8673202e-07 0.1578135 0.3554378 5.2132447e-07 8.0989906e-08 0.0016446209 0.19359493 0.0032133146 0.00035880186 0.00011961905 1.7317586e-07 1.3746259e-08 9.272207e-09 0.0015019266 4.0155308e-05 4.4127862e-08 7.740705e-09 0.010432633 6.156641e-08 0.25406158 9.588506e-07 0.17160423 2.6870031e-05 3.8062575e-05 6.3543846e-09 0.002293231 0.00017656258 0.0010398407 4.0179133e-05 0.005458107 0.00070770556 1.5509428e-09 1.397163e-06 3.1727828e-07 7.3533083e-06 0.00024408987 4.8009355e-05 8.116895e-07 1.4895245e-05 3.2262353e-08 1.4379439e-08 0.004719552 0.0019324675 2.0082447e-09 3.6683732e-06 4.887783e-07 1.2897412e-07 0.0014087445 2.6750268e-07 4.013951e-06 1.2745013e-05 0.029999295 6.6067755e-06 0.00080966664 0.00018510621 3.5492735e-07
0.9191399 9.4227784e-05 0.0059022736 0.0005344435 3.6908963e-07 3.1345405e-06 0.00015572086 0.00042891124 0.46674153 5.5666465e-08 0.9502265 3.285722e-08 4.697864e-07 0.13959219 1.526747e-08 6.812491e-05 0.010417481 3.466035e-08 6.6404354e-14 2.71228e-07 8.040041e-08 9.054273e-09 0.28179464 0.75305206 0.0011158125 0.010315593 0.97851515 9.120115e-06 0.0003652035 0.94618946 5.861959e-08 0.70726067 0.09609342 3.2578228e-07 1.3954647e-05 1.2260131e-08 0.00038897595 3.3717643e-07 0.5474424 1.9673415e-08 7.840724e-07 2.1376971e-08 0.36145684 0.111171305 0.5091913 0.21491845 4.20217e-06 8.750013e-07 0.41016224 0.057126135 7.7507366e-07 1.690108e-06 5.3125113e-08 9.113133e-06 0.039134577 0.11616067 0.0090943035 0.075804986 3.7305307e-07 0.0038376837 0.2514249 0.008246687 0.00022328459 0.1526724 1.2562871e-08 0.14431173 1.4890195e-06 5.7393486e-06 0.07609184 0.0010005299 8.812554e-07 3.535042e-07 0.013049742 1.2068375e-08 0.0021126203 0.0026236179 0.0062164227 0.038252685 0.0001936806 6.240987e-08 1.8408979e-09 2.3473127e-08 3.7326752e-06 7.481211e-06 0.029996647 3.6428726e-05 7.0012335e-05 1.0079352e-06 0.0061948127 2.0885648e-07 1.7986876e-07 0.08626291 0.0019225859 0.0057588704 3.4409894e-07 7.9820666e-07 6.1180467e-06 0.0010729241 3.831224e-06 9.1241725e-09 3.8951002e-09
0.75470245 0.00018401338 1.1617832e-05 0.00023249895 0.0373627 0.1100924 0.0056799515 2.194926e-05 2.918534e-07 0.1278402 1.0779423e-06 0.9001214 0.004728037 3.6729292e-05 0.77061564 0.011681471 5.4728803e-06 0.97408736 2.71228e-07 1.6835948e-15 0.025951281 0.986838 1.589959e-05 1.6511442e-06 6.4457614e-05 0.00038656848 1.0330418e-06 0.10329037 0.0011824309 1.0115656e-06 0.05189654 1.0318377e-06 1.3315026e-06 0.2170081 0.0050016143 0.4655845 0.00021615451 0.019497255 1.014907e-08 0.7439182 0.038386267 0.14955258 1.2658246e-07 6.0290627e-06 3.5926373e-08 1.2857744e-07 0.03071772 0.025909599 8.1873156e-07 1.0263652e-06 0.00022716424 0.06306487 0.10469426 1.28804495e-05 0.00017748466 1.3991571e-07 7.0801134e-09 1.8981972e-09 0.013785226 1.6791391e-05 4.1892175e-08 2.0749406e-08 0.0059940773 3.3487893e-08 0.30521306 1.0749642e-06 0.008257218 1.0653052e-05 0.00018708418 6.030506e-08 0.0047012707 0.0009997492 0.0004927028 0.0010628155 0.004087939 0.0009123738 7.3628974e-09 1.6196221e-06 2.975966e-07 0.00018024012 0.0032789938 0.00050480675 1.6569759e-06 9.250784e-06 1.6972878e-08 8.137806e-09 0.0071709645 5.6228004e-05 9.346279e-10 2.122966e-06 8.383048e-05 3.3077157e-07 0.0011133804 1.8365914e-07 6.949084e-06 0.00044741915 0.013817908 1.2610676e-05 0.0015344091 0.0038241772 8.895332e-06
0.74509406 0.38738513 0.010021011 0.055435933 0.8498188 0.32369155 0.1476864 0.004317872 2.0193136e-06 0.89888793 1.3660285e-06 0.16346596 0.98158926 0.00090895116 0.012415629 0.050924055 3.560757e-05 0.47392043 8.040041e-08 0.025951281 9.828108e-14 0.0016217807 2.0099253e-05 4.6490545e-06 0.0028663008 0.003073982 4.753522e-07 0.042693995 0.008944331 5.778758e-07 0.9913008 2.0362103e-07 2.3479827e-06 0.016329635 0.0049129403 0.68299466 0.113646924 0.00057486614 8.740638e-09 0.00026172714 0.00023903111 0.31686556 2.538521e-07 1.800823e-05 2.6141555e-08 4.3870543e-07 0.5706938 0.4743116 9.7071535e-08 9.925935e-07 0.12655574 0.09648827 9.8089995e-06 0.03278339 2.5175274e-05 1.4586875e-07 3.748869e-09 2.771445e-08 4.774622e-05 0.00026806773 1.2233181e-07 7.454667e-08 0.0035848313 1.9938807e-07 0.043104842 1.0349125e-06 0.2936014 0.004121198 9.851119e-06 3.4146755e-08 2.8517066e-05 5.5531364e-06 0.00030175646 4.26516e-07 0.0035499511 0.00019870557 1.0879601e-08 5.0457547e-06 2.2232753e-06 3.4780228e-07 2.0348105e-07 3.3817041e-06 1.6869704e-05 0.0012018238 4.2512838e-09 8.503678e-08 0.0007041657 0.026301043 3.6128383e-09 4.9483522e-05 8.9815025e-08 1.4089494e-07 0.0005571935 2.580191e-06 1.4914704e-05 2.6225368e-07 0.022104152 7.9905436e-07 0.00012577233 1.4497699e-05 2.7258043e-08
0.7703084 4.2295236e-05 4.4043445e-06 0.00015390577 0.011176453 0.13796942 0.0062182043 3.131339e-07 2.3263776e-06 0.038970105 9.067667e-09 0.92837095 0.0005010618 7.192175e-06 0.96872306 0.028171226 1.6792967e-08 0.52572596 9.054273e-09 0.986838 0.0016217807 3.5662218e-16 8.058238e-07 3.090407e-07 4.1941944e-06 7.644259e-05 3.1840962e-08 0.27298748 0.00087388104 4.981294e-08 0.0015648165 1.7935711e-09 1.5907817e-08 0.54917604 0.0073451656 0.0038250084 4.0415281e-07 0.17366825 1.4023016e-09 0.5875189 0.4149127 0.0019182912 1.637648e-08 6.0271105e-07 3.799156e-09 3.1738596e-09 0.0012332046 1.7371676e-05 8.773634e-11 9.630653e-09 8.009491e-08 0.001084139 0.044625595 2.0218658e-07 0.0004199448 9.419044e-10 9.008023e-09 1.5332473e-10 0.19799975 6.2830264e-07 8.017767e-10 2.4692537e-10 0.013394731 6.9837697e-10 0.019613514 3.871379e-08 1.9349025e-06 8.2129105e-07 1.960656e-05 1.770452e-09 0.047382157 0.02730803 0.0018726232 0.00045630985 0.00981198 0.0014453649 1.3394064e-08 4.6668652e-07 9.035025e-08 0.0005395359 0.0003560874 0.0011337743 1.23071064e-08 4.6839937e-06 3.0368361e-09 1.9218735e-09 0.02497004 1.3423252e-07 7.7142154e-10 3.8250847e-09 0.0053229416 5.0157905e-07 0.0014726898 9.113577e-06 1.4509996e-07 0.0016411684 7.030994e-05 1.5197604e-05 0.0094166435 0.002760945 7.550267e-05
0.9824159 0.028398573 0.21490835 0.039092153 0.0004903237 0.0008506263 0.0086409515 0.09741067 0.5139824 0.0002302889 0.5695257 2.666253e-05 0.0010108381 0.9680197 6.030063e-06 0.0027191034 0.28501394 6.270118e-06 0.28179464 1.589959e-05 2.0099253e-05 8.058238e-07 1.05897516e-13 0.9456844 0.027886085 0.8465981 0.4165889 0.0019012674 0.083942324 0.15102255 6.76645e-06 0.37612155 0.2675929 0.00018911029 0.03622829 4.4661724e-07 0.008198005 4.5132238e-05 0.017298225 3.5126186e-06 0.000124822 3.5517775e-08 0.005814395 0.13847688 0.0026312626 0.043330483 8.482587e-06 1.0865697e-06 0.016424658 0.0006033443 7.833265e-07 1.3120678e-06 5.0596975e-07 6.476644e-05 0.6372213 0.0005208561 0.007949799 0.00024338021 8.2253115e-05 0.029928036 0.00042905833 0.00014607013 0.051768854 0.0005096149 4.431198e-08 0.0018956704 4.3170832e-05 0.000381309 0.23070204 7.0525753e-06 6.6421504e-05 2.337038e-06 0.3146281 1.7316983e-08 0.11849294 0.1070868 3.674979e-05 0.034337584 0.0012396646 9.0152284e-08 7.1621955e-08 2.2816633e-07 6.237165e-05 9.497778e-05 0.00022880184 3.6224403e-05 0.0068650087 8.478649e-06 1.6969132e-05 7.38142e-08 1.5443106e-08 0.000515878 0.0972673 0.0030489406 2.2869143e-08 1.2848311e-06 3.3278218e-06 0.013691045 0.001014327 5.514484e-08 1.2042685e-09
0.97075117 0.003059369 0.023237394 0.0028759497 2.6358135e-05 4.0818166e-05 0.001143947 0.024089692 0.74292254 1.481003e-05 0.8540763 1.5116606e-06 8.697583e-05 0.3672277 2.0702849e-07 0.00031279292 0.1979325 9.2295517e-07 0.75305206 1.6511442e-06 4.6490545e-06 3.090407e-07 0.9456844 1.956231e-13 0.015656749 0.09905432 0.97396606 0.00019898148 0.0039072298 0.6265014 1.3276708e-06 0.72827363 0.3802849 2.0314079e-05 0.0009549495 3.1084273e-08 0.001705077 1.731884e-05 0.18373618 1.5187128e-07 1.8294593e-05 2.7582507e-08 0.11351796 0.35877898 0.03515195 0.129308 2.5219406e-06 1.13398215e-07 0.23908041 0.0032985194 8.5020287e-07 1.265824e-06 5.456958e-08 3.452748e-05 0.43217662 0.012063832 0.0113688 0.005527023 3.8339763e-06 0.015323873 0.002301978 0.0012357256 0.0051823063 0.02323996 1.7947766e-08 0.090153456 1.5824968e-05 1.3486667e-05 0.2407751 3.6928366e-05 5.5834416e-06 6.789714e-08 0.11660719 1.3244813e-08 0.026390458 0.032273594 0.0007145208 0.04436422 0.0034797087 8.708177e-08 4.730844e-08 2.5215435e-08 8.820113e-05 1.3658624e-05 0.0044765202 0.000345008 0.00095883926 2.9062508e-06 0.0007025036 3.14517e-08 6.8050315e-10 0.024065422 0.024126824 0.05637708 1.2406136e-07 3.7897297e-07 1.2662835e-05 0.007244632 6.4010004e-05 2.5952964e-08 9.065518e-10
0.8357955 0.6738586 0.42916855 0.2097035 0.0060950234 0.005960212 0.02262757 0.9476199 0.124278545 0.0020963775 0.015075699 8.268214e-05 0.029268494 0.09066682 6.907129e-06 0.0011124422 0.98979276 0.00019390143 0.0011158125 6.4457614e-05 0.0028663008 4.1941944e-06 0.027886085 0.015656749 2.951894e-15 0.018605083 0.0014474409 0.00064851926 0.0028054288 0.0031299836 0.0024216196 0.031695418 0.90735704 0.00041248678 0.0001655103 0.00053025916 0.9242907 6.1136285e-05 6.866976e-05 5.5158597e-07 3.235697e-05 2.8834129e-05 9.623868e-05 0.4537154 0.0001596501 1.6747555e-05 0.0013597696 0.0018186792 0.025455855 3.489392e-05 0.28050902 0.00020939008 1.4121967e-07 0.3308132 0.00017404933 0.00024813265 1.3302968e-08 1.47561195e-05 5.6717413e-06 0.8855033 1.4793134e-05 5.505604e-06 0.0005793011 0.00020899547 2.3082077e-06 0.0013712874 0.0014486907 0.59344393 0.00030381503 2.5004585e-06 4.5013066e-06 1.6093292e-06 0.00047516957 4.457672e-08 0.001761837 0.0002763691 2.0689959e-07 3.627702e-05 0.21042204 2.4305892e-08 1.25937225e-08 4.1021988e-07 0.08710396 0.08724925 5.02101e-06 0.0011954093 0.00034138176 0.019858059 1.090654e-06 1.3756564e-05 1.7443374e-07 0.00056498946 0.00029566413 0.027494248 5.074252e-07 2.8922544e-08 1.4426796e-05 1.0385033e-06 2.9076356e-05 1.6934106e-08 2.5934298e-07
0.9686684 0.20326711 0.5186457 0.6366459 0.033888854 0.078981906 0.5304813 0.16494575 0.056575738 0.013734202 0.0372849 0.005855942 0.017757367 0.9249137 0.0014992689 0.18097466 0.08988109 0.0010598535 0.010315593 0.00038656848 0.003073982 7.644259e-05 0.8465981 0.09905432 0.018605083 2.5557895e-13 0.04585567 0.062198285 0.9855249 0.004812224 0.00045558394 0.020348808 0.016929587 0.0047111833 0.2081537 8.3533196e-05 0.009856039 0.00069460133 0.0002836446 5.0820636e-05 0.0005677663 4.334114e-06 7.655246e-05 0.0017745557 0.0009676156 0.050638255 0.00016705484 1.26736595e-05 0.0009014306 0.00065610907 0.00019212624 3.0013389e-05 2.305548e-06 0.00028398103 0.46388307 6.6187735e-05 0.016997784 1.1589735e-05 0.0005214729 0.0034119205 0.00018600005 0.000120341276 0.15407214 2.366952e-05 5.4693976e-07 6.6642184e-05 6.2735664e-05 0.0046061585 0.111605704 6.1798833e-06 0.0006882632 1.7146054e-05 0.45111918 1.0913151e-07 0.21697256 0.18080063 1.9858819e-05 0.019043475 0.00034254976 7.304237e-06 1.4260513e-07 1.4596358e-06 0.00015949701 0.0008273637 7.387191e-05 3.1793843e-06 0.05153185 0.0004781015 3.787824e-06 5.774579e-06 2.4098821e-07 4.67648e-05 0.12693074 3.172359e-05 2.4360628e-07 2.391571e-05 9.398399e-06 0.025628679 0.0027601249 5.7256244e-07 5.09256e-08
0.9315685 0.00051200844 0.005919385 0.00061344326 2.6663101e-06 1.2469214e-05 0.00026484486 0.0019854312 0.50875294 1.5064622e-06 0.79372126 8.5938474e-08 3.9701126e-06 0.099559106 1.1669777e-07 6.8242014e-05 0.015995894 5.7059975e-08 0.97851515 1.0330418e-06 4.753522e-07 3.1840962e-08 0.4165889 0.97396606 0.0014474409 0.04585567 2.636891e-15 3.9823557e-05 0.0006763673 0.6883326 6.342252e-07 0.4764593 0.04514624 3.1855695e-06 0.00011783732 1.0392028e-08 0.00027932756 2.400793e-06 0.3244602 2.6538288e-08 4.4632534e-06 1.0196295e-08 0.1665759 0.03051061 0.26001662 0.83114886 8.982254e-07 1.338364e-07 0.15401256 0.086907774 7.5032105e-08 1.8473139e-07 3.983616e-09 1.6024727e-06 0.36390987 0.028784335 0.05861393 0.019386217 1.6286178e-06 0.0007750745 0.089491 0.009331199 0.00087877375 0.04352702 1.5276317e-09 0.048787978 1.5351978e-06 3.6247275e-07 0.20944235 0.0010238837 3.9807815e-06 4.8901022e-08 0.07787229 1.3363716e-09 0.014346759 0.021255411 0.0033805694 0.11103497 6.1218954e-05 5.174019e-08 8.459317e-09 2.4406656e-08 6.0528273e-06 2.7763022e-06 0.026382286 2.8250306e-05 0.00017612499 9.289715e-07 0.0032158638 7.944705e-08 4.316774e-09 0.028364036 0.015416042 0.006966559 3.0962024e-08 1.7962606e-07 6.4831856e-06 0.01151504 2.2557695e-05 2.4874591e-09 4.729639e-10
0.9434987 0.023101183 0.0046716346 0.031124871 0.35750732 0.51003873 0.34730825 0.0042358795 0.0010097021 0.2707356 7.129869e-05 0.8084717 0.064023376 0.008354396 0.84874827 0.9733599 0.00047548438 0.2610735 9.120115e-06 0.10329037 0.042693995 0.27298748 0.0019012674 0.00019898148 0.00064851926 0.062198285 3.9823557e-05 6.7048277e-12 0.57667786 3.4859164e-05 0.019921439 7.0099784e-05 6.0344268e-05 0.9700659 0.9405118 0.07521632 0.0019856377 0.29300117 3.0054088e-07 0.076349325 0.22197668 0.00790642 2.4943351e-06 1.8660085e-05 1.8007682e-05 0.0005803479 0.0020572834 0.008660529 5.991562e-05 1.2728384e-05 0.00014883508 0.0017490102 0.007315175 2.5584142e-05 0.04103844 7.29382e-07 0.00035773462 1.3593369e-08 0.009365254 2.4387497e-05 2.2260547e-06 1.680928e-06 0.33912447 8.583428e-08 0.0024522254 1.9231745e-06 0.0015171871 2.6620175e-05 0.004586766 3.2951927e-08 0.0039199437 0.0016873326 0.045054015 5.09165e-05 0.15576777 0.04339984 3.6538148e-07 0.00057457044 1.232663e-06 0.0018098329 0.000196402 0.0001196592 1.6695043e-05 9.910754e-05 3.798834e-07 4.332281e-07 0.23006986 0.00044240462 1.18932725e-07 8.485468e-06 0.00035521723 9.980729e-06 0.05529632 3.2917753e-06 2.4930641e-05 0.0013552895 0.00090895116 0.00869139 0.068061695 0.00017238173 6.0453196e-05
0.97740597 0.13827634 0.115781255 0.4616142 0.1340637 0.36677536 0.77703613 0.041642293 0.0071361274 0.06255204 0.0022867043 0.020626869 0.048720255 0.18311495 0.01464144 0.9323702 0.0063998494 0.0055157444 0.0003652035 0.0011824309 0.008944331 0.00087388104 0.083942324 0.0039072298 0.0028054288 0.9855249 0.0006763673 0.57667786 1.0689662e-12 0.00019893899 0.0024144768 0.00084553007 0.00091944507 0.057232782 0.8451641 0.0009732456 0.0029689674 0.0027647296 3.8093128e-06 0.00066685 0.0027903942 3.682968e-05 8.002864e-06 0.00010528715 5.569108e-05 0.003094029 0.00027268575 0.0002501649 8.143522e-05 0.00011728885 0.0003840373 0.00010828912 3.8229773e-05 0.00015356943 0.22913305 9.776704e-06 0.003067706 6.216819e-07 0.0012463016 0.0002651206 3.0221565e-05 9.391894e-06 0.51235896 2.7806423e-06 1.3741275e-05 9.782477e-06 0.0001208178 0.0008088244 0.02595514 3.5717454e-07 0.0012370888 0.00013771233 0.3167737 3.062368e-07 0.40712714 0.17324747 3.1043567e-06 0.0043192683 2.889615e-05 0.000111590496 7.240953e-07 7.99464e-06 6.693243e-05 0.00029586468 4.4151147e-06 2.1767682e-06 0.16655399 0.000680452 1.080571e-06 7.608298e-06 5.079358e-06 9.505938e-06 0.14918458 4.1778508e-06 6.175211e-06 0.00019338676 3.618466e-05 0.018980289 0.034689613 1.1593571e-05 8.529649e-07
0.9576637 0.00011051395 0.0066162744 0.00052582135 1.1719727e-06 1.3347925e-05 0.00011787407 0.00079473807 0.76125705 3.0988448e-07 0.78839374 6.455354e-08 1.6417076e-06 0.047457676 7.283925e-08 6.2329666e-05 0.030531583 2.1604001e-07 0.94618946 1.0115656e-06 5.778758e-07 4.981294e-08 0.15102255 0.6265014 0.0031299836 0.004812224 0.6883326 3.4859164e-05 0.00019893899 1.2803047e-13 3.3061863e-07 0.9458626 0.29812834 7.945191e-06 5.6970122e-05 8.978862e-09 0.0006208747 9.854986e-07 0.8718631 4.576475e-08 3.5979556e-06 5.8115283e-08 0.84307307 0.15331198 0.5669799 0.1543003 1.4243795e-05 1.9282343e-06 0.69579345 0.07312227 2.7666338e-06 5.393895e-05 7.5609194e-08 4.2090705e-05 0.009970684 0.37597752 7.8884186e-05 0.30518177 1.108102e-06 0.012319362 0.0787923 0.0030974653 0.0003884473 0.3918773 6.708423e-08 0.3201018 1.9135487e-05 0.00010580381 0.015011462 0.0007950459 2.0613652e-06 2.1377766e-06 0.0043576476 8.256996e-08 0.0022862332 0.002004644 0.017381338 0.016277967 0.00019531157 2.9263028e-08 9.014571e-09 1.1875394e-06 2.3694318e-05 6.510034e-05 0.14732777 0.00017943761 0.00036409104 1.1165969e-06 0.008726694 2.623848e-07 2.4287358e-06 0.30244496 0.0022012454 0.02475734 6.2129814e-08 2.1022082e-08 5.140111e-07 0.00012979918 1.0338575e-05 3.4007186e-09 1.1106701e-07
0.639161 0.08527686 0.0039746743 0.01356371 0.5870413 0.11400819 0.04259379 0.002316048 9.26777e-07 0.7575813 4.656382e-07 0.09233609 0.7641144 0.00023261161 0.014464412 0.017305767 9.021314e-05 0.47765383 5.861959e-08 0.05189654 0.9913008 0.0015648165 6.76645e-06 1.3276708e-06 0.0024216196 0.00045558394 6.342252e-07 0.019921439 0.0024144768 3.3061863e-07 8.065478e-15 6.980571e-07 2.0118125e-05 0.008217761 0.0018966296 0.93566084 0.049316913 0.00026693277 1.2522703e-08 0.0014324705 0.00017873959 0.7778095 3.3250825e-07 6.828693e-05 1.8371817e-07 1.3790176e-07 0.921413 0.9375166 6.2229054e-07 8.5165465e-07 0.20557743 0.41715926 6.611399e-05 0.028373208 8.464809e-06 2.2217016e-07 3.4683212e-09 2.2973238e-08 4.4915443e-05 0.00019391994 5.412768e-08 1.4704548e-07 0.001139759 6.699396e-08 0.2689959 9.2733745e-07 0.49698678 0.0026253674 4.334536e-06 5.757536e-07 2.2654494e-05 8.796847e-06 4.6119843e-05 8.286978e-07 0.001110781 6.2075596e-05 5.976133e-10 3.3758639e-07 1.9862825e-06 7.149799e-07 3.919211e-06 8.131996e-07 3.3848097e-05 0.001301961 7.545112e-09 5.9474274e-08 0.0004096882 0.024474367 1.3779837e-08 7.436004e-05 1.8352992e-07 2.208467e-07 0.00015262216 3.8588556e-07 2.7775852e-05 2.0441992e-07 0.03115793 1.1262896e-06 9.6976466e-05 7.855941e-05 2.0905676e-07
