9.184269e-13 0.9953966 0.9906898 0.9937262 0.97685695 0.97648853 0.9387954 0.7181845 0.9568607 0.88865745 0.76319164 0.75643563 0.9299475 0.8983653 0.8602144 0.6753812 0.9607588 0.905257 0.9639928 0.5061648 0.981868 0.7752456 0.74023974 0.9136138 0.98262376 0.90751976 0.9016257 0.8905891 0.8405463 0.7828323 0.9637217 0.9204267 0.9525795 0.9556829 0.49069983 0.97428936 0.14989015 0.9646994 0.79910994 0.94791424 0.95223016 0.9352709 0.9814042 0.870816 0.9918417 0.9256175 0.97204775 0.9293276 0.9544265 0.9602304 0.77485025 0.8887571 0.97796315 0.9274319 0.8480469 0.93153405 0.63841647 0.88072103 0.9368988 0.8003628 0.9160112 0.9640645 0.9509358 0.9535544 0.8358701 0.95832926 0.765204 0.9901825 0.9753746 0.034780666 0.9412651 0.6409539 0.05659712 0.12074217 0.8071568 0.97468364 0.7217925 0.73584086 0.4088645 0.013059316 0.3733285 0.0024379303 0.09610863 0.33253133 0.0017512358 0.9999731 0.9434234 0.99996835 0.8638373 0.09472645 0.004012677 0.31981182 0.034004323 0.99825996 0.01419095 0.0010001739 0.0075164465 0.80004007 0.0005260571 0.0040263925 3.6847105e-05
0.9953966 2.3364962e-14 0.9512425 0.39655906 0.06338396 0.0058463723 0.015013545 0.8533891 0.01649045 0.051692843 0.90627164 0.019626636 0.82795125 0.00014714194 0.15386835 0.0058973585 0.0083219325 0.5549058 3.4493514e-05 9.008057e-05 0.00044616303 9.620041e-05 0.000119416494 0.0004411836 1.9233497e-05 2.0916357e-06 3.799149e-07 0.09226576 1.2662839e-06 0.5192937 0.8986793 1.3291225e-08 4.3254133e-08 1.1320336e-08 0.28926754 1.6825767e-06 0.0029099616 9.572544e-09 2.623251e-06 1.1859627e-08 0.0013155241 9.2175965e-09 0.08680422 5.592635e-08 0.0032979501 6.7102627e-07 3.906119e-09 6.766624e-08 0.06253352 0.0004713077 1.00518825e-07 2.668148e-07 1.1298698e-08 0.0009688011 2.2695049e-06 2.5062943e-09 0.016096594 2.3804969e-08 0.00019555645 2.9275577e-07 1.1649956e-08 8.042818e-06 0.0560866 3.703548e-05 7.744158e-06 4.54763e-08 7.542029e-10 0.0021390556 8.665807e-05 1.5029021e-06 1.5251949e-09 1.3348209e-08 5.977277e-07 0.000117988115 1.5447577e-09 6.5418143e-10 1.9684638e-08 6.4896927e-10 6.3293215e-09 1.33013145e-05 1.4172148e-08 5.11605e-05 2.2528562e-07 1.5929556e-08 9.708562e-08 0.0939313 1.0616136e-05 9.96392e-05 5.7801275e-10 0.01034625 1.1590033e-07 3.1314793e-09 0.010598358 2.755226e-07 1.0600387e-08 1.6355607e-07 1.0686642e-09 1.1037439e-06 2.7936824e-08 1.2816828e-09 4.1566805e-06
0.9906898 0.9512425 3.6180077e-14 0.48671597 0.29684967 0.055408325 0.10022952 0.9244867 0.052403145 0.22997254 0.9001978 0.09926278 0.79647976 0.00030816149 0.15037589 0.02507571 0.01924415 0.6856189 0.000102179365 0.00021452169 0.0007119415 0.00013749763 0.00040593653 0.00028035423 5.182165e-05 1.0165663e-06 5.2805905e-07 0.1809547 2.0145126e-06 0.5429283 0.8586615 3.6422037e-08 2.92388e-07 1.9036731e-08 0.25737613 8.978652e-06 0.011898044 1.8047627e-08 2.0592136e-06 3.6823946e-09 0.0007334133 1.9786802e-08 0.07433341 5.2783726e-08 0.00683798 1.1412114e-06 2.4319884e-09 2.6676123e-08 0.0918036 0.00030600696 1.9944152e-07 5.342832e-07 1.0213386e-08 0.00077099435 5.414461e-06 1.0083364e-09 0.040605515 1.5321673e-08 0.00041774407 1.1177086e-07 8.300894e-08 1.4319248e-05 0.036100388 6.792153e-05 1.7222505e-05 2.0079212e-07 9.298112e-10 0.0040579624 0.00025731607 3.5676283e-06 9.808745e-10 1.3811806e-08 5.5773995e-07 0.00014830942 3.9276196e-09 1.1475183e-08 2.0087398e-08 4.2424766e-10 2.6595988e-09 1.6030086e-05 2.512604e-08 1.8261857e-05 9.061482e-08 6.879321e-08 8.9702e-09 0.040775307 5.5501536e-05 0.0005323454 3.1461949e-09 0.01670692 1.0501899e-08 4.417837e-09 0.011633166 4.322886e-06 1.6455415e-08 1.4706883e-08 8.174485e-10 1.9467474e-05 1.9615152e-08 3.3657759e-09 1.6946111e-06
0.9937262 0.39655906 0.48671597 3.9906558e-14 0.8479734 0.22813396 0.66147935 0.89710534 0.19691052 0.85406464 0.7785475 0.63477767 0.52860516 0.00044248055 0.28303164 0.3649714 0.07901238 0.94050413 0.00070214795 0.0007458284 0.0020237295 0.0059570526 0.012926166 0.00017887857 4.731767e-05 8.787801e-06 9.381228e-07 0.7602628 6.0362486e-06 0.6092359 0.5811619 1.0084356e-07 5.648e-07 5.7110928e-08 0.11735583 1.2801462e-05 0.16460471 1.6730434e-08 3.297156e-05 2.4393485e-08 0.0032970305 5.5089863e-08 0.05297955 4.335108e-07 0.009567055 3.7887125e-06 1.2851424e-08 1.6645012e-07 0.4827747 0.00081355876 8.6700305e-07 3.6000047e-06 5.2685025e-09 0.04690522 0.00025084554 1.40081e-09 0.1490048 1.6090237e-08 0.00031918313 1.2384686e-06 1.1683051e-07 3.0242383e-05 0.017429974 7.066063e-05 4.8481696e-05 2.4707202e-07 1.5744384e-09 0.0039074705 0.0004926786 5.3190233e-05 4.0166118e-10 5.6824483e-09 6.313774e-07 0.004594918 4.3319565e-10 1.3177484e-08 2.5868554e-08 5.1764026e-10 3.2104088e-09 0.00023066787 1.3970272e-08 8.0536985e-05 2.5967339e-07 3.5030272e-08 2.4058625e-08 0.0230975 9.136294e-05 0.0005636136 4.0539816e-09 0.013577824 1.08134465e-07 9.628315e-10 0.00734498 8.489734e-06 3.9403403e-08 2.2288447e-07 3.7238745e-10 2.0221996e-05 1.8306853e-08 2.3802191e-09 3.2096514e-06
0.97685695 0.06338396 0.29684967 0.8479734 2.872469e-15 0.83882487 0.96620804 0.69300234 0.5234758 0.95829093 0.2593401 0.8955909 0.20864534 0.0039827568 0.12416677 0.61127603 0.119524546 0.83528024 0.043273386 0.003484871 0.031178474 0.2430728 0.18063755 4.8876154e-05 0.00021429862 7.763551e-05 5.5800674e-06 0.801737 0.00017265911 0.15574987 0.029953916 3.9356703e-07 8.759678e-06 6.5815357e-07 0.0023287388 1.9735968e-05 0.14606993 4.3050917e-08 0.0005027503 1.4612898e-07 0.003269626 4.547066e-08 0.021459742 2.3422504e-06 0.009974825 2.7376996e-06 8.938216e-08 8.0627973e-07 0.3469092 0.000634802 1.8386952e-06 6.4495334e-06 2.032457e-08 0.11414163 0.0013485646 1.1273276e-08 0.035618287 7.614438e-08 0.00013565463 2.5942352e-06 1.6534612e-07 2.5889029e-05 0.008240674 4.5838726e-05 1.9867855e-05 1.182702e-06 4.9916395e-09 0.0041177305 0.00039161343 9.739345e-05 4.8594145e-10 1.3425421e-08 2.0853315e-06 0.009341893 1.8390942e-09 8.513103e-09 2.0660154e-08 2.3917085e-10 4.023676e-09 0.0010613863 3.937222e-08 0.00020040847 2.3028021e-07 1.1367003e-08 4.8394313e-08 0.01252881 0.000100849196 0.00049099396 2.4831847e-08 0.0010122523 1.3776268e-07 2.8855127e-10 0.00012050125 9.934121e-06 1.1485518e-08 1.3033392e-06 1.102227e-10 8.940961e-06 5.2112163e-09 7.3845946e-10 1.0983897e-06
0.97648853 0.0058463723 0.055408325 0.22813396 0.83882487 6.265848e-14 0.92501545 0.036352813 0.9533806 0.6293395 0.009972466 0.7695939 0.04048157 0.35300303 0.05757008 0.6000066 0.4999466 0.13040225 0.9312859 0.52754825 0.32533574 0.8431299 0.49940792 0.0001674311 0.01679728 0.0039715823 0.00039798 0.26759475 0.06030291 0.008445985 0.0010576337 6.9991765e-05 0.00534935 0.00064449594 0.00023215487 0.0013860868 0.028415978 2.15901e-05 0.10967455 5.6626166e-05 0.010437763 6.2988984e-06 0.008247274 0.00095975085 0.016160874 0.0001377089 3.3931888e-06 2.8441209e-05 0.5072483 0.0033131968 6.766293e-05 0.00012242467 1.3733826e-06 0.4435483 0.049585447 5.155517e-07 0.013921936 5.0641578e-05 0.0007758777 0.0050134314 4.5207216e-06 0.0003805265 0.004520612 0.00023986188 3.3656095e-05 0.00048266578 6.648158e-07 0.005425024 0.0007819886 0.003732328 3.8583533e-08 4.131943e-06 0.00071750383 0.060439207 1.6315941e-07 6.91815e-08 1.8030672e-05 1.6734997e-08 2.4362018e-07 0.0028700398 4.149448e-06 0.0005773983 1.0578076e-05 8.1418744e-07 4.9987784e-06 0.006989748 0.00028951137 0.001300134 9.828077e-07 0.00039299225 5.5796468e-06 2.6734022e-09 1.776436e-05 6.8667796e-05 8.501915e-07 2.7178055e-05 1.248835e-09 7.734006e-05 4.856723e-08 8.1702956e-09 4.536511e-06
0.9387954 0.015013545 0.10022952 0.66147935 0.96620804 0.92501545 7.906492e-15 0.24745157 0.22000356 0.9659921 0.07093698 0.95374435 0.025325956 0.0042063706 0.018433698 0.8077201 0.040166024 0.6775189 0.13020268 0.00087383896 0.026638975 0.7488673 0.55034477 2.6769858e-06 0.00017291174 7.040107e-05 4.488746e-06 0.8012374 0.00038874935 0.06618712 0.0077951928 5.0203465e-07 1.0730443e-05 1.5471795e-06 0.0008893399 1.330073e-05 0.16972223 4.7571206e-08 0.0022550544 1.1537616e-07 0.0007969022 5.27636e-08 0.0029537566 6.598287e-06 0.0020508687 2.044752e-06 1.1210927e-07 6.6001655e-07 0.60183954 0.00014418921 2.0974203e-06 2.3232317e-06 2.4365447e-08 0.400223 0.013620506 1.9671578e-08 0.06459129 1.2389428e-07 1.6428705e-05 1.9653586e-05 2.3247955e-07 5.240104e-06 0.0014801897 5.346438e-06 2.4023664e-06 4.5197944e-06 1.8528054e-08 0.00093982875 6.8993446e-05 0.00049388554 2.8421818e-09 4.464641e-08 1.1349009e-05 0.033649728 5.727354e-09 3.912024e-09 1.8011312e-08 5.542147e-10 3.5006696e-08 0.001857517 5.4577697e-08 0.00028921166 8.659106e-07 2.2505532e-08 3.7088103e-07 0.0032825687 4.1237214e-05 0.00017350011 9.207603e-08 0.00012560427 2.4095468e-07 3.5517198e-10 1.9743797e-05 3.1961015e-06 3.2254167e-08 5.618e-06 3.9501263e-10 9.801302e-06 5.043356e-09 7.812222e-10 5.554013e-07
0.7181845 0.8533891 0.9244867 0.89710534 0.69300234 0.036352813 0.24745157 2.3276343e-15 0.0048142155 0.64384425 0.99505645 0.11276441 0.04500315 0.00017332447 0.009162755 0.08624992 0.0018805396 0.8548381 0.00014436821 0.00015502873 7.990529e-05 0.00029249553 0.0048840563 1.7239867e-06 5.016004e-06 6.4343526e-06 3.4206305e-06 0.10146958 8.632454e-06 0.25278625 0.18720107 7.689738e-07 3.2118219e-06 4.563281e-07 0.08824958 2.1884666e-06 0.032126475 3.5436237e-08 2.1452077e-05 1.5255296e-07 8.681325e-05 2.965765e-08 0.0024465316 1.6303879e-06 0.00046222244 2.5827646e-07 2.5063818e-08 8.8667935e-07 0.011275397 0.00029830833 3.4423863e-06 2.2492003e-07 9.433684e-09 0.0002791965 0.00017843832 9.2064e-10 0.014700701 4.073539e-08 4.650418e-05 6.9497474e-08 1.7600364e-07 1.1622159e-06 0.0013921023 2.5257555e-06 3.9243832e-06 1.1238582e-08 1.2153996e-10 0.00061434985 6.0988026e-05 1.6778098e-06 3.6253688e-08 5.5767746e-08 4.1451425e-09 2.3766909e-06 1.3541381e-08 1.6095488e-08 1.8541867e-09 3.514372e-11 8.789661e-08 5.166214e-06 9.31061e-09 3.0298254e-06 3.6361889e-10 7.492681e-09 1.2531878e-08 0.003918832 2.0644547e-05 7.271637e-05 1.2861913e-07 0.00021662339 1.03981135e-08 1.6475184e-10 0.00016127463 7.5782634e-07 7.9028484e-10 1.6498943e-06 3.900429e-10 4.9486944e-06 1.0924386e-09 9.2140184e-11 6.8444643e-07
0.9568607 0.01649045 0.052403145 0.19691052 0.5234758 0.9533806 0.22000356 0.0048142155 6.097725e-13 0.02386487 0.0016355453 0.02743096 0.10085146 0.9413289 0.38457516 0.010127994 0.9758736 0.0048305145 0.5809531 0.3488825 0.7383617 0.12606813 0.02772805 0.014302456 0.11325413 0.0983496 0.004499845 0.017721746 0.018629262 0.0023342741 0.00030766643 0.00043190314 0.0046696346 0.0018519771 0.0001473447 0.0045688204 0.0005049965 0.00014200872 0.027938517 0.00017520259 0.05446988 4.2581538e-05 0.025029844 0.0016195094 0.073423885 0.0003617134 8.712714e-06 2.6159749e-05 0.059154384 0.0061894385 1.4709683e-05 7.025465e-05 1.7511705e-06 0.16026257 0.0096425135 5.085467e-07 0.005011361 3.0782223e-06 0.0011384995 0.0006965675 2.5071802e-06 0.00024538874 0.008543152 0.00059138914 0.00040396463 0.00013832201 7.6813456e-07 0.006456251 0.0006407227 0.00033984563 1.7615847e-07 6.569865e-07 6.517756e-05 0.019829072 2.3419523e-07 3.4482488e-09 1.4805242e-07 4.151544e-09 5.93512e-08 0.0014522325 1.4614396e-06 0.00026410207 1.0075065e-06 9.692002e-08 1.7526826e-06 0.020155923 0.0004764944 0.0013673522 1.4478728e-07 0.0014225834 1.7240393e-06 2.2482427e-10 5.7359262e-05 5.4871296e-05 4.119755e-07 2.3235942e-05 1.8143245e-10 2.2967512e-05 1.9349061e-08 1.6283653e-09 2.5621697e-05
0.88865745 0.051692843 0.22997254 0.85406464 0.95829093 0.6293395 0.9659921 0.64384425 0.02386487 1.0804548e-13 0.38246846 0.9789417 0.009561159 0.0001527959 0.0060897563 0.8875 0.0030157564 0.84269804 0.023035185 7.0171986e-06 0.00019536409 0.15296347 0.14460649 6.980178e-07 2.7097992e-06 3.4250827e-06 5.8693627e-07 0.8804954 2.6529622e-05 0.19627267 0.026368605 1.028286e-07 1.5635685e-06 2.5512264e-07 0.0032728815 1.0663557e-06 0.22571714 3.022057e-08 0.0002523158 2.6007175e-08 5.429729e-05 2.3324823e-08 0.0014142764 1.1730841e-06 0.00021536335 1.16325985e-07 3.659361e-08 7.484372e-08 0.46486184 6.30034e-06 1.0345912e-07 1.8240272e-07 1.7849242e-08 0.19330901 0.0023125287 5.4661946e-09 0.05757167 5.686278e-08 1.7735802e-07 1.7556268e-06 4.8008914e-08 3.46849e-07 0.00065718393 2.1235137e-07 6.334002e-07 3.714704e-07 4.043718e-09 0.00024430506 6.960306e-06 3.8729064e-05 1.1346794e-08 3.033746e-08 1.2042645e-06 0.008880758 3.0789806e-09 2.1490243e-09 6.6188295e-09 1.4217382e-09 4.9434156e-08 0.0006709528 4.724295e-09 0.0007251886 3.1271608e-07 4.925162e-10 3.132725e-07 0.0027093876 1.6546508e-05 6.193474e-05 3.5553967e-08 0.00038871504 8.9056243e-07 4.1458204e-10 1.5098129e-05 1.098901e-06 5.986807e-08 3.003307e-06 1.8774957e-10 1.2775819e-06 3.5363834e-09 1.4817325e-10 2.4000854e-06
0.76319164 0.90627164 0.9001978 0.7785475 0.2593401 0.009972466 0.07093698 0.99505645 0.0016355453 0.38246846 2.2244482e-19 0.10178301 0.03264865 2.4049212e-05 0.0030652713 0.10713328 0.00011652569 0.953893 2.0972155e-05 1.2883373e-05 3.6965662e-06 0.00011190253 0.0024092463 1.8379195e-09 5.912531e-07 1.5828135e-07 1.6322938e-08 0.024925344 5.9485387e-08 0.33746147 0.14172146 1.4759574e-08 6.148942e-08 1.2179348e-08 0.18446313 2.163721e-06 0.0031898594 6.147368e-09 2.0597273e-07 2.1979905e-09 7.358542e-06 1.1033407e-08 0.003597863 3.3293517e-08 3.0425412e-05 2.4800076e-07 1.0021549e-09 1.1910201e-08 0.00017276075 7.558008e-06 5.6706244e-09 6.8775137e-07 6.0141567e-09 0.00014521633 1.541957e-05 1.5822323e-09 0.00083097507 3.136753e-08 7.3386245e-06 2.758856e-06 5.6487462e-08 8.187323e-07 0.0016458188 6.4694427e-06 9.249743e-08 8.8157725e-07 2.6932858e-09 0.00023502587 8.276224e-06 2.1502338e-07 9.2562855e-09 3.2721882e-08 2.4313497e-08 1.2040826e-05 1.2301227e-10 2.7202363e-08 3.587979e-09 2.4602242e-09 6.5573578e-09 4.7337613e-07 3.1943752e-09 3.0990958e-07 7.291399e-09 5.8573935e-10 1.4314332e-09 0.01323686 2.402765e-06 9.139911e-05 1.6986123e-08 4.1720516e-05 4.774373e-08 1.0607076e-09 4.0677123e-06 1.2254696e-06 1.8795182e-08 3.849187e-08 6.397953e-11 1.1276713e-05 9.61816e-11 8.304665e-11 3.6661363e-09
0.75643563 0.019626636 0.09926278 0.63477767 0.8955909 0.7695939 0.95374435 0.11276441 0.02743096 0.9789417 0.10178301 1.19386626e-14 0.0038026436 0.0007804041 0.0034486328 0.98109585 0.005505358 0.5404063 0.14883542 2.6181937e-05 0.0018528382 0.77903247 0.73435044 1.5844975e-07 1.6992175e-05 3.1352025e-05 1.0223507e-05 0.77054805 0.00074069324 0.029770747 0.0022640198 3.1803029e-06 4.0879248e-05 6.048909e-06 0.00035389903 7.687374e-06 0.20503666 6.9145136e-07 0.00203052 1.8625299e-06 0.0002888382 3.6942805e-07 0.00070734357 2.989883e-05 0.0003454416 9.2718096e-07 1.0487566e-06 1.4212172e-06 0.27714276 2.6195527e-05 2.5301963e-06 1.88554e-06 9.468245e-08 0.2661066 0.0077683534 5.6239664e-08 0.02625574 8.46776e-07 7.2365e-07 1.27493895e-05 4.216491e-07 1.2382478e-06 0.0003096755 8.57948e-07 8.9405216e-07 4.2722827e-06 1.5073978e-08 0.0001304349 2.1286618e-05 0.00063366006 2.4143066e-08 4.5708856e-07 1.6605536e-05 0.043405674 2.3866027e-08 9.909033e-09 9.523741e-08 2.8547047e-09 1.271089e-07 0.0016959425 1.4000014e-08 0.0008698372 1.1085881e-06 8.6075036e-10 4.50268e-06 0.000908582 7.6440694e-05 0.00012668566 5.163099e-07 7.025847e-05 6.840758e-07 5.4165317e-10 5.290221e-06 3.3266792e-06 3.4923197e-08 7.775713e-06 2.9613376e-09 1.0958007e-05 3.0807684e-08 3.552309e-10 1.2196283e-06
0.9299475 0.82795125 0.79647976 0.52860516 0.20864534 0.04048157 0.025325956 0.04500315 0.10085146 0.009561159 0.03264865 0.0038026436 3.799719e-14 0.012638199 0.99525625 0.00088632223 0.42375144 0.015658116 0.0015633889 0.011358218 0.0062151304 0.0001842292 7.582189e-05 0.9662235 0.00088051835 0.0016227638 0.00025640044 0.001276245 1.6821092e-05 0.007520634 0.01812765 4.7731784e-05 8.497165e-05 2.6728265e-05 0.004385298 0.001121986 0.00014504096 1.6205639e-05 1.7764667e-05 1.784173e-05 0.011371023 2.3456649e-05 0.8177707 2.6096955e-05 0.34084013 0.0003701002 3.7915174e-06 5.76209e-05 0.00046479996 0.008361409 6.489573e-05 0.0002866071 1.738791e-06 2.5032658e-05 2.557469e-06 1.1085575e-06 0.0020031617 3.8281923e-06 0.0061973417 1.6370968e-06 3.7782706e-06 0.00031542603 0.57319045 0.000506567 0.011607943 1.7896382e-05 1.6729862e-06 0.026027322 0.0019211051 4.7401113e-06 2.1246105e-06 4.282722e-06 8.283888e-07 4.5447232e-05 2.8867473e-07 7.189674e-09 2.539554e-06 6.794443e-08 1.2691966e-06 1.8219106e-06 4.0287753e-07 8.304537e-06 1.6893529e-07 1.9850837e-08 3.3163008e-07 0.56284213 0.0025802206 0.0038206973 2.9132534e-07 0.00154719 1.2627837e-07 1.7533003e-09 0.00061506266 2.6123676e-05 2.7060416e-08 2.795331e-07 1.2990869e-11 0.00019335134 4.0581877e-10 1.3637054e-11 8.201252e-06
0.8983653 0.00014714194 0.00030816149 0.00044248055 0.0039827568 0.35300303 0.0042063706 0.00017332447 0.9413289 0.0001527959 2.4049212e-05 0.0007804041 0.012638199 1.4557146e-13 0.03825684 0.00028709078 0.7185322 0.0005462345 0.6168662 0.9934075 0.9099419 0.046124686 0.0037672592 0.00079056085 0.4896225 0.6775687 0.19132861 0.001053969 0.2665226 0.00020765659 2.7725122e-05 0.023165377 0.175304 0.047252808 2.123927e-05 0.06009812 7.295442e-05 0.0045438353 0.13624533 0.0062811757 0.06396392 0.0014286716 0.0070474623 0.03755258 0.035063542 0.0049940855 0.00016981688 0.00031515842 0.0023647218 0.013034282 0.0002562418 0.00012089883 7.332175e-06 0.03638348 0.008348868 9.811843e-06 6.7292613e-06 0.00010389066 0.0033643371 0.07160056 1.5467644e-05 0.0008562846 0.0040731183 0.0016771173 0.00017973015 0.012057862 4.9932066e-07 0.0047319797 0.0009070998 0.0019070779 2.2546446e-07 5.219991e-05 0.0042147953 0.0025433535 2.9225964e-06 6.310939e-09 0.0005579682 5.7973743e-06 1.2102423e-06 0.00029796513 2.909423e-06 7.3756923e-06 2.9786612e-05 1.7323877e-07 0.0024002835 0.006553055 0.0009636387 0.0020709555 2.0354153e-06 2.3912537e-07 1.2630042e-05 7.051511e-10 1.4209366e-08 8.864815e-05 1.7930557e-06 0.00020361337 2.7045735e-10 6.829918e-05 4.278218e-08 1.530849e-09 3.4432333e-06
0.8602144 0.15386835 0.15037589 0.28303164 0.12416677 0.05757008 0.018433698 0.009162755 0.38457516 0.0060897563 0.0030652713 0.0034486328 0.99525625 0.03825684 9.382738e-13 0.001588298 0.9373907 0.00907224 0.0012878792 0.03434729 0.34131816 0.00011844619 6.785575e-05 0.92782086 0.059526674 0.02011028 0.0015928617 0.0016522461 4.0285373e-05 0.0023047305 0.0024050232 0.0008549758 0.00021754236 7.039388e-05 0.00059871614 0.026031945 0.00019481468 8.4250685e-05 6.4661067e-06 9.203991e-05 0.7559219 0.00047748061 0.7013836 5.244771e-05 0.8148753 0.0051447484 2.503311e-05 0.0009495764 0.0011517017 0.1710936 0.0019056151 0.0036667716 1.04775045e-05 2.7066884e-05 1.7658658e-05 2.1917685e-06 0.0033263676 3.914437e-06 0.06101766 2.2128268e-07 0.00016617868 0.0075182253 0.5996927 0.01578053 0.05340867 4.1816934e-06 4.3777214e-07 0.08390897 0.026333239 2.4357003e-05 2.1961375e-06 9.436862e-07 4.4325492e-07 0.00021127843 6.0957523e-06 3.8073154e-06 1.6129924e-06 1.0323573e-08 6.1615985e-08 1.2231805e-05 1.7126761e-06 1.1546433e-05 2.2806235e-07 4.631033e-07 5.8264007e-08 0.36814556 0.05107207 0.034028906 3.2551055e-05 0.0006725531 1.7079492e-08 2.2759846e-07 0.00047671873 0.0007301601 4.5852275e-07 3.5619658e-07 2.673443e-09 0.0036254816 2.4365633e-08 6.465094e-10 1.7986209e-05
0.6753812 0.0058973585 0.02507571 0.3649714 0.61127603 0.6000066 0.8077201 0.08624992 0.010127994 0.8875 0.10713328 0.98109585 0.00088632223 0.00028709078 0.001588298 1.5476676e-14 0.0012739473 0.49177778 0.07215664 4.8112274e-06 0.00067564886 0.7630231 0.987253 4.39254e-08 7.5321254e-06 1.1542788e-05 3.1157672e-06 0.8155532 0.00026912361 0.025859457 0.0012032371 8.651257e-07 1.093481e-05 2.0034329e-06 0.00020530254 2.6205807e-06 0.3912836 2.2773676e-07 0.0023525774 2.9300656e-07 8.9533125e-05 5.554333e-08 0.00038211548 6.1096157e-06 0.00014811635 4.9345164e-07 5.3936014e-07 7.135208e-07 0.17107382 1.613493e-05 6.972228e-07 1.2273222e-06 6.997258e-08 0.3039162 0.009503941 2.8787813e-08 0.014245236 4.1951606e-07 3.6766644e-07 1.35353075e-05 2.325975e-07 9.4484244e-07 0.00019753564 2.1096612e-06 1.5332964e-07 1.0340009e-06 4.790827e-09 0.00012951072 1.0742442e-05 0.00026616256 2.9896132e-08 3.5112902e-07 5.178897e-06 0.05394011 1.08417755e-08 9.962075e-09 3.9441222e-08 3.0986522e-09 2.793383e-07 0.0018334513 1.3110496e-08 0.00089234393 2.2076519e-07 1.8535208e-10 1.5437498e-06 0.0007821222 4.4507167e-05 9.577922e-05 1.1908731e-07 0.00017879809 1.5305322e-07 5.29448e-10 5.475888e-06 2.3206765e-06 1.3431235e-08 4.5857114e-06 2.2687572e-09 7.813184e-06 7.3412174e-09 8.278845e-10 5.672115e-06
0.9607588 0.0083219325 0.01924415 0.07901238 0.119524546 0.4999466 0.040166024 0.0018805396 0.9758736 0.0030157564 0.00011652569 0.005505358 0.42375144 0.7185322 0.9373907 0.0012739473 4.475464e-14 0.0015146543 0.20382808 0.47476014 0.9666151 0.012230448 0.0020420162 0.05860561 0.2487587 0.0667791 0.0036574188 0.0018554454 0.0045777047 0.00035795575 0.00031716135 0.0008344315 0.0045935814 0.0039158245 4.3724187e-05 0.020853652 4.3743705e-05 0.00038970629 0.0026882736 0.00047389045 0.34106755 0.00019124897 0.07006188 0.00084571564 0.22324775 0.0016999868 3.006051e-05 9.307744e-05 0.0029768932 0.041730244 4.4783534e-05 0.00016346539 3.0620367e-06 0.01736155 0.001764529 6.0703833e-06 3.2839635e-05 1.597423e-05 0.009374185 2.2550144e-05 4.4356048e-06 0.00068855804 0.03693472 0.0039489255 0.0045459718 7.946938e-05 2.3419086e-06 0.023094801 0.0050742165 8.9940564e-05 6.5293773e-07 1.5353003e-06 3.9854685e-06 0.0064985747 3.1796827e-07 7.556893e-09 1.9443073e-07 2.2723083e-09 6.077375e-08 0.00012515302 8.255996e-06 1.4886767e-05 9.00423e-08 7.8021046e-08 1.3901594e-07 0.041194297 0.00055324 0.005762947 1.7451977e-07 2.3111319e-05 9.345238e-08 9.28524e-11 3.1712898e-06 0.00012704525 6.603902e-08 4.8677875e-06 4.6940927e-11 8.777603e-05 2.008942e-09 4.0059617e-10 1.2551316e-06
0.905257 0.5549058 0.6856189 0.94050413 0.83528024 0.13040225 0.6775189 0.8548381 0.0048305145 0.84269804 0.953893 0.5404063 0.015658116 0.0005462345 0.00907224 0.49177778 0.0015146543 1.1235714e-15 0.0012673298 2.0032553e-06 0.000273806 0.0038308112 0.06669762 1.8447277e-07 1.590003e-05 6.8287295e-06 3.402294e-06 0.9413515 2.95503e-05 0.726902 0.43654576 2.1275413e-07 2.2513734e-06 1.3607799e-07 0.06709475 1.2582607e-06 0.67670506 2.6540565e-08 0.000106373314 5.7310512e-08 6.621753e-05 1.1068566e-08 0.0025206914 6.585654e-07 0.0003709555 2.0594305e-07 1.0584326e-08 1.17681154e-07 0.6345468 3.882988e-05 6.7569644e-08 8.8168406e-07 9.986521e-09 0.17919609 0.007276778 6.367549e-09 0.37929133 5.5538138e-08 4.2913116e-06 7.7577766e-07 6.562366e-08 6.752059e-07 0.00080161553 1.3362717e-06 2.214935e-06 3.2972278e-07 4.8367803e-09 0.00062079565 0.0001332857 0.00012749348 6.733494e-09 7.3900694e-08 3.758976e-07 0.015832469 8.4319e-09 3.2635041e-09 3.919164e-09 1.4583736e-10 5.7737503e-07 0.0014655996 1.2403466e-08 0.0018888462 1.7793564e-08 3.327198e-09 2.646277e-08 0.0041203233 3.9835482e-05 0.00017288898 1.6676465e-08 0.024768738 4.9448488e-08 7.444241e-11 0.0027780873 1.7499e-06 1.9007695e-09 1.0802913e-05 2.4700592e-10 4.010775e-06 6.9348294e-10 1.7511367e-10 2.2776827e-05
0.9639928 3.4493514e-05 0.000102179365 0.00070214795 0.043273386 0.9312859 0.13020268 0.00014436821 0.5809531 0.023035185 2.0972155e-05 0.14883542 0.0015633889 0.6168662 0.0012878792 0.07215664 0.20382808 0.0012673298 2.3145114e-16 0.44924343 0.55072737 0.9506654 0.51505506 5.4537846e-08 0.10582237 0.0680992 0.013926828 0.016009752 0.9331356 0.0002771924 1.1550591e-06 0.0010480963 0.26652935 0.005989929 2.5789855e-06 0.0097021945 0.0033384375 4.6662248e-05 0.91736406 0.00039838883 0.011671806 2.0511103e-05 0.00078828156 0.10271197 0.0033623374 0.0010166706 7.809035e-06 0.00020158848 0.30486926 0.0042106668 9.69124e-05 0.00015831647 3.9623148e-07 0.62565845 0.4956725 5.771813e-07 0.0009418763 1.4928508e-05 0.0010517274 0.5377378 2.015761e-05 0.0003758766 0.0017374973 0.0006268307 8.6136754e-07 0.0035825209 2.5151684e-07 0.0031748428 0.0005215053 0.14530553 9.157193e-09 1.5171313e-06 0.15706259 0.1468726 8.9440654e-08 1.13045395e-08 0.00017306615 1.0554026e-08 1.6532248e-07 0.0033099835 2.1502605e-07 0.00013134601 0.00025382152 6.401332e-08 0.0045673046 0.0027765485 0.00018646714 0.00094476406 2.0940804e-06 2.588025e-08 4.7988022e-05 2.1621098e-10 3.9447653e-10 4.9879334e-05 6.067452e-07 0.00095861434 7.376299e-11 2.9656878e-05 6.2669763e-09 1.1798675e-10 6.209904e-07
0.5061648 9.008057e-05 0.00021452169 0.0007458284 0.003484871 0.52754825 0.00087383896 0.00015502873 0.3488825 7.0171986e-06 1.2883373e-05 2.6181937e-05 0.011358218 0.9934075 0.03434729 4.8112274e-06 0.47476014 2.0032553e-06 0.44924343 2.3506189e-16 0.8496888 0.0011435915 2.1753033e-06 0.00013098273 0.49899665 0.9140059 0.9693497 8.441172e-08 0.34751627 1.536346e-08 2.4833644e-08 0.52427316 0.5516145 0.47693315 3.7600616e-09 0.08929966 5.296347e-07 0.57876325 0.0028884425 0.47898766 0.005109695 0.11608658 0.000598008 0.09098346 0.002856334 0.010323969 0.010334046 0.0074242107 4.1255284e-08 0.0017891281 0.0034307027 0.00013200728 0.0008487241 2.3763057e-06 1.4473123e-07 8.10908e-05 1.0318105e-07 0.00084492 0.0005367044 0.00030979363 0.00030465613 0.0004325604 0.000514323 0.00045600033 0.00020339464 0.0009900976 3.252389e-06 0.00057301397 0.00013300622 2.5075174e-06 1.803301e-07 5.8888076e-05 4.4445238e-07 3.3490784e-07 2.6934595e-06 3.3078987e-07 1.15105695e-05 1.6010941e-07 2.1182675e-08 3.728733e-08 3.176417e-06 4.8295046e-10 1.1681441e-06 1.2195185e-05 6.2780555e-07 0.000579523 0.00036742134 0.00025889263 7.726379e-06 4.3343743e-08 3.9762094e-06 9.680384e-11 2.227525e-09 4.9209956e-07 1.6060497e-08 2.3861748e-08 6.032035e-12 6.0420944e-06 2.0250188e-09 2.5107942e-11 4.211017e-11
0.981868 0.00044616303 0.0007119415 0.0020237295 0.031178474 0.32533574 0.026638975 7.990529e-05 0.7383617 0.00019536409 3.6965662e-06 0.0018528382 0.0062151304 0.9099419 0.34131816 0.00067564886 0.9666151 0.000273806 0.55072737 0.8496888 1.2796802e-12 0.03842077 0.003969621 0.018745048 0.8832893 0.6296827 0.15775546 0.0001351594 0.08082572 2.3770182e-05 9.584251e-06 0.045270897 0.11838727 0.12036097 1.0676079e-05 0.2479867 5.7950915e-06 0.028245434 0.04132995 0.0228295 0.51668584 0.006722161 0.026345685 0.030744623 0.21258974 0.02542087 0.00023652766 0.0010756928 0.0017566939 0.1261898 0.00035455488 0.0017508009 0.00037976878 0.05913847 0.15537767 0.0003482605 0.00016231538 0.0016169361 0.030122252 0.0040452597 3.657692e-05 0.003345411 0.022946285 0.017102843 0.0034868894 0.0024442624 4.124984e-05 0.039923627 0.011135698 0.00205813 3.636751e-06 7.80234e-05 0.0012059502 0.016701894 2.0851598e-05 4.1864675e-07 4.8978483e-05 2.057648e-07 9.824507e-07 0.00040503935 2.5115012e-05 2.90806e-05 1.8123508e-05 6.826505e-07 0.00034283038 0.021182839 0.004270784 0.009726634 3.3177419e-06 6.183093e-07 2.336256e-06 3.45335e-09 8.453204e-07 0.00066236325 1.8152352e-06 0.0002831724 5.2741606e-10 0.000445281 9.591446e-08 5.5398144e-09 8.0617815e-07
0.7752456 9.620041e-05 0.00013749763 0.0059570526 0.2430728 0.8431299 0.7488673 0.00029249553 0.12606813 0.15296347 0.00011190253 0.77903247 0.0001842292 0.046124686 0.00011844619 0.7630231 0.012230448 0.0038308112 0.9506654 0.0011435915 0.03842077 2.5133341e-18 0.9947289 1.3091398e-09 0.0010275396 0.0013153749 0.00010113708 0.11282692 0.14060737 9.627981e-05 2.0678765e-06 9.661706e-06 0.0008756242 9.9328485e-05 1.0056884e-06 0.00019787803 0.018268261 6.135687e-06 0.7164223 2.7161006e-05 0.00080198713 8.0483613e-07 0.0001049288 0.0009047533 0.0005782353 1.6667236e-05 4.928257e-07 4.936773e-06 0.105052985 0.0003320667 5.554058e-06 2.4079252e-05 1.1578908e-07 0.35373047 0.12045688 7.2929055e-08 0.00015234528 2.2578154e-06 2.4581725e-05 0.0021213845 4.0407457e-07 8.349452e-06 0.0003241492 1.019708e-05 1.0315135e-07 7.616266e-05 1.6137662e-08 0.00029754543 4.0829964e-05 0.025097623 3.8942907e-09 1.2808623e-06 0.0030473329 0.06400001 1.0288092e-08 1.985714e-10 5.364561e-07 8.316798e-10 2.1367606e-07 0.0029307466 4.7860524e-08 0.00027347982 1.435902e-06 2.8154568e-10 0.000103432045 0.00040521403 7.194236e-05 0.00014333997 1.3093035e-07 2.6281388e-08 7.285221e-07 3.105929e-10 1.2386344e-09 4.8452944e-07 1.6769788e-07 6.6515895e-05 7.224904e-10 9.200327e-06 1.075259e-07 1.2584106e-10 2.1774086e-07
0.74023974 0.000119416494 0.00040593653 0.012926166 0.18063755 0.49940792 0.55034477 0.0048840563 0.02772805 0.14460649 0.0024092463 0.73435044 7.582189e-05 0.0037672592 6.785575e-05 0.987253 0.0020420162 0.06669762 0.51505506 2.1753033e-06 0.003969621 0.9947289 1.8881433e-14 2.474781e-09 5.6260993e-05 6.7580826e-05 1.15685e-05 0.62424916 0.004123075 0.0034523874 2.911648e-05 9.032928e-07 4.9954782e-05 7.337428e-06 1.4850098e-05 4.0446404e-05 0.4661443 2.8681228e-07 0.1672052 1.2021096e-06 9.055845e-05 8.49439e-08 8.095011e-05 3.2368323e-05 0.00021237376 3.61284e-06 1.4935905e-06 3.3823233e-06 0.31415823 2.6590082e-05 1.5190611e-06 1.8747296e-06 2.101692e-07 0.702582 0.26007077 1.8290055e-07 0.0035410058 1.1007722e-06 1.4943597e-06 0.00014434564 1.5142708e-06 4.198709e-06 0.00010432434 1.5729918e-05 1.1965074e-08 4.9740265e-06 2.451499e-08 0.00020185916 1.0700144e-05 0.0061296136 3.256481e-07 7.0958225e-07 7.956258e-05 0.106669016 3.0314673e-08 4.3837667e-09 1.8921173e-07 5.362279e-09 4.6040478e-07 0.0054705483 1.1124277e-07 0.0018545107 5.260766e-07 4.763574e-09 3.695107e-06 0.000313533 5.891785e-05 9.979429e-05 7.0324326e-08 6.749574e-05 1.2019307e-06 6.209184e-10 6.1026036e-08 1.051917e-06 5.7979765e-08 3.876439e-05 1.3470068e-09 2.4426822e-06 1.7789425e-08 1.2417404e-09 1.4774191e-06
0.9136138 0.0004411836 0.00028035423 0.00017887857 4.8876154e-05 0.0001674311 2.6769858e-06 1.7239867e-06 0.014302456 6.980178e-07 1.8379195e-09 1.5844975e-07 0.9662235 0.00079056085 0.92782086 4.39254e-08 0.05860561 1.8447277e-07 5.4537846e-08 0.00013098273 0.018745048 1.3091398e-09 2.474781e-09 9.563192e-18 0.00366957 0.0027197027 9.831528e-05 2.8590588e-09 7.5810414e-10 4.6951563e-08 5.5168723e-08 4.2718366e-05 1.8264476e-08 1.09339865e-07 1.5323258e-07 0.009578321 7.1701054e-09 1.8237308e-06 5.058865e-10 6.2983844e-07 0.7008024 2.2118478e-05 0.9834987 1.0281541e-08 0.8457522 0.0019857942 1.8136365e-06 0.00019819626 3.994544e-08 0.1324167 0.00018125004 0.001328223 1.9580268e-07 5.5949506e-08 1.6473103e-07 4.2967162e-08 3.9678773e-07 1.1684426e-08 0.059942838 5.379564e-08 4.3682132e-05 0.012076586 0.49005082 0.009841058 0.071345866 7.299585e-08 5.400194e-07 0.116685696 0.019767143 5.313854e-10 1.5867332e-06 9.9547055e-09 2.9714642e-10 1.7164009e-08 2.4961816e-08 6.8861746e-06 1.1903359e-09 8.277829e-11 5.9500116e-09 4.066085e-09 1.40526915e-08 2.0505886e-10 1.1658842e-09 1.4367129e-08 8.378984e-11 0.35027504 0.006725123 0.023442322 1.1163654e-05 4.9211476e-08 3.4039893e-09 1.7558134e-09 2.9071265e-08 0.00015302295 5.4629876e-08 4.932027e-09 1.7117925e-10 0.0016461052 5.0654586e-10 9.458358e-11 1.6284661e-11
0.98262376 1.9233497e-05 5.182165e-05 4.731767e-05 0.00021429862 0.01679728 0.00017291174 5.016004e-06 0.11325413 2.7097992e-06 5.912531e-07 1.6992175e-05 0.00088051835 0.4896225 0.059526674 7.5321254e-06 0.2487587 1.590003e-05 0.10582237 0.49899665 0.8832893 0.0010275396 5.6260993e-05 0.00366957 6.538988e-12 0.98987335 0.28866786 1.8504338e-06 0.031151041 2.3233604e-06 2.8383928e-07 0.2828701 0.109876044 0.16033688 5.3623444e-06 0.9091522 1.01013356e-07 0.0828337 0.0067550577 0.052368313 0.7704135 0.039950028 0.021569727 0.020125542 0.2178227 0.19236617 0.002303578 0.012980785 0.00017001003 0.31592283 0.0025695742 0.034710687 0.0024418929 0.005349493 0.014981486 0.0023008697 7.617482e-06 0.012483292 0.11000698 0.0055547785 0.00021830968 0.043762583 0.039969444 0.08061868 0.00871168 0.0058167414 0.00021911772 0.057578854 0.037896276 0.00095053815 2.824104e-05 0.000279172 0.0019921816 0.0032789158 0.000251059 8.776518e-06 0.0006568027 9.922703e-06 3.407067e-06 3.3280456e-05 0.0002837999 4.608346e-06 0.0006373765 3.3488182e-06 0.003326296 0.021219617 0.038991023 0.027471708 4.2490065e-05 1.0510139e-07 0.0010635238 6.760996e-09 1.7366142e-07 0.004044453 9.073091e-05 0.000590517 2.1427364e-10 0.0043368954 4.865775e-07 1.4226885e-08 1.3049089e-06
0.90751976 2.0916357e-06 1.0165663e-06 8.787801e-06 7.763551e-05 0.0039715823 7.040107e-05 6.4343526e-06 0.0983496 3.4250827e-06 1.5828135e-07 3.1352025e-05 0.0016227638 0.6775687 0.02011028 1.1542788e-05 0.0667791 6.8287295e-06 0.0680992 0.9140059 0.6296827 0.0013153749 6.7580826e-05 0.0027197027 0.98987335 1.8236382e-12 0.93146706 4.63755e-06 0.051531617 7.4236254e-07 4.4744276e-08 0.8938811 0.27867243 0.42716372 1.4042482e-06 0.83309644 4.100951e-07 0.384617 0.009850787 0.20922673 0.073179476 0.4349129 0.00052374444 0.06426049 0.02045487 0.2254128 0.020463524 0.07987918 4.581825e-06 0.053257342 0.005560747 0.010500292 0.012682419 0.0010303534 0.0013106778 0.002841875 1.2713783e-06 0.03305299 0.014385621 0.01649093 0.0005479723 0.006887246 0.0018450998 0.013010983 0.001066925 0.024125962 0.00022977097 0.0060963198 0.003758901 0.0010170232 1.5586698e-05 0.0024302802 0.0011832239 0.00023275764 0.0013927782 1.068867e-05 0.008441536 0.0011229521 9.796901e-06 1.4709318e-05 0.00041049876 6.187552e-07 0.007054516 1.5209276e-05 0.0014181127 0.003548005 0.0025082352 0.006516448 2.492674e-05 2.1367257e-09 0.0016160574 3.5642305e-08 3.0323732e-09 0.00085222354 2.2285134e-05 0.00039784363 5.646018e-09 0.0007661965 6.040276e-07 3.3484636e-08 9.2252876e-08
0.9016257 3.799149e-07 5.2805905e-07 9.381228e-07 5.5800674e-06 0.00039798 4.488746e-06 3.4206305e-06 0.004499845 5.8693627e-07 1.6322938e-08 1.0223507e-05 0.00025640044 0.19132861 0.0015928617 3.1157672e-06 0.0036574188 3.402294e-06 0.013926828 0.9693497 0.15775546 0.00010113708 1.15685e-05 9.831528e-05 0.28866786 0.93146706 6.6374536e-12 8.8386804e-07 0.100300685 4.131641e-07 2.3852272e-07 0.9792911 0.5913837 0.7702753 4.6827968e-06 0.4381349 8.3605084e-07 0.78101057 0.01776121 0.62497973 0.013167649 0.2878541 0.00040094252 0.2727591 0.0019240422 0.10194748 0.010976604 0.007931311 5.9917534e-06 0.015591115 0.0008828099 0.0034226798 0.012137659 0.0004987094 0.00014051955 0.003118694 9.830342e-06 0.093169 0.002609212 0.11781877 0.00022881145 0.0040666847 0.0002791611 0.004826269 5.9193586e-05 0.40506855 3.9664246e-05 0.0016025708 0.0011296034 0.00037883947 1.9999636e-05 0.008055992 0.0015518575 0.00017303957 0.0002342731 2.2721124e-06 0.12371694 0.048619308 0.000198378 4.720634e-05 8.980557e-05 5.6964524e-07 0.025214478 6.2499753e-06 0.0017510938 0.00090924645 0.0010704619 0.0018092253 2.8619945e-05 1.7368684e-08 0.0014010259 6.858987e-08 1.3166805e-08 0.00019403629 0.0003738477 8.594213e-05 1.5445433e-08 0.00012861786 1.5574045e-06 4.124366e-07 2.3318053e-07
0.8905891 0.09226576 0.1809547 0.7602628 0.801737 0.26759475 0.8012374 0.10146958 0.017721746 0.8804954 0.024925344 0.77054805 0.001276245 0.001053969 0.0016522461 0.8155532 0.0018554454 0.9413515 0.016009752 8.441172e-08 0.0001351594 0.11282692 0.62424916 2.8590588e-09 1.8504338e-06 4.63755e-06 8.8386804e-07 1.283144e-15 2.878857e-05 0.31304407 0.0033852684 1.2942718e-07 1.9182874e-06 9.582865e-07 0.00379903 1.3076358e-06 0.9970897 3.7073516e-08 0.00095079467 3.7681426e-07 4.8947713e-05 2.2697753e-08 0.0010402644 2.55858e-05 0.00015074929 2.849176e-07 2.7040295e-08 1.1947532e-07 0.4869421 3.8588485e-05 1.00237386e-07 1.6823473e-06 1.0871527e-09 0.26946378 0.030356755 2.991414e-09 0.12757991 5.2837588e-09 1.4298636e-06 5.6807066e-06 4.796498e-08 3.2767161e-06 0.0011367493 1.7798385e-06 2.9275254e-08 6.089858e-07 4.36561e-09 0.00018701352 2.2464974e-05 5.8098307e-05 1.2879472e-08 1.3005566e-08 3.9156484e-07 0.060647972 4.5612114e-10 4.2315507e-10 5.109903e-10 8.5305506e-11 1.0577505e-08 0.0028701534 7.9987235e-09 0.0020880196 1.6890903e-09 5.8568905e-10 2.5788515e-07 0.002700394 4.687046e-06 9.2251874e-05 1.1145961e-07 0.0071575465 4.960833e-08 1.1264808e-08 0.00013366465 1.8782578e-07 2.6227442e-09 2.2309501e-05 1.515516e-08 6.0530725e-05 1.7904036e-08 5.5749183e-10 3.1234815e-06
0.8405463 1.2662839e-06 2.0145126e-06 6.0362486e-06 0.00017265911 0.06030291 0.00038874935 8.632454e-06 0.018629262 2.6529622e-05 5.9485387e-08 0.00074069324 1.6821092e-05 0.2665226 4.0285373e-05 0.00026912361 0.0045777047 2.95503e-05 0.9331356 0.34751627 0.08082572 0.14060737 0.004123075 7.5810414e-10 0.031151041 0.051531617 0.100300685 2.878857e-05 1.5672232e-17 6.0929797e-06 1.4485592e-07 0.01228313 0.9590627 0.42502397 4.9082337e-07 0.004919539 1.1744257e-05 0.0023915118 0.99169755 0.030488927 0.0018819498 9.491974e-05 0.000149815 0.93540496 0.0006896253 0.0014385955 2.2844939e-05 0.00012030869 0.00035575186 0.0021610672 4.912551e-05 0.0001231172 2.7913818e-06 0.021287706 0.068400234 8.0826485e-06 2.4833812e-06 0.00020946118 0.00027621418 0.7842811 8.546607e-06 0.00050852227 0.0004004307 0.0005808803 5.8115393e-08 0.37458044 6.705689e-07 0.0006708731 0.00022187617 0.15585656 4.220552e-08 4.545265e-05 0.3480935 0.008113006 6.7835043e-07 3.4828123e-09 0.07651267 0.0011161409 5.0412336e-06 0.00025422778 2.2237568e-06 2.8444124e-06 0.031363275 2.530698e-08 0.072344445 0.0005667979 0.0003878624 0.0004527213 1.2220116e-06 1.6140032e-08 0.0061166203 2.2762123e-09 1.6977877e-10 3.7455122e-06 9.956695e-06 0.0038409445 2.425864e-09 1.8370978e-05 2.2032899e-07 7.6280215e-10 1.1174379e-07
0.7828323 0.5192937 0.5429283 0.6092359 0.15574987 0.008445985 0.06618712 0.25278625 0.0023342741 0.19627267 0.33746147 0.029770747 0.007520634 0.00020765659 0.0023047305 0.025859457 0.00035795575 0.726902 0.0002771924 1.536346e-08 2.3770182e-05 9.627981e-05 0.0034523874 4.6951563e-08 2.3233604e-06 7.4236254e-07 4.131641e-07 0.31304407 6.0929797e-06 2.8478085e-17 0.7016828 5.547705e-08 2.326469e-06 1.6617764e-07 0.9913549 1.882839e-06 0.98020375 6.4022325e-09 2.6624873e-05 2.3661608e-08 8.485282e-06 5.013356e-09 0.0053029857 6.738435e-07 0.00013088698 2.3573001e-08 2.025124e-08 7.1040056e-08 0.66898215 4.0753093e-05 3.9217678e-08 1.3905202e-07 1.1249327e-08 0.19327046 0.0035020509 3.1096177e-09 0.71582484 1.984095e-07 1.9751499e-07 1.1084337e-06 1.369726e-07 4.235699e-07 0.0004448298 7.356201e-07 2.7287433e-08 4.6526157e-08 7.2569595e-10 0.00040735377 3.706917e-06 4.771403e-05 1.593235e-08 8.799999e-07 6.3495696e-07 0.015419019 4.14588e-08 8.0670687e-10 3.0864482e-09 6.0229786e-11 5.2849913e-08 0.0028591545 1.0370147e-08 0.03571521 4.095053e-09 7.843558e-11 1.3323815e-08 0.0020883332 2.2147237e-06 5.535358e-05 1.7868164e-10 0.098065324 2.3073492e-08 1.8881012e-09 0.028332142 1.1412218e-07 3.247465e-09 1.3821368e-05 3.9292795e-11 8.02368e-08 2.1298198e-10 1.5672811e-12 0.00029574506
0.9637217 0.8986793 0.8586615 0.5811619 0.029953916 0.0010576337 0.0077951928 0.18720107 0.00030766643 0.026368605 0.14172146 0.0022640198 0.01812765 2.7725122e-05 0.0024050232 0.0012032371 0.00031716135 0.43654576 1.1550591e-06 2.4833644e-08 9.584251e-06 2.0678765e-06 2.911648e-05 5.5168723e-08 2.8383928e-07 4.4744276e-08 2.3852272e-07 0.0033852684 1.4485592e-07 0.7016828 1.7174509e-13 7.1786443e-09 2.1758426e-08 1.3788642e-08 0.999733 6.188948e-08 0.021109361 7.04896e-09 3.683157e-07 1.6666281e-09 1.3790518e-05 1.0669695e-09 0.077377334 1.5552834e-08 0.0002826571 1.157315e-08 2.903966e-09 1.5798268e-08 0.010006444 6.850133e-05 2.3178782e-08 4.062312e-08 2.5396679e-08 0.00043496193 2.115118e-05 2.2117128e-09 0.038004436 3.6635726e-08 1.4209077e-05 3.0502693e-07 9.191421e-09 2.3280421e-08 0.017152835 6.2935214e-07 1.4479708e-07 3.3639612e-08 4.0505723e-09 0.0003391046 4.1734053e-05 6.2840786e-06 5.068634e-08 3.3288362e-07 6.683554e-07 7.262468e-05 5.5345154e-08 1.2893752e-08 1.1092827e-08 1.3669353e-10 3.4057982e-07 4.3913133e-06 4.4698385e-08 7.329634e-05 9.0975325e-09 7.530692e-09 2.9415926e-07 0.07586155 3.2752743e-07 5.2929736e-05 4.435094e-09 0.013261328 2.7457006e-08 1.332379e-08 0.012548457 1.937165e-07 1.8721613e-09 6.4815536e-06 3.487374e-08 9.76028e-06 8.694617e-08 1.0147942e-09 2.5528414e-06
