3.2047065e-13 0.9879227 0.99877125 0.9921271 0.9711981 0.97057366 0.9315837 0.69660497 0.86307526 0.7660191 0.95946044 0.6333578 0.69550264 0.9108436 0.8992677 0.976226 0.47847888 0.84040946 0.9509358 0.9329527 0.9078579 0.73749495 0.980721 0.92579424 0.93708235 0.8971646 0.9843333 0.9180893 0.9017763 0.96290743 0.7914801 0.96845937 0.91341764 0.9195851 0.23627768 0.8741954 0.36386582 0.96358633 0.9593854 0.88810885 0.9665466 0.8993523 0.94745606 0.9209516 0.96335685 0.9791843 0.8935213 0.9914717 0.92790127 0.9066833 0.97970206 0.8622723 0.84565574 0.76331115 0.95741624 0.9148985 0.3632663 0.8563795 0.95875126 0.9126587 0.93139696 0.18224423 0.96299475 0.77300525 0.13466246 0.93134224 0.7388725 0.93475425 0.13072765 0.97158587 0.8795887 0.9582368 0.7706474 0.68516344 0.6540203 0.6033771 0.20011769 0.004409258 0.0028859396 0.98062706 0.99085945 0.00068404584 0.44851604 0.2658769 0.9781828 0.02144275 0.006563778 0.8715986 0.45245096 0.99868023 0.08660704 0.005005861 0.9999527 0.99999475 0.028542748 0.0040508937 0.116114154 0.052875794 0.009551448 0.011157087 0.0019239351
0.9879227 2.818644e-13 0.9250435 0.5349625 0.2928241 0.056056436 0.101293296 0.9405489 0.264441 0.10512331 0.048878595 0.89213675 0.027640022 0.00035784877 0.8157042 8.2330575e-05 0.00020200205 0.0004918409 0.022797989 0.8304983 0.25003397 0.0011715695 0.00072843634 3.645446e-06 6.0932734e-07 0.27526248 9.302215e-05 1.5632703e-06 0.0003978967 2.061891e-07 0.6645408 3.1695603e-08 0.7850034 5.0843006e-08 0.024535172 5.064006e-06 0.22941054 4.2543356e-08 1.4468908e-08 8.449532e-08 1.0972783e-05 3.1461482e-08 0.0014223853 3.8949133e-06 3.441291e-09 0.09092304 1.4863883e-07 0.008333794 0.15083142 0.00593262 5.174431e-09 1.5901289e-05 4.6640977e-07 2.9051657e-07 1.6620441e-09 1.4254943e-08 0.06134511 3.349195e-06 0.0015459842 4.1363487e-07 2.2971584e-07 8.919594e-06 2.4131388e-05 6.2491194e-09 1.8732105e-06 0.0018727643 5.0541225e-09 5.533824e-10 0.0012583918 0.00025406227 4.523802e-09 0.03518144 4.4647455e-05 7.384683e-09 6.5326744e-10 2.8799605e-09 6.485442e-08 9.644243e-06 8.017255e-08 0.00080405676 0.004964826 1.7053362e-05 1.4108793e-08 2.7950898e-08 3.5834464e-08 1.4024977e-08 0.00015967734 1.0578392e-08 1.5093677e-09 1.0004314e-05 6.477339e-06 3.6504157e-09 0.039536413 0.000534378 7.9033463e-10 4.320582e-08 0.07460644 1.1166297e-08 1.5425444e-08 6.9115275e-05 1.3877346e-08
0.99877125 0.9250435 1.5752432e-13 0.11621319 0.010478705 0.0011884997 0.0026096373 0.52365196 0.0113564255 0.0022547587 0.0037569944 0.88382214 0.0011986142 0.000109544606 0.33541173 9.628427e-06 2.4755956e-05 3.8798156e-05 0.0032322947 0.6902188 0.0969254 6.783395e-05 0.00012626724 9.816742e-07 9.4994306e-08 0.04090837 2.5091453e-05 1.5663827e-07 0.0025563426 2.6967468e-08 0.5655551 1.5584874e-08 0.9375636 1.0671897e-08 0.0034243679 3.3838496e-06 0.4269987 5.652925e-09 5.388074e-09 1.8267647e-08 2.5540419e-06 2.6019715e-09 0.00058596826 7.457266e-07 7.7602585e-10 0.16255628 3.0086333e-08 0.004880145 0.1649137 0.005940371 1.2528365e-08 2.3025013e-05 1.8364102e-06 6.3637966e-09 3.0437715e-09 7.8521616e-08 0.08009422 1.0748714e-07 0.00024013034 8.034037e-07 2.518144e-09 3.727995e-05 6.5581025e-07 3.6812853e-09 2.9359132e-06 0.00012972184 3.9459735e-08 1.0725198e-08 0.0008846329 2.3727764e-05 7.0711783e-09 0.091248505 4.3170214e-05 4.6316224e-08 7.4167112e-09 4.2885613e-08 9.1439155e-08 6.362408e-05 6.1420883e-07 4.866685e-05 0.0028979725 0.0003898163 2.00409e-08 8.604667e-09 9.992256e-09 3.3158597e-06 0.0020628078 1.9356727e-09 2.2696067e-08 1.401426e-07 2.421826e-05 5.4178592e-08 0.2082947 2.9297387e-05 3.628397e-09 1.4097719e-07 0.281376 1.246784e-08 3.617658e-09 0.00041922578 1.11900334e-07
0.9921271 0.5349625 0.11621319 2.118738e-14 0.8457892 0.20720512 0.67966187 0.8829353 0.855676 0.6446176 0.23857577 0.7460885 0.32449088 0.00052784214 0.94226295 0.0005714068 0.00035430476 0.0126876095 0.10071981 0.5907132 0.30533823 0.02236594 0.0015218867 4.8831266e-06 8.2743503e-07 0.7807276 6.0488546e-05 3.0098674e-06 0.000187916 3.7526934e-07 0.68129635 6.249826e-08 0.4988995 1.0729889e-07 0.23768008 3.0131201e-05 0.103764735 3.5278497e-08 3.215681e-08 3.3321487e-07 1.0950903e-05 9.469383e-08 0.0018367248 6.2404815e-06 7.793831e-09 0.0541695 3.155092e-07 0.011191861 0.5475037 0.16238636 4.753064e-09 0.0010353588 2.138878e-06 9.703356e-07 2.6148272e-09 1.5291484e-08 0.15201877 4.7807202e-06 0.001390005 6.266761e-07 2.0370939e-07 3.0920437e-05 5.7227804e-05 3.681461e-09 4.6478704e-06 0.0012958263 3.2422476e-09 3.5660153e-10 0.025273934 0.00024416042 1.3827245e-09 0.01776116 7.2105366e-05 1.2110157e-08 6.7982336e-10 2.1861497e-09 1.1654918e-07 9.051666e-05 2.578217e-07 0.0006270346 0.003880948 7.334857e-05 1.6656056e-08 1.647979e-08 8.469185e-08 8.636109e-08 0.0002954144 1.0630515e-08 8.927711e-10 2.0319021e-05 1.4237017e-05 2.004464e-09 0.022358563 0.00038046046 2.1350302e-10 1.0114285e-08 0.05421083 7.059859e-09 6.8391794e-09 0.00015784791 5.1975704e-08
0.9711981 0.2928241 0.010478705 0.8457892 1.6165547e-15 0.8484213 0.9556874 0.59718955 0.95520663 0.89535934 0.5144301 0.2557669 0.6088598 0.0057450165 0.8232316 0.039839283 0.0020531693 0.25187275 0.12774639 0.25619096 0.12224312 0.16004622 0.022845447 3.8581384e-05 4.175899e-06 0.7972611 0.00018782067 3.933393e-05 4.3798387e-05 3.32451e-06 0.18474536 2.8284379e-07 0.022713441 4.6475583e-07 0.18054076 0.0002552138 0.0011243704 5.0105e-08 1.2893635e-07 7.591218e-07 2.6230573e-05 7.598291e-08 0.0022303432 3.8070577e-06 3.645102e-08 0.019779239 9.464513e-07 0.00980028 0.37200952 0.2298151 9.336592e-09 0.0050695944 5.452599e-06 1.1370702e-06 7.0885715e-09 4.758236e-08 0.025217498 3.0496803e-06 0.0011286106 1.0931354e-06 8.572123e-08 7.14997e-05 2.6703117e-05 4.9770463e-09 1.7233595e-05 0.0005314298 7.596953e-09 2.4515806e-10 0.034228288 0.00023576041 5.420027e-09 0.005237552 2.5423009e-05 3.811531e-09 4.9868026e-10 3.6785268e-09 5.7706043e-08 0.00015707815 3.6062565e-07 0.0004901811 0.0035396859 0.0002565675 5.806011e-08 6.7463497e-09 4.4509772e-08 2.9004735e-07 1.9207633e-05 2.126327e-08 2.3461422e-10 2.4819477e-05 5.732205e-06 1.2007592e-09 0.011181539 0.00024946878 5.244115e-11 2.7594174e-09 0.00071298314 3.3242484e-09 6.5086336e-10 0.000119318145 5.2851025e-08
0.97057366 0.056056436 0.0011884997 0.20720512 0.8484213 1.3037217e-14 0.92172676 0.023245834 0.5943473 0.7392028 0.9597547 0.0078050382 0.5402698 0.46801686 0.14804488 0.9227579 0.5885035 0.8337158 0.45508656 0.054336514 0.052069325 0.4815507 0.25544322 0.0032578902 0.00032743983 0.26004544 0.018276537 0.042349253 9.619299e-05 0.003586498 0.008998219 0.00034698617 0.0010159307 5.3856347e-05 0.025097867 0.10461598 0.000110832705 2.837056e-05 3.0305928e-05 0.00064329663 0.0011842123 2.0684693e-05 0.0060526086 0.0001967672 2.6142204e-06 0.009585234 3.2662134e-05 0.015662089 0.40166 0.44855443 7.4618333e-07 0.1488802 0.0036935273 3.256866e-05 3.3627475e-07 1.2454609e-05 0.014823682 7.010393e-05 0.002769761 0.0008412278 4.575319e-06 0.0088555 0.00023163692 7.6811557e-07 0.0017827189 0.001347263 1.0713321e-06 4.9056197e-08 0.06433484 0.0005176448 1.8141682e-07 0.0033216996 2.4291725e-05 2.6863588e-06 1.955173e-08 1.4741828e-07 2.8256488e-06 0.0006636127 1.8918505e-05 0.0009320669 0.00467323 0.00049250055 1.1073919e-06 5.2921456e-07 3.125217e-07 8.809962e-06 1.9433994e-05 1.7264643e-06 7.34811e-09 8.484162e-05 0.00019099689 1.9399168e-08 0.006396039 0.0008270083 4.087614e-10 1.9982044e-08 0.00016062857 3.5983928e-07 7.774249e-09 0.0021968705 1.2223368e-06
0.9315837 0.101293296 0.0026096373 0.67966187 0.9556874 0.92172676 4.7400938e-15 0.14631072 0.9573069 0.95141387 0.20736292 0.07063863 0.7528914 0.004718096 0.65490925 0.12057552 0.00070706505 0.69029814 0.040255558 0.034955125 0.018249376 0.49079448 0.01790357 3.1182328e-05 2.8916313e-06 0.78378606 0.00013413253 0.000121901445 2.138519e-06 4.2805495e-06 0.06219456 6.447894e-07 0.002996814 4.8647127e-07 0.1915392 0.0011240502 0.0003144418 4.7650484e-08 1.3394633e-07 2.3704024e-06 1.3096669e-05 8.2450825e-08 0.00055692974 2.109092e-06 5.8697122e-08 0.0029574886 7.7528216e-07 0.002132136 0.5306399 0.49329218 1.395738e-08 0.04934544 2.9863097e-05 1.4079374e-06 1.6714264e-08 5.7803646e-08 0.026763625 1.7612564e-06 0.00011602646 4.6089745e-06 1.6267342e-07 0.00068276224 3.8312164e-06 1.6932491e-08 7.424213e-05 3.536445e-05 2.3871126e-08 2.0118025e-09 0.0431305 6.261988e-05 9.5729815e-09 0.0010353893 2.2021902e-06 6.162124e-09 1.3499648e-09 2.4383528e-08 1.262201e-07 0.00022097112 1.5843517e-06 0.00010207953 0.0007068547 0.00020321335 5.2346895e-08 1.18305055e-08 2.2266978e-08 5.911562e-07 4.2139245e-06 7.2803836e-08 3.002233e-10 1.0593037e-05 9.57875e-06 5.001656e-09 0.0033706783 0.00010582581 4.9732173e-11 5.36973e-09 8.415826e-05 1.500499e-08 6.231097e-10 0.00028168646 1.16887904e-07
0.69660497 0.9405489 0.52365196 0.8829353 0.59718955 0.023245834 0.14631072 1.1767696e-15 0.49862254 0.06324219 0.0029037336 0.9929651 0.045694914 9.06752e-05 0.79907876 6.542024e-05 3.1725103e-05 0.00020004851 0.0011196927 0.04244155 0.008415869 0.0032750734 6.69482e-05 1.7354874e-06 7.689643e-07 0.07682739 3.6271742e-06 2.681836e-06 8.5745967e-07 1.0121928e-06 0.34440836 1.6591304e-07 0.15104596 3.2733476e-07 0.031235468 3.0477645e-06 0.051173486 2.1369388e-08 5.6625865e-08 3.264712e-07 6.2304946e-07 2.8744635e-08 4.686324e-05 1.6152266e-07 5.840651e-09 0.0024089727 1.6685518e-06 0.00034320148 0.009799001 0.00033820415 4.772122e-09 4.763388e-05 1.235322e-07 7.2845256e-07 8.3802043e-10 4.9838387e-09 0.011031369 3.486676e-08 0.0001132729 1.1826151e-08 1.1288052e-07 3.818608e-07 1.218879e-07 7.892556e-11 9.093634e-08 2.8863207e-05 4.303327e-08 8.753785e-09 8.0525115e-06 1.3862586e-06 2.4149331e-08 0.0007357756 2.6119951e-06 9.464644e-10 2.834374e-10 3.3231153e-08 4.307971e-10 1.5243087e-06 5.4664067e-08 2.3937044e-05 0.0003272254 2.6959344e-06 4.2505865e-09 1.0334817e-09 1.466797e-08 2.2827612e-08 2.0170423e-06 2.5038206e-08 6.736994e-11 4.670919e-06 7.51884e-08 8.855168e-12 0.003951551 3.29686e-05 4.9120725e-11 7.6902834e-10 0.00030572052 1.8610159e-11 8.258763e-11 8.61062e-07 3.7937253e-09
0.86307526 0.264441 0.0113564255 0.855676 0.95520663 0.5943473 0.9573069 0.49862254 6.4858804e-14 0.97143865 0.022468897 0.36317927 0.87324953 0.0001860907 0.8362655 0.012476251 2.6847451e-06 0.15228604 0.0037189636 0.012006055 0.0055151423 0.09669798 0.00019508015 6.170828e-07 2.7911037e-07 0.88151973 2.0211226e-06 2.8526028e-06 3.8996725e-07 2.7298535e-07 0.2438538 1.3436943e-07 0.0126022855 7.1077324e-08 0.26363575 6.668828e-05 0.0019317203 1.9810782e-08 1.8072805e-08 4.1148584e-07 4.198038e-07 1.4478624e-08 2.7051377e-05 8.303032e-08 1.4732206e-08 0.0010209532 8.454982e-08 0.00021441943 0.39178744 0.27420506 6.65563e-09 0.004143302 2.011207e-06 3.2935397e-08 3.7397205e-09 1.5232187e-08 0.024357585 1.3315781e-07 6.091754e-06 3.677201e-07 3.6977966e-08 6.198491e-05 2.4757918e-07 4.3698503e-09 1.7505536e-05 5.5599486e-07 2.6724091e-08 5.0814184e-09 0.023090195 1.66808e-05 6.110591e-09 0.00036908052 4.921733e-07 3.2527034e-09 2.5688975e-09 2.4370559e-08 9.6339456e-08 0.00013097138 1.1857354e-06 6.4917485e-06 0.00016469703 0.00061424606 2.970196e-09 3.121084e-10 1.4583639e-08 1.5548756e-06 9.079579e-06 1.6337513e-08 3.463804e-10 7.0071674e-06 4.0957393e-06 2.7109792e-09 0.0022985055 6.546087e-05 2.5074168e-10 3.3042096e-09 7.463984e-05 1.3307198e-09 6.322851e-10 3.2441596e-05 1.0778544e-07
0.7660191 0.10512331 0.0022547587 0.6446176 0.89535934 0.7392028 0.95141387 0.06324219 0.97143865 1.199042e-14 0.02340931 0.112797625 0.97882295 0.00085965946 0.5223516 0.10100124 1.9810093e-05 0.8240404 0.0052419137 0.0047733723 0.003426336 0.730514 0.0016578983 1.2954611e-05 7.189186e-06 0.7611481 3.0390323e-05 0.000225864 8.721591e-08 1.711255e-05 0.03901243 4.5737443e-06 0.0010217085 1.9513766e-06 0.2182196 0.0010386778 9.75659e-05 3.7874136e-07 1.0449749e-06 1.3616394e-05 6.22235e-06 3.96326e-07 0.00013506097 1.5844636e-06 4.3695465e-07 0.0007344447 4.514018e-06 0.00034506214 0.2766777 0.35511494 6.088606e-08 0.036693253 2.3785582e-05 1.3577679e-06 6.5646574e-08 2.2991836e-07 0.012434012 5.013569e-06 1.52559505e-05 8.569115e-06 4.0516508e-07 0.000758211 5.6671834e-06 2.5242622e-08 6.650625e-05 3.6168115e-06 3.2549318e-07 2.5116648e-08 0.048736375 1.2214064e-05 2.1717378e-08 0.0002480529 6.312751e-07 2.7787708e-08 7.960735e-09 2.1195196e-07 5.2856893e-07 0.00034575915 7.787454e-06 3.0064006e-05 0.00014912365 0.0007250941 1.5956681e-08 6.7051925e-10 7.388744e-08 2.1868036e-06 3.7153504e-06 6.9263206e-07 1.2487349e-09 3.2697877e-05 7.901123e-06 4.068218e-09 0.0010934446 0.00013239321 1.9856812e-09 2.6105878e-08 1.8382018e-05 3.117666e-08 1.5135653e-09 0.00014536556 5.326932e-07
0.95946044 0.048878595 0.0037569944 0.23857577 0.5144301 0.9597547 0.20736292 0.0029037336 0.022468897 0.02340931 2.7220408e-13 0.0015991188 0.009666891 0.9377733 0.006650759 0.5640589 0.46663633 0.112468034 0.96927714 0.11085611 0.27137855 0.02013154 0.7312085 0.076483555 0.004324439 0.016884586 0.11748312 0.029536385 0.01374566 0.006461354 0.0014092879 0.0014890351 0.0002061336 0.00039507955 0.0005617203 0.035946403 7.419988e-05 0.0001834686 0.0001889985 0.0021435851 0.006236169 0.00012781828 0.04145338 0.0006970487 6.4417877e-06 0.031861655 3.195076e-05 0.08677969 0.029782977 0.1442563 1.9031305e-06 0.033780865 0.00065814727 2.1240463e-05 7.890705e-07 2.0963005e-06 0.0006472588 6.713842e-05 0.007845205 0.00031466858 2.1496405e-06 0.0012064246 0.00024106812 1.5434304e-06 0.00030712553 0.0023952313 1.4879029e-07 2.673081e-07 0.0100321565 0.001969714 3.6690355e-07 0.009115008 0.00071558286 2.36415e-07 1.7914113e-08 4.917723e-08 5.515302e-07 0.00014039726 5.379283e-06 0.0009456809 0.008442973 0.0005248484 1.3387718e-06 6.5404116e-08 2.5793136e-07 1.1754123e-06 5.3093994e-05 4.657928e-07 3.7695097e-10 0.00017078582 8.819515e-05 7.5429874e-08 0.023068216 0.0012623944 4.0944245e-11 2.897218e-08 0.00022413625 1.1306078e-07 2.169563e-09 0.0021238185 1.4490132e-06
0.6333578 0.89213675 0.88382214 0.7460885 0.2557669 0.0078050382 0.07063863 0.9929651 0.36317927 0.112797625 0.0015991188 1.957774e-19 0.08790327 1.8585935e-05 0.955409 6.244461e-05 1.0134278e-05 0.00036521326 0.0001364492 0.038700238 0.0029350317 0.0045971973 5.402608e-06 8.827311e-08 2.7255025e-08 0.03650074 9.544076e-07 1.04816316e-07 8.6567487e-10 8.298615e-08 0.4532266 2.379789e-08 0.13537233 1.704727e-08 0.0045365826 7.157047e-08 0.20649637 5.8106937e-09 2.7593279e-09 4.766857e-08 1.2480284e-06 2.9443305e-08 4.57278e-06 1.6353155e-07 3.499286e-09 0.0034405058 2.6979144e-08 4.027804e-05 0.0005539831 8.013422e-05 2.6877385e-09 6.106479e-05 1.5680515e-06 3.5884784e-09 2.3018391e-10 6.2963186e-09 0.004734006 1.1503266e-06 1.1364592e-05 2.6826234e-08 6.6817565e-09 5.5477898e-08 6.086386e-07 1.3192061e-09 8.028043e-08 7.4088894e-06 1.0733247e-07 5.092635e-09 0.000108938584 2.3034128e-05 4.766307e-10 0.0012322605 1.3991344e-07 8.732252e-10 2.4363807e-09 7.9969126e-08 7.236286e-09 1.1445488e-06 8.62733e-09 1.4884835e-05 9.8871904e-05 8.139654e-07 1.4366548e-09 4.785372e-10 1.200631e-07 1.25667e-07 2.168857e-06 4.2363915e-08 9.0225993e-10 5.5687865e-06 6.7529794e-07 8.385012e-11 0.013269582 7.5467615e-05 4.494033e-11 3.4721914e-10 2.4436877e-05 1.1634673e-09 2.0765578e-10 4.0907817e-06 1.2203107e-09
0.69550264 0.027640022 0.0011986142 0.32449088 0.6088598 0.5402698 0.7528914 0.045694914 0.87324953 0.97882295 0.009666891 0.08790327 1.124305e-14 0.00039092166 0.46326166 0.032911308 1.3240343e-06 0.7723577 0.001518655 0.0017108864 0.001737795 0.985807 0.00066513923 3.9158e-06 2.7786753e-06 0.76430297 1.0380148e-05 8.8533416e-05 3.386726e-08 5.4883303e-06 0.023714626 1.9625238e-06 0.00067445653 5.2427254e-07 0.36145094 0.000661254 6.497289e-05 2.0578561e-07 2.526954e-07 3.961867e-06 1.3849846e-06 8.022288e-08 5.8382346e-05 1.271194e-06 2.434597e-07 0.000519538 2.117583e-06 0.00015270952 0.1458294 0.34144297 5.034584e-08 0.02193666 2.5327638e-05 2.9945053e-07 3.9273147e-08 1.6367152e-07 0.007260319 2.5578177e-06 2.5383084e-05 2.925354e-06 1.4396434e-07 0.000704565 7.943858e-06 6.816051e-09 2.8231318e-05 4.0759055e-06 3.8245926e-07 2.6503434e-08 0.04789736 3.629456e-05 2.2448342e-08 0.0002083034 1.2079055e-07 8.0537434e-09 4.919475e-09 5.1006407e-07 1.0956198e-07 0.0006123587 1.3325824e-06 2.2645032e-05 0.00010963521 0.00087552774 8.623118e-09 9.706343e-11 6.076424e-08 9.96792e-07 2.0658119e-05 2.2554532e-07 1.7160366e-09 5.1336057e-05 1.0869806e-05 1.5746066e-09 0.00090894126 8.657306e-05 1.1721408e-09 5.6676077e-09 2.2666642e-05 8.5153884e-10 2.1055377e-09 0.0003602481 2.4317706e-07
0.9108436 0.00035784877 0.000109544606 0.00052784214 0.0057450165 0.46801686 0.004718096 9.06752e-05 0.0001860907 0.00085965946 0.9377733 1.8585935e-05 0.00039092166 4.276664e-14 0.0009323522 0.6988545 0.9953897 0.04679167 0.8136945 0.019675361 0.036459994 0.0036667956 0.9047667 0.57093847 0.15433352 0.0011409547 0.52390414 0.36912376 0.0008875284 0.2220471 0.00023795849 0.04994024 7.751946e-06 0.020693732 0.0002522838 0.20842966 1.1596169e-05 0.0058897994 0.0061649145 0.047930136 0.06275574 0.0021269827 0.06636429 0.006840788 0.000112540496 0.010025858 0.00027792135 0.06405703 0.0018256434 0.04528879 9.618487e-06 0.054861754 0.061695814 0.00016708991 6.7999463e-06 2.5986068e-05 1.5883714e-06 0.00012983584 0.01873906 0.016834758 1.8163184e-05 0.010587852 0.00043170154 3.0486405e-07 0.009688659 0.0056748376 5.917335e-06 1.5967696e-07 0.0010227048 0.002694395 2.574717e-06 0.0049042352 0.00044176925 0.00031332974 2.2366637e-05 2.4511203e-06 5.0427025e-05 2.6442478e-05 0.001757629 0.0023315132 0.005680379 6.2935183e-06 1.396473e-06 4.3449194e-08 9.159102e-08 4.446915e-05 1.8277929e-06 2.4462256e-06 2.8230829e-09 0.00020554154 0.0041085086 1.104124e-06 0.0074901744 0.0019270311 2.1841137e-11 6.7963447e-07 6.6125335e-07 1.2166911e-05 5.471596e-10 0.0010539193 3.328795e-05
0.8992677 0.8157042 0.33541173 0.94226295 0.8232316 0.14804488 0.65490925 0.79907876 0.8362655 0.5223516 0.006650759 0.955409 0.46326166 0.0009323522 3.1731116e-15 0.0009403416 3.1108207e-06 0.004332604 0.0019649242 0.0233623 0.008428592 0.052452445 0.000616306 8.851286e-06 3.7223303e-06 0.93450826 8.2957944e-05 8.181263e-06 1.4318019e-07 1.2759808e-06 0.79744065 3.021868e-07 0.33596092 4.4761032e-07 0.6455547 2.8856244e-05 0.048778594 3.4645346e-08 5.8096667e-08 3.888546e-07 5.96828e-06 6.7049434e-08 9.145796e-05 5.2807167e-07 1.5452537e-08 0.0022921585 3.0442536e-07 0.00060812687 0.553269 0.20595023 5.1319997e-09 0.0055406974 1.5461883e-06 8.7305786e-08 5.846803e-09 1.7521176e-08 0.2174986 6.381294e-07 9.458054e-05 2.3911238e-07 5.501195e-08 6.236343e-05 7.017687e-06 1.4597221e-08 2.803903e-06 2.3626806e-05 1.018192e-07 1.5686838e-08 0.03515371 2.800612e-05 1.420148e-08 0.0005319313 3.044836e-06 5.354877e-10 1.0107569e-09 2.4112452e-07 1.3509443e-08 0.00053452526 1.4987064e-07 0.00011642106 0.0006844384 0.0033202916 1.1878054e-08 6.1547474e-09 1.1741816e-07 4.2112868e-07 0.0011243188 3.9166622e-08 2.2768928e-10 4.6154204e-05 1.0042373e-06 1.6841932e-10 0.0043321084 0.00018490475 3.0312675e-10 4.256866e-09 0.0055881683 5.235923e-10 3.6765327e-10 0.0002293618 5.4096427e-07
0.976226 8.2330575e-05 9.628427e-06 0.0005714068 0.039839283 0.9227579 0.12057552 6.542024e-05 0.012476251 0.10100124 0.5640589 6.244461e-05 0.032911308 0.6988545 0.0009403416 1.9685987e-16 0.48415115 0.9371383 0.19937927 0.002506032 0.0013859639 0.4602114 0.49754223 0.042957075 0.01147721 0.013863163 0.09605061 0.92025167 9.398542e-08 0.38157758 0.00037697083 0.0058141956 1.0479918e-06 0.00095617963 0.0048084483 0.945244 7.9289424e-07 5.455385e-05 0.00022271462 0.10779654 0.009558464 4.373328e-05 0.0054065157 0.0008416664 1.38016885e-05 0.0010828831 0.00012376514 0.0051981756 0.25486264 0.6195835 3.8517376e-07 0.67581916 0.41655648 9.217589e-05 3.484736e-07 2.979208e-06 0.00036831328 0.00014005824 0.0039753187 0.0074884533 1.3929915e-05 0.43041244 0.00046926012 6.490352e-07 0.22987477 0.0013628717 5.993665e-07 1.6371796e-08 0.07801061 0.0020651403 7.444423e-08 0.0012612115 1.1090343e-06 6.576178e-05 5.800454e-08 2.2690926e-07 0.00017615034 0.00036444745 0.0065453635 0.0008524678 0.0035213025 0.00013412921 1.6664772e-07 4.0781256e-08 1.92772e-07 0.00011081305 4.2452815e-08 2.4823892e-06 5.046336e-10 4.1088162e-05 0.039371237 1.600182e-08 0.002668946 0.00042289734 2.7630329e-11 4.5391095e-09 4.5229076e-08 4.544561e-06 1.16447e-10 0.01578111 6.270708e-05
0.47847888 0.00020200205 2.4755956e-05 0.00035430476 0.0020531693 0.5885035 0.00070706505 3.1725103e-05 2.6847451e-06 1.9810093e-05 0.46663633 1.0134278e-05 1.3240343e-06 0.9953897 3.1108207e-06 0.48415115 5.490258e-17 0.0008194921 0.55459684 0.014213319 0.024966756 1.2888786e-06 0.85055286 0.85022706 0.95241576 9.149813e-08 0.5534458 0.32303265 3.745357e-05 0.56522936 3.6439825e-08 0.55497587 6.520615e-09 0.49780932 1.4937942e-06 0.0052603553 2.5947113e-09 0.5915253 0.5150951 0.11154955 0.095994316 0.12348006 0.0049992534 0.025004916 0.005334576 0.0006550443 0.004286042 0.0031387 1.3743083e-07 4.8887205e-07 0.0008484372 2.808143e-07 0.0003091116 0.0021908826 5.204651e-05 0.0005650684 9.030012e-08 8.091953e-05 0.0023816852 0.0006732285 0.00016199682 1.169749e-05 0.00036708402 1.6708879e-06 4.7293374e-06 0.00090517657 2.5477693e-05 3.5925706e-07 7.084693e-07 0.0010688992 2.0561895e-06 0.00081413 0.00033351008 1.6517283e-06 2.9265024e-07 3.0847096e-07 1.6120174e-06 1.2097621e-08 5.550243e-07 0.00033425709 0.000550419 1.4611468e-10 4.2693887e-07 1.3360646e-05 3.242511e-07 1.697231e-06 2.2165174e-10 6.2554195e-06 5.520519e-10 3.712866e-05 5.268785e-05 8.713946e-11 0.00037528525 0.00029708297 4.0441747e-12 5.674571e-10 2.6505203e-08 2.2857447e-09 2.1623807e-11 4.3843797e-06 7.5996026e-10
0.84040946 0.0004918409 3.8798156e-05 0.0126876095 0.25187275 0.8337158 0.69029814 0.00020004851 0.15228604 0.8240404 0.112468034 0.00036521326 0.7723577 0.04679167 0.004332604 0.9371383 0.0008194921 1.1702991e-18 0.015974894 0.0003449414 0.00023656446 0.99376947 0.03711238 0.0003977505 8.428387e-05 0.11242211 0.0011660056 0.13066499 2.1113933e-09 0.00082802156 0.00025911667 9.351046e-05 2.0449274e-06 1.1828662e-05 0.02618559 0.61099285 2.3343794e-07 6.700681e-06 2.523111e-05 0.00078767067 0.00028649752 2.0583143e-06 0.000557952 3.1810752e-05 2.1746779e-07 0.00018402726 1.3835031e-05 0.0009903187 0.12764193 0.47405323 6.132545e-08 0.25208232 0.0010417227 3.7873722e-06 3.8200124e-08 1.0414738e-06 0.00020403849 3.5793462e-05 0.00051020307 6.356919e-05 1.9863592e-07 0.06350368 8.0848265e-05 8.698661e-09 0.0024040386 9.959844e-05 1.0226369e-06 5.3760427e-09 0.068144396 0.00020945398 1.4665425e-08 0.00027542215 1.2637933e-07 2.4211494e-07 6.6809154e-09 6.7212346e-07 1.6867137e-06 0.0012448814 5.0894116e-05 0.00017826636 0.00021298506 0.00037086566 1.2073233e-08 1.4042709e-10 2.744631e-09 4.980506e-06 1.0532414e-07 4.3152593e-07 3.029233e-10 1.8973431e-05 0.00053479883 1.3234485e-08 0.0005187268 0.00011892417 1.3642759e-10 1.7819751e-06 7.468259e-08 8.547894e-08 1.7521434e-09 0.00669893 4.551572e-05
0.9509358 0.022797989 0.0032322947 0.10071981 0.12774639 0.45508656 0.040255558 0.0011196927 0.0037189636 0.0052419137 0.96927714 0.0001364492 0.001518655 0.8136945 0.0019649242 0.19937927 0.55459684 0.015974894 3.1661e-14 0.3711187 0.9358358 0.0016091214 0.96598786 0.0741878 0.0040123 0.0025514031 0.27513245 0.00860643 0.05678792 0.0038867986 0.00033478282 0.0017258028 8.186761e-05 0.0007680446 8.2585284e-05 0.0039542466 1.3609189e-05 0.00036390984 0.0002802248 0.0010861114 0.024761863 0.00040257245 0.2543334 0.0028072742 1.0901095e-05 0.07252585 7.568442e-05 0.20989235 0.0015792741 0.015002074 3.3152653e-06 0.005332005 3.340326e-05 2.9260476e-05 5.695125e-06 2.7318472e-06 4.802174e-06 0.0001863317 0.03740556 0.00010143092 5.0310086e-06 0.00024952774 0.00048754184 3.3443532e-06 2.6933221e-05 0.011483106 2.6052714e-07 6.1696335e-07 0.0014583489 0.0056095985 4.0669303e-07 0.02916555 0.0069766785 1.113523e-07 5.836553e-09 5.5387606e-08 1.1639779e-07 8.702043e-06 4.3459744e-07 0.0064977477 0.022470716 1.8783816e-05 2.7630479e-06 1.9771862e-08 2.8704108e-07 3.481282e-07 1.981713e-06 5.666857e-07 1.2912985e-10 0.00019675125 0.00018380694 1.1530185e-08 0.037708476 0.005368672 1.1753073e-11 2.9135643e-09 2.8934535e-05 7.2221695e-08 2.3309457e-10 0.00071150745 3.386755e-06
0.9329527 0.8304983 0.6902188 0.5907132 0.25619096 0.054336514 0.034955125 0.04244155 0.012006055 0.0047733723 0.11085611 0.038700238 0.0017108864 0.019675361 0.0233623 0.002506032 0.014213319 0.0003449414 0.3711187 4.521246e-14 0.99282956 0.0001751017 0.010359899 0.002267489 0.00028981027 0.0024269752 0.003139603 2.7275999e-05 0.9470606 0.00010066566 0.0072333305 4.1715226e-05 0.011153007 8.641115e-05 0.00022918884 1.2948657e-05 0.0032473018 4.871658e-05 2.731278e-05 3.2177286e-05 0.0062309396 0.00010362112 0.043907434 0.0015578829 7.448563e-06 0.8137212 0.00033394707 0.32298413 0.0025466436 4.572734e-05 2.99228e-06 8.336674e-06 1.7125946e-06 8.7283355e-05 3.7234364e-07 7.886846e-07 0.0041870354 0.00022628315 0.014209647 1.8852998e-05 4.8498223e-06 4.825042e-05 7.634358e-05 1.6165495e-06 7.858126e-06 0.0077622854 9.604843e-07 3.0161173e-06 6.465289e-05 0.00044985043 4.3674427e-07 0.55652875 0.020351755 2.7486085e-06 2.0657095e-07 2.0555897e-06 5.1501456e-07 1.711476e-06 6.7908445e-07 0.0021301706 0.023647858 1.3589036e-05 2.0796884e-07 1.0887366e-08 1.333857e-07 3.5770135e-08 2.9121784e-05 2.7996596e-06 1.7669199e-09 0.00011927832 5.0621544e-05 7.279064e-08 0.56475073 0.003571516 4.6903852e-12 7.313783e-09 0.0019942005 1.9022492e-09 6.1742204e-12 8.670159e-06 1.9663924e-08
0.9078579 0.25003397 0.0969254 0.30533823 0.12224312 0.052069325 0.018249376 0.008415869 0.0055151423 0.003426336 0.27137855 0.0029350317 0.001737795 0.036459994 0.008428592 0.0013859639 0.024966756 0.00023656446 0.9358358 0.99282956 1.323801e-13 9.399972e-05 0.2861393 0.007401051 0.0010444185 0.0016062957 0.07354924 5.761782e-05 0.92027944 0.00020332618 0.0021641164 7.503953e-05 0.0022943772 0.00047445824 0.00029419703 9.953886e-06 0.0005075114 0.00010636703 0.00011066214 3.9797207e-05 0.030703304 0.00065384724 0.66983557 0.010984495 1.339098e-05 0.67667574 0.0008609911 0.72780746 0.001971898 9.5600095e-05 1.1684823e-05 1.7560764e-05 1.3693526e-07 0.0022578896 2.5758613e-06 1.1828317e-06 0.0052380557 0.0050699525 0.17620146 4.956081e-06 0.00017750144 1.1401708e-05 0.003555265 2.1570176e-07 9.498729e-07 0.09345573 5.131315e-07 3.962351e-06 0.0006042282 0.020659063 4.3449654e-06 0.54260045 0.05661744 3.5350385e-07 1.9124695e-08 1.3806044e-07 1.3796299e-06 1.6217342e-05 8.126317e-08 0.030345388 0.075661 2.8337623e-05 4.4974294e-07 1.5444382e-07 4.5326942e-05 1.1685832e-08 0.00010072453 0.0001785735 2.1444528e-07 0.0016068832 8.3297404e-05 3.4815724e-08 0.2835182 0.057052635 1.6789425e-10 6.931742e-08 0.0014118695 5.3613824e-08 6.112453e-10 2.0375313e-05 8.543106e-07
0.73749495 0.0011715695 6.783395e-05 0.02236594 0.16004622 0.4815507 0.49079448 0.0032750734 0.09669798 0.730514 0.02013154 0.0045971973 0.985807 0.0036667956 0.052452445 0.4602114 1.2888786e-06 0.99376947 0.0016091214 0.0001751017 9.399972e-05 1.2283289e-14 0.0017235536 2.0681222e-05 5.3443628e-06 0.59117436 6.8451955e-05 0.0024971594 2.251823e-09 2.5940559e-05 0.004570102 5.469802e-06 1.6432434e-05 5.475096e-07 0.43761232 0.08605685 8.0956015e-06 1.9922233e-07 1.0512531e-06 1.9409801e-05 2.029216e-05 1.3420922e-07 2.5727153e-05 6.5276e-06 7.3919125e-07 9.617739e-05 5.092755e-06 0.00016912077 0.27225405 0.7366046 7.496416e-08 0.2819939 0.000142064 7.4475935e-07 1.3503062e-07 6.787574e-07 0.004255566 3.4481884e-06 3.696304e-05 7.887512e-06 1.4484689e-06 0.01037568 4.428311e-05 1.7811969e-08 8.919963e-05 6.342855e-06 1.5292652e-06 1.6622045e-07 0.106508926 0.0003970721 4.824998e-08 5.444288e-05 9.9862545e-09 4.8174577e-08 1.2323009e-08 7.3436547e-07 2.7631017e-07 0.0021842078 2.5398158e-06 4.3831107e-05 0.00016617567 0.0017195469 1.1637059e-07 3.5279826e-09 4.065009e-08 8.267177e-06 5.351942e-06 1.7887831e-07 1.1040623e-09 2.753138e-05 0.00018650663 9.867578e-09 0.00022476728 5.172261e-05 1.0140357e-09 2.773641e-07 1.726583e-06 3.1378047e-09 7.0628214e-09 0.006000746 5.36384e-07
0.980721 0.00072843634 0.00012626724 0.0015218867 0.022845447 0.25544322 0.01790357 6.69482e-05 0.00019508015 0.0016578983 0.7312085 5.402608e-06 0.00066513923 0.9047667 0.000616306 0.49754223 0.85055286 0.03711238 0.96598786 0.010359899 0.2861393 0.0017235536 3.896103e-13 0.7008966 0.23001178 0.00015010116 0.9030375 0.11514629 0.016872933 0.12902273 1.8384051e-05 0.08407686 5.5133014e-06 0.0706474 1.4198103e-05 0.055536255 1.7368751e-06 0.020505257 0.013894829 0.027895784 0.26725304 0.024120916 0.39644164 0.043761037 9.297957e-05 0.029669566 0.0018910101 0.21374549 0.00035945603 0.0147277005 0.00019407517 0.14864305 0.0029661206 0.00038642768 0.0001211605 0.0007326663 4.597609e-06 0.0019463521 0.122027814 0.0029468506 3.100323e-05 0.0059958585 0.0027574305 1.2439568e-05 0.0020558329 0.03501923 2.180272e-05 5.1162965e-06 0.00095077476 0.026738763 4.038209e-06 0.019681316 0.0049891444 2.5612437e-05 6.521101e-07 5.600799e-07 1.3649287e-05 8.779566e-06 0.00080052536 0.016534938 0.034193065 9.071443e-06 2.064012e-05 4.00823e-07 4.9241576e-06 8.36714e-06 1.3595516e-07 4.5992574e-06 1.2332673e-08 0.00041523637 0.044803564 2.7899512e-07 0.021667654 0.010062747 2.2375904e-10 1.7787015e-08 5.0104074e-07 1.1532254e-06 8.263388e-09 0.00410912 0.000113248716
0.92579424 3.645446e-06 9.816742e-07 4.8831266e-06 3.8581384e-05 0.0032578902 3.1182328e-05 1.7354874e-06 6.170828e-07 1.2954611e-05 0.076483555 8.827311e-08 3.9158e-06 0.57093847 8.851286e-06 0.042957075 0.85022706 0.0003977505 0.0741878 0.002267489 0.007401051 2.0681222e-05 0.7008966 7.6834985e-13 0.9344146 5.729497e-07 0.98558205 0.04075644 0.001856048 0.19321202 1.4140821e-07 0.29282457 2.9970582e-08 0.896834 4.1386608e-07 0.0070935944 1.9553043e-07 0.27764854 0.19775572 0.048685364 0.76839185 0.5641271 0.077716276 0.34665775 0.019515485 0.0012229253 0.054979824 0.036567196 1.010477e-06 0.00023453821 0.0067176754 0.00055338244 0.006261171 0.006231903 0.0014357537 0.010152059 6.259895e-08 0.015829233 0.07106448 0.02131315 0.00037011327 0.0010205925 0.006063649 0.0002022594 0.0011096243 0.02671579 0.0009529747 2.1225498e-05 1.758187e-06 0.04679651 0.0003172246 0.0035812585 0.001509011 0.003088214 0.00040961243 1.0099005e-05 0.0020992714 4.8310505e-07 0.0015249762 0.009204063 0.012014771 2.0434507e-07 0.00014818303 3.103099e-06 3.4803095e-05 0.0053926045 1.5464478e-08 2.755271e-05 8.6133745e-08 0.0017480287 0.018567786 3.1715666e-07 0.0047067483 0.008426701 7.0654316e-10 8.577127e-08 2.1793728e-08 3.3498578e-05 6.5277455e-09 5.7521633e-05 7.606237e-06
0.93708235 6.0932734e-07 9.4994306e-08 8.2743503e-07 4.175899e-06 0.00032743983 2.8916313e-06 7.689643e-07 2.7911037e-07 7.189186e-06 0.004324439 2.7255025e-08 2.7786753e-06 0.15433352 3.7223303e-06 0.01147721 0.95241576 8.428387e-05 0.0040123 0.00028981027 0.0010444185 5.3443628e-06 0.23001178 0.9344146 9.4532125e-12 5.034044e-07 0.42445603 0.11833484 0.0001097415 0.6116913 4.974893e-07 0.8213708 3.1216707e-08 0.9691 2.7045946e-06 0.021113846 1.8490298e-06 0.77854925 0.7455362 0.30734184 0.49933863 0.27526116 0.01249448 0.13474785 0.01018399 0.0003931147 0.010436121 0.0034603926 4.08643e-06 0.00021743824 0.013020629 0.00065042946 0.13007443 0.0020422305 0.0032532436 0.03314862 2.783817e-07 0.0025933608 0.023761341 0.4252787 0.00037281355 0.0006668589 0.003993242 7.6533994e-05 0.0031543206 0.0035237463 0.0040773987 1.3543637e-05 2.9366569e-05 0.02060823 0.00013890497 0.000414559 0.00013186158 0.13730043 0.03785983 0.0002576397 0.034548823 6.1077226e-06 0.0017326903 0.0022814276 0.002986083 2.1646024e-06 6.6478606e-05 5.1618463e-06 1.8726705e-05 0.004665168 9.359579e-08 7.367414e-05 1.1038697e-07 0.0004697764 0.0039272364 3.1578613e-05 0.0011606067 0.0019810027 1.3990351e-08 3.2324194e-06 2.875696e-07 0.00062309403 3.1311927e-07 1.9718658e-05 8.055876e-06
0.8971646 0.27526248 0.04090837 0.7807276 0.7972611 0.26004544 0.78378606 0.07682739 0.88151973 0.7611481 0.016884586 0.03650074 0.76430297 0.0011409547 0.93450826 0.013863163 9.149813e-08 0.11242211 0.0025514031 0.0024269752 0.0016062957 0.59117436 0.00015010116 5.729497e-07 5.034044e-07 3.6800715e-16 3.0458466e-06 9.611839e-06 1.4814733e-09 1.0307755e-06 0.41095826 5.959115e-07 0.0035082214 5.2918704e-08 0.99422884 0.0005668368 0.0015015333 1.4310544e-08 3.6099107e-07 9.471542e-06 1.0141737e-06 1.1798507e-08 5.7118912e-05 1.5168398e-07 2.0277525e-08 0.0015425653 4.9994743e-08 0.00042029677 0.45753548 0.28890467 6.256344e-10 0.020106405 2.402311e-06 5.411952e-08 3.8821707e-10 1.0977587e-09 0.08140591 1.9257109e-06 4.4823573e-05 1.19175006e-07 4.897738e-08 0.0001399182 4.75635e-06 8.8227065e-10 7.992982e-07 1.4033789e-05 9.520971e-10 1.2385848e-09 0.0965993 2.2993065e-05 7.8240175e-10 0.0010003657 4.9450566e-08 2.949255e-11 1.555703e-10 1.09297265e-08 3.4541914e-10 0.00043953818 1.6828504e-07 3.1694017e-05 0.00015471235 0.0022618035 3.464321e-09 3.035491e-10 5.475012e-09 1.7422775e-07 0.0003000768 7.1562107e-07 2.9853549e-09 2.3139635e-05 9.9565106e-05 8.4629706e-11 0.0040421877 3.967125e-05 3.373879e-10 1.4286762e-08 0.0007179778 1.786807e-09 3.1557503e-09 0.0013506167 1.4060064e-06
0.9843333 9.302215e-05 2.5091453e-05 6.0488546e-05 0.00018782067 0.018276537 0.00013413253 3.6271742e-06 2.0211226e-06 3.0390323e-05 0.11748312 9.544076e-07 1.0380148e-05 0.52390414 8.2957944e-05 0.09605061 0.5534458 0.0011660056 0.27513245 0.003139603 0.07354924 6.8451955e-05 0.9030375 0.98558205 0.42445603 3.0458466e-06 2.0375882e-12 0.050681155 0.0043154065 0.10176832 5.58861e-06 0.13205968 2.29896e-07 0.31216976 6.881444e-07 0.009028781 3.6220756e-06 0.06803371 0.052671712 0.021750418 0.8901682 0.110105745 0.6867205 0.349727 0.0021899762 0.02628915 0.03096981 0.23477152 3.298027e-05 0.0010088792 0.0016456664 0.010428853 0.0035704123 0.0061682044 0.0015053035 0.0062687257 7.871652e-07 0.0505467 0.28119084 0.012484541 0.0005396406 0.0026860696 0.037361458 0.00033051352 0.0021918493 0.13077073 0.00012074535 5.7636447e-05 9.174651e-05 0.13759935 0.00019283133 0.040820714 0.013950329 0.00048044807 1.8925217e-05 6.384134e-06 0.00031544437 9.007533e-07 0.0024186673 0.059564535 0.06604571 3.738489e-06 0.0001919594 1.8499435e-06 2.948474e-05 0.0018895075 1.7097067e-07 0.000100158526 3.9424073e-08 0.0042876243 0.052084636 1.327286e-06 0.020242017 0.03328078 2.5105848e-10 5.1390674e-07 5.5582836e-07 3.85851e-05 1.037547e-08 0.0007220159 4.6481964e-05
0.9180893 1.5632703e-06 1.5663827e-07 3.0098674e-06 3.933393e-05 0.042349253 0.000121901445 2.681836e-06 2.8526028e-06 0.000225864 0.029536385 1.04816316e-07 8.8533416e-05 0.36912376 8.181263e-06 0.92025167 0.32303265 0.13066499 0.00860643 2.7275999e-05 5.761782e-05 0.0024971594 0.11514629 0.04075644 0.11833484 9.611839e-06 0.050681155 3.7389924e-17 1.0776745e-09 0.95355755 4.4871326e-06 0.44805723 1.7697339e-08 0.009644606 3.9721483e-05 0.98563164 1.655233e-07 0.0023928077 0.026923105 0.9171863 0.006177877 8.940513e-05 0.0009541765 0.0020073901 1.0232129e-05 0.00020149988 7.491867e-05 0.00057866034 0.00031307584 0.009092201 1.3832582e-06 0.106899105 0.8055803 7.139947e-05 3.1048842e-06 4.5659755e-05 1.5723754e-07 0.0001125319 0.0021746813 0.34607208 4.031191e-06 0.42891994 0.0006003494 4.8613646e-07 0.45055157 0.00038626502 2.9928883e-06 1.4458756e-08 0.0033526067 0.0036492937 2.0611814e-07 0.00020417942 1.1507781e-07 0.01630228 0.00024074788 2.0507218e-06 0.017566387 7.5607327e-06 0.07855671 0.0005652363 0.0007693047 1.3391e-06 8.472268e-07 6.6146018e-09 1.2425434e-07 0.006782201 3.5344026e-08 2.8452157e-06 8.774944e-10 3.0442654e-05 0.06646278 6.846057e-07 0.0005688595 0.0003106516 2.5970667e-10 3.520731e-08 1.3306698e-08 4.4869485e-06 1.1700724e-09 0.0017338932 5.7692818e-05
0.9017763 0.0003978967 0.0025563426 0.000187916 4.3798387e-05 9.619299e-05 2.138519e-06 8.5745967e-07 3.8996725e-07 8.721591e-08 0.01374566 8.6567487e-10 3.386726e-08 0.0008875284 1.4318019e-07 9.398542e-08 3.745357e-05 2.1113933e-09 0.05678792 0.9470606 0.92027944 2.251823e-09 0.016872933 0.001856048 0.0001097415 1.4814733e-09 0.0043154065 1.0776745e-09 1.2033284e-18 2.0495388e-08 4.4457934e-08 2.1730483e-07 2.756205e-08 2.4554123e-05 3.8003667e-09 8.5978713e-10 4.8084242e-08 1.7601985e-06 6.331146e-07 1.7978842e-08 0.021081157 3.114025e-05 0.72524184 0.0065423953 1.8791313e-06 0.9818952 0.00019794692 0.84296924 2.2259758e-08 1.0260403e-08 3.9583904e-07 6.0640005e-08 2.4177123e-08 0.00030022764 2.086911e-08 1.8691864e-08 8.601896e-07 0.0010888095 0.12900855 2.1079287e-09 2.6015301e-05 3.8613823e-10 0.0016691725 4.900605e-07 1.8973058e-10 0.05594863 2.746329e-08 1.9273718e-06 2.9825905e-08 0.005378393 4.9841645e-08 0.46161586 0.05771836 1.6560436e-10 5.717384e-11 4.3869555e-08 3.025001e-10 2.1611792e-09 2.7370076e-10 0.01524692 0.10448359 4.2547185e-11 1.8073831e-09 5.25724e-09 5.7817765e-06 2.9271832e-09 9.6957775e-11 1.0138879e-05 1.6100791e-09 0.00078187126 6.020447e-09 2.0182304e-11 0.37403595 0.016551716 1.5874574e-11 1.8749512e-10 1.4919453e-07 2.1087934e-09 4.4577505e-11 1.3286834e-07 1.2870416e-11
0.96290743 2.061891e-07 2.6967468e-08 3.7526934e-07 3.32451e-06 0.003586498 4.2805495e-06 1.0121928e-06 2.7298535e-07 1.711255e-05 0.006461354 8.298615e-08 5.4883303e-06 0.2220471 1.2759808e-06 0.38157758 0.56522936 0.00082802156 0.0038867986 0.00010066566 0.00020332618 2.5940559e-05 0.12902273 0.19321202 0.6116913 1.0307755e-06 0.10176832 0.95355755 2.0495388e-08 7.857093e-15 1.3977827e-06 0.9814373 6.3161285e-09 0.11174451 9.112351e-06 0.60451996 3.8039892e-07 0.08514869 0.5801535 0.9752733 0.032545425 0.0028268916 0.0031519674 0.009759042 0.00038560107 0.00033428674 0.00090214 0.0009742476 2.0317799e-05 0.00056453893 0.00019040219 0.004639346 0.76300466 0.00047917553 9.212324e-05 0.0067758076 3.4231984e-08 0.0006819303 0.005723004 0.70098466 9.2219234e-05 0.053350523 0.0020098458 1.3682559e-05 0.18015267 0.0010892836 0.00017454449 1.4984492e-07 4.552115e-05 0.006207412 2.352428e-05 0.00045252682 5.791994e-07 0.25743878 0.022855416 5.948525e-05 0.18864474 2.6883886e-06 0.035541855 0.0010829332 0.0012132295 8.589165e-07 4.723602e-05 8.154455e-07 3.8169683e-06 0.018992148 6.655342e-08 0.00011780709 1.1714641e-08 9.0016765e-05 0.029147863 1.5481235e-05 0.00033679118 0.00045316052 4.5354227e-09 7.6496696e-07 1.6160147e-08 0.0005092085 1.3686899e-08 0.000121688194 1.4135266e-05
0.7914801 0.6645408 0.5655551 0.68129635 0.18474536 0.008998219 0.06219456 0.34440836 0.2438538 0.03901243 0.0014092879 0.4532266 0.023714626 0.00023795849 0.79744065 0.00037697083 3.6439825e-08 0.00025911667 0.00033478282 0.0072333305 0.0021641164 0.004570102 1.8384051e-05 1.4140821e-07 4.974893e-07 0.41095826 5.58861e-06 4.4871326e-06 4.4457934e-08 1.3977827e-06 4.1992456e-17 1.8049424e-07 0.7293634 6.746006e-08 0.9821634 1.1017473e-05 0.98126966 7.3022832e-09 2.006829e-08 9.1300745e-07 4.410382e-07 1.1339784e-08 2.1265454e-05 6.134546e-08 2.1143642e-08 0.004730098 5.560131e-08 0.00025965594 0.7611269 0.17428747 3.7574526e-09 0.0024285752 1.3426434e-06 1.695301e-08 2.4614635e-09 4.7680572e-08 0.77637416 3.035924e-07 0.00014728443 4.6995467e-08 4.1379877e-08 0.0001226922 4.0910524e-07 9.126883e-10 3.8708067e-06 2.1584985e-06 2.0686802e-07 1.4065589e-08 0.14294443 2.960669e-05 4.6348212e-08 0.0002523107 6.319036e-08 1.4016598e-09 7.5737727e-10 2.1849e-08 2.7154707e-09 0.002710571 7.7019905e-08 1.330135e-05 0.00023759659 0.062466316 1.7060804e-08 2.5831992e-10 1.7666919e-08 8.579434e-08 0.022111684 4.1328407e-10 1.0037255e-09 2.4793678e-06 5.8515257e-06 2.7469968e-10 0.0025662573 2.3380513e-05 4.8316396e-11 1.8945114e-09 0.16244984 1.1182129e-09 7.4029664e-11 0.003855126 1.0191058e-06
