8.989857e-14 0.24087928 0.18345514 0.029143771 0.6780713 0.6296137 0.047112215 0.11133959 0.753505 0.9405634 0.82373434 0.4741872 0.8545504 0.55445856 0.9682702 0.8737671 0.121062934 0.0019073624 0.893076 0.9300291 0.9628791 0.9279799 0.9756376 0.67846155 0.003986066 0.6067591 0.9867764 0.22549537 0.9494553 0.9412778 0.74366534 0.9127132 0.91453415 0.96458125 0.915409 0.97826064 0.9621754 0.9428451 0.9420689 0.23575278 0.00020094107 0.9626627 0.88233256 0.960407 0.96176875 0.8226509 0.96883196 0.97689 0.00019630857 6.2077997e-06 0.7873839 0.81303406 0.36696333 0.9223341 0.9211922 0.9285636 0.9542972 0.94900995 0.9784908 0.8784386 0.1525884 0.89344513 0.9834402 0.009673453 0.97053266 0.779082 0.9550719 0.80403787 0.2764548 0.00023771852 0.9312719 0.94785976 0.9454087 0.9605618 0.9073488 0.85674703 0.92068666 0.46282086 0.80636305 0.90924865 0.99799824 0.9707745 0.9885448 0.8780697 0.32138067 0.99991256 0.9090076 0.99994665 0.585735 0.11032548 0.98972625 0.57574826 0.94841856 0.99821436 0.9621482 0.99973434 0.5068052 0.9988011 0.9919131 0.028786905 0.1619408
0.24087928 3.4502716e-15 0.9871643 0.9192333 0.9971522 0.010820846 0.009637921 0.0051168925 0.43733156 0.57317626 0.0004250281 0.000181687 0.55271494 0.00022973085 0.013838976 4.2412476e-06 0.023430841 0.010340129 7.729047e-06 1.8039763e-06 9.148735e-05 2.6384505e-06 4.0802283e-07 1.2467787e-05 0.008882859 0.0005845717 0.0007691275 0.0005808512 0.019587152 0.0010878675 1.9264455e-06 0.00032089875 0.0014088264 0.13242002 6.217145e-07 1.3510513e-06 1.12018434e-07 5.360368e-05 0.0010016918 6.938184e-06 6.3638616e-08 1.000025e-07 0.00024235393 2.562206e-07 0.00024594378 1.6141102e-09 2.6959897e-05 0.0003374771 8.817417e-06 3.942738e-08 1.3980867e-06 1.0431174e-05 4.8563716e-06 1.3798874e-05 2.0041409e-05 0.0035568706 1.3816668e-06 4.9806556e-07 2.2225988e-08 5.243731e-07 4.120466e-07 5.649902e-05 1.6566819e-06 2.1081025e-08 3.5781124e-08 0.0015150075 7.156239e-05 2.0471248e-06 1.7275076e-09 1.9756818e-08 5.070358e-07 4.4484655e-06 0.00060736615 0.0002450667 4.3182237e-07 8.1200575e-08 4.3004333e-05 4.531087e-05 0.0003846914 3.3061312e-06 9.438451e-06 0.0002525746 3.0394451e-06 0.000248233 2.592275e-07 0.0016470631 0.00016996414 5.3656055e-05 4.3426144e-07 1.2374271e-10 1.19864035e-05 5.635808e-09 5.4580198e-08 3.553209e-05 6.29308e-08 0.00044759203 8.709586e-09 1.5281856e-05 2.2067614e-07 2.5532843e-10 2.9414127e-11
0.18345514 0.9871643 3.963015e-14 0.9992522 0.02527725 0.37709236 0.09310412 0.010261755 0.8303617 0.44554445 0.0096969595 0.0015304937 0.6085961 0.00078205916 0.051742073 0.00017322566 0.00034998954 9.4431736e-05 1.5299953e-05 1.8040855e-05 0.00046685818 3.1912375e-06 1.2201449e-06 4.017055e-05 0.00025741916 0.00035676008 0.00059543207 3.9771974e-05 0.068897076 0.004862591 1.4171069e-06 0.0061594197 0.015112161 0.09579712 1.3016516e-05 6.9613084e-06 1.6361604e-06 0.00013713162 0.0007128227 1.6776012e-05 1.1499515e-06 1.8563959e-06 0.00013265849 2.7769363e-07 0.00088601286 2.2077002e-09 0.00029503994 6.321505e-05 1.0974661e-06 4.3572084e-09 1.235349e-07 1.9834348e-05 2.4974926e-07 3.8485578e-07 0.00024720677 0.008536678 3.981387e-05 4.258408e-06 7.719713e-08 6.8362615e-06 2.5447289e-05 2.6154812e-05 1.7521017e-05 1.268364e-08 1.6438499e-07 0.00037965723 5.724614e-05 6.15422e-07 1.3625584e-06 1.9679344e-08 2.5535453e-06 3.3242343e-06 0.00044286155 0.00049928145 6.412927e-07 2.7123008e-07 0.00018694399 1.9777059e-05 0.0001425387 5.3061062e-06 7.917635e-06 8.2774684e-05 6.5584936e-06 0.0001035821 4.574776e-05 0.0020836075 5.8336544e-05 4.2075375e-05 5.146419e-07 2.9205344e-10 1.5012784e-05 1.7925323e-08 4.4667385e-07 1.5854303e-05 1.9863714e-08 9.511393e-05 1.4132846e-08 2.01658e-05 7.6605994e-07 1.7192275e-09 1.3514615e-09
0.029143771 0.9192333 0.9992522 3.0596058e-15 0.015104192 0.73786247 0.72004557 0.97830313 0.43584025 0.073809445 0.037135642 0.053080305 0.21787629 0.32156104 0.0085266745 0.00018527791 0.0004930095 0.0003142125 1.7000782e-05 5.937232e-06 0.00012906906 7.505194e-06 9.637195e-07 4.1560717e-05 0.000271824 4.8441252e-05 0.00022138686 3.747631e-06 0.011090065 0.023249751 4.676531e-06 0.0003670338 0.0015504906 0.010333371 4.7169885e-07 1.8831606e-06 1.8631523e-07 1.0552624e-05 5.398732e-05 1.0650777e-05 5.323705e-06 2.7509282e-07 3.083417e-06 9.476358e-08 0.00021728921 1.446294e-09 1.3048422e-05 3.829483e-05 3.357249e-07 1.2849088e-09 2.0728453e-07 2.524443e-06 1.3857769e-07 6.745034e-06 9.1480415e-06 0.0008030264 5.562401e-06 6.294914e-07 3.259195e-08 1.0738407e-07 1.3637135e-05 1.6060391e-06 2.9652508e-06 4.774316e-09 1.7156971e-08 8.892381e-06 8.889747e-07 5.5766787e-08 3.4932444e-07 3.9549324e-08 7.4454164e-08 1.2507583e-06 3.2441258e-05 3.9965733e-05 1.0086876e-07 7.3022686e-09 2.9288324e-06 3.281809e-07 2.2412983e-06 4.4865396e-07 5.579517e-07 7.926762e-06 2.4978776e-06 4.038232e-06 6.674551e-06 0.00040732053 5.9826802e-06 1.9844203e-05 1.952825e-08 7.3304224e-11 1.7690909e-06 1.8888695e-08 5.5961427e-09 2.2959111e-06 2.1860371e-09 5.449743e-05 1.5760308e-09 6.168842e-06 1.602332e-08 2.6477792e-10 1.681949e-10
0.6780713 0.9971522 0.02527725 0.015104192 4.182927e-15 0.00020307505 0.00019822954 0.00016426427 0.14774297 0.9974743 6.8212244e-06 1.5609494e-06 0.37780204 3.2624088e-05 0.010348445 8.3275e-07 0.40311003 0.111582875 2.2850558e-07 9.5509556e-08 2.2572458e-05 1.2523044e-07 5.4490325e-08 7.311074e-06 0.02429872 0.0132329855 0.026021162 0.013750368 0.037974626 0.00019664096 1.8681456e-08 0.00011959407 0.001631417 0.3547024 2.5693953e-07 2.1149907e-07 1.81639e-08 1.16355395e-05 0.0123939505 2.9485116e-06 5.6296972e-08 3.6035266e-09 0.0037497208 2.9706948e-07 0.000246864 1.5753847e-09 1.1875128e-05 0.0014363521 3.4621848e-05 1.42970125e-08 1.0642552e-07 0.000128787 2.9866682e-05 1.3131983e-06 3.5354683e-06 0.014892049 7.303066e-08 1.6219616e-07 3.0070024e-09 1.351592e-07 6.051591e-08 0.00054774707 9.077609e-07 1.5517395e-08 1.763861e-07 0.004318972 0.0049363403 1.8711467e-06 3.082718e-09 2.568295e-09 1.9032494e-07 2.6155033e-07 0.003437285 0.00025432187 1.5728253e-07 2.6738013e-08 4.4730008e-05 0.00021365295 0.0012424346 2.6663506e-06 3.4607387e-05 0.0017864299 2.2664194e-07 0.00085090013 1.7345519e-07 0.005043345 0.00031180354 2.7929702e-05 9.456077e-07 8.723591e-11 6.5602576e-06 1.426187e-09 4.0288253e-07 0.00016029435 1.9860865e-07 0.001078257 4.244041e-09 4.5692013e-06 8.121873e-07 2.1115854e-10 5.0226225e-12
0.6296137 0.010820846 0.37709236 0.73786247 0.00020307505 6.349656e-14 0.96730655 0.50481045 0.971746 0.029596662 0.9940875 0.5885362 0.3358695 0.2709023 0.44949648 0.13530701 1.4015103e-05 1.2431036e-06 0.014844053 0.009724171 0.11926554 0.001407842 0.00011423146 0.003208138 2.356498e-06 3.529334e-06 1.2426726e-05 1.7822929e-06 0.28885704 0.10258027 0.00015243364 0.35698786 0.18025474 0.0056746504 0.0007857316 0.0014596999 3.4907116e-06 0.024851762 8.756547e-06 0.0007806217 1.3201653e-05 1.5283116e-06 6.7428027e-06 3.4704503e-06 0.10330497 7.918876e-09 0.016270014 2.0011512e-06 6.0794385e-08 2.930915e-09 5.144861e-06 2.950088e-07 2.0149227e-07 4.1153886e-05 0.00954679 0.012561381 0.0014367207 2.5671848e-06 4.854269e-08 6.605717e-06 0.0016782277 3.9270712e-06 0.002481897 2.3354014e-09 8.79449e-08 6.07841e-05 1.1071781e-05 1.8395713e-07 2.2781911e-05 1.752126e-06 3.856628e-06 1.7688319e-07 0.00010615139 0.0013865945 2.771942e-08 1.0725572e-07 0.0029803347 3.9344864e-06 5.211624e-05 4.1321106e-05 2.5023493e-07 1.941456e-05 9.094835e-07 4.441761e-05 2.850218e-06 0.0014309208 6.0768914e-05 0.0016210638 1.2387981e-06 2.2155834e-10 9.167741e-05 2.2121649e-08 4.9565866e-08 1.3353684e-06 9.431922e-09 0.00012936666 6.408659e-09 6.968964e-05 4.870081e-08 1.9945425e-07 7.02611e-10
0.047112215 0.009637921 0.09310412 0.72004557 0.00019822954 0.96730655 9.733191e-14 0.9604069 0.22966157 0.004585629 0.8847308 0.9899449 0.013609482 0.883718 0.027263187 0.11815807 7.415287e-06 3.717215e-06 0.004157509 0.0021964915 0.004114437 0.001324597 9.1938404e-05 0.0020903377 1.752976e-05 7.249324e-06 2.0565085e-05 3.4729437e-06 0.009421818 0.05149432 0.0005462439 0.012726953 0.0051741954 0.00023165769 0.000292771 0.00021252957 9.676303e-06 0.00072112755 2.878743e-06 0.0012007452 0.00013034424 6.1446813e-06 4.6681894e-06 9.644518e-06 0.0013289389 2.2426601e-08 0.00020950155 4.962518e-06 8.6488846e-08 1.8873596e-09 4.2930346e-06 8.026259e-06 4.161471e-08 6.952614e-05 0.0001236867 0.00031713655 9.987037e-05 1.499735e-06 4.3022337e-07 1.2910525e-06 0.001797474 5.9861253e-07 8.67995e-05 2.6433664e-08 9.471267e-07 3.920362e-06 5.77873e-07 5.5978485e-06 6.3553976e-05 4.7419376e-06 2.3044115e-06 3.9437256e-07 6.8795835e-06 0.000100425365 4.2312884e-08 6.6236446e-08 0.00012353309 1.2772328e-07 1.8587742e-05 6.1366236e-06 4.5709206e-07 4.0372156e-06 2.7716248e-06 5.9611807e-06 1.8657743e-06 0.00012230854 1.120522e-05 0.000121850426 2.0303203e-06 5.361121e-10 9.5913365e-06 4.2776225e-08 2.476238e-07 4.7150996e-07 4.9476956e-09 1.29896325e-05 2.2084087e-08 1.3733886e-05 5.430681e-07 1.2920236e-07 1.046295e-08
0.11133959 0.0051168925 0.010261755 0.97830313 0.00016426427 0.50481045 0.9604069 2.934937e-13 0.1039147 0.0062332493 0.20815307 0.8394117 0.03753449 0.9966099 0.026051234 0.047092076 2.040273e-05 3.3869328e-06 0.00047300552 0.00016684309 0.0010703303 0.0004429957 3.909e-05 0.0034701878 4.215916e-05 7.095045e-05 0.0005284435 2.0977255e-05 0.012138319 0.0438054 0.0002786775 0.0052367277 0.004200363 0.00045372944 3.44945e-05 6.13087e-05 3.5107398e-06 0.00015175207 2.4623723e-05 0.0005980847 7.1454706e-05 3.3611266e-06 5.97514e-05 4.003018e-06 0.0022197808 5.878807e-09 0.0001619755 7.0058275e-05 1.0145993e-06 5.7271116e-10 1.251295e-06 7.826094e-06 4.759074e-07 5.7068766e-05 8.402337e-05 0.001337446 2.4980929e-05 3.945082e-06 6.2520763e-07 3.3156223e-06 0.00010294885 1.7527728e-06 6.229942e-05 4.1770396e-09 9.527465e-08 2.487853e-05 4.3227296e-06 2.6843984e-05 9.202556e-06 4.6296336e-07 6.6432966e-07 2.5225958e-05 9.0936475e-05 0.00012892537 2.3379098e-06 5.1602484e-07 0.00011769906 9.863955e-07 4.5754477e-05 1.27075355e-05 3.389791e-07 2.0245865e-05 9.300791e-06 9.472395e-05 3.7618163e-05 0.0015321375 5.063786e-05 0.00018908882 4.685625e-06 1.828566e-09 4.0569055e-05 1.0420117e-07 1.00912054e-07 3.7837224e-06 2.5398845e-09 7.179617e-05 2.8629346e-08 8.88595e-05 6.236998e-07 6.179992e-09 4.916858e-09
0.753505 0.43733156 0.8303617 0.43584025 0.14774297 0.971746 0.22966157 0.1039147 3.0786708e-12 0.43937013 0.85527015 0.13156532 0.99428624 0.07873762 0.9135362 0.032378506 0.0006542349 1.3467054e-05 0.001179313 0.003851336 0.03208543 0.00015370014 9.531751e-05 0.0012139935 1.8752064e-05 4.3585213e-05 0.0001558501 7.983864e-05 0.44283998 0.033446558 0.00027781326 0.24414977 0.19154751 0.029087998 0.00031736318 0.00021672918 1.0061292e-05 0.008657485 6.11167e-05 0.00012703313 9.8597375e-06 4.3430596e-06 0.00013301104 4.4312787e-06 0.17679211 1.6097345e-06 0.007377367 3.7463964e-05 2.0433494e-07 3.0691891e-09 8.5484455e-05 2.9233922e-07 7.162951e-05 0.00023777725 0.0031456659 0.030884556 0.0009692692 7.578286e-05 1.0621255e-06 6.556889e-05 0.0010396633 3.4894554e-05 0.0021068167 3.2124134e-08 1.5103377e-06 0.00015920005 1.9857456e-05 2.2533399e-05 6.9607177e-06 5.0025676e-07 5.3838477e-05 4.0023347e-06 0.0008054486 0.004755935 6.7123364e-07 9.283214e-07 0.0034008913 1.2900204e-05 0.00014481983 4.8559436e-05 4.412229e-07 0.0002297817 8.509764e-06 0.000119777156 1.3891456e-05 0.0030269823 0.00040155076 0.004547447 3.4499866e-05 8.235789e-09 0.00018387954 2.363558e-08 3.6475535e-06 1.253534e-05 3.5017952e-06 0.00043058503 4.372145e-08 6.6534165e-05 6.130642e-07 3.2134306e-08 4.3519925e-09
0.9405634 0.57317626 0.44554445 0.073809445 0.9974743 0.029596662 0.004585629 0.0062332493 0.43937013 1.8057365e-16 0.00071392074 0.00012055286 0.83661187 0.0012607556 0.29299992 2.7075277e-05 0.71879536 0.17133424 5.8548194e-06 3.852191e-06 0.00018817229 1.9687811e-06 5.1676705e-07 0.00022834953 0.038864817 0.21176103 0.56297404 0.32631034 0.5884488 0.0020151602 1.2770782e-07 0.0077720955 0.08627005 0.9531499 2.201409e-06 2.1921658e-06 2.412912e-08 0.00026732867 0.5529837 9.97296e-05 1.6051125e-06 1.1586269e-08 0.30745438 3.6518347e-06 0.020830322 1.7391956e-08 0.0007138094 0.009680452 0.0006462728 6.652122e-05 3.1943586e-08 0.0017100958 0.0040743845 6.306731e-06 0.0005586506 0.29551265 2.4937443e-05 2.9166295e-06 5.775292e-09 7.1446693e-06 3.040347e-06 0.013815168 0.00022050965 1.4924129e-06 1.5341917e-07 0.0890379 0.014885852 6.452107e-07 6.703112e-09 5.2356006e-07 4.5386548e-07 2.66682e-07 0.13235806 0.024583548 2.747863e-07 7.441129e-08 0.0030740541 0.013111136 0.03334248 8.250979e-05 0.0027927028 0.020699635 6.6158545e-06 0.03375704 4.9127266e-08 0.17500754 0.022453828 0.0044223205 1.4650713e-05 1.9396151e-10 0.00026594306 2.1051333e-08 1.0002531e-05 0.00787937 1.0475447e-05 0.03310482 1.0873668e-08 0.00020505185 6.808787e-07 2.8908462e-09 7.7029785e-11
0.82373434 0.0004250281 0.0096969595 0.037135642 6.8212244e-06 0.9940875 0.8847308 0.20815307 0.85527015 0.00071392074 3.9641283e-13 0.9717897 0.116481476 0.40830022 0.59994745 0.76392055 3.0403137e-07 4.101972e-07 0.6076979 0.5245533 0.78651345 0.16690764 0.03839143 0.062922604 1.6317622e-07 2.289944e-06 3.998115e-06 1.4232565e-07 0.32210544 0.2979182 0.035162218 0.75211406 0.40509084 0.00061111926 0.04185334 0.024136385 0.00034500472 0.33436564 2.2105396e-06 0.013338554 0.0002448261 6.6308785e-05 4.287315e-06 0.0002700842 0.4885091 1.2362065e-06 0.1503432 2.275441e-06 3.035633e-08 3.449576e-10 0.000513857 4.7019135e-08 5.594041e-07 0.005995118 0.04475118 0.022848967 0.0066992217 0.0003894811 1.1991355e-05 0.0004634835 0.059399135 1.398719e-06 0.022603711 2.1476023e-09 1.321207e-05 4.324525e-05 2.6075425e-06 8.782489e-06 0.0009776695 5.4412154e-05 0.00018507111 1.3740108e-05 3.736805e-05 0.0060959887 3.6322488e-06 2.9865444e-06 0.010432737 1.8759816e-06 1.6159078e-05 0.00052484666 8.008299e-08 2.628476e-05 2.6337857e-05 2.7725966e-05 0.0002754923 0.0019818721 2.8833223e-05 0.0068463846 1.2733678e-05 1.4532984e-09 0.001009061 2.9259832e-07 1.0800543e-05 5.5671006e-07 1.4266584e-08 0.00013334725 6.7529186e-08 0.00027123335 6.884929e-07 1.6075944e-06 1.9520948e-08
0.4741872 0.000181687 0.0015304937 0.053080305 1.5609494e-06 0.5885362 0.9899449 0.8394117 0.13156532 0.00012055286 0.9717897 1.0872418e-13 0.0075992774 0.976898 0.0737246 0.8394103 2.1405033e-07 1.5330903e-07 0.12527937 0.063793175 0.0878155 0.06497396 0.0051874067 0.061189763 3.0327178e-07 4.9849514e-05 6.5529384e-05 6.7309134e-07 0.02651092 0.27686802 0.021988772 0.09589209 0.037843715 3.9788323e-05 0.004001835 0.0020270867 0.00015465733 0.015246214 2.674439e-06 0.009511458 0.0013445162 3.6448324e-05 1.2683943e-06 0.00020556564 0.043941796 9.1140016e-08 0.005920635 3.8559515e-06 8.871462e-09 5.3756482e-11 0.00035390374 9.963586e-07 7.472287e-07 0.0023667547 0.00046869364 0.0013728144 0.00019965494 4.488491e-05 1.8024844e-05 2.1161872e-05 0.024334587 1.8352808e-06 0.00064633816 5.6311333e-09 5.2141477e-06 1.7520057e-06 8.560511e-07 8.836063e-06 0.0005735984 2.986372e-05 8.9037085e-06 6.169119e-06 4.2358633e-06 0.00050559547 4.04197e-06 8.6917044e-07 0.00027538536 7.53298e-08 4.925252e-06 5.5880217e-05 2.3176083e-08 1.8968194e-06 1.9785795e-05 6.2392432e-06 6.0320854e-05 0.00038940777 2.1305728e-05 0.0007557885 1.37078205e-05 1.7093725e-09 4.4676504e-05 4.168605e-08 1.6106496e-06 4.3279945e-07 2.0609572e-09 1.0000528e-05 1.3506899e-07 3.0793457e-05 1.7411257e-06 1.7203068e-07 1.555322e-08
0.8545504 0.55271494 0.6085961 0.21787629 0.37780204 0.3358695 0.013609482 0.03753449 0.99428624 0.83661187 0.116481476 0.0075992774 6.5077045e-13 0.025679803 0.9838587 0.0050636805 0.024990637 0.0005885804 3.095047e-05 8.539466e-05 0.0043962267 7.633977e-06 1.123299e-06 0.0004581821 0.00080469734 0.0009332805 0.0030965025 0.0009905746 0.8417531 0.065901265 1.9782266e-05 0.20271434 0.32738364 0.5414296 2.8807659e-05 1.5952279e-05 3.680587e-07 0.0037933264 0.0028444303 2.4852328e-05 1.5241997e-06 5.3891153e-08 0.000764278 1.1674758e-06 0.15260403 7.031989e-08 0.006326701 0.00015692571 6.8506984e-06 7.441385e-08 1.6477574e-06 8.1387425e-06 0.00016629361 4.4670247e-05 0.005127189 0.17800626 0.00034162294 1.041753e-06 9.0997936e-08 3.5125852e-06 0.0002016881 0.00013935531 0.001628816 4.1282835e-08 1.3061593e-07 0.0022433419 0.00029543665 9.1030176e-07 3.8017225e-07 7.104636e-06 2.961345e-06 8.733998e-07 0.007338328 0.013049189 8.2201005e-08 9.1962995e-08 0.011826768 0.00020481227 0.0009289144 4.8137445e-05 1.05378e-05 0.0007115289 8.746168e-07 0.0007172209 5.0919584e-06 0.02598692 0.0012708341 0.011333958 7.588392e-06 9.977055e-10 0.00013311447 2.1920211e-08 8.0118855e-07 0.00017622107 4.3057985e-06 0.0022981996 2.365714e-08 0.00018488552 1.02997994e-07 1.5163516e-06 9.227566e-10
0.55445856 0.00022973085 0.00078205916 0.32156104 3.2624088e-05 0.2709023 0.883718 0.9966099 0.07873762 0.0012607556 0.40830022 0.976898 0.025679803 3.1004967e-13 0.05624138 0.9083499 2.7659294e-06 3.7283075e-07 0.015551925 0.0036774192 0.014064009 0.018733995 0.0009828748 0.15680164 7.3252277e-06 4.943508e-05 4.8274218e-05 2.098858e-05 0.031816892 0.7485626 0.0541503 0.033338226 0.02413976 0.00016857973 0.0009060364 0.0011398172 9.239882e-05 0.0026919087 2.1526552e-05 0.03554204 0.0135844825 3.5664496e-05 5.8617778e-05 0.0001528628 0.01901362 9.1100345e-09 0.0019194825 2.8635042e-05 2.2155297e-07 3.5571163e-10 0.0002911519 4.9851843e-07 4.594065e-07 0.0010092473 0.00061313465 0.001302141 0.00013050532 5.0616138e-05 1.893298e-05 6.706843e-06 0.019649446 1.012467e-06 0.00036593372 1.4392245e-09 1.3520555e-06 7.6221254e-06 2.232735e-06 2.0222496e-05 0.00024791076 6.4855967e-06 7.914653e-06 1.1335022e-05 4.867752e-05 0.00030197986 2.9757763e-05 2.4270848e-06 9.6127966e-05 3.1346377e-07 6.6890475e-06 1.849045e-05 2.3526235e-07 2.7077369e-05 8.962205e-05 1.9844108e-05 0.00045595248 0.0005226756 2.8195695e-05 0.00022949942 3.899396e-06 2.8202143e-09 7.345974e-05 4.7837528e-08 3.068588e-06 1.6150826e-06 6.3743627e-10 1.3931072e-05 9.036697e-08 7.8075056e-05 2.7589401e-06 2.9457121e-08 7.838376e-09
0.9682702 0.013838976 0.051742073 0.0085266745 0.010348445 0.44949648 0.027263187 0.026051234 0.9135362 0.29299992 0.59994745 0.0737246 0.9838587 0.05624138 1.4373851e-11 0.05308514 0.0020295172 3.2895427e-05 0.0022361309 0.0073036114 0.08705107 0.0009061521 0.00041651528 0.0034301283 9.527313e-06 9.386822e-05 0.00017080634 3.607698e-05 0.95581853 0.046151824 0.00059463305 0.8910779 0.8971276 0.07983328 0.00046183885 0.00071068894 2.1086991e-05 0.108464554 0.00017880832 0.00059368566 7.087093e-05 1.0990069e-06 7.9769525e-05 1.0992757e-05 0.8227338 9.348554e-06 0.033834327 2.8879205e-05 4.476793e-06 2.846826e-09 2.0793235e-05 1.3636947e-06 0.00031012206 0.0005722925 0.015623256 0.23649791 0.0028455248 7.545854e-05 1.1658526e-06 0.00011604395 0.011836546 1.8149853e-05 0.011011131 3.0182953e-08 3.225823e-06 0.0009563671 0.00014553104 6.5232684e-06 7.221203e-05 1.3627423e-05 2.9515377e-05 3.5143944e-06 0.005477724 0.07780565 6.4537016e-07 6.2970156e-07 0.05347574 0.00010479959 0.0011142732 0.00021999191 4.08395e-07 0.0006133233 9.597184e-06 0.00087016786 0.00017986508 0.05398092 0.0006658206 0.06039902 9.590642e-06 6.71403e-08 0.0004921611 1.5470665e-07 1.3005133e-06 7.1439106e-05 1.4027326e-05 0.0013189422 4.3300687e-08 0.00011736897 9.288475e-07 1.7173316e-07 1.0355206e-08
0.8737671 4.2412476e-06 0.00017322566 0.00018527791 8.3275e-07 0.13530701 0.11815807 0.047092076 0.032378506 2.7075277e-05 0.76392055 0.8394103 0.0050636805 0.9083499 0.05308514 2.1619682e-15 1.3783884e-08 5.71938e-07 0.9267668 0.59294003 0.58197993 0.9405755 0.63296825 0.9852166 4.470374e-07 2.1637106e-06 3.6221772e-07 9.086192e-07 0.02282524 0.8582512 0.8794052 0.3508709 0.071806796 2.6988246e-05 0.09713494 0.0655529 0.029020697 0.1226 1.3935914e-06 0.554985 0.05493018 0.0019009513 1.7751785e-06 0.011041526 0.16208279 5.3827666e-08 0.06253041 5.2706434e-07 3.188344e-08 2.1806036e-08 0.025989061 2.8304061e-08 3.558974e-07 0.042571552 0.013875206 0.0024855863 0.002854275 0.00045028696 0.00010150716 0.00065680675 0.4795079 4.9956026e-07 0.0054646507 1.2917137e-08 1.3041183e-05 9.065121e-06 1.960442e-06 3.4589968e-05 0.0052182567 0.000454179 8.628269e-05 0.00010828809 6.262615e-05 0.00063578744 2.1754804e-05 9.884848e-06 0.0027012916 2.521624e-05 2.0288368e-05 0.00046079617 1.5711072e-07 7.10534e-06 7.6023825e-05 3.1446834e-05 0.0007290715 0.0015144541 1.2538819e-05 0.0030782593 2.5988174e-05 7.1247463e-10 0.0008038793 6.1697807e-07 1.4779737e-05 4.2311655e-07 1.0754276e-10 6.547892e-05 5.461787e-09 0.00019810234 4.446345e-06 7.9529946e-07 1.0155364e-08
0.121062934 0.023430841 0.00034998954 0.0004930095 0.40311003 1.4015103e-05 7.415287e-06 2.040273e-05 0.0006542349 0.71879536 3.0403137e-07 2.1405033e-07 0.024990637 2.7659294e-06 0.0020295172 1.3783884e-08 1.4839545e-15 0.99905384 1.4274526e-07 1.8514126e-07 3.822829e-06 2.665754e-09 2.5783779e-08 4.291622e-08 0.12144529 0.17020603 0.13756636 0.9946165 0.028664233 2.687872e-05 6.629067e-08 0.00014335378 0.0023482717 0.5480378 1.6635864e-08 4.8195596e-07 4.056758e-09 7.329172e-07 0.32642052 3.373067e-07 3.173238e-08 3.7069534e-09 0.25465432 6.561637e-09 0.00032867785 5.5117475e-09 4.8893753e-06 0.3602602 0.00039006362 1.0734962e-06 5.186647e-08 0.00018435274 0.0050565866 1.7166201e-08 9.706308e-05 0.006654029 2.1575343e-05 2.4219544e-06 1.0601742e-08 1.9263123e-07 2.990372e-06 0.026471063 0.00011051206 4.3815183e-07 1.8473076e-08 0.041524198 0.040548857 6.4221677e-09 1.1330251e-06 1.3010435e-07 6.01875e-08 1.5376848e-09 0.013849948 0.0051075025 1.0078519e-09 2.7124132e-08 3.3056822e-05 0.0050238 0.013981637 3.346374e-07 0.0006907231 0.010803414 1.7997474e-08 0.006814343 4.356438e-06 0.007021393 0.0071208626 0.0003720478 3.61577e-08 2.952742e-09 2.1120783e-05 5.1157787e-08 1.8545352e-07 0.0050363066 1.3462855e-05 0.004764806 2.4352935e-09 4.2470474e-06 1.2095814e-09 2.967634e-07 1.1594157e-09
0.0019073624 0.010340129 9.4431736e-05 0.0003142125 0.111582875 1.2431036e-06 3.717215e-06 3.3869328e-06 1.3467054e-05 0.17133424 4.101972e-07 1.5330903e-07 0.0005885804 3.7283075e-07 3.2895427e-05 5.71938e-07 0.99905384 4.9217595e-15 2.928035e-07 2.7780726e-07 2.0436896e-06 2.856206e-07 9.366227e-07 4.793162e-07 0.99999297 0.016361231 0.005171805 0.042613596 0.00047646943 1.4463493e-05 3.197748e-08 3.0102724e-06 2.0941654e-05 0.006336746 3.1946342e-07 1.1434055e-06 2.9465596e-07 3.178767e-07 0.0028304998 1.119731e-06 1.0265394e-08 3.9989828e-07 0.0023667908 1.1828853e-07 6.1033847e-06 2.5851488e-08 1.0028285e-06 0.0026961698 7.3071395e-05 5.9080054e-07 5.0136837e-08 9.108394e-05 0.00013874371 8.4884505e-07 3.430889e-06 6.0767354e-05 6.9956326e-07 1.7304485e-06 1.5076401e-07 3.2610836e-07 1.1196925e-06 0.00013977497 1.0156951e-06 2.2277598e-08 7.367154e-07 0.00046603364 0.0019045032 3.985628e-06 1.8948296e-07 8.107213e-08 2.0507766e-06 8.9307645e-07 3.3022567e-05 1.9884385e-05 1.7329e-07 1.8341506e-06 1.2671563e-06 0.0004269175 0.00022500941 4.099241e-06 7.646206e-05 0.00033217692 6.9090686e-07 7.842931e-05 4.588743e-06 5.7515044e-05 4.5856345e-05 8.4357924e-07 1.2431657e-07 3.2475642e-09 4.7870753e-06 3.2114148e-08 9.433379e-07 8.441508e-05 2.3342027e-06 0.000107963584 3.0184606e-09 2.3839689e-06 1.5599329e-06 2.5949365e-07 1.1067737e-09
0.893076 7.729047e-06 1.5299953e-05 1.7000782e-05 2.2850558e-07 0.014844053 0.004157509 0.00047300552 0.001179313 5.8548194e-06 0.6076979 0.12527937 3.095047e-05 0.015551925 0.0022361309 0.9267668 1.4274526e-07 2.928035e-07 2.7018807e-11 0.9919061 0.6589096 0.957798 0.9352189 0.48977283 2.699205e-07 6.9410595e-07 1.0687411e-06 3.2542147e-07 0.002190934 0.34638038 0.8314315 0.11240379 0.0065895757 1.881135e-05 0.4310271 0.23784803 0.14928731 0.20453691 6.967954e-07 0.20117062 0.0006415267 0.03520794 2.1586693e-06 0.1256696 0.17787623 0.0065966863 0.3131364 2.0800472e-07 6.315408e-08 4.3633874e-09 0.06976168 8.961415e-08 3.405311e-05 0.31264284 0.15033226 0.00097047625 0.019062381 0.00076139125 0.0012892138 0.00074538146 0.42937 1.067139e-06 0.041872997 2.542508e-08 7.679398e-05 4.0057348e-05 6.619606e-07 0.00018130189 0.10301487 0.0006511664 0.00024830358 0.0001242447 6.8400666e-05 0.0010133596 7.0262555e-05 1.1416627e-05 0.0066726743 8.306683e-06 2.5018267e-05 0.00045886927 4.4402253e-08 3.4924284e-05 5.5006e-05 8.048242e-06 0.0068711457 0.00044383382 9.816691e-06 0.0052111503 2.9918141e-05 5.791875e-08 0.00083670137 0.00013330058 2.1262035e-06 1.1710465e-06 1.7700552e-07 6.43027e-05 3.9393615e-07 0.0004036635 2.9833388e-06 2.6807515e-06 1.306228e-07
0.9300291 1.8039763e-06 1.8040855e-05 5.937232e-06 9.5509556e-08 0.009724171 0.0021964915 0.00016684309 0.003851336 3.852191e-06 0.5245533 0.063793175 8.539466e-05 0.0036774192 0.0073036114 0.59294003 1.8514126e-07 2.7780726e-07 0.9919061 5.213453e-13 0.98902035 0.7675964 0.7269064 0.15158981 4.992368e-07 2.7816756e-07 2.89971e-07 6.142692e-07 0.0041623055 0.042338885 0.35677743 0.3870466 0.019523006 2.2857426e-05 0.66133386 0.52334315 0.10824355 0.5606195 3.6352787e-07 0.041762892 0.00012652834 0.0115066245 3.508917e-07 0.039185256 0.35165516 0.011284847 0.46304893 1.402362e-07 4.7443347e-08 3.8758983e-09 0.0142672 4.7635126e-08 2.8805214e-05 0.10510573 0.2869681 0.0025781116 0.06288877 0.0019910042 0.0008297496 0.0024698586 0.116381355 4.7656593e-07 0.11685287 1.3161055e-08 5.4468743e-05 9.381828e-05 2.118583e-06 7.8016776e-05 0.028009728 0.00018980482 0.00016106699 7.9228965e-05 0.00012548098 0.0024070137 5.047976e-05 1.3074904e-05 0.02095795 3.5866655e-05 8.2673316e-05 0.0014027961 3.4235708e-08 5.760892e-05 3.748594e-05 5.8409354e-05 0.002798416 0.0016871315 2.9678322e-05 0.014139528 1.1612581e-05 1.17641434e-07 0.0020127115 3.937822e-05 2.2950182e-06 1.817995e-06 1.3312989e-07 0.0002548198 6.813997e-07 0.0006639019 2.5968761e-06 2.1816918e-06 4.2256826e-08
0.9628791 9.148735e-05 0.00046685818 0.00012906906 2.2572458e-05 0.11926554 0.004114437 0.0010703303 0.03208543 0.00018817229 0.78651345 0.0878155 0.0043962267 0.014064009 0.08705107 0.58197993 3.822829e-06 2.0436896e-06 0.6589096 0.98902035 2.6062779e-09 0.42660537 0.4426657 0.12935188 3.7564777e-07 5.1758557e-06 5.02248e-06 2.1673745e-06 0.020672483 0.07747509 0.14419168 0.8707164 0.13708541 0.00026839183 0.30626813 0.32499152 0.052337456 0.97102726 4.6901223e-06 0.03281232 0.00022795702 0.009647517 5.4424218e-06 0.024207376 0.76210874 0.009837503 0.7506393 2.1810033e-06 3.170777e-07 3.4733606e-08 0.009328245 2.3059647e-07 0.00016335459 0.071490385 0.32074252 0.009335227 0.06148293 0.0024709434 0.0013063564 0.0021850695 0.12540558 6.522883e-06 0.22435799 4.5577725e-08 0.00026840233 0.0003421474 9.686801e-06 0.00024781268 0.013488366 0.00012360014 0.00046559298 0.00019037767 0.0004906972 0.009746506 0.00012538563 8.03488e-05 0.0753029 9.5817326e-05 0.0006256485 0.0020262015 3.1727646e-07 0.0002577931 0.0001946518 0.0002793286 0.0037303336 0.004793202 0.00015547304 0.050012004 5.65975e-05 6.2755225e-07 0.0028025582 6.710238e-05 1.1223561e-05 1.0420506e-05 2.4227998e-06 0.0007135695 1.0376301e-06 0.0006380969 1.21459725e-05 5.428196e-07 3.8620877e-07
0.9279799 2.6384505e-06 3.1912375e-06 7.505194e-06 1.2523044e-07 0.001407842 0.001324597 0.0004429957 0.00015370014 1.9687811e-06 0.16690764 0.06497396 7.633977e-06 0.018733995 0.0009061521 0.9405755 2.665754e-09 2.856206e-07 0.957798 0.7675964 0.42660537 7.360246e-12 0.9796806 0.73442477 2.8397787e-07 3.1550374e-07 1.4582771e-07 1.6051455e-07 0.001072606 0.23373498 0.9554804 0.049890622 0.0024469201 1.20455e-05 0.58377445 0.48001784 0.53026485 0.14568864 5.508931e-07 0.44359246 0.004349655 0.09201261 7.0356487e-07 0.5395887 0.054065168 0.001671928 0.25282648 2.0322372e-07 2.957811e-08 4.862412e-09 0.32700628 2.9459425e-08 6.1313167e-06 0.60238 0.15614647 0.0004344243 0.026915757 0.0038384215 0.010241151 0.004147532 0.5071694 2.4874404e-07 0.038158167 3.864046e-08 0.000117748576 4.8786765e-06 3.5857522e-07 0.00023224743 0.2247899 0.002727253 0.001038754 0.000103222745 9.485817e-06 0.00068630377 0.00010881823 7.526026e-05 0.004294401 6.019417e-06 2.5896277e-06 0.0020042022 1.5952542e-08 9.3514345e-06 0.00027031818 1.8925731e-06 0.031216832 0.00017030959 9.150189e-06 0.004352825 7.537123e-05 2.9412672e-07 0.0031529986 0.00068930374 9.600204e-06 4.4566377e-07 3.6293887e-08 5.2095897e-06 1.3032385e-06 0.0011877491 8.2681545e-06 2.5318002e-05 1.1498912e-06
0.9756376 4.0802283e-07 1.2201449e-06 9.637195e-07 5.4490325e-08 0.00011423146 9.1938404e-05 3.909e-05 9.531751e-05 5.1676705e-07 0.03839143 0.0051874067 1.123299e-06 0.0009828748 0.00041651528 0.63296825 2.5783779e-08 9.366227e-07 0.9352189 0.7269064 0.4426657 0.9796806 1.3899359e-12 0.37106588 5.525842e-07 9.3421725e-08 1.6965942e-07 1.9403156e-07 0.00045299914 0.117347814 0.8271259 0.035490982 0.0008178623 5.7284257e-07 0.8584694 0.6444299 0.79442304 0.20505638 9.879145e-08 0.22586463 0.00015875492 0.25882208 7.180329e-07 0.639296 0.06983818 0.025255889 0.3846493 1.7431283e-07 1.2853808e-07 2.7058906e-09 0.32183042 8.7994565e-08 1.1293055e-06 0.75704587 0.34536976 0.00032067267 0.08028213 0.0071098865 0.021973558 0.009319918 0.48624536 6.9720514e-08 0.070268154 8.810755e-09 0.00023834617 8.774155e-07 1.5946604e-07 0.00031799547 0.25815746 0.0012914964 0.00066467165 0.000366278 1.123486e-05 0.000723283 0.00060589204 6.907568e-05 0.0050021075 1.21929e-06 3.2228556e-06 0.0044051576 1.232834e-09 1.0832185e-06 0.00027914433 1.3162701e-06 0.04234014 0.00028573733 8.684975e-07 0.0050285887 8.314773e-05 1.7666396e-06 0.008222818 0.0014546332 7.4868353e-06 1.0980236e-07 5.5983232e-08 1.5265368e-05 1.3555007e-05 0.0022595546 8.514691e-06 5.110472e-05 6.6541684e-06
0.67846155 1.2467787e-05 4.017055e-05 4.1560717e-05 7.311074e-06 0.003208138 0.0020903377 0.0034701878 0.0012139935 0.00022834953 0.062922604 0.061189763 0.0004581821 0.15680164 0.0034301283 0.9852166 4.291622e-08 4.793162e-07 0.48977283 0.15158981 0.12935188 0.73442477 0.37106588 5.9297363e-15 1.191632e-05 2.386307e-06 2.5244296e-07 3.1903915e-06 0.0018142229 0.8888292 0.99043345 0.022923661 0.0024243705 1.7367318e-05 0.036562625 0.012532061 0.054105025 0.00969156 6.820537e-07 0.7743911 0.12921165 0.006259998 2.9725243e-06 0.006897604 0.009060766 7.202186e-07 0.0068617943 1.3227393e-06 4.9959095e-08 4.120503e-08 0.09842795 6.955078e-08 3.60364e-07 0.053318467 0.0017536759 0.00018884138 0.00042517832 0.00016809939 0.00020325463 0.00029036135 0.34809595 4.1558656e-07 0.0005233947 1.3560462e-07 1.6195627e-05 1.839469e-06 2.97986e-07 1.0902333e-05 0.008606048 0.00067825185 8.593098e-05 0.00017033037 9.587505e-06 8.8610796e-05 4.3502703e-05 1.9048292e-05 0.0003756799 1.5985737e-05 4.698019e-06 4.6831115e-05 2.5561093e-07 8.8744497e-07 5.5548182e-05 5.8539704e-06 0.002719896 0.00019339212 8.149094e-06 0.0008711883 8.640183e-05 9.827322e-10 0.00019746706 5.1891107e-06 2.3435989e-05 5.068294e-07 1.2953941e-09 3.671854e-05 6.928491e-08 0.000118840835 1.9090428e-05 7.816207e-05 1.7615697e-07
0.003986066 0.008882859 0.00025741916 0.000271824 0.02429872 2.356498e-06 1.752976e-05 4.215916e-05 1.8752064e-05 0.038864817 1.6317622e-07 3.0327178e-07 0.00080469734 7.3252277e-06 9.527313e-06 4.470374e-07 0.12144529 0.99999297 2.699205e-07 4.992368e-07 3.7564777e-07 2.8397787e-07 5.525842e-07 1.191632e-05 1.1249609e-15 0.036982812 0.037950605 0.33181497 0.00092754315 0.0003700972 9.078989e-08 5.8978644e-06 9.469696e-05 0.0033713083 3.9449557e-07 4.980817e-07 1.3228428e-06 6.2547366e-07 0.008286571 3.4623925e-05 7.388811e-07 1.3888747e-06 0.03584022 2.1798856e-07 2.8879326e-06 1.4314884e-08 5.2255173e-06 0.044801705 0.9971205 0.7940564 3.4344652e-07 0.001733107 0.0007334766 0.00023534326 5.1636755e-05 3.0684812e-05 2.8226743e-05 1.112589e-05 4.5151373e-06 2.7904676e-07 1.2788589e-05 0.0015961508 5.1694504e-05 1.5971184e-05 1.964591e-06 0.0006600418 0.019010002 4.229316e-06 2.1077933e-06 1.132811e-08 3.3800113e-06 1.6215863e-06 0.0002363013 6.1131104e-05 4.6073264e-06 4.81469e-09 2.473808e-06 0.0019211408 0.00031413397 4.6803057e-06 0.00011170411 0.0014814022 9.3099004e-07 0.0003707345 2.3752013e-05 0.00021985179 0.00021729356 5.694655e-05 1.7826923e-06 6.750851e-10 3.0382704e-05 6.40689e-08 1.5156157e-06 0.00020215064 3.8023516e-06 0.00033574924 3.0694306e-08 9.584035e-07 5.5155464e-08 4.6284674e-09 3.6995706e-10
0.6067591 0.0005845717 0.00035676008 4.8441252e-05 0.0132329855 3.529334e-06 7.249324e-06 7.095045e-05 4.3585213e-05 0.21176103 2.289944e-06 4.9849514e-05 0.0009332805 4.943508e-05 9.386822e-05 2.1637106e-06 0.17020603 0.016361231 6.9410595e-07 2.7816756e-07 5.1758557e-06 3.1550374e-07 9.3421725e-08 2.386307e-06 0.036982812 1.7592156e-13 0.9974466 0.99977195 0.0036316672 1.1151076e-05 4.1561748e-07 3.9911647e-05 0.00017151133 0.23400722 1.12655016e-07 7.268201e-08 4.415043e-08 1.5601308e-06 0.40765706 6.3578927e-06 3.248249e-07 2.1822595e-08 0.5439082 4.2184175e-07 7.254667e-05 7.0294554e-08 6.4366295e-06 0.23475717 0.000705322 2.0399634e-07 3.9858392e-07 0.003399844 0.051414978 3.8645694e-06 1.8798135e-05 0.008538464 1.5250954e-06 6.019982e-07 1.5852547e-07 6.161854e-07 4.7493195e-06 0.10185785 1.4555193e-05 3.358403e-06 1.6290039e-07 0.08267531 0.118727855 1.2153619e-07 8.399251e-07 4.820358e-06 2.1761061e-06 5.736659e-07 0.023773553 0.0016911943 1.3237847e-07 1.4223446e-07 0.00011916916 0.027002156 0.026785156 2.4233036e-06 0.0028264534 0.048679434 9.933827e-08 0.031792983 2.2135011e-06 0.007243668 0.041110512 0.00068734266 2.943202e-06 7.9742407e-10 2.907239e-05 8.632947e-08 5.517146e-06 0.011877893 5.4749766e-05 0.014717093 6.4283604e-08 5.472254e-06 3.149398e-07 1.6441737e-06 4.0797494e-09
0.9867764 0.0007691275 0.00059543207 0.00022138686 0.026021162 1.2426726e-05 2.0565085e-05 0.0005284435 0.0001558501 0.56297404 3.998115e-06 6.5529384e-05 0.0030965025 4.8274218e-05 0.00017080634 3.6221772e-07 0.13756636 0.005171805 1.0687411e-06 2.89971e-07 5.02248e-06 1.4582771e-07 1.6965942e-07 2.5244296e-07 0.037950605 0.9974466 2.1458384e-12 0.49666145 0.012607526 6.8052404e-06 2.3398459e-06 0.00011584602 0.00069065095 0.6274767 2.6631474e-07 1.059912e-07 2.1339043e-08 7.6204824e-06 0.8292279 1.8791117e-06 1.7727323e-06 8.453172e-09 0.90648127 2.9755107e-08 0.0009526268 2.7109303e-07 3.8410926e-05 0.50807583 0.00021851713 4.3365515e-07 4.1311905e-06 0.008954098 0.2656561 2.1555947e-07 9.723392e-05 0.07116266 2.4698454e-06 6.9016994e-07 2.1507146e-08 1.3450682e-06 7.496598e-07 0.3357084 8.728503e-05 1.4756765e-05 1.3120784e-07 0.4116254 0.25181085 3.9637436e-07 1.1294875e-06 3.195122e-05 1.8262247e-06 1.3890727e-07 0.24658588 0.01468888 1.830528e-08 1.4334209e-07 0.0006169682 0.07661719 0.20903565 2.1441513e-06 0.008893925 0.46377623 2.645012e-07 0.33862224 7.95677e-06 0.14558426 0.3954323 0.0040775756 1.3970991e-06 4.111773e-08 1.9757492e-05 6.238524e-08 2.2083277e-07 0.06977609 0.0009360102 0.12553248 1.882077e-07 4.41237e-06 3.9027398e-08 1.9859415e-06 1.8472327e-09
0.22549537 0.0005808512 3.9771974e-05 3.747631e-06 0.013750368 1.7822929e-06 3.4729437e-06 2.0977255e-05 7.983864e-05 0.32631034 1.4232565e-07 6.7309134e-07 0.0009905746 2.098858e-05 3.607698e-05 9.086192e-07 0.9946165 0.042613596 3.2542147e-07 6.142692e-07 2.1673745e-06 1.6051455e-07 1.9403156e-07 3.1903915e-06 0.33181497 0.99977195 0.49666145 6.7069792e-15 0.004145859 1.7542561e-06 1.7699323e-07 5.702918e-06 0.00014574091 0.03497821 1.829023e-07 1.2676729e-07 4.815785e-08 2.488719e-07 0.18975496 1.2359524e-05 5.1498955e-07 1.3406665e-08 0.6570506 1.2366898e-08 1.3406417e-05 3.888496e-08 1.4904957e-06 0.62910545 0.01252759 1.1689873e-05 4.5111985e-08 0.22832751 0.10322593 1.4654864e-05 1.4746445e-06 0.000379259 4.293251e-08 9.8593425e-08 1.5894138e-08 8.066181e-09 9.735505e-08 0.029000057 2.6730353e-07 6.5100656e-05 1.07441636e-07 0.016280187 0.29384038 8.6522556e-07 1.5977482e-08 1.3176133e-07 1.2479873e-07 1.9646153e-08 0.0021529344 0.000100982776 9.8102095e-09 2.121461e-09 1.4182627e-06 0.04297576 0.0088424375 4.1654264e-08 0.0030171187 0.021716617 3.2999978e-08 0.00478161 1.2268161e-07 0.0010442177 0.0067220074 3.308476e-05 4.6351665e-06 1.7529314e-10 1.95402e-07 5.769069e-10 1.0135432e-06 0.005336225 0.0005104997 0.0022297793 5.7897185e-09 6.331752e-08 1.2369329e-08 1.0977215e-08 6.9970553e-12
0.9494553 0.019587152 0.068897076 0.011090065 0.037974626 0.28885704 0.009421818 0.012138319 0.44283998 0.5884488 0.32210544 0.02651092 0.8417531 0.031816892 0.95581853 0.02282524 0.028664233 0.00047646943 0.002190934 0.0041623055 0.020672483 0.001072606 0.00045299914 0.0018142229 0.00092754315 0.0036316672 0.012607526 0.004145859 7.360177e-12 0.02607015 0.00028932618 0.45225185 0.9884868 0.924539 0.00045362258 0.00023573478 3.2732853e-05 0.00678073 0.042076442 0.00016386168 1.521394e-06 1.3413336e-05 0.008455802 7.870211e-05 0.52314734 2.2086419e-05 0.0021166012 0.00087654195 0.000103441715 4.271054e-07 5.269752e-06 0.00036707596 0.01103913 4.5564713e-05 0.0016985356 0.9121062 0.00041315038 3.345733e-05 4.0267837e-06 1.3092747e-05 0.0008977822 0.0020101056 0.0052431165 1.7429024e-07 2.9316016e-06 0.06013546 0.0012499142 3.59449e-05 2.234327e-05 1.1870349e-05 1.2134383e-05 3.0490025e-06 0.082639456 0.28200254 2.9372266e-06 9.431643e-07 0.11899858 0.00082893495 0.01228241 0.00014143217 4.693601e-05 0.0019289737 1.1684784e-06 0.0085343495 0.00039612196 0.17482275 0.008449273 0.088221624 3.316416e-06 9.659382e-10 0.00021944457 3.3795618e-07 1.0763399e-06 0.0015445672 0.0004789293 0.007592888 1.6695688e-08 0.00031551957 1.4960088e-07 6.9546395e-08 2.1148987e-10
0.9412778 0.0010878675 0.004862591 0.023249751 0.00019664096 0.10258027 0.05149432 0.0438054 0.033446558 0.0020151602 0.2979182 0.27686802 0.065901265 0.7485626 0.046151824 0.8582512 2.687872e-05 1.4463493e-05 0.34638038 0.042338885 0.07747509 0.23373498 0.117347814 0.8888292 0.0003700972 1.1151076e-05 6.8052404e-06 1.7542561e-06 0.02607015 7.917528e-14 0.044027254 0.03481816 0.008222705 0.00024864599 0.002480871 0.0033352075 0.00036247968 0.0006770046 1.1952799e-05 0.49971217 0.99988276 8.351886e-05 2.3726857e-07 0.005415151 0.00306064 1.1947046e-10 7.151933e-05 1.0586817e-05 5.8406675e-07 9.92627e-08 0.00096018985 8.526705e-07 3.19862e-08 0.0033497573 1.0073678e-05 0.0064339694 2.6238726e-07 9.029529e-08 2.055232e-05 3.06218e-08 0.014833921 3.4314873e-08 1.1501867e-07 3.865594e-08 8.290954e-07 3.3277583e-06 9.292586e-07 2.8720152e-07 0.0004532135 0.00032387456 9.3532975e-08 3.1271582e-05 2.4255844e-05 0.00023191146 5.521647e-06 2.7487437e-07 0.00029244897 2.7837586e-05 5.5416797e-07 4.736015e-07 7.970744e-06 2.13416e-05 3.5901578e-06 2.484599e-06 0.0007137872 0.0063012056 6.7930305e-06 0.0007904123 4.532969e-08 4.9862392e-11 9.377963e-07 7.6400426e-08 9.812961e-07 5.229677e-07 3.6257493e-08 7.2588637e-06 1.1546839e-09 6.7107335e-06 4.973365e-05 1.1267731e-06 7.9575315e-09
