4.7980525e-16 0.9934562 0.9885973 0.93212175 0.9111039 0.94148004 0.8379807 0.917735 0.9913347 0.9388751 0.9851335 0.8918382 0.934583 0.7935871 0.2842513 0.9706736 0.35467988 0.94288003 0.9843801 0.96192497 0.8662516 0.20643479 0.044658884 0.5058741 0.77176505 0.28786936 0.06787149 0.9276864 0.91011703 0.98663425 0.07715354 0.06887736 0.88504666 0.96942854 0.8498828 0.97254163 0.9845728 0.25932643 0.94077057 0.231358 9.974625e-05 0.9223124 0.9851949 0.009425952 0.8401829 0.7090057 0.00014566047 0.60128325 0.6671377 0.7769564 0.83201504 0.14054596 0.9393414 0.9349437 0.3333531 6.438426e-05 0.7310099 0.8917226 0.96007645 0.7546964 0.2378228 0.93909013 0.8512808 0.83212554 0.00013908709 0.93909186 0.011920702 0.8510564 0.9825845 0.7525674 0.33065784 0.0010141471 0.8944416 0.036705695 0.9905492 0.9993227 0.9309596 0.0008360597 0.96851426 0.89010715 0.022002574 0.816705 0.51312315 0.28271258 0.1361994 0.35712034 0.9877822 0.9031329 0.06649483 0.0025647257 0.99538183 0.98299956 0.0680583 0.9994886 0.86110306 0.84595996 0.95294225 0.99996865 0.016663527 0.9996987 2.8594815e-05
0.9934562 2.1624467e-15 0.23558944 0.27368635 0.009700553 0.79278517 0.5974019 0.0020082202 0.7798052 0.9847026 0.42408687 0.046114016 0.053345334 0.0014501876 0.26467443 0.018327547 0.0009907688 0.006083624 0.0022050631 0.06507267 7.01477e-06 0.00019395063 4.0488274e-05 7.5214757e-07 0.7662987 0.00022699726 0.00015269409 0.6472053 0.00011452662 0.6018013 2.569269e-06 0.01564639 0.7753759 0.2597432 0.0055454946 0.00011213254 4.710291e-05 1.7632017e-05 3.0132092e-05 0.01884789 1.4053368e-05 0.0001510355 0.027181229 4.1778924e-07 0.048968893 9.336036e-06 1.09247516e-07 0.0010830546 3.7698805e-06 0.35781065 0.017149882 0.0039707227 0.00016518467 6.372203e-05 0.16232444 3.5773205e-08 0.72419477 0.11618028 5.0800263e-06 0.05840549 0.013749449 0.04350076 2.3691664e-06 0.0009042207 6.567171e-09 0.00047595424 0.05358047 0.00021392187 0.00088053127 3.9253882e-07 8.6455856e-08 8.8636185e-08 9.8380315e-06 0.044739556 0.0030246621 0.0130576715 0.0669088 0.00071147043 7.710373e-05 0.03249894 0.00019047192 0.005693732 3.6575334e-06 0.00013639184 3.8053462e-05 1.6766277e-06 2.6174698e-07 0.010069948 1.0168179e-07 0.028373986 0.012342647 9.123281e-06 2.4396115e-06 0.0011755817 0.014667792 1.06607956e-07 7.0487585e-09 0.0004713133 5.1516827e-07 0.018758943 2.242887e-06
0.9885973 0.23558944 4.563154e-13 0.942202 0.6952703 0.878115 0.04910645 0.59997696 0.007459696 0.54552466 0.7982313 0.00013778878 0.00010687747 0.6646476 0.8698394 2.8165086e-05 0.5597148 1.2509973e-05 0.36128974 0.00015730887 0.016649667 0.02613051 0.0005257963 0.00030143233 0.43125477 1.4220884e-05 0.0028801218 0.030638635 4.410927e-06 0.020643858 0.00020538889 0.43339455 0.71578443 0.0027762838 0.08247273 2.275602e-06 2.75203e-07 0.00022042471 0.0009519478 4.360896e-05 0.00046354235 2.3157054e-07 0.00034055277 5.6187446e-06 0.00025733694 0.53593916 2.2329862e-06 0.009457972 7.7523866e-05 0.01816295 0.095472746 6.223262e-05 1.5153946e-06 6.9582455e-07 0.7757643 3.0183313e-07 0.42034972 0.00959384 4.5247347e-07 0.20080619 4.2182204e-05 0.04760374 2.0543912e-07 0.002794987 1.8295151e-07 1.9508946e-06 0.021571478 0.0014246274 4.8200338e-05 6.509845e-08 1.3554301e-06 6.1765064e-08 3.5434394e-07 0.00043913428 0.018110061 0.025146445 0.008409881 6.3510806e-06 1.9665633e-06 0.0029214008 1.7652536e-06 0.0006985659 3.1484822e-07 4.215645e-06 6.431463e-06 4.3604797e-07 1.7557883e-07 0.0032290816 4.1543635e-09 0.0019244342 0.0021775484 5.036464e-05 7.652056e-07 0.00023891969 0.001657745 2.5128916e-08 4.464034e-09 0.0010048626 2.0768184e-07 0.0043635587 4.6395297e-07
0.93212175 0.27368635 0.942202 1.3674645e-14 0.87063897 0.6392254 0.016813274 0.59967893 0.004447117 0.2712498 0.5821709 0.00012979176 8.795409e-05 0.87761253 0.96513426 5.8315127e-05 0.83667433 2.483051e-05 0.24160647 0.00014984944 0.04950419 0.17788069 0.005076755 0.0010970619 0.32729787 1.6569695e-06 0.06515254 0.017156081 4.41706e-06 0.014013401 0.0028092212 0.47789618 0.2917383 0.0014133522 0.058913544 4.504617e-06 2.5632693e-07 0.00035279526 0.0008792357 3.280439e-05 0.0037486162 7.48282e-07 0.00056549936 2.2405706e-05 0.00046355693 0.60848045 8.686e-06 0.015427683 0.0002254188 0.0024965915 0.069903135 4.423449e-05 2.5390314e-06 2.5546317e-06 0.48776633 1.9971158e-07 0.12155595 0.0018399268 3.8970586e-07 0.10826567 9.664027e-06 0.020456193 1.8658801e-07 0.0031993892 1.2688382e-08 6.221496e-06 0.010154082 0.0028538806 3.959267e-05 6.717309e-08 2.3320877e-07 9.815132e-09 2.7718986e-07 8.408685e-05 0.014549401 0.011947869 0.001880329 2.2109652e-06 1.8881707e-06 0.00093385304 1.4101719e-06 0.0006992811 6.258486e-08 8.191798e-07 3.522273e-06 3.962999e-07 1.8086462e-08 0.0019570042 1.4141502e-08 0.0007641719 0.0017592909 6.5271015e-06 1.3100486e-06 0.0001300336 0.0005802671 8.257185e-08 4.9202353e-09 0.00048927456 6.998045e-08 0.002134201 6.9684084e-08
0.9111039 0.009700553 0.6952703 0.87063897 1.9774187e-13 0.2821912 0.009068529 0.98326886 0.00012789888 0.01918305 0.4042708 7.885338e-06 3.7474665e-06 0.96550465 0.78464663 8.3147006e-07 0.69780743 3.20343e-07 0.61005473 5.24729e-06 0.578144 0.52004737 0.021927744 0.030316977 0.032280456 1.1209602e-07 0.09437633 0.00091900286 5.209483e-07 0.0011749491 0.011162222 0.18349527 0.056397043 6.817592e-05 0.08716236 5.2312936e-07 3.212156e-08 0.0031967573 0.0046176934 3.112006e-07 0.00062736595 7.189693e-08 5.2095224e-05 0.00032397866 2.6898926e-05 0.4926188 5.982946e-05 0.030962316 0.00014916732 5.489286e-05 0.087165706 1.818392e-06 2.3035338e-07 1.3108928e-07 0.4012842 3.355162e-07 0.009079783 0.00032122544 2.6017696e-08 0.05625492 4.845054e-07 0.009558674 6.455625e-08 0.0050562974 8.3234234e-08 7.597943e-08 0.00020978587 0.0031398556 2.967211e-06 1.1726691e-08 8.331846e-07 6.1337616e-08 1.214946e-07 1.6382713e-06 0.026995093 0.016917378 0.0005587358 6.590501e-08 2.9549142e-07 0.0006965911 7.898064e-08 0.00018308268 2.6132382e-08 1.1529279e-07 9.0668027e-07 5.5534406e-07 3.1428137e-08 0.0006057494 1.9588961e-10 1.7690749e-05 0.00015675536 3.540795e-05 3.0707264e-07 3.3229528e-05 0.00018982185 7.531223e-09 6.8838593e-09 0.00082355906 9.3227825e-09 0.0010944405 6.440101e-09
0.94148004 0.79278517 0.878115 0.6392254 0.2821912 3.1204274e-15 0.94518673 0.52561724 0.095295504 0.67762905 0.9833325 0.0016813027 0.0053175096 0.09892028 0.2372042 0.00088186614 0.033608835 6.405464e-05 0.26751757 0.0024326954 0.02090728 0.018386781 0.0002496415 0.0009899358 0.29108104 6.667473e-05 0.003142372 0.24077003 1.3835386e-05 0.111016914 0.000102867896 0.040586524 0.4464503 0.027220242 0.38536626 2.737513e-05 9.395096e-07 0.0012077714 0.0017485982 0.00018893254 2.506309e-05 3.4761842e-06 0.0039186864 5.0375736e-05 0.0010672796 0.0069094314 3.771317e-07 0.023454543 0.00020553467 0.020479992 0.099992655 4.7085978e-05 1.0098446e-05 4.986014e-06 0.2950254 1.6611205e-07 0.21203063 0.056765236 5.619884e-07 0.26337898 6.9934526e-05 0.19502813 1.4408569e-06 0.003381693 3.6681314e-08 5.9097047e-06 0.0036028777 0.0032707718 0.00024158112 1.4136182e-07 3.3909082e-06 1.03616316e-07 1.0496973e-06 0.0007009019 0.023115005 0.08710403 0.022661643 4.649223e-06 1.8701183e-05 0.017174065 2.0672171e-07 0.004769714 1.8371676e-07 3.627067e-06 5.916728e-07 6.4884335e-07 1.5575596e-07 0.007816904 3.2223222e-09 0.0005537248 0.011568462 7.8017365e-05 5.4527966e-08 0.0011433419 0.006742115 7.823286e-10 1.484749e-09 0.0021243352 3.5301113e-08 0.01327236 1.1067579e-07
0.8379807 0.5974019 0.04910645 0.016813274 0.009068529 0.94518673 1.3349141e-17 0.0075192177 0.016907113 0.0023658068 0.7313739 0.22568026 0.55987716 5.3865955e-07 1.9938436e-06 0.0122633595 6.5853715e-07 0.013349307 0.0065542175 0.00061092834 3.6088556e-06 4.0130935e-06 1.9072012e-07 1.8276384e-07 0.00020011816 0.006300223 1.8267777e-07 0.9780161 0.009227226 0.9303148 5.1742656e-08 4.325587e-08 9.242187e-06 0.90167284 0.11982843 0.0069883815 8.9015875e-06 0.00038492042 0.00023131573 8.859131e-06 1.2318742e-10 3.6932096e-07 0.163258 2.1224492e-08 2.6608194e-07 9.898318e-10 2.0182027e-08 0.008700404 5.4123548e-06 1.3697627e-07 0.028796753 1.44736285e-08 0.00064448913 6.170922e-07 2.898655e-06 8.7111424e-10 4.569951e-06 0.26370254 3.1306804e-08 0.08430444 2.7159958e-08 0.16153559 1.9002831e-06 0.0005840047 1.5747695e-08 4.707998e-08 1.6186492e-08 8.143653e-05 0.003981319 9.3502834e-08 5.1501206e-07 1.1219905e-08 0.00011448982 4.2064077e-08 0.002478595 0.022646213 0.041174963 3.1270921e-09 1.5202329e-07 0.15586343 2.4527385e-08 0.103464514 2.2725469e-07 1.0278933e-08 3.4509569e-07 5.3210323e-07 8.367559e-07 0.015918588 3.2713878e-09 7.2720636e-06 0.024325022 1.3579474e-05 5.047487e-08 0.0076059806 0.016251504 1.0018821e-08 8.207876e-09 0.001131077 5.9094987e-09 0.0061205653 2.643283e-10
0.917735 0.0020082202 0.59997696 0.59967893 0.98326886 0.52561724 0.0075192177 5.5158374e-13 3.4899414e-05 0.0054387776 0.4545561 5.856338e-06 4.909247e-06 0.6506244 0.23162338 8.082848e-08 0.21394281 4.1157357e-08 0.9914459 3.9696755e-07 0.806541 0.4496064 0.026923357 0.11708143 0.0030242861 3.059245e-07 0.038366366 0.0027725596 1.535074e-07 0.002271288 0.01024996 0.017348837 0.011396189 0.000116215066 0.31778955 1.4591855e-07 4.4134327e-09 0.031799853 0.033313897 4.674034e-08 8.414405e-05 6.3739405e-09 2.5231877e-05 0.0046791076 2.6089654e-06 0.21693102 0.00022465992 0.12520796 0.0017800643 3.1678892e-06 0.17332591 8.714762e-07 3.0389222e-07 8.071735e-09 0.10949471 2.193544e-06 0.00082056236 0.0009504465 5.7657936e-09 0.10089523 1.0780827e-07 0.013543457 1.7381975e-08 0.011334287 1.9356148e-06 1.1734454e-08 5.474329e-05 0.01033109 9.56576e-06 4.3177044e-09 8.567106e-06 8.9188654e-07 1.9444687e-07 7.556497e-07 0.123418994 0.0415461 0.0022207452 3.043175e-08 8.42602e-08 0.0006981054 3.1352098e-08 0.000318725 6.399892e-08 5.6020294e-08 8.841584e-06 5.1355397e-07 6.59572e-08 0.0008906134 1.07081205e-10 4.6386026e-06 0.00025277774 0.00033952866 2.1176277e-06 0.00015166367 0.0011805858 2.393928e-09 3.862094e-08 0.0034487974 9.219034e-10 0.0015829141 3.12574e-08
0.9913347 0.7798052 0.007459696 0.004447117 0.00012789888 0.095295504 0.016907113 3.4899414e-05 6.025256e-14 0.7645178 0.030578023 0.70520955 0.62193906 3.9718605e-05 0.011434907 0.7803048 7.3929565e-05 0.26644352 0.00014386202 0.87150335 7.712042e-07 1.7925864e-05 9.045027e-06 1.2873694e-07 0.8850437 0.0018549749 0.00014517202 0.5744265 0.0075459373 0.4608406 2.6338773e-06 0.0013253905 0.7571677 0.5899901 0.0007934549 0.0035364705 0.0034827034 5.214968e-06 3.212976e-05 0.65559465 1.0581007e-06 0.006860312 0.17511652 9.135339e-08 0.77883124 2.4701658e-06 8.319936e-07 0.00059849577 2.2059778e-06 0.96354824 0.0034305735 0.1276383 0.0017218146 0.0013840401 0.0018296916 9.762323e-07 0.8318808 0.056983963 0.0002835637 0.006620459 0.39572716 0.00532673 6.889502e-05 0.00025678976 1.5931812e-07 0.016830215 0.025939899 0.00023253089 0.0019555704 4.937602e-06 5.597915e-07 1.2987203e-07 7.616628e-05 0.31028378 0.0007191569 0.00063302886 0.0641693 0.027884254 0.00036579906 0.030591885 0.0066533475 0.004293205 3.4360687e-06 0.0014372751 0.000110733396 7.3633782e-06 2.46289e-06 0.0084673045 8.780176e-08 0.13088451 0.00443625 2.9187247e-06 4.524543e-06 0.0031014646 0.0049430584 1.2493699e-07 3.0524763e-08 0.00012382526 9.0799296e-07 0.0031368027 5.4831697e-05
0.9388751 0.9847026 0.54552466 0.2712498 0.01918305 0.67762905 0.0023658068 0.0054387776 0.7645178 3.713368e-15 0.3065566 0.05924989 0.040235914 0.00063490524 0.5930989 0.05901753 0.0011433052 0.016660396 0.0029968086 0.060104676 3.4915408e-06 3.659126e-05 2.1387159e-05 1.7297967e-06 0.963685 3.398691e-06 8.501567e-05 0.22058608 0.00041607322 0.20534088 1.341796e-06 0.07270498 0.84808016 0.04236578 0.0019624163 0.00018675653 6.1666105e-05 1.6587397e-05 5.0019524e-05 0.004363734 0.00021271875 6.1114835e-05 0.008447805 1.1403465e-08 0.012561885 0.000499394 7.808298e-08 0.0009848363 2.0668464e-05 0.3982725 0.0046850266 0.0021789868 8.915763e-05 0.0001304976 0.34324238 5.41035e-07 0.8075707 0.017960448 3.6115518e-06 0.013054629 0.007195867 0.0045500165 1.3963553e-05 0.0005597999 2.7212847e-08 0.00014145901 0.118870914 0.00014558158 0.0007045157 4.7636786e-07 7.453299e-07 3.74144e-09 1.02171225e-05 0.03894623 0.0021912516 0.0021216222 0.012530076 0.00039195217 1.6839678e-05 0.0064055277 9.873801e-05 0.0021989627 6.4432743e-06 3.208016e-05 7.115631e-05 2.2375075e-06 1.9865893e-06 0.0053185094 1.2837165e-08 0.08068114 0.004548264 6.3227344e-05 2.915035e-05 0.0011628657 0.0057516918 1.7578122e-07 1.3889456e-07 0.00071613555 1.5849903e-07 0.0041838842 2.2965685e-06
0.9851335 0.42408687 0.7982313 0.5821709 0.4042708 0.9833325 0.7313739 0.4545561 0.030578023 0.3065566 1.6813822e-13 0.00035981118 0.00070317724 0.09728462 0.11993521 0.00013027043 0.024823723 1.8100243e-05 0.39221182 0.0006432154 0.08848573 0.018096171 0.0004728454 0.0032119453 0.15289204 1.1488646e-05 0.0029846907 0.11572147 5.3405824e-06 0.09570902 0.00020851985 0.031719435 0.2485208 0.012823255 0.8267148 1.2553021e-05 5.3102144e-07 0.0033182355 0.0059021018 7.766797e-06 2.902178e-05 8.0114654e-07 0.0020674577 0.00016767175 0.00024748276 0.0066744904 1.87445e-05 0.11077537 0.0010136265 0.0052598086 0.46136367 3.4846133e-05 7.121235e-06 4.961195e-07 0.16804735 3.5818712e-06 0.07233636 0.113138676 5.5340195e-08 0.73064595 3.542257e-05 0.60246384 3.0500658e-07 0.0068748496 1.5733901e-06 1.9481022e-06 0.0011293143 0.0041163247 0.00031403243 1.2005407e-07 3.4198656e-05 6.896038e-06 2.4414642e-06 0.0006194803 0.06794782 0.40156803 0.07612735 2.3708003e-06 1.0452694e-05 0.043176852 4.6245452e-07 0.0088869 1.1966193e-06 7.320898e-06 4.470227e-06 5.65105e-07 4.026582e-07 0.013598942 2.3120741e-10 0.0006977819 0.017578295 0.0007136532 1.1815155e-07 0.0020834503 0.015111931 3.68328e-09 1.21487e-08 0.013791466 6.8633966e-08 0.02158134 8.923775e-07
0.8918382 0.046114016 0.00013778878 0.00012979176 7.885338e-06 0.0016813027 0.22568026 5.856338e-06 0.70520955 0.05924989 0.00035981118 1.0361185e-13 0.9896999 2.3977382e-06 1.9505422e-05 0.93977994 2.9317835e-06 0.94548 3.4007095e-05 0.67258865 1.0701731e-06 1.1193807e-06 8.654327e-07 3.02722e-08 0.024648383 0.79126245 1.0792471e-05 0.24918856 0.06748398 0.108642235 8.1163876e-08 9.722924e-06 0.020551436 0.6477358 0.00022263521 0.020728609 0.076582626 3.4629525e-06 2.0378197e-06 0.47996727 6.6781155e-08 0.052477285 0.43605548 5.8554077e-09 0.3245428 1.152359e-08 4.097069e-09 9.596437e-05 2.1108599e-07 0.15692997 0.000307202 0.050990574 0.0015114472 0.0086158 4.8686e-06 4.4515716e-08 0.048061937 0.050009083 0.00060570834 0.0013446059 0.051934004 0.0037297702 0.0006746093 2.2018341e-05 1.4400334e-07 0.06464442 7.462461e-05 1.7751107e-06 0.004825809 3.5671124e-05 2.2648337e-07 5.129458e-08 0.00012659545 0.010756638 0.0001446044 0.000501456 0.05761564 0.0018670845 0.0066577485 0.097612634 0.007573792 0.018082 1.3616186e-05 0.006704654 1.6054548e-05 5.237926e-06 9.915656e-06 0.012652769 2.3637738e-05 0.0009849922 0.016345933 4.9852935e-07 1.4838446e-07 0.008384052 0.0033068773 1.8918007e-08 1.7428684e-08 6.09543e-05 2.0590153e-06 0.0030838435 2.1063515e-05
0.934583 0.053345334 0.00010687747 8.795409e-05 3.7474665e-06 0.0053175096 0.55987716 4.909247e-06 0.62193906 0.040235914 0.00070317724 0.9896999 7.806819e-13 6.9260864e-06 6.381672e-05 0.744634 6.102959e-06 0.74965066 2.628035e-05 0.56210935 7.9510613e-07 5.3685203e-06 1.0488988e-06 2.3205589e-08 0.03798063 0.56601244 6.068245e-05 0.6961407 0.100288324 0.26277494 1.3170555e-07 8.617464e-05 0.017379325 0.95308244 0.00088423485 0.04747247 0.037424542 1.3479156e-05 5.6476583e-06 0.39076474 2.2563223e-07 0.039700404 0.7935905 7.192998e-08 0.22736518 7.577532e-09 1.2821144e-07 0.0004573574 8.578736e-07 0.10036482 0.0013068074 0.044138994 0.0022433621 0.0055431556 1.5207194e-06 7.229271e-07 0.029475216 0.14890224 0.00072610343 0.0041089845 0.03376732 0.0076905307 0.0007828729 7.9948055e-05 1.5570065e-06 0.050776042 9.5297335e-05 6.689239e-06 0.011064719 6.6893066e-05 1.5003587e-06 9.696834e-07 0.00022421878 0.009622846 0.00013817908 0.00065525924 0.12505266 0.0011603599 0.005868443 0.29517075 0.0068804636 0.077913076 6.6263365e-06 0.0061694426 9.7097894e-05 1.0344709e-05 1.5624588e-05 0.04818908 6.063484e-05 0.0006369679 0.05771651 2.249961e-06 1.4487922e-06 0.019362353 0.0076035 7.826951e-08 1.3033447e-07 0.00023466528 1.5494741e-06 0.0054373774 3.421105e-05
0.7935871 0.0014501876 0.6646476 0.87761253 0.96550465 0.09892028 5.3865955e-07 0.6506244 3.9718605e-05 0.00063490524 0.09728462 2.3977382e-06 6.9260864e-06 5.2408623e-16 0.63485473 1.3104598e-06 0.9816651 1.7496939e-07 0.362462 3.0468227e-06 0.12773019 0.6803757 0.06345979 0.013620668 0.0055773333 5.953053e-09 0.8835646 0.00011784395 3.4624868e-06 0.00010284935 0.054785654 0.11029726 0.002696022 1.9974073e-05 0.038743757 1.569745e-06 1.0378241e-08 0.010899876 0.019868976 5.4714837e-09 0.005859291 1.6993965e-08 1.2361293e-05 0.00031169204 1.3752476e-06 0.8577296 0.0016270516 0.036575906 0.0050732074 2.224847e-06 0.031367157 1.2539399e-06 5.0527007e-07 1.4164806e-07 0.10645542 6.20523e-06 0.00017236151 7.891579e-05 7.219687e-09 0.006170511 8.36314e-07 0.00030954793 6.3884514e-08 0.006257106 3.16367e-07 6.157944e-08 0.00013033928 0.005827921 1.9719333e-05 6.2662355e-09 1.32480545e-05 7.2525074e-07 6.014653e-08 5.216543e-07 0.021186829 0.0026329395 0.00033852167 1.3079699e-08 6.7230516e-08 2.1251992e-05 7.176444e-08 2.4130331e-05 2.162931e-06 1.0694853e-06 4.7641215e-06 2.8338135e-07 4.4629214e-08 0.00021673476 9.447527e-10 6.6072636e-07 1.1160801e-05 0.0004591142 1.1994415e-06 0.00022198327 0.00015243526 1.9234145e-08 1.0279251e-07 0.0047364426 2.3697637e-09 8.153632e-05 4.6238084e-09
0.2842513 0.26467443 0.8698394 0.96513426 0.78464663 0.2372042 1.9938436e-06 0.23162338 0.011434907 0.5930989 0.11993521 1.9505422e-05 6.381672e-05 0.63485473 4.815499e-20 0.00023317333 0.95795053 2.314842e-05 0.026334079 8.7836735e-05 0.00027825288 0.023124075 0.0006546733 5.2245134e-05 0.091547504 1.6283515e-07 0.07337938 0.0024848657 1.3801715e-05 0.0010340656 0.00071556994 0.88461536 0.14410342 0.00021293003 0.008406312 2.062411e-06 2.1408471e-08 0.0001482052 0.00021057179 1.06553884e-07 0.08726313 1.5989747e-07 0.00014026824 1.15087805e-05 1.225243e-06 0.031229548 0.00016685408 0.0026473945 1.9189307e-05 1.0061081e-05 0.0046586017 1.5144346e-07 9.824535e-07 6.91394e-09 0.010977279 2.0761008e-06 0.004766394 0.0011586432 4.2877253e-09 0.0039618034 1.2579609e-06 0.00012248388 2.2706283e-08 6.0162914e-05 3.6648217e-07 3.2721897e-07 0.00076024665 7.8537014e-05 0.00015794714 1.3162981e-09 5.493171e-07 1.5259465e-08 4.806969e-07 9.0309203e-07 0.0018410906 0.00038862182 0.00026594 1.489944e-08 5.504438e-08 4.3419393e-05 3.6138272e-07 7.813282e-06 1.4695773e-07 1.6500012e-08 8.323626e-07 2.0970292e-09 1.0279241e-09 8.529854e-05 1.9710994e-10 0.000543185 1.3391786e-05 3.982462e-05 5.6405285e-09 0.0006057976 0.00019923403 1.3871413e-07 7.195927e-10 0.00086405966 2.0783342e-09 0.00034645377 1.4607908e-09
0.9706736 0.018327547 2.8165086e-05 5.8315127e-05 8.3147006e-07 0.00088186614 0.0122633595 8.082848e-08 0.7803048 0.05901753 0.00013027043 0.93977994 0.744634 1.3104598e-06 0.00023317333 2.3950636e-14 7.2677713e-06 0.9748193 2.521676e-06 0.9637587 2.3103173e-08 1.696765e-06 9.3464627e-07 5.710273e-09 0.08411575 0.26246285 2.8229166e-05 0.1621672 0.0362249 0.07529471 1.3083044e-06 0.00029404808 0.04739555 0.5265875 0.00014939866 0.019386323 0.111907855 1.574133e-06 1.2573041e-07 0.8792342 1.4757413e-07 0.29558706 0.4206419 1.9902282e-08 0.7520523 6.280645e-08 3.7865632e-08 0.00010222108 7.989686e-08 0.44939822 0.00030487613 0.20291106 0.0018716501 0.009771275 3.193352e-05 2.2550617e-07 0.09875017 0.038937893 0.0005494285 0.0011053579 0.230811 0.0011100292 0.0005113446 1.2291643e-05 3.9609057e-07 0.30470273 0.00038314593 2.3552734e-06 0.0051475507 1.9569667e-05 5.8694216e-08 6.6489086e-08 0.00016620467 0.062063277 4.2925414e-05 0.00024986235 0.04977852 0.0062319594 0.017027272 0.05182991 0.027730014 0.0079017915 9.285468e-06 0.0258348 0.00015393953 7.3204087e-06 3.8340163e-06 0.009633391 0.00037208683 0.0031469394 0.00879687 1.3576067e-07 4.3051725e-07 0.0052430565 0.0016526108 7.313354e-08 9.83689e-09 3.720909e-05 9.183304e-06 0.002043421 3.795861e-05
0.35467988 0.0009907688 0.5597148 0.83667433 0.69780743 0.033608835 6.5853715e-07 0.21394281 7.3929565e-05 0.0011433052 0.024823723 2.9317835e-06 6.102959e-06 0.9816651 0.95795053 7.2677713e-06 4.31126e-17 1.0319233e-06 0.099839434 2.6157938e-06 0.0041608354 0.031997442 0.001909235 0.00051532045 0.045422833 1.7280755e-08 0.16128267 0.00012862755 3.2325797e-06 6.997428e-05 0.0049699163 0.5360076 0.008544146 3.4562632e-05 0.004327329 4.2655447e-06 1.3364698e-07 0.0003745489 0.0009779562 2.1936494e-07 0.024273422 8.958628e-08 6.188644e-05 6.221706e-05 4.5663132e-06 0.9727234 0.0005806449 0.0033500004 0.00013987097 9.049013e-06 0.0032706787 1.5247464e-06 6.0764506e-07 2.9636348e-07 0.4227925 2.0644038e-05 0.0014802088 2.401103e-05 2.6733526e-08 0.0011027502 4.9246296e-07 0.00014519528 1.1068064e-07 0.0005553762 3.3358451e-06 1.4859631e-07 0.0005298393 0.00092904066 2.2912884e-05 9.5398445e-09 9.452463e-05 2.2665354e-06 3.1774228e-08 3.0559338e-06 0.0025410247 0.0009971795 0.00038031282 4.9375448e-08 2.0200926e-07 3.1923322e-05 6.524948e-08 4.026225e-05 8.453014e-08 3.2244006e-07 1.5634014e-06 1.9945386e-07 2.5296895e-08 0.00014236523 1.2215676e-10 0.00010529458 1.8620458e-05 0.0001392688 5.378864e-07 0.00025883387 4.5049415e-05 3.5590453e-09 1.1340843e-08 0.0015860791 2.7665794e-09 0.00011062721 4.920622e-08
0.94288003 0.006083624 1.2509973e-05 2.483051e-05 3.20343e-07 6.405464e-05 0.013349307 4.1157357e-08 0.26644352 0.016660396 1.8100243e-05 0.94548 0.74965066 1.7496939e-07 2.314842e-05 0.9748193 1.0319233e-06 4.8898894e-15 1.8081599e-06 0.70322144 7.915629e-09 2.2984779e-07 3.737806e-07 3.618707e-09 0.02793138 0.94807595 6.2050526e-06 0.088955745 0.26953086 0.02157941 5.7922616e-08 1.6468173e-05 0.026054813 0.39563128 5.6841833e-05 0.24407648 0.7011952 5.074051e-08 2.133346e-07 0.7479541 5.194666e-08 0.5305465 0.6106057 8.4949964e-10 0.54282355 1.20779085e-08 3.5286485e-09 1.4019528e-05 8.699557e-09 0.2035499 0.00016251953 0.19802842 0.01441015 0.09054563 2.352979e-06 1.6991122e-07 0.026483266 0.034431834 0.0146535225 0.00054972625 0.111902945 0.00064323284 0.00849139 1.976455e-06 1.3244313e-07 0.50434095 7.895734e-05 3.5930913e-07 0.02280187 0.00020920187 1.4450575e-07 7.82068e-09 0.00074052974 0.018235527 1.7455573e-05 0.00019791143 0.021426883 0.004427845 0.10817674 0.06122951 0.025444927 0.023448175 8.361537e-05 0.09697775 0.00017993887 7.575135e-05 6.568543e-05 0.02195723 0.001374182 0.0009068157 0.017704828 6.687804e-08 1.3790275e-06 0.01942628 0.003349074 4.656222e-07 4.71821e-08 4.1478044e-05 0.00015415534 0.0042656427 7.64819e-05
0.9843801 0.0022050631 0.36128974 0.24160647 0.61005473 0.26751757 0.0065542175 0.9914459 0.00014386202 0.0029968086 0.39221182 3.4007095e-05 2.628035e-05 0.362462 0.026334079 2.521676e-06 0.099839434 1.8081599e-06 1.0096672e-11 8.990107e-06 0.92155784 0.22609751 0.049282726 0.26441705 0.0029532255 2.2544007e-06 0.05736193 0.0012187809 7.379121e-07 0.0022273024 0.04167179 0.0041226125 0.0045449035 0.00012738835 0.89662343 8.334381e-07 8.128441e-08 0.11388586 0.3039825 2.2247812e-06 3.742265e-05 2.1043275e-07 4.914074e-05 0.024368128 5.728983e-05 0.13645287 0.0005162998 0.59757584 0.02983115 2.5206842e-05 0.42084894 2.4643728e-06 1.0138053e-06 6.771773e-07 0.018249724 2.6581058e-05 0.00064107624 0.0039127185 8.559771e-08 0.25024107 2.3615857e-07 0.04312458 3.3189775e-07 0.07629716 1.2602585e-05 2.8152166e-07 2.8537852e-05 0.04182004 5.7015564e-05 2.5045562e-08 3.722066e-05 3.4244101e-06 5.2139235e-06 3.225008e-06 0.6731941 0.32662702 0.0059870216 2.3169072e-07 4.647685e-06 0.0031869498 3.073246e-07 0.0008119709 6.8457115e-07 1.1321814e-06 1.666022e-06 6.98422e-07 9.5315505e-07 0.0033098506 4.4567265e-09 0.00010391116 0.0017724062 0.0010649076 3.2141909e-06 0.0005712281 0.0042574033 6.766431e-08 1.3131887e-07 0.033833142 8.768478e-08 0.011940774 1.16400564e-07
0.96192497 0.06507267 0.00015730887 0.00014984944 5.24729e-06 0.0024326954 0.00061092834 3.9696755e-07 0.87150335 0.060104676 0.0006432154 0.67258865 0.56210935 3.0468227e-06 8.7836735e-05 0.9637587 2.6157938e-06 0.70322144 8.990107e-06 1.3323705e-13 1.9610964e-08 1.9830725e-06 2.411939e-06 7.802503e-09 0.14993842 0.0064351326 2.060142e-05 0.10223774 0.038890038 0.052703712 1.5535794e-07 7.0729e-05 0.1092763 0.28775984 0.00014918197 0.01182326 0.0687488 3.766978e-07 5.6884994e-07 0.9613907 2.394131e-07 0.1760463 0.1738843 4.311656e-09 0.96019864 2.5249616e-07 1.4319713e-07 0.00018903149 9.1641176e-08 0.79470676 0.00035403203 0.552894 0.0020404179 0.010856429 0.00010285661 1.3810364e-07 0.18636039 0.018540602 0.0014388425 0.0009054818 0.5687214 0.0011559981 0.0008628796 2.3987068e-05 2.1219851e-07 0.38857514 0.0019482564 7.276253e-06 0.0031154985 3.7500213e-05 4.7827155e-07 5.4139445e-08 0.00014999941 0.20750377 4.996322e-05 0.00011512267 0.017337196 0.044439428 0.013900272 0.012369082 0.08740682 0.003984819 1.6866132e-05 0.043279853 9.467943e-05 4.3954216e-05 1.052368e-05 0.004947072 3.064978e-05 0.026392302 0.004576666 5.5593335e-07 7.708803e-06 0.0031928604 0.0038242869 2.340059e-07 8.278569e-08 3.489712e-05 6.289093e-05 0.0028424805 0.00039849713
0.8662516 7.01477e-06 0.016649667 0.04950419 0.578144 0.02090728 3.6088556e-06 0.806541 7.712042e-07 3.4915408e-06 0.08848573 1.0701731e-06 7.9510613e-07 0.12773019 0.00027825288 2.3103173e-08 0.0041608354 7.915629e-09 0.92155784 1.9610964e-08 5.9085114e-15 0.91837066 0.83637357 0.99331975 4.4242675e-05 3.9226116e-09 0.06259193 4.584909e-05 2.0938847e-08 0.0002506848 0.18983594 0.00038185026 4.3697466e-05 4.5671495e-06 0.23818317 8.37778e-09 9.223039e-11 0.847446 0.5088438 4.1982965e-08 2.5289203e-06 8.7702257e-10 6.4158695e-07 0.08288571 7.966829e-08 0.051066536 0.028470963 0.5206129 0.20997308 2.1202737e-07 0.07472082 2.8940146e-08 6.285795e-09 8.344827e-10 0.0008780044 0.00012781462 7.662561e-06 0.00033948265 3.6957618e-10 0.029440854 6.467814e-08 0.001266426 2.9782572e-09 0.22025804 1.37129455e-05 1.3033627e-08 8.2407905e-06 0.2535655 9.886643e-07 6.0383604e-10 5.253772e-05 1.971391e-06 6.640224e-09 6.118069e-08 0.5742309 0.026396725 0.0021633105 2.9303855e-08 2.4318876e-08 7.151443e-05 1.4734006e-08 1.5215254e-05 1.2886744e-08 1.5336877e-08 1.27957e-07 2.0099817e-08 2.5087251e-08 3.4928147e-05 2.5039423e-10 6.612864e-08 0.00011184108 0.0061004288 1.7948743e-06 5.6236426e-05 0.0021437395 1.032536e-09 6.64907e-09 0.008456968 1.6366158e-10 0.0019579756 9.208051e-10
0.20643479 0.00019395063 0.02613051 0.17788069 0.52004737 0.018386781 4.0130935e-06 0.4496064 1.7925864e-05 3.659126e-05 0.018096171 1.1193807e-06 5.3685203e-06 0.6803757 0.023124075 1.696765e-06 0.031997442 2.2984779e-07 0.22609751 1.9830725e-06 0.91837066 3.116726e-16 0.99276364 0.36612186 0.0002352019 9.899436e-09 0.9791299 0.000107528824 3.2817886e-06 0.0007309244 0.92346853 0.0021310498 6.197905e-05 3.0231686e-05 0.013585959 3.591091e-07 2.2616037e-08 0.06366297 0.024472049 7.147525e-08 2.2487478e-05 9.288301e-08 3.6958895e-06 0.016434222 3.7653334e-07 0.10394136 0.043275062 0.06717281 0.013294884 3.2878802e-07 0.0039879023 2.7923443e-07 7.120882e-08 2.472862e-08 0.0014849928 9.395572e-05 2.4954714e-05 4.839942e-05 2.7509985e-09 0.0013684597 6.585714e-08 2.5402142e-05 9.067568e-08 0.009045488 8.706248e-07 1.5439985e-08 1.3731385e-05 0.0070639956 1.1029148e-06 5.1942175e-09 3.3435083e-06 6.5548824e-07 1.8928437e-08 6.771853e-08 0.019419821 0.0010092594 8.056456e-05 4.178841e-09 7.7292604e-08 1.2656991e-05 2.4497647e-08 3.7290813e-06 5.902731e-08 4.0335495e-09 1.085639e-07 9.518274e-08 1.1489884e-07 1.9237166e-05 6.6677996e-10 6.2990756e-07 5.219787e-05 0.00037798777 2.0992422e-07 2.3632036e-05 0.00055728166 6.320262e-09 1.6786979e-08 0.0009124631 2.5595892e-10 0.000380574 1.760855e-08
0.044658884 4.0488274e-05 0.0005257963 0.005076755 0.021927744 0.0002496415 1.9072012e-07 0.026923357 9.045027e-06 2.1387159e-05 0.0004728454 8.654327e-07 1.0488988e-06 0.06345979 0.0006546733 9.3464627e-07 0.001909235 3.737806e-07 0.049282726 2.411939e-06 0.83637357 0.99276364 3.0556825e-14 0.9830875 2.9669436e-05 1.2148793e-08 0.70826584 4.1902285e-06 8.7965924e-07 4.3812447e-06 0.9703049 0.0018375 0.00010293806 1.859674e-06 0.003223863 1.7029161e-07 3.2432437e-09 0.17236583 0.020404065 9.211924e-08 5.3868957e-06 3.9750054e-07 4.812432e-07 0.26172134 2.1970402e-06 0.013803467 0.4500774 0.034923926 0.033121996 2.3139745e-07 0.00074320094 5.308498e-07 1.1110573e-08 5.089547e-09 5.4093183e-05 0.005383504 2.065682e-05 5.0586723e-06 2.3865696e-09 0.00013837662 1.4575805e-07 5.2858686e-06 2.492541e-07 0.008599718 0.0001439382 1.1856727e-07 1.5947858e-06 0.008943077 5.1568986e-07 1.288785e-08 0.00011272827 4.8676877e-05 1.3144154e-07 1.6791776e-07 0.01215562 0.00012464834 2.7860253e-06 6.994318e-09 2.7334147e-07 6.1783035e-06 1.9028045e-07 1.507743e-06 4.2079886e-08 5.0805685e-08 1.4795559e-07 1.0927774e-07 1.3633286e-07 2.88766e-06 5.729365e-09 4.6419902e-07 1.309535e-06 0.00047935563 6.379442e-08 3.0849287e-06 2.8388908e-05 1.4713089e-07 4.845546e-08 0.00094202854 7.498654e-10 3.12334e-05 1.7612345e-08
0.5058741 7.5214757e-07 0.00030143233 0.0010970619 0.030316977 0.0009899358 1.8276384e-07 0.11708143 1.2873694e-07 1.7297967e-06 0.0032119453 3.02722e-08 2.3205589e-08 0.013620668 5.2245134e-05 5.710273e-09 0.00051532045 3.618707e-09 0.26441705 7.802503e-09 0.99331975 0.36612186 0.9830875 4.2683762e-14 3.255804e-05 2.5408005e-09 0.016247002 9.3067587e-07 1.0245658e-08 7.917948e-07 0.43530598 0.00010822335 8.492795e-06 8.797141e-08 0.016803145 9.068216e-10 1.9484066e-10 0.89930993 0.3860253 3.1097557e-08 3.6795905e-07 2.203569e-09 5.47979e-08 0.8729381 1.03923504e-07 0.006049919 0.19825412 0.22100468 0.24497609 1.2402526e-07 0.007042651 1.8579048e-08 1.2699731e-09 4.679062e-09 1.62196e-05 0.0067075095 3.1034008e-06 1.3985136e-06 1.7184897e-09 0.0018949095 7.2595284e-08 0.0001152668 1.5237651e-08 0.12809552 0.00055466796 2.0847391e-08 1.6597531e-06 0.17981906 4.194318e-08 1.2296495e-09 0.00033885048 3.9054674e-05 1.442839e-09 1.4981934e-07 0.29985902 0.000995361 9.6417225e-06 5.1701e-09 1.6042732e-07 3.720575e-07 2.6634568e-09 4.226459e-07 1.9576133e-08 1.2384815e-08 1.1846227e-07 6.367443e-08 4.0609635e-08 6.6038206e-06 7.8881957e-10 1.664368e-07 1.7377168e-06 0.0052279453 5.0701453e-07 4.807604e-06 8.563279e-05 1.5875777e-08 5.9025926e-09 0.004923517 6.285177e-11 0.00010311512 7.2833617e-10
0.77176505 0.7662987 0.43125477 0.32729787 0.032280456 0.29108104 0.00020011816 0.0030242861 0.8850437 0.963685 0.15289204 0.024648383 0.03798063 0.0055773333 0.091547504 0.08411575 0.045422833 0.02793138 0.0029532255 0.14993842 4.4242675e-05 0.0002352019 2.9669436e-05 3.255804e-05 2.6131653e-14 0.00013288653 0.0003619938 0.050207507 0.0056825737 0.034085464 9.759945e-06 0.9032761 0.976789 0.010959106 0.003356129 0.0020507504 0.0027137022 6.354555e-05 9.377695e-05 0.0069334223 0.08367109 0.0027238608 0.0047409413 8.884014e-08 0.04661369 0.0024758216 1.8302976e-06 0.00037595571 3.5174304e-05 0.5851519 0.0026151133 0.008294201 0.00031491776 8.0737154e-05 0.42432392 8.487361e-08 0.3705207 0.014254592 1.8899462e-05 0.01094963 0.042785298 0.0005164316 6.6292437e-06 6.2122767e-06 8.059995e-06 0.0017835802 0.15806393 1.6303577e-05 0.0013623649 1.244724e-06 8.8148903e-07 1.338715e-07 3.6093224e-05 0.053981766 0.00071491953 0.00036846643 0.005845946 0.0018396646 6.37069e-05 0.0025629175 0.0020580222 0.00073128525 5.640489e-06 8.209415e-06 1.3296266e-05 3.6258373e-07 1.7704976e-07 0.0015652911 4.5924508e-06 0.37690285 0.0011781418 0.00045005808 1.572442e-06 0.0026408737 0.0018955556 8.355623e-05 6.178958e-08 0.0024130389 4.2777696e-08 0.0046025557 3.6784743e-07
0.28786936 0.00022699726 1.4220884e-05 1.6569695e-06 1.1209602e-07 6.667473e-05 0.006300223 3.059245e-07 0.0018549749 3.398691e-06 1.1488646e-05 0.79126245 0.56601244 5.953053e-09 1.6283515e-07 0.26246285 1.7280755e-08 0.94807595 2.2544007e-06 0.0064351326 3.9226116e-09 9.899436e-09 1.2148793e-08 2.5408005e-09 0.00013288653 6.510101e-17 4.2652147e-08 0.08961977 0.99483347 0.010689977 1.7672848e-08 4.7346145e-09 2.988124e-07 0.32031408 0.0009284109 0.94475204 0.5103672 5.6889635e-06 5.911443e-07 0.0006666513 6.959074e-11 0.005005546 0.747924 2.7259625e-10 4.0904615e-06 2.4651223e-10 5.7068462e-08 2.0834603e-05 5.2037867e-09 7.7505334e-08 0.000110207475 1.1171242e-06 0.46060985 0.03469551 2.2842761e-07 9.500436e-10 1.6447241e-06 0.010316488 0.011422422 0.0007661227 1.8059362e-07 0.001505569 0.02131579 9.0149356e-08 1.3733761e-08 1.2468323e-05 7.868079e-09 5.9022893e-09 0.18975994 0.004782166 2.3753641e-07 2.7283409e-09 0.08511287 5.9329025e-08 3.7268485e-06 3.591485e-05 0.0026772146 2.6791257e-08 8.194073e-05 0.04685031 5.7473915e-07 0.1489575 0.00034855306 1.9899142e-07 0.001396254 0.00059569586 0.00025670798 0.020271577 3.1617546e-05 4.7584504e-06 0.009564547 6.578858e-08 2.1093005e-05 0.01653143 0.003406572 4.504503e-07 3.6595725e-07 1.671373e-05 1.02584316e-07 0.0012533249 1.4176556e-08
0.06787149 0.00015269409 0.0028801218 0.06515254 0.09437633 0.003142372 1.8267777e-07 0.038366366 0.00014517202 8.501567e-05 0.0029846907 1.0792471e-05 6.068245e-05 0.8835646 0.07337938 2.8229166e-05 0.16128267 6.2050526e-06 0.05736193 2.060142e-05 0.06259193 0.9791299 0.70826584 0.016247002 0.0003619938 4.2652147e-08 1.2356698e-14 7.776218e-06 2.0361987e-05 7.006536e-05 0.99891865 0.0031672427 0.0002037406 1.476924e-05 0.0045896075 3.4147668e-06 5.871706e-06 0.004274596 0.002179069 2.6367147e-08 0.0005307106 3.869198e-06 3.4634988e-05 0.0032656433 1.1055669e-05 0.62838095 0.039827395 0.009841186 0.0010121803 2.3961402e-06 0.0013378906 7.1973623e-06 4.1933504e-06 1.665864e-05 0.00304025 2.415712e-06 9.278471e-05 3.0029538e-05 2.2613472e-06 0.0005480632 2.5608174e-06 6.0507355e-05 4.3630857e-06 0.0011599644 1.6455571e-08 2.749521e-06 2.3867427e-05 0.0007249427 4.2360366e-06 8.2587685e-06 1.2434889e-06 1.2468524e-07 1.180937e-06 8.957104e-07 0.0026388783 0.0005464429 1.8788653e-05 1.2170622e-07 8.5947283e-07 3.7213136e-05 1.149457e-06 4.940772e-06 1.8469871e-06 1.4771613e-06 9.428626e-06 4.2395327e-06 7.5772226e-07 4.4303644e-05 7.562748e-09 3.7444904e-06 2.9857058e-05 1.7676635e-05 2.2687325e-06 5.783271e-06 0.00011537215 4.4495542e-07 8.845695e-09 0.00021148406 2.1063373e-09 4.9011192e-05 2.6548564e-08
0.9276864 0.6472053 0.030638635 0.017156081 0.00091900286 0.24077003 0.9780161 0.0027725596 0.5744265 0.22058608 0.11572147 0.24918856 0.6961407 0.00011784395 0.0024848657 0.1621672 0.00012862755 0.088955745 0.0012187809 0.10223774 4.584909e-05 0.000107528824 4.1902285e-06 9.3067587e-07 0.050207507 0.08961977 7.776218e-06 4.420378e-15 0.043715715 0.9774922 4.7991616e-06 0.00010533234 0.033632092 0.90890586 0.1704972 0.03113263 0.008088437 0.000117161406 0.00010424825 0.014926082 6.694338e-08 0.003597638 0.030781765 7.44607e-08 0.012470239 3.4366835e-07 7.062781e-09 0.005869492 3.5453543e-06 0.02009938 0.018830976 0.0011738094 0.0012984538 0.0021422252 2.3639044e-05 5.9032946e-08 0.033771716 0.89450663 0.00014656296 0.06297654 0.002279343 0.22175142 0.0014249984 0.00065156963 9.806342e-08 0.00088126975 0.00015955025 3.519447e-05 0.001464787 5.6843568e-05 2.45796e-08 3.7835797e-09 0.00025729765 0.0028829013 0.00073704746 0.011462978 0.20474201 0.00070684764 0.0007303945 0.34974524 2.9357327e-05 0.3147261 3.3004922e-06 0.00045020878 1.2444701e-06 3.9168328e-05 0.00012598747 0.05673574 2.1968002e-07 0.0003129666 0.06600766 1.665381e-07 1.4573304e-07 0.026174199 0.06503054 2.476983e-08 8.923289e-09 0.00040725994 2.7366306e-07 0.040361922 1.2548227e-06
0.91011703 0.00011452662 4.410927e-06 4.41706e-06 5.209483e-07 1.3835386e-05 0.009227226 1.535074e-07 0.0075459373 0.00041607322 5.3405824e-06 0.06748398 0.100288324 3.4624868e-06 1.3801715e-05 0.0362249 3.2325797e-06 0.26953086 7.379121e-07 0.038890038 2.0938847e-08 3.2817886e-06 8.7965924e-07 1.0245658e-08 0.0056825737 0.99483347 2.0361987e-05 0.043715715 7.0793116e-14 0.0015383476 1.0317374e-06 2.7341655e-05 0.002696 0.22897883 9.513769e-05 0.96127814 0.84792495 7.839782e-07 5.33838e-07 0.26985663 2.1817407e-07 0.4605355 0.9139447 2.7736489e-09 0.031649902 6.684395e-09 5.5358595e-07 3.3998665e-05 6.8713085e-08 0.0074459864 3.593935e-05 0.019336876 0.459427 0.3793927 7.589296e-08 4.6436728e-07 0.0017819277 0.024545955 0.20539509 0.00028427885 0.0063102446 0.00029075734 0.13301718 5.906735e-06 3.408131e-07 0.41976893 9.071503e-06 4.314338e-07 0.4293269 0.02164696 4.2384025e-07 4.399978e-08 0.056611873 0.00016496332 4.2987376e-06 3.3649834e-05 0.010984286 0.00024795337 0.39014524 0.07693206 0.0037788565 0.40861186 0.00035124426 0.18100305 0.0012105597 0.00033457667 0.00040920262 0.07066931 0.008921819 3.6594578e-05 0.042156912 1.09512264e-07 2.9581572e-05 0.25898117 0.0061051627 7.2496837e-06 2.5393506e-06 4.198695e-05 0.0033227117 0.005457383 0.00021376893
0.98663425 0.6018013 0.020643858 0.014013401 0.0011749491 0.111016914 0.9303148 0.002271288 0.4608406 0.20534088 0.09570902 0.108642235 0.26277494 0.00010284935 0.0010340656 0.07529471 6.997428e-05 0.02157941 0.0022273024 0.052703712 0.0002506848 0.0007309244 4.3812447e-06 7.917948e-07 0.034085464 0.010689977 7.006536e-05 0.9774922 0.0015383476 1.4634866e-14 1.8850122e-05 0.00030466894 0.038842067 0.30357817 0.32360226 0.001813429 0.00064765516 0.0005373727 0.00041187656 0.0035627289 2.4301363e-07 0.00070639944 0.0070790206 6.1925375e-06 0.006389915 2.1320882e-06 9.432686e-07 0.017830003 0.00011199724 0.018221246 0.12799215 0.000540043 0.0005003193 0.00019269658 7.350715e-06 3.4392094e-06 0.03349569 0.9083074 5.5393553e-05 0.39964193 0.002040849 0.72573847 3.75708e-05 0.0037276703 1.974908e-06 0.00014836827 0.00061738514 0.0013831237 0.0006845914 4.9052687e-06 4.4721373e-06 2.1206176e-07 2.434219e-05 0.003300752 0.0031038953 0.06920193 0.39026716 0.00038247262 0.00021755647 0.38921052 9.129396e-05 0.08005771 1.1236548e-06 0.00026521616 1.2511543e-06 1.4917014e-06 3.9696884e-06 0.04237307 2.6592655e-08 0.0009971407 0.07559283 7.6846285e-05 3.267802e-07 0.014261072 0.14316918 2.6890065e-08 6.6586776e-09 0.008859132 6.2980216e-06 0.083212845 5.179095e-06
0.07715354 2.569269e-06 0.00020538889 0.0028092212 0.011162222 0.000102867896 5.1742656e-08 0.01024996 2.6338773e-06 1.341796e-06 0.00020851985 8.1163876e-08 1.3170555e-07 0.054785654 0.00071556994 1.3083044e-06 0.0049699163 5.7922616e-08 0.04167179 1.5535794e-07 0.18983594 0.92346853 0.9703049 0.43530598 9.759945e-06 1.7672848e-08 0.99891865 4.7991616e-06 1.0317374e-06 1.8850122e-05 8.926309e-15 0.0007687264 8.534158e-05 5.8126593e-06 0.0019684932 6.408617e-07 1.674413e-08 0.08907432 0.016490076 5.9352562e-08 4.0715142e-05 4.8878064e-07 8.572876e-06 0.0996075 1.0020705e-06 0.021331038 0.8876273 0.026023518 0.02875172 2.56606e-07 0.00054622645 1.3469114e-06 7.718605e-07 9.713641e-07 0.00025886254 0.00087351736 8.8131594e-05 6.753943e-06 1.46760595e-08 9.577439e-05 1.5194655e-06 2.3910761e-05 7.9779113e-07 0.0034374984 1.1454163e-05 3.191682e-06 1.6712863e-06 0.0027163755 1.0406355e-05 1.2723541e-07 5.1841325e-05 1.3678946e-05 7.6884766e-07 1.2858867e-06 0.0061667874 0.0003483153 5.8470464e-06 1.8180609e-08 3.2911416e-06 1.4339515e-05 7.940796e-08 6.8679645e-07 1.05195e-06 9.955797e-07 3.7334473e-06 3.343014e-06 1.1495096e-06 4.8835127e-06 2.6223505e-08 1.871783e-07 2.1776787e-05 0.00025847598 1.1464612e-07 7.55487e-05 2.7915217e-05 3.702744e-08 4.6209343e-09 0.0012917871 2.7885385e-09 0.00012042048 1.3833901e-08
