1.4045995e-15 0.4003812 0.0018659496 0.8762246 0.05682392 0.28176185 0.20181794 0.8674154 0.021957114 0.034051754 0.73824865 0.05404746 0.05292854 0.72811705 0.8516986 0.13715892 0.4792535 0.89561015 0.6236431 0.9290364 0.8580227 0.7158107 0.89198405 0.72171956 0.93300277 0.65972275 0.771146 0.8578243 0.9333542 0.960293 0.88299024 0.0042483276 0.93217975 0.67655563 0.018449813 0.8623322 0.8318781 0.97035086 0.9396613 0.8086409 0.7881768 0.9844971 0.567852 0.28970617 0.772692 0.7933171 0.9265299 0.5387936 0.87906086 0.014617632 0.71946484 0.0014740718 1.776901e-06 0.5067046 0.8232602 0.9412864 0.7798495 0.7983522 0.31112963 0.8349883 0.0053824466 0.05843134 0.93526995 0.3542312 0.9748174 0.87391204 0.8511124 0.8791436 0.72901803 0.43175262 0.83812624 0.8627451 9.4264724e-05 0.84955776 0.9779615 0.9997539 0.000499667 0.82028466 0.6828617 0.9347106 0.99941736 0.42630005 0.7330888 0.9095317 0.0008729556 0.99879944 0.9471079 0.9631878 0.997981 0.9436162 0.0073420345 0.8265473 0.14739245 0.99881285 0.08041542 0.8921975 0.9988102 0.007393803 0.9995285 0.99785817 0.5062602
0.4003812 5.5952428e-14 0.9981544 0.9967863 0.025630666 0.8456883 0.002696955 0.148057 0.0012629676 0.003187726 0.00011503036 0.6421967 2.936038e-05 0.51090336 0.00106833 0.022453465 1.16314895e-05 2.0075402e-05 0.10068195 0.0002656404 3.9991315e-07 3.800494e-05 2.4747436e-05 0.031905487 1.3713912e-05 1.1257596e-05 3.0751344e-05 1.1721766e-05 5.49559e-06 0.07380923 0.02785073 4.38882e-05 0.00010192651 3.0627216e-05 0.00039718495 0.014865162 3.5308978e-05 0.016637318 0.014225774 2.8261058e-05 1.2734893e-05 0.00016925695 0.014814608 3.661538e-05 1.6713204e-05 2.3637738e-05 0.013209569 7.870688e-06 0.00048429408 0.00012600284 0.0015895892 5.2845935e-06 1.455354e-07 0.0016304728 3.0239065e-05 8.55125e-05 0.00051904947 1.4850791e-05 0.00026818845 1.9549211e-06 3.5788755e-05 1.0952396e-05 0.00017337325 0.00011095104 0.0024351513 0.00010385618 2.4572862e-05 3.705862e-05 6.364356e-07 5.225121e-07 0.00058718264 0.00026775323 9.377489e-07 2.203703e-06 0.0034219306 0.00012552874 2.6835562e-07 0.00030982288 1.5684605e-05 1.3184316e-05 0.000346114 1.6996771e-06 3.3459355e-06 2.419762e-05 9.03164e-06 0.00013732976 0.00043200242 3.4637449e-06 0.0022157622 1.6031117e-06 9.817285e-09 0.00013565851 1.0525096e-05 5.141134e-06 8.845564e-08 4.8332325e-08 0.00040580027 7.3991913e-07 6.2434316e-05 7.4178615e-06 3.0605494e-05
0.0018659496 0.9981544 1.6814462e-13 0.01503595 0.9991921 0.10479068 0.034223076 0.0048651034 0.8253574 0.023468712 0.00036327617 0.0007274529 0.0009486369 0.014416584 0.0005645451 0.00011200182 6.211011e-05 2.2328072e-06 0.00034046735 8.702819e-05 3.271179e-07 1.6679256e-05 3.6498486e-07 0.00087046035 1.2735839e-07 7.461424e-08 2.769498e-06 7.489927e-08 5.604467e-08 0.001177272 1.7878301e-05 0.0080116885 2.648969e-06 0.00011706145 2.0687996e-06 4.208482e-06 2.8319993e-08 0.00045408978 3.7825266e-05 2.0457934e-08 7.90959e-06 1.2987502e-05 0.00013980936 2.2467928e-07 8.587026e-09 2.5267587e-07 5.0930295e-05 2.20835e-08 1.18283e-07 6.3489004e-08 3.1875828e-07 0.00011221995 1.3351863e-06 1.1537611e-06 2.2418828e-07 2.3897422e-07 2.9680868e-07 6.309585e-07 8.9792036e-07 3.464242e-09 4.9101715e-07 5.270604e-07 1.431621e-06 5.457799e-07 7.400018e-05 1.0558235e-06 2.827343e-07 1.1607941e-07 3.649951e-08 9.472504e-09 2.4250605e-06 1.7772611e-07 1.7753706e-07 8.85213e-08 8.894445e-05 1.1954708e-06 1.7781012e-08 2.106917e-06 1.5749987e-07 4.558311e-08 6.904382e-06 3.7200854e-09 5.5076626e-08 2.5398278e-06 3.4325495e-07 3.4879113e-07 2.1431943e-06 1.7731236e-07 2.883982e-05 2.2863254e-08 1.3615963e-09 3.1375491e-06 1.8739832e-09 4.405739e-08 2.376747e-10 4.1608264e-09 9.56212e-06 2.2001022e-07 6.279768e-07 9.913635e-11 6.1002265e-09
0.8762246 0.9967863 0.01503595 6.1768445e-13 0.007485476 0.65277207 0.0049149017 0.12773652 0.0003660377 0.00132476 0.0003269743 0.9595757 4.3863765e-05 0.9594203 0.00084430294 0.6112468 3.335551e-05 2.7618189e-05 0.6822347 0.0003451683 1.2896587e-07 0.00024993764 7.215909e-05 0.32420015 2.0385953e-06 1.3888318e-05 4.693565e-05 1.018157e-05 8.496347e-07 0.5377892 0.51433 6.534043e-05 0.0008737022 6.899857e-05 0.0022855904 0.24466382 5.816851e-06 0.04477406 0.31969836 1.5657435e-05 2.7890257e-05 0.0008299973 0.30638167 8.823991e-05 9.51113e-05 0.0002188692 0.13989322 7.663021e-06 0.0013065893 0.00016199944 0.055457477 2.6532139e-06 1.1218793e-06 0.016189473 0.00018937666 4.184151e-06 0.0041400036 6.5499524e-05 0.0007829931 7.489928e-06 0.00062448427 0.00023185882 0.0013048125 0.0008911615 0.07857262 0.0001041035 0.0011890983 0.0016333831 2.9400135e-07 5.228655e-07 0.0013038571 0.000283217 3.2311407e-06 3.7519956e-05 0.13602215 0.003237967 1.7768663e-05 0.016318604 0.00048535844 1.4200664e-05 0.0042856475 4.0746603e-05 1.8124269e-05 0.000901728 8.564929e-05 0.0013165615 0.04502892 0.00010309574 0.042713635 0.00024302698 1.3906281e-08 0.0008703903 0.00018289368 0.0005439532 5.275044e-07 2.3604184e-06 0.0065912623 3.2458847e-06 0.0032678945 0.000248029 0.00018782176
0.05682392 0.025630666 0.9991921 0.007485476 2.6121337e-14 0.7635674 0.99778277 0.030285273 0.68629 0.16933157 0.026243528 3.3300523e-05 0.0051473207 0.08786633 0.07150105 2.4829184e-05 0.0011814599 0.0005555001 0.0001433661 0.009954831 1.3416278e-05 0.0009040469 0.00017034955 0.004937494 1.5010451e-05 1.4449527e-05 0.00013257527 5.1085906e-05 7.4371633e-06 0.0066263275 8.516592e-06 0.0037505825 0.00027962233 9.113772e-05 1.793591e-06 1.9012683e-05 7.3569067e-06 0.056660432 2.7261958e-05 2.0566928e-05 1.2916373e-06 6.470206e-05 6.392856e-05 2.8637266e-06 2.5781371e-06 1.0136027e-05 0.000109034205 1.0641533e-06 1.2105072e-07 1.892462e-07 3.990936e-07 2.1694452e-05 1.6254253e-07 2.6417058e-06 5.53536e-06 1.168367e-06 7.426051e-06 6.6917655e-06 5.280415e-07 1.2844478e-06 7.5934956e-08 6.403448e-07 8.5120845e-08 2.2812239e-07 0.0009779007 2.2021377e-06 4.4614573e-08 3.742225e-07 1.513471e-08 7.438717e-08 1.0448184e-06 3.2951814e-07 7.4018764e-08 3.4773132e-07 0.00024611765 8.3551604e-05 3.3305947e-09 4.1632857e-06 1.7408358e-07 2.204143e-07 0.0007071376 8.7158253e-07 8.5470833e-07 1.1801612e-06 1.026375e-06 8.0949685e-06 6.371811e-06 2.9166238e-06 0.00014965334 3.971745e-08 2.5411058e-09 7.66805e-06 5.320467e-06 3.8120072e-07 2.9013874e-08 3.143629e-08 2.264715e-05 3.0470798e-07 3.9931825e-07 1.1617803e-08 4.1873264e-07
0.28176185 0.8456883 0.10479068 0.65277207 0.7635674 3.8866193e-12 0.95323145 0.9993703 0.45317873 0.23755592 0.8484749 0.0070433905 0.08267372 0.75822747 0.8815366 0.00056108984 0.038929824 0.027993444 0.0043602455 0.18533128 0.0050794478 0.056222912 0.0035615074 0.15224455 0.0021051827 0.002435056 0.004225378 0.0005668695 0.00011560619 0.062834404 0.0012491549 0.008210871 0.0063536284 0.0083468985 2.151317e-05 0.00010174956 0.00048509304 0.4494532 0.00071054866 8.1604376e-05 5.1274455e-05 0.004359333 0.0033253809 5.768385e-05 9.2351955e-05 0.0007081529 0.0011287855 3.1360312e-05 1.4036598e-05 8.042541e-08 0.00012992501 0.00037132838 2.5576153e-06 3.704901e-05 0.00045263016 1.9184987e-05 0.00016989982 0.00011284206 1.5203184e-05 1.092631e-06 7.412946e-06 9.507547e-07 3.7836758e-06 2.4853702e-05 0.02067999 5.8078745e-05 1.7321567e-05 2.2479375e-05 1.5755327e-06 3.205098e-07 1.8411283e-05 2.4678546e-05 6.8606223e-06 7.708597e-06 0.005324475 0.004426481 1.6212679e-06 0.00043142377 3.2911554e-05 7.122892e-08 0.021079427 3.576425e-07 2.3024377e-05 2.3214965e-05 2.5671015e-06 0.0008012666 0.0003823254 8.868667e-06 0.00059362454 2.7373173e-07 3.0086034e-07 1.6123471e-05 1.9177623e-06 4.5609184e-05 6.0393717e-07 1.5064674e-07 0.00022307556 9.010033e-07 7.219491e-06 1.7471535e-06 8.589362e-07
0.20181794 0.002696955 0.034223076 0.0049149017 0.99778277 0.95323145 4.7788318e-14 0.13846913 0.940459 0.9419703 0.9453943 2.3963974e-05 0.06248653 0.09656071 0.6983914 7.027576e-05 0.06267712 0.09182659 0.00013698131 0.13929887 0.0007001182 0.09854024 0.022492662 0.018216945 0.00058407465 0.0044256267 0.017012544 0.0039618225 0.00051247474 0.027016541 3.4792938e-05 0.0141934 0.018243467 0.0017571588 1.7038252e-06 7.7396064e-05 0.0008214584 0.34521005 0.00010119034 0.00020532992 0.00030331247 0.004978056 0.0009786112 0.00012938296 0.0005517744 0.0012203761 0.0014073661 6.057259e-05 1.8426248e-07 3.295823e-07 5.7962293e-06 0.00058688485 1.1103401e-06 8.878763e-06 0.00042423396 2.1160952e-06 4.6107794e-05 0.00021894644 7.3037455e-07 8.875047e-06 5.3655253e-08 9.594378e-07 4.3717787e-06 2.8351124e-06 0.009280502 9.053587e-06 3.5402002e-07 5.5998244e-06 7.777074e-07 2.9614424e-07 1.07442465e-05 1.4638131e-05 4.915442e-07 2.8201368e-05 0.0019168666 0.0016066856 3.3745263e-08 8.153383e-05 1.3147107e-06 7.7821596e-08 0.024890745 1.3645779e-06 2.6805765e-05 5.5366618e-05 8.196713e-07 0.00032831728 0.00030707606 5.5521967e-05 0.0008255745 1.0983949e-06 9.177012e-11 2.6231522e-05 8.3018483e-07 4.698124e-05 1.3179535e-09 1.0957704e-07 0.00011420912 2.941587e-07 2.564377e-05 2.5023337e-06 6.298715e-07
0.8674154 0.148057 0.0048651034 0.12773652 0.030285273 0.9993703 0.13846913 1.0915606e-11 0.008895961 0.006597193 0.056860138 0.00021803254 0.0025626232 0.95425034 0.5212847 0.00022322517 0.00057409966 0.00060210103 0.0019245435 0.1390083 3.8142407e-05 0.007793034 0.00045147762 0.6509727 5.9877635e-05 5.1807765e-05 0.0003516339 1.5936965e-05 1.6467002e-06 0.5639456 0.0011751193 0.00049225707 0.026177116 0.0006003717 2.1333706e-05 6.2312254e-05 1.986763e-05 0.929553 0.0023955784 8.584526e-06 2.9776415e-05 0.014238438 0.024648312 1.00152065e-05 4.0098053e-05 0.0011399921 0.010990872 2.4069252e-06 4.7157786e-07 9.9415615e-08 0.00034969076 3.0828319e-06 1.6294196e-06 0.0007413544 0.0015478084 1.6333138e-06 0.00012660521 2.205068e-05 8.4210035e-07 3.607904e-07 8.775887e-07 7.4913953e-07 1.0495881e-06 2.8490279e-06 0.2808319 3.6811084e-06 5.506468e-05 2.7954538e-05 4.6661089e-07 5.805235e-08 2.0425585e-05 3.382638e-05 4.797194e-06 7.4105924e-06 0.062006377 0.027694449 3.4108885e-07 0.0020375508 8.273428e-05 1.8263842e-07 0.26296064 3.0446338e-07 2.9092636e-05 6.0850045e-05 1.6345752e-05 0.0026066375 0.0049179518 4.6927147e-05 0.007902243 5.5871842e-05 4.7636306e-08 0.00026580892 3.9816067e-07 0.00026642007 2.6210904e-08 3.9180446e-08 0.0016603976 8.431948e-07 0.00033541402 4.0175587e-06 2.8846325e-06
0.021957114 0.0012629676 0.8253574 0.0003660377 0.68629 0.45317873 0.940459 0.008895961 1.4225865e-10 0.98358876 0.6238927 1.9138004e-05 0.9975007 0.006195681 0.10296101 3.5588928e-05 0.11887239 0.020494001 1.5144463e-05 0.015234608 0.00055440277 0.006337927 0.0030027744 0.0011229487 0.0035421257 0.00036491803 0.0009203048 0.0007200081 0.00022380795 0.0018134973 1.3566336e-05 0.24645035 0.0017691588 0.007075379 2.3709395e-05 9.073991e-05 0.00015910369 0.022116266 0.00029825483 0.000115680305 0.0002798931 0.00040357476 0.00010172919 3.0589155e-05 0.00015066176 0.00012055676 6.0813676e-05 3.723433e-05 2.98697e-05 3.2088115e-05 1.3328316e-06 0.008207959 4.4419794e-06 3.701362e-05 4.4615066e-05 0.00010202114 1.87366e-05 0.00034024793 2.265994e-05 3.8043759e-06 5.7168963e-06 8.58919e-05 0.00023429275 5.0063143e-05 0.000296128 0.00072987087 9.414349e-06 3.6155478e-05 1.9960895e-05 1.2971157e-06 0.0003441021 4.952235e-06 2.3408336e-05 1.995102e-05 0.0006194998 0.00020943362 8.295181e-08 8.665914e-05 2.6650237e-06 5.62005e-07 0.0010548827 5.3952917e-06 2.3793522e-05 4.686534e-05 2.2725295e-05 7.848041e-05 8.375855e-05 2.1898868e-05 0.00014906209 1.8164404e-06 6.0663375e-08 3.4729288e-05 6.0094214e-07 5.593286e-06 3.1368415e-07 1.9275894e-09 0.0005549373 2.7223207e-06 1.9946758e-05 3.1869934e-07 1.188601e-06
0.034051754 0.003187726 0.023468712 0.00132476 0.16933157 0.23755592 0.9419703 0.006597193 0.98358876 2.6395913e-13 0.9980877 4.1015963e-07 0.9189986 0.0021206562 0.18325526 5.3895496e-07 0.3305374 0.08064936 9.142644e-06 0.018174276 0.0021232737 0.020269161 0.006408679 0.00045364638 0.01726159 0.0032674735 0.0027736397 0.001181154 0.00023753337 0.0005584473 6.6699977e-07 0.19525333 0.0040286453 0.04683351 6.723087e-07 1.2701338e-06 0.00037479293 0.018994847 6.968279e-07 9.308978e-05 0.0018251577 0.0007553616 4.3021315e-05 2.8466093e-05 8.0012884e-05 0.00025341325 1.9646972e-05 5.7705556e-06 1.1594941e-07 5.999175e-08 6.594626e-08 0.005757297 5.210074e-05 3.6311488e-07 8.497231e-05 6.716499e-05 9.82053e-08 0.00015828793 1.7756719e-07 2.0898092e-06 1.9733969e-07 4.682359e-08 4.9280027e-07 4.963306e-07 0.00038890788 9.6266034e-05 4.9348618e-08 4.5191499e-07 1.6425321e-07 4.7531142e-07 9.92161e-07 2.779232e-08 1.2333338e-05 5.351914e-07 0.00011919827 0.0008537377 1.170093e-08 7.678823e-06 2.9282026e-07 4.092344e-09 0.0016170208 1.3642799e-06 9.95992e-07 5.2489668e-06 7.3900657e-07 0.00024352345 2.5626754e-05 8.324805e-06 7.422564e-05 2.1159812e-07 1.5230096e-08 4.6669657e-06 6.7564196e-07 2.2481625e-05 2.348325e-08 2.3381304e-08 8.64466e-05 8.878754e-06 3.00262e-06 5.477948e-07 8.777636e-07
0.73824865 0.00011503036 0.00036327617 0.0003269743 0.026243528 0.8484749 0.9453943 0.056860138 0.6238927 0.9980877 3.4030688e-12 2.7851314e-07 0.50469893 0.022043511 0.93514365 2.2643942e-06 0.8335585 0.8698383 9.089299e-06 0.53318036 0.054190513 0.6180506 0.44570893 0.008672793 0.027777491 0.110622786 0.22356379 0.06862162 0.015682042 0.010782299 2.7243047e-06 0.029918512 0.22433627 0.008631635 7.1281073e-07 1.7993475e-06 0.010365983 0.5313551 1.11030795e-05 0.0035600355 0.0010187593 0.058464143 0.0007438884 0.00040189573 0.004663867 0.010710559 0.00013941553 0.00029254076 3.1150196e-07 3.7372413e-08 1.8975957e-06 0.00040398698 1.4315567e-06 2.9559178e-05 0.0025843824 5.0899213e-05 6.764334e-06 0.0005232679 1.0089204e-07 0.00010593486 3.7543092e-08 5.0459784e-07 1.9432516e-06 2.4975927e-07 0.014918078 5.623755e-05 3.0444178e-06 1.4613782e-06 9.961259e-07 6.602136e-07 3.3852343e-06 8.536444e-07 4.249142e-06 0.00016921516 0.0025654093 0.013803104 3.2816008e-08 6.927543e-05 5.0922904e-07 4.377669e-08 0.08646951 1.4336206e-05 0.00025194764 1.3758767e-05 2.5231313e-06 0.0017482863 0.00032798148 0.00014638444 0.00051904353 5.877642e-07 2.521172e-09 1.6901542e-05 4.9281275e-06 0.00028492697 5.087315e-09 1.3338461e-08 0.00017163846 1.1167651e-06 1.9188701e-05 1.8485265e-05 6.1467094e-06
0.05404746 0.6421967 0.0007274529 0.9595757 3.3300523e-05 0.0070433905 2.3963974e-05 0.00021803254 1.9138004e-05 4.1015963e-07 2.7851314e-07 3.443211e-15 3.755496e-07 0.1252166 5.610686e-06 0.9971336 1.633334e-06 1.2773907e-06 0.21546954 4.539363e-06 1.9167128e-08 3.911952e-06 4.2460188e-06 0.0010502957 1.4969451e-07 3.44639e-06 1.3438918e-05 1.6423762e-06 6.431227e-07 0.00045714268 0.062406342 9.709135e-08 4.112122e-06 5.7048845e-07 0.98708117 0.5810722 4.2631495e-06 2.8301029e-05 0.013612221 1.3424833e-06 3.044146e-07 7.420309e-06 0.007140873 6.2340036e-06 1.0432806e-05 1.9456365e-06 0.0003619586 4.0269506e-07 0.0060640625 0.1774108 0.007811017 7.7953774e-07 3.8808082e-10 0.0039314334 2.7414985e-06 1.4916524e-05 0.0018426199 1.3168936e-05 0.00031580558 1.739329e-07 0.00071249576 0.00013985937 7.488639e-05 3.701394e-05 8.584784e-05 0.00023193512 0.000149337 0.00027856088 4.645234e-06 4.350926e-07 0.00029138106 0.00010789235 2.6520325e-08 1.6440373e-06 0.00024642813 5.0846015e-06 2.2146107e-05 0.001018446 1.9639254e-05 2.020671e-05 9.182952e-06 8.9608204e-07 1.9974598e-06 7.982242e-05 5.750871e-06 8.531793e-06 0.00018603535 2.6153437e-05 0.00016315607 8.216088e-06 1.8119264e-08 2.8917346e-05 4.092752e-06 7.902777e-07 8.840166e-08 9.701911e-07 0.00016772818 3.6374294e-07 4.678576e-05 6.95146e-07 2.2582125e-07
0.05292854 2.936038e-05 0.0009486369 4.3863765e-05 0.0051473207 0.08267372 0.06248653 0.0025626232 0.9975007 0.9189986 0.50469893 3.755496e-07 8.348216e-14 0.00096098083 0.079423785 1.3412165e-06 0.9876694 0.2846466 6.0510206e-06 0.022586742 0.13135426 0.028661499 0.048815895 0.00047501962 0.64167744 0.017358603 0.009222259 0.0034821206 0.002750847 0.0003680045 5.565304e-06 0.69098043 0.0072518103 0.21985704 5.213372e-06 7.9706e-06 0.0012503922 0.012091786 5.503032e-06 0.0004244606 0.011963279 0.0020009156 1.2287669e-05 6.64383e-05 0.00034398626 0.00072921894 2.3554555e-06 4.011152e-05 7.4718736e-07 1.3067755e-06 6.7394177e-07 0.0076167127 4.924341e-06 4.858382e-06 0.00036994915 0.00039073455 2.206908e-06 0.0006310265 1.408463e-07 2.6616826e-05 3.6485503e-07 3.4295936e-06 6.547086e-07 1.6811725e-07 0.00023047172 0.002486696 1.0079294e-06 3.282834e-06 3.9979877e-05 1.3361864e-06 2.1932658e-06 7.985542e-08 3.836593e-05 2.6792855e-05 7.871353e-05 0.00062694814 1.5564934e-09 1.647925e-05 8.0861287e-07 1.5050018e-08 0.0018238144 2.39855e-06 1.2013825e-05 1.8290884e-06 4.0190585e-07 0.00024258795 5.317844e-06 1.3017784e-05 1.4104914e-05 6.27041e-08 3.717633e-08 1.5952147e-06 4.3825735e-06 7.590285e-05 3.4230337e-07 2.3917385e-08 3.7510905e-05 5.7500483e-06 4.840094e-07 3.0427735e-05 2.5969715e-05
0.72811705 0.51090336 0.014416584 0.9594203 0.08786633 0.75822747 0.09656071 0.95425034 0.006195681 0.0021206562 0.022043511 0.1252166 0.00096098083 3.0512361e-12 0.15289076 0.20034923 0.00076442125 0.0012611622 0.7141756 0.11893972 2.8932742e-05 0.0072742873 0.0010395369 0.9967523 4.4108994e-05 0.00033393656 0.0015963754 0.00036949734 3.9432445e-05 0.5334385 0.3444877 9.803064e-05 0.0043267184 0.00011590105 0.00083191035 0.013670314 0.000701356 0.50724584 0.23102297 0.00012400985 7.321711e-07 0.012236532 0.16911824 0.00029249137 0.000251871 0.0014256957 0.042529333 5.078198e-05 0.0015634077 6.086757e-07 0.025538407 6.790508e-05 1.0818156e-06 0.0031554066 0.0010182566 9.604115e-06 0.0022842654 3.706638e-06 0.00028288737 3.44711e-06 4.604074e-05 1.6745273e-05 0.0005042647 0.00042382133 0.1649737 1.6213955e-05 0.00039994178 0.0006896522 8.4186587e-07 2.7049077e-07 0.00087620004 0.0007567756 1.0629063e-05 5.3875818e-05 0.08756544 0.009218385 1.4386915e-06 0.004373016 0.0005225395 1.019272e-06 0.05332285 1.7783811e-06 5.8428966e-05 0.00041148392 9.548532e-06 0.00071712653 0.0077390047 2.7264065e-05 0.011653652 5.7893383e-05 3.8218996e-08 0.00018300848 2.4043054e-06 5.819174e-05 1.3071707e-06 1.0806381e-06 0.0018410643 4.25246e-07 0.00035917177 6.0635903e-06 3.206928e-06
0.8516986 0.00106833 0.0005645451 0.00084430294 0.07150105 0.8815366 0.6983914 0.5212847 0.10296101 0.18325526 0.93514365 5.610686e-06 0.079423785 0.15289076 3.8772588e-13 1.8169838e-05 0.20327012 0.4527184 0.00014236388 0.989484 0.06518165 0.96828467 0.19632748 0.018088724 0.024766192 0.028507039 0.17203908 0.008507566 0.0004730935 0.00931993 3.758596e-05 0.01997167 0.44334728 0.050726723 3.078705e-05 3.1164134e-05 0.0015632355 0.66331154 7.7577104e-05 8.295074e-05 0.027947525 0.12713636 0.00056672195 4.2644002e-05 0.00022151886 0.0068521723 0.0007592591 9.930959e-06 3.6883665e-07 2.8707498e-07 3.3980996e-05 0.00025836282 8.1924156e-07 8.5792926e-05 0.004612033 0.000105412735 5.596304e-05 0.00074947515 2.3818484e-06 2.122575e-06 1.0700403e-06 2.3081966e-06 1.3422197e-06 1.5471957e-06 0.03836501 1.4047165e-05 2.3508763e-05 1.3454819e-05 8.607106e-07 3.6661138e-06 3.2177577e-06 6.1296623e-06 9.354628e-06 7.3652964e-06 0.0041378126 0.027001377 1.7595129e-07 0.00024141435 7.864487e-05 1.3295542e-07 0.29347277 2.1192902e-06 8.822203e-06 1.2209067e-05 4.654675e-06 0.0037765778 0.00029141942 8.570071e-06 0.0009876725 1.0957917e-06 3.315798e-07 1.4026657e-05 1.3360589e-06 0.00018889741 1.1946018e-07 3.2745623e-07 0.00014761179 5.853605e-07 5.9604986e-06 2.2032468e-06 1.1698733e-06
0.13715892 0.022453465 0.00011200182 0.6112468 2.4829184e-05 0.00056108984 7.027576e-05 0.00022322517 3.5588928e-05 5.3895496e-07 2.2643942e-06 0.9971336 1.3412165e-06 0.20034923 1.8169838e-05 7.577943e-15 1.6133139e-06 4.590268e-07 0.9981691 6.524824e-06 1.114475e-07 3.3530139e-06 1.3197631e-06 0.005761966 7.989076e-08 1.3008208e-06 1.4102352e-06 3.7042645e-07 1.1321604e-07 0.008360696 0.49472356 4.6927298e-08 4.282371e-06 1.7599922e-06 0.2842062 0.8250261 1.4482492e-06 6.696628e-05 0.09605408 3.8389206e-07 3.9543838e-07 2.9415323e-06 0.040049925 3.3442604e-06 2.84527e-06 4.515624e-06 0.0055505 6.934321e-08 0.03564028 0.0023782284 0.058490425 8.722918e-09 1.2384176e-08 0.008154363 1.5399943e-06 5.971123e-07 0.020140255 3.6535996e-05 0.00096137094 1.0908261e-07 0.0009348069 0.00017848921 0.00033153032 0.00036753362 0.0013294605 5.543802e-06 0.0019654657 0.002875016 1.5236498e-07 6.6458506e-07 0.0004754343 0.00051204505 3.059786e-08 6.067984e-07 0.0030611146 3.1241652e-05 9.473007e-06 0.0051694284 0.00013664155 0.0001065699 0.00020039832 1.580612e-06 5.888475e-07 0.00011866508 2.1423128e-05 1.5414851e-05 0.0025086885 1.719923e-05 0.00081818644 2.5496773e-05 5.3812216e-10 0.00027524072 2.7825696e-05 6.303198e-07 4.277878e-07 8.6192307e-07 0.0009034311 1.12635234e-07 0.00026586014 9.682247e-08 2.1574127e-07
0.4792535 1.16314895e-05 6.211011e-05 3.335551e-05 0.0011814599 0.038929824 0.06267712 0.00057409966 0.11887239 0.3305374 0.8335585 1.633334e-06 0.9876694 0.00076442125 0.20327012 1.6133139e-06 2.0991797e-15 0.94389987 8.278451e-06 0.07897153 0.9771477 0.20809615 0.3384977 7.4909454e-05 0.9694739 0.2882563 0.11592508 0.10631922 0.1752503 0.00026158267 7.5318053e-07 0.21209644 0.10107133 0.63028556 6.355274e-06 6.949505e-07 0.020963551 0.013258646 7.1054654e-07 0.003980005 0.12890677 0.023571849 1.9744268e-05 0.00036896492 0.0017929943 0.00455499 1.3242194e-05 0.0015471722 6.8213865e-08 9.972479e-08 1.8791187e-06 0.009823506 1.241593e-06 3.4611132e-06 0.00091960735 0.000946275 9.4151204e-08 0.00120253 2.6880667e-07 0.00015112701 3.5473715e-07 2.3227454e-07 6.2998623e-07 6.6551553e-07 0.00029467663 0.00068463257 5.9501502e-08 1.4792865e-07 8.6806045e-05 1.7880942e-05 1.8958845e-06 1.3720283e-07 7.551617e-06 0.00010972276 5.2851556e-05 0.0015608454 1.0969449e-08 7.67406e-07 2.1817677e-07 7.671886e-09 0.0051141386 2.5107313e-06 4.1741892e-05 4.9338787e-06 1.8652565e-06 0.0005279274 1.89744e-06 7.171091e-05 3.7803486e-05 2.5695541e-09 1.196964e-06 2.1072393e-07 4.0081613e-07 0.00011916621 2.1394665e-07 3.2959154e-08 1.8565897e-05 3.7151312e-06 4.3210622e-07 1.953884e-05 1.0821592e-06
0.89561015 2.0075402e-05 2.2328072e-06 2.7618189e-05 0.0005555001 0.027993444 0.09182659 0.00060210103 0.020494001 0.08064936 0.8698383 1.2773907e-06 0.2846466 0.0012611622 0.4527184 4.590268e-07 0.94389987 2.0927043e-14 2.085986e-06 0.21095535 0.9737695 0.5616623 0.9549576 0.00040777063 0.59640515 0.9764488 0.4027748 0.37027583 0.5075725 0.000553492 4.4938665e-07 0.07764343 0.4347254 0.5571524 2.5991656e-06 6.322952e-07 0.06909149 0.09662965 1.273491e-06 0.020925969 0.18426746 0.19013683 0.00018857523 0.0021698182 0.014031286 0.03053462 1.7693197e-05 0.0042787846 2.3028692e-08 1.7150985e-08 1.0143477e-06 0.0013028254 6.8322106e-07 2.2888719e-06 0.0071484903 0.0009544091 1.7654538e-06 0.0035058067 1.178382e-08 0.0002398603 1.135113e-07 5.4952803e-08 5.4942006e-08 1.647337e-07 0.0014021106 0.00046295676 2.2540878e-07 2.5528232e-07 1.27432995e-05 6.7360293e-06 1.4096098e-06 1.3639827e-07 1.3558076e-06 0.0005221378 0.0007305436 0.019921493 2.269442e-08 7.694584e-06 9.5291153e-07 4.2056594e-09 0.05808071 6.466575e-06 0.0002794626 8.8428783e-07 6.017623e-07 0.003955201 9.2580965e-05 0.00017364147 0.00011334402 9.342523e-09 5.7557377e-06 6.845013e-07 1.104163e-06 0.00066679314 9.824727e-08 1.3343119e-08 0.0001635875 5.5086184e-06 1.3614932e-06 3.0193163e-05 2.5727202e-05
0.6236431 0.10068195 0.00034046735 0.6822347 0.0001433661 0.0043602455 0.00013698131 0.0019245435 1.5144463e-05 9.142644e-06 9.089299e-06 0.21546954 6.0510206e-06 0.7141756 0.00014236388 0.9981691 8.278451e-06 2.085986e-06 1.6713399e-12 7.007759e-05 5.290841e-08 6.906481e-05 4.896048e-06 0.24295104 2.7565378e-07 1.3239194e-06 4.6884006e-06 2.6089737e-07 6.715093e-08 0.26632398 0.9950404 9.4826635e-07 5.429822e-05 5.7625675e-07 0.0024526534 0.3677725 1.459228e-06 0.0062276344 0.3471081 7.680701e-07 2.5058665e-07 0.00014541506 0.2624263 9.219474e-06 4.547665e-06 1.1288936e-05 0.08754192 2.26796e-06 0.009042413 4.2923817e-05 0.1661512 5.371139e-07 5.285891e-07 0.019622056 2.302552e-05 4.0779878e-07 0.043309283 4.6589075e-06 0.00053468585 5.601023e-07 0.00014278974 4.1758056e-05 0.00022451578 0.0004556593 0.054311812 8.970889e-06 0.0037203664 0.007840433 1.9444651e-07 5.812734e-07 0.0007596806 0.002465606 3.0149855e-07 8.832772e-07 0.05824807 0.0011988739 9.892336e-06 0.022799196 0.0006205385 3.7645903e-05 0.0051660845 9.546579e-07 3.9884994e-06 0.00045023244 3.4891307e-06 9.143973e-05 0.029557083 3.512118e-05 0.015922967 0.00035731983 3.250398e-08 0.0009040542 6.9645757e-06 7.506625e-06 6.119739e-08 2.2654861e-07 0.005382046 3.542306e-08 0.0012172697 9.950683e-07 4.489953e-06
0.9290364 0.0002656404 8.702819e-05 0.0003451683 0.009954831 0.18533128 0.13929887 0.1390083 0.015234608 0.018174276 0.53318036 4.539363e-06 0.022586742 0.11893972 0.989484 6.524824e-06 0.07897153 0.21095535 7.007759e-05 1.8251728e-12 0.025675979 0.8305315 0.069995694 0.16233468 0.03510648 0.010619225 0.29197952 0.0044600694 0.00072146085 0.049069196 2.0911062e-05 0.0074129472 0.95720816 0.044485882 5.6480785e-06 1.0572196e-05 0.0029286512 0.95558417 0.00011453776 0.0003724763 0.02115669 0.5386643 0.0040925946 0.00015058908 0.0013965025 0.023951381 0.0021133851 4.4900455e-05 4.5110934e-07 1.6530473e-08 0.0001456728 5.389936e-05 9.295262e-07 9.489513e-05 0.012763539 0.00015621989 1.1931433e-05 0.0004265425 1.0417182e-06 1.1356196e-05 1.0070348e-06 2.533795e-07 8.743741e-07 1.8590036e-06 0.2533355 1.1706864e-05 1.4243958e-05 1.0210333e-05 7.901993e-07 3.3918268e-06 3.8457492e-06 1.8074876e-06 2.53079e-06 1.784207e-05 0.040872402 0.09908106 2.5390347e-07 0.0012783883 2.9160023e-05 3.5288508e-07 0.6710824 4.8749002e-06 3.9963983e-05 8.811206e-06 1.4822232e-06 0.011234093 0.0029778017 3.1323576e-05 0.0045849574 1.4688724e-05 1.8368314e-07 8.510239e-05 9.452633e-07 0.0006659685 6.6795806e-08 1.0484692e-07 0.0006408993 4.7110814e-07 7.77419e-05 2.3920716e-06 7.710141e-06
0.8580227 3.9991315e-07 3.271179e-07 1.2896587e-07 1.3416278e-05 0.0050794478 0.0007001182 3.8142407e-05 0.00055440277 0.0021232737 0.054190513 1.9167128e-08 0.13135426 2.8932742e-05 0.06518165 1.114475e-07 0.9771477 0.9737695 5.290841e-08 0.025675979 1.6089689e-15 0.21532841 0.61146766 1.8940167e-05 0.96954954 0.92620206 0.12577704 0.2514702 0.864381 5.84373e-06 1.9589503e-08 0.054460768 0.10285917 0.5492457 4.9074824e-06 6.180773e-08 0.15208776 0.0037715172 5.6568002e-08 0.048961535 0.15467562 0.0521463 1.2586059e-05 0.0026988054 0.030075975 0.024364242 1.2016449e-07 0.009734759 1.6105642e-09 2.355489e-08 1.2210028e-08 0.0034248708 6.893201e-07 2.8732424e-07 0.005068079 0.015657654 6.8556356e-09 0.01594646 4.730887e-09 0.0010346712 7.436235e-08 7.400366e-08 1.9541401e-08 2.0329495e-08 0.00047380012 0.004783544 1.1292213e-08 1.16361205e-08 0.0007738322 5.01165e-05 6.276765e-08 5.3046407e-09 6.6818015e-05 0.0006898308 4.6539095e-05 0.008177871 8.632038e-09 1.3799496e-06 2.3481984e-07 1.2909691e-09 0.0056958366 3.4712597e-05 0.0002523283 2.5941038e-08 5.478904e-07 0.0035981084 5.750065e-06 0.0002960456 2.8115796e-06 3.583212e-09 1.0195505e-05 7.306707e-07 1.0699614e-05 0.0010311516 1.02880186e-07 1.4322687e-09 1.0360803e-05 0.00016162923 3.6636968e-07 0.00010959424 9.578471e-05
0.7158107 3.800494e-05 1.6679256e-05 0.00024993764 0.0009040469 0.056222912 0.09854024 0.007793034 0.006337927 0.020269161 0.6180506 3.911952e-06 0.028661499 0.0072742873 0.96828467 3.3530139e-06 0.20809615 0.5616623 6.906481e-05 0.8305315 0.21532841 3.487611e-13 0.92416966 0.0022416117 0.17539632 0.14934492 0.9934963 0.5847615 0.017468374 0.0013930202 2.0155148e-05 0.010410023 0.8972905 0.18246152 2.067716e-05 6.436777e-06 0.15550977 0.28907353 1.29675645e-05 0.0042532855 0.05656513 0.36418277 0.00023093353 0.00036752416 0.0042623146 0.026203338 9.069388e-05 0.00011125472 1.3606943e-07 2.8555795e-07 9.97267e-06 0.00024616506 6.1889574e-07 2.0301955e-05 0.009584471 0.00095205905 4.98804e-06 0.0033280477 5.4595586e-07 5.1071827e-05 9.727333e-07 1.168717e-06 2.176956e-07 5.5853327e-08 0.008189483 9.7973454e-05 2.005293e-06 2.8359696e-06 7.1747336e-06 3.0954896e-05 4.9481486e-07 3.3054926e-07 2.2975387e-06 5.5020006e-05 0.0015063059 0.029002836 1.913439e-07 6.605267e-05 4.8409597e-06 1.8915203e-07 0.18525794 1.4525643e-05 5.3089134e-05 1.1996908e-06 8.633075e-07 0.0069166976 0.0002211832 6.101473e-05 0.0004563512 1.7498225e-07 6.014731e-07 5.829413e-06 1.487488e-06 0.0005766435 6.463288e-08 7.739011e-08 0.000100989906 9.951127e-07 3.6948957e-06 6.5782565e-06 9.170526e-06
0.89198405 2.4747436e-05 3.6498486e-07 7.215909e-05 0.00017034955 0.0035615074 0.022492662 0.00045147762 0.0030027744 0.006408679 0.44570893 4.2460188e-06 0.048815895 0.0010395369 0.19632748 1.3197631e-06 0.3384977 0.9549576 4.896048e-06 0.069995694 0.61146766 0.92416966 1.455807e-12 0.00026389514 0.589797 0.9860692 0.81995314 0.9519811 0.88249654 0.00022768977 1.5492229e-06 0.03248015 0.5809843 0.5466503 1.1384325e-05 7.1268977e-07 0.15446857 0.030601654 2.1624833e-06 0.026669212 0.2986423 0.4022114 0.00011079646 0.002345926 0.024250729 0.08136722 1.7156766e-05 0.0024129595 3.838732e-08 2.010529e-07 2.9972211e-06 0.0009274454 5.8769916e-07 3.5664716e-06 0.013339571 0.0029660368 2.0536186e-06 0.009846959 1.6238589e-07 0.0003813133 4.1244013e-07 1.7337688e-06 1.2133873e-07 2.9603325e-07 0.0013864377 0.00097013527 5.650204e-07 1.0187996e-06 3.0033976e-05 4.295105e-05 8.407795e-07 1.7701633e-07 2.0905586e-06 0.00029217827 0.00055187434 0.03930593 9.904653e-08 1.6134914e-05 8.558805e-07 1.1125311e-08 0.064745374 9.9128465e-06 0.000238441 3.1867322e-07 2.300819e-06 0.0063287974 6.4411644e-05 0.00019276237 0.0001392732 5.1684337e-09 5.9235344e-06 1.7541616e-07 6.3709444e-07 0.0006279759 2.8262295e-07 1.8584858e-08 8.262373e-05 8.194607e-06 2.2409222e-06 1.1068329e-05 1.7838158e-05
0.72171956 0.031905487 0.00087046035 0.32420015 0.004937494 0.15224455 0.018216945 0.6509727 0.0011229487 0.00045364638 0.008672793 0.0010502957 0.00047501962 0.9967523 0.018088724 0.005761966 7.4909454e-05 0.00040777063 0.24295104 0.16233468 1.8940167e-05 0.0022416117 0.00026389514 4.5346397e-11 1.6851614e-05 2.7962751e-05 0.000725219 0.00010388372 5.286746e-06 0.99756646 0.120512605 0.00012062738 0.0018896661 0.0002804323 3.5978064e-05 0.0008554733 0.000376879 0.71297735 0.10575253 9.891878e-05 1.0270433e-05 0.0058048987 0.10965791 4.2944903e-05 0.000101447455 0.00049314235 0.029796442 7.445481e-06 5.43621e-05 1.5037967e-06 0.0017442453 6.891604e-05 7.1824625e-06 0.00046720888 0.0005112926 8.6003456e-05 0.00032587044 3.8014543e-05 6.330729e-05 3.387524e-06 3.65094e-06 2.48925e-06 1.1997727e-05 2.6350468e-05 0.35261473 2.4798255e-05 4.8099955e-05 7.677941e-05 3.2998346e-06 2.1579285e-06 6.169548e-06 2.1368362e-05 4.7464462e-05 1.9015875e-05 0.13935989 0.007075282 1.2546337e-06 0.0022808337 4.65557e-05 1.0437956e-06 0.09510484 7.970296e-06 3.2335218e-05 5.2314313e-06 7.682269e-07 0.0005694587 0.0071817134 4.0936167e-05 0.013132759 7.642273e-06 2.1557797e-07 0.00015680694 4.169771e-06 8.117925e-05 1.1869766e-06 1.1552315e-07 0.0010161444 1.0286033e-06 0.00010343137 5.5014625e-06 3.2541168e-06
0.93300277 1.3713912e-05 1.2735839e-07 2.0385953e-06 1.5010451e-05 0.0021051827 0.00058407465 5.9877635e-05 0.0035421257 0.01726159 0.027777491 1.4969451e-07 0.64167744 4.4108994e-05 0.024766192 7.989076e-08 0.9694739 0.59640515 2.7565378e-07 0.03510648 0.96954954 0.17539632 0.589797 1.6851614e-05 8.88588e-15 0.54340374 0.2611438 0.3748012 0.83739513 1.8312538e-05 3.9240124e-08 0.35633206 0.115044415 0.979171 2.2343078e-05 3.0672524e-07 0.19668297 0.0025544781 9.757888e-08 0.070997365 0.66743726 0.058408774 1.2235683e-06 0.012237459 0.036770973 0.03215264 4.0847445e-07 0.033704318 1.036521e-07 5.83283e-07 8.227405e-09 0.0135933 3.0994345e-06 1.7003936e-06 0.016431808 0.0922933 4.5758814e-08 0.01900243 1.6748473e-08 0.0048466465 3.9979835e-07 1.4015302e-07 2.2937675e-07 1.2395125e-07 0.000110236484 0.0649684 5.534906e-08 1.3979814e-08 0.016934464 0.0012719084 3.3116265e-07 2.8645951e-08 8.839851e-05 0.0030047942 1.833779e-05 0.007961484 1.781251e-08 6.6695875e-08 4.9677073e-08 5.5668425e-10 0.0019410977 0.0005763128 0.0023255185 8.6346483e-07 3.2365651e-06 0.003340277 6.5405203e-07 0.0028900367 2.0788348e-06 2.0286024e-09 0.00091846485 1.1833659e-07 0.0001356778 0.0038498188 2.7330914e-05 4.9758984e-09 6.15016e-07 0.00020455322 4.0736728e-07 0.001158125 0.0008687819
0.65972275 1.1257596e-05 7.461424e-08 1.3888318e-05 1.4449527e-05 0.002435056 0.0044256267 5.1807765e-05 0.00036491803 0.0032674735 0.110622786 3.44639e-06 0.017358603 0.00033393656 0.028507039 1.3008208e-06 0.2882563 0.9764488 1.3239194e-06 0.010619225 0.92620206 0.14934492 0.9860692 2.7962751e-05 0.54340374 6.1389777e-13 0.13307859 0.5781506 0.98036605 1.5404901e-05 4.089929e-07 0.013840659 0.13071471 0.44640282 1.5609248e-05 1.3067855e-06 0.10809765 0.0032431267 2.8120851e-07 0.014382356 0.2802312 0.11313736 1.0267417e-05 0.0021368058 0.014102824 0.034725375 1.2693806e-06 0.0076607675 2.7191888e-08 2.8279686e-07 1.5526271e-07 0.0010435289 2.7023066e-07 1.8661568e-06 0.0074756346 0.010193002 1.49063e-07 0.0050665545 2.689595e-07 0.00064674724 1.6303475e-06 1.4518142e-06 6.093148e-08 2.0158721e-07 0.0004087956 0.0015155349 9.803106e-08 1.440021e-07 0.00018957832 0.00013685894 4.9385085e-07 2.0194657e-08 3.837444e-06 0.00034656335 6.771837e-05 0.013715988 4.741621e-08 1.0076959e-06 2.2916588e-06 1.4071867e-08 0.010211932 3.4510194e-05 0.00014283767 4.056348e-07 3.2428463e-06 0.0028633762 5.3828444e-06 0.00013731614 7.806705e-06 8.81721e-09 7.6503375e-06 4.0627435e-07 6.6886264e-06 0.00063661777 1.0927446e-06 8.307384e-09 1.5294263e-05 4.842026e-06 2.5881644e-07 5.7374968e-05 6.9295915e-05
0.771146 3.0751344e-05 2.769498e-06 4.693565e-05 0.00013257527 0.004225378 0.017012544 0.0003516339 0.0009203048 0.0027736397 0.22356379 1.3438918e-05 0.009222259 0.0015963754 0.17203908 1.4102352e-06 0.11592508 0.4027748 4.6884006e-06 0.29197952 0.12577704 0.9934963 0.81995314 0.000725219 0.2611438 0.13307859 4.4251087e-12 0.9636078 0.08892711 0.00023981134 1.2149047e-06 0.006204669 0.9464649 0.2251563 3.5103865e-05 1.40259e-06 0.73810285 0.15244083 5.416733e-06 0.043049917 0.07575929 0.66402346 0.0003814612 0.004321349 0.04579449 0.2063203 3.884399e-05 0.0021092764 6.5554985e-08 9.178615e-07 4.8769416e-06 0.00018726445 4.8367946e-07 5.425336e-06 0.069316946 0.002647123 2.5956087e-06 0.008526796 3.8742982e-07 0.0005669444 8.852084e-07 1.498697e-06 1.6354358e-07 2.1832088e-08 0.0073190555 0.0006777494 8.032358e-07 3.5470504e-07 1.4863175e-05 3.065749e-05 3.6348771e-07 1.5928654e-07 4.371195e-06 0.0002558035 0.0016099158 0.12326485 1.05375385e-07 5.484284e-05 1.7903064e-06 5.0465243e-08 0.23008072 5.927855e-05 0.0002954164 1.5140432e-07 1.3238903e-06 0.021533895 0.00044602418 0.0002448282 0.0003189117 1.8785721e-08 2.1513526e-06 1.2995537e-06 5.0410413e-06 0.0014723808 1.02597824e-07 2.1145215e-08 6.441005e-05 2.6834502e-06 2.1211524e-06 2.2118225e-05 0.00014339946
0.8578243 1.1721766e-05 7.489927e-08 1.018157e-05 5.1085906e-05 0.0005668695 0.0039618225 1.5936965e-05 0.0007200081 0.001181154 0.06862162 1.6423762e-06 0.0034821206 0.00036949734 0.008507566 3.7042645e-07 0.10631922 0.37027583 2.6089737e-07 0.0044600694 0.2514702 0.5847615 0.9519811 0.00010388372 0.3748012 0.5781506 0.9636078 1.3798159e-13 0.96249115 1.7228467e-05 2.161622e-07 0.00663129 0.61820143 0.34453487 2.0118362e-06 1.2732075e-07 0.9785839 0.010632743 1.10314986e-07 0.17383774 0.29616457 0.5507255 4.912251e-05 0.014272242 0.3703572 0.3083073 1.5594183e-06 0.030447282 1.1183606e-08 7.726313e-08 2.9763893e-07 0.00040672644 1.110711e-06 2.0763264e-06 0.109817356 0.022811381 2.6602157e-07 0.031376168 4.802668e-08 0.0023078283 7.0279405e-08 4.845835e-07 1.2440071e-08 1.0421106e-08 0.0018428904 0.0051192963 1.9303415e-07 4.4042352e-08 0.00013951953 0.00010162593 4.799115e-08 8.89498e-09 6.656022e-06 0.0011375797 0.0005346627 0.1502415 2.4091502e-08 4.089795e-06 1.6399355e-07 1.9750066e-09 0.05136727 0.00011221619 0.00092622475 3.9473132e-08 7.6603e-07 0.025091678 3.4279146e-05 0.00027187457 4.482267e-05 1.4623853e-09 3.7669263e-06 4.8099928e-08 3.5225146e-06 0.0021228415 2.25096e-07 5.8926375e-09 3.2222565e-06 6.0213115e-06 1.2296178e-07 6.854231e-05 0.0002401796
0.9333542 5.49559e-06 5.604467e-08 8.496347e-07 7.4371633e-06 0.00011560619 0.00051247474 1.6467002e-06 0.00022380795 0.00023753337 0.015682042 6.431227e-07 0.002750847 3.9432445e-05 0.0004730935 1.1321604e-07 0.1752503 0.5075725 6.715093e-08 0.00072146085 0.864381 0.017468374 0.88249654 5.286746e-06 0.83739513 0.98036605 0.08892711 0.96249115 1.7777099e-13 1.1671809e-06 9.66188e-08 0.024088228 0.15532365 0.80541295 1.581096e-06 5.358017e-07 0.9072067 0.0009557803 2.544895e-08 0.5611649 0.8542902 0.28833705 6.0278267e-06 0.116893664 0.48537236 0.36282432 6.297703e-08 0.24139261 5.8656834e-08 1.4686623e-07 1.8239594e-07 0.002497387 1.198538e-06 2.9203576e-07 0.14870182 0.25248525 4.5250474e-08 0.5845984 1.9069184e-08 0.025651379 2.7709431e-08 8.127448e-08 3.716272e-08 2.746046e-08 0.00032599943 0.06917728 8.1015855e-08 9.227307e-09 0.021622602 0.0048919693 1.9306601e-07 5.2245923e-09 2.1615893e-05 0.047439016 3.4898112e-05 0.11673094 5.982366e-08 3.474867e-07 1.6493381e-07 1.4779481e-09 0.009945156 0.0017859912 0.020465326 3.9505597e-08 3.272561e-07 0.05707043 1.546905e-06 0.009047266 6.75843e-07 8.853235e-10 0.0002391903 4.9423033e-08 3.9491606e-05 0.010864347 1.7193416e-06 7.1509404e-10 9.684625e-07 0.00034767794 7.70562e-08 0.000988185 0.0016043903
0.960293 0.07380923 0.001177272 0.5377892 0.0066263275 0.062834404 0.027016541 0.5639456 0.0018134973 0.0005584473 0.010782299 0.00045714268 0.0003680045 0.5334385 0.00931993 0.008360696 0.00026158267 0.000553492 0.26632398 0.049069196 5.84373e-06 0.0013930202 0.00022768977 0.99756646 1.8312538e-05 1.5404901e-05 0.00023981134 1.7228467e-05 1.1671809e-06 4.6622157e-13 0.261964 0.00023994745 0.0028031692 0.000101250764 0.00018121616 0.007406524 0.00014253068 0.88984674 0.41564113 1.4143439e-05 1.5929321e-05 0.0053367415 0.7603901 1.2430141e-05 6.0313774e-05 0.00062905124 0.4486752 9.869395e-07 0.00058469834 2.5361112e-07 0.024913406 7.0486817e-06 1.3258468e-05 0.0032113295 0.00071901764 8.332994e-06 0.0010282532 3.392718e-05 0.00016933963 8.9719975e-07 4.323278e-06 3.929934e-06 9.38726e-05 4.1241816e-05 0.92499673 3.7472485e-06 0.0006283 0.00049413095 1.7586137e-07 2.8469105e-07 5.764601e-05 0.00012931226 2.9228333e-06 1.7329217e-05 0.6444836 0.038841445 4.947878e-06 0.03177349 0.00021504198 2.148292e-06 0.60034794 5.218657e-07 1.9055378e-05 3.8158672e-05 4.872998e-08 0.0013430789 0.098187104 1.5312144e-05 0.1313395 0.00023488 3.388845e-08 0.000956987 2.4596073e-07 9.2882445e-05 5.123794e-09 4.679573e-08 0.010590634 2.4529925e-07 0.0010738008 5.793817e-07 7.3632486e-07
