3.799322e-17 0.85549414 0.8541802 0.81876075 0.45400637 0.6743606 0.6773958 0.8875113 0.9530966 0.8010127 0.9687377 0.97269845 0.8608994 0.943925 0.941781 0.86826825 0.91679204 0.60135734 0.6701385 0.9325546 0.9841184 0.9533773 0.92789966 0.8288656 0.7997356 0.91526026 0.7201132 0.8101971 0.8851553 0.17662202 0.9899598 0.17733464 0.9025485 0.942768 0.9571973 0.89385056 0.8982115 0.5812824 0.026440168 0.81975645 0.94504786 0.7460168 0.3506581 0.8460785 0.57272655 0.192281 0.9797627 0.8913781 0.15909457 0.7967801 0.8504761 0.96176165 0.95125633 0.4335057 0.45717102 0.8552957 0.08532338 0.0032618323 0.023769382 0.012722395 0.8017219 0.80013055 0.91793555 0.18395029 0.28917652 0.5950276 0.0011489453 0.11008538 0.0064049545 0.3699328 0.48834607 0.00020730992 0.010943038 0.2737255 0.43771166 0.9616454 0.80094326 0.7822484 0.0031606788 0.9179833 0.033286363 0.00029280005 0.7456004 0.99994427 0.9973663 0.9987135 0.9973844 0.12035311 0.013193719 0.9994355 5.4997814e-05 1.0239227e-05 0.007272099 0.8823268 0.9999939 0.9960748 0.091266386 0.0007352134 0.87152326 0.0026302552 0.7558115
0.85549414 2.2631587e-14 0.9171788 0.12946379 0.9915892 0.90706193 0.9240904 0.053270537 0.052821312 0.26430145 0.001724748 0.002145832 0.11671513 0.4897536 0.9312915 0.016431214 0.00061300636 0.3353121 0.0036940363 0.5376544 0.0013169105 0.55986154 0.00020398985 0.00019895037 0.00062236324 0.00057176413 0.008020228 3.403889e-05 5.8616633e-06 0.018768527 0.8340756 0.0007008919 0.0017037814 3.0049016e-05 1.3885814e-05 0.0013951261 2.7624892e-06 5.5049004e-06 0.0008713536 0.018683095 8.461359e-05 0.00017617756 0.15530157 0.21678883 3.020719e-05 0.0008925372 0.03144107 8.887116e-06 0.000238025 2.4913563e-06 0.0001707653 0.07725332 0.0085250605 0.00010277807 3.4854259e-06 7.9574034e-05 1.1698711e-06 0.00010625874 3.4919137e-06 0.00022666175 2.2386226e-05 2.9551766e-05 3.2642978e-07 1.6117715e-06 0.59959984 0.15669337 5.2169275e-06 9.274856e-06 0.01635624 5.6774998e-06 1.1509093e-06 1.1866614e-05 0.0004358225 1.371246e-07 3.1661823e-08 0.012743148 0.0003837329 6.2124695e-07 3.0844978e-07 0.0525522 1.1074695e-05 8.400878e-05 3.393731e-05 6.106257e-05 0.026261186 0.001026499 0.014981514 1.8108727e-06 0.00023930872 2.6799282e-06 3.1444685e-08 7.324424e-08 0.00073089864 7.366079e-07 0.0073378626 2.623619e-06 8.338523e-07 0.0008281073 1.2476998e-08 3.6590823e-08 2.8474195e-08
0.8541802 0.9171788 1.7126433e-12 0.9928212 0.036096178 0.021831887 0.008138452 0.9420808 0.8135037 0.0037195275 0.058806058 0.14720884 0.0057517267 0.07728971 0.86768585 0.0010419284 0.0110660335 0.54213893 0.2253103 0.018535843 0.00021993315 0.9111757 9.4082054e-05 7.812161e-05 0.0003490284 4.280437e-05 0.000431744 2.8921648e-05 3.9105136e-05 0.061814297 0.40920934 0.01424866 0.00032457086 0.00013705135 1.5874939e-05 2.9877281e-05 1.0736718e-05 1.8446362e-05 0.010209848 0.00072060816 0.00015087095 0.0011444655 0.26691303 0.0034716607 5.2009895e-05 0.00016523998 0.009628955 1.5473352e-05 0.0031770796 3.4202126e-06 0.00027966392 0.31411073 0.0041871076 4.3397744e-05 2.241247e-06 4.0260562e-05 3.538305e-06 2.655686e-05 3.0567442e-06 0.0001663474 5.0235963e-06 2.843892e-06 1.2659079e-05 1.9689118e-05 0.014827408 0.00054409925 7.866538e-06 3.8412905e-05 0.002183602 5.4698485e-06 5.76464e-05 2.1209078e-06 3.3948025e-05 1.2599953e-07 1.3876142e-06 0.006484129 0.0013829092 0.00026530193 3.4445682e-07 0.018484442 3.6919826e-06 1.2739844e-06 9.2036666e-05 5.778483e-05 0.03576652 0.0017686931 0.00970207 2.580555e-06 0.002450665 0.00021121476 7.1694934e-08 2.9000057e-07 2.777119e-05 8.462259e-06 0.009234989 1.1180621e-06 6.658463e-05 3.5023542e-05 3.7389646e-07 1.14324564e-07 4.248489e-08
0.81876075 0.12946379 0.9928212 2.799678e-12 0.00096414326 0.0006032281 0.0003300464 0.9669722 0.8774797 0.00027656683 0.77477175 0.88770956 0.00066012016 0.0029852816 0.7276727 8.955542e-05 0.060580514 0.5802987 0.40343612 0.00071126764 5.3923213e-05 0.7243108 1.0848267e-05 1.4876689e-05 0.0094603775 5.086173e-06 3.8789905e-05 4.66924e-06 0.00080225256 0.05147318 0.06219641 0.05627541 0.0036957401 0.0033189303 9.731101e-07 1.192276e-06 4.594074e-07 0.00025323642 0.01546288 5.88609e-05 0.0012424382 0.0026626678 0.16129716 0.00029000215 5.5454075e-05 8.12931e-06 0.002793888 0.00017404383 0.017710047 3.478879e-05 4.1129326e-05 0.19535995 0.015171585 0.0003750776 4.319944e-06 8.658062e-06 7.19235e-05 0.00013540273 1.3245433e-06 1.08145205e-05 9.433802e-05 1.958307e-05 2.3621544e-06 2.2805596e-06 0.0015965414 0.00018943737 1.0054165e-05 1.7329737e-06 0.0006174135 2.3698454e-05 5.0158023e-06 6.537985e-06 0.00012385205 2.3207282e-07 6.1639724e-08 0.0017782387 0.00030630943 5.7592325e-07 9.5419594e-08 0.0033399358 2.244938e-05 1.0855169e-07 0.00011798913 0.00017303281 0.013297668 0.0005995118 0.004438874 2.2509118e-06 0.00036205712 7.2757575e-05 3.182809e-08 1.13389795e-07 6.8144236e-06 1.3321492e-06 0.0074458006 3.3110755e-06 2.5993327e-07 2.2918763e-05 4.7629126e-08 6.998832e-08 7.037072e-09
0.45400637 0.9915892 0.036096178 0.00096414326 3.0573153e-14 0.95508957 0.98180836 0.0005997991 0.0017844029 0.32856286 0.00022618606 0.00014792604 0.42062318 0.5259594 0.2637928 0.040133078 0.00016214796 0.0043929494 0.00027911612 0.2760614 0.0058313124 0.049213808 0.0022305218 0.0024255775 0.000103604616 0.0022070198 0.008195155 0.00024017363 2.3265331e-06 0.00048967276 0.40235505 4.425255e-05 0.00026536974 8.8795005e-06 7.805108e-05 0.0014952368 3.8727474e-05 1.3035145e-06 7.833647e-05 0.01682623 1.6195441e-05 5.996295e-05 0.006804423 0.07809975 3.673162e-06 0.00050723535 0.0182478 6.377994e-06 4.5110787e-06 7.7360266e-07 0.0011095301 0.006946471 0.0009086582 4.035459e-05 1.4457349e-06 0.00013997279 1.7786965e-06 1.465153e-06 2.8738372e-05 0.00029756813 2.2439544e-06 5.1317016e-07 5.896231e-05 0.0002839602 0.1200793 0.049913373 5.318628e-07 8.402313e-05 0.0017439252 6.2118143e-06 0.00014795568 1.4856202e-07 3.1759857e-05 3.2550431e-09 4.09294e-06 0.005691457 0.0012478345 8.0251164e-05 1.4725858e-06 0.019151725 1.2229957e-06 0.000116796604 2.276258e-05 3.3262797e-06 0.0038172482 0.001083864 0.0049649826 1.3249767e-06 3.9983365e-06 0.0003062516 5.9237433e-08 2.6030463e-07 0.00021218021 1.2047033e-06 0.0009393001 2.6422979e-06 1.628409e-05 0.00038183026 5.147062e-07 1.2806504e-07 3.922748e-08
0.6743606 0.90706193 0.021831887 0.0006032281 0.95508957 8.0119147e-13 0.9047503 0.00023172311 0.0008062736 0.8441979 9.087692e-05 9.8930286e-05 0.9945296 0.91445935 0.10911759 0.38649696 4.4327313e-05 0.001642385 0.00015100613 0.37453797 0.10579868 0.05538124 0.007907792 0.043034606 1.4261899e-05 0.019431556 0.03614411 0.0018098301 5.457507e-07 0.0002253556 0.58083993 1.1377411e-05 0.0001807748 1.5186876e-06 0.00061792234 0.0067149815 0.00019517656 6.3410494e-07 9.845216e-05 0.028360654 2.7358437e-06 6.4017295e-06 0.00088029285 0.06630881 3.8905923e-06 0.001895889 0.16037428 5.564776e-07 2.2360314e-06 5.1162544e-07 0.0017381951 0.012036159 0.0007461705 2.4625482e-05 9.549193e-07 0.0014209434 2.7873344e-07 9.831279e-06 4.9770046e-05 0.0009868859 3.302822e-06 2.7020214e-06 0.00031639522 0.00024504145 0.05670569 0.046923727 2.5560037e-06 0.0004621528 0.00025054763 3.00619e-06 0.00011968922 2.2436893e-06 0.00045751446 1.5457084e-07 3.358751e-05 0.022019653 0.00716931 0.00063781213 3.203561e-07 0.07578342 2.753251e-05 0.00045756815 7.0428223e-06 3.337592e-06 0.008036659 0.006811854 0.013083107 1.9430338e-07 7.629915e-06 0.00045560807 3.5090057e-08 3.3928438e-07 8.2241044e-05 2.4445455e-05 0.001657356 2.4484195e-06 0.0004591512 0.0002323283 7.1233267e-06 8.296843e-08 5.047535e-08
0.6773958 0.9240904 0.008138452 0.0003300464 0.98180836 0.9047503 7.920559e-15 0.0002682923 0.0002864926 0.9932266 6.450951e-05 5.5443765e-05 0.65424997 0.5891727 0.09479421 0.15764016 2.8836603e-05 0.0006813231 3.6049914e-05 0.5176985 0.08958064 0.0208757 0.018927922 0.015564098 2.9955285e-05 0.012587692 0.046600815 0.00070977054 2.9144675e-07 0.0001231387 0.5465856 1.2508042e-05 9.3721246e-05 3.9276838e-07 6.8601556e-05 0.0070834337 4.9025166e-05 2.5161853e-07 4.7463516e-05 0.07535388 2.3765413e-06 4.3241275e-06 0.0013702561 0.1794417 3.65122e-07 0.0031422896 0.09338989 2.3796855e-07 1.3628169e-06 4.4677076e-08 0.0009607133 0.008959028 0.0008039878 7.450353e-06 1.659276e-07 0.00039722509 1.0975384e-06 1.7998804e-07 7.481329e-05 0.0011683999 4.670213e-07 1.6181174e-07 1.2036944e-05 0.00034997516 0.24050747 0.11992143 2.5649882e-07 0.00013798405 0.0015791423 3.3034805e-06 8.47167e-05 1.6744961e-08 0.00014261989 9.501329e-09 1.6911141e-06 0.013372185 0.0029117703 9.600231e-06 2.4066887e-06 0.036922824 3.4774922e-07 0.0007405096 2.065486e-06 1.2057653e-06 0.006140994 0.003533044 0.0068685547 2.2623684e-07 2.3780058e-06 0.00061197014 1.4056356e-09 1.3241511e-07 0.00032307 1.8862125e-06 0.0012823476 1.3512717e-06 4.588148e-06 0.00042558782 3.337076e-08 5.3487682e-08 1.0211652e-08
0.8875113 0.053270537 0.9420808 0.9669722 0.0005997991 0.00023172311 0.0002682923 1.5708515e-12 0.76575315 0.00021376362 0.28255603 0.9062663 0.00012299353 0.0018040753 0.26711768 2.564032e-05 0.054325208 0.18047981 0.24441677 0.00020328141 3.7692032e-05 0.9715206 3.829569e-06 4.667704e-06 0.008255189 5.0334194e-07 8.924834e-06 2.242098e-06 0.00084418384 0.017890504 0.15673302 0.016495317 0.00891814 0.0013256004 8.0585846e-07 1.4192567e-07 4.5727253e-07 0.00017014092 0.0072789122 1.3435714e-05 0.0015665053 0.0036023126 0.052753225 0.00015088436 8.028522e-05 2.0162606e-05 0.005027143 0.00020977165 0.008801981 1.0763126e-05 7.594876e-05 0.62105125 0.08344029 0.00074501015 3.0653678e-06 2.9130933e-06 6.1020663e-05 0.00032238828 7.8058224e-07 1.042652e-05 9.456194e-05 6.2004954e-05 3.2175215e-06 8.9941847e-07 0.0008558686 1.3138027e-05 1.2515762e-05 1.998052e-06 0.00047363862 1.777592e-05 5.9645413e-06 1.513035e-06 3.7962374e-05 2.6626677e-07 6.3552096e-07 0.009041591 0.00067548937 2.9298103e-06 4.3386006e-08 0.0219368 5.4109434e-05 2.3050193e-07 0.0006378201 0.00023412656 0.046519965 0.001518036 0.013271158 2.5107467e-05 0.00075100333 6.299875e-05 4.9293465e-07 1.3547911e-07 5.611866e-07 8.652755e-06 0.02323223 7.942418e-06 2.2049293e-05 5.7420475e-06 4.5431634e-07 3.7756604e-07 2.400779e-08
0.9530966 0.052821312 0.8135037 0.8774797 0.0017844029 0.0008062736 0.0002864926 0.76575315 1.6085908e-12 0.00020817394 0.68131906 0.8030294 0.00061235804 0.0045806 0.6867478 4.2317388e-05 0.15117802 0.97627634 0.98706293 0.0007229778 4.6944784e-05 0.6710025 7.844116e-06 4.3158466e-06 0.012930123 4.922451e-07 5.4309814e-05 1.4133412e-06 0.0016845124 0.2141562 0.04549762 0.36129373 0.008408177 0.0011991545 1.1290432e-07 2.0460013e-07 5.195283e-07 0.0003480178 0.16655858 1.7559392e-05 0.0026577308 0.015919195 0.3104345 0.0010408866 0.0002081005 3.590692e-06 0.0013626567 1.9277368e-05 0.116239265 3.4628533e-06 7.734416e-06 0.10866974 0.023213202 0.00013494908 4.153233e-06 8.712647e-06 0.00023780353 0.0036279336 3.306656e-07 3.861755e-06 7.3137424e-05 1.188113e-05 6.641786e-08 7.049377e-07 0.0073372154 0.0001274175 0.0011654209 2.1043677e-07 0.0036442613 4.1655576e-06 4.5660715e-07 1.2496793e-06 6.886181e-06 1.4322177e-06 1.9572884e-08 0.0018421058 0.00033447967 2.0412956e-06 2.5599139e-08 0.0046747657 3.8215156e-05 2.594308e-07 0.00030436285 0.00016009544 0.012302865 0.0003585496 0.0038024916 4.6295623e-05 0.016941532 2.698171e-05 4.8428734e-07 1.2553146e-08 0.00010911399 2.0297375e-06 0.014442709 3.1024054e-05 6.933772e-06 0.00021391778 9.4937485e-07 1.2363409e-08 3.597005e-08
0.8010127 0.26430145 0.0037195275 0.00027656683 0.32856286 0.8441979 0.9932266 0.00021376362 0.00020817394 1.3281586e-13 1.6761698e-05 1.0329212e-05 0.6218837 0.41501072 0.03388004 0.97982454 1.822784e-05 0.00036671347 2.1743605e-05 0.9053969 0.35506976 0.007783998 0.4103536 0.71522415 1.1959617e-05 0.26385704 0.31424716 0.032139726 2.195154e-07 0.00013620869 0.25448057 9.900352e-07 6.5610744e-05 2.977218e-07 0.00085245393 0.06394503 0.0004768072 1.0183144e-07 2.1106343e-05 0.20248625 1.3236541e-06 1.1679358e-06 0.0005325043 0.31313336 6.590731e-07 0.014392954 0.1369218 6.333537e-07 1.1975407e-06 7.1865664e-08 0.001901886 0.0038908334 0.0004610371 1.01793385e-05 2.7382805e-07 0.0045955726 5.204006e-07 1.0985259e-06 0.00052522647 0.005080572 1.8707167e-06 6.665413e-07 6.84504e-05 0.00079517066 0.21611932 0.21440145 1.2178118e-06 0.00062235165 0.00015774286 1.4979097e-06 0.00033218926 5.65584e-08 0.0008022063 3.5473768e-08 1.2559823e-05 0.015965352 0.005111915 0.0001355976 2.523834e-06 0.021360934 6.3933066e-07 0.001312168 8.8078315e-07 1.3595378e-06 0.0030902028 0.0045462544 0.004638282 3.803153e-08 4.5838112e-07 0.0003497243 1.9829796e-08 2.8231102e-07 0.00021420627 5.996052e-06 0.001388514 5.7085063e-06 5.9253343e-05 0.00019383081 5.4873308e-08 8.2158685e-08 1.0442655e-08
0.9687377 0.001724748 0.058806058 0.77477175 0.00022618606 9.087692e-05 6.450951e-05 0.28255603 0.68131906 1.6761698e-05 3.079157e-13 0.9774752 2.8468512e-05 0.00020874331 0.034192674 3.6513472e-06 0.9790087 0.18217383 0.6691942 4.4016255e-05 4.1820326e-06 0.20828134 1.1472185e-06 3.235752e-07 0.9061976 1.00870494e-07 3.2020355e-06 1.1571335e-07 0.13964769 0.004915244 0.007930987 0.19369309 0.24304543 0.5394121 7.2085726e-08 1.7889553e-07 7.9413724e-08 0.06377937 0.022979168 3.5319538e-06 0.05939177 0.3388502 0.012635036 9.050872e-05 0.033036307 5.7679854e-06 0.0005164729 0.0073919417 0.25522006 0.0076961075 1.7394397e-06 0.08596599 0.14008187 0.0044224453 0.0008250633 2.6481682e-06 0.008293913 0.0063032075 9.031721e-07 1.0367376e-05 0.0002924827 0.0005861599 3.3982243e-08 1.4214518e-06 0.00035522334 1.4317187e-05 0.0007631855 1.8207771e-07 0.00012231753 0.00050814345 1.1840744e-06 6.48283e-05 1.5194633e-05 1.2814238e-05 1.6234106e-08 0.0024358016 0.00020357822 1.3893795e-06 8.258697e-08 0.0041294927 0.00025887138 4.2104613e-08 0.002494244 0.0015362225 0.018709952 0.0003978582 0.0057511427 3.9637474e-05 0.0011095841 2.1366242e-05 1.9137522e-06 3.933139e-08 3.3143926e-06 1.6802101e-06 0.066465564 1.105334e-05 3.712115e-07 7.0208002e-06 5.5255573e-09 7.052756e-08 1.0762582e-07
0.97269845 0.002145832 0.14720884 0.88770956 0.00014792604 9.8930286e-05 5.5443765e-05 0.9062663 0.8030294 1.0329212e-05 0.9774752 3.0167953e-14 2.2312968e-05 0.0003431105 0.06790431 7.499741e-06 0.742444 0.20150839 0.59662014 2.7913486e-05 2.8574138e-06 0.7416634 7.306309e-07 4.0522613e-07 0.85554856 3.0067562e-07 1.1130745e-06 1.5401183e-07 0.15028064 0.010450198 0.021805407 0.1468932 0.7447304 0.28359038 3.4358887e-08 5.9148954e-07 7.667575e-08 0.016699506 0.014778281 1.3014153e-06 0.07044107 0.22963795 0.014936718 6.590429e-05 0.0143181635 4.472184e-06 0.0015697422 0.006954956 0.13132277 0.0053530377 4.131147e-06 0.62315327 0.5568954 0.007562046 0.0004260134 3.2287917e-07 0.0030870023 0.0026617171 3.0727125e-07 1.0022692e-06 0.00067452504 0.00092088204 4.9743914e-08 1.1670567e-07 0.00023394644 9.513457e-06 0.00034079968 4.5762113e-07 0.00020597107 0.0005634409 3.3711825e-07 0.00012613353 3.5214078e-05 7.472227e-06 5.64404e-08 0.0054272334 0.0001853555 1.7279782e-06 2.1759494e-07 0.02367852 0.0006283833 6.3813363e-09 0.012688003 0.0032120293 0.061278194 0.0004558973 0.010917395 4.7665097e-05 0.0007932252 2.6685017e-05 8.221731e-06 2.1829477e-07 1.6208812e-06 1.1592924e-06 0.093711175 1.30816525e-05 7.5636564e-07 3.403128e-06 1.7540367e-08 1.7759632e-07 6.6577326e-07
0.8608994 0.11671513 0.0057517267 0.00066012016 0.42062318 0.9945296 0.65424997 0.00012299353 0.00061235804 0.6218837 2.8468512e-05 2.2312968e-05 1.3602134e-12 0.9843781 0.054154452 0.50788134 5.495891e-05 0.00049111736 5.116465e-05 0.26680532 0.61245453 0.0077580074 0.07182409 0.21093513 9.393032e-06 0.11103567 0.08457182 0.034201317 1.6409929e-07 0.00011384331 0.54598427 4.739194e-06 5.7265086e-05 1.0088046e-06 0.022018792 0.042753052 0.010597494 6.760938e-07 0.000104980136 0.065587744 1.4183346e-06 1.16766805e-05 0.0004663246 0.09177777 5.253431e-07 0.0061658435 0.89014393 4.6640176e-07 1.02681415e-05 1.024158e-07 0.008237892 0.016682416 0.000727811 1.3220603e-05 1.2242448e-07 0.011362091 1.937009e-06 3.7931037e-05 0.0001354713 0.00089978793 2.3125572e-06 4.470732e-07 0.00322461 0.0015720186 0.027260147 0.0397881 4.735634e-06 0.0008096524 0.00011673636 3.0343247e-06 0.00031761813 9.074034e-07 0.0005320264 5.161873e-07 4.6238223e-05 0.19493383 0.04140281 0.002344973 1.904939e-06 0.27584013 9.857096e-06 0.00028461276 3.721908e-06 2.778058e-06 0.015294644 0.053351313 0.04021895 2.1180517e-06 1.470706e-05 0.0013223315 1.2036473e-07 8.725223e-07 6.6887835e-05 1.7433415e-05 0.003619113 4.3883264e-07 0.00026804602 0.00011903628 2.6187593e-06 1.1874731e-07 1.2881479e-07
0.943925 0.4897536 0.07728971 0.0029852816 0.5259594 0.91445935 0.5891727 0.0018040753 0.0045806 0.41501072 0.00020874331 0.0003431105 0.9843781 1.6129335e-14 0.12486944 0.26009786 0.00033942892 0.002631338 0.00022488991 0.2361808 0.24499749 0.055691592 0.025147717 0.0680668 3.1395142e-05 0.022254508 0.025550576 0.01157712 5.4654555e-07 0.00019781275 0.9718752 8.161633e-06 0.0001383315 7.5113016e-06 0.014750119 0.0062255915 0.007667181 5.7717085e-07 9.645488e-05 0.01611794 3.2423363e-06 2.3028417e-05 0.0006311454 0.034080986 2.218957e-07 0.0010054319 0.8943522 4.0892542e-07 1.04634255e-05 2.768179e-07 0.009866934 0.09604614 0.0027257735 1.12157395e-05 1.3434484e-07 0.0023337677 2.4072212e-06 3.4367982e-05 5.12226e-05 0.00032115774 4.5716383e-06 7.15358e-08 0.0032452943 0.0012063446 0.01708132 0.010712229 1.2528163e-06 0.00017042558 7.028635e-05 1.8152732e-06 0.00019550965 3.0088873e-07 0.00030298345 4.8901654e-07 3.1709405e-05 0.26575285 0.021263838 0.0009705012 5.2579674e-07 0.48276126 1.3721004e-05 4.4928853e-05 1.4172861e-05 1.1302175e-05 0.05008128 0.051519282 0.10240224 7.84935e-07 2.4558994e-05 0.0010892206 2.570312e-07 2.0653863e-07 8.931804e-05 2.5635212e-05 0.015976 4.8618557e-07 0.0002448144 0.00015871148 1.0641178e-06 6.880659e-08 3.017334e-08
0.941781 0.9312915 0.86768585 0.7276727 0.2637928 0.10911759 0.09479421 0.26711768 0.6867478 0.03388004 0.034192674 0.06790431 0.054154452 0.12486944 1.415221e-16 0.011628557 0.0016247901 0.9874702 0.03825605 0.20528246 0.003405893 0.5447236 0.0007853429 0.0006938496 0.00040771754 0.00016992557 0.016573349 9.605584e-05 2.8023003e-05 0.93802774 0.31506017 0.0035920932 0.00017900128 3.3905683e-06 1.206424e-05 4.301196e-05 2.5013973e-05 5.142919e-06 0.080575384 0.018953066 3.5218178e-05 7.2079514e-05 0.89046043 0.17872928 2.769099e-06 0.00073141634 0.021225486 1.357729e-06 0.0014465424 2.0630576e-07 0.00030593254 0.03542375 0.0004914142 8.2751634e-05 2.0538661e-07 1.2458743e-05 3.9117702e-07 5.101755e-05 1.7620889e-05 0.0011171534 2.7459613e-05 1.5541269e-06 1.3236088e-06 7.400454e-05 0.7201771 0.025222462 3.5716945e-05 1.078617e-06 0.19350302 8.376198e-07 3.252065e-05 1.1418146e-06 0.00018863547 4.319583e-07 4.6965674e-06 0.007819935 0.0017289806 7.124509e-06 1.6348027e-07 0.007134427 2.327463e-06 6.565907e-05 9.354378e-06 1.9069503e-05 0.020350607 0.0017510487 0.010265059 6.4302577e-07 0.09380592 0.0001282548 1.8190839e-08 1.7304304e-06 0.006057753 1.0658886e-05 0.0023925283 1.3670757e-05 2.2452616e-05 0.0039854045 9.015233e-07 3.5048185e-08 4.799875e-08
0.86826825 0.016431214 0.0010419284 8.955542e-05 0.040133078 0.38649696 0.15764016 2.564032e-05 4.2317388e-05 0.97982454 3.6513472e-06 7.499741e-06 0.50788134 0.26009786 0.011628557 1.7427059e-15 1.9350425e-06 8.672115e-05 5.8380756e-06 0.96201766 0.5729626 0.0018107546 0.53110987 0.9505362 1.8273468e-06 0.9439672 0.82625145 0.58158857 1.1838179e-08 8.5288775e-05 0.075617716 1.2708232e-06 6.482901e-06 6.1223766e-08 0.0045322673 0.5325524 0.004990191 5.2281536e-08 3.1969565e-05 0.4808908 7.3764376e-08 1.6128517e-07 0.0009935733 0.5542631 1.5133705e-07 0.15092278 0.22356321 1.0679677e-08 1.2919959e-06 2.1097316e-08 0.0019692152 0.0015301494 0.00015984221 1.2926847e-06 9.1218446e-08 0.062803864 2.7509702e-07 7.615179e-08 0.0027272475 0.022667177 1.0953629e-07 1.3444378e-07 5.4731496e-05 0.0015358027 0.15542251 0.39626825 1.2380151e-06 0.0029084398 0.00017246888 1.1379782e-06 0.0001432267 5.7719336e-07 0.008508629 6.149341e-08 2.2497807e-06 0.017484207 0.003383803 3.8538026e-05 1.7682098e-05 0.017191531 1.6099725e-06 0.005101875 1.514868e-07 3.6989516e-07 0.0021135262 0.0057379673 0.0040532877 1.6461546e-07 3.5005194e-06 0.00055949885 3.762819e-08 1.6683927e-06 0.000220356 2.8191002e-06 0.00090815884 8.0635965e-07 2.4245875e-05 0.00058524276 1.7690157e-07 1.7423854e-07 1.3767672e-08
0.91679204 0.00061300636 0.0110660335 0.060580514 0.00016214796 4.4327313e-05 2.8836603e-05 0.054325208 0.15117802 1.822784e-05 0.9790087 0.742444 5.495891e-05 0.00033942892 0.0016247901 1.9350425e-06 1.4137286e-13 0.079997934 0.90665704 1.930456e-05 3.1934173e-06 0.04882413 2.511713e-06 7.1794597e-07 0.79360473 2.5093127e-07 5.0329904e-06 7.0629704e-07 0.21482322 0.0032376943 0.0033650415 0.41241086 0.30813828 0.8182435 1.9429986e-07 1.2383144e-07 1.8550924e-07 0.3348198 0.056185957 1.0049788e-06 0.19718617 0.9546842 0.012680027 5.8643218e-05 0.24274467 3.2016083e-06 0.00017319954 0.030236099 0.7390589 0.011915673 1.6027723e-06 0.020819193 0.08229467 0.014512711 0.0029867324 9.4535073e-07 0.16855192 0.13497815 1.4932529e-06 2.8277732e-06 0.0014199925 0.0022635201 2.4721265e-08 4.3391146e-06 0.00021148627 7.898321e-06 0.0077382377 1.4736992e-07 0.00010447427 0.0018750044 4.4832573e-06 0.0012167084 1.4889222e-05 3.8002217e-05 2.5432053e-07 0.00097311614 7.679193e-05 4.90679e-06 2.690829e-07 0.00083592406 0.005316504 4.8259346e-07 0.0040988266 0.002196962 0.0037792563 7.976093e-05 0.0012610827 0.00031280515 0.006256775 6.185827e-06 1.2337137e-05 1.4640419e-07 1.0037872e-06 3.33353e-06 0.026913805 0.00026175685 1.6391513e-06 1.1841766e-05 3.6245943e-08 1.2092264e-07 1.1974625e-07
0.60135734 0.3353121 0.54213893 0.5802987 0.0043929494 0.001642385 0.0006813231 0.18047981 0.97627634 0.00036671347 0.18217383 0.20150839 0.00049111736 0.002631338 0.9874702 8.672115e-05 0.079997934 1.5486e-15 0.57976973 0.001700041 5.459731e-05 0.15029803 2.8302353e-05 9.337346e-06 0.007310384 3.649363e-06 0.00023474901 4.1472567e-06 0.0001873879 0.9842404 0.016639238 0.34931293 0.0019735016 0.00010092742 2.046532e-07 4.1674346e-07 1.8655686e-07 0.00019618934 0.7162276 5.290168e-05 0.0002577105 0.002142551 0.5793797 0.002163515 6.958677e-05 2.0543384e-05 0.0012894842 3.1758736e-05 0.05227374 2.1900469e-06 1.2081497e-05 0.012363551 0.0028678756 0.0005819091 4.069105e-06 5.2156963e-07 3.7183604e-06 0.0007401005 1.505251e-07 1.2349746e-05 1.0847759e-05 2.9815415e-06 8.10729e-08 7.708976e-07 0.01492858 0.00023550467 0.00040120224 7.837229e-08 0.017375588 7.686263e-07 1.5173297e-06 2.0520854e-06 6.085901e-06 6.121452e-07 1.4340881e-07 0.001016062 0.00026322628 2.8817246e-07 2.4355504e-08 0.0010143028 5.9816676e-07 2.997607e-06 0.0004028111 5.6945304e-05 0.002964657 0.00017699602 0.001788444 2.4458022e-05 0.059927557 1.9121733e-05 2.8147605e-07 5.057066e-08 0.00015613441 6.8868667e-07 0.0017122818 2.0747677e-05 1.9195043e-06 0.00039534338 2.5905354e-07 3.6052863e-09 5.8862906e-09
0.6701385 0.0036940363 0.2253103 0.40343612 0.00027911612 0.00015100613 3.6049914e-05 0.24441677 0.98706293 2.1743605e-05 0.6691942 0.59662014 5.116465e-05 0.00022488991 0.03825605 5.8380756e-06 0.90665704 0.57976973 9.404036e-14 1.278159e-05 2.8621378e-06 0.08269378 2.537511e-06 1.275533e-06 0.08736978 2.675887e-07 7.0673946e-06 4.316326e-07 0.01488955 0.096191116 0.0039613424 0.9951668 0.019845389 0.008960582 6.71508e-08 7.840847e-08 5.511782e-08 0.004913088 0.43125924 2.1657563e-06 0.011308963 0.21034211 0.21554983 0.00014930466 0.0023455184 1.0349884e-06 0.00012534737 0.00045925038 0.63166416 2.8425891e-05 1.5792854e-07 0.013227326 0.00814219 0.0010282871 1.0570533e-05 4.78418e-07 0.004546187 0.06667621 1.8303211e-07 2.7231007e-07 0.0004010049 9.4451185e-05 1.9813614e-08 5.5863982e-08 0.0007239462 8.099316e-06 0.008124509 6.841492e-08 0.0006434469 2.3613853e-05 4.465708e-07 0.00012303388 4.9789367e-07 7.5396457e-07 3.001091e-08 0.00048616965 3.583667e-05 3.3788865e-08 1.7836786e-08 0.00079354306 0.00015738884 2.8084136e-07 0.0007191589 0.00025572444 0.0031881246 7.927628e-05 0.0011403271 0.00019203503 0.02927576 5.386988e-06 1.7686743e-06 8.42179e-09 9.542985e-07 2.6225794e-07 0.0058894227 3.6853467e-05 2.5115202e-07 5.429252e-05 1.663634e-08 6.7717596e-09 1.5924817e-08
0.9325546 0.5376544 0.018535843 0.00071126764 0.2760614 0.37453797 0.5176985 0.00020328141 0.0007229778 0.9053969 4.4016255e-05 2.7913486e-05 0.26680532 0.2361808 0.20528246 0.96201766 1.930456e-05 0.001700041 1.278159e-05 1.5643876e-15 0.10756402 0.0052276505 0.022025097 0.066605575 8.532794e-06 0.8103293 0.98218375 0.0027142288 1.4183289e-08 0.0021641885 0.11049547 5.324797e-06 4.0261137e-05 3.637797e-07 8.140501e-05 0.20496182 4.235449e-05 9.78424e-08 0.00021427858 0.78284377 1.0421569e-07 1.5854702e-06 0.01623801 0.89638525 7.520375e-08 0.10302725 0.020575449 1.3566206e-07 2.1447852e-06 5.605129e-08 0.00011943598 0.002697233 0.0001475769 1.785373e-05 1.3646111e-07 0.0017732955 8.4070894e-07 1.1843669e-06 0.00016094645 0.016427163 1.159686e-06 3.8269567e-07 1.7503656e-06 6.1730534e-05 0.7358395 0.7964982 6.0639377e-06 9.997291e-05 0.0023945642 1.0007278e-06 5.04639e-06 1.5751872e-06 0.0019968303 1.8965451e-07 1.15055755e-07 0.0034970397 0.00020140287 1.7838641e-06 1.3805525e-06 0.0035588543 1.7888899e-06 0.008215474 6.019212e-07 1.1749619e-06 0.0010223128 0.000527117 0.002511614 1.8513713e-06 2.5132838e-05 2.4341583e-05 4.1147857e-08 3.8353217e-08 0.0032138708 7.046312e-07 0.0006731556 2.921033e-06 7.4128013e-07 0.0030261672 4.8010744e-08 3.9608658e-08 1.3574068e-08
0.9841184 0.0013169105 0.00021993315 5.3923213e-05 0.0058313124 0.10579868 0.08958064 3.7692032e-05 4.6944784e-05 0.35506976 4.1820326e-06 2.8574138e-06 0.61245453 0.24499749 0.003405893 0.5729626 3.1934173e-06 5.459731e-05 2.8621378e-06 0.10756402 7.878263e-12 0.00037052113 0.98272383 0.7680272 2.54449e-06 0.4223766 0.091867335 0.45544305 1.1119016e-07 3.1787706e-05 0.06835646 1.0000265e-06 1.044527e-05 1.4625864e-07 0.6632611 0.17195933 0.24324302 2.000112e-07 6.2722385e-05 0.065864995 4.3514777e-07 1.2102527e-06 3.8932405e-05 0.055370744 1.9906432e-07 0.018902203 0.96692526 9.459436e-08 1.6429802e-05 3.787842e-08 0.14980857 0.0071714064 0.00074033346 7.067374e-06 3.6752135e-07 0.14603606 5.937182e-06 1.3943857e-05 0.0014991289 0.0024390698 1.2878612e-06 3.1140365e-07 0.14142476 0.03188031 0.0026663675 0.02379584 2.920983e-06 0.014336288 1.0890798e-05 7.37731e-06 0.0072016614 1.4488019e-06 0.0030358462 9.790741e-07 0.0007922069 0.40406474 0.34030336 0.027950183 4.1029467e-05 0.21136743 0.0002093753 0.00019223531 1.7233144e-06 7.490549e-06 0.010532317 0.28634322 0.039853193 2.4964868e-06 4.7320013e-05 0.016803242 9.151511e-07 7.5321464e-06 0.00015957748 5.222217e-05 0.0044448213 1.2462367e-07 0.0031968777 0.00021779022 1.5503543e-05 7.7607586e-07 1.6117275e-07
0.9533773 0.55986154 0.9111757 0.7243108 0.049213808 0.05538124 0.0208757 0.9715206 0.6710025 0.007783998 0.20828134 0.7416634 0.0077580074 0.055691592 0.5447236 0.0018107546 0.04882413 0.15029803 0.08269378 0.0052276505 0.00037052113 8.927795e-14 0.0002305658 0.00046822033 0.00831157 0.00010137636 0.00037426435 0.00010780082 0.002152758 0.014643676 0.7406294 0.0037909737 0.030152613 0.008035693 0.00012564081 4.654806e-05 2.3693055e-05 0.0005012219 0.0014557124 0.00045173362 0.006100216 0.0010646847 0.026521815 0.00074019475 0.0001675049 7.434962e-05 0.054762408 0.0007385585 0.0027589565 0.00016274661 0.0010382099 0.9713161 0.34079665 0.0016762209 3.8593014e-05 0.000115284376 8.891121e-05 0.0007302573 8.699902e-06 3.4376637e-05 0.00057229085 4.3946042e-05 7.6894314e-05 2.575693e-05 0.0014019494 0.0001591908 3.258561e-06 2.970889e-06 0.00030731127 0.00013934959 4.028964e-05 1.4925324e-06 8.006704e-06 6.0022085e-06 3.6026318e-06 0.03334577 0.0013989324 0.00017021688 1.9970321e-07 0.16317193 5.945741e-05 6.8513276e-07 0.0014015952 0.0009297147 0.33371443 0.005145426 0.092592515 6.4831975e-06 0.000816349 4.723935e-05 3.566582e-07 3.0540196e-08 8.660094e-06 3.7520924e-05 0.30748108 1.939596e-05 2.2652679e-05 4.452011e-05 1.7003407e-07 1.5098792e-07 8.356239e-08
0.92789966 0.00020398985 9.4082054e-05 1.0848267e-05 0.0022305218 0.007907792 0.018927922 3.829569e-06 7.844116e-06 0.4103536 1.1472185e-06 7.306309e-07 0.07182409 0.025147717 0.0007853429 0.53110987 2.511713e-06 2.8302353e-05 2.537511e-06 0.022025097 0.98272383 0.0002305658 1.2037522e-12 0.94479746 2.0924324e-07 0.5519117 0.07264194 0.90919393 1.8555108e-08 3.623948e-06 0.022964897 3.0459523e-07 1.536113e-06 1.00964996e-07 0.96618205 0.34540123 0.61679643 2.8003619e-08 9.597632e-06 0.06897246 2.0683231e-07 3.3689042e-07 4.4265607e-06 0.048027687 3.4741493e-08 0.045838416 0.3619196 2.818517e-08 6.648602e-07 7.832384e-09 0.112236515 0.0009698148 0.00011103371 1.5027761e-06 5.180675e-08 0.40592948 8.15325e-07 1.8543433e-06 0.012817547 0.0047405637 4.58271e-07 8.869994e-08 0.12867707 0.055377096 0.0016419668 0.028417401 2.0451869e-06 0.055578142 1.1561655e-06 2.465455e-07 0.0014779484 6.130548e-07 0.014970117 4.877404e-07 0.00023806586 0.07295563 0.13168782 0.00989883 0.0001857873 0.044631414 1.0072813e-05 0.00041655797 1.2055746e-06 1.4636405e-06 0.0027772211 0.11096667 0.01475301 6.781169e-07 2.1580303e-05 0.011673786 1.971873e-07 1.0278017e-05 1.0611642e-05 1.743747e-05 0.00093747943 4.005013e-07 0.0010121703 9.226498e-05 9.48001e-06 1.5962632e-06 3.0557285e-07
0.8288656 0.00019895037 7.812161e-05 1.4876689e-05 0.0024255775 0.043034606 0.015564098 4.667704e-06 4.3158466e-06 0.71522415 3.235752e-07 4.0522613e-07 0.21093513 0.0680668 0.0006938496 0.9505362 7.1794597e-07 9.337346e-06 1.275533e-06 0.066605575 0.7680272 0.00046822033 0.94479746 1.985963e-15 1.0765206e-06 0.8728916 0.34652203 0.9909701 2.506793e-08 1.5436652e-05 0.022923114 8.700255e-07 1.777584e-06 1.6619975e-08 0.35593507 0.5834627 0.31434312 1.5937731e-08 5.558586e-05 0.25439724 9.482053e-08 9.265914e-07 3.8237795e-05 0.22055654 3.9045065e-07 0.15150195 0.22428915 8.191032e-09 6.7314403e-07 1.0141697e-08 0.038024373 0.0006426954 0.000100241276 2.145579e-06 3.629416e-08 0.34931841 7.295103e-08 8.747627e-07 0.015127215 0.022849055 5.2480754e-08 4.7817004e-08 0.0027873358 0.023140388 0.01063498 0.14012718 3.335053e-06 0.05629116 4.5679575e-05 3.6622367e-07 0.0007526313 2.5577165e-05 0.030437691 2.0579336e-08 7.622885e-05 0.019432792 0.020577244 0.0019108244 0.0002331473 0.011682022 9.524527e-07 0.002149122 2.9010735e-07 1.1149512e-07 0.0014222667 0.017089874 0.0027205404 5.22603e-08 6.897107e-07 0.0026535178 5.1790153e-08 3.7181177e-05 1.701702e-05 7.429352e-06 0.0008233952 1.5581658e-07 0.00048136147 0.000102074766 2.8203076e-06 3.6415423e-07 3.0868073e-09
0.7997356 0.00062236324 0.0003490284 0.0094603775 0.000103604616 1.4261899e-05 2.9955285e-05 0.008255189 0.012930123 1.1959617e-05 0.9061976 0.85554856 9.393032e-06 3.1395142e-05 0.00040771754 1.8273468e-06 0.79360473 0.007310384 0.08736978 8.532794e-06 2.54449e-06 0.00831157 2.0924324e-07 1.0765206e-06 1.9464508e-12 2.2326955e-07 8.698521e-07 2.5154515e-07 0.9939268 9.242914e-05 0.00073608686 0.0048135617 0.84623766 0.936957 5.7188974e-08 5.898578e-08 3.443315e-08 0.45755845 0.0003372424 5.893054e-07 0.51434314 0.37666807 6.0865365e-05 6.086777e-06 0.24565676 7.9446176e-07 0.00012986283 0.6463415 0.04788664 0.35383764 3.4400068e-06 0.012131885 0.32071704 0.33994666 0.02876609 6.2313916e-07 0.048624046 0.0023179892 7.128138e-08 4.2191576e-07 0.002822444 0.015339022 2.7064443e-08 2.474104e-07 1.2971967e-05 7.3101046e-06 0.00014599213 1.1153362e-07 1.9374773e-05 0.00585226 2.7458525e-06 0.0004445103 5.3439453e-06 0.00073689915 1.1585612e-07 0.00064887496 3.212008e-05 1.9785234e-06 1.9508816e-08 0.001335596 0.006393722 2.2417618e-08 0.019753773 0.0051503796 0.0038928583 0.00017406308 0.0027007465 7.637767e-05 2.1634165e-05 1.0213031e-05 9.3875286e-05 5.3331714e-08 4.017727e-06 3.4433544e-06 0.0330324 2.4164114e-05 9.34513e-08 5.1037017e-07 1.8196635e-08 1.6982657e-08 2.262666e-07
0.91526026 0.00057176413 4.280437e-05 5.086173e-06 0.0022070198 0.019431556 0.012587692 5.0334194e-07 4.922451e-07 0.26385704 1.00870494e-07 3.0067562e-07 0.11103567 0.022254508 0.00016992557 0.9439672 2.5093127e-07 3.649363e-06 2.675887e-07 0.8103293 0.4223766 0.00010137636 0.5519117 0.8728916 2.2326955e-07 1.7188321e-15 0.9757735 0.866469 5.0710978e-09 7.596444e-06 0.006121706 2.6678376e-07 4.997332e-07 1.2589016e-08 0.1643429 0.97291934 0.21785428 1.6900453e-08 1.3172164e-05 0.5645957 4.2164885e-08 5.539458e-08 2.9075718e-05 0.56659555 6.0666736e-08 0.32399994 0.06388051 4.4532427e-09 1.0053672e-06 7.5524555e-09 0.0046915254 0.00025433837 1.5042839e-05 1.546927e-06 1.2310087e-08 0.53008175 9.170219e-08 2.1451932e-07 0.019808318 0.0964178 1.0872906e-07 7.099604e-08 0.00088196463 0.023095269 0.048424587 0.3640744 1.5173138e-06 0.054227613 6.864062e-05 1.05773076e-07 0.0006238724 3.7253171e-06 0.050064363 1.2103236e-07 1.7528992e-05 0.0072688498 0.0048389453 0.00092813914 3.7673093e-05 0.0027084392 4.4556114e-06 0.0037789466 4.6779938e-08 1.8006237e-07 0.00059659756 0.0033727554 0.0008455362 1.0430432e-08 2.7327746e-06 0.00064279255 3.770123e-09 8.2161505e-06 2.310464e-05 2.338581e-06 0.00089749804 2.4389868e-07 5.6948178e-05 6.632675e-05 2.6453135e-06 3.4649887e-07 5.4198925e-09
0.7201132 0.008020228 0.000431744 3.8789905e-05 0.008195155 0.03614411 0.046600815 8.924834e-06 5.4309814e-05 0.31424716 3.2020355e-06 1.1130745e-06 0.08457182 0.025550576 0.016573349 0.82625145 5.0329904e-06 0.00023474901 7.0673946e-06 0.98218375 0.091867335 0.00037426435 0.07264194 0.34652203 8.698521e-07 0.9757735 8.009336e-16 0.09865105 1.0395139e-08 0.0001656202 0.005554061 1.86401e-06 1.2510075e-06 7.122376e-08 0.005886545 0.92923474 0.009079592 7.9490704e-08 2.7564407e-05 0.9615336 4.2221863e-08 1.615209e-06 0.0007651115 0.7456152 6.282634e-08 0.3314787 0.016344279 4.8494844e-08 2.6966424e-07 1.8503757e-08 0.0005609502 0.00020937053 1.1514917e-05 3.4853495e-06 2.6820953e-07 0.06261374 3.8128184e-07 4.876699e-08 0.0052129445 0.05945378 5.87083e-07 1.1483235e-07 0.00010248482 0.0033642682 0.11523126 0.5235455 7.0842674e-07 0.010849023 0.000100424215 5.000636e-07 0.00010751488 4.0893962e-08 0.016925287 4.096688e-08 1.6305978e-06 0.002269737 0.0011247558 3.107131e-05 1.940275e-05 0.00081983645 4.6004746e-07 0.008596488 1.7938458e-08 1.3579033e-07 0.00019655527 0.0006892797 0.0011674154 1.1040354e-08 5.547168e-07 0.00011096809 5.547522e-09 5.658071e-07 0.00026808208 9.800747e-07 0.0002087256 1.5299727e-06 1.3548919e-07 0.0006039304 1.5397871e-08 5.240933e-08 5.1138254e-09
0.8101971 3.403889e-05 2.8921648e-05 4.66924e-06 0.00024017363 0.0018098301 0.00070977054 2.242098e-06 1.4133412e-06 0.032139726 1.1571335e-07 1.5401183e-07 0.034201317 0.01157712 9.605584e-05 0.58158857 7.0629704e-07 4.1472567e-06 4.316326e-07 0.0027142288 0.45544305 0.00010780082 0.90919393 0.9909701 2.5154515e-07 0.866469 0.09865105 9.853504e-14 1.3860893e-08 1.23429745e-05 0.0054663112 3.2683317e-07 3.797765e-07 5.3284744e-08 0.7770801 0.69976676 0.9581172 1.5325968e-08 1.2044696e-05 0.19612248 3.6370324e-08 1.9495053e-06 3.343953e-05 0.11157232 1.8514002e-07 0.17405957 0.063296355 2.8346582e-08 1.1750369e-06 2.535926e-08 0.055673033 0.00018318572 1.531683e-05 5.361526e-06 4.9298382e-08 0.72515494 6.1766514e-07 4.0932147e-07 0.059582435 0.036011353 4.249926e-07 2.007255e-07 0.014373917 0.16875626 0.0021444764 0.049289312 1.8049245e-06 0.24196123 2.0261317e-05 1.0244319e-06 0.0031059152 4.965455e-07 0.095067486 5.549959e-08 0.00020371612 0.010780346 0.025566092 0.0052117193 0.0025560868 0.0039763274 4.0379973e-06 0.0009174419 9.688823e-08 2.4670027e-07 0.0008900717 0.017882077 0.0012581787 3.187852e-08 1.7291866e-06 0.0031435604 3.164359e-08 2.0755593e-05 4.1728576e-06 1.3715063e-05 0.00044981355 3.017649e-07 0.00048340717 3.1900374e-05 1.4619233e-06 7.573524e-07 2.7212693e-08
0.8851553 5.8616633e-06 3.9105136e-05 0.00080225256 2.3265331e-06 5.457507e-07 2.9144675e-07 0.00084418384 0.0016845124 2.195154e-07 0.13964769 0.15028064 1.6409929e-07 5.4654555e-07 2.8023003e-05 1.1838179e-08 0.21482322 0.0001873879 0.01488955 1.4183289e-08 1.1119016e-07 0.002152758 1.8555108e-08 2.506793e-08 0.9939268 5.0710978e-09 1.0395139e-08 1.3860893e-08 8.5101746e-14 6.7660053e-06 0.00013436272 0.0010492174 0.9854919 0.7945077 3.3637284e-09 4.222297e-09 2.8502543e-09 0.24882554 8.33908e-05 1.9689859e-08 0.6959121 0.28880164 3.4296393e-06 1.3567048e-07 0.26022795 1.0818026e-07 1.124722e-05 0.73363477 0.009853014 0.40415132 5.164222e-07 0.011550614 0.44941056 0.5303077 0.033419147 5.0033954e-08 0.029037215 0.00064842805 1.5077974e-08 6.048395e-08 0.029395564 0.018343026 7.2868254e-09 2.3419108e-08 3.001034e-06 2.9629877e-07 4.106669e-05 1.605777e-08 5.400367e-06 0.01204588 3.8234876e-07 0.00017920301 1.9660195e-06 0.00085367146 2.6879347e-08 0.0002503377 3.852324e-06 2.1036091e-07 7.247226e-09 0.00067937636 0.02708595 1.01832214e-07 0.0868353 0.0250334 0.0037561043 5.453278e-05 0.0024750023 0.00038558597 1.8879071e-05 4.9602613e-06 0.00032927206 1.3545204e-08 1.8284021e-07 4.158629e-07 0.06121225 0.00017984315 1.2722279e-07 3.4381895e-08 6.006365e-08 5.4523493e-08 1.4678664e-06
0.17662202 0.018768527 0.061814297 0.05147318 0.00048967276 0.0002253556 0.0001231387 0.017890504 0.2141562 0.00013620869 0.004915244 0.010450198 0.00011384331 0.00019781275 0.93802774 8.5288775e-05 0.0032376943 0.9842404 0.096191116 0.0021641885 3.1787706e-05 0.014643676 3.623948e-06 1.5436652e-05 9.242914e-05 7.596444e-06 0.0001656202 1.23429745e-05 6.7660053e-06 5.9044024e-14 0.00094967696 0.20307128 3.183327e-05 1.0168025e-05 3.0714003e-07 5.492789e-07 2.2155034e-06 3.8529244e-05 0.95276356 0.0001584914 4.984222e-06 0.0005435744 0.9844386 0.0054906895 3.686865e-05 4.694268e-05 2.942917e-05 9.0002175e-07 0.016245725 2.1845179e-07 6.5528857e-06 0.0019268867 6.705689e-05 3.9486487e-05 2.5399588e-06 1.994032e-06 1.489771e-06 0.00011564888 2.0443133e-06 1.7567114e-05 1.1480159e-05 5.804787e-06 3.5009833e-08 1.0044744e-05 0.014741366 0.00037841158 0.0011897489 8.5189265e-07 0.022942284 5.3421794e-05 1.6211828e-06 6.960495e-07 5.1424213e-05 6.427567e-07 1.1552815e-08 9.6790114e-05 9.607834e-06 8.4445375e-08 9.0440594e-08 0.000117507276 2.7630501e-06 6.437882e-06 2.6431321e-06 6.477086e-06 0.0011501644 1.7332242e-05 0.000537157 1.4757617e-06 0.06665182 4.219876e-06 2.7185962e-07 3.566051e-07 0.0003208354 2.0042097e-07 0.00021376504 4.0873188e-06 1.2347789e-07 0.0009951328 3.3010164e-07 7.1588765e-08 3.1540717e-09
0.9899598 0.8340756 0.40920934 0.06219641 0.40235505 0.58083993 0.5465856 0.15673302 0.04549762 0.25448057 0.007930987 0.021805407 0.54598427 0.9718752 0.31506017 0.075617716 0.0033650415 0.016639238 0.0039613424 0.11049547 0.06835646 0.7406294 0.022964897 0.022923114 0.00073608686 0.006121706 0.005554061 0.0054663112 0.00013436272 0.00094967696 1.3198118e-14 0.00017456214 0.0033928298 0.00024310997 0.0076283687 0.002507702 0.0036712624 1.641018e-05 0.00016947808 0.0050748335 0.0005735136 8.064012e-05 0.0014000722 0.004255556 6.1379696e-06 0.00035935765 0.8242279 2.5072271e-05 0.00030916792 6.616397e-06 0.04542201 0.79889256 0.10026893 0.00027226194 2.583207e-06 0.0014822535 2.7785869e-05 0.00012155353 5.396679e-05 0.00010915729 0.00018386148 3.8711246e-06 0.0033947814 0.00037144637 0.004230474 0.002185259 2.3205657e-06 4.8706315e-05 0.00034304443 6.4638654e-05 0.00026986405 2.4253923e-05 0.000427886 3.9431825e-06 5.7906193e-05 0.63246304 0.030882105 0.0023613272 6.5334043e-06 0.78293717 0.00012141625 2.8469447e-06 0.00029081613 7.794249e-05 0.48442987 0.028406061 0.50917244 6.036574e-07 0.00024312016 0.0006931948 1.1707478e-07 2.3951075e-06 0.00021486546 4.4980512e-05 0.15076798 6.556501e-07 0.00018104792 0.00010924248 3.043235e-07 1.0167734e-07 2.277386e-08
