1.4318329e-15 0.9597753 0.8442786 0.84231085 0.96835184 0.93680155 0.9185399 0.97026646 0.95884085 0.9294708 0.8322296 0.98318917 0.9683048 0.79467416 0.87866986 0.91763127 0.86641914 0.9944182 0.94943935 0.78124404 0.6894285 0.84691834 0.93773305 0.76862395 0.8846433 0.43405294 0.91567814 0.9841483 0.5984472 0.9717486 0.48521897 0.51099735 0.40500075 0.84727687 0.43819702 0.31744537 0.93652314 0.081091024 0.4591468 0.65414214 0.713237 0.51879585 0.8709186 0.9644055 0.36122414 0.8007859 0.76091695 0.08772154 0.023708917 0.96772826 0.7177608 0.08727576 0.94850564 0.428691 0.13702479 0.8253508 0.031014863 0.058055677 0.09802583 0.9608137 0.88145435 0.9783896 0.88982874 0.81729776 0.7938728 0.0001672927 0.7893382 0.015924 0.7721869 0.9554573 0.0001790221 0.78452766 0.002446324 0.08558798 0.7076739 0.0005317391 0.9486392 0.8304182 0.6917149 0.93819505 0.9586395 0.8609966 0.114387356 0.9921181 0.1716521 0.0081724515 7.511413e-05 0.9970354 0.06782251 7.727157e-05 0.9985242 0.107312806 0.9999031 0.0031814897 0.8914484 7.62938e-05 0.99996835 0.99972475 0.12465917 0.00095592526 0.65050083
0.9597753 1.105534e-11 0.9880371 0.69917595 0.27264336 0.11409466 0.2940671 0.16648568 0.83194405 0.0038192093 0.0042004795 0.98007405 0.00825112 0.00035482566 0.25385112 0.20246544 0.027005037 0.13031796 0.71116525 0.24345939 0.37194765 0.006358008 0.011099186 0.0010276008 0.000530112 0.030855708 0.0006068517 0.071249455 0.3438048 0.00080086675 0.0124174105 0.30040145 0.00035887904 8.208238e-05 0.00069675886 0.010858485 6.181684e-05 0.0003341003 8.6419386e-05 2.6025029e-05 6.406401e-06 2.6213316e-05 0.008826858 0.7524498 0.0015127892 3.871961e-05 0.0025484716 7.254016e-05 0.00023259144 3.3827124e-05 0.014665092 0.0034303868 0.0001572586 4.5117e-05 7.441573e-05 0.00067428773 0.01418428 0.0009929851 3.7189155e-05 1.0586735e-05 1.3376226e-05 0.014504658 0.014569219 0.00018722695 8.0220315e-07 0.00014594021 9.726365e-06 0.0070296237 0.002818647 4.9790124e-05 0.00017255494 0.16975783 1.484728e-07 1.876939e-06 0.18551409 0.00043943172 0.0028341138 0.0020865225 1.264937e-06 0.096350454 0.0012059622 0.04961166 1.988188e-07 0.009924052 2.18749e-06 2.4812141e-05 3.5719637e-05 0.01995361 2.6800458e-06 1.1562615e-06 0.00012759419 4.2132348e-07 0.014921457 3.0745213e-07 0.00029663058 1.1027123e-07 0.0064060106 8.19517e-06 4.56211e-07 1.8557206e-07 4.4820304e-06
0.8442786 0.9880371 1.3347641e-13 0.99335736 0.26399812 0.18861829 0.2800721 0.020420523 0.6903519 0.0011758542 0.0027216952 0.79236645 0.0020767096 3.946864e-05 0.030532202 0.33668894 0.0052164933 0.009079857 0.8280264 0.14894928 0.4300238 0.00138784 0.011148494 0.00017697136 0.00013091169 0.008895545 7.397103e-05 0.013716695 0.41338202 0.00011574079 0.03300438 0.4401498 0.00010630933 3.0665753e-06 0.00012703253 0.0023883109 7.753225e-06 0.00013461437 9.053648e-06 1.3541563e-06 2.0531631e-07 6.3008683e-06 0.0019716318 0.2809713 0.00036172997 2.0749585e-06 0.0005571627 4.9637085e-05 0.00027516249 3.6489594e-06 0.002132328 0.012689279 3.6993963e-05 7.033104e-06 5.0975144e-05 0.000109236746 0.014230809 0.00049808837 4.6698724e-06 3.6712373e-07 5.3029653e-06 0.0020487458 0.0020166023 1.2369606e-05 7.486343e-08 0.00021146571 9.733411e-07 0.01795317 0.00029370363 5.373135e-06 0.00012830619 0.03582596 4.8933055e-07 2.9646327e-07 0.021875538 0.00043084426 0.00030518396 0.00023923685 7.144431e-08 0.0128852725 0.0002362648 0.0062829764 4.2768722e-08 0.0017958751 9.654402e-06 3.8541442e-05 6.268291e-05 0.0075070374 5.996169e-07 2.6148862e-06 4.8229003e-06 1.5311544e-07 0.002620647 1.5122114e-06 6.3549883e-06 2.378778e-07 0.0010309318 9.3225873e-07 2.5837588e-08 3.0043083e-07 1.1740992e-06
0.84231085 0.69917595 0.99335736 5.0064153e-14 0.8283171 0.919221 0.030133763 0.0034180984 0.5290773 0.016490059 0.042511236 0.69239366 0.009749386 0.0013581326 0.004121229 0.8669637 0.0036603673 0.0024384072 0.9393669 0.2208717 0.5922563 0.00010172744 0.11260723 2.9589048e-05 0.0025238679 0.009520737 7.5955895e-06 0.0296031 0.42929086 0.0006192497 0.1733584 0.55972934 5.4134493e-06 8.037041e-05 0.0010185291 0.0030202884 7.260307e-07 4.155319e-05 9.88143e-07 1.8679079e-07 1.4657926e-05 6.630666e-06 0.00026700358 0.17658679 0.00019881189 3.285893e-05 4.858565e-05 1.41874925e-05 0.0063616866 5.546301e-05 0.00046527002 0.062010575 0.00013326562 1.390485e-06 4.581904e-06 2.4909965e-05 0.018096093 0.00018793483 3.835309e-07 6.383556e-06 4.4715718e-05 0.0005191596 0.005213989 2.8489544e-06 4.9055357e-06 0.0002956503 1.1451437e-08 0.039986502 0.0008359791 3.0554136e-07 6.3384985e-05 0.021961046 3.098452e-05 2.5602068e-08 0.014744149 0.0017495223 0.0015414653 0.0012190749 1.6181808e-07 0.009368998 8.787809e-06 0.0038996448 4.689185e-07 0.0023506917 8.262151e-07 0.00013974911 7.081356e-05 0.0065510115 1.6373583e-07 9.641161e-06 0.00013104273 3.81258e-08 0.0018604929 2.3407173e-07 6.713426e-05 1.5179758e-07 0.0015740963 2.6237412e-08 6.932721e-08 1.4240098e-09 9.271681e-08
0.96835184 0.27264336 0.26399812 0.8283171 1.1642096e-15 0.97224253 0.0006832459 2.8267716e-05 0.0044149403 0.913002 0.8518146 0.86467105 0.6061852 0.15613374 0.002806284 0.7588379 0.00018251 0.00056558306 0.35702953 0.0009928946 0.03799613 5.171792e-05 0.86779684 1.9396977e-05 0.026259646 0.0002580371 5.8673063e-06 0.6726435 0.025944252 0.014122764 0.51627046 0.25018972 5.2422533e-06 0.0005060902 0.0040149502 8.2714316e-05 4.166219e-07 2.4345193e-06 3.2668127e-06 1.2582709e-07 5.4577577e-05 0.00026367427 0.0007281956 0.3518562 1.0050782e-05 0.00036659444 0.00022754454 8.561388e-06 0.033257164 0.000107363245 0.0019377187 0.18043482 0.0026978597 5.7225833e-07 4.3358796e-06 4.6777463e-05 0.0014244515 6.3546584e-05 1.4504676e-06 7.649732e-06 0.020042893 0.0006311833 0.10900778 9.947522e-07 2.6685273e-05 7.336439e-05 1.3397994e-07 0.041817144 0.012372753 5.376946e-07 4.023778e-06 0.050890047 0.0014217717 1.5335728e-07 0.030120116 0.0032468017 0.014714286 0.017502759 3.42915e-07 0.017069561 5.021798e-05 0.0071233683 3.6924016e-06 0.03038985 8.468063e-06 0.0043285526 1.594706e-05 0.03838462 4.8280725e-08 0.0001049392 0.00018209293 1.2759472e-07 0.0036796539 1.9660645e-06 0.001256307 5.1502144e-07 0.001997256 4.000951e-07 5.00503e-07 4.221959e-09 3.520095e-07
0.93680155 0.11409466 0.18861829 0.919221 0.97224253 9.9363885e-15 0.0007339909 1.5400126e-05 0.009152703 0.2428479 0.7291928 0.44037363 0.07559248 0.023286406 0.00043220207 0.97966295 0.00013535922 0.00010168069 0.55559784 0.002199594 0.07550698 1.1684956e-05 0.8021715 1.4234317e-05 0.016608324 0.00018753967 2.2192887e-06 0.092596404 0.039356455 0.0016184603 0.57014006 0.32617 2.7503236e-06 0.00016786806 0.00269234 0.00016460016 1.5919845e-07 1.167496e-06 6.949239e-07 1.757849e-07 1.3066205e-05 5.0365845e-05 6.3389816e-05 0.067264214 1.9626334e-05 9.688302e-05 5.489145e-05 1.536656e-05 0.038637217 4.2428353e-05 0.0005890591 0.23645934 0.00025636397 5.2968824e-07 7.576172e-06 9.200863e-06 0.002173833 2.9361052e-05 1.2987675e-07 3.7980174e-06 0.002598634 0.00022690462 0.009854892 5.8465423e-07 4.729198e-06 0.00014731297 2.7286495e-08 0.06402022 0.0015750431 3.0439287e-07 2.3642053e-06 0.01236334 0.00032169232 7.419785e-08 0.005177697 0.007393524 0.0018252647 0.0009655903 1.10773364e-07 0.0038152016 4.6041773e-06 0.0028047 2.5166644e-06 0.0036198483 2.9493385e-06 0.0010715314 6.501913e-05 0.008103295 1.5687118e-07 6.0720948e-05 4.6853227e-05 1.2751225e-07 0.00094065955 6.067006e-07 4.492367e-05 2.8456785e-07 0.00032988464 2.6623678e-07 2.536849e-07 9.652813e-09 8.395043e-08
0.9185399 0.2940671 0.2800721 0.030133763 0.0006832459 0.0007339909 1.7786587e-14 0.9873003 0.96476316 1.7218055e-05 0.00019488102 0.1582747 0.00017559533 3.8942894e-06 0.70430404 0.002796007 0.9827706 0.30019918 0.0184787 0.5370541 0.014020446 0.48097953 4.7885616e-05 0.013555597 6.5446166e-06 0.28913504 0.0068347557 0.0018679071 0.058986552 1.4573304e-05 9.431067e-05 0.007393584 0.0037104632 1.1361901e-06 1.3066678e-05 0.17117053 0.00020622028 0.11793514 0.00023623822 0.00012990506 2.1539496e-08 4.814456e-07 0.019897936 0.09497449 0.42440534 5.054016e-07 0.004511742 0.008807753 1.3137487e-05 1.0858354e-06 0.0094126435 2.8060713e-05 1.2521253e-05 0.0030461242 0.00020762908 0.0009204878 0.0063951337 0.103741795 3.0279496e-05 7.275812e-07 5.5981394e-07 0.009840326 0.0015553623 0.0005199864 1.6435851e-07 3.4493118e-05 3.5873152e-05 0.00076488894 0.0005247411 0.00018542072 0.00039426165 0.01621077 2.8421509e-08 7.160768e-06 0.021534808 8.800834e-06 0.0006458954 0.00027718683 5.009886e-07 0.008580889 0.0012665027 0.021653697 8.2405665e-09 0.0014033514 2.5138602e-06 6.1261125e-07 5.7994644e-06 0.0029120576 0.00021433763 2.6353169e-08 1.7827137e-05 8.714778e-07 0.0076865237 7.46802e-07 3.0844403e-06 2.3313805e-07 0.006479817 1.5243779e-05 1.1865176e-07 3.5667517e-07 2.0779864e-06
0.97026646 0.16648568 0.020420523 0.0034180984 2.8267716e-05 1.5400126e-05 0.9873003 4.912892e-13 0.42194757 2.2473029e-07 2.7671458e-06 0.1536528 1.4953186e-05 7.117704e-08 0.94959307 0.000106260275 0.89222705 0.64579403 0.0009062965 0.15939783 0.001582656 0.92783356 4.500939e-07 0.097451225 3.7850324e-08 0.07808143 0.030099355 0.0005920096 0.013714922 2.05198e-06 2.5223278e-06 0.0010041732 0.047452033 2.2980043e-07 9.626047e-08 0.073443756 0.002537683 0.071600266 0.0010146826 0.0017212598 2.2061355e-08 1.9074967e-08 0.10827059 0.12806943 0.4003055 1.5277878e-07 0.025195746 0.024856016 6.8146863e-07 4.468805e-07 0.0727926 1.4250661e-06 1.1575623e-06 0.008076149 0.0010790343 0.007464304 0.001931921 0.058757685 0.00017782097 1.2196789e-07 1.6004504e-08 0.063002266 0.000622822 0.0022369167 9.34534e-09 2.268513e-05 0.00020611924 3.867953e-05 6.967051e-05 0.0016659355 0.00032914555 0.022853613 1.5154401e-09 7.671792e-05 0.025800934 6.4089465e-05 0.000116145704 1.6238622e-05 8.647285e-08 0.011104145 0.0059013474 0.022346715 3.2955556e-09 0.0029170245 4.1395964e-07 2.502103e-07 3.145751e-05 0.0038327044 0.00055040396 1.0385401e-06 4.124533e-06 1.2902099e-07 0.009765844 1.9353545e-06 9.319201e-07 1.0292146e-06 0.01769903 0.00030563248 4.811468e-07 1.9901763e-05 2.8195695e-05
0.95884085 0.83194405 0.6903519 0.5290773 0.0044149403 0.009152703 0.96476316 0.42194757 3.4983577e-13 3.0499057e-05 0.00043306313 0.40885872 0.0005778734 8.427419e-06 0.30887154 0.027975792 0.8232303 0.18707857 0.5050633 0.99209493 0.42457104 0.025385374 0.00017632346 0.0020514918 2.027191e-05 0.62493116 0.0009382925 0.0046316567 0.7113702 2.7917215e-05 0.002698902 0.2455188 0.000763729 1.4063912e-06 9.5928604e-05 0.48400325 2.0880312e-05 0.13512208 2.5610581e-05 2.688477e-05 2.8488591e-08 4.771524e-06 0.004493124 0.19017333 0.10592922 4.2500963e-07 0.0012997193 0.00076361286 1.0406532e-05 9.729838e-07 0.005567908 0.0011671995 2.2982016e-05 0.00026565333 4.696332e-05 0.00054848223 0.13659213 0.2573965 5.5851356e-06 1.7607852e-07 3.8864292e-07 0.0040862355 0.0021664402 8.778767e-05 3.850112e-08 0.00052551104 3.935916e-06 0.010369566 0.0006084288 2.0583822e-05 0.0024443953 0.025619395 6.31453e-08 9.256976e-07 0.03818779 0.00043566787 0.0007831103 0.0007682566 2.3984446e-08 0.012051671 0.00036452166 0.028028063 2.8187156e-08 0.0020914434 7.963876e-06 1.528921e-06 0.00012327265 0.004300062 5.8314625e-05 9.870797e-07 1.30823255e-05 2.5204508e-07 0.0066327 2.7770886e-06 1.0341503e-05 1.3971984e-07 0.0036999292 4.9420114e-06 3.174995e-07 1.3695393e-07 4.836901e-07
0.9294708 0.0038192093 0.0011758542 0.016490059 0.913002 0.2428479 1.7218055e-05 2.2473029e-07 3.0499057e-05 9.381423e-15 0.98038864 0.41376188 0.9631827 0.9243488 0.00016124248 0.108887054 1.3067282e-06 1.6316035e-05 0.00321487 3.4489778e-06 0.00014688494 4.77648e-07 0.7677672 1.4038707e-06 0.3159752 4.793307e-06 2.5985273e-07 0.86071396 0.00020944621 0.17790529 0.1261217 0.006469351 8.162375e-07 0.0039045778 0.08122551 2.107121e-05 2.6051211e-08 3.5599788e-07 3.3016616e-07 1.2286138e-08 0.00051801495 0.001521373 5.6693658e-05 0.098090366 3.8773e-07 0.0009478555 4.155335e-05 3.955868e-06 0.03606522 0.0022867753 0.00016442838 0.025934167 0.014596673 2.3427208e-07 5.838585e-07 4.067402e-06 1.6674645e-05 3.0447252e-06 1.7403377e-07 0.00015031346 0.39653653 5.5739594e-05 0.23180284 1.1911548e-07 0.0011566317 2.2250867e-06 3.4077395e-08 0.0020219325 0.035626 1.00431635e-07 2.9390014e-07 0.015184407 0.0013721789 4.8779643e-08 0.00614513 0.0007461378 0.046283502 0.036879536 1.4215153e-06 0.003457765 7.754149e-06 0.00079130236 4.3685177e-05 0.028690794 2.44692e-05 0.01761083 1.4412389e-06 0.01648027 1.569974e-08 6.171317e-05 0.0024955573 4.2918538e-07 0.00067935267 1.5991416e-06 0.009224392 1.8290108e-07 0.00029533636 3.7363307e-07 1.6499195e-08 1.0538372e-09 1.5304987e-07
0.8322296 0.0042004795 0.0027216952 0.042511236 0.8518146 0.7291928 0.00019488102 2.7671458e-06 0.00043306313 0.98038864 7.6401504e-14 0.053853184 0.6951604 0.98675066 0.00012443562 0.10876896 4.1024065e-05 3.077813e-05 0.007463809 3.7984682e-05 0.0006229686 2.6751916e-06 0.9193314 3.7586767e-06 0.5760142 1.4257181e-05 6.52408e-07 0.38770565 0.0003568009 0.030598048 0.20063645 0.004681989 8.864384e-07 0.0030780039 0.09539805 1.7071065e-05 1.2455783e-07 2.2124765e-07 6.129998e-07 3.8642376e-08 0.0008147207 0.0024979454 3.306202e-05 0.010451349 1.8967887e-06 0.001153242 1.9507226e-05 7.155709e-06 0.114044785 0.0014861936 0.00011816592 0.04084318 0.0033355285 4.1825766e-07 2.6416378e-06 2.632421e-06 4.4449138e-05 1.4548808e-05 1.7202034e-07 5.5039953e-05 0.58310056 6.3633e-05 0.039578363 2.42072e-07 0.00065002916 2.0599127e-06 1.3656649e-08 0.0037802425 0.004717547 1.839989e-07 2.135742e-07 0.0017911614 0.0025151337 1.8344743e-08 0.0005694224 0.0013455161 0.0069459407 0.0030817105 7.17475e-07 0.000733774 8.0276266e-07 0.0005004865 5.529681e-05 0.0037035795 4.3984826e-05 0.018943714 5.633444e-07 0.0026495275 2.2425489e-08 0.0001950039 0.0005581761 1.455674e-06 0.00052347896 2.763709e-06 0.00052328233 1.08204404e-07 0.00019120538 1.9639121e-07 4.606847e-08 3.4754047e-10 6.967479e-08
0.98318917 0.98007405 0.79236645 0.69239366 0.86467105 0.44037363 0.1582747 0.1536528 0.40885872 0.41376188 0.053853184 9.76695e-13 0.28363386 0.028086876 0.32340983 0.33055604 0.009212338 0.36308655 0.47207177 0.034630455 0.06887965 0.009025794 0.05390703 0.004119331 0.017731078 0.0016737633 0.005264476 0.60376626 0.030296903 0.088236034 0.015514801 0.06875764 6.9973816e-05 0.0019604475 0.0104745235 0.0007328704 0.0008472062 5.4853088e-05 6.608676e-05 3.6991954e-05 0.00015159642 0.00036964513 0.08123702 0.96031827 0.0021500117 0.0004610105 0.00766856 0.00010306202 0.00019506138 0.00109929 0.025742251 0.002671796 0.0014587849 0.00014476708 1.827916e-05 0.000371847 0.0008366714 0.0005137115 4.8404494e-05 3.4744295e-05 4.7359837e-05 0.027307535 0.102596514 4.758602e-05 7.2580784e-05 2.2934613e-05 3.3047124e-06 0.0017096509 0.014342922 1.0214473e-05 3.3474134e-06 0.15323971 4.2891143e-06 6.456922e-07 0.14931993 0.00041172927 0.007023958 0.0019183808 1.4704591e-07 0.11951575 0.00012498199 0.040340714 5.9521233e-05 0.060927473 7.278839e-05 0.00047902294 1.2923095e-05 0.0974089 1.4225744e-06 2.9445775e-06 9.7962375e-06 1.0047594e-06 0.024373183 2.3780308e-06 1.3126842e-05 6.086635e-07 0.021415174 2.0506623e-07 1.2748691e-06 1.9181905e-06 2.823051e-07
0.9683048 0.00825112 0.0020767096 0.009749386 0.6061852 0.07559248 0.00017559533 1.4953186e-05 0.0005778734 0.9631827 0.6951604 0.28363386 1.4266168e-13 0.9049342 0.00035008867 0.03833916 3.5974837e-05 0.00028338504 0.00715982 6.591643e-05 0.00029361708 1.4925873e-05 0.4221287 2.4159803e-05 0.83279765 1.0772143e-05 8.652136e-06 0.9716819 8.064882e-05 0.7344325 0.018020887 0.001349523 3.4759223e-06 0.10314735 0.6697274 2.6577154e-05 7.949802e-07 1.4621897e-06 1.5574328e-06 2.0685441e-07 0.08713398 0.08959604 0.00021156897 0.14446627 7.4259374e-06 0.018100495 5.831724e-05 2.3752555e-05 0.015059181 0.15208966 0.0006949687 0.0024669936 0.13327928 3.828061e-06 7.690255e-06 1.0764245e-05 1.6811757e-05 2.0926063e-05 1.376099e-06 0.0008264607 0.5840355 0.00027708718 0.6046354 9.1519297e-07 0.057884622 5.885565e-06 1.1635728e-07 0.000555966 0.0929883 1.0717991e-06 1.7204479e-07 0.021609766 0.00036051217 4.7529915e-07 0.006945822 0.00025923038 0.15263492 0.042816717 5.055446e-06 0.009785534 6.4476026e-06 0.002019622 0.0027472777 0.08215884 9.5751915e-05 0.029602451 2.5526856e-06 0.038180154 4.4078885e-07 6.201595e-05 0.0023780945 8.928811e-06 0.0033023122 7.176348e-06 0.0059103426 4.532137e-07 0.00085112697 6.832481e-08 4.855957e-07 1.8840254e-09 1.7042825e-07
0.79467416 0.00035482566 3.946864e-05 0.0013581326 0.15613374 0.023286406 3.8942894e-06 7.117704e-08 8.427419e-06 0.9243488 0.98675066 0.028086876 0.9049342 2.2323073e-15 2.7440423e-05 0.012703677 1.0524818e-06 9.3640216e-07 0.00015170114 8.4586316e-07 2.0771e-05 1.3264778e-07 0.6474114 4.4163082e-07 0.97359794 4.7804446e-07 1.6161218e-07 0.54420733 4.5742214e-05 0.26552823 0.064783655 0.0010517475 2.3122008e-07 0.022486473 0.70623016 2.671872e-06 5.80124e-08 4.204106e-08 2.6684557e-07 1.4080163e-08 0.016048864 0.03213269 7.3660403e-06 0.009152625 5.619064e-07 0.008646309 4.1551943e-06 1.4416595e-06 0.066578425 0.015917525 4.2735275e-05 0.02058752 0.024360217 6.3888656e-08 5.6127016e-07 6.2631165e-07 1.3709872e-05 5.943844e-06 5.359685e-08 0.0003287167 0.7629923 1.3520872e-05 0.10322829 1.618714e-08 0.023164367 1.8291573e-07 2.0266581e-08 0.0012447324 0.022856258 5.946021e-08 2.825882e-07 0.0018836701 0.0009981443 1.7940682e-08 0.000853448 0.0008369839 0.016531264 0.023327662 7.0269557e-06 0.00036406104 1.113178e-05 0.00020438027 0.0019490501 0.0055815238 2.9477513e-05 0.12678735 4.361744e-07 0.0023127748 7.536151e-09 9.723939e-05 0.0023552873 3.0905148e-06 0.00018193721 9.027773e-06 0.017208463 7.745837e-07 0.00026548922 1.0494034e-07 1.1021587e-08 3.1967323e-10 1.619733e-08
0.87866986 0.25385112 0.030532202 0.004121229 0.002806284 0.00043220207 0.70430404 0.94959307 0.30887154 0.00016124248 0.00012443562 0.32340983 0.00035008867 2.7440423e-05 5.3297514e-13 0.0012357382 0.4374007 0.9959485 0.0059065414 0.05220355 0.0027122234 0.9054656 2.9650399e-05 0.85488605 3.9493603e-05 0.018677086 0.92959327 0.003347062 0.0026944196 9.90635e-05 2.1734422e-05 0.00035222928 0.15535505 1.5690335e-05 8.316692e-05 0.010258522 0.28594288 0.016299061 0.0630536 0.035766263 1.4579831e-06 3.139662e-06 0.38183045 0.17020246 0.21390875 9.496642e-06 0.3614014 0.03500336 4.0483274e-06 3.855582e-05 0.10433083 2.683788e-06 2.4964855e-05 0.04704268 0.0029882654 0.009934862 0.0006546512 0.005259257 0.0021620246 1.0149153e-05 8.2025435e-06 0.058662243 0.0036745355 0.004779351 1.4714067e-06 1.1514845e-06 0.0010116915 0.00024390718 0.0011624122 0.005080506 6.469823e-05 0.031528123 6.3400876e-09 0.00020345575 0.07352244 3.750223e-06 0.0010837208 0.00073022244 9.289786e-07 0.022645338 0.009865688 0.07317148 2.3259616e-07 0.004180215 1.8152214e-06 1.5443388e-06 2.723746e-06 0.011623617 0.0011114491 7.621762e-08 7.833303e-05 1.3623375e-06 0.050644036 2.2564387e-07 4.904834e-06 1.7073327e-07 0.06766163 4.400224e-05 8.311803e-06 1.0326356e-05 3.8067876e-05
0.91763127 0.20246544 0.33668894 0.8669637 0.7588379 0.97966295 0.002796007 0.000106260275 0.027975792 0.108887054 0.10876896 0.33055604 0.03833916 0.012703677 0.0012357382 1.2291256e-14 0.00020991534 0.00019294629 0.88808906 0.005235494 0.46492192 4.6559428e-05 0.5684449 2.0352747e-05 0.0032500234 0.0006109916 6.0206626e-06 0.02973283 0.35685903 0.0020738875 0.94006723 0.9480223 1.430414e-05 0.00031982025 0.0013200212 0.0004272295 7.826858e-07 1.5835958e-05 4.448317e-06 3.2692358e-07 3.5794742e-06 2.5939938e-05 0.00015261343 0.034683757 1.3436098e-05 0.00011043621 0.00012052308 4.6366982e-05 0.06589481 2.800636e-05 0.00046356797 0.59638774 0.00041554635 9.77889e-07 1.3595892e-05 2.7265465e-05 0.060045578 0.00013466484 1.162991e-06 1.0804067e-05 0.00023442214 0.0001731505 0.003942365 1.2029244e-05 1.9609543e-06 0.002369561 6.185847e-07 0.5535322 0.0016590023 5.829413e-06 0.000120058925 0.0051529715 0.0007571925 7.014471e-07 0.0025441153 0.046560407 0.0010051765 0.002606783 2.0695022e-06 0.002442126 2.7800126e-05 0.00154527 8.4525914e-07 0.0013837788 8.814668e-06 0.00027719952 0.00047008382 0.004032791 2.0366997e-07 0.00014167435 0.00028505907 3.168557e-06 0.0001901534 1.4870823e-06 0.00017881906 9.4601177e-07 0.00043056204 1.3010275e-05 7.4194566e-07 2.5942954e-09 2.6302487e-07
0.86641914 0.027005037 0.0052164933 0.0036603673 0.00018251 0.00013535922 0.9827706 0.89222705 0.8232303 1.3067282e-06 4.1024065e-05 0.009212338 3.5974837e-05 1.0524818e-06 0.4374007 0.00020991534 7.9839885e-12 0.14084657 0.0013007378 0.8419377 0.0046774233 0.8034871 1.0814808e-05 0.04720573 5.812174e-07 0.8645688 0.018821662 9.0642e-05 0.10481893 5.332025e-07 7.787275e-06 0.0014158114 0.023310527 9.970962e-07 1.2856843e-06 0.8130001 0.0010071051 0.9087957 0.0008199122 0.00045169165 6.230057e-08 6.5585715e-07 0.014126144 0.012315163 0.9631394 2.4449955e-07 0.0033411386 0.5051332 1.896549e-07 1.1824984e-07 0.0059089162 9.648506e-07 5.398302e-06 0.10562513 0.0011967992 0.0007070768 0.03834472 0.8018555 3.5371635e-05 1.5323332e-07 1.3965929e-08 0.0028941764 0.00038117662 0.00048274448 1.2793534e-08 4.839951e-05 6.311235e-05 4.4392502e-05 0.00021087223 0.00022287013 0.010559365 0.0013519105 1.0000831e-09 0.000104004655 0.0014567511 3.8338735e-06 8.2558356e-05 7.851926e-05 4.7859064e-08 0.00045146252 0.00041595535 0.0025116762 8.792586e-10 0.00038035886 7.984887e-08 9.5551634e-08 3.075489e-05 0.00022984244 0.008094293 3.9753428e-07 4.4389008e-06 1.433985e-06 0.0009216653 1.261876e-07 1.2367277e-06 1.4593122e-07 0.0014441744 3.7286638e-05 2.7570936e-06 5.4660527e-06 7.36739e-06
0.9944182 0.13031796 0.009079857 0.0024384072 0.00056558306 0.00010168069 0.30019918 0.64579403 0.18707857 1.6316035e-05 3.077813e-05 0.36308655 0.00028338504 9.3640216e-07 0.9959485 0.00019294629 0.14084657 1.32466624e-11 0.0029343725 0.02148481 0.0009825183 0.42544582 4.0755212e-06 0.25880623 1.7612933e-06 0.003990267 0.64756256 0.0028431378 0.0014961231 4.0321967e-05 6.220947e-07 0.00014580277 0.022163004 2.6055739e-06 1.671581e-06 0.0013771278 0.119541876 0.0011247119 0.013287337 0.009816491 4.8035847e-08 4.1554117e-08 0.6641429 0.7020669 0.03685028 7.724415e-07 0.32028103 0.004537212 5.493601e-07 9.783942e-06 0.5403941 1.1988742e-06 1.1149194e-05 0.010162806 0.0008175566 0.018963829 0.00015709763 0.00048113446 0.0013535148 4.1221897e-06 1.6025727e-07 0.29081455 0.0055496586 0.013131488 1.5298771e-07 2.1072062e-06 0.0011379365 4.9517465e-05 0.0011251367 0.0127103655 4.5644258e-05 0.16624475 1.5678666e-09 0.00012782303 0.37535232 3.5910448e-06 0.0018962064 0.00036818054 7.500363e-08 0.12730736 0.04450159 0.3985741 2.1013074e-07 0.019009767 5.0452354e-06 4.835976e-06 1.6117954e-05 0.03747801 0.00036511835 2.3882157e-07 0.000101599275 1.1725937e-07 0.15702727 1.1289189e-06 5.321969e-06 5.085103e-07 0.41136038 7.271956e-05 1.1012052e-05 3.8055223e-06 2.042095e-05
0.94943935 0.71116525 0.8280264 0.9393669 0.35702953 0.55559784 0.0184787 0.0009062965 0.5050633 0.00321487 0.007463809 0.47207177 0.00715982 0.00015170114 0.0059065414 0.88808906 0.0013007378 0.0029343725 3.0100461e-15 0.041575048 0.995709 8.622725e-05 0.026374996 6.2876093e-06 0.00010172221 0.008233365 1.2124741e-06 0.015334004 0.6648592 8.1433114e-05 0.054338537 0.7920741 2.0526404e-05 1.2153608e-05 6.463902e-05 0.0013745496 7.691245e-08 2.651561e-05 2.4870762e-06 1.8038807e-07 2.105801e-07 1.9741508e-06 4.3226613e-05 0.082360834 5.554932e-06 2.193908e-06 0.00011205107 7.931208e-06 9.234235e-05 2.552128e-06 0.0001669897 0.018814601 3.1006453e-05 8.36625e-07 6.601157e-06 3.0153653e-05 0.08937349 0.0011482941 1.5332372e-06 3.7040684e-06 1.0033069e-06 5.341497e-05 0.0025906714 8.093169e-06 6.088966e-08 0.0012969074 3.5907104e-07 0.088037334 0.00024178624 5.9069293e-07 0.00023669805 0.011040268 8.353606e-07 1.978968e-07 0.009944853 0.0028755136 0.0004491967 0.0004881264 2.2539868e-07 0.004178469 0.00013313553 0.003644974 9.098162e-08 0.0012088905 2.9118494e-06 8.226037e-06 0.00028645957 0.007372665 2.4092986e-07 4.625549e-06 4.2060372e-05 7.205012e-08 0.0003944898 7.408737e-07 7.263458e-05 1.1592718e-07 0.00041729014 4.91009e-06 8.4449574e-08 3.8633443e-09 2.6878232e-07
0.78124404 0.24345939 0.14894928 0.2208717 0.0009928946 0.002199594 0.5370541 0.15939783 0.99209493 3.4489778e-06 3.7984682e-05 0.034630455 6.591643e-05 8.4586316e-07 0.05220355 0.005235494 0.8419377 0.02148481 0.041575048 1.5757262e-14 0.37100145 0.023899216 3.3160338e-06 0.0012576262 1.3371858e-06 0.99571615 0.0003470881 0.0008265738 0.7089104 5.062724e-07 1.49419375e-05 0.057324894 0.0011776036 3.6241607e-07 2.96293e-06 0.4994635 1.471384e-06 0.2352544 8.091216e-06 6.116034e-06 5.463131e-09 3.1741084e-07 0.0011465662 0.01650591 0.027366368 1.275311e-07 0.00055124133 6.5617816e-05 1.1533454e-06 4.7481006e-08 0.0012377768 1.8999577e-05 2.6291068e-06 9.362357e-06 0.00016425924 0.00020914403 0.1419527 0.39267042 9.454959e-07 1.3381634e-07 4.5676476e-09 0.0004149361 0.0009323118 2.825823e-05 3.163712e-09 0.00057608646 1.9123145e-06 0.0049238196 0.000102603066 6.4465567e-06 0.0039434363 0.0037913297 1.8924458e-09 2.7867056e-06 0.004101178 1.021878e-05 6.470162e-05 2.8443788e-05 2.7948763e-08 0.0008094814 5.4620687e-05 0.002801961 2.3836852e-09 0.00026280063 2.769853e-07 9.559552e-09 0.00013459241 0.00031000585 6.7987403e-06 3.9425595e-07 6.324326e-07 5.083302e-08 0.0006265836 1.4672317e-07 5.268179e-06 1.1024578e-07 0.0005334943 5.4429565e-06 2.4735224e-08 1.3498343e-08 7.980559e-07
0.6894285 0.37194765 0.4300238 0.5922563 0.03799613 0.07550698 0.014020446 0.001582656 0.42457104 0.00014688494 0.0006229686 0.06887965 0.00029361708 2.0771e-05 0.0027122234 0.46492192 0.0046774233 0.0009825183 0.995709 0.37100145 3.589438e-16 0.00016750026 0.0029218718 2.0557593e-05 1.1900296e-05 0.1819415 2.051612e-06 0.0005896563 0.9892478 2.2031522e-06 0.0063271383 0.8982446 2.1087431e-05 1.1114283e-06 4.7257126e-06 0.031133942 8.629293e-08 0.00062866654 1.6166946e-06 1.5871427e-07 3.1406266e-08 9.868228e-07 8.538289e-06 0.010763328 6.289712e-05 7.746717e-07 1.966163e-05 8.5362935e-06 1.2343751e-05 6.425532e-07 8.3459854e-05 0.007484694 4.6485798e-06 8.4028727e-07 2.9296004e-06 9.494614e-06 0.26337388 0.014631558 3.5013954e-07 1.2584582e-07 5.5125387e-08 8.97902e-06 0.0002220798 1.6754514e-06 4.6511158e-08 0.0066496045 1.7135656e-07 0.109574646 6.161402e-05 3.3034192e-07 0.001026403 0.0018166961 5.295122e-08 2.1974927e-08 0.00093511713 0.001839312 4.6685123e-05 9.4694105e-06 2.3748962e-08 0.000759212 9.825495e-06 0.0016102383 4.413542e-09 0.0001581164 5.842735e-07 9.779664e-07 0.00047168002 0.00090830785 5.99572e-08 4.3623204e-06 1.0234701e-06 2.8557466e-08 0.00015413931 1.3571814e-06 5.489516e-07 1.16201356e-07 0.00012260635 6.3963375e-07 2.4275407e-08 7.998918e-10 1.85462e-07
0.84691834 0.006358008 0.00138784 0.00010172744 5.171792e-05 1.1684956e-05 0.48097953 0.92783356 0.025385374 4.77648e-07 2.6751916e-06 0.009025794 1.4925873e-05 1.3264778e-07 0.9054656 4.6559428e-05 0.8034871 0.42544582 8.622725e-05 0.023899216 0.00016750026 2.8848685e-14 1.1344101e-06 0.9801878 7.0701304e-08 0.025604708 0.5093318 0.00010019979 0.00093574025 5.548848e-06 4.4247045e-06 5.077825e-05 0.980062 6.904734e-07 3.5406647e-06 0.06689176 0.029714547 0.17081928 0.06590166 0.034489356 1.0780559e-07 7.5036223e-07 0.1353602 0.007037526 0.8369243 3.617365e-07 0.07050138 0.5383518 6.1145846e-07 1.78079e-07 0.030363271 4.8104863e-07 1.0059574e-05 0.80145925 0.045766134 0.017500164 0.00013502991 0.07843272 0.0016370941 2.9818017e-07 8.3532434e-08 0.017202055 0.00014228366 0.013651984 5.3557404e-08 3.8006604e-07 0.0021043918 4.9128575e-06 0.00029198942 0.007989245 0.00016526078 0.000824854 7.493371e-08 0.00037367566 0.0017841758 7.938551e-07 5.0131366e-05 0.00019609058 3.9610413e-07 0.00073319237 0.004575073 0.002334056 9.8654176e-08 0.000120272656 5.1655963e-05 1.8325797e-07 2.1325843e-06 0.00024702481 0.2112644 1.7104357e-07 3.988252e-06 5.744156e-06 0.0038188964 0.00012375737 1.3290801e-07 2.450717e-07 0.015045493 0.0001675151 1.7963754e-05 8.023386e-05 2.9874514e-05
0.93773305 0.011099186 0.011148494 0.11260723 0.86779684 0.8021715 4.7885616e-05 4.500939e-07 0.00017632346 0.7677672 0.9193314 0.05390703 0.4221287 0.6474114 2.9650399e-05 0.5684449 1.0814808e-05 4.0755212e-06 0.026374996 3.3160338e-06 0.0029218718 1.1344101e-06 2.1952407e-14 9.0032734e-07 0.48380923 1.6054678e-06 1.2425993e-07 0.1553052 0.0037965386 0.029195031 0.9839742 0.15329812 8.642606e-07 0.0034907307 0.03803255 5.167183e-05 3.238825e-08 1.7068729e-06 1.8230794e-07 7.535753e-08 0.00010669712 0.0005134382 4.6935943e-06 0.009828444 1.0043245e-06 0.0008720158 6.4844835e-06 1.3977957e-05 0.7827573 0.0004911509 5.9959006e-05 0.64927405 0.0010668039 4.8794213e-06 2.352093e-06 6.265701e-06 0.000759964 0.00014010459 5.9788526e-08 8.639632e-05 0.89611787 4.571006e-06 0.008671648 4.6148198e-06 0.00014408432 0.00014239537 1.4685811e-07 0.15336028 0.002137617 1.4736072e-06 6.357683e-07 0.0020368455 0.03737852 4.4426063e-08 0.0009990834 0.06385609 0.0028093057 0.0034327595 8.667244e-07 0.00067236 1.6661563e-05 0.00036204196 2.3848519e-05 0.00507343 3.2242962e-05 0.026629804 0.00023059922 0.002491916 1.3094221e-07 0.0019152449 0.0012088655 2.113256e-06 6.805225e-05 1.3850429e-06 0.0005081749 1.0405773e-06 0.00045058652 5.0303033e-06 1.0254837e-06 5.6201563e-09 1.2351158e-07
0.76862395 0.0010276008 0.00017697136 2.9589048e-05 1.9396977e-05 1.4234317e-05 0.013555597 0.097451225 0.0020514918 1.4038707e-06 3.7586767e-06 0.004119331 2.4159803e-05 4.4163082e-07 0.85488605 2.0352747e-05 0.04720573 0.25880623 6.2876093e-06 0.0012576262 2.0557593e-05 0.9801878 9.0032734e-07 1.9797595e-12 4.29762e-07 0.0006651225 0.9940275 0.000120450815 2.5146022e-05 1.4240215e-06 1.0774675e-06 2.1872456e-06 0.9486729 8.8712085e-07 1.5283291e-06 0.00041240538 0.08645821 0.0054770056 0.53396785 0.07036382 3.5613695e-08 1.8922022e-07 0.24967465 0.009510241 0.14037457 1.817631e-06 0.19499858 0.04875062 3.5889067e-07 2.0001387e-07 0.057887603 6.105514e-08 3.7888753e-06 0.21258183 0.08130805 0.07191564 2.0891557e-06 0.0012895353 0.013308959 3.1045197e-06 1.207294e-07 0.035472225 0.0003581559 0.053156156 2.4627514e-08 8.9512156e-08 0.005462476 2.8336163e-07 8.7947876e-05 0.029835265 5.799049e-06 0.0009606208 6.1389667e-09 0.00059875957 0.002600165 2.8822632e-07 5.0370792e-05 5.9276066e-05 7.8538955e-07 0.00061770406 0.0131747015 0.003770933 4.3501083e-09 0.00021492672 1.8383718e-05 1.48323265e-08 1.2898943e-06 0.0007393555 0.031733353 1.8957632e-08 1.7063547e-05 1.0640046e-05 0.0044322493 7.478896e-07 1.1035723e-06 1.083897e-07 0.019156495 0.0002680496 5.123965e-05 9.711586e-05 8.12416e-05
0.8846433 0.000530112 0.00013091169 0.0025238679 0.026259646 0.016608324 6.5446166e-06 3.7850324e-08 2.027191e-05 0.3159752 0.5760142 0.017731078 0.83279765 0.97359794 3.9493603e-05 0.0032500234 5.812174e-07 1.7612933e-06 0.00010172221 1.3371858e-06 1.1900296e-05 7.0701304e-08 0.48380923 4.29762e-07 7.505041e-16 9.809668e-07 3.09281e-07 0.5184046 1.0054462e-05 0.44941977 0.013830341 0.0001206398 5.4324164e-07 0.06353884 0.98819226 5.631362e-06 1.2548448e-07 1.923988e-07 1.2323421e-06 1.5449118e-08 0.014505992 0.09971554 1.143213e-05 0.004938356 1.44347e-06 0.0118015185 3.5478843e-06 7.574481e-06 0.19925609 0.05344644 2.4157478e-05 0.00439052 0.021284595 2.1542537e-06 2.862629e-06 1.2405537e-06 7.9775765e-07 7.101073e-06 1.3924183e-06 0.001029931 0.96224564 6.272508e-05 0.112371035 7.323275e-07 0.01796557 7.451127e-08 2.9716881e-08 0.00054145907 0.018742919 1.319139e-06 8.5646214e-08 0.002518614 0.0033532125 2.3002518e-07 0.00039206055 0.00086807663 0.019403756 0.011338758 1.9717962e-05 0.0011060411 5.4902566e-06 0.00015768707 0.0014416341 0.0078102686 3.4127857e-05 0.24732201 1.1153915e-07 0.0029375881 1.5472414e-08 0.00029423097 0.0034103603 4.9024743e-07 0.00037030497 5.657232e-06 0.0022649115 7.260065e-07 0.0001882428 3.2179603e-06 1.6829868e-07 1.4576013e-09 4.946915e-08
0.43405294 0.030855708 0.008895545 0.009520737 0.0002580371 0.00018753967 0.28913504 0.07808143 0.62493116 4.793307e-06 1.4257181e-05 0.0016737633 1.0772143e-05 4.7804446e-07 0.018677086 0.0006109916 0.8645688 0.003990267 0.008233365 0.99571615 0.1819415 0.025604708 1.6054678e-06 0.0006651225 9.809668e-07 5.4977876e-15 9.925992e-05 2.837922e-05 0.85077435 1.5476819e-07 2.6384128e-06 0.030692937 0.0010851988 5.0120946e-07 4.562567e-07 0.9807171 9.323664e-07 0.92406887 6.8002905e-06 1.0161534e-06 7.479003e-09 2.4253922e-07 4.9907547e-05 0.0011575972 0.4478624 1.5778386e-07 6.285106e-05 0.0011362481 3.3097288e-07 5.1750458e-08 0.00014523197 1.8601974e-06 1.0173393e-06 0.00010794125 0.00016615508 5.081221e-05 0.25993374 0.7028949 6.296277e-07 3.179927e-08 2.1506765e-09 4.2301246e-05 0.00013408074 1.1097829e-05 6.381397e-09 0.0020468691 6.520504e-07 0.0031392688 3.494744e-05 2.2370893e-06 0.022426829 0.00013245016 3.3641905e-09 9.1740645e-07 0.00028967956 6.367704e-06 1.6589058e-05 1.4557197e-06 1.3567052e-08 4.6393965e-05 1.0972322e-05 0.0005865869 1.4703957e-09 4.6627767e-05 2.6545084e-07 3.789395e-08 0.0004508464 3.631887e-05 2.4975809e-05 1.5599196e-06 2.663541e-07 2.1148857e-07 8.346058e-05 1.7886254e-06 3.0865928e-07 7.2006166e-08 3.4093893e-05 8.2685517e-07 8.631761e-08 4.147723e-08 3.0976867e-07
0.91567814 0.0006068517 7.397103e-05 7.5955895e-06 5.8673063e-06 2.2192887e-06 0.0068347557 0.030099355 0.0009382925 2.5985273e-07 6.52408e-07 0.005264476 8.652136e-06 1.6161218e-07 0.92959327 6.0206626e-06 0.018821662 0.64756256 1.2124741e-06 0.0003470881 2.051612e-06 0.5093318 1.2425993e-07 0.9940275 3.09281e-07 9.925992e-05 3.024546e-13 3.3230917e-05 4.881846e-06 5.973385e-07 7.9747196e-08 1.6146413e-07 0.5374649 1.0716308e-07 3.429003e-07 9.6055024e-05 0.93837076 0.0009775772 0.82480216 0.60237944 2.786433e-09 2.3223699e-08 0.7760632 0.034278788 0.0466501 9.758204e-08 0.7359139 0.023752857 2.8352005e-07 1.0401908e-07 0.37389544 5.7496172e-09 4.548942e-07 0.1302292 0.045449 0.458057 8.957531e-07 0.00022176531 0.033462204 1.9609344e-07 1.891097e-08 0.21994646 0.00039330704 0.42098087 1.7990162e-08 9.003333e-09 0.020616718 3.5985883e-07 5.9139078e-05 0.25756064 2.5647168e-07 0.005852776 1.5101503e-10 0.0008856603 0.009017234 8.9978435e-08 7.5340045e-05 2.6704824e-05 1.3410867e-07 0.0024432149 0.09233878 0.015433319 6.3981305e-09 0.00072727853 5.9286016e-05 1.2404768e-08 4.1605412e-07 0.0017170282 0.02536544 2.859851e-08 2.2609816e-05 1.2749238e-06 0.01216132 1.09903986e-07 9.955675e-07 4.235285e-08 0.07762244 0.00045921927 0.00020509608 1.8360433e-05 0.00037057593
0.9841483 0.071249455 0.013716695 0.0296031 0.6726435 0.092596404 0.0018679071 0.0005920096 0.0046316567 0.86071396 0.38770565 0.60376626 0.9716819 0.54420733 0.003347062 0.02973283 9.0642e-05 0.0028431378 0.015334004 0.0008265738 0.0005896563 0.00010019979 0.1553052 0.000120450815 0.5184046 2.837922e-05 3.3230917e-05 7.368199e-15 0.00035151772 0.82744026 0.0061125625 0.0010222134 6.0810444e-06 0.16026026 0.36000818 0.00014362857 9.9014715e-06 1.4711007e-06 2.7323474e-06 9.926351e-07 0.04874465 0.022866726 0.0027292785 0.8022136 9.096814e-05 0.030278547 0.00032043178 6.252613e-05 0.0009279108 0.15589312 0.002607483 0.0006913855 0.37448877 1.6738806e-05 1.1711498e-05 4.2186148e-05 1.02394315e-05 0.00049865234 2.724406e-06 0.0023496929 0.07431583 0.0012852859 0.9182201 1.5717734e-06 0.06215559 4.339226e-06 5.6670057e-08 0.00072251493 0.4102118 1.1203472e-06 8.315568e-08 0.09873937 7.3839794e-05 1.5039251e-07 0.015133925 0.00063851575 0.16310927 0.13016619 1.0800008e-05 0.016153354 8.252266e-06 0.006012644 0.0020869204 0.37051907 0.00017775316 0.00916224 1.3310703e-05 0.12850824 3.1011507e-07 4.0172657e-05 0.00066869723 4.633633e-06 0.008508349 1.8463099e-05 0.001172127 1.5969988e-06 0.0012515984 2.2747062e-09 8.4124065e-07 9.5031275e-08 8.776644e-08
0.5984472 0.3438048 0.41338202 0.42929086 0.025944252 0.039356455 0.058986552 0.013714922 0.7113702 0.00020944621 0.0003568009 0.030296903 8.064882e-05 4.5742214e-05 0.0026944196 0.35685903 0.10481893 0.0014961231 0.6648592 0.7089104 0.9892478 0.00093574025 0.0037965386 2.5146022e-05 1.0054462e-05 0.85077435 4.881846e-06 0.00035151772 8.935176e-13 1.338648e-06 0.012720049 0.97928655 4.9737777e-05 8.496517e-07 6.0120788e-06 0.63818514 6.511164e-07 0.060386572 3.2735866e-06 5.1074215e-07 1.0196068e-07 4.286632e-06 4.2607822e-05 0.007920916 0.0005411429 8.8778444e-07 0.00014058147 3.9910487e-06 7.619843e-06 5.143696e-07 0.000101696394 0.021466997 7.9555175e-06 4.98614e-07 9.887681e-05 6.4456566e-05 0.9388297 0.67545193 9.563611e-07 9.4748394e-08 2.7387024e-08 5.8615267e-05 0.00016970791 4.2515053e-06 1.6890365e-08 0.07234388 1.4986512e-08 0.45691338 8.420996e-05 1.7757407e-06 0.059369233 0.0013072618 1.7116464e-07 8.540899e-07 0.0012156762 0.012186316 2.6148773e-05 0.00011894005 1.2821212e-08 0.001019409 2.4212648e-05 0.0035534315 5.6326694e-09 0.0001556481 6.9424834e-07 6.765618e-06 0.014807307 0.00023877936 7.8371056e-07 0.00011919724 7.294481e-07 1.05213715e-07 0.00044495944 1.1506465e-05 6.948316e-06 1.7323003e-07 0.0001672329 2.4234514e-06 1.5230307e-07 3.699581e-08 4.6214655e-08
0.9717486 0.00080086675 0.00011574079 0.0006192497 0.014122764 0.0016184603 1.4573304e-05 2.05198e-06 2.7917215e-05 0.17790529 0.030598048 0.088236034 0.7344325 0.26552823 9.90635e-05 0.0020738875 5.332025e-07 4.0321967e-05 8.1433114e-05 5.062724e-07 2.2031522e-06 5.548848e-06 0.029195031 1.4240215e-06 0.44941977 1.5476819e-07 5.973385e-07 0.82744026 1.338648e-06 6.8083024e-14 0.0005822663 1.2678216e-05 6.0878307e-07 0.9850605 0.6892776 6.3946513e-06 5.6110264e-07 1.4840045e-07 6.442522e-07 9.9487885e-08 0.6507363 0.30167472 0.0001477377 0.07615834 2.4886017e-06 0.5538442 0.00010309329 4.3738655e-05 0.0006542464 0.88495445 0.00023951466 2.3044566e-05 0.8758564 1.5480067e-05 8.3818804e-07 1.1266188e-05 1.0038658e-06 1.6629687e-05 1.2417563e-06 0.08105881 0.24754906 6.22382e-05 0.7778016 5.0586647e-07 0.6693375 4.4743024e-07 2.880852e-08 2.7174377e-05 0.6006469 1.8869916e-06 6.554635e-08 0.014764475 2.043332e-05 2.4241433e-07 0.0033041488 5.8995156e-05 0.557952 0.5292974 0.0049610487 0.0046579107 1.2921228e-06 0.00055848144 0.10349479 0.06483262 0.0056257937 0.03550874 6.8491795e-07 0.016229458 3.8774996e-07 2.9206058e-05 0.010679751 0.0005451006 0.000843445 2.6918124e-05 0.23652425 1.0139105e-06 0.00022520628 2.1786488e-09 5.3647403e-07 4.7571906e-09 1.3075653e-07
0.48521897 0.0124174105 0.03300438 0.1733584 0.51627046 0.57014006 9.431067e-05 2.5223278e-06 0.002698902 0.1261217 0.20063645 0.015514801 0.018020887 0.064783655 2.1734422e-05 0.94006723 7.787275e-06 6.220947e-07 0.054338537 1.49419375e-05 0.0063271383 4.4247045e-06 0.9839742 1.0774675e-06 0.013830341 2.6384128e-06 7.9747196e-08 0.0061125625 0.012720049 0.0005822663 5.41226e-16 0.348808 1.0093102e-05 0.00016491314 0.0006862818 5.776276e-06 1.4551881e-08 5.1212686e-07 1.4887816e-07 1.316442e-08 2.699791e-06 6.968761e-06 1.1100533e-06 0.0052174856 8.800581e-08 3.8582082e-05 3.8449093e-06 1.0503611e-06 0.4429505 1.6060047e-05 9.352201e-06 0.99505204 2.5187523e-05 2.9315206e-08 5.659126e-06 2.4460367e-06 0.009246758 6.751232e-06 5.7891587e-08 3.7869497e-06 0.021462863 9.003539e-07 0.0012254539 2.6146395e-06 1.4196269e-06 0.0043913242 3.8907142e-08 0.40900004 0.00025321203 3.3197435e-07 4.2946747e-05 0.001660746 0.04464497 6.933289e-08 0.0006187683 0.55334085 0.0002256412 0.0003148853 1.4794952e-07 0.00059318054 8.706169e-06 0.00043800482 9.881048e-08 0.00044310745 2.2920085e-06 0.00025961484 0.0032772182 0.0011577148 2.1434662e-08 0.0103391325 5.855928e-05 1.3650385e-06 1.22200645e-05 9.709376e-08 0.000100009616 5.8626995e-07 1.03679195e-05 1.9428571e-06 2.0986507e-08 1.0819853e-09 1.7374872e-07
