3.5192853e-13 0.97010946 0.979027 0.9759859 0.9704452 0.9470934 0.9867213 0.96586496 0.97865623 0.9565252 0.95027155 0.9081318 0.9673557 0.7920868 0.9479312 0.91019696 0.6586841 0.9344981 0.9115079 0.76509285 0.85556084 0.82082623 0.3866757 0.8517283 0.44819042 0.80540115 0.57639545 0.77463603 0.94552606 0.2698979 0.9474509 0.9393772 0.9886208 0.8666078 0.7732266 0.94681287 0.9072319 0.9568955 0.24998243 0.9396841 0.8817499 0.85626143 0.7497431 0.09941858 0.99514383 0.9715368 0.99912894 0.8997443 0.89234453 0.7419441 0.77934223 0.9579311 0.9493819 0.75584126 0.99163324 0.9261248 0.99992144 0.519436 0.98699903 0.9779487 0.9279291 0.9373771 0.35938856 0.88934374 0.7709915 0.83748645 0.39109263 0.33396375 0.3339044 0.99999684 0.8133647 0.155869 0.5576622 0.77922493 0.4857753 0.4307862 0.63480073 0.007618507 0.94374734 0.8824932 0.00078766095 0.86828196 0.055875007 0.6191117 0.6684783 0.6347484 0.23174502 0.24050061 0.045071624 0.008662689 0.5948593 0.033699278 0.0759463 6.1760744e-05 0.0018227788 0.0005271361 0.0052375537 0.0002957659 0.905206 0.16106306 0.0001816522
0.97010946 1.1046804e-11 0.9649346 0.16752553 0.023920674 0.018270088 0.3856654 0.11515182 0.030991187 0.905273 0.9607 0.5789784 0.6935813 0.29628205 0.10065384 0.0011702115 0.039627105 0.003394563 0.0027949926 0.0003142958 0.013776789 0.04790394 0.0027095608 0.94443995 0.0003911439 0.050087906 0.011257909 0.8060607 0.008616293 0.0005919845 0.00021399964 0.0013908286 5.2709707e-05 0.00024076967 3.6164925e-05 1.3145671e-05 0.02827111 0.0015633078 0.29841796 1.2270209e-05 0.021927709 5.135751e-05 0.06390246 0.08652537 0.0006177406 0.00033032286 0.014365207 1.8182109e-05 1.2574445e-05 0.00026441054 0.017237255 0.012361642 1.3315369e-06 8.8764216e-05 1.1980644e-07 9.748935e-05 0.0039051175 0.35416842 0.033547528 0.00037328553 1.1506821e-06 9.848743e-06 0.0017913637 1.5916583e-05 5.028286e-05 1.1772937e-06 3.5361037e-07 3.5925328e-05 4.306515e-07 0.024010295 9.485761e-06 0.031273812 4.728756e-06 2.5032585e-07 0.012267385 3.7747715e-05 4.9385602e-05 6.3797092e-06 1.6335255e-06 4.8052357e-07 0.00073538383 4.633885e-06 1.2511764e-05 4.08361e-06 3.16632e-07 3.8000366e-07 3.5300238e-06 3.552745e-05 7.19589e-07 0.0033144562 0.00013014315 3.0730848e-07 9.045876e-07 1.1164941e-05 3.5114746e-05 1.5415475e-06 1.1359853e-06 3.5777455e-07 1.8060342e-07 5.7398495e-07 8.49847e-09
0.979027 0.9649346 5.4381846e-11 0.13856481 0.011308608 0.0074109887 0.9456074 0.016635653 0.4829293 0.35833985 0.94892794 0.90469664 0.89103204 0.02185923 0.10225727 0.0043449514 0.004076987 0.062290587 0.005171913 0.018348197 0.0025593662 0.06705946 0.022022597 0.40203968 0.0049948217 0.07595447 0.073619545 0.39055613 0.07132619 0.0035146894 0.0020875775 0.00050769636 7.579558e-05 0.00097556977 0.00011908998 1.1715441e-05 0.063783824 0.002584904 0.027954083 7.113833e-05 0.068284266 0.00041127088 0.0022492544 0.004683043 0.00465688 0.0003234168 0.052198697 2.1779779e-05 1.271396e-05 9.7372926e-05 0.0325889 0.023979863 1.930383e-06 4.0619463e-05 4.5371317e-07 0.001590694 0.005788091 0.16694622 0.07180176 0.0054933894 6.065155e-07 3.0745858e-05 4.1309282e-05 2.5840927e-05 0.00051615236 1.5605713e-06 7.1281073e-07 2.6280222e-05 4.016036e-07 0.053058226 6.945444e-05 0.0007817653 3.0836493e-06 2.5250822e-07 0.017528817 7.224013e-05 0.0003530645 3.4239627e-06 4.4117325e-05 1.13346864e-07 0.00016982465 2.3377703e-05 6.0671573e-05 4.6883216e-07 6.948948e-07 3.3217927e-07 5.2442488e-06 0.0005185878 3.8867667e-05 0.00069316034 0.0015410478 1.5746735e-06 2.0113835e-06 1.9740135e-06 9.1487535e-05 7.014128e-06 5.6459407e-06 3.8578364e-07 3.989853e-08 9.006476e-07 2.3439753e-08
0.9759859 0.16752553 0.13856481 3.752961e-13 0.9815696 0.91633093 0.04536297 0.91321445 0.0005003007 0.936603 0.045366142 0.0038123792 0.69457525 0.6662475 0.850377 0.07591893 0.35477233 0.0026219168 0.056148943 1.4873283e-05 0.45482135 0.15200074 0.00020956149 0.11061403 4.985465e-05 0.12529916 0.00053294864 0.021026833 0.005552827 5.583573e-05 4.450394e-05 0.4495451 0.070513785 0.0018244851 0.00026061528 0.00027382612 0.13629748 0.00865295 0.015917623 0.00014193522 3.228219e-05 4.1527815e-06 0.1646037 0.01018759 0.00012161754 0.0043225586 0.0080383485 0.033914395 0.0029929583 0.100700475 0.0531782 0.04020231 0.0016132655 0.048189495 1.0486677e-06 7.770368e-06 0.021112885 0.00046154408 0.07008097 3.529989e-05 1.3264254e-06 0.005323355 0.017098865 0.00038385348 2.3823507e-06 8.591513e-06 1.811556e-05 0.0023181704 4.8890608e-05 0.04799983 7.17082e-06 0.003970499 0.0012618774 2.1553236e-05 8.4131847e-07 0.004351908 3.0258723e-06 0.00016049857 2.5372603e-07 9.2586035e-08 6.2246625e-05 0.0012107802 1.3512388e-05 1.1155826e-06 2.0632688e-06 9.131764e-09 5.627752e-05 1.3580809e-05 5.5550726e-07 3.1814102e-06 1.8099847e-05 1.7128892e-07 2.2620601e-05 2.9921207e-06 2.1756195e-07 2.8435055e-05 2.4319448e-05 2.7740325e-07 1.2317763e-07 3.9840566e-09 6.864526e-07
0.9704452 0.023920674 0.011308608 0.9815696 1.4996369e-13 0.9868898 0.0049822167 0.8664891 4.3762648e-05 0.5441396 0.0061652027 0.00037856447 0.32189 0.32800645 0.8222794 0.8131411 0.18910675 0.00020953693 0.33078715 1.6060452e-06 0.38423565 0.11739598 2.1414731e-05 0.019298343 6.5431e-06 0.06878299 7.813547e-05 0.0035233332 0.00092001655 2.2824524e-06 4.3910036e-06 0.5300052 0.34532315 0.4026151 0.019231416 0.0043466627 0.0840446 0.06728739 0.0055830167 0.0049558356 1.6762752e-07 1.2637145e-06 0.09268311 0.005654663 3.736224e-05 0.034545597 0.005047731 0.10633918 0.015132951 0.11646679 0.056478906 0.0322731 0.0079726335 0.121598236 7.95905e-05 1.6284332e-06 0.03943761 5.7862642e-05 0.067045994 7.0244056e-07 0.0001623448 0.029087514 0.011372764 0.008083513 4.4314123e-07 0.00013985629 9.459406e-05 0.00710424 0.00012875986 0.053008422 1.5494135e-06 0.0023791199 0.004364716 0.00061769114 3.1272606e-08 0.013319835 1.0961821e-07 0.00022544502 1.1031519e-07 1.7703906e-06 3.2642605e-05 0.004179862 3.3671906e-06 7.9187375e-06 6.3809355e-05 1.9302273e-09 0.00032944325 1.7527126e-06 1.4093968e-07 9.86342e-07 1.3551885e-06 1.5940012e-08 9.914081e-05 2.042092e-06 1.7656104e-08 8.3699546e-05 3.1605006e-05 4.699016e-07 1.6687355e-07 8.96532e-10 2.3871949e-06
0.9470934 0.018270088 0.0074109887 0.91633093 0.9868898 8.584351e-14 0.0014150987 0.976123 6.8794793e-06 0.6198859 0.0027700686 0.00010242191 0.07399518 0.43434557 0.50932294 0.59699094 0.24862467 3.8366845e-05 0.09217904 2.4775417e-07 0.49973238 0.018674795 1.5374155e-05 0.012915563 5.145774e-06 0.02296286 5.26189e-05 0.002067163 0.00018831536 3.493736e-06 1.5234962e-06 0.7407675 0.70195615 0.7252746 0.042492118 0.0032675702 0.023851177 0.030680325 0.0039217463 0.010330992 7.415739e-08 1.4275575e-07 0.09605727 0.0036178005 3.456436e-06 0.01279721 0.0024985222 0.2829055 0.07003489 0.22437847 0.013428689 0.009088663 0.016084189 0.24678661 3.1187326e-05 5.3339835e-07 0.020963943 2.0540916e-05 0.02982543 7.1533856e-07 0.00017136337 0.083857246 0.016570037 0.019208848 4.4075483e-07 9.063414e-05 0.00029363474 0.013436357 0.0004444605 0.02467458 7.5478107e-07 0.002070832 0.012666719 0.0011772506 1.10354755e-07 0.029467342 3.4009933e-08 0.00030064967 6.751387e-08 7.0091123e-06 2.0979434e-05 0.007726881 5.6582275e-07 3.4891225e-05 6.149497e-05 9.1434704e-10 0.00091842975 7.877232e-07 1.7200026e-08 1.3708218e-06 2.3806936e-07 1.144517e-08 9.148012e-05 9.163388e-07 1.39442635e-08 3.637568e-05 3.7327838e-05 1.3645408e-07 1.6171349e-07 1.669845e-09 7.856222e-06
0.9867213 0.3856654 0.9456074 0.04536297 0.0049822167 0.0014150987 2.845165e-13 0.0031088558 0.8982306 0.023762163 0.72671634 0.9459749 0.94046277 0.00146857 0.09521895 0.0064059286 0.00044324333 0.66171414 0.007940423 0.25769606 0.00031007652 0.20422179 0.11756684 0.11097761 0.08106563 0.11797249 0.13146444 0.25405777 0.78539526 0.03693072 0.015784362 7.967716e-05 4.6635192e-05 0.00073867047 8.329145e-05 7.7495515e-06 0.116184294 0.0035135136 0.0030843318 2.3854798e-05 0.36018953 0.0015152366 9.688588e-05 0.00017536138 0.029478135 0.00042153377 0.34571984 9.4524485e-06 4.6138694e-06 1.5478312e-05 0.11758232 0.062745675 2.1549772e-06 3.4681575e-06 8.5321425e-08 0.011009067 0.008551907 0.0672876 0.14213558 0.09085654 1.9634288e-07 9.622707e-06 3.5901064e-06 1.4659939e-05 0.0042827097 4.1432813e-07 8.1703973e-07 2.0031206e-05 3.1738026e-07 0.13922244 0.000719222 4.8789578e-05 4.4877875e-06 1.2815339e-07 0.008363471 2.5810166e-05 0.0020617105 5.683088e-07 0.00023390539 3.329593e-08 4.1367824e-05 8.608399e-06 0.00031013094 3.3279184e-07 5.1009884e-08 1.3836196e-06 1.6283631e-06 0.002129854 8.4828185e-05 0.0001378198 0.009908306 1.911855e-06 7.782252e-07 1.5788794e-06 0.00023078908 2.6341086e-06 3.769449e-06 6.4271984e-07 2.4386646e-08 4.1807843e-06 2.8926403e-08
0.96586496 0.11515182 0.016635653 0.91321445 0.8664891 0.976123 0.0031088558 3.3929562e-13 1.4330437e-05 0.89042896 0.0056247474 0.00019505245 0.0490831 0.87727714 0.26395127 0.07560156 0.7354914 3.7256425e-05 0.028196657 1.3869337e-07 0.8850479 0.008482216 1.1948274e-05 0.062105432 3.2533565e-06 0.011507745 5.3750908e-05 0.0045730034 0.0001799835 9.273255e-06 7.439245e-07 0.9266774 0.44618696 0.34859642 0.0066409 0.0006267417 0.010331194 0.009537063 0.015504544 0.005293221 4.768988e-07 1.3815621e-07 0.34681484 0.018184029 7.696972e-07 0.006026267 0.00089286704 0.2716615 0.03386801 0.44322416 0.006665004 0.0040916204 0.0046168035 0.36872536 3.6007152e-06 3.876843e-06 0.012030496 5.238438e-05 0.018960956 1.6902982e-06 2.355452e-05 0.065717965 0.06810791 0.0091956705 7.152465e-07 2.774054e-05 4.603214e-05 0.018704738 0.00031624953 0.009897134 1.420839e-06 0.013558286 0.01250165 0.00017144231 1.06731e-06 0.057400197 4.6025636e-07 0.0007743959 1.7462449e-07 9.0641055e-07 1.6842216e-05 0.0024507022 3.7112572e-06 1.278415e-05 7.5657745e-06 5.4232947e-09 0.0013956005 1.7444581e-06 3.7676593e-08 9.1429183e-07 1.4280973e-06 2.65048e-08 5.9107842e-05 1.0071818e-06 1.172578e-07 6.382329e-05 2.2169308e-05 2.6612204e-07 1.819418e-07 4.419253e-09 1.7493044e-06
0.97865623 0.030991187 0.4829293 0.0005003007 4.3762648e-05 6.8794793e-06 0.8982306 1.4330437e-05 2.9945195e-13 0.0002026067 0.23525867 0.9168286 0.21204151 2.5355865e-05 0.004187888 1.8033494e-05 5.1749867e-06 0.8907966 0.00018441006 0.96868986 2.667119e-06 0.028119884 0.58310264 0.0028694475 0.6153051 0.028691335 0.4869324 0.029432299 0.6859159 0.25603196 0.03523924 3.8808847e-07 9.936448e-07 4.1832213e-06 8.002035e-07 1.084296e-07 0.02427279 0.00054997846 9.193131e-05 3.9189806e-07 0.66013134 0.007876711 1.444058e-06 2.1242477e-06 0.014838745 1.5396514e-05 0.24880305 3.4307038e-07 2.0819785e-07 8.183802e-07 0.04547028 0.019008143 7.798519e-08 3.9332764e-07 9.68298e-09 0.18962522 0.0011233081 0.0132083865 0.1231529 0.56699806 8.068938e-08 7.8121604e-07 2.1090126e-07 3.6684622e-07 0.1109208 1.0070555e-07 1.2228412e-07 3.891785e-07 2.3808921e-08 0.1634423 0.0048595984 2.677102e-07 9.3948856e-08 1.2187295e-08 0.02791633 4.9709564e-07 0.11271182 1.8334624e-09 0.0041104974 8.270678e-08 4.169226e-06 2.391037e-07 0.0002458997 2.8779786e-07 7.86982e-09 1.0794088e-05 6.848329e-07 0.040294245 0.0011007874 3.787602e-05 0.101139374 4.219355e-05 3.2887314e-08 1.5018641e-07 0.001008252 5.912103e-07 8.3896526e-07 2.544673e-07 1.1270046e-07 0.00026653672 1.7537458e-08
0.9565252 0.905273 0.35833985 0.936603 0.5441396 0.6198859 0.023762163 0.89042896 0.0002026067 1.160599e-13 0.04898772 0.00046853232 0.2909513 0.9875255 0.24180405 0.0008884891 0.81605536 0.00011839717 0.0020013622 4.8367576e-07 0.5259071 0.017391568 4.41558e-05 0.82480425 3.3579324e-06 0.011145665 0.00013293838 0.13949412 0.00047237016 1.2007467e-05 3.4023913e-06 0.016563488 3.1442243e-05 0.00011787463 9.833886e-06 2.3211578e-05 0.009770586 0.0007756993 0.40144295 1.0237899e-05 1.2073399e-05 1.1100872e-06 0.72436315 0.42333862 2.3847748e-05 0.0002287076 0.0009172831 2.7094906e-05 6.811831e-06 0.010071647 0.0067597977 0.00417063 1.3525067e-06 0.0005646625 9.3306674e-08 1.1749148e-06 0.003018002 0.0070484774 0.0067084753 6.8277154e-07 1.9456754e-06 2.3770934e-05 0.14658955 4.1165167e-06 6.169916e-07 9.856095e-07 4.887184e-08 0.00017533428 7.521552e-08 0.0038116644 3.9931783e-07 0.30164582 4.5768943e-06 6.7497645e-08 3.2610307e-05 0.0004922536 4.551485e-07 0.0003527806 2.52998e-07 1.8764494e-07 0.00047392503 5.788695e-06 1.9957308e-06 1.2403219e-06 4.7320437e-08 1.2581623e-08 3.5669545e-06 1.2949847e-06 9.7978536e-08 0.00012306991 5.482131e-08 1.1794568e-08 4.0179052e-07 1.18733715e-05 2.4522112e-07 4.188884e-05 2.2216793e-06 8.0865334e-08 2.6471707e-08 1.388846e-09 7.727576e-09
0.95027155 0.9607 0.94892794 0.045366142 0.0061652027 0.0027700686 0.72671634 0.0056247474 0.23525867 0.04898772 1.0849833e-10 0.6771716 0.44045117 0.0051580057 0.024340723 0.00017467838 0.00094518584 0.0063664573 0.00073796214 0.0005661348 0.00020905609 0.020450264 0.0075777727 0.80028456 0.0012560621 0.013449998 0.109759174 0.98901606 0.010004736 0.0060005346 0.0009439032 1.7661872e-05 9.203487e-06 0.00013813126 4.0948078e-05 1.5612091e-05 0.010729018 0.00077915983 0.1640556 1.2204924e-05 0.33682257 0.00035981133 0.001269374 0.03009139 0.0008435259 1.3256193e-05 0.008516483 7.708193e-06 4.126544e-06 3.8769154e-05 0.007919347 0.0039770463 1.0477261e-06 7.4790714e-06 2.5881818e-07 0.0002636735 0.0011571236 0.6524498 0.013222943 0.00028227214 1.1820937e-05 5.656768e-06 0.00010436911 7.846222e-07 0.00018144787 3.4779982e-06 1.7741722e-07 1.0350354e-05 4.24756e-07 0.0070237475 7.2309917e-06 0.027621636 5.783367e-07 2.845122e-07 0.15211137 1.2697226e-05 0.00020362792 5.0184747e-07 8.694461e-06 4.6919854e-07 0.00288936 5.015171e-06 2.6703472e-05 1.4857181e-05 1.0625885e-06 1.439661e-07 1.5034053e-06 0.00012012342 1.4937457e-06 0.022716204 0.0011083684 2.0770482e-07 8.549129e-07 3.5329101e-06 0.00033377513 1.2252873e-06 1.5103694e-06 7.3575416e-07 6.085599e-08 2.1316518e-07 8.949402e-09
0.9081318 0.5789784 0.90469664 0.0038123792 0.00037856447 0.00010242191 0.9459749 0.00019505245 0.9168286 0.00046853232 0.6771716 8.657853e-14 0.26912335 0.00018925912 0.0064930767 5.6049666e-05 5.847479e-05 0.039844386 0.0003603235 0.10720602 1.5895193e-05 0.01656781 0.68907887 0.034447815 0.16011527 0.009386496 0.9374825 0.37312192 0.030203743 0.24854602 0.0028432978 1.397411e-06 4.426107e-07 1.0629285e-05 2.7303415e-06 1.382579e-06 0.0085340245 0.00047729397 0.00459545 9.1081597e-07 0.9798829 0.0008483794 6.945126e-05 0.0001598634 0.0017125685 2.620752e-05 0.014832032 5.620784e-07 5.1952435e-07 8.878941e-06 0.010361712 0.00470533 9.331095e-08 5.101186e-07 3.5506194e-08 0.0015113472 0.0011246883 0.59949315 0.016023872 0.0111924475 1.1010042e-06 1.3660218e-06 2.2383847e-06 2.3823878e-07 0.0052153734 1.0078958e-06 4.3894495e-08 1.5765352e-06 6.2308295e-08 0.006364293 0.000113659866 0.0003799144 1.7326141e-07 1.10457094e-07 0.5179818 2.1536025e-06 0.019944433 4.6664088e-08 9.2417424e-05 6.466405e-07 0.00017706708 1.4314429e-07 2.9578552e-05 1.7467903e-06 1.8289708e-07 3.6797445e-07 3.8627803e-07 0.0013061502 9.34428e-05 0.007554286 0.2023119 6.5372404e-07 8.328585e-08 5.813815e-07 0.00358696 1.5771765e-07 3.903829e-07 8.4709916e-07 3.4985803e-08 2.0232615e-06 4.7117865e-09
0.9673557 0.6935813 0.89103204 0.69457525 0.32189 0.07399518 0.94046277 0.0490831 0.21204151 0.2909513 0.44045117 0.26912335 6.660881e-11 0.020763312 0.95474374 0.11006588 0.0063617295 0.23436545 0.15369405 0.006990538 0.009263198 0.9485709 0.0029810937 0.19366781 0.0017742133 0.46477994 0.00574396 0.1230859 0.86649245 0.00060798135 0.004031712 0.0038414868 0.0032814946 0.010257534 0.00091922854 0.00041251729 0.27092963 0.04742133 0.011896019 0.00031640247 0.026201362 0.0005355744 0.0038555877 0.0018392936 0.009381556 0.0028151844 0.5545 0.001391957 0.0006244826 0.0011733337 0.14448616 0.07308377 0.00025912112 0.00075375935 1.677613e-06 0.002131569 0.020777524 0.020497642 0.24383236 0.018613843 1.9045902e-06 0.00039098744 0.000112244656 0.0004976136 0.0023795203 1.0114089e-05 3.986839e-05 0.00016523556 1.50268515e-05 0.11193692 0.00027316468 0.0007149373 2.4078769e-05 7.0901144e-05 0.00071626843 0.0003283091 0.0007435533 2.5136205e-06 0.00030532456 1.8577498e-07 0.0001379192 0.00028557578 0.00029064034 2.564004e-06 4.818496e-06 1.8007552e-06 2.7392183e-05 0.0013861634 0.00011244899 0.00025940101 0.0012165061 5.8223904e-06 5.057464e-05 3.770395e-06 5.4715183e-06 5.160547e-06 3.5943715e-06 6.864225e-07 1.670194e-07 5.5763354e-07 2.2634084e-07
0.7920868 0.29628205 0.02185923 0.6662475 0.32800645 0.43434557 0.00146857 0.87727714 2.5355865e-05 0.9875255 0.0051580057 0.00018925912 0.020763312 4.5837493e-13 0.061776977 0.000840857 0.9915872 4.617481e-05 0.0006269446 3.4328673e-07 0.8825068 0.0036340489 2.6998694e-05 0.2311181 1.1785957e-06 0.0022957942 6.676891e-05 0.0056627383 0.00028345748 2.6669154e-06 2.73401e-06 0.077694505 3.9353927e-05 0.000116720104 4.1197945e-05 2.4190052e-05 0.0028534222 0.0005949334 0.18774438 2.1604148e-05 5.182504e-06 6.66282e-07 0.83319527 0.43907467 6.6032476e-06 0.00025510165 0.0003116742 0.00011623745 9.864732e-06 0.02982816 0.0013981329 0.00092627865 1.9910372e-06 0.0015944332 2.4118273e-07 9.479463e-07 0.0019907088 0.0004998756 0.0025213684 2.8180642e-07 4.268247e-06 9.5235104e-05 0.21967869 9.9748e-06 9.686584e-07 8.446366e-06 1.109294e-07 0.0006099771 1.4409483e-07 0.0017245869 1.2386564e-06 0.20800705 5.503355e-05 6.581466e-07 1.058025e-06 0.0037595823 4.8716396e-07 0.0015360964 4.3462768e-07 7.6757874e-07 0.00040078233 4.0785948e-05 9.114972e-07 2.9862024e-06 3.0285673e-07 1.02992646e-08 4.188766e-06 3.9983723e-07 1.3688616e-07 7.6212746e-06 5.9002662e-08 7.991374e-09 5.528254e-06 9.853121e-06 1.18571904e-07 8.2829094e-05 1.1106697e-06 1.4301165e-07 2.798573e-08 1.2189777e-09 1.0651989e-08
0.9479312 0.10065384 0.10225727 0.850377 0.8222794 0.50932294 0.09521895 0.26395127 0.004187888 0.24180405 0.024340723 0.0064930767 0.95474374 0.061776977 4.7199284e-12 0.75324583 0.01929407 0.006749546 0.94338846 0.00066939485 0.05216013 0.95556664 0.00040191892 0.025514554 0.00035784364 0.49920008 0.00053486106 0.010354546 0.042848464 9.6322874e-05 0.000710048 0.07239476 0.10806065 0.07900316 0.010595893 0.009549285 0.2982863 0.786239 0.0024392733 0.008968448 7.992517e-05 4.8643327e-05 0.0117758745 0.00068708404 8.1740065e-05 0.025995458 0.04317335 0.022472577 0.011470611 0.015308667 0.27972484 0.09210784 0.008011543 0.012947713 0.00013531829 8.868578e-05 0.2112211 0.00087834103 0.29812446 0.0007520139 2.2078184e-05 0.0129926205 0.00037254576 0.0063616983 0.00014540272 0.0002101094 0.00016732032 0.00070803065 0.000139206 0.18982105 8.696612e-05 0.00067509076 0.00044610858 0.0016351913 5.705644e-06 0.0011560279 5.6599278e-05 3.7986385e-05 8.3916217e-07 3.0124982e-06 0.00017542428 0.0019088737 2.3131008e-05 3.2010907e-05 5.8927228e-05 7.912581e-09 0.00013681629 0.00012977728 1.0720025e-06 3.512061e-05 3.3616605e-05 6.36503e-07 0.00026589056 5.1810357e-06 1.8041526e-07 0.00011576077 6.253574e-05 2.224953e-06 7.007765e-07 9.579337e-09 3.8604236e-07
0.91019696 0.0011702115 0.0043449514 0.07591893 0.8131411 0.59699094 0.0064059286 0.07560156 1.8033494e-05 0.0008884891 0.00017467838 5.6049666e-05 0.11006588 0.000840857 0.75324583 8.259519e-15 0.0008859715 0.00024352114 0.9942518 1.800623e-06 0.0045263665 0.073613696 3.4162047e-05 0.00018897055 1.6969212e-05 0.023563014 0.00013390745 6.4860055e-06 0.00017827688 3.0112156e-05 7.231095e-06 0.025739513 0.80189776 0.9080133 0.661529 0.91710585 0.012043911 0.5102998 1.0812478e-05 0.5034798 3.7080147e-07 2.263389e-07 0.00034928048 3.2642279e-06 2.0539474e-06 0.57740974 0.00038082618 0.10867011 0.17767528 0.004782415 0.014757569 0.0074944976 0.30742183 0.030963963 0.022009343 1.443247e-06 0.07882267 1.1648262e-07 0.020202875 8.057135e-06 0.004931024 0.09688735 5.8229625e-06 0.09569123 3.2813332e-07 0.0056705633 0.00664032 0.0027971833 0.014587635 0.013320171 3.1143514e-05 9.059271e-06 0.004485342 0.101748385 3.0126846e-06 0.0007361992 3.001705e-07 7.787301e-07 2.3794755e-08 5.057503e-05 2.3832436e-06 0.07716311 5.4871034e-05 0.00019112279 0.0047080233 1.0873294e-08 0.0013458632 2.4346773e-06 5.6192913e-08 1.1021303e-06 7.982352e-06 1.0747765e-08 0.0041840496 2.8181796e-07 5.504249e-08 1.9033128e-05 0.00011081843 3.5065905e-06 2.0060112e-05 1.608249e-10 0.00011486187
0.6586841 0.039627105 0.004076987 0.35477233 0.18910675 0.24862467 0.00044324333 0.7354914 5.1749867e-06 0.81605536 0.00094518584 5.847479e-05 0.0063617295 0.9915872 0.01929407 0.0008859715 4.4047403e-15 1.8469633e-05 0.00065050204 9.402773e-08 0.9897545 0.001259581 5.499034e-06 0.04258784 3.8791012e-07 0.0012020139 1.122354e-05 0.0011698885 0.00015705192 3.6871495e-07 4.989013e-07 0.3468302 0.00012881366 0.00012218987 3.4534984e-05 2.7443984e-05 0.0010507925 0.000422882 0.07460995 2.3127635e-05 7.8300684e-07 9.0481144e-08 0.94269097 0.41922867 5.74245e-07 0.00012046529 0.00014722068 0.00064314634 4.821827e-05 0.08737436 0.0006063753 0.00042389487 2.7289877e-06 0.006606672 2.562196e-07 3.9108602e-07 0.0011822038 0.00012767587 0.0014553707 6.3140234e-08 1.6000386e-06 0.00025337894 0.29978 6.1119266e-05 5.3854757e-07 5.0838744e-06 2.8003126e-07 0.0032242273 2.5204892e-07 0.0008474849 3.2252618e-07 0.1404841 0.00023038578 9.619794e-07 1.17041616e-07 0.022999542 1.9914329e-07 0.0044122552 4.2010356e-08 3.6554354e-07 0.00016460911 3.60967e-05 2.2378913e-08 1.6241074e-06 1.2186406e-07 1.3283412e-09 5.961937e-06 1.9676726e-07 1.5528883e-08 4.062095e-06 1.6466341e-08 2.1445323e-09 5.1303878e-06 5.455309e-06 2.9937617e-08 0.00017166989 8.257528e-07 3.8937728e-08 5.6106453e-09 3.2025604e-10 6.2166996e-09
0.9344981 0.003394563 0.062290587 0.0026219168 0.00020953693 3.8366845e-05 0.66171414 3.7256425e-05 0.8907966 0.00011839717 0.0063664573 0.039844386 0.23436545 4.617481e-05 0.006749546 0.00024352114 1.8469633e-05 4.1277867e-12 0.0020824412 0.9055332 1.3115943e-05 0.041339792 0.103523806 0.00025013386 0.20717101 0.020523991 0.059741963 0.0013104511 0.96531963 0.04158905 0.9762704 1.6636199e-06 2.4154815e-06 0.000117377574 1.5156831e-05 3.8269914e-06 0.020546297 0.00268738 2.421073e-05 1.2162455e-05 0.09291335 0.232706 7.626903e-06 5.5344103e-06 0.41463128 0.00020713286 0.35270047 1.8598672e-06 4.11523e-06 4.649103e-06 0.05956786 0.02682098 2.035485e-06 1.2593484e-06 6.9725836e-08 0.8459674 0.0023453454 0.00041396797 0.10317778 0.8053272 6.6893955e-07 1.7202519e-06 5.603379e-07 1.4312981e-05 0.27284914 3.0377646e-06 5.050637e-06 5.6619333e-06 3.9318834e-06 0.13041566 0.10201845 1.1324526e-06 1.4361597e-06 2.1632142e-07 0.00074354484 4.6337012e-05 0.23485218 1.7453051e-06 0.15918839 7.5159835e-07 2.0375119e-05 9.644191e-07 0.015827527 5.6964823e-06 1.6820042e-06 0.00026406982 1.0344571e-05 0.14730981 0.025705112 4.2550608e-05 0.04855447 0.0008639879 3.0330693e-06 2.6841205e-06 0.0003355437 1.12659845e-05 8.589067e-05 5.326864e-06 2.3963185e-06 0.0025250523 1.1923572e-07
0.9115079 0.0027949926 0.005171913 0.056148943 0.33078715 0.09217904 0.007940423 0.028196657 0.00018441006 0.0020013622 0.00073796214 0.0003603235 0.15369405 0.0006269446 0.94338846 0.9942518 0.00065050204 0.0020824412 1.8283337e-15 4.8479986e-05 0.0037210584 0.4093382 3.5534125e-05 0.0005994263 2.6283911e-05 0.083703436 4.2958425e-05 5.589817e-05 0.0016307255 7.4911354e-06 5.256133e-05 0.019886179 0.31146875 0.077907436 0.022791065 0.10617087 0.07047252 0.9629708 2.8535727e-05 0.03696713 3.9480608e-07 7.2615046e-07 0.00045373724 1.9901327e-05 1.9961133e-06 0.31942463 0.0011093824 0.03690822 0.03285945 0.0025736785 0.04187249 0.032729533 0.057780948 0.01357442 0.0011339235 5.4119055e-06 0.24956289 6.941688e-07 0.0625425 5.9855797e-06 0.00022469676 0.037746362 1.0370441e-05 0.011383843 2.886655e-06 0.00084490783 0.0011357579 0.00085980736 0.0009100528 0.042303935 7.028048e-06 5.411684e-06 0.0009745687 0.058456056 1.3411582e-07 0.00072850235 1.2278976e-07 7.280775e-07 1.4523135e-07 1.66683e-05 5.1625227e-07 0.011678285 1.5857084e-05 3.6329748e-05 0.00030286095 5.74649e-10 0.00019979208 7.1134023e-06 3.6484543e-08 3.1364078e-07 2.7568437e-06 8.589618e-08 0.0004420289 8.370516e-08 8.712493e-09 1.0313493e-05 1.3332785e-05 1.5724181e-06 2.8492395e-06 1.9665178e-10 3.3351946e-05
0.76509285 0.0003142958 0.018348197 1.4873283e-05 1.6060452e-06 2.4775417e-07 0.25769606 1.3869337e-07 0.96868986 4.8367576e-07 0.0005661348 0.10720602 0.006990538 3.4328673e-07 0.00066939485 1.800623e-06 9.402773e-08 0.9055332 4.8479986e-05 3.4265863e-13 5.7434605e-08 0.0027816796 0.44112346 2.0152195e-06 0.99036205 0.0016367731 0.078192905 6.606035e-05 0.12707973 0.1884274 0.42752698 1.9038763e-08 3.8290864e-08 4.1675102e-07 2.1234973e-07 9.4388184e-08 0.0015478858 3.22656e-05 4.170528e-07 1.3814369e-07 0.18388699 0.5180399 4.2400967e-07 2.1584116e-08 0.07030817 1.5188425e-06 0.02442007 1.5765758e-08 4.4801666e-08 8.1872564e-08 0.0029145442 0.0009859542 4.4874082e-09 9.704835e-09 5.706418e-09 0.7399689 0.00022711356 0.0003540391 0.009199648 0.6823004 1.7625527e-07 7.3819685e-08 8.9657695e-09 1.1657603e-08 0.1372898 9.705506e-08 2.3253396e-08 3.6248363e-08 2.9613882e-09 0.0039865733 0.0096887 1.6433836e-08 4.6836157e-09 4.349911e-08 0.013814739 4.2026226e-08 0.20522858 5.2372036e-09 0.007867668 5.319891e-07 2.0201474e-08 4.618681e-08 0.015186356 2.9899102e-06 1.5537237e-08 1.8103714e-05 9.465993e-07 0.10622494 0.006822289 7.5197513e-06 0.15546584 9.231612e-05 3.8600092e-08 5.3523883e-09 0.0005942552 1.9245275e-07 1.4402427e-06 2.3932148e-06 1.2022311e-08 0.00025003418 3.337749e-09
0.85556084 0.013776789 0.0025593662 0.45482135 0.38423565 0.49973238 0.00031007652 0.8850479 2.667119e-06 0.5259071 0.00020905609 1.5895193e-05 0.009263198 0.8825068 0.05216013 0.0045263665 0.9897545 1.3115943e-05 0.0037210584 5.7434605e-08 1.3975826e-14 0.0015891981 9.4131235e-07 0.0045013195 2.6121157e-07 0.001688279 1.5196524e-06 0.00012934346 0.00014545847 1.7230768e-07 4.949475e-07 0.9507397 0.0032489358 0.0010471413 0.00020614576 0.0003052107 0.0017338995 0.0010965582 0.012798215 0.00020146914 1.4866633e-07 8.7530715e-08 0.9365229 0.14670733 6.171334e-07 0.0009152222 0.0002259687 0.022228437 0.00075629505 0.7929324 0.00087259983 0.0006284408 5.7100286e-05 0.21102256 4.7952267e-06 1.880516e-07 0.0024980623 3.0174826e-05 0.003031777 1.9960483e-08 1.1822663e-05 0.0093438225 0.51504093 0.00035985408 2.1312778e-07 2.0859792e-05 2.3700682e-06 0.06689151 2.036887e-06 0.0012449088 3.5887112e-07 0.18179913 0.013255202 5.8490596e-06 6.0047846e-08 0.40471286 1.5635528e-07 0.027664686 2.7490278e-08 2.1957019e-06 5.1001545e-05 0.00050738634 5.742135e-08 2.1305982e-06 6.434948e-06 2.1501476e-09 0.00082650484 4.6477484e-07 5.981065e-08 1.954966e-06 1.1050508e-08 7.1541364e-09 2.546472e-05 2.3648008e-06 1.673832e-08 0.0005043484 8.884506e-06 6.852697e-08 1.2630769e-08 2.0003418e-10 3.6608274e-08
0.82082623 0.04790394 0.06705946 0.15200074 0.11739598 0.018674795 0.20422179 0.008482216 0.028119884 0.017391568 0.020450264 0.01656781 0.9485709 0.0036340489 0.95556664 0.073613696 0.001259581 0.041339792 0.4093382 0.0027816796 0.0015891981 1.0118732e-10 0.0004889287 0.0069372784 0.00070836226 0.99749595 0.0006380741 0.004653404 0.48272008 0.00012601426 0.0051189642 0.0020999142 0.0043770857 0.013580065 0.0028597915 0.0032174864 0.6367866 0.38512522 0.00070544885 0.0012381604 0.00028987828 0.0003469954 0.0007083176 0.00019235304 0.0011519097 0.01154676 0.38062832 0.0005192817 0.00053784164 0.00035016512 0.15469065 0.05537667 0.00019887599 0.00032484584 2.1723334e-05 0.00083071523 0.08054467 0.000605486 0.25838172 0.0022829075 3.3470906e-06 6.2831525e-05 3.4530047e-05 0.00014980213 0.00020251515 1.8191891e-05 2.625297e-05 7.167071e-05 8.442253e-06 0.12985241 7.515303e-05 0.00029085384 3.314894e-05 0.00012646742 3.140754e-05 5.347195e-05 8.113157e-05 3.3700112e-06 8.94895e-05 4.1093327e-07 2.9271192e-05 6.677222e-05 5.6828714e-05 2.0479614e-05 5.3898502e-06 6.245081e-07 5.3276184e-05 0.0004990379 1.0655512e-05 6.1915496e-05 3.6476424e-05 5.1590955e-06 0.00014856677 1.3687447e-06 2.0908496e-06 1.4007339e-05 2.6021284e-05 1.8795561e-06 2.5119058e-07 2.6096469e-08 1.9084594e-06
0.3866757 0.0027095608 0.022022597 0.00020956149 2.1414731e-05 1.5374155e-05 0.11756684 1.1948274e-05 0.58310264 4.41558e-05 0.0075777727 0.68907887 0.0029810937 2.6998694e-05 0.00040191892 3.4162047e-05 5.499034e-06 0.103523806 3.5534125e-05 0.44112346 9.4131235e-07 0.0004889287 8.317383e-14 5.7271587e-05 0.9949775 0.00035577087 0.9226899 0.0012485888 0.005168398 0.9919876 0.005420393 1.0345631e-06 1.2973817e-06 4.868077e-07 2.4979212e-07 3.606442e-07 0.0003087434 9.639483e-05 1.9908177e-05 7.153154e-07 0.43065834 0.0011532177 3.4182563e-06 2.8267325e-06 0.00038626243 2.3811126e-06 0.0012766242 4.4679956e-07 7.0244664e-07 1.404042e-06 0.0005231299 0.0002299036 5.5267856e-07 4.1851263e-07 7.721598e-08 0.0069341236 0.00011219341 0.008017631 0.0009633814 0.049590185 5.1600966e-07 4.555035e-06 2.282501e-07 5.611738e-07 0.012312204 1.0128576e-07 7.948343e-08 9.748192e-07 3.3088405e-08 0.0013391281 3.354068e-05 1.2633546e-07 4.584266e-07 2.4081683e-07 0.03500296 9.291011e-08 0.029232386 9.896798e-08 0.00012401115 3.346023e-07 1.8820655e-06 4.2298464e-07 7.174491e-05 4.513796e-07 2.888028e-07 1.6016936e-06 9.761578e-07 0.0077014267 0.0003704134 0.00010465496 0.07985229 3.179389e-05 1.3603485e-06 6.993625e-09 0.0034019537 8.751399e-07 1.7306432e-06 3.1898073e-06 2.6957027e-08 1.5877135e-05 1.6751573e-08
0.8517283 0.94443995 0.40203968 0.11061403 0.019298343 0.012915563 0.11097761 0.062105432 0.0028694475 0.82480425 0.80028456 0.034447815 0.19366781 0.2311181 0.025514554 0.00018897055 0.04258784 0.00025013386 0.0005994263 2.0152195e-06 0.0045013195 0.0069372784 5.7271587e-05 4.2744394e-13 2.203567e-05 0.0046267295 0.00046766113 0.9661915 0.0013170161 5.8690104e-05 1.9217583e-05 4.6339934e-05 6.0040684e-06 3.3291217e-05 1.5791935e-05 3.0351641e-06 0.0036788206 0.0006279253 0.99558085 2.0196949e-06 0.0012500053 4.8494803e-06 0.15179986 0.6577655 5.4025233e-05 5.0482744e-05 0.0012700092 2.6123862e-06 8.913177e-07 2.125027e-05 0.003440985 0.0017240148 1.3641818e-07 6.4669507e-06 1.0674245e-07 2.5933793e-06 0.00095618155 0.38638443 0.0069091558 1.195293e-06 1.6054203e-06 2.8107916e-06 0.007268105 3.5895757e-06 9.356322e-06 5.383745e-07 7.902178e-08 2.8917733e-05 9.438742e-09 0.004829112 1.7867824e-06 0.40245613 2.5677318e-07 2.5173962e-08 0.003292358 5.8129783e-05 4.702071e-06 0.00013585089 2.5713365e-07 1.4066843e-07 0.007951399 1.0652843e-06 2.5766526e-06 2.5472216e-06 1.8409597e-07 4.710205e-09 5.291495e-07 1.2657214e-06 2.663305e-07 0.0051961606 1.5596012e-06 1.3395877e-08 7.357464e-07 5.8703786e-06 7.831872e-06 3.5870125e-06 2.9139701e-07 5.8043607e-08 6.56164e-08 6.5045906e-09 5.2877686e-10
0.44819042 0.0003911439 0.0049948217 4.985465e-05 6.5431e-06 5.145774e-06 0.08106563 3.2533565e-06 0.6153051 3.3579324e-06 0.0012560621 0.16011527 0.0017742133 1.1785957e-06 0.00035784364 1.6969212e-05 3.8791012e-07 0.20717101 2.6283911e-05 0.99036205 2.6121157e-07 0.00070836226 0.9949775 2.203567e-05 5.181474e-12 0.0004089368 0.38971743 0.00042899366 0.021078197 0.88921404 0.03495476 3.8529276e-07 7.4829416e-07 4.4909447e-07 9.073571e-08 1.6942127e-07 0.00042372107 7.037515e-05 3.0073886e-06 1.2740863e-06 0.14049052 0.031808507 4.6434e-06 7.0462517e-07 0.005603949 1.3508168e-06 0.0033272018 1.336874e-07 5.5538436e-07 8.165342e-07 0.00038509647 0.00030874865 1.9294029e-07 8.0547764e-08 2.4961258e-07 0.4639362 0.00014222301 0.000874976 0.0027821478 0.5119925 8.978164e-06 2.5164268e-06 9.93055e-08 1.7268992e-08 0.05862083 1.7182664e-06 1.2992103e-08 2.9982118e-07 7.399222e-08 0.0023732167 0.007967082 5.5166805e-07 1.5474125e-08 1.9591698e-07 0.028533794 5.0139896e-08 0.105782084 4.8436515e-08 0.0031609922 9.1206584e-07 1.0596002e-06 2.9434756e-07 0.017335625 7.957862e-06 6.134379e-07 3.840708e-05 9.2299615e-06 0.034101978 0.0020109655 2.0024389e-05 0.2136352 3.9374878e-05 5.991899e-07 3.8022514e-09 0.00086032174 6.5418305e-07 5.571613e-06 7.698841e-06 1.5046401e-08 9.153179e-05 7.065197e-08
0.80540115 0.050087906 0.07595447 0.12529916 0.06878299 0.02296286 0.11797249 0.011507745 0.028691335 0.011145665 0.013449998 0.009386496 0.46477994 0.0022957942 0.49920008 0.023563014 0.0012020139 0.020523991 0.083703436 0.0016367731 0.001688279 0.99749595 0.00035577087 0.0046267295 0.0004089368 2.2898539e-10 0.00045607841 0.002809303 0.1295919 0.00010845418 0.0025666943 0.0018540482 0.0026402615 0.004563114 0.0009441003 0.0014121032 0.99539053 0.15496649 0.00043510424 0.0017080479 0.0005233864 0.000354309 0.000629387 0.0001848619 0.0010604961 0.007419804 0.31594846 0.00040267783 0.00020633124 0.00034121855 0.48018602 0.22506773 0.00028021602 0.000280489 1.9105837e-05 0.00071084173 0.1057434 0.0006548444 0.45482627 0.002084969 4.2636616e-06 6.1327766e-05 4.5534478e-05 0.00017808692 0.00012491955 1.533646e-05 1.3065706e-05 3.562676e-05 9.3676435e-06 0.19955218 0.00014828566 0.0002659872 1.697232e-05 0.00011651113 2.4244187e-05 8.520349e-05 0.00011111825 1.2262371e-05 3.8776478e-05 1.0088671e-06 4.830438e-05 7.229051e-05 2.2173306e-05 1.7790612e-06 5.5142214e-06 2.4070067e-07 2.3477374e-05 0.00014194076 1.7220394e-06 4.8019607e-05 3.6197256e-05 1.9106083e-06 0.00035201857 1.5225464e-06 3.168853e-06 1.0389279e-05 5.5308774e-05 6.756095e-06 1.6091574e-06 8.350519e-08 6.60722e-07
0.57639545 0.011257909 0.073619545 0.00053294864 7.813547e-05 5.26189e-05 0.13146444 5.3750908e-05 0.4869324 0.00013293838 0.109759174 0.9374825 0.00574396 6.676891e-05 0.00053486106 0.00013390745 1.122354e-05 0.059741963 4.2958425e-05 0.078192905 1.5196524e-06 0.0006380741 0.9226899 0.00046766113 0.38971743 0.00045607841 7.464757e-15 0.041705623 0.0057252175 0.998384 0.0036015774 2.3687214e-06 2.1432556e-06 1.1303032e-06 5.7828765e-07 1.3161421e-06 0.0003724433 7.702127e-05 0.00013017133 4.171059e-06 0.9501696 0.00048308668 2.480599e-05 2.2823924e-05 0.00033337236 2.415454e-06 0.0012286152 8.032627e-07 3.0294036e-06 4.171855e-06 0.00039425 0.00013631329 1.0999233e-06 8.772029e-07 5.3180973e-08 0.0042614187 0.00013364885 0.050005503 0.0023307796 0.061897825 1.0006509e-05 9.77967e-06 2.2982967e-06 4.4519862e-07 0.009572304 5.1036284e-07 3.8931432e-07 2.0819814e-06 1.6078456e-08 0.0015433156 1.542944e-05 3.2661785e-07 4.4686306e-07 2.4237272e-07 0.13215472 8.410176e-07 0.0517528 1.04781144e-07 0.00041593515 1.0907414e-06 4.4807413e-05 8.981731e-07 1.5907977e-05 1.171129e-06 1.5052008e-07 7.856701e-08 2.3808198e-06 0.0067358655 0.000648823 0.00097152725 0.22706743 1.00994675e-05 5.9371274e-07 3.1022672e-08 0.0038246422 2.369408e-06 2.500182e-06 7.3617394e-07 1.1740483e-07 7.4845116e-07 1.4360746e-08
0.77463603 0.8060607 0.39055613 0.021026833 0.0035233332 0.002067163 0.25405777 0.0045730034 0.029432299 0.13949412 0.98901606 0.37312192 0.1230859 0.0056627383 0.010354546 6.4860055e-06 0.0011698885 0.0013104511 5.589817e-05 6.606035e-05 0.00012934346 0.004653404 0.0012485888 0.9661915 0.00042899366 0.002809303 0.041705623 2.4306552e-11 0.0013778077 0.0017798056 0.0001665628 3.1879588e-06 1.2477476e-06 9.967317e-06 1.0759196e-05 1.9744577e-06 0.0021654698 0.00014631788 0.6560205 6.3429303e-07 0.116713956 5.186808e-05 0.0092702145 0.122425705 8.345668e-05 1.3934167e-05 0.0008403612 8.8112124e-08 9.114054e-08 2.5116174e-06 0.0013942024 0.00095882505 1.4521161e-08 4.0891646e-07 7.080211e-08 7.083032e-05 0.00045807767 0.98458636 0.0033369926 3.3120497e-05 6.662432e-07 2.708235e-07 0.0004641382 1.790291e-08 2.0355852e-05 2.4248e-07 5.5863662e-08 2.933512e-06 1.6661934e-08 0.0015693067 4.86382e-06 0.3012842 1.9770845e-08 1.0245383e-08 0.21563488 2.9128794e-06 7.212145e-05 4.1649477e-07 2.8981978e-07 1.2039344e-07 0.042609878 1.5924826e-07 4.490538e-05 1.1284205e-06 2.9496308e-08 1.7443074e-07 3.2657894e-07 3.1103657e-05 2.9658065e-07 0.12053279 0.00019394454 9.072931e-08 8.160052e-08 1.8430941e-05 0.00020480894 3.697966e-06 3.9417764e-06 5.8933574e-07 7.0313964e-09 2.1984862e-08 1.0838669e-09
0.94552606 0.008616293 0.07132619 0.005552827 0.00092001655 0.00018831536 0.78539526 0.0001799835 0.6859159 0.00047237016 0.010004736 0.030203743 0.86649245 0.00028345748 0.042848464 0.00017827688 0.00015705192 0.96531963 0.0016307255 0.12707973 0.00014545847 0.48272008 0.005168398 0.0013170161 0.021078197 0.1295919 0.0057252175 0.0013778077 3.6902426e-12 0.0024303996 0.8838717 4.380382e-05 9.2565344e-05 0.00019388793 6.628501e-05 2.0277554e-05 0.021717746 0.00048401914 0.00013096888 2.3951978e-05 0.014408881 0.05529357 2.7245971e-05 2.7544014e-05 0.6365077 8.902333e-06 0.9865762 2.5074709e-05 9.14925e-05 1.5719495e-05 0.042918827 0.005564381 2.798092e-05 1.4413895e-05 4.1049657e-07 0.14426205 0.00014076567 0.00076919975 0.037569754 0.2478117 1.4255073e-07 0.000118226904 4.860903e-06 4.0370178e-05 0.02408875 2.6620924e-06 2.0573008e-05 3.4761695e-05 8.8418665e-07 0.021931713 0.0063679446 4.046274e-06 8.028296e-06 2.7489716e-07 0.00036826517 2.9155184e-05 0.02097082 1.7492917e-07 0.037903175 1.9792586e-07 2.8921193e-06 1.7138273e-05 0.00036888468 2.3663122e-06 2.0948278e-06 0.0002799684 3.3305543e-05 0.01584021 0.0027045743 2.1000133e-05 0.019686764 0.00049062027 1.3369396e-06 2.59309e-06 0.00045217026 1.909557e-06 1.2678706e-06 4.4210574e-07 6.48058e-07 0.006113792 2.7008955e-08
0.2698979 0.0005919845 0.0035146894 5.583573e-05 2.2824524e-06 3.493736e-06 0.03693072 9.273255e-06 0.25603196 1.2007467e-05 0.0060005346 0.24854602 0.00060798135 2.6669154e-06 9.6322874e-05 3.0112156e-05 3.6871495e-07 0.04158905 7.4911354e-06 0.1884274 1.7230768e-07 0.00012601426 0.9919876 5.8690104e-05 0.88921404 0.00010845418 0.998384 0.0017798056 0.0024303996 3.886606e-15 0.0016619511 3.1788792e-07 4.2965135e-07 1.4149711e-07 1.3218573e-07 6.0988253e-07 0.0001431015 8.375627e-06 1.0464672e-05 3.9331766e-08 0.8090558 0.0008251982 5.1214956e-06 5.722095e-06 0.00020448302 9.81714e-08 0.00057752104 2.8446728e-08 2.1360414e-07 6.870716e-07 0.00010914646 6.201092e-05 1.6366154e-07 5.8391723e-08 1.9300368e-08 0.07495259 5.1350748e-05 0.0041488195 0.0005153713 0.4221239 1.0998299e-06 1.8790524e-06 7.04513e-07 6.772331e-08 0.057817686 2.8415832e-07 5.2995574e-08 4.1572375e-07 7.16733e-09 0.0009145871 0.0009766575 7.2613775e-06 4.865828e-08 9.125378e-08 0.054612257 1.18987856e-07 0.11315179 3.161361e-08 0.0012432708 8.001841e-08 6.740472e-05 2.4390183e-06 0.00029748812 5.30703e-07 6.227658e-08 2.0500083e-06 6.2802083e-06 0.009319198 0.0010880117 0.0001465448 0.19739376 1.2899625e-05 2.5468473e-06 1.4903553e-09 0.0060098576 1.1064514e-06 1.3672158e-06 3.4005762e-07 6.253284e-08 4.002747e-06 3.5071037e-09
0.9474509 0.00021399964 0.0020875775 4.450394e-05 4.3910036e-06 1.5234962e-06 0.015784362 7.439245e-07 0.03523924 3.4023913e-06 0.0009439032 0.0028432978 0.004031712 2.73401e-06 0.000710048 7.231095e-06 4.989013e-07 0.9762704 5.256133e-05 0.42752698 4.949475e-07 0.0051189642 0.005420393 1.9217583e-05 0.03495476 0.0025666943 0.0036015774 0.0001665628 0.8838717 0.0016619511 5.454686e-13 8.890489e-08 1.1629492e-07 2.1602075e-06 2.7291142e-07 2.5819459e-08 0.0037786853 0.00012866594 2.3888776e-06 7.197688e-07 0.009915887 0.9819948 6.4220336e-07 9.021128e-08 0.9373431 1.0862666e-05 0.33152547 6.974539e-08 9.084654e-08 6.659303e-08 0.014654586 0.0049644355 6.993402e-08 7.7916496e-08 6.3342855e-09 0.83332235 0.0004985092 2.8840097e-05 0.05505358 0.63637173 1.3662479e-07 1.3446443e-07 1.2100396e-07 2.9446156e-07 0.18096466 3.7842906e-07 2.8308884e-07 5.0388586e-08 8.4677474e-08 0.122373484 0.2629263 1.189974e-07 8.9176964e-08 2.1630534e-07 5.0991915e-05 7.3913975e-07 0.10619666 1.0370168e-08 0.49729395 5.0352657e-08 1.4727965e-06 1.333658e-06 0.005505048 2.4112353e-06 7.2525074e-07 0.0012592842 2.9353126e-07 0.10484252 0.030597912 6.32845e-06 0.012523458 0.0031174256 7.0403007e-07 4.702021e-08 8.6473556e-05 1.8016209e-06 2.9876894e-06 5.897715e-07 2.450918e-07 0.019346144 1.4911687e-07
