2.1274088e-32 0.87084526 0.9974049 0.99394006 0.98807436 0.5320975 0.99173915 0.99354637 0.9813792 0.9848055 0.994996 0.30815288 0.987809 0.98222756 0.90890217 0.9910012 0.97498393 0.96852314 0.15646328 0.992568 0.11751937 0.99609345 0.4087152 0.97565 0.9825994 0.92336905 0.47701654 0.9554277 0.7007641 0.99900115 0.30928954 0.27443963 0.9961904 0.9989421 0.99295324 0.9834781 0.9459387 0.99094194 0.99387693 0.07747983 0.9689812 0.07007773 0.19929343 0.77379686 0.824069 0.999796 0.93894005 0.9945768 0.8473137 0.004915715 0.008395489 0.7970766 0.16209933 0.022426177 0.9797364 0.98303026 0.07289551 0.033795502 0.005158874 0.97360295 0.99970627 0.021669794 0.9829309 0.05067042 0.8923829 0.027492277 0.0021659632 0.98835444 0.6807375 0.4910925 3.4884822e-06 5.6755653e-05 0.99795675 0.046890806 0.970603 0.99406344 0.009099314 0.11130044 0.12136223 0.9997896 0.9999765 0.0018190383 0.014756267 0.7065239 0.019543981 1.0016748e-06 0.00076697743 0.9996888 0.0007086389 0.0016882531 1.4966554e-07 0.99995166 1.931373e-05 0.003651802 0.95900565 7.550685e-05 0.02386512 0.84271646 0.35748884 0.00032250665 1.8273448e-06
0.87084526 1.3154946e-21 0.839818 0.78844255 0.06871882 0.6993219 0.14209473 0.1700781 0.054468762 0.034496106 0.008663778 0.25290227 0.005557336 0.15523806 0.16817132 0.012476787 0.021516256 0.06607441 0.023245191 0.15354142 0.0035142086 0.115513936 0.02573068 0.036625087 0.006109619 0.0021148003 0.016357409 0.00057631015 0.0076619 0.25791255 0.014407416 0.057334375 0.02672115 0.0017859061 0.20576645 0.017327482 0.01084302 0.00080070243 0.31614837 0.00702376 0.0032486941 0.00014471338 0.00017899275 0.0016544189 0.011872807 0.13799296 0.0031256957 0.002055478 0.010029254 0.0017508991 0.000896463 0.005470799 0.00072683435 0.0005608135 0.00029982365 0.0005419576 0.00031840906 6.001126e-06 3.5251138e-05 0.0007173037 0.004368778 1.5175133e-06 0.00029520487 0.00019488974 0.00021626895 2.9850025e-05 1.1343587e-05 0.009559072 0.00022975387 7.388608e-05 1.7716944e-06 3.175404e-07 0.00046585145 1.3352023e-05 4.5704848e-05 0.15968752 1.4585567e-05 0.00015291951 1.8732338e-06 0.009149003 0.02132334 4.7365506e-06 1.1076434e-06 0.00016262465 2.1341091e-05 4.623893e-07 1.8449265e-07 0.099072866 5.3903236e-06 1.7764503e-06 9.688727e-07 0.011761778 2.0023806e-06 1.7544217e-08 2.1268253e-05 1.9742922e-06 1.8838971e-06 0.011084703 0.00038781064 2.0859332e-07 3.9790294e-07
0.9974049 0.839818 4.993926e-16 0.83979964 0.14782839 0.29855785 0.23219971 0.18645348 0.15376031 0.13953197 0.06894611 0.078224815 0.047167867 0.0311936 0.06463667 0.02008859 0.004001833 0.04369167 0.047395557 0.17483947 0.012716889 0.11495153 0.050247714 0.03682385 0.0027176687 0.00011563244 0.047213323 0.044300117 0.067441896 0.44909754 0.009637495 0.06525382 0.014349201 0.00077732257 0.06591094 0.009119446 0.021548238 5.1040082e-05 0.14607874 0.024912722 0.0032595946 0.00020161041 0.0018022939 0.0230524 0.008178303 0.29505175 0.0042572687 0.0014715667 0.0010595109 0.01434245 0.015621654 0.0038582396 0.0045873234 0.00399572 2.455827e-05 0.00020036013 0.002332256 0.013320046 0.0015437729 3.4731045e-05 0.00183086 0.00042552638 9.6979624e-05 0.00091114873 3.0627307e-05 7.7635355e-05 0.00055710686 0.046939168 0.00042105943 0.00019187266 6.5568645e-05 1.5717502e-05 0.00051562325 0.0001696592 4.8970564e-06 0.072391465 0.00039097012 0.0011618143 9.56358e-06 0.008862441 0.01648365 0.0007888795 1.6774042e-05 0.00015698229 0.0014374038 2.6307696e-06 1.648832e-05 0.06615264 0.000113714304 0.00029374537 4.519353e-05 0.007913536 0.00018208267 3.9318757e-06 4.696924e-05 0.00030612166 1.0986175e-05 0.048760593 0.00017137072 0.00018150205 5.9072565e-05
0.99394006 0.78844255 0.83979964 3.7602943e-15 0.07656722 0.63323015 0.78417593 0.0940418 0.12787282 0.09019596 0.25132114 0.095731184 0.13206536 0.017113343 0.2677501 0.004128784 0.0014371804 0.008231975 0.04330438 0.28603885 0.010920961 0.22540234 0.036372278 0.18436761 0.0005732134 8.430357e-05 0.091401376 0.103648625 0.2917991 0.25538775 0.0042250976 0.086264044 0.00802134 9.124112e-05 0.056892745 0.0019020536 0.0051523964 1.4030202e-05 0.14931698 0.01827413 0.0005780726 0.00017458877 0.0008955405 0.15859774 0.0037635064 0.10881752 0.000884962 8.147879e-05 0.0005624187 0.024939138 0.08833132 0.0018462229 0.034845766 0.0050442247 1.6390926e-05 7.6249685e-06 0.020295812 0.038748536 0.0017352916 9.893609e-06 0.0002400951 0.00019818777 1.6844095e-05 0.0005167577 1.3803412e-05 2.0043646e-05 0.00063897995 0.11809113 5.8192738e-05 8.60654e-05 4.4081327e-05 1.9991701e-05 0.00014944198 0.00012447881 1.608829e-06 0.0733986 0.00050141773 0.0013109235 2.4043993e-06 0.0010451917 0.0066157347 0.0007050514 9.713693e-06 2.1878956e-05 0.013708704 3.0341107e-06 6.7754713e-06 0.033627674 0.00017841789 0.00024793393 0.00017005576 0.0004893371 0.0010960752 3.621478e-06 1.1145277e-06 0.0005180651 1.0837564e-05 0.12061572 3.110766e-05 0.00031674665 6.6485e-05
0.98807436 0.06871882 0.14782839 0.07656722 4.755634e-15 0.14457929 0.07275417 0.5494083 0.8048797 0.8037148 0.00039785536 0.4257544 0.0010619164 0.02984378 0.0010626133 0.0675001 0.0064278212 0.053526036 0.21497469 0.018350467 0.11390864 0.009273814 0.18463737 0.00027884552 0.0037983416 0.000259955 0.12701623 0.00079000165 0.016346883 0.3938053 0.025965523 0.38923454 0.0064873146 0.000530638 0.0059861513 0.03991035 0.06768882 7.039529e-05 0.010812439 0.2407982 0.016681757 4.7673915e-05 0.0005835287 0.0023272592 0.014605348 0.06888568 0.012521202 0.00036052632 0.0006170261 0.1031063 0.013236664 0.0039491705 0.0007507324 0.17625713 8.9174755e-06 0.00017782641 0.0002768862 0.0018768185 0.029376186 2.0838665e-06 0.00059752516 0.18771276 3.5048954e-06 0.0337778 4.9416132e-05 0.0006416105 0.005512684 0.00265876 0.00034494288 6.9055255e-05 0.007820308 0.02623075 7.284707e-05 0.0025748422 4.5131615e-06 0.0044439267 0.0013450419 0.001202346 1.9974102e-06 0.0009331733 0.00048497232 0.001514564 2.098883e-06 8.944108e-06 4.9601407e-05 0.002835679 3.6782922e-07 0.0045397766 0.00068609405 0.00020542649 5.2139956e-05 0.00056628603 0.00035531953 4.5523666e-07 8.1957836e-07 0.0006611601 1.082104e-05 0.0016788559 2.5777106e-05 3.9754534e-05 0.001051948
0.5320975 0.6993219 0.29855785 0.63323015 0.14457929 1.1923789e-20 0.7927224 0.3099545 0.41604552 0.13535097 0.0153075885 0.6802692 0.014517022 0.022551643 0.2179368 0.012378274 0.0042629163 0.04053957 0.080738634 0.092163436 0.01101684 0.043538757 0.04806986 0.06269411 0.0048143486 0.00034514195 0.24443762 0.0043788245 0.24336708 0.10470515 0.015876865 0.19334015 0.0027579172 0.0013978814 0.012369402 0.013925348 0.013979777 0.00024043514 0.03676078 0.01906767 0.004028144 1.0004467e-05 3.2868252e-06 0.032038655 0.013933424 0.036452405 0.003908234 0.0022178332 0.0018397875 0.037098855 0.010600541 0.008083963 0.008424892 0.0032058645 8.589993e-05 0.00040772045 0.0036450624 0.00028158733 0.00032562314 0.00033487767 0.0019558854 3.5657184e-05 0.00036438718 0.00044672142 0.00022269807 3.182972e-05 4.885057e-05 0.01120709 0.00019227141 1.5774625e-05 1.809993e-05 1.9660138e-06 0.00015237274 2.7319944e-05 8.399485e-05 0.02415599 1.3204738e-05 0.0001558721 1.2463585e-06 0.005209381 0.0027676814 1.5468897e-05 2.1519796e-07 4.21144e-05 0.00016276025 5.715054e-06 1.1948079e-07 0.026363686 3.5784265e-06 1.3778338e-06 3.050774e-06 0.0062940195 1.4656289e-05 9.659571e-09 1.0791329e-05 2.3734588e-06 1.1813403e-06 0.023090359 3.080285e-05 4.1509142e-07 1.153393e-05
0.99173915 0.14209473 0.23219971 0.78417593 0.07275417 0.7927224 1.0584075e-17 0.05279155 0.40162706 0.10186868 0.18179531 0.17959714 0.20416532 0.0074645355 0.24695066 0.0037270407 0.000615999 0.004694649 0.045586575 0.2532652 0.015394285 0.16977483 0.027975176 0.18410179 0.0005252167 2.5949736e-05 0.567784 0.17785804 0.60595006 0.19040881 0.005204902 0.15278542 0.0035612495 0.000103586535 0.016942177 0.0008795866 0.0037828805 2.7687215e-06 0.062254213 0.030023685 0.0002929679 3.639645e-06 9.716796e-06 0.41870138 0.0027824715 0.13952784 0.00067535054 1.5390893e-05 6.425667e-05 0.15605927 0.28719714 0.0012529299 0.08471144 0.018850481 1.3211281e-06 8.172657e-07 0.03485385 0.16876657 0.004121473 3.3701573e-07 4.7532412e-05 0.00052998384 1.0823006e-06 0.0011343426 3.3458587e-06 1.2987335e-06 0.0008107287 0.13550921 9.017551e-06 6.5549675e-06 8.035348e-05 0.0007073301 1.9283878e-05 1.860003e-05 3.1509273e-07 0.02211274 9.2851005e-05 0.00025937305 1.0140541e-07 0.0004472099 0.0008258407 0.00033871864 1.12381166e-07 5.274501e-07 0.05071507 6.0539907e-05 3.3200192e-07 0.017053738 4.5055433e-05 9.396135e-05 0.00051125075 0.00030399094 0.015234698 2.0988429e-08 8.8920316e-08 8.3045255e-05 9.4363213e-07 0.24511407 6.431647e-06 4.584992e-05 0.00028834335
0.99354637 0.1700781 0.18645348 0.0940418 0.5494083 0.3099545 0.05279155 1.9641192e-17 0.29121968 0.59130055 0.0011332311 0.6752853 0.002373967 0.16757633 0.0076306215 0.20520888 0.058759812 0.39993453 0.41541502 0.06656771 0.35756618 0.031606343 0.41042876 0.0017335484 0.050365053 0.0014499369 0.11807725 0.00078640104 0.025574973 0.4432293 0.27015343 0.15111275 0.03634193 0.0051836506 0.05725623 0.16839695 0.1671126 0.0010087204 0.07515445 0.103618465 0.06441553 0.00048053352 0.005149466 0.0012502234 0.102290764 0.3860737 0.07538759 0.023903906 0.013743575 0.051152237 0.00987957 0.07532162 0.00034102093 0.038092457 0.00043457263 0.004694067 0.00021438324 0.00015503877 0.009818968 0.0006295767 0.020189077 0.007218452 0.00061583886 0.031856645 0.0010552006 0.0024911177 0.0042164093 0.01475807 0.006583554 0.0018522624 0.0007700328 0.0001768892 0.011668967 0.00838416 6.785691e-05 0.025420228 0.0046941186 0.008677816 1.7463815e-05 0.022463448 0.015961235 0.004287045 1.5349717e-05 0.001726095 4.763306e-05 3.8230173e-05 6.349642e-05 0.026591785 0.0013117294 0.0011161717 2.32208e-06 0.017041171 1.6871578e-06 5.4325637e-06 0.00014049637 0.0008201473 7.8028614e-05 0.029804986 0.0022723794 0.00034624638 9.369627e-06
0.9813792 0.054468762 0.15376031 0.12787282 0.8048797 0.41604552 0.40162706 0.29121968 4.1731094e-15 0.8062108 0.0017257938 0.65977806 0.0040568323 0.0076158415 0.004703208 0.019294241 0.001904715 0.018190393 0.26053014 0.036420777 0.07510142 0.014955248 0.22609296 0.0016732 0.0010588851 2.3955361e-05 0.48154926 0.0036295033 0.068643734 0.39397565 0.015237035 0.64559585 0.002274413 0.00029987883 0.0035236774 0.009564163 0.025732644 1.2575716e-05 0.011524257 0.3429813 0.003325194 2.3989344e-06 4.8200243e-05 0.017052438 0.009321278 0.06677557 0.00399701 7.83402e-05 7.237315e-05 0.35673374 0.07725571 0.0024434302 0.0033236276 0.25429302 7.9764345e-07 3.294899e-05 0.0016621252 0.020665156 0.016832294 2.3631267e-07 0.00021840568 0.12772541 5.033257e-07 0.020231439 8.877408e-06 4.272256e-05 0.004393775 0.01063031 9.1126334e-05 9.84616e-06 0.0033580675 0.046343196 1.1006688e-05 0.0014847273 7.97782e-07 0.0035011226 0.00024469936 0.00046813526 1.9278764e-07 0.00033636778 0.00017333918 0.00038984625 1.8654441e-07 4.9521475e-07 0.00032797272 0.005307977 4.159583e-08 0.003315098 0.0004825401 1.9760299e-05 0.00067254505 0.00037770852 0.0030925388 6.272396e-08 9.7646264e-08 0.00029778417 6.7169512e-06 0.0042103776 3.7791208e-06 8.264859e-06 0.008049706
0.9848055 0.034496106 0.13953197 0.09019596 0.8037148 0.13535097 0.10186868 0.59130055 0.8062108 5.106777e-17 0.0017699677 0.798161 0.0026214141 0.017982926 0.0033288791 0.14692937 0.008045528 0.069973074 0.5252735 0.017095504 0.40611452 0.01304377 0.39394492 0.0013098406 0.010888625 0.000108828724 0.19319864 0.0015992044 0.031642105 0.34993044 0.084652334 0.4859077 0.007619968 0.0009094212 0.0048862365 0.07191223 0.2247588 0.000102440164 0.010721019 0.3070224 0.029720379 5.0436647e-05 0.0010128771 0.0071192016 0.07885412 0.11251497 0.02749036 0.002783938 0.0012072072 0.2377403 0.026036508 0.029160526 0.00042100705 0.20351194 1.8817738e-05 0.00035191188 0.0003115773 0.0045395754 0.044550568 1.44319e-05 0.003392055 0.06941531 2.0332065e-05 0.068638 2.5686188e-05 0.0018753217 0.007982745 0.0059669255 0.00078099634 0.0003576516 0.0068459567 0.012843041 0.00029593744 0.0069172946 6.797949e-06 0.0037240812 0.0034952057 0.0021698636 2.5000222e-06 0.0066342507 0.0013084861 0.0070975395 2.0665832e-06 0.0001126381 3.728475e-05 0.00079712766 4.170033e-06 0.006856215 0.0047832974 0.0010618556 3.5919817e-05 0.0052523245 0.000347904 8.952304e-07 3.7125528e-06 0.0025327264 1.1463496e-05 0.008191588 0.00010659033 0.0005124689 0.00057335064
0.994996 0.008663778 0.06894611 0.25132114 0.00039785536 0.0153075885 0.18179531 0.0011332311 0.0017257938 0.0017699677 8.02276e-16 0.002256018 0.39548156 0.00034614847 0.52016705 6.544623e-06 9.255824e-06 4.8418482e-05 0.00074352423 0.16442497 0.00034112093 0.1913454 0.0002732009 0.49548188 2.7546441e-06 9.124068e-09 0.014912016 0.5380431 0.09523838 0.011341868 3.9047227e-05 0.0014784982 9.905127e-06 6.502498e-08 0.0029022486 4.8343622e-06 1.021609e-05 1.3080847e-08 0.047741078 0.0005578397 1.9882232e-06 2.9065703e-09 7.552268e-09 0.15767929 5.9652416e-06 0.0034255616 3.2738049e-06 1.0364261e-07 1.4546469e-08 0.0019841641 0.089659676 1.2216889e-06 0.23958391 5.43423e-05 4.9482995e-09 1.0686978e-07 0.2359712 0.013547777 1.1940494e-05 3.0170964e-09 5.985323e-08 1.1071011e-05 2.8277729e-08 1.4309685e-06 1.6449013e-08 2.5522985e-08 1.1638625e-05 0.29351738 7.9617143e-07 5.4365823e-09 9.387403e-07 3.2793141e-06 2.8294005e-09 5.1489646e-06 1.0059133e-07 0.056102097 2.737e-06 4.0807986e-06 2.530674e-08 3.6211154e-06 4.2037755e-05 2.122805e-05 2.2495575e-08 4.588865e-10 0.47853646 1.2164636e-05 1.11681295e-08 0.018416483 2.1818612e-07 1.4686617e-06 0.00094958267 2.2625163e-06 0.01220578 4.2407713e-09 3.44707e-10 2.7724327e-05 1.2211007e-06 0.29719785 1.1354393e-08 8.661424e-06 5.9235714e-05
0.30815288 0.25290227 0.078224815 0.095731184 0.4257544 0.6802692 0.17959714 0.6752853 0.65977806 0.798161 0.002256018 4.0775794e-20 0.0036550318 0.03744594 0.036266245 0.023506159 0.015215226 0.20245683 0.7467032 0.04568791 0.4858264 0.018770557 0.60766965 0.014082603 0.008591583 0.00069682865 0.2823277 0.0006153877 0.08754167 0.071661346 0.36084187 0.70134306 0.0018187297 0.0005646205 0.0064347857 0.079903655 0.13170825 0.00018304479 0.019837864 0.37130916 0.043714646 0.0003498674 0.001602573 0.012399607 0.13477463 0.035256658 0.043802656 0.0057516666 0.0051385825 0.32980478 0.022543348 0.061589662 0.0012764384 0.11866285 0.00022343431 0.0016708593 0.0005063934 0.00035343456 0.03610431 0.00033155057 0.000959706 0.0055940654 6.117046e-05 0.0143457735 0.00051095994 0.0007812194 0.008090273 0.011031836 0.0020493136 7.820218e-05 0.0015177313 0.00015695445 0.0006477027 0.0039145174 3.7380418e-05 0.012653818 0.0007809833 0.004700838 4.535525e-06 0.003246179 0.005469669 0.0012894333 3.424767e-07 9.3999275e-05 5.6762146e-05 2.5476284e-05 1.4838362e-07 0.02178297 0.00022325602 2.3236851e-05 5.282064e-06 0.0033294666 2.6195226e-05 1.8800993e-08 2.3669872e-06 4.2406835e-05 2.4896417e-06 0.03815165 6.0065977e-05 8.075892e-06 0.00011661984
0.987809 0.005557336 0.047167867 0.13206536 0.0010619164 0.014517022 0.20416532 0.002373967 0.0040568323 0.0026214141 0.39548156 0.0036550318 7.318369e-14 0.00029621445 0.43036634 1.751078e-05 1.7068869e-05 0.00016271602 0.0018036185 0.132704 0.0005235387 0.118533745 0.0006646723 0.59404266 5.7228367e-06 3.3187447e-08 0.030511566 0.69590825 0.16139115 0.0130257765 3.3712855e-05 0.0042888983 2.4118874e-05 3.280276e-07 0.0017129607 1.826696e-05 4.7518497e-05 2.0609306e-08 0.019164294 0.0010714144 9.3805975e-06 7.3092647e-09 2.6030747e-08 0.23491687 1.4010547e-05 0.0037995463 1.5267568e-05 5.0872285e-07 3.398425e-08 0.00667927 0.27653694 6.6355437e-06 0.34789124 0.0001742104 1.7967084e-08 7.573661e-07 0.30927098 0.092954986 3.8221642e-05 6.586903e-09 9.4154615e-08 2.7132684e-05 1.14592986e-07 5.629848e-06 4.2582162e-08 1.282674e-08 9.822067e-06 0.24117512 2.8756563e-06 1.5192757e-08 7.553335e-07 9.1260135e-06 9.016152e-09 1.4444403e-05 1.6100284e-07 0.016960187 2.4202293e-06 3.5195728e-06 1.959623e-08 2.1041963e-06 2.9790475e-05 4.4634387e-05 1.1539139e-08 6.426208e-10 0.56263036 2.0488482e-05 3.967631e-09 0.006307287 1.6027478e-06 6.835277e-06 0.0050913882 2.637057e-06 0.04353636 3.2564964e-09 1.2899354e-09 2.7044078e-05 7.9425877e-07 0.2054153 5.9527157e-08 2.0176343e-05 9.5041665e-05
0.98222756 0.15523806 0.0311936 0.017113343 0.02984378 0.022551643 0.0074645355 0.16757633 0.0076158415 0.017982926 0.00034614847 0.03744594 0.00029621445 3.1951768e-18 0.008911164 0.25135893 0.4946056 0.3192737 0.014657206 0.06572813 0.009809888 0.028710846 0.021722602 0.005369332 0.11527882 0.6011424 0.0027243504 1.2529353e-05 0.001847395 0.3713638 0.038181216 0.0049724504 0.8322932 0.26757672 0.20667738 0.0943321 0.013429176 0.13481244 0.06519757 0.0041430546 0.01135159 0.06661033 0.12775269 0.00028865368 0.011318998 0.42968303 0.0060359584 0.053505346 0.15741724 0.00013183594 0.00024103088 0.006589273 0.00010752401 0.0003545977 0.028045258 0.021360561 2.7391505e-05 1.0108813e-07 0.00048341803 0.026024288 0.03408393 3.826663e-06 0.01507882 0.00024675735 0.036196776 0.005309868 0.00018855021 0.0025879145 0.0010800947 0.015347669 2.301822e-06 3.8047077e-07 0.009786089 2.1478996e-05 0.0012806647 0.106384896 0.0025568837 0.0054619964 0.0022705 0.03505883 0.21218759 0.00044192222 0.002832194 0.0068757473 5.361145e-07 9.079211e-07 0.00042248797 0.14545225 2.4543846e-05 0.00066313695 6.960545e-08 0.04214204 8.947678e-09 0.0010674736 0.0005766023 1.33378835e-05 2.7285574e-05 0.0004091406 0.0035124028 0.00017129099 7.5763733e-06
0.90890217 0.16817132 0.06463667 0.2677501 0.0010626133 0.2179368 0.24695066 0.0076306215 0.004703208 0.0033288791 0.52016705 0.036266245 0.43036634 0.008911164 1.8862082e-20 0.00021702226 0.00025163405 0.00023173813 0.0009958601 0.37186044 1.9578087e-05 0.35774186 0.0007653213 0.61085415 0.00011309405 4.706398e-05 0.0679063 0.38751236 0.17898923 0.037881803 9.182848e-06 0.03472809 0.0025304307 3.067817e-07 0.027846312 9.677918e-06 6.862609e-05 1.6376279e-06 0.1340237 0.0014233773 6.23845e-07 1.565176e-07 1.0213503e-08 0.18951888 7.88126e-05 0.0400078 7.791869e-07 2.3116013e-07 9.686033e-08 0.0015160358 0.040373422 1.7879085e-05 0.19328707 0.00045729027 1.5676162e-06 2.8654696e-08 0.11462923 0.009560338 8.223531e-05 7.943005e-07 1.2651819e-06 3.4019273e-08 3.1684678e-07 1.4935192e-06 2.707016e-07 1.8453512e-10 1.8246492e-06 0.57501626 5.5729995e-08 1.4887851e-08 6.477703e-08 2.3085994e-08 8.23089e-07 3.7452192e-08 1.9698572e-08 0.13778134 6.2002904e-08 1.5003324e-05 3.0077956e-08 1.340485e-06 0.0011986679 4.308362e-06 1.46428e-10 1.1075028e-08 0.029165804 1.2177745e-08 7.186075e-11 0.07698682 6.0736265e-06 8.7589676e-08 3.2247484e-05 8.428299e-07 0.0015419864 1.8076606e-11 9.34243e-10 5.4133017e-07 9.78668e-09 0.6766561 2.5037394e-08 5.0761226e-08 2.464871e-08
0.9910012 0.012476787 0.02008859 0.004128784 0.0675001 0.012378274 0.0037270407 0.20520888 0.019294241 0.14692937 6.544623e-06 0.023506159 1.751078e-05 0.25135893 0.00021702226 1.0845751e-15 0.8756179 0.18393299 0.050166406 0.003620608 0.050988667 0.0037512751 0.061037432 1.3517016e-05 0.84542555 0.43169257 0.0062722806 1.5590792e-06 0.0011146803 0.08704302 0.06640544 0.009738854 0.13650197 0.14256495 0.007400967 0.31776115 0.09498568 0.390515 0.0036452864 0.013626345 0.1070013 0.029000103 0.108541496 2.243821e-05 0.043919925 0.118669525 0.04210819 0.48336056 0.106793314 0.000989217 0.0002384212 0.0238186 1.495054e-06 0.0024947673 0.037553065 0.0346354 6.6065326e-07 1.4891287e-06 0.0019530441 0.029469034 0.057905108 0.002459461 0.035734717 0.0055996566 0.06303991 0.01972523 0.0005810127 0.00023679943 0.00640125 0.004633333 2.1679914e-05 1.9347463e-07 0.0030023006 0.0016957647 0.004307368 0.0088301925 0.00688737 0.011657354 0.0016889997 0.027149595 0.024206912 0.0021785796 0.0007118672 0.0015027189 3.0542978e-07 7.625473e-07 0.00015787035 0.016091807 7.7877696e-05 0.0022003693 3.793966e-08 0.016247569 1.6363462e-08 4.5613448e-05 1.9751142e-05 5.5891298e-05 9.082674e-05 0.000111231806 0.00036179327 0.00037116077 3.0244228e-05
0.97498393 0.021516256 0.004001833 0.0014371804 0.0064278212 0.0042629163 0.000615999 0.058759812 0.001904715 0.008045528 9.255824e-06 0.015215226 1.7068869e-05 0.4946056 0.00025163405 0.8756179 1.30830575e-17 0.25259426 0.0146437725 0.0051158653 0.01187159 0.0029488395 0.0215748 4.4081367e-05 0.7462485 0.49822307 0.0019322637 5.0575505e-07 0.00044168686 0.028143493 0.060984436 0.0014062746 0.16956683 0.08493045 0.015754227 0.05331563 0.011070938 0.22811921 0.011047119 0.0012895844 0.011419966 0.06894639 0.12148377 5.344391e-05 0.014501691 0.07041886 0.0071536596 0.08633316 0.12110846 0.00012181556 4.518314e-05 0.0077994205 2.2459126e-05 0.00018043033 0.027405584 0.011477619 4.0305567e-06 1.4371982e-08 0.00041984452 0.019297985 0.054081272 2.0434041e-05 0.016332196 0.0006236841 0.054763816 0.0142140575 0.00018563303 0.000706854 0.0020974444 0.011930939 2.0037836e-05 9.365861e-09 0.006994206 0.00015914116 0.00069491373 0.01900145 0.0035904578 0.0055464734 0.0006826405 0.028434407 0.041559327 0.0005392393 0.000869602 0.0036135416 1.4741983e-07 2.721321e-08 0.0004323715 0.029426137 1.9364226e-05 0.001318724 3.0920995e-07 0.02143344 1.951379e-09 0.0003549773 0.00010465287 1.6308475e-05 2.3239198e-05 0.0001291848 0.0013868702 0.00014274765 9.4348586e-08
0.96852314 0.06607441 0.04369167 0.008231975 0.053526036 0.04053957 0.004694649 0.39993453 0.018190393 0.069973074 4.8418482e-05 0.20245683 0.00016271602 0.3192737 0.00023173813 0.18393299 0.25259426 2.994389e-16 0.245682 0.012725892 0.38407043 0.0057715294 0.3771403 0.00015467017 0.1632049 0.0316968 0.03576904 2.1232818e-06 0.0009808826 0.17221822 0.7509308 0.0638208 0.08240614 0.031385746 0.016407419 0.5360439 0.27157 0.030371075 0.012921877 0.061010823 0.19591086 0.010519748 0.03467703 1.8258495e-05 0.25175363 0.18617526 0.18449044 0.18118456 0.13770339 0.006719542 0.0002764342 0.1469571 6.84881e-06 0.014284197 0.01764222 0.038614113 3.8760895e-06 6.917561e-07 0.008389066 0.021654006 0.08616974 0.0045750686 0.026217006 0.02907206 0.04520202 0.084025644 0.0065549673 0.0023210838 0.025427148 0.017781092 0.00045663788 1.3567972e-06 0.049729172 0.013355755 0.0017227418 0.008625049 0.026603352 0.037707295 0.00023755286 0.059325352 0.011245376 0.0057677277 0.0019367978 0.017185476 2.0912016e-07 1.114067e-05 0.0018784209 0.011927486 0.0019328204 0.006234807 1.4777271e-07 0.02157163 3.8213948e-09 2.9936464e-05 0.0008112829 0.00074032246 0.0003013892 0.013690125 0.006842436 0.00077459385 4.2608264e-07
0.15646328 0.023245191 0.047395557 0.04330438 0.21497469 0.080738634 0.045586575 0.41541502 0.26053014 0.5252735 0.00074352423 0.7467032 0.0018036185 0.014657206 0.0009958601 0.050166406 0.0146437725 0.245682 3.940446e-19 0.012008642 0.65145934 0.0036755798 0.8213481 0.0010202104 0.01669335 0.0008957049 0.18820646 0.00015348803 0.0132582355 0.035703227 0.47725153 0.5758488 0.0013503141 0.0014852675 0.00079364935 0.1562136 0.31604964 0.00038654802 0.003185655 0.58533263 0.07586971 0.00070657127 0.0012191302 0.0016541224 0.2116064 0.010952565 0.09340421 0.01573286 0.016608404 0.20479617 0.0019321357 0.10008331 0.00019086889 0.19754471 0.00019689542 0.004410545 6.926275e-05 0.00038862758 0.05677765 0.00049051805 0.0011478239 0.04728548 0.0004529804 0.04091645 0.0020367038 0.0018762664 0.028847072 0.0077064415 0.016639348 0.00021592829 0.008929506 0.0004912886 0.00090398226 0.012416334 0.00020950835 0.0008015257 0.0062622786 0.018428404 2.0159916e-05 0.0019942499 0.00146871 0.0024870196 1.5353698e-05 0.00023800138 3.78502e-05 0.00049004087 1.9605916e-06 0.004127784 0.0014933065 0.00043508684 1.0731221e-05 0.0021142175 2.6673072e-06 1.7915043e-07 2.7364638e-05 0.00037086566 5.605592e-05 0.02857263 0.00023553341 8.3943436e-05 0.00019856046
0.992568 0.15354142 0.17483947 0.28603885 0.018350467 0.092163436 0.2532652 0.06656771 0.036420777 0.017095504 0.16442497 0.04568791 0.132704 0.06572813 0.37186044 0.003620608 0.0051158653 0.012725892 0.012008642 4.005529e-16 0.00044037943 0.829944 0.015187283 0.2681741 0.0036219086 0.0012953017 0.060559023 0.11290335 0.06792978 0.122012794 0.0017008008 0.036366805 0.043588873 8.345111e-05 0.31194407 0.0019630163 0.0017711336 0.00039243855 0.6067433 0.0048832158 6.690512e-05 9.697073e-05 0.00010914053 0.04244031 0.0041933693 0.25010473 8.954918e-05 6.07703e-05 0.0005596744 0.00093861105 0.008241904 0.0002772056 0.03861715 0.00044474416 8.58214e-05 2.2000952e-06 0.026176374 0.0017782134 0.0002295813 5.9524868e-05 0.00029624326 3.408391e-07 3.4668337e-05 1.1050525e-05 3.1769912e-05 1.9551653e-08 1.4750772e-05 0.7223818 1.0534013e-05 5.5911687e-06 5.6936335e-07 5.1520465e-07 0.00019501748 2.846027e-06 7.940301e-07 0.53095067 8.694407e-07 0.00062452635 7.286339e-07 0.0002503451 0.08670018 1.3499475e-06 5.1266994e-08 8.9844425e-06 0.010806125 2.6796213e-08 8.431772e-09 0.44478816 1.0823104e-05 2.2102051e-07 2.100484e-05 0.00018995747 5.968334e-05 1.6859361e-09 1.081599e-06 2.615708e-07 1.2670154e-07 0.7723979 5.921298e-06 1.9477657e-08 2.3396663e-07
0.11751937 0.0035142086 0.012716889 0.010920961 0.11390864 0.01101684 0.015394285 0.35756618 0.07510142 0.40611452 0.00034112093 0.4858264 0.0005235387 0.009809888 1.9578087e-05 0.050988667 0.01187159 0.38407043 0.65145934 0.00044037943 4.0306585e-20 8.000708e-05 0.69104457 0.00049541227 0.025622059 0.0025856534 0.005642625 1.3231279e-06 0.00013150944 0.03755727 0.48636416 0.2903544 0.0036842024 0.010620871 0.00013893888 0.1568198 0.35389358 0.0045514815 0.00036497583 0.32634658 0.08326661 0.00018310432 0.00012792218 0.00013362424 0.2582681 0.015996978 0.08188643 0.052164637 0.018865852 0.008554574 3.492655e-05 0.07182027 1.9777455e-05 0.05261365 0.0027603286 0.013180809 1.7310716e-05 1.8677352e-05 0.011956174 0.0066023134 0.012196645 0.0067228694 0.007738194 0.012401398 0.012206472 0.0024674337 0.004094902 0.00023076951 0.012150591 0.0015867373 0.00028148314 3.7308546e-05 0.0016446264 0.005161649 0.002473012 0.00018801601 0.00066616613 0.0033786774 0.00023920878 0.007809342 0.0037205282 9.8059354e-05 2.0899219e-05 0.0027438567 7.260616e-06 0.00010310498 3.1986995e-06 0.00500092 6.675993e-05 1.4551084e-05 3.9033357e-06 0.011470879 8.341175e-08 6.6899247e-07 0.00025632756 2.8194943e-05 7.5874836e-05 1.0664111e-05 0.00057175185 3.6567556e-06 1.613047e-05
0.99609345 0.115513936 0.11495153 0.22540234 0.009273814 0.043538757 0.16977483 0.031606343 0.014955248 0.01304377 0.1913454 0.018770557 0.118533745 0.028710846 0.35774186 0.0037512751 0.0029488395 0.0057715294 0.0036755798 0.829944 8.000708e-05 5.4911734e-19 0.0055736834 0.19042444 0.0029262502 0.00046372606 0.03303914 0.06996363 0.030911654 0.102065936 0.00061082706 0.0146428505 0.017741961 7.323995e-05 0.2050599 0.0012207672 0.0013436222 0.00035330903 0.49650896 0.0009765401 9.7514094e-05 2.5671063e-06 4.1538547e-06 0.0202707 0.001494662 0.16077055 0.00010001839 0.00012861466 0.00010967642 7.6840864e-05 0.0024010667 0.0002553952 0.020585045 3.768973e-05 0.00021229377 1.34538195e-05 0.014273486 0.00050921383 2.5898238e-05 0.00035821585 9.16075e-05 3.5394575e-07 7.667477e-05 1.2219143e-05 6.4973254e-05 6.033641e-10 1.5315843e-06 0.56716776 9.561919e-06 1.9543172e-06 1.540492e-08 2.737325e-07 1.884509e-05 2.0948635e-06 7.832182e-07 0.38943294 1.4166771e-08 8.236875e-05 3.6160816e-07 4.9838727e-05 0.058217295 2.6051012e-08 4.442415e-10 4.940216e-06 0.0040206444 2.4754195e-08 2.3044606e-11 0.40697214 6.4505633e-07 1.1962628e-09 4.513088e-06 0.00011533386 5.1890936e-05 3.7855804e-12 4.2206725e-08 3.722385e-09 6.2830175e-08 0.625175 1.8249442e-07 1.0792331e-10 1.7529064e-08
0.4087152 0.02573068 0.050247714 0.036372278 0.18463737 0.04806986 0.027975176 0.41042876 0.22609296 0.39394492 0.0002732009 0.60766965 0.0006646723 0.021722602 0.0007653213 0.061037432 0.0215748 0.3771403 0.8213481 0.015187283 0.69104457 0.0055736834 2.594214e-18 0.00035664102 0.027557882 0.0015945822 0.15378623 3.7168236e-05 0.007954987 0.056575928 0.5456257 0.3726227 0.0044524726 0.0033227291 0.0013119202 0.22960375 0.42880264 0.0011013488 0.004679166 0.5076354 0.117100835 0.0011073779 0.003457562 0.0009114238 0.32249773 0.023026263 0.16267931 0.028426448 0.04001877 0.13538256 0.0020278445 0.23088884 7.499509e-05 0.14811167 0.00031727753 0.006798002 4.8189533e-05 0.00012501143 0.050926983 0.0008209059 0.0045652273 0.11447164 0.0011714274 0.10495083 0.0054914174 0.008166994 0.039896343 0.005347277 0.03216692 0.000992021 0.012333475 0.0006993248 0.004025876 0.046148293 0.0004082796 0.0012161395 0.017674748 0.033004727 6.8224246e-05 0.005116475 0.003022468 0.0046868273 8.0622056e-05 0.00077859766 5.1255265e-06 0.0006909435 9.17175e-06 0.00694875 0.0052469354 0.0033772346 8.536546e-06 0.0067673093 3.0373837e-07 5.7237077e-07 0.00019552512 0.0015201244 0.0011722997 0.02497384 0.0004496962 0.0004867314 7.7151104e-05
0.97565 0.036625087 0.03682385 0.18436761 0.00027884552 0.06269411 0.18410179 0.0017335484 0.0016732 0.0013098406 0.49548188 0.014082603 0.59404266 0.005369332 0.61085415 1.3517016e-05 4.4081367e-05 0.00015467017 0.0010202104 0.2681741 0.00049541227 0.19042444 0.00035664102 2.040669e-19 7.946259e-06 1.002243e-05 0.03396959 0.79783994 0.26021054 0.023513652 0.00018376525 0.008378804 0.00029422337 3.5337088e-08 0.0074951947 9.928519e-07 1.0808128e-05 8.010667e-08 0.030827183 0.0009703254 4.1348244e-08 2.1584931e-07 4.191639e-08 0.36160323 3.3629913e-05 0.01715537 9.1000715e-08 1.1951366e-08 1.2993912e-06 0.0063542803 0.08167134 6.856587e-06 0.47804615 0.0002626408 7.332741e-08 8.3256696e-10 0.33722407 0.04804461 7.16889e-05 1.7605661e-08 4.8243443e-08 7.072683e-07 6.320181e-08 6.868213e-07 2.3248429e-08 2.2496089e-08 1.2664598e-05 0.45386818 4.410302e-09 3.5962707e-08 3.607278e-07 1.6932886e-07 4.5590792e-07 2.8307356e-08 1.4303339e-08 0.03292225 3.7871014e-06 2.1575454e-06 8.576763e-09 1.1550839e-07 0.00019195631 2.6208843e-05 7.024064e-09 2.6791804e-09 0.16742337 5.22318e-08 1.2784258e-09 0.017180469 1.2096802e-06 1.659313e-06 7.382367e-05 1.5935719e-07 0.0115949875 5.1285914e-10 1.1098897e-09 8.532985e-07 5.240868e-10 0.71294194 3.6546024e-09 1.4678998e-06 1.4795934e-06
0.9825994 0.006109619 0.0027176687 0.0005732134 0.0037983416 0.0048143486 0.0005252167 0.050365053 0.0010588851 0.010888625 2.7546441e-06 0.008591583 5.7228367e-06 0.11527882 0.00011309405 0.84542555 0.7462485 0.1632049 0.01669335 0.0036219086 0.025622059 0.0029262502 0.027557882 7.946259e-06 1.5120575e-15 0.38223833 0.0017938426 4.5153462e-07 0.00029872454 0.017422546 0.048384093 0.00082500384 0.06437583 0.05409525 0.0073688445 0.094865635 0.017132815 0.43051004 0.0048851185 0.0019763918 0.021798283 0.08993583 0.16935827 5.151617e-06 0.016102238 0.0526778 0.011955952 0.25517341 0.1297595 0.00021658828 0.0001468617 0.0078062704 1.5412269e-06 0.0002898625 0.044894166 0.018687082 5.8720053e-07 4.6587072e-08 0.00088840997 0.0330524 0.03995061 8.259741e-05 0.029972304 0.0010081958 0.06624733 0.027609034 0.00032957335 0.00015147576 0.0028933212 0.009081022 2.6795056e-05 1.6233797e-08 0.0055428618 0.00041937348 0.0024690425 0.00825105 0.0038834696 0.0074431566 0.0012142448 0.025618283 0.02500814 0.00091754727 0.0010216276 0.0034519646 3.5156566e-07 1.2023223e-07 0.0003632687 0.014099973 2.3772225e-05 0.0013013192 1.07192314e-07 0.017561546 4.839189e-09 0.00014397663 0.00010922331 2.294868e-05 3.4278786e-05 8.548714e-05 0.000766861 0.00014291289 2.4060876e-06
0.92336905 0.0021148003 0.00011563244 8.430357e-05 0.000259955 0.00034514195 2.5949736e-05 0.0014499369 2.3955361e-05 0.000108828724 9.124068e-09 0.00069682865 3.3187447e-08 0.6011424 4.706398e-05 0.43169257 0.49822307 0.0316968 0.0008957049 0.0012953017 0.0025856534 0.00046372606 0.0015945822 1.002243e-05 0.38223833 3.0566368e-19 2.4084167e-05 3.2157954e-09 1.223757e-05 0.0064382204 0.011396808 7.903178e-05 0.48891592 0.8556005 0.011847799 0.008876228 0.0006410041 0.6300417 0.004462873 4.1736916e-05 0.0026159142 0.5551316 0.25633052 1.377525e-06 0.001438518 0.05619914 0.0015225023 0.027517864 0.0749643 4.0913587e-06 1.2663318e-05 0.000753339 3.4393968e-06 1.3359945e-05 0.07105541 0.008937386 5.9986166e-07 1.06197835e-10 6.319829e-05 0.024692025 0.1576686 5.3281283e-08 0.009036121 8.679309e-06 0.03125612 0.011364946 8.324726e-06 4.0466653e-05 0.00022688256 0.01407642 1.6299984e-07 1.2369504e-10 0.015021408 4.421171e-07 0.00050395855 0.008162019 0.0018957763 0.0016485914 0.00031727238 0.037016407 0.050127 0.00012463894 0.00090541353 0.006795153 1.2008967e-07 2.2859015e-09 0.00024234699 0.025479486 4.6173753e-07 0.00032114272 1.7420698e-09 0.030051202 1.6951758e-11 0.00026328428 2.4930046e-05 9.4994806e-07 1.9038148e-06 2.0575942e-06 0.0025422454 1.3289279e-05 2.1451912e-07
0.47701654 0.016357409 0.047213323 0.091401376 0.12701623 0.24443762 0.567784 0.11807725 0.48154926 0.19319864 0.014912016 0.2823277 0.030511566 0.0027243504 0.0679063 0.0062722806 0.0019322637 0.03576904 0.18820646 0.060559023 0.005642625 0.03303914 0.15378623 0.03396959 0.0017938426 2.4084167e-05 4.496703e-17 0.034674115 0.70304066 0.06855933 0.008733279 0.6819032 0.0003460661 0.00040975635 0.0014538289 0.024443815 0.064186364 3.9577455e-05 0.008705488 0.2110787 0.0107395 3.4377192e-07 5.460803e-07 0.509949 0.03699344 0.0128157055 0.012971449 0.0025571997 0.00042746626 0.6317141 0.41583747 0.027002374 0.10732581 0.09962671 7.245492e-05 0.00064721156 0.04971429 0.20994823 0.010529469 9.740887e-05 0.00044259915 0.018748252 7.6277865e-05 0.009420345 0.00026154224 2.1795395e-06 0.0013347174 0.031809267 0.0012282461 5.100546e-06 0.0012626544 0.016622078 0.0007456097 0.002289599 1.566783e-05 0.007387438 0.00020430777 0.0019308416 2.6536213e-06 0.005344932 0.0026265583 0.00057324674 1.0612172e-06 2.5525067e-05 0.024885576 0.0027166426 5.861353e-07 0.020338641 0.00028903328 6.433896e-05 0.0013060443 0.008143055 0.028867573 9.531246e-08 3.34558e-05 5.5777506e-05 0.00015728771 0.141201 0.0016489523 2.509923e-05 0.005527358
0.9554277 0.00057631015 0.044300117 0.103648625 0.00079000165 0.0043788245 0.17785804 0.00078640104 0.0036295033 0.0015992044 0.5380431 0.0006153877 0.69590825 1.2529353e-05 0.38751236 1.5590792e-06 5.0575505e-07 2.1232818e-06 0.00015348803 0.11290335 1.3231279e-06 0.06996363 3.7168236e-05 0.79783994 4.5153462e-07 3.2157954e-09 0.034674115 1.0969746e-15 0.30045703 0.004741814 7.7622025e-07 0.003487225 8.761487e-07 1.0249802e-08 0.00034952088 2.018504e-07 1.3616426e-06 1.8319514e-10 0.0043360223 0.0003843412 5.823376e-07 4.4613765e-10 1.5813032e-09 0.5514469 7.6188724e-07 0.0030388397 5.7020185e-07 7.473584e-09 2.080957e-08 0.008078102 0.40892094 6.333757e-08 0.7331677 0.00014069145 5.351467e-10 9.302658e-09 0.6473282 0.3776675 2.1168495e-05 1.0638116e-09 2.6605171e-09 2.7404553e-06 8.809024e-09 1.16356e-06 6.6898798e-09 1.3954267e-08 5.551701e-06 0.3886575 9.4962786e-08 1.8334483e-09 1.9614451e-07 1.952336e-05 3.8440717e-09 1.0652219e-07 6.8413453e-09 0.00554595 2.7272447e-06 2.1890196e-06 1.18679315e-08 2.23178e-07 2.1025604e-05 6.9355025e-05 7.945747e-09 3.5193712e-10 0.75877863 1.52099e-05 2.4224238e-09 0.0042093243 2.1032351e-06 3.084061e-06 0.0077517577 1.2715304e-07 0.16323209 1.9759967e-10 5.59364e-11 2.6733975e-05 3.686749e-07 0.32760546 4.919315e-09 5.4159123e-06 6.149755e-05
0.7007641 0.0076619 0.067441896 0.2917991 0.016346883 0.24336708 0.60595006 0.025574973 0.068643734 0.031642105 0.09523838 0.08754167 0.16139115 0.001847395 0.17898923 0.0011146803 0.00044168686 0.0009808826 0.0132582355 0.06792978 0.00013150944 0.030911654 0.007954987 0.26021054 0.00029872454 1.223757e-05 0.70304066 0.30045703 6.1304932e-21 0.031300027 0.00022365667 0.100942485 0.0002679149 8.414601e-06 4.5572313e-05 0.0012924785 0.0017790843 7.3961576e-07 0.0020341335 0.010271287 0.00025945692 2.8488591e-08 5.9965632e-09 0.7777367 0.0016505963 0.0051238486 0.00032988214 1.0227408e-05 7.850799e-06 0.1734305 0.44571355 0.0005534223 0.28994173 0.0039809337 3.2959344e-06 5.1099432e-06 0.15204003 0.20182203 0.0011090465 3.5009034e-06 9.459212e-06 5.6715286e-05 3.2906923e-06 1.6711245e-05 1.0728984e-06 7.125963e-08 0.0002207331 0.058875404 3.3912056e-06 5.7047157e-07 3.055653e-05 4.269633e-05 3.2942437e-06 1.0127108e-07 1.6039351e-07 0.0021255247 6.2309073e-06 0.0007684794 8.1674676e-07 0.0006257189 0.00022414673 9.3192546e-05 3.500127e-07 2.217557e-07 0.021017166 2.2142012e-05 4.426172e-08 0.005069445 1.28266975e-05 4.6684254e-06 0.00078249146 0.00026228887 0.03019256 2.5814126e-09 1.3479053e-07 1.1448015e-05 6.8022587e-07 0.19482437 5.3253578e-05 4.4349363e-06 0.00017575735
0.99900115 0.25791255 0.44909754 0.25538775 0.3938053 0.10470515 0.19040881 0.4432293 0.39397565 0.34993044 0.011341868 0.071661346 0.0130257765 0.3713638 0.037881803 0.08704302 0.028143493 0.17221822 0.035703227 0.122012794 0.03755727 0.102065936 0.056575928 0.023513652 0.017422546 0.0064382204 0.06855933 0.004741814 0.031300027 2.9806888e-17 0.025749302 0.053065125 0.12591709 0.0093907 0.10602403 0.08357859 0.096829355 0.0059211603 0.085620634 0.018559031 0.021878917 0.0023996874 0.006742372 0.0029433498 0.037621934 0.26849216 0.014260438 0.02868235 0.008203049 0.006603242 0.0011483111 0.0146475015 0.00041672547 0.002378056 0.0015653829 0.0052455496 0.00023496895 0.0015626161 0.000788026 0.002755656 0.0011887428 0.0021450473 0.0018956985 0.0020844035 0.0026794237 0.0008032685 0.00016525401 0.018556703 0.0012172291 0.00090441084 9.762398e-05 0.00033127877 0.0011458962 0.0012684313 0.00046747143 0.070152804 0.0005249423 0.00032398358 3.9397226e-05 0.0020400698 0.15727493 0.0002640371 1.139548e-05 0.00087493425 2.5059837e-05 0.00032336623 4.6934892e-05 0.19574037 0.00040585545 0.000139626 2.321986e-05 0.004869011 1.8004315e-05 5.302525e-06 0.00032215682 0.00022003302 1.9991416e-05 0.00034759805 0.0002880924 5.0070925e-05 0.02126161
0.30928954 0.014407416 0.009637495 0.0042250976 0.025965523 0.015876865 0.005204902 0.27015343 0.015237035 0.084652334 3.9047227e-05 0.36084187 3.3712855e-05 0.038181216 9.182848e-06 0.06640544 0.060984436 0.7509308 0.47725153 0.0017008008 0.48636416 0.00061082706 0.5456257 0.00018376525 0.048384093 0.011396808 0.008733279 7.7622025e-07 0.00022365667 0.025749302 4.287767e-20 0.10951046 0.009386138 0.010751376 0.0006783236 0.51094913 0.63457024 0.014371538 0.0029186318 0.09960885 0.2454665 0.0053774724 0.012531385 8.422112e-05 0.6157743 0.019537287 0.297264 0.0863134 0.3398199 0.010539274 4.4938195e-05 0.4355933 5.36851e-06 0.017709818 0.010721714 0.02214281 1.9616753e-05 2.1096173e-06 0.020875372 0.0119193215 0.024683945 0.0057602436 0.012990211 0.034225207 0.0673359 0.08753022 0.03237593 0.00029275843 0.029212354 0.02167125 0.0010319006 7.298514e-06 0.0061503835 0.012048494 0.0047888476 0.001797923 0.030700183 0.03554184 0.00066432875 0.016144207 0.00799043 0.005883649 0.0016232607 0.009425421 9.669245e-06 1.9420966e-05 0.00039902306 0.009997559 0.0005787851 0.0026208032 1.2775345e-06 0.021757616 1.0314854e-08 0.00015918213 0.0003407124 0.00026317235 0.00030431087 0.0024509805 0.0027203693 0.00020092748 1.7908007e-05
