1.007142e-18 0.9859745 0.9929114 0.9378537 0.9989014 0.9783536 0.99104667 0.9966284 0.99422085 0.97382575 0.9511444 0.9588375 0.98912925 0.9992376 0.98707527 0.99763197 0.99500287 0.91407967 0.9824844 0.95886815 0.9762932 0.9298855 0.96250296 0.8887014 0.9940626 0.94662845 0.89646214 0.975918 0.9692813 0.9695603 0.8111236 0.94981337 0.98634505 0.96779454 0.9671962 0.96731 0.96985674 0.98113275 0.94496787 0.45978194 0.96998984 0.80100715 0.5122717 0.39043963 0.97647756 0.9170883 0.8806715 0.9536668 0.96907216 0.83172154 0.4898905 0.94553626 0.84624475 0.9290478 0.76332164 0.9755245 0.96526563 0.94145787 0.9139256 0.9923696 0.9055159 0.92914724 0.9979546 0.17167205 0.93781984 0.9672636 0.79120374 0.9903398 0.48638105 0.096451215 0.99904066 0.81673026 0.9994541 0.889176 0.2695966 0.8447259 0.9514701 0.006185485 0.015701167 0.998952 0.97862566 0.808017 0.6027887 0.844753 0.0010550879 0.99446315 0.00020234736 0.008523515 6.546174e-05 0.99999684 0.0029965183 0.9911344 0.3306331 0.9213522 0.00067437295 0.7200585 5.3010866e-05 0.006563481 6.854479e-05 0.8613028 0.9862104
0.9859745 5.775729e-14 0.8766392 0.95935345 0.052337106 0.13156797 0.47813606 0.6440786 0.7579256 0.49884024 0.54502714 0.24695301 0.23925039 0.005200243 0.8213909 2.2564087e-05 0.0016056952 0.49312168 0.58588606 0.6186634 0.000619439 0.0010773201 0.40696016 0.00061720615 0.007125856 0.040427383 0.00075569167 0.00010767669 0.13502614 0.12088426 0.031303756 0.00010798736 0.17957643 0.42651522 0.00013864783 0.093306586 6.894049e-07 0.06681792 0.18115504 0.00015314354 0.00024242002 0.024075728 0.024062907 0.011316662 0.017224215 7.291039e-05 0.16328843 0.11523553 0.1435978 0.12536585 0.004466912 0.16645135 4.5784378e-05 0.0006792289 8.5066364e-05 0.029712686 0.00059759355 7.05562e-05 0.0049982667 0.0004561443 0.00032392397 0.07959157 0.10173677 0.01518262 4.5625018e-07 0.0020614627 5.904291e-06 0.10829011 0.009115472 6.732968e-07 0.11493991 0.0009938614 0.27531558 0.016700938 0.042854667 0.0012087717 0.00055910036 0.005267165 6.750726e-07 0.042407654 0.005931958 0.0028824394 0.002329914 0.008232489 0.000508459 0.024867723 2.6846516e-07 2.6601485e-06 3.635208e-08 0.09822089 8.324789e-06 0.0064025875 0.0005579062 0.00093356404 7.606749e-07 3.8231447e-05 4.369617e-09 8.098882e-08 2.5758893e-09 3.3870056e-05 0.03629569
0.9929114 0.8766392 2.3210287e-15 0.9469066 0.018207273 0.23900467 0.83138734 0.23951198 0.77812314 0.67624193 0.5720679 0.46183845 0.0087376395 0.0008146962 0.44376346 4.808826e-05 0.00016167872 0.036938637 0.07246019 0.107854635 0.00035302358 0.00033539959 0.016253272 2.454855e-05 0.014229635 0.00044731313 0.00018359743 9.403917e-05 0.14834453 0.0030181634 0.0012390434 5.3118612e-05 0.017571397 0.019661738 0.000151059 0.0009027967 4.841663e-07 0.17064562 0.0033383993 1.0553923e-05 3.8603885e-06 0.00020685197 0.00066942873 0.00014200142 0.03271503 1.4411236e-06 0.008673377 0.027932027 0.0016165012 0.0018998511 1.3382784e-05 0.0047424156 8.911401e-05 0.003009324 4.61346e-06 0.23281828 0.0001661519 1.8037605e-05 4.070388e-05 0.0021308982 0.00023725716 0.003066659 0.20556745 5.778924e-05 3.0488046e-08 0.03951719 5.268312e-09 0.011399232 3.425862e-05 2.7527793e-08 0.16533428 3.5618843e-05 0.19611652 0.00086668524 3.067103e-05 0.0015339599 0.00950158 3.5947094e-05 5.704133e-09 0.035697028 0.007129587 0.02152367 0.000469065 0.015806535 1.4304622e-06 0.11007501 2.1426967e-09 1.0846016e-08 3.3310885e-10 0.11295636 5.0473835e-07 0.019233512 0.00023011725 0.002966389 9.7830215e-09 0.0012166133 1.997166e-10 1.6168246e-09 2.6092895e-11 0.00036430274 0.11936032
0.9378537 0.95935345 0.9469066 7.1486884e-18 0.0890464 0.51033443 0.473354 0.8340797 0.7325018 0.61407363 0.93115443 0.52496296 0.036982656 0.004896756 0.671568 0.00052725425 0.00051686843 0.13268593 0.11266612 0.13427393 0.0020193348 0.0010740553 0.020267166 0.00063185877 0.024161544 0.0012706736 0.0002057453 0.00055194757 0.17250907 0.0052563287 0.0062805344 0.0001850635 0.061435524 0.019423097 0.000588148 0.0007665065 2.258515e-06 0.034597937 0.005360404 6.651063e-05 2.1362492e-05 0.0003564042 0.001720057 0.0005841805 0.004425405 3.7349612e-06 0.01324652 0.10618159 0.00083853985 0.002505946 6.0870418e-05 0.005906691 8.0938145e-05 0.0032524683 2.7968604e-06 0.04748865 0.00012819747 1.6279277e-05 3.1602143e-05 0.0027298434 0.00032674734 0.00089611165 0.06447016 0.00010340434 9.261978e-08 0.0045469133 4.02343e-09 0.0031842 9.588713e-06 9.40703e-07 0.045045014 4.5157144e-06 0.073748276 9.87018e-06 0.00013228429 7.568976e-05 0.0013352444 9.979154e-05 1.2565562e-07 0.028155446 0.00026689586 0.006363453 0.00017033835 0.00014669792 6.9299913e-06 0.011739347 9.603889e-09 1.5811781e-07 2.204537e-08 0.026387237 3.7833217e-08 0.013364102 7.692723e-07 0.0022506062 2.9051307e-08 4.649844e-06 2.7843544e-10 1.9364446e-09 5.851497e-10 0.00013460217 0.026276393
0.9989014 0.052337106 0.018207273 0.0890464 9.937044e-13 0.3357159 0.0037152166 0.7051734 0.1359845 0.03120213 0.0016213005 0.00018176986 0.15332325 0.84852797 0.013296958 0.1168775 0.6775469 0.276566 0.0109771965 0.060346562 0.8357124 0.8088281 0.3676371 0.8315946 0.066603005 0.48209348 0.6450133 0.3508513 0.045865588 0.18616198 0.2092826 0.37348992 0.0007999038 0.02781211 0.086430915 0.05289655 0.087034754 0.00089526677 0.017566478 0.27230325 0.5653644 0.16137123 0.014344296 0.07651039 6.335888e-05 0.25010282 0.006282231 0.0004926372 0.017573498 0.02549778 0.025673337 0.0028687865 0.034298573 0.05652188 0.052149847 0.0005911103 0.5358966 0.055849195 0.0004740722 0.046861142 0.16213848 0.00041858552 0.012235826 0.0059077945 0.038682807 1.7963837e-05 0.023494264 0.00037115754 2.7645518e-05 0.004744705 0.0047777877 1.6737346e-06 0.45216268 0.00017670255 0.0035685317 3.2309017e-05 7.1354843e-06 0.00012657506 0.0014782486 0.21234563 0.0001547134 3.488231e-05 0.00012236852 0.0004130716 1.1478833e-05 0.0035055678 6.3929624e-06 1.8027198e-07 1.4171009e-05 0.029654121 1.0030753e-06 0.028884295 1.764031e-05 0.02453495 1.6040797e-06 6.944791e-08 7.1594977e-06 0.00011110119 1.1025304e-05 0.002349592 0.0057032695
0.9783536 0.13156797 0.23900467 0.51033443 0.3357159 1.4357332e-14 0.00992941 0.52683085 0.7380367 0.9311902 0.010636963 0.0038028525 0.004730892 0.54624856 0.005901345 0.2942587 0.0016688623 0.0049725664 6.110505e-05 0.0006581932 0.007937501 0.00796257 0.0011953347 0.044396866 0.92944753 0.00122171 0.0057122894 0.28238383 0.8472277 0.0002080388 0.0023318022 0.22870196 0.00010140025 1.205721e-05 0.41539994 4.9836135e-06 0.035629287 0.0011567916 7.829646e-06 0.0020297205 0.007323583 1.8684852e-05 8.652333e-06 3.7176174e-05 0.00023190989 0.00028056683 8.333384e-06 0.00023224433 2.6875016e-06 6.4070673e-06 9.1442835e-06 4.546221e-06 0.51605886 0.7404096 1.4325737e-05 0.16509986 0.03763388 0.01170495 2.4392728e-09 0.23182318 0.0359069 4.3164964e-06 0.29695305 2.6838313e-06 1.3202283e-05 0.0022996871 1.1521475e-09 7.974317e-06 1.8673165e-07 1.8300201e-06 0.018478956 1.4040714e-08 0.26980826 3.9066197e-08 4.6265305e-07 3.1552574e-07 0.00094589737 5.6130597e-07 1.4706806e-07 0.29583967 2.7287144e-06 0.0021150333 2.0384496e-06 4.084005e-05 3.343602e-07 0.0028796645 1.853385e-08 4.1025448e-08 5.7389485e-08 0.018784542 1.7843174e-09 0.4857303 7.936054e-07 0.5830542 6.071208e-09 6.1378806e-08 4.6871836e-08 2.2393848e-05 1.4626325e-07 0.16741717 0.010989871
0.99104667 0.47813606 0.83138734 0.473354 0.0037152166 0.00992941 2.6354873e-12 0.050206225 0.595378 0.15299848 0.89200974 0.97003984 0.0018555827 0.00029806545 0.41524825 5.8718797e-06 3.7463324e-05 0.03424523 0.16328421 0.08335923 6.1430933e-06 2.8201852e-05 0.020452622 1.7393559e-05 0.013169967 6.95219e-05 4.3549982e-05 6.484589e-06 0.059362423 0.0008578777 0.0005798663 1.2050738e-05 0.18410735 0.026991267 5.3300446e-06 0.00050504686 8.008711e-08 0.6313936 0.0075524743 9.657766e-07 1.8387313e-07 4.081898e-05 0.00010132794 9.869104e-05 0.29132068 7.0140567e-07 0.019119268 0.15533306 0.005094285 0.0016110817 7.5271278e-06 0.01679049 2.4393454e-05 0.0018790293 5.7345807e-07 0.34846982 3.7671798e-05 1.6184115e-06 5.8292106e-05 0.0002267625 1.5254889e-05 0.020528508 0.16680332 5.6382276e-05 9.830982e-09 0.144666 1.0184765e-09 0.36510786 0.006163777 4.4926253e-08 0.43657902 0.0024961466 0.19401023 0.0017114999 8.274351e-05 0.061532877 0.04547903 5.6766152e-05 7.090803e-09 0.014878551 0.08910758 0.06083772 0.020722779 0.07015488 5.399811e-06 0.30060932 2.813669e-10 4.3362263e-08 4.216975e-10 0.07652698 4.584565e-08 0.0064318897 0.0031412004 0.00096488703 3.943069e-08 0.0057351575 4.1029868e-10 6.733661e-09 3.135875e-11 0.00017201864 0.32064825
0.9966284 0.6440786 0.23951198 0.8340797 0.7051734 0.52683085 0.050206225 3.880675e-14 0.21366139 0.15355083 0.48508012 0.062042624 0.8740308 0.21241082 0.35106078 0.040321287 0.22685173 0.92602664 0.26837656 0.3907304 0.32799694 0.31417155 0.60771644 0.16388372 0.03454423 0.56955093 0.22992766 0.08086284 0.05969076 0.3839998 0.6417811 0.09921471 0.038335152 0.16875027 0.0422744 0.066357054 0.004193509 0.0013287432 0.10403721 0.388657 0.10762618 0.09847636 0.14744885 0.1886005 0.00024574355 0.022222098 0.073671125 0.13584657 0.010284592 0.11242559 0.00966916 0.036736276 0.018504914 0.04251528 0.012763454 0.009902158 0.103420496 0.006346056 0.00038803372 0.03945899 0.16873859 0.0026631425 0.04853563 0.0032011964 0.00011017753 0.0013666736 0.00014503613 0.0001537054 0.00021121537 0.0008870224 0.05634366 2.9777493e-05 0.30592048 0.00017713397 0.0016599756 3.122256e-05 0.0044764006 0.0059282035 1.9156138e-05 0.13673078 4.809065e-05 0.004734462 0.0003357579 0.00010721375 0.00011391347 0.11077151 5.254649e-05 6.7732167e-06 1.2658313e-06 0.18182737 1.1326588e-06 0.019851224 4.2840616e-06 0.01057312 2.6040397e-07 1.9756173e-05 1.3162129e-07 3.9321178e-05 3.2730043e-07 0.002222488 0.093454346
0.99422085 0.7579256 0.77812314 0.7325018 0.1359845 0.7380367 0.595378 0.21366139 6.676398e-15 0.8870116 0.2728057 0.21195467 0.2036054 0.013103498 0.24662764 0.0011523333 0.048077513 0.08822905 0.28361788 0.16955028 0.007973778 0.012244972 0.17392403 0.004542453 0.36785287 0.085383125 0.0063151424 0.0009996609 0.66519034 0.08570273 0.027456438 0.00068554765 0.116120316 0.108681895 0.0014061191 0.032330196 0.0001516437 0.4167981 0.033474375 0.0005113387 0.006118205 0.015595129 0.0034696336 0.004467447 0.14250009 0.0011758811 0.018535899 0.11707817 0.03223847 0.014692418 0.0023624578 0.029202953 0.0024315193 0.01193363 5.073565e-05 0.5512506 0.0063085146 0.0023989768 0.0012779665 0.0014950971 0.002227246 0.008182321 0.564878 0.0013908286 4.711915e-06 0.10348919 4.40709e-05 0.14187773 0.0006832478 4.34642e-06 0.094749555 0.0004528977 0.4544825 0.005015203 0.0027252014 0.008658257 0.016047372 9.518697e-05 5.03528e-06 0.01482986 0.08784904 0.019174924 0.005075528 0.10177165 0.0001296218 0.036691565 4.4433355e-06 1.310324e-05 8.370432e-07 0.07176101 1.0511984e-05 0.021003084 0.0046758135 0.0042592245 4.286162e-06 0.001186373 7.106997e-07 0.0001226777 1.4742242e-06 0.00017482304 0.07748895
0.97382575 0.49884024 0.67624193 0.61407363 0.03120213 0.9311902 0.15299848 0.15355083 0.8870116 3.650685e-14 0.04770047 0.04274646 0.004129865 0.016408648 0.014202202 0.0074335514 0.0010806592 0.0030055554 0.0022004133 0.0030404066 0.0012137261 0.0011802436 0.0015967133 0.00023067204 0.67777455 0.00033674762 0.0006817771 0.0036436655 0.84849375 0.000463579 0.00021809597 0.0027153124 0.00081233424 0.00038458614 0.009333224 6.1629886e-05 0.00039814133 0.048292745 9.707224e-05 1.0456263e-05 0.00048114065 5.0011608e-05 1.9746829e-05 1.6673452e-05 0.011692984 5.4963025e-06 5.917744e-05 0.0008915278 0.0001047666 3.606993e-05 1.1526283e-06 0.0001046992 0.0025262882 0.06831088 2.741722e-07 0.6785 0.0039454624 0.00022651462 7.536285e-08 0.01910812 0.0006488267 3.0320558e-05 0.72759914 2.4159747e-06 5.3561592e-08 0.10333194 1.1043754e-10 0.000914745 1.7131521e-07 1.4118869e-07 0.10626307 5.8453235e-08 0.47156712 9.632196e-07 5.17885e-07 0.00010370693 0.01914367 1.88497e-06 6.8838624e-08 0.15847178 0.0029153144 0.039099332 4.5243505e-05 0.0016297064 1.8948982e-07 0.056552205 3.4178488e-08 5.0645948e-08 4.315599e-08 0.17037258 7.303164e-08 0.23471302 4.9357357e-05 0.11143167 2.21447e-08 0.00032631512 4.541733e-09 3.6737536e-08 4.595719e-08 0.003146335 0.12893952
0.9511444 0.54502714 0.5720679 0.93115443 0.0016213005 0.010636963 0.89200974 0.48508012 0.2728057 0.04770047 9.983296e-14 0.9482259 0.003111561 0.0004313534 0.92188656 1.6477087e-06 6.452311e-05 0.2070183 0.34618494 0.2364787 2.5672767e-05 4.9750684e-05 0.023985257 1.8535822e-05 0.0021654407 0.000184258 2.1330206e-05 9.060886e-06 0.012887934 0.0014921249 0.0006238962 1.1805029e-05 0.50816804 0.074609734 1.4667757e-05 0.0012996233 4.9282587e-08 0.38007495 0.027758365 1.9678803e-06 4.4200542e-07 0.00012749858 0.0006272679 0.00015002688 0.08210244 7.708645e-07 0.1720413 0.785 0.007305057 0.0045119417 3.3792043e-05 0.06417914 1.7195384e-06 8.978117e-05 7.4908377e-07 0.06509037 3.7708785e-05 6.978498e-06 0.00016719001 4.418208e-05 5.6874098e-05 0.069482185 0.015940327 0.00035730383 1.0540306e-08 0.03155018 2.6795063e-10 0.3221048 0.015354982 1.7196915e-07 0.121482156 0.010565237 0.073441416 0.0039073676 0.0013739853 0.02022329 0.018743275 0.0040831678 1.547988e-08 0.00946395 0.010357805 0.028670173 0.028517723 0.052593384 0.0007653498 0.06567694 1.2496177e-07 3.1253242e-07 2.0103744e-10 0.022578966 5.508931e-07 0.001206569 0.001338126 5.358699e-06 1.9381934e-08 0.0020377946 1.0155295e-10 2.1252882e-09 3.504878e-12 3.6996116e-05 0.08368197
0.9588375 0.24695301 0.46183845 0.52496296 0.00018176986 0.0038028525 0.97003984 0.062042624 0.21195467 0.04274646 0.9482259 1.7484384e-12 0.00021570335 7.20701e-05 0.3839802 6.47131e-07 3.3250587e-06 0.008145824 0.07525047 0.036288507 1.4886701e-06 8.2624e-06 0.0011078325 1.7851473e-06 0.0023712981 3.326042e-06 4.4533645e-06 2.1531796e-06 0.010446841 7.418771e-05 1.8887642e-05 1.0308374e-06 0.1993461 0.007835317 7.87321e-06 1.11234185e-05 1.3591503e-08 0.87699485 0.0014240074 7.308544e-08 1.2353514e-07 2.0753662e-06 3.7993432e-06 2.320192e-06 0.6422077 4.7551246e-08 0.023513619 0.66394997 0.0002353915 8.439157e-05 2.2580523e-06 0.0034746618 1.9078243e-06 8.9479094e-05 1.3135295e-07 0.2316059 1.1894022e-05 5.7701783e-07 1.9523686e-06 1.1121562e-05 1.1764188e-05 0.017050916 0.028819408 9.986117e-06 3.200498e-09 0.30758432 7.1752694e-11 0.75698435 0.0069384268 6.627814e-08 0.29990718 0.004647816 0.050342016 0.0005123414 2.6395943e-05 0.21171811 0.07436658 6.0889168e-05 1.136074e-08 0.0027197893 0.116741404 0.12140305 0.105243795 0.3359169 3.3728746e-05 0.20728464 3.5679013e-09 5.7321113e-08 4.5913076e-10 0.025932776 1.668726e-07 0.000713479 0.0074199066 7.3960555e-06 5.8747304e-08 0.026848625 5.719099e-10 1.5076559e-09 2.2172054e-11 3.5179237e-05 0.19560558
0.98912925 0.23925039 0.0087376395 0.036982656 0.15332325 0.004730892 0.0018555827 0.8740308 0.2036054 0.004129865 0.003111561 0.00021570335 1.1423677e-14 0.14641887 0.021617237 0.00022697196 0.03302381 0.95005023 0.024234151 0.1374246 0.0144602815 0.006382826 0.8905812 0.0014874463 0.002190302 0.32544163 0.003261479 2.6742033e-05 0.002758063 0.8078529 0.38625064 9.5587784e-05 0.0006337359 0.15770304 0.00010127781 0.77928025 3.128211e-07 6.333351e-05 0.15140454 0.0054737055 0.000107584325 0.4849481 0.5175298 0.5226589 8.025923e-06 0.00014506394 0.01669858 0.001239901 0.17878537 0.46908975 0.15806404 0.005092539 2.4261744e-05 0.0006669591 0.00039691778 0.00067087344 0.0019064032 0.00016549704 0.08206032 0.0044819643 0.001776182 0.0011886152 0.0025423192 0.095941946 2.7478588e-06 2.4240811e-05 0.083974354 5.5982036e-05 3.614877e-06 6.6805496e-06 0.036214974 1.2014799e-05 0.18448363 0.004054877 0.0827259 5.0372034e-07 0.00012732338 0.009211834 1.2671037e-05 0.060635306 2.8931456e-06 0.00017997835 1.7586684e-06 9.2707005e-06 1.8510244e-05 0.02762666 3.5487694e-05 0.00017579908 1.1392606e-06 0.06186247 2.0117557e-06 0.002540309 8.2585075e-08 0.0016566893 0.00014721323 4.18547e-07 6.435453e-11 1.15587e-08 1.0092909e-09 1.8473263e-05 0.02978833
0.9992376 0.005200243 0.0008146962 0.004896756 0.84852797 0.54624856 0.00029806545 0.21241082 0.013103498 0.016408648 0.0004313534 7.20701e-05 0.14641887 1.1922489e-13 0.0016894201 0.40515772 0.71719533 0.00733668 0.0020944502 0.0038839674 0.52816033 0.3381688 0.02250588 0.033978887 0.1812512 0.06357991 0.38917488 0.03963095 0.115496814 0.18705386 0.044059653 0.06284882 0.0005000967 0.0015284388 0.029080436 0.012193121 0.019686984 0.0012022158 0.0034579248 0.0875859 0.12837404 0.020088352 0.003911536 0.011322598 2.9285491e-05 0.23980533 0.00026761869 4.1741016e-05 0.019494735 0.007937599 0.042176668 0.0037152502 0.008066886 0.032653786 0.43995047 0.00021345154 0.09054622 0.030229626 0.0045281714 0.0054800236 0.07088075 9.7356395e-05 0.044385213 0.0005958098 0.47459352 1.664095e-05 0.33640486 9.059344e-05 1.5623396e-05 0.017272362 0.0008570915 0.00043066862 0.49709716 0.002151475 0.00050790556 3.6757883e-05 1.0888244e-05 5.074441e-05 0.028246509 0.2801397 5.310374e-06 3.058998e-08 0.000109429646 1.3984249e-05 5.5630136e-07 2.3809478e-05 0.00015824099 6.137241e-05 0.00046218783 0.12596215 4.257177e-06 0.06569161 1.28535556e-08 0.034517523 5.6401637e-05 9.687658e-08 0.0008706709 0.004111803 0.00047726597 0.0004498811 0.00036262834
0.98707527 0.8213909 0.44376346 0.671568 0.013296958 0.005901345 0.41524825 0.35106078 0.24662764 0.014202202 0.92188656 0.3839802 0.021617237 0.0016894201 1.64359e-16 9.3375544e-05 0.00038852473 0.44201857 0.93616706 0.91324395 0.0002429781 0.00020214987 0.08055808 6.0617145e-05 0.00068532076 0.0014281635 0.00018356765 1.4180782e-05 0.0026693672 0.009202583 0.015180116 2.1112486e-05 0.6649631 0.40518278 7.753384e-05 0.003970395 2.6825683e-07 0.065975234 0.12394459 1.2555714e-05 3.6057668e-06 0.0013180752 0.018454075 0.003892656 0.008554093 7.0665544e-07 0.6454218 0.50534475 0.02946657 0.033327516 0.000824686 0.16015695 2.754412e-05 0.00024762182 7.953515e-06 0.013610106 7.605327e-05 5.760993e-06 0.0013125165 0.0009965345 0.0003638868 0.063024275 0.008738207 0.004930852 1.7400824e-07 0.0072573624 8.1984496e-07 0.027619516 0.008483006 2.0320337e-07 0.1114117 0.0046350854 0.14035828 0.009628004 0.005551244 0.0034582284 0.018184757 0.008252569 8.1943334e-08 0.03557099 0.0016286296 0.011417411 0.0041454337 0.004682221 0.00062155124 0.17332585 5.4981214e-08 3.4277346e-05 9.6976365e-09 0.15602647 6.474875e-06 0.004148457 0.00026900583 0.00073418306 3.8680153e-07 0.0018183195 2.6602938e-09 3.5201268e-08 4.944504e-10 0.00010851356 0.20870206
0.99763197 2.2564087e-05 4.808826e-05 0.00052725425 0.1168775 0.2942587 5.8718797e-06 0.040321287 0.0011523333 0.0074335514 1.6477087e-06 6.47131e-07 0.00022697196 0.40515772 9.3375544e-05 1.905252e-13 0.0017544077 0.0013064535 4.8290954e-06 0.00022030239 0.023101674 0.038100865 0.0011363169 0.12610805 0.044024847 0.0037444031 0.058575034 0.8987481 0.026636252 0.00023475615 0.004391247 0.9133686 1.3050433e-06 1.9545922e-05 0.5919925 1.19287815e-05 0.7520648 2.2922957e-05 1.2148451e-05 0.041207183 0.46112272 0.0009591977 3.091539e-05 0.0006480383 5.656544e-07 0.11246808 2.2837012e-05 1.902802e-06 1.7225002e-05 6.4418775e-05 0.00043727816 7.1513057e-07 0.31324044 0.36182058 0.01574495 0.00012064349 0.8587964 0.7918052 3.794905e-07 0.32655388 0.7056033 4.4993686e-07 0.01162006 6.2743416e-06 0.2581943 9.965512e-06 8.864409e-05 1.2759072e-05 1.6356151e-09 0.0061239465 0.00025694456 1.985769e-08 0.13943075 1.3151572e-06 1.18276575e-05 1.2245127e-08 1.5327532e-06 5.263747e-07 0.0004470692 0.3575358 5.379272e-06 6.902858e-07 8.3559013e-07 2.2585066e-06 3.5284602e-09 0.00016266327 6.520876e-09 1.4956614e-08 1.8520618e-06 0.01213682 3.1592555e-09 0.1088426 3.2034556e-08 0.113464415 4.7697286e-09 1.7915617e-08 6.3600244e-05 0.0031329403 8.585595e-07 0.007217296 0.00063789677
0.99500287 0.0016056952 0.00016167872 0.00051686843 0.6775469 0.0016688623 3.7463324e-05 0.22685173 0.048077513 0.0010806592 6.452311e-05 3.3250587e-06 0.03302381 0.71719533 0.00038852473 0.0017544077 6.578223e-14 0.036533445 0.00018717945 0.0040747616 0.78448236 0.33482486 0.12509479 0.068134606 0.0024394337 0.92022365 0.34519783 0.00011904582 0.0014671849 0.5908888 0.7927066 9.8367134e-05 3.2775288e-06 0.002106201 0.00012017292 0.14545956 6.614631e-06 3.0887488e-05 0.0032163388 0.14072935 0.0017202243 0.8709721 0.09122795 0.7428534 2.8763844e-07 0.049825553 0.0010568583 2.9051532e-06 0.0022461375 0.018816305 0.6837569 0.00011973991 2.078049e-05 0.003192346 0.52460164 0.000110844965 0.001095235 0.00011504824 0.00035777953 0.0031649002 0.00078802905 1.4414047e-05 0.0010882017 0.007577433 0.0003726909 4.111797e-06 0.8787886 1.3216013e-05 1.927267e-06 0.0070593692 0.0030896722 4.102267e-06 0.15629879 3.8071143e-05 0.0029158618 3.9107783e-07 1.5383994e-05 0.00019906329 0.09531207 0.010453711 1.3404193e-07 7.533465e-07 4.6363886e-07 2.8113075e-07 1.7019559e-08 0.0042977193 0.006132876 3.5835455e-06 0.0060040695 0.11289645 7.313061e-08 0.0014586583 2.9757192e-09 0.0014593353 1.7357634e-05 2.1191396e-07 3.0827803e-05 5.1567195e-06 0.00013900104 5.8143036e-05 0.0040906277
0.91407967 0.49312168 0.036938637 0.13268593 0.276566 0.0049725664 0.03424523 0.92602664 0.08822905 0.0030055554 0.2070183 0.008145824 0.95005023 0.00733668 0.44201857 0.0013064535 0.036533445 1.115945e-18 0.30974418 0.56520844 0.009730661 0.011684646 0.9616758 0.0044975006 0.00088551326 0.27648792 0.009029268 0.0006859799 0.001019201 0.4972288 0.4818948 0.0002841265 0.028067492 0.3010654 0.00028131864 0.24471852 3.710774e-05 2.6249041e-05 0.20082183 0.0067263646 0.0006124737 0.083100624 0.23792112 0.10400897 4.987298e-06 0.00039836776 0.058877915 0.015318351 0.060666032 0.37420368 0.0283496 0.025694685 1.6088092e-06 0.0004966344 0.0009661839 0.0012214584 0.00033744075 5.5597735e-07 0.008671731 0.00049278414 0.0011179965 0.00087472936 0.0018011633 0.022616675 7.606342e-07 5.344748e-05 0.00065281976 1.7748256e-05 1.6865522e-05 3.652885e-05 0.011688842 1.6984837e-05 0.013897673 0.000112657115 0.0055265967 2.2343656e-07 0.0006634611 0.0028750736 5.4132505e-07 0.007796375 2.1496467e-06 0.0003199673 1.3237256e-05 2.3064243e-07 8.725352e-06 0.016185753 1.6156642e-05 2.3436281e-05 2.5829274e-07 0.037607603 1.3336568e-06 0.0011260471 8.002172e-09 0.00022670197 4.2036027e-07 2.9730387e-07 6.714496e-10 1.4517082e-09 1.8586197e-09 7.4792746e-07 0.02032895
0.9824844 0.58588606 0.07246019 0.11266612 0.0109771965 6.110505e-05 0.16328421 0.26837656 0.28361788 0.0022004133 0.34618494 0.07525047 0.024234151 0.0020944502 0.93616706 4.8290954e-06 0.00018717945 0.30974418 1.0076816e-15 0.9580077 3.1449083e-05 4.3224347e-05 0.07738213 1.3654359e-06 0.00021366905 0.002867177 2.6930935e-05 9.583405e-07 0.00046696325 0.012983367 0.0055792886 5.712246e-07 0.6444649 0.81503004 2.8879574e-06 0.020802233 3.0646337e-08 0.0051084277 0.52462125 2.9227328e-06 1.9764558e-07 0.0052706674 0.018642414 0.007348392 0.0006975484 1.7268687e-07 0.8409428 0.37054184 0.36377236 0.15655543 0.0009529025 0.65000266 1.095367e-07 5.787475e-06 7.418827e-07 0.0013472455 3.8180274e-06 3.2090713e-07 0.010307151 0.00020364852 2.098878e-05 0.40740815 0.0021237638 0.017102867 4.4741117e-08 0.00023164842 2.0839104e-06 0.010532064 0.040888146 2.4503349e-08 0.08363542 0.013257509 0.06493229 0.20414056 0.08397252 0.0013197633 0.0034600543 0.0383689 3.002803e-08 0.0065249484 0.000114459806 0.0015404512 0.0012874475 0.0010469984 0.0051893042 0.079798624 1.7958152e-07 0.0001260395 1.901513e-09 0.053367674 6.4275664e-05 0.0006377699 3.3208216e-06 1.2232791e-06 1.34560005e-05 7.7456825e-05 8.256837e-12 7.747525e-10 5.324458e-13 4.9848273e-07 0.08039232
0.95886815 0.6186634 0.107854635 0.13427393 0.060346562 0.0006581932 0.08335923 0.3907304 0.16955028 0.0030404066 0.2364787 0.036288507 0.1374246 0.0038839674 0.91324395 0.00022030239 0.0040747616 0.56520844 0.9580077 6.1157665e-17 0.001330231 0.00045266363 0.18690218 4.8058784e-05 0.0003021046 0.008153052 0.00044201745 2.3270955e-05 0.00060261 0.039305903 0.017252697 1.49402e-05 0.3025697 0.943218 0.0001238301 0.054344222 9.1385067e-07 0.001581792 0.5469986 3.098062e-05 6.3469756e-06 0.0069455435 0.038662825 0.01730518 0.0003141954 2.7248243e-06 0.7325504 0.11407429 0.30971032 0.2978008 0.0023450558 0.36643523 1.1778113e-06 0.00022573653 1.0332532e-05 0.00378015 4.5320503e-05 4.369399e-06 0.019171406 0.0009701487 0.00017798302 0.065698914 0.003891854 0.01447916 9.666567e-07 0.00024576276 1.4177118e-05 0.0016649222 0.0054251193 8.4391765e-08 0.0450152 0.0032874055 0.04051381 0.06551869 0.0324974 0.000112565285 0.0033576349 0.029474389 4.509108e-08 0.010664295 4.328321e-05 0.00057418126 0.00041311173 0.000319392 0.0013463221 0.04240927 1.2016438e-05 0.0004657333 2.0216924e-09 0.06358806 1.6291999e-05 0.0016987973 1.1317982e-06 0.00012543179 2.4093183e-06 2.715953e-05 4.449927e-11 4.8381366e-09 1.6706007e-12 2.1087393e-05 0.051093277
0.9762932 0.000619439 0.00035302358 0.0020193348 0.8357124 0.007937501 6.1430933e-06 0.32799694 0.007973778 0.0012137261 2.5672767e-05 1.4886701e-06 0.0144602815 0.52816033 0.0002429781 0.023101674 0.78448236 0.009730661 3.1449083e-05 0.001330231 2.3432184e-13 0.9497774 0.027716538 0.890225 0.0018035875 0.47477645 0.9073753 0.0043419525 0.00055614125 0.15398481 0.22081622 0.0038555732 6.271709e-06 0.00011263692 0.0009582971 0.0058975522 0.0006838952 6.6524485e-06 0.00039707433 0.8675128 0.30061156 0.16733302 0.0059028 0.08510903 9.302059e-08 0.6940369 3.8492075e-05 1.1383977e-05 0.00073144777 0.0018436998 0.13062885 6.948183e-06 0.00025077927 0.0018848955 0.8203677 6.7005116e-05 0.034845833 0.0015807961 5.0613766e-05 0.0042580464 0.01716546 1.778152e-06 0.00029628904 0.0016536791 0.22545093 6.71533e-06 0.57869214 1.6310132e-06 5.778942e-08 0.10568076 0.00090324454 3.2684753e-07 0.04453976 5.9034497e-05 0.00034345934 3.272205e-09 2.1157764e-06 1.4338735e-05 0.10763252 0.022643143 1.0511328e-06 2.1490716e-05 3.5558122e-07 2.2568272e-06 3.9445286e-08 0.0011011938 0.0004031389 4.2112467e-07 0.00083207135 0.0067621483 1.27385045e-08 0.0008998738 3.5338097e-08 0.0012953536 1.5608741e-07 3.5384656e-07 0.00013006199 5.4041873e-05 0.00014994248 7.2479794e-05 0.00070307864
0.9298855 0.0010773201 0.00033539959 0.0010740553 0.8088281 0.00796257 2.8201852e-05 0.31417155 0.012244972 0.0011802436 4.9750684e-05 8.2624e-06 0.006382826 0.3381688 0.00020214987 0.038100865 0.33482486 0.011684646 4.3224347e-05 0.00045266363 0.9497774 1.4635139e-15 0.025637334 0.95217997 0.0029007182 0.22900936 0.92096275 0.01636909 0.0011974889 0.03166446 0.07817999 0.01268836 3.0771876e-05 3.9067865e-05 0.004868628 0.0027207714 0.002449333 2.0041552e-06 0.00020869136 0.8458441 0.33653027 0.044521105 0.0018984204 0.023092847 5.8168958e-08 0.5230144 1.4083342e-05 4.569988e-05 0.00023954778 0.0008197313 0.02743164 1.4949265e-05 0.00057886814 0.012372775 0.34316772 0.00023278006 0.10461928 0.0030355768 1.0069087e-05 0.004947473 0.0238764 4.9527025e-06 0.0006699278 0.0005117275 0.06637172 2.5321128e-06 0.06376331 8.631478e-07 3.8114024e-08 0.032163024 0.0004614499 4.2467637e-08 0.02826999 3.4526145e-06 0.00013060654 1.5877163e-09 1.5057126e-06 6.734924e-06 0.0098577645 0.022789767 1.0212792e-06 1.7180393e-05 7.3434165e-07 6.998235e-07 8.4476305e-08 0.0012240745 4.725805e-05 7.593582e-08 7.3223535e-05 0.008130903 1.3261041e-08 0.0011354584 2.5819062e-08 0.0022244651 3.3592025e-07 8.950306e-09 1.5784753e-05 2.0736263e-05 2.2998876e-05 0.00022184993 0.0007920777
0.96250296 0.40696016 0.016253272 0.020267166 0.3676371 0.0011953347 0.020452622 0.60771644 0.17392403 0.0015967133 0.023985257 0.0011078325 0.8905812 0.02250588 0.08055808 0.0011363169 0.12509479 0.9616758 0.07738213 0.18690218 0.027716538 0.025637334 3.554689e-17 0.0075139594 0.0012077322 0.5886014 0.016014423 0.00023849626 0.0011288716 0.9051835 0.7607898 8.780316e-05 0.006922752 0.17460139 0.0006432752 0.79407024 1.2103121e-05 6.6780936e-05 0.15581256 0.00447677 0.0003454174 0.51822454 0.58855736 0.5802366 1.9367837e-06 0.00054764596 0.021395912 0.011019414 0.09236683 0.58995646 0.15730058 0.00616083 5.9709164e-06 0.0009226274 0.00057000155 0.0018747371 0.00022088473 5.1456536e-05 0.041647002 0.0012052442 0.0010736365 0.002545234 0.003982517 0.074002266 7.804033e-06 1.5212612e-05 0.06775622 1.4253592e-05 4.425312e-06 0.00025445555 0.0117596695 5.487959e-06 0.039470647 0.0015276953 0.027184682 3.3947503e-09 0.00060575164 0.0065442645 3.1301715e-05 0.008862386 1.5188483e-06 4.2530562e-05 3.9934623e-08 1.7046794e-05 6.0947557e-05 0.034943696 0.0013279291 9.152296e-05 2.8792126e-06 0.11563202 1.7227744e-07 0.002650781 1.33415154e-08 8.394504e-05 1.3594446e-06 1.1198702e-07 2.6645736e-10 4.2184496e-09 1.1026648e-09 8.542598e-06 0.03547618
0.8887014 0.00061720615 2.454855e-05 0.00063185877 0.8315946 0.044396866 1.7393559e-05 0.16388372 0.004542453 0.00023067204 1.8535822e-05 1.7851473e-06 0.0014874463 0.033978887 6.0617145e-05 0.12610805 0.068134606 0.0044975006 1.3654359e-06 4.8058784e-05 0.890225 0.95217997 0.0075139594 2.9046728e-18 0.0020159716 0.03692314 0.9358597 0.1698473 0.0004909556 0.003275709 0.028449344 0.17012995 2.2010897e-06 8.4997913e-07 0.039721392 2.588777e-05 0.049015366 1.7501546e-07 2.8212626e-06 0.8786056 0.6851959 0.0007531016 0.000111572204 0.0016134786 7.0191892e-09 0.4506662 2.032493e-07 2.720645e-07 5.887889e-06 2.0935884e-05 0.00059430505 1.7747908e-06 0.0094600255 0.020327521 0.061071012 1.0854683e-05 0.22108775 0.024059791 8.350376e-08 0.013664716 0.16932778 5.070503e-07 0.0004961224 2.255979e-06 0.034148738 7.0781283e-07 1.0456073e-05 5.2010183e-09 8.3682083e-10 0.010537416 0.0004188217 1.3885467e-09 0.013033542 2.3537858e-09 9.161858e-09 1.3234924e-10 1.1548537e-05 1.358038e-07 4.4949426e-05 0.030860817 1.5597848e-07 1.2570686e-06 2.643785e-08 1.8232036e-08 1.2245618e-08 0.0015179137 1.0913359e-07 2.7850462e-09 1.218704e-08 0.0024419127 8.214308e-10 0.0055671115 1.1163119e-09 0.0068736 2.030688e-10 1.08442775e-08 1.5216341e-07 4.507567e-05 4.698639e-09 0.003325587 0.0021040489
0.9940626 0.007125856 0.014229635 0.024161544 0.066603005 0.92944753 0.013169967 0.03454423 0.36785287 0.67777455 0.0021654407 0.0023712981 0.002190302 0.1812512 0.00068532076 0.044024847 0.0024394337 0.00088551326 0.00021366905 0.0003021046 0.0018035875 0.0029007182 0.0012077322 0.0020159716 1.4134144e-15 0.001536613 0.0016388732 0.023685709 0.8843777 0.0003200033 0.00076830864 0.018627703 0.00013407267 7.0069305e-05 0.0923754 3.427424e-05 0.005681926 0.0018231857 4.147045e-05 0.00027508903 0.007101026 0.00037692374 5.1070852e-05 0.00011179225 0.00040777746 0.00036382966 2.9181307e-05 0.0001090287 8.637193e-05 3.8877235e-05 4.2479285e-05 0.00011116828 0.024746979 0.5111134 1.6274544e-05 0.053437978 0.017520009 0.0075750784 3.2404213e-07 0.195604 0.007231582 0.000114938695 0.53882825 1.6909924e-05 7.700894e-05 0.0045559458 2.0247708e-06 0.0002536647 7.2972915e-07 2.218059e-06 0.0034447182 4.7726704e-08 0.38378304 5.147644e-06 1.7689164e-05 1.9644058e-06 0.00033344555 3.15298e-07 4.3099194e-06 0.4140419 0.0014209517 0.0006731608 0.0001032255 0.00040576485 9.883291e-08 0.0009013365 2.0450289e-08 1.9604641e-08 7.953257e-08 0.02243809 6.8823756e-09 0.73032945 1.7080578e-05 0.4967361 1.3401916e-07 8.415022e-07 5.4971855e-07 0.00062481733 7.4710687e-07 0.017878838 0.0038639177
0.94662845 0.040427383 0.00044731313 0.0012706736 0.48209348 0.00122171 6.95219e-05 0.56955093 0.085383125 0.00033674762 0.000184258 3.326042e-06 0.32544163 0.06357991 0.0014281635 0.0037444031 0.92022365 0.27648792 0.002867177 0.008153052 0.47477645 0.22900936 0.5886014 0.03692314 0.001536613 7.882659e-18 0.1517932 0.00055916706 0.00038753985 0.80249596 0.9740315 0.00066344434 6.687003e-05 0.0040227943 0.00043574852 0.29705387 6.232746e-05 3.9266465e-07 0.00783404 0.12889384 0.0027073473 0.8076153 0.30399844 0.7523199 2.651778e-09 0.01599173 0.0008798845 0.00016563742 0.0055046016 0.0501161 0.5208088 0.00029579923 5.866649e-05 0.006680266 0.06831892 7.465685e-05 0.004238492 0.00022369102 0.0008285939 0.0017826774 0.0069185216 1.926208e-05 0.0009128547 0.021042526 0.00030908274 2.1712989e-08 0.49686334 4.815554e-07 2.5954958e-07 0.005303727 0.0024357887 1.3133742e-07 0.026085941 0.00017393864 0.0011057162 1.0119998e-08 3.634359e-06 0.00037730674 0.0063720364 0.015099281 5.7237973e-08 2.007793e-05 3.4284764e-07 3.3963385e-08 1.1391314e-06 0.0068214335 0.0007980203 1.1146376e-05 0.00022218977 0.020160083 5.8624875e-07 0.0014204083 5.828609e-09 0.0028471742 8.68267e-06 7.189555e-08 4.2409258e-07 1.7909656e-06 1.5720387e-06 6.847521e-05 0.008727729
0.89646214 0.00075569167 0.00018359743 0.0002057453 0.6450133 0.0057122894 4.3549982e-05 0.22992766 0.0063151424 0.0006817771 2.1330206e-05 4.4533645e-06 0.003261479 0.38917488 0.00018356765 0.058575034 0.34519783 0.009029268 2.6930935e-05 0.00044201745 0.9073753 0.92096275 0.016014423 0.9358597 0.0016388732 0.1517932 1.1577088e-14 0.02239398 0.00078712025 0.022272727 0.0705341 0.023963554 5.409282e-05 4.136645e-05 0.0053008543 0.0008640325 0.0070847822 2.1942446e-06 0.00017336564 0.93875086 0.6181753 0.03828391 0.0020235036 0.026388457 9.089468e-09 0.8373523 6.107908e-06 4.8976144e-05 0.00030805133 0.0006260502 0.050858043 3.5840498e-05 0.0004498174 0.0064638657 0.7095201 0.00011986628 0.13594723 0.0061574844 2.082056e-05 0.0032741192 0.06591567 9.856503e-06 0.0006900049 0.0006281269 0.31359497 1.8653882e-06 0.23103084 1.0639015e-06 3.8012526e-08 0.12997848 0.00026157417 1.4407902e-07 0.020325428 6.7881215e-06 0.00024141897 8.7290834e-11 4.382584e-07 1.1375719e-05 0.036914848 0.02318613 6.6886105e-07 3.815152e-06 5.54491e-07 7.5953494e-08 5.588208e-07 0.00043896303 0.00046225218 1.3755395e-07 0.00078658375 0.009485193 6.910683e-09 0.0008184612 2.0452276e-08 0.0009881017 1.15473796e-07 1.3083434e-09 0.00040684707 0.0004470826 0.0004258048 0.00026469844 0.00035864857
0.975918 0.00010767669 9.403917e-05 0.00055194757 0.3508513 0.28238383 6.484589e-06 0.08086284 0.0009996609 0.0036436655 9.060886e-06 2.1531796e-06 2.6742033e-05 0.03963095 1.4180782e-05 0.8987481 0.00011904582 0.0006859799 9.583405e-07 2.3270955e-05 0.0043419525 0.01636909 0.00023849626 0.1698473 0.023685709 0.00055916706 0.02239398 1.7124967e-15 0.007866254 4.4253728e-05 0.0022365157 0.9524258 7.0252304e-07 5.1782126e-07 0.7159401 3.5693617e-07 0.69775903 8.801031e-07 1.1311951e-06 0.03128796 0.4507228 0.00014338168 2.3168927e-06 0.00028068354 2.319267e-08 0.04362571 7.888771e-07 7.0686547e-06 5.19506e-07 3.63569e-06 6.68272e-05 3.491729e-07 0.6277068 0.43976176 0.0012339781 0.0001259644 0.89041597 0.905377 8.46994e-09 0.3703003 0.68635786 2.643432e-08 0.0040736618 5.605926e-06 0.07371419 1.8610756e-06 2.001776e-07 4.579466e-06 1.1718502e-09 0.0016863632 6.425931e-05 6.0080345e-09 0.026662342 2.8942448e-09 1.0295675e-07 9.347711e-09 8.616658e-07 1.5928492e-08 1.2669684e-05 0.1283253 1.1047033e-06 6.6476074e-05 5.3213853e-06 4.2631635e-07 5.586576e-09 0.00066376576 2.7100757e-08 1.4302977e-09 2.8677166e-08 0.0051267226 2.6669391e-09 0.05227135 2.796823e-08 0.100237384 5.9304446e-09 3.4194464e-08 1.4834953e-05 0.0027886212 1.6256601e-08 0.0659744 0.00075667026
0.9692813 0.13502614 0.14834453 0.17250907 0.045865588 0.8472277 0.059362423 0.05969076 0.66519034 0.84849375 0.012887934 0.010446841 0.002758063 0.115496814 0.0026693672 0.026636252 0.0014671849 0.001019201 0.00046696325 0.00060261 0.00055614125 0.0011974889 0.0011288716 0.0004909556 0.8843777 0.00038753985 0.00078712025 0.007866254 3.181992e-14 0.00057586073 0.0003261089 0.010047247 0.00050189823 8.938093e-05 0.025527291 0.00010832434 0.0012199199 0.05479649 5.9433147e-05 7.310736e-05 0.001985866 0.00029409013 5.1680603e-05 9.869047e-05 0.009591466 0.00011977337 2.5767225e-05 0.00050203566 0.00014588678 6.659428e-05 3.5110763e-05 0.00025220105 0.007996918 0.13905066 4.0011473e-06 0.5934582 0.031140475 0.0019878054 6.7864414e-07 0.056703936 0.0027166347 7.739753e-05 0.87959665 1.9574893e-05 1.254982e-06 0.11608561 2.2662876e-07 0.002660886 3.4373309e-06 2.6368355e-06 0.053686053 3.1901223e-07 0.63933897 1.5452884e-05 1.7319982e-05 4.0485415e-05 0.028764823 5.8625687e-06 1.7049751e-05 0.26174283 0.0060927337 0.009632468 0.0002332881 0.0113888 2.9262667e-06 0.021699673 3.570041e-08 3.165348e-07 6.13686e-07 0.14466403 8.04337e-08 0.43654805 0.00026574254 0.15747 6.487455e-07 9.650613e-05 8.44857e-07 0.0010715642 2.495594e-06 0.007824415 0.06496078
0.9695603 0.12088426 0.0030181634 0.0052563287 0.18616198 0.0002080388 0.0008578777 0.3839998 0.08570273 0.000463579 0.0014921249 7.418771e-05 0.8078529 0.18705386 0.009202583 0.00023475615 0.5908888 0.4972288 0.012983367 0.039305903 0.15398481 0.03166446 0.9051835 0.003275709 0.0003200033 0.80249596 0.022272727 4.4253728e-05 0.00057586073 9.6625826e-15 0.9492914 5.5285996e-05 0.0010919446 0.043791465 0.0001113408 0.751405 7.4816817e-06 1.5967606e-05 0.043005843 0.008562365 0.00032630702 0.8903168 0.66800773 0.86702603 1.0483331e-07 0.001165884 0.0047256458 0.0013241335 0.04716526 0.32666272 0.74450254 0.0024216054 2.0358948e-06 0.00041975203 0.014391179 0.000502845 0.0009808139 5.876398e-05 0.10537355 0.0013732249 0.002255289 0.00026308876 0.0015315027 0.19610935 4.591577e-05 1.2377807e-05 0.74532634 1.2204632e-05 8.859706e-06 0.0012334833 0.008922232 1.1519783e-05 0.070833765 0.008143289 0.08937501 5.6792437e-08 8.614111e-05 0.0036525212 0.0037354156 0.015895966 1.3304415e-06 6.119724e-05 3.4605885e-06 3.7019781e-06 3.7745664e-05 0.022835303 0.0026720415 0.0025365711 0.00040551688 0.1298949 1.7008357e-05 0.0006868803 1.4244527e-07 3.5018234e-05 0.0007519225 1.678558e-07 5.8690745e-08 5.7106245e-08 3.2361254e-07 2.185189e-05 0.009105385
0.8111236 0.031303756 0.0012390434 0.0062805344 0.2092826 0.0023318022 0.0005798663 0.6417811 0.027456438 0.00021809597 0.0006238962 1.8887642e-05 0.38625064 0.044059653 0.015180116 0.004391247 0.7927066 0.4818948 0.0055792886 0.017252697 0.22081622 0.07817999 0.7607898 0.028449344 0.00076830864 0.9740315 0.0705341 0.0022365157 0.0003261089 0.9492914 2.7630575e-16 0.0011934176 0.0015344215 0.0076570865 0.0018005356 0.41746688 0.000494656 2.0902057e-06 0.011808775 0.11184758 0.008097818 0.76731205 0.53740156 0.81791854 2.8556158e-08 0.009128008 0.001597808 0.0003666794 0.005891886 0.09608817 0.48682618 0.0009680983 0.00013462605 0.0036274167 0.059684113 0.00016240396 0.0054131914 0.0002559277 0.004395868 0.0017539227 0.010799717 0.0005868406 0.0020631256 0.016748397 0.0005393579 9.157889e-06 0.21120642 1.2667298e-06 1.8929865e-06 0.002437491 0.0065395166 3.7166598e-07 0.021165442 8.383079e-05 0.0025898155 2.0259925e-09 0.00022931937 0.00066479016 0.0058655557 0.008635258 2.2832035e-06 9.637328e-06 1.1551384e-06 8.076268e-08 5.637192e-06 0.0059254733 0.0020043706 5.6968793e-06 0.00028250672 0.032816164 2.3389545e-07 0.002290205 2.5418327e-09 0.00057468144 1.0898908e-06 1.6230793e-08 6.706862e-08 2.8005088e-06 1.950447e-07 3.708549e-05 0.00288928
