3.822123e-13 0.7640413 0.5954165 0.7353786 0.563223 0.47163314 0.39532322 0.8427366 0.87112546 0.2160391 0.94020206 0.79874295 0.68204683 0.7222234 0.14932464 0.98420143 0.95706844 0.863776 0.99112195 0.9791759 0.9604648 0.9865286 0.9838822 0.9963864 0.9469688 0.9819498 0.9715085 0.89933044 0.93728507 0.9705589 0.87830657 0.96318644 0.96293944 0.95637745 0.97180325 0.97860193 0.96228474 0.99377996 0.9837683 0.8179591 0.9208289 0.99961406 0.9182369 0.97320884 0.9905958 0.9527175 0.9535547 0.9476518 0.83778787 0.9888702 0.7360314 0.999309 0.9921375 0.98541933 0.94555575 0.928674 0.98394775 0.26096177 0.9862641 0.9810771 0.8906966 0.9362039 0.042175885 0.9984322 0.9578856 0.9565883 0.99956787 0.79562134 0.8259607 0.97942865 0.9799551 0.95625937 0.9564477 0.9878583 0.85608864 0.9999609 0.9139095 0.90035814 0.9751381 0.0063163494 0.9694663 0.9998482 0.9939519 0.9847094 0.7828514 0.97327983 0.43430766 0.8496978 0.56064624 0.7466569 0.8996231 0.84404635 0.9218379 0.7667978 0.99912494 0.8152705 0.92191625 0.9608971 0.74946123 0.480966 0.99224865
0.7640413 1.3761211e-12 0.97097296 0.94686097 0.58122003 0.82353234 0.49594194 0.71635413 0.83439857 0.27510384 0.9890649 0.014972495 0.0001147387 4.722073e-06 0.00018674441 0.5232613 0.24450774 0.04262699 0.16262066 6.452053e-05 0.0009567274 0.14509466 3.715062e-05 0.73556936 0.0012202964 7.938688e-05 0.0062729716 0.009102516 0.0008052496 0.0003797463 0.0001455985 0.0023407834 3.9382387e-05 0.0005000646 9.218983e-06 0.013342739 7.709233e-07 0.021536184 4.3429227e-06 0.001413396 0.0009911713 0.00037680066 1.1191551e-05 0.00020841925 0.0006963317 0.00017087754 4.4562953e-06 3.6028691e-06 0.00014825046 0.002460368 0.000797814 0.839376 2.4382834e-06 1.9829504e-07 1.6992419e-05 4.3667635e-05 6.725796e-08 1.83514e-05 0.00023998864 0.0024476983 3.0441144e-05 1.496978e-05 1.1135167e-07 0.008984075 2.0198498e-09 4.4974377e-07 0.00022112629 1.5563488e-06 1.3168286e-08 0.00032788637 1.1687296e-05 1.3853922e-07 1.3252697e-08 0.00017614094 5.437913e-06 0.021562366 5.2765676e-09 2.1100013e-06 1.4609748e-07 1.7187732e-11 6.749786e-07 0.0052057137 9.929106e-07 0.00020024207 1.8524423e-07 2.597417e-11 1.9923342e-10 1.886629e-07 2.6488926e-12 2.2720492e-08 3.8429224e-08 2.6363813e-07 6.585503e-11 1.7062226e-09 4.326715e-05 4.1085232e-10 7.0996302e-06 4.316896e-06 1.881014e-06 2.0221037e-10 7.497463e-07
0.5954165 0.97097296 1.0443355e-11 0.7278474 0.9056594 0.98184854 0.9326802 0.5961309 0.8499923 0.85948956 0.6374591 0.0029897518 0.0005856654 5.254431e-06 0.0006086912 0.41001365 0.037021462 0.00084500294 0.0053057526 3.410025e-06 0.00019858185 0.12715776 1.5017374e-06 0.39057735 5.4892726e-06 1.7031112e-05 0.0008327561 4.646189e-05 2.19052e-05 1.50570195e-05 2.708151e-06 0.00034780515 1.0101115e-05 1.6665854e-05 7.717712e-06 0.0050401143 7.9168683e-07 0.00086351595 1.8529573e-06 2.0037157e-06 7.2966277e-06 1.0052104e-05 5.6363615e-07 8.435311e-05 3.732449e-05 1.3084085e-05 6.91822e-07 5.5526702e-06 1.5234585e-06 0.0008799567 2.0824718e-06 0.59537596 4.5582658e-07 1.1807714e-08 1.626476e-06 2.5798981e-06 9.7420795e-08 2.517856e-07 1.7740911e-05 0.00020060888 1.230916e-06 8.477412e-06 1.5896791e-10 0.0009498526 7.564201e-10 2.138688e-08 0.000120847886 8.918534e-07 6.211781e-09 1.0572659e-05 9.785631e-06 7.855562e-08 9.7754125e-09 3.8393016e-05 3.688859e-07 0.0042304173 6.553485e-08 1.7187662e-06 9.34821e-09 8.028241e-12 3.517813e-07 0.00022553685 3.094353e-07 9.523151e-06 3.6751764e-08 7.667987e-11 2.2892414e-11 1.276039e-08 7.51033e-11 4.3589143e-08 2.6078193e-09 2.2610052e-07 9.297295e-10 3.5581427e-09 1.3749165e-07 3.8279855e-11 1.988274e-08 5.952883e-07 6.568631e-07 3.9277973e-10 6.9434265e-08
0.7353786 0.94686097 0.7278474 4.178946e-12 0.9918102 0.024779622 0.9846539 0.0016538248 0.041476674 0.001589311 0.83017874 6.1299897e-06 7.1729e-08 7.3073444e-08 2.025637e-07 0.008720928 0.009865364 0.5969525 0.57812005 0.005905787 3.427159e-05 0.003971147 0.004219641 0.9273087 0.030660367 5.8684725e-07 0.00045539366 0.47400615 0.054937325 0.004158814 0.0022181852 0.00070946524 0.011710349 0.0043837363 9.738584e-05 0.0040584807 0.0001363341 0.0058856914 5.246357e-07 0.13873358 0.030830255 0.0014989666 8.664699e-05 0.00016140605 0.0033455817 0.007943881 2.6326985e-05 7.95647e-07 6.3535945e-06 0.0015779515 2.7239033e-05 0.6392249 0.0034646522 1.0442989e-05 0.0011307368 8.420767e-06 1.0894819e-05 0.004089748 0.0001361709 0.0032818094 8.008575e-06 5.1761713e-06 2.945476e-08 0.0091349445 4.2092432e-07 4.0315237e-05 9.473869e-05 0.004829112 5.31369e-07 0.000928013 2.7873399e-05 3.957687e-06 2.6039479e-05 4.5408415e-05 5.9761766e-07 0.008346173 1.4887866e-06 1.8729115e-05 9.467723e-06 3.7524764e-08 1.2559739e-05 0.006591194 1.2065971e-06 0.0011826655 3.0432045e-06 3.6811628e-07 2.2898956e-08 2.1753985e-06 7.608917e-09 1.4966545e-08 2.0333614e-07 1.9938503e-05 1.441896e-08 3.1514695e-08 1.633919e-05 8.450427e-10 3.2483067e-06 8.001444e-08 5.916367e-07 1.647432e-08 3.344733e-06
0.563223 0.58122003 0.9056594 0.9918102 1.4906389e-14 0.014423151 0.9999269 0.00016378732 0.0010836419 0.0010051276 0.6122662 8.643472e-09 1.0899915e-08 4.996374e-09 7.643774e-08 0.038639907 0.0018402674 0.015991868 0.011263338 5.925176e-05 0.0003857864 0.0045485394 5.598094e-06 0.7349326 2.8522833e-05 1.6781987e-06 6.289747e-07 0.08390821 0.0012604059 2.137204e-06 2.6327495e-08 4.792838e-07 1.6388748e-06 2.5347317e-06 4.7145736e-09 0.00032921773 1.3630255e-09 0.00037987833 1.4476396e-07 0.030556507 0.00077686534 2.9729115e-05 7.0123873e-10 5.8184133e-07 2.5854854e-07 4.02871e-05 1.0277889e-09 9.2367586e-10 3.1957356e-08 1.2807971e-05 2.50738e-05 0.4761057 3.0139002e-08 1.0839528e-05 7.806984e-07 8.907296e-11 1.5347226e-09 3.990978e-05 3.2544006e-11 1.0826681e-06 1.2713934e-09 1.9897367e-10 8.382447e-09 2.0808639e-06 5.9744416e-08 9.6571855e-11 0.001038248 1.8583034e-06 7.751385e-13 6.854958e-08 9.399621e-11 4.772814e-09 1.1553491e-09 1.6183151e-07 3.9897963e-10 0.0015491337 3.080157e-12 2.577e-09 3.0734085e-08 2.1266992e-13 6.515412e-11 1.9842482e-05 9.207472e-06 1.9103575e-07 4.9089e-10 2.783672e-12 1.2323917e-13 1.4945842e-07 2.7412493e-14 1.9691256e-11 1.5759676e-09 3.932059e-08 2.1138006e-11 1.9604744e-09 6.7292476e-08 3.1834533e-15 8.123e-12 9.6491855e-09 6.8333345e-10 1.08093246e-14 2.0193143e-09
0.47163314 0.82353234 0.98184854 0.024779622 0.014423151 2.0586297e-14 0.030180665 0.96591073 0.7207658 0.99211496 0.57810926 0.038212698 0.021836927 0.00013872942 0.049669717 0.60960704 0.25895393 0.00047103383 0.008524406 1.3245545e-06 0.0019408562 0.34432316 1.1329666e-06 0.02295501 8.650943e-07 0.00096272293 0.025315003 3.5694608e-05 2.1466976e-05 1.2440625e-05 6.693744e-06 0.008382952 6.881972e-08 5.1924355e-05 6.132686e-08 0.019939201 1.5138174e-06 0.00524577 8.85996e-06 5.5577825e-06 5.5630276e-06 2.1885258e-05 3.9049348e-07 0.00089413754 0.00013872598 9.989733e-07 4.399305e-07 7.2364205e-06 1.1647725e-06 0.0023081452 5.7783836e-05 0.15468916 2.878968e-08 9.226906e-08 2.4382754e-07 9.496823e-06 3.7774863e-09 2.4985266e-07 9.858779e-06 0.00019964733 5.666795e-06 1.6384324e-06 2.5942521e-08 0.0019673307 1.0133808e-08 1.1114007e-06 4.2369436e-05 9.682154e-08 3.9369725e-09 8.307111e-06 3.2069036e-06 7.6617596e-07 9.06623e-09 3.8251364e-05 4.1276715e-07 0.006199292 1.285122e-09 4.7793094e-07 2.4427706e-08 1.8851243e-10 4.5651043e-07 0.0008158209 3.448613e-06 1.836609e-05 5.195651e-10 1.4249064e-09 3.1908354e-10 1.5630549e-07 1.3089935e-11 2.4640201e-08 2.2526446e-08 1.975078e-09 7.867591e-11 3.7896393e-09 3.7813667e-08 9.378194e-13 1.3039988e-07 4.863534e-09 1.4383623e-06 4.4256338e-11 2.2099679e-08
0.39532322 0.49594194 0.9326802 0.9846539 0.9999269 0.030180665 6.9145414e-14 0.000476198 0.00046556126 0.003954107 0.61310023 1.6891944e-08 4.5817416e-08 5.6009157e-09 5.214055e-07 0.012268004 0.0006488858 0.060680777 0.015408157 0.0003242723 0.000381689 0.0015715134 5.9948943e-05 0.6809426 0.00017020665 2.8447e-06 1.1278944e-06 0.4909691 0.009258495 9.512631e-06 2.260781e-07 2.493604e-07 0.00011959304 1.4580158e-05 1.1188917e-08 7.062008e-05 1.2794876e-08 0.00016009025 1.01110885e-07 0.27624425 0.006065375 9.19963e-05 1.8353027e-09 8.6250105e-07 8.725115e-07 0.00080785574 9.562981e-09 6.968894e-10 1.6500358e-08 6.4853434e-06 6.8268278e-06 0.32138014 1.0859342e-05 2.261219e-05 7.908383e-06 1.8623873e-10 5.986313e-09 0.00034680503 3.44071e-11 3.6260988e-06 2.549159e-09 6.88035e-10 2.4828909e-08 3.4073366e-06 1.8517623e-07 6.4535505e-10 0.0009826293 8.965112e-05 7.2320804e-12 3.7261358e-07 1.2480438e-10 3.338706e-08 2.5329628e-08 8.279485e-08 9.341021e-10 0.0013625657 1.0891088e-11 4.3929718e-10 2.1131238e-07 1.2865131e-12 2.792268e-10 5.7420722e-05 7.3006927e-06 2.371421e-07 2.88911e-09 1.5767748e-11 2.2617628e-12 2.0069831e-07 1.6633916e-13 4.3926928e-11 3.2631786e-10 9.746676e-07 2.923793e-11 3.1692926e-09 5.6526805e-08 1.3258725e-14 1.4508201e-12 1.0893015e-08 2.0004498e-09 3.5797598e-14 8.312964e-09
0.8427366 0.71635413 0.5961309 0.0016538248 0.00016378732 0.96591073 0.000476198 6.1232605e-13 0.8435133 0.9974776 0.40602785 0.38545808 0.40482154 0.0043697804 0.80239785 0.8920446 0.5659296 1.7166325e-05 0.0008172752 8.65679e-08 0.061373264 0.7331306 2.5907303e-07 0.0025623397 7.141096e-07 0.016200278 0.21202613 1.095564e-06 1.7813124e-06 1.1583795e-06 1.800295e-06 0.04060825 5.7812137e-08 9.3876415e-06 9.453629e-08 0.1104803 6.4043394e-07 0.015350575 0.0001856364 7.4994085e-07 7.943831e-07 1.5274134e-05 1.14966134e-07 0.0029710892 2.2543545e-05 1.1294299e-07 2.7107853e-07 0.00013902715 4.9438095e-05 0.022492645 0.0011647238 0.0888512 3.24556e-08 5.587251e-08 5.4094233e-08 2.3573017e-05 2.5862326e-09 1.0540969e-08 0.00017185402 0.00014466992 1.6892436e-05 5.1518036e-06 7.767722e-06 0.0017749307 8.985778e-10 5.237179e-07 0.00027429318 1.2806798e-07 1.6657764e-09 2.445183e-06 5.320289e-06 3.0713093e-07 3.1285e-09 0.00015118149 5.037562e-06 0.044679873 2.4314042e-09 7.4099285e-06 1.7742932e-08 8.880994e-09 6.7898924e-07 0.0011467773 1.5832651e-05 2.3020182e-05 5.212446e-10 1.1517519e-09 4.783465e-10 8.454454e-07 7.029736e-12 1.974099e-07 7.936118e-08 1.5303314e-10 1.3809158e-10 1.1175502e-08 5.962915e-06 4.122366e-12 3.2221337e-06 1.2275018e-07 6.4623887e-06 1.1701788e-10 6.077157e-07
0.87112546 0.83439857 0.8499923 0.041476674 0.0010836419 0.7207658 0.00046556126 0.8435133 3.9879108e-13 0.3265253 0.57686573 0.96552 0.6212632 0.34649226 0.099454775 0.9705777 0.9529248 0.0033966566 0.06929942 3.1629897e-06 0.2669629 0.7917729 1.0998918e-06 0.012969483 0.0004396338 0.088519365 0.4552857 1.0895307e-05 1.4828191e-05 0.00062474044 7.026812e-05 0.057821907 2.2021342e-05 4.918026e-05 5.5171335e-05 0.09240609 2.7176668e-06 0.09242358 0.0014765882 1.1030004e-07 1.3634234e-07 4.582968e-05 3.8602364e-05 0.0069552343 0.000846445 4.8090533e-06 1.8380477e-05 0.00114593 0.024230193 0.013696177 0.000963623 0.11812459 3.082032e-08 5.3961305e-08 1.2702919e-05 0.0023111044 4.0902216e-07 8.242515e-09 0.0018875218 0.0008998892 0.0023250827 0.001287321 1.2014213e-07 0.0034381691 9.495128e-10 1.5186897e-05 0.00035387152 1.1972928e-08 6.020128e-08 0.00015504233 0.0008618088 3.7110697e-06 1.8474231e-09 0.0006085991 0.0017617295 0.028229134 2.0898748e-08 0.00058208057 8.769248e-08 1.1620767e-09 4.0304258e-06 0.002464462 9.752064e-06 0.00022195766 3.9424826e-08 2.4660582e-10 8.6850954e-10 5.037968e-07 1.359193e-10 3.2541153e-05 6.101184e-08 3.6774327e-07 6.7394523e-10 8.300372e-08 2.5851848e-05 1.8800335e-09 7.420915e-05 0.0005565142 4.1012113e-06 4.054662e-09 1.3866679e-07
0.2160391 0.27510384 0.85948956 0.001589311 0.0010051276 0.99211496 0.003954107 0.9974776 0.3265253 2.1355166e-12 0.09968017 0.11977238 0.06890312 0.0009668859 0.9129006 0.3527231 0.049904887 1.39415315e-05 9.801569e-05 2.0961035e-07 0.00865328 0.15183608 2.813947e-07 0.0033208588 2.869659e-08 0.0018872356 0.008582415 4.029248e-07 1.804576e-05 8.27317e-08 1.5822475e-07 0.00333575 2.8785509e-08 2.9010807e-06 2.8531533e-09 0.009808667 5.704169e-08 0.00049886614 1.4448045e-06 2.142805e-07 1.5926216e-06 2.5299792e-06 3.0654522e-08 0.00019436095 5.6779413e-07 2.6738664e-07 3.832945e-08 2.0954882e-05 1.3776669e-06 0.0011304257 0.0005887409 0.028522009 5.9890226e-08 1.5132912e-07 1.9835527e-06 5.240876e-07 1.9185917e-09 6.763105e-07 5.970409e-08 6.802509e-06 1.3700637e-06 7.011201e-07 9.564134e-08 1.3522535e-05 1.0395461e-07 5.815728e-09 0.00022237908 1.3468921e-08 1.8336965e-09 2.0185018e-07 5.1275384e-07 4.270433e-08 2.5554732e-09 1.5613536e-05 2.270974e-07 0.0021455565 8.1452706e-10 9.080293e-07 4.0462327e-09 1.4166181e-11 2.5172005e-07 1.8398945e-05 1.0827564e-05 1.0073671e-06 5.563969e-09 3.3964773e-10 1.0809754e-11 4.8773575e-07 6.7461336e-12 2.1452289e-08 3.207619e-08 9.553245e-09 2.9642352e-10 1.1046125e-08 1.6794056e-08 1.8889953e-12 5.8510317e-09 1.9616573e-08 3.5000087e-06 3.6006083e-12 4.246447e-08
0.94020206 0.9890649 0.6374591 0.83017874 0.6122662 0.57810926 0.61310023 0.40602785 0.57686573 0.09968017 1.6230855e-08 0.021749387 0.005794804 0.0005222192 0.000804522 0.5649776 0.37210914 0.18500403 0.58758 0.0033926857 0.0013126704 0.22593264 0.0024288322 0.93426836 0.016683506 0.00028292678 0.016085722 0.18390203 0.020897128 0.0054751104 0.0016764344 0.012533907 0.0055742147 0.0011969231 0.00024128686 0.08286185 2.7974938e-05 0.19038358 1.7582533e-05 0.04108799 0.02509325 0.0041903006 0.00021060652 0.0006545166 0.016234357 0.0066252532 3.3451106e-05 0.00015525376 0.00038958032 0.016875112 0.0056525622 0.9837926 0.0017265247 7.482895e-06 0.00056316395 9.94149e-05 1.4307495e-05 0.0008580115 0.0012075785 0.017193476 3.4566983e-05 0.00026869637 2.609474e-05 0.048073076 4.8316406e-07 6.78797e-05 0.000398934 0.00040982204 3.0402541e-06 0.0026654776 0.0003432676 7.25265e-06 2.5327276e-05 0.0003853854 8.201163e-05 0.08525702 5.0465655e-07 3.4913894e-05 8.044951e-06 1.5749498e-08 0.0001849573 0.031070042 0.00011295554 0.004420232 4.7291664e-06 5.5980244e-08 3.8228129e-07 1.2410159e-05 6.25717e-09 9.788412e-06 3.841948e-06 8.246727e-06 5.0403077e-09 2.2370486e-06 0.001254483 4.769147e-07 0.0008789364 5.1020834e-06 6.517781e-05 2.3111427e-07 0.00020442744
0.79874295 0.014972495 0.0029897518 6.1299897e-06 8.643472e-09 0.038212698 1.6891944e-08 0.38545808 0.96552 0.11977238 0.021749387 1.714834e-11 0.99875945 0.68629 0.9193119 0.85958 0.6463192 4.2982396e-05 0.00032435736 1.3299339e-08 0.51485914 0.74084014 5.474281e-09 0.00073878857 2.0017912e-07 0.08776253 0.34750086 9.574228e-08 1.1367687e-06 2.6250977e-06 3.2270568e-06 0.047187284 1.1647808e-07 1.771714e-05 3.8218434e-07 0.11683728 2.8408382e-07 0.013886338 0.0016745122 1.3420673e-06 2.7583494e-07 2.614396e-05 2.886937e-07 0.007760608 7.9689766e-05 2.1964271e-07 9.740686e-08 0.008183077 0.0036376256 0.021194011 0.100941025 0.023723103 4.3325867e-09 2.7657736e-08 3.9380186e-08 0.00014790038 1.2192108e-08 6.706488e-09 0.0007342356 0.00011012489 0.00024151546 1.4983734e-05 0.00039739578 0.0020601214 6.923381e-11 1.9718383e-08 0.00037717112 6.416465e-08 9.7972706e-09 1.7111088e-06 6.336606e-05 3.0170793e-09 2.558287e-09 0.00029237007 5.4093183e-05 0.020448878 1.5177774e-07 0.0002754873 1.0417465e-09 8.637802e-07 3.9113752e-07 0.0018487689 4.642743e-05 1.0203715e-05 4.8808095e-09 1.6504087e-10 1.0153236e-11 1.3552228e-05 2.7007973e-12 1.7115945e-05 2.4314065e-07 1.3997362e-09 2.2251162e-10 2.4350811e-08 2.3954685e-06 6.555718e-13 1.7500168e-06 3.225265e-07 0.00047856724 4.3738065e-11 1.3389057e-08
0.68204683 0.0001147387 0.0005856654 7.1729e-08 1.0899915e-08 0.021836927 4.5817416e-08 0.40482154 0.6212632 0.06890312 0.005794804 0.99875945 2.4472134e-13 0.9471653 0.9765331 0.65211934 0.20181128 8.869301e-08 6.5076097e-06 7.449599e-10 0.45671406 0.5063059 7.1296496e-11 0.00019664734 2.776127e-08 0.059311967 0.0967359 1.4805673e-08 3.0278224e-07 7.508672e-10 1.5368581e-09 0.01448467 4.9659736e-08 5.5983982e-08 2.131788e-09 0.039879788 4.734549e-10 0.0011288367 7.159802e-05 2.2405449e-07 1.2557671e-08 8.5982055e-07 4.489863e-10 0.00068502576 3.680213e-08 7.0387394e-08 3.8659734e-10 0.0033555448 0.0009836198 0.0021975632 0.16141874 0.007912356 1.902391e-09 9.499353e-09 8.433299e-09 1.8180263e-08 1.9709312e-09 6.608857e-11 4.1700368e-08 3.2603344e-07 8.662584e-07 9.277589e-08 0.00016185829 8.803222e-07 1.4788526e-10 4.0032613e-12 0.0002299288 4.371505e-11 4.2413555e-12 1.7474319e-08 3.483572e-08 3.9559977e-11 2.853801e-09 1.9286808e-06 4.3902938e-07 0.0030511497 5.886971e-11 1.504877e-06 1.3582342e-10 4.1815458e-08 1.5685464e-08 1.0749021e-05 4.048136e-05 3.537998e-08 1.7009902e-10 1.4111807e-12 9.047254e-15 4.110701e-07 2.0904943e-14 1.8270634e-07 4.1396513e-09 5.1329657e-10 1.8576219e-11 1.3176163e-10 6.3969834e-09 3.802412e-16 9.2228454e-11 2.2530786e-08 3.338073e-06 7.588039e-15 1.6713172e-09
0.7222234 4.722073e-06 5.254431e-06 7.3073444e-08 4.996374e-09 0.00013872942 5.6009157e-09 0.0043697804 0.34649226 0.0009668859 0.0005222192 0.68629 0.9471653 4.5593236e-14 0.999595 0.24246834 0.29789186 1.7081088e-06 1.4974677e-05 1.3672513e-09 0.92570615 0.47843528 3.1845444e-09 3.225299e-05 3.866044e-08 0.5559203 0.37686872 2.193206e-07 2.5925172e-07 6.4997425e-07 6.6263397e-07 0.057745103 6.943638e-08 1.610245e-07 3.52237e-08 0.05262298 2.7866045e-08 0.0033224786 0.034812994 7.146935e-07 1.3692747e-08 1.5760979e-06 2.6196022e-07 0.016277106 7.0010253e-07 1.387169e-07 3.41183e-08 0.44722694 0.38792324 0.016514923 0.6456357 0.002473892 1.3678095e-09 4.6995016e-08 8.086314e-09 0.0008635053 1.3489437e-08 9.634731e-09 0.0013073084 2.7502606e-06 0.0018210354 5.1704437e-06 0.010850518 4.957745e-06 1.4561368e-09 5.8066643e-08 0.00061457773 3.0576317e-09 4.542227e-09 1.7993192e-07 5.980792e-06 1.7551478e-08 1.3723495e-08 0.0009614851 0.0024436552 0.0055274665 1.3221541e-08 0.0023915234 1.4853466e-09 0.00048996543 2.5197755e-07 7.669927e-05 0.0023478952 1.3969686e-06 6.5379626e-09 1.5993816e-09 1.1327868e-09 0.0038824491 3.3737791e-12 0.0036162427 2.7218e-05 8.265406e-09 1.7591956e-09 8.597717e-06 2.292989e-05 9.227221e-12 9.4473035e-06 0.00012629518 0.003650801 6.9672057e-10 1.6153214e-06
0.14932464 0.00018674441 0.0006086912 2.025637e-07 7.643774e-08 0.049669717 5.214055e-07 0.80239785 0.099454775 0.9129006 0.000804522 0.9193119 0.9765331 0.999595 6.923654e-16 0.0579755 0.008511932 5.089901e-07 1.3928296e-05 4.6099675e-08 0.3331524 0.055357486 1.1549709e-08 0.000107932894 7.171422e-08 0.022995902 0.0053330148 1.314023e-07 2.1018916e-06 8.5552254e-10 2.5890542e-10 0.0010711595 8.001673e-08 1.6398164e-07 3.4820868e-10 0.0015605862 7.2271335e-11 2.8066144e-05 6.200436e-05 1.8732443e-08 4.5106887e-09 5.9057606e-06 1.8192557e-10 3.6744812e-05 7.123605e-10 1.1496833e-07 3.055527e-09 0.070523456 0.0020247353 0.00012618658 0.8081564 0.0006923422 2.716796e-10 1.6426152e-07 1.5885222e-07 9.737037e-10 1.8746875e-09 2.2092199e-10 1.460079e-11 1.3497107e-08 1.3118894e-07 2.5417017e-09 0.025053144 1.237943e-08 4.793958e-07 5.6966983e-12 0.00028691505 6.883245e-12 9.363108e-13 1.5905867e-09 1.5297383e-11 3.4416355e-11 3.304258e-10 3.9411538e-07 5.411521e-05 0.00016596218 3.2819444e-12 7.406378e-07 2.2456412e-10 3.5502424e-05 3.3188885e-09 2.1443475e-06 0.00029827902 1.7617342e-09 2.2715876e-10 1.1322407e-12 2.7205017e-15 1.0900098e-05 4.6264054e-15 7.000425e-05 2.9805946e-08 5.536418e-11 3.54299e-11 7.5434905e-08 1.0370459e-09 5.8116265e-16 2.6309482e-11 4.4346308e-08 0.0007756905 1.4519522e-16 4.79066e-10
0.98420143 0.5232613 0.41001365 0.008720928 0.038639907 0.60960704 0.012268004 0.8920446 0.9705777 0.3527231 0.5649776 0.85958 0.65211934 0.24246834 0.0579755 5.6687807e-11 0.95925707 0.007973652 0.08359537 5.1014194e-05 0.039820485 0.8877905 5.7145307e-06 0.007224461 0.00045013148 0.038713243 0.25448376 0.005571722 0.00034296917 0.002894738 0.00032173775 0.049839027 0.00040376396 3.9487237e-05 7.047798e-05 0.18943352 1.172402e-06 0.30127186 0.00030304556 0.00017781062 0.00017025745 0.00014414011 4.2111424e-05 0.0007411456 0.0024390535 0.00043176452 1.3169405e-06 0.005446275 0.003458756 0.008921024 0.0055830968 0.3304684 2.2852151e-05 9.90141e-07 0.000139291 0.00044661365 1.12970565e-05 3.7752304e-06 0.00023982092 0.00036169068 0.00010061834 0.00044150115 9.3780975e-05 0.0023861935 1.7378566e-07 5.866551e-06 0.00013851513 4.31597e-06 9.2348465e-08 6.44747e-05 4.555928e-05 3.549204e-08 2.8839613e-06 8.231287e-06 0.0008901175 0.028846495 2.938598e-07 0.0002239903 1.3289305e-07 2.8575912e-06 8.01627e-06 0.003822203 0.0004195675 7.416012e-05 7.150235e-07 1.635793e-07 8.105044e-09 9.382467e-06 9.98275e-09 0.00041905843 6.249883e-07 1.1369601e-07 3.8002484e-10 2.2914119e-06 2.3822402e-05 1.3764897e-07 9.575709e-06 2.1288108e-06 0.00011460595 1.0834024e-08 1.942983e-06
0.95706844 0.24450774 0.037021462 0.009865364 0.0018402674 0.25895393 0.0006488858 0.5659296 0.9529248 0.049904887 0.37210914 0.6463192 0.20181128 0.29789186 0.008511932 0.95925707 3.8875334e-11 0.019441951 0.087751895 1.9595605e-05 0.25141764 0.9899236 7.314331e-06 0.006866757 0.0027182426 0.28350633 0.923662 0.0014327493 0.0002675314 0.0026868125 0.0005095371 0.38708934 3.0756062e-05 0.00023808744 0.00024426988 0.5748887 7.797158e-06 0.8046358 0.04972613 4.534445e-05 3.8463342e-05 0.000106147745 0.0002704337 0.0135691585 0.0035371012 8.9205074e-05 2.3792842e-05 0.02451683 0.29230443 0.04272967 0.087304085 0.24698363 2.1187911e-06 9.0384034e-08 0.00014705159 0.008905366 2.6270288e-06 9.85913e-09 0.004819597 0.0023083817 0.03947293 0.0040658065 8.0690355e-05 0.014815979 1.8639316e-08 8.678299e-06 0.0004358711 7.706395e-09 8.486859e-08 0.00070177607 0.0021299594 4.7374064e-07 3.2147562e-07 0.00023226405 0.05293175 0.10668078 2.2751252e-07 0.028865928 1.0147775e-06 7.36968e-06 7.410618e-05 0.020217031 0.004666374 0.0019267343 2.5654861e-08 3.1554674e-09 2.0808756e-10 0.0004750013 1.309518e-11 0.0107672345 0.00014653655 1.0431447e-08 2.2391444e-10 4.915168e-06 0.00037040317 3.0026445e-07 0.0014877632 0.00057960424 0.0008261301 2.4411113e-07 6.2060763e-06
0.863776 0.04262699 0.00084500294 0.5969525 0.015991868 0.00047103383 0.060680777 1.7166325e-05 0.0033966566 1.39415315e-05 0.18500403 4.2982396e-05 8.869301e-08 1.7081088e-06 5.089901e-07 0.007973652 0.019441951 1.708264e-13 0.925423 0.97959447 2.7605653e-05 0.0054713753 0.9093284 0.528688 0.86456585 1.4880847e-05 0.002525736 0.93312955 0.9454412 0.061156016 0.03331368 0.0034919675 0.5652092 0.057771295 0.0072981487 0.013084611 0.010843339 0.03846231 1.8575346e-06 0.10161418 0.13832152 0.7516401 0.0038645389 0.00055947294 0.0151333045 0.13187228 0.0017768105 3.0452513e-06 1.3299183e-05 0.004928046 4.16433e-06 0.018267475 0.017773073 0.00023995525 0.11121107 6.537421e-05 0.023367092 0.01105139 0.00020774001 0.0048194393 1.7210257e-05 3.7181104e-05 1.7858966e-06 0.008043329 0.00022952963 0.003039773 8.940701e-05 0.016501928 0.0053404123 0.0011839429 6.0922746e-05 0.00043760147 0.0121220015 1.0857706e-05 6.9516027e-06 0.037466343 0.006654851 4.4191675e-06 0.00027702432 6.578068e-08 0.0002275732 0.002576074 2.450687e-07 0.002237084 0.0018812383 4.7847843e-06 9.249523e-06 2.8632078e-08 4.2390093e-05 2.0289315e-09 9.5801e-10 0.03221669 2.0927728e-06 2.2096676e-09 0.00021545251 3.725592e-07 0.00019025753 3.8000587e-07 2.8025835e-07 2.0182691e-07 7.4861146e-06
0.99112195 0.16262066 0.0053057526 0.57812005 0.011263338 0.008524406 0.015408157 0.0008172752 0.06929942 9.801569e-05 0.58758 0.00032435736 6.5076097e-06 1.4974677e-05 1.3928296e-05 0.08359537 0.087751895 0.925423 8.822358e-09 0.88887167 0.00016279735 0.019400952 0.5391876 0.85478514 0.92658114 8.895685e-05 0.01420915 0.33385023 0.41865245 0.9252517 0.27643126 0.016706457 0.23717235 0.7352554 0.055232238 0.109706886 0.11863507 0.57858664 1.8755121e-05 0.06549058 0.19646782 0.1681585 0.020716509 0.0009981182 0.53279704 0.089125045 0.009640656 3.0057212e-05 0.00059282425 0.031106334 2.489365e-05 0.06073904 0.06296176 0.0031977268 0.09825197 0.00031392163 0.047361232 0.0032998 0.0046154168 0.24887283 0.000102813654 0.00044031587 1.7030568e-06 0.27797657 0.0008668547 0.005557534 0.0009086678 0.026440673 0.0053215027 0.10174251 0.0030872673 0.0006038224 0.0035503253 6.454238e-05 5.831674e-05 0.23275352 0.007482203 9.67579e-05 0.00050532963 2.9615468e-09 0.0058266628 0.31365713 5.1035946e-05 0.16318995 0.00024228646 6.2248732e-06 6.096221e-05 3.0168263e-07 6.5720865e-06 9.598799e-07 1.2132439e-07 0.0020527926 6.506236e-07 1.584697e-07 0.002710014 4.506708e-05 0.0023543406 6.57188e-06 1.5609941e-06 6.4541324e-05 0.00077300466
0.9791759 6.452053e-05 3.410025e-06 0.005905787 5.925176e-05 1.3245545e-06 0.0003242723 8.65679e-08 3.1629897e-06 2.0961035e-07 0.0033926857 1.3299339e-08 7.449599e-10 1.3672513e-09 4.6099675e-08 5.1014194e-05 1.9595605e-05 0.97959447 0.88887167 3.160381e-10 1.2850899e-06 5.903097e-06 0.85554755 0.09071874 0.76400846 1.5387912e-09 1.2938046e-06 0.9052536 0.8891034 0.047362756 0.021330409 5.887075e-06 0.6675282 0.12464962 0.002706024 0.00036106203 0.011410945 0.001923814 1.8006434e-08 0.7093469 0.7536065 0.8337716 0.0007740263 1.7361514e-06 0.009456065 0.641298 0.00030218123 2.2602062e-08 3.5646586e-08 3.3307635e-05 9.844503e-07 0.0044649844 0.22825812 0.0012652014 0.015343696 4.699923e-08 0.0011266922 0.05659843 3.4248508e-06 0.04090351 4.097546e-09 3.4331615e-07 7.3496943e-07 0.02476655 4.8152324e-05 0.00041391567 0.00011467068 0.06549262 1.3904592e-05 0.008593861 1.3495223e-07 0.000239982 0.002921876 2.3437887e-07 3.3542165e-08 0.0178954 0.0001639636 2.6683487e-09 0.000120633245 2.6607117e-08 3.660435e-05 0.020513885 6.200252e-07 0.008678895 0.0005117856 4.7698495e-06 6.348852e-06 1.528152e-07 1.3087723e-06 6.678584e-09 2.0232314e-09 0.003987509 4.1679375e-08 4.841444e-08 7.892798e-05 1.0672556e-07 5.651947e-06 4.0644954e-09 1.4669509e-08 1.290832e-08 0.00011440775
0.9604648 0.0009567274 0.00019858185 3.427159e-05 0.0003857864 0.0019408562 0.000381689 0.061373264 0.2669629 0.00865328 0.0013126704 0.51485914 0.45671406 0.92570615 0.3331524 0.039820485 0.25141764 2.7605653e-05 0.00016279735 1.2850899e-06 1.5288427e-11 0.35445097 3.642975e-08 0.00047606608 6.248965e-07 0.96512145 0.8182986 9.208386e-06 1.1502878e-05 1.466444e-05 3.876097e-06 0.27638736 3.5142637e-06 1.3596048e-07 1.447044e-06 0.18821621 6.2953935e-09 0.013687717 0.017306434 4.2832116e-06 7.4288632e-06 3.9308055e-05 4.7423833e-07 0.04241508 5.6714935e-06 6.2089835e-06 6.800186e-08 0.92953104 0.27084723 0.052573115 0.9774886 0.005662638 2.7747365e-07 3.4107766e-06 1.1374595e-06 0.0031625752 1.0617269e-07 4.585108e-06 0.0012970886 4.908973e-05 0.0022902966 0.00035535972 0.09547418 0.0001059486 7.932914e-07 3.163629e-08 0.0030890622 4.6236264e-06 2.2158031e-10 1.7156366e-06 5.8566096e-05 1.8159087e-08 2.8005847e-09 0.0018117022 0.015345846 0.016014019 1.2803926e-09 0.004336488 7.7419195e-08 0.04795216 1.6466208e-07 0.00029676387 0.005840788 5.7794828e-06 2.0369792e-07 4.0949574e-10 3.8792938e-09 0.0033669628 7.018633e-11 0.05684059 0.0003086774 9.617257e-08 7.206514e-11 0.0001539131 0.00039007014 6.2047123e-09 6.947232e-05 0.00028321322 0.07563822 2.9672445e-10 7.3853874e-07
0.9865286 0.14509466 0.12715776 0.003971147 0.0045485394 0.34432316 0.0015715134 0.7331306 0.7917729 0.15183608 0.22593264 0.74084014 0.5063059 0.47843528 0.055357486 0.8877905 0.9899236 0.0054713753 0.019400952 5.903097e-06 0.35445097 7.92209e-10 8.5481715e-06 0.0022254286 0.0001832044 0.5152828 0.91185164 0.0016522697 0.00017173408 0.0005868074 0.00022083544 0.41450122 9.781204e-05 3.7175927e-05 7.778839e-05 0.65991575 7.012565e-07 0.7757653 0.014763693 0.00010692886 0.00018048487 4.9127666e-05 7.2642484e-05 0.010930475 0.0019993326 0.00016834693 3.486367e-06 0.064475045 0.04809258 0.03878167 0.093032435 0.20850132 1.0154149e-05 2.973966e-07 5.9177106e-05 0.007276472 1.8171544e-06 1.1019664e-06 0.0030376532 0.0018267398 0.0049448996 0.0033401668 0.0005038684 0.0089479275 5.8436626e-08 6.0263897e-06 0.00019986564 2.990761e-07 1.13065305e-07 0.00027745264 0.0012668422 7.945539e-08 1.5628879e-07 0.00012626243 0.010963548 0.10892966 1.7936901e-06 0.0035726416 3.5116622e-07 7.826851e-05 4.7675327e-05 0.010655207 0.002718725 0.0006644349 4.3071884e-07 2.3698599e-08 3.3709733e-09 0.00013433825 6.896642e-10 0.004094523 4.0746756e-05 3.070924e-08 3.6454387e-10 2.6165539e-05 0.0002734449 3.2289486e-07 0.0008266693 8.255143e-05 0.001357897 2.0144835e-08 2.6617827e-06
0.9838822 3.715062e-05 1.5017374e-06 0.004219641 5.598094e-06 1.1329666e-06 5.9948943e-05 2.5907303e-07 1.0998918e-06 2.813947e-07 0.0024288322 5.474281e-09 7.1296496e-11 3.1845444e-09 1.1549709e-08 5.7145307e-06 7.314331e-06 0.9093284 0.5391876 0.85554755 3.642975e-08 8.5481715e-06 1.9775718e-11 0.02811273 0.9567235 4.0211878e-10 3.9248232e-07 0.46330258 0.86872834 0.08822354 0.04738085 1.12615e-06 0.93243515 0.31481212 0.0055003567 0.00017600693 0.091561995 0.0010293998 2.6486036e-09 0.50988054 0.78419906 0.66122264 0.0018758503 4.570114e-07 0.011867277 0.76797736 0.0038969812 1.0638324e-08 1.0487006e-08 4.7122567e-06 8.440895e-07 0.0013815734 0.71665967 0.009303945 0.22253321 3.8788124e-09 0.029687857 0.08268258 2.8832778e-07 0.12900916 1.1461506e-09 1.6918763e-07 6.4622526e-08 0.085747086 0.0003715909 0.0030176868 2.4429468e-05 0.2510915 0.0014468171 0.03446168 1.6298291e-07 0.0015548758 0.055540044 4.4974954e-08 8.8326795e-09 0.014023234 0.0013468178 1.496414e-09 0.0010871073 3.720774e-09 0.00035150227 0.0671535 2.5711241e-08 0.033718657 0.004768724 8.909753e-05 8.2617116e-05 3.913009e-09 3.5742327e-05 7.966757e-11 1.2337089e-09 0.04166771 5.3473304e-06 1.4552706e-09 7.2163835e-05 6.153363e-07 1.9043205e-07 1.0342021e-08 1.9086857e-09 1.7695187e-07 0.0018667674
0.9963864 0.73556936 0.39057735 0.9273087 0.7349326 0.02295501 0.6809426 0.0025623397 0.012969483 0.0033208588 0.93426836 0.00073878857 0.00019664734 3.225299e-05 0.000107932894 0.007224461 0.006866757 0.528688 0.85478514 0.09071874 0.00047606608 0.0022254286 0.02811273 1.1484045e-09 0.01294677 9.208398e-05 0.0017398378 0.8725039 0.103292696 0.022976331 0.0027191709 0.002002076 0.02379622 0.0028248557 0.0017540278 0.013754354 0.00039756144 0.1954402 6.555152e-05 0.5981659 0.081149034 0.0029028838 0.0005977454 0.00020578239 0.0466689 0.029349731 0.00024910097 7.111554e-05 3.2427954e-05 0.0029722697 0.00032291227 0.33142713 0.0049474207 0.00011617395 0.0009915178 4.504761e-05 0.00039652528 0.0021571147 0.00039185534 0.016963592 1.0439743e-05 0.00013440989 4.0117488e-05 0.046419285 6.67225e-05 0.00012729119 0.00050338305 0.00048141144 2.869858e-05 0.0017796035 0.000120911754 1.1632533e-05 4.315005e-05 2.5240399e-05 5.3851363e-05 0.06330012 3.8467417e-05 3.7008926e-05 1.1307274e-05 1.224733e-07 0.00037919352 0.012604666 0.00016279984 0.0024491309 3.271856e-05 4.1774842e-06 9.81372e-07 1.5133836e-05 7.483273e-08 1.5507685e-05 6.4448017e-07 3.1421532e-05 2.0301012e-08 1.8670452e-06 6.713541e-05 2.4662302e-06 4.389423e-05 5.125636e-07 2.7778433e-06 2.2993973e-08 2.0068856e-05
0.9469688 0.0012202964 5.4892726e-06 0.030660367 2.8522833e-05 8.650943e-07 0.00017020665 7.141096e-07 0.0004396338 2.869659e-08 0.016683506 2.0017912e-07 2.776127e-08 3.866044e-08 7.171422e-08 0.00045013148 0.0027182426 0.86456585 0.92658114 0.76400846 6.248965e-07 0.0001832044 0.9567235 0.01294677 2.641884e-12 7.573553e-07 0.00020324362 0.12506525 0.46890175 0.5799433 0.5069886 0.00044234088 0.58146495 0.92653155 0.10946631 0.0030314035 0.6917305 0.016898409 2.6739798e-08 0.0019246397 0.026990248 0.8846525 0.04999784 3.0434381e-05 0.36490622 0.07380195 0.09703592 6.305693e-07 1.8904336e-08 0.0021236618 5.3340085e-07 0.0022480695 0.115388036 0.08011716 0.8970174 4.627808e-06 0.6038755 0.0016857313 4.732146e-05 0.22650898 9.786461e-08 6.823866e-06 3.4240392e-07 0.22668695 0.08662086 0.28456923 1.575538e-05 0.035639573 0.20149823 0.118371494 1.7397688e-05 0.019188644 0.25041834 2.5747426e-07 1.2933704e-08 0.027355481 0.10398136 3.0282827e-08 0.012158815 1.5007557e-09 0.018072397 0.08990996 5.983177e-08 0.07223826 0.08722157 0.002578136 0.02838975 8.143889e-10 0.004394858 8.582923e-11 4.8569846e-11 0.10102211 0.0011455137 2.5279539e-11 9.9711244e-05 0.00014762221 0.000113172704 1.7737256e-07 1.0171142e-08 0.0002295596 0.0017036019
0.9819498 7.938688e-05 1.7031112e-05 5.8684725e-07 1.6781987e-06 0.00096272293 2.8447e-06 0.016200278 0.088519365 0.0018872356 0.00028292678 0.08776253 0.059311967 0.5559203 0.022995902 0.038713243 0.28350633 1.4880847e-05 8.895685e-05 1.5387912e-09 0.96512145 0.5152828 4.0211878e-10 9.208398e-05 7.573553e-07 3.8446323e-11 0.93794674 5.388334e-06 2.0538691e-06 3.983728e-06 2.5283414e-06 0.7623544 2.0354337e-07 5.1491117e-08 1.039507e-06 0.54127496 2.786885e-09 0.056142777 0.3381216 0.00013964332 2.3748103e-06 1.4618682e-05 4.934681e-07 0.50092405 6.465702e-05 1.9022394e-06 3.0875586e-07 0.941761 0.88453984 0.45670432 0.7831512 0.012289692 1.6673992e-07 1.3301242e-08 6.404725e-07 0.026422914 1.7307473e-08 3.3105087e-07 0.012141497 0.00026741278 0.040919967 0.001278676 0.016934214 0.002222948 1.2678408e-09 1.2466468e-07 0.013151352 5.3513577e-07 3.820498e-09 2.6327512e-05 0.0010020582 4.200096e-09 7.201193e-08 0.023621147 0.30436897 0.1940379 6.165193e-09 0.041295413 9.441515e-09 0.010616051 3.628174e-06 0.0052100993 0.2238123 0.00010966074 4.08433e-08 8.161845e-11 1.7530569e-08 0.12892498 5.0815973e-11 0.24631707 0.0071352706 2.5278965e-07 5.3410454e-10 0.011184764 0.008752932 6.5056454e-09 0.0023614373 0.002318103 0.30620086 3.293446e-08 3.829354e-06
0.9715085 0.0062729716 0.0008327561 0.00045539366 6.289747e-07 0.025315003 1.1278944e-06 0.21202613 0.4552857 0.008582415 0.016085722 0.34750086 0.0967359 0.37686872 0.0053330148 0.25448376 0.923662 0.002525736 0.01420915 1.2938046e-06 0.8182986 0.91185164 3.9248232e-07 0.0017398378 0.00020324362 0.93794674 5.539146e-10 0.00015894171 8.5910004e-05 0.0006564871 0.00028271423 0.9778092 3.8569502e-05 2.7745646e-05 0.0001327324 0.85730976 2.2287693e-06 0.6632281 0.6977553 6.022006e-06 8.525246e-06 3.3766755e-05 0.0001282586 0.32361796 0.0010999427 0.00021756248 1.9938541e-05 0.17033039 0.5162181 0.30088657 0.13786384 0.04917132 3.1168045e-06 1.04373235e-07 3.18548e-05 0.1351588 1.8561055e-06 3.0360905e-08 0.021638244 0.0011953135 0.35254627 0.016620714 0.00044881724 0.0059017953 3.8731066e-08 6.371701e-06 0.0021497216 6.7310836e-08 6.359408e-08 0.000504015 0.005028728 1.6773114e-07 3.1593825e-07 0.003741225 0.34552845 0.11629966 3.995666e-07 0.15369673 3.1807596e-07 0.00015386571 2.4597717e-05 0.008415268 0.07309583 0.0007418781 5.0097455e-08 3.7416257e-09 5.292751e-11 0.005407782 2.8417454e-11 0.019065786 0.00298999 7.334626e-09 8.586515e-10 0.0003665053 0.0019154879 1.6087361e-07 0.0025923285 0.005737625 0.016366944 5.1236004e-08 5.054207e-06
0.89933044 0.009102516 4.646189e-05 0.47400615 0.08390821 3.5694608e-05 0.4909691 1.095564e-06 1.0895307e-05 4.029248e-07 0.18390203 9.574228e-08 1.4805673e-08 2.193206e-07 1.314023e-07 0.005571722 0.0014327493 0.93312955 0.33385023 0.9052536 9.208386e-06 0.0016522697 0.46330258 0.8725039 0.12506525 5.388334e-06 0.00015894171 2.3686473e-13 0.9749411 0.0021173854 0.000740073 0.00027238633 0.8486948 0.0063163256 0.0001063575 0.0022230644 0.00044149315 0.00036322782 1.8941224e-06 0.9774801 0.7297341 0.46737143 1.1875456e-05 5.9696606e-05 0.00012704378 0.62200403 6.7246865e-06 1.01298895e-07 1.14406376e-07 0.00047437818 3.868384e-07 0.027613914 0.08801582 7.792839e-06 0.00397959 3.9912975e-09 0.00039864975 0.039767142 4.2162176e-07 0.00020902816 1.1127545e-07 1.08019655e-07 6.8590754e-07 0.00013745541 2.2019665e-05 9.3109265e-06 0.00020853736 0.01170009 2.4437063e-07 6.7343713e-06 5.7399337e-08 2.0749081e-05 0.0022366191 7.4934355e-06 1.2692999e-07 0.024402762 2.4876777e-05 3.3613574e-08 7.591091e-08 2.1238982e-09 1.7549505e-08 0.00015931565 1.2769564e-07 4.542661e-05 0.00027456274 6.9732647e-07 9.884247e-09 3.3447485e-08 6.2182686e-08 2.2789406e-09 1.9663267e-10 0.014341944 8.949799e-08 2.0052782e-09 3.5784316e-05 4.875978e-10 6.810495e-07 3.670187e-07 1.3475982e-07 2.7613903e-10 1.7494888e-07
0.93728507 0.0008052496 2.19052e-05 0.054937325 0.0012604059 2.1466976e-05 0.009258495 1.7813124e-06 1.4828191e-05 1.804576e-05 0.020897128 1.1367687e-06 3.0278224e-07 2.5925172e-07 2.1018916e-06 0.00034296917 0.0002675314 0.9454412 0.41865245 0.8891034 1.1502878e-05 0.00017173408 0.86872834 0.103292696 0.46890175 2.0538691e-06 8.5910004e-05 0.9749411 2.2692578e-10 0.018665744 0.010201409 0.00010826145 0.96674925 0.14148675 0.0005885773 0.0006707199 0.020245496 0.000763077 5.2410287e-06 0.571132 0.84126294 0.86972684 0.00023309127 7.4187774e-05 0.0029064293 0.732867 0.0009649616 4.1167795e-08 6.221484e-08 0.0002285408 2.1008916e-06 0.0044281553 0.41266003 0.004803397 0.09672081 2.4375382e-07 0.006902681 0.41874528 3.3880748e-05 0.033417758 1.3681077e-06 3.451358e-07 2.218257e-05 0.023893371 0.0005045685 0.0012687325 6.469045e-05 0.41111413 0.00034234894 0.012112013 2.5335876e-07 0.002480184 0.039848395 6.8730165e-05 7.383433e-08 0.0214673 0.003354738 1.1383626e-06 0.0011334417 8.504213e-08 0.00024209335 0.020713259 6.5058197e-07 0.020879045 0.010304823 0.00034541838 3.092468e-05 2.1250754e-07 2.8034257e-05 2.5672027e-09 5.4188076e-09 0.12425831 2.4599701e-06 2.7375728e-09 0.00011291838 2.5486258e-08 4.85103e-06 7.331066e-07 4.635325e-08 5.0312043e-08 0.00033082065
0.9705589 0.0003797463 1.50570195e-05 0.004158814 2.137204e-06 1.2440625e-05 9.512631e-06 1.1583795e-06 0.00062474044 8.27317e-08 0.0054751104 2.6250977e-06 7.508672e-10 6.4997425e-07 8.5552254e-10 0.002894738 0.0026868125 0.061156016 0.9252517 0.047362756 1.466444e-05 0.0005868074 0.08822354 0.022976331 0.5799433 3.983728e-06 0.0006564871 0.0021173854 0.018665744 1.4345593e-10 0.9938271 0.0020694775 0.017440101 0.57080716 0.52115655 0.011517258 0.24062961 0.37818348 3.6347399e-06 0.00022117984 0.014367933 0.61891377 0.09952042 0.00013774582 0.89916015 0.004760221 0.038683977 1.5371156e-06 1.6176917e-05 0.0075562536 3.4424584e-06 0.015479582 0.015518345 0.0022270007 0.008781589 0.00047765597 0.009440647 0.00039195866 0.0027995291 0.38985613 2.3681172e-05 0.00045425442 2.1722836e-07 0.307065 0.000602252 0.0028329832 0.0004319474 0.0072829397 0.002655452 0.045435607 0.0029051134 0.00015676282 0.0013269646 1.803707e-05 4.321959e-06 0.10974231 0.0052164807 3.95481e-05 0.00030377216 1.501113e-10 0.004823743 0.080130875 1.4964485e-05 0.036571223 0.00037717633 2.2944107e-05 1.8610339e-05 7.3316365e-08 3.3550343e-05 1.3619744e-07 7.111241e-09 0.0006522939 4.982283e-06 4.1976613e-09 0.001239327 0.000108151246 0.004302665 1.9463305e-06 6.480067e-07 2.3265899e-05 0.0002942262
0.87830657 0.0001455985 2.708151e-06 0.0022181852 2.6327495e-08 6.693744e-06 2.260781e-07 1.800295e-06 7.026812e-05 1.5822475e-07 0.0016764344 3.2270568e-06 1.5368581e-09 6.6263397e-07 2.5890542e-10 0.00032173775 0.0005095371 0.03331368 0.27643126 0.021330409 3.876097e-06 0.00022083544 0.04738085 0.0027191709 0.5069886 2.5283414e-06 0.00028271423 0.000740073 0.010201409 0.9938271 1.341488e-11 0.0005402225 0.015313122 0.91900015 0.9568341 0.0014109502 0.83760893 0.03174533 4.1901183e-07 0.000117296004 0.007814001 0.08395621 0.48954013 2.765886e-05 0.79600835 0.006714886 0.23847842 9.179044e-07 2.6216478e-06 0.0009717622 1.4976064e-05 0.0016883806 0.01477823 0.0074507943 0.041465245 5.410267e-05 0.051464565 0.0003786968 0.0012881716 0.44186527 7.5960957e-06 0.0003885512 3.637948e-08 0.3493432 0.009169472 0.024325434 4.3891047e-05 0.0057896646 0.022969518 0.094269775 0.0010425457 0.00096609787 0.006006612 5.1032316e-06 1.2322164e-06 0.016166076 0.010411482 3.1928343e-05 0.0007514877 1.4050318e-10 0.012675704 0.09336567 1.2033811e-05 0.051371716 0.0015796094 0.0007059335 0.0002857327 3.2310883e-08 0.0002689158 4.2309396e-09 2.9523646e-09 0.0010683743 0.00015441151 5.3578497e-10 0.00019975513 0.000538943 0.00081968785 5.2466494e-06 1.8285485e-07 8.294726e-05 0.00039455673
