8.083325e-27 0.8627572 0.97395796 0.9735575 0.15469551 0.0012645072 0.9939697 0.888024 0.8289815 0.98263514 0.78617173 0.0009792582 0.9290075 0.75037336 0.010121726 0.91611165 0.043938316 0.99580336 0.99461275 0.9831341 0.9828722 0.9480625 0.99692565 0.077014685 0.0010323294 0.9800048 0.7646792 0.9939106 0.98139036 0.98750955 0.95845455 0.26694947 0.97857296 0.37310016 0.90384823 0.74517846 0.98347795 0.9886715 0.25232646 0.9572447 0.001690513 0.993354 0.10274123 0.0018379076 0.45783636 0.9531826 0.9927383 0.45987076 0.95454884 0.9905791 0.00017692076 0.9824534 0.8403566 0.99423254 0.42925897 0.16663206 0.999496 0.9955095 0.990202 0.0015147922 0.9209617 0.99324816 0.99868613 0.06141094 0.111212194 0.9937042 0.9648008 0.045053694 0.9442594 0.1643179 0.48317066 0.9782049 0.8040384 0.9982342 0.99977344 0.9901256 0.99916255 0.16157702 0.012655688 0.020646727 0.9788402 0.10762405 0.99990404 0.9932227 0.004189162 0.89997905 0.9461997 0.818473 0.8971194 0.94008267 0.9251533 0.99997944 0.999781 0.94050574 0.8360178 0.07879393 0.6653947 0.0035205486 0.9969769 3.6203543e-05 0.66753685
0.8627572 7.877116e-21 0.8690809 0.8405877 0.22287382 0.012568541 0.7335131 0.66819125 0.13620138 0.08111748 0.18568791 0.0043702344 0.114310995 0.040638052 0.043781463 0.21649215 0.009093623 0.15816844 0.124270126 0.026060758 0.038946465 0.04686982 0.032589022 0.00012892131 1.3164753e-05 0.0717771 0.008144263 0.07177525 0.014738674 0.014548692 0.008277019 0.0025059925 0.007999709 0.000784724 0.0038941223 0.0142920725 0.0036445358 0.007653597 2.2430088e-06 0.0009105563 1.2488815e-07 0.011647004 0.00013907331 3.710351e-08 0.0002926448 0.00044929946 0.023935499 2.6668635e-05 0.00017842608 0.0026724685 2.2496861e-08 0.00026746356 6.0874718e-05 0.0012263121 9.949529e-06 9.40772e-05 0.000517035 0.0014078413 8.7056746e-05 0.006220485 9.830696e-06 0.0017919814 0.0068046143 2.809768e-06 8.143564e-06 0.00011029432 2.8867596e-06 6.8105637e-06 2.196482e-05 2.437728e-06 5.031514e-07 0.00023916039 3.2907286e-07 0.031062076 0.08083794 0.00026220482 0.019376554 6.8730355e-07 9.215065e-07 5.8566587e-09 2.3813271e-07 6.377309e-07 0.051696807 4.7077447e-05 6.0375345e-09 3.409186e-06 2.3036864e-06 3.8947796e-06 2.1749142e-07 1.20830655e-05 8.835633e-08 0.005725458 0.004849347 2.2997121e-05 2.1700909e-07 7.536612e-09 2.1236017e-06 3.6612164e-09 7.4712434e-06 1.3329776e-10 1.8789314e-07
0.97395796 0.8690809 2.3467852e-15 0.8352033 0.04217147 0.014885072 0.57228816 0.11218314 0.2652192 0.13968875 0.11484629 0.0010376287 0.015019926 0.06795674 0.028855266 0.05959517 0.005952677 0.46543458 0.44017848 0.09134852 0.0054876064 0.021880547 0.10580705 0.0018414323 0.0005311952 0.040111236 0.037919685 0.034237154 0.008507103 0.0041902126 0.0105778705 0.0012122344 0.0022933402 0.00032101903 0.0002572422 0.058711734 0.0023123315 0.01698355 5.0715553e-06 8.819171e-05 5.6339672e-06 0.05775839 1.3312024e-05 8.65885e-07 7.591197e-05 0.00017372146 0.043848194 3.0032816e-06 2.327614e-06 0.0075325714 4.0884038e-07 1.0586715e-05 1.4113028e-05 0.0058932654 2.7895933e-06 0.0005963948 0.00056973903 0.013950329 1.4520241e-05 0.06536177 4.0417942e-07 0.0045271264 0.060684107 5.15187e-07 2.8403788e-06 0.0002931026 2.859183e-06 7.325982e-06 6.908693e-07 8.0068753e-07 1.639675e-06 8.913335e-06 7.087125e-07 0.09283645 0.11696395 6.4935906e-05 0.065589935 4.7891486e-08 8.896821e-07 1.3120351e-08 7.9203765e-08 2.69963e-07 0.10580871 2.5477013e-05 8.554838e-09 6.2164786e-06 9.061413e-08 1.9013208e-07 1.11771286e-07 1.5024658e-05 6.763424e-08 0.0054089082 0.009742319 8.1304686e-05 4.5922555e-09 6.7880666e-09 7.207363e-08 1.9708908e-08 5.0530307e-06 3.1644e-09 4.2757467e-08
0.9735575 0.8405877 0.8352033 1.4189949e-15 0.059953693 0.02051722 0.4681382 0.1146214 0.46262372 0.21883921 0.43044537 0.0012908592 0.013753272 0.13681811 0.07961308 0.059587393 0.007288109 0.42189893 0.2717047 0.13013944 0.0050011515 0.015093588 0.15767168 0.0021378964 0.0010590886 0.01844683 0.0683028 0.016362432 0.0042066714 0.0023934718 0.008250094 0.002183859 0.0024343478 0.000455658 0.00027575198 0.091964565 0.001870806 0.0077264793 2.4653646e-06 7.330473e-05 1.909448e-06 0.023568219 4.8699072e-05 2.764707e-07 8.3728526e-05 0.00016979194 0.017003858 4.704399e-06 3.54759e-06 0.004002005 5.4317786e-07 1.3857571e-05 1.5321797e-05 0.004709162 4.4686203e-06 0.00106725 0.00017141257 0.009004845 6.8877835e-06 0.10588498 2.7045363e-07 0.0031732006 0.029307514 2.0070702e-06 1.33771055e-05 0.00037790203 6.3461977e-07 5.9738095e-06 9.641e-07 6.026893e-07 1.5450399e-06 4.0202035e-06 5.751526e-07 0.121200174 0.11227685 3.7127244e-05 0.043043558 5.799779e-08 1.4859879e-06 9.677165e-09 2.9914386e-08 1.726587e-07 0.11954025 1.3809693e-05 1.2826072e-09 1.0243368e-05 2.5733172e-08 9.0595286e-08 2.586885e-08 2.5220113e-05 1.885475e-08 0.0075474456 0.007847413 8.058324e-05 2.201452e-09 6.988757e-09 1.6706679e-08 1.2665822e-08 3.887432e-06 4.64918e-09 2.3483205e-08
0.15469551 0.22287382 0.04217147 0.059953693 5.4227115e-18 0.6639275 0.40211532 0.54343116 0.0003473381 0.00615031 0.002438836 0.54650176 0.12388051 0.0011488089 0.06254245 0.030734055 0.025039345 0.036779013 0.012157476 0.0019447666 0.008752294 0.003513996 0.0047114887 0.00049189525 0.002606072 0.00028440627 0.0015416249 0.016569966 0.0057981517 0.011385336 0.0008216551 0.0030644895 0.0022950128 0.00010706334 0.0035615894 0.0013550717 0.0019884917 2.6853868e-05 9.098719e-06 0.0021290476 3.4872082e-06 8.141463e-05 0.00010656736 2.4240836e-07 9.5005045e-05 0.00014268246 0.0050507863 0.00011660339 5.1980933e-05 9.867752e-06 7.465349e-07 0.00049023 1.766664e-05 9.494183e-05 2.6194814e-06 0.00019420753 8.3150655e-05 1.8048635e-05 0.00024137246 3.0302517e-05 3.0295529e-05 0.0011826402 0.00015752534 4.907927e-06 4.1330463e-06 7.430156e-05 8.979774e-06 3.2442972e-06 0.00033254968 1.0364178e-06 3.4517978e-08 0.00054169435 1.8101148e-06 0.00742437 0.0136001995 0.00047372823 0.0009313493 2.907207e-06 1.6877838e-06 3.39182e-08 7.655753e-08 5.8265505e-06 0.007460426 5.6741093e-05 1.8380641e-08 1.3678899e-06 1.5061635e-06 9.848512e-07 5.819937e-08 4.939771e-07 6.4260796e-08 0.0015685653 3.2193555e-05 6.347575e-06 9.24819e-08 1.6956366e-09 2.2095603e-07 2.943256e-09 4.674462e-06 8.877488e-09 2.1088022e-08
0.0012645072 0.012568541 0.014885072 0.02051722 0.6639275 1.9205788e-14 0.05081019 0.04827255 1.415102e-05 0.0017432193 0.0020581146 0.6314101 0.008221376 0.00023703778 0.086781494 0.0019454679 0.00038699468 0.005130263 0.0005874078 0.00012894688 0.00015118538 0.000102001584 0.001350242 7.756678e-06 0.00012002493 2.0760028e-05 0.00032269498 0.00023010648 0.00017027889 0.0002679706 2.8737059e-05 5.754989e-05 3.272296e-05 3.5956914e-06 6.5597356e-05 0.0010719192 7.6756274e-05 3.8880066e-06 3.9086768e-08 4.486985e-05 5.1530517e-08 5.201974e-06 2.838919e-06 7.73976e-09 7.3705553e-07 1.5794993e-05 5.5922435e-05 3.7871596e-06 8.980082e-06 5.701061e-07 7.8696296e-08 7.441821e-05 1.8366379e-06 4.4265253e-05 6.02339e-08 4.4153885e-06 8.946829e-08 1.7591086e-05 7.4846294e-06 1.4266246e-06 1.8653436e-06 7.2761526e-05 7.2802104e-06 1.2751444e-07 6.5897626e-07 0.00027397057 3.7860325e-06 1.2421052e-07 1.49559255e-05 1.18812096e-07 3.0307834e-09 3.1941563e-05 6.321511e-07 0.0015222251 0.0005264398 5.652457e-05 4.0349085e-05 1.2032142e-06 1.0377771e-07 3.6006274e-09 2.3250292e-08 2.5161746e-06 0.0001749261 7.905654e-06 2.7069489e-09 1.7183409e-07 4.7594006e-07 3.2057294e-08 1.7840428e-08 3.2858598e-08 1.8355836e-08 3.877015e-05 1.1926155e-05 1.6358865e-07 7.485282e-09 5.8737325e-12 3.239503e-09 6.1255766e-12 2.6725266e-08 7.451266e-09 2.0042688e-09
0.9939697 0.7335131 0.57228816 0.4681382 0.40211532 0.05081019 3.2921395e-19 0.71230686 0.042036198 0.010070274 0.025426328 0.0008509926 0.41748312 0.016054435 0.0112403 0.4433848 0.13880838 0.2464357 0.29834515 0.017649053 0.09499579 0.22609828 0.021623475 0.0028904306 0.00021485603 0.15464723 0.027033847 0.18214554 0.03997924 0.022858273 0.039581988 0.028778361 0.06754015 0.013325215 0.012122366 0.030043704 0.011288167 0.06361973 2.120916e-06 0.0003488547 1.2554021e-06 0.17421181 0.0045044674 3.5902328e-08 0.0052864384 0.009908236 0.1349664 0.0009936102 5.7763586e-06 0.0074150893 2.0232449e-07 5.6120858e-05 8.6448985e-05 0.0062685134 4.363579e-05 0.00012416144 0.0010378826 0.0065879193 6.2617823e-06 0.009015793 2.567683e-07 0.0036197016 0.031136198 0.00018391584 8.560666e-05 0.00053096854 2.0009668e-07 0.00011720421 6.3849555e-08 1.4811195e-06 3.1971456e-07 2.3953155e-06 3.1958088e-08 0.059522018 0.10730441 6.0510897e-06 0.034985095 1.8527727e-07 1.3729656e-05 5.421981e-09 3.3391673e-10 4.3267796e-06 0.10211767 6.7884706e-08 8.347219e-09 2.0014198e-08 1.35082e-09 1.7916495e-09 2.7691807e-10 3.5938367e-08 1.7811473e-10 0.0018684489 0.0038512256 5.8350224e-07 1.2913183e-10 9.6516614e-11 5.903725e-11 1.0174158e-10 8.5314344e-10 1.35005305e-08 9.743725e-10
0.888024 0.66819125 0.11218314 0.1146214 0.54343116 0.04827255 0.71230686 7.1115465e-22 0.008851565 0.019009557 0.028458936 0.11300352 0.8757319 0.008660198 0.05084458 0.6136737 0.6896296 0.14386776 0.12692875 0.009044647 0.13090849 0.10392445 0.011643987 0.054550365 0.046587184 0.016807439 0.004059286 0.13417268 0.03871053 0.15945579 0.029298104 0.41485715 0.032931022 0.034499776 0.03587489 0.006447999 0.016645873 0.0026643202 0.0023343465 0.009332939 0.00065216486 0.00503713 0.0444332 9.020084e-05 0.006865879 0.0031987287 0.07290842 0.005492808 0.0014579193 0.0011646365 0.00020719609 0.0020038183 0.00033053872 0.0016228947 3.2933913e-05 0.005181849 0.0017411606 0.0006001181 0.0014049837 0.00018130674 7.85463e-05 0.0028281305 0.0023928008 0.00026705168 0.0001711393 0.00014952767 0.00016735718 0.0040224413 0.00018461965 1.4300143e-05 1.8655926e-06 0.0004108138 4.535985e-05 0.03719649 0.09893874 0.00038596656 0.013891828 1.0074845e-06 0.00057254056 8.369909e-08 1.7728843e-06 1.1802902e-05 0.07216287 4.727279e-05 8.7053087e-07 6.493407e-06 6.6483517e-06 3.95694e-06 7.309236e-07 2.6164303e-06 5.635846e-07 0.0056398814 0.0007738547 4.21944e-05 5.362398e-07 8.160301e-08 3.9659008e-06 2.6398698e-08 3.8985167e-05 5.5820766e-07 4.3007654e-07
0.8289815 0.13620138 0.2652192 0.46262372 0.0003473381 1.415102e-05 0.042036198 0.008851565 3.6603007e-17 0.88287735 0.582561 1.8795014e-07 0.001001986 0.48152074 0.0008249346 0.0029693826 1.9953484e-06 0.48118806 0.2249219 0.35963386 3.8872673e-05 0.0005607397 0.37679756 5.2646607e-07 4.9827573e-08 0.008466744 0.20877549 0.004155248 0.0002403125 0.00018254308 0.00021864533 1.4640552e-06 4.2160165e-05 2.504203e-06 2.1037606e-06 0.2274956 9.357255e-05 0.0038288953 3.7820427e-09 8.197159e-07 6.00904e-10 0.007905368 1.0566218e-07 2.1030364e-10 1.984376e-06 7.5758535e-06 0.0021615801 3.4359736e-08 4.3310024e-08 0.005422484 6.095138e-11 8.894725e-07 2.2917472e-07 0.0009267435 9.9269904e-08 9.5001974e-07 1.0595764e-05 0.0027635763 6.703269e-08 0.25937203 5.485133e-08 0.00036274007 0.010246383 3.8590226e-08 1.2554183e-07 2.0561338e-05 1.1604095e-08 4.282921e-08 2.7912074e-07 4.0203845e-09 3.974539e-09 1.283298e-06 2.9859701e-09 0.10440441 0.15587625 8.6414575e-06 0.075750835 8.343048e-09 1.173098e-09 9.936484e-11 1.2609291e-09 1.5882229e-08 0.12126718 1.408985e-06 1.42750005e-11 4.5401073e-08 4.873061e-09 3.9213095e-09 2.9916236e-10 6.6500384e-08 1.3660438e-10 0.0032961972 0.022359343 1.0593071e-06 1.2707649e-10 1.785691e-11 2.3477504e-09 2.816594e-11 1.0444194e-07 4.2673872e-12 1.2711042e-10
0.98263514 0.08111748 0.13968875 0.21883921 0.00615031 0.0017432193 0.010070274 0.019009557 0.88287735 2.0079902e-18 0.5457631 4.583396e-05 0.0021877268 0.5705061 0.0096755605 0.010614906 0.0006270522 0.5792791 0.34229866 0.45920458 0.00018199589 0.003202329 0.44038412 0.0003020242 4.222056e-05 0.010578168 0.45515206 0.0017158348 0.00019732739 8.07434e-05 0.001267447 0.00025751934 4.785626e-05 0.00010791139 5.179984e-06 0.4774525 8.560569e-05 0.0038277453 7.3272744e-08 1.921572e-06 2.257294e-08 0.016137557 1.7388533e-05 1.5769358e-09 5.147725e-05 2.1265416e-05 0.003412187 2.4541131e-07 7.09676e-08 0.0033208588 2.7397458e-09 3.3692223e-07 4.4086036e-07 0.001569993 1.8234715e-06 0.00030967343 7.814474e-06 0.0065703206 8.3248196e-08 0.25277582 1.46767025e-08 0.000840414 0.024308877 9.658605e-07 4.059872e-06 6.627446e-05 2.227236e-09 4.1728654e-06 3.1335897e-08 1.2893524e-07 6.3888905e-08 9.650424e-08 9.519595e-09 0.19086294 0.16450961 1.941455e-06 0.075019024 3.2889744e-09 7.6048553e-07 3.5045757e-09 1.4436255e-10 2.6166498e-08 0.13413653 3.910543e-07 1.8386732e-09 1.747172e-06 6.889569e-10 1.5106487e-10 1.0769507e-10 3.1835893e-06 1.4562529e-10 0.004313999 0.006702359 6.2463405e-06 4.1922403e-11 2.0841594e-11 3.2556563e-10 4.133763e-10 2.3658485e-07 6.6456307e-10 3.4760547e-10
0.78617173 0.18568791 0.11484629 0.43044537 0.002438836 0.0020581146 0.025426328 0.028458936 0.582561 0.5457631 1.2017905e-20 0.00018980519 0.00092522183 0.70100445 0.6056327 0.007860393 0.00018597963 0.41084075 0.29593378 0.35133153 1.954827e-05 0.0017817339 0.44349393 1.6241586e-06 1.3735065e-05 0.013492631 0.4602222 0.001985595 0.00037573616 0.00017170118 0.0009933114 8.087981e-05 3.8477618e-05 7.1593613e-06 7.9596794e-07 0.66391593 2.0725509e-05 0.005337508 4.1926582e-10 3.1129795e-07 1.969999e-09 0.026431521 3.742691e-06 2.3520433e-10 1.2800205e-05 1.476158e-05 0.0009257872 1.3718477e-07 5.8343296e-08 0.0035418572 5.618193e-10 1.8890036e-07 1.947736e-06 0.0039859824 8.8078156e-07 6.378517e-06 1.7689281e-07 0.0077901506 2.9110592e-07 0.57148844 4.615957e-09 2.6633228e-05 0.021723712 2.9590526e-08 1.415241e-07 4.7217687e-05 3.5594745e-08 1.7005597e-07 1.7329835e-08 2.6450712e-08 5.7400324e-08 2.7790477e-07 4.665303e-09 0.2908095 0.12987623 9.629293e-07 0.074816756 5.2005227e-09 1.2045746e-08 1.8938276e-10 2.9055144e-11 1.480234e-08 0.084400035 1.2574883e-06 3.9348143e-11 2.6899852e-07 9.364868e-11 1.0366168e-09 1.0098175e-11 2.0713917e-06 5.0950372e-12 0.0010895978 0.0058939685 3.1109557e-05 3.2088917e-12 5.616315e-11 1.219412e-10 4.1648976e-10 1.5806263e-07 5.6677265e-13 1.8316465e-11
0.0009792582 0.0043702344 0.0010376287 0.0012908592 0.54650176 0.6314101 0.0008509926 0.11300352 1.8795014e-07 4.583396e-05 0.00018980519 1.1767737e-12 0.043639593 6.895995e-07 0.15635812 0.0018165081 0.030558812 7.008929e-05 9.580215e-07 1.0191164e-06 4.9445356e-05 6.191094e-05 7.840638e-06 0.008456281 0.1838063 3.0730556e-07 0.00010652092 5.7330493e-05 1.1077669e-06 0.00023410401 8.601748e-07 0.0015315661 1.478656e-05 3.0552274e-05 3.5226203e-05 0.00033394038 7.4489258e-06 4.6334185e-07 0.00022294772 7.410575e-05 0.0015317503 1.4653689e-07 6.1249324e-05 0.00011841444 4.5213596e-06 1.2138724e-05 5.4417498e-05 1.383883e-05 0.0001678306 2.4003837e-09 0.0006383872 2.7157615e-05 3.855106e-06 5.2207897e-06 3.0020615e-06 0.00027281506 0.00016860449 3.648272e-07 0.0003033006 5.5564155e-06 4.1096214e-06 3.1528543e-05 1.13927854e-07 2.6130215e-06 4.2337347e-06 0.00021753284 0.0005724017 5.6597846e-06 1.5527234e-05 1.5315098e-06 6.767986e-06 6.7849476e-05 0.00043471187 2.2245169e-05 1.3025048e-05 4.9401904e-05 4.735288e-07 9.062562e-06 3.3654294e-07 2.804233e-07 1.770941e-06 3.3552467e-06 2.295481e-05 1.0332054e-06 8.939306e-08 1.4587974e-05 5.39935e-07 2.9465045e-06 2.8298127e-06 9.4373297e-07 8.678113e-07 8.839438e-05 6.8785866e-06 1.7584996e-07 1.6760401e-07 3.789661e-09 1.3912118e-08 5.6940377e-12 3.9630406e-09 2.5601716e-07 2.4930878e-07
0.9290075 0.114310995 0.015019926 0.013753272 0.12388051 0.008221376 0.41748312 0.8757319 0.001001986 0.0021877268 0.00092522183 0.043639593 1.379075e-19 0.00024966584 0.00041530412 0.5849975 0.83970296 0.032097038 0.020397538 0.0015220776 0.5068769 0.1494311 0.0038645496 0.43468082 0.11867324 0.013036544 0.00087490125 0.292113 0.087100625 0.55298054 0.0235777 0.7624402 0.15405019 0.1420104 0.1916737 0.0008329483 0.17148033 0.0029706287 0.21257645 0.2578203 0.020230424 0.0015322989 0.19360383 0.011348138 0.08224183 0.04476761 0.22257876 0.10600813 0.16716938 0.0001920019 0.0065904553 0.0699821 0.010617822 0.008752527 0.0043357 0.11318585 0.050397307 0.0012429773 0.059952065 6.789439e-07 0.010622081 0.08272308 0.0011015793 0.011275913 0.0082499925 0.005404652 0.005332992 0.10164742 0.021369647 0.0009799454 0.00066299335 0.014042211 0.004315976 0.011440627 0.0117398845 0.0056520314 0.00069394155 0.00015483325 0.005855775 1.7981425e-05 1.26303075e-05 0.00074487587 0.014866309 0.0016646166 0.00012844098 0.0049004275 8.171473e-05 0.00016302823 2.3331108e-05 0.0004663718 7.456495e-06 0.02421025 0.0015524569 0.0006420475 3.5257476e-06 8.0381596e-07 0.00015331466 3.5154687e-07 0.0005957115 0.0004360848 8.751746e-06
0.75037336 0.040638052 0.06795674 0.13681811 0.0011488089 0.00023703778 0.016054435 0.008660198 0.48152074 0.5705061 0.70100445 6.895995e-07 0.00024966584 4.8478136e-18 0.014390225 0.0024680996 2.7001606e-05 0.40551746 0.2571702 0.63211876 3.0678697e-05 0.00095929747 0.8666126 1.04777455e-05 3.4077948e-06 0.009492487 0.7521734 0.0033786874 0.00041425115 0.00023221532 0.00038298598 5.3790285e-05 0.000121608144 4.1287778e-05 2.2693298e-06 0.72172654 0.00017402807 0.0059248717 1.0795595e-08 3.3006512e-07 8.743964e-11 0.019406134 6.8125264e-06 4.619458e-11 5.815723e-05 0.00014119079 0.0029801654 6.559335e-07 4.477202e-08 0.006779677 1.5441678e-10 7.728866e-07 1.9592233e-06 0.0032769071 3.387915e-06 3.0524054e-05 1.6604133e-06 0.008482499 3.0002337e-07 0.445474 2.0004544e-08 0.00026823065 0.031570878 5.5071428e-06 2.6735668e-06 0.0003367077 5.7973242e-08 8.799516e-06 1.9213878e-07 3.3210625e-08 4.8858325e-08 7.581379e-07 2.1373179e-08 0.4987805 0.1605412 2.6218167e-05 0.24474832 1.6228803e-09 2.207697e-08 4.526959e-10 2.9262173e-09 1.3125158e-08 0.10536308 8.616021e-06 2.1631368e-10 4.285731e-07 7.639004e-09 3.1009644e-09 4.0117196e-10 5.0670906e-07 1.3909372e-10 0.0002930794 0.012738793 3.1262264e-06 1.9197585e-10 2.3731085e-11 1.424689e-09 6.479884e-10 4.6465522e-07 5.327965e-12 8.3378265e-10
0.010121726 0.043781463 0.028855266 0.07961308 0.06254245 0.086781494 0.0112403 0.05084458 0.0008249346 0.0096755605 0.6056327 0.15635812 0.00041530412 0.014390225 3.5255748e-16 0.00020310139 1.33971635e-05 0.03029794 0.0051071616 0.007378922 7.7093506e-07 5.080099e-06 0.03834365 5.663505e-08 2.2371778e-05 1.0169053e-05 0.011658567 3.4175766e-05 7.241685e-05 4.577617e-05 5.1480045e-05 1.1112784e-05 2.7787511e-05 5.606723e-06 8.9041373e-07 0.039571602 1.882648e-05 3.257588e-06 2.1674817e-10 9.288745e-08 1.15767805e-10 2.4813988e-05 5.7230363e-07 1.24186685e-11 3.1036718e-05 3.095581e-05 1.8953955e-05 2.96068e-07 7.381029e-07 8.1772333e-07 8.940623e-11 1.4862069e-05 2.243714e-05 0.00016043827 0.00013559022 4.2274547e-07 4.0897557e-06 1.2620915e-05 4.6135438e-06 0.27299887 8.498202e-07 1.5820733e-06 4.7154936e-06 1.7268423e-05 0.00012921487 0.00045716247 1.1848408e-05 4.5760675e-07 8.400571e-06 5.0581536e-07 1.3603965e-06 2.1053763e-06 6.8554e-07 0.055771418 0.0006103629 7.914314e-06 0.00019993713 1.2613982e-07 1.1981906e-06 4.7839258e-08 2.2314415e-09 1.9496588e-07 0.00017641697 5.296705e-07 2.0891404e-09 1.0907631e-06 2.1396326e-10 4.2908238e-10 5.657194e-10 2.5352165e-07 7.8236854e-11 6.403115e-06 4.5619756e-05 9.873928e-08 3.2885223e-13 5.1924936e-13 1.0309876e-12 1.2570155e-12 2.0881753e-10 4.530466e-10 3.5126812e-12
0.91611165 0.21649215 0.05959517 0.059587393 0.030734055 0.0019454679 0.4433848 0.6136737 0.0029693826 0.010614906 0.007860393 0.0018165081 0.5849975 0.0024680996 0.00020310139 5.384962e-20 0.15222074 0.071806006 0.078656726 0.0036666822 0.9011509 0.6865928 0.008878184 0.013708337 0.0020125187 0.0779523 0.0029310288 0.19881089 0.20997174 0.45009974 0.102498814 0.3500716 0.20413388 0.342009 0.19952133 0.0043147393 0.09967152 0.021282468 0.0007871679 0.058924586 6.647855e-05 0.013547416 0.0693818 1.7433464e-05 0.08330947 0.095701545 0.2143804 0.024743812 0.0074615246 0.007484409 1.6591099e-05 0.021340739 0.010092781 0.021959262 0.0020723839 0.0024055508 0.020865018 0.0060709715 0.0110465335 5.3062686e-06 0.0018574923 0.030144943 0.015259999 0.0007517059 0.000533835 0.0039728116 0.0006299848 0.0022753826 0.0030670303 0.0002353262 0.00037861863 0.0034833793 0.00013334176 0.020548115 0.056914806 0.0029994047 0.015937196 7.84031e-06 0.00027716014 8.030666e-07 1.738616e-05 3.175171e-05 0.05420963 0.00093828485 2.5459804e-06 0.0008533246 5.4284756e-05 6.503469e-05 1.1389211e-05 0.0002913194 7.798445e-06 0.016558751 0.007967785 0.00068245624 1.31126035e-05 1.703725e-07 4.0970343e-05 4.8111673e-08 0.00089737 7.357893e-07 6.140757e-06
0.043938316 0.009093623 0.005952677 0.007288109 0.025039345 0.00038699468 0.13880838 0.6896296 1.9953484e-06 0.0006270522 0.00018597963 0.030558812 0.83970296 2.7001606e-05 1.33971635e-05 0.15222074 2.88912e-21 0.002118258 0.00015642233 2.274136e-05 0.083417535 0.011495278 0.00024167789 0.6985047 0.30385745 0.00042377564 0.0001539548 0.06409655 0.0053761494 0.36997738 0.0011115927 0.5709318 0.011428272 0.010647508 0.06363525 0.00072016194 0.008092997 8.975528e-06 0.12680537 0.049011007 0.031887196 8.164567e-06 0.02082837 0.010269916 0.0017644248 0.001126062 0.012434321 0.014104607 0.008899223 1.2024249e-06 0.0033326226 0.0033193578 9.65285e-05 0.00012762487 4.1525477e-06 0.014650576 0.0036052768 7.664826e-06 0.006795403 5.0130335e-08 0.00050757674 0.0010084683 1.5096472e-05 4.16066e-05 1.2189395e-05 0.00013946087 0.0007136926 0.0018165126 0.00030970003 3.5140056e-06 6.342954e-07 0.00038005388 0.00016731792 0.00056080066 0.0004780265 0.00024651343 1.7282988e-05 2.9438586e-06 2.1765743e-05 4.2266986e-08 9.356439e-06 1.7981974e-05 0.00082780607 2.8107448e-05 2.0152034e-07 3.481345e-05 8.662655e-06 5.4348698e-06 1.301987e-05 3.0954466e-06 2.386901e-06 0.00048000683 1.3073345e-05 1.3677478e-06 8.202813e-07 2.257224e-09 8.51398e-07 9.678358e-10 1.5674937e-06 1.8654308e-06 3.218413e-07
0.99580336 0.15816844 0.46543458 0.42189893 0.036779013 0.005130263 0.2464357 0.14386776 0.48118806 0.5792791 0.41084075 7.008929e-05 0.032097038 0.40551746 0.03029794 0.071806006 0.002118258 5.15733e-15 0.77414006 0.53153557 0.0064011095 0.047237556 0.38276756 0.0011821473 0.00010943632 0.1196537 0.4076778 0.012741484 0.0024624525 0.00033139758 0.009866925 0.002601028 0.0038371899 0.0015769346 0.00096617517 0.49568337 0.0007659737 0.04818218 5.11566e-05 0.00015023391 2.3896808e-05 0.1750689 0.00032608554 4.28331e-06 0.0007479029 0.00047833295 0.011453249 3.573947e-05 3.5351245e-06 0.033819366 4.438704e-05 3.0406313e-06 1.3457784e-05 0.0036506217 2.8561431e-05 0.00055672735 3.7018526e-05 0.01642999 4.324913e-07 0.4027689 6.886844e-08 0.0029221089 0.05432206 1.8487052e-06 6.721763e-06 0.0009778206 6.610074e-09 7.536458e-06 3.5526463e-07 2.1669114e-06 3.5358091e-06 2.9870598e-06 1.0620078e-08 0.20843795 0.30585185 1.5963158e-05 0.21755967 6.917386e-08 2.752412e-06 1.0886768e-07 1.2199959e-10 3.5743076e-07 0.27742222 4.4914605e-06 3.387146e-08 1.5762385e-05 8.47695e-10 3.186165e-10 7.468318e-11 5.599957e-06 2.7092602e-11 0.011654982 0.05509821 5.2533987e-06 7.8463555e-11 1.15468114e-10 5.3081632e-09 5.577505e-09 1.2822856e-07 1.5982481e-08 3.3501785e-10
0.99461275 0.124270126 0.44017848 0.2717047 0.012157476 0.0005874078 0.29834515 0.12692875 0.2249219 0.34229866 0.29593378 9.580215e-07 0.020397538 0.2571702 0.0051071616 0.078656726 0.00015642233 0.77414006 2.4883234e-16 0.2631515 0.021126986 0.108314745 0.13384774 2.291756e-05 1.6289597e-06 0.46335927 0.19739817 0.07408037 0.02114376 0.003886995 0.03910808 0.0007050709 0.020101672 0.0005088194 0.0004019508 0.33692396 0.0063560894 0.18149194 2.2596797e-07 2.8706925e-05 1.936113e-08 0.34835026 7.1557e-05 6.8294286e-09 0.00033895794 0.0009324043 0.034329485 5.468341e-06 1.2482296e-06 0.15719086 7.4327278e-09 5.355307e-06 2.5089157e-05 0.018923515 4.0280092e-06 2.5519287e-06 5.3829546e-05 0.055237513 1.9840768e-06 0.16859987 1.8861738e-07 0.0071942783 0.10395286 6.342114e-07 3.338585e-06 0.0020234094 2.5641735e-09 1.4077236e-06 1.7138786e-06 1.9046836e-07 2.976659e-07 1.1694969e-05 2.7413177e-10 0.19523543 0.29873374 9.3133815e-05 0.3619659 1.8581625e-09 3.2783495e-07 1.311865e-08 3.0477336e-09 5.2240566e-08 0.25322458 5.6419925e-05 2.1123528e-08 3.0024868e-05 7.279855e-08 4.4753476e-09 1.1014184e-09 4.6680845e-05 2.9905342e-10 0.012657205 0.1224938 8.290108e-05 1.0231377e-09 1.3729907e-12 9.888397e-09 2.0827615e-10 7.254168e-07 8.331849e-10 1.0520116e-09
0.9831341 0.026060758 0.09134852 0.13013944 0.0019447666 0.00012894688 0.017649053 0.009044647 0.35963386 0.45920458 0.35133153 1.0191164e-06 0.0015220776 0.63211876 0.007378922 0.0036666822 2.274136e-05 0.53153557 0.2631515 6.516489e-16 9.6739175e-05 0.0018850043 0.85086745 8.1748985e-06 3.2527116e-06 0.029380199 0.6439934 0.0052624755 0.001144119 0.00031896678 0.0011814046 7.493446e-05 0.00040199602 3.5412842e-05 9.920413e-06 0.595608 0.00032572998 0.010200261 4.8687457e-07 7.70662e-06 6.969841e-09 0.058113005 2.9420796e-06 5.557117e-09 4.5575576e-05 0.00010278052 0.005389797 4.389873e-06 8.945904e-07 0.012269689 6.3870803e-10 7.258729e-07 5.245279e-06 0.0030589695 2.0930622e-06 5.911788e-07 1.4061766e-06 0.0077935425 2.1263487e-07 0.45826662 3.1162987e-08 0.0006294968 0.027884101 1.2987941e-06 5.85461e-07 0.000600683 3.4944039e-09 1.063437e-06 8.6957164e-07 1.0998513e-07 1.2433365e-07 4.2627466e-06 1.6070815e-09 0.19807762 0.19271876 2.5253978e-05 0.16903155 1.0792913e-09 2.2816424e-08 3.977042e-09 3.111093e-10 3.811233e-09 0.12384077 4.574974e-06 1.8870094e-10 1.4177523e-05 5.3113935e-09 1.2015335e-09 3.4938086e-10 8.919679e-06 6.1601904e-11 0.0010315352 0.05214564 1.1101914e-05 3.3804426e-10 1.6863355e-12 1.0269878e-08 1.7236032e-10 5.2429726e-08 3.728931e-12 7.047397e-10
0.9828722 0.038946465 0.0054876064 0.0050011515 0.008752294 0.00015118538 0.09499579 0.13090849 3.8872673e-05 0.00018199589 1.954827e-05 4.9445356e-05 0.5068769 3.0678697e-05 7.7093506e-07 0.9011509 0.083417535 0.0064011095 0.021126986 9.6739175e-05 8.4361953e-20 0.6420408 0.0017254268 0.020974161 0.0009677009 0.07726581 0.00068419136 0.1909435 0.18731852 0.5557026 0.08073859 0.26439536 0.5185572 0.5256631 0.49242234 0.000473121 0.29883987 0.031567875 0.004957816 0.26197246 7.581315e-05 0.011889026 0.10650803 3.6150028e-05 0.23309857 0.23330353 0.5086912 0.04792521 0.08657188 0.0014435851 1.0675828e-06 0.09786694 0.033564314 0.12257733 0.020139098 0.003120729 0.06250785 0.008854322 0.044685643 2.3494852e-08 0.0060650953 0.32128808 0.014147506 0.0049740323 0.005037293 0.05695705 0.0021431986 0.00915744 0.023809902 0.0010771059 0.0031453583 0.026741747 0.0009835556 0.0059464443 0.0153722055 0.025647635 0.0025697656 7.082616e-06 0.0007371969 6.652161e-05 2.6270101e-05 9.3912364e-05 0.022604952 0.007049405 7.0270195e-05 0.013963727 0.000119111675 7.842654e-05 6.064826e-05 0.0035828794 1.5346131e-05 0.13137768 0.0071269865 0.0031904862 2.523342e-05 1.9163764e-08 0.00010037338 9.24955e-08 0.00925709 4.67169e-06 1.6127578e-05
0.9480625 0.04686982 0.021880547 0.015093588 0.003513996 0.000102001584 0.22609828 0.10392445 0.0005607397 0.003202329 0.0017817339 6.191094e-05 0.1494311 0.00095929747 5.080099e-06 0.6865928 0.011495278 0.047237556 0.108314745 0.0018850043 0.6420408 3.0539225e-18 0.0056406506 0.0006131283 6.848194e-05 0.23064771 0.0019183863 0.29100984 0.53205866 0.6090057 0.416961 0.11577386 0.8263132 0.2907669 0.17201418 0.003564909 0.4155077 0.13345103 9.1487964e-05 0.032268498 1.3047008e-06 0.052604936 0.021211173 9.526698e-07 0.1537143 0.24862845 0.44032747 0.018976538 0.007341884 0.015681434 1.4669874e-06 0.03692887 0.036061306 0.24093308 0.009828373 0.00040318986 0.09422812 0.040504202 0.018635286 1.6408483e-06 0.002627648 0.123608164 0.07787376 0.0010034802 0.0009696067 0.050708305 0.0012976949 0.0006187308 0.0072309203 0.00048174054 0.0023345046 0.011571116 0.00023406852 0.014373841 0.052907225 0.010120183 0.028766755 4.8197644e-06 8.061344e-05 7.261938e-06 7.810231e-05 7.374015e-05 0.06030961 0.0056827874 2.6078533e-06 0.015715396 0.0003250513 0.00012247231 6.5961896e-05 0.004641878 2.9541874e-05 0.037410967 0.01717056 0.0053784237 5.4226595e-05 1.3126565e-07 8.826827e-05 6.7423144e-08 0.0053912364 1.4721442e-07 1.8141218e-05
0.99692565 0.032589022 0.10580705 0.15767168 0.0047114887 0.001350242 0.021623475 0.011643987 0.37679756 0.44038412 0.44349393 7.840638e-06 0.0038645496 0.8666126 0.03834365 0.008878184 0.00024167789 0.38276756 0.13384774 0.85086745 0.0017254268 0.0056406506 2.6212358e-15 6.288488e-05 3.722909e-06 0.007835067 0.88998353 0.0013459082 0.00017582037 0.00020617132 0.0004235807 0.0011244502 0.00030460008 9.6993586e-05 0.00011909032 0.86121345 4.801819e-05 0.003744741 6.564886e-07 1.6139925e-06 4.8125898e-08 0.02924333 0.00010959466 1.2146197e-08 1.816367e-05 3.7037982e-05 0.0016174087 9.699496e-07 1.09102594e-07 0.006285994 2.9105387e-08 5.6874745e-07 2.467177e-07 0.0009730985 2.1555084e-07 0.00069506717 7.9512733e-07 0.0033383053 1.4693263e-07 0.732788 3.6539805e-10 1.45167105e-05 0.014018714 9.776112e-07 7.64773e-07 5.1775958e-05 2.1662427e-09 1.4794396e-06 7.460791e-10 9.067229e-10 1.647384e-09 3.1597697e-08 8.1358e-10 0.25602877 0.21935518 1.5322834e-07 0.13550669 5.781069e-12 1.10036964e-07 2.5812377e-11 5.676156e-12 2.9927068e-11 0.22242534 2.6082922e-09 1.19949215e-11 8.897922e-11 5.6277347e-11 1.171368e-12 6.5870946e-12 5.5399036e-11 1.518777e-12 6.352684e-05 0.0173162 9.668114e-11 1.0576173e-12 2.9471813e-14 4.0139327e-13 4.776736e-14 2.0976261e-12 4.848929e-12 1.9688279e-12
0.077014685 0.00012892131 0.0018414323 0.0021378964 0.00049189525 7.756678e-06 0.0028904306 0.054550365 5.2646607e-07 0.0003020242 1.6241586e-06 0.008456281 0.43468082 1.04777455e-05 5.663505e-08 0.013708337 0.6985047 0.0011821473 2.291756e-05 8.1748985e-06 0.020974161 0.0006131283 6.288488e-05 7.1307164e-17 0.7019508 1.4349091e-05 0.0001828185 0.004498442 0.00096784806 0.043719117 9.8563294e-05 0.35292563 0.002309181 0.0017521287 0.053353716 0.0006026332 0.0043318872 6.263652e-06 0.5535336 0.11725475 0.38741517 4.4690464e-06 0.0069249207 0.1944795 0.0005322035 0.0003818714 0.0023416823 0.02703827 0.044702724 1.92339e-07 0.09274082 0.012351418 0.00022008087 0.00014746223 1.1590398e-05 0.022567483 0.001651638 1.4911718e-05 0.02230688 6.219288e-08 0.0043495945 0.0033344047 2.1573676e-05 8.2967046e-05 3.344358e-05 0.00020642669 0.0021664125 0.0038432784 0.0033970082 4.0733953e-06 1.199657e-07 0.0016933946 0.00040095803 0.00046191795 0.00042534518 0.0019723154 5.248902e-06 0.00014867337 9.2144954e-05 3.2588017e-07 1.04830715e-05 0.00055292324 0.00054117927 0.0006632406 3.543401e-06 7.2686453e-06 1.1923266e-05 7.902027e-06 2.5396062e-05 2.3797413e-06 7.976394e-06 0.0029999441 6.9372356e-05 4.979195e-06 2.7568004e-07 4.7742776e-10 8.42592e-07 5.489154e-11 8.54765e-06 7.176797e-05 8.750968e-08
0.0010323294 1.3164753e-05 0.0005311952 0.0010590886 0.002606072 0.00012002493 0.00021485603 0.046587184 4.9827573e-08 4.222056e-05 1.3735065e-05 0.1838063 0.11867324 3.4077948e-06 2.2371778e-05 0.0020125187 0.30385745 0.00010943632 1.6289597e-06 3.2527116e-06 0.0009677009 6.848194e-05 3.722909e-06 0.7019508 1.8184368e-14 9.739484e-07 6.292609e-05 0.00020470194 0.00012686702 0.0017559844 3.7760333e-06 0.0126784425 8.155474e-05 5.1316085e-05 0.0021385632 0.00016580953 0.00087319704 3.311301e-07 0.035820417 0.005063427 0.41698074 9.3656865e-08 0.00022436144 0.06914526 7.772265e-06 1.3290053e-05 0.00023049305 0.00030780875 0.0008859419 1.256129e-08 0.34695694 0.0006707401 6.1494184e-06 1.8600918e-05 9.812615e-07 0.002277648 0.00036093962 2.5643023e-06 0.00033463698 1.5910366e-08 0.00018342452 0.0005106847 3.328452e-07 2.6974747e-06 4.442988e-06 3.8303966e-05 0.00018209708 0.00034301792 0.00020663548 6.4552154e-07 1.9568366e-08 0.00043001995 0.00013598727 4.9028487e-05 1.4410403e-05 0.00037166287 2.5966597e-07 6.2182276e-06 4.6896794e-06 3.1410744e-07 6.2099184e-06 8.726559e-06 2.351096e-05 3.6994705e-05 7.5284873e-07 3.4229518e-07 2.2313343e-06 2.3519447e-06 8.439345e-06 1.418511e-07 4.288844e-06 8.17378e-05 1.0922251e-05 1.7759581e-07 1.0580173e-07 2.938575e-11 7.636357e-08 4.6465045e-12 4.8584557e-08 7.742622e-06 5.494599e-08
0.9800048 0.0717771 0.040111236 0.01844683 0.00028440627 2.0760028e-05 0.15464723 0.016807439 0.008466744 0.010578168 0.013492631 3.0730556e-07 0.013036544 0.009492487 1.0169053e-05 0.0779523 0.00042377564 0.1196537 0.46335927 0.029380199 0.07726581 0.23064771 0.007835067 1.4349091e-05 9.739484e-07 1.0930053e-17 0.01050771 0.6969757 0.47202843 0.26566324 0.5536492 0.0017413318 0.12665147 0.01071747 0.017717801 0.02204628 0.101023555 0.80830425 1.9193295e-07 0.0014559072 4.1985768e-08 0.5581532 0.00042735742 3.760982e-08 0.0036435034 0.012059161 0.4353997 0.00058418215 0.00024985088 0.29771334 2.7301802e-08 0.0033249273 0.0029272507 0.43667147 0.00015840768 1.21067105e-05 0.017267833 0.42002365 0.00064461643 0.007118679 0.00020677583 0.056518767 0.44409853 1.3294922e-05 2.6438622e-05 0.037968226 2.0287673e-05 4.309097e-06 0.00024648287 1.0952302e-05 9.034858e-05 0.00165327 7.588699e-07 0.03348691 0.18082792 0.0036756487 0.2514712 1.1525623e-06 1.2137514e-06 1.201246e-07 4.0646605e-06 3.0009023e-06 0.22311264 0.003616241 5.3121767e-08 0.0020147099 5.0199014e-05 6.0893663e-06 2.9962896e-06 0.0023265968 1.2969772e-06 0.056209538 0.19684564 0.0047729556 1.530895e-06 7.174866e-09 4.180071e-06 1.1514954e-08 0.0009887506 7.3738735e-09 6.8837807e-07
0.7646792 0.008144263 0.037919685 0.0683028 0.0015416249 0.00032269498 0.027033847 0.004059286 0.20877549 0.45515206 0.4602222 0.00010652092 0.00087490125 0.7521734 0.011658567 0.0029310288 0.0001539548 0.4076778 0.19739817 0.6439934 0.00068419136 0.0019183863 0.88998353 0.0001828185 6.292609e-05 0.01050771 2.6566976e-10 0.007234862 0.0014766114 0.0013684676 0.0017003395 0.00035893518 0.0012233737 0.00041914897 0.00030462418 0.8132965 0.0011920753 0.008573838 7.677091e-05 2.5227811e-05 1.0744467e-06 0.02515176 5.93475e-05 6.525107e-07 0.000639815 0.0024864313 0.010928786 7.7361525e-05 1.3368944e-05 0.018718507 5.31984e-07 0.00030250242 0.00026902198 0.015592519 0.00017258356 0.0004993245 3.6487523e-05 0.015968885 4.823602e-05 0.5379866 2.6452795e-05 0.002499517 0.04600608 8.5784246e-05 6.166804e-05 0.0022362364 1.3922723e-06 7.828882e-05 3.8868708e-05 6.777927e-06 1.9258641e-05 9.140546e-05 3.4344194e-07 0.79401433 0.42567366 0.00039356988 0.5596761 4.273034e-07 2.5789536e-06 2.5344042e-07 2.3901148e-08 3.7903223e-07 0.28543702 4.7299487e-05 4.5355023e-08 5.90977e-05 6.5237785e-08 2.5891609e-08 9.236745e-09 2.0564083e-05 2.7107154e-09 0.00013884126 0.042785123 1.5866644e-05 6.8776647e-09 9.627416e-10 3.6086732e-08 5.552649e-08 1.7072236e-07 3.358079e-10 7.0881394e-09
0.9939106 0.07177525 0.034237154 0.016362432 0.016569966 0.00023010648 0.18214554 0.13417268 0.004155248 0.0017158348 0.001985595 5.7330493e-05 0.292113 0.0033786874 3.4175766e-05 0.19881089 0.06409655 0.012741484 0.07408037 0.0052624755 0.1909435 0.29100984 0.0013459082 0.004498442 0.00020470194 0.6969757 0.007234862 6.821954e-17 0.43132216 0.5912408 0.33108982 0.011886357 0.11779747 0.022049664 0.04429823 0.009127073 0.20586771 0.3521558 8.814302e-05 0.011293734 3.4858117e-06 0.15260033 0.0054227454 7.8126584e-07 0.006269596 0.01329484 0.5306626 0.00079928496 0.00031273894 0.011630521 4.5318382e-05 0.002792451 0.0023001349 0.109851815 0.0008806085 0.00063717656 0.0060957586 0.049075868 8.67807e-05 0.0057253703 5.559203e-06 0.057469133 0.045215935 7.170051e-05 0.00019119172 0.0067143226 2.967242e-06 2.1026886e-05 1.6159778e-06 5.363053e-05 2.1364796e-05 4.241565e-05 1.425406e-06 0.012295054 0.04838454 0.00032094953 0.020142784 1.1205689e-07 2.6008022e-06 3.1703658e-07 3.6636635e-08 1.213778e-06 0.058175016 1.7530996e-05 1.5730728e-07 5.258547e-06 2.0327953e-07 2.0349008e-08 5.251069e-08 6.347036e-06 2.2817861e-08 0.021798111 0.019006 1.0055949e-05 8.012695e-09 3.13589e-09 2.4619706e-09 2.720873e-09 1.7681044e-06 1.0084611e-06 1.3771742e-08
0.98139036 0.014738674 0.008507103 0.0042066714 0.0057981517 0.00017027889 0.03997924 0.03871053 0.0002403125 0.00019732739 0.00037573616 1.1077669e-06 0.087100625 0.00041425115 7.241685e-05 0.20997174 0.0053761494 0.0024624525 0.02114376 0.001144119 0.18731852 0.53205866 0.00017582037 0.00096784806 0.00012686702 0.47202843 0.0014766114 0.43132216 2.3635204e-17 0.72155 0.8223794 0.009882021 0.29683426 0.06499524 0.06645272 0.0012870994 0.58488256 0.2588408 7.3746756e-05 0.013152286 1.4941925e-07 0.046819575 0.0075537963 1.4316066e-07 0.05136753 0.09250201 0.63741654 0.0032821412 0.0047525642 0.022094367 2.2976229e-07 0.01123777 0.010195332 0.3938979 0.00776725 6.044541e-05 0.1591548 0.0897077 0.0064755613 9.816027e-06 0.0004952276 0.27780712 0.069540605 0.00044371004 0.0014134054 0.088903405 0.00027387758 0.00010542702 0.0006337625 0.0005334548 0.0028800725 0.0052476935 4.1520154e-05 0.0061679343 0.017867068 0.0070305895 0.009779204 2.1685612e-06 2.20107e-05 1.1773953e-05 7.2923144e-06 5.2121736e-06 0.038962856 0.0025834485 2.6001276e-06 0.006902872 1.2873573e-05 1.9583369e-05 5.543247e-06 0.006812497 1.3259132e-06 0.104701124 0.037405483 0.00793119 2.996624e-06 9.960575e-09 6.7612837e-06 4.7597073e-08 0.0028979075 2.6929317e-07 2.196485e-06
0.98750955 0.014548692 0.0041902126 0.0023934718 0.011385336 0.0002679706 0.022858273 0.15945579 0.00018254308 8.07434e-05 0.00017170118 0.00023410401 0.55298054 0.00023221532 4.577617e-05 0.45009974 0.36997738 0.00033139758 0.003886995 0.00031896678 0.5557026 0.6090057 0.00020617132 0.043719117 0.0017559844 0.26566324 0.0013684676 0.5912408 0.72155 6.4091e-16 0.61392486 0.056660727 0.49696928 0.16757262 0.21116693 0.0009227933 0.63378996 0.09242415 0.0025202637 0.09387868 9.3977316e-05 0.019565713 0.028063858 3.5325786e-05 0.04892312 0.120416425 0.5619937 0.008881203 0.007843698 0.0025322398 9.6942626e-05 0.045121837 0.016858665 0.08455322 0.008720645 0.009080926 0.07015679 0.021383211 0.0033070333 1.1062693e-05 0.0006554292 0.23066193 0.010980033 0.00085676287 0.0017019302 0.027088048 8.440921e-05 0.0004918493 0.00019034628 0.0004232556 0.00026940275 0.0010883729 4.0005583e-05 0.000821281 0.008744779 0.0033861063 0.0009778332 2.9862254e-06 1.9448566e-05 3.896492e-06 1.1986718e-06 2.074738e-05 0.017888092 0.0004341248 6.9586764e-07 9.287279e-05 1.2131005e-05 8.361217e-07 2.0208895e-06 4.425073e-05 8.4538414e-07 0.029977672 0.009484456 0.000110692214 4.5120575e-07 5.8367117e-08 8.9727024e-08 1.06476215e-08 2.9639941e-05 3.5679138e-06 5.760523e-07
0.95845455 0.008277019 0.0105778705 0.008250094 0.0008216551 2.8737059e-05 0.039581988 0.029298104 0.00021864533 0.001267447 0.0009933114 8.601748e-07 0.0235777 0.00038298598 5.1480045e-05 0.102498814 0.0011115927 0.009866925 0.03910808 0.0011814046 0.08073859 0.416961 0.0004235807 9.8563294e-05 3.7760333e-06 0.5536492 0.0017003395 0.33108982 0.8223794 0.61392486 4.1065045e-20 0.006742132 0.24819554 0.055594027 0.03934861 0.0032448668 0.5346769 0.3983686 6.070737e-06 0.008613791 3.942054e-08 0.06261874 0.003125034 7.659433e-08 0.06150972 0.14471152 0.58997434 0.0040251426 0.0049435506 0.03796397 6.5401713e-07 0.014231426 0.021415541 0.55514246 0.005832016 4.604491e-05 0.15752977 0.17287466 0.010594509 1.3146675e-05 0.0016190469 0.28653234 0.11067299 0.0002910747 0.00081433577 0.20496744 0.0005229842 6.0049995e-05 0.0018076481 9.2297545e-05 0.002338113 0.009859146 6.1033697e-05 0.008231975 0.03518967 0.0152258715 0.017069742 1.664945e-06 1.0751329e-05 1.9917893e-06 4.34993e-05 9.471706e-06 0.052481662 0.0075317854 4.3212435e-07 0.011211506 0.00026958238 0.00012025179 2.9393968e-05 0.009525519 1.4966011e-05 0.08220586 0.07307088 0.0145634 4.1382347e-05 4.6101963e-08 9.2373186e-05 4.18216e-08 0.0037883914 3.515363e-08 2.0769196e-05
