8.9820805e-13 0.98838913 0.98499674 0.9471266 0.9214428 0.97015476 0.94351417 0.98801005 0.94684386 0.93797666 0.96940786 0.97356737 0.105202444 0.38643387 0.7927036 0.9816817 0.8399889 0.85347784 0.23280317 0.98450214 0.99262965 0.87542355 0.2747398 0.9847426 0.9904192 0.9760733 0.97386825 0.97358 0.7110532 0.99121445 0.009201219 0.7314702 0.7501049 0.9939769 0.9620645 0.9815013 0.97239816 0.7766126 0.16767539 0.9282808 0.9644672 0.9830434 0.9228495 0.89719707 0.9844276 0.95144933 0.9907752 0.98413074 0.9003568 0.9812263 0.97171426 0.9590888 0.89258474 0.99045074 0.97423536 0.9613892 0.9994598 0.18725234 0.9782802 0.8882264 0.98504 0.9857125 0.9170101 0.99600655 0.9438401 0.79461193 0.9795813 0.81753105 0.86145765 0.3853505 0.9996272 0.75886005 0.9790993 0.99102634 0.9999682 0.9724128 0.91113913 0.9972922 0.80129534 0.99814796 0.074992344 0.82912815 0.0039136014 0.9356074 0.48977137 0.85976183 0.99879074 0.25089824 0.9641746 0.92802954 0.87504303 0.11568012 0.9996522 0.7774832 0.9298679 0.7461797 0.86463827 0.34193963 0.9567549 0.44241297 0.8739987
0.98838913 2.5704902e-13 0.9490513 0.96591127 0.91293603 0.5754424 0.75216115 0.467276 0.6918687 0.31913257 0.6064315 0.44874176 0.06843252 0.14380367 0.1074684 0.13705231 0.07450086 0.005651638 0.00031992857 0.035334803 0.84127337 0.02286446 0.0118653085 0.052568648 0.12642837 0.030411217 0.020878188 0.0036593308 0.03304474 0.0003195282 0.0046653063 0.0030463464 3.724129e-05 0.37569168 0.007750919 0.53857374 0.04891532 6.190504e-05 0.00027401056 3.0015262e-06 0.05259292 0.0053050956 0.003190944 6.590191e-05 0.00031456267 0.00070397236 0.2870329 1.2799436e-05 2.9564508e-05 0.0028886353 0.032534637 0.0013026744 5.4776738e-06 9.449479e-05 3.2204684e-06 5.4775064e-06 0.84680027 1.2979843e-08 0.00027442008 2.2669015e-07 0.00052854733 0.00029290337 9.459455e-06 0.056811597 3.0131145e-05 6.8315e-09 0.00010980787 6.39818e-07 3.2887613e-07 4.061907e-09 0.0011692209 5.5825717e-07 5.381923e-07 7.284686e-05 0.13742787 7.766813e-06 4.245822e-07 9.498856e-05 3.2038102e-08 7.28238e-05 1.8104678e-09 3.4972512e-05 7.9345813e-10 8.566284e-09 2.1295001e-09 1.2421597e-07 0.00016696104 6.9098355e-10 0.0011142801 0.0006820177 1.3730205e-05 1.0923145e-11 0.010813743 5.2379305e-06 0.005102828 5.1741576e-06 8.322741e-06 4.3454892e-07 5.11377e-06 3.2550864e-09 4.073112e-06
0.98499674 0.9490513 6.04377e-12 0.9372839 0.9761515 0.8352733 0.53022563 0.3666661 0.4563095 0.861556 0.20386069 0.114354655 0.16071953 0.10671141 0.47718695 0.03657996 0.005986694 0.030694298 0.004121213 0.0069664363 0.772704 0.0011623768 0.008364217 0.013178321 0.3747463 0.0064903996 0.006460276 0.00697414 0.0029037131 2.3659206e-05 0.00031958186 0.004874124 0.0001168523 0.19368245 0.003463615 0.4820073 0.051998623 0.00014654647 0.0011015788 3.0066272e-05 0.06127108 0.0051720664 0.0021589503 1.6788734e-05 0.00035512543 0.00016784084 0.20491576 1.911823e-05 7.741004e-06 0.00062863267 0.041695394 0.0003268801 3.847578e-05 3.4404842e-05 6.7606226e-07 2.4738894e-05 0.29200637 4.977111e-06 9.0107635e-05 1.871907e-06 0.0006204861 0.00016553776 1.9901677e-06 0.03427642 7.2085522e-06 1.9417058e-07 2.9568342e-05 3.2953592e-06 2.0370912e-06 9.603637e-08 0.00056160724 1.759315e-07 2.2265716e-07 6.3557374e-05 0.1344803 1.0984336e-06 7.043776e-08 1.21514295e-05 1.953339e-08 0.00012781206 1.4625229e-08 8.834343e-06 5.0303197e-09 2.796695e-08 3.5109318e-09 1.5582453e-06 2.5776197e-05 2.2766597e-09 0.00084960565 4.663239e-05 4.3781665e-06 1.5468727e-08 0.012504333 2.1539784e-06 0.003202697 1.4227298e-07 8.6781955e-07 1.9675788e-07 9.665572e-07 2.852083e-08 1.6985985e-07
0.9471266 0.96591127 0.9372839 2.3297775e-13 0.9853181 0.8924643 0.39075828 0.6646595 0.35654914 0.7821322 0.14577797 0.086305685 0.142581 0.24583142 0.41758907 0.02724035 0.007683691 0.004123804 0.0017735871 0.008980545 0.52558523 0.0031855153 0.020821322 0.019544782 0.18343733 0.011138684 0.008341634 0.0028891948 0.0028322062 0.00010424596 0.0006467087 0.0007740647 0.0002524005 0.10930764 0.0034442106 0.23266758 0.01812064 6.3427156e-06 9.0721136e-05 9.515535e-06 0.017097576 0.0024514715 0.0006258257 3.3817254e-05 0.000112092224 0.00022985731 0.05901995 1.1124936e-05 1.582166e-05 0.0012198142 0.008695843 0.0006124792 2.2390219e-05 0.00013750262 6.3179573e-06 7.06819e-06 0.4176967 1.6955251e-07 7.548489e-05 2.819486e-07 0.00013562488 0.00012986666 9.3740647e-07 0.018895391 1.7811409e-06 3.880657e-08 1.6884334e-05 6.370115e-08 2.1658957e-07 5.8324687e-09 0.00042196087 1.800306e-07 1.7503665e-07 3.18089e-05 0.03794808 1.6672093e-06 6.621081e-08 1.0797236e-05 5.2796483e-09 6.36628e-05 2.7574326e-10 2.090391e-06 6.2400107e-12 4.5812065e-09 4.05859e-10 6.935882e-06 6.664778e-05 7.889219e-10 0.00019177003 3.4585944e-05 7.4855286e-08 6.2524874e-11 0.0023755932 8.653009e-08 0.00014615318 2.0885716e-08 5.854171e-08 3.3719846e-08 4.600745e-06 1.8070084e-08 1.824509e-07
0.9214428 0.91293603 0.9761515 0.9853181 2.3657983e-13 0.67512745 0.89390844 0.16575113 0.490633 0.7895166 0.055156276 0.013228284 0.19787239 0.040596355 0.07736077 0.011133787 0.0046177213 0.012479233 0.0055525913 0.0021503142 0.6932056 0.0027311533 0.0041280934 0.012043818 0.52382386 0.0063530775 0.0058626113 0.0339787 0.00016855658 2.592164e-05 2.4076013e-05 0.009747002 2.4668874e-05 0.049458224 0.0067641735 0.31467304 0.059196305 0.0001069356 0.0021099716 3.9193023e-05 0.051235273 0.013729317 0.006560634 7.377025e-05 0.00084560475 0.00054868945 0.10219499 5.549682e-07 1.7794836e-06 0.0016767023 0.0188814 0.00021223082 4.605128e-07 8.563255e-05 1.843675e-08 1.5612195e-05 0.2855373 1.216807e-07 1.6900445e-05 6.1564566e-07 0.00069661334 7.940135e-05 9.126057e-08 0.006917601 2.7851582e-05 1.6970384e-08 1.2476006e-05 5.946803e-08 8.306406e-08 5.388976e-10 0.0011221599 1.5663446e-06 1.5744092e-08 8.090766e-05 0.032500923 1.08375644e-07 3.304052e-09 2.8087577e-06 9.155046e-09 0.00053662347 4.5172385e-10 8.817241e-06 7.5638396e-10 8.2772494e-10 1.923431e-10 4.28495e-07 9.3266735e-06 1.266767e-10 0.001917941 2.1646438e-06 3.022714e-06 3.5273867e-11 0.010029588 2.5797995e-08 0.0028586583 2.9872178e-09 1.395991e-06 4.6096424e-08 3.1924841e-07 1.3702328e-09 8.9550833e-10
0.97015476 0.5754424 0.8352733 0.8924643 0.67512745 1.175206e-08 0.09784407 0.9449973 0.02349852 0.9166658 0.014584387 0.06588821 0.107172176 0.8254967 0.98228955 0.0029514024 0.0020378549 0.0036682035 0.0030278442 0.09677372 0.5116982 0.009158676 0.0907946 0.013290048 0.16248614 0.0020947927 0.000115454815 0.008232759 0.010777544 8.162956e-06 0.00036097458 0.00018403603 5.5285946e-05 0.140378 0.00015350383 0.12023486 0.0082219755 2.0833391e-05 6.7700844e-06 1.6154138e-06 0.012998061 0.0045211744 7.536706e-05 8.7444494e-07 9.3255316e-05 2.4834642e-06 0.04372612 5.5077177e-05 6.1165706e-06 2.68086e-05 0.010297892 2.4981286e-05 0.00021981323 5.046878e-07 1.7324234e-06 1.645271e-05 0.81525815 1.5884783e-07 0.000106266845 1.1037897e-07 5.72656e-06 4.5820434e-06 2.1054968e-06 0.08707494 4.167133e-05 9.152937e-08 5.2016367e-06 4.189549e-06 3.703618e-07 1.2206931e-08 0.0006642981 4.4086286e-07 5.837655e-07 0.00026380256 0.08252113 1.7023984e-05 1.1982306e-06 4.7600548e-05 1.1702465e-09 0.00019441063 1.0445532e-10 8.322105e-08 2.3539492e-11 1.4903051e-08 1.3189377e-08 3.94734e-06 2.0900017e-05 1.269932e-09 9.814449e-05 0.0001168181 1.2101891e-08 2.5251519e-09 0.0014128771 7.8704625e-06 4.0033865e-05 3.2393396e-07 2.2119963e-08 4.7453575e-08 3.4669144e-06 1.0104933e-08 1.3449785e-06
0.94351417 0.75216115 0.53022563 0.39075828 0.89390844 0.09784407 5.399617e-13 0.020394478 0.9848047 0.8449591 0.2421465 0.023138607 0.9189995 0.0061366702 0.094498776 0.026565228 0.00836039 0.7986171 0.14794087 0.0001380292 0.7159618 0.0004888033 0.0007506869 0.0016282289 0.9347418 0.002196704 0.01863286 0.7063775 0.00015087212 1.458184e-05 6.9339117e-06 0.72149754 6.5253716e-06 0.00995937 0.0033271052 0.21752755 0.13929726 0.05106388 0.47030768 0.060822275 0.06826732 0.027355378 0.028424963 0.023709193 0.003215919 0.00015365836 0.08357391 4.758931e-06 2.8005916e-06 0.0007089353 0.023130719 2.1429196e-05 1.0353107e-05 0.0001514229 1.2827687e-07 0.0019027523 0.07807209 9.999703e-05 5.518046e-06 5.3473737e-05 0.0030275541 3.2585063e-05 1.6001049e-07 0.002398619 0.000604404 5.1183724e-09 2.5269649e-06 0.0004294761 2.8772214e-05 2.5352612e-10 0.0024145723 0.0004871064 7.68073e-09 0.0001287967 0.03874981 9.3708685e-08 1.913491e-08 3.545427e-07 4.4020176e-08 0.00023988176 9.761289e-09 1.5287731e-05 3.0718363e-09 1.7199842e-10 1.210821e-09 4.4227062e-07 1.1074649e-06 4.9150434e-11 0.0015538774 6.187346e-07 2.766266e-05 7.8384316e-10 0.008655521 2.2507345e-07 0.0016088545 8.767053e-09 9.324882e-07 6.8225674e-09 8.070705e-09 3.2116458e-09 8.8287926e-08
0.98801005 0.467276 0.3666661 0.6646595 0.16575113 0.9449973 0.020394478 1.4295946e-12 0.025699109 0.4650607 0.08763297 0.6188612 0.006424414 0.92910945 0.5728685 0.020385647 0.122006685 0.0013651619 9.8734345e-05 0.4460069 0.28588638 0.084700435 0.97800857 0.070086606 0.030186443 0.02935469 0.0021053094 0.00070601824 0.16577362 0.0004164773 0.011056103 9.379354e-06 0.002086852 0.3844709 0.0011001719 0.11109837 0.00625579 7.1427314e-07 8.1479567e-07 4.7251895e-08 0.012654089 0.0005903858 6.660762e-05 5.0874513e-07 1.38757405e-05 1.5539143e-05 0.059931826 9.974958e-05 2.9775278e-05 0.00016679488 0.016507814 0.00062573736 0.001106595 2.3217547e-06 1.8706052e-05 2.4396068e-06 0.92481166 2.8622264e-07 0.000260853 1.071383e-08 2.4855801e-06 7.742899e-05 1.1889405e-05 0.202662 1.7927224e-06 2.546614e-06 1.285105e-05 1.0421708e-07 8.714296e-07 8.301184e-07 6.719325e-05 5.162434e-09 5.130801e-07 1.9564199e-05 0.08198773 2.0159743e-05 5.701999e-06 6.946709e-05 2.6159258e-08 2.6586204e-05 3.082011e-10 1.5552725e-07 3.6259942e-10 1.8943418e-07 1.6511219e-08 7.232557e-06 0.00012293924 3.1366515e-08 0.00030021445 0.0008582934 4.8380844e-08 4.7900506e-09 0.0050271596 8.80538e-05 0.00028837167 2.134444e-06 2.0867597e-08 8.074346e-07 8.335403e-06 1.9041162e-08 9.896459e-06
0.94684386 0.6918687 0.4563095 0.35654914 0.490633 0.02349852 0.9848047 0.025699109 1.0574648e-14 0.062764 0.9602988 0.23335983 0.10338169 0.0035047 0.004994897 0.57346815 0.03919585 0.037442546 0.0011968386 0.0006690474 0.97474396 0.002797905 0.0004919164 0.041287616 0.8157321 0.10268557 0.51271856 0.07280442 0.0008617977 0.0001368827 4.1631927e-05 0.3041059 8.191912e-06 0.17074934 0.16917378 0.6894246 0.48055544 0.008227972 0.023716431 0.016440932 0.41282424 0.024240304 0.07972332 0.012095109 0.0006045997 0.0037789664 0.38717526 2.6848143e-06 6.291662e-05 0.0127558075 0.117738225 0.0022048035 2.1982557e-06 0.001077011 2.9170897e-07 0.00026509885 0.21626845 7.733216e-07 0.0001256098 1.2313982e-05 0.029161751 0.0011450774 2.6265654e-06 0.01224833 0.00013785633 4.974835e-09 0.00045794403 5.4690504e-06 2.2745156e-05 1.403586e-09 0.0029014281 1.2456152e-05 4.1014396e-09 0.00023093155 0.14155056 1.2693872e-07 5.629625e-07 8.6887585e-06 1.6821692e-08 0.000603977 6.475402e-09 0.00025668545 1.0235978e-10 2.6267832e-10 6.558818e-10 4.832993e-08 7.5423424e-07 5.0309666e-11 0.0042312103 6.903691e-06 0.00039591274 3.082208e-12 0.012514694 1.2567953e-06 0.0043509635 6.7610726e-09 4.840011e-05 3.3544005e-09 9.499843e-09 9.803657e-10 8.539209e-08
0.93797666 0.31913257 0.861556 0.7821322 0.7895166 0.9166658 0.8449591 0.4650607 0.062764 1.5831243e-11 0.001951198 0.0011925331 0.9832203 0.18591224 0.98173517 0.00036155633 0.00014037115 0.08071172 0.080628134 0.005948302 0.65770197 0.0017792684 0.00992217 0.0016017761 0.53302747 0.0002807403 4.3240056e-05 0.04951837 4.7338977e-05 4.029409e-07 5.5178594e-07 0.0027373228 3.140417e-06 0.02147861 6.549003e-05 0.17264909 0.018022835 3.6708072e-05 0.0002505455 1.9196828e-05 0.014793671 0.0039253887 0.00049650954 1.5025338e-06 2.306928e-05 7.196645e-07 0.038456038 4.6591538e-07 1.1946142e-07 2.4846284e-05 0.006245162 7.6240876e-06 2.157992e-06 4.8145296e-07 2.5498997e-08 1.7461267e-05 0.31197342 6.036271e-08 6.817394e-06 2.2550789e-07 4.1862644e-05 4.5449815e-06 3.7832137e-08 0.0015423439 4.3057764e-05 1.400597e-08 7.8853043e-07 4.8244203e-07 2.9961377e-08 2.5112407e-10 0.0001344831 2.2030501e-07 5.570722e-09 8.46875e-06 0.039850846 4.5963585e-08 3.456251e-08 1.9626128e-07 3.231832e-09 5.1031464e-05 1.339275e-10 3.393491e-07 2.3881324e-12 1.6253585e-09 1.6909783e-10 2.2341372e-07 7.252664e-08 4.184451e-11 0.00043448163 3.8472146e-07 2.2051973e-08 2.9800502e-11 0.0035583791 2.3330507e-07 0.00073342037 4.250876e-10 4.6742475e-08 2.0592517e-09 1.3211507e-08 1.996535e-09 3.605292e-10
0.96940786 0.6064315 0.20386069 0.14577797 0.055156276 0.014584387 0.2421465 0.08763297 0.9602988 0.001951198 2.3487514e-11 0.9018988 0.0010921565 0.0019580543 0.00056912424 0.98455507 0.12653846 0.0006814278 2.5899202e-05 0.048221916 0.7676728 0.014222145 0.000706739 0.5876494 0.08236365 0.68191195 0.80968434 0.0027848622 0.0011786108 0.0025023709 0.00018751841 0.0029623678 0.00030622678 0.7010294 0.28780282 0.71176285 0.08116925 0.000103894716 9.599723e-05 7.8434394e-05 0.23738655 0.004555724 0.012930597 0.0005226135 6.5016764e-05 0.0041035297 0.39439368 8.403804e-05 0.00107305 0.02169496 0.07050008 0.029673954 7.922458e-05 0.0019700953 3.5202866e-05 5.7604964e-05 0.2944527 3.4953135e-07 0.0008709976 4.0238665e-06 0.02869404 0.010238392 5.3563515e-05 0.052866995 6.8289182e-06 1.097362e-05 0.0019034755 5.3081712e-06 2.9395721e-06 4.130079e-08 0.0023510032 1.8167091e-06 7.4875317e-07 6.742093e-05 0.23549105 8.059161e-07 4.7362346e-06 0.00016259239 1.3229436e-08 0.00035218478 1.5959777e-09 0.00017013411 3.9892693e-11 1.6587886e-07 9.4017146e-08 3.323778e-06 7.209388e-05 2.8539373e-09 0.0041440227 7.244593e-05 0.00064601033 2.0535516e-10 0.021163793 2.9644238e-05 0.004156235 1.0375337e-07 2.9938292e-05 1.4929622e-08 2.684758e-06 2.2017215e-08 5.4486122e-06
0.97356737 0.44874176 0.114354655 0.086305685 0.013228284 0.06588821 0.023138607 0.6188612 0.23335983 0.0011925331 0.9018988 2.0900118e-14 0.00019042396 0.017035183 0.00032346492 0.7836543 0.99065924 6.517234e-05 2.301273e-06 0.7141583 0.13618456 0.56469554 0.05594279 0.9102767 0.0040146424 0.80969673 0.34261647 4.995431e-05 0.2892672 0.08471275 0.011456207 4.8803355e-05 0.0010439849 0.77215326 0.055817433 0.3081373 0.008467394 5.4668425e-07 6.7576116e-07 2.1734773e-07 0.02953725 0.0006745949 0.000549048 1.7826668e-06 2.9085827e-06 0.0011798143 0.21038279 0.0005904412 0.0024699152 0.0064480854 0.032781623 0.03724544 0.0010789355 0.00039545895 6.7267814e-05 3.3433134e-06 0.72192067 5.625516e-10 0.0029308305 1.7143093e-07 0.0018241361 0.004632052 7.4033414e-05 0.16974294 7.6804815e-07 6.983355e-05 0.001153269 5.6357464e-08 1.7081348e-08 7.294491e-08 0.00052194437 5.0595137e-09 2.070204e-07 4.649289e-06 0.2195407 1.451637e-06 1.2844422e-05 0.00014843409 8.289051e-10 3.499126e-05 1.53389e-11 3.4940958e-06 1.8983708e-13 8.081507e-08 4.2413704e-09 3.8614618e-07 2.9148845e-05 1.0971202e-09 0.0011737306 8.204319e-06 4.395067e-06 1.3957474e-10 0.010075659 7.8203817e-07 0.00091309025 8.671311e-09 6.987745e-07 1.8608758e-09 1.4255808e-07 1.1778691e-09 5.0858038e-08
0.105202444 0.06843252 0.16071953 0.142581 0.19787239 0.107172176 0.9189995 0.006424414 0.10338169 0.9832203 0.0010921565 0.00019042396 2.5760212e-17 0.0018170852 0.117393576 0.00041986548 3.484115e-05 0.05040684 0.99988335 4.3907235e-06 0.10060619 1.1843483e-05 0.0011871206 1.7996968e-05 0.32411772 7.0133315e-06 0.00013487342 0.24247615 1.2618855e-07 2.004832e-08 2.4439797e-10 0.0055267573 1.6872195e-07 0.0006425425 4.1328476e-05 0.009138055 0.0035867202 5.405801e-05 0.0025108703 2.311381e-05 0.0017990149 0.0005474202 0.00026924966 7.705716e-06 1.1568158e-05 1.014759e-06 0.00090499106 5.0523802e-08 1.8183858e-09 5.8211635e-06 0.00023680009 2.0425311e-07 7.765567e-08 5.426007e-07 1.9949589e-09 9.275688e-06 0.0017347075 8.804942e-09 3.4651162e-08 1.5409213e-06 1.3721554e-05 9.874435e-08 1.4344805e-09 1.2630716e-05 2.0548528e-06 9.896524e-10 8.109838e-09 6.2073247e-10 2.5829902e-08 5.342762e-12 2.3005325e-05 3.2446625e-08 9.4763246e-11 3.7352781e-06 0.0006291704 5.5875566e-09 2.4084174e-10 7.383387e-09 3.865826e-10 4.7823623e-06 6.3711984e-15 7.894566e-09 4.6976837e-15 4.628485e-09 2.0108146e-11 1.4880726e-08 1.0759681e-08 4.1918124e-13 4.501085e-07 3.9571186e-09 7.616555e-09 7.468862e-14 8.643494e-06 3.997381e-11 1.3168262e-06 2.0636483e-12 2.2169668e-09 6.794891e-13 8.087595e-09 6.052999e-12 6.866703e-10
0.38643387 0.14380367 0.10671141 0.24583142 0.040596355 0.8254967 0.0061366702 0.92910945 0.0035047 0.18591224 0.0019580543 0.017035183 0.0018170852 1.6500983e-16 0.9841553 0.00032434624 0.0010303333 0.00036520648 0.000117080635 0.0033672198 0.0154337315 0.0012937073 0.99988055 0.0014721731 0.0031720342 0.00030779876 6.5310094e-05 5.669679e-05 0.002214287 7.494882e-07 0.00048968534 1.0211376e-05 3.44995e-05 0.0026272156 2.5059315e-05 0.00073735404 1.20014565e-05 1.15670815e-08 3.297341e-09 5.7498147e-07 4.6957455e-05 5.6375147e-06 7.026838e-07 3.3129248e-07 7.799069e-08 1.839789e-07 0.00014290158 1.4581179e-06 3.8315176e-07 8.457333e-07 2.1073944e-05 2.8689342e-06 5.8726864e-06 7.254794e-08 1.0056946e-07 1.246658e-06 0.047507685 6.4117733e-10 2.8976092e-07 8.319932e-08 6.3170387e-07 1.6175026e-06 4.918877e-08 7.6545446e-05 1.1097364e-07 2.6982644e-08 8.8216865e-07 4.338574e-09 2.7121597e-08 3.1690187e-10 1.52085e-06 2.4992355e-08 3.3288994e-09 1.3611823e-07 0.00040441926 1.10716336e-07 8.915583e-09 9.61678e-08 1.7350191e-10 2.9237128e-07 4.783184e-13 2.996285e-09 1.5579924e-14 2.6801208e-09 9.620789e-10 1.2933464e-07 4.3807344e-08 5.7189434e-11 2.8554484e-07 3.046147e-07 1.0165337e-09 6.6548204e-12 1.1274384e-06 7.931438e-09 5.7453665e-08 6.0871336e-11 1.5976247e-10 5.952919e-12 3.737854e-08 1.2684111e-10 3.2589895e-08
0.7927036 0.1074684 0.47718695 0.41758907 0.07736077 0.98228955 0.094498776 0.5728685 0.004994897 0.98173517 0.00056912424 0.00032346492 0.117393576 0.9841553 4.59118e-12 0.00026355562 0.00036302817 0.009411204 0.047818273 0.0031942325 0.19316536 0.0020869016 0.91423446 0.00037225487 0.17828798 5.8580838e-05 1.298614e-05 0.011941491 0.00011005445 4.131123e-06 2.2868262e-05 0.00070148834 8.776812e-06 0.0031311093 1.4501545e-05 0.0051599075 0.00032103373 1.914371e-06 2.4866862e-05 1.5288759e-06 0.00021697716 6.037144e-05 2.5508311e-06 1.6629615e-06 3.4482214e-06 1.7133378e-06 0.0014939845 7.874246e-06 7.8836416e-07 2.8382156e-06 5.337464e-05 9.696158e-07 4.6339205e-06 4.4053715e-07 7.623652e-08 7.7855e-06 0.13609537 2.2836421e-07 1.1406567e-06 5.7009254e-07 1.4126243e-06 1.0296171e-06 1.1531902e-06 0.0001241947 3.4037641e-06 6.97156e-08 3.965373e-07 2.8997735e-07 6.199593e-08 2.1489588e-09 8.564504e-05 5.3839506e-07 1.7507338e-07 0.00010446331 0.0030211164 5.650877e-07 1.1596572e-08 1.8052773e-06 4.1925325e-09 0.00011109504 2.4565926e-11 4.011431e-07 4.622216e-11 1.0389333e-08 6.4776997e-09 3.4056487e-07 1.7719184e-07 5.084131e-10 3.3512224e-05 3.0044146e-07 4.110236e-08 5.7710135e-11 7.5789074e-05 4.665768e-08 5.2273692e-05 1.2471147e-08 4.1748596e-08 4.648382e-09 3.2848527e-07 3.4117311e-09 7.4366135e-09
0.9816817 0.13705231 0.03657996 0.02724035 0.011133787 0.0029514024 0.026565228 0.020385647 0.57346815 0.00036155633 0.98455507 0.7836543 0.00041986548 0.00032434624 0.00026355562 1.1109248e-10 0.13208081 0.0001523097 9.103057e-06 0.056631435 0.49699447 0.018186864 0.00040524895 0.7967215 0.030124081 0.89627796 0.93949074 0.0014235553 0.0025108473 0.005678056 0.00017977403 0.0013319154 0.00034559466 0.8576064 0.31999135 0.7057946 0.052728683 6.0203896e-05 3.8160273e-05 0.00012031373 0.14709279 0.00474437 0.008475202 0.0004490476 0.00017706252 0.009612542 0.43938532 0.00019732174 0.0044362117 0.028913435 0.08660065 0.064544454 0.00015706422 0.0036792168 0.00013288185 7.1605056e-05 0.60770935 7.519257e-08 0.005361051 6.9831317e-06 0.021397443 0.01523974 0.00020062416 0.1539475 2.3017901e-05 1.4107457e-05 0.004932336 8.950448e-06 5.6508047e-06 3.8053568e-07 0.0038805131 2.2578154e-06 6.4284404e-06 0.0002415818 0.33234656 1.2841433e-05 8.14697e-05 0.001234044 1.6708789e-07 0.0005321964 1.9350563e-09 0.00031329476 1.613934e-10 9.0318423e-07 8.675548e-07 7.734924e-06 0.0006072066 5.8089764e-09 0.005243401 0.0017131957 0.0007912484 1.0973462e-09 0.025649816 0.00024785902 0.0058151353 1.3563276e-06 8.917377e-05 1.0732571e-07 4.6733407e-05 7.414594e-08 5.436257e-05
0.8399889 0.07450086 0.005986694 0.007683691 0.0046177213 0.0020378549 0.00836039 0.122006685 0.03919585 0.00014037115 0.12653846 0.99065924 3.484115e-05 0.0010303333 0.00036302817 0.13208081 3.403554e-13 3.5842448e-05 2.2151971e-06 0.9661418 0.0088238325 0.97393095 0.057314854 0.7569921 0.00066753145 0.6530167 0.039047882 6.7786415e-05 0.78619295 0.5534004 0.104361854 4.071118e-05 0.05059527 0.19163832 0.0038306778 0.012100184 0.0008729373 6.714546e-07 3.904782e-07 5.7610038e-08 0.002276762 0.00046208384 9.9511e-05 7.4889995e-06 6.464851e-05 0.0005708526 0.008621353 0.0019568966 0.006381602 0.0017555383 0.0030151985 0.008410639 0.0027137632 0.00020982686 0.00030119813 1.0447358e-06 0.182687 1.1979255e-08 0.0021643331 2.420459e-07 0.0002774984 0.0017633399 0.0011550977 0.029821752 8.8011484e-07 0.00021149676 0.0013034829 9.632549e-08 1.4539646e-08 1.589148e-07 0.00014874371 2.995715e-06 7.12117e-07 1.2880062e-06 0.013691385 4.6202185e-06 3.497893e-06 0.0004729992 5.964089e-09 6.186733e-05 1.8555264e-10 3.310447e-06 1.3998264e-10 2.6759134e-08 3.5167645e-08 1.114448e-06 1.8274714e-05 3.668537e-08 0.0002222349 2.4728139e-05 3.0991757e-07 3.986139e-09 0.0008031073 4.1091903e-06 0.00022983167 1.9560717e-08 1.7645137e-07 1.4092866e-07 2.0660758e-05 5.508468e-09 4.8075716e-08
0.85347784 0.005651638 0.030694298 0.004123804 0.012479233 0.0036682035 0.7986171 0.0013651619 0.037442546 0.08071172 0.0006814278 6.517234e-05 0.05040684 0.00036520648 0.009411204 0.0001523097 3.5842448e-05 2.8718805e-13 0.99948764 7.523004e-05 0.41212302 0.00010382093 7.378024e-05 8.7305336e-05 0.9267048 7.402855e-05 6.55004e-05 0.96895653 0.00022158583 1.5676028e-06 6.5433966e-07 0.4899236 2.0764749e-06 0.0011460256 0.00030997038 0.09427047 0.19698617 0.14031234 0.81711763 0.079395585 0.06251396 0.12544681 0.06561931 0.0026554265 0.016885528 2.0754592e-06 0.03771724 4.793071e-07 1.15673075e-07 0.00014975671 0.036592957 2.9071268e-06 1.2271975e-07 1.397699e-06 1.4357823e-07 0.0051570786 0.03040177 0.0020661016 3.652209e-07 0.002816898 0.00062010513 8.0500115e-07 4.84982e-07 5.6104167e-05 0.02180781 3.669319e-07 2.1672346e-07 0.0009462325 0.00023977748 6.6241843e-09 0.0019814158 2.664184e-05 3.5621436e-08 0.0008790123 0.021441383 1.6673117e-07 3.5104716e-08 3.284281e-08 7.386262e-05 0.0008240548 3.7620208e-05 7.740655e-05 3.8001275e-05 4.9985495e-08 1.9936857e-08 1.8837902e-07 2.388775e-06 3.4712662e-09 0.0037578025 5.8001283e-06 6.778631e-06 5.604493e-10 0.014657962 3.451049e-07 0.007482479 6.732509e-08 1.2345071e-05 2.2394584e-08 8.022314e-09 1.5060845e-08 2.8609751e-08
0.23280317 0.00031992857 0.004121213 0.0017735871 0.0055525913 0.0030278442 0.14794087 9.8734345e-05 0.0011968386 0.080628134 2.5899202e-05 2.301273e-06 0.99988335 0.000117080635 0.047818273 9.103057e-06 2.2151971e-06 0.99948764 7.8723335e-15 2.7851806e-06 0.036480587 2.8048682e-06 0.00011290536 2.3925986e-06 0.261724 8.4778276e-07 9.777258e-07 0.4256277 1.2169921e-06 7.236179e-08 6.0873835e-09 0.056612592 7.78404e-09 1.0382237e-05 1.7899316e-07 0.0011935594 0.0014311371 0.0042218305 0.1720696 0.004995348 0.0004646105 0.0003930592 2.6034068e-05 2.1175529e-06 5.275044e-05 7.582626e-08 0.00030147083 2.281152e-05 3.1462787e-07 1.9988994e-07 7.331165e-05 1.8934008e-07 8.315834e-07 3.4843026e-08 5.580341e-07 0.00026412477 0.0030044105 4.8779552e-06 6.0131424e-07 8.944961e-06 3.8558244e-07 9.248662e-09 5.900145e-07 1.9599877e-06 3.4827233e-05 4.8433813e-09 3.267822e-08 1.6716012e-05 2.7725555e-06 3.2002462e-10 1.489486e-05 5.31969e-08 6.16936e-08 2.9074943e-05 0.00053302234 2.5568056e-06 1.3414332e-07 1.0684776e-07 1.02067304e-07 2.8189455e-05 5.2113824e-10 3.9675726e-08 8.55695e-11 5.500793e-09 3.3862848e-09 4.933768e-07 1.6161287e-08 3.9685993e-13 3.8681164e-06 1.8992928e-07 7.735259e-09 5.129291e-12 9.286393e-05 8.849116e-10 2.505353e-05 4.549485e-09 1.1757828e-07 3.2163626e-11 2.4020064e-08 7.286196e-10 2.6336386e-08
0.98450214 0.035334803 0.0069664363 0.008980545 0.0021503142 0.09677372 0.0001380292 0.4460069 0.0006690474 0.005948302 0.048221916 0.7141583 4.3907235e-06 0.0033672198 0.0031942325 0.056631435 0.9661418 7.523004e-05 2.7851806e-06 9.0000785e-11 0.0034359219 0.9663253 0.061269913 0.9294259 0.0004364653 0.6660149 0.024910055 0.000131984 0.7734536 0.7601375 0.011542432 1.3220053e-06 0.42911577 0.5747764 0.006025189 0.07354632 0.0010635837 9.539673e-07 4.2876644e-07 1.3435298e-06 0.0048646904 0.0008684542 0.00018130173 8.96822e-06 8.960158e-06 0.0008859204 0.074255876 0.05134505 0.012123396 0.0026954024 0.018532708 0.05386699 0.09941582 0.00028859123 0.00062347687 4.849034e-05 0.5719727 6.0402335e-06 0.0179403 1.9187885e-06 0.000967003 0.0053971163 0.0007621879 0.38421336 4.234369e-06 0.00035896662 0.0024504953 2.4513507e-05 1.7343789e-06 0.0008808408 0.00025301843 7.5810897e-07 0.00015105553 3.55624e-05 0.10019624 0.00011116722 0.00010931094 0.0012191064 4.5017075e-09 4.136049e-05 4.806185e-09 7.858717e-06 1.3133232e-10 1.1811611e-06 6.2297096e-07 8.231169e-06 0.00020220288 1.4038199e-06 0.00036909373 0.0004769686 2.3878254e-06 2.8686972e-07 0.0041245436 9.8048884e-05 0.0015517146 9.760098e-07 1.9823679e-07 5.408931e-07 4.4548695e-05 3.3486614e-08 1.8446484e-05
0.99262965 0.84127337 0.772704 0.52558523 0.6932056 0.5116982 0.7159618 0.28588638 0.97474396 0.65770197 0.7676728 0.13618456 0.10060619 0.0154337315 0.19316536 0.49699447 0.0088238325 0.41212302 0.036480587 0.0034359219 3.898727e-13 0.0021548078 0.00034403137 0.0013488795 0.30524006 0.00762938 0.486042 0.009394165 0.00029064226 0.0003970486 1.5735177e-06 0.116397835 1.943442e-05 0.08014948 0.2167727 0.87316567 0.34040636 0.003915621 0.0021209414 0.007360055 0.47664082 0.0031118637 0.0071196225 0.001265348 5.0183557e-05 0.003772722 0.5023271 0.0002566737 1.7201528e-05 0.0141328545 0.1320064 0.00013028484 0.00018692865 0.0011220196 1.3551232e-07 0.0011206733 0.0943039 3.0959887e-05 3.2577314e-06 0.00015094105 0.013940115 0.0006447326 7.9611596e-07 0.005691976 4.4528288e-06 2.0438554e-06 1.1156256e-05 4.6713e-05 5.591705e-05 2.899916e-08 0.002488703 3.1686839e-06 1.6521908e-07 2.4443705e-05 0.18730067 6.926386e-09 1.7953074e-08 2.9367715e-07 6.6024506e-09 0.00014641824 9.835221e-09 4.5628978e-05 2.1842604e-10 3.72529e-09 3.072371e-08 8.975543e-08 1.4613282e-06 1.532257e-09 0.0016077072 1.3358907e-06 0.00016142543 4.361646e-10 0.0066637895 1.6533659e-06 0.00263925 6.153935e-10 1.4582597e-06 1.2693732e-08 3.9295007e-09 2.3401225e-10 2.3002078e-09
0.87542355 0.02286446 0.0011623768 0.0031855153 0.0027311533 0.009158676 0.0004888033 0.084700435 0.002797905 0.0017792684 0.014222145 0.56469554 1.1843483e-05 0.0012937073 0.0020869016 0.018186864 0.97393095 0.00010382093 2.8048682e-06 0.9663253 0.0021548078 6.6788956e-11 0.09966299 0.720199 0.0005410621 0.48040295 0.01250177 4.3825552e-05 0.96091044 0.95159954 0.05008849 5.5526543e-06 0.68839794 0.15717134 0.0019513963 0.0047788583 0.00042989716 9.88455e-07 1.2375435e-07 3.190743e-07 0.00071853027 0.00027559267 8.9345805e-05 5.273789e-06 1.1836961e-06 0.00048695802 0.0074751354 0.064171426 0.026638571 0.0015129731 0.0024746412 0.025276845 0.1927579 0.0005737538 0.0051535238 3.2348235e-05 0.12955481 9.361543e-08 0.010304439 1.54301e-07 0.00053223124 0.0026840223 0.0042544524 0.054912876 4.7795965e-07 0.0015516073 0.0014698199 2.2665524e-06 1.1703787e-06 0.0015102623 4.2758635e-05 1.4836996e-06 0.00017698943 1.3850831e-05 0.024117243 0.00016597594 0.00024986424 0.00046809908 1.1399528e-08 4.08272e-05 1.008021e-09 5.5433266e-06 1.8346824e-10 3.1835363e-05 2.6932823e-06 5.4259293e-05 9.56851e-05 2.6197122e-05 0.00021749796 0.0004898435 1.0617896e-07 1.7517217e-06 0.002850206 7.8824625e-05 0.00067296723 8.978961e-06 4.7185588e-07 3.347662e-06 0.00026530673 2.2753228e-07 4.1282623e-05
0.2747398 0.0118653085 0.008364217 0.020821322 0.0041280934 0.0907946 0.0007506869 0.97800857 0.0004919164 0.00992217 0.000706739 0.05594279 0.0011871206 0.99988055 0.91423446 0.00040524895 0.057314854 7.378024e-05 0.00011290536 0.061269913 0.00034403137 0.09966299 8.1457624e-19 0.0019521352 5.4885004e-05 0.00030044964 9.765103e-06 1.3482524e-07 0.4554714 3.26244e-05 0.33685476 7.8589636e-08 0.00040806082 0.0010305092 1.286919e-07 4.1671847e-05 6.0109555e-06 4.3408663e-09 3.8219197e-09 6.267905e-10 2.5719953e-06 9.643152e-07 2.467185e-08 2.2517412e-09 1.9788537e-08 6.949305e-09 2.8052124e-05 2.953696e-06 1.4262689e-07 1.6723632e-07 2.9979387e-06 1.3392507e-06 8.912667e-05 3.6872583e-09 5.3711165e-08 1.38543905e-08 0.039391723 2.5106758e-10 3.301216e-06 1.3639826e-09 1.5110377e-10 1.2393033e-07 1.2118285e-07 0.00017643684 2.1254028e-08 7.041693e-08 4.935184e-07 6.3103727e-09 3.4085226e-10 1.4681202e-09 2.350153e-08 2.7903369e-09 1.0578734e-08 8.0335724e-08 8.330909e-05 1.7995105e-06 7.426752e-08 9.317295e-06 1.4314043e-11 2.85638e-07 6.763359e-12 2.4573438e-10 6.144718e-13 1.6311996e-10 2.2480282e-10 7.4955864e-08 1.3129364e-06 4.915458e-10 5.7121036e-07 3.869591e-05 4.2102644e-10 1.7822398e-12 1.1661078e-05 7.0830577e-09 3.6431297e-07 2.7916958e-08 1.3063848e-11 2.5095698e-10 2.3850907e-07 1.04049276e-10 3.127365e-10
0.9847426 0.052568648 0.013178321 0.019544782 0.012043818 0.013290048 0.0016282289 0.070086606 0.041287616 0.0016017761 0.5876494 0.9102767 1.7996968e-05 0.0014721731 0.00037225487 0.7967215 0.7569921 8.7305336e-05 2.3925986e-06 0.9294259 0.0013488795 0.720199 0.0019521352 2.5354907e-12 0.00010764888 0.9776181 0.6371055 4.146584e-06 0.28063858 0.73405105 0.0020701073 0.00017009565 0.13696182 0.7690834 0.13135992 0.047475852 0.0015241774 4.1915796e-06 2.9326475e-06 1.5059122e-06 0.00798362 0.00016099727 0.00027148306 0.00016411082 1.807522e-06 0.009204888 0.0701367 0.07259614 0.08113292 0.019854054 0.013224342 0.39764357 0.05954017 0.010236392 0.005582367 1.739228e-05 0.3643108 1.603861e-06 0.054953244 1.642377e-05 0.0026063866 0.059569012 0.0032263328 0.35430887 1.1237137e-06 0.0028961503 0.014550684 1.2264201e-06 2.4089254e-06 0.0010125507 9.5262716e-05 6.485501e-07 0.00021467457 1.599253e-06 0.089955844 6.36551e-05 0.00021453723 0.0013046511 8.411708e-09 7.512204e-06 9.110395e-10 5.539282e-05 6.745288e-11 7.828561e-05 4.5746885e-05 0.0001482301 0.00040506295 1.3688812e-05 0.00070552225 0.0014427972 0.00012127333 5.366304e-06 0.0044455337 0.00033827464 0.0010002063 5.453564e-07 7.845994e-06 3.5354617e-06 5.9142294e-05 2.7814949e-07 5.5637465e-05
0.9904192 0.12642837 0.3747463 0.18343733 0.52382386 0.16248614 0.9347418 0.030186443 0.8157321 0.53302747 0.08236365 0.0040146424 0.32411772 0.0031720342 0.17828798 0.030124081 0.00066753145 0.9267048 0.261724 0.0004364653 0.30524006 0.0005410621 5.4885004e-05 0.00010764888 7.388232e-13 0.0006213498 0.06921569 0.81403315 5.860051e-05 2.7080916e-06 6.922979e-07 0.8213403 1.9329354e-05 0.01683426 0.05335743 0.7301184 0.91173065 0.35844263 0.106476225 0.36577702 0.77302474 0.25797486 0.24465246 0.17373112 0.01398495 0.0014677648 0.48433653 2.3345467e-05 1.5612344e-05 0.011036389 0.43540582 8.803415e-05 1.4980849e-05 0.00035462846 1.4771943e-07 0.06380499 0.054323133 0.0057984698 7.5440225e-06 0.0050026802 0.02724378 0.00021263822 4.2337848e-07 0.0032099686 0.0012268121 2.8611196e-06 0.00010214244 0.0014802335 0.00043372717 1.5293613e-08 0.011381194 0.00023508056 9.560409e-09 0.00074011926 0.17562999 1.20698935e-08 4.733913e-08 1.0325725e-07 4.813444e-08 0.00048744376 1.2304601e-07 0.0007843788 1.9670075e-08 8.708895e-11 6.550736e-08 1.1302907e-07 2.576343e-06 9.2730157e-10 0.0040758536 4.5966024e-07 0.00030051783 3.2812472e-10 0.0126836235 4.017325e-06 0.0043947054 3.5760003e-10 1.761716e-05 5.0257256e-09 4.4369304e-09 7.19649e-10 4.5294424e-08
0.9760733 0.030411217 0.0064903996 0.011138684 0.0063530775 0.0020947927 0.002196704 0.02935469 0.10268557 0.0002807403 0.68191195 0.80969673 7.0133315e-06 0.00030779876 5.8580838e-05 0.89627796 0.6530167 7.402855e-05 8.4778276e-07 0.6660149 0.00762938 0.48040295 0.00030044964 0.9776181 0.0006213498 2.1232297e-13 0.95971936 9.384704e-06 0.08577459 0.4859094 0.0008798833 6.100914e-05 0.018558841 0.8744757 0.49388677 0.08010281 0.0029491135 2.1058986e-06 1.2561326e-06 4.2274385e-07 0.016242463 0.00016444435 0.00058048265 5.4439766e-05 2.6511148e-06 0.05067551 0.10734538 0.025346084 0.056152303 0.053513147 0.018136356 0.5869996 0.012983713 0.030199222 0.0036761726 3.8367725e-05 0.48356983 1.2950866e-07 0.05113322 5.164707e-06 0.0076704025 0.09863275 0.002384617 0.33925757 5.348294e-06 0.0004770796 0.018236866 8.150785e-07 1.87439e-06 3.591478e-05 0.0004412604 8.834621e-08 2.4763893e-05 2.4767094e-06 0.13151896 2.573304e-05 0.00011959795 0.0013565348 7.89791e-09 3.3549415e-05 4.2334072e-10 3.99795e-05 1.9561621e-11 5.6558347e-06 5.7750426e-06 3.9433988e-05 0.000343941 2.2820028e-07 0.001052324 0.00063456624 7.2992e-05 1.9986848e-08 0.0050267545 0.00014712846 0.0016040584 2.9019012e-07 4.3790974e-06 3.578926e-07 1.1868991e-05 1.1154505e-08 6.143714e-06
0.97386825 0.020878188 0.006460276 0.008341634 0.0058626113 0.000115454815 0.01863286 0.0021053094 0.51271856 4.3240056e-05 0.80968434 0.34261647 0.00013487342 6.5310094e-05 1.298614e-05 0.93949074 0.039047882 6.55004e-05 9.777258e-07 0.024910055 0.486042 0.01250177 9.765103e-06 0.6371055 0.06921569 0.95971936 2.4219214e-12 0.00048731384 0.0006348556 0.0071134474 1.3440751e-05 0.004039371 0.00014216578 0.93851095 0.9313372 0.8968086 0.11213563 0.00011183234 1.307144e-05 0.00031781296 0.4179242 0.0027770514 0.0120068155 0.0014391596 5.6400935e-05 0.19272946 0.51751703 0.0002697565 0.010778932 0.1716783 0.088113956 0.4140201 5.9327303e-05 0.061615482 0.00012131647 5.2020605e-05 0.73732483 6.851063e-08 0.00579879 1.5985355e-05 0.08698932 0.056892324 0.00023790948 0.08215444 0.00010955495 7.9789004e-07 0.007850717 9.471687e-06 1.7732184e-05 7.5606316e-08 0.00086855685 1.6425987e-06 6.5615245e-07 2.4152525e-05 0.21950755 1.996553e-06 0.00015775746 0.00018642892 1.697647e-08 0.00022087526 7.600863e-10 0.00045496933 1.6547262e-11 1.2641428e-07 4.5695024e-06 4.8091038e-06 2.6444724e-05 2.4648883e-09 0.003917001 0.00013823589 0.0013340804 2.7126137e-09 0.007209186 0.0005595197 0.0036174727 3.6728988e-08 9.247552e-05 3.1458004e-08 1.1457108e-06 4.1246686e-09 1.68882e-05
0.97358 0.0036593308 0.00697414 0.0028891948 0.0339787 0.008232759 0.7063775 0.00070601824 0.07280442 0.04951837 0.0027848622 4.995431e-05 0.24247615 5.669679e-05 0.011941491 0.0014235553 6.7786415e-05 0.96895653 0.4256277 0.000131984 0.009394165 4.3825552e-05 1.3482524e-07 4.146584e-06 0.81403315 9.384704e-06 0.00048731384 2.6782913e-13 0.00024528697 1.1317724e-06 1.1985031e-07 0.9797279 8.5448175e-07 0.00089028437 0.00042790762 0.103839085 0.8220501 0.52748144 0.32216254 0.53382975 0.28734758 0.15426698 0.14079525 0.14085059 0.0064369435 6.298319e-05 0.06477089 5.868417e-07 8.9838466e-07 0.0006818113 0.12140604 5.3602145e-07 7.098364e-06 2.0399082e-06 8.336352e-09 0.05541377 0.035436083 0.013702345 6.114278e-08 0.0023067205 0.001851856 2.5682928e-07 2.9576686e-09 0.00017524835 0.00080102636 2.592023e-07 1.2266347e-07 0.00071964593 0.0005977853 2.8706593e-09 0.003148418 0.00035352528 2.311879e-07 0.0009592654 0.030833255 2.9804863e-08 9.624147e-10 3.6825586e-08 2.0117557e-06 0.0004774704 2.5064776e-06 0.00027869904 4.7861945e-06 2.8051101e-11 8.7658447e-10 3.456027e-08 3.8162472e-08 2.1931643e-07 0.0004564946 8.348688e-08 1.728569e-05 1.0991429e-10 0.0031216685 4.172135e-09 0.001043057 1.3107207e-10 1.2066924e-06 2.2968014e-09 4.82279e-08 8.020241e-11 8.144921e-12
0.7110532 0.03304474 0.0029037131 0.0028322062 0.00016855658 0.010777544 0.00015087212 0.16577362 0.0008617977 4.7338977e-05 0.0011786108 0.2892672 1.2618855e-07 0.002214287 0.00011005445 0.0025108473 0.78619295 0.00022158583 1.2169921e-06 0.7734536 0.00029064226 0.96091044 0.4554714 0.28063858 5.860051e-05 0.08577459 0.0006348556 0.00024528697 7.423298e-15 0.91001904 0.9999752 7.629722e-05 0.295637 0.03583104 0.0001375421 0.0003057447 5.6839954e-06 8.9415325e-06 7.2389916e-09 2.6380616e-07 3.641115e-05 1.1213697e-05 2.3843927e-07 3.4041976e-05 2.841678e-05 1.1549793e-05 0.00025289008 0.049773727 0.0064597214 1.679924e-05 5.8820387e-05 0.0011263295 0.08833673 1.0335637e-05 9.666383e-05 8.456595e-06 0.2012288 1.1929099e-07 0.00022098838 3.081584e-05 2.3521453e-07 0.000109613364 2.6638307e-05 0.0061490573 6.790047e-07 0.00077044533 1.2428261e-06 8.774054e-07 9.743455e-08 0.00029323346 2.196796e-05 3.4735167e-06 0.00069909706 4.922012e-06 0.0012531248 1.4062122e-05 1.0711895e-07 0.00013096313 8.884276e-10 4.493119e-06 1.351653e-12 1.367747e-09 7.835606e-14 1.3524075e-06 1.4086039e-09 7.675151e-07 8.286089e-06 1.013985e-06 3.924125e-08 7.3304864e-07 2.0656891e-11 7.5775436e-10 7.03517e-06 7.9543365e-11 3.739093e-09 4.9089492e-09 2.9785356e-09 8.884724e-12 7.802656e-06 8.587153e-10 1.3720183e-10
0.99121445 0.0003195282 2.3659206e-05 0.00010424596 2.592164e-05 8.162956e-06 1.458184e-05 0.0004164773 0.0001368827 4.029409e-07 0.0025023709 0.08471275 2.004832e-08 7.494882e-07 4.131123e-06 0.005678056 0.5534004 1.5676028e-06 7.236179e-08 0.7601375 0.0003970486 0.95159954 3.26244e-05 0.73405105 2.7080916e-06 0.4859094 0.0071134474 1.1317724e-06 0.91001904 6.5097656e-13 0.05549664 3.890358e-08 0.9526648 0.43548495 0.0015016852 0.019177914 0.00032946933 2.1174507e-07 2.269559e-08 1.03054e-07 0.0011403951 0.00073226437 5.128189e-05 1.8642872e-06 1.9988681e-06 0.0004929136 0.04024879 0.66760933 0.53985643 0.0015848498 0.008725782 0.489743 0.6946347 0.0002483199 0.1257272 1.7429782e-06 0.353812 1.5739551e-09 0.47992027 2.2857282e-08 0.00014624407 0.015801962 0.036279608 0.77975786 1.0678131e-06 0.07383484 0.014744598 1.1302649e-07 4.2120675e-08 0.01834649 0.0005968841 2.8238548e-08 0.0009425229 2.0680038e-05 0.18404761 0.009236747 0.0032830597 0.04700902 2.686279e-08 8.961137e-05 1.3792448e-09 7.0407236e-07 2.9864e-11 0.000117983735 3.566691e-05 0.00013288452 0.0022947898 7.010995e-05 0.0019116026 0.0060931924 7.875718e-06 8.164945e-07 0.016569808 0.00031500336 0.0033847664 2.7301243e-05 5.583956e-07 4.2744628e-06 0.0002644156 4.9348597e-07 3.381406e-05
0.009201219 0.0046653063 0.00031958186 0.0006467087 2.4076013e-05 0.00036097458 6.9339117e-06 0.011056103 4.1631927e-05 5.5178594e-07 0.00018751841 0.011456207 2.4439797e-10 0.00048968534 2.2868262e-05 0.00017977403 0.104361854 6.5433966e-07 6.0873835e-09 0.011542432 1.5735177e-06 0.05008849 0.33685476 0.0020701073 6.922979e-07 0.0008798833 1.3440751e-05 1.1985031e-07 0.9999752 0.05549664 9.158985e-18 4.00382e-06 0.999887 8.1621896e-05 2.517501e-07 4.005179e-06 1.3741025e-07 1.0280428e-07 1.0908369e-10 5.30348e-08 3.4484825e-07 1.1423634e-06 2.3566033e-08 2.5222962e-06 2.362026e-08 6.41189e-08 3.2950356e-06 0.011916322 0.0010179761 8.296257e-08 7.7572963e-07 6.4220308e-06 0.14052513 2.7228111e-08 1.851503e-05 1.0609476e-07 0.00016252822 1.4949205e-11 2.0610281e-05 2.5065779e-08 7.4076487e-09 5.6824504e-08 2.170687e-05 2.1801827e-05 2.388299e-06 0.00037258182 8.276627e-08 6.420631e-07 5.3980553e-08 2.6170977e-05 9.5497334e-08 5.7845857e-09 1.15174325e-05 5.924108e-07 4.6886085e-05 2.8262914e-07 5.6170495e-07 1.0713352e-06 7.1504726e-11 6.748608e-07 1.6444327e-13 1.461181e-09 3.1162757e-15 1.2681238e-07 2.7664737e-09 1.8898902e-07 9.919041e-08 2.4214446e-09 2.298003e-08 3.0660548e-08 4.4492332e-10 1.2340041e-11 4.114466e-07 2.3213547e-09 5.969896e-08 6.0398615e-09 9.983318e-10 1.6004076e-12 2.4123135e-08 1.762429e-10 9.877346e-10
