7.209595e-18 0.9176192 0.98892754 0.9819884 0.98317605 0.74894476 0.9712051 0.91061133 0.7890716 0.96892864 0.914857 0.8475559 0.953997 0.4990536 0.97297573 0.98457706 0.98333466 0.74360245 0.996297 0.9392694 0.98518735 0.30575067 0.9145774 0.9639636 0.89495564 0.98886865 0.9601639 0.9364644 0.9885878 0.8420503 0.42619798 0.58088154 0.9561949 0.9592351 0.91667724 0.9481475 0.9645004 0.9321446 0.04737404 0.99894404 0.9668829 0.75893104 0.99898344 0.9897347 0.004737723 0.07463815 0.40810162 0.0047375695 0.40681407 0.9782476 0.91258556 0.053988773 0.022886936 0.014515024 0.96646506 0.97834647 0.9975782 0.9959088 0.96768403 0.9157935 0.9539044 0.95182246 0.98147297 0.9662052 0.9774763 0.000191664 0.98942214 0.008729789 0.024986062 0.99870825 0.0010171424 0.00027473457 0.99764603 0.9392409 0.9943886 0.93103725 0.9766549 0.05823413 0.98536754 0.9668408 0.8533594 3.6787413e-05 0.9995273 0.9787033 0.9992509 0.9826514 0.9790651 0.99517435 0.95283955 0.6801659 0.91652226 0.98538685 0.94930035 0.9994077 0.76706207 0.9995327 0.37828228 0.49102575 0.94472885 0.99995667 0.9988359
0.9176192 1.2476372e-17 0.95142263 0.8831225 0.66054124 0.9079015 0.41717127 0.6875542 0.8657205 0.26427585 0.80293876 0.49740338 0.19787604 0.6644941 0.87110066 0.15735699 0.06265231 0.13310368 0.050863013 0.032824825 0.21010952 0.09258173 0.05181963 0.014504189 0.002375769 0.0070023183 0.01882812 0.012764849 0.005144626 0.014483627 0.029283082 0.025817497 0.08620196 0.0017005665 0.0013620895 0.0009917504 0.12505054 0.0020998633 0.011072406 0.117782846 0.017433872 2.867074e-06 0.32340485 0.13979822 0.015656989 1.2623418e-05 0.0029698298 1.6215408e-05 3.046258e-05 0.00060997566 2.8192117e-05 0.0005546677 1.9885332e-05 1.0136166e-06 4.479902e-06 0.011626988 0.01916891 0.016466815 0.0010912835 0.0015705307 0.0027641363 0.0006257735 0.0009338606 0.008186934 6.116078e-05 1.6622979e-09 2.0017133e-05 1.9968862e-08 3.7787044e-07 0.0014507141 4.544051e-11 2.684161e-10 0.047277916 2.4137107e-06 0.00047613308 2.7469878e-05 0.010130863 3.0215328e-06 0.0005293703 0.00023494991 0.0006179683 1.1596033e-13 0.008410963 7.687165e-05 0.0020733408 0.0001589599 0.004082206 0.0017428047 0.0024910406 3.0672304e-06 1.746459e-06 2.5198597e-07 1.5384552e-05 0.003517949 3.950249e-05 0.0081807915 2.2017993e-10 1.5770051e-09 0.006331303 0.008932959 0.006559699
0.98892754 0.95142263 6.505483e-13 0.83184457 0.8438952 0.4757554 0.21010931 0.3539787 0.5143187 0.19823173 0.48047122 0.4062477 0.1386684 0.50087965 0.9306782 0.032597378 0.17187443 0.27912316 0.020134233 0.32920727 0.047671795 0.11736999 0.020732395 0.00357263 0.035719894 0.0012544472 0.0017911646 0.0006259729 0.00037236087 0.0014450947 0.002974887 0.2947488 0.045191858 0.00044800414 0.00010507941 0.007161062 0.001938434 8.965343e-05 0.038551487 0.069213726 0.001047344 2.6926056e-05 0.5539694 0.12221899 0.017500637 0.0007413714 0.00016985866 0.000102769634 0.00045622824 3.8237136e-05 8.1155325e-05 0.0013359641 5.3991756e-05 0.001442544 6.3749717e-06 0.0005216341 0.0058185277 0.0018481106 0.0006159085 0.00024111618 5.868238e-05 0.00024991596 1.1454349e-05 0.0045484006 1.2538981e-06 6.793183e-05 0.00026388126 9.6803765e-09 2.0677444e-06 0.00036387236 5.2048494e-05 6.6724286e-05 0.09160523 7.769883e-05 0.0005520336 3.774664e-05 0.007841626 6.224193e-07 2.5411497e-05 0.00038923847 0.0003375824 5.0462495e-10 0.074918695 0.00018125212 0.0024281882 6.67512e-05 0.0104099335 0.00060828525 0.001511466 1.2455322e-05 2.2079172e-05 2.0329193e-07 4.8473903e-06 0.007763925 6.3754333e-06 0.0056745913 5.9233782e-09 7.228671e-09 0.0014596666 0.01578958 0.008605753
0.9819884 0.8831225 0.83184457 1.9316006e-13 0.76360476 0.9384109 0.035367183 0.888008 0.7687869 0.060206104 0.4048073 0.86984277 0.06395332 0.8611525 0.3027862 0.009940092 0.10512645 0.77171665 0.5624872 0.2552539 0.0076377015 0.20181881 0.005458307 0.003214519 0.54705626 0.08521459 0.027357811 0.014542962 0.0008727991 0.0029237017 0.009549071 0.15959768 0.0055397647 0.00038389466 0.0049153236 0.025595121 0.0009161003 0.0020719175 0.025904344 0.1580173 0.00056320475 8.543726e-05 0.42649898 0.068984404 0.067356184 0.005000755 0.0024196932 0.00010987156 0.021497918 0.0003386071 8.489625e-05 0.026331875 0.0008401247 0.004161369 5.0547347e-05 0.0002778384 0.002578446 0.0015309653 0.0003829217 0.00038594133 0.00013359953 0.00022143965 7.056131e-05 0.0012493462 3.274419e-05 0.0007261436 3.677871e-05 6.012715e-06 0.0004998843 0.0026698727 0.0012832063 0.00080599607 0.10035743 4.619201e-06 0.00012933409 2.3196264e-05 0.0018474832 9.574849e-06 0.00014510572 3.942688e-05 5.9057074e-05 3.4224036e-07 0.06308999 2.2808563e-05 0.0033385218 4.7843303e-05 0.004085464 0.00029784694 0.0034091962 1.2415486e-05 2.6368432e-06 5.040967e-07 1.1084813e-06 0.0071862075 2.2459394e-06 0.0026750248 9.927098e-09 1.1789935e-08 0.00085609354 0.01006352 0.0065865815
0.98317605 0.66054124 0.8438952 0.76360476 1.1039731e-14 0.25087637 0.057604805 0.34871516 0.97401714 0.13552092 0.8545055 0.6691236 0.21755283 0.79418355 0.030694935 0.026823474 0.38126498 0.6474936 0.09954045 0.64069057 0.0046499437 0.5009604 0.0037202174 0.0021523144 0.44366372 0.006083838 0.0038794256 0.001924861 0.00088416523 0.00010607265 7.259325e-05 0.3574233 0.0012013648 0.00015724811 2.5944884e-05 0.015388663 0.0012253664 3.0692834e-05 0.078166544 0.062329914 6.225078e-05 2.7759463e-05 0.35392043 0.06639893 0.06473971 0.023968639 8.41776e-05 0.0001879481 0.00063025556 7.532779e-06 5.2372092e-05 0.018469648 0.00045502424 0.018941307 2.2756146e-06 8.781286e-05 0.0006877003 0.00078083324 1.8720409e-06 5.953818e-06 6.8308655e-06 3.0722922e-06 1.3530731e-06 1.8976363e-05 1.8441798e-06 0.0015783767 5.667038e-06 4.8803726e-09 1.9232846e-06 0.00071144366 0.0012030606 0.003986828 0.03573384 8.4878997e-07 2.3413002e-05 2.5968839e-06 0.00016640563 1.7596262e-08 1.9277948e-06 4.4949743e-06 1.324933e-07 1.4521972e-07 0.0163892 1.369865e-06 0.00013326689 2.4589804e-06 0.0011919691 0.0003199185 0.0002202127 2.800186e-06 4.3234365e-07 3.063101e-09 1.9630359e-07 0.0011417303 1.0671178e-06 0.001051745 8.720352e-10 6.135733e-10 0.00061768375 0.0032765507 0.004012401
0.74894476 0.9079015 0.4757554 0.9384109 0.25087637 2.8202945e-17 0.01363542 0.9624465 0.61535376 0.007933233 0.10203036 0.66799253 0.008038793 0.7850446 0.6172346 0.005508233 0.009478379 0.53624856 0.8690092 0.006958011 0.007618896 0.024572518 0.0007899881 0.00019482471 0.06115621 0.15134457 0.1015709 0.07385447 0.00053915166 0.02859624 0.11475511 0.0061122505 0.004765908 0.00020903356 0.017310347 8.0249556e-05 0.00046917147 0.007406012 0.0004030547 0.15927881 0.00010062017 6.024674e-07 0.13185531 0.021415614 0.032602087 4.8801426e-06 0.0049184016 4.656755e-07 0.002319899 0.0036290963 5.927617e-07 0.006083682 9.509724e-07 4.9725924e-07 0.00058326166 8.486055e-05 0.0019064469 0.0006735698 0.0014567184 0.002389149 0.0016372657 0.0010929572 0.0022645283 0.003271488 0.0002161873 1.8051759e-06 3.9645562e-07 1.328688e-06 3.5750018e-06 0.004466669 6.333854e-08 1.4467225e-08 0.027209122 2.7610142e-08 5.2628616e-06 4.0047036e-07 0.0012035258 5.7621637e-06 0.0006215542 4.7297905e-07 0.00032009152 6.343951e-11 0.0041344715 1.5185818e-06 0.0028603845 1.5468144e-05 0.0038906555 7.17382e-05 0.003895794 3.947345e-07 9.0790756e-08 6.6594566e-06 2.1655859e-07 0.0026419668 3.4025893e-06 0.0027562014 1.6794786e-09 4.293243e-08 0.0004940664 0.0071671978 0.0014507459
0.9712051 0.41717127 0.21010931 0.035367183 0.057604805 0.01363542 2.3927665e-18 0.01537068 0.07349 0.94877577 0.391344 0.013891921 0.60020125 0.019645395 0.420074 0.9632985 0.38321656 0.003463775 0.0011404374 0.057937603 0.92318076 0.032589298 0.7876824 0.4250999 1.9613368e-05 0.00034697374 0.00064173806 0.00030785162 0.25572428 7.651305e-05 3.230162e-05 0.07104768 0.12944537 0.06582142 1.3661099e-05 0.10067213 0.18701184 8.884989e-06 0.059186567 0.0633645 0.1372234 0.010489324 0.47037593 0.5554911 8.387453e-05 0.0011099153 4.105183e-06 0.0023622988 4.7577853e-07 1.52586435e-05 0.0107729295 9.309577e-06 0.00036542336 5.254286e-06 9.226666e-07 0.027776258 0.08567393 0.07134581 7.2348544e-06 2.0553693e-05 3.2012278e-05 1.5945556e-05 5.6460998e-05 0.0008960398 3.6966862e-06 3.1282137e-09 0.0010390944 1.0573727e-09 4.6364903e-09 0.0010150606 2.5021972e-12 2.1001582e-10 0.23924662 0.0007418821 0.00211161 0.00074988906 0.00966602 1.2753706e-07 0.00010626918 0.002010764 4.4836826e-05 2.4859255e-14 0.0036714673 0.00014492082 0.0022194579 0.00024258079 0.00497435 0.0011750286 0.0015795996 7.3362e-05 8.100544e-06 3.8476108e-07 0.00015542352 0.0075342963 0.00017606368 0.007889747 1.5487287e-09 4.1876893e-09 0.0037620391 0.016516184 0.029526701
0.91061133 0.6875542 0.3539787 0.888008 0.34871516 0.9624465 0.01537068 7.546874e-15 0.3831333 0.009607326 0.07630247 0.7791765 0.012217234 0.69707894 0.42479837 0.0058487616 0.019850703 0.55817753 0.9711976 0.011985948 0.0020752605 0.031553533 0.0014081104 0.00037124412 0.3253555 0.3030146 0.24753374 0.14330025 0.00014896829 0.047555044 0.14703098 0.0036638405 0.0033867487 0.00010009912 0.032212578 0.0011371132 0.00067609904 0.023284556 0.0010187967 0.3347413 0.00044160624 2.9410724e-06 0.16978078 0.04092295 0.048293192 2.407087e-05 0.010744565 1.1812322e-06 0.02830712 0.0056883562 2.0245749e-05 0.023392867 3.7077953e-05 5.6128352e-05 0.0004120889 0.00014227917 0.0028983431 0.00049398775 0.0048152697 0.0044205436 0.0042854287 0.0009037831 0.0025419155 0.0052461624 0.00017907367 4.004956e-05 9.612563e-06 3.312331e-05 0.00016259178 0.0079557495 6.367215e-05 2.8456241e-05 0.08659945 6.0980636e-07 6.205606e-05 1.8544504e-05 0.0023716341 3.33662e-05 0.0006713438 9.868233e-06 0.0011889621 4.609016e-09 0.012932077 1.3219708e-05 0.0035913156 6.9328403e-06 0.0039082454 0.00018390128 0.00870526 1.6072088e-05 7.3985063e-07 1.5642332e-05 5.04954e-07 0.0038159548 5.518072e-06 0.0018350614 3.891603e-07 2.3816144e-06 0.0018940395 0.0068470538 0.0028177577
0.7890716 0.8657205 0.5143187 0.7687869 0.97401714 0.61535376 0.07349 0.3831333 3.6763496e-18 0.09936645 0.90265954 0.781646 0.20037076 0.9063697 0.15304424 0.036338225 0.19262111 0.85798854 0.06274757 0.1497486 0.017753378 0.6873286 0.008030816 0.005822538 0.17194523 0.0065018972 0.008731135 0.006094991 0.0010503653 0.00065010856 0.00097522227 0.06546856 0.0015334515 0.0005337602 0.00028017486 0.003389308 0.0018665451 0.00032565417 0.0113776075 0.026045993 0.0003104514 1.0973625e-06 0.17029257 0.019504596 0.10731862 0.0036183351 0.00032801993 0.00022229935 0.0003171777 4.27958e-05 1.904316e-06 0.032354724 7.417059e-05 0.00015320138 8.0278323e-07 3.144536e-05 0.0012106977 0.00044422635 4.1282467e-05 8.810184e-05 2.9881441e-05 2.0879754e-05 2.3509501e-05 0.00014753874 1.4691393e-06 2.1375945e-05 2.1093607e-07 1.4720361e-07 4.3592908e-07 0.00024750992 4.4523357e-08 4.7591192e-07 0.013545904 5.4531886e-09 2.0544373e-06 5.865765e-07 0.00023097075 1.7517818e-06 6.784193e-06 3.7941777e-07 1.7434154e-06 1.6336304e-11 0.0037219296 2.546959e-06 0.0006370581 4.175636e-06 0.00038399792 6.184373e-05 0.000326458 9.983731e-07 2.6410381e-08 1.0541251e-08 2.936809e-08 0.0009076566 8.75898e-07 0.0011649564 8.188088e-11 1.3037709e-11 0.00042572687 0.00303031 0.0011329117
0.96892864 0.26427585 0.19823173 0.060206104 0.13552092 0.007933233 0.94877577 0.009607326 0.09936645 4.0471548e-15 0.7164198 0.013714948 0.96683663 0.020524528 0.1195611 0.78884524 0.78646153 0.0046370174 0.0005606534 0.1610809 0.3889794 0.12198697 0.8693193 0.63384074 1.6840417e-05 0.0001343986 0.00027216357 0.00022860208 0.13500598 8.746347e-06 5.4539046e-06 0.19535878 0.015445062 0.07067314 1.3921767e-06 0.26949713 0.058399156 1.281119e-06 0.13395725 0.02469334 0.05902784 0.0074442253 0.35702127 0.3785492 0.00012167508 0.006027761 1.2432969e-06 0.0063074585 2.7296917e-07 2.9454764e-06 0.014048881 1.0135467e-05 0.0023048315 0.00064040866 8.229591e-08 0.007827199 0.014723592 0.027112817 3.6644917e-06 6.226268e-06 7.889197e-06 7.190372e-06 1.1451476e-05 2.6176946e-05 1.1944975e-06 2.3943858e-08 0.00018209935 4.3998727e-10 1.631086e-08 0.00014926466 5.0785938e-11 1.8444592e-08 0.12639058 0.00044657043 0.0010237196 0.00042387831 0.0024529737 9.913102e-08 1.5464957e-05 0.00043873623 6.0720163e-06 1.2967116e-13 0.001422768 4.9039663e-05 0.0005233759 8.531033e-05 0.0021837049 0.000830554 0.0009923432 2.106034e-05 1.3308857e-06 3.9714642e-08 4.719126e-05 0.0035985033 3.994089e-05 0.0038994965 8.91007e-10 1.8894448e-09 0.002308743 0.012118853 0.02305718
0.914857 0.80293876 0.48047122 0.4048073 0.8545055 0.10203036 0.391344 0.07630247 0.90265954 0.7164198 1.2374321e-17 0.27660805 0.90654385 0.4006688 0.101111874 0.16751035 0.8853621 0.27062142 0.0051024854 0.84939015 0.028676968 0.95710546 0.130824 0.09353732 0.010047131 0.0011696737 0.0014228976 0.0010497019 0.0059293453 4.5291858e-05 6.1186685e-05 0.6243241 0.0022811654 0.0027302809 0.00011503278 0.09326698 0.006895858 2.2159502e-05 0.28104565 0.0212624 0.005181254 0.0002725282 0.17070623 0.05376047 0.060661174 0.062641 0.000102755235 0.0018704652 3.1608324e-05 2.9068095e-05 0.0005255584 0.0038729047 0.0019364589 0.0073733823 4.292877e-07 0.0001986042 0.0016796862 0.000990781 2.1173359e-05 1.827494e-05 1.2834639e-05 1.1791236e-05 1.688002e-05 7.0726333e-06 1.8697428e-06 6.3469997e-06 6.304743e-07 2.5788255e-08 1.2853974e-06 0.00020194195 2.57364e-09 7.0000184e-05 0.016528161 1.0005092e-06 1.3294148e-05 4.669035e-06 7.901437e-05 1.2229938e-07 3.4723505e-06 3.5546511e-06 4.1297403e-06 2.3512602e-12 0.0017767206 7.307059e-06 0.0001027086 4.1009494e-06 0.00039548497 0.00027671698 0.00012899829 1.0437378e-06 7.4921566e-08 5.2338706e-08 4.870409e-07 0.0012182579 2.0681803e-06 0.0009708568 1.3590821e-09 2.5922758e-10 0.00077273377 0.002934746 0.0040280675
0.8475559 0.49740338 0.4062477 0.86984277 0.6691236 0.66799253 0.013891921 0.7791765 0.781646 0.013714948 0.27660805 4.2952548e-17 0.023336915 0.97113055 0.05545614 0.012224635 0.03259933 0.9544673 0.86997926 0.03056375 0.0014974163 0.109181926 0.0010795762 0.0007242327 0.5175265 0.12769645 0.08971806 0.059712242 0.0002505424 0.0028348314 0.009248614 0.02548975 0.00051581213 0.00011019255 0.011832837 0.00045998723 0.00037965886 0.002715675 0.0056909146 0.12380279 4.742732e-05 2.9086377e-06 0.15154663 0.021065144 0.076972455 0.00027116272 0.0066271964 5.333815e-07 0.018775627 0.000805661 1.3794471e-06 0.052961312 8.1864026e-05 0.00029703314 1.6733347e-05 2.8588845e-05 0.00052654726 0.00015916544 0.00016400004 0.00017294324 0.0002844589 4.1211937e-05 0.0005990003 7.578488e-05 2.4418146e-05 0.0002631791 9.992452e-08 7.4187806e-06 0.00010714016 0.0024626602 6.5937806e-05 0.0002947896 0.025777927 2.1616128e-08 3.1839872e-06 7.53238e-07 0.00025577008 5.0476124e-06 7.8012825e-05 8.206068e-07 2.307991e-05 9.75952e-09 0.0065035066 2.7248893e-06 0.00054768776 6.1897513e-06 0.0013256168 4.095382e-05 0.0009851012 2.2179967e-07 3.7044465e-08 5.785668e-07 1.1127396e-07 0.00077338103 1.2300859e-07 0.0012657167 4.3612074e-09 3.7199882e-08 0.00034710133 0.0024932774 0.00072227383
0.953997 0.19787604 0.1386684 0.06395332 0.21755283 0.008038793 0.60020125 0.012217234 0.20037076 0.96683663 0.90654385 0.023336915 1.2673347e-14 0.026864352 0.053507235 0.48035747 0.9594873 0.015183446 0.00059110357 0.40770033 0.099211805 0.3966161 0.7686075 0.7227666 0.00017146081 0.00099026 0.0006876492 0.00033805938 0.06658182 8.8837005e-06 4.420301e-06 0.57200366 0.0045322673 0.07577126 4.2440793e-06 0.49966538 0.016342495 3.4190646e-06 0.36859316 0.016433368 0.031386286 0.010009812 0.1946136 0.115211636 0.004015004 0.05504387 2.6211853e-06 0.024868654 4.484972e-06 7.252207e-06 0.015220189 0.000455228 0.0085583115 0.007552255 4.6454684e-08 0.003262546 0.0035238704 0.008074283 3.4439622e-06 3.998539e-06 2.5620704e-06 4.938379e-06 3.858368e-06 1.2896072e-05 5.651325e-07 3.4169344e-07 5.920725e-05 7.590045e-09 1.15636894e-07 0.000122111 2.8770164e-10 2.7566941e-06 0.0337837 0.0001170994 0.00026456846 0.00024986945 0.0003427037 1.3146837e-07 8.663762e-06 0.00014728557 2.9343905e-06 3.9629189e-13 0.0022352694 3.754562e-05 0.00038475142 7.198183e-05 0.001113346 0.0005200722 0.00023481237 1.1566073e-05 3.966977e-07 8.641844e-08 7.97234e-06 0.001424719 2.704877e-05 0.0015931382 9.390635e-09 2.9115071e-10 0.0009755316 0.0051395847 0.007924681
0.4990536 0.6644941 0.50087965 0.8611525 0.79418355 0.7850446 0.019645395 0.69707894 0.9063697 0.020524528 0.4006688 0.97113055 0.026864352 1.757117e-16 0.12492953 0.008757081 0.036955692 0.9540939 0.74216825 0.023447173 0.0037005346 0.1688574 0.0017746073 0.0028594409 0.31357133 0.09770104 0.048623234 0.04080701 0.0006605052 0.0039608497 0.016912395 0.018589633 0.0008476499 0.0004038281 0.01491834 0.00017207181 0.0004961248 0.004683302 0.0028960926 0.0627151 2.6467658e-05 1.0062304e-06 0.110541426 0.011050659 0.06981795 0.00018620006 0.005090024 6.158309e-06 0.0053855116 0.0013841675 1.0184926e-06 0.028182006 1.9553772e-05 8.099662e-06 9.736169e-05 3.061574e-05 0.00039805632 0.0003779379 0.00041301566 0.00048344408 0.0007312375 0.00014253448 0.001035933 0.0003334665 0.0001308262 0.00018880339 1.299066e-07 3.5588844e-06 3.267562e-05 0.002589656 6.3095615e-07 2.014479e-07 0.012156252 8.939489e-09 1.392935e-06 6.6629724e-07 0.00015854962 5.0111197e-05 0.00020452282 6.511086e-08 6.6264565e-06 1.3303442e-09 0.0066922577 1.1703341e-06 0.00032845975 2.3611994e-06 0.00062496477 6.802019e-05 0.0003085494 8.652791e-07 8.524347e-09 4.3507637e-07 1.0342322e-07 0.0007448716 7.0324893e-07 0.0011336224 1.6548667e-09 8.179261e-09 0.00036683012 0.0024715257 0.0010318526
0.97297573 0.87110066 0.9306782 0.3027862 0.030694935 0.6172346 0.420074 0.42479837 0.15304424 0.1195611 0.101111874 0.05545614 0.053507235 0.12492953 6.9864e-16 0.2059504 0.0063061416 0.007414337 0.20327517 0.00022243442 0.40416557 0.0014577066 0.038009558 0.007358237 2.024819e-06 0.1765538 0.3196721 0.124166064 0.019832263 0.18620831 0.29163873 0.000984096 0.8546456 0.001662776 0.0044726026 8.717053e-06 0.47021633 0.027128315 0.0006943629 0.6173573 0.08103351 8.696489e-05 0.9492836 0.4146459 0.00037731955 3.4563814e-07 0.0019943002 5.5921686e-07 4.2477723e-06 0.042325716 1.2005384e-05 9.804351e-06 2.236154e-07 1.1982117e-07 2.6909882e-05 0.06941619 0.17534684 0.0360123 0.05086722 0.01978589 0.087654434 0.010497956 0.05883617 0.59474015 0.007892181 2.006806e-08 0.00032527986 6.321484e-06 2.201048e-06 0.023377901 7.109505e-09 3.2977607e-10 0.10929237 0.00023562014 0.005969598 0.000106446794 0.268067 8.174076e-05 0.028176485 0.0041407 0.08989136 3.4359227e-11 0.037824906 0.00064699096 0.059863925 0.0015753391 0.07831412 0.029187342 0.069957614 8.9717105e-06 0.00013679605 0.00032179174 0.00017182811 0.045159075 0.00018821894 0.06497543 2.4402655e-06 1.9113784e-05 0.038157765 0.057071496 0.023079505
0.98457706 0.15735699 0.032597378 0.009940092 0.026823474 0.005508233 0.9632985 0.0058487616 0.036338225 0.78884524 0.16751035 0.012224635 0.48035747 0.008757081 0.2059504 8.905596e-15 0.44358745 0.0037074154 4.089719e-05 0.04358806 0.9595069 0.032874692 0.8451124 0.6735553 2.9436428e-06 3.517736e-05 0.0002146975 0.00016184254 0.6345088 3.6801695e-05 2.9813269e-05 0.13657434 0.090802334 0.42665163 3.9962913e-07 0.37905344 0.22320518 9.347052e-07 0.11318929 0.019271005 0.41277155 0.07970946 0.38079825 0.5169513 8.51239e-05 0.0015355919 1.0727204e-06 0.013104067 1.7365247e-07 2.8990037e-06 0.039160717 2.0975801e-06 0.0014898455 0.00015970187 1.3135295e-07 0.07022771 0.053528145 0.18609083 6.245173e-06 2.3323058e-05 2.5242178e-05 7.898027e-06 1.3496845e-05 0.0004731693 1.8495836e-06 8.850268e-09 0.021072399 6.060237e-10 4.1917088e-09 0.00017043062 2.0673172e-11 7.725641e-10 0.35926616 0.0059883324 0.009505849 0.0069854436 0.0070215333 1.0880266e-08 3.642216e-05 0.0047646104 1.7843024e-05 8.797164e-14 0.0027545893 0.0018311605 0.004564907 0.0011080946 0.0058126403 0.0060226675 0.0010483923 0.00068699755 0.00015373736 2.130334e-08 0.00043371515 0.0034339775 0.0010889444 0.010306518 1.8179074e-09 7.810252e-11 0.0074469876 0.021877907 0.056758113
0.98333466 0.06265231 0.17187443 0.10512645 0.38126498 0.009478379 0.38321656 0.019850703 0.19262111 0.78646153 0.8853621 0.03259933 0.9594873 0.036955692 0.0063061416 0.44358745 1.4006669e-11 0.041641917 0.00078901905 0.68786 0.035529595 0.7463133 0.66004694 0.72221726 0.012546751 0.002244415 0.0009351283 0.0006039776 0.10279162 2.5053649e-05 4.8743073e-05 0.9190069 0.0008840682 0.17511074 8.5336815e-06 0.83417165 0.010727569 4.374433e-05 0.7176137 0.038493026 0.017859446 0.026291339 0.28423923 0.09758336 0.016917089 0.36987698 0.00018665679 0.11756623 0.0002638312 1.5709484e-05 0.038047627 0.0057081315 0.09841475 0.11817227 1.1195025e-06 0.0017307805 0.0034540524 0.009893563 5.923975e-06 2.8347542e-05 4.323311e-06 9.559284e-06 1.6471399e-06 8.914142e-06 1.1083756e-06 0.00015365075 0.00028591423 2.1823588e-07 9.619165e-06 0.0005822627 3.4666764e-06 0.0035540126 0.05800545 9.41773e-05 0.000116799616 0.0010157166 0.0002332476 3.099863e-06 6.6219013e-06 0.00014458122 1.6469216e-06 1.5797776e-09 0.03350961 8.391526e-05 0.0003941722 0.00012448334 0.0015947623 0.00046466876 0.0004036783 0.00015822335 5.408913e-06 1.3830095e-07 3.983713e-06 0.0030880389 5.370105e-05 0.002055872 8.559718e-09 3.2182115e-10 0.002108681 0.0067468714 0.022480207
0.74360245 0.13310368 0.27912316 0.77171665 0.6474936 0.53624856 0.003463775 0.55817753 0.85798854 0.0046370174 0.27062142 0.9544673 0.015183446 0.9540939 0.007414337 0.0037074154 0.041641917 3.4760837e-16 0.73923993 0.034945097 0.0007126123 0.4966172 0.00084653875 0.0011666564 0.9702325 0.13780788 0.069636 0.073366314 0.0001430951 0.0024596795 0.017511507 0.027513389 7.050978e-05 0.00045855893 0.079048626 0.0010059638 0.000115924275 0.014730917 0.010565259 0.046191484 7.264872e-05 7.2380085e-06 0.06422934 0.0032884104 0.47781155 0.004780527 0.05287464 7.320988e-06 0.07760486 0.0023009477 2.8763134e-05 0.23437132 0.00014550898 0.0018142541 0.0005490297 4.234187e-06 1.3511178e-05 6.360522e-05 0.0008004234 0.00067488535 0.00058599 7.9597405e-05 0.0011052765 2.9516868e-05 8.0836464e-05 0.0047356472 6.174034e-08 6.169105e-05 0.0010060918 0.0056741284 0.0061703343 0.005761936 0.008450807 6.112748e-09 4.5748192e-07 3.2386973e-07 1.3609773e-05 0.00021127259 9.906691e-05 2.3850191e-08 1.2496095e-05 1.4908775e-05 0.08722957 6.828777e-07 0.00020549781 8.737214e-07 0.00039596445 9.4744155e-06 0.0002873814 3.5355038e-07 1.25055175e-08 5.1740386e-08 3.0286813e-08 0.001974751 2.5662678e-07 0.00029975074 8.289672e-09 8.349288e-09 0.00013216387 0.0011256052 0.0007706918
0.996297 0.050863013 0.020134233 0.5624872 0.09954045 0.8690092 0.0011404374 0.9711976 0.06274757 0.0005606534 0.0051024854 0.86997926 0.00059110357 0.74216825 0.20327517 4.089719e-05 0.00078901905 0.73923993 2.6105311e-13 0.0011673186 0.00025525884 0.0023168698 0.00054521835 1.6505908e-05 0.7144376 0.49987096 0.1676574 0.08732513 4.3509718e-07 0.05829179 0.09993022 0.0019407601 0.00049988483 1.5071594e-06 0.3471167 5.057913e-05 3.17714e-05 0.018668272 0.00035135596 0.64029396 1.1233746e-05 1.8776659e-06 0.06654534 0.0007011526 0.43247792 8.814854e-06 0.009516787 2.0280997e-07 0.20475654 0.00055674114 5.2000987e-06 0.20935042 1.7377482e-06 3.856924e-05 0.00014938512 7.2088e-06 0.00024162787 8.150257e-05 0.0008844764 0.000499037 0.00017286869 0.00022271356 0.00010432672 0.00092113414 1.3276106e-05 0.0022440606 3.0415666e-05 3.324585e-05 0.0005830342 0.0034709473 0.0244743 7.497821e-05 0.015307499 5.5220257e-06 2.7246153e-05 2.4678136e-06 0.0009465448 1.8020635e-05 7.827037e-05 8.870765e-06 2.0616433e-05 0.00013211899 0.18957616 5.690884e-06 0.0018100719 1.5837641e-06 0.0040402454 3.2234046e-05 0.004516863 7.063014e-06 2.6161223e-07 2.3717503e-06 4.967691e-07 0.0053899973 1.0516696e-07 0.00044402495 3.8367336e-08 6.7332445e-07 0.00040064057 0.0034561136 0.00071767694
0.9392694 0.032824825 0.32920727 0.2552539 0.64069057 0.006958011 0.057937603 0.011985948 0.1497486 0.1610809 0.84939015 0.03056375 0.40770033 0.023447173 0.00022243442 0.04358806 0.68786 0.034945097 0.0011673186 4.3991507e-14 0.0017140382 0.9896481 0.030782478 0.04587878 0.014168062 0.000106640364 9.9861034e-05 8.143925e-05 0.00083696115 1.6916141e-06 7.843813e-07 0.91457975 4.370176e-05 0.0014284081 7.771613e-06 0.07581607 0.00047414182 4.7079058e-07 0.5397384 0.0015286142 0.00033570136 0.0017156303 0.088602684 0.007906159 0.036998104 0.53532654 2.7902493e-05 0.038912166 1.7983415e-05 8.730762e-08 0.00072195916 0.0021363574 0.100700125 0.43890542 1.5574328e-06 5.2042196e-05 7.251555e-05 0.00017680654 3.469502e-07 9.4118805e-06 4.3692108e-08 5.368348e-07 2.1404633e-08 4.750556e-08 1.760347e-07 0.0072965035 8.125737e-06 1.9776171e-07 1.488874e-05 2.2414959e-05 0.0015513047 0.12533563 0.006745926 8.100659e-06 4.2158637e-05 2.3735143e-05 2.3592909e-06 4.9897476e-08 1.33999425e-08 8.552216e-06 6.4372885e-09 6.305062e-05 0.003019496 2.3291104e-06 6.85542e-07 1.2567731e-05 8.216671e-05 8.764144e-05 5.5130854e-06 1.4335515e-06 1.4858483e-07 7.752063e-10 2.6573948e-06 4.81877e-05 1.6752716e-05 8.167515e-05 3.6945708e-10 4.427741e-09 0.00055049453 0.000373107 0.0010139319
0.98518735 0.21010952 0.047671795 0.0076377015 0.0046499437 0.007618896 0.92318076 0.0020752605 0.017753378 0.3889794 0.028676968 0.0014974163 0.099211805 0.0037005346 0.40416557 0.9595069 0.035529595 0.0007126123 0.00025525884 0.0017140382 3.458728e-17 0.0026957532 0.5769147 0.1391726 1.4087048e-07 9.549184e-05 0.0002485284 0.00016091742 0.66429836 8.530277e-05 1.6565027e-05 0.006465823 0.57996505 0.071342364 3.297846e-06 0.018014483 0.9006073 2.9099087e-06 0.012218626 0.022266366 0.61586976 0.013692777 0.21612011 0.8116425 3.2221365e-06 9.9348945e-05 9.789369e-07 0.000557653 4.8119478e-08 3.3543542e-06 0.014869357 2.0366074e-06 6.0231236e-05 2.6150583e-06 7.2742196e-08 0.28599772 0.3790673 0.39877474 1.940695e-05 3.278446e-05 4.620521e-05 2.2826187e-05 1.6709746e-05 0.0061269808 1.2573312e-06 7.251031e-08 0.03869765 1.6406306e-08 9.9126865e-08 0.00029436458 2.829297e-10 1.9319546e-09 0.38041008 0.013054778 0.07102068 0.01496577 0.032563012 4.1771695e-08 8.907314e-05 0.018764475 0.0001414172 1.3222806e-11 0.0017577773 0.0064630704 0.002331113 0.0037002875 0.016633479 0.04425808 0.0054732985 0.0021802527 0.0011765002 1.107043e-07 0.0024024078 0.0104399985 0.0026166874 0.048371285 3.1574123e-09 1.212636e-08 0.03759724 0.03936084 0.12738122
0.30575067 0.09258173 0.11736999 0.20181881 0.5009604 0.024572518 0.032589298 0.031553533 0.6873286 0.12198697 0.95710546 0.109181926 0.3966161 0.1688574 0.0014577066 0.032874692 0.7463133 0.4966172 0.0023168698 0.9896481 0.0026957532 8.484328e-17 0.028101018 0.051601645 0.35684812 0.00046187697 0.0013305271 0.001183254 0.0012072901 8.664059e-06 6.127474e-05 0.8590911 4.47726e-05 0.0036142552 0.00050657184 0.14297916 0.00032694248 1.7683953e-05 0.3818333 0.0031472954 0.0020880513 0.000227972 0.026833478 0.00263758 0.4357894 0.155995 0.00017409828 0.007977641 0.0019435872 6.071843e-06 0.00084252853 0.080592595 0.018225443 0.03546167 2.0767125e-06 1.1207507e-05 2.106016e-05 9.53858e-05 2.275338e-05 4.9536262e-05 3.0302933e-06 8.081169e-06 1.1955329e-05 2.5652464e-06 2.661812e-07 0.0018124868 1.3644828e-06 8.457502e-07 1.2762297e-05 5.4630746e-05 0.00011707708 0.014787958 0.002142547 6.790466e-08 3.2855246e-06 1.2948631e-05 3.1658446e-06 3.0049e-06 2.9055508e-07 4.166191e-07 5.181814e-07 9.435413e-07 0.0014877457 1.3397233e-06 9.901141e-06 1.01494425e-05 5.0976796e-05 3.168782e-05 2.9360352e-05 8.714155e-07 1.05198865e-07 1.14171705e-07 2.0239823e-07 0.00040503393 6.0331143e-07 0.00016075638 6.678707e-10 1.2705904e-10 0.00023678112 0.0011819004 0.0010210543
0.9145774 0.05181963 0.020732395 0.005458307 0.0037202174 0.0007899881 0.7876824 0.0014081104 0.008030816 0.8693193 0.130824 0.0010795762 0.7686075 0.0017746073 0.038009558 0.8451124 0.66004694 0.00084653875 0.00054521835 0.030782478 0.5769147 0.028101018 2.2272514e-18 0.98240703 1.5396999e-07 8.919521e-05 3.295232e-05 2.0221225e-05 0.80230236 3.9619712e-07 1.471836e-08 0.12341523 0.008454898 0.8112227 9.4603797e-07 0.24396132 0.1660916 2.4309708e-07 0.17012934 0.0036334721 0.6995116 0.25178093 0.084135436 0.11421477 9.156107e-06 0.0033609427 6.260862e-08 0.048489686 2.8143212e-08 3.4537686e-07 0.16910867 4.5286006e-06 0.005612648 6.4317974e-05 4.0398405e-09 0.025065435 0.0072285794 0.018583752 1.2169787e-07 2.9187984e-07 4.442424e-06 2.3535567e-07 4.69654e-06 1.0902573e-05 7.3464076e-07 2.7937574e-08 0.0020484712 2.64778e-09 4.110062e-09 6.8364796e-05 1.281786e-12 1.3312193e-10 0.033825804 0.0015838072 0.0014899756 0.005616287 0.000351324 1.5611363e-07 2.6049104e-06 0.00048507616 2.0685876e-07 6.714791e-14 0.0005538748 0.00020908896 0.00022515967 0.00023257767 0.0005242284 0.0015090313 8.3151375e-05 0.00029497608 1.2643521e-06 6.821178e-08 6.430203e-05 0.00046462577 0.00018947205 0.0024904446 8.3519763e-10 3.1977154e-09 0.0024992013 0.0038908967 0.014997754
0.9639636 0.014504189 0.00357263 0.003214519 0.0021523144 0.00019482471 0.4250999 0.00037124412 0.005822538 0.63384074 0.09353732 0.0007242327 0.7227666 0.0028594409 0.007358237 0.6735553 0.72221726 0.0011666564 1.6505908e-05 0.04587878 0.1391726 0.051601645 0.98240703 2.2802606e-14 1.2580616e-06 5.083196e-06 9.783186e-06 1.2572226e-05 0.6280827 8.254834e-07 3.4628513e-07 0.45968944 0.002523063 0.89879656 1.4877044e-07 0.81013167 0.053265736 1.5580633e-07 0.6074559 0.002333067 0.51125634 0.408339 0.14624746 0.115097694 0.0007598948 0.12909135 9.339122e-07 0.27859357 1.9018847e-07 1.9448915e-07 0.24947408 1.561516e-05 0.10409777 0.02235933 2.6182722e-08 0.0064268312 0.0034926368 0.015311662 3.2922637e-07 1.583968e-06 2.452445e-07 1.7818019e-06 5.556558e-08 4.0997406e-06 3.636928e-08 5.6372837e-08 0.0023083524 3.7336467e-10 1.4552131e-08 1.9254805e-05 3.1897932e-11 3.4588547e-07 0.07154943 0.0007036894 0.0007713584 0.0072430116 0.00040710348 1.4254734e-07 5.5129783e-07 0.00057388184 5.6347386e-07 1.1394457e-13 0.009871381 0.00012943441 0.00023570666 0.00022853295 0.0015045214 0.0008243504 0.000101606056 0.000121355355 4.7101717e-06 5.0922853e-09 1.1314372e-05 0.00035085907 0.00014517894 0.0052642548 1.2614103e-09 1.2232223e-11 0.0017807275 0.00694555 0.016233614
0.89495564 0.002375769 0.035719894 0.54705626 0.44366372 0.06115621 1.9613368e-05 0.3253555 0.17194523 1.6840417e-05 0.010047131 0.5175265 0.00017146081 0.31357133 2.024819e-06 2.9436428e-06 0.012546751 0.9702325 0.7144376 0.014168062 1.4087048e-07 0.35684812 1.5396999e-07 1.2580616e-06 1.2328132e-12 0.071640186 0.007953334 0.025307726 4.0373447e-09 6.793821e-06 0.000118918164 0.012340776 2.2704973e-09 2.4985109e-08 0.5068245 6.572316e-05 3.2496958e-09 0.0047920137 0.00034348568 0.022811135 1.0405336e-08 6.666534e-08 0.011137802 2.713409e-06 0.9487606 0.0032559969 0.18073267 1.3100079e-07 0.62260604 1.659659e-05 1.1743165e-06 0.86721545 7.343466e-05 0.012250058 0.0008948204 2.6775049e-09 2.9543645e-09 2.6208091e-09 1.6952123e-06 3.1723866e-05 1.3878876e-07 2.4876633e-07 8.74696e-07 6.028597e-08 6.320784e-06 0.10674369 2.1483029e-09 0.0012035546 0.062286414 0.0020720323 0.25609 0.16254541 0.00021631063 3.7029842e-08 8.150559e-09 8.740138e-09 1.4433241e-08 5.6716475e-05 4.9130267e-06 3.2976788e-10 1.5890985e-08 0.060052704 0.3599671 1.1433454e-08 2.7620243e-05 1.168971e-08 3.2002146e-05 2.2565871e-07 3.906045e-05 5.184043e-09 9.1203567e-10 5.5553153e-09 2.0236609e-08 0.00034355203 4.685823e-09 1.2295188e-06 1.0018548e-09 3.616575e-07 4.7238336e-06 1.75269e-05 8.515788e-06
0.98886865 0.0070023183 0.0012544472 0.08521459 0.006083838 0.15134457 0.00034697374 0.3030146 0.0065018972 0.0001343986 0.0011696737 0.12769645 0.00099026 0.09770104 0.1765538 3.517736e-05 0.002244415 0.13780788 0.49987096 0.000106640364 9.549184e-05 0.00046187697 8.919521e-05 5.083196e-06 0.071640186 5.599075e-14 0.9362023 0.88837945 8.7422154e-07 0.9147909 0.8881186 0.00046003418 0.0015136463 1.0309102e-06 0.8685624 0.00011093317 1.4891295e-05 0.7972484 3.833923e-05 0.8777683 1.1780692e-05 4.3433846e-07 0.061112404 9.1928494e-05 0.051886193 7.383549e-07 0.23839948 5.760817e-08 0.39453897 0.43973163 1.1741507e-06 0.08557975 2.9247224e-07 7.7425517e-07 0.07189689 6.6235243e-06 9.32369e-05 8.611068e-06 0.025722101 0.019546967 0.0059630233 0.006265008 0.0073898304 0.009474999 0.0018583587 1.7384935e-05 1.5469119e-05 0.0062331664 0.024357222 0.037262406 0.0040564104 3.447113e-08 0.004886623 3.331793e-07 2.1195663e-05 2.9614268e-06 0.002944019 0.001573385 0.00042413728 4.6965943e-06 0.0009476363 9.4267785e-09 0.2755023 5.6544163e-06 0.0044076312 1.4800223e-06 0.0061063655 2.9698425e-05 0.010516939 9.2665105e-06 4.6463921e-07 1.3282863e-06 6.137061e-08 0.015845014 3.5443467e-08 0.00089731184 2.0095801e-07 8.4696374e-08 0.00059932197 0.0070874584 0.00051760953
0.9601639 0.01882812 0.0017911646 0.027357811 0.0038794256 0.1015709 0.00064173806 0.24753374 0.008731135 0.00027216357 0.0014228976 0.08971806 0.0006876492 0.048623234 0.3196721 0.0002146975 0.0009351283 0.069636 0.1676574 9.9861034e-05 0.0002485284 0.0013305271 3.295232e-05 9.783186e-06 0.007953334 0.9362023 9.387902e-15 0.9366618 2.6837226e-05 0.9594877 0.86606336 0.00034801714 0.002918217 7.548758e-06 0.43637067 7.9158835e-06 0.00011356333 0.7377212 1.6533635e-05 0.8646264 0.00020127442 4.423103e-07 0.11088791 0.001254434 0.0077960147 2.1671089e-07 0.10811471 5.9777584e-08 0.07307274 0.42351714 1.0298798e-07 0.012443164 1.3651916e-07 1.1026077e-06 0.04910229 6.603056e-05 0.00058736023 0.00012352131 0.12683457 0.051616117 0.02773132 0.019645778 0.031984277 0.0316195 0.0052415743 2.081903e-07 1.710263e-05 0.0023029156 0.005112351 0.036584564 2.1273265e-05 9.9672354e-11 0.016572053 1.2480861e-07 5.0860202e-05 1.7830035e-06 0.005903717 0.0027039063 0.003920168 1.0891307e-05 0.0050928765 1.8829574e-10 0.1440751 1.709384e-05 0.017011141 3.3121323e-05 0.008126268 9.5242096e-05 0.026992222 1.2160709e-06 2.2750764e-06 1.6290755e-05 3.2725126e-08 0.013320909 1.6568067e-06 0.0013885708 8.2143833e-07 3.6221047e-07 0.0009192088 0.011265691 0.000614814
0.9364644 0.012764849 0.0006259729 0.014542962 0.001924861 0.07385447 0.00030785162 0.14330025 0.006094991 0.00022860208 0.0010497019 0.059712242 0.00033805938 0.04080701 0.124166064 0.00016184254 0.0006039776 0.073366314 0.08732513 8.143925e-05 0.00016091742 0.001183254 2.0221225e-05 1.2572226e-05 0.025307726 0.88837945 0.9366618 1.7062022e-14 2.5614048e-05 0.954782 0.92665035 0.00043871364 0.0010197986 8.734037e-06 0.5945717 1.3758558e-05 6.7222216e-05 0.86679685 4.4430406e-05 0.721122 0.00024509008 5.3397855e-07 0.046373896 0.00026476028 0.021314947 8.615746e-07 0.19203353 1.3992626e-07 0.1359732 0.67306846 3.2176916e-07 0.024405675 2.4111282e-07 1.5346488e-06 0.14948812 4.367668e-05 0.00040827764 0.00011098787 0.15898718 0.104694575 0.030717148 0.02661882 0.042895544 0.019671055 0.009404263 6.904135e-07 7.551293e-06 0.007521079 0.016105516 0.043602612 7.436898e-05 5.288142e-10 0.010758864 1.4431809e-08 3.2236967e-05 8.883577e-07 0.0033788015 0.010990395 0.0046693203 1.095716e-05 0.0037328675 6.020788e-10 0.18713829 1.356534e-05 0.00790039 3.583192e-05 0.0060402085 2.4433242e-05 0.01145794 6.187092e-07 9.0837653e-07 0.000111869136 3.0524937e-08 0.0071665416 6.8288233e-07 0.00096871605 9.628513e-07 6.2922913e-07 0.00031295198 0.008773629 0.00036673286
0.9885878 0.005144626 0.00037236087 0.0008727991 0.00088416523 0.00053915166 0.25572428 0.00014896829 0.0010503653 0.13500598 0.0059293453 0.0002505424 0.06658182 0.0006605052 0.019832263 0.6345088 0.10279162 0.0001430951 4.3509718e-07 0.00083696115 0.66429836 0.0012072901 0.80230236 0.6280827 4.0373447e-09 8.7422154e-07 2.6837226e-05 2.5614048e-05 7.0328834e-13 5.6957815e-06 4.7214039e-07 0.016222658 0.03144771 0.8575288 2.2462006e-08 0.42358726 0.47710973 4.737506e-07 0.042417135 0.0010638759 0.98346645 0.580204 0.06475303 0.22159538 2.3586138e-06 0.00024914206 1.981356e-06 0.012161847 1.3344118e-07 1.3185912e-07 0.6181774 9.3232995e-07 0.0012399595 0.00011111253 2.9277527e-09 0.24112153 0.026833186 0.26946133 1.3513092e-06 6.0106568e-06 1.0363069e-06 1.8715303e-06 5.6033844e-07 0.00012523052 2.8285067e-08 1.8913903e-07 0.31708062 1.9536593e-08 8.7242036e-08 5.3385406e-06 3.6375764e-10 7.3055006e-09 0.1432383 0.21300875 0.09624193 0.2625318 0.002385156 2.2958095e-07 1.0819008e-05 0.029355379 5.0898316e-06 2.7274472e-12 0.00054288533 0.020040805 0.00065282104 0.007836629 0.0038608233 0.04186928 0.00021046416 0.011775701 0.0026942703 1.4862259e-08 0.007976916 0.0010841313 0.015030951 0.018268147 2.9750324e-09 1.4147343e-10 0.03125155 0.019739851 0.11940171
0.8420503 0.014483627 0.0014450947 0.0029237017 0.00010607265 0.02859624 7.651305e-05 0.047555044 0.00065010856 8.746347e-06 4.5291858e-05 0.0028348314 8.8837005e-06 0.0039608497 0.18620831 3.6801695e-05 2.5053649e-05 0.0024596795 0.05829179 1.6916141e-06 8.530277e-05 8.664059e-06 3.9619712e-07 8.254834e-07 6.793821e-06 0.9147909 0.9594877 0.954782 5.6957815e-06 3.6216043e-18 0.8627037 2.2782388e-07 0.0028881796 4.8408555e-07 0.050032277 3.6000576e-09 9.350582e-05 0.671362 1.520217e-07 0.766832 4.4894716e-07 9.488054e-09 0.02218391 0.0008216417 6.3624204e-05 9.457045e-10 0.03562774 9.32116e-10 0.0009519915 0.7506349 9.006957e-09 9.772486e-05 1.5066899e-09 1.2163857e-09 0.048660766 2.7476115e-05 0.0001985597 8.158944e-05 0.19636633 0.20352626 0.14561434 0.054999568 0.08760378 0.08858321 0.029923173 8.4322604e-11 8.155038e-09 0.00010895199 5.504462e-05 0.07655452 4.696177e-12 1.7172478e-13 0.0121850725 8.677648e-09 3.2332398e-06 1.609307e-07 0.00446953 0.0016597492 0.017050235 3.8078002e-07 0.038133994 2.602223e-14 0.0327719 4.8030624e-06 0.008957793 3.2435087e-06 0.0077064 6.575613e-05 0.023766488 3.102859e-08 3.596175e-08 0.00020681902 1.0609212e-07 0.017229088 1.5636402e-06 0.0015158734 1.3618679e-05 7.377102e-05 0.0010538811 0.008771641 0.0011705508
0.42619798 0.029283082 0.002974887 0.009549071 7.259325e-05 0.11475511 3.230162e-05 0.14703098 0.00097522227 5.4539046e-06 6.1186685e-05 0.009248614 4.420301e-06 0.016912395 0.29163873 2.9813269e-05 4.8743073e-05 0.017511507 0.09993022 7.843813e-07 1.6565027e-05 6.127474e-05 1.471836e-08 3.4628513e-07 0.000118918164 0.8881186 0.86606336 0.92665035 4.7214039e-07 0.8627037 9.139784e-19 9.718552e-07 0.00021175145 4.448069e-07 0.7256787 6.5691372e-09 2.533695e-06 0.97078186 2.6112937e-07 0.34595528 2.184571e-08 9.518125e-09 0.011053139 0.00017127139 0.010401563 1.6649354e-08 0.51978713 1.939754e-08 0.037185717 0.61135924 2.5070115e-09 0.006608912 2.2663222e-09 3.795781e-09 0.14160474 5.427466e-07 1.957243e-05 5.6975146e-06 0.092654884 0.20042914 0.04999215 0.07452388 0.024635619 0.016367888 0.01735099 6.447922e-08 3.0615006e-09 0.0025954999 0.0016691837 0.05235384 4.885532e-09 4.3463424e-13 0.0012925087 4.169629e-09 1.5899879e-07 6.528097e-08 0.00040349565 0.018925002 0.002178856 4.597479e-09 0.0038693917 9.466029e-11 0.09826863 1.5581406e-07 0.0009014422 7.4656054e-07 0.00062415324 1.48655845e-05 0.00091573433 1.2648706e-08 3.0129903e-09 5.298903e-05 4.2898356e-09 0.0011281226 1.4853084e-07 0.00020856204 5.860137e-08 2.3910998e-06 0.00014379455 0.00082009134 0.00014062747
