8.687327e-30 0.009117355 0.19119789 0.003174909 0.15285411 0.04332525 0.10444821 0.00044536256 0.0013563789 0.12890942 0.9711676 0.10545973 0.72476643 0.9772029 0.73419374 0.9857942 0.48449036 0.07831997 0.8851584 0.9833056 0.05047636 0.0043354956 0.11050127 0.6682043 0.73478746 0.9876711 0.23140348 0.8498871 0.5879706 0.12604396 0.92920274 0.11137915 0.9816262 0.5119956 1.16658275e-05 0.090544164 0.98704326 0.9803558 0.9399726 0.0010316543 0.9462035 0.00066201214 0.98930883 0.0075600194 0.9813559 0.19269148 0.9934786 0.7900469 0.17706558 0.993623 0.9256098 0.94668514 2.6466445e-05 0.9879158 0.9787032 0.00540617 0.9967993 0.99407387 0.98920643 0.9297033 0.0005335716 0.9506304 0.14244209 0.9867999 0.99666214 0.93977785 0.90834904 0.97735965 0.99620557 0.087578945 0.9674162 0.70329547 4.5011475e-06 0.98372 0.99798465 0.8593852 0.9939006 0.95839566 0.9884485 0.9991045 0.90387505 0.9399894 0.9985867 0.99949634 0.9990276 0.96608317 0.99948424 0.47607413 0.9981193 0.961078 0.27013487 0.99979234 0.9920332 0.99111795 0.0008828575 0.99881506 0.9981084 0.95017195 1.581503e-08 0.99892116 0.22351997
0.009117355 7.8119604e-16 0.4132832 0.6762285 0.09954333 0.6376366 0.041869067 0.64014304 0.14338174 0.004795888 0.041250817 0.0472028 0.027694244 0.025898024 0.0013141034 0.005768402 8.3519015e-05 0.00070915645 0.00041229094 0.0029784848 0.00020777904 0.0022785226 0.0016958964 0.00021591905 0.0020660358 0.012088363 0.00020648753 0.0011002093 1.4129808e-05 2.7162925e-05 2.5846878e-06 0.00017028116 0.005194949 6.521922e-05 4.6992307e-05 2.685617e-07 6.8530962e-06 5.6917634e-06 0.0027244324 0.0030033833 3.958893e-05 2.773538e-07 0.0021394524 1.1720251e-08 0.0014280635 2.0523673e-06 0.0008638709 1.4541955e-07 2.1109987e-09 7.876845e-06 7.368478e-08 3.8299837e-05 6.705033e-08 2.8593863e-07 2.2954765e-07 1.4771647e-09 3.2935295e-05 0.00022218215 2.0638701e-07 2.4480391e-06 5.3039226e-09 0.0003010103 7.69971e-09 2.2015874e-06 4.069843e-06 0.00018314607 1.0974656e-05 7.2195915e-05 0.00039937918 7.543313e-09 1.5474694e-05 1.6827919e-08 1.419695e-09 1.2766434e-05 0.00021205681 0.0002664521 4.021221e-07 5.614192e-06 6.4933083e-06 1.5272124e-05 3.2659668e-07 9.50485e-08 0.00031804794 1.714669e-05 0.0001909814 3.0530543e-07 5.5924513e-05 1.4615274e-08 7.35058e-08 2.989294e-08 6.3143095e-09 6.59863e-05 1.0853968e-05 1.7465695e-07 2.043163e-10 3.732524e-05 0.0049187136 1.273401e-08 4.5650974e-12 8.244009e-07 0.0022101253
0.19119789 0.4132832 7.0472645e-17 0.47684973 0.3137645 0.14484733 0.67152315 0.11139727 0.6068953 0.02772587 0.54636836 0.026311953 0.08357197 0.21332508 0.13332547 0.07644086 0.0062582996 0.00017009272 0.014131137 0.033996623 0.000112721376 0.00016851928 0.0019434538 0.0061020344 0.0059046014 0.043926638 0.00023893107 0.0043195193 0.00013902306 9.843978e-05 0.0015511146 0.00012346242 0.013450228 0.00017442352 2.57855e-06 0.0009805736 0.0007894123 0.00036123992 0.0022077437 0.11339808 0.00042023807 9.6752125e-08 0.011608059 0.00027984107 0.0025089423 2.4330722e-05 0.005245092 4.1932026e-06 0.00016374141 0.0015347113 0.0008291223 0.00046810534 1.9905624e-08 0.0012676592 8.818977e-05 1.311099e-07 0.0052192844 0.002505682 0.005718451 8.468273e-06 1.1377975e-09 0.0037928075 5.5105415e-06 0.00036751924 0.0039816643 0.008821048 0.016538117 0.00079833233 0.0019339607 3.0140782e-08 0.0026987705 8.175023e-06 1.765706e-10 0.00026840132 0.00068378367 0.02425905 0.00022587416 0.00079776574 0.00016232391 0.00038316022 0.00021146068 3.3691904e-05 0.0030961172 0.006941945 0.0013211233 0.0008887693 0.0019244159 9.941883e-08 9.383868e-05 0.00014514115 1.0863662e-07 0.0010648777 0.0013585557 5.613287e-06 1.4424736e-08 0.0006332704 0.0106402645 3.7648292e-06 3.4623195e-09 8.839299e-06 0.0053753853
0.003174909 0.6762285 0.47684973 4.9843965e-14 0.053933736 0.29541367 0.05861055 0.5845942 0.30835077 0.0018567909 0.04032595 0.009265473 0.011543952 0.015432495 0.0008029629 0.0020616015 4.418078e-05 0.00014082852 0.00027141755 0.0015255908 3.221896e-05 0.0004905328 0.00047812355 8.898221e-05 0.0003355623 0.0036548506 5.969319e-05 0.00020104591 9.9990875e-06 1.271231e-05 4.382055e-06 1.6135085e-05 0.00146756 2.615628e-05 1.0920002e-05 3.0840857e-07 3.6830152e-06 3.8503144e-06 0.0004119771 0.0078061623 1.5564952e-05 7.985298e-08 0.0005749577 4.43081e-08 0.00076989253 9.73459e-07 0.00036418115 1.531385e-07 2.4726723e-09 6.942553e-06 2.0093617e-07 5.1716637e-05 3.4705728e-08 3.123477e-07 2.920934e-07 1.4590532e-09 1.8098395e-05 0.0002415885 4.3256676e-07 3.421596e-06 1.174858e-09 0.00021881534 1.6588494e-08 1.0262654e-06 5.252292e-06 0.0003173928 2.511221e-05 8.6003456e-05 0.00019841509 2.2862068e-09 1.544397e-05 1.8904336e-08 6.7014205e-10 1.5209015e-05 0.000115767165 0.00034074197 3.671346e-07 6.1163314e-06 2.8266155e-05 9.932568e-06 4.8480445e-07 1.5702952e-07 0.00051181635 2.0684458e-05 0.00012949292 6.9250456e-07 5.7032365e-05 2.754581e-08 6.299325e-08 6.37758e-08 3.2871306e-09 7.388932e-05 6.05632e-06 3.2127275e-07 1.7270456e-10 2.5705622e-05 0.0027618732 9.507619e-09 1.1548409e-12 1.4159747e-06 0.00057138473
0.15285411 0.09954333 0.3137645 0.053933736 1.0506342e-20 0.5249952 0.4312342 0.008245182 0.045987107 0.6534899 0.62746465 0.24291985 0.43498683 0.60033906 0.17493401 0.4622531 0.14386804 0.005537626 0.13589667 0.1893761 0.003879834 0.0016844248 0.067098305 0.21219982 0.014050428 0.25845146 0.0059334035 0.012105742 0.015684262 0.0013747043 0.025440771 0.0014564587 0.043115087 0.0043943007 5.482006e-06 0.0071508083 0.011976733 0.012820082 0.009315341 0.026764527 0.01160765 1.1833575e-06 0.045050584 0.001185099 0.007940279 9.3236195e-05 0.07132391 0.00075374753 0.0010820732 0.012510541 0.015625358 0.0004112301 1.0894268e-07 0.0063545555 0.0025855708 2.3116013e-07 0.020931475 0.0050745793 0.015020985 3.9665574e-05 2.0764046e-09 0.0018838298 8.016988e-06 0.0031549432 0.016967718 0.00045581098 0.020900104 0.00064300623 0.009014714 2.0131824e-07 0.00044736583 4.586564e-06 1.493529e-08 0.0002090473 0.0023619418 0.033270378 0.0016040761 0.00031763295 0.0001779786 0.0016131978 3.3560823e-06 3.1155134e-05 0.0062144487 0.013132578 0.0030417521 1.688891e-05 0.007897776 5.2332066e-10 0.0019579805 1.0749011e-05 8.2585046e-07 0.008719381 5.2311992e-05 1.4118109e-06 7.059862e-08 0.0012847981 0.020210464 4.522472e-06 1.6334576e-09 1.484335e-06 0.0036785067
0.04332525 0.6376366 0.14484733 0.29541367 0.5249952 1.5358372e-18 0.06940288 0.5110494 0.026619608 0.24154052 0.2431691 0.8168681 0.47625908 0.39159104 0.025723767 0.14612235 0.010541758 0.21565646 0.008605441 0.03125629 0.13815862 0.5313525 0.19298105 0.03250945 0.3515508 0.35285118 0.019343965 0.2694441 0.0026544328 0.017163126 0.0019827057 0.16650912 0.14894879 0.00812065 0.021867331 0.0005687763 0.0011168014 0.0016348372 0.16797748 0.0069285543 0.0017978073 0.008007484 0.0455876 0.00012869443 0.019734852 0.0010964207 0.060915157 4.7271213e-05 1.5579431e-05 0.00075078785 2.8284678e-05 0.013455956 0.0013540621 0.0003428727 0.00031805006 1.3431844e-05 0.00086643646 0.012812033 0.00046532732 0.0030614312 0.00017827196 0.022014113 5.9092003e-05 0.0005912186 0.00025270638 0.013700038 0.0018647647 0.0018310583 0.010454371 3.1310974e-05 0.0022576475 0.0001878556 6.016126e-05 0.00046531265 0.0029003604 0.0038170647 0.00011773071 0.0019772262 0.0001865173 0.0012463153 0.00033954516 0.000615599 0.006199372 0.0029329413 0.0032019306 0.0018123735 0.002768863 2.7651304e-06 0.00021932785 0.00085372676 1.5755966e-05 0.0007533681 0.00218602 6.186281e-06 1.67481e-05 0.0012696808 0.014361811 0.0001281763 1.4198907e-06 8.198626e-06 0.0075516286
0.10444821 0.041869067 0.67152315 0.05861055 0.4312342 0.06940288 1.2974776e-22 0.0054846504 0.39037728 0.030791393 0.75842786 0.0038252622 0.06173379 0.10137858 0.652066 0.117537946 0.011511317 1.6102866e-05 0.20300496 0.11100332 1.2224609e-05 1.3103746e-06 0.00036776063 0.024400253 5.7885874e-05 0.008679578 9.178672e-06 0.00014677657 4.766514e-05 4.2098873e-06 0.022605948 1.4286518e-06 0.0031337605 2.7338032e-05 1.4805143e-07 0.096964896 0.0053055147 0.0016764463 0.0001791519 0.24713501 0.00085950573 6.8468237e-10 0.007396331 0.016519263 0.0011307928 5.1160237e-06 0.0031469697 1.9916677e-06 0.012394246 0.008182114 0.047393776 8.169491e-06 3.1256714e-10 0.007563171 0.001267551 3.1872665e-09 0.032825023 0.0002835359 0.018128905 2.4952024e-07 6.3902696e-11 0.000116834366 3.960101e-07 0.0027450593 0.02397141 0.00048014848 0.071279146 7.306541e-05 0.0012616386 1.5843675e-09 0.00021503007 8.0649806e-07 2.0002148e-11 3.001831e-05 0.00032589652 0.08155481 0.00045777982 6.28748e-05 1.1948205e-05 0.0006949184 7.6984844e-07 3.953224e-06 0.0005988395 0.0070599443 0.0005011669 4.663366e-06 0.0028072703 8.610549e-12 0.00037136898 3.2061007e-07 7.856067e-09 0.0024162284 1.0386019e-05 1.8472399e-07 3.6097367e-10 0.0001035972 0.019927593 6.0094214e-07 6.178771e-11 6.493088e-07 0.028558329
0.00044536256 0.64014304 0.11139727 0.5845942 0.008245182 0.5110494 0.0054846504 8.4144905e-15 0.16601439 0.0006726458 0.012383317 0.0200725 0.003566604 0.004257815 0.00022988165 8.4380874e-05 3.2926919e-06 0.00019540022 2.5036237e-05 0.00013468486 7.1369985e-05 0.0020065536 0.00018634839 1.8406754e-05 0.00017543382 0.0017323318 1.659083e-05 8.633898e-05 1.8762214e-06 3.1906925e-06 3.786735e-07 2.6776917e-05 0.00022290883 7.4646064e-06 0.00018055219 5.205757e-07 1.7597547e-05 6.737679e-06 0.004028895 0.0033917136 5.787083e-06 7.050117e-07 0.00029230927 1.2778676e-07 0.0037298996 1.6200799e-07 0.00031168433 4.0057728e-07 2.0392377e-11 3.6532892e-05 5.3943502e-08 0.00012782743 4.32255e-07 5.64295e-07 6.07157e-08 1.7309377e-09 4.9331753e-05 0.00048285178 1.2654564e-07 3.5337845e-05 3.1544327e-09 0.0002487952 2.3629438e-09 5.6754534e-08 4.9120713e-06 0.0006688532 5.2606836e-08 0.00039091287 0.00019619924 2.8255611e-09 4.002352e-05 5.249525e-09 3.1436755e-09 0.00014184455 0.001157073 1.0459469e-06 4.923636e-08 2.8994504e-05 1.23367845e-05 3.276313e-06 6.906035e-08 3.6868105e-08 0.0010108405 2.9876296e-06 0.00018847022 8.890981e-08 1.0163556e-05 9.550325e-10 1.8326686e-09 2.944823e-09 9.059611e-09 0.00012484868 4.1938306e-06 1.9977044e-07 4.9560307e-11 5.7624522e-05 0.00020037501 2.0305264e-09 1.8243802e-11 5.218816e-07 6.276753e-06
0.0013563789 0.14338174 0.6068953 0.30835077 0.045987107 0.026619608 0.39037728 0.16601439 9.801239e-15 0.00081579987 0.15719427 0.00062743266 0.0028477088 0.01439404 0.10015409 0.0028944388 4.8094313e-05 3.966124e-06 0.0012261074 0.0020827265 8.770645e-06 5.723631e-05 7.4179225e-05 0.00012535395 6.4532796e-06 0.0008407627 5.302399e-06 2.5788662e-05 7.5285348e-06 1.4854666e-06 4.4188993e-05 1.4171434e-06 0.0003541119 1.33596905e-05 1.8127131e-06 0.00304681 3.8050995e-05 1.4772002e-05 0.00013627404 0.5326911 3.4990426e-05 1.12043e-07 0.0006412007 0.0005047257 0.00022071607 3.146504e-07 6.1606384e-05 6.8976465e-07 2.6221655e-06 0.000100902005 0.0004457429 0.00023669736 4.1944165e-07 6.192024e-06 6.547591e-07 4.8861377e-09 8.039709e-05 0.003598944 0.00038679785 2.2255079e-05 1.0581004e-10 0.00016088568 6.6684294e-08 3.8054277e-06 0.00021100139 0.0024420002 0.0027915137 0.0002810226 0.0004525348 5.9506013e-09 0.00028209857 3.1929864e-07 8.963166e-10 0.00012772641 3.196655e-05 0.0057654977 6.203742e-07 4.116986e-05 2.8480837e-05 2.5979218e-06 3.973222e-06 6.206935e-06 0.00045139773 1.7745193e-05 7.8194425e-05 2.2644923e-05 1.0756118e-05 2.0772482e-09 1.2919645e-07 9.78586e-07 1.8275253e-07 0.00014735005 6.503475e-05 1.4299447e-07 3.9235615e-09 5.8935234e-06 0.0012717507 1.069646e-07 1.6311668e-08 8.4487915e-08 0.00019294923
0.12890942 0.004795888 0.02772587 0.0018567909 0.6534899 0.24154052 0.030791393 0.0006726458 0.00081579987 6.436185e-20 0.21614687 0.32961828 0.7708158 0.73374844 0.019781908 0.44167906 0.18491247 0.016620556 0.038758274 0.1436306 0.009479753 0.0013954701 0.24112947 0.27846897 0.029952444 0.3526592 0.040183157 0.025770925 0.04520295 0.008700219 0.014202938 0.002536496 0.12564479 0.029062629 3.0385295e-06 0.00021879488 0.01505791 0.03929864 0.016835231 0.0004352551 0.04099229 1.5419635e-06 0.09317658 1.2400339e-05 0.021539684 0.00041302963 0.14978585 0.004188018 2.5239437e-05 0.011402146 0.0019235013 0.00078555447 1.2263587e-07 0.0038983976 0.002118681 7.7965666e-07 0.006484036 0.021528257 0.0019144305 3.0499408e-05 1.6437809e-09 0.0045945826 7.1427758e-06 0.0034231094 0.006577075 0.0012941244 0.0046384614 0.0010435687 0.027697215 2.5013375e-07 0.0004130241 2.3886842e-06 2.3372387e-08 0.0004046878 0.005354485 0.010451449 0.001129827 0.0005691758 0.0009856344 0.0016818903 3.2376473e-05 1.8689487e-05 0.012990018 0.012942787 0.0065163053 1.2607646e-05 0.011139969 3.8977688e-09 0.00132929 1.0212272e-05 1.6122834e-06 0.010192128 0.00020769819 9.651861e-06 1.00186924e-07 0.0021703108 0.012600675 6.318277e-06 4.767598e-10 5.7341895e-06 0.0022016023
0.9711676 0.041250817 0.54636836 0.04032595 0.62746465 0.2431691 0.75842786 0.012383317 0.15719427 0.21614687 1.8931644e-20 0.16333781 0.20627005 0.29693386 0.8481297 0.31171823 0.16059922 0.0027659016 0.45754552 0.46682826 0.00091627205 0.00087458553 0.045044072 0.1428749 0.00043702763 0.066605575 0.010698936 0.0010627096 0.018773187 0.0006615173 0.107361965 8.31023e-05 0.025998475 0.0047482327 7.8236786e-07 0.06920604 0.12966913 0.03254862 0.0020769166 0.22326292 0.018979225 2.1354435e-08 0.08283214 0.014736059 0.0028333287 0.00027048241 0.041762095 0.00016787494 0.021851117 0.06384783 0.05209991 4.812308e-05 7.0221886e-09 0.030246422 0.013885519 1.4939153e-06 0.11817134 0.014788642 0.058338854 7.051213e-07 1.1476315e-09 0.0015480637 3.1670763e-06 0.026334582 0.073719926 0.0010798295 0.07675053 0.00011106887 0.027237857 1.3113296e-08 2.656e-05 3.9822223e-07 1.3614821e-09 9.089924e-06 0.0008656792 0.091533236 0.0110901585 8.3430255e-05 0.00059641583 0.009616658 2.99768e-05 2.6937498e-06 0.0024205688 0.15830703 0.0076911696 1.069435e-05 0.05080475 2.9523846e-07 0.007508111 2.369128e-06 3.878015e-08 0.015650248 0.000271364 2.5473684e-05 1.3604652e-08 0.0032538397 0.12220914 1.9490908e-06 9.869304e-10 1.4216435e-05 0.024114355
0.10545973 0.0472028 0.026311953 0.009265473 0.24291985 0.8168681 0.0038252622 0.0200725 0.00062743266 0.32961828 0.16333781 2.303656e-19 0.6553072 0.41017914 0.0014731725 0.20194755 0.012036095 0.7101806 0.004212432 0.037478834 0.66371137 0.5980223 0.58722883 0.19591026 0.64771926 0.36554 0.19719821 0.49406692 0.036771193 0.2180665 0.0030356897 0.48398808 0.20412941 0.14392379 0.01501447 2.6333362e-05 0.0034507334 0.009933502 0.30315968 0.00012032567 0.04378614 0.020324768 0.05940524 1.11468125e-05 0.08929181 0.09142904 0.07764173 0.0022592153 2.6278133e-06 0.0037458357 0.00015060962 0.0149393035 0.006625035 0.0007135953 0.0007634515 0.001083528 0.0008350859 0.020658845 0.0003396313 0.0056882426 0.00094425696 0.04904764 0.0034229378 0.00054109795 0.00050696864 0.017775929 0.0010051314 0.006460609 0.013908612 0.0002984597 0.0033347702 0.0012939931 0.0005496316 0.0023670832 0.015356153 0.0050470354 0.0003238023 0.0033971975 0.0030789904 0.004620206 0.0005940934 0.0019567967 0.017263124 0.0007232423 0.0053634364 0.0026199436 0.0037119691 3.7432947e-06 0.00078880804 0.0016035208 0.0002625967 0.0017154176 0.0030202246 6.426947e-05 0.0004114547 0.003723295 0.0075831083 0.00078670454 1.24478165e-05 5.3306067e-05 0.007218514
0.72476643 0.027694244 0.08357197 0.011543952 0.43498683 0.47625908 0.06173379 0.003566604 0.0028477088 0.7708158 0.20627005 0.6553072 1.1105517e-18 0.76784736 0.020891245 0.3564653 0.1919962 0.28792277 0.03690502 0.19653793 0.1687285 0.09462707 0.7547999 0.45218712 0.1518438 0.7192305 0.3875279 0.22060984 0.16563864 0.18884167 0.019139193 0.029026845 0.4056208 0.27000389 0.0013325755 0.00021972162 0.06419877 0.053181782 0.37013263 0.0010261377 0.11633802 0.00029409546 0.14176223 1.6048609e-05 0.13603356 0.023475293 0.24645868 0.025891697 5.1356183e-05 0.02425648 8.424948e-05 0.008320821 5.9191407e-06 0.004671517 0.005391663 0.00021748865 0.0032906567 0.09471771 0.0005428825 0.0007416974 1.4348741e-06 0.05650229 0.0007592906 0.004559634 0.0019780144 0.02731761 0.0017731568 0.005093328 0.092212915 8.320772e-06 0.0022282158 6.029083e-05 7.4189224e-08 0.0015426108 0.018204398 0.0022257075 0.001962712 0.006646453 0.018927094 0.010140858 0.0026832495 0.00018854285 0.03954354 0.011348305 0.044182878 0.0010885119 0.039037168 0.00010013769 0.0035172915 0.000751349 0.0001094453 0.013525425 0.009844626 0.0010683575 4.207263e-06 0.014903884 0.023988249 0.00024693416 3.626681e-09 0.00037083827 0.005003804
0.9772029 0.025898024 0.21332508 0.015432495 0.60033906 0.39159104 0.10137858 0.004257815 0.01439404 0.73374844 0.29693386 0.41017914 0.76784736 1.874757e-15 0.03272201 0.79346263 0.37329334 0.096780375 0.037130207 0.1954829 0.038642384 0.011971703 0.31894726 0.66170985 0.026318727 0.69700336 0.2610522 0.028288735 0.14503844 0.048427954 0.010179062 0.008102569 0.28563985 0.12864646 9.63838e-05 0.00047487856 0.03475259 0.027188046 0.07675077 0.0023272636 0.07884096 1.9423318e-05 0.23143607 3.860654e-06 0.094275795 0.0030404357 0.40393314 0.013241948 0.00020112416 0.015078654 0.00016262342 0.0012293437 3.4106023e-07 0.0014686295 0.0006023523 7.978734e-05 0.0029169926 0.12917952 3.068118e-05 4.2805474e-05 5.5131277e-08 0.014036546 1.5872683e-05 0.00051579566 0.0016464577 0.003727478 0.0007508698 0.0015256265 0.26662865 8.1752216e-07 0.0005392625 1.0845189e-06 7.264788e-09 0.000425171 0.018846521 0.0013858218 0.00032610263 0.0034134956 0.013020355 0.012271122 0.0012340363 9.686615e-06 0.09447258 0.011626533 0.0771464 7.302228e-05 0.058646988 0.00024233453 0.0022256367 3.1576896e-05 2.6840387e-06 0.032773536 0.003778597 0.0010228959 2.7751332e-07 0.019740887 0.017617371 1.2932798e-05 2.333851e-10 0.00078092143 0.0021458205
0.73419374 0.0013141034 0.13332547 0.0008029629 0.17493401 0.025723767 0.652066 0.00022988165 0.10015409 0.019781908 0.8481297 0.0014731725 0.020891245 0.03272201 2.7301189e-22 0.102926336 0.06860607 1.4148579e-05 0.5891403 0.31724384 1.4139447e-05 8.729646e-08 0.001084444 0.045119114 2.7759338e-06 0.0023924245 0.00021520445 6.0687225e-06 0.0014704359 9.726813e-07 0.25046536 1.3866031e-07 0.0009216943 5.293064e-05 1.8184943e-08 0.5935117 0.16218585 0.036013484 8.31185e-06 0.35626528 0.005230501 2.0363818e-10 0.01616973 0.2894363 0.00025645667 6.6413925e-08 0.0032190334 4.857599e-06 0.43390417 0.09563525 0.5649326 6.201908e-07 1.5193899e-10 0.15066452 0.08347992 2.726229e-09 0.22120687 0.00066289346 0.24034253 6.568875e-09 3.78018e-10 9.739953e-06 5.676544e-09 0.15002081 0.18422842 1.108021e-05 0.49783042 2.9294636e-06 0.0058079585 4.367057e-10 7.026105e-06 5.2135127e-09 3.5340737e-11 6.1068107e-07 7.5536664e-05 0.48123437 0.033122987 7.960344e-06 3.7284592e-06 0.017818097 9.937993e-09 1.7111741e-08 0.00035255714 0.14846072 0.0043977574 3.8440382e-07 0.06588914 9.972935e-12 0.04298248 1.1951641e-08 9.932359e-10 0.015039533 1.5208232e-05 2.3389891e-06 2.2753648e-10 0.0023955419 0.36588538 1.6062028e-08 3.0946547e-12 1.37282805e-05 0.3225646
0.9857942 0.005768402 0.07644086 0.0020616015 0.4622531 0.14612235 0.117537946 8.4380874e-05 0.0028944388 0.44167906 0.31171823 0.20194755 0.3564653 0.79346263 0.102926336 1.8481967e-18 0.84742963 0.021199916 0.19575652 0.5637314 0.01137168 0.0011610788 0.16977279 0.6822384 0.0047439258 0.4603734 0.14256693 0.0073269536 0.113968715 0.020905718 0.11225594 0.0002812387 0.15535055 0.08545602 1.3380208e-05 0.002035695 0.17154671 0.13567254 0.007879784 0.0030328685 0.10321334 2.7157796e-07 0.24601872 1.1647651e-05 0.016890682 0.0014000463 0.29280415 0.018308576 0.004354532 0.10351677 0.003347292 0.00022388481 3.7005745e-09 0.030880405 0.02956289 4.6870905e-06 0.025099678 0.14976193 0.0023158635 4.388383e-06 3.2226033e-10 0.004646548 6.2361056e-07 0.025092194 0.015931252 0.002465826 0.01434039 0.0003233468 0.30040073 2.3884924e-08 2.4106916e-05 2.1467514e-08 2.6592983e-10 0.000100414356 0.008887359 0.011100556 0.012629851 0.00059057865 0.021639923 0.037299097 0.0010895828 1.6946973e-07 0.031599797 0.10723386 0.09773652 3.602821e-06 0.14734979 1.51188915e-05 0.0125021925 2.8852128e-06 3.58238e-08 0.029503314 0.0014160823 0.00093215087 1.7883456e-08 0.023410492 0.057405267 5.2403766e-07 2.1255588e-10 0.0004545205 0.0086664725
0.48449036 8.3519015e-05 0.0062582996 4.418078e-05 0.14386804 0.010541758 0.011511317 3.2926919e-06 4.8094313e-05 0.18491247 0.16059922 0.012036095 0.1919962 0.37329334 0.06860607 0.84742963 1.2721497e-21 0.0006783576 0.266236 0.48183975 0.00070129236 3.4812206e-06 0.04625708 0.63048774 0.0041309586 0.109726176 0.008923836 0.0033919453 0.092677176 0.00077563134 0.22723193 1.6994443e-05 0.061776757 0.0112157995 7.1152505e-07 0.0014750259 0.19058283 0.25133303 0.0014576189 0.0003405188 0.13736755 4.9272813e-08 0.11285888 7.4664217e-06 0.0080880355 0.00010779197 0.09009105 0.00731535 0.006410955 0.09711331 0.018351045 0.00018985732 7.0429933e-09 0.0658459 0.046071526 1.5739955e-07 0.04724537 0.023951445 0.008011925 3.561635e-06 1.1530393e-10 0.0016175815 6.720901e-07 0.04408973 0.022389926 0.001151751 0.028989606 0.00020781609 0.03237828 8.6475644e-08 0.00020757323 2.1169541e-07 3.440331e-10 6.519099e-05 0.0028363226 0.03224733 0.0142244175 0.00046428075 0.0024719136 0.018079594 1.142498e-05 3.0604108e-06 0.006953842 0.032175127 0.013720671 2.7433149e-05 0.035008572 4.5086934e-09 0.011322809 2.774592e-06 2.7339516e-07 0.009498681 0.00027978263 0.00014312867 2.5934792e-09 0.006943951 0.027096163 1.8306137e-06 1.9512728e-11 0.00010923404 0.024456643
0.07831997 0.00070915645 0.00017009272 0.00014082852 0.005537626 0.21565646 1.6102866e-05 0.00019540022 3.966124e-06 0.016620556 0.0027659016 0.7101806 0.28792277 0.096780375 1.4148579e-05 0.021199916 0.0006783576 3.591365e-18 0.00045159363 0.0020557996 0.7212796 0.2667236 0.40514186 0.02547465 0.71169287 0.12754941 0.12314925 0.5290256 0.009771518 0.19960074 0.00033489525 0.51424295 0.14211775 0.1017783 0.0016951486 1.3597972e-06 0.0005287323 0.0024462761 0.30467635 8.717563e-07 0.0075978935 0.0069708363 0.026985398 1.4383198e-06 0.17587158 0.053681046 0.05979842 0.0038932352 1.9922992e-07 0.00035021806 6.311951e-05 0.03706213 0.0020623652 0.00014573285 0.0001230787 0.0027622757 0.0002443281 0.02200903 1.7103594e-05 0.00810946 0.00023905782 0.103469975 0.00539119 6.4101936e-05 7.162623e-05 0.033340294 0.00029324883 0.015407613 0.014146096 0.00025808063 0.012667974 0.0013312692 0.00010169534 0.0063895853 0.02815003 0.0027540023 3.3912784e-05 0.009077091 0.0016995346 0.0008753248 0.00083673163 0.001717291 0.039027862 0.00026599405 0.0028046265 0.0016899486 0.0013200043 2.8682366e-06 5.8677793e-05 0.0012755988 0.00035152156 0.00045683276 0.003015653 2.2424345e-05 0.00032860984 0.0015105582 0.0026998993 0.00069452345 1.7344419e-06 1.4981105e-05 0.00014581389
0.8851584 0.00041229094 0.014131137 0.00027141755 0.13589667 0.008605441 0.20300496 2.5036237e-05 0.0012261074 0.038758274 0.45754552 0.004212432 0.03690502 0.037130207 0.5891403 0.19575652 0.266236 0.00045159363 7.167795e-20 0.77975696 0.00016500377 3.5053333e-06 0.008481371 0.14754856 0.00012291472 0.012249756 0.0029172471 0.00021218751 0.014409451 0.00012652315 0.6749327 4.314706e-06 0.013808654 0.00220115 2.579813e-07 0.08790714 0.2472263 0.15155153 0.0001674086 0.018951705 0.023995837 7.834041e-09 0.05665993 0.014397507 0.003026978 1.5485959e-05 0.021098036 0.0015854446 0.1054682 0.18779643 0.13550006 8.341104e-06 1.949746e-09 0.17462254 0.12299962 2.2195358e-08 0.33151984 0.0066050626 0.118908785 1.6943434e-07 3.6214187e-10 0.00030406023 1.1890177e-07 0.14991319 0.16741878 0.00032444767 0.15985808 0.00015878459 0.021296138 1.2297533e-08 2.0140948e-05 8.6899256e-08 8.188092e-10 5.218065e-05 0.0012562771 0.16182846 0.07273396 0.00017125341 0.0010046541 0.047642756 1.4721406e-06 7.813851e-07 0.0024831304 0.19285828 0.021869717 2.3581954e-06 0.13326353 7.9585744e-10 0.0650089 9.332586e-07 1.8651765e-08 0.024818614 0.00022770083 0.00023359088 6.6590213e-09 0.012271298 0.21530247 1.0664456e-07 8.067706e-12 0.0005123543 0.13677743
0.9833056 0.0029784848 0.033996623 0.0015255908 0.1893761 0.03125629 0.11100332 0.00013468486 0.0020827265 0.1436306 0.46682826 0.037478834 0.19653793 0.1954829 0.31724384 0.5637314 0.48183975 0.0020557996 0.77975696 4.396843e-18 0.0023997298 9.046833e-05 0.06238043 0.43712607 0.0011155343 0.039304778 0.02868496 0.0015596855 0.075801335 0.003156523 0.60089844 0.000108539636 0.035813715 0.021690274 8.392194e-06 0.02368795 0.53741217 0.21934824 0.0011215613 0.0069419043 0.068345495 1.0004997e-06 0.15019123 0.002229873 0.004656698 0.00011524789 0.09602154 0.0048049 0.03602137 0.3269042 0.03532373 1.9332063e-05 1.0072476e-07 0.17635696 0.08535455 2.7979877e-07 0.19039424 0.05121695 0.03288413 3.636836e-07 8.3328816e-10 0.00088436174 1.0014895e-06 0.07268326 0.0749766 0.000594713 0.11283634 0.00019909364 0.16924231 1.2179372e-08 2.528574e-05 6.8673515e-08 2.975214e-09 3.376389e-05 0.004066068 0.09922407 0.04411729 0.00018329055 0.0109328935 0.0988784 0.00014801622 3.849747e-07 0.006787407 0.26678213 0.09837566 4.647233e-06 0.3322977 6.0540884e-07 0.058760874 1.8426065e-06 1.2127765e-07 0.04588127 0.001530294 0.0006490922 3.2248327e-08 0.035090744 0.2050007 3.862287e-07 7.642949e-10 0.0007009102 0.02210782
0.05047636 0.00020777904 0.000112721376 3.221896e-05 0.003879834 0.13815862 1.2224609e-05 7.1369985e-05 8.770645e-06 0.009479753 0.00091627205 0.66371137 0.1687285 0.038642384 1.4139447e-05 0.01137168 0.00070129236 0.7212796 0.00016500377 0.0023997298 6.0446477e-19 0.4066376 0.32571888 0.015552199 0.6819546 0.062223643 0.09819838 0.4757628 0.005443598 0.25591886 0.00030634654 0.77422845 0.100107655 0.096545056 0.003782572 2.6030305e-06 0.00045054767 0.0020301028 0.34630638 4.1279432e-07 0.0069805654 0.024276664 0.023029536 2.3687167e-06 0.22732663 0.1557659 0.04105777 0.0039567174 1.4346702e-08 0.0002968935 2.2171794e-06 0.16622345 0.0077371565 8.433155e-05 7.052283e-05 0.030672617 8.1045e-06 0.029591411 3.861105e-07 0.07711389 0.009265 0.26905447 0.039796676 2.2158109e-05 7.711549e-07 0.09587293 1.2094847e-05 0.06834165 0.012029441 0.0023620331 0.05406018 0.0074063577 0.0009797019 0.03660387 0.055035565 0.00012547761 3.928937e-06 0.025005477 0.0010585756 0.0010551391 0.002225851 0.006044328 0.061887957 8.634571e-06 0.0032434282 0.0038311237 0.0005352328 6.830745e-05 9.2902865e-06 0.0016663065 0.0015212729 6.1143866e-05 0.0066842944 2.4008696e-05 0.0016324231 0.002095739 0.00029795035 0.0014182323 2.11135e-06 4.538032e-05 2.374943e-05
0.0043354956 0.0022785226 0.00016851928 0.0004905328 0.0016844248 0.5313525 1.3103746e-06 0.0020065536 5.723631e-05 0.0013954701 0.00087458553 0.5980223 0.09462707 0.011971703 8.729646e-08 0.0011610788 3.4812206e-06 0.2667236 3.5053333e-06 9.046833e-05 0.4066376 1.1168983e-19 0.063490525 0.0006038808 0.30160862 0.019611785 0.0034364003 0.18490048 7.493776e-05 0.030559102 3.1585494e-06 0.721063 0.014809459 0.0032501102 0.27352083 4.0770504e-07 3.3384676e-06 3.0082763e-05 0.26823187 4.7363085e-07 0.00028578038 0.56389505 0.0009755711 7.149198e-07 0.07555128 0.024165763 0.0009781317 4.0211984e-05 8.378067e-09 1.3520549e-05 3.0139681e-05 0.044811618 0.21258768 1.2653057e-05 5.7492257e-06 0.0019096428 1.04338515e-05 0.0005242139 2.6232035e-06 0.02974404 0.16863056 0.014393402 0.000603806 9.688242e-06 1.8557004e-06 0.0024951992 7.049028e-05 0.0047325324 0.00014333219 0.0027758705 0.0010047379 0.00015545881 0.033196468 0.0011697673 0.0015104805 0.00091272895 8.634496e-06 8.454318e-05 0.00015317436 2.7981985e-05 1.7749357e-05 0.00011756332 0.0020825446 8.395952e-05 0.0002228285 3.594668e-05 6.242217e-05 1.25628e-08 1.43304915e-05 1.931176e-05 0.00041683475 3.0512268e-05 8.245111e-05 3.9425595e-07 0.00045155015 0.00015223678 0.0013418025 2.6661997e-05 9.686264e-06 5.0254096e-07 5.8485777e-05
0.11050127 0.0016958964 0.0019434538 0.00047812355 0.067098305 0.19298105 0.00036776063 0.00018634839 7.4179225e-05 0.24112947 0.045044072 0.58722883 0.7547999 0.31894726 0.001084444 0.16977279 0.04625708 0.40514186 0.008481371 0.06238043 0.32571888 0.063490525 1.3249595e-18 0.4537201 0.65327764 0.5145198 0.8285413 0.68856263 0.3805809 0.6031069 0.012159911 0.16701993 0.5529436 0.58729845 0.0002492894 6.3511136e-05 0.019062974 0.09966019 0.4320062 1.37470815e-05 0.31366643 0.00061985414 0.17208157 1.8504155e-05 0.17582075 0.19073978 0.21797559 0.17220631 1.1107115e-05 0.010265416 0.00062532426 0.02660441 6.481581e-05 0.00868569 0.005868689 0.0016729265 0.0013952578 0.13276692 0.0003107005 0.006331813 9.841926e-06 0.11545136 0.009706883 0.0055254553 0.0012339344 0.058392085 0.0030317148 0.018161576 0.075921595 7.747892e-05 0.009953378 0.0019040446 1.039413e-06 0.006552317 0.029053552 0.01011313 0.002687953 0.009723073 0.028769532 0.017778005 0.0066645364 0.0041531045 0.050047226 0.0047744103 0.021667784 0.0071967174 0.013260392 0.00070771266 0.0025207107 0.0048160385 0.0005257171 0.0043988773 0.011571121 0.0018423755 7.191212e-05 0.015529775 0.00825586 0.001890132 3.3860331e-07 0.0015728073 0.00795825
0.6682043 0.00021591905 0.0061020344 8.898221e-05 0.21219982 0.03250945 0.024400253 1.8406754e-05 0.00012535395 0.27846897 0.1428749 0.19591026 0.45218712 0.66170985 0.045119114 0.6822384 0.63048774 0.02547465 0.14754856 0.43712607 0.015552199 0.0006038808 0.4537201 1.4832957e-18 0.017396936 0.7674351 0.3142367 0.017956372 0.7696573 0.040730935 0.18743943 0.0006175836 0.25128654 0.26612604 4.1720083e-05 0.0021107765 0.36268398 0.7238457 0.02358134 0.00023363318 0.6415159 2.0068271e-06 0.51214457 5.010575e-05 0.044877954 0.002649131 0.2873099 0.22309801 0.0054212976 0.20410658 0.0082279835 0.0011360927 5.6248677e-08 0.11611098 0.10747668 3.590139e-05 0.028764479 0.07655402 0.007388337 1.9509682e-05 3.3276801e-09 0.010490518 1.5951837e-05 0.07460609 0.019054126 0.007795728 0.027681418 0.0020204561 0.11017841 4.2006897e-07 0.0007991646 3.9023867e-06 5.616984e-09 0.00064010243 0.011316392 0.04205007 0.032341465 0.002907669 0.035447817 0.066860415 0.0010749408 1.6916087e-05 0.020101944 0.068335444 0.063738815 0.00036646612 0.13077392 1.0927378e-05 0.028192086 0.00011398073 5.4303364e-06 0.023615899 0.004779091 0.00513261 1.2155937e-07 0.040617723 0.0526142 2.2598735e-05 1.1490355e-09 0.004667344 0.028191041
0.73478746 0.0020660358 0.0059046014 0.0003355623 0.014050428 0.3515508 5.7885874e-05 0.00017543382 6.4532796e-06 0.029952444 0.00043702763 0.64771926 0.1518438 0.026318727 2.7759338e-06 0.0047439258 0.0041309586 0.71169287 0.00012291472 0.0011155343 0.6819546 0.30160862 0.65327764 0.017396936 1.783445e-18 0.18278039 0.41773942 0.79381585 0.029603079 0.6025074 5.0394287e-05 0.614567 0.19994627 0.31223547 0.061510857 2.159047e-07 0.00026723588 0.0013881087 0.6124594 2.900952e-07 0.016105225 0.020748 0.035709716 2.8602658e-08 0.39214495 0.13788445 0.12293836 0.020399006 2.106503e-08 5.6975725e-05 2.7615128e-09 0.21811838 0.0032852038 5.5500605e-06 5.0518913e-05 0.025483534 1.255074e-06 0.09147578 4.883324e-09 0.09762706 0.0069675394 0.42750028 0.0072210175 4.8222955e-05 1.271271e-07 0.16231684 3.820327e-07 0.062470175 0.107978344 0.001993113 0.06809143 0.0014835943 0.0007927722 0.020171924 0.08267547 1.2619091e-06 1.0275557e-05 0.049349558 0.0102459 0.0023251027 0.010814928 0.004075638 0.13893057 6.9992666e-06 0.030254884 0.004619146 0.0010283405 0.0010159487 3.3826393e-06 0.0025547694 0.0017056746 0.00018696928 0.031900764 0.00024652825 0.00018131107 0.010633697 0.0006705136 0.0022463463 5.1944877e-08 0.00025978772 0.00073694595
0.9876711 0.012088363 0.043926638 0.0036548506 0.25845146 0.35285118 0.008679578 0.0017323318 0.0008407627 0.3526592 0.066605575 0.36554 0.7192305 0.69700336 0.0023924245 0.4603734 0.109726176 0.12754941 0.012249756 0.039304778 0.062223643 0.019611785 0.5145198 0.7674351 0.18278039 2.0884449e-15 0.47290522 0.17685518 0.5510078 0.1388317 0.0044053993 0.025848718 0.65297556 0.33628705 0.00080404495 9.085286e-06 0.016550163 0.04620487 0.34925222 0.00016530427 0.25484633 3.7754486e-05 0.34246773 1.4194868e-07 0.39314285 0.011944738 0.4831045 0.06701007 1.9352892e-05 0.013970166 1.3051085e-05 0.0017687741 7.1587976e-07 0.0009780164 0.00043531362 0.0010645791 0.0010047858 0.30701113 4.630329e-06 7.1551054e-05 1.604525e-06 0.058434628 5.7455614e-05 0.00031527205 0.00046891344 0.010424194 0.0006027522 0.006052943 0.3373302 6.3180364e-06 0.001954296 5.283918e-06 1.8793291e-07 0.0017099468 0.05912616 0.0005947241 0.00037343844 0.0071170502 0.056826524 0.023979396 0.003101348 1.7725944e-05 0.33137652 0.008292469 0.14231029 0.00031527804 0.05905276 0.00039575837 0.002830531 0.00013278468 1.2760459e-05 0.015154599 0.0056944788 0.0072984793 1.2775179e-07 0.06125982 0.01296785 1.9185738e-05 1.2204264e-10 0.0030477063 0.0013096008
0.23140348 0.00020648753 0.00023893107 5.969319e-05 0.0059334035 0.019343965 9.178672e-06 1.659083e-05 5.302399e-06 0.040183157 0.010698936 0.19719821 0.3875279 0.2610522 0.00021520445 0.14256693 0.008923836 0.12314925 0.0029172471 0.02868496 0.09819838 0.0034364003 0.8285413 0.3142367 0.41773942 0.47290522 4.8050053e-19 0.581665 0.36742976 0.58776176 0.0062864763 0.053169448 0.644233 0.7547384 1.6331913e-05 5.4035872e-06 0.019053621 0.1037854 0.47799018 2.1839858e-06 0.33996397 6.367933e-05 0.2838682 1.6916609e-06 0.22657073 0.15274838 0.26990846 0.39862284 1.3486416e-06 0.019567484 0.00047509302 0.035725106 2.8018178e-06 0.020809937 0.005664072 0.0006614883 0.001429165 0.25076744 0.00015207601 0.0056680334 1.2682334e-06 0.19913556 0.0046737874 0.0033965171 0.0012220321 0.083481096 0.0015513365 0.028613962 0.16524874 5.27592e-05 0.016919434 0.0010778257 1.3828448e-07 0.012219146 0.046915807 0.006864098 0.0017395357 0.020403719 0.05855197 0.028624268 0.009485016 0.003252501 0.10733369 0.0058537032 0.0419042 0.0072489367 0.024576377 0.0004588369 0.0035231716 0.0055302447 0.0003027486 0.003880839 0.01734463 0.0017659323 1.7689115e-05 0.032567345 0.0066127297 0.0016271371 1.9056966e-08 0.0013727739 0.0024551002
0.8498871 0.0011002093 0.0043195193 0.00020104591 0.012105742 0.2694441 0.00014677657 8.633898e-05 2.5788662e-05 0.025770925 0.0010627096 0.49406692 0.22060984 0.028288735 6.0687225e-06 0.0073269536 0.0033919453 0.5290256 0.00021218751 0.0015596855 0.4757628 0.18490048 0.68856263 0.017956372 0.79381585 0.17685518 0.581665 2.1499515e-16 0.042812806 0.81817645 9.894434e-05 0.5374937 0.30069703 0.528799 0.043891788 5.3293763e-07 0.0004134708 0.0012012558 0.6838186 2.0435648e-06 0.022697972 0.0094375145 0.04140355 6.443066e-08 0.4379371 0.22686633 0.12525554 0.036862403 7.153621e-08 0.00027843684 1.5623625e-08 0.30883878 0.0008169178 3.4193145e-05 0.00015339174 0.0231032 3.2504786e-06 0.16041824 6.95794e-09 0.063079916 0.0052642827 0.5155595 0.013401157 0.00022356625 7.4019573e-07 0.20099959 1.7393168e-06 0.06932125 0.19465277 0.0020077978 0.08728947 0.002265428 0.00024140954 0.024949707 0.108771876 3.0383644e-06 2.7499762e-05 0.074805275 0.02832817 0.00846491 0.019703165 0.0061327945 0.23232853 0.00032551913 0.07962006 0.008794769 0.00563915 0.0020586275 5.2726456e-05 0.0056147305 0.0014190583 0.00033756212 0.044860344 0.0016804689 0.00016948825 0.042979985 0.0013861264 0.0030064494 3.9267604e-08 0.0016476718 0.0011750868
0.5879706 1.4129808e-05 0.00013902306 9.9990875e-06 0.015684262 0.0026544328 4.766514e-05 1.8762214e-06 7.5285348e-06 0.04520295 0.018773187 0.036771193 0.16563864 0.14503844 0.0014704359 0.113968715 0.092677176 0.009771518 0.014409451 0.075801335 0.005443598 7.493776e-05 0.3805809 0.7696573 0.029603079 0.5510078 0.36742976 0.042812806 6.956733e-20 0.06036445 0.02399601 0.0006811984 0.75915235 0.4834051 1.4676773e-06 6.193988e-05 0.05238197 0.4767675 0.080264606 2.9079806e-06 0.7800689 2.0351222e-06 0.42325923 6.8491397e-07 0.16381846 0.00976931 0.42279187 0.6991323 4.181014e-05 0.03892438 0.0017490443 0.005540404 1.17574245e-07 0.022826726 0.02212348 3.8343693e-05 0.0044963257 0.20612815 0.000862678 0.00039576835 7.2592052e-09 0.03379866 0.00014331209 0.0225729 0.004508552 0.0124992905 0.005216416 0.005620262 0.1621131 6.4261565e-07 0.0027555418 2.7967417e-05 6.1043823e-09 0.001967734 0.023207784 0.009952159 0.0064131254 0.005769626 0.10222363 0.033643648 0.004516423 0.00027200085 0.059659462 0.012940608 0.05304135 0.0015693591 0.043892696 7.93563e-05 0.009074913 0.00067439576 9.577269e-06 0.008109267 0.008607752 0.00812571 7.20401e-08 0.035921145 0.010450427 0.00024334982 8.9942137e-10 0.006894776 0.008202137
0.12604396 2.7162925e-05 9.843978e-05 1.271231e-05 0.0013747043 0.017163126 4.2098873e-06 3.1906925e-06 1.4854666e-06 0.008700219 0.0006615173 0.2180665 0.18884167 0.048427954 9.726813e-07 0.020905718 0.00077563134 0.19960074 0.00012652315 0.003156523 0.25591886 0.030559102 0.6031069 0.040730935 0.6025074 0.1388317 0.58776176 0.81817645 0.06036445 1.4658464e-19 0.000409047 0.15962498 0.4202514 0.71595854 0.000107289234 1.953924e-06 0.00094770046 0.0054067886 0.4908014 4.874786e-07 0.04031234 0.0006087196 0.04473797 9.52078e-08 0.2482524 0.52617586 0.12504351 0.1635693 1.9716005e-07 0.00043841603 1.2981323e-05 0.4359157 2.5119107e-05 0.00013834548 0.00039225686 0.07036862 8.012799e-06 0.099922776 1.1172391e-06 0.13343665 4.348064e-05 0.55443573 0.039677475 0.00020616975 8.7165824e-07 0.16456302 2.4595702e-05 0.15931706 0.032632943 0.00012697354 0.096455656 0.0037687684 1.9611393e-06 0.07338953 0.058689315 0.00011216836 4.7150726e-05 0.05611752 0.024522142 0.001923745 0.03801149 0.011278864 0.1836464 1.5334252e-05 0.010703416 0.023021938 0.00069309823 0.003963801 2.7523609e-05 0.010961102 0.00034214297 0.00011049635 0.040517896 0.0020665647 2.649799e-05 0.009009614 0.0004960507 0.0022253958 1.2834722e-07 0.0012582507 0.00017688666
0.92920274 2.5846878e-06 0.0015511146 4.382055e-06 0.025440771 0.0019827057 0.022605948 3.786735e-07 4.4188993e-05 0.014202938 0.107361965 0.0030356897 0.019139193 0.010179062 0.25046536 0.11225594 0.22723193 0.00033489525 0.6749327 0.60089844 0.00030634654 3.1585494e-06 0.012159911 0.18743943 5.0394287e-05 0.0044053993 0.0062864763 9.894434e-05 0.02399601 0.000409047 7.5138807e-19 1.8312091e-06 0.00834679 0.003933266 1.1882978e-07 0.029797956 0.7867265 0.3531044 7.548964e-05 6.874472e-05 0.031329352 2.939813e-08 0.059936136 0.0024701848 0.0023408607 1.3030006e-05 0.021380696 0.0026040238 0.07442327 0.5345973 0.06378113 1.8964288e-06 4.334926e-09 0.45605847 0.3988814 1.7180228e-07 0.48670694 0.013394737 0.06779297 8.908035e-09 2.1950513e-11 0.00016106007 5.3489106e-08 0.4553738 0.1712422 0.00025312172 0.16000849 0.00010529438 0.030623222 7.981636e-10 9.768092e-06 2.6685587e-08 5.680278e-10 2.5333096e-05 0.0010030897 0.16076562 0.22581956 0.0001347883 0.005208966 0.16901444 7.126541e-06 1.6164317e-07 0.002418498 0.26043853 0.042728893 1.0753313e-06 0.27899247 2.0620659e-09 0.19424419 2.99732e-07 4.254439e-09 0.036914337 0.00080858177 0.0014606455 3.398553e-09 0.02765273 0.3314167 1.3340262e-07 8.489855e-12 0.0032897717 0.19861038
