2.0934097e-19 0.9978153 0.9999406 0.99406904 0.99521923 0.99936694 0.9971465 0.99975514 0.9987372 0.9579178 0.9999714 0.9768656 0.9887474 0.93102926 0.99353683 0.964255 0.9625368 0.9077189 0.9997501 0.9642698 0.9558183 0.9554542 0.846204 0.8386985 0.98900187 0.9992694 0.9600249 0.9869388 0.9820042 0.99464077 0.9778666 0.9546111 0.97241205 0.9779866 0.9998982 0.9707442 0.99762326 0.9120033 0.9867903 0.9073587 0.9923657 0.7648377 0.8930669 0.89273167 0.97447985 0.9844974 0.36781907 0.9829751 0.9743586 0.9920805 0.9878904 0.82026464 0.9510085 0.25325418 0.79725456 0.94821244 0.96828014 0.96972877 0.9688021 0.8495236 0.3943773 0.96924984 0.7398052 0.6888621 0.98821753 0.52652365 0.9828126 0.8537507 0.013592716 0.9646648 0.55390865 0.6960719 0.79436094 0.8798196 0.9413278 0.89202267 0.9332407 0.8599935 0.71525955 0.87939376 0.8724356 0.90045965 0.9642529 0.87696344 0.7964984 0.6880939 0.23441254 0.3421237 0.41615677 0.31052515 0.62398887 0.3871599 0.89426184 0.45895028 0.001276601 0.038545523 0.19536982 0.06724568 0.9836046 0.08017559 0.9794917
0.9978153 2.8261538e-13 0.65318155 0.3422694 0.5955472 0.04136423 0.65589565 0.09421985 0.007119626 0.10044391 0.0864732 0.5629764 0.078682296 0.04050762 0.12382072 0.8867513 0.8919084 0.13496055 0.0019775892 0.25860173 0.8010486 0.010013088 0.68697345 0.41989306 0.036286935 0.020802347 0.3446165 0.36776215 0.004572907 0.017580431 0.0052121095 0.008520379 0.37286088 0.60494477 0.00011643894 0.0111248195 0.011384582 0.793814 0.0055406345 0.0005941447 0.75485086 0.0019775701 0.699289 0.0028643154 0.0028819337 0.0012249824 0.01824793 0.0005796659 0.012357553 0.3053786 0.014062425 0.00016651595 3.301511e-05 0.00021539952 0.00018284451 0.2348836 0.065036885 0.009055652 0.004247591 0.00018056098 8.144034e-05 0.005031107 5.1315405e-05 0.00027743887 0.003057278 0.017257066 0.0034803296 0.0004162119 6.827977e-05 0.16495311 6.959291e-06 0.0010883096 0.00010364711 3.531642e-05 0.003532941 0.0131951915 0.016781317 0.0013026341 4.113354e-06 0.0005604681 0.023893742 0.0014478798 1.0835539e-05 0.00078896305 2.1995087e-05 6.75459e-05 1.1140403e-05 0.00016814108 0.0001010481 0.00011459317 0.08542811 0.014681185 0.51421523 0.0017094739 0.0016416804 3.9994616e-06 0.0026844768 4.4483318e-07 0.0032155048 3.855144e-07 4.7013913e-05
0.9999406 0.65318155 2.9890415e-09 0.9111601 0.69559664 0.1254735 0.45254076 0.78658026 0.0496079 0.8479692 0.122810625 0.509069 0.43149418 0.09423106 0.35789555 0.4298608 0.3969339 0.08476379 0.015255123 0.5562097 0.38479936 0.05092808 0.32349196 0.146929 0.13284239 0.42750573 0.5062562 0.31786814 0.038879238 0.09166271 0.051872868 0.057924177 0.25120544 0.38303182 0.005365639 0.2880169 0.084289655 0.42774343 0.026440345 0.015790565 0.4042145 0.010220194 0.28250054 0.01462867 0.12462512 0.010463003 0.009060274 0.044237826 0.024281519 0.36116892 0.101699606 0.0034223208 0.0062744254 0.0032825123 0.0026716453 0.346347 0.09740795 0.16643411 0.027998338 0.0034795166 0.00089133735 0.02391525 0.0009213155 0.007165885 0.049617577 0.029419871 0.020730136 0.007316654 0.00051427056 0.18288903 0.000410014 0.006936855 0.0020483327 0.00050316425 0.008388574 0.027328936 0.028463999 0.004175804 8.155669e-05 0.008781446 0.037818246 0.014276714 0.0049188896 0.01126011 0.0008581588 0.00344448 0.0006612433 0.0018463709 0.0014163515 0.0013240761 0.067798935 0.0083904695 0.10456008 0.0048752422 0.0007548046 0.00024611436 0.0071745594 6.895332e-05 0.29697827 3.3688462e-05 0.0006208768
0.99406904 0.3422694 0.9111601 4.223052e-10 0.6112234 0.010341145 0.1549232 0.6699017 0.0028254387 0.9244818 0.04006561 0.8545096 0.7764566 0.022831662 0.74046063 0.40864977 0.2721002 0.0068935207 0.001342835 0.8617773 0.28356588 0.010646178 0.21682939 0.08399019 0.22626409 0.2986894 0.77111304 0.43792847 0.0054095276 0.11709257 0.0045801676 0.0069493963 0.2537633 0.32036027 0.0027175844 0.276386 0.010126077 0.33065975 0.03451711 0.0031008597 0.2670498 0.0006804949 0.086800754 0.0011100355 0.09681219 0.025072342 0.0032266742 0.016509382 0.047267545 0.69406736 0.13881183 0.002173797 0.0003989797 4.9693543e-05 2.4988649e-05 0.49146426 0.27993798 0.20648362 0.024947688 0.0016231415 2.6978438e-05 0.045110866 3.2174694e-06 0.0022474586 0.04416983 0.0023275043 0.023513796 0.005274939 3.9031383e-06 0.33313307 0.00012544614 0.0054689734 0.0020804484 5.5510583e-05 0.012304602 0.07555883 0.06901788 0.004664085 1.2131993e-06 0.00993399 0.14764792 0.010644147 0.0010519391 0.010729979 0.00040061132 0.0015895165 0.00020802824 0.006229339 0.0013621331 0.0029530386 0.11304421 0.008225363 0.026482577 0.021497693 0.0001715761 0.00015229429 0.030115755 1.3564357e-05 0.17177056 8.561185e-06 0.00018291968
0.99521923 0.5955472 0.69559664 0.6112234 2.4808394e-13 0.007961514 0.25578105 0.1378525 0.00088028907 0.4773134 0.020642774 0.9428468 0.2685543 0.0063415486 0.4543502 0.80335146 0.6304283 0.008218651 0.00013284117 0.61393213 0.47433832 0.003825808 0.43393624 0.17332141 0.06593931 0.052658353 0.7205481 0.63548326 0.0013523871 0.05102712 0.000664955 0.0013219671 0.5280217 0.7650466 7.240608e-05 0.034012 0.0016614224 0.6200537 0.014264989 0.0001447846 0.67474496 0.00022889067 0.38749933 0.0004950217 0.015687253 0.008851608 0.0055183624 0.0028862078 0.028784445 0.5334233 0.0386261 3.9507053e-05 1.2261664e-06 2.2921166e-05 4.786012e-06 0.53874594 0.12186568 0.03417081 0.011529796 0.00019835604 6.81595e-06 0.014848414 1.1516207e-06 2.757997e-05 0.013821585 0.0017473871 0.00699854 0.00037889785 7.063729e-06 0.35245433 7.6080005e-06 0.0014745673 0.0006093823 5.790373e-06 0.007706209 0.029827734 0.04051502 0.004005577 2.827572e-07 0.0030438795 0.05130195 0.004298566 0.00014679882 0.0048089204 8.001868e-05 0.00038259628 6.16634e-05 0.002615384 0.00049822836 0.0011276773 0.22679481 0.03871914 0.5067927 0.014474202 0.0022806518 5.9005957e-05 0.01768867 2.115131e-06 0.015464274 1.0324175e-06 0.00019239193
0.99936694 0.04136423 0.1254735 0.010341145 0.007961514 3.0372618e-11 0.5436065 0.00093605096 0.005661478 0.0008753854 0.16698177 0.0030144167 0.0007104646 0.039366674 0.0002743366 0.026658515 0.16085494 0.31954378 7.944066e-05 0.00069532107 0.88999045 0.002756968 0.9258869 0.9636042 5.9545415e-05 8.885852e-06 0.0023852459 0.0008243079 0.001014624 0.00010022836 0.000251605 0.0008441065 0.0025694163 0.008856847 1.8513667e-05 1.0081078e-05 0.0012919442 0.19907928 7.2070514e-05 7.0254115e-05 0.07514458 0.00018572972 0.8062797 0.0007807882 2.4712836e-07 2.578977e-05 0.43928033 5.6105383e-09 2.3627663e-05 0.00056781125 9.05724e-06 5.7473915e-07 2.9284633e-06 0.00013466136 0.00013706899 0.0034158695 0.0002725113 5.499535e-05 5.220437e-06 1.2442226e-07 2.2618335e-05 1.955585e-06 7.948628e-05 4.267506e-06 9.148543e-07 0.012808015 7.814317e-06 2.318242e-07 3.624821e-05 0.0017357451 1.3880112e-10 1.0945957e-08 8.5360156e-08 1.2549168e-05 1.6635366e-05 3.2311822e-05 1.3480971e-05 2.1788662e-06 7.853256e-06 4.1288757e-07 6.624311e-05 1.5385241e-07 2.0011413e-08 1.3772407e-07 2.6525482e-08 8.380181e-08 1.7169377e-08 5.3924856e-07 1.1940749e-06 1.16406554e-07 0.0009236421 0.0010061004 0.044682574 2.5202491e-05 0.00010092799 3.3783093e-10 2.9731014e-05 1.65614e-08 7.3653664e-06 2.3437963e-08 2.4232062e-08
0.9971465 0.65589565 0.45254076 0.1549232 0.25578105 0.5436065 1.123706e-12 0.05939963 0.051024634 0.14637333 0.2806404 0.5025017 0.022183126 0.72622895 0.012032728 0.7869687 0.93847656 0.7968621 0.0011922186 0.06759013 0.8592816 0.053533044 0.8643761 0.87258047 0.0049648215 0.0008724334 0.14376223 0.025166575 0.013627301 0.0015731546 0.0053174314 0.008803223 0.018458793 0.42968708 7.132368e-06 0.0011599023 0.016809948 0.47682196 0.0002071538 0.0012388809 0.0065359073 0.0023019528 0.3616165 0.0036488532 0.00022315556 8.901315e-06 0.17253515 1.3987924e-06 0.00013321187 0.0024805802 3.8343143e-05 6.471591e-06 9.71059e-06 0.0052291267 0.0016767574 0.01511578 0.00084502384 8.574368e-05 1.9092674e-06 4.9238524e-06 0.00015738103 2.8291097e-05 0.00080727576 5.947448e-05 3.6452606e-05 0.2479599 1.9920238e-07 2.7920436e-05 0.0002191424 0.0005021357 1.5630296e-07 5.4996875e-05 5.9806297e-07 2.978096e-05 6.8130225e-07 2.1345999e-05 1.3381157e-06 1.2004645e-06 1.5728103e-05 6.6911497e-07 0.00010776895 9.0355724e-07 9.671472e-07 5.7042485e-07 2.1400133e-07 1.0342282e-07 1.3552992e-07 6.2328536e-07 1.4166696e-07 1.6225347e-06 0.00027468795 0.00016635073 0.013355635 3.006243e-07 8.480687e-06 3.9058154e-08 1.3354984e-06 9.039122e-09 1.8488859e-07 5.0497477e-09 3.1225344e-08
0.99975514 0.09421985 0.78658026 0.6699017 0.1378525 0.00093605096 0.05939963 1.6852448e-09 0.0041996404 0.97897685 0.084869824 0.088825196 0.34839612 0.07380472 0.17947216 0.07594458 0.045668963 0.00032818766 0.006924687 0.17215298 0.02586296 0.010148424 0.010960365 0.004286042 0.21101873 0.6108661 0.047463905 0.019069279 0.010967925 0.027330652 0.037678726 0.031694476 0.00957311 0.0038179657 0.08373041 0.64733213 0.105379775 0.008754597 0.007895136 0.0420472 5.232916e-05 0.00648832 0.0007480873 0.0014115922 0.41594583 0.0064078253 1.913662e-05 0.07772228 0.0042046937 0.004338794 0.03843013 0.030909926 0.130236 7.879741e-05 0.0003049093 0.00079713063 0.0059357644 0.13568212 0.011320742 0.043171443 8.2591905e-05 0.016149674 1.3087593e-05 0.011734395 0.09232652 0.00058606884 0.0022383828 0.05898724 3.667306e-06 0.0005003594 0.0034422667 0.052678835 0.0027184242 0.0010322432 0.0002458692 0.00084419065 5.5312787e-05 0.00011902878 4.360954e-05 0.0016881349 0.00040314242 0.00027007773 0.0125032235 0.00029985738 0.00010835214 6.296619e-05 0.00010150901 2.6965887e-05 2.8833301e-05 0.00022019865 0.0001611335 1.0189284e-05 2.7042695e-06 7.5826697e-06 4.8762365e-07 1.7465265e-05 2.844867e-05 9.708418e-07 0.034236647 1.1340238e-06 0.005893488
0.9987372 0.007119626 0.0496079 0.0028254387 0.00088028907 0.005661478 0.051024634 0.0041996404 1.6793998e-11 0.00346472 0.5998689 0.002710813 0.0004565066 0.9905677 0.00027691072 0.0003206849 0.0065923943 0.85236114 0.00062335824 0.00067415845 0.0064754407 0.7968322 0.0052911523 0.020492844 0.00013986991 0.0003099346 0.0019039047 0.00014598266 0.03380817 8.3984596e-05 0.0017763193 0.0051989416 0.00014078824 0.002888057 2.5519541e-05 0.00015427182 0.0029711488 0.0009722488 3.765991e-05 0.00052310695 0.001367622 0.0017245434 0.003714315 0.17597406 2.1238304e-06 1.5699194e-05 0.01777141 2.2415827e-06 3.0983338e-05 0.00041418042 0.000101883554 1.9644498e-05 3.4199602e-05 0.57528234 0.010578284 0.0012035763 0.0002586069 0.00016012309 1.39577605e-05 1.6278525e-06 0.0004742352 1.2838727e-05 0.55939245 2.1300752e-05 3.882312e-06 0.511912 1.2734746e-05 4.6042296e-06 0.12587044 0.00049996324 1.2400884e-07 1.0724913e-06 5.382112e-07 0.00047156398 7.799873e-06 1.8182369e-05 7.443323e-06 2.195932e-06 0.00025992873 1.9043705e-06 5.5022843e-05 1.0558718e-06 5.856123e-07 5.678039e-07 5.6412414e-08 1.6299907e-07 4.0191527e-08 6.710705e-07 3.690407e-07 1.3229663e-06 7.849501e-05 3.6766964e-05 0.002740597 3.2641842e-06 2.268036e-06 1.6466844e-08 2.3375665e-06 3.8856268e-08 1.7961183e-05 4.8400686e-08 7.234471e-07
0.9579178 0.10044391 0.8479692 0.9244818 0.4773134 0.0008753854 0.14637333 0.97897685 0.00346472 2.6208563e-11 0.021043353 0.608427 0.95046 0.052522387 0.554635 0.06558357 0.03230326 0.00085195416 0.00061726035 0.43018672 0.018245399 0.004676942 0.013380675 0.007438317 0.6152539 0.5384764 0.15374863 0.022872865 0.003124635 0.068629354 0.0067661093 0.004926871 0.010796318 0.009991668 0.012869424 0.71473587 0.015726026 0.011306317 0.017258728 0.010104632 0.00020408636 0.0009234985 0.0023112588 0.0008820097 0.25288618 0.020754794 1.3967068e-05 0.024502097 0.016988605 0.016622396 0.07001474 0.004603532 0.006209772 1.0371084e-05 2.7750937e-05 0.006842436 0.016229505 0.15553465 0.016419252 0.007259138 1.1983456e-05 0.04139734 2.0101282e-07 0.0012891258 0.07324372 6.427352e-05 0.007496814 0.0113218 5.5844515e-07 0.001508437 0.0006976545 0.03977268 0.0060732854 0.00012447478 0.0015832788 0.004757262 0.0004859666 0.0008510868 7.3884135e-06 0.0050046295 0.0015874258 0.0016772364 0.0026235827 0.0031018935 0.00033507 0.00032424726 0.00037614378 0.0012570429 0.00049265067 0.00095596316 0.0016153886 0.000120352175 5.834597e-06 0.00027464368 1.4030783e-06 0.00011087437 8.359456e-05 1.6713882e-06 0.07528403 1.7130347e-05 0.0052089267
0.9999714 0.0864732 0.122810625 0.04006561 0.020642774 0.16698177 0.2806404 0.084869824 0.5998689 0.021043353 1.1858157e-08 0.017676383 0.012095362 0.59906197 0.015180962 0.010344864 0.05181654 0.61323935 0.6635201 0.025329337 0.08330352 0.68919945 0.064370126 0.10956259 0.008610768 0.044247013 0.030107033 0.010825087 0.89224994 0.008343929 0.8506609 0.90533054 0.00966148 0.021834327 0.024982803 0.01830923 0.5655614 0.01907764 0.0022326072 0.3279863 0.04838417 0.6044539 0.072841585 0.6189165 0.015106822 0.0018288872 0.042082902 0.008593976 0.0048747705 0.020876369 0.013967143 0.029958 0.14633256 0.0713229 0.43514422 0.013160756 0.005044158 0.012940857 0.006427769 0.0065487726 0.17652196 0.0057654097 0.2522314 0.06515047 0.010069131 0.124133825 0.0017331052 0.016917089 0.004923602 0.010288532 0.0031350383 0.0015631036 0.0003641586 0.14511727 0.0013299716 0.0023311907 0.004969094 0.0010640392 0.23673125 0.0008621656 0.0048590936 0.0014826098 0.0018668122 0.00079167477 0.00029268055 0.00044051238 0.00012774383 0.0002869848 0.0003271605 0.00021322936 0.0022676166 0.0017133976 0.033885233 0.00012619622 0.00037595176 8.7116874e-05 0.00044674615 0.000118280135 0.009489762 7.1782204e-05 0.0015943754
0.9768656 0.5629764 0.509069 0.8545096 0.9428468 0.0030144167 0.5025017 0.088825196 0.002710813 0.608427 0.017676383 5.2462227e-12 0.4938964 0.015078763 0.5985486 0.84013784 0.5063319 0.0036264241 5.8154346e-05 0.8458191 0.09331368 0.0013971492 0.069736555 0.024197346 0.16084895 0.019135803 0.95092654 0.7130685 0.0004461133 0.04630754 0.00048117555 0.00039054622 0.44010907 0.7436109 5.196368e-05 0.03483563 0.00071983854 0.18813452 0.011985057 0.00029389164 0.03501074 7.429051e-05 0.027297761 0.00013645338 0.0017524163 0.004060053 0.0008770813 0.00019066603 0.014604743 0.17579941 0.0023822065 8.792121e-07 1.9833946e-07 5.227962e-05 1.0800348e-05 0.31139192 0.108119704 0.006227426 0.0008719164 3.8941092e-05 1.8014869e-06 0.0048199007 8.8988145e-07 5.462089e-07 0.0016243556 0.00041304066 0.0009447227 5.3910873e-05 5.9315447e-08 0.031433653 1.1702092e-06 0.00061704905 0.0006696666 5.885438e-07 0.0023996874 0.018922029 0.0049813404 0.0011414924 2.314289e-06 0.000956514 0.009093236 0.00070583075 1.3398684e-05 0.0009277555 2.9640478e-05 5.858118e-05 6.622044e-05 0.0010245972 0.0002471575 0.000799482 0.07593111 0.006203784 0.014825469 0.0044286666 0.00040258546 8.550386e-05 0.0050363066 5.894218e-07 0.0011972404 4.737709e-07 7.65364e-05
0.9887474 0.078682296 0.43149418 0.7764566 0.2685543 0.0007104646 0.022183126 0.34839612 0.0004565066 0.95046 0.012095362 0.4938964 5.928267e-11 0.001809781 0.8780356 0.01798033 0.017339608 0.0001932872 2.7700276e-05 0.6364903 0.023287974 0.00089493184 0.013964753 0.0072578643 0.9330317 0.5325549 0.42037737 0.07455049 0.00021531059 0.5948426 0.0004606244 0.000111648515 0.03526848 0.024536027 0.0014761713 0.7371546 0.001084261 0.01946833 0.20470203 0.00032753826 0.012652684 2.938391e-05 0.006949724 0.00010769651 0.32545432 0.29319042 1.9470926e-05 0.03618028 0.20525475 0.37728325 0.41632068 0.00021342447 3.9161754e-05 2.7881055e-07 4.018932e-07 0.039136406 0.21499558 0.5427634 0.1302633 0.0016636691 1.17928884e-07 0.36560178 1.01162584e-07 0.00019940625 0.20244676 6.184128e-06 0.1571656 0.0039699674 4.7969763e-07 0.047923964 0.00034513144 0.01648064 0.019032704 4.3279642e-06 0.05710877 0.110677846 0.08325529 0.023543883 8.1766484e-07 0.13946919 0.04869108 0.11696971 0.0051013953 0.1048592 0.0090567395 0.011699622 0.0039580576 0.017569628 0.01333585 0.024312492 0.016714673 0.0010658856 9.177092e-05 0.030632379 3.284118e-06 0.004575926 0.014276959 0.0015075497 0.5252948 0.0022247252 0.017188214
0.93102926 0.04050762 0.09423106 0.022831662 0.0063415486 0.039366674 0.72622895 0.07380472 0.9905677 0.052522387 0.59906197 0.015078763 0.001809781 3.1417553e-14 0.00031595168 0.0019781766 0.007092363 0.86823237 0.008949109 0.002354811 0.013337058 0.94543386 0.025316574 0.1102422 0.0018670845 0.00014411827 0.0056706853 0.00016743285 0.821534 0.00015735927 0.29078355 0.72435546 4.8232527e-05 0.0009975086 2.5388606e-05 0.0004571189 0.028752536 0.0022815873 4.26832e-06 0.03327432 2.1327236e-05 0.57202095 0.006703311 0.47612613 7.0686045e-05 5.801121e-07 0.1131503 1.7631075e-07 6.986785e-05 3.2255712e-06 1.3920872e-05 0.0004954647 6.280193e-05 0.38336658 0.5149869 0.000117362026 3.783995e-05 2.092285e-05 2.7819965e-07 1.545606e-06 0.025070934 1.8121658e-05 0.413009 0.0005253499 1.6850914e-06 0.65240186 7.211666e-08 0.00033020382 0.025771676 5.1556795e-05 1.8720551e-06 2.0951125e-05 6.573412e-07 0.015639968 5.2412233e-08 6.7376154e-06 6.768532e-07 9.697499e-07 0.00019932505 1.5385373e-07 1.9292374e-05 1.026057e-06 1.8340972e-07 4.1803517e-07 5.6804353e-08 6.770459e-08 3.1292835e-08 4.1393238e-07 2.8887591e-08 4.4159592e-07 8.084807e-06 3.183301e-06 5.5807413e-05 1.4032228e-08 3.7518598e-07 3.4974974e-09 1.561311e-08 3.0213465e-09 7.854304e-06 1.7934344e-09 8.109296e-09
0.99353683 0.12382072 0.35789555 0.74046063 0.4543502 0.0002743366 0.012032728 0.17947216 0.00027691072 0.554635 0.015180962 0.5985486 0.8780356 0.00031595168 7.537966e-12 0.015277822 0.012257527 8.739014e-05 2.7017613e-06 0.957978 0.021990933 0.00029245706 0.0054838527 0.0025608274 0.65229344 0.11065289 0.8514877 0.28408435 1.3889932e-05 0.66910446 7.086008e-06 2.8488755e-06 0.118203126 0.074028365 0.00017884038 0.114387795 7.38248e-05 0.015574159 0.28611988 1.4995714e-05 0.031146128 7.7066676e-07 0.005629921 4.888408e-05 0.021391364 0.15556064 5.96789e-05 0.000883723 0.40870744 0.7247457 0.13570514 2.6198334e-06 1.0288868e-06 2.09106e-07 1.0810683e-07 0.18728118 0.5390202 0.16359477 0.058434654 8.981132e-05 5.8282122e-08 0.1617701 3.1581727e-08 4.5420393e-06 0.052848987 2.903e-07 0.06642352 0.00020597519 6.4066825e-08 0.27359995 7.264522e-06 0.00076302496 0.010664159 4.0645654e-07 0.19487032 0.39190027 0.32237232 0.07086132 4.638403e-08 0.053914975 0.31532872 0.070747554 0.00029682327 0.09195576 0.0041251457 0.009008286 0.00223713 0.054178234 0.015712101 0.021747012 0.107703 0.00804104 0.0011896614 0.13372563 4.2078267e-05 0.0045502163 0.15338072 0.002424597 0.06845446 0.001417167 0.001550101
0.964255 0.8867513 0.4298608 0.40864977 0.80335146 0.026658515 0.7869687 0.07594458 0.0003206849 0.06558357 0.010344864 0.84013784 0.01798033 0.0019781766 0.015277822 2.5303354e-16 0.9829966 0.0015836117 1.67717e-06 0.052580193 0.80604064 0.00011426098 0.4016623 0.27546194 0.0009936524 4.7385227e-05 0.08192501 0.10780327 2.1514443e-05 0.00076509 4.4901763e-06 3.0007664e-05 0.1568314 0.77919775 2.316664e-05 7.9527905e-05 8.927521e-05 0.7274397 0.0001144788 1.39037165e-05 0.13864556 1.5800092e-06 0.5756751 8.1318176e-05 1.040824e-05 7.1871427e-06 0.004599467 6.734602e-08 0.00024950612 0.0065747164 4.608878e-06 7.434731e-08 8.783426e-08 2.8163994e-08 1.4334544e-06 0.019537728 0.006609482 1.1938535e-05 9.353753e-06 2.0623924e-07 1.0837433e-08 1.463499e-05 1.5745645e-07 6.5245246e-08 1.0210042e-05 1.0434512e-08 4.777193e-06 1.9294996e-06 7.969044e-09 0.008184373 5.4866604e-08 1.6528021e-07 5.4412903e-06 8.2072506e-07 0.000108030836 0.00014189866 6.657682e-05 2.3700059e-05 4.738141e-06 9.908036e-08 0.0007766342 1.6924469e-06 3.9058284e-07 1.1617782e-06 4.8934428e-08 6.611915e-07 2.0217472e-08 2.8000682e-06 7.4531606e-08 4.7855076e-07 0.017193869 0.0030345696 0.06107305 1.719964e-05 0.00086286437 3.7309025e-08 4.5388668e-05 1.5559472e-07 6.129478e-07 4.7847198e-08 1.6542513e-09
0.9625368 0.8919084 0.3969339 0.2721002 0.6304283 0.16085494 0.93847656 0.045668963 0.0065923943 0.03230326 0.05181654 0.5063319 0.017339608 0.007092363 0.012257527 0.9829966 1.2241231e-15 0.023833105 8.713831e-05 0.01510858 0.9144772 0.0011901727 0.50819737 0.41315162 0.00049418845 3.4482593e-05 0.02685576 0.034589674 0.00030141245 0.0004127796 4.731311e-05 0.00011709884 0.04806071 0.24927159 2.623125e-05 3.6360387e-05 0.0005775084 0.6609602 3.474655e-05 2.6608068e-05 0.055087503 5.4145953e-06 0.49614435 0.00016452075 4.1964513e-06 4.344547e-06 0.025193103 1.6219188e-08 0.00010867471 0.0013213394 1.7996888e-06 1.0141224e-06 3.7112607e-06 2.1127229e-05 1.3380295e-05 0.007123443 0.001182419 3.2264754e-06 1.4193561e-06 1.020311e-07 6.8079075e-08 1.988849e-06 4.210229e-06 2.230632e-06 6.1128094e-06 0.00023286665 7.896238e-07 7.9320625e-06 5.450623e-08 0.0014985392 4.8595123e-08 3.2860183e-07 2.1043345e-06 4.4298108e-07 5.9919334e-05 1.0731681e-05 3.5723942e-06 4.0448504e-06 1.0501878e-06 1.6930198e-08 0.00012529561 1.07011736e-07 9.037546e-07 8.599405e-08 3.8788958e-08 2.0424433e-07 5.756245e-09 6.904941e-08 1.25524515e-08 2.6493629e-08 0.0015509757 0.0010209687 0.00874157 6.13294e-07 0.00011431176 3.4792864e-09 2.5309178e-06 1.6748505e-08 2.1634152e-08 1.4346427e-08 6.281549e-10
0.9077189 0.13496055 0.08476379 0.0068935207 0.008218651 0.31954378 0.7968621 0.00032818766 0.85236114 0.00085195416 0.61323935 0.0036264241 0.0001932872 0.86823237 8.739014e-05 0.0015836117 0.023833105 1.2144072e-07 0.0027292878 0.00023498107 0.04699152 0.46100816 0.15560094 0.4297126 0.00010948591 6.257645e-06 0.0015576185 0.00026862053 0.11573017 2.8157727e-05 0.00088606315 0.033867694 0.0005288925 0.0070652687 5.3263328e-05 2.0653615e-06 0.049144812 0.0112987645 5.8563695e-05 0.00041854446 0.0051062386 0.0012078424 0.06634364 0.12556349 4.1024748e-08 1.698027e-05 0.9943642 1.212004e-09 5.0896597e-05 0.0003829014 4.8276816e-06 1.3340911e-05 0.000108207976 0.29569727 0.028084697 0.00032179756 7.724675e-05 3.424678e-06 3.4196648e-06 1.385268e-07 0.00033591545 1.7595818e-07 0.13218862 1.0691443e-05 3.37729e-07 0.78707206 5.0864737e-06 2.846468e-07 0.13738187 0.00055475737 6.0451943e-10 1.324754e-08 1.9069428e-07 0.0005500684 0.00010274367 9.1202406e-07 4.1980147e-05 1.114635e-06 0.0014082636 1.6192597e-09 2.1328588e-06 1.34716e-07 8.3313285e-09 2.9252757e-08 2.4431444e-07 2.7099608e-07 5.547134e-08 8.976913e-08 4.184889e-08 2.8650253e-09 7.078912e-05 0.00062281365 0.05739741 0.00010413746 4.71336e-05 3.926777e-11 3.7989626e-08 1.6772714e-07 1.7281091e-07 1.7190948e-07 1.3928173e-09
0.9997501 0.0019775892 0.015255123 0.001342835 0.00013284117 7.944066e-05 0.0011922186 0.006924687 0.00062335824 0.00061726035 0.6635201 5.8154346e-05 2.7700276e-05 0.008949109 2.7017613e-06 1.67717e-06 8.713831e-05 0.0027292878 1.1858337e-12 3.5906403e-06 0.00010162087 0.016261775 8.310722e-05 0.00021389332 2.5846104e-05 5.675809e-05 1.48897625e-05 7.476137e-07 0.32895842 7.693975e-06 0.62621313 0.5623476 5.2400964e-07 7.3929814e-06 0.0006334377 2.6664617e-05 0.015675297 3.7977854e-06 5.4851907e-06 0.014080508 2.3561102e-05 0.9603202 1.1468679e-05 0.17662229 1.1300451e-05 3.6955755e-06 0.00021489867 3.2988714e-06 1.5396213e-06 3.837905e-06 1.1520014e-05 0.00022523249 0.00018465062 0.0005873734 0.79079807 3.4347995e-05 1.5733998e-05 3.766749e-05 5.7307507e-06 2.0179345e-05 0.89171153 2.3798593e-06 0.041881595 0.00044083514 1.7706361e-05 0.00028697716 1.1672839e-05 3.925407e-05 3.0901658e-05 1.7821594e-05 5.6976014e-06 2.3850785e-06 7.422514e-07 0.009896322 8.358977e-07 1.1292785e-06 2.1554467e-07 1.3220836e-08 0.7721009 1.0442785e-06 9.3041933e-07 4.0651742e-07 9.341874e-07 2.6546323e-07 6.0195737e-09 2.0848423e-08 6.8193797e-09 3.4816832e-09 2.1377174e-08 2.4997752e-07 4.0948697e-07 3.6599825e-08 1.6036753e-05 5.9672067e-09 5.326355e-10 4.8766013e-10 9.621595e-10 1.7085934e-09 7.821363e-06 2.482222e-09 5.939744e-07
0.9642698 0.25860173 0.5562097 0.8617773 0.61393213 0.00069532107 0.06759013 0.17215298 0.00067415845 0.43018672 0.025329337 0.8458191 0.6364903 0.002354811 0.957978 0.052580193 0.01510858 0.00023498107 3.5906403e-06 1.6588657e-15 0.0081245825 0.00016096409 0.0030321586 0.0013770472 0.53917485 0.020728298 0.97326314 0.46303758 5.939229e-05 0.6482323 1.0239646e-05 3.5238336e-05 0.16687474 0.07840125 3.5656874e-05 0.033243902 0.00014280908 0.0050459597 0.07362879 1.55466e-05 0.000624859 5.1447096e-06 0.00087554526 6.033414e-05 0.003583698 0.012694625 4.1858573e-05 0.00015993172 0.09769771 0.15352844 0.006604237 4.546271e-07 1.119857e-06 5.5829764e-07 1.7576288e-06 0.094150394 0.18660331 0.0066717034 0.002295929 1.8292605e-05 6.084322e-08 0.025263814 7.304306e-08 1.6819655e-06 0.0070836805 9.980923e-07 0.0013735812 0.00010341252 3.8737924e-09 0.009645453 8.9015875e-06 0.00016158407 0.0039755674 1.0214419e-06 0.0037404508 0.019131606 0.0017236571 0.0024002595 2.7543736e-06 0.00038266781 0.0045210924 0.000103980754 2.675004e-05 0.00048435922 2.698657e-05 4.256887e-05 5.6268826e-05 0.00212119 0.00016181028 0.0004469398 0.003563293 0.0003037116 2.8120372e-05 0.000998203 2.9092344e-06 2.5211048e-05 0.00055323023 1.924323e-06 0.0003623226 1.1724209e-06 5.3947486e-05
0.9558183 0.8010486 0.38479936 0.28356588 0.47433832 0.88999045 0.8592816 0.02586296 0.0064754407 0.018245399 0.08330352 0.09331368 0.023287974 0.013337058 0.021990933 0.80604064 0.9144772 0.04699152 0.00010162087 0.0081245825 1.8745821e-11 0.004229996 0.9551597 0.8626747 0.0005856199 5.5735978e-05 0.0120124 0.015772378 0.002036067 0.0008767255 0.00031903764 0.00027909642 0.025687711 0.14081934 0.00018740685 2.000906e-05 0.0036096876 0.9077116 0.0002365622 0.00025701884 0.061593246 6.436148e-05 0.8657906 0.00091106404 1.9413199e-06 1.7789891e-05 0.24833311 3.396008e-08 0.00041663166 0.0005580624 5.1922298e-06 0.00026107076 0.0002121857 6.402404e-05 0.00015267632 0.0030120774 0.0006510727 1.049485e-06 4.1035237e-06 1.698142e-05 1.6598973e-06 1.3338424e-06 8.819285e-06 9.092438e-06 9.320676e-07 0.0016364484 7.194627e-07 8.2370396e-05 2.2542438e-06 0.0022236698 1.0733314e-06 2.826444e-06 5.9264275e-06 2.4364273e-05 1.9670406e-05 8.3038485e-06 3.539201e-05 9.279794e-06 0.00042909232 2.1259215e-08 0.00015061752 3.797396e-07 1.6437896e-06 2.107167e-07 7.544631e-07 3.0243118e-06 5.911147e-08 1.7832032e-07 1.9601762e-08 3.022195e-08 0.004866528 0.0019441602 0.010157254 4.5049655e-06 0.00019851634 5.0356377e-09 2.3784776e-06 3.4850288e-07 6.4750594e-08 3.07967e-08 3.0611855e-09
0.9554542 0.010013088 0.05092808 0.010646178 0.003825808 0.002756968 0.053533044 0.010148424 0.7968322 0.004676942 0.68919945 0.0013971492 0.00089493184 0.94543386 0.00029245706 0.00011426098 0.0011901727 0.46100816 0.016261775 0.00016096409 0.004229996 5.445027e-10 0.0061643147 0.009624622 0.00033899708 0.00015091542 0.00062154024 7.0115993e-06 0.9221581 0.00029271067 0.16285272 0.47370017 1.5960175e-05 0.000239022 0.00017795092 0.000114258044 0.04408838 0.0003710629 8.821429e-06 0.016436104 0.00013097425 0.50356436 0.0011001221 0.9762409 5.939427e-05 3.0276276e-06 0.018257009 5.231536e-06 2.9969542e-05 4.062207e-06 7.383335e-06 0.00041329442 0.0012169639 0.43491566 0.83828413 4.1143132e-05 2.3191287e-05 8.794374e-06 7.23514e-07 1.4800216e-05 0.24988948 2.190404e-06 0.7130168 0.00085832085 3.427419e-06 0.10152978 9.003479e-07 0.00046456818 0.019222163 1.85758e-05 4.0241384e-06 6.460217e-05 8.389413e-07 0.009570879 1.0691518e-06 1.8327272e-06 5.6454695e-07 9.6694755e-08 0.009747067 2.440278e-07 1.2922615e-05 9.2356095e-07 1.4343091e-06 5.145168e-07 8.282118e-09 4.888433e-08 1.4304376e-08 3.7746167e-07 7.084318e-08 1.075718e-06 5.8007863e-06 6.6621976e-07 0.00018938877 1.736524e-08 3.0125597e-07 2.4845397e-08 1.03929246e-07 6.780833e-09 1.3462186e-07 2.904304e-09 8.718515e-08
0.846204 0.68697345 0.32349196 0.21682939 0.43393624 0.9258869 0.8643761 0.010960365 0.0052911523 0.013380675 0.064370126 0.069736555 0.013964753 0.025316574 0.0054838527 0.4016623 0.50819737 0.15560094 8.310722e-05 0.0030321586 0.9551597 0.0061643147 1.5205937e-13 0.98274 0.00014746969 1.7755163e-05 0.0052806237 0.0037478134 0.0042704297 0.00019460836 0.00031753303 0.00034522673 0.012166215 0.06426503 2.1008005e-05 5.104356e-06 0.0032855188 0.70622 2.4970737e-05 0.00014823815 0.020582441 7.373755e-05 0.8793137 0.0015522821 4.541153e-07 2.9712646e-07 0.64704317 4.74293e-09 0.00010685812 0.0004574065 7.1135e-07 6.068817e-07 5.4959983e-06 0.00015896354 2.9892099e-05 0.0007445854 0.00015820735 1.0465012e-07 1.2624702e-06 3.988073e-08 8.2129105e-07 4.9222484e-07 1.7035043e-05 7.184809e-07 2.2751533e-07 0.0055040293 5.129676e-07 1.6533455e-06 5.182956e-05 0.0012368546 2.1538726e-07 5.7541293e-08 4.2606925e-07 1.6192584e-05 3.5678102e-05 1.663753e-06 4.822482e-06 4.9075993e-06 1.8773355e-05 6.616229e-09 2.1681257e-05 6.4385114e-07 3.0047854e-08 1.18346186e-07 1.7220401e-07 3.7758517e-07 1.0806059e-08 8.856352e-08 1.0946313e-08 1.0471635e-08 0.0015840331 0.0010351508 0.020817345 1.447242e-07 0.00012233597 6.445619e-09 6.6985046e-07 4.1081614e-07 4.562608e-08 2.007338e-08 1.3610355e-09
0.8386985 0.41989306 0.146929 0.08399019 0.17332141 0.9636042 0.87258047 0.004286042 0.020492844 0.007438317 0.10956259 0.024197346 0.0072578643 0.1102422 0.0025608274 0.27546194 0.41315162 0.4297126 0.00021389332 0.0013770472 0.8626747 0.009624622 0.98274 7.8441514e-16 3.0265492e-05 6.3717926e-06 0.0031997084 0.0024143788 0.006443791 0.00012864411 0.00019041907 0.00055224635 0.0036901948 0.018766712 8.6090895e-06 3.7544544e-07 0.005544353 0.3669845 7.3155034e-06 0.00023779403 0.0027613726 2.7696022e-05 0.6025414 0.0015216306 2.0477962e-08 2.833211e-07 0.94439405 1.315051e-09 9.354217e-06 4.348918e-05 9.781801e-07 2.5261118e-06 7.372328e-05 0.0008315597 0.00018856264 0.00010928228 1.5474798e-05 2.610249e-08 4.6603446e-07 2.3108463e-08 4.2846762e-07 1.7301356e-07 8.9767294e-05 2.3361422e-06 1.073322e-08 0.026115395 1.7739117e-07 1.355195e-06 0.00019865972 9.474077e-05 9.966015e-08 7.3808984e-08 4.839902e-08 5.715768e-06 1.1193204e-05 8.514097e-08 1.9411034e-06 1.5231898e-06 1.2684773e-05 1.0016939e-10 1.0710717e-06 5.059417e-09 5.4314448e-08 2.171944e-09 6.150702e-08 7.675989e-08 2.6160993e-09 1.0162901e-08 6.438649e-10 3.627841e-10 0.00035320644 0.00029237644 0.0045612976 7.578057e-08 3.0237075e-05 6.976284e-11 1.5439456e-08 1.5474134e-07 9.475033e-09 9.090183e-08 1.9760794e-10
0.98900187 0.036286935 0.13284239 0.22626409 0.06593931 5.9545415e-05 0.0049648215 0.21101873 0.00013986991 0.6152539 0.008610768 0.16084895 0.9330317 0.0018670845 0.65229344 0.0009936524 0.00049418845 0.00010948591 2.5846104e-05 0.53917485 0.0005856199 0.00033899708 0.00014746969 3.0265492e-05 4.3419636e-11 0.44401863 0.27910233 0.017650846 0.00016289426 0.7533245 0.00030261787 0.000107860775 0.007393067 0.001504385 0.0003936896 0.8887113 0.00088121934 0.00067815615 0.39139348 0.0002632554 7.570635e-05 2.0086185e-05 0.00010259318 3.3362092e-05 0.44792515 0.6032928 2.460471e-05 0.020303357 0.17048636 0.045025043 0.8543569 7.220053e-05 0.00012688916 8.452734e-06 4.0753603e-05 0.007828416 0.17895804 0.8074691 0.48177934 0.0003982904 8.695348e-06 0.89811504 9.315949e-07 9.1126516e-05 0.27817 3.174314e-05 0.51237 0.0013157645 4.6550653e-08 0.0059903343 7.939317e-05 0.014263962 0.30020958 3.360973e-06 0.01904891 0.037732255 0.00983332 0.009886135 2.0172963e-06 0.33877468 0.0073207975 0.15857838 0.0028262527 0.09988343 0.06379744 0.034431875 0.048567772 0.010417123 0.011569498 0.09975109 0.002367275 0.00013128726 3.3713036e-06 0.008899274 9.1004665e-07 0.020281067 0.0027185604 0.004624202 0.5307374 0.010990725 0.007529479
0.9992694 0.020802347 0.42750573 0.2986894 0.052658353 8.885852e-06 0.0008724334 0.6108661 0.0003099346 0.5384764 0.044247013 0.019135803 0.5325549 0.00014411827 0.11065289 4.7385227e-05 3.4482593e-05 6.257645e-06 5.675809e-05 0.020728298 5.5735978e-05 0.00015091542 1.7755163e-05 6.3717926e-06 0.44401863 1.0619039e-13 0.0149275055 0.000600993 6.937871e-05 0.0473172 5.5160075e-05 0.00011869937 0.00026261323 2.3920395e-06 0.006843375 0.9730027 0.00080242625 4.0231393e-05 0.01037472 7.877796e-05 1.4576549e-06 1.1756696e-05 1.5069674e-07 6.605991e-05 0.8829432 0.00941915 7.647883e-07 0.2447402 0.005760323 0.00020445122 0.28554717 0.0035605496 0.0070154294 7.7812876e-07 5.799984e-06 7.042564e-05 0.001978788 0.5877562 0.16915779 0.013533109 6.8726585e-08 0.113144964 1.4790439e-07 8.952381e-05 0.7159697 5.511256e-08 0.010231599 0.007534993 8.2793264e-08 5.3629043e-05 0.0008386834 0.052186634 0.047022775 1.4882224e-05 0.0011454056 0.0003209015 4.7910424e-05 0.0005997562 2.1320127e-06 0.0027493169 5.7362002e-05 0.0006574548 0.06744617 0.0006119564 0.0037473275 0.0009421027 0.0023133736 1.6715165e-05 6.6331806e-05 0.0005725761 5.9887143e-06 1.1370355e-06 1.3030004e-07 1.4326125e-06 3.280329e-09 0.0002093865 2.0365746e-06 3.7721284e-06 0.54780716 0.00010693436 0.4061754
0.9600249 0.3446165 0.5062562 0.77111304 0.7205481 0.0023852459 0.14376223 0.047463905 0.0019039047 0.15374863 0.030107033 0.95092654 0.42037737 0.0056706853 0.8514877 0.08192501 0.02685576 0.0015576185 1.48897625e-05 0.97326314 0.0120124 0.00062154024 0.0052806237 0.0031997084 0.27910233 0.0149275055 9.290758e-13 0.87227976 0.00014355736 0.6285714 9.354515e-05 8.073439e-05 0.57527685 0.49092123 4.354745e-05 0.02041833 0.0003203673 0.01810173 0.086814724 2.9913148e-05 0.003724248 2.603841e-05 0.0057396395 0.00012825763 0.0033787773 0.014559727 0.000900048 0.00018162969 0.2419476 0.5602483 0.00473209 2.636164e-06 1.0567318e-05 3.2073135e-06 2.5877898e-05 0.41839245 0.5800794 0.0060382555 0.0013291823 2.4851335e-05 6.127924e-07 0.019311424 4.0629975e-06 1.5238697e-06 0.00860321 4.88132e-06 0.00092610857 0.00020494513 1.4448362e-08 0.10833975 1.3671148e-05 0.0001829804 0.010674353 1.6324805e-06 0.007760483 0.07270618 0.009464587 0.005824962 9.91124e-06 0.0013397133 0.02663861 0.0010123469 0.00026970197 0.0027826426 0.0001529519 0.0006575658 0.000682801 0.0102638155 0.0014198022 0.0026310545 0.032194722 0.007682995 0.00030170928 0.018745821 0.00026476153 0.00017901066 0.007324561 0.00011134557 0.00045300394 2.9498213e-05 0.00030550864
0.9869388 0.36776215 0.31786814 0.43792847 0.63548326 0.0008243079 0.025166575 0.019069279 0.00014598266 0.022872865 0.010825087 0.7130685 0.07455049 0.00016743285 0.28408435 0.10780327 0.034589674 0.00026862053 7.476137e-07 0.46303758 0.015772378 7.0115993e-06 0.0037478134 0.0024143788 0.017650846 0.000600993 0.87227976 6.814256e-13 6.342129e-06 0.02543259 2.835123e-06 1.413584e-06 0.9563588 0.88510185 2.1407748e-05 0.0014294008 5.1054685e-05 0.0532733 0.0016034284 3.8261174e-07 0.72648287 2.9716497e-07 0.03367721 2.4895894e-06 8.640719e-05 0.00022730835 0.00021796142 7.349708e-07 0.0199971 0.671532 0.0002504435 1.7807272e-09 2.6858297e-07 3.7171776e-07 5.929124e-08 0.87480223 0.41563055 0.0008420253 0.00056808424 1.3063998e-07 1.6537894e-07 0.00053036225 1.7289588e-08 1.6520688e-06 0.00044983154 1.448857e-06 0.0001810051 1.0859762e-06 7.2243054e-08 0.7456874 4.1893294e-08 5.3423046e-06 0.00051528827 4.811663e-08 0.015356973 0.07792367 0.2661913 0.010672659 5.552498e-07 0.00018740505 0.35269585 0.00092422095 4.0541013e-07 0.0005115204 1.8576595e-05 5.6710745e-05 1.4713597e-05 0.004174791 0.0005453777 0.00033633012 0.7190142 0.34018186 0.48983353 0.27115315 0.008282345 1.9296367e-05 0.28160924 0.00020886537 5.8543756e-05 4.1334544e-05 1.7525865e-05
0.9820042 0.004572907 0.038879238 0.0054095276 0.0013523871 0.001014624 0.013627301 0.010967925 0.03380817 0.003124635 0.89224994 0.0004461133 0.00021531059 0.821534 1.3889932e-05 2.1514443e-05 0.00030141245 0.11573017 0.32895842 5.939229e-05 0.002036067 0.9221581 0.0042704297 0.006443791 0.00016289426 6.937871e-05 0.00014355736 6.342129e-06 2.8088562e-12 1.6026584e-05 0.45730045 0.82433116 3.9202837e-06 5.277917e-05 0.00025537887 4.0497853e-05 0.06725807 0.00058147055 7.795407e-07 0.030808665 1.9705441e-05 0.86895645 0.00026872838 0.8610251 5.8991838e-05 3.4720838e-07 0.005311339 1.9264126e-06 4.148993e-06 1.926385e-06 4.237503e-06 0.00052100694 0.0005142338 0.07311769 0.9352354 1.08192135e-05 2.1830914e-05 1.7396742e-05 4.091757e-06 5.7006832e-06 0.7141458 2.5610558e-05 0.5850222 0.0008707269 3.2110704e-05 0.038304545 1.2299903e-06 0.0006474421 0.0034279882 1.6976643e-05 3.1372858e-06 1.2333927e-05 6.4807004e-06 0.014740248 2.711128e-06 3.608601e-06 3.828546e-06 7.0847335e-07 0.37943858 3.5328294e-06 5.5801256e-06 1.23904565e-05 6.2681634e-06 3.646785e-06 2.991594e-07 9.341242e-07 1.8160412e-07 6.8111126e-07 6.520656e-08 8.8890096e-07 1.7908067e-06 4.0738595e-07 5.554501e-05 1.3827384e-08 2.7832567e-09 5.0868105e-09 1.02955715e-08 5.7512764e-08 2.4230008e-06 6.369638e-09 9.865738e-08
0.99464077 0.017580431 0.09166271 0.11709257 0.05102712 0.00010022836 0.0015731546 0.027330652 8.3984596e-05 0.068629354 0.008343929 0.04630754 0.5948426 0.00015735927 0.66910446 0.00076509 0.0004127796 2.8157727e-05 7.693975e-06 0.6482323 0.0008767255 0.00029271067 0.00019460836 0.00012864411 0.7533245 0.0473172 0.6285714 0.02543259 1.6026584e-05 6.5567574e-09 3.742033e-05 1.0715932e-05 0.0074105226 0.0023149792 0.00013219449 0.0945938 0.00014450183 0.0014760096 0.96123993 3.9828075e-05 0.0025997448 1.7614018e-05 0.00048442322 9.812671e-05 0.013284733 0.85190815 2.3967883e-05 0.00043631095 0.9039431 0.4499897 0.16930549 5.0051995e-06 6.6738826e-06 2.1244484e-06 2.2188165e-06 0.045160808 0.49475756 0.20116483 0.11977807 6.969424e-05 6.961734e-06 0.4310945 2.988687e-06 0.00024973394 0.07111443 5.4260345e-06 0.39717162 0.00022029191 1.5365322e-06 0.17416862 8.58419e-06 0.0015500055 0.022667453 3.2708766e-05 0.5881591 0.3997755 0.3580909 0.20657761 2.6044534e-06 0.25928453 0.20494013 0.35745528 0.0005838421 0.45446497 0.035251204 0.04405065 0.008392679 0.15744397 0.112436496 0.13611035 0.025494277 0.0027093773 0.00018600855 0.10435407 5.544445e-05 0.029883903 0.076838344 0.025909211 0.12642908 0.013277362 0.024543438
0.9778666 0.0052121095 0.051872868 0.0045801676 0.000664955 0.000251605 0.0053174314 0.037678726 0.0017763193 0.0067661093 0.8506609 0.00048117555 0.0004606244 0.29078355 7.086008e-06 4.4901763e-06 4.731311e-05 0.00088606315 0.62621313 1.0239646e-05 0.00031903764 0.16285272 0.00031753303 0.00019041907 0.00030261787 5.5160075e-05 9.354515e-05 2.835123e-06 0.45730045 3.742033e-05 2.1151538e-13 0.92859674 1.3059682e-06 3.2674436e-07 0.004345778 0.00013664117 0.72982395 4.925931e-05 1.643332e-06 0.8766121 7.595755e-08 0.94810283 8.9600135e-06 0.015516585 5.0773357e-05 5.60564e-07 0.00010426892 1.5054814e-06 3.002265e-06 2.5633744e-07 1.5737112e-06 0.0091742575 0.0073202034 0.00024464523 0.090468965 2.3529205e-08 1.9840109e-06 2.4642716e-06 2.8362945e-06 0.00010888593 0.35309464 9.1581505e-06 0.0019292237 0.049448084 4.7367853e-06 8.328108e-06 1.5939321e-07 0.0067649824 8.018839e-06 2.3287841e-06 2.2423748e-05 7.314091e-05 1.3599114e-06 0.77314967 1.1631733e-07 1.02855864e-07 1.2946902e-07 8.95364e-08 0.53818876 8.6834966e-08 2.774686e-07 3.5292445e-07 5.28015e-06 1.10037384e-07 1.3272789e-07 2.7592702e-07 4.6763518e-08 2.3802507e-09 1.0404621e-08 8.788584e-09 8.444216e-08 1.923653e-08 6.2244744e-08 1.320767e-09 2.3882987e-10 4.1575557e-10 8.1574913e-10 2.0971969e-09 8.1653883e-07 8.7116945e-09 1.169354e-09
