1.2665167e-16 0.76328784 0.91977656 0.8313231 0.878645 0.9854767 0.87850493 0.8454692 0.98888725 0.9892202 0.9798383 0.9910944 0.9721601 0.973977 0.9474092 0.9622503 0.8022212 0.98810655 0.9650768 0.9523753 0.9912613 0.98805463 0.9968837 0.9773775 0.94257694 0.9604646 0.96835935 0.9142223 0.9644972 0.9316282 0.99554724 0.0635614 0.97568476 0.9848998 0.050591238 0.96349335 0.17198054 0.9653559 0.53177375 0.27751118 0.95572096 0.31963912 0.9236374 0.99817055 0.94374895 0.8573677 0.006703899 0.94190514 0.9560059 0.97928417 0.65458983 0.9780954 0.99299383 0.9928511 0.9745041 0.91053 0.9753114 0.9746049 0.8717806 0.8757879 0.93727714 0.79634917 0.9268069 0.9995493 0.9932749 0.99587405 0.98362017 0.89464265 0.9762388 0.77638656 0.9831296 0.9998332 0.8735842 0.82101226 0.990028 0.99847066 0.9808021 0.9522133 0.9855536 0.8832431 0.92878795 0.99933475 0.0018250315 0.9719552 0.7631324 0.90624374 0.9578242 0.8457809 0.007338153 1.587562e-05 0.99995595 0.072936535 0.99719465 0.47949964 0.9441907 0.56508523 0.9999714 0.00018126388 0.91014475 0.6979172 0.93739563
0.76328784 3.703476e-13 0.981994 0.8167385 0.9852313 0.56650025 0.5307778 0.38184986 0.25784874 0.07486138 0.061875757 0.237131 0.018450504 0.003069532 0.05476136 0.09617548 0.010072737 0.0012104432 7.512523e-05 0.0014736269 0.00070636877 1.3778095e-05 0.34369147 1.188665e-05 1.3707041e-06 5.1596317e-06 7.301232e-07 1.9198968e-07 1.4772846e-05 0.16781421 6.4966065e-05 3.6803937e-07 1.1137838e-06 0.0001485543 1.6809873e-06 1.0401437e-06 1.9475289e-07 5.2762944e-06 1.3635938e-07 5.7154352e-06 3.9149688e-07 0.058605585 6.32527e-06 2.4590786e-06 7.662429e-08 0.00039489387 2.7715453e-08 0.011905246 0.0025651657 1.7249513e-05 4.934419e-08 1.7801787e-07 6.7990936e-07 7.6672135e-05 1.0683534e-07 7.698212e-09 1.6605763e-06 1.2442783e-07 5.3479212e-08 1.0989602e-07 3.61025e-08 3.4770924e-08 1.667633e-07 0.030566208 0.017243905 1.8743711e-07 5.480229e-06 6.4232125e-08 0.00080938183 3.788839e-08 0.009098303 0.01830985 0.00082848925 0.017942104 2.9061619e-06 8.058719e-06 2.0252044e-07 8.76159e-08 0.0107507 2.669614e-07 3.2857784e-08 0.00044436788 3.5585228e-09 4.3466375e-07 1.5853802e-09 3.6148644e-09 0.001514146 1.8844197e-10 9.7059505e-08 2.0954978e-09 0.020958498 0.002165223 1.1334881e-07 1.3012017e-08 1.2072841e-08 1.7156635e-09 0.0010909276 3.89817e-09 5.6315747e-07 1.5755568e-08 1.6758004e-07
0.91977656 0.981994 4.12323e-16 0.8873426 0.59007 0.94616556 0.28687927 0.12945485 0.27483323 0.6263567 0.5319396 0.8703974 0.017993838 0.12255338 0.0035030714 0.6645512 0.00032931258 0.0015297786 0.0073949136 0.00038272925 0.022634925 9.5854164e-05 0.77656907 7.657948e-05 4.2566023e-07 2.381862e-06 3.91059e-06 1.783962e-05 4.6777577e-06 0.0014743058 0.0011450234 2.5106159e-08 7.479174e-07 0.002921858 9.847653e-08 2.9128506e-07 3.0434883e-08 1.143556e-06 2.4142457e-09 2.7057837e-08 1.9232029e-07 0.002321315 8.1070425e-08 0.000113736314 4.539466e-08 0.005286386 3.9837182e-11 0.0006155459 0.13962933 1.4274215e-05 2.7647067e-09 6.007233e-07 3.4264713e-06 0.016072994 3.798042e-08 1.0869226e-09 0.0016251922 2.8333596e-07 3.08815e-09 1.2179372e-08 1.1796729e-08 1.071569e-08 1.4368171e-08 0.2489361 0.09290413 1.3196667e-07 5.687973e-05 9.790931e-10 0.0012980463 4.6929832e-05 0.0012797356 0.23669945 0.0011283695 0.0009595591 0.0051922845 0.00028993326 8.0506304e-08 1.7336554e-07 0.021098021 1.0170096e-06 2.9636655e-09 0.023604145 1.0125713e-08 0.00014666295 6.057221e-10 1.3416633e-09 0.00078875804 6.053802e-10 6.140676e-09 1.5811275e-10 0.029691886 8.61492e-06 1.2960152e-06 9.405692e-09 4.5807256e-09 5.3304482e-11 0.014225755 2.2090343e-10 3.9206105e-07 5.3683817e-08 7.493368e-09
0.8313231 0.8167385 0.8873426 1.8303792e-14 0.99380004 0.9447445 0.013828382 0.0047331685 0.03165106 0.21057808 0.14141122 0.745916 0.0022353055 0.0067872643 0.0002053464 0.76171696 3.5690522e-05 0.0002884363 0.00061099365 1.8713741e-05 0.0024145918 8.154475e-06 0.8144691 1.0329749e-06 3.1801754e-08 1.0739185e-07 1.2675653e-07 4.3019363e-06 1.9756406e-08 0.09394856 9.271102e-05 1.6650658e-08 5.2559795e-08 0.0002513798 2.8972787e-08 1.8832646e-08 1.2125589e-09 1.819675e-07 2.496346e-10 6.9278165e-08 5.2460516e-09 0.0044247615 1.17907e-08 4.7436024e-06 4.408637e-09 0.0059892605 3.249618e-11 0.000984501 0.041280854 2.6649375e-06 6.949461e-10 1.6265091e-09 4.1067707e-07 0.0029859436 2.745203e-08 7.529697e-10 7.113399e-05 6.381413e-08 6.256893e-10 5.782434e-09 2.054689e-09 1.2992271e-09 5.8213208e-09 0.22506648 0.14292657 6.5340583e-10 8.121243e-06 2.344212e-12 0.0022149596 4.3043083e-06 0.0017731694 0.051459074 0.0018244981 0.009571842 0.0005695071 8.5531465e-06 3.7484135e-08 1.1466776e-07 0.037685614 1.7392088e-08 6.319391e-10 0.004898458 1.4387909e-09 8.1551825e-06 6.50877e-10 2.669564e-10 0.0042944374 1.2989209e-11 9.132054e-10 1.5483911e-10 0.042801846 7.44479e-05 1.7937738e-08 1.5035615e-08 1.6856018e-09 2.3634522e-10 0.003567611 1.2826218e-09 2.1961558e-08 1.798776e-08 2.6500235e-09
0.878645 0.9852313 0.59007 0.99380004 3.4230885e-11 0.69892716 0.19303477 0.06959947 0.12408678 0.08692568 0.026442003 0.30086368 0.014864893 0.007870181 0.0054103243 0.48957667 0.0018464272 0.00040086088 0.00011058618 0.0001276592 0.00071687385 1.8474162e-05 0.56100094 3.5704208e-05 5.5823216e-07 2.3685225e-06 5.023922e-06 1.1167752e-07 4.1587045e-05 0.5290037 4.6701556e-05 9.296508e-08 1.1415412e-06 1.10294895e-05 9.978193e-07 5.1122265e-07 4.8921294e-07 2.7017342e-07 2.2666736e-08 7.660975e-06 2.597939e-06 0.052478254 2.0666582e-06 1.9785916e-06 2.4419927e-08 0.008186075 1.2422021e-09 0.06451249 0.007025388 2.006299e-06 1.7056086e-08 3.108761e-07 4.3135068e-07 0.00018693935 2.0135626e-07 2.3398636e-10 5.700249e-06 1.8391977e-07 4.7462874e-09 2.5034147e-08 1.4346107e-07 9.272477e-08 4.017727e-08 0.21271478 0.15777366 8.1682396e-07 4.7517455e-07 4.7616754e-07 0.004665036 3.0420086e-08 0.04593313 0.087993436 0.013373192 0.06297687 4.9082687e-06 1.6302783e-05 1.02178e-06 2.1826312e-07 0.089025274 3.43012e-08 2.2571596e-09 0.0005116219 1.8814257e-09 1.683108e-06 3.20093e-10 6.973568e-08 0.018580578 1.0941104e-10 5.5363922e-09 6.3829403e-10 0.11836533 0.002319033 9.724012e-09 8.317214e-09 2.2467187e-08 2.4797708e-09 0.0026205156 8.1857965e-10 8.483445e-08 2.7029505e-09 3.154215e-06
0.9854767 0.56650025 0.94616556 0.9447445 0.69892716 2.2902348e-13 0.16308025 0.04185173 0.09432728 0.4126393 0.25322416 0.8868326 0.0037356347 0.022596702 0.0051431153 0.66782933 0.00037841662 0.0003926581 0.0012040603 3.859485e-05 0.015472277 5.6047793e-05 0.9410777 1.0256788e-05 1.7770145e-06 4.052812e-06 1.3555854e-06 2.124948e-05 1.0494105e-05 0.07564774 0.00052577595 1.440408e-09 4.1957767e-07 0.0012373962 4.9532383e-07 5.3408706e-07 1.7203329e-09 1.0379755e-06 2.0494685e-08 4.796681e-08 2.520499e-07 0.0034156726 5.2394864e-07 4.0395942e-05 1.7623172e-07 0.0056430693 1.7141108e-08 0.0015261424 0.060614236 2.33298e-05 5.3357056e-08 1.5937025e-07 3.1059457e-07 0.011829465 4.2109107e-08 1.3714442e-08 9.301329e-05 2.7154658e-07 1.5929587e-08 2.967869e-07 5.5128016e-08 6.0079e-08 8.855486e-09 0.5461362 0.31609854 2.5171179e-08 1.470253e-05 4.7847997e-09 0.0013810683 3.4749412e-06 0.0025237391 0.2976668 0.001892235 0.008358719 0.0012487876 2.4341909e-05 4.288488e-08 4.8887127e-08 0.041170888 5.9285554e-07 1.2278947e-08 0.01154257 1.5414877e-09 0.0009974616 7.573242e-09 7.538725e-09 0.004497252 4.8262816e-10 1.4174737e-09 1.8493902e-09 0.119988054 0.00011732476 4.8740003e-07 1.6512882e-07 1.8404103e-07 1.808266e-09 0.018684378 3.3165284e-09 2.0566445e-06 4.0334425e-07 4.228545e-08
0.87850493 0.5307778 0.28687927 0.013828382 0.19303477 0.16308025 5.675317e-14 0.9960377 0.97033936 0.1301581 0.41821644 0.13385758 0.6463468 0.12973571 0.12326015 0.029583145 0.04834093 0.008781326 0.003619821 0.007627034 0.014150719 0.0002408636 0.10583929 0.00013264029 1.1311212e-05 1.0498649e-05 2.0857533e-06 3.2687294e-06 4.8288955e-05 0.0055959914 0.0006058956 1.7836881e-05 1.5003374e-06 0.00070806034 2.4880917e-06 2.3675243e-06 1.1132274e-06 1.6128416e-06 2.3252863e-08 2.4192614e-05 3.3770505e-06 0.00086577487 1.1371527e-06 2.8167879e-05 4.118663e-07 3.2682885e-05 1.6048139e-10 0.00015476695 0.004919556 2.5891004e-05 6.337669e-09 2.4153431e-08 1.2980438e-06 0.001124247 3.4651425e-08 3.7682518e-10 1.3002769e-05 8.9815885e-08 1.497996e-09 5.0561106e-08 4.31391e-09 9.557219e-09 3.1785262e-08 0.11946096 0.023405548 2.2765947e-07 1.2207304e-06 3.2233075e-08 3.2272186e-05 1.7440131e-07 0.0013355023 0.12338869 4.4308883e-05 0.0005641759 2.5662055e-06 2.4202835e-05 2.5873574e-09 1.6708038e-09 0.009320331 1.6731446e-09 7.158077e-10 0.00037411498 2.5292768e-10 5.7481075e-06 5.266018e-10 3.293924e-11 6.792503e-05 5.1619413e-13 1.644002e-11 5.3412635e-12 0.031645544 1.169615e-05 8.4119165e-09 3.0542537e-11 1.2567819e-10 5.070423e-12 0.005086149 3.966662e-13 3.533213e-10 1.1849637e-11 1.0791724e-08
0.8454692 0.38184986 0.12945485 0.0047331685 0.06959947 0.04185173 0.9960377 1.3836411e-15 0.97285914 0.057871073 0.19389503 0.059313588 0.8214225 0.124884 0.05912616 0.019928576 0.036743194 0.026053455 0.017320182 0.01230171 0.02855151 0.004876598 0.04014548 0.0015649134 0.0012670277 0.00037326483 0.00023145895 8.8294044e-05 0.0009168209 0.0022635763 0.0012774529 0.0014145975 8.7350476e-05 0.009985081 9.7780976e-05 2.8173277e-05 5.146979e-05 3.1349246e-05 1.8703608e-05 0.00014141516 2.3329732e-05 0.0069598155 1.5190263e-06 0.00069667713 3.677182e-06 1.415696e-05 9.1637666e-08 1.8828401e-05 0.0027051002 0.00020769959 6.7274937e-07 2.5539932e-06 8.386266e-06 0.005894977 2.6147526e-07 3.3281392e-08 6.8156034e-05 9.67423e-07 1.06701535e-07 1.6862882e-07 5.897074e-07 2.0178341e-07 1.139077e-06 0.041530542 0.011113123 1.3516011e-07 3.981588e-05 2.988068e-08 7.87624e-05 8.271604e-07 0.0017253115 0.057540633 5.1256367e-05 0.0002605698 0.000115793664 2.1356545e-05 6.6777056e-07 1.9093113e-06 0.0044210055 1.1207716e-06 3.193341e-08 0.0006236306 1.1838253e-07 4.1672047e-05 2.321939e-09 2.3576272e-09 0.00013106148 3.455254e-09 5.5698504e-09 4.3078088e-09 0.0133434525 2.7201186e-05 1.0594101e-06 2.056411e-08 1.2787088e-07 7.2774773e-09 0.0010969567 8.09154e-10 5.0035794e-07 1.4158612e-08 4.0798138e-08
0.98888725 0.25784874 0.27483323 0.03165106 0.12408678 0.09432728 0.97033936 0.97285914 2.2838494e-16 0.38980106 0.6491622 0.25322154 0.8074988 0.82270545 0.052680958 0.05486319 0.02722243 0.05570252 0.1928395 0.0044815904 0.3000036 0.012981355 0.28217307 0.0032129819 0.00014602361 0.00034262266 0.0002606692 0.0009474131 2.7036107e-05 0.0034837713 0.009956141 1.7864886e-05 8.375052e-06 0.06394263 1.7379298e-05 3.2501998e-06 3.4097468e-07 1.1079597e-05 4.544242e-07 1.8298117e-05 6.1390815e-06 0.00047839768 2.330077e-06 0.007974136 3.8284242e-07 0.00011228578 3.4465085e-08 2.9183006e-05 0.032804735 0.00012422077 1.3385336e-07 6.134356e-07 2.0667381e-05 0.07405687 3.8472254e-07 2.6698265e-08 0.00023989048 9.742912e-07 2.7275568e-08 2.3215186e-07 3.8549548e-08 1.2181248e-07 1.0254421e-07 0.39273906 0.15704411 3.5458802e-07 0.00054714456 1.7945576e-08 0.00046361133 1.4406062e-05 0.000585709 0.46523792 0.0006328035 0.0020673622 0.0021536194 0.00029611506 4.644363e-07 4.733572e-07 0.03286502 6.0160966e-07 7.011642e-09 0.015851561 5.4318146e-09 0.0010434214 5.517877e-10 7.3579734e-08 0.0010355567 3.7899284e-09 7.988524e-09 2.9326541e-09 0.111669235 5.1074363e-05 6.6049135e-05 1.0811488e-07 2.0222996e-07 3.0673692e-09 0.07656723 2.6333558e-09 1.2239688e-06 3.814899e-07 1.1207073e-08
0.9892202 0.07486138 0.6263567 0.21057808 0.08692568 0.4126393 0.1301581 0.057871073 0.38980106 6.5412696e-16 0.9934105 0.8829195 0.027145887 0.46730438 0.004049546 0.4912327 0.0008287665 0.008637083 0.057584148 0.0007348395 0.20384245 0.0040965076 0.39848965 0.0014796428 8.133396e-06 0.00011898032 0.00028052134 0.005286358 1.101928e-05 0.014752286 0.02452563 1.434837e-08 2.031964e-05 0.016437497 1.842224e-07 2.9494736e-06 2.2025153e-08 5.4892466e-06 2.1456176e-08 4.9864937e-08 7.0377937e-06 0.00036434253 1.3191e-06 0.0011740271 4.0768114e-08 0.025994001 3.017141e-10 0.0011065401 0.49875313 0.00036415443 3.0329115e-09 5.7821067e-06 1.9141273e-05 0.09671828 5.5606006e-07 3.5321703e-09 0.0083473595 1.9150648e-06 5.01969e-09 1.4901609e-07 1.5164385e-08 3.8214383e-09 5.012116e-08 0.6882712 0.4847502 1.6582113e-07 7.688924e-05 3.6420282e-09 0.0017325864 0.00047499925 0.0011411561 0.7197495 0.0020736135 0.0020701676 0.018037485 0.000118524265 1.956237e-07 1.5692683e-07 0.070743896 3.5994702e-07 9.00828e-09 0.14182448 3.6639025e-11 0.006287726 4.727375e-10 2.2426077e-09 0.0066477563 4.720624e-11 1.06671866e-10 7.5382105e-12 0.13269046 9.022312e-05 1.0778154e-05 4.068992e-10 1.2650197e-07 2.0350888e-10 0.09873432 6.594779e-11 7.101997e-07 1.9469404e-07 2.2970301e-08
0.9798383 0.061875757 0.5319396 0.14141122 0.026442003 0.25322416 0.41821644 0.19389503 0.6491622 0.9934105 1.788664e-18 0.5657518 0.21271111 0.9215512 0.018781506 0.28289866 0.0033787533 0.019464267 0.22252424 0.0029133048 0.6324181 0.020613724 0.25221434 0.0027693817 3.5321103e-05 0.00036505726 0.00044231495 0.02280081 6.5418746e-05 0.00053370517 0.1381189 9.207011e-07 4.229068e-05 0.06301137 1.704484e-07 8.883099e-06 1.4065758e-07 1.4106664e-05 4.778263e-08 9.804453e-08 1.5877271e-05 7.735186e-05 4.4774074e-06 0.0016935505 2.0183403e-07 0.010118075 1.363415e-10 0.00026258218 0.49969408 0.00046111268 5.275323e-08 1.9114805e-05 2.4211378e-05 0.21436147 1.2008721e-06 1.5611235e-08 0.026149426 2.821058e-06 2.2701261e-08 7.274897e-07 3.4209464e-08 4.0269946e-08 9.36115e-08 0.5089829 0.22116387 1.42677e-06 8.291207e-05 2.7800962e-08 0.0008135363 0.0018290468 0.0006834874 0.7450638 0.0014692214 0.00014827194 0.056452077 0.0006400658 1.8796536e-07 5.1228557e-07 0.020177389 9.0074644e-07 3.9461316e-08 0.259046 1.0201894e-09 0.010169816 6.3819203e-09 6.615977e-09 0.0013883926 6.8087186e-10 2.221372e-10 4.4813563e-11 0.07208612 2.2060925e-05 9.025255e-05 3.2359262e-10 7.007925e-07 3.3643188e-09 0.109641425 6.439935e-11 1.4933853e-06 3.028241e-07 1.0434636e-07
0.9910944 0.237131 0.8703974 0.745916 0.30086368 0.8868326 0.13385758 0.059313588 0.25322154 0.8829195 0.5657518 1.3976085e-15 0.02775065 0.10744074 0.0022860589 0.9519464 0.00017071693 0.00094185513 0.0016810724 0.00012361901 0.025069337 0.000203052 0.6223918 4.450326e-05 1.5166807e-05 4.244557e-06 3.897652e-06 0.0003015085 1.6213553e-05 0.10186722 0.0042016837 2.9930824e-08 3.5266492e-06 0.00028271234 2.1109162e-07 1.7418333e-06 1.8905165e-08 7.9259036e-07 4.0978293e-08 4.328814e-08 1.8372914e-06 0.0035087436 1.9120218e-07 5.062509e-06 6.1664866e-07 0.28519005 2.1239508e-09 0.0072965412 0.7672007 6.869196e-05 2.9419278e-08 4.6484092e-07 9.919718e-07 0.010296885 2.1207997e-07 2.067695e-08 0.005662841 1.0282251e-07 1.1841189e-07 9.118505e-08 1.7145325e-08 1.34287514e-08 5.5740172e-09 0.5716008 0.29561716 3.8357584e-09 2.981605e-07 9.156298e-10 0.0052013737 0.00011613174 0.0050056293 0.47707266 0.0057093864 0.003707785 0.0052577546 3.2841997e-06 3.5378205e-09 1.0705169e-08 0.030746918 4.88518e-08 3.9233443e-09 0.06415439 2.8620692e-10 0.003942668 4.1465262e-09 1.0706368e-09 0.0123298345 8.646579e-11 1.6084061e-09 4.922882e-09 0.09758548 3.4966444e-05 1.8358708e-08 1.3451001e-08 3.421188e-08 6.2095157e-10 0.035930894 3.9238683e-09 5.586305e-07 4.1447142e-06 1.7925972e-08
0.9721601 0.018450504 0.017993838 0.0022353055 0.014864893 0.0037356347 0.6463468 0.8214225 0.8074988 0.027145887 0.21271111 0.02775065 2.2872519e-14 0.7888094 0.7977732 0.008478577 0.85327864 0.9805666 0.68940413 0.86954504 0.21553068 0.564597 0.05562824 0.49834287 0.7038012 0.61260843 0.11365603 0.016807662 0.15257777 0.0030821324 0.012855011 0.0073359422 0.041946683 0.06748398 0.000687966 0.023681145 0.03557419 0.0078693405 0.0074062943 0.001395355 0.016870124 0.0011735458 0.00044290588 0.0126700895 0.0043901643 0.0003063375 7.366736e-08 0.00043512913 0.017344836 0.016225519 0.00046288082 0.008489269 0.00034869305 0.04289061 4.1569245e-05 0.00030486335 0.0004378188 0.00059890316 7.7831726e-05 0.00046753717 5.4006945e-05 9.466427e-05 1.5425778e-05 0.15251471 0.05954544 3.74468e-06 0.0011184525 6.2708034e-07 0.00075825903 0.00020520075 0.0011111831 0.28506944 0.00038581953 0.00013412152 0.001071511 0.00022205737 3.9353718e-06 7.844334e-06 0.022779055 3.169015e-05 7.606255e-07 0.004713241 4.51599e-06 0.0006134558 4.618073e-08 6.5470886e-08 0.0028513777 5.3837425e-08 4.7855937e-09 4.3334964e-07 0.047482967 3.2259923e-06 9.5455325e-05 4.9294226e-07 8.8443875e-07 3.195577e-08 0.042610932 2.0870774e-09 9.678115e-07 4.7276666e-05 1.0228207e-07
0.973977 0.003069532 0.12255338 0.0067872643 0.007870181 0.022596702 0.12973571 0.124884 0.82270545 0.46730438 0.9215512 0.10744074 0.7888094 2.8272682e-14 0.06384228 0.04348927 0.041906178 0.32483426 0.94955224 0.059197288 0.9596526 0.5659736 0.033630833 0.1961893 0.07583902 0.033268075 0.08383292 0.48485237 0.019829066 0.0005736911 0.3713388 0.00047177516 0.028007524 0.1916902 5.1062427e-05 0.012177516 0.00022637012 0.0034920059 0.00030669558 1.9992713e-05 0.021736192 6.150529e-05 0.00015453187 0.029485049 0.00038518463 0.00402941 3.6308958e-09 0.00047965196 0.28409645 0.04602043 7.02078e-06 0.0024877633 0.00010880455 0.20335133 8.363986e-05 1.9350786e-05 0.049091946 6.393759e-05 3.4143417e-05 1.8111363e-05 1.2531539e-05 9.288169e-06 4.082072e-06 0.19890147 0.09587042 1.2070805e-06 5.743672e-05 1.0798113e-07 0.0008633681 0.004215219 0.00043058195 0.5179634 0.0006644327 0.0002871102 0.026901962 0.00012357516 1.6502821e-07 3.4256316e-06 0.0075229476 6.682314e-06 2.4953727e-06 0.090123266 2.5486694e-08 0.01466233 1.4536354e-07 6.6453936e-09 0.0016456194 1.6318383e-09 1.2628812e-09 9.480271e-10 0.031324312 1.3435887e-06 3.1279947e-06 2.0042698e-08 1.559112e-06 1.5592836e-09 0.056627385 1.3560318e-09 4.3365886e-05 0.00048666485 1.4894013e-08
0.9474092 0.05476136 0.0035030714 0.0002053464 0.0054103243 0.0051431153 0.12326015 0.05912616 0.052680958 0.004049546 0.018781506 0.0022860589 0.7977732 0.06384228 2.6614522e-12 0.0018394585 0.9980626 0.7069962 0.04051287 0.8806497 0.037892442 0.009518958 0.0059485743 0.03750741 0.07742264 0.1380932 0.0077620037 2.6579915e-05 0.4940404 0.0007205769 0.00039854294 0.50934047 0.006712075 0.009184718 0.28972697 0.00638813 0.26541114 0.0037242926 0.07165069 0.1667447 0.00027073224 0.0006438904 0.0004508275 0.0017166908 0.0005989849 1.5514621e-07 0.0068049035 3.891297e-06 8.980738e-05 9.450417e-05 0.00035600725 0.0001265707 0.0002557445 0.0008168201 7.687154e-06 7.516944e-07 1.3951073e-06 1.1331379e-05 5.1061384e-06 5.1912743e-06 1.4176212e-05 5.69137e-05 3.1180068e-07 0.02413211 0.0011486353 5.3486306e-06 8.905607e-05 2.119065e-05 8.380049e-05 2.0232739e-07 4.1381165e-05 0.17383863 0.00017822556 9.426868e-05 2.2934123e-06 0.00024818355 1.6938856e-06 1.9695126e-07 0.00260478 4.0215223e-06 6.077931e-08 8.058815e-05 8.282328e-06 1.7414528e-06 2.639998e-10 5.141862e-07 0.00012664436 8.300775e-10 2.487584e-06 0.0001304864 0.009005408 3.4468553e-07 1.5149459e-07 1.3525977e-07 6.8318684e-08 1.2840626e-07 0.0034210612 1.0800899e-06 1.187447e-09 5.5264926e-10 1.0180357e-05
0.9622503 0.09617548 0.6645512 0.76171696 0.48957667 0.66782933 0.029583145 0.019928576 0.05486319 0.4912327 0.28289866 0.9519464 0.008478577 0.04348927 0.0018394585 1.3435039e-10 0.00010065884 0.0006507062 0.002098714 0.00031085312 0.01672838 0.00023958548 0.9330594 8.71792e-05 4.3606115e-06 6.9179864e-06 1.6141657e-05 0.0005228206 7.0720496e-05 0.8685881 0.002869762 1.05162556e-07 8.553244e-06 0.00033624689 1.1131275e-06 1.4855727e-06 4.2498748e-08 1.316933e-06 1.5790442e-07 3.0941123e-08 2.2996794e-05 0.02207965 2.8423014e-07 1.2442286e-05 6.743044e-07 0.9499134 2.31566e-08 0.3111658 0.80953276 0.00022469444 6.2812326e-08 1.7971985e-06 2.4727183e-06 0.003388529 1.9947326e-07 1.6080061e-07 0.008203573 4.648396e-07 1.9407561e-07 1.1395263e-07 3.101954e-08 8.132535e-08 1.3415766e-07 0.49514017 0.4462477 2.6656439e-08 3.993946e-06 9.9260005e-09 0.07103636 0.00084517786 0.06230081 0.13885216 0.069007635 0.028348021 0.007964279 1.0515839e-06 1.6961769e-07 5.5474595e-07 0.1567723 4.0754566e-07 6.420922e-08 0.059927747 1.6214857e-08 0.0016455284 5.3794893e-09 3.6167955e-09 0.14016007 8.780063e-11 5.8423217e-09 4.8097615e-09 0.15373419 0.00053804496 1.0922252e-07 9.160796e-08 7.769009e-07 4.601837e-10 0.008343977 1.2634456e-08 6.499498e-06 3.875526e-05 2.3080226e-08
0.8022212 0.010072737 0.00032931258 3.5690522e-05 0.0018464272 0.00037841662 0.04834093 0.036743194 0.02722243 0.0008287665 0.0033787533 0.00017071693 0.85327864 0.041906178 0.9980626 0.00010065884 4.3381642e-11 0.5883594 0.03384617 0.9482954 0.022187004 0.016582258 0.0009895687 0.05163493 0.26849222 0.3971877 0.010479465 1.990256e-05 0.5499297 5.398035e-06 0.00084518356 0.2346549 0.012619567 0.021225486 0.08147147 0.0141729275 0.32557997 0.008730127 0.040608607 0.104269065 0.00033686633 3.2225576e-06 0.0010238065 0.006368874 0.0010969891 1.6533147e-07 0.0005786805 1.0160377e-05 8.146597e-05 0.00040586162 0.00021100219 9.266153e-05 4.848352e-06 0.0010256945 1.6360387e-06 2.0881596e-06 1.2663686e-06 3.48053e-06 8.301616e-06 8.585598e-06 1.22768915e-05 3.684661e-05 9.117153e-07 0.0033254714 0.00081411266 2.1416743e-06 0.00015426711 1.6903587e-05 5.2740575e-07 1.3285985e-07 4.199045e-06 0.038613632 3.8590745e-08 1.0794201e-07 4.8527585e-07 5.0927283e-05 7.092118e-08 3.570812e-07 0.00020073996 8.474311e-07 2.4234003e-08 0.0006543147 7.805305e-08 6.3079033e-06 7.1567935e-10 6.536567e-09 1.9306361e-07 2.7817748e-10 1.5438122e-09 3.679864e-07 0.0026067581 3.6929573e-10 2.657981e-09 3.604884e-11 3.2791136e-10 1.6461739e-10 0.0051778136 3.6830303e-11 3.4118658e-10 2.4608426e-10 8.5297717e-07
0.98810655 0.0012104432 0.0015297786 0.0002884363 0.00040086088 0.0003926581 0.008781326 0.026053455 0.05570252 0.008637083 0.019464267 0.00094185513 0.9805666 0.32483426 0.7069962 0.0006507062 0.5883594 4.700523e-12 0.44441313 0.8774663 0.22670853 0.6620514 0.0073972167 0.6522976 0.812408 0.74355197 0.31172127 0.011154507 0.5172405 0.00015877975 0.013841319 0.05631779 0.15619387 0.11896896 0.0053300657 0.08628079 0.06546515 0.039316803 0.023689052 0.009369517 0.017344223 0.00033078154 0.0020451373 0.0517469 0.01021766 7.217216e-05 1.2784784e-05 2.8797635e-05 0.0035168438 0.006268343 0.0021986868 0.004169206 0.00030915055 0.082752675 6.5225315e-05 0.00054498494 0.001012864 0.00017777046 0.00052715215 0.000355137 9.5627256e-05 0.00011056962 3.8073808e-06 0.112545855 0.017993795 5.221778e-07 0.0008384131 1.7735271e-06 0.0001819308 3.0084086e-05 0.000111166475 0.39668378 0.0003063594 8.204687e-06 0.00095095165 0.00025821629 1.8312868e-07 1.6572034e-06 0.0070757335 9.90523e-06 4.8754555e-07 0.003808347 1.6016828e-06 0.001343487 1.18717864e-07 4.498705e-08 0.00057163707 2.3226933e-08 5.0475737e-08 1.05603e-06 0.027531505 1.2432102e-06 8.338448e-06 4.677333e-08 1.6615482e-07 1.2411134e-08 0.050753564 2.329699e-08 6.972141e-07 6.883653e-06 4.7713687e-08
0.9650768 7.512523e-05 0.0073949136 0.00061099365 0.00011058618 0.0012040603 0.003619821 0.017320182 0.1928395 0.057584148 0.22252424 0.0016810724 0.68940413 0.94955224 0.04051287 0.002098714 0.03384617 0.44441313 1.4407919e-14 0.07742199 0.9469025 0.9432476 0.0028030367 0.4767399 0.2434578 0.10524078 0.31276697 0.9314407 0.09883117 1.1031173e-05 0.51280123 0.002119982 0.089265764 0.47970548 0.00014627115 0.04202478 0.0037376056 0.014720897 0.0038472996 0.00031280934 0.22917591 3.920953e-06 0.0021752517 0.06555023 0.019112745 0.00051231764 1.0624373e-08 9.211621e-05 0.043337066 0.4118809 0.000455332 0.027335122 0.002493017 0.15646385 0.002260598 0.0017800806 0.03286886 0.0006729749 0.0005854074 0.00085140666 0.00047480926 0.00028547068 9.5512965e-05 0.06950041 0.016183252 5.7814896e-06 0.0004631992 1.4558517e-06 0.00026405626 0.008633883 0.0001588273 0.3536469 0.00020383409 9.54881e-07 0.016538227 0.0001844732 9.3573436e-07 2.0398838e-05 0.0012651398 1.7332952e-05 1.4146757e-05 0.030246263 1.1190205e-07 0.009987753 1.7126989e-06 1.0548055e-07 0.00034430265 4.244342e-08 1.2013504e-09 7.5068957e-10 0.009164101 5.924568e-08 2.399979e-05 2.335122e-08 4.6164882e-06 6.5358563e-09 0.07793779 3.4721978e-10 0.00019463511 0.0005487763 6.114628e-08
0.9523753 0.0014736269 0.00038272925 1.8713741e-05 0.0001276592 3.859485e-05 0.007627034 0.01230171 0.0044815904 0.0007348395 0.0029133048 0.00012361901 0.86954504 0.059197288 0.8806497 0.00031085312 0.9482954 0.8774663 0.07742199 2.9167107e-13 0.065720625 0.044762775 0.0011005776 0.2430743 0.8612538 0.9028845 0.04658533 0.0007784599 0.9021334 1.5384143e-05 0.003593952 0.6487983 0.07510353 0.05099985 0.21940812 0.05495762 0.6434891 0.034136314 0.10969613 0.124869294 0.0034973533 2.3424771e-05 0.0019238085 0.017866064 0.0039800927 3.1194613e-05 0.0013159878 4.160575e-06 0.0006132288 0.0016843815 0.0016677413 0.0019861502 0.00011761995 0.009456831 1.4099065e-05 9.947788e-05 3.2128013e-05 2.4897377e-05 0.00023227556 6.389765e-05 6.7894915e-05 0.00012686364 1.7865746e-06 0.008122747 0.0023201497 1.0748997e-06 0.00064862624 1.6978626e-06 7.508276e-05 1.6333511e-06 6.1588257e-06 0.16286786 1.3699561e-05 7.1585794e-07 1.7266282e-05 8.54622e-05 4.2348026e-07 1.0938571e-06 0.0013858767 8.822372e-06 1.9590952e-07 0.0017937555 3.7900536e-06 8.985415e-05 2.3487114e-07 2.6565179e-08 9.864365e-06 2.8212867e-08 5.898646e-08 2.3163328e-05 0.005494681 5.672734e-09 5.1526975e-08 8.469492e-08 4.510312e-08 8.8071594e-09 0.007819193 8.180529e-08 7.3283474e-07 1.1482819e-07 5.2491973e-08
0.9912613 0.00070636877 0.022634925 0.0024145918 0.00071687385 0.015472277 0.014150719 0.02855151 0.3000036 0.20384245 0.6324181 0.025069337 0.21553068 0.9596526 0.037892442 0.01672838 0.022187004 0.22670853 0.9469025 0.065720625 2.0552384e-12 0.68380123 0.012182974 0.31546608 0.16262053 0.08359886 0.17039984 0.6155845 0.07568668 0.00089970557 0.7937171 0.0011139066 0.10297941 0.45023867 8.422345e-05 0.036139004 0.0010804166 0.016474236 0.0011357499 0.00019058278 0.056280155 8.2921084e-05 0.0010696182 0.031046689 0.006334263 0.0021351129 5.98482e-08 0.00025961088 0.35354367 0.036011856 0.0001973976 0.024144402 0.0007877086 0.55073273 0.0049400846 0.0007198049 0.11724468 0.0006425639 0.0003193655 0.00015536573 0.00035334597 5.0668586e-05 2.3828083e-05 0.21100767 0.09503301 5.135773e-06 0.00031905502 2.7254754e-07 0.0004304514 0.008269985 0.0003855488 0.6136041 0.0005407562 3.2002084e-05 0.058403723 0.00020129957 5.638351e-07 1.9386678e-05 0.0057584257 4.0470866e-05 3.2809469e-06 0.1963663 2.1662974e-08 0.044136703 5.6809097e-07 9.949927e-08 0.0015250184 2.7516665e-08 1.8598042e-09 1.3070166e-09 0.039959658 5.651567e-07 1.1191538e-05 9.535697e-09 3.091072e-06 1.3531458e-09 0.14235908 3.7747494e-09 5.4128945e-05 0.0010811314 1.0047105e-08
0.98805463 1.3778095e-05 9.5854164e-05 8.154475e-06 1.8474162e-05 5.6047793e-05 0.0002408636 0.004876598 0.012981355 0.0040965076 0.020613724 0.000203052 0.564597 0.5659736 0.009518958 0.00023958548 0.016582258 0.6620514 0.9432476 0.044762775 0.68380123 1.0476267e-16 0.0015094415 0.9591916 0.6255779 0.1681492 0.92111886 0.53880405 0.052891783 7.750756e-06 0.363389 0.0020754011 0.32021052 0.7018921 5.984241e-05 0.13578482 0.014820374 0.03499259 0.017457347 0.000463602 0.46217495 1.2134227e-06 0.0073491023 0.18622169 0.05606067 0.00010464878 3.6394056e-08 6.451022e-06 0.008964698 0.48500323 0.009321758 0.11653406 0.029933324 0.26738742 0.005279262 0.02241401 0.0125370445 0.0034506135 0.0067188414 0.02260105 0.0024454363 0.0020813295 0.0003686869 0.11585109 0.016714647 4.9510196e-05 0.006022521 1.612375e-05 0.00045169442 0.007302459 4.3670592e-05 0.43774587 0.00019510789 1.49649695e-05 0.009554031 0.00050345575 2.1261196e-05 0.00017175423 0.006397799 0.00025752795 0.00016663161 0.021750763 2.452989e-06 0.008495344 8.677736e-06 2.062012e-06 0.001108177 1.022807e-07 1.8289752e-08 9.099758e-08 0.028395379 2.6708898e-07 0.00019018188 1.0090378e-07 2.534878e-05 1.552889e-07 0.118181154 2.364893e-08 0.000116058334 0.00196669 2.2983198e-07
0.9968837 0.34369147 0.77656907 0.8144691 0.56100094 0.9410777 0.10583929 0.04014548 0.28217307 0.39848965 0.25221434 0.6223918 0.05562824 0.033630833 0.0059485743 0.9330594 0.0009895687 0.0073972167 0.0028030367 0.0011005776 0.012182974 0.0015094415 4.5891824e-09 0.0010036146 0.00018212713 0.00017807537 0.00022804529 0.00023303392 0.0010226346 0.14579324 0.0022320368 1.6632088e-06 9.557238e-05 9.229552e-05 1.1588359e-06 2.2072772e-05 4.644248e-07 1.4809848e-05 7.736783e-06 5.461157e-07 0.0001667316 0.0041791466 4.4647436e-06 7.0675765e-06 7.861514e-06 0.5815698 1.781359e-09 0.045233406 0.6161608 0.000109158114 2.4798183e-07 8.563748e-06 7.1664995e-06 0.0032850143 8.4876e-07 2.5033825e-07 0.0050367406 4.50844e-07 1.5258387e-06 1.1283753e-06 1.618267e-07 1.9476904e-07 1.02759525e-08 0.6967795 0.33914343 1.2288659e-06 1.0000328e-05 1.7758236e-08 0.02355745 4.5931756e-05 0.038398348 0.33173832 0.018030142 0.011138026 0.008528826 9.27698e-06 9.506101e-08 3.962551e-08 0.06405018 1.3207233e-07 1.4356856e-08 0.052142225 3.388889e-09 0.00029414622 7.2638735e-09 2.5282314e-09 0.044808533 2.619983e-10 2.1453925e-08 3.2987202e-08 0.19059777 8.1877064e-05 1.6449546e-08 8.798323e-10 1.1596124e-09 1.0464681e-09 0.014052024 5.725484e-10 6.198786e-07 4.6954788e-06 1.7370761e-09
0.9773775 1.188665e-05 7.657948e-05 1.0329749e-06 3.5704208e-05 1.0256788e-05 0.00013264029 0.0015649134 0.0032129819 0.0014796428 0.0027693817 4.450326e-05 0.49834287 0.1961893 0.03750741 8.71792e-05 0.05163493 0.6522976 0.4767399 0.2430743 0.31546608 0.9591916 0.0010036146 6.828258e-16 0.8860889 0.740037 0.9750992 0.096280366 0.44559306 2.4803767e-05 0.09035052 0.024379011 0.7475843 0.3899742 0.0012430629 0.50348544 0.08357512 0.347001 0.062059015 0.018160414 0.3067319 2.7289528e-07 0.052617427 0.16370058 0.18579543 9.507761e-06 0.00011764003 1.5300982e-06 0.0031552063 0.17891169 0.038321313 0.06373102 0.0034105328 0.18758906 0.009356345 0.024110539 0.0023793366 0.0010917389 0.005391396 0.0041259695 0.0040965816 0.003533431 0.00018846015 0.028841892 0.0066617243 5.4896127e-06 0.0018450858 3.9124014e-05 9.5864765e-05 0.0007623191 5.6988465e-06 0.2742538 6.257577e-05 3.0072292e-07 0.0027912941 0.00030491804 5.858279e-07 9.809737e-06 0.0026668494 3.5918034e-05 1.6832123e-06 0.0053991936 1.10532765e-05 0.0047092293 1.5160279e-06 8.424156e-08 0.00011670051 1.8937936e-08 5.920566e-09 3.948475e-07 0.009742862 2.0620277e-08 6.5789595e-06 1.3133946e-08 1.6637856e-07 1.590432e-09 0.04851823 3.796237e-09 2.684502e-06 9.564938e-06 9.496079e-08
0.94257694 1.3707041e-06 4.2566023e-07 3.1801754e-08 5.5823216e-07 1.7770145e-06 1.1311212e-05 0.0012670277 0.00014602361 8.133396e-06 3.5321103e-05 1.5166807e-05 0.7038012 0.07583902 0.07742264 4.3606115e-06 0.26849222 0.812408 0.2434578 0.8612538 0.16262053 0.6255779 0.00018212713 0.8860889 1.3996291e-17 0.9896715 0.7697883 0.003098074 0.2643555 5.540462e-06 0.008116071 0.07534458 0.8893935 0.17681485 0.0050228327 0.7939642 0.26812166 0.5848081 0.15092134 0.014837612 0.0593012 9.884127e-07 0.016090395 0.06236813 0.1236901 5.981682e-06 1.1516235e-05 9.0919684e-08 0.00071066926 0.017787443 0.018564204 0.021013878 0.0027613502 0.024952753 0.0005799982 0.0026772732 6.6147346e-05 0.0006211989 0.0007777149 0.0013999142 0.00018712913 0.00028486393 4.9440736e-05 0.00904218 0.00065624237 2.195485e-05 0.0021529747 1.2334927e-05 1.0391191e-05 2.0159763e-05 1.6066687e-06 0.21931587 7.649133e-06 5.375772e-07 0.00029142358 0.00035295408 1.6596787e-06 9.131768e-06 0.003007518 2.177897e-05 7.8718625e-07 0.0009955904 9.854479e-05 9.4800875e-05 1.2261143e-07 2.068906e-08 1.0527375e-05 4.960225e-09 1.435379e-08 9.600616e-06 0.002984059 1.2761364e-08 3.5275202e-06 2.766785e-09 7.3746506e-08 2.9668557e-09 0.010466131 1.4089379e-08 1.4687056e-07 3.4277798e-07 1.6339655e-09
0.9604646 5.1596317e-06 2.381862e-06 1.0739185e-07 2.3685225e-06 4.052812e-06 1.0498649e-05 0.00037326483 0.00034262266 0.00011898032 0.00036505726 4.244557e-06 0.61260843 0.033268075 0.1380932 6.9179864e-06 0.3971877 0.74355197 0.10524078 0.9028845 0.08359886 0.1681492 0.00017807537 0.740037 0.9896715 6.4088654e-13 0.4407541 0.0007333689 0.8238455 5.230558e-06 0.004303812 0.38918152 0.78119206 0.11343294 0.08710534 0.70376414 0.66017616 0.6370016 0.4819345 0.16123255 0.01832526 3.1536676e-06 0.021240512 0.04727495 0.07407921 2.4323497e-06 0.00081823085 3.946442e-07 0.00011040093 0.0024690318 0.032768458 0.004315361 0.00052910036 0.026299074 5.460288e-05 0.00211755 2.7522008e-05 0.00016772051 0.0005295483 0.00072182174 0.00012506891 0.0007568838 7.0035436e-05 0.00554107 0.00076546805 2.3600064e-06 0.00049441756 1.9506091e-05 1.1245675e-05 3.1230436e-06 2.7203014e-06 0.20147076 1.191715e-05 6.990254e-08 6.0100298e-05 0.0002392348 1.5977079e-07 9.563063e-07 0.0019771818 2.5539191e-05 2.0150573e-07 0.0005432124 6.6751716e-05 0.00023256858 1.318561e-07 1.7735623e-08 6.609554e-06 1.34612925e-08 1.0025723e-06 5.980613e-05 0.0026205496 4.6349123e-07 1.1414628e-06 6.283653e-08 5.6925177e-08 2.3177368e-08 0.00930703 1.2565847e-07 4.2142196e-07 8.7431395e-09 7.066204e-09
0.96835935 7.301232e-07 3.91059e-06 1.2675653e-07 5.023922e-06 1.3555854e-06 2.0857533e-06 0.00023145895 0.0002606692 0.00028052134 0.00044231495 3.897652e-06 0.11365603 0.08383292 0.0077620037 1.6141657e-05 0.010479465 0.31172127 0.31276697 0.04658533 0.17039984 0.92111886 0.00022804529 0.9750992 0.7697883 0.4407541 6.978402e-18 0.095620506 0.1277749 2.375295e-06 0.14365639 0.004178646 0.947491 0.47493476 9.059197e-05 0.65296537 0.04524527 0.3200403 0.0506491 0.006087663 0.5529732 1.03044915e-08 0.07077188 0.28757665 0.37802836 3.3631695e-06 2.381535e-06 4.493965e-07 0.0011483652 0.4004089 0.040964134 0.21305189 0.09241066 0.15890059 0.03313886 0.049778372 0.0042568916 0.0069122724 0.01798254 0.016812393 0.0071216566 0.0054426845 0.0019108378 0.016290506 0.0028735716 0.0002935751 0.015205644 0.00012428263 4.133817e-05 0.0029275871 1.2462515e-06 0.17038488 2.7672104e-05 7.043628e-08 0.004268042 0.0011392934 2.9548382e-05 0.00028170363 0.0021400421 0.00056726544 3.3862238e-05 0.008116705 0.0006458698 0.006970723 1.8011151e-05 6.751467e-07 0.00017062042 6.266409e-07 2.0330774e-08 1.7089463e-06 0.009164267 1.6085965e-09 0.0006010179 1.4784394e-08 1.9009464e-06 7.864377e-08 0.059490163 4.700172e-09 0.0006777268 0.00053102424 2.210066e-07
0.9142223 1.9198968e-07 1.783962e-05 4.3019363e-06 1.1167752e-07 2.124948e-05 3.2687294e-06 8.8294044e-05 0.0009474131 0.005286358 0.02280081 0.0003015085 0.016807662 0.48485237 2.6579915e-05 0.0005228206 1.990256e-05 0.011154507 0.9314407 0.0007784599 0.6155845 0.53880405 0.00023303392 0.096280366 0.003098074 0.0007333689 0.095620506 8.052128e-17 1.5711386e-05 1.2693006e-06 0.9333957 1.9424717e-06 0.009394466 0.9690545 2.2743475e-08 0.002611796 2.3580593e-05 0.00022332759 8.35891e-06 7.829086e-08 0.08569297 3.2429234e-08 5.8592068e-05 0.72789913 0.00090808567 0.00093753485 3.47781e-11 5.0273156e-06 0.09298023 0.90202665 1.681469e-05 0.023666983 0.047786072 0.6394082 0.00082940346 0.00062360207 0.55105436 0.0031601451 0.00042565787 0.0063171512 0.00018434307 0.000119655204 0.0017539577 0.012896867 0.0012335639 0.00050634774 0.089531444 2.3712016e-07 0.00016929733 0.37825567 1.36426515e-05 0.096380256 0.00017732041 4.160521e-07 0.22197099 0.0023769948 0.00056063436 0.0020562338 0.0005444613 0.0009851656 0.0010806057 0.21192881 2.951439e-07 0.069205165 0.00013720998 1.964756e-06 0.00017554125 5.645165e-06 9.695209e-10 8.780022e-09 0.001876864 6.7649557e-09 0.0010967683 1.6750517e-08 6.910248e-05 2.0053415e-07 0.06275893 4.4406216e-09 0.008233313 0.023202145 8.206405e-07
0.9644972 1.4772846e-05 4.6777577e-06 1.9756406e-08 4.1587045e-05 1.0494105e-05 4.8288955e-05 0.0009168209 2.7036107e-05 1.101928e-05 6.5418746e-05 1.6213553e-05 0.15257777 0.019829066 0.4940404 7.0720496e-05 0.5499297 0.5172405 0.09883117 0.9021334 0.07568668 0.052891783 0.0010226346 0.44559306 0.2643555 0.8238455 0.1277749 1.5711386e-05 2.448648e-12 3.240353e-05 0.0017084365 0.97841036 0.32023466 0.071155556 0.61072797 0.41699648 0.94713676 0.8317164 0.6509147 0.29384062 0.000271118 2.748542e-05 0.06486321 0.020096136 0.038983982 4.128075e-06 0.07045407 5.444314e-07 0.0005064093 0.00012187889 0.054235525 0.0020473523 0.0012617582 0.006324761 0.0003431409 0.00016224218 5.725703e-06 0.00016989122 2.394757e-05 2.8247208e-05 5.2120024e-05 8.5443375e-05 5.103042e-06 0.012207316 0.005016741 2.0714995e-05 0.00053046574 0.00026988695 0.00052914425 3.212481e-08 5.2407813e-05 0.29959917 2.1955602e-05 4.112479e-06 0.00012160142 0.00058908237 1.5547637e-05 2.3997216e-06 0.003821366 7.4267164e-06 2.053072e-08 0.0037705535 1.2451142e-05 2.4194505e-05 2.1484012e-09 7.2149453e-07 1.8585828e-05 5.297179e-09 1.9186946e-05 0.0025308758 0.004750178 1.7128173e-07 2.004402e-06 4.3683718e-07 8.96683e-09 6.630964e-08 0.0049998257 0.00018842817 6.098703e-09 1.43078696e-08 1.8591579e-06
0.9316282 0.16781421 0.0014743058 0.09394856 0.5290037 0.07564774 0.0055959914 0.0022635763 0.0034837713 0.014752286 0.00053370517 0.10186722 0.0030821324 0.0005736911 0.0007205769 0.8685881 5.398035e-06 0.00015877975 1.1031173e-05 1.5384143e-05 0.00089970557 7.750756e-06 0.14579324 2.4803767e-05 5.540462e-06 5.230558e-06 2.375295e-06 1.2693006e-06 3.240353e-05 5.1568705e-10 0.00012751123 2.0511902e-07 6.7588594e-06 1.4139116e-06 8.314966e-08 2.2993602e-06 6.17479e-07 4.6938e-06 1.6049872e-06 9.9085646e-08 4.5565583e-05 0.9912792 4.37319e-07 4.914284e-07 2.3054103e-07 0.21317668 2.099151e-08 0.98450685 0.1183793 3.6384114e-05 7.255057e-08 6.224531e-07 2.0306225e-06 0.0004742257 1.4295233e-07 2.682659e-08 0.0003548783 2.3717583e-07 3.3978824e-07 8.877335e-07 4.8205454e-08 7.627477e-08 5.457427e-08 0.27142665 0.32528508 1.759638e-06 8.690167e-06 9.056004e-08 0.04222558 2.8240365e-07 0.39898205 0.13091844 0.16948801 0.23500806 0.0013105504 1.5498229e-06 1.6820385e-07 1.041744e-06 0.1355679 1.292033e-06 6.285472e-07 0.014451851 2.556703e-08 1.3559675e-05 1.3335645e-07 4.83358e-09 0.34204978 8.760073e-11 4.5061745e-09 6.2447135e-08 0.38967305 0.033970468 9.201748e-10 1.6083096e-07 1.7778424e-09 1.3158539e-09 0.002602864 5.2537743e-08 4.5035154e-07 3.392286e-08 5.269209e-08
0.99554724 6.4966065e-05 0.0011450234 9.271102e-05 4.6701556e-05 0.00052577595 0.0006058956 0.0012774529 0.009956141 0.02452563 0.1381189 0.0042016837 0.012855011 0.3713388 0.00039854294 0.002869762 0.00084518356 0.013841319 0.51280123 0.003593952 0.7937171 0.363389 0.0022320368 0.09035052 0.008116071 0.004303812 0.14365639 0.9333957 0.0017084365 0.00012751123 8.091365e-15 1.5127277e-06 0.021842148 0.90609074 6.0472535e-06 0.0058249403 2.6174472e-05 0.0023111629 0.00013971966 1.8207687e-05 0.062250696 1.3238203e-05 0.000581893 0.36695206 0.0033718823 0.0018858046 1.1808818e-08 7.456108e-05 0.44436306 0.16190913 0.00010265552 0.03391887 0.01317567 0.86004555 0.0028831984 0.0009978474 0.6438563 0.003147984 0.000778307 0.002726383 0.0007655071 0.0003458693 0.0014136756 0.0887961 0.034005567 0.0007887704 0.017854609 8.09188e-06 0.00092818035 0.29924858 0.0001654721 0.5002684 0.0005749062 1.551844e-05 0.24992533 0.0011812937 0.00010476461 0.0007728848 0.002834726 0.001217517 0.00037471612 0.51847005 4.1334438e-08 0.13516335 3.1598287e-05 4.35889e-06 0.00085319526 2.5141144e-06 4.5910995e-09 5.075343e-10 0.015067801 5.736552e-08 0.0002075491 7.244797e-08 8.941716e-05 3.7859422e-08 0.24850644 4.7592055e-09 0.0015198176 0.0087173935 3.4264565e-07
