3.4969586e-12 0.97528327 0.9881575 0.7328533 0.35919827 0.9345477 0.14989464 0.5112841 0.76054215 0.9467402 0.9111062 0.84006894 0.78337806 0.8636869 0.9692382 0.75442064 0.77386236 0.93285024 0.9742364 0.98342484 0.94197035 0.9887581 0.959707 0.89218026 0.97120345 0.9331271 0.72998583 0.64699244 0.7353576 0.79996854 0.963729 0.1430315 0.90920633 0.9476355 0.90180147 0.91892767 0.70052207 0.39592478 0.8826016 0.39927804 0.92857695 0.0068238704 0.56454426 0.6907607 0.9642563 0.8744488 0.966838 0.072303675 0.6991689 0.95420676 0.882614 0.88999194 0.9413808 0.0126976445 0.74791557 0.60834205 0.6601198 0.008250491 0.003902878 0.27457833 0.35654676 0.16075775 0.0011330419 0.661593 0.56975406 0.5521674 0.3291495 0.10889207 0.97352046 0.8040549 0.91486114 0.920568 0.9787617 0.8023512 0.96327 0.0016484632 0.010301295 0.8969559 0.9472627 0.986756 0.86221254 0.9954889 0.17603754 0.0010497659 0.86769503 0.1873654 0.004847758 0.008241955 0.93782896 0.99848354 0.49582863 0.21621011 0.38456264 0.81263375 0.87108445 0.00040033483 0.99990124 0.07467922 0.9993826 0.99763155 0.9994094
0.97528327 2.0451991e-13 0.7355764 0.919527 0.88758147 0.93732095 0.197117 0.06141305 0.15865941 0.060210682 0.9257017 0.5082862 0.013994643 0.04544315 0.9523147 0.019613136 0.1372131 0.019898068 0.0012136913 0.7269161 0.1540488 0.03382703 0.0006273935 0.015836561 0.0075957133 0.20448889 0.01577198 3.703887e-05 0.31230778 0.00012475859 0.001980779 0.00051545585 0.00017396052 0.0012403629 0.0043531633 0.00014280458 7.9333795e-06 0.24626368 0.75443643 0.31443307 0.0031722973 0.012283194 0.024637468 0.0013152821 2.2890039e-05 0.0002249751 0.007607272 0.00031345466 0.0012450025 0.07205294 0.002805643 0.00042080713 4.123603e-05 0.0003614536 7.855555e-06 0.00038665163 1.0665494e-05 0.00075971073 6.957111e-05 0.009476801 0.000120942546 2.8718592e-05 5.1959127e-05 8.622371e-07 4.3809146e-06 3.7779154e-07 0.00053958944 9.217611e-06 3.8360017e-08 2.7801068e-06 2.3559633e-06 0.022782803 2.2553756e-07 9.473913e-07 0.00696186 6.941775e-05 1.5724097e-05 8.5308624e-05 0.0027411615 1.142059e-05 5.696515e-08 4.9875125e-06 6.114462e-09 4.2752274e-07 4.9684633e-05 3.9243702e-07 1.2636747e-06 0.0060100583 4.3736904e-07 0.00018136935 1.5199161e-08 1.1587929e-06 7.2335155e-08 0.0020353892 0.00086514396 1.3094626e-06 0.00028154085 3.8642947e-09 1.6127886e-05 0.00080972764 0.0011248776
0.9881575 0.7355764 1.3065703e-13 0.63285834 0.030098543 0.006704289 0.06844283 0.22659998 0.0023526605 0.9614416 0.910543 0.93358576 0.6172575 0.8957098 0.26275364 0.73601234 0.019489577 0.0001739451 0.0894583 0.6839703 0.0047994545 3.798059e-05 4.0837263e-06 0.00053720287 0.84635806 0.00059881865 0.54279155 0.0011984061 0.002154097 0.04021217 7.23155e-06 0.02081495 2.715588e-05 9.26685e-05 0.0034401775 0.05360674 0.000102024555 0.331351 0.0367394 0.03966659 3.6779222e-06 0.002147016 4.24867e-05 1.2823389e-06 0.0003199609 0.0682382 0.00275587 1.2082276e-06 1.0886748e-07 0.034212794 0.15138842 2.5484364e-06 2.3387225e-05 3.449432e-06 0.0019256799 0.03237945 0.00043780293 0.0055815396 0.0025206625 9.413586e-06 0.02638199 3.429297e-07 3.9608267e-07 4.514855e-07 8.459467e-06 0.00035017397 0.073021084 0.00012521057 1.6727587e-07 0.00036152682 3.9735028e-06 0.02017187 0.000121239325 2.168887e-07 0.078159876 5.1188465e-07 6.000574e-07 0.010352211 0.0021079492 0.00013355863 5.469191e-08 0.0015997953 2.8773815e-08 1.6239921e-05 0.00011630975 3.6460705e-07 7.428346e-06 0.0009151328 4.8627626e-06 0.00018190304 1.0076397e-07 7.268853e-06 4.5409496e-07 0.0029903022 0.0011303028 2.4492897e-07 0.0035752798 4.6001826e-08 1.73038e-05 0.00067281164 0.0021363106
0.7328533 0.919527 0.63285834 2.24201e-12 0.9911231 0.06083395 0.99597627 0.64927274 0.09290329 0.064592846 0.2536543 0.059999283 0.0043620113 0.12769873 0.3723334 0.002644291 0.06529468 0.001936649 0.0057395324 0.7288372 0.003225267 0.0017628034 0.00020645288 0.00078637555 0.036439434 0.0030562344 0.009043203 0.000470028 0.009966823 0.00039569812 0.00018308354 0.0009180068 0.00012251332 0.0001292219 0.0012047753 0.013863566 0.0020157292 0.023435902 0.045703534 0.01363769 0.00015627845 0.0006714399 0.0015866162 0.00014906493 0.001303486 0.0024664972 0.0023734327 0.00018068518 4.8206446e-05 0.031532582 0.0016277734 0.00017521744 3.2551987e-05 0.00013817856 0.0026743782 0.0009174008 0.0017440416 0.00015725457 1.7280434e-05 0.00023715649 0.00015004519 1.9355565e-07 3.1443864e-07 1.6550002e-06 4.543703e-06 2.7502621e-05 0.00030607378 5.987678e-05 7.5298374e-07 0.00033964036 3.70726e-06 0.0163802 0.00010549289 1.8340798e-07 0.0055539976 8.270725e-06 7.70147e-06 0.00043960445 0.0018081034 0.00019012041 2.928722e-07 0.00017608097 3.500873e-10 5.865756e-06 2.1548323e-05 1.2953572e-05 2.4885364e-07 0.00030449667 2.738385e-05 3.147774e-05 1.2492728e-10 4.7464235e-07 1.8019147e-06 0.00065569585 6.952939e-05 1.6066533e-08 0.0003970302 2.306896e-08 1.965728e-05 0.0002377854 0.0005415832
0.35919827 0.88758147 0.030098543 0.9911231 1.3439305e-12 0.9753229 0.89502835 0.13481328 0.95518154 0.0010261706 0.0684984 0.006323027 0.0004224431 0.010533195 0.17595829 0.0005143829 0.7163409 0.03234627 7.839349e-05 0.73016036 0.23747475 0.0034379323 0.0010803114 0.0324051 0.0022284626 0.01640986 0.0005598904 4.3827745e-06 0.019896457 2.028096e-05 0.0013818922 3.689711e-05 0.0012492378 0.0010345993 0.0110393455 0.00025005708 6.1443234e-06 0.0025158043 0.05614042 0.0077974154 0.00027908335 0.00019408755 0.0022541094 0.00016453676 7.943213e-06 0.00031414058 0.005609323 0.000204692 0.00012488417 0.053104326 0.0010000361 0.00010988602 0.00012503265 0.00015654844 2.8288321e-05 0.00033985925 2.320217e-05 5.4059143e-05 2.1544759e-06 0.00013217685 2.5648784e-05 6.90672e-06 1.2187558e-05 0.0001317227 3.035519e-05 4.7351323e-06 2.4404762e-05 2.4935918e-05 1.3586202e-06 5.772779e-06 0.0002022137 0.009079216 4.3028695e-07 2.6525931e-05 0.0014661107 1.6395585e-05 1.7286713e-05 0.00018956476 0.0024292315 9.75697e-07 3.0030494e-06 2.3467972e-05 3.393587e-08 1.2379618e-08 0.00021497882 3.5257796e-07 1.5509504e-07 0.0010580397 1.876379e-06 8.2727965e-05 4.681479e-10 7.779106e-07 1.1173969e-06 0.0008123029 0.0005069517 9.301381e-07 0.00010138769 1.4731628e-10 5.410087e-05 0.00020459479 0.0004148588
0.9345477 0.93732095 0.006704289 0.06083395 0.9753229 6.187991e-12 0.034881566 0.0009579897 0.98731565 4.0046772e-05 0.08206672 0.012164609 0.000113214475 0.0006860607 0.66492707 0.00032193906 0.42560226 0.85706174 1.532369e-06 0.12442777 0.6384114 0.5814775 0.25906718 0.30722547 6.173248e-05 0.8331905 0.0004418112 6.728648e-07 0.56676656 1.2658808e-06 0.0747247 5.984564e-06 0.020301618 0.016854694 0.092683166 3.9127126e-06 2.6092772e-07 0.0020340988 0.75713116 0.035517603 0.04981344 0.00059911027 0.11906571 0.009066859 3.0120458e-07 1.6186703e-05 0.10023714 0.0027615386 0.015256745 0.084817015 0.00032621867 0.008462618 0.0007502667 0.00059736817 3.823369e-06 5.6340188e-05 1.1492399e-06 0.00012182254 1.4940655e-05 0.00735488 1.2789113e-05 0.00038457054 4.2248877e-05 5.502557e-05 0.00014273882 9.702027e-08 2.2534281e-05 3.2301175e-06 4.826347e-06 1.4327328e-06 0.00029880772 0.012459232 7.5601996e-08 0.000119703946 0.0010451672 0.00028578722 0.00067733164 1.1873915e-05 0.008197559 4.025974e-06 2.9795601e-06 1.0246293e-06 9.635544e-08 1.5485433e-08 0.00037457407 4.0049824e-07 2.7170333e-07 0.00018952861 4.8957185e-07 0.00037431484 4.6746756e-08 1.8265828e-05 2.8446077e-06 0.0014209849 0.0008332566 2.9088512e-06 7.072023e-05 9.971479e-10 0.000244603 0.0026406583 0.0006776922
0.14989464 0.197117 0.06844283 0.99597627 0.89502835 0.034881566 2.3137588e-14 0.99957883 0.16866162 0.0036409975 0.032579865 0.00932672 0.00060905056 0.22809882 0.04088237 0.00086677575 0.227016 0.0005644824 0.0001164073 0.54138154 0.0035699955 0.00038490482 3.9403123e-05 0.00034022896 0.008552808 0.003187182 0.0004937506 1.7171697e-05 0.005447696 1.5442778e-05 2.818212e-05 1.7754808e-05 1.7897184e-05 5.836058e-05 0.00090575556 0.00031831284 2.1266915e-05 0.001917642 0.0054652267 0.0013128157 1.1357886e-05 0.00020734336 9.331875e-05 3.227308e-05 9.735046e-05 0.00023208137 0.0015921533 1.2241362e-05 3.8666616e-07 0.028561203 0.001714921 5.122878e-06 8.437294e-06 1.0515589e-06 2.077621e-05 0.00026490598 2.092297e-05 9.3520675e-06 1.9690685e-06 7.1148065e-06 2.351107e-05 1.7132967e-08 5.4745037e-08 4.0079567e-06 8.963295e-06 2.2860183e-06 1.6799794e-06 1.1355282e-06 3.2975896e-07 1.7701823e-05 1.7757653e-05 0.009155911 3.2032206e-06 2.9558413e-07 0.0029416785 1.4116399e-06 2.0541687e-08 0.00024081997 0.00064828084 2.4969247e-06 4.825007e-08 3.66506e-05 3.282438e-09 2.5367086e-09 1.1577251e-05 3.49525e-07 3.8930206e-09 8.949727e-05 3.809887e-06 1.3533256e-05 1.4712198e-10 5.9539507e-09 3.3469117e-08 0.00036306158 6.2568186e-05 1.7473885e-08 0.00019684133 6.0786787e-10 4.773317e-06 2.6126092e-05 0.00028378694
0.5112841 0.06141305 0.22659998 0.64927274 0.13481328 0.0009579897 0.99957883 5.1760364e-14 0.01038765 0.019581541 0.07074736 0.03233129 0.0022184476 0.9940546 0.057194423 0.00192186 0.19709994 0.000121905985 0.0006826623 0.90029657 0.0031512866 0.00012266015 2.5163404e-06 0.000100426805 0.1389468 0.00014839544 0.0019509284 6.6317385e-05 0.0009234968 6.9664493e-06 1.3679669e-06 7.382332e-05 2.460594e-06 4.0457644e-06 0.0015240196 0.010897828 0.00011419781 0.00355148 0.0026686927 0.001401044 1.343613e-06 0.00015463815 8.552465e-07 6.875609e-06 0.00016924099 0.0049425517 0.00197561 7.363059e-07 1.8599657e-07 0.13274612 0.0482205 4.574289e-06 1.8979993e-06 3.4496605e-07 0.000522286 0.0072147152 0.00035809889 7.801309e-06 5.118503e-06 5.3172687e-07 2.1500948e-05 2.4116833e-08 7.6426e-10 5.1166573e-08 4.4478904e-07 1.2816206e-05 8.2148534e-07 4.620309e-05 6.461945e-08 0.00011502828 5.725517e-06 0.069579795 3.7478116e-05 7.748627e-08 0.08860082 2.3161557e-07 3.471672e-06 0.0044347863 0.0015490147 5.6632918e-05 1.6277543e-08 0.00041312832 1.7645321e-09 1.2768936e-08 2.3429664e-05 3.895946e-06 8.59358e-09 2.1460466e-05 1.9335741e-06 2.144553e-07 3.3323008e-11 1.8503906e-07 5.9576992e-09 0.0015306156 4.8209487e-05 1.8242298e-08 0.0018912996 5.307004e-11 1.029382e-05 8.297614e-05 0.0019036762
0.76054215 0.15865941 0.0023526605 0.09290329 0.95518154 0.98731565 0.16866162 0.01038765 1.9928054e-10 2.5954167e-05 0.012399843 0.0014523696 1.0686876e-05 0.0073324796 0.110849604 2.036758e-05 0.9883442 0.68253624 1.0847796e-06 0.69838595 0.7811393 0.07432315 0.009833685 0.63106054 0.00034290718 0.1374115 1.44702135e-05 4.903503e-07 0.07886076 4.5016085e-07 0.0015896976 8.9943654e-07 0.014000723 0.033590794 0.30152288 1.1483925e-05 4.024904e-07 0.0005641872 0.100744955 0.007408427 0.003634699 0.00053311157 0.007650419 0.0010603807 1.1023752e-06 5.1002906e-05 0.25160566 0.00027720982 0.00028503867 0.41275483 0.0017403498 0.0005465737 0.0007401598 3.3240172e-05 5.1586326e-06 0.00010547619 1.6581521e-06 4.6870055e-06 1.917204e-05 0.00092190667 1.4727677e-07 3.7337181e-06 1.7718457e-05 1.5537944e-05 2.1716147e-05 2.2904187e-07 7.1287667e-07 9.972475e-07 9.590142e-07 2.1531469e-06 0.0003205904 0.06493322 3.702181e-07 1.7824776e-05 0.0031988204 0.00030456117 9.174585e-06 0.00015339146 0.05389329 2.6362723e-06 2.878529e-06 6.051765e-06 1.5786416e-06 1.5507633e-08 0.0036418363 3.08201e-07 6.115421e-08 0.00049138255 2.0678479e-07 0.0032003385 5.4191513e-08 2.3835685e-06 1.8548428e-07 0.009134783 0.006569393 6.5037233e-07 0.00024487538 6.4178296e-10 0.001001772 0.009918963 0.0046426635
0.9467402 0.060210682 0.9614416 0.064592846 0.0010261706 4.0046772e-05 0.0036409975 0.019581541 2.5954167e-05 2.2752366e-12 0.07301789 0.3374874 0.9929395 0.6725633 0.00837421 0.6259287 0.00084901514 1.8613498e-05 0.9478303 0.11258457 0.00013709134 4.946927e-07 1.5485192e-07 7.0604656e-05 0.89549583 2.056068e-06 0.37111935 0.06027181 4.5783025e-05 0.2868805 4.4322908e-07 0.12752938 9.383577e-06 1.0489002e-05 0.00053445034 0.5647536 0.010770732 0.044612188 0.0011986205 0.0004795639 2.8767025e-07 4.9307295e-05 7.451849e-07 2.387257e-07 0.0067388075 0.25634632 0.00053027837 1.718462e-07 8.83674e-09 0.011272311 0.2667263 2.1932436e-07 6.3151992e-06 5.9213935e-08 0.034464657 0.093184486 0.0029900856 0.0006715379 0.00037863664 7.38953e-07 0.15603535 3.778793e-08 8.896319e-09 1.0781155e-07 2.3966088e-06 0.0068324823 0.061315887 0.002662527 8.3244075e-08 0.003681388 5.1594714e-07 0.008664465 0.0010873848 9.6606264e-08 0.09168525 5.485674e-09 5.3039383e-07 0.0493398 0.0020627547 0.0010543532 9.7748384e-08 0.019958628 1.1312996e-08 9.8992954e-05 0.00018365135 2.9421465e-06 2.394065e-05 9.891445e-05 2.030086e-06 0.00015432421 1.2910634e-08 1.1063844e-07 6.870312e-08 0.0023214878 0.0009840439 1.5057635e-07 0.010722853 4.1669203e-08 1.1218938e-05 0.0004303812 0.0017565414
0.9111062 0.9257017 0.910543 0.2536543 0.0684984 0.08206672 0.032579865 0.07074736 0.012399843 0.07301789 1.9547844e-16 0.9978215 0.046082325 0.17692567 0.7625718 0.1707882 0.018372666 0.004735471 9.504756e-05 0.34437376 0.008171002 0.00075679255 0.00019735185 0.002400224 0.03662823 0.0020594073 0.17293783 2.781674e-06 0.026264586 8.160994e-06 0.00028698565 0.0006594513 0.0001044681 8.5044536e-05 0.001973674 0.00038331226 1.01561426e-07 0.9267615 0.35574764 0.53986216 1.3556325e-05 0.14806026 0.0006106293 2.3798197e-05 1.7170051e-06 0.00032875245 0.0020478757 1.5612539e-05 1.086565e-07 0.010857589 0.0047996584 6.127994e-07 3.8071958e-06 4.4207034e-05 3.805666e-05 0.00045155015 4.6748562e-07 0.109630175 0.0048366687 0.0013579624 8.180346e-05 4.0933242e-07 3.333064e-05 1.6302953e-07 3.024854e-06 4.4703075e-08 0.01034771 2.00403e-07 1.4176367e-08 2.5931492e-06 3.9467377e-06 0.007169463 5.0121275e-07 3.6424264e-08 0.005073542 6.456155e-06 2.750221e-06 7.127211e-05 0.0011826418 1.219875e-06 3.8215646e-08 3.929994e-06 5.1892492e-08 3.4440113e-08 4.285964e-05 7.3524596e-08 8.268811e-09 0.09504552 1.2998727e-07 0.00016609028 9.5280654e-08 9.427551e-07 1.39785605e-08 0.0036241233 0.0010057081 8.507458e-08 0.0001601182 3.1576984e-11 9.747927e-06 0.00032080818 0.0026056694
0.84006894 0.5082862 0.93358576 0.059999283 0.006323027 0.012164609 0.00932672 0.03233129 0.0014523696 0.3374874 0.9978215 1.3664104e-15 0.5240058 0.21817507 0.22902821 0.9661702 0.0024923417 2.3279392e-05 0.01877276 0.17595166 0.000621706 7.4487975e-06 1.0475102e-06 3.5760062e-05 0.11042882 6.3979755e-06 0.8977095 0.0016634511 0.0003754931 0.014355977 1.7453283e-06 0.22980745 2.185828e-06 3.5642747e-06 6.0359926e-05 0.0027241416 0.00031939353 0.8527285 0.034954105 0.18979982 9.193616e-08 0.048968267 1.213513e-06 7.035317e-08 0.00026437145 0.0019072732 0.0002284654 9.253096e-08 4.7708206e-09 0.0023444889 0.009711262 5.050807e-09 2.8056066e-08 3.283196e-07 0.00020202421 0.0011513184 0.00036301886 0.27276048 0.017383609 3.115528e-05 0.01820228 4.187186e-09 3.0492995e-06 3.269119e-08 2.2995191e-07 1.9252491e-05 0.29201773 0.00013294625 8.428422e-10 0.00013680637 1.086177e-08 0.001976734 0.00035153062 9.599603e-09 0.004948336 1.1365954e-06 1.5533763e-09 0.00073746586 0.0005111586 0.00015263322 2.2544142e-09 0.0008195746 2.308845e-09 9.3347853e-07 7.3361093e-07 2.7617778e-06 3.669221e-07 0.013288363 6.617508e-06 6.218729e-05 3.9324077e-10 4.6441992e-09 4.3717927e-09 0.0006472335 0.0001941105 5.2567916e-08 0.00058976817 1.7111054e-08 6.6631884e-07 0.00020381054 0.00064738194
0.78337806 0.013994643 0.6172575 0.0043620113 0.0004224431 0.000113214475 0.00060905056 0.0022184476 1.0686876e-05 0.9929395 0.046082325 0.5240058 3.5056653e-13 0.03566836 0.0019772195 0.9886525 0.00014728472 2.0678599e-05 0.8230812 0.006599175 3.90326e-05 3.8420924e-07 8.3519814e-07 3.3876648e-05 0.19422428 8.1427277e-07 0.57780737 0.36446592 0.00015144888 0.86316293 9.209101e-07 0.8359835 9.2923865e-06 8.488357e-06 3.11688e-05 0.06920806 0.006339659 0.047359526 0.0005230586 7.27845e-05 3.9247315e-08 8.3877414e-05 4.5265992e-07 8.8021307e-07 0.001476365 0.019818878 0.000146177 2.2826132e-08 5.5049285e-09 0.001207794 0.016733095 4.3785793e-08 2.699253e-06 4.5984724e-08 0.0055317776 0.006699247 0.0016184472 0.0033833352 0.0010495401 1.4473801e-07 0.34838474 6.2516707e-09 3.431018e-07 3.2725953e-07 2.2915134e-07 0.02609915 0.22165766 0.020967342 2.8337178e-08 0.0009590701 5.757585e-07 0.0014331387 0.00019797034 2.8424816e-08 0.0072416714 1.2518673e-07 2.7057528e-08 0.0047788788 0.00010647775 0.00015429256 1.5391609e-09 0.0029112843 7.246102e-10 0.00015585605 4.591667e-06 3.1039929e-06 2.9152948e-06 0.0002480631 5.7196557e-06 1.3076326e-05 2.3517708e-09 8.2195825e-08 7.799798e-08 0.00043422112 0.0001435968 2.5081835e-07 0.0043542595 5.8450556e-08 3.7401005e-08 0.00016033457 0.000289755
0.8636869 0.04544315 0.8957098 0.12769873 0.010533195 0.0006860607 0.22809882 0.9940546 0.0073324796 0.6725633 0.17692567 0.21817507 0.03566836 1.0838198e-12 0.04734487 0.044044584 0.403547 0.00011954058 0.11481739 0.9437068 0.0066009816 0.00020080908 2.475316e-06 0.000436493 0.9816883 0.0012704858 0.020609438 0.0010255416 0.0044344626 0.0023425412 6.3034986e-07 0.001743226 5.299242e-05 7.376582e-05 0.00742042 0.26656348 0.00094434386 0.014449034 0.0034469198 0.0031705962 5.2954583e-05 6.257845e-05 2.0142255e-05 0.00018518798 0.009360295 0.04375811 0.0062340135 6.087407e-07 3.0511159e-05 0.06471142 0.29934525 1.8529734e-06 7.147761e-05 6.517184e-07 0.0074411156 0.053212073 0.0013404448 5.8096914e-05 1.3964697e-05 4.171763e-06 0.00067903206 4.2865985e-08 1.7851864e-08 6.068742e-07 2.0908199e-06 0.00023631529 0.00022681744 0.0005791495 2.4322023e-07 0.0031393976 7.754045e-06 0.030981988 6.927669e-05 8.091849e-06 0.3103123 1.2644998e-07 3.8088967e-07 0.05345237 0.004265124 0.0017708179 1.3437662e-07 0.009409489 4.437811e-09 3.4906454e-06 7.364113e-05 8.8761635e-06 2.4621527e-06 0.00016113088 7.5446633e-06 1.619507e-05 3.0470941e-09 4.7034835e-08 3.3213237e-07 0.0044589783 0.000652307 4.192758e-08 0.018188173 3.1918292e-09 9.552522e-06 0.00039957903 0.0027274753
0.9692382 0.9523147 0.26275364 0.3723334 0.17595829 0.66492707 0.04088237 0.057194423 0.110849604 0.00837421 0.7625718 0.22902821 0.0019772195 0.04734487 3.3746426e-15 0.0029838926 0.050388575 0.040949762 5.2386076e-05 0.23547187 0.06014414 0.03984423 0.0013305787 0.017902136 0.01050949 0.05263728 0.028646031 1.5133193e-06 0.3149726 1.33867925e-05 0.00036677733 0.00017717858 0.00036595349 0.0011956447 0.0035498969 2.786088e-05 7.247322e-07 0.9134405 0.95976806 0.9748561 0.0001692936 0.44011995 0.08486587 0.00049185543 1.1165126e-06 6.336213e-05 0.0026491699 0.0008810332 2.714366e-05 0.0088281045 0.0016951333 0.0002999469 7.574994e-06 0.010928046 3.3405088e-06 0.00044377687 3.6976908e-06 0.08780752 0.0009929448 0.13503438 5.4475036e-05 1.9149216e-05 0.0018697625 9.02032e-06 7.5847274e-05 2.0335273e-08 0.0053932546 2.4402375e-06 2.5415662e-07 2.5380978e-05 2.655001e-06 0.015520337 4.6933816e-05 2.2921691e-07 0.004957164 0.003148999 3.0591313e-05 0.00055825536 0.008416204 2.7293956e-05 3.6832873e-07 0.00010565639 6.5988877e-07 2.1635134e-09 0.00020209089 1.202199e-06 3.3476653e-08 0.13014637 1.7815477e-05 0.00033960215 6.195902e-07 8.658589e-08 2.1809585e-07 0.017572619 0.008022332 1.3644282e-06 0.0004920881 4.8484643e-09 6.3003376e-05 0.0044180765 0.008285362
0.75442064 0.019613136 0.73601234 0.002644291 0.0005143829 0.00032193906 0.00086677575 0.00192186 2.036758e-05 0.6259287 0.1707882 0.9661702 0.9886525 0.044044584 0.0029838926 5.1940362e-14 7.9078294e-05 2.2853066e-05 0.27326846 0.008745859 1.2344235e-05 4.4238408e-07 4.1534247e-07 1.0910696e-05 0.09920892 1.7169134e-06 0.9819391 0.015743922 0.00021498332 0.34194234 2.7048059e-06 0.92407453 2.3728703e-06 1.7658377e-06 1.4798807e-05 0.015727436 0.0016374179 0.35410637 0.00060810393 0.0014740007 2.3453295e-07 0.0007564844 6.039375e-06 3.041958e-07 0.0009532425 0.003801603 7.5346106e-06 5.3746703e-07 3.2891958e-08 0.00092266256 0.00953905 3.9081647e-07 5.9789073e-07 1.1159805e-06 0.001034104 0.0032847119 0.002712535 0.070455655 0.007066249 1.616986e-06 0.26764748 3.2000221e-07 1.2171314e-06 5.8888514e-07 5.734788e-07 0.0013698913 0.3673265 0.004185211 2.3535264e-08 0.00043627224 7.223868e-07 0.0012321994 0.00012562668 2.5508337e-08 0.0036546658 5.069333e-07 6.289564e-08 0.002320608 3.3039203e-05 8.905684e-05 1.9622375e-08 0.0008408173 2.3773026e-08 0.0001401169 2.4752028e-06 4.1450303e-06 2.2523548e-06 0.0015903792 5.431973e-06 2.0156052e-05 5.4864904e-09 1.0728355e-07 1.1563734e-07 0.00037624405 0.00010100378 1.4295049e-06 0.0013306523 3.0541305e-08 5.6690272e-08 0.00012014885 0.00039691513
0.77386236 0.1372131 0.019489577 0.06529468 0.7163409 0.42560226 0.227016 0.19709994 0.9883442 0.00084901514 0.018372666 0.0024923417 0.00014728472 0.403547 0.050388575 7.9078294e-05 4.5543457e-13 0.15977672 3.358866e-05 0.94020563 0.9911534 0.017420253 0.00047463426 0.29955786 0.0557931 0.050074734 4.6583365e-05 3.4063734e-07 0.0225629 1.5003064e-07 0.00015210357 3.051967e-06 0.0014137971 0.0028295848 0.6599759 0.00067040557 5.1095645e-07 0.00068115006 0.033123646 0.00084458606 0.00090280146 1.6454122e-05 0.0013146261 8.153312e-05 1.3128144e-05 0.0006333501 0.4237062 2.2914413e-05 7.435458e-05 0.832836 0.023594271 8.494253e-06 0.00027610408 3.4650766e-06 7.246756e-05 0.0016975582 1.3385204e-06 1.2642346e-05 1.4779631e-06 8.451697e-05 1.3922789e-06 7.831711e-07 7.047707e-06 4.604911e-06 1.5804771e-05 5.6978628e-08 1.7168627e-06 8.877564e-07 4.6345764e-07 1.6908085e-05 6.587024e-05 0.22351031 6.3195876e-07 4.694971e-05 0.047065713 1.33515905e-05 8.979478e-07 0.0025071686 0.1408669 9.5925625e-06 4.129768e-06 0.00019394176 7.142996e-09 6.621598e-08 0.0021499922 1.5642516e-06 3.3473842e-08 0.00018385674 1.1074162e-06 0.00080014643 4.98711e-09 2.734481e-07 3.1560518e-07 0.027416687 0.013470215 8.6715644e-08 0.0037883483 9.738787e-09 0.0006358984 0.0192026 0.010816172
0.93285024 0.019898068 0.0001739451 0.001936649 0.03234627 0.85706174 0.0005644824 0.000121905985 0.68253624 1.8613498e-05 0.004735471 2.3279392e-05 2.0678599e-05 0.00011954058 0.040949762 2.2853066e-05 0.15977672 6.5415702e-12 6.7589264e-07 0.0012405462 0.41985375 0.8881849 0.97489756 0.97909755 1.8010755e-05 0.7686005 1.5717545e-05 2.4240163e-07 0.16905093 1.8776525e-07 0.76712674 2.140931e-06 0.8691538 0.44295678 0.18564473 2.4452088e-06 4.705962e-07 4.5210013e-06 0.06569982 0.0008441951 0.7135938 5.3934964e-06 0.20509551 0.097018175 1.9052134e-06 1.0331763e-05 0.05981784 0.014027428 0.3358734 0.011841113 0.00011798846 0.43200752 0.017251553 0.0017713474 1.0127201e-06 2.6624364e-05 2.5462558e-07 6.8994195e-06 5.1217376e-07 0.00075803965 3.408585e-06 0.042972017 0.000240197 0.0008659508 0.001023499 2.9549452e-09 5.667486e-06 3.3621384e-07 0.00097391225 5.0601795e-07 0.004792923 0.0041114795 1.0167675e-07 0.0007623282 0.000624269 8.874831e-05 0.0046300334 0.00010522482 0.010258155 6.2384197e-07 7.3527403e-06 3.0581846e-06 2.6109575e-07 5.657207e-09 0.003086281 1.4513263e-07 7.220779e-08 2.8869703e-05 1.7674628e-07 0.006299884 5.2336116e-08 1.9515617e-05 5.7810514e-05 0.0013511727 0.0022602587 1.2796829e-06 0.0006520507 3.0681706e-09 0.0049456917 0.018951688 0.0016214668
0.9742364 0.0012136913 0.0894583 0.0057395324 7.839349e-05 1.532369e-06 0.0001164073 0.0006826623 1.0847796e-06 0.9478303 9.504756e-05 0.01877276 0.8230812 0.11481739 5.2386076e-05 0.27326846 3.358866e-05 6.7589264e-07 2.6768752e-14 0.0036442368 3.9609795e-06 1.9910447e-08 1.6819575e-08 2.4529866e-06 0.77106297 3.854249e-08 0.13303061 0.9854756 5.8926554e-07 0.9072257 1.6467183e-07 0.44362697 7.427556e-07 1.6232389e-06 5.5674936e-05 0.92427456 0.87731314 0.0014603607 2.7755252e-05 6.5256017e-06 1.503573e-08 9.146899e-06 5.478128e-08 7.966233e-09 0.3525818 0.49350464 0.00010359246 2.8742388e-08 3.3575496e-09 0.001866827 0.1251505 5.5520526e-09 3.0350094e-07 7.439568e-08 0.30840278 0.1099095 0.16204552 5.1344137e-05 0.0001345738 3.290644e-07 0.52055013 3.1384108e-08 3.041382e-08 4.2484242e-08 6.0447485e-07 0.508753 0.0700832 0.41929954 5.2681433e-08 0.044465087 7.951327e-07 0.005586708 0.021247862 7.3594045e-08 0.03908102 8.393422e-09 4.3381647e-07 0.121852584 0.0011194256 0.017779013 1.9023773e-08 0.09044971 2.4464402e-08 0.002042292 5.651217e-05 1.3238405e-05 8.501843e-05 4.8447696e-06 9.3557155e-06 9.3994255e-05 7.946523e-08 1.5779777e-06 1.3631686e-07 0.0023599006 0.0008474042 1.0211833e-07 0.032721527 8.551425e-06 1.1368676e-06 0.00044484044 0.001455005
0.98342484 0.7269161 0.6839703 0.7288372 0.73016036 0.12442777 0.54138154 0.90029657 0.69838595 0.11258457 0.34437376 0.17595166 0.006599175 0.9437068 0.23547187 0.008745859 0.94020563 0.0012405462 0.0036442368 4.4016665e-11 0.24071316 0.003321763 8.694718e-06 0.009943085 0.6572437 0.022506103 0.002861622 3.429281e-05 0.026271036 1.8030587e-05 7.759861e-06 9.651818e-05 5.183564e-05 0.0002606523 0.12900652 0.007254878 1.1275647e-05 0.013820341 0.053615496 0.014406208 0.0002571956 0.0006324122 0.0010866865 6.3122396e-05 0.0001165278 0.012765072 0.14041394 1.9724224e-05 7.189658e-06 0.9549839 0.34127617 4.738014e-06 4.3391698e-05 5.3619584e-05 0.00013074638 0.033116236 1.4882905e-05 0.0002799815 0.00033749774 0.00018213096 0.00016079977 1.2417285e-05 1.7416845e-05 1.0083776e-06 1.9972722e-05 2.5500092e-06 0.0001267125 0.00029024755 2.2098038e-06 0.00016097301 1.4268742e-05 0.71811813 2.7702824e-06 2.4171512e-05 0.5858823 7.2546004e-06 2.1533235e-06 0.04703299 0.1806251 5.9302412e-05 3.055899e-06 0.003865995 5.239801e-09 2.106887e-06 0.0011281925 4.9725685e-07 6.888223e-06 0.0015469796 2.6802554e-06 0.0005819554 1.2096468e-08 2.3553822e-07 1.2650686e-06 0.11165909 0.019617517 8.4685115e-07 0.024039153 2.7641929e-07 0.00033792751 0.013109417 0.04512545
0.94197035 0.1540488 0.0047994545 0.003225267 0.23747475 0.6384114 0.0035699955 0.0031512866 0.7811393 0.00013709134 0.008171002 0.000621706 3.90326e-05 0.0066009816 0.06014414 1.2344235e-05 0.9911534 0.41985375 3.9609795e-06 0.24071316 8.837516e-09 0.15025598 0.009160946 0.9572501 0.0019132659 0.27632314 1.2694369e-05 7.217863e-07 0.0873415 1.07172504e-07 0.0027107184 5.8078444e-06 0.027576573 0.10714834 0.9594891 0.00012404687 5.954593e-07 2.6166384e-05 0.07083149 0.00080700987 0.00820931 5.8028476e-05 0.010554206 0.00045655554 8.679987e-06 0.0002253294 0.8528277 0.00018617004 0.0014502803 0.8276769 0.003914986 0.0008497361 0.0044232956 8.399373e-05 3.553392e-05 0.0006731068 2.6204407e-06 9.879033e-06 3.485471e-05 0.00038794716 1.1392857e-06 9.282187e-05 2.3081826e-05 5.2904204e-05 0.000724754 9.337292e-08 6.902473e-06 7.354817e-06 2.0796053e-05 1.0044112e-05 0.0010389814 0.22445412 1.4867421e-06 0.00053045 0.03667274 0.0003251955 2.7694467e-05 0.0014922799 0.38301933 4.7159338e-06 0.00011163393 0.00017765739 6.654184e-07 5.350445e-07 0.010431927 1.5437674e-06 2.3385776e-07 0.00043150052 2.725691e-07 0.008379219 3.469587e-08 1.5968533e-05 1.8563817e-06 0.052455798 0.03623977 5.8166015e-06 0.0026416066 1.5970961e-08 0.0057331044 0.094837256 0.021586327
0.9887581 0.03382703 3.798059e-05 0.0017628034 0.0034379323 0.5814775 0.00038490482 0.00012266015 0.07432315 4.946927e-07 0.00075679255 7.4487975e-06 3.8420924e-07 0.00020080908 0.03984423 4.4238408e-07 0.017420253 0.8881849 1.9910447e-08 0.003321763 0.15025598 4.107099e-13 0.8153717 0.5450085 4.5398585e-05 0.9758372 1.4248542e-06 9.44937e-09 0.6579482 1.7564943e-08 0.6132436 4.25058e-08 0.16514462 0.31936577 0.06316174 9.3782e-08 6.5395596e-09 5.473682e-05 0.52504575 0.0055257375 0.9378251 1.2894546e-05 0.84465057 0.5745159 3.5313708e-08 1.0436876e-05 0.029837506 0.3027084 0.40974712 0.0051359027 0.00022956422 0.780937 0.017776657 0.045064524 3.2843982e-07 0.00018426169 5.3269094e-08 5.0451195e-06 2.184219e-06 0.026953407 5.844641e-07 0.5840133 0.0047190343 0.00069343345 0.0011616376 1.6496512e-09 2.6331315e-06 1.2021222e-06 0.00052319595 1.6873784e-06 0.00058708474 0.003375164 8.8108067e-07 0.00011882202 0.00077245675 0.0027117194 0.010874117 0.00018616205 0.0033009155 1.2797415e-06 3.650423e-05 1.3766695e-05 2.1963092e-06 3.0155853e-08 0.00198703 2.0697577e-07 4.9824155e-08 0.00076215586 4.216081e-07 0.0017365896 8.517383e-07 7.3737756e-05 7.73502e-06 0.0014479987 0.0023501243 6.282745e-07 0.00016397347 2.9529861e-08 0.0007873155 0.0067699845 0.00060803146
0.959707 0.0006273935 4.0837263e-06 0.00020645288 0.0010803114 0.25906718 3.9403123e-05 2.5163404e-06 0.009833685 1.5485192e-07 0.00019735185 1.0475102e-06 8.3519814e-07 2.475316e-06 0.0013305787 4.1534247e-07 0.00047463426 0.97489756 1.6819575e-08 8.694718e-06 0.009160946 0.8153717 7.962043e-12 0.2844122 1.0345029e-06 0.34961972 1.1280708e-06 4.882935e-08 0.02288244 2.0323368e-08 0.9730962 9.669066e-07 0.9669162 0.7624733 0.038867068 2.5013208e-07 6.2721455e-08 4.882265e-08 0.007426501 7.4407646e-05 0.8227506 2.922454e-06 0.060799643 0.18550074 3.9490433e-07 1.4906179e-06 0.017867528 0.0077563464 0.80046517 0.0019743168 9.685198e-05 0.7162079 0.3513178 0.0005554328 3.70671e-07 1.8001518e-05 3.078943e-07 6.842533e-07 4.5940105e-06 0.00014278633 1.7111644e-06 0.116251014 0.0001761065 0.041432187 0.011042663 1.8769952e-09 4.2825827e-06 5.470467e-07 0.02927625 2.0563297e-07 0.2188379 0.0013546867 5.304927e-08 0.0048402627 0.00020652672 2.7718856e-05 0.033143565 3.74971e-05 0.00560668 7.537378e-08 5.7013443e-05 1.8655464e-06 3.396818e-06 4.159644e-09 0.02994529 3.7757434e-07 3.841581e-08 3.718488e-06 6.1461165e-08 0.034514196 2.661954e-07 0.002245128 0.00054141774 0.00061459444 0.0015705382 1.891872e-05 0.0002872729 1.7761681e-09 0.018087681 0.0119924825 0.0006511689
0.89218026 0.015836561 0.00053720287 0.00078637555 0.0324051 0.30722547 0.00034022896 0.000100426805 0.63106054 7.0604656e-05 0.002400224 3.5760062e-05 3.3876648e-05 0.000436493 0.017902136 1.0910696e-05 0.29955786 0.97909755 2.4529866e-06 0.009943085 0.9572501 0.5450085 0.2844122 1.3115227e-11 0.00013041662 0.46151096 1.1931683e-05 1.3673323e-07 0.084408484 6.637353e-08 0.05853003 2.617839e-07 0.8687694 0.9129501 0.9681998 7.5928224e-06 2.9550748e-07 1.1246796e-06 0.035372157 0.00034646323 0.14676924 6.4175674e-06 0.035005115 0.012099809 4.180079e-06 3.122137e-05 0.46286312 0.0013648077 0.0640376 0.11821581 0.0004996863 0.05276887 0.05971428 0.00031163258 4.7497e-06 0.00013188271 7.693486e-07 1.2344794e-06 1.320312e-06 0.0002084147 4.858616e-07 0.001831156 6.683949e-05 0.00020839203 0.0006197844 5.526443e-09 1.1019255e-06 3.1353627e-06 0.00037172082 9.0891734e-07 0.00412694 0.019146085 5.63436e-08 0.00078731845 0.0019117831 6.324176e-05 0.0003164888 0.00028061823 0.05190443 2.05652e-07 8.8811554e-05 8.523002e-06 5.137744e-07 3.9464605e-09 0.023915108 1.1383717e-07 2.657065e-08 5.999238e-06 1.5161427e-07 0.015741918 2.6843123e-08 5.4991915e-06 3.6067504e-06 0.005457287 0.007543535 2.9694106e-06 0.00048526493 4.5194817e-09 0.0081173135 0.04956549 0.0041524274
0.97120345 0.0075957133 0.84635806 0.036439434 0.0022284626 6.173248e-05 0.008552808 0.1389468 0.00034290718 0.89549583 0.03662823 0.11042882 0.19422428 0.9816883 0.01050949 0.09920892 0.0557931 1.8010755e-05 0.77106297 0.6572437 0.0019132659 4.5398585e-05 1.0345029e-06 0.00013041662 2.9679547e-12 0.00017379124 0.047531668 0.029141081 0.00057538913 0.07319998 1.2545236e-06 0.006863375 2.6307356e-05 6.4227315e-05 0.007065989 0.8943814 0.011647526 0.01655471 0.0040366156 0.0005786827 5.382372e-06 6.8000794e-05 2.920015e-05 1.827034e-05 0.047264874 0.92517287 0.005780098 1.7077001e-06 4.844407e-07 0.07740072 0.8432951 1.6951558e-06 5.8577767e-05 5.532552e-06 0.08458874 0.63842714 0.0038627072 0.000114523566 0.00010644903 6.7465076e-06 0.010289253 2.2934942e-07 4.375307e-08 1.2574347e-07 8.119914e-07 0.0018096826 0.003986165 0.001196813 2.513371e-08 0.011108488 5.9414297e-06 0.04516112 0.00027097142 5.5333544e-06 0.66689545 1.3568405e-07 7.378495e-07 0.52283484 0.0077943825 0.0061101844 1.0281507e-07 0.12041209 1.2787459e-08 5.0827766e-05 0.0002670927 4.7388276e-06 8.119288e-05 5.9460188e-05 1.7830725e-05 0.0001839769 7.075536e-09 4.072061e-07 8.4805485e-08 0.0076907543 0.0020758545 3.8890207e-07 0.083054334 2.5329834e-07 1.3378727e-05 0.0011310483 0.008536519
0.9331271 0.20448889 0.00059881865 0.0030562344 0.01640986 0.8331905 0.003187182 0.00014839544 0.1374115 2.056068e-06 0.0020594073 6.3979755e-06 8.1427277e-07 0.0012704858 0.05263728 1.7169134e-06 0.050074734 0.7686005 3.854249e-08 0.022506103 0.27632314 0.9758372 0.34961972 0.46151096 0.00017379124 2.0838125e-12 7.270038e-06 2.0218938e-08 0.9977183 6.243595e-08 0.19628346 1.4436813e-07 0.05081832 0.08900214 0.07135158 1.3454858e-05 2.5141143e-08 2.889441e-05 0.367767 0.006938777 0.042330876 2.3580524e-05 0.92629635 0.11083388 4.9805506e-09 2.3661216e-05 0.03748189 0.19498195 0.010774605 0.017094707 0.0011359745 0.050238654 0.0020476708 0.047655262 9.92878e-06 0.00023068259 1.8085505e-07 2.4787057e-06 1.8574602e-06 0.052836567 8.6000945e-08 0.01941732 0.002054127 0.00020656476 0.000870854 2.6005637e-08 1.2467311e-07 3.797939e-07 1.1060204e-05 7.0527094e-06 0.0015003403 0.008686182 4.1724377e-07 9.970384e-05 0.0018315742 0.0020977396 0.0018358037 0.00019801113 0.021666834 1.4143506e-05 3.9642204e-05 7.267505e-05 1.2125082e-05 6.478741e-08 0.003254041 1.3378241e-07 6.355537e-07 0.00031375643 5.97001e-08 0.005457594 1.8161771e-06 9.123538e-05 1.4487175e-06 0.0074838847 0.0092800865 5.9859335e-06 0.00024140932 6.5834995e-09 0.0019464903 0.017785754 0.002396872
0.72998583 0.01577198 0.54279155 0.009043203 0.0005598904 0.0004418112 0.0004937506 0.0019509284 1.44702135e-05 0.37111935 0.17293783 0.8977095 0.57780737 0.020609438 0.028646031 0.9819391 4.6583365e-05 1.5717545e-05 0.13303061 0.002861622 1.2694369e-05 1.4248542e-06 1.1280708e-06 1.1931683e-05 0.047531668 7.270038e-06 2.9880848e-12 0.008634213 0.0002970694 0.10292894 7.9637647e-07 0.92859834 4.3242467e-06 9.1816264e-07 3.9090273e-06 0.0014439396 0.0023544552 0.729923 0.0017890383 0.023687616 4.6821803e-08 0.039076675 1.0584515e-05 5.87779e-06 0.0008058139 0.0022811424 1.00675215e-05 1.3720186e-06 9.553237e-07 0.00018582202 0.0039135246 1.0208084e-05 8.8805285e-07 1.1874289e-05 9.1500624e-05 0.0010709914 0.0007713367 0.9592807 0.026748877 3.1720054e-05 0.7742519 3.066758e-07 7.352696e-05 2.2994358e-05 1.2791736e-05 0.001561184 0.96503884 0.022456443 6.85952e-07 0.00015189557 2.4858953e-06 0.00020094107 9.2966984e-05 5.441313e-09 0.0012830339 1.9195273e-05 9.730915e-07 0.00037630182 1.37981215e-05 0.00021259625 2.7319265e-07 6.301263e-05 3.1403913e-09 2.272237e-05 3.60385e-07 2.7537092e-06 1.4018437e-06 0.07502686 0.00018584046 1.1184902e-05 1.7939219e-07 2.5942782e-07 6.7114124e-06 0.00011314886 8.5098045e-06 2.0080352e-06 0.00030353267 4.2166155e-07 4.4916575e-08 4.602849e-05 5.7929832e-05
0.64699244 3.703887e-05 0.0011984061 0.000470028 4.3827745e-06 6.728648e-07 1.7171697e-05 6.6317385e-05 4.903503e-07 0.06027181 2.781674e-06 0.0016634511 0.36446592 0.0010255416 1.5133193e-06 0.015743922 3.4063734e-07 2.4240163e-07 0.9854756 3.429281e-05 7.217863e-07 9.44937e-09 4.882935e-08 1.3673323e-07 0.029141081 2.0218938e-08 0.008634213 4.5713203e-15 4.997637e-07 0.9816874 8.685567e-08 0.35779312 2.0101359e-07 2.986634e-07 1.3194687e-06 0.43750203 0.98934036 1.7406932e-05 1.0774407e-06 7.991423e-08 6.286646e-09 4.4875492e-07 2.593901e-08 1.6566267e-08 0.17683038 0.04985498 1.5989067e-06 1.19486305e-08 5.710575e-10 2.7147153e-05 0.0027303484 2.4903132e-08 7.204384e-07 4.194444e-09 0.10298377 0.0048714057 0.1975392 5.1640964e-06 1.1692437e-05 1.05089715e-08 0.4417296 1.5032768e-09 1.1483196e-08 8.0855585e-07 4.6371892e-07 0.92831874 0.024141261 0.7115175 4.096243e-08 0.007956801 7.3417846e-07 9.973483e-05 0.005186252 2.175274e-08 0.00089397933 2.5688975e-09 2.5266356e-09 0.010340203 1.0395829e-05 0.0023350357 2.2252626e-08 0.0045587556 1.8282286e-08 0.455649 1.0623614e-06 0.0008325369 0.005940773 4.0991097e-07 8.739652e-06 3.4421496e-06 1.2273742e-07 5.7555564e-08 6.131677e-07 8.847551e-05 3.136375e-05 1.4826811e-06 0.0029878851 8.4436084e-05 2.3527713e-09 2.4870087e-05 7.395728e-05
0.7353576 0.31230778 0.002154097 0.009966823 0.019896457 0.56676656 0.005447696 0.0009234968 0.07886076 4.5783025e-05 0.026264586 0.0003754931 0.00015144888 0.0044344626 0.3149726 0.00021498332 0.0225629 0.16905093 5.8926554e-07 0.026271036 0.0873415 0.6579482 0.02288244 0.084408484 0.00057538913 0.9977183 0.0002970694 4.997637e-07 2.1694365e-15 2.3057909e-07 0.008953758 2.0167154e-06 0.004228223 0.0035469562 0.010732543 9.135313e-06 7.9109657e-07 0.0013984975 0.94431245 0.08995171 0.007352394 0.0008054663 0.98856044 0.030808901 4.048634e-07 5.2079824e-05 0.006877121 0.123910524 0.0019839976 0.0048487545 0.0013452228 0.0273262 0.00018994097 0.09060729 1.6302223e-05 0.00020544353 6.39531e-06 0.0003288459 8.509297e-07 0.20389065 1.4638669e-06 0.0021499665 0.008348323 1.1576423e-05 5.826715e-05 4.2692356e-08 5.590641e-06 8.5916713e-07 1.2721315e-06 7.6972516e-05 1.26792565e-05 0.0025737328 1.0585574e-05 7.748065e-06 0.00072350784 0.030252982 0.00031025548 0.00017961705 0.006091377 6.9707353e-06 7.3398945e-07 1.7368611e-05 8.8716314e-07 1.7092667e-07 0.00025980826 2.0145972e-06 1.06156484e-07 0.00551962 3.579563e-06 0.00017292328 3.241129e-07 1.2784583e-06 1.1225408e-06 0.0016415901 0.0019585425 1.5067576e-07 0.00014145146 2.908513e-08 0.000107483 0.005608908 0.0008404901
0.79996854 0.00012475859 0.04021217 0.00039569812 2.028096e-05 1.2658808e-06 1.5442778e-05 6.9664493e-06 4.5016085e-07 0.2868805 8.160994e-06 0.014355977 0.86316293 0.0023425412 1.33867925e-05 0.34194234 1.5003064e-07 1.8776525e-07 0.9072257 1.8030587e-05 1.07172504e-07 1.7564943e-08 2.0323368e-08 6.637353e-08 0.07319998 6.243595e-08 0.10292894 0.9816874 2.3057909e-07 4.28271e-15 2.1533578e-08 0.9989334 7.484301e-08 4.398753e-08 2.0618752e-07 0.18347052 0.6914174 0.00020764116 1.470262e-06 1.5531069e-07 2.434872e-08 6.757921e-07 1.8575477e-07 9.761042e-10 0.030444197 0.0183252 1.113785e-06 1.8221112e-07 1.8253452e-10 1.4923226e-05 0.0058964277 7.853311e-09 4.1986965e-08 6.824992e-08 0.013305285 0.0066486117 0.1373337 0.0003665128 0.0002136552 6.679492e-08 0.5092791 3.998712e-09 6.271895e-08 5.125866e-07 1.4287274e-07 0.5497724 0.1666213 0.7275958 6.33518e-09 0.0021398095 1.4290067e-07 0.00013760218 0.0018005783 3.8761723e-09 0.0018648565 1.5552745e-08 1.5189764e-07 0.010842249 5.2939254e-06 0.0008566102 2.2793762e-08 0.0041945507 5.0367976e-10 0.038129035 8.5316753e-07 3.9830164e-05 0.00010975112 2.6966054e-06 2.3540933e-05 2.2004895e-06 8.42532e-10 2.179613e-07 1.6493618e-07 1.9265935e-05 1.6452741e-05 5.395587e-07 0.004514772 6.6451817e-06 9.523895e-10 4.8751835e-06 4.3937343e-06
0.963729 0.001980779 7.23155e-06 0.00018308354 0.0013818922 0.0747247 2.818212e-05 1.3679669e-06 0.0015896976 4.4322908e-07 0.00028698565 1.7453283e-06 9.209101e-07 6.3034986e-07 0.00036677733 2.7048059e-06 0.00015210357 0.76712674 1.6467183e-07 7.759861e-06 0.0027107184 0.6132436 0.9730962 0.05853003 1.2545236e-06 0.19628346 7.9637647e-07 8.685567e-08 0.008953758 2.1533578e-08 9.158519e-13 8.728186e-07 0.8193472 0.6380732 0.017700303 6.4906493e-07 6.7415584e-07 7.689412e-08 0.0035129522 0.00023902884 0.92393 6.357792e-07 0.028113013 0.30476353 5.4680885e-07 3.048706e-06 0.012801182 0.004728495 0.96601903 0.0011072331 0.0003174991 0.8291474 0.6991573 0.00071842846 8.9330814e-07 1.6819758e-05 1.6844793e-06 1.9175977e-06 4.503771e-06 7.474441e-05 2.5153256e-06 0.12515152 0.0002785654 0.69984186 0.35234907 1.6257803e-09 1.831141e-06 1.6213482e-06 0.38023686 1.8696481e-06 0.6740313 0.001501741 7.090695e-07 0.009500815 0.0002450104 0.00013331496 0.3579058 5.3662505e-05 0.0057128887 8.5472905e-08 0.00016538124 1.8354593e-06 2.1353695e-05 3.506102e-08 0.064261764 6.5745473e-07 1.5101136e-07 2.8164304e-05 1.7353146e-07 0.050861884 8.539486e-06 0.026601342 0.019971961 0.0011077576 0.002301857 0.00013702312 0.00045715706 4.391317e-08 0.035725005 0.013431905 0.00093645003
