4.2800546e-12 0.9714233 0.9108112 0.75107783 0.78713167 0.9413155 0.13204692 0.6796354 0.6640588 0.8979068 0.98281044 0.98831797 0.12437844 0.05698544 0.007154226 0.8072049 0.06464949 0.5822427 4.6970177e-05 0.10962425 0.89780533 4.2895623e-05 0.15388864 0.9474462 0.8751787 0.8476736 0.9573742 0.81006664 0.8939263 0.65171564 0.2720579 0.749683 0.97893995 0.9678804 0.55069566 0.09863296 0.78216773 0.98244774 0.058612347 0.8180223 0.017902955 0.98201233 0.9392537 0.85831213 0.8328018 0.86182284 0.6971338 0.8984729 0.9501323 0.94728225 0.3496013 0.8274139 0.87119025 0.8890668 0.9248212 0.93250406 0.9513453 0.88380706 0.968552 0.967977 0.84212655 0.97062576 0.8846111 0.8824335 0.947847 0.97163665 0.9101005 0.99051034 0.78644705 0.993023 0.8329425 0.6811905 0.9260487 0.9423643 0.9076523 0.7841317 0.9155093 0.2809769 0.7573724 0.9216379 0.29928774 0.04958637 0.74013925 0.9904369 0.19817092 0.97296727 0.6189231 0.80833966 0.017625807 0.9956428 0.98751277 0.07767989 0.8104568 0.0005810501 0.9999105 0.9963509 7.1205664e-05 0.096162654 0.9999694 0.67625487 7.2286646e-05
0.9714233 7.455394e-15 0.93839425 0.9915623 0.80648506 0.9222377 0.32035267 0.7308417 0.22888213 0.355736 0.6365609 0.078732915 0.38864827 0.20479216 0.00037716518 0.01602172 0.00020749448 0.1267015 5.3012333e-05 0.29514802 0.0003430511 4.3539126e-06 7.0795163e-06 0.00015580672 0.8621973 0.003130066 7.3559284e-05 0.0013018312 0.046868764 7.637198e-05 0.00014409394 0.1680735 0.025804238 0.6157063 1.974376e-05 0.080455065 0.017337896 0.00027567337 0.00018780456 0.29188347 0.0008481633 2.3484248e-05 1.0234418e-06 1.2614603e-06 0.0012272293 1.6311245e-05 0.06204614 0.012813067 7.931658e-07 0.073068336 4.305107e-05 2.2585486e-05 3.5110324e-07 1.747992e-06 0.06716028 4.542546e-06 0.00014482258 0.058381215 7.061412e-06 7.1680137e-07 9.5740816e-08 6.365934e-09 0.00851515 9.57494e-08 1.0681684e-06 1.3812615e-09 0.0010219892 0.021275062 2.7071362e-06 0.011959744 1.7675772e-07 1.0435289e-06 0.0141798025 4.445876e-05 3.5204941e-09 0.00012950825 1.3730729e-05 1.3625929e-07 0.0018490237 1.8748851e-08 1.0044704e-09 2.0987068e-08 0.00031557406 0.0012809132 1.5622701e-08 0.020770278 1.1272975e-08 3.703323e-08 7.711795e-08 0.00020210263 0.008402177 2.3456201e-09 3.573892e-05 2.5030328e-08 2.0566553e-05 5.4195056e-07 4.161535e-08 4.953222e-08 0.0027043987 3.851532e-07 4.1492716e-09
0.9108112 0.93839425 6.1034847e-13 0.73562366 0.033110704 0.07751732 0.07212069 0.9841361 0.0063356096 0.95892984 0.96267813 0.0007704221 0.4628552 0.9316995 0.20347326 0.000790936 0.08179632 0.0007552237 0.001998176 0.046650082 1.5722359e-05 3.1903353e-05 0.0048369337 0.0031027943 0.77170986 0.0002630742 3.8991556e-07 0.0004426019 0.0028108694 9.571139e-05 6.85729e-05 0.5177568 0.20941083 0.0399661 2.6195012e-06 0.0005956175 0.15816805 2.742776e-05 6.879039e-06 0.05706468 2.1010572e-05 2.5162753e-06 3.735119e-07 1.569314e-06 1.5512766e-06 2.4753715e-05 0.006730924 0.076249115 8.655363e-06 0.0022719016 1.1804563e-06 4.0962627e-06 9.285818e-07 3.2087792e-06 0.20623036 1.1152171e-05 5.009385e-05 0.017502433 1.3682325e-05 4.5953843e-07 7.948657e-07 1.6133814e-08 0.00092011044 7.8927224e-07 6.7422106e-06 7.616399e-08 0.0001536481 0.06440363 1.9191171e-05 0.021015177 1.3126561e-06 3.435692e-08 0.005807451 7.3652964e-06 2.3837412e-08 5.3904284e-07 0.0001577892 8.190802e-08 0.0001692957 5.2789964e-08 2.438102e-08 7.019501e-08 8.770758e-05 0.00043140378 7.835894e-09 0.008063855 1.2714935e-08 5.5954706e-07 7.8381595e-07 7.142704e-05 0.0023656026 5.265085e-10 3.7089785e-06 9.12513e-09 3.2807297e-05 1.2198274e-06 1.0127257e-08 1.3051938e-08 0.0030572298 2.0125885e-06 5.9714566e-08
0.75107783 0.9915623 0.73562366 4.8590807e-14 0.89280665 0.25507125 0.9996436 0.53383726 0.3638431 0.31025657 0.06518058 0.01514635 0.59436303 0.1158757 3.930517e-05 0.010044967 0.00017899343 0.12958519 2.8956589e-05 0.38823906 1.2325472e-05 1.3015413e-05 1.4684949e-06 0.00011076582 0.10903426 0.00058745686 1.5166423e-06 0.00038479487 0.0014207388 1.002558e-06 1.657217e-05 0.008263839 0.006858769 0.041181598 3.911329e-06 0.114735514 0.0008775586 9.586746e-06 0.00010035337 0.009075883 0.0012629597 4.266871e-06 6.5411695e-07 5.040832e-07 0.00015464332 4.4635533e-07 0.0031841772 0.0008078877 5.3347488e-08 0.0022275255 2.4562637e-06 1.5402778e-06 8.911723e-09 4.799548e-07 0.007304479 9.3838004e-08 5.8066034e-06 0.014110809 1.5721879e-07 2.1115193e-06 2.514233e-07 5.4359295e-09 0.0003945726 9.072134e-08 1.6541573e-08 5.2391216e-09 5.9941627e-05 0.0012791419 6.5571115e-08 0.0016339519 4.6651714e-08 2.9263085e-06 0.0033103023 3.2338041e-06 1.3000482e-08 3.731965e-05 1.1879347e-06 1.0148494e-07 4.320506e-05 3.844301e-08 1.2237917e-11 1.0759436e-08 3.7797323e-05 1.4307579e-05 4.5274987e-08 0.0020370097 9.480172e-08 5.7713866e-08 5.799672e-07 2.4156013e-06 0.0011236516 4.083284e-09 6.074399e-07 5.18849e-07 6.8660256e-07 7.27114e-08 1.4971485e-08 3.8646022e-10 0.00024190758 2.6294111e-07 1.0213576e-09
0.78713167 0.80648506 0.033110704 0.89280665 4.4687282e-13 0.9955232 0.66613346 0.056153335 0.9887233 0.0011398568 0.002630455 0.4684432 0.024241842 0.00549596 3.7577875e-06 0.44980738 2.8692568e-06 0.47416013 7.2991986e-07 0.1275313 0.018248444 5.3583744e-07 5.4820898e-08 7.572488e-06 0.032497965 0.02465388 0.0004792434 0.0020898634 0.02193542 0.0002836319 0.00031190793 0.0019398561 0.00016991489 0.13103342 0.00013490417 0.11624067 0.00036214295 0.0009489296 0.0038374295 0.006796384 0.004109545 0.0009038754 3.477811e-05 5.4419133e-06 0.020392198 9.264102e-05 0.0036238187 0.00015465142 3.0428096e-06 0.012332963 0.00072141987 0.00029782933 1.6197396e-06 8.733994e-06 0.002982911 2.9643315e-06 0.0003042163 0.0042478014 5.706139e-06 0.00015895777 9.447424e-07 6.014229e-08 0.0013498852 3.410762e-05 1.4006678e-06 3.1339184e-08 0.0003108721 0.00039303896 4.459297e-06 0.00040559153 1.4716102e-06 1.7328208e-05 0.0014220591 6.8629656e-06 1.0065332e-07 0.0024666255 1.1920025e-05 8.601209e-08 0.00019143583 1.5593587e-08 5.6430498e-08 9.0822624e-08 2.569469e-05 0.0003170549 9.583231e-07 0.001462454 5.1619246e-08 4.6389957e-08 4.3168093e-06 7.374078e-05 0.0021966402 2.2949914e-10 7.341932e-07 1.90339e-08 3.48957e-06 1.3642324e-07 3.4114723e-08 6.3667476e-09 0.00044414526 6.1202144e-07 6.0406564e-09
0.9413155 0.9222377 0.07751732 0.25507125 0.9955232 3.8393685e-12 0.086475216 0.01342618 0.5679678 0.0039385282 0.015793743 0.969524 0.0027895295 0.0015609845 6.0665293e-06 0.32254872 1.121552e-06 0.23642552 2.6664118e-06 0.02132421 0.028682921 3.4516393e-08 2.2904896e-08 2.9859775e-06 0.50605315 0.13439354 0.00394094 0.033224862 0.5593294 0.0035204142 0.0019021943 0.009720523 0.00068552763 0.8662866 0.00026244525 0.02696175 0.0006323558 0.020739881 0.00128368 0.17544162 0.0009511811 0.0023328143 1.7832188e-05 8.5395595e-06 0.020054737 0.0003503196 0.078001566 0.000492112 2.3949717e-05 0.2831815 0.0010342851 0.0009810468 3.7325326e-06 1.5270609e-05 0.006351887 5.0375067e-05 0.0039122594 0.03764083 7.6654665e-05 0.0002609891 7.217608e-07 1.9207248e-07 0.018335767 7.1232043e-06 2.1391818e-06 2.5945852e-07 0.0038754835 0.0043213842 3.6994793e-06 0.002602136 4.625282e-07 2.3431587e-05 0.008685163 0.00036105994 3.9324058e-07 0.0015396406 6.2029344e-06 1.7820703e-06 0.0020241167 3.9403946e-07 2.5249303e-09 2.7778793e-07 0.00038700964 0.003041046 1.0580254e-07 0.007120407 1.6159593e-08 1.2197365e-08 4.7225612e-07 0.0004871619 0.009816613 1.2490809e-08 6.928468e-05 3.584176e-07 5.056316e-05 6.314325e-08 1.14576814e-07 1.973988e-07 0.0019905865 2.515011e-08 7.602346e-09
0.13204692 0.32035267 0.07212069 0.9996436 0.66613346 0.086475216 4.3080236e-16 0.5528944 0.9636088 0.001518789 0.0006794829 0.008394317 0.79710174 0.032040283 5.144282e-06 0.31295708 3.1021724e-08 0.96847284 2.5354211e-06 0.90270644 0.0029942603 8.056548e-07 2.9383065e-07 2.1639542e-06 0.0027969019 0.0029271375 3.184157e-06 0.00039838883 0.00026226207 3.5802354e-06 1.9652582e-06 2.336801e-05 4.1252574e-06 0.0015607203 1.1297595e-05 0.32906675 2.0611931e-05 2.113286e-06 0.07832235 0.0001622705 0.03441965 4.212082e-05 1.7351549e-06 1.2190266e-07 0.032383766 8.343566e-07 0.00021871772 5.0395224e-06 3.571105e-07 0.0001877306 0.0010135047 0.0003123407 6.553919e-09 1.7671374e-07 2.7126218e-05 6.684857e-08 1.0635121e-06 2.3319411e-05 1.7040674e-06 7.806992e-05 1.298292e-07 9.937732e-08 1.4326242e-05 7.168202e-06 1.833167e-07 4.0322902e-08 6.237578e-06 3.7852815e-06 1.5326641e-08 7.243063e-06 1.2736385e-07 4.8540125e-05 4.503945e-05 1.7254841e-07 8.033707e-07 0.0025519968 3.80258e-06 1.590869e-07 2.5081824e-06 1.3534796e-08 7.634747e-10 7.403628e-08 8.0387724e-07 5.1307006e-06 8.520776e-06 1.7031567e-05 9.406845e-08 3.5904128e-07 1.6828457e-05 5.7174066e-07 3.2661475e-05 7.55934e-10 4.919137e-09 1.0693299e-07 3.047016e-07 5.800366e-08 2.041206e-08 1.0035168e-09 1.6961308e-06 5.7416395e-07 2.1438137e-08
0.6796354 0.7308417 0.9841361 0.53383726 0.056153335 0.01342618 0.5528944 8.0129724e-16 0.0009531248 0.8084107 0.4264254 0.000602514 0.99742615 0.96482646 0.002795671 1.0611692e-05 0.0018484324 0.0017451089 0.00048866676 0.004566945 5.175006e-08 0.0009930788 4.266263e-05 0.011004968 0.1414431 2.820329e-06 2.6185205e-09 5.1619886e-06 0.00016469436 2.4021647e-06 2.4693188e-07 0.039874975 0.16153501 0.00477276 9.825462e-07 0.00046765336 0.008386786 5.1970947e-06 1.0947504e-06 0.013435535 2.7252715e-06 3.17649e-08 6.8837536e-09 3.4921598e-08 1.8012807e-06 4.5611813e-08 0.0014734288 0.0074016624 6.708615e-08 7.76187e-05 1.2834994e-07 5.7641255e-08 7.723476e-10 4.0792223e-08 0.021385117 4.8082387e-09 3.6492216e-07 0.014204653 4.063868e-07 5.3827048e-08 6.6416134e-10 2.0044359e-10 8.448732e-05 7.0606934e-09 3.1168383e-07 2.5053898e-10 2.7338137e-05 0.011515572 6.2521e-09 0.0056853546 1.2744836e-10 2.565667e-08 0.0043663606 1.6761529e-06 1.4469433e-08 1.0989722e-06 1.492492e-05 1.4320831e-07 4.9291684e-05 7.0696074e-11 5.5451792e-11 2.6266744e-09 3.1452262e-05 0.00010888603 4.3018662e-08 0.003570959 3.8405993e-08 8.84718e-09 2.6828742e-08 0.00014691969 0.0005132086 2.2410596e-09 1.4889022e-07 1.754753e-08 9.525531e-06 1.0545078e-07 3.6087333e-09 5.8394702e-09 0.00063376554 9.88942e-08 8.004149e-11
0.6640588 0.22888213 0.0063356096 0.3638431 0.9887233 0.5679678 0.9636088 0.0009531248 4.955307e-13 0.0007377936 0.00074274326 0.6944022 0.0015945829 0.00022432573 1.9591953e-06 0.96591705 1.45666e-06 0.9809913 1.9238548e-06 0.080077626 0.1875241 9.0924715e-08 1.0139885e-07 3.2942814e-06 0.00631954 0.09072153 0.0017179004 0.0018284931 0.015496354 0.0002356125 0.0006822936 0.00033167706 5.286295e-05 0.054175466 0.00022049031 0.2426846 0.00018135931 0.0013194316 0.065804675 0.0019155745 0.020459836 0.0032331198 0.00012667841 1.5762189e-05 0.17438962 3.7724723e-05 0.0021592707 0.000114336304 2.950813e-06 0.007312051 0.006149309 0.0023861162 4.9651425e-07 8.293054e-06 0.0014825129 1.645799e-06 0.00021078516 0.0031360267 1.8699495e-06 0.0005123946 1.1389011e-06 2.828883e-07 0.0013827288 0.0010929728 1.8509528e-06 1.7216962e-06 0.00015114949 0.00020199416 5.765836e-06 0.0001903018 1.6862183e-06 0.00014829753 0.0010928421 4.732225e-06 6.2025733e-06 0.022310345 8.708871e-05 3.138034e-06 0.00021712182 2.0809998e-07 4.869068e-08 2.282511e-06 6.695874e-05 0.00032499922 4.6401287e-06 0.00062738155 1.8091863e-06 2.7593336e-07 1.2991603e-05 4.1462663e-05 0.0016255851 2.0986507e-08 4.866569e-07 3.2717904e-07 1.365644e-06 1.2099479e-06 1.692341e-07 1.1987804e-06 0.00020428615 6.600666e-06 1.5851391e-08
0.8979068 0.355736 0.95892984 0.31025657 0.0011398568 0.0039385282 0.001518789 0.8084107 0.0007377936 8.562239e-15 0.98709667 3.6495494e-05 0.029894177 0.9403805 0.6649185 3.724026e-05 0.5868001 9.23211e-06 0.0015184002 0.00093729125 1.1508122e-07 1.6121658e-05 0.01099645 0.24980403 0.59736174 1.5836215e-05 3.835204e-08 0.00011727476 0.00067446847 2.736824e-05 1.8741684e-06 0.84000593 0.8629463 0.013394066 1.792842e-06 3.0676038e-05 0.57735056 1.2734715e-06 3.4262965e-07 0.042730503 8.368884e-05 5.3709294e-07 6.120813e-08 1.3159016e-07 9.0152594e-07 3.8297753e-07 0.0028724126 0.26932314 6.240723e-07 0.000530863 1.6023084e-07 2.5146093e-07 1.9137211e-08 6.8654785e-08 0.5441656 3.3914657e-07 3.6280944e-06 0.023078576 1.1195975e-06 1.7881776e-07 1.903311e-07 8.376725e-09 0.0005811227 2.390449e-07 8.744282e-07 3.3547778e-09 4.8787162e-05 0.13565814 4.1386687e-07 0.066685975 3.305244e-07 1.2850829e-07 0.012258596 2.6195212e-06 8.6183665e-09 4.446858e-06 6.6076386e-06 5.127959e-09 5.4626365e-05 3.500903e-08 5.219032e-10 6.131863e-09 2.623993e-05 0.00019673773 4.6455305e-08 0.017067436 2.4511189e-09 3.904586e-08 3.986501e-07 7.4100626e-06 0.00398044 1.5234998e-09 6.3903285e-06 7.0907424e-07 6.103684e-07 4.013566e-07 1.9411678e-08 8.180852e-09 0.0028732193 5.509546e-07 2.4072484e-08
0.98281044 0.6365609 0.96267813 0.06518058 0.002630455 0.015793743 0.0006794829 0.4264254 0.00074274326 0.98709667 1.3009632e-12 0.00028970084 0.011019634 0.3392525 0.014555853 7.485582e-05 0.0060951426 0.00014892907 7.444086e-05 0.0014742799 1.4783578e-06 5.066837e-06 0.003503066 0.0037774115 0.91088223 0.00016267427 3.8450503e-07 0.00054115296 0.005104315 4.249217e-05 0.000102185215 0.91558266 0.5841284 0.06823674 6.9805815e-06 0.00036197863 0.54248804 4.0537998e-05 7.8799815e-07 0.09344829 0.00028288443 1.6228913e-07 1.15060246e-07 6.0964237e-07 2.4451786e-06 6.118286e-06 0.020571467 0.2623235 1.5476193e-06 0.005887429 1.4772868e-06 2.0080476e-07 5.888509e-07 1.3226006e-06 0.7680494 9.9847275e-06 5.1153478e-05 0.07085723 2.4296034e-05 1.4727263e-08 2.0380247e-07 1.2104129e-08 0.0017632659 5.1541033e-08 5.375795e-06 2.0079192e-09 0.0003218694 0.23949116 1.7866914e-05 0.09049274 4.524247e-07 1.9087167e-07 0.022775862 5.158143e-05 1.3182779e-09 1.797887e-05 2.5198142e-05 3.0824805e-07 0.00054525473 9.658042e-09 1.3314974e-08 1.190046e-06 0.0003185606 0.0013106378 2.6522954e-08 0.026824947 4.321552e-09 1.646744e-08 3.700003e-07 9.309564e-05 0.0048265983 4.459805e-09 5.5427634e-05 3.7482528e-06 2.5816465e-05 5.944637e-08 3.321924e-06 3.7775226e-07 0.0050450717 2.309237e-07 1.0832025e-07
0.98831797 0.078732915 0.0007704221 0.01514635 0.4684432 0.969524 0.008394317 0.000602514 0.6944022 3.6495494e-05 0.00028970084 4.2771963e-13 2.2116874e-05 0.000108313805 1.228482e-07 0.9287377 5.6257903e-08 0.53983915 3.3882523e-07 0.0015322397 0.92275465 3.4496965e-09 1.096719e-08 5.683408e-07 0.028321173 0.834275 0.38438475 0.5131688 0.89513624 0.15920918 0.077768914 0.00069756893 2.269413e-05 0.8066314 0.025500871 0.011433882 8.196934e-05 0.3709726 0.012645266 0.046030436 0.0067344266 0.15721782 0.0033152006 0.00071240775 0.39998627 0.010420611 0.04871495 0.00016467427 0.0005488397 0.3059161 0.0505037 0.07140039 8.627891e-05 4.303264e-05 0.0028472338 0.00043978158 0.030926831 0.011899099 0.0007216635 0.021311168 5.524507e-06 4.049013e-05 0.037907507 0.0013092648 2.4068024e-05 7.785705e-05 0.018993773 0.0017917106 2.3482882e-05 0.0011093799 2.2857033e-05 0.0010834397 0.004845154 0.0008843495 0.00010919331 0.042375203 4.966199e-05 3.8957787e-06 0.0030206772 1.291061e-06 1.3813526e-07 3.4626416e-06 0.0005944131 0.004786428 1.5983114e-05 0.0054375664 1.1158155e-06 2.7998692e-07 5.165495e-06 0.0011433281 0.010698068 1.8412607e-08 0.00038009632 1.7462575e-06 0.00023341604 3.648362e-07 2.6923715e-07 1.6008139e-06 0.00043426396 3.4825962e-07 1.5416452e-07
0.12437844 0.38864827 0.4628552 0.59436303 0.024241842 0.0027895295 0.79710174 0.99742615 0.0015945829 0.029894177 0.011019634 2.2116874e-05 4.7449964e-15 0.31618655 8.689831e-05 2.7563276e-05 2.1469576e-05 0.015526924 1.9543853e-05 0.99840146 3.4253978e-07 0.00019704888 1.844425e-07 1.7259912e-05 0.004767988 1.0818573e-05 1.0006255e-08 1.6172444e-05 7.813848e-06 9.170237e-08 1.0188405e-06 0.00015945928 0.00041489402 0.00021097582 4.3737764e-06 0.009347254 0.00016779892 3.1490242e-06 9.467127e-06 0.0010201394 6.906316e-05 3.9439172e-07 7.9630047e-07 1.442594e-07 7.9880865e-06 6.31678e-07 0.000117658776 0.00012825419 3.986877e-07 1.6332786e-05 4.5285274e-06 2.9207976e-07 4.9967955e-08 1.2873467e-06 0.0011755056 3.3887596e-07 7.783288e-06 0.0006141378 9.677442e-07 9.685585e-07 1.4747057e-07 2.7721217e-08 3.0350877e-05 1.1615987e-06 9.811951e-07 1.2970562e-08 2.0002992e-05 0.00015623047 5.895769e-07 0.0003071862 6.976524e-07 7.4542305e-07 0.00025656357 2.9456785e-06 1.08625635e-07 9.363892e-06 6.889994e-05 3.3830493e-06 3.1228577e-05 1.7928085e-09 5.206182e-08 2.2652895e-07 1.2473497e-05 1.0268454e-05 4.246755e-08 0.00020770296 5.8112846e-08 9.7241845e-08 2.9101042e-07 1.0251239e-06 9.1067785e-05 1.587695e-09 5.689793e-08 9.393398e-08 5.6829382e-08 9.830482e-08 1.0867263e-08 5.5286566e-09 2.1874323e-05 1.7198124e-06 1.4197981e-09
0.05698544 0.20479216 0.9316995 0.1158757 0.00549596 0.0015609845 0.032040283 0.96482646 0.00022432573 0.9403805 0.3392525 0.000108313805 0.31618655 3.7379713e-14 0.9999477 1.1625202e-05 0.0020084854 8.5711465e-05 0.6065143 0.0008052911 3.279805e-08 0.10234205 0.00014691941 0.001057309 0.09597887 1.3675007e-05 7.170697e-08 7.1547576e-05 0.0002140582 1.0176911e-07 6.4511113e-07 0.017132178 0.00213891 0.0034205131 1.7186973e-06 4.1203266e-06 0.0025554213 7.357489e-06 2.1769438e-07 0.0040509286 1.1623013e-06 3.0516556e-08 2.944971e-06 1.0915754e-07 2.6933347e-07 8.17459e-07 0.000954821 0.0004279656 5.9364936e-07 0.00022480202 1.11114415e-08 4.4739924e-08 6.425209e-08 8.3297004e-07 0.0058872607 7.619407e-08 6.9603125e-06 0.0035677408 5.0044713e-07 3.1114407e-08 7.371904e-09 1.6930277e-10 0.00014941962 9.243495e-09 1.3544455e-06 4.4030546e-10 3.1614563e-05 0.00028938413 5.197538e-07 0.0010612239 8.067026e-09 3.1520948e-08 0.0008622692 1.778014e-05 2.8885331e-08 2.137373e-06 7.683416e-06 2.8879614e-07 0.0001508947 7.463128e-09 6.458852e-08 9.757516e-08 7.793453e-05 9.001685e-05 1.844003e-07 0.0008954222 1.2788917e-09 9.340867e-09 4.0709754e-08 0.000106196145 0.0004068436 1.7120765e-10 3.388023e-07 5.298584e-09 7.175568e-08 7.798634e-09 1.09120215e-08 1.0565869e-08 0.00012828478 4.9270157e-09 8.614397e-11
0.007154226 0.00037716518 0.20347326 3.930517e-05 3.7577875e-06 6.0665293e-06 5.144282e-06 0.002795671 1.9591953e-06 0.6649185 0.014555853 1.228482e-07 8.689831e-05 0.9999477 1.0983594e-17 2.8666994e-08 0.038076628 4.450271e-07 0.9996192 3.6869496e-05 6.1620065e-09 0.0023554624 0.004924672 0.0032981671 0.0017501148 8.2719396e-08 4.865471e-10 1.2280188e-06 1.6647372e-06 1.4920913e-08 7.789287e-08 0.0049384334 0.0045709168 1.8667703e-05 2.212853e-08 1.7351175e-07 0.0016203027 2.387413e-08 2.7819616e-09 8.5910826e-05 2.129757e-08 9.9321555e-09 2.183663e-08 6.3046855e-08 1.9366477e-09 1.466044e-09 3.6497806e-06 0.0006174084 4.426381e-09 2.0575754e-07 5.845844e-09 1.6009269e-08 5.4783733e-10 1.8556984e-08 0.0012351772 7.586683e-10 1.33228495e-08 2.472446e-05 1.3314637e-09 2.7284466e-08 6.4371874e-10 1.845126e-10 2.0718699e-06 9.8627474e-08 4.8945722e-08 1.7373056e-08 2.3109686e-07 0.00019768224 8.237922e-10 0.00022280173 7.051387e-11 1.7671576e-07 3.0013014e-05 6.190848e-08 1.9133606e-07 6.5723874e-08 6.322692e-07 2.9905657e-08 4.3746642e-08 2.8786755e-09 1.8595761e-10 6.212089e-09 1.0964811e-07 4.168091e-07 3.7847652e-08 7.951494e-05 1.3943032e-09 8.098585e-09 7.125555e-08 5.563462e-08 2.4641624e-05 1.0531996e-10 1.2815954e-08 7.0956024e-10 5.4963567e-09 4.1404668e-08 2.4615735e-11 5.4940354e-11 3.7661687e-06 3.3068087e-08 1.9750037e-12
0.8072049 0.01602172 0.000790936 0.010044967 0.44980738 0.32254872 0.31295708 1.0611692e-05 0.96591705 3.724026e-05 7.485582e-05 0.9287377 2.7563276e-05 1.1625202e-05 2.8666994e-08 5.7976986e-16 3.132507e-07 0.92061836 1.3924196e-08 0.002205975 0.9980471 1.05202025e-08 8.8342006e-08 7.256171e-06 0.0010361816 0.6735135 0.14116533 0.04907114 0.1518776 0.011142036 0.0068859938 2.381402e-05 7.174655e-05 0.08367531 0.0051646656 0.04721319 1.4647347e-05 0.03158465 0.31205943 0.00048253805 0.060363136 0.18557315 0.0038144283 0.00058260566 0.7994366 0.0011700212 0.0007437727 3.316162e-05 1.9460273e-05 0.019352721 0.56113553 0.22435127 4.9217e-07 4.7879116e-06 0.00015545111 2.4475394e-06 0.0011669745 0.00066466944 1.926489e-05 0.0280927 8.9364556e-07 1.4008677e-05 0.002220737 0.0038324904 7.9146946e-07 7.5239507e-07 0.0008771483 0.0001740012 8.7493044e-07 0.00010389581 1.0002659e-06 0.00133521 0.00024660208 5.778092e-05 3.6467643e-06 0.35728967 4.1439569e-07 2.6734472e-06 0.00041279965 1.2306279e-07 3.1299028e-09 7.166459e-08 3.8827286e-05 0.00049423624 1.5291382e-06 0.00025026107 7.6510737e-10 1.3983474e-07 6.6827984e-06 8.744074e-05 0.0019953246 2.7652869e-09 1.6867605e-06 1.1448823e-05 1.3356977e-05 8.945208e-08 2.4667838e-07 8.442381e-06 0.00021293126 1.1181073e-07 2.3384035e-07
0.06464949 0.00020749448 0.08179632 0.00017899343 2.8692568e-06 1.121552e-06 3.1021724e-08 0.0018484324 1.45666e-06 0.5868001 0.0060951426 5.6257903e-08 2.1469576e-05 0.0020084854 0.038076628 3.132507e-07 1.9595711e-15 7.394779e-08 0.0002651168 2.3516398e-06 5.8930908e-08 5.137651e-05 0.9996891 0.999893 0.00016433398 1.3532486e-06 9.089987e-09 2.8708555e-06 3.0456695e-06 2.239777e-06 5.339607e-07 0.0019511404 0.03161365 1.3082102e-05 1.1400089e-07 2.2049757e-07 0.0045446306 4.6363445e-07 4.823744e-09 4.5553243e-05 1.2948607e-07 4.955445e-07 2.6028553e-07 2.0536078e-07 7.002027e-07 1.1213746e-06 8.27851e-05 0.008844722 1.0758903e-06 4.3691549e-07 6.2727526e-07 1.7293581e-06 6.7441405e-08 3.221934e-06 0.0009199191 3.9742474e-07 1.7379097e-07 9.505676e-06 1.5511101e-07 7.252411e-07 9.4728836e-07 1.0020064e-08 4.76272e-07 8.884883e-07 1.0704762e-06 2.7072085e-08 8.878631e-07 0.0038779736 1.1419398e-06 0.00082479464 2.6631794e-06 5.580129e-07 1.885318e-05 1.1854024e-07 6.718808e-08 1.29674955e-08 0.00010141853 1.0742853e-07 1.3574211e-06 3.4039005e-08 8.483457e-09 1.7727508e-08 3.9937308e-07 3.4788309e-06 2.5876315e-07 0.0001485169 1.5574555e-07 4.930581e-08 8.722024e-08 3.189342e-08 2.5387164e-06 1.4324409e-09 1.9118411e-07 3.2334473e-09 7.666789e-07 3.7890106e-07 3.985554e-09 3.166747e-10 2.8121283e-05 7.253684e-07 1.0399035e-10
0.5822427 0.1267015 0.0007552237 0.12958519 0.47416013 0.23642552 0.96847284 0.0017451089 0.9809913 9.23211e-06 0.00014892907 0.53983915 0.015526924 8.5711465e-05 4.450271e-07 0.92061836 7.394779e-08 2.7045643e-13 2.5396597e-05 0.66964656 0.14260277 2.8750912e-06 4.982568e-06 8.968314e-06 0.0016140589 0.03623551 0.00309058 0.0029704783 0.007717087 0.00035709722 0.00028386025 1.7683074e-05 3.6822126e-05 0.060504895 0.0002807668 0.9117175 8.329173e-06 0.00033423607 0.9558612 0.0010079223 0.08010581 0.016798994 0.00029104555 2.8212303e-06 0.7309125 9.76894e-06 0.000675856 4.2776253e-05 2.4975142e-07 0.004525639 0.21488684 0.030625185 2.3438366e-08 2.6334176e-06 0.00030137366 5.852229e-08 2.1354324e-05 0.0013379455 3.632271e-07 0.0029909613 3.787143e-07 1.186903e-06 0.0006967366 0.0016837816 1.8946994e-07 3.687837e-06 2.3616263e-05 0.00019404905 4.515045e-07 1.8398612e-05 6.050954e-07 0.0016558332 0.00017439143 3.3349893e-06 2.9553314e-05 0.3424704 1.0911091e-05 1.079347e-05 5.218463e-05 8.197855e-07 1.1793602e-08 5.2787705e-06 2.3620262e-06 0.0001797473 0.0005255098 0.00012095292 1.1689827e-05 2.8100358e-06 0.00021142598 5.8303056e-05 0.00067932025 3.3628214e-07 8.201088e-08 1.3576871e-05 4.042284e-07 7.8262794e-08 4.0792168e-07 3.853231e-06 2.9162971e-05 2.3051074e-05 2.6086418e-06
4.6970177e-05 5.3012333e-05 0.001998176 2.8956589e-05 7.2991986e-07 2.6664118e-06 2.5354211e-06 0.00048866676 1.9238548e-06 0.0015184002 7.444086e-05 3.3882523e-07 1.9543853e-05 0.6065143 0.9996192 1.3924196e-08 0.0002651168 2.5396597e-05 3.6173637e-19 4.107176e-06 2.2207524e-07 0.99994534 0.22446708 3.6137484e-05 5.0966002e-05 7.2899643e-06 2.5909972e-07 3.6100055e-06 1.13659915e-07 1.0658757e-08 2.6150668e-09 6.7806163e-06 1.2233731e-05 3.5038112e-05 7.4150563e-07 2.8131717e-07 4.8696215e-06 9.941585e-07 2.5908896e-08 8.401114e-06 1.5047141e-09 4.4449138e-07 5.5199507e-06 5.2873606e-08 8.281601e-08 3.5657266e-08 7.2203346e-07 5.7173324e-06 2.0020623e-07 4.5670248e-07 1.7520206e-08 1.7284414e-06 1.775853e-09 3.1386517e-07 5.3424214e-06 1.6592885e-09 8.8345374e-08 1.4134418e-05 6.444159e-08 2.9177172e-06 1.0114599e-07 1.3312373e-06 6.063515e-08 5.2170176e-06 3.4759603e-07 6.213429e-07 5.8008277e-07 1.9111221e-06 3.9571958e-08 3.761061e-06 5.333652e-07 8.723473e-06 2.447683e-07 1.2369877e-07 5.6764984e-06 2.4541436e-07 8.3853416e-07 5.7868095e-07 8.111884e-08 1.2871612e-08 3.291656e-08 2.5230637e-08 2.5322672e-08 1.0714402e-08 4.3237455e-07 1.4338988e-06 1.6944314e-08 1.5539372e-08 3.4162272e-07 2.1221591e-07 1.3700591e-07 1.1691706e-10 5.525673e-09 3.0883548e-10 6.8472583e-09 1.00160754e-07 1.9536553e-12 3.9003824e-11 1.809332e-07 4.133764e-06 2.494928e-13
0.10962425 0.29514802 0.046650082 0.38823906 0.1275313 0.02132421 0.90270644 0.004566945 0.080077626 0.00093729125 0.0014742799 0.0015322397 0.99840146 0.0008052911 3.6869496e-05 0.002205975 2.3516398e-06 0.66964656 4.107176e-06 1.6241869e-13 3.239862e-05 3.2809407e-06 3.8941238e-07 0.00042368475 0.00037359443 0.00025842717 7.917955e-07 4.3922075e-05 1.9952122e-05 4.9055216e-06 8.865606e-06 9.481493e-06 0.00018763164 0.0008203882 6.7755936e-06 0.99324435 2.7113803e-05 4.4374747e-06 0.0013790835 0.0007838706 0.0053988174 1.2863141e-05 4.129953e-06 1.6468557e-06 0.00033398432 1.9783113e-07 0.00019274362 0.00010432354 1.7913833e-07 0.00014348318 0.00020381367 8.784394e-05 8.170124e-09 1.9798676e-06 0.0005501188 2.3635504e-07 1.0403859e-06 0.0006677801 1.7378069e-07 3.919841e-05 1.6538114e-07 3.3193794e-07 1.3966976e-05 2.3601908e-06 1.014635e-06 1.4350464e-06 1.7555363e-06 7.021661e-05 5.928107e-06 7.643246e-05 1.7285879e-06 8.837812e-05 0.000107487715 3.1670436e-06 8.48148e-06 0.00036241417 2.5027954e-05 0.00020803025 1.8547456e-05 2.3600953e-07 1.730517e-07 4.0687637e-06 2.132442e-06 2.4476387e-05 6.1170554e-06 6.7917514e-05 1.960485e-06 7.267449e-07 2.5540822e-07 2.9028156e-06 4.5342294e-05 1.0380799e-07 1.2208903e-07 6.661594e-07 6.6385405e-07 1.0786601e-06 3.021659e-08 6.6276e-08 2.7482614e-05 0.00013068055 1.800307e-08
0.89780533 0.0003430511 1.5722359e-05 1.2325472e-05 0.018248444 0.028682921 0.0029942603 5.175006e-08 0.1875241 1.1508122e-07 1.4783578e-06 0.92275465 3.4253978e-07 3.279805e-08 6.1620065e-09 0.9980471 5.8930908e-08 0.14260277 2.2207524e-07 3.239862e-05 1.0522698e-14 1.1285506e-10 6.2093055e-09 5.6811825e-08 0.0001668676 0.95894855 0.45569053 0.1566772 0.11130344 0.024030458 0.020829428 3.602278e-06 3.5017396e-07 0.017829688 0.023878383 0.0013348898 2.0738469e-06 0.039339427 0.17267655 0.00015373736 0.014043569 0.78612083 0.016987836 0.0047606993 0.8764501 0.004068514 0.0004725895 3.8165276e-06 0.00033839804 0.0042214906 0.7134113 0.541841 0.00011152465 0.00045574212 4.6961843e-05 0.00045606145 0.0048643793 0.00011178446 0.00026064037 0.16640522 7.083646e-05 0.0074460856 0.002828093 0.26005855 2.3409051e-05 0.0025923124 0.0024308253 4.690308e-05 2.6746622e-05 1.5766775e-05 7.6505086e-05 0.0120880855 7.853926e-05 0.00021945922 0.0010063327 0.4952001 5.7623587e-05 4.8649636e-05 0.0019567895 4.6441446e-06 4.1593016e-06 9.363531e-05 0.00013751547 0.0013724983 0.000570513 0.0002086052 1.1371798e-06 9.715184e-06 0.00019741962 0.00016127863 0.0019862326 1.3035087e-07 7.635204e-05 4.7630016e-05 2.6100117e-05 5.242646e-07 3.8378076e-07 2.5393858e-05 1.5461243e-05 2.6539733e-06 1.1426848e-06
4.2895623e-05 4.3539126e-06 3.1903353e-05 1.3015413e-05 5.3583744e-07 3.4516393e-08 8.056548e-07 0.0009930788 9.0924715e-08 1.6121658e-05 5.066837e-06 3.4496965e-09 0.00019704888 0.10234205 0.0023554624 1.05202025e-08 5.137651e-05 2.8750912e-06 0.99994534 3.2809407e-06 1.1285506e-10 1.3644662e-17 0.9995741 6.6565417e-06 2.0414755e-07 4.151924e-09 4.773697e-09 2.3186894e-10 2.0710056e-09 3.885413e-11 1.0570843e-09 1.0636033e-06 3.698897e-06 2.646242e-08 4.4669855e-11 9.071823e-08 1.255608e-06 2.976419e-08 3.819629e-10 4.987388e-08 8.238556e-09 6.907916e-09 2.6650768e-10 1.1812309e-08 5.5967375e-10 1.0111908e-09 5.966152e-08 2.2392524e-07 3.2483634e-09 2.5773146e-09 7.1997888e-09 1.1836599e-08 1.6305246e-10 6.508981e-10 3.0736844e-06 1.6217108e-09 8.7309204e-10 2.0149824e-07 1.3534892e-09 6.608123e-08 6.7372e-11 1.5932344e-09 1.8544421e-08 3.3767331e-09 2.564741e-09 1.4173438e-09 1.8163892e-09 1.9441404e-07 1.1179148e-08 9.610321e-07 2.065522e-09 1.2614754e-07 1.5145682e-08 1.9077348e-10 6.402575e-09 2.2831836e-08 1.6868415e-07 6.132521e-08 1.405293e-08 1.9004967e-10 1.1993017e-08 2.3279878e-09 1.7312143e-10 1.2800978e-08 4.8278242e-08 5.1524715e-08 4.6040755e-10 4.3418935e-09 8.0452685e-09 1.33174695e-11 1.8482206e-08 9.23689e-12 4.4779835e-10 5.2830174e-11 2.4364538e-10 9.900771e-10 1.6226659e-10 2.1392164e-10 1.6562224e-08 3.4523788e-07 3.8136707e-12
0.15388864 7.0795163e-06 0.0048369337 1.4684949e-06 5.4820898e-08 2.2904896e-08 2.9383065e-07 4.266263e-05 1.0139885e-07 0.01099645 0.003503066 1.096719e-08 1.844425e-07 0.00014691941 0.004924672 8.8342006e-08 0.9996891 4.982568e-06 0.22446708 3.8941238e-07 6.2093055e-09 0.9995741 1.5622342e-16 0.08504757 6.0472277e-05 1.2362189e-07 1.2622557e-08 3.061466e-07 1.1360848e-08 2.950883e-10 4.6953982e-08 0.0006106406 0.009806905 2.0290514e-07 8.465595e-09 8.205731e-09 0.0012305484 6.113975e-08 1.9002703e-08 9.094545e-06 1.0576193e-08 4.0930487e-08 1.0780449e-08 2.5640965e-08 3.0270282e-09 2.1797302e-08 3.832532e-06 0.0025146925 2.0112127e-08 1.3305551e-07 8.356283e-09 1.0343796e-08 3.9426764e-09 1.2284376e-07 0.0002607137 8.151072e-09 6.241785e-08 3.4667953e-06 1.5818319e-08 3.5875306e-07 1.06354086e-07 1.1251747e-09 6.890115e-08 9.8791254e-08 8.505138e-08 3.485552e-08 4.301975e-07 0.0047332905 3.311821e-08 0.00057063816 7.8911675e-08 2.9416432e-07 3.2078992e-07 5.242063e-08 2.411711e-08 1.4108177e-08 6.714859e-07 6.886538e-09 1.9954291e-07 6.3447053e-10 2.1163282e-09 4.690043e-09 8.548346e-09 7.076131e-09 7.914875e-09 1.2532041e-05 1.5969392e-10 3.6008727e-10 4.136366e-10 1.9917463e-09 2.5500395e-07 7.893847e-12 3.4734568e-10 5.0605506e-11 1.7149199e-10 1.6263603e-09 5.127875e-11 1.1343811e-11 1.6868585e-06 1.2657153e-08 5.7940263e-13
0.9474462 0.00015580672 0.0031027943 0.00011076582 7.572488e-06 2.9859775e-06 2.1639542e-06 0.011004968 3.2942814e-06 0.24980403 0.0037774115 5.683408e-07 1.7259912e-05 0.001057309 0.0032981671 7.256171e-06 0.999893 8.968314e-06 3.6137484e-05 0.00042368475 5.6811825e-08 6.6565417e-06 0.08504757 4.7000365e-13 0.0003292705 2.8540435e-07 6.111267e-09 3.6887236e-06 2.5550921e-06 1.9623563e-07 1.658114e-06 0.0048074145 0.99200094 1.4475154e-05 5.963208e-07 9.441448e-06 0.048034627 3.1693654e-07 1.8605929e-06 7.235541e-05 1.944647e-05 4.712915e-07 8.381635e-08 1.04942345e-07 0.00050773576 2.3332001e-07 9.698129e-05 0.49268422 1.5179252e-07 4.899523e-06 2.8213097e-05 5.6208887e-06 2.291521e-08 6.8474804e-07 0.019501502 2.6051822e-07 3.9332238e-07 0.00017782811 7.8153e-08 6.2614777e-06 8.77569e-08 8.9034655e-09 1.2689478e-05 2.9739547e-07 1.4362746e-06 4.762456e-09 2.2852837e-06 0.58252496 1.8926363e-06 0.047301512 8.447019e-08 5.8343744e-06 8.1460064e-05 2.5752828e-07 5.294172e-08 4.1626765e-05 5.3844306e-06 1.2112525e-06 3.552164e-06 7.926251e-09 6.7467485e-09 4.8180664e-07 4.6764575e-07 2.2682977e-06 1.3847799e-06 0.0008395829 4.11591e-07 2.7336087e-08 2.2463303e-07 1.8146544e-07 1.22251e-05 4.5299303e-10 1.5065485e-06 6.462376e-08 6.0779746e-07 2.271746e-08 9.033025e-08 5.086529e-09 0.00025246214 9.187329e-07 5.090285e-09
0.8751787 0.8621973 0.77170986 0.10903426 0.032497965 0.50605315 0.0027969019 0.1414431 0.00631954 0.59736174 0.91088223 0.028321173 0.004767988 0.09597887 0.0017501148 0.0010361816 0.00016433398 0.0016140589 5.0966002e-05 0.00037359443 0.0001668676 2.0414755e-07 6.0472277e-05 0.0003292705 1.8585443e-14 0.0005077893 3.1027485e-05 0.004759433 0.18877718 0.0024716542 0.00041194705 0.9899297 0.42458954 0.9213498 8.364903e-05 0.00012309842 0.46338868 0.0054760315 2.8013958e-06 0.97838926 3.5843164e-05 7.3187753e-06 2.1468418e-06 7.367688e-07 4.2764463e-05 0.0004943527 0.18219674 0.0234718 4.1194093e-05 0.15136708 7.7445526e-07 6.224404e-06 2.428312e-06 4.701851e-06 0.5642618 6.267222e-05 0.0010944959 0.40733284 2.1141379e-05 2.526307e-06 4.7907724e-07 4.1806825e-09 0.014334252 6.801276e-06 2.6667616e-05 8.593912e-08 0.00084474956 0.029729953 1.1025914e-05 0.031903844 1.6724533e-06 1.3662356e-06 0.046371356 0.0001381252 3.9174822e-07 6.207921e-05 3.257814e-05 5.266921e-07 0.00066013815 1.4277794e-07 2.7080244e-08 1.00874146e-07 0.00017167596 0.0011930586 1.8312928e-08 0.032458287 4.5933657e-10 6.9288304e-09 3.5580336e-09 0.00028879466 0.011160663 6.010026e-10 4.473799e-05 1.9795756e-07 2.1486207e-05 1.16079306e-07 1.2715329e-07 8.8733066e-07 0.0070011728 3.1564736e-07 8.289288e-10
0.8476736 0.003130066 0.0002630742 0.00058745686 0.02465388 0.13439354 0.0029271375 2.820329e-06 0.09072153 1.5836215e-05 0.00016267427 0.834275 1.0818573e-05 1.3675007e-05 8.2719396e-08 0.6735135 1.3532486e-06 0.03623551 7.2899643e-06 0.00025842717 0.95894855 4.151924e-09 1.2362189e-07 2.8540435e-07 0.0005077893 1.1801526e-11 0.99554145 0.73555267 0.03786125 0.020176282 0.059337948 7.9421196e-05 6.6517356e-07 0.015563192 0.62064177 7.589938e-05 7.0452006e-06 0.14732747 0.012764244 0.00043513183 0.00020978705 0.9472515 0.7156171 0.011966207 0.301305 0.041385118 0.0003874622 1.4431418e-05 0.013328806 0.0035908 0.27222934 0.37106112 0.0016638127 0.0024460908 5.6800723e-06 0.0014142833 0.012992378 0.00012228383 0.0012043852 0.45985833 0.001934839 0.1847339 0.001270653 0.6898453 0.0002395455 0.14055085 0.0046883184 7.841618e-06 0.00014404062 2.3674138e-06 0.0048530065 0.027873686 0.00011992996 0.00025544246 0.03011359 0.21429151 5.238008e-05 0.0007451131 0.0008149286 0.0014970815 0.001373574 0.00040007246 3.056023e-05 0.00046523145 0.0042241286 0.0001090757 4.463362e-05 0.00018767691 3.3481367e-05 8.886416e-05 0.0006071148 1.5832778e-06 5.136853e-05 1.641832e-05 1.5480451e-05 1.1609481e-05 1.2154078e-06 0.0004527174 5.689853e-06 3.215747e-05 4.7226783e-07
0.9573742 7.3559284e-05 3.8991556e-07 1.5166423e-06 0.0004792434 0.00394094 3.184157e-06 2.6185205e-09 0.0017179004 3.835204e-08 3.8450503e-07 0.38438475 1.0006255e-08 7.170697e-08 4.865471e-10 0.14116533 9.089987e-09 0.00309058 2.5909972e-07 7.917955e-07 0.45569053 4.773697e-09 1.2622557e-08 6.111267e-09 3.1027485e-05 0.99554145 1.4369533e-13 0.9062037 0.089733675 0.12823473 0.2329533 1.2799637e-06 1.5979555e-08 0.03959994 0.88760835 0.00010754975 4.2068032e-07 0.765403 0.00095601595 5.780489e-05 0.00011247526 0.6446977 0.9189526 0.28822613 0.16531798 0.5098101 0.00021018516 1.2750247e-06 0.18210505 0.011714633 0.060049124 0.17146328 0.009747035 0.008117728 1.6971778e-06 0.008268317 0.13019545 1.6647395e-05 0.013337823 0.4095213 0.0010303756 0.083655044 0.006102663 0.25150773 0.00045690424 0.12287266 0.029720215 7.731214e-06 0.00040390354 1.2657353e-05 0.0063999873 0.030278934 2.3383658e-05 0.0030491308 0.033259295 0.19349548 0.00011896659 0.00026482643 0.0042521562 0.00022245437 0.00020165791 0.00017650533 0.0005041486 0.0040149833 0.0027974288 0.00034674845 8.696655e-07 4.969132e-07 0.00012049275 0.0007963405 0.001222439 2.6525726e-07 0.001141867 6.321951e-05 0.001081745 7.4437236e-07 2.9225212e-06 0.0006861667 4.357283e-05 9.343215e-06 2.1545393e-06
0.81006664 0.0013018312 0.0004426019 0.00038479487 0.0020898634 0.033224862 0.00039838883 5.1619886e-06 0.0018284931 0.00011727476 0.00054115296 0.5131688 1.6172444e-05 7.1547576e-05 1.2280188e-06 0.04907114 2.8708555e-06 0.0029704783 3.6100055e-06 4.3922075e-05 0.1566772 2.3186894e-10 3.061466e-07 3.6887236e-06 0.004759433 0.73555267 0.9062037 1.2502708e-11 0.29561362 0.63792837 0.9948042 0.00054626213 7.117569e-06 0.08875702 0.98991376 7.251202e-05 6.337459e-05 0.6862816 0.00042984242 0.000975299 2.5272146e-05 0.24770111 0.0767635 0.18103942 0.025360558 0.071524695 0.00040987402 0.00015541982 0.0023261863 0.0051900716 0.0059963358 0.022640912 0.0001868488 0.00042890265 0.0004138245 0.000407619 0.024180073 0.00043772734 0.00053551793 0.052393526 0.00016512357 0.0015736596 0.0053760004 0.0129228495 2.511918e-05 0.0023180598 0.01013642 0.00017668553 0.00011621638 5.907724e-05 9.904017e-05 0.0053313496 0.00027889232 0.0005731757 0.00087343116 0.027822834 5.8211335e-05 0.00011189571 0.00056545896 1.9032223e-05 1.118488e-05 2.1337815e-05 4.0982577e-05 0.00068288017 0.0002876139 0.00025431244 1.1382794e-05 2.2880675e-05 2.2706936e-06 0.00019030052 0.0020439646 6.353103e-08 5.0864473e-05 1.42843455e-05 7.170633e-05 2.002537e-06 4.9163515e-07 8.867081e-05 0.0003363075 6.454391e-07 9.391266e-08
0.8939263 0.046868764 0.0028108694 0.0014207388 0.02193542 0.5593294 0.00026226207 0.00016469436 0.015496354 0.00067446847 0.005104315 0.89513624 7.813848e-06 0.0002140582 1.6647372e-06 0.1518776 3.0456695e-06 0.007717087 1.13659915e-07 1.9952122e-05 0.11130344 2.0710056e-09 1.1360848e-08 2.5550921e-06 0.18877718 0.03786125 0.089733675 0.29561362 4.9469684e-13 0.98936355 0.29065454 0.0034594391 3.646526e-05 0.9810093 0.01820708 1.7766697e-05 0.00037694603 0.9314015 0.00046094606 0.03655032 5.8374106e-05 0.017374402 0.00046103314 0.009799028 0.03240819 0.30589145 0.03732088 0.00046377955 0.004428166 0.41936833 0.009169446 0.011085951 5.4475036e-05 3.574516e-05 0.005017207 0.0009842434 0.08766401 0.038191468 0.0019666667 0.0043529808 5.1605883e-07 1.6058231e-06 0.19372752 0.0010057935 1.6654874e-05 2.846164e-05 0.027198162 0.00056084455 1.0451129e-05 0.0024913352 6.302747e-07 0.00014819659 0.010484528 0.0019087872 8.893297e-06 0.030875493 1.497175e-05 3.9714682e-06 0.0034479457 3.4647694e-06 8.0152637e-07 4.88632e-07 0.0003421541 0.0030037712 1.4052041e-07 0.0050760843 5.044424e-09 1.6077047e-08 3.3303678e-08 0.00034032564 0.03590883 6.7945133e-10 2.8805325e-05 6.279786e-07 2.425538e-05 1.11159835e-07 4.946462e-08 4.6926473e-07 0.0030996106 4.2811735e-08 6.910037e-09
0.65171564 7.637198e-05 9.571139e-05 1.002558e-06 0.0002836319 0.0035204142 3.5802354e-06 2.4021647e-06 0.0002356125 2.736824e-05 4.249217e-05 0.15920918 9.170237e-08 1.0176911e-07 1.4920913e-08 0.011142036 2.239777e-06 0.00035709722 1.0658757e-08 4.9055216e-06 0.024030458 3.885413e-11 2.950883e-10 1.9623563e-07 0.0024716542 0.020176282 0.12823473 0.63792837 0.98936355 1.2164847e-14 0.9989844 6.048514e-05 9.732246e-06 0.098215245 0.22058971 6.9847664e-07 1.17866475e-05 0.91528445 8.54699e-06 0.0013922107 1.6618747e-05 0.016362177 0.0011216891 0.012891516 0.0028644793 0.13325909 0.0025013927 2.9503866e-05 0.0015186231 0.049159747 0.0018880592 0.0030428113 8.012326e-06 1.7596994e-05 0.00018052533 0.00018023221 0.1639173 0.0017440274 0.0006567708 0.0025166548 5.091223e-07 1.0782292e-06 0.053064134 0.00018933839 2.3103858e-06 4.887543e-06 0.06531904 0.00015802307 2.2172902e-07 0.00019963305 1.800627e-07 0.00015419401 0.0010790301 0.0013076029 2.893885e-06 0.0023403305 1.0634319e-06 2.2707002e-06 0.0013805574 7.4372124e-08 1.163521e-08 3.9661182e-07 3.173046e-05 0.0011068599 1.4337784e-06 0.0007963253 2.6339084e-09 3.5901075e-09 1.821299e-08 0.00024951418 0.015000743 2.2286203e-10 2.563983e-05 3.9847484e-07 6.754803e-07 2.650743e-08 1.4269932e-08 4.232154e-07 0.0010276518 7.381317e-09 1.6584395e-10
