1.338712e-19 0.7978813 0.96367955 0.8695944 0.88948226 0.82407945 0.88263613 0.94058615 0.79482573 0.6286651 0.9915682 0.96175975 0.97369707 0.9320373 0.9401069 0.9034925 0.94784456 0.9990161 0.94398504 0.8720469 0.9024198 0.9943055 0.9995528 0.7767182 0.8681934 0.894004 0.6602053 0.8863247 0.90388924 0.9745151 0.7653739 0.90986276 0.8859101 0.7791749 0.77870846 0.78547543 0.27836823 0.29391804 0.9366562 0.98423135 0.8675538 0.7310603 0.71949184 0.97572386 0.8290168 0.224433 0.5659322 0.92546505 0.72233576 0.88616025 0.15041295 0.99055254 0.059593387 0.8869794 0.1288368 0.10620552 0.9753602 0.036390625 0.4211298 0.036637254 0.9978653 0.99997437 0.999967 0.08712987 0.74471766 0.9591419 0.026213748 0.028396208 0.88690346 0.99896216 0.36981875 0.8409694 0.0043266993 0.5510554 0.005346112 0.9955 0.5354489 0.9844314 0.027415583 0.99165994 0.0072852005 0.9747226 0.8047465 0.92340654 0.90045387 0.009307371 0.99998355 0.9900321 0.00087879016 0.76454884 0.00012273176 0.35579693 0.24105363 0.25717494 0.17384125 1.19184e-05 0.017984986 0.031834926 0.06770623 0.20326772 0.00011313159
0.7978813 1.4752883e-18 0.92418283 0.7408707 0.3804926 0.5849814 0.23260206 0.26733863 0.5397507 0.8950215 0.10922232 0.87926227 0.32466295 0.8057411 0.0046713697 0.16327414 0.054357883 0.22118771 0.044051956 0.07138415 0.0021558446 0.15247136 0.24535355 0.04415204 0.26197538 0.35805205 0.014791111 0.0005102522 0.0018729365 0.017111229 0.006540515 0.00090634444 0.00011711951 0.00028626018 0.0011519031 0.00032901656 0.006502902 0.00064434996 0.0012342181 0.004545194 4.3101863e-06 0.00010945646 7.700093e-05 0.0003561098 1.2485313e-05 0.003322032 8.0699596e-05 0.00016196762 4.8383034e-05 0.0007131232 9.619886e-05 0.025684657 0.015323069 2.952306e-05 0.00069637754 7.684456e-06 1.7610027e-06 0.0034253001 2.562161e-06 0.007435739 0.013064348 0.016078008 0.020954277 2.615063e-06 7.479949e-06 2.8865807e-06 1.788072e-05 0.0036122224 2.5024983e-06 0.001437563 0.0017436093 9.933084e-07 0.0053525805 3.154358e-05 3.496174e-05 0.00075895473 1.2742746e-06 4.7199632e-07 4.6287433e-08 5.475187e-06 3.6182357e-10 6.065577e-07 8.925988e-07 5.239544e-08 1.4694812e-06 6.852815e-08 0.0069812583 9.384266e-06 1.2431006e-07 3.9480962e-08 5.540029e-08 8.995498e-07 2.8108638e-10 3.7032525e-08 3.0156656e-08 5.757835e-06 3.1542794e-07 3.5664268e-08 6.5589085e-09 6.686515e-08 3.0106267e-07
0.96367955 0.92418283 1.051138e-15 0.733672 0.6414191 0.5852308 0.43147203 0.5708516 0.5530051 0.3271953 0.20424312 0.81410265 0.8323882 0.33390385 0.008966168 0.023930116 0.08035357 0.697967 0.01094295 0.007819588 0.004816767 0.0378094 0.34172672 0.0093687745 0.12973565 0.04602383 0.00244645 0.0033399935 0.002118252 0.004967424 0.0030710562 0.0010881368 0.00055398233 0.001203208 0.00074416376 0.0006394987 0.008517388 0.002237894 0.0007998179 0.0027742551 6.6809924e-05 0.0003324948 0.000120638775 0.00022148865 7.66603e-05 0.0002995207 7.626034e-05 0.00012754941 0.00011494867 0.0015207521 0.000970405 0.04736743 0.0007278259 0.000104405546 0.0001571838 0.00011809315 4.329648e-06 0.00016903435 4.824315e-05 0.00036543485 0.021441592 0.09293666 0.051587686 1.638055e-05 6.4093774e-06 2.6285777e-06 2.0027062e-05 0.00047223136 2.2559201e-05 0.0047722002 0.04837987 2.137146e-05 0.00085531425 4.5547204e-05 3.1257776e-05 0.0020014918 5.2386204e-06 2.0057614e-06 3.5611624e-06 2.7079082e-06 2.6969884e-08 7.7844055e-07 1.5603957e-06 5.3620983e-08 2.5629004e-07 9.4488837e-07 0.03488635 2.5530935e-07 9.3722946e-07 1.1068276e-07 2.8218022e-07 1.9299332e-05 8.9365704e-10 4.8007447e-08 3.5568487e-08 1.0638808e-05 1.8048289e-07 5.10643e-08 5.5199248e-08 5.250762e-07 8.365198e-07
0.8695944 0.7408707 0.733672 6.4960346e-17 0.71928924 0.973834 0.62452966 0.66774064 0.96911955 0.9136699 0.25235695 0.35994956 0.59265643 0.24715286 0.023677452 0.010425084 0.6360018 0.30368927 0.00078112364 0.0018859851 0.008638097 0.012194987 0.13447393 0.0016099219 0.4623741 0.14019763 0.00094490376 0.004581865 0.0037121794 0.0011935667 0.0004121844 7.9726946e-05 2.5448311e-05 0.0010796457 6.249436e-05 7.556123e-05 0.035717316 0.00542387 0.00012568398 0.0007280988 7.0133046e-06 5.1491785e-05 2.7249089e-05 0.00013156276 1.4869015e-05 0.00034279667 2.7516659e-05 5.515203e-05 1.3434599e-05 0.0010182072 0.0006679368 0.038379733 0.001093758 3.3446355e-05 0.00015657562 8.876727e-05 1.5687394e-06 0.0002115934 2.6494556e-05 0.00076979864 0.00990221 0.0350295 0.010133264 0.00015766257 9.660195e-06 1.987065e-06 2.456019e-05 0.0007639963 9.340907e-06 0.0019285791 0.00816995 2.2553986e-06 0.0034456775 0.0002898979 0.00035450843 0.00047895897 2.290588e-06 2.7383066e-07 9.023694e-06 7.088538e-07 2.4112879e-08 1.8231732e-07 8.6622947e-07 1.2086205e-08 8.3815917e-07 2.2528627e-07 0.0064613568 3.244514e-06 1.4196802e-07 1.6160278e-07 2.2621204e-07 0.00033781957 3.7007812e-08 4.3828513e-07 2.671226e-07 1.6044469e-06 4.5044644e-07 5.3773995e-08 1.497899e-07 4.9123702e-08 8.453902e-08
0.88948226 0.3804926 0.6414191 0.71928924 8.3516525e-15 0.6481789 0.97214496 0.83628935 0.84128946 0.18706502 0.5140812 0.04790456 0.43839025 0.05646513 0.23192838 0.001070775 0.81978005 0.21946798 4.1329222e-05 0.00025301025 0.07133221 0.0013649894 0.033679526 0.00037028274 0.6034204 0.058187373 0.0002597736 0.06282443 0.017199732 0.0001675028 0.00010116795 1.3291524e-05 4.990053e-06 0.0042901454 1.2081325e-05 3.613552e-05 0.16360936 0.03531379 1.14148515e-05 9.7966076e-05 9.0621256e-07 2.0558555e-05 5.709432e-06 1.446435e-05 2.5150832e-06 7.314586e-05 4.3046202e-06 7.7510595e-06 5.841629e-06 0.0025497966 0.0019843485 0.08252392 0.00047393725 1.7056526e-06 3.0605905e-05 0.00015363154 1.9381741e-07 6.902312e-05 8.409335e-05 0.00035519624 0.016445449 0.049473193 0.003891418 1.2034936e-05 3.4668233e-07 1.4347337e-07 2.3639515e-05 0.00044548555 3.5622546e-07 0.0004924353 0.037323684 3.5817196e-05 0.004391871 2.0913074e-05 0.00066316756 7.020863e-05 1.2408299e-07 1.3294643e-07 1.9057094e-06 1.6607751e-07 2.5875464e-08 3.087533e-08 6.207461e-08 1.4032621e-09 5.993079e-08 7.599787e-07 0.013403159 2.3447949e-07 8.6682775e-07 1.3181983e-08 7.810029e-07 7.888268e-05 1.1170425e-09 2.8267e-08 4.97628e-08 5.497235e-06 2.862124e-06 1.403898e-07 4.3566946e-08 2.3941107e-07 2.3155849e-06
0.82407945 0.5849814 0.5852308 0.973834 0.6481789 1.1594307e-17 0.5662175 0.57335955 0.9793832 0.839686 0.23105323 0.21608776 0.46241447 0.12223949 0.059262253 0.0050556054 0.6559944 0.23553774 0.00032029365 0.0010294189 0.019031797 0.008525503 0.095382854 0.00067125773 0.42522183 0.096930064 0.00033809515 0.009397818 0.005154819 0.00074268796 0.00011629068 1.8882221e-05 8.038984e-06 0.0013416554 1.1749567e-05 1.9911122e-05 0.03890919 0.006675882 8.992916e-05 0.00047162286 3.4837012e-06 1.4228087e-05 1.2259261e-05 7.95785e-05 4.8770485e-06 0.0001445884 2.992366e-06 1.2629079e-05 2.6139412e-06 0.0008411236 0.00052115053 0.035952426 0.0005261406 5.0333456e-06 5.3477565e-05 6.203068e-05 4.9725446e-07 7.5895245e-05 1.6914762e-05 0.00027278825 0.009805408 0.024812553 0.0064603616 4.2258787e-05 1.7932781e-06 3.857255e-07 5.9339154e-06 0.00029222874 1.1966582e-06 0.0010618069 0.002220755 6.835143e-07 0.003016143 6.155534e-05 0.00033523396 8.578024e-05 4.3335413e-07 1.6672959e-07 4.113244e-06 3.0917604e-07 1.37914045e-08 1.2261657e-07 1.3149169e-07 2.1727022e-09 1.730309e-07 2.0506485e-07 0.0028798636 9.0008433e-07 2.0290727e-07 6.763114e-08 3.1461047e-07 0.00012332627 1.5748055e-08 1.268182e-07 7.224567e-08 9.286623e-07 7.65936e-08 4.078958e-08 2.8554634e-08 5.8264864e-09 4.415245e-08
0.88263613 0.23260206 0.43147203 0.62452966 0.97214496 0.5662175 6.2257435e-16 0.8475889 0.8303904 0.09902815 0.5908961 0.021364661 0.4741982 0.008724438 0.6174515 0.0004458857 0.79162306 0.18161397 2.4986266e-05 0.00022284614 0.18957132 0.000867628 0.021956764 0.00012678176 0.5118512 0.00924384 6.565237e-05 0.09622517 0.061112132 0.00012868362 2.8069731e-05 5.465432e-06 1.2709297e-06 0.008439443 8.239471e-06 2.1865086e-05 0.13566652 0.043341674 9.725121e-06 0.0001017812 4.5810887e-07 7.6367505e-06 2.988e-06 6.469961e-06 2.571929e-06 2.0745778e-05 1.389194e-06 3.8584158e-06 2.8033548e-06 0.0072678244 0.003955282 0.1999185 0.00010039903 1.058463e-06 1.0029391e-05 0.00045751536 1.4423026e-07 3.2273663e-05 0.00012847835 0.00015365674 0.020701328 0.069763 0.003939995 4.020947e-06 1.5863284e-07 3.6950258e-08 1.788333e-05 0.00016933479 8.455723e-08 0.00043110026 0.028158426 6.56095e-05 0.0029812462 1.0224111e-05 0.00047951814 3.6543064e-05 3.0601424e-08 7.212025e-08 2.4943708e-06 1.4705796e-07 1.9290397e-08 2.0973621e-08 4.0682668e-08 7.51062e-10 5.0671943e-08 7.0359306e-07 0.014276409 2.0033555e-07 1.6642069e-06 1.2056824e-08 1.0476211e-06 2.297932e-05 1.1096442e-09 2.839371e-08 5.6305776e-08 8.099169e-06 8.0232707e-07 3.4540303e-08 2.389568e-08 1.6844946e-07 8.483271e-07
0.94058615 0.26733863 0.5708516 0.66774064 0.83628935 0.57335955 0.8475889 6.5120448e-15 0.70749235 0.055903338 0.96051157 0.033438705 0.7561804 0.019638544 0.16462949 0.002581182 0.24911425 0.30571312 0.00045048603 0.0012027313 0.045986224 0.0027426246 0.050113257 0.0007702822 0.057615813 0.0034890512 0.00029692805 0.035767958 0.015956296 0.00052878604 0.00040992134 0.00012786289 7.786143e-05 0.005839106 6.33845e-05 0.0001403461 0.01124314 0.010041235 0.00020814374 0.000109427965 8.735985e-06 5.385496e-05 2.4121404e-05 5.33407e-05 1.5206985e-05 3.2038333e-05 3.4601233e-06 4.458308e-05 8.049003e-06 0.0040930063 0.005042703 0.2159919 0.000103324295 2.2249667e-05 3.0933177e-05 0.0004920564 7.716147e-07 6.894109e-05 0.00023709453 0.00012707518 0.03009699 0.11957956 0.017877415 1.845576e-05 4.03261e-06 7.9424365e-07 2.1449088e-05 7.680775e-05 2.7114811e-05 0.0020423464 0.007206402 0.0001235424 0.0004330648 0.00014500266 3.6395217e-05 0.0005933022 7.680691e-06 9.158941e-07 3.2328264e-06 1.4797952e-06 6.00452e-08 1.9594539e-07 5.4913437e-07 2.773317e-08 7.469113e-08 1.311827e-05 0.01976721 5.4727916e-08 3.3059323e-06 2.9485566e-08 7.62631e-07 0.00014606427 1.3706041e-09 3.1254646e-07 2.7182128e-07 5.055388e-06 5.870362e-06 4.6462105e-07 9.070855e-08 1.675242e-06 1.1041455e-05
0.79482573 0.5397507 0.5530051 0.96911955 0.84128946 0.9793832 0.8303904 0.70749235 5.4845193e-18 0.7045749 0.3403432 0.07000085 0.54073966 0.03425111 0.5424374 0.0014159553 0.8540546 0.20096825 5.896664e-05 0.0006103213 0.093732424 0.0019968173 0.044850484 0.00027312714 0.49109343 0.016849166 9.007121e-05 0.05531509 0.024608685 0.000215911 5.309774e-05 1.28581e-05 2.9263892e-06 0.004667333 5.197392e-06 1.6088421e-05 0.07125233 0.01060085 2.620247e-05 8.695983e-05 4.487267e-07 1.09531275e-05 6.4491587e-06 2.0663123e-05 2.862539e-06 3.4905035e-05 8.0645657e-07 2.0345149e-06 9.540972e-07 0.0018232719 0.001030488 0.11546445 0.00028760155 3.2069724e-07 1.8741712e-05 0.0001615092 4.0758007e-08 1.9880952e-05 3.666039e-05 9.5757314e-05 0.013469681 0.032525938 0.0039028726 1.015046e-05 9.8053505e-08 6.803832e-08 2.1741625e-06 8.071637e-05 2.8654847e-07 0.0003443703 0.0017929131 5.206714e-06 0.002682781 2.0914313e-05 0.00023473825 1.0153045e-05 8.94618e-08 2.1279004e-07 7.2426167e-07 1.3811812e-07 2.0481858e-09 6.633962e-08 7.9668595e-08 9.136131e-10 7.0338004e-08 4.2458076e-08 0.0018223749 5.0384e-07 3.5183415e-08 2.578245e-08 4.5199492e-08 5.840161e-05 6.134858e-09 2.7821487e-08 2.2861077e-08 2.6911806e-07 2.6528824e-08 2.9064928e-09 2.4652835e-09 5.0111764e-09 6.0228125e-09
0.6286651 0.8950215 0.3271953 0.9136699 0.18706502 0.839686 0.09902815 0.055903338 0.7045749 3.108806e-16 0.027423657 0.28387848 0.07068622 0.941119 0.010764237 0.22036605 0.21957597 0.07757966 0.028844515 0.10821823 0.002395407 0.022046207 0.08037097 0.073020406 0.4228294 0.44448856 0.030903487 0.0005260687 0.0021329762 0.0033343614 0.005853204 0.0004939102 0.00010553325 0.00048532372 0.00049539574 0.00022893587 0.01388324 0.0013490301 0.00084262656 0.0021293988 2.7669019e-05 0.0001398551 8.6750675e-05 0.00020700906 2.5933705e-05 0.008922874 7.243371e-05 7.8763835e-05 5.4290864e-05 0.0005464974 0.00021101083 0.0065833726 0.014635396 6.5190114e-05 0.00094317924 1.06742245e-05 2.36206e-06 0.004244288 2.8776974e-06 0.006793439 0.0059203445 0.005579352 0.0046055433 7.522969e-05 6.8840272e-06 2.8698646e-06 4.8167847e-05 0.005540576 1.575598e-05 0.0008006754 0.0005841195 6.4665903e-07 0.014407739 7.59279e-05 9.601629e-05 2.2115295e-05 1.4165204e-06 3.4558923e-06 6.963952e-06 4.007785e-06 3.606258e-08 4.062219e-06 1.6044509e-05 2.4005945e-07 6.8139557e-06 3.213708e-07 0.00093036395 6.093317e-06 3.3615706e-07 5.032944e-07 1.4956273e-06 0.000239474 7.537331e-09 3.1663217e-06 1.808311e-07 1.9855684e-06 1.0851604e-06 3.8266174e-07 2.2832662e-08 2.5441135e-08 9.914992e-08
0.9915682 0.10922232 0.20424312 0.25235695 0.5140812 0.23105323 0.5908961 0.96051157 0.3403432 0.027423657 3.1053448e-16 0.01723542 0.6999507 0.0072235763 0.34258708 0.0006531022 0.20760511 0.42609552 8.7615954e-05 0.00025607052 0.111577 0.00058593944 0.029839054 0.00017120867 0.047944732 0.00096671487 5.9113878e-05 0.088723235 0.02588849 0.00010344004 5.6358724e-05 1.9519379e-05 1.0936416e-05 0.009242364 1.5836667e-05 4.866685e-05 0.010829063 0.010091362 4.683415e-05 3.6098456e-05 2.2361935e-06 2.5130104e-05 4.062487e-06 9.476495e-06 6.987948e-06 5.6319905e-06 2.3220643e-06 7.872685e-06 6.5966265e-06 0.0056125275 0.010736382 0.41117457 1.9166773e-05 1.6330016e-05 8.809702e-06 0.0004927733 3.489385e-07 1.0888659e-05 0.000116962794 3.1087846e-05 0.0783803 0.57887816 0.016400991 1.9393028e-06 1.7415641e-06 9.2300574e-08 9.36058e-06 5.3084955e-06 1.7267404e-05 0.0009736991 0.0064879637 9.9150086e-05 0.000112073525 5.7516638e-05 1.71328e-05 0.00024565635 4.165019e-07 3.944286e-07 8.608691e-07 4.310599e-07 8.5450736e-08 2.2358776e-08 3.6113502e-07 1.0129654e-08 3.4231658e-08 1.2126579e-06 0.1024782 2.7252154e-09 1.461335e-06 4.3140167e-09 1.0672816e-06 1.0063327e-05 1.6558487e-09 5.969805e-08 7.3697855e-08 1.2905065e-05 7.4147175e-07 1.1009533e-07 7.7248945e-09 2.560739e-08 2.9566493e-06
0.96175975 0.87926227 0.81410265 0.35994956 0.04790456 0.21608776 0.021364661 0.033438705 0.07000085 0.28387848 0.01723542 1.022227e-16 0.24279022 0.54966605 0.0018693927 0.46318468 0.00479522 0.38569582 0.6346018 0.25265506 0.00070749235 0.7372133 0.8909152 0.11159194 0.059204303 0.06132769 0.0144642955 0.0012311299 0.00092958217 0.16169293 0.030843599 0.017089557 0.012011615 0.00055022846 0.007118584 0.0039183763 0.003134593 0.00087642117 0.0183356 0.027826322 0.0008268442 0.0018302064 0.00080347154 0.0054418803 0.0005502822 0.0033326354 0.0014124049 0.001885853 0.0013929377 0.0012483185 0.00062373054 0.04161187 0.0056303185 0.0012053453 0.0022094098 2.4855124e-05 8.3805455e-05 0.0013444982 2.0041075e-06 0.001938568 0.017615255 0.0899353 0.22217746 0.00012862252 7.3454416e-05 1.7194048e-05 4.024609e-05 0.00068452355 0.00015440518 0.019222917 0.004378025 1.865971e-05 0.00050780404 0.0001842487 4.5800734e-06 0.0057738037 2.1363063e-05 3.464351e-05 1.982542e-05 1.7916054e-05 1.0795414e-07 4.623591e-06 3.621207e-05 2.6445643e-06 1.2015789e-06 1.1452531e-06 0.053445704 4.252529e-07 1.1241219e-06 1.9011096e-06 5.5549083e-07 0.000118000724 1.2951379e-08 1.0934504e-06 9.5389574e-08 3.2536343e-05 5.554331e-07 7.66335e-08 5.5514736e-08 2.0971191e-07 7.248207e-07
0.97369707 0.32466295 0.8323882 0.59265643 0.43839025 0.46241447 0.4741982 0.7561804 0.54073966 0.07068622 0.6999507 0.24279022 1.125051e-15 0.05051349 0.12983133 0.009058542 0.07894048 0.93780637 0.0040460913 0.004431157 0.021297721 0.023057746 0.3329305 0.003020844 0.057461295 0.004451636 0.0011338522 0.030717205 0.011216484 0.0025228583 0.0013972771 0.00052320375 0.00037699583 0.008327768 0.00024718413 0.00051251653 0.011023182 0.011437736 0.0012403333 0.00050600234 7.296889e-05 0.0002019146 7.408498e-05 0.00019823595 4.399498e-05 0.00014198435 6.605084e-05 0.00025693772 5.394785e-05 0.0022958524 0.009805184 0.24765947 0.00018981133 0.0003556224 0.00011612919 0.0008776394 3.6406e-06 8.627553e-05 0.00036279924 0.000112427864 0.026808888 0.2861715 0.052697062 1.6102926e-05 1.2234897e-05 7.2741614e-07 9.987737e-06 4.5300454e-05 9.371874e-05 0.0045028115 0.0053135585 9.647052e-05 0.0005388967 0.00012436301 0.00010113168 0.00071585627 7.688759e-06 6.5044087e-06 8.838153e-06 6.6901644e-06 5.375721e-07 3.738141e-07 2.9324517e-06 7.94569e-08 5.8998415e-07 5.023534e-06 0.035270397 2.9713933e-08 7.665324e-06 1.5913061e-07 1.8789773e-06 0.00012480226 8.783288e-09 1.4854877e-06 1.2253264e-07 1.9518764e-05 7.441853e-06 2.007251e-07 4.7026127e-08 4.9603767e-07 4.991033e-06
0.9320373 0.8057411 0.33390385 0.24715286 0.05646513 0.12223949 0.008724438 0.019638544 0.03425111 0.941119 0.0072235763 0.54966605 0.05051349 2.0901641e-17 0.0003311919 0.7033951 0.0013409161 0.19614181 0.08206484 0.24482745 0.0006172695 0.13877085 0.3289714 0.5618271 0.18593189 0.9173065 0.33211517 0.00019069584 0.00043544755 0.074583575 0.14760175 0.04948406 0.017321296 9.650558e-05 0.047782492 0.0053880163 0.0020708726 0.00013577772 0.0023071086 0.005241844 2.632736e-05 0.00057543523 0.00019376907 0.0014252756 0.0001131371 0.040424757 0.0015986857 0.00024820177 0.00025968096 0.00017616159 8.265817e-05 0.014678819 0.03927173 0.00013634346 0.008177021 1.0116544e-06 6.306688e-06 0.011712315 6.086597e-08 0.030172842 0.009063787 0.023909895 0.030440856 0.00010756144 8.497137e-06 7.3190654e-07 0.0004319606 0.028743839 1.2178159e-05 0.00080843834 0.00014350397 4.01264e-07 0.0076785195 7.4384014e-05 1.5269197e-05 3.693541e-05 5.89965e-07 7.8303594e-07 3.6808835e-06 5.7007273e-06 1.4934693e-08 4.6180035e-06 3.0436486e-06 4.9478118e-08 2.927118e-06 7.224402e-08 0.0048586787 5.5812626e-07 2.2075508e-07 7.3751956e-09 4.603986e-07 3.071384e-06 5.367885e-10 2.2445729e-08 7.4275692e-09 1.4898754e-05 2.6791346e-07 1.679726e-08 2.870309e-09 1.064177e-09 3.0814633e-07
0.9401069 0.0046713697 0.008966168 0.023677452 0.23192838 0.059262253 0.6174515 0.16462949 0.5424374 0.010764237 0.34258708 0.0018693927 0.12983133 0.0003311919 1.138373e-16 0.00047147853 0.5472299 0.08938021 6.417891e-06 0.00020017714 0.9805538 0.0002498054 0.00955733 5.1574545e-05 0.027550807 0.000466143 3.7508475e-05 0.7192868 0.47539374 6.413783e-05 1.6350179e-05 6.269604e-06 1.3091505e-06 0.16846451 1.0417167e-05 8.465229e-06 0.042651832 0.1320865 5.396715e-05 1.6198173e-05 2.0225487e-07 3.1085933e-06 1.0057728e-06 1.3232182e-05 1.1541616e-06 1.0446585e-05 8.9690974e-07 6.2302174e-06 9.272986e-07 0.08531785 0.20851815 0.68774325 4.6281722e-05 3.3369204e-06 1.0565091e-05 0.010761691 1.2002063e-07 1.161987e-05 0.0034031235 0.0001002145 0.14710163 0.47971287 0.0064545916 5.5637115e-06 6.089991e-07 1.4477833e-07 1.6289356e-05 1.5680538e-05 1.5107872e-06 0.00037770963 0.017652081 0.0002295176 0.00055914436 0.0001323263 0.0003193628 2.9604911e-05 1.154564e-07 2.7559489e-07 2.289436e-05 7.2904265e-07 4.96825e-07 1.9508956e-07 1.1766926e-07 5.695306e-09 3.9943134e-07 2.1741656e-05 0.045935925 1.6983142e-08 8.25103e-06 1.8282252e-08 9.4072453e-07 0.00016358064 1.6583076e-09 1.6100593e-07 2.3387281e-08 7.0088445e-06 2.9353923e-06 1.2222897e-07 1.1155383e-07 5.4756626e-08 2.5247296e-06
0.9034925 0.16327414 0.023930116 0.010425084 0.001070775 0.0050556054 0.0004458857 0.002581182 0.0014159553 0.22036605 0.0006531022 0.46318468 0.009058542 0.7033951 0.00047147853 5.265631e-16 0.00081050757 0.042029895 0.7243369 0.968543 0.0001562792 0.18980516 0.16792434 0.82409126 0.021512445 0.54032904 0.46908087 0.00012566191 0.0003185275 0.2672612 0.5938192 0.38405252 0.3645639 5.1288793e-05 0.31133255 0.119906336 0.0009816185 9.539745e-05 0.004663278 0.015954675 0.0024540164 0.022820184 0.00518304 0.002364677 0.0018095488 0.07489788 0.02495264 0.00088251533 0.022582956 0.00032710214 8.3778046e-05 0.016349923 0.03964247 0.0009088741 0.021521049 8.073988e-06 0.00021005933 0.01746336 1.1146382e-06 0.025029752 0.005744466 0.011001463 0.029723546 0.0006572165 0.00037911182 3.281243e-05 0.0017571781 0.0112363985 0.00026437122 0.0016571649 3.3987286e-05 1.016854e-05 0.00033518567 0.0007005467 1.0535524e-06 0.00026837442 2.998515e-05 1.7437304e-05 1.140805e-05 2.6575839e-05 1.6656924e-07 1.2327518e-05 2.875559e-05 8.2479573e-07 1.5475912e-06 6.477753e-06 0.0077073523 2.3231819e-07 1.6292439e-06 1.8482918e-07 3.0140357e-06 1.606864e-05 5.7986593e-09 3.2508834e-07 1.4233663e-07 1.2255638e-05 2.725001e-06 5.762589e-07 2.4433437e-08 1.9331907e-08 9.319312e-06
0.94784456 0.054357883 0.08035357 0.6360018 0.81978005 0.6559944 0.79162306 0.24911425 0.8540546 0.21957597 0.20760511 0.00479522 0.07894048 0.0013409161 0.5472299 0.00081050757 6.3094747e-15 0.20299847 2.7451782e-05 0.0001215409 0.40457556 0.00027204238 0.040617704 4.9329115e-05 0.9792377 0.013234865 5.3898228e-05 0.62787056 0.04877515 0.00016376482 1.6834043e-05 6.835557e-06 1.1274449e-06 0.060565438 4.5837132e-06 8.609261e-06 0.6866361 0.5975835 6.0003367e-06 2.7899487e-05 1.6300419e-07 3.8649637e-06 6.7238057e-07 2.6243945e-06 7.373874e-07 2.0592322e-05 1.1522503e-06 7.2081434e-07 4.8418343e-07 0.009030044 0.13677864 0.07845105 0.00031508028 7.0605256e-07 3.0166942e-05 0.0030462595 2.950323e-08 5.8985366e-05 0.00028997337 0.00023272258 0.060420893 0.04478797 0.0025855992 0.00014655766 1.1091312e-07 1.3851378e-08 3.8415947e-05 0.00080840325 5.919031e-07 4.2426775e-05 0.20821357 0.0002655601 0.03305725 3.4598097e-06 0.0032501812 1.4757743e-06 2.7405196e-07 2.5216528e-07 3.2092169e-06 4.3999407e-06 3.2263706e-08 2.3226826e-06 5.5413574e-07 8.238822e-09 5.9090763e-07 3.4883877e-05 0.021200871 4.5333513e-07 1.5454681e-05 1.8816876e-07 1.6941617e-06 0.00015910565 3.3830847e-08 4.1103323e-07 5.942095e-07 5.4108397e-05 7.5919247e-06 1.0700188e-06 1.1004173e-08 1.3651171e-09 1.0325282e-05
0.9990161 0.22118771 0.697967 0.30368927 0.21946798 0.23553774 0.18161397 0.30571312 0.20096825 0.07757966 0.42609552 0.38569582 0.93780637 0.19614181 0.08938021 0.042029895 0.20299847 6.628935e-17 0.033331957 0.024606714 0.033602625 0.065715924 0.59177 0.017257163 0.2146677 0.05097866 0.0045008003 0.04746474 0.0079151215 0.016855683 0.005461111 0.0033545769 0.0030149643 0.00745109 0.0020273826 0.0020791304 0.015925048 0.010725845 0.0019071441 0.0023603756 0.00051481155 0.0008861245 0.00037657504 0.0006327934 0.00059240405 0.00047549463 0.00032839522 0.0006186685 0.00059189525 0.0010324111 0.0045602685 0.08063656 0.00029404584 0.0009486997 0.00013927266 0.0002816969 1.9640302e-05 5.6729514e-05 7.296429e-05 0.00018154742 0.015878923 0.37081483 0.1160249 1.4033266e-05 3.1891246e-05 9.013054e-06 4.648139e-05 0.00014510199 0.00057368784 0.004262355 0.010453458 1.5766098e-05 0.0002723196 0.00024914183 5.7787307e-05 0.0006526277 1.6813658e-06 2.3303858e-06 7.623994e-06 3.5889047e-06 2.7935337e-06 7.4058335e-07 1.70053e-06 9.8492116e-08 7.6878314e-07 5.7776833e-07 0.054134175 3.7665025e-08 6.079897e-06 4.2100435e-08 4.0498953e-06 2.3281111e-06 2.8468965e-09 1.8983312e-07 1.5041294e-08 3.6798363e-05 1.2299574e-06 5.6723046e-08 1.5603764e-08 3.677166e-09 6.402328e-06
0.94398504 0.044051956 0.01094295 0.00078112364 4.1329222e-05 0.00032029365 2.4986266e-05 0.00045048603 5.896664e-05 0.028844515 8.7615954e-05 0.6346018 0.0040460913 0.08206484 6.417891e-06 0.7243369 2.7451782e-05 0.033331957 5.3286706e-18 0.9520285 3.8802946e-06 0.9002831 0.25860092 0.1760631 0.0016117608 0.010182675 0.031867523 2.3088794e-06 2.2776348e-05 0.7663423 0.16063958 0.13002908 0.17102599 1.2794413e-06 0.04991519 0.035406943 0.00021116967 9.413765e-06 0.044781517 0.14871316 0.014743362 0.011276724 0.0062498627 0.0040310454 0.002400809 0.006986866 0.0034734458 0.0017258867 0.0037173822 1.8892253e-05 3.3318233e-06 0.0058602863 0.0052037057 0.0039272914 0.0038532794 1.9114757e-06 0.00014037543 0.0036528383 1.7679466e-07 0.0029300493 0.0027345726 0.010122997 0.16206397 0.0008610079 0.0007622754 1.1506366e-05 0.0008615155 0.0005433735 0.0015248685 0.021464707 1.2603198e-05 3.288837e-07 1.4729869e-05 0.0025713982 3.1388495e-07 0.0054714303 1.367922e-05 4.664576e-06 2.9980774e-05 4.2053474e-05 1.3838276e-07 1.5565009e-05 3.3931306e-06 2.8003367e-07 2.335062e-06 1.1446307e-06 0.012280535 3.7127193e-06 9.766821e-07 3.996274e-08 2.1213266e-06 6.410313e-06 2.9439768e-08 1.2486504e-07 5.914088e-07 2.0140986e-05 1.2504839e-06 3.5472905e-07 3.125244e-07 7.9489496e-08 3.1914933e-06
0.8720469 0.07138415 0.007819588 0.0018859851 0.00025301025 0.0010294189 0.00022284614 0.0012027313 0.0006103213 0.10821823 0.00025607052 0.25265506 0.004431157 0.24482745 0.00020017714 0.968543 0.0001215409 0.024606714 0.9520285 2.5127614e-16 4.8102804e-05 0.45931172 0.12003038 0.63093203 0.003978774 0.0733847 0.1357233 2.2684393e-05 0.00017998023 0.38286698 0.54142606 0.37448683 0.38979778 6.5785207e-06 0.16535968 0.09942959 0.00043571112 9.806207e-05 0.029993039 0.05000088 0.02350723 0.025970455 0.0129949255 0.0030197639 0.0035316034 0.018950867 0.008243024 0.0015795031 0.010988539 9.767389e-05 2.804252e-05 0.00850927 0.0077567426 0.0045646373 0.006729865 1.2799125e-06 0.00037206837 0.0056840507 3.2930768e-07 0.0043170196 0.002248703 0.0055015995 0.05049828 0.0010484987 0.0015089781 0.000117909265 0.0008096571 0.00086430024 0.0015036671 0.0073197396 1.611627e-06 9.604026e-07 5.7405232e-05 0.0032683355 4.9613226e-07 0.0016669368 7.6809796e-05 3.275421e-05 9.165049e-05 0.00012576322 1.556504e-07 0.00010888395 2.6839658e-05 1.0885217e-06 1.5778778e-05 2.164689e-06 0.005792213 8.50892e-06 7.4672295e-07 2.8456785e-07 5.100271e-07 0.00011787048 1.5763352e-08 6.0446325e-07 1.4614459e-07 2.6555936e-06 2.1286526e-06 7.8362314e-07 3.682623e-07 1.1660788e-07 7.9358796e-07
0.9024198 0.0021558446 0.004816767 0.008638097 0.07133221 0.019031797 0.18957132 0.045986224 0.093732424 0.002395407 0.111577 0.00070749235 0.021297721 0.0006172695 0.9805538 0.0001562792 0.40457556 0.033602625 3.8802946e-06 4.8102804e-05 3.9492252e-16 5.1936586e-05 0.0019616014 4.0864594e-05 0.05006272 0.00080425927 2.0348223e-05 0.88228816 0.75819117 3.503534e-05 1.7769902e-05 1.0727292e-05 2.526377e-06 0.5033591 4.222759e-06 1.0646694e-05 0.08012959 0.29001206 9.417932e-06 6.997705e-06 3.1403493e-07 3.415265e-06 1.1556551e-06 5.1548955e-06 4.401315e-07 5.35546e-06 6.586665e-07 1.5791385e-06 7.764031e-07 0.07742594 0.27794147 0.35024208 2.0905278e-05 1.4876583e-06 5.996681e-06 0.040953264 5.100862e-08 1.7344528e-05 0.035395276 0.00012982544 0.15354082 0.21351773 0.0021094917 1.2502585e-06 1.3994668e-07 2.1877316e-08 1.5551434e-05 2.882302e-05 4.3726064e-07 0.00036028965 0.17110556 0.0019606412 0.00080596533 1.274922e-05 0.00047252604 9.944994e-06 5.237526e-08 2.5196408e-07 6.8249988e-06 4.7766713e-07 2.7409246e-07 5.0423775e-08 5.3196395e-08 1.6032574e-09 2.0194694e-08 2.949026e-06 0.086830646 3.4438585e-09 9.739526e-06 2.9006944e-09 4.305413e-06 7.703887e-06 2.970467e-10 1.300979e-07 8.641889e-09 2.963762e-05 5.3709704e-07 7.2292124e-08 3.7542573e-09 3.852505e-09 2.5663965e-06
0.9943055 0.15247136 0.0378094 0.012194987 0.0013649894 0.008525503 0.000867628 0.0027426246 0.0019968173 0.022046207 0.00058593944 0.7372133 0.023057746 0.13877085 0.0002498054 0.18980516 0.00027204238 0.065715924 0.9002831 0.45931172 5.1936586e-05 3.3927753e-17 0.79690677 0.08317476 0.010722199 0.007551841 0.010876985 0.00015578399 0.00024769196 0.9005882 0.084326535 0.097890645 0.13954382 0.00013675379 0.020565987 0.032083664 0.00038113538 7.9342e-05 0.19382325 0.40754524 0.030777816 0.015551888 0.0093947705 0.04616406 0.006473107 0.004149664 0.004204163 0.016771741 0.006738529 0.00044768018 0.00010172394 0.056372833 0.0018603597 0.010797167 0.0033759044 9.67897e-06 0.005270109 0.0013149095 3.8616645e-07 0.0007742689 0.013384509 0.119491704 0.5701766 0.0014472441 0.002658911 0.00035264474 0.00030694573 0.0001641357 0.0035380963 0.05473813 0.00030916615 2.2921222e-06 5.7871417e-05 0.0030110935 6.2254634e-07 0.014582238 0.0001485988 0.00016632535 0.0008305559 0.00015637818 1.0464374e-05 6.4682376e-05 0.00021665706 3.346572e-05 3.7965852e-05 7.790818e-06 0.04462058 2.6314092e-06 3.8490366e-06 8.3339e-06 2.1085975e-06 9.112851e-05 3.0448547e-07 1.4241554e-05 7.739886e-07 5.3982534e-05 4.2090446e-06 6.634654e-07 1.4486028e-06 2.4228262e-07 1.1786789e-06
0.9995528 0.24535355 0.34172672 0.13447393 0.033679526 0.095382854 0.021956764 0.050113257 0.044850484 0.08037097 0.029839054 0.8909152 0.3329305 0.3289714 0.00955733 0.16792434 0.040617704 0.59177 0.25860092 0.12003038 0.0019616014 0.79690677 1.5878105e-16 0.10448977 0.100675136 0.14622244 0.02225209 0.010807974 0.0024655766 0.24404597 0.0459834 0.041169953 0.039326973 0.0015895156 0.014962659 0.014168718 0.0050543062 0.0042649433 0.06621342 0.096311755 0.013445779 0.008005461 0.0043974705 0.025203202 0.0039712526 0.0049860147 0.004255978 0.008845734 0.005314919 0.0012292856 0.003202222 0.06916042 0.003723795 0.0116719715 0.0019077735 0.00017117063 0.002292882 0.00064974156 3.7402185e-06 0.0019452203 0.01684258 0.354506 0.6559793 0.0003872622 0.0010164017 0.00055004115 0.0001193853 0.00070746057 0.005913189 0.08608433 0.0045917723 1.2575176e-05 0.0004458842 0.0023823904 8.788219e-06 0.016965687 0.00034501823 0.0002770917 0.00018522877 0.00025648746 1.4726315e-05 5.1011375e-05 7.8006655e-05 1.4452422e-05 4.7742527e-05 1.5345405e-06 0.13205247 1.9533686e-06 4.4772623e-06 2.131199e-05 3.1337931e-06 3.891362e-05 4.6961773e-08 9.099941e-06 1.4467093e-07 4.2099055e-05 3.887017e-06 5.751307e-07 8.9020276e-08 3.949e-08 1.7978792e-06
0.7767182 0.04415204 0.0093687745 0.0016099219 0.00037028274 0.00067125773 0.00012678176 0.0007702822 0.00027312714 0.073020406 0.00017120867 0.11159194 0.003020844 0.5618271 5.1574545e-05 0.82409126 4.9329115e-05 0.017257163 0.1760631 0.63093203 4.0864594e-05 0.08317476 0.10448977 1.2973875e-16 0.0025790397 0.47542027 0.9753382 8.898124e-06 3.0842097e-05 0.097076304 0.88148266 0.38088608 0.19130275 2.7749602e-06 0.45985305 0.1173589 0.00014896602 1.2227372e-05 0.0018454546 0.0038689105 0.00034731906 0.008719369 0.0013108166 0.00090491463 0.00017772029 0.08751659 0.014640631 0.00043977486 0.0025598714 6.1278156e-06 5.1261036e-06 0.001803868 0.02461434 0.00032729845 0.018994724 2.3605467e-06 5.242711e-05 0.018949248 2.4819357e-07 0.01450295 0.001154192 0.0019319331 0.005921583 0.000540292 5.142097e-05 1.4392006e-06 0.0008645406 0.0041237944 2.8640095e-05 0.00039834742 1.0444213e-05 8.595548e-07 0.00024791388 9.7388154e-05 3.911683e-06 4.317009e-05 1.2503182e-06 1.0131287e-06 3.238946e-06 1.451199e-05 7.1899116e-08 4.7847752e-06 3.7042605e-07 2.6537108e-09 6.769874e-07 1.8355504e-06 0.0011243381 3.006881e-06 2.9811176e-06 2.3203993e-08 4.436184e-06 3.4782057e-05 1.27404975e-08 2.0569995e-08 2.292698e-07 6.026108e-06 2.6206653e-06 2.7068896e-07 3.9214388e-08 1.0092875e-08 2.8769427e-06
0.8681934 0.26197538 0.12973565 0.4623741 0.6034204 0.42522183 0.5118512 0.057615813 0.49109343 0.4228294 0.047944732 0.059204303 0.057461295 0.18593189 0.027550807 0.021512445 0.9792377 0.2146677 0.0016117608 0.003978774 0.05006272 0.010722199 0.100675136 0.0025790397 4.794359e-15 0.77197874 0.0027835427 0.13634063 0.0050849416 0.0025056424 0.00022671647 0.0002961026 5.5114906e-05 0.010895299 3.73554e-05 4.9852082e-05 0.98531973 0.13984224 0.000337009 0.0012817705 3.411606e-06 2.6195476e-05 2.273583e-05 6.871319e-05 2.9575601e-06 0.0020642078 7.369385e-06 6.173442e-05 2.1813612e-06 0.0014811704 0.00340833 0.02911331 0.009227313 6.135877e-05 0.00022715838 0.00016036622 2.2419674e-06 0.00097636733 6.319739e-05 0.0067496356 0.015240663 0.032098837 0.0042338744 6.191053e-05 7.4684554e-05 3.4919137e-06 7.95537e-05 0.03010219 6.445927e-05 0.00018872599 0.07928525 0.00035768704 0.12946022 0.00021949271 0.008318984 7.0525816e-06 1.7166489e-05 3.6412715e-05 2.2007373e-06 6.797869e-05 1.6512331e-07 0.00015896292 9.35585e-06 2.5988444e-07 1.0168675e-05 4.4994627e-05 0.013604467 5.2990243e-05 8.562433e-06 2.8673614e-06 4.062308e-06 4.89634e-05 1.3403162e-06 1.8472963e-05 5.1904595e-07 6.404084e-05 3.0487352e-06 2.0377302e-06 2.9159507e-08 1.7960873e-09 2.0659545e-06
0.894004 0.35805205 0.04602383 0.14019763 0.058187373 0.096930064 0.00924384 0.0034890512 0.016849166 0.44448856 0.00096671487 0.06132769 0.004451636 0.9173065 0.000466143 0.54032904 0.013234865 0.05097866 0.010182675 0.0733847 0.00080425927 0.007551841 0.14622244 0.47542027 0.77197874 2.2129158e-16 0.93980914 0.0010608064 0.00017122156 0.009899212 0.23999244 0.0594222 0.010001496 9.9096105e-05 0.20204496 0.0050682775 0.019747745 0.00023022259 7.479589e-05 0.00045044886 2.393934e-06 0.0002836292 0.00010985814 9.342489e-05 0.000100498175 0.6958495 0.007338072 4.531951e-05 0.00033407193 3.726161e-05 4.2432723e-05 0.0036750932 0.7727057 5.6472894e-05 0.1966249 4.831993e-06 9.777202e-07 0.3087849 1.2178594e-06 0.5796215 0.0039309147 0.0058550374 0.0016516846 0.00015436482 2.7770648e-06 5.0128136e-08 0.0021685415 0.5593369 1.484878e-05 2.3464054e-05 0.008346838 0.00016185151 0.19570187 1.9250012e-05 0.0009046981 1.0916519e-06 2.880531e-06 3.5858855e-07 5.014045e-07 3.1522002e-06 6.706104e-09 1.9200583e-05 4.762141e-06 5.3484722e-08 7.769486e-06 1.0186174e-05 0.0046791523 4.4093117e-06 3.1786917e-07 1.5684686e-08 7.1456643e-06 4.4574794e-05 4.946127e-10 1.62437e-07 2.0812598e-07 8.647397e-05 2.2799222e-06 5.6521305e-08 8.308398e-09 1.6184568e-09 2.2322154e-06
0.6602053 0.014791111 0.00244645 0.00094490376 0.0002597736 0.00033809515 6.565237e-05 0.00029692805 9.007121e-05 0.030903487 5.9113878e-05 0.0144642955 0.0011338522 0.33211517 3.7508475e-05 0.46908087 5.3898228e-05 0.0045008003 0.031867523 0.1357233 2.0348223e-05 0.010876985 0.02225209 0.9753382 0.0027835427 0.93980914 4.539468e-15 1.1173878e-05 4.9805158e-06 0.026523264 0.87965554 0.26936826 0.12766387 3.2069893e-06 0.7100127 0.13969979 0.00014292951 6.647286e-06 0.00061408035 0.0013402256 0.000154258 0.008340381 0.0011091777 0.00033972572 0.00017698269 0.6145828 0.07634809 0.00014153795 0.0078909015 1.234756e-06 3.032326e-06 0.00068374194 0.22902824 0.00010306144 0.14104001 1.5202553e-06 1.1848645e-05 0.13402517 2.3573757e-07 0.12854001 0.00050565624 0.00086095784 0.0019403121 0.0016814942 9.566169e-06 6.336872e-07 0.005195734 0.057250895 8.581415e-06 0.00012557363 0.00016536798 3.5626538e-06 0.0012956402 1.4691862e-05 4.6118103e-06 1.9246827e-06 1.0686891e-06 2.9998964e-07 1.8556649e-06 1.3974403e-06 6.678486e-08 4.0818923e-06 1.2466475e-06 9.526117e-09 1.2781778e-06 5.3552303e-06 0.0004912333 7.372207e-07 1.2224592e-06 2.3820775e-08 3.7765124e-06 9.327813e-06 1.7996742e-09 2.6100864e-07 1.7107146e-07 3.8033018e-06 6.965834e-07 2.9441495e-07 5.960874e-08 2.5516498e-09 5.544516e-06
0.8863247 0.0005102522 0.0033399935 0.004581865 0.06282443 0.009397818 0.09622517 0.035767958 0.05531509 0.0005260687 0.088723235 0.0012311299 0.030717205 0.00019069584 0.7192868 0.00012566191 0.62787056 0.04746474 2.3088794e-06 2.2684393e-05 0.88228816 0.00015578399 0.010807974 8.898124e-06 0.13634063 0.0010608064 1.1173878e-05 1.4668891e-16 0.65711987 3.5104167e-05 3.298057e-06 7.088248e-07 6.050772e-08 0.944999 5.496646e-07 2.0791776e-06 0.38742137 0.89469385 7.032835e-06 2.2060734e-05 1.0769194e-07 9.4682497e-07 5.716703e-07 4.3543737e-06 1.4394168e-07 5.876204e-06 2.5028717e-07 1.3546199e-06 1.4386895e-07 0.1119827 0.88626266 0.38187155 3.7169048e-05 7.2167546e-07 6.6186312e-06 0.23082016 5.7626853e-08 1.804304e-05 0.1346024 4.558218e-05 0.14810832 0.10466611 0.0013535122 6.807982e-07 3.6371864e-07 4.2817863e-08 1.2966204e-05 0.00014563197 5.226023e-07 0.00016401224 0.45681906 0.002090903 0.00092190393 6.856097e-06 0.0034624308 7.856282e-06 8.79657e-08 3.3265223e-07 9.0957765e-06 4.099897e-06 1.811606e-07 3.369971e-07 3.127171e-08 1.31548e-09 1.6574738e-08 3.347137e-05 0.03641509 5.0126317e-08 9.751097e-06 3.90244e-09 5.091337e-06 1.8901832e-06 1.3564813e-10 4.2251912e-08 2.9190264e-09 5.5989963e-06 9.115441e-07 1.8645619e-07 9.356629e-09 1.0286699e-08 3.1789798e-05
0.90388924 0.0018729365 0.002118252 0.0037121794 0.017199732 0.005154819 0.061112132 0.015956296 0.024608685 0.0021329762 0.02588849 0.00092958217 0.011216484 0.00043544755 0.47539374 0.0003185275 0.04877515 0.0079151215 2.2776348e-05 0.00017998023 0.75819117 0.00024769196 0.0024655766 3.0842097e-05 0.0050849416 0.00017122156 4.9805158e-06 0.65711987 9.607625e-13 2.5407206e-05 1.0429036e-05 6.6090943e-06 1.6060742e-06 0.9288311 1.5335853e-06 4.73862e-06 0.00893754 0.07024821 0.00011801681 9.8066885e-06 5.5100867e-07 1.8298911e-06 9.5085994e-07 1.768542e-05 3.7340223e-07 1.8696821e-06 2.432376e-07 1.652164e-05 2.6964858e-07 0.948493 0.21901017 0.8142328 6.9385815e-06 6.853704e-06 2.0630132e-06 0.031118067 9.89753e-07 4.9432183e-06 0.1683333 6.0177754e-06 0.4772216 0.37185976 0.009714198 1.1118672e-06 1.8412292e-06 2.9350076e-07 7.956484e-07 3.4396949e-06 1.3001481e-05 0.00076644175 0.04359943 0.009025226 0.00014430132 0.0001480422 0.00022375908 2.1524806e-05 5.445389e-07 2.6940118e-06 7.069295e-06 1.3583748e-05 3.190145e-08 1.2326383e-06 3.5448622e-07 4.747114e-08 1.1802265e-06 2.0889855e-05 0.122401245 9.6481415e-08 2.97439e-06 9.828682e-08 4.83129e-07 6.2104878e-06 1.8998272e-09 2.3471327e-07 6.205638e-08 1.0136796e-06 1.7459079e-06 5.1613533e-08 3.6437257e-08 3.1822313e-07 5.5306746e-06
0.9745151 0.017111229 0.004967424 0.0011935667 0.0001675028 0.00074268796 0.00012868362 0.00052878604 0.000215911 0.0033343614 0.00010344004 0.16169293 0.0025228583 0.074583575 6.413783e-05 0.2672612 0.00016376482 0.016855683 0.7663423 0.38286698 3.503534e-05 0.9005882 0.24404597 0.097076304 0.0025056424 0.009899212 0.026523264 3.5104167e-05 2.5407206e-05 1.0192059e-15 0.15704729 0.465342 0.6352143 3.7409518e-05 0.11069917 0.27901775 9.139361e-05 8.861532e-06 0.8622789 0.80668736 0.75072545 0.31912082 0.33887288 0.4862578 0.44151628 0.009887239 0.049559586 0.2486469 0.1437842 5.0331124e-05 2.4891822e-05 0.0060624667 0.0021700666 0.24385841 0.021546835 2.0377906e-06 0.11612904 0.0023752193 3.0359095e-07 0.0007768471 0.005660767 0.032012496 0.37270868 0.053986274 0.012206839 0.012636248 0.00482815 4.6093064e-05 0.036368098 0.07220586 0.00010164831 9.135235e-06 3.8667927e-06 0.01338807 3.332168e-07 0.017441047 0.003182758 0.0036534672 0.0052281944 0.000471916 0.000109842214 0.00047210214 0.0010991537 0.0001929726 4.1641415e-05 5.5157656e-05 0.03218376 5.8508926e-05 8.4988305e-06 3.6586654e-05 1.9491986e-06 0.00049302337 3.09587e-07 1.0608859e-05 1.608056e-06 4.3575077e-05 3.4344803e-06 7.9325497e-07 8.548395e-07 1.1279741e-06 1.7824776e-05
0.7653739 0.006540515 0.0030710562 0.0004121844 0.00010116795 0.00011629068 2.8069731e-05 0.00040992134 5.309774e-05 0.005853204 5.6358724e-05 0.030843599 0.0013972771 0.14760175 1.6350179e-05 0.5938192 1.6834043e-05 0.005461111 0.16063958 0.54142606 1.7769902e-05 0.084326535 0.0459834 0.88148266 0.00022671647 0.23999244 0.87965554 3.298057e-06 1.0429036e-05 0.15704729 2.4543476e-16 0.87956077 0.64509666 4.7378856e-07 0.9593882 0.7337031 3.627861e-05 2.6450334e-06 0.007896198 0.008038494 0.009351752 0.1682093 0.023833051 0.002935401 0.0047880965 0.18804948 0.19705634 0.0009178498 0.09154227 1.6425516e-06 7.802778e-07 0.0006268274 0.032033026 0.0010863182 0.08368674 1.7083067e-07 0.00017565917 0.030760804 1.1249783e-07 0.014606651 0.0002851254 0.00087998906 0.006112244 0.008410518 0.000107958746 7.860261e-06 0.0066515454 0.0029812218 0.000100378835 0.00061795244 7.069383e-06 8.7569254e-07 3.3390104e-05 0.00018883294 3.784329e-06 3.3604683e-05 2.3720397e-06 1.4503363e-06 3.947922e-05 2.8086413e-05 3.7025413e-07 2.1810498e-05 7.74354e-07 9.967492e-09 3.1239101e-06 6.10147e-06 0.00046829443 5.4085367e-06 3.6909018e-06 2.2359115e-08 2.978418e-06 2.2581242e-05 2.2133542e-09 2.8413325e-08 1.2188336e-07 2.1889487e-06 1.3649748e-06 3.267269e-07 1.2767737e-07 1.7228361e-08 2.5452327e-06
