1.0023969e-18 0.9404733 0.88726574 0.8722163 0.80559725 0.8793539 0.90455264 0.9070782 0.9254354 0.9902135 0.6276691 0.6852378 0.7677526 0.91594785 0.9828605 0.9716195 0.82180256 0.1634709 0.53014266 0.18957867 0.88246286 0.36828485 0.14021507 0.76166373 0.21438283 0.9985512 0.9555534 0.93354934 0.98743594 0.9993346 0.90915126 0.95681304 0.8327125 0.87701017 0.9942386 0.9964472 0.83207935 0.79613996 0.6596399 0.9730101 0.7830845 0.99994165 0.9154043 0.89610106 0.7799925 0.28970346 0.99087805 0.7897221 0.92508084 0.9611806 0.29146966 0.7335428 0.03466157 0.87979907 0.70333105 0.99995595 0.6056543 0.0172651 0.902213 0.777233 0.027300641 0.7234922 0.13896337 0.0027481136 0.96001786 0.91364706 0.01993044 0.0035234708 0.9983418 0.025381152 0.084941894 0.9669856 0.77138925 0.8318316 0.98891455 0.99976444 0.54937047 0.9688819 0.98673886 0.7238188 0.0072306343 0.9639574 0.001285685 0.717124 0.8471809 0.94197285 0.9940684 0.00061856443 0.00066373445 5.6831042e-05 4.881467e-05 0.0018310922 0.82997954 0.593862 0.4783235 0.4553366 0.5036699 0.9491479 0.7061151 0.09379715 0.024233522
0.9404733 7.8361884e-14 0.9182862 0.894884 0.48339427 0.7368474 0.39676324 0.7598169 0.2207891 0.54350615 0.39372975 0.054115396 0.04501636 0.016041968 0.008385562 0.09633768 0.0022521026 0.5085477 0.001957902 0.5227073 0.22299239 0.012566222 0.05755731 0.026505638 0.09978224 0.09188309 0.0017023473 0.00016049336 0.82495314 0.005910717 0.00017927172 6.012561e-06 0.00018657405 8.782434e-05 0.00010415374 0.1978455 0.0009747332 3.6385187e-05 2.2369752e-05 2.6782816e-05 1.4868237e-05 0.41146347 8.1326825e-06 1.9236145e-06 6.378833e-06 0.15645288 1.6331462e-05 1.3217174e-05 8.492017e-06 1.391754e-05 8.480015e-06 2.5034171e-06 2.8916023e-05 3.555592e-07 2.7350432e-06 0.0034318233 2.2461813e-06 5.792232e-05 2.0053062e-06 1.1350886e-06 7.818045e-06 1.3755034e-06 6.041368e-06 0.00047802393 6.4639295e-08 1.1596595e-06 3.301117e-05 0.0010582178 0.0002625311 1.0651895e-05 8.940513e-07 8.2013855e-08 9.006189e-08 7.4689456e-07 4.2180072e-05 0.02389488 9.920701e-05 4.962307e-07 1.6919432e-06 7.4516925e-07 1.1295803e-06 2.7478262e-07 7.4978175e-08 4.0355605e-08 4.9003237e-09 1.1268659e-07 4.4048818e-08 1.5172443e-06 0.00015583777 1.2110878e-07 3.3739036e-07 6.672966e-06 9.7091855e-09 1.8421835e-09 0.0001181639 3.4733623e-07 3.1241862e-07 1.9923725e-06 5.5285124e-08 2.895638e-08 1.2618875e-06
0.88726574 0.9182862 2.5410144e-16 0.6906708 0.94754195 0.16077158 0.10781867 0.6438437 0.053155083 0.13393502 0.04240328 0.008967024 0.0059722005 0.0054468676 0.0050164773 0.04301101 0.00029573374 0.8649136 0.0006361213 0.8761392 0.15596214 0.10873401 0.2956618 0.102059074 0.35998932 0.08618348 0.001418936 0.00034149052 0.5091761 0.021229966 0.00017537191 2.5813724e-06 0.0022013765 3.583069e-05 0.00024126962 0.19576077 0.0027829653 1.0388991e-05 2.0549065e-05 5.416814e-05 3.037504e-06 0.15628523 1.4718964e-06 9.374694e-08 5.614827e-07 0.7036711 3.368451e-05 1.35998e-06 1.9574332e-05 5.390185e-06 6.64031e-06 3.8134985e-07 4.4500674e-05 3.2086596e-08 6.459194e-07 0.00328337 2.695442e-07 8.676126e-05 2.7161227e-06 1.6704759e-07 1.2699357e-05 9.761759e-08 2.2769561e-06 0.008371843 9.453521e-08 5.7253186e-07 0.00022243359 0.003922152 0.00040032947 2.2608843e-05 6.170619e-08 5.026284e-08 1.2318363e-07 1.2317381e-06 5.0475668e-05 0.023730211 3.3288296e-05 1.6837043e-07 1.5959224e-06 4.4005738e-08 8.260336e-06 4.890028e-08 1.4012898e-07 4.850565e-09 2.9286562e-10 6.007072e-09 2.8453401e-08 1.83904e-07 0.00014727178 2.2114734e-06 2.484317e-06 1.0876235e-05 4.3606813e-10 7.118711e-11 1.146769e-06 1.1224336e-08 1.2668016e-09 6.9898747e-06 2.8039961e-08 1.3274523e-07 6.052853e-07
0.8722163 0.894884 0.6906708 4.3261453e-13 0.943497 0.07660932 0.018715713 0.053172063 0.015677324 0.0177883 0.014655446 0.003320404 0.0023906033 0.00326322 0.0018529285 0.0089919865 0.0009907079 0.20260198 0.0013691665 0.064165846 0.937601 0.12562664 0.04463317 0.0030319402 0.0074688154 0.006963102 0.000556785 0.0003100508 0.8136392 0.002460741 0.00023285131 2.4492523e-05 0.00016185614 0.00016920452 0.00026991038 0.42629296 0.006170826 1.1516191e-05 2.7173505e-06 3.6696485e-05 3.812108e-06 0.26417845 3.8480753e-06 8.634212e-07 6.335205e-07 0.09998341 2.1229102e-05 1.9203978e-06 0.0001287967 1.7464565e-05 1.6768404e-06 6.796993e-07 3.432103e-06 3.0332964e-07 5.388835e-07 0.009871546 2.2299461e-07 1.9812444e-06 1.3203189e-05 1.315372e-07 8.093968e-07 1.3877327e-07 7.038347e-07 0.00018188084 8.752593e-07 4.2855163e-06 1.1888028e-06 0.00019119773 0.001075953 5.813532e-07 5.4213537e-08 5.112748e-07 1.0949947e-06 6.726259e-06 3.4160552e-05 0.05914254 1.6516347e-05 2.7108722e-06 6.2896065e-06 4.5194258e-07 8.278794e-07 1.1841715e-06 1.4730774e-08 8.723604e-08 1.2553721e-08 3.737029e-07 1.5811312e-07 4.5629284e-07 1.1190439e-05 2.5811298e-07 1.1576716e-06 8.918211e-07 1.26926425e-08 2.6009097e-09 1.8062244e-06 3.1496296e-07 1.360632e-07 5.186776e-06 5.288846e-07 2.6058471e-08 1.0131586e-06
0.80559725 0.48339427 0.94754195 0.943497 1.0754652e-16 0.012476483 0.0056611453 0.05852319 0.004759826 0.010664488 0.0033365865 0.00091058755 0.00067688583 0.00087099354 0.0014770086 0.007808794 0.0002578772 0.905003 0.00038334733 0.50358504 0.3818668 0.48300874 0.50977045 0.009331137 0.057203863 0.0118850535 0.0004700735 6.424944e-05 0.69308215 0.0021245347 2.9229937e-05 5.9107447e-07 6.901299e-05 6.7463343e-06 0.00010176082 0.22860971 0.010009007 9.0242827e-07 2.7206775e-06 1.49398875e-05 2.4287158e-07 0.14958662 1.2910886e-07 8.4771e-09 1.544612e-07 0.29964423 7.2294474e-06 2.1811954e-07 5.1733537e-06 1.4411688e-06 2.7285574e-07 1.1224128e-07 3.825933e-06 5.7368226e-09 1.7183554e-07 0.0013657459 5.5248233e-08 1.4990081e-05 6.451228e-07 1.2243977e-07 2.4855399e-06 2.5435071e-08 3.5462992e-07 0.0022103942 4.7953456e-08 4.2197533e-07 7.928667e-06 0.0010763358 0.00014315938 4.3706823e-06 3.0383962e-08 3.6057287e-08 3.4137184e-08 1.5244744e-06 7.344219e-06 0.03191283 2.5623967e-05 1.4380693e-07 2.0159289e-06 7.5971165e-08 1.1254543e-06 2.2644176e-08 1.3970352e-08 4.5612834e-09 1.2131882e-09 1.8871757e-09 2.4536073e-09 7.277232e-08 8.635859e-05 5.392331e-07 1.8485695e-06 5.024911e-07 4.4363717e-09 4.9496e-10 3.2396501e-06 5.8833198e-08 2.1704407e-09 4.176138e-06 7.1137642e-09 1.2829474e-07 3.6762367e-07
0.8793539 0.7368474 0.16077158 0.07660932 0.012476483 1.830971e-16 0.971725 0.7877217 0.8109376 0.5935206 0.7628405 0.5312868 0.6034241 0.3153934 0.26996082 0.4529223 0.130345 0.005259691 0.12237782 0.040322356 0.013306991 0.00013245079 0.00088554365 0.4058278 0.11760881 0.18182504 0.016575325 0.011914815 0.2867091 0.021856401 0.0003404154 1.9880477e-05 0.009384061 0.0003306639 0.00077753025 0.02675531 0.00012103473 4.739232e-05 6.13283e-05 6.926109e-05 1.8198798e-05 0.061301254 5.2338814e-06 1.1102662e-06 7.3860533e-06 0.032270666 7.4938325e-05 1.5152784e-05 1.5898862e-05 6.9767743e-06 2.3940082e-05 3.197882e-06 6.2716645e-05 2.7086224e-07 3.019447e-06 0.0042416053 2.5745303e-06 6.119981e-05 5.3196195e-06 2.207649e-06 1.50145315e-05 2.9591824e-06 5.1786355e-06 0.00038596912 1.0042722e-07 2.6049312e-07 0.00010969577 0.0026449063 0.00042280543 1.214771e-05 8.765398e-07 3.247058e-08 8.379142e-08 3.561587e-08 3.153645e-05 0.005472294 1.650805e-05 8.550584e-08 3.1035205e-07 1.7310047e-08 1.7888422e-06 1.4817114e-08 1.2246201e-08 5.701621e-09 1.1979884e-10 1.7489455e-08 3.1938466e-08 5.5715295e-09 4.977133e-05 2.0720705e-07 1.6420239e-06 6.9737905e-07 7.698609e-09 9.579826e-10 1.4628934e-05 3.166062e-08 4.5697934e-08 6.5919226e-06 3.943203e-09 3.3084177e-08 2.514427e-07
0.90455264 0.39676324 0.10781867 0.018715713 0.0056611453 0.971725 1.2575244e-15 0.7813241 0.79511666 0.5307591 0.7612272 0.61844826 0.6746291 0.51358044 0.45340547 0.45979634 0.19627629 0.0024352754 0.17531897 0.026853628 0.00452144 9.09011e-05 0.00029903892 0.4680238 0.12367727 0.24142975 0.03268882 0.05461319 0.15586747 0.03914108 0.0005978512 2.5420972e-05 0.044980593 0.00031111648 0.0014407504 0.02552299 6.705722e-05 0.00021016852 0.0001827718 0.00013267531 5.3056385e-05 0.06720122 1.4217832e-05 3.4441362e-06 1.9287225e-05 0.04186772 0.00010076354 3.077047e-05 2.092365e-05 1.21561125e-05 7.906743e-05 9.337933e-06 0.00022270739 7.120375e-07 4.246432e-06 0.0054326784 8.923788e-06 0.00014419842 8.460379e-06 2.0113202e-06 2.208174e-05 8.04357e-06 1.0242928e-05 0.000602252 1.2750908e-07 6.4515046e-07 0.00026500455 0.004178023 0.0005226442 1.6592538e-05 2.4004516e-06 1.1874402e-07 8.596011e-08 6.0248034e-08 8.236709e-05 0.005857294 1.723588e-05 3.9192926e-08 2.3154115e-07 1.0219821e-07 1.5053608e-06 1.1110529e-08 8.5566825e-09 3.1815877e-09 2.0574997e-10 2.999277e-08 1.3232565e-08 8.133895e-09 3.908989e-05 3.6936677e-07 9.473204e-06 1.3987243e-06 8.1038545e-09 1.279858e-09 6.273991e-05 2.0022293e-08 4.9807053e-08 1.3518228e-05 5.8258416e-09 4.2244096e-08 5.2665484e-07
0.9070782 0.7598169 0.6438437 0.053172063 0.05852319 0.7877217 0.7813241 9.352689e-16 0.1999659 0.20475994 0.76745486 0.5556924 0.5401956 0.2738988 0.051906347 0.06313861 0.04003147 0.1059689 0.13786861 0.6121177 0.008790475 0.0002525262 0.004300169 0.9850122 0.6175961 0.12357228 0.0035813765 0.0010555568 0.10627031 0.024716983 0.0005237429 1.0723671e-05 0.005813156 0.00015235487 0.00012135072 0.042768385 0.0005842011 1.1640357e-05 2.2414746e-05 3.6704954e-05 6.1721903e-06 0.034981027 4.3009763e-06 6.273949e-07 2.550734e-06 0.35089618 1.4218564e-05 3.317008e-06 5.3234917e-06 7.9905965e-07 7.5936987e-06 7.8951837e-07 8.780249e-05 7.541763e-08 4.6109375e-07 0.0023712178 1.9909658e-07 7.1394425e-05 7.87784e-07 2.1101272e-07 6.0827792e-06 1.1786254e-07 2.2946635e-06 0.006242205 1.3859492e-08 7.9816736e-08 0.00044031878 0.058211587 3.8677055e-05 4.7210006e-06 2.860918e-06 3.2533254e-08 2.6112502e-08 3.5356504e-08 1.7904704e-06 0.0071104355 2.5062527e-06 6.959881e-08 1.0608903e-06 4.0416843e-08 3.359063e-08 2.7387975e-07 1.5828089e-09 2.0678211e-08 6.6872985e-10 8.8831655e-08 1.3646657e-07 1.0518096e-08 0.00015017002 9.2314e-07 1.5810636e-05 4.504566e-06 5.2494773e-08 7.3007933e-09 6.9499324e-06 1.2180388e-07 4.0217444e-08 1.8891344e-06 3.9919956e-10 4.173275e-08 1.6407996e-06
0.9254354 0.2207891 0.053155083 0.015677324 0.004759826 0.8109376 0.79511666 0.1999659 1.3144835e-14 0.9696592 0.5573429 0.47952333 0.59753937 0.4947292 0.4578436 0.67842656 0.17979911 0.0046947272 0.03833862 0.0077668317 0.0070700073 0.00014344392 0.00057984004 0.03183213 0.009992502 0.20777442 0.025427023 0.016760323 0.23475519 0.03104854 0.0019837487 0.00041414468 0.0022785487 0.0011174546 0.0024136915 0.027711332 0.0002371065 0.00039853607 0.00021106617 0.00035008282 0.000241233 0.09919253 0.00011569057 6.549928e-05 8.0986785e-05 0.0022782316 5.5770644e-05 0.00013013372 0.00021594107 6.6075474e-05 3.235419e-05 4.556593e-05 4.7308375e-05 6.6041484e-06 2.6161819e-05 0.013898628 6.4919964e-06 5.948157e-05 4.550092e-05 1.3104852e-05 2.4462386e-05 1.7046501e-05 2.200587e-05 3.9884595e-05 7.4573865e-07 1.5661886e-05 6.341842e-05 0.00030557797 0.0014795822 2.9017712e-05 2.1993944e-06 1.06583e-06 1.6915109e-06 9.299594e-06 0.0005802085 0.010476916 0.0003129869 4.5956688e-07 8.938109e-07 5.0982067e-06 1.7132822e-06 1.2931368e-07 3.502747e-08 7.5667344e-08 8.2799065e-09 8.1728714e-08 1.7948794e-08 2.7266114e-07 8.3607796e-05 1.3090113e-07 4.1199004e-07 5.610381e-06 1.8491443e-08 1.57428e-08 0.00019156639 5.180732e-07 8.501794e-07 6.1902056e-06 1.6226902e-07 4.1279236e-07 9.465267e-06
0.9902135 0.54350615 0.13393502 0.0177883 0.010664488 0.5935206 0.5307591 0.20475994 0.9696592 1.3304367e-15 0.22527213 0.15717538 0.2111494 0.2235803 0.17175592 0.68757707 0.07277283 0.009107144 0.014686135 0.0071879113 0.01132815 5.647344e-05 0.0008460085 0.027302885 0.008796752 0.3784162 0.014335106 0.008011978 0.5019636 0.027227284 0.00048687882 7.505118e-05 0.00091597094 0.0002190049 0.0005423886 0.09176077 0.00010300159 7.751115e-05 4.0720577e-05 0.000117154814 2.8764996e-05 0.55773866 1.8550483e-05 1.0340665e-05 1.5833375e-05 0.0024222396 3.1788615e-05 3.1734788e-05 4.40717e-05 2.0324253e-05 8.890608e-06 1.8952762e-05 1.36402705e-05 1.864161e-06 3.7711825e-06 0.01821004 2.6655196e-06 1.2557799e-05 1.4266538e-05 5.047372e-06 5.037096e-06 1.2400516e-05 4.4458784e-06 1.2467301e-05 6.540371e-07 1.0981399e-05 5.7077013e-06 8.247895e-05 0.0011534069 1.0665027e-05 4.148548e-07 2.0359171e-07 2.3776727e-06 3.2912667e-06 0.00033609313 0.057315785 7.312703e-05 3.0009465e-07 1.7113365e-07 4.5971902e-07 1.0758841e-06 1.302811e-08 2.787014e-08 7.374567e-08 2.9932974e-09 1.5235209e-08 2.1594773e-09 5.2161116e-08 9.8279554e-05 8.8612984e-07 9.619547e-07 1.0417658e-06 7.1677264e-09 1.6820504e-08 3.1971642e-05 2.9150235e-07 2.2253595e-07 2.3504022e-06 8.724782e-09 1.5544286e-07 9.1976995e-07
0.6276691 0.39372975 0.04240328 0.014655446 0.0033365865 0.7628405 0.7612272 0.76745486 0.5573429 0.22527213 7.811714e-18 0.9784021 0.93483007 0.52132094 0.291309 0.35722905 0.39331082 0.00093697885 0.6570201 0.0073843882 0.0018158492 1.43168445e-05 0.00021601583 0.40715468 0.04896322 0.11480625 0.035042435 0.02104211 0.06932585 0.023096366 0.0011048551 4.5245833e-05 0.015599994 0.00062102487 0.0011663772 0.009502794 0.00012337803 0.00016910078 6.637098e-05 6.9175156e-05 2.8021055e-05 0.019170126 6.8402856e-06 1.3287423e-06 3.1584198e-06 0.0014757646 6.862779e-05 5.6901677e-06 2.974145e-05 1.4570693e-05 3.3789205e-05 4.3019527e-06 0.0001216165 4.5699613e-07 7.0664237e-06 0.002973147 7.8501284e-07 2.2735483e-05 3.6475883e-06 1.9381212e-06 4.69784e-06 1.1964448e-06 6.9144185e-06 0.00011294466 7.3973744e-08 2.5513313e-07 6.587589e-05 0.001774099 0.00037455797 1.3229691e-06 2.5764043e-06 1.6300467e-07 8.016016e-08 1.5884449e-07 2.9269686e-05 0.00073880295 7.250997e-06 1.6736635e-07 2.961301e-07 7.913958e-08 5.726115e-07 1.11752954e-07 2.1697535e-09 3.8147605e-09 2.9930108e-10 5.3930123e-08 8.910096e-08 4.515559e-10 3.9311915e-05 1.2865546e-07 5.4786904e-07 1.2750263e-07 1.2748325e-08 5.3368727e-09 2.2894688e-05 1.833124e-08 6.4443033e-09 1.42572e-06 2.3740424e-10 2.4837377e-09 2.0317168e-08
0.6852378 0.054115396 0.008967024 0.003320404 0.00091058755 0.5312868 0.61844826 0.5556924 0.47952333 0.15717538 0.9784021 4.7373957e-17 0.9729537 0.5392158 0.36408046 0.3428822 0.5056503 0.000431765 0.82360256 0.0044633243 0.0006467627 7.5825037e-06 9.264077e-05 0.35089403 0.031607166 0.15446383 0.13831742 0.096551046 0.02926726 0.058065362 0.0040091653 0.00021367395 0.06293132 0.00081627147 0.0054317405 0.007889874 2.9911662e-05 0.00042861805 0.00022855104 0.0004494304 7.585336e-05 0.01522432 1.5132033e-05 6.3910356e-06 8.919653e-06 0.0015714684 0.00030832321 1.2292335e-05 0.00012630061 6.7259476e-05 0.00012932163 8.222492e-06 0.000459579 3.1360594e-06 1.1868901e-05 0.0047259 5.7518964e-06 0.00015400106 1.6084816e-05 5.65604e-06 2.1211517e-05 5.006617e-06 2.3533683e-05 0.00026959422 5.6378934e-07 2.9961952e-06 0.00028616466 0.0037472665 0.0010145302 5.2469804e-06 2.0952422e-05 6.1225205e-07 7.282505e-07 3.6241053e-07 9.5637384e-05 0.00096067344 1.7189228e-05 2.2437074e-07 3.1092472e-07 3.4083067e-07 2.5700435e-06 9.772601e-08 4.0994688e-09 2.0781846e-08 1.0103521e-09 4.0679023e-08 8.6498574e-08 1.4278393e-09 9.015672e-05 3.2531847e-07 3.924806e-06 3.7960962e-07 5.3291142e-08 1.27300765e-08 9.6626594e-05 7.9243506e-08 3.508062e-08 4.0344635e-06 1.9600209e-10 3.8919463e-08 8.015023e-08
0.7677526 0.04501636 0.0059722005 0.0023906033 0.00067688583 0.6034241 0.6746291 0.5401956 0.59753937 0.2111494 0.93483007 0.9729537 6.605988e-17 0.67850816 0.5207643 0.5010717 0.6810768 0.00051424705 0.8887047 0.0036125234 0.0007347134 9.9847275e-06 0.000101945574 0.35852283 0.027108377 0.23198153 0.2639483 0.19007882 0.032977477 0.09543154 0.0077227624 0.0004734629 0.10805344 0.0013176618 0.00818738 0.008671048 3.747436e-05 0.00095998886 0.0005483282 0.00077077193 0.00020329711 0.021582568 3.8851438e-05 1.1418608e-05 3.1276115e-05 0.004445304 0.0005952493 2.7160075e-05 0.000141099 8.503002e-05 0.00021540113 1.77065e-05 0.0007297139 4.5982492e-06 1.4472615e-05 0.0076501267 1.811411e-05 0.00041455447 4.7751906e-05 1.0773653e-05 4.2384352e-05 1.2469156e-05 4.8023776e-05 0.0003283708 8.481726e-07 6.8118575e-06 0.00060788565 0.0038801578 0.0015865867 6.790718e-06 2.7611475e-05 1.4212931e-06 1.3872266e-06 6.6195116e-07 0.0004702201 0.0016465981 4.5947705e-05 1.6256686e-07 3.581374e-07 5.509882e-07 1.5561706e-06 7.436631e-08 4.734055e-09 2.1166683e-08 1.3749006e-09 6.147183e-08 3.210461e-07 1.5256604e-09 6.195725e-05 4.2237517e-07 1.1372563e-05 1.7464929e-07 7.2038176e-08 1.0652782e-08 6.2529354e-05 8.673665e-08 5.417033e-08 1.2610027e-05 1.4892728e-09 3.5935965e-08 1.9730092e-07
0.91594785 0.016041968 0.0054468676 0.00326322 0.00087099354 0.3153934 0.51358044 0.2738988 0.4947292 0.2235803 0.52132094 0.5392158 0.67850816 1.7209651e-14 0.9187869 0.5730354 0.9285335 0.0013549315 0.5792585 0.004199857 0.0038892364 6.757825e-05 0.000107451735 0.33936745 0.022281252 0.3642599 0.73931926 0.5471424 0.079680905 0.1869112 0.041538157 0.0048588966 0.31444594 0.006149647 0.0329922 0.025167024 1.8344246e-05 0.01557554 0.009079848 0.0053650914 0.001993843 0.054063223 0.000997376 0.00042083926 0.0011071208 0.008353527 0.0025311015 0.00071143825 0.00045253042 0.0002682117 0.0031015016 0.00030793855 0.004685198 3.6736332e-05 0.00014277245 0.022830456 0.00037648383 0.0029062745 0.00017248238 6.572579e-05 0.0009767008 0.0004055296 0.000518502 0.00020850674 5.345011e-06 6.728366e-05 0.0032420135 0.0073861633 0.0025955555 0.0003302422 2.3922987e-05 4.2915244e-06 6.924482e-06 8.182051e-06 0.0007312936 0.0078065265 0.00012794073 8.19165e-07 3.848031e-06 2.31934e-06 9.3793715e-06 1.1760542e-07 7.446961e-09 9.360472e-08 2.568682e-09 2.3426804e-07 3.185714e-07 2.716467e-08 4.3515607e-05 2.1279927e-06 5.827643e-05 8.525335e-06 8.722673e-08 4.31726e-09 2.398551e-05 1.2638404e-07 1.0528739e-07 8.182211e-05 1.0766334e-08 1.3624914e-07 4.1631844e-07
0.9828605 0.008385562 0.0050164773 0.0018529285 0.0014770086 0.26996082 0.45340547 0.051906347 0.4578436 0.17175592 0.291309 0.36408046 0.5207643 0.9187869 1.2056465e-14 0.8276191 0.73126656 0.0009878684 0.19363187 0.0019831946 0.0026398147 1.7828293e-05 0.00010508781 0.05206481 0.0069338563 0.7282322 0.77441317 0.25521603 0.08399127 0.38297293 0.015592437 0.0049083554 0.027595175 0.004175338 0.027567606 0.029798135 2.8509592e-05 0.005652657 0.002130259 0.005517936 0.0016067991 0.16360259 0.00095471996 0.00055879576 0.00077539904 0.006647331 0.0022107905 0.00064579287 0.00060822576 0.0003075004 0.00043594406 0.00020830143 0.0006573435 3.6882437e-05 7.366459e-05 0.05944324 0.0001513386 0.00031296452 0.0001663374 4.344665e-05 0.00013680272 0.00014760306 0.00013432313 1.6867887e-05 8.201426e-06 8.579333e-05 0.00038825822 0.0005093272 0.004760391 3.3709675e-05 3.14027e-06 2.0386983e-06 4.065405e-06 1.1188188e-05 0.00194232 0.01919548 0.00014783256 5.410834e-07 1.860011e-06 1.7860364e-06 1.2506497e-06 2.2453062e-07 8.120719e-09 5.4476924e-08 2.3453202e-09 1.6045685e-07 4.7004878e-08 2.6864583e-08 5.3567957e-05 2.3520379e-07 9.170544e-06 1.4792943e-06 3.2368984e-08 3.0744975e-09 8.654735e-06 8.0378335e-08 6.725771e-08 1.435848e-05 1.2416675e-08 4.862136e-08 9.4102724e-08
0.9716195 0.09633768 0.04301101 0.0089919865 0.007808794 0.4529223 0.45979634 0.06313861 0.67842656 0.68757707 0.35722905 0.3428822 0.5010717 0.5730354 0.8276191 7.610215e-15 0.28025854 0.0083097825 0.04520434 0.00901364 0.005097641 0.00022951473 0.00087133417 0.029059041 0.009221186 0.92774963 0.24637246 0.036570333 0.30622166 0.28214785 0.006662935 0.0040388894 0.003510355 0.0037033414 0.02000971 0.029394317 0.00016142728 0.0019436171 0.00085911975 0.0021597475 0.001114945 0.29926914 0.00067452696 0.00038867447 0.00034818085 0.003494801 0.00038935783 0.00050601683 0.0009824882 0.00024399189 0.00017378891 0.00016999658 0.00020068216 6.0145074e-05 6.678553e-05 0.04735295 8.390845e-05 9.876899e-05 0.00020480971 3.2864195e-05 5.8402562e-05 7.398133e-05 8.73778e-05 0.000109721615 4.3537257e-06 0.00020308782 8.898595e-05 0.0003283357 0.0054088417 1.8749794e-05 6.7592264e-06 1.210054e-06 1.2304683e-05 4.952351e-05 0.0007779252 0.029855428 0.00020143764 2.1493554e-06 3.8942035e-06 9.7522225e-06 4.91816e-06 3.5546086e-07 2.0009898e-07 4.8680306e-07 2.2250548e-08 3.0283363e-07 2.2593616e-08 5.0791806e-07 0.00023078777 1.5212634e-06 5.892748e-06 2.0245952e-06 6.800964e-08 7.44705e-08 0.00026717727 1.6542933e-06 8.592327e-07 2.4391115e-06 9.3715656e-08 1.6203134e-07 1.1257715e-05
0.82180256 0.0022521026 0.00029573374 0.0009907079 0.0002578772 0.130345 0.19627629 0.04003147 0.17979911 0.07277283 0.39331082 0.5056503 0.6810768 0.9285335 0.73126656 0.28025854 1.0554528e-16 0.00017429749 0.8933973 0.00091159804 0.0006158186 1.1051316e-05 1.7349175e-05 0.17361565 0.0033440553 0.17315863 0.82934725 0.8100273 0.0117781935 0.18660414 0.103693515 0.030469386 0.35485646 0.04332371 0.09107051 0.009521264 1.8970817e-06 0.028589278 0.009964371 0.012085279 0.003868368 0.01678663 0.00071544916 0.00011923067 0.001045762 0.0015575176 0.0049319854 0.0003610827 0.0013278824 0.00052060734 0.0057581435 0.00013058922 0.012995637 1.5542122e-05 9.117189e-05 0.017372979 0.00024206913 0.0060583744 0.00033155121 1.9148594e-05 0.002412694 8.451826e-05 0.0009383555 8.171388e-05 9.256061e-06 6.7359295e-05 0.005771527 0.0071511054 0.0024796342 0.00013561091 1.159232e-05 9.512603e-06 1.0087387e-05 3.0975698e-06 0.0007484516 0.0019435977 5.027974e-05 1.8173519e-06 6.014648e-06 3.968205e-06 3.5296873e-06 9.050639e-07 2.852332e-09 4.1966013e-07 8.656126e-09 8.1359053e-07 3.4730644e-07 6.5869163e-09 0.000113828 6.344939e-07 1.50734695e-05 2.3432e-06 1.15501656e-07 4.351544e-09 2.4481618e-05 6.253806e-07 1.4579864e-07 4.1417883e-05 9.1778035e-10 6.8297936e-07 3.3457663e-06
0.1634709 0.5085477 0.8649136 0.20260198 0.905003 0.005259691 0.0024352754 0.1059689 0.0046947272 0.009107144 0.00093697885 0.000431765 0.00051424705 0.0013549315 0.0009878684 0.0083097825 0.00017429749 1.06079296e-16 0.00025986822 0.86780375 0.018428693 0.17118542 0.9855741 0.004409672 0.060404506 0.0045754 0.0007113968 0.00011171593 0.30156362 0.0044452986 0.00012385396 5.759241e-06 0.000108855085 5.0034887e-05 0.00023602835 0.014117567 0.0051702466 1.1007613e-05 1.1228422e-05 7.344762e-05 2.2641955e-06 0.011862547 6.618527e-07 9.939912e-08 6.4041444e-07 0.40155157 6.5835324e-05 5.024413e-07 1.8110792e-05 3.936149e-06 6.325092e-07 7.717045e-07 9.961896e-07 8.773711e-07 4.512886e-06 0.001553573 1.9904229e-07 2.5066615e-06 2.4864264e-06 1.7245835e-06 1.0592773e-07 1.295435e-07 1.06631546e-07 0.0044545224 1.1897624e-06 4.85081e-07 9.97816e-06 0.0006093242 0.0002610847 5.581797e-08 3.6102982e-08 2.262648e-06 2.756117e-07 5.6621246e-07 3.3620036e-05 0.0043072077 3.115712e-05 5.9386766e-06 9.841983e-06 2.5096683e-06 1.4236392e-07 4.5951649e-07 4.6056328e-09 5.4594047e-08 7.676439e-09 9.1671936e-08 3.1819184e-07 1.3389798e-08 6.459468e-06 2.3755882e-07 1.2993474e-05 6.6546657e-09 1.11237675e-07 2.6900425e-08 2.0962113e-07 1.11006656e-07 1.00751265e-07 4.1303056e-07 4.5533213e-09 2.2566912e-08 3.5843741e-09
0.53014266 0.001957902 0.0006361213 0.0013691665 0.00038334733 0.12237782 0.17531897 0.13786861 0.03833862 0.014686135 0.6570201 0.82360256 0.8887047 0.5792585 0.19363187 0.04520434 0.8933973 0.00025986822 4.3572426e-16 0.0022302717 0.00048092392 4.2264005e-06 1.4797551e-05 0.40596598 0.01579235 0.046331067 0.2168554 0.9208053 0.0054792576 0.05365791 0.18597777 0.023654073 0.41310632 0.090902366 0.01809246 0.004348566 6.8804893e-06 0.061113365 0.025750123 0.0026449403 0.0049034124 0.005239068 0.00057746493 0.00010717439 0.00067135086 0.0003972897 0.0010893049 0.00026901584 0.00096102164 0.00020252481 0.010920238 0.00014870512 0.017540071 3.1961245e-05 9.346883e-05 0.004286929 0.0001446749 0.00887297 9.725024e-05 5.6798264e-05 0.003155709 0.00013207467 0.00094442716 4.3299064e-05 3.1628751e-06 4.459886e-05 0.009962125 0.008679781 0.0004929688 7.862544e-05 1.5668651e-05 4.101129e-06 5.062722e-06 4.4059952e-06 2.1766573e-05 0.00019986411 7.805935e-05 1.77035e-06 2.6486455e-06 9.4034687e-07 4.769445e-06 2.4544233e-06 4.65922e-09 1.6672602e-06 2.2507892e-08 3.778948e-06 4.646623e-07 1.8515078e-09 1.8356826e-05 8.10814e-08 7.72155e-07 5.3791877e-07 5.1029417e-07 9.218388e-09 0.00013726403 2.1137114e-06 2.1262755e-07 3.6536428e-06 6.9706387e-09 2.9552072e-07 7.6536827e-07
0.18957867 0.5227073 0.8761392 0.064165846 0.50358504 0.040322356 0.026853628 0.6121177 0.0077668317 0.0071879113 0.0073843882 0.0044633243 0.0036125234 0.004199857 0.0019831946 0.00901364 0.00091159804 0.86780375 0.0022302717 5.6184615e-17 0.008061372 0.0024921182 0.102339685 0.15067196 0.9878904 0.0069663567 0.00076087844 0.00027436932 0.07479479 0.0030197324 0.00038003956 2.0338794e-05 0.0004065312 0.0003504055 0.000108740016 0.010627837 0.00226802 2.3942479e-05 2.0135205e-05 2.2545908e-05 4.8958796e-06 0.008910642 5.5982973e-06 9.308702e-07 1.5587314e-06 0.5192754 6.3236264e-05 3.4389604e-06 2.0491181e-05 2.2312885e-05 2.132382e-05 3.7308707e-06 6.452299e-05 1.1234158e-06 1.64254e-05 0.0022124208 2.9368638e-07 7.669547e-05 3.706638e-06 8.122598e-06 1.7451113e-05 2.5844005e-07 5.1240654e-06 0.00884881 5.8471994e-07 2.596283e-07 0.00023923066 0.016062599 0.0005688123 6.5201716e-06 5.7331914e-07 1.9694385e-06 3.0133788e-07 5.7081394e-07 2.4512783e-05 0.0020327384 4.631855e-05 9.707344e-07 7.896981e-06 1.1401487e-06 2.4223596e-07 2.3019318e-06 6.912529e-09 3.9008942e-08 2.1542197e-09 3.2661166e-07 4.037593e-06 2.2563167e-08 0.00016675082 1.5447454e-06 5.1861425e-06 3.3734273e-07 7.7181085e-08 4.6090882e-08 4.4961926e-06 9.3393083e-07 2.0559139e-07 2.7187312e-07 6.199191e-08 2.0908875e-08 5.157073e-08
0.88246286 0.22299239 0.15596214 0.937601 0.3818668 0.013306991 0.00452144 0.008790475 0.0070700073 0.01132815 0.0018158492 0.0006467627 0.0007347134 0.0038892364 0.0026398147 0.005097641 0.0006158186 0.018428693 0.00048092392 0.008061372 4.4002796e-12 0.24494225 0.026767908 0.00027911612 0.0011219598 0.0022050368 0.0013195027 0.0001529624 0.7157407 0.0017290819 0.0004870114 2.7813812e-05 3.54923e-05 0.0001603306 0.00081083237 0.9510312 0.82250524 3.871121e-06 9.728577e-07 8.714131e-05 1.1268912e-06 0.105571955 6.0428005e-07 2.4438833e-07 1.3427848e-07 0.060626272 4.831615e-06 1.5004225e-07 0.00020158234 1.0336849e-05 3.3499092e-07 7.118179e-08 7.5732567e-07 2.8345247e-07 1.01614326e-07 0.004523475 3.8956152e-08 3.6449853e-07 3.837901e-06 1.3604011e-07 8.738809e-08 9.013956e-08 8.249141e-08 3.56928e-05 6.4568474e-07 5.207424e-06 1.7633563e-07 4.1900767e-06 8.110102e-05 4.2695042e-08 3.7120568e-08 3.8081163e-07 9.474718e-07 3.8516514e-06 1.9171482e-06 0.2843019 6.2907097e-06 6.603154e-06 7.2860653e-06 7.5913704e-07 1.4954776e-06 4.2877542e-07 4.1203066e-08 3.22688e-07 5.808658e-08 4.251681e-07 2.0351014e-09 2.4662958e-08 1.7076587e-05 7.252916e-07 2.8782792e-06 1.6270926e-07 2.7670993e-07 4.881836e-08 9.595967e-06 4.869925e-07 2.8275736e-08 3.3179408e-08 7.032308e-09 1.6640394e-07 4.4971372e-07
0.36828485 0.012566222 0.10873401 0.12562664 0.48300874 0.00013245079 9.09011e-05 0.0002525262 0.00014344392 5.647344e-05 1.43168445e-05 7.5825037e-06 9.9847275e-06 6.757825e-05 1.7828293e-05 0.00022951473 1.1051316e-05 0.17118542 4.2264005e-06 0.0024921182 0.24494225 7.1537583e-19 0.99288934 5.660408e-05 0.00034795937 5.7097837e-05 2.8172294e-06 6.435107e-08 0.19131434 9.461322e-06 1.0076815e-06 9.799517e-08 1.4995491e-06 6.6054304e-07 6.0272083e-07 0.11287183 0.9507145 1.91173e-07 3.5280027e-07 2.5887596e-07 8.314648e-08 0.010001922 1.2172295e-07 2.9352131e-08 4.7468237e-08 0.048841733 1.5007458e-07 5.4717898e-08 1.0141199e-07 6.281828e-09 1.4242964e-07 2.7335044e-08 3.4808832e-07 1.2789435e-08 9.924453e-08 0.00011128274 5.2453938e-08 2.1484301e-07 9.500567e-09 1.5488004e-08 6.113447e-09 1.5042156e-08 4.8415544e-08 0.00016847976 1.3521552e-09 2.7107256e-09 1.7283671e-06 5.9622525e-05 8.869923e-07 1.4323625e-08 6.17884e-08 1.0672508e-08 5.5386624e-09 3.665989e-09 6.983311e-08 0.079498395 4.6309182e-07 9.484907e-07 2.2281773e-07 1.385455e-08 1.84242e-08 1.5084908e-08 2.4406877e-09 2.921912e-09 1.65114e-09 8.456957e-10 1.598526e-11 3.8570636e-09 4.1133226e-06 1.9176699e-07 1.6434668e-06 1.48373624e-08 6.448078e-09 2.1835909e-09 1.6388448e-08 4.230068e-09 9.1544994e-10 2.4071015e-08 1.8972181e-11 2.7163207e-09 1.3537166e-09
0.14021507 0.05755731 0.2956618 0.04463317 0.50977045 0.00088554365 0.00029903892 0.004300169 0.00057984004 0.0008460085 0.00021601583 9.264077e-05 0.000101945574 0.000107451735 0.00010508781 0.00087133417 1.7349175e-05 0.9855741 1.4797551e-05 0.102339685 0.026767908 0.99288934 2.2388437e-19 0.00026131188 0.0056180703 0.000324272 1.8135492e-05 2.011585e-06 0.045313314 0.00020174561 1.0214444e-05 1.7222069e-06 1.39435515e-05 2.1769076e-06 1.3354124e-05 0.020350793 0.023514409 2.9953897e-06 3.5051896e-06 3.2745356e-06 3.274247e-07 0.0034974464 2.1198208e-07 3.19862e-08 2.734001e-07 0.111862935 1.3959165e-06 2.8682582e-08 2.5646239e-07 4.6370495e-08 1.5199408e-06 2.9764019e-08 3.5593087e-06 1.28083e-07 8.806106e-08 0.00027930355 9.402916e-08 2.138784e-06 3.3831103e-08 4.129228e-08 2.3866016e-07 1.01795905e-07 2.1148695e-07 0.0023275109 1.3468074e-08 5.839648e-09 3.932487e-06 0.00011908181 2.2091768e-05 5.353341e-08 2.3345176e-07 1.3010262e-07 2.1128042e-08 1.4939792e-08 2.4868686e-07 0.008100266 3.1877866e-07 5.16598e-07 1.4874348e-07 7.3632767e-09 7.7661264e-07 3.2224143e-09 2.8890166e-09 3.3227696e-10 2.7228397e-10 6.0718075e-10 2.8513078e-10 2.8230616e-09 7.1887223e-07 8.685928e-07 1.393066e-05 9.3542925e-09 1.74997e-08 2.175555e-09 1.5298777e-08 3.0953564e-09 1.3519695e-09 2.2554648e-08 1.8056688e-11 4.650129e-09 1.1167016e-09
0.76166373 0.026505638 0.102059074 0.0030319402 0.009331137 0.4058278 0.4680238 0.9850122 0.03183213 0.027302885 0.40715468 0.35089403 0.35852283 0.33936745 0.05206481 0.029059041 0.17361565 0.004409672 0.40596598 0.15067196 0.00027911612 5.660408e-05 0.00026131188 6.421434e-16 0.9882323 0.11965644 0.032059256 0.1071427 0.008396498 0.048928775 0.01393587 0.0019046622 0.61535394 0.0036949748 0.006617231 0.008526723 0.00057903485 0.0015393225 0.0016074253 0.0010644019 0.00013790393 0.006602061 0.00013530656 1.34311285e-05 1.6815975e-05 0.23206829 0.00045610953 2.2589942e-05 0.00044122883 5.8810176e-05 0.0009013588 1.1816597e-05 0.0056666303 2.2303172e-06 2.5063999e-05 0.002820625 3.845929e-06 0.0049690325 6.62152e-05 2.1925212e-06 0.0002718865 1.5524487e-06 4.7419584e-05 0.02329183 4.658459e-06 9.339999e-06 0.050340552 0.1736379 0.00010895022 4.397602e-05 2.6269427e-05 9.983794e-06 3.8672075e-05 6.2216736e-06 2.021815e-06 0.0008040821 0.00014793283 6.5047434e-06 1.2366611e-05 5.4818647e-06 5.40826e-07 5.4062416e-06 7.925465e-09 4.987783e-06 7.7564046e-08 1.1663741e-06 4.2779293e-06 2.1449834e-08 0.00018073428 9.666558e-07 4.3356995e-05 3.2063688e-06 4.2094598e-07 9.145761e-07 7.872594e-06 1.9714794e-06 2.0374475e-07 1.4033782e-06 3.8753076e-09 1.653679e-07 7.935955e-07
0.21438283 0.09978224 0.35998932 0.0074688154 0.057203863 0.11760881 0.12367727 0.6175961 0.009992502 0.008796752 0.04896322 0.031607166 0.027108377 0.022281252 0.0069338563 0.009221186 0.0033440553 0.060404506 0.01579235 0.9878904 0.0011219598 0.00034795937 0.0056180703 0.9882323 2.8002355e-18 0.013267734 0.0023397144 0.0013624962 0.0077364114 0.0063395174 0.0009735901 0.00015605848 0.013687722 0.00046944027 0.000367167 0.006093199 0.00030189377 0.00011261061 0.00011976459 6.157255e-05 4.058523e-05 0.0045514125 1.72442e-05 2.0101868e-06 1.3475855e-05 0.36783522 9.349352e-05 8.405963e-06 7.69894e-05 1.783353e-05 3.349251e-05 6.6326083e-06 0.00017727407 2.4708631e-06 1.3713167e-05 0.000827885 4.4759563e-06 0.00019955139 1.0530788e-05 2.3191154e-05 2.2108987e-05 2.556808e-06 2.0002955e-05 0.113173656 7.318528e-07 7.945168e-06 0.0012354911 0.21562959 0.0003538926 1.5507005e-05 1.9593297e-06 5.896571e-06 1.635751e-05 1.787933e-06 1.2305235e-05 0.00023010977 7.911624e-05 1.5338699e-05 1.2296249e-05 4.8330808e-06 3.6373688e-06 3.838026e-06 8.830288e-09 1.7000765e-07 1.3067156e-08 7.5158687e-07 3.0483252e-06 3.0051634e-08 9.416841e-05 1.9433019e-06 2.0540485e-05 3.3093581e-06 1.1171795e-06 4.164181e-07 1.573168e-06 8.372892e-07 1.4266837e-07 1.3689751e-07 9.1932384e-10 1.6499918e-08 7.719654e-08
0.9985512 0.09188309 0.08618348 0.006963102 0.0118850535 0.18182504 0.24142975 0.12357228 0.20777442 0.3784162 0.11480625 0.15446383 0.23198153 0.3642599 0.7282322 0.92774963 0.17315863 0.0045754 0.046331067 0.0069663567 0.0022050368 5.7097837e-05 0.000324272 0.11965644 0.013267734 4.5654626e-16 0.41262698 0.19798173 0.116126545 0.62842983 0.04299958 0.03754967 0.040000275 0.023338912 0.06892706 0.019411465 2.7194834e-05 0.012406846 0.0035426174 0.019462166 0.004193133 0.40576738 0.0037168008 0.0028745872 0.0020840326 0.0051296963 0.0023472887 0.0021482152 0.0017036969 0.00082218734 0.00061739516 0.0008082807 0.00019459055 0.00049399055 0.00028117702 0.12548362 0.00034966425 0.00013161435 0.0004712311 0.00054029975 7.9686884e-05 0.00071109703 0.00016863117 6.112142e-05 2.296692e-05 0.00075037056 0.00018127683 0.00028642052 0.006241327 0.00011699213 9.099941e-06 1.4501033e-05 2.6870006e-05 0.00037712796 0.00068097434 0.049861807 0.0004436142 2.662816e-06 1.5724615e-06 3.938789e-06 1.1623617e-05 4.7395076e-07 7.6053044e-07 3.157783e-07 2.0220673e-08 2.8118654e-07 2.9444706e-08 4.2834014e-07 0.0006678107 1.8762796e-05 5.7995392e-05 7.4981535e-06 5.7787442e-08 1.7847405e-08 8.176598e-06 2.3015484e-07 7.509381e-08 1.0375322e-06 1.9613273e-09 1.0119115e-07 6.218503e-07
0.9555534 0.0017023473 0.001418936 0.000556785 0.0004700735 0.016575325 0.03268882 0.0035813765 0.025427023 0.014335106 0.035042435 0.13831742 0.2639483 0.73931926 0.77441317 0.24637246 0.82934725 0.0007113968 0.2168554 0.00076087844 0.0013195027 2.8172294e-06 1.8135492e-05 0.032059256 0.0023397144 0.41262698 2.780302e-16 0.5149808 0.041537873 0.8675234 0.44857028 0.6203903 0.03543854 0.23805845 0.7441497 0.018479792 1.1854828e-05 0.09447162 0.014279661 0.19110125 0.02376131 0.10857449 0.016222555 0.011371626 0.008023157 0.0006166778 0.031935304 0.0043083047 0.01534963 0.0064261234 0.005511328 0.0017953821 0.004888637 0.00094336004 0.0008910157 0.235934 0.0019763052 0.001738123 0.0021730643 0.00062955025 0.0017725845 0.0019062349 0.0023993235 7.042433e-06 9.1535614e-05 0.0008944766 0.0012056464 0.0008396025 0.034268204 0.00012765797 0.00012162009 2.8670594e-05 8.0061116e-05 9.157124e-05 0.008840831 0.018204935 0.00017078532 1.9786134e-05 1.6797398e-05 2.515545e-05 2.5101364e-05 1.6229106e-06 1.4872325e-08 6.2859963e-06 1.6573307e-07 5.561916e-07 8.649574e-07 5.0359862e-08 0.0002952147 6.954006e-07 5.3081487e-05 3.7665063e-06 2.2732124e-07 2.6489387e-08 9.918346e-05 9.604732e-07 3.5753033e-07 9.104494e-05 1.881936e-08 4.283183e-08 2.268275e-07
0.93354934 0.00016049336 0.00034149052 0.0003100508 6.424944e-05 0.011914815 0.05461319 0.0010555568 0.016760323 0.008011978 0.02104211 0.096551046 0.19007882 0.5471424 0.25521603 0.036570333 0.8100273 0.00011171593 0.9208053 0.00027436932 0.0001529624 6.435107e-08 2.011585e-06 0.1071427 0.0013624962 0.19798173 0.5149808 2.0616181e-16 0.016219169 0.36674163 0.7533151 0.110019594 0.91912997 0.27813366 0.13072054 0.008525885 1.4072412e-05 0.5735235 0.3780724 0.080645226 0.13127798 0.024055408 0.06083247 0.021229286 0.060222756 0.00020768454 0.0068512475 0.0063645383 0.003459132 0.0017435094 0.05969079 0.0006892722 0.041570198 4.708099e-05 0.00030225384 0.03586759 0.002017923 0.021078624 0.0005084107 0.00017031089 0.012824362 0.000555905 0.011079921 1.1868742e-05 7.470602e-06 0.00014762122 0.036758803 0.0050857347 0.0016315811 0.00070618023 0.00011398519 1.9008396e-06 1.1660966e-05 6.0150783e-06 0.0001315235 0.002509727 4.258609e-05 5.048106e-07 6.3964567e-06 5.05839e-07 8.899052e-07 4.446137e-06 1.9113926e-09 4.1430997e-07 5.051482e-09 8.377652e-07 8.307769e-08 8.4309787e-10 6.0980405e-05 1.787361e-07 1.1384585e-05 8.0141325e-07 3.2062676e-08 1.3318268e-09 2.6656314e-06 7.0263724e-08 5.0658193e-09 1.0467099e-05 1.5185787e-10 8.103348e-08 2.7192885e-07
0.98743594 0.82495314 0.5091761 0.8136392 0.69308215 0.2867091 0.15586747 0.10627031 0.23475519 0.5019636 0.06932585 0.02926726 0.032977477 0.079680905 0.08399127 0.30622166 0.0117781935 0.30156362 0.0054792576 0.07479479 0.7157407 0.19131434 0.045313314 0.008396498 0.0077364114 0.116126545 0.041537873 0.016219169 1.502214e-16 0.07568272 0.01886851 0.0073054503 0.002553102 0.00844456 0.07858008 0.7659879 0.011620615 0.0018137299 0.0005928961 0.0075025675 0.0005518841 0.88878286 0.0005806422 0.00023999916 0.00016482432 0.06820868 0.0038305924 7.792718e-05 0.0068552312 0.0011554834 0.00020134774 4.1532032e-05 0.00048361954 0.000118030104 2.442029e-05 0.19459355 2.0560437e-05 0.0002704476 0.0004293782 1.5552205e-05 0.0001588723 2.5952606e-05 6.524559e-05 0.0005520992 0.00011302937 0.0002738614 0.0014935285 0.0014280287 0.02310049 6.5441025e-05 0.00037516383 6.3533196e-05 0.000115924166 9.075661e-05 0.00022332396 0.31625748 0.00052215124 0.00013165652 0.00034285407 5.6670844e-05 0.00049448264 3.7061516e-05 3.849061e-05 1.5833617e-05 1.0334685e-06 4.025701e-06 7.623652e-08 1.8710181e-06 0.00015543377 2.4583764e-05 0.00033573402 5.2081366e-05 7.5632386e-05 6.3926204e-06 0.004774809 0.00012150869 1.7423574e-05 5.373245e-07 2.0332878e-07 0.0001497967 0.0005411408
0.9993346 0.005910717 0.021229966 0.002460741 0.0021245347 0.021856401 0.03914108 0.024716983 0.03104854 0.027227284 0.023096366 0.058065362 0.09543154 0.1869112 0.38297293 0.28214785 0.18660414 0.0044452986 0.05365791 0.0030197324 0.0017290819 9.461322e-06 0.00020174561 0.048928775 0.0063395174 0.62842983 0.8675234 0.36674163 0.07568272 2.0698936e-15 0.18055725 0.30106902 0.11015749 0.1158884 0.79713154 0.018321954 1.6488068e-05 0.0882639 0.022017844 0.25534523 0.043146115 0.37991294 0.04507528 0.040769756 0.016766584 0.0010762629 0.10076206 0.016972767 0.0681271 0.030731134 0.0069421264 0.0091034975 0.0024454505 0.017902143 0.004416993 0.6730147 0.0048770257 0.00095064426 0.010090058 0.0048151826 0.0007393129 0.006431221 0.0021501181 3.1444044e-05 0.003135261 0.014588302 0.0006411148 0.00067847985 0.106142364 0.00021279768 0.0005029464 0.0009086015 0.0009693487 0.00719514 0.027872823 0.061722126 0.0024560343 0.00035279104 0.00027581878 0.00046388395 0.0001130947 3.2418648e-05 9.372062e-07 4.4863944e-05 7.992949e-06 1.5209973e-05 2.8389438e-06 9.773701e-08 0.0003074001 1.945027e-05 0.00013784463 2.606405e-05 1.1621179e-05 3.4314562e-07 6.207991e-05 1.5282585e-05 5.9996984e-07 6.407254e-05 1.6718504e-08 1.3753761e-06 5.3194162e-06
0.90915126 0.00017927172 0.00017537191 0.00023285131 2.9229937e-05 0.0003404154 0.0005978512 0.0005237429 0.0019837487 0.00048687882 0.0011048551 0.0040091653 0.0077227624 0.041538157 0.015592437 0.006662935 0.103693515 0.00012385396 0.18597777 0.00038003956 0.0004870114 1.0076815e-06 1.0214444e-05 0.01393587 0.0009735901 0.04299958 0.44857028 0.7533151 0.01886851 0.18055725 2.740187e-15 0.7404966 0.52837354 0.9522759 0.20672947 0.006135547 6.135233e-05 0.84470844 0.55387753 0.27356854 0.6132131 0.010923868 0.44040236 0.42168447 0.35459182 3.4140276e-06 0.018515274 0.14377554 0.0057358528 0.0028374307 0.13885619 0.030114502 0.025374314 0.0044946964 0.0072695743 0.029479392 0.04443734 0.015316752 0.001254945 0.004526205 0.020230867 0.049470283 0.034177013 2.2871698e-06 0.00032884494 0.0009505151 0.01120491 0.0010484417 0.0024604034 0.004393997 0.0014889165 6.7705776e-05 0.00036517566 0.00029672962 0.0006646244 0.003679389 0.0004942499 8.51155e-06 2.0747973e-05 4.1735362e-05 7.7767145e-06 8.085161e-06 8.5836255e-08 9.249973e-06 1.669041e-07 1.2801199e-06 1.5379887e-07 3.1080358e-08 0.00048027004 2.4949609e-06 5.926354e-06 8.3654895e-06 1.2452732e-07 3.257877e-08 2.0693453e-05 3.5044994e-07 1.9059522e-07 2.0539703e-05 2.9566833e-08 5.0903145e-07 2.8787292e-06
