3.1950762e-20 0.948407 0.87899375 0.48938134 0.46603438 0.81586087 0.53766596 0.7367057 0.8074862 0.9640915 0.9660109 0.67119735 0.6802063 0.9248168 0.9531907 0.7514644 0.9639778 0.8046886 0.98556715 0.35279405 0.07495265 0.9451444 0.87320745 0.6879685 0.89050525 0.30645776 0.97943276 0.9366401 0.72918105 0.9668179 0.9324501 0.93273264 0.49094072 0.9941492 0.89234024 0.900677 0.95329756 0.019752754 0.7738808 0.9811902 0.8660259 0.9979848 0.034824867 0.95897347 0.8478251 0.86646825 0.8968416 0.9724174 0.9127952 0.7051838 0.9021392 0.9101347 0.0012504898 0.85255617 0.0022834975 0.006108081 0.965717 0.761969 0.9902012 0.36957884 0.8784364 0.0026008952 0.8755014 0.88418126 0.9577264 0.030519074 0.9348546 0.56246513 0.9742216 0.0010743125 0.0007778057 0.58138996 0.5296336 0.0006586371 0.9619385 0.95253 0.9451267 0.00055168493 0.99609315 0.96325773 0.00012242957 8.694636e-06 0.7846605 4.642862e-05 1.3959684e-06 0.9954243 0.89030397 0.80338764 0.90717167 0.9439417 0.9999762 0.9977062 0.98240143 5.954638e-07 0.5952289 0.35709253 0.3354994 0.3657657 1.03709645e-07 0.9462016 0.5961397
0.948407 1.8497302e-15 0.8082622 0.08533812 0.015176191 0.9591551 0.01077813 0.75907904 0.007337597 0.858499 0.4808609 0.000411984 0.0011420515 0.5769374 0.084364444 0.14248398 0.007267017 0.035697512 0.07346808 0.13557772 0.001808463 0.035155028 0.012656147 0.0002854225 0.01359286 0.0058258013 0.007028166 0.0077056875 4.88382e-06 0.022424664 0.0024745504 4.8319216e-05 0.885444 0.009523611 7.870935e-06 2.7635563e-06 6.022962e-07 0.5199883 2.2768736e-06 0.0008446102 4.439858e-06 0.006295842 0.5532988 0.0012636737 3.844867e-07 3.7525393e-07 4.6111665e-05 9.8796314e-05 3.6907007e-08 4.7871094e-09 2.8108934e-08 5.2683244e-08 0.032880187 1.506004e-08 0.013801215 0.10902388 7.944683e-06 1.2194101e-09 5.1191542e-05 4.908968e-09 5.952179e-09 0.021762881 2.1604618e-09 4.3910493e-08 5.9554868e-08 0.14226678 5.8937086e-08 1.1668942e-09 2.2342631e-07 0.0047832634 0.0062020896 2.2616025e-07 2.0342577e-05 0.0035362646 3.1393852e-09 3.1134114e-08 6.129107e-08 0.0009347355 5.9482187e-05 0.0023623586 0.00077825645 0.00017126615 2.3099371e-09 0.00038858512 2.6947379e-05 0.002365719 4.8770596e-09 5.6070513e-09 4.8864264e-09 1.7155271e-08 0.00066904805 6.6208435e-07 6.340402e-09 1.5875241e-05 1.4018217e-07 1.13024555e-07 7.1461304e-09 1.1600528e-05 7.642101e-07 1.30692e-08 9.5460875e-09
0.87899375 0.8082622 1.08449755e-13 0.9721938 0.2194248 0.13591816 0.24391513 0.016576076 0.22655539 0.08149881 0.94954216 0.0051130974 0.029028542 0.8420613 0.7541218 0.11988972 0.3970125 0.0016061157 0.5090027 0.0019372216 0.003667684 0.27785 0.0012693147 0.0008487018 0.14018553 0.00016594985 0.13878955 0.049438458 6.662426e-05 0.13860299 0.019204792 0.0011469594 0.0042789336 0.029110394 0.00030721928 5.8378948e-05 8.867275e-05 0.120155066 1.8760937e-05 0.051480494 0.00020522362 0.0705078 0.0013918747 0.019491691 7.757966e-06 2.2153185e-05 0.0016332874 0.009088221 2.1139384e-05 1.666687e-07 1.1053318e-05 1.3545877e-06 0.0003723751 1.9630481e-06 0.0027700383 0.0010664327 0.00047360404 1.2219691e-07 0.0051248306 5.5384117e-08 9.0028703e-07 6.795412e-05 1.4602826e-07 6.0701783e-05 3.8270955e-05 0.0001222907 4.4177108e-05 3.266258e-08 0.00011190915 0.00023999138 0.00036604976 1.7973598e-06 2.4169794e-06 0.00021896753 1.4304677e-06 6.464984e-06 8.689397e-06 1.1393785e-05 0.0006768555 0.013055953 1.7019958e-05 3.2731106e-05 1.1596086e-08 8.311969e-06 9.595354e-06 0.00948831 5.799763e-06 9.12145e-07 1.4035883e-06 1.3794022e-06 0.0034217136 4.858037e-05 5.573752e-07 1.024689e-06 5.737876e-06 4.1724834e-06 6.012612e-08 7.2502715e-08 2.7665033e-07 1.4987785e-06 9.0862096e-07
0.48938134 0.08533812 0.9721938 4.973516e-13 0.99263316 0.0022845387 0.54062957 0.00042083082 0.30350682 0.0019302709 0.3910096 0.04539038 0.08091631 0.07145914 0.65643764 0.001905338 0.38983622 1.8564375e-05 0.18323618 0.0002743727 0.009147267 0.002076884 0.0001812331 0.0076635038 0.007141789 4.7297976e-06 0.023784347 0.046842072 3.8109283e-05 0.08494973 0.0009795534 4.837708e-05 0.002745519 0.016469626 1.9092085e-05 5.9495546e-06 3.4833476e-05 0.03089703 2.9904088e-06 0.005625574 6.4591723e-06 0.052710738 0.00046442487 0.0011943331 7.2505924e-07 3.6250003e-07 4.760713e-05 0.00050045596 8.1767655e-07 1.04331434e-07 2.4356746e-07 7.6696665e-08 9.412881e-05 3.8241947e-07 0.0020878043 9.403478e-05 1.95748e-05 8.443652e-08 0.0005965583 4.5076032e-08 1.5418944e-06 4.289933e-06 5.2254915e-08 1.089366e-06 2.7168273e-06 0.00020447854 1.4389756e-06 1.8953068e-07 7.08423e-06 1.5266867e-05 4.5374305e-05 3.712958e-07 2.365572e-06 2.225788e-05 1.408114e-07 3.4970643e-07 1.4859674e-07 5.2868285e-07 0.00014074179 0.008712021 8.313294e-06 3.064574e-05 7.966951e-08 1.0635461e-05 5.414404e-06 0.0027765355 2.0656147e-07 5.007861e-09 2.5249074e-08 5.220471e-08 0.0007260664 2.3915252e-05 6.3194426e-07 6.015356e-07 9.3866106e-08 1.0567542e-08 1.5142121e-09 1.39460985e-08 1.1869438e-06 4.8960595e-07 1.4397792e-09
0.46603438 0.015176191 0.2194248 0.99263316 4.046724e-14 0.00020795566 0.92098033 3.6879654e-05 0.5207644 0.00012752923 0.13376215 0.4318144 0.28213423 0.010342998 0.5967569 9.604999e-05 0.4047069 1.3107045e-06 0.12738295 1.2813922e-05 0.042860195 0.0005221709 2.4315564e-06 0.036487456 0.002834918 2.1770038e-07 0.0072625447 0.20775379 5.0745257e-06 0.19471788 0.0002706003 1.0456313e-05 2.7915696e-05 0.049789738 3.6375213e-06 9.3098834e-07 5.051961e-06 0.0006982829 7.152022e-07 0.0013977262 2.0889481e-06 0.069238745 8.4339433e-07 0.00035462237 1.3218597e-07 9.73686e-08 1.2729635e-05 4.3763943e-05 8.44399e-08 2.4923615e-08 1.9758025e-08 1.847202e-08 1.1560988e-07 5.550743e-08 4.782355e-05 1.4338488e-07 1.7398334e-07 3.781502e-09 5.598556e-05 1.3967554e-08 1.6857288e-07 6.4719448e-09 3.2443218e-08 4.690334e-07 1.2435186e-06 9.0871794e-07 3.41371e-07 4.19454e-09 3.4889095e-07 2.2354757e-07 2.1951165e-07 2.3131216e-08 5.217793e-08 2.3042016e-07 2.0872545e-07 5.6235456e-07 3.007457e-08 4.3802583e-08 2.2220025e-05 0.010116723 6.194e-07 6.351229e-07 8.442714e-09 1.8447346e-07 3.4061344e-08 0.002101561 5.7675017e-08 3.5744627e-08 4.785174e-09 1.5959024e-08 0.00020796896 5.879164e-06 1.6959989e-07 7.543864e-08 1.3017602e-08 1.4194784e-09 2.1027637e-10 2.3886338e-08 2.3838274e-08 1.2212341e-07 5.407285e-09
0.81586087 0.9591551 0.13591816 0.0022845387 0.00020795566 3.684101e-17 0.0005314344 0.97205275 0.00017248502 0.9087604 0.12994438 3.1445063e-05 3.8301478e-05 0.21495806 0.0089223 0.22525263 0.00041343694 0.050496448 0.004498747 0.6937165 0.00013386991 0.02550905 0.019723173 9.963981e-06 0.008005174 0.07826884 0.0020257465 0.00083513407 0.00034643893 0.0024381964 0.005122497 0.0013383251 0.75163984 0.00071716006 0.00034191858 0.0003496791 3.540815e-05 0.0827159 0.00013341237 0.0009123338 0.0002926066 0.0006012627 0.29115167 0.0016077271 6.45904e-05 3.850401e-05 7.6859185e-05 0.00014139777 9.996985e-07 1.1906716e-06 7.916256e-07 4.9428695e-06 0.0142642 3.8535597e-07 0.0027149601 0.056201592 1.3426876e-05 3.2694306e-08 0.00024806618 3.9614912e-07 6.4423524e-08 0.0078791855 6.211038e-08 4.584366e-07 3.700818e-07 0.09730253 3.4778571e-07 4.8885358e-08 5.152435e-07 0.0028874318 0.0019353777 1.5123542e-06 0.0003660737 0.0010651291 3.548094e-08 2.784676e-06 2.2268092e-07 0.0007619597 9.54709e-05 0.0013348274 0.00038497234 0.00013320566 4.154839e-09 0.00015693424 7.802969e-06 0.0011452368 2.0655074e-08 1.1662846e-07 1.12804805e-08 1.0751216e-07 0.00070170383 2.8705736e-06 7.1193746e-08 3.3446624e-06 1.2317746e-06 9.2245364e-07 1.07609e-07 1.8640216e-05 8.9143626e-08 2.1975092e-08 1.3672438e-07
0.53766596 0.01077813 0.24391513 0.54062957 0.92098033 0.0005314344 1.2030188e-14 0.00011423407 0.971507 0.00028093043 0.21976696 0.6901182 0.63126045 0.015146912 0.6761459 0.00010229461 0.75046986 8.5124134e-07 0.34964713 5.2037427e-05 0.17339598 0.0031983673 1.3136222e-05 0.048196696 0.008295317 1.2899534e-06 0.02841461 0.50906193 1.5874401e-06 0.4291684 0.0011637022 4.245693e-05 3.3461638e-05 0.20264466 8.364388e-06 5.7440193e-06 5.000681e-06 0.00082526315 1.3924689e-06 0.0033113663 6.4391156e-06 0.13365883 7.3287526e-07 0.0008031256 2.4641975e-07 2.8663564e-07 5.9790098e-05 0.000129207 5.553634e-08 4.837696e-08 4.650956e-08 4.5610076e-08 2.0816399e-06 4.7885546e-08 0.00020363471 4.0075824e-06 3.2498403e-06 2.3961297e-09 0.00032447398 9.6912025e-09 6.483438e-08 1.7985677e-07 2.6624171e-08 1.1434098e-06 1.0951441e-06 2.305791e-05 4.770088e-07 8.122949e-09 1.7488738e-06 3.30206e-06 4.378104e-06 6.547023e-07 1.5886941e-06 1.2380749e-05 2.3065826e-07 3.1868993e-05 1.337208e-07 2.497713e-06 6.10149e-05 0.011775773 2.3298126e-06 8.3082875e-07 1.5409183e-08 1.4414897e-07 1.998804e-07 0.004301978 2.4050687e-08 7.710016e-08 1.071522e-08 1.684069e-07 0.0015243691 8.780303e-06 1.1269976e-06 1.05259275e-07 2.5545594e-07 5.7340362e-08 2.3184397e-08 5.544518e-09 4.843845e-08 1.8300473e-07 9.004282e-08
0.7367057 0.75907904 0.016576076 0.00042083082 3.6879654e-05 0.97205275 0.00011423407 5.4001396e-14 2.6383033e-05 0.8885053 0.062371667 5.5625287e-06 1.2068071e-05 0.123560004 0.0032097984 0.21679893 0.00020494826 0.08314177 0.0014718417 0.9607605 5.0640614e-05 0.012908278 0.047739584 6.679842e-06 0.003765774 0.27271757 0.00038650897 0.0002918939 0.0003626747 0.0001929667 0.0025795675 0.0019345568 0.8544075 0.00021476876 0.0003362459 0.00047113848 5.382662e-05 0.08636939 9.076189e-05 0.00025594357 0.00046064967 0.0001433646 0.3822737 0.0007273413 0.00011229488 7.928194e-05 7.154566e-05 0.0001482431 2.4127628e-06 2.3428245e-06 2.771921e-06 9.414887e-06 0.024047917 3.3089636e-06 0.005567125 0.08585681 1.1147515e-05 1.9342058e-07 0.00020007219 5.329717e-07 7.332857e-07 0.02287043 3.8579577e-07 1.9765018e-06 1.1106304e-06 0.14629717 2.6307343e-06 1.969832e-07 9.946507e-07 0.011495936 0.0049836263 1.4148018e-06 0.0015396954 0.0038040786 1.8304453e-07 9.213743e-06 2.5917117e-07 0.0024651287 0.00023000271 0.00072201557 0.00087660557 0.00033631342 5.05364e-09 0.0002225991 2.8699182e-05 0.0008568937 6.8008475e-08 3.131569e-07 5.365884e-08 2.8156114e-07 0.00062917185 7.29018e-06 1.9344456e-07 6.2620034e-06 1.590753e-06 1.7965373e-06 7.8552364e-07 5.2450967e-05 3.403775e-07 1.1840692e-07 3.8295272e-07
0.8074862 0.007337597 0.22655539 0.30350682 0.5207644 0.00017248502 0.971507 2.6383033e-05 1.3980225e-14 8.411742e-05 0.13327901 0.6272745 0.95488894 0.015557376 0.7518105 4.4926495e-05 0.8766968 4.0599434e-07 0.44405302 2.1838745e-05 0.22274795 0.00562049 4.6856603e-06 0.032081753 0.017887136 2.735643e-06 0.04564633 0.7587362 1.5849971e-06 0.69596744 0.0018047774 1.4241457e-05 9.294389e-06 0.31493378 5.3296844e-06 6.400362e-06 4.6959894e-06 0.00015367258 6.763401e-07 0.004744291 4.135767e-06 0.21934667 8.6763116e-08 0.0016044502 4.56953e-07 4.336055e-07 0.0002962218 0.00029024202 3.6462282e-08 1.201619e-08 1.3310303e-08 2.6606e-08 2.2286324e-07 2.2249061e-08 2.7449061e-05 1.5693395e-06 1.6990249e-05 2.023135e-09 0.00038019783 6.119759e-09 1.9155799e-08 1.7615612e-07 3.2607415e-09 1.2363291e-06 7.596346e-07 1.7663642e-05 1.7214998e-07 2.6239901e-09 3.3370445e-06 3.5485205e-06 1.3675625e-06 3.1088794e-07 1.1297061e-06 5.848658e-06 1.2025505e-07 1.987304e-06 5.987489e-07 9.613759e-07 0.00016321351 0.023091387 4.2676785e-07 4.689589e-08 2.2825652e-08 6.3154175e-09 1.2074086e-08 0.013096271 3.262068e-08 3.1219702e-07 1.8528265e-08 6.092904e-08 0.005266492 2.5883646e-05 2.7285791e-06 3.7146492e-08 2.1402603e-07 6.734513e-08 6.017281e-08 2.977337e-09 7.730642e-09 1.8945586e-07 1.520188e-07
0.9640915 0.858499 0.08149881 0.0019302709 0.00012752923 0.9087604 0.00028093043 0.8885053 8.411742e-05 1.0732154e-12 0.14296143 3.8430726e-06 3.134829e-05 0.44773132 0.0044420497 0.9545525 0.00023499696 0.74419546 0.0030731494 0.88680613 4.7932404e-05 0.0865472 0.8410826 7.570423e-06 0.011658506 0.24348705 0.003858663 0.00032204782 0.05708876 0.0017340436 0.008755924 0.030199334 0.5777599 0.00079848303 0.008096266 0.00842253 0.0004500182 0.066860974 0.0076694516 0.0020229025 0.0041368087 0.00033526178 0.14136702 0.004266145 0.00068316667 0.0005749958 0.0010657845 0.0017137253 3.7406557e-05 1.1985684e-05 6.5614935e-05 0.00018858422 0.0031515406 3.278923e-06 0.0008785861 0.018483967 0.00095661974 5.365268e-07 0.0011641678 7.541681e-07 1.6979766e-07 0.0042708428 1.7388463e-07 9.0423646e-07 7.0076044e-07 0.13569665 5.956078e-06 1.0354381e-07 7.921978e-06 0.0015812211 0.00091833214 6.250899e-06 0.004839252 0.00083192386 2.9514445e-07 6.428201e-06 1.1359127e-06 0.0011643482 0.0022096059 0.0030138271 0.00012814025 5.35952e-05 2.9790714e-08 2.8658184e-05 5.6729214e-06 0.0026396788 1.98613e-07 4.6272407e-07 1.0159664e-06 8.9079174e-07 0.004194531 0.00014252361 4.804613e-07 5.397139e-06 5.5039214e-07 7.595925e-07 4.741069e-08 0.0004863419 1.1889854e-06 1.4251063e-07 1.6793842e-07
0.9660109 0.4808609 0.94954216 0.3910096 0.13376215 0.12994438 0.21976696 0.062371667 0.13327901 0.14296143 8.3340256e-14 0.0031946953 0.023790836 0.9627768 0.59007573 0.09446986 0.135107 0.024580145 0.7340188 0.019881442 0.006688643 0.8065631 0.04117676 0.000326916 0.64595366 0.00273253 0.49548075 0.095356055 0.00097238796 0.31000265 0.17972328 0.0031399606 0.004505148 0.25405526 0.0009415993 0.00036761267 0.0003585491 0.03029932 9.041469e-05 0.123314485 0.0005902282 0.09785429 0.005040073 0.053037077 8.755915e-05 0.00013759745 0.006605509 0.027115615 2.0878242e-05 1.9657955e-05 1.892511e-05 1.2388176e-05 0.0003482178 2.0121738e-06 0.0008180475 0.0006242125 0.0029032798 3.0316536e-07 0.013028292 2.710471e-06 5.747205e-07 3.096461e-05 1.8726347e-07 4.122007e-05 1.8926861e-05 0.00032598572 2.136665e-05 1.8739387e-07 0.00011646036 0.00023644602 0.00054448785 5.796694e-06 0.00025052924 0.00051335036 7.002107e-07 1.5771096e-06 2.0889354e-05 2.2237427e-05 0.001231393 0.04154428 3.0241432e-05 8.416528e-06 4.527847e-07 2.0442696e-05 1.1385101e-06 0.08420511 3.4937125e-06 6.125744e-07 2.6942585e-06 1.9984249e-05 0.027817436 0.00012379786 1.3851598e-05 3.4985635e-06 1.4075869e-06 4.0963e-07 8.402941e-08 2.6225632e-06 3.4658945e-07 7.60239e-07 2.1130886e-06
0.67119735 0.000411984 0.0051130974 0.04539038 0.4318144 3.1445063e-05 0.6901182 5.5625287e-06 0.6272745 3.8430726e-06 0.0031946953 2.0424226e-14 0.98563564 0.0003903656 0.19868225 7.251834e-06 0.3943069 3.3672754e-07 0.02514882 4.5354295e-06 0.98101157 0.0001796318 2.4945946e-06 0.22533925 0.001029273 5.8108606e-07 0.0028277787 0.7494728 3.8207207e-07 0.50125164 0.00040074566 5.1150523e-06 1.1150039e-06 0.26674402 2.6048593e-07 9.991933e-07 2.5673903e-06 2.9426588e-05 2.6457485e-07 0.0014957066 5.0756216e-07 0.2556912 3.341533e-09 0.00036302145 2.4155355e-07 1.306223e-07 5.679133e-05 5.018384e-05 2.3926233e-08 2.0596849e-08 3.5850236e-09 2.657937e-08 1.8016938e-07 3.252643e-08 2.7736309e-05 2.5815754e-07 8.6363366e-07 4.8984923e-09 7.772373e-05 5.6784526e-08 7.6817884e-08 1.1508565e-08 1.3366757e-08 6.331484e-07 5.422031e-06 1.3339112e-06 1.6287834e-07 3.5811095e-08 2.5630434e-06 1.7656139e-06 6.306649e-07 9.766318e-07 1.184878e-07 1.4689712e-06 1.9520773e-07 1.9719175e-06 2.1322577e-07 1.5930628e-07 7.666259e-06 0.020050894 1.4570469e-07 2.8928076e-07 3.0270993e-08 1.3204682e-08 4.8523805e-08 0.0060512866 6.1625386e-08 8.259201e-08 1.29428095e-08 3.95928e-08 0.0008019887 1.3235205e-06 4.4159524e-08 6.3698082e-09 6.122074e-08 6.21855e-09 2.1929945e-09 6.9445316e-10 1.4063416e-08 2.4366826e-09 9.379197e-09
0.6802063 0.0011420515 0.029028542 0.08091631 0.28213423 3.8301478e-05 0.63126045 1.2068071e-05 0.95488894 3.134829e-05 0.023790836 0.98563564 1.2745338e-15 0.004792996 0.5705644 5.736813e-05 0.7850559 4.941919e-07 0.19995072 7.5537487e-06 0.33090597 0.0021572167 2.7380495e-06 0.050987206 0.005409582 4.429667e-07 0.012438988 0.88958335 9.522256e-07 0.7478275 0.0010586039 1.11343925e-05 1.8243186e-06 0.44231084 1.1594991e-06 2.0106988e-06 2.3382152e-06 8.403102e-06 2.8158314e-07 0.0017381371 7.0267845e-07 0.1657303 7.0449815e-09 0.0010429644 1.1222972e-07 7.5855915e-08 9.3748255e-05 0.0001822684 3.930717e-08 9.554175e-09 5.2570694e-09 1.4960952e-08 4.6657497e-08 7.3436968e-09 9.108963e-06 7.361998e-07 1.7584268e-06 1.1302206e-09 0.0001228676 1.9868487e-08 1.9790916e-08 3.7269622e-08 3.0076106e-09 2.6083518e-07 2.125332e-06 5.204872e-06 1.244943e-07 9.865489e-09 1.1235786e-06 1.218482e-06 8.5267703e-07 5.7557406e-07 4.7487643e-07 2.3770854e-06 9.563022e-08 3.679634e-06 1.6184076e-07 6.5970636e-07 1.9976169e-05 0.018354177 3.0164034e-07 1.2124076e-07 1.007582e-07 1.0780738e-08 3.8346705e-08 0.009828702 1.6018186e-08 1.5016019e-07 8.027458e-09 1.2394692e-08 0.0027539865 6.6958637e-06 5.800468e-07 4.1274884e-08 2.1283104e-07 3.2105635e-08 4.9860468e-08 1.71893e-08 4.932074e-09 8.503873e-08 1.9021134e-07
0.9248168 0.5769374 0.8420613 0.07145914 0.010342998 0.21495806 0.015146912 0.123560004 0.015557376 0.44773132 0.9627768 0.0003903656 0.004792996 4.6454184e-14 0.1915798 0.5269549 0.044615038 0.33790097 0.42428452 0.06494709 0.0017897979 0.9624656 0.11192824 0.00013367293 0.39905635 0.01736655 0.12280387 0.01367797 0.060534388 0.059129093 0.37782317 0.06512902 0.0031061121 0.057887454 0.025542427 0.0089063635 0.030964667 0.008089597 0.00094669237 0.08900117 0.008761809 0.017208206 0.00048595178 0.091543905 0.0008100753 0.0022350773 0.027146548 0.050480273 0.00054750993 0.00026176532 0.0003997334 0.00040404688 2.703103e-05 0.00012920515 2.6447424e-05 0.00010797995 0.024554137 2.0071191e-05 0.018324165 5.607934e-05 2.0339416e-05 4.7900257e-06 8.857898e-06 0.00017710678 0.00019120776 9.8272525e-05 0.0002002967 1.3848652e-05 0.000676527 5.622146e-05 4.952431e-05 2.3506744e-05 0.007623853 3.5858e-05 2.7378239e-05 8.143058e-06 0.0003246981 3.0938795e-06 0.006860604 0.006283114 4.3377695e-06 1.8447154e-05 1.9563272e-06 2.2521228e-06 1.227616e-06 0.015270014 0.00014082946 4.146491e-05 0.00018380099 0.0003982895 0.01425498 0.00047467367 0.00010597832 1.5570747e-06 3.4522734e-05 4.1547086e-05 6.494807e-06 5.324604e-06 6.903638e-08 5.559002e-06 2.1881522e-05
0.9531907 0.084364444 0.7541218 0.65643764 0.5967569 0.0089223 0.6761459 0.0032097984 0.7518105 0.0044420497 0.59007573 0.19868225 0.5705644 0.1915798 8.139579e-12 0.0021274644 0.94559777 0.0008445937 0.9073579 0.0012276636 0.019504767 0.1666172 0.0007840359 0.0010899954 0.19285884 0.00056648126 0.26343375 0.12347562 0.00015075892 0.31249842 0.012818579 0.00021398983 0.00059395103 0.12187919 0.00013221391 0.00022304768 9.754376e-05 0.0037776171 5.0252518e-05 0.030349491 0.00015229167 0.059150632 0.0003355871 0.008509562 6.543478e-05 4.920114e-05 0.0031296795 0.0038387105 2.9456112e-06 6.323537e-05 2.8079785e-06 5.0069134e-06 1.1497337e-05 2.7956019e-06 0.00034648238 1.8624029e-05 0.00045348285 2.6013166e-07 0.0038017246 1.9559113e-06 1.7023227e-06 8.885879e-06 6.9839535e-07 5.716202e-05 5.685349e-05 0.0004640388 1.8897155e-05 2.128751e-07 0.00023081861 0.00018566844 4.920001e-05 3.9771153e-06 0.00024639687 6.926361e-05 3.9285997e-06 8.154381e-06 2.2371438e-05 0.00012479178 0.00046480508 0.053175878 2.7778822e-05 9.159417e-06 2.7415927e-06 5.2000246e-06 8.811179e-06 0.05955949 5.98916e-06 4.06373e-06 1.0352525e-05 1.7273003e-05 0.023929223 0.00014039055 0.00015949883 1.2667377e-05 3.2142555e-06 2.0812588e-06 1.8991037e-06 2.410333e-05 3.1363347e-06 1.5436408e-06 2.67897e-06
0.7514644 0.14248398 0.11988972 0.001905338 9.604999e-05 0.22525263 0.00010229461 0.21679893 4.4926495e-05 0.9545525 0.09446986 7.251834e-06 5.736813e-05 0.5269549 0.0021274644 3.397741e-14 0.00035401972 0.9848959 0.0024904064 0.4663067 0.00012289375 0.06428599 0.8282449 2.9358165e-05 0.02469098 0.43166956 0.0069846744 0.0008291868 0.27430347 0.0010749387 0.033008482 0.06303141 0.017933782 0.0011141537 0.02047872 0.03794097 0.0036449616 0.00326207 0.13525155 0.00439002 0.020041531 0.0005244264 0.0013790493 0.008887464 0.012376789 0.0039000781 0.0049284757 0.007001731 0.0005609005 0.0007760985 0.0014579886 0.0016451572 8.389798e-05 0.00015007897 2.5511672e-06 0.00030851143 0.0058892374 0.00011625863 0.001904545 0.0001273943 1.583339e-05 0.00020613632 1.8396839e-05 0.00010188424 2.5450205e-05 0.007310182 0.00021746106 6.638902e-05 5.997176e-05 0.00035471198 4.442973e-05 0.00029691533 0.12063562 7.312082e-05 4.127209e-06 0.00011110554 8.187366e-06 5.7168018e-05 0.0019166108 0.00249452 2.7567847e-05 1.09955145e-05 1.3261041e-06 2.5667393e-06 2.0737104e-06 0.007630857 5.539035e-06 8.075344e-06 8.197664e-06 2.150593e-05 0.0062475954 0.0003446366 1.546916e-05 1.5223947e-05 8.80341e-06 1.0563549e-05 1.4889698e-06 0.0015189535 1.0048476e-06 1.5428549e-06 1.2589089e-06
0.9639778 0.007267017 0.3970125 0.38983622 0.4047069 0.00041343694 0.75046986 0.00020494826 0.8766968 0.00023499696 0.135107 0.3943069 0.7850559 0.044615038 0.94559777 0.00035401972 1.5880099e-13 6.443155e-05 0.883524 0.00018236438 0.21124361 0.0509746 8.668658e-05 0.0030474218 0.11898084 4.3290518e-05 0.14427543 0.5219394 3.6131383e-05 0.76763165 0.005542365 3.721608e-05 1.4907437e-05 0.57079923 2.1079994e-05 4.442278e-05 1.8177447e-05 8.635546e-05 5.3214308e-06 0.01586074 2.6941776e-05 0.13222095 8.820159e-06 0.0036856332 9.966614e-06 7.385609e-06 0.0013584093 0.0010243368 8.1109977e-07 1.2719678e-06 1.3682194e-07 9.5332507e-07 3.644662e-07 2.0978034e-07 1.09072735e-05 1.0371493e-06 7.0930495e-05 3.221992e-08 0.00089284324 3.8947144e-07 8.496593e-08 1.60598e-07 5.3925596e-08 7.3507636e-06 7.053766e-06 9.15905e-06 2.0814634e-06 2.4621972e-08 2.8270977e-05 2.1759599e-05 4.753411e-06 6.2836733e-07 7.7606186e-05 8.737609e-06 5.843949e-07 4.6374525e-06 3.185661e-06 7.5040693e-06 7.578878e-05 0.09710516 7.0902456e-06 3.1450265e-06 5.281669e-07 1.7993336e-06 9.967815e-07 0.10673478 5.628702e-07 4.3852182e-07 1.2863023e-06 1.6782178e-06 0.014466295 4.891388e-05 1.3232573e-05 3.2187552e-06 3.0045288e-07 2.3869865e-07 2.4009015e-07 1.37766365e-05 4.045944e-07 2.6489423e-07 9.106734e-07
0.8046886 0.035697512 0.0016061157 1.8564375e-05 1.3107045e-06 0.050496448 8.5124134e-07 0.08314177 4.0599434e-07 0.74419546 0.024580145 3.3672754e-07 4.941919e-07 0.33790097 0.0008445937 0.9848959 6.443155e-05 1.7550077e-15 0.00046570884 0.36637306 1.4272518e-06 0.02731931 0.91864944 6.405061e-07 0.010922467 0.49281713 0.0050396114 0.00023723183 0.760379 0.00026380256 0.025411643 0.11227193 0.011673301 4.13003e-05 0.055450007 0.08969801 0.006508461 0.0001273943 0.58330613 0.0045577907 0.041307416 7.781863e-06 0.0011755032 0.006667289 0.04271781 0.01076302 0.002846752 0.00448265 0.00058848946 0.0088519575 0.0011538455 0.0032025732 2.3095133e-06 0.00034065606 1.784646e-07 2.7731969e-05 0.0029387523 0.000633715 0.0021459332 0.00035138565 3.0200561e-05 4.0805637e-05 3.064542e-05 0.00011676509 4.026298e-05 0.001252829 0.00032657819 0.00029681198 6.956719e-05 9.84338e-06 3.7131156e-06 0.00043440316 0.33312994 1.7676018e-06 1.3591225e-05 0.0005470196 2.3854527e-05 2.1862386e-06 0.0021211295 0.0011327033 4.5968945e-06 2.4576862e-06 6.2425474e-06 5.570574e-07 1.6512378e-07 0.0018718545 3.1693e-06 3.0162628e-05 3.1511467e-05 3.4372868e-05 0.0049657966 0.00028664782 3.054499e-05 9.0889654e-07 1.9649446e-05 2.117459e-05 2.2304066e-06 0.002243668 3.220842e-07 1.2817099e-05 2.0568694e-05
0.98556715 0.07346808 0.5090027 0.18323618 0.12738295 0.004498747 0.34964713 0.0014718417 0.44405302 0.0030731494 0.7340188 0.02514882 0.19995072 0.42428452 0.9073579 0.0024904064 0.883524 0.00046570884 1.0867649e-13 8.917318e-05 0.02137534 0.587447 0.0004238409 0.00044159024 0.7658785 1.7827086e-05 0.76288575 0.113426775 0.0001015363 0.32941753 0.08270119 0.0005290877 5.4874807e-05 0.28764534 0.00011604583 0.00018877134 0.00017585159 0.0009460236 9.180003e-06 0.14234105 9.868981e-05 0.033330567 7.293577e-05 0.0311462 4.947531e-05 3.4514444e-05 0.004958171 0.007949583 5.880005e-06 8.927448e-06 2.0428088e-06 5.5453306e-06 1.7648052e-05 9.759195e-07 0.00015313084 1.03728735e-05 0.00043299704 1.516766e-07 0.0046627927 5.930676e-07 1.0010733e-06 5.27212e-06 2.499468e-07 1.9705782e-05 1.6596621e-05 2.72361e-05 1.4880166e-05 1.3466294e-07 0.00014661484 9.2818154e-05 4.128518e-05 2.5866877e-06 0.0005435467 6.641068e-05 6.1435503e-06 4.0088285e-06 1.0882004e-05 3.662275e-05 0.00088562135 0.13563733 3.7866776e-05 5.9300346e-06 1.3058312e-06 2.6936405e-05 5.298825e-06 0.16593446 7.5649446e-06 2.429227e-06 1.0178067e-05 3.308754e-05 0.057151336 0.00018862577 6.040749e-05 8.446432e-06 2.8170577e-06 3.6657534e-06 1.4912634e-06 8.441825e-06 3.7444173e-07 7.219829e-06 9.329921e-06
0.35279405 0.13557772 0.0019372216 0.0002743727 1.2813922e-05 0.6937165 5.2037427e-05 0.9607605 2.1838745e-05 0.88680613 0.019881442 4.5354295e-06 7.5537487e-06 0.06494709 0.0012276636 0.4663067 0.00018236438 0.36637306 8.917318e-05 1.6965834e-14 2.406116e-05 0.0066437125 0.79727864 1.3579565e-05 0.001315654 0.9615147 0.00011058355 9.500904e-05 0.011319613 7.3882766e-05 0.0012538091 0.010393913 0.8279807 0.00014723149 0.0025240218 0.004933771 0.00031947883 0.029713357 0.0058743088 0.00010564169 0.0026512186 8.949663e-06 0.37149793 0.00064476393 0.0013584618 0.000761192 4.558962e-05 9.333638e-05 7.757192e-05 0.00031132664 0.00012226599 0.00032279745 0.024235256 0.00012016145 0.0043433793 0.15526207 2.7872227e-05 3.6370446e-05 0.00013986496 3.6619327e-05 1.3702514e-05 0.05344036 2.3676204e-05 2.8201477e-05 8.758825e-06 0.7535235 3.129733e-05 1.5355192e-05 3.7193852e-06 0.03230691 0.010501576 5.5350512e-05 0.0668212 0.013132321 2.805283e-06 6.1801045e-05 3.7557347e-06 0.01184881 0.0005600821 4.41188e-05 0.0015272576 0.0007768012 3.4295522e-07 0.00027359562 2.5478372e-05 0.00015352768 8.880799e-07 1.1554149e-06 3.4410664e-06 2.474655e-06 0.00019579999 2.128745e-05 2.040372e-07 1.4405196e-05 6.0881707e-06 2.4512676e-06 8.5981554e-07 0.0017067078 4.2155136e-07 1.8537517e-07 1.0376361e-06
0.07495265 0.001808463 0.003667684 0.009147267 0.042860195 0.00013386991 0.17339598 5.0640614e-05 0.22274795 4.7932404e-05 0.006688643 0.98101157 0.33090597 0.0017897979 0.019504767 0.00012289375 0.21124361 1.4272518e-06 0.02137534 2.406116e-05 1.3530665e-12 0.0017910443 6.942325e-05 0.99878895 0.0035007885 1.0839765e-05 0.0138011435 0.24716605 2.5503934e-06 0.020096855 0.0005887426 2.2917953e-05 1.2371286e-08 0.015752016 2.5627305e-06 2.4787225e-06 3.369463e-05 0.000108973494 1.7947688e-07 0.0027635936 2.496777e-06 0.1938833 4.4145626e-08 0.00070642034 7.293598e-07 7.4090127e-07 0.00014505384 0.00017634917 2.4325025e-06 3.3694147e-07 5.015164e-07 3.767219e-07 1.7290819e-07 7.229464e-07 1.2304532e-05 1.940399e-07 2.579448e-06 9.5871286e-08 0.0002801906 2.1730027e-07 3.5350672e-06 1.4645977e-07 5.417423e-07 1.3389819e-05 2.5238014e-05 4.0429022e-08 4.4890717e-06 6.650558e-08 1.1350156e-05 1.6187579e-07 3.1783733e-07 1.51775e-07 7.468893e-06 4.3648862e-07 1.7866421e-05 3.5765293e-06 1.3656845e-06 6.7624404e-09 4.4300705e-06 0.009556464 2.1799176e-08 2.227264e-07 4.1004273e-07 9.533828e-08 5.6016557e-08 0.0019707745 1.3822282e-06 4.964096e-07 2.7706088e-07 6.345641e-07 0.0005078837 1.1070043e-06 2.8146785e-06 8.617742e-09 9.839594e-07 8.851742e-08 4.190312e-08 6.700818e-07 2.8297462e-09 4.0828887e-08 6.054143e-08
0.9451444 0.035155028 0.27785 0.002076884 0.0005221709 0.02550905 0.0031983673 0.012908278 0.00562049 0.0865472 0.8065631 0.0001796318 0.0021572167 0.9624656 0.1666172 0.06428599 0.0509746 0.02731931 0.587447 0.0066437125 0.0017910443 4.848538e-13 0.029734584 9.900089e-05 0.9372921 0.0013534998 0.3121616 0.04458705 0.012231381 0.18061136 0.911437 0.0923963 0.0009009213 0.26936883 0.033709068 0.009327653 0.06304492 0.000110848356 0.0006775239 0.3407995 0.009146093 0.026639745 0.00017359627 0.36516333 0.0011211848 0.001146171 0.110127375 0.12694804 0.00070546666 0.0002741339 0.0005110991 0.00029932224 2.315255e-05 0.00010674618 4.821737e-06 5.8399717e-05 0.054762784 2.6142117e-05 0.03218124 3.831522e-05 2.391694e-05 5.0751064e-06 7.0215297e-06 0.00040560428 0.00048664835 0.00011355758 0.0003614162 1.7256448e-06 0.00306322 1.1907232e-05 1.9517163e-05 8.031728e-06 0.00025069222 1.6728449e-05 3.7202508e-06 6.321676e-06 0.0006347112 1.5171051e-06 0.009750182 0.019839745 1.5929968e-06 2.2846757e-06 2.3309904e-06 4.720857e-06 9.9979054e-08 0.07465094 0.00013851156 1.8297978e-05 0.00047356923 0.0008745534 0.039003313 0.0015414065 0.0002951936 5.470592e-07 2.868796e-05 2.4389778e-05 1.8338989e-06 7.922076e-06 3.1945427e-07 2.091118e-05 2.0320162e-05
0.87320745 0.012656147 0.0012693147 0.0001812331 2.4315564e-06 0.019723173 1.3136222e-05 0.047739584 4.6856603e-06 0.8410826 0.04117676 2.4945946e-06 2.7380495e-06 0.11192824 0.0007840359 0.8282449 8.668658e-05 0.91864944 0.0004238409 0.79727864 6.942325e-05 0.029734584 1.968167e-12 4.7157968e-07 0.0055937213 0.96751344 0.0012967546 0.00081921 0.27481934 0.00045909738 0.010432841 0.14966829 0.700437 0.0003610045 0.07992153 0.1516184 0.00849163 0.05538948 0.32102564 0.002728309 0.08007256 3.5430683e-05 0.124193735 0.0027391363 0.10244905 0.016971042 0.0008105965 0.00086767843 0.0004988852 0.029765226 0.00068741635 0.006081617 0.011096459 0.00079576235 0.004472033 0.054587148 0.00089254865 0.0013505523 0.00073932874 0.00080778135 0.0001385767 0.020343415 0.00042369764 0.00029798815 0.00041932793 0.5010593 0.00031520228 0.0015467156 0.00037767176 0.017113524 0.010553697 0.019005274 0.67424124 0.009052487 5.596928e-05 0.0030461387 0.00011743917 0.0047942675 0.0036725947 0.00046137732 0.003120872 0.00089531764 0.012510673 0.00027859167 2.7367456e-05 0.0012524163 2.0127489e-05 0.00011973923 0.00010867314 0.00029219248 0.004785526 0.00059137 0.000111411755 6.2593375e-05 5.288271e-05 0.00015659771 7.438306e-06 0.060533937 6.918567e-06 1.6404125e-05 2.3798219e-05
0.6879685 0.0002854225 0.0008487018 0.0076635038 0.036487456 9.963981e-06 0.048196696 6.679842e-06 0.032081753 7.570423e-06 0.000326916 0.22533925 0.050987206 0.00013367293 0.0010899954 2.9358165e-05 0.0030474218 6.405061e-07 0.00044159024 1.3579565e-05 0.99878895 9.900089e-05 4.7157968e-07 1.1161435e-13 0.00029849273 2.180506e-06 0.0007768702 0.44055748 2.9380712e-07 0.052184336 0.00015295249 4.9339377e-07 6.5208546e-08 0.12510002 4.036309e-07 2.2164319e-07 1.3456224e-06 0.0006935171 3.9205936e-08 0.0005727028 8.2804996e-07 0.946213 3.4857533e-07 0.00011808143 1.9288582e-07 2.0664265e-07 2.4805822e-05 7.829139e-06 6.889826e-08 1.8536925e-08 1.0908318e-08 1.755081e-08 3.229534e-05 7.0927406e-08 0.0013009574 2.186883e-06 9.715532e-07 1.3428648e-08 4.0747145e-05 2.377331e-07 1.6274402e-07 4.545632e-06 6.0972023e-09 2.156651e-06 2.1637645e-06 1.965802e-06 1.8989469e-07 5.0992764e-08 1.0128756e-06 8.607643e-06 1.1586674e-05 2.3133522e-07 1.0106848e-05 1.7308224e-05 5.335433e-07 1.40883305e-08 1.4602346e-06 5.595631e-07 5.985896e-07 0.08630614 1.0858529e-06 3.5124208e-06 4.1514507e-08 2.9585476e-06 7.4760333e-06 0.017214723 5.208628e-07 6.113742e-08 4.618654e-08 1.14083e-07 0.00011510949 3.1324067e-08 1.3558801e-08 3.7862673e-08 5.18566e-07 4.2720213e-08 1.8868447e-09 1.3960496e-08 7.324214e-08 3.2375205e-09 6.207233e-09
0.89050525 0.01359286 0.14018553 0.007141789 0.002834918 0.008005174 0.008295317 0.003765774 0.017887136 0.011658506 0.64595366 0.001029273 0.005409582 0.39905635 0.19285884 0.02469098 0.11898084 0.010922467 0.7658785 0.001315654 0.0035007885 0.9372921 0.0055937213 0.00029849273 1.0434997e-14 0.00018163348 0.9679317 0.03695198 0.0023953854 0.22654474 0.8978351 0.021366937 7.834544e-05 0.34329545 0.0056158206 0.0020762782 0.032346364 2.8392511e-05 0.00014045832 0.7360454 0.002519574 0.013831027 4.759342e-05 0.44380414 0.0005033802 0.0008962475 0.08703063 0.09847171 0.0004823439 0.00018854249 0.000265136 0.0003253872 5.131029e-06 8.332578e-05 5.2001733e-06 7.4200125e-06 0.017032634 1.3531706e-05 0.026713716 2.1397524e-05 3.1429205e-05 7.229705e-07 1.6898333e-05 0.0002983046 0.0004086604 1.8425862e-05 0.00026767075 2.28022e-06 0.0014811655 6.0296957e-06 2.4373255e-06 5.2933196e-06 0.00020121892 4.600122e-06 2.021598e-05 9.143123e-06 0.0002382621 1.044931e-06 0.0048031732 0.044603385 1.8839061e-06 9.678273e-07 1.5359697e-06 4.749967e-06 4.4469618e-07 0.096036434 9.623914e-05 2.7707952e-06 0.00014869719 0.00016991634 0.037095387 0.00077457057 8.1235776e-05 6.8350846e-07 3.3404627e-05 1.558496e-05 1.584722e-06 2.1358826e-05 1.9778058e-07 2.7895135e-06 7.1739328e-06
0.30645776 0.0058258013 0.00016594985 4.7297976e-06 2.1770038e-07 0.07826884 1.2899534e-06 0.27271757 2.735643e-06 0.24348705 0.00273253 5.8108606e-07 4.429667e-07 0.01736655 0.00056648126 0.43166956 4.3290518e-05 0.49281713 1.7827086e-05 0.9615147 1.0839765e-05 0.0013534998 0.96751344 2.180506e-06 0.00018163348 9.216299e-16 0.00011422405 9.525744e-05 0.08006774 4.367528e-06 0.0005912214 0.024950955 0.40787703 2.3091447e-05 0.0033120958 0.016974896 0.00048561426 0.027380643 0.06471904 5.1383275e-05 0.0025097416 2.4153896e-06 0.10386602 0.00025639433 0.004508307 0.0007833329 1.7469512e-05 9.0149755e-05 7.033704e-05 0.00096340984 0.0001346493 0.0006758773 0.015663015 5.0403134e-05 0.0029706473 0.057537794 2.6643134e-05 0.00019925796 0.00017468088 0.00017191433 1.0523138e-05 0.027175276 5.669825e-05 1.2193115e-05 1.5889691e-05 0.8054871 0.00013515812 0.0003272722 2.884052e-06 0.028935129 0.017170586 0.0019837015 0.9318528 0.019238561 7.905518e-06 0.00022293646 5.8111514e-06 0.015596535 0.00093823427 6.371774e-06 0.001333765 0.00013904825 0.0017719142 0.00023534571 4.856552e-06 8.379922e-05 1.6727244e-06 1.4224565e-06 1.4156124e-05 1.7556544e-05 0.00012171512 2.2108987e-05 8.297456e-07 5.1018233e-05 3.2974717e-06 2.9715663e-06 5.9684766e-07 0.06912106 2.1936056e-07 1.3093204e-06 1.0399321e-05
0.97943276 0.007028166 0.13878955 0.023784347 0.0072625447 0.0020257465 0.02841461 0.00038650897 0.04564633 0.003858663 0.49548075 0.0028277787 0.012438988 0.12280387 0.26343375 0.0069846744 0.14427543 0.0050396114 0.76288575 0.00011058355 0.0138011435 0.3121616 0.0012967546 0.0007768702 0.9679317 0.00011422405 1.3013286e-15 0.14499687 0.00057131966 0.5930605 0.39118183 0.014916647 2.8587524e-06 0.743865 0.002771678 0.0013596619 0.0032545316 3.80161e-07 9.674249e-05 0.8203358 0.0014302155 0.08127119 5.9850976e-07 0.4523456 0.00020195544 0.00039012256 0.038432732 0.14239155 0.00020825276 1.7700757e-05 8.43375e-05 0.00011638565 1.0601884e-06 2.925484e-05 1.1863802e-06 4.621217e-07 0.01820708 4.836597e-07 0.07847842 4.6269565e-06 9.011181e-06 3.980109e-08 1.4559766e-06 0.0001546175 0.00014490893 5.656393e-07 0.00020629898 4.0575048e-07 0.0008726081 5.0597697e-07 1.5637551e-06 1.6963088e-06 4.9084203e-05 1.0181585e-06 3.5337525e-06 6.3416205e-06 0.00013116187 4.3609708e-07 0.0031359536 0.41123942 1.085593e-06 2.437438e-07 1.6934501e-07 4.1453364e-07 1.6829041e-08 0.5607887 3.017048e-05 2.1987778e-06 3.8479233e-05 9.10756e-05 0.15101267 0.0004881357 6.643506e-05 3.083627e-07 1.2042513e-05 8.912663e-06 9.673253e-07 1.0019917e-05 6.290344e-08 3.1087413e-06 2.6516002e-06
0.9366401 0.0077056875 0.049438458 0.046842072 0.20775379 0.00083513407 0.50906193 0.0002918939 0.7587362 0.00032204782 0.095356055 0.7494728 0.88958335 0.01367797 0.12347562 0.0008291868 0.5219394 0.00023723183 0.113426775 9.500904e-05 0.24716605 0.04458705 0.00081921 0.44055748 0.03695198 9.525744e-05 0.14499687 3.0239808e-13 0.00013282115 0.93213344 0.0124964 0.00017401812 2.966078e-05 0.8341567 4.6655925e-05 0.00010228944 0.00025790322 0.000722597 2.4294147e-06 0.02701283 4.7971545e-05 0.94244254 3.6499423e-05 0.0076721734 3.6440128e-05 6.2710633e-06 0.0010241703 0.0016286398 1.844952e-06 1.6298416e-05 2.432499e-07 7.728984e-07 4.414294e-06 6.428578e-07 0.00012467748 2.0339046e-05 0.00019046884 3.0754683e-07 0.0008813916 1.0705176e-05 1.1524734e-06 1.5807673e-06 2.6217216e-07 0.00014080851 0.00035394763 6.8975837e-06 2.9779765e-05 2.5799682e-07 4.987215e-05 0.000115187126 4.049241e-05 2.580235e-06 0.00044503924 6.1543666e-05 1.7758456e-06 1.6280334e-05 1.8225233e-05 1.9352983e-05 3.991283e-05 0.46179548 5.3434433e-05 3.6724214e-05 1.8989036e-05 5.2112566e-05 2.551818e-05 0.1173912 1.0706038e-06 2.3965194e-06 1.1891759e-06 2.9073733e-06 0.008914038 3.4382485e-06 2.1524056e-06 5.909964e-06 3.0427094e-07 1.4464997e-07 5.0996654e-08 0.00018846933 1.6606904e-06 5.345188e-08 4.1118124e-08
0.72918105 4.88382e-06 6.662426e-05 3.8109283e-05 5.0745257e-06 0.00034643893 1.5874401e-06 0.0003626747 1.5849971e-06 0.05708876 0.00097238796 3.8207207e-07 9.522256e-07 0.060534388 0.00015075892 0.27430347 3.6131383e-05 0.760379 0.0001015363 0.011319613 2.5503934e-06 0.012231381 0.27481934 2.9380712e-07 0.0023953854 0.08006774 0.00057131966 0.00013282115 1.0197299e-17 0.00013200591 0.023851367 0.44723588 0.00014702622 0.00023478328 0.3084227 0.76647866 0.044085756 4.043697e-08 0.99062634 0.0027883342 0.42468816 3.4542038e-05 3.719364e-06 0.008669325 0.65887207 0.2119022 0.010705238 0.006263252 0.01658229 0.40691796 0.022796119 0.08800837 2.0429908e-07 0.005446197 3.9835726e-08 1.3598219e-06 0.009515177 0.010842041 0.0032220264 0.018306706 0.00019513097 9.540664e-07 0.00015899749 0.0003032329 0.00038156615 0.0005325089 0.0007792699 0.000984633 0.0005598887 1.0942123e-05 2.538696e-07 0.0007092011 0.11215326 2.128466e-06 4.5808597e-06 0.00012950764 6.3886015e-05 1.642489e-06 0.0018654345 0.00071808224 1.8736107e-06 6.935309e-07 0.0001129841 2.164871e-06 3.285014e-08 0.000946186 5.3227304e-06 4.3871273e-06 1.3113867e-05 7.828979e-05 0.0032304057 0.00039904058 2.5682319e-05 1.2164236e-06 8.874995e-06 6.4931473e-06 4.690433e-07 0.0010520464 2.2427884e-08 2.5182273e-06 1.0822181e-06
0.9668179 0.022424664 0.13860299 0.08494973 0.19471788 0.0024381964 0.4291684 0.0001929667 0.69596744 0.0017340436 0.31000265 0.50125164 0.7478275 0.059129093 0.31249842 0.0010749387 0.76763165 0.00026380256 0.32941753 7.3882766e-05 0.020096855 0.18061136 0.00045909738 0.052184336 0.22654474 4.367528e-06 0.5930605 0.93213344 0.00013200591 6.657327e-14 0.034705784 0.000401527 0.00013085004 0.9264506 0.00011913793 9.9584286e-05 0.0006380288 0.00040782738 3.6153149e-06 0.0968151 9.831555e-05 0.28378642 9.6677744e-05 0.020880027 3.1948322e-05 2.8805875e-05 0.003020526 0.0058647026 1.1263213e-05 9.0744625e-06 3.6265862e-06 3.3389454e-06 2.4249204e-05 1.6145744e-06 8.9265166e-05 1.6524446e-05 0.00039811118 3.623836e-07 0.002187126 7.794151e-07 3.6419817e-06 7.094713e-07 1.4058576e-06 0.00011577248 0.00027917573 1.0556897e-06 5.1894007e-05 1.1458227e-07 0.00010549872 1.2332339e-05 2.7867762e-05 1.3406001e-06 0.00062295207 3.8551116e-05 1.3495145e-05 1.9115678e-05 3.173497e-05 4.0493273e-06 0.00015331847 0.5461195 6.577956e-06 7.945452e-07 1.4024067e-06 7.922484e-06 8.28825e-07 0.27273476 3.5850993e-05 2.4761353e-06 1.216481e-05 1.8355691e-05 0.043329522 1.0332749e-05 3.990002e-06 8.5785473e-07 4.3962577e-06 1.8886119e-06 2.135353e-07 2.7024149e-05 1.3310856e-07 2.909197e-07 8.3120676e-07
