1.16092044e-20 0.84173626 0.3192089 0.8322538 0.7478341 0.6867982 0.46062276 0.7260135 0.9226675 0.9028247 0.15901509 0.7478002 0.69289345 0.8256779 0.8475137 0.05498416 0.06437507 0.89815813 0.20540445 0.91840243 0.10983168 0.83731675 0.9170801 0.95742947 0.9460693 0.06847201 0.7104797 0.87966335 0.011659501 0.9769012 0.05067708 0.885074 0.93433285 0.9290258 0.9967735 0.9440557 0.9785091 0.95583004 0.91304153 0.7401976 0.84532964 0.7315236 0.8015312 0.9837982 0.03267845 0.98705095 0.83018136 0.754818 0.89918417 0.893571 0.98511493 0.93892187 0.95204425 0.002819915 0.93909353 0.8003169 0.9841212 0.99178857 0.9996854 0.9997621 0.60515416 0.96448475 0.9844591 0.00011785362 0.9446706 0.39161283 0.00010140567 0.835716 0.8486835 0.0001702862 0.9237941 0.57350576 0.003723591 0.00010160469 9.173881e-05 0.0033599462 0.6364925 0.9063413 2.002412e-05 0.9541009 0.40289804 0.003505444 0.73550195 0.04605396 0.99996704 0.9933631 0.42196566 0.29143804 0.34214067 0.7938648 0.08542424 0.4276485 0.04985222 0.24222973 0.99789417 0.34617573 0.99830294 0.9856839 0.9999704 0.9903787 0.98884743
0.84173626 2.7468708e-14 0.8170195 0.5574253 0.8980383 0.9550045 0.3201352 0.115182914 0.5562237 0.66114247 0.8841194 0.021992128 0.79135346 0.80460536 0.0075627235 0.5003352 0.08467172 0.6166871 0.078841306 0.0032232786 0.03785026 0.025228158 0.025889926 0.010026332 0.0006494761 0.4382224 3.7145946e-05 0.03649898 0.03714143 0.20221588 0.0030919241 9.824403e-05 0.06582002 0.00816891 0.012019556 0.0015688099 0.058938593 0.023261944 9.92444e-05 0.008564934 4.988811e-06 6.109595e-07 3.8245233e-07 0.0024779616 0.02985546 5.2161642e-05 5.190024e-07 0.0037023842 2.8038733e-06 1.8741709e-07 0.020978913 5.102195e-08 0.0009989472 0.0008715702 1.3323308e-06 0.00018488093 2.3044193e-05 1.5662056e-06 0.01071464 0.0009653201 1.3281787e-06 6.7272754e-07 0.00011999449 0.00011819736 3.986649e-07 4.9055795e-09 1.6184926e-05 9.028514e-06 1.232875e-07 4.5519782e-06 3.1100654e-07 2.891586e-05 2.2432741e-06 4.6641597e-07 2.0241241e-06 7.0579376e-06 1.01606574e-07 1.2984765e-07 0.00013079788 3.4599798e-05 2.4469113e-08 3.7714482e-08 1.5286235e-08 4.0743686e-07 0.004537401 2.7521615e-05 8.056206e-08 5.9339435e-08 2.1293546e-08 7.406194e-05 6.015752e-07 4.3713035e-06 1.0152919e-05 9.337949e-08 9.936851e-06 5.1648296e-08 0.00027325272 7.3839395e-08 0.00075209356 6.6474067e-06 4.4478867e-05
0.3192089 0.8170195 1.8516772e-13 0.6633503 0.36988616 0.22350048 0.9669943 0.19616361 0.31193733 0.23899077 0.60176826 0.35283133 0.111489005 0.1884362 0.07633223 0.9371097 0.91018397 0.043909892 0.4011967 0.45000276 0.22538128 0.024315288 0.052209638 0.011398351 0.027428135 0.043707184 0.0004548012 0.004628362 0.0022245483 0.046659414 0.10795366 0.0005443168 0.0069778794 0.0013460539 0.008691486 0.0024907438 0.0028435597 0.0024741704 0.00027319044 0.00390851 0.00011318372 3.0572737e-05 3.5832672e-05 0.0004612913 0.0034217953 6.7586305e-05 2.455347e-05 0.00026478604 1.3128546e-05 4.3629657e-06 0.0033004812 5.3534377e-06 2.2400962e-05 0.0008149018 1.2747846e-05 1.5392669e-05 7.739761e-05 8.583936e-06 0.005343069 0.0002424628 9.091198e-06 1.4771058e-05 0.0001226784 0.0014507513 4.0585983e-06 2.1504031e-06 0.00016253085 6.3441676e-06 3.5121764e-06 1.8790479e-05 1.2919645e-07 2.937874e-06 0.0011743138 7.3345353e-07 1.1815239e-06 6.7930955e-06 4.3134182e-06 6.9606986e-06 0.00060684653 2.51279e-05 2.7826863e-07 9.665774e-07 4.3892236e-08 2.251002e-06 0.0009878331 3.5049943e-05 2.1980472e-07 1.42841e-07 3.102078e-08 1.0271795e-05 1.6626841e-06 4.1079757e-06 5.8492635e-05 2.7439938e-08 7.02456e-05 7.0629164e-07 0.0002336851 3.5454016e-06 0.0009112756 1.4896614e-06 3.1922864e-05
0.8322538 0.5574253 0.6633503 4.6513036e-15 0.91905904 0.30575797 0.67761797 0.9662922 0.9045898 0.788354 0.033877313 0.79210824 0.062310696 0.014181041 0.5218384 0.07781442 0.2511773 0.020769862 0.37677813 0.24838613 0.26934487 0.13384078 0.25125006 0.034960832 0.04907575 0.010504024 0.00032122023 0.0012330081 0.0004029744 0.112624526 0.047020838 0.0005556684 0.00691433 0.0003056803 0.021801421 0.0052604256 0.0042539164 0.0015443147 0.0005639747 0.0008861303 4.435251e-05 6.851011e-06 5.081737e-06 0.00034517588 0.00043670996 0.0002650096 3.6902984e-05 0.00037536494 4.907368e-05 9.894071e-06 0.007329942 1.221082e-06 3.8966722e-05 1.5085363e-05 2.4186083e-05 6.457614e-06 0.00018399408 1.2791834e-05 0.013423331 0.0011607683 1.5894997e-05 1.3698475e-05 1.1958829e-05 2.8301663e-06 3.7318955e-06 6.737827e-08 3.3216736e-06 1.3806394e-06 1.3515024e-06 2.8598758e-06 4.782512e-08 1.517905e-05 0.00014835739 1.5565448e-06 3.0954732e-06 1.455674e-06 2.1335463e-06 1.3566886e-06 1.2403272e-05 1.7317157e-05 1.1632089e-07 4.2605822e-07 1.6512354e-08 2.464524e-07 0.0033818064 7.2964885e-06 8.104925e-08 6.6921544e-08 7.201715e-08 1.1398622e-05 5.5338586e-07 1.1899245e-06 3.3809044e-06 6.636645e-08 6.5203545e-05 9.3309346e-08 0.00025225035 4.7070301e-07 0.00094995496 3.0045335e-06 4.624865e-06
0.7478341 0.8980383 0.36988616 0.91905904 3.0504458e-15 0.93703765 0.2207576 0.72719216 0.8959812 0.9253061 0.11477505 0.19747065 0.548203 0.27776995 0.15674345 0.090754785 0.047058005 0.36770582 0.051899407 0.010268643 0.0324023 0.11784665 0.09622179 0.029575802 0.0053759236 0.04098167 9.359049e-05 0.00959433 0.0018389183 0.24196818 0.0036328083 0.0003369065 0.04300284 0.0014999111 0.027880859 0.003979415 0.017254803 0.0056053177 0.00038416826 0.005198081 4.063341e-05 7.313794e-06 1.7999868e-05 0.0011979148 0.0011952668 0.00027300997 2.0201911e-05 0.0011821141 0.000102653365 3.287576e-05 0.016745433 1.5009556e-06 0.00016875008 2.8110851e-05 3.4326058e-05 6.8844965e-05 0.00033088282 3.6359175e-05 0.012292488 0.0010876434 4.328484e-06 1.7336093e-05 9.170058e-05 3.505641e-06 7.778762e-06 2.2472987e-07 2.8200548e-06 1.3949404e-05 4.994404e-06 3.9257943e-06 1.0292234e-06 9.8135606e-05 3.4965677e-05 9.0624366e-07 3.3145034e-06 2.6867456e-06 2.101048e-06 2.423976e-06 1.4627149e-05 6.5959815e-05 1.6968629e-07 2.542826e-06 9.1268404e-08 1.0827341e-06 0.0045957747 4.8341895e-05 4.3145187e-07 3.926216e-07 1.3361539e-07 2.386613e-05 3.844394e-07 3.6907275e-07 2.005092e-06 5.8479774e-08 5.8511658e-05 2.4127544e-07 0.0006159311 6.1932667e-07 0.00042980182 1.9921928e-05 2.5260384e-05
0.6867982 0.9550045 0.22350048 0.30575797 0.93703765 7.871763e-15 0.04401629 0.12330879 0.45315602 0.6877136 0.18456672 0.01151326 0.9418317 0.8142472 0.010979229 0.08082186 0.0112209935 0.7556669 0.0077611813 0.0009746733 0.005144324 0.03395286 0.01603986 0.0120910825 0.00077913684 0.09810635 6.516432e-05 0.040137153 0.0075819334 0.26254907 0.00063923135 0.00016710917 0.10684924 0.0058050347 0.014967483 0.0020638457 0.045447886 0.017333226 0.00017582877 0.012721523 2.8127237e-05 5.1227953e-06 1.1683731e-05 0.0027340066 0.003310651 0.00013361838 4.669775e-06 0.0032105611 4.0285795e-05 1.0302571e-05 0.020653112 4.9083593e-07 0.00047463857 0.00018107364 2.6556023e-05 0.0002640875 0.00012004302 2.0079979e-05 0.0067094415 0.00055622985 6.751142e-06 9.093201e-06 0.00031061724 9.886149e-06 3.6747103e-06 2.9622868e-07 7.717336e-06 8.433196e-05 2.0160464e-06 9.045518e-06 4.916392e-06 0.0001779192 1.3197752e-05 1.139203e-06 4.166201e-06 4.6599876e-06 3.41721e-06 2.1948706e-06 2.6221594e-05 0.00014318108 1.8847138e-07 2.1662254e-06 5.581981e-07 3.4388688e-06 0.007839293 0.0001009536 2.082885e-06 1.5425356e-06 1.3248655e-06 6.258705e-05 3.2624646e-07 5.348904e-07 3.0004587e-06 1.9168618e-07 3.0948104e-05 1.5705095e-07 0.0014063873 8.7683236e-07 0.00062201946 0.00014679461 7.038421e-05
0.46062276 0.3201352 0.9669943 0.67761797 0.2207576 0.04401629 3.851255e-17 0.23623556 0.20324367 0.10660517 0.045888655 0.7034734 0.01011792 0.010291274 0.1252654 0.20391724 0.95295596 0.0011002937 0.87171733 0.7946229 0.51298416 0.025069855 0.080110125 0.009330709 0.062600516 0.0041277744 0.003516485 0.00026905356 9.4228504e-05 0.018203026 0.34531796 0.0015909056 0.0009501942 6.4127125e-05 0.0062852837 0.0037617593 0.0005532189 0.00046335536 0.0005545445 0.00032774822 0.00026997863 4.5135854e-05 3.5649155e-05 3.130348e-05 0.00017548767 0.00024001907 0.0010159448 3.7055932e-05 6.1018505e-05 1.00183215e-05 0.00096851616 5.1809466e-06 4.0110317e-06 7.715669e-05 1.9612638e-05 4.508627e-06 0.00032955606 8.292594e-06 0.008702894 0.0006039689 3.8931885e-05 3.7683014e-05 1.7419903e-05 0.00061366556 1.847048e-05 1.3149764e-06 1.1717698e-05 4.5186803e-07 1.8149929e-06 7.4880713e-06 2.4889697e-08 1.392506e-06 0.0066875303 7.449504e-07 1.0359088e-06 9.0064674e-07 3.387356e-06 1.3198506e-05 0.000459668 4.622969e-06 5.720493e-07 4.5751576e-06 4.4546526e-09 9.788679e-07 0.0007434746 7.1109334e-06 8.6926285e-08 1.9924958e-08 6.0921113e-09 3.6713795e-06 4.915318e-06 9.313378e-06 2.9078615e-06 1.1068946e-08 0.00013701135 2.1746914e-06 4.4698114e-05 3.465083e-06 0.00041874647 2.386818e-07 5.7418283e-06
0.7260135 0.115182914 0.19616361 0.9662922 0.72719216 0.12330879 0.23623556 2.6288035e-17 0.8914333 0.7497209 0.005090041 0.89654374 0.025881086 0.0047918605 0.90017414 0.008950249 0.057963092 0.012844111 0.08109474 0.2709762 0.04937984 0.53694445 0.5021519 0.12414806 0.152993 0.0008663952 0.0022343113 0.00091405946 4.1654763e-05 0.17633078 0.014937025 0.0028027028 0.0144540705 0.00013748504 0.08118026 0.026902432 0.0031115876 0.0011586404 0.0009052466 0.00090324157 0.000285002 5.44596e-05 4.4920285e-05 0.00024929395 9.112803e-06 0.00085340114 0.0002683312 0.00018153114 0.00015461163 2.1656935e-05 0.0069579347 1.6037417e-06 8.363982e-06 9.737557e-06 9.217422e-05 2.0838747e-06 0.0008471929 5.036935e-05 0.032675073 0.0030852263 2.5675727e-05 3.7775913e-05 4.298139e-06 9.1266446e-07 2.1306501e-05 1.0534143e-07 1.0911596e-06 2.0662019e-07 3.2953844e-06 2.1195247e-06 5.051886e-09 6.120644e-06 0.0003626365 1.9306711e-07 3.069539e-06 7.3029236e-07 1.9552476e-06 6.5724125e-06 7.3631677e-06 9.881982e-06 1.2614669e-07 1.3031738e-06 6.715909e-09 1.2698122e-07 0.00588102 8.7718745e-06 2.649651e-08 3.606932e-08 3.2851577e-08 1.0417938e-06 7.260708e-07 2.712363e-07 7.0391656e-07 1.4331002e-08 0.00056599197 3.14504e-07 0.00041637148 4.0757154e-06 0.0012527512 1.6966833e-05 9.376049e-07
0.9226675 0.5562237 0.31193733 0.9045898 0.8959812 0.45315602 0.20324367 0.8914333 2.0803254e-16 0.97425663 0.021913541 0.3727012 0.14472753 0.075635046 0.53801996 0.03162806 0.06997319 0.1677229 0.09557877 0.11327189 0.06552497 0.45160702 0.40689233 0.12941828 0.05494068 0.0033104066 0.0003803841 0.004012174 0.00042650104 0.5615203 0.012866822 0.0006286947 0.047901805 0.0008872427 0.1146155 0.019170834 0.015004757 0.0046877568 0.0005431878 0.0013093192 5.3700132e-05 8.005712e-06 8.768647e-06 0.0009292489 0.00020202788 0.0005052689 0.00011153006 0.0009737298 2.583381e-05 1.9288004e-06 0.023720892 8.059091e-07 8.04903e-05 5.591179e-06 4.8260452e-05 2.178892e-05 0.0005240777 1.5760055e-05 0.037435718 0.0026059106 9.970787e-06 1.5148349e-05 7.269027e-06 9.787465e-07 1.0819771e-05 4.3002007e-08 3.7566517e-06 1.4590137e-06 7.704632e-07 1.2774467e-06 1.8582068e-07 1.3017039e-05 5.2079282e-05 1.9930376e-06 3.4205457e-06 1.4625871e-06 1.7599601e-06 1.6955502e-06 7.6249394e-06 1.7981441e-05 1.2931318e-07 4.2053028e-07 3.042821e-08 5.5779583e-07 0.01481343 1.4720768e-05 6.395999e-08 1.1967558e-07 3.4472645e-08 1.8694514e-05 2.264363e-07 2.1751879e-07 2.7022043e-06 5.9190224e-08 0.00041291796 1.4690839e-07 0.0018177326 1.491575e-06 0.0017085798 0.00026606335 6.34121e-06
0.9028247 0.66114247 0.23899077 0.788354 0.9253061 0.6877136 0.10660517 0.7497209 0.97425663 3.7225957e-18 0.030749291 0.20114279 0.40800878 0.20866473 0.36489245 0.028926164 0.025645062 0.5271054 0.033518244 0.025038132 0.022978727 0.47505966 0.3114609 0.14997241 0.012393389 0.0025865696 2.7244958e-05 0.010301364 0.0004183002 0.7119871 0.0040054107 0.00014153296 0.13510059 0.0016458384 0.12120665 0.008477607 0.035746485 0.009972343 0.00023598512 0.0028230713 1.6393506e-05 3.0725796e-06 2.4177864e-06 0.0014138536 0.00013411116 0.0002445939 1.2426384e-05 0.0008635378 8.57353e-06 4.080392e-07 0.035371426 1.08322325e-07 3.8546663e-05 7.5787375e-06 2.9441722e-05 2.5483401e-05 0.0003478174 7.10301e-06 0.029450836 0.0015937218 1.4586617e-06 2.7126823e-06 4.4565595e-06 6.567072e-07 1.5556795e-06 6.523078e-09 1.6335224e-06 5.721492e-07 1.10761114e-07 4.4357162e-07 6.67688e-08 6.1175742e-06 9.987489e-06 5.395994e-07 1.8091846e-06 7.092677e-07 1.4943848e-07 4.0828795e-07 6.3441494e-06 1.1166208e-05 4.6654474e-08 3.3044935e-07 1.8673479e-08 2.4673864e-07 0.021572854 2.542599e-05 1.8480335e-08 5.5039763e-08 2.9604525e-08 2.5964986e-05 8.740176e-08 1.0755544e-07 1.4813752e-06 2.2235147e-08 0.00022275306 8.039766e-08 0.0033268926 7.0614215e-07 0.0013627054 0.0006094759 1.2916319e-05
0.15901509 0.8841194 0.60176826 0.033877313 0.11477505 0.18456672 0.045888655 0.005090041 0.021913541 0.030749291 2.376994e-16 0.0011881251 0.12243129 0.3269309 0.0004482377 0.99276257 0.037424177 0.05765077 0.0036106224 0.0002272327 0.005136302 0.0014332248 0.00048000293 0.0009796207 0.00016275684 0.858198 1.0322477e-05 0.030689629 0.28825176 0.018575246 0.0032139658 8.439475e-06 0.018030968 0.025632195 0.001297982 0.00012285671 0.010139228 0.008381665 7.319069e-06 0.10038822 3.2928507e-05 8.082849e-06 5.479659e-06 0.0013615108 0.21297368 1.7675025e-06 7.920603e-06 0.003378191 3.3541173e-06 1.1353528e-06 0.003816044 5.5911397e-07 0.00028668393 0.01692795 1.1923294e-06 0.0019697684 5.512302e-06 1.0791222e-06 0.0008217546 3.571221e-05 1.2666017e-06 2.3310527e-06 0.00028143323 0.00058090244 7.868469e-07 2.045133e-07 0.0010513604 6.89766e-05 5.251543e-07 0.00022937731 5.889888e-06 0.0002696518 7.68423e-06 2.6221567e-05 0.000119212935 0.00031297017 8.568196e-07 4.2035427e-07 0.00028660492 4.2094198e-05 8.081846e-08 3.407655e-08 1.0049837e-06 4.485819e-06 0.0010121944 3.187112e-05 5.203919e-06 3.2828907e-06 9.958343e-07 7.173437e-05 9.551405e-07 1.7055273e-06 7.55559e-05 1.520001e-07 3.944892e-05 1.0484156e-06 0.00019644527 2.2150743e-06 0.00034749895 2.73712e-06 9.258486e-05
0.7478002 0.021992128 0.35283133 0.79210824 0.19747065 0.01151326 0.7034734 0.89654374 0.3727012 0.20114279 0.0011881251 4.580081e-16 0.0025198779 0.00014718376 0.98180634 0.010933196 0.21484342 0.00022319092 0.4400159 0.8985855 0.35555905 0.120036475 0.37145534 0.026064275 0.40640882 0.00017740666 0.018164633 8.332618e-05 1.7155156e-06 0.03188168 0.14508574 0.0054762694 0.0016827062 3.4275463e-06 0.012564874 0.012296 0.00043766096 0.00026696076 0.0026023567 9.576982e-05 0.0002919156 7.570968e-05 3.712296e-05 1.1882594e-05 1.1088106e-05 0.0012348733 0.0020030185 4.8076777e-06 0.00015654741 3.0658484e-05 0.0015533923 5.671347e-06 5.5935504e-07 6.843789e-06 6.516625e-05 1.3321892e-07 0.00075240416 3.773447e-05 0.020102922 0.00399684 7.803895e-05 4.7010013e-05 7.2450695e-07 1.095935e-06 2.1460015e-05 2.2599038e-07 1.2619356e-06 2.4828663e-07 5.1337843e-06 7.7599526e-07 2.8299025e-09 3.6943175e-06 0.0034938827 6.131186e-07 3.2544303e-06 2.9465227e-07 7.818603e-06 6.4117744e-06 8.769717e-06 6.4467633e-07 5.989716e-07 8.149409e-07 4.285853e-09 9.917527e-08 0.0023467315 2.8552526e-07 2.7243852e-08 2.5015245e-08 7.3650455e-09 2.809316e-07 5.122966e-06 3.1518064e-06 1.1969332e-06 8.011214e-09 0.00039272892 3.6836596e-07 3.9295574e-05 2.734579e-06 0.0015484409 3.022563e-07 2.1385547e-07
0.69289345 0.79135346 0.111489005 0.062310696 0.548203 0.9418317 0.01011792 0.025881086 0.14472753 0.40800878 0.12243129 0.0025198779 1.4282468e-14 0.9711797 0.0018571794 0.050916154 0.003819825 0.9218416 0.0016941384 0.00030872805 0.0010485568 0.017503425 0.0056769187 0.00932161 0.00039668806 0.0905202 4.4248536e-05 0.18110116 0.010974093 0.28316513 0.00024191309 0.00011700987 0.17611603 0.029892538 0.010498906 0.0011006463 0.07359413 0.03704165 0.00012717348 0.029625377 2.9075856e-05 7.338079e-06 1.13656015e-05 0.0034733864 0.006150952 6.987398e-05 4.882428e-06 0.0053576445 1.9627945e-05 4.2353663e-06 0.02266743 2.3200222e-07 0.000515061 0.00031272732 1.7234926e-05 0.00057712855 7.192838e-05 5.768745e-06 0.004964393 0.00035972608 1.891212e-05 3.7047364e-06 0.00036798167 6.0964735e-06 1.0501068e-06 6.8355865e-07 1.0160386e-05 0.00013803485 3.253552e-06 8.11316e-06 1.3179716e-05 0.0004514864 1.0900951e-05 1.8381712e-06 5.46686e-06 7.365128e-06 5.7625534e-06 8.915413e-07 2.94023e-05 0.0002596775 3.5441593e-07 3.6504332e-07 6.1595247e-06 2.310235e-05 0.0077908444 8.8011984e-05 5.8604055e-06 1.4932124e-05 2.8497532e-06 0.0001802671 9.14826e-08 5.2696834e-07 4.6338228e-06 3.461491e-07 2.064886e-05 1.715891e-07 0.0011158758 4.359586e-07 0.0003819313 0.00025903195 8.556846e-05
0.8256779 0.80460536 0.1884362 0.014181041 0.27776995 0.8142472 0.010291274 0.0047918605 0.075635046 0.20866473 0.3269309 0.00014718376 0.9711797 2.796661e-13 0.00010434622 0.09369992 0.0036714093 0.97075623 0.0019218712 0.00033933154 0.0019208075 0.005175651 0.0012847424 0.0028952186 7.941952e-05 0.4240232 6.1190967e-06 0.3895446 0.0588876 0.3344807 0.00051518186 1.7268556e-05 0.19812225 0.17654936 0.0062014624 0.00035199188 0.20917854 0.14401919 2.1402135e-05 0.113952726 1.590929e-06 6.497852e-07 7.743696e-07 0.01580035 0.0856669 1.34319225e-05 1.4669335e-07 0.01907441 1.2364729e-06 3.2111072e-07 0.07032041 3.387301e-08 0.0025205917 0.0016191974 3.2406235e-06 0.0015868619 1.7132472e-05 2.234569e-06 0.0050741537 0.0002850471 1.1165911e-05 4.2216212e-07 0.00095602096 3.9590723e-06 8.1613756e-08 1.5657419e-07 1.2515129e-05 0.00014577997 1.6951596e-07 5.407309e-06 2.4871983e-05 0.0012748861 9.328267e-06 2.2889328e-06 3.1174939e-06 2.5477984e-05 7.8876735e-07 9.707654e-08 5.5039684e-05 0.00020184992 9.5887565e-08 2.8087885e-07 9.397737e-06 2.3499953e-05 0.011266894 9.88014e-05 1.0407882e-05 1.1236317e-05 3.671957e-06 0.0003011671 4.507105e-08 1.2483403e-06 2.354365e-05 1.2482927e-06 1.0742095e-05 4.621033e-08 0.0018587654 2.349231e-07 0.0003829345 0.00029857017 0.0003088635
0.8475137 0.0075627235 0.07633223 0.5218384 0.15674345 0.010979229 0.1252654 0.90017414 0.53801996 0.36489245 0.0004482377 0.98180634 0.0018571794 0.00010434622 2.8596837e-18 0.0019155619 0.03069758 0.000417436 0.073659696 0.63846856 0.054807313 0.7138324 0.8189994 0.18673712 0.7022242 4.6615452e-05 0.04705769 0.00011846041 3.4601958e-06 0.1356897 0.014636072 0.023421597 0.004391295 1.4677887e-05 0.121118866 0.14258432 0.0013388951 0.00051153434 0.007461144 0.00032170123 0.00049809646 0.00011535665 8.156843e-05 2.9681096e-05 3.2864287e-07 0.0038024718 0.0013724073 4.2043564e-05 0.00021475689 3.2680855e-05 0.0042332364 3.140977e-06 5.508537e-07 6.525434e-06 0.00018259654 1.949374e-07 0.0016020685 0.00011587607 0.12510394 0.017840533 5.2515483e-05 3.9239883e-05 2.076899e-06 2.843546e-07 2.9511802e-05 2.1646197e-07 3.2778212e-07 5.0121827e-08 3.970548e-06 2.0085542e-06 1.104966e-09 3.6750419e-07 0.00093726086 1.4470984e-07 9.739503e-07 5.156997e-07 2.7905273e-06 2.170567e-05 5.618788e-06 1.3303196e-06 9.2040165e-07 6.707256e-07 2.2956023e-08 7.477077e-07 0.009028011 4.2673673e-06 6.20752e-08 9.8167085e-08 4.614692e-08 3.3065362e-07 2.2873835e-06 7.63612e-07 1.7488931e-07 2.0634952e-08 0.0011057331 3.0606046e-07 0.00033106684 1.1256147e-05 0.0025177833 1.931231e-05 7.6095205e-07
0.05498416 0.5003352 0.9371097 0.07781442 0.090754785 0.08082186 0.20391724 0.008950249 0.03162806 0.028926164 0.99276257 0.010933196 0.050916154 0.09369992 0.0019155619 2.1962971e-13 0.67527956 0.016633423 0.093721725 0.008602159 0.17279845 0.0017834365 0.0019564948 0.0011715208 0.0007449423 0.6268284 5.5245935e-05 0.002680624 0.10738498 0.0056824815 0.12617584 0.00013964027 0.0016325143 0.0015738622 0.0007249469 0.00017222218 0.00063527346 0.00077451253 8.578531e-05 0.010711632 6.773949e-05 1.812318e-05 1.949142e-05 0.00028927927 0.15266986 3.3440072e-05 0.0001191644 0.00021551868 2.2729653e-05 1.26614095e-05 0.0008211083 2.4401888e-06 0.00010801374 0.06743249 1.9397034e-05 0.00017047176 2.017692e-05 7.3904716e-06 0.00046486047 7.434792e-05 3.3657154e-05 2.4751047e-05 0.00030758957 0.048236404 1.2124401e-05 7.1185327e-06 0.005161812 0.00036647278 2.4055633e-05 0.00018555869 1.1457113e-05 0.000119895325 0.0011926809 8.3304e-05 9.492309e-05 9.604632e-05 2.0025094e-05 2.6880812e-06 0.010572893 5.334805e-06 6.729752e-07 9.0588156e-07 2.6877963e-06 9.9176605e-06 0.00043785464 2.204841e-05 8.723822e-06 2.01308e-06 1.5266758e-06 1.04083e-05 2.0117518e-06 1.4933006e-05 7.2811024e-05 4.768169e-07 1.8189221e-05 1.2152665e-06 0.00014001844 5.8566593e-07 0.000856399 1.6341824e-07 4.8768503e-05
0.06437507 0.08467172 0.91018397 0.2511773 0.047058005 0.0112209935 0.95295596 0.057963092 0.06997319 0.025645062 0.037424177 0.21484342 0.003819825 0.0036714093 0.03069758 0.67527956 3.5832987e-14 0.0021923394 0.9592855 0.43869206 0.8467598 0.010523054 0.026092617 0.0066894884 0.019871624 0.004603877 0.0011956083 0.00043968076 8.549619e-05 0.006175907 0.37486434 0.0012181872 0.0010748265 6.1383995e-05 0.002920245 0.0019770197 0.00025719145 0.00024425215 0.00059829175 0.0005965529 0.00023281314 5.5096774e-05 5.7097728e-05 2.5496287e-05 0.00058241066 0.00014810688 0.0002069741 1.9260517e-05 0.00023026587 7.4481555e-05 0.000791585 9.847737e-06 1.4118602e-05 0.00046041713 3.5253495e-05 4.4998383e-06 0.00010287094 2.5641717e-05 0.0017207953 7.587144e-05 0.00010152604 8.2206534e-05 9.008075e-05 0.00040016972 3.382238e-05 1.1564507e-05 5.522371e-05 2.8731058e-05 0.00010945855 7.2881294e-06 6.772212e-07 2.2065324e-05 0.0016997395 2.5854276e-06 1.247907e-06 5.3709937e-06 8.3389845e-05 3.248119e-05 0.00050776795 2.7923708e-05 7.94071e-07 6.46221e-06 3.904082e-07 1.6592719e-06 0.0003763914 3.1929194e-05 3.478665e-06 7.623433e-08 3.1577045e-07 9.61789e-06 4.1154453e-06 6.405485e-06 4.3561533e-05 2.0965423e-08 7.178166e-05 9.644174e-07 0.0001245331 5.169876e-06 0.00042647292 1.1489841e-07 2.2972003e-05
0.89815813 0.6166871 0.043909892 0.020769862 0.36770582 0.7556669 0.0011002937 0.012844111 0.1677229 0.5271054 0.05765077 0.00022319092 0.9218416 0.97075623 0.000417436 0.016633423 0.0021923394 3.4827946e-19 0.00036735018 2.3185405e-05 0.00056244124 0.021991776 0.0034041896 0.012304303 3.8575166e-05 0.04983822 3.9400134e-06 0.79505426 0.009082957 0.80583245 0.00020078954 1.2991874e-05 0.70470685 0.11751472 0.036386114 0.0010196215 0.4697378 0.38855925 1.6031598e-05 0.049758907 2.2051913e-06 4.404813e-07 2.946281e-07 0.044426132 0.002052266 3.621998e-05 1.4387979e-07 0.018527078 7.8878685e-07 1.4511393e-07 0.25556925 3.4554272e-08 0.0007037649 0.00016730755 2.299211e-06 0.0005791131 6.16497e-05 3.1879615e-06 0.01636007 0.00043740665 2.6200945e-07 1.7365727e-07 0.00012233481 4.7487825e-07 2.1923067e-07 1.2436275e-08 1.7307424e-06 3.6810507e-05 1.9752686e-07 1.4818753e-06 7.252065e-07 0.00010757467 1.0838779e-06 4.5751332e-07 1.6208503e-06 7.502095e-06 5.9262742e-08 1.6847646e-07 9.725558e-06 0.00017939537 3.3105087e-07 3.389802e-08 7.5075087e-07 5.3384283e-06 0.046739243 7.655224e-05 1.3308538e-06 2.0974985e-06 1.09653335e-07 0.0003000622 3.228088e-08 1.5483715e-07 2.3607604e-06 1.1099649e-07 7.511176e-05 1.9655898e-08 0.007039744 9.960565e-07 0.0006109007 0.0021443754 0.0002536628
0.20540445 0.078841306 0.4011967 0.37677813 0.051899407 0.0077611813 0.87171733 0.08109474 0.09557877 0.033518244 0.0036106224 0.4400159 0.0016941384 0.0019218712 0.073659696 0.093721725 0.9592855 0.00036735018 1.2815046e-16 0.8535327 0.9689937 0.020180278 0.08449551 0.007720193 0.09748406 0.00022899723 0.0072920434 7.925156e-05 1.3633481e-05 0.008106429 0.6383609 0.009864056 0.0004181981 4.5061104e-05 0.0040498916 0.0070218584 0.000158784 0.00018526023 0.0039402074 0.0004415521 0.0017056838 0.00059259706 0.00038032114 1.1944195e-05 0.0001349873 0.0008365641 0.00836681 6.980242e-06 0.00036993984 9.7565535e-05 0.00040492465 9.6120915e-05 3.363737e-06 0.0004211992 3.648018e-05 1.6505861e-05 0.00014082341 1.1923948e-05 0.011983439 0.0005703172 0.00042320014 0.00017355604 7.2831856e-05 0.00053223013 8.0874794e-05 4.1507897e-06 3.5438014e-05 6.300058e-06 3.4868943e-05 8.722158e-06 1.8476645e-07 4.7668092e-07 0.01042241 6.1182186e-07 4.05361e-07 1.8508495e-05 9.871343e-05 0.00012840032 0.00051683193 1.8868126e-05 1.5396199e-06 2.6491472e-05 6.3194214e-08 4.805342e-07 0.0010072516 2.9608043e-05 5.6740816e-07 4.977258e-08 2.6014953e-07 9.650213e-06 2.4587564e-05 7.903381e-05 2.8324332e-05 2.8591582e-08 0.0004837469 4.9761047e-06 9.209364e-05 3.2782336e-05 0.0013977168 1.4586222e-07 4.6180627e-05
0.91840243 0.0032232786 0.45000276 0.24838613 0.010268643 0.0009746733 0.7946229 0.2709762 0.11327189 0.025038132 0.0002272327 0.8985855 0.00030872805 0.00033933154 0.63846856 0.008602159 0.43869206 2.3185405e-05 0.8535327 1.4129615e-15 0.7704836 0.051259074 0.44856352 0.015122412 0.92172086 0.002079409 0.57209283 7.6549615e-05 6.7790907e-06 0.017523836 0.6836349 0.24649197 0.00037768728 2.5903018e-06 0.013412486 0.06117091 0.00020080926 0.00010398502 0.14870793 0.000103885395 0.08499171 0.058359403 0.0064390865 4.7338767e-06 0.001452756 0.016518468 0.79472554 4.9212986e-06 0.010537244 0.0015943436 0.0007219385 0.007816733 2.9456154e-07 7.1593786e-05 0.0031538422 3.7799518e-07 0.0037282303 0.0010816718 0.12760769 0.03742832 0.038479272 0.00051099627 9.1147626e-07 9.461256e-05 0.0021455975 0.00016536751 2.7995638e-06 4.0870536e-06 0.0010920498 7.3779856e-06 3.103611e-08 4.5147087e-07 0.56039226 2.8206973e-06 1.2775894e-06 5.4218373e-05 0.00023489434 0.0005549725 0.0005011856 8.56258e-06 8.333387e-05 0.001458166 3.1445386e-09 6.7422854e-07 0.005400798 3.1377465e-06 1.5331377e-08 1.0331472e-08 1.3376951e-09 7.3011724e-06 7.4210286e-05 0.0010509825 0.0008729219 4.4124413e-08 0.001995258 1.2978687e-05 1.7148148e-05 0.0003381393 0.004821112 1.9371032e-06 1.3013973e-05
0.10983168 0.03785026 0.22538128 0.26934487 0.0324023 0.005144324 0.51298416 0.04937984 0.06552497 0.022978727 0.005136302 0.35555905 0.0010485568 0.0019208075 0.054807313 0.17279845 0.8467598 0.00056244124 0.9689937 0.7704836 3.2825282e-15 0.013191133 0.074646555 0.007470721 0.08154015 0.00047657578 0.005246412 3.8623315e-05 2.8282277e-05 0.004925382 0.983262 0.00585607 0.00017968474 2.5191508e-05 0.0023010946 0.0029323148 9.4154304e-05 8.3777086e-05 0.0030726206 0.00027014496 0.0013329245 0.00039774933 0.0002453988 2.2704774e-06 0.00017681971 0.0005897631 0.007555796 1.56797e-05 0.0003759019 0.00018808956 0.00038496792 3.3726912e-05 1.2817447e-06 0.00042828402 5.2857402e-05 1.0144663e-05 0.00014484178 1.9344476e-05 0.0064903894 0.00049888424 0.00044594548 0.00017698637 1.729016e-05 0.0009107725 9.407694e-05 7.872122e-06 5.726924e-05 1.3989638e-05 3.0733194e-05 3.1846432e-06 2.0781499e-07 7.1397005e-07 0.04064723 3.4287987e-06 4.5313936e-07 9.4182915e-06 0.00015432553 0.0001316038 0.0015437147 2.8043323e-05 2.0326568e-06 2.5073681e-05 6.623379e-08 4.1965768e-07 0.0016036492 2.9653595e-05 1.303333e-06 3.868751e-08 9.921538e-08 1.6759714e-05 2.108844e-05 3.5512105e-05 6.940048e-05 3.3889552e-08 0.00044924612 1.3182977e-06 0.00020900664 1.879177e-05 0.001942671 1.1581183e-07 2.1313735e-05
0.83731675 0.025228158 0.024315288 0.13384078 0.11784665 0.03395286 0.025069855 0.53694445 0.45160702 0.47505966 0.0014332248 0.120036475 0.017503425 0.005175651 0.7138324 0.0017834365 0.010523054 0.021991776 0.020180278 0.051259074 0.013191133 4.965825e-18 0.9806793 0.9750909 0.28725398 0.0010541882 0.09058034 0.015313407 1.4894221e-05 0.42466083 0.0020511458 0.0534697 0.07257119 0.005864977 0.41156915 0.22158866 0.0037180788 0.004151804 0.0056326087 0.008652458 0.0011960691 0.00048464542 0.00057549996 0.00092608616 3.872169e-06 0.0039212396 0.0034121093 0.002262689 0.00022367928 0.00013891558 0.04621406 6.346749e-05 0.00011603975 1.0999688e-05 0.0011767551 4.852471e-05 0.0051029157 0.00039433988 0.079302385 0.020997083 0.00023840778 0.00021190237 4.736508e-05 1.5406987e-07 0.00010304678 6.7279198e-06 6.9945418e-06 4.1505307e-05 6.309212e-05 2.2111676e-06 2.4140722e-06 6.708984e-05 0.000611411 4.5442505e-07 1.9352935e-06 5.7688494e-06 2.4563142e-05 0.00021739243 1.7263683e-05 0.00024900786 6.0632615e-06 9.4736066e-07 4.839314e-07 8.32731e-07 0.04554233 0.00036924897 1.6391419e-06 2.8080842e-07 1.4246648e-07 0.00014368021 5.2968694e-06 4.4661596e-07 2.1840473e-05 9.672944e-08 0.007894263 1.3518002e-06 0.005930934 0.00020981587 0.005346859 0.0014938014 3.0908996e-05
0.9170801 0.025889926 0.052209638 0.25125006 0.09622179 0.01603986 0.080110125 0.5021519 0.40689233 0.3114609 0.00048000293 0.37145534 0.0056769187 0.0012847424 0.8189994 0.0019564948 0.026092617 0.0034041896 0.08449551 0.44856352 0.074646555 0.9806793 3.5006082e-16 0.79089636 0.80554575 0.00038567567 0.23793802 0.0011717498 8.525027e-06 0.31208977 0.02473754 0.175787 0.015790159 0.00045780078 0.23699692 0.5135095 0.0042401925 0.0016828087 0.04716136 0.0015522784 0.0064601833 0.0027357854 0.0010172551 0.00028647704 7.4568998e-06 0.015178457 0.018865565 0.000332946 0.0009333308 0.000337195 0.022336604 0.00028816602 6.4310494e-05 7.0202373e-06 0.0032416163 2.8124082e-06 0.012567685 0.0010600492 0.20909205 0.0652844 0.0013380048 0.00049603207 4.5505436e-05 2.576786e-07 0.00041290733 1.6179632e-05 1.3265147e-05 1.5356847e-05 0.00044349578 1.3414799e-06 7.095153e-07 1.1568743e-05 0.0029926556 2.605074e-06 1.5962672e-05 1.7842011e-06 0.00020409841 0.000568107 1.5252722e-05 2.1827707e-05 4.462477e-05 5.8746434e-07 4.0860908e-08 2.5538628e-07 0.0436956 4.8242277e-05 3.3816698e-07 5.610039e-08 8.323054e-09 7.683071e-06 2.854779e-05 4.0575537e-06 8.788999e-06 5.7416174e-09 0.010642351 1.0129582e-05 0.0025547815 0.0012705948 0.015851188 0.0003976492 1.1028295e-06
0.95742947 0.010026332 0.011398351 0.034960832 0.029575802 0.0120910825 0.009330709 0.12414806 0.12941828 0.14997241 0.0009796207 0.026064275 0.00932161 0.0028952186 0.18673712 0.0011715208 0.0066894884 0.012304303 0.007720193 0.015122412 0.007470721 0.9750909 0.79089636 1.2760893e-17 0.103942625 0.00027382927 0.021409273 0.0062266835 2.7696527e-05 0.82553923 0.0012832393 0.030256702 0.09620793 0.002861686 0.92551595 0.57828504 0.009284531 0.0037080206 0.0066594477 0.0043283068 0.0006011712 0.0001615961 8.7897904e-05 0.00017839528 4.607441e-06 0.0055977846 0.00083842746 0.0007927201 4.468563e-05 2.5534002e-05 0.19941726 1.4930786e-05 8.844898e-06 2.206225e-05 0.00040052977 5.3321955e-06 0.0039721467 8.100741e-05 0.26095563 0.031873874 9.033643e-05 1.2307312e-05 7.5975013e-06 3.9165968e-07 4.9376727e-06 1.5179969e-06 2.4113997e-05 6.6605044e-06 2.1131156e-05 3.0868562e-06 6.7040327e-07 2.714095e-06 8.674513e-05 2.9694586e-06 9.147336e-06 7.804672e-06 1.7765462e-05 1.8845109e-05 1.9896563e-05 2.2667396e-05 1.45029835e-05 5.550831e-07 1.3255142e-07 4.026129e-07 0.2616234 4.43622e-05 1.6526456e-06 2.0894495e-07 2.5414428e-07 1.9820485e-05 7.3391147e-06 1.7217988e-05 1.0441784e-05 1.9479673e-07 0.0061514094 1.6628957e-07 0.030175183 6.527092e-05 0.012604022 0.008779072 5.199018e-06
0.9460693 0.0006494761 0.027428135 0.04907575 0.0053759236 0.00077913684 0.062600516 0.152993 0.05494068 0.012393389 0.00016275684 0.40640882 0.00039668806 7.941952e-05 0.7022242 0.0007449423 0.019871624 3.8575166e-05 0.09748406 0.92172086 0.08154015 0.28725398 0.80554575 0.103942625 5.793406e-17 0.00033792303 0.9429657 0.00040622658 4.469204e-06 0.13057615 0.060766358 0.8273307 0.007972276 8.863881e-06 0.20862284 0.57534087 0.0016622544 0.00029848787 0.52842456 0.00015094406 0.19997557 0.0977052 0.011043111 3.0275482e-05 6.229758e-05 0.1858557 0.30846512 1.1853312e-05 0.025820674 0.0035165304 0.006989622 0.001123971 1.3093678e-06 1.9112964e-05 0.016628332 1.124665e-07 0.02562269 0.0063158255 0.38530028 0.16511738 0.0051255417 0.0009977232 3.1652528e-06 2.3277393e-07 0.0015922374 7.555561e-05 3.839056e-07 2.1673288e-06 0.0005857671 2.076342e-06 6.269968e-08 1.1488175e-07 0.021157471 2.873522e-07 5.5327394e-07 3.9144707e-06 0.0004149854 0.0007339801 4.0938434e-05 4.4210387e-06 6.936303e-05 1.3920314e-05 1.2752824e-08 1.8109453e-08 0.047157615 1.1996272e-05 4.4589562e-08 1.6013818e-08 6.59194e-10 1.1098014e-06 7.5126122e-06 6.146337e-05 0.00012514263 8.103216e-10 0.007894613 4.541461e-07 0.00084859016 0.0004108191 0.015193033 7.9834834e-05 6.340345e-06
0.06847201 0.4382224 0.043707184 0.010504024 0.04098167 0.09810635 0.0041277744 0.0008663952 0.0033104066 0.0025865696 0.858198 0.00017740666 0.0905202 0.4240232 4.6615452e-05 0.6268284 0.004603877 0.04983822 0.00022899723 0.002079409 0.00047657578 0.0010541882 0.00038567567 0.00027382927 0.00033792303 2.3353454e-15 3.5543446e-05 0.32163176 0.9936887 0.009770903 0.0025103854 5.4913094e-06 0.025657434 0.07978312 0.0015579639 3.6387097e-05 0.014656961 0.016550351 1.5409616e-05 0.7404837 1.4356551e-05 1.0053025e-05 1.1298285e-05 0.008654505 0.9843225 5.77697e-06 6.9446714e-06 0.040797155 7.944865e-06 1.0847977e-05 0.0030373377 3.1815845e-05 0.0065955226 0.65626395 1.3509464e-05 0.091120675 3.2934226e-05 1.3749088e-05 0.00029829182 1.8716224e-05 1.8419933e-06 7.702553e-05 0.003627088 0.0004956119 0.00012809358 6.362493e-07 0.009692923 0.0026955423 2.5493977e-05 0.0031658404 0.00014894371 0.008289398 2.9187524e-06 0.0038287404 0.0060549434 0.0017647034 1.6975267e-05 3.6932735e-05 0.0004599405 0.0002732689 9.185379e-08 1.1019218e-07 5.913183e-06 5.8868536e-05 0.0025578144 0.00015335708 7.9410775e-06 2.6354276e-06 6.717056e-07 0.0003239641 3.821792e-07 0.00018263084 0.0005806053 1.5657413e-06 0.00060873816 2.4204926e-06 0.0004168546 3.2605396e-05 0.00055499177 0.0004731147 0.0002663535
0.7104797 3.7145946e-05 0.0004548012 0.00032122023 9.359049e-05 6.516432e-05 0.003516485 0.0022343113 0.0003803841 2.7244958e-05 1.0322477e-05 0.018164633 4.4248536e-05 6.1190967e-06 0.04705769 5.5245935e-05 0.0011956083 3.9400134e-06 0.0072920434 0.57209283 0.005246412 0.09058034 0.23793802 0.021409273 0.9429657 3.5543446e-05 1.6022422e-17 6.1864965e-05 3.7971077e-08 0.005535767 0.005917113 0.91728795 0.0011675067 2.9553496e-06 0.03622481 0.32945785 0.00015314837 3.648634e-05 0.65171164 6.959812e-05 0.8658577 0.7789725 0.7702931 3.2932996e-07 6.409515e-07 0.21915622 0.331159 2.8666284e-06 0.15828678 0.056930657 0.002417526 0.3141319 1.8510048e-07 2.2644438e-06 0.05765014 1.4540755e-08 0.06070331 0.031463396 0.12520191 0.09968904 0.010879272 0.009696511 2.6244734e-07 2.4003393e-08 0.003671026 0.00031309586 4.4131508e-07 2.5987603e-07 0.00082272856 6.0234964e-07 4.0733816e-09 2.158406e-06 0.0125773065 2.39813e-07 4.941514e-07 9.412231e-06 0.0009067478 0.0026219394 1.1513835e-06 9.728224e-07 4.564391e-05 2.7831644e-05 2.9879643e-09 4.182256e-08 0.008510551 1.1012762e-06 4.4815508e-08 4.7622106e-09 8.9048374e-10 7.0662446e-07 1.2035314e-05 8.0841324e-05 8.8878915e-05 8.8357416e-10 0.005167799 2.9021876e-06 0.0006180146 0.0006056702 0.0052414965 2.1989968e-05 3.5853434e-06
0.87966335 0.03649898 0.004628362 0.0012330081 0.00959433 0.040137153 0.00026905356 0.00091405946 0.004012174 0.010301364 0.030689629 8.332618e-05 0.18110116 0.3895446 0.00011846041 0.002680624 0.00043968076 0.79505426 7.925156e-05 7.6549615e-05 3.8623315e-05 0.015313407 0.0011717498 0.0062266835 0.00040622658 0.32163176 6.1864965e-05 5.706417e-17 0.05641464 0.157663 1.9025361e-05 8.5886815e-05 0.7165542 0.9393637 0.016771222 0.0011826103 0.62155986 0.9023337 3.292383e-05 0.21244664 2.3512878e-06 5.5441114e-07 1.1288225e-07 0.7909657 0.027070269 0.00014975842 2.0417521e-05 0.88505197 4.2893025e-06 4.742926e-07 0.18503018 4.8645663e-08 0.17000274 0.000116382434 1.1882106e-05 0.116898105 0.000287337 1.1679765e-05 0.016732031 0.00066379335 1.5148398e-06 1.9181373e-06 0.15179724 2.3344053e-06 1.1058227e-06 7.0256716e-09 2.0024167e-06 0.012902007 5.468114e-07 2.0212808e-06 0.0025936007 0.013615467 6.0901916e-06 3.5148284e-07 1.6063409e-06 0.00010273034 1.0438692e-06 4.434378e-06 8.279856e-06 0.007758577 1.8730721e-09 1.1265238e-08 0.0017295487 0.00059782463 0.06931084 0.019322343 0.0006285625 0.00012656974 7.288341e-05 0.0036277121 3.0384484e-08 1.7920643e-06 4.2429e-05 2.5170351e-05 0.0001265194 1.7119314e-08 0.023557011 3.4183682e-07 0.0004357084 0.0064786403 0.004065345
0.011659501 0.03714143 0.0022245483 0.0004029744 0.0018389183 0.0075819334 9.4228504e-05 4.1654763e-05 0.00042650104 0.0004183002 0.28825176 1.7155156e-06 0.010974093 0.0588876 3.4601958e-06 0.10738498 8.549619e-05 0.009082957 1.3633481e-05 6.7790907e-06 2.8282277e-05 1.4894221e-05 8.525027e-06 2.7696527e-05 4.469204e-06 0.9936887 3.7971077e-08 0.05641464 1.10434224e-13 0.0011436467 0.00012173451 1.1719766e-07 0.0011689332 0.024247577 0.000111664376 2.2209791e-07 0.00097205135 0.0023945882 9.350033e-08 0.56823105 3.168054e-07 7.430435e-08 4.3262055e-08 0.0010506237 0.9950621 2.4992318e-07 9.930015e-07 0.011075209 1.7116278e-08 2.0010345e-08 0.000595304 6.999527e-08 0.0013677629 0.2418934 1.4014475e-07 0.033495244 6.18319e-06 2.0880382e-06 4.688622e-05 2.1760057e-05 1.7442493e-07 1.6829107e-06 0.0014346038 0.00029126465 2.7753094e-06 1.6375262e-08 0.009974536 0.0010914158 2.3718192e-07 0.0153413545 8.193127e-05 0.037130967 1.3171893e-06 0.012253803 0.010741584 0.009827919 1.2110648e-07 1.0829877e-07 0.00024845873 1.6900785e-05 7.0924395e-09 6.549421e-09 6.760903e-06 0.00020969745 0.00075481395 4.0111256e-05 1.3174638e-05 1.3611579e-05 3.339472e-07 4.4345277e-05 1.06113376e-07 5.861786e-06 0.0010763549 5.5549344e-07 3.3009033e-05 9.161006e-08 0.00030733913 4.189515e-07 0.00018672233 6.1801395e-05 0.00019200372
0.9769012 0.20221588 0.046659414 0.112624526 0.24196818 0.26254907 0.018203026 0.17633078 0.5615203 0.7119871 0.018575246 0.03188168 0.28316513 0.3344807 0.1356897 0.0056824815 0.006175907 0.80583245 0.008106429 0.017523836 0.004925382 0.42466083 0.31208977 0.82553923 0.13057615 0.009770903 0.005535767 0.157663 0.0011436467 4.0509036e-17 0.0002079263 0.020401264 0.83270156 0.042894684 0.89710635 0.14266323 0.46445584 0.2040149 0.0030623307 0.014432446 0.00077131984 0.0006040752 0.00035699646 0.061877113 0.0008095906 0.0045370003 0.0016451111 0.010143261 0.00015162173 3.908735e-05 0.8083975 4.701921e-05 0.00651807 0.00013685373 0.00031174763 0.0037682168 0.0021134978 0.00010618894 0.15406032 0.008642863 2.899088e-05 9.548037e-05 0.0014032818 5.561065e-06 4.175734e-05 2.0929444e-06 5.2814572e-05 0.00057329756 7.1348135e-05 4.2542224e-06 6.489597e-05 0.0007497582 6.081871e-05 9.522761e-06 2.481865e-05 2.8926339e-05 8.0069905e-05 3.4167064e-05 7.774249e-05 0.00045148813 5.092429e-06 1.0845231e-06 3.180734e-06 8.017592e-06 0.36892205 0.00042053053 5.9457093e-06 1.6750776e-06 1.6504994e-07 0.00020501082 2.118763e-06 0.00037743198 0.00011128762 4.0305082e-07 0.0068885293 2.942343e-06 0.06535117 0.0002577884 0.026116403 0.024861498 0.00022618087
0.05067708 0.0030919241 0.10795366 0.047020838 0.0036328083 0.00063923135 0.34531796 0.014937025 0.012866822 0.0040054107 0.0032139658 0.14508574 0.00024191309 0.00051518186 0.014636072 0.12617584 0.37486434 0.00020078954 0.6383609 0.6836349 0.983262 0.0020511458 0.02473754 0.0012832393 0.060766358 0.0025103854 0.005917113 1.9025361e-05 0.00012173451 0.0002079263 2.1808883e-14 0.0049105515 5.3326814e-05 0.00021010218 0.0003944548 0.0011369298 1.1031951e-05 1.0694267e-05 0.0035351785 0.003291319 0.002480567 0.00086538773 0.00054864964 1.5379675e-06 0.0010149087 0.00061664666 0.06317351 1.1448889e-05 0.0007430649 0.00016837439 0.00018696378 0.00096270815 1.0162834e-06 0.0034728528 0.00011553422 7.388749e-05 0.00011584183 8.331175e-06 0.0012694055 0.00017228576 0.007276067 0.00017170036 0.00015286075 0.014311467 0.00011924545 0.00070620107 0.00043414635 0.00025482808 0.00037466944 2.3124237e-05 2.0709533e-06 0.00021347575 0.9909655 3.4592376e-05 7.625034e-06 0.00010730541 0.0002791568 0.0002692363 0.17518729 8.5533706e-05 0.00026535708 0.0031926928 1.8018684e-06 8.5337215e-06 0.002295591 2.0939658e-05 0.000114760485 3.295796e-06 1.8582031e-07 1.2486028e-05 0.00024772622 0.0017436858 0.0014933043 1.2041973e-07 0.00039244606 0.00010915958 5.2943873e-05 3.9685627e-05 0.002693384 2.5725177e-08 4.7358453e-06
