2.3974237e-20 0.8804281 0.81589353 0.90868336 0.88320684 0.6597976 0.7631735 0.7475487 0.89924324 0.6487418 0.822088 0.7779989 0.7043276 0.88766944 0.9535034 0.83067334 0.9381753 0.39970285 0.9156145 0.19289769 0.039762117 0.6507954 0.116565734 0.88673747 0.11729871 0.97432107 0.9444128 0.038770277 0.89964736 0.99656934 0.06902996 0.86531323 0.9234971 0.7712755 0.90349567 0.81828004 0.986233 0.9715871 0.9153427 0.95025927 0.91573423 0.8611243 0.9471527 0.94443554 0.98206776 0.9863399 0.94642484 0.9789017 0.99119437 0.9994982 0.999619 0.048798602 0.79266745 0.9560233 0.971153 0.68859756 0.07077507 0.016281359 0.92185545 0.5561893 0.86201394 0.36632973 0.7264042 0.019069402 0.87148434 0.716721 0.9783318 0.0029700012 0.7848846 0.3431772 0.99996334 0.0047100736 0.9167947 0.09032777 0.9876982 0.95149314 0.00014291998 0.99170375 0.91406727 0.0026234062 0.5534275 0.44462752 0.9999852 0.99833375 0.29982173 7.953541e-05 0.9983264 0.7485952 0.82805836 8.517156e-05 0.9927969 0.48011598 0.42924565 0.041884243 0.0033927504 8.159115e-05 2.3427006e-05 0.3269944 8.027864e-05 0.99067295 0.3244857
0.8804281 2.8387508e-14 0.7654678 0.9511711 0.8424291 0.87972265 0.9345149 0.5156302 0.2867435 0.80579877 0.18173572 0.5192104 0.099482544 0.030353064 0.05345019 0.025280803 0.13275105 0.72930235 0.48655066 0.52421933 0.27744463 0.0008213389 0.3973996 0.00090227387 0.07908784 0.13493684 0.00860634 0.13153157 0.0006890051 0.026223477 0.2872143 8.990017e-05 0.0055280593 2.0122805e-05 0.0014643938 1.39849835e-05 0.00041218832 0.0036458587 6.345302e-05 0.0020202713 8.671069e-06 0.00016837874 3.2848464e-05 6.9845237e-06 0.00038209162 0.0068122307 0.00027888117 0.00033183213 2.3790164e-05 0.01573304 0.0018052337 0.089262806 0.00034601003 2.5023444e-05 2.6679672e-05 0.0005212338 0.011532684 0.0010876455 1.4291078e-05 3.9044695e-05 1.2387154e-06 4.2537334e-07 5.342022e-05 0.0002841807 3.197711e-06 1.6806957e-06 4.9407768e-06 2.8213448e-05 1.229941e-06 3.1530254e-07 0.0032831915 0.00045828195 3.2329e-08 1.1444964e-06 0.00030916 3.392524e-05 1.0842112e-05 8.646486e-06 1.0105898e-06 9.048904e-07 2.2978444e-05 5.21233e-07 0.00031310658 0.00029368207 0.0002157235 4.1323287e-06 0.00023387416 3.1467003e-08 7.482467e-06 5.7872626e-07 6.698515e-06 2.1824691e-07 4.7035726e-08 1.5239918e-06 3.0982346e-06 1.3271897e-06 2.9936606e-05 3.2914002e-07 4.7228204e-06 2.261058e-06 1.6870555e-07
0.81589353 0.7654678 7.906179e-18 0.5644782 0.40022683 0.98822194 0.21876533 0.014038093 0.84782326 0.031952016 0.7499286 0.003452873 0.0036011895 0.0011347104 0.16429336 0.00021311328 0.72292596 0.11460793 0.62239206 0.024128003 0.01989822 0.07802022 0.047241848 0.027310962 0.00086429983 0.15649316 0.17210536 0.0019160598 0.009257272 0.13536407 0.0350045 0.00077852106 0.0075210975 0.00023295928 0.00022332525 9.947267e-05 0.0037584729 0.0019311538 0.00026472416 0.00084636797 3.5529043e-05 0.0021205815 0.00025495037 6.088386e-06 4.2673983e-05 0.0056810286 2.2797592e-06 0.0018277216 9.995097e-05 0.10717153 0.017407749 0.013607146 5.008492e-05 2.9183866e-05 1.0441202e-06 9.4608404e-05 4.6423796e-05 5.831465e-06 2.604221e-05 0.000116686715 3.779842e-06 8.732573e-07 1.9567462e-07 3.9244018e-08 1.2984543e-05 3.8687067e-06 2.1242822e-06 1.1307857e-05 2.0769242e-08 1.0093174e-06 0.007465158 0.0016635937 3.7243593e-09 2.9092262e-06 0.0022556267 1.364436e-06 1.9149863e-06 3.3231377e-06 7.764176e-06 1.174125e-06 5.087534e-07 4.151698e-07 0.0009747658 0.00054706394 4.0976615e-06 7.323974e-07 0.0012908961 1.2654545e-08 2.9018568e-07 3.4713625e-07 4.9852177e-05 3.3651997e-08 2.1835254e-08 4.3780142e-07 5.363405e-07 9.299788e-08 2.5953846e-05 7.158835e-08 5.641341e-07 5.303731e-07 2.6758727e-08
0.90868336 0.9511711 0.5644782 3.2973733e-16 0.97622645 0.45148873 0.90730375 0.51115394 0.39882532 0.33088166 0.4657605 0.36367193 0.14449507 0.1412986 0.12550034 0.064894415 0.07261321 0.17770238 0.14648782 0.15439165 0.04556747 0.0005323287 0.06525648 0.0006436041 0.022481782 0.5601381 0.024589697 0.02979167 0.0005222352 0.12570406 0.0425094 5.109975e-05 0.034774024 9.034517e-06 0.0035352395 9.011688e-06 0.00045003986 0.01339652 1.797172e-05 0.0042011524 1.735731e-06 0.00016748588 4.1771043e-05 1.5606546e-06 0.00065385003 0.021246947 0.0005123013 0.00050373626 1.6661961e-05 0.03866795 0.0028658523 0.013398807 0.00068363076 9.50942e-06 3.4684275e-05 0.0005546111 0.0026747747 0.00053259317 1.0437822e-05 1.0748663e-05 5.232786e-07 1.1206672e-07 6.702461e-05 7.4418786e-05 2.5854101e-06 8.223437e-07 2.7097167e-06 1.0765981e-05 8.702014e-07 1.6413779e-07 0.0126745 7.5798904e-05 1.1966085e-07 3.1877747e-07 0.0006996444 1.1354237e-05 2.29691e-06 1.0662891e-05 6.594145e-07 4.4728642e-07 8.8940005e-06 2.0103315e-07 0.0012688935 0.0018595872 5.976778e-06 3.2344549e-06 0.00055581547 1.8899291e-08 4.1472763e-06 1.4295125e-07 0.00026062102 8.571043e-08 3.828824e-08 7.3710896e-07 1.5488699e-06 4.4670625e-07 1.1045848e-05 1.7941734e-07 3.4048485e-06 9.685964e-07 5.3168705e-08
0.88320684 0.8424291 0.40022683 0.97622645 3.022249e-18 0.28116962 0.92847425 0.75766975 0.31772485 0.3339433 0.4566041 0.46956444 0.4379368 0.48166052 0.12500617 0.20418134 0.021633845 0.09145451 0.02975424 0.10227007 0.015577797 7.5688884e-05 0.021075001 0.00019587058 0.031074496 0.6733633 0.011827748 0.027228901 0.0001983239 0.13057214 0.014766607 1.9499192e-05 0.105627514 4.261207e-06 0.010472776 3.468214e-06 0.0002434445 0.03043088 8.941354e-06 0.00908038 7.843955e-07 3.440914e-05 3.653631e-05 2.3989492e-07 0.0013217225 0.030444974 0.0011519344 0.00035007714 1.34114425e-05 0.029542174 0.0015660445 0.004480078 0.00073091674 2.6956977e-06 2.7673632e-05 0.0013172296 0.0021925934 0.00054839725 2.6693835e-06 3.0178091e-06 8.454836e-08 2.3404995e-08 6.571156e-05 4.976947e-05 6.216161e-07 8.6375266e-08 2.273218e-06 1.3243619e-05 4.3033128e-07 4.2665082e-08 0.019045206 1.4516697e-05 6.395425e-08 8.546492e-08 0.00026650316 1.550356e-05 7.629532e-07 1.7686214e-05 3.3401537e-07 2.125661e-07 8.850105e-06 1.3761588e-07 0.00061459595 0.00402674 9.764241e-07 1.1699167e-06 0.00041656292 1.1943756e-08 7.6808155e-06 5.6080488e-08 0.00069983286 1.4184209e-08 1.7090864e-08 3.5968796e-07 5.17763e-07 1.0448198e-07 9.208052e-06 4.9454812e-08 1.1454694e-06 4.685928e-06 1.3033354e-08
0.6597976 0.87972265 0.98822194 0.45148873 0.28116962 2.3787457e-15 0.33762684 0.017122991 0.32146055 0.10999211 0.08537673 0.0115481205 0.0037440767 0.0005993157 0.022095155 0.0003581441 0.36824232 0.685834 0.8911945 0.1460955 0.14675495 0.029678361 0.3098818 0.006264169 0.0016159433 0.024337571 0.011180995 0.0087995045 0.002768608 0.011014203 0.23333685 0.00050774374 0.0016386169 0.0001648383 0.00014364858 8.742765e-05 0.0012986524 0.000493179 0.0002453092 0.0004319188 7.033147e-05 0.005641261 0.00013157631 2.7280577e-05 3.9294977e-05 0.001460968 5.4262778e-06 0.0005490757 9.1742746e-05 0.012878723 0.0029878065 0.11346093 8.734636e-06 6.176723e-05 1.9212478e-06 7.324707e-05 0.00029610205 3.002405e-06 4.0327963e-05 0.00017308051 1.0744615e-05 2.671212e-06 1.3445604e-06 2.3084365e-06 6.5970166e-06 1.5038436e-05 1.0866972e-06 2.3877126e-05 3.250936e-07 1.5109082e-06 0.0013711076 0.0050001713 1.0660038e-08 6.6338034e-06 0.00039710765 1.077782e-06 2.6576608e-06 2.2553587e-07 2.693226e-06 7.5385674e-07 4.1509325e-06 1.0632757e-06 0.00058182137 8.866058e-05 1.809843e-05 1.650774e-06 0.00044675294 1.43653756e-08 1.9888233e-07 2.2350152e-07 6.4165243e-07 1.8993543e-07 1.884702e-08 1.6188662e-07 2.6225618e-07 9.358701e-07 1.1167731e-05 2.3627877e-08 3.9850124e-06 2.0742335e-07 1.512507e-08
0.7631735 0.9345149 0.21876533 0.90730375 0.92847425 0.33762684 1.7249211e-15 0.9465358 0.10122477 0.7058746 0.11010115 0.7726867 0.5324758 0.34102827 0.03269471 0.27284285 0.010585934 0.15993634 0.013791821 0.21959366 0.03504188 0.00012152885 0.029291602 0.00032528854 0.113997936 0.24067684 0.0039070547 0.08801355 0.00039171035 0.032223906 0.018890372 4.246985e-05 0.03463559 8.3442865e-06 0.0076184813 1.5496655e-05 0.0003347276 0.014407986 6.282805e-05 0.004522835 1.6875867e-05 2.8113238e-05 4.1974978e-05 1.115274e-06 0.0009708762 0.014607097 0.0009283357 0.0004226766 3.3781696e-05 0.011814114 0.0011838176 0.0037119405 0.0008332244 1.862934e-05 8.350484e-05 0.0020980565 0.020667542 0.0020406428 1.3139805e-05 8.298014e-06 1.9102858e-06 2.7635866e-07 8.4941355e-05 0.00040833 3.3351198e-06 9.367809e-07 2.7806387e-05 5.0673465e-05 2.3930825e-06 1.4698925e-07 0.0051726727 4.4720964e-05 2.0280416e-07 3.5722084e-07 9.721259e-05 9.093708e-05 5.581057e-06 4.554707e-05 5.3289034e-07 1.0223015e-06 4.234791e-05 4.856633e-07 0.00010808205 0.0010060371 3.46146e-06 1.7670541e-06 6.549159e-05 8.9890264e-08 6.273001e-06 5.192668e-07 5.180574e-05 2.1769208e-07 1.0051154e-07 9.624051e-07 1.9894844e-06 5.087291e-07 1.0488252e-05 3.0964816e-07 2.3201828e-06 1.2631318e-05 4.9931565e-08
0.7475487 0.5156302 0.014038093 0.51115394 0.75766975 0.017122991 0.9465358 4.453569e-15 0.017959824 0.5113268 0.030385 0.89296556 0.956986 0.7620396 0.012064028 0.83323663 0.00089578616 0.029596465 0.00071954785 0.114413455 0.008183522 6.951142e-05 0.0038936604 0.00013360119 0.21376544 0.30167827 0.0020505218 0.08758873 0.00018075808 0.016920453 0.0022433419 1.6419855e-05 0.11876345 4.0116665e-06 0.040952317 6.982971e-06 0.00016160379 0.049515855 3.0005347e-05 0.020408187 5.6014796e-06 8.2508805e-06 2.2004779e-05 4.8838365e-07 0.0022254956 0.022498567 0.0067284624 0.00011432551 1.48510035e-05 0.007855841 0.0005629612 0.00053895864 0.002741198 5.7986513e-06 0.00025534967 0.0071249246 0.07626578 0.010057628 3.8138533e-06 9.614415e-06 9.1424903e-07 6.450988e-07 0.0003207742 0.00135576 1.8119767e-06 1.2873197e-06 0.00015929727 0.00014742074 1.7771341e-05 1.968311e-07 0.00873652 1.4017149e-05 1.4136082e-06 2.8935222e-07 2.7862981e-05 0.000138209 9.1266575e-06 8.8873574e-05 3.3925267e-07 1.4954875e-06 0.00011766764 3.0384612e-07 8.279236e-05 0.0021142883 4.928057e-06 3.0278065e-06 6.044506e-05 3.3551365e-07 2.4901725e-05 1.1252365e-06 0.00022466805 7.947346e-07 1.2935172e-06 2.9690848e-06 2.501618e-06 4.1520624e-07 2.5245332e-05 9.081194e-07 2.9849211e-06 3.246004e-05 1.7411082e-07
0.89924324 0.2867435 0.84782326 0.39882532 0.31772485 0.32146055 0.10122477 0.017959824 5.196052e-16 0.019410858 0.9825329 0.012273861 0.0060308403 0.0035021342 0.8077912 0.0010608329 0.7940278 0.06820448 0.48244953 0.019492388 0.020622281 0.19496971 0.06712463 0.17356355 0.0004883609 0.32747942 0.5375592 0.0016129664 0.0503804 0.24277046 0.057128776 0.0066496963 0.012453843 0.002832956 0.001464889 0.0009958985 0.01479674 0.0029953327 0.0009649302 0.0013609774 0.00030814533 0.01799455 0.0030197524 0.0004265667 0.00033810321 0.023176117 0.00032960039 0.011636873 0.00091871846 0.18125093 0.068537734 0.035025094 0.00055520487 0.00049436826 5.0329207e-05 0.0006053717 0.00035090995 8.991471e-06 0.00044181728 0.0014816833 0.00037410235 6.674573e-05 9.191882e-06 1.2101453e-06 0.0005031128 0.00016057589 7.581068e-05 2.6941776e-05 1.3311325e-05 5.371606e-05 0.038510166 0.0034340217 1.123465e-06 2.2406153e-05 0.032396268 3.5636378e-05 8.096199e-07 8.2550876e-05 0.00061925175 7.896547e-07 1.7443359e-05 7.0425476e-06 0.014279064 0.002679889 4.688984e-05 6.784821e-06 0.008096741 5.8713695e-08 5.783921e-06 2.7847304e-07 0.00050230144 3.5291671e-07 3.465876e-08 4.2144805e-07 6.5233337e-07 1.5164544e-06 3.289339e-05 1.7784055e-07 9.90799e-06 8.2629157e-07 1.04956905e-08
0.6487418 0.80579877 0.031952016 0.33088166 0.3339433 0.10999211 0.7058746 0.5113268 0.019410858 8.738645e-15 0.007438406 0.9762315 0.16100928 0.061529167 0.0038840303 0.14609063 0.003033751 0.63999534 0.030520527 0.89066094 0.19436818 4.9035643e-05 0.13295674 5.6913974e-05 0.74072754 0.03956491 0.000899697 0.51098925 5.989917e-05 0.0038961954 0.10502549 6.6374355e-06 0.004348104 8.9907206e-07 0.0019245929 6.4475745e-07 2.5068543e-05 0.0038502505 2.87211e-06 0.0017355698 3.2315273e-07 2.4883645e-06 3.889121e-07 7.945599e-08 0.00025630678 0.00308019 0.000635468 1.1681815e-05 8.1475366e-07 0.003669638 0.00025330213 0.043731637 0.00027116248 5.744531e-07 2.0150248e-05 0.00076283584 0.12466838 0.0068891076 4.023615e-07 5.706525e-06 9.140777e-08 2.2237524e-08 4.9377035e-05 0.0020719976 2.682768e-07 7.017827e-08 2.9837345e-06 0.0001381468 1.003194e-06 6.9250696e-08 0.00070047553 5.7423575e-05 4.1433584e-08 3.9784416e-07 1.6529693e-05 6.7911064e-06 0.00025712696 4.0910036e-06 7.642578e-08 6.079786e-08 4.845167e-06 4.526802e-07 2.3287628e-05 3.800889e-05 3.6347087e-06 2.6140237e-06 2.4090323e-05 8.559621e-09 6.0882926e-06 4.849043e-07 2.1972612e-07 8.791421e-08 1.5661488e-08 8.2137024e-07 1.5145192e-06 1.9799025e-07 0.00014108891 1.3593323e-07 5.135814e-07 2.2844883e-06 3.5469707e-08
0.822088 0.18173572 0.7499286 0.4657605 0.4566041 0.08537673 0.11010115 0.030385 0.9825329 0.007438406 2.7602855e-17 0.009331119 0.014720693 0.023217777 0.9760401 0.0039519793 0.3031165 0.023138214 0.07135769 0.008106097 0.007444416 0.07044219 0.013478439 0.059914973 0.0009829301 0.45384055 0.27266836 0.0012784279 0.0063486807 0.45276532 0.009116647 0.001359924 0.056513 0.0005319909 0.016789736 0.0004700863 0.0039473027 0.0041619884 0.00025005758 0.0040624384 0.00017314854 0.0032648258 0.0012483894 8.289618e-05 0.0010852412 0.05591146 0.0024296974 0.00540724 0.00034739936 0.07838153 0.031069666 0.003021432 0.002957408 0.00017806655 0.00011353994 0.0026465098 0.0006612332 1.8267814e-05 0.00013009315 0.0003036731 5.853895e-05 2.6323396e-05 4.8201116e-05 2.9762955e-07 0.00022307875 2.0485788e-05 8.208707e-05 1.5522628e-05 2.7485707e-05 1.2068116e-05 0.057017256 0.00093384815 4.6608716e-06 4.203148e-06 0.020933846 0.00046863197 4.6899987e-07 0.00043594325 0.00014185267 5.157789e-07 5.634191e-05 1.283724e-06 0.0056157648 0.008439299 2.91505e-06 3.1846916e-06 0.0029871115 4.2873086e-07 0.0001577501 6.4625146e-07 0.0024283018 1.2205045e-06 2.634283e-07 4.808913e-07 1.5130958e-06 4.0443044e-07 4.4513235e-05 7.435727e-07 1.1765485e-06 3.0509444e-05 8.331143e-08
0.7779989 0.5192104 0.003452873 0.36367193 0.46956444 0.0115481205 0.7726867 0.89296556 0.012273861 0.9762315 0.009331119 3.1708764e-13 0.57949215 0.39676583 0.0040944647 0.64980817 0.00026765084 0.08338787 0.00067147665 0.3264622 0.022266673 1.7789891e-05 0.010869109 3.8047187e-05 0.6998519 0.13828622 0.0010555412 0.33743033 0.00010654155 0.007104216 0.0058736783 2.9215485e-06 0.030411689 7.261865e-07 0.02087148 4.902409e-07 3.27996e-05 0.030918928 1.6175043e-06 0.010766034 2.3087438e-07 3.428931e-07 1.2245642e-06 2.978435e-08 0.0012669407 0.016214382 0.007338377 1.22743295e-05 1.7413249e-06 0.0060188035 0.00045850035 0.0009786056 0.0026894286 4.1968931e-07 0.00020262507 0.0054575186 0.28096455 0.03203051 2.438254e-07 2.0176446e-06 9.765931e-08 1.1663095e-08 0.000288537 0.006841245 1.4925787e-07 1.5335874e-07 6.890159e-05 0.00032514744 5.891849e-06 2.35806e-08 0.0026690185 5.3650297e-06 4.4438755e-07 1.9144831e-07 1.7644383e-05 2.242424e-05 0.00012764239 2.8686181e-05 1.078708e-07 1.6075942e-08 1.6886414e-05 4.3754987e-08 9.484392e-05 0.00027926947 8.267611e-06 5.6083754e-06 8.792935e-05 2.9922486e-08 2.1591335e-05 8.628203e-07 1.0612239e-05 1.3970599e-07 5.100356e-08 8.0166933e-07 3.6730812e-06 3.720852e-07 6.817931e-05 9.166197e-08 1.3526358e-06 2.0771455e-05 8.983558e-08
0.7043276 0.099482544 0.0036011895 0.14449507 0.4379368 0.0037440767 0.5324758 0.956986 0.0060308403 0.16100928 0.014720693 0.57949215 5.854061e-15 0.9153794 0.0072873444 0.97501945 0.00039667467 0.00712836 0.00023257124 0.040344886 0.0030199932 5.2276475e-05 0.00089199765 8.9540044e-05 0.12766303 0.31752744 0.0011577143 0.04486647 9.434388e-05 0.01095407 0.00053519604 2.0099367e-05 0.15828085 7.1791683e-06 0.1805101 7.8060575e-06 5.9696034e-05 0.07740546 1.1611397e-05 0.0374487 2.4386068e-06 7.032366e-06 1.4927425e-05 1.9924778e-07 0.0029798644 0.026745776 0.038398165 6.3110776e-05 5.0367066e-06 0.005119694 0.00032091956 0.00017660922 0.005158955 1.8036667e-06 0.00033558471 0.015126047 0.09319105 0.01546187 1.2578073e-06 2.462074e-05 1.293093e-06 9.421852e-07 0.00064228266 0.0029264258 7.592898e-07 3.3680865e-06 0.0002269239 0.00023461784 6.9725545e-05 5.279095e-07 0.008537442 1.2084079e-05 8.768353e-06 7.0947436e-08 3.597031e-05 0.00023286819 5.6219287e-06 8.201163e-05 3.9749713e-07 1.5281636e-07 0.00029163624 2.203649e-07 3.7769863e-05 0.0018174622 2.2767022e-06 4.7122116e-06 6.85174e-05 3.706616e-06 0.00011108571 8.364152e-07 0.00038570294 1.4099581e-06 2.490361e-06 1.3761602e-05 4.8312418e-06 6.3442616e-07 3.3969332e-05 7.5006215e-06 3.3531899e-06 5.3776388e-05 1.8215484e-07
0.88766944 0.030353064 0.0011347104 0.1412986 0.48166052 0.0005993157 0.34102827 0.7620396 0.0035021342 0.061529167 0.023217777 0.39676583 0.9153794 6.608124e-19 0.012781957 0.97606945 4.47659e-05 0.00085756526 1.3093035e-05 0.010192804 0.0015502857 7.6079214e-06 0.00021104382 2.0515563e-05 0.05211595 0.818626 0.0012484774 0.01273705 1.6466005e-05 0.03713943 0.0003485735 2.1303117e-06 0.66787785 6.833325e-07 0.8187198 2.2461502e-07 4.152716e-05 0.4665267 8.5410124e-07 0.37268776 1.7305285e-07 3.7147785e-07 2.1388414e-06 4.776058e-08 0.033774626 0.29215488 0.1662636 5.742735e-05 4.4971875e-06 0.01631089 0.00039330067 0.0001282619 0.017056812 1.6034869e-07 0.00053387316 0.027788825 0.044206154 0.01218523 4.1843325e-07 5.2910605e-07 1.4816571e-07 4.914029e-08 0.00077644316 0.001103952 3.7812026e-07 6.059318e-08 0.00014302101 0.00014945139 3.7338625e-05 4.3919098e-07 0.047863547 3.856069e-06 9.0946617e-07 4.713191e-08 0.00010639453 0.00024825454 9.4572675e-07 9.785571e-05 1.0042315e-06 3.2581816e-08 9.955694e-05 3.9408814e-08 0.00012842003 0.01017949 1.8933079e-06 1.4039576e-06 0.00044014037 9.720146e-07 0.0002772011 2.5827524e-07 0.0027267952 1.1237436e-06 2.0707073e-07 4.199001e-06 7.825788e-06 1.8568286e-07 2.4804169e-05 2.4196156e-06 1.4920884e-06 0.00022551966 1.0280664e-07
0.9535034 0.05345019 0.16429336 0.12550034 0.12500617 0.022095155 0.03269471 0.012064028 0.8077912 0.0038840303 0.9760401 0.0040944647 0.0072873444 0.012781957 4.9208507e-18 0.0021170767 0.0978761 0.007000439 0.014445719 0.004274476 0.0046548313 0.02309012 0.006255572 0.032666612 0.0006965041 0.8380122 0.6708793 0.0010009188 0.007064053 0.9332472 0.0057403287 0.00054139114 0.078459725 0.00015335692 0.006001247 6.2497464e-05 0.005623197 0.008247589 4.020543e-05 0.0036010211 2.6576368e-05 0.00069374003 0.00034603802 1.4113512e-05 0.00019873267 0.26381308 0.00085083325 0.0050932313 8.820516e-05 0.30039662 0.044938445 0.0017848274 0.0010714814 9.532284e-06 6.8829504e-06 0.001319402 0.00013713946 4.2817435e-05 5.8740866e-06 0.00010233237 1.317107e-05 3.895497e-06 3.435548e-06 6.382085e-07 2.5211984e-05 1.0140968e-05 1.27250705e-05 2.3921686e-05 6.0950315e-06 1.7461902e-05 0.25826317 0.00014688789 5.89143e-07 7.1781965e-06 0.014470428 1.9271687e-05 8.784897e-07 3.742672e-05 2.9115896e-05 2.8174836e-07 1.3108821e-06 2.0302437e-07 0.014704544 0.03289832 3.6239293e-05 8.542369e-06 0.009742973 9.561435e-08 1.1603769e-05 6.788506e-07 0.0097161895 6.8609654e-07 9.865531e-08 4.0850176e-07 6.7958163e-06 1.2173252e-06 3.716274e-05 3.944583e-07 4.8360594e-06 5.2186247e-06 2.1361757e-07
0.83067334 0.025280803 0.00021311328 0.064894415 0.20418134 0.0003581441 0.27284285 0.83323663 0.0010608329 0.14609063 0.0039519793 0.64980817 0.97501945 0.97606945 0.0021170767 1.9939355e-13 7.2927e-05 0.005902977 0.0002084139 0.051749848 0.0025442268 7.4948007e-06 0.0009768279 1.3100629e-05 0.36023226 0.37339926 0.00042075498 0.08586119 1.8848235e-05 0.0061671226 0.00087167486 1.3247997e-06 0.17424549 6.140748e-07 0.41515565 5.661715e-07 1.0988198e-05 0.21575236 7.525854e-07 0.1396179 2.5880607e-07 3.5212062e-07 1.8239028e-06 3.7720525e-08 0.0125128925 0.07815229 0.20231527 1.3438072e-05 1.6029786e-06 0.00428077 0.00023442662 0.00033920226 0.017488701 2.0484595e-07 0.0012384066 0.057072442 0.45367348 0.10133056 1.00227645e-07 1.3759647e-05 6.08098e-08 2.494617e-07 0.002270343 0.050741352 7.3064804e-08 3.6823104e-07 0.0008245784 0.0010308743 0.00015634658 1.2487482e-07 0.010569294 1.0464643e-05 3.82983e-05 3.142508e-08 4.480667e-06 0.00027010453 6.733293e-06 0.00013217104 1.324564e-07 1.0262267e-07 0.00095686014 3.9342122e-08 3.1181673e-05 0.0033325132 1.868617e-05 6.4998017e-06 9.136555e-05 6.0204616e-06 0.00022560827 1.4582138e-06 0.0003831425 7.673677e-06 7.990838e-06 1.0785496e-05 4.1821346e-05 1.7362376e-06 9.946052e-05 5.287537e-06 3.0300741e-06 0.0001471279 8.553232e-07
0.9381753 0.13275105 0.72292596 0.07261321 0.021633845 0.36824232 0.010585934 0.00089578616 0.7940278 0.003033751 0.3031165 0.00026765084 0.00039667467 4.47659e-05 0.0978761 7.2927e-05 4.3189472e-17 0.057580564 0.9205602 0.011790534 0.014504644 0.94682705 0.069441244 0.82923245 9.035882e-05 0.15124063 0.614532 0.0005848882 0.52916056 0.22479907 0.062839344 0.20530331 0.0071351985 0.10614932 0.0005094168 0.011339403 0.1767938 0.0016743868 0.025211316 0.00026946954 0.0035269826 0.25848475 0.014483309 0.000771748 1.9047837e-05 0.007042181 4.2800552e-06 0.02627908 0.0052495557 0.370339 0.16577826 0.07443022 3.1864314e-05 0.00063412794 1.7368552e-06 7.018079e-05 0.00023710381 2.4099204e-06 0.0012973923 0.003543979 0.00023938724 0.00015024723 4.8705067e-07 1.5446658e-06 0.00049209135 0.0001897004 3.9551774e-06 6.411281e-05 5.8198896e-07 5.2917174e-05 0.04379658 0.01864658 3.068418e-08 5.054525e-06 0.019159375 1.1314697e-05 4.1562026e-07 1.2339926e-05 0.0001805818 1.0615123e-05 2.1416056e-07 1.8537217e-07 0.009370736 0.0011173155 0.00022408048 2.2614817e-07 0.014293286 1.6885759e-08 1.0094146e-06 9.616107e-07 0.00012559877 7.8607926e-08 1.1822515e-09 2.3511125e-08 2.6604453e-06 2.400368e-07 6.698601e-05 9.214929e-08 2.5986637e-07 5.0284566e-06 1.0168479e-09
0.39970285 0.72930235 0.11460793 0.17770238 0.09145451 0.685834 0.15993634 0.029596465 0.06820448 0.63999534 0.023138214 0.08338787 0.00712836 0.00085756526 0.007000439 0.005902977 0.057580564 5.4399523e-17 0.7582737 0.95050144 0.9504736 0.0031671643 0.8655864 0.0015128172 0.031946097 0.012987508 0.0041425982 0.21555702 0.0008024894 0.004512258 0.47623137 0.0002103777 0.00060245657 5.481758e-05 0.00020809376 4.7333648e-05 0.00023024259 0.00037979105 8.837441e-05 0.00037834086 2.4275145e-05 0.0011562301 1.7846343e-05 1.108856e-05 2.329234e-05 0.0005983925 2.3950812e-05 0.00019796297 7.4364475e-06 0.005943615 0.000330178 0.34331387 4.4843928e-05 3.1875556e-05 6.600314e-06 0.00026234263 0.0020679526 5.9065584e-05 2.149502e-05 7.7991404e-05 4.783014e-06 5.259846e-06 8.230675e-06 7.025947e-05 9.535692e-06 5.806659e-06 1.7723221e-05 8.091653e-05 5.670171e-07 1.0678629e-06 0.00057193974 0.006812809 5.6110128e-08 9.259593e-06 0.00017467505 6.6133757e-06 0.0006220621 4.378713e-06 1.9535757e-06 5.905479e-06 1.0605272e-06 3.9794945e-06 8.309326e-05 6.393429e-05 5.7122073e-05 4.2529205e-06 0.00012825003 8.3272615e-09 3.7376158e-06 1.163053e-06 3.9595236e-07 3.0267714e-07 1.4445606e-08 1.0420093e-06 8.223366e-07 3.8450503e-07 0.0005187622 5.65584e-08 8.0106406e-07 6.7329265e-06 2.3427638e-08
0.9156145 0.48655066 0.62239206 0.14648782 0.02975424 0.8911945 0.013791821 0.00071954785 0.48244953 0.030520527 0.07135769 0.00067147665 0.00023257124 1.3093035e-05 0.014445719 0.0002084139 0.9205602 0.7582737 1.6135296e-15 0.20433615 0.37792835 0.5110301 0.82928395 0.27131099 9.6428485e-05 0.014994793 0.05833285 0.004304469 0.14301905 0.012005287 0.7052426 0.09686582 0.00034963473 0.06881008 9.067779e-05 0.007500794 0.014320193 0.00016479775 0.012436527 0.00010062037 0.0018898346 0.76377213 0.0028082088 0.0060623107 3.5503183e-06 0.0005655355 3.3008855e-06 0.003420001 0.00084066886 0.124752596 0.036173027 0.6866503 9.347457e-06 0.00058766507 2.5316552e-07 2.7976486e-05 0.0007095089 1.0468372e-06 0.0015362091 0.030102275 0.0007254642 0.0002865869 2.1477122e-06 0.00013081172 0.00024944782 0.00013387259 4.478827e-07 7.958063e-05 1.0952673e-06 6.7681125e-05 0.0041439515 0.46751297 2.9497151e-08 4.9951497e-05 0.0043525803 1.1971428e-05 7.365039e-05 8.454579e-06 0.00010742284 0.00046695792 1.4044157e-06 1.200488e-05 0.0038124388 3.1116084e-05 0.00362272 8.7447995e-07 0.0065059788 3.7451096e-09 9.516661e-06 5.826459e-07 3.753225e-06 6.970403e-08 1.3079019e-09 5.3321423e-07 5.8139703e-05 9.3802976e-07 0.0003367364 4.876132e-08 9.824507e-07 9.695617e-06 2.4222865e-08
0.19289769 0.52421933 0.024128003 0.15439165 0.10227007 0.1460955 0.21959366 0.114413455 0.019492388 0.89066094 0.008106097 0.3264622 0.040344886 0.010192804 0.004274476 0.051749848 0.011790534 0.95050144 0.20433615 1.8387047e-13 0.8900152 0.0003811128 0.3661421 0.00036698044 0.526063 0.01752382 0.0019119963 0.91809744 0.00018474362 0.00324401 0.17537972 7.551441e-05 0.0018231658 1.6686514e-05 0.0020684823 2.6553544e-05 8.05545e-05 0.0010593599 3.2947202e-05 0.0010214634 7.4503464e-06 5.766641e-05 1.4143116e-05 1.2090487e-05 0.0002873162 0.0013908524 0.00062103017 9.0654634e-05 9.681536e-06 0.0020919328 0.00013229123 0.09083511 0.00014206373 2.33201e-05 4.132548e-05 0.0013646242 0.029346362 0.0012980414 1.1456665e-05 4.6364064e-05 1.2694271e-05 4.4736344e-06 6.229621e-05 0.0023945142 6.17172e-06 1.0297345e-05 9.485522e-05 0.0005182494 5.1318857e-06 3.2825074e-07 0.00047327147 0.0011825014 4.7507714e-07 2.4432554e-06 0.00011956383 4.0988518e-05 0.0009810927 3.076777e-05 5.614007e-07 1.269503e-06 3.2903616e-05 2.122239e-06 0.00011272794 0.00013312601 5.7877212e-05 1.4371385e-05 2.3011185e-05 9.4953364e-08 1.4024824e-05 1.2852822e-06 3.8781653e-07 9.824581e-07 1.5009721e-07 4.2222473e-06 5.5534324e-06 4.4745585e-07 0.00042607516 6.5036676e-07 1.4722993e-06 1.8743838e-05 8.770234e-08
0.039762117 0.27744463 0.01989822 0.04556747 0.015577797 0.14675495 0.03504188 0.008183522 0.020622281 0.19436818 0.007444416 0.022266673 0.0030199932 0.0015502857 0.0046548313 0.0025442268 0.014504644 0.9504736 0.37792835 0.8900152 1.2869388e-14 0.0013679287 0.96115375 0.0011432383 0.02938831 0.0035226294 0.0017541575 0.7024059 0.0005090106 0.0019734302 0.8618391 0.00017536306 0.00067034044 4.4518034e-05 0.00033444937 3.034286e-05 0.00014957959 0.00017206589 0.00013540854 0.0001556386 3.343787e-05 0.00026042596 2.532131e-05 8.290452e-06 9.6904405e-06 0.0005053207 2.9487494e-05 5.0321767e-05 1.4999018e-05 0.0009808738 4.4941968e-05 0.35490587 1.5239447e-05 3.1607568e-05 1.3257735e-05 0.00021584946 0.001421447 5.1911527e-05 2.939764e-05 0.00010233774 3.0692216e-05 8.976589e-06 9.056575e-06 0.0002112053 9.177157e-06 3.903364e-05 7.818682e-05 0.0006239708 3.949313e-06 5.680509e-07 0.0002767019 0.0016134648 6.0181793e-07 1.6688462e-06 0.00015560981 2.1055701e-05 0.00038565253 1.2555416e-05 7.938915e-07 3.5501284e-06 5.535671e-06 4.6037624e-07 0.0001290693 0.00010782374 1.6299535e-05 1.6263046e-05 3.027303e-05 1.2264792e-07 5.5231053e-06 1.2875272e-06 9.700491e-08 1.1267323e-06 1.6630828e-07 4.4783104e-07 1.0454095e-06 7.751454e-07 0.00029488045 8.46045e-08 8.413129e-07 1.3034255e-05 1.7212988e-08
0.6507954 0.0008213389 0.07802022 0.0005323287 7.5688884e-05 0.029678361 0.00012152885 6.951142e-05 0.19496971 4.9035643e-05 0.07044219 1.7789891e-05 5.2276475e-05 7.6079214e-06 0.02309012 7.4948007e-06 0.94682705 0.0031671643 0.5110301 0.0003811128 0.0013679287 3.3976837e-17 0.0069841747 0.9181294 3.5290072e-06 0.005007458 0.32759988 5.156554e-05 0.6461908 0.032613285 0.0053994926 0.8715133 0.0010696395 0.81304437 8.561531e-05 0.7516892 0.20227596 0.0001575874 0.16176257 4.465491e-05 0.06126341 0.34695712 0.05072128 0.2553575 6.365521e-07 0.0018259567 3.825966e-06 0.060146578 0.027508708 0.09788442 0.08551553 0.007770262 5.5781093e-06 0.007696353 3.6286323e-07 5.9846523e-05 4.5795863e-05 2.5705852e-08 0.003575043 0.0112733375 0.00064791593 0.00070741813 9.847896e-08 8.4457264e-07 0.0018029978 0.0007878172 3.4933373e-07 2.0760523e-05 8.126425e-08 3.3012962e-05 0.006938708 0.021031843 3.4125447e-09 1.2527716e-05 0.010170305 1.3266683e-06 5.2846286e-08 7.4269326e-07 0.00035213778 1.6280987e-05 1.3102142e-05 3.6506995e-06 0.0024825986 0.0005288272 0.00032432764 4.1079812e-07 0.0055199466 1.2735906e-08 7.113921e-07 1.3063507e-06 2.1247048e-05 1.4740196e-07 6.9006725e-09 5.709176e-08 2.1755875e-06 4.826952e-07 1.9885836e-06 4.2288598e-08 5.613279e-07 4.8463503e-06 3.3605543e-09
0.116565734 0.3973996 0.047241848 0.06525648 0.021075001 0.3098818 0.029291602 0.0038936604 0.06712463 0.13295674 0.013478439 0.010869109 0.00089199765 0.00021104382 0.006255572 0.0009768279 0.069441244 0.8655864 0.82928395 0.3661421 0.96115375 0.0069841747 1.410645e-16 0.008240167 0.0015875726 0.0045377077 0.006358244 0.10309578 0.0034813716 0.0028173642 0.96379316 0.0010750202 0.00014462466 0.00038931216 5.339337e-05 0.00028301854 0.0006844185 6.233538e-05 0.00021685137 5.4863653e-05 4.841701e-05 0.007796077 3.7079866e-05 0.000111356625 3.6521901e-06 0.00029904777 4.81397e-05 0.0001134909 9.537766e-06 0.00645998 0.0002705304 0.58758557 1.7814851e-05 0.000101828 5.7719367e-06 0.00019359509 3.722304e-05 2.367969e-06 4.0040813e-05 0.00043958056 1.6172567e-05 1.0061858e-05 1.6655193e-05 2.240735e-05 4.7997768e-05 3.245274e-05 5.1737803e-05 0.0003455724 1.9810648e-06 8.946433e-07 0.000731551 0.008830642 3.650997e-07 1.4604052e-05 0.0009879284 2.1482829e-05 0.00043667012 2.9707606e-05 1.4001678e-05 1.548773e-05 2.1472809e-07 3.7264829e-06 0.00041010353 0.00012248235 0.00020772892 1.14845825e-05 0.0002310937 1.1705389e-07 9.026999e-06 1.4228771e-06 3.368281e-07 2.2725155e-06 4.9671416e-07 1.6464794e-07 4.585112e-06 2.2954504e-07 0.00043021867 4.516528e-08 3.609343e-07 3.1717693e-05 6.4639046e-08
0.88673747 0.00090227387 0.027310962 0.0006436041 0.00019587058 0.006264169 0.00032528854 0.00013360119 0.17356355 5.6913974e-05 0.059914973 3.8047187e-05 8.9540044e-05 2.0515563e-05 0.032666612 1.3100629e-05 0.82923245 0.0015128172 0.27131099 0.00036698044 0.0011432383 0.9181294 0.008240167 1.1882124e-17 4.953e-06 0.02540116 0.8911512 9.125792e-05 0.9446985 0.17679761 0.005234004 0.66813236 0.001701423 0.4970824 0.00010420401 0.4331878 0.66955584 0.0006311969 0.20687795 0.00036597473 0.10317533 0.14321947 0.2591782 0.046621136 2.1002796e-05 0.007869413 3.0579093e-05 0.42248172 0.10405576 0.26572558 0.34917527 0.006196375 3.036799e-05 0.0075579723 9.168883e-06 6.4801294e-05 6.3839943e-06 5.7218e-08 0.00478133 0.0040231147 0.0006848911 0.0005124904 8.353789e-07 1.3239944e-07 0.0025662647 0.0009994045 2.091548e-06 1.2204376e-05 3.1244275e-07 4.264282e-05 0.03174577 0.0063726283 4.579295e-08 9.8122555e-06 0.019982263 6.927169e-06 1.7511579e-07 1.4436139e-05 0.0007328285 2.3746032e-05 7.0187775e-06 6.612902e-06 0.018045451 0.004610494 0.0024677513 2.3425587e-06 0.01741791 2.024623e-07 1.2032945e-06 7.596581e-08 0.0015651799 7.307752e-07 4.6856915e-08 1.4882032e-06 3.0659157e-07 2.0394674e-07 1.7603908e-05 1.8366851e-06 9.678697e-07 4.9617042e-06 9.8771295e-08
0.11729871 0.07908784 0.00086429983 0.022481782 0.031074496 0.0016159433 0.113997936 0.21376544 0.0004883609 0.74072754 0.0009829301 0.6998519 0.12766303 0.05211595 0.0006965041 0.36023226 9.035882e-05 0.031946097 9.6428485e-05 0.526063 0.02938831 3.5290072e-06 0.0015875726 4.953e-06 2.8579638e-16 0.022166448 0.0001044651 0.99159324 2.4111664e-06 0.0010561333 0.0020065 1.6181006e-05 0.016948076 4.621545e-06 0.034657165 2.3193622e-06 1.6468997e-06 0.010155453 1.3963265e-06 0.007249947 4.555441e-07 2.256724e-06 7.7674304e-07 5.9630656e-07 0.0010984312 0.0031406777 0.034569606 1.9837646e-06 3.9386703e-07 0.00038400356 9.880682e-06 0.0016694431 0.003060179 9.757381e-07 0.00017253058 0.046824154 0.8778243 0.28133726 4.3376596e-07 1.0816309e-06 3.9675447e-07 2.154006e-07 0.001426498 0.11145299 1.7347834e-07 2.212677e-07 0.0001909002 0.01991459 4.6462108e-05 1.0090687e-07 0.00090668816 3.2752573e-06 5.270858e-06 6.308881e-07 6.5721964e-05 2.4360439e-05 0.0009195757 2.5203237e-05 8.7440236e-07 9.46741e-09 8.8494584e-05 4.840551e-07 8.735064e-05 0.00028813691 7.575941e-06 0.0009354182 3.9382838e-05 3.0156383e-07 4.342291e-05 5.1620653e-05 3.7694633e-06 1.7944756e-06 4.315194e-07 1.0940458e-06 0.00027017228 2.9113731e-05 0.00025421372 2.6970915e-06 0.00012983558 6.2516774e-05 8.05301e-08
0.97432107 0.13493684 0.15649316 0.5601381 0.6733633 0.024337571 0.24067684 0.30167827 0.32747942 0.03956491 0.45384055 0.13828622 0.31752744 0.818626 0.8380122 0.37339926 0.15124063 0.012987508 0.014994793 0.01752382 0.0035226294 0.005007458 0.0045377077 0.02540116 0.022166448 4.381375e-17 0.17866878 0.0055488646 0.003764765 0.8976389 0.0025748115 0.00079629454 0.86213076 0.00059444626 0.18794946 0.0002746345 0.0057729534 0.5344247 0.00013801406 0.23700024 5.1728675e-05 0.0019297114 0.00031808586 3.4683115e-05 0.073790334 0.8310762 0.06427509 0.002168889 8.695295e-05 0.18206699 0.010084277 8.730833e-05 0.01141063 0.00010525 0.008174478 0.013885637 0.012295799 0.002889167 4.4961474e-05 3.7644364e-05 3.425666e-05 2.5363906e-06 0.0030424835 0.00051212905 4.043954e-05 4.4750024e-05 0.0017703172 0.00018484057 0.00055923936 3.7601571e-06 0.3648977 3.4391196e-05 3.497605e-05 2.0283946e-06 0.011650814 0.0005511404 5.8758237e-06 0.00049917167 5.8597827e-05 3.9640045e-07 0.00047408417 3.4065342e-06 0.036648802 0.078856684 0.0002893913 1.6545813e-05 0.008222661 2.5759696e-06 0.00025072618 1.2444001e-06 0.030646184 4.732297e-06 2.8388394e-07 3.1416603e-06 1.8829836e-05 1.0186262e-05 8.464862e-05 9.848305e-07 1.9549296e-05 0.00019915577 3.710799e-07
0.9444128 0.00860634 0.17210536 0.024589697 0.011827748 0.011180995 0.0039070547 0.0020505218 0.5375592 0.000899697 0.27266836 0.0010555412 0.0011577143 0.0012484774 0.6708793 0.00042075498 0.614532 0.0041425982 0.05833285 0.0019119963 0.0017541575 0.32759988 0.006358244 0.8911512 0.0001044651 0.17866878 1.2672369e-16 0.00015752684 0.66651314 0.7801538 0.0026392522 0.23260951 0.020989304 0.11744489 0.0011694273 0.039585195 0.73764795 0.005923905 0.02952567 0.0027680483 0.012811032 0.055957705 0.02746509 0.005150635 0.00016854805 0.027535073 0.00018297759 0.26748285 0.011856796 0.91176003 0.40304998 0.0010287976 0.000106629275 0.0016316947 9.619854e-06 0.00015805986 5.567722e-05 3.115305e-07 0.0007626608 0.0038689247 0.0013323628 0.00069237454 6.072091e-06 1.1386231e-06 0.0007308227 0.0012257362 1.0394145e-05 0.00045068367 1.2630427e-05 0.00022889614 0.22084166 0.006166581 1.5044093e-06 1.2643262e-05 0.047533847 1.5844917e-05 8.1534364e-07 8.7252476e-05 0.0014754143 7.789859e-06 5.6145374e-05 9.026654e-06 0.090017 0.028785253 0.0063550407 4.92151e-06 0.028339006 4.2295557e-07 1.24850285e-05 2.6312622e-07 0.010620962 7.3658333e-07 6.779892e-08 1.4112705e-07 3.2451976e-06 1.5146579e-06 5.7730413e-05 1.497939e-07 1.1822627e-05 8.49418e-06 7.001369e-08
0.038770277 0.13153157 0.0019160598 0.02979167 0.027228901 0.0087995045 0.08801355 0.08758873 0.0016129664 0.51098925 0.0012784279 0.33743033 0.04486647 0.01273705 0.0010009188 0.08586119 0.0005848882 0.21555702 0.004304469 0.91809744 0.7024059 5.156554e-05 0.10309578 9.125792e-05 0.99159324 0.0055488646 0.00015752684 3.3930795e-13 6.658285e-05 0.0005837247 0.16241583 4.4613917e-05 0.0013089142 1.4822422e-05 0.0022145899 1.3744709e-05 5.7746925e-05 0.00057047163 1.9728814e-05 0.00067487796 9.246807e-06 0.000111956666 2.6557998e-05 3.175554e-06 0.0002376147 0.00064674235 0.0012957113 1.5461434e-05 8.82796e-06 0.0002619976 5.4895532e-05 0.12273178 0.00012922361 1.3082813e-05 6.8262714e-05 0.0038208142 0.63739216 0.10844541 1.2122897e-05 4.0090334e-05 1.4328168e-05 8.550406e-06 0.00024041631 0.08241854 1.447661e-06 5.7552325e-06 0.00036752803 0.06485526 0.00011727274 7.9356073e-07 0.00045565082 0.0006422325 2.0367932e-05 1.4753043e-06 0.00019393492 8.2794295e-06 0.051519345 2.0844638e-05 1.5889509e-07 4.5181758e-07 0.00017807401 8.91123e-07 0.00032724038 0.00017568344 0.00010038133 0.003744416 9.485744e-06 1.1310752e-06 1.1085844e-05 3.4453304e-05 1.4549542e-07 8.281373e-06 1.9898052e-06 1.946364e-06 4.387456e-05 2.722426e-05 0.007423839 2.115016e-06 0.00010728423 4.443138e-05 3.954659e-07
0.89964736 0.0006890051 0.009257272 0.0005222352 0.0001983239 0.002768608 0.00039171035 0.00018075808 0.0503804 5.989917e-05 0.0063486807 0.00010654155 9.434388e-05 1.6466005e-05 0.007064053 1.8848235e-05 0.52916056 0.0008024894 0.14301905 0.00018474362 0.0005090106 0.6461908 0.0034813716 0.9446985 2.4111664e-06 0.003764765 0.66651314 6.658285e-05 2.9338092e-15 0.0425061 0.0028967513 0.75524485 0.00030088346 0.65968597 3.2055355e-05 0.6186387 0.95647115 0.00011131319 0.4763478 9.687101e-05 0.2797452 0.3382122 0.4706336 0.16148004 5.103787e-06 0.0017366674 1.3662133e-06 0.53411955 0.23102054 0.14156435 0.31648138 0.004679268 9.471218e-06 0.015195896 2.6748269e-06 2.8156035e-05 2.5736945e-05 1.07151024e-07 0.006046058 0.029573891 0.0024599666 0.0019737463 3.589875e-07 1.4152356e-07 0.0016338561 0.0009637375 1.0754042e-06 3.4096396e-05 2.3658766e-08 0.00029058685 0.021214785 0.0057221795 4.8392534e-09 3.872068e-05 0.06252388 1.5962389e-06 4.4608345e-07 7.134075e-06 0.0035634323 1.5080272e-05 1.606275e-06 2.5866075e-05 0.034260582 0.0033346366 0.008292927 5.978654e-06 0.019258566 2.462963e-08 1.0276012e-06 2.5655754e-07 0.0012420438 5.6954505e-08 2.3247942e-08 2.3600793e-07 8.3508785e-06 8.2565197e-07 2.7870636e-05 1.0873093e-07 3.7470804e-06 2.8508703e-06 1.2048338e-07
0.99656934 0.026223477 0.13536407 0.12570406 0.13057214 0.011014203 0.032223906 0.016920453 0.24277046 0.0038961954 0.45276532 0.007104216 0.01095407 0.03713943 0.9332472 0.0061671226 0.22479907 0.004512258 0.012005287 0.00324401 0.0019734302 0.032613285 0.0028173642 0.17679761 0.0010561333 0.8976389 0.7801538 0.0005837247 0.0425061 2.4355518e-18 0.0015001923 0.010478445 0.25779575 0.0065358854 0.017264267 0.0018621738 0.032949552 0.06685373 0.0010525497 0.024237758 0.00047833796 0.017036062 0.0020216326 0.00021113241 0.0037827794 0.42333677 0.00407599 0.022833109 0.0004490772 0.7716203 0.060119417 0.00038470075 0.0030491934 0.00021279341 0.00014552147 0.0039790813 0.0018630344 0.00020912765 8.311783e-05 0.0007150788 0.00028306092 7.5317985e-05 5.793028e-05 1.4738722e-05 0.00033876387 0.00033419687 0.00011130396 9.510622e-05 0.00014783608 6.3158644e-05 0.6533373 0.000571826 8.907617e-06 8.36659e-06 0.11590983 0.00010867118 5.0869007e-06 0.00013268657 0.0008605654 6.8231594e-07 6.221944e-05 1.2219067e-06 0.1735458 0.0815848 0.0007372841 1.9209238e-06 0.019077517 5.4309426e-06 7.486968e-05 3.982032e-07 0.0281583 1.3368637e-05 1.6239186e-06 2.3529924e-06 2.7567494e-06 1.464484e-06 0.0001246305 4.0469613e-06 4.7580097e-06 2.976016e-06 2.9700178e-07
0.06902996 0.2872143 0.0350045 0.0425094 0.014766607 0.23333685 0.018890372 0.0022433419 0.057128776 0.10502549 0.009116647 0.0058736783 0.00053519604 0.0003485735 0.0057403287 0.00087167486 0.062839344 0.47623137 0.7052426 0.17537972 0.8618391 0.0053994926 0.96379316 0.005234004 0.0020065 0.0025748115 0.0026392522 0.16241583 0.0028967513 0.0015001923 2.4584437e-15 0.0009287541 6.248602e-05 0.0002574734 2.4934518e-05 0.00014149814 0.00046739116 4.5108616e-05 0.0002576385 3.7029688e-05 0.00012115496 0.007504743 5.3007327e-05 6.2346015e-05 1.2216854e-06 0.00027390211 1.2911713e-05 9.130162e-05 1.1026555e-05 0.0035305764 0.0002785983 0.97958356 2.0741405e-05 8.409528e-05 2.0579316e-06 5.8596488e-05 8.824488e-05 8.701297e-06 7.506128e-05 0.00035902826 1.1335908e-05 1.630639e-05 9.932379e-06 2.7328751e-05 3.3915825e-05 7.128849e-05 3.3051052e-05 0.00045767552 4.6746763e-06 1.3813676e-06 0.0015039834 0.024909683 3.3265064e-07 8.4610965e-06 0.0011568082 2.8273971e-05 0.0008089539 2.5234138e-05 5.3512176e-06 1.2496178e-05 3.31564e-07 8.5055404e-07 0.0004690281 0.00021220998 9.913362e-05 1.6017677e-05 0.00022458643 5.0701427e-08 1.2051337e-05 5.408838e-07 1.3158552e-07 2.5863721e-06 1.0007922e-07 2.7656114e-07 1.473856e-06 5.1701204e-07 0.0010854524 3.6142943e-08 5.129412e-07 1.752493e-05 7.275607e-08
