4.6128797e-19 0.01686389 0.021491047 0.017499996 0.1493561 0.012749341 0.0033979947 0.1589323 0.02070814 0.47870445 0.16814823 0.011204024 0.009103028 0.003994817 0.00014720917 6.493318e-05 0.0035458484 0.0024552345 2.411455e-05 1.5519268e-05 0.00018062348 0.000104989354 0.8485908 0.2433417 0.9068682 0.97837645 0.7016948 0.98517793 0.956164 0.0006253842 4.808489e-08 0.9790134 0.96157426 0.8245692 0.7902557 0.24929608 0.9411611 0.026705477 0.5916832 0.8060946 0.8877679 0.651174 0.90273184 0.9430958 0.7785951 0.72327256 0.9271596 0.87357956 0.41574967 0.8526132 0.9097109 0.8620615 0.5551742 0.93555754 0.95393413 0.8861803 0.9401952 0.5438194 0.86619157 0.73613846 0.8736179 0.9831073 0.87543964 0.9496643 0.96000665 0.900665 0.930226 0.9268745 0.82513076 0.1998191 0.8844129 0.94559276 0.84183544 0.14960708 0.8292229 0.98852724 0.9321338 0.80610293 0.98517495 0.89872384 0.93047285 0.8711413 0.9370347 0.96799254 0.9652567 0.9373476 0.8736221 0.96557766 0.9502793 0.9934075 0.73456776 0.99639994 0.99995875 0.83212525 0.9980392 0.9073649 0.9973683 0.97500396 0.99425507 0.8323395 0.8462553
0.01686389 4.584488e-15 0.41847244 0.5793868 0.6622799 0.8512545 0.45186737 0.8251676 0.9866252 0.26886138 0.110707134 0.18559633 0.4875341 0.22694601 0.06840571 0.030359419 0.11009915 0.00030657861 0.0014821751 0.00022939176 0.000597158 1.6579464e-06 0.033581283 9.136106e-06 0.076346956 0.060845535 0.0111167915 0.12241223 0.004107081 6.585465e-07 3.993306e-06 0.020539086 0.01654703 0.0009182131 5.040433e-05 3.9360235e-05 0.00014789995 2.2581338e-08 0.00022121338 1.5598897e-06 9.479766e-06 1.0051089e-05 5.950665e-05 0.00030242687 2.8515433e-07 5.313221e-06 7.5271095e-07 5.2255893e-07 2.863675e-06 1.0432203e-06 7.41738e-08 2.4599007e-07 1.8017815e-07 0.00018067569 1.4567593e-05 4.937623e-07 2.1137516e-06 3.7892636e-07 5.706855e-07 4.355945e-09 4.6430657e-07 1.4367493e-05 3.8949443e-07 7.5040693e-06 5.57841e-07 2.996151e-07 1.2992011e-07 4.042255e-08 2.2460044e-07 2.06736e-08 4.875855e-07 1.4617106e-07 4.980202e-08 6.0616975e-07 3.291097e-08 3.318156e-06 1.0275429e-07 1.5498015e-05 3.6317067e-07 1.0398119e-07 1.5503934e-08 1.0354495e-08 2.3587393e-08 6.122413e-08 6.168395e-08 9.385725e-06 3.143313e-05 1.685904e-09 9.7563984e-08 3.8529135e-05 1.5369967e-06 3.8425267e-08 1.846332e-06 1.5753172e-07 3.6467416e-05 1.395935e-08 3.985151e-07 2.5350738e-07 1.0845121e-09 6.968422e-08 2.2366315e-07
0.021491047 0.41847244 2.0437114e-15 0.9663644 0.86108726 0.51572615 0.5962548 0.14230987 0.032803044 0.6355421 0.9720612 0.7546697 0.485023 0.0717748 0.004379497 0.0010431733 0.14235106 0.123483196 0.0004907796 0.00020770791 0.0018192275 5.6342393e-05 0.16025062 0.012036636 0.11620601 0.08281966 0.061011694 0.1044191 0.035071503 0.00013312628 1.038184e-05 0.020018194 0.0051502865 0.0008965784 0.00025121565 0.00060774107 6.3894606e-07 1.8533346e-07 1.2171679e-05 1.1632965e-05 0.00017958743 1.2107114e-07 5.4214288e-05 3.849193e-05 6.407541e-07 4.751206e-07 3.7423396e-07 6.29519e-07 8.081226e-07 5.8256898e-08 1.9092658e-08 1.6065338e-08 2.2949601e-07 2.9781397e-06 6.7302367e-06 5.7030054e-08 1.2205419e-06 1.2892897e-07 3.261858e-07 3.9861375e-10 6.9149485e-07 8.3805924e-07 1.7188817e-07 1.0061666e-07 7.039008e-08 6.071231e-07 1.112075e-08 7.0774258e-09 2.9471525e-07 9.125339e-09 5.746646e-07 8.4195574e-07 1.1278981e-07 4.7596864e-09 2.2378485e-08 9.525412e-08 1.0372265e-06 1.09763626e-07 1.3184453e-07 4.7172225e-07 2.9911877e-08 1.9347722e-07 1.3931722e-07 1.8950122e-07 1.4007354e-07 6.209661e-07 1.7329786e-06 1.804384e-08 2.6004227e-06 7.3779083e-06 4.06992e-06 4.6631502e-07 9.570806e-06 4.6405603e-07 4.621327e-07 1.1433471e-07 7.061075e-06 2.274703e-06 2.5828374e-08 3.9019454e-07 8.901837e-07
0.017499996 0.5793868 0.9663644 6.3358396e-14 0.61648303 0.9155958 0.94858986 0.094362974 0.08695238 0.17029466 0.8046418 0.9755998 0.58581775 0.2659178 0.03711888 0.011006532 0.48221648 0.16558273 0.006025827 0.001700354 0.013004267 0.0002583409 0.050991923 0.0037244135 0.048974272 0.035414364 0.02152483 0.03842243 0.0141102625 0.00028279648 0.00011504683 0.005283463 0.009833104 0.0008912213 0.00017011934 0.0008042562 9.520014e-05 4.618536e-06 0.00015513223 8.6102016e-05 0.00052106957 5.130688e-07 6.843891e-05 0.00013558402 2.9336966e-06 1.339086e-06 1.8676701e-06 1.2156744e-06 4.5501052e-05 4.210293e-06 1.4470909e-06 1.0122121e-06 2.9866242e-06 2.0914871e-05 8.099308e-06 2.86136e-06 4.685696e-06 6.9086245e-06 8.913611e-07 1.8192837e-06 9.91393e-07 2.101524e-05 9.263272e-07 2.5470051e-06 1.3205865e-06 2.1745816e-06 1.1317021e-06 2.3832763e-07 1.7394627e-06 4.0761097e-07 1.2878785e-06 7.1713987e-07 9.530961e-07 2.497676e-07 5.0434284e-07 1.2888024e-06 1.1626755e-05 1.6540424e-06 1.2355478e-06 4.2351257e-07 1.0439201e-06 3.1392477e-07 1.0876905e-06 3.1016223e-06 8.6006816e-07 1.7368684e-06 3.5287821e-06 4.948399e-07 4.6619252e-06 8.58284e-06 3.2368414e-05 1.7570286e-06 1.01250325e-05 2.1132096e-06 2.0849877e-06 9.235697e-07 9.0940075e-06 4.4329404e-06 6.4946363e-07 2.5371335e-06 1.5155102e-06
0.1493561 0.6622799 0.86108726 0.61648303 1.7025837e-14 0.33012947 0.17011432 0.8933149 0.1617191 0.9663924 0.81992644 0.1741368 0.3029948 0.043304317 0.00389797 0.002059642 0.029128877 0.0017657428 0.00019789879 3.9229522e-05 0.00011998969 5.942994e-06 0.6102061 0.0007368893 0.7628952 0.64511114 0.09838464 0.6168079 0.0632249 3.403011e-06 3.3224214e-06 0.11460494 0.029912878 0.008560642 0.0050942292 0.000684146 0.00020318855 9.497565e-08 0.00012686642 3.8288734e-05 0.00025233865 1.0019717e-05 0.0009865448 0.002006768 1.693371e-05 2.9352623e-05 3.767417e-05 5.5017226e-05 2.7219646e-06 3.99004e-06 1.660376e-07 5.5520326e-07 2.742164e-07 0.0005916167 0.00048188667 1.3142493e-06 0.0001248282 2.1788836e-07 3.1497075e-05 1.6681673e-09 4.8915044e-05 4.7882237e-05 2.8511193e-05 2.7840428e-05 5.224077e-06 1.5359512e-05 6.881109e-07 1.837867e-07 9.702324e-06 2.253991e-07 0.00016446569 5.673985e-05 1.9993959e-06 4.159789e-06 5.26685e-07 8.806731e-05 5.9600948e-06 4.459097e-06 2.6596805e-05 7.464005e-05 7.761284e-07 1.1797939e-05 1.6897761e-06 3.2853459e-06 1.9087132e-05 0.00019587638 0.00037658686 4.0602355e-08 3.156446e-05 0.00037341902 6.429016e-06 1.3829674e-05 8.078152e-05 1.3660527e-05 0.00018313488 1.8804077e-06 7.377047e-05 5.770214e-06 3.1681657e-07 6.6625307e-06 3.75996e-06
0.012749341 0.8512545 0.51572615 0.9155958 0.33012947 9.731247e-13 0.9901821 0.2201315 0.67346704 0.049916036 0.04436492 0.83038 0.7071226 0.5070509 0.21623884 0.19386207 0.44238272 0.014065022 0.031489916 0.0069926456 0.01852568 7.2486226e-05 0.017802428 0.00020683047 0.030017685 0.027717516 0.009605347 0.03317198 0.0062128725 5.960627e-05 0.00038467802 0.008293446 0.032724813 0.0009018557 8.11325e-05 0.0010556531 0.00076634163 3.205763e-06 0.00017375412 7.34501e-06 7.789292e-05 8.1447166e-07 0.00033285076 0.0009505427 7.6138144e-06 5.479596e-06 2.3541618e-06 1.2679093e-06 0.00013560276 8.501846e-06 2.2448858e-06 3.05668e-06 8.447511e-06 8.7263885e-05 3.6549514e-05 7.3357983e-06 6.4101905e-06 7.5662865e-06 5.252695e-07 4.064587e-06 7.5653736e-07 8.0910046e-05 3.5918993e-07 6.755238e-06 9.986989e-07 7.07037e-07 1.2549007e-06 2.0051235e-07 1.7454988e-07 1.0082279e-07 1.251168e-05 1.3257854e-06 3.3596672e-07 3.299054e-06 1.0546687e-07 1.0780241e-05 1.6976909e-06 1.7373664e-05 5.949907e-06 6.7246646e-07 2.6647962e-07 7.2593167e-07 2.1350313e-07 9.862573e-07 9.641974e-07 7.5213225e-06 1.2548534e-05 1.18740964e-07 1.5985408e-06 2.746933e-05 1.3709872e-05 6.185658e-07 8.971821e-06 7.388885e-08 5.6579313e-05 1.0501022e-07 3.0276015e-06 5.1485817e-06 2.612984e-08 7.4231544e-08 7.876086e-08
0.0033979947 0.45186737 0.5962548 0.94858986 0.17011432 0.9901821 7.447198e-14 0.03860105 0.09014871 0.028695606 0.09281877 0.94246536 0.5757712 0.29720995 0.04839587 0.038984377 0.4067356 0.041529823 0.014640373 0.0038442025 0.015580583 0.00039727494 0.0094874725 0.00077508594 0.011311385 0.010364327 0.0047147674 0.008542235 0.0024068016 0.00019242644 0.0005115816 0.0021794867 0.016467609 0.0016114874 3.9030547e-05 0.00092820154 0.00025669986 3.4334682e-06 6.6224224e-05 1.77856e-05 0.00018000633 1.3212018e-07 0.00013051079 0.00024950824 3.3916779e-06 7.5491863e-07 2.1757348e-06 1.32448e-06 6.931297e-05 4.4853396e-06 3.7892003e-06 8.974676e-07 4.5041406e-06 3.556735e-05 1.7401902e-05 1.9258193e-06 9.750316e-06 3.4033064e-06 4.1143403e-07 4.3939062e-06 8.2063417e-07 1.0966935e-05 2.0638171e-07 1.7438643e-06 7.052794e-07 6.5299685e-07 6.210325e-07 1.4278596e-07 2.5881005e-07 1.7964248e-07 5.3858425e-06 5.502305e-07 5.8966975e-07 4.6132598e-07 1.8867208e-07 5.2791934e-06 7.5876324e-06 9.764465e-07 2.397059e-06 6.5247644e-07 6.3589744e-07 8.129786e-07 5.9949343e-07 1.860066e-06 1.8847866e-06 4.0291347e-06 2.692435e-06 4.4448632e-07 3.7644556e-06 2.9881669e-05 4.162121e-05 4.214499e-06 2.4223225e-05 6.1083193e-07 3.2490748e-06 6.6175426e-07 2.9182225e-05 7.13982e-06 4.3950484e-07 5.0812395e-07 3.9283503e-07
0.1589323 0.8251676 0.14230987 0.094362974 0.8933149 0.2201315 0.03860105 9.1279266e-14 0.9726351 0.6085006 0.1044363 0.049786393 0.252798 0.090662464 0.037440777 0.012029975 0.04740757 0.0010856097 0.0010785831 0.00016763688 0.00022867773 2.8631902e-07 0.29823554 1.5495503e-05 0.44589755 0.46593451 0.01566521 0.78996694 0.019093754 3.2949096e-08 1.1224765e-06 0.105303 0.7171071 0.011367273 0.0007609067 8.453724e-06 0.022115046 2.2988198e-07 0.005143429 9.518026e-07 2.5469276e-06 0.0004435002 0.007836424 0.008716039 2.0460473e-06 0.00068584183 1.3357786e-06 4.581683e-07 4.548077e-06 0.00020312036 6.112389e-08 8.441412e-05 1.0489387e-06 0.0046595433 0.0004694011 0.0001260317 7.2177495e-06 3.5194233e-07 7.8142915e-07 6.463988e-09 7.314864e-07 0.00026478956 2.1100185e-07 0.00017660533 5.9952714e-07 2.6562327e-07 9.6558004e-08 1.4955932e-08 1.00037795e-07 1.7568671e-07 7.453939e-05 1.997458e-06 2.2098668e-08 0.00029266463 1.1589539e-08 4.8624544e-05 1.2723686e-07 0.0001491952 6.4328124e-06 2.6762457e-06 5.9013665e-09 7.9094164e-08 7.428915e-09 1.7576337e-08 1.1017809e-07 0.0025841596 0.0026130641 3.826712e-09 1.6147231e-07 0.00026516433 7.006926e-08 1.6207467e-08 1.8714109e-06 1.7872824e-07 0.0017033364 2.8048522e-08 1.0572625e-06 1.0056346e-08 4.004953e-10 1.4500707e-08 2.0540984e-08
0.02070814 0.9866252 0.032803044 0.08695238 0.1617191 0.67346704 0.09014871 0.9726351 4.854081e-13 0.069577426 0.0040335525 0.042154856 0.47377467 0.41054663 0.29802835 0.32951984 0.28508493 9.724774e-05 0.010683555 0.0008721144 0.0019687207 4.730077e-06 0.019852791 2.2387349e-06 0.04432044 0.08419207 0.0007621602 0.26799563 0.00092196994 1.07730976e-07 2.2914282e-05 0.011978806 0.13614666 0.0001328579 4.0609875e-06 1.7245728e-07 0.0015018478 7.3104246e-08 0.00068743934 2.024938e-07 1.5433067e-06 0.00014425894 1.9151808e-05 0.00028361485 3.4748234e-07 0.0004352279 1.7515086e-07 7.186402e-08 1.3108247e-06 0.00018381923 5.171148e-08 4.533944e-05 5.4546194e-07 0.0011304813 8.081295e-07 0.00024012783 8.370153e-07 3.5516013e-08 2.7009767e-07 3.8019903e-09 1.3051296e-07 0.00039137635 1.343502e-07 6.0270246e-05 5.799976e-07 1.7822597e-07 7.643089e-08 1.3224012e-08 1.0399508e-07 5.7717684e-09 4.400446e-07 9.630436e-08 3.2890952e-08 5.98233e-05 8.266888e-09 1.4122433e-06 4.6864418e-08 0.00022498776 8.126689e-08 1.1039833e-07 4.205884e-09 8.41381e-09 1.2192434e-08 2.0254719e-08 2.451901e-08 6.0292783e-05 8.004586e-05 3.7300114e-09 6.5674996e-08 0.00011636522 1.0003251e-06 3.5628354e-09 3.9874703e-07 2.5810692e-08 0.00013438119 2.3163091e-08 2.4293763e-07 1.3670383e-08 4.167194e-10 1.1081705e-08 1.3951579e-08
0.47870445 0.26886138 0.6355421 0.17029466 0.9663924 0.049916036 0.028695606 0.6085006 0.069577426 1.117928e-11 0.81389743 0.09984241 0.15490949 0.01759436 0.0018864321 0.0008055316 0.021179106 0.007385924 0.00016799058 6.416977e-05 0.00028780272 5.2447762e-05 0.8644481 0.0042878776 0.8856157 0.7957866 0.35053378 0.7392042 0.19798905 0.00010353349 1.3420475e-05 0.25153956 0.16397706 0.050438378 0.013125649 0.0036922258 0.003303977 1.0464124e-05 0.0014084254 0.0021400491 0.0033604654 0.00025701858 0.009903163 0.0035337785 0.0001881895 0.00041982005 0.00034586882 0.0002603835 4.2220036e-05 8.969824e-05 5.3236495e-06 3.7174046e-05 2.1188347e-05 0.0010504755 0.0016798512 4.3097654e-05 0.00087426906 2.4036186e-05 0.00042004194 3.100713e-07 0.0005689631 6.445472e-05 0.00030089723 7.703949e-05 1.2981831e-05 0.0002368315 8.773263e-06 8.121134e-06 8.721563e-05 1.1821557e-05 0.0006758644 0.00017019235 9.369055e-06 9.461119e-05 2.480489e-06 8.703043e-05 6.1471284e-05 1.3150354e-06 0.00019439727 0.0003338095 1.354352e-05 0.00020124714 1.0404329e-05 7.529813e-06 5.697007e-05 0.00077749277 0.0020314169 5.855883e-07 0.00013016512 0.001674497 9.338489e-05 7.8442106e-05 0.00035852258 5.377552e-05 0.0005019739 1.3306325e-05 0.0002086201 3.591485e-05 3.2334588e-06 1.7430388e-05 4.220615e-05
0.16814823 0.110707134 0.9720612 0.8046418 0.81992644 0.04436492 0.09281877 0.1044363 0.0040335525 0.81389743 4.1005604e-14 0.6714414 0.42503667 0.045142826 0.0011300452 0.00022401488 0.20683526 0.80208063 0.00046306467 0.0004427351 0.003770886 0.0010799052 0.9146 0.5589951 0.5420676 0.40361124 0.80388904 0.2902674 0.4905403 0.026668081 0.00027711465 0.2658365 0.010041849 0.046295643 0.013943932 0.05467437 2.702938e-05 0.000874744 0.00017765047 0.0042643514 0.012298755 2.3826776e-06 0.0006045046 0.00015186254 0.00041638085 4.7149515e-05 0.0004719086 0.0002487952 6.353216e-05 2.478784e-06 3.0042984e-06 5.7848507e-07 1.1893772e-05 9.329312e-05 8.198286e-05 3.353996e-06 0.0013877421 3.2171838e-06 0.00050883833 1.1457617e-07 0.00042643107 8.3282675e-06 8.3768056e-05 3.2485327e-06 2.3049291e-05 8.164665e-05 2.5471484e-06 1.5943069e-06 1.9125051e-05 7.107167e-05 1.2654336e-05 6.506698e-06 1.3210621e-05 2.5536032e-08 1.6663492e-06 9.77051e-07 0.00010655253 9.5058334e-07 7.277048e-07 1.002133e-05 4.135483e-06 4.6965315e-06 1.037506e-05 5.995114e-06 3.363445e-06 3.4468635e-06 1.6024819e-06 3.2004755e-06 1.5120852e-05 2.8129477e-06 0.00048251826 1.1731317e-05 3.8740847e-05 4.2142558e-05 2.8430077e-06 5.703364e-06 0.00010784308 8.876253e-05 2.8212708e-06 3.03402e-05 5.331263e-05
0.011204024 0.18559633 0.7546697 0.9755998 0.1741368 0.83038 0.94246536 0.049786393 0.042154856 0.09984241 0.6714414 4.095986e-15 0.97139174 0.7030648 0.26492122 0.13042222 0.93397063 0.74045515 0.18566714 0.038945563 0.31777078 0.23384534 0.05767551 0.0065469146 0.058638126 0.061265443 0.03320789 0.048778452 0.03838393 0.0052059917 0.04368014 0.004779499 0.004402638 0.002245961 9.218556e-05 0.0006255008 1.7905446e-05 5.2181367e-06 6.329027e-05 2.1086205e-05 0.00039190333 3.5372e-07 0.00013577487 0.00019090255 1.2944755e-05 4.8580528e-06 6.195293e-07 1.6770836e-06 1.0926679e-05 1.1473165e-05 1.8403135e-07 1.532024e-06 3.4007955e-06 0.0001566482 6.1345774e-05 1.2128083e-06 2.215312e-05 6.619297e-07 3.5742346e-06 2.0707697e-08 7.560509e-06 1.6040913e-05 2.2185054e-06 7.104348e-07 2.131885e-06 3.295573e-06 9.803897e-07 2.6347504e-07 9.4513166e-07 2.5424293e-07 1.2179447e-05 8.0109885e-06 9.43796e-07 1.6058136e-08 3.7507252e-07 5.870424e-06 3.639787e-06 9.1763127e-07 5.385802e-06 3.7718426e-05 5.9860844e-07 1.0082317e-05 1.1382615e-06 1.1804411e-05 5.4495113e-06 1.1778411e-05 3.691958e-06 1.6211928e-07 3.072783e-05 1.49031575e-05 0.0003085535 7.5588373e-06 6.683076e-05 5.593921e-06 1.9129802e-06 2.1506576e-06 5.7119785e-05 9.595216e-06 1.9320885e-06 1.1673818e-05 7.69611e-06
0.009103028 0.4875341 0.485023 0.58581775 0.3029948 0.7071226 0.5757712 0.252798 0.47377467 0.15490949 0.42503667 0.97139174 3.1147966e-11 0.97328436 0.6514662 0.5046772 0.96798486 0.027609726 0.25157827 0.030888828 0.09953706 0.0057538366 0.07897446 8.4196065e-05 0.07548802 0.07763758 0.059715405 0.06938868 0.02169468 0.0001679755 0.0025823906 0.010324245 0.0138643915 0.0021270951 3.3039076e-05 2.3688875e-05 0.00046447892 3.0774709e-06 2.8095816e-05 5.1038987e-06 1.3050016e-05 2.2160832e-07 0.00019469822 0.0005856213 2.2335644e-05 7.2477333e-06 3.9901596e-07 9.876936e-07 5.144555e-05 2.7683202e-06 8.0189795e-07 1.1816033e-07 6.134429e-06 0.00025672608 0.00020282845 1.6155455e-07 1.7350658e-06 7.465029e-07 1.0041014e-06 2.6770851e-06 1.7467154e-06 0.0003386807 9.901051e-07 5.3495182e-06 1.0523535e-06 7.500453e-07 5.2959024e-07 1.2771112e-07 5.6892804e-07 3.9805593e-07 6.7643574e-05 6.166934e-05 3.7267722e-07 6.8773794e-08 1.7482793e-07 6.49329e-06 7.661713e-06 2.4425565e-06 6.7633504e-05 4.87249e-05 7.271886e-07 4.6246954e-05 3.5470268e-07 2.5422742e-05 4.68319e-06 0.0003004224 0.0005202225 1.8718399e-07 8.505135e-05 0.0015082925 0.00018176761 3.8520906e-05 0.00022972123 8.905123e-07 0.00031339726 1.1201806e-06 9.957991e-05 7.383733e-05 2.860795e-06 5.203956e-07 3.9975947e-07
0.003994817 0.22694601 0.0717748 0.2659178 0.043304317 0.5070509 0.29720995 0.090662464 0.41054663 0.01759436 0.045142826 0.7030648 0.97328436 1.2794404e-13 0.8934603 0.89682126 0.8659764 0.001987234 0.45374072 0.044700347 0.065970205 0.00032718483 0.0046356535 2.4047959e-06 0.007680219 0.0054152207 0.00034522061 0.0049967417 0.00046234543 2.9197463e-06 0.00039981707 0.00020080448 0.00079094426 4.0530094e-06 7.5240195e-08 5.8879925e-07 1.3116368e-05 5.2612324e-07 6.639474e-06 1.7144222e-07 1.1456895e-07 7.27744e-08 2.5189888e-06 1.8367124e-05 4.5447277e-07 4.3791331e-07 1.35606895e-08 1.9032228e-08 9.235826e-06 6.0736895e-08 4.386328e-08 8.888144e-09 7.077953e-07 7.4545324e-06 7.659938e-06 2.3085773e-08 6.237727e-08 5.9070555e-08 5.0583676e-08 2.0368152e-08 4.6264482e-08 3.022844e-06 2.3581457e-08 6.2763905e-07 5.1385253e-08 2.00121e-08 1.5610818e-08 2.6795741e-09 4.84379e-08 2.3816416e-08 3.0866913e-06 3.5293374e-06 5.633518e-09 2.7871467e-08 4.0114303e-09 4.9162725e-07 2.7636446e-07 1.0599337e-06 1.1480159e-05 1.1978907e-05 5.6590665e-08 7.579398e-07 1.7763078e-08 1.035491e-06 1.8535759e-06 9.042504e-05 0.0005538547 1.6870564e-08 1.0239313e-05 0.0013109621 5.8557154e-05 6.220149e-06 0.00018433815 1.1794036e-07 0.00010305956 9.1854496e-08 1.4932409e-05 1.5171299e-06 4.7381022e-07 3.6410523e-07 6.1452376e-08
0.00014720917 0.06840571 0.004379497 0.03711888 0.00389797 0.21623884 0.04839587 0.037440777 0.29802835 0.0018864321 0.0011300452 0.26492122 0.6514662 0.8934603 7.762852e-17 0.9950649 0.7085298 4.0162508e-05 0.05533705 0.0014050595 0.0010375031 3.676486e-09 0.0006819283 1.3058487e-08 0.000381163 0.00041857874 1.526007e-05 0.0007850205 5.540317e-05 2.8145235e-09 5.1409916e-06 6.660502e-05 0.0017035306 2.2623544e-06 5.4494066e-08 3.5484985e-07 2.1870112e-05 3.211145e-08 1.8351682e-05 1.6237296e-08 5.8578568e-08 9.290423e-07 8.6379424e-07 1.5958751e-06 8.073588e-08 3.1828898e-07 6.4526673e-09 3.15145e-09 2.06446e-06 1.5375038e-08 3.190711e-08 9.791801e-08 2.7801544e-08 2.4738742e-06 1.319088e-07 8.7142297e-07 1.8803144e-08 9.245999e-09 5.2598783e-09 2.7892781e-09 1.0327531e-08 8.737389e-07 8.141967e-09 3.5525485e-07 1.9074458e-08 6.8548505e-09 1.2838218e-08 3.3236267e-09 9.785131e-09 2.2140214e-09 3.8283366e-07 6.96499e-09 2.8761398e-09 2.4774593e-07 3.0690603e-09 3.2016843e-08 5.5000906e-09 8.232512e-06 2.7520917e-08 3.3040347e-08 4.4082775e-08 5.2598807e-08 5.229667e-09 6.646158e-08 9.91234e-09 6.713681e-07 2.5993973e-05 1.4517193e-09 4.6094577e-08 3.7202597e-05 2.1462723e-08 3.223621e-08 7.107665e-08 2.0646171e-08 1.542579e-05 5.161804e-09 2.1826145e-07 7.171941e-08 3.7492962e-10 5.8854855e-08 2.23436e-08
6.493318e-05 0.030359419 0.0010431733 0.011006532 0.002059642 0.19386207 0.038984377 0.012029975 0.32951984 0.0008055316 0.00022401488 0.13042222 0.5046772 0.89682126 0.9950649 1.914943e-13 0.60336065 7.12238e-05 0.61079 0.022607144 0.0039772266 1.4409969e-06 0.0002705593 1.0716084e-07 0.00020859088 0.00026829433 2.5167232e-05 0.00054720923 2.2872362e-05 1.5791008e-08 0.0006737227 5.9462116e-05 0.0013866673 3.683138e-06 1.449795e-07 8.346415e-07 6.4337175e-05 1.1949002e-07 4.4072498e-05 6.539289e-08 2.1241638e-07 1.3301028e-06 7.5589082e-06 5.3238678e-06 1.8800804e-07 4.7822226e-07 1.5886404e-07 5.8787204e-08 5.1548955e-06 1.0154613e-07 1.0276115e-07 7.1806227e-07 8.2981714e-08 5.297539e-05 8.4289894e-07 1.7611977e-06 2.6354135e-07 5.6017733e-08 2.881083e-08 2.268161e-08 1.9139728e-08 1.8720919e-05 2.4251158e-08 4.8786487e-06 2.0490123e-07 5.121734e-08 2.9071694e-07 5.493132e-08 1.18131425e-08 4.564739e-09 3.4551472e-06 6.1972045e-08 2.2656103e-08 3.3583473e-07 4.314667e-09 2.2268817e-07 5.4601653e-08 2.1076174e-05 1.6160156e-07 3.82857e-07 1.06945016e-07 3.0835005e-07 2.3779329e-08 1.3422587e-07 1.1591459e-07 1.6629687e-05 8.2165854e-05 2.3353358e-08 2.677158e-07 0.00018061815 3.448667e-07 3.0256834e-07 1.4279121e-06 4.167015e-08 5.463892e-05 6.226636e-08 4.530873e-06 7.5561616e-08 2.7784088e-09 1.0339594e-08 9.80976e-09
0.0035458484 0.11009915 0.14235106 0.48221648 0.029128877 0.44238272 0.4067356 0.04740757 0.28508493 0.021179106 0.20683526 0.93397063 0.96798486 0.8659764 0.7085298 0.60336065 5.7700063e-13 0.13206613 0.9042526 0.513393 0.93665993 0.67663187 0.0029953213 8.01755e-05 0.003050479 0.0040515815 0.0015339437 0.0063747196 0.0014952474 0.00011446308 0.042567812 0.0007841951 0.0009549627 4.7459078e-05 2.3399998e-06 1.9384257e-05 0.00017581215 1.0990839e-05 4.06493e-05 7.9114494e-07 1.8936348e-06 2.152575e-07 3.2629985e-06 2.487106e-05 8.003726e-06 1.3889223e-06 1.0618828e-07 1.6775627e-07 3.8196937e-05 6.898074e-07 7.600309e-07 2.0469966e-07 1.0325223e-05 1.7145514e-05 9.69339e-06 6.496997e-07 4.781721e-07 1.4852469e-06 2.0122633e-07 4.4752196e-07 9.689766e-08 1.3431116e-05 2.7758057e-07 1.0964054e-06 9.4313907e-07 4.085368e-07 2.4690598e-07 5.6317592e-08 2.9528945e-07 4.449348e-06 4.382511e-06 3.668973e-05 2.7506212e-07 2.4491667e-08 5.0660052e-08 5.555358e-07 8.336969e-06 9.3822575e-07 1.2368226e-05 1.2437029e-05 3.0608092e-07 3.8738017e-06 3.1835728e-07 6.6553935e-06 7.871021e-07 7.3315737e-06 8.648617e-05 3.504369e-07 1.5674601e-05 0.00021467682 0.0011831805 4.6519326e-06 0.00015000299 2.6090174e-06 4.7063528e-05 2.143967e-06 2.8283655e-05 2.917329e-05 1.8065966e-06 4.3370065e-07 1.1059398e-06
0.0024552345 0.00030657861 0.123483196 0.16558273 0.0017657428 0.014065022 0.041529823 0.0010856097 9.724774e-05 0.007385924 0.80208063 0.74045515 0.027609726 0.001987234 4.0162508e-05 7.12238e-05 0.13206613 1.06225236e-13 0.0005131462 0.00042790864 0.04546497 0.923875 0.0056502176 0.32745793 0.00082298595 0.0006233175 0.01191168 0.00023120809 0.002126357 0.94667363 0.23487431 0.0009234253 2.3091457e-06 6.7187924e-05 6.947742e-07 0.00069090916 4.6287855e-07 2.9397306e-05 2.377897e-06 8.616806e-07 9.111152e-06 1.1939769e-08 1.5284844e-07 4.1667377e-06 4.5589832e-07 7.061209e-08 1.2928038e-07 5.4688158e-08 2.1214953e-07 3.6918415e-08 1.3692878e-08 4.9949445e-09 6.8918766e-08 1.5667375e-06 1.3140568e-07 2.745259e-09 4.656737e-07 3.7908194e-08 1.0089045e-08 1.9258852e-08 1.32545415e-08 6.464321e-07 1.3565889e-08 1.2414591e-08 3.309819e-08 8.814171e-08 1.77151e-08 8.748394e-09 9.234632e-09 5.702978e-06 2.5668077e-08 4.0482016e-07 1.0601277e-08 1.2178052e-11 1.2570152e-09 3.862027e-08 3.7087943e-08 5.4858105e-09 1.08091584e-07 1.504212e-07 2.0656008e-09 3.4337592e-08 1.4933782e-08 1.2593627e-08 3.5559122e-08 4.7676934e-08 2.7973405e-08 6.3064256e-09 6.807223e-07 2.550645e-07 1.4626631e-05 5.0524473e-08 8.361652e-06 7.4431415e-07 1.7378824e-08 1.9854435e-08 6.783614e-07 4.116782e-07 6.274188e-09 3.0612148e-07 3.8915806e-07
2.411455e-05 0.0014821751 0.0004907796 0.006025827 0.00019789879 0.031489916 0.014640373 0.0010785831 0.010683555 0.00016799058 0.00046306467 0.18566714 0.25157827 0.45374072 0.05533705 0.61079 0.9042526 0.0005131462 3.9948344e-15 0.9986309 0.38152844 9.474782e-05 1.6567665e-05 1.21303385e-08 3.4887e-05 0.00014127955 8.484351e-06 0.00041966533 1.9270181e-05 5.6282876e-09 0.022176273 6.1468825e-05 0.00014899201 1.3744308e-06 5.422427e-07 1.5242216e-06 1.7136425e-05 5.871703e-07 1.11610125e-05 1.2443561e-06 7.819912e-07 8.3182135e-07 1.3313706e-06 9.361316e-07 2.3185705e-06 3.506692e-07 2.2870333e-07 2.3070865e-07 8.572157e-06 1.8363882e-07 3.683143e-07 1.0592476e-06 5.2432557e-07 4.7741732e-06 5.3052435e-07 3.850219e-06 3.4569715e-07 5.786291e-07 6.6347454e-08 3.7083294e-07 4.060987e-08 6.0682705e-06 5.6386167e-08 2.5125373e-06 4.654362e-07 1.8968238e-07 6.7936105e-07 7.082278e-08 5.0273098e-08 1.773346e-08 1.7238978e-06 1.6091735e-07 6.138303e-08 2.2739843e-07 1.89131e-08 5.5127384e-08 3.241908e-07 2.4005249e-06 7.5971315e-08 1.7791402e-07 1.1783681e-07 2.1811476e-07 7.512677e-08 1.3777596e-07 7.349053e-08 1.9891772e-06 4.0992505e-05 4.081651e-08 1.5175647e-07 4.4056822e-05 3.5983243e-07 3.707686e-07 4.4238095e-06 2.1039412e-08 8.0247455e-06 1.0597583e-07 3.8394023e-06 2.2047516e-08 3.90998e-09 7.1636803e-09 1.2423592e-08
1.5519268e-05 0.00022939176 0.00020770791 0.001700354 3.9229522e-05 0.0069926456 0.0038442025 0.00016763688 0.0008721144 6.416977e-05 0.0004427351 0.038945563 0.030888828 0.044700347 0.0014050595 0.022607144 0.513393 0.00042790864 0.9986309 3.8098335e-15 0.9780705 0.0012672168 6.115859e-06 2.2479544e-07 3.224139e-05 8.4260566e-05 1.8769651e-05 0.00035060474 3.527273e-05 3.066056e-07 0.074513115 0.00014534657 9.8408986e-05 4.978901e-06 1.0259699e-06 1.7459611e-06 6.018762e-06 4.580302e-07 2.1494682e-06 3.4753404e-07 1.166946e-06 2.0344632e-07 6.1377904e-07 1.4874967e-06 1.949204e-06 1.3944349e-07 1.9795569e-07 3.1516905e-07 7.928175e-06 2.0469186e-07 1.6201604e-07 2.0050355e-07 1.4321358e-06 1.0150673e-05 5.821971e-07 6.58108e-08 9.3921136e-07 6.560048e-07 2.1241921e-07 3.5174807e-07 2.9414244e-07 8.210686e-07 1.5307424e-07 1.5822438e-06 4.4400795e-07 3.2524866e-07 1.1793006e-06 2.111923e-07 1.0667956e-07 6.31477e-08 1.5668105e-06 1.2087652e-07 1.468948e-07 1.8750926e-08 5.973564e-08 4.2174296e-08 9.562361e-07 3.0292432e-07 3.831746e-08 3.5950862e-07 1.6571032e-07 1.0235076e-07 1.7668475e-07 3.497461e-07 1.0024026e-07 4.762034e-07 1.6096477e-05 3.2860477e-08 2.9095438e-07 1.7258446e-05 5.263225e-07 4.2089297e-07 6.747608e-06 3.9590454e-08 1.4758383e-07 1.7977273e-07 2.3532236e-06 4.4193897e-08 3.9716443e-09 3.60947e-09 1.7315793e-08
0.00018062348 0.000597158 0.0018192275 0.013004267 0.00011998969 0.01852568 0.015580583 0.00022867773 0.0019687207 0.00028780272 0.003770886 0.31777078 0.09953706 0.065970205 0.0010375031 0.0039772266 0.93665993 0.04546497 0.38152844 0.9780705 3.539906e-13 0.826119 1.8493198e-05 1.4596998e-06 6.8155896e-05 0.00013322457 1.759706e-05 0.0005924993 1.8585066e-05 1.8758134e-06 0.8406146 0.00021623763 1.6173015e-05 4.5915906e-05 2.8713946e-06 2.132254e-05 5.2931e-05 8.729032e-06 3.6408168e-05 1.1729797e-05 3.4105453e-06 7.7885414e-07 1.1758708e-06 4.8856186e-06 1.5761692e-05 1.727189e-06 9.263055e-08 7.263974e-08 0.0001420674 2.2028529e-07 6.8496465e-06 6.4184974e-08 3.4022682e-06 2.4594374e-06 5.381253e-06 1.0544838e-07 2.8339056e-07 3.5805733e-06 7.2518056e-08 2.555226e-06 2.0189765e-08 2.389452e-06 7.847865e-08 5.0386836e-07 2.9063048e-07 2.0607312e-07 1.7759734e-07 2.854946e-08 9.866807e-07 3.0887438e-06 1.3225552e-06 8.180935e-06 1.400917e-07 5.8622387e-08 4.455658e-08 1.6049236e-07 3.021952e-07 4.402864e-07 8.538407e-07 1.9088488e-06 1.2221287e-07 1.9959715e-07 1.7502146e-07 1.3785285e-07 1.449539e-07 3.7658253e-07 7.3926776e-06 1.2400847e-07 2.6865496e-07 3.8644535e-05 1.658259e-05 9.743284e-07 5.1813004e-05 9.953205e-07 5.1351924e-07 1.2126695e-06 3.9746437e-06 7.4603463e-07 6.583403e-08 4.420299e-07 7.202756e-07
0.000104989354 1.6579464e-06 5.6342393e-05 0.0002583409 5.942994e-06 7.2486226e-05 0.00039727494 2.8631902e-07 4.730077e-06 5.2447762e-05 0.0010799052 0.23384534 0.0057538366 0.00032718483 3.676486e-09 1.4409969e-06 0.67663187 0.923875 9.474782e-05 0.0012672168 0.826119 2.5175953e-25 4.573938e-05 9.131494e-07 4.3905828e-05 3.5311572e-05 9.0883805e-06 8.149161e-05 8.773464e-06 0.0001608527 0.68954825 6.409026e-05 1.9257182e-06 6.569709e-07 1.195021e-07 5.1102957e-09 1.2544248e-07 3.1492264e-09 4.3685773e-08 8.927324e-09 3.590219e-08 2.4941957e-09 9.659221e-07 6.3785257e-07 1.2983118e-07 1.4667411e-08 1.2455e-07 2.2838805e-08 1.3836592e-08 1.7577344e-08 1.6012168e-08 2.7482243e-09 1.03322265e-07 3.5850582e-07 2.3111618e-06 4.1067545e-09 1.2984282e-07 1.7902943e-08 3.0146246e-08 1.8816469e-10 8.258571e-08 1.5000576e-07 2.6756636e-08 1.3070048e-08 2.3119219e-08 2.3779286e-08 8.4745984e-08 4.271052e-08 3.895979e-08 1.7373569e-10 1.268932e-07 6.64935e-07 1.0165692e-08 1.8385505e-09 4.8664943e-09 4.1249148e-08 8.418438e-08 3.6086787e-09 5.2237578e-08 4.1164012e-07 2.5741569e-08 9.475544e-08 7.401891e-08 4.146916e-08 1.09349045e-07 4.8120487e-08 1.283994e-07 2.388242e-08 6.139614e-08 1.46860835e-08 1.7010754e-07 1.733096e-08 2.5556597e-08 3.45848e-08 1.9650717e-09 1.302093e-08 1.02433376e-07 3.214496e-07 4.8368615e-10 3.6796426e-09 8.472606e-09
0.8485908 0.033581283 0.16025062 0.050991923 0.6102061 0.017802428 0.0094874725 0.29823554 0.019852791 0.8644481 0.9146 0.05767551 0.07897446 0.0046356535 0.0006819283 0.0002705593 0.0029953213 0.0056502176 1.6567665e-05 6.115859e-06 1.8493198e-05 4.573938e-05 7.880063e-13 0.28278324 0.85449696 0.5532859 0.87512255 0.1090799 0.58064055 2.300524e-05 1.3027936e-06 0.9174244 0.004765551 0.6590718 0.46487823 0.02223452 0.000330036 4.7173085e-05 0.0008657956 0.0045240447 0.0045325696 4.7548194e-05 0.031987883 0.030729167 0.00012339756 9.2281174e-05 0.0012876065 0.0003115176 2.85363e-05 6.2693915e-05 7.2598887e-06 2.916136e-05 1.3377156e-05 0.00095798366 0.0065726545 1.1357853e-05 0.013432897 2.7140215e-05 0.0012854557 1.0836351e-06 0.002520702 0.0005468214 0.00027881787 0.000113446535 0.0002910536 0.00021746769 2.1690814e-05 6.7827415e-05 2.9554809e-05 4.428635e-06 0.0027312494 0.0019484219 5.9170757e-06 8.170877e-06 7.3634095e-07 0.0011068119 6.273172e-05 2.777401e-06 0.00046270646 0.00063782674 2.2073793e-06 9.5275165e-05 1.7261806e-05 5.266356e-06 0.00056412397 0.00011328696 0.00049063336 4.778979e-06 0.00039713815 0.00032770072 2.2989918e-06 0.00019025627 0.0014276624 4.279882e-05 0.00029532143 9.253793e-06 0.00030947532 9.255307e-07 1.1775215e-06 2.0919759e-05 1.4297948e-05
0.2433417 9.136106e-06 0.012036636 0.0037244135 0.0007368893 0.00020683047 0.00077508594 1.5495503e-05 2.2387349e-06 0.0042878776 0.5589951 0.0065469146 8.4196065e-05 2.4047959e-06 1.3058487e-08 1.0716084e-07 8.01755e-05 0.32745793 1.21303385e-08 2.2479544e-07 1.4596998e-06 9.131494e-07 0.28278324 4.6221693e-16 0.025953496 0.0160027 0.90010196 0.0015439582 0.65976083 0.9744052 0.0009900788 0.14600368 0.00027073067 0.028286934 0.005081003 0.6800301 5.887636e-06 0.024260264 4.610458e-07 0.0013469264 0.021859964 2.6500654e-08 0.0027852035 0.003679389 0.0014587946 1.5946071e-07 0.009608585 0.004163729 0.00046242875 2.706766e-07 4.02482e-05 2.921873e-07 0.0007420773 0.002089116 0.0031228727 5.8235337e-08 0.028863685 0.00042780925 0.0012194669 0.00082847977 0.0017173409 0.0014708337 7.030317e-05 3.542869e-05 1.8891695e-05 0.00054115005 3.8809143e-05 2.9199262e-05 2.6479636e-06 0.00047450347 0.0014480456 0.004180047 2.0003458e-06 1.13386434e-07 3.962523e-07 5.465698e-06 7.52421e-05 7.955586e-06 0.00015198207 0.00052245654 4.7009767e-06 4.5560017e-05 5.373422e-06 4.757075e-06 5.3173726e-06 0.00016281677 4.8896854e-05 1.0072832e-05 2.25787e-05 9.833656e-05 0.00010460527 2.1036774e-05 6.596378e-05 0.00018971616 0.0009876847 8.358144e-06 0.0005436094 0.005000398 6.4005486e-05 1.7234303e-05 6.71746e-05
0.9068682 0.076346956 0.11620601 0.048974272 0.7628952 0.030017685 0.011311385 0.44589755 0.04432044 0.8856157 0.5420676 0.058638126 0.07548802 0.007680219 0.000381163 0.00020859088 0.003050479 0.00082298595 3.4887e-05 3.224139e-05 6.8155896e-05 4.3905828e-05 0.85449696 0.025953496 1.0876343e-12 0.92679065 0.21370763 0.5365588 0.031775393 3.41049e-06 7.051062e-06 0.84462374 0.058210813 0.21975388 0.052524254 0.00072386855 0.004790844 1.4946336e-06 0.0020556722 0.0006908895 0.00017787458 0.00023658545 0.05566782 0.047795217 7.328561e-06 0.00041488133 0.00012967421 2.0431256e-05 6.655298e-06 0.00034680997 3.7433782e-07 0.00011480154 1.4878569e-06 0.0022328768 0.009405362 5.7772264e-05 0.0017473429 2.1788744e-06 0.00015480859 7.196401e-08 0.00032083815 0.0014371044 3.3472745e-05 0.0003010821 3.7356578e-05 6.910812e-06 2.4334122e-06 3.2545483e-06 7.383349e-06 1.5997044e-06 0.0028834294 0.0017212745 4.3150538e-07 8.628894e-05 1.2983513e-07 0.0013573571 2.51773e-06 1.3361296e-05 0.00037102023 0.00042998223 6.6703535e-07 7.768676e-05 2.1355168e-06 2.2384402e-06 0.00042364694 0.00061381364 0.0008336679 1.8341495e-07 0.00025025438 0.00090541353 7.526341e-07 5.5913744e-05 0.0010315854 1.160222e-05 0.00055450876 1.6469012e-06 0.0001248538 3.9460485e-08 1.3983754e-07 4.656207e-06 2.3131108e-06
0.97837645 0.060845535 0.08281966 0.035414364 0.64511114 0.027717516 0.010364327 0.46593451 0.08419207 0.7957866 0.40361124 0.061265443 0.07763758 0.0054152207 0.00041857874 0.00026829433 0.0040515815 0.0006233175 0.00014127955 8.4260566e-05 0.00013322457 3.5311572e-05 0.5532859 0.0160027 0.92679065 3.5508066e-13 0.049846973 0.83409476 0.0077482723 3.3327478e-06 4.398797e-05 0.89895564 0.22010903 0.3240893 0.03471195 0.00030449987 0.03396183 1.4381524e-06 0.010649671 0.00070911995 8.4706844e-05 0.0013018852 0.17767711 0.13658224 2.4858075e-06 0.0010301687 0.00012721946 1.1148598e-05 3.0034248e-06 0.000912329 1.2060086e-07 0.00027821865 1.4017784e-06 0.008886702 0.031057084 0.00021824973 0.0014625906 6.842429e-07 0.00020477847 7.122117e-08 0.0003604187 0.0039228797 2.418793e-05 0.00048209672 6.362912e-05 4.4274225e-06 1.7154371e-06 1.0869201e-06 2.1181186e-06 1.4089406e-06 0.010711346 0.005501959 1.4629617e-07 0.00026860333 4.2059504e-08 0.0057799933 7.2587903e-07 3.631357e-05 0.0011808228 0.00146552 3.5122076e-07 0.000162898 8.491665e-07 3.934942e-07 0.0009397615 0.0043308856 0.0019689202 9.931744e-08 0.00024660493 0.0018094159 7.2794495e-07 4.5142613e-05 0.0011600439 7.902005e-06 0.0017631835 8.4504154e-07 8.243586e-05 1.2027837e-08 8.2795005e-08 1.3266797e-06 7.02016e-07
0.7016948 0.0111167915 0.061011694 0.02152483 0.09838464 0.009605347 0.0047147674 0.01566521 0.0007621602 0.35053378 0.80388904 0.03320789 0.059715405 0.00034522061 1.526007e-05 2.5167232e-05 0.0015339437 0.01191168 8.484351e-06 1.8769651e-05 1.759706e-05 9.0883805e-06 0.87512255 0.90010196 0.21370763 0.049846973 3.7322718e-14 0.0020344034 0.96267474 0.0005645909 1.3142983e-06 0.42512777 0.00045982428 0.48588142 0.6313564 0.79724324 1.3900257e-05 0.014100511 0.0002704164 0.07182664 0.1899917 3.0956817e-05 0.00983195 0.004023512 0.0009456593 3.0149338e-05 0.009396455 0.002443356 0.0004352997 2.1104674e-05 0.00015247783 2.2748085e-05 0.00018131263 0.00067721383 0.002171469 2.865471e-05 0.025488235 0.00063476566 0.0042477385 0.00034445815 0.006095288 6.041187e-05 0.0013093967 4.5477147e-05 0.00083359 0.0007528639 0.00022937775 0.00033593946 0.00036942612 5.6915167e-05 0.00051058806 0.0012970205 0.0001506938 6.2947724e-06 2.4521902e-05 0.00031853237 0.00054888416 2.8357995e-06 0.00034326562 0.001024587 2.1424354e-05 0.00015236752 8.4928644e-05 2.8764396e-05 0.0007283206 4.9674494e-05 0.00031246615 0.000101710655 0.00033235244 0.00017824119 1.136377e-05 0.00022277453 0.00091817894 0.0005002685 7.257193e-05 0.00010483667 0.00040769225 2.087876e-05 1.045748e-05 0.00039304214 0.00018622579
0.98517793 0.12241223 0.1044191 0.03842243 0.6168079 0.03317198 0.008542235 0.78996694 0.26799563 0.7392042 0.2902674 0.048778452 0.06938868 0.0049967417 0.0007850205 0.00054720923 0.0063747196 0.00023120809 0.00041966533 0.00035060474 0.0005924993 8.149161e-05 0.1090799 0.0015439582 0.5365588 0.83409476 0.0020344034 2.9348262e-12 0.00023913395 8.614583e-06 0.00014045337 0.4428206 0.8269345 0.048187897 0.0014197832 1.6690987e-05 0.34810334 5.342291e-07 0.062241893 2.0072244e-05 1.354762e-06 0.009629602 0.36002296 0.39412734 2.52786e-07 0.0053551565 7.999895e-06 3.2923924e-07 7.5964255e-07 0.004405725 6.8036115e-08 0.00089410343 3.386876e-07 0.06292052 0.034165826 0.00050145737 0.00018932285 1.3047165e-07 2.504737e-05 8.313392e-09 5.6907244e-05 0.03235883 2.5047475e-06 0.0027147648 2.883235e-06 3.9318624e-07 2.753285e-07 1.987174e-07 4.562998e-07 1.2169317e-06 0.020650042 0.0030163273 1.0122873e-08 0.00075925 5.808079e-09 0.01502042 4.0322576e-07 0.00012831869 0.0010707673 0.0013068622 1.6929044e-07 0.00023194308 4.287223e-07 4.7818577e-07 0.0003781614 0.021891093 0.00880507 8.17887e-09 0.00022316599 0.009338797 4.3949146e-07 4.3853604e-05 0.0012158717 4.0768327e-07 0.015850797 3.0610104e-07 5.009949e-05 7.029005e-10 3.1508804e-08 1.5564474e-07 6.492224e-08
0.956164 0.004107081 0.035071503 0.0141102625 0.0632249 0.0062128725 0.0024068016 0.019093754 0.00092196994 0.19798905 0.4905403 0.03838393 0.02169468 0.00046234543 5.540317e-05 2.2872362e-05 0.0014952474 0.002126357 1.9270181e-05 3.527273e-05 1.8585066e-05 8.773464e-06 0.58064055 0.65976083 0.031775393 0.0077482723 0.96267474 0.00023913395 2.3244026e-13 3.2583295e-05 6.751798e-06 0.71605027 0.00015247044 0.6836351 0.86073196 0.37704557 4.129936e-05 0.00053052796 0.00015644352 0.16874096 0.40308928 3.1475214e-05 0.02074301 0.007838569 0.0008664167 3.4646717e-05 0.030992841 0.005483139 0.00022386601 3.886563e-05 0.00012864386 1.9559888e-05 6.350441e-05 0.00036799957 0.0069849966 8.429429e-06 0.07081132 0.00015620574 0.007859628 8.6046035e-05 0.013255948 0.00013989965 0.0006298478 3.2186374e-05 0.0012153499 0.0006680903 0.0001395565 0.00015563874 0.00018114671 1.60209e-05 0.0013821275 0.004683038 4.399712e-05 3.2578573e-05 9.057914e-06 0.00048093518 0.00029375547 3.4537422e-07 0.0007654136 0.001899372 2.4169392e-05 0.00043099708 5.5598797e-05 1.6228156e-05 0.00097088906 0.00024072673 0.00029586014 7.303747e-05 0.0015978048 0.00056878733 3.889679e-06 0.00025258542 0.0016210616 0.00057067734 3.739368e-05 3.5400994e-05 0.0005420804 3.7062084e-05 1.0678196e-05 0.00016019456 0.000101491096
0.0006253842 6.585465e-07 0.00013312628 0.00028279648 3.403011e-06 5.960627e-05 0.00019242644 3.2949096e-08 1.07730976e-07 0.00010353349 0.026668081 0.0052059917 0.0001679755 2.9197463e-06 2.8145235e-09 1.5791008e-08 0.00011446308 0.94667363 5.6282876e-09 3.066056e-07 1.8758134e-06 0.0001608527 2.300524e-05 0.9744052 3.41049e-06 3.3327478e-06 0.0005645909 8.614583e-06 3.2583295e-05 6.37437e-19 0.5956049 3.2055843e-05 8.084502e-07 1.0645842e-05 2.4344638e-06 0.0016872528 2.59162e-07 0.0003691208 3.6867098e-09 5.1516663e-06 1.995886e-05 3.062054e-10 5.943685e-06 7.8970663e-07 1.0374526e-07 1.8773392e-09 1.0216036e-06 4.8067648e-08 1.3727232e-07 9.116484e-09 3.3210985e-09 3.958636e-09 1.8396786e-07 5.607474e-07 5.97565e-06 4.7236015e-09 3.0409836e-05 2.3055028e-07 4.8821995e-08 2.117351e-06 5.4021335e-08 5.9966897e-07 4.725611e-09 9.4276814e-08 1.1307726e-07 5.7405476e-08 1.9047482e-08 4.677744e-08 7.591493e-09 2.495281e-05 1.2279216e-06 6.783783e-05 1.613486e-08 4.306462e-09 4.918152e-09 4.9311598e-06 5.736828e-07 6.6304373e-10 1.1058348e-05 7.5087014e-06 2.5457896e-07 1.0289162e-06 3.4161295e-07 1.3894775e-06 6.3041743e-06 2.392027e-07 2.2673947e-07 2.4426916e-08 2.0161453e-05 1.2117679e-06 9.699086e-06 2.5500225e-05 3.6030084e-05 1.6596003e-07 1.4939022e-08 3.3631082e-08 3.168616e-05 1.6021532e-06 8.996518e-07 2.9626628e-07 1.6028021e-07
