1.5707822e-20 0.75783765 0.6828535 0.76191485 0.61735183 0.84925574 0.7968198 0.90420496 0.92469287 0.88299304 0.7985263 0.19930746 0.20457858 0.79165477 0.86097777 0.4240546 0.058650497 0.053909704 0.83057636 0.9159441 0.9609242 0.14682217 0.92163223 0.9387534 0.8727048 0.07348725 0.9133476 0.07566618 0.97356975 0.9400669 0.011617712 0.7324522 0.9515403 0.977765 0.6971709 0.9961515 0.8608058 0.94395965 0.9812268 0.7400063 0.9204433 0.9384596 0.028153405 0.82849336 0.04310235 0.7052167 0.9828325 0.9867226 0.81660336 0.78099793 0.8888781 0.881976 0.83424884 0.9353649 0.9996818 0.97800046 0.00223468 0.9221399 0.999684 0.98279506 0.9918098 0.8637125 0.95430464 0.9239035 0.5675516 0.56738347 0.9288513 8.937368e-05 6.720209e-05 0.000101902406 0.41166687 0.85157377 0.00246288 6.592384e-05 0.9656983 6.874328e-05 0.7659148 0.045067187 0.99348736 0.38486448 0.16087818 0.9015668 0.46016926 0.9999474 0.62648594 0.006136621 0.8965132 0.22597207 1.3819522e-05 0.22120702 0.04404197 0.9983769 0.1636038 0.9952249 0.99721676 0.9910544 0.46890205 0.9999643 0.04136828 0.9850249 0.24228321
0.75783765 7.449741e-14 0.7911238 0.85539925 0.4191511 0.8874064 0.54317963 0.58813363 0.62010366 0.23246096 0.46518692 0.94437444 0.7919332 0.37451252 0.09447937 0.75361997 0.64781445 0.2314486 0.04495508 0.07054244 0.019245833 0.21795408 0.08595641 0.0069539547 0.012106881 0.11685078 0.0034804526 0.15321901 0.1259133 0.027117878 0.008412339 0.0025779787 0.007157765 0.019017858 0.00015684313 0.016602084 0.00019013417 0.0016438604 0.0008141242 0.0010262474 0.00018298946 0.00014570783 0.00605901 1.5240958e-05 0.0245827 2.4401977e-06 0.011790534 3.3576944e-05 2.88748e-05 1.0270986e-06 5.5910514e-06 8.2739e-07 1.233745e-06 1.5460453e-06 0.010309772 2.2247928e-05 0.00030947765 3.605438e-07 0.00041918736 4.234322e-05 8.435906e-07 7.234096e-06 1.2470338e-06 2.0124455e-07 1.8928511e-06 3.6567694e-06 3.9231276e-07 2.3663167e-06 2.2766295e-05 0.00016268267 3.598865e-08 3.0903334e-07 5.573664e-06 2.8639138e-07 4.2109555e-06 1.3476168e-06 3.5449468e-09 4.426052e-07 3.0307663e-05 1.5697307e-09 2.1092599e-09 4.407792e-07 6.652994e-08 0.0026818654 5.759337e-07 6.562035e-06 5.0445884e-05 2.3346288e-07 0.00014432073 3.9800636e-08 8.071761e-05 0.00014031588 1.129913e-06 7.299996e-06 1.0172166e-05 1.9177642e-06 2.4746646e-08 0.00071670266 1.5400464e-07 7.01391e-07 4.4747694e-08
0.6828535 0.7911238 8.123715e-15 0.94410974 0.9561961 0.31700468 0.80764055 0.70230573 0.5108231 0.73497856 0.15190609 0.14753485 0.38398537 0.018284695 0.014525547 0.049944893 0.117860205 0.01277621 0.0372597 0.020939905 0.01292118 0.011583344 0.0013422121 0.0010672694 0.04090785 0.005383222 0.0058300477 0.170284 0.24149229 0.13200869 0.0130170835 0.011817645 0.019073894 0.050392125 7.2303264e-05 0.016838508 0.00012751414 0.0017806749 0.003120189 0.0029936864 0.00012358977 0.0006903652 0.0046658646 1.3175844e-05 0.00041339867 3.1613793e-06 0.022854725 8.967925e-05 0.00027904744 6.9440493e-06 2.110687e-05 8.32032e-06 9.64153e-06 2.2651362e-05 0.0065145777 0.00010073568 0.00018778862 6.204103e-07 0.0004897321 0.00011993911 1.29206055e-05 0.00010847 8.6712835e-06 3.7208397e-06 1.276998e-05 0.0002403221 2.969974e-06 7.344611e-06 5.7012817e-06 5.9442123e-06 8.106204e-07 1.5781628e-06 5.325858e-06 1.4091019e-06 6.5165565e-05 3.7973255e-06 2.1933712e-07 1.492919e-05 0.00014024536 5.622982e-07 7.859223e-07 1.3373668e-06 3.5137914e-06 0.007469624 4.9574896e-06 1.35003065e-05 0.00014857117 7.0534185e-07 2.6954473e-05 3.5900496e-07 2.3971345e-06 0.0016079992 7.4343376e-07 3.9185703e-05 2.4607925e-05 6.2653155e-05 6.663547e-08 0.0007454643 1.4975062e-07 1.3430557e-06 7.024724e-08
0.76191485 0.85539925 0.94410974 5.956102e-15 0.47953716 0.89221615 0.254513 0.91508424 0.8952951 0.3180719 0.7278173 0.2280792 0.17591073 0.20398596 0.14679942 0.22159524 0.09693873 0.041773375 0.10234627 0.107442625 0.03079409 0.056133322 0.009036375 0.0049236794 0.010810108 0.026369413 0.0026676902 0.05171742 0.24977158 0.047971956 0.0026488279 0.005692071 0.0070878463 0.020199692 0.00013452223 0.028855242 0.00030336078 0.0035997385 0.0015365668 0.0012041825 0.0003333174 0.00024588584 0.0012506426 3.225326e-05 0.0024129688 6.801069e-06 0.019838884 0.00023408103 0.00011822926 1.7348679e-05 6.545008e-05 2.9035928e-05 2.7978489e-05 3.0786556e-05 0.012090391 0.0002850811 4.014826e-05 1.5495541e-06 0.0009716612 6.920662e-05 3.1871547e-05 2.1239128e-05 1.692593e-05 1.6967845e-06 8.871484e-06 9.919907e-05 5.823268e-06 5.296122e-06 3.0454573e-06 3.123562e-06 6.0667804e-07 3.553519e-06 3.307074e-06 1.3638818e-06 4.388209e-05 5.3555264e-06 8.135761e-08 4.7901717e-06 0.0001249012 8.511435e-08 3.7215403e-07 2.9770777e-06 4.4873957e-07 0.00538722 4.2881125e-06 3.0305033e-05 7.336396e-05 1.5441009e-07 1.8133345e-05 3.3130448e-07 3.4439258e-06 0.0010231861 1.6265612e-06 1.5206216e-05 6.859475e-05 2.0871532e-05 4.3824645e-08 0.0005991791 1.6856742e-07 1.0785018e-06 8.585671e-08
0.61735183 0.4191511 0.9561961 0.47953716 1.2022388e-14 0.04621845 0.9782366 0.31881893 0.12783207 0.8919286 0.024354322 0.050338633 0.22923656 0.0034227697 0.0028385592 0.009159243 0.05747508 0.0036896018 0.018694425 0.0073047676 0.010077912 0.0024249393 0.000342781 0.00040410724 0.18919942 0.00079814397 0.026721856 0.1240758 0.24984173 0.18001659 0.014131959 0.024912776 0.033324067 0.06937482 5.4546093e-05 0.01049812 8.1530634e-05 0.0010841333 0.0044481545 0.0049221674 7.6160984e-05 0.0006775989 0.008309691 1.6514474e-05 0.00017311715 4.1388716e-06 0.022672594 4.2835283e-05 0.00068717945 6.755908e-06 1.09533885e-05 2.9378484e-06 2.8010456e-06 1.5936252e-05 0.004767585 6.760107e-05 0.00034642883 1.357252e-07 0.00035367854 0.00022271824 2.9181651e-06 0.000114703704 2.484182e-06 6.846472e-06 1.6311058e-05 0.00031852783 7.247011e-07 7.029623e-06 9.892072e-06 5.4435013e-06 2.0374525e-06 2.032087e-06 6.6325697e-06 2.0933958e-06 9.3914954e-05 3.4869322e-06 2.8105958e-06 4.2023046e-05 0.00012511866 7.949378e-07 5.8334676e-06 1.0018211e-06 6.6776515e-06 0.0059982515 7.3864758e-06 5.9521544e-06 0.0003487103 4.3887948e-07 2.7585786e-05 3.415833e-07 5.9949884e-06 0.0012669618 3.2069008e-06 1.853517e-05 2.3107812e-05 0.0002390081 6.0901385e-08 0.00035478454 1.8312406e-08 8.3499344e-07 3.6631253e-08
0.84925574 0.8874064 0.31700468 0.89221615 0.04621845 4.1392124e-15 0.01182947 0.7216135 0.8974367 0.01633032 0.9545153 0.42590415 0.04910069 0.7740314 0.49081796 0.6500839 0.061646078 0.23063801 0.12019347 0.26304215 0.03940835 0.33924234 0.20626865 0.041106444 0.0012306621 0.16611384 0.0006242342 0.011421921 0.12177507 0.0073581357 0.00047553974 0.0010731124 0.0013436201 0.004318519 0.00035631043 0.022148898 0.00046881684 0.0046801385 0.000310739 0.00026246774 0.00048022042 4.5611272e-05 0.00047332523 2.8199403e-05 0.025767043 4.815712e-06 0.00813917 0.00019408924 7.3628657e-06 5.0088474e-06 2.8183893e-05 6.0777925e-06 7.2280105e-05 1.9019684e-05 0.0146827325 0.00013598922 1.1733186e-05 1.1307076e-06 0.0011375953 5.6302615e-06 9.3091685e-06 1.9007273e-06 8.443476e-06 3.937418e-08 2.1886197e-05 2.0852374e-05 3.2238365e-06 2.4260573e-06 3.1879738e-06 2.027039e-06 2.3876763e-07 1.1482825e-06 1.4136027e-06 1.780774e-06 6.5109934e-06 3.7740715e-06 4.5020854e-09 2.4087506e-06 1.2298477e-05 1.371732e-08 7.6382356e-08 1.1530781e-06 1.4881243e-07 0.0036134848 2.828542e-06 2.725634e-05 9.69497e-06 1.5736339e-07 9.633368e-06 1.6681882e-07 1.3100329e-05 0.000322218 5.7275133e-07 5.656037e-07 5.8693295e-05 1.902136e-06 1.8855758e-08 0.00085672986 2.2460216e-07 6.764762e-07 2.1168054e-08
0.7968198 0.54317963 0.80764055 0.254513 0.9782366 0.01182947 1.7899107e-13 0.18894763 0.07730484 0.9752913 0.006102247 0.073644385 0.5730815 0.00030048832 0.0002470802 0.012683491 0.13289768 0.0037417694 0.006620551 0.0022827366 0.003884412 0.0026381197 0.0005296637 0.00013773164 0.38584045 0.001574549 0.13719346 0.5124881 0.26460952 0.20030278 0.075337246 0.091494486 0.1290971 0.17182846 1.0597675e-05 0.00589324 1.9559255e-05 0.00039949937 0.017779903 0.016660865 1.7789078e-05 0.0025582411 0.114754036 1.0269126e-06 0.00045611188 4.7678415e-07 0.05574668 8.154755e-06 0.0019542028 5.5260745e-07 9.483568e-07 3.627096e-07 1.325135e-07 3.7562686e-06 0.0043901624 1.8565384e-05 0.0014749016 3.3838074e-08 0.00024000925 0.0008824586 1.4181531e-06 0.00014474693 3.4881606e-07 1.8127226e-05 2.7009899e-05 0.0011662397 7.5339706e-08 7.4590625e-06 1.2104056e-05 5.257975e-06 5.6518587e-07 1.6716074e-07 2.8915638e-05 2.3915677e-06 0.00011698444 3.3018619e-06 6.2853546e-06 6.533439e-05 0.00026330337 2.3837254e-06 1.1291144e-05 1.4102775e-07 2.1515243e-05 0.008359393 1.2590422e-06 2.9647417e-06 0.0004176369 1.4034704e-06 5.7593483e-05 1.3438495e-07 7.885771e-05 0.0019157354 1.8439704e-06 0.00013344825 1.3197827e-05 0.00027275077 7.2983426e-07 0.00043236447 1.5547347e-08 7.9257137e-07 1.4543335e-08
0.90420496 0.58813363 0.70230573 0.91508424 0.31881893 0.7216135 0.18894763 4.1833034e-18 0.9739749 0.44581112 0.72689724 0.09432359 0.045713082 0.21610868 0.3435212 0.09260027 0.02529808 0.021275334 0.44108307 0.3207474 0.14106658 0.03142558 0.025809998 0.011389859 0.010903156 0.015799409 0.002440807 0.0032052759 0.6545606 0.13949642 0.00060443854 0.0024356958 0.010311208 0.036180764 4.3153916e-05 0.11405996 0.00012660873 0.007366189 0.0013823214 0.0008115738 0.0001887699 5.834461e-05 0.00011361316 1.3675986e-05 0.0018846458 2.6549858e-06 0.03803685 0.00020582794 3.5419496e-05 2.8332365e-06 7.3290707e-06 5.1294217e-07 8.154568e-06 1.5073584e-05 0.030092554 0.00033699325 7.758795e-06 1.3872577e-07 0.0015301377 2.636011e-06 5.6076046e-06 4.2889567e-07 1.9236222e-06 3.726642e-08 1.8840176e-06 5.6993135e-06 1.1735362e-06 4.794433e-07 2.3800071e-06 3.759646e-07 2.605782e-08 1.3838157e-07 9.366361e-07 7.944853e-07 4.711241e-06 2.5373606e-06 2.8155922e-09 1.157972e-06 5.2757485e-05 1.9927533e-09 1.0037801e-07 3.0226838e-07 2.8621267e-08 0.020587731 4.0917507e-07 1.4378809e-06 5.886592e-06 3.0931094e-08 9.381367e-06 2.9744609e-08 2.2948363e-06 0.0039186003 1.5524152e-07 3.6646982e-06 0.0001992741 0.0005146955 6.0751e-09 0.0014103273 8.077068e-08 6.8549355e-07 2.9814927e-08
0.92469287 0.62010366 0.5108231 0.8952951 0.12783207 0.8974367 0.07730484 0.9739749 2.9021064e-16 0.13303551 0.90449405 0.15355773 0.03802888 0.4388934 0.5433622 0.22533658 0.030582327 0.06535596 0.44895318 0.4393127 0.14141665 0.08936913 0.1195754 0.046517476 0.0045245285 0.04209083 0.0014086888 0.0042752214 0.5361662 0.05725109 0.00062607374 0.0012948065 0.005225717 0.018037468 0.0004735383 0.11905366 0.00053523993 0.019446114 0.00090186094 0.0008964612 0.00047330966 0.00013020285 0.00024009167 4.4591543e-05 0.007012861 7.93764e-06 0.028532712 0.00042690936 2.530224e-05 9.280112e-06 1.9256842e-05 1.6141634e-06 0.00017120638 3.1358664e-05 0.037911072 0.0004395185 6.49547e-06 8.3300586e-07 0.00232644 4.4056046e-06 1.1615627e-05 1.7147763e-06 8.864321e-06 9.918889e-08 1.3089378e-05 1.3931138e-05 8.054823e-06 1.4770627e-06 5.038609e-06 7.14316e-07 1.4651008e-07 9.637856e-07 1.7004618e-06 2.3269192e-06 7.247748e-06 4.789395e-06 8.321974e-09 1.7814635e-06 2.8713828e-05 5.649422e-09 1.7263005e-07 1.6432723e-06 1.15708495e-07 0.013980529 4.03945e-06 5.780029e-06 5.0216468e-06 1.2450262e-07 8.641217e-06 8.2132985e-08 4.1596822e-06 0.0021841598 2.6989838e-07 7.4892955e-07 0.00040847412 0.00019392086 1.2324419e-08 0.0016045771 1.5945584e-07 1.6897841e-06 5.6105417e-08
0.88299304 0.23246096 0.73497856 0.3180719 0.8919286 0.01633032 0.9752913 0.44581112 0.13303551 4.2866076e-19 0.012586053 0.016422495 0.1121975 0.00039333123 0.0007528039 0.001075953 0.022266211 0.0023964378 0.029527934 0.0051845727 0.019624796 0.0005720535 2.8046104e-05 5.3313946e-05 0.80609417 0.00062748144 0.11793165 0.08310131 0.7762553 0.7327798 0.014159405 0.049937047 0.38844585 0.45197713 5.4279185e-06 0.037565 1.5016894e-05 0.0013391275 0.06373082 0.021296574 1.7705857e-05 0.001115763 0.002657091 1.5602945e-06 0.00023107031 3.5226972e-07 0.24103688 3.561752e-05 0.0010091742 3.0887955e-07 7.7084457e-07 2.5493318e-07 1.6229379e-07 2.9187856e-06 0.01709064 7.307627e-05 0.00017295033 2.8764266e-08 0.0004920459 0.00011970588 3.4122925e-06 4.4078173e-05 1.6920909e-07 1.0302889e-06 1.5384369e-06 0.00012064027 2.3980752e-07 2.3319287e-06 2.8283366e-06 5.843269e-07 7.432123e-08 2.1848014e-07 8.294723e-06 5.9635033e-07 0.00013804328 2.3318553e-06 1.9517758e-07 1.6142412e-05 0.00018311881 1.6245653e-07 3.4242696e-06 1.9455278e-07 6.748949e-07 0.045818776 1.2302148e-07 7.954303e-08 0.0002167141 8.919822e-08 1.88125e-05 2.678795e-07 6.2325894e-06 0.008421032 1.2404384e-07 0.00012576778 9.1633876e-05 0.002251262 3.226672e-08 0.0006285847 1.7785759e-08 1.5417532e-06 7.727664e-09
0.7985263 0.46518692 0.15190609 0.7278173 0.024354322 0.9545153 0.006102247 0.72689724 0.90449405 0.012586053 5.3654088e-17 0.11909395 0.007923509 0.91233647 0.91359967 0.24953742 0.009593076 0.05305949 0.53248787 0.5201944 0.1290307 0.09929369 0.26818818 0.1317638 0.0010212248 0.04068353 0.00028732853 0.001476156 0.20082636 0.017080374 9.8582575e-05 0.00096923683 0.0012207701 0.0035931843 0.002419964 0.08572305 0.0024803022 0.02767201 0.00026274726 0.00015840512 0.00089662324 8.389466e-06 1.11416475e-05 0.00023536276 0.009469056 4.468013e-05 0.0090158535 0.00079849147 3.389133e-06 4.6411977e-05 0.00013149928 2.4039833e-05 0.00031931314 7.896367e-05 0.04028655 0.00077188935 1.1205091e-05 1.9731683e-06 0.003332176 3.3083895e-06 3.845084e-05 3.2743688e-07 2.722283e-05 6.0105103e-09 2.7606287e-05 5.5001406e-06 1.42806275e-05 2.1740173e-06 1.4145628e-06 8.6995914e-07 4.619115e-07 2.727903e-06 1.0406725e-06 3.091262e-07 4.3919877e-06 4.653752e-06 2.4153326e-09 7.2170303e-07 2.1951457e-05 2.1719935e-09 2.3850964e-08 9.103265e-06 3.8136346e-08 0.007314579 3.948157e-06 8.6090025e-05 4.0225696e-06 3.2470208e-08 1.0036471e-05 2.7330472e-07 1.5709311e-06 0.0006378255 1.4080407e-06 2.6620756e-07 0.0005868135 1.1247788e-05 1.8278129e-09 0.0013361068 4.7529826e-07 4.2335487e-06 2.7410033e-07
0.19930746 0.94437444 0.14753485 0.2280792 0.050338633 0.42590415 0.073644385 0.09432359 0.15355773 0.016422495 0.11909395 2.5172749e-13 0.57445484 0.21350677 0.037651785 0.96086675 0.91488016 0.8816875 0.008120454 0.021331077 0.005996833 0.37454396 0.2174492 0.012656498 0.002074036 0.17530033 0.0015677083 0.040530927 0.01569199 0.002001785 0.0014672681 0.004083645 0.0007380991 0.0007436745 0.00044984787 0.0030858559 0.00028586134 0.0010349135 0.0002752415 9.6807555e-05 0.00012431487 3.1116855e-05 0.003436885 0.00012427873 0.05700638 3.5797355e-05 0.001504177 3.5961188e-05 3.8469323e-05 4.5752997e-05 2.81865e-05 7.819043e-06 6.120518e-05 1.2604088e-05 0.0023061552 5.277726e-05 0.00045470364 7.804873e-06 7.48549e-05 0.0001635354 6.305877e-06 6.228136e-05 1.8328803e-05 1.5047249e-06 0.00016619627 5.9970043e-05 7.1775394e-06 9.278776e-06 7.197195e-05 0.00048577154 6.3270622e-06 1.5507212e-05 7.187156e-06 1.4740907e-06 1.2237324e-05 2.0424036e-06 1.05997664e-07 5.786744e-05 4.9495273e-05 1.7180442e-07 6.6740955e-07 9.221673e-06 1.2136773e-06 0.00044819084 2.6664082e-05 0.00028366625 0.000104820676 2.7609101e-07 0.00029339513 4.2544357e-07 9.12527e-05 0.00021155346 6.24419e-06 3.5406513e-06 4.5726774e-05 2.9662417e-07 2.5197394e-07 0.00055041 9.0926153e-07 3.960704e-06 1.3697997e-06
0.20457858 0.7919332 0.38398537 0.17591073 0.22923656 0.04910069 0.5730815 0.045713082 0.03802888 0.1121975 0.007923509 0.57445484 4.3367938e-17 0.0025274144 0.00075509516 0.04070796 0.99348503 0.03742436 0.00239819 0.0010093637 0.0016684588 0.0030414073 0.0002592541 0.00029238622 0.085600935 0.0040108156 0.06953622 0.87888706 0.031487394 0.04045389 0.30226576 0.1774603 0.017719507 0.022612955 1.027741e-05 0.002133511 5.948568e-06 0.00012063371 0.00271488 0.007148862 3.633094e-06 0.0005404976 0.16977127 2.161101e-05 0.0026887502 6.2755557e-06 0.005847987 1.084005e-06 0.0046312166 2.5170125e-06 4.102236e-06 1.5466499e-06 4.3171676e-06 7.5740076e-07 0.0010223781 3.770384e-06 0.014100942 3.0854156e-07 4.4036242e-05 0.0005237546 5.511359e-07 0.00017974369 1.941281e-06 6.3864236e-06 1.2621812e-06 0.0002305924 7.120723e-07 0.00020634836 0.0010657712 0.0004866135 8.988015e-08 1.3622342e-07 0.0002639432 3.054712e-05 6.427965e-05 0.000112255795 2.1862165e-07 8.227002e-06 0.00011974687 2.869124e-07 6.263648e-07 5.0839833e-07 1.4255813e-06 0.0015196236 8.1253285e-07 1.8190693e-07 0.00035372764 7.5540726e-08 0.00020968204 1.8423954e-08 7.779455e-05 0.00053241063 3.8810864e-08 8.2671104e-05 2.8271059e-05 4.165351e-06 1.1723902e-07 0.00055370765 1.16038905e-07 5.9443546e-06 1.5519727e-07
0.79165477 0.37451252 0.018284695 0.20398596 0.0034227697 0.7740314 0.00030048832 0.21610868 0.4388934 0.00039333123 0.91233647 0.21350677 0.0025274144 9.599276e-16 0.9808949 0.76095307 0.015500856 0.19694366 0.119285785 0.41923088 0.028388554 0.49498487 0.90310776 0.40387684 0.00012663989 0.32368872 1.202156e-05 0.000611814 0.038970713 0.0018055204 7.066491e-06 0.00016375576 0.0002934041 0.0005626019 0.020545302 0.014462123 0.00542031 0.013363973 1.019708e-05 5.9199256e-06 0.0024235798 5.721181e-07 3.072393e-05 0.00023072308 0.097166054 6.0335467e-05 0.0020679191 0.0012492622 2.0522431e-07 3.6690188e-05 0.00010808783 3.190025e-05 0.0035995531 7.492983e-05 0.025493518 0.00069186126 9.588328e-06 8.867263e-06 0.0043309187 4.1814164e-07 2.5805959e-05 6.86596e-07 4.108996e-05 2.6607505e-09 0.0001263453 1.0079809e-05 2.0257916e-05 9.194059e-07 2.2555232e-06 1.5257034e-06 1.0251484e-06 9.586097e-06 4.7365933e-07 9.536761e-07 3.1637393e-07 5.3562158e-06 1.3328484e-09 9.3397006e-07 6.0210215e-07 1.10752385e-08 3.3856605e-08 7.866635e-06 8.843826e-08 0.002583423 2.5010348e-05 0.001613471 2.7372769e-06 2.899479e-08 9.29173e-06 7.193927e-07 5.2359733e-06 7.518091e-05 1.3650778e-06 5.6914537e-08 0.00036420094 2.688105e-07 3.6314292e-09 0.001460693 1.5429403e-06 5.0859503e-06 1.4559829e-07
0.86097777 0.09447937 0.014525547 0.14679942 0.0028385592 0.49081796 0.0002470802 0.3435212 0.5433622 0.0007528039 0.91359967 0.037651785 0.00075509516 0.9808949 3.7563744e-18 0.12011973 0.0022579543 0.026294805 0.7467675 0.8487247 0.19110005 0.081841275 0.6233584 0.72063124 0.00024638182 0.039921045 5.0862916e-05 0.00012029686 0.1604576 0.0052221697 1.4075877e-05 0.00048040593 0.00069461786 0.0017428795 0.0631776 0.11955103 0.024458492 0.16679952 4.2477466e-05 3.283575e-05 0.0075893053 8.561629e-07 4.167097e-07 0.0005851532 0.009924049 0.00013564907 0.006977228 0.0043392596 6.012913e-07 9.70851e-05 0.00027375825 3.962387e-05 0.002539495 0.00024360359 0.13961962 0.0017899659 9.6132135e-06 4.884151e-06 0.019178033 2.513654e-06 0.00012061116 1.0535126e-07 3.502588e-05 2.4166231e-09 8.884654e-05 8.4712013e-07 2.6928188e-05 2.1109654e-06 7.0812547e-07 4.2281076e-07 1.4783325e-06 6.6534067e-06 9.870928e-07 2.8913706e-07 9.1113213e-07 1.6121895e-06 3.4384173e-09 3.1449185e-06 9.629528e-06 3.6410626e-09 7.357104e-08 3.2874603e-05 1.8485068e-07 0.009244987 1.0010375e-05 0.00021870145 1.1910201e-06 8.111544e-08 8.42942e-06 6.250473e-07 5.3831343e-07 0.0005148906 7.5636353e-07 1.5319897e-07 0.0013710383 1.1549891e-05 4.4791884e-10 0.0025253764 1.795672e-06 2.1126161e-05 2.4411906e-07
0.4240546 0.75361997 0.049944893 0.22159524 0.009159243 0.6500839 0.012683491 0.09260027 0.22533658 0.001075953 0.24953742 0.96086675 0.04070796 0.76095307 0.12011973 1.09581135e-16 0.21625786 0.95648205 0.021774933 0.08667638 0.009094901 0.8588078 0.77049536 0.05237469 0.00025075415 0.428937 9.6367534e-05 0.004603157 0.016524518 0.000672093 0.00012603361 0.00044809023 0.00028029058 0.0003420322 0.0039008837 0.005345034 0.0015520602 0.003244774 2.6143163e-05 1.6518145e-05 0.0004388385 2.2355623e-06 0.00020488533 0.00020159119 0.22325596 3.6949572e-05 0.00094102975 0.0001673516 3.7958953e-06 4.658079e-05 5.9530652e-05 1.7268721e-05 0.0011848607 2.2139584e-05 0.008034291 0.00023188337 7.188867e-05 5.6352355e-06 0.0003572483 3.659234e-05 6.967592e-06 1.410792e-06 3.1068877e-05 1.14859944e-07 0.00012795233 2.1272258e-06 1.1546907e-05 5.9953372e-06 9.965093e-06 0.0003584547 3.074731e-06 6.4030905e-06 1.2466165e-06 6.14469e-07 4.5147326e-06 6.617467e-07 5.562674e-09 2.6686964e-06 1.5064819e-05 2.4769875e-08 9.607956e-09 1.4672652e-05 5.920682e-08 0.00068723585 1.4156947e-05 0.0027210347 1.076634e-05 7.009199e-08 0.00033755408 4.0631272e-07 1.2316965e-05 9.058592e-05 9.288303e-06 1.0607124e-06 9.848785e-05 1.2741219e-07 2.800111e-08 0.0004936748 3.434447e-06 6.268378e-06 1.8873982e-06
0.058650497 0.64781445 0.117860205 0.09693873 0.05747508 0.061646078 0.13289768 0.02529808 0.030582327 0.022266211 0.009593076 0.91488016 0.99348503 0.015500856 0.0022579543 0.21625786 7.483436e-14 0.69927084 0.002144895 0.0026699416 0.0013356246 0.12978914 0.014689658 0.001032549 0.0030723978 0.17329462 0.0025035646 0.5978089 0.006738214 0.0020924336 0.08437706 0.0124604665 0.0006118613 0.0007434604 5.2179552e-05 0.0007568095 0.00010614218 0.000139407 0.00022134527 0.00020498264 7.351959e-05 8.5562664e-05 0.09598443 3.5962385e-05 0.0808247 1.114374e-05 0.00097252056 2.5742343e-05 0.00017208363 1.0193998e-05 1.3444673e-05 7.94507e-06 6.139536e-05 1.5958365e-05 0.00048563114 2.3938277e-05 0.05190618 1.0345512e-06 0.00011700987 0.0002272572 5.106664e-06 0.00049210875 3.494994e-05 6.4894884e-06 0.00010008165 0.00014500957 1.0305617e-05 0.00013709147 0.0035960416 0.038244534 3.5460882e-06 1.0149085e-05 5.8831993e-05 7.638939e-05 7.5200023e-06 9.4139854e-05 2.033512e-06 2.6856198e-05 4.143025e-05 3.4942354e-06 6.337362e-07 1.6832797e-06 1.1881527e-05 0.0005221515 5.3453186e-05 0.00016358796 4.081303e-05 1.3489902e-06 0.006421682 1.217183e-07 1.8369961e-05 0.000324517 4.4973908e-07 1.288556e-05 1.7302118e-05 1.5371498e-07 7.765686e-08 0.0015694646 2.4127243e-07 1.3537922e-06 3.2876295e-07
0.053909704 0.2314486 0.01277621 0.041773375 0.0036896018 0.23063801 0.0037417694 0.021275334 0.06535596 0.0023964378 0.05305949 0.8816875 0.03742436 0.19694366 0.026294805 0.95648205 0.69927084 7.323116e-14 0.00765051 0.024973614 0.005896445 0.95462847 0.4027189 0.016786398 0.0003738689 0.78766567 0.00015068217 0.0038881684 0.005776073 0.0010199926 8.7714856e-05 0.00056882127 0.00013110548 0.00013724361 0.0014510392 0.0025473614 0.0010272162 0.0015231493 2.0748132e-05 2.0106077e-05 0.00049521244 8.618888e-06 0.00046074236 0.00024075957 0.32951602 6.165435e-05 0.00085953396 0.00010701946 9.441592e-06 6.3925625e-05 0.00020980145 9.02609e-05 0.00026214682 5.791221e-05 0.0012804674 0.00011198015 0.00038612098 1.0277204e-05 5.8358353e-05 0.00012519959 2.5365756e-05 9.528907e-05 8.543262e-05 1.5933995e-06 0.0003959367 3.274247e-05 5.2060957e-05 7.846675e-06 6.211699e-05 0.0003062954 2.1847723e-05 0.00014444687 6.7138067e-06 3.5687542e-06 3.7697708e-05 1.8913533e-06 6.37509e-07 7.0665246e-06 6.0617378e-05 1.882376e-06 4.170848e-08 2.6182412e-05 2.6122093e-06 0.00041276857 0.00016037984 0.0007987284 0.00011728369 6.651065e-08 0.0003066482 1.4069024e-06 5.868971e-05 0.00024288401 2.5496214e-05 3.3642568e-06 4.9937207e-05 7.612957e-08 1.2497644e-07 0.00051534525 1.598893e-06 6.3902253e-06 3.5148318e-07
0.83057636 0.04495508 0.0372597 0.10234627 0.018694425 0.12019347 0.006620551 0.44108307 0.44895318 0.029527934 0.53248787 0.008120454 0.00239819 0.119285785 0.7467675 0.021774933 0.002144895 0.00765051 9.15626e-18 0.98000205 0.9794873 0.021652905 0.04388174 0.279231 0.014612057 0.009755754 0.006475045 0.0018256215 0.4011736 0.07215375 4.6722405e-05 0.012813366 0.0033935758 0.003549264 0.086038366 0.38710955 0.041579783 0.23655468 0.0006857189 0.0019187962 0.0045771264 0.000117103875 2.6478072e-06 0.0010291254 0.0012009399 0.0004545814 0.04284585 0.0036989115 0.00010383994 0.0006112542 0.00020390486 0.00015556069 0.0025456334 0.0010107919 0.07960671 0.0040586567 1.5467096e-05 8.5557855e-05 0.016755145 3.8952647e-05 0.000305666 6.430043e-05 0.00019658901 1.2846216e-06 0.00034876104 5.1054398e-05 7.924551e-05 1.871343e-06 7.4283525e-06 1.5236655e-07 2.0922591e-05 9.856913e-05 4.9738273e-06 5.560712e-07 0.00016923856 2.2114355e-06 1.4040481e-07 1.4328681e-06 0.00045854598 1.2241946e-07 3.5208402e-07 0.00017702911 1.7607786e-07 0.041296564 6.1924526e-05 5.1667295e-05 0.00020350641 7.8582886e-08 2.433462e-05 3.0323752e-06 3.886422e-05 0.0057375375 1.5383854e-06 9.495754e-06 0.0071676522 0.0014712306 9.535824e-09 0.0050646146 2.9518371e-06 0.00020072752 1.1105468e-06
0.9159441 0.07054244 0.020939905 0.107442625 0.0073047676 0.26304215 0.0022827366 0.3207474 0.4393127 0.0051845727 0.5201944 0.021331077 0.0010093637 0.41923088 0.8487247 0.08667638 0.0026699416 0.024973614 0.98000205 5.1271974e-16 0.8136565 0.09396146 0.47112048 0.8017462 0.0013861634 0.060064107 0.0005930176 0.00066103524 0.30177453 0.01529862 3.1751224e-05 0.0023747745 0.0020115918 0.0046411497 0.23792955 0.21550417 0.15476021 0.54197776 0.0002977339 0.0002831854 0.03649244 8.8060435e-05 8.147953e-06 0.005891687 0.01542886 0.0025360705 0.024306407 0.015174679 9.843522e-06 0.0010831732 0.0008586986 0.00036041235 0.020063117 0.0025721684 0.21565376 0.010716306 8.939086e-06 0.00035074065 0.06414445 4.3271986e-05 0.0009268173 4.5366036e-05 0.00049473566 6.526732e-07 0.0017330574 4.675365e-05 0.0003432373 1.4795637e-06 2.4125267e-05 3.3264843e-07 3.4304652e-05 0.0006309703 1.5150074e-06 3.980865e-06 1.7117089e-05 1.9251573e-05 3.78247e-08 8.702827e-07 6.362985e-05 5.338464e-08 3.5147192e-08 0.00056068733 1.0772727e-07 0.040584315 0.0003897089 0.0012240028 2.0995529e-05 1.5569752e-08 2.3829583e-05 2.1801328e-05 1.9476833e-05 0.0027627961 3.744637e-06 6.1237176e-07 0.009918333 0.00035071324 1.9286817e-09 0.015105929 1.3081303e-05 0.0011362887 5.1293605e-06
0.9609242 0.019245833 0.01292118 0.03079409 0.010077912 0.03940835 0.003884412 0.14106658 0.14141665 0.019624796 0.1290307 0.005996833 0.0016684588 0.028388554 0.19110005 0.009094901 0.0013356246 0.005896445 0.9794873 0.8136565 1.6107422e-17 0.00941527 0.013125378 0.0922497 0.006519221 0.00775513 0.0033245012 0.00046218646 0.8380611 0.105514996 5.7798996e-05 0.0069936654 0.0036753137 0.009490635 0.022639545 0.91300553 0.027970068 0.5821357 0.00012391833 0.00063619774 0.0052313143 1.0042273e-05 5.6333442e-06 0.00063471816 0.0010247442 0.00016146869 0.2050541 0.0053350315 1.4629087e-05 8.586013e-05 4.4390425e-05 2.3221142e-05 0.00087676727 0.00026144474 0.26012957 0.003184674 1.9972646e-05 2.3955838e-05 0.029237425 2.9248522e-06 5.474408e-05 7.748065e-06 1.2369523e-05 4.775268e-07 0.00022125305 1.6479491e-06 6.641875e-06 3.4703085e-06 2.317729e-05 4.5672948e-07 4.917264e-06 2.7185573e-05 5.710995e-06 3.4767181e-06 1.1633009e-05 1.1166069e-05 5.2068476e-08 8.218889e-07 8.2597646e-05 1.5180886e-07 1.8655578e-07 2.1623791e-05 8.451866e-07 0.257048 3.1670694e-05 4.3982145e-05 1.3209084e-05 1.1654774e-07 2.543875e-05 1.07058395e-05 2.6067903e-05 0.033689126 1.7201107e-06 5.422672e-06 0.006489174 0.008065993 1.0407915e-08 0.014201138 4.823112e-06 5.6625086e-05 2.2224177e-07
0.14682217 0.21795408 0.011583344 0.056133322 0.0024249393 0.33924234 0.0026381197 0.03142558 0.08936913 0.0005720535 0.09929369 0.37454396 0.0030414073 0.49498487 0.081841275 0.8588078 0.12978914 0.95462847 0.021652905 0.09396146 0.00941527 1.4884839e-16 0.8403224 0.09508758 7.036468e-05 0.9733786 7.2219256e-05 0.00021298973 0.007862792 0.00049115653 1.5394504e-05 0.00049531687 9.149146e-05 8.428934e-05 0.009601116 0.004789067 0.010085839 0.0071773175 5.469687e-06 5.8472747e-06 0.0037079055 2.5353024e-06 6.565174e-05 0.0017393252 0.55597305 0.0006312465 0.0005006326 0.0006283707 3.3221095e-05 0.00042156127 0.0003893987 0.00013539394 0.008651072 3.3779703e-05 0.010999942 0.00011101583 0.00021826783 0.00015659997 0.00043702862 0.00015837778 6.6688563e-06 1.3844771e-05 0.00013783966 3.3212095e-07 0.0007021409 1.5834696e-06 7.430659e-05 7.8682115e-06 2.8043616e-05 0.00030874158 1.6033893e-05 4.3673597e-05 1.6350272e-05 7.800494e-07 3.3108277e-05 6.776973e-07 7.312335e-08 1.3242237e-06 7.350725e-05 2.5608477e-07 1.6016353e-08 7.733018e-05 2.4509848e-06 0.0010846923 0.0002641862 0.0024680821 8.164782e-05 2.6618932e-07 0.00039694065 1.0087132e-06 4.8557857e-05 0.00017642675 0.00019907317 1.3943153e-05 0.00046651214 7.127608e-08 1.090227e-07 0.0010552333 8.9280875e-06 2.5415009e-05 1.5560964e-06
0.92163223 0.08595641 0.0013422121 0.009036375 0.000342781 0.20626865 0.0005296637 0.025809998 0.1195754 2.8046104e-05 0.26818818 0.2174492 0.0002592541 0.90310776 0.6233584 0.77049536 0.014689658 0.4027189 0.04388174 0.47112048 0.013125378 0.8403224 9.982925e-16 0.91966134 7.5209035e-05 0.6765812 2.6682967e-06 0.006099457 0.014622017 0.00036766438 4.2696985e-05 0.00021199453 9.6218035e-05 0.00020165001 0.63294584 0.013492367 0.27002278 0.07543378 2.8629074e-06 3.4062648e-06 0.16416891 2.498481e-07 0.0027023724 0.08978719 0.5234418 0.0653595 0.0009770613 0.022027217 5.5038373e-07 0.008345322 0.014374959 0.0020388064 0.8260414 0.0038302871 0.16820998 0.0031939337 0.00010494971 0.015818585 0.04375499 2.2898914e-06 0.0010650493 1.9965752e-05 0.00069988426 1.2935783e-07 0.101948954 7.0540814e-06 0.0021454368 7.754748e-06 7.1804147e-06 9.591469e-05 0.00026770652 0.0015105099 7.495934e-05 4.5510665e-06 6.286272e-06 2.4192993e-06 1.2550345e-08 1.0205047e-05 1.0843882e-05 1.7448441e-08 4.956376e-09 0.00070434506 1.5213975e-07 0.006697943 0.0005812956 0.5536406 9.678171e-05 9.4018944e-08 0.00047745262 7.707543e-05 0.004310479 3.1415148e-05 0.11103368 2.016225e-06 0.0023614182 1.7561644e-06 2.6368113e-07 0.005824115 8.560666e-05 0.00054001255 6.4757273e-06
0.9387534 0.0069539547 0.0010672694 0.0049236794 0.00040410724 0.041106444 0.00013773164 0.011389859 0.046517476 5.3313946e-05 0.1317638 0.012656498 0.00029238622 0.40387684 0.72063124 0.05237469 0.001032549 0.016786398 0.279231 0.8017462 0.0922497 0.09508758 0.91966134 1.577649e-16 0.0004443677 0.055488754 2.1938566e-05 0.0008467882 0.11772206 0.0078471955 1.820279e-05 0.0002466503 0.00038303036 0.0020800496 0.9405284 0.19194323 0.8044935 0.53660375 3.292694e-05 1.1318052e-05 0.42689222 2.3545863e-06 0.0001698729 0.16471142 0.03481575 0.077122 0.008238612 0.16267703 2.80941e-07 0.012431595 0.024414673 0.003876045 0.3010349 0.013746231 0.3805913 0.024202187 2.2828714e-05 0.0016926309 0.16565815 2.985576e-06 0.006225458 7.1180843e-06 0.0010558382 1.1172119e-07 0.006409494 1.6428869e-06 0.0018960898 2.3793896e-06 1.0579906e-06 5.709239e-07 0.00019508015 0.00090175605 1.0754621e-05 4.5620106e-07 6.0330026e-06 8.8455346e-07 2.6788447e-08 2.1915959e-07 1.745927e-05 1.7788542e-08 5.1247904e-09 0.0010339606 3.176817e-08 0.04154834 0.0007004448 0.011707797 1.1030372e-05 1.534776e-08 5.57498e-05 6.456804e-05 0.00072238955 0.0010875879 0.00010161186 1.7321987e-06 0.007864442 7.730518e-05 2.3568942e-09 0.015247277 5.5495625e-06 0.0006328004 2.9936888e-07
0.8727048 0.012106881 0.04090785 0.010810108 0.18919942 0.0012306621 0.38584045 0.010903156 0.0045245285 0.80609417 0.0010212248 0.002074036 0.085600935 0.00012663989 0.00024638182 0.00025075415 0.0030723978 0.0003738689 0.014612057 0.0013861634 0.006519221 7.036468e-05 7.5209035e-05 0.0004443677 3.3942893e-17 3.0127929e-05 0.943336 0.44061157 0.13342583 0.74643654 0.07885103 0.18889594 0.902985 0.61171407 5.698545e-05 0.017278276 7.3331015e-05 0.0012789004 0.76626974 0.8769335 3.464005e-05 0.14053673 0.034578487 2.2185754e-06 8.162769e-06 5.631945e-07 0.1631843 0.00014325416 0.14372721 1.3580471e-07 4.5739926e-06 9.553665e-07 1.2896551e-05 1.6459442e-05 0.015824273 0.00028752917 9.7184886e-05 8.446455e-08 0.00070828624 0.15924434 1.4123193e-05 0.014161721 4.7974404e-06 0.0023700795 1.0545143e-06 0.012821789 2.2998404e-06 1.4555088e-06 1.8177177e-06 2.930741e-06 5.9051493e-09 1.2532801e-06 8.008869e-05 3.852623e-07 0.009517846 1.5109457e-06 0.0025204201 0.0006725002 0.026697002 0.0006117566 8.8508765e-05 7.463424e-06 0.0006035624 0.057409726 2.3982573e-06 7.2939594e-07 0.0030025286 2.9314719e-05 1.1444305e-05 5.158733e-09 5.214319e-05 0.022464173 2.2416178e-07 0.003618566 0.00014193765 0.0058150273 9.701245e-07 0.000592009 6.803763e-09 4.2295596e-07 1.1215819e-08
0.07348725 0.11685078 0.005383222 0.026369413 0.00079814397 0.16611384 0.001574549 0.015799409 0.04209083 0.00062748144 0.04068353 0.17530033 0.0040108156 0.32368872 0.039921045 0.428937 0.17329462 0.78766567 0.009755754 0.060064107 0.00775513 0.9733786 0.6765812 0.055488754 3.0127929e-05 3.2947722e-15 2.9929897e-05 0.0005312593 0.003056049 0.00021943748 3.553792e-05 0.0004700751 3.8597504e-05 3.6501515e-05 0.004380418 0.0017367867 0.0039511817 0.0022995085 1.3582071e-06 2.2695905e-05 0.002171171 6.170858e-07 0.00014051955 0.00091065094 0.98649746 0.00027594165 0.00035571778 0.0003767135 1.1247606e-05 0.00018571148 0.00027712525 0.00014490217 0.008982579 4.447305e-05 0.0044973465 0.00011227411 0.00034999338 5.1264535e-05 0.00030541746 6.926057e-05 1.2802866e-05 2.4695615e-05 0.00011149082 2.5179355e-07 0.0011174977 1.8858042e-06 5.970634e-05 2.5733127e-06 3.963071e-05 0.000778956 1.4727214e-05 5.2797957e-05 9.081986e-06 4.44909e-06 4.3103326e-05 8.2869224e-07 1.2147036e-07 2.821365e-06 0.00010583247 1.0566434e-06 2.6995616e-08 6.338504e-05 2.1256462e-06 0.0017047308 0.0005717195 0.006769536 4.5670513e-05 3.562781e-07 0.0011137304 9.1160314e-07 0.000100021825 0.0003578276 0.00049974804 2.6552086e-06 0.0002815852 5.449688e-08 9.535465e-08 0.0017089702 4.979969e-06 1.4491397e-05 3.5221265e-07
0.9133476 0.0034804526 0.0058300477 0.0026676902 0.026721856 0.0006242342 0.13719346 0.002440807 0.0014086888 0.11793165 0.00028732853 0.0015677083 0.06953622 1.202156e-05 5.0862916e-05 9.6367534e-05 0.0025035646 0.00015068217 0.006475045 0.0005930176 0.0033245012 7.2219256e-05 2.6682967e-06 2.1938566e-05 0.943336 2.9929897e-05 2.1106446e-16 0.12742098 0.034592826 0.07001838 0.031917326 0.92021805 0.37130067 0.15464701 4.7353938e-06 0.0048898333 4.151006e-05 0.00024101755 0.31494164 0.88342935 1.733997e-06 0.37594092 0.059792355 2.874051e-07 0.00010662317 1.0766586e-07 0.061480217 1.2813396e-05 0.55280495 2.7629685e-08 7.1078816e-08 1.0728088e-07 2.8244203e-06 1.1138768e-05 0.006381267 6.447458e-05 0.00051440054 1.7490949e-09 8.805128e-05 0.4773232 5.3362346e-06 0.14911895 7.214752e-07 0.013330248 1.6504231e-06 0.107819214 2.466998e-07 0.00018534453 3.068932e-05 3.5110694e-05 6.1354115e-08 1.8476512e-06 0.0012071887 1.3677904e-05 0.05114725 1.4800627e-05 0.04529601 0.0034678932 0.03817713 0.009040073 0.0008313663 6.311219e-06 0.009757866 0.038517438 1.1740718e-05 1.3411884e-06 0.01107118 8.066343e-05 3.93911e-05 5.3066273e-08 0.001181959 0.01721263 3.2704598e-08 0.015563883 1.005337e-05 0.005840819 1.3961715e-05 0.00012116027 3.9527755e-08 2.3509187e-07 3.8793004e-09
0.07566618 0.15321901 0.170284 0.05171742 0.1240758 0.011421921 0.5124881 0.0032052759 0.0042752214 0.08310131 0.001476156 0.040530927 0.87888706 0.000611814 0.00012029686 0.004603157 0.5978089 0.0038881684 0.0018256215 0.00066103524 0.00046218646 0.00021298973 0.006099457 0.0008467882 0.44061157 0.0005312593 0.12742098 2.2923869e-15 0.0126055265 0.03448242 0.9941442 0.7530161 0.02066719 0.017883016 5.5272973e-05 0.0019191969 6.000909e-06 5.952322e-05 0.011240744 0.055577636 1.2272865e-05 0.008964407 0.9848588 1.1760262e-05 0.0022595506 1.1530115e-05 0.004668626 4.1658996e-06 0.17057566 1.6072165e-05 9.4741445e-06 1.0792677e-05 5.5959217e-06 1.5378464e-05 0.00038006858 4.0799874e-05 0.67577857 3.1429114e-05 2.03341e-05 0.0053262496 9.798088e-06 0.0033661474 6.19952e-05 0.00010467663 1.1187383e-06 0.011850691 7.680255e-05 0.0023817657 0.008373544 0.00052977813 5.2832604e-07 1.7407845e-05 0.0019350954 0.0034373149 0.00016834661 0.005890599 2.2746167e-06 0.00021348208 0.00035693022 2.9673042e-06 1.2198958e-06 4.5026696e-05 1.252787e-05 0.0033284237 5.681934e-05 2.3893719e-08 0.00068013545 8.096778e-07 0.00040878195 5.8298248e-08 0.0009490762 0.0007947404 6.162504e-08 0.00012127645 0.00078859925 0.00040449217 3.2078776e-07 0.0007647278 2.1698303e-07 5.6645127e-05 1.7323457e-06
0.97356975 0.1259133 0.24149229 0.24977158 0.24984173 0.12177507 0.26460952 0.6545606 0.5361662 0.7762553 0.20082636 0.01569199 0.031487394 0.038970713 0.1604576 0.016524518 0.006738214 0.005776073 0.4011736 0.30177453 0.8380611 0.007862792 0.014622017 0.11772206 0.13342583 0.003056049 0.034592826 0.0126055265 6.184718e-17 0.826697 0.0016222143 0.012482239 0.17649557 0.3954004 0.004800061 0.90717286 0.017287854 0.13489473 0.051785912 0.008119718 0.003260229 0.004884809 0.0008637659 0.0006627547 0.00010936517 0.00052137946 0.78009385 0.003608185 0.004237773 0.00033364785 0.00011636366 4.0985506e-05 0.0010765241 0.00031908302 0.14978062 0.002042772 0.000112885115 4.7563295e-05 0.007775443 0.0014804997 0.00012625761 0.0006825507 0.00012283117 5.6430417e-05 3.134862e-05 0.00076378975 5.6321867e-05 3.99834e-06 6.6081775e-05 5.0241856e-06 3.718775e-06 0.000101485384 2.680597e-05 1.4066697e-05 0.00022664035 2.6355696e-05 5.793809e-06 1.2068462e-05 0.0004445302 3.892834e-06 1.0027951e-06 4.173246e-05 8.4106495e-07 0.31918395 0.0001605664 4.8711983e-05 0.000101786056 7.7394435e-07 0.00012814612 7.958742e-06 0.00012528068 0.06679461 4.213374e-06 6.9465896e-05 0.007803073 0.025157366 8.171083e-07 0.030548133 2.8800062e-06 0.00024798975 3.244916e-06
0.9400669 0.027117878 0.13200869 0.047971956 0.18001659 0.0073581357 0.20030278 0.13949642 0.05725109 0.7327798 0.017080374 0.002001785 0.04045389 0.0018055204 0.0052221697 0.000672093 0.0020924336 0.0010199926 0.07215375 0.01529862 0.105514996 0.00049115653 0.00036766438 0.0078471955 0.74643654 0.00021943748 0.07001838 0.03448242 0.826697 5.9000756e-19 0.0016401075 0.015956061 0.82291687 0.9548154 0.0011417031 0.2546239 0.0013210558 0.020778174 0.28107044 0.037727978 0.0002178303 0.026476648 0.00053096656 9.184692e-05 2.5913654e-05 4.7401674e-05 0.83936983 0.00097502285 0.0050442545 4.3145148e-05 2.3262835e-05 8.304878e-06 0.0001516294 0.0002201153 0.064657636 0.0027885549 4.9595164e-05 5.526388e-06 0.0023768814 0.007873612 0.00011783294 0.002073414 0.00012522694 0.0005684395 1.9843561e-05 0.0008792759 4.7650057e-05 7.400976e-07 4.0124473e-06 1.9526713e-05 3.6259498e-06 3.9457198e-05 3.4628058e-05 5.237044e-07 0.002445132 2.3062912e-06 0.0002921613 5.4000353e-05 0.0026676748 6.854211e-05 1.6680227e-05 0.00010052857 3.612918e-05 0.2927475 0.00014504691 1.6203196e-05 0.0011547244 4.557047e-06 0.00023950345 1.7893744e-06 3.73393e-05 0.07054489 5.6281574e-06 0.00039360067 0.004245861 0.03127661 2.0620857e-07 0.013564463 4.6297785e-07 0.00013542132 1.1429454e-06
0.011617712 0.008412339 0.0130170835 0.0026488279 0.014131959 0.00047553974 0.075337246 0.00060443854 0.00062607374 0.014159405 9.8582575e-05 0.0014672681 0.30226576 7.066491e-06 1.4075877e-05 0.00012603361 0.08437706 8.7714856e-05 4.6722405e-05 3.1751224e-05 5.7798996e-05 1.5394504e-05 4.2696985e-05 1.820279e-05 0.07885103 3.553792e-05 0.031917326 0.9941442 0.0016222143 0.0016401075 2.097165e-13 0.5517875 0.0024797346 0.0011227733 1.2447887e-07 0.00015049662 2.5515257e-07 4.073448e-07 0.0012708014 0.017738037 1.383214e-07 0.0016834644 0.9950701 3.4536168e-07 0.0001122801 9.2482786e-08 0.00092092203 2.4853276e-07 0.05122502 7.334433e-08 2.7526536e-08 3.9776047e-08 8.057877e-07 2.5134372e-07 6.872826e-05 1.51441745e-05 0.2637003 1.8003583e-08 3.1929652e-05 0.0017064036 3.0556514e-06 0.001694304 1.524947e-06 3.6598693e-05 3.6694033e-07 0.035659455 2.9766688e-06 0.011541123 0.0079137515 0.00030536644 6.8159636e-08 2.2468615e-07 0.008238498 0.009519193 2.1229933e-05 0.009049802 4.509384e-06 0.00031095662 0.00011011576 8.017868e-06 1.198381e-05 2.3667307e-07 4.9046607e-06 0.0010124738 2.5486148e-07 7.666387e-09 0.00019842625 4.1620413e-07 0.0003025812 2.4834117e-08 0.0012517482 0.00053955027 1.5451445e-08 0.0003570833 4.554703e-05 5.19397e-05 6.782388e-08 0.00030250763 3.9664755e-08 1.5365146e-06 9.8951936e-08
