8.283187e-14 0.7775782 0.745159 0.62499297 0.5618893 0.6006743 0.92558044 0.5763756 0.8993035 0.84692866 0.89712995 0.17947392 0.9681561 0.7804714 0.1106898 0.95084465 0.6692189 0.020146348 0.84062016 0.33669963 0.9615606 0.07817052 0.9534708 0.99062437 0.9384394 0.87635255 0.90273756 0.9904183 0.6527854 0.93271554 0.9417269 0.9833571 0.5429472 0.6604861 0.0013602125 0.8026469 0.97690153 0.044655576 0.7621883 0.58472425 0.00049333595 0.77496904 0.96297425 0.8475553 0.62870604 0.81784433 0.95655876 0.0002608264 0.99425507 0.26506135 0.7927041 0.94950646 0.6707751 0.92997444 0.20696345 0.6273575 0.29847357 0.66546285 0.006244694 0.573062 0.83014834 0.7361749 0.94225264 0.8441482 0.2928669 0.7669436 0.9568562 0.17355584 0.5724525 0.85528374 0.9183584 0.7345342 0.92424816 0.0038325088 0.95513535 0.023003936 0.85032743 0.92232513 0.9106901 0.98022383 9.52064e-05 0.94075227 0.003138845 0.8675349 0.99984264 0.8912247 0.0050143874 0.03396914 0.005735087 0.9997358 0.9591643 0.9998319 0.8944008 0.07415154 0.028702931 0.9986522 9.846287e-05 0.99938816 0.067840844 0.9597946 0.9999136
0.7775782 2.477104e-13 0.99171257 0.9373454 0.45284456 0.0063307807 0.012055689 0.087165855 0.22760646 0.98401517 0.0051296107 0.8336751 0.11391813 0.16259846 0.08152609 0.8558035 0.48465002 0.0014834194 0.0531539 0.00019123929 0.0011909851 0.08500526 0.0045064627 5.7740097e-05 0.37614304 0.0031118668 0.2752109 0.05494318 0.00019085051 0.1697742 0.075541124 0.23717915 8.407146e-05 8.603668e-05 4.15375e-05 1.3261978e-06 0.00027867564 1.3910446e-06 0.0007640746 1.762215e-05 5.29599e-08 0.00815773 1.0103873e-06 3.09087e-05 7.6431585e-05 1.1570712e-06 8.090912e-05 1.4146688e-07 0.014151623 2.5607818e-07 0.0027623735 1.0585623e-07 0.00048795936 6.52042e-06 6.1356513e-06 4.856874e-07 2.0240045e-06 6.2359925e-07 2.6469941e-08 3.538047e-07 0.00022467105 1.0392771e-06 6.4160335e-09 0.010885131 1.9204353e-07 1.5417865e-05 4.8102976e-07 2.3458788e-06 8.283307e-08 5.0442154e-06 0.0014245242 2.0192344e-08 4.5578336e-06 9.6702184e-05 1.8017515e-06 1.9223448e-07 4.532128e-05 2.7645805e-05 2.6429028e-08 7.636718e-05 5.485372e-07 4.7754776e-05 8.3248255e-05 0.0068752584 2.3798027e-06 0.0003080963 7.611172e-08 2.0662038e-07 4.7026493e-08 0.004835022 0.0012250806 0.00033251318 3.3210674e-07 5.644543e-09 1.0706824e-06 9.841611e-05 4.0335264e-09 2.5536264e-09 2.3636664e-08 2.2782764e-08 0.0003482605
0.745159 0.99171257 1.0851002e-12 0.8488133 0.99408036 0.0008890375 0.0017156622 0.010302533 0.67195785 0.48354897 0.00027520632 0.7593711 0.4139238 0.535409 0.17633134 0.8507734 0.29853716 0.0038297481 0.0053752554 0.0010309033 0.0037080855 0.030842332 0.00045703218 1.6824397e-05 0.32896537 0.0015321652 0.17309551 0.20081906 0.0001233057 0.11566204 0.060110945 0.2696115 1.3745705e-05 9.321361e-05 8.858654e-05 3.6665838e-07 0.00067649665 7.610268e-07 0.00017922951 6.807947e-06 2.8336364e-08 0.00051830476 7.651246e-07 3.0882566e-05 5.1034287e-05 6.962607e-07 4.897769e-05 6.956722e-08 0.007185461 1.1937954e-07 0.0052277134 3.0214014e-07 0.0015000141 9.610771e-05 4.2473897e-07 8.7457175e-07 1.9717736e-07 1.768885e-06 4.30665e-09 2.242828e-07 0.0006882823 2.417225e-07 2.4671285e-08 0.02606348 1.0530948e-07 4.996293e-05 3.870434e-06 1.113426e-06 4.3432703e-08 1.2324027e-05 0.003198474 1.3385457e-08 9.608388e-05 1.6253564e-06 1.1749114e-06 6.357953e-08 8.539678e-05 0.00015700895 5.2463114e-09 0.00031546786 5.6676654e-08 8.5662854e-05 9.772099e-06 0.011122438 7.356065e-06 0.00058119453 8.803738e-08 1.4878576e-07 2.6497506e-09 0.0065879477 0.0019816123 0.00052285957 2.9810394e-07 1.1686426e-09 1.8791052e-07 0.00012769936 2.5105895e-10 1.1322257e-08 4.422113e-08 2.3495605e-09 0.0003838169
0.62499297 0.9373454 0.8488133 3.0142718e-13 0.43006596 0.8737058 0.6750141 0.9950366 0.2530629 0.91435546 0.24423264 0.06078051 0.030822707 0.0028050812 0.0014437453 0.9294021 0.3783902 0.00033342137 0.36990273 3.285492e-05 0.0005508903 0.20658852 0.027613161 0.0028691792 0.5349211 0.13757358 0.5332611 0.055584885 0.0056482377 0.27095553 0.39252985 0.2864953 0.0023024622 0.00517789 1.3328132e-05 0.00018902915 0.005209011 7.1331056e-07 0.027244447 0.00045989026 1.1994122e-07 0.025811948 0.00011719359 0.00024368982 0.00012734608 0.00010539555 0.0033265671 7.161143e-08 0.12016024 9.340172e-07 0.006153962 9.1810836e-07 0.002113516 0.000100842655 0.00050754624 3.5862017e-06 0.000120558834 1.7699551e-06 5.6579415e-07 9.281103e-06 0.00093294727 1.3573699e-05 3.4723817e-07 0.012952375 2.5426934e-07 6.536293e-05 1.2238538e-05 3.0023839e-05 9.10782e-07 0.0001701367 0.002155219 3.9095252e-07 1.8545123e-05 0.00014890607 7.7699944e-05 4.4366022e-08 0.0010820928 0.0002502503 1.2375415e-08 0.00031526634 5.0653074e-07 0.00017295874 6.215693e-05 0.006792455 1.7053624e-05 0.000412061 1.4977213e-06 8.6806985e-08 1.8731883e-07 0.0047104084 0.0012103328 0.00079712993 9.900343e-07 3.2293412e-10 4.5907717e-07 0.00018553606 3.047559e-09 4.888142e-07 1.5534482e-08 8.138897e-08 0.0018679579
0.5618893 0.45284456 0.99408036 0.43006596 7.90472e-13 5.6213372e-05 0.0002970467 0.0008730676 0.9966765 0.12219077 5.687681e-05 0.4804707 0.6169253 0.8453229 0.2733759 0.40612668 0.07220085 0.013104634 0.0008818137 0.018848728 0.034155473 0.00866937 0.00012242292 2.9967466e-06 0.05164848 0.00045928676 0.017988477 0.1343857 3.7413658e-05 0.011107397 0.007468648 0.05120904 4.8247502e-06 3.456899e-05 0.0022522658 4.5202924e-07 0.0047772 2.2938189e-06 4.097546e-05 4.901589e-06 9.150964e-08 2.8702956e-05 1.1270422e-07 0.00020541964 0.00010718135 9.699469e-07 3.077012e-05 2.6205092e-07 0.001497882 7.8728453e-07 0.0061540944 2.4185485e-07 0.0028182615 0.00020380045 2.0532062e-07 1.7974232e-06 2.2425586e-07 5.80041e-06 6.202985e-09 1.2569912e-07 0.0010279131 1.4244758e-07 7.696528e-08 0.024590528 6.264792e-08 0.00013923428 3.2310634e-06 2.830421e-07 2.0084986e-08 2.1371276e-05 0.004160633 1.5238639e-08 0.00013285574 2.0599414e-07 3.4834056e-06 1.3374076e-08 5.4134623e-05 0.00017561091 7.0297435e-10 0.00058657513 8.396932e-08 7.536167e-05 2.5163788e-06 0.00488089 1.8758807e-05 0.0002961026 4.872497e-06 2.0581052e-07 2.550837e-09 0.0028265493 0.0005896394 0.0007139435 4.3919565e-07 1.9308093e-09 5.2851755e-07 4.8098078e-05 1.7867796e-09 5.074467e-08 8.784096e-08 2.8975661e-08 0.00024979323
0.6006743 0.0063307807 0.0008890375 0.8737058 5.6213372e-05 9.443675e-13 0.99713284 0.9304008 0.00010403491 0.03417856 0.984352 0.0013052791 2.0667952e-05 2.2272566e-06 3.610477e-06 0.1471536 0.0059648976 2.3567452e-06 0.09618646 2.5395857e-06 6.3772522e-06 0.002295709 0.028341677 0.00284254 0.040952027 0.18273059 0.21468942 0.00021091868 0.0068070353 0.060139693 0.31958932 0.011738364 0.0012833752 0.0023782293 1.5104168e-06 0.00017674382 2.746329e-06 1.8453532e-08 0.019081758 0.00013755706 4.881964e-09 0.0093180025 0.0010132259 6.285969e-07 1.1985135e-07 8.0978214e-05 0.0023186735 3.1375808e-07 0.1223006 7.4427584e-07 0.00011948235 8.68159e-05 0.00010039741 2.0123503e-06 0.000299161 0.00012402795 0.00012139263 2.3979737e-06 1.5116497e-07 1.281188e-05 1.9227242e-05 2.1728452e-05 6.0389893e-06 0.00039142207 5.187757e-07 2.9517134e-06 0.00017851949 4.9351984e-05 2.3367952e-06 0.000545513 0.00010341144 1.4280313e-07 1.9884699e-06 0.000114305345 0.00013495848 1.2959435e-06 0.00093579065 9.690191e-06 2.2884459e-08 1.18479e-05 2.0332054e-06 0.0002907587 1.0880769e-05 0.00045154608 6.3229663e-06 0.0008785208 3.7708912e-06 3.6314123e-07 3.5957513e-07 0.00023340248 0.0017350161 7.148687e-05 6.744471e-07 5.6487974e-09 1.3525538e-07 0.0001709853 2.858181e-09 2.5668409e-05 2.6552593e-06 1.1170366e-08 0.0016349603
0.92558044 0.012055689 0.0017156622 0.6750141 0.0002970467 0.99713284 2.1427302e-12 0.31934574 0.00076318765 0.054442756 0.511751 0.001368645 0.00022364175 4.912064e-05 2.4720312e-05 0.789032 0.0056461296 2.641124e-06 0.1440642 1.2466974e-06 3.5106546e-05 0.0028998195 0.05890622 0.00951789 0.52425694 0.59836704 0.9358578 0.0061593726 0.022523245 0.616551 0.92139435 0.21422149 0.0023985035 0.0037627455 2.5008662e-06 0.0002665352 3.995701e-05 6.6414685e-08 0.21249068 0.0008931881 2.9087888e-09 0.013151528 0.0005781884 3.2008813e-06 4.0253994e-07 0.00037140615 0.044675242 2.8221317e-08 0.65344644 9.78276e-07 0.0009261771 9.2687515e-05 0.00038715417 8.371219e-06 0.0012381221 3.326031e-05 0.00027747775 1.6403092e-07 2.1124006e-05 7.332489e-06 0.00012610671 2.3563103e-05 2.3073726e-05 0.006660353 4.495281e-07 1.0794535e-06 0.00021963553 0.00012937999 2.0410006e-07 0.0019051607 0.0017926779 8.172735e-07 1.4687296e-05 0.00020031733 0.0008079647 2.8500398e-07 0.009003541 8.863758e-05 1.0519861e-06 0.00015590094 1.891772e-06 0.0030332934 8.629154e-06 0.005113131 4.065232e-05 0.018612226 3.3906624e-06 1.9981958e-07 2.2666767e-07 0.004635903 0.0279549 0.0007604982 3.1554002e-06 1.9656226e-09 1.24111e-06 0.0032188261 1.39119045e-08 3.6667974e-05 4.0474333e-07 4.365004e-08 0.007891052
0.5763756 0.087165855 0.010302533 0.9950366 0.0008730676 0.9304008 0.31934574 1.05915493e-13 0.0003367234 0.26066288 0.99073553 0.0029579795 9.775077e-05 1.1349656e-05 2.3109576e-05 0.119964205 0.022154225 4.2689308e-06 0.38317332 9.319632e-06 2.019956e-05 0.06202313 0.09204034 0.006711598 0.024073668 0.018283023 0.09821028 0.00059291045 0.00072621804 0.026028488 0.18331072 0.008102051 0.0008264509 0.00039405155 1.7961122e-06 0.00041558262 4.0197032e-05 5.186827e-07 0.0035445974 0.00020268557 5.76649e-08 0.013488545 0.0003451342 2.4622725e-06 1.2637892e-06 5.8647027e-05 0.0010216484 4.7036625e-08 0.04379212 1.1715123e-06 3.9606e-05 0.00011371906 6.1051396e-05 1.3693239e-05 8.3960804e-05 0.000121342506 7.770476e-05 5.8419045e-07 3.4389092e-07 7.647635e-05 1.3283135e-05 4.506746e-05 1.5410756e-06 0.00054386834 4.2363195e-06 7.019263e-07 9.573183e-05 1.01432215e-05 5.928898e-06 0.0002072522 0.00022616686 2.1580628e-07 1.1464097e-05 0.00013812257 5.492732e-05 3.7940438e-07 0.00021052278 1.4751672e-05 3.8646064e-08 3.817607e-05 4.0984722e-07 0.0001244037 0.00018343327 0.00086284836 3.3040084e-05 0.00023530172 9.927307e-09 5.1481027e-07 1.1668543e-07 0.00063526805 0.00084965135 0.0003016733 2.151277e-06 3.713183e-08 3.9576094e-07 0.00012388549 1.1997421e-10 1.018531e-05 8.6171923e-07 1.1275254e-08 0.0013869687
0.8993035 0.22760646 0.67195785 0.2530629 0.9966765 0.00010403491 0.00076318765 0.0003367234 7.620685e-12 0.111082226 0.00015756079 0.08144976 0.9584081 0.6083931 0.04061903 0.93274933 0.0975627 0.0031786524 0.004593564 0.013664194 0.027650831 0.0057144742 0.0004400602 1.5561758e-05 0.67512405 0.0009784643 0.1450365 0.7781324 0.00011932849 0.1471687 0.021141784 0.49573362 1.6060672e-05 3.9677565e-05 0.00055169704 4.3155066e-07 0.0047724643 2.6798378e-05 0.00046045202 1.916819e-06 1.10951184e-07 0.000305857 8.4738264e-07 0.00014893449 0.000105861945 6.506167e-07 5.3523683e-05 8.503682e-07 0.014624632 1.0125607e-06 0.04976091 3.7548662e-07 0.017245222 0.00027607934 3.5901473e-06 8.081958e-07 1.01208e-06 2.5694075e-05 1.1881052e-07 2.2538276e-07 0.007274079 5.005154e-07 7.9306105e-08 0.17747274 1.5946466e-07 5.6247096e-05 6.067368e-06 6.1507844e-06 1.6003172e-07 7.123548e-05 0.030469704 1.6344496e-08 0.00015676132 4.6278165e-06 5.9939084e-06 7.373736e-08 0.00061507 0.0015124826 1.4589844e-08 0.0014161551 1.8078445e-06 0.00025972506 8.547927e-06 0.046403565 7.242625e-05 0.0012369583 1.1124669e-05 3.25915e-07 1.1280633e-06 0.026394365 0.00566512 0.0061256425 1.2155856e-07 1.6021723e-09 3.7006063e-07 0.00040547358 4.006766e-09 3.490417e-07 1.816095e-07 1.014516e-08 0.0013846718
0.84692866 0.98401517 0.48354897 0.91435546 0.12219077 0.03417856 0.054442756 0.26066288 0.111082226 1.02244114e-13 0.095973186 0.97751254 0.037076138 0.05480853 0.16404994 0.7543163 0.9641774 0.0020879498 0.5129511 7.6789656e-05 0.00045524837 0.63412434 0.032918103 0.0015471597 0.25429827 0.006018361 0.26615852 0.016026335 9.107438e-05 0.1495303 0.09677865 0.11578363 0.00082320726 3.488647e-05 3.6736767e-06 2.2683462e-05 4.2490836e-05 3.598897e-07 0.00073055015 3.972751e-05 3.2362766e-07 0.057330664 8.786678e-06 9.1542694e-07 1.0963896e-06 9.5912e-06 6.834407e-05 3.073759e-07 0.010199537 2.9787134e-06 0.0004498753 1.0277895e-06 2.2492262e-05 6.56472e-06 8.1932834e-05 1.3104346e-06 1.3473104e-05 3.9603088e-07 5.7740287e-08 6.221641e-07 3.199824e-05 5.7771795e-06 2.642318e-08 0.002302806 6.955688e-08 2.1050522e-05 2.0024415e-06 6.684829e-05 5.611173e-08 4.3994078e-06 0.00051523617 9.8532325e-08 1.8346561e-06 0.00032510958 4.3887344e-06 3.4828656e-07 4.471747e-05 4.50101e-06 1.520689e-06 4.223854e-06 6.790921e-07 1.6618716e-05 0.00076813245 0.0017747866 5.0478197e-06 0.0003291697 3.3087964e-08 9.03117e-07 8.1172075e-08 0.0014612718 0.0015639692 0.00019938075 1.8202261e-06 4.223515e-08 5.7965974e-07 1.9736342e-05 3.2380885e-09 6.298243e-08 1.656298e-08 2.9176865e-08 0.00018209344
0.89712995 0.0051296107 0.00027520632 0.24423264 5.687681e-05 0.984352 0.511751 0.99073553 0.00015756079 0.095973186 1.3482058e-15 0.0010613574 8.2591905e-05 3.9764936e-06 1.2940181e-06 0.1707117 0.013739082 3.0693461e-06 0.9324323 2.2973865e-07 2.4088058e-06 0.049792398 0.8175113 0.2962992 0.13246536 0.64962393 0.47645068 0.00059274456 0.06718834 0.19843614 0.65166575 0.027910084 0.08374121 0.04731849 4.5469517e-07 0.015773227 3.1581249e-06 5.063549e-09 0.06716217 0.0039955443 1.2603672e-08 0.21171927 0.017382143 1.1922185e-07 4.9137757e-08 0.0028527747 0.015999144 4.5049646e-08 0.3102896 3.2726e-08 4.4402874e-05 0.0010481273 9.203197e-06 3.1194422e-06 0.0037732387 0.0008383487 0.0008741136 6.018314e-08 3.7683945e-05 0.000448386 2.5382442e-06 0.00019266864 0.00026098164 0.00032307184 3.047042e-05 3.5465212e-06 0.0028844841 0.00017627991 1.0421033e-05 0.006980233 6.552445e-05 4.6875844e-05 1.9823908e-07 0.0007952673 0.0027834363 1.0350689e-05 0.0021336444 1.0641958e-06 1.7423782e-06 2.4878166e-06 6.407901e-07 0.003810898 0.00028739183 0.00029033088 7.868807e-07 0.008144872 2.8139134e-08 6.377553e-07 3.0065795e-08 0.00031264024 0.009500116 7.118231e-05 2.7645332e-05 4.2202217e-08 2.0626688e-08 0.000433267 4.1673425e-11 4.9584523e-05 7.3775636e-06 1.4509332e-09 0.002116373
0.17947392 0.8336751 0.7593711 0.06078051 0.4804707 0.0013052791 0.001368645 0.0029579795 0.08144976 0.97751254 0.0010613574 8.9653756e-13 0.08398824 0.7625553 0.9997228 0.10322726 0.9601217 0.073451936 0.023354977 0.0040929397 0.020986782 0.6992116 0.00032554704 9.05816e-05 0.0070335506 9.015964e-05 0.0028215197 0.009309929 1.2816352e-05 0.0012926516 0.00028026814 0.004616374 5.151841e-05 6.2865056e-06 4.3673885e-05 4.696697e-06 0.00042428658 2.0509206e-05 1.6649681e-05 1.1856727e-05 2.1233952e-06 0.0005555558 7.8394527e-07 7.568113e-06 2.952489e-05 3.5711255e-07 1.0528559e-05 3.1419925e-06 0.00016644323 2.9700166e-06 0.00018116985 4.3780804e-07 0.00014467999 1.6578808e-05 1.2723827e-06 3.5290122e-07 2.049971e-06 1.2795836e-05 2.1953602e-08 9.5172726e-07 7.959263e-05 4.109049e-06 6.1825766e-08 0.0015721497 1.3829303e-07 1.4184257e-05 1.988666e-05 6.5749737e-07 2.5031653e-07 6.4037017e-06 0.00029195877 1.11092014e-07 4.5721695e-06 3.5443627e-05 1.2915106e-06 8.3816516e-08 1.7173039e-05 1.0987401e-05 7.056187e-08 9.822211e-05 9.4159145e-07 8.721244e-06 2.7925094e-05 0.00047457335 9.258746e-06 1.2388814e-05 3.9585004e-07 5.0295233e-07 8.7309826e-07 0.00020882275 9.081211e-05 0.00051939016 3.2020905e-06 9.29076e-09 1.2956284e-06 2.1829435e-05 1.942542e-08 3.141275e-07 4.1671487e-07 9.536993e-08 0.000104859275
0.9681561 0.11391813 0.4139238 0.030822707 0.6169253 2.0667952e-05 0.00022364175 9.775077e-05 0.9584081 0.037076138 8.2591905e-05 0.08398824 4.3880346e-12 0.9784371 0.16525146 0.28023812 0.050032537 0.03583943 0.00042373582 0.1656343 0.6571581 0.0024555754 2.2473263e-05 1.3607553e-05 0.3585943 6.3721054e-05 0.033233933 0.9788356 6.7796723e-06 0.031569522 0.0026086646 0.2635465 1.4334079e-06 1.3400308e-05 0.009059855 1.9419855e-07 0.30373177 0.0004859413 0.00012857321 4.382164e-06 5.8509004e-06 4.393209e-05 4.40879e-08 0.014210026 0.0035919216 9.751149e-07 5.94013e-05 2.4169458e-05 0.0028321333 5.474721e-05 0.4351329 4.6289994e-08 0.22399935 0.0007817925 6.646142e-07 1.0411892e-07 1.6367441e-06 0.00015418856 1.8955093e-07 1.8355111e-07 0.089251354 5.7045938e-08 1.936789e-08 0.40984988 7.27558e-08 0.00014915878 5.012907e-07 3.4045252e-07 4.421186e-08 4.6756973e-06 0.14339578 1.2634191e-08 0.00083593134 1.6361402e-06 2.2247218e-06 7.775998e-07 0.00055594614 0.014476618 2.675832e-08 0.024561843 5.392005e-06 0.000269604 4.576091e-06 0.05441281 0.0010101905 0.0016145738 0.0005736548 3.0862793e-06 1.2199036e-05 0.031054523 0.004960188 0.018627293 1.2359529e-06 6.552611e-08 2.0210968e-05 0.0005788911 4.2475276e-07 3.6141134e-07 6.81795e-07 9.72699e-07 0.00079523365
0.7804714 0.16259846 0.535409 0.0028050812 0.8453229 2.2272566e-06 4.912064e-05 1.1349656e-05 0.6083931 0.05480853 3.9764936e-06 0.7625553 0.9784371 2.0418782e-13 0.90845793 0.2460951 0.29102045 0.9209103 0.00016723943 0.95697963 0.92272073 0.027910369 2.3278903e-05 3.1906593e-06 0.13483441 6.641897e-05 0.014266064 0.70330757 1.2335868e-05 0.007822904 0.0019872633 0.067295924 7.2381357e-07 1.2601275e-05 0.2953098 4.7355408e-07 0.4076838 0.030570712 5.905516e-05 3.5543767e-06 0.0005571616 7.956143e-05 3.119717e-07 0.02534558 0.0060497113 1.3312093e-06 1.819748e-05 0.0001320438 0.0006983524 4.505023e-05 0.1460669 8.0156076e-07 0.101132266 0.0015961652 1.6754025e-07 1.0664209e-06 5.156785e-07 0.00019761099 2.566253e-09 1.1578521e-07 0.04206857 7.696572e-08 2.0883458e-07 0.0946824 2.2877694e-08 0.0013700123 2.5995325e-06 2.7119837e-08 1.9418641e-08 2.8315824e-05 0.037356928 1.2907476e-07 0.0012737291 7.6124195e-08 7.3248434e-06 5.1612035e-09 0.00051911536 0.0073813787 1.8250678e-09 0.008103179 6.234263e-07 5.1922816e-05 3.1944364e-05 0.017489485 0.0011598327 0.001195944 0.0006925634 4.1321414e-07 3.3389929e-06 0.008722616 0.0045496696 0.0071307467 2.6086518e-06 3.342274e-08 9.89344e-06 0.0004759115 1.976419e-06 1.533352e-07 6.685211e-07 8.0354386e-07 0.00078761426
0.1106898 0.08152609 0.17633134 0.0014437453 0.2733759 3.610477e-06 2.4720312e-05 2.3109576e-05 0.04061903 0.16404994 1.2940181e-06 0.9997228 0.16525146 0.90845793 3.971043e-14 0.009121364 0.94240195 0.9755597 0.0005786132 0.037822112 0.17178418 0.57788 7.3578826e-06 1.0623888e-06 0.0031634364 3.0599845e-06 0.00041832236 0.033180766 3.5641537e-07 0.00022550931 2.9412786e-05 0.0020513001 5.8457664e-07 2.222686e-06 0.002076703 1.6007323e-07 0.009112487 0.000810656 2.5395067e-07 4.047225e-07 4.1571544e-05 9.2032016e-05 7.922688e-08 0.00020941705 1.66794e-05 1.4683066e-07 1.2954888e-06 1.0012361e-05 6.2893905e-06 4.411457e-06 0.0022753489 1.5549831e-07 0.000694109 0.0001373341 1.18213876e-07 5.444784e-08 7.474486e-08 7.738399e-06 1.36893785e-08 2.533156e-08 0.0001518217 2.1565311e-08 1.09698055e-08 0.003016313 1.0115423e-08 0.00013490122 1.0771392e-07 8.175163e-08 3.277266e-08 1.0696241e-06 0.0006277927 3.9773522e-09 3.2841668e-05 4.4353e-06 1.5661585e-07 5.14476e-09 1.8983947e-05 9.294119e-05 5.943033e-10 0.00022320813 1.032373e-08 4.350857e-08 1.9940358e-06 0.00040718965 6.5238405e-06 4.9236996e-07 7.386253e-07 9.240961e-08 6.4799025e-08 7.486824e-05 2.7914739e-05 0.00033123835 7.818081e-06 9.849483e-10 1.3601364e-07 2.3908103e-06 5.5827662e-08 2.7813e-08 1.07907006e-07 1.7690395e-07 9.273547e-06
0.95084465 0.8558035 0.8507734 0.9294021 0.40612668 0.1471536 0.789032 0.119964205 0.93274933 0.7543163 0.1707117 0.10322726 0.28023812 0.2460951 0.009121364 2.4645461e-12 0.38459572 0.0023545169 0.23868679 0.006853999 0.016665863 0.11224374 0.10770565 0.027778374 0.97578657 0.03186452 0.86978215 0.15501964 0.0013510438 0.6758379 0.23778415 0.7166433 0.0004816569 0.0002761428 0.00028246414 0.00030885762 0.00066373666 1.0482782e-05 0.0038201222 7.307279e-05 3.997896e-07 0.070329264 0.00056473253 7.167106e-05 8.612834e-06 3.3929286e-05 0.00057783624 4.7852654e-07 0.07253678 3.263775e-05 0.0028734168 1.4008997e-05 0.0008464321 2.909841e-05 0.00019207 1.3397534e-05 0.00014966432 1.7932781e-06 3.379802e-06 1.9630347e-06 0.0003199609 1.5647822e-05 2.9551424e-07 0.028572196 1.7586431e-06 9.130018e-06 5.557804e-06 1.0335853e-05 9.3691665e-07 5.9079328e-05 0.0065526394 4.6817718e-07 4.0005427e-05 0.0001663247 8.493678e-06 2.4148193e-07 0.00096168095 4.869568e-05 1.466507e-07 0.00015106187 5.7707807e-06 0.00016347444 0.00023258057 0.01856265 3.547394e-06 0.002503723 2.372024e-06 1.9295107e-06 3.4496176e-07 0.03352372 0.012563604 0.0036200886 2.928856e-07 1.7448341e-08 4.528074e-06 0.00072000985 2.593411e-08 1.3106534e-06 1.2625947e-07 2.1152145e-07 0.0039679008
0.6692189 0.48465002 0.29853716 0.3783902 0.07220085 0.0059648976 0.0056461296 0.022154225 0.0975627 0.9641774 0.013739082 0.9601217 0.050032537 0.29102045 0.94240195 0.38459572 6.6350956e-13 0.0035534194 0.24381772 0.00023717231 0.0022238311 0.99938774 0.0016611539 2.6212092e-05 0.041603673 8.335391e-05 0.029789468 0.004279601 1.5905945e-05 0.014662896 0.004503563 0.019804155 7.1959184e-05 3.9381425e-06 3.0765044e-05 5.121083e-07 0.00014593589 1.4183812e-05 1.0077703e-05 4.787281e-06 3.1145937e-06 0.003835957 4.20008e-07 1.07145925e-05 1.8820081e-06 5.994225e-07 2.4389754e-05 3.5606058e-06 0.00033134068 1.0203232e-06 9.981124e-05 2.0940294e-07 7.205147e-05 8.828718e-06 6.0447796e-06 1.3419126e-06 3.1065842e-06 7.818798e-06 4.1942386e-08 9.527865e-08 1.4389543e-05 9.727082e-07 1.6024206e-08 0.00086587935 1.6741471e-07 1.23202535e-05 4.380447e-06 4.3333185e-07 2.6883308e-07 2.0203076e-06 0.00042752502 1.1824934e-08 5.8065534e-06 0.00013215428 7.4006625e-06 2.796811e-07 4.197686e-05 3.5041623e-05 2.0077247e-08 5.854956e-05 2.4156195e-08 4.78431e-06 0.00032702167 0.0007042933 6.633497e-05 1.49976595e-05 2.427255e-07 1.3421338e-06 2.1548568e-07 0.0020670062 0.00012762364 0.00050715404 2.9775845e-05 1.3159825e-08 1.2405869e-06 5.4075903e-05 5.532795e-08 1.2659448e-06 1.9884128e-06 6.205413e-08 0.00018442678
0.020146348 0.0014834194 0.0038297481 0.00033342137 0.013104634 2.3567452e-06 2.641124e-06 4.2689308e-06 0.0031786524 0.0020879498 3.0693461e-06 0.073451936 0.03583943 0.9209103 0.9755597 0.0023545169 0.0035534194 6.0395726e-13 5.6658417e-05 0.9988157 0.34972867 0.018212855 3.098418e-06 2.1158984e-07 0.00023241849 7.0677647e-06 3.2319065e-05 0.0143722985 1.144336e-06 4.7688558e-05 9.692973e-06 0.00047211142 1.5997151e-06 5.595769e-07 0.9542343 2.078816e-07 0.005966442 0.0027851025 5.351883e-07 1.3520181e-06 0.00069288875 3.834179e-05 8.2110276e-08 0.00015194308 7.170551e-05 5.9082646e-07 2.3248076e-06 0.00040898356 2.6807833e-05 2.6436e-05 0.00087931537 7.369729e-08 0.00052766374 7.166285e-05 2.3017824e-06 4.2253993e-07 1.2170698e-06 7.8923615e-05 6.004601e-08 3.5087263e-07 0.00014542781 1.0542077e-06 1.5502198e-07 0.000783343 7.63569e-07 0.00016135417 6.808904e-07 7.829848e-08 4.4187772e-07 3.122945e-08 0.0003525494 3.3568406e-06 1.407036e-05 5.418557e-06 6.6032385e-07 9.303142e-08 1.0904033e-06 5.1492225e-05 8.7014325e-09 6.531171e-05 1.8262979e-08 1.5926793e-06 1.3249306e-05 0.00013414583 1.0875666e-05 1.2397088e-05 3.7720944e-05 5.497128e-07 2.2768368e-06 8.909387e-05 4.4625875e-05 0.00012863982 6.2374415e-06 2.7462661e-08 6.18212e-07 2.1654964e-06 2.275748e-07 3.315379e-08 1.3700611e-06 2.481427e-07 2.7282373e-05
0.84062016 0.0531539 0.0053752554 0.36990273 0.0008818137 0.09618646 0.1440642 0.38317332 0.004593564 0.5129511 0.9324323 0.023354977 0.00042373582 0.00016723943 0.0005786132 0.23868679 0.24381772 5.6658417e-05 4.2860463e-14 1.443855e-05 6.7518406e-05 0.974708 0.9797564 0.17476715 0.054762382 0.16956255 0.29558694 0.0009028312 0.008066613 0.09550143 0.42889124 0.021470828 0.70478344 0.0033601543 4.2467964e-06 0.03574126 5.5534936e-05 4.7665203e-08 0.011269661 0.0009776504 1.2537001e-07 0.98127884 0.0025190394 1.572586e-06 1.5223483e-07 0.0005832514 0.0067068506 1.2105359e-07 0.068481945 6.4926985e-07 0.00033803307 0.00014212781 0.00013746117 2.935103e-05 0.1804139 6.976046e-05 0.046423312 1.6603057e-06 0.0018525698 8.4307385e-06 8.681639e-05 7.729453e-06 1.50555825e-05 0.00092790904 6.514251e-07 1.7463382e-05 7.5664495e-05 0.0004171006 1.4301664e-06 0.0001806421 0.00045894456 9.724439e-07 2.794545e-05 0.16423537 2.2569766e-05 7.727318e-07 0.0006372544 2.4255958e-05 2.593937e-07 3.197469e-05 5.6889685e-06 0.00014598684 0.05846516 0.0012223381 1.6081318e-05 0.0012793695 1.8497669e-06 1.5158471e-06 1.049305e-06 0.0016966527 0.004729 0.00034202245 1.1773323e-05 5.705007e-08 1.4258384e-06 0.00010627091 2.6926594e-07 2.116941e-06 2.6535404e-06 1.1808564e-07 0.0010801895
0.33669963 0.00019123929 0.0010309033 3.285492e-05 0.018848728 2.5395857e-06 1.2466974e-06 9.319632e-06 0.013664194 7.6789656e-05 2.2973865e-07 0.0040929397 0.1656343 0.95697963 0.037822112 0.006853999 0.00023717231 0.9988157 1.443855e-05 2.3301343e-12 0.9861235 0.00021146428 1.1909315e-06 1.549446e-06 0.0011738957 2.3995065e-06 0.0003121722 0.15616588 9.668573e-06 0.00020186244 7.271089e-05 0.00044145907 4.796525e-08 3.984625e-06 0.8651646 9.1120555e-08 0.45901084 0.039893977 1.6173051e-06 2.1261034e-05 0.008331136 3.358032e-06 7.513909e-08 0.042994782 0.05037076 3.9097827e-07 4.038602e-06 0.0053563598 4.734218e-05 0.0001958676 0.027553216 2.0162904e-08 0.02241332 0.0041415473 1.7809836e-07 1.3807086e-07 4.54585e-07 0.000558592 1.2518453e-08 6.795532e-08 0.007976832 4.1383527e-07 2.1004087e-08 0.008818414 1.7782918e-07 0.0027104034 2.187156e-06 1.17169044e-07 7.751905e-07 1.42416e-06 0.0032335927 4.5546262e-08 0.0013546408 9.4433165e-07 2.0615853e-06 1.793431e-07 1.3882756e-05 0.001321947 1.0457154e-10 0.00109059 5.7611793e-08 1.3580225e-05 1.6093891e-06 0.0010433941 0.0017403705 0.00011756019 0.00037866828 1.7046377e-06 5.0700193e-05 0.00034750375 0.00038051815 0.0012849637 4.5875113e-05 9.336471e-08 2.1669248e-05 4.3811924e-05 2.6481393e-05 5.1997667e-06 1.9595502e-06 9.55747e-06 0.00014275283
0.9615606 0.0011909851 0.0037080855 0.0005508903 0.034155473 6.3772522e-06 3.5106546e-05 2.019956e-05 0.027650831 0.00045524837 2.4088058e-06 0.020986782 0.6571581 0.92272073 0.17178418 0.016665863 0.0022238311 0.34972867 6.7518406e-05 0.9861235 4.4692774e-15 0.00052051677 3.9996903e-06 9.4537955e-07 0.021799253 6.7506976e-06 0.002331162 0.87403053 1.6458367e-06 0.0061934297 0.00044285273 0.016499558 6.088908e-08 2.5527659e-06 0.15278192 2.8139993e-08 0.9526189 0.88423294 8.503623e-06 3.801224e-06 0.0040942323 3.727547e-05 4.4443773e-08 0.3346642 0.198275 1.9585561e-06 1.7704877e-05 0.018556558 0.00031856215 0.28532207 0.55052483 8.8794394e-08 0.49309874 0.06528648 9.075008e-08 1.5572536e-07 7.4876954e-07 0.009428325 3.0138742e-10 2.378178e-08 0.37089628 7.445587e-08 2.4809074e-08 0.14703177 5.9483884e-09 0.008633689 7.252432e-07 4.63192e-09 3.8350436e-08 6.8138315e-06 0.1360784 2.1921917e-07 0.062345557 1.8066888e-07 6.6318303e-06 3.2603698e-08 0.0003991435 0.13904738 1.3771032e-08 0.10534552 5.560532e-07 9.0468246e-05 8.393539e-06 0.024502894 0.03872533 0.0017245221 0.008972336 9.508127e-07 0.00015187485 0.020658288 0.0047500217 0.04948412 1.9856252e-06 4.0268258e-08 3.9015922e-05 0.0008586302 2.5449885e-05 1.2546433e-06 5.9724107e-07 1.0878757e-05 0.0017081726
0.07817052 0.08500526 0.030842332 0.20658852 0.00866937 0.002295709 0.0028998195 0.06202313 0.0057144742 0.63412434 0.049792398 0.6992116 0.0024555754 0.027910369 0.57788 0.11224374 0.99938774 0.018212855 0.974708 0.00021146428 0.00052051677 4.907439e-14 0.12928447 0.00045632946 0.0054225125 0.0029909527 0.008257415 0.0026711728 0.00017155273 0.0035146845 0.0032744596 0.0043196925 0.17078218 5.137499e-05 8.157302e-05 0.0003564625 0.0012457443 1.2705111e-05 0.0001246588 2.9375644e-05 1.4740556e-06 0.93101126 0.000106987616 0.00015093572 8.600915e-06 4.1736853e-06 0.0002562672 2.940123e-07 0.0010120323 5.658562e-07 0.00036439882 4.642382e-06 0.0002860607 0.00021106456 0.003167666 4.917414e-06 0.00050829607 1.1520306e-06 3.61176e-05 2.5669717e-06 0.0005561948 1.1309399e-05 1.3917306e-06 0.00038201656 3.490978e-06 1.027492e-05 0.000121577985 0.00020871226 5.71516e-07 1.5486268e-05 0.00032558743 1.6541165e-08 2.4891418e-05 0.113918744 1.4951645e-05 1.2082309e-08 0.00013343705 7.520121e-05 2.2347903e-08 0.00014612112 6.7798596e-06 2.0740099e-05 0.76843816 0.00030544653 2.690457e-05 3.114993e-05 5.8514223e-07 1.1911836e-06 2.9932178e-07 0.0005327103 0.00021847669 0.00014508981 3.45178e-05 1.6913189e-08 1.766504e-07 7.04109e-06 8.685237e-08 2.7040164e-06 1.1484024e-05 2.4742112e-08 3.68554e-05
0.9534708 0.0045064627 0.00045703218 0.027613161 0.00012242292 0.028341677 0.05890622 0.09204034 0.0004400602 0.032918103 0.8175113 0.00032554704 2.2473263e-05 2.3278903e-05 7.3578826e-06 0.10770565 0.0016611539 3.098418e-06 0.9797564 1.1909315e-06 3.9996903e-06 0.12928447 2.6012107e-14 0.94494444 0.039902736 0.63182575 0.28419235 0.00036501634 0.1444184 0.09758559 0.66222364 0.0075218324 0.98562664 0.07997753 2.5277313e-06 0.5304492 2.4459832e-06 4.2610356e-08 0.1391244 0.015984694 3.842763e-07 0.8258882 0.11258928 1.2864747e-07 1.7552653e-08 0.013095814 0.07937686 1.6887249e-07 0.3255579 2.565491e-08 0.00036456948 0.0038641682 0.000101141806 1.8538324e-06 0.54914296 0.0016822512 0.2754983 9.133736e-08 0.008365582 0.00036573329 2.0118661e-05 0.00040786355 0.00022901318 0.0015554823 2.6418911e-05 4.2333436e-06 0.0017551675 0.004971872 4.475901e-06 0.006098387 0.00073374424 2.4152156e-05 2.271454e-06 0.16542661 0.000695459 2.611213e-06 0.0068017505 1.8815208e-05 1.3601461e-06 1.8147843e-05 4.2072206e-05 0.0040674256 0.038765844 0.0045513688 1.2856892e-06 0.01522904 3.1132274e-06 4.750767e-07 8.1807906e-07 0.001678912 0.036297377 0.0006410912 2.367234e-05 6.830461e-08 1.5871434e-06 0.0013680747 2.7037294e-07 2.0905178e-05 8.773482e-06 1.2149394e-08 0.006056206
0.99062437 5.7740097e-05 1.6824397e-05 0.0028691792 2.9967466e-06 0.00284254 0.00951789 0.006711598 1.5561758e-05 0.0015471597 0.2962992 9.05816e-05 1.3607553e-05 3.1906593e-06 1.0623888e-06 0.027778374 2.6212092e-05 2.1158984e-07 0.17476715 1.549446e-06 9.4537955e-07 0.00045632946 0.94494444 1.345134e-15 0.014623426 0.8453797 0.11504514 9.28209e-05 0.5717957 0.055880602 0.52715665 0.0012918635 0.84781975 0.6619121 1.8819811e-06 0.9755554 5.0467486e-07 2.2810975e-09 0.44596922 0.2576752 2.5623464e-08 0.12819445 0.8582563 4.5539316e-08 5.2641433e-09 0.35825995 0.5456274 3.0656585e-07 0.47238508 2.563521e-07 8.667823e-05 0.099123694 1.512176e-05 4.0385842e-07 0.44582906 0.0141955055 0.44555536 4.3870646e-08 0.045028344 0.004714599 6.2333675e-06 0.03673737 0.01066064 0.0004991621 0.0038718206 4.780088e-07 0.05418761 0.19553265 0.00033925127 0.07238572 0.0005646054 0.00094864593 6.6605676e-06 0.028433017 0.011099757 3.1149815e-05 0.04124065 2.4828296e-06 0.0008418082 3.6748457e-05 3.674355e-05 0.014151744 0.00063324656 0.0011403303 1.0797089e-06 0.089235485 1.731988e-07 5.097689e-07 1.905723e-07 0.0006209055 0.102155074 0.0006084355 0.00017808608 1.228665e-07 3.7506393e-07 0.0041652564 3.271038e-09 0.0012993531 2.9514786e-05 3.5786584e-08 0.0037541129
0.9384394 0.37614304 0.32896537 0.5349211 0.05164848 0.040952027 0.52425694 0.024073668 0.67512405 0.25429827 0.13246536 0.0070335506 0.3585943 0.13483441 0.0031634364 0.97578657 0.041603673 0.00023241849 0.054762382 0.0011738957 0.021799253 0.0054225125 0.039902736 0.014623426 2.9898424e-11 0.01902301 0.9432694 0.72176325 0.000815353 0.92710114 0.12706952 0.9599312 0.00026798135 0.0001907697 0.00020087919 0.0002819224 0.037883807 5.3466905e-05 0.0035364786 3.5669902e-05 1.2509777e-06 0.007290156 0.00020531524 0.00182226 0.0001301542 1.7584916e-05 0.00017466355 1.6171155e-06 0.07689402 1.5378626e-05 0.04745392 3.8692106e-05 0.004898923 0.0002477073 9.270784e-05 1.5825239e-05 3.0539602e-05 1.6059355e-05 5.560619e-06 5.543532e-06 0.00054317794 6.500979e-06 1.7267197e-06 0.084609784 5.841119e-07 8.80344e-05 4.819994e-06 2.0692349e-05 1.5498688e-06 0.00010777686 0.014504208 2.4198613e-07 6.249925e-05 0.00011529846 6.5286204e-06 2.1981195e-06 0.00085401867 0.00013384757 2.3219945e-07 0.0005470778 2.1652506e-06 0.00015007339 0.00010263339 0.03840962 6.6476537e-06 0.003138748 4.2454176e-05 5.371227e-07 3.5672433e-06 0.06910505 0.021561287 0.010461871 1.5071427e-07 1.1401855e-08 3.8472426e-06 0.002627202 5.245291e-09 6.9620825e-07 2.246405e-07 2.2316055e-07 0.014521294
0.87635255 0.0031118668 0.0015321652 0.13757358 0.00045928676 0.18273059 0.59836704 0.018283023 0.0009784643 0.006018361 0.64962393 9.015964e-05 6.3721054e-05 6.641897e-05 3.0599845e-06 0.03186452 8.335391e-05 7.0677647e-06 0.16956255 2.3995065e-06 6.7506976e-06 0.0029909527 0.63182575 0.8453797 0.01902301 1.4908443e-13 0.49812618 4.064639e-05 0.9938419 0.034639668 0.8882593 0.0016207694 0.08481521 0.31705707 5.171632e-06 0.14046742 2.0459353e-05 7.027629e-07 0.976505 0.09298112 1.4887795e-06 0.014262282 0.32748517 1.873416e-06 1.0145688e-07 0.004622072 0.56804574 2.373978e-07 0.6728309 5.4164852e-06 0.00021889215 0.0034862123 2.6756576e-05 2.6259104e-07 0.01704703 0.0005688386 0.01014022 7.560988e-07 0.00037245057 0.00032961482 1.33982485e-05 0.0005769472 7.224357e-05 0.0023570466 2.1187823e-05 3.2312328e-06 0.0018452707 0.0031895598 3.645083e-05 0.0061770524 0.00032677106 5.3029067e-05 1.2838542e-07 0.0013121379 0.00034025506 8.1815784e-07 0.038804337 1.2488273e-06 2.8054448e-05 8.319329e-06 1.3141265e-06 0.002176998 2.6954756e-05 0.0015815742 5.051e-09 0.023869252 7.132833e-07 7.9810654e-08 7.0401194e-07 0.0031648427 0.028472476 0.00011518944 1.9951103e-06 2.9209701e-09 1.8146693e-06 0.002320794 4.2797264e-09 1.38971145e-05 2.1668443e-07 5.9436058e-08 0.016630037
0.90273756 0.2752109 0.17309551 0.5332611 0.017988477 0.21468942 0.9358578 0.09821028 0.1450365 0.26615852 0.47645068 0.0028215197 0.033233933 0.014266064 0.00041832236 0.86978215 0.029789468 3.2319065e-05 0.29558694 0.0003121722 0.002331162 0.008257415 0.28419235 0.11504514 0.9432694 0.49812618 1.9959266e-12 0.006588017 0.013376425 0.9778179 0.96779716 0.3717531 0.0012740603 0.0032621913 2.838707e-05 0.0039461902 8.263823e-05 3.200341e-06 0.14220826 0.00064443046 1.358702e-06 0.053616352 0.007098647 2.293796e-05 5.1508114e-06 0.00035469592 0.0033074813 2.5287017e-07 0.3591968 4.900523e-06 0.0012160537 0.0010927368 0.00044771604 2.181046e-05 0.00059293053 0.00025980826 0.0003700755 1.3732948e-06 4.5274457e-05 0.00023963826 6.273896e-05 8.300266e-05 5.046311e-05 0.013971973 6.1001256e-06 1.7774553e-06 8.903237e-05 2.76184e-05 1.8710549e-05 0.0014255829 0.003245585 1.20293935e-05 1.1284975e-05 0.0005680428 0.000111687594 1.7376835e-06 0.0031847954 2.0123978e-05 1.3272758e-06 0.00011723349 4.258395e-06 0.0008065708 0.000561484 0.00990722 2.161748e-07 0.0052144886 2.5339187e-07 7.729979e-07 1.8640348e-08 0.016513286 0.01134607 0.0045229346 1.6463264e-06 1.4898531e-08 4.3755512e-07 0.0028738114 4.691175e-11 4.182001e-06 4.269291e-07 4.023816e-08 0.019699475
0.9904183 0.05494318 0.20081906 0.055584885 0.1343857 0.00021091868 0.0061593726 0.00059291045 0.7781324 0.016026335 0.00059274456 0.009309929 0.9788356 0.70330757 0.033180766 0.15501964 0.004279601 0.0143722985 0.0009028312 0.15616588 0.87403053 0.0026711728 0.00036501634 9.28209e-05 0.72176325 4.064639e-05 0.006588017 4.777458e-13 1.23912605e-05 0.010365548 0.00038184627 0.54364634 1.1820638e-06 1.1325718e-05 0.0006875934 2.7844172e-07 0.8064952 0.006590213 0.00013062923 4.653588e-06 1.1212875e-05 3.2281147e-05 1.8003901e-07 0.15207545 0.014615136 3.655016e-06 3.7524966e-05 4.230145e-05 0.0012713046 0.00022432166 0.865716 4.6396886e-07 0.67162496 0.014155732 5.9933336e-07 1.7340599e-06 2.3698872e-06 0.0006717601 2.887751e-08 7.577201e-07 0.03306423 8.431582e-08 1.3931668e-07 0.7587971 2.4252499e-08 0.0014241303 1.0682194e-06 7.2355823e-07 9.5452e-08 7.602981e-06 0.49420464 7.674397e-07 0.0043474277 0.00020951594 8.1205803e-07 1.5027805e-06 0.00044900223 0.020042669 1.4086173e-09 0.029773833 1.0420462e-06 3.405224e-05 5.274954e-05 0.0929779 0.0028683462 0.0012274061 0.0005254153 1.3219587e-06 0.00013107834 0.07780163 0.0060289227 0.072884224 3.353572e-07 6.8259514e-09 8.533136e-06 0.0011387258 3.4228723e-08 5.191435e-07 1.7863913e-07 1.2692051e-06 0.004096763
0.6527854 0.00019085051 0.0001233057 0.0056482377 3.7413658e-05 0.0068070353 0.022523245 0.00072621804 0.00011932849 9.107438e-05 0.06718834 1.2816352e-05 6.7796723e-06 1.2335868e-05 3.5641537e-07 0.0013510438 1.5905945e-05 1.144336e-06 0.008066613 9.668573e-06 1.6458367e-06 0.00017155273 0.1444184 0.5717957 0.000815353 0.9938419 0.013376425 1.23912605e-05 9.1922073e-17 0.001423712 0.06351908 7.647737e-05 0.016398216 0.996292 7.966165e-07 0.0829724 1.2379537e-06 5.851076e-07 0.8616748 0.7040587 5.684161e-07 0.00041735146 0.29807785 4.3017906e-07 8.085315e-08 0.12810047 0.60791206 1.7249338e-08 0.21023898 1.0028257e-06 1.5624619e-05 0.03741803 1.9907004e-05 9.580676e-08 0.012863867 0.0055613304 0.011026589 3.5189032e-07 0.00071155734 0.0021959501 7.738437e-06 0.0021043187 0.00051984977 0.00065832 0.00011089001 1.1565609e-07 0.013634691 0.006117408 0.000578832 0.035531648 6.8756715e-05 0.00010462293 2.3837696e-07 0.00030769047 0.0016130217 4.0989707e-06 0.057064053 1.3691193e-06 3.7043214e-05 1.3208908e-05 2.9056491e-06 0.005476834 2.0541112e-05 0.0004400499 1.5050565e-08 0.015194309 3.1628793e-09 5.936069e-07 1.567685e-08 0.00047641242 0.020113407 7.505498e-05 4.38994e-06 7.6769844e-08 8.009938e-07 0.0022282011 1.6969816e-10 7.852923e-05 8.510876e-06 5.9391265e-09 0.0037077446
0.93271554 0.1697742 0.11566204 0.27095553 0.011107397 0.060139693 0.616551 0.026028488 0.1471687 0.1495303 0.19843614 0.0012926516 0.031569522 0.007822904 0.00022550931 0.6758379 0.014662896 4.7688558e-05 0.09550143 0.00020186244 0.0061934297 0.0035146845 0.09758559 0.055880602 0.92710114 0.034639668 0.9778179 0.010365548 0.001423712 3.267776e-13 0.8924348 0.9821749 0.0005910759 0.00030415595 1.7207714e-05 0.0005677882 0.0001840727 8.0304056e-07 0.025579607 8.3748724e-05 1.6942634e-08 0.012540573 0.0023861332 6.481275e-06 1.1940408e-06 8.708506e-05 0.0022331278 6.035649e-08 0.7518941 5.36561e-07 0.0040326873 0.0006230486 0.0005674171 3.7078626e-05 0.00018565712 5.0030878e-05 0.0001170706 9.042326e-06 9.77379e-07 1.4881486e-05 0.00015402824 2.3362638e-05 1.4101969e-05 0.32635343 4.7367058e-07 5.4095935e-06 5.253111e-05 5.729478e-06 7.741927e-06 0.0010813469 0.014979371 3.221158e-07 2.7145887e-05 4.654309e-05 6.130507e-05 1.2343574e-07 0.019969663 3.9572777e-05 9.11748e-08 9.4145245e-05 6.393039e-07 0.00144439 1.0403268e-05 0.1273672 3.7730115e-07 0.010832534 1.3441423e-06 3.9678756e-08 2.004267e-07 0.15464059 0.042357463 0.0076493025 6.0064826e-07 1.4800244e-09 6.817445e-08 0.006828586 2.8996752e-10 3.6769018e-06 3.4755791e-07 4.7921823e-08 0.111811124
0.9417269 0.075541124 0.060110945 0.39252985 0.007468648 0.31958932 0.92139435 0.18331072 0.021141784 0.09677865 0.65166575 0.00028026814 0.0026086646 0.0019872633 2.9412786e-05 0.23778415 0.004503563 9.692973e-06 0.42889124 7.271089e-05 0.00044285273 0.0032744596 0.66222364 0.52715665 0.12706952 0.8882593 0.96779716 0.00038184627 0.06351908 0.8924348 1.8269647e-14 0.05015184 0.024319137 0.015182293 9.75771e-06 0.040105958 8.768162e-06 7.822634e-07 0.8946584 0.004246088 5.072184e-06 0.1072555 0.056477617 1.346435e-06 3.173518e-07 0.0024952076 0.1799954 1.0948533e-07 0.9634313 6.4747854e-07 0.00043266974 0.007184241 0.00010612325 4.6844316e-06 0.0062867315 0.0006959656 0.0037396962 5.7350724e-07 0.00011232872 0.00054633484 2.4240742e-05 0.00020948455 0.00020655846 0.016042031 1.0337894e-05 2.746418e-06 0.00046441914 0.00015356606 4.734367e-05 0.009536107 0.0027623088 7.703354e-05 4.7918484e-06 0.00083571766 0.0009526817 3.9891174e-07 0.0732523 6.7127817e-06 4.153132e-07 3.206688e-05 1.387875e-06 0.009617355 0.0008048159 0.013054696 8.709307e-08 0.038727727 2.05678e-06 4.2917472e-07 1.3117281e-07 0.024636885 0.06828053 0.0038049074 5.881261e-06 8.091837e-09 1.0821122e-07 0.013324206 1.7738312e-10 1.7100347e-05 5.141219e-07 2.344163e-08 0.077406935
