2.8199814e-14 0.95708567 0.46029013 0.6058508 0.63620794 0.36006087 0.9155917 0.53648734 0.9598389 3.1991374e-05 0.1619053 0.048152376 0.007645135 0.18623932 7.935714e-05 0.9598676 0.9173894 0.0017551759 0.9595358 0.0052692452 0.08023329 0.2995232 0.93974364 0.81454676 0.008471667 0.93826693 0.71059 0.9899445 0.9985019 0.8847732 0.82761914 0.85000193 0.3879165 0.8356757 0.81127477 0.61301 0.95310014 0.01818198 0.9223061 0.7368034 0.055601478 0.7875426 0.9510083 0.9679699 0.90218526 0.7273842 0.87827355 0.94351155 0.7807025 0.91464597 0.70297927 0.9499445 0.8513687 0.7272017 0.04397492 0.6629883 0.9060541 0.9181329 0.9733695 0.8591149 0.9940832 0.82423073 0.9774213 0.00015889897 0.993502 0.82275 0.7571413 0.8448561 0.49498394 0.5366453 0.9777138 0.9918352 0.67149776 0.6540839 0.94503313 0.6483428 0.97318125 0.7352863 0.8525405 5.299813e-05 0.8148564 0.025756966 0.8245965 0.73816067 0.19156899 0.80164325 0.9862923 0.87019724 0.8498443 0.999943 0.9932543 0.9480956 0.30995294 0.9119827 0.948178 0.9996717 0.9184395 0.9786981 0.9999179 0.036039352 0.012547769
0.95708567 8.1861724e-17 0.8606642 0.14414588 0.9558183 0.9615175 0.9343859 0.8416573 0.011915543 0.0022814046 0.04491506 0.016522918 0.0034188353 0.0048031453 3.0090555e-06 0.008791707 0.92082125 6.193489e-06 0.029886559 0.0007222681 0.00020977225 0.00052745966 0.5731335 3.8208702e-05 6.736077e-07 6.547224e-05 0.004426431 0.00017485506 0.062954806 0.0063674683 1.8103841e-06 0.00025561158 3.8175976e-06 0.06857241 0.15587829 2.8504112e-06 3.5057813e-08 2.4663523e-08 0.04310922 2.2786853e-06 7.728417e-07 1.0511663e-07 2.6340933e-06 2.526401e-06 2.6479802e-05 9.964874e-08 0.00013032026 2.6210515e-07 0.01731981 1.2629162e-07 1.307738e-06 6.8743105e-08 0.074149884 2.453281e-08 6.7961274e-08 2.481188e-07 0.118251584 1.04459215e-08 0.005344292 1.3348132e-08 0.12120795 9.992682e-06 0.0157241 1.5118509e-06 1.5138411e-07 2.5490342e-06 5.0961553e-08 3.2832347e-08 1.2269466e-06 4.293454e-09 3.7697728e-08 1.9852146e-06 1.0585354e-08 4.609561e-09 0.012531857 6.196161e-09 1.0156807e-06 5.940738e-08 2.140041e-06 6.7966556e-07 1.9118365e-06 5.67082e-07 1.8385383e-07 9.3583077e-07 4.1456587e-08 2.1583388e-07 9.900409e-07 6.681161e-08 1.9874421e-06 0.0005990525 0.0005198693 2.5986797e-08 1.1729604e-07 5.352389e-05 6.6335815e-08 6.9902846e-05 2.1458673e-08 3.0243993e-07 3.547967e-07 6.184856e-07 3.8790049e-07
0.46029013 0.8606642 5.7507317e-18 0.99953055 0.96937275 0.3698466 0.95102876 0.0314867 0.33263057 0.060659617 0.0009799734 0.00033122444 0.62356555 6.6950465e-06 1.7494554e-05 0.3726384 0.25618443 0.0012421455 0.0029815584 3.5648798e-06 7.129539e-06 0.06306056 0.05315341 0.0026458069 6.2436935e-05 0.00029862567 0.07448055 0.00089913263 0.0018500723 0.03067465 6.7430307e-07 0.0014074137 7.7062924e-07 0.0069173304 0.0915885 3.2757853e-06 4.3648527e-07 1.4811874e-06 0.031378966 1.634512e-06 1.0316444e-05 4.9598206e-08 3.059738e-05 4.3101102e-07 0.00017230974 3.0758304e-08 0.0003944802 3.448527e-08 0.0005372925 5.9235487e-07 6.012311e-07 7.996745e-08 0.00037759886 1.7091288e-08 1.7043199e-07 3.7976528e-07 0.010472656 5.5398246e-09 0.003531873 3.1883367e-09 0.0022796367 3.315564e-05 0.0035770654 3.4157567e-06 1.1962313e-08 4.5403976e-06 7.841692e-10 7.638232e-09 4.0551856e-10 4.110932e-09 4.0009853e-09 9.0609853e-07 1.4120505e-08 1.5350535e-09 0.00074353704 1.8202285e-09 8.341271e-08 4.135372e-10 4.0887024e-08 7.697483e-08 1.8298833e-07 4.1347117e-09 2.7020498e-08 1.6979199e-07 2.9006113e-09 3.7304164e-09 2.9744623e-07 6.8977474e-10 7.777229e-09 0.00027766015 0.00030340673 2.0645217e-09 6.3098793e-09 1.4816331e-05 5.0847756e-08 7.245861e-06 6.6780483e-09 3.8204528e-10 2.9542016e-07 1.7625929e-07 2.049891e-08
0.6058508 0.14414588 0.99953055 4.0343433e-16 0.642627 0.03908091 0.93339485 0.00035135853 0.99265635 0.01475263 3.4558907e-05 9.7296115e-06 0.21366514 7.4381177e-07 8.680989e-06 0.4645635 0.08156432 0.0011128439 0.00020434693 1.7283283e-07 8.7332654e-07 0.052527845 0.017528566 0.023895746 0.00020883848 0.002006196 0.2535016 0.045854364 0.00049323076 0.07856251 3.8133607e-05 0.00717339 4.7824466e-05 0.0035561959 0.12782544 0.00012478119 6.6249304e-05 3.182987e-05 0.072024226 1.0161026e-05 1.7282015e-05 1.4647906e-05 0.0013968161 0.00031851509 0.0003217261 2.6962724e-07 0.0013017064 1.1518581e-06 0.0002867118 1.6163887e-05 6.5859625e-05 7.427159e-07 0.0003267963 1.4527845e-07 2.5604353e-05 4.947977e-06 0.01606678 3.3463678e-07 0.008827864 3.7547466e-08 0.0007683193 0.00025051227 0.008701351 6.575362e-05 8.354873e-07 9.371822e-05 2.8286307e-08 9.015246e-08 2.1921842e-08 7.8416963e-07 7.5419216e-08 4.0711293e-05 1.0821437e-06 1.2333184e-07 0.0022074662 6.7258476e-08 2.1977212e-06 1.0112782e-08 1.2186199e-05 2.7929582e-06 2.676737e-05 7.308693e-07 3.2179416e-06 8.479498e-06 2.1330125e-07 3.410576e-07 3.2242468e-05 2.0830726e-07 1.1549466e-06 0.0014324426 0.0009198178 2.5496856e-08 3.3162314e-07 0.00022306663 3.5269081e-06 9.104199e-05 5.2022415e-08 1.5570404e-08 9.829376e-06 3.0176393e-06 4.8817645e-07
0.63620794 0.9558183 0.96937275 0.642627 7.4692405e-12 0.7590578 0.7218843 0.008336668 0.7208143 0.9999884 0.02108441 0.005367059 0.616606 0.0011058085 0.008020809 0.5577385 0.21544681 1.9682979e-05 0.02757442 0.005203924 0.0035478477 0.00082436245 0.057544954 0.00014226344 0.00013418985 8.875711e-05 0.009428232 0.00011037324 0.018245764 0.017204564 3.7707596e-07 0.00047591722 3.0923898e-06 0.006918558 0.046735864 5.607549e-07 4.423272e-05 8.757402e-07 0.011262849 2.932242e-06 3.71188e-06 2.5255817e-08 1.2627548e-05 1.731217e-05 7.525e-05 3.0702652e-06 0.00017277492 1.4416244e-07 0.0015565471 9.044656e-06 1.73772e-06 1.4423203e-07 0.010601982 4.018633e-07 2.3781986e-06 2.3234156e-06 0.004079021 5.321344e-08 0.00060501206 1.9492411e-08 0.0028137632 3.9878523e-06 0.00077827915 3.1085076e-06 3.5207113e-06 1.6974772e-06 2.9896075e-08 2.384851e-06 8.0982835e-07 4.9253645e-06 5.959271e-06 6.55916e-07 9.707798e-07 2.6730024e-07 0.0047262385 3.8209652e-07 4.7653575e-06 1.3203277e-07 7.120668e-05 1.1107036e-06 1.2159613e-05 2.2195425e-06 7.950556e-08 9.384176e-08 2.984567e-07 1.6041807e-06 5.252745e-07 4.2565372e-07 3.0358026e-07 0.0008961574 0.0006711953 1.7385189e-06 2.5636567e-08 8.704084e-06 8.804153e-07 7.1658023e-06 1.9220504e-06 2.1655674e-07 4.0555435e-07 4.9653345e-06 1.8546051e-06
0.36006087 0.9615175 0.3698466 0.03908091 0.7590578 1.00702744e-13 0.33662084 0.99914885 0.013700548 0.048124097 0.009502218 0.9919707 0.0020859644 0.00051957316 0.00047877102 0.007122883 0.25204074 0.0007151647 0.011479749 0.0016011255 8.528983e-05 0.00015247348 0.16457525 0.000127022 6.1836913e-06 6.875966e-05 0.0033185964 0.0005532825 0.0010676247 0.012102111 2.2146392e-06 6.694661e-05 9.5362054e-07 0.0111767035 0.02841241 1.2986283e-06 5.141104e-06 1.9913247e-07 0.0154519575 3.3229014e-07 9.828068e-07 2.8268778e-08 3.3322347e-05 4.147832e-05 4.5724202e-05 7.3425944e-08 0.0006680824 5.496932e-06 0.0004283688 7.106384e-06 9.53426e-07 2.2100059e-08 0.0028403872 5.3554853e-08 3.36698e-07 2.0321674e-07 0.013755803 1.7913533e-06 0.0053389207 9.096717e-09 0.0038717764 1.6233791e-05 0.00700493 1.8421723e-06 4.7633266e-06 5.954695e-05 1.585106e-08 2.8706935e-08 1.6593377e-07 5.584076e-08 3.43607e-07 0.00018113927 7.1449313e-09 3.5788474e-09 0.017035889 9.122189e-07 2.9596088e-06 2.240171e-09 1.941942e-06 5.309771e-06 8.009121e-05 2.1934309e-06 7.0177202e-06 2.217965e-05 9.809797e-09 2.4492334e-07 4.4199063e-05 1.2756662e-07 0.00010892009 0.0047337622 0.005230541 4.3683276e-08 1.6027102e-09 0.002820211 2.0754948e-08 0.0019124998 8.5512696e-08 1.15247495e-07 7.3009505e-06 2.9090916e-07 8.899532e-08
0.9155917 0.9343859 0.95102876 0.93339485 0.7218843 0.33662084 4.2935355e-13 0.12286625 0.61367905 0.0013545807 0.002164844 0.0007177933 0.053774416 0.00015806181 7.1213635e-06 0.052689437 0.98894215 0.00030432452 0.012280658 8.518651e-05 4.3273307e-05 0.005738293 0.4415673 0.0010199926 2.3782044e-05 0.00038953964 0.40809956 0.008143175 0.030074347 0.09753321 3.5193265e-05 0.006421063 3.8271868e-05 0.19358401 0.6251156 7.027066e-05 2.269122e-06 2.957504e-06 0.22572353 1.4351144e-05 2.8118733e-05 3.5866774e-06 0.00044370833 0.00017695162 0.0026699733 8.6794523e-07 0.00398564 2.9945897e-06 0.0375748 6.629453e-06 0.00027628714 9.929543e-07 0.03268755 2.7475693e-07 4.828333e-07 1.49909965e-05 0.24896106 4.3495405e-07 0.038942758 6.964014e-07 0.05289075 0.0009890067 0.054855056 1.7117152e-05 1.4017528e-06 0.00051052304 3.3030912e-07 4.065825e-07 1.2593995e-05 1.4001884e-06 2.6640492e-07 0.00024551025 7.805978e-07 2.3639832e-07 0.0121417185 4.7327686e-07 1.8831876e-06 4.592764e-07 4.9821476e-05 4.1461767e-06 0.00013918342 2.0832218e-05 2.7865249e-06 9.72374e-06 1.1513456e-07 2.2180889e-06 6.5842105e-05 2.907282e-06 1.739462e-05 0.001544825 0.0009522149 9.0089935e-07 3.9304623e-06 0.00023119531 3.554341e-07 0.00021245053 2.3018406e-07 1.0177255e-06 9.689351e-06 5.672373e-05 1.3121854e-06
0.53648734 0.8416573 0.0314867 0.00035135853 0.008336668 0.99914885 0.12286625 5.11914e-18 0.00017156254 3.9312254e-05 0.9750233 0.9703561 6.703087e-07 0.0018999961 1.0283798e-06 4.128215e-07 0.25899366 6.047078e-07 0.59138066 0.00169132 5.75545e-05 6.063946e-07 0.66853064 9.937268e-10 1.3248527e-08 1.7540495e-09 0.0015052626 2.7125518e-05 0.0023699563 0.0024714537 4.0269232e-09 5.8381142e-06 3.0248565e-10 0.31277213 0.06517724 1.2240414e-11 5.233199e-09 7.3860035e-10 0.010205336 1.3598646e-10 9.339174e-09 5.6921943e-11 7.3189887e-07 6.40788e-08 1.7989734e-06 1.1628256e-10 2.9405439e-05 3.490207e-09 0.010082012 2.9510772e-08 8.4613777e-10 3.2322633e-09 0.033561274 2.8401823e-09 1.7036642e-08 2.3413971e-08 0.057456117 1.310622e-08 0.0007952912 4.2382872e-10 0.034914855 8.253753e-06 0.004323251 4.0650806e-11 1.0629563e-08 0.00017216388 1.8115644e-11 2.0986137e-09 3.1978986e-09 2.3207702e-09 3.0247886e-09 8.194182e-05 3.5482733e-10 1.2386131e-09 0.027212257 1.4945415e-07 2.8215664e-08 1.4517912e-09 2.3741988e-08 1.3519058e-08 1.2026411e-05 3.967805e-09 3.4231542e-07 3.4707816e-06 1.5104838e-07 3.7793868e-10 0.0001273688 3.2692746e-08 4.2632632e-06 0.004865319 0.00085064577 3.3252647e-08 2.6340706e-08 0.0016051672 2.7314548e-09 0.0021773416 4.1310795e-08 2.1982987e-07 6.154496e-05 7.315572e-08 3.4965102e-09
0.9598389 0.011915543 0.33263057 0.99265635 0.7208143 0.013700548 0.61367905 0.00017156254 1.1910817e-15 0.0033965758 1.1444572e-06 2.7096428e-07 0.28702077 2.6872027e-07 3.026558e-05 0.97742933 0.09790414 0.024034474 6.2335974e-05 7.809042e-08 6.3003495e-07 0.33427325 0.04287438 0.23514709 0.0036772194 0.05251706 0.9148621 0.69571805 4.6146637e-05 0.6529474 0.00019774976 0.6047882 0.0006757152 0.0043624165 0.5826885 0.00042617944 0.0010220822 0.0018141071 0.4785112 2.0475434e-05 8.6610635e-05 2.417483e-05 0.023736155 0.0046415543 0.030894771 7.409713e-07 0.09217096 6.9486035e-05 0.00025672608 0.00014727475 0.0004417758 1.2028539e-06 0.0016819745 3.0707326e-07 2.1718693e-05 1.5693988e-05 0.041669052 9.887756e-07 0.18433462 4.1915814e-07 0.0015091918 0.006007689 0.07211185 2.5329473e-05 5.457328e-06 0.002235392 5.245951e-07 1.1645836e-06 9.2777356e-07 1.3622232e-06 2.9528957e-08 0.0015847645 2.2901718e-07 6.1711845e-08 0.010921837 1.7566325e-07 5.691061e-07 5.3686065e-08 0.00013674989 1.4766114e-05 0.00038888006 1.5000705e-07 1.8298397e-05 6.2968116e-05 1.6329017e-07 3.534998e-07 0.00019281496 1.7554098e-07 5.0517683e-06 0.0028489993 0.0037241257 7.793727e-09 4.400562e-06 0.0007756343 3.382657e-07 0.00033241458 1.6618674e-08 1.2254151e-07 0.000114529365 4.2282186e-06 7.887447e-07
3.1991374e-05 0.0022814046 0.060659617 0.01475263 0.9999884 0.048124097 0.0013545807 3.9312254e-05 0.0033965758 1.4244019e-15 2.4634692e-05 0.00034138226 0.98922753 3.842087e-06 0.9703748 0.010067215 0.000145763 0.036596596 1.0272647e-05 6.7080555e-07 6.838371e-07 0.00274585 1.209922e-05 8.065793e-06 0.00018198461 1.1638398e-06 6.225796e-05 4.251574e-06 1.4254177e-05 6.413312e-05 5.947223e-08 1.1347883e-05 1.890669e-07 4.929502e-05 1.1970045e-05 2.9884973e-07 8.480675e-07 1.2338461e-06 1.3115793e-05 5.525284e-07 2.1381152e-06 3.6460264e-08 1.9205718e-06 1.0778374e-06 3.3109777e-06 3.3518052e-08 8.0188875e-07 1.1975571e-07 1.8153755e-06 6.6139773e-07 9.6989176e-08 3.886664e-08 1.3113442e-05 2.5030343e-07 2.3074341e-07 2.0504951e-06 5.9198583e-06 4.367919e-08 1.8632983e-05 1.5191792e-07 9.4546436e-07 3.3008462e-07 1.16356505e-05 0.0001796628 1.9892436e-06 1.5183406e-07 3.4155463e-09 5.111627e-07 6.0577213e-07 1.300138e-07 5.3135983e-07 8.293404e-09 5.1320933e-07 7.202896e-08 2.7562748e-05 2.437457e-07 1.3773188e-06 8.5457906e-08 1.9860495e-06 3.0098892e-05 4.657126e-08 5.450065e-07 5.816574e-08 5.5028426e-08 3.0418713e-07 1.1911775e-07 5.033115e-08 2.2892505e-07 6.0629255e-08 5.4269844e-07 5.0849317e-06 6.273659e-06 1.7257918e-07 1.9461588e-07 3.08532e-06 7.1863475e-08 1.1884055e-05 7.1186676e-08 2.427874e-08 2.3439476e-05 5.4660813e-07
0.1619053 0.04491506 0.0009799734 3.4558907e-05 0.02108441 0.009502218 0.002164844 0.9750233 1.1444572e-06 2.4634692e-05 2.3067635e-16 0.9959031 1.6180047e-07 0.99869806 6.641853e-07 2.4288204e-07 0.015735868 2.6499292e-08 0.81429976 0.012296755 0.00012112803 4.4101994e-06 0.19038914 1.8481288e-08 1.2705783e-06 4.457817e-08 0.00015255537 9.294221e-06 0.006161855 0.0001364543 2.680695e-08 2.7365563e-06 9.831658e-09 0.18139783 0.004045676 7.578357e-09 5.361257e-09 3.0659943e-09 0.0007099204 2.8356911e-08 2.9721969e-07 5.966057e-09 1.3538961e-07 2.0443396e-07 1.6625492e-06 3.0494898e-09 6.1921955e-06 7.88999e-09 0.009863406 3.3311174e-08 2.4398883e-08 5.3435272e-08 0.012484352 2.893783e-08 2.9707712e-07 1.3441129e-06 0.007550361 2.425967e-08 0.00012544627 3.2047268e-08 0.010238856 1.4283058e-06 0.00017758844 1.7078017e-07 2.0364887e-08 4.570291e-06 4.1412287e-10 1.0488092e-07 7.542055e-07 7.537302e-09 1.6211827e-08 7.646472e-06 2.6510563e-08 2.8541185e-08 0.00224137 9.948371e-08 1.980263e-07 3.7565655e-08 6.410114e-07 5.8160747e-08 3.4656184e-06 1.5793086e-08 2.2131539e-07 4.89345e-07 3.583995e-07 6.7690085e-09 6.69302e-05 1.2334502e-07 4.4886754e-05 0.00058667944 0.0002813715 4.9201793e-07 1.0484006e-08 0.0012287911 8.2176854e-08 0.00029574448 1.7611681e-07 6.135973e-08 3.9465685e-06 1.9663314e-07 2.2482235e-08
0.048152376 0.016522918 0.00033122444 9.7296115e-06 0.005367059 0.9919707 0.0007177933 0.9703561 2.7096428e-07 0.00034138226 0.9959031 2.003851e-14 4.082994e-06 0.829467 1.5114126e-06 2.644215e-07 0.00076634856 7.1555627e-07 0.012942311 0.091938674 0.00011036356 6.990688e-06 0.0029084217 6.347919e-08 9.772831e-07 1.1720654e-08 1.0516671e-06 2.2337675e-08 0.000696627 2.6965938e-07 4.4831476e-09 2.9166404e-08 4.78407e-09 0.0023980516 2.4856927e-05 1.5270063e-08 1.1999814e-08 1.001756e-08 1.3655595e-06 2.0433983e-07 6.506344e-08 3.5630032e-10 2.5213128e-08 4.0754022e-09 2.1607114e-07 1.1702069e-08 4.0565357e-08 3.6329098e-10 0.0002558713 5.7773195e-09 2.0177857e-09 3.9779064e-09 0.0003408203 1.5982898e-09 1.0373437e-07 1.9680573e-09 5.037939e-05 1.3188942e-09 2.0567309e-06 3.6941712e-09 9.941623e-05 1.9258557e-08 8.372162e-06 4.3149595e-07 1.8460702e-09 1.5918987e-08 5.0698473e-10 4.580184e-09 7.0267106e-07 2.425761e-10 3.5256282e-09 6.257027e-09 3.688345e-11 3.423358e-10 0.00011698712 1.9095898e-08 2.5472163e-08 4.3013615e-10 1.720127e-08 1.9609672e-06 2.0097775e-09 5.266355e-08 1.3763726e-09 1.8138931e-09 5.1802176e-09 6.455671e-09 1.680351e-08 7.091354e-10 1.476602e-08 2.9940917e-05 1.7347777e-06 7.806324e-10 4.849415e-10 9.985265e-07 1.2935424e-09 1.6645561e-06 1.481421e-07 4.1996612e-10 1.1205278e-08 7.830068e-09 4.1928203e-09
0.007645135 0.0034188353 0.62356555 0.21366514 0.616606 0.0020859644 0.053774416 6.703087e-07 0.28702077 0.98922753 1.6180047e-07 4.082994e-06 3.810471e-16 1.5305864e-07 0.99082947 0.8696449 0.001294267 0.9526554 4.794918e-07 3.3422248e-07 7.425916e-06 0.04600068 7.080715e-05 0.0048196595 0.0014034088 2.4615365e-05 0.003823681 0.00047913898 2.2126496e-05 0.0021421278 3.0458423e-07 0.00077690504 2.677099e-07 2.0410105e-05 0.00043507872 2.5189178e-07 3.4041878e-07 3.0701645e-05 0.0003303109 3.8614508e-07 8.319582e-06 1.4227916e-08 1.3864933e-05 9.524772e-07 1.0850098e-05 3.3790283e-08 7.827989e-06 7.313424e-08 2.5606832e-06 6.3661344e-07 9.862883e-07 2.3269713e-09 7.285336e-06 3.819779e-08 4.966092e-06 6.1559194e-06 1.8270566e-05 1.4985605e-07 6.852315e-05 8.573165e-09 6.963686e-06 5.830542e-06 6.10864e-05 6.7757196e-07 2.0775701e-08 3.6025012e-06 2.1040363e-09 5.156166e-07 6.394828e-08 5.563343e-07 7.3935897e-09 1.5143213e-06 7.165297e-08 7.886681e-09 0.00013235395 5.1095572e-08 8.923361e-08 9.211709e-09 8.358355e-07 2.6617127e-07 2.647908e-06 3.272307e-08 1.6492767e-07 3.3719978e-08 7.340088e-08 4.888673e-09 4.6376163e-06 7.898712e-08 1.11429e-07 6.316274e-05 9.375362e-05 4.1034994e-08 1.8234925e-08 2.5736059e-05 4.9094666e-08 2.1424444e-06 6.994158e-07 8.021661e-08 1.3912975e-07 1.149776e-06 1.30136e-07
0.18623932 0.0048031453 6.6950465e-06 7.4381177e-07 0.0011058085 0.00051957316 0.00015806181 0.0018999961 2.6872027e-07 3.842087e-06 0.99869806 0.829467 1.5305864e-07 3.5167706e-12 2.1884702e-08 3.3012633e-08 0.0036653832 2.637127e-08 0.72758603 0.99945587 0.011364876 2.2460144e-06 0.077991545 5.5263403e-08 6.259469e-07 7.502152e-08 4.2766974e-06 2.721913e-08 0.020112975 2.0590487e-06 1.9397826e-09 4.0623215e-07 1.0141213e-08 0.12060849 0.00021054488 1.0366826e-08 4.0401428e-08 6.228251e-08 3.461386e-05 1.6181592e-07 1.8412941e-06 2.4612756e-09 2.3461984e-08 8.281782e-10 1.3209808e-06 5.6576525e-08 6.626917e-08 6.4770295e-10 0.013639303 6.7104196e-08 3.75949e-08 7.846847e-08 0.016232578 4.645732e-09 2.9332696e-07 1.240539e-07 0.0032230327 2.1532751e-09 3.0437892e-05 1.7650448e-08 0.013346932 5.896261e-08 5.3087715e-05 2.9097864e-06 7.0506143e-09 7.893919e-09 1.1818929e-09 1.1031666e-07 5.7915906e-07 8.7683944e-08 1.1456768e-08 1.4660356e-09 4.995373e-09 7.389445e-09 0.0026169184 3.9023156e-08 3.524761e-07 1.9746902e-09 2.5224637e-07 8.957668e-07 1.3679487e-08 6.852249e-07 1.846109e-09 1.6199609e-09 1.6584824e-08 6.2948565e-08 5.3003763e-08 4.818723e-09 3.4069447e-09 0.00016772594 4.157158e-05 5.1264917e-09 1.4387909e-09 3.1341503e-07 1.1079311e-09 3.122077e-07 3.2489025e-09 5.7773275e-10 3.6571564e-08 5.2412332e-08 5.417932e-08
7.935714e-05 3.0090555e-06 1.7494554e-05 8.680989e-06 0.008020809 0.00047877102 7.1213635e-06 1.0283798e-06 3.026558e-05 0.9703748 6.641853e-07 1.5114126e-06 0.99082947 2.1884702e-08 1.5940366e-17 0.0010792981 5.0451024e-07 0.99998254 3.1766396e-07 1.5556868e-08 3.6392368e-07 0.003665614 1.5774789e-07 3.1930536e-05 0.00035918033 9.622285e-08 4.692596e-06 1.780443e-06 2.1593827e-05 4.36843e-07 1.4205211e-09 6.5566394e-07 2.3438356e-09 6.583695e-07 1.0862176e-06 5.4957696e-09 2.1710669e-08 8.8077655e-07 2.710191e-07 7.2152266e-09 5.1776004e-07 1.118791e-09 5.0381956e-08 8.782014e-09 3.2472813e-06 4.4137694e-09 6.293092e-08 2.930064e-10 1.81328e-06 1.8552171e-08 3.880581e-09 2.5074456e-10 2.0273735e-08 5.9007327e-10 2.1080577e-07 2.0314998e-08 9.054641e-06 1.5117859e-08 1.2061473e-06 4.7480895e-09 1.3759463e-07 2.1606259e-06 4.6199634e-06 1.038918e-05 5.9097123e-09 8.593699e-08 1.6609223e-09 4.8338226e-08 9.667023e-08 1.5048297e-08 8.9236805e-09 8.869837e-09 2.508316e-10 1.1185899e-10 4.0448463e-06 4.695996e-09 7.9799996e-08 1.4419501e-09 1.5316953e-06 1.0219769e-06 4.5506056e-08 2.006584e-08 9.866538e-10 8.383277e-09 9.267964e-09 2.7330874e-08 4.5228012e-09 1.3961927e-09 7.19356e-08 2.2232976e-07 1.3971372e-05 7.400725e-10 7.2432826e-10 1.3628924e-06 5.1527174e-08 2.9558485e-08 3.91774e-07 1.4114143e-09 1.0269566e-08 9.004661e-06 2.9875196e-09
0.9598676 0.008791707 0.3726384 0.4645635 0.5577385 0.007122883 0.052689437 4.128215e-07 0.97742933 0.010067215 2.4288204e-07 2.644215e-07 0.8696449 3.3012633e-08 0.0010792981 1.6623607e-17 0.027068352 0.66277486 2.4593555e-06 2.2978553e-07 2.9520202e-06 0.9825734 0.0024004038 0.8959138 0.20989645 0.30435595 0.5010727 0.7031402 2.8279124e-05 0.43004522 0.0047170185 0.5475972 0.010621909 0.00069867854 0.08079952 0.0041419645 0.012351442 0.13704959 0.122111686 0.0008003349 0.0042511206 0.00022704489 0.033910386 0.018160215 0.1255054 0.00021843922 0.13451037 0.0041851113 0.00019404203 0.0070276433 0.00027523312 3.99138e-06 0.002912859 4.1360923e-07 0.00076123554 5.4593165e-06 0.0074969106 0.00021762954 0.078267135 4.0743336e-07 0.0010318137 0.0066435854 0.012521542 0.000164603 0.000200018 0.005801254 1.2230189e-06 1.5562449e-06 8.382867e-06 4.0929058e-07 1.7149677e-06 0.0063053565 6.9657347e-07 3.673083e-07 0.0054583824 3.9550646e-06 1.1111973e-06 5.89634e-08 1.2777105e-05 8.533279e-07 0.00077764847 1.1305279e-07 1.2944988e-05 0.00029192315 2.7608035e-08 3.1588795e-07 0.0004309671 2.1287549e-07 3.2156888e-05 0.0009215164 0.0025637902 7.584825e-08 4.5827818e-08 0.0006889282 1.265494e-07 0.0010608111 7.700959e-09 2.8391007e-06 0.00030573044 1.4935641e-07 1.1242769e-07
0.9173894 0.92082125 0.25618443 0.08156432 0.21544681 0.25204074 0.98894215 0.25899366 0.09790414 0.000145763 0.015735868 0.00076634856 0.001294267 0.0036653832 5.0451024e-07 0.027068352 1.400134e-13 8.084553e-06 0.116915055 0.0002776199 9.647926e-05 0.00025099533 0.9877744 0.00027299853 6.2428535e-07 0.00032764167 0.17411219 0.0007444291 0.23900294 0.10967955 1.459418e-05 0.0016388403 5.3257387e-05 0.3920705 0.80560595 1.9761732e-05 1.3854747e-06 2.9443108e-06 0.2068811 7.221612e-06 5.913682e-07 8.6444606e-07 5.557055e-05 0.00010594153 0.000828155 7.171898e-07 0.0024711026 4.704856e-06 0.05107059 4.240495e-06 1.7995133e-05 1.8147541e-06 0.041995645 2.5859146e-07 1.14305486e-07 6.7292995e-06 0.57647 2.13596e-07 0.05508971 2.4020167e-07 0.11027264 0.00074469583 0.19521411 4.7990925e-06 4.609414e-06 0.00051866274 6.126831e-07 8.587862e-07 3.2778757e-06 1.6307541e-07 3.4786333e-07 0.0002533103 4.7622615e-07 1.1903109e-07 0.052659657 5.0681802e-08 4.5149756e-07 5.469048e-07 6.956349e-05 1.2968769e-06 0.00027050823 6.1967467e-07 5.183077e-06 2.523082e-05 1.9651092e-09 8.151272e-06 0.0002718572 1.3435939e-06 1.3343546e-05 0.017078128 0.0052495534 5.7645735e-07 2.658297e-08 0.0013984962 3.579561e-07 0.0016322745 2.3947683e-07 1.6979062e-06 6.0924718e-05 1.1617488e-05 9.869578e-08
0.0017551759 6.193489e-06 0.0012421455 0.0011128439 1.9682979e-05 0.0007151647 0.00030432452 6.047078e-07 0.024034474 0.036596596 2.6499292e-08 7.1555627e-07 0.9526554 2.637127e-08 0.99998254 0.66277486 8.084553e-06 4.0049483e-16 1.249473e-06 1.9854435e-08 1.0690204e-06 0.8800492 6.668853e-07 0.2147166 0.9684124 0.0027298527 0.00075109355 0.0010555 2.544223e-06 0.00031106666 0.00012797404 9.954052e-05 0.00018592627 1.0214965e-06 2.536305e-05 1.3727614e-05 0.00011719973 0.00091251783 4.139072e-05 3.4418608e-06 4.014003e-05 2.8445372e-06 0.00034146235 7.088099e-05 6.7986795e-05 1.6245181e-06 8.353098e-05 1.5489821e-06 4.4720647e-08 1.7426682e-05 3.94926e-06 8.043293e-08 1.8926814e-08 1.0284704e-07 5.500249e-05 8.0684885e-07 2.2803255e-05 1.4525967e-06 0.00011291656 1.0691239e-07 5.1718314e-07 5.31406e-05 0.00017776435 0.0005440347 8.080991e-06 4.617538e-05 4.578699e-09 1.4066702e-06 2.0983446e-06 1.5538401e-07 6.703841e-07 1.4250112e-05 3.9338897e-08 6.271544e-09 6.529869e-05 2.9569551e-07 8.361736e-07 3.6647258e-08 3.251584e-05 8.386233e-06 8.8912486e-05 6.814611e-08 6.573205e-07 2.4480555e-06 6.322782e-09 2.7773388e-07 7.946316e-05 2.4762923e-07 1.6380052e-05 4.067051e-05 0.00038230556 3.0096422e-07 8.7348715e-09 0.0005147151 7.858436e-07 0.00014176166 2.5802892e-06 3.761644e-07 7.5656953e-06 2.4739923e-06 5.3191528e-08
0.9595358 0.029886559 0.0029815584 0.00020434693 0.02757442 0.011479749 0.012280658 0.59138066 6.2335974e-05 1.0272647e-05 0.81429976 0.012942311 4.794918e-07 0.72758603 3.1766396e-07 2.4593555e-06 0.116915055 1.249473e-06 8.4669554e-12 0.4719981 0.9952322 1.189308e-05 0.62474597 1.4291955e-06 1.4838382e-06 8.261423e-06 0.00055261166 3.7717884e-05 0.9768122 0.0007872584 1.2081158e-06 4.2037434e-05 1.4814408e-07 0.7592778 0.019931018 2.2692852e-07 1.8641866e-07 8.2387004e-08 0.0043859044 1.0628757e-07 4.4754244e-05 4.702786e-07 2.6255636e-06 5.023122e-06 2.6838734e-05 1.46232e-07 7.9636746e-05 2.9084896e-07 0.50379956 1.5648597e-07 2.7434655e-06 1.2927786e-06 0.383053 4.99084e-07 1.5016344e-06 2.196909e-05 0.17517069 3.5965334e-07 0.0024725026 3.8545372e-07 0.56586665 0.00013784308 0.008346779 1.8111594e-06 3.0747779e-06 0.0004016762 4.7942823e-09 5.8479998e-08 6.650631e-07 2.5558487e-07 7.03973e-07 0.00027473143 6.782378e-07 2.8915554e-07 0.07109115 1.1988091e-06 7.1771697e-06 5.796282e-07 5.6847493e-06 3.1420557e-06 0.000104930186 6.0380335e-06 6.150145e-06 4.9219063e-05 6.4148844e-07 7.8276386e-08 0.00015204557 5.369741e-07 0.0001220564 0.0030750171 0.0007344898 3.0053198e-07 5.8057342e-08 0.00060508883 2.3377414e-07 0.0005023697 1.4877631e-06 2.285686e-07 3.3643995e-05 1.6084484e-06 8.842398e-07
0.0052692452 0.0007222681 3.5648798e-06 1.7283283e-07 0.005203924 0.0016011255 8.518651e-05 0.00169132 7.809042e-08 6.7080555e-07 0.012296755 0.091938674 3.3422248e-07 0.99945587 1.5556868e-08 2.2978553e-07 0.0002776199 1.9854435e-08 0.4719981 5.2787443e-16 0.99995613 1.0836587e-06 0.001079967 1.952646e-08 3.266918e-08 2.1256227e-07 1.9738846e-07 1.4592524e-07 0.010180917 4.8948124e-07 2.9752594e-09 5.4986007e-09 7.303899e-09 0.001951548 6.303345e-06 1.8262863e-09 2.1674506e-08 4.728877e-08 1.9841564e-06 3.310556e-09 2.1116752e-07 1.2723613e-09 3.9744805e-08 9.549844e-08 3.64e-09 4.055698e-09 1.8123481e-08 5.6026334e-10 0.0010054766 6.6844716e-09 3.812831e-10 7.525957e-08 0.0011585774 4.0214894e-09 2.3569709e-07 3.4580827e-09 7.626601e-05 2.982582e-10 6.919678e-07 1.891017e-09 0.00048229308 3.3867886e-09 2.2489892e-06 6.501482e-08 2.4822185e-08 1.0815098e-07 1.3811166e-09 5.3199205e-09 5.128277e-07 1.5680453e-10 5.6465885e-09 3.206367e-07 2.1841449e-09 1.7937593e-09 5.184172e-05 8.537294e-10 3.760162e-09 1.8892576e-09 4.9485545e-09 2.4644665e-08 1.0982352e-07 5.541769e-09 4.053548e-09 4.0798587e-09 1.5766703e-10 9.1634783e-10 4.979976e-07 1.1331281e-09 1.3923107e-08 3.4754037e-05 1.6853376e-06 1.3053679e-08 6.085067e-11 2.7651262e-07 9.0897965e-09 2.8967927e-06 8.09425e-08 4.5552734e-10 7.583306e-08 4.712416e-09 2.3255634e-10
0.08023329 0.00020977225 7.129539e-06 8.7332654e-07 0.0035478477 8.528983e-05 4.3273307e-05 5.75545e-05 6.3003495e-07 6.838371e-07 0.00012112803 0.00011036356 7.425916e-06 0.011364876 3.6392368e-07 2.9520202e-06 9.647926e-05 1.0690204e-06 0.9952322 0.99995613 2.0897539e-13 9.64307e-07 0.00042222394 2.8092867e-07 3.9219006e-07 2.0771702e-06 2.2404777e-06 2.328009e-06 0.95735896 6.8127724e-06 1.987569e-08 3.1961946e-07 4.499915e-08 0.007441173 1.9796891e-05 3.324605e-08 2.5301708e-07 5.4179115e-08 2.1771306e-05 7.478289e-07 3.827736e-06 5.946341e-07 2.707889e-07 7.38176e-07 7.132494e-07 7.729876e-07 2.4598644e-06 1.1017047e-08 0.28529167 1.2570787e-07 2.5737705e-07 6.351068e-08 0.013666188 1.5087958e-08 1.4326898e-07 3.4051226e-07 0.00033250777 5.1138766e-08 7.745731e-06 6.8335457e-09 0.007001547 1.1780815e-07 6.499501e-05 1.1271187e-07 8.25467e-07 7.414406e-07 1.15303564e-07 5.3801184e-08 5.8716864e-07 3.6166664e-08 1.5038269e-06 4.8988056e-07 5.8617246e-08 4.9727035e-08 0.0007264858 2.509875e-07 1.6312869e-06 6.910607e-08 4.548335e-07 5.8417566e-08 4.857828e-07 1.3307783e-07 1.0422005e-07 3.2782242e-07 1.8713624e-08 8.448953e-08 6.003822e-08 2.982693e-08 1.0185684e-06 4.9213617e-05 1.2329633e-05 1.19563595e-08 1.2701397e-10 8.838789e-07 2.8420697e-08 8.047885e-07 1.2638819e-08 3.9288692e-10 1.1957164e-07 5.3395436e-08 5.811603e-09
0.2995232 0.00052745966 0.06306056 0.052527845 0.00082436245 0.00015247348 0.005738293 6.063946e-07 0.33427325 0.00274585 4.4101994e-06 6.990688e-06 0.04600068 2.2460144e-06 0.003665614 0.9825734 0.00025099533 0.8800492 1.189308e-05 1.0836587e-06 9.64307e-07 3.2455017e-13 1.5091723e-05 0.9525494 0.99859744 0.048333175 0.009711345 0.043593258 4.5056764e-05 0.004405292 0.0018754416 0.010900438 0.0058748685 2.5934942e-05 0.00013182865 0.002319211 0.003313388 0.0126467785 0.0005122023 9.401318e-05 0.0017229201 3.4614153e-05 0.00042670892 7.358946e-05 0.00081934046 9.3371265e-05 0.0014970744 1.506979e-05 1.5550426e-05 0.00019723838 3.4213237e-05 4.6560626e-07 0.00023899032 2.378821e-07 0.000360184 4.702811e-06 0.00088376354 5.610258e-06 0.00056861783 4.40742e-08 7.8770296e-05 5.289361e-05 0.00028732687 0.0012375294 3.468743e-06 2.0222573e-05 1.2365312e-07 6.775784e-07 1.2848607e-06 1.4189691e-06 1.0253702e-06 1.7958853e-05 6.7942256e-07 1.2603421e-06 0.0007845598 3.7542324e-07 1.1233997e-06 1.5796006e-08 2.7707569e-07 1.0662383e-05 1.2099128e-05 1.2272407e-07 5.4072675e-06 8.128766e-06 9.144247e-08 2.563203e-07 4.7573294e-06 1.3883238e-06 4.2420484e-06 3.758804e-05 0.00052659115 1.1394806e-07 4.370219e-08 3.9736675e-05 6.990307e-08 5.592446e-05 4.9459807e-08 5.227917e-07 5.3682334e-06 6.257051e-07 1.1483892e-07
0.93974364 0.5731335 0.05315341 0.017528566 0.057544954 0.16457525 0.4415673 0.66853064 0.04287438 1.209922e-05 0.19038914 0.0029084217 7.080715e-05 0.077991545 1.5774789e-07 0.0024004038 0.9877744 6.668853e-07 0.62474597 0.001079967 0.00042222394 1.5091723e-05 5.8024616e-14 2.9451772e-05 1.6016836e-07 2.380394e-05 0.065195195 7.120702e-05 0.37765458 0.056083094 4.9199633e-07 0.00060809 3.784029e-06 0.97822815 0.8359415 1.6515221e-06 7.365865e-08 4.0069494e-07 0.1579729 2.914523e-07 2.7971979e-07 5.62313e-08 2.5435172e-06 1.6438453e-05 0.00028091413 7.464282e-09 0.0011084661 4.054774e-07 0.54271597 1.9401583e-07 2.6444256e-06 1.1656519e-07 0.14295875 6.890746e-08 9.63696e-08 1.0670699e-06 0.8661946 1.0321841e-08 0.060138583 1.5473919e-08 0.23961456 0.00065750617 0.25871405 2.2487427e-06 1.9496252e-07 0.00027716966 3.3012505e-08 4.78295e-08 4.0213132e-07 1.7872612e-08 2.6955176e-08 0.00014566573 3.5527126e-08 1.2367535e-08 0.15802006 6.067576e-08 8.449065e-08 3.1640575e-08 6.9316766e-06 4.988813e-07 5.5120006e-05 6.485513e-07 1.04309e-06 2.2451727e-06 6.529713e-09 8.2852387e-07 5.8622365e-05 1.875351e-07 2.1251517e-06 0.02605169 0.0051832576 1.3479253e-08 8.439993e-09 0.0012693625 1.4112319e-08 0.0011804244 8.1186016e-08 2.4314982e-08 2.8561839e-05 3.0879546e-06 1.8354365e-08
0.81454676 3.8208702e-05 0.0026458069 0.023895746 0.00014226344 0.000127022 0.0010199926 9.937268e-10 0.23514709 8.065793e-06 1.8481288e-08 6.347919e-08 0.0048196595 5.5263403e-08 3.1930536e-05 0.8959138 0.00027299853 0.2147166 1.4291955e-06 1.952646e-08 2.8092867e-07 0.9525494 2.9451772e-05 3.2860364e-15 0.94197595 0.9746741 0.070301674 0.5644371 2.1538697e-06 0.022545941 0.473981 0.27966905 0.87035185 0.00035985268 0.0006014964 0.80330855 0.21970269 0.8860587 0.0033773133 0.30559194 0.601057 0.026457306 0.08754432 0.07106599 0.10841481 0.22609645 0.04872189 0.0056654955 0.000105110266 0.016083727 0.007734696 5.6703822e-05 0.0008378611 8.0279864e-07 0.22587228 6.995886e-05 0.0019658105 0.0012799186 0.0060619144 5.1737825e-06 0.00021349653 0.004421402 0.00089121703 0.018031398 0.000112049805 0.0019825045 2.4260296e-06 9.958794e-06 0.00031557318 5.010262e-06 8.407767e-06 0.000843503 3.967444e-06 1.0621203e-06 0.002561587 1.3572172e-05 1.18529e-06 5.345533e-07 1.1840816e-05 1.2848601e-05 0.00017589182 2.0757828e-07 1.5036814e-05 0.0001426018 4.8087085e-08 3.043946e-07 5.429899e-05 3.2703147e-07 2.4501656e-05 0.0005351422 0.0038970462 2.3881555e-08 1.3413437e-07 0.00022507788 1.11352726e-07 0.0006897226 9.446992e-09 1.0945217e-06 9.705317e-05 3.143127e-07 2.464817e-06
0.008471667 6.736077e-07 6.2436935e-05 0.00020883848 0.00013418985 6.1836913e-06 2.3782044e-05 1.3248527e-08 0.0036772194 0.00018198461 1.2705783e-06 9.772831e-07 0.0014034088 6.259469e-07 0.00035918033 0.20989645 6.2428535e-07 0.9684124 1.4838382e-06 3.266918e-08 3.9219006e-07 0.99859744 1.6016836e-07 0.94197595 8.8725945e-13 0.0094153825 7.706301e-05 0.0022550256 3.4190844e-06 1.3604258e-05 0.00055130414 0.00023203579 0.003435925 2.1387903e-06 1.3586767e-07 0.0044677537 0.00032397493 0.9811088 4.6334962e-06 0.0007847551 0.028647186 0.00014270206 6.3821164e-05 7.476928e-05 1.9052362e-05 0.002249766 2.3000915e-05 8.8812476e-07 6.735595e-07 4.182866e-06 7.6810684e-05 1.2638169e-06 2.2174743e-05 2.7952964e-07 0.009316034 8.174493e-06 8.640394e-06 5.239207e-07 1.2278216e-05 3.2292212e-06 1.2392572e-05 1.5879943e-06 1.5711566e-05 0.111034684 6.395703e-07 8.352089e-06 1.9773106e-08 6.184143e-07 0.00014725032 3.3532203e-07 3.5229326e-07 1.9152985e-06 7.433536e-07 1.5799134e-07 1.3265083e-05 6.58632e-07 2.1862581e-07 1.9665022e-07 2.3341404e-06 0.00012368127 4.24679e-07 9.997281e-07 3.0579104e-06 5.389591e-07 2.3973985e-07 1.9243542e-08 2.726003e-07 2.271169e-07 5.0456515e-07 9.309439e-07 4.980247e-05 4.589362e-07 2.7511433e-07 4.1160893e-06 9.729156e-08 1.709252e-05 2.1099198e-07 1.5756311e-07 2.9176883e-07 2.0130221e-06 1.0301907e-06
0.93826693 6.547224e-05 0.00029862567 0.002006196 8.875711e-05 6.875966e-05 0.00038953964 1.7540495e-09 0.05251706 1.1638398e-06 4.457817e-08 1.1720654e-08 2.4615365e-05 7.502152e-08 9.622285e-08 0.30435595 0.00032764167 0.0027298527 8.261423e-06 2.1256227e-07 2.0771702e-06 0.048333175 2.380394e-05 0.9746741 0.0094153825 6.856795e-14 0.14758661 0.9831232 1.4546144e-05 0.048689205 0.99012667 0.5599993 0.5543825 0.000116480696 0.0022638417 0.3672155 0.35029665 0.069030605 0.008565869 0.19001858 0.042344835 0.099866435 0.4783749 0.31145483 0.45921654 0.064302236 0.3000053 0.0397822 0.00039964588 0.08790088 0.0064181983 0.00029228278 0.0016402961 1.4135766e-05 0.008676185 0.00019817737 0.0024304194 0.0026718888 0.054767605 0.000304004 0.00066517066 0.042242114 0.0033169037 0.00015974452 0.0019318999 0.016617639 0.00011454038 8.407218e-05 0.0003968873 1.1269864e-05 3.6954363e-05 0.014277314 1.4117619e-05 4.2279166e-06 0.0025896006 6.8110545e-05 1.3025855e-05 6.8399817e-07 7.1487084e-05 2.2789582e-05 0.00018185204 1.8076721e-06 5.9155944e-05 0.00013286702 1.748232e-08 7.1883653e-07 0.00019782275 5.852321e-07 2.2769485e-05 0.00012190203 0.002654086 2.0665408e-07 4.532571e-08 0.00044081706 6.414973e-08 0.00068007543 2.0531455e-07 3.3096264e-06 0.00040340485 8.045925e-06 6.291697e-07
0.71059 0.004426431 0.07448055 0.2535016 0.009428232 0.0033185964 0.40809956 0.0015052626 0.9148621 6.225796e-05 0.00015255537 1.0516671e-06 0.003823681 4.2766974e-06 4.692596e-06 0.5010727 0.17411219 0.00075109355 0.00055261166 1.9738846e-07 2.2404777e-06 0.009711345 0.065195195 0.070301674 7.706301e-05 0.14758661 8.7055405e-11 0.52864146 4.1069514e-05 0.99582684 0.0076500284 0.99527574 0.0015015863 0.0131711215 0.39838478 0.0013602495 0.00082070474 0.00017631169 0.19433197 0.00012265956 0.00013596547 0.0024069725 0.0016334533 0.025895117 0.114283636 1.6946562e-06 0.22204638 0.00014226466 0.0014745591 7.801975e-05 0.0016383536 0.00020243134 0.00022902408 2.5966621e-05 4.480558e-05 7.058561e-05 0.029135503 5.889484e-06 0.30685613 1.1427628e-05 0.00041592997 0.0075057205 0.065276675 7.3917827e-06 1.822233e-05 0.002487991 4.2366023e-06 7.3309195e-07 1.159347e-05 1.1090417e-06 3.2449036e-06 0.0033579438 1.2116199e-06 1.4325154e-06 0.0035562706 3.798716e-06 8.8787465e-06 1.2313329e-06 0.00010466674 1.8448922e-06 0.00023264333 1.4697922e-06 2.1272332e-05 8.815849e-05 6.4656655e-07 4.8003244e-06 0.000113576985 1.1919326e-06 2.1896929e-05 0.004544741 0.0031329251 4.2242064e-07 3.3261958e-07 0.00066880084 9.725784e-07 0.00060709775 2.4777378e-07 1.565621e-07 0.0002883211 2.4120529e-05 5.699047e-08
0.9899445 0.00017485506 0.00089913263 0.045854364 0.00011037324 0.0005532825 0.008143175 2.7125518e-05 0.69571805 4.251574e-06 9.294221e-06 2.2337675e-08 0.00047913898 2.721913e-08 1.780443e-06 0.7031402 0.0007444291 0.0010555 3.7717884e-05 1.4592524e-07 2.328009e-06 0.043593258 7.120702e-05 0.5644371 0.0022550256 0.9831232 0.52864146 6.668333e-14 2.4050942e-06 0.022244455 0.81787133 0.86505693 0.100019984 0.00013541008 0.0034765773 0.18095581 0.20028983 0.007984973 0.015784828 0.0937364 0.007971528 0.20194119 0.7147513 0.6035738 0.87900627 0.022604957 0.67809814 0.008215529 7.337509e-05 0.007724682 0.042287253 0.0070851063 0.00020022452 0.00018959749 0.0011110945 0.0014487674 0.004173292 0.00020843773 0.19903383 0.002151113 0.0002922758 0.18562315 0.016563047 0.00010443304 0.0010388377 0.086269826 4.00065e-05 8.414024e-06 0.0009811422 4.1258077e-06 1.6694024e-05 0.06778804 2.7126683e-07 1.5145342e-07 0.0037350112 0.0002807609 0.00016446067 1.4563828e-07 4.4169068e-05 0.00011047138 0.00037590944 2.239215e-06 2.5369096e-05 0.000103107144 2.5107216e-08 3.6150768e-06 0.0003190115 1.8472996e-07 2.0163876e-05 0.0019082875 0.008672123 1.091531e-08 9.891075e-09 0.0016023911 1.427529e-07 0.0027745857 1.2482497e-08 4.565601e-07 0.0006848259 1.5340913e-06 6.407865e-07
0.9985019 0.062954806 0.0018500723 0.00049323076 0.018245764 0.0010676247 0.030074347 0.0023699563 4.6146637e-05 1.4254177e-05 0.006161855 0.000696627 2.2126496e-05 0.020112975 2.1593827e-05 2.8279124e-05 0.23900294 2.544223e-06 0.9768122 0.010180917 0.95735896 4.5056764e-05 0.37765458 2.1538697e-06 3.4190844e-06 1.4546144e-05 4.1069514e-05 2.4050942e-06 7.227443e-13 0.000110432724 9.088223e-08 6.604561e-07 7.880154e-07 0.39527062 0.0023386402 5.4020336e-07 3.404102e-08 2.3393694e-07 0.00040252713 1.2572298e-07 2.7960567e-05 5.7124083e-07 4.700676e-08 2.8911032e-07 9.0700404e-08 3.4756192e-07 1.4391924e-06 1.381199e-08 0.9008288 8.21856e-09 1.8233489e-07 2.5987767e-06 0.5450105 7.411917e-07 2.3611668e-05 1.9300867e-06 0.0046809646 3.1140155e-09 4.5502573e-05 7.430548e-08 0.546597 3.5740146e-07 0.00027567652 0.0006992314 6.058891e-08 4.4794808e-07 1.9851962e-09 4.2530697e-08 1.7410037e-05 8.76625e-09 1.0357872e-08 7.5212677e-07 7.2364514e-09 9.64482e-10 0.033770196 1.138109e-07 1.2252488e-06 4.243005e-09 7.6321776e-08 2.4840174e-05 2.51758e-07 6.646231e-07 3.603185e-08 3.6600177e-08 7.789194e-09 1.5253294e-08 7.12754e-08 6.1948855e-09 3.6458808e-08 0.0038970741 3.561755e-05 2.49922e-09 4.519251e-08 6.7517306e-07 9.273055e-09 2.8155654e-07 7.480045e-07 5.887363e-11 5.1212874e-07 1.7412826e-07 1.1159889e-08
0.8847732 0.0063674683 0.03067465 0.07856251 0.017204564 0.012102111 0.09753321 0.0024714537 0.6529474 6.413312e-05 0.0001364543 2.6965938e-07 0.0021421278 2.0590487e-06 4.36843e-07 0.43004522 0.10967955 0.00031106666 0.0007872584 4.8948124e-07 6.8127724e-06 0.004405292 0.056083094 0.022545941 1.3604258e-05 0.048689205 0.99582684 0.022244455 0.000110432724 1.3513352e-13 0.0011999346 0.80258995 0.00025765444 0.01800277 0.967608 0.00011460759 5.526043e-05 6.6103103e-06 0.91920066 2.5671347e-05 1.6958213e-05 5.298368e-05 7.432013e-05 0.0005149986 0.16360737 9.742224e-07 0.5951057 5.4859756e-06 0.0037456464 2.5277507e-06 4.900315e-05 4.792829e-05 0.0045402013 5.2218707e-06 2.08673e-06 8.125326e-06 0.40603858 5.2540173e-07 0.81609195 8.1508864e-07 0.009937368 0.015946226 0.43084332 1.5892592e-06 3.848112e-06 0.0050632143 1.691768e-07 1.3747683e-07 8.5883613e-07 4.403857e-08 4.8904684e-07 0.0051627397 3.7222662e-08 7.061587e-08 0.025491409 1.4072427e-07 8.122974e-07 1.0957181e-07 9.751627e-06 9.243491e-06 0.00014466453 1.5371425e-07 2.5087734e-06 2.995597e-05 8.173428e-09 1.7284917e-07 0.00017602657 1.0835229e-07 1.0673126e-05 0.027427876 0.02390018 3.059961e-08 1.0992719e-08 0.0020242305 1.1539069e-07 0.002115453 7.168714e-08 5.2888332e-08 0.00029668858 5.590566e-06 2.4713236e-07
