1.942187e-11 0.9010106 0.9883935 0.9358898 0.84178114 0.8919357 0.96478903 0.94889617 0.8843109 0.86121434 0.94287753 0.76062554 0.9037511 0.86945665 0.79264116 0.9893238 0.9516108 0.94472885 0.8462887 0.90391576 0.95188266 0.94844943 0.99012214 0.57997257 0.90936446 0.99128854 0.96963996 0.9910329 0.8535866 0.84123 0.96557134 0.9665956 0.9256052 0.9101602 0.87189835 0.9826055 0.8542855 0.99131644 0.88259983 0.65185505 0.9331974 0.86171013 0.8039195 0.8669243 0.6357472 0.9746085 0.6605244 0.8014044 0.7951435 0.9534234 0.83203906 0.7480877 0.96432626 0.76240915 0.86790866 0.59592414 0.91110045 0.5851668 0.5995001 0.4555326 0.91630626 0.13296726 0.008158381 0.9601741 0.7979121 0.976231 0.022201026 0.6928831 0.15555537 0.9763158 0.9301853 0.2510497 0.9086273 0.99771297 0.9573623 0.8311499 0.11195921 0.64089954 0.05719544 0.5479877 0.036077604 0.9999006 0.99998647 0.37939665 0.39825177 0.015748939 0.19316553 0.009592311 0.83473206 0.025108151 0.04227003 0.029356014 0.0006131604 4.6967893e-05 0.9946167 0.00033118876 0.05003668 0.002776333 0.010547253 0.00023427689 0.03293633
0.9010106 1.974838e-12 0.99129915 0.68288875 0.9712859 0.9479448 0.048073515 0.1633766 0.11504628 0.029443877 0.0018440173 0.20266666 0.007013616 0.0029830432 0.00870751 0.004448377 0.39280185 0.17376602 0.28784588 0.00095658324 0.005979336 0.0017492379 0.31104225 0.008958792 0.047917154 0.14093655 0.013067364 6.676018e-05 0.0014839807 0.00022329458 0.8349973 0.00010786551 8.129872e-05 1.6726342e-05 0.2976536 0.5650301 0.021517836 0.00018656123 0.18364252 0.020449629 0.0063269446 0.00010364652 2.1640748e-05 0.00026659443 0.006141872 0.20713748 0.00043667742 1.4720417e-05 0.0002471966 7.453314e-05 8.182792e-06 0.00022749248 2.7384374e-05 0.0017527028 1.3334983e-07 1.2789345e-05 0.1336879 3.9207494e-05 1.1818885e-05 0.003763584 0.001986241 5.547261e-06 9.9310295e-05 0.0014742307 7.0625865e-05 0.02956102 5.7967322e-06 0.016788969 1.2730982e-05 1.9071958e-05 6.56154e-08 0.00011809573 8.14587e-08 0.0029664203 0.025828691 0.06948168 0.001537167 0.0011633693 3.5279882e-06 0.045047108 2.0988289e-06 0.0024889926 0.0057798745 0.0015537573 9.6689e-07 1.6077339e-06 0.01302228 1.2652778e-07 0.0024574145 0.0028200618 0.0035755204 7.758906e-06 5.4890864e-07 5.920318e-07 1.6717405e-06 1.608859e-07 0.0034120425 4.271404e-07 6.3262024e-07 1.0693359e-05 9.6893956e-08
0.9883935 0.99129915 4.9402856e-12 0.36977074 0.3989059 0.5081263 0.04974937 0.536891 0.22063607 0.009074727 0.0015912189 0.8791949 0.006945146 0.0012167473 0.0050094547 0.013949645 0.72984296 0.54931504 0.08114698 0.0010754518 0.019219762 0.0023615723 0.47785422 0.006582453 0.017772088 0.55248165 0.034416094 0.00013704978 0.0021697653 0.0002429885 0.84080535 0.00011123785 0.0001021934 4.069953e-05 0.3801287 0.3680459 0.055600736 0.00041990678 0.22155088 0.044484798 0.032443967 7.2442686e-05 1.2574733e-05 0.0001491804 0.012394405 0.61273074 0.00029168578 1.9231224e-05 8.470547e-05 2.585927e-05 2.4520698e-06 2.739477e-05 3.134085e-05 0.009336145 3.4401314e-08 2.22949e-06 0.18772683 2.9364355e-05 4.959258e-06 0.0037110967 0.0010123624 3.6252752e-06 5.9505906e-05 0.011797514 0.00012021258 0.14852093 3.0912222e-06 0.008604539 1.9954434e-06 3.1090516e-05 5.721666e-09 0.00014314476 3.828291e-08 0.016225688 0.09939618 0.0321414 0.0019041038 0.00014505646 3.1150645e-07 0.032449443 1.3701474e-06 0.00972382 0.011703571 0.00015129718 1.02159824e-07 1.2709504e-06 0.006454161 1.515464e-08 0.0021865056 0.0014609387 0.0022724594 5.973126e-06 1.3745632e-08 4.814803e-06 4.828747e-07 1.0819781e-07 0.0012456605 1.1476393e-07 2.1580404e-07 9.366348e-06 9.318267e-09
0.9358898 0.68288875 0.36977074 2.5695281e-14 0.9583088 0.23876283 0.9717487 0.004132223 0.0009172604 0.9762513 0.23940477 0.09247327 9.82417e-05 0.4060718 0.60779095 0.26639345 0.856138 0.021288427 0.4691173 1.762284e-05 0.00024893048 5.5953642e-05 0.0029314088 0.2130797 0.0006405858 0.008469469 0.54155475 0.0006083403 0.00015182329 4.3954005e-05 0.0850339 1.373883e-06 5.300576e-07 0.0003489312 0.0017185616 0.31137794 0.0004319709 1.3815833e-05 0.0034653048 0.0006041579 2.0708478e-05 0.0028497563 0.00018417562 0.033494424 3.1927004e-05 0.25815815 1.9377416e-05 6.6156304e-07 0.040857777 4.6860245e-07 1.03711024e-07 2.3839573e-06 1.5895449e-07 0.022149125 8.1431635e-09 9.315446e-08 0.0019739477 3.4028976e-06 3.5600166e-07 9.3619055e-05 0.19423948 3.4685988e-07 1.3396952e-06 0.020688098 3.2235628e-06 0.037360504 6.703534e-07 0.18528217 1.6377809e-06 2.015231e-06 9.0868495e-09 1.3782893e-05 2.7304745e-06 0.001134321 0.03630588 0.00918051 0.022911455 0.11920078 0.00022132543 0.0029137118 1.8761784e-06 0.0115149785 0.009968777 0.0122958515 2.3697336e-08 1.7592343e-07 0.0005066583 1.757057e-08 2.3369414e-05 4.744077e-06 0.00025733176 0.0002642855 5.424992e-07 2.3197259e-05 4.1590968e-07 1.1225086e-08 0.0009782688 1.0891691e-07 2.2163897e-07 4.282331e-07 3.5592592e-07
0.84178114 0.9712859 0.3989059 0.9583088 2.974595e-13 0.98350954 0.17879963 0.0054343524 0.0010733556 0.36971694 0.00745056 0.047332898 6.0644907e-05 0.08534944 0.6678415 0.016646547 0.537823 0.039883096 0.9463805 1.2076751e-05 0.00038792088 1.7238906e-05 0.0027015645 0.22601384 0.00041266857 0.014232289 0.047320034 0.00029945959 4.6924953e-05 7.4614745e-06 0.44565538 1.23216e-06 5.1866346e-07 7.721492e-05 0.0071083 0.75865537 0.0007206226 2.1996746e-05 0.017387945 0.001052039 4.3497723e-05 0.00023230613 9.412002e-05 0.00046266234 5.2774798e-05 0.108996704 1.893661e-05 6.116095e-07 0.0007925398 2.9677727e-07 4.091144e-08 1.3614595e-06 5.9725494e-08 0.0045262636 1.2488564e-09 7.472747e-08 0.014235736 1.672927e-06 1.4050218e-07 0.00035887683 0.009474724 1.6902166e-07 4.689487e-06 0.0032077068 1.9748231e-06 0.010410758 4.854244e-07 0.18923253 2.2034567e-06 9.239248e-07 5.492773e-09 2.7534807e-06 5.598684e-07 0.00044924638 0.01035503 0.09290875 0.011253771 0.016593149 3.123179e-07 0.014720132 2.1938337e-07 0.0017721112 0.001395321 0.02593276 5.7764296e-08 1.2089184e-07 0.0043776073 1.8434815e-08 0.00013642982 0.0002111151 0.00095458474 1.0661183e-05 1.2574073e-07 2.271872e-06 3.3416893e-07 2.294565e-08 0.005805225 8.9563905e-08 4.5952393e-07 7.907964e-07 7.245584e-08
0.8919357 0.9479448 0.5081263 0.23876283 0.98350954 3.759031e-12 0.023704197 0.010291093 0.01120513 0.03651099 0.0012178898 0.027194975 0.0011256906 0.010092478 0.20001467 0.004461041 0.23539709 0.05172741 0.9644377 0.0001980015 0.0017168259 0.00037519223 0.041601185 0.19183777 0.011030485 0.02022403 0.008510592 9.14413e-05 0.00051137607 0.00012187681 0.8956501 9.459682e-06 2.5553687e-05 1.6251122e-05 0.18261191 0.9267077 0.009052949 7.523744e-05 0.11385544 0.008452483 0.00055246573 4.0853643e-05 1.4842084e-05 0.0001088556 0.0007637588 0.061650574 0.0001941255 6.32947e-06 0.000119474375 1.99983e-05 3.8311105e-06 0.00021451822 4.7912044e-06 0.0006575316 2.6204992e-07 1.1127297e-06 0.14356832 4.5509364e-06 5.77507e-06 0.0025724885 0.005335574 2.2899374e-06 5.1797542e-05 0.00081190444 1.3747724e-05 0.005338931 1.38238975e-05 0.108338974 8.050085e-06 1.3239965e-06 2.2139677e-08 0.00011706278 2.2397318e-08 0.0004167934 0.0062667765 0.20458534 0.003283572 0.0033674717 1.1627242e-05 0.14118765 7.096957e-06 0.00056436285 0.0010922456 0.031060388 1.0481368e-06 1.9812614e-06 0.05314217 4.7620523e-07 0.0020520515 0.0040004975 0.01627293 3.6240675e-05 1.8422568e-06 3.1311478e-07 2.1025191e-06 5.4340745e-07 0.04573605 1.1796584e-06 1.8666054e-06 1.0819203e-05 3.1369015e-07
0.96478903 0.048073515 0.04974937 0.9717487 0.17879963 0.023704197 3.258921e-12 0.0008396798 0.0002925332 0.9426063 0.89118415 0.055191964 3.0881358e-05 0.6693012 0.4120135 0.8701443 0.82281226 0.009850533 0.14626184 8.343324e-06 7.846215e-05 7.0619303e-06 0.00017424645 0.10424232 5.249991e-05 0.0019980543 0.91019803 0.014677391 0.00014824112 3.29178e-05 0.0060721356 8.2590316e-07 2.2912403e-07 0.004356596 0.00015306019 0.042112533 3.9681505e-05 9.1214115e-06 0.00030819353 0.00012963379 1.9339413e-06 0.06921113 0.0011437366 0.3009743 4.3054006e-06 0.25614545 1.1652763e-05 5.8849275e-07 0.29426774 1.3862777e-07 1.4026094e-07 2.3363407e-06 5.2918907e-08 0.12037578 5.8476203e-08 2.5245223e-08 6.2985775e-05 7.96822e-06 1.5902979e-06 1.3055643e-05 0.39577574 3.4853943e-07 8.173425e-06 0.06118701 1.6062864e-05 0.06013284 5.7084253e-06 0.07572624 4.3560262e-06 6.99635e-06 3.9942773e-08 3.1386913e-05 5.098749e-05 0.0010132567 0.034024835 0.0019419701 0.015207689 0.06803619 0.0009156749 0.00039276973 1.1050578e-05 0.020463705 0.008370142 0.0023696264 1.2312848e-06 5.6155845e-06 0.00010595416 3.0265926e-07 7.053257e-07 5.2519937e-07 3.8892067e-05 0.00027226607 6.8331656e-06 2.2241691e-05 1.4741511e-06 3.886094e-08 0.00026633218 3.1780655e-06 7.121194e-06 2.952734e-07 9.61039e-06
0.94889617 0.1633766 0.536891 0.004132223 0.0054343524 0.010291093 0.0008396798 1.2345908e-14 0.99008226 7.75663e-05 0.00010946116 0.921283 0.22984079 1.2100604e-05 1.50437145e-05 0.00022230802 0.056883253 0.26326132 0.0012333534 0.31498402 0.9012884 0.10941079 0.7690555 0.00017568076 0.07554968 0.95464605 0.001854707 6.9913012e-06 0.0809018 0.008645695 0.07609677 0.014062425 0.012032395 3.377018e-06 0.09060641 0.0007555503 0.0975775 0.009387593 0.006139053 0.011765519 0.33161482 6.72613e-06 4.850553e-06 5.6745007e-06 0.057605 0.24924418 0.004725837 0.0018623151 8.0799316e-07 0.00058356795 2.9541874e-05 0.00042200836 0.0011163101 0.0061522927 1.8551765e-06 0.0013712058 0.004108538 0.0006147932 0.00013088036 0.019556226 6.8932836e-06 0.0004928515 0.0007781136 0.00922844 0.00047025617 0.10867917 0.0005810396 9.7860844e-05 0.00011617339 0.00016448922 7.205548e-08 0.0010915219 5.6167522e-08 0.05089337 0.19335397 0.00027615964 0.00010961545 1.11197e-06 2.0555953e-08 0.0008990811 1.23708805e-05 0.010908528 0.017849151 4.320819e-07 9.899219e-07 1.1007396e-06 0.0003194115 4.0650868e-08 0.0052051777 0.0005206366 0.00041642197 1.9431443e-06 2.4529768e-08 2.7876492e-06 2.552521e-07 3.7754319e-06 2.3978112e-06 7.728623e-07 3.9696866e-07 2.890137e-06 1.0961042e-08
0.8843109 0.11504628 0.22063607 0.0009172604 0.0010733556 0.01120513 0.0002925332 0.99008226 3.7029868e-14 4.2093638e-05 3.058904e-05 0.11439197 0.9824942 8.58966e-06 7.726173e-06 1.5343745e-05 0.007456908 0.029566498 0.00048103655 0.90833104 0.8077022 0.46655935 0.73475707 0.0001364815 0.3387711 0.7185406 0.00038828878 4.201092e-06 0.05082983 0.0034134027 0.02869386 0.10215862 0.024943164 2.042612e-06 0.04519903 0.00045487192 0.094339855 0.0021948123 0.0024420628 0.0069246073 0.4534573 5.4425154e-06 5.1232737e-06 4.3097302e-06 0.10952177 0.037154462 0.008749994 0.0043054214 1.5746059e-06 0.00043737225 2.8851402e-05 0.0011200819 0.00090217707 0.0006392454 4.709215e-06 0.008536873 0.003319682 0.000118532735 6.536985e-05 0.02489269 9.279846e-06 0.0020910783 0.0021579573 0.0017073102 0.000113374386 0.012478048 0.0020457392 3.6399317e-05 0.00029894567 3.0136287e-05 6.763218e-08 0.00021610773 7.2972746e-08 0.005700388 0.041066658 8.642788e-05 1.6811422e-05 4.6503558e-07 5.520188e-08 0.00064376096 1.053978e-05 0.0023575772 0.0025071758 2.1040485e-07 2.5902327e-06 5.192871e-07 0.00020888628 1.5097768e-07 0.007260886 0.00029860775 0.00037684428 2.1907383e-06 3.024081e-08 1.6861885e-07 1.387062e-07 6.741813e-06 3.2807184e-06 1.8555656e-06 4.4607848e-08 6.8577056e-06 4.048929e-08
0.86121434 0.029443877 0.009074727 0.9762513 0.36971694 0.03651099 0.9426063 7.75663e-05 4.2093638e-05 2.2580733e-12 0.898591 0.0042722467 3.503278e-06 0.98515224 0.9289683 0.28524014 0.40116954 0.0025711665 0.23903793 6.0668447e-07 8.434913e-06 4.805841e-07 8.066885e-06 0.17070526 3.980041e-06 0.00032268726 0.27264228 0.009535052 7.184484e-06 1.1252096e-06 0.00056782266 2.9531e-07 3.9685716e-08 0.0024274925 1.1474642e-05 0.045084268 1.2530373e-06 2.2086892e-06 4.572133e-05 1.0482582e-05 1.5762609e-07 0.022712413 0.0015614147 0.07704894 1.8421397e-07 0.038599234 5.538154e-06 6.38688e-08 0.1363184 1.39217535e-08 6.168392e-09 3.7982673e-08 4.538365e-09 0.014726788 3.693324e-10 7.709718e-09 4.455252e-05 4.1175434e-07 3.076793e-08 8.599661e-06 0.4373929 3.6139824e-07 6.5685117e-07 0.005276886 2.593916e-06 0.0071863 9.762342e-07 0.23033705 1.627188e-06 2.2441195e-06 1.1414405e-09 8.082628e-07 4.6417667e-06 0.00012108287 0.005595559 0.003225628 0.03903261 0.30193937 0.0015121553 0.000108887376 2.7336986e-07 0.0033327546 0.0018605168 0.012960476 7.5831174e-08 9.642067e-07 3.5868845e-05 4.993337e-08 1.3607345e-07 1.1736172e-07 1.0123797e-05 0.00038224322 3.673496e-07 4.9265276e-05 2.369284e-06 2.5698974e-09 0.00051139796 2.765519e-07 1.6842818e-06 3.3449208e-08 9.166631e-07
0.94287753 0.0018440173 0.0015912189 0.23940477 0.00745056 0.0012178898 0.89118415 0.00010946116 3.058904e-05 0.898591 2.930413e-12 0.003441387 1.1193866e-05 0.91381407 0.32408282 0.9766141 0.20398664 0.0023485483 0.01127489 1.1458966e-06 8.135925e-06 2.3437765e-06 8.84651e-06 0.023796272 9.454017e-06 0.00041204703 0.6322328 0.53849113 1.6160002e-05 2.5667198e-06 0.0011408541 9.2902496e-08 1.7537968e-07 0.46351534 2.1392707e-05 0.0059793787 6.7519914e-06 1.1247912e-06 9.755985e-05 1.4914761e-05 6.620459e-07 0.95906115 0.15795922 0.8625449 9.888765e-07 0.08734437 1.2397419e-05 2.0178803e-07 0.6307737 4.7231623e-08 5.7331718e-08 6.896778e-07 3.9687457e-08 0.10715485 2.6774655e-08 4.5559904e-08 1.4114441e-05 6.775842e-07 1.619124e-07 2.5156949e-06 0.45874938 6.039925e-07 2.6964922e-06 0.059664182 8.996318e-06 0.028934924 1.7855303e-06 0.01301377 1.9707688e-06 1.2716779e-06 2.679945e-07 1.1351042e-05 0.013605836 0.00044599522 0.019252088 0.00016480625 0.0033996704 0.042376924 0.01155857 5.931723e-05 1.7313813e-06 0.01702762 0.005556077 0.0022207042 2.1893189e-07 9.341473e-07 8.5006344e-05 4.3696966e-07 1.8323524e-07 8.399612e-07 4.0057235e-05 0.00026185025 2.2376526e-06 0.0015233642 2.821237e-07 1.22788295e-08 2.3930972e-05 1.7282359e-07 1.2118383e-06 8.8185274e-08 0.00019805437
0.76062554 0.20266666 0.8791949 0.09247327 0.047332898 0.027194975 0.055191964 0.921283 0.11439197 0.0042722467 0.003441387 5.2187225e-14 0.007740005 0.0012921469 0.0010134075 0.008489569 0.95815456 0.9976172 0.004613978 0.04214744 0.5822692 0.0041409153 0.119247004 0.00058880047 0.003459919 0.89894605 0.0642333 0.000214097 0.025744826 0.003807641 0.16671911 0.0047324356 0.00084620854 1.4614975e-05 0.040106185 0.0067537925 0.010261105 0.009299298 0.0067892266 0.002119239 0.008375783 0.0008570387 3.9273564e-06 0.00042405157 0.0027913633 0.5245867 0.00021805768 0.00042635115 0.0001625397 0.005584484 0.00013846139 0.00032090396 0.00041428767 0.083060905 5.311334e-05 2.505284e-05 0.0018942292 0.0015855656 0.0007766746 0.0008319793 9.317957e-05 2.9078892e-06 3.3521814e-05 0.0035084642 0.003960517 0.11570777 2.103167e-06 0.00039305884 3.444092e-05 0.00026588855 5.779549e-08 0.0008973769 1.6609706e-08 0.021513265 0.07857313 0.001122336 0.00026759625 8.338075e-06 1.3781077e-07 0.0013163185 1.8336583e-05 0.016755642 0.021492451 3.4904373e-05 2.1280263e-07 1.7138517e-07 0.0005714395 1.5104406e-07 0.0006774448 0.0002778522 0.00044513962 3.2029683e-07 1.3118951e-08 3.466779e-06 1.294078e-07 3.583221e-08 3.624043e-05 6.944118e-07 2.4780697e-08 1.8331854e-06 1.7080014e-08
0.9037511 0.007013616 0.006945146 9.82417e-05 6.0644907e-05 0.0011256906 3.0881358e-05 0.22984079 0.9824942 3.503278e-06 1.1193866e-05 0.007740005 9.8865794e-14 9.562963e-07 5.5689117e-07 1.067901e-05 0.0014284864 0.0067268875 7.346878e-05 0.97949696 0.58253056 0.9822732 0.38640058 2.8672399e-05 0.79303724 0.45427802 0.00017364032 6.7908053e-07 0.015156999 0.0052590384 0.0013915709 0.44228378 0.2652301 3.0584718e-07 0.0021149605 1.1341056e-05 0.032337636 0.013187165 0.00046914775 0.0010389963 0.53379613 6.4966684e-07 3.7879553e-07 5.376505e-07 0.052202277 0.017676383 0.11677561 0.02990989 2.3921777e-07 0.001210808 3.6039946e-05 0.0016644953 0.005213628 0.00013913686 1.7777886e-05 0.111427516 0.0011702897 9.6837204e-05 8.08569e-05 0.020240206 2.2010354e-06 0.010850483 0.00091961963 0.00042132955 0.00012858683 0.002908063 0.0016996602 3.0294414e-06 0.002616664 8.2268496e-05 6.59763e-07 0.000117170006 2.7142091e-08 0.0052984185 0.029110603 1.2576687e-05 2.7824356e-06 3.860799e-07 5.158625e-09 0.00011596938 6.8349577e-06 0.0011007481 0.0024320364 1.1971785e-08 5.098922e-06 9.971281e-08 2.4856405e-05 4.108173e-07 0.0062389323 1.2920716e-05 7.481336e-05 1.012861e-06 2.7280265e-07 2.1725333e-08 1.16830726e-07 2.4304666e-06 1.6991454e-06 3.1417378e-06 3.0906737e-08 1.4757321e-06 3.9544872e-08
0.86945665 0.0029830432 0.0012167473 0.4060718 0.08534944 0.010092478 0.6693012 1.2100604e-05 8.58966e-06 0.98515224 0.91381407 0.0012921469 9.562963e-07 1.2546059e-12 0.97496176 0.27914792 0.09050418 0.00064708816 0.011069982 1.215574e-07 4.3073555e-06 1.8868828e-07 9.4281984e-07 0.25841832 3.711462e-06 0.0001025519 0.09671298 0.027140835 2.1985975e-06 9.709095e-07 0.00021387883 6.885832e-08 3.34568e-08 0.016512591 4.0608056e-06 0.012940899 7.280206e-07 3.8403707e-07 4.3380154e-05 2.1348185e-06 3.101078e-08 0.6878615 0.024254937 0.80610543 6.0951706e-08 0.016374383 1.8277701e-06 3.041417e-08 0.8124869 7.285991e-09 5.4146434e-09 1.0425246e-07 2.0205754e-08 0.008932436 7.355874e-10 1.6564489e-09 6.7725764e-06 1.519088e-07 3.6204625e-08 1.9845481e-06 0.8226586 1.124382e-07 6.041711e-07 0.0024804417 1.3008643e-06 0.001727911 1.6272197e-07 0.40401775 1.5487451e-07 2.566464e-07 2.36448e-10 1.4699009e-07 1.4707101e-05 1.1880139e-06 0.0019838726 0.0014700966 0.13497818 0.57698745 0.03591848 0.00017415277 1.7287239e-07 0.00092312467 0.00045783332 0.0204583 8.049417e-08 7.407338e-07 2.9710975e-05 5.010548e-08 5.2860496e-08 3.3956988e-07 1.5011125e-05 0.0031927568 2.0593833e-07 0.02657156 7.750404e-07 4.455001e-09 0.00030670318 4.295684e-08 6.6936457e-07 6.3853416e-09 1.6467002e-06
0.79264116 0.00870751 0.0050094547 0.60779095 0.6678415 0.20001467 0.4120135 1.50437145e-05 7.726173e-06 0.9289683 0.32408282 0.0010134075 5.5689117e-07 0.97496176 3.3982918e-14 0.04736262 0.13032493 0.00035303234 0.82647735 9.8491924e-08 1.1265663e-05 6.3760965e-08 7.1139476e-07 0.9979909 1.2578768e-06 0.00015922192 0.03826137 0.002054068 2.3326206e-06 4.965105e-07 0.00057732227 1.5816058e-08 1.5009084e-08 0.0007360068 1.0069567e-05 0.056601446 2.6900645e-07 4.646521e-07 4.2986536e-05 4.6108435e-06 2.8835308e-07 0.0031019985 0.00058387447 0.029661192 7.816523e-08 0.009807124 1.2887546e-06 7.215065e-08 0.10240194 7.1945133e-10 7.0417e-10 1.8726979e-08 5.179694e-09 0.0030097042 5.550629e-11 6.0488192e-09 3.3120657e-05 1.6353376e-07 2.4790048e-09 6.663185e-06 0.22934945 9.3675857e-07 5.4018246e-06 0.0008307785 2.4730507e-08 0.000864327 6.5688155e-08 0.3573095 5.3354125e-07 7.832267e-08 8.498983e-10 1.3612966e-07 4.743686e-07 1.2414361e-05 0.0005192502 0.014141221 0.07720133 0.2591812 0.002818876 0.0021831458 2.4773753e-08 0.00058805774 0.00020327944 0.06646911 4.458063e-08 1.7601364e-08 0.0011316235 5.8203252e-08 1.5150766e-08 2.0346815e-06 1.4448853e-05 0.00051574106 1.0875852e-07 0.00032625103 6.361167e-08 4.5852339e-10 0.0019856757 2.6110172e-07 2.0583919e-07 2.61012e-08 1.0347866e-07
0.9893238 0.004448377 0.013949645 0.26639345 0.016646547 0.004461041 0.8701443 0.00022230802 1.5343745e-05 0.28524014 0.9766141 0.008489569 1.067901e-05 0.27914792 0.04736262 1.8869397e-15 0.26917997 0.0025830618 0.0075505767 2.184123e-06 1.1926791e-05 1.2384603e-06 0.00014223874 0.009115468 4.142418e-06 0.0002132743 0.9371042 0.90974444 1.8409526e-05 3.7214786e-06 0.0044455994 1.0001038e-06 1.6411337e-07 0.3192402 8.897177e-05 0.0066425656 1.4876519e-05 2.1386252e-06 8.594155e-05 2.4844794e-05 1.7066304e-06 0.6517548 0.049560174 0.5378715 6.125733e-07 0.082497895 6.807623e-06 8.3429296e-07 0.23999636 7.7245704e-07 1.5066081e-07 8.618729e-07 1.1228149e-06 0.49123952 5.645084e-08 6.715781e-09 3.6330755e-05 4.1330222e-06 3.0740142e-07 4.5246074e-06 0.17764924 3.533702e-08 3.480274e-06 0.11072928 7.420048e-06 0.03386519 3.004128e-07 0.0005494261 2.5115455e-06 1.789755e-06 2.477828e-07 3.6569825e-06 0.012110465 6.9438014e-05 0.00476141 9.005411e-05 0.00078509905 0.0036389353 0.0010323318 0.00017966639 4.1535003e-07 0.05406339 0.0024036956 0.0002889972 2.9207501e-07 7.735986e-08 0.000103038044 1.5790826e-08 1.8245196e-07 8.319757e-08 1.9735779e-05 0.00014234717 2.0383388e-06 8.654636e-06 7.730616e-08 4.459224e-10 9.8483906e-05 7.231571e-08 2.3934874e-07 1.1812879e-07 1.1991263e-05
0.9516108 0.39280185 0.72984296 0.856138 0.537823 0.23539709 0.82281226 0.056883253 0.007456908 0.40116954 0.20398664 0.95815456 0.0014284864 0.09050418 0.13032493 0.26917997 8.1074546e-13 0.8777817 0.1518131 0.0021853966 0.006302159 0.0010207715 0.023473946 0.033447348 0.0014804784 0.016660707 0.9637021 0.00577737 0.0034010033 0.00063155754 0.12632248 0.00013336174 0.0001226426 0.0008481266 0.00965292 0.05311631 0.002230543 0.0012531492 0.0054316735 0.001051582 0.00218451 0.016277913 0.00015558177 0.0124553405 0.0006201199 0.900455 3.2713662e-05 9.973473e-05 0.004501927 0.00055193016 5.8733047e-05 7.9998994e-05 2.014819e-05 0.7411328 4.615597e-05 6.8308094e-07 0.00023230392 0.00017397199 2.0950685e-05 0.00013454672 0.00797983 9.2884975e-06 2.5080066e-05 0.03356033 0.0002687084 0.2812272 2.7043493e-06 0.009024056 1.3262578e-05 8.044134e-05 2.9005575e-08 0.00016909288 2.1475289e-07 0.007442702 0.11536559 0.0025348954 0.0036211035 0.0009762119 1.6343038e-05 0.0022472325 3.9666497e-06 0.04299421 0.03755603 0.00078963256 1.3465564e-07 6.6698766e-07 0.0005438476 1.1246378e-06 5.6583867e-06 1.5620253e-05 0.00014506462 6.6694606e-06 3.3542037e-08 1.3309104e-05 7.645669e-08 1.3186634e-08 5.579416e-05 3.305641e-07 6.44325e-08 1.091413e-07 1.2076532e-07
0.94472885 0.17376602 0.54931504 0.021288427 0.039883096 0.05172741 0.009850533 0.26326132 0.029566498 0.0025711665 0.0023485483 0.9976172 0.0067268875 0.00064708816 0.00035303234 0.0025830618 0.8777817 3.8268633e-10 0.0029182532 0.004413595 0.01868506 0.0028571784 0.16294976 0.0003405188 0.0025072668 0.8652449 0.015830198 0.00037984448 0.0026783955 0.0005868378 0.2236158 0.00075417175 0.0007436877 4.51164e-05 0.05615244 0.011728034 0.012156252 0.0024321978 0.01476558 0.0033628023 0.009520359 0.00023532171 1.6775914e-05 0.00017872904 0.0020011084 0.946621 0.0002324043 0.00015911506 0.00012328899 0.0010530758 3.446964e-05 7.197112e-05 0.00020897675 0.3042947 4.406853e-06 1.1483899e-06 0.0114063 0.00064489123 4.4148936e-05 0.00043889417 0.000113905975 4.6463238e-06 2.7648732e-05 0.055034224 0.0018864692 0.39984706 5.647685e-06 0.00023379098 1.42438475e-05 0.0007038499 1.061164e-07 0.00048962625 3.5259394e-08 0.21626496 0.4832231 0.0015810727 8.868764e-05 3.905453e-05 3.4708115e-08 0.00207918 2.8352464e-05 0.07364841 0.08857445 4.203485e-06 5.006259e-08 6.673898e-07 0.00033171472 2.546744e-07 0.00078847073 0.00010146941 0.0001000162 1.0474887e-05 2.1379783e-08 1.627379e-06 7.411819e-07 8.4356195e-08 8.018781e-05 1.1168876e-06 4.5039147e-07 2.4668818e-06 1.7691331e-08
0.8462887 0.28784588 0.08114698 0.4691173 0.9463805 0.9644377 0.14626184 0.0012333534 0.00048103655 0.23903793 0.01127489 0.004613978 7.346878e-05 0.011069982 0.82647735 0.0075505767 0.1518131 0.0029182532 4.1277586e-14 2.918168e-06 0.00039663434 2.919528e-05 0.00049161835 0.99779063 0.0008073758 0.000843045 0.0063190395 0.00037160277 5.0483995e-05 1.1031677e-05 0.36617753 7.220341e-07 1.1024426e-06 5.1091705e-05 0.0035271775 0.8803 0.00014646446 1.3133203e-05 0.026008606 0.00044372716 1.2084435e-05 7.333962e-05 4.274257e-05 0.00025330306 7.53167e-05 0.020588208 1.5068438e-05 3.5404534e-07 0.0007334626 2.018808e-07 8.46229e-08 4.273085e-06 9.4037595e-08 0.00031261757 1.4600415e-09 2.7132558e-07 0.021360923 1.3237552e-06 5.282938e-07 0.00025245995 0.07338594 1.1904428e-05 1.16338315e-05 0.0002468939 1.6304003e-06 0.0018200171 4.2381303e-06 0.5188205 1.6802165e-06 3.298187e-07 3.3221312e-09 2.2976528e-06 8.5727926e-08 0.00016061724 0.002202538 0.36820033 0.030050917 0.14793372 0.00037056356 0.069661126 4.1555208e-07 0.00047418024 0.0006816936 0.19046782 1.4841149e-07 4.5504044e-07 0.031046608 1.7103477e-07 6.118744e-05 0.0005567497 0.0031858573 0.00013281952 2.8370232e-07 1.6848554e-06 5.7507583e-07 1.45499115e-08 0.054444615 2.28386e-07 5.3965755e-07 2.597129e-06 8.5282046e-08
0.90391576 0.00095658324 0.0010754518 1.762284e-05 1.2076751e-05 0.0001980015 8.343324e-06 0.31498402 0.90833104 6.0668447e-07 1.1458966e-06 0.04214744 0.97949696 1.215574e-07 9.8491924e-08 2.184123e-06 0.0021853966 0.004413595 2.918168e-06 2.4004417e-14 0.95751184 0.8888751 0.05086387 1.2749323e-06 0.56187975 0.5520864 8.540215e-05 1.3233785e-07 0.5494911 0.662364 7.10775e-05 0.9587186 0.656062 1.0656729e-07 0.00025310146 2.5175655e-07 0.003041487 0.24166884 5.203678e-05 0.00021853007 0.28285027 3.2548573e-07 1.8325254e-07 1.5422657e-07 0.0061405725 0.018019313 0.16996478 0.21615931 2.7291076e-08 0.035719708 0.0025716336 0.041688845 0.06441871 0.0005178028 0.00077935116 0.07600113 5.572498e-05 0.00071003387 0.0016778844 0.0017707285 4.626204e-07 0.0025168937 0.00026486482 0.00053221575 0.0012106551 0.0072001847 0.0007275358 3.3406236e-06 0.0109515255 0.00026233512 0.00053822825 0.005448563 6.978198e-08 0.045139622 0.108758666 3.408949e-06 2.1330195e-06 3.644791e-07 3.4607084e-09 8.736835e-06 0.0004469347 0.0009770404 0.009819225 3.7797946e-08 9.37065e-05 2.0137722e-05 4.454269e-06 1.4789692e-05 0.0010722306 7.679016e-07 1.0323874e-05 2.7865144e-06 1.8707542e-06 3.5850324e-08 8.572279e-06 3.5646536e-07 7.2833277e-06 8.221445e-05 5.1554507e-06 4.4433077e-07 1.0092977e-07
0.95188266 0.005979336 0.019219762 0.00024893048 0.00038792088 0.0017168259 7.846215e-05 0.9012884 0.8077022 8.434913e-06 8.135925e-06 0.5822692 0.58253056 4.3073555e-06 1.1265663e-05 1.1926791e-05 0.006302159 0.01868506 0.00039663434 0.95751184 4.092138e-14 0.6905571 0.1243686 6.244182e-05 0.34248656 0.8238003 0.0002745138 9.0742327e-07 0.98652065 0.44063592 0.0012310583 0.8304204 0.5462284 3.1293658e-07 0.0018517113 0.000136367 0.008642603 0.46301526 0.0004133072 0.00074016827 0.16467054 2.040513e-06 9.976366e-07 9.996918e-07 0.007854103 0.055467457 0.08686349 0.13610472 4.820737e-07 0.08329453 0.008169334 0.008440301 0.08886979 0.004200822 0.0044401884 0.037456226 0.00037855815 0.0023677403 0.0018473968 0.002519086 2.7676815e-06 0.0013116357 0.00021330298 0.0069754147 0.00061150925 0.04523568 0.00028641475 2.2317632e-05 0.0055802492 0.00066525827 0.0015072053 0.0019278039 6.6837003e-07 0.1530334 0.5674898 5.663213e-06 3.2448093e-05 6.682965e-06 3.2136818e-08 6.693147e-05 0.00018861912 0.013808654 0.058740385 7.957278e-08 9.1214235e-05 7.434512e-06 1.669877e-05 4.0692253e-06 0.0006497171 1.22605825e-05 4.243475e-05 2.8574682e-06 1.5073217e-06 5.8033623e-07 5.106131e-07 2.3051379e-07 1.0374649e-06 5.724865e-05 2.6114074e-06 3.411311e-07 2.2064382e-08
0.94844943 0.0017492379 0.0023615723 5.5953642e-05 1.7238906e-05 0.00037519223 7.0619303e-06 0.10941079 0.46655935 4.805841e-07 2.3437765e-06 0.0041409153 0.9822732 1.8868828e-07 6.3760965e-08 1.2384603e-06 0.0010207715 0.0028571784 2.919528e-05 0.8888751 0.6905571 3.940586e-13 0.24728863 3.0437961e-06 0.9900101 0.3851547 5.7171288e-05 8.9620805e-08 0.025758574 0.0148183545 0.00021651557 0.5434281 0.90637994 2.3347612e-08 0.0004007588 2.3669802e-06 0.015699849 0.03653247 0.00010962507 0.0005459967 0.56833607 2.5717804e-07 1.6914359e-07 2.3040259e-07 0.040778745 0.00693623 0.2711206 0.107550606 1.0341907e-07 0.0012258269 4.6619498e-05 0.005140563 0.014755291 3.7679525e-05 5.32819e-06 0.21649693 0.00065024494 7.020683e-05 6.060969e-05 0.019423783 2.1048372e-07 0.021970378 0.0019733775 0.00016541341 0.0002913516 0.0013053806 0.0027920275 9.686214e-07 0.012713179 6.2343934e-05 1.1547826e-06 0.00024553225 2.9373175e-09 0.0040134266 0.022367643 1.1291827e-06 1.5384134e-06 2.919681e-07 1.72878e-09 3.2667336e-05 1.4366495e-05 0.0003862361 0.0019139256 3.4685808e-08 3.3315912e-06 3.4156668e-07 6.521496e-06 4.8715464e-07 0.0063316016 1.4291362e-05 4.133092e-05 1.1551076e-06 6.2927774e-07 6.433987e-09 1.4021126e-06 1.8596313e-06 2.3766027e-06 2.935075e-05 6.599445e-08 1.237156e-06 4.917986e-08
0.99012214 0.31104225 0.47785422 0.0029314088 0.0027015645 0.041601185 0.00017424645 0.7690555 0.73475707 8.066885e-06 8.84651e-06 0.119247004 0.38640058 9.4281984e-07 7.1139476e-07 0.00014223874 0.023473946 0.16294976 0.00049161835 0.05086387 0.1243686 0.24728863 1.1361486e-14 1.4390256e-05 0.6168129 0.8012397 0.00064032746 1.6534999e-06 0.007040214 0.0033020289 0.26919332 0.0042785765 0.028159365 1.5345713e-06 0.68153316 0.0060098576 0.97667396 0.005840365 0.12205071 0.43500113 0.959107 2.2090165e-07 6.307185e-07 2.6857785e-07 0.9191547 0.054431517 0.019203639 0.0016010753 2.2185507e-07 5.035684e-06 2.5963711e-06 4.693753e-05 6.810275e-05 0.0006215584 9.504795e-08 0.10358689 0.2296462 6.232726e-06 1.2917186e-06 0.65365285 4.08553e-06 0.034185104 0.026552323 0.0010247491 7.404055e-05 0.00936672 0.008832272 2.0714107e-05 0.0005349011 0.00015898552 4.0501497e-08 9.208443e-05 1.5708578e-08 0.005770277 0.021863865 0.0012995773 2.7221595e-06 1.851252e-07 2.3124116e-08 0.0068994793 6.7423497e-07 0.00083466945 0.0026982764 5.1641035e-07 1.8590153e-07 8.462052e-07 0.0015371802 2.7561525e-08 0.35299015 0.0028727946 0.006834264 5.2755045e-06 2.9712742e-08 1.3027539e-08 6.2308122e-06 5.1829513e-05 0.00027528955 1.136551e-06 1.2986109e-06 0.000103718594 2.8743099e-08
0.57997257 0.008958792 0.006582453 0.2130797 0.22601384 0.19183777 0.10424232 0.00017568076 0.0001364815 0.17070526 0.023796272 0.00058880047 2.8672399e-05 0.25841832 0.9979909 0.009115468 0.033447348 0.0003405188 0.99779063 1.2749323e-06 6.244182e-05 3.0437961e-06 1.4390256e-05 1.7261654e-11 2.6059102e-05 0.00016684324 0.0050991997 0.0007504292 1.7658118e-05 7.891567e-06 0.015324686 2.547016e-07 2.0819982e-07 0.00019742678 0.000111796726 0.7496542 1.748198e-05 2.2368931e-06 0.001527565 4.8306174e-05 7.8168773e-07 0.0016459906 0.0002310496 0.029934702 2.751719e-06 0.0041532097 2.494183e-06 1.9495825e-07 0.16396931 1.3969818e-08 4.8273336e-09 2.2107406e-07 1.8618104e-08 0.00048425735 1.07769654e-10 8.19261e-09 0.0011005917 2.0499309e-07 2.5698252e-08 5.101692e-05 0.47393617 9.281744e-07 3.188749e-06 8.980497e-05 8.1172075e-08 0.00023196828 1.7470428e-07 0.814223 9.021778e-07 3.0975844e-08 1.050572e-09 7.1542075e-08 6.0003794e-07 1.3778206e-06 0.0005175515 0.256057 0.2726729 0.5043835 0.004258865 0.013370481 3.0425326e-07 0.0002058446 0.00016129279 0.16945152 4.2359298e-07 9.5216024e-07 0.0040039537 1.8859525e-07 1.6900871e-06 1.078528e-05 0.00035113475 0.00048487337 7.430677e-08 0.00029549387 1.151454e-06 1.0170541e-08 0.061113644 8.811381e-08 6.584072e-07 1.2126782e-07 4.7827245e-07
0.90936446 0.047917154 0.017772088 0.0006405858 0.00041266857 0.011030485 5.249991e-05 0.07554968 0.3387711 3.980041e-06 9.454017e-06 0.003459919 0.79303724 3.711462e-06 1.2578768e-06 4.142418e-06 0.0014804784 0.0025072668 0.0008073758 0.56187975 0.34248656 0.9900101 0.6168129 2.6059102e-05 6.979032e-13 0.21041791 0.00019185674 2.5655362e-07 0.0119115785 0.004941093 0.0013623994 0.3526805 0.96617943 1.4306751e-06 0.0069843642 5.8397378e-05 0.12552066 0.016808385 0.0006586813 0.0047611515 0.9598396 5.338388e-06 1.3690026e-05 4.493698e-06 0.22829668 0.003526259 0.70344716 0.6172012 1.0211634e-06 0.0004998045 0.00015776484 0.008313616 0.024793882 4.721404e-05 1.5517819e-05 0.5749885 0.00089414057 1.4090945e-05 2.3092085e-05 0.08430642 1.464178e-06 0.049159184 0.007409325 0.0002185907 0.00015354424 0.0006281179 0.006140388 5.694842e-06 0.02208121 5.5955672e-05 1.1534821e-07 3.368554e-05 1.4348598e-07 0.0003649767 0.0044629327 1.3426006e-05 6.836353e-06 1.8200116e-07 1.3041797e-06 7.7081095e-05 1.2107334e-05 0.00016831193 0.0007150832 2.1562455e-06 6.7387914e-06 1.6842351e-06 3.4671775e-05 2.2138793e-06 0.007674109 8.521275e-05 0.00060349767 2.435951e-05 7.644557e-07 9.1316636e-08 9.170582e-07 1.8356624e-06 2.0884784e-06 0.00012626435 2.3044059e-07 3.4408404e-06 1.5696926e-06
0.99128854 0.14093655 0.55248165 0.008469469 0.014232289 0.02022403 0.0019980543 0.95464605 0.7185406 0.00032268726 0.00041204703 0.89894605 0.45427802 0.0001025519 0.00015922192 0.0002132743 0.016660707 0.8652449 0.000843045 0.5520864 0.8238003 0.3851547 0.8012397 0.00016684324 0.21041791 3.60996e-12 0.0006427803 1.52113225e-05 0.13392907 0.08360763 0.15473983 0.113715135 0.08790053 1.8538146e-06 0.09873209 0.0042349286 0.12020725 0.15296 0.023254804 0.017768411 0.40237847 1.0574323e-05 7.8661213e-07 3.1839132e-05 0.046224456 0.8113349 0.0052336645 0.007271128 3.830946e-06 0.03724648 0.0015404307 0.0010941733 0.013914242 0.0079094395 0.0010816512 0.009439891 0.010616689 0.0063431817 0.00046024128 0.010214167 0.0002547627 0.0003359677 0.00025528684 0.006366849 0.0271338 0.5103207 0.00030395444 7.7065284e-05 0.00033213984 0.0034841418 0.00018247294 0.0031399487 4.202927e-08 0.7398174 0.82305 0.0005683045 0.00048035872 5.12268e-05 1.570839e-07 0.0012772988 0.000109115965 0.032226387 0.20474976 1.0439518e-06 3.1141168e-05 5.648846e-05 0.00046351404 5.078297e-06 0.025205245 6.237575e-05 0.00019464068 9.392028e-06 2.0571565e-06 4.068403e-06 1.5316173e-05 1.8399987e-06 7.749784e-05 6.4817764e-06 2.7183926e-06 4.624605e-06 3.5428396e-08
0.96963996 0.013067364 0.034416094 0.54155475 0.047320034 0.008510592 0.91019803 0.001854707 0.00038828878 0.27264228 0.6322328 0.0642333 0.00017364032 0.09671298 0.03826137 0.9371042 0.9637021 0.015830198 0.0063190395 8.540215e-05 0.0002745138 5.7171288e-05 0.00064032746 0.0050991997 0.00019185674 0.0006427803 3.0018034e-14 0.20818181 0.00030242803 7.556858e-05 0.00822743 6.3762236e-06 4.4614026e-06 0.01097008 0.0008998141 0.004892909 0.00012580173 3.211821e-05 0.00037862023 6.0530037e-05 4.0115843e-05 0.05785804 0.002550103 0.030672507 8.792403e-06 0.70075077 7.870985e-05 6.6417165e-06 0.0072005386 6.160679e-05 1.1938615e-05 1.7104212e-05 1.3204203e-06 0.9671084 2.0939788e-06 1.2928557e-07 2.7192134e-05 0.00020372953 1.0486672e-05 0.00014534533 0.008433715 7.0718806e-07 1.4981077e-05 0.12719125 6.7445035e-05 0.16728872 2.7638278e-06 0.0014073246 2.9660867e-05 7.933046e-06 1.5054376e-07 6.731601e-05 4.8702925e-05 0.0011007171 0.026664361 0.0004261158 0.0025330405 0.0025828304 0.00048183743 0.0012773189 2.4350451e-05 0.07530009 0.012724168 0.00022567302 3.1015736e-07 1.5937869e-06 0.00025052993 7.924032e-08 1.4235361e-07 4.0885816e-06 0.00010889724 6.614041e-05 6.006528e-07 2.6701693e-05 1.06744686e-07 5.089758e-10 0.00016301998 2.3270813e-06 2.228904e-07 6.8834254e-07 6.1611113e-06
0.9910329 6.676018e-05 0.00013704978 0.0006083403 0.00029945959 9.14413e-05 0.014677391 6.9913012e-06 4.201092e-06 0.009535052 0.53849113 0.000214097 6.7908053e-07 0.027140835 0.002054068 0.90974444 0.00577737 0.00037984448 0.00037160277 1.3233785e-07 9.0742327e-07 8.9620805e-08 1.6534999e-06 0.0007504292 2.5655362e-07 1.52113225e-05 0.20818181 3.7586313e-11 1.9745876e-06 1.3315642e-07 0.00017034661 1.021816e-08 5.0131073e-09 0.99287826 4.1059034e-06 6.6241475e-05 2.3977276e-07 7.530512e-07 7.1138093e-06 2.2725806e-06 2.6769385e-07 0.8101616 0.66739255 0.37623397 4.3415394e-08 0.010372831 8.079896e-06 1.5252125e-07 0.20364612 7.193094e-08 1.0570989e-08 1.9065364e-08 1.5674736e-07 0.31116772 4.127919e-09 1.4248582e-08 1.7169297e-06 2.6220305e-06 3.0100327e-07 5.388933e-07 0.19288768 1.4610258e-08 2.2411893e-06 0.11894102 2.956872e-06 0.00489465 2.0052114e-07 0.0004791543 6.856015e-07 5.1405796e-06 3.278798e-08 3.4992374e-06 0.29199582 1.0054866e-05 0.0003588696 6.617783e-05 0.00051977445 0.004444048 0.0030178467 7.876601e-05 4.7311167e-07 0.03889891 0.000481628 3.3565222e-05 3.7073673e-07 3.8929505e-07 4.3541968e-05 1.5882835e-08 6.383181e-07 1.6743202e-08 9.745975e-06 9.446604e-05 1.0023605e-07 1.6340764e-05 9.391553e-08 3.814731e-09 4.4319237e-05 5.0622845e-07 1.4215581e-07 4.498542e-08 0.00080186676
0.8535866 0.0014839807 0.0021697653 0.00015182329 4.6924953e-05 0.00051137607 0.00014824112 0.0809018 0.05082983 7.184484e-06 1.6160002e-05 0.025744826 0.015156999 2.1985975e-06 2.3326206e-06 1.8409526e-05 0.0034010033 0.0026783955 5.0483995e-05 0.5494911 0.98652065 0.025758574 0.007040214 1.7658118e-05 0.0119115785 0.13392907 0.00030242803 1.9745876e-06 3.0937503e-13 0.99791247 3.7859263e-05 0.5980287 0.06988206 2.978908e-07 0.00013580802 2.4275294e-06 0.0006956026 0.87639 1.1130199e-05 5.7316447e-05 0.007969126 8.396784e-07 9.2383493e-07 7.726103e-07 0.0002071955 0.040360786 0.011744948 0.038612038 4.4664407e-07 0.56295764 0.029999983 0.05239448 0.109245636 0.0030753866 0.011888885 0.009118164 5.2538773e-05 0.040444024 0.039771847 8.476009e-05 4.800665e-07 0.00043528373 6.556859e-05 0.0020707806 0.05093673 0.04256175 0.00016067822 5.4708976e-06 0.004598712 0.0013285785 0.0056123324 0.015882703 5.331471e-07 0.27621552 0.2807488 1.860199e-06 5.6534027e-06 4.370053e-06 3.6341158e-10 1.7311591e-05 0.0058597745 0.004016682 0.03531964 3.7219094e-09 0.00015008025 5.8236103e-05 1.2377837e-06 4.512974e-05 0.00024979658 7.4215797e-07 2.7254896e-06 1.4255256e-06 2.77911e-06 1.0348591e-06 1.1730971e-05 1.4982449e-07 4.786345e-08 0.00020259975 7.087724e-06 1.6211759e-07 2.8392886e-09
0.84123 0.00022329458 0.0002429885 4.3954005e-05 7.4614745e-06 0.00012187681 3.29178e-05 0.008645695 0.0034134027 1.1252096e-06 2.5667198e-06 0.003807641 0.0052590384 9.709095e-07 4.965105e-07 3.7214786e-06 0.00063155754 0.0005868378 1.1031677e-05 0.662364 0.44063592 0.0148183545 0.0033020289 7.891567e-06 0.004941093 0.08360763 7.556858e-05 1.3315642e-07 0.99791247 4.1344466e-11 2.9088644e-05 0.8133676 0.06638985 6.002551e-08 5.695361e-05 4.6372156e-07 0.00038056495 0.97121084 1.1727682e-05 5.270212e-05 0.005139232 1.2850218e-07 7.9711043e-07 4.5574137e-07 0.00010777256 0.01539681 0.008850806 0.04333658 1.5727998e-07 0.90253663 0.20526852 0.22326456 0.23314129 0.0013043284 0.021963142 0.0032741332 3.6914458e-05 0.122490115 0.14589582 6.3910025e-05 2.7052383e-07 0.00015148225 2.3020622e-05 0.00076684647 0.22454596 0.02355522 8.052324e-05 5.397592e-06 0.0032583452 0.002353253 0.0049314094 0.055523932 9.128894e-08 0.42173842 0.28171334 1.2115148e-06 1.1283258e-06 1.2440499e-06 4.6422485e-10 3.2284777e-05 0.038997542 0.0025147765 0.033630785 4.4607766e-08 0.00012008172 0.00022683087 1.18892345e-07 3.3262942e-05 9.194621e-05 7.2933955e-07 1.3967687e-06 1.3055237e-06 2.9350788e-06 7.432275e-07 1.2532005e-05 2.7534673e-08 1.2558912e-07 0.000106208296 3.4448822e-06 7.174432e-08 6.167521e-09
0.96557134 0.8349973 0.84080535 0.0850339 0.44565538 0.8956501 0.0060721356 0.07609677 0.02869386 0.00056782266 0.0011408541 0.16671911 0.0013915709 0.00021387883 0.00057732227 0.0044455994 0.12632248 0.2236158 0.36617753 7.10775e-05 0.0012310583 0.00021651557 0.26919332 0.015324686 0.0013623994 0.15473983 0.00822743 0.00017034661 3.7859263e-05 2.9088644e-05 3.1548396e-14 1.0604762e-05 4.2399615e-06 0.0002383439 0.9909106 0.7713197 0.14644857 6.527466e-05 0.9586807 0.44059497 0.00066573266 9.000385e-06 0.00016956247 1.2576639e-05 0.00460012 0.10300388 1.5269241e-05 4.8080096e-07 8.83715e-06 1.39460985e-08 3.4218062e-09 2.6741085e-07 4.9266703e-08 0.002440703 2.9100083e-10 4.612814e-06 0.6840051 3.2014384e-07 4.81058e-08 0.0042032143 5.9408892e-05 4.396845e-06 9.9597484e-05 0.0015812077 1.6897518e-06 0.009548521 7.4246204e-06 0.00035348954 3.1630711e-06 5.865175e-06 2.5571651e-09 5.3438075e-06 5.463835e-07 0.00049666583 0.0049847383 0.3070889 6.599096e-05 1.222697e-06 3.5264975e-08 0.30265927 2.818857e-07 0.0009980754 0.00047810283 0.0005314166 3.025799e-07 2.952334e-07 0.13522285 1.9670264e-08 0.17528646 0.03442399 0.07316177 1.6978415e-06 4.309586e-08 4.6076053e-07 3.6456876e-07 2.6649335e-05 0.045393743 1.1907271e-06 3.009892e-07 0.00030369655 7.094973e-08
