1.9598244e-12 0.7177708 0.65902805 0.91280246 0.9580606 0.9712114 0.8604178 0.9668764 0.9608948 0.9120986 0.965868 0.91947913 0.881371 0.9482501 0.5538011 0.9039056 0.93235874 0.89769495 0.8686474 0.9089058 0.9673786 0.856236 0.8599794 0.32315278 0.9121382 0.6238187 0.988635 0.96098375 0.43766814 0.89716387 0.61158633 0.97921616 0.9971158 0.97941 0.9920357 0.81099826 0.99974906 0.9076697 0.9556896 0.506919 0.9447954 0.7557629 0.99181503 0.34797084 0.87654746 0.39285383 0.20306501 0.9941894 0.95788646 0.12010042 0.43723217 0.046698872 0.80510086 0.932397 0.74695766 0.051028736 0.6455058 0.833949 0.9187578 0.97518975 0.37199113 0.69125855 0.15413232 0.11601004 0.90472054 0.9615175 0.823984 0.006950579 0.9297736 0.57822007 0.94201183 0.09639439 0.76716197 0.50458634 0.9992645 0.6325147 0.1454766 0.09119848 0.004962904 0.04209853 0.9347489 0.91129947 0.19991139 0.99867964 0.818512 0.8846214 0.73256403 0.00017652166 0.007912771 0.43280798 0.99974436 0.007301473 0.03152565 0.9742211 0.99955124 0.001599013 0.004704195 0.0002160589 0.7752762 0.021198511 0.17496392
0.7177708 4.173163e-12 0.9983519 0.88771856 0.9606868 0.84013337 0.9428507 0.03362319 0.14964692 0.090865724 0.53802127 0.0017893618 0.46042687 0.010185942 0.006348123 0.0005270215 4.583348e-05 0.000108091335 0.00024465806 0.2738308 0.025248213 0.009067534 0.0075371596 0.0005863917 0.0015468225 0.027585912 0.06531968 0.0018978039 0.00019431055 7.636477e-05 0.00010938926 0.26064 0.13647306 0.0066602067 0.0057429983 1.9952968e-06 3.365221e-05 0.1187109 0.00013384948 0.003473287 7.318772e-05 9.2459384e-05 1.7977207e-05 0.0033229985 0.078584746 5.8444875e-06 1.7646234e-05 0.0013345551 2.1637004e-06 1.7654362e-05 0.005910105 0.00019023847 1.4264695e-06 0.008021203 0.00021026476 1.0193454e-05 5.3571457e-06 5.587382e-05 5.7527006e-05 0.00029820818 7.707072e-07 2.0889674e-07 2.2835825e-06 0.0003131302 0.0003276348 2.8350465e-07 1.9044877e-05 2.8264465e-08 2.0389813e-07 1.3696039e-06 0.0001911742 1.6235801e-05 1.6055206e-07 0.0009813159 0.031276207 0.011049156 0.00010062122 0.0002336265 6.0783103e-09 1.3032031e-05 0.0010140935 7.6546905e-07 6.0513203e-06 1.4605527e-05 2.879704e-08 3.0723436e-07 5.0221615e-07 2.5155186e-05 0.0001811538 9.73953e-09 0.008175621 0.00015223969 2.0516227e-07 4.389825e-07 0.0020288562 4.192763e-06 2.2432772e-05 7.3048436e-06 3.9624304e-08 2.0614406e-09 1.5627717e-07
0.65902805 0.9983519 3.4651665e-13 0.99793756 0.52242637 0.8064208 0.6896086 0.21609235 0.062050667 0.021785058 0.13514711 0.006036747 0.13476379 0.024798943 0.0018873553 0.002877722 0.00034468903 0.0003910555 0.000932262 0.10573258 0.015321769 0.06884443 0.03148774 7.052996e-05 0.00663469 0.019307597 0.027433507 0.00761159 1.880346e-05 0.0001605543 1.8502249e-05 0.4129177 0.16774303 0.02752617 0.0035174978 5.5629505e-07 1.4455895e-05 0.09339664 0.00024750046 0.0029705875 0.00026037975 0.0013854827 3.4514178e-05 0.0018850458 0.17349745 1.7533639e-05 5.190831e-05 0.0021062552 1.9599122e-05 2.624386e-05 0.011889582 4.3909553e-05 4.6605383e-06 0.050025683 0.00032281037 1.3052779e-05 5.0831546e-05 7.9750134e-05 6.732147e-05 0.00030254544 2.1548046e-06 1.3547219e-06 7.4441177e-06 0.00063682813 0.0029786795 1.6186415e-06 3.1140873e-05 1.445258e-08 6.12866e-07 5.54486e-06 0.00022041444 3.880178e-05 2.0912874e-07 0.00497653 0.016309885 0.0370995 5.1950505e-05 0.00033295935 1.8736652e-09 2.661459e-05 0.0007167416 5.8460455e-07 3.3120798e-06 3.8914513e-05 6.3179996e-08 1.2300454e-06 4.1307428e-07 3.3905635e-05 0.00042436933 8.1472216e-08 0.0047555882 9.382848e-05 2.8552307e-07 2.5826736e-07 0.002062918 5.458348e-06 2.333356e-05 5.2162136e-07 3.0201438e-08 1.6178744e-08 1.1177257e-07
0.91280246 0.88771856 0.99793756 3.5144823e-13 0.115063176 0.8271092 0.8861031 0.9003254 0.15725923 0.015245394 0.042344622 0.06892566 0.035038576 0.07577327 0.00038973844 0.0685892 0.002139675 0.0047108103 0.0008374042 0.020133868 0.0011303297 0.91952586 0.8417792 3.7786183e-05 0.00395591 0.061724417 0.0737276 0.11298303 5.904021e-06 0.002000285 8.295094e-06 0.16369988 0.86431944 0.017099753 0.011715369 7.0865205e-08 8.90056e-06 0.014754116 0.0018190801 0.00030550658 0.00020133796 0.0010494781 9.045034e-06 0.0010745743 0.05312812 2.2213467e-06 4.8175243e-05 0.07527428 0.00012765042 0.00012944837 0.004741111 5.2475657e-06 4.245531e-05 0.025916938 0.011342744 2.4725286e-05 1.4725191e-05 0.00053142454 2.5950023e-06 0.004884394 2.5862994e-07 2.4088345e-07 6.0479174e-06 0.00013168402 0.0010147886 1.3923938e-07 1.5583042e-05 7.62756e-09 2.8099592e-07 7.3426634e-08 0.0015335701 1.5744296e-05 8.0532135e-07 0.0063456297 0.12371047 0.021594036 8.034026e-06 3.8339927e-05 1.05197906e-10 9.977265e-06 0.020376626 5.3919405e-07 6.752198e-06 0.00019856669 6.30963e-08 9.779692e-07 7.257192e-07 2.7405016e-05 0.0007990304 2.5171321e-08 0.08358375 0.00010945093 6.917356e-07 6.6593966e-05 0.04830463 1.3334399e-05 0.00010172027 5.897029e-07 1.369135e-06 3.662208e-09 1.0387246e-09
0.9580606 0.9606868 0.52242637 0.115063176 6.7482397e-13 0.7879033 0.94338214 0.005520915 0.5468982 0.6333417 0.9792067 0.00063110836 0.91287416 0.0049381414 0.007187791 0.00020099014 8.999561e-06 1.0695829e-05 2.0207342e-05 0.75338596 0.53607553 0.0061521954 0.0030231497 0.0010782689 0.00032739053 0.15608945 0.34977162 0.00092350855 0.00032715552 5.8257733e-06 0.00028862507 0.4291382 0.086859256 0.003868855 0.04900485 1.954966e-06 0.0008407784 0.51845676 4.294636e-06 0.0763097 8.3273727e-07 9.3095805e-05 1.8750362e-07 0.023726882 0.23850723 2.7591506e-08 5.903765e-07 0.0007947608 2.3476098e-07 1.948471e-05 0.032695558 0.0032897154 3.9733226e-07 0.012135739 0.00014302442 1.6616885e-06 1.1187617e-06 3.0463027e-06 0.00024837154 0.0002784626 2.0562776e-08 7.393904e-08 2.2655802e-06 0.0049386057 0.00018430334 3.044435e-08 9.317912e-07 4.7435837e-08 1.8696689e-07 1.0749837e-06 1.0248438e-05 1.6913706e-06 9.001104e-08 0.0036001473 0.050158758 0.05049964 0.031671986 0.0015885299 6.548962e-08 1.2826923e-06 0.00092373235 8.2530875e-07 1.1584016e-06 2.0519917e-06 1.4938825e-08 8.547421e-08 1.5954932e-06 0.00017704262 0.0019646168 3.7145217e-08 0.0054440885 6.430816e-05 1.6082431e-06 1.9604222e-05 0.0012023946 2.7787391e-06 2.8161217e-05 0.00018391093 1.8539727e-07 2.4511296e-08 2.523385e-09
0.9712114 0.84013337 0.8064208 0.8271092 0.7879033 7.444766e-15 0.17680301 0.8420826 0.017617201 0.0011355169 0.3255235 0.57500434 0.8287369 0.9389393 0.00012352507 0.029977147 0.00832473 0.010176171 0.02844596 0.6816135 0.002166171 0.15603511 0.12231484 7.828168e-06 0.25333723 0.007910183 0.014890934 0.06470985 1.5087282e-06 0.002084135 6.84263e-07 0.95482254 0.6148475 0.6268525 0.003987619 1.5572246e-08 2.8790713e-05 0.19352376 0.00088160054 0.0006357586 0.0017340063 0.025204703 5.2841526e-05 0.0010091938 0.714118 7.4760654e-05 0.0009670648 0.013608302 2.4460953e-06 0.000753704 0.15479752 3.6799378e-05 1.1256012e-06 0.6605357 0.00077233376 4.319735e-05 3.409858e-05 2.4964687e-05 1.3794391e-06 0.0012991653 6.268866e-05 1.6252773e-06 1.5590844e-05 0.0026314133 0.210149 4.4416257e-07 2.6704377e-06 2.9698901e-09 2.0183441e-07 1.0575882e-06 6.7599976e-05 0.0040961206 1.0043949e-07 0.34879288 0.029535377 0.5811178 3.0597323e-05 0.0023233218 4.2827235e-09 0.000933168 0.003352597 1.5733623e-07 1.0498775e-06 6.1886385e-07 5.7561934e-08 9.889264e-07 1.5538379e-06 0.00065985235 0.02787868 9.717065e-08 0.005891844 0.0031737876 4.6543218e-07 7.958378e-06 0.0019236231 0.00014485767 0.0024854653 1.4698093e-06 6.279732e-07 2.1973502e-08 5.3189266e-09
0.8604178 0.9428507 0.6896086 0.8861031 0.94338214 0.17680301 2.5698614e-14 0.009393108 0.99556 0.9079411 0.37850732 0.00023259474 0.08251125 0.0011948223 0.15435542 0.00048999063 3.2494732e-05 2.8145161e-05 4.69842e-05 0.06745504 0.31736097 0.03132792 0.00852865 0.003371836 0.00015455029 0.45779303 0.6906431 0.0008425724 0.0003720893 1.7259978e-05 0.0001633493 0.026798973 0.13819914 0.0007487539 0.17908138 1.8664105e-05 0.00039506017 0.06081054 6.432589e-05 0.017148329 6.5501176e-06 2.6053365e-05 2.7212434e-06 0.010129597 0.012221126 1.2260534e-07 3.7815812e-07 0.0021600875 1.8573962e-06 5.6851504e-06 0.0019778097 0.0018124962 1.3267189e-06 0.000813024 0.00029033946 1.5603792e-06 3.26382e-06 2.034122e-05 0.0006726358 0.0008924657 6.3507294e-08 4.3908634e-07 1.0338915e-06 9.905737e-05 8.073754e-05 3.722616e-07 3.232999e-06 2.6358964e-07 1.2470522e-07 4.162152e-07 0.0001273422 3.0633322e-07 4.3838548e-07 0.000111130015 0.20641704 0.0029519333 0.0010872291 0.000103571714 3.7869604e-08 9.994721e-08 0.0037353674 1.4293985e-06 9.359486e-07 4.013752e-06 8.685493e-10 8.645302e-09 2.378118e-07 3.4933313e-05 0.0001919532 2.609511e-09 0.024312086 2.2317949e-05 5.7014256e-07 2.2350443e-06 0.007819063 1.3265987e-06 1.0359848e-06 3.152785e-05 5.3007906e-08 1.1954507e-09 3.222914e-08
0.9668764 0.03362319 0.21609235 0.9003254 0.005520915 0.8420826 0.009393108 1.09335e-12 0.0010871881 0.00038347256 0.0016858809 0.9692515 0.0050808163 0.8779796 7.2150695e-05 0.94202995 0.6785922 0.5451443 0.505628 0.005155146 0.00027199462 0.8232174 0.816902 1.581148e-05 0.7777031 0.0031714519 0.0032862742 0.8548625 1.1598658e-05 0.13312581 8.573485e-07 0.20602965 0.7247469 0.6910023 0.0019448843 2.9822097e-08 4.030903e-06 0.0061702463 0.024152176 3.384752e-05 0.21804154 0.32908645 0.0054929676 7.1536255e-05 0.042882375 0.0034804244 0.014304189 0.16863567 4.3724274e-05 0.0031599235 0.0007364398 2.0474859e-06 1.0167928e-05 0.49048567 0.0035120177 0.0008186129 0.00039634207 0.00012838478 1.086723e-06 0.0032858024 0.0034034173 1.9807278e-05 3.8699123e-05 6.2011713e-06 0.42709595 5.6403303e-05 1.0339384e-05 1.6895552e-08 1.2590685e-06 2.407305e-05 0.00048666485 0.0062726997 3.185922e-06 0.055431236 0.04345856 0.037643287 1.1702883e-06 2.6358084e-05 9.685992e-09 0.0004026625 0.0065309783 1.2154916e-07 7.916555e-06 8.248646e-06 2.1034306e-07 8.0923355e-06 7.900411e-07 8.826954e-05 0.002373597 1.2897841e-07 0.019410973 0.0005893339 2.527717e-06 3.1251042e-05 0.005079971 0.00023968008 0.0016675853 1.3489644e-06 4.2608062e-07 5.269126e-09 1.8258424e-07
0.9608948 0.14964692 0.062050667 0.15725923 0.5468982 0.017617201 0.99556 0.0010871881 2.4692666e-11 0.88636833 0.1894803 8.892316e-05 0.0297186 0.00043655 0.26355895 0.00016571609 2.1201002e-05 4.6782505e-05 3.0141264e-05 0.046583634 0.29836014 0.029250063 0.006092417 0.003002086 0.00018578995 0.9019615 0.96915394 0.0010651265 0.00048170128 4.1861407e-05 0.00060002116 0.017482847 0.27923352 0.000597992 0.5061246 2.7075688e-05 0.0006895746 0.037953265 6.0949944e-05 0.007210757 8.533591e-06 4.6717832e-06 3.5445398e-06 0.007136764 0.006410659 6.3020885e-08 6.522233e-07 0.007557035 3.270154e-06 6.7404308e-06 0.000641937 0.0006515342 6.567447e-07 0.00060949475 0.003238659 7.901594e-07 7.125335e-07 1.0124859e-05 0.0008574949 0.001746252 9.957521e-08 4.224271e-07 4.8682746e-06 5.4913853e-05 1.7532202e-05 2.9265132e-07 2.7928995e-06 1.0102838e-07 1.04741574e-07 8.105361e-07 0.00065032276 3.1172547e-07 7.200963e-07 6.0141694e-05 0.64204454 0.0011677016 0.00043124318 2.898582e-05 8.5956664e-08 5.43066e-07 0.0198398 6.050077e-07 1.8804382e-06 4.9898983e-05 3.0219747e-09 3.6918063e-08 1.2056389e-06 1.827881e-05 0.00011488401 2.6942173e-08 0.10261626 4.678748e-06 1.8117225e-06 6.7964324e-06 0.035214275 1.9168683e-06 1.9092859e-06 2.9874149e-05 1.2819684e-06 9.0622025e-09 2.8887369e-08
0.9120986 0.090865724 0.021785058 0.015245394 0.6333417 0.0011355169 0.9079411 0.00038347256 0.88636833 2.7249215e-11 0.47115216 4.6386314e-05 0.12361932 0.0001292866 0.9864209 0.00014102529 5.7116868e-06 1.0512234e-05 2.204777e-06 0.15991595 0.9734991 0.017724738 0.003724474 0.35263568 9.595646e-06 0.88130134 0.77340317 0.000106660074 0.027679684 8.4851035e-06 0.008750769 0.011916145 0.018454071 0.0001204283 0.398971 0.0001428656 0.015275482 0.16272211 6.9130865e-06 0.27128983 2.5954255e-06 1.1799795e-05 6.908473e-08 0.09790421 0.009602251 1.3016529e-07 7.9729824e-07 0.00045569582 1.3744007e-06 9.572047e-06 0.0015141249 0.05266242 1.0889495e-06 0.00031190854 0.00028750914 7.3698453e-07 1.2243738e-06 2.413163e-06 0.04070094 0.0006650594 8.692893e-08 3.2339074e-07 5.6412255e-06 0.00021046156 7.918125e-06 1.9148147e-06 1.5393513e-06 4.7758626e-06 4.1288644e-07 1.3586877e-06 0.00013438272 4.900918e-07 3.235982e-06 9.684044e-05 0.06321781 0.0020000073 0.009982201 0.00020518842 1.9192132e-06 2.9961893e-06 0.001977951 2.1476117e-06 3.8467692e-06 8.798106e-06 3.54434e-08 3.5010584e-07 5.0508e-06 5.4022556e-05 0.00024120035 2.3588936e-07 0.014532834 4.2284973e-06 4.7068826e-07 1.327976e-06 0.002960227 2.9546e-06 5.3393455e-06 3.220096e-05 1.8748254e-07 3.1811584e-08 1.0770216e-08
0.965868 0.53802127 0.13514711 0.042344622 0.9792067 0.3255235 0.37850732 0.0016858809 0.1894803 0.47115216 1.8341624e-12 0.00026588753 0.9889375 0.0019146284 0.02078845 2.1802472e-05 1.3254638e-05 1.0484452e-05 1.9916497e-05 0.93493706 0.66081053 0.0015460711 0.0009296575 0.0028810063 0.00023430592 0.07366497 0.27388704 0.0004703242 0.004286743 3.1840993e-06 0.008580373 0.50430644 0.050719876 0.0019214018 0.039334666 0.00015385264 0.004614123 0.7573813 2.2516288e-06 0.089949474 5.2754064e-07 3.4473337e-06 8.2558465e-08 0.1685867 0.33708337 6.4185826e-08 4.4675053e-07 0.00029359554 2.7654517e-08 3.4283392e-05 0.103643686 0.0050680023 8.159803e-08 0.020314435 5.3023512e-05 1.1292252e-05 2.840971e-07 4.539943e-06 0.0010749643 5.1551335e-05 8.2914475e-08 4.527974e-08 8.295023e-06 0.018387267 0.00016168426 1.12954396e-07 9.260529e-08 6.0903335e-07 2.2358007e-08 2.5195845e-06 1.4622979e-05 1.0757765e-06 3.589603e-08 0.004963806 0.023497881 0.101388685 0.11318929 0.0050638616 1.1523953e-06 6.5358876e-07 0.00038369466 2.8060495e-07 7.5117055e-07 2.811786e-06 7.2682845e-08 4.1910175e-07 1.1858163e-07 0.000226957 0.000872735 2.2698186e-08 0.0023152716 0.00028698758 1.1612925e-05 1.0585669e-06 0.00037869156 2.4609684e-05 3.0209494e-05 0.00013392138 4.007869e-08 1.2226323e-07 9.3034075e-08
0.91947913 0.0017893618 0.006036747 0.06892566 0.00063110836 0.57500434 0.00023259474 0.9692515 8.892316e-05 4.6386314e-05 0.00026588753 4.98463e-12 0.0017759736 0.9583754 6.7181486e-06 0.5516676 0.87670505 0.342457 0.9794302 0.0047676857 2.7764954e-06 0.06675108 0.095812894 3.1212423e-06 0.9417145 8.277018e-05 0.00015824416 0.40985954 6.680477e-07 0.043625746 1.5186171e-07 0.043849792 0.05751474 0.54706097 2.3639699e-05 5.9972383e-09 4.4068466e-07 0.0005335182 0.009486984 1.1749769e-05 0.64938366 0.52035743 0.01797558 3.678426e-05 0.008552573 0.010687147 0.06230939 0.042175252 4.4168304e-05 0.0057246173 0.00025568742 2.3280101e-07 4.673506e-05 0.32527852 0.00057084503 0.0020564918 0.00150759 0.000408517 6.9822227e-07 0.00082649896 0.012671291 3.7100133e-05 4.6826204e-05 4.3197624e-06 0.4190593 1.9742101e-05 8.972814e-06 3.5531784e-09 5.3945325e-07 2.5903078e-05 0.00013904984 0.0067279683 1.6815148e-06 0.017460704 0.003989019 0.009593849 3.5170444e-07 3.0883093e-05 2.8666612e-08 0.00036676961 0.0010540279 4.786534e-07 8.034163e-06 1.3581196e-05 3.829483e-07 9.783708e-06 3.1089328e-07 0.00010379589 0.00054758746 8.6505463e-07 0.0043271785 0.0001852265 2.6154748e-06 4.769527e-06 0.0014526848 0.00021301411 0.0031035563 1.3604685e-07 1.2065884e-07 7.743171e-09 1.5999364e-06
0.881371 0.46042687 0.13476379 0.035038576 0.91287416 0.8287369 0.08251125 0.0050808163 0.0297186 0.12361932 0.9889375 0.0017759736 6.063303e-13 0.057338405 0.0020340174 0.00016574343 0.00012344195 3.0721356e-05 0.00021682282 0.9914418 0.3472258 0.0014117188 0.0007732918 0.00014158439 0.0030130497 0.008461977 0.051594477 0.00064972235 0.0001300847 7.648842e-06 0.00013670737 0.7155887 0.027115053 0.043411534 0.0081775775 3.930927e-06 5.555931e-05 0.554297 1.0596714e-05 0.056197293 1.0130297e-05 0.00043581604 2.8432828e-07 0.13218231 0.41504735 4.2015265e-07 2.59531e-05 0.00037323355 3.087067e-07 7.596049e-05 0.07495372 0.0037847154 2.3178475e-06 0.060326535 2.498927e-05 1.541072e-05 3.1029833e-06 4.249833e-05 5.953338e-05 0.00010225549 4.3218492e-07 5.3900305e-08 1.9638908e-06 0.0065920046 0.0014009898 1.706243e-08 4.937145e-06 4.6316927e-08 2.526983e-07 2.189644e-06 5.7060384e-05 2.350356e-05 1.8637218e-08 0.008838891 0.0067091696 0.10846207 0.050073482 0.002454405 1.8968734e-08 3.1782138e-06 0.00041146253 8.27862e-07 1.8357448e-06 7.3352453e-06 7.5437026e-09 5.422768e-07 2.4973713e-07 0.00011592173 0.0018439506 9.8383355e-09 0.002264631 0.0002217535 6.0363864e-06 9.381367e-08 0.0004471449 1.199195e-05 8.415039e-05 4.975566e-05 3.985685e-08 1.6600848e-07 2.780641e-07
0.9482501 0.010185942 0.024798943 0.07577327 0.0049381414 0.9389393 0.0011948223 0.8779796 0.00043655 0.0001292866 0.0019146284 0.9583754 0.057338405 5.5609204e-14 1.6285318e-05 0.10046542 0.100708164 0.053906683 0.4717583 0.09845117 9.622524e-06 0.10930335 0.12158435 3.3779525e-06 0.9870501 0.00024581596 0.0011788359 0.24559867 1.9415957e-06 0.011544051 1.8346823e-06 0.3052011 0.25798512 0.93767875 0.00027665126 1.09544365e-08 1.0091938e-05 0.0016452797 0.0053488254 1.4253523e-05 0.057256818 0.4104893 0.000588842 3.7686532e-05 0.05744435 0.0018341307 0.021631008 0.018485058 2.122881e-06 0.0025373308 0.0016274854 3.5454238e-07 1.2372657e-06 0.73096794 0.00044888962 0.00048697914 8.53765e-05 4.596265e-05 5.031198e-07 0.0004584126 0.00093597814 1.175669e-06 2.7070188e-05 1.8224797e-05 0.713226 2.606504e-07 7.0168863e-07 1.3865996e-08 1.0045213e-07 1.2521557e-06 0.00014824154 0.028596485 6.1294025e-07 0.19069575 0.0059894253 0.11907233 3.0261305e-07 9.794454e-06 6.860135e-09 0.003233272 0.001752559 4.3668052e-07 1.1817493e-06 2.8786568e-05 1.2870704e-08 3.197164e-07 1.176232e-06 5.9682545e-05 0.0018494276 6.473528e-08 0.0040443763 0.0015641474 4.443956e-07 1.0290433e-05 0.00078331836 0.0008740681 0.0075157224 1.122696e-06 5.081075e-07 3.9517882e-08 2.0408974e-07
0.5538011 0.006348123 0.0018873553 0.00038973844 0.007187791 0.00012352507 0.15435542 7.2150695e-05 0.26355895 0.9864209 0.02078845 6.7181486e-06 0.0020340174 1.6285318e-05 3.8440266e-13 3.6385813e-05 1.3152129e-07 4.6740587e-07 7.979463e-07 0.0057900785 0.46894282 0.00726884 0.0015051735 0.9983178 9.789976e-07 0.9543307 0.23393424 2.8282628e-05 0.3644323 6.290671e-07 0.017578755 0.0002064779 0.0021553114 3.886387e-06 0.36914605 0.004694268 0.46143836 0.008501041 1.6706631e-06 0.09528636 2.6941774e-07 4.0835917e-07 2.945836e-08 0.015837394 0.0003118773 5.3935647e-09 3.5101838e-08 0.00029021627 2.0491451e-07 1.401968e-06 3.984711e-05 0.018318582 7.2237405e-08 3.8293736e-05 0.00047738297 1.8709886e-07 8.71258e-08 1.3984715e-07 0.1788866 0.0001576155 9.343682e-09 1.3307611e-08 1.646858e-07 2.7209386e-05 4.7156843e-07 2.6172575e-07 1.4978376e-07 7.642364e-05 1.7914832e-08 1.1313471e-08 4.0172963e-05 3.4944186e-08 1.651663e-07 6.9100764e-07 0.019015342 1.4019703e-05 0.00071356643 6.2439017e-07 7.72207e-06 3.254342e-07 0.00067940063 9.432875e-07 1.3352692e-06 9.485675e-07 2.9496123e-09 2.7664345e-07 7.260494e-07 1.4198042e-06 5.97671e-06 1.1450876e-07 0.006307645 2.5211693e-07 4.822075e-07 8.222578e-08 0.00078432076 7.919451e-07 4.9876667e-07 3.2195305e-05 1.835948e-08 2.1231286e-09 4.1811847e-09
0.9039056 0.0005270215 0.002877722 0.0685892 0.00020099014 0.029977147 0.00048999063 0.94202995 0.00016571609 0.00014102529 2.1802472e-05 0.5516676 0.00016574343 0.10046542 3.6385813e-05 6.6996593e-13 0.9030039 0.98412186 0.5242377 0.0002066542 2.0227011e-05 0.60299784 0.7408462 8.257555e-06 0.14416145 0.00019047085 0.00039590348 0.9577981 3.2360592e-06 0.9290068 1.7348066e-07 0.0048682685 0.23973721 0.041646756 0.00016925826 5.6414753e-09 1.0620565e-06 6.04019e-05 0.33627793 1.4668007e-05 0.33228734 0.08316125 0.062232707 8.343364e-06 0.00035352985 0.0034043442 0.0045574387 0.6033133 0.0006108457 0.0010968944 4.9565824e-06 3.1180942e-08 0.0002785898 0.03370141 0.013755094 0.00032620746 0.001217701 0.0013851374 3.808962e-07 0.0059110383 0.0024544166 9.612018e-05 3.453051e-05 2.307795e-07 0.040677324 0.00017997989 5.7308356e-05 1.978864e-09 1.4779865e-05 1.5296466e-05 0.0008155043 0.00021130824 5.3857275e-05 0.0009194867 0.02718104 0.0010402782 1.0820125e-08 1.3202447e-07 1.6282256e-09 2.9961937e-05 0.008581985 3.572875e-06 1.9132824e-05 6.6163055e-05 6.5383e-07 5.911086e-06 1.4226979e-06 2.401277e-05 4.436918e-05 5.3635716e-08 0.03036758 4.3739536e-05 1.8351847e-06 2.7400076e-05 0.007385948 3.3079337e-05 0.0006201729 1.7401105e-07 1.8288887e-07 7.015612e-10 1.7852553e-07
0.93235874 4.583348e-05 0.00034468903 0.002139675 8.999561e-06 0.00832473 3.2494732e-05 0.6785922 2.1201002e-05 5.7116868e-06 1.3254638e-05 0.87670505 0.00012344195 0.100708164 1.3152129e-07 0.9030039 5.0091833e-11 0.9850647 0.9921254 0.00024622865 7.669443e-07 0.025239715 0.04671273 1.2990698e-07 0.2800661 3.8168862e-05 0.00014463667 0.6813664 1.405135e-08 0.49996918 1.8211045e-08 0.0054448205 0.05512499 0.11737277 2.9543002e-05 1.2275662e-09 1.5110574e-07 6.115077e-06 0.06990782 4.6837368e-07 0.55634 0.286946 0.14262289 3.611524e-06 0.00036356418 0.018849365 0.0326673 0.31557366 0.00084201776 0.004245821 4.1403646e-06 9.3135055e-09 0.00036259968 0.09451066 0.0036124494 0.0009710113 0.007951248 0.0021502178 6.9071646e-09 0.0034025765 0.008368981 0.00029795858 5.6245706e-05 9.2364324e-08 0.12561539 0.00022680231 0.0001589684 3.3040942e-10 2.4302615e-05 5.161332e-05 0.0008830819 0.000524616 5.3876847e-05 0.001850584 0.005479299 0.0004053889 2.7989187e-09 2.6840883e-07 6.0157684e-11 4.1713676e-05 0.0040869913 5.0719227e-06 0.000116193005 0.00033609426 3.3129772e-06 5.5217126e-05 1.5457666e-06 4.684901e-06 1.1193684e-05 1.4765344e-08 0.011071465 4.1397114e-05 4.5744814e-06 3.9269424e-05 0.004021482 6.960788e-05 0.001670163 2.1238789e-08 3.2717747e-07 1.3539368e-08 5.863793e-06
0.89769495 0.000108091335 0.0003910555 0.0047108103 1.0695829e-05 0.010176171 2.8145161e-05 0.5451443 4.6782505e-05 1.0512234e-05 1.0484452e-05 0.342457 3.0721356e-05 0.053906683 4.6740587e-07 0.98412186 0.9850647 1.6714729e-13 0.7362307 7.006376e-05 2.6927712e-06 0.010672582 0.037052035 3.0399903e-08 0.14270347 1.6254611e-05 7.186988e-05 0.61307794 3.499039e-09 0.9782971 1.0152129e-08 0.0024533109 0.021800777 0.05077902 2.9636887e-05 6.2473526e-10 3.5089187e-08 8.1247135e-06 0.21776436 2.61804e-06 0.61809117 0.17244881 0.38772994 1.3933296e-06 0.00022245565 0.026549563 0.021784378 0.43270034 0.0068513784 0.00402038 1.643263e-06 5.812423e-09 0.0022231143 0.05981252 0.010455891 0.0017777012 0.024099756 0.015414285 1.2965393e-08 0.009592025 0.01576222 0.003946614 0.00022558826 1.3440263e-07 0.10393556 0.0013475649 0.0018259715 1.2401515e-10 0.00016556303 0.00010434492 0.001955932 0.00034529518 0.00019133452 0.0003949289 0.0041603968 4.985175e-05 2.1913515e-09 5.3515542e-08 1.21267805e-11 3.2425607e-05 0.009943654 2.8797962e-05 0.00013159413 0.00023043326 1.4628865e-05 9.495731e-05 2.112596e-05 9.851049e-07 1.3304434e-05 1.7777798e-07 0.020164594 1.5609621e-05 1.8506105e-06 1.7481712e-05 0.009675994 1.3417455e-05 0.0015218512 2.1228704e-08 7.7164196e-07 9.094011e-09 5.3339404e-06
0.8686474 0.00024465806 0.000932262 0.0008374042 2.0207342e-05 0.02844596 4.69842e-05 0.505628 3.0141264e-05 2.204777e-06 1.9916497e-05 0.9794302 0.00021682282 0.4717583 7.979463e-07 0.5242377 0.9921254 0.7362307 1.3817036e-10 0.00035330668 3.8951265e-07 0.007623253 0.023477785 1.1139177e-06 0.6549659 5.2645078e-06 8.533255e-05 0.3016894 7.3221045e-08 0.3194496 2.3028779e-08 0.0016476412 0.023964986 0.07575311 1.4847761e-05 1.1297767e-09 1.8605441e-07 1.3785601e-05 0.048192937 4.1644512e-07 0.9585782 0.44368097 0.5106694 1.0835885e-06 0.00014546874 0.09015249 0.06945097 0.107990645 0.0039947787 0.008633953 5.830792e-06 7.173693e-08 0.013730318 0.043597892 0.005258492 0.007228566 0.13473992 0.07513899 4.986656e-08 0.002431444 0.030421978 0.011062752 0.001294151 2.2627049e-07 0.11995317 0.00053021713 0.0070562353 3.7589865e-09 0.0001974228 0.00015593336 0.002265439 0.0013364739 0.0016505396 0.0019294261 0.0013920001 6.1109524e-05 2.251807e-08 8.146088e-06 6.604827e-10 0.00011197001 0.0024294101 0.00012090563 0.0007088992 0.00030326183 3.0280942e-05 3.1761854e-05 1.2550722e-05 2.6875594e-05 1.4174265e-05 1.3185643e-06 0.0019208367 0.00063086225 1.8335866e-05 0.0002410541 0.00224026 0.00031812285 0.005703784 5.9310917e-08 6.8667696e-06 6.9620185e-08 1.886852e-05
0.9089058 0.2738308 0.10573258 0.020133868 0.75338596 0.6816135 0.06745504 0.005155146 0.046583634 0.15991595 0.93493706 0.0047676857 0.9914418 0.09845117 0.0057900785 0.0002066542 0.00024622865 7.006376e-05 0.00035330668 2.978027e-11 0.5081659 0.00072435115 0.00047827314 0.001879653 0.018135302 0.013728001 0.075376555 0.0006154475 0.0013319866 8.545164e-06 0.0022180183 0.8097404 0.023245716 0.17356208 0.016035095 4.9403032e-05 0.00044905813 0.9792409 1.5519137e-05 0.27475837 1.2271999e-05 0.0011516528 3.0651177e-07 0.63188636 0.49298757 1.483087e-06 8.966711e-05 0.0002689232 1.8870239e-06 0.00028332506 0.1850608 0.078277975 1.539669e-05 0.020084435 2.8743718e-05 8.3629086e-05 2.5833992e-06 0.00017497166 0.0006283174 0.00034340413 2.1806122e-06 2.0634528e-07 9.2378605e-06 0.010643016 0.00045317633 1.0414052e-08 2.0322761e-05 1.3207256e-07 4.0007353e-06 1.885104e-05 3.4076373e-05 2.0266323e-05 5.611946e-07 0.010798526 0.009114173 0.08072073 0.13477309 0.0030530943 8.404035e-07 6.843019e-06 0.0003798905 6.2282123e-07 1.0037773e-05 7.38718e-06 6.899646e-09 7.444206e-07 1.5893357e-07 0.00011168238 0.0015532589 5.5488375e-08 0.0027755145 0.00016005026 2.2834527e-05 1.0650904e-06 0.00075946725 1.1739599e-05 0.00020009108 0.0006102788 1.2180579e-08 2.7654957e-07 1.1022892e-06
0.9673786 0.025248213 0.015321769 0.0011303297 0.53607553 0.002166171 0.31736097 0.00027199462 0.29836014 0.9734991 0.66081053 2.7764954e-06 0.3472258 9.622524e-06 0.46894282 2.0227011e-05 7.669443e-07 2.6927712e-06 3.8951265e-07 0.5081659 1.9422888e-13 0.0006232765 0.0006182651 0.11523095 1.6625413e-06 0.60805464 0.7219094 0.00018226267 0.08657513 1.6464551e-06 0.4244347 0.019733686 0.02526549 2.8021883e-05 0.36645135 0.015832117 0.16344593 0.5839504 1.0358871e-06 0.99721164 5.1633624e-08 4.7307715e-08 8.2314436e-08 0.3971329 0.030053876 6.590812e-09 3.388262e-09 0.0007359861 3.2273984e-08 8.7817807e-07 0.011556024 0.26096302 6.537879e-08 0.00038186958 9.69866e-06 3.951984e-08 1.13318016e-07 2.5092768e-07 0.46327484 0.00017868131 1.1032603e-09 3.15049e-08 8.2223306e-07 0.0028193987 3.4117622e-06 4.235988e-08 1.3251174e-07 3.236749e-05 9.8988174e-08 3.2169035e-07 4.5699966e-05 8.497566e-08 2.1709562e-07 9.5053445e-05 0.06621627 0.0022340845 0.40765217 0.0011507403 0.00017948453 4.600545e-07 0.003211083 1.6346709e-06 5.695515e-08 9.259903e-06 1.271023e-08 1.5299122e-07 1.1225086e-06 8.552245e-05 0.00029842329 5.9554837e-09 0.0080964705 7.223454e-07 2.3940217e-07 2.199022e-05 0.0013864418 2.047606e-07 4.2492493e-07 0.0016406693 1.286919e-07 3.2733055e-08 2.808009e-09
0.856236 0.009067534 0.06884443 0.91952586 0.0061521954 0.15603511 0.03132792 0.8232174 0.029250063 0.017724738 0.0015460711 0.06675108 0.0014117188 0.10930335 0.00726884 0.60299784 0.025239715 0.010672582 0.007623253 0.00072435115 0.0006232765 2.1182929e-11 0.99727213 0.00047023827 0.027179025 0.010824003 0.043710608 0.7108567 0.00015549069 0.024947768 3.960876e-05 0.008557585 0.98403794 0.013382874 0.0025155477 6.470958e-07 7.2719517e-06 0.00028786252 0.027664315 0.00036389494 0.006498633 0.0014409821 0.0032031415 0.00020861631 0.001499382 7.676725e-05 0.00010149487 0.21020092 0.00031892784 7.260536e-05 7.9850666e-05 1.7151859e-05 7.571546e-05 0.0051087765 0.0034826817 0.000109057495 9.626254e-05 0.0006401574 9.9681965e-05 0.0016902677 3.5156332e-05 2.3396036e-05 7.6153387e-06 6.645739e-06 0.003313968 6.864219e-05 1.6181251e-05 1.397155e-08 1.3989332e-05 8.793787e-06 0.0004248125 6.514363e-05 8.686674e-05 0.00052643626 0.22853707 0.0020961168 2.0710075e-07 5.3577946e-06 3.289459e-08 2.4794046e-05 0.008638599 8.679888e-06 8.825152e-05 2.1183418e-05 1.1875705e-07 3.8945768e-07 7.714039e-06 5.012831e-05 0.00011458201 6.1535394e-07 0.23381224 0.00018103549 1.1759874e-06 1.5190828e-06 0.01653564 3.3849134e-05 0.00010465966 1.5366399e-05 9.935685e-08 3.0560385e-10 5.452861e-07
0.8599794 0.0075371596 0.03148774 0.8417792 0.0030231497 0.12231484 0.00852865 0.816902 0.006092417 0.003724474 0.0009296575 0.095812894 0.0007732918 0.12158435 0.0015051735 0.7408462 0.04671273 0.037052035 0.023477785 0.00047827314 0.0006182651 0.99727213 7.065906e-13 8.352459e-05 0.039733194 0.002321582 0.004220505 0.9772134 8.19185e-06 0.089592 5.2030083e-07 0.0063063977 0.9074675 0.0127457855 0.001151807 4.9322836e-08 2.9839932e-06 0.00032659565 0.13255268 0.00013923428 0.013642372 0.006478411 0.008149566 3.8967915e-05 0.0010507033 0.00025139013 0.00029188002 0.24782151 0.0021570644 7.5594246e-05 3.6838217e-05 4.0353602e-06 0.0006018889 0.005427808 0.03257706 9.540982e-05 0.00029863536 0.004728713 5.797908e-05 0.0075632106 5.0515733e-05 0.0001109135 1.9557481e-05 6.0127386e-06 0.0041866023 0.00025428453 0.00019300959 3.6041108e-09 0.00013872598 1.1122314e-05 0.0021599873 0.00015172428 0.00029083356 0.0007213889 0.19948943 0.002086232 3.0666058e-07 3.4197157e-05 3.4394557e-08 7.952851e-05 0.024095103 8.5425854e-05 9.61629e-05 4.640202e-05 8.2107806e-07 1.5163052e-06 6.457928e-06 0.00021148284 0.0001200989 1.0001876e-06 0.18635246 0.00027075008 3.456581e-06 4.967874e-06 0.04142074 7.94906e-05 7.529658e-05 1.0229022e-06 4.9272694e-07 1.8063759e-10 3.0918147e-06
0.32315278 0.0005863917 7.052996e-05 3.7786183e-05 0.0010782689 7.828168e-06 0.003371836 1.581148e-05 0.003002086 0.35263568 0.0028810063 3.1212423e-06 0.00014158439 3.3779525e-06 0.9983178 8.257555e-06 1.2990698e-07 3.0399903e-08 1.1139177e-06 0.001879653 0.11523095 0.00047023827 8.352459e-05 5.024745e-14 2.9823175e-06 0.38391086 0.02039728 5.777703e-06 0.9984816 8.775059e-07 0.35471436 4.384817e-05 0.00015613767 7.3602055e-06 0.06374098 0.052887186 0.6040347 0.00082158804 6.613259e-07 0.06527443 4.6023575e-07 3.2096895e-07 2.2744732e-08 0.0044468483 0.0001303041 1.2115701e-08 4.7081326e-08 9.2155235e-05 5.859377e-08 2.353539e-07 1.8382789e-05 0.016665554 1.399502e-08 1.4319837e-05 9.841223e-06 7.70039e-08 2.7363107e-08 1.6096217e-07 0.26878417 8.276224e-06 2.432477e-08 2.8336835e-09 6.892047e-08 1.1078446e-05 4.8183284e-07 3.9235186e-08 1.0063336e-07 0.0003022919 1.3274657e-08 8.2194065e-09 2.7310082e-06 3.090155e-08 1.0462052e-08 2.7586348e-06 0.0056981184 1.0604291e-06 0.00010086429 1.2482153e-06 6.546945e-06 6.0718855e-07 8.169482e-06 2.6376867e-07 1.0989639e-06 2.2194556e-08 1.152987e-09 1.9822082e-08 1.8724451e-07 2.5306653e-07 2.3493285e-06 4.472593e-08 0.0005274577 7.0142306e-07 3.7749766e-07 1.6230778e-10 7.202392e-05 6.5660224e-08 3.9502265e-07 2.88023e-05 3.2864267e-10 1.3339649e-09 1.6248139e-08
0.9121382 0.0015468225 0.00663469 0.00395591 0.00032739053 0.25333723 0.00015455029 0.7777031 0.00018578995 9.595646e-06 0.00023430592 0.9417145 0.0030130497 0.9870501 9.789976e-07 0.14416145 0.2800661 0.14270347 0.6549659 0.018135302 1.6625413e-06 0.027179025 0.039733194 2.9823175e-06 5.1722596e-13 6.1849634e-05 0.00024183883 0.11402548 7.356707e-07 0.017764626 2.0838775e-07 0.04685226 0.059792135 0.88245404 4.2284388e-05 5.2421902e-09 1.8071999e-06 0.00035553478 0.008757341 2.7729416e-06 0.547893 0.9841185 0.01689429 9.314088e-06 0.010965415 0.033913564 0.20308341 0.015643405 0.00022936224 0.024818407 0.00024521307 3.507378e-07 0.00023232297 0.6763182 0.00079374475 0.008581032 0.007395693 0.0020944902 2.8867486e-08 0.0011328874 0.009629937 0.00020353086 0.00040007624 2.0611549e-06 0.8398753 8.666398e-06 7.912182e-05 1.3237734e-09 1.6395154e-06 5.2148258e-05 0.0006495616 0.046085786 1.150178e-05 0.092531726 0.0013222363 0.039152075 8.820625e-09 1.9742762e-05 2.878e-09 0.004021594 0.001617313 3.3811302e-06 5.2670217e-05 4.100803e-05 1.0251018e-07 5.241676e-07 5.204698e-06 3.5973262e-05 0.00090809603 3.3777283e-07 0.0027553972 0.00055410544 2.3060825e-06 5.1773735e-05 0.0005774853 0.00058671663 0.04084755 6.605981e-08 1.0808544e-06 1.4028274e-07 1.2294215e-06
0.6238187 0.027585912 0.019307597 0.061724417 0.15608945 0.007910183 0.45779303 0.0031714519 0.9019615 0.88130134 0.07366497 8.277018e-05 0.008461977 0.00024581596 0.9543307 0.00019047085 3.8168862e-05 1.6254611e-05 5.2645078e-06 0.013728001 0.60805464 0.010824003 0.002321582 0.38391086 6.1849634e-05 2.960517e-14 0.96467423 0.00017948264 0.5417347 2.675864e-05 0.048912495 0.0034801005 0.0071158353 0.00017315432 0.9937522 0.16318575 0.09866263 0.01004669 0.00019754129 0.071332715 1.3080966e-05 8.909995e-06 4.016666e-06 0.006696666 0.0011172377 1.3271574e-07 1.558435e-07 0.0012454537 9.585686e-06 4.211552e-07 0.00012339427 0.0012085802 3.3586116e-06 0.0002104748 0.0005195653 3.3709512e-07 2.654416e-06 7.4182217e-06 0.17057255 0.00096495 1.0419536e-08 5.9879005e-07 5.164527e-07 3.6021922e-06 1.2235889e-05 6.6573836e-07 4.1937804e-07 2.519742e-05 2.3739715e-07 3.804577e-07 7.684021e-05 6.1154566e-08 7.3792194e-07 1.9109155e-05 0.20812169 0.00032036455 0.0010409337 2.8556133e-06 2.610948e-05 5.654521e-07 0.004759272 2.318159e-06 8.016418e-07 1.0774578e-07 1.937346e-09 1.8295054e-08 9.350278e-09 3.9903366e-06 2.2060967e-05 8.649227e-09 0.036367014 2.5681886e-06 4.6963498e-07 8.084818e-09 0.007814188 2.3301024e-07 1.7887601e-06 2.3378507e-05 1.0622873e-08 1.6280541e-10 7.020438e-08
0.988635 0.06531968 0.027433507 0.0737276 0.34977162 0.014890934 0.6906431 0.0032862742 0.96915394 0.77340317 0.27388704 0.00015824416 0.051594477 0.0011788359 0.23393424 0.00039590348 0.00014463667 7.186988e-05 8.533255e-05 0.075376555 0.7219094 0.043710608 0.004220505 0.02039728 0.00024183883 0.96467423 3.5940762e-12 0.00051263167 0.009448998 6.783653e-05 0.0132726645 0.019767703 0.08923801 0.0007211602 0.9456412 0.0048727603 0.0029879503 0.066430904 0.00019120538 0.049722336 2.754044e-05 3.6336507e-05 8.822094e-06 0.020415165 0.006452527 8.89235e-07 3.2718574e-06 0.007442085 2.396347e-05 2.2359214e-05 0.00061559957 0.0007249562 8.026757e-06 0.0007082633 0.0014311705 3.801119e-06 2.0354792e-06 6.2434316e-05 0.023058558 0.003818516 1.3334177e-06 5.836712e-06 1.840735e-05 8.164144e-05 0.00015834122 1.1469303e-05 8.257289e-06 1.2646356e-06 7.777671e-06 7.075538e-05 0.0009909067 2.1372957e-06 1.6776946e-06 0.00013531857 0.89704573 0.0017662119 0.0023611165 0.00016131278 2.7129772e-06 3.5358357e-06 0.029060673 5.2409687e-06 1.2294092e-05 3.4254256e-06 2.5307136e-07 5.959106e-06 1.020937e-05 6.425042e-05 0.0005606333 2.7984944e-07 0.42086732 8.36566e-05 4.994628e-06 1.786381e-07 0.06280511 3.2661899e-06 2.5619154e-05 2.187274e-05 1.4825362e-07 1.3248476e-08 2.7706272e-07
0.96098375 0.0018978039 0.00761159 0.11298303 0.00092350855 0.06470985 0.0008425724 0.8548625 0.0010651265 0.000106660074 0.0004703242 0.40985954 0.00064972235 0.24559867 2.8282628e-05 0.9577981 0.6813664 0.61307794 0.3016894 0.0006154475 0.00018226267 0.7108567 0.9772134 5.777703e-06 0.11402548 0.00017948264 0.00051263167 1.6690104e-13 2.0295229e-06 0.84736764 1.1773672e-07 0.012726795 0.6119817 0.06459044 0.0003452391 1.1198676e-08 7.3525435e-08 0.0005210807 0.92086446 4.320745e-05 0.16568759 0.036667757 0.10037834 2.0244368e-06 0.0012539484 0.0039680935 0.0020857684 0.8565262 0.015425874 0.0004921284 3.946311e-05 2.3635992e-06 0.0032255882 0.029218556 0.52465683 0.00016458886 0.004961908 0.025124086 1.9731908e-06 0.021171832 0.0017528983 0.0010160983 0.00018422813 1.5113362e-06 0.019124119 0.0035991587 0.0032110538 2.7756744e-10 0.0005068705 0.00033074088 0.0056184586 0.00017071921 0.00091029715 0.0014820825 0.08054692 0.0025179752 6.97717e-09 1.0728453e-06 4.6988538e-09 0.000116073505 0.03867411 0.00036836157 0.00031742733 0.0001322327 3.6638437e-05 5.1810828e-05 2.3787963e-05 0.0001516511 0.00011048487 3.2267153e-06 0.25551674 0.00021741254 9.601651e-06 4.6331003e-05 0.07520028 1.451289e-05 0.00022014111 1.2084723e-07 2.1851943e-06 7.781202e-10 1.2308457e-06
0.43766814 0.00019431055 1.880346e-05 5.904021e-06 0.00032715552 1.5087282e-06 0.0003720893 1.1598658e-05 0.00048170128 0.027679684 0.004286743 6.680477e-07 0.0001300847 1.9415957e-06 0.3644323 3.2360592e-06 1.405135e-08 3.499039e-09 7.3221045e-08 0.0013319866 0.08657513 0.00015549069 8.19185e-06 0.9984816 7.356707e-07 0.5417347 0.009448998 2.0295229e-06 2.6620638e-14 2.9319846e-08 0.9926778 4.3346e-05 0.00013316906 4.917466e-06 0.09372673 0.74092805 0.85474676 0.0005212964 6.0774326e-08 0.06411257 1.613927e-07 3.75512e-07 2.7496101e-08 0.0043005403 3.5907382e-05 1.7228777e-09 8.4076376e-08 5.2172287e-05 1.3681e-08 1.0611418e-07 4.151671e-05 0.044014387 2.5675273e-08 3.3234024e-05 9.724625e-07 4.764376e-08 2.2693511e-08 1.9379983e-07 0.39548263 3.1744428e-06 1.5108857e-09 1.5401037e-09 5.543249e-09 1.5252736e-05 1.269739e-06 1.7298694e-08 1.6305938e-07 0.0006417029 2.171157e-09 5.791715e-10 2.0647788e-06 1.3011193e-07 3.6569194e-08 2.5207106e-07 0.02110267 3.454595e-07 0.00018821804 2.598095e-06 2.2811435e-05 3.2524014e-08 1.4637195e-05 2.0485757e-06 2.6387985e-07 2.5998249e-08 3.1053843e-10 8.858391e-09 2.684845e-08 3.6412263e-07 1.9436233e-07 6.030264e-08 0.0014159977 1.5551952e-07 2.741782e-07 3.3161407e-10 6.706502e-05 4.655776e-08 3.977042e-09 7.293856e-05 1.319561e-09 7.2311634e-10 1.5789932e-07
0.89716387 7.636477e-05 0.0001605543 0.002000285 5.8257733e-06 0.002084135 1.7259978e-05 0.13312581 4.1861407e-05 8.4851035e-06 3.1840993e-06 0.043625746 7.648842e-06 0.011544051 6.290671e-07 0.9290068 0.49996918 0.9782971 0.3194496 8.545164e-06 1.6464551e-06 0.024947768 0.089592 8.775059e-07 0.017764626 2.675864e-05 6.783653e-05 0.84736764 2.9319846e-08 2.2224831e-13 2.9879885e-08 0.00012644463 0.013339005 0.0025953588 3.0704192e-05 6.8069306e-09 6.670197e-08 5.4446077e-06 0.98873794 1.1931427e-06 0.5720392 0.023964817 0.8416312 2.0145606e-06 6.146928e-05 0.07994908 0.0076015466 0.7293815 0.2410127 0.0030384923 6.0383235e-07 1.1800645e-08 0.10285005 0.002416779 0.12802957 0.0028400866 0.05553597 0.30051467 1.05097584e-07 0.047968637 0.021561569 0.051178303 0.0031259225 1.2873411e-07 0.0057878676 0.039513778 0.030488657 1.1429611e-09 0.0021557666 0.001897282 0.016385388 2.4851452e-05 0.005619257 5.7143075e-06 0.008714598 9.5858544e-05 9.370064e-08 1.0167442e-07 3.2494774e-10 1.0787543e-05 0.029897308 0.000857915 0.0016489169 0.0012364489 0.00048985914 0.0004991155 4.305312e-05 6.345471e-07 1.2795091e-05 3.5923324e-06 0.029462446 1.1558453e-05 6.8068243e-06 0.00041027195 0.024656089 6.452468e-06 0.004283171 9.373944e-08 7.7927725e-06 1.8453955e-08 1.06584885e-05
0.61158633 0.00010938926 1.8502249e-05 8.295094e-06 0.00028862507 6.84263e-07 0.0001633493 8.573485e-07 0.00060002116 0.008750769 0.008580373 1.5186171e-07 0.00013670737 1.8346823e-06 0.017578755 1.7348066e-07 1.8211045e-08 1.0152129e-08 2.3028779e-08 0.0022180183 0.4244347 3.960876e-05 5.2030083e-07 0.35471436 2.0838775e-07 0.048912495 0.0132726645 1.1773672e-07 0.9926778 2.9879885e-08 1.3947718e-12 7.156115e-05 6.298559e-05 4.029154e-06 0.05643383 0.9968653 0.65847206 0.0028355995 4.178253e-08 0.43258384 1.4761439e-07 2.1245891e-07 1.2404319e-08 0.02043686 0.00017504809 2.8760245e-09 1.5601331e-07 5.0944304e-06 8.737492e-08 1.9970092e-07 6.294458e-05 0.14989594 1.2576075e-07 5.0730763e-05 5.291366e-08 2.1074442e-07 2.672328e-08 1.1310909e-07 0.9509109 1.1214787e-05 1.0379125e-09 6.5134556e-09 2.5233874e-07 2.4232422e-05 2.0678773e-07 1.8302384e-08 3.2582502e-08 0.027168646 1.2992202e-08 2.000836e-08 1.5104624e-07 4.0605688e-08 9.769596e-09 1.0164123e-06 0.010488148 5.6512437e-07 0.0012144862 2.2300654e-05 0.00025311884 1.6441831e-08 1.8759469e-05 3.8454172e-07 1.6629993e-08 8.75013e-09 5.8397204e-11 8.9934427e-10 4.3939814e-08 6.3753333e-07 2.7481698e-07 2.3062317e-08 0.0011985135 8.4989914e-08 7.994716e-08 7.5612155e-10 0.00015246082 2.2775598e-08 3.6966241e-09 0.00018070929 8.435053e-09 1.057875e-09 2.1238657e-09
