9.609608e-16 0.70483124 0.9916196 0.935572 0.4926308 0.9658407 0.734102 0.6075774 0.99062824 0.78989345 0.18697758 0.8915447 0.87831855 0.8820529 0.9395606 0.031618543 0.94958836 0.9415778 0.547031 0.9769375 0.992347 0.0022335432 0.96220726 0.97261703 0.9890081 0.87502384 0.01668292 0.97714674 0.94669116 0.08410867 0.40368074 0.98684055 0.9829399 0.1940099 0.9680646 0.9514145 0.9509522 0.9911164 0.9690608 0.005018547 0.95926934 0.010253239 0.8950245 0.6205615 0.99680275 0.19378775 0.9736245 0.9861226 0.074688576 0.097075775 0.9903894 0.9737425 0.52784866 0.71024764 0.9354294 0.97592926 0.91836774 0.98945254 0.0002257458 0.94645035 0.992801 0.9977108 0.9622659 0.96980524 0.9830584 0.97835314 0.00011872223 0.99562407 0.9367191 0.022277422 0.9959969 0.982469 0.98981464 0.8219938 0.9937479 0.9621203 8.195577e-06 0.946802 0.5393267 0.9999607 0.7376853 0.9971084 0.992451 0.8960073 1.5641382e-06 0.98674893 0.33743498 0.998172 0.13880038 0.9246781 0.88504696 0.00026978814 0.0044475878 0.99978775 0.99583745 0.99979514 0.029185725 0.9859799 0.97949517 0.9997278 0.99960184
0.70483124 7.063097e-15 0.98414654 0.94853586 0.9697228 0.62359935 0.26278526 0.34752768 0.13009305 0.6208026 0.048660956 0.45211783 0.121858545 0.06857086 0.050799653 0.5422476 0.34052548 0.017989367 0.09664475 0.09435178 0.56736255 0.029248511 0.013830683 0.05117366 0.090442725 0.283853 0.06908373 0.016940312 0.0018727499 0.10255205 0.0046218103 0.25851035 0.0016346959 0.0018451897 0.061050486 0.027979024 0.010836831 0.08588849 0.0110727325 0.008584858 0.001978321 0.00061923586 0.00040582562 2.4756455e-05 0.028230997 1.9293128e-07 0.0001515934 0.038149815 0.007964328 0.0013312965 0.00700928 0.00013932526 1.5397769e-06 0.000108091845 0.0078729335 0.0011739393 0.0006918689 0.0002805995 8.8182915e-06 1.4744063e-05 0.008146784 0.038546726 0.0020288175 1.7178576e-05 0.00015771399 0.0011618531 4.6143924e-08 0.0004202727 0.00017888678 4.784535e-09 0.013934295 0.009661633 0.0003294954 3.4928613e-05 0.0001605817 0.004202491 1.766701e-09 5.329717e-07 1.2240429e-07 0.02330191 0.00033063898 0.020397669 4.855508e-05 0.0028623233 2.7871974e-06 0.0013674271 1.3070123e-06 9.249947e-06 0.00013940236 2.279357e-06 1.5718498e-06 1.3571112e-05 1.2531646e-07 0.00011596263 0.014661129 0.004902005 2.3365065e-07 1.0977739e-06 0.0031315424 0.017392978 0.0066103647
0.9916196 0.98414654 2.3559266e-14 0.1018806 0.51252437 0.0020989452 0.0012697426 0.0006865185 0.6251034 0.62674636 0.020084577 0.6864899 0.023169747 0.23987384 0.3086624 0.4665034 0.00016385778 0.1660134 0.63972473 0.45651922 0.943423 0.0019427665 0.091426656 2.3055623e-05 0.34835926 0.03520427 0.022991441 0.080935135 0.036517516 0.20491977 2.9016852e-05 0.6120514 0.050923787 2.4140766e-08 0.036803156 0.00032734525 3.116289e-05 0.010943122 0.0003507248 0.11378617 0.035004564 0.011927014 4.473959e-06 0.0007537353 0.30188796 0.0061195316 0.002069303 0.2525215 0.02045952 2.4986335e-07 0.011795432 0.0033138858 0.00011705787 7.3255103e-07 0.0044228737 0.0010877731 0.00016193319 5.0130484e-06 0.0024370702 0.00023695054 0.030763935 0.03360367 7.3322066e-05 0.0012210583 0.0007110215 0.0008956033 0.00025223807 0.0008875809 3.370559e-05 2.1632577e-05 0.22378667 0.008141759 0.0010773 0.0009973152 7.0861795e-05 0.0013870441 2.4376418e-06 1.3553198e-05 2.5394076e-05 0.039660145 1.7973813e-05 0.14247112 8.323832e-05 4.5914283e-05 2.0990292e-06 0.0005371944 1.571852e-05 0.000109682594 5.012568e-07 1.1766595e-06 6.1409555e-06 4.4801407e-08 7.04151e-07 0.0010111394 0.07281384 0.15605111 7.718043e-06 1.1030736e-06 0.00015824265 0.0754213 0.013932383
0.935572 0.94853586 0.1018806 2.4792313e-13 0.9139824 0.9764348 0.54697746 0.79172844 1.4848738e-05 0.12917131 0.4897249 0.0046015372 0.63411176 0.00030511557 0.000161906 0.005612327 0.75807273 8.228153e-05 0.002897978 1.1009632e-06 0.042387933 0.088250026 2.50344e-05 0.46884778 2.7085512e-06 0.00045477063 0.021459715 0.020529132 8.024189e-07 0.0036892989 0.042200167 0.00844123 1.0084486e-06 0.031133376 0.11567137 0.19460922 0.087906204 0.36470777 0.15333824 0.0062458133 7.87772e-07 3.6395566e-05 0.001769454 2.7773837e-07 1.9134739e-05 6.184402e-07 0.0002873088 0.0001886587 0.0002855984 0.0007804985 2.6881244e-06 1.1550546e-06 1.1547072e-07 0.00020931162 0.0008001727 3.1281364e-05 9.226898e-06 1.612736e-07 1.3342172e-05 1.9046347e-05 4.9421695e-05 0.15307412 0.00082144 3.0563422e-06 1.3442154e-06 3.057772e-05 3.3379024e-07 4.1151017e-07 2.6581527e-06 3.3581196e-07 0.008295582 0.0075106183 0.00032080113 1.1081473e-06 2.9430262e-07 0.0045687007 3.934801e-10 1.5551617e-08 1.594452e-07 0.03227135 0.0002073918 0.0990514 6.602731e-08 0.00027666605 2.7280862e-07 0.00022297197 5.8693905e-07 0.0003926641 0.001706887 6.7114954e-08 1.2786631e-06 1.2914434e-07 5.8992737e-07 3.1607192e-06 0.059988666 0.0016565478 1.1411887e-06 2.7605755e-09 0.0009898253 0.064804524 0.0035291442
0.4926308 0.9697228 0.51252437 0.9139824 4.489629e-15 0.56769305 0.7572507 0.114977024 0.04161746 0.9122128 0.9239497 0.36368716 0.0060017365 0.12796013 0.034798194 0.19617121 0.47083226 0.033108983 0.0033447263 0.033923317 0.2845158 0.2711141 0.0144411875 0.05953394 0.024804825 0.05575613 0.9150201 0.001596393 0.013041593 0.27839065 0.00017551247 0.14586104 0.0036988535 0.002267663 0.005482077 0.030234758 0.011422024 0.042747397 0.007933024 0.01971671 0.0010722035 0.006312995 0.00012417743 7.4669595e-05 0.0037305367 8.500096e-06 1.6180897e-05 0.006165673 0.000900421 0.0008520585 0.0007726822 3.9321178e-05 4.9307178e-06 8.224614e-05 0.000750655 6.707051e-05 0.0001236913 5.7965894e-06 0.00039653076 2.0824382e-06 0.0010062127 0.01772849 0.0015554973 9.969646e-06 1.8376121e-06 0.00011757084 2.5881548e-07 1.7324242e-05 4.4780845e-05 3.0639967e-08 0.0015471228 0.008366719 6.316491e-05 1.7676591e-06 6.2917184e-06 0.004282928 7.107539e-09 1.0241769e-06 9.985495e-07 0.006540546 1.865108e-05 0.027305627 2.9733167e-07 0.0009961835 2.1197362e-05 0.00033690842 2.5835812e-08 5.2492e-05 1.951774e-05 2.0057816e-07 8.9167224e-07 1.3712036e-06 3.5621013e-09 8.142764e-06 0.010470539 0.0053329435 5.8409874e-08 1.0167394e-09 0.0012377597 0.014738681 0.0044764793
0.9658407 0.62359935 0.0020989452 0.9764348 0.56769305 2.0548819e-12 0.60436606 0.9626205 8.3803684e-07 0.0005991374 0.4754332 0.00011309061 0.72070116 9.728684e-06 4.044727e-06 0.00017645753 0.8556411 5.425109e-06 0.0004973849 8.353466e-08 0.00045478996 0.035974342 1.961186e-06 0.72061324 2.5005693e-07 5.5660872e-05 0.0003801295 0.0050631203 2.2756177e-07 0.0003491271 0.04844449 0.00082049734 2.7396337e-07 0.086231165 0.021761542 0.3436742 0.20103954 0.6434825 0.35767558 7.65502e-05 9.673677e-07 1.7671762e-07 0.013107734 1.3498273e-07 2.3810921e-06 1.1100941e-07 6.7498964e-05 1.1646097e-05 1.4566023e-05 0.0018882214 2.3826809e-07 1.1598469e-07 2.1450296e-07 0.00095960853 4.0676565e-05 1.5063949e-06 1.2727977e-06 1.8207476e-07 2.9326612e-08 1.2192633e-06 3.4334876e-06 0.14532349 0.001366755 1.69398e-05 7.2354894e-08 1.3288031e-06 1.3767541e-08 2.8879052e-08 3.206364e-07 1.1825496e-08 0.000395811 0.005364713 6.9312504e-05 3.9148793e-07 3.19367e-08 0.0029034473 3.4283486e-11 3.4373173e-08 4.3035428e-07 0.020808835 0.0003689132 0.051072586 1.5453717e-08 0.000651105 1.4690222e-09 5.776885e-05 4.4652992e-07 0.0002843339 0.001253607 2.157782e-08 5.7072305e-07 1.2544554e-08 9.651574e-10 1.5964514e-07 0.029394967 0.00020124216 2.5940345e-08 1.300117e-09 0.0016856502 0.02692631 0.0011422405
0.734102 0.26278526 0.0012697426 0.54697746 0.7572507 0.60436606 3.3541614e-14 0.02615598 8.3598735e-08 0.010797533 0.99276453 9.157627e-06 0.00024766385 1.0370554e-06 2.1974236e-06 2.5211373e-06 0.99314505 8.376494e-07 1.6183752e-07 9.640374e-09 0.0004295855 0.22811812 9.036572e-07 0.37131166 5.3127344e-08 2.364767e-06 0.083551474 3.1457614e-06 1.4062449e-08 4.2997483e-05 4.734606e-05 3.7286958e-05 1.6414944e-08 0.003659561 1.5265878e-05 0.05020363 0.046725724 0.05052969 0.032565396 1.4821843e-05 8.6005535e-08 1.0033585e-06 0.018513722 7.116971e-08 1.9514714e-06 4.1072347e-08 2.5311952e-08 2.5082254e-06 1.19335075e-08 0.004584485 3.2442784e-08 1.1480005e-07 1.6680912e-07 0.003126781 9.418582e-07 3.1277574e-07 1.207188e-07 3.252742e-08 2.2773728e-08 5.1745354e-07 1.3941324e-06 0.033527493 0.011789723 1.22458745e-08 2.9599162e-08 2.9130283e-07 1.1915904e-08 4.9998558e-08 5.782121e-07 2.1106726e-07 1.00204325e-05 0.0011591389 4.603534e-07 1.0221283e-07 1.6797446e-07 0.0008890317 2.2737877e-12 2.2397405e-08 1.1047623e-06 0.015709674 0.0004239721 0.013066068 6.076398e-09 0.019568088 1.04748404e-10 2.3860736e-07 9.996455e-08 4.0726304e-06 0.00015364018 1.0981968e-08 8.8997645e-09 1.18013375e-07 2.3831092e-08 1.1909321e-07 0.0098051885 3.5871068e-05 2.6956758e-07 1.5180676e-08 0.012879739 0.00903326 6.6438074e-06
0.6075774 0.34752768 0.0006865185 0.79172844 0.114977024 0.9626205 0.02615598 6.9561257e-19 3.5759305e-07 1.2680617e-08 0.0015738291 6.891249e-07 0.9563406 1.1345123e-07 1.5314235e-06 2.9662505e-07 0.58146685 3.7798108e-07 1.274967e-05 1.1415112e-07 0.0017860127 0.00033424975 2.7600336e-07 0.91961837 8.2744765e-07 1.1389494e-05 1.5827365e-07 0.0034250014 3.1405337e-10 2.4658817e-08 0.77721953 0.0046792193 3.3570502e-09 0.60913986 0.18564321 0.44933635 0.49382234 0.36883688 0.37383372 5.459863e-08 5.7368332e-09 2.8331149e-10 0.018348444 1.208297e-09 5.115804e-06 3.7794212e-11 1.3363234e-05 1.9450903e-05 4.281098e-09 0.0063088937 2.5307259e-07 1.1346291e-09 2.11756e-09 0.0017376291 3.6991405e-06 5.4738746e-07 5.6238164e-08 3.8012944e-09 2.1953286e-10 3.1537787e-08 3.2640191e-06 0.10840416 0.009580043 6.317566e-08 5.08013e-09 1.963298e-07 1.3426509e-10 6.562391e-08 1.7775747e-07 5.2927335e-10 0.00015587894 0.056364287 3.3969267e-05 2.6578846e-09 6.691542e-08 0.013103436 1.3303112e-13 4.3696837e-09 2.4606843e-09 0.018602649 0.0023743645 0.020921879 2.3840867e-08 0.0036519503 2.3152966e-09 0.00037267938 1.1899448e-10 0.0009220886 0.0013171906 3.5751546e-10 6.332453e-08 6.2587663e-10 6.4486375e-11 9.7124506e-08 0.011013714 1.4331176e-05 5.445505e-10 1.0252045e-09 0.0063305516 0.0074230637 0.0012740031
0.99062824 0.13009305 0.6251034 1.4848738e-05 0.04161746 8.3803684e-07 8.3598735e-08 3.5759305e-07 1.0667817e-10 0.27845174 4.0569926e-06 0.7467229 1.7700218e-05 0.73406446 0.9598623 0.71028644 2.895112e-07 0.78426534 0.48989943 0.7892289 0.26310492 1.9122115e-05 0.8298801 1.5517492e-07 0.60250175 0.52382207 0.0012522306 0.0011241887 0.45704997 0.43348184 1.5827305e-07 0.04386669 0.5885351 2.7624243e-09 0.00018478435 1.4808619e-07 2.2300723e-08 2.053036e-05 1.2878176e-07 0.27991655 0.4691887 0.29213515 2.2925863e-09 0.051911075 0.38244563 0.10254511 3.5709214e-05 0.23188227 0.15064874 8.0757246e-07 0.05278705 0.1086098 0.018747715 1.0655541e-09 0.0018223096 0.00091159897 0.0010888956 3.520458e-05 0.039050758 0.0005015095 0.04299055 0.00052720244 7.302774e-08 0.0022070818 0.0012398225 0.00093372294 0.0029611476 0.00096135493 5.5283992e-05 0.0052228225 0.04990379 0.00041089984 0.000265093 0.0034526968 5.968659e-05 2.6110474e-05 0.00012371724 0.0008503899 0.0004620607 0.0004281556 3.286125e-07 0.0037654864 6.651094e-05 2.4520543e-07 0.00014682711 3.5532496e-05 0.00023361448 1.6377323e-06 2.4096087e-07 4.3730047e-06 1.1684534e-05 7.4810945e-05 4.956466e-05 0.00037794613 0.004123639 0.026209941 0.00011105817 2.4462804e-07 1.542518e-08 0.003326699 0.0011587526
0.78989345 0.6208026 0.62674636 0.12917131 0.9122128 0.0005991374 0.010797533 1.2680617e-08 0.27845174 2.7751523e-16 0.16499282 0.90293163 1.1882049e-07 0.6255081 0.22959727 0.5961393 0.00021321735 0.40414593 5.198985e-07 0.01069203 0.34031448 0.0083886655 0.18563709 6.865338e-07 0.0037116555 5.3957316e-05 0.975519 2.0437334e-07 0.48042074 0.959421 2.0857323e-09 5.4434786e-05 0.055727255 1.1228399e-09 2.341204e-07 3.1737116e-07 9.602682e-07 7.550001e-05 4.3329175e-07 0.91473657 0.004388268 0.3242687 1.3589299e-08 0.015500552 0.0007157576 0.08351519 4.9160795e-09 0.0010922992 0.0038418656 7.1749114e-06 5.337565e-07 4.3904653e-05 0.00056246703 2.9340137e-09 7.7174896e-08 3.9816204e-08 1.4407313e-07 2.6022175e-07 0.21250236 2.0947426e-09 5.7300538e-05 0.00076383963 1.4796287e-06 9.401088e-08 9.228292e-07 9.596528e-09 0.0026140397 1.7164467e-08 1.6256096e-09 0.00010792157 0.0018991617 0.00017873415 4.402872e-09 9.028013e-08 3.2742356e-08 2.884033e-06 0.00011589155 3.8545763e-06 2.287689e-06 0.00094015955 2.2798883e-09 0.018530054 5.351602e-09 6.756713e-06 0.00083472324 5.2170196e-07 7.651399e-09 7.25443e-09 1.5401925e-08 2.3114908e-11 5.3294213e-11 5.992754e-06 3.7268572e-07 9.0893815e-07 0.013585447 0.0059208605 4.3811886e-07 8.698668e-11 1.3737999e-05 0.01663773 0.00012417967
0.18697758 0.048660956 0.020084577 0.4897249 0.9239497 0.4754332 0.99276453 0.0015738291 4.0569926e-06 0.16499282 2.3024185e-14 0.00023125793 4.3190785e-06 3.3157303e-06 2.145405e-06 7.4913414e-06 0.1890928 1.98187e-06 1.9353055e-07 6.728259e-08 0.0011014538 0.98994434 1.8119973e-06 0.12026301 1.2039125e-07 1.0587738e-06 0.6947665 1.9757367e-06 1.3152103e-07 0.00059252046 1.4169034e-07 4.814642e-06 4.4000055e-07 1.8323002e-05 1.1360692e-05 0.0059075644 0.0030740509 0.0038735217 0.0011902634 0.00032404877 1.9124932e-06 2.1978062e-07 0.0013624599 4.991545e-07 2.0717532e-06 2.8360498e-07 3.5750695e-08 7.002662e-07 7.151834e-08 0.0016964457 3.4591e-08 2.1288626e-07 5.185131e-07 0.00022205038 2.6756684e-08 6.530498e-09 1.1500052e-08 4.9627918e-08 2.6591935e-05 5.6090975e-08 5.596244e-07 0.0012604258 0.00034479273 4.4634064e-08 1.1966923e-08 1.8310333e-09 6.25295e-08 1.5802728e-08 1.1926655e-07 4.9909306e-07 1.856535e-05 0.00013677988 5.7972795e-08 6.0705942e-09 2.1092085e-08 7.322459e-05 1.2709805e-10 1.1831409e-06 8.843557e-06 0.0016334446 0.0001204306 0.0041757384 2.790426e-10 0.004072695 1.6724755e-08 3.6987188e-07 7.187769e-09 9.534078e-07 1.9952866e-05 2.0319046e-10 1.2172469e-09 2.3106477e-08 7.840544e-09 4.5729913e-09 0.0043098624 0.00039902344 2.2949249e-07 1.2994849e-09 0.004926974 0.0069679413 2.2657962e-06
0.8915447 0.45211783 0.6864899 0.0046015372 0.36368716 0.00011309061 9.157627e-06 6.891249e-07 0.7467229 0.90293163 0.00023125793 2.2909622e-15 3.7587697e-06 0.85122335 0.6401793 0.9797765 5.0326544e-06 0.7375636 0.00060505973 0.23533869 0.2949541 0.00042682572 0.45324692 1.0770216e-06 0.18552408 0.016491143 0.06624983 2.224831e-05 0.566501 0.94653326 3.9389298e-07 0.014473396 0.18274282 7.5264415e-07 1.4286213e-05 8.065315e-06 2.7484277e-06 0.00012720989 1.7692412e-06 0.76111454 0.007766994 0.24163368 7.2364927e-09 0.016839148 0.036254905 0.07403254 5.142205e-07 0.022053456 0.0063215774 2.5257206e-05 0.0022022084 0.00023902292 0.00089039735 1.1009798e-08 3.082751e-05 1.4456255e-05 3.6936253e-05 7.4250247e-06 0.042965893 6.8702275e-06 0.002693796 0.0012853668 2.0272923e-06 3.4415705e-05 1.2803795e-05 6.671044e-06 0.0016093594 3.5587946e-05 1.6848217e-06 0.0007630996 0.010617498 0.00039019104 1.9768847e-06 5.8794136e-05 5.024612e-06 1.1440616e-05 2.3568273e-05 4.70008e-06 1.1288613e-05 0.0007925874 1.2429281e-08 0.005474157 1.4486706e-06 2.715193e-06 0.00011610926 9.3465076e-07 4.261113e-06 8.137701e-08 6.403115e-08 4.3324814e-08 2.2925786e-08 3.7297357e-06 1.9717781e-06 1.2915198e-05 0.0024851894 0.022517933 4.091207e-06 2.3487627e-09 1.0260311e-05 0.0026876503 0.00017531675
0.87831855 0.121858545 0.023169747 0.63411176 0.0060017365 0.72070116 0.00024766385 0.9563406 1.7700218e-05 1.1882049e-07 4.3190785e-06 3.7587697e-06 3.1292603e-15 2.4862888e-06 9.939742e-06 1.30832495e-05 0.0050790287 4.446519e-06 0.00050093804 7.285283e-05 0.030187618 6.533965e-06 4.804895e-06 0.30440736 0.00032941307 0.001920921 3.4588297e-08 0.07231238 3.4228197e-08 2.220042e-06 0.9270917 0.14007428 1.9231936e-07 0.10578617 0.9070689 0.531203 0.22253655 0.9479888 0.59017384 9.4569606e-07 4.7915125e-07 5.0691753e-08 0.0005926759 3.0421827e-08 0.00085304154 5.4801713e-10 0.0015054866 0.0030630669 6.4377315e-07 0.00038965052 0.00017920215 4.5185786e-08 1.5454894e-08 3.4510955e-05 0.0060042124 0.0004516589 0.00016240396 3.3768315e-06 1.42726e-08 1.7796154e-05 0.00044231393 0.57500756 0.0008538554 5.3167337e-06 1.0858705e-06 0.0030437866 2.3716586e-09 2.6695274e-05 0.00021584223 1.7521877e-08 0.0063877306 0.07986711 0.006685636 2.6051066e-06 2.3642606e-05 0.04409711 1.26364605e-11 3.992929e-08 1.4555517e-08 0.04893706 0.00046248108 0.15482555 1.1375936e-05 0.0011280645 3.5392582e-09 0.012824319 8.391009e-08 0.0047670216 0.00064031215 1.9602803e-05 3.4763354e-05 1.9427235e-08 9.35932e-10 5.1705592e-05 0.064823955 0.0014053081 1.4154373e-08 3.4654995e-08 0.0025263831 0.02646559 0.020479538
0.8820529 0.06857086 0.23987384 0.00030511557 0.12796013 9.728684e-06 1.0370554e-06 1.1345123e-07 0.73406446 0.6255081 3.3157303e-06 0.85122335 2.4862888e-06 6.105316e-12 0.81145406 0.9667818 1.6471306e-06 0.932563 0.0026782448 0.26443526 0.12634575 1.7931849e-05 0.68171436 6.117991e-07 0.14231706 0.047771923 0.019873818 7.3722076e-05 0.6795372 0.84322834 3.908088e-08 0.011876097 0.32245305 1.8562789e-08 3.750461e-05 1.5514289e-06 3.733659e-07 2.3995956e-06 1.7648031e-07 0.5805719 0.11813745 0.332222 1.6159984e-09 0.06027599 0.056181535 0.34741732 2.5715244e-06 0.01685737 0.03306475 1.5811939e-06 0.0064347307 0.021073468 0.013478805 7.3410594e-10 0.0002642807 0.0002358319 0.00053780025 2.6825634e-05 0.035175852 1.9241257e-05 0.0031880545 2.20681e-05 3.1819653e-08 0.00026104436 0.00043084403 2.4941985e-05 0.003829988 2.6513257e-05 1.0871662e-05 0.012492217 0.0043511316 0.00011449147 1.3407886e-05 0.001431245 1.561653e-05 4.7382673e-06 0.00019031613 0.0006125745 0.00011448601 4.380177e-05 4.1630354e-08 0.00024300982 9.616368e-06 2.835614e-07 0.00015558237 4.028756e-07 1.0298219e-05 4.6092055e-07 9.59851e-08 4.5826485e-07 6.8683966e-07 2.297233e-05 3.000955e-05 1.5607657e-05 0.0003808458 0.0023722076 4.42752e-06 2.534124e-07 2.1456474e-07 0.00051387126 0.00014483169
0.9395606 0.050799653 0.3086624 0.000161906 0.034798194 4.044727e-06 2.1974236e-06 1.5314235e-06 0.9598623 0.22959727 2.145405e-06 0.6401793 9.939742e-06 0.81145406 1.1065922e-09 0.81304383 2.3018395e-06 0.93805057 0.035675988 0.5565787 0.15956981 1.7175596e-05 0.95843583 4.3853015e-07 0.3575279 0.3155122 0.002587907 0.0005759719 0.49768642 0.34492162 1.8738754e-06 0.0387817 0.58305615 9.00916e-08 0.00015862008 4.443708e-06 6.3447817e-07 1.5756852e-05 6.251433e-07 0.12284427 0.4351875 0.112236544 6.0565193e-09 0.03938467 0.15713976 0.110810496 4.990978e-05 0.0511724 0.09636493 3.8034036e-06 0.048322987 0.10254545 0.021547802 3.760736e-09 0.0024847637 0.0028798045 0.0025551214 9.9332654e-05 0.004867382 0.0003374916 0.021571688 0.000112086454 1.4408988e-07 0.0024785583 0.003656604 0.0006576319 0.0017322658 0.0006960595 0.0003185494 0.010485708 0.013098526 0.00038079347 0.00020115101 0.0041413875 0.00018114394 2.8847384e-05 0.0001087616 0.008489934 0.001092267 0.00010858685 1.4337819e-07 0.0007750766 0.00010240862 8.380257e-07 2.765559e-05 9.084585e-06 0.00024435026 9.5273793e-07 5.418054e-07 5.541543e-05 2.2292019e-05 3.0277275e-05 0.00016067439 0.0001515963 0.00096972595 0.0059635043 8.220427e-05 2.9795744e-06 3.5907038e-07 0.001081384 0.00081679516
0.031618543 0.5422476 0.4665034 0.005612327 0.19617121 0.00017645753 2.5211373e-06 2.9662505e-07 0.71028644 0.5961393 7.4913414e-06 0.9797765 1.30832495e-05 0.9667818 0.81304383 3.3451256e-15 5.99488e-06 0.919462 0.0027917721 0.09498522 0.03064266 0.00026717674 0.6473365 2.49165e-07 0.019753573 0.106799215 0.0089385025 4.3223397e-05 0.59062 0.65567505 8.1508745e-08 0.005484412 0.1256417 3.9008793e-08 0.00015531774 1.0720307e-05 2.427021e-07 7.230003e-05 4.288386e-06 0.050607692 0.008797625 0.008293335 1.3405079e-08 0.001897298 0.0032983338 3.883932e-05 2.8427178e-06 0.0022396394 0.029016603 1.1388163e-06 0.00088736846 0.0029538367 5.823643e-05 1.3690084e-08 0.00039802692 0.00021990275 0.00014932544 0.0002879817 3.9056424e-05 1.4793246e-05 0.00039995933 0.00024348748 7.416496e-06 0.00016696326 0.00073781295 3.968852e-06 1.3919099e-06 0.000110156405 5.3919917e-05 1.5847823e-08 0.0006476546 4.23515e-05 7.172079e-06 7.384416e-05 4.4919387e-05 8.959653e-08 3.5679426e-09 7.12313e-06 1.3601883e-07 7.564819e-05 9.762108e-09 0.00016207933 1.8503184e-05 1.9348647e-05 1.8082842e-06 1.5168458e-05 1.0194809e-06 2.9188053e-08 7.5364284e-08 1.4520716e-08 6.736758e-07 2.0632975e-05 6.1990994e-07 8.053963e-06 0.00017633238 0.0002264036 2.8686905e-08 1.5081996e-07 4.5268907e-06 0.00034635718 0.000114748116
0.94958836 0.34052548 0.00016385778 0.75807273 0.47083226 0.8556411 0.99314505 0.58146685 2.895112e-07 0.00021321735 0.1890928 5.0326544e-06 0.0050790287 1.6471306e-06 2.3018395e-06 5.99488e-06 2.2871125e-14 8.860107e-07 6.705737e-06 3.654019e-08 7.257629e-05 0.020432163 7.5322725e-07 0.9397932 1.7119861e-07 3.8284734e-06 0.0028018048 4.5443678e-05 6.297126e-08 5.9634243e-05 0.017738402 5.1326613e-05 6.2728994e-08 0.79262567 0.00017072198 0.43640226 0.52467126 0.285393 0.36323473 5.583916e-06 1.84603e-07 7.5797016e-07 0.29958865 1.334553e-07 1.2506866e-06 2.2842279e-07 1.1426075e-06 8.251699e-06 3.263112e-07 0.60385257 2.2766707e-07 2.1637497e-08 2.1492785e-07 0.12647772 2.192423e-06 5.6066557e-07 2.3259663e-07 3.885182e-08 2.199496e-07 1.0473514e-06 4.7786466e-06 0.16271651 0.18566117 6.528748e-07 4.1773283e-08 3.6784236e-08 2.6696495e-07 1.7811621e-07 1.364395e-07 6.670539e-07 0.00035694163 0.0041926336 2.8775725e-07 1.1327165e-07 9.110456e-08 0.003404295 4.6645507e-11 2.8908278e-07 7.070181e-07 0.05530509 0.0034240936 0.021954376 1.38573775e-08 0.10722389 6.9411016e-10 8.125321e-07 1.7763377e-07 4.6800134e-05 0.008596365 1.6735501e-09 5.6328233e-08 2.8500997e-07 5.8800214e-08 6.7947053e-07 0.024856953 0.0004199466 6.285328e-07 3.54763e-10 0.03127277 0.027838357 3.892728e-05
0.9415778 0.017989367 0.1660134 8.228153e-05 0.033108983 5.425109e-06 8.376494e-07 3.7798108e-07 0.78426534 0.40414593 1.98187e-06 0.7375636 4.446519e-06 0.932563 0.93805057 0.919462 8.860107e-07 4.0512274e-10 0.0037504148 0.32951355 0.10465353 1.6832966e-05 0.8942407 3.8660014e-07 0.20340925 0.048332207 0.008207564 0.00019903119 0.73487836 0.769976 3.4896945e-07 0.00845061 0.5484087 3.1932313e-08 9.459802e-05 8.8330677e-07 1.8830303e-07 3.896771e-06 2.706466e-07 0.54329234 0.36289623 0.4571664 1.7348876e-09 0.13224949 0.11553432 0.49334058 1.29823875e-05 0.02603992 0.068057574 7.806905e-06 0.016424116 0.06623009 0.042488314 1.0986552e-09 0.000567137 0.0006708488 0.0016646784 7.1635375e-05 0.048280854 0.00026251056 0.009662531 3.5079338e-05 2.4162787e-08 0.0010710334 0.0007732686 0.00012972332 0.005720581 0.000117729265 0.00015542071 0.022226028 0.005962435 0.00013177874 8.395152e-05 0.0031965498 6.443216e-05 6.0810157e-06 0.00032796926 0.004015843 0.0016975825 3.4293564e-05 5.652271e-08 0.00049488695 4.0503914e-05 1.10174106e-07 0.00018137315 2.3580492e-06 0.00011118111 4.726409e-07 1.18272844e-07 4.965472e-06 9.317997e-06 7.8062774e-05 0.0004528925 4.5334553e-05 0.00069621584 0.0042402935 7.234824e-05 9.217334e-07 1.2659012e-08 0.00081638125 0.00024498376
0.547031 0.09664475 0.63972473 0.002897978 0.0033447263 0.0004973849 1.6183752e-07 1.274967e-05 0.48989943 5.198985e-07 1.9353055e-07 0.00060505973 0.00050093804 0.0026782448 0.035675988 0.0027917721 6.705737e-06 0.0037504148 8.1325246e-14 0.9745841 0.6811915 1.6284207e-06 0.006303349 6.291304e-06 0.95113206 0.9590688 9.808031e-07 0.009801155 1.0567389e-05 0.00011173074 1.7622991e-05 0.42688063 0.00078578823 1.3793799e-06 0.005454867 0.00025500922 5.8756104e-06 0.0027466214 0.000119270815 3.0164106e-06 0.00033691243 2.8510595e-07 2.1793493e-07 9.33215e-07 0.7465345 9.828887e-08 0.0019986508 0.5317671 0.0021226695 1.0991352e-05 0.16333768 0.00089110323 3.5284233e-07 2.452728e-07 0.12633756 0.048968244 0.021529341 0.0012425667 2.4508164e-08 0.0034854114 0.090790235 0.0041978024 1.693058e-05 0.0014273656 0.0008947108 0.024868181 8.659696e-08 0.009635362 0.0028100882 1.0254299e-08 0.12324994 0.0010765201 0.0022152679 0.0006632248 0.002621602 8.994435e-05 1.5899981e-09 1.3266468e-06 8.887866e-07 0.004173919 4.430622e-07 0.007821778 0.0019806786 5.0046816e-05 4.1671903e-08 0.002041214 0.00010868102 4.77192e-06 5.1911917e-07 0.0011494363 0.00030491862 3.7334582e-06 5.993044e-08 0.0021500548 0.0064796563 0.029044244 1.4296707e-07 3.5495564e-06 0.000114294984 0.00584276 0.007283732
0.9769375 0.09435178 0.45651922 1.1009632e-06 0.033923317 8.353466e-08 9.640374e-09 1.1415112e-07 0.7892289 0.01069203 6.728259e-08 0.23533869 7.285283e-05 0.26443526 0.5565787 0.09498522 3.654019e-08 0.32951355 0.9745841 1.0976753e-12 0.40123773 2.2420004e-07 0.35906944 1.529592e-08 0.96067053 0.8623734 2.2879508e-06 0.031214267 0.10006809 0.022201931 3.3228193e-07 0.37900123 0.2706922 5.735091e-10 0.0028598637 5.3383445e-07 3.4622225e-08 1.8193194e-05 7.5447566e-08 0.009369669 0.22095926 0.016310755 6.695033e-10 0.012839978 0.78422946 0.0108784465 0.011869744 0.6588954 0.14690603 4.808718e-08 0.51439583 0.18742386 0.0031558776 1.2442859e-10 0.102267995 0.045921985 0.008813883 0.00022679084 1.41175115e-05 0.0073008044 0.29456985 0.0012409226 4.412618e-08 0.07278513 0.010845501 0.017599411 1.0904121e-05 0.019030703 0.00092142407 3.471571e-05 0.26544148 0.00036627692 0.0068408954 0.021412477 0.0007240384 1.0473759e-05 1.9059411e-07 0.0041282033 0.0007806296 0.0025877897 5.445186e-09 0.008779483 0.0004183666 3.0817102e-07 1.8828086e-08 0.0003023003 0.0007891764 2.4370014e-05 4.0513317e-08 0.00023794328 0.00081112806 5.745578e-07 6.4270336e-07 0.0045121396 0.011315075 0.14506401 9.869268e-06 7.275161e-05 7.046836e-07 0.0070595504 0.008615989
0.992347 0.56736255 0.943423 0.042387933 0.2845158 0.00045478996 0.0004295855 0.0017860127 0.26310492 0.34031448 0.0011014538 0.2949541 0.030187618 0.12634575 0.15956981 0.03064266 7.257629e-05 0.10465353 0.6811915 0.40123773 9.488713e-15 0.0004906046 0.06908036 6.7415945e-06 0.35721305 0.1067301 0.0006959457 0.94132066 0.022710169 0.01875367 0.00015795678 0.9266266 0.042673163 2.6860548e-07 0.47232622 4.0089228e-05 3.8312346e-06 0.004971673 3.2301316e-05 0.0072198366 0.013333312 0.004273133 2.5337857e-07 0.0003801605 0.1334006 0.0010213037 0.1990776 0.51985544 0.015862077 5.1191714e-06 0.049173027 0.009291626 4.5630113e-05 7.329092e-08 0.08493632 0.002801564 0.00088763586 9.327706e-06 7.92026e-05 0.0034877802 0.04207197 0.041731607 1.0000242e-05 0.0061196666 0.0009059193 0.013039298 6.044339e-07 0.0003898202 5.618871e-05 1.5932551e-06 0.39306366 0.0031754256 0.020377321 0.0014510509 4.7610396e-05 0.00040818457 8.894707e-09 2.1657677e-05 2.4003568e-05 0.020861141 3.9862996e-05 0.13443907 5.0485927e-05 7.433809e-06 1.1853052e-07 0.0063573928 9.793953e-05 0.0008273088 2.613925e-05 8.587817e-06 0.0007118693 6.080978e-07 1.4347784e-06 0.0010869523 0.11678695 0.20583259 8.850168e-07 1.4546858e-06 5.057968e-06 0.10792113 0.03949551
0.0022335432 0.029248511 0.0019427665 0.088250026 0.2711141 0.035974342 0.22811812 0.00033424975 1.9122115e-05 0.0083886655 0.98994434 0.00042682572 6.533965e-06 1.7931849e-05 1.7175596e-05 0.00026717674 0.020432163 1.6832966e-05 1.6284207e-06 2.2420004e-07 0.0004906046 7.59809e-15 3.62287e-06 0.003688998 4.419422e-07 4.112193e-06 0.99674195 8.7623806e-07 1.40360825e-08 0.0012055546 1.0731093e-06 4.6433292e-06 1.3112503e-07 2.6597108e-05 5.6232743e-06 0.001209816 0.00052889227 0.00042005535 0.00027192564 0.00020639108 2.6559871e-07 1.1453181e-05 0.00029478065 9.282878e-09 1.8686296e-05 5.599314e-09 4.9172165e-08 1.0712146e-06 7.6379585e-08 0.00017588175 1.9246734e-08 7.198474e-08 1.5373367e-08 9.080704e-06 3.2155395e-08 5.958725e-08 6.51126e-08 1.3185698e-07 5.465735e-06 2.5197068e-08 3.1722152e-08 8.249736e-05 2.5105504e-05 2.1626492e-07 1.63624e-08 6.0474807e-09 1.2968638e-07 8.090371e-09 4.9872547e-08 8.3048296e-10 9.786083e-07 1.0299166e-06 9.898888e-09 4.754587e-09 1.5095262e-09 2.6681544e-06 3.384811e-10 1.2156993e-07 3.5526718e-08 6.58082e-05 6.224425e-05 0.0005526986 5.950144e-10 0.0003197434 1.13524386e-07 2.744029e-07 1.2359581e-09 7.726828e-08 3.4359364e-05 4.918384e-10 1.5774774e-09 3.3745327e-08 3.643015e-09 2.0263489e-08 0.00046570535 7.307519e-06 1.718943e-08 1.5765177e-09 0.00039063336 0.0005823507 9.266311e-07
0.96220726 0.013830683 0.091426656 2.50344e-05 0.0144411875 1.961186e-06 9.036572e-07 2.7600336e-07 0.8298801 0.18563709 1.8119973e-06 0.45324692 4.804895e-06 0.68171436 0.95843583 0.6473365 7.5322725e-07 0.8942407 0.006303349 0.35906944 0.06908036 3.62287e-06 2.2665091e-08 3.8732753e-07 0.2251135 0.2128809 0.002186051 0.00031401086 0.7667868 0.45401704 2.854158e-07 0.008758325 0.92684066 5.6807927e-08 9.159726e-05 3.6839302e-07 2.704392e-07 2.642666e-06 2.0016348e-07 0.3625746 0.7754437 0.4082602 2.7573606e-09 0.3700849 0.1256535 0.5159173 2.5240686e-05 0.030648477 0.56269944 1.3087929e-05 0.030479273 0.38923103 0.19479273 2.5961615e-09 0.0010401234 0.002811706 0.004228004 0.00030742737 0.03214977 0.0005693431 0.019971576 2.635419e-05 1.8696108e-08 0.004915384 0.0043047047 0.00030725883 0.0071408423 0.0005054675 0.0005589855 0.04399974 0.007105558 0.00018280633 0.00017035441 0.008504166 0.00019780143 7.1471295e-06 0.00043318086 0.046952266 0.020430807 2.2322462e-05 2.2355505e-07 0.00064561464 0.00011889741 6.715592e-08 0.00017139933 5.309118e-06 0.00047869436 2.9403333e-07 1.794223e-07 5.4218996e-05 3.0293273e-05 0.0006162542 0.0014475279 0.00016832672 0.0011759215 0.0048165787 0.0016679282 2.2635275e-05 5.1359654e-09 0.00080339 0.0004455544
0.97261703 0.05117366 2.3055623e-05 0.46884778 0.05953394 0.72061324 0.37131166 0.91961837 1.5517492e-07 6.865338e-07 0.12026301 1.0770216e-06 0.30440736 6.117991e-07 4.3853015e-07 2.49165e-07 0.9397932 3.8660014e-07 6.291304e-06 1.529592e-08 6.7415945e-06 0.003688998 3.8732753e-07 2.3546968e-13 4.487907e-08 5.786018e-06 2.5653088e-07 0.00041499984 1.1159484e-08 3.9748727e-07 0.59904796 3.564409e-05 5.0305424e-08 0.9619023 0.0025240448 0.81681275 0.90939873 0.7250742 0.84366196 3.1142477e-07 2.2404038e-07 3.4866408e-09 0.6262537 1.0602173e-07 5.0968777e-07 1.2172893e-08 2.4665924e-06 3.7137777e-06 2.3453348e-08 0.14430113 2.3061888e-07 6.5680226e-09 1.0719498e-07 0.2555948 1.4068327e-06 2.6111593e-07 6.3530945e-07 7.0058674e-09 1.6825052e-09 1.827494e-07 3.538879e-06 0.20488262 0.28113377 9.712234e-07 4.0202774e-09 1.2647145e-07 3.2222283e-10 5.4065865e-08 1.08503045e-07 1.5074438e-08 0.00022108809 0.022047594 4.9923925e-05 8.900346e-08 9.00703e-08 0.026726041 1.8411156e-13 3.144569e-09 1.569406e-07 0.05666851 0.009525137 0.033528723 3.5536207e-08 0.05939686 6.01469e-11 3.6998696e-05 2.3188953e-08 0.00054293504 0.01875169 1.8853374e-09 1.6006072e-07 1.2525205e-09 7.967805e-11 1.9153049e-07 0.033698622 0.00017346205 7.157453e-09 1.2837821e-09 0.0402643 0.020859 0.0010109355
0.9890081 0.090442725 0.34835926 2.7085512e-06 0.024804825 2.5005693e-07 5.3127344e-08 8.2744765e-07 0.60250175 0.0037116555 1.2039125e-07 0.18552408 0.00032941307 0.14231706 0.3575279 0.019753573 1.7119861e-07 0.20340925 0.95113206 0.96067053 0.35721305 4.419422e-07 0.2251135 4.487907e-08 2.1839085e-08 0.8988607 3.6048277e-06 0.047261517 0.073485546 0.006235021 3.1771715e-06 0.54127306 0.24836396 2.1019195e-08 0.00461453 1.0086179e-06 1.4231274e-07 2.8640588e-05 1.2284117e-07 0.0021143586 0.2825239 0.008377146 4.497433e-09 0.008556838 0.8565646 0.012584415 0.03541507 0.69942904 0.113525115 2.752869e-06 0.7652057 0.32988968 0.0045142616 1.6825886e-09 0.44422185 0.2528394 0.03676318 0.006458927 2.825479e-06 0.044086292 0.47357357 0.00088704436 2.3213502e-07 0.17071846 0.17448184 0.06876773 6.1515593e-06 0.08217522 0.006124016 1.8045228e-05 0.3425326 0.0011208539 0.025115538 0.05835953 0.0071147704 5.7309237e-05 1.7016013e-07 0.012574343 0.0010676644 0.002488684 5.168942e-07 0.013295874 0.0026472544 7.314271e-07 3.7811215e-08 0.00078024657 0.002005754 6.4307605e-05 4.4172097e-07 0.0024278131 0.0035019354 2.8192133e-06 4.6974906e-06 0.011475388 0.019193938 0.21224794 4.6511846e-05 0.0016972249 1.2577472e-06 0.0105112335 0.015493399
0.87502384 0.283853 0.03520427 0.00045477063 0.05575613 5.5660872e-05 2.364767e-06 1.1389494e-05 0.52382207 5.3957316e-05 1.0587738e-06 0.016491143 0.001920921 0.047771923 0.3155122 0.106799215 3.8284734e-06 0.048332207 0.9590688 0.8623734 0.1067301 4.112193e-06 0.2128809 5.786018e-06 0.8988607 9.444655e-15 8.8362697e-07 0.009663121 0.0046206685 0.0018748487 1.2138666e-05 0.42392996 0.07021027 1.06142525e-05 0.012163512 9.93281e-05 1.9077397e-05 0.00023885067 5.890414e-05 0.00068637874 0.21617319 0.0006975836 9.854618e-07 0.00028001165 0.43435767 1.8694567e-05 0.0053699724 0.23782529 0.6844331 4.7272e-06 0.48983806 0.6681795 8.666509e-05 2.8426675e-07 0.7808047 0.58103126 0.7140475 0.029990781 4.352439e-06 0.12292311 0.18347885 0.0007801492 8.0172824e-05 0.360613 0.1029291 0.11677122 1.7439093e-06 0.076773085 0.0987634 6.505231e-07 0.041556664 0.0017360249 0.010886859 0.12189283 0.05386864 3.810943e-05 2.5990154e-09 0.00042185973 0.00069849 0.0011034404 5.7299967e-06 0.0028506748 0.0130581455 8.3823994e-05 6.3681443e-07 0.0014390044 0.008395352 8.7334234e-07 1.5110774e-07 0.019827237 0.007968062 0.0026453212 3.2144868e-05 0.016738825 0.0051880428 0.010315067 1.17832315e-05 0.000769476 0.00017788865 0.0056661363 0.008286919
0.01668292 0.06908373 0.022991441 0.021459715 0.9150201 0.0003801295 0.083551474 1.5827365e-07 0.0012522306 0.975519 0.6947665 0.06624983 3.4588297e-08 0.019873818 0.002587907 0.0089385025 0.0028018048 0.008207564 9.808031e-07 2.2879508e-06 0.0006959457 0.99674195 0.002186051 2.5653088e-07 3.6048277e-06 8.8362697e-07 2.790822e-16 6.123233e-07 0.011739662 0.19657524 1.0496826e-09 2.706648e-06 0.00044891637 4.6548077e-08 2.3578243e-06 1.4440759e-06 4.1793353e-07 1.8236611e-06 4.873373e-07 0.47356316 0.0001515759 0.025111081 3.773569e-09 0.00055716635 3.3609153e-06 0.0116929235 3.3467074e-08 8.2513793e-07 2.3275728e-05 4.9443428e-05 2.0321305e-07 1.2008097e-05 0.00020485095 4.870088e-09 3.2300176e-07 2.5435497e-07 2.9037071e-08 9.433491e-08 0.19984542 6.923114e-08 1.0406151e-06 5.504609e-05 5.511561e-08 7.561511e-08 1.9822913e-08 1.0312439e-07 0.002895151 3.356565e-08 1.6692471e-08 0.0014722103 1.8704197e-05 4.271333e-06 2.2775457e-07 6.7164856e-09 2.3030271e-08 5.4143676e-08 0.0013567192 2.163789e-06 8.475419e-05 3.0686275e-05 2.6275373e-08 0.00066761294 6.759436e-09 1.3568884e-05 0.011620953 2.3360477e-07 7.8624346e-10 3.4978314e-09 7.99209e-07 1.5769291e-10 2.8543674e-09 0.00018240613 8.0800083e-07 1.7087874e-07 0.0005586431 4.6487243e-05 7.722743e-07 7.555981e-10 1.061613e-06 0.0012206857 3.2612593e-06
0.97714674 0.016940312 0.080935135 0.020529132 0.001596393 0.0050631203 3.1457614e-06 0.0034250014 0.0011241887 2.0437334e-07 1.9757367e-06 2.224831e-05 0.07231238 7.3722076e-05 0.0005759719 4.3223397e-05 4.5443678e-05 0.00019903119 0.009801155 0.031214267 0.94132066 8.7623806e-07 0.00031401086 0.00041499984 0.047261517 0.009663121 6.123233e-07 2.8422098e-16 1.7071334e-06 2.9159787e-06 0.0035714954 0.9494875 2.2408354e-05 3.5608657e-05 0.9631258 0.008252971 0.0017010751 0.10426934 0.007612955 4.0873869e-07 1.36579465e-05 2.738654e-07 1.780544e-05 4.9218824e-07 0.41097006 3.926888e-08 0.4373081 0.5267696 1.6835247e-05 1.4808943e-05 0.035836145 4.6989467e-06 2.4212093e-07 8.380198e-06 0.031159263 0.0050697103 0.00088916306 0.00018925281 1.0179584e-08 0.0010543793 0.06570801 0.14800322 0.0009784563 4.4736662e-05 5.2245283e-05 0.047914445 9.602936e-09 0.003947299 0.0012844325 3.8815062e-09 0.38398585 0.039350234 0.03683806 1.1323979e-05 0.0009984123 0.011167674 4.681345e-10 9.536756e-08 3.8957413e-08 0.13349319 0.00015572664 0.3306791 0.0012086483 0.0026448974 4.9008286e-09 0.051642966 3.2924362e-07 0.0013035643 1.34469565e-05 0.00093410193 0.0003113887 4.8842857e-08 1.3782404e-09 0.0035515614 0.2588127 0.18515205 5.9583245e-09 1.915063e-06 0.0072693215 0.23442677 0.094660714
0.94669116 0.0018727499 0.036517516 8.024189e-07 0.013041593 2.2756177e-07 1.4062449e-08 3.1405337e-10 0.45704997 0.48042074 1.3152103e-07 0.566501 3.4228197e-08 0.6795372 0.49768642 0.59062 6.297126e-08 0.73487836 1.0567389e-05 0.10006809 0.022710169 1.40360825e-08 0.7667868 1.1159484e-08 0.073485546 0.0046206685 0.011739662 1.7071334e-06 1.150209e-12 0.9198392 6.5247546e-10 0.00024431554 0.8880632 3.1854677e-09 2.1250319e-06 1.0570446e-08 1.866663e-09 1.0772886e-08 7.9464546e-10 0.84496135 0.6860492 0.82106346 3.1289086e-11 0.7677817 0.014357024 0.8611514 5.2635738e-08 0.007163214 0.38727856 4.6096184e-07 0.0020713555 0.23494284 0.31230414 1.0399467e-11 7.575117e-06 7.265509e-05 0.00013446283 6.300788e-05 0.2780203 1.3181694e-06 0.0030534072 1.2137594e-06 9.45169e-10 8.216084e-05 0.0016672682 1.2455089e-06 0.05050545 3.0135025e-05 1.5006278e-06 0.34224522 0.002979738 6.1139167e-06 8.199982e-07 0.0013050408 3.4341574e-05 1.779475e-08 0.0019089564 0.0027437508 0.0020308348 1.6460078e-06 2.0248605e-09 0.00018720444 1.8200742e-05 2.4655655e-09 0.0030242687 2.0040282e-07 8.801463e-06 2.9467502e-09 2.5835605e-09 5.8061325e-08 7.047082e-08 0.0032365068 0.00085091597 2.3370683e-05 0.0002905874 0.004325699 0.00013824592 1.1874454e-06 1.4471377e-10 0.00050846604 7.4265895e-06
0.08410867 0.10255205 0.20491977 0.0036892989 0.27839065 0.0003491271 4.2997483e-05 2.4658817e-08 0.43348184 0.959421 0.00059252046 0.94653326 2.220042e-06 0.84322834 0.34492162 0.65567505 5.9634243e-05 0.769976 0.00011173074 0.022201931 0.01875367 0.0012055546 0.45401704 3.9748727e-07 0.006235021 0.0018748487 0.19657524 2.9159787e-06 0.9198392 5.2163994e-12 3.9729187e-08 0.0010687219 0.19688168 5.3847003e-07 1.6860479e-06 1.4808971e-05 1.2733101e-06 0.00012042347 7.947896e-06 0.9699989 0.020734847 0.6188447 1.8393084e-07 0.10888912 0.00093481754 0.09311882 2.4460425e-07 0.00075792725 0.017098147 1.5875863e-05 7.6953875e-05 0.00054354797 0.004810883 1.3475808e-08 2.077809e-05 2.6506203e-05 7.581336e-05 3.6922098e-05 0.04614837 8.86462e-07 7.26998e-05 0.000120446224 2.9998205e-06 1.4162374e-05 0.00023386235 1.9813049e-06 0.00052144064 4.66229e-06 9.558974e-06 9.834669e-05 0.00017168038 3.7902722e-05 1.1539471e-06 0.00018802463 6.8649575e-07 1.2475881e-06 9.47785e-06 1.6465534e-05 3.366704e-07 4.94505e-05 8.5539575e-09 0.0005763123 2.6392655e-08 4.1363648e-05 0.00030420147 3.069674e-06 2.060463e-06 6.9712365e-09 2.866858e-08 1.5166236e-08 1.978695e-08 0.00040426888 1.5875235e-06 1.8339808e-06 0.0003525526 0.0014459199 7.851394e-07 8.4534133e-07 2.5841176e-05 0.00096234784 2.3050392e-05
0.40368074 0.0046218103 2.9016852e-05 0.042200167 0.00017551247 0.04844449 4.734606e-05 0.77721953 1.5827305e-07 2.0857323e-09 1.4169034e-07 3.9389298e-07 0.9270917 3.908088e-08 1.8738754e-06 8.1508745e-08 0.017738402 3.4896945e-07 1.7622991e-05 3.3228193e-07 0.00015795678 1.0731093e-06 2.854158e-07 0.59904796 3.1771715e-06 1.2138666e-05 1.0496826e-09 0.0035714954 6.5247546e-10 3.9729187e-08 4.808987e-18 0.0019016004 7.129739e-09 0.70046407 0.5687739 0.93734443 0.9397589 0.6879285 0.90950793 2.6895641e-09 2.6532062e-08 4.626309e-11 0.020525226 1.2407814e-09 2.3768756e-05 9.368062e-12 9.677922e-05 8.97804e-05 5.0714264e-09 0.0046621836 1.3823455e-06 9.2527863e-10 7.6927487e-10 0.003403419 5.7714524e-06 5.0232898e-06 2.9966938e-07 1.5030119e-07 1.301193e-10 7.5281534e-08 1.9932457e-05 0.16271652 0.021746948 6.431815e-07 4.055731e-08 1.8499151e-06 2.0729555e-11 2.0069729e-06 2.0455673e-06 6.055546e-10 0.00019682595 0.22389156 9.755251e-05 1.6493901e-09 1.022087e-06 0.109972596 3.8283595e-14 4.641819e-08 4.4436974e-09 0.030853277 0.0046143844 0.017747309 3.191924e-07 0.0040005036 3.5964867e-10 0.00432539 1.982505e-10 0.02915029 0.01062921 1.9120527e-09 6.692854e-07 1.3631443e-10 6.5532094e-12 5.3659534e-07 0.010900702 5.1601113e-05 1.0908182e-10 5.8368195e-09 0.0056685763 0.006414279 0.0027321836
