2.397055e-15 0.9710663 0.9400486 0.7738078 0.76636875 0.9992155 0.85341525 0.79282403 0.93421346 0.9807613 0.9834403 0.9343534 0.99599314 0.47486043 0.80995995 0.9732503 0.97344476 0.99045974 0.9918803 0.7778791 0.9942509 0.99819046 0.81556916 0.9583586 0.99801314 0.9996079 0.20598075 0.9305922 0.8338724 0.99980646 0.91913706 0.16023085 0.99983126 0.98888254 0.99747497 0.93382907 0.17125385 0.8648128 0.99038327 0.9772573 0.6467184 0.96089125 0.99990225 0.9855478 0.99147993 0.9714165 0.9999218 0.033526756 0.9442692 0.77740896 0.00038490572 0.4201811 0.99365383 0.00085349596 0.9774442 0.9899717 0.9973047 0.96835756 0.9699699 0.8579125 0.99986774 0.8470056 0.99997944 0.89904267 0.948897 0.91853195 0.8839857 0.99223316 0.96930134 0.9946833 0.9997556 0.697231 0.99802256 0.9975228 0.8963764 0.31551784 0.9236258 0.9727142 0.016281933 0.996881 0.77441853 0.57331926 0.96952164 0.88096434 0.9330485 0.96400243 0.9124591 0.8380292 0.10079271 0.451583 0.69628507 0.2106813 0.2046116 0.9605841 0.66038597 0.08189484 0.9768485 0.71051896 0.8452991 0.9181833 0.88610786
0.9710663 1.4599586e-12 0.9887673 0.75141853 0.7719672 0.7278854 0.4498633 0.46344203 0.71944416 0.46515182 0.5245162 0.5950724 0.37593418 0.41271225 0.21977963 0.050394915 0.22610998 0.7633977 0.87802833 0.21468526 0.5372969 0.21114142 0.022021743 0.025120553 0.043596968 0.4931692 0.074454285 0.07041889 0.00196411 0.04298701 0.016527291 0.005507857 0.38188222 0.015911393 0.006214132 0.01243029 0.00036510028 0.0018740561 0.056328695 0.17815295 0.004410448 5.8622813e-05 0.08842365 0.002861686 0.0030839334 0.023835747 0.0037353926 3.1259297e-05 0.00032594873 0.00015512426 1.3911681e-06 0.012860283 0.031142421 3.070519e-05 0.014498857 0.00082972436 0.03837448 0.00016236276 0.00012366581 2.0103096e-06 0.04181257 0.0006632887 0.008337844 0.0008744625 0.0002640424 1.41087485e-05 6.3644984e-06 0.0004570664 1.1076492e-05 0.00019901792 0.00031335122 4.7467634e-05 0.0027422807 0.002218745 8.797544e-06 4.7379146e-08 1.2314004e-05 3.6081386e-05 9.6540134e-08 6.504483e-06 3.5874434e-06 3.9942415e-07 4.059733e-06 1.867915e-07 4.6521636e-06 4.2398133e-07 1.019162e-06 6.496737e-07 3.6228993e-09 1.5059445e-07 1.819e-07 1.4928221e-09 2.7396254e-09 9.6885145e-05 2.1361308e-09 1.026261e-09 4.3486086e-08 2.002218e-08 8.1443824e-07 8.7331326e-05 1.1354258e-07
0.9400486 0.9887673 1.5576858e-11 0.4432676 0.10330969 0.99184257 0.030883584 0.05001136 0.22837628 0.26089105 0.61908585 0.18510954 0.4235518 0.2085323 0.031555526 0.032494634 0.098732434 0.39379176 0.59796655 0.48691922 0.24056014 0.26475745 0.005599974 0.028240787 0.044180974 0.6023201 0.007279277 0.3844472 0.00081966596 0.49149364 0.0072378432 0.0013692012 0.11374708 0.009196569 0.09718322 0.090979494 0.0005103278 0.0008866731 0.1491667 0.43861052 0.0047316477 0.00013733526 0.07374724 0.0105013 0.004671236 0.054288484 0.02580328 3.417583e-05 0.004228641 0.002637852 3.811406e-06 0.024381401 0.051926635 1.4373688e-05 0.07552579 0.0039144224 0.028440116 7.388572e-05 0.0008844182 2.5508702e-06 0.030482618 0.0036820094 0.021588704 0.00633642 0.0049062446 0.00012633843 1.580563e-05 0.010856124 0.00025279872 0.0017520619 0.008132896 3.8734306e-05 0.009180109 0.0025097462 6.684944e-05 2.0197044e-06 8.4465086e-05 0.0006726926 7.5509433e-07 8.973049e-05 7.605016e-05 2.2902397e-05 5.194785e-06 3.4090462e-08 2.4142196e-06 8.289131e-06 1.9545901e-07 1.5718131e-05 8.71113e-09 4.229816e-06 6.548637e-08 5.1850715e-09 2.074632e-08 3.1612453e-05 7.76466e-09 3.2257843e-09 1.1788317e-06 9.872044e-08 9.2615885e-08 1.3443732e-06 2.3975024e-06
0.7738078 0.75141853 0.4432676 5.463836e-14 0.83369553 0.13653477 0.9775784 0.5094755 0.30088142 0.00051510695 0.0051155235 0.85376996 0.00018063365 0.9778293 0.4473985 0.00020405016 0.016967742 0.8535741 0.7827523 0.010776464 0.7373898 3.693844e-05 9.036037e-05 0.0010896996 6.2307818e-06 0.002095949 0.02186427 0.0016433658 6.853508e-06 0.014313652 0.072167136 9.1295784e-05 0.42069596 0.040260114 0.0030399933 4.4880358e-06 1.9204438e-06 0.02586836 0.0006197844 0.00084901304 0.11878213 6.301563e-07 0.034672838 1.441795e-05 0.0041926433 0.016315421 0.00060695247 8.008066e-07 8.4624735e-05 2.9451829e-05 5.9576035e-07 0.00015369705 0.017695982 6.171608e-06 0.0001815218 6.854112e-07 0.00015842944 0.0028192764 6.46836e-07 7.7003165e-08 0.005522326 9.14696e-06 0.0034715463 0.0014707647 0.0013436453 0.007939677 0.0061424817 2.7879167e-05 0.00016809153 9.481226e-07 0.00020914881 6.155388e-07 2.0863474e-05 0.00014585575 1.7612805e-07 3.5797385e-07 5.0525923e-08 5.4144486e-05 1.9957458e-10 1.5337227e-08 4.6000164e-08 1.471187e-09 2.4989033e-05 3.592418e-08 3.377487e-05 1.1872732e-08 1.3817441e-05 1.2672957e-07 2.9543594e-07 2.6631536e-08 4.8164425e-06 2.213258e-08 7.833624e-05 5.55311e-06 1.6113349e-06 1.6607286e-06 5.3872242e-08 9.214943e-09 4.0809114e-06 2.4948573e-05 1.9634456e-09
0.76636875 0.7719672 0.10330969 0.83369553 1.975823e-14 0.071722865 0.9944365 0.96848345 0.66159165 0.0001435723 0.0010841126 0.63372505 1.377841e-05 0.105989695 0.88292664 0.00036626504 0.05247442 0.7159999 0.51863366 0.0008071645 0.54856837 7.3610227e-07 0.0012870406 0.0005705859 2.35538e-07 0.0019141877 0.08951874 9.966656e-05 0.000100168065 9.5199684e-05 0.004388762 0.0021948947 0.45894206 0.018091537 1.7014845e-05 3.6918047e-07 1.018423e-07 0.000974524 5.3288963e-06 4.017076e-06 0.0016935183 5.9814393e-09 0.011350606 1.8149817e-07 0.000338866 0.00018523268 1.161499e-06 6.5740204e-07 3.5451685e-06 2.6915117e-07 2.346013e-06 4.291774e-06 0.00034938275 8.369563e-05 1.918281e-07 3.3532885e-08 0.0001036058 0.000101434096 4.885851e-08 4.283133e-08 0.0018889463 7.203514e-08 1.2619459e-05 2.6828959e-05 8.174614e-07 0.00034582676 0.00039343757 2.0504892e-08 9.953329e-07 8.871598e-09 9.461133e-08 3.919029e-09 1.813837e-06 4.333364e-05 1.1168407e-08 1.5010341e-08 3.4193273e-09 1.5520267e-06 2.72092e-09 1.5294706e-10 5.2331197e-09 2.230148e-09 1.4609583e-07 1.3263868e-09 2.2756744e-07 1.4767401e-08 4.50579e-08 1.3816469e-08 9.935505e-10 3.450346e-10 6.347513e-10 4.4077828e-11 2.084115e-06 5.990508e-08 3.6333242e-07 2.8906484e-07 9.2318885e-08 2.9897484e-09 1.7509859e-07 5.048332e-07 2.4739727e-10
0.9992155 0.7278854 0.99184257 0.13653477 0.071722865 1.4601362e-09 0.016346727 0.017035337 0.35629332 0.1491679 0.25778955 0.29616463 0.41257435 0.064070545 0.04353879 0.038472593 0.23863384 0.30491415 0.6780162 0.18115684 0.27195853 0.19409822 0.013262246 0.052254844 0.05847848 0.6625833 0.01812147 0.34281594 0.0071804323 0.65085727 0.010996697 0.0059821275 0.34095958 0.0118463235 0.2760465 0.043205127 0.0014424842 0.0018091882 0.17880088 0.22123787 0.009390566 0.0015583391 0.24430081 0.003906949 0.00683888 0.12126552 0.0868223 0.00018347279 0.009009704 0.002803558 3.6920726e-05 0.0161056 0.14740974 0.000106195526 0.03869703 0.0023579616 0.046301987 0.0007360125 0.00093687646 5.0298495e-05 0.15549737 0.0013893709 0.09844823 0.003942111 0.007349408 0.0009565773 9.009303e-05 0.013600458 0.0010076744 0.00043483733 0.008063655 0.0001135564 0.014603957 0.0028363755 7.821509e-05 4.946328e-05 5.6336423e-05 0.0002484414 3.7330824e-07 1.6521153e-05 0.00014054905 3.8879418e-05 7.6586846e-05 3.940611e-06 1.3216177e-05 0.0001012441 8.911967e-06 5.4160464e-06 7.1433436e-07 9.6344294e-05 3.1921766e-07 2.3851226e-07 8.641641e-07 8.90722e-05 2.768171e-07 2.8428937e-08 1.0987401e-05 1.2417576e-06 1.4996822e-06 9.448861e-06 9.18569e-05
0.85341525 0.4498633 0.030883584 0.9775784 0.9944365 0.016346727 4.399606e-13 0.47436795 0.39536527 6.8834655e-05 0.0001429103 0.73438925 3.2146781e-06 0.77836275 0.53881645 9.2630326e-05 0.0038949952 0.77074665 0.6417213 0.00029445274 0.63843805 7.557117e-07 0.00031242086 0.00019014814 1.4054976e-07 0.00052585243 0.020210467 4.461149e-05 4.7121644e-05 0.00013396173 0.052503828 0.00052860833 0.48846722 0.07569371 6.643202e-05 3.052187e-07 6.9916643e-07 0.008965391 1.0324918e-05 1.1250695e-05 0.042515643 9.233756e-08 0.03450702 1.9496177e-07 0.00088805205 0.0011503509 1.4305463e-05 8.511423e-07 4.535676e-06 8.1374804e-07 3.5880253e-06 3.7013249e-06 0.0018345611 2.4458628e-05 7.640568e-06 8.399335e-08 8.1974256e-05 0.00035389903 1.5362735e-07 1.9175457e-07 0.006603349 1.1571225e-07 0.0001002976 0.000114508286 1.2271086e-05 0.0007109065 0.0010952094 2.7211303e-07 7.3686547e-06 4.1439034e-08 3.1010666e-06 6.333793e-08 3.376888e-05 8.3972816e-05 2.1838794e-08 3.1385233e-07 1.06403535e-08 1.5428013e-05 6.2649413e-10 2.1974789e-09 2.1516913e-08 1.3232154e-09 2.1923299e-05 1.0394663e-08 8.516543e-06 1.4227753e-08 1.6502414e-05 1.5518084e-07 9.021025e-08 7.921198e-10 4.699457e-08 3.4070424e-09 0.00012448285 3.1947852e-06 6.4525725e-06 1.7079257e-05 3.1513796e-08 2.4619378e-09 4.8891843e-06 1.743802e-05 1.1906788e-09
0.79282403 0.46344203 0.05001136 0.5094755 0.96848345 0.017035337 0.47436795 3.5160347e-11 0.9761864 0.00035883026 0.0021236108 0.5422293 3.2165965e-05 0.011957177 0.9516983 4.6237914e-05 0.006058687 0.81691486 0.76268464 0.00064786675 0.6419461 5.179581e-05 1.665424e-05 0.00016426707 7.3339093e-06 0.004127056 0.0064155366 2.252126e-05 3.1644772e-06 7.136073e-05 0.0038976278 0.00021439059 0.3569329 0.0046785567 6.6636303e-06 3.7344573e-05 5.7985545e-07 0.0035269856 0.00024824508 9.092065e-06 0.00583689 1.2925608e-07 0.0073081534 9.0313677e-07 0.00039325267 0.0003165078 4.229364e-06 5.209488e-07 7.5900566e-06 1.5373502e-06 3.5379436e-08 6.041423e-05 0.00011990652 4.339271e-08 1.0064363e-05 2.8891105e-07 4.173449e-05 7.960428e-06 1.5055683e-07 4.6045898e-08 0.0031672278 4.846066e-07 1.4056479e-05 5.798126e-06 1.5569069e-06 1.9018906e-05 3.8470075e-06 1.1847487e-06 4.6653696e-07 9.081609e-07 1.47029e-06 1.14070815e-07 3.645994e-05 0.00011301137 2.1401643e-09 1.0240812e-08 2.3820775e-08 1.2523666e-05 1.549485e-09 3.5985674e-09 7.460595e-09 6.9392523e-09 1.17323005e-07 5.2184475e-09 3.0563594e-06 9.228099e-09 9.199914e-08 9.345304e-09 6.3564485e-08 4.0054595e-09 1.042212e-06 7.967347e-08 9.969835e-08 4.043558e-08 3.6312095e-08 1.1837051e-08 1.7405986e-09 4.1832187e-09 4.2347017e-07 8.879918e-07 4.4079056e-09
0.93421346 0.71944416 0.22837628 0.30088142 0.66159165 0.35629332 0.39536527 0.9761864 6.0726486e-15 0.04034912 0.05187297 0.43706957 0.01120295 0.005380666 0.99461037 0.019955993 0.47132814 0.73366964 0.72173876 0.0146040125 0.4750228 0.007481383 0.07986033 0.0045960443 0.000752687 0.055542015 0.5630232 0.004897755 0.0044634836 0.0007619986 0.0024120633 0.1442186 0.3875094 0.00086149905 0.00042527338 0.0007108137 0.0005250026 0.00010511579 0.0042694234 0.00044113377 0.0039184005 9.421381e-06 0.021736098 6.955605e-05 0.0008900781 0.0022224835 0.00016510607 0.0009143084 4.3145235e-05 7.985862e-06 0.00039330215 0.0015852889 0.0021892893 0.00495106 0.0006048471 5.307964e-06 0.003621753 3.8021724e-05 5.5110777e-06 8.895022e-07 0.012338381 2.3443967e-07 0.0006670062 5.189749e-06 1.9044321e-06 2.3063396e-06 2.088783e-06 8.224916e-06 1.120538e-05 1.1272283e-05 8.877933e-06 6.453083e-06 0.001207776 0.0007547747 6.8839574e-07 5.2090726e-08 1.0270996e-06 7.345473e-06 1.9818755e-08 2.9535773e-08 5.9657985e-08 3.3064687e-08 2.112738e-06 3.9710553e-08 3.78011e-07 3.5672908e-08 1.9789293e-06 1.0674245e-07 8.0296815e-08 1.2413544e-07 6.1012074e-08 1.2233992e-08 1.240145e-07 6.284995e-06 4.781721e-07 1.202633e-07 8.9289294e-08 5.0102233e-08 1.1363937e-06 1.4475264e-05 2.042342e-09
0.9807613 0.46515182 0.26089105 0.00051510695 0.0001435723 0.1491679 6.8834655e-05 0.00035883026 0.04034912 3.6450514e-09 0.9362063 0.0005462759 0.8341759 5.8487618e-05 0.020081716 0.94249165 0.62935543 0.013559553 0.03620122 0.94764775 0.007023151 0.51554054 0.47717422 0.89854914 0.31019965 0.8649158 0.08746951 0.046072394 0.7036529 0.0025580132 9.537157e-06 0.053750347 0.013637298 8.018028e-06 0.00139307 0.02350359 0.20031656 1.6183498e-06 0.0066220155 0.0020944502 1.864066e-05 0.010626079 0.0049297144 0.006827489 0.00022756429 0.0001406885 5.0888826e-05 0.08928222 0.053366616 0.0069631557 0.003720755 0.20964266 0.00010103566 0.0067834114 0.00061025354 0.0018900742 0.05598676 8.2506324e-07 0.0010129018 0.002143629 0.0039766515 2.538156e-05 0.00013518042 4.9482555e-06 1.8283542e-06 6.5222576e-07 4.792084e-07 5.9976815e-06 7.019875e-08 0.00045806216 1.3287196e-06 0.00038272634 0.015600335 0.00043662585 0.0003080378 3.317348e-05 0.00017514378 3.9611423e-06 4.6460778e-07 1.8010669e-05 2.4631418e-06 1.1701701e-06 4.208661e-07 7.5915544e-08 2.5498462e-06 2.892122e-06 7.0230094e-08 2.8349925e-05 1.5796085e-06 3.4061216e-08 8.327643e-09 3.1094754e-07 2.1020667e-09 9.679653e-06 7.261436e-09 1.1300273e-08 1.671416e-07 7.20188e-06 4.487541e-07 1.949325e-06 4.041773e-06
0.9834403 0.5245162 0.61908585 0.0051155235 0.0010841126 0.25778955 0.0001429103 0.0021236108 0.05187297 0.9362063 1.2931034e-09 0.006390789 0.9199446 0.0007600394 0.012895691 0.42199263 0.2130658 0.027855298 0.07511449 0.9757818 0.018652966 0.4260202 0.11401888 0.6661722 0.17919993 0.8810063 0.01846528 0.50119185 0.19593671 0.035396516 0.000116984884 0.015088695 0.028648572 3.648634e-05 0.013182401 0.2690812 0.07151515 2.4815477e-05 0.050651412 0.14935526 0.00023747176 0.010499476 0.0259297 0.008842883 0.00018847633 0.0013087019 0.0032790627 0.018134031 0.13159634 0.060259283 0.0005542302 0.50164545 0.002582717 0.0008085879 0.012531899 0.004326807 0.059584502 4.5107194e-07 0.00392625 0.0008240072 0.008420442 0.0027969072 0.008988519 1.5780928e-05 8.571825e-05 1.0152938e-05 7.3258946e-07 0.0006095602 7.466443e-06 0.0010034677 0.00016985218 0.0003020032 0.012214298 3.082528e-05 0.0006559014 0.00054515596 5.585416e-05 2.813618e-06 1.2532269e-05 5.255957e-05 5.5497883e-05 1.2279036e-05 2.5688305e-06 3.1620726e-08 2.2514917e-06 7.5902376e-06 7.8430867e-07 2.34028e-05 1.8913743e-05 1.7367634e-05 8.71888e-08 4.4927547e-06 1.2204073e-07 4.5129185e-05 6.896821e-08 1.187601e-07 2.010461e-06 8.972031e-07 1.3321625e-07 4.139551e-06 4.5779334e-06
0.9343534 0.5950724 0.18510954 0.85376996 0.63372505 0.29616463 0.73438925 0.5422293 0.43706957 0.0005462759 0.006390789 3.4178434e-11 1.6157659e-05 0.97773916 0.4483602 0.00071643916 0.026705865 0.96166617 0.944362 0.0016167301 0.9538077 1.3101097e-06 0.0016966212 0.0014586236 3.7146827e-07 0.0017153979 0.028472506 0.0009747917 0.00044276402 0.0148961255 0.37338853 0.0009377619 0.73813313 0.3225077 0.004087603 4.9103543e-05 1.7553036e-06 0.15552652 0.00036167496 0.0010774141 0.067199476 6.9745065e-06 0.084273174 7.078986e-07 0.0065444116 0.03173131 0.0018080429 1.098411e-07 5.5936995e-05 1.8631692e-06 8.106965e-08 9.370194e-05 0.02290107 2.4397932e-06 7.586529e-05 2.8377403e-07 0.00026572935 0.01115606 7.7851615e-07 1.2686677e-06 0.008152314 3.5715905e-06 0.0039454396 0.002829385 0.000736517 0.030079633 0.022976225 6.880828e-05 0.00023221532 5.411934e-07 0.00041147863 1.1172382e-06 7.731167e-05 0.00035039562 1.4899689e-07 6.0892674e-08 5.1206506e-08 7.469939e-06 3.7202341e-09 4.1956067e-08 9.523523e-08 6.673745e-09 2.5073286e-06 2.471267e-07 1.5372203e-05 7.250226e-07 7.1130835e-06 8.922374e-08 8.4520435e-09 6.945185e-09 5.073553e-06 1.6144172e-10 5.602514e-05 3.875838e-06 4.9975065e-06 6.5915137e-06 3.1633788e-06 3.0827376e-08 6.437084e-06 2.2443537e-05 2.2656188e-08
0.99599314 0.37593418 0.4235518 0.00018063365 1.377841e-05 0.41257435 3.2146781e-06 3.2165965e-05 0.01120295 0.8341759 0.9199446 1.6157659e-05 1.8090248e-09 2.9203635e-05 0.004774884 0.61124164 0.33683187 0.00031810586 0.0010687097 0.83747506 0.00010074451 0.53632903 0.21699901 0.8976855 0.1828626 0.59114456 0.015784385 0.6228818 0.7241652 0.089308694 2.461399e-08 0.038063828 0.0013901178 4.0025288e-08 0.040656332 0.25395253 0.35222188 1.735408e-08 0.105239674 0.10284364 4.59274e-06 0.10019615 0.002377793 0.001926839 1.6084954e-05 0.00010424616 0.0020002287 0.15756172 0.50647575 0.085064135 0.003707324 0.5171737 0.00018626577 0.0020180934 0.0068481807 0.0004180723 0.08865774 4.100198e-08 0.00026824957 0.0079413615 0.0014018292 0.0011916207 0.00096014905 1.2026554e-06 2.2421727e-06 2.8917182e-07 3.6299232e-07 0.00014010661 1.4453082e-07 6.163877e-05 2.1272068e-05 0.0003599857 0.0059947153 3.5612527e-05 2.668097e-05 0.00020066876 9.023367e-06 7.345353e-08 1.8652681e-05 4.725221e-06 1.609826e-05 2.134209e-05 4.9660537e-10 1.863554e-09 1.7579655e-08 2.574929e-07 5.383562e-10 1.3519445e-06 5.299613e-06 2.1771513e-07 4.417424e-09 6.215909e-06 3.2643802e-10 9.419247e-09 1.9062192e-09 2.6005462e-10 2.2283199e-07 6.709754e-08 8.83337e-09 1.0057702e-09 3.242146e-07
0.47486043 0.41271225 0.2085323 0.9778293 0.105989695 0.064070545 0.77836275 0.011957177 0.005380666 5.8487618e-05 0.0007600394 0.97773916 2.9203635e-05 4.352128e-15 0.0013952198 3.5335e-06 3.537541e-05 0.84114045 0.75224054 0.00019526388 0.73216623 1.8264791e-06 3.1971013e-08 3.8089643e-06 8.632302e-07 0.0007296819 2.2949229e-05 0.00039527233 1.0001757e-07 0.01770124 0.8978711 1.9193942e-08 0.18490323 0.49164915 0.0057187346 9.435733e-06 1.0119181e-09 0.38487923 0.0012206606 0.0013666175 0.720717 6.2152424e-07 0.033165313 3.7885138e-06 0.0127701145 0.072697505 0.0005242451 9.144652e-11 4.5660843e-07 1.0775297e-07 2.2975526e-11 3.666262e-07 0.025707498 2.0042402e-11 0.0005513473 4.476046e-06 6.133168e-05 0.015293346 1.8233906e-07 2.4708382e-09 0.0040189866 2.2542395e-06 0.0028361725 0.022794304 0.008416192 0.008240486 0.012784798 0.0001378478 0.0018817515 1.1046716e-06 0.00067384896 4.563607e-09 6.8503846e-06 0.00017584403 4.843448e-08 1.2089058e-09 2.1675746e-08 0.00019924695 9.989708e-12 3.2414873e-09 1.3761626e-09 6.777386e-11 4.9826535e-06 6.09196e-07 1.2884762e-05 4.030435e-09 1.0355759e-06 2.5442821e-09 1.4930328e-09 1.1783298e-09 1.4113235e-06 1.10863874e-10 1.2502109e-06 4.218506e-07 5.0793478e-08 1.28183e-08 5.856684e-08 3.3847591e-10 1.0243416e-07 3.7388063e-06 6.9984507e-10
0.80995995 0.21977963 0.031555526 0.4473985 0.88292664 0.04353879 0.53881645 0.9516983 0.99461037 0.020081716 0.012895691 0.4483602 0.004774884 0.0013952198 9.837879e-14 0.008202834 0.25074574 0.72422093 0.68825364 0.0013697536 0.52823895 0.0021254104 0.09067991 0.0010562608 0.0003268343 0.030237159 0.12082808 5.689015e-05 0.000366632 1.7816074e-05 0.003069585 0.079766266 0.24839805 0.0029701486 3.8688618e-06 2.120543e-05 2.4410954e-05 0.00085561693 0.00022003388 5.077595e-06 0.0008331549 1.1719861e-06 0.0064465757 3.086191e-06 0.00027177113 0.00013943254 6.4546157e-06 0.00014180058 4.1458525e-06 1.2815491e-06 3.4523626e-05 8.505468e-05 0.0001686373 7.151197e-05 1.9628469e-05 9.4239283e-07 0.00012752728 2.1354814e-05 1.6561496e-06 4.4326608e-08 0.0023959007 2.3219327e-07 2.4994346e-05 2.3565552e-07 1.2664404e-07 1.3241252e-06 6.692688e-07 2.1657588e-06 7.077241e-08 1.4743803e-06 2.9501442e-07 6.07265e-07 2.7310201e-05 7.835418e-05 2.8749787e-08 1.4814591e-09 2.608638e-07 1.840635e-05 1.4649062e-09 2.116333e-08 1.7545547e-09 3.2273645e-10 1.3839654e-06 8.571624e-10 6.721853e-06 1.8075736e-08 4.0835448e-07 1.1658471e-08 9.988827e-09 2.7982608e-10 6.48235e-08 7.824245e-09 3.49842e-08 1.16801324e-07 1.4866058e-08 2.5055261e-08 8.531267e-11 1.3024127e-09 1.9665811e-05 4.9775455e-05 1.387175e-10
0.9732503 0.050394915 0.032494634 0.00020405016 0.00036626504 0.038472593 9.2630326e-05 4.6237914e-05 0.019955993 0.94249165 0.42199263 0.00071643916 0.61124164 3.5335e-06 0.008202834 7.69579e-09 0.97269464 0.0090240985 0.016818013 0.1642515 0.004654245 0.14523332 0.95868754 0.80271846 0.068901055 0.82716376 0.4307806 0.0027039566 0.8337018 0.0001644602 1.7144215e-06 0.40228513 0.0069310525 3.0904735e-06 0.00015274345 0.002594385 0.1634821 7.7417167e-07 0.0019165342 5.7693534e-05 3.340885e-06 0.0011741498 0.0009240605 0.00031431916 7.937651e-05 6.807233e-06 7.9908295e-06 0.12612647 0.00044221184 2.9470795e-05 0.007353061 0.040117625 2.6628783e-05 0.056544144 0.00013309822 8.412239e-05 0.008485327 1.7247405e-07 0.0001872532 0.0002035522 0.00079308986 2.087877e-06 9.298224e-05 2.544423e-07 5.7824703e-08 1.2130477e-08 6.8551934e-08 1.1107809e-06 1.2809967e-08 3.7838363e-05 1.6257913e-07 0.0002151718 0.0029936978 0.00021077873 3.2997224e-05 1.5263171e-05 8.180737e-05 3.1537562e-07 1.0750307e-08 5.12257e-06 2.7300864e-08 7.762558e-09 8.656254e-06 3.2562557e-08 9.022536e-07 1.3743404e-06 1.401412e-06 6.012044e-06 2.431416e-07 1.8545615e-09 2.7450616e-08 5.733194e-08 5.7529276e-10 3.6502628e-05 2.0610289e-08 5.691538e-09 3.045325e-07 4.8248467e-06 3.911131e-06 2.9190518e-05 8.4366457e-07
0.97344476 0.22610998 0.098732434 0.016967742 0.05247442 0.23863384 0.0038949952 0.006058687 0.47132814 0.62935543 0.2130658 0.026705865 0.33683187 3.537541e-05 0.25074574 0.97269464 1.7914795e-12 0.09089562 0.16729915 0.0655441 0.05657531 0.10968561 0.97610354 0.1761611 0.04386169 0.59926075 0.93674284 0.0013596659 0.40510994 0.00018781674 0.00015261941 0.81701434 0.0527688 5.7398604e-05 8.496914e-05 0.0010186244 0.037747145 5.3531517e-06 0.0026078932 9.420641e-05 2.552996e-05 0.00023625648 0.0068020322 0.00023544338 0.00025305705 6.309128e-05 1.8833054e-05 0.018420443 0.00019603093 4.5239365e-05 0.002939638 0.024851283 0.00030299267 0.05445092 0.0001343376 6.3972104e-05 0.01212203 3.8119714e-07 2.953734e-05 1.0588391e-05 0.002107487 4.0881818e-07 0.00025892476 9.055188e-09 1.0177706e-07 6.016615e-08 9.211867e-09 7.104589e-06 2.1550548e-08 7.5148696e-06 1.2050056e-06 1.9975303e-06 0.00059477513 0.00019689635 5.7585767e-06 3.1449964e-08 1.0044654e-06 4.767105e-07 1.8209472e-09 6.502985e-07 4.4761647e-10 5.9829314e-10 0.00025376538 1.6414218e-09 7.2528263e-07 1.3708917e-07 2.3807457e-05 7.827817e-08 5.5159117e-09 1.4646409e-09 1.653716e-08 7.707131e-09 2.849753e-10 4.5214e-05 1.7309322e-08 2.234087e-08 7.0316336e-10 1.647385e-08 2.5110556e-05 0.0008225998 2.7371538e-10
0.99045974 0.7633977 0.39379176 0.8535741 0.7159999 0.30491415 0.77074665 0.81691486 0.73366964 0.013559553 0.027855298 0.96166617 0.00031810586 0.84114045 0.72422093 0.0090240985 0.09089562 2.7656297e-09 0.7627931 0.0069686887 0.7996313 2.0036576e-05 0.004793977 0.01673216 7.2693383e-06 0.0038337952 0.083561935 0.0021485072 0.00079414493 0.06542961 0.49317166 0.0034846137 0.87516785 0.5099516 0.022084363 0.00021190033 1.6366013e-05 0.20396353 0.007508133 0.002545392 0.059600435 9.817319e-06 0.09773305 1.2308845e-06 0.009274114 0.031845547 0.0027119778 1.3916816e-06 0.0008611955 7.2494935e-05 1.3495692e-06 0.00020359027 0.039680284 4.819634e-05 0.0014999069 7.955149e-07 0.0013310927 0.041872732 1.5312221e-06 1.2721728e-06 0.0070285415 3.8240687e-06 0.0061559957 0.009201705 0.0020637042 0.08827161 0.027942652 0.00038792606 0.010080891 2.6442729e-07 0.0009947622 7.385542e-07 0.0002898147 0.0011819596 1.4793302e-07 1.8394995e-07 2.8107271e-08 0.00010974788 9.699214e-08 4.774519e-08 7.260369e-07 1.3767271e-07 2.2089505e-06 3.711995e-05 6.381203e-05 8.623851e-07 2.9853e-06 1.429862e-08 7.222552e-09 1.7455022e-09 3.5063684e-05 3.2262213e-09 0.00013691533 5.2040928e-06 2.6845928e-05 5.928745e-06 2.4688787e-05 1.0383884e-08 2.0150843e-05 3.2833275e-05 1.09168155e-07
0.9918803 0.87802833 0.59796655 0.7827523 0.51863366 0.6780162 0.6417213 0.76268464 0.72173876 0.03620122 0.07511449 0.944362 0.0010687097 0.75224054 0.68825364 0.016818013 0.16729915 0.7627931 2.1561179e-10 0.015216356 0.83419836 0.00017479903 0.006354732 0.040226936 4.204878e-05 0.012278199 0.100678205 0.010625688 0.0017292378 0.20047103 0.32487556 0.0040842956 0.9389826 0.37238333 0.069624096 0.0011157412 7.297668e-05 0.1034093 0.012392674 0.0073631974 0.037539214 1.7442411e-05 0.14153226 3.8725425e-06 0.014039056 0.051206656 0.01028993 2.2859117e-06 0.0017480246 0.00019313298 7.8495674e-07 0.00041523937 0.060611963 8.4277366e-05 0.0031078302 1.5372327e-06 0.0021640968 0.043140486 6.999343e-07 7.3496875e-07 0.012981231 1.6910375e-05 0.01629548 0.010057514 0.0026752162 0.08409468 0.016107151 0.0011082003 0.00979913 1.215417e-06 0.0020784733 5.295543e-07 0.00043376087 0.0012994639 6.407107e-07 1.2530709e-06 4.1384375e-08 8.982802e-05 2.0295448e-07 1.6519498e-07 8.987665e-06 1.0850249e-06 4.137854e-06 2.3283075e-05 5.4064556e-05 1.816967e-06 4.680877e-06 3.8036898e-08 1.2728499e-08 7.100118e-08 7.144789e-05 3.5800694e-09 8.9328096e-05 1.7100052e-05 9.561327e-06 1.5634553e-06 0.00012451765 4.4011024e-08 1.6374663e-05 4.773606e-05 2.5015963e-06
0.7778791 0.21468526 0.48691922 0.010776464 0.0008071645 0.18115684 0.00029445274 0.00064786675 0.0146040125 0.94764775 0.9757818 0.0016167301 0.83747506 0.00019526388 0.0013697536 0.1642515 0.0655441 0.0069686887 0.015216356 6.3114525e-10 0.004400256 0.5319964 0.028412646 0.96649677 0.29876924 0.62232924 0.0072437124 0.53688294 0.36880177 0.018948946 1.1653975e-05 0.0011943894 0.0029389793 7.619375e-05 0.0043161716 0.63872194 0.36063 7.648245e-06 0.033631198 0.3099317 1.1264009e-05 0.025917921 0.0010260728 0.013903215 0.00010504203 0.0011254871 0.0023406774 0.0015292012 0.17199457 0.05970354 1.4167981e-05 0.5924257 0.0012786821 5.1350115e-05 0.0110864425 0.003947982 0.007245672 4.4915886e-08 0.001881589 0.0010424044 0.00040143455 0.014836644 0.003668564 5.5521728e-06 1.6802493e-05 2.0383999e-07 3.2183745e-08 0.00044960875 1.8225604e-08 0.0018233535 0.00013551213 0.0005505465 0.00028384457 1.9925616e-05 0.00018860077 0.00016910999 0.00014204477 4.718266e-07 0.000112125264 1.6195085e-05 7.198275e-06 5.815532e-06 3.418879e-08 1.886107e-09 3.279935e-07 1.7922998e-06 1.7635204e-08 2.8537866e-06 2.6143998e-06 1.2974164e-06 1.6703659e-07 6.7169157e-07 1.1075449e-08 4.1379465e-07 5.6097678e-09 1.6409436e-08 7.208377e-09 5.6161305e-08 3.3750525e-09 7.531913e-07 2.3649967e-08
0.9942509 0.5372969 0.24056014 0.7373898 0.54856837 0.27195853 0.63843805 0.6419461 0.4750228 0.007023151 0.018652966 0.9538077 0.00010074451 0.73216623 0.52823895 0.004654245 0.05657531 0.7996313 0.83419836 0.004400256 1.8632624e-09 1.357735e-05 0.0024304623 0.010379174 3.6063616e-06 0.005636666 0.03288932 0.0029933508 0.0005910559 0.08296376 0.5202114 0.0016531713 0.9550356 0.7001631 0.023692666 0.00018197575 1.5846834e-05 0.21997733 0.0052080397 0.0029669155 0.052032653 3.4826317e-06 0.16800217 6.7505584e-07 0.018161383 0.09604484 0.0054001696 4.8334834e-07 0.0005892976 8.2197126e-05 3.2151797e-07 0.00016553255 0.07603314 2.3534132e-05 0.0019499126 4.3465133e-07 0.0011851139 0.06171687 5.8161834e-07 7.307885e-07 0.012487161 5.559919e-06 0.012522611 0.020291835 0.0039914623 0.097740084 0.05430636 0.00089782587 0.012047689 4.062333e-07 0.0022788441 2.5021845e-07 0.00031219955 0.0015034161 1.3971705e-07 1.6564395e-07 1.662156e-08 6.9474845e-05 1.3664173e-07 5.4393755e-08 3.6307074e-06 5.5684916e-07 4.4573626e-06 4.1565912e-05 4.3050906e-05 8.259272e-06 1.2166017e-05 1.1090169e-07 1.9134023e-09 2.804927e-08 7.6284494e-05 8.7945146e-10 0.00043295434 6.869353e-05 2.8988143e-05 5.332364e-06 0.00025816754 1.0443855e-07 1.9844847e-05 0.00011000324 5.8378755e-06
0.99819046 0.21114142 0.26475745 3.693844e-05 7.3610227e-07 0.19409822 7.557117e-07 5.179581e-05 0.007481383 0.51554054 0.4260202 1.3101097e-06 0.53632903 1.8264791e-06 0.0021254104 0.14523332 0.10968561 2.0036576e-05 0.00017479903 0.5319964 1.357735e-05 4.289152e-11 0.036435626 0.41409448 0.82364255 0.18654737 0.0049656574 0.9696822 0.31875896 0.145328 1.2207118e-08 0.0078048855 0.00029047794 2.584922e-08 0.12924188 0.7502283 0.1757091 7.345013e-09 0.4830351 0.531548 1.078942e-06 0.6755863 0.0020369922 0.09248742 9.2385073e-07 3.102334e-05 0.007966736 0.0625751 0.86960083 0.6314382 0.0011038067 0.5585615 0.00019098561 0.0005088507 0.06481616 0.03620589 0.26194876 2.5744317e-08 0.01649115 0.2224543 0.0009936705 0.05113986 0.0081828125 1.3590733e-07 4.1856556e-06 8.197789e-08 3.9404377e-08 0.0011607478 7.4431725e-08 0.00078217406 1.7252787e-05 0.00908647 0.024439797 1.1268197e-05 0.00023256394 0.010879185 4.144499e-05 2.7563996e-08 0.0017321015 2.484901e-05 0.00019184467 0.00021350812 1.8160359e-09 1.1748087e-09 5.6943175e-09 3.6846454e-06 5.163288e-10 1.0660735e-05 0.00082822895 3.0319314e-05 1.5345294e-09 0.000859225 2.1281479e-09 3.23356e-08 6.673554e-09 7.2360646e-09 1.9298021e-07 1.6875312e-06 1.0405515e-08 5.6934595e-09 4.203382e-07
0.81556916 0.022021743 0.005599974 9.036037e-05 0.0012870406 0.013262246 0.00031242086 1.665424e-05 0.07986033 0.47717422 0.11401888 0.0016966212 0.21699901 3.1971013e-08 0.09067991 0.95868754 0.97610354 0.004793977 0.006354732 0.028412646 0.0024304623 0.036435626 1.8790416e-08 0.24246155 0.01967766 0.31471956 0.9279436 0.0003633165 0.6891852 2.9845729e-05 8.049229e-07 0.96737117 0.0027918199 1.635555e-06 1.9032168e-05 0.0009799654 0.19329427 2.1614173e-06 6.105186e-05 6.220683e-06 7.358019e-07 0.00069302326 8.336607e-05 6.6630615e-05 3.0130974e-05 6.172597e-08 7.5837363e-07 0.46522915 0.0007802786 8.236069e-06 0.17843989 0.03344665 8.2223863e-07 0.2967172 1.4124129e-06 1.378443e-05 0.0009789626 2.8908798e-07 3.0126463e-05 0.00026943718 0.0005026843 8.0123596e-07 2.3551891e-05 1.725118e-08 1.3529453e-08 2.8519743e-08 7.436631e-08 1.5859399e-07 2.2909616e-08 1.451754e-05 4.2165286e-08 5.1024657e-05 0.0005015985 1.1590662e-05 2.2912927e-05 2.0473688e-06 1.9642157e-05 4.946512e-07 4.1656705e-09 1.6842223e-06 8.067842e-09 1.7077896e-08 6.858055e-07 7.783818e-09 1.4088391e-07 1.876657e-07 1.1579118e-07 5.599095e-07 2.3579578e-07 3.7738572e-09 3.1276006e-08 1.6471901e-08 7.618697e-11 4.4119636e-07 6.0409904e-09 1.6959536e-09 3.9803673e-08 4.3512635e-08 3.98362e-07 2.762875e-07 5.0222377e-09
0.9583586 0.025120553 0.028240787 0.0010896996 0.0005705859 0.052254844 0.00019014814 0.00016426707 0.0045960443 0.89854914 0.6661722 0.0014586236 0.8976855 3.8089643e-06 0.0010562608 0.80271846 0.1761611 0.01673216 0.040226936 0.96649677 0.010379174 0.41409448 0.24246155 2.077766e-10 0.26277867 0.82942736 0.020159056 0.016407162 0.97472346 0.0004259216 2.0236357e-06 0.015909344 0.014481245 3.1305462e-06 0.00023374017 0.043816056 0.81486243 4.038904e-07 0.0077453326 0.0032269019 6.312618e-07 0.0054920907 0.004070221 0.006485712 1.959299e-05 1.9068177e-05 5.223193e-05 0.049033586 0.029096067 0.010316465 0.0011180041 0.5424537 9.7372926e-05 0.0022077817 0.0008562597 0.0025410939 0.035166755 1.8983215e-08 0.0017001758 0.0002274992 0.00027104304 9.349396e-05 0.00031771688 4.4505274e-08 3.785984e-07 4.9372557e-07 3.049619e-08 1.6872826e-05 7.1664175e-08 0.00018819148 3.9846022e-06 7.9080775e-05 0.0012905176 3.2797925e-06 3.987661e-05 9.443573e-06 1.0677972e-05 1.4957806e-07 9.4160146e-07 2.2609354e-06 8.837752e-07 6.957718e-08 2.6998723e-07 3.126107e-10 7.123137e-08 1.7763631e-07 2.0977861e-08 5.914553e-08 2.382773e-08 4.065397e-08 4.104807e-08 2.7594451e-08 2.44059e-09 1.5962389e-06 1.4606857e-08 6.461658e-09 3.005049e-08 1.5733255e-08 3.2127566e-08 2.1791363e-06 7.33993e-09
0.99801314 0.043596968 0.044180974 6.2307818e-06 2.35538e-07 0.05847848 1.4054976e-07 7.3339093e-06 0.000752687 0.31019965 0.17919993 3.7146827e-07 0.1828626 8.632302e-07 0.0003268343 0.068901055 0.04386169 7.2693383e-06 4.204878e-05 0.29876924 3.6063616e-06 0.82364255 0.01967766 0.26277867 8.9478217e-11 0.12434446 0.0009031054 0.9620968 0.2625694 0.09814332 7.7198525e-10 0.004057916 0.00014282732 3.754508e-09 0.106973134 0.8137206 0.13638046 2.744301e-09 0.43212277 0.6805711 2.193846e-07 0.74108857 0.0011089762 0.08107771 9.540946e-07 1.9698207e-05 0.012968716 0.07730631 0.8810008 0.7194372 0.0010283792 0.60538256 6.3972104e-05 0.00027175582 0.11692505 0.02531072 0.3008336 9.280293e-09 0.012872954 0.27430296 0.00087727077 0.05886278 0.0041273376 8.877932e-08 1.7279535e-06 1.347525e-07 5.5212624e-08 0.0009814375 2.4598595e-08 0.00019987747 1.0631374e-05 0.0075277956 0.0066926917 1.2999906e-05 7.338454e-05 0.0113753015 9.190497e-06 1.7511255e-08 0.002370517 4.0865316e-06 0.00035751332 0.00014959325 6.066702e-10 8.4711477e-10 6.5980195e-09 4.293137e-06 1.1105101e-09 6.30812e-06 0.00015524843 2.7573988e-06 1.0248584e-09 0.00016325523 3.5688116e-10 8.1582314e-08 2.8681364e-09 6.7720396e-10 2.288458e-07 1.2045242e-06 8.4817735e-09 9.464756e-09 4.27442e-07
0.9996079 0.4931692 0.6023201 0.002095949 0.0019141877 0.6625833 0.00052585243 0.004127056 0.055542015 0.8649158 0.8810063 0.0017153979 0.59114456 0.0007296819 0.030237159 0.82716376 0.59926075 0.0038337952 0.012278199 0.62232924 0.005636666 0.18654737 0.31471956 0.82942736 0.12434446 1.3466473e-09 0.06697048 0.08507014 0.41071802 0.8657628 0.000109314075 0.06892357 0.014326667 6.491652e-05 0.23731743 0.017995931 0.079909146 4.7762016e-05 0.07505973 0.07327615 0.00015810554 0.016340984 0.009012638 0.0014024281 0.0008403659 0.0046240874 0.029900288 0.028105682 0.052724607 0.009615039 0.0018851022 0.024079137 0.0075802626 0.0012418684 0.0055193044 0.0003119689 0.016732391 0.00014501704 0.0004471775 0.0011721365 0.0035713562 0.0006708847 0.0082407165 0.00061754766 0.0005751746 0.00089090905 0.00017144297 0.001486346 0.0004164962 4.447365e-05 0.00069649343 0.00017588981 0.002930488 0.00061007193 2.695293e-05 0.00014739699 4.480983e-06 1.456915e-05 2.0469635e-05 2.8447407e-06 7.540279e-05 3.711921e-05 3.805139e-07 7.0603375e-07 3.5325597e-06 6.485108e-06 5.2000166e-07 2.9856187e-06 6.6321018e-06 1.030951e-05 1.923989e-06 4.9578393e-06 7.7132745e-06 4.1872445e-06 3.7538382e-07 3.6889766e-08 3.0141264e-05 4.345483e-06 1.2893125e-06 1.5358554e-06 3.111929e-05
0.20598075 0.074454285 0.007279277 0.02186427 0.08951874 0.01812147 0.020210467 0.0064155366 0.5630232 0.08746951 0.01846528 0.028472506 0.015784385 2.2949229e-05 0.12082808 0.4307806 0.93674284 0.083561935 0.100678205 0.0072437124 0.03288932 0.0049656574 0.9279436 0.020159056 0.0009031054 0.06697048 3.0886413e-15 4.4990207e-05 0.13284637 0.000111570705 0.00017186647 0.9963753 0.012880955 0.000113881746 1.0986563e-05 2.078691e-05 0.0022768 2.9111206e-05 8.893365e-06 1.4498766e-05 1.0658458e-05 8.049044e-07 0.00065746787 5.3030885e-07 6.367325e-05 2.55422e-06 5.1350285e-06 0.0005150151 0.00018886462 6.106033e-06 0.0009360861 0.003551773 3.0254585e-05 0.003280206 2.6839194e-07 1.4010318e-07 1.15857665e-05 5.6922026e-08 4.182521e-07 2.2884896e-08 0.00029268107 2.3394487e-06 7.661107e-06 2.1149976e-08 6.19216e-08 2.9655234e-07 3.8001797e-08 1.3877289e-07 5.2204285e-09 6.316072e-08 1.7043605e-07 6.373163e-07 1.7698571e-06 2.0076714e-06 7.566755e-10 8.335755e-11 6.0386167e-09 2.1090406e-07 1.700991e-09 4.8907695e-10 9.1549664e-11 7.8309903e-10 4.1087233e-08 1.200363e-09 1.3383715e-07 3.2122953e-09 8.553859e-09 1.9370715e-10 8.463315e-10 8.693809e-11 2.949658e-07 9.123419e-10 1.4865746e-08 7.3221433e-09 3.1281676e-08 4.417637e-08 9.364261e-11 1.600513e-10 3.4165726e-07 2.9755747e-05 2.8372246e-10
0.9305922 0.07041889 0.3844472 0.0016433658 9.966656e-05 0.34281594 4.461149e-05 2.252126e-05 0.004897755 0.046072394 0.50119185 0.0009747917 0.6228818 0.00039527233 5.689015e-05 0.0027039566 0.0013596659 0.0021485072 0.010625688 0.53688294 0.0029933508 0.9696822 0.0003633165 0.016407162 0.9620968 0.08507014 4.4990207e-05 1.032744e-14 0.0023109743 0.14719835 2.910479e-05 0.00022392176 0.0066339877 0.00015777972 0.059782125 0.97936326 0.0029824516 1.315278e-05 0.40854254 0.8406148 1.4087882e-05 0.14680897 0.007060779 0.12310719 9.276055e-05 0.0021027862 0.018451158 0.0020238338 0.11149438 0.2223802 1.6798424e-05 0.2466819 0.0035598676 3.5142486e-07 0.08782272 0.036292013 0.042994097 2.8541783e-06 0.027506735 0.013754997 0.0015103255 0.19485226 0.010601709 1.7622309e-06 0.00022790549 3.269423e-07 4.4818073e-08 0.0061928476 5.7481566e-06 0.0067158877 0.0006200164 0.0039551067 0.0030390166 2.3062265e-05 0.0018469547 0.0015565054 0.00090780866 1.7109832e-06 0.00089860405 0.0004814177 0.0023344054 0.0035335692 3.6733104e-07 2.5110984e-09 1.0957552e-06 7.541595e-05 1.0911918e-08 3.0056612e-05 4.3955515e-05 0.0010755652 1.1819454e-08 1.0196574e-05 3.1153835e-08 8.9123226e-08 8.2172626e-08 1.7839348e-07 4.8426724e-08 5.054701e-07 1.0014102e-08 3.18372e-08 1.6308561e-06
0.8338724 0.00196411 0.00081966596 6.853508e-06 0.000100168065 0.0071804323 4.7121644e-05 3.1644772e-06 0.0044634836 0.7036529 0.19593671 0.00044276402 0.7241652 1.0001757e-07 0.000366632 0.8337018 0.40510994 0.00079414493 0.0017292378 0.36880177 0.0005910559 0.31875896 0.6891852 0.97472346 0.2625694 0.41071802 0.13284637 0.0023109743 5.421681e-09 1.7623664e-05 2.5166453e-06 0.3024068 0.0007604852 8.6640875e-07 1.6281512e-05 0.008451456 0.9890104 2.4463425e-06 0.00022774862 2.2141547e-05 5.4289256e-07 0.0097857155 9.767995e-05 0.0012513173 1.792636e-05 5.8346632e-08 6.2528454e-07 0.77269524 0.011528439 0.0005876886 0.114454575 0.7634998 1.8704765e-07 0.24714535 3.1384648e-06 0.000338144 0.005208373 7.2716674e-08 0.0003447194 0.0017738764 0.0002741734 2.9291425e-06 8.224861e-06 4.1374747e-08 1.2627734e-08 4.3539867e-08 2.810025e-08 5.4656144e-08 2.709051e-09 7.619586e-05 1.840275e-07 0.00044988195 0.0011513007 5.6922413e-06 0.00023892493 1.992746e-05 0.00016131309 2.417746e-07 5.5378628e-08 8.88354e-06 2.1712854e-07 1.9907456e-07 2.4283526e-07 1.4403183e-08 5.523824e-07 3.143001e-07 1.041437e-08 4.087081e-06 3.507649e-05 5.878687e-08 1.2369942e-08 7.0690726e-06 2.6581939e-09 8.430392e-08 9.6613455e-08 3.4690903e-08 3.902397e-08 2.5757717e-07 1.6876092e-07 1.3989396e-07 2.5233668e-08
0.99980646 0.04298701 0.49149364 0.014313652 9.5199684e-05 0.65085727 0.00013396173 7.136073e-05 0.0007619986 0.0025580132 0.035396516 0.0148961255 0.089308694 0.01770124 1.7816074e-05 0.0001644602 0.00018781674 0.06542961 0.20047103 0.018948946 0.08296376 0.145328 2.9845729e-05 0.0004259216 0.09814332 0.8657628 0.000111570705 0.14719835 1.7623664e-05 2.8568596e-07 0.0014551979 4.0865743e-06 0.115694225 0.0063459016 0.96474737 0.029671803 5.595108e-05 0.00030856172 0.85627466 0.77367705 0.0007952218 0.0002682166 0.15191896 0.028884182 0.0069749323 0.11594084 0.60816586 2.3951683e-05 0.0002129733 0.00035526635 4.1606224e-08 0.0018033108 0.12587383 2.160537e-08 0.56217694 0.015800893 0.26859546 0.0001388631 0.0029302153 2.9835595e-05 0.08169148 0.007980229 0.12845968 0.0020379764 0.035061404 3.1341624e-05 1.2444771e-06 0.08956484 0.0015771248 0.004923801 0.073845975 0.0005059358 0.027577316 0.007309377 0.00071081804 3.4463985e-05 0.0012505358 0.0004399498 1.8496163e-05 0.0011919658 0.0014458667 0.0013146449 0.00042708288 4.8439728e-05 6.897574e-05 0.0016037197 0.0002283565 0.0003798139 2.0170482e-06 0.011044016 1.51727545e-05 3.3476877e-06 1.4336477e-07 0.00076818303 1.0405698e-07 2.636044e-09 0.0006646012 0.0001538503 2.7775059e-05 0.00017922402 0.019682527
0.91913706 0.016527291 0.0072378432 0.072167136 0.004388762 0.010996697 0.052503828 0.0038976278 0.0024120633 9.537157e-06 0.000116984884 0.37338853 2.461399e-08 0.8978711 0.003069585 1.7144215e-06 0.00015261941 0.49317166 0.32487556 1.1653975e-05 0.5202114 1.2207118e-08 8.049229e-07 2.0236357e-06 7.7198525e-10 0.000109314075 0.00017186647 2.910479e-05 2.5166453e-06 0.0014551979 4.8258093e-15 1.4268476e-06 0.085389376 0.97614306 0.00047739752 7.433256e-08 4.6574944e-10 0.9790298 9.994216e-06 0.00018656302 0.94386524 6.941384e-09 0.48304117 1.33476235e-08 0.18463533 0.07665918 8.3130835e-05 7.04698e-10 8.029578e-07 1.9356479e-08 1.1010571e-09 5.845522e-07 0.031173056 1.7090473e-08 2.741288e-05 1.0021899e-08 2.6078895e-05 0.59945416 4.390427e-09 2.970039e-08 0.047393013 4.5471165e-07 0.0007768754 0.10055617 0.0015586432 0.47093344 0.4302404 3.4812206e-06 0.0019417718 1.0943933e-08 0.00010308502 2.2902405e-08 1.8479272e-05 0.00080876803 6.1540666e-09 2.0619637e-09 7.2695105e-10 0.00035245527 4.0509125e-09 3.441775e-10 5.2248144e-08 8.65589e-10 9.09831e-06 2.8015268e-06 4.0709238e-05 1.3125978e-09 4.3353875e-06 3.04635e-09 2.9804053e-09 4.480743e-10 7.0856763e-06 7.638399e-11 0.0040479437 5.0355156e-06 0.00010979258 7.349969e-05 1.0221322e-07 2.7000688e-10 1.6581315e-06 7.2270277e-06 9.0650853e-10
