1.4567401e-16 0.9866022 0.72749066 0.9807732 0.90932125 0.9665277 0.9480166 0.97068256 0.9765812 0.9734127 0.060236886 0.9324979 0.98174113 0.945557 0.9734328 0.13170177 0.9602819 0.78561324 0.23965731 0.9593171 0.99418485 0.940777 0.09360942 0.93109256 0.982723 0.9917215 0.9516282 0.19233723 0.9882551 0.9799922 0.9646864 0.944193 0.94631845 0.9450758 0.985245 0.5297865 0.99271137 0.006008196 0.015886163 0.9493463 0.9396533 0.9111096 0.99798006 0.9459066 0.9952309 0.98720735 0.96714145 0.15227838 0.96921337 0.86910415 0.6829768 0.0026095912 0.03334804 0.19747558 0.85757583 0.973854 0.99726045 0.994642 0.0040676934 0.99129665 0.920787 0.006337489 0.93580073 0.9922002 0.9899126 0.9708258 0.6642318 0.0053192545 0.82356477 0.39691824 0.99299425 0.99273485 0.930872 0.010529941 0.9363371 0.9603681 0.9968519 0.98660535 0.99291784 0.9283682 0.7375364 0.16476162 0.99590445 0.0046774526 0.14655797 9.784679e-06 0.011128842 0.69787633 0.99993926 0.07061024 0.8133016 0.26273656 0.999548 4.396874e-08 4.7237322e-07 0.99991906 0.047908526 0.99753124 0.9657599 0.00320922 0.999996
0.9866022 3.51336e-11 0.17130804 0.94113743 0.5222763 0.9383854 0.8814303 0.6455266 0.37916672 0.6816762 0.8081384 0.7214969 0.6446086 0.6747827 0.39309546 0.020487694 0.0012702828 0.40011156 0.28719184 0.16409236 0.13715741 0.11278174 0.30760607 0.00342213 0.005177125 0.0007138826 0.08713909 0.022967374 0.016704634 0.0014427311 0.0005171531 0.00317041 0.0064354455 3.138149e-05 0.0027558769 0.07948872 0.1439291 0.27435058 0.068048954 0.0005037425 6.79351e-06 0.007377866 0.32299098 0.00012662334 0.005056488 0.08730128 0.00048535987 2.759119e-06 0.0006535034 8.973354e-06 2.4808462e-06 0.00022228746 0.005211016 0.019459188 0.0022684135 0.0052848863 0.0048583895 0.000844704 0.0110374885 0.04531162 4.3941163e-06 0.0041945428 9.353504e-06 0.0012467948 1.1859204e-05 0.00019361485 0.00026920962 0.0010011826 3.398503e-06 0.0017844657 0.000553378 0.00018678287 0.00011573968 0.0010360166 2.6804498e-06 0.00019086013 0.030727848 3.716494e-05 0.00054333283 6.059819e-05 5.237648e-07 4.6761403e-07 0.0029589739 0.0014103764 1.3530396e-06 0.00011768695 0.0018948208 1.1688546e-05 0.00053459284 1.4367808e-07 2.9610837e-07 7.7119424e-08 0.00062582036 9.7495715e-08 1.02712365e-05 0.0013462264 2.2954024e-05 0.00014395754 1.4859461e-07 6.6478028e-09 0.02530649
0.72749066 0.17130804 2.382293e-14 0.043237876 0.9702257 0.023661936 0.017125972 0.97870195 0.57229567 0.0046801474 0.002292505 0.0012188883 0.9365119 0.00039597315 0.0011062812 0.08225854 0.0076756603 1.6270003e-06 0.008418403 0.004939531 0.35546854 6.2115214e-05 0.00019090765 0.04946593 0.06898589 0.0026084902 4.771217e-05 0.00476509 0.2990395 0.013130487 0.0035942674 0.1825576 0.00043263714 0.0028599456 0.0028932244 2.0994786e-07 0.42230338 4.3856426e-06 3.4004386e-06 0.006384162 0.00083372 0.00085493707 0.66532487 0.003063223 8.358647e-06 0.37025464 0.00507276 1.4911496e-06 0.0026824907 0.00015249995 5.0075005e-06 1.5091067e-06 5.011504e-06 5.397002e-09 0.00011072325 1.560537e-06 0.017533874 0.0077460455 7.483498e-07 0.13761263 7.5782527e-06 1.4118088e-07 0.0003171671 0.024309115 3.43057e-05 0.0013826765 2.1297204e-08 1.2382877e-08 6.914402e-05 5.988657e-08 0.004837914 0.0069580805 0.00030906417 2.519278e-07 1.5255899e-06 0.0014468385 0.07937859 0.0012498475 0.006835151 0.00036220998 4.3753883e-07 8.384978e-06 0.005962631 2.531805e-07 8.842208e-08 1.385743e-08 2.3545155e-07 1.8046885e-06 0.0038888492 1.6281139e-09 9.1687633e-07 1.1622752e-05 0.007968191 9.089839e-11 1.7102822e-09 0.0037955989 6.586486e-06 5.905578e-05 3.04438e-06 3.1706303e-08 0.02531247
0.9807732 0.94113743 0.043237876 6.5723177e-10 0.44793102 0.8587851 0.7222016 0.39141974 0.061501637 0.9517041 0.5383414 0.5227362 0.39775407 0.8787096 0.78366303 0.0028677196 1.570655e-05 0.22924852 0.69443506 0.47281674 0.042893592 0.50456935 0.33401048 0.0061662607 0.006269371 0.00061230146 0.2925304 0.0027724989 0.0026064909 0.0004328216 0.00053008035 0.002547484 0.010799098 1.3402921e-06 0.0034627558 0.35937214 0.11971577 0.31181648 0.18929896 0.0007505058 3.1865434e-07 0.009866323 0.2345109 3.1002255e-05 0.021695107 0.04172306 0.00020828492 3.37465e-07 0.00030442496 5.046898e-07 4.142653e-07 1.7130085e-05 0.002135005 0.15492192 0.0023013975 0.01902263 0.004699632 0.0010383569 0.06307405 0.029501665 2.5233996e-07 0.02913667 4.4921353e-07 0.000672378 1.3979769e-05 0.00027039705 0.001691165 0.0058290274 1.357434e-06 0.008279565 0.0004930671 2.64142e-05 0.00010432731 0.0044797976 9.059495e-06 1.813179e-05 0.015943678 3.0217805e-06 0.00021150382 3.8057003e-06 5.7277343e-06 8.4455365e-08 0.0016179841 0.013728092 2.2725188e-05 0.0011304914 0.040010467 2.2335282e-05 4.5306937e-05 1.0941586e-06 3.4442067e-07 2.9329843e-09 0.00039268302 3.987119e-06 5.4169224e-05 0.00069799955 1.4892163e-05 0.00013477314 2.5313776e-07 7.4557693e-10 0.010474559
0.90932125 0.5222763 0.9702257 0.44793102 4.577533e-15 0.14253856 0.10287628 0.90695816 0.12780647 0.1358552 0.06137581 0.019676065 0.9397929 0.030767519 0.11057564 0.32422483 0.0030828041 2.4749279e-05 0.7569925 0.5297276 0.04644105 0.0027141862 0.00342097 0.79243803 0.69499916 0.09423128 0.001352398 0.11653572 0.33106956 0.01223498 0.13013686 0.7970174 0.21433558 0.00022786051 0.14662434 3.279278e-05 0.72475004 0.0003662729 0.0008078738 0.11143517 4.7054422e-05 0.057228964 0.44198713 0.0049231746 0.0028864518 0.36207905 0.015359075 2.8748116e-06 0.008721139 3.151925e-05 3.838582e-06 2.0985929e-06 4.5298666e-06 2.873008e-06 0.01760983 0.0048665972 0.17798947 0.086571746 4.7200036e-05 0.3383661 5.861697e-06 3.8867647e-06 9.385881e-05 0.11087641 0.003166607 0.023677684 0.00011842134 2.597079e-08 1.3792925e-05 0.000111351 0.038674615 0.0030198577 0.004914899 0.00029610036 0.00020088283 0.0003544932 0.06293236 0.00020548214 0.02251781 0.0001315605 3.0180063e-05 2.3031404e-05 0.025253475 0.00010232116 3.7323473e-06 8.705537e-08 4.01304e-06 0.0021038642 0.0010335406 1.1622569e-08 0.0001552274 5.635631e-07 0.012511854 2.968892e-10 2.651864e-09 0.03117209 0.00034235432 0.0039009596 0.00012801237 3.6041087e-10 0.035536323
0.9665277 0.9383854 0.023661936 0.8587851 0.14253856 2.9680428e-10 0.9179331 0.35079116 0.24556099 0.6352083 0.86945945 0.7683307 0.35652518 0.7621837 0.40750462 0.0075785825 0.0009237332 0.54632413 0.27317542 0.21992792 0.10665994 0.2282688 0.7108673 0.0037122504 0.0026360198 0.0003469954 0.12597357 0.01628177 0.0050931363 0.0007403924 0.00034285555 0.0014584942 0.0040898826 1.3180934e-05 0.0016725372 0.2589639 0.082225285 0.5802567 0.22337487 0.000640394 3.4476395e-06 0.0053121652 0.3684595 0.00011676675 0.004392537 0.058520053 0.00024468443 2.6645002e-06 0.00045647242 5.024358e-06 3.0664348e-06 0.00014687738 0.014573507 0.07995188 0.001906703 0.0037467468 0.001091828 0.0002862269 0.10401027 0.02833504 1.857974e-06 0.020327779 2.1238166e-06 0.0005313312 1.9781105e-06 9.233637e-05 0.00046703182 0.0038530421 4.5391553e-06 0.0031016497 0.00013942017 5.1278366e-05 3.871588e-05 0.0018666135 1.6543565e-06 2.4605719e-05 0.016955253 8.689571e-06 0.00021491057 7.0068268e-06 1.3134011e-06 1.2634631e-07 0.0006142397 0.004889453 2.9384148e-06 0.0008259029 0.014133515 9.671315e-07 9.141139e-05 1.293846e-07 3.3629988e-08 4.344884e-09 0.00034574038 3.7190127e-06 6.20698e-05 0.00046223565 6.18588e-06 4.3779517e-05 6.2142135e-08 2.1140407e-09 0.01656875
0.9480166 0.8814303 0.017125972 0.7222016 0.10287628 0.9179331 1.0019355e-12 0.3565418 0.43942466 0.4530729 0.958843 0.88709205 0.29843837 0.7270205 0.19464709 0.02732535 0.015201584 0.72168314 0.16723613 0.14635135 0.15362929 0.071237996 0.8493133 0.0013933975 0.001006123 0.0004394554 0.058354292 0.11787321 0.012461833 0.0004965167 3.650618e-05 0.00068914826 0.0006140159 3.290732e-05 0.0016375671 0.17161684 0.06978049 0.62573606 0.21517323 9.548209e-05 3.6534266e-06 0.001499585 0.3752466 6.684103e-05 0.001148136 0.07469093 5.915166e-05 5.3454078e-06 0.00021457468 2.4615306e-06 2.7564104e-06 0.00016107435 0.046903387 0.050844707 0.00044158916 0.00069528096 0.0005951457 0.000117925905 0.06565571 0.022842627 3.2490127e-06 0.01277003 2.4061264e-06 0.000155611 1.574687e-06 7.516346e-06 9.9286895e-05 0.00091571244 4.159333e-06 0.0015176712 4.1109248e-05 5.0270923e-05 9.024503e-06 0.0003337904 2.2648705e-07 1.4421389e-05 0.022411099 5.174138e-06 6.995493e-05 5.936236e-06 1.698665e-07 2.2636438e-07 0.00032364606 0.0017711929 3.3290345e-08 0.0004069511 0.0033645537 1.4653766e-08 0.00012212661 2.8544653e-09 4.2507327e-09 8.706828e-09 0.00012775052 8.596614e-07 1.8286864e-05 0.00034449247 1.2102918e-06 6.286206e-06 7.4328272e-09 1.8644322e-09 0.017302599
0.97068256 0.6455266 0.97870195 0.39141974 0.90695816 0.35079116 0.3565418 2.082561e-12 0.58983874 0.14422451 0.14356053 0.28116176 0.97815174 0.086364105 0.08976093 0.08381899 0.0024140356 0.01985235 0.17913176 0.10418974 0.19690225 0.019566156 0.022499934 0.009881889 0.039469246 0.00037446996 0.0098989615 0.058021247 0.26566455 0.03531462 0.008754384 0.19996005 0.051997148 2.1550646e-05 0.002274826 0.0009772029 0.46679267 0.013988612 0.0038950662 0.0010115175 9.501551e-06 0.0134462975 0.4562792 0.0031562855 0.00012525165 0.410133 0.01940618 1.7865336e-06 0.0071217003 2.9003972e-06 1.3175222e-06 5.8976284e-06 8.1359445e-05 2.1327032e-05 0.0022013818 0.0001024947 0.005110864 0.000418759 0.0003079538 0.20574783 3.5448911e-06 0.0001076766 6.661254e-06 0.030548029 3.859305e-05 0.000898171 3.9086663e-06 1.4366192e-07 2.2278802e-05 6.7704327e-06 0.0005226963 0.00038132895 0.0015663471 6.658082e-05 2.3217278e-06 8.988354e-05 0.15856822 4.816757e-05 0.01823918 1.5522763e-05 4.2419526e-07 5.751137e-07 0.0046626683 2.1829605e-05 1.1337097e-07 1.05253e-08 9.5330826e-08 5.8021615e-05 0.004120612 1.44717776e-08 2.4647722e-08 1.9029244e-07 0.00965043 1.573539e-11 1.3835001e-09 0.018134039 6.220597e-07 0.0006862894 6.301031e-08 4.447895e-09 0.13452306
0.9765812 0.37916672 0.57229567 0.061501637 0.12780647 0.24556099 0.43942466 0.58983874 2.3103743e-12 0.009500266 0.55775994 0.7335839 0.4482662 0.03402259 0.0018038088 0.934352 0.80139506 0.7864669 0.03276527 0.0007681083 0.9588475 0.00049001706 0.2642912 0.00033510863 0.0008698268 3.887506e-06 0.00012321577 0.9002746 0.52528965 0.1537445 0.00028995043 0.01012125 0.0009816748 0.23515433 8.962231e-05 0.00030360822 0.015064978 0.1799391 0.005611166 9.947968e-05 0.03366409 0.0008929258 0.27369386 0.05515281 6.230423e-07 0.271684 0.006290969 0.058397647 0.086523265 0.012122118 0.00397309 0.024555566 0.08174958 4.122107e-06 0.00011287994 5.6852427e-06 0.00020835269 2.0903784e-05 0.0003496169 0.03192491 0.0013219934 3.6382204e-05 0.0006948537 0.009519398 3.7062716e-07 7.8872305e-05 4.049223e-06 4.813249e-07 0.0016730629 1.03243965e-05 5.56854e-05 0.027861781 7.83979e-05 1.857437e-06 2.7834773e-07 0.0062247072 0.23539163 0.0060174516 0.012610028 0.0013237384 3.138215e-07 0.00012408472 0.00096919475 3.9355612e-07 3.5169975e-07 6.527958e-07 1.3222145e-08 3.0713824e-07 0.039820243 1.3742203e-07 4.07499e-09 3.811859e-05 0.017410064 2.9100305e-10 4.0137875e-09 0.0035028171 1.3977474e-07 3.2930424e-05 1.2017354e-07 5.6247467e-07 0.116873845
0.9734127 0.6816762 0.0046801474 0.9517041 0.1358552 0.6352083 0.4530729 0.14422451 0.009500266 7.556875e-10 0.06509736 0.2710383 0.18369415 0.9232872 0.95046365 0.0007363255 1.021854e-06 0.023546105 0.817285 0.6962612 0.0050483956 0.65007406 0.15966539 0.007729807 0.0051437085 0.0010084804 0.5169238 0.0003664228 0.0008387474 7.657911e-05 0.0003584202 0.00095889135 0.005415706 2.083339e-07 0.0044563515 0.65221196 0.06973835 0.18910967 0.3054103 0.0005262912 6.6678446e-08 0.013720788 0.071441114 2.8981717e-06 0.0626355 0.018173521 2.621797e-05 1.697907e-07 2.5109213e-05 1.0397381e-08 2.1396877e-08 9.781138e-07 0.0006583962 0.547495 0.0020610185 0.07550601 0.0054282816 0.0019304937 0.18015617 0.021369506 7.4574544e-08 0.13006611 1.3912017e-07 0.0004893954 1.1506234e-05 4.3480388e-05 0.00767394 0.03478264 2.748015e-07 0.029174242 0.0007446724 7.0366727e-06 2.1337532e-05 0.0264111 4.965652e-06 3.2335788e-06 0.005926928 7.066184e-07 9.469461e-05 8.27705e-07 7.330392e-06 2.148722e-08 0.001520848 0.08276423 2.2603044e-05 0.0050736987 0.19001967 3.3875208e-06 1.066394e-05 7.961104e-06 3.6210787e-07 5.7311983e-10 0.000119360826 3.087971e-05 0.00036521483 0.00048598603 2.3530936e-06 5.3880183e-05 1.5634335e-07 3.9177264e-10 0.004843874
0.060236886 0.8081384 0.002292505 0.5383414 0.06137581 0.86945945 0.958843 0.14356053 0.55775994 0.06509736 1.9553512e-16 0.98099756 0.039142825 0.42314142 0.0055535208 0.40422758 0.028055642 0.44891173 0.10528528 0.0089401435 0.012866314 0.0022207126 0.8884801 6.4408945e-05 9.71429e-05 0.00018507533 0.0007324204 0.34355855 0.0016852588 2.5202395e-05 9.780462e-06 0.00010994891 5.1744637e-06 0.002081537 0.0005217182 6.5334076e-05 0.00090724294 0.08422962 0.016483989 1.8999886e-05 0.00043673516 9.8331075e-06 0.006862191 0.00019179657 3.080557e-06 0.004388894 2.652159e-06 4.2505017e-05 6.812036e-05 2.2441172e-06 3.6203107e-06 0.00020074856 0.010610171 6.4958165e-08 2.325096e-06 1.3665405e-06 4.2897136e-05 3.0974355e-05 0.00016210949 0.0003962765 1.0651229e-06 4.2659087e-07 7.469391e-06 3.1714105e-06 4.1253261e-07 1.6284827e-06 1.4700854e-08 1.0683766e-09 4.527493e-07 7.060091e-08 1.2541378e-05 0.0004750348 1.8696359e-06 2.9124558e-07 3.4988272e-08 5.938923e-05 0.0010870985 2.6914016e-05 3.932984e-05 5.1093775e-06 6.7148584e-09 9.4751783e-07 2.040164e-05 1.7389624e-07 1.0634956e-08 6.672641e-08 1.4117914e-07 4.3331405e-09 8.0976744e-05 2.8410897e-11 4.438835e-09 1.1143533e-06 7.099323e-05 3.048521e-11 7.6910905e-10 8.61573e-05 4.5847052e-08 3.122977e-07 1.5625712e-08 1.0501392e-09 0.0021159563
0.9324979 0.7214969 0.0012188883 0.5227362 0.019676065 0.7683307 0.88709205 0.28116176 0.7335839 0.2710383 0.98099756 9.999684e-18 0.25242326 0.45326877 0.07024641 0.26235762 0.063840754 0.8894999 0.043668386 0.006274013 0.27292392 0.0062447744 0.92353976 3.3344695e-05 7.1377985e-06 9.340097e-06 0.0038531122 0.60750914 0.011183895 9.385148e-05 6.5736504e-07 4.122247e-05 2.0659036e-06 0.0035238217 7.2385124e-06 0.009409615 0.014773575 0.74156195 0.115332775 1.2573984e-06 0.00028060432 5.754574e-06 0.29202697 5.9007198e-05 3.0664012e-07 0.10024171 1.8978272e-06 0.0010362256 7.3517e-05 3.1250936e-06 3.2605643e-05 0.0027080635 0.14786233 0.0009280528 1.2556272e-06 1.7401746e-06 0.00028905369 6.0438666e-05 0.03797028 0.016937727 5.2726627e-06 0.0017454708 4.2856165e-05 8.29526e-06 2.121203e-08 6.5971165e-08 4.3255852e-07 9.900366e-06 1.4312674e-06 1.4444201e-06 1.3953848e-05 0.0025761959 3.4696777e-07 2.6627844e-05 7.823694e-09 0.00020281413 0.044764645 0.00017607796 2.7815193e-05 4.3469114e-05 6.635948e-08 5.8022e-07 0.00017028036 3.974693e-06 1.9635516e-08 0.0005138531 1.153283e-05 1.0936979e-09 0.001198915 6.4154952e-09 8.565164e-11 7.406367e-08 6.12488e-05 4.1431116e-07 6.7941774e-06 0.00024354925 2.5813364e-07 6.353031e-08 5.704316e-10 2.9781606e-09 0.08785541
0.98174113 0.6446086 0.9365119 0.39775407 0.9397929 0.35652518 0.29843837 0.97815174 0.4482662 0.18369415 0.039142825 0.25242326 1.0392908e-10 0.09463134 0.13657211 0.053990137 0.003177634 0.009307278 0.10275159 0.2546031 0.2111183 0.024734862 0.008214463 0.05740875 0.2231293 0.006651453 0.012035677 0.029611412 0.32267195 0.038647432 0.039495397 0.4291546 0.12958226 2.5003428e-05 0.037053984 0.0010417496 0.70749336 0.0036474343 0.0022592228 0.0059742 6.9545204e-06 0.04593287 0.6517418 0.0024292883 0.003699266 0.55475116 0.056582082 3.304807e-06 0.010658129 1.279325e-05 3.6754325e-06 5.361925e-06 8.520617e-05 1.9319881e-05 0.008369799 0.0004272004 0.030608138 0.0015929658 6.225814e-05 0.42277905 4.75449e-06 1.3127293e-05 7.86545e-06 0.077442326 0.0005118727 0.0060654357 7.3540236e-06 9.7834935e-08 4.325045e-05 5.93247e-05 0.003204087 0.00030990562 0.0054268064 0.00020274374 3.029382e-05 4.3027634e-05 0.19198103 2.7108194e-05 0.0373242 1.0781558e-05 7.652228e-06 4.105211e-06 0.015159297 0.00010106303 1.1419343e-06 1.1833619e-08 1.6940858e-06 0.00070026016 0.004211882 3.3472935e-07 5.0516533e-06 3.561378e-07 0.015981555 8.663715e-11 1.3104439e-09 0.033387087 2.983699e-05 0.0033032412 1.1691924e-05 1.4071787e-08 0.17299491
0.945557 0.6747827 0.00039597315 0.8787096 0.030767519 0.7621837 0.7270205 0.086364105 0.03402259 0.9232872 0.42314142 0.45326877 0.09463134 1.4981889e-11 0.69595903 0.0018722464 3.0229434e-05 0.2566355 0.5027012 0.3160755 0.0042028558 0.71315825 0.84338415 0.0014193222 0.000851118 0.0005334645 0.4501717 0.0015316991 0.00048749283 7.4526984e-06 1.6409931e-05 0.00019367578 0.00011865262 1.0924622e-06 0.0020615833 0.8903354 0.02354337 0.81395596 0.78765327 3.7500213e-05 4.0653677e-07 0.0030095864 0.029245542 1.497387e-06 0.00086940674 0.01416441 3.45323e-06 2.0203932e-07 1.2693823e-05 3.9695536e-09 2.9705603e-08 5.9056225e-07 0.016975202 0.64733684 0.00029750317 0.0011724888 0.0009922354 0.00020514068 0.4424704 0.0065679452 1.1776636e-07 0.24598876 1.719257e-07 8.1315775e-05 1.5064437e-06 3.1377465e-06 0.00028098485 0.052220304 8.5070205e-08 0.007154488 7.315074e-05 1.2372408e-06 1.9091456e-06 0.010483768 1.369602e-07 2.3997546e-07 0.0033774273 5.918006e-08 1.8846024e-05 4.001338e-08 5.3026184e-07 5.9165508e-08 0.00033393275 0.05483795 1.5766096e-07 0.041425403 0.082380734 6.94961e-09 6.846394e-06 1.2683066e-07 2.2453694e-08 4.8732446e-10 1.823596e-05 0.00021076022 0.0010224127 0.00018622066 5.507533e-07 3.5323592e-07 3.1307998e-08 5.6837135e-10 0.00609654
0.9734328 0.39309546 0.0011062812 0.78366303 0.11057564 0.40750462 0.19464709 0.08976093 0.0018038088 0.95046365 0.0055535208 0.07024641 0.13657211 0.69595903 1.0019208e-11 0.0014463178 1.1593526e-05 0.0014566053 0.93717754 0.9319462 0.0007891873 0.62874144 0.0355385 0.016565733 0.010983841 0.008841122 0.6340358 3.0737036e-05 0.00069352036 1.1835816e-05 0.00032918475 0.00076470844 0.007942509 1.2454976e-07 0.039880715 0.6059511 0.073686145 0.026324037 0.16272013 0.0008723111 8.0043435e-08 0.04587961 0.027052464 1.890223e-06 0.37054136 0.0060949563 2.9641592e-06 1.4142965e-07 2.0960855e-05 2.1122279e-08 2.0172097e-08 5.7147844e-07 0.0003531979 0.71920204 0.0052895932 0.27764827 0.012385342 0.0049172197 0.047518957 0.019818168 1.2817671e-07 0.1277045 9.310828e-08 0.0004181983 7.818428e-05 6.683045e-05 0.05105211 0.05324125 2.1287305e-07 0.14750876 0.0015382265 1.6254775e-06 1.926803e-05 0.18073083 3.099974e-05 1.3356691e-06 0.0054303915 8.162402e-08 6.3410494e-05 3.3222994e-07 3.323196e-05 6.1016614e-08 0.0034075563 0.28489202 0.00015725981 0.0010625145 0.31778023 1.0318481e-05 3.044794e-05 6.967164e-05 4.7034296e-06 1.0746965e-08 3.596832e-05 1.2892911e-05 0.00056572404 0.0006357759 3.604187e-05 2.285274e-05 2.37187e-06 2.697095e-09 0.010184709
0.13170177 0.020487694 0.08225854 0.0028677196 0.32422483 0.0075785825 0.02732535 0.08381899 0.934352 0.0007363255 0.40422758 0.26235762 0.053990137 0.0018722464 0.0014463178 4.3179895e-18 0.99647844 0.41558367 0.01323219 0.0020313973 0.18122339 0.00014320115 0.16560882 0.0004055985 0.0011449256 0.00013476607 8.284133e-05 0.89708817 0.28338093 0.05661762 0.00023468432 0.006492668 1.3513459e-05 0.75714815 0.0010225833 6.6326425e-07 0.0030361963 0.0031373652 6.0418843e-05 0.0006200815 0.2593023 3.0140256e-05 0.009380527 0.1729972 8.41662e-07 0.017991975 0.0033969753 0.062436253 0.08509316 0.3223947 0.13471012 0.0065408605 0.008398612 9.775052e-10 2.5312014e-05 8.5102783e-07 0.0001810676 9.75834e-05 1.5065464e-05 0.0021295217 0.047425557 4.805921e-08 0.02374456 0.00082646863 8.542109e-06 4.585722e-05 2.2838282e-08 1.5154913e-10 0.04397441 6.02254e-08 7.6398865e-05 0.018482674 1.0373329e-05 7.462975e-08 1.5783486e-07 0.00843542 0.009113195 0.00850533 0.0036371644 0.003762448 9.3850886e-08 0.0018001766 0.00044004424 1.9140798e-07 1.6593567e-07 3.874088e-09 5.060788e-07 1.11023176e-07 0.013466143 1.07333115e-10 7.313926e-08 0.0026828873 0.018908685 5.5956273e-10 3.722951e-10 0.002160826 1.5966835e-06 1.2955611e-05 6.280792e-07 9.972028e-05 0.006444971
0.9602819 0.0012702828 0.0076756603 1.570655e-05 0.0030828041 0.0009237332 0.015201584 0.0024140356 0.80139506 1.021854e-06 0.028055642 0.063840754 0.003177634 3.0229434e-05 1.1593526e-05 0.99647844 1.8568433e-14 0.24785198 0.00044187985 5.8945693e-06 0.5336415 1.2364753e-06 0.026812939 6.151922e-06 2.3877387e-06 2.7123653e-07 6.0774704e-07 0.94268453 0.10862058 0.026477413 3.6152508e-07 0.00038947223 2.9605346e-06 0.81300324 3.4613822e-07 4.0895935e-07 0.00017404833 0.0048764213 8.245319e-06 1.3738686e-06 0.35680357 1.7609591e-06 0.010655832 0.0469969 7.416163e-08 0.031385355 0.00012596765 0.21532395 0.028347561 0.129894 0.17341812 0.09957029 0.014213353 1.814119e-08 6.759062e-07 3.970493e-07 1.0253249e-05 5.0289526e-07 1.6804881e-05 0.0030549786 0.028313559 8.875003e-08 0.025161888 0.00014307558 1.1895801e-07 1.1361905e-07 1.011186e-07 5.6037797e-09 0.0038680413 7.956837e-08 5.777435e-07 0.13109082 3.001629e-08 6.898452e-08 3.2714325e-08 0.06546798 0.10314994 0.04862851 0.0006182198 0.016161043 1.05991536e-08 0.00032073323 8.51418e-06 4.0599105e-08 2.6097265e-08 7.1383425e-08 9.613676e-09 1.5004353e-07 0.10413886 3.3749945e-09 3.7334758e-10 0.00016019166 0.006953676 2.4337865e-11 1.4844064e-09 0.000104498686 7.8154983e-07 1.2759954e-06 8.743523e-09 6.222947e-07 0.050083905
0.78561324 0.40011156 1.6270003e-06 0.22924852 2.4749279e-05 0.54632413 0.72168314 0.01985235 0.7864669 0.023546105 0.44891173 0.8894999 0.009307278 0.2566355 0.0014566053 0.41558367 0.24785198 4.613452e-15 0.0017896536 9.5742056e-05 0.2564699 0.00240745 0.92448527 3.057779e-08 1.1090888e-07 3.5056556e-07 0.00015292082 0.86918044 0.0007931424 3.9115375e-06 1.3872769e-08 2.4945443e-08 5.1901865e-09 0.017866993 1.6256913e-06 0.0057700635 8.5473774e-05 0.86649024 0.11393073 6.3007515e-09 0.0016059174 4.1542783e-08 0.10402726 9.180493e-06 2.5464453e-07 0.058865953 1.8045708e-07 0.31817478 2.6459593e-06 2.7258407e-06 0.0047246567 0.015435955 0.98936105 5.4923283e-05 9.520326e-08 1.8610294e-06 2.0410776e-06 5.9798765e-07 0.13891988 0.00809028 8.5206906e-05 0.0031868415 7.014794e-05 6.8519857e-06 4.0251552e-10 1.7043676e-10 7.7625465e-08 2.4745124e-05 3.53884e-07 7.607195e-08 3.4345274e-07 0.01819945 4.0481476e-09 2.3904192e-07 2.1357682e-09 0.0025801272 0.10131966 0.0022328843 6.591268e-06 0.0004535942 1.6296782e-07 6.148597e-06 2.483417e-06 1.1343013e-05 4.7645554e-07 0.00073855463 5.1715506e-05 6.003218e-11 0.0032692752 2.037153e-08 1.0107039e-11 2.269962e-06 9.73357e-05 5.2566816e-06 5.5186774e-06 1.1072088e-05 1.8689155e-08 1.1253506e-09 1.0198892e-10 2.3646765e-08 0.17491412
0.23965731 0.28719184 0.008418403 0.69443506 0.7569925 0.27317542 0.16723613 0.17913176 0.03276527 0.817285 0.10528528 0.043668386 0.10275159 0.5027012 0.93717754 0.01323219 0.00044187985 0.0017896536 2.595006e-18 0.9799963 0.0051522977 0.59273607 0.090665124 0.51851493 0.185789 0.048607077 0.7717767 0.00034542134 0.0008603487 1.1970903e-05 0.006203488 0.027755104 0.35250297 8.925418e-05 0.18657607 0.09120331 0.021246355 0.001714725 0.022705492 0.01996515 2.1605042e-06 0.33252504 0.0068995384 3.0714033e-05 0.20470928 0.005904624 8.138151e-06 5.1352533e-08 2.8570095e-05 1.0187802e-08 1.3592171e-07 1.200481e-07 0.00039174588 0.016135234 0.16436663 0.10324809 0.0094159115 0.008766018 0.00051437726 0.004139656 5.898961e-08 0.0001058026 1.0180411e-06 0.00032317048 0.0030115475 0.001708712 0.019853806 6.131361e-07 5.7142632e-08 0.03094147 0.0029280225 0.00046470974 0.00019551395 0.27902302 0.00027530474 2.0075575e-05 0.0006465857 1.8313289e-05 0.00015655442 2.7021167e-06 2.9587638e-05 9.8972706e-08 0.0029038182 0.019697249 0.00017277377 7.8846875e-07 0.0054388703 0.00053359626 9.5434116e-05 7.8864997e-07 0.0001967764 5.6405426e-08 0.0003846063 3.2143838e-10 4.295315e-08 0.0016620697 0.0024231914 0.00044587805 0.00014584867 2.8643558e-11 0.0050854823
0.9593171 0.16409236 0.004939531 0.47281674 0.5297276 0.21992792 0.14635135 0.10418974 0.0007681083 0.6962612 0.0089401435 0.006274013 0.2546031 0.3160755 0.9319462 0.0020313973 5.8945693e-06 9.5742056e-05 0.9799963 1.3287643e-13 0.0036026512 0.25020355 0.006960543 0.5247692 0.22456877 0.2834887 0.5163516 4.6426848e-07 0.00269388 7.7328485e-05 0.013675289 0.05257363 0.5813353 1.1288753e-07 0.51341605 0.13370527 0.22914177 0.004721636 0.00999753 0.07836408 1.8032969e-08 0.6710769 0.037499286 7.9196025e-07 0.6933663 0.029358435 2.5686113e-05 4.838167e-08 0.00010397401 2.8017135e-08 5.6236015e-08 1.7013352e-07 6.294626e-05 0.39014363 0.4621761 0.6830907 0.15435037 0.17863005 0.0012048534 0.09252797 3.8055235e-09 0.019264953 1.0415801e-08 0.007550012 0.023753753 0.00955338 0.39119866 0.006356959 1.1154298e-07 0.4255829 0.07678192 3.0733795e-06 0.00031839416 0.43499264 0.008972336 1.06432616e-07 0.030259464 1.9921842e-08 0.00028009954 1.5731342e-07 0.01004752 2.021138e-08 0.06979953 0.3193773 0.0066408427 0.00014128657 0.123851836 0.011433555 2.5396765e-05 0.0014265117 0.0035742694 1.2301778e-08 9.530279e-05 1.1183499e-06 0.0002979728 0.0065274443 0.01732683 0.0024226774 0.004499854 1.3809408e-08 0.020639502
0.99418485 0.13715741 0.35546854 0.042893592 0.04644105 0.10665994 0.15362929 0.19690225 0.9588475 0.0050483956 0.012866314 0.27292392 0.2111183 0.0042028558 0.0007891873 0.18122339 0.5336415 0.2564699 0.0051522977 0.0036026512 1.6906049e-13 7.140103e-05 0.0067541176 0.0005871183 0.0021402126 2.3691224e-05 1.5873213e-05 0.14942804 0.91393685 0.95827526 0.002405022 0.05111898 0.002561465 0.14625688 0.00061565184 5.0280105e-06 0.060498644 0.0011455858 6.40693e-05 0.00017839781 0.014149349 0.00042220743 0.37048787 0.085803814 1.6403157e-05 0.59289974 0.18891732 0.0036529077 0.5759048 0.015127979 0.0033627541 0.0021578462 0.0016492511 4.1609674e-06 0.00033549845 6.3187526e-06 0.00023482087 5.7765486e-05 1.2960147e-05 0.074174166 0.0030458106 1.99151e-06 0.001873007 0.021326622 1.1732648e-05 0.00014407485 5.967036e-07 2.0354713e-08 0.0010336426 3.1980835e-06 6.570373e-05 0.0496529 0.0016995751 4.267144e-06 2.2100238e-07 0.0030419393 0.42640597 0.0058514737 0.06378375 0.0017664889 2.3556092e-07 0.00020408537 0.0020468878 8.985565e-06 4.138272e-08 9.764307e-07 2.399512e-07 0.0001773182 0.116753705 2.0959984e-08 5.0529582e-08 1.6616385e-05 0.059565827 8.9674584e-10 8.715236e-09 0.014265635 4.045267e-06 0.0002791137 1.6497518e-07 1.3787019e-07 0.23435435
0.940777 0.11278174 6.2115214e-05 0.50456935 0.0027141862 0.2282688 0.071237996 0.019566156 0.00049001706 0.65007406 0.0022207126 0.0062447744 0.024734862 0.71315825 0.62874144 0.00014320115 1.2364753e-06 0.00240745 0.59273607 0.25020355 7.140103e-05 8.8093005e-11 0.10064436 0.0005909815 0.00035117829 0.00038652887 0.9695694 7.728863e-06 5.5996457e-05 3.6810663e-06 4.6626436e-05 1.8138242e-05 0.00012162926 4.6207538e-07 0.001312148 0.9475832 0.0033519194 0.09749136 0.39163867 5.4461423e-05 2.314767e-07 0.0021758212 0.002089916 8.6580906e-07 0.010989678 0.0014686134 5.8702193e-07 4.484529e-07 1.7684972e-06 1.0927101e-08 1.608285e-07 5.978522e-08 0.000763013 0.8811255 0.00031810103 0.0056409705 0.00059082004 0.0002731115 0.2162419 0.0031053121 3.2156302e-07 0.45840943 1.9370339e-07 1.9198624e-05 7.51326e-07 2.1928015e-06 0.00089277973 0.15053663 9.153723e-08 0.013566835 6.928501e-05 5.929783e-07 1.0898544e-06 0.043695398 1.0389778e-06 4.602568e-07 0.0022184572 6.521042e-08 2.8827237e-06 2.7963443e-07 5.7911075e-06 2.8025755e-07 0.00036516084 0.260061 2.088342e-05 0.018975507 0.46303937 8.081615e-08 3.6129675e-06 6.1666724e-06 8.9683226e-08 5.5552523e-09 8.011263e-06 0.00013606911 0.002145788 5.6721234e-05 1.4430118e-06 2.2246803e-07 6.351904e-08 8.728177e-09 0.0054943063
0.09360942 0.30760607 0.00019090765 0.33401048 0.00342097 0.7108673 0.8493133 0.022499934 0.2642912 0.15966539 0.8884801 0.92353976 0.008214463 0.84338415 0.0355385 0.16560882 0.026812939 0.92448527 0.090665124 0.006960543 0.0067541176 0.10064436 2.997439e-13 2.9588566e-05 3.0139508e-05 3.1737087e-05 0.016455928 0.5462108 0.0002605969 4.4167823e-06 1.7694588e-06 1.438787e-05 1.0553937e-06 0.0047066608 0.0005377759 0.087720476 0.00016092895 0.97921884 0.8641595 3.221321e-05 0.00059606583 1.0410066e-05 0.0030427303 0.00017024885 4.4591077e-05 0.0022500698 5.423787e-07 0.0023106297 3.3590952e-06 2.6839132e-06 0.000105177765 0.0035270764 0.27703616 7.5180134e-05 1.5289115e-05 2.2823098e-05 4.8168054e-06 2.3690354e-06 0.39426792 0.00027423093 5.5925473e-05 0.00046255355 4.507258e-05 5.913028e-07 1.9826357e-06 4.6785e-07 5.180127e-06 8.608362e-07 1.2674028e-06 5.0769218e-06 2.9341007e-07 0.00034965476 5.771452e-08 0.000119652024 3.796505e-07 6.796682e-05 0.0010418524 3.003558e-05 8.8843535e-06 1.2565142e-05 1.2383923e-07 3.2411226e-05 1.1122268e-06 3.159449e-05 2.7819156e-06 9.0403395e-05 0.00019728391 6.1887317e-09 4.3939588e-05 5.4922595e-09 4.910862e-08 1.3531971e-06 5.020586e-05 1.8059128e-08 8.227237e-08 5.0287126e-05 1.2513232e-05 3.523981e-07 5.266162e-07 1.1820424e-06 0.0033097279
0.93109256 0.00342213 0.04946593 0.0061662607 0.79243803 0.0037122504 0.0013933975 0.009881889 0.00033510863 0.007729807 6.4408945e-05 3.3344695e-05 0.05740875 0.0014193222 0.016565733 0.0004055985 6.151922e-06 3.057779e-08 0.51851493 0.5247692 0.0005871183 0.0005909815 2.9588566e-05 2.2765898e-13 0.9512764 0.95565075 0.0009089764 2.0071889e-06 0.013360463 0.00087702903 0.7933383 0.63819003 0.8907229 2.3957018e-06 0.39500552 3.069512e-05 0.16806133 7.5829375e-06 9.795248e-06 0.90640426 1.0479329e-06 0.8111018 0.026423104 0.000911785 0.0664421 0.04114965 0.0044671334 3.5223966e-08 0.0036418205 9.177043e-08 1.3433842e-07 2.7090577e-08 2.2856969e-07 2.0178995e-05 0.69281393 0.06031887 0.6064272 0.65530485 2.1408485e-05 0.10766775 2.2999347e-06 7.7687455e-06 1.6376818e-05 0.07014717 0.16408044 0.19267346 0.023155114 1.3128219e-07 4.23006e-07 0.006661766 0.30521512 0.0018662442 0.034312353 0.0074191284 0.015468832 9.660706e-05 0.01913756 8.7136235e-05 0.02206983 3.2163232e-05 0.0030111468 7.246814e-06 0.10295756 0.0032558152 0.0018231214 4.7951993e-08 2.7303822e-05 0.09662079 0.0004895273 2.6864831e-05 0.012121153 2.3028892e-06 0.0085391 4.5381396e-09 6.295358e-07 0.058800705 0.007345053 0.08214769 0.004829409 1.4976188e-09 0.028701141
0.982723 0.005177125 0.06898589 0.006269371 0.69499916 0.0026360198 0.001006123 0.039469246 0.0008698268 0.0051437085 9.71429e-05 7.1377985e-06 0.2231293 0.000851118 0.010983841 0.0011449256 2.3877387e-06 1.1090888e-07 0.185789 0.22456877 0.0021402126 0.00035117829 3.0139508e-05 0.9512764 2.9360024e-12 0.85977244 0.0004919694 1.0299329e-05 0.044676244 0.0061043506 0.9358129 0.8416914 0.5442604 5.84872e-06 0.2562788 3.3953234e-05 0.6362272 1.28645515e-05 1.040814e-05 0.6026652 7.670877e-07 0.2879906 0.065000504 0.0015059059 0.015275555 0.07861008 0.026880644 9.44337e-09 0.008009473 3.3773833e-07 6.7333055e-08 1.875293e-08 9.542688e-08 1.4259854e-06 0.18853892 0.00590036 0.78570795 0.60650116 1.7409506e-05 0.33110616 3.0050924e-06 6.3048753e-07 6.538422e-06 0.15891504 0.10678355 0.2804125 0.0013722079 5.0593494e-09 2.4451052e-05 0.00050074916 0.38646838 0.0019646878 0.10855264 0.00135156 0.0046582753 9.1749826e-05 0.067150265 0.00018932483 0.04892529 4.3971657e-05 0.00041918215 3.5046446e-06 0.24478395 0.00037677767 0.00043822397 7.697729e-09 5.9652352e-06 0.048304558 0.0021796457 1.5800724e-06 0.003274666 1.7171933e-06 0.020743737 4.534164e-11 1.9035379e-07 0.115797184 0.0020072197 0.053728566 0.0031725378 2.6141104e-08 0.11399523
0.9917215 0.0007138826 0.0026084902 0.00061230146 0.09423128 0.0003469954 0.0004394554 0.00037446996 3.887506e-06 0.0010084804 0.00018507533 9.340097e-06 0.006651453 0.0005334645 0.008841122 0.00013476607 2.7123653e-07 3.5056556e-07 0.048607077 0.2834887 2.3691224e-05 0.00038652887 3.1737087e-05 0.95565075 0.85977244 3.2687103e-10 0.0009127081 7.6574906e-08 0.0004858452 0.00023060231 0.79042035 0.13584988 0.92903453 3.930807e-08 0.79012686 2.5731153e-05 0.17905068 9.2681985e-06 6.9790503e-06 0.75178874 1.6983037e-07 0.6284717 0.0018077472 3.1390605e-06 0.36229005 0.0036218136 0.0009934832 2.0985618e-07 0.00020565918 2.1511362e-09 8.547857e-09 2.1768109e-07 1.919399e-07 9.5128344e-05 0.38562933 0.12152201 0.6091016 0.665117 1.338842e-06 0.06695815 5.8692535e-08 8.583372e-06 1.0136094e-07 0.015513603 0.31681976 0.07568411 0.03590122 1.0292146e-06 9.225674e-08 0.016352294 0.4451563 4.9611217e-06 0.016311448 0.012891086 0.025966305 8.263215e-07 0.019180173 5.3282025e-07 0.004285899 7.92347e-07 0.003948696 6.855809e-08 0.25940344 0.0066544986 0.0023217404 5.2793695e-08 6.0576294e-05 0.06244273 0.00023030517 0.000104996165 0.0044697844 5.1650957e-08 0.0014273989 5.368642e-10 5.7694024e-07 0.035679635 0.003994664 0.012435382 0.00134543 5.9898078e-09 0.02582252
0.9516282 0.08713909 4.771217e-05 0.2925304 0.001352398 0.12597357 0.058354292 0.0098989615 0.00012321577 0.5169238 0.0007324204 0.0038531122 0.012035677 0.4501717 0.6340358 8.284133e-05 6.0774704e-07 0.00015292082 0.7717767 0.5163516 1.5873213e-05 0.9695694 0.016455928 0.0009089764 0.0004919694 0.0009127081 1.1156126e-11 1.7577947e-06 8.200025e-06 1.530158e-06 4.4376076e-05 8.532249e-06 0.00056231895 3.1047833e-08 0.0057660886 0.70344996 0.0025880574 0.019095078 0.18623799 6.9165384e-05 2.7875135e-08 0.0078112744 0.00080536754 3.0306393e-07 0.07652 0.0009007414 1.7619897e-07 1.834846e-07 3.8187497e-07 2.8169458e-09 6.0491566e-08 6.338011e-08 0.0003317242 0.9520733 0.0013128583 0.07698812 0.001729825 0.0012574164 0.09371583 0.0041474095 8.624389e-08 0.33185753 7.941584e-08 5.791793e-06 7.7249715e-06 1.6868713e-06 0.02999412 0.14674608 1.3768434e-08 0.12415855 0.0004974845 3.5898512e-07 1.1847023e-06 0.34927666 8.958663e-06 2.0844479e-07 0.002833384 1.8130326e-08 1.5864624e-06 1.7825147e-07 8.356953e-05 7.373198e-07 0.0012603457 0.7102633 0.00036666155 0.0154286465 0.74011046 8.1252665e-07 9.680996e-07 0.00016701757 9.3848615e-07 3.794051e-09 3.650724e-06 5.832753e-05 0.002805294 7.568449e-05 0.00012633095 1.1371884e-06 3.039392e-07 1.1900528e-08 0.0045399354
0.19233723 0.022967374 0.00476509 0.0027724989 0.11653572 0.01628177 0.11787321 0.058021247 0.9002746 0.0003664228 0.34355855 0.60750914 0.029611412 0.0015316991 3.0737036e-05 0.89708817 0.94268453 0.86918044 0.00034542134 4.6426848e-07 0.14942804 7.728863e-06 0.5462108 2.0071889e-06 1.0299329e-05 7.6574906e-08 1.7577947e-06 6.778341e-19 0.50519025 0.018722683 4.083629e-06 0.006559908 1.2757387e-06 0.9226994 1.0614455e-07 1.1734114e-07 0.0002692553 0.049313847 0.0029407302 4.777705e-05 0.7147666 4.860263e-08 0.0065253386 0.08698091 1.1992423e-08 0.010965179 0.0012930129 0.97105813 0.014681046 0.4528946 0.63036984 0.32809803 0.8761979 6.4303065e-09 1.1299105e-05 1.4507974e-09 1.0826465e-06 4.641052e-07 0.0019627179 0.00073439634 0.28112158 2.7686383e-07 0.08923552 7.744376e-05 1.5376057e-09 2.2434806e-07 1.7986952e-10 5.706949e-10 0.09402278 6.008029e-11 5.3186856e-08 0.026388679 1.5869012e-06 4.1690248e-07 9.403732e-10 0.028276298 0.008701081 0.015356247 0.0026997062 0.021119429 2.4121505e-10 0.025745802 1.0657811e-06 8.5541394e-08 1.1833772e-09 2.3440539e-06 3.0462547e-07 1.6390815e-09 0.0051100138 1.0228675e-11 3.427814e-10 0.00018751233 0.026529968 1.189017e-10 2.7864902e-10 5.084459e-05 1.9253655e-06 7.1524346e-06 3.7248422e-09 0.00092355884 0.0031849367
0.9882551 0.016704634 0.2990395 0.0026064909 0.33106956 0.0050931363 0.012461833 0.26566455 0.52528965 0.0008387474 0.0016852588 0.011183895 0.32267195 0.00048749283 0.00069352036 0.28338093 0.10862058 0.0007931424 0.0008603487 0.00269388 0.91393685 5.5996457e-05 0.0002605969 0.013360463 0.044676244 0.0004858452 8.200025e-06 0.50519025 2.4246713e-16 0.94812536 0.01668509 0.55859673 0.0012813237 0.014705777 0.002766143 1.3040453e-06 0.2799483 7.511814e-05 2.6968034e-06 0.0056241737 0.0026254775 0.0020022364 0.833063 0.28663242 1.4144033e-05 0.8523698 0.71999437 0.00025003395 0.65142816 0.020876974 0.0004741827 5.638063e-06 2.6977927e-05 5.4409423e-08 0.0006031056 1.8508303e-05 0.007438526 0.0011588144 7.974259e-07 0.24473245 0.0011485695 3.7287913e-07 0.0015991607 0.42332694 0.00032717548 0.0071625444 4.1398766e-07 9.494984e-10 0.009432499 9.3681746e-07 0.0023397123 0.038098287 0.009231886 2.392812e-07 1.5658383e-06 0.0034046345 0.4610436 0.006442741 0.53100234 0.002069524 1.4075279e-06 0.0051295715 0.0081170965 3.0796377e-06 4.2891994e-08 2.5763955e-09 1.5987755e-08 1.2588296e-06 0.1010604 1.5599715e-08 4.590437e-06 1.286124e-05 0.51995075 5.5759863e-12 1.1462483e-10 0.108814925 6.8735724e-09 0.0014441516 8.669183e-06 3.6443303e-08 0.2650505
0.9799922 0.0014427311 0.013130487 0.0004328216 0.01223498 0.0007403924 0.0004965167 0.03531462 0.1537445 7.657911e-05 2.5202395e-05 9.385148e-05 0.038647432 7.4526984e-06 1.1835816e-05 0.05661762 0.026477413 3.9115375e-06 1.1970903e-05 7.7328485e-05 0.95827526 3.6810663e-06 4.4167823e-06 0.00087702903 0.0061043506 0.00023060231 1.530158e-06 0.018722683 0.94812536 2.0935397e-17 0.0010154836 0.041899685 1.8343779e-06 0.06547069 0.00029591177 5.2009412e-08 0.030323446 8.7267665e-08 1.3716266e-07 0.0024118978 0.024891432 5.1371222e-05 0.30718058 0.2074993 3.370167e-07 0.4992627 0.53642535 1.8737655e-05 0.94561183 0.03914013 0.00011248771 1.4943882e-06 3.2093176e-06 5.446723e-09 3.713257e-06 1.0234613e-06 0.0020459811 0.0004533231 4.5106137e-08 0.08536096 0.00056472793 2.8791327e-08 0.006184367 0.070585996 1.2572598e-05 0.0035947405 1.8117882e-08 1.342959e-09 0.033956956 5.3743438e-08 0.0014752763 0.2049791 0.00037643465 1.6368197e-09 4.3576924e-06 0.041015178 0.5486219 0.04698771 0.15142758 0.007820524 7.0364405e-07 0.0011936959 0.0065145222 1.16784555e-08 7.8722714e-08 9.686152e-10 5.787364e-10 1.757886e-07 0.34664595 2.729408e-09 1.46534385e-05 0.0012385177 0.42957416 1.03202745e-10 1.3201474e-09 0.029515356 1.6816303e-08 8.623239e-06 3.129397e-06 7.3648466e-06 0.24766782
0.9646864 0.0005171531 0.0035942674 0.00053008035 0.13013686 0.00034285555 3.650618e-05 0.008754384 0.00028995043 0.0003584202 9.780462e-06 6.5736504e-07 0.039495397 1.6409931e-05 0.00032918475 0.00023468432 3.6152508e-07 1.3872769e-08 0.006203488 0.013675289 0.002405022 4.6626436e-05 1.7694588e-06 0.7933383 0.9358129 0.79042035 4.4376076e-05 4.083629e-06 0.01668509 0.0010154836 1.5513886e-14 0.8432694 0.10067933 7.820475e-06 0.050251946 1.1982387e-06 0.3242601 3.5091258e-08 3.214318e-07 0.9507684 7.529019e-07 0.035556186 0.03561742 0.00023232918 0.00079692435 0.048930667 0.0037965672 2.186034e-08 0.000721848 1.4373317e-07 3.0266327e-07 1.0504557e-09 1.7334688e-07 4.793501e-07 0.03271508 0.0003325684 0.8940696 0.90306944 3.056215e-07 0.16055658 6.1688243e-06 4.1347351e-07 4.4832573e-06 0.1489971 0.025635935 0.52855855 8.67111e-06 1.0677599e-08 1.94467e-06 4.1185785e-06 0.6531167 0.0013520111 0.15450428 4.9541386e-06 0.001261834 7.7875986e-05 0.03159081 0.00022866923 0.0425157 5.0853072e-05 0.00021235897 2.3383993e-07 0.3438073 8.3753673e-07 2.8258579e-05 1.5072762e-09 2.5066316e-07 0.0126778735 0.0016360388 5.4654765e-07 0.0034023658 3.573604e-06 0.01987451 3.8528264e-10 9.005193e-08 0.19241805 0.0027541586 0.07754781 0.00531892 5.654154e-09 0.052466426
