1.7315096e-12 0.46254572 0.11785816 0.870463 0.8276914 0.7804991 0.94110507 0.9672842 0.5247281 0.9884056 0.7637335 0.9346936 0.997357 0.564532 0.98641896 0.99697244 0.99100673 0.30615154 0.9594132 0.6733487 0.8697461 0.99836373 0.8995546 0.97503984 0.9690676 0.91254586 0.8933238 0.26469654 0.9498783 0.9803762 0.9907805 0.98484683 0.94373596 0.97438884 0.9470198 0.98491347 0.01436455 0.9939904 0.988483 0.97374207 0.95830435 0.94244623 0.91711366 0.9677028 0.918741 0.9498143 0.5717911 0.5455516 0.99829423 0.04252321 0.9047586 0.9743222 0.9488317 0.86442405 0.9666367 0.8115965 0.7284639 0.36845577 0.99772894 0.94467264 0.8757294 0.99155396 0.9941683 0.79414433 0.9173497 0.9038945 0.09594029 0.020289857 0.9978749 0.009125336 0.132928 0.7491023 0.9528523 0.52688944 0.99991 0.9969036 0.9978549 0.41003016 0.9909056 0.307418 0.8662154 0.9308227 0.8152837 0.89637417 0.9570233 0.9995688 0.67533714 0.9716414 0.86995155 0.93675447 0.9040658 0.9926719 0.99968964 0.03845415 0.9998347 0.0047871037 0.0793876 0.99658173 0.77026993 0.89180255 0.8251675
0.46254572 1.1236561e-13 0.9888791 0.9895757 0.27296582 0.23674922 0.5739019 0.02825658 0.052652556 0.30888858 0.6376237 0.0015083615 0.044585608 0.032758605 3.8397044e-05 0.13454853 7.0270195e-05 0.028018123 1.1037376e-06 3.5688872e-06 0.000102102225 1.9780415e-05 0.008563402 0.028638542 0.11722771 0.00027313342 0.0009988814 0.005159216 0.00012565509 0.00016725411 1.9342934e-08 1.8867902e-06 0.00056077953 1.2098129e-08 4.823703e-05 2.124506e-09 0.0061811334 0.0010403814 7.647533e-07 3.3739647e-07 1.40826e-09 0.0001234549 5.926795e-06 1.6375878e-09 2.796576e-09 1.2086273e-08 0.0014843832 5.3095842e-08 1.9224356e-06 0.0011085221 2.4785427e-08 5.0621995e-08 3.268673e-06 5.654565e-05 2.650077e-05 0.0055207154 0.0013758368 3.7292766e-10 5.4993908e-08 3.2503174e-06 3.6058284e-10 0.00026201084 0.002805275 1.2914342e-06 3.5906195e-10 1.1269122e-09 3.3080436e-09 0.0001623075 0.011747054 8.626057e-05 6.5998825e-07 3.2053715e-10 0.0021614297 9.142411e-09 0.0028108398 2.2497268e-10 0.0021418808 5.4076315e-07 4.0658732e-10 4.2131427e-07 3.831649e-09 3.229854e-09 4.136668e-09 9.611876e-06 1.7540015e-10 0.00014356065 8.696036e-06 0.002209155 1.9019565e-08 5.318837e-12 3.185434e-11 0.0052818153 3.4042344e-10 1.5305358e-10 0.00011610008 3.1465925e-06 2.2679244e-07 0.0021222758 1.01270346e-10 6.801391e-12 1.2030436e-11
0.11785816 0.9888791 2.221451e-15 0.65894467 0.88793063 0.92301714 0.07122509 0.26105773 0.06791359 0.47158927 0.029984925 0.004477192 0.19495536 0.00027105957 0.0004823276 0.1081486 0.0034227858 0.00021356353 2.1840495e-05 0.00010941848 0.0017368736 0.00056492724 0.0005023414 0.0013538272 0.015835091 0.00027618912 9.79189e-07 6.3316224e-07 2.0190555e-06 0.0001310166 7.8656564e-07 4.903199e-07 1.24606195e-05 5.4185807e-07 1.1606215e-05 1.4371193e-07 1.5241918e-05 0.00184204 2.332446e-05 9.092575e-08 2.095327e-08 4.775732e-07 2.0269058e-06 6.5422824e-08 1.837514e-08 2.3628943e-09 3.1689797e-08 1.0839502e-06 9.7014396e-05 1.2073002e-08 5.8675376e-09 2.0456396e-06 2.2181554e-05 2.3927607e-06 8.4572605e-07 0.00053535943 5.6006764e-05 3.786708e-08 1.3913026e-07 2.9674667e-09 1.5086108e-09 0.00028171117 0.00058296695 5.360401e-08 1.2203641e-09 4.843448e-08 2.2728157e-09 3.5060353e-08 0.002066557 2.9911817e-08 1.8633559e-08 3.666153e-11 0.0007334067 3.1302566e-08 0.00042889203 3.2765975e-08 0.00030197264 1.4225059e-09 4.706873e-09 5.472815e-07 3.4760697e-09 3.1133368e-10 1.6311974e-07 5.1626043e-06 2.5148421e-09 4.611259e-05 2.8414314e-07 0.0005271813 3.7642884e-09 2.8591159e-11 1.6005305e-11 0.00079087645 1.551081e-10 7.3920314e-11 2.669833e-05 1.1230617e-07 6.7364354e-09 0.0011842799 4.1142065e-11 2.5504744e-11 1.4196458e-10
0.870463 0.9895757 0.65894467 1.4204046e-13 0.70760727 0.60281885 0.8958427 0.03814194 0.20645724 0.62838274 0.6629828 0.005737592 0.12640794 0.060601912 0.00015431979 0.59087807 0.00030719466 0.049090553 4.092524e-05 1.3460672e-05 0.00057847745 0.00020597324 0.035067473 0.40139207 0.3878901 0.001673923 0.0039303373 0.014004283 0.0008459213 0.00083822076 2.892562e-07 1.0165107e-05 0.0038264736 7.500063e-08 0.00024091391 2.4459084e-08 0.005946319 0.016560616 1.1882106e-05 1.1963444e-06 6.4533316e-09 0.00040427622 0.00010062247 2.5039924e-08 1.3144548e-08 3.321075e-08 0.007663398 1.4853495e-07 4.653186e-05 0.002411591 6.2852585e-08 1.6177766e-05 7.516228e-05 0.0010727262 0.000291725 0.0131882345 0.004507271 1.3040783e-09 6.6463514e-07 1.5167097e-05 4.800825e-09 0.010552197 0.0098346975 1.2682915e-06 1.2859122e-08 7.564858e-08 4.5089187e-08 5.6202913e-05 0.03074505 2.8870421e-05 2.0101226e-07 2.6092473e-09 0.008726077 5.420485e-08 0.020940239 2.1170227e-07 0.015821375 1.2079038e-06 4.988879e-09 7.487114e-06 3.0577894e-09 7.3016837e-09 1.05913195e-07 5.3923264e-05 2.0040356e-09 0.00085968524 7.563398e-05 0.008785375 7.602563e-09 9.764902e-09 7.801908e-09 0.01714246 1.1755176e-08 3.7469372e-10 0.0011370394 2.1914216e-06 2.2764165e-07 0.02089885 1.6846784e-10 1.718702e-10 2.476017e-10
0.8276914 0.27296582 0.88793063 0.70760727 4.2465606e-12 0.95175743 0.10762562 0.890708 0.73277134 0.8940999 0.03327487 0.12989073 0.8069074 0.00011342436 0.4056012 0.66479003 0.31345448 8.675457e-05 0.15900515 0.7557813 0.7212634 0.107730225 0.0005918617 0.10858148 0.052472435 0.25643283 5.314232e-05 4.017892e-06 0.0001368412 0.00034416246 0.00047842093 5.744795e-05 0.008391323 0.00020903535 0.0015881861 9.57343e-05 1.2359501e-05 0.06657019 0.0026029623 1.4480711e-06 1.0250473e-05 1.7609718e-05 0.0009934843 6.054141e-05 7.909175e-06 2.9629664e-06 4.002466e-07 0.00013066921 0.007743804 1.0762992e-07 1.9625044e-05 0.0026445594 0.00054913806 0.00011924204 2.4907138e-05 5.173361e-05 1.9119489e-05 4.529203e-05 6.598039e-05 8.136091e-07 2.6615824e-06 0.011721241 0.0014630064 8.969161e-08 1.1713139e-05 1.1508999e-05 8.554989e-08 1.0506812e-07 0.008008767 7.883947e-08 8.68002e-08 2.4293659e-08 0.00075081503 1.4396468e-06 0.004170139 6.47052e-05 0.0031994444 3.9849726e-07 3.9370016e-06 2.533365e-07 2.114314e-06 2.3052798e-06 1.8371372e-06 2.1701128e-06 3.665264e-08 0.0015401912 0.00029272717 0.0018260821 1.2321153e-06 2.2284324e-07 4.91816e-06 0.002612967 1.7142472e-07 3.9972914e-10 0.0009511248 2.0243642e-07 7.7829014e-08 0.0018296654 2.6639562e-08 1.18294395e-07 3.0066184e-07
0.7804991 0.23674922 0.92301714 0.60281885 0.95175743 6.91234e-14 0.030777706 0.8174307 0.9542045 0.8174278 0.013320553 0.41890472 0.7737625 0.059089717 0.08480702 0.33749446 0.25974748 0.02237983 0.009803108 0.07978664 0.42433304 0.07208664 0.00053442 0.016383497 0.025358312 0.3331482 0.0029643262 0.0016101546 0.002174733 8.20265e-05 0.0019516196 0.00026339755 0.0064733992 0.00047844808 0.0039526727 9.704752e-05 0.0013760658 0.023388522 0.0046449555 7.6110477e-06 4.907356e-06 0.00045465943 0.00267609 2.5917943e-06 4.486129e-07 8.491285e-05 8.9757625e-05 0.0011036956 0.0045992075 1.45175e-05 8.350122e-06 8.954507e-05 3.814641e-05 7.3724636e-06 1.9989662e-05 0.0002711498 4.691332e-05 6.9116554e-06 8.677678e-06 9.786838e-07 3.0195835e-07 0.006585149 0.0016256976 3.6060192e-07 1.597848e-07 7.908564e-06 2.1091785e-06 4.074025e-06 0.0028412554 2.1637127e-06 1.9384354e-06 5.214475e-10 0.0056534354 1.3770929e-06 0.002491087 1.3026545e-06 0.0016130648 8.172158e-07 2.6673273e-08 1.3582543e-07 1.874785e-08 2.0664846e-08 2.5062036e-07 6.974546e-06 1.9765828e-08 0.00038423657 2.3184755e-06 0.0011497899 5.6941797e-08 7.944913e-09 1.9844391e-07 0.0022695062 2.6235462e-08 8.14569e-10 0.00036218044 2.4879528e-05 3.351716e-08 0.0027140954 5.4590765e-10 8.360403e-11 7.5456015e-09
0.94110507 0.5739019 0.07122509 0.8958427 0.10762562 0.030777706 2.5887617e-11 0.010277739 0.017881917 0.27775535 0.990335 0.0023934147 0.015221938 0.004909884 0.00027805447 0.49183273 0.0004994905 0.0031818885 3.3317297e-05 5.131824e-05 0.00048516478 0.00078508485 0.58827156 0.60509425 0.8077327 0.0014949044 0.00020963064 0.0003201541 3.2987882e-05 0.07502902 9.814233e-07 9.185668e-06 0.0006081011 5.8673503e-08 0.00010231627 2.2129628e-08 0.00035043355 0.10755822 0.0001335957 8.0843864e-07 6.467811e-09 7.20299e-07 0.00020117058 6.101556e-08 4.5717115e-08 2.6211552e-08 2.3137165e-05 5.0013557e-07 0.00014730409 7.81095e-06 9.2741533e-07 0.004233438 0.0023283644 0.006662366 0.0026987926 0.104025975 0.015936026 4.0811837e-08 5.784738e-06 0.0003652408 3.3864804e-08 0.07229934 0.043251988 2.4400711e-05 3.463144e-06 1.2791383e-05 5.639058e-08 0.00025084408 0.11794324 2.7847389e-05 2.2005063e-06 2.6957284e-08 0.052809592 1.9215364e-07 0.13849394 1.4232741e-05 0.08098598 2.736354e-05 2.8181027e-08 0.0002479037 3.0277207e-09 4.3766338e-08 3.0247284e-07 0.00011603731 2.2286407e-07 0.008279964 0.0005873431 0.052092806 1.8627162e-08 1.2163231e-07 7.8558355e-07 0.08461219 1.4182405e-07 5.685928e-09 0.007732583 4.3244014e-05 1.2267758e-06 0.11590472 2.6751568e-09 2.7160526e-08 1.5383831e-09
0.9672842 0.02825658 0.26105773 0.03814194 0.890708 0.8174307 0.010277739 7.471121e-12 0.69343656 0.8952056 0.0022166437 0.71150935 0.8165813 0.09041623 0.28976154 0.83886164 0.3387465 0.049401518 0.23262717 0.49647593 0.36159784 0.16694157 0.00015951281 0.09244191 0.03040994 0.39137876 0.1599213 0.052706394 0.12546542 0.00038629817 0.0005431259 0.2378544 0.346373 7.7019584e-05 0.1589599 2.0688758e-05 0.0069236434 0.29936746 0.008162739 0.04489283 1.3439411e-06 0.09295247 0.054633327 6.4263495e-06 5.59744e-07 0.0012402564 0.051313844 0.0013063913 0.049466778 0.005573888 1.6179878e-05 0.0047297142 0.00030749303 0.00027243778 2.8829234e-05 1.2047631e-06 2.429125e-06 1.8273198e-05 3.0941315e-05 0.08066342 1.760605e-06 0.032746125 0.00023281202 0.0054462776 0.00017215453 0.0004911811 0.00015185268 0.0013728393 0.0043406687 0.0012957379 0.01777364 8.213988e-08 0.0003044055 0.00015151362 0.0142768985 0.00014459889 0.0028194406 0.0028060232 8.619883e-08 6.075949e-08 2.7907216e-08 3.8227014e-08 4.2297535e-05 2.2661992e-07 1.3031212e-07 0.0044679767 8.974317e-05 0.00038915162 1.6016628e-08 7.3449196e-06 1.2566969e-06 0.0018446645 3.741767e-06 6.3688367e-07 0.004923463 1.27233725e-05 4.2627697e-05 0.002047621 2.8758574e-11 2.0762477e-11 1.2780804e-08
0.5247281 0.052652556 0.06791359 0.20645724 0.73277134 0.9542045 0.017881917 0.69343656 8.0696515e-18 0.5791747 0.00976427 0.9768489 0.6516671 0.30374625 0.31762052 0.18121094 0.3119664 0.06596826 0.16716555 0.13250953 0.7843504 0.075929135 7.8893464e-08 0.0012463896 0.00712506 0.7824857 0.070872046 0.0068440805 0.02833144 4.034231e-05 0.010986099 0.008393699 0.065992355 0.0035517563 0.078738086 0.0017689739 0.0074239485 0.013183663 0.0018237674 0.00025098908 0.00024508563 0.0060853935 0.015082853 5.7664867e-05 5.1003295e-05 7.54125e-05 0.00021752765 0.0060951887 0.0021437486 1.186598e-05 4.397837e-05 6.8794657e-06 1.1449195e-05 2.1885896e-06 1.4960288e-07 2.7185057e-05 4.2779047e-06 9.192671e-06 1.9026942e-05 0.000104034414 6.593292e-08 0.0011790831 0.00031810315 2.3526402e-06 7.662627e-06 1.1440485e-05 1.9855977e-05 4.2645643e-06 0.0023353875 2.9704838e-06 3.472492e-05 8.460599e-11 0.0013894922 1.0088618e-05 0.00086437195 1.9799364e-07 0.0003433552 1.7315778e-06 1.817065e-07 2.5752163e-09 3.9011624e-08 5.1129014e-08 5.47876e-06 9.937708e-07 2.0133506e-08 0.0003650068 7.002808e-07 0.001062438 6.0943684e-08 1.4657832e-10 2.111674e-10 0.0019716476 1.3300844e-07 2.0379749e-10 0.00033944045 1.9604673e-05 8.357351e-09 0.00144988 1.4883975e-10 1.2611884e-10 5.269777e-10
0.9884056 0.30888858 0.47158927 0.62838274 0.8940999 0.8174278 0.27775535 0.8952056 0.5791747 8.5611507e-10 0.017769698 0.64390147 0.6449281 0.3129857 0.38608468 0.90203744 0.1228063 0.19188844 0.19006237 0.034292087 0.05780648 0.02984889 0.005261936 0.2841131 0.10986471 0.19769284 0.14697269 0.067682326 0.10080334 0.0014558629 5.4809636e-05 0.1863311 0.20007929 8.196499e-06 0.08606389 2.4823726e-06 0.008408851 0.28657752 0.0005703332 0.019390788 1.1411021e-07 0.034158215 0.014324679 1.1323132e-06 9.711081e-08 0.00026605418 0.027950134 0.00028188934 0.010938141 0.0031884771 9.260035e-06 0.0045335055 0.00025939755 0.0009842283 0.00023988727 0.00045362127 0.0003160427 1.5461263e-06 1.381939e-05 0.008493076 1.0416844e-06 0.0463563 0.0010377986 0.0009146804 1.1824094e-05 1.7463299e-05 1.1717587e-05 0.0009068978 0.015069878 0.0005530364 0.0011116107 2.2952083e-08 0.0009835738 2.9193554e-05 0.031141397 0.00018003088 0.012507823 0.0015964354 6.00357e-08 1.3656136e-05 2.148566e-08 1.9727148e-08 4.0727587e-06 1.5196314e-05 4.538772e-07 0.005252808 0.0004054169 0.0015008849 1.6688778e-08 2.7268366e-06 2.7523413e-06 0.0046624416 2.7087297e-06 2.7801625e-06 0.007193287 8.89627e-05 0.00015899462 0.0064110807 7.1673084e-11 1.561285e-11 4.5698498e-10
0.7637335 0.6376237 0.029984925 0.6629828 0.03327487 0.013320553 0.990335 0.0022166437 0.00976427 0.017769698 2.6024528e-13 0.00070564804 0.0023910387 0.0021624092 4.370176e-05 0.0263303 3.1033316e-05 0.0016817204 1.8108037e-06 3.9075776e-06 0.00010015929 4.438408e-05 0.9744128 0.17639777 0.2349628 2.6298678e-05 4.475314e-05 6.1902916e-05 1.2271473e-05 0.069208 2.2602462e-07 1.162115e-06 7.1100176e-06 5.276158e-08 3.5610674e-06 2.6062544e-08 0.00028954976 0.002938038 5.428198e-06 3.4398116e-07 1.0705638e-08 2.7928675e-06 5.544892e-06 5.2420734e-08 1.0668973e-07 2.1759961e-08 1.455345e-06 1.8746232e-07 9.843231e-06 1.2319061e-06 1.5921272e-07 2.7858836e-05 0.00014245976 0.0027043433 0.0016238298 0.29901126 0.02425134 1.881014e-08 4.893697e-07 1.0626791e-07 8.252331e-09 0.0077050333 0.037352536 1.0671375e-07 2.8436187e-09 2.3086997e-09 5.156834e-09 3.191078e-05 0.089102544 5.5437017e-06 1.1187942e-07 2.9514187e-09 0.02133265 1.233989e-09 0.03609852 7.082207e-07 0.0454965 2.6175843e-07 3.4780527e-09 0.00033328086 2.2244637e-09 1.5900232e-08 2.0753562e-08 0.00027042284 3.6874465e-10 0.0033717167 0.001936214 0.024162186 1.4188539e-08 6.683142e-10 2.9028682e-10 0.050943024 4.160263e-09 1.291141e-10 0.0024262646 5.699469e-05 1.5880102e-07 0.022835087 3.98685e-11 4.001569e-11 2.0712612e-10
0.9346936 0.0015083615 0.004477192 0.005737592 0.12989073 0.41890472 0.0023934147 0.71150935 0.9768489 0.64390147 0.00070564804 3.033077e-14 0.8158155 0.10415641 0.36057818 0.33351302 0.49853048 0.04689796 0.07831541 0.14384168 0.7604258 0.39158088 5.061032e-06 0.00327369 0.027998483 0.9070253 0.2962989 0.081992365 0.17027093 5.055446e-06 0.038938787 0.08506201 0.4364303 0.0041694567 0.29488343 0.0022656128 0.009593227 0.16489437 0.03165722 0.005828402 7.948946e-05 0.21141148 0.04729434 3.0685896e-05 4.0177424e-06 0.00039372884 0.08524101 0.010635989 0.048179816 0.0072648064 0.00018468006 0.000102595615 7.103572e-06 1.066755e-05 1.0805443e-06 5.838816e-06 2.6096e-06 2.0992124e-05 0.0004255306 0.033426557 4.7045777e-08 0.024799328 0.0016969141 0.0013533018 6.024017e-06 0.0002628164 0.0020203732 0.008650676 0.00623179 0.005483073 0.0748884 1.5103296e-09 0.0014677173 0.00028372847 0.0055405656 3.8817752e-06 0.0036236928 0.0042823325 4.780677e-07 1.4417825e-09 1.9707254e-08 5.5907364e-08 1.326232e-06 3.190443e-08 3.6551184e-09 0.0030910603 1.6132125e-06 0.0018006797 2.856204e-08 1.7099994e-08 1.0153044e-07 0.004428753 9.673202e-06 2.731667e-06 0.0017836313 4.4649332e-05 6.720465e-05 0.0058315736 4.5097148e-10 1.0938177e-11 1.0937103e-09
0.997357 0.044585608 0.19495536 0.12640794 0.8069074 0.7737625 0.015221938 0.8165813 0.6516671 0.6449281 0.0023910387 0.8158155 1.7417888e-11 0.33632234 0.61246616 0.44478357 0.32621726 0.17419533 0.5551793 0.3026464 0.2814334 0.066184364 0.0010740958 0.10426268 0.022573698 0.53666466 0.42191988 0.14980933 0.3646375 0.000659251 0.00061664433 0.65710264 0.49931508 0.00011942435 0.26668876 1.5895648e-05 0.019872889 0.39012417 0.0023939442 0.19735532 6.8606386e-07 0.2457827 0.10696972 4.1421654e-06 2.0197882e-07 0.002012459 0.13910893 0.0026869776 0.016997056 0.014680408 1.5761769e-05 0.011091117 0.00028080321 0.0005624109 0.00010334991 1.1183862e-06 1.3692684e-06 2.3168386e-05 2.1547974e-05 0.06072564 6.2505237e-06 0.041574776 6.093314e-05 0.0021594353 7.771165e-05 0.0007075443 0.0003669246 0.001385325 0.0030286156 0.00073204475 0.021814747 3.6137894e-07 0.00011031011 0.00032217958 0.008919326 0.0003344465 0.0025740813 0.0053547686 4.4817116e-07 2.5690167e-06 8.61814e-08 1.0306461e-07 9.64352e-05 6.5629706e-07 1.7972465e-06 0.004724186 0.00017978997 0.00020841509 8.91642e-08 3.952216e-05 1.9731018e-05 0.0010073693 7.532441e-06 0.00012795988 0.0046491344 0.00026493988 0.0014907866 0.0019229767 1.458894e-10 9.278548e-11 5.234298e-09
0.564532 0.032758605 0.00027105957 0.060601912 0.00011342436 0.059089717 0.004909884 0.09041623 0.30374625 0.3129857 0.0021624092 0.10415641 0.33632234 4.12885e-12 0.0065589785 0.0547363 0.005575738 0.9986435 0.00073983136 2.6677087e-08 0.00022268023 0.001076379 2.2593046e-07 1.04073e-06 0.002070532 0.005224195 0.2595778 0.42598566 0.013771975 5.164148e-07 3.773875e-07 1.9601232e-05 0.003570201 2.1126078e-07 0.0002148628 4.7469147e-08 0.21213391 0.00014221731 1.1547089e-06 4.5656486e-07 5.3244893e-09 0.012399939 5.381271e-05 3.03451e-08 4.1098286e-08 1.5832626e-08 0.065333165 2.8342055e-07 2.0788376e-07 0.029446868 1.705332e-08 3.7249919e-09 1.0846119e-08 6.122249e-08 6.570909e-08 2.6229084e-06 2.9943514e-05 1.6490408e-09 5.8757834e-08 6.951427e-05 3.4746755e-10 8.920997e-06 1.5096733e-05 4.1119947e-07 7.2441253e-10 3.0139675e-09 1.0517794e-08 0.009822218 0.0011094041 0.004656618 0.0021272637 6.657922e-11 0.00024726053 4.966786e-09 0.00013963973 4.9223636e-10 1.444556e-05 0.00033768654 5.0814184e-09 3.1875216e-09 3.582187e-09 3.7262618e-10 4.0960844e-09 8.019499e-09 6.0068056e-10 0.00010239388 1.7636575e-07 0.00014605257 4.0189146e-08 5.701563e-10 1.7566062e-10 0.0014449749 1.5195238e-09 1.2498102e-08 2.5638343e-05 5.0125633e-05 5.904251e-08 0.00060279766 1.460545e-10 2.792918e-10 2.7751293e-10
0.98641896 3.8397044e-05 0.0004823276 0.00015431979 0.4056012 0.08480702 0.00027805447 0.28976154 0.31762052 0.38608468 4.370176e-05 0.36057818 0.61246616 0.0065589785 3.1212996e-13 0.31299192 0.665298 0.0033684063 0.28412014 0.8626076 0.90024835 0.66422886 3.3104898e-05 0.009251673 0.0033202507 0.85197675 0.1231571 0.023761902 0.2078947 6.878669e-05 0.018711755 0.46611863 0.5506189 0.0022626978 0.71747774 0.0004583591 0.001748519 0.3675693 0.13626702 0.2679443 6.870048e-05 0.27351445 0.30063692 9.613714e-05 1.2204027e-05 0.011816981 0.08805944 0.027655112 0.17762272 0.005328544 0.00013343031 0.0009369319 1.7734501e-05 4.9570855e-05 5.249167e-06 1.7874734e-07 3.009843e-07 0.0002907146 0.00077359535 0.33562613 7.5492408e-06 0.0525376 0.00030268944 0.06949589 0.0011024312 0.010380629 0.020239245 0.0050852373 0.0060577653 0.004121577 0.26198152 1.94671e-07 0.00045743355 0.0027531304 0.011261824 7.4076575e-05 0.004013894 0.034042094 1.4389151e-06 2.5019364e-07 3.8280956e-07 1.6818676e-06 0.00018510075 1.3016046e-07 5.6787235e-06 0.0060718465 7.689057e-05 0.00093153893 5.8867573e-07 1.205271e-06 4.2145133e-05 0.0029653767 2.7577737e-05 0.0002895807 0.009724098 2.111464e-05 0.0018164277 0.004305826 1.7411265e-09 1.9928309e-11 2.3958509e-09
0.99697244 0.13454853 0.1081486 0.59087807 0.66479003 0.33749446 0.49183273 0.83886164 0.18121094 0.90203744 0.0263303 0.33351302 0.44478357 0.0547363 0.31299192 3.2878122e-10 0.1925075 0.022976935 0.12762193 0.011243119 0.017847748 0.058663905 0.013733546 0.6442378 0.28871617 0.041264165 0.01901679 0.005342254 0.01817737 0.013245567 0.0002136768 0.04922671 0.038658235 8.227681e-05 0.014400939 2.0627036e-05 0.0007317237 0.5570451 0.0025514702 0.0028810352 1.6227682e-06 0.008926117 0.004836844 1.1473132e-05 1.3371615e-06 0.00019909177 0.0022054755 0.00012627977 0.031069014 0.00057576346 3.0480218e-05 0.046954554 0.008116629 0.0030786542 0.0011479459 0.0011544585 0.000864682 4.5836828e-06 9.545223e-05 0.0012026762 1.3161464e-05 0.164634 0.0031310343 0.00029169524 0.00021648461 7.903102e-05 5.389943e-06 0.00017953964 0.036527045 4.861671e-05 0.0004747816 4.5468673e-06 0.0019700436 3.208404e-05 0.09646819 0.0009089711 0.032632045 0.00038322125 1.264714e-06 7.7788696e-05 5.1905386e-07 3.789166e-07 1.7305238e-05 0.00016351622 1.8160439e-06 0.01741317 0.0015569042 0.0021927902 6.1566146e-07 0.00013233097 8.040307e-05 0.010769977 2.9358138e-05 3.7808154e-06 0.016834445 0.00031712116 0.00012276371 0.023801599 5.744123e-10 1.862964e-09 7.479434e-08
0.99100673 7.0270195e-05 0.0034227858 0.00030719466 0.31345448 0.25974748 0.0004994905 0.3387465 0.3119664 0.1228063 3.1033316e-05 0.49853048 0.32621726 0.005575738 0.665298 0.1925075 2.5721443e-12 0.003006583 0.7460382 0.92057836 0.80775446 0.7468162 6.107958e-05 0.08164741 0.003558111 0.62063956 0.04899986 0.0064477012 0.06955666 0.00020424428 0.11014783 0.5538781 0.47681642 0.032741487 0.6245983 0.006416322 5.8120084e-05 0.6528229 0.33194172 0.33018574 0.0004801673 0.06578481 0.25294292 0.002094674 0.0001796424 0.07142151 0.018472686 0.024070282 0.41549337 0.0003821645 0.0048246398 0.035460353 0.00041824297 0.00018022738 1.3398684e-05 1.6487641e-07 1.1630757e-07 0.00023306883 0.0011905133 0.19593896 0.00020512032 0.11248602 4.0475305e-05 0.03033001 0.028001195 0.012100796 0.0071589933 0.0001362552 0.0032817828 0.00034725992 0.040370647 7.377746e-06 0.00010399951 0.0035773723 0.008609956 0.0017757104 0.001971377 0.0042500603 2.9263365e-06 2.280458e-07 1.3180023e-06 8.5577267e-07 0.0011095946 3.714499e-07 4.9570954e-05 0.013831924 4.5371493e-05 0.00026831965 7.866819e-07 9.671104e-05 0.00021587478 0.0018494048 0.00014287964 1.0444836e-06 0.013107704 1.4160053e-05 0.00016249149 0.0013990765 2.1701766e-08 4.7436717e-09 1.5384963e-07
0.30615154 0.028018123 0.00021356353 0.049090553 8.675457e-05 0.02237983 0.0031818885 0.049401518 0.06596826 0.19188844 0.0016817204 0.04689796 0.17419533 0.9986435 0.0033684063 0.022976935 0.003006583 9.127949e-09 0.00037446318 5.3042793e-08 8.29411e-05 0.00029357593 1.0453537e-06 2.1120186e-06 0.0006260075 0.0037023507 0.21710996 0.7358666 0.0070476835 3.3860815e-07 7.0842646e-08 3.128787e-05 0.0025888141 4.3931937e-08 0.00018120527 1.9883805e-08 0.81717783 1.4563482e-05 6.94008e-07 7.1672e-07 1.2890352e-09 0.011863237 1.5311645e-05 6.683404e-08 1.8394669e-08 2.1083075e-08 0.1389481 8.7817386e-07 1.3753795e-07 0.092051245 5.088266e-09 2.9019505e-09 1.3444333e-08 6.886135e-08 8.0989594e-08 3.4587752e-05 2.6088097e-05 1.5165568e-08 1.2449823e-07 6.4522956e-06 2.2695015e-09 3.4578668e-06 3.4465134e-05 2.1182768e-07 1.0287263e-09 1.3125883e-08 4.5917212e-09 0.015711868 0.0011342732 0.0069151768 0.0038531728 1.0637259e-10 0.00016778322 1.319846e-08 0.00016065907 3.6694292e-10 2.5596077e-05 0.00027304565 2.137912e-09 2.371533e-08 1.3412548e-08 2.620143e-10 6.5167733e-09 1.0595717e-08 9.065431e-10 2.9322184e-05 2.4300226e-07 6.745913e-05 9.306389e-08 4.7360843e-10 2.8551228e-10 0.00089400925 7.449291e-09 1.9031492e-09 2.7818825e-05 4.5711215e-05 2.5074431e-08 9.98739e-05 2.6224828e-10 8.182842e-11 6.7787337e-10
0.9594132 1.1037376e-06 2.1840495e-05 4.092524e-05 0.15900515 0.009803108 3.3317297e-05 0.23262717 0.16716555 0.19006237 1.8108037e-06 0.07831541 0.5551793 0.00073983136 0.28412014 0.12762193 0.7460382 0.00037446318 6.806108e-14 0.88208973 0.95993084 0.6818816 3.2448356e-06 0.004546746 0.0067533962 0.8687647 0.052387208 0.004837935 0.111406825 5.7472907e-06 0.14237398 0.42145732 0.4969026 0.036535934 0.7118184 0.0032937052 0.00038666915 0.31852385 0.37390012 0.31481412 0.0007942343 0.30777878 0.35223588 0.00067207665 4.3444164e-05 0.027235499 0.02580177 0.099564426 0.20924293 0.0009718178 0.000666432 0.0022061244 1.64707e-05 2.6399832e-06 1.1623955e-06 1.4412938e-08 3.0315075e-08 0.005260905 0.001713316 0.16518049 6.032922e-06 0.0345089 0.00026839031 0.048340805 0.0025132408 0.015249887 0.036177777 0.004508705 0.0047383965 0.002471766 0.1669583 1.2184628e-07 0.00026192542 0.011777133 0.0052646315 0.000106432984 0.0028231104 0.030677564 5.946704e-07 8.535655e-09 1.0661786e-08 1.7585499e-07 0.00030491222 8.630601e-10 3.8230114e-06 0.0025146673 7.0970855e-06 0.00017125506 7.186977e-08 2.4063962e-07 1.5521391e-06 0.0012217123 5.3172457e-06 8.595541e-05 0.007143764 1.3660487e-05 0.0020706276 0.001705843 3.2943848e-10 2.5072277e-12 1.1612341e-10
0.6733487 3.5688872e-06 0.00010941848 1.3460672e-05 0.7557813 0.07978664 5.131824e-05 0.49647593 0.13250953 0.034292087 3.9075776e-06 0.14384168 0.3026464 2.6677087e-08 0.8626076 0.011243119 0.92057836 5.3042793e-08 0.88208973 3.5893263e-17 0.2739622 0.88028944 9.667441e-09 0.002603182 0.0014804758 0.00049575564 2.4911665e-06 2.3014893e-07 8.890222e-05 1.5218286e-05 0.893469 0.0066442005 0.00886644 0.6809983 0.00031332855 0.65885794 4.3109345e-08 0.046314232 0.37947953 0.00044635497 0.5053765 4.9986385e-05 0.013372127 0.12325367 0.16765538 0.018774558 1.5360648e-08 0.0016489468 0.07197494 2.7614828e-08 0.19018558 0.031686213 3.5031862e-05 1.8986364e-06 9.39395e-07 1.4517856e-09 5.9996147e-10 0.0063597513 0.014335468 1.2568324e-06 0.024324628 0.0040324773 2.2336091e-05 1.5313799e-06 0.004100838 0.0021906812 1.6430366e-05 3.6388133e-09 0.0006218694 8.406416e-09 2.4666144e-07 0.00088857394 3.3292092e-06 0.00026236242 0.0002652956 0.0027149564 0.00018845029 4.698238e-08 0.00036995465 1.1215883e-08 0.0012954982 0.00023550558 3.628093e-05 1.5763367e-10 1.0600616e-05 0.0013801656 1.9486419e-05 7.194189e-05 0.0019296303 3.1912605e-05 0.0006154018 0.00017334547 0.00017529751 9.873767e-10 0.0009720218 8.424874e-09 4.0042756e-09 0.00011147212 0.00048891286 4.3774835e-05 0.00021818458
0.8697461 0.000102102225 0.0017368736 0.00057847745 0.7212634 0.42433304 0.00048516478 0.36159784 0.7843504 0.05780648 0.00010015929 0.7604258 0.2814334 0.00022268023 0.90024835 0.017847748 0.80775446 8.29411e-05 0.95993084 0.2739622 8.687804e-12 0.5580667 1.090291e-06 0.0055959034 0.0022809838 0.56948215 0.0033063553 5.5495766e-05 0.033461563 0.0003274467 0.7256356 0.5196365 0.6075592 0.64694273 0.2427605 0.30779874 4.526211e-05 0.0336376 0.073472306 0.10693759 0.058054056 0.03390271 0.3341922 0.0043239584 0.0069534634 0.14823033 7.788656e-06 0.4689997 0.03398536 1.0055551e-06 0.12838209 0.0043751723 0.00056827767 3.4995082e-06 1.8136587e-06 1.624515e-06 4.805399e-06 0.096513465 0.0044864803 0.0022341504 0.00063473266 0.00268078 0.00021074737 0.00024682467 0.033951808 0.048782513 0.00573294 2.8570636e-07 0.0019759133 2.0321431e-06 5.53954e-05 7.770839e-05 0.0001519764 0.0054582315 0.0003872 0.0003158878 0.0004927326 1.06600455e-05 0.00022344774 7.773021e-08 0.00058584806 0.00014982499 0.001344395 1.305919e-07 4.1644715e-05 0.0010962209 0.00022187257 0.0011579186 0.00083118276 5.193554e-07 5.216617e-05 0.0016894483 4.451651e-05 1.9075286e-07 0.0012125437 3.0695057e-05 2.7303116e-07 0.0015366114 0.00030841934 5.038672e-06 9.884659e-06
0.99836373 1.9780415e-05 0.00056492724 0.00020597324 0.107730225 0.07208664 0.00078508485 0.16694157 0.075929135 0.02984889 4.438408e-05 0.39158088 0.066184364 0.001076379 0.66422886 0.058663905 0.7468162 0.00029357593 0.6818816 0.88028944 0.5580667 4.8198927e-12 0.00010393912 0.07992465 0.0026630461 0.44951713 0.036862247 0.0013164968 0.06626435 0.0007014355 0.3666344 0.6040698 0.27327514 0.14574732 0.43860295 0.085633986 1.8505344e-06 0.7198991 0.39644843 0.35371044 0.017121635 0.05827352 0.1700189 0.009110449 0.0026130006 0.13777167 0.0021830907 0.016309526 0.5497118 5.3830212e-05 0.0558977 0.09264795 0.002437441 0.00069703936 9.9966615e-05 2.1568181e-07 1.583003e-06 0.00053744577 0.0060142525 0.2062751 0.0038059438 0.19294006 4.278858e-05 0.025928428 0.1011915 0.022566343 0.0036202215 1.5601405e-05 0.0022057549 7.4130636e-05 0.003048221 0.00020857196 0.00023408973 0.006810045 0.011726603 0.011812091 0.0026137396 0.0036408517 6.326522e-05 2.2384145e-06 4.855443e-05 9.034862e-06 0.0047929715 1.1765927e-05 0.0002067021 0.028171541 0.000246093 0.00028862257 1.21890225e-05 0.0004887611 0.0020310013 0.0021076999 0.0005200786 4.2931165e-06 0.0395265 2.2438424e-05 0.000287564 0.0022738413 2.4566527e-06 5.4659404e-07 8.7981107e-07
0.8995546 0.008563402 0.0005023414 0.035067473 0.0005918617 0.00053442 0.58827156 0.00015951281 7.8893464e-08 0.005261936 0.9744128 5.061032e-06 0.0010740958 2.2593046e-07 3.3104898e-05 0.013733546 6.107958e-05 1.0453537e-06 3.2448356e-06 9.667441e-09 1.090291e-06 0.00010393912 1.2217741e-19 0.5954196 0.57803077 9.733959e-07 1.5916982e-08 2.9128435e-08 2.9230673e-08 0.95054 9.395262e-08 8.0449155e-07 1.020528e-09 4.4738474e-08 5.0992377e-08 6.1651726e-08 2.9289437e-08 0.016019495 3.3185945e-05 1.2050234e-07 6.0871397e-09 2.5810595e-08 4.241249e-09 5.982732e-08 3.4188268e-08 2.158353e-09 2.2006425e-08 6.898918e-10 0.00048821652 1.854322e-08 1.0421324e-08 0.0009817741 0.01305629 0.10047481 0.06765475 0.7558088 0.11199151 6.174012e-11 1.4980269e-06 1.0307268e-07 2.4058129e-11 0.035206378 0.23947276 4.3568694e-08 1.4115678e-09 2.9231437e-09 1.2152135e-11 5.2986344e-09 0.27531892 1.014162e-08 3.4948086e-10 2.894572e-12 0.17261723 6.788619e-10 0.10323591 3.762885e-07 0.28580573 2.5175993e-07 6.5011183e-09 0.0069421465 4.6264176e-10 9.141239e-10 1.78843e-09 0.004456742 2.9621625e-09 0.012519159 0.038119208 0.12718582 3.3100045e-10 1.6940088e-11 7.918732e-11 0.2010092 3.226494e-08 2.6528693e-10 0.01143904 4.251965e-09 8.4051365e-08 0.18519889 2.8206458e-12 1.6418457e-11 3.9455418e-13
0.97503984 0.028638542 0.0013538272 0.40139207 0.10858148 0.016383497 0.60509425 0.09244191 0.0012463896 0.2841131 0.17639777 0.00327369 0.10426268 1.04073e-06 0.009251673 0.6442378 0.08164741 2.1120186e-06 0.004546746 0.002603182 0.0055959034 0.07992465 0.5954196 5.105329e-12 0.97223365 0.0013265476 5.332808e-07 4.5533432e-07 4.674464e-07 0.60658497 0.00022952045 1.7802196e-05 1.0325568e-05 3.6716367e-05 6.847057e-05 3.2503438e-05 1.523038e-05 0.68741494 0.0061311196 7.2351475e-07 1.02712365e-05 4.5543945e-07 3.240502e-05 3.5996254e-05 1.0426351e-05 9.4027904e-08 4.570293e-07 2.1139504e-05 0.047226056 5.719206e-07 2.8299384e-05 0.59118146 0.8205957 0.43602237 0.25443715 0.026476672 0.011299261 1.038496e-05 0.00019553091 4.2422e-07 6.719859e-06 0.34756547 0.06125964 1.0066042e-07 5.0230334e-05 9.055746e-06 3.111191e-08 6.353985e-07 0.19309387 5.0896836e-07 2.7322784e-07 1.6019257e-08 0.018419579 1.1918332e-05 0.24453902 0.0122788735 0.19378816 1.626538e-06 1.3004166e-06 0.0006728078 2.099895e-07 4.3924065e-06 6.831243e-06 0.0011636817 1.795434e-06 0.061092608 0.06556751 0.01637967 3.3621606e-07 6.731235e-05 5.9482645e-05 0.04570084 5.5598695e-05 9.910682e-08 0.13626216 6.1378055e-06 8.5111554e-07 0.060963202 1.6330752e-08 1.7900017e-07 1.7038242e-07
0.9690676 0.11722771 0.015835091 0.3878901 0.052472435 0.025358312 0.8077327 0.03040994 0.00712506 0.10986471 0.2349628 0.027998483 0.022573698 0.002070532 0.0033202507 0.28871617 0.003558111 0.0006260075 0.0067533962 0.0014804758 0.0022809838 0.0026630461 0.57803077 0.97223365 1.0496129e-12 0.0013315872 0.00041352387 0.000106810636 0.00033101378 0.5991333 2.2660977e-05 0.004032443 0.000846527 6.869016e-06 0.00032372292 1.5319057e-06 7.7345074e-05 0.29841086 0.00035089356 0.00017105184 8.43496e-08 0.0003207118 0.00022044995 1.4666768e-06 1.09634314e-07 6.9794536e-05 0.00021901848 1.3802294e-05 0.0027968537 3.42847e-05 5.2705887e-05 0.54493934 0.84832484 0.362469 0.16319361 0.07107323 0.011142 4.858808e-06 4.2000123e-05 0.0010249652 4.6776954e-06 0.08941154 0.024919936 0.00016161181 0.0009905335 2.573152e-05 3.0925873e-06 1.3724892e-05 0.1087477 1.0709415e-05 9.982932e-07 8.537014e-07 0.018032238 6.5961794e-06 0.09774777 0.0036207081 0.08779159 3.5844427e-05 1.2232796e-07 0.0018145441 6.204999e-08 6.2377353e-07 2.8306482e-05 0.0011103282 5.986304e-08 0.015762355 0.12861685 0.01241622 1.5539824e-07 3.831982e-05 1.2003208e-05 0.04034361 1.7824756e-05 4.2723066e-08 0.037532512 1.8878027e-05 2.168502e-05 0.07727016 1.3027929e-09 1.338009e-09 1.1177315e-08
0.91254586 0.00027313342 0.00027618912 0.001673923 0.25643283 0.3331482 0.0014949044 0.39137876 0.7824857 0.19769284 2.6298678e-05 0.9070253 0.53666466 0.005224195 0.85197675 0.041264165 0.62063956 0.0037023507 0.8687647 0.00049575564 0.56948215 0.44951713 9.733959e-07 0.0013265476 0.0013315872 4.7087583e-13 0.2926765 0.006542196 0.6969794 6.542617e-05 0.31216863 0.8770662 0.9468279 0.3476589 0.05436506 0.11274147 0.00047530554 0.014603984 0.044053063 0.29027697 0.026968239 0.7038506 0.59741753 0.0029448897 0.0030843318 0.16806519 0.00096652727 0.3348352 0.013891107 1.8731143e-06 0.016923163 0.00069965067 6.0487448e-05 1.3185529e-06 2.5536485e-07 1.1412697e-05 9.055539e-06 0.010563656 0.0017555968 0.0032398251 5.410159e-05 0.0005862578 8.6830965e-05 0.00024245518 0.0117040295 0.016459811 0.0044296673 5.5955184e-07 0.0015476777 2.5821332e-06 0.0003588742 2.2021754e-06 6.368637e-05 0.0023710043 0.00033233978 7.420086e-05 0.00030024137 9.01097e-05 3.7393573e-05 2.4166462e-07 0.00019858849 9.943284e-05 0.00019902967 1.0983498e-08 6.7651854e-06 0.0009111908 8.0511185e-05 0.0010658861 0.00031795938 2.2886981e-07 3.0617243e-06 0.0019445523 3.2659282e-06 9.684648e-08 0.001264239 4.099024e-05 3.7109967e-07 0.0018839628 3.1746473e-05 2.53833e-07 7.444071e-07
0.8933238 0.0009988814 9.79189e-07 0.0039303373 5.314232e-05 0.0029643262 0.00020963064 0.1599213 0.070872046 0.14697269 4.475314e-05 0.2962989 0.42191988 0.2595778 0.1231571 0.01901679 0.04899986 0.21710996 0.052387208 2.4911665e-06 0.0033063553 0.036862247 1.5916982e-08 5.332808e-07 0.00041352387 0.2926765 5.3450626e-09 0.9600415 0.95051414 1.6216197e-07 0.006303379 0.009861257 0.33322385 0.0007723816 0.07034691 0.0017985756 0.34259522 0.00073983375 0.00079481996 0.00055047614 7.528588e-05 0.6750381 0.005270504 2.65401e-05 1.2517146e-05 0.000103324484 0.6821094 0.0003573645 0.00040318986 0.16465443 7.2687208e-06 4.3762416e-08 1.0868775e-08 8.969161e-08 1.6853237e-07 1.5248357e-07 2.3234508e-08 1.2688716e-07 4.6291584e-06 0.0015931169 1.7499133e-08 0.00011536743 2.1128195e-05 1.1374601e-05 2.015901e-07 1.0061244e-05 2.9273494e-06 0.06771525 0.0012056108 0.00963115 0.09194348 3.7898248e-10 5.9093978e-05 7.1818185e-06 0.00030549173 1.1997868e-08 6.691456e-05 0.0011031848 1.4183884e-08 7.3554998e-09 1.1109111e-08 6.9259367e-09 2.2801862e-07 9.588966e-10 2.6092027e-07 0.000590637 1.0104067e-06 1.731336e-05 9.623937e-08 1.3852455e-09 5.8814877e-09 0.00012171755 7.811143e-08 1.5392205e-06 0.0002943553 0.0013715457 6.1384407e-07 4.4611752e-05 5.778738e-10 2.2764629e-10 4.6177076e-10
0.26469654 0.005159216 6.3316224e-07 0.014004283 4.017892e-06 0.0016101546 0.0003201541 0.052706394 0.0068440805 0.067682326 6.1902916e-05 0.081992365 0.14980933 0.42598566 0.023761902 0.005342254 0.0064477012 0.7358666 0.004837935 2.3014893e-07 5.5495766e-05 0.0013164968 2.9128435e-08 4.5533432e-07 0.000106810636 0.006542196 0.9600415 6.4275807e-10 0.1481446 2.6969795e-07 7.334543e-05 0.00027017228 0.014696376 9.44451e-06 0.0013751829 2.399361e-05 0.9767213 1.625906e-05 1.4422957e-05 2.2781367e-05 1.6846906e-07 0.0772481 7.489296e-05 9.45523e-07 1.7429838e-07 2.080594e-06 0.85003346 2.5061954e-06 2.619991e-06 0.43987873 1.1771399e-06 2.0868715e-08 1.529618e-08 5.9303e-08 1.2655777e-08 6.040521e-08 2.1722961e-09 1.4289931e-07 1.3990136e-06 7.465443e-05 2.7088305e-08 5.0505496e-06 3.1389734e-06 6.8558114e-07 1.2791143e-08 4.538231e-07 2.8014089e-08 0.07163646 0.00047078214 0.021379901 0.01238438 2.7701461e-11 1.4458529e-05 8.039903e-08 0.00013135652 1.2402568e-08 9.508522e-06 0.00062906387 8.616394e-09 2.0245747e-09 4.8021165e-09 4.715263e-10 9.556385e-08 2.8325053e-09 6.424866e-08 0.00037985266 1.0451766e-07 2.931621e-06 7.555254e-08 1.2985266e-08 1.4538002e-09 6.851009e-05 1.161911e-08 1.4762415e-08 9.168169e-05 0.0012550268 4.2025263e-08 2.1397236e-05 6.1890004e-10 2.120601e-11 1.2937897e-08
0.9498783 0.00012565509 2.0190555e-06 0.0008459213 0.0001368412 0.002174733 3.2987882e-05 0.12546542 0.02833144 0.10080334 1.2271473e-05 0.17027093 0.3646375 0.013771975 0.2078947 0.01817737 0.06955666 0.0070476835 0.111406825 8.890222e-05 0.033461563 0.06626435 2.9230673e-08 4.674464e-07 0.00033101378 0.6969794 0.95051414 0.1481446 2.298176e-10 1.0286209e-06 0.024119452 0.06660546 0.88663334 0.0046547865 0.42938966 0.008510909 0.010931455 0.0026251923 0.010773413 0.012863374 0.0021420147 0.9707915 0.02750122 0.0011473374 0.0014278346 0.0011626589 0.30147085 0.0070324233 0.002979812 0.021342952 0.00013630459 6.8095055e-08 2.8411698e-08 7.785277e-08 3.356298e-07 6.134838e-08 5.6801102e-08 2.5172571e-06 8.106382e-05 0.020398505 1.11474925e-07 0.00024194842 1.6474485e-05 0.00028511643 4.967594e-06 6.57152e-05 0.00047807547 0.050854642 0.00092036236 0.011822049 0.22892883 2.9977711e-09 0.00011963193 0.00024300219 0.00032321207 3.9484505e-08 0.00022307452 0.0073038447 6.2509464e-08 3.620511e-08 5.070617e-08 1.18611716e-07 2.2300662e-06 4.843372e-09 4.218687e-07 0.001924839 7.4176983e-06 3.7972623e-05 3.1287092e-07 4.383742e-09 3.6600106e-08 0.0004610417 2.2463075e-06 8.1298946e-05 0.0009954422 0.001050708 1.4588419e-05 0.000115565635 9.018986e-10 2.9096198e-10 2.2408546e-09
0.9803762 0.00016725411 0.0001310166 0.00083822076 0.00034416246 8.20265e-05 0.07502902 0.00038629817 4.034231e-05 0.0014558629 0.069208 5.055446e-06 0.000659251 5.164148e-07 6.878669e-05 0.013245567 0.00020424428 3.3860815e-07 5.7472907e-06 1.5218286e-05 0.0003274467 0.0007014355 0.95054 0.60658497 0.5991333 6.542617e-05 1.6216197e-07 2.6969795e-07 1.0286209e-06 1.1819414e-07 2.3229448e-05 2.0595808e-06 7.252681e-07 4.073005e-05 6.4305555e-06 2.732268e-05 8.874974e-07 0.036142882 0.002527611 3.0092232e-07 1.1521848e-05 8.753102e-07 7.89136e-07 4.832014e-05 2.0474907e-05 1.1091269e-07 2.6651597e-07 1.3395892e-06 0.007201974 4.0153236e-07 1.3774015e-06 0.022975892 0.37613103 0.6657375 0.34925205 0.34604472 0.17686394 1.0583767e-05 0.0007117188 3.1196233e-08 5.2083824e-06 0.10013468 0.853365 1.1914695e-07 7.6034996e-07 4.1860464e-08 6.596865e-08 1.4351855e-07 0.72491014 1.4539958e-07 7.58621e-07 1.9218847e-07 0.19587617 5.57238e-07 0.22734721 0.00073713466 0.6825193 1.770953e-06 2.4745526e-05 0.08854078 1.8104645e-05 9.019658e-06 2.6958905e-06 0.0018318669 4.6983524e-07 0.025117038 0.4285946 0.16676624 4.749242e-06 1.0699787e-05 0.0002567415 0.14717314 0.00016379262 8.214317e-08 0.032466505 5.176248e-07 3.0118588e-07 0.12878843 9.1070996e-07 6.054522e-07 1.0184601e-05
0.9907805 1.9342934e-08 7.8656564e-07 2.892562e-07 0.00047842093 0.0019516196 9.814233e-07 0.0005431259 0.010986099 5.4809636e-05 2.2602462e-07 0.038938787 0.00061664433 3.773875e-07 0.018711755 0.0002136768 0.11014783 7.0842646e-08 0.14237398 0.893469 0.7256356 0.3666344 9.395262e-08 0.00022952045 2.2660977e-05 0.31216863 0.006303379 7.334543e-05 0.024119452 2.3229448e-05 3.6678703e-13 0.6381046 0.2527718 0.82518566 0.6440364 0.68937355 1.4042288e-07 0.32657024 0.6399399 0.65410525 0.39058018 0.067381404 0.5664034 0.13981806 0.09003134 0.6244329 0.0030752972 0.30043826 0.485277 3.5180162e-06 0.34319144 0.0053916015 2.9389934e-05 6.7780306e-06 3.863866e-06 1.2705498e-09 4.424558e-09 0.10931806 0.021456195 0.4135946 0.005104403 0.058568105 5.254391e-06 0.27977917 0.41066557 0.2908421 0.063550785 6.841111e-05 0.0009346616 0.00027295036 0.037896942 2.9991787e-05 2.6373875e-05 0.3289294 0.0019679638 0.0016927505 0.0014072392 0.029033596 4.6632482e-05 7.994731e-08 2.8857648e-05 3.1666991e-06 0.20066246 1.256906e-07 0.0020157439 0.02419495 8.650589e-05 0.0003119457 1.054874e-05 4.1103325e-05 0.0009848531 0.0025074028 0.00074845226 3.841754e-06 0.035652526 5.981259e-08 0.004888133 0.0027270853 4.4162643e-06 2.5572263e-07 1.536029e-07
