3.5886553e-17 0.99638873 0.92380446 0.8672517 0.99255145 0.99594647 0.9546812 0.9985685 0.91604567 0.9825325 0.9708035 0.85455024 0.83428735 0.98594165 0.80440944 0.96539056 0.13093643 0.732148 0.99078524 0.9935932 0.78744197 0.9297083 0.96957266 0.28733495 0.93221754 0.9790131 0.98937196 0.88726026 0.6110205 0.027720852 0.96575373 0.42856446 0.9790968 0.9691916 0.982083 0.93201727 0.15409371 0.97033936 0.9901338 0.76388574 0.90206605 0.40288582 0.9733255 0.82956934 0.7459474 0.9952251 0.90488976 0.9861187 0.7424059 0.98430455 0.9544747 0.96963656 0.88426924 0.8785525 0.99533784 0.8273884 0.11965351 0.92281395 0.99338967 0.9458483 0.13996218 0.02125466 0.8411644 0.0022924328 0.98808205 0.0029167742 0.99555767 0.46244973 0.886923 0.86016124 0.999511 0.1960935 0.8129093 0.03132307 0.090568565 0.9952289 0.9975857 0.99827635 0.19184181 0.9932068 0.87998015 0.9997089 0.9998201 0.98784435 0.9986979 0.88086134 0.07053815 0.2552328 0.9999903 0.30548778 0.963202 0.028173577 0.017660612 0.15281282 0.0003611137 0.028520016 0.907825 0.99997485 0.9414682 0.00172287 0.94918716
0.99638873 8.968779e-13 0.93496656 0.14065139 0.60670924 0.539904 0.90858257 0.27809516 0.12837677 0.687671 0.008796312 0.016563743 0.32274404 0.018848255 0.006551602 6.0883947e-05 0.0037313513 0.81907517 0.00068158534 0.5522605 0.8254275 7.8030615e-05 7.457203e-05 0.00018267038 0.00010336667 2.6955551e-05 0.012928094 0.5066915 0.0011962977 0.00010908808 0.3167462 0.0008914236 4.613091e-06 0.007593866 0.0004306875 0.00013630342 0.015411162 0.0003787049 0.0008298679 0.0007607736 4.951192e-06 0.124439105 0.008052132 0.0082037095 0.000120643024 0.018922368 0.0042597647 0.001283729 1.4101471e-05 0.064324655 0.032230943 0.0017189123 5.281145e-05 4.5412787e-07 0.2371681 4.248646e-05 0.0005925956 1.583129e-07 0.14529608 0.00012556452 0.00025942747 0.00937251 4.9328035e-05 0.003118602 0.00019272929 3.7052083e-05 0.08258025 4.0410796e-06 2.7886967e-06 0.5330455 0.23086922 3.8048074e-06 5.6121286e-07 1.9781228e-05 0.49693236 0.017007878 0.019260533 0.0013083013 0.2938992 0.032792676 1.8930454e-05 0.0620484 0.31080312 1.1023611e-07 0.004002917 1.4214381e-06 0.15366161 1.09297895e-08 0.14243513 9.24588e-08 4.179539e-05 6.503736e-07 0.09026086 0.0029248355 3.1390384e-05 7.529256e-07 2.531987e-08 0.111427195 4.0882032e-08 0.0022832786 0.00030830552
0.92380446 0.93496656 1.1731902e-12 0.4293417 0.63074565 0.515653 0.98685807 0.5389262 0.07233103 0.75877565 0.039649673 0.032329664 0.37370396 0.011940545 0.0030614312 0.0021803682 0.008880267 0.03836666 0.010744616 0.25830466 0.1384529 0.0003761047 0.00095463527 0.0030563523 0.0014072956 0.0012995667 0.025207024 0.020092413 0.00021743741 0.000451981 0.0007704383 0.0075823925 0.0009294917 0.026194276 0.0009524124 0.0031600308 0.0053485725 0.0044469642 0.0037362813 9.4558345e-05 0.00038462025 0.00674092 0.0075235865 0.00048426638 0.0011352203 0.0125924945 4.4888122e-05 0.0027148358 2.1295591e-05 0.024825452 0.011936163 0.00012111879 0.00017184073 0.00010169583 0.08949745 0.00013516546 0.00058197515 3.3309956e-05 0.039351482 2.4582769e-06 1.1929362e-05 0.0019228518 5.4338e-05 3.104326e-05 9.758004e-05 7.4267664e-06 0.012704313 2.5840558e-05 0.00044301618 0.00037095853 0.045425367 2.4934432e-06 1.8388198e-06 1.742851e-05 0.001012219 0.0063030575 0.003513406 0.0010709052 0.00011035398 0.0034031593 0.00016289846 0.00586032 0.05492337 3.692875e-07 0.0024895635 0.00012252688 0.00041738307 6.185287e-07 0.00893586 1.5045485e-06 0.0005710111 3.5389917e-07 0.00029362887 8.0907186e-05 8.510088e-06 5.085506e-07 7.298465e-06 0.012955741 1.0000495e-06 4.987843e-05 0.0004285208
0.8672517 0.14065139 0.4293417 9.3058944e-15 0.012223643 0.12600252 0.38035667 0.33672073 0.43049505 0.972787 0.015090997 0.9784687 0.07346536 0.0036031941 0.2976367 0.00046808104 0.015848817 0.0033476865 0.0038939703 0.9328965 0.018657573 2.7180755e-05 0.0001740709 0.5240118 0.0011359827 0.0028256155 0.30659762 0.00059667724 0.0017602012 0.00038366462 2.7729866e-06 0.0005185584 0.00015262756 0.039993238 0.63100433 0.0013772908 0.0011658188 0.0032927804 0.005464442 8.749271e-07 4.0313083e-05 8.7150365e-05 0.011996927 8.072842e-06 0.013272089 0.02827794 1.0845132e-05 0.004218889 0.002833546 0.032999214 0.017154781 8.366108e-05 0.008554527 4.963687e-06 0.26787245 0.029439617 4.620144e-06 1.471164e-06 0.20798597 5.0401904e-06 3.1931584e-06 6.6477965e-05 1.0061705e-05 2.8259954e-05 0.0118256 9.396767e-08 0.06606872 1.9082494e-05 0.0003833015 0.0002504449 0.28617927 2.2611603e-07 2.5944798e-06 5.8220605e-05 0.00068377715 0.003911586 0.01883982 0.0027015144 1.512864e-05 0.019851224 0.0011250166 0.049240444 0.45966277 4.059264e-06 0.035992984 0.00055540167 4.5722813e-05 1.3150812e-07 0.16115741 4.2813352e-07 0.0011463608 7.510853e-09 0.00014427077 1.3732549e-05 1.6224008e-07 1.0840272e-07 1.1551004e-05 0.08757479 1.6673603e-08 5.969285e-07 0.008103731
0.99255145 0.60670924 0.63074565 0.012223643 3.4659135e-13 0.5801769 0.9230963 0.050410215 0.060716636 0.32455477 0.03797107 0.000950161 0.6007776 0.05491234 0.0019487144 9.761983e-06 0.0001032837 0.8584412 0.00013690686 0.26567677 0.88568497 7.484123e-06 0.00024434002 2.4067094e-06 7.4369476e-05 3.3947894e-05 0.0007003684 0.71476656 0.0005139825 7.5475277e-06 0.57666767 8.08468e-05 8.629734e-07 0.0013685733 1.9136216e-05 2.980771e-06 0.0017969211 2.6957712e-05 0.0013929151 0.0002428099 9.1548094e-07 0.35703674 0.00974961 0.0033785244 1.768225e-05 0.015675357 0.0049156044 0.00020563447 4.2750826e-06 0.015954219 0.010121404 0.00084886735 2.3679047e-05 5.5673365e-08 0.120897084 3.8992393e-06 0.00019960469 5.7535554e-09 0.100264706 2.2378585e-05 0.00046033587 0.0025954267 0.00015309783 0.009365969 2.3732176e-05 0.00014862034 0.03449898 6.201412e-07 4.1758353e-06 0.55886656 0.114149034 1.45747e-06 3.6072695e-08 5.5991623e-06 0.64811563 0.0039976332 0.005927533 0.00047345497 0.48463413 0.008186485 4.46491e-06 0.019223716 0.1195865 1.2902707e-08 0.00041862324 4.6682268e-07 0.33840138 2.7180929e-09 0.0690921 9.092744e-09 2.1194824e-06 1.8172747e-07 0.13028777 0.0054315827 3.767338e-05 9.466052e-06 8.870988e-09 0.032520637 3.542757e-09 0.004794242 3.3585634e-06
0.99594647 0.539904 0.515653 0.12600252 0.5801769 7.143091e-13 0.52701735 0.008554966 0.62973213 0.21783681 0.5475488 0.0045704595 0.88231516 0.45448023 0.033338133 3.283404e-06 0.00042234155 0.91713834 2.2194059e-05 0.39180475 0.63627857 4.572575e-06 0.015876658 3.3519733e-05 0.0061436705 0.0010388651 0.0019045987 0.8201982 0.023938445 2.2760953e-05 0.58976674 0.00019540136 2.99454e-07 0.00038177488 0.0007409271 9.30974e-07 0.00091245264 3.574681e-06 0.00872418 8.225939e-05 3.6301967e-07 0.24022084 0.038583364 0.0013793241 1.7989692e-05 0.1898743 0.0999869 3.335987e-05 0.00011489682 0.008975944 0.0031397257 0.016351856 0.0002584851 4.533202e-08 0.11075939 8.7821325e-05 1.613687e-05 8.522786e-09 0.23314999 0.0022509538 0.005862575 0.00049784884 0.001771041 0.021656264 0.00037864735 0.0016862821 0.15560324 4.032131e-07 4.818457e-05 0.22173758 0.13804477 1.0791807e-06 1.2991008e-07 6.518539e-05 0.55732346 0.0035193667 0.06794154 0.0034273805 0.26768136 0.048593234 0.00010676073 0.12358366 0.14622296 3.4165513e-08 0.0010808973 3.7352656e-05 0.1595995 1.229582e-08 0.1980707 3.4986602e-08 0.0004276769 1.5995785e-07 0.031867027 0.0009551685 0.00014251655 0.00010148607 2.7407182e-07 0.016170347 1.6460877e-08 0.0003871121 0.000150345
0.9546812 0.90858257 0.98685807 0.38035667 0.9230963 0.52701735 2.433153e-13 0.54256237 0.1058686 0.6866422 0.025160285 0.027760025 0.5467583 0.026367137 0.0049474323 0.0032635138 0.052902605 0.31138024 0.007519785 0.093187846 0.7304293 0.0011250117 0.0004390039 0.004287084 0.0016224334 0.00048784143 0.0059736357 0.28944468 0.00111999 0.002509362 0.01661447 0.036350917 0.0013573681 0.01842338 0.0005601371 0.0013944136 0.0720805 0.0029183854 0.0007406371 0.0058653266 0.00047496098 0.034945693 0.0007643957 0.005825715 0.0026899301 0.0012468277 0.0016671179 0.0026310694 0.000118549135 0.022773935 0.011669807 0.0006244512 0.00046603451 0.00011373338 0.05979165 4.0671363e-05 0.0055082175 1.9445986e-05 0.014416027 7.525551e-05 0.00047357377 0.108748525 9.9098084e-05 0.0059484774 6.7991095e-06 0.00024947588 0.0024621955 0.00020928448 0.00023698875 0.10488631 0.06426518 0.00019256798 6.5310276e-05 7.882958e-05 0.046703685 0.0033678394 0.0009401999 0.00020809195 0.017423458 0.0006732811 2.1781856e-05 0.004358555 0.09218988 1.0307151e-05 0.0041713538 1.9336214e-05 0.019516062 1.3402972e-06 0.013120703 2.2546188e-05 1.1964248e-05 2.5619313e-06 0.023038954 0.006802344 2.5946942e-05 3.667236e-06 4.966227e-07 0.033113025 1.9677498e-07 0.018917495 0.0005463958
0.9985685 0.27809516 0.5389262 0.33672073 0.050410215 0.008554966 0.54256237 1.7112194e-12 0.013118259 0.58545715 6.0387043e-05 0.13753945 0.0014928394 1.8133693e-05 0.00022405418 0.61377054 0.8911199 0.07452961 0.6641442 0.43947256 0.2294253 0.3180076 1.9302763e-06 0.15771098 4.739171e-08 4.5732556e-08 0.08875138 0.002572924 2.401664e-07 0.07446441 0.0012534958 0.4610027 0.034289245 0.5017976 0.00017377117 0.059369188 0.8606312 0.20110282 1.7794084e-05 0.44807792 0.0029049804 4.674415e-05 0.00013081185 0.30885315 0.013632695 0.00038170666 7.1392546e-06 0.067551956 4.303274e-06 0.41252777 0.2533343 1.777175e-05 9.224171e-06 0.0004368501 0.38231078 1.29485325e-05 0.011335996 0.00060927134 0.046364803 5.2108044e-07 8.7037615e-06 0.36285192 7.439359e-07 3.1268376e-06 1.8388262e-05 4.0566883e-09 0.004987558 0.0005680379 9.870892e-07 0.56606346 0.5193563 0.014930695 0.00035565314 2.7709825e-06 0.0075115566 0.039285216 0.002090564 0.00019394119 0.001684624 0.0015547423 4.1787193e-06 0.025635 0.37182692 5.465133e-05 0.020699836 4.2846377e-06 0.0006073824 6.294634e-06 0.08095351 3.957919e-05 8.256843e-05 8.881625e-06 0.0019577674 0.03329299 3.3664133e-08 1.3730171e-06 1.2744296e-07 0.3571876 0.00015146552 0.0018069043 0.004591613
0.91604567 0.12837677 0.07233103 0.43049505 0.060716636 0.62973213 0.1058686 0.013118259 3.2932972e-18 0.040086772 0.98407155 0.024001166 0.7749016 0.5094858 0.9378535 4.5920464e-05 8.447387e-05 0.012361024 0.00015944285 0.21825723 0.017794704 4.814291e-07 0.40500972 0.0006279235 0.35190895 0.23782438 0.0239105 0.039567318 0.55962473 1.7826193e-06 0.00036425135 1.29119835e-05 5.436811e-07 0.0009047533 0.10557183 2.367047e-05 2.3686094e-05 4.44689e-05 0.3663801 1.3083834e-07 1.0539102e-06 0.0008137784 0.2169102 1.9940916e-07 7.5523944e-06 0.3973998 0.015518145 0.00010947996 0.04322391 0.002515515 0.0010529659 0.061588623 0.029329222 1.8048702e-07 0.052399397 0.00954198 2.3391442e-07 3.246247e-08 0.22166106 0.006886877 0.00036447495 4.7861076e-06 0.0087312795 0.00074232434 0.0108434325 0.00054757576 0.22852272 2.100479e-06 0.0043410514 6.2153404e-06 0.0376273 2.3267604e-07 1.4996658e-07 0.04544445 0.0020950667 0.002291626 0.08918435 0.013087762 7.468569e-05 0.07540726 0.0045746495 0.093158945 0.07866329 4.913748e-08 0.0070455973 0.004506616 6.540171e-05 1.7615907e-08 0.06308951 1.0059248e-07 0.003943995 2.747695e-09 2.8689576e-05 1.3197706e-08 2.115049e-07 9.609767e-06 7.823948e-05 0.005032674 1.5683361e-09 9.945962e-08 0.0003843128
0.9825325 0.687671 0.75877565 0.972787 0.32455477 0.21783681 0.6866422 0.58545715 0.040086772 5.025819e-14 0.0010388333 0.78279173 0.011437585 0.0018930327 0.009348408 0.0008185801 0.04204546 0.16159374 0.0035295547 0.61075646 0.1909347 0.00024937905 2.5464211e-05 0.18994762 2.376819e-05 6.076303e-06 0.32172886 0.03100077 0.0010224693 0.0009995904 0.014561421 0.0042556734 0.00010422827 0.00566548 0.06885379 0.00013510321 0.024777425 0.0001633454 1.7616168e-05 0.0033985635 3.2411754e-05 0.0035159285 9.063155e-05 0.0047024633 0.0035360286 0.00019720923 0.0012009707 0.00047556288 4.554842e-05 0.04355076 0.011081426 0.00013312399 5.266278e-05 8.641448e-06 0.5808299 0.0040268437 0.00023708549 3.6773698e-05 0.028145889 4.519051e-05 2.9533227e-05 0.0028751737 3.3352644e-05 1.6631431e-05 0.00035825765 2.3843927e-07 0.0017811216 0.0007181877 2.4502649e-08 0.063430615 0.3300668 0.0001256824 0.00067496934 8.165233e-05 0.0072209793 0.0019537574 0.0011259821 8.179402e-05 0.01192363 0.0029627506 3.2898564e-07 0.015363652 0.4648694 0.00025877613 0.021833496 2.0402368e-08 0.0011657199 1.0007736e-06 0.080011934 4.324789e-05 1.6479295e-05 5.580254e-06 0.0026585634 0.00095448823 4.291133e-07 2.285104e-05 1.2050381e-09 0.14110042 1.9073832e-05 2.5698659e-05 0.007891485
0.9708035 0.008796312 0.039649673 0.015090997 0.03797107 0.5475488 0.025160285 6.0387043e-05 0.98407155 0.0010388333 3.8017343e-14 0.0018570388 0.6715346 0.7323309 0.48213077 4.703133e-08 3.9659462e-06 0.12259703 8.2575906e-07 0.15231617 0.034081973 1.3796088e-08 0.74596137 7.144152e-06 0.5892991 0.4504261 0.00021718645 0.25649303 0.678993 9.982828e-07 0.00838246 2.8600584e-06 6.963051e-09 2.2270908e-06 0.0014885744 2.0355967e-07 1.0765519e-05 1.9317863e-08 0.4136921 3.6376335e-07 3.5770817e-08 0.00952605 0.3783114 1.2175412e-06 9.1405116e-07 0.45286456 0.43053028 1.3994935e-07 0.0056061964 7.503852e-05 6.4555854e-05 0.33357882 0.0073719057 8.711812e-09 0.008863932 0.0005027016 3.692095e-08 3.8740192e-10 0.2983466 0.11169247 0.026590353 2.3178873e-06 0.06257205 0.009538823 0.00314297 0.012689069 0.26142386 2.425397e-07 0.0010673401 0.0017071809 0.0066670347 6.852723e-08 1.7739614e-08 0.013223264 0.013726325 8.087032e-05 0.2348728 0.017952306 0.005264388 0.104302354 0.0026564563 0.29871437 0.05189338 1.7855499e-09 0.0004155565 0.00061079004 0.0013262578 6.8640055e-10 0.20737453 4.1871626e-09 0.0032095918 8.131801e-09 8.980447e-05 2.019745e-06 4.9340033e-05 0.0012953011 6.098384e-05 0.0048106317 9.808815e-11 1.4203269e-08 1.9266072e-06
0.85455024 0.016563743 0.032329664 0.9784687 0.000950161 0.0045704595 0.027760025 0.13753945 0.024001166 0.78279173 0.0018570388 4.3487217e-17 0.0001362248 5.1188323e-05 0.025032695 0.00079861487 0.009562088 0.00046545026 0.007992701 0.7297236 0.0022701253 7.718116e-06 3.3216595e-05 0.7174919 4.097585e-05 7.9612284e-05 0.9738071 2.71145e-05 2.119346e-05 0.00053421693 9.333197e-06 5.9484173e-05 0.00064927386 0.14864294 0.56527585 0.006708991 5.764283e-05 0.015978407 0.00084347 2.2291244e-06 9.993897e-05 2.199749e-06 0.0039272704 3.1345004e-05 0.00676378 0.009640335 3.6901483e-06 0.013620142 0.00046961353 0.18234672 0.118339375 2.420285e-06 0.002153023 1.45769745e-05 0.60804695 0.03654484 1.5683653e-06 1.3945041e-05 0.11051002 5.750717e-08 2.3591848e-08 2.498031e-07 4.448746e-06 2.4783724e-08 0.0058402056 3.2908679e-10 0.020289475 9.039649e-05 4.6732766e-06 2.4911105e-05 0.2636153 3.1314062e-06 3.713167e-05 3.8568024e-07 8.6385684e-05 0.020448294 0.008410178 0.0035059024 3.1905042e-06 0.010006243 0.00025642707 0.020868983 0.34340557 1.7746073e-05 0.18923038 0.00017260974 2.7439623e-06 1.6177911e-06 0.055378467 7.250129e-07 0.0016361217 1.771311e-08 3.4267247e-05 6.5865146e-07 1.1466922e-10 7.9248713e-10 1.2451466e-08 0.117523015 5.990916e-07 2.6201256e-08 0.117620304
0.83428735 0.32274404 0.37370396 0.07346536 0.6007776 0.88231516 0.5467583 0.0014928394 0.7749016 0.011437585 0.6715346 0.0001362248 1.6683623e-19 0.9710874 0.14535888 2.4691732e-05 1.1283711e-06 0.72505903 0.00018556791 0.015186051 0.7378218 2.0467466e-07 0.654834 9.952864e-07 0.34520757 0.04798972 6.9207977e-06 0.8726377 0.2729554 1.4439161e-08 0.2291979 1.6690898e-06 7.5510334e-06 0.00015171849 0.00026986017 8.495039e-06 2.3704004e-06 3.3415112e-05 0.013237908 1.6798326e-07 3.9912047e-06 0.3283746 0.008730306 7.03885e-07 3.8778232e-08 0.023178512 0.59235543 2.3755454e-05 2.95523e-05 0.00031820024 8.566726e-05 0.08018212 0.00021086879 2.2261024e-07 0.0023620827 2.0713414e-05 1.0643283e-07 3.4306563e-08 0.011016744 0.0063892235 0.028525013 7.030089e-05 0.1745768 0.36344078 2.89131e-05 0.0614281 0.0056504603 3.907507e-08 0.0021790864 0.00081481395 0.0031788812 6.5762706e-09 1.3497158e-08 0.004414477 0.039687477 0.00021150583 0.0068880334 0.0010001248 0.0014251982 0.00193775 0.0007281658 0.0053829113 0.004444001 5.271488e-09 1.1903577e-05 0.00052435684 0.003941068 6.154947e-09 0.004364323 3.0873317e-09 0.00034102888 3.9813275e-10 0.001153264 1.9083475e-07 0.00020455342 3.2171454e-05 2.326341e-05 0.0006714191 8.4131635e-10 4.8517256e-07 2.151363e-08
0.98594165 0.018848255 0.011940545 0.0036031941 0.05491234 0.45448023 0.026367137 1.8133693e-05 0.5094858 0.0018930327 0.7323309 5.1188323e-05 0.9710874 5.761536e-14 0.022978751 2.1860298e-08 3.896206e-06 0.337438 2.4037746e-07 0.041378308 0.084691145 1.4479592e-08 0.8110766 3.650605e-08 0.34664902 0.041278187 2.4014054e-05 0.7076265 0.2939097 1.19085826e-07 0.12909725 1.6911013e-06 7.4900806e-09 1.1306828e-06 5.482051e-05 7.0441786e-08 4.753937e-06 1.50386e-08 0.055395324 1.5310916e-07 4.625072e-08 0.07929173 0.06765106 2.0226769e-06 1.6012193e-07 0.20728673 0.8314286 3.3204355e-08 1.3078185e-05 4.933143e-05 8.323463e-06 0.35673082 0.0001275527 1.3955118e-08 0.00340319 2.7507012e-06 9.3383204e-07 6.291717e-10 0.07758457 0.036990248 0.23240642 7.292551e-06 0.14591423 0.2564971 9.9367426e-05 0.23076504 0.08129611 1.216721e-07 0.0006199251 0.013669343 0.008010963 1.9270804e-07 1.0986305e-08 0.004902129 0.19316849 2.4156809e-05 0.109515004 0.006285736 0.10045417 0.022672256 0.00041741753 0.08685021 0.022763008 4.3498014e-09 1.0844616e-05 0.00025701712 0.030116403 1.9410522e-09 0.08391667 1.5961634e-09 0.0011266846 4.433836e-08 0.004260628 2.9682511e-05 0.0013684389 0.009329958 3.1915803e-05 0.00022732354 6.399177e-10 3.0162269e-06 2.8200105e-07
0.80440944 0.006551602 0.0030614312 0.2976367 0.0019487144 0.033338133 0.0049474323 0.00022405418 0.9378535 0.009348408 0.48213077 0.025032695 0.14535888 0.022978751 2.3749907e-16 1.0778663e-06 4.7968415e-06 0.00037591642 1.725657e-05 0.04398497 0.0010540419 8.220253e-09 0.15664333 0.00016836332 0.39898252 0.95318836 0.007954741 0.0002695621 0.62805396 4.2062695e-07 1.9327538e-06 1.1915905e-06 1.7198393e-07 0.0006293771 0.42423022 1.3691984e-05 1.4598976e-06 1.8930416e-05 0.91086483 1.3223408e-08 3.267793e-07 3.620174e-05 0.6968608 8.4234166e-08 1.2865877e-05 0.6251109 0.00032344303 3.9460472e-05 0.7075085 0.0014397738 0.0012394298 0.032529436 0.4631734 3.8917884e-07 0.007903762 0.16309923 5.581701e-08 1.0519686e-07 0.21717396 0.009664623 2.2987802e-05 1.1402748e-06 0.0009128425 1.8077333e-05 0.21976185 1.0935697e-05 0.22939469 1.857576e-07 0.02738841 9.887307e-08 0.004323559 4.4377536e-08 2.1177355e-07 0.1834071 0.000115548995 0.001321829 0.09743465 0.03558497 1.9325087e-06 0.11430889 0.014452258 0.094747074 0.038495477 4.1773127e-08 0.006804391 0.03171765 3.28966e-06 6.5208012e-09 0.086544536 4.6579878e-08 0.013906344 4.700575e-09 7.024109e-06 3.867735e-07 3.3103225e-07 1.2080443e-06 0.0027011305 0.0033434797 3.2652099e-09 1.8660793e-07 0.0002765099
0.96539056 6.0883947e-05 0.0021803682 0.00046808104 9.761983e-06 3.283404e-06 0.0032635138 0.61377054 4.5920464e-05 0.0008185801 4.703133e-08 0.00079861487 2.4691732e-05 2.1860298e-08 1.0778663e-06 1.2461567e-11 0.8449205 0.0013714542 0.9239059 0.001233127 0.004236516 0.95509857 1.546608e-07 0.008478929 2.0243043e-09 3.0604614e-09 0.001023417 5.1171555e-06 3.8780286e-09 0.58414835 2.052301e-06 0.81377804 0.56851053 0.29749036 9.129935e-07 0.43295208 0.7831938 0.43752837 4.8030694e-07 0.54154575 0.17823368 8.8740853e-07 5.804641e-07 0.40825087 0.092138745 4.0437317e-06 1.4354893e-07 0.19411477 1.9803526e-08 0.09663519 0.09074057 3.1268673e-08 2.0372416e-07 0.06474815 0.0064407196 1.6312705e-07 0.09987793 0.020161046 0.00017592839 2.366233e-08 5.1172425e-08 0.31625336 6.8120474e-09 1.574482e-07 8.9150296e-07 4.171671e-10 4.321445e-05 0.018219247 1.4166143e-09 0.0028765642 0.008487371 0.33266923 0.0051555177 1.6038028e-08 3.3322158e-05 0.022623478 9.0046386e-05 1.21265e-06 3.2441026e-06 4.3281725e-05 1.89521e-08 6.665102e-05 0.0032625056 0.00051344186 0.0017256391 2.2529185e-09 1.661183e-06 0.0017373923 7.2107636e-05 0.0028291824 7.4656946e-08 0.010750248 4.0213134e-05 0.0066895713 3.6958447e-11 3.010681e-09 3.9437495e-10 0.014260976 0.00076522573 0.0003516493 0.0035532822
0.13093643 0.0037313513 0.008880267 0.015848817 0.0001032837 0.00042234155 0.052902605 0.8911199 8.447387e-05 0.04204546 3.9659462e-06 0.009562088 1.1283711e-06 3.896206e-06 4.7968415e-06 0.8449205 5.171211e-18 3.6132657e-05 0.75517225 0.013955267 0.0034408784 0.6885755 2.464127e-07 0.016623816 6.0163174e-08 2.5577236e-07 0.0045074173 4.973171e-07 2.0959463e-08 0.99009395 4.4963528e-07 0.85933536 0.19796047 0.10029416 1.0693268e-05 0.09818895 0.22873873 0.029019304 4.1691183e-06 0.0088716205 0.008984177 3.90181e-06 4.2201842e-05 0.020429358 0.026983298 1.17436975e-05 1.9472978e-08 0.003000296 3.879991e-08 0.013999456 0.014817794 1.6581755e-08 8.106614e-07 0.0006806068 0.01074286 1.4743325e-06 0.046148334 0.0001892048 0.0019838633 7.901642e-10 7.663393e-08 0.020097876 3.4605392e-08 2.897769e-09 2.8220079e-08 9.076448e-11 0.00023093926 0.003270198 4.1431667e-07 0.00012863698 0.005084064 0.0023420898 0.00031950139 8.668182e-10 5.5581536e-06 0.0020568625 0.00014511817 1.8682465e-05 2.5201566e-06 7.824698e-06 8.456917e-08 0.0006508706 0.0063895066 2.8133058e-05 0.00106325 2.412184e-07 2.3679647e-06 6.402981e-06 0.0012256257 0.0001057448 9.358468e-07 0.000116076604 5.6348894e-05 0.00025464493 4.980959e-09 2.355417e-08 6.271451e-08 0.013097863 8.931497e-07 2.2873714e-05 0.00086236506
0.732148 0.81907517 0.03836666 0.0033476865 0.8584412 0.91713834 0.31138024 0.07452961 0.012361024 0.16159374 0.12259703 0.00046545026 0.72505903 0.337438 0.00037591642 0.0013714542 3.6132657e-05 1.0666248e-14 0.0034174155 0.04101257 0.95846486 0.0003033538 0.01468858 1.5989876e-06 0.011039377 0.0027661934 0.0006295091 0.9331741 6.5130094e-05 1.4899726e-06 0.75213945 0.0001372402 0.00017675378 0.0024216045 1.9876516e-05 0.0005724213 4.8955462e-05 0.0004047081 0.0030375693 0.00024160255 4.729223e-05 0.7275968 0.008344125 0.000533213 2.0129357e-06 0.0070803645 0.0049298555 0.0003151494 1.5225348e-06 0.0014114367 0.0010300915 0.0006035564 8.273246e-05 5.1216375e-06 0.006635557 2.6552643e-06 8.287105e-05 2.3109897e-06 0.012976906 1.20010345e-05 0.0007933368 0.0012949547 0.0012098852 0.0537606 2.50955e-05 0.0019677416 0.003914529 1.39385e-07 0.00013728352 0.0064729676 0.0054230066 2.4938715e-06 7.407201e-08 1.1242549e-06 0.12690957 0.0012421384 0.0019696248 0.00043731986 0.005442799 0.0021706624 9.148303e-06 0.0026740402 0.010549581 5.6964712e-08 0.0005861775 1.3580563e-05 0.015362116 3.8526815e-07 0.003811579 9.505938e-08 0.00013247303 9.7392325e-09 0.017107574 8.533205e-05 0.00058284745 3.30709e-06 5.1925883e-07 0.004546445 1.4619951e-07 0.001191855 9.948822e-07
0.99078524 0.00068158534 0.010744616 0.0038939703 0.00013690686 2.2194059e-05 0.007519785 0.6641442 0.00015944285 0.0035295547 8.2575906e-07 0.007992701 0.00018556791 2.4037746e-07 1.725657e-05 0.9239059 0.75517225 0.0034174155 4.516168e-11 0.0033401253 0.007879126 0.87591153 7.493156e-08 0.5379755 3.5864185e-09 1.6729597e-09 0.007326112 1.1326593e-05 1.7388082e-07 0.5536168 5.5651235e-06 0.4639163 0.7652454 0.68217206 0.00017770671 0.88195705 0.4664514 0.77000123 1.8145438e-07 0.31455636 0.32478505 3.3203817e-06 1.7300113e-06 0.2952906 0.6135114 8.144573e-06 7.244866e-08 0.44784167 1.1556012e-06 0.23531267 0.2931268 1.5567295e-07 1.0397074e-06 0.18786614 0.016735982 2.65104e-05 0.05454816 0.1120013 0.0010284828 2.8270276e-07 9.44914e-08 0.06717786 5.661277e-09 1.6645783e-06 2.2350028e-05 5.1323714e-09 6.8272806e-05 0.08673235 1.3691963e-08 0.004542618 0.02418975 0.2569297 0.03536961 4.6214303e-08 5.9883518e-05 0.07537812 1.94893e-05 3.1169468e-06 7.92089e-06 4.887671e-05 9.384409e-08 0.0001273185 0.014219108 0.0120501835 0.011682066 9.68527e-09 1.2270232e-05 0.008687206 0.00054013747 0.00942593 3.205911e-07 0.017461712 0.0001708782 0.0071957605 2.8662495e-09 8.406752e-09 2.5443114e-09 0.062198047 0.008939283 4.2476815e-05 0.020860557
0.9935932 0.5522605 0.25830466 0.9328965 0.26567677 0.39180475 0.093187846 0.43947256 0.21825723 0.61075646 0.15231617 0.7297236 0.015186051 0.041378308 0.04398497 0.001233127 0.013955267 0.04101257 0.0033401253 1.1051951e-14 0.016153177 0.00063315174 0.0056816684 0.018193072 0.007136026 0.0018363805 0.69699293 0.020178888 0.0022973954 4.2940275e-05 0.015224596 0.0006345599 0.00047929917 0.02564294 0.5717504 0.001043128 0.0013037738 0.00053631654 0.002909798 0.0002575407 0.00010296358 0.00040946147 0.008677592 0.00048199485 0.0011414548 0.034459546 0.0031408125 0.0015596526 0.00040473026 0.056567214 0.026633184 0.010212916 0.0010373363 1.6354343e-05 0.78517056 0.019050533 1.2256384e-05 7.608178e-05 0.3413293 0.00070628664 8.117809e-05 4.5013794e-06 0.0020928928 4.226657e-05 0.0072210412 6.0194736e-08 0.13778071 0.00017475954 6.592149e-06 0.012221935 0.68364847 6.68265e-05 0.00038224855 1.8914898e-05 0.0061617875 0.010712536 0.025502374 0.0030018114 0.012842483 0.054783277 6.3233376e-05 0.28129655 0.7980631 0.00032234003 0.06478163 1.4006432e-05 0.002747998 1.6687459e-06 0.50195557 4.0478217e-06 0.00033576236 2.0377604e-07 0.000864781 4.3383883e-05 2.5015905e-07 1.1777199e-05 4.0846783e-07 0.35641494 7.4139434e-06 1.4025564e-06 0.015298248
0.78744197 0.8254275 0.1384529 0.018657573 0.88568497 0.63627857 0.7304293 0.2294253 0.017794704 0.1909347 0.034081973 0.0022701253 0.7378218 0.084691145 0.0010540419 0.004236516 0.0034408784 0.95846486 0.007879126 0.016153177 8.6604626e-14 0.002201824 0.0030888445 9.178326e-05 0.005999513 0.0012990662 0.0013240325 0.854278 5.2537824e-05 5.950534e-05 0.81675404 0.004699529 0.0006361237 0.0066628936 0.0002114889 0.0012643769 0.0058970293 0.0010371935 0.0007371782 0.0021677094 0.00023019977 0.9292155 0.0023537122 0.0045852484 7.906991e-05 0.00096939347 0.0028264672 0.0007205876 8.207763e-06 0.0021825754 0.0022079167 0.0012920478 0.000100784964 0.00013472738 0.010701073 5.6303743e-06 0.0009967142 1.9828578e-05 0.0034137624 3.645813e-05 0.00064116856 0.1259675 0.00041254642 0.08628763 6.482536e-06 0.0020503302 0.00065063697 5.1110277e-05 8.4598345e-05 0.22307633 0.014670673 2.1374639e-05 1.9567397e-06 1.1446563e-05 0.4436326 0.0014984786 0.00019089165 0.00011497389 0.054499276 0.00020524634 2.6316955e-06 0.0003595959 0.013516952 3.210666e-07 0.0023946888 8.211247e-06 0.07380529 1.9557733e-06 0.0018932349 5.9295115e-07 1.4090165e-05 4.2867322e-07 0.10093845 0.0024069403 0.0003028774 4.128012e-06 1.7905503e-08 0.0066085435 4.4447825e-07 0.021038508 3.1961517e-05
0.9297083 7.8030615e-05 0.0003761047 2.7180755e-05 7.484123e-06 4.572575e-06 0.0011250117 0.3180076 4.814291e-07 0.00024937905 1.3796088e-08 7.718116e-06 2.0467466e-07 1.4479592e-08 8.220253e-09 0.95509857 0.6885755 0.0003033538 0.87591153 0.00063315174 0.002201824 1.6147596e-13 1.7507078e-08 0.00053367997 3.8372935e-10 2.7873195e-10 7.630391e-05 4.7345605e-07 3.507583e-10 0.8949886 1.10570085e-07 0.91997886 0.8554543 0.17564583 1.8265374e-07 0.45159528 0.74073607 0.35197496 6.131095e-08 0.7048153 0.6246603 8.379561e-07 2.0801524e-07 0.54698545 0.078490354 2.523739e-07 1.5536171e-08 0.1446226 5.09247e-09 0.068208486 0.0866008 4.626226e-09 2.1277835e-08 0.25710204 0.0035262627 2.1639888e-08 0.21226616 0.07446827 3.1198633e-05 2.7957812e-09 3.3220125e-08 0.2476837 8.396956e-10 6.4605863e-09 2.6908943e-08 3.4419505e-11 7.07625e-06 0.066983834 5.6870425e-10 0.0025075763 0.0045792614 0.56172884 0.0071493536 8.803947e-10 1.6154369e-06 0.0271044 9.280643e-06 1.0892959e-07 8.714886e-07 2.6410837e-06 2.2878468e-09 6.371683e-06 0.0015796402 0.0024695618 0.00047494328 2.427947e-09 7.263486e-07 0.012172934 5.6928116e-06 0.0077024624 2.1052337e-08 0.029781662 3.15457e-06 0.0074593583 3.7331534e-11 1.1420698e-09 7.357751e-11 0.0072885784 0.0023637358 5.916057e-05 0.0019500373
0.96957266 7.457203e-05 0.00095463527 0.0001740709 0.00024434002 0.015876658 0.0004390039 1.9302763e-06 0.40500972 2.5464211e-05 0.74596137 3.3216595e-05 0.654834 0.8110766 0.15664333 1.546608e-07 2.464127e-07 0.01468858 7.493156e-08 0.0056816684 0.0030888445 1.7507078e-08 1.2699229e-12 1.4082092e-07 0.92871773 0.542672 6.529452e-07 0.07890165 0.92517936 5.7011558e-08 0.0011101704 7.080714e-07 1.0709212e-08 3.4626268e-07 1.8016099e-05 9.373281e-08 3.6399e-07 8.997479e-09 0.17228746 3.75975e-07 1.8691267e-07 0.0046654213 0.11644997 9.620244e-07 1.2201275e-08 0.19827259 0.78453666 5.6621005e-08 0.00052743976 3.8097276e-06 5.2388174e-07 0.8912582 0.0013155617 6.3073074e-08 0.0006926902 1.8993202e-05 1.2736872e-07 1.3596136e-09 0.065415725 0.7459959 0.29905057 1.7225314e-07 0.56180906 0.054674085 0.0013095889 0.20831251 0.08869357 5.5881888e-08 0.01162006 0.0007670424 0.0017492687 5.3181234e-06 2.4215183e-09 0.13284563 0.007808891 5.0250915e-06 0.14628577 0.034748707 0.00850688 0.05472713 0.002827989 0.09639073 0.006989509 6.0207306e-10 3.0872977e-06 0.00084342813 0.0021647625 3.442939e-09 0.06031105 2.7464322e-09 0.0034600443 4.3846466e-08 0.00016364384 1.6916118e-05 0.0014041143 0.06882927 0.00035176604 0.0003923727 4.82035e-09 2.8126953e-08 3.3971338e-07
0.28733495 0.00018267038 0.0030563523 0.5240118 2.4067094e-06 3.3519733e-05 0.004287084 0.15771098 0.0006279235 0.18994762 7.144152e-06 0.7174919 9.952864e-07 3.650605e-08 0.00016836332 0.008478929 0.016623816 1.5989876e-06 0.5379755 0.018193072 9.178326e-05 0.00053367997 1.4082092e-07 3.28991e-16 8.660717e-09 3.227031e-07 0.6786118 6.864287e-08 2.2288788e-07 0.039503843 1.1998967e-08 0.0015490657 0.014852224 0.9168194 0.001386486 0.7074715 5.506169e-05 0.77732956 2.2153838e-05 3.1360532e-08 0.0015127221 1.17559e-07 0.00012265162 4.2321625e-07 0.93187124 0.00016050576 9.578638e-10 0.65842605 6.0807024e-06 0.39712226 0.6140414 2.0907718e-08 2.6961596e-05 0.00041828965 0.04208785 0.00013287285 2.1040578e-06 0.00042084887 0.0013465622 8.460656e-09 8.022896e-09 1.099982e-06 1.9361859e-09 1.5223496e-09 6.7457004e-05 2.2598064e-11 0.00037425433 0.0032202187 8.833704e-06 6.727618e-08 0.009100307 4.487915e-08 0.00036781168 1.29771935e-08 3.4482298e-07 0.1566382 0.00013153278 2.3346514e-05 9.462789e-09 6.841124e-05 3.72374e-06 0.0003781571 0.0066429176 0.001191056 0.18167368 6.928408e-07 1.782513e-07 1.9015195e-06 0.00095777446 5.3789854e-06 6.4803603e-06 3.714715e-07 6.888686e-07 2.7249348e-07 1.2892558e-10 8.232247e-11 5.1092066e-08 0.015586468 1.5320555e-07 1.8165799e-09 0.87041783
0.93221754 0.00010336667 0.0014072956 0.0011359827 7.4369476e-05 0.0061436705 0.0016224334 4.739171e-08 0.35190895 2.376819e-05 0.5892991 4.097585e-05 0.34520757 0.34664902 0.39898252 2.0243043e-09 6.0163174e-08 0.011039377 3.5864185e-09 0.007136026 0.005999513 3.8372935e-10 0.92871773 8.660717e-09 6.7112975e-17 0.7196674 5.3395155e-07 0.0323375 0.97538906 8.343187e-10 6.81201e-05 1.9863071e-08 1.466846e-10 4.7414286e-09 0.00016006522 3.3094572e-09 1.6522751e-08 2.5918049e-11 0.5401498 1.5730216e-09 8.422829e-10 0.002024721 0.35124737 9.291557e-09 6.699478e-10 0.35706064 0.4265769 1.9470506e-10 0.01644948 3.9535274e-07 1.0912777e-07 0.8212154 0.013043808 2.7824276e-10 0.0004512863 0.00017350572 1.0087019e-09 1.0197565e-11 0.106819645 0.7101838 0.086040385 2.3011653e-08 0.3098074 0.01163306 0.00630279 0.03829154 0.10584702 7.4798585e-09 0.04870558 8.683054e-05 0.00018872057 2.3908216e-08 1.6532412e-10 0.231383 0.004642617 3.81887e-07 0.07211331 0.034293734 0.0007830114 0.05422443 0.008785149 0.06533187 0.005045536 1.7731311e-10 5.127683e-06 0.004172508 6.686869e-05 4.7124717e-12 0.03152133 9.273347e-11 0.0062816315 1.9747506e-09 1.1282656e-06 3.2333796e-09 0.00018188378 0.013683137 0.00033869006 0.00013517487 2.940089e-11 1.4929409e-10 8.309274e-08
0.9790131 2.6955551e-05 0.0012995667 0.0028256155 3.3947894e-05 0.0010388651 0.00048784143 4.5732556e-08 0.23782438 6.076303e-06 0.4504261 7.9612284e-05 0.04798972 0.041278187 0.95318836 3.0604614e-09 2.5577236e-07 0.0027661934 1.6729597e-09 0.0018363805 0.0012990662 2.7873195e-10 0.542672 3.227031e-07 0.7196674 6.8318533e-16 2.4410058e-06 0.0046020285 0.8987466 5.770843e-09 3.565847e-05 5.7766837e-08 2.6775548e-10 1.8824352e-08 0.006805251 3.3435477e-09 2.941444e-07 6.5348427e-10 0.89767146 4.5043866e-09 1.9075101e-09 7.2127514e-05 0.6869167 1.3350933e-08 7.926462e-09 0.47444937 0.15380691 1.93827e-09 0.60845816 1.3237261e-06 4.2909286e-07 0.64627004 0.27512285 1.0420346e-09 0.00025613207 0.004312508 2.5322902e-09 2.9421646e-11 0.07479725 0.7454615 0.0077455803 2.0968661e-08 0.1488115 0.00025880747 0.025126636 0.0045025647 0.1209707 6.9156143e-09 0.15240704 3.0465146e-06 0.0004493224 5.482892e-09 8.9103763e-10 0.38618523 0.00033978763 1.2846939e-06 0.1321831 0.10244204 1.71189e-05 0.13108085 0.047256194 0.12563764 0.012762996 4.354292e-09 3.8652055e-05 0.064691715 1.4362307e-06 8.083279e-12 0.07521366 1.3634643e-10 0.04651456 1.0802165e-08 7.647985e-07 2.9628703e-08 1.1287585e-06 0.0014666952 0.006687045 0.0012790516 1.369048e-11 9.1047314e-10 8.915404e-07
0.98937196 0.012928094 0.025207024 0.30659762 0.0007003684 0.0019045987 0.0059736357 0.08875138 0.0239105 0.32172886 0.00021718645 0.9738071 6.9207977e-06 2.4014054e-05 0.007954741 0.001023417 0.0045074173 0.0006295091 0.007326112 0.69699293 0.0013240325 7.630391e-05 6.529452e-07 0.6786118 5.3395155e-07 2.4410058e-06 4.562162e-13 1.8309436e-06 8.342059e-06 9.1231115e-05 4.512423e-07 6.4394386e-05 0.00065370166 0.5859244 0.42175537 0.0058584665 6.705076e-05 0.06551125 0.00033296028 5.234872e-07 0.00017667576 4.4960675e-06 0.0013644707 6.3849498e-06 0.0168894 0.005289286 1.334154e-06 0.06763967 1.8009005e-05 0.5678536 0.39559907 3.8525937e-05 0.00034422454 3.9787796e-05 0.8445324 0.012157203 6.9496764e-07 0.00016531184 0.18874364 2.004893e-06 4.7050472e-07 2.1842359e-06 1.2579518e-07 4.051475e-06 0.0015531351 2.0090722e-09 0.037058897 5.2590913e-05 3.6529004e-06 0.00017755933 0.6255026 4.2007576e-07 0.00021882683 4.3839023e-08 0.00018462757 0.104466885 0.01613154 0.0030452295 3.6690642e-05 0.016238764 0.00028560386 0.045659445 0.7352652 0.0007066353 0.60888344 2.9945628e-05 0.00035803515 3.3885578e-06 0.115734994 2.5834644e-05 0.00064646883 5.8239117e-08 0.0004577818 2.5355985e-05 3.2278877e-10 4.4612534e-08 2.4180446e-08 0.6374694 1.3894756e-05 3.165594e-06 0.46958104
0.88726026 0.5066915 0.020092413 0.00059667724 0.71476656 0.8201982 0.28944468 0.002572924 0.039567318 0.03100077 0.25649303 2.71145e-05 0.8726377 0.7076265 0.0002695621 5.1171555e-06 4.973171e-07 0.9331741 1.1326593e-05 0.020178888 0.854278 4.7345605e-07 0.07890165 6.864287e-08 0.0323375 0.0046020285 1.8309436e-06 3.7256959e-16 0.00021139857 6.8379826e-08 0.95682496 3.3640226e-06 3.95927e-07 5.6548697e-06 2.2678003e-06 3.644459e-06 1.1304924e-05 3.3158992e-07 0.003403927 4.794957e-06 7.6867246e-07 0.9463937 0.004901683 6.492055e-05 5.8843717e-09 0.004940777 0.20851672 2.242179e-06 3.8687605e-07 0.00018444244 6.252864e-05 0.005055475 7.978935e-06 4.557877e-08 0.001648295 1.0411039e-07 2.07569e-05 1.6134976e-09 0.009285956 4.636504e-05 0.026991192 0.0005577908 0.0046863803 0.5132211 8.613133e-07 0.049202397 0.004347515 4.9248573e-08 0.0004256256 0.032406054 0.005940377 3.4753637e-07 4.884672e-10 2.8888458e-05 0.5393144 6.779353e-05 0.002798987 0.00029471767 0.13121651 0.0012375583 2.7543592e-05 0.002629039 0.0042973217 2.3664246e-10 4.866982e-07 4.320028e-05 0.07680895 2.0057143e-09 0.0026352922 1.672749e-09 6.777084e-05 5.4416116e-10 0.051110644 6.2883555e-05 0.00313911 0.00060758484 8.5737265e-06 0.00019305579 3.6834816e-10 0.0023084555 7.699236e-10
0.6110205 0.0011962977 0.00021743741 0.0017602012 0.0005139825 0.023938445 0.00111999 2.401664e-07 0.55962473 0.0010224693 0.678993 2.119346e-05 0.2729554 0.2939097 0.62805396 3.8780286e-09 2.0959463e-08 6.5130094e-05 1.7388082e-07 0.0022973954 5.2537824e-05 3.507583e-10 0.92517936 2.2288788e-07 0.97538906 0.8987466 8.342059e-06 0.00021139857 2.049768e-17 1.8215284e-08 4.5916295e-07 7.7872976e-08 5.0195563e-09 2.2981993e-07 0.00067306124 1.5261763e-08 8.507618e-09 6.8433616e-07 0.56732196 1.7178541e-09 2.7909502e-08 8.160609e-05 0.19934168 2.9520608e-09 1.8128045e-08 0.16215304 0.0012954352 2.4680804e-07 0.1978591 1.5188693e-05 8.60368e-06 0.29865673 0.01853121 1.6239255e-07 0.00071091537 0.0007798806 1.7429206e-09 2.0562423e-08 0.018545672 0.0797834 6.5267624e-05 1.5481328e-08 0.04529936 3.7336627e-05 0.0024077853 0.00010968165 0.033040356 5.6782365e-08 0.12679262 1.0752686e-08 0.00019471809 4.4627235e-09 1.7321589e-10 0.39389107 9.447559e-07 4.8906746e-05 0.031068163 0.02416967 1.4395034e-07 0.024376163 0.011163697 0.009968578 0.0012801896 3.6938435e-11 9.8356495e-06 0.013558595 4.2704022e-07 4.56394e-08 0.004141836 1.1416408e-09 0.0030704266 8.799952e-10 5.6964035e-07 1.977454e-08 8.154879e-06 7.733674e-07 0.010294897 0.00012734425 3.8923134e-10 3.6134218e-10 3.6807396e-08
0.027720852 0.00010908808 0.000451981 0.00038366462 7.5475277e-06 2.2760953e-05 0.002509362 0.07446441 1.7826193e-06 0.0009995904 9.982828e-07 0.00053421693 1.4439161e-08 1.19085826e-07 4.2062695e-07 0.58414835 0.99009395 1.4899726e-06 0.5536168 4.2940275e-05 5.950534e-05 0.8949886 5.7011558e-08 0.039503843 8.343187e-10 5.770843e-09 9.1231115e-05 6.8379826e-08 1.8215284e-08 7.1851315e-18 3.1716905e-07 0.8698643 0.3791243 0.026739547 3.040689e-06 0.16990209 0.1452353 0.019135064 1.489209e-07 0.008144524 0.23380421 3.0024955e-07 1.2086343e-06 0.012732246 0.24678898 5.774269e-07 9.483621e-09 0.006990788 1.8180044e-09 0.003109983 0.0052839913 1.195754e-09 1.6922028e-08 0.0387746 0.0003158086 9.888119e-08 0.03477753 0.009647035 3.2406763e-06 2.5453586e-10 3.8628136e-09 0.010547585 3.374924e-09 9.0953767e-10 1.0542593e-09 1.3972416e-10 1.630835e-07 0.195337 3.4773364e-09 6.2668128e-06 0.00018864915 0.03165743 0.004114943 7.986463e-10 5.155568e-06 0.0028939722 6.6271355e-07 6.204636e-07 1.2472052e-06 6.3796236e-08 7.3136706e-09 2.0808836e-06 0.00090627396 0.0019864456 0.000823254 8.036266e-09 2.2120248e-07 0.0010250526 1.2560392e-06 0.0019259169 1.8833516e-07 0.0025678107 6.3260063e-06 7.855372e-05 5.082136e-09 3.9391377e-08 9.493987e-10 0.00092782715 1.3257103e-05 2.808565e-06 0.005579057
0.96575373 0.3167462 0.0007704383 2.7729866e-06 0.57666767 0.58976674 0.01661447 0.0012534958 0.00036425135 0.014561421 0.00838246 9.333197e-06 0.2291979 0.12909725 1.9327538e-06 2.052301e-06 4.4963528e-07 0.75213945 5.5651235e-06 0.015224596 0.81675404 1.10570085e-07 0.0011101704 1.1998967e-08 6.81201e-05 3.565847e-05 4.512423e-07 0.95682496 4.5916295e-07 3.1716905e-07 2.8801156e-12 8.0071504e-07 7.083196e-08 4.975882e-06 3.2293704e-07 1.6038862e-07 3.4219127e-06 2.7489993e-06 0.00039182787 2.2733718e-06 1.1966884e-07 0.9631512 0.00017987007 3.8645645e-05 4.5082484e-08 0.001254254 0.0026030242 7.344793e-06 1.1989067e-07 0.00029483996 2.9031358e-05 6.928101e-06 2.7451648e-07 4.3554984e-08 0.006808529 2.8295875e-07 1.2518482e-05 4.641401e-09 0.0033005034 5.025098e-07 0.0018145741 0.00012655272 3.8659837e-05 0.21127583 9.643394e-08 0.00082638435 0.0035617147 1.2083882e-07 5.238738e-07 0.15150537 0.033867016 8.706421e-07 3.4148817e-09 4.825861e-07 0.70168996 0.00041764806 0.005259262 3.8560083e-05 0.6915238 0.0040733255 4.603325e-08 0.007031773 0.04131776 9.984403e-10 2.8321695e-06 7.819669e-08 0.48378664 2.9448062e-09 0.017598858 1.4914787e-09 6.7176137e-07 1.2491548e-08 0.13929544 0.00080718874 0.0023935733 5.7328143e-05 7.613189e-08 0.006615344 1.2902263e-08 0.0032817188 2.9693592e-08
