1.4755727e-14 0.9862654 0.9791662 0.9989352 0.9612324 0.99762297 0.98615813 0.97939754 0.9991014 0.99549663 0.9931285 0.997039 0.99990183 0.99114466 0.9837488 0.9975616 0.9802745 0.9997815 0.9799159 0.98274165 0.97234136 0.9888919 0.9842089 0.9724331 0.9889194 0.9999755 0.99177015 0.97888947 0.97144073 0.97247815 0.99989307 0.9776868 0.99035853 0.9991605 0.98885924 0.92944074 0.9925142 0.92613876 0.9762443 0.9129468 0.9870368 0.9576939 0.7720845 0.86791134 0.84463453 0.64490575 0.9912415 0.43000185 0.94337904 0.7941533 0.7795815 0.7758449 0.9965614 0.99989015 0.99947417 0.99896467 0.52609575 0.9623321 0.5723808 0.3131054 0.3447879 0.9422682 0.9487279 0.7912918 0.4029529 0.74282473 0.010755022 0.92847276 0.25007468 0.028350541 0.7146318 0.16465378 0.9700574 0.877949 0.8338092 0.11382014 0.59360534 0.10740769 0.6429747 0.99899954 0.98372316 0.0064492044 0.9385569 0.993144 0.931966 0.024715839 0.02573011 0.63490254 0.28936008 0.0004238437 0.9383319 0.1921062 0.0076547028 0.66216016 0.089510895 0.11019866 0.12324008 0.13052484 0.018545855 0.20009117 0.37487203
0.9862654 8.4101845e-09 0.94894814 0.59328943 0.955924 0.51836264 0.83854854 0.8286588 0.94385463 0.31097797 0.19430803 0.38182902 0.35590586 0.18609028 0.066374436 0.14751408 0.47505793 0.4522725 0.038895268 0.104794115 0.040185668 0.1634216 0.14345787 0.16882224 0.0068050977 0.105317384 0.003764806 0.015010747 0.0063655037 0.10252868 0.04901705 0.0133017 0.02182306 0.21250112 0.018193368 0.2165065 0.014544517 0.0035978565 0.06297366 0.0015132177 0.022607673 0.052182984 0.0068905107 0.00220126 0.0049466756 0.0024027308 0.0068543553 0.0006982309 0.00064764376 0.004311166 0.00013508002 0.0010532506 0.0055119954 0.0062438515 0.007172514 0.013130417 0.00018926525 0.006237302 3.3675038e-05 0.00019627766 3.734571e-05 0.0031778535 0.0014523794 0.0026879953 2.8134265e-05 0.0003311818 2.5337711e-05 0.0026741305 0.0006012472 2.3845166e-06 0.00028716555 2.0287293e-06 0.0049723056 0.00041249665 0.00052540883 1.9360532e-05 7.414259e-05 5.0812467e-08 0.00093612226 0.0015687029 0.013711058 9.498924e-08 0.00010189862 0.00084678776 0.00077101897 1.4091859e-05 0.00012044828 0.0011972096 4.3756286e-06 6.4325394e-07 0.00027961913 0.0004742795 4.1758853e-05 0.000113577196 1.010666e-06 7.137563e-07 0.00014537804 3.4027926e-05 3.5074885e-07 1.0696787e-07 2.1527598e-05
0.9791662 0.94894814 2.3315394e-08 0.97207993 0.7104712 0.19287738 0.80165076 0.95012206 0.40631506 0.7200586 0.041573223 0.24982399 0.33195543 0.4735004 0.011724809 0.39997533 0.08748457 0.23550908 0.0072408332 0.007457068 0.16851622 0.046008572 0.056744646 0.27702284 0.06075481 0.050588768 0.10949072 0.0015623122 0.0019595271 0.019471036 0.033375137 0.003944787 0.006869367 0.25501275 0.18034445 0.20553866 0.046362415 0.000248175 0.038927507 0.0241281 0.0024482235 0.10589318 0.0003326093 0.009347583 0.014018387 0.011974741 0.0012895088 0.004247639 0.0023111298 0.0014086895 0.0028634714 0.00024094104 0.011334212 0.005563593 0.0044707134 0.015771333 5.1888487e-06 0.0003786419 0.00071069464 0.00213076 0.0006450561 0.0005030109 0.002275886 0.0020442111 0.00038077898 0.0020817702 0.0016286856 0.0016210184 9.4676725e-05 6.1031256e-05 6.901173e-05 6.86566e-05 0.0019593758 0.0005082721 0.00039822966 1.2366576e-05 7.991157e-06 8.172248e-06 0.0012233264 0.00066082535 0.0037497352 1.10137225e-05 3.2547177e-05 0.00023360914 0.0004917506 0.00019246386 0.00045113542 0.00071036746 4.932935e-07 5.29072e-08 0.0003461922 0.0008653016 0.00016348269 0.00020302006 1.771948e-06 2.7370325e-07 0.00029805806 0.0016082961 3.915008e-06 3.5430897e-08 5.6821233e-07
0.9989352 0.59328943 0.97207993 2.4254152e-09 0.15191571 0.04113017 0.2008224 0.9533696 0.15914011 0.72775644 0.0068829446 0.107679434 0.41463304 0.34001294 0.0027422402 0.28445643 0.054152817 0.10007873 0.003400945 0.0040142746 0.7560683 0.025558459 0.061345495 0.4906049 0.105234854 0.24639209 0.3402429 0.008180585 0.00026290014 0.0063288184 0.009955106 0.00017141273 0.0028810366 0.11295813 0.70450824 0.13305157 0.020176949 0.000323647 0.03229967 0.053536467 0.05377166 0.02530707 0.00038512071 0.009208873 0.19178069 0.008654736 0.15769237 0.002038136 0.006309537 0.0035463865 0.019136406 0.00014671177 0.0020400698 0.0034678222 0.00023943017 0.0031293049 1.0307824e-06 0.019006042 0.006396997 0.009091636 0.0068196547 0.022051742 0.00060122367 0.04150831 0.00034069616 0.0005444447 0.00019173308 9.140991e-05 0.00021877758 0.00076807424 0.0010256149 6.683802e-05 0.0005098788 6.0251996e-06 1.0908428e-05 4.1169386e-07 8.3235975e-08 0.00010034629 7.281255e-05 0.002298876 0.0024546739 0.00022270803 9.846342e-07 3.8596656e-05 0.001209996 0.009535943 0.0062195505 0.0031482961 1.6562088e-07 4.4468558e-07 3.5039632e-06 0.004779973 0.0051496797 2.8430633e-05 2.5100606e-08 1.2987917e-06 0.012424271 0.00026071 0.004960004 1.9828738e-08 3.7032012e-07
0.9612324 0.955924 0.7104712 0.15191571 3.6774883e-09 0.9590258 0.94852 0.42553008 0.87747216 0.026231859 0.83714074 0.26732144 0.45988014 0.027892474 0.4975966 0.01339993 0.718774 0.4099817 0.2622853 0.6176922 0.0011529495 0.27631232 0.13342936 0.0075438754 0.0005154937 0.08516382 0.00011696759 0.09128528 0.10040438 0.19000429 0.04848704 0.09570683 0.053205878 0.047547378 0.00028867627 0.049985364 0.0017455941 0.027544187 0.042875722 0.000107906555 0.009343657 0.008949766 0.026480038 9.222407e-05 0.000109577726 9.423713e-05 0.0012813531 1.899706e-05 2.1575283e-05 0.009644924 2.3460666e-06 0.008585239 0.0021873252 0.004447009 0.009971953 0.0056596985 0.0012376386 0.0023921118 1.6025743e-07 3.8511277e-07 2.410866e-07 0.00079272385 0.00043923 0.00096979627 5.1992185e-07 6.693767e-05 2.8962666e-07 0.003929859 0.0007454984 3.4887095e-09 0.00015516746 1.8539755e-08 0.0029787095 0.0015275555 0.0012420497 0.00010631196 0.00050053885 3.129461e-09 4.727653e-05 0.0010763415 0.009818776 3.5425205e-09 0.00032258852 0.0007173197 0.0007334133 9.1833286e-08 1.0789977e-06 0.0007751262 6.34727e-05 1.0650411e-05 9.539627e-05 0.00011646215 4.8216034e-06 4.0579194e-05 1.3494103e-05 5.9394692e-06 2.9257167e-06 2.2475067e-05 3.802384e-08 4.0332056e-06 2.9137813e-05
0.99762297 0.51836264 0.19287738 0.04113017 0.9590258 1.099996e-11 0.8285814 0.03125465 0.42922905 0.02050841 0.88306147 0.2548726 0.23281877 0.0009206107 0.7805902 0.008161551 0.4164753 0.34532672 0.68142533 0.78261924 0.0018736592 0.17924702 0.40505722 0.025980072 2.2518449e-05 0.051865067 1.2542144e-05 0.26915613 0.3732882 0.05517276 0.11799826 0.26211748 0.033710513 0.008472405 0.00029409633 0.121631294 3.12842e-05 0.34039986 0.0044998624 1.2727006e-06 0.3974356 0.00013271012 0.039294023 2.4306707e-06 0.0019592224 1.5968017e-05 0.31914985 5.38163e-07 1.4284181e-07 0.22482286 5.3281486e-08 0.10545038 0.00019886366 0.0014743881 0.0006751477 0.00045671384 0.03317391 0.3658343 2.2073941e-08 5.6187156e-07 3.80324e-08 0.12228656 3.8344206e-05 0.079462655 5.034209e-08 1.12529e-06 8.581317e-08 0.00060462794 0.17716102 3.1358123e-09 0.1497787 5.036723e-09 2.3751196e-05 0.00020405542 0.00038208865 0.005284586 0.0009146076 7.2442954e-09 3.9551814e-08 0.0010061465 0.00025469373 2.6759885e-09 3.6312187e-05 0.00026404415 0.002281111 1.1586718e-05 1.7109971e-05 0.12448233 0.0014163328 0.0011077565 3.2093421e-06 0.0015763106 6.170975e-07 4.326264e-06 0.0016549253 0.027611941 0.00012732894 1.0753164e-07 2.5628794e-06 0.0003429273 5.6834408e-05
0.98615813 0.83854854 0.80165076 0.2008224 0.94852 0.8285814 2.3450641e-10 0.37247714 0.91893286 0.4222153 0.6644224 0.9077358 0.08541009 0.021583635 0.56676525 0.00806477 0.3280245 0.433366 0.5635814 0.40610442 0.017380318 0.073137596 0.6177918 0.14322114 0.00044173826 0.020047028 0.00028551777 0.019965392 0.042097677 0.057669155 0.04271765 0.050015096 0.021258041 0.048250865 0.003490113 0.79065543 0.00051607785 0.069439806 0.005577554 0.00018427524 0.39211017 0.0011543358 0.0059425775 3.989167e-05 0.008597467 0.00016177945 0.09033902 2.1470723e-05 4.9527025e-06 0.24804889 3.8433477e-06 0.008160473 0.00069742097 0.00057606614 0.0021066307 0.00089660956 0.0004892786 0.11580045 1.3642825e-06 3.622174e-05 3.0503697e-06 0.035455175 0.00028260803 0.049796388 5.079656e-07 6.866985e-06 1.3308616e-06 0.0014266437 0.005837036 3.7110462e-07 0.005748431 3.301156e-08 0.00037773192 0.00023144217 0.00037137268 0.0005396697 9.7981865e-05 5.040144e-09 8.405903e-05 0.00013050283 0.0013178892 5.5812436e-08 0.000106275365 0.00026140086 0.00011934819 1.409491e-05 2.2731732e-05 0.01331353 4.320502e-05 0.00048602777 7.6067886e-06 0.0054411716 0.00012681852 1.3417704e-06 6.836816e-06 2.39515e-05 0.00024339622 2.9459276e-05 6.00823e-07 4.8054056e-07 1.2862196e-05
0.97939754 0.8286588 0.95012206 0.9533696 0.42553008 0.03125465 0.37247714 7.636396e-09 0.26153398 0.20464757 0.0068487483 0.019241543 0.5324876 0.938803 0.0011483281 0.8550772 0.112962745 0.09921862 0.0001792042 0.0018978873 0.18527938 0.08538705 0.01995156 0.14748068 0.44375953 0.18424374 0.7200366 0.0017351799 6.945179e-05 0.025540922 0.014881239 0.00030818532 0.0010710068 0.23038489 0.43013865 0.14227796 0.4646515 1.8022352e-05 0.21136694 0.29811049 0.0012266444 0.6687872 6.284189e-05 0.21264412 0.0054432293 0.14436735 0.0007347883 0.07481206 0.049162295 0.00012291309 0.013439752 8.366135e-06 0.015084617 0.011061766 0.0006348677 0.014666365 5.145351e-08 0.00011677522 0.0033267243 0.0013901966 0.0009446465 0.00065357727 0.003571516 0.0012906517 0.0025570008 0.020192003 0.013257009 0.00019943627 5.5269043e-06 7.4047406e-05 8.3384907e-07 0.00036296705 0.005521924 5.2809082e-05 1.6230339e-05 1.1961287e-08 2.4020292e-08 0.00013231873 0.022674749 0.0012670198 0.008490455 1.1552348e-05 1.2544099e-06 2.3903829e-05 0.00070195645 0.0002974623 0.0008430715 4.8454884e-05 2.8143267e-08 1.9323896e-09 4.7202917e-05 0.0005214051 0.00020373186 0.0005406727 1.3270328e-08 1.6247736e-08 0.0001211285 0.0021727853 4.0883165e-06 2.6550917e-10 1.2342622e-07
0.9991014 0.94385463 0.40631506 0.15914011 0.87747216 0.42922905 0.91893286 0.26153398 2.2003906e-08 0.17484568 0.18551153 0.62215996 0.84044605 0.028493758 0.13381498 0.16240692 0.4961155 0.20171301 0.17313686 0.1554506 0.047730446 0.31366584 0.7315179 0.18739022 0.0067649567 0.3368586 0.005163821 0.1841105 0.04488426 0.092427455 0.044055842 0.029546786 0.054628223 0.024134569 0.010248312 0.3107001 0.0032778666 0.03956613 0.028574185 0.0012094935 0.588847 0.010172406 0.02131849 0.0010095293 0.010370007 0.0010529668 0.64231 0.00032931287 0.0005265959 0.1287253 0.00031699415 0.00966477 0.00072207 0.0071041826 0.00073224725 0.0004071955 0.012240412 0.36379072 7.718687e-05 9.492888e-05 6.675095e-05 0.2019378 0.00021986017 0.2060514 2.713227e-05 0.00039382649 1.7883056e-05 0.00088153034 0.05381728 2.0384952e-05 0.0796953 6.268026e-06 0.0013360877 0.00017503975 0.00022317197 0.0001992437 0.00044659682 7.807326e-07 0.00018056786 0.0036581669 0.0017827624 6.727799e-06 8.2284736e-05 0.00013055437 0.0046342565 0.0003705535 0.00019818416 0.118047185 0.0003175766 5.0790262e-05 1.0274797e-06 0.008968833 0.00018846303 2.9643674e-05 0.00014208513 0.0008417757 0.0023238347 7.9671154e-05 9.006898e-05 0.00012309397 0.00040903135
0.99549663 0.31097797 0.7200586 0.72775644 0.026231859 0.02050841 0.4222153 0.20464757 0.17484568 4.1693363e-12 0.002188356 0.22153433 0.0059367884 0.039543863 0.00068282604 0.0018459704 0.00014734751 0.024414895 0.0006217783 4.3418277e-05 0.9321693 0.00015458405 0.121989675 0.9826592 0.00088183396 0.003600494 0.001547449 1.6463304e-05 1.8248313e-05 3.704371e-05 0.0016261642 8.905509e-06 0.00015361879 0.018955592 0.21925178 0.83286583 0.00060416915 0.00014375916 7.553731e-05 0.00048562724 0.110433675 0.000115049465 1.635821e-07 5.646886e-05 0.6402242 0.00030166612 0.46323842 1.7014538e-05 4.561656e-06 0.006027609 0.00029543357 8.136235e-06 7.257386e-05 9.035026e-06 2.3813249e-05 0.00060857245 7.810483e-09 0.087647386 0.00017116131 0.0015102931 0.00037100134 0.21483208 1.634897e-06 0.5667737 3.6411777e-07 5.8256396e-06 1.5377937e-05 2.7135687e-07 0.00026837367 2.1773154e-05 0.013017444 3.033467e-07 6.617031e-07 5.9022245e-08 4.365706e-07 9.416863e-08 1.17913e-09 1.7896379e-07 2.7956266e-09 1.0051547e-05 1.7327885e-06 4.311909e-06 4.566574e-10 6.620888e-07 4.7201885e-07 0.01686139 0.017919919 0.08804932 6.7169303e-10 2.9506057e-07 4.3992707e-09 0.52312016 0.000842584 8.5656346e-08 6.484354e-08 4.7448216e-07 0.1295902 1.6960038e-07 0.017779345 1.3670063e-09 1.5425357e-08
0.9931285 0.19430803 0.041573223 0.0068829446 0.83714074 0.88306147 0.6644224 0.0068487483 0.18551153 0.002188356 1.2224829e-11 0.09000525 0.065595716 0.0001444835 0.95099723 0.0010052077 0.29047492 0.18529789 0.8552912 0.9283785 0.00036576294 0.07276522 0.30873382 0.0063325446 1.7508667e-06 0.012564449 1.0746454e-06 0.21943374 0.6775039 0.027593147 0.05907228 0.3700581 0.021026948 0.0018922152 5.7271096e-05 0.05423056 7.893829e-07 0.69278467 0.0009910807 2.4467633e-07 0.29658508 2.8321712e-05 0.028194351 1.5817483e-07 0.0003138076 8.557082e-07 0.18168983 5.4817235e-08 1.3713186e-08 0.3051519 1.0655668e-08 0.2877846 5.294342e-05 0.00040268054 0.0003183456 0.00012905257 0.052780513 0.37144333 1.06676445e-08 9.226537e-08 8.963683e-09 0.0756453 3.4712218e-06 0.04763851 1.8194138e-08 1.1180049e-07 3.087292e-08 0.0003710484 0.34547684 1.6756773e-09 0.16631651 2.7452016e-09 8.918207e-06 0.00014235667 0.00018868441 0.020939067 0.00084845535 3.872819e-08 3.4371077e-08 0.0002997559 0.00011256025 2.9097156e-09 7.3749856e-05 9.3950075e-05 0.0009107131 1.3305797e-06 5.3439862e-06 0.1582337 0.0025533738 0.0026646936 5.0795103e-07 0.0008574225 3.5981972e-07 2.6766267e-07 0.006096835 0.0829848 4.4159802e-05 5.268385e-08 7.0609366e-07 0.00076485623 5.0396353e-05
0.997039 0.38182902 0.24982399 0.107679434 0.26732144 0.2548726 0.9077358 0.019241543 0.62215996 0.22153433 0.09000525 8.046579e-15 0.005660514 0.00096126326 0.06582704 0.00019170674 0.004228621 0.05530898 0.11905456 0.0012316167 0.021614918 0.0009503786 0.9513283 0.33656132 1.6113165e-06 0.00160418 8.648972e-07 5.9710837e-05 0.00052463525 0.00016803703 0.006307579 0.00022971774 0.001013624 0.0047539715 0.0005789115 0.8460271 5.8128367e-06 0.017442279 2.3927641e-05 5.454828e-07 0.7814811 9.773487e-06 4.4253982e-05 2.3925642e-08 0.021302126 5.368891e-07 0.88610154 1.9012528e-08 8.6507734e-10 0.15474682 9.697735e-08 0.0004003033 6.7690024e-07 4.2477e-06 2.2622715e-05 6.3522224e-05 1.3307067e-06 0.61043906 7.4302655e-08 1.4609185e-06 1.9318554e-07 0.6386272 4.426941e-08 0.6045009 1.3660062e-08 7.1259905e-08 8.711953e-07 1.021664e-06 0.037826404 2.5099073e-08 0.3351587 5.97339e-09 4.732613e-08 1.369756e-07 1.2146094e-06 6.948574e-06 7.421565e-09 6.711939e-09 7.1234996e-09 7.3785725e-07 3.3927338e-07 3.1077573e-08 1.5357855e-09 2.3987866e-07 4.883131e-06 0.00018686164 0.00010500417 0.48171505 3.561308e-08 9.2432834e-05 1.1481104e-10 0.08389667 1.9317506e-05 1.8400144e-08 5.374173e-07 0.00014587176 0.00335715 1.0661468e-07 6.8946145e-05 9.078608e-08 6.335183e-08
0.99990183 0.35590586 0.33195543 0.41463304 0.45988014 0.23281877 0.08541009 0.5324876 0.84044605 0.0059367884 0.065595716 0.005660514 7.925582e-06 0.28450033 0.007000232 0.6934246 0.88811255 0.78447187 0.001670593 0.07035741 0.0012171576 0.786099 0.0058754175 0.0022388396 0.0059455824 0.88312227 0.0026116876 0.032210357 0.0024608138 0.56257135 0.11818758 0.011476235 0.13740383 0.32895532 0.0011227202 0.01496408 0.05893217 5.7538855e-05 0.7194254 0.00050070067 0.00026417716 0.5512931 0.031018825 0.004009496 6.9960806e-05 0.0013781901 2.6375457e-05 0.0014776405 0.0013844434 0.0004990543 1.2933194e-05 0.00026572123 0.029432677 0.45713493 0.035208207 0.027929785 0.000103353945 1.3809496e-05 7.1924906e-06 1.0104756e-05 9.531065e-06 2.0316522e-05 0.0034696667 0.00013488771 3.2176704e-05 0.0010756005 2.4671277e-05 0.012033279 0.00015051643 1.3583017e-06 3.316745e-06 6.107748e-07 0.068883575 0.002561896 0.0013870832 2.28022e-06 0.00047210374 9.2857505e-08 0.009823478 0.04618455 0.09230437 1.849811e-08 0.0016726855 0.0035985236 0.15636802 6.171246e-07 1.9114505e-06 0.0002787208 1.8749346e-05 1.1636871e-07 0.0004013452 3.9259052e-05 1.10234005e-05 0.00054429186 2.9228975e-06 5.2683026e-07 7.5788995e-07 0.0012113294 1.6052144e-07 2.6313692e-06 0.00045629768
0.99114466 0.18609028 0.4735004 0.34001294 0.027892474 0.0009206107 0.021583635 0.938803 0.028493758 0.039543863 0.0001444835 0.00096126326 0.28450033 2.069275e-10 3.502605e-05 0.9580764 0.008879797 0.008049115 6.750626e-06 9.571025e-06 0.053856328 0.0020164521 0.0015262581 0.037739143 0.9583806 0.15716736 0.73053914 6.280032e-05 1.158743e-06 0.0004961009 0.00039659694 1.7268218e-06 4.785672e-05 0.1997545 0.13456018 0.012933415 0.6125821 1.6051694e-06 0.07594375 0.2821436 0.001272932 0.7259994 1.3424507e-05 0.6568925 0.004250983 0.3660084 0.0058275103 0.20516793 0.5634774 3.0740055e-05 0.018278453 1.8013203e-06 0.010998557 0.0020257551 2.6785754e-05 0.001729787 5.5637805e-08 0.00026540062 0.004370845 0.0026239292 0.002685571 0.0019862344 0.0052692653 0.001349664 0.061066132 0.06337125 0.003263377 1.1592967e-06 6.7886076e-06 0.00039702663 1.805967e-05 0.02387209 0.0023703848 1.7207032e-06 7.882921e-07 2.7878007e-08 7.005543e-10 0.019381631 0.049484562 0.0012106989 0.0043337364 0.0008865099 4.0472348e-10 6.2660292e-06 0.00045526208 0.0012164399 0.00021722187 0.00010119313 2.14369e-09 1.05994165e-08 9.282152e-05 0.00011810768 0.0020068637 0.00059452304 3.1632187e-08 4.2803325e-08 6.4551175e-05 0.013493506 5.6397064e-05 8.0451257e-10 1.6695655e-08
0.9837488 0.066374436 0.011724809 0.0027422402 0.4975966 0.7805902 0.56676525 0.0011483281 0.13381498 0.00068282604 0.95099723 0.06582704 0.007000232 3.502605e-05 4.4215923e-11 0.00020609112 0.043112095 0.1288582 0.9521116 0.7646977 5.5155553e-05 0.010355721 0.3619676 0.0060874424 2.7411025e-07 0.0014512696 1.2639246e-07 0.046278857 0.58366084 0.0056573567 0.052003693 0.23226798 0.012492109 0.0004970177 6.979989e-06 0.043334216 1.7265343e-07 0.9508291 0.00011602546 7.89031e-08 0.4115102 1.457824e-05 0.007892836 3.5035217e-08 0.00013847154 4.6955617e-07 0.17583787 4.7010975e-08 3.2775709e-09 0.5123627 7.863788e-09 0.5021085 5.111819e-06 6.328629e-05 0.00016621705 0.00010865677 0.061586443 0.41199538 7.988646e-09 5.9512622e-08 1.2367253e-08 0.0942934 4.5061918e-07 0.05216442 1.8781807e-07 1.6682422e-07 2.407483e-08 9.6783566e-05 0.5730105 3.4928107e-09 0.2307994 6.623767e-09 2.8015e-06 5.26447e-05 7.687246e-05 0.03576496 0.00018927394 1.3819495e-07 4.7528484e-08 5.5095934e-05 1.1013891e-05 5.1059335e-08 2.6067954e-05 2.3587294e-05 0.00017445063 7.868072e-07 2.4317023e-06 0.13990854 0.0035559824 0.014466936 9.6748614e-08 0.001484544 7.9568565e-07 2.328181e-07 0.008475024 0.16832481 1.7993432e-05 2.8434536e-07 1.5157301e-06 0.0013214275 2.7319398e-05
0.9975616 0.14751408 0.39997533 0.28445643 0.01339993 0.008161551 0.00806477 0.8550772 0.16240692 0.0018459704 0.0010052077 0.00019170674 0.6934246 0.9580764 0.00020609112 3.1559146e-08 0.16231798 0.13086131 2.3085391e-05 0.00025968466 0.00040973548 0.09926096 4.358114e-05 0.0013621408 0.1607561 0.5475431 0.004276657 0.00040332656 8.846788e-06 0.038891863 0.015310193 0.00013060107 0.0011217934 0.8025869 0.00023295793 0.0022062769 0.7717492 2.8062943e-06 0.6464527 0.0021511707 3.6227026e-05 0.9374583 0.0001275156 0.06934033 2.9011237e-05 0.012506271 4.4215403e-06 0.013697366 0.050150953 1.4493899e-05 5.7965262e-05 5.7832267e-06 0.09792797 0.038247507 0.0027762654 0.08944516 1.2997451e-07 2.0274838e-06 2.385391e-05 2.4384228e-06 7.330364e-06 5.9644226e-06 0.015692065 6.019271e-05 0.0010888447 0.024429714 1.6307544e-05 0.0018484826 9.040377e-06 3.1244322e-06 8.689739e-07 3.4314664e-05 0.05134249 0.0006624207 0.0004700605 1.534056e-08 1.0507239e-06 2.0553005e-05 0.11704167 0.010534752 0.05336686 2.6914797e-06 2.2045657e-05 0.0004342263 0.007817094 7.6366877e-07 5.828629e-06 0.00026935316 4.545982e-08 4.5606483e-09 0.00071053876 1.2524705e-05 8.7636596e-05 0.0031592837 4.9815984e-08 6.1719376e-08 2.2588965e-06 0.023169212 8.037147e-07 2.6372754e-10 3.9948432e-07
0.9802745 0.47505793 0.08748457 0.054152817 0.718774 0.4164753 0.3280245 0.112962745 0.4961155 0.00014734751 0.29047492 0.004228621 0.88811255 0.008879797 0.043112095 0.16231798 1.0934981e-08 0.9619168 0.007150652 0.6364201 9.925661e-05 0.90435183 0.006002306 5.764464e-05 0.00022969561 0.2986157 5.1814786e-05 0.86498904 0.13430615 0.89186335 0.6213526 0.51857567 0.841208 0.046173915 0.00020376004 0.0031971047 0.0010610999 0.0013888946 0.2516723 7.768194e-05 0.00017810408 0.026008923 0.66136956 8.177211e-05 1.2185211e-05 8.7314744e-05 9.688565e-06 1.6551903e-05 4.4237695e-05 0.001869546 1.4917818e-07 0.0029683206 0.0027205844 0.22651552 0.053997822 0.009236733 0.011645099 1.1869274e-05 3.9406483e-08 2.2871075e-07 6.37274e-08 1.4825759e-05 0.0008213558 8.7757195e-05 1.709988e-06 0.00012243855 6.0911293e-07 0.06815651 0.00022322453 9.668677e-09 2.7217662e-05 1.2137149e-07 0.01745773 0.011447284 0.015645003 0.00014717014 0.03656988 9.054083e-09 0.000470568 0.06543349 0.0336406 1.2519957e-08 0.0041839797 0.006876918 0.036644485 1.5273528e-08 4.482075e-07 0.00013854036 0.00037850943 6.555251e-07 0.0008187507 5.0694134e-06 4.163002e-07 0.0003292215 7.531697e-05 1.3332351e-05 2.1475237e-06 0.00013904678 1.2697002e-08 0.00044223163 0.003596021
0.9997815 0.4522725 0.23550908 0.10007873 0.4099817 0.34532672 0.433366 0.09921862 0.20171301 0.024414895 0.18529789 0.05530898 0.78447187 0.008049115 0.1288582 0.13086131 0.9619168 1.1186602e-10 0.085573554 0.5955616 0.012939793 0.82192934 0.17730084 0.015264773 0.0052682427 0.45527562 0.0019951896 0.8839894 0.27865028 0.6249896 0.24044627 0.38767174 0.4024693 0.013361788 0.006499827 0.02609585 0.0018635782 0.055264745 0.073154464 0.00020597245 0.101372056 0.007864548 0.33090976 0.0011355397 0.0038809294 0.0007087565 0.1007468 0.00017671788 0.0006262144 0.021055138 1.5950118e-05 0.06635258 0.0018271091 0.09510363 0.03618944 0.0046508266 0.20912525 0.035022512 4.6442156e-06 1.5209639e-05 3.5054568e-06 0.011272009 0.00038775112 0.013870125 4.7217304e-06 0.00019136975 5.54865e-07 0.014598707 0.02450704 4.6628836e-07 0.011921068 4.3714306e-07 0.008950676 0.005993915 0.005943765 0.0026546593 0.010350661 2.242737e-08 0.00011090186 0.14482088 0.026495995 3.642935e-07 0.010297101 0.023241865 0.07338778 0.00012175007 6.171458e-05 0.012241329 0.025609227 0.000102410086 0.0006600154 0.00080223306 3.290732e-05 0.0001494162 0.0066188434 0.012904026 0.0006045515 7.299958e-05 5.624519e-06 0.016751695 0.0036293631
0.9799159 0.038895268 0.0072408332 0.003400945 0.2622853 0.68142533 0.5635814 0.0001792042 0.17313686 0.0006217783 0.8552912 0.11905456 0.001670593 6.750626e-06 0.9521116 2.3085391e-05 0.007150652 0.085573554 3.876216e-13 0.17289214 1.8420837e-05 0.0024902544 0.61112136 0.0051049916 4.441564e-08 0.00038659023 1.7179469e-08 0.0064022825 0.16419913 0.00150284 0.020461246 0.07644818 0.0039363108 0.00012941577 1.91094e-06 0.08265577 8.5040675e-08 0.9239813 1.6699089e-05 1.689929e-08 0.76579314 1.8069361e-06 0.0005460165 1.1476233e-08 0.00011429858 2.2409658e-07 0.31196913 7.99113e-09 1.7391681e-09 0.9047811 1.9383217e-09 0.16012742 1.2008137e-06 1.1822143e-05 9.511147e-05 2.35191e-05 0.0061695785 0.7685364 1.39102e-09 2.4497508e-08 3.3910033e-09 0.20879875 1.0469223e-07 0.09297409 5.8502085e-08 1.7935609e-07 7.5306055e-09 3.0755888e-05 0.8166459 1.8587119e-09 0.45890424 3.7427963e-09 5.378085e-07 5.325604e-06 1.1276907e-05 0.018180551 2.3034074e-06 6.634404e-08 1.07307025e-08 9.965264e-06 2.370163e-06 2.3802066e-08 9.386392e-07 7.014803e-06 1.0122281e-05 8.830144e-07 2.8102393e-06 0.36633816 0.00017065198 0.029535506 1.689378e-08 0.0046123103 7.007405e-07 2.6493932e-08 0.0013688637 0.22688684 1.7298142e-05 4.2480943e-07 5.227294e-07 0.00018141433 2.2566958e-06
0.98274165 0.104794115 0.007457068 0.0040142746 0.6176922 0.78261924 0.40610442 0.0018978873 0.1554506 4.3418277e-05 0.9283785 0.0012316167 0.07035741 9.571025e-06 0.7646977 0.00025968466 0.6364201 0.5955616 0.17289214 5.1388723e-14 6.310954e-06 0.16766119 0.106181495 5.7211262e-05 1.6611354e-08 0.029939007 2.570737e-08 0.6519611 0.9704867 0.14978853 0.15074974 0.9097773 0.2556866 0.00082023646 1.6058552e-06 0.011644494 1.6958703e-08 0.3132244 0.00092658395 3.138237e-08 0.01696771 3.6365154e-06 0.5389519 3.285039e-08 1.2301797e-05 1.4721358e-07 0.005082486 2.3354428e-08 6.8767164e-10 0.061501224 3.2715624e-09 0.5878687 1.0246876e-05 0.00030501545 0.0023582866 0.00021718623 0.7207104 0.013758957 1.7070103e-09 5.3378497e-09 2.07471e-09 0.004331666 1.1688501e-05 0.00075265026 3.8261664e-08 3.8533887e-08 2.7709959e-08 0.0027598126 0.016711645 1.2327721e-10 0.002931722 2.8955593e-09 1.0764872e-05 0.0007303276 0.0011778211 0.016837625 0.0066976785 1.2447993e-09 9.993425e-08 8.444954e-05 9.723346e-05 1.7050547e-09 0.00020477008 0.00033864548 0.00014918367 3.1170937e-09 6.889678e-07 0.011580754 0.023638884 0.00071575964 5.0991184e-07 1.922904e-05 6.178048e-07 3.1563587e-07 0.009113369 0.006437293 3.155668e-06 1.2994011e-08 1.3950269e-07 0.0012790011 0.00033937037
0.97234136 0.040185668 0.16851622 0.7560683 0.0011529495 0.0018736592 0.017380318 0.18527938 0.047730446 0.9321693 0.00036576294 0.021614918 0.0012171576 0.053856328 5.5155553e-05 0.00040973548 9.925661e-05 0.012939793 1.8420837e-05 6.310954e-06 1.9428993e-10 0.00037815585 0.00920761 0.6591479 0.0007766053 0.0016821927 0.021575326 1.7392985e-06 2.2284676e-06 6.677808e-05 0.0008867631 1.2322786e-06 6.1523424e-05 0.010235327 0.91160065 0.20613955 0.0018619342 3.4741893e-06 9.54121e-05 0.008678809 0.004688915 0.00021334448 4.912077e-09 7.4728516e-05 0.99337 0.000691789 0.057609897 3.713734e-05 9.529329e-06 5.108396e-05 0.0063511143 8.0348755e-06 0.00020190307 5.8503592e-06 7.565504e-05 0.00069454696 7.2923174e-09 0.005135058 0.0062672044 0.057434514 0.01366918 0.046660077 4.8422964e-05 0.14823139 2.112059e-06 6.8930574e-05 6.746537e-05 1.4104908e-06 8.17265e-07 0.0018163479 0.00025530145 1.049543e-06 8.864406e-06 5.7058557e-08 1.7126393e-07 2.1512315e-08 1.9440913e-08 8.7446615e-06 1.8211939e-09 2.2555327e-05 3.9815463e-05 6.468632e-05 1.5745503e-08 1.1734002e-05 6.675451e-07 0.24697927 0.27139825 0.005844678 2.1941786e-09 7.551047e-08 1.2714044e-07 0.18022665 0.009172552 3.5581192e-07 1.5866128e-07 8.397381e-08 0.24725838 4.577968e-08 0.09201422 1.7091965e-07 6.851913e-08
0.9888919 0.1634216 0.046008572 0.025558459 0.27631232 0.17924702 0.073137596 0.08538705 0.31366584 0.00015458405 0.07276522 0.0009503786 0.786099 0.0020164521 0.010355721 0.09926096 0.90435183 0.82192934 0.0024902544 0.16766119 0.00037815585 1.2835469e-09 0.011454323 0.00034858467 0.00013569073 0.6217556 1.9963181e-05 0.57754797 0.018314967 0.9703431 0.9281843 0.082775995 0.6666123 0.008294403 0.00010096265 0.006214484 7.744324e-05 0.0015429029 0.30450597 9.881794e-06 0.0016798426 0.018783947 0.53534526 0.00024747165 9.200489e-05 6.403748e-05 0.00035850613 1.8338838e-05 1.3107877e-05 0.0017482315 1.8429323e-07 0.004627135 0.0020383236 0.19018824 0.21088089 0.001850269 0.018251924 0.0002906481 5.545494e-08 1.2164455e-06 8.934687e-08 0.00040043218 0.0005281491 0.00013361558 2.6863904e-07 1.1791618e-05 4.523268e-07 0.14275284 0.0018783154 2.1995548e-09 2.569513e-05 1.1263626e-08 0.03336324 0.046728823 0.054504473 4.0338928e-05 0.015652921 8.186155e-10 0.0001531415 0.06260587 0.15713564 1.6646424e-09 0.03823998 0.18164629 0.19963513 6.7143856e-07 2.5243444e-06 0.00012713445 0.0043307 1.8905438e-06 0.0023480982 5.9364e-06 4.364016e-07 0.0001192434 0.00010808917 3.576804e-05 3.688066e-06 3.106045e-08 3.4320618e-07 0.0039439723 0.010106516
0.9842089 0.14345787 0.056744646 0.061345495 0.13342936 0.40505722 0.6177918 0.01995156 0.7315179 0.121989675 0.30873382 0.9513283 0.0058754175 0.0015262581 0.3619676 4.358114e-05 0.006002306 0.17730084 0.61112136 0.106181495 0.00920761 0.011454323 2.8212366e-13 0.17047332 1.1408191e-05 0.00446633 1.4997588e-05 0.0016455128 0.035809346 0.0048851576 0.029952444 0.025732609 0.010887966 0.0053473995 0.000947949 0.9693046 1.728143e-06 0.12812756 5.6039833e-05 1.7281323e-05 0.9362633 7.5445264e-06 7.426083e-05 7.646154e-07 0.012186077 4.6973555e-06 0.69291145 3.2808953e-07 6.238285e-08 0.82310075 3.0440592e-07 0.011636723 5.6533436e-06 1.8532535e-05 0.0009876989 6.693466e-05 3.2013013e-05 0.8079789 1.8204629e-07 6.868387e-06 5.57213e-07 0.42833784 6.445936e-06 0.61105126 3.0518535e-08 4.859429e-08 2.5040654e-07 0.0014007889 0.08199993 9.2940965e-08 0.44330716 5.3341855e-09 3.3965927e-07 0.00017054558 0.00018993627 0.0009558319 3.1351533e-06 8.0030125e-09 8.274428e-09 3.2645892e-06 6.2395685e-07 2.9639157e-08 4.8691454e-05 0.00012108472 8.076361e-06 5.272044e-06 6.335766e-05 0.26539502 3.6246587e-05 0.0041848817 2.4066006e-07 0.119722076 2.5224865e-06 2.8788417e-08 0.00013116538 0.00017712924 0.0017466156 2.0823416e-09 1.1827511e-05 3.7902628e-06 8.384394e-06
0.9724331 0.16882224 0.27702284 0.4906049 0.0075438754 0.025980072 0.14322114 0.14748068 0.18739022 0.9826592 0.0063325446 0.33656132 0.0022388396 0.037739143 0.0060874424 0.0013621408 5.764464e-05 0.015264773 0.0051049916 5.7211262e-05 0.6591479 0.00034858467 0.17047332 4.3483134e-14 0.0010411545 0.004155248 0.0019312478 3.548052e-07 0.000454584 1.5091809e-05 0.0022484576 0.0002377321 0.00041129108 0.016960396 0.12947589 0.97712857 0.0011600932 0.00081028306 3.9965427e-05 0.0014510835 0.23383074 0.00038701593 3.9587866e-09 0.00016430923 0.7933534 0.0012556087 0.65959245 8.7777276e-05 9.590513e-06 0.015324444 0.00016844521 2.519677e-05 0.00027992352 9.355465e-06 0.00017079574 0.0006373549 1.4368821e-09 0.071179986 0.00025241447 0.005538782 0.0010246651 0.39202434 3.5658166e-05 0.8328321 2.176736e-05 0.00014827294 2.8465738e-05 3.6805133e-05 0.0003401887 0.00014411127 0.04182549 2.7037202e-06 1.7025516e-06 7.6708255e-07 8.305329e-06 7.634023e-07 9.3169035e-08 4.1116086e-06 9.563978e-10 5.9776107e-06 4.110605e-06 2.0874966e-06 2.391565e-08 2.6797226e-05 3.78827e-07 0.0105834855 0.007967442 0.24267754 7.782908e-10 4.2179389e-07 4.0864003e-07 0.6937875 0.0004092561 1.8257789e-06 7.6284624e-07 2.2531156e-06 0.12408742 3.6769205e-09 0.017063295 1.2591586e-08 3.718667e-07
0.9889194 0.0068050977 0.06075481 0.105234854 0.0005154937 2.2518449e-05 0.00044173826 0.44375953 0.0067649567 0.00088183396 1.7508667e-06 1.6113165e-06 0.0059455824 0.9583806 2.7411025e-07 0.1607561 0.00022969561 0.0052682427 4.441564e-08 1.6611354e-08 0.0007766053 0.00013569073 1.1408191e-05 0.0010411545 1.2898819e-08 0.013257801 0.64294326 3.17991e-07 1.9986162e-08 9.506147e-06 0.00015977577 1.921955e-08 2.0177908e-06 0.08561914 0.026250357 0.001479726 0.53291243 2.5110568e-08 0.0031924415 0.5898766 4.9009508e-05 0.09823058 8.093582e-09 0.97504854 0.00030311436 0.8733948 4.1088315e-05 0.7295649 0.7516611 4.912382e-07 0.068457454 1.629178e-07 0.004262233 0.00011190179 1.734218e-05 0.003664632 5.9844263e-10 2.589882e-06 0.014575932 0.0043985206 0.008742161 7.948105e-05 0.0019961155 0.00022483805 0.52743435 0.07177561 0.044878483 3.2309586e-06 1.1366576e-07 0.0026912608 1.3262048e-05 0.36525285 0.0002549703 7.435188e-07 4.289157e-07 4.410148e-10 6.8517225e-10 0.14638269 0.0007102647 0.00014414384 0.00035676348 0.008851047 2.0143608e-08 2.2492477e-05 5.794105e-05 0.002604918 0.00016499385 2.4346622e-05 7.536806e-11 8.6211524e-11 4.6540514e-05 9.7933655e-05 0.008725973 0.0002985118 1.3636113e-08 2.5260297e-08 1.7361026e-05 0.056289513 4.5521494e-05 1.3382642e-09 3.5772864e-08
0.9999755 0.105317384 0.050588768 0.24639209 0.08516382 0.051865067 0.020047028 0.18424374 0.3368586 0.003600494 0.012564449 0.00160418 0.88312227 0.15716736 0.0014512696 0.5475431 0.2986157 0.45527562 0.00038659023 0.029939007 0.0016821927 0.6217556 0.00446633 0.004155248 0.013257801 2.3234743e-07 0.004882526 0.039505254 0.00068365096 0.48856196 0.23260899 0.0034633754 0.044116113 0.45027164 0.00070507184 0.006003153 0.10470958 6.183795e-05 0.9691344 0.0008884086 0.00028496992 0.46953827 0.025562292 0.007923221 0.00025070395 0.0019796828 6.3684e-05 0.0029606856 0.010656879 0.00023911615 3.3654844e-05 9.7283635e-05 0.19126244 0.7420928 0.07385297 0.3759727 0.00010387243 5.1833413e-05 1.0393629e-05 1.1365254e-05 1.3046768e-05 6.91071e-05 0.062433876 0.00028462036 8.4665655e-05 0.0044762725 1.8364926e-06 0.011029286 0.00029361376 2.4530007e-06 1.0433611e-05 2.5373004e-06 0.6396169 0.012332603 0.004299273 7.490163e-06 0.00018406691 2.522205e-06 0.014934318 0.117721386 0.44819862 3.9919067e-07 0.00864553 0.101276726 0.2173777 4.8848315e-06 1.21859075e-05 0.00011387567 5.911805e-05 3.4792553e-08 0.046130743 0.0001268531 1.7040504e-05 0.005831796 2.4228295e-06 3.999801e-06 4.0047476e-06 0.004851773 3.0290843e-07 9.351212e-06 0.0006891733
0.99177015 0.003764806 0.10949072 0.3402429 0.00011696759 1.2542144e-05 0.00028551777 0.7200366 0.005163821 0.001547449 1.0746454e-06 8.648972e-07 0.0026116876 0.73053914 1.2639246e-07 0.004276657 5.1814786e-05 0.0019951896 1.7179469e-08 2.570737e-08 0.021575326 1.9963181e-05 1.4997588e-05 0.0019312478 0.64294326 0.004882526 4.6258388e-12 4.4357307e-08 4.3143398e-08 2.233723e-06 5.030406e-05 2.0759265e-08 3.338326e-07 0.013411412 0.8893696 0.0008622824 0.021242445 9.147174e-09 0.00055344106 0.9939179 5.6587046e-06 0.000814323 3.3168635e-09 0.037918806 0.0038874156 0.27772757 2.7441838e-05 0.020070532 0.0047555114 3.2671912e-07 0.52014345 9.254755e-08 0.0004974765 5.6684137e-05 1.5473322e-05 0.00061827333 4.866039e-09 1.3964304e-06 0.2675921 0.1522498 0.21709956 0.00011434993 0.00016069016 0.00038354337 0.0052925777 0.000110866844 0.19258346 1.0724958e-07 6.317485e-07 0.04385017 2.2073102e-06 0.040751573 2.374431e-05 4.1116066e-09 8.918271e-09 1.0573122e-09 3.966239e-09 0.0976613 2.1938495e-06 4.1853105e-05 6.948524e-05 0.07110241 5.130852e-10 1.0504077e-05 1.0738889e-05 0.048800975 0.0042840615 2.0545402e-05 6.654348e-09 5.009208e-09 9.88286e-06 0.00021774412 0.14254475 7.4735385e-06 1.3870262e-07 3.1338277e-07 0.0017631052 0.00014268655 0.0013990552 4.871251e-08 7.448552e-09
0.97888947 0.015010747 0.0015623122 0.008180585 0.09128528 0.26915613 0.019965392 0.0017351799 0.1841105 1.6463304e-05 0.21943374 5.9710837e-05 0.032210357 6.280032e-05 0.046278857 0.00040332656 0.86498904 0.8839894 0.0064022825 0.6519611 1.7392985e-06 0.57754797 0.0016455128 3.548052e-07 3.17991e-07 0.039505254 4.4357307e-08 8.118735e-13 0.29130667 0.74825794 0.6476726 0.9261133 0.95261884 0.004695139 9.403849e-08 0.00018576231 2.324873e-07 0.0041758176 0.008122874 4.6398362e-08 4.497811e-05 3.457631e-05 0.9138207 2.394572e-07 5.5710143e-07 7.7866247e-07 6.1617693e-06 1.7873354e-07 3.094372e-08 0.0006786737 3.500721e-09 0.024051242 0.0001620594 0.0026620482 0.03275134 0.0021060915 0.17514993 7.539283e-06 2.0644741e-09 1.0125558e-08 5.4165343e-09 2.4609168e-05 0.00013526437 4.1117733e-06 5.896596e-07 3.5369132e-07 7.553007e-08 0.019640036 0.00047996815 3.6106338e-09 3.5344265e-06 4.7057803e-08 0.0016267049 0.007543434 0.021570968 0.00024090103 0.14753 1.3060652e-08 2.6872516e-05 0.0014410623 0.005639865 1.3587434e-08 0.0043899175 0.0030286761 0.002141705 6.8863932e-09 4.690287e-08 5.1714174e-05 0.01663068 4.4953026e-07 6.367222e-05 7.352965e-08 3.3918957e-07 8.147339e-06 0.00063779275 1.9415022e-05 3.3488868e-07 6.507845e-08 9.703354e-09 0.0048235036 0.013940056
0.97144073 0.0063655037 0.0019595271 0.00026290014 0.10040438 0.3732882 0.042097677 6.945179e-05 0.04488426 1.8248313e-05 0.6775039 0.00052463525 0.0024608138 1.158743e-06 0.58366084 8.846788e-06 0.13430615 0.27865028 0.16419913 0.9704867 2.2284676e-06 0.018314967 0.035809346 0.000454584 1.9986162e-08 0.00068365096 4.3143398e-08 0.29130667 7.151005e-11 0.018722303 0.11350665 0.91495806 0.15414125 0.0009921947 1.885423e-06 0.0032938498 5.6428878e-08 0.7348201 3.5851233e-05 9.518946e-08 0.040222738 3.7781263e-06 0.26286218 2.03319e-08 7.313267e-05 1.746503e-07 0.030382814 8.1366105e-09 2.855026e-09 0.033078313 1.411512e-08 0.92954904 3.4824654e-06 1.8988221e-05 0.00060299627 0.0005804968 0.9047372 0.03215798 8.163224e-09 7.133061e-08 1.1691494e-08 0.015164864 1.395392e-06 0.0021669064 1.6885693e-08 1.9992005e-07 6.884769e-08 0.00016499952 0.12495584 4.1653765e-09 0.008330854 4.6138533e-09 5.453988e-06 0.0001404827 0.00020531134 0.19916451 0.005832751 7.35455e-08 8.918376e-08 2.2368471e-05 2.1908521e-05 8.147812e-08 0.0001761878 8.171084e-05 3.528649e-05 7.8039466e-07 3.8508283e-06 0.0056667794 0.17692468 0.0027983144 2.6541414e-07 6.0018625e-05 4.6715295e-06 1.9653312e-08 0.12218959 0.14369993 3.967388e-06 3.2439803e-07 1.308459e-06 0.023700405 8.728003e-05
0.97247815 0.10252868 0.019471036 0.0063288184 0.19000429 0.05517276 0.057669155 0.025540922 0.092427455 3.704371e-05 0.027593147 0.00016803703 0.56257135 0.0004961009 0.0056573567 0.038891863 0.89186335 0.6249896 0.00150284 0.14978853 6.677808e-05 0.9703431 0.0048851576 1.5091809e-05 9.506147e-06 0.48856196 2.233723e-06 0.74825794 0.018722303 4.1945038e-11 0.9547133 0.13004676 0.9324237 0.006083914 1.2054946e-05 0.0015106326 2.5760555e-06 0.0012734924 0.1758482 7.954015e-08 0.00023440093 0.0024945782 0.7892157 2.6055488e-06 5.918515e-06 6.8226194e-07 1.9859692e-05 5.0757937e-08 1.4914092e-07 0.0006961571 9.063552e-09 0.003441277 0.0013250664 0.15845333 0.47461745 0.002537008 0.027924227 5.275318e-06 5.150769e-09 1.2826231e-07 9.733698e-09 5.575695e-06 0.0007079358 1.48635e-05 3.5969896e-09 1.9551234e-07 2.2125228e-09 0.49006492 0.00036498296 1.5225607e-10 2.4414503e-06 4.1001935e-10 0.0219999 0.24765716 0.2716976 1.0061513e-05 0.08009851 1.7537283e-09 6.9499026e-07 0.04564992 0.0658577 3.7305573e-10 0.080036126 0.121835105 0.1595399 1.39808005e-08 6.1194e-08 3.0008352e-05 0.0060010524 2.1752959e-07 0.002208563 9.92229e-07 7.544195e-08 2.420593e-05 6.504052e-05 4.443251e-06 4.734832e-07 1.3166221e-09 3.1267298e-08 0.0054037683 0.031815473
0.99989307 0.04901705 0.033375137 0.009955106 0.04848704 0.11799826 0.04271765 0.014881239 0.044055842 0.0016261642 0.05907228 0.006307579 0.11818758 0.00039659694 0.052003693 0.015310193 0.6213526 0.24044627 0.020461246 0.15074974 0.0008867631 0.9281843 0.029952444 0.0022484576 0.00015977577 0.23260899 5.030406e-05 0.6476726 0.11350665 0.9547133 2.1695586e-13 0.24222592 0.7989575 0.0020326262 0.00012599527 0.0017194967 0.000162992 0.00912997 0.052802753 2.116398e-06 0.02143718 0.0015233076 0.6138361 1.64677e-05 0.0005343005 2.136395e-06 0.02363459 1.7971908e-07 1.08834565e-05 0.0011967953 4.802027e-08 0.016130788 0.0014063914 0.14019962 0.45616588 0.010245161 0.107364506 0.0021465255 3.811197e-09 9.718102e-08 4.1981982e-09 0.0016642071 0.00040569677 0.0015384796 5.6731992e-09 1.3357703e-05 5.5895477e-10 0.22748692 0.0011586364 9.620219e-10 0.00035931292 5.4552432e-11 0.022556763 0.09975101 0.09372374 0.00043502435 0.3373605 2.7793972e-11 1.1890041e-05 0.4036524 0.11737211 2.651337e-10 0.7303665 0.15467693 0.18504204 1.8224823e-06 1.2373582e-07 0.00017496865 0.035560112 1.3686294e-05 0.010440621 3.3608544e-06 1.761521e-07 0.00010645451 0.0034062844 0.0015922352 8.9196055e-07 1.2513847e-06 2.0241588e-08 0.029601265 0.14368187
