1.29813e-16 0.918435 0.99072284 0.98573166 0.9946905 0.9954935 0.92998767 0.9504097 0.8866783 0.96795416 0.9862059 0.9986006 0.95128715 0.99012786 0.5799643 0.69749784 0.81107825 0.739165 0.9698564 0.985848 0.95111644 0.9917694 0.97141606 0.421118 0.94949967 0.9941157 0.993411 0.34797755 0.9782541 0.73306537 0.985707 0.9715623 0.98628217 0.99103034 0.97194505 0.8669483 0.98237234 0.5492446 0.96527916 0.98425597 0.31240305 0.91357535 0.069059476 0.98659813 0.9365592 0.94669116 0.19435741 0.96953046 0.01075355 0.970082 0.033390753 0.9985603 0.99795115 0.70123065 0.93596923 0.9869921 0.9663927 0.97818184 0.08794918 0.9833266 0.9645989 0.67474425 0.070427194 0.99488 0.9903622 0.99533695 0.017999098 0.9280811 0.25131756 0.6171336 0.98842394 0.9711937 0.014389798 0.8657455 0.96571 0.99863565 0.006309387 0.75436133 0.995847 0.9821725 0.933594 0.0128915785 0.97963923 0.005336897 0.9999936 0.006267153 0.007823789 0.9992402 0.71991545 0.005273621 0.008679881 3.4853416e-05 0.958351 0.022485044 0.9999836 0.004926671 0.44380626 0.020218467 6.081756e-05 0.99891114 0.0014383383
0.918435 1.5089524e-14 0.8558355 0.933231 0.9638942 0.5481231 0.7790508 0.2647572 0.85199666 0.17207763 0.011070305 0.6912452 0.8674969 0.01916647 0.24930401 0.23543258 0.13591494 0.1162371 0.4831218 0.023468165 0.0024590038 0.010586186 0.0045776786 0.015678907 0.0093827415 0.8255806 0.026590453 0.17281121 0.2788907 0.014760025 0.0019677912 0.005379037 0.0030127526 0.0006533408 0.05273674 0.0068319864 0.0005236283 0.03501379 0.0012881341 0.01063785 0.0010457451 0.00040179075 0.000502157 0.003982483 4.2794083e-05 0.046522047 0.0004772314 0.0006359011 9.648484e-06 0.04742919 0.00040294402 0.28090152 0.0670407 1.0694134e-05 4.9644163e-06 0.0058191214 0.0013462362 0.010697431 0.00011416154 0.0019231627 0.00075876946 0.0026259983 3.440871e-07 0.01444233 0.0067088054 0.006481668 1.7374508e-07 0.00012402651 1.9928036e-06 0.00044520712 0.01878838 0.022440633 9.050824e-08 8.173051e-06 0.0034288545 0.03357062 5.2920218e-08 0.0001340402 0.012007795 5.313685e-05 1.3931111e-07 3.340743e-07 0.018244399 9.534337e-08 0.10520034 2.2153657e-08 5.0048172e-08 0.0020061615 0.00073080027 3.0537574e-08 1.2513868e-08 1.4917354e-08 1.7515663e-06 3.1798844e-08 0.030845901 1.878951e-09 1.7982718e-08 1.012447e-09 3.6165164e-07 0.0048453296 1.0632016e-08
0.99072284 0.8558355 3.0277352e-15 0.7653228 0.80029255 0.6368043 0.9308955 0.9085273 0.6730971 0.70464146 0.5764393 0.012858291 0.08209927 0.0029450064 0.001061064 0.03215946 0.00094670546 0.39206633 0.07830829 0.0028730207 2.6813716e-05 6.4963187e-06 1.6922789e-06 1.3106141e-05 0.00072538777 0.4602687 4.0736464e-05 0.039016653 0.009613865 0.00012772798 2.1474265e-05 3.8085087e-05 9.870575e-08 0.66565424 0.0034653563 0.001995553 0.0006059582 0.000119198376 3.5416168e-08 8.6516575e-06 0.6716719 0.48891938 0.035083663 6.161191e-05 0.00013681901 6.3389394e-05 0.36875424 2.3739904e-08 0.00037579992 0.0017815616 0.13174799 0.22968727 0.0075560734 0.011867102 1.6047421e-08 0.0017356301 3.6287794e-08 0.00020300105 0.031292833 7.0073576e-05 0.0005666874 4.2711135e-06 0.004712931 0.001616176 0.0005494002 0.0003487767 0.0008068382 4.7232862e-07 1.3009506e-05 1.8394573e-07 0.0040847687 0.008489768 0.007490471 5.9702914e-09 0.00035085276 0.016294617 5.7674006e-05 2.5061652e-07 0.004160635 3.1936534e-07 3.093039e-06 0.0035024416 0.000896239 2.532195e-06 0.11848692 3.325251e-05 4.0116474e-06 0.001033329 6.996827e-05 3.2366253e-05 1.9045257e-05 0.00026515548 2.611702e-09 1.6934559e-08 0.049055886 8.069612e-07 2.2430995e-09 1.2529475e-10 9.42779e-06 0.00020437696 0.00011326804
0.98573166 0.933231 0.7653228 2.4865055e-13 0.9550375 0.7463484 0.86792564 0.8697673 0.42686644 0.5631079 0.49753886 0.105559185 0.4058329 0.004278399 0.019239323 0.049714983 0.007380812 0.31399873 0.15008539 0.0017008098 0.00027539616 7.7493845e-05 1.2258466e-05 0.0006108777 0.0028099811 0.58406126 0.00027233205 0.027923888 0.07180491 0.0007445275 3.683333e-05 0.00016189534 2.0456396e-06 0.5942492 0.015375357 0.0053856685 0.0004050131 0.003708793 5.3276585e-07 0.00014094582 0.66496176 0.43602636 0.015088832 0.00031134178 4.3947675e-05 0.0015647523 0.319598 2.1204376e-07 0.00019108088 0.0029146082 0.14280295 0.30858684 0.042579543 0.008042919 5.292938e-07 0.0036954843 3.0946956e-07 0.0013126262 0.022758635 9.004863e-05 0.002051181 0.00012988996 0.001684106 0.010512166 0.002192903 0.0007817765 0.0002986721 1.3118157e-05 5.9658214e-06 9.791464e-06 0.005737447 0.018263103 0.0015547319 1.2913571e-07 0.0028554376 0.02325722 2.7735065e-05 7.766138e-06 0.008500149 1.0811138e-05 2.4637407e-06 0.0006636256 0.0059266174 7.399593e-07 0.14302313 1.4252878e-06 1.6202222e-07 0.003423385 0.00059874787 3.3201252e-06 3.3132992e-06 4.1252595e-05 6.815404e-08 2.7602454e-08 0.052657686 8.420232e-09 4.5634416e-09 1.0620473e-10 6.5090135e-06 0.0008423285 2.0434432e-05
0.9946905 0.9638942 0.80029255 0.9550375 4.445187e-10 0.6328802 0.677694 0.58777136 0.14938618 0.18706556 0.33015645 0.38545954 0.60821515 0.0064884247 0.054286536 0.08477636 0.0133560365 0.10212692 0.084000446 0.0026608096 0.0035369713 0.00052547967 0.00010573664 0.001879524 0.018011434 0.6984949 0.0017924309 0.027024528 0.18525575 0.0016352348 4.6682537e-05 0.00015123903 5.230835e-05 0.48629048 0.008875534 0.0030043544 0.00079426076 0.011432873 2.3499282e-05 0.00038638516 0.42086226 0.26422146 0.0040906235 0.00022816994 0.000116426054 0.002241712 0.13264997 9.885526e-06 7.06481e-05 0.016620707 0.052461248 0.49618268 0.11388529 0.008368075 2.8762228e-05 0.0031072497 1.9536288e-05 0.004478021 0.009935596 0.00013293102 0.001803009 0.00046624188 0.00072439195 0.015422262 0.008664819 0.0005825251 0.0005690358 0.00018713539 2.805374e-06 7.247641e-05 0.006346244 0.047978338 0.00017878631 6.47319e-06 0.0020925426 0.05950317 3.0965908e-05 0.000106139945 0.010614193 0.00018295053 2.3547636e-06 7.875347e-05 0.005844906 8.8535865e-07 0.35165668 5.325805e-07 1.762583e-07 0.004532018 0.0003668987 7.1049976e-07 6.1592107e-07 1.5870722e-06 2.5571178e-06 1.2273866e-06 0.099356696 2.8850533e-08 2.30662e-07 2.6223052e-08 5.594609e-06 0.0013370876 3.0338533e-06
0.9954935 0.5481231 0.6368043 0.7463484 0.6328802 1.6581066e-11 0.2964365 0.8765456 0.9384006 0.85277367 0.5172088 0.002769605 0.19709685 0.650497 0.0012691028 0.0056327 0.00051053107 0.2155928 0.65025693 0.65110874 9.917599e-05 1.1447132e-05 2.5394356e-06 7.978026e-05 0.0011491223 0.47864345 7.853491e-05 0.004002066 0.01317802 0.0001540159 0.056533296 0.046533544 1.9173281e-07 0.42914873 0.102158226 0.055954758 0.1703261 0.00048213467 4.4847404e-08 9.004776e-05 0.5936103 0.22387905 0.115374535 0.033028588 0.029357253 6.555514e-05 0.06528459 3.1315345e-08 0.0025875825 0.001254574 0.013618096 0.52288175 0.007985776 0.0018967862 4.247649e-07 0.032465275 1.2534683e-07 0.00018966875 0.0060264245 0.002819076 0.0056382143 7.146599e-06 0.00018066468 0.006134836 0.00057132344 0.011185681 2.8993645e-05 2.3522252e-06 0.00085116876 1.6802468e-06 0.065411076 0.008420414 0.0003690302 5.2819782e-08 0.003489003 0.0072722062 1.0885528e-06 3.9861396e-07 0.038000252 6.7738074e-07 0.0002685747 0.0009368172 0.011024076 8.8902306e-07 0.22258653 0.00023777611 0.00011646248 0.003027313 0.0013884901 0.00015743222 0.00018898587 0.00023521062 7.676014e-09 1.7533235e-07 0.1595244 2.3101424e-05 4.135037e-08 1.2137645e-09 2.0070082e-05 0.012766168 7.914267e-06
0.92998767 0.7790508 0.9308955 0.86792564 0.677694 0.2964365 2.850159e-15 0.9713962 0.5966341 0.71366274 0.87090045 0.4097435 0.031187486 0.018476225 0.040702816 0.101891264 0.036997326 0.9410942 0.037951294 0.010896545 0.024818236 0.009831284 0.007708642 0.002596568 0.049388457 0.36552128 0.030347312 0.68376106 0.009915023 0.019849645 0.0016687697 0.002371574 0.0028080961 0.37216085 0.0027253367 0.0007044737 0.0051213275 0.0015344354 0.0009836485 0.007216404 0.58282787 0.19861859 0.16821048 0.00080498366 0.005473688 0.0057711313 0.23118751 0.00037144142 0.0011627099 0.032811016 0.29791743 0.12573922 0.00703513 0.013428991 7.9643345e-05 0.001895938 0.00086322974 0.009477194 0.06597321 0.00085488654 0.00044939588 0.0013840136 0.0036286763 0.0016141004 0.0062786783 0.0014649576 0.00058964954 1.9188135e-05 7.832085e-05 0.000100366684 0.0039025077 0.025697915 0.001477625 1.258265e-05 2.7970938e-05 0.025215954 0.0001754604 1.1998e-05 0.00201606 1.1258197e-05 1.861082e-05 0.011571282 0.0014171704 8.5180014e-05 0.052294336 2.4337267e-05 0.000102116624 9.247976e-05 5.0642113e-05 4.8931328e-05 3.97814e-06 0.00045389458 1.2612703e-06 5.8712412e-06 0.006436277 3.7363446e-07 3.0029392e-07 2.3387592e-08 0.0014096658 0.0004199392 9.699876e-05
0.9504097 0.2647572 0.9085273 0.8697673 0.58777136 0.8765456 0.9713962 1.8574208e-14 0.75818425 0.9507326 0.7033239 0.06890342 0.007913061 0.24696253 0.0013703076 0.00095879484 0.00046786948 0.7127031 0.08017941 0.06814016 0.0011358727 0.0014802385 0.00037208488 7.454003e-05 0.0017351559 0.23179498 0.0037668278 0.006534878 0.0055046887 0.000444717 0.014346848 0.017932046 0.00029773364 0.018466242 0.0036782012 0.0012252664 0.024009485 6.362858e-05 0.0001474978 0.0025475314 0.10582418 0.016494745 0.06628839 0.005111437 0.0019124433 0.00025523306 0.028413074 4.605106e-05 0.0007888885 0.0049510454 0.023779329 0.08641087 0.00478481 0.00021736318 1.1560085e-05 0.0054790196 2.5774843e-05 0.0018309604 0.00013433569 0.011684267 0.0002711943 1.5160069e-05 8.284094e-05 0.00050035556 0.0014641655 0.005900638 1.4642152e-05 5.081133e-07 0.00013197216 2.3835369e-06 0.012490801 0.0075872345 0.00014373627 5.807963e-07 0.00027188417 0.0058901133 5.6331187e-06 6.751846e-07 0.009017986 2.3648074e-06 0.00018055891 0.00018720607 0.002502792 2.8863303e-06 0.023477774 4.8306383e-06 5.0629387e-06 8.0157e-05 0.00010661789 2.2643606e-05 1.7102655e-06 8.857945e-05 3.9199602e-07 3.8667167e-07 0.014288271 1.07767555e-07 6.8183846e-07 2.0498089e-08 5.5944998e-05 0.0034389312 1.1939993e-05
0.8866783 0.85199666 0.6730971 0.42686644 0.14938618 0.9384006 0.5966341 0.75818425 1.2707476e-14 0.88990307 0.1486151 0.006374729 0.14797013 0.97026384 0.0009866229 0.0014768487 0.0020097808 0.4699086 0.85877997 0.43627778 1.6870106e-05 0.0003706106 5.3629912e-05 8.47892e-05 0.0005318138 0.023502959 0.0013851143 0.0090012355 0.037335314 0.00037428644 0.5175892 0.37034348 0.0001312312 0.0010762716 0.44229224 0.6972777 0.40648407 0.0012704628 0.00015724963 0.0029157202 0.012005362 0.004103348 0.44746125 0.045945443 0.083813794 0.0035846021 0.0016482817 0.00013525147 0.08912058 0.0019181814 0.00048807665 0.04525763 0.0076738745 2.058078e-05 1.1849567e-06 0.5679696 5.527065e-05 0.0012207823 2.498174e-05 0.34451827 0.055687808 0.0005428173 1.4632896e-07 0.010838641 0.00048557232 0.020974115 2.026551e-07 5.5417245e-06 0.0008182231 5.7164852e-05 0.02171553 0.0038607444 1.3240343e-06 7.2296475e-06 0.02788137 0.0047356472 1.2997948e-07 4.800315e-06 0.01287892 7.5279386e-06 0.0017900291 3.4128705e-05 0.020467218 1.0530948e-07 0.015016073 7.532721e-06 2.8560697e-05 0.003388954 0.20613296 6.790455e-07 2.6061664e-07 3.1906745e-06 1.4038244e-07 5.1626433e-08 0.020429213 1.0585886e-07 2.8321397e-08 4.1830037e-09 1.463827e-07 0.015203601 1.2025917e-07
0.96795416 0.17207763 0.70464146 0.5631079 0.18706556 0.85277367 0.71366274 0.9507326 0.88990307 4.259019e-16 0.86788774 0.00545995 0.014471628 0.6655184 5.2836534e-05 0.000573328 0.00016036455 0.9655479 0.25176227 0.2515513 4.3662763e-05 3.9204388e-05 1.2424925e-05 5.864123e-06 0.0008492447 0.18422364 0.0001292235 0.05140231 0.0021534015 0.00016110968 0.09489721 0.0757057 1.8747922e-06 0.1758622 0.03242656 0.012280776 0.28283527 1.747213e-05 5.9542975e-07 0.00012898083 0.4819806 0.21829705 0.56628925 0.05769791 0.12010902 5.8246396e-06 0.17814049 1.2867373e-07 0.02688136 0.00039500347 0.10487995 0.17693236 0.0028355266 0.00065554207 1.6253385e-07 0.07960457 5.2402714e-07 0.00027986293 0.003455792 0.05527439 0.0033485517 3.5167766e-05 0.00094471185 0.0016675901 0.00059031433 0.028250316 6.5172644e-05 6.228809e-08 0.0155080715 2.012765e-06 0.05319999 0.008064232 0.002966331 3.3434407e-08 0.0014603725 0.0041773594 2.3783994e-05 2.6492721e-08 0.020487344 2.0214031e-07 0.005877852 0.008436864 0.011201603 3.6714093e-05 0.041102756 0.0009480946 0.000696718 0.0009541942 0.003432709 0.00068587455 0.0004015561 0.0013002784 6.4241648e-09 4.057681e-08 0.052231785 0.00017997663 1.4451477e-08 3.474262e-08 2.5785857e-05 0.017939435 0.0009916404
0.9862059 0.011070305 0.5764393 0.49753886 0.33015645 0.5172088 0.87090045 0.7033239 0.1486151 0.86788774 6.34554e-14 0.006244554 0.0003766546 0.08252797 3.4853114e-05 0.00077173364 5.138053e-05 0.9779744 0.0077706724 0.014453546 2.9076411e-05 2.6553085e-05 2.9740302e-06 1.9743968e-05 0.0007173317 0.31825858 9.896058e-05 0.005133998 8.882079e-05 0.00018090104 0.00038234275 0.00026453112 4.637101e-07 0.47159436 0.00019972863 0.0002644726 0.0074224905 4.853804e-07 4.9051515e-08 9.320783e-05 0.87520707 0.76608586 0.25030836 0.001758583 0.0028321252 3.1885118e-06 0.7509155 1.410145e-08 0.000522349 0.0025688084 0.33994657 0.22609586 0.0004316925 0.00047029616 1.8941937e-07 0.0039112135 1.14143724e-07 0.00084835425 0.021984678 0.0006370022 0.00017873618 1.0830936e-06 0.016752893 1.4718831e-05 0.0008270568 0.0030018971 0.0011753435 1.8048624e-08 0.0025080522 9.767067e-08 0.0094330525 0.00886163 0.09773726 2.9900296e-08 4.945123e-06 0.008240289 0.0016686443 1.4408896e-08 0.007345929 8.245629e-09 0.00017626057 0.052603193 0.000444295 4.4077962e-05 0.12803961 0.0004919907 0.00019469117 8.446447e-06 4.1645984e-05 0.006357577 0.0030136018 0.0075899526 1.7383491e-09 2.6073846e-07 0.050318796 0.0001331306 7.886905e-09 2.128225e-09 0.0005301342 0.0006066336 0.019599613
0.9986006 0.6912452 0.012858291 0.105559185 0.38545954 0.002769605 0.4097435 0.06890342 0.006374729 0.00545995 0.006244554 2.854962e-12 0.31403852 5.6968247e-06 0.95307034 0.8438908 0.5098911 0.0007773307 0.0018037588 3.2413827e-05 0.17223102 0.60250103 0.2933115 0.108881645 0.24434072 0.5435493 0.5770505 0.4462153 0.38031244 0.037284303 1.3523204e-07 1.9359268e-06 0.047409557 0.72832096 0.00040451184 0.00013720723 4.3387726e-07 0.31815422 0.012176238 0.09073393 0.010217474 0.063860685 0.0002171788 1.6736523e-05 3.9369093e-07 0.07851313 0.006858769 0.0021319673 1.8394987e-08 0.37882698 0.016825931 0.37441602 0.38421762 0.17979833 0.004565654 0.00016942734 0.0036869831 0.08522091 0.06475885 6.1284413e-06 4.240954e-05 0.0022170804 0.00041141367 0.005492876 0.032296713 0.00030094603 0.00071190996 0.005184662 7.406409e-08 0.000708911 0.0053723417 0.24110071 3.3964618e-06 0.0002105991 0.00011032852 0.4957737 3.3376973e-06 0.00039249955 0.002026871 0.0010517546 3.278348e-08 1.16164465e-05 0.0008752231 0.00015676118 0.5526816 2.962876e-08 7.045146e-08 0.0016766775 2.4560038e-06 1.7007721e-07 2.2496015e-07 1.0783802e-08 0.0023867078 0.0003672931 0.08842238 8.265311e-09 0.0018555685 9.437524e-06 3.4341458e-06 0.00042443187 1.0422364e-07
0.95128715 0.8674969 0.08209927 0.4058329 0.60821515 0.19709685 0.031187486 0.007913061 0.14797013 0.014471628 0.0003766546 0.31403852 5.9684335e-10 0.007905647 0.063798316 0.0040970463 0.005103432 0.00038680987 0.7098225 0.039771978 8.6826825e-05 0.0063823787 0.0021808993 0.007470571 0.0009798602 0.9590146 0.014751752 0.00090404006 0.94914794 6.0604318e-05 0.0023617493 0.007911718 0.00092487695 0.0003483266 0.6132314 0.017843245 0.0010465133 0.7069864 0.00026356088 0.01623894 0.00034094727 6.970127e-05 0.0002964445 0.020126348 5.6214012e-05 0.036078345 5.0631395e-05 0.00016442318 4.4471763e-06 0.06484112 6.9337955e-05 0.89892715 0.596584 3.449412e-06 1.3260233e-06 0.009858747 0.00037338302 0.015024251 6.198825e-06 0.0008219752 0.0010643303 0.003296617 4.315708e-07 0.79369134 0.009441765 0.029306512 1.9509383e-07 0.0007626121 9.171965e-07 0.00018342592 0.098817624 0.049986992 1.6154462e-06 9.9672125e-06 0.13943434 0.06545524 8.280132e-08 0.00038398273 0.052066587 0.000297259 1.3666917e-06 1.6938016e-06 0.12888995 6.9645424e-08 0.50728345 7.576915e-08 8.379302e-08 0.19773427 0.0056261797 1.934239e-07 5.7786117e-08 2.4864846e-07 1.08623e-06 1.856365e-07 0.27406448 8.931054e-09 1.8297453e-07 8.277743e-09 1.5069544e-07 0.033190325 1.2823956e-07
0.99012786 0.01916647 0.0029450064 0.004278399 0.0064884247 0.650497 0.018476225 0.24696253 0.97026384 0.6655184 0.08252797 5.6968247e-06 0.007905647 1.24373295e-14 4.9109396e-05 0.00027609302 1.0573678e-05 0.0506176 0.5800582 0.9262398 8.514731e-08 7.05752e-08 2.5122915e-09 1.3236303e-06 1.6873381e-06 0.008825857 4.9834443e-07 0.0002499126 0.001043314 4.424603e-06 0.8260695 0.66129684 8.885733e-10 0.07275588 0.10315397 0.38482112 0.8748376 2.8145618e-05 8.0996776e-10 4.979013e-07 0.147287 0.058120042 0.4243661 0.3322655 0.59272885 2.5918882e-06 0.022500653 2.9827427e-09 0.26641807 4.2778214e-05 0.002584708 0.1011551 0.0008571478 2.8302447e-06 3.642197e-08 0.43284294 2.272109e-09 3.2822581e-06 0.0003017084 0.11390302 0.0936019 2.1081773e-06 8.7940174e-07 0.002075771 1.9968476e-05 0.119005814 4.7252826e-07 6.3744295e-08 0.017719734 2.1382608e-07 0.11954563 0.0012051906 8.598627e-06 8.045694e-10 0.0057154777 0.0010025031 4.6168132e-08 2.6355378e-08 0.08492913 5.4333512e-08 0.0357099 0.0005381515 0.0128624365 2.2603994e-07 0.03251552 0.0010257259 0.0014450169 0.0017321932 0.037858866 0.00011383322 0.0003161931 0.00043141574 3.6204154e-11 3.3364826e-09 0.095511414 0.00011210324 2.920207e-09 2.0966322e-10 7.104829e-07 0.083366655 5.748072e-07
0.5799643 0.24930401 0.001061064 0.019239323 0.054286536 0.0012691028 0.040702816 0.0013703076 0.0009866229 5.2836534e-05 3.4853114e-05 0.95307034 0.063798316 4.9109396e-05 5.0077164e-17 0.51155645 0.83796537 7.460681e-05 0.0015680284 8.390742e-05 0.018464375 0.9425871 0.9256871 0.94652927 0.048344344 0.078143656 0.8260201 0.2242099 0.0986059 0.098828286 1.2858168e-06 7.5259004e-06 0.3092517 0.0036352796 0.00056329125 1.1287085e-05 2.6927457e-06 0.17174572 0.050494105 0.14389573 2.9206572e-06 3.184964e-05 1.7387297e-06 6.269775e-05 4.845271e-07 0.09897095 3.567145e-06 0.0063517024 1.5321605e-09 0.124575645 1.987062e-05 0.048997898 0.10163237 0.00075511134 0.00040071105 6.132338e-05 0.0059492663 0.08336694 0.00012019401 6.1910236e-05 2.1084586e-06 0.056101132 5.6593177e-07 0.0051400876 0.016377851 0.00025999738 8.269396e-09 0.0063112075 7.7616136e-08 0.014702103 0.003616662 0.045449827 2.1998758e-07 0.00011220272 5.1689716e-05 0.06238767 1.1247401e-07 0.0032518664 0.0008026268 0.0011642916 4.1013263e-07 1.9965103e-07 0.0031016837 1.2211414e-06 0.06159348 6.518107e-08 2.1307902e-07 0.00036000443 5.805532e-07 1.4397579e-08 2.4489097e-08 1.2670117e-09 3.1819396e-05 5.465922e-06 0.015008577 2.636936e-08 7.193232e-06 4.486238e-08 1.8726845e-07 6.61553e-05 5.1021754e-08
0.69749784 0.23543258 0.03215946 0.049714983 0.08477636 0.0056327 0.101891264 0.00095879484 0.0014768487 0.000573328 0.00077173364 0.8438908 0.0040970463 0.00027609302 0.51155645 2.931211e-13 0.93109137 0.0011155364 0.00043488582 0.0004330146 0.94538915 0.8335883 0.8275789 0.4142495 0.90800774 0.06529807 0.39500716 0.9338701 0.006625225 0.7450269 3.2171796e-05 5.0650422e-05 0.19775413 0.0031188726 0.00014220782 9.071149e-06 1.3946603e-06 0.0022177866 0.07070083 0.04447342 6.074342e-05 5.4553064e-05 2.7001645e-06 0.00010750617 1.0896008e-06 0.023765456 7.068173e-05 0.011998289 3.4104445e-08 0.07489693 0.00020105015 0.014076099 0.005515992 0.007489357 0.0104201 6.1442533e-06 0.0079251565 0.047241855 0.003572359 1.8924351e-05 1.8801996e-06 0.028086683 3.3073452e-06 0.00018037905 0.0073873573 0.0003668737 2.2371214e-06 0.0022413554 7.806913e-08 0.1284364 0.0015934253 0.012991357 3.0794394e-07 0.0029358938 1.0003837e-05 0.017415013 3.090808e-07 0.003600619 0.0010151104 0.00055765465 1.5253332e-07 3.772382e-07 0.000452081 3.196932e-05 0.009385731 3.4477836e-08 1.25059465e-08 2.0315145e-05 1.5785135e-06 9.179757e-08 5.9129967e-08 1.33062406e-08 0.000347146 0.00053999585 0.002595371 1.0621577e-08 0.0001412607 1.6449085e-05 7.620218e-05 0.0010808788 3.961266e-08
0.81107825 0.13591494 0.00094670546 0.007380812 0.0133560365 0.00051053107 0.036997326 0.00046786948 0.0020097808 0.00016036455 5.138053e-05 0.5098911 0.005103432 1.0573678e-05 0.83796537 0.93109137 5.0485565e-15 0.00029208022 0.0004931616 2.4645504e-05 0.468416 0.8894469 0.9365024 0.9334603 0.47869468 0.015651261 0.5109644 0.8027223 0.008748934 0.8024915 4.6770194e-07 1.1490799e-06 0.38966143 0.0066604475 0.00040383424 5.3597523e-06 1.0190716e-06 0.02737281 0.20648003 0.08278205 8.085022e-06 9.151772e-05 1.24582675e-05 6.5677004e-06 1.0936656e-07 0.2347623 1.6147895e-05 0.037369605 3.2003393e-09 0.09500219 0.00013375902 0.013526548 0.010167178 0.012259099 0.032423947 8.421321e-06 0.02522172 0.076988384 0.0022024761 1.2547552e-05 2.5187123e-06 0.37140745 3.7192024e-07 0.0010697324 0.038641065 5.410211e-05 4.0278414e-07 0.02227707 2.068184e-08 0.16476977 0.00038053736 0.042663105 6.9475725e-08 0.015605625 2.2430206e-05 0.032160625 6.299565e-08 0.020316232 9.522338e-05 0.01594323 1.2737746e-07 2.2777566e-07 0.00073679205 2.703586e-06 0.012503816 4.7617135e-08 6.351758e-08 0.000106995365 3.451276e-07 3.2912855e-08 4.711465e-08 3.1696974e-09 0.000757727 0.00039348393 0.0028957943 2.4092191e-08 0.0016184858 2.8118209e-06 3.7131476e-06 4.369934e-05 2.4062696e-09
0.739165 0.1162371 0.39206633 0.31399873 0.10212692 0.2155928 0.9410942 0.7127031 0.4699086 0.9655479 0.9779744 0.0007773307 0.00038680987 0.0506176 7.460681e-05 0.0011155364 0.00029208022 1.7989387e-14 0.005716404 0.0153026385 0.0006053613 2.6729793e-05 1.1245493e-05 2.1170694e-05 0.001624801 0.035532665 3.898055e-05 0.13422762 3.5666297e-05 0.0004561082 0.009881252 0.008366878 4.1460585e-06 0.38376856 0.0002908813 0.0015680522 0.067579344 4.847173e-06 5.0081258e-06 1.37464385e-05 0.90342844 0.76703185 0.81098413 0.0011912283 0.08395127 1.220476e-05 0.74730206 6.2745056e-07 0.024687411 0.00010432602 0.59085774 0.010122616 0.00026498584 0.003613104 1.4944111e-06 0.0072665596 4.720755e-07 0.00010601511 0.037771676 0.014732751 0.0005005054 0.00013484577 0.02494022 0.00013068516 0.0001983901 0.0023562722 0.0014582105 7.583783e-08 0.018325899 3.7756197e-06 0.0043368204 0.0023284822 0.08198005 3.8249718e-07 2.1472279e-05 0.0020778559 0.0028315769 7.772276e-09 0.001961958 1.8158507e-07 0.0011812604 0.37183407 0.0002866697 0.00029108944 0.021249553 0.010753592 0.004648487 1.0863351e-05 0.00034456197 0.031080833 0.016078705 0.018221227 2.2648672e-08 1.8878196e-06 0.0055635343 0.0012689794 1.7639299e-07 7.7855894e-08 0.0019459093 0.0008934382 0.018608322
0.9698564 0.4831218 0.07830829 0.15008539 0.084000446 0.65025693 0.037951294 0.08017941 0.85877997 0.25176227 0.0077706724 0.0018037588 0.7098225 0.5800582 0.0015680284 0.00043488582 0.0004931616 0.005716404 9.812078e-17 0.9804814 4.981886e-07 3.0693827e-05 1.2283175e-06 5.531595e-05 1.6351052e-05 0.061145056 0.00016549499 0.0013640043 0.27428824 6.370031e-06 0.6192145 0.5621053 1.1680951e-06 0.00021529106 0.8909594 0.78371793 0.0747425 0.018763075 8.110967e-07 0.00034154867 0.0037898424 0.00058639393 0.022349209 0.34443688 0.015340324 0.002697452 2.2582686e-05 6.2400204e-07 0.0052635595 0.0024123199 1.3623609e-06 0.421556 0.09692249 6.11618e-08 5.085319e-08 0.27674446 5.0465005e-06 0.0012414486 2.2320341e-08 0.009692083 0.052249234 0.00016249334 6.091611e-09 0.37017256 0.0035169998 0.2852293 2.0118218e-09 1.6733147e-06 2.8406947e-05 4.3436293e-07 0.34701112 0.008910714 2.1211798e-07 1.0341823e-08 0.41795054 0.009048495 6.449394e-09 2.658273e-07 0.24854885 7.425852e-06 0.0006457297 2.5550955e-07 0.2953183 7.2636097e-09 0.115751 6.776307e-09 2.1261093e-07 0.16000782 0.3179304 2.7154883e-08 1.105375e-09 7.631609e-08 1.069797e-07 6.8488876e-10 0.29665896 9.176667e-10 9.533886e-11 2.134422e-11 9.8544115e-09 0.11921607 2.5034671e-08
0.985848 0.023468165 0.0028730207 0.0017008098 0.0026608096 0.65110874 0.010896545 0.06814016 0.43627778 0.2515513 0.014453546 3.2413827e-05 0.039771978 0.9262398 8.390742e-05 0.0004330146 2.4645504e-05 0.0153026385 0.9804814 2.3546668e-12 1.2217063e-06 6.49748e-07 1.998498e-08 1.7719116e-05 1.5968992e-05 0.0025552225 2.7732747e-06 0.00019891204 0.005522081 1.8892225e-06 0.7721919 0.741867 1.6453846e-08 0.024403775 0.5504229 0.7149871 0.51612896 0.00037803268 1.1850425e-08 1.7173555e-06 0.02581014 0.005507243 0.06336692 0.6062636 0.14366342 2.1658381e-05 0.0016966803 1.2591897e-08 0.031503506 4.2321826e-05 0.0002212963 0.13500994 0.0038981207 4.7214157e-06 1.1712581e-07 0.3800793 6.71176e-09 9.423259e-06 3.7703085e-06 0.113841936 0.13813499 2.1659487e-06 2.1809085e-07 0.017390907 0.00012716865 0.24189176 3.2732682e-08 3.846804e-07 0.0009577731 2.945461e-07 0.2907696 0.0015959917 4.3273343e-07 5.8769913e-09 0.05123163 0.0015786402 1.09797966e-07 5.4474145e-07 0.14044726 3.1695677e-07 0.017135749 2.472953e-05 0.08311894 2.1588389e-07 0.049143825 3.611953e-05 6.7182154e-05 0.012275314 0.10958757 5.461243e-06 5.4366324e-06 3.407371e-05 2.4397195e-09 2.612908e-09 0.18142213 2.5721201e-06 5.3448694e-09 5.1603444e-10 1.0007793e-06 0.08926097 3.4118904e-07
0.95111644 0.0024590038 2.6813716e-05 0.00027539616 0.0035369713 9.917599e-05 0.024818236 0.0011358727 1.6870106e-05 4.3662763e-05 2.9076411e-05 0.17223102 8.6826825e-05 8.514731e-08 0.018464375 0.94538915 0.468416 0.0006053613 4.981886e-07 1.2217063e-06 3.8190245e-10 0.49903822 0.6677988 0.032148138 0.96913624 0.026137687 0.2717614 0.9457532 0.0001350021 0.94435775 3.567808e-08 2.0922878e-08 0.35681328 0.5278148 1.4853765e-07 2.9823802e-08 2.7485036e-08 3.988661e-05 0.2786823 0.12540105 0.0011680417 0.00066440797 3.5654343e-06 3.6243318e-08 2.8032582e-08 0.0068543814 0.0023836677 0.057169914 1.1305748e-08 0.09971452 0.01601586 0.009708229 0.0009414551 0.676799 0.63489985 1.0381146e-09 0.045932222 0.14495714 0.41997856 9.079786e-08 9.18597e-09 0.0037961437 0.0016274861 4.613627e-06 0.0530388 6.95333e-07 0.00944063 0.0006521204 5.3942237e-09 0.02064906 3.5548022e-05 0.043883074 2.4214586e-07 0.006198917 4.9874194e-07 0.06062616 2.738448e-05 0.0012943398 5.14666e-05 0.00033939315 2.532166e-08 1.3266468e-06 1.0470313e-05 0.0075788493 0.018487064 3.340722e-10 1.0299357e-09 1.4390565e-06 3.3165552e-08 7.2814066e-09 9.966366e-10 2.7628895e-08 0.0035429688 0.03272684 0.00087184197 2.1111987e-10 0.06290321 0.0019641158 0.00039105734 1.7688177e-06 7.3280677e-07
0.9917694 0.010586186 6.4963187e-06 7.7493845e-05 0.00052547967 1.1447132e-05 0.009831284 0.0014802385 0.0003706106 3.9204388e-05 2.6553085e-05 0.60250103 0.0063823787 7.05752e-08 0.9425871 0.8335883 0.8894469 2.6729793e-05 3.0693827e-05 6.49748e-07 0.49903822 3.540411e-10 0.82825947 0.8158094 0.43213087 0.0053161513 0.9001075 0.46433738 0.016701989 0.29545605 9.011012e-09 1.874238e-08 0.5286915 0.25074562 5.8816654e-06 2.0504324e-06 8.0137195e-09 0.046498653 0.1226128 0.38894317 0.00011729366 0.00030808806 3.409835e-05 3.3606284e-07 5.96261e-09 0.24203739 0.00041049288 0.04005318 5.946562e-09 0.25713408 0.0007936687 0.010366328 0.032460876 0.0913305 0.25318316 1.5268403e-06 0.01763466 0.1623437 0.046483126 1.2060804e-08 9.295821e-07 0.024313468 3.458627e-05 0.00053170254 0.08066457 1.1447863e-05 0.00012868473 0.021069514 2.6772904e-09 0.019501476 0.00012695647 0.14051235 7.263021e-07 0.002948141 9.138311e-06 0.18220815 2.8292461e-06 0.0037182048 0.00019079226 0.004389097 3.689601e-09 1.1885817e-06 0.00021910456 5.915504e-05 0.069679834 7.1091494e-10 1.425779e-09 0.00012306614 1.887221e-07 1.7344252e-08 1.1304886e-08 1.548449e-08 0.0075077424 0.0023505345 0.001154819 7.770493e-10 0.0065411357 0.00025746727 4.753874e-06 5.8576165e-06 3.3640595e-07
0.97141606 0.0045776786 1.6922789e-06 1.2258466e-05 0.00010573664 2.5394356e-06 0.007708642 0.00037208488 5.3629912e-05 1.2424925e-05 2.9740302e-06 0.2933115 0.0021808993 2.5122915e-09 0.9256871 0.8275789 0.9365024 1.1245493e-05 1.2283175e-06 1.998498e-08 0.6677988 0.82825947 1.165211e-12 0.94824886 0.62545556 0.0034527893 0.88302773 0.521017 0.0035914201 0.50641835 7.506295e-10 1.2970061e-09 0.83334184 0.30259284 1.7003271e-06 3.7451265e-08 1.2509496e-09 0.017865613 0.36579454 0.4902391 1.5435238e-05 0.0002357049 1.1776502e-05 1.847276e-08 4.6278847e-09 0.32560757 1.29728205e-05 0.106718324 6.458377e-10 0.20852473 0.00012410343 0.0063912463 0.01171375 0.21891488 0.5954025 5.811994e-08 0.084861875 0.201065 0.04874813 2.0396793e-09 4.4244928e-08 0.089102544 3.5239764e-06 5.543879e-05 0.09238282 2.1500084e-07 0.00010078843 0.031219803 7.2429374e-10 0.09121963 5.8138735e-06 0.118100986 4.5251078e-08 0.018422095 1.1442869e-06 0.14360197 3.7554642e-07 0.015027928 2.7083488e-05 0.011264874 6.081288e-10 1.8222659e-07 1.581685e-05 0.000102212696 0.036486924 5.535436e-11 1.8653523e-10 2.4459212e-05 2.975013e-07 1.4096063e-09 5.5795346e-10 1.2986845e-09 0.036028706 0.0032432086 0.000381163 6.836186e-11 0.027188897 0.0002167635 5.8861e-07 5.775493e-08 5.5680587e-08
0.421118 0.015678907 1.3106141e-05 0.0006108777 0.001879524 7.978026e-05 0.002596568 7.454003e-05 8.47892e-05 5.864123e-06 1.9743968e-05 0.108881645 0.007470571 1.3236303e-06 0.94652927 0.4142495 0.9334603 2.1170694e-05 5.531595e-05 1.7719116e-05 0.032148138 0.8158094 0.94824886 1.1059525e-17 0.057203073 0.011695701 0.75700927 0.17505825 0.012793585 0.18051106 1.175248e-07 1.1821692e-07 0.6878965 0.000262842 4.532807e-05 4.7705436e-07 1.026677e-07 0.27349555 0.47296157 0.39539784 1.3375939e-06 1.0712509e-05 4.3900776e-08 6.6627695e-07 1.7809795e-08 0.74402815 1.1112867e-07 0.105181515 1.1555101e-09 0.11209141 7.119513e-07 0.0035624334 0.012135594 0.00025135058 0.015180867 4.23056e-07 0.079902746 0.10790895 5.261491e-06 3.7013883e-06 6.705149e-08 0.55806553 2.5332044e-08 0.0012634192 0.04604144 3.7318778e-06 4.656866e-09 0.03549991 2.9933376e-09 0.121087186 0.00013254583 0.032638587 3.7892363e-08 0.0061584683 2.389552e-06 0.025733303 1.3262989e-08 0.04782122 4.126369e-05 0.027206995 4.522191e-08 4.337029e-08 0.0001483186 2.5983574e-08 0.0079152165 8.88614e-10 2.7131308e-09 7.0105394e-05 2.5922686e-08 9.0367563e-10 4.9646426e-10 1.4673476e-09 0.00096948777 4.963351e-06 0.0015118979 8.560836e-11 0.0001363566 4.5116376e-08 7.750874e-08 1.385126e-06 1.3359899e-08
0.94949967 0.0093827415 0.00072538777 0.0028099811 0.018011434 0.0011491223 0.049388457 0.0017351559 0.0005318138 0.0008492447 0.0007173317 0.24434072 0.0009798602 1.6873381e-06 0.048344344 0.90800774 0.47869468 0.001624801 1.6351052e-05 1.5968992e-05 0.96913624 0.43213087 0.62545556 0.057203073 1.143984e-09 0.05962227 0.27739722 0.91027534 0.0006024592 0.9551185 2.3110503e-07 1.6829402e-07 0.30483615 0.637761 6.5896093e-06 1.4818894e-06 1.2716627e-07 0.00087053597 0.3022448 0.14726032 0.0027718246 0.015193243 1.2058224e-05 7.513877e-07 2.7798774e-07 0.014587858 0.007003036 0.12497848 1.2652524e-07 0.12981072 0.015328821 0.024251105 0.0024705583 0.7472704 0.72789496 1.9209938e-09 0.08776269 0.13526402 0.3505471 4.0960986e-06 5.3740166e-08 0.025292091 0.019958852 2.0198308e-05 0.059642963 2.8544343e-06 0.022163218 0.0053989566 9.163278e-08 0.06374799 0.00033671345 0.043006282 1.6408663e-05 0.03522557 4.316999e-06 0.06429404 0.00065238634 0.01199524 0.0001995339 0.0037382077 1.0492219e-06 9.451268e-06 0.00010790419 0.01693276 0.02398802 3.903261e-08 3.9080284e-08 2.2602335e-05 7.7244856e-08 2.6110249e-07 8.249723e-08 6.396779e-08 0.030280987 0.07911358 0.0039976467 3.7316426e-08 0.11048077 0.007092245 0.00017982959 1.4049642e-05 2.5348321e-05
0.9941157 0.8255806 0.4602687 0.58406126 0.6984949 0.47864345 0.36552128 0.23179498 0.023502959 0.18422364 0.31825858 0.5435493 0.9590146 0.008825857 0.078143656 0.06529807 0.015651261 0.035532665 0.061145056 0.0025552225 0.026137687 0.0053161513 0.0034527893 0.011695701 0.05962227 5.0330664e-12 0.01984404 0.0086324755 0.805535 0.004603282 9.470093e-05 0.00012886059 0.00018716643 0.31200242 0.019090056 0.012994658 0.0038092406 0.1624656 0.00023239633 0.0021787717 0.01637016 0.13286853 0.0006543497 0.0001130754 0.00024788384 0.008625419 0.01511725 0.00021989079 2.945346e-05 0.055213515 0.0031338858 0.6698823 0.65600765 0.01809171 0.0022571166 0.0025758662 0.0003076039 0.008191772 0.0015078596 0.0019528678 0.003931008 0.002668549 0.0009418041 0.18715975 0.013450246 0.0005692682 0.00020999643 0.002272613 6.0235107e-06 0.0006373419 0.005644108 0.06816322 0.0005051273 0.00011238691 0.008795175 0.091631226 1.3994349e-05 0.0008317446 0.0033671395 0.0019773392 1.9779643e-05 0.0002719936 0.014542041 9.402253e-06 0.58580077 4.2297577e-07 4.8937228e-08 0.05122167 0.00080431334 1.6162638e-05 8.643905e-06 7.965367e-07 0.001102398 2.9074845e-06 0.14605889 3.3668482e-07 6.8841284e-05 1.07340455e-07 2.2156268e-05 0.0009200047 4.535765e-05
0.993411 0.026590453 4.0736464e-05 0.00027233205 0.0017924309 7.853491e-05 0.030347312 0.0037668278 0.0013851143 0.0001292235 9.896058e-05 0.5770505 0.014751752 4.9834443e-07 0.8260201 0.39500716 0.5109644 3.898055e-05 0.00016549499 2.7732747e-06 0.2717614 0.9001075 0.88302773 0.75700927 0.27739722 0.01984404 1.1759567e-09 0.13296254 0.07838871 0.11777265 7.0864767e-09 1.08218856e-07 0.8143582 0.159126 0.00027352574 0.000107581036 3.3842465e-08 0.54757667 0.38537046 0.8386425 0.00045459694 0.0021344167 6.664861e-05 5.3728195e-07 3.3917424e-08 0.61698294 8.876794e-05 0.21780442 6.416563e-08 0.52951753 0.0007363597 0.015498224 0.09953155 0.050064724 0.116925664 3.4610935e-06 0.09332901 0.48333508 0.011441501 2.910357e-07 2.1457376e-05 0.090885766 2.3899109e-05 0.005403866 0.18714163 8.693151e-06 9.977755e-05 0.11093778 4.287431e-09 0.02713149 0.00017434834 0.25153324 1.2309326e-06 0.009100831 0.00021481444 0.27682737 4.310051e-06 0.023229966 0.00016988588 0.07726817 2.5726058e-08 3.399722e-06 0.00052248547 5.57774e-05 0.09959533 1.3987622e-09 1.4103997e-09 0.001958915 5.3354665e-06 3.2059308e-08 1.37130804e-08 1.0800687e-07 0.03290681 0.0017708001 0.005569167 1.6320936e-09 0.01940166 0.00016704926 1.2904904e-05 2.9506651e-05 5.832611e-06
0.34797755 0.17281121 0.039016653 0.027923888 0.027024528 0.004002066 0.68376106 0.006534878 0.0090012355 0.05140231 0.005133998 0.4462153 0.00090404006 0.0002499126 0.2242099 0.9338701 0.8027223 0.13422762 0.0013640043 0.00019891204 0.9457532 0.46433738 0.521017 0.17505825 0.91027534 0.0086324755 0.13296254 1.23313824e-11 0.000458663 0.9579269 3.8756887e-05 5.6661225e-05 0.123001195 0.22471835 0.00026418015 7.0273045e-06 2.281001e-06 0.0002964281 0.06448907 0.01824498 0.0022232851 0.003192504 5.65853e-05 3.9393017e-05 7.4905915e-06 0.023806093 0.008853486 0.0118718 1.570872e-07 0.010847098 0.07029469 0.0020593063 0.00031544076 0.7888729 0.27735302 1.7897628e-05 0.007922958 0.008450566 0.3542991 8.9292065e-05 4.503144e-06 0.028559377 0.00070808805 4.844213e-05 0.001807249 0.00012366947 0.03505688 0.0062399856 5.3371537e-07 0.22800711 0.00071654475 0.0018707694 1.3567862e-07 0.03287016 1.3506372e-05 0.0020278145 9.347355e-05 0.0033727232 0.00016529624 0.0006144348 3.2089488e-07 4.8421925e-06 0.000108937435 0.091974236 0.002292493 2.5535304e-08 1.9194822e-08 1.580973e-05 5.5817277e-06 4.7674753e-08 3.7313292e-08 9.263214e-08 0.00027527823 0.5763483 0.0012027203 8.3651015e-09 0.019629616 0.008285398 0.008611775 0.00038169156 6.198789e-08
0.9782541 0.2788907 0.009613865 0.07180491 0.18525575 0.01317802 0.009915023 0.0055046887 0.037335314 0.0021534015 8.882079e-05 0.38031244 0.94914794 0.001043314 0.0986059 0.006625225 0.008748934 3.5666297e-05 0.27428824 0.005522081 0.0001350021 0.016701989 0.0035914201 0.012793585 0.0006024592 0.805535 0.07838871 0.000458663 3.809908e-14 9.6392905e-05 0.00057163846 0.0017996858 0.0036167945 0.00056734466 0.21425013 0.009995404 4.655605e-05 0.91080254 0.0021346835 0.078152165 8.5307e-05 2.441228e-05 3.0876206e-05 0.0051599587 4.393123e-06 0.17614691 6.4297337e-06 0.0016126403 5.016075e-08 0.26717874 3.1162842e-06 0.83004767 0.94482154 1.4158343e-06 1.986612e-06 0.0052498286 0.003072811 0.09777137 1.7610371e-07 0.0008169147 0.0012666417 0.01294243 4.623643e-08 0.78547484 0.03695808 0.019570984 3.0825788e-08 0.0027992714 3.588843e-08 0.0004059131 0.09127973 0.14771912 1.1753848e-07 4.0926603e-05 0.10263361 0.21727951 1.1565603e-08 0.00028225707 0.0555735 0.0020149038 9.2517716e-08 1.3519568e-07 0.12103321 9.035348e-09 0.79446536 2.972633e-09 9.915423e-09 0.36118662 0.0019822624 1.6770457e-09 1.3840623e-09 3.0850694e-10 2.5629688e-05 2.1595895e-08 0.31210494 1.9708023e-10 5.082301e-09 3.826768e-10 7.756815e-09 0.027514355 3.5013088e-09
0.73306537 0.014760025 0.00012772798 0.0007445275 0.0016352348 0.0001540159 0.019849645 0.000444717 0.00037428644 0.00016110968 0.00018090104 0.037284303 6.0604318e-05 4.424603e-06 0.098828286 0.7450269 0.8024915 0.0004561082 6.370031e-06 1.8892225e-06 0.94435775 0.29545605 0.50641835 0.18051106 0.9551185 0.004603282 0.11777265 0.9579269 9.6392905e-05 5.716039e-12 3.126927e-08 1.6240392e-08 0.24882449 0.07928129 1.7545088e-06 5.0942945e-06 6.062489e-07 0.0028203183 0.35263774 0.06084145 0.00023365926 0.00027677737 1.2321676e-05 1.2145878e-07 4.576757e-07 0.044217147 0.00039155703 0.1492551 6.821087e-08 0.044282187 0.00069990195 0.001590741 0.0011057389 0.3764445 0.9518257 2.5345818e-08 0.07239288 0.06674211 0.0639224 1.0445265e-06 1.0412801e-06 0.17583248 3.7835474e-05 6.897318e-05 0.03527106 4.7730077e-06 0.0003515343 0.019438354 6.2986516e-08 0.51550114 3.388925e-05 0.016458856 3.058574e-07 0.24324037 1.00149286e-07 0.017621765 3.3720944e-06 0.07900152 1.9937894e-05 0.015530397 3.6995021e-07 4.2491115e-07 2.2636125e-06 0.009680092 0.0042129224 2.7343491e-08 4.979176e-08 5.3141434e-06 1.1063042e-07 6.1554665e-08 2.393646e-08 1.2368125e-08 0.049481627 0.3674162 5.421232e-05 4.006888e-09 0.24393877 0.017874474 0.00012336815 2.4169588e-06 9.304188e-08
0.985707 0.0019677912 2.1474265e-05 3.683333e-05 4.6682537e-05 0.056533296 0.0016687697 0.014346848 0.5175892 0.09489721 0.00038234275 1.3523204e-07 0.0023617493 0.8260695 1.2858168e-06 3.2171796e-05 4.6770194e-07 0.009881252 0.6192145 0.7721919 3.567808e-08 9.011012e-09 7.506295e-10 1.175248e-07 2.3110503e-07 9.470093e-05 7.0864767e-09 3.8756887e-05 0.00057163846 3.126927e-08 1.776726e-14 0.93151206 1.5823673e-10 0.0027604566 0.4192982 0.9284301 0.8095265 5.657016e-06 7.459666e-10 1.4936544e-08 0.0096808765 0.0028360174 0.18291771 0.8383808 0.54800177 1.5243647e-07 0.00035965198 5.542824e-10 0.19970068 1.6226754e-06 1.8170253e-05 0.01940996 0.00028070388 5.301031e-07 2.8356246e-09 0.8652257 2.9222336e-10 5.090618e-08 6.1878535e-07 0.5787356 0.7993448 1.1967111e-07 6.157942e-07 0.0038774225 4.3305877e-07 0.22441044 9.840161e-08 3.921826e-09 0.05534062 5.62725e-08 0.1706335 8.6436696e-05 8.470608e-06 2.381262e-10 0.03368067 0.00025077042 5.5503966e-07 2.7566887e-08 0.08635165 4.2475368e-10 0.28906816 2.8689492e-05 0.060853064 1.1913132e-06 0.007833397 0.00036466823 0.0012423978 0.004378858 0.3514494 3.6885987e-05 0.0001227451 0.00043792254 8.809217e-11 3.788741e-10 0.071742415 0.00072161295 3.2546858e-11 5.0956902e-11 2.2155128e-07 0.10605963 2.8113252e-06
