2.0402939e-13 0.9945724 0.9721774 0.985277 0.99134177 0.99363315 0.9904562 0.94213253 0.9855198 0.99909115 0.96875155 0.99943894 0.99987954 0.96975535 0.8821742 0.99945605 0.9783138 0.99986523 0.9915581 0.9738278 0.9863839 0.96434414 0.9900152 0.97973686 0.9831972 0.96718156 0.9999317 0.77140707 0.9991267 0.9683912 0.91959494 0.89528155 0.9297291 0.8142089 0.92068213 0.9972877 0.9888057 0.9998574 0.94253004 0.99388844 0.6377585 0.6347203 0.648964 0.9984265 0.9974799 0.9522508 0.9931282 0.9972787 0.99748665 0.91754794 0.23294178 0.9885373 0.97873574 0.9060632 0.98864555 0.45124757 0.9656047 0.91951805 0.9748197 0.33453512 0.16226941 0.959984 0.83250594 0.851059 0.9124151 0.91519517 0.77269876 0.65376717 0.066620775 0.8346008 0.9675569 0.87857765 0.45133734 0.5274967 0.1742024 0.94561166 0.00891899 0.23023726 0.070241645 0.48482242 0.0037399353 0.001361019 0.87405473 0.054822054 0.78043514 0.96315855 0.9238159 0.0029303064 0.011972422 0.8450994 0.9631591 0.00047512926 0.81788087 0.9365168 0.057353344 0.8292962 0.8301077 0.13189995 0.014879315 0.7834031 0.0023463184
0.9945724 3.7296816e-10 0.88328886 0.8121064 0.42810476 0.027505962 0.023811206 0.9521952 0.45602417 0.023138849 0.112468995 0.42263758 0.818556 0.09844645 0.0119475685 0.041912213 0.012322852 0.042849243 0.00046145846 0.96086353 0.07080742 0.0059858053 0.61766726 0.037630375 0.047006935 0.0050112014 0.009836762 0.057701644 0.00053438946 0.0029072836 0.024061881 0.16950959 0.004479522 0.22894065 0.013585455 0.0019988196 0.00030206452 0.004022322 0.0007428006 0.000705956 0.16243589 0.01529646 0.123459466 0.0019698127 0.0041405167 8.4527455e-05 0.00010764785 0.008400318 0.008146493 0.89691716 0.04858869 1.2731455e-05 1.1872477e-05 0.75689423 0.0010740216 0.08744287 0.00014151 0.0016172931 0.0022478886 0.00092580705 0.0031251968 0.0014256596 0.00888166 3.1236125e-06 3.5898478e-07 2.1775333e-05 1.9094552e-06 0.00064242695 0.00011043526 0.0035386903 4.8804587e-08 2.8218842e-06 0.00012436064 0.0014651881 4.9968077e-07 0.0038099475 3.6165307e-05 5.0979812e-05 6.934582e-05 0.0006644815 0.00028302422 0.00011867956 6.0045036e-06 0.009926055 4.7829635e-10 4.889364e-07 2.1769354e-05 0.001103049 2.142321e-05 0.0004267834 3.8665457e-06 4.670496e-06 0.00011144076 0.0033905914 3.094384e-06 7.3983734e-05 4.759771e-06 1.937831e-08 3.6567926e-05 3.3558183e-05 2.864546e-06
0.9721774 0.88328886 2.8253646e-07 0.89418983 0.97974193 0.19829072 0.07071549 0.9029977 0.21024147 0.09285697 0.37026617 0.5074892 0.9422681 0.044194844 0.6203192 0.71516013 0.0128329685 0.070580244 0.022193983 0.43555388 0.22281192 0.26694435 0.6793755 0.07950141 0.09483809 0.0037079973 0.42370537 0.08192798 0.005795387 0.14255701 0.0025779183 0.17927827 0.0011070721 0.12116536 0.11371786 0.01535018 0.0038851288 0.21795999 0.050810833 0.29356906 0.10929706 0.25821596 0.010836113 0.049501806 0.008993714 0.015163063 0.013184323 0.42223492 0.090682626 0.040691398 0.0006554796 0.00034595723 0.0014176652 0.03138671 0.073216006 0.0015638662 0.04239775 0.0115104765 0.15742002 0.00023922953 0.00037188694 0.00069124997 0.07811118 0.0023009619 0.00013083157 0.0013659204 1.0299604e-05 0.0042766794 0.0049011596 0.43988118 5.5219675e-06 0.00022942218 0.00066754327 0.022661379 3.5085773e-06 0.030796727 4.924707e-06 5.5932785e-05 7.008558e-06 0.004499545 2.5392733e-06 1.4316797e-06 7.619643e-07 4.6876894e-06 6.226051e-09 0.00013803564 0.0030144742 1.0770135e-06 5.7200026e-07 0.014611485 0.0016474173 1.1166794e-07 0.0005614043 0.009734735 3.0391308e-07 0.0019460588 0.00015210199 1.7525429e-07 4.2312703e-07 0.00047210438 1.7172129e-08
0.985277 0.8121064 0.89418983 1.8970704e-10 0.79523915 0.51139563 0.34763154 0.9859485 0.86409056 0.23890868 0.80578786 0.9385792 0.5166297 0.26890373 0.20016517 0.04682439 0.07358213 0.013358616 0.00424785 0.15950374 0.018844895 0.013360642 0.006833433 0.008471913 0.005435573 0.0113281235 0.04668044 0.5090211 0.004803512 0.019021345 0.0052317157 0.0044068787 0.0042582946 0.0045433915 0.00045745776 0.013816354 0.0007787828 0.00485681 0.00089518103 0.005146184 0.012183039 0.0035218783 0.009814282 0.0014570429 0.004884105 0.0009504407 0.00020556369 0.002153945 0.0021349052 0.0051669716 0.00092621736 0.00012923176 0.0003268421 0.0020791632 0.0018087053 0.001907086 0.0012756523 0.0012719764 0.0009926603 0.00022636559 0.00026304158 6.829651e-05 0.00027831312 8.6547894e-05 0.00016997906 0.00043443977 7.6556694e-07 0.0002488194 0.00035692938 0.00057369715 1.2600963e-05 0.00022133073 5.020452e-05 9.886578e-05 1.7215697e-06 0.00023310483 3.914381e-06 4.380624e-05 1.31873085e-05 1.1960369e-05 5.068277e-06 5.192032e-06 1.8518956e-06 1.6262968e-05 2.4362379e-08 1.4992855e-05 1.635103e-06 7.2959665e-06 2.5050508e-06 2.3798118e-06 2.8673108e-07 3.7465176e-07 6.6727145e-05 2.70924e-05 6.4699485e-08 1.1391135e-05 9.030782e-07 2.2915252e-08 4.0696733e-07 2.1683895e-06 3.9540367e-07
0.99134177 0.42810476 0.97974193 0.79523915 9.883985e-07 0.35763133 0.113053195 0.7151345 0.14568084 0.22419383 0.39965448 0.88857013 0.922646 0.031590365 0.54758537 0.87932765 0.022218458 0.07367306 0.04819426 0.17498818 0.141396 0.34067604 0.270673 0.08100375 0.092225775 0.008009776 0.6567292 0.038527574 0.035377763 0.17056705 0.0019434891 0.06113414 0.0014778067 0.0401497 0.05908493 0.033464696 0.0066906945 0.2496562 0.055190496 0.38311934 0.022340633 0.06697146 0.0049930476 0.07294245 0.011455476 0.062308826 0.07227054 0.24265724 0.080300264 0.011490456 0.0003521208 0.002583892 0.0057049724 0.005770806 0.066670544 0.00047669536 0.049064226 0.011562268 0.089586854 0.00015598348 0.00012846757 0.00071931974 0.029497918 0.005814512 0.0009945042 0.0034947677 4.5848607e-05 0.0017366401 0.00088066864 0.22885704 9.219233e-05 0.00058213033 0.00060191326 0.0059984718 0.00029205458 0.013340901 1.4746102e-05 0.0002503076 1.5943016e-05 0.0008464273 1.5448603e-06 2.0304558e-06 5.8048317e-06 3.0413155e-06 5.358099e-07 0.00024786705 0.0015798043 1.0536619e-06 2.3269735e-07 0.023742625 0.0011374104 4.4339782e-07 0.00042502285 0.0027535139 1.2735409e-06 0.0012785114 3.5547684e-05 6.5008396e-07 3.9834968e-06 0.00011078526 6.974136e-07
0.99363315 0.027505962 0.19829072 0.51139563 0.35763133 6.5858197e-10 0.9079959 0.18016838 0.29251623 0.7060288 0.78610706 0.70517474 0.039145794 0.41330343 0.9591948 0.25393763 0.9219278 0.00017845721 0.0851412 0.0075827832 0.00019812673 0.4449487 2.582871e-05 3.172492e-05 4.807006e-05 0.7849378 0.076114394 0.028074099 0.021797692 0.8257081 0.078191206 3.527475e-05 0.37666902 1.3356251e-05 6.8541026e-06 0.009721938 0.42936555 0.005787153 0.05017715 0.0017332954 0.00011598254 4.254156e-05 0.005417388 0.00025476198 0.00060212624 0.012746425 0.0007574362 0.0017898678 0.0025726785 0.021180956 0.00011161519 0.009005177 0.0012469952 0.0052320426 0.00021228871 9.702578e-05 1.5411793e-05 0.29509053 4.923136e-05 0.004985071 0.0008268221 0.4038541 0.00015183589 2.8458275e-05 4.767724e-05 0.00014518683 0.0005858274 0.22683507 0.025578108 2.87471e-06 2.7506294e-05 2.2760629e-05 0.012324816 5.8547466e-06 0.00028719756 8.610152e-05 0.0016453001 0.014371463 0.004550058 4.990852e-08 0.000121791636 3.236158e-06 0.021146184 2.949907e-06 7.152615e-07 7.372664e-07 1.8239863e-08 6.7967073e-07 0.00017048282 5.0558847e-06 2.5594842e-08 0.00048171345 2.7115677e-06 1.4517943e-05 0.0015651725 1.7698918e-07 1.1614142e-07 2.8242775e-06 0.007944491 4.269189e-07 0.0011767893
0.9904562 0.023811206 0.07071549 0.34763154 0.113053195 0.9079959 7.240382e-10 0.1795884 0.33776337 0.3353278 0.91646093 0.45255873 0.028341107 0.5726535 0.84558773 0.053052712 0.9626938 0.00010324402 0.027993178 0.0036973334 8.023057e-05 0.16586101 1.7136148e-05 1.3873822e-05 1.9337152e-05 0.91477954 0.015559424 0.07477397 0.006439967 0.70132726 0.27571064 1.8980454e-05 0.7452086 1.1730635e-05 2.7795688e-06 0.002974829 0.20571083 0.0011800219 0.012848988 0.00042705453 7.5828975e-05 3.158753e-05 0.01062349 1.9018305e-05 0.00053931517 0.0024703273 0.00023334882 0.00040244192 0.0005521141 0.018615413 0.00067376863 0.0012618293 0.00043040357 0.0037026263 5.317903e-05 0.00029501264 5.1291204e-06 0.20208144 2.4608253e-05 0.015327725 0.0022322761 0.3606342 2.3717832e-05 9.015977e-06 1.6113803e-05 8.313187e-05 0.0002957823 0.34979123 0.09365921 2.2701286e-06 1.1916184e-05 1.15146095e-05 0.007516802 1.4746419e-06 0.00018562171 3.0481204e-05 0.00604912 0.01573427 0.019361943 4.308994e-08 0.0006687348 4.6983572e-05 0.008108257 1.6842714e-05 1.2948445e-07 2.4143358e-07 2.5996252e-09 1.5177891e-05 0.0009174437 1.236417e-07 3.6089194e-09 0.0017050728 4.2437054e-07 5.3180524e-06 0.0004317271 1.2760775e-07 1.23698e-08 1.5113203e-06 0.010974931 2.0713859e-08 0.0033609236
0.94213253 0.9521952 0.9029977 0.9859485 0.7151345 0.18016838 0.1795884 1.8014495e-13 0.88708055 0.042987473 0.7370662 0.70520586 0.6855099 0.31531394 0.032813564 0.017578712 0.03958266 0.040803783 0.0014423542 0.8484807 0.097874686 0.014125019 0.35978153 0.05882364 0.055586066 0.0045753415 0.02666356 0.7929404 0.00039066764 0.0063252198 0.009639089 0.13807309 0.002249414 0.25549695 0.011985463 0.007897022 0.0003146896 0.0047811656 0.00028197808 0.004506158 0.43369114 0.025514994 0.1257014 0.0035771744 0.0051781298 0.00035076676 6.842996e-05 0.00305983 0.0016540023 0.2950935 0.0132439565 4.7091322e-05 8.243742e-05 0.062175494 0.0057365913 0.06422426 0.0010838025 0.00055131176 0.00281716 0.0004871705 0.0031467187 1.4031245e-05 0.00111928 2.4270652e-05 5.0665254e-05 9.35971e-05 1.5919133e-07 5.5672976e-05 0.00032474365 0.0015835369 2.031743e-07 6.959467e-05 0.00011406468 0.0017735297 3.6539998e-07 0.00021764445 9.8943254e-08 8.137586e-06 1.0214769e-06 3.9684604e-05 5.7383745e-06 3.540739e-06 1.2305364e-07 5.2534167e-05 1.1810974e-09 2.135675e-05 7.755687e-06 9.440224e-06 2.9735877e-06 2.1996295e-06 2.6552264e-06 1.504847e-08 7.858586e-05 2.7346246e-05 3.7363716e-08 1.5684094e-05 8.327687e-06 3.0314484e-09 2.1623583e-09 4.082301e-06 9.79174e-09
0.9855198 0.45602417 0.21024147 0.86409056 0.14568084 0.29251623 0.33776337 0.88708055 2.8886846e-10 0.09188116 0.9606439 0.52679086 0.21439855 0.93366337 0.06446138 0.0184753 0.18108095 0.0004055258 0.001153252 0.38001364 0.00042430416 0.011884788 0.00035828244 0.00026342165 0.00022932875 0.03784366 0.006704385 0.9623034 0.0005429936 0.027736235 0.83519083 0.00062039617 0.17624323 0.00043142028 1.3421294e-05 0.002988838 0.0014536043 0.00066461397 0.0009263856 0.00013357138 0.0013592833 0.0002438079 0.74712574 0.00016053149 0.0008838419 0.00016893283 2.4182717e-05 0.0009881809 0.0014662882 0.39671117 0.20990893 8.8024746e-05 5.738202e-05 0.20470916 6.768183e-05 0.18369362 2.2738195e-05 0.00968979 6.372282e-05 0.113960996 0.12958597 0.027157085 0.00022630731 1.8074331e-07 2.4941605e-07 1.9728515e-05 1.0921023e-05 0.015093934 0.007744025 9.799644e-05 7.84312e-08 5.3777794e-06 6.391935e-05 8.2292274e-05 2.787397e-06 0.00041019803 0.0025117241 0.0009764493 0.02000071 1.139216e-06 0.0069220355 0.0028742198 8.8481254e-05 0.013476196 1.2031732e-09 1.4876264e-07 8.958829e-09 0.0058462997 0.0091462685 8.885894e-08 2.5903695e-09 0.00081899797 2.1582268e-06 2.0426325e-05 5.0665326e-06 7.5954983e-07 1.3488589e-08 7.829669e-08 8.30371e-05 1.8295079e-07 0.00034063458
0.99909115 0.023138849 0.09285697 0.23890868 0.22419383 0.7060288 0.3353278 0.042987473 0.09188116 4.4245603e-08 0.24963735 0.29214776 0.014594099 0.09467588 0.89478326 0.7689728 0.23526198 0.0001733949 0.7701901 0.011127101 0.00071554875 0.93625844 0.0009025742 0.00012829284 0.00020209975 0.2873458 0.25541383 0.010096386 0.35293028 0.93724483 0.023374189 0.00022262204 0.08191376 8.435215e-05 0.00017952184 0.025275497 0.83568203 0.002991808 0.42066872 0.019812562 0.00013140187 0.00010352264 0.0029638035 0.000704197 0.0007871401 0.23485151 0.18660808 0.0020352826 0.0045730863 0.015158017 0.00012371594 0.23737393 0.029697267 0.0023965975 0.0007554326 1.4668092e-05 0.0003438385 0.5926921 0.00028544752 0.001281091 0.0007334161 0.6366226 0.00068090385 0.001745282 0.001364286 0.00070201437 0.06643317 0.14048836 0.0038429543 0.00052687625 0.0022254793 0.00017362673 0.14452699 6.698725e-06 0.0044012885 0.000645617 0.0002934024 0.022565471 0.0006333616 8.076295e-07 1.4784642e-05 8.7538024e-07 0.34320536 6.850371e-08 0.00031460615 4.832403e-06 5.861414e-07 6.5345165e-07 1.8937819e-05 5.1611347e-05 4.936253e-07 0.000103253864 9.7435395e-06 0.0003253574 0.017020348 1.3775053e-06 5.141131e-07 0.00042023728 0.013594733 8.4476517e-07 0.00032129374
0.96875155 0.112468995 0.37026617 0.80578786 0.39965448 0.78610706 0.91646093 0.7370662 0.9606439 0.24963735 1.2012568e-12 0.7643654 0.080221936 0.9778138 0.74890155 0.080502495 0.8207774 0.00068360334 0.008893437 0.033513118 0.0009738607 0.09736965 0.00036818968 0.0008045738 0.0004450732 0.29229158 0.03876363 0.8070254 0.0054508634 0.25242436 0.5493606 0.00038215448 0.34815714 0.0004491538 2.0499565e-05 0.0038559833 0.010566819 0.0024182005 0.0031353014 0.0013243092 0.0015808578 0.00038629302 0.044490293 5.312991e-05 0.00036648466 0.0007085389 3.610975e-05 0.00059347844 0.0010238759 0.014461213 0.0025699835 0.00046785834 0.00023342897 0.021547746 4.0586703e-05 0.003563903 4.594849e-05 0.07880866 0.0001068087 0.017887529 0.0064116213 0.015273918 6.0243156e-06 2.8921733e-07 8.512654e-06 5.629593e-05 5.941931e-05 0.016513096 0.006993526 8.547601e-06 1.9677375e-06 8.319408e-06 0.00050593115 9.107481e-07 2.8697976e-05 4.9895127e-05 0.0018489462 0.0020381145 0.0034114795 6.854475e-08 0.00045939497 0.00011121886 0.00015504542 4.8748974e-05 1.3279568e-08 2.9301343e-06 1.978446e-08 4.8592505e-05 0.0004678262 4.9481863e-09 3.511334e-09 0.00062276254 9.091762e-06 2.42979e-06 1.0823619e-05 1.145122e-06 2.2177673e-08 9.280369e-08 7.9881516e-05 7.266399e-08 0.00048770368
0.99943894 0.42263758 0.5074892 0.9385792 0.88857013 0.70517474 0.45255873 0.70520586 0.52679086 0.29214776 0.7643654 5.26586e-09 0.25845423 0.38241416 0.47276407 0.86768353 0.27558088 0.016465725 0.25735337 0.35637376 0.028061979 0.40219367 0.114726625 0.01935319 0.026752131 0.17139678 0.40335673 0.14036125 0.15441145 0.5000213 0.09254972 0.020983674 0.12265494 0.010572268 0.011438686 0.015513077 0.1562413 0.0866344 0.11779691 0.039103743 0.0077162664 0.005709465 0.031874534 0.02780059 0.0040956317 0.10436989 0.10286881 0.07911234 0.11530163 0.2581068 0.002603928 0.025231982 0.028439565 0.06276697 0.017723218 0.0028645955 0.003506907 0.08940949 0.05156999 0.0044290465 0.0014173704 0.08594157 0.010023659 0.0015550181 0.000857955 0.00087648013 0.0020878033 0.037575535 0.002902181 0.017945973 0.0010166533 0.00015767218 0.009512297 0.001566453 0.0018555933 0.03172828 0.00026834884 0.001448018 0.0011613257 0.00035416728 0.00025256857 3.1896296e-05 0.0043640644 9.361245e-05 7.311956e-05 4.395849e-05 0.00034847925 6.3709755e-05 0.0001492769 0.0024591787 0.00038885148 7.875565e-05 4.878818e-05 0.0072515127 0.0002489288 0.00023755421 3.818743e-05 9.2435665e-05 0.0008137994 7.261755e-05 0.00013396762
0.99987954 0.818556 0.9422681 0.5166297 0.922646 0.039145794 0.028341107 0.6855099 0.21439855 0.014594099 0.080221936 0.25845423 5.342734e-11 0.055428743 0.028622828 0.129021 0.025237752 0.10350214 0.006363628 0.82577604 0.29539314 0.02337845 0.8746476 0.15501486 0.19268166 0.009634701 0.16834955 0.037373524 0.0046439697 0.015461752 0.008261393 0.39583915 0.0054707415 0.30680698 0.09353717 0.0020733902 0.005977531 0.10679558 0.0030339446 0.014463301 0.21042 0.06831909 0.014403274 0.095160805 0.0056647584 0.0023260852 0.002587643 0.1439072 0.17650762 0.62946177 0.0036579592 0.0004405731 0.00095371896 0.57948726 0.027619619 0.011262097 0.004933778 0.004088233 0.17986736 0.00026042596 0.00039031034 0.00972862 0.07335719 0.00022755431 6.811958e-05 0.00034001583 3.4351793e-05 0.0010060252 0.00017961553 0.041387063 9.637742e-06 3.5857556e-05 0.000113199254 0.021439444 1.3220754e-05 0.13704588 4.6170146e-05 0.00037758448 2.9908013e-05 0.007666575 5.5281984e-05 1.8757644e-05 1.078241e-05 0.0007546027 3.0476365e-08 4.7090558e-05 0.0023052986 6.765751e-05 3.06733e-06 0.003780626 0.0027487243 1.3027223e-07 0.00023931534 0.039164502 3.5453763e-07 0.0027975712 0.0001425954 1.0229709e-07 1.3171145e-05 0.00018803611 1.4282628e-07
0.96975535 0.09844645 0.044194844 0.26890373 0.031590365 0.41330343 0.5726535 0.31531394 0.93366337 0.09467588 0.9778138 0.38241416 0.055428743 9.599306e-10 0.08216557 0.0063042534 0.41635272 0.00012031465 0.0013878704 0.01439599 7.88111e-05 0.0061405515 3.085807e-05 2.8390263e-05 1.7999457e-05 0.0880213 0.0017267659 0.958275 0.00028009363 0.01998162 0.96049714 1.7014409e-05 0.50864786 5.2414263e-05 4.554844e-06 0.0022848821 0.0018706776 6.1015187e-05 0.0002246717 2.570633e-05 0.0002472723 2.4353865e-05 0.46740887 1.3745142e-05 0.0005487012 1.8148727e-05 1.9274546e-06 8.455511e-05 8.921614e-05 0.05051781 0.05689223 3.7175643e-05 1.0076502e-05 0.02334839 4.178122e-06 0.029955791 1.1421098e-06 0.01259778 2.7848673e-06 0.22186796 0.095280126 0.029671649 1.930283e-05 3.6997083e-08 3.2772115e-07 2.373067e-06 1.7255765e-05 0.031065814 0.03184666 1.164458e-06 1.0605443e-08 1.2773517e-06 4.1339394e-05 1.7628462e-06 5.3719104e-06 3.085057e-05 0.005587648 0.0008293137 0.034563243 7.47145e-08 0.004748532 0.0012009558 0.00025810057 0.0028860427 4.6772575e-10 8.490385e-09 5.835225e-10 0.0012870142 0.01175561 1.4318025e-08 2.334069e-10 0.0009328218 3.9055865e-07 1.1229777e-06 2.384736e-05 4.126158e-08 6.6811063e-09 5.126592e-08 0.0002506112 2.1851752e-08 0.00044604944
0.8821742 0.0119475685 0.6203192 0.20016517 0.54758537 0.9591948 0.84558773 0.032813564 0.06446138 0.89478326 0.74890155 0.47276407 0.028622828 0.08216557 6.1356625e-10 0.38739702 0.58287287 0.0009882908 0.33592206 0.0016850195 0.0012799895 0.9591858 0.0012137741 0.0004896137 0.0010494702 0.28201482 0.055287585 0.020019278 0.0862301 0.96498543 0.0044069206 0.0003601232 0.019627547 8.6149e-05 0.00013582461 0.015671875 0.18519238 0.0040644514 0.5586787 0.046328627 0.00013738584 0.00019878289 4.6686193e-05 0.00013732557 0.0020031848 0.22731742 0.005284813 0.003916749 0.00078055216 5.562643e-05 5.5999258e-06 0.077601165 0.011578715 1.7547763e-06 0.0026443766 7.1233717e-07 0.0027703173 0.09916141 0.00027793224 6.452687e-05 7.501351e-06 0.002236186 4.7328704e-06 0.0014174164 0.0010998368 0.00052928954 0.0016579995 0.0011446107 0.00048618283 8.7487366e-05 8.603209e-05 9.447641e-05 0.03067002 2.2453877e-07 0.0021693627 4.404059e-06 5.8056423e-07 0.0002859426 3.4628647e-07 7.1833465e-06 2.7628303e-07 1.0079927e-08 5.884574e-05 2.7683281e-08 1.2304525e-06 7.616029e-06 3.887678e-07 1.6413066e-08 7.0905095e-08 5.106101e-07 4.2178964e-08 1.6212908e-08 1.9592262e-05 5.258915e-07 2.22265e-06 9.225041e-08 1.2510624e-06 9.220794e-06 1.6272588e-05 1.0689214e-06 4.318796e-07
0.99945605 0.041912213 0.71516013 0.04682439 0.87932765 0.25393763 0.053052712 0.017578712 0.0184753 0.7689728 0.080502495 0.86768353 0.129021 0.0063042534 0.38739702 3.5023346e-05 0.008818176 0.011295382 0.33779714 0.0029766848 0.014650695 0.47960818 0.0072296993 0.0049347733 0.0067235655 0.00268196 0.9490083 0.0015858946 0.41550767 0.031334482 0.0002470908 0.0011230955 0.00015550936 0.000779904 0.0016795268 0.6008184 0.0034717584 0.39650163 0.1925971 0.86024785 0.00040996278 0.0032705662 1.5295736e-05 0.0074430117 0.069613345 0.45522493 0.68386877 0.30351406 0.06405328 0.000115339266 6.974379e-06 0.0031236396 0.21861629 1.56086e-06 0.099565305 3.364929e-07 0.16224091 0.0030002657 0.010920055 1.1969624e-05 1.2058579e-05 2.8795848e-05 0.001062777 0.11045367 0.054595493 0.018764203 0.0011700324 0.00015286339 0.000172642 0.025284568 0.0018793914 0.004975465 0.002075705 5.221106e-05 0.0012768555 0.0002829991 5.022746e-07 2.2721091e-05 7.2570117e-07 4.5258137e-05 2.772673e-07 4.7945772e-08 6.820115e-05 2.6583832e-08 0.00019446552 0.0006548947 0.00033582738 5.4131803e-08 1.806488e-08 0.01177314 0.0006100952 1.9648589e-08 0.00079832016 7.014632e-05 9.735287e-07 0.00070938945 0.0012431737 9.872323e-05 7.0892884e-07 0.0003012507 7.2151614e-08
0.9783138 0.012322852 0.0128329685 0.07358213 0.022218458 0.9219278 0.9626938 0.03958266 0.18108095 0.23526198 0.8207774 0.27558088 0.025237752 0.41635272 0.58287287 0.008818176 3.9200385e-09 6.465462e-05 0.025470903 0.00022502165 3.1247077e-05 0.07553091 1.9923914e-06 1.525379e-06 2.5203728e-06 0.9709932 0.0032982647 0.078768834 0.004964523 0.559159 0.41099393 1.5653545e-06 0.94062155 1.4023921e-06 8.4336295e-07 0.0018042955 0.14889617 0.00023366036 0.0031879784 0.00012544519 3.4200257e-05 3.7631296e-05 0.010990651 1.869882e-06 0.00030063622 0.0007856489 6.441576e-05 0.00010653343 0.0001110801 0.0045888284 0.00021488841 0.00043865255 0.00019928855 0.0013614505 1.043389e-05 6.37866e-05 1.5351319e-06 0.31434253 8.9414225e-06 0.045631237 0.004458655 0.5639328 1.4533665e-05 3.3185454e-06 1.4647347e-05 2.4451634e-05 0.0003281598 0.4989175 0.27622628 1.7914883e-06 3.4288475e-06 3.723431e-06 0.008256608 6.272974e-07 0.00011717816 1.6975768e-05 0.016137535 0.033848368 0.03791143 5.767061e-08 0.0005885529 3.9608567e-05 0.01476087 2.0295605e-05 8.224648e-08 1.1199429e-07 2.0037211e-10 5.5143323e-06 0.0025473214 1.0913644e-08 7.590997e-10 0.004575114 2.945989e-07 9.544027e-06 0.001768607 1.4321733e-07 1.0638812e-08 7.9583737e-07 0.019815763 1.7996786e-08 0.0112799825
0.99986523 0.042849243 0.070580244 0.013358616 0.07367306 0.00017845721 0.00010324402 0.040803783 0.0004055258 0.0001733949 0.00068360334 0.016465725 0.10350214 0.00012031465 0.0009882908 0.011295382 6.465462e-05 3.179849e-11 2.8856795e-05 0.055417426 0.96964437 0.00092760293 0.19593477 0.9238452 0.946093 3.744471e-05 0.028558806 0.00048285822 3.2345797e-05 0.00026352468 5.243921e-05 0.11057446 1.3822475e-05 0.03640251 0.7797582 0.00014567962 2.6170479e-05 0.031268362 5.6246077e-05 0.0015543189 0.030716686 0.41105735 0.00021191247 0.09442743 0.0027073072 9.276125e-05 0.0001867346 0.10715422 0.11170039 0.033751063 3.7371432e-05 5.845346e-06 8.786435e-06 0.042328514 0.020411463 0.00012391397 0.0022158057 5.1999577e-05 0.41569304 1.8278748e-06 2.1034788e-05 0.00012931523 0.62841934 2.6758356e-05 1.7868166e-06 0.00010880848 5.4887573e-07 2.3321056e-05 2.25746e-06 0.13376236 1.6531901e-07 1.6240185e-05 6.175806e-06 0.13969593 1.0295582e-06 0.7861237 3.1713157e-07 1.6261603e-05 2.3877945e-07 0.1088119 4.3207297e-08 1.687684e-08 1.1269874e-07 5.4821317e-06 3.193595e-09 5.04646e-05 0.010178369 8.347748e-08 1.5191993e-09 0.0026898172 0.00352441 2.4185193e-08 0.00029210473 0.6350144 1.3156846e-07 0.0057195667 7.629329e-05 1.7179469e-08 4.975303e-06 0.00023609452 2.377788e-08
0.9915581 0.00046145846 0.022193983 0.00424785 0.04819426 0.0851412 0.027993178 0.0014423542 0.001153252 0.7701901 0.008893437 0.25735337 0.006363628 0.0013878704 0.33592206 0.33779714 0.025470903 2.8856795e-05 9.8764886e-08 7.67998e-06 1.3924337e-05 0.9627359 1.5837226e-07 2.8018953e-06 7.3989904e-06 0.043662578 0.11480591 0.00023477562 0.77220756 0.862479 0.000504867 7.3047104e-08 0.0037992673 7.2810074e-08 1.3224504e-06 0.07434786 0.6984653 0.008466259 0.96050274 0.021381328 1.5705723e-07 6.9972107e-06 4.1961152e-06 0.00027791818 0.006402239 0.68071693 0.0538684 0.0008998488 0.0025601764 0.00020372428 9.0513076e-08 0.8956863 0.04978283 1.6659576e-05 0.00074599305 1.4274642e-08 0.00030637195 0.40317768 9.923909e-05 4.5835186e-05 3.017635e-05 0.34507984 6.616788e-06 0.0018566882 0.0057701403 0.0015774888 0.41243094 0.01602699 0.00059858337 3.066811e-05 0.0040239645 0.00040747033 0.3206447 7.0986516e-07 0.058556072 4.4737008e-05 8.190374e-06 0.008664241 1.8892783e-06 2.6855158e-08 1.7417516e-08 1.0986425e-09 0.4600706 1.7123942e-09 0.005144972 1.9039719e-05 1.6058841e-08 2.9485774e-09 7.948009e-08 5.4089287e-06 1.5826767e-08 6.5709054e-07 6.415968e-05 1.8779032e-05 0.01762895 8.693387e-07 1.6618375e-06 0.007283193 0.008876579 3.4452728e-06 4.9772323e-05
0.9738278 0.96086353 0.43555388 0.15950374 0.17498818 0.0075827832 0.0036973334 0.8484807 0.38001364 0.011127101 0.033513118 0.35637376 0.82577604 0.01439599 0.0016850195 0.0029766848 0.00022502165 0.055417426 7.67998e-06 5.2097947e-13 0.12188191 0.0003195541 0.7518918 0.07349289 0.05168932 2.3202569e-05 0.0047992743 0.22996403 9.082302e-05 3.0375086e-05 0.0014264708 0.47569165 4.6810663e-05 0.6518313 0.0163287 0.0008236109 5.0513495e-06 0.0006444787 3.6648078e-07 4.0893832e-05 0.6633719 0.034426518 0.18082656 0.0009078376 0.0064995475 1.3075285e-06 1.2808312e-07 0.0007495194 0.00025645838 0.96938986 0.08206844 1.7915897e-07 1.7567915e-07 0.9638481 4.5877652e-05 0.56849337 9.082541e-06 2.6554833e-05 0.00012824648 0.0003580777 0.008629832 3.2456574e-05 0.0028923636 9.461941e-09 3.7140022e-09 1.5298085e-07 1.2357012e-09 5.7149315e-05 0.00017298381 1.0791267e-05 8.63149e-10 1.3110451e-07 8.094801e-07 0.0021304826 1.9933044e-09 0.0005138299 2.4789258e-06 8.2063976e-05 2.9320898e-05 0.00016602376 8.8994864e-05 0.00014285593 1.6040834e-09 0.017595023 1.3455709e-10 2.9621752e-08 1.2704317e-08 0.0005314407 6.6070456e-06 2.1052227e-07 2.3686024e-09 7.887195e-08 4.63248e-06 0.0005574161 8.651326e-08 1.058251e-06 2.703055e-08 8.041617e-09 2.444253e-06 1.7365703e-06 9.144487e-09
0.9863839 0.07080742 0.22281192 0.018844895 0.141396 0.00019812673 8.023057e-05 0.097874686 0.00042430416 0.00071554875 0.0009738607 0.028061979 0.29539314 7.88111e-05 0.0012799895 0.014650695 3.1247077e-05 0.96964437 1.3924337e-05 0.12188191 1.9629776e-09 0.0007257469 0.66509587 0.7990895 0.80256593 1.3961741e-05 0.02266664 0.0007177269 3.8903047e-05 0.00015384077 0.000118987475 0.45657885 3.020543e-05 0.12212441 0.96014017 0.0004009611 1.8021115e-05 0.01772593 9.141401e-05 0.001827103 0.057048038 0.87726 0.00032148746 0.08021792 0.0035862366 4.8887854e-05 0.00010158521 0.12891066 0.08113825 0.09029589 2.5407398e-05 3.268053e-06 3.693324e-06 0.12018152 0.013089466 0.00020520661 0.0010086377 0.0001221696 0.46457827 5.921343e-06 2.2701402e-05 0.0003446744 0.8640341 3.5303052e-05 9.291354e-07 0.0001786716 3.0771716e-06 9.762901e-05 5.618134e-06 0.24844632 1.5269326e-07 1.6700267e-05 1.2129072e-05 0.32638246 2.1448445e-06 0.6876007 8.7893045e-07 7.4309006e-05 3.9315512e-07 0.30577564 3.0938634e-07 5.3386778e-08 1.843968e-05 7.4973605e-06 2.8934185e-08 6.320552e-05 0.011294041 6.180204e-07 1.03769935e-08 0.0017975888 0.0021412089 1.1678814e-06 0.00014173138 0.37850237 7.6612605e-06 0.004707206 3.1211126e-05 3.0215685e-07 5.6232562e-05 7.551656e-05 2.4101718e-07
0.96434414 0.0059858053 0.26694435 0.013360642 0.34067604 0.4449487 0.16586101 0.014125019 0.011884788 0.93625844 0.09736965 0.40219367 0.02337845 0.0061405515 0.9591858 0.47960818 0.07553091 0.00092760293 0.9627359 0.0003195541 0.0007257469 6.09628e-10 0.00028665742 0.00027790945 0.00051634636 0.052625373 0.09784097 0.0046428405 0.50959516 0.8827367 0.0008824438 0.00012357185 0.0028421308 4.6081284e-05 9.163493e-05 0.10243017 0.33089253 0.007816401 0.93314105 0.086720355 1.3587779e-05 0.00019834035 4.374896e-05 0.0002964083 0.010022771 0.7420352 0.05884265 0.003167758 0.0016455197 1.0838659e-05 2.6654227e-06 0.52414066 0.062396064 4.1769786e-06 0.0034858848 9.5784834e-08 0.0027250003 0.15369087 0.000551881 6.888e-06 1.1570834e-06 0.006827238 2.948952e-05 0.0069453614 0.0059491615 0.002329985 0.05351778 0.0009513507 0.0004773429 0.00030428448 0.0017559777 0.0006657828 0.11333572 7.1035146e-07 0.07244195 4.8323087e-05 4.5743482e-07 0.0010350068 1.1070789e-07 2.7777348e-06 3.4039846e-08 3.034925e-09 0.0046381345 1.222746e-08 0.00013278266 9.631425e-05 1.2178884e-06 4.3953543e-09 1.774256e-08 5.813385e-06 6.5314885e-07 1.0457125e-08 0.00014307379 3.6974793e-06 0.00011914952 1.008254e-05 3.637067e-06 0.001158131 6.308671e-05 5.296066e-06 5.87772e-07
0.9900152 0.61766726 0.6793755 0.006833433 0.270673 2.582871e-05 1.7136148e-05 0.35978153 0.00035828244 0.0009025742 0.00036818968 0.114726625 0.8746476 3.085807e-05 0.0012137741 0.0072296993 1.9923914e-06 0.19593477 1.5837226e-07 0.7518918 0.66509587 0.00028665742 7.605387e-14 0.49940678 0.39138353 3.2277543e-07 0.009119028 0.0020120963 1.996955e-06 7.803377e-06 5.9578077e-05 0.96116227 2.7665017e-06 0.939025 0.19475475 0.00019097011 4.9482526e-07 0.0025741966 4.5760435e-06 0.00044870537 0.9157783 0.64862895 0.00018072911 0.00040423035 0.002447332 1.1167491e-06 2.7880867e-07 0.012858653 0.0025576714 0.8279245 0.00018377419 7.3968977e-07 1.4707835e-08 0.8936331 0.00013608612 0.008369248 5.6931618e-05 2.5265277e-05 0.0026490337 8.927908e-06 0.00016487321 0.0005037173 0.12726891 1.6846923e-07 1.1554533e-08 6.504296e-08 6.1924666e-08 2.0053492e-05 2.5583765e-06 0.0037957747 1.2816236e-10 6.9518144e-08 1.140021e-05 0.05790476 1.10280425e-08 0.015400621 8.500516e-08 0.0014246253 2.4539236e-07 0.043884985 1.0904204e-07 5.467418e-08 7.608656e-07 0.00022774603 6.913774e-11 3.6546373e-09 3.885675e-06 2.9331437e-07 1.9824569e-09 2.7764845e-06 3.7503497e-07 6.059711e-08 5.4908986e-07 0.01668578 7.631924e-06 4.5361845e-05 9.246233e-08 1.9910018e-09 0.00017893301 1.4881009e-06 1.06948896e-07
0.97973686 0.037630375 0.07950141 0.008471913 0.08100375 3.172492e-05 1.3873822e-05 0.05882364 0.00026342165 0.00012829284 0.0008045738 0.01935319 0.15501486 2.8390263e-05 0.0004896137 0.0049347733 1.525379e-06 0.9238452 2.8018953e-06 0.07349289 0.7990895 0.00027790945 0.49940678 6.0093497e-10 0.8644164 5.196081e-07 0.012829983 0.00033243804 3.4578934e-06 2.0763016e-05 3.0398787e-05 0.46773106 1.3142168e-06 0.12858611 0.9616613 0.0006854672 5.1475654e-06 0.011587116 2.1157937e-05 0.0010932033 0.058861226 0.9116409 8.421478e-05 0.07220784 0.0064835567 7.130661e-06 3.0774492e-05 0.117942564 0.07434248 0.08038098 3.7746006e-06 1.8845027e-06 3.3884461e-07 0.11528677 0.013931306 4.4578024e-05 0.0012707403 5.711254e-05 0.5194904 9.2876866e-07 1.217817e-05 0.00026828898 0.919825 7.787053e-06 1.4723422e-07 5.7787747e-05 8.5322444e-07 3.1111515e-05 2.4905014e-06 0.4257128 9.883645e-09 6.0982757e-06 5.516486e-07 0.45519382 1.01905464e-07 0.8888837 9.682671e-08 2.2230071e-05 1.6827059e-07 0.42684 2.2220067e-07 1.5534928e-08 2.1345375e-06 1.3947481e-06 2.5771278e-09 2.9731465e-05 0.0149746565 1.3981514e-07 9.432246e-09 0.0010771677 0.003822602 1.7099545e-07 6.300278e-05 0.74118733 2.3723906e-06 0.0065033673 4.466117e-05 5.332511e-08 3.4773035e-05 5.8995047e-05 3.676151e-08
0.9831972 0.047006935 0.09483809 0.005435573 0.092225775 4.807006e-05 1.9337152e-05 0.055586066 0.00022932875 0.00020209975 0.0004450732 0.026752131 0.19268166 1.7999457e-05 0.0010494702 0.0067235655 2.5203728e-06 0.946093 7.3989904e-06 0.05168932 0.80256593 0.00051634636 0.39138353 0.8644164 9.0220653e-10 8.0299077e-07 0.025368942 0.0004374888 1.838926e-05 4.485068e-05 1.234693e-05 0.22880448 1.0585629e-06 0.0837489 0.9456821 0.0011791968 8.300681e-06 0.030596793 4.9398088e-05 0.0036941997 0.049220033 0.8016249 5.359192e-05 0.1924204 0.00664601 6.562507e-05 9.685198e-05 0.26560614 0.16613291 0.05106153 4.163079e-06 1.6009361e-06 3.4994816e-06 0.110630974 0.027703907 3.8837028e-05 0.0020720807 1.938163e-05 0.73711306 9.801298e-07 5.2594996e-06 0.000124398 0.8663253 6.511972e-05 1.62582e-06 0.00027003163 1.8285758e-06 4.9850514e-05 1.4597988e-06 0.586788 8.289503e-08 3.5287434e-05 1.6542996e-06 0.28337806 3.6559481e-07 0.9483558 1.2045729e-07 2.9512814e-05 1.0546023e-07 0.28317118 1.1142519e-07 1.2814561e-08 1.5843018e-06 9.587645e-07 1.7556234e-08 0.00011651524 0.041628905 1.2157919e-07 4.5388324e-09 0.0037036273 0.009478686 2.090109e-07 0.00016700928 0.8705578 2.1739447e-06 0.018210026 0.00016456342 9.626232e-08 1.5654e-05 0.00017260727 4.074938e-08
0.96718156 0.0050112014 0.0037079973 0.0113281235 0.008009776 0.7849378 0.91477954 0.0045753415 0.03784366 0.2873458 0.29229158 0.17139678 0.009634701 0.0880213 0.28201482 0.00268196 0.9709932 3.744471e-05 0.043662578 2.3202569e-05 1.3961741e-05 0.052625373 3.2277543e-07 5.196081e-07 8.0299077e-07 7.450402e-12 0.0011637831 0.012535658 0.005081107 0.5129107 0.11498744 2.1317575e-07 0.9521118 5.128382e-08 1.0013454e-06 0.0012708408 0.41730022 4.1438507e-05 0.0016393928 1.3553974e-05 4.676143e-06 1.9284062e-05 0.0014771121 3.8437085e-07 5.133719e-05 0.00031116337 5.7429183e-06 1.1434442e-05 4.2278505e-05 0.0002944519 1.7771223e-05 0.0018256825 0.00010473964 8.047203e-05 1.6105314e-06 8.7080406e-07 4.601041e-07 0.76632655 1.3958899e-06 0.04669687 0.0032069453 0.9119498 1.4943549e-05 3.9691716e-07 7.5857583e-06 4.000707e-07 0.00084052986 0.881922 0.61794055 1.8389697e-07 1.6686114e-07 4.6934755e-07 0.029655572 3.514894e-06 7.547517e-05 2.0682128e-05 0.062050726 0.24362983 0.05634562 1.8672694e-08 0.0001247405 5.6727804e-06 0.05882608 5.6237195e-06 6.175349e-09 5.3567693e-09 4.146965e-11 1.7545957e-06 0.0012801512 9.633647e-09 9.2066584e-11 0.009713017 1.785653e-08 1.8462914e-06 0.008766277 2.1951298e-08 3.5841892e-09 8.088493e-08 0.0736956 2.0367802e-08 0.056816157
0.9999317 0.009836762 0.42370537 0.04668044 0.6567292 0.076114394 0.015559424 0.02666356 0.006704385 0.25541383 0.03876363 0.40335673 0.16834955 0.0017267659 0.055287585 0.9490083 0.0032982647 0.028558806 0.11480591 0.0047992743 0.02266664 0.09784097 0.009119028 0.012829983 0.025368942 0.0011637831 3.3279678e-06 0.0004289949 0.2180114 0.025641961 0.0001958577 0.0014980506 0.00013001377 0.0006372 0.0053885533 0.5465137 0.0018153731 0.66088307 0.03737317 0.95552003 0.0008781882 0.0062509086 3.4293535e-05 0.04456704 0.3810147 0.10146178 0.5607622 0.093716435 0.17642832 0.0002760717 6.113072e-06 0.005242294 0.12613444 2.705958e-05 0.35045454 9.516682e-07 0.6121047 0.0023369002 0.07397139 1.2352243e-05 8.847058e-06 0.00010952925 0.0032918982 0.20857938 0.11386194 0.08079532 0.0019817974 0.00010949154 9.516655e-05 0.15171482 0.016837344 0.037012804 0.0011067728 0.0005897317 0.0010292614 0.0032957552 3.684004e-07 8.26804e-05 2.63519e-07 0.00031837932 3.8438847e-07 4.57754e-08 0.00061405456 5.771218e-09 0.00399455 0.016745945 0.0053164987 4.445318e-08 6.369043e-09 0.053630233 0.018523794 2.6020224e-08 0.010541486 0.0012909097 4.752151e-06 0.007887769 0.020039324 0.00041629805 5.923097e-07 0.002303681 8.46904e-08
0.77140707 0.057701644 0.08192798 0.5090211 0.038527574 0.028074099 0.07477397 0.7929404 0.9623034 0.010096386 0.8070254 0.14036125 0.037373524 0.958275 0.020019278 0.0015858946 0.078768834 0.00048285822 0.00023477562 0.22996403 0.0007177269 0.0046428405 0.0020120963 0.00033243804 0.0004374888 0.012535658 0.0004289949 8.6029106e-13 9.4663055e-06 0.012149906 0.9730167 0.00096569344 0.09376766 0.002199144 8.36772e-05 2.827087e-05 0.00024228878 8.381808e-05 0.00046290352 3.1276115e-05 0.006319874 0.00011411909 0.9216641 1.5263365e-06 1.32188e-05 1.7774968e-05 2.2722556e-06 0.00019675256 2.781482e-05 0.16207486 0.28078175 1.077485e-06 1.04417836e-07 0.06943133 8.941452e-07 0.63700944 2.379621e-06 0.000562202 3.0172496e-05 0.14518954 0.6350733 3.771015e-05 3.425024e-06 9.247092e-09 1.2243609e-08 4.111977e-08 8.323006e-09 0.0012760569 0.002746852 1.6088628e-06 4.54655e-10 2.4819533e-08 9.127237e-05 1.8055736e-06 1.04325104e-10 3.786038e-05 3.2824853e-05 3.8171243e-06 6.521182e-05 6.04074e-08 0.00087501016 0.0002653629 1.0286891e-09 0.016239807 5.8162322e-11 1.7057051e-09 2.8706884e-08 0.00022803072 0.00048574994 1.36999825e-08 1.4938825e-08 1.8232097e-07 1.6536308e-08 2.919145e-06 3.2002553e-08 3.0644603e-07 5.3684603e-09 5.1857413e-10 2.9925442e-07 1.107628e-07 1.9811802e-08
0.9991267 0.00053438946 0.005795387 0.004803512 0.035377763 0.021797692 0.006439967 0.00039066764 0.0005429936 0.35293028 0.0054508634 0.15441145 0.0046439697 0.00028009363 0.0862301 0.41550767 0.004964523 3.2345797e-05 0.77220756 9.082302e-05 3.8903047e-05 0.50959516 1.996955e-06 3.4578934e-06 1.838926e-05 0.005081107 0.2180114 9.4663055e-06 2.8016066e-08 0.1037598 0.00014706883 4.5760146e-07 0.00032149514 2.4837658e-07 1.523755e-06 0.17253537 0.21338363 0.0055174073 0.94074726 0.03750186 2.3967834e-07 7.2538332e-06 6.939819e-06 0.0006936871 0.009640224 0.9747147 0.41147795 0.0015157113 0.005726553 9.370507e-05 7.669433e-08 0.8225466 0.5160193 1.3379741e-06 0.0040656435 4.446571e-09 0.0017970043 0.061936308 0.00032087334 5.1928982e-06 8.201593e-07 0.07577399 9.368135e-06 0.00300701 0.013158862 0.004737705 0.25390208 0.00092676026 1.5739928e-05 7.222994e-05 0.29450515 0.0010079602 0.03303126 6.4971584e-07 0.122626856 0.00020902976 3.699548e-07 0.0009538972 9.442145e-09 1.4631646e-08 3.5441847e-08 2.725734e-10 0.09873822 1.6626232e-10 0.30474615 0.00029017782 1.1941512e-06 7.700279e-10 1.8033242e-08 6.110839e-06 5.9308322e-06 3.7423842e-08 0.00021732714 3.530386e-05 0.0020714593 1.1935552e-05 6.175379e-05 0.058384284 0.00022838982 3.455324e-05 3.695711e-07
0.9683912 0.0029072836 0.14255701 0.019021345 0.17056705 0.8257081 0.70132726 0.0063252198 0.027736235 0.93724483 0.25242436 0.5000213 0.015461752 0.01998162 0.96498543 0.031334482 0.559159 0.00026352468 0.862479 3.0375086e-05 0.00015384077 0.8827367 7.803377e-06 2.0763016e-05 4.485068e-05 0.5129107 0.025641961 0.012149906 0.1037598 9.5215835e-11 0.0030263115 2.1615235e-05 0.034233827 2.4759167e-05 1.551125e-05 0.02001752 0.8928093 0.00047004817 0.75199974 0.0015699884 9.2078935e-06 0.00012338509 8.926111e-06 2.0492207e-06 0.0003723435 0.11161457 0.0025358032 0.00069610967 0.00017448774 4.489651e-05 5.120363e-06 0.72214943 0.008025641 1.6928512e-05 0.00024720066 4.1263723e-07 0.0002819595 0.5712497 0.000107748405 0.00025700682 1.481951e-05 0.26469386 1.0888363e-06 0.0012066248 0.000386017 0.0005140609 0.077033915 0.07760728 0.02442495 2.4358256e-05 0.00017211512 0.00012768256 0.5702747 1.0440489e-07 0.0837717 8.082039e-06 8.222081e-05 0.039243363 1.2660075e-06 9.015009e-07 4.2674934e-08 1.1609142e-08 0.029330801 1.9535998e-08 1.0232441e-05 7.5438215e-06 1.0151068e-07 3.6193695e-09 2.1556708e-07 2.872637e-07 1.6446889e-07 5.305423e-08 6.0142465e-06 1.4614048e-06 0.0028169397 1.5529788e-06 1.0225325e-06 0.0004215102 0.0041505923 1.0688791e-07 3.431735e-05
0.91959494 0.024061881 0.0025779183 0.0052317157 0.0019434891 0.078191206 0.27571064 0.009639089 0.83519083 0.023374189 0.5493606 0.09254972 0.008261393 0.96049714 0.0044069206 0.0002470908 0.41099393 5.243921e-05 0.000504867 0.0014264708 0.000118987475 0.0008824438 5.9578077e-05 3.0398787e-05 1.234693e-05 0.11498744 0.0001958577 0.9730167 0.00014706883 0.0030263115 1.9498006e-10 3.4110126e-05 0.8842491 1.5222192e-05 2.3407487e-05 0.00071613997 0.000630269 8.956332e-06 2.2867454e-05 7.347641e-07 2.4398383e-05 1.2565783e-06 0.5938587 1.1450215e-06 0.000288254 9.286186e-06 6.7552537e-07 2.3593086e-06 1.1039929e-05 0.0010314403 0.03823317 0.00016893767 4.4767396e-05 0.0006780206 4.3264473e-07 0.010676975 2.7313797e-07 0.004859877 5.772325e-07 0.97393274 0.8104647 0.00571889 9.183473e-07 2.5270623e-07 4.8354227e-06 5.1294677e-08 6.3998978e-06 0.013293363 0.05075936 5.28188e-07 3.5464232e-08 7.3702313e-07 1.1009889e-05 1.2575447e-06 1.4216279e-06 1.0626889e-06 0.019296402 0.002104104 0.2048437 4.3052317e-08 0.014155496 0.004805416 4.881611e-05 0.0045642 3.8132546e-09 7.3725657e-09 5.2322785e-10 0.0026701987 0.10344976 1.1321501e-08 4.530814e-09 0.0024993692 5.484903e-08 2.7013374e-07 4.016348e-06 9.207691e-08 1.0286135e-07 7.0760265e-08 0.00025105203 2.7452595e-07 0.0018298756
