5.337181e-23 0.8057161 0.7203341 0.9782152 0.96102124 0.8598161 0.5862682 0.97772914 0.10038428 0.048923153 0.37983096 0.002436215 0.17428151 0.39230117 0.99319994 0.59507537 0.00018506988 0.0027316937 0.9607144 0.4565574 0.2012426 0.8423158 0.8258409 0.26939633 0.027401267 0.9906367 0.8881235 0.00015348202 0.021233596 0.9485313 0.8908677 0.9719647 0.98892677 0.9005371 0.01762902 0.049898762 0.40790337 8.9399555e-06 0.011062009 0.7613064 0.97328526 0.04711103 0.9535666 0.020574005 0.86295754 0.98849756 0.97226983 0.8721895 0.012070714 0.0039294357 0.17892618 0.89397997 0.07738243 0.0003194968 0.03174774 0.86817443 0.74827707 0.80866414 0.554851 0.9953259 0.99906284 0.97230345 0.9859105 0.89631623 8.877386e-09 0.017525299 0.9940238 0.96740335 0.9416305 0.9272087 0.9221252 0.98735195 0.0559551 0.15166146 0.8557063 0.98345983 0.9653016 0.62704456 0.51998645 0.9354043 0.94976276 0.9840352 0.29848322 0.0051257815 0.90701884 0.98847616 0.84941 0.9303565 0.8943858 0.017372282 0.8962805 0.8613123 0.9989352 0.85137844 0.9918471 0.843675 8.254812e-05 0.981255 0.9810378 0.9976411 0.99834716
0.8057161 8.085252e-16 0.94643676 0.8563744 0.94262207 0.67051226 0.63861847 0.6588519 0.6645361 0.65423256 0.049350567 0.8661442 0.0063442313 0.09606428 0.48358712 0.0015351701 0.3074554 0.49846894 0.075440876 0.0034410686 0.019263329 0.00072923 0.0062237517 0.0047608544 0.0076457653 0.0010861368 0.00056881097 0.06012107 0.0006650923 0.00745631 0.009273229 0.0017488808 0.00022561965 7.768224e-05 0.20806374 0.0072927116 0.00017477169 0.034838486 8.904405e-06 4.4353994e-05 0.002203375 4.1104028e-07 0.013688474 0.0011240364 4.682703e-06 6.1200284e-05 3.5397956e-05 3.5609962e-06 9.021099e-05 2.317422e-05 2.970685e-06 6.6965566e-07 0.00011278074 0.00034060795 7.9144e-05 9.801443e-06 1.2003929e-05 0.004719325 2.9232862e-07 8.8605384e-07 0.0012194198 0.0019525428 0.00067524787 6.1664514e-07 0.0035424365 4.9120845e-06 0.015925122 5.006526e-08 6.903944e-07 7.7956076e-07 7.0086475e-07 7.824818e-06 5.256533e-07 1.3360952e-07 7.426185e-08 0.0080577815 1.3726513e-07 5.39212e-07 0.00046704407 9.442294e-08 1.08547965e-05 0.0024359664 5.744978e-06 5.1815746e-06 1.7118718e-07 1.752279e-07 8.363191e-08 0.00012486237 3.7831988e-08 3.2368726e-07 5.076694e-08 5.621808e-07 4.4340374e-07 4.2999653e-07 0.0002683202 9.765447e-08 0.00012922732 4.716696e-09 7.1051716e-08 0.0035890301 0.00020189902
0.7203341 0.94643676 2.0404775e-16 0.9125703 0.486776 0.88391066 0.033061687 0.93170667 0.041576225 0.88430953 0.82696074 0.2203327 0.15865943 0.0054714666 0.1212022 0.08217004 0.040772546 0.30769417 0.017904082 0.00032981636 0.28669798 0.05998845 0.062419973 0.00037866668 0.056819562 0.07184539 0.023898806 0.040437333 0.0047377483 0.039794456 0.0059447205 0.0011111094 0.0005810252 0.008462768 0.0017458971 4.2630254e-05 0.0033443982 0.00011627159 8.223162e-05 0.00091001415 0.0054842187 1.5594957e-06 0.033898972 1.0915411e-05 6.037023e-05 0.0035115674 0.0017339748 0.00021988599 8.151244e-07 1.13020235e-07 1.4535674e-05 1.7336706e-05 7.166869e-06 2.7363018e-07 4.6103683e-06 0.00031842792 0.0002193477 0.0023743848 1.18433015e-07 9.73138e-05 0.0009921018 0.004199846 0.0014963065 6.405027e-06 0.00018638198 1.2519217e-06 0.11053538 3.3304473e-06 7.173981e-06 2.7079328e-05 2.6253623e-05 0.0012199386 2.8654628e-07 7.538528e-08 8.1333255e-08 0.008729365 4.8520938e-06 5.6424983e-07 0.00020096752 1.367137e-05 0.00032153132 0.0022460627 4.772432e-07 1.2012821e-08 9.958471e-06 4.1830237e-05 1.2927329e-06 0.00011543995 2.601416e-07 1.626255e-07 1.0598039e-05 1.0161966e-05 4.37962e-06 8.796949e-06 0.0014640818 5.036157e-07 6.0256426e-08 9.584693e-07 3.616439e-06 0.0034256468 0.00015661833
0.9782152 0.8563744 0.9125703 3.4323785e-15 0.9381123 0.76515454 0.36399153 0.9663309 0.35918447 0.08141557 0.032707427 0.43131286 0.0021434 0.02753195 0.5529946 0.00081294024 0.020372424 0.100996844 0.033071928 0.00049312285 0.0031819853 0.0014038199 0.0029258146 0.0007798145 0.00043032537 0.0072247437 0.0012642184 0.0020887812 0.00015890608 0.03156853 0.0072760177 0.001265395 0.00020013611 0.0005832306 0.0060818833 0.0009392786 0.00023107362 0.00083227415 5.223873e-06 0.00012530637 0.0067162146 1.2590873e-07 0.030140987 4.572111e-05 9.018454e-06 0.0003769969 0.0008368613 1.4885489e-05 2.1396156e-05 3.7446086e-06 7.4474303e-07 5.2096643e-06 1.5807711e-05 4.2364954e-05 1.0476406e-05 0.0007746525 0.0001789093 0.007414708 3.573115e-07 1.4947962e-06 0.0010808773 0.006712542 0.0016017853 3.0992187e-06 1.6242107e-05 3.2852522e-06 0.095239975 3.670735e-08 2.4127971e-06 5.9011163e-06 3.058345e-06 9.228566e-05 4.1630813e-07 1.4151816e-07 1.0724774e-07 0.01799183 1.5820711e-07 1.6728711e-06 0.00074096286 4.526206e-07 6.136386e-05 0.005506229 1.7355853e-06 2.7317974e-06 2.966116e-08 1.6516813e-06 5.882476e-07 0.00019652714 7.163411e-08 2.6905673e-07 1.5839068e-07 1.2806566e-05 1.3570262e-06 5.453504e-06 0.0008776314 8.245365e-08 1.1317799e-06 1.3858699e-08 4.64091e-07 0.008162579 0.00035866315
0.96102124 0.94262207 0.486776 0.9381123 1.9145429e-15 0.59465235 0.93872076 0.5452301 0.80852234 0.057644464 0.0053409166 0.68516773 0.00050701166 0.20337033 0.8363212 0.00015609211 0.07429348 0.076280475 0.10771078 0.017782846 0.00046621388 0.00031540825 0.00037285354 0.026151594 3.9831266e-05 0.00084296014 9.507583e-05 0.0014727901 8.879944e-05 0.013254809 0.016766727 0.0025446818 0.00045563845 6.50582e-05 0.116761304 0.024016907 6.685941e-06 0.007526364 4.877109e-06 1.5942589e-05 0.0041499315 1.4959119e-07 0.009085999 0.0015535062 1.6677898e-06 8.388933e-05 0.0002487005 9.843667e-07 0.000115386574 5.025707e-05 3.8790603e-07 2.8438225e-07 0.00011957126 0.00023261119 8.852438e-05 0.00026552012 5.3168125e-05 0.008017673 1.9359312e-07 3.7543472e-07 0.00345807 0.0031181127 0.0008826024 4.1304003e-07 6.712081e-05 4.7060994e-06 0.015543192 9.326825e-08 5.03139e-07 9.703253e-07 1.062786e-06 2.9257546e-05 3.1015384e-07 6.707143e-08 1.7758776e-08 0.017899755 1.18755686e-07 3.3174365e-07 0.0016429708 8.426309e-08 1.2080069e-05 0.004934536 1.6599455e-07 2.1312942e-05 2.8527253e-08 1.7232954e-07 1.2805783e-07 0.0008909532 2.4921048e-08 2.1495183e-07 2.0698453e-08 1.5051814e-06 1.1006193e-07 7.9612437e-07 0.00018924939 2.4232383e-08 6.7008375e-05 4.8558966e-09 9.161181e-08 0.0077213235 0.00022129166
0.8598161 0.67051226 0.88391066 0.76515454 0.59465235 5.005449e-15 0.0039688163 0.43380803 0.024603726 0.9923593 0.5759827 0.06175037 0.10874605 2.9180777e-05 0.04751287 0.09913276 0.043994986 0.63102156 0.005161743 7.4226347e-07 0.50950736 0.4205328 0.23186669 2.4578433e-06 0.22044207 0.4199117 0.18985459 0.18241335 0.26039946 0.010969186 0.00013392085 0.0002927548 0.00033767187 0.0057601617 0.0008768702 3.837854e-06 0.0029085062 0.0034252563 0.0014258724 2.661864e-06 5.4584918e-05 1.1267467e-05 0.044524644 3.7809033e-07 1.8900184e-05 0.02983604 0.0004843927 2.090215e-05 1.2534508e-08 7.4188193e-09 6.8028266e-06 7.296481e-08 5.5131906e-08 0.00029266492 1.7227529e-07 2.5517595e-05 7.950971e-05 0.0001762036 5.250088e-08 0.00014762249 0.00011115545 0.0010998421 0.00055880024 7.4531606e-08 0.01324114 0.00068605447 0.31931075 4.027461e-07 8.3563194e-08 7.1601808e-06 3.0151796e-06 0.0023677368 1.5635462e-06 1.590135e-07 3.5815515e-09 0.003041088 5.1882375e-07 1.6593914e-07 2.7770475e-05 5.2913457e-08 4.3513366e-05 0.0005216876 8.8431015e-08 9.1575e-07 1.1477558e-06 5.5301814e-05 6.8180434e-08 6.0351717e-06 1.0945248e-08 6.2429694e-06 6.038194e-08 1.3143058e-06 1.0349544e-05 4.5588442e-07 0.003742358 9.134329e-08 4.568927e-06 6.3507535e-08 1.6066785e-07 0.00216538 6.9585544e-06
0.5862682 0.63861847 0.033061687 0.36399153 0.93872076 0.0039688163 7.938886e-16 0.18465611 0.9906447 0.0035706116 0.00019511757 0.25917757 0.00015372505 0.87265956 0.80280405 2.4811548e-05 0.0393384 0.0042564487 0.65452754 0.24383432 2.9009938e-05 3.748051e-05 8.4081154e-07 0.27853307 2.4935505e-06 0.00018543135 5.8920094e-05 2.1478218e-05 2.0751315e-07 0.0052089915 0.13354957 0.064051084 0.054923587 4.0646355e-05 0.2781689 0.113414906 3.8195203e-06 0.008574193 1.3213399e-06 2.3153068e-06 0.0020700006 3.0717106e-07 0.0025899266 0.022931587 1.1963763e-06 1.0330966e-05 0.00015762361 9.1795334e-07 0.0015309543 0.0016627769 4.390882e-06 8.537014e-07 0.0006875741 0.0013741164 0.0010171823 8.8417066e-05 2.1335638e-05 0.0067380685 1.9106454e-07 4.6070386e-07 0.011545928 0.00042700142 0.0002985884 2.4832843e-06 1.1081109e-05 1.0579347e-05 0.00074970064 2.7394822e-07 1.7372247e-06 3.4780778e-06 1.6899968e-06 8.759185e-06 3.3545973e-06 9.1094273e-07 1.0864962e-06 0.015720254 4.8228657e-07 2.0043646e-05 0.0034897102 4.532833e-07 2.452646e-05 0.002973619 1.0496701e-06 0.00017689477 2.6618346e-07 6.7994307e-07 4.440482e-07 0.004111532 2.365844e-07 7.269027e-06 7.546757e-08 9.205997e-06 2.1566333e-05 5.8751566e-06 7.894612e-05 2.0565102e-07 0.00036935462 3.9631256e-08 3.3669269e-06 0.006139413 0.00020048494
0.97772914 0.6588519 0.93170667 0.9663309 0.5452301 0.43380803 0.18465611 3.53685e-16 0.014937915 0.015517864 0.4568855 0.017166441 0.064920954 0.080615796 0.88876384 0.037623506 0.00033621947 0.004845144 0.30128306 0.0014595768 0.005844056 0.021500522 0.008412741 0.0013388491 2.5192012e-05 0.2002412 0.01137642 0.00015652068 1.0537761e-05 0.8944909 0.06353531 0.015016259 0.001179159 0.01456897 0.0006203012 0.0007466009 0.00033446247 5.137982e-06 1.1398323e-06 0.001211739 0.1161052 9.677165e-09 0.31904915 5.2141997e-05 1.0353069e-05 0.0044566146 0.028009534 0.0003578377 5.6625217e-06 1.1979238e-07 9.407927e-07 1.9842766e-05 4.2346295e-05 6.65604e-06 4.6873567e-05 0.005991554 0.00059789995 0.096258864 4.803724e-07 0.00012403859 0.004207855 0.20103088 0.07045378 1.8433462e-06 7.9116e-07 9.879838e-07 0.56885606 3.2318968e-07 7.458366e-06 0.00010797048 2.6982683e-05 0.0009778565 9.040748e-08 1.8156463e-07 4.7653916e-07 0.100390956 7.102566e-07 8.808353e-07 0.0022514306 2.7227356e-06 0.00070748694 0.11823239 1.0068102e-06 1.154154e-06 2.2379022e-06 1.6373086e-05 1.4179883e-06 0.001303471 1.3298965e-07 1.7396144e-07 7.4716104e-07 3.3805645e-05 9.520677e-05 1.3914116e-05 0.004150345 4.2453448e-07 1.2353267e-07 8.071987e-08 2.2626587e-06 0.09615938 0.0039365133
0.10038428 0.6645361 0.041576225 0.35918447 0.80852234 0.024603726 0.9906447 0.014937915 1.3516207e-14 0.10233183 4.2381685e-05 0.94470143 2.1001175e-05 0.4838021 0.18095797 6.455447e-06 0.60216975 0.03474378 0.03947847 0.04301578 1.5084556e-05 3.848103e-05 9.895638e-06 0.10281438 2.214882e-06 1.1806054e-05 2.4074016e-05 0.0016165012 3.0200406e-06 0.00021133525 0.00031070405 0.00032040363 0.0024602446 3.1542177e-06 0.8623795 0.16195773 3.974261e-06 0.396888 1.9688675e-06 5.023965e-06 2.70662e-06 1.383759e-07 6.132209e-05 0.005426185 8.940032e-06 2.69771e-05 1.5577906e-06 7.420826e-06 4.8365182e-05 0.00036485717 3.0629246e-06 1.6617477e-07 7.127982e-06 0.010306561 1.545029e-05 4.0318002e-07 2.197916e-06 0.00028372605 6.5561077e-09 9.0175e-06 0.0019017273 4.6431346e-06 2.528831e-06 5.94328e-07 0.005224601 6.877915e-05 0.0006664533 2.0397142e-07 7.0136554e-07 5.548089e-07 5.888998e-07 2.0237816e-05 1.5367813e-06 4.248878e-08 2.206005e-08 0.0015221857 3.2090438e-07 1.8623558e-06 0.00012402392 3.419953e-07 5.1420875e-07 0.00012067581 5.0202293e-06 1.1193374e-05 8.376442e-08 3.9006486e-06 1.7421838e-08 0.00011323771 4.8443816e-08 3.25246e-06 1.0687262e-07 3.9704327e-07 6.678571e-07 1.7419053e-07 0.00025059134 1.0902686e-07 0.0028539228 4.4534907e-08 1.9577235e-06 0.0004909823 4.0920827e-07
0.048923153 0.65423256 0.88430953 0.08141557 0.057644464 0.9923593 0.0035706116 0.015517864 0.10233183 1.3190757e-16 0.68995696 0.28042042 0.16571718 0.00015281369 0.0003339719 0.013033947 0.3805693 0.9577019 4.7526704e-05 4.0563367e-07 0.8692418 0.010353751 0.19835603 4.777612e-06 0.73717797 0.0032181002 0.0061573023 0.80947423 0.7521971 5.6118934e-05 3.248959e-05 6.8570057e-06 1.5829073e-05 0.0002839236 0.00079224847 5.2362275e-06 0.007976162 0.021570506 0.011329484 1.885183e-05 7.2400206e-07 8.875305e-05 6.53213e-05 7.4974844e-07 1.1583762e-06 0.00019573633 3.9034026e-06 8.779952e-06 1.9090444e-07 3.1232133e-08 4.8264e-05 2.2761735e-07 7.568808e-09 0.00013639471 1.8733909e-08 1.9885247e-06 6.9152097e-06 2.4283838e-06 4.1178083e-08 1.507472e-05 1.8506254e-05 1.551682e-06 1.0474812e-06 6.241597e-07 0.06065652 8.0778285e-05 0.0007494251 9.074834e-08 1.5150898e-06 5.913412e-07 6.7243946e-07 6.551208e-05 1.2619453e-06 2.0236916e-08 1.9874248e-08 9.437248e-05 2.0300773e-07 8.1131525e-08 5.163035e-07 5.278919e-07 7.013923e-07 5.6790355e-05 3.7967476e-07 9.1181924e-08 1.4735348e-07 2.6069954e-06 3.202802e-08 1.8822036e-06 6.667043e-08 1.7457629e-06 4.2711335e-08 4.1566184e-07 3.9217286e-07 1.2848855e-07 0.00033540983 3.9028812e-08 4.33976e-06 3.908597e-07 1.1213008e-06 7.969394e-05 4.421492e-07
0.37983096 0.049350567 0.82696074 0.032707427 0.0053409166 0.5759827 0.00019511757 0.4568855 4.2381685e-05 0.68995696 1.0589891e-17 0.0005183849 0.993062 3.1577847e-06 0.0026440413 0.91523314 2.3623876e-05 0.13340823 0.00082266814 1.6822486e-07 0.86999077 0.6426757 0.6262822 1.5458595e-06 0.63294214 0.42001364 0.48729384 0.020056644 0.3963969 0.03281933 2.85298e-05 1.9165513e-05 1.7062195e-05 0.19728678 6.065971e-07 7.0837467e-07 0.05723909 1.8134469e-07 0.008196582 0.0070320712 0.00085735344 0.00050625193 0.044927787 1.7228525e-06 2.6814763e-05 0.083992355 0.013762752 0.0005025187 1.9348727e-08 5.9341216e-09 1.4300866e-05 6.494841e-05 1.485589e-07 6.5741546e-08 4.2199383e-07 0.0034406024 0.0041319234 0.0003310394 1.143893e-06 0.0004657875 0.0001232382 0.0025295669 0.0016541971 7.0496725e-07 8.184767e-06 1.8138716e-06 0.120091096 8.5218437e-07 6.257764e-06 6.0595532e-05 6.397564e-05 0.011656871 1.3667443e-07 1.1059834e-07 3.288912e-07 0.0012106249 2.9726518e-06 1.6763832e-06 0.00015707636 2.786517e-06 0.00050922134 0.0008159823 1.0559968e-06 1.9643757e-08 3.0109254e-07 3.282097e-05 8.421767e-07 6.0985465e-05 2.3821924e-07 3.0392093e-07 1.5841394e-07 1.6898866e-05 7.128707e-05 1.2115663e-05 0.006801569 1.5332789e-07 1.4501295e-07 6.2451045e-07 2.0960737e-05 0.0005022909 0.000139587
0.002436215 0.8661442 0.2203327 0.43131286 0.68516773 0.06175037 0.25917757 0.017166441 0.94470143 0.28042042 0.0005183849 2.513934e-14 0.00012286608 0.0020845456 0.0028888145 5.6824974e-05 0.99508727 0.0081023555 0.0015550011 2.053081e-05 0.00013153204 0.00015528663 1.7220369e-05 0.00015101692 9.80343e-05 0.00010320267 5.8769696e-05 0.0012643076 0.00018384412 0.00020972223 0.00043261528 8.9676e-05 0.000161528 1.8604944e-05 0.0673293 0.00013335717 5.57482e-07 0.14667879 2.596651e-06 1.3357482e-06 3.7406219e-06 9.5167316e-08 0.00016103334 8.654442e-05 4.142169e-06 1.9745925e-05 2.1167796e-06 3.5441851e-06 2.043362e-06 1.5215978e-05 4.79241e-08 3.6414934e-07 5.281324e-06 0.0007663602 1.8541763e-05 2.3244886e-06 1.2812052e-05 7.673051e-05 1.695298e-08 3.301367e-06 0.00045004027 6.6930326e-05 0.00011418658 1.8085636e-06 0.009353303 3.7277907e-06 0.00016332857 3.1873717e-06 2.4604767e-06 9.007185e-06 1.127837e-05 3.7823008e-06 2.1167696e-06 2.126081e-07 1.1962308e-07 8.600239e-05 2.2278919e-06 1.4878441e-06 0.00010952225 2.8442146e-06 1.8315524e-05 0.00014725157 6.829676e-07 2.3720104e-06 3.086069e-07 5.6352764e-07 2.8410358e-07 8.617825e-05 2.4349734e-07 1.347586e-06 2.4955688e-07 1.6557865e-06 4.8447356e-07 6.73564e-07 0.00010151569 3.9515263e-07 4.213537e-05 6.823912e-08 6.428357e-07 0.0003464432 1.5469192e-05
0.17428151 0.0063442313 0.15865943 0.0021434 0.00050701166 0.10874605 0.00015372505 0.064920954 2.1001175e-05 0.16571718 0.993062 0.00012286608 7.920551e-17 2.6050616e-06 0.00072276895 0.9656117 3.1255763e-06 0.017956655 0.00025235646 2.0001883e-07 0.75395745 0.5375699 0.9024902 2.308351e-06 0.41409397 0.15995854 0.6858423 0.0038723322 0.19247647 0.006289343 1.2364676e-05 3.076215e-06 6.4967736e-07 0.3019294 2.4307192e-06 2.1896146e-06 0.20696633 2.6837915e-07 0.02595641 0.085239425 0.00018585571 0.011816064 0.014410521 1.2398187e-05 0.0027913325 0.12737812 0.013680207 0.0041724485 3.898335e-08 1.6207899e-08 0.0026396322 0.004794996 7.143501e-07 1.4382917e-07 3.101754e-07 0.00416224 0.012148842 8.9750516e-05 8.219878e-05 0.0065792203 5.0630908e-05 0.0013810707 0.00077204953 6.585598e-05 1.5411411e-05 3.412939e-05 0.012150468 2.9698454e-05 0.00025151888 0.0013356857 0.0014870103 0.01754079 4.805257e-06 2.8899135e-06 2.4456426e-06 0.00021473743 9.318739e-05 1.4392001e-05 2.8400268e-06 7.609803e-05 0.0015572064 0.0002811872 6.6101406e-06 1.984304e-08 3.8060266e-06 0.00020187898 1.0605987e-05 3.3700962e-05 2.1147255e-06 6.286101e-07 2.1045553e-06 0.00013284093 0.0004266951 7.934775e-05 0.007879599 3.678729e-06 5.770718e-07 5.7556226e-06 3.6895028e-05 0.00027552908 0.00025061407
0.39230117 0.09606428 0.0054714666 0.02753195 0.20337033 2.9180777e-05 0.87265956 0.080615796 0.4838021 0.00015281369 3.1577847e-06 0.0020845456 2.6050616e-06 1.7893073e-16 0.4407421 1.1652552e-05 0.00017870979 0.00026466613 0.888245 0.98808086 5.289207e-06 0.00023097757 1.3830446e-06 0.69339836 2.2069301e-07 0.0013423894 5.4417913e-05 3.19658e-06 3.4763502e-08 0.01851819 0.8038263 0.57924837 0.84924614 0.00010505736 0.11244455 0.24516076 1.5376652e-06 0.000500646 1.1233108e-06 1.829023e-07 0.011726978 5.3486964e-08 0.01049138 0.08527465 9.454526e-07 0.000106054955 2.3956616e-05 1.8485888e-06 0.014532141 0.002483242 8.298947e-08 9.448077e-08 0.004534444 0.00024476915 0.004332344 1.3299475e-05 5.4096898e-05 0.0896913 5.5212304e-08 1.4355605e-05 0.01177611 0.004626659 0.0011387052 7.4213386e-07 3.468227e-06 0.00033907304 0.0053656516 1.9083765e-07 9.1794374e-07 1.586644e-06 3.1977145e-06 0.00020197721 7.895836e-06 1.6740441e-06 1.9955736e-07 0.15649082 1.9578672e-06 1.7793074e-06 0.0057981764 8.7187607e-07 0.00016424281 0.013079227 1.7613992e-06 0.00038681927 8.274248e-07 1.03008515e-05 1.1151597e-07 0.0016448703 1.1091523e-07 3.362294e-06 4.47037e-07 3.0722717e-06 9.1191105e-05 1.3588561e-06 0.00058195123 6.3456916e-08 3.7541824e-05 3.0085232e-07 1.1934055e-06 0.014117902 0.00037674024
0.99319994 0.48358712 0.1212022 0.5529946 0.8363212 0.04751287 0.80280405 0.88876384 0.18095797 0.0003339719 0.0026440413 0.0028888145 0.00072276895 0.4407421 2.9444828e-15 0.00020117192 4.0050134e-05 0.00028567112 0.9810996 0.08408556 0.00016666164 0.00019034174 0.000103721075 0.06426296 6.6384364e-06 0.0015524407 0.00015243437 8.684674e-06 6.2903077e-06 0.30507544 0.112421095 0.05083057 0.010141945 0.0003073453 0.0024383988 0.0057458496 1.1810738e-05 2.5228182e-06 3.206234e-06 1.6620412e-05 0.15286462 1.6096722e-07 0.06389961 0.00075153896 2.3444427e-06 0.00014085014 0.0027400127 3.7110412e-06 0.00013406923 3.7536385e-05 2.8104537e-06 1.3996249e-06 0.00029055745 3.6246274e-05 0.0001501663 0.0020061969 0.000101288715 0.32643744 1.7360016e-07 8.0802624e-07 0.0052195583 0.058145095 0.009111939 1.8012274e-06 8.324682e-07 1.544598e-06 0.02369219 2.493794e-07 1.1398388e-06 2.7286912e-06 1.2038925e-06 2.8913379e-05 5.464207e-08 3.8401158e-08 3.0097283e-07 0.1410724 1.9007297e-07 8.714686e-07 0.0008990057 1.11065326e-07 0.0001453675 0.11792432 3.206434e-07 5.514059e-06 2.4055504e-08 6.2993394e-07 8.827307e-07 0.0012253312 1.9844202e-07 7.7682046e-08 1.0686447e-07 7.324865e-06 7.578701e-06 3.4561263e-06 0.00027571438 7.9671636e-08 2.0647885e-06 1.01297495e-08 8.685829e-07 0.08596392 0.001097886
0.59507537 0.0015351701 0.08217004 0.00081294024 0.00015609211 0.09913276 2.4811548e-05 0.037623506 6.455447e-06 0.013033947 0.91523314 5.6824974e-05 0.9656117 1.1652552e-05 0.00020117192 2.4857344e-15 1.0158686e-06 0.0034938713 0.00055928895 7.8341316e-07 0.28559422 0.9817521 0.6362674 5.5033147e-06 0.028285094 0.42096245 0.9144382 0.001179443 0.020346805 0.022983333 0.0003002952 9.580024e-05 1.9980616e-06 0.5848522 1.5808034e-06 6.907217e-07 0.17660893 2.7702998e-07 0.0044774082 0.11309056 0.003189975 0.002949125 0.0742156 4.278896e-06 0.008336307 0.20196113 0.08135911 0.0070108976 6.7606993e-07 2.5972886e-07 0.0030042054 0.0038554552 7.569631e-07 1.6427239e-06 7.5468967e-07 0.027357616 0.049339734 0.001433339 0.0003535064 0.007791406 4.7625294e-05 0.008320802 0.00848129 8.522909e-05 6.282397e-07 0.00020750971 0.051016666 1.9031586e-05 0.0001516822 0.0010870898 0.0007255328 0.036989182 6.1738156e-06 2.5680026e-06 4.2592847e-06 0.0005645804 4.597484e-05 0.000108670865 3.8714694e-05 6.26669e-05 0.009476259 0.0012866767 5.9211966e-06 3.8055094e-07 1.6237072e-05 0.00010820159 1.8759129e-05 4.6435838e-05 1.6811621e-06 1.7167806e-06 2.0741554e-06 0.00036046546 0.0035624078 0.00013785712 0.032151308 2.5321685e-06 3.9226265e-07 3.5300677e-06 6.342592e-05 0.00069981185 0.0016096603
0.00018506988 0.3074554 0.040772546 0.020372424 0.07429348 0.043994986 0.0393384 0.00033621947 0.60216975 0.3805693 2.3623876e-05 0.99508727 3.1255763e-06 0.00017870979 4.0050134e-05 1.0158686e-06 7.1970475e-15 0.10632336 1.8464985e-05 9.343834e-07 0.0003463028 1.5834047e-06 9.631733e-06 1.1139384e-05 0.0001204755 1.1697807e-06 4.527642e-06 0.036867153 0.0005389933 1.9946204e-07 9.176624e-06 6.962962e-06 7.933054e-06 1.1911565e-06 0.08759286 1.8975451e-06 9.527334e-07 0.99400413 1.6288681e-06 3.5858068e-07 8.937738e-08 3.86269e-08 4.63036e-06 2.1695148e-06 3.2470194e-07 1.5133496e-06 8.911013e-08 1.233111e-06 6.523865e-08 3.2198557e-07 3.605261e-08 1.7810414e-07 7.1531986e-08 0.001813014 8.7089575e-08 1.4820619e-08 1.1404161e-06 1.4137902e-06 1.4317889e-08 8.183459e-07 5.3771153e-05 7.7045655e-07 4.3573104e-06 6.964459e-07 0.2876203 3.1488048e-06 3.533515e-05 4.3346745e-07 8.2255934e-07 1.0870144e-06 8.374153e-07 6.076665e-07 3.1822705e-07 6.259967e-08 7.174665e-08 1.0222054e-05 1.9213734e-07 2.3611487e-07 4.1968433e-06 1.3726617e-07 6.0146164e-07 9.895237e-05 9.901116e-07 6.053889e-06 1.1753994e-07 1.2922029e-06 5.242213e-08 2.480768e-06 2.4676178e-08 5.600719e-07 1.9281126e-08 4.528769e-08 3.1566252e-08 1.6956793e-08 0.00012552884 1.1050129e-08 5.8037385e-05 2.147676e-09 1.0036782e-08 4.2807515e-05 4.443774e-07
0.0027316937 0.49846894 0.30769417 0.100996844 0.076280475 0.63102156 0.0042564487 0.004845144 0.03474378 0.9577019 0.13340823 0.0081023555 0.017956655 0.00026466613 0.00028567112 0.0034938713 0.10632336 9.932598e-15 3.522802e-05 7.692316e-06 0.04798966 0.005292845 0.027202409 2.5945494e-06 0.010774234 0.0019107896 0.0013549747 0.9980264 0.058706336 4.0011764e-05 9.2935516e-05 4.531009e-05 4.1457282e-05 3.863529e-05 0.0006926288 2.3453003e-05 0.0010039761 0.0006886559 0.0030264007 1.2665262e-05 2.1732153e-06 0.00015720613 0.00012198798 8.890405e-06 7.0917267e-06 0.0006457347 9.486358e-06 8.931238e-06 1.0035557e-06 2.982558e-07 3.0546635e-06 2.5918845e-07 1.6349259e-07 9.31929e-05 8.600763e-07 1.3705859e-05 0.00020272942 0.0001794219 9.451573e-08 2.4561923e-05 0.00031511422 9.6611395e-05 0.00029910624 2.7366582e-06 0.020494368 9.072728e-05 0.0019874822 4.692453e-06 1.9501413e-06 2.5567251e-06 5.2989917e-06 2.7150649e-05 5.6132285e-06 1.6249303e-06 7.502156e-07 8.6335116e-05 1.128328e-06 3.5766316e-06 2.6683998e-07 6.5863895e-07 9.797219e-06 0.00074138056 1.1891623e-06 4.8525544e-07 2.21129e-06 1.4429737e-07 1.4325728e-06 6.385979e-06 1.0506467e-06 1.3102622e-06 9.138267e-08 2.7396818e-06 2.4204058e-07 7.885372e-07 0.00040156455 1.4372282e-06 2.1663122e-06 2.8116707e-08 2.920383e-07 0.00072465424 2.5552588e-05
0.9607144 0.075440876 0.017904082 0.033071928 0.10771078 0.005161743 0.65452754 0.30128306 0.03947847 4.7526704e-05 0.00082266814 0.0015550011 0.00025235646 0.888245 0.9810996 0.00055928895 1.8464985e-05 3.522802e-05 8.234732e-14 0.6146268 1.1860346e-05 0.0002814088 2.4520884e-06 0.46959218 2.302508e-07 0.001822905 0.00020279287 1.5962039e-06 2.5146946e-08 0.35957435 0.8038194 0.7681462 0.24879178 0.0005979093 0.012258379 0.109108776 2.3028626e-06 2.9331875e-06 7.353691e-07 6.03239e-05 0.269546 4.0021167e-08 0.04316661 0.034800954 5.184908e-07 7.4202566e-05 0.0024458994 2.3123455e-06 0.00920114 0.0016437011 5.464945e-07 1.0364345e-06 0.017226992 0.00023170233 0.01056423 0.0015479042 3.8996986e-05 0.7670379 1.4068816e-07 9.925471e-07 0.038763404 0.06513175 0.006808246 1.3600929e-06 3.0840536e-05 9.3830437e-07 0.009599811 4.7104233e-08 2.6409402e-06 9.459862e-06 2.5671136e-06 5.7582847e-06 2.8398857e-08 3.6775045e-08 5.67053e-08 0.49597228 9.122384e-08 3.635092e-07 0.013905044 3.2953952e-07 9.109592e-05 0.16492276 3.8583258e-07 0.00042444523 8.391757e-09 6.02726e-07 2.711949e-07 0.009289051 1.2338302e-07 1.8775432e-07 6.56844e-08 1.7666709e-05 3.1755615e-05 1.3502997e-05 0.00020030088 2.30606e-08 9.522771e-06 2.9226032e-07 7.779451e-06 0.12593108 0.002967316
0.4565574 0.0034410686 0.00032981636 0.00049312285 0.017782846 7.4226347e-07 0.24383432 0.0014595768 0.04301578 4.0563367e-07 1.6822486e-07 2.053081e-05 2.0001883e-07 0.98808086 0.08408556 7.8341316e-07 9.343834e-07 7.692316e-06 0.6146268 8.5765444e-18 2.876587e-07 6.398354e-06 3.0062413e-08 0.9911371 1.2441953e-07 0.00012715653 3.340834e-06 6.9723576e-08 2.3066452e-08 0.0030095421 0.6444496 0.46223256 0.80645794 7.578867e-06 0.05113364 0.31841442 2.0828323e-07 1.6734074e-06 2.1674424e-08 1.826674e-08 0.0013525012 1.1108645e-08 0.0024984924 0.24820578 4.9210264e-08 5.604525e-06 1.0276689e-06 2.8446144e-07 0.020977357 0.0056293034 2.8899534e-09 3.1274993e-08 0.011133741 9.1821785e-05 0.010335653 2.7819551e-06 7.2596736e-06 0.067182206 1.5097854e-09 1.7101536e-07 0.06777193 0.001410618 0.0003577792 2.9490739e-08 1.13225965e-07 7.5274033e-07 0.0004615289 4.326072e-09 3.8269256e-08 1.4804436e-07 2.607101e-07 8.28373e-07 3.1471448e-08 1.2633427e-07 1.5366061e-09 0.2373688 2.1196337e-08 4.399911e-08 0.025954956 1.621594e-08 2.8208498e-05 0.008151365 1.6491605e-07 0.00028322346 1.0311333e-08 2.6286216e-07 1.1317743e-08 0.008610896 6.723382e-09 1.3866267e-07 2.0148793e-08 1.8377496e-07 2.7092358e-06 6.942764e-08 5.0448096e-05 1.0997648e-08 2.5291145e-05 6.0439174e-09 6.736041e-08 0.012967225 0.00010733283
0.2012426 0.019263329 0.28669798 0.0031819853 0.00046621388 0.50950736 2.9009938e-05 0.005844056 1.5084556e-05 0.8692418 0.86999077 0.00013153204 0.75395745 5.289207e-06 0.00016666164 0.28559422 0.0003463028 0.04798966 1.1860346e-05 2.876587e-07 3.8184012e-16 0.24020435 0.8953906 3.4196236e-07 0.96898943 0.07593674 0.29465136 0.020292347 0.9709239 0.00025450726 2.1813362e-06 1.0881708e-06 1.3731396e-05 0.0402329 1.1710845e-06 8.629256e-07 0.182779 2.8487411e-05 0.13956197 0.0018275979 1.2832136e-06 0.0029681718 0.0010204061 2.5125084e-06 0.0005468464 0.015881589 0.00041578186 0.0009787675 3.0045834e-07 8.4792866e-08 0.0016986724 9.5319694e-05 7.1562276e-08 8.8689586e-07 1.6614769e-07 0.000230486 0.000740735 6.613703e-06 3.1128327e-06 0.0018112625 3.821388e-05 0.00011504803 0.00027363058 9.49407e-06 4.0972922e-05 0.0013246653 0.0021136166 7.06449e-06 1.4151493e-05 3.8534094e-05 5.037286e-05 0.008381429 5.286683e-05 9.189568e-06 3.2113522e-07 7.561422e-05 1.8064167e-05 7.424833e-06 1.6511394e-06 4.815983e-06 0.00014037195 0.0001606079 2.4716173e-06 2.2731408e-07 3.713332e-06 1.1415015e-05 4.328236e-06 3.5110377e-06 4.7531773e-07 8.649781e-05 3.0021204e-07 1.2688111e-05 2.6673086e-05 4.198132e-06 0.006235827 2.3492862e-06 3.8013889e-07 6.2501573e-07 8.488284e-06 0.00024990665 7.895569e-05
0.8423158 0.00072923 0.05998845 0.0014038199 0.00031540825 0.4205328 3.748051e-05 0.021500522 3.848103e-05 0.010353751 0.6426757 0.00015528663 0.5375699 0.00023097757 0.00019034174 0.9817521 1.5834047e-06 0.005292845 0.0002814088 6.398354e-06 0.24020435 1.3949794e-12 0.47575355 5.145958e-05 0.023607478 0.9922015 0.63353956 0.00072464556 0.017820137 0.03594117 0.00041603905 0.00022744908 2.0973744e-06 0.53858393 2.529926e-06 2.0010175e-06 0.06676431 1.3557566e-07 0.0005122983 0.030944988 0.0068551726 0.0004254446 0.10099497 2.3731259e-06 0.0020735632 0.43548474 0.12647824 0.0007557406 2.070823e-06 2.104126e-06 0.0008824211 0.0013387087 9.196209e-07 1.5781312e-06 5.2437886e-06 0.03209791 0.015284 0.004263853 0.00060823275 0.00224402 0.00010984568 0.019702569 0.021623593 0.00012191425 1.9070875e-06 0.00012469376 0.18794574 2.3152792e-05 0.00010320827 0.00039253646 0.00020383816 0.027722986 2.7296674e-06 2.0000464e-06 3.4618824e-06 0.0019476935 1.6928963e-05 1.6321264e-05 2.4258572e-05 3.3582608e-05 0.005299361 0.005406317 3.248282e-06 1.6123656e-07 5.385581e-06 8.278116e-05 9.6934355e-06 8.570431e-06 1.9012908e-06 2.8984784e-06 5.128685e-06 0.00013404519 0.0012256422 7.318144e-05 0.024608448 1.93165e-06 2.7335477e-07 5.855886e-06 0.00016576161 0.0028857593 0.004339812
0.8258409 0.0062237517 0.062419973 0.0029258146 0.00037285354 0.23186669 8.4081154e-07 0.008412741 9.895638e-06 0.19835603 0.6262822 1.7220369e-05 0.9024902 1.3830446e-06 0.000103721075 0.6362674 9.631733e-06 0.027202409 2.4520884e-06 3.0062413e-08 0.8953906 0.47575355 1.0353264e-13 6.8229514e-07 0.47868642 0.20616949 0.90980834 0.0058228406 0.45592257 0.00060648756 1.6024032e-05 1.6418344e-06 1.106157e-06 0.24526875 2.4066785e-05 1.9791012e-06 0.97483176 1.4171711e-07 0.68596745 0.34239078 1.1363878e-05 0.43114287 0.0073069837 6.4150886e-06 0.20911367 0.48615673 0.005983024 0.113073416 2.2606321e-07 5.486062e-07 0.34407955 0.028555414 1.9549911e-07 7.443134e-07 5.8001643e-07 0.0020345734 0.010190276 5.5784817e-06 0.007937845 0.086970806 9.524918e-05 0.00036004218 0.0004096206 0.00036053438 2.711464e-06 0.0285795 0.017154504 0.00052187324 0.0007851373 0.0038682662 0.0028446582 0.16564667 0.0026892363 0.0001841816 3.8437806e-06 0.00029520175 0.00044427125 4.193449e-05 6.966785e-05 0.00028960194 0.0037816325 0.00016833183 1.2280054e-05 3.1135258e-07 2.0538446e-05 0.0030959588 8.2617225e-06 2.2144397e-05 2.5341517e-06 0.00026089852 2.4833942e-05 0.0002246068 0.0030617274 7.387255e-05 0.06438125 1.5886002e-06 8.197003e-07 4.121698e-06 3.7444785e-05 0.0005561678 0.0001803701
0.26939633 0.0047608544 0.00037866668 0.0007798145 0.026151594 2.4578433e-06 0.27853307 0.0013388491 0.10281438 4.777612e-06 1.5458595e-06 0.00015101692 2.308351e-06 0.69339836 0.06426296 5.5033147e-06 1.1139384e-05 2.5945494e-06 0.46959218 0.9911371 3.4196236e-07 5.145958e-05 6.8229514e-07 7.1971537e-16 4.6162324e-08 5.8444126e-05 0.00013854023 1.5248416e-07 5.190526e-08 0.00014808963 0.15726334 0.14379983 0.7872706 8.2584265e-05 0.6470099 0.9817174 7.2847865e-06 9.244536e-05 2.7200224e-07 4.0533378e-06 0.0005120038 1.7969827e-08 0.000107566266 0.82453984 3.5162652e-06 4.7064426e-05 0.00015214956 2.4889034e-06 0.45980662 0.28795892 6.225125e-07 4.326134e-07 0.15127446 0.0028001084 0.13493986 1.8048995e-05 9.3648254e-05 0.008823521 2.594178e-08 2.6363653e-06 0.053510126 0.00024656468 5.7660585e-05 1.0553806e-06 1.2862607e-06 2.1968654e-05 0.00021582146 1.0157828e-07 9.1081415e-07 1.7549706e-06 8.470215e-07 1.5897656e-06 8.775694e-07 8.341143e-08 1.5564193e-07 0.059420552 2.4958547e-07 4.321266e-06 0.02888167 3.2970613e-07 2.4480205e-06 0.001517761 8.641754e-06 0.01112492 2.0376515e-07 2.1876942e-06 1.3652658e-07 0.0075728535 2.8444518e-07 1.4081145e-06 1.522341e-07 4.6449904e-06 1.4491625e-06 2.175602e-06 6.364193e-05 2.9668416e-07 0.0009971211 1.7683428e-07 1.571999e-05 0.003101302 1.9810604e-05
0.027401267 0.0076457653 0.056819562 0.00043032537 3.9831266e-05 0.22044207 2.4935505e-06 2.5192012e-05 2.214882e-06 0.73717797 0.63294214 9.80343e-05 0.41409397 2.2069301e-07 6.6384364e-06 0.028285094 0.0001204755 0.010774234 2.302508e-07 1.2441953e-07 0.96898943 0.023607478 0.47868642 4.6162324e-08 1.6467396e-17 0.0026868163 0.074303396 0.04338718 0.99830776 3.7448442e-06 6.393178e-09 9.0433865e-08 4.810344e-07 0.0022233825 9.978092e-08 7.4030766e-08 0.06925448 1.6173299e-06 0.23979723 0.0005647263 7.154822e-08 0.0005482451 8.461532e-06 1.1940999e-08 0.0007298618 0.0040445537 3.1487678e-05 0.0005135983 8.384718e-09 2.6514393e-09 0.0007147713 1.9556048e-05 7.4375492e-09 4.032077e-07 8.248082e-09 9.17946e-06 0.00050518604 6.837591e-08 1.2776976e-06 0.0002750208 2.2080436e-05 1.3794798e-06 3.3158867e-05 2.653677e-06 0.00038035706 0.0019516614 0.00019741002 2.2895123e-05 2.9894696e-05 6.488304e-05 0.0001350097 0.0009089902 9.5472715e-05 1.8007843e-06 1.2605705e-06 4.383627e-06 5.9432487e-06 1.7651611e-06 1.7809599e-07 5.7234265e-06 1.9103432e-05 1.1149131e-05 7.028128e-08 4.157883e-09 1.5991927e-05 2.7596863e-05 1.1306784e-06 9.207248e-07 2.7744957e-07 4.944206e-05 9.251856e-07 5.742853e-06 1.927416e-06 8.939183e-07 0.0014486465 3.4970674e-07 1.098067e-08 2.702863e-07 6.497784e-07 6.758186e-05 2.8675609e-06
0.9906367 0.0010861368 0.07184539 0.0072247437 0.00084296014 0.4199117 0.00018543135 0.2002412 1.1806054e-05 0.0032181002 0.42001364 0.00010320267 0.15995854 0.0013423894 0.0015524407 0.42096245 1.1697807e-06 0.0019107896 0.001822905 0.00012715653 0.07593674 0.9922015 0.20616949 5.8444126e-05 0.0026868163 5.264951e-15 0.40195554 0.00025252064 0.001285761 0.38960958 0.0033023418 0.0010134617 1.9712548e-05 0.6561101 5.260505e-07 3.154731e-05 0.023604775 1.5496582e-07 6.121522e-05 0.028439038 0.053034853 3.036512e-05 0.56014764 1.0476467e-05 0.0010236922 0.5428248 0.54801774 0.0013558757 4.897953e-06 1.1275213e-06 0.00015414432 0.0026413284 8.6047663e-07 2.9907185e-05 8.6645997e-07 0.11989402 0.027227595 0.020512333 0.00012624462 0.0027608038 0.00040462604 0.21444863 0.16868135 8.371942e-05 4.7863206e-05 1.0318737e-05 0.8971451 4.6303176e-05 5.6879035e-05 0.00039701184 0.00016295719 0.032281887 4.180838e-07 1.5979205e-06 7.134395e-06 0.03313961 3.788498e-05 1.8578632e-05 8.1430706e-05 1.2883398e-05 0.0042637717 0.051889434 6.7877204e-06 2.0016444e-07 3.2852897e-06 8.187542e-05 1.2840051e-05 5.7298686e-05 3.0909716e-06 4.5309528e-07 2.7174826e-06 7.386332e-05 0.0009795299 2.8484506e-05 0.04503458 1.2099122e-06 6.221795e-07 2.3206742e-06 1.6873872e-05 0.049884964 0.010059604
0.8881235 0.00056881097 0.023898806 0.0012642184 9.507583e-05 0.18985459 5.8920094e-05 0.01137642 2.4074016e-05 0.0061573023 0.48729384 5.8769696e-05 0.6858423 5.4417913e-05 0.00015243437 0.9144382 4.527642e-06 0.0013549747 0.00020279287 3.340834e-06 0.29465136 0.63353956 0.90980834 0.00013854023 0.074303396 0.40195554 2.9666514e-13 0.0008756964 0.05878534 0.008994152 0.0004882987 0.00023997307 3.9808574e-06 0.97095335 2.387583e-05 6.8233903e-06 0.6902439 4.7305534e-07 0.01814108 0.73694116 0.0038370634 0.05489954 0.11227053 3.7151858e-05 0.34766614 0.87537014 0.08396575 0.1418758 7.3782808e-06 2.7729033e-05 0.107966304 0.11112597 2.133695e-06 6.260677e-06 5.1732545e-06 0.04657603 0.050960504 0.0026663712 0.03621028 0.0540517 0.00025495086 0.020066772 0.017419714 0.0041521937 6.540252e-07 0.001985065 0.07495699 0.001355053 0.0026590682 0.0103351055 0.0063320817 0.2521858 0.0004028841 0.0007075409 0.00029953755 0.002282864 0.0006026106 0.0004394592 5.278356e-05 0.0011152911 0.015521202 0.0026066129 0.00017963847 8.307828e-07 0.00020283696 0.0032328898 0.00034906119 3.1423748e-05 0.00021247425 0.000200406 0.00021646913 0.001568257 0.032243147 0.0012769443 0.21447028 7.0643044e-05 1.199008e-06 0.00010916041 0.0014720545 0.0014014455 0.008035513
0.00015348202 0.06012107 0.040437333 0.0020887812 0.0014727901 0.18241335 2.1478218e-05 0.00015652068 0.0016165012 0.80947423 0.020056644 0.0012643076 0.0038723322 3.19658e-06 8.684674e-06 0.001179443 0.036867153 0.9980264 1.5962039e-06 6.9723576e-08 0.020292347 0.00072464556 0.0058228406 1.5248416e-07 0.04338718 0.00025252064 0.0008756964 1.5699632e-14 0.41043395 3.071968e-07 2.1821651e-07 9.098245e-09 1.3175625e-06 7.821046e-05 1.7433964e-05 6.1793617e-07 0.0025108429 0.00021125487 0.0045833313 1.5073254e-05 5.0703676e-07 0.000109020686 6.1448336e-06 5.5271863e-07 1.7180337e-06 2.341769e-05 2.1538162e-06 9.891279e-06 3.4168298e-07 1.8478443e-07 1.2920101e-05 3.7932753e-06 2.600109e-07 6.0349623e-05 4.1823293e-07 6.7996837e-07 9.838182e-06 1.7047141e-06 3.4203918e-08 2.1350355e-05 6.873249e-06 2.1996543e-06 1.0068501e-05 6.274793e-07 0.67180914 0.00067961286 0.00018756812 6.676553e-07 8.611765e-06 8.584789e-06 3.4683164e-06 1.0625586e-05 4.496883e-06 5.6170387e-07 7.040552e-08 1.8574408e-06 1.3245091e-06 6.115751e-07 5.0576756e-07 2.5279749e-06 2.9324656e-06 5.5427794e-05 2.5533635e-07 1.9501327e-07 6.284947e-08 1.825504e-06 3.7528255e-07 2.4276776e-06 1.0089204e-07 3.445022e-05 1.22081e-07 5.7954924e-07 7.9940804e-07 3.0304196e-07 0.00024558752 4.525677e-08 1.7207065e-06 3.220235e-08 1.9260385e-07 7.76395e-05 4.2058264e-06
0.021233596 0.0006650923 0.0047377483 0.00015890608 8.879944e-05 0.26039946 2.0751315e-07 1.0537761e-05 3.0200406e-06 0.7521971 0.3963969 0.00018384412 0.19247647 3.4763502e-08 6.2903077e-06 0.020346805 0.0005389933 0.058706336 2.5146946e-08 2.3066452e-08 0.9709239 0.017820137 0.45592257 5.190526e-08 0.99830776 0.001285761 0.05878534 0.41043395 1.5930472e-15 1.0861978e-06 1.1962679e-08 1.9414715e-08 8.248925e-07 0.0010523772 2.4074277e-08 2.4983203e-08 0.078730255 3.0946216e-05 0.48755327 3.494204e-05 4.354269e-08 0.0021933287 5.2396666e-07 4.033867e-08 0.0007221805 0.00391541 2.9753094e-06 0.00021754073 6.3446963e-09 2.5764824e-10 0.00072619214 1.0210314e-05 7.702693e-09 1.0496212e-06 3.849589e-09 3.522518e-06 1.5217459e-05 9.6152576e-08 3.3616427e-06 0.00057154417 6.440777e-07 6.492197e-07 4.5144443e-06 1.5042112e-06 0.009706044 0.01694023 0.00087807176 6.265498e-06 3.934036e-06 5.1704363e-05 1.6775817e-05 0.0026482958 0.0002876932 6.9994735e-06 2.2091704e-07 1.3962627e-06 5.0943577e-06 4.0877575e-07 8.2834816e-08 1.9822214e-06 2.4186095e-06 6.2696704e-06 3.6163888e-07 1.3524861e-08 2.531333e-06 0.00024603432 5.4482666e-07 8.3631754e-08 1.5965564e-07 0.0004458219 6.867296e-07 1.4965554e-05 1.2074396e-06 1.618035e-06 0.004599074 1.4752487e-07 1.3001282e-07 1.5372439e-07 7.444008e-07 4.9589577e-05 2.6102218e-06
0.9485313 0.00745631 0.039794456 0.03156853 0.013254809 0.010969186 0.0052089915 0.8944909 0.00021133525 5.6118934e-05 0.03281933 0.00020972223 0.006289343 0.01851819 0.30507544 0.022983333 1.9946204e-07 4.0011764e-05 0.35957435 0.0030095421 0.00025450726 0.03594117 0.00060648756 0.00014808963 3.7448442e-06 0.38960958 0.008994152 3.071968e-07 1.0861978e-06 2.0902996e-17 0.065142244 0.1447744 0.015758086 0.038022045 2.6588093e-06 9.305347e-05 4.691614e-05 5.7200545e-08 1.0352699e-06 0.0013455937 0.9668321 4.967553e-07 0.94717693 0.00010090797 5.432189e-05 0.027074886 0.44068182 0.0001267455 1.0625353e-05 2.494478e-06 3.699105e-06 0.00051967776 0.00014203908 1.6217928e-07 2.2338669e-05 0.1697747 0.03230934 0.6662592 1.5112802e-06 0.0013248447 0.010228667 0.5529868 0.29073113 2.266383e-05 2.9757192e-07 3.7982795e-07 0.87387955 2.2401005e-05 0.00014543392 0.0010935792 0.00058255484 0.003732392 1.2168162e-07 2.0776464e-07 6.38344e-06 0.21499228 2.1187338e-05 1.2487363e-05 0.00057062815 3.871226e-05 0.009076285 0.3290747 1.9310587e-06 1.9682482e-06 1.807653e-06 0.0003936245 1.005315e-05 0.002869562 1.758032e-05 6.2549056e-08 1.0957442e-05 0.00085004204 0.0028972568 0.00058853213 0.0035464675 1.5118177e-06 1.3405241e-07 1.1389451e-05 0.00041373845 0.100387655 0.03610729
