1.9067913e-19 0.10056789 0.47127432 0.012540512 0.0017076669 0.20984182 0.70527416 0.0024341634 0.0020263868 0.0005152772 0.43402562 0.95086306 0.21573907 0.0728971 0.8828143 0.0041643884 0.7890075 0.94829905 0.024566675 0.19818014 0.009454144 0.9726097 0.97327256 0.803078 0.0009079055 0.8667637 0.68165547 0.9512753 0.023958487 0.7925541 0.049485534 0.1732916 0.47080666 0.91011304 0.0018914032 8.0516715e-05 0.7706808 0.905963 0.022806361 0.9798465 0.00018739075 0.9900247 0.99118745 0.310217 0.004655575 0.16953556 0.9499015 0.99481744 0.0077373553 0.9604775 0.8164388 0.9878135 0.026995283 0.38078308 0.0009530552 0.79507273 0.98297983 0.9319374 0.922451 0.8997245 0.007056659 0.9359302 0.00013664858 0.9367625 0.027544526 0.88943243 0.7075534 0.27840433 0.91053855 0.26122156 0.08637834 0.99090356 0.98777705 0.026777219 0.980635 0.08507164 0.85973465 0.059766676 0.89427257 0.93107116 0.3434699 0.9809435 0.99022746 0.9429395 0.43382257 0.99513984 0.016312996 0.9956184 0.507146 0.79709584 0.03433155 0.019927585 0.9999465 0.9845569 0.99322003 0.9988959 0.9896257 0.9930948 0.9968291 0.31361043 0.9999569
0.10056789 6.7738014e-16 0.98895186 0.89482206 0.8441171 0.96393615 0.3897139 0.7082932 0.29329506 0.43538707 0.4824639 0.08763987 0.189168 0.11166998 0.036854986 0.17381243 0.043268 0.05844604 0.027353605 0.010305996 0.008151385 0.05038945 0.02305922 0.009762199 0.0069490024 0.0008552775 0.0024908173 0.00022736019 0.00031907996 0.0011141298 1.880016e-05 3.184403e-06 2.6845675e-05 0.0028703187 3.183773e-05 1.7808004e-05 8.1949016e-05 2.1913202e-05 8.9192945e-08 8.900415e-06 2.684621e-07 6.373278e-05 0.0013543566 0.000833922 0.0020218391 0.00074721413 0.00017346819 0.0038931256 0.0001258933 0.0001517761 1.9807847e-05 0.0006433138 0.00068088144 4.4467008e-08 8.240032e-07 0.00014338961 2.3013763e-06 2.76457e-05 2.5376694e-05 1.2734746e-05 3.56394e-07 2.7263932e-05 0.000109359426 0.00010367024 4.9939567e-06 2.2630988e-06 4.585646e-06 5.639265e-07 2.1746437e-06 1.8102502e-09 2.1708745e-06 3.286907e-06 9.364362e-05 1.1814377e-07 9.218761e-08 1.4893835e-09 1.6369071e-05 3.1001923e-11 1.6697043e-06 1.0540831e-06 0.000107716034 0.000100055026 7.942157e-05 6.4738188e-06 9.719414e-09 0.00011570878 3.629726e-07 4.521305e-07 0.00021668785 2.0628204e-06 5.3382854e-10 1.6866589e-10 0.0009160846 1.9661122e-05 0.0003223354 0.00041055848 8.440151e-06 2.6091904e-05 7.354231e-05 1.2526574e-08 0.0026041183
0.47127432 0.98895186 9.902091e-18 0.5443476 0.27540654 0.71659887 0.9770859 0.13625075 0.07087078 0.050198805 0.52884316 0.29867724 0.1192993 0.02162399 0.36815688 0.038286474 0.3877493 0.18638459 0.027650561 0.017459895 0.004345374 0.5551756 0.19443174 0.012609619 0.00059254194 0.0016486133 0.010697702 0.0003769917 0.00027544764 0.0030162642 6.670446e-06 5.9793038e-06 1.4193879e-05 0.011020345 6.901799e-05 8.098914e-06 0.00014425027 2.020742e-05 2.9933864e-07 5.613735e-05 2.025325e-06 7.762699e-05 0.012746363 0.0012707396 0.00024268882 0.0013355297 0.00048261124 0.01254029 6.873685e-05 0.0007502546 2.4348386e-05 0.0005723533 0.0004291948 1.6197447e-07 6.831598e-07 0.0009922009 1.4652117e-06 4.9893886e-05 3.6299496e-06 3.6014037e-05 4.4906747e-07 3.2940447e-05 9.399628e-06 0.00015069812 2.8604975e-06 4.4530584e-06 1.2958991e-06 1.940396e-06 1.2634649e-06 5.3231513e-08 1.3729059e-06 5.5835756e-08 0.0006253556 1.7854953e-07 1.833855e-08 7.583674e-10 2.7270902e-05 4.4420127e-12 2.0198565e-06 7.962614e-06 9.381483e-06 0.00016675846 0.00023566734 8.935966e-06 1.8032006e-08 0.00034523083 2.4142136e-07 1.9327556e-06 2.2359769e-05 1.9254621e-05 2.3317872e-09 1.7625937e-10 0.001401237 4.4031618e-05 0.00011213789 0.00023519537 1.7888242e-05 1.0822619e-05 8.69296e-06 1.1938425e-08 3.861422e-05
0.012540512 0.89482206 0.5443476 5.550382e-16 0.93303496 0.4475211 0.23960681 0.39721406 0.9868727 0.79809475 0.24192366 0.12904611 0.0039499765 0.0018349363 0.064019896 0.009096958 0.05833688 0.02222737 0.1039822 0.10949521 0.0141556775 0.033596143 0.014006814 0.021950169 0.013943567 0.00026998582 0.00032622518 2.7606837e-05 9.779203e-06 0.00033349893 1.0194254e-06 2.3034536e-06 1.4583788e-05 0.0013476156 1.0797227e-05 1.8668432e-05 2.1836931e-05 3.8709327e-06 2.0679593e-06 2.9858253e-05 7.8967054e-07 1.0345202e-05 0.00015279489 0.0017395549 0.002036498 0.0009646689 3.790435e-05 0.0032291613 0.00036945028 0.00026047515 2.1866148e-05 0.0015620932 0.0006369812 2.4875058e-06 1.0474132e-06 6.5383574e-05 1.9972788e-06 1.124063e-06 1.4505652e-05 2.7554559e-06 1.1631872e-06 1.7168226e-05 0.00015193628 8.247706e-05 4.7917665e-06 7.60322e-06 1.2045454e-05 2.428576e-06 1.5715335e-06 3.9424826e-08 1.1261537e-05 2.4368154e-07 2.1527865e-05 5.774395e-07 6.529305e-08 1.012467e-08 2.9801968e-06 5.652111e-11 2.4023856e-07 4.432507e-07 0.000112993686 0.00017448641 4.007569e-05 2.0602745e-06 2.4325233e-08 0.00046153355 1.6730587e-07 1.6085959e-06 0.00014093681 1.6303288e-06 1.8666924e-08 1.8437435e-10 0.0003757112 3.2075889e-06 0.000103614504 3.58214e-05 4.5403478e-05 3.1320707e-07 3.8359234e-05 1.1000506e-07 0.0026423158
0.0017076669 0.8441171 0.27540654 0.93303496 1.9707774e-16 0.7502277 0.07934905 0.9429928 0.45429787 0.97170144 0.46546257 0.010899072 0.04296736 0.068706416 0.010155922 0.33288944 0.013170343 0.016150814 0.009813322 0.0020847332 0.00045614864 0.0069964174 0.0046218894 0.00068472954 0.19681719 0.0012168976 0.0011615822 0.0003903362 0.00022213807 0.0015494298 2.390588e-05 7.364991e-05 0.00018294009 0.00065984763 0.00023921653 0.00022007372 0.00017494845 4.960576e-05 2.319526e-06 0.00010375965 2.8463188e-05 0.00014768993 0.00015034068 7.146902e-05 0.0001794568 0.00021158009 4.039914e-05 0.0002331204 1.6621789e-05 6.1269886e-05 9.306216e-05 0.00027526458 7.062499e-05 4.8126913e-06 5.861879e-05 2.359779e-06 1.9918443e-06 4.5135616e-06 8.2613085e-05 7.91645e-06 1.7731998e-05 5.2883997e-06 2.5063568e-05 1.726029e-05 9.678733e-07 4.0476284e-06 1.7182181e-05 1.0324131e-05 1.5360789e-05 1.2549586e-07 1.7302384e-05 4.6909474e-07 2.340443e-05 8.037229e-06 3.1338277e-07 2.7087514e-09 3.4126097e-07 3.1781167e-10 1.931091e-07 8.425325e-07 2.6204907e-06 1.9450363e-05 9.402057e-06 3.1414593e-06 1.5649873e-08 3.9574286e-05 1.8966528e-08 4.597013e-06 5.947501e-06 7.342919e-07 8.628284e-09 5.87934e-11 1.9410005e-05 7.79971e-06 1.5591588e-05 1.5692864e-05 6.719783e-06 7.861712e-07 2.1302621e-05 1.1555107e-08 0.00060207176
0.20984182 0.96393615 0.71659887 0.4475211 0.7502277 1.5548983e-15 0.44669923 0.8334227 0.039664403 0.33794603 0.9790612 0.068855844 0.6968231 0.71153814 0.09614373 0.72299767 0.08611734 0.43718532 0.011188579 0.0014052115 0.00035749882 0.22203961 0.18073092 0.0017347861 0.18296318 0.06878801 0.023466654 0.008886421 0.0075043277 0.021175768 0.0031311868 0.0008880613 0.0014877279 0.00344281 0.00467909 0.0009977674 0.0023847409 0.00067601167 1.2901951e-05 0.0011388946 0.00012293959 0.010471807 0.025150733 9.644008e-05 0.00011707696 0.00019611673 0.0021687413 0.0032392428 1.6978764e-05 0.0003698636 0.0002384626 0.00017156433 2.5641813e-05 7.855502e-06 2.1712563e-05 7.974116e-05 5.2329855e-05 0.00020101717 0.00024127099 0.00017155091 7.224389e-06 2.8667695e-05 4.1247617e-06 0.00011965191 1.8526341e-06 5.3362096e-06 7.3876176e-06 3.5229414e-06 8.7099266e-05 5.700395e-08 1.624728e-05 1.4626625e-06 0.00032084977 1.2796464e-06 4.4868352e-07 2.4641973e-09 8.906834e-06 1.1903853e-10 3.2680986e-05 4.903842e-06 9.776881e-06 0.00025687058 0.0001850349 1.9209796e-05 2.2484508e-08 0.00020007523 9.27352e-08 6.952362e-05 4.1969575e-05 9.097642e-06 4.114988e-09 1.9238136e-09 0.0010040167 0.00010009941 7.4166135e-05 0.0011252827 3.968396e-05 5.4967768e-05 7.784844e-05 4.2928743e-08 0.0022675646
0.70527416 0.3897139 0.9770859 0.23960681 0.07934905 0.44669923 3.927578e-15 0.06714339 0.035992574 0.020459246 0.39771435 0.5208361 0.32727033 0.104471445 0.8027438 0.021282641 0.78172165 0.43665215 0.03134318 0.097398594 0.008523211 0.9411546 0.56228936 0.05751933 0.0008966412 0.013402851 0.071216844 0.0072514024 0.008903557 0.02365097 0.005900225 0.00171802 0.0015262159 0.17812702 0.0026425715 0.0002605832 0.002151003 0.0013358985 5.866056e-05 0.00037870312 0.00011421578 0.00095442316 0.11038376 0.0037616102 0.00016910449 0.009183773 0.0047673765 0.021031944 0.0005562256 0.009220847 0.00019113118 0.00064027036 0.0013926304 1.7316008e-06 4.0443894e-05 0.0031092714 2.3400968e-05 0.0010274823 7.0313166e-05 0.0002656888 8.901935e-06 0.0005016573 1.5368627e-05 0.0013065495 7.5483586e-05 0.0004861585 8.043095e-06 3.5771962e-05 4.010268e-05 1.3322807e-07 2.9283938e-06 3.568749e-07 0.006230043 2.933288e-06 1.4929574e-07 8.8403995e-09 0.00035740048 1.6942512e-11 7.5274904e-05 0.000108695225 5.251438e-05 0.0005636526 0.0007541045 0.00028642785 2.5225862e-07 0.0002887297 1.251449e-06 5.9736358e-05 0.00010442088 0.00011372937 1.0501223e-07 5.1768896e-09 0.0027165038 0.0003024355 0.0002605149 0.0018546531 0.00011770197 0.00016155573 0.000101794496 5.177364e-07 0.0004432304
0.0024341634 0.7082932 0.13625075 0.39721406 0.9429928 0.8334227 0.06714339 1.3906934e-17 0.034845456 0.94588095 0.6480546 0.0049707717 0.19471268 0.46630463 0.015657928 0.9349166 0.010723671 0.0727487 0.0011238102 0.0007863733 7.138332e-05 0.021081403 0.02056671 4.100169e-05 0.75564724 0.007739592 0.0013069303 0.0008600051 0.0024686952 0.0012417753 0.00036481052 0.0002999598 0.0004662177 5.4321008e-05 0.0031579777 0.0032722573 0.00048912084 7.724284e-05 9.3018774e-05 0.0007497439 0.0003939071 0.00021457796 0.00013696235 5.5264957e-07 8.212222e-07 4.2118313e-06 2.1390259e-05 5.6597604e-05 6.0446155e-07 1.3054832e-05 6.706584e-05 3.9443352e-05 1.564659e-06 0.00014127836 9.0884634e-05 7.830218e-07 2.0884843e-06 3.2322282e-06 6.1948864e-05 2.0583282e-06 4.2183172e-05 1.5332766e-06 2.2898332e-07 5.734616e-06 3.285371e-08 6.8314864e-07 8.273234e-06 1.5871797e-06 7.671577e-06 2.802586e-07 3.8977146e-06 3.8414075e-07 2.3958764e-05 6.6289654e-06 3.1168742e-07 8.7327356e-10 1.908544e-07 8.561653e-11 2.2079707e-08 4.5974267e-07 2.3354552e-07 1.2267565e-05 9.3747883e-07 9.567971e-07 8.92666e-09 2.01897e-05 7.863098e-09 1.2522333e-06 3.4101422e-06 2.150408e-07 2.9492806e-09 4.974871e-10 1.2624995e-05 1.0928749e-06 1.849281e-05 6.224339e-06 2.689286e-06 7.052649e-08 2.0496633e-05 8.8123855e-09 0.00038476958
0.0020263868 0.29329506 0.07087078 0.9868727 0.45429787 0.039664403 0.035992574 0.034845456 5.7936913e-18 0.89774287 0.019425923 0.088159114 0.00023134793 8.4671636e-05 0.008741286 0.0010753672 0.0028043282 0.00020194851 0.9199636 0.26051545 0.42410716 0.0011616836 0.00036321537 0.015307808 0.064522825 6.861507e-06 3.4664379e-06 2.2308768e-06 4.2627533e-05 7.973884e-06 4.533892e-07 5.7212983e-06 5.5546725e-06 6.9387006e-06 6.33977e-06 2.8202232e-05 1.295931e-06 1.9897738e-07 2.156009e-06 1.2902154e-06 4.1885443e-07 9.588543e-07 1.2869945e-06 0.0026736169 0.07683151 0.004663847 2.048898e-06 0.0004909043 0.006592375 1.2269518e-05 3.8823102e-05 0.00070856727 0.005116297 3.9846973e-06 2.8544507e-06 1.5309257e-06 8.916404e-08 5.669366e-07 3.2423257e-05 1.1427983e-06 1.5382476e-06 4.0948253e-06 0.004101513 8.482058e-05 0.0010860576 1.7227852e-06 7.1694394e-06 1.1982946e-06 7.04477e-08 1.3037133e-08 3.4632412e-05 1.1198506e-06 2.7901308e-06 6.556036e-06 2.6838862e-07 2.8206411e-08 1.0610968e-06 1.6901088e-09 2.2774393e-07 9.1972265e-07 0.00010770463 7.01381e-05 5.974732e-06 2.3830596e-06 1.4609275e-07 0.00017434021 8.254382e-08 1.4247794e-06 2.4403109e-05 1.2582068e-06 2.1014897e-07 2.6307454e-09 5.8065674e-05 8.1556955e-06 8.275159e-06 2.205497e-05 8.1686994e-05 7.393819e-08 6.2785526e-05 5.2379128e-09 0.004237169
0.0005152772 0.43538707 0.050198805 0.79809475 0.97170144 0.33794603 0.020459246 0.94588095 0.89774287 6.9480106e-19 0.19347735 0.0018505736 0.0042121387 0.010371544 0.003396676 0.56880784 0.001849156 0.0024295445 0.0043690787 0.0034552168 0.00013402563 0.0021034882 0.0013760396 0.0002811119 0.78464 0.00012877349 1.4286579e-05 3.6644236e-05 4.2935895e-05 4.5267458e-05 6.2338136e-06 4.969999e-05 5.965816e-06 4.292028e-06 9.209286e-05 0.00036523293 1.5376674e-05 1.0884677e-06 2.4397116e-06 2.3649754e-05 1.7360497e-05 2.1570899e-05 1.0558976e-05 2.4404157e-05 6.509426e-05 7.9168465e-05 9.019211e-06 0.00011178158 1.3581702e-05 7.0425267e-06 1.5604426e-05 0.00017550944 6.2124986e-05 2.0361529e-06 4.93999e-06 1.2331144e-06 6.605606e-07 5.751697e-07 2.2888632e-06 1.5962185e-07 3.4134546e-06 5.0651265e-06 6.7839796e-06 3.0353885e-05 7.7109426e-08 1.8353965e-06 4.91141e-06 1.5585968e-07 1.1534601e-07 1.03929985e-08 8.298167e-07 8.443085e-07 3.8702938e-06 1.0018975e-06 1.0947983e-08 3.612192e-08 5.8952185e-07 5.723235e-10 2.6927685e-08 3.8470805e-08 7.9473085e-07 2.0738487e-06 7.772039e-07 9.127501e-08 3.032022e-08 9.72309e-06 2.5586263e-07 1.3119433e-07 4.3784232e-07 1.153432e-08 5.317276e-08 7.680843e-10 4.334664e-06 2.9606855e-07 6.6514684e-07 1.5103033e-06 2.934827e-06 3.0156855e-10 2.2691122e-05 9.925735e-09 0.00022107482
0.43402562 0.4824639 0.52884316 0.24192366 0.46546257 0.9790612 0.39771435 0.6480546 0.019425923 0.19347735 2.8765482e-15 0.031848677 0.93112177 0.94064784 0.08506876 0.7922417 0.077038914 0.71737015 0.004772753 0.00073896674 0.0002110561 0.56482613 0.484139 0.000480078 0.32496786 0.13636278 0.016562328 0.015406658 0.062532805 0.015169175 0.019000908 0.001634905 0.0022957933 0.0027656828 0.030447736 0.004763518 0.0024732125 0.0014375472 0.00042095306 0.0024272795 0.0027694071 0.013034954 0.032978036 2.7781443e-05 7.5372816e-05 3.6584213e-05 0.0017768437 0.0011450867 2.57427e-06 0.00021292313 0.0003195669 4.4023225e-05 3.8080587e-05 1.7733873e-05 6.126001e-05 9.742299e-05 7.403236e-05 0.00018021296 0.00023352494 0.00014594341 2.624481e-05 1.2151975e-05 1.6212355e-06 5.6770376e-05 7.2505446e-07 2.4416622e-06 4.2062316e-06 5.2124474e-06 3.401316e-05 1.9810129e-07 9.838787e-07 1.0217293e-06 0.00022860031 1.9949125e-06 8.0161504e-07 1.1836554e-08 8.134661e-06 5.017486e-10 8.654447e-06 3.3420831e-06 4.1082144e-06 0.0003987539 0.00027841717 1.7350152e-05 1.5445207e-07 0.0007237087 6.8379535e-07 1.6461327e-05 4.1161165e-06 1.0696869e-05 6.6830435e-09 1.2024604e-08 0.0013018586 3.9618768e-05 3.7501177e-05 0.0009490508 1.614865e-05 5.0636872e-06 0.00010329463 7.599943e-08 0.00057959725
0.95086306 0.08763987 0.29867724 0.12904611 0.010899072 0.068855844 0.5208361 0.0049707717 0.088159114 0.0018505736 0.031848677 9.090389e-16 0.0039416896 0.00027639786 0.8811017 0.0005031237 0.6261623 0.014290159 0.7154427 0.8905557 0.67678314 0.1484079 0.05832684 0.9639249 1.5375914e-05 0.000115594834 0.0013443893 5.0575753e-05 4.5597142e-05 0.00030739864 1.9852257e-06 2.606176e-07 2.602075e-06 0.3371455 1.0520099e-05 2.2573995e-06 0.00010057777 3.5581104e-06 4.1962568e-07 1.4600862e-05 8.337378e-07 1.9032829e-06 0.009761701 0.28600025 0.2656189 0.3956551 6.509724e-05 0.69075453 0.12895034 0.015514839 7.097488e-05 0.109545425 0.15443066 1.4924485e-06 6.599332e-06 0.08398584 1.1939446e-07 4.039213e-05 1.3853329e-05 6.5854942e-06 2.1587905e-06 0.0012401866 0.008567356 0.044460163 0.010269284 0.0008853393 8.543034e-07 1.8502318e-05 1.1070921e-06 2.5239782e-08 0.00089272315 1.2481236e-08 0.005662757 1.3148311e-06 2.6033915e-09 6.6670566e-08 0.0013215385 7.4693185e-10 9.37381e-06 0.00011336617 0.0030237595 0.0015826152 0.004822476 0.0002177057 2.3905342e-08 0.013298163 6.977367e-06 4.590903e-05 0.0029277573 0.0006731441 5.6207674e-09 3.7396135e-09 0.03949442 0.0011397004 0.0067998213 0.00787094 1.6687387e-05 0.0017240583 6.9308604e-05 1.5980675e-07 0.0007406866
0.21573907 0.189168 0.1192993 0.0039499765 0.04296736 0.6968231 0.32727033 0.19471268 0.00023134793 0.0042121387 0.93112177 0.0039416896 6.9192713e-16 0.981278 0.05329973 0.37261307 0.10025258 0.8083214 0.00021844568 0.0002091971 6.887261e-05 0.45899385 0.435932 5.905381e-05 0.05084893 0.50584584 0.1341496 0.14137821 0.18706904 0.12706491 0.062781274 0.023503546 0.039025974 0.016814902 0.055269763 0.0052950922 0.04108445 0.033811025 0.009366984 0.01808652 0.0025891622 0.059308115 0.13329394 2.9628677e-06 8.068708e-08 5.1820684e-06 0.04834078 0.0005536979 2.2158824e-07 0.001268219 0.004323216 2.5646068e-05 2.321418e-06 0.00026849937 0.00066165585 9.905666e-06 0.0018913851 0.0014562143 0.0016306399 0.0017832589 0.00046233129 0.00011918611 8.7932484e-08 6.317576e-05 1.5409383e-07 1.6310902e-05 3.0746003e-05 1.2914888e-05 0.0002561802 2.3781715e-06 8.638404e-07 6.547326e-06 0.003020448 2.721154e-05 2.0562309e-06 1.8889017e-08 5.25258e-05 1.0756619e-09 0.00013342648 5.309663e-05 2.5449826e-06 0.00032850643 0.0005279864 4.6960362e-05 2.163791e-08 0.00012457631 1.1927023e-06 0.00021368067 9.500927e-06 0.00014412844 3.1906302e-09 2.0703231e-08 0.0011538024 0.00043064007 0.00010566578 0.0015616091 6.685466e-05 0.00019153078 0.00022096459 3.4621281e-09 0.0033387893
0.0728971 0.11166998 0.02162399 0.0018349363 0.068706416 0.71153814 0.104471445 0.46630463 8.4671636e-05 0.010371544 0.94064784 0.00027639786 0.981278 2.3498028e-16 0.0208326 0.7920648 0.048828382 0.6752236 7.728959e-06 1.6416207e-05 2.9410187e-06 0.16704291 0.23989041 4.6414702e-06 0.43453273 0.5043187 0.07106382 0.09161309 0.55335504 0.052208252 0.28091243 0.08624458 0.09251906 0.00019938493 0.42776892 0.051626798 0.059757203 0.028778253 0.07563883 0.081792556 0.011735033 0.05240882 0.025698116 2.239888e-06 2.5074192e-08 1.399705e-06 0.009169989 7.1075876e-05 1.9530184e-08 0.00010042528 0.004462918 4.3882364e-06 3.9560925e-07 0.0011409303 0.0014272506 1.2818853e-06 0.00080415723 0.00047723824 0.0014337976 0.00030018814 0.00030701366 2.5789104e-05 2.2543897e-08 5.1616717e-05 4.9245537e-09 1.5868203e-05 0.0003506502 1.83987e-05 0.00012662214 3.7721463e-06 4.6162089e-07 5.751493e-05 0.00017358748 2.7327605e-05 2.0265945e-06 3.2518678e-08 1.3472192e-05 1.5482147e-09 5.627599e-06 5.747992e-06 4.747098e-07 0.00021845671 0.0001959812 1.8701023e-05 3.390869e-08 7.047543e-05 1.564923e-06 1.9606206e-05 3.5567093e-06 8.50767e-06 1.10315135e-08 3.215724e-08 0.00024645912 4.6469246e-05 1.7027392e-05 0.0004491354 0.00013590274 4.024968e-06 0.00024055646 1.8897705e-08 0.0011913156
0.8828143 0.036854986 0.36815688 0.064019896 0.010155922 0.09614373 0.8027438 0.015657928 0.008741286 0.003396676 0.08506876 0.8811017 0.05329973 0.0208326 1.9905742e-15 0.0058694477 0.9834425 0.100368775 0.11794521 0.23098011 0.05042222 0.49373168 0.21900259 0.45682517 0.0001282564 0.003740424 0.06322107 0.002622307 0.0016114557 0.019474216 0.0010614977 0.0005142453 0.000638866 0.8859392 0.00019574436 6.160227e-05 0.0007949117 0.00019044432 2.421895e-05 8.924091e-05 3.116482e-05 6.551077e-05 0.15496923 0.073603414 0.0072547947 0.05017905 0.005347208 0.13939351 0.009090739 0.08130262 0.0011072801 0.008471909 0.03149035 4.1406292e-06 2.7895898e-05 0.04067033 9.699848e-05 0.00089282956 0.00018296906 0.0007303959 6.8866016e-06 0.010451026 8.7453416e-05 0.004089089 0.004269509 0.001602142 2.1340713e-06 2.242505e-05 0.00037808783 3.11003e-07 0.00096012116 6.909369e-08 0.02934458 6.5313734e-06 9.4462926e-08 8.118013e-08 0.002413239 1.7869841e-09 0.0011029644 0.0002362148 0.00064110314 0.0018250559 0.00411523 0.0003798787 3.3293453e-08 0.00097052346 1.1599316e-06 0.0007081813 0.00033119693 0.00031215878 1.4690454e-08 2.6506553e-09 0.02070919 0.001524399 0.001541114 0.0064331195 2.214216e-05 0.0021379185 0.00016007361 4.7419643e-08 0.0033211405
0.0041643884 0.17381243 0.038286474 0.009096958 0.33288944 0.72299767 0.021282641 0.9349166 0.0010753672 0.56880784 0.7922417 0.0005031237 0.37261307 0.7920648 0.0058694477 4.7540694e-17 0.008131508 0.11825366 0.0002299777 7.034466e-06 5.1645493e-06 0.026875762 0.03537521 8.361823e-07 0.99802357 0.050453883 0.0017838643 0.003618228 0.27607474 0.0015994231 0.023369921 0.0047441027 0.0053710733 1.5789421e-05 0.18322724 0.37353584 0.003501827 0.0004181915 0.01281941 0.0051236358 0.006449506 0.0014676502 0.0001254495 2.4312118e-07 9.652629e-07 1.4521355e-06 5.126179e-05 6.5398846e-05 3.147931e-08 5.471709e-05 9.160399e-05 0.00010352056 7.088423e-07 0.00037352086 0.0005526201 3.073989e-06 1.4357802e-06 6.727147e-07 2.0383903e-05 2.588262e-06 8.725897e-05 5.6813838e-06 2.4953928e-07 6.497443e-05 5.8590834e-09 3.3339047e-06 1.9960593e-05 1.6680355e-05 5.174651e-06 4.2332986e-06 2.438593e-06 4.151047e-06 8.388497e-06 6.268597e-05 3.380751e-07 6.256705e-09 5.6862757e-07 1.1973172e-09 1.8662111e-07 1.2701366e-07 2.1337672e-07 1.1144899e-05 3.9445797e-05 2.2611627e-07 7.071587e-08 0.00030244616 2.8856808e-08 6.7012843e-07 6.540097e-07 4.050801e-07 2.7932938e-08 1.034231e-09 1.3597228e-05 4.417024e-07 2.727483e-05 7.475848e-06 0.00010175723 1.0536011e-07 0.00019566373 5.559007e-08 0.00070086383
0.7890075 0.043268 0.3877493 0.05833688 0.013170343 0.08611734 0.78172165 0.010723671 0.0028043282 0.001849156 0.077038914 0.6261623 0.10025258 0.048828382 0.9834425 0.008131508 1.9445043e-18 0.15831709 0.088664815 0.15985362 0.03873553 0.6368467 0.2365996 0.16405216 0.00022180278 0.0046779495 0.16018824 0.0050763534 0.002524785 0.03884168 0.0017542697 0.0004350113 0.0011483494 0.95008636 0.0008309834 0.00011906841 0.0010143803 0.00042484372 0.00014975244 4.906708e-05 3.7132522e-05 7.4007374e-05 0.22579305 0.021986376 0.0013163204 0.018829728 0.014209606 0.09779438 0.0031603756 0.17214794 0.0002635292 0.0047289003 0.005409785 1.2904154e-05 1.4781979e-05 0.02323807 5.628605e-05 0.002583759 5.9312257e-05 0.001346805 1.3348661e-05 0.013281692 1.4988337e-05 0.003474473 0.0025508923 0.0033599765 5.4894167e-07 6.4108935e-06 0.001302582 1.9812822e-08 0.00014533618 1.16929044e-07 0.030145599 2.0196208e-05 2.574766e-08 1.5103731e-07 0.009939373 2.112513e-09 0.001971582 0.0006797389 0.00015170331 0.0030965954 0.0055957483 0.0009059422 4.148427e-08 0.0018547866 2.267479e-07 0.00067935296 0.00010966638 0.00072745985 2.6608065e-09 3.4332973e-10 0.009064007 0.0017205982 0.0030185087 0.0060829623 2.93428e-05 0.004027149 0.0001730536 1.1388401e-08 0.00032080236
0.94829905 0.05844604 0.18638459 0.02222737 0.016150814 0.43718532 0.43665215 0.0727487 0.00020194851 0.0024295445 0.71737015 0.014290159 0.8083214 0.6752236 0.100368775 0.11825366 0.15831709 8.831945e-15 0.0013762482 0.002003519 0.0011353772 0.8895479 0.9640024 0.0011192639 0.0076687755 0.5449967 0.7661109 0.5692186 0.2819157 0.5300856 0.34079015 0.21469773 0.21074776 0.021223051 0.0308406 0.0012533183 0.08448353 0.053033136 0.03755628 0.06922283 0.004070334 0.036783453 0.31720608 0.00022284655 3.213725e-06 0.00050056534 0.034251444 0.002038818 8.7561875e-06 0.019829446 0.005597336 7.866497e-05 6.5873384e-05 0.0045480276 0.0013009823 0.00033352122 0.0010286436 0.0044578197 0.00085481926 0.0014635437 0.0005924385 0.0016517554 1.6841822e-06 0.00014027547 1.1490684e-05 6.7738656e-05 9.652344e-05 0.00018896659 0.0007873383 1.0209447e-05 2.4360359e-06 1.959998e-05 0.02186562 9.7832366e-05 3.875727e-06 3.6546828e-07 0.0009973093 2.5988928e-08 0.00036783924 0.0004968722 1.0873753e-06 0.0029453235 0.003605681 0.00055236777 6.3055006e-07 0.00030071678 1.7935549e-06 0.001015523 1.3168256e-05 8.190026e-05 9.664128e-08 2.1852419e-08 0.008755073 0.0007849998 0.0005861429 0.0045330757 0.00016930845 0.0006134807 0.0004236924 2.2388618e-07 0.0013904485
0.024566675 0.027353605 0.027650561 0.1039822 0.009813322 0.011188579 0.03134318 0.0011238102 0.9199636 0.0043690787 0.004772753 0.7154427 0.00021844568 7.728959e-06 0.11794521 0.0002299777 0.088664815 0.0013762482 1.1193788e-15 0.84009457 0.99587077 0.008210617 0.0020305014 0.55317795 0.00089704926 7.5003314e-05 8.155926e-05 1.4561301e-05 3.7786237e-06 0.00022778641 7.918809e-07 3.3112838e-06 1.1448015e-05 0.008793469 6.1217293e-06 3.0583382e-05 1.4249765e-06 1.0049099e-06 2.6219454e-06 2.3074474e-05 4.2943493e-06 8.809794e-06 0.0007344265 0.019327743 0.52902305 0.026714677 3.018294e-05 0.07762202 0.015373129 0.0006554961 3.3921096e-05 0.023227658 0.02107381 1.314863e-05 1.7993492e-06 0.0022343518 2.4824722e-06 4.6231808e-06 8.381943e-05 1.0328005e-06 1.2893654e-06 7.269592e-05 0.008181786 0.0077515845 0.0004484927 0.00018906285 8.144558e-06 1.2530361e-06 3.517912e-06 9.021846e-09 8.4163155e-05 4.082644e-06 1.2765681e-05 4.687964e-07 4.7489274e-07 1.08459396e-07 2.5932319e-05 4.0941006e-09 4.6340193e-07 6.0521115e-06 0.00014867522 0.0020353037 0.00017823678 7.206428e-06 1.402528e-07 0.0010379207 1.7105026e-07 1.1862859e-05 7.1061644e-05 2.8454857e-05 8.892845e-08 4.7418064e-10 0.00033059987 3.307558e-05 0.00067577866 0.00010367736 0.00011010809 5.7326797e-06 7.811036e-05 2.362872e-09 7.768964e-05
0.19818014 0.010305996 0.017459895 0.10949521 0.0020847332 0.0014052115 0.097398594 0.0007863733 0.26051545 0.0034552168 0.00073896674 0.8905557 0.0002091971 1.6416207e-05 0.23098011 7.034466e-06 0.15985362 0.002003519 0.84009457 1.1815828e-15 0.9259171 0.009495936 0.0032471884 0.98262113 0.00012406804 4.0608265e-05 0.0029281904 2.7569848e-05 4.2009397e-06 0.0010674989 5.248296e-08 4.0496187e-07 2.337007e-06 0.23857872 5.159004e-07 4.4221647e-06 1.2480309e-06 8.403571e-07 3.6214637e-08 2.0302582e-06 9.1409737e-07 2.7156227e-06 0.0053092856 0.3008895 0.7597677 0.6023715 0.0002661608 0.50364035 0.3513062 0.008401652 2.085103e-06 0.3010586 0.22182731 2.7326954e-07 1.7044541e-06 0.09907653 1.949405e-06 2.9597426e-05 4.5761744e-06 1.1830597e-06 2.830563e-06 0.0020504317 0.061909147 0.059297796 0.04021012 0.0009980891 2.8645718e-07 8.0192436e-08 1.0094759e-05 4.1003115e-10 0.00050780043 3.384532e-07 0.0006372282 9.2964774e-07 2.2638996e-08 7.029371e-09 0.00069311046 4.5763654e-10 1.8229752e-05 8.890596e-05 0.002065755 0.0021112605 0.0009965056 0.00036685728 1.3790898e-07 0.003127694 2.229e-07 6.058311e-05 0.0008720354 0.00017622915 1.4967366e-09 9.34448e-10 0.011318555 0.00047040556 0.0014388076 0.001579351 6.077659e-06 0.0011186338 3.970997e-05 9.538444e-09 0.00011954253
0.009454144 0.008151385 0.004345374 0.0141556775 0.00045614864 0.00035749882 0.008523211 7.138332e-05 0.42410716 0.00013402563 0.0002110561 0.67678314 6.887261e-05 2.9410187e-06 0.05042222 5.1645493e-06 0.03873553 0.0011353772 0.99587077 0.9259171 1.4393056e-18 0.0020392518 0.001097805 0.6886183 8.006712e-06 8.378044e-05 0.00031318242 3.759905e-05 6.1186034e-07 0.0003952957 1.3590758e-07 1.2323785e-06 1.1813702e-05 0.033886384 1.434136e-07 3.7179186e-07 2.3891375e-06 3.568101e-06 1.9913209e-09 7.0467663e-06 2.8191781e-08 1.1719833e-05 0.00085724716 0.043280605 0.6214441 0.15750426 7.829905e-05 0.08863776 0.07367387 0.0019990006 3.2767676e-07 0.058584575 0.021126224 5.6143634e-08 3.0441733e-08 0.010488083 9.888133e-07 2.6458104e-06 4.2090983e-07 5.2792967e-07 1.2144234e-07 0.00017863634 0.017118279 0.014862658 0.0005935982 0.0004908468 3.3284962e-07 4.2694987e-07 3.8086484e-06 1.2680392e-09 0.00011615533 1.939288e-06 3.1524603e-05 1.246164e-07 2.8588954e-07 7.249064e-09 0.00025447813 1.4924825e-10 4.595763e-06 6.8203626e-05 0.0007128107 0.0006474159 0.00046940622 5.0622268e-05 4.2254648e-08 0.0013704945 1.243646e-09 0.00039969943 0.00020770651 9.909072e-05 8.763258e-09 5.176437e-12 0.0015183582 0.00087257236 0.00027030607 0.0008243684 0.00024786658 0.00025675056 0.00014772911 2.199219e-09 0.0004382689
0.9726097 0.05038945 0.5551756 0.033596143 0.0069964174 0.22203961 0.9411546 0.021081403 0.0011616836 0.0021034882 0.56482613 0.1484079 0.45899385 0.16704291 0.49373168 0.026875762 0.6368467 0.8895479 0.008210617 0.009495936 0.0020392518 6.810361e-16 0.9517703 0.0066579995 0.0013990959 0.11775872 0.25898287 0.055997152 0.03290474 0.11211937 0.048513528 0.023440294 0.016032182 0.22725476 0.00301671 0.00022268786 0.0038575684 0.0012205152 0.0012462451 0.0016190346 0.00068934844 0.00090196246 0.3044895 0.0014185023 0.00029790378 0.0027897677 0.01071205 0.0041205515 0.00036075845 0.047379922 0.00017695987 0.00013438374 0.0005085778 9.796355e-05 0.00012651423 0.0008224363 0.00016757821 0.0026922799 8.688331e-05 0.0008672889 4.1211108e-05 0.0033015043 1.9873749e-05 0.00024480437 4.4847646e-05 0.00036152426 2.544655e-06 2.966887e-05 0.00069117715 3.6381647e-07 8.879034e-06 9.48223e-07 0.01650591 3.1582274e-06 3.435743e-07 1.590442e-08 0.002447374 8.070947e-10 0.0014303696 0.0004515183 2.4456182e-05 0.0031777716 0.0059378473 0.0004457794 7.29843e-08 0.0005944202 1.2821469e-06 0.0010249984 5.3822765e-05 0.00010888551 2.6414007e-08 1.3118024e-08 0.013292748 0.0003692414 0.0007955237 0.0028505498 1.310359e-05 0.00042371987 7.5472795e-05 2.6608385e-08 0.00052936404
0.97327256 0.02305922 0.19443174 0.014006814 0.0046218894 0.18073092 0.56228936 0.02056671 0.00036321537 0.0013760396 0.484139 0.05832684 0.435932 0.23989041 0.21900259 0.03537521 0.2365996 0.9640024 0.0020305014 0.0032471884 0.001097805 0.9517703 8.064986e-15 0.0020627556 0.0019079926 0.39555252 0.81618446 0.35708925 0.07691798 0.61557317 0.12821257 0.066657886 0.06648479 0.07539325 0.006855002 0.0003010247 0.019686172 0.010565107 0.009242871 0.009614498 0.0012408319 0.0109135695 0.6807324 0.00057161524 1.3033175e-05 0.00072516996 0.05600562 0.0015860918 4.013413e-05 0.03675172 0.0026284312 2.7982544e-05 7.321118e-05 0.0018187566 0.00021903479 0.0005112463 0.0004445118 0.007365609 0.0008807686 0.0020112186 5.544693e-05 0.0022679854 2.5806805e-06 0.00010005961 1.9706418e-05 0.00015305901 4.3451187e-06 3.3241187e-05 0.00091137906 5.629437e-07 2.0685275e-06 1.7891356e-06 0.034648407 1.1553362e-05 6.58512e-07 4.3156895e-08 0.003125778 1.5868261e-09 0.0016927191 0.0009984899 3.5248365e-06 0.0047778217 0.010345494 0.0007485165 3.8419184e-08 0.0003219999 7.449909e-07 0.0012288431 9.500964e-06 0.00025113614 5.8212795e-08 5.1551923e-09 0.020670503 0.00092995365 0.00021288455 0.005916506 1.1459365e-05 0.0010886138 0.00022121973 1.19579795e-08 0.0013051803
0.803078 0.009762199 0.012609619 0.021950169 0.00068472954 0.0017347861 0.05751933 4.100169e-05 0.015307808 0.0002811119 0.000480078 0.9639249 5.905381e-05 4.6414702e-06 0.45682517 8.361823e-07 0.16405216 0.0011192639 0.55317795 0.98262113 0.6886183 0.0066579995 0.0020627556 1.5931125e-17 5.0132465e-05 1.7853135e-05 0.0024777546 7.0029655e-06 1.3850501e-05 0.00030176426 1.16338526e-07 4.2412287e-07 2.0940265e-06 0.4353699 1.0313107e-07 1.3085664e-06 8.905748e-06 7.2746957e-07 4.2510854e-07 3.0818927e-07 9.678485e-07 7.456871e-08 0.006373118 0.4173269 0.57504255 0.7377336 4.589905e-05 0.8063854 0.3084961 0.018537203 1.6423895e-05 0.5818642 0.30054173 1.7980325e-07 3.7889297e-06 0.298875 8.886657e-08 1.6322168e-05 2.0920145e-06 4.331073e-06 9.450722e-07 0.002368875 0.022696028 0.19738989 0.026588539 0.007213852 4.7303274e-07 2.1635083e-06 1.3502265e-05 1.7905847e-08 0.0013138127 4.724259e-09 0.0021255764 3.77426e-07 2.3609616e-09 5.3370868e-09 0.0017052956 3.8669914e-10 6.974929e-05 0.00016709532 0.007663906 0.0009962159 0.0037324193 0.00029471374 8.204937e-08 0.011621522 1.0786708e-07 7.008681e-05 0.002387293 0.0016740403 2.481674e-08 6.4380865e-09 0.019065442 0.0026209308 0.004875286 0.002070113 1.3579565e-05 0.0069846744 5.664785e-06 2.6215252e-08 6.806704e-05
0.0009079055 0.0069490024 0.00059254194 0.013943567 0.19681719 0.18296318 0.0008966412 0.75564724 0.064522825 0.78464 0.32496786 1.5375914e-05 0.05084893 0.43453273 0.0001282564 0.99802357 0.00022180278 0.0076687755 0.00089704926 0.00012406804 8.006712e-06 0.0013990959 0.0019079926 5.0132465e-05 9.577644e-19 0.0029025294 2.3469966e-05 4.498759e-05 0.1628759 2.4505138e-05 0.01939859 0.0023523523 0.0002027128 1.3519181e-07 0.541363 0.88477975 0.00020136866 4.7283143e-06 0.102155365 0.0012269185 0.688035 7.864172e-05 2.3336352e-06 5.541561e-06 1.2796556e-05 8.37653e-06 3.6164079e-06 0.00012646995 3.4984018e-07 4.970897e-06 0.00012853583 1.3683408e-05 0.00013966451 0.00075396104 0.011267538 3.0319325e-06 1.1086447e-07 3.0028676e-07 9.954037e-06 8.105188e-08 0.00023796303 3.0636759e-06 1.3981602e-06 0.00012603817 1.4362836e-07 7.0306055e-07 5.9631686e-05 1.4772057e-05 1.0713462e-08 2.2559287e-07 3.608448e-07 9.96001e-06 1.1618635e-06 0.00011548631 5.1575256e-08 9.226199e-07 1.7384336e-07 4.409461e-09 6.7783404e-08 1.467463e-08 1.2290709e-06 1.9551019e-06 4.0806836e-07 5.875705e-08 8.469477e-06 6.4451738e-06 1.0630552e-05 5.7765067e-08 4.6636617e-07 3.7281755e-09 2.0074309e-07 8.781563e-09 2.6308799e-06 1.9710223e-08 9.956628e-08 7.054838e-07 2.4903407e-05 1.3996576e-11 7.5895245e-05 1.2175823e-07 0.0009258507
0.8667637 0.0008552775 0.0016486133 0.00026998582 0.0012168976 0.06878801 0.013402851 0.007739592 6.861507e-06 0.00012877349 0.13636278 0.000115594834 0.50584584 0.5043187 0.003740424 0.050453883 0.0046779495 0.5449967 7.5003314e-05 4.0608265e-05 8.378044e-05 0.11775872 0.39555252 1.7853135e-05 0.0029025294 5.44779e-14 0.099307634 0.9830251 0.59466153 0.11662831 0.5813961 0.7677807 0.9447751 0.00071963464 0.10873253 0.0060566473 0.7293166 0.32205543 0.22913629 0.49016944 0.020364843 0.49385083 0.2369109 5.9448817e-06 2.518233e-07 1.1302973e-05 0.06392515 0.00017998161 5.185487e-07 0.00091792893 0.099325135 1.6833672e-05 2.232109e-06 0.038664456 0.0061627654 5.7365338e-05 0.010217748 0.0088405395 0.008828863 0.0022754618 0.0038248391 0.00014282051 6.3885246e-08 5.8636568e-05 4.4627706e-07 4.5207084e-06 0.00039311842 0.0008691647 0.0004308843 0.00012593425 1.6829483e-07 0.00037642062 0.0219346 0.00039274595 0.0001743427 8.855486e-07 0.0006562464 2.1298057e-08 0.00013530489 0.00020993616 3.5982725e-07 0.0045109824 0.0043664896 0.0002887776 1.5972896e-06 0.0005909085 3.5670869e-06 0.00045063364 1.4922671e-05 7.92097e-05 4.566256e-08 2.2126294e-08 0.014435618 0.00039498124 0.00031896707 0.006996805 0.00027261607 0.00012157741 0.0012324462 4.2615903e-07 0.003963478
0.68165547 0.0024908173 0.010697702 0.00032622518 0.0011615822 0.023466654 0.071216844 0.0013069303 3.4664379e-06 1.4286579e-05 0.016562328 0.0013443893 0.1341496 0.07106382 0.06322107 0.0017838643 0.16018824 0.7661109 8.155926e-05 0.0029281904 0.00031318242 0.25898287 0.81618446 0.0024777546 2.3469966e-05 0.099307634 2.212308e-16 0.60092735 0.024150332 0.9884753 0.021664964 0.038796652 0.055075638 0.14278641 0.0036445342 8.5140215e-05 0.11200205 0.13566133 0.002978637 0.007436814 5.9430706e-05 0.08222456 0.8051182 8.317604e-05 2.0073008e-07 9.74164e-05 0.6116143 0.0009919786 5.819412e-07 0.02201029 0.20411313 2.3081868e-05 5.3418103e-06 0.0027327554 3.606673e-05 0.00066319946 0.021417834 0.06287636 0.08893617 0.05865201 0.0001507204 0.00515863 4.035591e-08 0.0004181377 2.3664115e-06 0.000905655 0.00013647601 0.00026288736 0.009677013 9.127223e-06 1.2224441e-06 6.850206e-05 0.07195394 7.761777e-06 6.235243e-05 6.94804e-07 0.007871871 1.6139879e-08 0.007700512 0.0066422424 1.8448449e-06 0.013030335 0.009000686 0.005044995 9.502489e-07 0.00031992947 1.3483419e-06 0.0041662655 1.471025e-06 0.0010077157 2.0516314e-08 4.148306e-09 0.020209089 0.0029780364 0.0001468858 0.008341503 5.9657163e-05 0.0036237238 0.00039804343 6.548263e-08 0.006451982
0.9512753 0.00022736019 0.0003769917 2.7606837e-05 0.0003903362 0.008886421 0.0072514024 0.0008600051 2.2308768e-06 3.6644236e-05 0.015406658 5.0575753e-05 0.14137821 0.09161309 0.002622307 0.003618228 0.0050763534 0.5692186 1.4561301e-05 2.7569848e-05 3.759905e-05 0.055997152 0.35708925 7.0029655e-06 4.498759e-05 0.9830251 0.60092735 2.258646e-16 0.11508779 0.50819254 0.116296306 0.29197034 0.65931416 0.0014093526 0.0121387765 0.00048958353 0.82746285 0.7179658 0.020145806 0.27966565 0.0011004255 0.61623126 0.46253762 3.143965e-06 4.4418246e-07 8.6480695e-06 0.33654007 8.108501e-05 1.1817537e-08 0.003167489 0.12091256 2.2097447e-06 1.2794341e-06 0.0057869703 0.0019109028 1.7428876e-05 0.03757585 0.07168948 0.021694297 0.029839553 0.00047504497 0.000355427 7.372583e-08 1.1813127e-05 1.5179339e-07 1.3666859e-05 0.00010333454 0.0002294935 0.0022527857 3.777689e-05 8.310225e-08 0.00022031859 0.075153865 8.8124354e-05 0.00011214783 5.266278e-07 0.0020730877 4.0461426e-08 0.001119266 0.002240417 1.938954e-07 0.023244038 0.009332418 0.0016677763 2.3729731e-07 0.00035659614 7.439224e-07 0.004267258 3.5399726e-06 0.00084256026 3.001251e-08 7.0988824e-09 0.042354375 0.0012116403 7.881786e-05 0.014752257 0.00057162566 0.0011358777 0.0017359952 3.780487e-08 0.0072799674
0.023958487 0.00031907996 0.00027544764 9.779203e-06 0.00022213807 0.0075043277 0.008903557 0.0024686952 4.2627533e-05 4.2935895e-05 0.062532805 4.5597142e-05 0.18706904 0.55335504 0.0016114557 0.27607474 0.002524785 0.2819157 3.7786237e-06 4.2009397e-06 6.1186034e-07 0.03290474 0.07691798 1.3850501e-05 0.1628759 0.59466153 0.024150332 0.11508779 2.7057006e-16 0.02579888 0.9916738 0.89984965 0.60908973 1.3714933e-05 0.8555148 0.25947228 0.2676546 0.045530245 0.8331206 0.41708326 0.27188003 0.07231553 0.010171358 9.1045894e-07 2.4442246e-08 7.223779e-07 0.0033174574 5.1972453e-05 2.020059e-08 0.00022189056 0.038644187 7.585216e-06 7.6635587e-07 0.12903811 0.019703163 9.848052e-07 0.0024104652 0.00017684956 0.0026862398 0.0007357398 0.0063107833 9.3535615e-05 2.6395423e-08 3.9417933e-05 8.717234e-08 8.7507724e-05 0.0028364852 0.00024264927 0.000121746336 0.000102890066 1.4306643e-06 0.0016272549 0.0005728972 0.00062310055 0.000141435 3.7242248e-07 3.4278917e-05 1.5119417e-08 1.0232091e-05 3.529046e-05 3.4587013e-06 0.00032910754 0.0011977857 5.8973328e-05 5.601589e-07 0.001237376 4.6425994e-06 0.00024854307 1.342949e-05 5.4878987e-05 3.8934314e-08 5.0674547e-08 0.0005997957 0.00033187863 3.9525592e-05 0.0017304652 0.00034482233 1.2540637e-05 0.000525239 2.974319e-08 0.0042084446
0.7925541 0.0011141298 0.0030162642 0.00033349893 0.0015494298 0.021175768 0.02365097 0.0012417753 7.973884e-06 4.5267458e-05 0.015169175 0.00030739864 0.12706491 0.052208252 0.019474216 0.0015994231 0.03884168 0.5300856 0.00022778641 0.0010674989 0.0003952957 0.11211937 0.61557317 0.00030176426 2.4505138e-05 0.11662831 0.9884753 0.50819254 0.02579888 4.4501214e-15 0.02372281 0.043996464 0.07346181 0.06813861 0.003290718 0.00033433008 0.111850165 0.16023424 0.004613467 0.014089038 0.00020576412 0.088831834 0.8871858 5.8627396e-05 1.8034973e-07 4.1439413e-05 0.8235942 0.00020672909 3.3045032e-07 0.015246243 0.18583287 4.459765e-06 1.2469738e-05 0.005791139 0.00023318843 0.00022094035 0.03224725 0.12231985 0.11632919 0.07627077 0.00033901224 0.0024893652 2.2697658e-07 0.00012787717 6.8641434e-06 0.00050564803 0.00022182307 0.0004547756 0.018189976 8.065312e-05 5.0154364e-07 9.332854e-05 0.088106945 9.7153556e-05 4.5948316e-05 5.318722e-06 0.0072495523 1.4414155e-07 0.013283985 0.007194138 2.0664442e-07 0.015157526 0.0081555685 0.0056402637 1.0552628e-06 0.0002809374 3.2136882e-06 0.004860621 2.3765332e-07 0.0011571249 3.570482e-07 5.8039262e-09 0.021398902 0.0028658414 4.091954e-05 0.0080037275 0.0002803366 0.004202908 0.0007228462 3.903073e-07 0.007643275
0.049485534 1.880016e-05 6.670446e-06 1.0194254e-06 2.390588e-05 0.0031311868 0.005900225 0.00036481052 4.533892e-07 6.2338136e-06 0.019000908 1.9852257e-06 0.062781274 0.28091243 0.0010614977 0.023369921 0.0017542697 0.34079015 7.918809e-07 5.248296e-08 1.3590758e-07 0.048513528 0.12821257 1.16338526e-07 0.01939859 0.5813961 0.021664964 0.116296306 0.9916738 0.02372281 1.966977e-16 0.9685484 0.61346203 2.8170214e-05 0.6326289 0.07837148 0.23262629 0.02580105 0.8334284 0.6207261 0.2351027 0.065056875 0.007817803 4.4529052e-08 4.9163136e-09 3.7477506e-07 0.0019040119 7.923444e-06 2.342956e-08 4.1802883e-05 0.09534352 2.9098976e-06 9.442816e-08 0.1916826 0.033184998 1.0146574e-06 8.3038045e-05 2.7121974e-05 0.003493468 0.000232838 0.005605052 1.5241772e-05 6.4511534e-09 9.521643e-06 1.7527862e-08 2.3399207e-05 0.00023341116 0.00014131621 9.363937e-06 1.0996059e-05 2.0506972e-07 0.00039399875 6.1049075e-05 0.0025497589 2.6511994e-05 2.2341588e-07 3.8410135e-06 2.275458e-08 2.2264453e-06 3.5940064e-07 6.489686e-08 2.0065316e-05 0.0012281421 5.950355e-06 3.8886796e-07 0.0041693794 2.4739435e-07 3.903697e-06 2.493076e-07 7.0740766e-06 9.8404e-09 5.4108753e-09 0.0002262074 3.4205015e-05 4.4227463e-06 0.00044381668 4.3294564e-05 1.0047949e-06 0.00032009 4.1570587e-09 0.00039923316
