1.3763245e-29 0.9527188 0.95404416 0.7753732 0.81850743 0.98989356 0.9106069 0.9335144 0.9741677 0.93521607 0.97074044 0.9458139 0.7702011 0.87057275 0.91963416 0.90170527 0.7274802 0.739108 0.99688876 0.6825738 0.6436204 0.7479 0.7836501 0.9970989 0.83898675 0.6583755 0.75344425 0.4930122 0.06717973 0.9455084 0.58975625 0.811825 0.99836475 0.7752872 0.82465225 0.21716937 0.37073126 0.17719996 0.96068496 0.9913995 0.13654283 0.16795449 0.014355614 0.4944636 0.015502038 0.0870519 0.028189104 0.018105855 0.091790125 0.9962843 0.019468453 0.012887737 0.998812 0.0037912196 0.009019393 0.09877312 0.0065222834 0.0056384103 0.017690854 0.96733266 0.0079628695 0.004548084 0.14053696 0.9880054 0.013716544 0.0071190116 0.0058507565 0.0024150452 0.0026975882 0.006075834 0.04317809 0.0027980437 0.989027 0.18509766 0.17730156 0.0028323792 0.0013264078 0.0011740071 0.0015508137 0.0084238835 0.99977744 0.09044635 0.98257416 0.00084842136 0.9998778 0.016277889 9.955775e-06 0.0003704816 0.077848054 0.99739844 2.136883e-05 2.0282236e-05 3.6518228e-05 0.00022073986 1.6474353e-06 0.004748319 0.99977016 0.99992347 2.290112e-06 2.812335e-05 4.051576e-06
0.9527188 2.1704004e-19 0.9517978 0.88018745 0.10894472 0.51961255 0.06805489 0.29873863 0.05524232 0.13535713 0.21183865 0.029197454 0.1427714 0.1120381 0.049580187 0.06682594 0.115484454 0.016780805 0.55884475 0.03913775 0.032518465 0.14547607 0.014378446 0.1552803 0.000869887 0.019236218 0.016287183 0.03272535 0.042665735 0.052148066 0.0039238296 0.09004305 0.16524526 0.0035435702 0.0001439831 0.027979452 0.0020238832 0.00050064863 0.0140783135 0.025434023 0.0032109497 0.04880296 0.010306793 0.034768913 0.014172429 0.013747462 0.012050275 0.0118839145 0.017705344 0.018381068 0.010088724 0.006705386 0.071059264 0.0019797194 0.006029405 0.000103016624 0.0029919152 0.0012334546 0.00035031678 0.00041643204 0.0014882997 0.0008173051 2.264335e-05 0.006058961 0.00016154925 4.899553e-05 2.9168602e-06 0.00072373427 0.001019216 7.279696e-06 1.1082282e-05 0.00011294757 0.011548922 0.0001590524 0.00030979747 2.2792232e-05 0.0005912896 0.000352926 2.0900137e-05 1.1119839e-06 0.112600654 3.0166624e-05 0.017719734 0.00015092536 0.007393775 9.470951e-07 5.9130167e-07 2.6491168e-07 2.0687277e-05 0.021290569 7.8294825e-06 9.888034e-06 9.090304e-06 6.4945276e-08 5.324332e-07 2.502873e-06 0.011373448 0.0062588723 8.2207555e-07 3.9358374e-06 9.170372e-07
0.95404416 0.9517978 2.788039e-20 0.36380544 0.05028433 0.5924205 0.056526847 0.10570297 0.16875707 0.38493508 0.13816062 0.13879341 0.121130235 0.13197345 0.03857851 0.058001008 0.11685115 0.06338337 0.5174761 0.06691712 0.15853158 0.28542018 0.012672283 0.15347618 0.012866516 0.018152347 0.016004609 0.14623925 0.07726285 0.31145778 0.010577315 0.12258459 0.21534099 0.0046039186 0.0014077594 0.055307016 0.004744831 0.011838627 0.011888137 0.024885327 0.007698225 0.07268346 0.025631938 0.13487071 0.046948597 0.028341243 0.03502292 0.06058066 0.028177649 0.012069667 0.045528993 0.024829328 0.0589217 0.015342364 0.040451467 0.00022819736 0.003954394 0.0067474614 0.0007506475 0.00040938883 0.0038571984 0.004832678 7.4585616e-05 0.027257072 0.00033608655 0.0005189822 0.00015722188 0.00043874333 0.0020444344 5.1153962e-05 1.549398e-05 0.00029659664 0.027037213 0.0010334889 0.0017027914 7.147393e-05 0.0029311418 0.00045642495 2.080109e-05 2.433974e-06 0.03925842 0.00023869307 0.04742895 0.0005408962 0.0050833584 2.035361e-06 1.5587017e-06 1.1025803e-06 9.1287686e-05 0.020000225 2.2867216e-05 1.7266464e-05 6.6092995e-05 3.210418e-07 7.3022767e-07 3.563782e-06 0.011447858 0.009925473 3.0375327e-06 2.865594e-05 1.6377137e-06
0.7753732 0.88018745 0.36380544 1.2169922e-19 0.5145967 0.47160485 0.07006169 0.86938816 0.012007819 0.033244677 0.24655387 0.010108068 0.42726856 0.568047 0.18546575 0.21719752 0.11100313 0.007859894 0.38250917 0.18184888 0.008260428 0.07464534 0.08087866 0.1665119 9.738319e-06 0.07741022 0.04323073 0.0040564784 0.09860204 0.012787011 0.0015171308 0.016954526 0.1136938 0.00771963 1.9769044e-05 0.014433016 0.006377945 3.0095762e-05 0.020952884 0.026466858 0.012794519 0.04635347 0.025108164 0.0022696685 0.013512649 0.01453215 0.02603158 0.008356475 0.022865992 0.018539485 0.006152973 0.0056807394 0.04493342 0.0003943604 0.0012212265 0.0008177109 0.0028590688 0.001098933 0.0019040037 0.0008310397 0.000900221 0.00067939254 8.972082e-05 0.0032412512 0.0004924593 1.7024908e-05 1.2783852e-06 0.00047628864 0.00034532926 2.8594475e-06 3.7935813e-05 0.00012651253 0.0049022767 2.5797543e-05 0.0001681467 0.00019402332 4.073642e-05 7.833393e-05 9.71592e-05 1.2109666e-05 0.0927616 2.4031075e-05 0.012882515 1.602278e-05 0.006122165 3.5914763e-06 1.3489124e-05 1.3734821e-06 3.671609e-05 0.04306822 1.9279869e-05 1.6242819e-05 7.345921e-06 6.342392e-07 8.330384e-07 1.2891337e-05 0.009184938 0.0032497044 2.5692937e-06 1.7989925e-06 8.474065e-08
0.81850743 0.10894472 0.05028433 0.5145967 2.913651e-18 0.13637635 0.9573738 0.2093345 0.0033462325 0.0045991284 0.35603863 0.0041527185 0.048218377 0.7433943 0.018725125 0.12630777 0.014334614 0.003078124 0.24731283 0.05923289 0.0016657504 0.015663454 0.5724976 0.31333247 1.7771399e-06 0.19338879 0.11016083 0.00024873778 0.023827374 0.002867196 0.00037941255 0.003648925 0.120268025 0.070373334 7.342503e-06 0.0055865855 0.039840423 8.4985516e-07 0.060856726 0.08368985 0.038095582 0.026370382 0.009724589 0.00021632816 0.0043422366 0.005510763 0.01926274 0.0020838596 0.044552006 0.039642382 0.001216868 0.0011150555 0.06972045 0.00036184417 0.00023351045 0.015888063 0.0044177645 2.1879498e-05 0.0034931565 0.0027206338 0.00018243397 3.9935157e-06 0.0040969993 0.00073747046 0.0066192183 3.65541e-06 2.843973e-08 9.7845346e-05 8.868785e-06 1.8758403e-08 0.0027179227 0.0011425135 0.00084436696 3.8371545e-06 6.2551604e-05 0.00016589445 1.3693269e-06 8.914618e-06 7.4334166e-05 0.00030500934 0.09348553 1.3888986e-06 0.0018274847 1.5434642e-06 0.012613745 4.070388e-05 1.1697016e-06 2.2882768e-05 4.7579076e-07 0.029682174 6.206085e-07 9.880686e-07 3.365927e-07 8.205559e-07 1.9582845e-07 0.00010082948 0.005570843 0.0011708629 2.8464245e-07 7.5822174e-07 2.731392e-09
0.98989356 0.51961255 0.5924205 0.47160485 0.13637635 2.3697768e-17 0.10324387 0.045108143 0.7285808 0.58695066 0.16078435 0.7814494 0.018615002 0.033812873 0.008594685 0.0066417963 0.017476745 0.7003319 0.6223863 0.006964673 0.47665393 0.07643588 0.007830671 0.13247629 0.14274727 0.0041291486 0.0023214833 0.3062775 0.010493761 0.23423503 0.13899606 0.018866096 0.45455238 0.0012869166 0.10591406 0.005794799 0.0006351163 0.02785849 0.010015375 0.02108259 0.0003297862 0.0032300472 0.0009273167 0.018117677 0.0044008116 0.0009352679 0.00067521597 0.006087913 0.00083503214 0.0065833097 0.004058121 0.00075726287 0.45757127 0.012991739 0.030215157 0.0005765451 4.663742e-05 0.0018517943 4.730824e-05 0.00014325403 7.4105184e-05 0.0006944158 8.395288e-05 0.27646348 0.0001805806 0.0010860674 0.0013385434 7.600792e-06 2.0175648e-05 2.1928963e-05 3.8767863e-05 1.777629e-05 0.26993477 0.105766706 0.12992787 1.4812989e-06 2.9929328e-05 2.3573118e-06 1.248435e-05 5.9533177e-06 0.16217375 0.009735051 0.41146547 9.31806e-06 0.0033083928 8.606101e-06 6.0423275e-07 5.159713e-07 0.00538392 0.15772283 1.5352161e-05 4.836534e-06 3.6197776e-05 8.280444e-07 3.5550732e-07 9.459812e-07 0.21953341 0.17072402 1.5000454e-06 0.00013552338 8.015768e-07
0.9106069 0.06805489 0.056526847 0.07006169 0.9573738 0.10324387 1.1469719e-18 0.049240045 0.0044128736 0.009079515 0.8579916 0.0040412205 0.016557133 0.13224933 0.009113722 0.03859341 0.00548702 0.00383614 0.17947438 0.02858016 0.0025097283 0.0122412415 0.36463588 0.38391244 3.4731027e-06 0.059113726 0.03864863 0.00059988693 0.012973986 0.0029812588 0.00060761324 0.0025655671 0.18528058 0.04127539 3.698047e-06 0.0023651076 0.02502616 2.5267866e-06 0.13386805 0.2152417 0.02162174 0.005597358 0.0012977505 0.00010083236 0.001215969 0.0016695086 0.005022696 0.0006468142 0.023787886 0.03578549 0.00021965438 8.9606154e-05 0.08714805 7.190965e-05 5.8256763e-05 0.019064182 0.001235985 9.691153e-06 0.0026965772 0.0026751496 1.7165097e-05 1.7438842e-06 0.01802031 9.914251e-05 0.009866337 4.992766e-06 5.668414e-07 3.1617004e-05 2.1893202e-06 1.07817314e-07 0.0066784 0.00096182944 4.634625e-05 1.4213671e-05 9.181285e-05 0.00016806333 1.1103477e-06 5.6618087e-06 5.786893e-05 0.0008535871 0.17650427 1.1577925e-05 0.00085632177 2.3026387e-06 0.017212342 0.0002854579 3.9731126e-06 3.580961e-05 1.7944158e-06 0.027849713 3.6286099e-06 2.0542393e-06 4.5173947e-06 4.4589738e-06 2.0229689e-07 0.00026598416 0.0030697004 0.00059974595 1.4514147e-07 7.150033e-08 4.7647934e-08
0.9335144 0.29873863 0.10570297 0.86938816 0.2093345 0.045108143 0.049240045 9.5707517e-17 0.00035474313 0.0009537367 0.09171088 0.0010385277 0.75733125 0.6644361 0.6259221 0.6116045 0.44212395 0.0007365549 0.088530526 0.41929972 0.00012870658 0.07647237 0.04528968 0.07390384 1.2266078e-07 0.089865685 0.080142565 6.0255188e-05 0.164846 0.005482041 9.308827e-05 0.048746966 0.019055517 0.01386268 8.936243e-07 0.0450705 0.006824472 3.7554926e-07 0.0043312903 0.005013742 0.010160384 0.20269114 0.09826527 0.003201167 0.020099316 0.107531115 0.10091276 0.00854081 0.12531503 0.004742468 0.007094379 0.03856543 0.0054576667 6.065722e-05 0.00014307434 0.00029487535 0.035758927 0.00037389953 0.004110335 0.00047890804 0.025006669 0.0007607921 1.7973263e-05 3.8802445e-05 0.0001494236 2.5602462e-06 1.5774987e-07 0.010899227 0.013047502 5.0567864e-06 1.1330235e-05 0.000121469755 0.0002526129 4.0978745e-07 1.126129e-05 0.00073459215 0.0004887038 0.004534541 0.00015654248 3.840717e-06 0.01210311 7.4508756e-07 0.00016612244 0.00016107313 0.0019399457 7.7700827e-07 2.0567006e-05 7.2747235e-07 1.2344464e-06 0.0034155229 0.000510908 0.0003816031 0.0002462423 1.7487096e-07 2.3294448e-05 1.5327672e-05 0.0018807045 0.0009234104 5.5000914e-05 4.8796956e-06 7.7392735e-07
0.9741677 0.05524232 0.16875707 0.012007819 0.0033462325 0.7285808 0.0044128736 0.00035474313 8.188043e-18 0.90647805 0.0033015013 0.768105 0.00017070847 0.0002443281 4.5209606e-05 2.0037933e-05 0.00028436206 0.35114893 0.16457024 0.00011655402 0.42433545 0.016657678 8.4561725e-05 0.011834717 0.28044102 1.9618268e-05 3.1399795e-06 0.27516553 0.0024641147 0.26864868 0.036504164 0.01025408 0.025101298 4.5246784e-07 0.02009034 0.00103195 6.1252126e-07 0.07736957 0.0006145388 0.0008740206 1.0983373e-06 0.00054500444 0.00027621575 0.08525802 0.002446912 0.00035415223 7.4033065e-05 0.008410266 0.0002033159 0.00011126363 0.0077520204 0.0006703215 0.038061835 0.009131991 0.02504578 3.4508662e-06 9.570477e-06 0.008944557 2.4687245e-06 1.4292106e-06 1.6968937e-05 0.002917407 6.401421e-07 0.033419646 3.2553646e-06 0.0026658936 0.0011122586 1.17447835e-05 4.3670887e-05 0.003093042 5.4430575e-07 3.9141796e-06 0.03563359 0.002616262 0.0017977242 7.3531925e-07 0.00013288742 7.064907e-06 4.4763233e-06 2.5698693e-08 0.00331326 0.00038474242 0.021676848 9.880611e-05 0.00044255544 3.6550293e-08 5.8425115e-07 3.86095e-09 0.00060066266 0.015544474 5.570218e-07 1.994034e-06 2.0620691e-06 4.1790402e-09 2.482479e-06 1.4913786e-06 0.014980128 0.014909314 8.973622e-07 6.0719325e-05 1.6809537e-06
0.93521607 0.13535713 0.38493508 0.033244677 0.0045991284 0.58695066 0.009079515 0.0009537367 0.90647805 1.6169609e-16 0.0033133267 0.62043595 0.0006984606 0.0013234763 0.00012007806 0.00013945925 0.0009652625 0.47853538 0.12937373 0.00051481155 0.56197214 0.031007031 0.00023416587 0.005252062 0.2859457 0.00013366937 3.6851496e-05 0.5318335 0.0065974765 0.45739132 0.046077367 0.016600676 0.01784202 4.9637347e-06 0.015750214 0.0033495259 4.225631e-06 0.1285476 0.00031528706 0.0006206574 7.966184e-06 0.0025833107 0.00091745076 0.15959208 0.010621099 0.0016440115 0.0002786294 0.02894808 0.00040653214 8.491503e-05 0.026486862 0.0023087992 0.016469022 0.021066627 0.043194026 1.9832078e-05 5.2323616e-05 0.032454997 1.5353538e-05 7.6958196e-07 9.394129e-05 0.011485635 1.5503092e-06 0.032494716 2.8030649e-05 0.002912059 0.0017352701 3.823291e-05 0.00015295044 0.0024241798 2.759119e-06 2.3380091e-05 0.015693488 0.0012392733 0.0014267301 8.525587e-06 0.00038859437 1.086073e-05 4.197394e-05 1.6019357e-07 0.0008963099 0.00022867796 0.012437227 0.00030504196 0.00018954885 3.456998e-07 1.6510758e-05 5.6024465e-08 0.00031110967 0.008715336 6.4717638e-06 1.07421665e-05 2.8947532e-05 4.7962327e-08 1.5280226e-05 4.2440315e-06 0.005586239 0.0039546913 2.1808514e-06 8.664402e-05 1.1939765e-05
0.97074044 0.21183865 0.13816062 0.24655387 0.35603863 0.16078435 0.8579916 0.09171088 0.0033015013 0.0033133267 1.4985208e-18 0.0015422645 0.026814753 0.2504356 0.012769133 0.054609668 0.010399361 0.00051860267 0.4935796 0.060878444 4.188996e-05 0.017486833 0.30694184 0.85301036 7.820819e-06 0.15490897 0.12466119 0.00010824534 0.01737698 0.002650201 0.0001264556 0.005221413 0.6097742 0.0757701 6.296526e-06 0.0015279629 0.04856284 6.5444106e-06 0.22962071 0.28294867 0.04643218 0.0030928927 0.0014195491 0.00011877196 0.0011745725 0.0015452339 0.0047227396 0.00031115033 0.023026684 0.036726598 0.00010479029 0.00016590458 0.1413854 1.6316719e-05 3.5389516e-05 0.023503335 0.0011432513 5.279566e-06 0.0019412088 0.0059771664 5.939331e-05 9.39999e-07 0.02088877 5.663367e-05 0.006104544 8.9944166e-07 6.573265e-08 3.2806358e-05 7.2124726e-06 1.7603915e-08 0.0041645113 0.0010416408 0.00011260287 1.6384394e-05 4.3884644e-05 6.600329e-05 8.393422e-07 6.8963736e-06 2.0578642e-05 0.00029214483 0.22336134 4.1159083e-06 0.0010314306 3.9714965e-07 0.023734465 3.328687e-05 1.6129877e-06 1.7226053e-05 2.7896962e-05 0.1351436 1.3268025e-06 1.5231462e-06 1.6896665e-06 1.0182915e-06 1.8754397e-06 2.5503182e-06 0.021540292 0.0034678108 6.732955e-07 9.006451e-07 2.5070701e-08
0.9458139 0.029197454 0.13879341 0.010108068 0.0041527185 0.7814494 0.0040412205 0.0010385277 0.768105 0.62043595 0.0015422645 3.2555372e-18 0.00028698784 0.0012945948 4.9929255e-05 7.779114e-05 0.00015988489 0.90158147 0.034000915 8.02064e-05 0.6826778 0.0049481257 0.00044762105 0.00340089 0.4069433 6.793669e-05 3.5651774e-05 0.27068657 0.0018267989 0.108504824 0.27386966 0.0007207326 0.013775272 1.46066295e-05 0.06442002 0.0002791398 3.112659e-05 0.091436364 0.00039259373 0.0019123183 2.9196366e-05 0.00028779745 0.00018251 0.0066087632 0.0018572521 0.00011326373 0.00014203542 0.0031004117 0.00014571838 9.486915e-05 0.0022234768 0.0004145256 0.030223977 0.026263978 0.05325346 8.8302964e-05 0.00010300915 0.0037440697 7.5924494e-05 8.1557926e-07 5.292166e-05 0.0019899923 8.569157e-06 0.08770872 0.00026338952 0.0037603243 0.0034277528 7.626296e-05 2.3870229e-05 0.000303601 4.3381006e-06 6.530007e-05 0.07773914 0.022984304 0.019376013 1.357401e-05 2.8906154e-05 5.1196835e-06 4.5498666e-05 1.8399198e-06 0.0048352545 0.0024852427 0.09324069 5.775728e-05 0.00019878062 4.254073e-06 4.534076e-06 7.267615e-07 0.001944059 0.056952417 4.789432e-06 4.5228085e-06 1.3691906e-05 1.0181449e-06 2.0919056e-07 1.2006396e-06 0.024621652 0.020104166 1.2967574e-07 9.678236e-05 1.1896176e-05
0.7702011 0.1427714 0.121130235 0.42726856 0.048218377 0.018615002 0.016557133 0.75733125 0.00017070847 0.0006984606 0.026814753 0.00028698784 1.2423309e-19 0.27907768 0.89425635 0.58623385 0.7938956 0.00011435975 0.03030252 0.62478805 2.4304702e-05 0.21535182 0.007664057 0.03612031 8.499738e-08 0.0412692 0.05044788 5.403889e-05 0.5106687 0.0038973195 2.2838816e-05 0.10634171 0.004406788 0.005665069 6.822795e-07 0.080186106 0.002481018 4.0470746e-07 0.0017838286 0.0010117909 0.0021259303 0.28156382 0.18012035 0.005179927 0.027322676 0.13603228 0.18151061 0.009108825 0.15331626 0.0014955746 0.0096225515 0.06727254 0.00022405526 7.4361283e-06 6.703292e-05 7.611147e-05 0.048263997 0.00014627463 0.0018085379 5.4297496e-05 0.040880483 0.00040111004 3.2099083e-06 1.8969134e-06 4.5795292e-05 4.31319e-07 6.564106e-08 0.022406356 0.028581163 2.4004698e-06 1.3697579e-06 2.0790818e-05 0.00011291537 8.296352e-08 1.392206e-06 0.00047494806 0.002986035 0.0151094515 3.7871974e-05 1.5882943e-06 0.0016384536 1.7786203e-08 5.372774e-05 0.00012183544 0.0003845368 3.0738087e-07 4.3123077e-06 1.14616704e-07 1.6095741e-07 0.0005738181 0.0010282302 0.0006228617 0.0001269613 4.7556142e-08 6.875786e-06 2.0960897e-05 0.00070760667 0.00031248853 3.1102467e-05 8.088362e-06 5.637195e-07
0.87057275 0.1120381 0.13197345 0.568047 0.7433943 0.033812873 0.13224933 0.6644361 0.0002443281 0.0013234763 0.2504356 0.0012945948 0.27907768 4.3038323e-17 0.11933767 0.7713105 0.034515355 0.00027795343 0.10038433 0.61717343 9.1012385e-05 0.015426257 0.8730274 0.21642315 1.4397312e-07 0.8291242 0.69613487 5.3211545e-05 0.07235489 0.004149949 7.130637e-05 0.0043075755 0.025983542 0.2793606 1.4754e-06 0.006930408 0.1272998 2.7113492e-07 0.0325388 0.035659716 0.15035085 0.04024646 0.031273082 0.00045241826 0.008848688 0.015104972 0.050208513 0.0045299316 0.0952968 0.020628346 0.0027940345 0.0037245306 0.0033347274 1.2818186e-05 3.239476e-05 0.009842125 0.014102037 0.00034720066 0.013840574 0.0031191 0.0039795553 0.0001795537 0.00031232584 4.1129246e-05 0.0028787912 2.5803854e-06 4.4206445e-07 0.0020135553 0.00084258604 9.651635e-07 0.00019385207 0.0013275151 0.00022690314 1.6419831e-06 1.0764441e-05 0.0013826805 6.441963e-05 0.00072846585 0.00070847064 7.092575e-05 0.030892273 4.774091e-06 0.00012887227 4.21775e-05 0.0066032736 2.0133304e-05 2.2937635e-05 1.1420231e-05 1.5112073e-05 0.004780324 6.6752225e-05 2.9190407e-05 3.478159e-05 5.134335e-07 2.2414606e-06 8.17233e-05 0.0034849425 0.00084067456 8.175849e-06 8.060944e-07 7.7253695e-08
0.91963416 0.049580187 0.03857851 0.18546575 0.018725125 0.008594685 0.009113722 0.6259221 4.5209606e-05 0.00012007806 0.012769133 4.9929255e-05 0.89425635 0.11933767 1.7889488e-20 0.58047694 0.86938864 2.3819268e-05 0.010470669 0.6608699 1.6644545e-06 0.1641218 0.007040171 0.023468126 2.3751499e-08 0.034539808 0.055326246 4.652962e-06 0.6274088 0.006756575 2.9141354e-06 0.15356788 0.0027083026 0.010855668 4.9887274e-07 0.13587767 0.006714892 3.5545288e-08 0.0016132178 0.00063864456 0.004131675 0.4372316 0.3283702 0.007878466 0.041674506 0.3879553 0.31514415 0.014946088 0.2908865 0.0012868547 0.016666403 0.14623807 0.00016689496 4.365105e-06 0.00010096207 8.4861684e-05 0.10893127 0.00032354606 0.007269159 0.00013510695 0.13960357 0.001013363 8.823537e-07 8.775569e-07 3.331914e-05 2.0956638e-07 1.5034553e-08 0.084268495 0.14027388 1.2159683e-05 6.80995e-07 1.9248086e-05 0.00010828592 1.9207787e-08 4.9681836e-07 0.004010618 0.018582085 0.07670465 0.00013611675 9.750521e-08 0.0013442745 1.0158423e-08 5.874431e-05 0.0009718081 0.00070584123 2.6835025e-07 2.9756513e-05 3.7808043e-08 1.6907084e-07 0.00049533334 0.008377725 0.006720873 0.0007490268 1.8806299e-08 3.291105e-05 8.3405075e-06 0.000551056 0.00032134523 0.00036459902 4.7486583e-06 8.6750345e-07
0.90170527 0.06682594 0.058001008 0.21719752 0.12630777 0.0066417963 0.03859341 0.6116045 2.0037933e-05 0.00013945925 0.054609668 7.779114e-05 0.58623385 0.7713105 0.58047694 4.825581e-18 0.31190345 4.3936278e-05 0.030386439 0.88090354 1.7342352e-06 0.06711944 0.08760525 0.062795356 2.855556e-08 0.51705915 0.6146993 5.6006893e-06 0.2650336 0.004776362 6.3608704e-06 0.06713596 0.0056331623 0.18681915 2.0225178e-07 0.05434013 0.11386283 9.782299e-08 0.004598436 0.0025230702 0.12230755 0.34525788 0.2319802 0.006766677 0.026837923 0.26268977 0.3682611 0.007510503 0.47306964 0.004779239 0.0065420964 0.065911844 0.0002921858 1.8779577e-06 2.1242975e-05 0.001224127 0.15661334 0.00059184193 0.033456862 0.0006814353 0.09319007 0.0011284503 2.6182912e-05 5.0890725e-07 0.000414929 4.09528e-07 6.323292e-08 0.0626485 0.04513549 8.6517075e-06 8.850848e-06 0.000117979565 5.460486e-05 2.0656413e-08 9.781577e-07 0.015405593 0.0038605032 0.03219996 0.00050258 6.4372252e-06 0.0038187706 2.715457e-08 1.3144507e-05 0.00050053385 0.0015228799 2.2598724e-06 6.667626e-05 1.161623e-06 3.9983493e-07 0.00093559973 0.0017164102 0.001577185 0.0005423237 2.3854616e-07 3.357534e-05 0.00013904333 0.0009338543 0.0002501358 0.00017330234 8.277196e-06 1.9516108e-06
0.7274802 0.115484454 0.11685115 0.11100313 0.014334614 0.017476745 0.00548702 0.44212395 0.00028436206 0.0009652625 0.010399361 0.00015988489 0.7938956 0.034515355 0.86938864 0.31190345 5.346257e-20 7.820002e-05 0.015311756 0.5060806 1.702439e-05 0.9041993 0.0011561839 0.017780166 3.0328334e-07 0.007624351 0.012565983 4.8118767e-05 0.8586099 0.012584067 9.868873e-06 0.40938914 0.0020799 0.00069554726 5.3759715e-07 0.35803753 0.00039711676 5.459902e-07 0.0006436274 0.00038425677 0.00047637857 0.51076776 0.37625086 0.024699686 0.10529098 0.35120663 0.3205117 0.037250146 0.1587608 0.0004921064 0.03820939 0.23156649 7.081383e-05 1.729382e-05 0.00022331142 2.7240854e-05 0.08787513 0.0007873732 0.0009032842 3.841305e-05 0.14096262 0.0025303653 3.0032484e-07 3.8070577e-06 1.723141e-05 6.792003e-07 6.364322e-08 0.06782528 0.14209515 1.1804309e-05 1.565824e-07 1.236529e-05 0.00019226153 9.697438e-08 1.5486439e-06 0.00059445103 0.030585656 0.07438223 3.901998e-05 6.1405274e-08 0.00049139943 5.6132286e-08 6.0197643e-05 0.0036176452 0.0004394904 9.230832e-08 5.9979907e-06 2.1017673e-08 4.5384388e-07 0.00032576942 0.012729095 0.007200384 0.002403416 1.3808119e-08 8.942104e-06 3.4069371e-06 0.0003574877 0.0003056654 0.00025075537 2.4998091e-05 4.7097724e-06
0.739108 0.016780805 0.06338337 0.007859894 0.003078124 0.7003319 0.00383614 0.0007365549 0.35114893 0.47853538 0.00051860267 0.90158147 0.00011435975 0.00027795343 2.3819268e-05 4.3936278e-05 7.820002e-05 8.5759837e-19 0.010179965 2.7624326e-05 0.90437055 0.0013780291 9.575329e-05 0.0019722215 0.5316583 7.234109e-06 1.5655793e-05 0.28951377 0.00032526435 0.050406694 0.72105473 0.00012465511 0.005828366 5.327855e-06 0.26823726 5.5568427e-05 8.391202e-06 0.13822088 4.946427e-05 0.00057863194 5.363413e-06 6.96035e-05 2.542354e-05 0.001665984 0.00040112514 4.5161e-05 5.7704703e-05 0.0012189227 7.4263946e-05 2.1901137e-06 0.0008403955 0.00011217682 0.02089552 0.055434145 0.05223008 6.4086045e-05 2.2410257e-05 0.0018788598 7.778822e-06 3.704934e-08 2.0995507e-05 0.0008935669 9.358161e-06 0.19377992 0.00010484707 0.0071834195 0.0052348175 1.3955445e-05 1.735078e-05 6.713009e-05 4.5152382e-07 0.00010149564 0.07152643 0.039963394 0.047589127 3.5828314e-06 2.532979e-05 3.565723e-06 7.602677e-06 2.4453207e-06 0.0006261556 0.0062323073 0.09022182 5.2096617e-05 2.1255031e-05 1.8959189e-06 1.0440245e-06 1.2331874e-06 0.008405431 0.03339415 4.526524e-06 2.2183322e-06 6.7062483e-06 2.7679189e-06 1.5153889e-08 2.8925413e-08 0.009695434 0.013376655 5.0221516e-09 0.00024890696 1.8481236e-06
0.99688876 0.55884475 0.5174761 0.38250917 0.24731283 0.6223863 0.17947438 0.088530526 0.16457024 0.12937373 0.4935796 0.034000915 0.03030252 0.10038433 0.010470669 0.030386439 0.015311756 0.010179965 1.6176687e-18 0.021944957 0.0053744935 0.04816646 0.024858845 0.23148718 0.0059088147 0.014155814 0.012306105 0.015014375 0.0072324956 0.013418288 0.004441889 0.006103967 0.49937582 0.0061414423 0.0017969512 0.0016133148 0.0043142624 0.0019232994 0.028333686 0.02630668 0.0027603088 0.00058429915 0.00021275366 0.001085883 0.00049958384 0.0010046058 0.0005571573 0.0003941842 0.0029827731 0.006306325 0.00033834027 0.00031039366 0.36978254 0.0010318506 0.003891958 0.0003126772 0.0010222839 0.00070618023 0.0015527545 0.00069777196 0.0004900149 0.0005311187 0.0012754303 0.0099603385 0.00010773473 0.00012923127 0.000105953666 0.00037674527 0.00034523776 0.0002205183 0.00023461852 2.9669549e-05 0.03292633 0.0043679327 0.0035367687 0.0004987349 0.00022805225 0.00033536728 0.000670078 3.823736e-05 0.1777269 0.00082871283 0.06653924 0.0003173683 0.010481639 3.679583e-05 3.8456965e-05 6.18483e-06 0.003448559 0.2310878 0.0005246823 0.0005637381 0.0012220776 3.3073895e-06 2.543266e-05 7.303927e-05 0.19305785 0.10026239 0.00034975313 0.00020247072 0.00042640587
0.6825738 0.03913775 0.06691712 0.18184888 0.05923289 0.006964673 0.02858016 0.41929972 0.00011655402 0.00051481155 0.060878444 8.02064e-05 0.62478805 0.61717343 0.6608699 0.88090354 0.5060806 2.7624326e-05 0.021944957 7.1371825e-20 5.562369e-06 0.092016794 0.034497023 0.04826952 1.3835663e-07 0.43718624 0.6478824 3.6439254e-05 0.5493781 0.0032453001 1.1304125e-05 0.020916084 0.0041560684 0.14073956 5.0812207e-07 0.047066543 0.097944565 2.2421182e-07 0.0023080923 0.0027507292 0.08736438 0.3760069 0.3021981 0.001765694 0.03833802 0.20230019 0.51297504 0.010636617 0.55242276 0.0036658586 0.008692944 0.085775204 0.000107395914 2.7435856e-06 1.2636163e-05 0.0008495218 0.18960172 0.0007790076 0.039578386 0.00031050766 0.11233364 0.0018654754 1.8423e-05 1.1843724e-06 0.00038661843 5.827526e-07 1.4102883e-07 0.06600804 0.04778724 5.5824516e-06 3.8189123e-06 8.378029e-05 0.00010048227 1.2943187e-07 7.002167e-07 0.01370971 0.00541275 0.029579252 0.0005764011 2.0696245e-06 0.00078800874 3.6758983e-08 1.2210069e-05 0.0004705523 0.0007261076 1.2670125e-06 0.00013061638 2.7791114e-07 2.8054743e-07 0.000289351 0.0028611633 0.0012748046 0.0004345608 1.1475046e-07 2.0196901e-05 5.1596093e-05 0.0005399397 0.00032967897 8.291516e-05 8.429171e-06 2.7281812e-06
0.6436204 0.032518465 0.15853158 0.008260428 0.0016657504 0.47665393 0.0025097283 0.00012870658 0.42433545 0.56197214 4.188996e-05 0.6826778 2.4304702e-05 9.1012385e-05 1.6644545e-06 1.7342352e-06 1.702439e-05 0.90437055 0.0053744935 5.562369e-06 5.7494283e-21 0.001964154 1.1100369e-05 0.0006251475 0.88248986 1.2320977e-06 9.1247904e-07 0.6098047 0.00064804876 0.1527952 0.41630718 0.00010621458 0.0019453723 2.2965804e-07 0.12198531 4.9567356e-05 5.8643883e-07 0.44552594 5.7469724e-06 8.004807e-05 4.1561708e-07 2.3209452e-05 2.4326453e-05 0.005570471 0.0010117374 8.667769e-06 2.7040296e-06 0.003075315 4.6970827e-06 4.9452007e-07 0.0022067428 5.8304675e-05 0.00355052 0.16368772 0.19083452 2.6759737e-05 8.762903e-06 0.0038392378 2.8579589e-06 2.0947754e-08 3.7121104e-06 0.0010806799 4.951633e-07 0.14601396 3.3792297e-05 0.011639241 0.0075330273 8.566551e-06 1.2216348e-05 0.00010184179 2.538589e-07 3.2313224e-06 0.03287583 0.03159557 0.019308262 1.2787009e-06 5.103551e-05 3.827557e-06 1.5483618e-06 2.0170721e-07 0.00034047433 0.0025506879 0.037577935 0.00011317638 1.3761103e-05 1.1793051e-06 1.3490493e-06 8.083511e-08 0.0029960626 0.004606422 3.5216244e-06 3.1365619e-06 3.4345553e-06 1.6523106e-07 1.6470958e-08 5.7109403e-08 0.004865813 0.005387554 4.1163375e-09 5.6568897e-05 1.161529e-06
0.7479 0.14547607 0.28542018 0.07464534 0.015663454 0.07643588 0.0122412415 0.07647237 0.016657678 0.031007031 0.017486833 0.0049481257 0.21535182 0.015426257 0.1641218 0.06711944 0.9041993 0.0013780291 0.04816646 0.092016794 0.001964154 2.0422353e-18 0.0013332277 0.02479128 0.000111520596 0.0034311623 0.004008456 0.004273182 0.6419418 0.19781755 0.00057147903 0.82473224 0.004932901 0.0009790999 1.0595643e-05 0.6135238 0.0005340124 0.0002549348 0.00095853297 0.00069155195 0.0004894314 0.34509584 0.21312697 0.25246862 0.36339685 0.19179882 0.17775093 0.24765426 0.037875637 0.0012951733 0.1781514 0.25147355 0.0003015971 0.00028218306 0.0019492918 5.1183928e-05 0.03213602 0.009631738 0.00097333983 4.96546e-05 0.05912097 0.013063127 9.05661e-06 0.0002874587 7.4524105e-05 1.9593532e-05 2.1763937e-05 0.010142034 0.050484084 0.000110002715 5.0265526e-06 2.8024206e-05 0.00175167 2.4405179e-05 0.00011882361 0.00028780763 0.03504079 0.016684517 3.698398e-05 7.8319056e-07 0.00074714294 2.6015787e-06 0.0005915499 0.005183683 0.00060675974 5.0222184e-07 2.7385222e-06 1.6678572e-07 7.4720706e-06 0.00027140902 0.002541563 0.0012153551 0.0008412078 5.5096898e-08 3.4011005e-06 3.2740395e-06 0.0006041037 0.000845088 3.897903e-05 4.7859e-05 2.215424e-05
0.7836501 0.014378446 0.012672283 0.08087866 0.5724976 0.007830671 0.36463588 0.04528968 8.4561725e-05 0.00023416587 0.30694184 0.00044762105 0.007664057 0.8730274 0.007040171 0.08760525 0.0011561839 9.575329e-05 0.024858845 0.034497023 1.1100369e-05 0.0013332277 3.1820677e-16 0.36070696 3.7949142e-08 0.77938485 0.48027182 6.445155e-06 0.008724547 0.0010147983 4.2192303e-05 0.00021217152 0.022218633 0.6715883 3.426708e-07 0.0001185419 0.31253517 1.4075351e-07 0.49640417 0.33822995 0.3675292 0.0017207264 0.0015957268 3.0781885e-05 0.0010761434 0.0005722791 0.009671741 0.00036124373 0.0670866 0.22437495 0.00022474713 0.00037053102 0.0008538245 3.0499157e-06 3.5779622e-06 0.39027333 0.0053922418 2.731304e-05 0.01677562 0.012347421 0.0004208256 9.158693e-06 0.021059198 1.5603182e-06 0.054738116 7.760071e-07 3.0389336e-07 0.0002108694 6.449906e-05 2.1096201e-07 0.0059926254 0.013449471 2.4642448e-05 1.6307456e-06 4.3229147e-06 0.0026097929 2.5674638e-06 4.22041e-05 0.003944804 0.001451179 0.027731396 1.2562357e-06 3.453375e-06 9.749163e-06 0.015386865 0.0007827535 5.289467e-05 0.0006576291 8.4165076e-05 0.00055107946 3.8343164e-06 7.3434417e-06 2.7427823e-06 5.4084e-05 1.9749607e-06 0.0011386871 0.0010501033 0.00048616913 4.257171e-07 1.2289237e-07 1.6148347e-08
0.9970989 0.1552803 0.15347618 0.1665119 0.31333247 0.13247629 0.38391244 0.07390384 0.011834717 0.005252062 0.85301036 0.00340089 0.03612031 0.21642315 0.023468126 0.062795356 0.017780166 0.0019722215 0.23148718 0.04826952 0.0006251475 0.02479128 0.36070696 2.1251203e-18 0.00046863733 0.12563568 0.12368051 0.00054721633 0.008020936 0.008265069 0.00022133705 0.008792571 0.46811444 0.08094417 5.2068553e-05 0.0027013316 0.055746976 0.00016759869 0.25508228 0.18626742 0.0425712 0.0024243612 0.00096724456 0.0020518 0.00047281024 0.0025173847 0.0017053167 0.00025647305 0.018741723 0.04843322 0.00014200805 0.0002154971 0.12794393 5.190881e-05 0.0004892384 0.02398648 0.0015691323 0.00015179158 0.006271829 0.005958377 0.0008341073 0.00015358232 0.020619169 0.00016337843 0.004962045 2.8014774e-05 5.3421004e-06 0.00051826326 0.0008403338 1.2778775e-05 0.004381086 0.001173176 0.0004599554 0.00015676866 0.00024790794 0.0012781207 0.0004018065 0.0005960362 0.00033831818 0.0004719133 0.373259 6.373479e-05 0.0024010758 0.000101763144 0.03428681 0.000347074 6.106333e-05 8.597369e-05 0.00032968022 0.19328775 0.00057308335 0.00053074554 0.00048786672 2.4855008e-05 0.00013292824 0.00038712632 0.13237655 0.016950533 0.0003650914 5.3791267e-05 1.9283878e-05
0.83898675 0.000869887 0.012866516 9.738319e-06 1.7771399e-06 0.14274727 3.4731027e-06 1.2266078e-07 0.28044102 0.2859457 7.820819e-06 0.4069433 8.499738e-08 1.4397312e-07 2.3751499e-08 2.855556e-08 3.0328334e-07 0.5316583 0.0059088147 1.3835663e-07 0.88248986 0.000111520596 3.7949142e-08 0.00046863733 2.6361316e-19 1.6445846e-08 2.1652813e-08 0.89687365 7.1450168e-06 0.19543742 0.32930014 2.1129285e-05 0.000760061 6.1587637e-09 0.33395702 7.5040947e-07 7.706749e-09 0.94799346 7.153086e-07 2.5130416e-07 7.535821e-09 2.4527841e-07 4.9540176e-07 0.0069218483 5.6633995e-05 1.585084e-07 2.6595612e-07 0.00062417885 3.066173e-07 4.7841635e-08 0.0006953572 4.943482e-06 0.0008979534 0.26612645 0.26173377 1.10115906e-07 9.1065874e-07 0.013865973 3.131899e-08 7.084399e-08 5.827137e-07 0.001229203 2.7462503e-08 0.17105341 1.6436901e-07 0.06454629 0.049720887 3.1478638e-07 4.9644564e-07 0.0047491095 2.3084496e-08 8.509467e-07 0.046059616 0.036690462 0.025055995 8.238464e-08 1.0041623e-05 1.4060231e-07 5.147295e-08 1.9764018e-08 0.00012517738 0.0027944143 0.026382752 1.7140152e-05 2.509404e-05 9.7684785e-09 1.7803094e-07 1.723891e-08 0.0037564642 0.0022040675 1.7754384e-07 5.6531303e-07 6.765782e-07 2.1787734e-09 9.8984785e-08 1.9513551e-07 0.0021737192 0.0072599617 5.9079575e-08 0.00044344165 3.6576937e-06
0.6583755 0.019236218 0.018152347 0.07741022 0.19338879 0.0041291486 0.059113726 0.089865685 1.9618268e-05 0.00013366937 0.15490897 6.793669e-05 0.0412692 0.8291242 0.034539808 0.51705915 0.007624351 7.234109e-06 0.014155814 0.43718624 1.2320977e-06 0.0034311623 0.77938485 0.12563568 1.6445846e-08 5.49021e-19 0.92131233 1.6458476e-06 0.025290994 0.0011179396 1.289382e-05 0.00034423187 0.0046264646 0.7684793 1.633386e-07 0.0003962648 0.50841963 2.895119e-08 0.025072964 0.012397704 0.49260285 0.007973725 0.007567071 9.51995e-05 0.0011288163 0.0034926566 0.029816885 0.00055357063 0.19531326 0.021997048 0.0003469327 0.0007152401 0.000114237555 3.8232065e-07 3.6611104e-06 0.025337376 0.016309502 0.000103735714 0.040088464 0.003850855 0.0025190155 2.9067178e-05 0.00029121715 5.5602135e-07 0.0031896082 3.3383128e-07 7.329945e-08 0.0012649903 0.0005685821 5.5285014e-08 8.313615e-05 0.00083839905 2.8887222e-05 7.848642e-08 2.2964227e-07 0.006538781 4.060184e-05 0.0003613631 0.0018767441 6.995833e-05 0.0050848424 1.6592006e-08 5.8745964e-06 3.7950285e-05 0.0062707406 3.3375363e-05 9.499182e-05 6.049267e-06 8.295968e-07 0.00034354138 2.3834764e-05 1.862227e-05 2.953341e-06 2.1901324e-06 2.2034505e-06 0.00015342262 0.00089662924 0.00039169803 1.8629312e-06 1.1515147e-07 1.836658e-07
0.75344425 0.016287183 0.016004609 0.04323073 0.11016083 0.0023214833 0.03864863 0.080142565 3.1399795e-06 3.6851496e-05 0.12466119 3.5651774e-05 0.05044788 0.69613487 0.055326246 0.6146993 0.012565983 1.5655793e-05 0.012306105 0.6478824 9.1247904e-07 0.004008456 0.48027182 0.12368051 2.1652813e-08 0.92131233 2.7500368e-18 2.826607e-07 0.04151577 0.0013009085 5.5683245e-06 0.00040623662 0.003959067 0.8693707 1.448268e-07 0.000662385 0.7280729 3.7738662e-08 0.014430683 0.011805605 0.6614887 0.023628255 0.021214327 0.00024293244 0.0012341564 0.02189673 0.117618 0.00058302056 0.50220096 0.02413348 0.00049129355 0.002868204 0.0002230498 9.066292e-07 2.5426489e-06 0.027107127 0.110771455 0.00020924797 0.22381343 0.0039550876 0.01924064 9.52897e-05 0.00016411144 3.0457028e-07 0.0020802796 4.225516e-07 1.0468345e-07 0.019748794 0.005865321 1.0524909e-06 1.7638038e-05 0.0005569456 0.000170345 4.4426567e-08 2.0679406e-07 0.05615086 0.000992825 0.005409112 0.006191644 8.965535e-06 0.005265121 1.0572562e-08 6.9604193e-06 0.0002894178 0.0051389746 4.053342e-06 0.00030003072 1.7666159e-06 5.956313e-07 0.0013967381 0.0002792833 0.00033437664 6.854655e-05 1.6298625e-06 3.1812087e-05 0.00041320652 0.0013826772 0.0006856833 1.4117847e-05 2.1441513e-06 1.4715947e-06
0.4930122 0.03272535 0.14623925 0.0040564784 0.00024873778 0.3062775 0.00059988693 6.0255188e-05 0.27516553 0.5318335 0.00010824534 0.27068657 5.403889e-05 5.3211545e-05 4.652962e-06 5.6006893e-06 4.8118767e-05 0.28951377 0.015014375 3.6439254e-05 0.6098047 0.004273182 6.445155e-06 0.00054721633 0.89687365 1.6458476e-06 2.826607e-07 8.5699985e-19 0.0008858385 0.6322624 0.07940049 0.0010788619 0.0012264524 1.1754913e-07 0.05638715 0.00022463722 1.6630494e-07 0.9485381 2.3055998e-05 0.00010991169 9.925831e-07 8.5931715e-05 0.00015060575 0.052406233 0.0018888012 2.1847596e-05 4.074077e-05 0.009196854 7.62699e-06 1.18001335e-05 0.009528862 0.00043746713 0.0026389854 0.2694684 0.39805296 5.537203e-06 8.584338e-06 0.037642784 3.3056076e-06 9.699561e-07 8.059611e-06 0.007789162 2.715966e-07 0.06548428 1.1073081e-05 0.020424668 0.025430921 5.056391e-06 4.028422e-05 0.0066745323 1.6976965e-07 1.3781197e-05 0.020297296 0.013117207 0.0032518029 1.1488236e-06 0.0005656305 3.1821387e-06 1.9470815e-05 9.177166e-08 0.0003806448 0.0006058672 0.009799748 0.0005358296 5.4554417e-05 3.0276377e-07 8.7796925e-06 1.8924974e-08 0.00076762604 0.002288166 7.7388154e-07 4.5219936e-06 9.090349e-06 3.6068702e-08 6.558628e-07 1.1997972e-06 0.0028973331 0.0032084917 5.4830025e-07 0.00032764883 3.5142384e-05
0.06717973 0.042665735 0.07726285 0.09860204 0.023827374 0.010493761 0.012973986 0.164846 0.0024641147 0.0065974765 0.01737698 0.0018267989 0.5106687 0.07235489 0.6274088 0.2650336 0.8586099 0.00032526435 0.0072324956 0.5493781 0.00064804876 0.6419418 0.008724547 0.008020936 7.1450168e-06 0.025290994 0.04151577 0.0008858385 3.8557916e-20 0.022840708 0.00025783485 0.15871969 0.0012591834 0.0056094346 3.699652e-06 0.66116077 0.0041410243 8.458612e-06 0.0023251516 0.002785016 0.007375766 0.7441235 0.58583045 0.014144788 0.28404504 0.27349138 0.65709287 0.08503334 0.52037 0.0042127976 0.06373302 0.2693 4.8039168e-05 8.336611e-06 7.602477e-05 0.00032924223 0.12330358 0.0033698056 0.0025265145 0.00032791047 0.03551585 0.0044412618 0.00016421775 1.6358072e-05 0.00016158039 2.4698534e-07 4.625798e-07 0.007353646 0.023872804 4.0239524e-07 5.9925646e-06 4.8979415e-05 0.00029576 4.2981187e-06 2.616303e-06 0.00017146357 0.008288077 0.0027605603 2.4442073e-05 1.1956594e-05 0.00047770448 5.5091937e-07 4.7659916e-05 0.000133957 0.000388018 2.0548098e-06 1.7286036e-05 4.2321903e-07 3.166418e-06 8.622417e-06 0.0005931107 0.00044107888 1.9578254e-05 1.9873899e-07 4.44145e-06 1.1328111e-06 0.0001535324 0.00035114563 9.615386e-06 3.699724e-07 3.795209e-07
0.9455084 0.052148066 0.31145778 0.012787011 0.002867196 0.23423503 0.0029812588 0.005482041 0.26864868 0.45739132 0.002650201 0.108504824 0.0038973195 0.004149949 0.006756575 0.004776362 0.012584067 0.050406694 0.013418288 0.0032453001 0.1527952 0.19781755 0.0010147983 0.008265069 0.19543742 0.0011179396 0.0013009085 0.6322624 0.022840708 1.950612e-17 0.023756653 0.18233438 0.0032434824 0.0002827795 0.014081247 0.020065403 0.00018574532 0.38528466 0.002088097 0.0014371242 0.00025544394 0.010371436 0.0067667994 0.8760509 0.14551967 0.013695878 0.00636243 0.3449944 0.0060954043 0.0032273713 0.33053476 0.045378733 0.0034990911 0.15342543 0.54457855 0.00039378612 0.0033208395 0.3985893 0.0003671677 0.00021856632 0.0069384268 0.27221107 3.9635456e-06 0.05008384 0.00035113006 0.0028874604 0.010653348 0.0037328727 0.008503558 0.209118 4.1990293e-06 0.00039432145 0.050035596 0.012434037 0.015335635 0.00025552238 0.02970837 0.0010409278 0.00084118574 2.961725e-07 0.005080037 0.0003689686 0.017824996 0.016186588 0.005901646 3.6462877e-06 8.6089085e-06 8.7663676e-07 0.0045548296 0.0013861615 7.381283e-05 0.0001978186 0.00023630267 7.3742746e-07 1.1581679e-05 0.00046304904 0.0045414222 0.009676326 5.8876733e-05 0.0005520288 0.00040642906
0.58975625 0.0039238296 0.010577315 0.0015171308 0.00037941255 0.13899606 0.00060761324 9.308827e-05 0.036504164 0.046077367 0.0001264556 0.27386966 2.2838816e-05 7.130637e-05 2.9141354e-06 6.3608704e-06 9.868873e-06 0.72105473 0.004441889 1.1304125e-05 0.41630718 0.00057147903 4.2192303e-05 0.00022133705 0.32930014 1.289382e-05 5.5683245e-06 0.07940049 0.00025783485 0.023756653 2.1075543e-17 9.305906e-05 0.0014983106 5.820783e-07 0.9681298 1.011541e-05 1.6215338e-06 0.04579815 1.1433319e-05 7.083599e-05 5.4853217e-06 3.192347e-05 2.033602e-05 0.00082272734 0.00023089192 7.665931e-06 4.0399642e-05 0.00035647475 3.5484107e-05 3.5346102e-07 0.00031470822 5.3019005e-05 0.0099263005 0.05080156 0.033878893 8.268241e-06 3.0048961e-05 0.0011169702 5.48444e-07 3.471195e-08 9.0416115e-06 0.00042380494 6.4202084e-07 0.43287733 4.0541207e-05 0.047335073 0.014624297 1.9717756e-05 1.3421102e-05 7.465571e-05 3.823152e-07 1.569641e-05 0.07257102 0.33220825 0.25483906 1.4714748e-05 2.4404972e-05 1.601453e-05 1.4765465e-05 1.7132714e-07 2.914423e-05 0.050157808 0.059709582 0.00010270145 5.74531e-07 2.4897438e-06 4.665846e-05 1.542379e-07 0.014748594 0.005325409 5.7364264e-06 1.6024522e-05 1.3658936e-05 1.7307727e-07 2.6683324e-06 2.0836997e-06 0.007512842 0.028497001 8.371235e-06 0.0002764558 4.6749615e-06
