3.3502228e-29 0.9806844 0.7449925 0.9357182 0.92743266 0.68604296 0.809973 0.9103171 0.40239602 0.890149 0.6231834 0.98202175 0.98767793 0.92971003 0.87205696 0.8504435 0.9947085 0.9420673 0.9718702 0.040113743 0.9441387 0.042745005 0.9824053 0.73459196 0.05621687 0.04763039 0.4393603 0.29929587 0.94443727 0.8510601 0.6726246 0.86630565 0.91520715 0.034263402 0.029096387 0.02728001 0.9693569 0.3737625 0.8457869 0.052124336 0.3176271 0.055225123 0.04552797 0.04700501 0.5893605 0.98985827 0.48185763 0.06435395 0.6556456 0.9888336 0.8916216 0.053431306 0.9998148 0.8503883 0.41681847 0.87670803 0.07706873 0.032219574 0.9998526 0.6028632 0.0044084336 0.0048915935 0.011700458 0.17345257 0.9998881 0.0021950854 0.0099221645 0.0023410695 0.0064693578 0.32271942 0.03359503 0.9980951 0.007211424 0.98502374 0.9966354 0.000383213 0.99974346 0.00012049573 0.045718998 9.963568e-05 9.756051e-05 0.066304855 0.004500983 0.9993153 0.9887586 3.4899647e-05 0.009990415 7.103329e-06 0.002999808 0.00013171165 6.308857e-07 0.09759941 1.727105e-06 1.347345e-07 0.9148204 0.00320488 5.1088077e-06 1.60006e-06 0.98142415 3.046711e-05 5.6491695e-07
0.9806844 7.572702e-18 0.767233 0.90619045 0.47216693 0.17544523 0.7002456 0.16291407 0.053138092 0.05570271 0.025456037 0.13674474 0.47566456 0.01144179 0.026398188 0.05853126 0.66764563 0.011765367 0.0055875788 0.025664655 0.0043154866 0.0561693 0.0011506521 0.010681513 0.008347825 0.010896509 0.009943682 0.014177923 0.0007628892 0.0067414725 0.06657935 0.0027732777 0.0016552899 0.008835866 0.0032508355 0.007955704 0.008579019 0.0030574254 0.001983902 0.037928253 0.00321087 0.025864534 0.0024482564 0.0017927011 0.0032803763 0.031001013 0.0020560191 0.057898495 8.46835e-05 0.008206919 0.00011499363 0.00043398532 0.15008642 0.00023052997 0.0014694729 4.0561067e-06 0.00032930158 8.1762366e-05 0.010802621 4.692659e-06 0.00039174323 7.468127e-05 5.0136887e-06 3.8487137e-06 0.05289878 0.00023246392 1.3174361e-05 5.712929e-06 0.00014498815 0.00059142185 1.1890233e-05 0.07081215 6.248524e-05 0.0018168391 0.004286113 3.535328e-07 0.033959668 1.2420893e-06 0.0011523294 5.6812314e-06 6.3894026e-06 1.2030461e-05 3.0657418e-06 0.03333946 0.0008223606 8.166172e-06 5.286544e-06 2.0562525e-06 2.0443542e-06 5.373197e-06 5.022111e-06 1.8517244e-06 1.2967694e-06 7.862754e-07 0.00017667611 1.3576327e-07 1.1063416e-06 6.357638e-06 4.2180136e-06 2.5256148e-05 9.857646e-07
0.7449925 0.767233 9.82483e-21 0.636126 0.86901313 0.9320744 0.53516793 0.22145355 0.11955243 0.0422242 0.26319915 0.13729839 0.2618623 0.09530427 0.024021642 0.003743022 0.43582433 0.00090339704 0.0006304199 0.14518611 0.00058064377 0.21385732 0.00015601875 0.000815954 0.041649126 0.038409866 0.002164592 0.0030551604 0.00014992348 0.0040256074 0.0052909423 0.00019778861 0.0010031702 0.006828313 0.002117022 0.005340945 0.0028417364 0.041593675 0.016726498 0.030136947 0.0008862981 0.010983929 0.0011971195 0.00030536007 0.018838447 0.15080409 0.00047299243 0.010013145 0.000118798 0.0012555483 0.00013544703 6.851361e-05 0.014065117 6.081135e-05 0.01513923 5.5049577e-06 1.981614e-05 4.0573814e-05 0.001154884 5.5609744e-06 3.989502e-05 9.492649e-06 5.0128906e-06 1.6158222e-06 0.011160987 7.1443833e-06 9.038705e-06 1.8300638e-06 4.52868e-05 0.0026298163 7.4688825e-05 0.05226167 6.1333085e-05 0.00013491279 0.0004808503 1.1365807e-07 0.010188246 7.2278647e-07 0.0041747144 1.503761e-06 2.164493e-06 3.9405902e-05 1.8566358e-05 0.051457226 0.0003589237 9.415242e-07 8.449089e-06 1.5149836e-07 4.6853206e-06 2.935394e-05 5.880106e-06 4.462451e-07 1.7753959e-07 1.1025462e-07 0.0043731965 2.3974977e-08 6.389323e-06 4.582428e-06 1.8694638e-07 1.9684865e-06 4.398973e-07
0.9357182 0.90619045 0.636126 8.678096e-20 0.8744533 0.19157563 0.2741121 0.21988194 0.05151541 0.05592956 0.18307537 0.13858676 0.22510462 0.043865893 0.034597542 0.010098067 0.54106236 0.003797324 0.001649469 0.027990729 0.0016753388 0.05667931 0.00044305247 0.0015164724 0.01155787 0.012954617 0.00355202 0.0071358522 0.00026603008 0.0041057495 0.0029638486 0.00081475993 0.003300664 0.0033188355 0.0016203653 0.0028429672 0.0043589654 0.009953578 0.003940649 0.013981243 0.0012902131 0.00711365 0.0008460984 0.0004022347 0.0076765683 0.05989472 0.0004707698 0.00821549 0.00032128734 0.003489354 0.00017598546 0.00031661225 0.03385024 0.00023014117 0.007147945 1.9644498e-05 0.000110536836 0.00013454839 0.0027726216 3.7728318e-05 6.2581676e-05 3.8533544e-05 4.938725e-05 2.8471119e-05 0.035915375 1.9660298e-05 6.700275e-05 9.077613e-06 7.27676e-06 0.0010889325 7.320811e-05 0.10102804 5.749125e-05 0.0002978336 0.0014495697 1.9183139e-07 0.037011497 1.8649187e-06 0.0013557238 9.824281e-07 1.02579625e-05 0.00019211287 2.4316734e-05 0.15715858 0.0003619367 5.0888923e-07 5.2225503e-05 2.6508047e-07 1.6567776e-05 2.2255654e-05 1.8840436e-05 1.1093321e-05 1.7572398e-06 1.3831065e-06 0.0010049987 3.118685e-07 5.601891e-06 8.354806e-06 2.3587272e-07 1.2867325e-05 1.9768036e-06
0.92743266 0.47216693 0.86901313 0.8744533 3.080162e-20 0.65769655 0.362974 0.070536114 0.06325699 0.01824204 0.56438756 0.05166658 0.09064579 0.22184224 0.010219872 0.0022515035 0.48318765 0.0016237197 0.000978621 0.061567977 0.0012146686 0.08312868 0.00038162767 0.0008553632 0.02363461 0.023347862 0.001158045 0.0018218962 0.0003751119 0.002622836 0.001262652 0.00046195008 0.0011030048 0.002084617 0.0008314126 0.0012246683 0.002139183 0.018790755 0.01154322 0.012950708 0.00045691145 0.00352479 0.00027575568 5.8086167e-05 0.012130502 0.14010948 0.00033759238 0.003254536 0.0001832495 0.0013481929 0.0003151539 2.402232e-05 0.011508261 9.977698e-05 0.019464023 3.888936e-05 3.9341357e-05 0.0001384318 0.0025844686 4.4322405e-05 1.4471318e-05 2.0737607e-05 2.3179435e-05 3.0152603e-06 0.014991933 4.248409e-06 8.9583555e-06 1.2983534e-06 5.376646e-06 0.0026871867 7.272595e-05 0.08808209 9.426994e-05 6.165193e-05 0.00042714964 9.8968364e-08 0.02190469 1.2898229e-06 0.009701246 1.0652092e-06 1.9052334e-06 6.81429e-05 6.9465336e-06 0.13584746 0.00022036252 6.5130894e-07 3.7486104e-06 5.3159505e-07 1.2969598e-06 5.6259405e-06 3.7813597e-06 4.8306816e-07 2.3587204e-07 7.583234e-08 0.0025606551 4.1153587e-08 7.761274e-06 3.9118845e-06 1.4398438e-07 2.798412e-07 6.364465e-07
0.68604296 0.17544523 0.9320744 0.19157563 0.65769655 7.36928e-19 0.88149506 0.0031162768 0.9445771 0.00013433197 0.14305428 0.0031650388 0.046656653 0.11691457 1.4754683e-05 7.6612574e-05 0.07811431 2.2625336e-06 6.5210264e-07 0.26237816 1.8363471e-06 0.25527903 2.1603776e-07 9.495084e-06 0.039422445 0.10014356 4.760902e-06 7.9099445e-06 1.2121625e-07 4.8291645e-06 0.0004372465 2.695982e-07 2.768942e-07 0.00030835258 1.4376197e-05 0.00021436339 9.794953e-07 0.011149577 0.006971531 0.005545632 2.0065056e-06 0.0009103944 4.552751e-06 4.4977405e-06 0.005317079 0.058792513 2.627039e-06 0.007997536 2.327332e-08 2.0072033e-05 4.4508244e-08 4.012613e-07 0.00034017605 2.0969223e-08 0.007770036 7.1250628e-09 3.9869853e-08 1.4157048e-06 4.583956e-05 2.6826372e-09 2.2133745e-06 5.1969624e-07 1.524926e-07 6.940255e-10 7.8367324e-05 1.7519757e-06 7.302482e-08 2.1771084e-08 0.00059378817 0.00039445667 3.390054e-08 0.012349776 8.5595886e-05 6.7604805e-07 3.0969052e-06 7.0511113e-09 0.00017028443 9.3276205e-09 0.00041001732 5.0644307e-08 5.3401745e-08 9.734942e-09 1.6198607e-07 0.0021951932 9.4764437e-07 8.110797e-09 1.2207279e-08 1.4400703e-09 3.3595818e-08 1.4426064e-07 1.9499401e-08 1.13691065e-08 4.4497956e-09 1.3234434e-08 0.0018232858 2.8003178e-09 4.0549554e-07 1.8067863e-06 8.313439e-09 4.577005e-07 1.8303918e-08
0.809973 0.7002456 0.53516793 0.2741121 0.362974 0.88149506 1.5452702e-17 0.23187567 0.91187644 0.061887603 0.14360255 0.1611251 0.81501096 0.033317618 0.01597072 0.014352617 0.3315753 0.0013086095 0.00055774476 0.3551684 0.0008224206 0.6388969 0.00014309878 0.002809698 0.06066495 0.1577744 0.0031093482 0.004074719 0.00013276405 0.0026597364 0.061085273 0.00038894976 0.0007957582 0.02328408 0.004236867 0.021152008 0.0025633734 0.02637696 0.01875811 0.16724177 0.0015343965 0.13466002 0.0030331793 0.0017564568 0.019062387 0.09876641 0.002074826 0.18932237 0.000220687 0.0016390795 9.830281e-05 0.00034568532 0.017342957 3.1955362e-05 0.0074675865 2.8126096e-06 3.9828454e-05 0.00040223874 0.0016640673 4.602285e-06 0.0038063882 0.00059189386 3.586809e-05 3.0076496e-06 0.006279478 0.00084325566 3.2469517e-05 5.5955106e-06 0.00076960446 0.00042303067 4.359328e-05 0.017767234 0.00018286926 0.0009168918 0.00043364856 6.6991504e-07 0.0033477326 1.9258891e-06 0.00055954955 4.0372543e-06 2.7769365e-05 1.481927e-05 2.094767e-05 0.0041809524 0.0013572142 1.6596834e-06 1.0826727e-05 1.9436565e-07 1.8520316e-06 9.190707e-06 9.222033e-06 8.5584006e-08 4.2490137e-07 1.6034587e-06 0.0052681444 1.431376e-07 4.3983086e-06 6.452332e-06 6.215628e-07 6.732233e-06 3.9889915e-07
0.9103171 0.16291407 0.22145355 0.21988194 0.070536114 0.0031162768 0.23187567 1.924189e-19 0.0073190625 0.9441007 0.008687541 0.7777386 0.23966797 0.000977477 0.40766406 0.36392477 0.6325446 0.17672147 0.15865986 0.020665696 0.26739693 0.04328129 0.089324735 0.0668742 0.0010276407 0.0008162321 0.087839976 0.18771559 0.05936094 0.04483682 0.107539296 0.0806639 0.126212 0.05278653 0.043478537 0.044733148 0.07086811 0.0005424395 0.00017268151 0.028857326 0.071554914 0.030641114 0.031460695 0.044193145 0.0011827378 0.01902941 0.030212376 0.0021173945 0.023380717 0.15646096 0.013179817 0.034244593 0.33774704 0.007324177 0.00032190012 0.0028091008 0.010034779 0.009060895 0.16617256 0.0017243436 0.004127505 0.0022711258 0.004980732 0.0024369748 0.19341199 0.0002620748 0.0004122074 0.00037801286 6.619235e-05 0.00047124096 0.00048343276 0.02003373 4.0170435e-05 0.021728922 0.031838957 5.04082e-06 0.034433365 2.3515893e-05 0.0006144758 2.512366e-05 6.0212597e-06 0.0017488151 0.00012277297 0.025004653 0.011881438 2.7488263e-06 0.0013109634 1.5097615e-06 4.5354445e-05 1.2657087e-05 2.1755575e-05 4.5398803e-05 3.3424112e-06 4.7802575e-07 0.00048301436 5.6629895e-05 3.2683772e-06 9.881982e-06 0.00012271281 7.3300776e-06 5.75066e-07
0.40239602 0.053138092 0.11955243 0.05151541 0.06325699 0.9445771 0.91187644 0.0073190625 4.297086e-19 0.00080227706 0.03187395 0.007283679 0.16588461 0.06324021 0.00013983616 0.00040600775 0.041584276 3.8755975e-06 3.9630654e-06 0.7620263 1.3977196e-05 0.87776875 1.2644269e-06 3.1259176e-05 0.2786745 0.6119449 9.02591e-05 0.00025603536 5.788952e-07 3.7197704e-05 0.002710628 9.2710485e-07 6.217373e-06 0.0022446099 0.00050896325 0.0021760233 6.4997424e-05 0.00970175 0.0078876065 0.038087305 4.7092133e-05 0.009485098 0.00037276273 6.9428475e-05 0.009177132 0.029761648 2.7828592e-05 0.37816513 6.4826264e-07 0.00014930124 3.757825e-07 1.8304978e-05 0.0003486367 1.3924523e-07 0.0066849887 5.6871894e-08 8.1437383e-07 5.8129343e-05 0.00013389469 4.5684775e-08 0.00070851017 0.00029279865 7.223961e-06 2.3671044e-08 9.979059e-05 0.0011024821 2.8230863e-05 2.439664e-05 0.0070202583 0.00079508004 6.919923e-07 0.008523377 0.0017293409 6.782327e-05 5.3841715e-05 4.07073e-05 0.00079909596 1.1522574e-05 0.0012787443 1.0793788e-05 9.0398215e-05 1.3710238e-07 2.1310749e-05 0.0024690907 0.00019977095 2.4671192e-06 4.5451785e-07 1.2151667e-06 2.0446173e-06 3.3507124e-06 2.1407954e-05 2.1207266e-07 2.1044761e-07 3.4193488e-06 0.009811469 1.5377937e-07 3.0215888e-05 0.00016363384 2.4075243e-06 1.1677338e-05 1.5996709e-06
0.890149 0.05570271 0.0422242 0.05592956 0.01824204 0.00013433197 0.061887603 0.9441007 0.00080227706 5.588656e-20 0.0028107113 0.8998731 0.07292449 0.00012543633 0.8718661 0.15543528 0.60274297 0.15876675 0.38894087 0.0042564976 0.20766132 0.005836011 0.06656232 0.03362508 6.877547e-05 3.67274e-05 0.05600928 0.09192568 0.06663298 0.08162379 0.04354111 0.05895236 0.09422933 0.018381491 0.01667013 0.014273692 0.11133751 0.0003231723 6.079517e-05 0.0055522155 0.05408782 0.005957285 0.013816281 0.02771277 0.0001941307 0.008217292 0.021143295 0.00018874399 0.014694576 0.2044828 0.0103249885 0.019421173 0.38497254 0.0081066415 2.3463652e-05 0.0022331504 0.008050965 0.0026496828 0.26991495 0.0012046109 0.00055449107 0.00043019184 0.0020799027 0.0015916795 0.24210703 5.1627892e-05 0.00044983346 6.87398e-05 2.8810803e-06 9.776261e-05 0.00032253496 0.011610478 3.1899383e-06 0.045213696 0.0544916 7.678694e-07 0.037912063 3.9100005e-06 0.0001255194 6.758801e-06 1.3717228e-06 0.0034524812 5.8782476e-05 0.022708422 0.01840556 1.868693e-06 0.0008164681 3.578015e-07 3.4353496e-05 6.6013718e-06 2.0052892e-06 0.0002736264 4.994264e-07 5.5241166e-08 5.9889055e-05 3.3291377e-05 2.2082816e-07 5.263922e-07 0.00029434153 3.3899476e-06 1.4655507e-07
0.6231834 0.025456037 0.26319915 0.18307537 0.56438756 0.14305428 0.14360255 0.008687541 0.03187395 0.0028107113 3.647039e-21 0.0040575345 0.012194587 0.96569014 0.00028950587 0.00013588277 0.10310415 8.1285725e-06 3.0455997e-06 0.124511 2.9823063e-06 0.064309545 1.3537249e-06 2.127004e-05 0.2506417 0.048457406 2.931649e-06 9.8565746e-05 2.784821e-07 6.18537e-05 1.3150172e-05 1.5622898e-06 3.5866774e-06 0.00012692572 7.424999e-05 8.280082e-05 0.00015627698 0.2217845 0.10490937 0.0009582386 4.8958236e-06 0.0003086141 1.4219988e-05 2.7587204e-05 0.081097715 0.4951385 2.3133932e-06 0.0005203157 5.637507e-07 2.819376e-05 2.9192717e-07 1.2388071e-05 0.001159627 3.1626956e-07 0.14897487 9.119735e-09 3.259282e-06 2.9594928e-06 1.6696413e-05 5.7927593e-08 3.2732337e-06 2.053873e-06 1.1700596e-06 4.499486e-08 0.002170708 5.706351e-06 8.7262015e-06 5.232506e-07 7.615768e-06 0.004800741 4.3591868e-07 0.07034595 0.00026399104 3.9124345e-07 1.1800588e-06 3.4177052e-08 0.008790487 1.7457204e-07 0.0076965694 3.9218372e-07 9.2065625e-07 1.5035135e-07 1.6700101e-06 0.090800576 7.355377e-08 5.004877e-07 1.6696842e-07 8.3473026e-08 5.826665e-07 5.6862245e-06 9.4838384e-07 1.2648368e-08 2.953624e-07 4.2303463e-07 0.007917942 6.581805e-09 1.8947727e-06 6.165934e-07 4.3682877e-11 5.5094224e-06 1.3841957e-07
0.98202175 0.13674474 0.13729839 0.13858676 0.05166658 0.0031650388 0.1611251 0.7777386 0.007283679 0.8998731 0.0040575345 6.800401e-21 0.121091165 0.0007088914 0.597654 0.10893111 0.73779446 0.09895485 0.14343807 0.006856376 0.11791446 0.01677274 0.052918546 0.026810246 0.00066409726 0.00040604858 0.031874593 0.06468998 0.051742237 0.10615428 0.019794568 0.06824583 0.14180422 0.0059149573 0.006306085 0.003626659 0.19564302 0.0005706621 5.1264193e-05 0.006003889 0.016986426 0.0024621258 0.0026151258 0.0049984334 0.0006401653 0.011816565 0.009293056 7.001012e-05 0.017188016 0.18724984 0.01279774 0.0044910694 0.43362433 0.016321871 0.00026591241 0.0018293477 0.0058991695 0.00037771196 0.23019773 0.0009682829 1.8159306e-05 2.1287977e-05 0.00048738357 0.00187088 0.41304737 2.4038582e-06 4.249209e-05 7.241005e-06 2.1481444e-06 0.00018149098 0.0002425625 0.030416047 3.673712e-06 0.035170924 0.03995884 4.338162e-08 0.13501835 2.2782169e-07 0.00028537813 1.6364874e-07 3.5150964e-07 0.0035976795 1.5058196e-05 0.08276491 0.011320705 1.1223036e-07 0.0018595901 2.1852586e-08 3.7540645e-05 2.3229793e-06 9.1585736e-07 0.00055657636 3.4050043e-08 2.5200576e-08 2.2558987e-05 6.028692e-05 8.2742633e-07 3.13333e-06 0.00026005716 9.1920606e-07 1.5586807e-08
0.98767793 0.47566456 0.2618623 0.22510462 0.09064579 0.046656653 0.81501096 0.23966797 0.16588461 0.07292449 0.012194587 0.121091165 1.2795647e-17 0.007995156 0.027119424 0.34418198 0.3677655 0.06618675 0.023027712 0.105637036 0.023353051 0.5114061 0.029158294 0.2831041 0.0026656582 0.043188114 0.19513595 0.073506325 0.007591291 0.009496565 0.87551934 0.0060223197 0.0055287816 0.36963686 0.15865761 0.33226457 0.009569382 0.0061186454 0.007093506 0.70903176 0.064709745 0.6908815 0.15960272 0.048960693 0.003857059 0.046852063 0.07641589 0.7128838 0.00086521235 0.01130147 0.001132801 0.014197536 0.04631555 0.0005164845 0.0017030844 7.005929e-05 0.0034353172 0.03229706 0.050406825 8.8985515e-05 0.13519852 0.029814957 0.0028508233 6.1842904e-05 0.021224925 0.07903037 0.010750336 0.0031324592 0.0016397432 0.00040914374 0.0006115897 0.058174446 0.00029060376 0.0016019983 0.0016243571 0.002508508 0.01788885 0.0017127425 0.0040623397 0.0009845418 0.0046786414 0.00029914043 0.00031713172 0.019597132 0.010557477 8.8967194e-05 7.132664e-05 1.3784128e-05 3.5964305e-05 2.343105e-05 0.00010111124 5.145926e-06 3.060545e-06 9.068423e-06 0.0005820218 7.205391e-06 1.4881862e-06 3.654035e-05 3.486036e-05 5.3521697e-05 7.868316e-06
0.92971003 0.01144179 0.09530427 0.043865893 0.22184224 0.11691457 0.033317618 0.000977477 0.06324021 0.00012543633 0.96569014 0.0007088914 0.007995156 3.4125643e-20 6.385172e-05 1.0643537e-05 0.08083434 1.3800825e-06 1.5162576e-06 0.21759605 8.420048e-07 0.062132653 7.0795863e-07 5.409217e-06 0.50355154 0.21227147 7.854438e-08 8.327274e-06 1.05084155e-07 3.6897934e-06 4.4637025e-05 1.4379233e-06 1.2543777e-06 1.42142935e-05 5.352412e-06 9.902859e-06 5.3225376e-06 0.25672904 0.17954646 0.0003376028 2.1590924e-07 8.709569e-05 2.1693431e-06 1.5631629e-06 0.12603442 0.47648573 5.1736765e-07 0.0010459421 3.841501e-08 6.75867e-05 3.047398e-08 4.568223e-07 0.0030858044 1.1517348e-08 0.3462702 2.4680719e-10 1.2492913e-07 1.1418749e-07 1.1664348e-05 3.627267e-10 1.020917e-06 3.7973564e-07 3.4171315e-08 2.2035765e-10 0.0019696217 1.1651656e-06 5.6293644e-08 1.2304167e-07 0.00023445836 0.018281871 1.759029e-08 0.15494171 0.0040481463 3.4488676e-07 1.0243684e-06 7.715485e-09 0.036017887 3.0301546e-08 0.03964077 1.0328606e-06 7.95268e-08 1.2415491e-08 1.428064e-07 0.14306554 1.5557283e-08 1.5099424e-07 2.0176252e-08 2.8600693e-08 1.3176961e-07 5.6949966e-07 1.1035597e-06 3.880494e-08 1.3957674e-08 4.2517098e-07 0.015478025 1.7737747e-09 4.363365e-06 2.6624059e-05 1.12736306e-10 1.6657026e-06 4.2753535e-07
0.87205696 0.026398188 0.024021642 0.034597542 0.010219872 1.4754683e-05 0.01597072 0.40766406 0.00013983616 0.8718661 0.00028950587 0.597654 0.027119424 6.385172e-05 4.6405365e-19 0.0484864 0.518418 0.10380456 0.87970734 0.0008995558 0.47153303 0.0019719412 0.15217425 0.01182445 5.8497208e-05 1.7099726e-05 0.035525143 0.20783629 0.19279176 0.43639094 0.0026252961 0.19034353 0.335677 0.012869534 0.013653111 0.0097205425 0.29645467 2.4543637e-05 1.146484e-05 0.0049818032 0.032804642 0.0033088832 0.012368511 0.032640446 3.5631077e-05 0.003002361 0.01018366 7.127986e-05 0.07270984 0.3663845 0.036708917 0.03563575 0.27499694 0.042595014 1.817105e-05 0.0049764016 0.023257714 0.004041078 0.27635932 0.0030213655 9.339906e-05 0.00023167758 0.0071263 0.004714525 0.29184964 1.3884132e-05 0.001263603 4.508311e-05 1.9427034e-06 0.00029405707 0.0012743033 0.0060647135 4.8846894e-05 0.04071957 0.043906618 4.6373793e-07 0.08523918 5.4437137e-06 0.001644406 8.645868e-06 2.8608767e-06 0.0056632324 0.00040069272 0.02749142 0.02540465 1.0550345e-06 0.002496326 3.677752e-07 0.00011848663 0.00010653485 3.6286272e-06 0.0012327547 1.0947984e-06 1.421157e-07 0.00015868516 0.00019895927 3.4477546e-06 8.9100496e-07 0.001384314 1.1880723e-05 3.6958377e-07
0.8504435 0.05853126 0.003743022 0.010098067 0.0022515035 7.6612574e-05 0.014352617 0.36392477 0.00040600775 0.15543528 0.00013588277 0.10893111 0.34418198 1.0643537e-05 0.0484864 1.0128794e-17 0.117980056 0.892495 0.100741036 0.0011392097 0.2730697 0.0017735178 0.18600191 0.9041293 1.9624164e-05 9.721194e-05 0.7198504 0.7619135 0.030653534 0.014582891 0.20707023 0.03800004 0.008861355 0.12943868 0.18898147 0.11016843 0.014796535 0.00011903128 4.850505e-05 0.02928797 0.18673193 0.061214365 0.15476717 0.10987023 0.0001208586 0.002254462 0.105590835 0.008350123 0.0014802576 0.035734884 0.001952083 0.051122967 0.029697102 0.00055570574 1.7022896e-05 0.00025570643 0.005684658 0.025317764 0.049012866 0.0002442883 0.041645624 0.025721591 0.005151598 0.00013727293 0.010636882 0.012388826 0.0032617995 0.004905124 2.423101e-07 7.400261e-06 0.00039525385 0.0036264323 1.4381333e-06 0.0013323055 0.0014793699 0.0025193805 0.000665381 0.0032501041 7.008882e-05 0.0017851739 8.871911e-05 0.00022071628 0.0005738175 0.00063532405 0.0026237303 0.00016947954 3.825552e-05 6.713864e-06 1.7515405e-05 3.59462e-05 1.5320467e-05 5.002241e-06 1.2117257e-05 2.40271e-06 1.1314697e-05 3.7238249e-06 3.4677953e-07 9.717606e-07 2.184116e-05 2.828937e-05 1.9455392e-05
0.9947085 0.66764563 0.43582433 0.54106236 0.48318765 0.07811431 0.3315753 0.6325446 0.041584276 0.60274297 0.10310415 0.73779446 0.3677655 0.08083434 0.518418 0.117980056 1.4027921e-19 0.086353555 0.15341897 0.02131695 0.06055877 0.025746224 0.03984985 0.02109273 0.011879461 0.0067385864 0.019632187 0.024171088 0.022418704 0.07630333 0.032995623 0.0261376 0.05337705 0.0072728237 0.0051901033 0.0057237684 0.07498859 0.014467406 0.015021686 0.01529212 0.009772761 0.0076779374 0.00415836 0.003951521 0.013361603 0.10170444 0.006376738 0.008052474 0.0059207985 0.08411846 0.0067086066 0.0025658524 0.4669325 0.0092309 0.013631083 0.0011004438 0.0015157396 0.000813856 0.05557907 0.00068846904 0.000362605 0.0002675291 0.00026197135 0.0003281282 0.30667958 9.8192904e-05 8.1507e-05 2.7033324e-05 0.0025764867 0.004065973 0.00013663412 0.23651262 0.00059354585 0.04173125 0.047576237 5.621492e-07 0.3192379 6.858676e-07 0.0053985394 1.5797004e-06 0.00014236971 0.00053517125 7.125026e-06 0.32185158 0.007296106 3.3190042e-06 0.00027348034 1.0192816e-06 2.3436949e-05 1.1437328e-06 6.28605e-06 5.751406e-05 4.2060205e-07 4.0167754e-07 0.0069032344 9.041701e-07 8.648457e-06 0.0001760474 4.7101203e-05 1.4515705e-06 1.298027e-07
0.9420673 0.011765367 0.00090339704 0.003797324 0.0016237197 2.2625336e-06 0.0013086095 0.17672147 3.8755975e-06 0.15876675 8.1285725e-06 0.09895485 0.06618675 1.3800825e-06 0.10380456 0.892495 0.086353555 9.810015e-18 0.25176314 0.000133764 0.7932262 0.00036431054 0.7650531 0.4863677 1.319124e-06 1.5312382e-06 0.4867919 0.8465385 0.2049748 0.02944309 0.14511293 0.3121158 0.028563602 0.077596575 0.15114762 0.081259504 0.03712454 3.995775e-06 1.5906224e-06 0.008411838 0.34500036 0.020905316 0.26825556 0.26509008 3.6249196e-06 0.000601581 0.3516471 0.0034891327 0.0067231166 0.060881 0.009944246 0.20666872 0.026915025 0.0020154677 1.9663072e-07 0.0008280121 0.08781629 0.08257203 0.08308111 0.00044641012 0.075053826 0.07715181 0.03335354 0.0007022819 0.009771466 0.015652703 0.029893452 0.021589618 3.009684e-08 4.0597715e-06 0.0019619786 0.0018607918 2.6481717e-07 0.0025204006 0.0022748066 0.004951801 0.0010830323 0.01274496 7.369231e-06 0.0068417112 1.4857918e-05 0.0003065131 0.0024298597 0.00039070507 0.0024612173 0.0010365399 7.4478e-05 1.05453e-05 0.00022338296 0.0005538178 1.621414e-05 2.610964e-06 3.5575766e-05 3.1009836e-06 9.2470395e-07 7.6582655e-06 9.6821715e-08 1.1337644e-06 5.593481e-05 0.00022496286 0.00010421404
0.9718702 0.0055875788 0.0006304199 0.001649469 0.000978621 6.5210264e-07 0.00055774476 0.15865986 3.9630654e-06 0.38894087 3.0455997e-06 0.14343807 0.023027712 1.5162576e-06 0.87970734 0.100741036 0.15341897 0.25176314 7.97087e-16 0.00010581097 0.7400116 5.003379e-05 0.5661068 0.036688622 1.5529847e-06 4.883222e-07 0.039841156 0.13379118 0.6165569 0.501715 0.012897733 0.42011315 0.496288 0.013460032 0.013545775 0.011213158 0.13766158 1.0652183e-06 1.1550591e-06 0.0013306148 0.09502982 0.0029006698 0.02889582 0.060875475 8.231739e-07 0.0004990308 0.08767788 0.0001391594 0.07519624 0.3287956 0.102851965 0.059812438 0.17005734 0.03364646 1.54146e-07 0.041601293 0.068878785 0.017214648 0.27474952 0.016570622 0.0014943193 0.0050348965 0.015684143 0.0097142635 0.09397729 0.00025534234 0.0073091295 0.0010906 4.2380913e-07 7.526352e-06 0.0054527377 0.0022932987 5.853722e-07 0.04565484 0.04027082 6.2428508e-06 0.008202893 5.851892e-05 1.0897343e-05 8.0149584e-05 3.8499256e-06 0.002962831 0.0021752745 0.0009816061 0.016426867 3.8282345e-05 0.0007016419 2.101102e-06 0.00059380935 0.00035298523 7.8687135e-06 0.00028032906 5.496198e-06 1.0096236e-06 5.693995e-06 6.450465e-05 2.2341416e-07 9.97216e-07 0.0015169701 8.2399e-05 3.6342515e-06
0.040113743 0.025664655 0.14518611 0.027990729 0.061567977 0.26237816 0.3551684 0.020665696 0.7620263 0.0042564976 0.124511 0.006856376 0.105637036 0.21759605 0.0008995558 0.0011392097 0.02131695 0.000133764 0.00010581097 2.1835777e-21 0.00030034134 0.9214613 1.5596466e-05 0.00017575802 0.8639171 0.8042365 0.00019368742 0.00033774241 2.1768526e-05 0.0021797507 0.00018959134 7.4138276e-05 0.00016595665 0.0011549948 0.0003881694 0.00092694286 0.0001628775 0.04120648 0.034024492 0.007331347 1.720517e-05 0.0030411824 7.6314755e-05 1.7218694e-05 0.024021018 0.01641675 8.559217e-06 0.02287584 7.9699654e-05 0.00029870856 3.9445797e-05 8.702399e-06 0.0011901426 1.1166475e-05 0.14074928 9.591684e-06 4.463646e-06 4.366968e-05 0.00028038363 3.114637e-05 5.7664867e-05 1.6898592e-05 2.4988269e-05 1.540576e-06 0.0011044737 5.5145032e-05 9.492988e-05 1.1711096e-05 0.004386607 0.00650364 8.591672e-05 0.012305823 0.0034178868 1.8697348e-05 3.6405632e-05 3.3214743e-08 0.0017826187 3.4684666e-07 0.0074514877 1.9766065e-07 1.9218526e-06 6.5012523e-06 7.2232964e-05 0.0033550423 0.00012692873 1.7081968e-08 8.8441607e-07 2.1607308e-08 3.4321915e-06 7.3840183e-06 2.291226e-06 7.9573647e-07 5.283439e-08 7.4499445e-07 0.013236652 2.4323608e-08 1.3960849e-05 2.2022625e-05 3.8830453e-06 1.188961e-07 1.7932497e-07
0.9441387 0.0043154866 0.00058064377 0.0016753388 0.0012146686 1.8363471e-06 0.0008224206 0.26739693 1.3977196e-05 0.20766132 2.9823063e-06 0.11791446 0.023353051 8.420048e-07 0.47153303 0.2730697 0.06055877 0.7932262 0.7400116 0.00030034134 3.457554e-17 0.00013283953 0.9031418 0.06489072 5.8075893e-06 1.4854092e-05 0.14570732 0.5858399 0.6511331 0.11584543 0.033148494 0.7426689 0.31060272 0.04186787 0.046898786 0.038170286 0.07245739 1.078262e-06 9.5179803e-07 0.003500478 0.26797646 0.008882688 0.10811823 0.21141814 2.4737492e-06 0.0008250181 0.15449041 0.0028036558 0.048414428 0.10071914 0.07910577 0.17176288 0.0479563 0.011231224 5.919753e-07 0.011061629 0.12359653 0.058384553 0.15132555 0.004056954 0.010287894 0.02548597 0.038808983 0.00416615 0.022258718 0.00030100456 0.020471117 0.005125089 9.750389e-08 5.7976285e-06 0.0032162452 0.0010902267 6.889599e-07 0.0098199835 0.0070354957 1.3724536e-05 0.0022420764 0.00016075377 2.6745143e-05 0.00014502174 4.35048e-06 0.0012109812 0.0030569837 0.00043838655 0.0041626133 1.9905996e-05 0.00031617444 1.5351518e-05 0.0002815081 0.0003077486 1.2969258e-05 0.0001242677 1.7108667e-05 2.6729933e-06 5.2575438e-06 2.5288104e-05 2.4943506e-07 4.8122024e-07 0.00029994576 0.00017178782 2.7430558e-05
0.042745005 0.0561693 0.21385732 0.05667931 0.08312868 0.25527903 0.6388969 0.04328129 0.87776875 0.005836011 0.064309545 0.01677274 0.5114061 0.062132653 0.0019719412 0.0017735178 0.025746224 0.00036431054 5.003379e-05 0.9214613 0.00013283953 6.761167e-19 3.8803446e-05 0.0004759901 0.5032205 0.83054686 0.00032406734 0.00060877873 1.246352e-05 0.00091054454 0.0008676123 1.9858024e-05 0.00029898417 0.0027155068 0.0006464158 0.002359427 0.00015112513 0.03495228 0.018987654 0.06628231 1.1858198e-05 0.014568005 0.00020779112 2.9175324e-05 0.020861246 0.012305079 9.482361e-06 0.25194186 6.046311e-05 7.7790246e-05 1.3366611e-05 6.325307e-06 0.0012458025 9.380142e-06 0.027290793 1.805205e-06 6.1580213e-06 2.3421688e-05 9.503015e-05 3.986119e-06 0.0011553644 7.924944e-05 1.3638032e-05 5.3434684e-07 0.0006466772 0.00085761846 0.00012881869 1.2213727e-05 0.17060274 0.001318785 8.969191e-05 0.005510992 0.005739795 5.512807e-06 5.673089e-06 1.6104293e-07 0.00081497565 1.965159e-06 0.0017725582 1.5613111e-06 0.00010313321 2.7455253e-06 0.00013587798 0.00051648257 5.5100296e-05 1.339632e-07 1.250843e-06 6.766366e-08 4.9663886e-05 0.0001338339 2.5940842e-06 1.7070381e-07 1.1123428e-07 9.92005e-07 0.008881507 3.137938e-08 2.8158533e-05 3.0610954e-05 4.858898e-07 8.002788e-06 5.308693e-08
0.9824053 0.0011506521 0.00015601875 0.00044305247 0.00038162767 2.1603776e-07 0.00014309878 0.089324735 1.2644269e-06 0.06656232 1.3537249e-06 0.052918546 0.029158294 7.0795863e-07 0.15217425 0.18600191 0.03984985 0.7650531 0.5661068 1.5596466e-05 0.9031418 3.8803446e-05 1.1281651e-18 0.098354295 2.9559263e-07 3.0878647e-07 0.12748486 0.47868624 0.6396835 0.060465854 0.032741077 0.7348196 0.11882744 0.042951502 0.0534212 0.047324724 0.03926735 2.4218926e-07 2.442299e-07 0.005423014 0.3955855 0.01569038 0.17988668 0.30462506 4.7026248e-07 0.00041783391 0.53937614 0.0016080147 0.03983669 0.07007783 0.07638765 0.31038308 0.019654578 0.010840828 5.1313172e-08 0.021703668 0.31456637 0.15222093 0.09358271 0.011666185 0.04330627 0.08744309 0.09483032 0.007353453 0.0089065 0.0074972105 0.08436858 0.04102563 3.090438e-08 1.5040522e-06 0.022693885 0.00085647986 1.757088e-07 0.0052449666 0.005473669 0.0009483759 0.0012070898 0.0065908795 1.9399558e-06 0.0031813697 1.2007101e-05 0.00082308124 0.0119167995 0.000432138 0.0034417054 0.00061760953 8.238831e-05 6.10661e-06 0.001787853 0.0021847214 1.3378062e-05 4.7310674e-05 4.165985e-05 1.0701751e-06 8.071251e-07 2.0410007e-05 3.202368e-08 6.829963e-07 0.00033832286 0.0008572447 9.9093646e-05
0.73459196 0.010681513 0.000815954 0.0015164724 0.0008553632 9.495084e-06 0.002809698 0.0668742 3.1259176e-05 0.03362508 2.127004e-05 0.026810246 0.2831041 5.409217e-06 0.01182445 0.9041293 0.02109273 0.4863677 0.036688622 0.00017575802 0.06489072 0.0004759901 0.098354295 7.930936e-21 1.2209457e-06 9.1919907e-07 0.9367396 0.33964422 0.0067264256 0.0032698784 0.5610253 0.0062230183 0.0018542366 0.3521821 0.567854 0.31847608 0.0034886722 1.2111249e-05 1.9630386e-06 0.023798166 0.27978316 0.05845427 0.50276893 0.2029185 1.4009265e-05 0.00061721297 0.23860675 0.021544868 0.00014288032 0.0063568833 0.00018368202 0.077505015 0.0028234145 0.000107673004 6.2082995e-07 1.4756738e-05 0.0027433962 0.04260382 0.013577869 1.389481e-05 0.2073673 0.11859141 0.005536255 6.232916e-06 0.0007733136 0.104491524 0.005932046 0.02377962 1.1425939e-07 1.5430213e-06 0.00012662575 0.002104449 8.5909626e-08 0.00045260426 0.00045890734 0.05799345 0.00047379037 0.032562744 4.620355e-06 0.022093747 0.0025614183 4.0495997e-05 0.00019722014 0.0003021092 0.0014964612 0.004399872 5.2277605e-06 0.00014380977 2.3471059e-05 2.4767813e-05 2.6721867e-05 1.060591e-06 0.00022733459 1.4721884e-06 2.4636042e-06 2.8355937e-06 6.569655e-08 8.4641914e-07 6.185299e-05 0.00013505516 0.00019432092
0.05621687 0.008347825 0.041649126 0.01155787 0.02363461 0.039422445 0.06066495 0.0010276407 0.2786745 6.877547e-05 0.2506417 0.00066409726 0.0026656582 0.50355154 5.8497208e-05 1.9624164e-05 0.011879461 1.319124e-06 1.5529847e-06 0.8639171 5.8075893e-06 0.5032205 2.9559263e-07 1.2209457e-06 5.9132933e-22 0.9305247 7.766001e-07 4.518338e-06 3.228644e-07 5.1034287e-05 1.590354e-06 3.333641e-06 5.853301e-06 4.2883556e-05 4.2623037e-06 2.4487923e-05 6.925961e-06 0.32345423 0.19403446 0.0012875138 8.494665e-08 0.00027025913 3.4930144e-07 7.4334434e-07 0.2152263 0.07171078 8.665909e-08 0.001969406 2.7386554e-06 3.897057e-06 7.648401e-07 3.7671367e-07 7.6636396e-05 4.3904654e-07 0.6533676 4.3792976e-08 2.3787985e-07 1.1733371e-06 1.4633998e-05 1.7422444e-07 1.5115294e-06 4.825696e-07 5.6405986e-07 4.3808264e-08 0.00013189002 8.280634e-07 4.1016183e-06 6.0271225e-07 0.008010169 0.015262182 9.874601e-07 0.020782983 0.043946173 1.8570447e-07 4.945078e-07 1.1922195e-09 0.00086534186 1.6550791e-08 0.057057805 3.388115e-08 1.01728354e-07 5.279188e-08 9.97735e-06 0.0023912939 2.065919e-06 2.4139557e-09 2.1353836e-07 8.3362994e-10 1.6635532e-06 1.2506472e-06 8.0531485e-08 1.026541e-09 4.5581525e-09 2.3443742e-07 0.07286978 4.9719635e-08 3.0615625e-05 1.01015385e-05 2.2696584e-08 2.742389e-07 6.860684e-09
0.04763039 0.010896509 0.038409866 0.012954617 0.023347862 0.10014356 0.1577744 0.0008162321 0.6119449 3.67274e-05 0.048457406 0.00040604858 0.043188114 0.21227147 1.7099726e-05 9.721194e-05 0.0067385864 1.5312382e-06 4.883222e-07 0.8042365 1.4854092e-05 0.83054686 3.0878647e-07 9.1919907e-07 0.9305247 1.6979281e-20 2.4236663e-06 1.8251862e-05 4.0586158e-07 4.321369e-06 3.46305e-05 7.7715695e-06 3.7080945e-06 0.00027390083 3.7558515e-05 0.00018981985 2.1148162e-06 0.12658447 0.17275089 0.014536494 6.1655345e-07 0.002480527 5.8121877e-06 4.571616e-06 0.09670105 0.033024684 6.578203e-07 0.29463723 5.1530665e-06 1.5121119e-06 8.138256e-07 3.9630613e-06 0.00011852314 9.283046e-07 0.2680934 3.9556035e-08 5.262876e-06 2.7889617e-05 6.3652815e-06 1.5195009e-07 0.0002979512 8.866007e-05 1.721047e-05 1.8386453e-07 6.638693e-05 0.0005306646 9.171405e-05 2.1280752e-05 0.3349603 0.005933658 9.523187e-06 0.011429085 0.29419047 5.7812e-07 4.1009432e-07 7.2277476e-07 0.0003748555 4.2532426e-07 0.044451255 6.7594294e-07 0.00041061814 6.1073315e-08 4.1593274e-05 0.0015078739 3.777305e-06 1.2926151e-07 2.4929952e-07 6.8780224e-08 2.385894e-05 2.6243895e-06 5.4257857e-06 8.866777e-09 8.165906e-08 1.297443e-05 0.064976744 8.710021e-08 0.0009007933 0.0001989035 5.3054634e-08 6.021082e-06 1.3274763e-07
0.4393603 0.009943682 0.002164592 0.00355202 0.001158045 4.760902e-06 0.0031093482 0.087839976 9.02591e-05 0.05600928 2.931649e-06 0.031874593 0.19513595 7.854438e-08 0.035525143 0.7198504 0.019632187 0.4867919 0.039841156 0.00019368742 0.14570732 0.00032406734 0.12748486 0.9367396 7.766001e-07 2.4236663e-06 4.309165e-20 0.7161739 0.032514412 0.007993053 0.18253887 0.06642055 0.008080417 0.33425927 0.65550625 0.31431913 0.010379504 4.166491e-06 1.8916637e-06 0.050164394 0.5124078 0.11767242 0.6960642 0.4845268 3.7119119e-06 7.992602e-05 0.28950453 0.007481101 0.0014430276 0.0076046055 0.0021575387 0.35619527 0.001678351 0.0004462275 2.1023135e-07 0.00024227236 0.033553135 0.15313263 0.004333199 0.00015123225 0.13566989 0.10671214 0.06262434 0.000111467336 0.0015768211 0.025803726 0.012723507 0.017475696 3.413972e-08 1.0233265e-06 0.00037874232 0.00086201105 1.3084097e-07 0.0001576442 0.00016828883 0.007970106 0.00023967323 0.012981794 3.804227e-06 0.0070955902 9.2883776e-05 0.00016137493 0.0011729321 3.2910266e-05 0.00046589455 0.00051999977 2.2861634e-05 1.1560813e-05 1.9723473e-05 7.4467345e-05 2.4818295e-05 1.2948119e-06 5.3535376e-05 7.256458e-07 2.551055e-06 1.1148625e-06 7.469284e-08 1.22213e-07 7.863246e-06 9.155422e-05 1.7371427e-05
0.29929587 0.014177923 0.0030551604 0.0071358522 0.0018218962 7.9099445e-06 0.004074719 0.18771559 0.00025603536 0.09192568 9.8565746e-05 0.06468998 0.073506325 8.327274e-06 0.20783629 0.7619135 0.024171088 0.8465385 0.13379118 0.00033774241 0.5858399 0.00060877873 0.47868624 0.33964422 4.518338e-06 1.8251862e-05 0.7161739 5.2929514e-19 0.20349981 0.033931106 0.03705803 0.62448925 0.12135508 0.1698501 0.2963798 0.15081969 0.060718447 4.7971066e-06 1.2613227e-05 0.029929515 0.6470461 0.030004669 0.43543857 0.6776028 7.300588e-06 8.393559e-05 0.33165175 0.0011602481 0.043332767 0.05363883 0.05634886 0.70097226 0.009079628 0.008481189 3.7780903e-06 0.0055311783 0.5764585 0.12592834 0.017857341 0.003686491 0.015172914 0.028983688 0.17853907 0.0055399127 0.0034397626 0.0009838877 0.016319687 0.00503157 5.419162e-08 4.9004248e-06 0.0028633338 0.0014781839 2.3291639e-06 0.0010881264 0.0025810131 6.502697e-06 0.00031516983 0.00046440316 9.2674425e-05 0.00015613946 2.4347955e-06 0.0036590444 0.0022141535 5.9216392e-05 0.006004604 3.4130608e-06 0.0013797214 4.4273864e-07 0.00019046449 0.0004502045 1.5574653e-06 0.00059538835 3.3288568e-06 5.28845e-08 6.852678e-06 5.7657664e-05 4.4566548e-07 9.685474e-07 0.000543408 2.3098935e-05 8.27538e-08
0.94443727 0.0007628892 0.00014992348 0.00026603008 0.0003751119 1.2121625e-07 0.00013276405 0.05936094 5.788952e-07 0.06663298 2.784821e-07 0.051742237 0.007591291 1.05084155e-07 0.19279176 0.030653534 0.022418704 0.2049748 0.6165569 2.1768526e-05 0.6511331 1.246352e-05 0.6396835 0.0067264256 3.228644e-07 4.0586158e-07 0.032514412 0.20349981 5.139397e-16 0.21230558 0.004333803 0.8972602 0.65598446 0.007312947 0.014839651 0.006706099 0.079539426 1.3621705e-07 7.14897e-08 0.0019525951 0.21028684 0.002913609 0.051471584 0.16670354 1.5788606e-07 5.755192e-05 0.22605738 0.00043990786 0.43250155 0.17944258 0.57651985 0.22364251 0.044057157 0.07980181 8.1854296e-08 0.19315074 0.40714717 0.06501747 0.11742892 0.11053689 0.0025213538 0.021732435 0.081880935 0.07302582 0.021212883 0.00064039306 0.03923419 0.009338592 8.923651e-08 2.567454e-06 0.059058942 0.00036874664 8.408861e-07 0.021037264 0.017810876 3.1341955e-05 0.0019501097 0.00023361247 6.9665625e-06 0.00019037531 3.2403052e-06 0.004725589 0.012295435 0.0001309338 0.007954134 3.7995444e-05 0.0007624394 7.0817446e-06 0.002546692 0.0023747722 8.4374715e-06 0.00033157333 1.1563029e-05 1.4852469e-06 1.1493386e-06 5.9481394e-05 1.1265114e-07 6.4827185e-07 0.0010242634 0.00024156108 2.0967433e-05
0.8510601 0.0067414725 0.0040256074 0.0041057495 0.002622836 4.8291645e-06 0.0026597364 0.04483682 3.7197704e-05 0.08162379 6.18537e-05 0.10615428 0.009496565 3.6897934e-06 0.43639094 0.014582891 0.07630333 0.02944309 0.501715 0.0021797507 0.11584543 0.00091054454 0.060465854 0.0032698784 5.1034287e-05 4.321369e-06 0.007993053 0.033931106 0.21230558 1.1275129e-15 0.0015388749 0.103471056 0.8717985 0.0033183766 0.0034863255 0.0026928845 0.9310154 6.104744e-05 1.3784548e-05 0.0013171699 0.017858006 0.00069141545 0.0039042446 0.008688742 6.275194e-05 0.00069734914 0.007939643 2.894974e-05 0.16884844 0.57827485 0.10012262 0.01595651 0.30029353 0.8334598 1.2427e-05 0.0994025 0.023829103 0.0019280539 0.3851116 0.041413937 1.6224132e-05 0.00014521882 0.0034650192 0.025433443 0.18423888 1.267129e-05 0.0009923191 8.074178e-05 6.6671424e-07 0.000109042114 0.0039427825 0.00062852533 6.846845e-06 0.11278537 0.129363 3.6856167e-07 0.051804315 3.95448e-06 0.00010151433 6.956033e-06 1.5564157e-06 0.0508494 0.0006492244 0.002054064 0.025673736 1.583885e-06 0.008043824 2.6765403e-07 0.00061389117 7.9373414e-05 5.608231e-06 0.008553053 2.6678413e-06 1.3424232e-06 5.4164184e-06 0.00031825062 1.268035e-06 1.1319223e-06 0.0026249832 6.2028135e-05 8.553868e-07
0.6726246 0.06657935 0.0052909423 0.0029638486 0.001262652 0.0004372465 0.061085273 0.107539296 0.002710628 0.04354111 1.3150172e-05 0.019794568 0.87551934 4.4637025e-05 0.0026252961 0.20707023 0.032995623 0.14511293 0.012897733 0.00018959134 0.033148494 0.0008676123 0.032741077 0.5610253 1.590354e-06 3.46305e-05 0.18253887 0.03705803 0.004333803 0.0015388749 3.5050494e-21 0.0011838565 0.00054172607 0.813205 0.4886681 0.810088 0.00091881404 2.6646185e-05 1.845085e-05 0.5790541 0.028344445 0.67513716 0.5148475 0.061979856 0.0001270788 0.00030225905 0.03895575 0.25105762 3.5781348e-05 0.0017865467 3.3594555e-05 0.018024065 0.0008708851 7.304586e-06 3.3327688e-05 1.0770582e-05 0.0004653779 0.032867827 0.016812673 4.9639284e-06 0.31103587 0.081079066 0.0016820685 5.9303824e-07 0.0010255185 0.24522325 0.0046985415 0.013568284 5.453647e-05 1.3376188e-05 0.000103852224 0.0065209246 9.3505463e-07 2.8640316e-05 5.72989e-05 0.051854584 0.0047087935 0.014365249 2.066801e-05 0.0061492957 0.02330401 4.076582e-06 0.00046475296 0.00086838217 0.0013204821 0.0013587234 2.6001153e-06 0.0007334409 1.1689671e-05 3.4462046e-05 0.0005183765 6.514266e-08 0.000206075 4.9466445e-05 5.4018794e-05 2.7549083e-07 1.9879056e-07 8.039743e-06 3.819624e-05 0.00013584922 0.00026735265
