2.0816618e-21 0.90458715 0.7567284 0.9191965 0.81340325 0.21189468 0.36567125 0.8974216 0.36200714 0.9784048 0.012878964 0.09616348 0.022121701 0.020756705 0.9687427 0.9554288 0.0043327613 0.9949853 0.39428362 0.1605958 0.005808972 0.6730387 0.16958573 0.8260367 0.19356874 0.98826146 0.00079694367 0.0043906188 0.9719525 0.049903207 0.11851899 0.9930171 0.87559587 0.0051203044 0.93117225 0.8528792 0.0025489894 0.002321479 0.016442578 0.9470679 0.962017 0.00065273076 0.9465032 0.3897583 0.40464655 0.04724101 0.89854836 0.050218664 0.200977 0.9893223 0.9344387 0.9745189 0.05723426 0.0032799116 5.9206348e-05 0.0001424042 0.270328 0.9247704 0.019466719 0.91698813 5.8502177e-05 0.98803425 0.5510826 0.98436433 0.9121578 0.82485354 0.9302319 0.8579358 0.15228957 0.19593392 0.00042512338 0.005488776 0.65354127 0.9932098 0.94230705 0.9984295 0.57578635 0.97189194 0.11084533 0.9872651 0.106589936 0.93889356 0.98328245 0.84878707 0.024890661 0.68707305 0.12035908 0.99909335 0.027679147 0.9995455 0.96088755 0.87929875 0.9752235 0.94229543 0.9679669 0.999314 0.9872572 0.99996644 0.038620804 0.5165962 0.9906236
0.90458715 6.406995e-17 0.99071985 0.4381343 0.85389006 0.6855569 0.48915952 0.92743367 0.53038853 0.45752606 0.09465926 0.15000589 0.22860327 0.08596056 0.110586904 0.050650995 0.014773003 0.15344635 0.06640203 0.14310524 0.036306128 0.029837072 0.07416174 0.017914355 0.08540834 0.008603792 0.008400714 0.03300668 0.20713253 0.018133348 0.02859761 0.21648842 0.027127255 0.009003017 0.00121462 0.0014566502 0.0056452523 0.005905824 0.020024762 0.023552326 0.0024064044 0.00010033978 0.0056538186 0.00015951267 0.00039833566 0.00085782784 0.00021649367 0.00025959822 4.9502352e-05 1.6173106e-05 0.0049437513 1.9958747e-05 0.0025530148 9.389096e-05 4.4591463e-05 5.545746e-05 0.001264066 0.00039016744 1.3314918e-05 0.00034214283 2.764989e-05 3.3677123e-05 0.00043385726 0.016860025 0.0012621084 0.0005765269 4.8891077e-05 0.0010544802 1.0668999e-06 0.00047112952 0.00012839824 2.5956208e-06 0.0002508716 0.008841057 0.00043336806 0.0031125837 9.994393e-07 1.317558e-07 5.994331e-06 3.8220893e-08 1.368513e-07 0.0003070482 0.0031049184 0.00045911004 8.475047e-07 0.00036825726 1.0658024e-08 0.0033654233 1.8281779e-10 0.012552759 0.00055635505 0.00012347785 0.007162377 0.016355734 0.005822891 0.0031635358 5.0547417e-08 0.0032924053 1.5632033e-08 0.0021649576 0.0013242321
0.7567284 0.99071985 2.4244372e-18 0.13873772 0.8225007 0.4389394 0.25936592 0.9457081 0.39280087 0.57773 0.020335734 0.08179474 0.07575089 0.030449402 0.14353491 0.07429604 0.0016582804 0.077588804 0.019230396 0.08339711 0.02422203 0.07751893 0.072041444 0.039805647 0.08544053 0.001469178 0.0032414384 0.022949537 0.29771987 0.03379402 0.011181304 0.2623797 0.020472363 0.01465001 0.00560389 0.0047950214 0.0016399465 0.0006341685 0.0035659089 0.028974086 0.0064185257 0.00029901497 0.003894236 0.0008798984 0.0008590125 0.0035432775 0.0011415273 0.0009335899 0.0007702498 8.49514e-05 0.0078043644 2.2621505e-05 0.0013032398 0.0005864443 3.2698485e-06 0.00010827807 0.00025578277 0.001051376 0.0003001252 0.0010787102 7.246023e-05 6.726197e-05 0.00030304934 0.018203052 0.0057281037 0.0014552438 0.00017034468 0.0015243932 1.7718042e-06 0.000120664896 0.000104507955 4.070976e-06 8.073539e-05 0.0074709808 0.0006773866 0.00425667 1.1126001e-06 1.861095e-06 1.947854e-05 3.243411e-07 2.1983826e-07 0.00078839477 0.00371681 0.00046658973 3.5434177e-06 0.0002852184 4.183692e-08 0.0013305444 3.6848677e-09 0.0048686233 0.00066474354 0.00022853952 0.005642426 0.014055059 0.006926262 0.004073266 2.9017418e-08 0.002565298 1.7810201e-08 0.0019811322 0.0010255323
0.9191965 0.4381343 0.13873772 1.3810453e-17 0.03528973 0.46345857 0.98135906 0.416428 0.0061001875 0.008180827 0.76750535 0.0048056403 0.5740534 0.013765285 0.001246981 0.00049443194 0.032035075 0.88799286 0.5681988 0.0010185306 0.0009257316 0.0006633751 7.7541605e-05 0.00019211617 1.6763537e-05 0.74629784 0.00029495385 2.5689125e-05 0.03441939 1.5792017e-06 0.74653345 0.010827752 0.3670367 1.5648977e-06 4.570291e-06 2.7106755e-06 0.4032884 0.61159736 0.25153568 0.0040861187 7.693006e-06 1.5888056e-05 0.32160905 4.4071277e-07 2.3636644e-06 1.6844247e-06 3.8676276e-07 2.9195233e-08 1.3028688e-07 1.124339e-07 0.0037257136 2.8420953e-07 0.01388177 4.3946354e-08 0.016542519 4.5520844e-07 0.00086589094 3.6142806e-06 8.940568e-08 5.991936e-06 6.1817724e-07 3.6751693e-08 6.4654464e-06 0.00065465743 0.00027908044 1.9772118e-05 1.0642771e-06 9.693334e-06 2.9556585e-07 0.0056134616 3.6856065e-07 4.0578243e-06 0.003399896 0.0013199478 2.6449212e-05 0.005190386 2.898192e-07 3.76599e-09 6.343221e-07 2.6950688e-09 5.046428e-08 4.0640927e-05 0.00025315673 0.0004931087 7.4470713e-06 0.0037609683 3.789287e-08 0.00036512548 4.0890336e-10 0.033535477 0.00013328076 0.0002048564 0.005188082 0.021357194 0.02512698 0.0015030885 1.9476498e-09 0.001502741 2.5875265e-08 0.010881512 0.0040541305
0.81340325 0.85389006 0.8225007 0.03528973 2.6689106e-15 0.7963936 0.103054784 0.3007659 0.9778632 0.9534757 0.0091635985 0.5535537 0.027606329 0.13157062 0.4147917 0.36216506 0.023132479 0.027918402 0.0011485586 0.40103066 0.15188907 0.07023339 0.28273228 0.03694948 0.27212238 0.00032948126 0.028032241 0.09684794 0.02951146 0.06493266 0.0028939184 0.18050067 0.0035521304 0.036473908 0.0058315573 0.007294809 0.00012321731 2.5647632e-05 0.00071750104 0.002198371 0.0026173424 0.0010642924 0.00107232 0.00035837645 0.001406463 0.0069986326 0.00142186 0.0027787418 0.00017791649 0.0009244811 0.00046097266 0.00010348849 0.000105860425 0.0007490139 4.986068e-07 0.00024855684 1.558848e-05 0.00047310878 1.8385306e-06 0.00015958586 4.2402222e-05 3.92969e-06 6.612527e-05 0.0032235354 0.00022858552 5.1684245e-05 1.1441761e-05 4.7831305e-05 1.4387668e-06 3.0747822e-05 1.9171088e-05 2.4542408e-06 7.948146e-06 0.0018081819 8.794511e-05 0.0019730227 3.5233913e-06 1.0488286e-06 9.78606e-06 3.285177e-08 6.2885897e-07 6.3901854e-05 0.0010050547 8.277169e-05 6.96263e-06 3.0070803e-05 1.1186449e-07 5.3979144e-05 2.3289914e-09 0.0014207268 5.671377e-05 0.00013879017 0.0013215126 0.007195146 0.0011781503 0.00024957108 1.8824916e-07 0.00048371824 3.262068e-08 0.0010266145 0.00036674007
0.21189468 0.6855569 0.4389394 0.46345857 0.7963936 6.1898096e-19 0.5596629 0.026811294 0.9410428 0.16713081 0.22850636 0.9797287 0.35493833 0.94414806 0.049845647 0.026914166 0.8808761 0.06518145 0.008380386 0.41182035 0.641107 0.0015405371 0.036759056 0.0005810703 0.004049689 0.00491176 0.23356621 0.18871279 0.0007793505 0.0006480367 0.008298486 0.004178154 0.0022597888 0.0012902806 1.5114422e-05 0.00019453895 0.0029530947 0.014617312 0.004703926 4.883483e-05 0.00013552106 0.00097238977 0.0009839354 2.444745e-06 4.859218e-05 1.2372402e-05 5.905986e-06 1.1650424e-06 1.6176068e-07 1.0779224e-05 4.438452e-06 3.7533753e-06 0.0001980863 5.981571e-07 0.00019298051 7.5465914e-06 6.280007e-05 4.92637e-06 3.2566593e-08 4.2200254e-06 1.0337367e-06 3.0390035e-07 2.7282074e-06 9.378849e-05 1.9541132e-05 4.4052185e-06 1.03270246e-07 7.1779056e-07 2.8289813e-08 0.00015798074 2.4688209e-06 4.724295e-07 3.4051493e-05 8.31915e-05 1.3636425e-06 0.0005044098 2.5996727e-07 9.906543e-08 1.907372e-07 1.1764187e-09 2.0701247e-09 1.4366499e-06 0.0001590873 2.3335392e-06 9.878745e-07 1.4151141e-05 2.6999738e-08 3.6415804e-05 1.9235963e-10 0.006432414 6.64708e-07 5.8790545e-07 0.00024052135 0.0014690686 0.00083839754 5.1995535e-06 3.5428155e-10 7.3425625e-05 9.428949e-10 0.002055638 0.00011772006
0.36567125 0.48915952 0.25936592 0.98135906 0.103054784 0.5596629 7.08384e-17 0.45861018 0.011116483 0.018991062 0.9194377 0.00796511 0.88266814 0.043206036 0.005556061 0.002337385 0.4046239 0.8198247 0.3787496 0.0014766509 0.002016985 0.0009359737 0.00029955324 0.0005951973 1.4096201e-05 0.63437307 0.0011332614 0.00039586914 0.016280273 3.2378312e-06 0.6064622 0.013945169 0.23871002 8.483688e-06 3.48309e-06 2.0199906e-05 0.43647125 0.7839596 0.22075708 0.0019082504 0.00010421833 6.1167135e-05 0.13254547 4.6863772e-07 3.1712065e-07 2.6124522e-07 4.154209e-07 8.647363e-09 9.635213e-08 1.1073719e-06 0.0006310473 1.4132233e-07 0.020045675 8.95965e-09 0.014744613 9.1219977e-07 0.0013845529 3.099822e-06 8.239513e-09 1.2737867e-07 2.1561314e-07 1.8276124e-07 5.281306e-07 5.1200965e-05 0.00019897768 1.2560577e-05 2.8696687e-07 1.4965476e-06 5.219107e-08 0.0024045736 3.2700964e-07 8.3616163e-07 0.00088200206 0.00014129883 3.930547e-05 0.001318968 5.4534308e-08 6.115258e-08 1.8917104e-08 1.9109487e-08 2.2694355e-10 0.00011491677 0.00042487227 5.816389e-05 1.3297363e-06 0.000512762 5.4533342e-09 0.00019042545 1.0356321e-10 0.029412057 2.6704467e-05 1.5229988e-05 0.001388355 0.013830691 0.008970839 0.00047800623 4.0804347e-09 0.00075751316 3.2343295e-09 0.004124095 0.001105683
0.8974216 0.92743367 0.9457081 0.416428 0.3007659 0.026811294 0.45861018 2.666033e-21 0.02547801 0.31204402 0.028708642 0.007876595 0.030753734 0.0019313942 0.098416924 0.021378143 1.2331997e-05 0.885553 0.08807854 0.009749443 0.0017197714 0.089156866 0.0035491267 0.059966978 0.02232605 0.05234492 6.595097e-06 5.3113847e-05 0.9385319 0.00050495 0.016965225 0.5045582 0.65437216 5.7208155e-05 0.0015212381 0.00063311367 0.0033761137 1.8943203e-05 0.009319602 0.50289655 0.007812943 1.06328734e-07 0.18348219 8.304451e-06 0.00022963362 1.6975273e-06 0.00014937443 2.0855982e-06 9.689226e-07 1.0714307e-05 0.34162876 9.9559065e-06 0.023144647 3.103621e-07 2.4389763e-08 1.1144914e-06 0.0046873055 0.0031592278 1.7766935e-07 0.0014706183 1.1877501e-06 2.5550982e-05 0.00016435437 0.07081136 0.12810671 0.0007720266 1.3034343e-05 0.04059461 9.2981736e-08 0.001039946 1.1324433e-05 2.1910394e-06 0.0010682372 0.047255274 0.003722212 0.046803832 4.2756108e-07 5.3508165e-07 7.780954e-07 3.3355807e-08 6.500969e-09 0.004984933 0.0060834354 0.0065582944 9.357942e-07 0.0016737945 3.7994987e-08 0.0020816203 1.5063616e-10 0.032871682 0.0014671198 0.0014822655 0.022603877 0.0542675 0.025198173 0.0057619163 6.6055016e-08 0.008218655 2.3304845e-09 0.002637476 0.0012883417
0.36200714 0.53038853 0.39280087 0.0061001875 0.9778632 0.9410428 0.011116483 0.02547801 2.6548633e-18 0.64208555 0.0018695549 0.9510013 0.009810609 0.2950202 0.2206757 0.28791985 0.047478683 0.016636629 0.00019218601 0.7106301 0.337607 0.013547164 0.37343574 0.0071205026 0.13751125 0.00026047238 0.043829024 0.21509303 0.003322116 0.025845395 0.00029083967 0.035750434 0.0010941222 0.05686769 0.0005461153 0.0017157465 7.801012e-06 4.0340386e-05 0.00014956974 0.0002983069 0.0011184387 0.0009819135 0.00010393436 1.9414947e-05 0.00019661509 0.0011357968 5.409132e-05 3.926553e-05 5.7129073e-06 0.0002626285 1.6384613e-05 1.528846e-05 1.6727164e-06 3.1922984e-05 1.8581271e-07 5.2105806e-05 9.361539e-07 7.214512e-05 2.6037117e-07 2.805097e-05 2.2510987e-06 1.6251765e-06 1.1476558e-05 0.00049374916 5.6605382e-05 3.097564e-06 4.0477772e-07 5.1636284e-06 7.2900264e-08 2.146109e-06 3.1535772e-06 4.1834147e-07 1.3466405e-06 5.8297384e-05 1.3683525e-05 0.00028163352 5.001408e-07 2.5712458e-07 1.2966507e-06 2.6797937e-09 1.5845133e-08 1.5428262e-05 0.00032634812 4.0728693e-05 4.9024794e-07 4.1317458e-06 1.3606676e-08 2.0995109e-05 7.561341e-11 0.0008105482 2.2991762e-06 5.948993e-06 0.00031402675 0.0024073545 0.0012900463 9.768623e-06 1.5909356e-09 5.944589e-05 6.9302813e-10 0.00095054763 0.00013880922
0.9784048 0.45752606 0.57773 0.008180827 0.9534757 0.16713081 0.018991062 0.31204402 0.64208555 2.3780718e-17 0.0042871498 0.13273373 0.019792179 0.062138516 0.9648735 0.81300956 0.004030163 0.0027646173 0.0009616442 0.33581287 0.048529044 0.23824184 0.57402474 0.16681907 0.4592472 3.786746e-05 0.008429461 0.082697645 0.13180247 0.19003084 0.00086558255 0.42594537 0.0016623393 0.08567671 0.1133958 0.1364222 0.00026670122 0.00013900237 0.0006698786 0.010616401 0.01056217 0.0021458636 8.490054e-05 0.018920928 0.003774032 0.10794383 0.002668657 0.05744168 0.032610793 0.0007751872 0.00094784686 0.00053834426 6.5018445e-05 0.010764617 2.2748802e-05 0.00042076982 1.8328908e-05 0.0017782041 0.0015306508 0.0009267386 0.0008489495 8.917225e-05 0.00016395924 0.018572202 0.0029156008 0.0007507048 6.906414e-05 0.0022177768 1.4829152e-05 5.043152e-06 8.564798e-05 2.8258875e-05 1.759883e-06 0.022190014 0.0006371109 0.0006689156 8.7176124e-07 4.309611e-06 2.8620654e-05 1.918773e-07 5.493307e-07 0.0005702084 0.006113026 0.00013981083 2.5180148e-05 3.393501e-05 4.5980162e-08 0.001586797 1.1937554e-09 0.016180798 0.00033660815 0.00021624318 0.005256712 0.009149822 0.004538158 0.0011085126 1.6350358e-08 0.0009228879 9.020297e-09 0.0006369387 0.00038977506
0.012878964 0.09465926 0.020335734 0.76750535 0.0091635985 0.22850636 0.9194377 0.028708642 0.0018695549 0.0042871498 5.4580756e-18 0.0030454837 0.99352527 0.0066908724 0.0016844394 0.0015801298 0.50013304 0.15499501 0.0804961 0.00029535554 0.0006698569 0.00012708196 0.000100278456 0.00028211417 1.0853161e-05 0.06589566 0.00015215274 9.262751e-05 0.0030057956 2.0219381e-06 0.19078496 0.0009155287 0.013017444 6.5106146e-06 6.3351767e-06 3.4930712e-05 0.089537255 0.75815356 0.05918758 0.000114141614 2.0686213e-05 3.175333e-06 0.010529214 4.741875e-06 4.567973e-06 3.9561155e-07 2.7054327e-06 6.9339244e-08 3.267643e-07 1.1608805e-05 0.000111346424 7.353575e-06 0.000738256 4.9844783e-08 0.005847289 4.6774338e-07 0.00035096417 1.3742066e-06 3.6428274e-09 2.6293156e-07 9.73439e-08 2.653343e-06 1.8940436e-07 6.4266374e-06 4.7775506e-05 2.2346298e-05 2.461128e-07 1.555073e-06 2.8671426e-08 0.00065480196 2.7173273e-08 4.918481e-07 0.00020081425 0.0001887078 1.8936935e-05 0.0007941502 1.3066378e-07 5.390295e-07 3.3808398e-08 5.076701e-07 2.3395834e-09 1.9157216e-05 0.0002321376 7.6263136e-06 2.1172791e-07 0.0002273552 3.199619e-09 0.0006618483 2.3506606e-11 0.002580185 1.0798072e-05 2.8115595e-05 0.00024233223 0.0023292552 0.00064561865 0.00017203914 1.7971368e-08 0.0018780342 1.1549862e-08 0.0031017647 0.00028906277
0.09616348 0.15000589 0.08179474 0.0048056403 0.5535537 0.9797287 0.00796511 0.007876595 0.9510013 0.13273373 0.0030454837 4.7531034e-19 0.012746479 0.63815886 0.05870874 0.14243218 0.25042686 0.0038237192 4.3669304e-05 0.94513035 0.87247014 0.009743062 0.34268248 0.005854044 0.1493015 0.00016588195 0.44175595 0.70041084 0.00022376912 0.14471836 0.00015467443 0.009716358 6.0896717e-05 0.10436858 0.0006149773 0.0019161309 1.7828293e-05 0.00027064575 0.000115014685 1.93547e-05 0.0005201024 0.0147409355 6.0120707e-05 0.00012015984 0.00030465177 0.0004160577 0.00010922956 5.295074e-05 1.1626144e-05 0.0002063224 9.3310206e-07 6.554835e-06 7.025699e-07 1.2941027e-05 4.9903696e-07 5.2016785e-05 5.418955e-06 6.0886552e-05 5.039897e-08 3.2371598e-05 2.7634692e-06 2.5626719e-06 2.28068e-05 0.000104167455 9.049133e-06 4.1820505e-05 7.6285028e-06 3.2649297e-07 8.6341e-08 1.2536709e-06 2.921607e-06 6.6970614e-07 2.701246e-06 6.257905e-05 3.4790796e-06 0.00027576226 1.1732609e-06 5.346142e-06 7.514601e-07 2.8007358e-08 7.841766e-10 2.3813511e-06 0.00019797772 1.8553745e-06 9.992338e-08 4.506194e-06 6.3665867e-10 9.545783e-06 1.4152085e-11 0.00038604683 1.1413518e-06 3.1797208e-06 0.00020477359 0.0013936666 0.0005828674 1.065349e-05 6.9845824e-10 8.97536e-05 5.380367e-11 0.00037960784 7.057652e-05
0.022121701 0.22860327 0.07575089 0.5740534 0.027606329 0.35493833 0.88266814 0.030753734 0.009810609 0.019792179 0.99352527 0.012746479 2.0171821e-16 0.024625365 0.0058990596 0.002118039 0.90950733 0.12133792 0.0195931 0.0016794491 0.003090913 2.7854718e-05 0.0006170614 0.00026501846 2.6699068e-05 0.023295201 0.0016220498 0.00024249057 0.00056560786 1.9960237e-06 0.027221594 0.0016796615 0.0047308966 3.0409981e-05 1.2415871e-06 1.8325307e-05 0.012443011 0.6907972 0.020097805 2.8511004e-05 5.6883422e-05 0.00016333122 0.012164463 1.405844e-06 5.834461e-07 6.0299226e-07 8.8619413e-07 1.4361385e-07 3.4423186e-07 2.9461802e-05 3.8488e-05 1.5962916e-05 0.00036334284 1.7484595e-07 0.0026347407 6.9323314e-06 6.4396045e-05 2.7976178e-06 1.9454426e-07 1.7575441e-07 2.972391e-06 1.6940713e-06 9.330896e-07 7.769323e-06 1.48156805e-05 1.3578774e-05 1.0092222e-06 1.735859e-07 2.9281188e-07 5.7043955e-05 1.6226181e-06 2.5577503e-07 2.896225e-05 0.00031347826 8.628116e-06 0.00038489324 6.680266e-07 3.151536e-06 3.7546477e-07 4.2109107e-08 1.7360833e-08 1.3230277e-05 0.0027856908 2.936294e-06 6.0937964e-07 0.00025711884 3.2160056e-08 1.4962745e-05 3.7631254e-09 0.0009137986 1.3658199e-06 1.9836361e-06 0.0001149798 0.00094629114 0.00036485103 2.9417652e-06 2.5448514e-08 7.856323e-05 3.3969523e-09 0.0022805356 0.00029000462
0.020756705 0.08596056 0.030449402 0.013765285 0.13157062 0.94414806 0.043206036 0.0019313942 0.2950202 0.062138516 0.0066908724 0.63815886 0.024625365 1.326504e-15 0.021425566 0.020943608 0.9869643 0.0039502233 0.00039377206 0.29573774 0.91445506 0.00021885397 0.0540048 0.0006306334 0.001024346 0.0009294014 0.7970058 0.38070825 0.00020876717 0.0003172279 0.0003277026 0.00030582867 2.1701779e-05 0.008622269 8.134272e-06 8.5495456e-05 7.925669e-05 0.0019423153 0.00044369165 2.8151118e-05 2.2094402e-05 0.031579316 0.00013753765 3.2262014e-06 1.3518124e-05 1.1682299e-06 7.378126e-06 4.996195e-08 1.8294993e-07 3.0127005e-05 1.3773931e-05 4.0274925e-05 2.4335072e-06 4.4665475e-07 5.5316928e-06 3.3537656e-06 1.4298452e-05 3.6991228e-06 1.6734496e-07 6.1929336e-06 7.2029616e-07 2.9888806e-06 1.6834579e-06 7.70748e-06 3.1011612e-06 4.624777e-06 5.5371183e-06 5.5454655e-07 3.830643e-06 2.3533168e-05 7.244482e-07 3.8894365e-07 5.6224326e-06 0.00020818981 5.72141e-07 0.0011955963 9.672534e-07 2.0019013e-06 5.5953694e-07 1.1179638e-08 4.9604076e-08 8.2650365e-07 0.00053056644 3.420441e-06 9.85789e-07 7.359879e-05 3.466615e-09 0.0001074829 5.4046812e-11 0.00031649027 5.472883e-07 2.751849e-07 3.055551e-05 0.0006625645 3.978392e-05 1.6068373e-06 5.4863783e-08 5.53991e-05 2.3229148e-08 0.0018967037 0.00013467304
0.9687427 0.110586904 0.14353491 0.001246981 0.4147917 0.049845647 0.005556061 0.098416924 0.2206757 0.9648735 0.0016844394 0.05870874 0.0058990596 0.021425566 6.0374467e-15 0.9682382 0.0008850953 0.0004435148 0.0002236247 0.26599577 0.024630895 0.8430414 0.4675033 0.77662575 0.45790935 6.5317845e-06 0.005826151 0.053453233 0.061405092 0.26783308 0.00023201166 0.7558496 0.0002926518 0.07809857 0.37121257 0.42850372 1.5884994e-05 1.14096165e-05 7.162199e-05 0.005636946 0.07927694 0.0030543376 1.6324486e-05 0.08019408 0.026732238 0.2717886 0.024413038 0.20960595 0.12673658 0.009889342 0.0005107782 0.004263634 1.1961727e-05 0.021880891 9.815301e-07 0.0009562075 2.3782347e-06 0.005749728 0.018948497 0.0031141737 0.0018072198 0.000344846 0.0024542247 0.039817065 0.0030177298 0.0013237308 0.0005235821 0.002774514 0.00059303775 8.644989e-07 0.00017911075 5.3386608e-05 9.74933e-08 0.031177709 0.00085520826 0.00032978086 2.4005774e-06 1.1212051e-05 4.5778826e-05 8.737539e-07 1.0343115e-06 0.0005371058 0.0066193044 0.00028080694 2.5642228e-05 4.232374e-06 4.418731e-07 0.0019992734 1.5840087e-08 0.012864706 0.0004555815 0.00036691237 0.005494597 0.0065014507 0.0028067725 0.001715596 3.806317e-08 0.0014313494 9.759129e-09 0.0004533149 0.00011533475
0.9554288 0.050650995 0.07429604 0.00049443194 0.36216506 0.026914166 0.002337385 0.021378143 0.28791985 0.81300956 0.0015801298 0.14243218 0.002118039 0.020943608 0.9682382 2.7685344e-15 0.00031638768 0.00026995543 3.2878048e-05 0.53842133 0.06408749 0.8061821 0.7027921 0.7124222 0.8163502 5.2969704e-06 0.008986688 0.13002439 0.040583078 0.6437761 0.00011241788 0.41107714 0.00011623125 0.24414966 0.6993176 0.6386257 2.1612586e-06 2.0914401e-06 5.0690385e-05 0.002787021 0.05608785 0.00872146 1.0636728e-05 0.23716372 0.108815186 0.5663936 0.091812134 0.4833518 0.3254499 0.04164171 0.00022240091 0.013702775 1.9406143e-06 0.08516203 5.002563e-07 0.003640836 1.0225656e-06 0.005062495 0.055378336 0.0027847956 0.0052734246 0.00087885343 0.0037890598 0.022992034 0.00093615404 0.0009829934 0.0009840477 0.00039388376 0.0012948355 8.149122e-07 0.0009694309 0.00032293508 3.0170423e-07 0.016892044 0.0006235134 0.0007430773 7.131868e-05 5.4862663e-05 0.00019764154 6.521091e-06 2.4092826e-05 0.00033511504 0.0085127475 0.00011023133 9.460471e-05 7.659083e-06 3.521198e-06 0.0022969462 5.0052467e-08 0.0059514763 0.00035981784 0.00010401795 0.0041982047 0.012488156 0.0030396353 0.00086890615 6.0783777e-06 0.0011666853 4.4553264e-08 0.00076868903 0.00019079263
0.0043327613 0.014773003 0.0016582804 0.032035075 0.023132479 0.8808761 0.4046239 1.2331997e-05 0.047478683 0.004030163 0.50013304 0.25042686 0.90950733 0.9869643 0.0008850953 0.00031638768 5.1887546e-19 0.001933095 0.0021074407 0.015985256 0.4011179 1.5638384e-06 0.0023848442 6.2146523e-06 2.0104602e-05 0.0008114028 0.9134271 0.04178276 9.805903e-06 2.3306247e-05 0.004877884 3.917204e-06 1.2139261e-06 0.0007823187 3.1935117e-06 1.0425406e-05 0.003831429 0.12454925 0.0051052477 2.0688017e-06 2.2369634e-06 0.23184766 9.553082e-05 3.9502092e-06 3.0873744e-06 9.35427e-06 4.135923e-07 2.8840972e-07 1.0751078e-06 6.0995726e-06 1.4919704e-06 5.4448356e-06 0.00032708186 7.190238e-07 0.00074641366 2.7479076e-05 2.4649547e-05 9.393564e-07 5.2787635e-07 2.617145e-07 2.4255833e-06 3.083842e-07 4.3486675e-06 1.2101141e-06 2.9990283e-06 3.6843832e-07 7.3154333e-06 5.882526e-07 1.2435803e-06 5.1296713e-05 5.3762e-06 2.9748455e-07 2.3687485e-06 2.1688496e-05 1.7984039e-06 0.00032279867 2.6914336e-06 4.7164218e-07 3.7070814e-07 3.222619e-08 2.0106593e-07 3.2736489e-06 0.0001978818 3.2200815e-06 6.157035e-06 9.065125e-05 4.4739842e-08 3.6629703e-05 3.3197052e-09 7.984358e-05 4.068331e-07 3.6705964e-07 5.1874135e-06 0.0005628949 2.0196267e-05 2.2762613e-06 1.4721196e-08 0.00013769027 1.8919702e-06 0.0011002176 7.28528e-06
0.9949853 0.15344635 0.077588804 0.88799286 0.027918402 0.06518145 0.8198247 0.885553 0.016636629 0.0027646173 0.15499501 0.0038237192 0.12133792 0.0039502233 0.0004435148 0.00026995543 0.001933095 6.435777e-17 0.8416295 0.0026907255 0.0006996667 0.00027917256 0.0004683355 0.0001339823 0.00031821994 0.638381 0.00018640136 9.9391116e-05 0.2119234 0.00016739548 0.76046455 0.0034565765 0.85232794 0.00044516954 3.6441692e-05 5.153064e-05 0.18361765 0.07183587 0.24690041 0.07341326 4.326167e-05 0.00011380955 0.34758496 1.3233766e-06 6.4862097e-06 1.546487e-05 1.3543887e-06 1.506448e-06 3.0609056e-07 1.1288558e-07 0.12309971 4.78475e-07 0.092240326 1.556081e-05 0.0023423044 3.1494223e-05 0.009542458 2.9771783e-05 3.8788626e-06 3.651558e-05 0.00016434277 9.9659765e-08 7.354781e-06 0.008355946 0.012783859 7.193476e-05 1.2571081e-06 0.0030521173 4.757606e-06 4.0954677e-05 0.00016729208 8.7528766e-05 3.430946e-05 0.034459874 0.0006032062 0.048886366 9.290458e-09 1.912731e-09 2.4033872e-07 3.5674302e-10 8.866243e-07 0.0010300956 0.0020373324 0.0027837947 8.2729464e-05 0.0005046711 5.458166e-08 0.00039262127 1.6976042e-09 0.011991528 0.0022248833 0.0020055398 0.014462813 0.034948636 0.02199062 0.0063340208 9.642507e-09 0.0036483975 1.7215311e-07 0.006479128 0.0009004202
0.39428362 0.06640203 0.019230396 0.5681988 0.0011485586 0.008380386 0.3787496 0.08807854 0.00019218601 0.0009616442 0.0804961 4.3669304e-05 0.0195931 0.00039377206 0.0002236247 3.2878048e-05 0.0021074407 0.8416295 1.2470102e-15 9.958319e-06 1.9757717e-05 9.204119e-06 1.5515325e-06 1.8374814e-05 2.3150075e-07 0.97716475 7.999277e-06 1.0578055e-07 0.016562669 3.9786462e-07 0.9018273 0.0014199885 0.4571113 8.137733e-08 4.2977516e-07 5.9701216e-07 0.81232613 0.5958228 0.94594806 0.005549947 1.400117e-05 9.930309e-07 0.7000585 1.6270786e-07 2.1547932e-07 4.941521e-08 2.2620793e-07 2.2835787e-09 4.3194117e-08 3.249259e-07 0.020899052 1.6088083e-07 0.6106425 2.296141e-08 0.15486069 1.28909e-06 0.046466343 5.817606e-06 4.679582e-08 1.6817474e-06 5.641514e-07 7.0900256e-07 3.348933e-06 0.00057243765 0.0031861183 9.991153e-05 1.5321855e-07 1.9238138e-05 2.4220614e-07 0.05717252 1.1519701e-08 2.7281837e-06 0.0073206965 0.0010498846 0.0003858672 0.015393792 3.1124185e-07 2.4168492e-07 1.5586421e-08 3.230453e-08 9.795494e-09 0.0005867144 0.00012481523 0.00048731992 1.8430281e-06 0.0039375536 1.4487686e-08 0.00060432934 1.0872709e-09 0.013502605 0.00054915954 0.00097084796 0.0055526756 0.04511191 0.028918453 0.007130284 8.3119795e-09 0.0032685893 3.9107033e-07 0.016251808 0.0013483485
0.1605958 0.14310524 0.08339711 0.0010185306 0.40103066 0.41182035 0.0014766509 0.009749443 0.7106301 0.33581287 0.00029535554 0.94513035 0.0016794491 0.29573774 0.26599577 0.53842133 0.015985256 0.0026907255 9.958319e-06 1.9965114e-17 0.7552071 0.03607401 0.97402257 0.05275696 0.7177457 4.2739473e-05 0.37631747 0.8756886 0.0025170043 0.8187031 3.6499147e-05 0.064644516 7.788642e-06 0.61035705 0.014030163 0.09575967 1.172941e-06 4.2045267e-06 7.698944e-06 5.2368694e-05 0.0037321663 0.22787765 5.460965e-05 0.0015049735 0.002042318 0.004948166 0.0021633238 0.0017648573 0.00077839376 0.010616779 1.963253e-05 0.0004874261 6.937261e-07 0.004162901 4.1386448e-07 0.00189279 7.330462e-06 0.00033971068 3.3192766e-06 0.00018598425 0.00017592034 8.854194e-05 8.2210376e-05 0.00025007714 1.709795e-05 0.00016683036 0.00016926309 3.743009e-06 4.0380877e-07 3.5359978e-06 3.7788905e-06 1.3960137e-06 4.540367e-06 0.00026730928 1.2170496e-05 0.0007830875 1.7996306e-06 3.745262e-06 1.4605799e-06 8.248382e-07 3.8052644e-08 4.20713e-06 0.00026804654 4.599929e-06 3.6480736e-07 3.0179977e-05 4.9060476e-09 0.00021405573 1.9442524e-10 0.00027436775 5.11923e-06 6.2077634e-06 0.0004954699 0.0017823218 0.00025989008 1.7455839e-05 9.793565e-10 0.0001674247 9.470729e-10 0.00087255234 7.750545e-05
0.005808972 0.036306128 0.02422203 0.0009257316 0.15188907 0.641107 0.002016985 0.0017197714 0.337607 0.048529044 0.0006698569 0.87247014 0.003090913 0.91445506 0.024630895 0.06408749 0.4011179 0.0006996667 1.9757717e-05 0.7552071 7.301149e-18 0.0010204727 0.27271137 0.0027917959 0.016698174 0.00010506147 0.98072296 0.9577603 4.3285276e-05 0.031553376 2.4034285e-05 0.0008442933 1.0467193e-06 0.17345005 0.0004525842 0.0015370914 1.2208375e-06 5.9130534e-06 2.4222949e-05 1.5623487e-05 9.8977376e-05 0.16213588 9.122768e-06 2.848437e-05 0.00022530401 7.095532e-05 3.3055905e-05 1.48082e-06 5.5976725e-06 0.00026082117 1.5390164e-06 3.791646e-05 7.9278834e-07 1.0414276e-05 2.7914123e-07 9.015474e-05 1.912788e-05 2.3745363e-06 1.1260163e-07 4.0258237e-06 9.9872705e-06 4.6419987e-07 2.494868e-06 1.3487825e-05 5.276005e-07 1.30178705e-05 3.2090943e-06 2.1136827e-08 1.8587083e-07 3.844508e-07 3.931283e-06 2.7412004e-06 1.6738183e-07 2.7422504e-05 9.0322635e-07 0.000260417 4.7660637e-07 6.0188506e-07 2.7630702e-07 1.0864463e-08 6.9936014e-08 1.0188832e-06 1.8533083e-05 1.0376657e-06 2.6569222e-07 1.8540215e-06 4.2377452e-10 1.45971735e-05 6.0973327e-12 1.8016699e-05 1.40141e-07 1.4945573e-07 1.9035835e-05 0.00037037279 3.5566874e-05 1.446059e-06 2.0199615e-09 2.368797e-05 1.3988529e-09 0.0002793371 1.542579e-05
0.6730387 0.029837072 0.07751893 0.0006633751 0.07023339 0.0015405371 0.0009359737 0.089156866 0.013547164 0.23824184 0.00012708196 0.009743062 2.7854718e-05 0.00021885397 0.8430414 0.8061821 1.5638384e-06 0.00027917256 9.204119e-06 0.03607401 0.0010204727 6.7435527e-18 0.023030797 0.9883402 0.10986774 2.2176234e-06 1.06347e-05 0.0011743379 0.019338805 0.043998364 2.033575e-05 0.8658787 6.086026e-05 0.0024195914 0.58668584 0.12001407 4.3040323e-08 5.5089966e-08 8.07126e-07 0.0027598867 0.60675275 3.4742443e-05 2.6525879e-05 0.04997166 0.15549637 0.061826646 0.24310645 0.06059753 0.055300105 0.15268734 0.00013808002 0.004717806 1.057685e-06 0.0023135147 2.3907611e-09 8.3897095e-05 1.8325665e-06 0.034825053 0.00080500054 0.07176869 9.2969916e-05 0.010588659 0.08592904 0.066749796 0.00306522 0.011597305 0.015986113 0.005181173 0.00030057057 5.347654e-07 0.0002956864 2.3212595e-05 3.429807e-07 0.011235578 0.0041317977 0.0001661855 0.00012959239 9.629918e-05 0.00039568194 6.228065e-05 5.2227544e-05 0.0041411174 0.01648538 0.0007361522 1.075995e-06 1.52041275e-05 7.2485244e-07 0.006895552 6.4548374e-08 0.014853633 0.00091100356 0.00028230392 0.008394668 0.005856258 0.006760903 0.0049107433 3.0586602e-06 0.00441159 4.853359e-09 0.00017565917 9.368006e-05
0.16958573 0.07416174 0.072041444 7.7541605e-05 0.28273228 0.036759056 0.00029955324 0.0035491267 0.37343574 0.57402474 0.000100278456 0.34268248 0.0006170614 0.0540048 0.4675033 0.7027921 0.0023848442 0.0004683355 1.5515325e-06 0.97402257 0.27271137 0.023030797 1.0641603e-17 0.049160562 0.9626702 1.0645811e-05 0.1014982 0.6296407 0.0013714927 0.94324464 3.1595287e-06 0.05965172 4.7407735e-05 0.728771 0.012966495 0.095251076 2.5577214e-07 7.9417015e-07 1.26748555e-05 8.115619e-05 0.0027033866 0.27646583 3.0404675e-05 0.0014212952 0.0021741223 0.07605225 0.0022572407 0.012224949 0.0008680211 0.010935516 5.098051e-06 0.00089888956 2.9217952e-07 0.046661984 3.314007e-08 0.009127298 1.0448094e-06 0.0002540419 0.00027305554 0.0001637706 0.003080165 8.936908e-05 0.00019726812 9.573996e-05 1.2455309e-05 5.1086732e-05 3.61164e-05 3.2687046e-06 1.2158953e-05 1.645901e-06 0.00014211047 1.4334004e-05 1.84082e-06 0.00016909595 2.0968764e-06 0.001420042 4.757116e-06 3.3647397e-05 1.8223973e-06 2.9786254e-06 7.441129e-08 2.1734868e-06 0.00029683972 8.4046405e-06 1.6034732e-05 1.9709822e-05 3.483392e-08 1.4164388e-05 1.1504632e-09 0.00048041207 4.59885e-06 1.0676393e-05 0.00048402257 0.0051654265 0.00026507128 3.2218938e-06 4.92757e-09 0.00020459713 9.1410515e-09 0.00059233344 8.4712745e-05
0.8260367 0.017914355 0.039805647 0.00019211617 0.03694948 0.0005810703 0.0005951973 0.059966978 0.0071205026 0.16681907 0.00028211417 0.005854044 0.00026501846 0.0006306334 0.77662575 0.7124222 6.2146523e-06 0.0001339823 1.8374814e-05 0.05275696 0.0027917959 0.9883402 0.049160562 1.5952051e-16 0.1733137 1.0816618e-06 4.6218163e-05 0.0026983486 0.02369374 0.057920158 1.2415852e-05 0.86431855 2.6936379e-05 0.0040858164 0.56991845 0.13847633 6.391048e-08 6.784083e-08 4.3663827e-06 0.003166879 0.8145696 5.0960025e-05 8.734261e-06 0.09652097 0.1767109 0.099152714 0.2721689 0.09305743 0.093020946 0.16548364 0.000205668 0.009467267 5.5921387e-06 0.0049633654 3.298783e-08 0.0005169556 1.9753074e-06 0.08692013 0.004626447 0.094337784 0.00030010712 0.023240535 0.15186498 0.088083066 0.003916749 0.019926582 0.029333444 0.009135898 0.0017428811 3.6469532e-07 0.0013789599 0.00012501095 6.5470886e-08 0.01262496 0.005605087 8.9014036e-05 0.0002489288 0.00022096775 0.0012482749 7.999144e-05 0.00013487496 0.003978078 0.02445525 0.000955127 1.0298101e-05 3.775468e-06 3.46466e-06 0.009479555 4.3069136e-07 0.016526543 0.0011620315 0.00037367 0.009346687 0.004193565 0.006038011 0.0050921505 5.518198e-06 0.0058211996 3.401784e-08 0.00010602745 3.2433585e-05
0.19356874 0.08540834 0.08544053 1.6763537e-05 0.27212238 0.004049689 1.4096201e-05 0.02232605 0.13751125 0.4592472 1.0853161e-05 0.1493015 2.6699068e-05 0.001024346 0.45790935 0.8163502 2.0104602e-05 0.00031821994 2.3150075e-07 0.7177457 0.016698174 0.10986774 0.9626702 0.1733137 6.949393e-18 4.568888e-06 0.0018787248 0.09693094 0.0057621747 0.9773563 6.1068397e-07 0.16205682 1.6157143e-06 0.18428351 0.16826269 0.48363847 5.579125e-08 7.433593e-09 7.577548e-07 0.000252764 0.03763967 0.040609162 5.4829056e-06 0.027117891 0.021548614 0.16697812 0.03104571 0.057376683 0.012064286 0.036361013 1.2329999e-05 0.0032010695 8.1199175e-08 0.04228039 4.068032e-09 0.005533046 2.2910653e-07 0.0010780755 0.0012547983 0.0020966805 0.0018527242 0.0012233533 0.0011477735 0.001573595 0.00014568838 0.00037223395 0.00020886915 2.4363599e-05 2.1278458e-05 1.266136e-07 0.0011890728 9.486725e-05 1.046874e-06 0.0004776546 5.6607325e-05 0.0002751646 6.5353734e-06 1.5049353e-05 1.1456665e-05 1.0671457e-05 7.0760495e-07 3.764059e-05 0.0012555668 1.198493e-05 9.792941e-06 4.0187868e-05 5.3259544e-08 0.0008349772 2.2137003e-09 0.0008266227 1.4825505e-05 2.8117125e-05 0.0006493863 0.0049348674 0.0022173363 0.00020774655 3.2896832e-09 0.00053069624 2.4192645e-10 0.00042929818 7.3727424e-05
0.98826146 0.008603792 0.001469178 0.74629784 0.00032948126 0.00491176 0.63437307 0.05234492 0.00026047238 3.786746e-05 0.06589566 0.00016588195 0.023295201 0.0009294014 6.5317845e-06 5.2969704e-06 0.0008114028 0.638381 0.97716475 4.2739473e-05 0.00010506147 2.2176234e-06 1.0645811e-05 1.0816618e-06 4.568888e-06 4.297031e-14 9.757763e-05 9.550446e-06 0.001617476 5.0326926e-06 0.9150086 3.106882e-05 0.7624015 0.00013554936 1.1375139e-06 4.927545e-06 0.5947788 0.121615775 0.662298 0.000993146 5.093675e-07 2.7941263e-05 0.49894178 2.05958e-07 4.8483037e-07 1.4002178e-06 4.5156323e-08 1.0410985e-06 2.0477407e-07 1.3192125e-07 0.012145221 7.093076e-07 0.59410787 2.6616685e-06 0.014396052 2.0814643e-05 0.034810454 4.5599924e-07 5.2368193e-07 2.4856593e-07 2.4030136e-05 5.220299e-09 9.932269e-07 0.00014021755 0.0004542999 4.3939883e-07 7.1569066e-09 5.0307757e-05 7.570295e-07 0.0030609132 2.585239e-05 5.0826362e-05 0.0002694716 0.0017879604 7.9681864e-05 0.022150028 4.031652e-08 6.0644028e-09 3.0903554e-06 1.4058708e-10 4.8829094e-07 0.00015930638 0.00042811476 0.0008128426 0.00014979584 0.00092608295 2.3106227e-07 5.026776e-05 7.4399185e-09 0.008072334 0.00054306816 0.00061576755 0.00815416 0.02991481 0.013311815 0.0027967298 1.4999545e-09 0.0022071882 6.819409e-08 0.011011719 0.0004977793
0.00079694367 0.008400714 0.0032414384 0.00029495385 0.028032241 0.23356621 0.0011332614 6.595097e-06 0.043829024 0.008429461 0.00015215274 0.44175595 0.0016220498 0.7970058 0.005826151 0.008986688 0.9134271 0.00018640136 7.999277e-06 0.37631747 0.98072296 1.06347e-05 0.1014982 4.6218163e-05 0.0018787248 9.757763e-05 2.0617949e-20 0.9527639 7.423296e-06 0.007837342 5.0815208e-05 2.895402e-05 1.4311917e-07 0.4193667 5.9757467e-06 9.05778e-05 3.809836e-06 1.7172319e-05 6.8728725e-05 1.975799e-06 9.873269e-06 0.7947475 8.409623e-05 1.044931e-06 5.0700173e-06 9.887921e-06 5.7754903e-07 5.5244413e-07 2.7842275e-06 8.140827e-05 1.0672255e-06 4.0625622e-05 9.838115e-08 7.781789e-06 1.5161022e-07 0.00029014185 1.9096374e-06 7.35797e-07 7.285075e-07 4.951172e-08 3.5559722e-05 5.957694e-07 7.8915104e-07 1.0987385e-06 8.4832305e-07 3.5931527e-07 1.3518486e-07 1.9162155e-08 6.923329e-07 1.6930916e-07 2.3034797e-06 2.2698111e-07 2.9013475e-07 2.101056e-06 2.9796508e-08 4.3828597e-05 1.5760962e-06 5.0619076e-07 6.008726e-08 3.061787e-09 4.862134e-09 7.2567175e-08 1.09830835e-05 1.1363817e-08 1.1085891e-06 4.159254e-06 4.1290686e-09 5.9115115e-07 6.4692635e-10 4.0991113e-06 3.3247936e-09 1.9634832e-09 8.142247e-07 2.8736402e-05 3.2839364e-06 2.684287e-08 9.506042e-09 1.4596692e-06 1.5076039e-09 3.205936e-05 1.1285007e-07
0.0043906188 0.03300668 0.022949537 2.5689125e-05 0.09684794 0.18871279 0.00039586914 5.3113847e-05 0.21509303 0.082697645 9.262751e-05 0.70041084 0.00024249057 0.38070825 0.053453233 0.13002439 0.04178276 9.9391116e-05 1.0578055e-07 0.8756886 0.9577603 0.0011743379 0.6296407 0.0026983486 0.09693094 9.550446e-06 0.9527639 1.1367749e-18 7.745302e-06 0.46556327 1.5262185e-06 0.0008215916 8.191474e-08 0.9259335 0.0005728664 0.008469562 8.647202e-08 1.07816895e-07 1.0915624e-06 7.5405086e-07 4.789891e-05 0.8229745 2.7608144e-06 0.0001498763 0.00050844275 0.0011760514 0.00014580875 5.1446674e-05 1.4254544e-05 0.0006136381 1.2364453e-07 0.00028673068 3.1927442e-08 0.00081785605 3.2858394e-09 0.0028286001 2.4757455e-06 2.4078918e-06 6.6284633e-07 1.0685923e-06 0.00025550264 3.0097756e-06 4.7655303e-06 5.66412e-06 1.917646e-07 4.2718502e-06 4.400494e-06 4.1588986e-09 3.4324188e-07 1.930648e-08 4.2443407e-05 3.452845e-06 1.2831298e-07 5.4504158e-06 4.551776e-07 0.00038005607 1.0034993e-06 1.2559925e-06 1.9211772e-07 4.8030074e-08 2.0065468e-07 1.6963612e-07 7.0269157e-06 5.083334e-07 6.6919347e-07 3.6190613e-06 5.4827347e-09 3.5173782e-06 2.3600951e-11 7.085034e-06 7.699054e-08 2.028557e-08 6.3271887e-06 0.0001860215 1.4449314e-06 2.1696006e-07 6.1515903e-09 4.2488746e-06 1.2539618e-09 0.00010001553 4.031635e-05
0.9719525 0.20713253 0.29771987 0.03441939 0.02951146 0.0007793505 0.016280273 0.9385319 0.003322116 0.13180247 0.0030057956 0.00022376912 0.00056560786 0.00020876717 0.061405092 0.040583078 9.805903e-06 0.2119234 0.016562669 0.0025170043 4.3285276e-05 0.019338805 0.0013714927 0.02369374 0.0057621747 0.001617476 7.423296e-06 7.745302e-06 3.4066422e-15 0.00046608696 0.004116039 0.54262376 0.43909568 0.00014924642 0.0038557258 0.0012312344 0.00014922835 2.7093856e-06 0.0017120019 0.9726306 0.008989406 1.4364829e-06 0.07513136 5.463924e-05 0.00013535883 0.00020354969 0.000145479 0.0003616056 6.408183e-05 1.8005774e-05 0.63701713 1.5809957e-05 0.0019264844 7.3815604e-06 1.5707971e-07 1.6951162e-05 0.0004075906 0.0083136195 2.2782715e-05 0.0016665163 5.181597e-05 1.9512196e-05 0.00022362832 0.44315502 0.79074883 0.00262448 3.235669e-05 0.44630876 1.3312278e-05 1.0768219e-05 0.0001701101 5.0450642e-05 2.5872123e-05 0.5276367 0.024826007 0.6427216 2.4416562e-07 1.190902e-06 5.0577464e-06 6.952862e-08 3.059674e-07 0.050597824 0.021513943 0.050838314 6.9317234e-06 0.00041042967 1.8746088e-07 0.006331101 3.5860015e-09 0.1012795 0.021930955 0.013917249 0.12827487 0.18887287 0.13581598 0.037596416 1.3258526e-06 0.027778191 2.0230964e-07 0.0016549751 0.0018940801
0.049903207 0.018133348 0.03379402 1.5792017e-06 0.06493266 0.0006480367 3.2378312e-06 0.00050495 0.025845395 0.19003084 2.0219381e-06 0.14471836 1.9960237e-06 0.0003172279 0.26783308 0.6437761 2.3306247e-05 0.00016739548 3.9786462e-07 0.8187031 0.031553376 0.043998364 0.94324464 0.057920158 0.9773563 5.0326926e-06 0.007837342 0.46556327 0.00046608696 1.3359017e-18 1.6432433e-07 0.031610593 4.1076657e-08 0.7374428 0.06168258 0.55218846 2.709237e-09 4.4320583e-09 2.2348277e-07 3.355767e-05 0.0061635035 0.5481732 1.8656578e-05 0.093551725 0.036214206 0.64249027 0.027926384 0.39449084 0.09048284 0.030163068 5.799802e-06 0.023926029 1.3363443e-08 0.38807452 1.8627793e-09 0.09647115 1.403927e-06 0.0006906161 0.019598706 0.00019519591 0.012825218 0.00065220904 0.00094096636 0.00010566899 2.5906615e-05 0.00053291157 0.000394125 1.5548904e-06 0.000840337 1.2681542e-07 0.005446436 0.00011103965 2.3715106e-06 0.0003244174 1.9009112e-05 0.0011075679 0.0002461444 0.00024733765 4.7653324e-05 1.7767614e-05 6.706012e-06 1.0303062e-05 0.0002731277 5.7231046e-06 2.0598727e-05 7.1094655e-05 2.4960545e-07 4.9483522e-05 4.4976673e-08 0.00017929821 3.3229317e-06 1.4888789e-06 0.00023798663 0.0017629481 0.00015117586 6.223104e-06 3.8976276e-07 5.099585e-05 1.050849e-08 0.00010580129 1.1611164e-05
0.11851899 0.02859761 0.011181304 0.74653345 0.0028939184 0.008298486 0.6064622 0.016965225 0.00029083967 0.00086558255 0.19078496 0.00015467443 0.027221594 0.0003277026 0.00023201166 0.00011241788 0.004877884 0.76046455 0.9018273 3.6499147e-05 2.4034285e-05 2.033575e-05 3.1595287e-06 1.2415852e-05 6.1068397e-07 0.9150086 5.0815208e-05 1.5262185e-06 0.004116039 1.6432433e-07 1.5215118e-15 0.0003617629 0.13298626 9.4033163e-07 6.722164e-07 5.0568005e-06 0.96943384 0.93730974 0.92376393 0.0016251388 7.862367e-06 1.5487399e-06 0.5022332 1.6949365e-07 1.8510896e-07 4.351687e-08 2.6095423e-08 2.9411929e-08 5.8561145e-08 1.0429741e-07 0.0015177537 1.646741e-06 0.36886606 9.313257e-09 0.2113376 2.338696e-07 0.0069435206 2.1608134e-06 2.4374465e-08 1.2785442e-07 6.4897887e-07 7.456047e-08 5.19788e-07 0.00022679582 0.0006325624 2.029042e-05 6.6427866e-08 3.941179e-06 4.4766622e-07 0.015931223 1.2593681e-07 1.8614039e-06 0.0012209861 0.0015453659 0.00048365854 0.002350287 9.5068856e-07 3.6530015e-08 9.455595e-08 2.1925816e-08 2.0220865e-08 0.00067008345 0.0015540952 0.00022286335 3.456436e-06 0.00033654267 1.3605119e-08 0.00020035668 8.6957656e-11 0.0065758615 4.852749e-05 0.000120122844 0.0026056198 0.015453173 0.010138267 0.00087039603 4.2471506e-09 0.0008679272 8.4326715e-09 0.004098043 0.00075844064
