1.036051e-21 0.9664685 0.84418 0.71705395 0.9428524 0.9674287 0.9726573 0.92577684 0.9475861 0.86259186 0.95821345 0.7537799 0.8340859 0.90969217 0.9760065 0.6827668 0.9858617 0.91951174 0.98504364 0.8833481 0.92228955 0.83260983 0.99078214 0.45833775 0.957758 0.9128232 0.3149084 0.9075273 0.9112277 0.8885541 0.2997931 0.1432027 0.9310327 0.42547777 0.92503166 0.73916656 0.13996905 0.061153173 0.11946834 0.10648204 0.036243822 0.9825584 0.08458639 0.98352736 0.02389141 0.021665646 0.9124403 0.92726076 0.010555363 0.9937703 0.9925003 0.0026378026 0.97271276 0.0035687664 0.0025456368 0.6440319 0.9584065 0.0077476525 0.000637251 0.167799 0.0005522621 0.07582653 3.326989e-05 0.14938217 0.0010746593 0.0028893366 0.9987077 0.99596924 0.01730434 0.010990479 0.011162743 6.604026e-05 0.22842659 0.7868813 0.012268526 0.9794124 0.9116889 0.00014045175 0.0008467785 0.98340404 0.79955935 0.0125788655 0.015584208 0.0037764355 0.9958974 0.06882953 0.00077420496 0.17496967 0.007073467 0.0084578255 0.9863242 0.99909985 0.0009473598 0.9875564 0.90862566 0.9999239 0.015036213 0.9961129 0.99992704 0.28472275 0.9046611
0.9664685 3.1947794e-15 0.91262287 0.79654187 0.9714464 0.24681012 0.026465451 0.76954174 0.093473315 0.013666176 0.024772586 0.022223512 0.007264609 0.18331975 0.4399824 0.006949257 0.7541292 0.48037317 0.58338827 0.6435085 0.0042081275 0.12650222 0.00018047198 0.29779863 0.17625631 0.0002001302 0.0016469485 0.023827342 0.05427076 0.007084576 0.09001924 0.09486971 0.00024000238 0.028169105 0.10555051 0.00053626 0.007404765 0.00079732947 0.00017958452 0.005949887 0.015725374 7.2017015e-06 0.04324123 0.18167102 0.00932001 0.014783115 0.04153791 4.385406e-05 4.23943e-05 0.024132077 0.077483416 0.00025540811 0.0009804609 0.0001635393 0.00014435114 0.00024297043 0.0011044053 0.00012933828 0.00023633848 0.00041308894 1.8939174e-05 0.0013573176 2.288351e-05 0.0010193867 8.620287e-06 2.9935504e-06 0.24952927 0.00013063732 0.0012007382 0.00014928686 0.00013615661 2.6146157e-05 4.828232e-05 0.001514746 0.00023502027 0.06696129 0.0023330278 0.000101172875 5.9584498e-05 0.059942063 0.0017097266 1.1758244e-05 9.418058e-06 3.0823247e-07 0.017359959 6.953138e-07 1.2541211e-07 5.9658186e-07 2.5235777e-05 5.613453e-06 0.0036081302 0.009466149 1.9313305e-07 0.04515539 1.2705596e-05 0.02691835 2.3428612e-07 0.013799439 0.24222119 3.0953273e-05 0.00023319421
0.84418 0.91262287 1.6375625e-17 0.99006927 0.13115065 0.79219353 0.17722127 0.10926025 0.67781985 0.066763766 0.020714268 0.05376324 0.029264951 0.03807002 0.026423087 0.023884416 0.17191969 0.6004357 0.22506648 0.19374733 0.0047769337 0.16698557 0.00011271321 0.16480218 0.024799878 0.00026985968 0.0046191863 0.016524244 0.017241102 0.013798775 0.078611225 0.1593112 0.0007038129 0.06277249 0.012935081 0.000154447 0.023603104 0.0028143362 0.0006295731 0.03165847 0.047084972 2.6404314e-06 0.057630777 0.022514507 0.036654614 0.06711944 0.005563412 8.0578546e-05 0.00045405602 0.017223451 0.004125069 0.0032593803 0.00010368706 0.0033684773 0.004286391 0.00043560955 3.508024e-05 0.0018810948 0.0029600747 0.00085420767 4.1576855e-05 0.0017633322 0.0004505167 0.00021456508 2.236621e-05 9.609575e-06 0.0167311 0.00019691438 0.0010317939 0.00031846738 1.5723303e-05 0.00037133638 9.403814e-06 0.0014981491 0.000466521 0.008082403 0.0010924023 0.0017540773 0.0001910869 0.0033319425 0.00065655966 7.258936e-07 2.3616196e-05 2.5246294e-07 0.005802096 2.0587107e-08 5.472945e-07 7.792286e-07 1.3514206e-05 2.169462e-05 0.0021114761 0.004145762 1.2167413e-06 0.008021252 7.684496e-07 0.0076355054 2.3126368e-06 0.007961787 0.05721901 2.2196092e-07 4.8126753e-05
0.71705395 0.79654187 0.99006927 2.5512194e-18 0.04206879 0.87269163 0.31605577 0.07577343 0.7987302 0.14698972 0.029662535 0.1702549 0.072849266 0.01755632 0.01645756 0.08859555 0.13534312 0.5832574 0.16006881 0.13783333 0.0062895915 0.13100152 0.0003756179 0.1336893 0.009982482 0.0009517599 0.015212803 0.010855559 0.011592764 0.010319323 0.05304125 0.13903514 0.0010567927 0.03909982 0.008517843 0.0004163828 0.024687855 0.007342564 0.0023443992 0.027787805 0.058801614 4.9812284e-06 0.04103377 0.0087950835 0.028086241 0.058782455 0.0034238826 0.00021436792 0.00010022081 0.017086271 0.0017704845 0.0011767551 7.208109e-05 0.0018330519 0.0020166223 0.00239048 3.446941e-05 0.0005340603 0.0016512916 0.001382972 7.4099144e-06 0.00033736258 7.583028e-05 7.551829e-05 1.7983106e-05 2.3809537e-06 0.011350508 7.818347e-05 0.00021170442 0.00016414009 1.8900984e-06 0.00010527691 2.3847064e-05 0.0021273843 3.2213702e-05 0.005217754 0.0007295866 0.00011333159 2.2024664e-05 0.0024550944 0.0004058138 7.0502004e-08 5.4749456e-05 2.6763676e-08 0.0047173873 7.2054384e-08 1.6723075e-07 3.3220126e-06 1.5679056e-07 7.5341227e-06 0.0010930167 0.0030474917 3.6988848e-07 0.004344744 1.0696492e-05 0.0037105405 1.2125528e-06 0.0070237066 0.043970637 4.384377e-09 2.3634004e-06
0.9428524 0.9714464 0.13115065 0.04206879 2.6550886e-16 0.009795809 0.0024236664 0.96399695 0.00494748 0.0067721 0.014057915 0.001396908 0.0006652341 0.9502715 0.7371402 0.0006518086 0.26365215 0.061641272 0.5503998 0.118985385 0.00403872 0.011785239 3.653136e-05 0.034967657 0.018955192 9.108189e-06 8.202274e-05 0.050767526 0.05323132 0.0039031983 0.009430344 0.0023061717 0.0002680882 0.011417962 0.48394498 0.0003297689 0.00018752323 5.997668e-05 3.7666139e-06 0.00024354504 0.0008296633 6.5555827e-07 0.0017962778 0.4806019 4.21777e-05 0.0006882101 0.13431421 1.4026723e-05 8.6064415e-07 0.0089761745 0.3017107 1.5639594e-06 0.0050624367 5.3200586e-07 7.7937193e-07 7.1861145e-06 0.00238322 4.4432036e-06 2.138984e-06 7.208986e-06 2.1833745e-07 0.0003003663 8.715851e-07 0.0008915486 4.9781147e-07 1.16854686e-07 0.21618374 0.00017809268 0.0007038381 2.0744403e-06 0.00030169604 1.2413184e-06 1.0988889e-05 0.0041172593 3.6205975e-06 0.093585074 0.011978811 6.3800076e-06 2.590087e-06 0.26325834 0.0081436895 5.2937e-07 1.8321855e-06 8.4425885e-08 0.062279187 5.2496272e-08 1.2236139e-08 3.5008176e-07 2.6393477e-07 3.648192e-07 0.0043333457 0.031877626 4.478304e-08 0.10159889 3.3429485e-05 0.16326346 3.8952344e-09 0.024495881 0.22563815 2.8689465e-05 0.00024323589
0.9674287 0.24681012 0.79219353 0.87269163 0.009795809 7.280599e-17 0.98018384 0.0036393886 0.9744619 0.17828691 0.03863833 0.33495298 0.20898227 0.002654562 0.00060612033 0.5216435 0.016722167 0.31698895 0.11648421 0.013148569 0.00406974 0.3644993 0.00037930132 0.017706584 0.00769784 0.03148066 0.19274695 0.0037385768 0.00019367856 0.004117921 0.05295051 0.5071659 0.00028691257 0.00059701904 0.0015594735 0.00033727588 0.45341793 0.043018233 0.029239988 0.24506669 0.2960065 1.572985e-06 0.086986035 0.003492027 0.13312049 0.19922617 0.00042159023 4.060978e-05 0.010264618 0.023009354 0.0005576504 0.017753733 4.5276227e-07 0.09305686 0.05365544 0.002421423 2.0148401e-07 0.0058960905 0.010157147 0.0031701396 0.0034191138 8.41272e-05 0.00051853864 1.8755203e-06 0.007979578 0.00020565328 0.0065512555 0.00015392015 8.552894e-06 0.0010536881 2.5187314e-08 0.0017164387 0.0002960487 0.0003902346 0.0006957035 0.004007329 0.00068370503 0.00012761317 1.3475097e-05 0.00050598814 0.0007353523 7.071452e-08 0.00023881852 4.911693e-09 0.0017367477 2.502022e-07 1.566822e-05 7.8900354e-07 9.15405e-07 3.800334e-05 0.0001668154 0.0011619756 2.44695e-05 0.0020207595 6.2161644e-06 0.0008455185 1.4450534e-05 0.003971893 0.018221524 8.171749e-08 9.2183967e-07
0.9726573 0.026465451 0.17722127 0.31605577 0.0024236664 0.98018384 4.821496e-18 0.00085709593 0.8876491 0.26807302 0.056965496 0.6921842 0.42662826 0.0005394417 5.1276664e-05 0.9589715 0.0008838899 0.060285475 0.035196897 0.0014029446 0.005266306 0.09576152 0.0014400267 0.0031836051 0.0011105882 0.08596448 0.55973995 0.0017791089 8.240438e-06 0.0027146754 0.012491186 0.50117034 0.0006211939 2.1244818e-05 0.00062951306 0.0006037296 0.5162766 0.085861094 0.07741482 0.25354263 0.17747883 2.2342121e-05 0.020008584 0.002399581 0.03623507 0.08703073 0.00018828412 0.0001715866 0.032487992 0.0108775655 0.00075811736 0.025491135 3.9159733e-07 0.0767044 0.04991957 0.0062926128 5.4848613e-08 0.00026852754 0.004015401 0.008787252 0.0052851182 1.1686511e-06 0.00033435816 7.1333983e-07 0.0036107188 0.0008450408 0.004863904 0.00044289348 3.841325e-06 0.0029271208 1.2600956e-08 0.00091418595 0.00065326825 9.868887e-05 0.002877969 0.004185141 0.00015228732 8.9958754e-05 7.702249e-06 0.00034609184 0.00038506085 2.143793e-08 0.0008423771 2.5656757e-09 0.0013672811 2.6027078e-06 0.00028873657 4.1278704e-06 4.4435687e-06 0.0002538317 8.549994e-05 0.00082674256 0.00036454774 0.0018269757 3.983396e-05 0.0006085217 5.312383e-05 0.005762953 0.0064760544 1.7210813e-07 1.1105225e-06
0.92577684 0.76954174 0.10926025 0.07577343 0.96399695 0.0036393886 0.00085709593 5.9978626e-18 0.0025823587 0.0017760821 0.0011736023 0.00049995823 0.00044493313 0.94891995 0.938014 0.00018618409 0.31640652 0.045329705 0.14253 0.17647876 0.0009475184 0.0061742784 2.2030377e-05 0.081941694 0.025731148 8.577664e-07 3.3901597e-05 0.011473385 0.3728597 0.0011219035 0.017917208 0.0019080666 0.00021312792 0.10036489 0.3003136 5.0360245e-06 0.00013531753 1.8182978e-05 4.3654127e-06 0.00012269712 0.00017628228 8.380452e-08 0.0021809412 0.4997872 0.00023345946 0.00094949896 0.041564908 1.2883182e-06 2.229156e-06 0.0030164311 0.38396168 5.4656925e-06 0.023135198 1.2603697e-06 1.4318696e-06 2.2707543e-06 0.0065462934 1.195257e-05 1.684554e-05 3.8672184e-07 3.5490825e-08 0.0012547721 6.624223e-07 0.016040104 1.2255684e-07 2.3829742e-07 0.09568732 2.9782336e-06 0.011037404 9.542883e-07 0.0018784336 1.9864435e-06 2.7552025e-07 0.0011002538 1.0820456e-06 0.031477846 0.003387931 1.4155597e-05 1.2005246e-05 0.6334606 0.002532322 1.7683986e-05 2.4712778e-08 3.4791394e-06 0.03140499 3.93388e-09 4.8723614e-10 7.718428e-09 2.8222314e-06 4.6857204e-07 0.022521412 0.01144227 4.412532e-09 0.21099766 1.2831389e-06 0.22672868 4.975004e-10 0.004078939 0.10587635 0.00016804472 0.0010747644
0.9475861 0.093473315 0.67781985 0.7987302 0.00494748 0.9744619 0.8876491 0.0025823587 9.325685e-16 0.026115045 0.02087346 0.1493715 0.07905792 0.0009586934 0.0010200992 0.36359933 0.051864065 0.56073517 0.033220325 0.051471844 0.0024660798 0.53989685 0.0002789325 0.081071734 0.0400674 0.005280785 0.2616024 0.00028357375 0.00036392582 0.00050874084 0.21618587 0.78537077 0.00012261079 0.001125008 0.0005330798 0.00017926145 0.66996425 0.08969401 0.01575104 0.44414383 0.67045116 3.4137345e-06 0.2501862 0.002880946 0.34426832 0.4631595 0.0001264948 6.0093418e-05 0.009923225 0.008231272 0.0005501149 0.035600394 1.878575e-05 0.22616893 0.11818295 0.00080345623 2.5028658e-06 0.013141718 0.023022536 0.0012214408 0.004839778 0.00030210198 0.0011728947 2.04761e-05 0.013827612 4.4175595e-05 0.0024072435 0.00019192812 2.382504e-05 0.00096630375 9.188354e-07 0.0032047702 1.887466e-05 5.0979903e-05 0.00040664597 0.0031039694 0.00022341068 0.0005606253 0.00011411419 0.0005020972 0.00037167792 1.001164e-06 4.722318e-05 1.3087486e-08 0.001805059 1.6793683e-07 1.9711351e-06 5.0240436e-07 1.247339e-05 3.249213e-05 0.00075441314 0.0010583661 6.237644e-06 0.0030434036 9.390739e-06 0.0011484239 2.5608222e-06 0.0044527403 0.013356285 1.1614015e-06 1.754826e-05
0.86259186 0.013666176 0.066763766 0.14698972 0.0067721 0.17828691 0.26807302 0.0017760821 0.026115045 4.8037726e-21 0.9570156 0.9482736 0.9101724 0.0006325971 3.236561e-05 0.2281313 6.7870214e-06 0.0018488015 0.0572173 0.00013529262 0.466984 0.0013143397 0.8748174 0.0005074821 9.964361e-06 0.41997918 0.013721371 0.023346549 1.9188692e-06 0.07729057 3.063163e-05 0.021418396 0.24952082 0.000109201115 0.0037990245 0.71124434 0.0039043727 0.005999419 0.016577624 0.0053351386 7.935321e-05 0.17399046 1.9392808e-06 0.0013179999 2.337094e-06 1.0606173e-06 0.0014123571 0.18314159 0.00032748454 0.02724003 0.0005450164 0.00084823294 3.0197985e-08 1.3548493e-05 5.9134116e-05 0.56995136 8.22604e-09 1.5863225e-07 4.933034e-07 0.24366656 3.877191e-06 1.3721592e-07 8.560976e-07 2.9334839e-08 6.547525e-08 2.3475168e-06 0.009017848 0.018680364 8.2603506e-08 0.017707385 1.2337742e-10 1.6397063e-06 0.107227966 0.016078781 0.0035383408 0.009412581 0.0008505265 5.7806405e-06 5.1023803e-06 0.00021131935 0.0020364842 2.2621167e-08 0.021113766 7.844429e-10 0.005527187 0.00075302075 0.0021863056 0.0016166555 3.1243945e-07 0.00251011 0.0005446617 0.0032851882 0.00030347795 0.000946427 0.008454609 0.0005909869 0.050876122 0.06291042 0.04233239 2.0280154e-08 2.3829843e-06
0.95821345 0.024772586 0.020714268 0.029662535 0.014057915 0.03863833 0.056965496 0.0011736023 0.02087346 0.9570156 3.962217e-16 0.2548826 0.13142994 0.002053185 1.9126164e-05 0.013881559 1.6032149e-05 0.0022775263 0.6494726 7.423824e-05 0.9646331 0.0009922471 0.2657989 0.00029258485 3.413603e-05 0.021937283 0.0019820433 0.40745622 5.159646e-06 0.76541847 5.621921e-05 0.0029951727 0.58097374 0.00015125332 0.036359005 0.4442208 0.0010702155 0.00039020184 0.0008679288 0.0012526367 0.00017732124 0.0058413483 3.1395262e-05 0.008225971 9.570253e-05 0.00020219768 0.036125965 0.098082095 7.076908e-05 0.47707492 0.00443385 2.3469627e-05 3.3747387e-08 6.695121e-05 8.945056e-06 0.04071854 6.660558e-09 7.0386664e-06 1.3938341e-05 0.015537568 2.8686004e-06 2.4317686e-05 1.3767313e-05 2.631353e-07 1.858908e-06 2.8814005e-05 0.06599073 0.2599637 1.8601263e-06 0.0027411915 1.4742944e-08 3.537784e-05 0.02553793 0.06882185 0.00057294563 0.09937241 0.01949575 0.00041405583 0.000120959616 0.002915409 0.025636217 3.1627047e-07 0.0062449384 7.1861788e-09 0.031014668 5.6828012e-05 0.00023906578 5.135239e-06 2.5184087e-05 0.002745964 0.0005783701 0.03909837 5.2865416e-05 0.0017693443 0.000492197 0.0060992213 0.001640353 0.17019498 0.14551565 5.5325864e-07 7.7213335e-06
0.7537799 0.022223512 0.05376324 0.1702549 0.001396908 0.33495298 0.6921842 0.00049995823 0.1493715 0.9482736 0.2548826 9.8226993e-20 0.986084 0.0012594061 4.988747e-05 0.82118696 5.0325223e-05 0.003424304 0.047866344 0.00022445581 0.01943833 0.0029336547 0.10215675 0.00054363534 5.0912324e-05 0.58730435 0.38757616 0.0007247727 4.073974e-06 0.0046879114 0.0004959415 0.10139066 0.0025331962 2.7722132e-05 0.0007053843 0.010135172 0.05085378 0.08057695 0.3466014 0.08371583 0.033593092 0.0010604308 0.00021339394 0.0008185287 0.00080199976 0.001598012 0.00016797839 0.0018764918 0.03272397 0.0040719993 6.426138e-05 0.027683489 7.434333e-08 0.011772545 0.025819708 0.14361902 3.0644571e-09 6.803433e-05 0.00023216661 0.13991717 0.0025609287 6.2582086e-07 0.00018189505 4.6911705e-07 0.0003500488 0.0019321707 0.0011485378 0.0009444006 2.8001564e-06 0.02181599 1.0163768e-09 8.6725944e-05 0.014793875 0.0009816247 0.034671564 0.001279156 0.00036399506 0.0001366929 4.2065085e-06 7.3114956e-05 0.00047886895 1.0912001e-08 0.011104912 7.821232e-09 0.002898864 5.5744617e-06 0.0010920435 7.5254095e-05 1.7792462e-06 0.0015558347 0.00041094585 0.0012247367 0.0011520493 0.00034830518 0.0001983638 0.0007564141 0.0015981562 0.012548882 0.016782932 3.832131e-09 4.5262152e-07
0.8340859 0.007264609 0.029264951 0.072849266 0.0006652341 0.20898227 0.42662826 0.00044493313 0.07905792 0.9101724 0.13142994 0.986084 1.0247336e-16 0.00047586547 4.0990708e-05 0.8249764 2.7189542e-05 0.0014878726 0.02257635 7.704728e-05 0.012828215 0.0018319158 0.13466613 0.00037485675 5.3422613e-05 0.89121026 0.41457433 0.00044483025 1.1436056e-05 0.00084466656 0.000289985 0.048076272 0.001724939 0.00017909605 0.00025516367 0.017577246 0.047220774 0.074044324 0.42191026 0.100635536 0.013765981 0.0031583405 0.00015162375 0.00042428964 0.00038530698 0.0010293212 3.613142e-05 0.0021287256 0.056024704 0.0032749514 0.00011020295 0.025619736 8.759869e-08 0.0072844257 0.027535552 0.42183134 1.672147e-08 3.5645605e-06 5.229099e-05 0.2281201 0.0058276905 7.5298516e-07 3.9432183e-05 9.664991e-07 0.00016778788 0.011002665 0.0037667057 0.0010013159 1.05129075e-05 0.050652333 1.5650738e-08 9.293109e-05 0.03463626 0.0003413258 0.064685374 0.0010476612 0.00023121426 9.164847e-05 3.787672e-06 3.2157775e-05 0.00019663702 2.65513e-08 0.028148491 7.400475e-09 0.001703801 0.00028054972 0.0025529417 0.00038566595 9.210375e-07 0.005004038 0.00084303215 0.000951343 0.002965938 0.001066961 0.0007014181 0.0010674408 0.0023343933 0.011372878 0.018333074 4.6143924e-08 4.977137e-07
0.90969217 0.18331975 0.03807002 0.01755632 0.9502715 0.002654562 0.0005394417 0.94891995 0.0009586934 0.0006325971 0.002053185 0.0012594061 0.00047586547 1.4723174e-14 0.8067479 9.302135e-05 0.055643044 0.004132373 0.09815307 0.026637867 0.002592509 0.0011731861 3.0601233e-05 0.0153288655 0.0057637636 2.7592005e-06 7.4203517e-06 0.018770773 0.045664534 0.0012344624 0.003796075 0.0006025063 8.5239575e-05 0.017917654 0.36276925 0.00015795964 1.8685174e-05 6.1237355e-05 1.1620679e-05 0.00014486803 0.0001941131 8.201902e-08 0.0009509666 0.9509971 5.0621544e-05 0.00070506416 0.065527976 3.490685e-06 1.6227568e-05 0.0007941446 0.88067347 6.1083106e-06 0.034447428 1.5140145e-05 1.2598355e-05 2.0051659e-05 0.005689322 1.8564127e-05 5.3872864e-06 9.212807e-05 9.367594e-07 0.00082503614 8.566436e-06 0.0061081597 2.556541e-07 7.022611e-07 0.044668235 4.687189e-06 0.0076466035 7.363649e-05 0.0009815273 1.3436957e-05 4.160069e-05 0.0032213274 2.6851769e-05 0.015857313 0.002962557 0.00065568247 0.00028034995 0.49444237 0.002098832 0.00014369776 2.390627e-05 1.3361296e-05 0.02792685 3.8240437e-06 8.2507347e-07 2.7125515e-07 0.00012082725 1.7082384e-05 0.010412044 0.0051665106 4.8974886e-07 0.10800921 3.171919e-06 0.27470648 3.6534723e-06 0.006471406 0.08658864 2.3455845e-05 0.000100685436
0.9760065 0.4399824 0.026423087 0.01645756 0.7371402 0.00060612033 5.1276664e-05 0.938014 0.0010200992 3.236561e-05 1.9126164e-05 4.988747e-05 4.0990708e-05 0.8067479 8.7827205e-16 7.956193e-06 0.647162 0.051880985 0.038753886 0.3591283 1.4710636e-05 0.017378537 2.6925105e-07 0.12615724 0.16616794 2.5956085e-08 6.0978164e-06 0.0005109429 0.9684682 8.2436796e-05 0.03700806 0.0033442592 1.0149264e-06 0.122053415 0.053243507 6.078189e-07 0.00018044047 1.5808193e-05 1.7746555e-06 7.6945136e-05 0.0013437747 2.9060772e-09 0.011459546 0.41541818 0.0008323782 0.007374525 0.0067429356 1.0144334e-07 1.3322775e-06 0.0002044407 0.2711652 9.253338e-07 0.36134365 7.0559922e-06 4.810645e-06 1.3696986e-07 0.08481921 0.0002594453 3.6203543e-05 4.2309052e-06 4.1961152e-06 0.025101095 1.8251721e-05 0.15263344 4.3283685e-06 1.0214711e-06 0.055579957 2.614683e-07 0.024742413 3.963496e-06 0.002846934 8.211534e-05 8.585856e-07 0.0007544599 5.050872e-06 0.009426262 0.0007933421 0.0012959782 0.00026431552 0.45759138 0.00063741545 0.0010016058 9.8456425e-08 3.4920788e-05 0.012934194 2.8174244e-07 9.2638635e-09 8.1702956e-09 7.142228e-05 2.4809063e-07 0.06708367 0.0027934418 6.111853e-08 0.24666841 2.7857823e-07 0.12024709 5.699414e-09 0.0010101582 0.16737278 0.00030293636 0.0012885125
0.6827668 0.006949257 0.023884416 0.08859555 0.0006518086 0.5216435 0.9589715 0.00018618409 0.36359933 0.2281313 0.013881559 0.82118696 0.8249764 9.302135e-05 7.956193e-06 4.1090672e-16 0.000610673 0.0049678194 0.0033708713 0.00055367465 0.00092082756 0.0078167105 0.023106895 0.0008697816 0.00016088644 0.46774152 0.9773808 1.52519515e-05 4.3032987e-06 4.650493e-05 0.0006140071 0.35746768 0.0002876943 1.1967066e-05 8.8527e-05 0.0011869846 0.3054851 0.48355064 0.73884624 0.4611077 0.07670127 0.0003250659 0.00039232554 0.0001533736 0.0029914344 0.00954578 1.3378459e-05 0.000882562 0.13902871 0.0002737175 3.908994e-06 0.12587987 1.0314957e-07 0.037196375 0.09959474 0.04821391 1.1822204e-08 1.2311687e-06 0.0005616758 0.054625504 0.025083167 1.9844884e-07 0.00017755831 5.361493e-07 0.0012121407 0.020614933 0.00025958018 0.00023325294 2.8962377e-06 0.004134363 1.8249432e-08 2.3554769e-05 0.00087117916 5.996415e-05 0.003403659 0.00036891425 6.611808e-05 1.2036887e-05 2.8354232e-06 4.696498e-05 0.0003376935 2.198113e-08 0.001394092 4.3582032e-10 0.0005141938 6.392983e-07 7.226728e-05 4.589049e-06 1.2569714e-06 0.0001472645 0.00024004997 0.00023247214 0.000121962614 0.00044197027 4.796254e-05 0.00023389155 2.4727313e-05 0.0038997715 0.0015799039 2.5573286e-07 9.814618e-07
0.9858617 0.7541292 0.17191969 0.13534312 0.26365215 0.016722167 0.0008838899 0.31640652 0.051864065 6.7870214e-06 1.6032149e-05 5.0325223e-05 2.7189542e-05 0.055643044 0.647162 0.000610673 3.7607495e-17 0.689637 0.0507184 0.96176046 5.92788e-06 0.48529816 2.4662194e-07 0.8545478 0.8276253 1.6167863e-07 0.00014325553 0.0001043508 0.5349044 2.1172511e-05 0.5178135 0.0859967 9.9008e-08 0.74934006 0.016894516 1.95636e-07 0.016195526 0.00017643816 1.4925604e-05 0.010172905 0.057770036 5.6924527e-08 0.19988897 0.10714671 0.062043905 0.111312 0.0006658285 2.5145603e-08 1.8353852e-05 0.0005351769 0.035585802 0.00028233352 0.043836486 0.004046423 0.0011371457 1.2983762e-07 0.013526548 0.028218003 0.0054338756 1.9222412e-06 4.2247346e-05 0.068208575 0.0006517384 0.0155024 0.0007490971 1.5281936e-06 0.019647274 6.858628e-06 0.010750915 7.363133e-06 0.0011113266 0.0015699085 1.0575977e-07 0.00022130074 1.46470675e-05 0.0072066113 0.00019454955 0.0028370237 0.0010247907 0.060319565 0.0001686677 0.00031829186 2.0577147e-07 2.174966e-05 0.0048037777 3.5004426e-08 9.063188e-09 2.7517558e-08 0.0011577876 7.4249236e-08 0.01988714 0.0012133828 7.129919e-08 0.08629202 9.305377e-08 0.011154927 2.389185e-08 0.002204052 0.06315105 4.0985116e-05 0.0007308878
0.91951174 0.48037317 0.6004357 0.5832574 0.061641272 0.31698895 0.060285475 0.045329705 0.56073517 0.0018488015 0.0022775263 0.003424304 0.0014878726 0.004132373 0.051880985 0.0049678194 0.689637 8.735766e-18 0.075742416 0.7015896 0.00035778942 0.98247385 3.1132975e-05 0.84592223 0.092261516 1.1670468e-05 0.00026295733 0.00053183467 0.0057748333 0.0006616221 0.62833756 0.13856721 1.8221946e-05 0.047249775 0.002808174 4.428858e-06 0.008391114 0.00028712663 2.4223711e-05 0.006511137 0.06434769 1.1526139e-06 0.26163784 0.015978834 0.08754247 0.18445486 0.0006165299 5.677322e-06 1.1026019e-05 0.0067235655 0.0018826382 0.0003676793 8.335391e-05 0.0022769966 0.00058002863 1.2625202e-05 0.00019889818 0.0040972726 0.0062235733 8.820682e-06 1.5215022e-05 0.0011742618 0.00046206664 4.7249443e-05 4.7116704e-05 2.1228748e-06 0.01796725 5.5380613e-05 0.0002843873 2.870854e-05 3.3531037e-06 0.0005404379 1.5058195e-07 0.00014615848 4.7275653e-06 0.0047817123 0.00033143046 0.0012675932 0.00014742481 0.0019184677 0.00023087583 2.6228946e-07 2.448637e-06 3.7674003e-08 0.0040348647 1.679742e-08 1.3238827e-08 1.0709996e-07 6.0578454e-06 5.400442e-07 0.0022501857 0.001221851 1.0364359e-07 0.010921129 6.718363e-07 0.0018269628 1.6715754e-07 0.0061761397 0.08121333 1.0111687e-07 3.6806152e-05
0.98504364 0.58338827 0.22506648 0.16006881 0.5503998 0.11648421 0.035196897 0.14253 0.033220325 0.0572173 0.6494726 0.047866344 0.02257635 0.09815307 0.038753886 0.0033708713 0.0507184 0.075742416 5.4576853e-16 0.035068333 0.44869688 0.013377655 0.008796617 0.0071599083 0.0028441916 0.0015266605 0.00019142925 0.93245053 0.0032694526 0.5577888 0.0033265275 0.001897709 0.13060388 0.00046014454 0.8042034 0.011578888 1.71782e-05 5.219951e-05 6.2158055e-05 0.00022477051 0.00020514283 7.697186e-05 0.0015185297 0.08961465 7.454224e-05 0.0020022145 0.7506073 0.004636626 6.2708896e-06 0.53436136 0.1318418 1.3362635e-05 1.7155393e-05 7.0432393e-06 1.7802724e-05 0.00056491 1.6493068e-05 6.564473e-05 7.642586e-06 0.00010468022 1.7093441e-06 0.00024020068 6.259513e-06 8.014105e-06 7.0349046e-07 5.133189e-07 0.44882226 0.0065644546 7.488782e-05 5.9546687e-06 1.4547483e-06 6.008628e-06 0.0007222963 0.06051639 2.1159299e-06 0.45432523 0.09147081 1.43968455e-05 3.263131e-05 0.16623357 0.01610835 1.5161392e-06 0.00013356055 1.497849e-07 0.16895011 1.9939462e-06 1.295148e-06 7.3056265e-07 6.414425e-07 2.8564047e-05 0.0037078345 0.06863436 1.1599316e-06 0.05141688 0.00025726994 0.32423517 1.074975e-05 0.08319152 0.46167096 2.2187044e-06 3.7784775e-05
0.8833481 0.6435085 0.19374733 0.13783333 0.118985385 0.013148569 0.0014029446 0.17647876 0.051471844 0.00013529262 7.423824e-05 0.00022445581 7.704728e-05 0.026637867 0.3591283 0.00055367465 0.96176046 0.7015896 0.035068333 8.814257e-19 3.9987386e-05 0.29777643 7.025672e-07 0.9659056 0.56972027 2.5772974e-07 1.0417983e-05 0.00019520428 0.2969597 8.9874455e-05 0.52196014 0.030737292 3.5979383e-06 0.7922576 0.0044733197 1.783171e-07 0.0008747727 2.4494999e-05 4.7217122e-06 0.00057029625 0.018443855 4.7322064e-08 0.16690241 0.02950851 0.026287045 0.06299333 0.00061249855 1.195884e-07 2.1119642e-06 0.0006141582 0.01179032 3.1615436e-05 0.012535138 0.00069006276 8.280058e-05 5.943983e-07 0.0028469693 0.004980193 0.0029643008 2.0422331e-07 2.656742e-07 0.02577835 0.00019052444 0.0046159453 3.249146e-06 1.2538639e-07 0.0071586454 4.7187773e-06 0.0046051024 1.5065141e-06 0.0006401244 0.00021343627 1.0016376e-08 2.5452338e-05 4.0246007e-07 0.004104381 0.00012209703 0.0011257711 0.00020319321 0.007940938 9.209364e-05 9.266855e-06 4.6516217e-08 3.923317e-06 0.0044040447 2.6627726e-08 1.6913213e-09 2.4879577e-07 4.9058843e-05 4.2595886e-08 0.004902723 0.0009557899 1.8525862e-08 0.017344968 1.9751246e-06 0.005428916 8.097415e-08 0.0005929142 0.05415364 3.3759302e-06 0.00016156943
0.92228955 0.0042081275 0.0047769337 0.0062895915 0.00403872 0.00406974 0.005266306 0.0009475184 0.0024660798 0.466984 0.9646331 0.01943833 0.012828215 0.002592509 1.4710636e-05 0.00092082756 5.92788e-06 0.00035778942 0.44869688 3.9987386e-05 3.8373273e-15 0.00021330135 0.10135048 0.0001370137 1.5375428e-05 0.0025074184 0.0002505744 0.4996064 5.4128115e-05 0.84975666 7.698559e-05 0.0001569817 0.96505845 0.00017282813 0.024137227 0.5548458 3.9359707e-05 5.6327783e-05 0.00018843714 2.689903e-05 6.3952095e-05 0.0030559108 1.6698787e-05 0.0024682241 3.7812642e-05 0.00021596062 0.023717092 0.1885216 2.2014372e-05 0.4535719 0.002558429 1.2016047e-05 3.5446917e-08 2.0543775e-05 3.3912993e-06 0.0062679634 1.1842515e-08 1.47424325e-05 6.3283085e-05 0.00292194 1.0169383e-05 7.387839e-05 7.783136e-05 8.4038663e-07 1.5179253e-05 1.1830906e-05 0.031178182 0.4357885 8.860973e-06 0.00043977532 4.7177778e-08 0.00031427358 0.012742085 0.24659033 0.000120964105 0.076153345 0.037198618 0.0003618633 0.000119914526 0.0011381601 0.06871072 2.1000211e-07 0.0024516876 1.0581983e-08 0.03164292 0.00012730114 0.0002714965 6.726069e-05 2.7297297e-06 0.001703053 0.00044171634 0.061543573 4.842989e-05 0.0005189762 0.0011830485 0.0044172127 0.002509622 0.22713532 0.07374406 1.6010797e-06 8.380109e-06
0.83260983 0.12650222 0.16698557 0.13100152 0.011785239 0.3644993 0.09576152 0.0061742784 0.53989685 0.0013143397 0.0009922471 0.0029336547 0.0018319158 0.0011731861 0.017378537 0.0078167105 0.48529816 0.98247385 0.013377655 0.29777643 0.00021330135 1.1101934e-15 6.692624e-05 0.6929106 0.31721115 1.3435778e-05 0.0010517526 0.00017274493 0.0030467128 0.00013281089 0.9480918 0.49711302 1.8074885e-05 0.07434213 0.00040210373 4.3243228e-05 0.09207611 0.00094940164 0.00016911498 0.053587943 0.50328004 3.3721522e-06 0.7741821 0.0053805197 0.5715567 0.755316 7.2145325e-05 6.6669774e-05 5.475347e-05 0.004817366 0.00032648974 0.0010778473 0.00068557996 0.048113033 0.007258363 7.350602e-06 0.00033620646 0.11392592 0.098013766 4.173453e-05 8.675457e-05 0.02146006 0.007438008 0.0004529363 0.0061121364 7.726129e-06 0.0065277503 0.00043142517 0.0007062149 3.2928823e-05 9.965264e-06 0.015260078 5.121796e-07 6.869956e-05 1.3493626e-05 0.0028616302 0.00022928284 0.004896228 0.0011864471 0.0009558182 0.00035952302 6.93125e-07 1.103465e-06 2.4369536e-08 0.0012788364 3.7786722e-07 3.3750587e-07 3.3088105e-07 6.739328e-05 6.1010707e-07 0.0041650496 0.00036056776 2.407826e-07 0.004904245 1.0224307e-05 0.0013213451 1.3593998e-07 0.0019561774 0.030194419 2.9268333e-06 0.00014330512
0.99078214 0.00018047198 0.00011271321 0.0003756179 3.653136e-05 0.00037930132 0.0014400267 2.2030377e-05 0.0002789325 0.8748174 0.2657989 0.10215675 0.13466613 3.0601233e-05 2.6925105e-07 0.023106895 2.4662194e-07 3.1132975e-05 0.008796617 7.025672e-07 0.10135048 6.692624e-05 4.714161e-16 9.918105e-06 1.3376246e-06 0.6366328 0.012919092 0.0010621732 7.748468e-07 0.0075886603 5.2726778e-06 0.00028800778 0.14874288 9.746728e-06 0.0002690053 0.8676263 0.00017255278 0.003210487 0.03329708 0.0016537856 3.894562e-05 0.8079508 4.3325252e-07 0.00018127458 1.1695621e-06 2.0719343e-05 0.00022869933 0.3599286 0.0038172523 0.013539246 2.0923788e-05 0.00033364465 1.0445263e-08 9.4385716e-05 9.261912e-05 0.88629645 1.0115284e-09 1.3156701e-06 3.06297e-05 0.7713955 0.00014921853 5.405716e-06 1.2216463e-05 3.6751345e-08 0.00023685476 0.0017869156 0.0036755872 0.03858157 9.0700195e-07 0.22839348 1.7375069e-07 8.288725e-05 0.882608 0.0024063354 0.06383706 0.0074519813 0.0010128041 0.00028861902 4.8608916e-05 4.867321e-05 0.0026214481 1.1579481e-07 0.751461 7.563613e-09 0.004251021 0.0033755503 0.18921627 6.0250193e-05 0.00015424652 0.37366965 9.6884774e-05 0.0040403632 0.062664576 0.00011420302 0.00019013092 0.00034404552 0.0564652 0.07686516 0.019974142 1.3319446e-06 3.6575977e-07
0.45833775 0.29779863 0.16480218 0.1336893 0.034967657 0.017706584 0.0031836051 0.081941694 0.081071734 0.0005074821 0.00029258485 0.00054363534 0.00037485675 0.0153288655 0.12615724 0.0008697816 0.8545478 0.84592223 0.0071599083 0.9659056 0.0001370137 0.6929106 9.918105e-06 2.9241953e-18 0.90140635 3.4790403e-06 4.196205e-05 7.216191e-05 0.20117384 0.00014913816 0.91385394 0.025135001 6.645223e-05 0.82347465 0.0011192153 1.6341675e-06 0.0011135322 7.447544e-05 2.4631498e-05 0.00080871396 0.039281525 1.1539008e-06 0.5305898 0.0075829816 0.27796152 0.37445262 0.00014919548 8.655008e-06 4.431085e-06 0.0010704655 0.0023144428 6.7757006e-05 0.015705787 0.0030120804 0.00039829782 3.2343314e-06 0.0030597164 0.055701844 0.02648015 5.129607e-07 3.3146646e-06 0.12430887 0.0012096227 0.0069851433 0.0001100704 3.6674197e-07 0.0023923684 3.916605e-05 0.007899011 1.6609455e-06 0.0017550956 0.001758488 3.5772523e-08 2.0738993e-05 3.909887e-07 0.002815661 7.284603e-05 0.0054128408 0.0013448856 0.0024100805 6.738667e-05 2.2869963e-05 1.178649e-07 6.1287974e-06 0.0021364286 1.9398687e-08 1.0799363e-08 5.697958e-07 0.00013031988 1.8135853e-07 0.0048145694 0.00060118246 3.0854906e-08 0.0052914424 4.8983593e-06 0.0031326625 5.9162084e-09 0.0007908044 0.019424103 1.2127372e-05 0.00010255307
0.957758 0.17625631 0.024799878 0.009982482 0.018955192 0.00769784 0.0011105882 0.025731148 0.0400674 9.964361e-06 3.413603e-05 5.0912324e-05 5.3422613e-05 0.0057637636 0.16616794 0.00016088644 0.8276253 0.092261516 0.0028441916 0.56972027 1.5375428e-05 0.31721115 1.3376246e-06 0.90140635 3.1422137e-12 1.0824502e-06 7.050373e-05 3.4956574e-05 0.26881808 8.7356224e-05 0.9130748 0.007965118 9.420205e-06 0.95353097 0.0015020891 1.2166184e-06 0.00090972 1.6047952e-05 2.160219e-05 0.0009075407 0.040994707 3.2659202e-07 0.80538833 0.016334191 0.5246529 0.5812082 9.534452e-05 2.1029823e-06 1.5707596e-05 0.0008195577 0.004741871 5.1193936e-05 0.19095352 0.0064601894 0.00092350773 1.7952406e-06 0.033370353 0.5411068 0.06494324 1.1786316e-06 2.8561431e-05 0.6537069 0.0042404835 0.062332362 0.0071799667 3.1764794e-05 0.005502815 0.00032632757 0.027249588 2.7586455e-06 0.004843396 0.030087981 5.1606747e-08 0.00019381788 1.80201e-05 0.0047649033 0.00014905981 0.029289067 0.032414332 0.017876776 0.00021622462 0.002497612 6.883321e-07 0.0005974012 0.0006858775 1.5701411e-07 3.1149423e-07 2.9172412e-08 0.021316081 1.0058975e-06 0.04581513 2.4322462e-05 8.9472e-07 0.08563125 3.29251e-06 0.0040382654 5.3307616e-08 0.0015404439 0.02060096 0.003328387 0.0065721087
0.9128232 0.0002001302 0.00026985968 0.0009517599 9.108189e-06 0.03148066 0.08596448 8.577664e-07 0.005280785 0.41997918 0.021937283 0.58730435 0.89121026 2.7592005e-06 2.5956085e-08 0.46774152 1.6167863e-07 1.1670468e-05 0.0015266605 2.5772974e-07 0.0025074184 1.3435778e-05 0.6366328 3.4790403e-06 1.0824502e-06 1.0282494e-17 0.15416367 3.4355656e-07 1.1710057e-07 3.1818065e-05 1.8293022e-07 0.0019708667 0.00076138397 2.9275395e-06 2.6200757e-06 0.08787567 0.010978427 0.09182116 0.8565973 0.046176743 7.404747e-05 0.071644194 2.510233e-08 0.00052299746 1.833758e-07 3.410022e-06 1.2675056e-06 0.03744867 0.10699494 0.0030374778 2.0040969e-07 0.022249993 2.0204327e-08 0.00019961136 0.005798992 0.9561728 9.101086e-10 2.9414286e-08 2.125122e-07 0.9251196 0.0034472125 2.838382e-07 1.0189201e-06 9.420468e-09 5.1763445e-06 0.13268954 0.0059992326 0.009994093 1.5037725e-06 0.73532027 2.0509388e-08 4.2633832e-07 0.38129598 0.00034248285 0.73041904 0.0013264065 1.6330108e-05 7.365598e-06 2.3899577e-06 5.4131237e-06 0.00022516484 2.989706e-07 0.28189227 2.1825217e-08 0.0009927124 0.00026189492 0.06930356 0.0015163387 4.154774e-06 0.062224016 0.00035533853 0.00028957904 0.19167201 0.006156718 0.0035169062 0.00012887103 0.009249344 0.055790734 0.015514209 2.923937e-08 2.3313294e-07
0.3149084 0.0016469485 0.0046191863 0.015212803 8.202274e-05 0.19274695 0.55973995 3.3901597e-05 0.2616024 0.013721371 0.0019820433 0.38757616 0.41457433 7.4203517e-06 6.0978164e-06 0.9773808 0.00014325553 0.00026295733 0.00019142925 1.0417983e-05 0.0002505744 0.0010517526 0.012919092 4.196205e-05 7.050373e-05 0.15416367 1.9303583e-18 4.5748307e-06 1.5600467e-07 2.409163e-05 1.0361484e-05 0.13976288 7.0402375e-06 2.910805e-06 1.23574855e-05 0.0005839318 0.29564816 0.9382011 0.9515591 0.66967994 0.01812077 7.227652e-05 3.7647035e-06 8.5067986e-05 5.477323e-06 0.0004581133 4.9999944e-06 5.7860372e-05 0.3292946 9.7421136e-05 8.0280086e-07 0.29366046 4.32642e-08 0.051424712 0.15755016 0.0049010986 1.5258467e-09 3.327733e-08 1.4238212e-05 0.0070864977 0.05650578 2.0828075e-08 1.0898757e-05 7.009547e-08 0.00077185873 0.035304923 0.00030883172 0.0004351673 2.0611144e-07 0.0011633704 9.833884e-10 6.1003965e-07 0.00013026981 1.1644853e-05 0.0033351183 0.00017280079 6.711348e-06 1.2101349e-06 1.7111324e-07 3.4779514e-06 5.419645e-05 4.330232e-09 0.00036755184 1.2718027e-10 6.156656e-05 8.665112e-07 3.5490433e-05 1.3815995e-06 1.4944374e-07 3.383206e-05 3.0346015e-05 3.4808916e-06 0.00020143435 0.0008215367 6.015818e-06 2.1904216e-05 8.9160255e-07 0.0040974626 0.0006280241 6.712323e-09 2.3854093e-07
0.9075273 0.023827342 0.016524244 0.010855559 0.050767526 0.0037385768 0.0017791089 0.011473385 0.00028357375 0.023346549 0.40745622 0.0007247727 0.00044483025 0.018770773 0.0005109429 1.52519515e-05 0.0001043508 0.00053183467 0.93245053 0.00019520428 0.4996064 0.00017274493 0.0010621732 7.216191e-05 3.4956574e-05 3.4355656e-07 4.5748307e-06 1.2131555e-17 0.00011768941 0.95624727 2.6576545e-05 3.567242e-05 0.17515472 6.085771e-05 0.6365829 0.023035329 1.152979e-06 1.2455873e-06 7.4412674e-07 1.162493e-06 1.4548136e-06 6.591605e-05 2.8092787e-05 0.01505033 2.581195e-06 8.864566e-06 0.725022 0.007813487 5.799555e-07 0.83357733 0.04090302 7.9927794e-08 2.3147636e-06 7.6620597e-07 2.2166041e-08 1.7466447e-05 1.9909146e-07 1.0180052e-06 7.110465e-06 7.1835657e-06 1.4221947e-08 1.7833325e-05 1.0464279e-06 4.2969996e-06 2.5415382e-08 6.26883e-07 0.1307896 0.01652522 1.1196748e-05 7.2631847e-06 4.336059e-09 6.5268277e-06 7.34222e-05 0.55365056 1.4153213e-06 0.36666507 0.3539043 1.7552411e-05 9.351862e-06 0.036619883 0.1267508 3.1147377e-07 1.171472e-06 8.11256e-09 0.18226136 3.119796e-06 1.6960199e-07 4.2489028e-06 3.9688747e-08 1.6973874e-05 0.0004151303 0.09944294 1.30958995e-08 0.010393278 0.00035513646 0.10575972 8.020395e-05 0.1260794 0.17783797 7.324438e-08 4.0917143e-06
0.9112277 0.05427076 0.017241102 0.011592764 0.05323132 0.00019367856 8.240438e-06 0.3728597 0.00036392582 1.9188692e-06 5.159646e-06 4.073974e-06 1.1436056e-05 0.045664534 0.9684682 4.3032987e-06 0.5349044 0.0057748333 0.0032694526 0.2969597 5.4128115e-05 0.0030467128 7.748468e-07 0.20117384 0.26881808 1.1710057e-07 1.5600467e-07 0.00011768941 1.2504537e-16 5.235601e-05 0.02301549 0.00019474873 2.9200528e-06 0.9614722 0.009167003 3.0022534e-08 1.9103869e-05 4.7334665e-06 2.034017e-07 3.607048e-05 0.00012391787 4.173631e-09 0.015517235 0.123003125 0.0012674832 0.0013994009 0.00211038 9.713895e-08 6.688636e-07 0.00026140985 0.069269456 5.1312295e-06 0.81281054 2.751727e-06 2.0963744e-06 8.804744e-08 0.6671258 0.00042055978 5.868216e-05 1.5064487e-07 3.2464868e-07 0.17529969 3.2672535e-05 0.5738746 3.1707423e-06 7.083785e-06 0.018980406 1.159644e-06 0.29173198 1.6880742e-07 0.058904007 7.3405325e-05 7.3191693e-09 6.737285e-05 2.854712e-06 0.009348119 0.00042287336 0.0012404604 0.00046107487 0.3432048 0.00017122338 0.004589288 5.5264637e-09 0.00031842792 0.0046188273 3.7860143e-08 1.2161305e-09 2.899435e-08 0.00029975845 7.595857e-08 0.035811566 0.0005163979 4.743729e-08 0.23983744 1.3044901e-07 0.034403987 8.613092e-09 0.0005092896 0.08108144 0.00022122372 0.0023178365
0.8885541 0.007084576 0.013798775 0.010319323 0.0039031983 0.004117921 0.0027146754 0.0011219035 0.00050874084 0.07729057 0.76541847 0.0046879114 0.00084466656 0.0012344624 8.2436796e-05 4.650493e-05 2.1172511e-05 0.0006616221 0.5577888 8.9874455e-05 0.84975666 0.00013281089 0.0075886603 0.00014913816 8.7356224e-05 3.1818065e-05 2.409163e-05 0.95624727 5.235601e-05 5.625582e-17 5.5333257e-05 0.00015642025 0.560396 5.033991e-05 0.05010078 0.17780021 8.222579e-06 6.2367394e-06 3.8777976e-06 2.255379e-06 2.0253321e-05 0.00059601496 0.00015338633 0.0015440811 1.0227778e-05 0.0001407301 0.20734866 0.050754312 1.3591217e-06 0.95046246 0.0063197482 8.6802726e-07 6.491072e-08 6.7086285e-06 6.1548354e-07 0.00089404546 5.137455e-09 9.2164855e-06 1.1367216e-05 0.00052783807 5.5803787e-07 0.00032132593 6.207512e-07 6.415499e-06 1.4085087e-07 3.5718836e-06 0.049634837 0.14219023 3.4556662e-05 0.00018649132 1.0266182e-07 6.255604e-06 0.0073308926 0.6402509 3.9319268e-05 0.23626857 0.17501667 7.69257e-05 2.2351882e-05 0.003156382 0.117999434 2.4283804e-07 0.0008481706 4.2539114e-09 0.065369636 0.00041828046 4.236837e-06 0.00014844399 4.2448428e-07 0.00012728962 4.295224e-05 0.069349766 2.953041e-07 0.0018235337 0.010662801 0.02616617 0.0033146206 0.17180946 0.12771559 1.1572383e-07 2.947762e-07
0.2997931 0.09001924 0.078611225 0.05304125 0.009430344 0.05295051 0.012491186 0.017917208 0.21618587 3.063163e-05 5.621921e-05 0.0004959415 0.000289985 0.003796075 0.03700806 0.0006140071 0.5178135 0.62833756 0.0033265275 0.52196014 7.698559e-05 0.9480918 5.2726778e-06 0.91385394 0.9130748 1.8293022e-07 1.0361484e-05 2.6576545e-05 0.02301549 5.5333257e-05 1.0214523e-14 0.027217226 3.5892146e-05 0.4495986 0.00034541145 6.505205e-07 0.001511355 6.8338006e-05 7.537701e-06 0.00090417184 0.068723656 3.72642e-07 0.966755 0.002218799 0.62748474 0.7169482 5.4220647e-05 3.681979e-06 1.5263903e-06 0.001358325 0.00071521895 3.108352e-05 0.011871805 0.0030716523 0.00020232481 3.421002e-06 0.0012751902 0.29825956 0.10702792 1.7712064e-06 2.3030602e-06 0.3171934 0.006665433 0.0029295841 0.0002210436 6.319488e-06 0.0019338243 2.418025e-05 0.0035888776 2.27618e-05 0.000707324 0.013255118 3.0123484e-08 5.4943506e-05 2.7993474e-06 0.002941468 7.276452e-05 0.011170363 0.0037886207 0.001332768 0.00015053738 3.1345782e-05 2.5775188e-07 7.617921e-07 0.0011711711 9.97863e-07 8.835139e-09 1.4744702e-06 0.00048737146 9.573394e-07 0.004110509 0.000101118654 2.747555e-08 0.0067854 3.6476406e-06 0.0019605758 1.982193e-08 0.0009594837 0.009518435 6.656739e-06 0.00017218244
