6.529589e-20 0.94948345 0.99749947 0.97922456 0.9935937 0.9917874 0.9815637 0.71137375 0.79188615 0.4380797 0.06614573 0.12272148 0.9446951 0.91897446 0.7828942 0.18354037 0.96358216 0.8843861 0.95675117 0.4919935 0.87451094 0.70430183 0.3144278 0.26957664 0.07129833 0.9567816 0.9212163 0.030188981 0.13101016 0.95822287 0.9880113 0.0071609663 0.97556806 0.009074338 0.14409164 0.2603555 0.9438039 0.008026265 0.0017847602 0.54615426 0.0003620553 0.0007727551 0.82998323 0.3537465 0.6977069 0.9294071 0.14580733 0.45998338 0.017347854 0.124883346 0.734339 0.9671306 0.7319396 0.0019154458 0.008016855 0.049189318 0.4159989 0.007928656 0.9808425 0.98651725 0.18281373 0.040334865 0.6363268 0.0013009756 0.98661596 0.72062546 0.44029966 0.94831055 0.9543208 0.9591376 0.0771005 0.9671104 0.010191894 0.037501696 0.9986167 0.9573858 0.90875643 0.0070192404 0.94050324 0.98727113 0.9246551 0.93879694 0.98181206 0.8974947 0.0009144397 0.99961543 0.1524839 0.09011212 0.0015774611 0.67023665 0.9996289 0.9989775 0.3162694 0.924944 0.001433011 0.84582704 0.09686577 0.0007638976 0.00036874134 0.99999774 0.91960925
0.94948345 3.7081848e-16 0.66026634 0.79636574 0.5436348 0.8086345 0.793186 0.767026 0.82699835 0.80978686 0.7289995 0.47757533 0.024960594 0.0764383 0.46234518 0.95071614 0.03415088 0.015606465 0.02044416 0.28331354 0.0047328663 0.0040835673 0.07635491 0.058950804 0.010272399 0.0006438721 0.005129036 0.083473735 0.039169673 0.00080012006 0.0068765767 0.09170772 0.002237594 0.00092272117 0.00028155485 0.0001280744 0.00011168856 0.019485004 0.036430705 0.0004480432 0.00030790915 0.0009975829 0.00041537662 3.5728084e-05 2.1626688e-06 0.0061536073 0.0010414525 1.4445552e-06 7.681314e-06 1.15282455e-05 1.379301e-06 0.06352357 7.946891e-07 8.269277e-07 9.327995e-07 0.00018969677 1.7994932e-06 1.810947e-06 0.039209396 0.014582155 6.247857e-05 4.306316e-06 1.2615818e-06 5.5800406e-08 0.002443835 0.000111195215 4.72897e-05 0.0022116804 5.4560583e-06 5.971562e-07 1.3833526e-05 0.035803724 3.0584852e-06 1.2711789e-07 0.0041211997 0.04656817 0.00017010879 8.857111e-08 2.0993846e-05 0.036779717 4.8181994e-07 0.0021967723 0.031150877 7.2673347e-06 1.3157179e-06 0.0005681723 1.7910841e-07 9.991295e-07 1.1753938e-07 1.5559851e-06 0.020606672 0.0013557569 1.1089449e-07 9.095972e-07 1.9286228e-09 3.4247092e-05 1.5244373e-07 4.366318e-09 1.4120216e-07 0.006242038 3.2021208e-06
0.99749947 0.66026634 4.7397795e-14 0.013633482 0.97713614 0.42191768 0.037663046 0.007356228 0.86838716 0.0069048675 0.32571408 0.4864818 0.00037797535 0.027028596 0.018962363 0.31658643 0.00041218204 0.001026335 0.002752221 0.025303539 7.871247e-05 0.00014525345 0.014545523 0.561709 0.0017285108 7.825631e-06 0.022449845 0.01198405 0.39622155 4.3442628e-07 4.0941715e-05 0.016596599 0.37032643 0.00067282416 4.4650948e-05 4.409712e-06 3.6432024e-07 0.06867823 0.018158145 1.7493754e-05 3.4548197e-05 0.00095778686 0.024463035 8.470942e-07 1.1986912e-08 0.026946634 0.06928629 3.566951e-08 1.8509105e-06 2.5662523e-06 2.5321416e-08 0.15822428 3.0879437e-09 5.0151184e-06 1.8128763e-07 0.028386774 1.5390421e-07 1.5509399e-07 0.0767588 0.08833721 0.0012299833 3.3531882e-07 6.8554556e-08 1.3425888e-07 0.00030514464 0.00017974077 0.0006751341 0.003645902 2.2272192e-07 1.5615382e-07 9.387305e-05 0.21365659 6.9609545e-05 1.5472157e-05 0.09045305 0.45475706 3.911193e-05 2.592154e-07 4.89668e-07 0.5897541 6.990637e-09 0.0011725435 0.5105788 4.9747973e-07 4.3992877e-05 0.006431899 4.5481506e-06 1.4382238e-06 1.13064665e-07 1.0730964e-05 0.024283823 0.0008213061 7.4686113e-07 2.1252153e-07 4.9892908e-08 0.00050485565 1.2174426e-06 4.481457e-08 7.8635935e-07 0.025896514 7.577223e-05
0.97922456 0.79636574 0.013633482 7.753626e-15 0.01227409 0.6144183 0.9225165 0.98032844 0.04299595 0.6528733 0.008785057 0.008828735 0.3939279 0.21787341 0.33986664 0.20476267 0.6339352 0.2049705 0.32346916 0.15290396 0.05623187 0.044638585 0.060023002 0.0070337616 0.010276591 0.010091515 0.010262632 0.019461526 0.001051196 0.012677867 0.21563789 0.0044432357 0.0003380081 0.0020581488 0.0029964885 0.0038533215 0.00094698946 0.000889317 0.0055771074 0.0021987772 0.00026353775 0.0015615897 1.7917642e-05 0.0021327105 9.371973e-05 9.3749586e-05 0.00040468472 7.75601e-05 0.00016114656 9.5038944e-05 0.00037867296 0.0013164761 5.9069695e-05 4.7786125e-05 9.143733e-06 3.3329594e-05 7.87516e-05 3.063785e-05 0.07859854 0.024628792 1.5079378e-05 1.736053e-05 5.8485715e-05 3.4985603e-06 0.026977729 3.475866e-06 2.26531e-06 0.009594462 6.331152e-05 0.00012532274 1.4808836e-06 0.019056283 3.953375e-06 9.545834e-07 0.00016238676 0.033001054 0.0012369319 2.809864e-06 3.5023146e-05 0.013700437 1.3496059e-05 0.0035396337 0.008194573 5.0630762e-05 4.6019758e-07 1.0706543e-05 9.2339265e-09 1.1155022e-05 1.2863606e-07 1.8578226e-05 0.043694966 0.0054007387 1.8730391e-06 3.5865425e-05 1.5204467e-08 1.6462841e-06 2.1101421e-08 1.5663728e-08 2.5881087e-08 0.0044302423 8.5125876e-08
0.9935937 0.5436348 0.97713614 0.01227409 3.1917446e-16 0.34243003 0.0098674195 0.009492066 0.95740765 0.00856012 0.35997233 0.6697662 0.0003739147 0.02414452 0.006723623 0.22476122 0.000943195 0.00080979563 0.008923414 0.004582024 5.7363417e-05 0.00015078869 0.0013971531 0.37770447 0.0004046517 4.8837414e-06 0.018781882 0.00092532556 0.32583085 5.7853646e-07 0.000104354476 0.0031624755 0.282688 2.5738931e-05 1.0538298e-06 4.0073203e-07 7.420738e-07 0.020349866 0.0032622146 9.911433e-07 1.5338895e-06 3.4429984e-05 0.049366184 2.6921228e-07 2.1643688e-08 0.055841178 0.09426421 8.50061e-09 3.3624138e-07 3.2579038e-07 1.9978806e-08 0.24058488 9.51709e-09 6.9908005e-08 1.4322668e-08 0.023515526 2.597576e-07 3.038628e-08 0.03762391 0.07882826 0.009680867 6.638961e-08 5.0984205e-08 4.128651e-09 0.00011891306 0.0006268292 0.003478508 0.0035019205 2.4671675e-07 2.580133e-07 0.0002816064 0.28052706 0.0008601154 0.00014077587 0.106013335 0.39577278 4.2469324e-05 3.34135e-08 5.642606e-07 0.3956677 1.6033715e-08 0.003159937 0.34485346 1.3810647e-06 0.00041195276 0.014209775 4.0278614e-05 2.1816699e-05 5.514842e-08 3.6060385e-06 0.024949934 0.0010631308 1.3023092e-06 3.1885497e-07 3.281469e-08 0.0014886633 1.1707959e-05 2.1335788e-08 8.056076e-06 0.071381874 0.0005768861
0.9917874 0.8086345 0.42191768 0.6144183 0.34243003 1.0080704e-14 0.054151885 0.42278942 0.31537533 0.12792432 0.03826623 0.045055483 0.035616904 0.9711996 0.050880343 0.089721926 0.45501944 0.026469504 0.79500353 0.022811277 0.044924475 0.021617608 0.0057821022 0.005411104 0.0024969843 0.00265711 0.8420919 0.0015164401 0.00018865202 0.002829458 0.09879083 0.00018999752 0.0045591122 0.00016813834 0.0008259907 0.0013100405 0.0007886787 0.00017496847 9.750637e-05 0.00023399062 1.498798e-05 0.00012165976 0.00011920475 0.00018951434 1.0908283e-05 0.0047420515 0.00014742989 1.0159709e-05 9.425093e-06 0.00011766326 0.0003682469 0.13419038 8.090403e-05 6.7160056e-07 9.275546e-06 9.814257e-06 1.3567629e-05 7.823661e-06 0.60892344 0.38748655 0.0001494417 7.4283744e-06 0.00016820666 3.2763505e-06 0.033212315 0.00017611001 0.000113624315 0.106886834 0.00011493979 1.0923179e-05 0.00016457126 0.4632751 6.9476766e-05 1.64318e-06 0.021490468 0.3559285 0.0051658824 2.4387032e-07 0.00014090791 0.13096046 3.5114244e-05 0.032490667 0.19288148 0.0012808645 1.2582128e-06 0.0015835467 8.5374944e-07 2.785129e-05 1.746021e-06 0.00011436128 0.16303183 0.011572032 5.206339e-05 1.9684594e-05 4.538315e-08 8.910535e-05 5.8010293e-08 4.487729e-07 2.5312497e-07 0.11852681 2.956713e-05
0.9815637 0.793186 0.037663046 0.9225165 0.0098674195 0.054151885 4.579074e-13 0.90276444 0.037333865 0.85457903 0.0082055405 0.0033865264 0.17524996 0.008282428 0.6247981 0.6863339 0.085528865 0.17125785 0.014989374 0.6468541 0.024782918 0.008593525 0.45135587 0.0053740223 0.059728503 0.017983956 0.0009458455 0.3262789 0.0009373114 0.024483353 0.15504438 0.09260505 0.0002218222 0.024001012 0.0035669648 0.0012439273 0.0029081292 0.013760815 0.08211546 0.0006664765 0.0030282643 0.025329078 2.5822525e-05 0.00039521974 6.9944326e-05 0.0010816703 0.00022994612 1.8140923e-05 0.0005208865 5.7141307e-05 2.2620407e-05 0.0068567675 8.964313e-06 0.0005419028 4.303465e-05 0.00015237769 6.560155e-05 4.9538812e-05 0.021342393 0.0022828106 9.516714e-06 2.406745e-05 2.6083271e-05 1.3664226e-05 0.0040132604 9.32574e-06 9.436776e-06 0.0008807988 3.946367e-05 5.2203897e-05 2.2082131e-06 0.0067603337 2.295109e-05 8.9581977e-07 0.0015217009 0.01491893 0.0003142886 6.8652307e-06 2.3780773e-05 0.022400787 1.2421619e-05 0.0008811218 0.026122997 6.762718e-05 5.8320766e-06 0.00018017652 4.1055117e-08 1.9405785e-05 1.493272e-07 9.250484e-06 0.014501055 0.004150086 3.466326e-06 2.6896825e-05 3.6646543e-07 4.0841525e-05 5.025184e-07 2.374816e-07 6.6247344e-07 0.0010307863 4.821834e-06
0.71137375 0.767026 0.007356228 0.98032844 0.009492066 0.42278942 0.90276444 3.9627465e-16 0.0065352432 0.9560522 0.0062421006 0.0020193397 0.78592616 0.14651635 0.45414948 0.15744568 0.5648361 0.2479727 0.12351499 0.22466268 0.16885641 0.2193231 0.06732361 0.00030330406 0.026127202 0.03606969 0.020110756 0.022836717 3.2293123e-05 0.020001492 0.20148255 0.0019477891 3.756926e-05 0.0039013915 0.014734675 0.010137604 0.005417594 0.00063797977 0.0044763684 0.0020672753 0.0005989335 0.0014869138 1.5595463e-06 0.002030092 0.0009852431 0.00014693454 2.5616089e-06 9.305241e-05 0.00020098919 0.00025994284 0.0012537206 0.0017244103 0.0011038845 4.1667678e-05 8.516409e-05 3.8067926e-06 2.4805162e-05 0.000113855254 0.0169018 0.009944849 3.3142348e-06 2.1377024e-05 0.0007304844 1.608671e-06 0.012750302 4.903571e-06 2.6569642e-06 0.0043322737 0.00022826005 4.932505e-06 8.3556614e-07 0.012920219 6.0519674e-06 9.5739544e-08 0.00016659505 0.008479797 0.0025322735 3.1825496e-07 0.00019992988 0.0015926277 9.5246185e-05 0.0031168596 0.001975928 0.00045666663 2.8153053e-07 1.12664575e-05 2.0988828e-08 1.0329903e-05 5.6416644e-07 0.00022321093 0.0108690215 0.004341532 7.682621e-05 7.752209e-05 2.313223e-08 1.0950657e-06 1.45115235e-08 1.5298566e-07 6.6221155e-08 0.0048033698 1.3281469e-06
0.79188615 0.82699835 0.86838716 0.04299595 0.95740765 0.31537533 0.037333865 0.0065352432 2.5557542e-14 0.004696263 0.98145014 0.8543385 0.0002878348 0.021122402 0.0029892686 0.4771307 0.0074887034 0.0006419303 0.014115224 0.003288506 0.00037730674 0.00022235553 0.0012748314 0.50922316 0.00089260825 8.543376e-05 0.008541555 0.006755335 0.504936 1.8514816e-05 0.0011932999 0.05372285 0.06794889 0.00052811374 2.0823776e-05 1.8040073e-06 5.1839324e-06 0.32606637 0.011000346 1.2574709e-05 5.9427643e-05 0.002649262 0.005227367 2.3989228e-06 8.858248e-07 0.012363268 0.040001247 1.0011415e-07 3.2845253e-06 4.1101544e-06 9.597929e-07 0.06323724 5.2692263e-07 3.2960604e-06 9.735937e-07 0.01504312 2.4974368e-06 4.3327395e-07 0.014541312 0.009127354 0.0014310376 6.767324e-07 4.490024e-07 5.339828e-08 0.000113487324 0.00014160114 0.00022466891 0.00066171953 2.6390984e-07 4.5903076e-07 9.59232e-05 0.016808705 0.00026893607 9.643833e-05 0.012094687 0.052138593 5.7496673e-05 1.2239126e-08 6.046893e-07 0.03760037 6.513133e-07 0.0011807895 0.02812314 6.7235743e-07 0.00012117193 0.0016919564 4.3666205e-06 9.88105e-06 1.326168e-07 1.9400834e-06 0.009502055 0.0012810219 5.3695953e-06 2.9838257e-06 1.0727659e-07 0.00011389414 2.2899374e-06 2.9444442e-07 1.6234726e-06 0.002955402 2.3828858e-05
0.4380797 0.80978686 0.0069048675 0.6528733 0.00856012 0.12792432 0.85457903 0.9560522 0.004696263 1.9568875e-17 0.0055043 0.0027392746 0.89625007 0.067878895 0.93512785 0.21478556 0.23990257 0.8258106 0.035897963 0.54175377 0.11501416 0.21118276 0.265903 0.00014884063 0.21876667 0.074510284 0.0062462636 0.13231912 1.7531816e-05 0.050541352 0.11293983 0.004286567 5.3652777e-05 0.016455678 0.039795663 0.022227969 0.011354254 0.00064345094 0.011571955 0.00442572 0.0027379624 0.0042613307 8.6695917e-07 0.0041800155 0.0016880126 0.00025782085 1.7212036e-06 0.00026406455 0.0020162696 0.0011599776 0.0019185767 0.0016081933 0.0016656806 0.00042898263 0.00045409828 1.744631e-06 6.0280076e-05 0.00027756166 0.004730955 0.0017263755 4.942002e-06 4.1593154e-05 0.0006274602 2.731885e-05 0.0043335254 8.96704e-06 5.533724e-06 0.00091655995 0.00034240575 3.9013576e-05 1.1062319e-06 0.00359921 1.4744562e-06 3.032398e-08 0.00020118979 0.0023865986 0.00088713405 3.1045388e-07 0.0002592012 0.0007251405 0.0001950309 0.0011127286 0.00074462587 0.00028455144 3.5494935e-07 1.0915713e-05 3.8512507e-08 3.5918893e-05 3.2552822e-07 0.000107353924 0.003132543 0.00082448 0.0001417219 0.00029438335 2.886282e-07 1.8109927e-07 1.18011684e-07 1.5690476e-06 8.3347665e-08 0.0012086628 9.5311873e-07
0.06614573 0.7289995 0.32571408 0.008785057 0.35997233 0.03826623 0.0082055405 0.0062421006 0.98145014 0.0055043 5.6298786e-16 0.99773264 0.00041821465 0.0055531603 0.0014634418 0.53018683 0.0017833047 0.00043611624 0.004411258 0.0005958118 0.00028755632 0.00024861324 5.590207e-05 0.68424374 0.00010609552 0.0001709843 0.0024389161 0.0047103 0.61903673 4.0096602e-05 0.00078053353 0.16233233 0.014144256 5.0682018e-05 3.5488454e-06 5.784023e-07 2.6597289e-05 0.56296134 0.013179464 1.2686156e-06 1.3789624e-05 0.0003755787 0.0021563186 1.0906789e-06 1.3374376e-05 0.0026700648 0.019932978 2.4551338e-07 1.1638008e-06 3.996413e-07 4.9774767e-06 0.0052420064 5.536081e-07 5.7195307e-06 6.369447e-08 0.0062253783 1.230205e-06 1.044128e-06 0.0015085859 0.00083472196 0.00040437977 1.2376496e-07 2.5802584e-07 1.3220027e-08 0.00012660063 0.00010592526 0.00010358277 0.0002016729 1.7733071e-06 2.627758e-06 0.00010486568 0.0026141994 0.00025448858 8.6465385e-05 0.0015008126 0.0042089084 1.723409e-05 2.777038e-08 3.5918356e-06 0.0021641164 1.5586875e-05 0.00062697026 0.0019601467 8.307416e-07 1.2724974e-05 0.00019920552 1.1009129e-06 2.7770461e-06 1.9585768e-08 2.9751462e-07 0.002865888 0.0002490563 2.2995575e-06 3.4680208e-05 2.771597e-09 6.156683e-06 6.823557e-07 3.5525074e-09 6.205168e-07 0.0016356753 4.2665583e-06
0.12272148 0.47757533 0.4864818 0.008828735 0.6697662 0.045055483 0.0033865264 0.0020193397 0.8543385 0.0027392746 0.99773264 8.3309926e-17 1.4559372e-05 0.0040691467 0.0005677162 0.3063769 0.0003381729 5.9663824e-05 0.002379527 9.473751e-05 7.7058015e-05 4.0640753e-06 2.1641245e-05 0.87885416 1.1760959e-05 1.0488962e-05 0.0012202946 0.0008571642 0.83896416 2.5261745e-06 0.00028414658 0.13773221 0.10048534 7.974994e-06 6.741379e-07 7.281716e-08 2.3788089e-06 0.7584879 0.010246901 4.2612533e-07 1.503804e-06 0.00011959361 0.011901954 5.9376003e-08 2.0540757e-07 0.010813938 0.14222528 7.363757e-08 4.7085797e-07 4.848483e-09 3.352747e-07 0.021333372 1.4487638e-07 2.732604e-07 6.107282e-09 0.01551332 5.54117e-08 6.063458e-08 0.0020305035 0.00044163907 0.0034946043 1.0093356e-08 3.848231e-09 7.400556e-10 0.0003063299 0.00022695397 0.0011328345 4.091006e-05 2.6720085e-07 2.2854309e-07 0.00028315568 0.008690566 0.0005467479 0.00017411573 0.0040066997 0.0115333265 3.44908e-06 1.3153119e-09 5.7379174e-07 0.0070681726 1.978565e-06 0.00041774331 0.006772377 1.3782025e-07 0.00018009664 0.00076112885 4.0435775e-06 2.1309477e-06 1.3828986e-09 5.1800424e-08 0.0054596607 0.00020994295 3.6659703e-08 4.018988e-06 2.7565228e-10 0.0003090341 5.8383653e-06 1.727431e-10 6.5838494e-06 0.003179333 5.869313e-05
0.9446951 0.024960594 0.00037797535 0.3939279 0.0003739147 0.035616904 0.17524996 0.78592616 0.0002878348 0.89625007 0.00041821465 1.4559372e-05 1.00709696e-16 0.021253945 0.73119277 0.01737862 0.25538963 0.9837495 0.03883731 0.28966108 0.4210913 0.6285632 0.15152167 1.0239085e-06 0.06662087 0.5474507 0.0023453296 0.009257453 6.37702e-08 0.33478698 0.2854765 0.0001052503 9.4834223e-07 0.005061013 0.10504743 0.23241329 0.063457295 1.6069713e-05 0.00083531527 0.02688071 0.0006827561 0.0014293456 3.1640212e-08 0.023109816 0.007763665 1.2668245e-05 7.6565414e-08 0.0027722064 0.0030017125 0.004338146 0.0050278003 0.00034689333 0.0025030917 7.286611e-05 0.0012632313 8.842831e-08 0.0007126415 0.0010145089 0.015017362 0.0030547979 9.53863e-08 0.0005100744 0.0008616034 5.295882e-05 0.015936876 3.09471e-07 1.736157e-07 0.0012233772 0.00042320395 0.00031282156 3.3512425e-08 0.0049555856 1.1630358e-07 7.709953e-09 1.8829642e-05 0.0076056905 0.0011364475 4.9740456e-06 0.00031367745 0.002113111 0.000349263 0.0012677981 0.0020135918 0.0001136758 6.1175767e-09 1.4183859e-06 8.359738e-10 9.2935166e-05 1.5822258e-06 0.00021877362 0.0096144155 0.005271625 0.00016965128 0.00030580742 1.0598346e-06 2.4621972e-08 1.8830482e-09 1.2934826e-06 6.1721463e-09 0.0009006512 6.351044e-08
0.91897446 0.0764383 0.027028596 0.21787341 0.02414452 0.9711996 0.008282428 0.14651635 0.021122402 0.067878895 0.0055531603 0.0040691467 0.021253945 2.543401e-15 0.01093304 0.003131072 0.5494337 0.0032782464 0.9596561 0.0028267677 0.08777271 0.06992501 0.0013509266 0.0003281958 0.0005333132 0.0021298926 0.9539297 1.956056e-05 1.373602e-05 0.0043737036 0.1730308 2.276293e-05 0.0005350529 5.1211464e-05 0.00035496274 0.001991905 0.0025072964 1.2019223e-05 1.9147708e-06 0.00070488633 9.403124e-06 2.6484398e-05 1.2375212e-05 0.00032296588 6.413936e-05 0.0017399174 7.792052e-06 7.1513066e-05 6.1882993e-06 0.0002634845 0.004342497 0.022458185 0.0013434024 2.0972992e-07 4.1474464e-06 4.8097e-06 3.9315626e-05 1.168352e-05 0.5649767 0.23514628 6.045596e-05 3.4351535e-05 0.0032234725 4.846158e-07 0.09247004 0.00018131263 0.00011640706 0.31305003 0.0023300506 1.7546034e-05 5.8576094e-05 0.18280105 2.7039023e-05 4.8844373e-07 0.0071065538 0.082385436 0.044519108 8.381488e-07 0.001854126 0.028652014 0.00035997163 0.09080079 0.031057639 0.010612229 3.0005688e-07 0.0012651616 1.6477959e-07 0.00010206006 1.3513993e-06 0.0010069093 0.12042179 0.033780437 0.0008288144 0.00036537508 1.11171495e-07 5.4926008e-05 7.856596e-08 1.7214221e-06 2.211601e-07 0.11385749 0.00015074197
0.7828942 0.46234518 0.018962363 0.33986664 0.006723623 0.050880343 0.6247981 0.45414948 0.0029892686 0.93512785 0.0014634418 0.0005677162 0.73119277 0.01093304 1.3960639e-14 0.24168146 0.070546985 0.93673885 0.013417316 0.9707703 0.03092604 0.036209922 0.6314422 3.446057e-05 0.5604436 0.25968018 0.0018792023 0.33829355 5.315159e-07 0.14271922 0.13446324 0.0041486593 2.1765131e-06 0.057693716 0.09730141 0.03451233 0.06044934 0.00041199813 0.020890264 0.009220016 0.009536231 0.018025897 1.1024178e-07 0.006899769 0.0019949467 0.00025878058 3.3159563e-07 0.0002326644 0.0071798987 0.0012604418 0.0011049752 0.0016032257 0.00063822285 0.0023308105 0.0011580323 8.479433e-08 7.468206e-05 0.00034924748 0.006685726 0.00070585875 1.514353e-06 9.40529e-05 0.00010816331 7.814143e-05 0.0026526235 6.107897e-06 1.1478752e-06 0.0004669975 6.3829626e-05 1.4138152e-05 5.9109925e-07 0.002875722 1.120933e-06 1.0512064e-07 9.145805e-05 0.006599962 0.000172726 1.2215141e-06 0.00013304123 0.0024988283 5.242676e-05 0.00072174263 0.003945124 9.915855e-06 8.0698e-08 2.05221e-05 1.37093155e-08 4.1216965e-05 3.0962306e-07 9.748039e-06 0.0040793982 0.000896071 5.795791e-05 9.964736e-05 6.3416145e-08 1.0349993e-06 3.2024474e-08 4.758316e-07 1.4780385e-07 0.0005534529 3.2102312e-07
0.18354037 0.95071614 0.31658643 0.20476267 0.22476122 0.089721926 0.6863339 0.15744568 0.4771307 0.21478556 0.53018683 0.3063769 0.01737862 0.003131072 0.24168146 6.764912e-18 0.01472164 0.038992517 0.003986547 0.31978345 0.0043151635 0.003469276 0.13800226 0.25153378 0.09281631 0.0029989542 6.664893e-05 0.91721445 0.29295176 0.004408932 0.0072702537 0.90491194 0.0067437813 0.07303308 0.00073276175 4.9825278e-05 0.00075987005 0.8293922 0.8182153 6.712465e-05 0.02737063 0.20503746 0.00045060547 9.18906e-06 3.818956e-06 0.003906043 0.003399092 8.3926693e-07 2.1678796e-05 2.2036418e-06 7.3801393e-06 0.013790867 1.1126331e-06 0.00041417885 2.4415772e-07 0.0017724398 2.5215664e-07 9.0198554e-08 0.0052812984 5.645938e-05 0.00022603641 3.791577e-07 1.0885559e-06 1.1601201e-07 0.004222497 0.00010636206 0.00018988483 0.00024137362 8.1272505e-05 5.5364526e-06 2.443493e-06 0.0039483057 2.199666e-05 2.945118e-07 0.0007755263 0.0062455274 0.0001095793 2.2594813e-07 0.00018102236 0.002499679 1.0448927e-05 0.000850132 0.0028695348 1.8630893e-06 4.103062e-06 0.0003142886 1.1306525e-08 8.575112e-07 1.37271075e-08 3.2799333e-06 0.0071564363 0.0020098132 4.799612e-07 6.847484e-06 6.9200343e-09 5.8196176e-05 4.3412747e-06 7.2821154e-09 1.223457e-07 0.0008271022 7.0281217e-06
0.96358216 0.03415088 0.00041218204 0.6339352 0.000943195 0.45501944 0.085528865 0.5648361 0.0074887034 0.23990257 0.0017833047 0.0003381729 0.25538963 0.5494337 0.070546985 0.01472164 1.9754829e-15 0.042352077 0.94984204 0.022992227 0.8705535 0.5366507 0.004499122 9.539203e-06 0.0016746088 0.025262333 0.0800433 0.00022982949 7.236687e-07 0.11008829 0.96176684 8.305706e-05 9.689434e-06 3.780658e-05 0.002826983 0.010269832 0.02160956 2.7796495e-05 1.0239665e-05 0.0010250082 1.3097355e-05 4.3962682e-05 7.313413e-07 0.0008383807 0.00114541 1.4345725e-05 3.3048575e-06 0.0008725024 6.150101e-05 0.0005767976 0.027209334 0.0007065096 0.017833414 3.823777e-06 1.4902932e-05 1.1434196e-06 9.487928e-05 5.88924e-05 0.15130533 0.07013585 7.809259e-06 7.979106e-05 0.013455642 6.226054e-06 0.19081582 2.0007885e-06 3.887228e-06 0.07527245 0.0074693453 5.6228913e-05 2.0711864e-06 0.033114634 7.0579376e-06 1.7888001e-07 0.00015753585 0.01868932 0.0514462 6.460864e-07 0.0012297347 0.0041821487 0.000791921 0.053319953 0.0051956107 0.014108797 2.503645e-07 7.723079e-06 4.7284622e-08 0.00021434847 6.729922e-06 0.0006843643 0.12799609 0.05304173 0.0005552203 0.0001862521 7.325866e-07 3.4115606e-06 4.5755737e-09 9.130549e-06 1.8300001e-07 0.017437425 4.730975e-06
0.8843861 0.015606465 0.001026335 0.2049705 0.00080979563 0.026469504 0.17125785 0.2479727 0.0006419303 0.8258106 0.00043611624 5.9663824e-05 0.9837495 0.0032782464 0.93673885 0.038992517 0.042352077 2.9969062e-14 0.007080553 0.75706553 0.10671748 0.11028326 0.63376504 3.5957669e-06 0.4809904 0.5079939 0.0009528071 0.11983305 1.0000517e-07 0.40047786 0.15259865 0.00087363727 2.1604073e-06 0.05911607 0.5348698 0.55392605 0.12041876 9.9517834e-05 0.007814661 0.22645378 0.011841355 0.014167807 6.914971e-08 0.16856627 0.020298792 3.741576e-05 2.0969972e-07 0.008197888 0.06432735 0.01589853 0.007868246 0.00039339127 0.0063978177 0.0086109545 0.024325613 7.8410416e-08 0.004762573 0.00829058 0.01575252 0.00041899932 2.7223232e-06 0.0035351736 0.0006720588 0.0008796991 0.0035718938 3.128827e-06 6.03618e-06 0.00030904647 0.00028601053 0.00075792754 5.5829975e-07 0.001511115 2.4838312e-06 4.514082e-08 2.4272527e-05 0.0043823253 0.00034826715 0.00019879748 0.00016655884 0.0022527417 0.0007157569 0.00042888056 0.0037744532 6.8576724e-06 1.1352092e-07 8.493997e-07 1.0352771e-09 0.00014169625 4.4814956e-06 6.4885826e-05 0.0051294905 0.0012735743 0.0001704981 0.0007495691 3.8873136e-06 5.0912854e-07 3.669202e-08 1.1176307e-05 7.971511e-08 0.0002212077 1.9262675e-06
0.95675117 0.02044416 0.002752221 0.32346916 0.008923414 0.79500353 0.014989374 0.12351499 0.014115224 0.035897963 0.004411258 0.002379527 0.03883731 0.9596561 0.013417316 0.003986547 0.94984204 0.007080553 2.7426615e-14 0.0042937556 0.19430216 0.091089435 0.0017364445 5.7490313e-05 0.00041487996 0.0039953217 0.8862829 5.287328e-05 9.737742e-06 0.012819348 0.5693423 2.0004747e-05 0.00039567833 5.2326257e-05 0.0012945973 0.0018441897 0.004511664 4.767928e-05 1.9131729e-05 0.00088106847 1.9322442e-05 2.3843018e-05 1.175182e-05 0.0006472032 0.00044173747 0.00017742223 2.04606e-05 0.00028391846 1.4518828e-05 0.0006898417 0.012030205 0.0029919725 0.0071026683 9.573566e-07 1.4878236e-05 1.0351035e-05 4.369655e-05 3.7137834e-05 0.4059471 0.292456 6.0130507e-05 2.6839403e-05 0.011890778 1.4732586e-06 0.28911602 6.843753e-05 2.3114426e-05 0.5342913 0.015095611 0.00021937324 2.7450686e-05 0.1136476 2.9477118e-05 1.1260232e-06 0.00077727064 0.0587385 0.14633018 8.395832e-07 0.006387444 0.02171245 0.0025102189 0.22520244 0.018248312 0.047194246 4.1801366e-07 8.895778e-05 2.3006729e-07 0.00034261416 2.8102286e-06 0.0054941885 0.20544875 0.08164251 0.0019593225 0.00075901224 9.70702e-07 2.3994219e-06 1.7004535e-08 9.970217e-06 9.246903e-08 0.13298646 3.3585875e-05
0.4919935 0.28331354 0.025303539 0.15290396 0.004582024 0.022811277 0.6468541 0.22466268 0.003288506 0.54175377 0.0005958118 9.473751e-05 0.28966108 0.0028267677 0.9707703 0.31978345 0.022992227 0.75706553 0.0042937556 1.5356147e-14 0.018920343 0.022548864 0.9701592 1.3596684e-05 0.9228337 0.23035122 0.0002850085 0.8210409 1.1544138e-06 0.096833885 0.060203116 0.0067372434 2.7444742e-07 0.29239735 0.067187466 0.012268485 0.044457357 0.00043788098 0.051437825 0.006395829 0.049390506 0.07577923 2.9738084e-08 0.004490982 0.0015655225 4.1373314e-05 2.3654582e-07 4.5183704e-05 0.010064979 0.00035932663 0.00055397674 0.00073799177 0.00016351747 0.011602884 0.0006294674 6.990374e-08 1.2637114e-05 0.0001618458 0.0017107737 5.4348675e-05 2.8820875e-07 3.0463709e-05 5.098484e-06 5.9294947e-05 0.00020963464 1.8174835e-06 1.2878404e-06 9.1155634e-05 1.152652e-05 1.236368e-06 2.1935364e-07 0.0016999608 1.5887622e-06 1.4204576e-07 1.5056674e-05 0.0012215184 1.7233513e-05 2.189053e-06 1.1328809e-05 0.00062889414 8.797125e-06 0.00032006035 0.0009949155 1.6385104e-06 1.6822406e-07 2.8998993e-06 1.28004665e-08 4.3554905e-06 1.6300265e-07 1.4800025e-06 0.0011793609 0.00041767798 9.555739e-06 1.8074541e-05 6.4005874e-08 4.4032043e-07 2.1233078e-08 9.2864013e-07 7.059405e-08 0.00014944098 4.6747627e-07
0.87451094 0.0047328663 7.871247e-05 0.05623187 5.7363417e-05 0.044924475 0.024782918 0.16885641 0.00037730674 0.11501416 0.00028755632 7.7058015e-05 0.4210913 0.08777271 0.03092604 0.0043151635 0.8705535 0.10671748 0.19430216 0.018920343 2.665704e-16 0.9877456 0.013908824 1.1673117e-05 0.0070853494 0.4332628 0.020181702 0.00064076815 1.5097775e-06 0.62080646 0.93000287 0.00025941958 1.3071993e-06 0.0010412366 0.01800315 0.035264805 0.1882686 2.5151012e-05 0.0002089941 0.007849359 0.000411628 0.0007859995 3.6156592e-08 0.009882152 0.011904038 2.1624614e-05 8.05197e-07 0.00254491 0.0007174381 0.00251242 0.055781037 0.00014577273 0.02717017 5.6892975e-05 0.0011884175 9.0363824e-07 0.0006115728 0.0013237989 0.023197781 0.005568142 3.9599425e-07 0.00057708885 0.025585528 4.367326e-05 0.07471697 4.744577e-07 5.9952714e-07 0.010659461 0.0070356503 0.0007414435 5.9066423e-07 0.005855643 2.6320217e-06 5.195343e-07 4.7225793e-05 0.007576436 0.023674704 2.9332125e-06 0.0014240155 0.0019636978 0.00083498633 0.006576257 0.0026145335 0.012339397 2.165365e-07 3.355751e-05 2.6360217e-07 0.00011996978 1.2581102e-05 0.0007311367 0.016155187 0.01756729 0.0008926861 0.00033975524 2.2071172e-05 3.538548e-06 2.9698919e-08 7.9904676e-05 1.2749231e-07 0.0066756713 1.6851623e-06
0.70430183 0.0040835673 0.00014525345 0.044638585 0.00015078869 0.021617608 0.008593525 0.2193231 0.00022235553 0.21118276 0.00024861324 4.0640753e-06 0.6285632 0.06992501 0.036209922 0.003469276 0.5366507 0.11028326 0.091089435 0.022548864 0.9877456 1.0645015e-17 0.01656664 9.200954e-07 0.009187194 0.77776474 0.00637434 0.00089928944 1.6101268e-07 0.89141315 0.71254736 2.6270276e-05 2.8718687e-06 0.001228818 0.031745605 0.10108968 0.37160277 6.0191815e-06 3.1324173e-05 0.019627547 0.00013025987 0.00035924185 6.064833e-08 0.03365167 0.08346317 8.368002e-06 3.148185e-07 0.021409936 0.0007754804 0.01924978 0.25600877 0.00015886988 0.17555676 3.8240418e-05 0.0016498049 2.6526104e-07 0.0020770922 0.001126331 0.009922232 0.0025424017 6.128491e-07 0.00041426357 0.11942232 3.8761653e-05 0.038865272 1.3564323e-06 2.890855e-07 0.0042725215 0.010007184 0.0010249988 3.908722e-08 0.005616343 1.9383903e-07 1.1052106e-09 3.3746473e-05 0.002240839 0.00868595 3.6910499e-06 0.0026273823 0.00037234082 0.0020615442 0.004379405 0.00052536 0.0052434336 6.806739e-08 3.968871e-06 7.897187e-09 0.00034988273 2.1962054e-05 0.0009795972 0.009098381 0.008573899 0.0011829153 0.0010076137 8.374749e-06 2.456942e-07 4.531713e-09 3.2645406e-05 2.4622302e-08 0.0037969819 4.7192117e-07
0.3144278 0.07635491 0.014545523 0.060023002 0.0013971531 0.0057821022 0.45135587 0.06732361 0.0012748314 0.265903 5.590207e-05 2.1641245e-05 0.15152167 0.0013509266 0.6314422 0.13800226 0.004499122 0.63376504 0.0017364445 0.9701592 0.013908824 0.01656664 9.143739e-16 6.4925433e-07 0.9922657 0.3769186 5.0740055e-05 0.7711059 4.2240064e-08 0.14936122 0.028706424 0.0007237449 9.966657e-07 0.5682505 0.17996235 0.055865295 0.091392055 2.313948e-05 0.02624397 0.19081637 0.14558063 0.1216929 7.46478e-09 0.04111286 0.010233883 2.2332533e-05 7.8072695e-08 0.0006756189 0.18441449 0.003040253 0.0017423509 0.00019741358 0.00073727773 0.07904697 0.010793714 2.3818869e-08 0.0003318166 0.0014530472 0.0022270698 6.327279e-06 1.2358792e-07 0.000396155 1.731985e-05 0.0004549353 6.016241e-05 9.035202e-07 1.1544258e-06 9.005356e-06 1.7139646e-05 0.00017512206 1.6412967e-07 0.00088148535 4.0982417e-07 6.3200964e-08 1.9886622e-05 0.0017103993 1.0468087e-05 5.0181254e-05 1.4971907e-05 0.001597203 2.8183247e-05 0.00011437807 0.0034549288 1.1098163e-06 5.4517773e-08 1.2686411e-06 1.1225508e-09 4.2489837e-06 1.2631637e-08 9.548701e-07 0.00055183965 0.00014019455 5.060964e-06 4.7388476e-05 1.3883e-06 2.2902798e-08 6.1178564e-09 3.8594555e-07 1.4132818e-08 0.00011229605 2.6061203e-08
0.26957664 0.058950804 0.561709 0.0070337616 0.37770447 0.005411104 0.0053740223 0.00030330406 0.50922316 0.00014884063 0.68424374 0.87885416 1.0239085e-06 0.0003281958 3.446057e-05 0.25153378 9.539203e-06 3.5957669e-06 5.7490313e-05 1.3596684e-05 1.1673117e-05 9.200954e-07 6.4925433e-07 6.863461e-16 5.083872e-07 6.861231e-06 7.187153e-05 0.00061682187 0.99638754 2.1848972e-07 0.000114051414 0.023997132 0.4603058 1.29417795e-05 1.7042355e-07 2.5018156e-08 5.1542507e-08 0.93399626 0.0012297758 8.506047e-08 9.830609e-07 0.00010032801 0.035407696 1.97317e-08 8.6373735e-09 0.021146562 0.25403094 3.47269e-09 7.2993345e-08 3.0215613e-08 1.9441681e-07 0.020937648 2.718105e-08 5.158684e-07 1.3116049e-08 0.057914343 9.545815e-09 4.1494083e-08 0.0062994184 2.4578349e-05 0.007226815 1.4381387e-08 3.0723182e-08 4.1048462e-08 0.0013315275 0.00034088793 0.0007643272 0.0001379046 2.965689e-06 2.1962799e-06 2.4962997e-05 0.0022703516 4.1776853e-05 3.32783e-05 0.015531722 0.0106825875 0.000158068 2.1260677e-08 7.316993e-05 0.015123882 1.2353144e-06 0.001722373 0.024649002 1.6622558e-06 0.00032390482 0.0049871206 8.657997e-06 6.284189e-07 4.5378734e-08 7.482984e-07 0.030252755 0.009863769 6.162207e-07 2.4439896e-06 2.5608988e-09 0.0012851163 6.965596e-05 1.1430266e-09 2.3533514e-06 0.0022605734 2.0043954e-05
0.07129833 0.010272399 0.0017285108 0.010276591 0.0004046517 0.0024969843 0.059728503 0.026127202 0.00089260825 0.21876667 0.00010609552 1.1760959e-05 0.06662087 0.0005333132 0.5604436 0.09281631 0.0016746088 0.4809904 0.00041487996 0.9228337 0.0070853494 0.009187194 0.9922657 5.083872e-07 1.8052553e-15 0.16761652 8.091136e-05 0.8536241 2.0092877e-08 0.046489038 0.0030306466 0.001029275 1.5957793e-06 0.8985575 0.55911505 0.14648569 0.031453885 5.1478914e-05 0.043977052 0.11226847 0.5207154 0.316415 4.4164743e-08 0.051622357 0.00960025 5.8843103e-05 7.727712e-08 0.0015020275 0.34485927 0.009213969 0.0026303758 0.00015631497 0.001042229 0.47882184 0.035586413 3.1459145e-08 0.00050578354 0.0032761246 0.0008058431 1.35276805e-05 3.207774e-07 0.00068672776 1.8554321e-05 0.0010588472 1.23010705e-05 3.23131e-06 7.310558e-06 6.6858074e-06 2.4475828e-05 0.0002855344 6.4805926e-07 0.00045485373 2.322574e-06 1.02709805e-07 5.6984907e-05 0.00026998506 2.6386265e-06 0.00014653627 3.776266e-05 0.00023875818 3.505499e-05 3.5662382e-05 0.0005796673 6.2273995e-07 7.345129e-08 1.2724027e-05 1.9194273e-08 2.753264e-05 2.118878e-06 1.5125099e-06 0.00045480774 9.2452065e-05 2.20478e-05 0.00012410367 4.3393484e-05 2.494591e-07 1.1464025e-08 1.5299005e-05 7.584651e-08 0.0003096424 4.1319132e-07
0.9567816 0.0006438721 7.825631e-06 0.010091515 4.8837414e-06 0.00265711 0.017983956 0.03606969 8.543376e-05 0.074510284 0.0001709843 1.0488962e-05 0.5474507 0.0021298926 0.25968018 0.0029989542 0.025262333 0.5079939 0.0039953217 0.23035122 0.4332628 0.77776474 0.3769186 6.861231e-06 0.16761652 5.191045e-14 0.0003629117 0.008307703 7.310272e-08 0.95882964 0.16641095 0.0001286051 4.9943233e-06 0.018205345 0.68797666 0.8843445 0.84206676 0.0001924648 0.0006583702 0.69816357 0.0037088764 0.002858375 1.4059412e-07 0.6672635 0.568032 1.1035887e-05 7.600719e-06 0.5424291 0.19574615 0.40023527 0.24334802 7.7303775e-05 0.16816637 0.0073173176 0.17993118 1.9622057e-06 0.1583527 0.122073874 0.0067819296 0.00070883124 1.4336349e-06 0.1076973 0.015729131 0.0059168814 0.0031018003 1.2034265e-06 4.8014736e-06 0.00054231356 0.0019333586 0.041995145 8.243357e-07 0.0022542526 1.3175134e-06 2.8484533e-07 1.4725909e-05 0.0011808133 0.00034817948 0.02227487 0.00018746029 0.0009868538 0.0008873024 0.001155382 0.0009130062 0.00019515608 8.063027e-07 1.1399785e-05 9.557036e-09 0.00091378886 8.5063686e-05 0.00012374687 0.0030524596 0.0023277786 0.00029102142 0.0003053831 0.00070162246 5.8424425e-06 4.8191464e-07 0.00031035076 7.5520376e-07 0.0007342269 3.2086355e-06
0.9212163 0.005129036 0.022449845 0.010262632 0.018781882 0.8420919 0.0009458455 0.020110756 0.008541555 0.0062462636 0.0024389161 0.0012202946 0.0023453296 0.9539297 0.0018792023 6.664893e-05 0.0800433 0.0009528071 0.8862829 0.0002850085 0.020181702 0.00637434 5.0740055e-05 7.187153e-05 8.091136e-05 0.0003629117 5.8854987e-15 2.1856924e-06 8.631376e-06 0.0016820563 0.028040677 1.34653465e-05 0.00084008713 3.631409e-05 0.00015158125 0.00021177105 0.0014024256 2.3425599e-05 4.5569423e-06 1.6475964e-05 5.3527488e-06 1.8974808e-05 4.1787418e-05 7.160861e-05 9.750512e-06 0.0013231949 0.00012603746 3.805123e-06 7.944039e-06 8.19044e-05 0.0036569668 0.019016713 0.0002031221 2.9709923e-07 3.721663e-06 2.213059e-05 3.2579537e-05 3.994051e-05 0.95459425 0.7922932 0.00010617548 2.4051526e-05 0.0022882314 8.02272e-07 0.107935816 0.00030338624 0.00015774331 0.52788275 0.007486165 3.132005e-05 8.929181e-05 0.3449632 4.4337165e-05 5.8602714e-06 0.0009139505 0.058780283 0.06636039 3.1877167e-07 0.004198379 0.015993072 0.00077111565 0.1278175 0.026751371 0.008024113 8.3001225e-07 0.00042591145 7.724522e-06 0.00030451905 1.27446365e-05 0.0012575202 0.064675815 0.015375497 0.0005498025 0.0002660288 1.1410759e-07 0.00012228722 2.2210703e-07 1.9842964e-06 1.0626625e-06 0.34078315 0.00016732319
0.030188981 0.083473735 0.01198405 0.019461526 0.00092532556 0.0015164401 0.3262789 0.022836717 0.006755335 0.13231912 0.0047103 0.0008571642 0.009257453 1.956056e-05 0.33829355 0.91721445 0.00022982949 0.11983305 5.287328e-05 0.8210409 0.00064076815 0.00089928944 0.7711059 0.00061682187 0.8536241 0.008307703 2.1856924e-06 1.728318e-17 5.5843346e-05 0.0042879083 0.00041183628 0.58638966 7.5560433e-07 0.92578644 0.03066347 0.0006412793 0.0009544386 0.13841063 0.8849145 0.00091678725 0.7480735 0.9188653 5.6398108e-08 3.6294252e-05 1.6549095e-05 5.705255e-05 3.9996766e-07 7.2724964e-07 0.011058112 1.6506687e-06 1.8831113e-05 8.011864e-05 1.4455088e-06 0.19307294 5.3287924e-05 8.924042e-08 7.9712487e-07 5.6839986e-07 0.00015379573 9.94875e-08 4.1278627e-06 1.1303086e-06 2.921851e-07 1.2267951e-05 0.000114041955 2.489998e-06 4.1868534e-06 8.901837e-07 1.7288238e-06 7.980609e-06 4.736442e-08 0.00016480734 9.554103e-07 7.5041264e-08 2.3562845e-06 9.505753e-05 6.446179e-07 1.4564759e-05 2.2250708e-07 6.357593e-05 2.2052564e-06 6.1763894e-06 3.6334117e-05 1.6567784e-08 8.393923e-08 2.4607934e-06 1.1561362e-09 1.1950063e-05 2.422587e-08 2.1351677e-07 3.9928666e-05 1.0309715e-05 1.0164025e-06 6.014344e-06 2.3058744e-09 2.4921715e-06 7.771583e-08 3.2232261e-09 5.3835777e-08 7.080709e-05 1.5062267e-06
0.13101016 0.039169673 0.39622155 0.001051196 0.32583085 0.00018865202 0.0009373114 3.2293123e-05 0.504936 1.7531816e-05 0.61903673 0.83896416 6.37702e-08 1.373602e-05 5.315159e-07 0.29295176 7.236687e-07 1.0000517e-07 9.737742e-06 1.1544138e-06 1.5097775e-06 1.6101268e-07 4.2240064e-08 0.99638754 2.0092877e-08 7.310272e-08 8.631376e-06 5.5843346e-05 1.2900545e-15 1.1951366e-08 4.2618203e-06 0.016413432 0.4526801 9.664622e-07 9.091791e-09 1.6825437e-09 3.7989385e-09 0.94615114 0.00059679075 3.6299748e-09 1.3586508e-07 2.258318e-05 0.0369962 1.728348e-09 4.4821535e-10 0.016819816 0.35124475 1.3236365e-10 1.4092872e-08 7.841392e-10 8.11677e-09 0.017615138 2.6606733e-10 4.4301927e-08 9.410874e-10 0.08839266 2.8324773e-10 5.404336e-09 0.0023655102 1.3432965e-06 0.0062929243 2.5736253e-09 4.661058e-10 8.735555e-09 7.1985676e-05 0.0002304058 0.0012527704 2.6619568e-05 1.469147e-07 4.8284598e-08 1.21066305e-05 0.002433583 3.117677e-05 3.340944e-05 0.006205367 0.011152195 3.4804068e-06 1.7957481e-09 1.830069e-06 0.008031238 3.9653486e-08 0.00058972713 0.019301308 2.8492774e-08 0.00075404195 0.0034515564 1.8643985e-05 3.922299e-08 5.155831e-09 1.623903e-08 0.005557675 0.0011790888 1.476957e-08 8.0268336e-08 5.3803695e-10 0.0022821608 8.184443e-05 4.6210088e-11 7.404955e-06 0.002738892 8.4176805e-05
0.95822287 0.00080012006 4.3442628e-07 0.012677867 5.7853646e-07 0.002829458 0.024483353 0.020001492 1.8514816e-05 0.050541352 4.0096602e-05 2.5261745e-06 0.33478698 0.0043737036 0.14271922 0.004408932 0.11008829 0.40047786 0.012819348 0.096833885 0.62080646 0.89141315 0.14936122 2.1848972e-07 0.046489038 0.95882964 0.0016820563 0.0042879083 1.1951366e-08 2.6100605e-15 0.57028514 0.00014627463 3.6322572e-07 0.005016164 0.20516829 0.37614885 0.96987045 4.085622e-05 0.0001721066 0.342304 0.00069641706 0.0018490828 1.46790535e-08 0.2488588 0.48017237 5.7394664e-07 4.7658185e-07 0.17581251 0.03876417 0.1095758 0.24662349 2.7403628e-05 0.20247398 0.0019141228 0.030745437 3.7706374e-07 0.12995386 0.020592455 0.0062553156 0.0007695718 9.2830015e-07 0.04457438 0.055689506 0.0015061371 0.014789686 1.0912944e-07 9.297234e-08 0.00091797445 0.007595944 0.10663171 1.7521535e-07 0.001343922 3.923573e-07 7.788228e-09 2.89242e-06 0.00087536365 0.001689189 0.024593094 0.00032263526 0.0001992652 0.00066136156 0.0009746077 0.00025498634 0.0012493511 3.17787e-07 1.1225221e-07 1.1031934e-08 0.00060354057 7.423201e-05 0.0006653931 0.005940691 0.007788643 0.0005244424 0.0003545204 0.0010704655 8.400921e-08 3.1783547e-09 0.00030376922 7.066666e-08 0.0005468808 2.3403446e-07
0.9880113 0.0068765767 4.0941715e-05 0.21563789 0.000104354476 0.09879083 0.15504438 0.20148255 0.0011932999 0.11293983 0.00078053353 0.00028414658 0.2854765 0.1730308 0.13446324 0.0072702537 0.96176684 0.15259865 0.5693423 0.060203116 0.93000287 0.71254736 0.028706424 0.000114051414 0.0030306466 0.16641095 0.028040677 0.00041183628 4.2618203e-06 0.57028514 1.8067308e-14 1.82944e-05 1.8368331e-05 0.00012086459 0.010678141 0.045819424 0.3199964 1.696824e-05 1.2562783e-05 0.01000339 3.2879117e-05 6.220075e-05 9.1756385e-07 0.013473214 0.032042805 1.3431326e-06 2.4805186e-05 0.019535463 0.00022635523 0.0057735504 0.35230383 3.1168744e-05 0.28154215 1.2799717e-05 0.0002034967 9.054045e-06 0.004020961 0.001000226 0.099674106 0.03963192 4.3934833e-06 0.00031750396 0.3727384 1.9475921e-05 0.542826 5.4352194e-07 5.599325e-07 0.13038976 0.31348345 0.05783481 2.1619842e-06 0.027993213 4.183752e-06 2.729791e-07 1.7219097e-06 0.010171572 0.27520406 8.914231e-05 0.034473956 0.0036982927 0.03496632 0.12768117 0.0035494836 0.13222714 2.19348e-07 9.616189e-07 2.5256e-09 0.013710553 5.259778e-05 0.009591772 0.2912272 0.15243433 0.0018640243 0.0031376898 2.2130316e-05 3.8190848e-07 8.177561e-09 5.1646457e-05 6.245583e-08 0.028626207 1.07608784e-07
