1.8644148e-16 0.9809268 0.9492591 0.96616304 0.95108783 0.8177759 0.81527805 0.96574205 0.9875057 0.933706 0.9744286 0.9845629 0.8731211 0.8588774 0.61146826 0.8149603 0.97617674 0.9808662 0.24734564 0.68512547 0.7802315 0.9637167 0.054812945 0.40523648 0.8980916 0.89891106 0.6363071 0.943513 0.98291516 0.9617979 0.989097 0.59587616 0.19977067 0.9884385 0.08952131 0.042051885 0.82275647 0.2497572 0.71315175 0.99136204 0.93991864 0.9621842 0.110388346 0.95672315 0.80739546 0.04291131 0.027903387 0.1119897 0.027549762 4.5096094e-05 0.020983195 0.11584703 0.0002561174 0.7460334 0.9667126 0.9216453 0.98240477 0.8151977 0.96439177 0.96249217 0.9102776 0.966659 0.9139631 0.93728566 0.16126893 0.59954745 0.0020221302 0.93628544 0.043606926 0.48859206 0.9170142 0.95927304 0.08062648 0.00065466465 0.98441434 0.009572394 0.8989302 0.34968165 0.59569603 0.79371 0.6598664 0.36840096 0.9779336 0.982255 0.99631864 0.9633295 0.00035572762 0.023767708 0.9476562 0.99369645 0.98219013 0.36036846 0.0009592938 0.99924713 0.99971694 0.9937418 0.0033244723 0.9976203 0.76019657 0.71675104 0.007577433
0.9809268 1.9536347e-14 0.8712859 0.7419724 0.91894037 0.8306695 0.489389 0.22318983 0.00017727558 0.65584 0.00015143056 0.50652236 0.9445284 3.8734863e-05 0.8205409 0.00016883572 0.13915503 0.013955846 0.54927504 0.50141567 1.5171393e-05 0.0031326625 0.29685503 0.45651817 0.0013309149 0.0013670855 0.214729 0.03561911 0.0010448802 6.716345e-07 0.114518285 2.8116494e-06 4.091207e-06 0.00090794364 0.45815566 1.6507254e-06 0.0020202545 0.0015552384 0.0041156537 0.00019186552 0.0009723416 5.7268204e-05 1.30118515e-05 0.00039145807 5.770217e-05 0.32547218 4.6960144e-05 0.010872666 2.3828308e-07 0.00077590387 0.1738538 0.0004783822 0.0026663383 7.80778e-07 0.00013723745 0.00024383326 0.00018362228 3.471308e-06 7.5702133e-06 0.00064939406 0.00020772454 9.512273e-05 4.855281e-05 0.00010177236 0.33611074 4.14213e-06 1.8017456e-05 0.00046781034 6.237575e-05 3.2032144e-06 4.2749966e-06 7.344909e-05 0.00030615844 0.00011494494 2.4963687e-05 8.709553e-05 4.8337053e-05 4.680975e-08 2.8534816e-06 9.593866e-05 2.6283544e-08 8.1384045e-05 5.9873582e-05 0.0009994702 0.027589982 8.765816e-05 2.3398963e-05 8.672391e-08 3.4503234e-06 7.1512345e-06 7.923576e-05 1.130969e-09 5.251518e-07 0.00050453993 0.024180818 1.8686073e-06 1.1261956e-05 0.0012582453 5.600198e-06 1.0866816e-06 2.2392291e-07
0.9492591 0.8712859 1.5286377e-16 0.96828264 0.84942794 0.71746206 0.2601102 0.016618084 0.26905254 0.9663828 0.14849354 0.4560745 0.5472079 0.007831552 0.71575195 0.12164057 0.01671579 0.0010510817 0.08740564 0.80764234 0.004219901 0.011903554 0.018128151 0.72578573 0.00072127336 0.015244877 0.05302062 0.6093942 0.017854072 0.00034112742 0.043633197 0.0003642845 0.00019455084 0.00037688293 0.008769822 0.00024073821 5.3115364e-05 2.3314273e-05 0.04952772 3.8368347e-05 0.00070839905 0.0012180238 4.3002487e-07 0.00083113037 4.501712e-05 0.0067022564 2.0672564e-07 0.21654448 2.5970284e-09 4.619736e-05 0.06423273 0.0105943205 4.2574366e-06 1.01799394e-07 0.00013353176 0.0004090376 0.00058901275 7.608675e-08 0.0002201302 0.0014007587 0.00021722414 3.2064865e-05 5.795862e-05 0.000405438 0.18748301 4.362701e-07 4.9710437e-08 0.00027671142 0.0031468691 0.0001790344 5.436119e-08 0.00013187417 0.0034457808 0.0002880045 0.000101241 0.0011339235 0.00026137222 1.7324448e-08 0.00022679257 0.00026672918 2.3031175e-06 6.772296e-05 0.000101980964 0.0021811929 0.022292728 0.00014679827 0.0018001647 3.701512e-06 2.5323341e-05 1.0310714e-06 0.0005453634 3.7352632e-10 1.0046474e-06 0.0008300433 0.020343972 7.6806566e-07 0.00019822085 0.0010051851 3.87804e-05 3.3908561e-06 3.0380906e-07
0.96616304 0.7419724 0.96828264 2.9078702e-15 0.9559561 0.46365288 0.043019913 0.009235126 0.33945897 0.83442825 0.33472726 0.92504 0.32330906 0.0123034 0.28317735 0.049703903 0.017195795 0.016096793 0.07434185 0.44232562 0.009888389 0.1983363 0.012541722 0.3260073 0.001169638 0.07762196 0.024973692 0.3054911 0.012500125 0.0001815656 0.12545536 0.00023547863 0.00027651596 0.0010843851 0.021085007 0.00021980757 0.0006198329 0.00019278462 0.041964974 7.96369e-05 0.0045178668 0.0016227252 1.57044e-06 0.0028807083 0.00026231335 0.012381398 1.9285228e-06 0.059394732 2.0331937e-08 2.4339191e-05 0.021823803 0.0123833995 2.6735019e-05 1.7971222e-07 0.0006906595 0.00082823803 0.00082398683 2.2746262e-07 6.9439135e-05 0.0023343854 0.00026531483 6.180281e-05 0.0001612614 0.009281772 0.11313902 1.2476357e-06 1.173253e-06 0.00048094412 0.0049379747 7.6524135e-05 1.1929401e-06 0.0002708443 0.006046787 6.171765e-05 0.00025888844 0.0016852436 0.00019309761 5.512126e-09 4.61315e-05 0.00059015583 8.3344605e-07 0.00016750919 0.00017204243 0.0031445036 0.045606527 0.0003940288 0.0005345982 4.2366286e-05 1.5182538e-05 2.828245e-06 0.00084521243 3.229906e-11 1.2098274e-05 0.0026552721 0.035972208 5.319295e-06 0.000108067616 0.0019410866 9.441975e-05 1.9723379e-05 3.3107565e-06
0.95108783 0.91894037 0.84942794 0.9559561 1.1067144e-13 0.9263857 0.5762323 0.27911985 0.02005636 0.22161078 0.030310038 0.9579692 0.48406193 0.0020805486 0.21393119 0.0019674385 0.43207064 0.07085772 0.07429434 0.079425134 0.0004103408 0.28308454 0.021273576 0.058403764 0.049477793 0.038517 0.04854953 0.0099609755 0.007996544 4.436884e-05 0.44333884 5.663216e-05 4.3658765e-05 0.053272076 0.04479477 2.4825109e-05 0.015914923 0.0064060995 0.001200503 0.0006148867 0.025092257 0.001190829 0.00011130396 0.010501781 0.00051502447 0.008953877 6.706444e-05 0.0034630818 3.884171e-06 2.8852475e-05 0.003851622 0.00018208147 5.527777e-05 0.00053552614 0.0043545794 0.002619379 0.0011292141 0.00033145954 3.877681e-05 0.004500305 0.0025159386 0.00087403064 0.00025305053 0.00019773768 0.014437146 0.00021100036 3.513381e-05 0.002108464 2.307465e-05 8.5389365e-05 0.00018474628 0.0018690755 0.00041706677 8.1214675e-06 0.0008162186 3.549443e-05 0.0005044083 3.2871012e-06 1.8950781e-06 0.0010316165 8.884538e-08 0.00032723602 0.00093985075 0.0069920956 0.043815367 0.0012194506 6.2343074e-06 9.739753e-07 8.0974305e-06 5.1353636e-05 0.001907296 6.410924e-08 3.040824e-07 0.007577567 0.048506208 0.00024126637 1.2776404e-06 0.0029018943 0.00061354676 8.895625e-05 2.575138e-07
0.8177759 0.8306695 0.71746206 0.46365288 0.9263857 4.740996e-16 0.9391073 0.943195 2.0855397e-05 0.01585218 4.1312673e-05 0.23852862 0.8749291 1.546759e-06 0.45863494 2.0925943e-05 0.6806453 0.53935426 0.2879253 0.039214555 7.4523183e-07 0.01574393 0.2065826 0.020076668 0.46847156 0.0003571669 0.58400935 0.00049424457 5.939331e-05 7.415654e-08 0.112407506 9.463931e-08 6.321107e-07 0.36243778 0.20559673 2.396621e-07 0.36759168 0.3349433 6.1583945e-05 0.0015818729 0.014888067 5.1448586e-07 0.0065785646 0.0026692678 8.9580607e-07 0.05285098 0.0062656235 0.00047501165 5.883256e-05 3.1950913e-05 0.0059956894 1.5272895e-05 8.889205e-05 0.004733442 0.00145978 0.00060907786 4.1262015e-06 0.0037743615 3.7162349e-07 0.00022037051 0.0041975044 0.0022696091 1.7063521e-06 2.114554e-06 0.0054197833 0.0009350592 0.0019630566 0.0024775374 1.6699295e-07 9.6865e-07 0.00839039 0.00075000955 1.4370254e-06 3.3902872e-06 4.125377e-05 7.195032e-07 1.9305737e-05 8.4616295e-06 3.4272485e-08 2.7490401e-05 1.4300933e-09 1.9660205e-05 0.00033415703 0.0020097299 0.0050164657 0.00042395937 1.634441e-07 5.0309814e-09 3.3731748e-08 4.076063e-05 8.610711e-05 9.609688e-07 2.188178e-08 0.0019952818 0.0066743474 0.00017288799 1.01998026e-07 0.00018282286 3.146975e-05 2.4061198e-06 9.049698e-09
0.81527805 0.489389 0.2601102 0.043019913 0.5762323 0.9391073 3.625591e-15 0.91630036 1.1918577e-06 0.0060299262 1.061035e-06 0.10303742 0.9389804 3.2445076e-08 0.6918959 1.1492937e-06 0.45393264 0.48490798 0.73304623 0.050787102 1.5676552e-08 0.0004477376 0.6452553 0.044314854 0.053156797 1.51882e-05 0.92977434 0.0002609834 1.9702425e-06 2.3919744e-09 0.06925798 8.653109e-08 5.4513198e-08 0.02995732 0.68807757 1.104975e-08 0.6446672 0.578249 2.2809474e-05 0.002023163 0.000341234 2.6689252e-08 0.023452152 0.00011953192 6.113121e-07 0.2947945 0.02667827 0.00019251822 0.00012907312 0.00017375493 0.03697509 3.2149787e-06 0.0018501887 0.00052186154 6.835137e-05 4.26691e-05 1.2501476e-06 0.0005517386 5.5434214e-08 0.00012456694 0.00030629514 0.00028463776 1.3236802e-07 9.500699e-08 0.0151158655 0.00016796462 0.008670744 0.000662846 1.800349e-07 7.798534e-08 0.0020463215 4.304787e-05 4.7607628e-07 1.9394656e-06 5.524396e-06 1.2169678e-06 3.9340252e-06 1.5634014e-06 1.23312365e-08 3.1491743e-06 1.4807952e-09 2.1170863e-06 7.068699e-05 0.0006469045 0.0105675105 9.0374255e-05 1.0258124e-06 1.1891422e-09 1.1079083e-08 2.0151727e-05 1.025537e-05 5.910099e-08 1.2627157e-08 0.0002668493 0.004558569 2.1571022e-05 1.4190874e-07 0.00016879095 4.2299268e-07 7.498861e-08 4.3387498e-08
0.96574205 0.22318983 0.016618084 0.009235126 0.27911985 0.943195 0.91630036 1.853893e-09 8.182308e-06 0.016386999 4.8250026e-06 0.118540205 0.63319695 3.9465135e-07 0.20043768 4.0134532e-06 0.9870025 0.6289002 0.3512017 0.008554999 1.5826747e-07 0.0034253295 0.16676663 0.0031597852 0.043970667 0.000290473 0.6051822 0.00021006112 1.0174874e-05 6.4228814e-08 0.2044104 1.6113235e-07 2.051879e-07 0.0963993 0.32427183 5.0836125e-08 0.16288812 0.072854646 1.9519732e-05 0.0012741776 0.004860718 2.3851692e-06 0.0054438943 0.0019416607 6.433211e-06 0.13495742 0.004039427 0.00014128698 5.9348295e-05 9.007796e-06 0.0024694616 5.130407e-06 0.00070594315 0.0005865141 0.002129793 0.0007128723 3.130067e-05 0.0003424206 4.56376e-07 0.0011601883 0.0031493069 0.0016418259 1.1382718e-05 2.9630344e-06 0.002687453 0.00025760973 0.0007109506 0.0024555952 7.3822963e-07 7.250201e-08 0.000546714 0.0011052429 5.933412e-06 4.6405316e-06 0.00013573318 9.936083e-06 0.00011131967 2.103527e-05 9.157822e-09 0.00012652339 4.7831e-10 1.7170009e-05 0.00053635665 0.0022333292 0.020099754 0.00094611605 8.816677e-06 4.188195e-08 4.6638547e-08 0.00010515348 0.0003194971 5.3065214e-06 9.578918e-07 0.0023370362 0.01767452 0.00030748395 6.220381e-06 0.00068497023 3.7578757e-05 9.894245e-07 5.549285e-07
0.9875057 0.00017727558 0.26905254 0.33945897 0.02005636 2.0855397e-05 1.1918577e-06 8.182308e-06 5.546805e-16 0.3252204 0.935062 0.27944994 0.00011675662 0.7782393 0.0005575828 0.8892952 3.996017e-05 1.0959517e-06 6.377498e-05 0.01384431 0.72202593 0.043109715 1.7938474e-06 0.027805222 1.7167571e-05 0.31387696 1.4177828e-06 0.953995 0.5663895 0.0063758655 0.014626822 0.004684289 0.015690666 6.410567e-05 4.8932006e-06 0.014619346 2.7814315e-07 1.481272e-06 0.6974796 2.374062e-07 6.3221196e-05 0.019478302 4.101131e-07 0.0004977007 6.34342e-05 2.0090138e-06 3.7146933e-07 0.29565108 1.2625488e-09 2.8069408e-07 0.0014752757 0.480996 3.4989187e-09 5.030341e-08 4.7925318e-05 0.00023554644 0.0019373759 9.44387e-10 1.8229179e-05 0.0020133306 4.546197e-05 1.9155323e-06 3.967583e-05 0.5450442 0.02077399 9.198001e-08 2.670575e-08 7.704574e-05 0.32481322 1.6841557e-05 7.1306094e-09 3.2873224e-05 0.34368247 4.966763e-05 1.8477122e-05 0.020311292 7.223096e-05 1.46110075e-08 0.00047939425 0.000101694066 7.741311e-07 0.00010270037 1.9134028e-05 0.0017339186 0.095811486 2.8228413e-05 0.0015593821 0.0016558442 3.9746246e-06 1.2916256e-07 0.00023720469 1.3761173e-10 0.005139007 0.0006294596 0.07830356 4.716806e-08 0.013186046 0.00061253185 2.2024506e-06 8.305705e-07 0.009345051
0.933706 0.65584 0.9663828 0.83442825 0.22161078 0.01585218 0.0060299262 0.016386999 0.3252204 2.5942244e-14 0.11464427 0.19133979 0.033083268 0.010446447 0.30014515 0.022611922 0.00149137 4.2266686e-07 0.0071953214 0.9643705 0.002786169 0.0007567929 0.0008354977 0.89592063 7.3396327e-06 0.004149688 8.1663704e-05 0.81212145 0.05510868 0.00034225688 0.015343316 9.3792245e-05 5.3720774e-05 1.1153885e-05 0.00053204363 6.7492525e-05 1.6032837e-07 7.6464534e-07 0.2732356 1.8069483e-06 0.00014019522 0.0011518549 1.1985523e-07 6.6404726e-05 3.8522077e-05 0.0015031726 5.05915e-08 0.75779504 8.228159e-09 2.2900847e-05 0.20008047 0.25836825 2.3463139e-05 4.6069766e-09 1.412683e-05 4.5367557e-05 7.9895915e-05 1.1714485e-08 0.00028053153 0.00020234719 2.4511053e-05 9.141679e-07 2.3776782e-05 0.00012030479 0.7695331 2.954738e-08 1.3858672e-08 9.469059e-06 0.011893048 0.00010688981 2.8837037e-09 4.640842e-06 0.001303818 0.007941964 5.6106005e-06 0.083485335 4.989251e-05 1.0188558e-08 1.3674603e-05 0.00011290966 1.4861827e-07 8.722354e-05 7.8555735e-07 0.00025888917 0.006652335 5.918983e-06 0.029100671 9.34703e-06 2.022464e-05 3.194558e-07 3.5207366e-05 1.6969123e-08 1.9326517e-05 5.2812757e-05 0.004367495 1.0783928e-06 0.0038724672 0.00022256342 2.4584128e-06 2.3011721e-06 1.4528218e-05
0.9744286 0.00015143056 0.14849354 0.33472726 0.030310038 4.1312673e-05 1.061035e-06 4.8250026e-06 0.935062 0.11464427 6.5686723e-17 0.41185778 2.5773443e-05 0.9674962 0.00029732956 0.8790291 2.7115431e-05 2.8825218e-07 2.2737568e-05 0.0035179676 0.7850202 0.36992162 4.6177712e-07 0.0052448767 1.1787795e-05 0.84845656 3.8878972e-07 0.79183096 0.8091132 0.0686315 0.04087291 0.056778423 0.1103907 6.570542e-05 4.8651655e-06 0.12862185 1.18817084e-07 1.0062587e-07 0.41027674 1.5051087e-07 0.0016346578 0.25931773 5.231615e-08 0.003070614 0.003646048 1.8982408e-07 4.089576e-08 0.0873958 9.49214e-10 2.0342227e-07 0.0004449259 0.1339836 2.4191689e-09 5.8207245e-08 0.00015722697 0.0014433402 0.00879027 3.6794392e-09 0.00047835297 0.0041914377 0.00018464799 2.0527627e-06 0.0010630001 0.588862 0.004088233 4.2418574e-08 4.285994e-08 8.9941e-05 0.11163181 0.0003226648 2.5825958e-08 0.00012280763 0.23079212 6.1828773e-06 0.00017262374 0.004292978 0.00018387516 7.942625e-09 0.006481276 0.001002514 9.985594e-06 0.0007039804 4.0518367e-05 0.0043134126 0.028515114 2.8096727e-05 0.00040346506 0.0057827146 5.3190844e-05 2.6233997e-07 0.00062592694 3.797582e-10 0.0015529492 0.0041924156 0.050492898 5.2224806e-07 0.0019009386 0.0017725894 0.0006003442 0.00025824213 0.008661094
0.9845629 0.50652236 0.4560745 0.92504 0.9579692 0.23852862 0.10303742 0.118540205 0.27944994 0.19133979 0.41185778 7.609958e-14 0.041377284 0.046015702 0.01845734 0.0059222984 0.17905496 0.0991243 0.0031733187 0.017293591 0.005099333 0.9547817 0.00082607736 0.011386693 0.020869948 0.40059838 0.0071719536 0.025282696 0.061789945 0.0026038857 0.8109116 0.0006052493 0.00023808672 0.07137298 0.0022898293 8.1920254e-05 0.0047863703 0.00026775323 0.0027692104 0.0004884096 0.10042392 0.009944289 1.0870833e-05 0.06642074 0.0043412526 0.0016872804 7.0173655e-06 0.0073690275 1.9250781e-07 8.541075e-06 0.0027147816 0.0013516424 2.5802547e-06 9.6007214e-05 0.018418675 0.022251124 0.035353314 5.750046e-05 0.00013844804 0.049967524 0.0062608006 0.0012436284 0.0005022796 0.0008209948 0.071903415 3.217204e-05 3.3874755e-06 0.0055899406 4.986606e-05 8.14252e-05 6.412694e-05 0.0039594183 0.00043043107 6.0280996e-05 0.0021333066 9.595696e-05 0.0007765602 6.8767636e-06 6.7995934e-05 0.00067387917 3.940543e-06 0.00024520812 0.0013515825 0.023851987 0.097514324 0.0016958349 0.00018484639 1.49428e-06 5.4542455e-05 3.7688544e-05 0.0021475453 3.2033597e-07 2.0274838e-06 0.010358265 0.10454963 0.00017038253 9.1820206e-05 0.0034471534 0.00017614363 3.0491177e-05 1.0164041e-05
0.8731211 0.9445284 0.5472079 0.32330906 0.48406193 0.8749291 0.9389804 0.63319695 0.00011675662 0.033083268 2.5773443e-05 0.041377284 3.7600752e-17 3.6652798e-07 0.9775911 3.5250553e-06 0.07799084 0.015908465 0.91455734 0.20669317 3.916063e-07 0.000106530366 0.62469697 0.12713586 0.0021137812 3.9629842e-05 0.5313291 7.104606e-05 0.00021268547 8.2534065e-08 0.011207625 5.050906e-08 7.767197e-08 0.0005319868 0.68452173 8.189579e-09 0.00095984235 0.0038275358 2.9071862e-05 4.3286676e-05 0.00021425303 1.6226105e-06 3.978392e-05 2.648172e-05 4.7867354e-07 0.5584404 0.0002729423 0.0007314237 9.6279756e-08 0.0022563625 0.3833598 4.6492787e-05 0.007915616 9.328835e-08 2.8966506e-05 1.0868283e-05 1.9307474e-06 1.0483552e-05 2.6044556e-06 4.9692022e-05 0.00012200892 2.4692437e-05 2.630772e-06 9.272618e-08 0.13603775 1.479108e-06 0.0006298805 3.628847e-05 1.9395745e-06 2.2246699e-05 9.4348225e-06 1.4242327e-05 6.850315e-07 2.1502197e-05 3.1299937e-06 1.0164787e-05 1.7230406e-05 1.1691824e-07 1.3795832e-07 9.725232e-06 2.9954679e-09 7.371838e-06 1.2611734e-05 0.0003696522 0.009584453 2.6998181e-05 1.1715541e-05 7.0607338e-09 4.6813593e-06 1.1887591e-05 8.8241846e-05 8.952031e-09 7.5613094e-08 0.00025514496 0.005550005 7.957133e-06 2.742364e-06 0.0007421938 1.2174837e-05 3.676656e-06 1.173323e-07
0.8588774 3.8734863e-05 0.007831552 0.0123034 0.0020805486 1.546759e-06 3.2445076e-08 3.9465135e-07 0.7782393 0.010446447 0.9674962 0.046015702 3.6652798e-07 3.8521808e-17 4.300431e-06 0.94355136 2.988097e-06 6.840849e-09 1.3849154e-07 0.00046506774 0.8797195 0.028505046 2.5308078e-09 0.00014805816 4.2806371e-07 0.52157086 3.2537102e-08 0.37327623 0.70727414 0.4764093 0.005466603 0.8672134 0.663493 1.7727864e-06 9.259818e-09 0.73555297 2.2977917e-09 9.656307e-10 0.11729614 2.048815e-09 8.118707e-05 0.16898985 5.8134736e-10 0.00061497587 0.0011410114 9.582262e-09 2.2253253e-09 0.021712698 1.8981301e-11 5.47402e-09 1.4622426e-06 0.033116594 2.3524604e-10 3.2219538e-09 2.8839848e-05 0.0004587645 0.0115631735 2.7717395e-09 0.0017191458 0.001695447 4.749614e-06 5.6012606e-08 0.0010650437 0.71592826 4.1146628e-05 8.1064e-10 8.690663e-10 3.90971e-06 0.029557772 0.00175122 2.7153257e-09 7.89445e-06 0.2303762 1.2532596e-06 0.00015868619 0.0001741644 0.00023529948 4.966253e-10 0.039830413 0.0004282834 0.00089556316 0.00024182152 3.249989e-06 0.003274255 0.033655055 3.510964e-06 1.6207416e-05 0.044876277 0.0002543185 9.721434e-09 0.0006583121 7.5820175e-12 0.0010900635 0.0030718676 0.02777367 1.1832808e-08 0.0010060463 0.0009427174 0.00021861051 0.00010912814 0.010524655
0.61146826 0.8205409 0.71575195 0.28317735 0.21393119 0.45863494 0.6918959 0.20043768 0.0005575828 0.30014515 0.00029732956 0.01845734 0.9775911 4.300431e-06 4.3621796e-17 5.007293e-05 0.011816587 0.002441859 0.9864011 0.84346944 6.0135926e-06 1.3639879e-05 0.77297676 0.7117267 0.00021160612 3.3686378e-05 0.422314 0.00041767195 0.0005054981 7.395776e-07 0.0015886587 2.7270067e-07 8.939243e-07 6.639554e-05 0.46540323 3.2666506e-08 0.00049993774 0.0023848533 0.00013075783 3.223162e-05 1.6457308e-05 4.1522308e-06 6.226951e-06 4.649205e-06 2.0554003e-07 0.49017528 0.00014857556 0.002769177 1.402051e-08 0.011495701 0.75023925 9.38701e-05 0.0045427782 7.59393e-08 1.3290162e-06 5.6090784e-07 1.3277443e-06 2.631505e-06 3.7788923e-05 4.733764e-06 5.991422e-06 9.136115e-06 1.026982e-06 1.0813472e-06 0.18435839 1.6557176e-07 0.0003708853 5.0377826e-06 4.5136007e-06 0.00046238865 1.5125215e-06 2.7297715e-06 4.2483075e-06 0.0001437334 1.2846817e-06 3.8352544e-05 1.4308313e-05 1.2207745e-08 6.239544e-07 4.961548e-06 6.245619e-08 1.4438349e-06 1.2810237e-06 0.00015358641 0.0033238307 5.9876575e-06 3.6077613e-06 2.3914646e-08 0.00011510422 8.601457e-06 2.1751592e-05 4.4555346e-10 2.1794103e-08 7.6460165e-05 0.0013048529 9.4466316e-07 1.3345697e-05 0.00016328278 5.364283e-06 1.2678089e-06 3.0687738e-07
0.8149603 0.00016883572 0.12164057 0.049703903 0.0019674385 2.0925943e-05 1.1492937e-06 4.0134532e-06 0.8892952 0.022611922 0.8790291 0.0059222984 3.5250553e-06 0.94355136 5.007293e-05 3.6714063e-16 1.8408702e-05 1.1529745e-08 1.0623023e-05 0.0008544513 0.99297404 0.00052535697 5.464799e-07 0.0018635435 4.3978725e-06 0.013297015 3.5922142e-07 0.67178077 0.12733227 0.05572922 0.00024259464 0.024768684 0.09718345 4.6734544e-06 3.1665468e-07 0.14482658 8.7073474e-08 7.057923e-08 0.55812377 1.0786051e-07 6.846052e-05 0.002890676 1.9066821e-06 0.00014847584 3.2479522e-05 1.1369043e-06 6.739232e-07 0.051491566 2.8523388e-08 1.12243214e-07 0.00014366665 0.19483751 4.1562315e-10 3.1881729e-07 1.0874825e-05 6.460463e-05 8.011764e-05 8.747964e-08 0.00024135958 8.7124936e-05 8.040629e-05 1.5969028e-06 2.0478617e-05 0.41903022 0.00020863503 4.5907516e-08 3.5982815e-08 1.4751425e-06 0.21215017 0.00014979184 3.8241032e-07 9.678877e-06 0.3821288 6.38875e-06 9.1577485e-06 0.0023129964 5.2189258e-05 2.2648281e-08 0.0018852424 1.6293427e-05 1.04016294e-07 6.163088e-05 8.5605353e-07 0.0003120814 0.004444974 1.3677923e-06 0.00020453685 0.0026396636 1.8914718e-05 5.8242285e-06 2.2523815e-05 6.434932e-09 0.004412215 0.00021367516 0.0035571984 2.341501e-07 0.0039488203 0.00011068536 3.0835185e-05 9.499804e-06 0.01029575
0.97617674 0.13915503 0.01671579 0.017195795 0.43207064 0.6806453 0.45393264 0.9870025 3.996017e-05 0.00149137 2.7115431e-05 0.17905496 0.07799084 2.988097e-06 0.011816587 1.8408702e-05 4.5727536e-10 0.87080586 0.009733663 0.0010526245 4.4290502e-07 0.051568042 0.0062603294 0.00022734802 0.56275433 0.0009418372 0.13213438 0.00031557525 7.196721e-05 3.5130859e-07 0.80696833 4.3886237e-07 6.439758e-07 0.8357612 0.017206877 4.6897975e-07 0.27299756 0.0693239 2.5581729e-05 0.12415683 0.2739529 5.635155e-06 0.018915592 0.0784316 9.71191e-05 0.008171399 0.002576004 0.0009869969 0.0009764544 1.1147072e-06 6.7024766e-06 2.0948728e-05 9.253595e-05 0.012867939 0.05942123 0.027351575 0.00011064957 0.01059893 6.728257e-07 0.005029219 0.13743502 0.20358285 3.9054492e-05 9.969447e-06 0.0131557435 0.0051643383 0.0004922829 0.07552761 1.0307431e-06 2.029549e-07 0.01762591 0.021565353 8.483178e-06 2.2750146e-05 0.00045776519 1.4126238e-05 0.00040418623 0.00031668774 1.7839099e-08 0.0003701976 1.3506724e-10 0.0001015762 0.010265289 0.014981408 0.07608099 0.022617286 1.786424e-05 1.0990628e-07 4.0932068e-07 0.0009390493 0.00036389407 2.9597963e-05 3.4117863e-07 0.014274542 0.039073493 0.013281856 2.0672062e-06 0.00091429224 0.00012732008 1.4914321e-05 3.5349224e-06
0.9808662 0.013955846 0.0010510817 0.016096793 0.07085772 0.53935426 0.48490798 0.6289002 1.0959517e-06 4.2266686e-07 2.8825218e-07 0.0991243 0.015908465 6.840849e-09 0.002441859 1.1529745e-08 0.87080586 3.884574e-12 0.005142757 2.1007043e-05 4.3056563e-09 2.4063365e-05 0.003678317 1.2918948e-06 0.6907621 1.7636936e-06 0.5229318 1.6848014e-07 1.1362225e-06 6.766741e-08 0.51381177 8.780712e-08 7.063576e-09 0.32314783 0.008723148 3.773454e-09 0.9849542 0.30084476 2.6236125e-07 0.69194454 0.0022968585 2.8862218e-07 0.21162672 0.001297834 5.6996805e-07 0.00040038122 0.03474053 2.4744027e-06 0.04361896 1.8129765e-07 6.522192e-06 3.1354075e-06 4.672958e-05 0.120469 0.0022343986 0.0005552986 4.276636e-06 0.14094083 3.1077795e-07 0.0009244188 0.019921333 0.0735818 2.6080036e-07 7.565183e-06 0.00021173994 0.060507603 0.010799691 0.07675091 2.6707574e-05 2.5293506e-05 0.41526365 0.0016352831 3.4857917e-06 1.2546846e-05 1.5936752e-05 5.739868e-06 7.252799e-05 0.000782465 7.855825e-06 4.6617675e-05 2.6690842e-07 3.6482495e-06 0.012693468 0.011801006 0.5460878 0.0551178 9.3247036e-07 1.03027865e-07 2.6856853e-06 0.013728204 0.0006935346 3.5389952e-05 4.5772458e-07 0.009911473 0.24572751 0.0017464117 7.3843835e-06 0.003787826 0.000109153116 8.7278995e-06 1.2484539e-05
0.24734564 0.54927504 0.08740564 0.07434185 0.07429434 0.2879253 0.73304623 0.3512017 6.377498e-05 0.0071953214 2.2737568e-05 0.0031733187 0.91455734 1.3849154e-07 0.9864011 1.0623023e-05 0.009733663 0.005142757 5.7220935e-16 0.1423034 6.77136e-07 3.9327306e-06 0.9904654 0.08110261 0.00024083605 3.925203e-06 0.4895522 2.594595e-05 0.00016007926 3.4619765e-07 0.0006459906 1.09567836e-07 3.008552e-07 9.848494e-05 0.7541737 7.658276e-09 0.0015009007 0.008149457 1.9209137e-05 2.142323e-05 1.5061486e-05 2.4502742e-06 3.1426356e-05 4.09125e-06 6.453914e-08 0.630934 0.00048732987 0.0006253801 1.3001282e-07 0.016001776 0.68553954 1.1563833e-05 0.013275056 6.065346e-07 2.0753741e-06 5.405605e-07 4.1202227e-07 1.469939e-05 4.7179652e-05 1.5181431e-06 8.974927e-06 5.194825e-06 4.0859135e-07 5.490171e-07 0.067430645 3.0613842e-07 0.0025247622 8.4696385e-06 2.6870582e-06 0.0004042427 8.588612e-06 1.4120452e-06 1.4270436e-06 7.851926e-05 6.438646e-07 1.1160375e-05 9.699918e-06 4.6198082e-08 7.243018e-07 1.0348133e-05 1.2286402e-07 6.678056e-07 2.6966698e-06 3.394281e-05 0.0020380793 1.2631162e-05 6.0068924e-06 1.5739587e-08 3.2422082e-05 4.2412696e-05 3.125572e-05 3.395663e-09 4.3947523e-08 1.9168436e-05 0.0011601845 3.9908977e-07 1.2700145e-05 0.00014821625 6.267649e-06 1.3728287e-06 3.2420502e-07
0.68512547 0.50141567 0.80764234 0.44232562 0.079425134 0.039214555 0.050787102 0.008554999 0.01384431 0.9643705 0.0035179676 0.017293591 0.20669317 0.00046506774 0.84346944 0.0008544513 0.0010526245 2.1007043e-05 0.1423034 5.943525e-16 0.0001306848 9.032402e-05 0.055207375 0.99596494 8.013777e-06 0.0003569995 0.004907827 0.015741408 0.0024280332 2.5343994e-05 0.0012056212 3.7607995e-06 4.8335874e-06 6.9829052e-06 0.04943704 2.8593959e-06 6.3736948e-06 1.2560733e-05 0.004269774 1.0238768e-05 1.4503619e-05 0.00020062207 1.8662547e-06 1.1805907e-05 7.1727595e-07 0.03679073 2.145759e-06 0.16424677 2.3950937e-08 0.0022287143 0.6041594 0.0047610262 0.00081232184 5.7383357e-08 5.855243e-06 1.9811661e-05 3.8453847e-05 1.1019422e-06 0.00035043742 3.1587075e-05 1.6596605e-05 4.4083786e-06 1.3521302e-06 3.6521133e-06 0.6733893 4.2798695e-07 7.578393e-07 1.5920363e-05 0.000114264905 0.0003410993 5.5297775e-08 7.223913e-06 1.4719617e-05 0.004064045 1.0301314e-05 0.004017178 6.4160595e-05 4.490407e-08 9.884748e-07 6.6388195e-05 7.067973e-08 2.421205e-05 2.1822327e-06 0.00023207009 0.0047759814 3.1215639e-06 0.004075613 1.033996e-06 0.00041689735 1.5590667e-05 7.459571e-05 4.1718726e-09 1.218388e-06 4.4196244e-05 0.0014528518 5.8253114e-08 0.00022332396 0.00024499474 7.734577e-06 1.9234717e-06 1.4440235e-06
0.7802315 1.5171393e-05 0.004219901 0.009888389 0.0004103408 7.4523183e-07 1.5676552e-08 1.5826747e-07 0.72202593 0.002786169 0.7850202 0.005099333 3.916063e-07 0.8797195 6.0135926e-06 0.99297404 4.4290502e-07 4.3056563e-09 6.77136e-07 0.0001306848 3.1375765e-17 0.00016449031 1.7236248e-08 7.76975e-05 3.5702539e-07 0.01169874 2.3805379e-08 0.6312435 0.20380755 0.1770541 5.4544584e-05 0.06670141 0.4663963 3.8503936e-07 9.981062e-08 0.8932002 2.8703475e-09 4.792545e-09 0.6291029 1.6625451e-09 3.1698048e-06 0.003856693 2.2885333e-08 7.771243e-06 5.6809718e-06 1.00697484e-07 2.0204519e-08 0.07165069 3.1658837e-10 1.02048425e-07 1.0292284e-06 0.262523 1.9999e-09 6.9115003e-09 3.7582984e-07 3.2492144e-06 0.000118267504 4.2282773e-09 0.0005491823 1.2909041e-05 2.1604083e-07 1.3313725e-07 3.838582e-06 0.82364184 5.4301738e-05 1.3550623e-09 9.572781e-09 3.5497997e-08 0.35204223 0.00013796735 1.9122798e-08 8.214274e-07 0.7678878 1.7793446e-06 3.1729808e-06 0.0015270851 8.2208535e-06 2.2031992e-09 0.16856694 1.155841e-05 4.052959e-06 7.825265e-06 2.5124507e-08 0.00025887438 0.016800236 2.819092e-08 2.3182487e-05 0.095228344 4.053058e-05 4.771979e-08 5.6770455e-06 6.787104e-10 0.014084008 7.761411e-05 0.0062594865 9.762295e-09 0.011239715 0.0002429665 1.3911681e-06 5.7338747e-07 0.060272284
0.9637167 0.0031326625 0.011903554 0.1983363 0.28308454 0.01574393 0.0004477376 0.0034253295 0.043109715 0.0007567929 0.36992162 0.9547817 0.000106530366 0.028505046 1.3639879e-05 0.00052535697 0.051568042 2.4063365e-05 3.9327306e-06 9.032402e-05 0.00016449031 1.454557e-17 1.7269542e-07 2.8789627e-06 0.0035317452 0.97265834 3.98332e-05 0.00014236427 0.26128578 0.0079360735 0.87957555 0.00037833094 8.442128e-05 0.091222845 8.017978e-07 2.6618982e-05 3.2320142e-05 8.9594533e-07 3.702852e-05 8.9414345e-05 0.65172017 0.235841 3.486385e-07 0.3625159 0.4070775 2.6423988e-06 1.5330289e-07 0.00014333766 1.5820604e-09 2.6854812e-07 2.9829163e-05 2.272261e-05 1.8297696e-09 1.142327e-05 0.10786719 0.20301558 0.067489475 4.4222866e-06 0.0006959437 0.26965812 0.017621664 0.002329964 0.0062048845 0.00016744355 0.001914602 4.4587207e-05 1.1974778e-08 0.016152814 2.1065491e-06 0.00014177815 3.0034475e-06 0.02434245 0.0003932352 2.7939227e-06 0.03604418 1.3633116e-05 0.0051082894 3.7574475e-06 5.0101735e-05 0.0042728414 4.6949644e-06 0.0016562825 0.009543245 0.14915028 0.23471256 0.0050092232 6.6852717e-06 7.751317e-08 0.00013315877 1.5303645e-05 0.02174068 3.7266354e-08 3.089965e-07 0.04225557 0.18737105 0.00034513554 8.06227e-06 0.012155748 0.0024823432 0.0006176278 1.7985222e-06
0.054812945 0.29685503 0.018128151 0.012541722 0.021273576 0.2065826 0.6452553 0.16676663 1.7938474e-06 0.0008354977 4.6177712e-07 0.00082607736 0.62469697 2.5308078e-09 0.77297676 5.464799e-07 0.0062603294 0.003678317 0.9904654 0.055207375 1.7236248e-08 1.7269542e-07 4.611037e-17 0.051000785 0.0005049936 5.8166957e-08 0.85123336 1.6049933e-06 2.7026492e-05 5.3422532e-08 8.3163344e-05 6.489386e-09 1.9292797e-07 0.00016386715 0.9809488 9.002779e-10 0.0060543926 0.02389758 4.2215347e-06 1.1119992e-05 1.5321629e-06 4.251756e-08 0.00021133848 5.378813e-07 4.2863273e-09 0.7654891 0.0044301176 0.00011706624 9.780344e-07 0.076992474 0.7548884 1.5563837e-05 0.031379938 5.7009635e-07 1.0229274e-06 6.790543e-08 6.981789e-09 3.9635433e-05 1.5936562e-06 1.0183357e-07 5.692393e-06 6.3126123e-07 1.0166042e-08 1.35891e-07 0.018980488 3.2557946e-07 0.012667685 1.0199311e-06 9.706566e-07 2.4965664e-05 2.0877247e-05 1.7336109e-07 2.1447329e-07 6.05124e-06 4.931606e-08 1.1341877e-05 9.5352243e-07 1.0026894e-07 6.987545e-07 1.9386898e-07 8.5636617e-07 1.6842431e-08 8.7286146e-08 4.3521195e-06 0.00016877131 4.8857555e-07 3.0415824e-06 1.2224662e-08 2.3928257e-07 1.8294697e-05 4.4704205e-07 1.4550826e-08 2.088257e-08 3.4843438e-07 0.00017704093 1.6441831e-08 3.232518e-06 2.233445e-05 5.5559433e-08 2.1885622e-08 2.1611605e-07
0.40523648 0.45651817 0.72578573 0.3260073 0.058403764 0.020076668 0.044314854 0.0031597852 0.027805222 0.89592063 0.0052448767 0.011386693 0.12713586 0.00014805816 0.7117267 0.0018635435 0.00022734802 1.2918948e-06 0.08110261 0.99596494 7.76975e-05 2.8789627e-06 0.051000785 1.4600098e-18 8.1252824e-07 1.1212777e-05 0.018073188 0.07548163 0.0011121621 1.6176477e-06 0.0002167943 1.0868839e-06 1.37998195e-05 2.1529364e-05 0.15176381 3.7235003e-07 2.3295891e-07 9.349374e-08 0.016725555 7.093779e-07 1.4120062e-06 9.558883e-06 2.0351338e-08 1.0375529e-06 5.7761874e-08 0.18789588 3.4290665e-08 0.4649237 2.1406898e-10 0.01593781 0.95591104 0.029172197 0.00062696583 1.8663746e-09 4.1579113e-07 2.7748607e-07 1.0954109e-07 8.23281e-08 7.269502e-05 1.6565352e-06 8.234565e-07 1.4078446e-06 2.6951167e-08 3.0624778e-06 0.9099365 1.5659577e-08 5.5060763e-08 4.6222877e-07 0.0018175757 5.2055646e-05 2.4575884e-09 9.5059335e-07 2.773501e-05 0.011908778 2.8629225e-07 0.023221083 1.6870226e-06 5.628159e-09 3.1499465e-06 2.2374957e-07 1.3745547e-07 1.0626625e-06 8.0150807e-07 4.2742042e-05 0.0019126366 7.3097243e-07 0.05463978 1.8870662e-07 1.2337444e-05 3.5978182e-06 3.795135e-06 1.4973325e-10 8.029196e-07 2.0054974e-06 0.0004742239 1.200746e-08 0.0012914164 5.414066e-05 1.8960137e-07 1.18347096e-07 1.2041984e-07
0.8980916 0.0013309149 0.00072127336 0.001169638 0.049477793 0.46847156 0.053156797 0.043970667 1.7167571e-05 7.3396327e-06 1.1787795e-05 0.020869948 0.0021137812 4.2806371e-07 0.00021160612 4.3978725e-06 0.56275433 0.6907621 0.00024083605 8.013777e-06 3.5702539e-07 0.0035317452 0.0005049936 8.1252824e-07 1.4806751e-11 0.0006552377 0.07673151 1.4456936e-06 7.6745586e-05 7.3462746e-07 0.18173873 8.7901014e-07 6.475947e-07 0.91693693 0.00045601054 2.0520746e-07 0.5972859 0.04835265 4.2374795e-06 0.9504267 0.04041423 3.609474e-05 0.32593572 0.0065401345 9.180724e-05 6.7660826e-06 0.0012690199 8.927594e-06 0.048139635 1.0213586e-07 3.134134e-06 1.7442468e-06 1.5493663e-06 0.9578827 0.014986651 0.005422929 0.0001556735 0.7475292 4.5240035e-06 0.0028138359 0.07261405 0.2637979 1.9532748e-05 6.776408e-06 6.9539805e-05 0.826482 0.0009189621 0.11075109 4.751861e-06 8.288305e-05 0.75434875 0.010828464 6.569709e-07 2.549551e-05 0.0013024198 1.6599192e-06 0.0002680473 0.014416405 1.3787271e-05 0.0001523784 6.545431e-07 0.000107051805 0.016946316 0.014418632 0.16889219 0.09647781 2.4944875e-06 1.3086206e-07 7.321086e-06 0.00882834 0.0019237039 0.001687319 4.5108484e-07 0.010187268 0.054375328 0.043145064 5.2062046e-07 0.0034688956 0.0010295495 0.00025729276 3.9598405e-07
0.89891106 0.0013670855 0.015244877 0.07762196 0.038517 0.0003571669 1.51882e-05 0.000290473 0.31387696 0.004149688 0.84845656 0.40059838 3.9629842e-05 0.52157086 3.3686378e-05 0.013297015 0.0009418372 1.7636936e-06 3.925203e-06 0.0003569995 0.01169874 0.97265834 5.8166957e-08 1.1212777e-05 0.0006552377 1.3770275e-15 6.249313e-06 0.004966318 0.9594612 0.64367 0.42099062 0.04507701 0.008760076 0.005611901 4.2070639e-07 0.0045815324 7.229051e-07 6.06959e-08 0.0007366403 3.2390126e-05 0.3249759 0.8106796 3.2783805e-07 0.3368049 0.83210427 7.697688e-06 1.9859492e-06 0.0015425505 2.1754669e-10 1.0199375e-07 0.0002739024 0.00040474432 1.1515388e-09 3.3443562e-06 0.029639853 0.12501916 0.05366781 7.2446824e-07 0.0069554034 0.1626132 0.0023236542 0.00010304158 0.017101426 0.010130757 0.0027788146 3.8245284e-06 7.378685e-09 0.0017296635 0.00020297087 0.0031931282 1.1495447e-06 0.0052377386 0.0075975275 7.2025946e-06 0.02482112 0.00053147494 0.008279549 1.4436682e-06 0.0007053931 0.0062512215 0.00017022694 0.004488588 0.003572226 0.09474285 0.07171825 0.00047864593 5.0905186e-05 0.0002803181 0.0010882919 2.6107884e-05 0.009880645 1.21885275e-08 3.5240824e-05 0.01807119 0.09801152 9.7048454e-05 0.00020323739 0.010394299 0.0017606639 0.0036389648 0.00055358175
0.6363071 0.214729 0.05302062 0.024973692 0.04854953 0.58400935 0.92977434 0.6051822 1.4177828e-06 8.1663704e-05 3.8878972e-07 0.0071719536 0.5313291 3.2537102e-08 0.422314 3.5922142e-07 0.13213438 0.5229318 0.4895522 0.004907827 2.3805379e-08 3.98332e-05 0.85123336 0.018073188 0.07673151 6.249313e-06 5.5268116e-13 1.2022001e-06 7.611502e-05 6.02074e-07 0.014836346 1.862521e-06 3.0032515e-07 0.08915811 0.91754717 6.125951e-08 0.5539029 0.94756806 4.1094017e-06 0.0127489045 0.0013577824 8.581566e-07 0.041718427 0.00076712656 8.280891e-06 0.19861932 0.6715819 0.00012755136 0.0064998823 0.00032312024 0.01467576 9.483577e-05 0.05665579 0.0029640351 0.0013853335 8.082075e-05 3.12242e-05 0.016777163 1.0275009e-05 4.0796996e-05 0.0014784298 0.00062264164 7.857961e-06 5.45166e-07 0.0070335334 0.0040511703 0.8874035 0.0017668698 4.1590498e-05 0.0021461349 0.06990792 0.00039712564 4.4288305e-07 3.2725502e-06 2.6585598e-05 1.7028984e-05 0.00010151433 0.00011943985 2.1074608e-05 0.00037334493 2.306045e-06 7.362824e-06 0.00024693628 0.0012227258 0.013940169 0.0004742397 3.6651363e-07 1.16581866e-07 8.661684e-05 0.00043247684 0.000108260836 0.000138487 7.0121814e-08 0.00023271589 0.0047222935 0.0005547952 2.3779196e-06 0.0007098544 2.4925317e-05 8.297389e-06 1.5664185e-07
0.943513 0.03561911 0.6093942 0.3054911 0.0099609755 0.00049424457 0.0002609834 0.00021006112 0.953995 0.81212145 0.79183096 0.025282696 7.104606e-05 0.37327623 0.00041767195 0.67178077 0.00031557525 1.6848014e-07 2.594595e-05 0.015741408 0.6312435 0.00014236427 1.6049933e-06 0.07548163 1.4456936e-06 0.004966318 1.2022001e-06 4.830078e-13 0.19324517 0.047335953 0.002217849 0.005212341 0.0009093409 8.7265216e-05 3.5295022e-06 0.0005250299 4.393663e-08 5.392385e-08 0.99150664 6.678476e-07 2.934014e-05 0.0039309235 1.7320152e-08 8.2834464e-05 2.1165142e-05 7.6863905e-08 2.2651262e-08 0.81508905 2.414163e-09 6.3695566e-08 0.0006756746 0.6511924 4.8636617e-10 8.491486e-09 1.7646855e-05 6.92461e-05 0.00016642609 2.115947e-07 0.00037673186 0.00021707546 2.6843627e-05 2.0433797e-06 2.1485142e-05 0.0030639109 0.048124015 1.6744809e-07 1.23072e-08 1.8370856e-05 0.3057311 0.00024012831 5.5755297e-08 4.7015014e-06 0.29632118 0.0005968015 9.513792e-06 0.041911695 1.1782006e-05 6.835375e-08 1.3648676e-05 3.0066614e-05 4.935711e-07 2.0979576e-05 2.092733e-06 0.0005472234 0.022946183 1.3615525e-05 0.0055712224 1.9965028e-05 0.00020394822 1.594729e-05 7.906253e-05 1.9518704e-09 0.0017854157 0.00031787265 0.010850183 5.7398006e-07 0.049239703 0.00040249256 2.9712022e-05 5.391753e-06 9.401783e-05
0.98291516 0.0010448802 0.017854072 0.012500125 0.007996544 5.939331e-05 1.9702425e-06 1.0174874e-05 0.5663895 0.05510868 0.8091132 0.061789945 0.00021268547 0.70727414 0.0005054981 0.12733227 7.196721e-05 1.1362225e-06 0.00016007926 0.0024280332 0.20380755 0.26128578 2.7026492e-05 0.0011121621 7.6745586e-05 0.9594612 7.611502e-05 0.19324517 5.464944e-13 0.9451814 0.013254981 0.2880009 0.05381065 0.0001897118 0.00018881385 0.019055167 1.9587414e-06 7.084981e-06 0.055952687 5.330347e-07 0.014501816 0.94352496 4.536507e-06 0.018126829 0.5833888 1.525988e-05 8.578748e-06 0.020895021 2.4300423e-08 1.3538691e-05 0.00083881733 0.018225314 1.1112402e-07 1.0616646e-06 0.0019038713 0.006917469 0.02029033 1.4529576e-07 0.022928238 0.01089333 0.00019461506 6.3553703e-06 0.080175065 0.5453885 0.014539406 9.560291e-07 8.334047e-07 3.426872e-05 0.022061223 0.006196201 4.70234e-06 0.00031256748 0.13708243 3.1633354e-05 0.0034098418 0.0047395397 0.0042716675 6.097903e-08 0.054229733 0.005629252 0.01591931 0.005339376 9.124347e-05 0.0046148645 0.038307723 2.0905138e-05 0.0009857201 0.013266273 0.004323503 5.9740796e-07 0.002344888 1.566113e-08 0.0013369474 0.004289587 0.07117539 2.7960177e-06 0.0034510756 0.008052819 0.0009947191 0.0061261887 0.028031679
0.9617979 6.716345e-07 0.00034112742 0.0001815656 4.436884e-05 7.415654e-08 2.3919744e-09 6.4228814e-08 0.0063758655 0.00034225688 0.0686315 0.0026038857 8.2534065e-08 0.4764093 7.395776e-07 0.05572922 3.5130859e-07 6.766741e-08 3.4619765e-07 2.5343994e-05 0.1770541 0.0079360735 5.3422532e-08 1.6176477e-06 7.3462746e-07 0.64367 6.02074e-07 0.047335953 0.9451814 8.5620476e-14 0.00064144406 0.9726146 0.23652472 3.4369045e-06 1.5402057e-06 0.11710101 8.5486434e-08 2.871533e-07 0.014451796 8.9581925e-10 0.00019370571 0.91033286 5.3384536e-08 0.00023564463 0.017407624 9.996994e-07 1.498457e-08 0.0012522623 2.7604334e-09 2.4911921e-08 0.0004949049 0.009018769 2.6395524e-08 3.0040501e-09 5.0208786e-05 0.0010609005 0.056642216 2.99824e-09 0.4669739 0.0026452001 5.0938525e-06 5.252389e-09 0.03634569 0.8727431 0.003885805 1.7087704e-08 8.819805e-08 2.3442328e-06 0.0100246295 0.6120357 1.5919289e-08 1.6639286e-05 0.119348004 1.9492506e-06 0.0005230541 0.00011460322 0.0011232703 3.1507286e-09 0.6085819 0.00082672015 0.7320864 0.00179055 4.3565624e-06 0.0026695875 0.014025226 1.5579809e-06 8.744262e-06 0.1121041 0.021569362 6.0316987e-09 0.0023316252 3.039222e-10 0.0008175612 0.0010245005 0.030406954 5.081111e-08 0.00054247 0.007494769 0.0021033185 0.0020058458 0.012324086
0.989097 0.114518285 0.043633197 0.12545536 0.44333884 0.112407506 0.06925798 0.2044104 0.014626822 0.015343316 0.04087291 0.8109116 0.011207625 0.005466603 0.0015886587 0.00024259464 0.80696833 0.51381177 0.0006459906 0.0012056212 5.4544584e-05 0.87957555 8.3163344e-05 0.0002167943 0.18173873 0.42099062 0.014836346 0.002217849 0.013254981 0.00064144406 4.16206e-11 0.00020088263 9.4512085e-05 0.6474009 0.0027182014 1.4180499e-05 0.07753209 0.0031404456 0.00042521887 0.060777944 0.97134244 0.010638642 0.0016203306 0.4104891 0.030673092 0.0008707863 0.0001892048 0.0011684607 4.8065245e-05 1.7972492e-05 0.0004626895 0.00024932128 1.82078e-06 0.058975544 0.49080166 0.17642665 0.098859474 0.003220891 4.7158104e-05 0.15645246 0.13757296 0.25489736 0.0049444777 0.00016609709 0.033592235 0.008920432 3.357678e-05 0.23613687 5.389766e-05 3.4753306e-05 0.004804433 0.108086705 0.0007117263 2.0072359e-05 0.02498434 4.346397e-05 0.012658 0.001829032 1.0100431e-05 0.008046206 7.049623e-08 0.0013071221 0.0662857 0.14329015 0.33394098 0.09069257 0.00021409985 1.7338506e-07 7.8564364e-05 0.0007911575 0.011521041 0.00024717895 1.4638222e-06 0.03708197 0.12221237 0.038386323 6.402499e-06 0.0030059963 0.00048814947 8.3007566e-05 2.0260952e-05
