8.51218e-31 0.5236326 0.8825654 0.97617835 0.36297226 0.38107565 0.4805698 0.38896164 0.29636797 0.69658595 0.61453736 0.90033036 0.6297239 0.99247104 0.7901126 0.97514194 0.22751388 0.8562196 0.33207053 0.33767948 0.06894075 0.08807114 0.018201733 0.39281094 0.9802541 0.8035712 0.24873647 0.7095146 0.032202855 0.04359648 0.024592282 0.004976271 0.008060834 0.1645428 0.05333838 0.012227638 0.899951 0.7378782 0.011812874 0.7959155 0.0008148097 0.011986194 0.0014399688 0.93447006 0.91446865 0.050086945 0.927869 0.00040245437 0.87913245 0.82985485 0.00072854606 0.997501 0.0015473797 0.0050222697 0.00050490524 0.83445686 0.9960705 0.98815966 0.93915874 0.44987687 0.20721558 0.98906285 0.045030273 0.0058491165 0.7820615 0.97082865 0.99661547 0.65661514 0.52453655 0.06719399 0.8580723 0.99951446 0.0010797594 0.005382098 0.9763707 8.007949e-06 1.8013676e-05 0.99709195 2.817564e-07 0.080363095 0.99968225 0.9797445 1.4041807e-07 1.4770414e-08 8.592421e-06 0.0008202309 6.180145e-05 0.9952811 2.0544765e-06 0.0002689894 0.99534476 0.3878533 4.7408793e-08 1.2281353e-07 4.9690505e-09 0.3640566 0.9976628 0.9859866 0.99842817 0.933363 2.4033202e-09
0.5236326 3.7756934e-20 0.9361747 0.7068059 0.34774902 0.22766641 0.33305317 0.09683665 0.46654972 0.14916994 0.0680987 0.0150156785 0.028565185 0.8083159 0.022933343 0.0031083075 0.07547457 0.005925145 0.017670147 0.02066561 0.38486668 0.04703604 0.052083336 0.019877328 0.03835876 0.006708367 0.028453754 0.007435831 0.1630204 0.055506237 0.11985623 0.04668086 0.15445657 0.041303694 0.022533946 0.068858646 0.0067020743 0.2781591 0.011645437 0.0014487426 0.027376145 0.0054419083 0.010195832 0.0014934567 0.01600157 0.013471737 0.007956239 0.0009923953 0.0015788848 0.014587105 0.00059178576 0.0805532 0.001886542 0.003214524 8.374026e-05 0.18324028 0.26486334 0.0053616236 0.0025710317 7.247533e-06 3.7550886e-05 0.029248014 6.689868e-05 3.634066e-05 0.0009663705 0.0043509305 0.052865144 0.00018165671 0.00030271773 0.000110634595 9.9803816e-05 0.1777812 0.00040485806 0.0010260066 0.053247567 8.524205e-06 6.569502e-07 0.06884009 4.8219414e-07 2.6920281e-05 0.02635623 0.00036525124 6.048332e-06 9.3745206e-07 3.3809947e-06 9.0301155e-06 2.787955e-06 0.009845874 3.124256e-08 2.4437122e-06 0.04254269 0.0031224764 2.6546275e-05 2.9250237e-05 3.833278e-06 0.041930284 0.020749912 2.0950863e-05 0.0020889547 0.037565693 3.602661e-05
0.8825654 0.9361747 2.0319612e-19 0.45156717 0.12538223 0.084873304 0.2731189 0.019199522 0.52944136 0.03102392 0.023282787 0.00569739 0.0027059687 0.5523478 0.004144839 0.00065106706 0.054379076 0.0016463234 0.0054069567 0.009027154 0.688462 0.018946148 0.02004372 0.004434569 0.005643279 0.0010842056 0.0030858177 0.0016143052 0.23317948 0.07307538 0.43855822 0.024790373 0.33260372 0.13881738 0.066601485 0.06818056 0.0018565014 0.18195494 0.014385661 0.0003336911 0.10338189 0.016149534 0.04726719 0.00032993878 0.0021302307 0.0152611695 0.00024859761 0.0050967904 0.0001349805 0.07783113 0.0070457514 0.010996954 0.026560934 0.005925566 0.00086832995 0.062698916 0.15834856 0.00082960166 0.00017790632 2.8275413e-06 1.0886863e-05 0.002601982 3.936879e-05 0.00085632753 0.00017643951 0.00030105625 0.007996499 9.6960885e-06 1.7280152e-05 0.0008562732 4.4644116e-06 0.1420559 0.002642695 0.00293156 0.027091008 0.0011161685 9.192512e-06 0.04493266 2.5137258e-06 5.5312703e-06 0.0050964328 6.506534e-05 4.844781e-05 1.6236547e-05 5.4615688e-05 3.6232035e-05 6.162836e-05 0.0008070525 3.7276536e-07 4.1420015e-05 0.07373157 0.021614268 0.00012767842 0.00065224076 5.896152e-07 0.04874248 0.09354557 2.8113288e-07 0.00018519221 0.13221604 5.225131e-05
0.97617835 0.7068059 0.45156717 4.304645e-21 0.90285635 0.84893906 0.6563401 0.384738 0.60146785 0.45752412 0.30425563 0.39068717 0.057777226 0.8393406 0.033316966 0.0025073828 0.38041872 0.004660412 0.0145615535 0.06525973 0.30789706 0.11979369 0.13766201 0.0050093355 0.09636168 0.008384115 0.009181891 0.001766136 0.00254633 0.18599038 0.001031796 0.08122237 0.13026245 0.0025060773 0.00018212713 0.002056075 0.028433464 0.038248897 0.026121914 0.0002920702 0.0024632227 0.04080676 0.021755785 0.0024804028 0.0076101497 8.057947e-05 0.0008081824 0.0013050869 0.0024432207 0.0013483929 0.001192855 0.10169331 4.113813e-06 0.0031917933 5.8742575e-05 0.0154999895 0.1161718 0.008055941 3.6980033e-05 8.3813603e-07 6.2769927e-06 0.006900612 4.427659e-06 3.210994e-05 5.984527e-05 0.00021474685 0.072879754 1.0175107e-05 5.9793724e-06 1.8581937e-06 1.34968695e-05 0.09515751 1.6951509e-06 0.0012144966 0.0064059803 1.7787881e-06 5.88454e-07 0.015982416 2.7530302e-07 3.340904e-06 0.03138885 7.2535804e-05 1.4116251e-06 2.6137678e-07 6.906147e-06 6.8586303e-07 2.6096022e-06 0.0072101518 8.1877675e-07 6.5473733e-07 0.004382014 3.0717252e-05 4.0856626e-06 2.4261672e-07 1.3056213e-07 0.0014118595 0.009863609 1.3325075e-06 0.0015224805 0.0026617118 5.692369e-07
0.36297226 0.34774902 0.12538223 0.90285635 6.932645e-22 0.93433625 0.18924865 0.56721467 0.12903474 0.47779715 0.11977387 0.28566176 0.08634324 0.46023783 0.06396944 0.027689595 0.04482025 0.042105235 0.030234504 0.03365443 0.055270188 0.01806757 0.02183817 0.023414005 0.09665436 0.013551602 0.07471236 0.015940106 0.011626367 0.017807785 0.005131631 0.009649938 0.029417634 0.0035048826 0.00087060645 0.0051140455 0.04576118 0.040301207 0.0062197377 0.005427976 0.0015376778 0.0054541444 0.001071324 0.011682652 0.023416728 0.0006727186 0.011469479 2.4195242e-05 0.0058556707 0.0014530491 1.0806663e-05 0.09449043 1.1855755e-05 0.0015306675 1.473433e-06 0.015918786 0.042955976 0.019752722 0.0017644678 7.075727e-05 3.6879654e-05 0.010257866 0.0001719747 0.0001428791 0.0018213593 0.0042819255 0.044083912 0.00034818877 0.0006477864 7.421388e-07 0.00020359474 0.021992978 1.323675e-05 4.863725e-05 0.0052877525 8.165256e-07 5.2181715e-08 0.011070715 9.426059e-07 1.3217225e-05 0.015711127 0.0010290077 1.984673e-06 1.1747063e-06 2.0273483e-06 2.571549e-06 9.696538e-07 0.0079826005 1.2215182e-07 3.0741473e-06 0.0030651165 0.00022309173 2.2463528e-06 9.418892e-08 2.4032804e-06 0.004655617 0.003461414 8.093911e-06 0.0032133146 0.0017475521 3.8733992e-06
0.38107565 0.22766641 0.084873304 0.84893906 0.93433625 3.1984018e-22 0.14296046 0.62799716 0.09057373 0.435459 0.09856846 0.36321667 0.112744264 0.45957637 0.058289304 0.023501618 0.037426893 0.04813815 0.034004673 0.026621835 0.039647404 0.014785427 0.018728023 0.02580621 0.11635405 0.012190698 0.108246125 0.014860986 0.0109652635 0.0131411925 0.0034270205 0.008848 0.022515057 0.0029738855 0.00072041067 0.0045502074 0.060270756 0.036663905 0.005209692 0.0059711128 0.0010911608 0.0036771945 0.0006837168 0.013571532 0.033151668 0.0005917965 0.01215609 1.6878877e-05 0.0058716703 0.0012406438 7.517092e-06 0.115969524 4.9583264e-06 0.0014163895 1.0309278e-06 0.015218027 0.03365581 0.023620315 0.0019645316 0.000113863294 5.769678e-05 0.01219192 0.000250958 0.00020058801 0.0022518074 0.005418114 0.04967957 0.00047689586 0.00092227606 3.8551292e-07 0.0002664564 0.017880416 6.3858697e-06 5.778538e-05 0.004961378 7.054064e-07 5.197857e-08 0.010003328 6.7233947e-07 1.8878332e-05 0.018752195 0.0015442108 1.3673017e-06 1.0088825e-06 1.8251732e-06 2.2417494e-06 7.058802e-07 0.009650517 5.4751617e-08 2.7613353e-06 0.0032439064 0.00012861872 1.3044559e-06 3.7029558e-08 2.4220487e-06 0.0040960796 0.0030426024 1.4087908e-05 0.0044821245 0.0017325658 3.7689426e-06
0.4805698 0.33305317 0.2731189 0.6563401 0.18924865 0.14296046 6.8131424e-23 0.11337075 0.94313467 0.31897157 0.6706462 0.23679623 0.107093744 0.38753384 0.2918819 0.12448622 0.64542 0.076698475 0.030539293 0.39106506 0.2894724 0.33796197 0.2923877 0.017584907 0.11067202 0.07590248 0.0753363 0.015676374 0.002936119 0.26750913 0.0073993015 0.17106207 0.14249377 0.00095555885 0.00015883868 0.0017530037 0.074200764 0.01343275 0.11047789 0.0017486699 0.0070369816 0.16989227 0.029304784 0.007831638 0.024146844 5.9117767e-05 0.0061424025 0.018791875 0.0040912814 0.00037096257 0.0029870928 0.026849322 1.7292847e-05 0.026621148 0.0037343223 0.0044468287 0.015178725 0.011255047 0.001206981 2.6847365e-05 1.4667392e-05 0.0044599953 0.00011086929 0.00063133985 0.0013082152 0.0020743692 0.017071484 0.00022931563 0.00024725063 1.3388886e-07 0.00031792207 0.0066287383 1.3314861e-06 0.0022666955 0.0015061141 0.00039351883 0.00021925737 0.0035719026 0.000110009 2.0641006e-05 0.006352526 0.00016028182 6.008164e-06 9.512858e-06 2.5106356e-06 9.1344816e-07 1.9955498e-06 0.0036389024 9.885271e-08 2.861424e-07 0.0028398642 2.2422208e-05 5.3856115e-06 5.030809e-07 2.745791e-05 0.00088587473 0.0030950455 2.3843666e-06 0.0013229204 0.0011724631 5.4341264e-05
0.38896164 0.09683665 0.019199522 0.384738 0.56721467 0.62799716 0.11337075 5.9995893e-22 0.049425177 0.93603957 0.16804846 0.6579624 0.5185345 0.22692867 0.09342427 0.056154583 0.036790278 0.11548699 0.091195896 0.039979223 0.033606306 0.021486077 0.02555819 0.060141042 0.15709445 0.029364632 0.29270792 0.034000702 0.004136779 0.013577482 0.0012373407 0.018608505 0.017764118 0.0008917357 0.00011078928 0.0022198763 0.1052664 0.020682722 0.007740204 0.0144919725 0.00065022195 0.005741435 0.0008695013 0.025512664 0.04839253 0.00012767769 0.02257444 5.9123853e-05 0.0111291865 0.0003116867 1.230344e-05 0.11984148 3.1301163e-06 0.003186659 4.52459e-06 0.0100497855 0.012021866 0.042260308 0.0033512306 0.00058943505 0.00014968817 0.022353934 0.0014856224 0.001124816 0.004232744 0.007962463 0.053038467 0.0010564432 0.002274915 4.1022378e-07 0.00057964155 0.008644603 4.6152336e-06 0.00021413906 0.0033820998 3.7082393e-06 7.941005e-07 0.008857861 1.7057404e-06 0.0001470746 0.021468053 0.0036020605 1.9943648e-06 2.012105e-06 4.306394e-06 6.1798946e-06 3.594889e-06 0.016623037 2.8803672e-07 8.256855e-06 0.0014488862 1.9847801e-05 2.0104092e-06 1.2406052e-07 7.358479e-06 0.00086541165 0.0015643577 6.864311e-05 0.0052860053 0.00042964015 4.260191e-06
0.29636797 0.46654972 0.52944136 0.60146785 0.12903474 0.09057373 0.94313467 0.049425177 2.8719987e-22 0.122350626 0.39536598 0.10037697 0.047745194 0.39150763 0.15218332 0.041129675 0.6947127 0.013854935 0.0124082845 0.30014756 0.63343686 0.2675869 0.21843009 0.012721104 0.022511348 0.041250523 0.025398415 0.014409753 0.01482241 0.37413457 0.066756755 0.17101118 0.30056015 0.001440098 0.0013929809 0.0051227272 0.016584203 0.022297742 0.15890953 0.002680776 0.04410241 0.20839307 0.051804658 0.00280001 0.0055027013 0.0005433109 0.0024136445 0.02946248 0.0013611449 0.0010533913 0.010100137 0.0067690522 0.0009392566 0.038372494 0.0046445876 0.0061203786 0.010369348 0.002122284 0.0007032906 4.0613922e-05 2.0956059e-05 0.0011733014 9.4485775e-05 0.00040897424 0.00060324045 0.0008484603 0.0051176315 0.0002398763 0.00020239041 1.3177993e-05 0.00010952621 0.0047049397 4.6002864e-05 0.0024969382 0.0027129038 0.0023614476 0.00015879414 0.0038728951 0.00044377774 3.881851e-05 0.0033709165 8.884289e-05 4.657288e-05 3.657497e-05 5.2167884e-06 4.4582166e-06 1.23282825e-05 0.0019973684 2.9479057e-07 3.4599086e-06 0.00908401 0.00044835522 3.41643e-05 2.0377314e-05 0.00012534951 0.0069721257 0.006895661 3.8860235e-06 0.0010372394 0.0057940306 0.00013693963
0.69658595 0.14916994 0.03102392 0.45752412 0.47779715 0.435459 0.31897157 0.93603957 0.122350626 6.5759805e-21 0.733614 0.5690811 0.5815146 0.25088316 0.579093 0.32093638 0.1418613 0.33449638 0.297946 0.24007896 0.06906539 0.08085007 0.08415911 0.19801916 0.18887877 0.14513864 0.4065918 0.12025575 0.000915186 0.059544813 0.0014641628 0.06654756 0.038770042 0.0007382691 1.7041088e-05 0.001006817 0.2599386 0.013671938 0.047332216 0.028094921 0.0007376255 0.05456419 0.0035078968 0.081109114 0.11030012 1.2663208e-05 0.0400985 0.001219788 0.028638035 0.00030334486 7.7294564e-05 0.11201493 4.772726e-06 0.019404825 0.00017293713 0.0048819487 0.011634103 0.07929536 0.0058663893 0.0014003982 0.0004899722 0.024508191 0.002689031 0.0035736011 0.005659216 0.009170431 0.049659546 0.0021799512 0.0021770354 1.5792492e-07 0.0018557854 0.01078668 3.946083e-06 0.0027523823 0.002431197 2.3173337e-05 1.2836352e-05 0.0059812693 1.3038421e-05 0.0005767434 0.014724892 0.0041610114 8.735027e-06 5.796744e-06 1.6163578e-05 2.4499857e-05 2.9674276e-05 0.019659042 1.636371e-06 1.43400075e-05 0.0008969794 6.823931e-06 8.206057e-06 7.8014534e-07 2.2067174e-05 0.0002571836 0.0014593784 4.8185444e-05 0.0027279162 0.0002633493 7.1332997e-06
0.61453736 0.0680987 0.023282787 0.30425563 0.11977387 0.09856846 0.6706462 0.16804846 0.39536598 0.733614 3.8696977e-22 0.20177665 0.13040344 0.06015673 0.85883284 0.5408477 0.68784106 0.27414948 0.17830034 0.9163504 0.14641495 0.6609107 0.5308056 0.18428582 0.09378989 0.3659936 0.16516264 0.23568031 0.00025152822 0.24593662 0.0001419306 0.4266767 0.061720047 0.00031957848 1.3936493e-05 0.0002860375 0.17322883 0.0035245211 0.27704996 0.026945543 0.0013544504 0.24226819 0.032335654 0.056775942 0.07548357 1.5076984e-06 0.03333931 0.0266049 0.026000125 0.00022490001 0.00011936196 0.027031554 7.8721774e-07 0.13692182 0.005651705 0.0027500342 0.0047056694 0.03885961 0.0071483646 0.0008213856 0.00054416724 0.013445535 0.003985378 0.010233917 0.005591492 0.007089137 0.019940231 0.0028843821 0.0019189708 5.9240598e-08 0.0029565734 0.0038384106 5.953963e-07 0.01643174 0.0014149003 9.3649855e-05 0.00075294724 0.0033821058 0.00017180714 0.0001773735 0.006219503 0.002123291 2.8300826e-06 1.9335964e-06 0.00013392534 1.9543668e-05 5.5736404e-05 0.009868921 3.8551443e-05 7.366498e-06 0.00057269953 3.5406983e-06 2.914861e-06 1.8690197e-07 1.5191749e-05 9.989189e-05 0.00069199665 3.288404e-05 0.0018846099 0.0002496725 1.6536158e-05
0.90033036 0.0150156785 0.00569739 0.39068717 0.28566176 0.36321667 0.23679623 0.6579624 0.10037697 0.5690811 0.20177665 1.0408136e-19 0.9442818 0.22345322 0.08900047 0.13535449 0.18171385 0.16670664 0.075789414 0.062729575 0.011998895 0.07751594 0.048962608 0.025849866 0.9032199 0.020193696 0.15098408 0.009998388 0.00030217666 0.046595454 0.00012399848 0.026971933 0.014634301 0.00011074353 2.3058965e-05 0.00048390095 0.32079512 0.00289247 0.016347257 0.0057293056 0.00056098466 0.020134998 0.0033134054 0.03694105 0.03744817 5.824187e-05 0.0062267645 0.00041567933 0.0049114227 6.099972e-05 9.5970965e-05 0.11402152 1.7467754e-06 0.006165302 0.0003608765 0.0028356535 0.009192882 0.021790473 0.00091919256 0.00013922765 9.989104e-05 0.044942215 0.00034380818 0.00037089997 0.0007934934 0.002107067 0.08783931 0.0002076384 0.0002672091 1.8103901e-07 0.00026138118 0.012191778 1.5707276e-06 0.0017935314 0.0022825527 6.01244e-06 2.0437656e-06 0.007350053 1.1978445e-06 8.559597e-05 0.045456897 0.0015196567 1.0472853e-06 8.734523e-07 2.4266532e-05 5.2790405e-05 6.4272513e-06 0.015413293 2.4518638e-06 7.266237e-05 0.00034583535 6.476163e-07 4.7675035e-06 9.28255e-07 2.5240806e-07 3.7588972e-05 0.00079656526 5.541786e-05 0.002711838 0.00017790242 7.6415546e-07
0.6297239 0.028565185 0.0027059687 0.057777226 0.08634324 0.112744264 0.107093744 0.5185345 0.047745194 0.5815146 0.13040344 0.9442818 1.553455e-18 0.12294588 0.08580302 0.08061487 0.09507155 0.27926567 0.21540676 0.06459171 0.008978722 0.07083932 0.042132687 0.10906513 0.60069525 0.029466335 0.53600585 0.061507467 0.00028197296 0.020177374 0.0004857613 0.02769684 0.009751506 0.00011791365 1.4625112e-05 0.00066114304 0.47339416 0.0054041804 0.009753842 0.021946836 0.0004103694 0.0082094 0.000603799 0.027142068 0.06453662 3.8318398e-05 0.047445826 7.37578e-05 0.016192285 4.1905703e-05 1.33248e-05 0.17905948 2.673674e-06 0.0021993537 1.6037073e-05 0.004352115 0.010100836 0.045090552 0.002898357 0.00046334078 0.00026738807 0.08398562 0.0016314947 0.0009051611 0.0031970774 0.011751518 0.12938142 0.0009523947 0.0018052148 1.6485237e-07 0.00052022695 0.008472959 5.071589e-06 0.0004972564 0.0071535916 1.5530114e-06 8.5880924e-07 0.008597136 2.3154313e-07 0.00023585283 0.037506312 0.005475408 3.573461e-06 2.1715358e-07 2.1187589e-06 7.841558e-06 3.8175976e-06 0.044556227 1.0933778e-07 1.2808173e-06 0.00030511324 2.3659827e-06 2.6576179e-06 2.1397573e-06 4.6887152e-07 0.0004276889 0.0003276057 0.00011392932 0.00965501 0.00010988382 2.64668e-07
0.99247104 0.8083159 0.5523478 0.8393406 0.46023783 0.45957637 0.38753384 0.22692867 0.39150763 0.25088316 0.06015673 0.22345322 0.12294588 4.9125555e-20 0.025723279 0.012244126 0.017685968 0.030665692 0.022656381 0.010941014 0.18089627 0.010922988 0.008520176 0.013506522 0.31847778 0.010663106 0.025291717 0.0056410832 0.33349484 0.0029253906 0.015875312 0.0067552617 0.0360783 0.1180927 0.034892276 0.15728657 0.029726014 0.61980546 0.0006393944 0.0012487911 0.004007971 0.0017483189 0.001445715 0.0072632167 0.02410898 0.021812739 0.006228359 2.8173708e-05 0.005400512 0.059025157 7.6047836e-05 0.38727677 3.5502355e-05 0.00062801153 6.883679e-06 0.23144457 0.61349875 0.018427186 0.0011436308 1.6134962e-05 7.064285e-05 0.07278265 4.0850256e-05 3.811321e-05 0.00023079218 0.001960514 0.30722243 0.00017522731 8.1532584e-05 7.771885e-05 0.00010160344 0.58347434 7.483399e-05 0.00060608255 0.14651155 4.813977e-06 7.997466e-07 0.28175297 5.6686304e-07 7.4954796e-06 0.26403436 0.00047164652 5.7516663e-06 8.836318e-09 1.749472e-05 1.1802137e-05 1.2571183e-05 0.050540123 9.598011e-07 1.0537046e-05 0.22770168 0.0024563225 1.0756046e-05 3.856926e-06 5.069938e-07 0.041551124 0.12143958 8.521433e-06 0.015884928 0.07493685 2.4118503e-07
0.7901126 0.022933343 0.004144839 0.033316966 0.06396944 0.058289304 0.2918819 0.09342427 0.15218332 0.579093 0.85883284 0.08900047 0.08580302 0.025723279 2.1782815e-18 0.77508783 0.37405834 0.4506854 0.43963945 0.7609977 0.07996716 0.51749235 0.29409486 0.593611 0.05077501 0.77506316 0.15525593 0.8090236 6.5919535e-06 0.25568056 3.7806476e-05 0.3677045 0.027844971 4.933199e-05 4.8384e-07 4.136388e-05 0.16663049 0.0007392385 0.43652493 0.273838 0.00049295166 0.49094862 0.043180525 0.13736604 0.12374051 4.965597e-07 0.09694394 0.04479066 0.100093976 4.532167e-05 7.697039e-05 0.031445798 4.6655833e-07 0.36418906 0.01788589 0.001265643 0.0028893915 0.11664906 0.023579396 0.0022122057 0.0016019692 0.025375292 0.025376964 0.04937298 0.00926599 0.017122615 0.04214124 0.0057885163 0.0039703627 9.586832e-09 0.0077956314 0.0063009323 9.1411914e-07 0.13549317 0.0021168059 8.3425715e-05 0.0013848798 0.0029080196 0.00016916644 0.0015916916 0.008076755 0.008383567 6.4838464e-06 1.000328e-06 0.009291218 0.00023791946 0.0007992076 0.040800743 0.0063809115 0.00017658598 8.599952e-05 3.1712733e-07 3.430045e-06 2.8302728e-07 1.5793983e-05 3.508017e-05 0.00048281928 0.00023663236 0.0035288157 8.866633e-05 5.804588e-06
0.97514194 0.0031083075 0.00065106706 0.0025073828 0.027689595 0.023501618 0.12448622 0.056154583 0.041129675 0.32093638 0.5408477 0.13535449 0.08061487 0.012244126 0.77508783 3.5488982e-20 0.25905395 0.8434029 0.8570576 0.48068577 0.018289927 0.3186229 0.21621002 0.7870376 0.06007376 0.61758995 0.1426793 0.4576223 8.884628e-07 0.121160515 5.560874e-06 0.25732288 0.009329165 1.09523435e-05 2.209913e-08 3.07498e-06 0.257942 6.0781545e-05 0.2839064 0.24261148 0.0002028741 0.18211688 0.017031966 0.3522601 0.15303618 8.135125e-08 0.07262285 0.008433369 0.19316067 7.565465e-06 1.5386504e-05 0.034590654 1.334072e-07 0.21637227 0.0035800927 0.00019257714 0.0010474669 0.14152938 0.012123945 0.0010185039 0.000816558 0.022791903 0.008221583 0.03068109 0.0038227462 0.011749445 0.036908925 0.0018288716 0.0016394422 1.1100336e-09 0.0032050728 0.0035255735 3.1569744e-08 0.12675554 0.000413269 3.6868332e-05 0.0008507594 0.0012957503 3.625568e-05 0.0008623202 0.012655725 0.0057013254 2.6634461e-06 2.350734e-06 0.0063436413 0.00021513776 0.0011017543 0.050264988 0.003102377 0.0002555504 5.9978855e-05 2.9683683e-08 6.6454953e-07 6.566811e-08 4.299467e-06 1.6171734e-05 0.00048052435 7.2742936e-05 0.0071637025 2.551717e-06 2.955358e-06
0.22751388 0.07547457 0.054379076 0.38041872 0.04482025 0.037426893 0.64542 0.036790278 0.6947127 0.1418613 0.68784106 0.18171385 0.09507155 0.017685968 0.37405834 0.25905395 7.573581e-22 0.06279864 0.027717892 0.52984977 0.3788637 0.8485875 0.7363247 0.012751172 0.027721712 0.24138607 0.013090707 0.026860159 0.0002881314 0.8354132 0.00042552128 0.6297037 0.29126474 0.0003101895 2.8813676e-05 0.00047286233 0.039286114 0.0005514579 0.50507337 0.00083231303 0.027845338 0.62695175 0.28266007 0.013793236 0.008563439 7.0739957e-06 0.0025921518 0.18186173 0.0038140556 0.00015111 0.033022683 0.0021411944 6.761419e-06 0.1746968 0.07096308 0.0011307718 0.0011523871 0.0029634712 0.00056334253 2.914465e-05 5.5185697e-05 0.0011750313 0.00012825543 0.00035786824 0.00029620118 0.00029023841 0.0012097051 0.000100660756 0.00011286068 3.8689595e-07 0.0001271239 0.0011904553 2.560422e-06 0.007665917 0.0015656211 0.016341146 0.015790332 0.0009281418 0.0030510116 6.4763044e-05 0.00096352794 3.5765377e-05 0.00017272729 0.00028794984 9.188818e-05 3.426543e-06 9.575024e-06 0.0006970174 4.2899796e-05 8.6590984e-07 0.00070613006 2.116928e-05 1.544559e-05 1.1326978e-06 7.03779e-05 0.00021577104 0.0005432305 1.5365381e-06 0.00024345565 0.00074223237 0.00033620358
0.8562196 0.005925145 0.0016463234 0.004660412 0.042105235 0.04813815 0.076698475 0.11548699 0.013854935 0.33449638 0.27414948 0.16670664 0.27926567 0.030665692 0.4506854 0.8434029 0.06279864 3.2556087e-20 0.89103204 0.16888738 0.0075312676 0.076134555 0.05819963 0.7959141 0.12396158 0.19611207 0.5522749 0.310985 4.2843067e-06 0.017984273 6.510711e-05 0.050148636 0.007928736 4.097386e-05 5.5316e-07 3.4754605e-05 0.30568397 0.0010300538 0.032290176 0.1719128 9.501357e-05 0.024498517 0.0013313396 0.24463066 0.21433745 3.910931e-07 0.09528985 0.00013576593 0.1679197 1.3466771e-05 8.891177e-06 0.057927903 3.353809e-07 0.010756427 3.052868e-05 0.0009663264 0.0013139053 0.1814221 0.015603037 0.0017626396 0.0007282106 0.053263556 0.004811946 0.0051910244 0.00890079 0.020987663 0.062917024 0.0020028057 0.002996281 1.4355762e-08 0.0027654138 0.0028744473 2.8498062e-07 0.0049804114 0.0012738399 4.816066e-06 6.910338e-06 0.0024172782 1.033647e-06 0.00062851096 0.012655519 0.006971876 9.6943e-07 2.6713252e-07 9.401806e-06 5.257446e-05 7.993181e-05 0.04714372 2.3851353e-06 2.4643083e-05 5.4462824e-05 5.006803e-08 8.499524e-07 2.8016226e-08 4.447549e-06 5.1263552e-05 0.00026222906 0.00019803076 0.006526959 8.4764415e-06 1.213837e-06
0.33207053 0.017670147 0.0054069567 0.0145615535 0.030234504 0.034004673 0.030539293 0.091195896 0.0124082845 0.297946 0.17830034 0.075789414 0.21540676 0.022656381 0.43963945 0.8570576 0.027717892 0.89103204 5.865082e-22 0.12423407 0.009223332 0.038479846 0.022783773 0.8828237 0.082846165 0.16682269 0.685795 0.37501916 4.3150874e-05 0.0066943867 0.00014508027 0.020627888 0.014751067 9.856772e-05 3.3190772e-06 6.325256e-05 0.18794528 0.003821758 0.016862925 0.28144616 8.443762e-05 0.008266358 0.0002388659 0.15039991 0.13950767 1.0367112e-06 0.13887459 9.313787e-06 0.09225165 5.5683857e-05 4.956455e-06 0.056922417 5.313434e-06 0.006716128 2.176762e-06 0.00077382557 0.0039758533 0.132033 0.026134053 0.0035273118 0.0017746913 0.052427355 0.0071296864 0.0058114817 0.016189605 0.026436336 0.060299594 0.0049321125 0.004983089 2.8813264e-07 0.004961125 0.0034722947 5.511335e-06 0.0013320476 0.0016872254 8.728216e-06 8.0330176e-07 0.0038955116 1.1340314e-06 0.0007296621 0.020833615 0.008678652 1.5087024e-06 4.783299e-07 9.987566e-06 6.75586e-05 1.4374607e-05 0.047765046 3.0432045e-06 3.2764492e-05 0.00016585964 3.065859e-06 5.105785e-07 4.9806292e-08 1.7629582e-05 8.56052e-05 0.0002627673 0.00061263464 0.008885361 9.3553725e-05 3.688256e-06
0.33767948 0.02066561 0.009027154 0.06525973 0.03365443 0.026621835 0.39106506 0.039979223 0.30014756 0.24007896 0.9163504 0.062729575 0.06459171 0.010941014 0.7609977 0.48068577 0.52984977 0.16888738 0.12423407 1.5568113e-20 0.1315809 0.74946386 0.60297275 0.17375708 0.024497697 0.58799434 0.09346904 0.4012813 9.519751e-07 0.27713972 3.277527e-05 0.5603658 0.10535898 1.0133485e-05 1.8685272e-06 1.3384559e-05 0.063282155 0.00031647278 0.5235595 0.07399288 0.0010808597 0.4500726 0.04304467 0.036237672 0.037970956 4.1299867e-07 0.030042788 0.04309884 0.019889845 1.0197625e-05 6.358417e-05 0.006271626 5.15184e-07 0.4931253 0.007961149 0.00035780872 0.0006944003 0.026831483 0.009863016 0.0018052226 0.0017491677 0.0053075547 0.017944587 0.08440386 0.0044479123 0.004739958 0.008318767 0.003925567 0.0019238323 1.4642115e-08 0.00360444 0.0017234986 6.226354e-07 0.08242279 0.00040735802 6.043279e-05 0.00096505496 0.0008660859 7.502686e-05 0.00067357207 0.002672582 0.0018311202 1.0413427e-06 1.018788e-06 0.00069685624 8.628746e-05 0.00014112241 0.0044051623 0.0001071746 1.3568408e-05 3.0204596e-05 1.3862982e-06 5.5053914e-07 3.1321377e-08 5.201855e-06 9.828016e-06 0.00017652857 7.146527e-05 0.0007472811 5.3395208e-05 8.436578e-06
0.06894075 0.38486668 0.688462 0.30789706 0.055270188 0.039647404 0.2894724 0.033606306 0.63343686 0.06906539 0.14641495 0.011998895 0.008978722 0.18089627 0.07996716 0.018289927 0.3788637 0.0075312676 0.009223332 0.1315809 1.3244542e-18 0.22187982 0.116732 0.008998738 0.002833303 0.062304232 0.011315268 0.009724265 0.048474014 0.55657905 0.7033255 0.15672088 0.85059917 0.008492683 0.010720052 0.0179963 0.0014267695 0.028338667 0.22455926 0.0021385285 0.6620649 0.43078873 0.2864512 0.00067699456 0.0017706811 0.0029487987 0.006262255 0.116031066 0.00045374176 0.004917293 0.2320159 0.0073341406 0.16153295 0.23930565 0.056416802 0.025004385 0.028333113 0.00027533548 0.0031361168 0.00018165461 4.644913e-05 0.0015295628 0.00031939414 0.0019978855 0.0011942756 0.0007866523 0.0034265402 0.0009883514 0.0041344776 0.0020132011 0.00037602524 0.01741154 0.0066889618 0.020777225 0.03908961 0.027566575 0.0037961327 0.026349368 0.0035634781 0.00040304856 0.004493989 8.1860824e-05 0.0023344508 0.0009008415 0.00013946353 5.6618766e-05 0.00013841913 0.0014909592 7.192367e-06 4.2522614e-05 0.13275178 0.014247987 0.0028483407 0.0043495265 0.00033286284 0.06343928 0.056015514 1.1046005e-05 0.00057709275 0.062603876 0.00094775157
0.08807114 0.04703604 0.018946148 0.11979369 0.01806757 0.014785427 0.33796197 0.021486077 0.2675869 0.08085007 0.6609107 0.07751594 0.07083932 0.010922988 0.51749235 0.3186229 0.8485875 0.076134555 0.038479846 0.74946386 0.22187982 3.8269908e-23 0.8921433 0.057104036 0.027048662 0.32121575 0.049947053 0.14031072 6.168575e-05 0.5455196 1.9392668e-05 0.76182234 0.11041757 7.277936e-05 3.4748753e-06 7.616934e-05 0.04855273 0.00029615316 0.7158899 0.008626275 0.0028628118 0.61508137 0.10913398 0.016859846 0.016558325 4.8850336e-07 0.01025279 0.098306425 0.009830886 3.1714488e-05 0.0009045165 0.0030658753 3.0771614e-07 0.37507626 0.032628775 0.0004574316 0.0007181401 0.0075542936 0.0039897193 0.0011884288 0.0011432628 0.0020977166 0.0036164029 0.008007518 0.0015585657 0.0017167571 0.0019670343 0.003023761 0.0023789257 1.1460616e-08 0.002792363 0.0010766864 2.8329893e-07 0.033021234 0.00056547136 0.002742928 0.0059829834 0.00045532873 0.0019344368 0.00011005518 0.0020092698 0.0003283047 1.8419818e-05 9.518752e-05 0.00030090613 5.9174986e-06 1.1686461e-05 0.001651916 7.723377e-05 2.4358362e-06 0.00015302135 1.4619394e-05 2.9100834e-06 1.01286915e-07 4.4439563e-05 0.00022583752 0.00020137943 1.06897405e-05 0.0001371103 0.00028382317 0.00014898022
0.018201733 0.052083336 0.02004372 0.13766201 0.02183817 0.018728023 0.2923877 0.02555819 0.21843009 0.08415911 0.5308056 0.048962608 0.042132687 0.008520176 0.29409486 0.21621002 0.7363247 0.05819963 0.022783773 0.60297275 0.116732 0.8921433 2.021513e-22 0.024721304 0.011380137 0.14355199 0.019249702 0.07161212 6.0277376e-05 0.3978761 0.00014117989 0.51077294 0.09385627 0.00011939326 1.0980288e-05 3.5364075e-05 0.02117381 0.00040993837 0.48295158 0.0037601022 0.0035140445 0.35692242 0.07698481 0.009007976 0.0055638873 1.320725e-06 0.0037153917 0.0642388 0.0029112508 4.5413442e-05 0.0004204898 0.0019618776 4.097466e-06 0.14750199 0.013813523 0.0002213649 0.00061023544 0.0042916043 0.0020951414 0.0013301751 0.00079481053 0.0004922402 0.0018144168 0.0025328775 0.0008615504 0.00068797974 0.0012098586 0.0015314157 0.0004457926 1.9283341e-07 0.0009636299 0.0006378897 1.6895216e-06 0.006232818 0.00028644124 0.0012154937 0.001971126 0.00043668263 0.00076407136 4.7924226e-05 0.000722319 7.403285e-05 1.4226322e-05 3.546459e-05 7.042316e-05 1.1460687e-05 7.6137194e-06 0.001121487 3.009892e-05 7.808231e-06 9.84932e-05 0.00014486458 1.6602817e-06 2.46894e-07 1.5812235e-05 0.0004655466 0.00023623666 6.9492894e-06 0.00016708655 0.0010881757 3.1895444e-05
0.39281094 0.019877328 0.004434569 0.0050093355 0.023414005 0.02580621 0.017584907 0.060141042 0.012721104 0.19801916 0.18428582 0.025849866 0.10906513 0.013506522 0.593611 0.7870376 0.012751172 0.7959141 0.8828237 0.17375708 0.008998738 0.057104036 0.024721304 1.4112941e-19 0.027243564 0.4140992 0.66911364 0.84915566 7.4472064e-06 0.0040565655 0.000150952 0.019562287 0.0120517975 2.1844598e-05 2.825867e-06 1.8721134e-05 0.12849465 0.0016600747 0.024839997 0.83523077 8.497158e-05 0.010657259 0.00038159674 0.15713158 0.16500811 4.905617e-07 0.28785902 1.1627442e-05 0.16678835 2.7825512e-05 8.430145e-06 0.028182216 1.3593923e-05 0.018061835 3.2764256e-06 0.00029976532 0.0020788817 0.16705611 0.08876405 0.014751659 0.009330602 0.056106992 0.03445415 0.02886465 0.054033548 0.06396976 0.03925813 0.022606742 0.022478562 2.0946567e-07 0.025255231 0.0033391938 1.4104592e-05 0.003476309 0.0012352255 1.2470024e-05 1.1763857e-06 0.0023355223 1.9460708e-06 0.0034264128 0.017000072 0.029122008 2.1146427e-06 6.465702e-07 2.38915e-05 0.0002542477 7.0486654e-05 0.076638594 5.296102e-06 0.00015015384 0.00012947961 3.4942723e-06 7.3891e-07 1.1034277e-07 7.006466e-06 6.529515e-05 0.00013530513 0.0017377608 0.012691234 4.7841797e-05 1.7667811e-06
0.9802541 0.03835876 0.005643279 0.09636168 0.09665436 0.11635405 0.11067202 0.15709445 0.022511348 0.18887877 0.09378989 0.9032199 0.60069525 0.31847778 0.05077501 0.06007376 0.027721712 0.12396158 0.082846165 0.024497697 0.002833303 0.027048662 0.011380137 0.027243564 1.4774284e-18 0.016581586 0.46330923 0.021563934 0.0026619744 0.004749286 0.00046857656 0.00562301 0.0032107034 0.0011129982 0.00024020342 0.0021209102 0.86343044 0.020988123 0.0021297268 0.00725107 0.00064311415 0.002124636 0.0009831856 0.05111301 0.10198717 0.00028426392 0.034291368 8.938348e-05 0.017172197 0.00028217013 2.8794037e-05 0.5213737 7.472227e-06 0.0011315949 4.3117674e-05 0.008727913 0.039204963 0.07401892 0.003249503 0.00047380303 0.0002742733 0.17896448 0.00040861013 0.00022623049 0.002559947 0.006530016 0.4034237 0.0013920905 0.00096314115 2.7282126e-06 0.0015245277 0.063232034 8.511517e-06 0.00091568154 0.008681752 2.61731e-05 3.9692836e-06 0.03709064 1.1099899e-06 0.00013194197 0.25764865 0.0024921373 2.8536491e-05 3.0733017e-07 1.7310931e-05 1.2656713e-05 1.900971e-05 0.08155931 1.5529268e-06 1.0622374e-05 0.0013784214 1.8216682e-05 1.9169698e-05 1.3980568e-05 6.853871e-07 0.0009953801 0.0034992346 0.00030549697 0.015352045 0.001353043 4.5458933e-07
0.8035712 0.006708367 0.0010842056 0.008384115 0.013551602 0.012190698 0.07590248 0.029364632 0.041250523 0.14513864 0.3659936 0.020193696 0.029466335 0.010663106 0.77506316 0.61758995 0.24138607 0.19611207 0.16682269 0.58799434 0.062304232 0.32121575 0.14355199 0.4140992 0.016581586 3.6192323e-16 0.07838273 0.91158456 2.1561118e-06 0.09836478 0.00010155674 0.20385988 0.044869594 4.5985385e-06 6.268477e-07 2.2651815e-05 0.09409354 0.00013381171 0.36923426 0.46510237 0.0009795037 0.47968253 0.023597198 0.10475972 0.09109528 5.649897e-07 0.10535662 0.036952782 0.12479108 1.2490893e-06 3.3493885e-05 0.009388233 2.1117953e-06 0.50975084 0.0073612384 0.00029151337 0.0015196352 0.13422659 0.04893077 0.01872887 0.014448723 0.024592718 0.13891608 0.23821326 0.019571802 0.029573683 0.03272078 0.014333623 0.005729524 2.233333e-08 0.02034897 0.0073561394 9.959122e-07 0.253589 0.00078677014 8.080325e-05 0.00091032445 0.001279921 1.7340375e-05 0.008020464 0.0049374374 0.01656649 6.560952e-06 1.3108322e-06 0.007607674 0.0012594338 0.002147749 0.061325915 0.003993265 0.0015760536 4.2588523e-05 1.6206982e-07 3.1585676e-06 1.1206224e-07 3.8343164e-06 8.464268e-06 7.054415e-05 0.0012894012 0.0047999998 9.71097e-06 4.591238e-06
0.24873647 0.028453754 0.0030858177 0.009181891 0.07471236 0.108246125 0.0753363 0.29270792 0.025398415 0.4065918 0.16516264 0.15098408 0.53600585 0.025291717 0.15525593 0.1426793 0.013090707 0.5522749 0.685795 0.09346904 0.011315268 0.049947053 0.019249702 0.66911364 0.46330923 0.07838273 2.0504541e-19 0.27848426 0.00086870143 0.0019246663 0.0012627218 0.0066893445 0.0095930565 0.00016857988 8.213522e-05 0.0008164754 0.8480122 0.0055424757 0.0035986938 0.45724902 0.00036729785 0.0012409538 7.575489e-05 0.5710751 0.45062032 7.500797e-05 0.44734588 2.5795857e-06 0.10595771 7.586536e-05 1.2862981e-05 0.20348409 6.957092e-05 0.0010289197 7.2869153e-07 0.002576676 0.0059107593 0.14758281 0.050598815 0.005229987 0.0023020066 0.27159852 0.014996975 0.0024274243 0.06139243 0.11143134 0.16441995 0.008135134 0.02079158 5.3242484e-06 0.0060021775 0.0055912333 9.596593e-05 0.00037529404 0.007945248 4.6698906e-06 5.6541336e-07 0.009566897 7.760907e-07 0.0008462998 0.06742149 0.04091212 1.5844507e-05 2.5497306e-07 7.0279207e-06 0.00015441651 1.7378405e-05 0.11881944 4.7529872e-07 8.838781e-05 0.00011238166 1.7474878e-05 3.7644952e-06 2.9177172e-06 3.323044e-07 0.00089703937 0.00013404404 0.0021411292 0.04568175 0.0004545205 4.4222233e-08
0.7095146 0.007435831 0.0016143052 0.001766136 0.015940106 0.014860986 0.015676374 0.034000702 0.014409753 0.12025575 0.23568031 0.009998388 0.061507467 0.0056410832 0.8090236 0.4576223 0.026860159 0.310985 0.37501916 0.4012813 0.009724265 0.14031072 0.07161212 0.84915566 0.021563934 0.91158456 0.27848426 5.842111e-20 2.6276878e-06 0.013946766 0.00016744786 0.10923206 0.011936652 2.8771829e-05 9.351019e-07 2.8363094e-05 0.08908262 0.0002420264 0.14117925 0.89660674 0.00011667893 0.1293689 0.0017510712 0.122929014 0.16701078 3.989414e-07 0.3012939 0.0006884445 0.20864572 2.5325232e-06 2.791347e-06 0.026809596 2.1265482e-06 0.2244801 4.2215972e-05 0.00036210773 0.0012461513 0.20309032 0.17550792 0.07202466 0.03926269 0.060945123 0.12982951 0.12814854 0.07390675 0.08186463 0.038423974 0.06330127 0.052914735 1.2879987e-08 0.07586251 0.004798544 2.54761e-06 0.071968175 0.0011254292 9.560141e-06 1.633349e-05 0.0032062787 2.840303e-06 0.025725156 0.01234134 0.048811715 2.5361414e-06 1.2429637e-06 0.0007087647 0.0012072653 0.0005404649 0.11851271 0.00028052353 0.0005658868 3.1874708e-05 3.3918087e-07 1.443057e-06 9.674825e-08 1.7497023e-05 9.5074165e-06 3.495544e-05 0.0037420206 0.012618485 1.1217965e-05 1.1548999e-05
0.032202855 0.1630204 0.23317948 0.00254633 0.011626367 0.0109652635 0.002936119 0.004136779 0.01482241 0.000915186 0.00025152822 0.00030217666 0.00028197296 0.33349484 6.5919535e-06 8.884628e-07 0.0002881314 4.2843067e-06 4.3150874e-05 9.519751e-07 0.048474014 6.168575e-05 6.0277376e-05 7.4472064e-06 0.0026619744 2.1561118e-06 0.00086870143 2.6276878e-06 7.1515646e-22 0.00010970759 0.26160094 1.4276543e-05 0.0029066056 0.8535204 0.7964894 0.90590656 0.00023982185 0.36990118 2.8623394e-06 2.553181e-05 0.0018405762 9.5105133e-07 3.8152593e-05 9.840452e-06 0.00012383422 0.6085822 1.8163704e-05 1.4256744e-07 2.339431e-06 0.39399114 1.5500815e-06 0.009240933 0.00022812687 1.5234347e-05 7.2108975e-08 0.24699727 0.1250919 3.1622134e-05 3.7343557e-06 7.6227616e-07 1.0234173e-06 0.00083364086 1.1413518e-06 1.062091e-06 3.1420316e-06 4.7685782e-05 0.0030228628 2.4191818e-06 2.5878634e-07 0.0017693966 9.0765616e-07 0.060767196 0.00028701412 0.00030213138 0.16872881 4.6127494e-07 5.5473134e-08 0.09505122 1.8113295e-07 1.6043023e-07 0.010867146 1.8520723e-06 1.177479e-06 2.4770822e-08 9.304563e-06 1.0337928e-06 3.074718e-07 0.00044932324 4.5825807e-08 4.6232844e-07 0.18134294 0.02583041 2.9723826e-06 1.0095943e-05 4.5773742e-08 0.064573824 0.07048809 2.608399e-07 0.000117155374 0.041886643 1.4021097e-08
0.04359648 0.055506237 0.07307538 0.18599038 0.017807785 0.0131411925 0.26750913 0.013577482 0.37413457 0.059544813 0.24593662 0.046595454 0.020177374 0.0029253906 0.25568056 0.121160515 0.8354132 0.017984273 0.0066943867 0.27713972 0.55657905 0.5455196 0.3978761 0.0040565655 0.004749286 0.09836478 0.0019246663 0.013946766 0.00010970759 1.3179702e-22 0.00024987353 0.5033319 0.504977 9.767092e-05 1.55738e-05 0.00012732677 0.010005661 0.00010861275 0.50559807 0.0006286449 0.1468695 0.6531789 0.66441506 0.0033695211 0.0018856571 1.4930848e-06 0.0013110935 0.40003613 0.0006280178 1.9400512e-05 0.15013716 0.00026881503 1.0889375e-05 0.20979305 0.27071878 0.0003347056 0.00054781133 0.00019105445 4.8592556e-05 8.677248e-06 3.3402877e-05 9.2017435e-05 0.00010623058 0.00035285833 2.7512668e-05 2.8546889e-05 0.00014455296 2.529872e-05 1.432959e-05 1.1320017e-07 8.499147e-06 0.00074640085 3.8012383e-06 0.0058029396 0.00067370664 0.16119422 0.09376866 0.0008101259 0.04289616 1.8010685e-05 0.00023795714 2.8953452e-06 0.0036050018 0.002860858 0.0001613688 3.2966732e-06 1.0978372e-05 0.00021306958 7.9760706e-05 6.240925e-07 8.8962865e-05 9.752744e-06 0.00027439627 1.2887361e-06 0.00026930333 0.00022432957 0.0002963956 4.8445503e-07 8.495456e-05 0.00045433588 0.0005270655
0.024592282 0.11985623 0.43855822 0.001031796 0.005131631 0.0034270205 0.0073993015 0.0012373407 0.066756755 0.0014641628 0.0001419306 0.00012399848 0.0004857613 0.015875312 3.7806476e-05 5.560874e-06 0.00042552128 6.510711e-05 0.00014508027 3.277527e-05 0.7033255 1.9392668e-05 0.00014117989 0.000150952 0.00046857656 0.00010155674 0.0012627218 0.00016744786 0.26160094 0.00024987353 1.6865667e-20 5.1549272e-05 0.21447001 0.042978752 0.30336398 0.09982541 9.123251e-05 0.02987177 6.105001e-05 0.00031307913 0.38555166 2.051883e-05 0.0044738846 3.0874687e-06 8.5197644e-05 0.14461876 6.260806e-05 0.00018275541 1.0770983e-05 0.015183388 0.008851225 0.0005453666 0.8365135 0.0010605132 1.7586859e-05 0.008408317 0.0060345856 4.9737996e-06 2.622817e-05 7.0506684e-07 2.1785709e-06 2.613551e-05 2.5282894e-05 0.00019178228 3.73919e-05 1.482296e-05 6.44001e-05 5.3183567e-06 2.0782192e-05 0.63928455 1.7135615e-06 0.020876164 0.6967905 0.005601876 0.009014568 9.966637e-05 6.2734944e-07 0.015201424 5.0567472e-08 1.5827358e-06 0.0010741388 6.8187856e-06 7.490782e-05 2.331236e-07 3.8812273e-06 4.7142547e-07 8.485533e-06 2.3215827e-05 3.181371e-08 3.1043615e-07 0.34964997 0.069491714 0.0014539597 0.036399413 1.390032e-07 0.07788241 0.2910549 7.436433e-08 9.392978e-06 0.11121725 2.3401271e-06
0.004976271 0.04668086 0.024790373 0.08122237 0.009649938 0.008848 0.17106207 0.018608505 0.17101118 0.06654756 0.4266767 0.026971933 0.02769684 0.0067552617 0.3677045 0.25732288 0.6297037 0.050148636 0.020627888 0.5603658 0.15672088 0.76182234 0.51077294 0.019562287 0.00562301 0.20385988 0.0066893445 0.10923206 1.4276543e-05 0.5033319 5.1549272e-05 3.7971078e-23 0.13642554 0.00015953626 2.01593e-05 8.89747e-06 0.013605537 0.00025420767 0.8225238 0.0066055916 0.0061628716 0.6335702 0.15951769 0.008440795 0.0034031672 1.7811703e-07 0.00285415 0.1483576 0.0026812286 7.3633404e-05 0.0010171896 0.0003700591 3.1229451e-06 0.43268093 0.06171046 0.00010618531 0.00040037566 0.001331471 0.0016935886 0.0037973223 0.002430023 0.00013903843 0.0049832906 0.006198867 0.0006706371 0.00029233852 0.0003762541 0.002111866 0.00038397044 3.3043767e-07 0.0013167529 0.00054754625 2.823553e-06 0.019005792 0.00012547594 0.0017629438 0.0067935856 0.00013156352 0.0014653495 2.6280099e-05 0.00026350078 2.5648023e-05 1.8546572e-05 9.090647e-05 0.00027341853 1.2426857e-05 4.9478544e-06 0.00040545792 7.134331e-05 1.3434203e-05 2.5806647e-05 0.00013485954 7.2523346e-07 1.5118516e-07 3.467508e-05 0.0003948547 9.831677e-05 7.4473132e-06 7.148088e-05 0.0018311194 6.095348e-05
