6.3260735e-17 0.9642869 0.8965688 0.884122 0.96239656 0.4417684 0.94432455 0.7856244 0.6851239 0.91857284 0.8778546 0.3627487 0.9962051 0.022490773 0.88852984 0.7847161 0.0051177097 0.9875721 0.7615198 0.9121437 0.94840175 0.7776879 0.8777688 0.98804647 0.93214047 0.9646934 0.96058583 0.9626926 0.99900776 0.0076222285 0.9998955 0.83946395 0.9508777 0.981178 0.9643804 0.9998469 0.9527435 0.90223455 0.9852996 0.9945456 0.90584296 0.9567451 0.91670936 0.99933773 0.46116984 0.9619525 0.9167746 0.9293168 0.8358611 0.827328 0.9855611 0.9243869 0.9625513 0.9789365 0.23610747 0.9097318 0.14616388 0.8665894 0.9730157 0.9725282 0.99861705 0.1649239 0.9370299 0.73157567 0.008906657 0.983471 0.97338617 0.8979386 0.9840443 0.9541823 0.0037947611 0.025870563 0.4227001 0.79658914 0.93930805 0.9217727 0.090437524 0.96431535 0.8694107 0.13717766 0.8419039 0.6603241 0.08070193 0.0025322083 0.39872938 0.6583061 0.420172 0.2109516 0.8539847 0.91268003 0.7388649 0.047826204 0.474708 0.0018674335 0.0016622696 0.00095945166 0.12922582 0.38345242 0.00556172 0.19288237 0.3045877
0.9642869 2.2581485e-14 0.8531778 0.83232754 0.8033502 0.96248394 0.48101208 0.47752643 0.84159786 0.62849796 0.8678078 0.049671482 0.48422307 0.008863252 0.01606282 0.009413923 0.0013303014 0.06549449 0.5369799 0.00087486755 0.010837638 0.9365068 0.002235503 0.065434106 0.24843869 0.0018516661 0.0011489481 1.8741299e-05 0.040842604 0.005649027 0.047682367 8.211933e-05 0.0019353693 0.0012040068 5.0597268e-05 0.0023257425 0.00033232264 0.00044473057 0.0005427867 0.00032158775 3.1164134e-05 6.69346e-05 0.000118885044 6.4872547e-06 0.11150911 4.089391e-05 7.852349e-06 1.2030461e-05 9.099976e-06 4.357622e-06 2.0443913e-06 5.8645146e-06 1.5401794e-06 1.0341616e-06 0.0010305166 1.0848562e-06 0.020877352 3.1571522e-06 1.6381488e-05 1.8492996e-06 5.6955105e-06 0.1643968 5.7576233e-07 0.0002535924 0.009946005 1.2480898e-05 7.7133143e-07 0.00010549529 8.1394677e-07 6.715109e-07 0.0032848688 0.0006097087 8.093358e-05 4.1998086e-05 1.03696195e-07 1.5135792e-06 0.0001289721 3.2855028e-06 3.6605394e-09 2.0470046e-05 1.3190012e-07 2.5452894e-07 9.116737e-05 4.890089e-06 0.00013290922 5.4209085e-08 1.3689725e-05 0.00033508084 7.949252e-08 3.5263529e-06 2.2464502e-07 0.0017982832 1.3592852e-06 0.0013822158 8.131659e-06 2.1897736e-06 1.4906016e-07 7.05859e-06 0.00046233088 6.5231165e-05 5.776819e-05
0.8965688 0.8531778 1.4481087e-15 0.5079429 0.9831688 0.6610674 0.9046272 0.5566152 0.8673693 0.45267794 0.15833181 0.1290649 0.06814747 0.010757771 0.2404191 0.048715264 0.0019178091 0.038938005 0.060168214 0.0028607529 0.06797284 0.0862246 0.015464717 0.2349722 0.016826667 0.035709716 0.0014029893 0.0002762463 0.037720364 0.0049015214 0.28269422 0.0008991013 0.001329699 0.0012902895 0.000118515665 0.009688631 0.0017255312 0.0017847806 0.001003007 0.00026130068 0.0001340714 0.0006838394 0.0008267619 0.00017253189 0.0017180953 0.00010735842 6.529857e-05 6.5078064e-05 0.000111146335 2.4537761e-05 8.912961e-06 5.539577e-05 1.0574808e-05 2.2741262e-06 1.8883175e-05 2.444226e-05 5.040868e-06 5.6635317e-06 7.4707878e-06 1.6908577e-06 3.8385238e-06 0.0017928925 1.3116805e-07 3.8281305e-06 6.3828775e-05 4.0780036e-05 8.4008616e-07 2.400793e-06 1.5337124e-06 3.627361e-06 1.0982688e-05 7.7252844e-07 2.6984421e-06 6.458116e-07 4.8929948e-08 1.0852463e-06 7.436954e-07 1.9012321e-05 1.0246102e-09 2.6589905e-07 1.0458047e-07 4.6705757e-08 1.8329624e-07 1.2976773e-08 2.4370013e-07 3.9132647e-08 2.0423975e-08 3.4915357e-07 1.8967036e-08 1.113204e-06 3.2158955e-08 3.2994692e-06 8.4443606e-08 2.798751e-05 2.6394508e-07 1.397313e-07 1.912929e-08 1.2676676e-06 1.726554e-07 9.7609025e-08 4.686514e-06
0.884122 0.83232754 0.5079429 7.466555e-14 0.7014083 0.9818458 0.50150794 0.8821515 0.15782839 0.117046714 0.9066197 0.0016079049 0.19610822 0.14474219 0.015693 0.00023946806 0.017414406 0.00563694 0.090404905 1.7355298e-05 0.008355946 0.8037419 0.00013127261 0.03629307 0.018678887 0.00058374135 9.3413844e-05 3.900939e-06 0.0071505015 0.097313896 0.014410804 1.6598711e-05 0.00014901518 4.4888722e-05 1.4972514e-06 0.00048968795 7.63682e-05 0.00037271404 9.54237e-06 8.858983e-05 2.486322e-06 3.2312408e-05 0.000111610294 3.119787e-06 0.066365026 3.1627092e-06 6.484005e-07 2.9049233e-06 1.8689334e-06 2.1590223e-07 3.021119e-07 8.083554e-07 2.8034603e-07 3.302411e-07 0.00071589276 2.6400596e-07 0.013850371 3.3366675e-07 5.9493223e-06 4.893828e-07 1.0904294e-06 0.15007448 6.4574874e-07 0.00022116929 0.006268504 8.0830216e-07 1.6402747e-07 2.0718788e-05 1.9000646e-07 3.3025876e-07 0.0032667103 0.00044769724 9.495016e-05 6.6323715e-05 1.3131675e-07 1.2456597e-06 0.00030529045 2.1499316e-06 7.9581985e-09 1.4374855e-05 4.349499e-07 2.7860906e-07 6.192948e-05 1.4180566e-05 0.00016323155 4.679278e-08 5.0418133e-05 8.505655e-05 2.1392705e-07 4.891502e-06 5.244846e-07 0.0030928208 1.9352733e-06 0.0015152387 3.8865205e-06 6.751824e-06 2.8099445e-08 9.442636e-06 0.0016082346 5.065972e-06 3.0252104e-05
0.96239656 0.8033502 0.9831688 0.7014083 4.782361e-14 0.3440889 0.9461891 0.75883645 0.41028237 0.13985345 0.61282754 0.008114934 0.090419605 0.015251399 0.19863862 0.0029404263 0.002897075 0.014961012 0.065128155 0.00029709458 0.07575628 0.39615563 0.0013241809 0.30404866 0.025941037 0.018483788 0.0002681281 4.403313e-05 0.040008668 0.004398099 0.27975142 0.00023695054 0.0024787628 0.00037934943 3.2872973e-05 0.008424414 0.0014258997 0.0032363092 0.0008461812 0.00026565688 3.097418e-05 0.0010224897 0.0011789915 0.00019960145 0.003446272 6.824423e-05 3.5526235e-05 3.3868408e-05 3.8241113e-05 1.0703298e-05 1.7987066e-05 5.1950752e-05 1.3661737e-05 3.9813012e-06 0.00012788632 8.976624e-06 0.00024128157 1.6952794e-05 3.392669e-05 3.3844274e-06 5.3248656e-05 0.0018699722 9.3815413e-07 1.5695723e-05 0.00013197858 7.320433e-05 1.1284696e-05 4.4361142e-05 3.1273592e-06 1.8662238e-05 3.0272247e-05 2.6697899e-05 1.5788553e-06 5.599517e-05 8.7049517e-07 4.274677e-05 5.523484e-06 0.00010548484 1.2436299e-08 2.0996779e-06 1.4185102e-06 1.8185257e-06 8.277775e-07 9.984409e-07 8.911468e-07 3.2150062e-06 4.4108492e-07 1.1672488e-06 6.114086e-06 3.5451346e-06 4.5011967e-07 1.9036108e-05 2.861125e-06 8.110542e-05 9.2164373e-07 3.4583599e-07 1.5825078e-08 1.076997e-06 2.0889245e-06 1.6135125e-06 2.5353764e-05
0.4417684 0.96248394 0.6610674 0.9818458 0.3440889 3.4457713e-16 0.2967764 0.56229615 0.7180835 0.4260791 0.90532404 0.023593966 0.1394207 0.032686003 0.0073202495 0.008604957 0.0070036342 0.016025554 0.5255134 0.0007406537 0.0035869395 0.37626687 0.002590716 0.01315944 0.038008016 0.0019790146 0.00071395613 3.0803294e-05 0.0055936384 0.058613982 0.012812174 3.0156127e-05 0.00023418148 0.0004921599 3.239105e-05 0.00085536763 0.00015037668 3.8209433e-05 0.00015132992 6.768474e-05 8.116411e-06 6.22168e-06 2.0412235e-06 1.1737366e-06 0.026886305 1.7937963e-06 1.988242e-06 3.3135282e-07 1.3922399e-05 6.8253985e-07 3.821267e-07 3.2583637e-07 5.0727543e-08 7.063984e-08 0.0006717441 8.863128e-08 0.0006800197 5.7611466e-08 1.4871874e-06 1.8086395e-08 2.5577873e-07 0.07135019 3.805983e-08 5.6128642e-06 0.0023285164 2.2562448e-07 5.4547517e-08 1.5037058e-07 9.628508e-08 1.3543286e-07 0.0007027525 5.4900924e-05 1.1276965e-06 3.5960394e-07 1.7224812e-08 2.0246453e-08 5.447347e-07 1.7550116e-07 4.5625606e-10 7.208913e-07 1.3568126e-10 6.48205e-09 1.9891893e-07 5.2568012e-08 4.2052508e-07 1.0635555e-10 2.9889687e-08 2.7700394e-06 9.816335e-08 1.6018189e-06 1.5718527e-08 1.9179042e-05 1.3344442e-08 0.00026055664 5.0902804e-07 1.2109274e-07 1.379224e-09 2.1560244e-07 1.3710833e-06 1.2493144e-08 2.7108978e-08
0.94432455 0.48101208 0.9046272 0.50150794 0.9461891 0.2967764 2.8406304e-14 0.8886139 0.13835134 0.03677693 0.15064895 0.0024856478 0.015798716 0.03782231 0.94899833 0.0006894283 0.013084275 0.0024827467 0.0037923097 9.032747e-05 0.55237883 0.041924525 0.00049724145 0.7823921 0.00021047059 0.1331044 0.00010098171 1.6333566e-05 0.0035677424 0.026479116 0.1998085 6.1683924e-05 3.9525403e-05 4.257013e-05 5.3929302e-06 0.0012227165 7.6192584e-05 0.019718913 2.8748571e-05 4.2480904e-05 9.329236e-06 0.0029810467 0.006903636 0.002890658 1.3297622e-05 4.1148076e-05 6.2335102e-06 1.21758585e-05 4.033848e-06 5.8383677e-07 4.6202626e-06 5.434652e-06 5.24688e-06 2.0072118e-06 2.3529049e-06 9.145377e-07 1.7482221e-06 2.1656367e-06 5.0157905e-07 6.068786e-06 0.00012441463 0.00033091215 4.5751375e-07 8.3019194e-07 4.175726e-05 0.00011850798 4.3388307e-05 6.130771e-07 1.3639022e-05 9.488182e-05 1.6979995e-05 1.3359481e-06 1.0205315e-06 1.8440294e-05 5.965321e-06 0.000163036 1.2772604e-06 0.0012866651 4.5961596e-07 3.4375486e-07 4.0119167e-07 1.6798223e-06 3.717011e-07 1.04789535e-07 7.142295e-07 0.00010913095 1.6499564e-07 1.3551981e-07 1.127353e-05 2.9030527e-05 1.073144e-06 8.84182e-06 9.897073e-06 2.958394e-05 2.2996792e-07 1.4229063e-07 3.8455383e-07 5.5064174e-06 1.2061822e-07 6.6656673e-07 1.2160391e-05
0.7856244 0.47752643 0.5566152 0.8821515 0.75883645 0.56229615 0.8886139 1.4329195e-12 0.030176217 0.02158333 0.6823352 0.00010370021 0.023979705 0.9959114 0.18748899 0.00011179778 0.49102053 0.0005920661 0.002115341 1.3444404e-05 0.047399726 0.29108706 7.372355e-05 0.13359928 0.00020515789 0.003658357 7.2733084e-05 1.256401e-06 0.001690026 0.61365175 0.015581363 4.380422e-06 1.7913508e-05 4.211014e-05 5.708847e-07 0.00050176046 1.3130949e-05 0.0013305563 2.2482782e-05 6.045942e-05 1.4655303e-06 9.1721835e-05 0.00029857783 5.1471998e-05 0.0015562591 2.415302e-06 2.0167654e-06 2.414413e-06 1.1872619e-06 2.1213113e-07 6.967442e-07 4.7164846e-07 3.7077388e-07 3.844763e-06 0.00028313434 1.05230775e-07 0.0011619873 2.7459427e-07 1.2150138e-06 3.9271933e-07 8.360034e-06 0.06315978 9.496139e-07 1.25387705e-05 0.0034324946 1.0505681e-05 3.6898248e-06 3.6098575e-06 1.187272e-06 5.47371e-06 0.007006099 0.00095487153 1.4309816e-05 0.00010129471 4.3727226e-07 6.129172e-06 4.0304913e-06 4.824738e-05 2.8596766e-08 9.773455e-05 5.8906437e-07 3.467531e-07 7.628539e-06 9.0834794e-07 0.0066618454 8.1619936e-07 6.8728594e-05 0.00010210719 1.5050063e-06 6.989594e-06 1.8607394e-05 0.0007097404 5.750858e-05 0.00088501687 3.1319646e-06 1.9592642e-06 5.5972876e-08 8.421585e-06 0.00011825961 0.00015975456 0.00014154591
0.6851239 0.84159786 0.8673693 0.15782839 0.41028237 0.7180835 0.13835134 0.030176217 1.1331577e-14 0.93890536 0.04848253 0.96846193 0.7098361 0.0005629245 0.031889357 0.7425528 3.4666355e-05 0.39977834 0.33942604 0.26909024 0.008224422 0.029970188 0.3653559 0.021005033 0.18627144 0.003996059 0.027071465 0.016541563 0.032136794 0.00047924017 0.03302139 0.029269181 0.009165832 0.0060380744 0.0011182872 0.0027532235 0.009788601 0.0006205296 0.0009110762 0.00038967878 0.0010930178 0.0003034389 0.0004922933 0.00015768888 0.0041131936 0.00037307694 0.00019034662 0.00025463448 0.0003199496 0.0002509733 9.085599e-06 0.00016752245 7.292391e-06 6.9938546e-06 0.0009294842 0.00017321078 7.921015e-05 3.7349932e-06 3.2472733e-05 1.1415032e-06 4.8863644e-06 0.0025672424 7.4133495e-06 0.00012046344 0.0002336831 5.8721744e-05 1.882236e-06 4.403502e-05 8.10678e-06 5.5375035e-06 6.573068e-05 5.1355353e-05 3.8952792e-05 4.0122745e-06 1.132096e-08 7.7881987e-07 1.0021876e-05 1.4035387e-06 9.475426e-10 2.143213e-06 2.7214506e-08 9.991919e-08 1.181862e-06 1.3222935e-07 5.520362e-06 7.545156e-09 1.00076726e-07 7.4767677e-06 2.3396997e-07 4.348423e-06 1.0989225e-07 5.137867e-05 4.4585167e-07 0.00020199396 7.91314e-07 2.0762243e-07 1.24804265e-08 4.5676435e-07 1.8371573e-07 4.044709e-07 3.0034334e-06
0.91857284 0.62849796 0.45267794 0.117046714 0.13985345 0.4260791 0.03677693 0.02158333 0.93890536 7.8274124e-16 0.07396989 0.7486223 0.9730448 0.00026184696 0.007236663 0.8766558 2.2731107e-05 0.75528723 0.3142058 0.5723924 0.0076540713 0.09135188 0.5080556 0.052087218 0.28058892 0.008196863 0.09056803 0.20324522 0.117444545 7.392886e-05 0.45939964 0.044481132 0.036735907 0.019964606 0.01099818 0.02088439 0.06785362 0.00036001593 0.0026533394 0.0006312218 0.0009686159 0.0002981456 0.000117439275 0.00015456665 0.005767161 0.00019495704 0.0002351299 0.00011025373 0.0008080679 0.0025765924 8.7576655e-06 0.0001536739 3.4420627e-05 8.697053e-07 0.00070650555 0.0005020658 4.164813e-05 2.585848e-05 0.00023396363 2.7342892e-06 3.6756642e-06 0.0022970526 8.983272e-07 0.00048052138 2.2714203e-05 8.206589e-06 3.0593808e-06 0.00020232654 3.0602562e-06 5.7562647e-06 2.3581122e-06 1.5305557e-05 2.8297145e-05 0.00025139394 1.011485e-07 1.1768188e-06 5.9936683e-06 3.8041125e-07 1.5920192e-09 1.6456122e-06 1.0519567e-05 1.4316777e-07 1.1025204e-06 1.2186348e-07 1.3412139e-06 1.406744e-08 2.032083e-06 1.0251463e-06 7.157644e-07 9.615478e-06 6.3763025e-08 2.252197e-07 1.5984417e-06 1.5852806e-05 6.5132133e-07 1.3522599e-07 6.1564496e-09 6.685683e-07 1.4819178e-06 1.8972797e-07 9.170391e-07
0.8778546 0.8678078 0.15833181 0.9066197 0.61282754 0.90532404 0.15064895 0.6823352 0.04848253 0.07396989 4.604962e-14 0.00069810305 0.47158393 0.41853198 0.0023459997 0.0011919282 0.11729068 0.01194316 0.47006756 0.00010250398 0.0039008728 0.97244275 0.0002698813 0.016899422 0.015204912 0.00032411123 5.9461323e-05 1.7265707e-05 0.0073397453 0.94146377 0.0024478352 1.1739834e-05 5.2529307e-05 2.4629759e-05 2.2986324e-06 0.00020646646 3.9702623e-05 1.3698253e-05 7.833321e-06 1.7686127e-05 8.224037e-06 1.3438765e-05 7.2448042e-06 1.0138197e-06 0.053331725 8.4958e-06 8.213459e-07 1.8883165e-06 1.3960442e-06 1.6741743e-07 3.2816465e-07 1.2590469e-06 1.4817306e-07 6.0662427e-07 0.00105702 1.1838016e-07 0.016417634 8.09004e-07 1.8457615e-06 3.5745123e-07 4.068424e-07 0.25582057 1.5732746e-06 7.3564974e-05 0.01612572 4.3124232e-06 5.6405986e-07 5.638558e-06 1.0580179e-06 8.024296e-07 0.012236812 0.00032838897 5.4684356e-06 3.370686e-06 4.8755645e-08 1.0275719e-06 3.14549e-05 2.9737578e-06 9.764827e-09 2.4013136e-05 1.1008272e-07 4.053241e-08 1.9685897e-06 5.8814403e-06 0.00051115954 5.642853e-09 9.102312e-06 3.913043e-05 5.4977045e-07 1.982838e-06 3.3568376e-06 0.0028776824 1.6684197e-06 0.004287174 1.09108005e-05 6.9486464e-06 4.3942414e-08 5.4576743e-05 0.00020798441 3.966001e-05 5.472003e-06
0.3627487 0.049671482 0.1290649 0.0016079049 0.008114934 0.023593966 0.0024856478 0.00010370021 0.96846193 0.7486223 0.00069810305 1.9060523e-16 0.20544732 2.0387306e-05 0.0019766113 0.9724727 3.3278345e-06 0.52945054 0.04510536 0.75342524 0.001455529 0.0006719069 0.9415797 0.0018259018 0.10413506 0.0018461297 0.22661176 0.2715481 0.049827218 8.339473e-06 0.03817745 0.30961055 0.0314871 0.011109584 0.01268545 0.003987146 0.059228916 2.3267161e-05 0.001948566 0.0012149484 0.003071112 0.00023950689 1.1042455e-05 5.597205e-05 0.0012442151 0.00016393249 0.0001239693 5.836531e-05 0.002110724 0.0011890784 1.3988037e-05 0.00013858252 1.36549515e-05 9.893977e-06 0.00078811956 0.0009791896 6.156374e-05 5.4356315e-06 4.8162245e-05 2.3231819e-07 1.3643892e-06 0.00033166065 1.2010578e-06 0.0007927318 5.6943398e-05 7.0449016e-07 8.5647565e-07 2.337534e-05 2.8952127e-06 3.663838e-06 9.132675e-06 5.6724775e-06 9.5877294e-05 1.4664133e-05 6.17891e-08 7.6432167e-07 1.1665383e-05 2.6809877e-07 1.5215831e-09 2.15441e-06 3.817128e-08 2.8381532e-08 2.0966213e-07 1.8698568e-08 2.2592455e-06 3.545114e-10 1.2605908e-06 2.5332298e-07 5.2949326e-07 1.3215013e-06 2.676752e-07 5.613657e-06 1.890621e-08 0.00010594143 2.1910978e-06 2.654501e-07 2.4698451e-08 7.1653375e-08 1.9400279e-08 8.830051e-09 4.7824116e-08
0.9962051 0.48422307 0.06814747 0.19610822 0.090419605 0.1394207 0.015798716 0.023979705 0.7098361 0.9730448 0.47158393 0.20544732 1.5486192e-13 0.00031629053 0.0020324786 0.25601128 2.7073054e-05 0.9045225 0.5674335 0.2114265 0.002442127 0.6236558 0.13266468 0.01812142 0.6171751 0.0023648709 0.0693755 0.083247125 0.25461364 0.00011991888 0.50468546 0.0408566 0.24636324 0.02352769 0.012569111 0.052351248 0.10764868 0.000644287 0.010387774 0.0042292397 0.0037686285 0.0006359615 0.00016113964 5.9239555e-05 0.05624958 0.00040787598 0.0025218986 0.0005548375 0.006354762 0.0057570282 4.9817867e-05 0.0010413324 4.3862885e-05 2.4692895e-06 0.0016520437 0.0038086197 0.0023441827 7.058056e-05 0.0020937892 1.7429298e-06 4.114372e-05 0.0043995846 2.1247847e-06 0.01702716 0.00027640787 3.820947e-05 2.5170857e-05 0.0055161025 2.5831873e-06 2.6461068e-05 7.410349e-05 0.0002954961 0.00046114853 0.0009275976 3.7572145e-06 1.7441796e-05 7.895719e-05 2.1956273e-05 2.546042e-07 0.00013774162 0.0002104722 6.3356216e-05 8.775519e-05 1.9018178e-05 3.7203732e-05 6.470066e-06 2.027214e-05 0.00013582033 4.6207697e-06 8.698421e-05 8.162987e-06 2.408235e-05 7.4976315e-06 8.4164836e-05 1.5177138e-05 8.409531e-06 3.1193838e-07 2.5251654e-06 2.8547283e-06 1.3537405e-06 1.0268024e-05
0.022490773 0.008863252 0.010757771 0.14474219 0.015251399 0.032686003 0.03782231 0.9959114 0.0005629245 0.00026184696 0.41853198 2.0387306e-05 0.00031629053 4.17037e-16 0.002136009 2.7448677e-06 0.9773669 4.411886e-06 0.0001951293 5.206875e-07 0.0008069528 0.0101866955 2.7906763e-06 0.002003947 1.1554777e-06 3.420485e-05 2.4719462e-05 4.1289056e-08 3.5262976e-05 0.7698101 0.00040678485 6.348888e-08 2.4741772e-07 1.2738828e-05 4.9435124e-07 1.4885375e-05 2.0630279e-07 7.6143588e-06 3.6252445e-06 1.3690268e-06 2.8327895e-07 1.4010626e-05 4.0254417e-07 1.8586003e-07 6.371559e-07 1.8814461e-06 1.8498153e-07 3.7016795e-07 1.3289736e-07 2.105057e-08 5.5604096e-07 5.655905e-08 3.0832023e-08 2.3191443e-07 5.9213376e-06 9.334455e-09 1.3731874e-06 5.922116e-08 1.8277449e-07 6.770626e-08 2.6567318e-07 0.00052181294 6.4710997e-07 8.080227e-08 3.1402074e-06 1.417367e-07 4.8678334e-08 5.641651e-08 3.70121e-07 8.432676e-08 1.97161e-05 7.25034e-08 4.810092e-07 5.6462668e-05 9.323676e-08 5.623524e-07 1.9937285e-07 1.1286901e-05 6.548409e-09 8.9209067e-07 8.106682e-09 1.0834121e-09 6.087828e-08 2.604181e-09 6.723167e-06 6.229139e-09 1.9928189e-06 2.3124677e-07 1.190185e-07 2.5588572e-06 2.0874465e-06 5.991453e-07 9.046515e-07 2.4937559e-05 1.2058567e-07 2.2090505e-07 6.837923e-10 4.6608935e-08 3.4533932e-07 6.63276e-08 4.361209e-08
0.88852984 0.01606282 0.2404191 0.015693 0.19863862 0.0073202495 0.94899833 0.18748899 0.031889357 0.007236663 0.0023459997 0.0019766113 0.0020324786 0.002136009 4.853425e-16 0.0012531145 0.0008772298 0.0007526435 0.00010730622 0.00022939045 0.9894189 0.00028433983 0.000480611 0.67806524 8.8475856e-05 0.40707773 0.00044401773 5.162661e-05 0.0012362336 0.006743942 0.06454164 6.5898384e-05 4.5586553e-06 0.00017210792 4.551655e-05 0.0038725333 2.5556856e-05 0.61279625 0.0008736382 0.00017417867 7.273871e-05 0.03500866 0.041371945 0.019935595 4.0650346e-07 0.00022861798 5.54454e-05 4.0065905e-05 1.5195547e-05 1.5477905e-06 0.0001080464 7.354778e-05 2.6887205e-05 5.4812455e-05 2.1720868e-07 3.384082e-06 1.311164e-07 8.243385e-06 4.7079826e-07 0.00033786127 0.0022480309 0.00010500657 3.644247e-06 1.9065084e-07 4.025985e-06 0.007789675 0.000921609 1.8671662e-08 5.314222e-05 0.0017319421 5.380591e-06 1.4368315e-07 6.55794e-07 3.5783787e-06 0.0006013238 0.0010537822 2.528029e-07 0.017589413 5.059022e-05 2.0139343e-08 5.3559273e-07 8.848282e-06 1.3205109e-08 1.2300558e-08 7.654311e-07 0.0011822854 4.2399226e-09 1.4569802e-07 4.514143e-06 0.00012645789 1.575928e-06 4.655956e-07 1.5643256e-05 1.1368062e-05 4.495607e-07 3.2993494e-08 1.1846285e-05 2.5297231e-06 3.4207035e-09 5.547639e-07 1.3612096e-07
0.7847161 0.009413923 0.048715264 0.00023946806 0.0029404263 0.008604957 0.0006894283 0.00011179778 0.7425528 0.8766558 0.0011919282 0.9724727 0.25601128 2.7448677e-06 0.0012531145 2.3646953e-15 1.0752913e-06 0.8067029 0.06691771 0.95287853 0.0015472916 0.0028761062 0.89646685 0.0038414022 0.2990304 0.0016327641 0.6483754 0.5443359 0.19262125 1.0496066e-05 0.11956012 0.4055623 0.16679384 0.052312657 0.04625986 0.012753732 0.16876084 9.375201e-05 0.006038475 0.003542793 0.007813755 0.00016181446 6.708984e-05 1.7335715e-05 0.0058094147 0.00062223274 0.0006656577 0.00031883936 0.002975981 0.0054930937 5.0839644e-05 0.00023321644 4.781739e-05 5.5277314e-06 0.0052658515 0.0009733241 0.00035962675 4.8804985e-05 0.00010380607 2.246676e-06 2.5051573e-05 0.0008316275 1.4325072e-06 0.007898118 0.00016386418 9.049617e-06 7.909416e-06 0.00061609177 1.1092682e-06 6.3434472e-06 3.2855452e-05 0.00013601566 0.0009607541 0.0006500983 8.930019e-08 3.5084415e-07 0.00034518822 2.0437626e-07 3.3178003e-09 9.794337e-05 9.990542e-07 7.6277644e-07 1.8107976e-05 1.7320963e-06 7.807036e-05 1.8239968e-08 4.064238e-06 5.7541438e-05 1.859861e-07 7.230695e-06 7.944125e-09 5.338727e-05 2.1986718e-07 5.337856e-05 2.2832393e-05 4.588528e-06 1.0642627e-08 2.7091868e-08 6.541023e-08 5.2220474e-07 3.0031308e-07
0.0051177097 0.0013303014 0.0019178091 0.017414406 0.002897075 0.0070036342 0.013084275 0.49102053 3.4666355e-05 2.2731107e-05 0.11729068 3.3278345e-06 2.7073054e-05 0.9773669 0.0008772298 1.0752913e-06 3.1402105e-17 8.1562433e-07 8.884158e-06 1.7667196e-07 0.00028631891 0.0013839866 5.141425e-07 0.00042688273 1.543699e-07 2.598639e-05 8.945354e-06 1.7822265e-08 6.062758e-06 0.997832 0.00015887577 8.185644e-09 1.9607223e-08 3.9119477e-06 1.08187905e-07 4.812411e-06 1.760133e-08 1.24741855e-05 2.789806e-06 6.6818717e-07 4.9375544e-08 1.3359882e-05 7.236907e-07 9.408842e-07 4.997739e-08 1.7395059e-06 1.830322e-08 1.6089524e-07 1.8574301e-08 1.3145695e-09 4.8878485e-07 1.11490595e-08 1.9625778e-08 1.96149e-07 4.0330693e-07 1.1731697e-09 7.533012e-07 2.0236724e-08 5.673408e-08 1.13669444e-07 4.6164638e-07 9.370177e-05 2.3687765e-07 7.911872e-09 1.1873321e-06 2.9279371e-07 1.4253307e-07 2.3651952e-08 3.7752142e-07 2.8065526e-07 9.3480185e-06 4.0739895e-08 1.1239375e-08 1.9572326e-06 3.389356e-08 3.5265563e-07 2.4125622e-08 9.700464e-06 2.1987367e-09 2.0712109e-07 9.464336e-10 4.9218846e-10 1.5857106e-08 1.3300018e-09 1.5869255e-06 1.7166226e-09 3.285661e-07 7.8641825e-08 1.218446e-08 6.294032e-07 1.1730316e-06 2.648647e-07 5.892562e-08 6.717508e-06 4.0111345e-08 3.248799e-08 6.7974426e-10 3.1749938e-08 7.2942825e-08 7.974336e-09 4.437751e-09
0.9875721 0.06549449 0.038938005 0.00563694 0.014961012 0.016025554 0.0024827467 0.0005920661 0.39977834 0.75528723 0.01194316 0.52945054 0.9045225 4.411886e-06 0.0007526435 0.8067029 8.1562433e-07 4.8070917e-13 0.09599722 0.95427704 0.0017234526 0.018407198 0.5664536 0.013513016 0.32004836 0.0034665295 0.74597466 0.5834223 0.47657743 4.459784e-05 0.4507351 0.22502151 0.15118898 0.08595047 0.10595417 0.07232703 0.27028757 0.0003866555 0.017613709 0.00879564 0.029535862 0.0006290477 0.00021164768 7.4140175e-05 0.003811341 0.0012856097 0.015776943 0.0025337185 0.014658947 0.0281706 0.00021302629 0.0076287007 0.00019447035 8.724528e-06 0.0009925968 0.014068944 7.4703064e-05 0.00025788014 0.013872745 2.3112529e-05 7.4438736e-05 0.00058969617 1.217796e-05 0.0043293494 6.503023e-05 5.3155396e-05 5.8556932e-05 0.003256101 1.13628375e-05 3.8441965e-05 1.6216583e-05 2.0313924e-05 0.000480685 0.0011911117 6.322002e-06 1.8861792e-05 4.653923e-05 1.622155e-05 2.3166109e-07 4.552631e-05 0.00025245443 4.468563e-05 1.1599277e-05 1.6210638e-06 1.5539721e-05 1.9939635e-06 1.6378051e-05 6.1764214e-05 1.0189147e-05 4.9525443e-05 6.0232983e-06 2.6977024e-05 2.3504279e-05 7.983566e-05 8.8285915e-06 5.835604e-06 1.50407e-07 6.306586e-06 4.9575037e-06 4.239917e-06 5.0329883e-05
0.7615198 0.5369799 0.060168214 0.090404905 0.065128155 0.5255134 0.0037923097 0.002115341 0.33942604 0.3142058 0.47006756 0.04510536 0.5674335 0.0001951293 0.00010730622 0.06691771 8.884158e-06 0.09599722 5.6191132e-14 0.018758867 0.00027548888 0.79722816 0.059105482 0.0010858303 0.98534137 0.0001307435 0.0013764293 0.010439237 0.0138912 0.015790604 0.0027925347 0.0005245255 0.09568901 0.0002624077 0.00030443395 0.0003004995 0.013721895 4.044179e-06 8.32556e-06 0.00010269107 1.2105129e-05 3.9299975e-06 1.4257976e-06 6.5391237e-07 0.94021946 6.177353e-07 2.1972896e-06 7.79113e-08 0.00010236175 2.0239282e-05 1.0071395e-08 4.9328884e-07 1.0979727e-08 1.802334e-08 0.27119255 1.984764e-06 0.2747061 1.2235578e-08 2.8272459e-07 1.3015425e-07 1.2416438e-08 0.5792185 4.504664e-08 0.0044012233 0.07949391 5.9269986e-08 2.314397e-08 1.0448803e-06 3.7774885e-08 4.9802683e-08 0.027468184 0.01589565 7.130202e-05 4.042307e-07 1.7035635e-08 7.3974164e-08 0.00028336368 1.7225707e-07 1.4199225e-09 0.00017127972 3.1276823e-09 2.5975782e-09 5.7608613e-06 0.00018383535 3.046596e-06 6.660389e-10 4.685763e-08 8.916311e-06 1.27481306e-08 5.7531963e-08 2.077079e-08 0.023547038 6.46885e-08 0.00900476 0.00013840261 1.0126336e-05 4.993189e-10 3.3066199e-06 3.2308897e-05 1.2886698e-06 3.259826e-06
0.9121437 0.00087486755 0.0028607529 1.7355298e-05 0.00029709458 0.0007406537 9.032747e-05 1.3444404e-05 0.26909024 0.5723924 0.00010250398 0.75342524 0.2114265 5.206875e-07 0.00022939045 0.95287853 1.7667196e-07 0.95427704 0.018758867 9.012566e-15 0.0006022788 0.0002879383 0.87990355 0.0011235278 0.14133237 0.00068382476 0.92949855 0.85355556 0.47773808 1.0619543e-06 0.16928965 0.688825 0.14374396 0.11854925 0.117201194 0.024098612 0.3425495 8.9345805e-05 0.00804885 0.0058942554 0.014057733 0.00012353237 6.146132e-05 1.5550842e-05 0.0014719267 0.00031613614 0.0019618776 0.00027244037 0.008619215 0.019639326 4.2958916e-05 0.000269206 2.9234508e-05 4.1775083e-06 0.0016006888 0.0046405657 3.7363454e-05 3.9125804e-05 0.00020534835 1.0505941e-05 5.7314883e-06 0.0003879895 1.7914781e-06 0.0044181566 1.2880522e-05 1.377531e-05 5.3535864e-06 0.0004614503 1.3864264e-06 3.98826e-06 1.036308e-06 4.726562e-05 0.00068362424 0.0007914763 3.774494e-07 2.497987e-06 0.00026775652 7.2428037e-07 9.212412e-09 3.2929576e-05 1.564075e-05 6.8162435e-06 5.631362e-06 1.4136667e-07 1.4082253e-05 1.4367733e-08 9.136882e-06 7.491821e-06 5.525769e-07 3.1756677e-05 1.7498417e-06 2.0477584e-05 1.2081896e-06 4.2263487e-06 3.0711467e-06 4.0145497e-07 4.5470294e-09 9.4642786e-07 3.6185278e-07 6.1023917e-07 1.0761324e-06
0.94840175 0.010837638 0.06797284 0.008355946 0.07575628 0.0035869395 0.55237883 0.047399726 0.008224422 0.0076540713 0.0039008728 0.001455529 0.002442127 0.0008069528 0.9894189 0.0015472916 0.00028631891 0.0017234526 0.00027548888 0.0006022788 1.4928901e-13 0.0014893014 0.0005095046 0.9166519 0.00072895334 0.8250255 0.0010301205 0.00022905444 0.0032657525 0.0012494642 0.20427866 0.00072636316 9.296513e-05 0.0004945838 0.00019712312 0.010751869 0.00014220293 0.68052936 0.0026914584 0.00067773263 0.00036656295 0.06467217 0.056575757 0.040296163 2.0320288e-06 0.0009326426 0.00017287677 0.00038692975 4.5857396e-05 3.445733e-06 0.00046659616 0.00023851375 0.0004100357 0.00029100088 7.44618e-07 2.2016326e-05 2.9532114e-06 0.00019490797 4.5073243e-06 0.001078361 0.006730192 0.00012020696 6.917713e-05 1.0277611e-06 5.1606007e-06 0.0105635105 0.004104001 1.14234545e-07 0.000932885 0.0056340946 3.0764909e-06 8.764261e-07 1.1135246e-06 7.42289e-05 0.0021240911 0.006696308 2.578554e-07 0.07003617 0.0003362257 2.0346165e-07 0.0001316378 0.00033222855 7.0276855e-08 7.7865984e-08 1.0081447e-06 0.0067537017 2.808905e-08 5.8245778e-08 0.00012612595 0.0006863803 9.805926e-05 7.2377696e-07 0.00014419168 1.738946e-05 1.0174227e-06 1.3889125e-07 4.6884874e-05 0.00016805307 1.1046842e-08 9.614543e-06 5.0763456e-06
0.7776879 0.9365068 0.0862246 0.8037419 0.39615563 0.37626687 0.041924525 0.29108706 0.029970188 0.09135188 0.97244275 0.0006719069 0.6236558 0.0101866955 0.00028433983 0.0028761062 0.0013839866 0.018407198 0.79722816 0.0002879383 0.0014893014 1.3026791e-12 0.0005620755 0.00983015 0.0903132 6.89641e-05 0.00010150542 0.00025962747 0.0056005665 0.4941547 0.0005501474 7.18362e-06 0.0003438667 3.542004e-05 1.0164652e-05 2.149416e-05 0.00010929458 8.135599e-06 1.3947056e-06 0.00016890642 2.8498673e-06 6.7894484e-06 9.189103e-06 1.22499005e-05 0.5423261 1.4664978e-06 1.1089064e-06 7.3812606e-07 1.2974268e-05 5.1989906e-07 1.1011948e-07 4.8973203e-07 1.4488812e-07 2.4843038e-07 0.014194254 2.774592e-08 0.42155108 4.5556453e-07 6.5703816e-06 2.2677568e-06 1.1641277e-07 0.9733501 3.1236991e-06 0.000983578 0.57946944 4.3037562e-07 5.646703e-07 5.528747e-05 3.139104e-07 4.230403e-07 0.4689892 0.013571883 6.1241763e-06 2.7624748e-05 3.8597e-08 5.5855617e-06 0.00012769742 6.4848923e-06 7.276871e-08 0.00045145673 9.0234856e-08 2.0325153e-08 1.4176577e-05 8.187667e-05 0.0011892343 1.0303326e-09 4.5908066e-05 0.0003900017 5.4277814e-07 4.886259e-07 4.4147375e-05 0.016614653 2.398844e-07 0.10862233 0.00013520362 6.899693e-05 7.322664e-08 1.473039e-05 0.0038565327 3.9603357e-05 3.353582e-05
0.8777688 0.002235503 0.015464717 0.00013127261 0.0013241809 0.002590716 0.00049724145 7.372355e-05 0.3653559 0.5080556 0.0002698813 0.9415797 0.13266468 2.7906763e-06 0.000480611 0.89646685 5.141425e-07 0.5664536 0.059105482 0.87990355 0.0005095046 0.0005620755 2.3724983e-14 0.0012213244 0.4185941 0.0006695057 0.37318236 0.89492726 0.26869053 1.3132728e-05 0.026346521 0.94207436 0.6623167 0.028088493 0.050890252 0.004116669 0.8477431 2.6678708e-05 0.0017819549 0.003569728 0.0054907575 0.00011486374 1.4057067e-05 2.4059946e-05 0.009734545 0.00036844783 0.0004637011 0.00027561715 0.034407847 0.06338464 1.647367e-05 0.00016477433 4.8773177e-06 1.15538905e-05 0.022749575 0.004492196 0.0009188534 6.916634e-06 9.260392e-05 2.9924473e-07 1.1186091e-06 0.0012016788 3.2006462e-06 0.055812046 0.00039117152 6.727785e-06 7.9634526e-07 0.00061482424 4.4391004e-06 2.081771e-06 8.076788e-05 0.00078609097 0.006113632 5.5264438e-05 3.216159e-08 5.191603e-07 0.002772569 1.5745105e-07 5.0272884e-09 0.0007898525 1.5166127e-07 7.6728236e-07 5.9942366e-05 6.0811522e-05 0.00010302448 2.0777593e-09 7.481083e-06 0.00024655953 3.849178e-07 4.128693e-06 7.456886e-08 0.0030680015 1.8534122e-07 0.0005278104 0.00032611727 6.724036e-05 3.717364e-08 1.2783723e-07 3.8845243e-07 1.5430706e-07 6.8983496e-07
0.98804647 0.065434106 0.2349722 0.03629307 0.30404866 0.01315944 0.7823921 0.13359928 0.021005033 0.052087218 0.016899422 0.0018259018 0.01812142 0.002003947 0.67806524 0.0038414022 0.00042688273 0.013513016 0.0010858303 0.0011235278 0.9166519 0.00983015 0.0012213244 9.5689515e-12 0.0036033401 0.97323143 0.0026642173 0.000529228 0.018467609 0.0015421622 0.7620047 0.00078507507 0.00060268614 0.004360778 0.0012953475 0.072706066 0.0005915948 0.22881155 0.036950167 0.0025418852 0.00085122 0.056713585 0.018163705 0.06072246 6.309164e-05 0.0021339688 0.00044095583 0.0005945174 4.2741187e-05 1.2644661e-05 0.0018283516 0.0005873409 0.0011344919 0.00095460063 2.6122427e-05 0.00010956518 3.0709285e-05 0.00092611794 0.00016189797 0.0021386344 0.009875346 0.00037625985 0.0004429993 6.7313376e-05 4.670075e-05 0.012092588 0.0052346573 2.4641082e-05 0.0029700212 0.006867202 2.3150009e-05 1.0121625e-05 7.773014e-06 0.0008883256 0.006603582 0.015504441 1.8871015e-06 0.054386973 0.0009913184 2.7153094e-06 0.0007752116 0.0016892614 9.605959e-07 8.5946874e-07 1.0316822e-06 0.0043864083 2.0978964e-06 5.3855064e-07 0.0005586282 0.0025417134 0.0013557458 2.6182088e-05 0.0002623216 3.232125e-05 4.012703e-06 1.7948263e-06 0.00015094897 0.0013467311 7.42922e-07 0.00037145132 0.0008017291
0.93214047 0.24843869 0.016826667 0.018678887 0.025941037 0.038008016 0.00021047059 0.00020515789 0.18627144 0.28058892 0.015204912 0.10413506 0.6171751 1.1554777e-06 8.8475856e-05 0.2990304 1.543699e-07 0.32004836 0.98534137 0.14133237 0.00072895334 0.0903132 0.4185941 0.0036033401 4.4193175e-14 0.00019221644 0.009255696 0.20886013 0.1784246 5.9484966e-05 0.010489239 0.018445568 0.97079575 0.0032537247 0.0029007047 0.00075776497 0.16828968 4.0882795e-05 9.4445146e-05 0.000990288 0.00011647225 2.8314527e-05 7.82884e-06 1.5912551e-06 0.8710358 3.782308e-06 1.0390635e-05 1.1642627e-06 0.0004551672 7.879043e-05 3.4598724e-08 5.4345617e-07 5.385252e-08 2.5489562e-08 0.6575599 8.255705e-06 0.3079253 2.0623433e-07 6.205766e-07 1.07815254e-07 1.3940148e-07 0.28155932 8.489951e-08 0.1575076 0.043893788 1.6556679e-06 8.65136e-08 3.1009764e-05 1.350909e-07 7.801643e-08 0.0054642106 0.08181128 0.0006374695 1.4875703e-06 3.570926e-08 1.4695814e-07 0.0010151444 6.276756e-07 4.3804067e-09 0.0028959864 5.974313e-07 4.1926045e-09 1.8104058e-05 0.0029996235 1.75614e-05 1.115708e-08 5.6894464e-08 0.0001246595 2.2697234e-08 2.2293825e-07 9.1342415e-08 0.17710875 3.595246e-06 0.00332767 0.00023707397 5.2377232e-05 1.5212125e-08 7.0055503e-06 2.4723211e-05 8.528703e-06 6.3578927e-06
0.9646934 0.0018516661 0.035709716 0.00058374135 0.018483788 0.0019790146 0.1331044 0.003658357 0.003996059 0.008196863 0.00032411123 0.0018461297 0.0023648709 3.420485e-05 0.40707773 0.0016327641 2.598639e-05 0.0034665295 0.0001307435 0.00068382476 0.8250255 6.89641e-05 0.0006695057 0.97323143 0.00019221644 1.397834e-13 0.0019863737 0.00032173775 0.014506851 0.0001528895 0.89424175 0.0002691208 9.108281e-05 0.0039140885 0.0008602339 0.19822536 0.00015398285 0.9111309 0.05164977 0.001704252 0.0005470138 0.2920108 0.14533076 0.06518772 2.0394266e-07 0.0018002702 0.00056217203 0.00046363802 5.7357513e-05 2.5094878e-05 0.0019582456 0.00025865302 0.00075135654 0.00086470385 6.632535e-07 7.951206e-05 3.7882828e-08 0.00058577186 0.00013361126 0.0018209632 0.006943202 3.7354795e-05 0.00011442062 1.3346218e-05 2.5586035e-06 0.023359897 0.0038507204 4.3448597e-07 0.00058335013 0.002574518 8.652148e-07 7.860924e-07 9.80262e-06 0.00036058697 0.0025443933 0.003120552 1.52372e-06 0.044647474 0.00027216898 1.1460353e-06 0.00012981863 0.0006365883 6.825121e-08 6.64106e-09 9.694032e-07 0.00426989 2.024457e-07 2.2062355e-07 6.4446176e-05 0.0048847077 0.00078724336 1.7820032e-05 0.00024058422 4.6468867e-06 2.3654808e-07 2.7621425e-07 0.00024200264 0.0004055991 1.1118204e-08 0.00010742305 9.470919e-06
0.96058583 0.0011489481 0.0014029893 9.3413844e-05 0.0002681281 0.00071395613 0.00010098171 7.2733084e-05 0.027071465 0.09056803 5.9461323e-05 0.22661176 0.0693755 2.4719462e-05 0.00044401773 0.6483754 8.945354e-06 0.74597466 0.0013764293 0.92949855 0.0010301205 0.00010150542 0.37318236 0.0026642173 0.009255696 0.0019863737 5.922892e-13 0.7939555 0.93930507 9.901047e-06 0.33568817 0.54668945 0.009744033 0.770141 0.8890057 0.082757585 0.060947232 0.000957391 0.07161021 0.033846777 0.53696996 0.0011690347 0.0005877569 0.00012217798 0.0002093753 0.014751287 0.22952904 0.03671411 0.014273773 0.050560046 0.0013614071 0.026941948 0.0017278433 0.00031482437 0.00022794506 0.036137305 2.1129305e-05 0.0025448822 0.006829817 0.00043758313 0.00010978169 0.00030709888 0.00043641558 0.00060847553 7.465393e-05 0.00015692018 0.00014361816 0.0011943245 0.00015047897 0.00010000619 9.267154e-06 2.283581e-05 0.0011859459 0.0019317607 7.4352847e-06 9.360512e-05 0.0002918917 1.606645e-05 1.089763e-06 3.686633e-05 0.00051803375 0.00017400649 5.281467e-05 1.3035605e-06 0.00032870416 1.8333042e-06 0.00014216687 0.00025186068 9.7810545e-05 0.00027126307 4.001825e-05 0.0010149928 2.7453068e-05 0.00021080706 4.6675774e-05 3.5370656e-05 7.92344e-07 9.0013426e-05 4.536355e-06 3.217867e-05 0.0002491644
0.9626926 1.8741299e-05 0.0002762463 3.900939e-06 4.403313e-05 3.0803294e-05 1.6333566e-05 1.256401e-06 0.016541563 0.20324522 1.7265707e-05 0.2715481 0.083247125 4.1289056e-08 5.162661e-05 0.5443359 1.7822265e-08 0.5834223 0.010439237 0.85355556 0.00022905444 0.00025962747 0.89492726 0.000529228 0.20886013 0.00032173775 0.7939555 6.2570763e-16 0.4926226 1.0873763e-06 0.049259793 0.9782542 0.568982 0.12279608 0.45652664 0.013618141 0.83041275 1.8918903e-05 0.005739081 0.017253108 0.04672214 4.7737292e-05 5.2705664e-06 4.736889e-06 0.003740925 0.00020719293 0.0053649866 0.00029798018 0.16778673 0.3937203 2.3782202e-05 0.0008265624 2.1036774e-05 4.9121268e-06 0.007803445 0.068713106 0.00027424324 1.956655e-05 0.0011635979 4.958109e-06 2.6312664e-06 0.00032569517 2.542142e-06 0.2302173 0.00013498847 1.0905167e-06 2.3779626e-06 0.010095717 1.4573004e-06 7.1747843e-07 9.9128465e-06 0.00043328767 0.026597276 0.0007458386 1.5846341e-08 2.1635238e-07 0.013646737 3.8810173e-09 2.7709466e-09 0.0023091251 1.8302988e-05 2.161945e-06 0.00452304 9.6335745e-05 9.470644e-05 3.138948e-09 1.6983007e-05 0.0002809744 2.0388326e-08 5.838941e-07 3.716437e-07 0.0040475423 1.1857932e-06 1.9638936e-05 0.00012939663 5.9892085e-05 5.271156e-09 1.52119e-07 1.6956497e-05 7.9976104e-07 5.321723e-07
0.99900776 0.040842604 0.037720364 0.0071505015 0.040008668 0.0055936384 0.0035677424 0.001690026 0.032136794 0.117444545 0.0073397453 0.049827218 0.25461364 3.5262976e-05 0.0012362336 0.19262125 6.062758e-06 0.47657743 0.0138912 0.47773808 0.0032657525 0.0056005665 0.26869053 0.018467609 0.1784246 0.014506851 0.93930507 0.4926226 3.6248653e-11 4.5638688e-05 0.83651674 0.3933038 0.3005577 0.93608177 0.76524884 0.1584008 0.4306486 0.0031716803 0.19981278 0.25187817 0.39365447 0.01231945 0.0024050735 0.0042688353 0.0021495915 0.22283582 0.24050674 0.19887914 0.15990579 0.18935402 0.07502273 0.17317525 0.10325873 0.021511963 0.0014210329 0.37290046 0.00019868491 0.0350124 0.25904262 0.0073352354 0.0043718875 0.0006349458 0.008281989 0.04267314 0.00011346817 0.0004838631 0.0032177 0.14568618 0.010407348 0.0017190574 3.2507967e-05 0.0001258838 0.008081697 0.020481111 0.0022332354 0.0015927979 0.0009665646 0.00015712593 0.0007562691 0.0013159199 0.01470352 0.0040361346 0.0012231311 8.927137e-05 0.002834168 0.00016765288 0.0017367214 0.0016932194 0.0018949267 0.006461246 0.00060968834 3.073929e-05 0.0009662144 0.00019251251 5.5857352e-05 5.500527e-05 7.321216e-05 0.00049969583 4.2746648e-05 0.00017261106 0.001170404
0.0076222285 0.005649027 0.0049015214 0.097313896 0.004398099 0.058613982 0.026479116 0.61365175 0.00047924017 7.392886e-05 0.94146377 8.339473e-06 0.00011991888 0.7698101 0.006743942 1.0496066e-05 0.997832 4.459784e-05 0.015790604 1.0619543e-06 0.0012494642 0.4941547 1.3132728e-05 0.0015421622 5.9484966e-05 0.0001528895 9.901047e-06 1.0873763e-06 4.5638688e-05 4.8403694e-17 0.000748721 6.2168695e-08 4.2426734e-07 1.3882623e-05 7.2328294e-07 3.5548715e-06 2.5188974e-06 4.44267e-06 2.6101745e-06 3.2062983e-06 2.611264e-07 3.2808687e-06 1.3588192e-07 6.049817e-07 0.0011490105 1.6470457e-06 4.3315886e-08 1.8089472e-07 1.8061935e-06 1.2523062e-08 9.032161e-07 1.2020644e-07 2.0226073e-08 2.1731064e-07 8.9769266e-05 2.2678929e-08 0.005465297 6.0996946e-08 1.4062424e-06 9.3893995e-09 1.7670541e-06 0.12957877 1.4215011e-07 2.0983815e-07 0.008959771 3.3698618e-07 2.0374582e-06 1.5867681e-06 7.541041e-07 8.5330424e-07 0.0132488 6.92757e-05 2.2742098e-07 8.465794e-06 5.607127e-07 1.1651601e-06 4.3849736e-06 1.2772373e-06 9.8483476e-08 1.5797199e-06 6.482796e-08 2.0609572e-09 2.7631674e-07 5.863413e-08 6.1308405e-05 1.6667752e-08 4.978483e-06 1.9896636e-07 3.1608245e-08 1.1375453e-06 8.033558e-06 0.00030718234 2.1373054e-08 0.0060363617 2.403591e-07 1.8477999e-07 2.6856464e-10 4.6033495e-07 6.793315e-06 8.421778e-08 3.9345218e-07
