2.798927e-22 0.96688175 0.9566544 0.9332213 0.94160044 0.99729645 0.9738388 0.9677392 0.6578191 0.8926941 0.99974996 0.7260448 0.9447 0.95654875 0.9242475 0.99877703 0.8885936 0.9931037 0.30813 0.9507667 0.9740966 0.9637983 0.8907589 0.81389254 0.976508 0.9967378 0.917691 0.5753094 0.95456195 0.9535876 0.07539937 0.86767244 0.8341169 0.9666501 0.8328169 0.448316 0.5224941 0.8521639 0.99172074 0.7347677 0.9979176 0.7837001 0.26286107 0.7157692 0.09394164 0.7532843 0.40900663 0.92128885 0.4796896 0.9427543 0.09646285 0.106546536 0.25803995 0.069131546 0.98875123 0.99412715 0.9351841 0.11297627 0.37383544 0.09482852 0.22303005 0.6260454 0.96171695 0.0290899 0.82571 0.8930655 0.18092728 0.23300833 0.97600424 0.12690064 0.98958665 0.81490344 0.98845047 0.10505176 0.0006914438 0.02317825 0.37777463 0.5858944 0.87884283 0.05487641 0.0042169117 0.9982903 0.9057792 0.03675742 0.90326744 0.0040874635 0.94420314 0.0011192698 0.003786551 0.0023017915 0.25719592 0.8110257 0.99663246 0.91737676 0.1658945 0.97013634 0.0006864494 0.006598983 0.0014475865 0.99940264 0.0016767567
0.96688175 2.3487813e-16 0.97123563 0.92742425 0.47171575 0.27566755 0.0052717407 0.0908941 0.28450295 0.24187554 0.4757872 0.36660194 0.27258763 0.01413245 0.044506237 0.08611812 0.011187799 0.06159912 0.05765798 0.005676948 0.5664983 0.061302014 0.0007795624 0.014043395 0.0002772389 0.0019433429 0.00019297187 0.015423072 6.605307e-06 5.747181e-06 0.0073658377 2.8106251e-06 0.014195302 7.318855e-07 7.0492766e-05 0.0034984355 0.0016392414 0.26047137 0.15270925 0.06446404 0.049581897 0.35961974 0.0068839714 0.5182307 0.04441694 1.788217e-05 0.00016537806 3.55326e-05 0.15134495 1.3485502e-06 1.2053244e-05 7.0547744e-06 0.072513364 4.3726122e-06 3.8115755e-05 0.0776209 0.031060431 0.13553451 0.083751336 0.0013412876 0.09167446 9.2773547e-07 0.00018400392 0.025814576 1.3911356e-05 1.6341995e-07 6.3349444e-07 8.513952e-08 0.045329064 0.014481098 0.050340552 2.315809e-05 0.0017369373 1.5976515e-07 0.0010683982 0.0014869911 2.1712738e-08 0.00014945837 6.470446e-07 1.25694205e-05 4.6118832e-05 0.030880932 0.00064008904 1.7638541e-07 7.752411e-08 6.1705694e-05 0.010059816 2.4577765e-05 3.7010937e-05 7.0908335e-08 1.4573955e-09 0.00019355024 0.013959513 0.019331722 0.0028016588 0.016397566 0.00023169615 5.4163587e-07 9.607811e-05 0.00917459 1.7869665e-06
0.9566544 0.97123563 8.2163625e-17 0.49747372 0.01769513 0.01097651 8.524796e-05 0.0009427022 0.6612363 0.040498175 0.051145703 0.7947331 0.09479486 2.7533533e-05 0.010785574 0.20237552 2.8408249e-05 0.0005196882 0.20962182 7.947362e-05 0.5812336 0.10602003 1.6238853e-05 0.0049181557 1.6640244e-06 7.833852e-06 2.941155e-07 0.0013937231 1.4069479e-08 1.0502604e-07 0.0005583158 2.5206766e-09 0.29028842 1.2350398e-08 6.488885e-07 0.0016075041 0.000107639426 0.12944062 0.10695225 0.40439495 0.0020054383 0.68972576 0.002680629 0.6296493 0.26716915 8.8337615e-08 2.2219197e-07 5.624962e-05 0.09932227 2.2556414e-08 7.600553e-08 1.0446938e-06 0.4006987 5.0016773e-08 3.5398693e-07 0.00810902 0.024912752 0.23427671 0.03639411 0.0034936413 0.1060538 6.3103003e-09 4.437356e-06 0.17913847 1.2022352e-07 3.169359e-09 2.559167e-08 5.0528497e-09 0.030416692 0.0068293354 0.02183207 3.0440226e-08 0.00018687837 7.4070696e-09 0.0020404246 0.0004981977 2.408941e-10 0.00012451837 5.0221036e-09 9.601142e-07 4.934365e-07 0.017760128 2.6938e-05 2.3708151e-07 2.1925473e-09 4.1586925e-05 0.009637687 7.000261e-06 1.4265341e-05 1.6917642e-08 1.4106783e-11 2.723728e-06 0.008726598 0.012807379 0.1013925 0.011256014 0.0005966897 5.0107656e-07 6.7308814e-05 0.0016964222 1.2340756e-06
0.9332213 0.92742425 0.49747372 3.798769e-18 0.83130085 0.5211343 0.1015115 0.10484865 0.17756814 0.9309015 0.41477242 0.31497929 0.8414451 0.0086783655 0.46191522 0.021411946 0.010292663 0.007407304 0.008439721 0.001136673 0.6081652 0.010368613 0.0003433881 0.15619548 2.063939e-05 0.0017315424 9.134273e-05 0.15228622 2.1684887e-06 1.2951176e-05 0.023881098 2.1980638e-07 0.001922092 3.2054712e-07 4.867776e-05 0.018239154 0.0061783544 0.21875016 0.012089101 0.005112575 0.007846253 0.07394378 0.022389442 0.26027626 0.028748319 8.2245583e-07 1.9546387e-05 0.00012458749 0.14343919 6.698824e-07 4.5152643e-07 0.0002177331 0.01114126 3.2381968e-07 4.637771e-06 0.0039427425 0.0044269753 0.09672069 0.1593598 0.0005257557 0.08961672 2.6156877e-07 1.756259e-05 0.009564506 2.9226883e-06 6.65085e-08 2.4037572e-08 4.7230813e-08 0.0071127443 0.021833697 0.013410145 1.4422949e-06 0.001042069 3.101562e-09 0.00015283497 0.015943276 2.126469e-08 7.592949e-05 8.2046984e-07 0.0057150824 2.6680348e-06 0.00711799 4.6915113e-05 1.0140625e-06 9.213489e-08 0.00086008094 0.0015200953 0.0003046823 0.0012533249 2.5539931e-08 1.1125915e-10 7.083433e-06 0.0015128634 0.0015047882 0.00024710872 0.001365735 0.000119568525 9.611362e-06 0.00036017265 0.0037010307 0.00010423433
0.94160044 0.47171575 0.01769513 0.83130085 1.8078732e-16 0.9075354 0.7757353 0.8808206 0.002609955 0.8669353 0.3851489 0.0065607373 0.56705195 0.33232415 0.7457456 0.0011458672 0.19507512 0.034495376 0.0007564032 0.009056956 0.054705355 0.0024602108 0.001641368 0.33151096 0.00037005855 0.011902823 0.0015830416 0.61469615 1.0398943e-05 5.2697244e-05 0.22417066 3.0863222e-05 9.117876e-05 3.217037e-06 0.0005741747 0.16274145 0.16177948 0.11806284 0.0040700296 0.00031694458 0.01637735 0.0074432595 0.21269181 0.048853125 0.00043351995 2.2451179e-05 0.00066491193 1.1688351e-06 0.117750846 1.2841538e-06 5.208733e-05 0.003843449 0.00077509 6.4740966e-06 2.2756632e-05 0.007225939 0.0015542271 0.023559853 0.2643165 2.6697158e-05 0.064335175 1.1776688e-06 0.0001348962 0.00027075497 8.907726e-06 6.6062364e-07 4.5377462e-07 2.2333258e-07 0.0020032574 0.11770342 0.0052752285 4.7957483e-06 0.0012169952 3.420684e-07 8.195295e-06 0.109584376 4.782457e-08 2.9045216e-06 8.05664e-07 0.08189614 2.169942e-05 0.002738388 0.00032130233 4.3781228e-07 5.6084765e-08 0.0003559538 0.00033778124 0.00031075266 0.0038376437 6.2183256e-07 1.7948852e-09 4.7436362e-05 0.001597232 0.0018854915 1.0559783e-05 0.001282238 9.476114e-06 9.7261836e-05 0.00025515858 0.004496332 0.002454578
0.99729645 0.27566755 0.01097651 0.5211343 0.9075354 6.046894e-16 0.7602674 0.847985 0.0009711327 0.43486258 0.9315889 0.0011600036 0.26408145 0.26470926 0.46298748 0.0017873707 0.12883857 0.15645027 0.00015721453 0.024656845 0.11646234 0.0019098544 0.0042763897 0.2920167 0.0006973146 0.016128326 0.0038942376 0.122637846 2.992356e-05 0.00023068326 0.03426587 0.0002017916 5.850837e-05 3.775551e-06 0.0020488044 0.11670787 0.029702429 0.08093558 0.03259606 0.00017749789 0.19278575 0.0048764027 0.13980198 0.03484001 0.0005400546 2.8573144e-05 0.00044450987 6.742806e-07 0.07015459 4.6429973e-06 9.979502e-06 0.0013050844 0.000641094 1.6871851e-06 3.7099322e-05 0.0502158 0.009785577 0.020097824 0.26156917 1.1370253e-05 0.03844371 1.7924204e-07 0.00016188207 0.00036731357 3.0634885e-06 2.6711217e-07 1.831657e-07 4.1671925e-07 0.019714579 0.13509116 0.035122503 2.9539507e-07 0.002896623 1.0016748e-06 8.342636e-05 0.04923631 6.543031e-08 2.0941484e-06 1.9432731e-07 0.018382007 2.912663e-06 0.016877849 0.00034149396 1.3036586e-06 2.9396548e-07 0.0018621595 0.001225987 0.0016380146 0.004542913 1.5237818e-07 3.8352296e-10 0.00013812177 0.009226276 0.005152266 4.6389454e-05 0.0041770525 0.00020224146 4.1853782e-05 0.007656769 0.021038407 0.0013012646
0.9738388 0.0052717407 8.524796e-05 0.1015115 0.7757353 0.7602674 1.8717556e-15 0.920877 1.0840024e-05 0.4678498 0.15905426 7.2564962e-06 0.18189655 0.19984478 0.88748115 9.084676e-05 0.10963009 0.015733093 4.4440812e-06 0.00649464 0.03235548 2.9615667e-05 0.001474265 0.7182727 0.0002162242 0.017987095 0.0010465791 0.81253093 1.1338957e-05 2.8858445e-05 0.43322307 4.0061976e-05 8.593413e-06 2.2392217e-06 0.0001291688 0.64707863 0.44329345 0.09005198 0.00021969125 5.8821228e-05 0.002057002 0.0014718502 0.72835416 0.006863797 0.00014782748 2.8968716e-05 0.0011441855 4.6806603e-09 0.13034488 1.1576468e-05 3.58459e-05 0.098096825 0.0003210769 2.0662217e-05 5.225629e-05 0.00069925946 0.00034001892 0.0010915858 0.52630526 4.2326815e-06 0.060449164 5.8286156e-07 0.00040570195 3.2164553e-05 1.8600225e-05 2.9437663e-06 2.1990368e-07 3.4012118e-07 0.0006664158 0.39273608 0.0015369632 5.8569467e-06 0.002266166 8.04217e-07 4.048003e-06 0.46660328 3.894068e-07 1.1024058e-06 3.3244547e-07 0.6153191 6.554633e-05 0.00097470486 0.00050852593 9.68529e-07 1.5042049e-07 0.004038624 2.184717e-06 0.0031261297 0.017692996 6.2656557e-07 4.5677e-09 0.00014138523 0.0004545302 0.00013436606 4.918861e-05 0.00033354445 2.0888008e-06 0.0005387035 0.0013254456 0.009809018 0.015838534
0.9677392 0.0908941 0.0009427022 0.10484865 0.8808206 0.847985 0.920877 5.004494e-15 0.0002913091 0.18379432 0.08787496 0.00022401915 0.039863843 0.90689886 0.38188013 0.00063299295 0.59148645 0.33671197 0.00034663075 0.24544995 0.015789496 0.00058509264 0.07967435 0.23263805 0.006786216 0.08281271 0.061237663 0.5882066 0.0010995317 0.002804503 0.2344168 0.0067706145 4.722451e-06 0.00019298108 0.02983724 0.14543787 0.47529706 0.015257953 0.0034915842 1.2421775e-05 0.08132311 0.0006076086 0.11942437 0.0029470024 6.1905215e-05 0.00043868014 0.010136197 2.092675e-06 0.012484226 0.00015063662 0.0007284495 0.06918208 0.00011202234 0.00014821991 0.00019402723 0.007453481 0.0013074625 0.00055549375 0.042541213 6.201577e-05 0.0028713853 9.325768e-06 0.0009768145 1.6490694e-05 0.00023198356 1.3962354e-05 2.5750508e-06 1.9261481e-06 0.0032894646 0.018560058 0.00394966 6.29516e-05 0.00840473 1.8775819e-06 5.7800975e-07 0.062307794 3.5715e-07 3.5803416e-06 9.445977e-06 0.10725859 9.671925e-05 0.002319694 0.0023018077 4.280562e-06 7.3377953e-07 7.234865e-05 0.00039373545 4.1840773e-05 0.0008104214 1.97601e-06 1.05481694e-08 0.00085590215 0.0017170878 0.002177104 2.3951352e-06 0.0011467171 2.9921816e-07 0.00022048947 1.2637139e-05 0.023390073 0.0013026136
0.6578191 0.28450295 0.6612363 0.17756814 0.002609955 0.0009711327 1.0840024e-05 0.0002913091 8.843405e-23 0.005327182 0.004987665 0.9578909 0.011505242 1.0888285e-05 0.00017231467 0.8180072 1.4157196e-06 6.423988e-05 0.8722943 7.2269177e-06 0.124801435 0.32654595 1.4214578e-07 0.00018368078 9.474533e-08 2.18869e-06 7.2446547e-09 3.1173917e-05 3.5295017e-10 2.6668727e-09 1.3106853e-05 2.2105463e-11 0.70915365 2.7272473e-10 1.643092e-08 8.7307504e-05 7.991576e-08 0.005155687 0.04826054 0.40708873 0.0014441235 0.3232487 3.613769e-05 0.08096036 0.35131723 2.9371227e-08 2.934435e-08 0.002465264 0.0050755306 1.2236803e-10 1.3877551e-09 2.0052335e-08 0.12961183 1.6136699e-09 4.720197e-09 0.0044438425 0.014440395 0.010369982 0.00030966633 0.5025506 0.0040048165 2.008688e-10 2.2362798e-07 0.045021955 9.563383e-09 7.876574e-10 3.1208387e-11 4.198484e-10 0.010285736 3.0395398e-05 0.009656746 1.1049286e-08 0.00015898354 9.418236e-10 0.0005816106 5.903911e-07 2.6938035e-10 0.0018729276 9.418003e-10 5.332515e-10 1.374752e-08 0.0076678614 1.5316611e-05 2.7243087e-07 9.494132e-10 1.4116581e-07 0.046614215 1.64132e-07 9.687507e-07 9.7159845e-09 1.437928e-11 1.3077435e-07 0.0034025717 0.025829941 0.08829308 0.008380594 4.059897e-05 2.1086132e-08 6.866262e-07 0.00080724806 4.9688158e-08
0.8926941 0.24187554 0.040498175 0.9309015 0.8669353 0.43486258 0.4678498 0.18379432 0.005327182 4.0061475e-20 0.097490646 0.011734916 0.9467867 0.0129433675 0.881382 0.002348107 0.0061052158 0.0027505613 0.0006259687 0.00046703202 0.40277442 0.00084940024 0.00012323786 0.6753927 8.975544e-06 0.004700321 9.66359e-05 0.4885062 1.4752663e-06 2.0984256e-05 0.1224124 9.886304e-07 0.00021320657 3.6956442e-07 2.9087036e-05 0.19612949 0.023832113 0.271148 0.0013623661 0.00045304757 0.0033283809 0.01455146 0.09718502 0.039884657 0.0031323547 5.6052016e-07 8.225665e-05 4.0054083e-06 0.11174554 3.1207733e-07 1.0441231e-06 0.00028048738 0.001985333 7.0600514e-08 9.113755e-07 0.00042616096 0.0004441622 0.018632611 0.14902975 1.8801558e-05 0.030257603 1.6668889e-07 2.1505088e-05 0.001202796 7.0557263e-07 9.8687494e-08 4.734326e-09 5.637391e-08 0.0013382919 0.026349517 0.0048397556 2.9513657e-07 0.0013547422 2.5274889e-09 4.316188e-06 0.02250816 4.4967408e-08 8.9596847e-07 2.9723898e-07 0.01280945 2.1556082e-06 0.001704234 5.6014618e-05 2.0051732e-07 2.7806637e-08 0.00096679595 0.00016448954 0.00034808635 0.002048483 1.19003296e-07 8.250875e-11 1.1717906e-06 0.00018840158 0.00016037478 2.7878183e-05 0.00027681884 3.277612e-05 0.00026442643 0.0004658479 0.0042906613 0.0003661126
0.99974996 0.4757872 0.051145703 0.41477242 0.3851489 0.9315889 0.15905426 0.08787496 0.004987665 0.097490646 3.59622e-17 0.006558719 0.11967311 0.017681122 0.066156395 0.007748177 0.008855399 0.018875895 0.00028433255 0.005560654 0.02105685 0.0024206578 0.0007977311 0.01231605 0.00012878184 0.0027292133 0.0010081386 0.0021753088 2.4536406e-05 0.00052828225 0.00073653104 3.549724e-05 8.137528e-05 5.9167596e-06 0.0008486266 0.001775193 0.00033139662 0.007158771 0.08229579 0.00063329394 0.16954039 0.0018839951 0.0013714706 0.015271273 0.00030395444 8.128147e-06 0.00014893945 2.8198074e-06 0.0066910614 3.888982e-06 2.1319825e-06 8.720726e-06 0.00033376878 4.0833616e-09 3.9908755e-05 0.11508815 0.015013289 0.041731816 0.0088179605 6.529595e-07 0.10926007 3.9715986e-09 4.516108e-05 0.0016958261 8.38467e-07 1.1392003e-07 1.9487216e-11 2.0671823e-08 0.018157054 0.06432413 0.069000326 2.4449193e-08 0.00039157626 1.4642617e-08 0.0061120465 0.0030943458 2.994851e-09 9.847568e-06 3.2599392e-09 0.00014887696 2.4646345e-09 0.029559646 5.6403624e-05 2.64242e-07 5.6804673e-08 0.023646323 0.0009105571 0.018124383 0.0137951765 1.045887e-10 1.0441279e-12 4.6722533e-07 0.021504045 0.005886545 0.00041578364 0.010041255 0.13388996 1.2698624e-06 0.21180192 0.008486646 0.0031685147
0.7260448 0.36660194 0.7947331 0.31497929 0.0065607373 0.0011600036 7.2564962e-06 0.00022401915 0.9578909 0.011734916 0.006558719 1.2676997e-18 0.020305486 1.7762548e-05 0.00027055648 0.889869 2.7337862e-06 0.000114655355 0.42061156 6.190335e-06 0.31505853 0.07818407 3.192457e-07 0.0004795735 1.0251722e-07 7.3339544e-07 1.0008203e-08 0.00023125132 5.2005023e-09 8.141676e-08 0.00014948062 5.6191035e-10 0.8545782 8.861044e-09 1.1837588e-07 0.000626551 2.980697e-06 0.025687642 0.008160866 0.7014313 7.879554e-05 0.69191736 0.00037561683 0.3852198 0.6746242 2.6055387e-08 1.4975319e-07 2.8117527e-05 0.026528727 2.6700354e-08 6.773167e-09 4.9579576e-08 0.4412876 5.422468e-09 4.487134e-09 0.0003927218 0.0020848298 0.122793056 0.0026549164 0.11583993 0.04781047 4.719918e-09 1.9358694e-08 0.18014471 2.0222977e-07 6.4409242e-09 7.4186217e-09 1.5850838e-09 0.0019488669 0.0009284211 0.002428457 2.5930612e-07 5.4643926e-05 4.338135e-09 0.0052822484 4.1314877e-05 1.4875496e-09 0.0006126209 1.9163826e-09 7.229433e-08 1.6413968e-07 0.0006659336 2.0168175e-06 5.306448e-07 8.24844e-10 2.2923681e-05 0.0046836436 4.002827e-06 8.190553e-06 6.3281185e-08 1.3962951e-11 3.9456722e-08 0.0004837623 0.005869985 0.48155126 0.0014530991 0.0017450963 4.1962886e-07 5.7090758e-05 0.00029282406 7.005954e-07
0.9447 0.27258763 0.09479486 0.8414451 0.56705195 0.26408145 0.18189655 0.039863843 0.011505242 0.9467867 0.11967311 0.020305486 1.0945073e-17 0.002001243 0.87133074 0.0030419962 0.0012388107 0.0003157369 0.00082654116 3.721328e-05 0.783603 0.0014232768 1.4687423e-05 0.71190095 1.5312587e-06 0.0005370052 3.1472126e-05 0.12742878 1.5066627e-07 8.454112e-06 0.08571261 3.484942e-07 0.0010900104 1.3749913e-07 1.3197802e-05 0.45744017 0.014201958 0.7649994 0.00095743703 0.001753038 0.0006602817 0.09245044 0.35436568 0.42628774 0.01776121 2.728539e-07 2.4640238e-05 1.6223576e-05 0.65216345 1.8440241e-07 1.2301722e-06 0.00050235697 0.01771514 3.1785427e-07 8.1469545e-07 7.209642e-05 0.00043864545 0.24023664 0.68443835 0.00011737893 0.4070203 2.8662527e-07 5.9476943e-06 0.014042236 6.447753e-07 7.855247e-08 5.139349e-08 8.6929596e-08 0.00085881376 0.29008535 0.002844494 4.0957372e-07 0.00056681817 1.8480839e-07 0.0002142079 0.13616987 3.6648306e-08 2.6758066e-06 1.916787e-07 0.03156603 2.2614765e-06 0.0007899643 2.9876881e-05 8.456224e-06 2.507373e-07 0.009186357 0.00061665906 0.0036318838 0.012038611 4.4479626e-07 1.3242228e-09 1.2335431e-07 0.00021586078 0.00035041402 0.00024865192 0.00027816452 0.00067896955 0.0006635652 0.0066401977 0.0020063985 0.0034955656
0.95654875 0.01413245 2.7533533e-05 0.0086783655 0.33232415 0.26470926 0.19984478 0.90689886 1.0888285e-05 0.0129433675 0.017681122 1.7762548e-05 0.002001243 9.357318e-18 0.020945242 0.0002613702 0.98144555 0.61298716 7.01074e-05 0.5887033 0.00027200163 0.00041923215 0.36557817 0.008568826 0.10393683 0.5139896 0.6090941 0.1795286 0.062054142 0.09377757 0.035204463 0.21023619 2.3668639e-07 0.015766218 0.26754338 0.003387203 0.23698805 0.00020933896 0.004233297 1.3409953e-06 0.30383298 1.3490746e-05 0.005652306 8.681059e-05 2.3376747e-07 0.001546504 0.15971243 8.2825136e-07 0.00024762584 0.0006212961 0.02259417 0.026288802 3.2532637e-06 0.0076433197 0.001611687 0.025347665 0.0012865755 6.596821e-06 0.000512323 2.0664472e-06 1.874073e-05 1.6464232e-05 0.0058708163 1.0786828e-06 9.458386e-05 3.439746e-05 1.127096e-05 7.26545e-06 0.0041777557 0.0003218946 0.013201731 2.7384662e-05 0.04995215 0.00012624076 1.1287214e-07 0.0018948914 9.4853584e-07 2.455548e-07 5.035845e-05 0.0024791553 0.00038442662 0.0064473045 0.0117563605 0.00011221234 5.843479e-06 4.459909e-06 0.00026211233 2.5072652e-07 3.1108728e-05 4.6852558e-05 6.3564976e-08 0.0041062837 0.0018720652 0.00075671636 2.2113743e-06 0.0013708572 2.1756142e-08 0.00029601168 1.5192937e-07 0.06753586 7.4908494e-06
0.9242475 0.044506237 0.010785574 0.46191522 0.7457456 0.46298748 0.88748115 0.38188013 0.00017231467 0.881382 0.066156395 0.00027055648 0.87133074 0.020945242 8.8873284e-17 0.0003855108 0.0032242117 0.0011762452 2.283592e-05 0.0004067695 0.07756965 0.00018500298 0.0001406107 0.95303005 1.5097611e-05 0.013361648 0.000197775 0.6692475 2.2251782e-06 4.0802755e-05 0.4390194 4.884519e-06 8.612789e-05 2.2170186e-06 0.000119310855 0.659602 0.04143035 0.24780566 8.732099e-05 0.000121768644 0.00082654785 0.0031308793 0.621684 0.028915985 0.0005921745 2.9285643e-06 0.0002556552 6.054293e-08 0.25842172 1.3080535e-06 4.382933e-06 0.0012186826 0.0012784315 6.70874e-07 5.5871496e-06 3.99652e-05 4.5351462e-05 0.018121125 0.52549726 6.5217073e-06 0.1329817 4.1106927e-07 8.198434e-05 0.00034535181 8.734614e-07 3.5115414e-07 4.9031126e-08 1.3022029e-07 0.00011128071 0.28201586 0.0006912345 4.6434687e-07 0.0013078403 2.6195372e-07 2.1472626e-05 0.40464196 2.3388787e-07 1.0171322e-07 3.9986926e-07 0.41563934 9.71594e-05 0.00015337257 8.3795705e-05 6.4135716e-06 2.0704732e-08 0.0059062294 1.0526451e-05 0.0038789557 0.020864613 1.1157697e-06 1.1390524e-09 6.219209e-07 7.720395e-05 1.8119172e-05 8.52965e-05 5.0782513e-05 0.00016123864 0.0012789742 0.0060887896 0.002983743 0.017171273
0.99877703 0.08611812 0.20237552 0.021411946 0.0011458672 0.0017873707 9.084676e-05 0.00063299295 0.8180072 0.002348107 0.007748177 0.889869 0.0030419962 0.0002613702 0.0003855108 3.2928749e-15 0.00012311863 0.0016360943 0.8467369 0.00025512377 0.037480827 0.7179003 2.8165407e-05 0.0002803844 6.278082e-06 0.00014024752 2.3449873e-05 0.00020912825 3.9995967e-07 4.3318087e-06 0.0004947935 1.1885115e-06 0.75641024 1.6888343e-07 1.0588189e-05 0.00013211988 0.0003059474 0.004194811 0.15892024 0.16476187 0.0059053223 0.059527755 0.00017733239 0.17584948 0.34698108 1.0427067e-05 0.00014273338 0.0033171189 0.0019120302 6.495901e-07 5.614803e-06 0.00012541625 0.127988 8.2262443e-07 2.9179191e-05 0.01869506 0.057880733 0.04681825 0.00090912543 0.0062679695 0.0069767614 6.264682e-07 6.605216e-05 0.34871835 2.3786658e-06 8.0207315e-07 2.169942e-07 7.423349e-07 0.08177514 0.00089434185 0.03979182 1.379524e-07 0.0008390926 2.5881302e-05 0.021947086 0.000301749 5.6710498e-08 0.0022161058 9.374945e-08 9.681633e-05 3.561587e-06 0.022248073 0.00015816615 0.00025403366 1.4966217e-06 0.00015922647 0.0071171857 4.8366197e-05 0.00014667427 1.2461362e-06 1.936693e-08 1.4063705e-05 0.02059216 0.008301565 0.66387165 0.011302834 0.0036014074 2.1085603e-05 0.00068210985 0.0025981385 7.763709e-06
0.8885936 0.011187799 2.8408249e-05 0.010292663 0.19507512 0.12883857 0.10963009 0.59148645 1.4157196e-06 0.0061052158 0.008855399 2.7337862e-06 0.0012388107 0.98144555 0.0032242117 0.00012311863 5.9741286e-21 0.26777354 5.264955e-06 0.5286589 2.4708126e-05 0.00016217829 0.5442257 0.001173721 0.099224344 0.441022 0.94461435 0.047940616 0.18596911 0.3701217 0.01692063 0.4454293 4.22353e-07 0.053272635 0.41107756 0.0008164739 0.070621096 1.4902482e-06 0.0005867791 6.406829e-08 0.15576725 2.079735e-08 0.00020651922 1.2636258e-07 4.364561e-09 0.004146033 0.23340212 7.095295e-07 1.489599e-06 0.003099018 0.13318254 0.005512587 1.9267375e-08 0.0677731 0.0028530492 0.0060915397 0.00025432406 1.674909e-07 4.953829e-07 2.8424125e-07 4.2762832e-07 0.00017092806 0.008609595 4.455469e-09 0.0002504781 4.245183e-05 2.4075875e-05 6.2333354e-05 0.0012225129 2.4697654e-06 0.00675799 6.502892e-05 0.056194693 0.001086915 1.7234825e-09 1.2909386e-05 2.1693263e-06 1.507628e-06 0.00036125284 0.00031753693 0.008234939 0.0025761502 0.011740166 0.00019872774 2.028414e-06 4.7640665e-08 4.9745606e-05 1.6152967e-08 1.2594853e-06 7.808578e-05 3.351748e-08 0.003786954 0.00045730858 0.00014545777 2.9916926e-06 0.0002554298 1.3866386e-09 0.00016196995 2.2165956e-08 0.048512667 7.954712e-08
0.9931037 0.06159912 0.0005196882 0.007407304 0.034495376 0.15645027 0.015733093 0.33671197 6.423988e-05 0.0027505613 0.018875895 0.000114655355 0.0003157369 0.61298716 0.0011762452 0.0016360943 0.26777354 9.8369576e-18 0.00028203483 0.9134203 3.296788e-05 0.005686154 0.34093958 0.0003577437 0.6341769 0.86692756 0.054593172 0.003711838 0.103552744 0.04417837 0.00030579398 0.024884976 2.0096915e-05 0.040942438 0.006641302 0.00038126425 0.0031018283 2.7115768e-05 0.0537253 2.3671419e-05 0.8272922 5.2756754e-06 0.00020893828 2.8103856e-05 8.879339e-06 0.08530503 0.00012142539 4.0702093e-05 8.236804e-05 0.0036188595 0.0001631715 0.00027811702 1.4870405e-05 0.00029892827 0.0065470925 0.6187275 0.02239005 1.6683489e-05 8.311054e-05 2.8969778e-06 2.8372831e-05 0.00029509282 0.010734779 1.3614024e-06 0.01653172 0.0002657433 0.00021151673 0.00014976313 0.065447174 6.582389e-05 0.17197822 0.0041680457 0.12830864 0.00020714966 4.334087e-07 0.00019563948 7.050789e-05 1.4614585e-05 0.0024563624 0.00018024957 2.0822505e-05 0.08569293 0.0116479695 7.782676e-05 0.00046320382 8.892881e-06 0.004338072 1.1577588e-06 5.807415e-05 3.4825207e-05 1.3254347e-05 0.009905203 0.03685759 0.02806847 1.2927496e-05 0.02998481 8.6047174e-07 4.2547376e-06 3.905525e-06 0.10968268 6.5986774e-06
0.30813 0.05765798 0.20962182 0.008439721 0.0007564032 0.00015721453 4.4440812e-06 0.00034663075 0.8722943 0.0006259687 0.00028433255 0.42061156 0.00082654116 7.01074e-05 2.283592e-05 0.8467369 5.264955e-06 0.00028203483 1.798285e-16 0.00010160275 0.00335446 0.98332983 7.5469015e-06 2.1986656e-05 1.4984006e-05 1.0672454e-05 2.4672547e-05 4.147379e-06 6.803988e-06 3.6122252e-05 4.7616327e-06 3.264371e-06 0.39654353 6.0270504e-06 5.448976e-06 2.9214776e-05 1.0021603e-06 0.0002342034 0.084052354 0.014869648 0.0014261036 0.0042473087 7.939812e-06 8.0140264e-05 0.009211562 5.7150596e-06 2.8175737e-06 0.10725758 4.8834874e-05 6.0547145e-06 3.752706e-06 2.6879861e-06 0.0028728605 2.2836485e-07 1.0432308e-07 0.008553114 0.05416254 4.3825066e-06 1.6728896e-05 0.893064 0.00010273603 1.2702603e-07 9.8336e-07 9.0956164e-05 4.9533006e-05 1.550642e-06 1.4596943e-08 9.938357e-08 0.02232 3.7119403e-06 0.0060725724 3.914163e-05 0.000113361086 1.4117012e-07 9.373471e-06 4.1613803e-06 1.9476629e-07 0.06386079 3.1728237e-06 2.312288e-08 1.8441524e-07 0.004168413 6.646038e-06 2.1319855e-05 3.24082e-05 7.683789e-06 0.07883271 9.157596e-07 1.8626097e-06 1.7871342e-07 1.9494557e-09 2.7492693e-08 0.004614475 0.053168345 0.010057816 0.016546508 1.36121225e-05 1.8896767e-06 3.6769645e-06 0.00015736063 5.8039404e-08
0.9507667 0.005676948 7.947362e-05 0.001136673 0.009056956 0.024656845 0.00649464 0.24544995 7.2269177e-06 0.00046703202 0.005560654 6.190335e-06 3.721328e-05 0.5887033 0.0004067695 0.00025512377 0.5286589 0.9134203 0.00010160275 6.070975e-17 3.9345573e-06 0.0018204692 0.92057663 6.18963e-05 0.8566248 0.8057951 0.27649805 0.0019810623 0.29475772 0.21598859 0.00015267298 0.121237434 8.4252815e-06 0.13723706 0.028011858 9.2471804e-05 0.0037701053 3.242225e-06 0.008984529 3.7898797e-06 0.5133121 6.846129e-07 3.5733574e-05 7.1515e-06 6.7467874e-07 0.13379395 0.0004909849 1.3190315e-05 8.173807e-06 0.013115099 0.0009957532 0.00044566655 1.5127264e-06 0.0024601014 0.008502419 0.1416901 0.00406043 5.5100368e-06 2.630363e-06 7.232537e-06 8.145039e-06 0.0009605732 0.019114537 1.4118459e-06 0.01888822 0.0014958614 0.00062942656 0.0003178772 0.014576183 4.0646178e-06 0.029771045 0.002945037 0.108083606 0.00027881813 3.49196e-08 1.6715405e-05 0.00012485917 4.869041e-06 0.0033535436 1.8929748e-05 8.477037e-05 0.016519925 0.022711148 0.00012826924 0.00082531077 2.6566092e-06 0.0017113995 9.1962255e-07 1.2719284e-05 3.6477537e-05 2.0920974e-05 0.01207171 0.0073673096 0.006582801 1.9528241e-05 0.006541313 1.0119173e-07 1.10281535e-05 1.7190235e-06 0.08744787 5.298327e-07
0.9740966 0.5664983 0.5812336 0.6081652 0.054705355 0.11646234 0.03235548 0.015789496 0.124801435 0.40277442 0.02105685 0.31505853 0.783603 0.00027200163 0.07756965 0.037480827 2.4708126e-05 3.296788e-05 0.00335446 3.9345573e-06 1.1171813e-16 0.0012210793 5.7806574e-06 0.097696245 4.3307693e-07 0.00031346572 2.9048556e-07 0.005883365 3.1844837e-07 2.737885e-06 0.008333098 1.8775513e-08 0.031590622 2.3986243e-07 6.5796274e-07 0.0862047 0.00016846771 0.92658746 0.0036668328 0.10736816 0.00085946923 0.82751304 0.071428455 0.7665961 0.37260696 3.5169254e-08 2.2728364e-06 0.00016828225 0.57263356 1.1651718e-07 1.8413705e-07 6.233213e-06 0.3087836 4.5030603e-07 3.8341275e-07 0.00013460987 0.0015310566 0.466639 0.14029466 0.000260207 0.4053453 9.7023225e-08 9.73674e-06 0.1252066 2.623052e-07 3.427968e-08 1.5177433e-08 2.6202708e-08 0.0027593141 0.028763998 0.006710638 4.146987e-08 0.00055500504 7.446723e-08 0.0023188558 0.010301295 2.4866443e-08 0.00010672143 8.286187e-07 0.000117407806 1.11140125e-07 0.0027335868 5.410159e-05 9.351603e-06 2.0333344e-07 0.0010511233 0.011217174 0.00011878679 0.0005448542 4.0589118e-08 8.542751e-10 2.9155672e-06 0.0002955567 0.0015887048 0.001883369 0.0010286068 0.0043910607 9.535884e-06 0.0007787124 0.0052332575 7.796932e-05
0.9637983 0.061302014 0.10602003 0.010368613 0.0024602108 0.0019098544 2.9615667e-05 0.00058509264 0.32654595 0.00084940024 0.0024206578 0.07818407 0.0014232768 0.00041923215 0.00018500298 0.7179003 0.00016217829 0.005686154 0.98332983 0.0018204692 0.0012210793 7.99657e-17 0.0003689364 1.2065987e-05 0.00019697186 0.0003363184 1.7307424e-06 2.7781402e-06 3.2805497e-06 1.8877962e-06 7.9135015e-07 1.3929596e-07 0.015441351 1.0880464e-06 9.879838e-07 1.4791737e-05 8.762405e-07 9.279815e-05 0.8662567 0.0030077675 0.023568993 0.001606134 3.3132063e-05 0.00041857772 0.0007846152 4.377413e-05 2.0851775e-07 0.50076914 6.3196e-05 3.4236373e-07 2.0153936e-07 1.6729444e-06 0.0007342454 1.581884e-07 1.2615981e-05 0.15402772 0.6795557 2.5724086e-05 3.5383033e-05 0.025884284 4.738369e-05 1.655593e-07 9.831603e-05 0.0004360732 3.7617017e-05 2.5331042e-07 1.8528432e-09 1.664799e-08 0.32736316 1.2192836e-05 0.09995568 1.1911695e-05 0.0013481028 2.33867e-08 2.4935254e-05 4.748255e-06 3.7255106e-09 0.026950806 1.6360231e-06 2.9591373e-08 1.3419758e-07 0.0990625 0.0002900677 3.9916044e-06 1.5191582e-06 6.7659755e-07 0.5912625 1.2398028e-06 1.8664291e-06 4.3312337e-08 4.752318e-10 2.5347814e-05 0.21022393 0.6149634 0.003307068 0.43551025 1.3505348e-06 3.8181383e-07 9.835832e-07 0.003054971 2.9447403e-08
0.8907589 0.0007795624 1.6238853e-05 0.0003433881 0.001641368 0.0042763897 0.001474265 0.07967435 1.4214578e-07 0.00012323786 0.0007977311 3.192457e-07 1.4687423e-05 0.36557817 0.0001406107 2.8165407e-05 0.5442257 0.34093958 7.5469015e-06 0.92057663 5.7806574e-06 0.0003689364 3.3169622e-18 1.9664834e-05 0.94560856 0.4719758 0.66542774 0.0009027416 0.6842748 0.6130462 6.394642e-05 0.5502458 5.4231637e-06 0.5416577 0.13077115 5.6595607e-05 0.0014435141 1.1116796e-06 0.0027241 1.6106037e-06 0.15290232 9.171513e-08 1.3374848e-05 2.2592873e-07 8.44621e-09 0.23794904 0.002005313 1.4892433e-05 1.1976241e-06 0.0935288 0.006027174 0.00023094409 4.1423408e-07 0.035617623 0.0065973313 0.023113735 0.0006386896 1.3307143e-06 6.874799e-07 2.1729873e-06 1.7121487e-06 0.013940323 0.0121090785 1.2713413e-07 0.093639895 0.009873551 0.0042286487 0.003484963 0.0018414314 8.561898e-07 0.008633422 0.011290321 0.076124705 0.001658568 1.2159225e-08 2.178941e-06 0.00072234037 4.9891487e-06 0.008803563 2.190025e-07 0.00019319708 0.0040884106 0.018254954 0.00021223426 0.00074757845 1.11754446e-07 0.0006691265 3.0185186e-07 6.426548e-07 1.5707852e-05 2.8738099e-05 0.0073539373 0.0020595025 0.0028894122 6.4438154e-06 0.0018678237 2.2460677e-08 1.5695535e-06 2.3212395e-07 0.058334514 3.295708e-08
0.81389254 0.014043395 0.0049181557 0.15619548 0.33151096 0.2920167 0.7182727 0.23263805 0.00018368078 0.6753927 0.01231605 0.0004795735 0.71190095 0.008568826 0.95303005 0.0002803844 0.001173721 0.0003577437 2.1986656e-05 6.18963e-05 0.097696245 1.2065987e-05 1.9664834e-05 6.551931e-17 2.0673165e-06 0.0035243074 2.1706537e-05 0.7384978 6.049737e-07 1.0152619e-05 0.53297234 2.1508473e-07 1.7284701e-05 1.668605e-07 2.3285475e-05 0.9463868 0.05464712 0.32230315 6.2183135e-05 1.6980724e-05 0.00055274507 0.0009296074 0.6125627 0.009879815 8.323237e-05 6.0592583e-07 4.3965196e-05 1.1331093e-06 0.2510402 1.4141669e-07 1.051239e-06 0.0018566281 0.0004909476 2.2629207e-07 3.7075922e-06 1.72465e-05 1.5390026e-05 0.013507939 0.28459817 1.1430903e-06 0.06824712 1.2833804e-07 4.009542e-05 7.413057e-05 1.3343124e-07 2.0524641e-07 5.177294e-09 1.7967185e-08 5.126057e-05 0.12257051 0.00027940056 2.983114e-08 0.0008116226 1.3540788e-08 5.777336e-07 0.25877059 8.361197e-08 9.899644e-07 1.2102105e-07 0.3588792 2.0363832e-05 0.00017318568 4.550205e-05 3.4217005e-06 1.469676e-08 0.003948745 4.3081545e-05 0.0012918068 0.014134736 1.6785675e-07 2.2086509e-10 2.0463624e-07 4.4286153e-05 8.122574e-06 3.406026e-05 2.6174223e-05 4.3338354e-05 0.008106715 0.0014659183 0.00084707455 0.0153033845
0.976508 0.0002772389 1.6640244e-06 2.063939e-05 0.00037005855 0.0006973146 0.0002162242 0.006786216 9.474533e-08 8.975544e-06 0.00012878184 1.0251722e-07 1.5312587e-06 0.10393683 1.5097611e-05 6.278082e-06 0.099224344 0.6341769 1.4984006e-05 0.8566248 4.3307693e-07 0.00019697186 0.94560856 2.0673165e-06 1.8164799e-16 0.80522215 0.09175688 0.00016743652 0.6518264 0.27607894 2.9856745e-05 0.13876244 9.0523827e-07 0.5489449 0.020778893 8.712547e-06 0.000121228004 2.2379696e-07 0.005548947 2.8440994e-07 0.6601499 2.8931828e-07 3.8960166e-06 5.675846e-07 2.7981983e-07 0.5757317 0.00011143014 1.3637492e-06 1.4244073e-06 0.09381779 0.0007114196 1.39930125e-05 1.46936e-07 0.0034047174 0.024092793 0.14590253 0.0017318825 3.0679985e-07 4.469168e-07 6.8399754e-07 3.7955388e-07 0.01021614 0.05912527 5.472405e-08 0.33217046 0.033297095 0.0025007308 0.00177646 0.009245912 9.015895e-07 0.031427067 0.113635324 0.34904158 0.00043376352 2.4371767e-08 1.7399753e-06 0.0019424941 4.6351133e-06 0.042260364 1.13961434e-07 3.384455e-05 0.021301795 0.0891022 3.6984475e-05 0.0064073005 2.816527e-07 0.00073503045 7.507935e-08 7.086963e-07 3.7920638e-06 0.00020601232 0.060178414 0.010626007 0.005666071 7.1944766e-07 0.005979989 1.15979875e-08 3.7566463e-07 1.3369606e-07 0.21070528 3.167505e-08
0.9967378 0.0019433429 7.833852e-06 0.0017315424 0.011902823 0.016128326 0.017987095 0.08281271 2.18869e-06 0.004700321 0.0027292133 7.3339544e-07 0.0005370052 0.5139896 0.013361648 0.00014024752 0.441022 0.86692756 1.0672454e-05 0.8057951 0.00031346572 0.0003363184 0.4719758 0.0035243074 0.80522215 3.3702387e-14 0.4446718 0.024837162 0.45519784 0.38028792 0.0018346118 0.268025 2.3685552e-05 0.3428353 0.24616294 0.0014936161 0.030970298 0.00043769646 0.00800958 4.226953e-06 0.86769867 8.35871e-06 0.0024828096 0.00032661806 2.2818015e-06 0.16545175 0.12272248 7.932002e-06 0.0008529773 0.24199325 0.012071369 0.0058842096 2.2395132e-05 0.014434318 0.01022758 0.54522884 0.0037685728 0.00029092765 0.0012160885 2.1147325e-07 0.0002836078 0.021583974 0.015231486 4.606758e-05 0.13202281 0.0407051 0.005548828 0.009428474 0.016344834 0.001475011 0.119337246 0.0067858053 0.4728121 0.013775948 1.0020123e-06 0.0045115007 0.009913062 4.4294748e-06 0.0024444058 0.0020484 0.0008830857 0.051522233 0.035175577 0.0029044347 0.027807813 0.00012525727 0.0012985349 1.923612e-05 0.00041482912 0.00019334914 0.0010943987 0.0030270417 0.011918838 0.0038339398 0.0007866092 0.0057802964 3.1562581e-06 5.7649206e-05 2.7855089e-05 0.38065547 0.00013665562
0.917691 0.00019297187 2.941155e-07 9.134273e-05 0.0015830416 0.0038942376 0.0010465791 0.061237663 7.2446547e-09 9.66359e-05 0.0010081386 1.0008203e-08 3.1472126e-05 0.6090941 0.000197775 2.3449873e-05 0.94461435 0.054593172 2.4672547e-05 0.27649805 2.9048556e-07 1.7307424e-06 0.66542774 2.1706537e-05 0.09175688 0.4446718 1.1552762e-17 0.0019594121 0.5040319 0.78684264 0.0008719351 0.9071761 1.1032314e-06 0.38923264 0.9635624 2.150562e-05 0.010121872 2.476545e-07 0.0002573421 1.3612069e-07 0.10475244 5.3972517e-08 5.493483e-06 3.8403503e-08 4.596225e-09 0.004500813 0.1782716 6.367568e-07 5.228645e-07 0.07039944 0.15853247 0.0031830661 3.5915906e-07 0.14499676 0.0032201558 0.0019210208 3.0486175e-05 5.331707e-08 2.0447725e-07 7.472302e-05 3.7511472e-07 0.0058950335 0.007963359 8.320546e-07 0.00020295693 0.000401225 0.0013186171 0.0023640376 0.0003486922 1.4211521e-06 0.0024739604 1.3928906e-05 0.084588364 0.0075847604 4.7519876e-08 1.7196073e-06 2.1478381e-05 1.0145916e-06 9.820217e-05 1.35382e-05 0.0029558914 0.0008075969 0.0131457215 0.0030062762 9.957607e-06 1.5685315e-06 1.5094242e-05 1.2592685e-07 3.9928836e-06 0.00037321198 4.3720956e-06 0.0041693794 0.00028828424 3.8233637e-05 3.6988284e-05 0.00012128987 2.638663e-07 0.00014772177 5.0279124e-07 0.040864024 2.7060122e-07
0.5753094 0.015423072 0.0013937231 0.15228622 0.61469615 0.122637846 0.81253093 0.5882066 3.1173917e-05 0.4885062 0.0021753088 0.00023125132 0.12742878 0.1795286 0.6692475 0.00020912825 0.047940616 0.003711838 4.147379e-06 0.0019810623 0.005883365 2.7781402e-06 0.0009027416 0.7384978 0.00016743652 0.024837162 0.0019594121 6.7664315e-19 6.9333866e-05 0.0013461239 0.98339504 6.1509985e-05 1.9744145e-06 1.6889471e-05 0.0037458017 0.52216285 0.9654294 0.0024190356 0.001475797 6.741655e-07 0.0035849113 6.6794506e-05 0.14064573 6.862681e-05 3.944177e-07 3.0272653e-05 0.021720143 2.357984e-06 0.0040615415 1.2467436e-06 0.00012925283 0.1617506 4.5972603e-05 4.857687e-06 3.1661963e-05 0.00019648761 0.00039708798 7.208632e-05 0.0108202305 3.8236863e-06 0.0010553098 1.9399465e-06 0.00053027476 3.4684156e-08 1.6688884e-07 6.556618e-06 1.00615885e-07 2.9778387e-06 0.00017271462 0.007111741 0.0016324255 3.6292516e-07 0.0055327355 2.0608384e-06 5.1431734e-08 0.04494363 1.9106403e-05 2.067023e-06 4.706328e-06 0.3779274 0.0054819314 0.0007547003 0.001532467 9.5654716e-05 1.821293e-07 5.5216547e-05 0.000109663866 2.3555105e-05 0.0010684717 0.00078907737 3.0991682e-08 7.662842e-05 0.0001774026 9.889219e-05 1.6218484e-05 0.00014671581 5.0278976e-07 0.15572605 4.9802136e-05 0.0025245876 0.0049835066
0.95456195 6.605307e-06 1.4069479e-08 2.1684887e-06 1.0398943e-05 2.992356e-05 1.1338957e-05 0.0010995317 3.5295017e-10 1.4752663e-06 2.4536406e-05 5.2005023e-09 1.5066627e-07 0.062054142 2.2251782e-06 3.9995967e-07 0.18596911 0.103552744 6.803988e-06 0.29475772 3.1844837e-07 3.2805497e-06 0.6842748 6.049737e-07 0.6518264 0.45519784 0.5040319 6.9333866e-05 1.6550154e-16 0.8480148 1.4663938e-05 0.7494409 4.3212023e-07 0.95631313 0.50718445 3.814559e-06 0.0009213714 1.1571687e-07 0.00012000501 7.2441844e-09 0.15204929 8.621425e-09 1.5513874e-06 1.1741261e-08 1.0120422e-08 0.24077812 0.075608596 1.1317588e-07 1.011024e-07 0.6976028 0.07537629 9.7627235e-05 1.47345665e-08 0.39958468 0.034881543 0.0031965196 6.534361e-05 9.374301e-08 1.371297e-07 8.84926e-06 1.3457809e-07 0.44649664 0.042733803 1.9175766e-07 0.06643967 0.17233065 0.1320214 0.27672324 0.00047897975 1.0503366e-07 0.001999548 0.00907513 0.12483881 0.1272216 6.667981e-09 5.417516e-07 0.062295046 5.099726e-07 0.005731071 1.9143792e-07 0.0004955493 0.0010541897 0.029808657 0.0184988 0.021820776 5.9360485e-08 1.2406265e-05 2.449615e-08 3.9020645e-07 8.9411275e-05 0.006903758 0.014384084 0.00058528915 0.0002703865 2.107351e-06 0.00036925654 1.3355441e-08 5.54113e-07 3.7853066e-08 0.07180755 9.4312064e-08
0.9535876 5.747181e-06 1.0502604e-07 1.2951176e-05 5.2697244e-05 0.00023068326 2.8858445e-05 0.002804503 2.6668727e-09 2.0984256e-05 0.00052828225 8.141676e-08 8.454112e-06 0.09377757 4.0802755e-05 4.3318087e-06 0.3701217 0.04417837 3.6122252e-05 0.21598859 2.737885e-06 1.8877962e-06 0.6130462 1.0152619e-05 0.27607894 0.38028792 0.78684264 0.0013461239 0.8480148 6.0742854e-14 0.0009523129 0.94913065 7.4306554e-06 0.81240594 0.89099216 6.5675034e-05 0.013735695 1.7131285e-06 0.00011602304 7.176676e-08 0.038624376 1.0493629e-06 2.6613854e-05 1.8936663e-07 5.893301e-07 0.03411217 0.49978417 6.4002705e-08 1.0653332e-06 0.6805192 0.3345663 0.005209259 3.088691e-06 0.684876 0.033158757 0.00055354316 5.2956853e-05 8.126499e-07 1.7894408e-06 8.606204e-05 6.8753466e-06 0.5771261 0.035323564 1.3535339e-06 0.008503182 0.07011517 0.2255826 0.35259145 0.00019954568 4.382478e-06 0.0014360035 0.0004909071 0.06276045 0.3753962 2.2871924e-07 7.3892234e-06 0.036231637 1.0896736e-06 0.0008305136 4.0967666e-06 0.003988547 0.0007173584 0.012760137 0.13146849 0.007845793 5.5286123e-06 6.783915e-06 1.3215592e-06 1.0546597e-05 0.0020130416 0.0035934893 0.0029523566 0.0004332546 5.924165e-05 0.00041000047 0.00014395385 1.7043615e-06 8.6256536e-05 4.379081e-06 0.04852322 5.8569467e-06
0.07539937 0.0073658377 0.0005583158 0.023881098 0.22417066 0.03426587 0.43322307 0.2344168 1.3106853e-05 0.1224124 0.00073653104 0.00014948062 0.08571261 0.035204463 0.4390194 0.0004947935 0.01692063 0.00030579398 4.7616327e-06 0.00015267298 0.008333098 7.9135015e-07 6.394642e-05 0.53297234 2.9856745e-05 0.0018346118 0.0008719351 0.98339504 1.4663938e-05 0.0009523129 6.217573e-18 1.0547875e-05 1.6306034e-05 1.3161452e-05 0.0049242824 0.6065096 0.9826284 0.004819719 0.00018968016 6.0418233e-06 0.00074027834 8.419414e-05 0.19726896 8.9397894e-05 4.818843e-07 4.4898695e-07 0.012050665 1.8505532e-05 0.0043977094 3.584176e-07 0.0001016389 0.39231956 2.0210351e-05 8.132325e-06 9.5835285e-06 1.948889e-05 3.7265163e-05 8.883959e-05 0.005763428 7.6313734e-07 0.0033135414 1.7520944e-06 0.000106675136 5.258399e-07 1.3433714e-07 5.9653717e-06 1.0113456e-08 3.104302e-07 5.5805867e-05 0.0081993425 0.00022345371 6.050795e-08 0.0010962806 6.9098394e-07 4.450069e-08 0.06380662 9.209645e-07 4.6497685e-06 6.970027e-07 0.45976418 0.0049660434 0.00016379106 0.00016615396 1.2208928e-05 1.1791044e-07 0.0003954009 2.8222166e-05 0.00012682505 0.0026656887 0.00030390575 3.0360038e-08 1.4425192e-06 6.589317e-05 1.3759515e-05 2.2571037e-05 2.7876853e-05 1.1614603e-06 0.7005383 0.00015105396 0.0008871987 0.038765594
