6.330192e-20 0.38594842 0.04425249 0.56844074 0.029606732 0.00597988 0.91212296 0.5534297 0.1849663 0.98984885 0.000617399 0.9447855 0.26060325 0.72883767 0.87342656 0.00074785826 0.20834367 0.01446791 0.9085813 0.32507446 0.9941186 0.00090668164 0.0034264831 0.9489796 0.004772521 0.017309554 0.1749447 0.7167642 0.005837333 0.79136586 0.8741064 0.9767076 0.96258545 0.0011824428 0.9074872 0.012910568 0.40769607 0.9406541 0.2776876 0.9702181 0.41934288 0.037679914 0.9727146 0.99305665 0.5732488 0.8696733 0.98464495 0.89839303 0.2911977 0.97423744 0.00076078845 0.9901548 0.90577006 0.9780036 0.96298796 0.8647028 0.9473802 0.008845274 0.020640481 0.67149144 0.23245911 0.008899889 0.914678 0.952212 0.09179949 0.008400566 0.9906191 0.91536015 0.9888325 0.9895048 0.70455277 0.95997286 0.16200785 0.0061423476 0.7953882 0.06827786 0.98602366 0.94797915 0.0049698735 0.9525499 0.95075315 0.9856036 0.7752773 0.90599626 0.7945384 0.99303985 0.93916434 0.011073979 0.47506747 0.0057439567 0.047227398 0.28848937 0.9972359 0.00070193806 0.99789995 0.9997287 0.8322348 0.031792566 0.9998222 0.9404076 0.9976574
0.38594842 1.0435669e-15 0.9924997 0.90788424 0.7393516 0.5995522 0.68794763 0.21458884 0.19241919 0.63188434 0.246389 0.20400147 0.033033296 0.015205833 0.055132523 0.2796026 0.1863283 0.040901735 0.07859479 0.0034938212 0.16266614 0.032210078 0.06574177 0.4207213 0.0025597555 0.0072288928 0.00014293742 0.00013789763 0.00028038013 0.017857265 0.015203774 0.0029169146 0.27682015 4.335493e-05 0.0024334888 9.724638e-06 0.0006790097 0.0007572473 1.0700929e-05 0.167584 8.179449e-05 0.001091946 0.004576797 0.00058008253 4.1061153e-06 0.0029533792 0.0015163539 0.00053820945 4.896209e-07 3.0348503e-05 1.7288882e-06 0.007483895 0.00025512304 2.3371887e-05 0.00069591054 7.0733145e-06 1.5929125e-05 5.469395e-06 2.8092254e-05 3.254013e-07 2.7472145e-06 5.1085494e-06 4.70428e-05 2.3134317e-05 9.432281e-09 2.0493601e-07 8.6215e-05 1.2384314e-05 0.00032616267 1.9357265e-07 4.4044205e-06 4.5957262e-05 7.5933326e-07 1.2459366e-06 7.841536e-06 1.1067348e-05 0.0028548362 9.059983e-05 9.690002e-07 1.2069831e-05 2.2651966e-07 0.0005021534 6.917316e-07 4.0771733e-06 7.994034e-07 3.0109744e-05 2.9787532e-06 7.75557e-06 3.6194336e-08 1.3212095e-07 3.0279205e-07 1.3634364e-07 0.00010259621 2.3879312e-07 0.00080094003 0.0005289139 1.6135054e-07 9.1306305e-09 0.00046526917 1.9315091e-07 0.0024762878
0.04425249 0.9924997 3.5465253e-15 0.834803 0.8320629 0.88124794 0.4483106 0.08063261 0.60278624 0.095437594 0.4586782 0.058878377 0.16182838 0.035628956 0.011370254 0.34633428 0.20250039 0.4167604 0.027290989 0.022348525 0.058050744 0.1633614 0.037450206 0.12800744 0.019744506 0.0041883932 0.0027798167 0.0005614822 0.0017435004 0.007702098 0.005097371 0.0007920543 0.04587761 0.0006279738 0.0055635027 9.283976e-05 0.000712347 0.0011443438 7.719482e-05 0.02423916 0.00010571304 0.00021058542 0.001938764 0.0012918026 1.963252e-06 0.0017940949 0.0005716145 0.0005471101 2.184417e-08 1.8483554e-05 1.2627958e-05 0.000964449 0.00042696783 0.0004973233 0.00024532416 9.15726e-06 5.980636e-05 1.5440273e-05 1.2655482e-05 1.0184329e-07 2.3672026e-05 8.734423e-07 9.97825e-05 2.1929594e-05 1.7144377e-08 4.4517137e-09 2.6726504e-05 2.887348e-05 4.830111e-05 7.043464e-07 2.3210692e-05 4.043221e-05 2.771663e-07 1.0700643e-07 2.5228978e-06 5.3022777e-06 0.00042494803 9.3054805e-05 8.286294e-08 1.6700187e-05 6.044743e-07 0.00018287955 6.302164e-07 3.0713286e-06 4.5125244e-06 2.8659766e-05 4.158302e-06 2.8804967e-05 1.9966842e-08 3.7633644e-08 2.2199085e-08 1.1246394e-07 0.0001670413 8.27394e-07 0.00032478265 6.788164e-05 4.980136e-06 6.000491e-08 0.0002387484 8.268848e-08 0.000659837
0.56844074 0.90788424 0.834803 9.8873146e-14 0.61389554 0.2867687 0.9184175 0.9142736 0.3672418 0.9224984 0.04244071 0.72045827 0.140666 0.0105633885 0.55678076 0.0383481 0.52478707 0.01746281 0.5409128 0.009044587 0.5096582 0.00298245 0.044420645 0.1850085 0.0012520616 0.012948244 0.0008316922 0.00036971975 0.0004069305 0.05292553 0.04807396 0.008742553 0.14426783 7.930576e-05 0.0012990668 2.9437311e-05 0.0074344627 0.0029370307 5.035456e-05 0.053718712 0.0016914094 0.004356272 0.02593244 0.0055661374 7.13915e-05 0.0017058317 0.002283087 0.0006924286 5.618614e-07 0.00021958421 7.666719e-06 0.042503484 0.0036811314 2.7200695e-05 0.004370049 0.00017946176 0.0013285207 3.0627307e-05 3.085213e-05 6.2032723e-06 2.5617786e-05 1.4072949e-05 4.8251663e-05 0.00030928917 3.3995548e-07 4.2349697e-08 0.00012953159 0.00018772382 0.0033935725 2.0024234e-07 3.9840306e-05 0.0006645528 5.6946355e-06 3.3390992e-07 1.4643352e-05 1.6364125e-05 0.0034210496 0.00083698746 2.8541933e-07 0.00034894602 1.2350405e-05 0.001239748 9.765848e-06 0.00024916368 0.00013020447 0.00093761797 3.14805e-05 7.2135765e-05 2.0710877e-06 5.1427537e-07 1.2656526e-06 2.9038804e-07 0.001180319 2.9291465e-07 0.0024745692 0.0013068859 9.036133e-07 9.4296286e-07 0.0015884042 2.5045945e-06 0.0076078195
0.029606732 0.7393516 0.8320629 0.61389554 3.6127734e-18 0.9565977 0.18736191 0.14534576 0.08308991 0.48059282 0.74638426 0.03250859 0.010118456 0.0016610574 0.036359116 0.9183195 0.9410169 0.026283618 0.16393334 0.00032343037 0.056066822 0.12881905 0.81820387 0.043161042 0.00093132094 0.501503 3.5018118e-06 1.0677158e-05 2.6017262e-05 0.005326854 0.0040613674 0.0026445608 0.012029975 1.2876888e-05 4.6343244e-05 7.11632e-06 0.014359331 0.01117375 1.4442755e-06 0.002537539 0.0051703374 0.49743795 0.00060717156 0.0005410977 0.0062643094 0.0004081562 0.001972493 4.592462e-05 0.0015829079 0.00035482718 4.794568e-06 0.00075752294 0.00013323766 9.457222e-07 9.55814e-05 6.273303e-07 6.0286657e-06 2.8097113e-06 3.3149043e-08 2.8160127e-06 1.1419158e-06 0.0002693647 3.788958e-06 0.00025461358 4.714117e-08 3.1701315e-06 4.0984e-06 3.7490805e-05 0.00012548325 8.251438e-08 2.5949946e-06 5.672205e-05 5.4866065e-05 2.1488583e-07 1.6495011e-06 1.640346e-06 0.00016233195 1.5233126e-05 6.0262364e-09 1.0413323e-05 8.865237e-07 0.000108074426 2.4109247e-06 2.025556e-07 1.0351143e-05 9.423322e-06 9.674697e-06 8.833805e-06 2.6886458e-09 1.952321e-07 4.2411725e-07 2.2897963e-07 4.7803493e-05 1.703258e-08 0.00066070847 9.737488e-05 3.04104e-06 3.8480474e-07 9.598122e-05 1.5118876e-07 0.00045868708
0.00597988 0.5995522 0.88124794 0.2867687 0.9565977 4.2836743e-15 0.09578487 0.017689392 0.33288833 0.04961261 0.9774945 0.009027309 0.020269986 0.028202482 0.0037245054 0.92592 0.15618679 0.3129889 0.01419853 0.00610786 0.0067885495 0.5736107 0.20408303 0.029836994 0.013262948 0.00467932 0.0008800385 0.00039251245 0.0013108104 0.0024623538 0.0019467762 0.000812569 0.007888743 0.0018154336 0.001032166 0.00025374093 0.0007022471 0.0009682963 0.00013832068 0.0037708269 0.00069834874 0.0036716857 0.00011878406 8.922788e-05 6.883098e-05 0.0015782276 0.00013245395 0.000321781 5.772459e-06 6.101411e-06 6.4899126e-05 0.0001459164 0.00026094928 0.00016843526 7.3426265e-05 3.5090514e-05 9.707382e-05 1.3536432e-05 7.1512244e-05 2.6109427e-07 3.468275e-05 1.7693957e-05 8.2802944e-05 4.38416e-05 7.4747994e-08 1.0003494e-07 0.00030582928 5.389987e-05 3.3634245e-05 6.12241e-05 0.00017050866 3.1691536e-05 2.413734e-06 3.7861104e-05 6.0157327e-06 9.022859e-06 0.000114717805 1.8997966e-05 5.894414e-07 1.5025805e-05 4.7878516e-06 7.0455935e-05 5.790956e-07 6.1717433e-06 1.2873112e-06 1.0857147e-05 7.2472125e-05 0.00011463416 1.5891207e-07 5.34006e-07 2.90557e-07 9.0134705e-07 6.188291e-05 2.4791243e-06 0.0007264241 1.25854585e-05 0.0005327827 1.8181753e-06 0.00019892132 9.69143e-06 0.00033990253
0.91212296 0.68794763 0.4483106 0.9184175 0.18736191 0.09578487 7.200044e-14 0.7237839 0.5214424 0.33526683 0.024973636 0.9793068 0.48472023 0.13757603 0.3775792 0.021573484 0.05009633 0.045566596 0.04052627 0.04729127 0.44297057 0.006985677 0.006843846 0.70986605 0.007274363 0.0024768664 0.0050069448 0.0052189413 0.0019953037 0.08372841 0.10843757 0.0019371329 0.4836013 0.00026695136 0.01744901 0.00038905846 0.0007761585 0.0002093376 0.0006220817 0.23517025 0.00019282303 0.0002151979 0.06991534 0.00901358 4.890063e-07 0.0055229217 0.0003776383 0.00410252 3.4207964e-08 5.0357343e-05 1.091247e-06 0.16038358 0.0018423217 0.0007664619 0.009242606 0.00071656756 0.00090970524 0.00019202277 0.0006824254 5.909961e-07 0.000101981444 2.5956297e-05 0.00041101465 0.0008174829 1.00360595e-07 1.262739e-07 0.0004606848 0.00013989018 0.009583497 3.157688e-06 5.901603e-05 0.0001360433 1.9035298e-06 6.125651e-07 0.00032022005 2.629908e-05 0.013965719 0.0006082251 9.631956e-07 0.00039814634 8.266207e-06 0.0005267366 3.411108e-06 6.6824075e-05 5.4580146e-06 0.00072847586 0.00042163828 4.1648407e-05 4.6819235e-07 6.0581975e-08 3.3159372e-07 2.4354108e-08 0.0007370169 5.127983e-07 0.0015193518 0.0032977804 9.384646e-07 1.4164777e-07 0.00043600664 2.1578964e-07 0.006591945
0.5534297 0.21458884 0.08063261 0.9142736 0.14534576 0.017689392 0.7237839 2.779961e-17 0.02410583 0.94101715 0.0041324887 0.8818558 0.015062041 0.0013797056 0.9365536 0.0047044395 0.16871777 0.001913629 0.82708967 0.0012206676 0.7869689 0.00010180673 0.0095691085 0.115040556 0.00020991174 0.00408843 0.00025080916 0.0002723692 8.1621736e-05 0.16445185 0.13043481 0.15487656 0.044721045 7.400733e-06 0.0012241855 6.3044513e-06 0.0073963455 0.003274183 6.716192e-05 0.009314195 0.0023649284 0.0006333924 0.16467439 0.03974641 8.36539e-05 0.0013589853 0.0029621616 0.0005501993 2.3449525e-06 0.0015355705 8.9118636e-08 0.10318518 0.042516507 0.00013498281 0.023858458 0.0008827157 0.0077068266 1.4777377e-06 6.9820458e-06 6.1559604e-06 1.5647134e-05 1.1979126e-05 8.990618e-05 0.0007384001 4.11624e-07 1.0511242e-07 8.865213e-05 0.00048003608 0.0127204005 7.9273474e-07 4.100791e-05 0.00069309137 7.0218516e-06 1.1141774e-07 4.780718e-05 1.3891025e-06 0.011077528 0.0032118273 1.1333693e-07 0.0010543998 0.00012366405 0.0021424876 1.1188412e-05 0.0005541936 9.260013e-05 0.0040937853 5.4865963e-05 4.068298e-06 1.2137479e-06 3.7078306e-07 2.1085783e-07 1.9845226e-07 0.0023591795 2.5166054e-07 0.009934445 0.0025491558 3.641872e-07 3.5332653e-07 0.0018802761 1.9632341e-07 0.015496474
0.1849663 0.19241919 0.60278624 0.3672418 0.08308991 0.33288833 0.5214424 0.02410583 1.2040695e-15 0.025956195 0.07575316 0.12648612 0.98302263 0.9026496 0.009300753 0.0070215403 0.0016630496 0.7061434 0.001996696 0.74283147 0.03717771 0.46536076 0.0005608312 0.60873884 0.56596684 0.00010612234 0.23456421 0.036652796 0.08400651 0.057815373 0.019056816 0.00017101773 0.32441363 0.021664353 0.05628218 0.005164508 1.082232e-05 4.5152687e-05 0.0022021767 0.22045387 3.5832586e-06 1.266118e-05 0.0055056126 0.0008397815 7.783169e-08 0.02229148 6.134683e-05 0.00987603 3.4030678e-09 2.061713e-06 0.00013683754 0.005227205 0.00068199827 0.0010377094 0.0008377265 0.00011062974 0.00014577176 0.000108995635 8.6871216e-05 1.7907144e-08 0.0001097349 4.8061855e-07 0.00011025731 5.889689e-05 3.15992e-08 2.6882216e-08 0.00011292399 4.8143876e-05 8.820062e-05 7.555286e-07 9.3155095e-06 3.268382e-05 6.59351e-07 4.8090277e-07 3.6790589e-06 1.139373e-05 0.0006537116 0.00016825528 1.6575314e-07 4.817336e-05 1.8553958e-06 8.703582e-05 4.8216606e-07 6.7068664e-05 2.650081e-06 4.9384143e-05 1.5593275e-06 2.816377e-05 3.7295507e-08 2.7947954e-07 5.1356942e-08 5.145322e-08 0.00033467336 3.9770606e-07 0.000827443 0.00013336529 5.547168e-07 6.709856e-08 0.00035351719 4.818735e-08 0.001409774
0.98984885 0.63188434 0.095437594 0.9224984 0.48059282 0.04961261 0.33526683 0.94101715 0.025956195 2.9504578e-12 0.013530269 0.29374918 0.004765649 0.0034858652 0.8972022 0.032026447 0.6601525 0.007935124 0.79761773 0.0010061882 0.69451797 0.0010824132 0.099642016 0.018990532 0.00059973454 0.05770135 6.106904e-05 0.00019134603 0.00029287208 0.0049321335 0.009089625 0.08479584 0.005224302 5.681457e-05 0.000109801906 5.1833365e-05 0.024067165 0.022190798 6.706073e-05 0.0010180251 0.006679531 0.03922299 0.046467166 0.037332337 0.002678807 8.874039e-06 0.012516026 5.306866e-06 0.0005744538 0.0012745336 1.1692508e-06 0.048175614 0.0056443983 1.0076464e-05 0.0100512225 9.152004e-06 0.003378289 3.6468038e-05 6.443813e-05 8.727054e-05 3.0549577e-06 0.0005410941 6.8238987e-06 1.9447118e-05 2.1522599e-06 1.711139e-05 1.6509001e-06 1.1257049e-05 0.008191635 3.2414783e-07 1.3161659e-06 0.00196769 1.283232e-06 1.8071825e-06 8.357619e-06 1.1513968e-06 0.02798515 0.0021107008 3.5512744e-07 0.00021757079 5.989228e-06 0.011883874 3.341084e-05 0.00015404806 5.675982e-05 0.010982065 3.5149003e-06 5.2991127e-06 1.6880655e-06 1.1964653e-06 6.41608e-06 4.3462255e-06 0.002577702 1.9426761e-07 0.009689965 0.008272379 2.0895251e-07 8.758241e-06 0.009068279 4.9904434e-06 0.043543708
0.000617399 0.246389 0.4586782 0.04244071 0.74638426 0.9774945 0.024973636 0.0041324887 0.07575316 0.013530269 8.1326227e-13 0.0020302439 0.0048504937 0.01643014 0.00086298044 0.9850634 0.06212232 0.32672435 0.001291457 0.0044014393 0.002151669 0.8624318 0.06476322 0.00795163 0.012698577 0.0003983738 0.0004954194 0.00014621981 0.0014087525 0.000796835 0.0018660218 0.00024346169 0.002037431 0.0019475115 0.00027179185 0.00013163468 0.00024411686 0.0005911881 7.0215465e-05 0.00058683194 0.0001308655 0.0020492158 7.13595e-05 3.9441773e-05 2.534148e-05 0.00065296487 4.9277067e-05 4.1895593e-05 3.6649442e-07 4.8943953e-06 8.017214e-05 0.00015957413 6.2072395e-05 1.3172188e-05 0.000108097716 1.4024838e-05 5.860986e-06 4.577154e-05 6.631748e-06 4.2911986e-07 1.0098543e-05 2.1138354e-05 1.3189699e-05 4.3272026e-05 1.9193605e-07 6.321845e-08 3.7991565e-05 4.843017e-05 1.0413402e-05 1.3080205e-05 0.0001357847 9.596891e-06 6.439279e-07 1.311104e-05 6.2933623e-06 7.244697e-05 6.325365e-05 4.833376e-06 2.7289877e-06 2.9824614e-05 2.0354055e-06 5.6992896e-05 1.093784e-06 2.1737167e-06 2.2127624e-06 9.240887e-07 5.3859767e-06 0.00012368303 4.0912553e-07 9.37802e-08 1.9104014e-07 4.4744985e-07 2.1280404e-05 3.5688802e-06 0.00038258714 1.1205476e-05 8.73342e-06 8.1602394e-08 0.00017057826 1.2569222e-06 0.00016462668
0.9447855 0.20400147 0.058878377 0.72045827 0.03250859 0.009027309 0.9793068 0.8818558 0.12648612 0.29374918 0.0020302439 1.4224309e-15 0.22767511 0.03008555 0.7531063 0.0033006577 0.021524055 0.0060489094 0.0857221 0.016280638 0.50857556 0.00038414588 0.00273439 0.7045186 0.0012169017 0.00071948 0.0021938432 0.0040138634 0.0006551808 0.5417945 0.43756855 0.0055381358 0.4075424 5.4055843e-05 0.012599185 0.00011225109 0.0010632774 5.457929e-05 0.00025923876 0.10453971 6.168263e-05 0.00012383387 0.2007695 0.01275071 2.2454253e-06 0.0051430366 9.551507e-05 0.002968438 2.2386173e-08 3.3628694e-05 1.0549701e-06 0.3380983 0.01051363 0.00040938336 0.035826396 0.0024688765 0.0031332257 2.973158e-05 0.00015266277 6.918363e-08 0.00013495472 1.2842505e-06 0.00031831738 0.0021994 2.2012427e-08 1.07454285e-08 0.00033057152 0.00047500714 0.03438077 1.6423417e-06 7.011028e-05 8.3070445e-05 8.770518e-08 6.9329485e-07 0.00025226167 2.4434896e-05 0.022577321 0.003046647 3.5785473e-07 0.0016334259 7.952821e-05 0.0008487787 4.0190432e-07 0.0011896093 2.8587988e-06 0.0082737 0.00017785524 3.9823557e-05 2.8186026e-08 3.141813e-08 2.6076565e-08 1.8263398e-08 0.0027198917 4.903555e-07 0.0056041013 0.012929816 6.968539e-07 3.0535247e-08 0.001462816 1.0011085e-08 0.020809297
0.26060325 0.033033296 0.16182838 0.140666 0.010118456 0.020269986 0.48472023 0.015062041 0.98302263 0.004765649 0.0048504937 0.22767511 5.234748e-16 0.81775737 0.0095216315 0.0016157399 0.00034826336 0.21185076 0.0013513376 0.71698064 0.030044813 0.033804197 0.0003522409 0.80376905 0.18226022 0.0001797226 0.28991222 0.11027075 0.05544532 0.15521841 0.05401251 0.00023804723 0.5335183 0.004655155 0.21329127 0.0055386 6.311363e-06 3.0749682e-06 0.00926186 0.54870695 1.1436966e-06 5.9112836e-06 0.020021778 0.00046137837 5.901009e-08 0.039415624 1.9950514e-06 0.022385405 1.746418e-09 4.5458975e-07 4.348338e-05 0.019880429 0.0019202287 0.0075011696 0.0018056503 0.0061346954 0.00045386638 0.0005037836 0.0005540814 7.652609e-09 0.0003363521 2.3509986e-06 0.0008715299 0.00016338014 5.456362e-09 1.652543e-08 0.00045424592 7.569531e-05 0.0007539715 4.777489e-06 2.6245862e-05 2.2229679e-06 2.2197763e-07 4.781087e-07 0.00015904495 2.8125572e-05 0.0008885281 0.00036869597 3.6662973e-07 0.00018358271 1.00224015e-05 7.803173e-05 1.3509553e-07 7.4230804e-05 1.2781345e-07 0.0002560278 4.2446405e-05 3.2792283e-05 7.4318915e-09 1.790572e-07 1.0808286e-08 1.0499956e-08 0.0002977308 8.329081e-07 0.00083895616 0.00066714745 6.317322e-07 8.1757086e-08 0.00012443206 1.1258577e-08 0.0007873883
0.72883767 0.015205833 0.035628956 0.0105633885 0.0016610574 0.028202482 0.13757603 0.0013797056 0.9026496 0.0034858652 0.01643014 0.03008555 0.81775737 7.791849e-14 0.00072741095 0.0017688297 5.8112153e-05 0.77022904 0.0004740349 0.9841815 0.0144123025 0.27155298 4.7240657e-05 0.67137486 0.6285059 1.8277764e-05 0.63037825 0.5722233 0.5097563 0.024667704 0.009257851 0.00010934117 0.477061 0.1397411 0.35082886 0.29124406 2.4861324e-06 2.6274172e-06 0.18873475 0.5889006 2.6910448e-07 2.3736284e-06 0.00097220344 0.00011585277 7.783566e-09 0.05795338 7.652958e-06 0.026595673 9.109422e-10 1.1262316e-06 0.031914882 0.0040645874 0.00022459951 0.0833084 0.0003107393 0.0011785806 7.848483e-05 0.004840037 0.00133402 4.69727e-08 0.0021089828 6.6691706e-07 0.006549441 0.00019894182 6.04159e-09 3.4530622e-08 0.001979356 3.9009894e-05 0.00028331045 6.6020104e-05 0.00065479573 1.0649405e-05 2.815676e-07 0.0018906737 0.00021909934 0.0005724369 0.0018425431 0.00013757385 2.8485647e-05 1.7617025e-05 6.820001e-06 5.9997845e-05 1.1547883e-06 2.200818e-05 8.893096e-07 5.3415224e-05 0.00029231902 0.00022036985 8.054362e-08 4.132364e-08 6.855312e-08 1.33005065e-08 0.00020021362 1.296702e-05 0.00064825 0.00038338004 4.9922546e-05 2.1668844e-08 0.00019245378 1.9241265e-08 0.002194561
0.87342656 0.055132523 0.011370254 0.55678076 0.036359116 0.0037245054 0.3775792 0.9365536 0.009300753 0.8972022 0.00086298044 0.7531063 0.0095216315 0.00072741095 9.06217e-16 0.0016751575 0.09859577 0.00029170164 0.78177017 0.00050978595 0.96392065 3.2767774e-05 0.002450846 0.043025993 5.159708e-05 0.0011141234 6.797823e-05 9.9583434e-05 5.510812e-05 0.2024248 0.18997596 0.450512 0.019856028 1.2237376e-06 0.0005269267 4.070033e-06 0.0065241246 0.0031642453 1.227428e-05 0.00344151 0.002261385 0.0004244673 0.56660515 0.14973134 0.00021344378 0.0007535251 0.0037378157 0.00039966268 1.2082443e-05 0.0015898084 3.629084e-08 0.2101166 0.14666827 2.3947661e-05 0.17457122 0.0008239955 0.03376872 7.91394e-07 2.026242e-05 2.0036068e-06 8.942565e-06 2.9367742e-05 8.243582e-06 0.00068479095 1.7262543e-07 2.0889412e-07 1.1715653e-05 0.00020154734 0.045635678 7.5910194e-08 1.3167654e-05 0.00028786913 2.256046e-06 2.7310655e-08 0.000106119296 4.9323097e-07 0.043347932 0.015773024 2.2052225e-08 0.0018860869 0.00012843877 0.0034628517 3.4825982e-06 0.0011127547 2.759144e-05 0.029295066 3.5626457e-05 2.2235085e-06 2.8570744e-07 5.2571323e-08 3.5280198e-07 5.263825e-08 0.0071026757 5.0646623e-08 0.022280157 0.007111673 1.9702792e-07 3.2790044e-08 0.002813679 4.082717e-08 0.0445384
0.00074785826 0.2796026 0.34633428 0.0383481 0.9183195 0.92592 0.021573484 0.0047044395 0.0070215403 0.032026447 0.9850634 0.0033006577 0.0016157399 0.0017688297 0.0016751575 3.7721437e-13 0.2877725 0.009156519 0.0024524205 0.00044210916 0.0031463604 0.7144382 0.91523236 0.006545516 0.0015824167 0.004353593 7.7456534e-05 6.878196e-05 0.0001933318 0.0010605102 0.00088671665 0.00027482133 0.0039775656 0.00027437587 5.7662124e-05 2.4466282e-05 0.00070830993 0.002676201 1.565112e-05 0.0019104381 0.00027625315 0.021122143 5.2503063e-05 1.2234406e-05 9.33873e-05 0.00013277773 6.793281e-05 4.472617e-05 1.9057923e-05 8.528758e-06 9.237085e-06 0.00010297773 3.4257053e-05 2.5069472e-05 1.9875208e-05 9.4438125e-05 7.097925e-06 5.6433455e-06 2.5809072e-06 2.0920068e-06 2.5384148e-05 1.9497722e-05 1.520697e-05 0.00015046418 3.2002296e-07 1.4894341e-06 7.971865e-05 0.0002484033 8.131604e-06 2.0459567e-05 5.4536056e-05 2.4442843e-05 3.505447e-06 1.0742587e-05 1.901682e-05 7.130858e-06 0.00013420892 1.2715912e-05 3.8267726e-06 8.100849e-05 8.169443e-06 9.6998956e-05 1.4375977e-05 1.607925e-05 3.981875e-06 1.6278556e-06 9.021302e-06 3.8832728e-05 3.0794058e-06 1.7160883e-06 8.2958263e-07 2.5063148e-06 2.9611037e-05 3.8721582e-06 0.0009703282 1.4854362e-05 9.23225e-06 3.7380235e-07 0.0003283066 3.500713e-06 0.00042483665
0.20834367 0.1863283 0.20250039 0.52478707 0.9410169 0.15618679 0.05009633 0.16871777 0.0016630496 0.6601525 0.06212232 0.021524055 0.00034826336 5.8112153e-05 0.09859577 0.2877725 2.1933414e-17 0.00030855087 0.92905456 8.4493395e-06 0.27216166 0.00014924856 0.7842584 0.00570525 9.069929e-06 0.8485312 5.579453e-07 2.514124e-06 5.772226e-07 0.0042865304 0.007944684 0.25178185 0.003835686 7.3583703e-07 2.42237e-06 1.1610715e-06 0.57781833 0.37304226 3.6877157e-07 0.0006989744 0.31320572 0.88689214 0.0071519413 0.026100399 0.47526425 5.5822104e-05 0.12940949 5.1191273e-06 0.35466766 0.060543638 1.8920721e-07 0.002932259 0.0021769824 3.8133493e-07 0.0016741737 3.616446e-06 0.0001690903 2.2081545e-06 4.190528e-08 0.0020290487 8.7949394e-07 0.0142804785 3.4815255e-06 0.00085203256 0.00013204255 0.0010282288 5.5638156e-05 0.0006308989 0.006682984 8.2247894e-08 2.6128196e-06 0.008884121 0.0013025422 1.3601098e-08 2.1201272e-06 6.4237825e-06 0.0044168187 0.0009604481 3.1048143e-07 0.00023697224 2.4012106e-05 0.019345464 0.00028666234 1.5190737e-05 0.0003104834 0.0022805107 5.093228e-05 1.7529917e-06 9.58164e-07 0.00013577643 2.5762285e-05 1.3427042e-05 0.0010423945 1.1517239e-08 0.0046899794 0.0062472913 2.1252923e-07 9.182454e-06 0.008326521 2.6664577e-06 0.01550421
0.01446791 0.040901735 0.4167604 0.01746281 0.026283618 0.3129889 0.045566596 0.001913629 0.7061434 0.007935124 0.32672435 0.0060489094 0.21185076 0.77022904 0.00029170164 0.009156519 0.00030855087 2.6739973e-14 5.4896576e-05 0.6080088 0.0027130162 0.995683 0.00040873679 0.09774575 0.9616835 7.8382574e-05 0.18717474 0.041653685 0.18180923 0.0016913917 0.00059143227 1.2430627e-05 0.02873149 0.37341714 0.010873556 0.015304851 1.5300098e-05 1.4049429e-05 0.0021306188 0.02619797 1.2661506e-05 2.9683248e-05 0.00011740266 9.5586e-06 2.5221507e-07 0.004087543 5.223539e-06 0.0021918619 3.162929e-08 6.627774e-07 0.0006100964 7.804818e-05 2.1355037e-05 0.00050828664 1.1560217e-05 8.754099e-06 3.506885e-06 0.00017136565 0.00016200577 3.186437e-07 0.00010668644 8.214913e-06 0.00015274578 2.1609996e-05 6.7730896e-09 6.5522855e-08 5.81371e-05 2.8436261e-06 1.1079967e-05 2.0577012e-05 2.0192723e-05 1.7462782e-05 9.2296524e-08 2.6278245e-05 1.9814315e-06 1.4655102e-05 0.00013448118 3.4943723e-06 1.3107801e-07 9.165843e-07 2.3950676e-07 5.26887e-05 2.8931206e-06 2.430981e-06 2.1231105e-07 7.690523e-07 9.216495e-06 2.6621903e-05 7.745878e-08 1.3390661e-07 4.5618185e-07 8.703988e-07 5.4151664e-05 5.5074156e-06 0.00021292352 6.677706e-05 1.1649708e-05 3.2985252e-08 0.0003235442 8.304367e-07 0.00036662116
0.9085813 0.07859479 0.027290989 0.5409128 0.16393334 0.01419853 0.04052627 0.82708967 0.001996696 0.79761773 0.001291457 0.0857221 0.0013513376 0.0004740349 0.78177017 0.0024524205 0.92905456 5.4896576e-05 2.5607754e-14 0.00016854452 0.7185014 9.360017e-06 0.044723485 0.0029287154 2.5621744e-05 0.059871364 6.983368e-05 4.0190247e-05 2.5057569e-05 0.05718826 0.05926355 0.96247977 0.0011313921 3.3506055e-07 6.567948e-05 1.9516418e-05 0.8388096 0.7830807 2.524336e-05 0.0002740338 0.64644015 0.085616656 0.06183523 0.22241925 0.1466492 3.816766e-05 0.28150588 0.000117177835 0.058985006 0.22353803 2.6509e-06 0.005008003 0.1765767 1.33596395e-05 0.024012368 0.00012415077 0.032672666 4.1318776e-07 1.3187672e-07 0.008289591 2.3789744e-06 0.0078118253 7.1168765e-06 0.00025482418 0.0005074918 6.586653e-05 1.0681547e-05 0.0003360023 0.008835815 1.2874419e-07 0.000109464614 0.008784667 0.00050645135 8.713939e-07 1.1646007e-07 4.6622054e-06 0.038689464 0.0063431426 9.363829e-08 0.0004322831 5.8247315e-05 0.09385889 0.0012103417 0.000285612 0.004339506 0.02141256 8.372832e-06 6.974719e-06 0.00021244404 8.191912e-06 9.1842456e-05 2.3844248e-05 0.0046312455 5.879663e-08 0.06645915 0.0061588734 4.230351e-05 1.7046517e-05 0.039634794 1.0870523e-05 0.09845203
0.32507446 0.0034938212 0.022348525 0.009044587 0.00032343037 0.00610786 0.04729127 0.0012206676 0.74283147 0.0010061882 0.0044014393 0.016280638 0.71698064 0.9841815 0.00050978595 0.00044210916 8.4493395e-06 0.6080088 0.00016854452 2.2368592e-15 0.0065319347 0.18802637 2.4674358e-05 0.35622603 0.846757 5.0386475e-06 0.9508994 0.65497774 0.7590928 0.029588407 0.009972876 4.5461842e-05 0.16206032 0.29749504 0.2640901 0.4252404 1.0976138e-06 8.4283465e-07 0.43322194 0.1962371 4.558044e-07 2.7936217e-06 0.00071903336 3.3187465e-05 1.33039055e-08 0.035166573 1.1121058e-06 0.023084613 5.792908e-10 3.6424106e-07 0.0632582 0.00470573 0.0003073154 0.10140275 0.00027551383 0.0016620215 0.00015090924 0.007093882 0.0017178208 1.9776461e-08 0.0020938371 1.2977307e-06 0.006078083 9.855268e-05 3.3495812e-08 1.3843791e-09 0.0013168056 2.7949662e-05 0.00014161423 7.21816e-05 0.0007996471 3.2047117e-06 2.1670219e-07 0.0007404814 0.000262844 0.00040769868 0.00091358635 9.945379e-05 2.0712843e-05 2.743514e-05 3.178129e-06 4.4077373e-05 2.7100796e-07 1.214281e-05 5.8451366e-07 0.00013243538 0.00012808052 0.0009908221 2.6899091e-08 1.4224795e-08 5.4940408e-09 2.0552964e-09 0.00045279207 3.8095983e-05 0.00036636984 0.00022864544 2.6970853e-05 2.1540728e-08 5.9705944e-05 8.671643e-09 0.00027767656
0.9941186 0.16266614 0.058050744 0.5096582 0.056066822 0.0067885495 0.44297057 0.7869689 0.03717771 0.69451797 0.002151669 0.50857556 0.030044813 0.0144123025 0.96392065 0.0031463604 0.27216166 0.0027130162 0.7185014 0.0065319347 5.5950746e-13 0.0005294418 0.007306815 0.029808354 0.00039979952 0.0040922198 0.0001823828 0.0009802104 0.00018639513 0.06537525 0.062512405 0.4969781 0.013563064 2.4407766e-05 0.0006407563 2.250404e-05 0.035986304 0.06286577 3.362206e-05 0.001847581 0.008255434 0.0039620153 0.640789 0.5590136 0.007817706 0.00028208055 0.03316159 0.00015072113 0.0016773563 0.004654263 4.367988e-07 0.18332894 0.20610544 4.793995e-05 0.37141204 0.00014600954 0.039461624 9.2808905e-06 5.6605815e-05 1.7986107e-05 2.0222727e-05 0.00030245946 2.1558331e-05 0.00013209708 1.5409955e-07 6.409231e-06 1.1373229e-06 1.6523987e-05 0.08675173 9.062657e-08 3.5297414e-06 0.00022890377 1.856688e-06 2.3296826e-07 1.5071988e-05 1.3700428e-06 0.204407 0.046519764 1.5206071e-07 0.0026676545 1.9522318e-05 0.010262298 9.930295e-06 0.00049052766 3.1679162e-06 0.12294399 4.290607e-06 2.174461e-06 5.7156177e-07 3.1565216e-07 1.094504e-06 4.4186928e-07 0.014690856 2.1786116e-07 0.06413969 0.010792571 5.2217183e-07 4.671342e-08 0.005574024 8.2542876e-08 0.18437606
0.00090668164 0.032210078 0.1633614 0.00298245 0.12881905 0.5736107 0.006985677 0.00010180673 0.46536076 0.0010824132 0.8624318 0.00038414588 0.033804197 0.27155298 3.2767774e-05 0.7144382 0.00014924856 0.995683 9.360017e-06 0.18802637 0.0005294418 4.7158314e-17 0.0074724415 0.008430486 0.7457267 4.1717576e-05 0.019637076 0.0009294359 0.15462033 5.9825183e-05 7.634577e-05 4.2161088e-07 0.0020972926 0.8128909 0.000805905 0.015223622 6.1212972e-06 1.1696485e-05 0.0003935751 0.00095435715 3.8983043e-07 3.353102e-05 2.76304e-06 4.0518592e-07 1.8905192e-07 7.687722e-05 1.5467893e-05 3.9314276e-05 2.3091717e-08 1.13186566e-07 0.031535108 1.9997957e-05 8.2011474e-07 1.7746512e-05 2.150918e-06 1.229013e-07 5.2614357e-08 0.00015557776 2.0379159e-05 5.436679e-06 6.155623e-05 4.359411e-07 0.00010998216 6.965934e-07 9.04701e-08 4.468302e-09 2.2545997e-05 3.4831799e-06 1.4511498e-06 3.6764425e-06 1.1615018e-05 6.927157e-06 1.614566e-07 1.23494865e-05 1.8014884e-08 1.1590353e-05 4.3572414e-05 3.139598e-07 1.3634201e-06 2.838983e-07 9.093581e-08 4.7080903e-05 6.3072716e-06 4.88007e-07 2.2943705e-06 9.418748e-08 2.3367207e-07 5.4948847e-05 2.1045021e-07 6.517208e-09 6.9036603e-09 8.761637e-09 1.770161e-06 8.634891e-06 1.4637978e-05 1.8163832e-06 2.034414e-06 3.7564254e-10 7.810946e-05 1.4923474e-08 1.296775e-05
0.0034264831 0.06574177 0.037450206 0.044420645 0.81820387 0.20408303 0.006843846 0.0095691085 0.0005608312 0.099642016 0.06476322 0.00273439 0.0003522409 4.7240657e-05 0.002450846 0.91523236 0.7842584 0.00040873679 0.044723485 2.4674358e-05 0.007306815 0.0074724415 5.7028267e-17 0.0017644803 0.0002454339 0.99492675 3.1532857e-06 6.673933e-06 6.620055e-05 6.447612e-05 0.00022204107 0.0011082902 0.0003233135 4.377277e-06 2.6098525e-05 2.307895e-06 0.01831563 0.0075722644 7.04758e-06 0.00013026447 0.015621432 0.54453045 2.5167015e-05 3.0763807e-05 0.0018487434 2.6388241e-05 0.0026170393 1.0273901e-05 0.001116704 0.0013035462 9.671038e-07 2.8391647e-05 1.1472913e-05 5.1103084e-06 2.2577195e-05 5.6253025e-06 2.1461724e-06 2.4459098e-07 4.1177162e-07 6.508454e-06 1.1497596e-06 0.000269225 8.533185e-06 0.00024739522 1.469678e-07 3.2044136e-05 0.00014153308 0.00029108833 4.4863216e-05 2.2398144e-05 4.145015e-06 0.0001026943 4.4001295e-06 9.108424e-08 5.7862246e-07 1.1736945e-07 0.00021413456 3.6019464e-05 8.917797e-08 9.1318856e-05 2.381644e-06 0.00018177782 1.253283e-05 6.0667494e-06 1.405324e-06 3.5592273e-06 2.6523007e-06 3.5822713e-06 1.4576668e-07 1.0372611e-06 7.483826e-07 1.8833007e-06 5.2398515e-05 8.140418e-08 0.001070366 0.00014199682 1.4471122e-07 1.5087822e-07 0.00046727396 2.6904377e-06 0.00094438624
0.9489796 0.4207213 0.12800744 0.1850085 0.043161042 0.029836994 0.70986605 0.115040556 0.60873884 0.018990532 0.00795163 0.7045186 0.80376905 0.67137486 0.043025993 0.006545516 0.00570525 0.09774575 0.0029287154 0.35622603 0.029808354 0.008430486 0.0017644803 1.9010793e-15 0.060430977 0.00049814093 0.15907212 0.28867045 0.033819795 0.775269 0.46251735 0.0005188646 0.9736814 0.0038547956 0.5454949 0.02334607 0.00077403034 6.213376e-05 0.022084525 0.93447816 0.00013294103 0.0003343081 0.03146461 0.0011723528 9.850086e-06 0.17116366 9.734753e-06 0.11601886 1.3552369e-07 1.8241899e-06 0.00013115638 0.15787758 0.0018206246 0.022796718 0.004791781 0.009842377 0.0015239186 0.00045254402 0.0018041744 4.523039e-07 0.004575629 7.575504e-05 0.0070486353 0.0033250637 5.8791798e-08 1.006597e-06 0.00029339487 0.0003021723 0.008821044 5.0154626e-06 0.0006859534 2.1751403e-05 3.1015293e-07 1.5585641e-05 0.00091476674 0.00039435943 0.0064512896 0.001631361 1.2450832e-05 0.00088523043 3.786269e-05 8.842979e-05 3.8220387e-06 0.00096611853 1.5504689e-06 0.0014917407 0.00021379278 0.0002156729 4.2095238e-07 5.0947747e-08 9.475233e-07 7.352333e-08 0.0014938441 1.10785095e-05 0.0018687928 0.0029812218 1.0999521e-05 5.667003e-07 0.00016634169 1.68915e-07 0.002303768
0.004772521 0.0025597555 0.019744506 0.0012520616 0.00093132094 0.013262948 0.007274363 0.00020991174 0.56596684 0.00059973454 0.012698577 0.0012169017 0.18226022 0.6285059 5.159708e-05 0.0015824167 9.069929e-06 0.9616835 2.5621744e-05 0.846757 0.00039979952 0.7457267 0.0002454339 0.060430977 5.245502e-16 2.022593e-05 0.78754616 0.15637426 0.964105 0.0018707382 0.0007817747 1.49918105e-05 0.02351755 0.9249132 0.03985322 0.38284528 9.435214e-07 2.3295238e-06 0.1261915 0.02245267 1.820265e-07 3.7674404e-06 3.838489e-05 8.330492e-06 1.1057255e-08 0.0107018445 1.4215682e-06 0.008098768 6.802449e-10 1.3252956e-07 0.09273916 0.00012239197 1.6755928e-05 0.0042491606 1.6282956e-05 2.2036995e-05 8.936052e-06 0.0011596994 0.00027945355 6.025912e-10 0.0015375613 1.723721e-07 0.00037118254 8.898021e-06 1.0885907e-09 2.374423e-10 2.9249093e-05 5.0682866e-06 6.990074e-06 1.7577764e-06 8.435432e-05 1.7066222e-06 3.50602e-09 1.348349e-05 4.30815e-07 8.86309e-05 0.00011009833 7.249766e-06 1.0412841e-06 6.6315107e-07 1.0236242e-06 4.06741e-06 3.320879e-08 1.0874156e-06 6.52005e-07 3.6592746e-06 3.431862e-07 3.0764044e-05 1.2096028e-08 3.3846852e-08 1.1134291e-08 1.2801857e-08 2.2258093e-05 3.7563511e-06 0.0002619951 3.469352e-06 6.594563e-06 1.4008668e-08 4.298703e-05 4.6222763e-08 0.00011195143
0.017309554 0.0072288928 0.0041883932 0.012948244 0.501503 0.00467932 0.0024768664 0.00408843 0.00010612234 0.05770135 0.0003983738 0.00071948 0.0001797226 1.8277764e-05 0.0011141234 0.004353593 0.8485312 7.8382574e-05 0.059871364 5.0386475e-06 0.0040922198 4.1717576e-05 0.99492675 0.00049814093 2.022593e-05 7.774594e-15 2.1266455e-06 4.7748285e-06 6.867457e-06 0.00016899889 0.00022608986 0.0011117427 0.00019992475 3.1677277e-07 2.2856531e-05 1.1040397e-06 0.101668194 0.03844701 6.876082e-06 0.00013252333 0.05392107 0.9828748 0.00015071708 8.678965e-05 0.011650725 4.8230915e-05 0.0044471854 1.1368008e-05 0.007941017 0.0011906672 2.4431852e-08 4.3092354e-05 6.999831e-05 5.9667946e-06 5.248699e-05 9.367532e-05 1.9281944e-05 5.693905e-07 2.6187868e-06 0.0010451174 5.5446167e-06 0.0012153261 5.513028e-06 0.0005652107 3.8967843e-05 0.0004321788 0.00065033394 0.00077014515 0.00056179956 8.213452e-05 7.1110417e-06 0.0006537026 0.0004545799 6.688964e-08 2.613171e-06 1.4277282e-06 0.000496794 9.529924e-05 4.8672394e-08 9.852449e-05 2.9451576e-05 0.0010636364 0.00025160838 4.2069358e-05 2.9178384e-05 2.1692527e-05 3.9782653e-06 9.800761e-06 3.3649626e-06 2.0592519e-05 2.2912729e-05 4.3086064e-05 0.00013396239 2.0957906e-08 0.0020724628 0.0007785293 2.887551e-07 4.3043656e-06 0.002165982 3.88947e-05 0.0036683173
0.1749447 0.00014293742 0.0027798167 0.0008316922 3.5018118e-06 0.0008800385 0.0050069448 0.00025080916 0.23456421 6.106904e-05 0.0004954194 0.0021938432 0.28991222 0.63037825 6.797823e-05 7.7456534e-05 5.579453e-07 0.18717474 6.983368e-05 0.9508994 0.0001823828 0.019637076 3.1532857e-06 0.15907212 0.78754616 2.1266455e-06 2.089375e-17 0.9750384 0.901718 0.0138857225 0.0024375725 1.7257096e-05 0.06773267 0.50658953 0.5474637 0.81291837 6.4300554e-07 6.9013834e-07 0.96616226 0.112842984 1.5995685e-08 4.02735e-07 0.00041452656 9.5780915e-06 4.468754e-09 0.03246615 2.9059736e-06 0.035977285 1.8423373e-10 7.4184095e-07 0.4753879 0.0010042288 0.0001680896 0.10559887 0.00020636294 0.002472794 3.5743455e-05 0.017053267 0.0064267423 3.7650065e-09 0.00439897 6.325041e-08 0.0067000454 0.00027134197 2.4664875e-09 2.3235461e-10 0.0018483634 3.3018885e-05 0.000116214505 0.00013072942 0.0009371451 1.5115438e-06 1.7594013e-08 0.0007610566 0.00044194347 0.00038156577 0.00043157602 8.873569e-05 5.3739677e-05 2.0831087e-05 4.5124384e-06 2.0150957e-05 2.8289827e-07 1.6295757e-05 1.255935e-06 1.7763938e-05 0.00043388768 0.0008962629 4.045369e-09 5.3170474e-10 1.9305808e-09 6.9311795e-10 0.00020368522 0.00028665166 0.00034618375 0.00042179733 5.288725e-05 2.028062e-08 7.049808e-05 5.75361e-09 6.512829e-05
0.7167642 0.00013789763 0.0005614822 0.00036971975 1.0677158e-05 0.00039251245 0.0052189413 0.0002723692 0.036652796 0.00019134603 0.00014621981 0.0040138634 0.11027075 0.5722233 9.9583434e-05 6.878196e-05 2.514124e-06 0.041653685 4.0190247e-05 0.65497774 0.0009802104 0.0009294359 6.673933e-06 0.28867045 0.15637426 4.7748285e-06 0.9750384 6.9860276e-16 0.30141208 0.025367472 0.003783598 2.89218e-06 0.19815584 0.029059857 0.9717928 0.35327423 5.049009e-06 5.0986904e-07 0.97335064 0.57860017 9.625107e-07 5.8736526e-07 0.0012616813 1.27811745e-05 8.92964e-09 0.16202475 9.4484955e-07 0.17747824 6.8064726e-10 5.38782e-08 0.042229585 0.007811628 0.0002776938 0.2874286 0.00041060036 0.009120754 2.826618e-05 0.007903713 0.004847314 2.3482217e-08 0.009522203 1.2498198e-06 0.013393684 0.00081562676 4.4900037e-08 3.7417327e-09 0.0076861503 0.00013436809 0.0019668813 0.00034177853 0.0017520477 3.0049175e-06 3.4970643e-07 0.0015879663 0.00082990155 0.0018642839 0.0026491322 0.0002814359 0.00022974973 0.000121975994 1.6211048e-05 2.2955478e-06 1.068174e-07 0.00018772524 4.866963e-07 0.000100030695 0.0014463832 0.00081649027 2.2582025e-08 4.0046806e-09 1.9041043e-07 1.2165511e-08 0.00016968607 0.00016971632 0.00013201937 0.0016347427 4.9234044e-05 3.778526e-08 6.0150014e-05 6.8171686e-09 0.00031952362
0.005837333 0.00028038013 0.0017435004 0.0004069305 2.6017262e-05 0.0013108104 0.0019953037 8.1621736e-05 0.08400651 0.00029287208 0.0014087525 0.0006551808 0.05544532 0.5097563 5.510812e-05 0.0001933318 5.772226e-07 0.18180923 2.5057569e-05 0.7590928 0.00018639513 0.15462033 6.620055e-05 0.033819795 0.964105 6.867457e-06 0.901718 0.30141208 1.6698238e-15 0.0010432135 0.0004870107 9.465573e-06 0.012719704 0.9676681 0.07298292 0.95357734 5.791826e-06 1.7231237e-06 0.60551596 0.01738928 7.979091e-07 1.686664e-06 5.650021e-05 4.2088277e-06 8.824735e-08 0.016161406 1.161859e-06 0.006264963 2.1760782e-09 2.2342225e-07 0.5437622 0.00011138795 2.77539e-05 0.017149504 2.0035697e-05 0.00012764288 5.203678e-05 0.009907925 0.0012994435 7.826096e-09 0.0031976905 2.556245e-06 0.0021469444 1.2095794e-05 2.1905533e-09 3.9917827e-10 0.00042511564 1.0484911e-05 8.225237e-06 0.0001817886 0.00078144 2.623361e-06 7.1590907e-09 0.00023600111 2.5194704e-05 0.00020240103 0.00019421587 8.284177e-06 2.242704e-05 1.8179273e-06 6.695309e-06 1.3683617e-05 3.556762e-07 2.759498e-06 9.273038e-07 5.271984e-06 4.2107407e-05 0.00030168568 2.2106592e-08 1.0250388e-08 1.0500095e-08 1.366225e-08 6.4482265e-05 0.00023058186 0.000121252386 4.9555307e-05 3.7141803e-05 1.1758921e-08 2.4857258e-05 1.3878822e-07 7.230671e-05
0.79136586 0.017857265 0.007702098 0.05292553 0.005326854 0.0024623538 0.08372841 0.16445185 0.057815373 0.0049321335 0.000796835 0.5417945 0.15521841 0.024667704 0.2024248 0.0010605102 0.0042865304 0.0016913917 0.05718826 0.029588407 0.06537525 5.9825183e-05 6.447612e-05 0.775269 0.0018707382 0.00016899889 0.0138857225 0.025367472 0.0010432135 8.283838e-17 0.98781604 0.015242282 0.8493046 2.8917953e-05 0.18452726 0.00016263938 0.0010371618 0.00016953207 0.0031733157 0.40439582 4.5082896e-05 3.1372874e-05 0.51516473 0.013544767 2.9292373e-06 0.2658895 0.00011633858 0.29216674 8.4146166e-08 5.843989e-05 2.7511354e-07 0.77399975 0.13841619 0.0070561715 0.07887258 0.16159718 0.016226765 0.00010409852 0.00072515674 6.9186433e-07 0.0012792462 2.0436983e-05 0.0041065165 0.021961737 1.8402574e-07 3.5574725e-08 0.0020358814 0.0056020147 0.07118479 1.0546728e-05 0.0006072173 1.7362849e-05 3.650285e-06 1.304487e-06 0.0073053697 0.00043631863 0.021439133 0.02453736 9.0224885e-06 0.013273386 0.0013822158 0.0004564818 2.2675276e-06 0.006919066 7.5099974e-06 0.011456924 0.0063863145 0.000232311 4.4786438e-07 4.735574e-08 1.17695635e-07 5.7498144e-09 0.00696742 5.563969e-07 0.013115837 0.011381776 3.4331784e-05 1.2582493e-07 0.00081146276 9.441731e-09 0.014283768
0.8741064 0.015203774 0.005097371 0.04807396 0.0040613674 0.0019467762 0.10843757 0.13043481 0.019056816 0.009089625 0.0018660218 0.43756855 0.05401251 0.009257851 0.18997596 0.00088671665 0.007944684 0.00059143227 0.05926355 0.009972876 0.062512405 7.634577e-05 0.00022204107 0.46251735 0.0007817747 0.00022608986 0.0024375725 0.003783598 0.0004870107 0.98781604 2.5813257e-15 0.012889224 0.6788639 2.8139848e-05 0.019663025 0.00010805207 0.00079584547 0.00010602542 0.00038574502 0.1665009 0.00027701136 0.00014536874 0.770886 0.013120398 3.654927e-05 0.038686294 7.097028e-05 0.052802835 1.2108425e-06 2.1160318e-05 1.9555532e-06 0.9170724 0.06987566 0.00049122097 0.10049276 0.030011194 0.020626005 6.9895854e-05 0.0003805615 3.047664e-07 0.00067978754 2.4437857e-05 0.0005685227 0.008233745 1.586017e-07 1.680206e-07 0.00030337783 0.0017605664 0.07012515 6.571338e-07 0.00018687891 1.9103303e-05 2.9963724e-06 1.0919039e-06 0.0022750832 0.00011288608 0.026273543 0.021333398 4.0220284e-06 0.012767227 0.00058215164 0.00045293957 1.5529788e-06 0.0065819006 2.6587004e-06 0.013296933 0.000704344 0.00014570143 2.7329793e-07 2.2724016e-07 1.2671442e-06 8.7914714e-08 0.006144438 2.8925592e-07 0.010872006 0.011958478 6.977207e-06 3.3875966e-07 0.0013493164 4.981218e-08 0.026211157
