1.1755559e-19 1.2190168e-06 0.0024235474 0.0011073514 0.019646829 0.0007267086 0.017839555 0.23105267 0.08926527 0.9163491 0.09069247 0.6810657 0.8009431 0.62895554 0.013645691 0.6333096 0.81474644 0.50800717 0.81548 0.79717976 0.71270084 0.949111 0.9681425 0.77613974 0.002375796 0.42828268 0.81699854 0.9266977 0.10560818 0.44718856 0.82921255 0.71493506 0.068442106 0.40644422 0.802415 0.26539603 0.9666502 0.24042797 0.8147192 0.9418491 0.0810213 0.4361334 0.9106578 0.8834977 0.0003596122 0.79361194 0.99704695 0.78494793 0.20170943 0.0431343 0.22059013 0.7797227 0.44276386 0.9971686 0.0015250708 0.93591106 0.9943397 0.9054388 0.81896293 0.94533676 0.5948414 0.86813307 0.4467897 0.6205554 0.77597713 0.9994621 0.8375231 0.9446301 0.9604223 0.9188387 0.8926697 0.9665553 0.8504326 0.8993724 0.88280547 0.88076574 0.9937245 0.90574336 4.6243822e-05 0.7332037 0.0008815005 0.8876802 0.99994427 0.9931256 0.9377805 0.9814336 0.99391186 0.9943609 0.963657 7.400667e-05 0.972428 0.95884705 0.99564016 0.9928934 0.99980533 0.0715352 0.47141233 0.99576306 0.9548055 0.9884536 0.99856496
1.2190168e-06 4.4986932e-17 0.99867314 0.9260421 0.03778933 0.5289137 0.023129188 0.16876955 0.00936266 0.017865859 0.00089273247 0.01641429 0.001442923 0.0066567333 0.00022247454 0.0008657291 0.00065407675 0.0009239363 3.3615164e-05 6.261278e-05 4.3579068e-05 0.00016733755 9.777259e-05 1.6434934e-06 0.0008626221 6.3182647e-06 0.0001500781 5.0680377e-05 0.0005174032 1.7083557e-05 2.6537657e-06 3.1347677e-06 2.4647454e-05 5.2960837e-07 1.5613417e-05 2.9170076e-06 3.758745e-06 7.271741e-05 1.3734115e-06 6.987251e-07 8.8709545e-05 7.68917e-06 5.9705117e-06 1.0951571e-05 8.849096e-05 4.056631e-07 1.7958548e-05 4.8984716e-06 1.549067e-05 0.00019296432 8.9452385e-07 0.0001244336 4.401376e-06 4.035355e-05 3.3120088e-07 0.0001020335 6.7410125e-05 2.2633418e-05 2.9880443e-05 8.168469e-06 1.0260452e-06 6.991655e-06 1.1645769e-06 5.1502516e-06 6.7752796e-07 7.617896e-06 6.388394e-05 9.062126e-05 6.01154e-06 8.386178e-06 7.611167e-07 8.307017e-06 1.160621e-06 7.646592e-07 7.65835e-05 5.052973e-06 3.978614e-06 4.5711627e-06 1.6478845e-08 3.1026357e-07 1.098444e-08 4.7650006e-05 0.00068017986 0.003078017 9.433991e-05 0.0002248507 8.119249e-05 1.1499838e-05 2.1904416e-06 1.2752842e-07 2.063636e-05 1.2706353e-06 0.00037333943 8.1189655e-06 3.0340834e-05 1.2560833e-08 2.8448193e-08 2.30807e-09 1.0131329e-09 3.4559184e-06 0.00010758905
0.0024235474 0.99867314 2.4313886e-14 0.0011915299 0.0019110767 0.9965497 0.27494618 0.32975298 0.00019706806 0.08724131 4.701876e-05 0.65083987 0.001062157 0.28058195 0.016924584 0.28658396 0.003710742 0.19378081 0.3212244 4.506755e-05 3.4529785e-05 0.2592422 0.045002744 0.0031146875 0.015389513 0.0010616921 6.2275385e-06 0.0007962919 4.6635173e-06 0.00013676683 1.0589092e-06 0.0010527857 3.999395e-05 2.8738341e-07 4.0633504e-06 3.0116636e-05 0.0001556683 0.0006966801 0.0001031883 7.7220475e-06 1.9875104e-06 8.821164e-07 2.4597027e-06 4.0639084e-06 0.00032814947 3.5863164e-07 0.0020551723 1.2566395e-06 6.2685695e-06 3.6932346e-05 7.87369e-06 1.7755679e-06 2.2302195e-06 0.0003708625 3.0806013e-06 5.241186e-05 3.6406917e-07 8.636554e-06 8.8730695e-07 1.0894475e-07 5.260581e-07 4.69035e-06 4.4526267e-05 3.560181e-06 3.140896e-06 1.9713092e-05 2.2032562e-07 2.5232743e-05 5.4264615e-07 1.3924927e-06 1.854782e-06 1.5314223e-06 4.6489413e-07 4.922657e-07 1.5513237e-06 1.2522847e-06 1.5188801e-06 2.1815347e-07 2.9730415e-07 2.795175e-06 2.0132202e-06 4.5771102e-07 0.00070004544 3.5951034e-05 1.4049248e-06 1.3001016e-06 0.00011982833 4.6451342e-07 1.2082678e-06 5.4602407e-07 7.679975e-07 3.739261e-07 6.08797e-05 1.6051777e-07 2.3764778e-06 8.771368e-09 3.6426397e-09 5.1513613e-08 6.055295e-07 2.4604003e-07 1.1044715e-06
0.0011073514 0.9260421 0.0011915299 1.825218e-12 0.9990503 0.13760245 0.008285548 0.7871666 0.6101989 0.2196562 0.028614905 0.00381427 0.062109027 0.07582635 1.0274783e-05 0.013973979 0.025855087 1.18325315e-05 0.00019303242 0.018133027 0.00374838 0.0014693186 0.004422186 2.6639754e-07 2.3688375e-05 3.2515436e-07 0.003036841 2.3760244e-06 0.004361622 2.1284413e-06 0.0006218341 3.3405232e-07 4.6387638e-07 6.8322435e-05 0.00036404227 1.8347096e-07 0.00034338888 7.043196e-05 3.4780595e-07 1.4280994e-07 0.0008845127 3.8281687e-05 0.001590977 0.00082985876 6.1588815e-07 2.999506e-08 5.8240155e-05 2.3742828e-06 1.7299875e-05 9.29755e-05 8.5835967e-07 6.76901e-05 2.827432e-07 1.8023082e-06 8.4615435e-09 7.411387e-07 0.0010448488 3.7520973e-08 2.6298012e-06 2.0377372e-05 1.5918084e-07 1.241715e-06 1.455733e-07 2.7233838e-07 5.9552598e-08 3.9375603e-08 1.0279037e-05 1.691243e-06 7.3649755e-07 6.821576e-06 5.9816904e-07 5.604862e-06 1.3921137e-07 2.3648116e-08 2.4453291e-05 3.3617948e-07 2.6200021e-05 7.243847e-07 5.1659033e-08 3.5194904e-07 1.4979476e-07 2.9343203e-06 8.528353e-06 0.00052732794 1.9259182e-06 2.4574365e-05 1.9649557e-05 1.0559651e-05 5.9854113e-07 3.0163385e-08 3.6522403e-07 9.189952e-08 0.0001445695 1.9701889e-07 4.03151e-06 7.087207e-09 5.206996e-08 3.2229327e-08 5.531634e-08 3.0174104e-07 4.3002077e-05
0.019646829 0.03778933 0.0019110767 0.9990503 9.2060474e-14 0.06779226 0.007206629 0.94652957 0.028244456 0.8634839 0.011565306 0.04333376 0.0720112 0.66573346 7.706632e-05 0.28500977 0.3310378 0.00023110976 0.0024522685 0.09926462 0.024628922 0.090195015 0.22258167 3.3219323e-05 1.7828555e-06 1.1572935e-05 0.01005085 1.12465e-05 0.0010837482 1.26612285e-05 0.00208322 7.728e-06 3.966794e-06 0.00032223397 0.00034371164 2.4769182e-07 0.0039764126 1.43994e-05 7.6615987e-07 1.0186675e-06 0.0006793485 2.960731e-05 0.00883729 0.0025192304 1.2476262e-06 8.210428e-07 0.0009793035 1.3960783e-05 2.3721948e-05 5.157528e-05 3.4038646e-06 1.0803305e-05 3.7813309e-06 0.00012238882 8.7726775e-08 1.0715901e-05 0.012341516 1.5644911e-05 8.728782e-06 3.6137582e-05 1.2081848e-06 1.9916497e-05 1.4849849e-06 6.2972827e-06 8.732982e-07 5.859263e-05 2.9071432e-06 3.8888043e-06 5.6868857e-06 0.00026434904 1.2966834e-05 1.2259237e-05 6.002712e-06 5.6560964e-07 7.073591e-06 1.484546e-06 4.387259e-05 1.7744948e-06 1.3769622e-07 2.164941e-06 1.53099e-06 4.261491e-06 0.00024953228 0.0009229535 6.403597e-06 2.4530639e-06 8.014714e-05 2.952613e-05 2.864922e-05 5.181048e-09 1.7947365e-05 3.5232554e-07 0.0027504102 6.688043e-07 0.000114878756 2.4121587e-07 6.846217e-08 4.6130815e-08 8.9105384e-08 4.6475025e-06 1.9010908e-05
0.0007267086 0.5289137 0.9965497 0.13760245 0.06779226 2.1410038e-14 0.99731874 0.38721702 0.00042353364 0.023793345 0.00017658883 0.7214904 0.0022324636 0.2786694 0.015166187 0.19815874 0.011712096 0.08753176 0.0786857 5.2026735e-06 1.8183557e-06 0.12182142 0.028968899 3.934984e-05 0.0004709238 0.00020168733 1.770036e-06 1.7381288e-05 5.4036745e-06 5.7783864e-06 8.8904085e-07 3.9884555e-05 1.0342341e-05 1.7739252e-07 3.7294527e-07 2.3228804e-07 0.000409118 6.733572e-05 3.4012266e-06 1.09529175e-07 5.3841606e-05 1.2588758e-07 2.5320526e-06 1.3673788e-06 2.4938301e-05 8.9826635e-09 0.0005369071 9.735259e-07 3.89718e-06 6.700815e-06 3.0102794e-07 2.7418462e-06 2.8961642e-07 4.1729636e-05 6.5756474e-08 2.5184509e-06 2.2839624e-05 8.433014e-08 3.1610793e-07 1.0922064e-07 1.3961409e-07 1.8427706e-07 9.594378e-07 1.3206085e-07 1.4600172e-08 1.6700976e-06 1.03883465e-07 8.308878e-06 1.2032525e-07 3.771754e-06 8.375415e-07 4.7449123e-07 2.9473082e-08 2.3825217e-09 1.09535655e-07 8.004126e-09 1.0407778e-06 2.0715317e-08 1.6233216e-07 2.7897265e-08 4.875302e-09 1.1442645e-07 0.00017438394 1.5208479e-05 1.3415515e-08 2.6327195e-08 1.0571491e-05 1.8862233e-08 3.0023144e-09 3.066505e-08 5.4370077e-09 3.8278873e-09 4.4636305e-05 2.713505e-08 2.6976702e-06 5.453238e-10 1.3005386e-09 1.7222963e-07 6.183361e-06 2.5107598e-08 4.613284e-06
0.017839555 0.023129188 0.27494618 0.008285548 0.007206629 0.99731874 1.1220867e-12 0.3297912 0.00028927263 0.046835955 0.0003546332 0.9434077 0.0006567996 0.8728593 0.00073579035 0.8181587 0.12694839 0.018271362 0.39475182 0.0005169842 0.00020869375 0.77604586 0.42293203 0.000105397456 6.0180133e-05 0.0021090985 7.9910315e-05 0.000119178716 3.0102281e-05 0.000110744804 9.693191e-05 0.00022015099 6.0405127e-05 2.8943086e-07 6.485526e-07 1.4521951e-06 0.005518278 1.1208009e-05 0.0001235781 2.455245e-06 1.8951714e-05 2.3835005e-06 0.00041020935 6.3467065e-05 2.0412557e-05 7.16005e-08 0.020306325 1.0491058e-06 4.7321664e-06 5.193542e-06 6.9349567e-06 4.522291e-06 1.0124458e-06 0.002852697 2.7712733e-06 0.0003171771 0.00037169157 0.00013470888 6.3078255e-06 9.492631e-06 1.7487297e-07 1.464857e-06 0.00010581158 1.7730314e-06 1.222223e-07 0.00031996577 1.1590746e-06 2.9593533e-05 1.7130748e-06 0.0009448191 1.0771028e-06 4.6086716e-06 5.193901e-07 4.16171e-08 4.3231666e-06 3.3411604e-07 1.6209533e-05 8.1000684e-07 8.497798e-07 1.4942864e-07 4.2333068e-06 1.756218e-06 0.0006644793 0.000111599235 6.720193e-06 2.476683e-06 0.00014568337 0.000104734936 1.3161929e-05 6.5713186e-07 7.4783225e-06 3.9650288e-07 0.00064619764 1.785831e-07 0.00027187457 3.5149625e-07 1.2000014e-07 3.2472624e-08 3.310646e-06 1.4684165e-06 4.1284848e-06
0.23105267 0.16876955 0.32975298 0.7871666 0.94652957 0.38721702 0.3297912 1.4197944e-14 0.6310577 0.9951285 0.7210872 0.075770356 0.8453439 0.85758656 7.502575e-06 0.347182 0.7156399 0.0006554099 0.0034985174 0.56015337 0.12711972 0.060468506 0.18532258 1.1388528e-05 9.642504e-06 0.0002744879 0.042443715 9.6627555e-06 0.0060248473 4.917459e-05 0.007743402 4.6488326e-06 1.4336238e-06 0.0001535652 0.0016239769 3.7341632e-08 0.009549927 1.3095731e-05 2.604119e-07 1.0504944e-08 8.5390995e-05 1.1190824e-05 0.018706745 0.004104005 6.125481e-09 6.97149e-09 0.0028958302 6.380841e-06 6.4310584e-06 1.8358359e-06 2.2463288e-08 0.00010518719 3.462619e-08 0.00015144008 2.5527389e-10 1.6262875e-05 0.020650854 4.5920747e-06 2.7930928e-05 0.00015517532 1.0541398e-07 1.793195e-07 9.205421e-09 1.0149248e-07 1.0900144e-08 1.6284434e-05 6.1719793e-06 3.1448405e-06 4.7760875e-07 0.0021746606 5.1608293e-07 6.7110855e-06 2.1232118e-07 2.597317e-08 8.846206e-06 2.5980765e-07 0.00028084847 3.4463258e-07 3.1849028e-09 1.3127936e-08 1.2434846e-09 2.1806663e-06 3.3965025e-05 0.0015566562 6.5105583e-06 8.314173e-06 6.0217535e-06 0.00023674975 3.4691122e-05 4.042353e-09 0.00010100262 9.055417e-08 0.006090572 1.4427516e-06 0.00017056362 3.4245108e-08 3.7809627e-08 1.7308428e-08 1.3543351e-07 1.7763233e-06 6.3340325e-05
0.08926527 0.00936266 0.00019706806 0.6101989 0.028244456 0.00042353364 0.00028927263 0.6310577 8.89066e-15 0.18473521 0.9995041 4.6985165e-06 0.95116353 0.0050241905 9.936253e-08 0.0009320601 0.004110592 1.9351062e-07 2.4172698e-06 0.3037271 0.15639082 0.00024294287 0.00043078937 9.724537e-08 1.4528884e-07 1.4730233e-09 0.49259833 9.929049e-09 0.74809676 7.3851936e-08 0.009265858 6.60912e-08 9.858454e-09 0.0040269857 0.04958352 6.3967884e-09 7.6444994e-05 4.1238664e-07 2.992544e-09 2.4308036e-07 0.036163896 0.0051121 0.029760264 0.033293582 6.524447e-09 6.4238684e-06 4.4366643e-05 0.0015494823 0.0010129915 0.0007481911 9.111894e-09 0.00032020052 2.8148515e-05 1.8402787e-07 7.0701938e-09 2.1123904e-07 0.01586378 9.54494e-09 0.00088893715 0.00028210072 1.3962354e-07 6.3251496e-06 3.460649e-09 1.845853e-06 3.2244222e-07 3.4496455e-08 3.4335782e-05 1.0363114e-07 0.00011138795 2.8364148e-05 1.1292328e-05 0.00013374498 7.5707004e-07 3.216621e-07 2.5981855e-05 9.469899e-06 0.0051865783 1.0971225e-05 2.3192069e-10 7.097745e-07 8.027198e-09 1.2873524e-05 7.431494e-07 0.023200005 2.5327226e-05 0.00013282444 8.177031e-07 8.788525e-05 0.00018650289 5.938897e-10 8.1036305e-05 1.1727933e-06 0.00073506235 3.951453e-06 9.901622e-06 3.311151e-08 1.5579763e-08 8.058383e-09 4.733267e-10 2.6381033e-06 0.0009493808
0.9163491 0.017865859 0.08724131 0.2196562 0.8634839 0.023793345 0.046835955 0.9951285 0.18473521 1.7987166e-13 0.2869666 0.010251519 0.363189 0.8157778 2.0080638e-06 0.4725329 0.9165286 0.0002406386 0.0007907173 0.34079382 0.06767692 0.36142218 0.80458343 2.0192788e-06 3.5335e-06 8.498264e-06 0.014482501 1.3365877e-06 0.0003418651 8.361717e-06 0.031186594 6.40046e-06 3.5795015e-06 3.4494828e-05 0.0001310611 7.584112e-07 0.15703148 1.0568027e-06 1.04521654e-07 1.9329151e-07 0.00029628765 4.1244625e-06 0.3147384 0.047299817 7.257811e-08 4.432179e-08 0.06446876 7.097241e-06 1.3080742e-05 3.4822995e-06 7.0732566e-09 1.2054096e-05 6.8465926e-07 0.003955559 5.533703e-08 6.5346474e-05 0.42674753 7.4818934e-05 0.00027388544 0.0019390939 1.0125892e-07 4.950641e-07 1.9687877e-07 1.009663e-06 2.8582097e-08 0.00028340018 5.8586843e-06 1.8036753e-06 7.687586e-06 0.02188486 3.285512e-06 2.2741793e-05 5.469606e-07 5.9060085e-08 7.72246e-06 2.5715879e-06 0.0019231178 2.213174e-06 3.240399e-09 1.4130022e-07 7.8821494e-10 5.8834266e-06 0.00021606221 0.031789344 6.392508e-05 8.857463e-05 4.277189e-05 0.004133632 0.000880305 1.4362829e-08 0.00042464846 3.189076e-07 0.22008769 1.558868e-06 0.0048165508 3.589726e-08 5.5444787e-08 7.368015e-08 5.947813e-08 5.729084e-06 0.00052165205
0.09069247 0.00089273247 4.701876e-05 0.028614905 0.011565306 0.00017658883 0.0003546332 0.7210872 0.9995041 0.2869666 6.3025405e-17 4.380221e-06 0.97037256 0.025610888 1.4271737e-07 0.0022440192 0.06799641 2.409872e-08 3.405042e-05 0.70941997 0.55757195 8.1857856e-05 0.0006132078 1.8512e-06 1.4439823e-08 2.0773006e-08 0.7131946 3.59261e-08 0.45115557 7.785637e-07 0.023808466 2.4729766e-07 5.699199e-08 0.0015643488 0.062931225 6.069173e-08 0.00048893405 8.165357e-07 7.786966e-09 1.9194063e-07 0.00578625 0.0026898016 0.03531361 0.06984764 3.866292e-09 1.4075285e-05 6.163154e-05 0.0028790645 0.0008422992 0.00044843284 5.2331323e-08 0.00218287 0.00020467011 1.511551e-06 2.7552205e-09 5.3670124e-07 0.013985451 5.1597688e-08 0.003292215 0.0005630716 8.164306e-07 4.9181996e-05 6.29882e-08 8.94822e-06 1.3499064e-06 1.946775e-07 0.00022784987 1.6139762e-07 0.00034388626 0.00012010784 0.0001968894 0.00016331534 4.9750183e-06 4.7170604e-07 6.809133e-05 1.0127437e-05 0.0038598517 6.7584597e-06 1.6244599e-09 2.4255369e-06 3.041179e-08 2.0309953e-05 1.8348706e-05 0.02489557 0.00014237594 0.00018335876 7.744675e-06 0.00024357667 0.00045789534 9.4158424e-11 0.00010448374 1.5423767e-06 0.0023457715 3.3550034e-06 5.687024e-05 6.111713e-08 1.7764402e-08 1.2447145e-08 4.720134e-09 1.2416493e-05 0.00065809774
0.6810657 0.01641429 0.65083987 0.00381427 0.04333376 0.7214904 0.9434077 0.075770356 4.6985165e-06 0.010251519 4.380221e-06 2.9145991e-12 7.077879e-05 0.27436075 0.07702605 0.60347295 0.013736913 0.77121735 0.99268913 0.00012223801 8.6126e-05 0.853548 0.43459982 0.1565046 0.012274499 0.46535635 1.4931114e-05 0.13702792 4.883387e-06 0.05752726 4.1053117e-06 0.012144798 0.0012538169 2.0083155e-07 1.8914461e-07 8.30798e-05 0.006022848 0.0005098944 0.00096380914 5.61982e-05 1.3819851e-05 2.564795e-07 2.899052e-05 1.8681414e-05 0.00080097053 7.1749753e-09 0.66362095 1.248413e-06 1.0838386e-06 2.7860067e-06 1.1385574e-05 4.0434966e-06 8.163134e-08 0.5483213 5.597742e-06 0.0056064776 0.00027342845 0.0018615791 7.749133e-07 1.6953868e-06 7.595694e-09 1.3049329e-07 0.00015577581 1.6095157e-07 7.887446e-09 0.011980954 4.6852244e-07 3.6461017e-05 1.4536644e-07 0.0027109059 4.4492313e-07 9.442245e-07 2.529559e-08 2.8022091e-09 1.6246032e-06 6.9191934e-08 1.1763739e-05 2.5684187e-08 3.338851e-07 1.09545695e-07 3.050228e-09 3.1459038e-07 0.01377811 0.0005368306 3.2896176e-07 7.309529e-07 0.0008932836 6.092315e-05 1.2395332e-06 3.5337827e-08 1.1925153e-05 3.4266083e-08 0.0065692984 3.5997144e-07 0.0021214876 1.707831e-09 6.0504164e-11 8.164271e-08 1.1295015e-06 5.821793e-07 2.2119826e-05
0.8009431 0.001442923 0.001062157 0.062109027 0.0720112 0.0022324636 0.0006567996 0.8453439 0.95116353 0.363189 0.97037256 7.077879e-05 2.2370238e-13 0.05483978 3.6938118e-07 0.012695241 0.18761487 6.3677408e-06 7.4105825e-05 0.89235365 0.85366684 0.0011866863 0.010716557 8.040651e-07 2.3359941e-07 3.564844e-07 0.93939835 1.9494058e-07 0.57011425 1.4337223e-06 0.28527868 3.092102e-07 6.164479e-06 0.04554702 0.3088514 1.51938e-06 0.009383297 1.1049924e-07 3.230381e-07 5.8169934e-07 0.010759777 0.016515648 0.58435327 0.38137415 4.136439e-07 3.4807574e-05 0.0008381681 0.00571603 0.0012604274 0.0009546658 1.5574928e-07 0.014818734 0.00018300884 7.138741e-05 1.2694368e-07 2.1324735e-05 0.40685594 2.2146962e-06 0.013789316 0.017591644 4.123802e-06 7.6176235e-05 5.5907714e-07 1.4340445e-05 1.9595784e-06 1.690873e-05 0.0013851202 8.885374e-07 0.0008677654 0.0062266155 0.0002332614 0.0008646746 2.2524257e-06 1.0942088e-06 0.0005354424 3.0262347e-05 0.015874533 3.606233e-05 6.2209233e-07 3.8917015e-06 4.4088475e-07 0.00019242331 0.00031657843 0.12254791 0.00074164185 0.00092690735 2.7418922e-05 0.009291505 0.0061014206 5.4995684e-08 0.0016302972 5.8586115e-06 0.036085173 2.0356258e-05 0.0008289575 1.0944915e-06 1.1241573e-06 8.441386e-07 1.9851775e-07 0.00018001301 0.0044160187
0.62895554 0.0066567333 0.28058195 0.07582635 0.66573346 0.2786694 0.8728593 0.85758656 0.0050241905 0.8157778 0.025610888 0.27436075 0.05483978 2.544237e-14 7.563066e-05 0.970341 0.9545079 0.012454271 0.07580896 0.021335986 0.0015607886 0.58473736 0.773516 6.9518646e-05 5.1749967e-06 0.002177785 0.0006248054 0.00022142298 5.413922e-05 0.00030300338 0.0003428395 0.00019075988 3.855652e-05 5.243336e-07 8.474187e-06 1.1514325e-05 0.2619553 2.0610153e-06 2.7920809e-05 2.3463463e-06 3.5456692e-06 1.0329e-06 0.0016358929 0.0003140977 1.9163858e-06 9.790283e-09 0.1882201 2.0350426e-06 7.130365e-07 3.5062007e-07 1.6445432e-07 2.0957237e-05 9.426872e-08 0.012997336 4.5033495e-08 6.0683087e-05 0.006386537 0.00036644988 2.7733023e-07 5.3888667e-05 1.221864e-07 4.1654047e-07 7.3843944e-07 5.32772e-07 6.4891914e-08 0.0010571546 2.5598235e-06 1.3666878e-06 1.062442e-07 0.017827896 3.2005715e-07 5.602631e-07 8.351507e-08 8.124747e-09 1.0558659e-06 1.1031519e-07 6.1502333e-06 3.2055397e-08 3.7768544e-08 1.7893385e-08 4.1956283e-09 6.28096e-07 0.00015500713 0.00070426817 6.6050205e-07 2.716011e-06 1.1462862e-05 0.0009729427 1.6595624e-05 1.5349839e-08 8.3457555e-05 6.0804326e-09 0.03180838 4.3249596e-08 0.0055114385 3.1121274e-09 3.0709517e-09 1.6588906e-08 4.4675184e-07 4.0562205e-07 2.3187827e-06
0.013645691 0.00022247454 0.016924584 1.0274783e-05 7.706632e-05 0.015166187 0.00073579035 7.502575e-06 9.936253e-08 2.0080638e-06 1.4271737e-07 0.07702605 3.6938118e-07 7.563066e-05 7.355383e-14 0.001421487 1.3086482e-07 0.9975924 0.028501581 3.0022303e-08 5.5971064e-08 0.0009011366 1.5144002e-05 0.10578866 0.9992635 0.0008216166 2.9987982e-07 0.022937745 2.9737719e-06 0.00021732278 2.409634e-07 0.034013875 0.09499817 9.701744e-07 2.389214e-07 0.0051567834 2.2977074e-06 0.08408556 0.00502979 0.00010532451 1.1756046e-05 3.481868e-06 4.588351e-07 4.680658e-06 0.012570669 2.5203283e-07 0.0007325071 6.172912e-07 2.7967551e-05 3.679006e-06 0.00023338199 2.0054506e-07 1.2977858e-05 0.0014081555 0.000140626 0.00086251966 2.1572514e-06 1.1219013e-05 1.6655914e-06 1.0965062e-07 8.654842e-08 3.0833945e-07 0.00041593792 3.6641404e-07 4.9704557e-08 0.0001657545 5.5677294e-08 6.6176435e-05 1.2059425e-06 1.9222687e-06 2.5630823e-06 2.433686e-06 5.743866e-08 2.8256864e-08 3.6117805e-07 2.7825047e-08 4.4555577e-07 4.078421e-08 2.3214697e-07 2.7068352e-09 2.4125035e-07 1.2185373e-07 0.0011787374 1.8290737e-05 6.64631e-08 4.0439457e-07 0.00027681646 6.203387e-07 2.0789178e-08 4.2086995e-06 2.9206947e-07 1.0616878e-08 7.3546384e-05 1.15295915e-08 2.5865756e-05 3.0922067e-08 1.685056e-08 2.6130524e-09 1.3560411e-07 2.5008186e-08 1.6468823e-06
0.6333096 0.0008657291 0.28658396 0.013973979 0.28500977 0.19815874 0.8181587 0.347182 0.0009320601 0.4725329 0.0022440192 0.60347295 0.012695241 0.970341 0.001421487 4.3920206e-12 0.78745365 0.09054294 0.6318179 0.012020817 0.0013156 0.9789856 0.9248776 0.004443855 0.00012232686 0.04573026 0.0002685793 0.0048434515 6.137891e-05 0.0034034448 0.00025564645 0.00045745537 0.00012767222 9.593701e-07 1.2123116e-05 0.00016328355 0.3377706 5.2149404e-05 0.00033992424 0.00014157157 2.068339e-05 2.3577545e-06 0.00039295235 0.00020187169 5.217259e-05 4.1559744e-08 0.42087525 3.815381e-06 1.3692893e-06 1.130907e-06 7.748272e-06 1.4024528e-05 5.577431e-07 0.061838664 2.2759814e-06 0.00048415258 0.0017000597 0.010976773 2.3949988e-07 0.00012599191 1.2487457e-07 2.0928487e-06 6.197905e-05 1.2374309e-06 3.1245554e-07 0.0066581713 1.7464739e-06 2.3528008e-05 1.1133193e-07 0.023036437 8.60078e-07 1.2543933e-06 3.390321e-07 5.10236e-08 5.1281722e-06 8.1673977e-07 2.222597e-06 8.568494e-08 6.5792193e-07 1.6668491e-07 3.2320678e-08 1.4634425e-06 0.00044289324 0.00028909944 2.3393238e-06 1.5747127e-06 9.166841e-05 0.0009598759 4.947536e-05 8.8263397e-07 0.0002471766 2.089504e-08 0.019189948 4.60336e-08 0.0064381612 1.2386823e-08 5.1923057e-09 3.968352e-08 1.5690275e-05 3.1545908e-06 1.1795065e-06
0.81474644 0.00065407675 0.003710742 0.025855087 0.3310378 0.011712096 0.12694839 0.7156399 0.004110592 0.9165286 0.06799641 0.013736913 0.18761487 0.9545079 1.3086482e-07 0.78745365 3.2255652e-15 0.00014012358 0.015287709 0.6547964 0.09949895 0.37949458 0.9665592 1.5443205e-05 1.4942572e-06 0.0016745169 0.013113449 0.00022313173 0.00022813033 0.00087184494 0.043526072 5.714779e-05 1.4246376e-05 3.634827e-06 0.00028190087 3.439121e-06 0.9284799 1.7848648e-06 8.467393e-06 2.1027185e-07 3.7999737e-06 5.6290264e-06 0.04479978 0.0075136987 1.0129735e-07 1.8505556e-08 0.11593475 1.7188915e-05 9.528842e-07 2.9423725e-07 1.5693393e-08 0.00045713133 2.9068312e-07 0.016122121 3.2297383e-08 0.00016936385 0.11427557 0.0007779307 4.644319e-05 0.004129989 1.2326964e-07 3.3490414e-06 2.1279229e-07 1.7239834e-06 3.5188597e-07 0.0008540541 9.9781166e-05 1.8742827e-06 1.3764154e-06 0.13374996 7.69893e-06 1.4411558e-05 2.2885072e-06 1.8872822e-07 7.737326e-05 8.631878e-06 0.00047922696 7.757611e-06 5.0528136e-08 5.9781236e-08 4.139894e-10 5.395351e-05 0.00012580676 0.0056113345 0.00010614805 0.00012262483 2.2566515e-05 0.013356316 0.0010546815 3.8573726e-09 0.0014669673 1.0972276e-06 0.23813787 3.370178e-06 0.015864687 1.5666688e-08 2.2415012e-08 1.4272716e-07 4.9537726e-07 2.3910647e-05 7.025887e-05
0.50800717 0.0009239363 0.19378081 1.18325315e-05 0.00023110976 0.08753176 0.018271362 0.0006554099 1.9351062e-07 0.0002406386 2.409872e-08 0.77121735 6.3677408e-06 0.012454271 0.9975924 0.09054294 0.00014012358 5.11458e-15 0.52880824 5.2730115e-07 6.782443e-07 0.09077091 0.0042974814 0.99394125 0.33655205 0.050337527 1.5712592e-06 0.4169113 6.2833385e-07 0.014959334 4.183929e-07 0.07123773 0.120585985 1.4329534e-07 5.195605e-07 0.0016629655 0.00061039696 0.03160366 0.0046287533 0.00013444514 6.445201e-05 3.8331515e-07 6.155496e-06 2.6980508e-06 0.04621594 1.5993121e-08 0.058986176 6.6188676e-07 1.673685e-06 4.043155e-07 0.000110852474 1.9971196e-07 2.5006958e-07 0.228137 0.00013568348 0.09039415 2.7003227e-05 0.0028158373 9.9356654e-08 7.073085e-08 1.1993842e-08 2.471471e-08 0.0003065438 4.7845464e-08 3.5633723e-09 0.02615661 3.5831984e-09 0.0027095657 2.624462e-08 0.0001293162 2.7328893e-08 1.554224e-07 5.1059406e-09 7.2144246e-10 3.7147696e-08 1.1908565e-08 1.3939901e-06 4.1059796e-09 2.404943e-06 3.313765e-09 1.1488033e-07 8.855334e-09 0.010831264 5.992134e-05 1.2306214e-08 4.2315786e-08 0.0039562252 2.9646735e-06 2.4758316e-07 8.674695e-07 4.0456253e-08 4.5739923e-10 0.00025054955 2.1447368e-09 0.00032433105 6.4057226e-10 4.74262e-10 7.391658e-09 5.010806e-06 2.999779e-09 1.1079022e-06
0.81548 3.3615164e-05 0.3212244 0.00019303242 0.0024522685 0.0786857 0.39475182 0.0034985174 2.4172698e-06 0.0007907173 3.405042e-05 0.99268913 7.4105825e-05 0.07580896 0.028501581 0.6318179 0.015287709 0.52880824 2.0888353e-15 0.00011470359 0.00013750026 0.6797884 0.09883185 0.21694803 0.0014036773 0.918511 4.110546e-06 0.22261883 2.898119e-06 0.11557898 2.1199647e-05 0.014437951 0.0020376148 7.6658054e-08 1.5527506e-06 0.0011801496 0.07445851 0.002154483 0.0026658997 0.0008556161 1.6335272e-06 3.941447e-07 0.000104577346 2.6312351e-05 0.0011534456 6.4550547e-09 0.7931043 5.629389e-07 1.0397014e-06 8.5633684e-07 0.0009133302 6.4690794e-06 1.5968168e-07 0.8661485 4.7650556e-05 0.058517363 0.0006250092 0.34276676 1.2009608e-07 3.6780188e-05 8.347266e-09 1.3986903e-07 0.002274005 1.8088593e-07 3.596031e-08 0.2705076 4.6110804e-06 0.00043327117 5.998042e-08 0.01848352 5.479369e-07 7.706594e-07 3.5421436e-08 2.7831629e-08 1.5826385e-05 1.8054563e-06 2.594886e-06 9.325739e-08 6.065221e-06 8.7058646e-07 4.2738614e-07 2.940789e-06 0.023264145 0.0003631875 3.524756e-06 8.594282e-06 0.007059258 0.0016226857 0.00038680452 5.687681e-07 0.0011868364 6.050564e-08 0.0075855856 2.7650682e-07 0.0073594274 1.8330926e-08 3.5421015e-09 1.1996632e-08 2.9750867e-05 1.31017405e-05 1.2920599e-06
0.79717976 6.261278e-05 4.506755e-05 0.018133027 0.09926462 5.2026735e-06 0.0005169842 0.56015337 0.3037271 0.34079382 0.70941997 0.00012223801 0.89235365 0.021335986 3.0022303e-08 0.012020817 0.6547964 5.2730115e-07 0.00011470359 7.09907e-17 0.9871096 0.0029355898 0.042057615 1.6629448e-07 6.264903e-07 9.474782e-05 0.29286128 6.0301295e-07 0.0037761852 5.7795634e-05 0.89789784 1.1092586e-06 6.49903e-07 0.00034654883 0.010514553 4.4174264e-08 0.37176576 1.6697432e-07 2.506873e-07 1.3312307e-08 1.6051212e-05 1.1334385e-05 0.74330217 0.34241787 3.985442e-08 9.6134244e-08 0.0046425597 9.0763104e-05 9.036468e-07 1.3214332e-06 1.4294693e-08 0.007747117 1.0322353e-06 0.0005849643 2.4675662e-08 2.1913036e-05 0.65804505 8.318e-05 0.00028826718 0.0667378 2.5712703e-07 4.446156e-07 3.058899e-08 9.409066e-07 3.8020343e-07 0.00016531421 7.2558294e-05 3.5600434e-07 3.0344754e-06 0.17534709 9.695456e-07 1.6462613e-05 4.2065665e-07 8.520271e-08 8.908452e-05 3.5533599e-06 0.0019273545 1.8663402e-06 3.1114347e-08 1.788512e-07 5.109847e-09 4.205588e-05 7.064042e-05 0.22778243 0.00038387472 0.00044829454 9.692612e-06 0.08925727 0.018018564 1.2181549e-09 0.00540582 8.671998e-07 0.36039826 4.2403253e-06 0.012430747 4.3330415e-09 1.39065195e-08 1.9138888e-08 1.1713089e-06 2.620197e-05 0.00025617043
0.71270084 4.3579068e-05 3.4529785e-05 0.00374838 0.024628922 1.8183557e-06 0.00020869375 0.12711972 0.15639082 0.06767692 0.55757195 8.6126e-05 0.85366684 0.0015607886 5.5971064e-08 0.0013156 0.09949895 6.782443e-07 0.00013750026 0.9871096 1.2204495e-14 0.00089672115 0.0051732897 4.6091787e-07 6.226288e-07 0.00011482398 0.8626614 9.940742e-07 0.02970436 5.7380603e-05 0.9550956 9.433339e-06 8.2481773e-07 0.013130105 0.14698608 2.561584e-08 0.04046776 1.9751603e-06 8.8845945e-07 4.924143e-08 0.0005163954 0.003802918 0.6465336 0.70957714 8.0708006e-08 4.019856e-05 0.0014485623 0.008697974 0.0001847049 6.749629e-06 4.2670617e-08 0.22550204 5.108966e-05 0.00024498632 1.2560954e-08 6.0259413e-06 0.4395346 2.2029662e-05 0.0094975615 0.16649315 2.825281e-05 0.0002570313 1.5930249e-07 9.631058e-05 3.1508975e-05 5.7332516e-05 0.012790676 1.0741168e-06 0.00053822645 0.0441907 5.1165865e-05 0.001114303 2.916364e-05 9.971187e-06 0.0015416387 0.00014948075 0.013896719 6.961472e-05 3.0915757e-08 2.5015104e-06 1.25163035e-08 0.0006801948 4.4745924e-05 0.41412324 0.0029677944 0.005330714 2.433165e-05 0.12675971 0.08716555 9.601302e-10 0.010376457 0.00012590567 0.15438609 0.00030790767 0.009574435 2.2752967e-07 1.7805534e-06 2.8396545e-07 3.0520107e-06 0.00054292445 0.0026372555
0.949111 0.00016733755 0.2592422 0.0014693186 0.090195015 0.12182142 0.77604586 0.060468506 0.00024294287 0.36142218 8.1857856e-05 0.853548 0.0011866863 0.58473736 0.0009011366 0.9789856 0.37949458 0.09077091 0.6797884 0.0029355898 0.00089672115 2.1884244e-12 0.926567 0.0071094665 4.188848e-05 0.08476508 0.0002698185 0.010458305 8.080996e-05 0.0038562147 0.00015656292 0.0009959122 0.00035963536 7.6329013e-07 2.1940847e-05 0.00021260111 0.4013818 6.9329624e-05 0.00042443312 0.00018111008 1.2735499e-05 3.206185e-06 0.00037354423 0.0001946518 6.191118e-05 1.04454685e-07 0.9074079 5.59581e-06 1.2110227e-06 4.82552e-07 4.1292704e-05 5.2402716e-05 4.099723e-07 0.2689064 5.014769e-06 0.0013243911 0.0028625473 0.038338304 9.637379e-07 0.00020383428 4.601631e-08 2.0226942e-06 7.936766e-05 5.189326e-07 6.415584e-08 0.014414899 4.4514877e-06 5.1622672e-05 4.1156474e-07 0.062985495 6.891531e-07 2.0111954e-06 2.7517257e-07 3.8479687e-08 3.09844e-05 2.598454e-06 4.520357e-05 2.3160521e-07 1.0021258e-06 3.0629613e-07 7.4620786e-08 4.650478e-06 0.002095612 0.0011716895 3.158801e-05 1.1026208e-05 0.0005296256 0.0037452518 0.0013225263 1.2731632e-06 0.0018951632 2.1072012e-07 0.041030135 5.196036e-07 0.0228591 7.754936e-09 2.6918956e-08 3.907311e-09 2.8470437e-05 4.802071e-05 3.267375e-05
0.9681425 9.777259e-05 0.045002744 0.004422186 0.22258167 0.028968899 0.42293203 0.18532258 0.00043078937 0.80458343 0.0006132078 0.43459982 0.010716557 0.773516 1.5144002e-05 0.9248776 0.9665592 0.0042974814 0.09883185 0.042057615 0.0051732897 0.926567 3.0941768e-12 0.0003178463 5.8070077e-06 0.0059176176 0.0003860411 0.0003801487 5.9286125e-05 0.000524945 0.00046931155 6.240633e-05 0.00015432258 5.5695324e-07 3.414023e-05 6.606268e-05 0.9632577 3.0587227e-05 4.1706597e-05 5.8393393e-06 1.4711295e-05 1.4758799e-06 0.002878864 0.00057976425 6.2208137e-06 8.7361094e-08 0.7445411 7.976241e-06 1.5290275e-06 4.696256e-07 2.899266e-06 0.00023227732 3.89555e-07 0.056551576 3.3155104e-07 0.00024330062 0.016611967 0.0063493154 3.8068727e-06 0.0009001369 5.26783e-07 3.7007283e-06 9.151742e-06 8.0590837e-07 1.8805072e-07 0.002590543 1.8378933e-05 1.435358e-05 5.131545e-07 0.17662741 9.815142e-07 4.5464853e-06 6.0824976e-07 8.697006e-08 4.888385e-05 3.0146045e-06 7.7176635e-05 2.5258626e-07 1.4196262e-07 6.6263016e-07 5.4477622e-09 5.646759e-06 0.00020856521 0.0018429614 2.2016306e-05 2.5836911e-05 8.7724395e-05 0.011490718 0.0018268711 7.0359977e-07 0.005092357 2.8769605e-07 0.12561141 5.646428e-07 0.02892336 1.6742598e-08 3.50922e-08 7.491299e-08 8.42492e-06 3.6037436e-05 1.458721e-05
0.77613974 1.6434934e-06 0.0031146875 2.6639754e-07 3.3219323e-05 3.934984e-05 0.000105397456 1.1388528e-05 9.724537e-08 2.0192788e-06 1.8512e-06 0.1565046 8.040651e-07 6.9518646e-05 0.10578866 0.004443855 1.5443205e-05 0.99394125 0.21694803 1.6629448e-07 4.6091787e-07 0.0071094665 0.0003178463 4.19925e-15 0.080977485 0.229639 1.0012833e-06 0.977837 4.454702e-06 0.32381997 8.1024405e-07 0.80361277 0.586657 6.8015547e-06 7.7549e-07 0.20834248 0.00081371627 0.13419414 0.19013318 0.02134089 4.564117e-05 3.0752395e-07 3.9222095e-06 3.1988675e-06 0.014327159 9.677962e-08 0.046248116 2.0148202e-06 1.0295116e-05 7.921245e-06 0.0012193738 2.7107892e-06 1.6907474e-05 0.62129086 0.00016366724 0.8025893 0.00011300986 0.097705066 7.1963154e-07 2.1997132e-06 3.1447883e-07 2.3236804e-07 0.0043770066 2.2272034e-06 2.4376988e-07 0.27105868 6.983254e-07 0.012869448 5.8371484e-07 0.0006402984 4.907175e-07 1.0710159e-05 6.556036e-08 4.573299e-08 3.3819265e-06 2.601468e-07 2.9058929e-06 2.2100765e-07 7.06639e-06 1.766551e-07 5.7671303e-07 2.4208919e-06 0.09696525 5.8506583e-05 2.4241356e-06 6.753306e-06 0.006856758 0.0016242369 1.788618e-05 1.7632924e-07 5.7863188e-05 6.0633156e-09 0.001079759 6.46208e-08 0.0006810048 4.8742066e-08 2.8935991e-09 3.0598795e-08 2.397712e-05 9.482396e-08 3.3820072e-06
0.002375796 0.0008626221 0.015389513 2.3688375e-05 1.7828555e-06 0.0004709238 6.0180133e-05 9.642504e-06 1.4528884e-07 3.5335e-06 1.4439823e-08 0.012274499 2.3359941e-07 5.1749967e-06 0.9992635 0.00012232686 1.4942572e-06 0.33655205 0.0014036773 6.264903e-07 6.226288e-07 4.188848e-05 5.8070077e-06 0.080977485 5.7615655e-15 0.00014236943 1.0567513e-06 0.006456355 1.1747557e-06 0.00014273649 5.6379285e-08 0.05641671 0.514863 4.1460222e-08 3.7562987e-07 0.07409205 1.2694665e-06 0.9663461 0.032638874 0.0013519111 4.787041e-05 4.0657264e-06 6.379526e-08 1.7269625e-07 0.9803752 5.4184383e-08 3.692076e-05 6.0206764e-07 1.1458294e-05 3.0358779e-05 0.09292283 3.1932363e-05 3.02086e-07 0.00016102259 0.033122808 0.00068281434 2.2018057e-06 4.9905525e-06 5.611154e-07 6.271257e-07 8.575333e-07 1.3538424e-06 0.03414878 3.6305414e-06 2.3862125e-07 8.899425e-05 6.9325654e-07 0.0004108101 1.7253294e-07 1.4075413e-06 5.905296e-07 3.7768348e-07 1.8966448e-07 3.117571e-08 4.8096194e-07 2.3993175e-07 1.1887371e-06 1.366158e-07 1.350672e-05 4.1431765e-08 5.50389e-07 6.165678e-08 0.0010830844 0.00017931157 7.598073e-08 2.6619463e-07 0.00041219403 4.843402e-06 2.3339389e-07 0.0025759167 3.2337884e-06 6.096156e-09 0.00026132734 4.2491617e-08 9.416997e-06 8.0612694e-10 6.7904704e-10 2.1645534e-09 5.574592e-07 5.176319e-08 1.4473601e-06
0.42828268 6.3182647e-06 0.0010616921 3.2515436e-07 1.1572935e-05 0.00020168733 0.0021090985 0.0002744879 1.4730233e-09 8.498264e-06 2.0773006e-08 0.46535635 3.564844e-07 0.002177785 0.0008216166 0.04573026 0.0016745169 0.050337527 0.918511 9.474782e-05 0.00011482398 0.08476508 0.0059176176 0.229639 0.00014236943 6.6567875e-16 3.5237479e-06 0.5907536 6.888131e-08 0.9961315 7.825418e-05 0.052829653 0.009086302 2.7526115e-08 6.3491035e-07 0.013906244 0.013645612 0.0010834925 0.0092120925 0.0035563416 2.7607402e-06 2.009819e-06 0.0003419634 7.2892726e-05 0.00010460238 8.219438e-09 0.23099267 4.446046e-07 7.217016e-07 3.5601352e-07 0.00032354728 2.562596e-06 4.3693336e-07 0.8689239 2.2133332e-05 0.68335396 0.00040570894 0.868935 9.0298346e-07 0.00023358039 1.2506162e-08 2.7675955e-07 0.0011183037 6.2308686e-07 3.0332657e-08 0.45548564 1.5196002e-06 0.0011384418 3.3455893e-07 0.024881804 3.4804239e-06 2.9265957e-06 1.4979548e-07 1.8846698e-08 1.079781e-06 7.638021e-07 2.9434646e-05 2.0493799e-07 1.5106647e-06 8.824651e-08 3.8184405e-07 2.120833e-06 0.028048428 0.0011422067 3.5305727e-06 2.528075e-05 0.017889395 0.0033972752 0.0001697913 1.31856295e-08 0.0012857261 2.9391785e-07 0.002911641 1.8873902e-07 0.012473717 2.7835594e-09 1.3862763e-09 4.968473e-07 0.00014383103 5.65368e-07 4.232344e-05
0.81699854 0.0001500781 6.2275385e-06 0.003036841 0.01005085 1.770036e-06 7.9910315e-05 0.042443715 0.49259833 0.014482501 0.7131946 1.4931114e-05 0.93939835 0.0006248054 2.9987982e-07 0.0002685793 0.013113449 1.5712592e-06 4.110546e-06 0.29286128 0.8626614 0.0002698185 0.0003860411 1.0012833e-06 1.0567513e-06 3.5237479e-06 9.169623e-12 2.972679e-07 0.57861006 3.540136e-05 0.782233 1.576533e-05 2.294297e-05 0.51068217 0.97261745 1.9095727e-07 0.003987644 6.526411e-06 6.7068245e-06 2.984271e-07 0.0246183 0.17985 0.5680059 0.9327736 9.281855e-08 0.0031213558 0.00034082794 0.14789192 0.0031743099 0.0002622308 3.025787e-07 0.54148054 0.0005708428 1.4742039e-05 7.973822e-08 2.908832e-06 0.30707914 1.3409478e-06 0.16150066 0.0799651 3.6918686e-05 0.00189728 4.1649992e-07 0.00023870378 0.00011201935 7.483573e-06 0.07126352 8.25051e-06 0.0055917026 0.0061208657 0.00047485993 0.0052088844 0.00011048866 0.00010977468 0.0058744876 0.0008325536 0.08634099 0.00046840563 2.4523794e-07 1.4932366e-05 2.6250464e-09 0.0017685 8.397386e-05 0.7482196 0.0121005885 0.015739342 3.9977134e-05 0.032430828 0.07946425 1.6320103e-08 0.009075195 0.0002500795 0.061571967 0.00052153115 0.0026842833 5.8760503e-07 8.206777e-06 3.5712771e-06 1.9278277e-06 0.0006693285 0.017545851
0.9266977 5.0680377e-05 0.0007962919 2.3760244e-06 1.12465e-05 1.7381288e-05 0.000119178716 9.6627555e-06 9.929049e-09 1.3365877e-06 3.59261e-08 0.13702792 1.9494058e-07 0.00022142298 0.022937745 0.0048434515 0.00022313173 0.4169113 0.22261883 6.0301295e-07 9.940742e-07 0.010458305 0.0003801487 0.977837 0.006456355 0.5907536 2.972679e-07 2.2519364e-15 9.9252475e-08 0.9748088 9.711246e-08 0.6439452 0.1238309 8.9626454e-08 4.487883e-07 0.10832345 0.0009745887 0.029345196 0.1569238 0.03562233 3.5245005e-06 3.0870373e-07 1.3263647e-06 2.2048411e-07 0.0041062 8.61296e-09 0.12540632 1.5100849e-07 1.4892005e-07 8.79657e-08 0.007350494 1.8351207e-05 7.5621024e-08 0.8266667 0.00035424903 0.8607757 0.000104123246 0.24109429 5.602724e-08 1.1808734e-05 1.4158531e-08 1.2758463e-07 0.008307556 1.4852306e-07 7.624403e-09 0.4481321 3.912207e-07 0.0089687165 1.1427131e-08 0.0012015156 2.0392436e-07 1.3826204e-07 1.6661774e-08 1.10971445e-08 5.181918e-07 1.06061165e-07 9.924809e-07 1.111248e-08 1.0056831e-05 2.0998709e-07 1.9044533e-05 2.2658575e-07 0.23341341 0.0001779304 1.9490192e-07 7.1240567e-07 0.10570493 0.0011855066 0.0012439825 1.6276233e-07 0.00043942756 6.680851e-09 0.002891866 2.6278832e-08 0.0017514939 6.311263e-09 1.1085457e-10 7.5670364e-08 0.00020632768 6.681757e-07 3.2614912e-07
0.10560818 0.0005174032 4.6635173e-06 0.004361622 0.0010837482 5.4036745e-06 3.0102281e-05 0.0060248473 0.74809676 0.0003418651 0.45115557 4.883387e-06 0.57011425 5.413922e-05 2.9737719e-06 6.137891e-05 0.00022813033 6.2833385e-07 2.898119e-06 0.0037761852 0.02970436 8.080996e-05 5.9286125e-05 4.454702e-06 1.1747557e-06 6.888131e-08 0.57861006 9.9252475e-08 4.0853475e-13 2.0738664e-06 0.0022198835 3.3652854e-05 1.4913559e-06 0.99673647 0.9030582 1.8146908e-07 8.905378e-05 1.8300543e-05 6.578241e-07 2.0808777e-06 0.9536514 0.53866494 0.0027682332 0.021126986 4.1261757e-07 0.0030225923 4.112344e-05 0.030810172 0.1358171 0.06452414 5.96968e-08 0.014529489 0.002627945 5.574972e-06 1.6346304e-08 6.1021965e-06 0.0012413196 8.6041794e-08 0.006007211 0.00038244267 4.893394e-05 0.00018435609 6.4391955e-08 0.00016922096 1.7358096e-05 1.640968e-07 0.0021243251 1.2859167e-05 0.0021335306 0.00012443871 0.00013448989 0.0018519029 1.5092312e-05 4.629936e-06 0.0006079932 0.00010851852 0.011436025 0.00028712497 2.596663e-08 3.1979248e-06 3.3674297e-07 0.0007486832 3.5664496e-05 0.021353185 0.000976795 0.0017684773 2.7624512e-05 0.00059784006 0.0018564846 3.569147e-09 0.00042807456 9.566457e-05 0.00081983797 0.0001550197 0.00029171997 1.2307458e-08 5.4150394e-08 5.4090414e-08 1.1903427e-09 4.7515055e-05 0.0026871776
0.44718856 1.7083557e-05 0.00013676683 2.1284413e-06 1.26612285e-05 5.7783864e-06 0.000110744804 4.917459e-05 7.3851936e-08 8.361717e-06 7.785637e-07 0.05752726 1.4337223e-06 0.00030300338 0.00021732278 0.0034034448 0.00087184494 0.014959334 0.11557898 5.7795634e-05 5.7380603e-05 0.0038562147 0.000524945 0.32381997 0.00014273649 0.9961315 3.540136e-05 0.9748088 2.0738664e-06 4.8103383e-13 4.1596682e-05 0.12902392 0.022670062 3.6092604e-07 6.988442e-06 0.026470594 0.0013384195 0.0021102724 0.018628914 0.012715538 3.186878e-05 3.1825089e-06 0.00013184625 0.000120536984 0.0012912748 2.623845e-07 0.022679837 8.336682e-06 5.59897e-06 3.5956366e-06 0.00072632125 7.703222e-05 2.6720375e-06 0.4924326 6.0547012e-05 0.7820924 0.00020465157 0.7492334 3.7715276e-06 0.00014532467 2.5861343e-07 3.799553e-06 0.0028438037 4.4561125e-06 5.6598844e-07 0.18589477 1.9902427e-05 0.0018286238 1.4230073e-06 0.004651403 2.7070535e-06 7.719022e-06 1.0128823e-06 1.8979422e-07 2.6290076e-05 6.6006287e-06 1.1629094e-05 1.3602018e-06 6.7648994e-05 2.465708e-06 4.5546985e-05 2.351264e-05 0.03873823 0.00041214155 4.1087376e-05 7.04292e-05 0.02194909 0.0017427157 0.00060619897 1.0428115e-06 0.0009672008 2.6563712e-06 0.0008349549 5.529783e-06 0.0021478825 2.2305778e-07 1.4754984e-08 5.3974657e-07 0.0008785727 2.8907254e-05 1.4460625e-05
