7.8010056e-30 0.46712226 0.01715406 0.6425463 0.9059637 0.95290446 0.8773941 0.944309 0.7232573 0.007811267 0.92502487 0.08321278 0.0730252 0.69111663 0.47650543 0.013453204 0.0014813717 0.8777025 0.033109725 0.2481808 0.91791713 0.84876215 0.5917101 0.8929912 0.96010554 0.9606746 0.92810804 1.8465584e-05 0.029354054 0.92871386 0.9640386 0.5438313 0.98975635 0.96770114 0.15969686 0.24231414 0.0016280202 0.0012893182 0.99570096 0.6214304 0.14297311 0.84669477 0.99741644 0.00063632213 0.25274545 0.90724295 0.9097441 0.4677615 0.000997886 0.35192415 0.004292943 0.8435752 0.9985304 0.8735369 0.99514794 0.9734228 0.17179924 0.09598256 0.028636327 0.05949356 0.059982102 0.04881923 0.0034265926 0.5051535 0.8890326 2.621018e-06 0.99993265 2.6689494e-07 0.015284867 0.0042003873 0.0032521891 0.0033109447 0.016952796 0.013738996 0.95571876 0.0014166528 0.0033420515 0.0010013059 0.99974775 0.004156382 0.16994566 0.99792117 0.98469603 0.034816884 0.12272045 0.9998784 0.00081393943 0.10547004 0.94846547 0.22354287 0.0006486791 0.52777666 0.8183229 0.09985212 0.84046364 0.38435355 0.00039277403 2.8848981e-05 0.018006165 3.2182473e-07 2.801587e-05
0.46712226 3.917877e-17 0.88281 0.37968975 0.1087188 0.12594064 0.69668484 0.31875992 0.04528827 0.39517367 0.014608762 0.29623288 0.3003206 0.10996788 0.35331294 0.6735558 0.17791198 0.018980596 0.1613082 0.056506824 0.0026302128 0.0027799676 0.09852809 0.036466897 3.8115173e-05 0.0031441257 0.0006370684 0.0023102218 0.01796581 0.005949343 0.044409715 0.005456946 0.43534467 0.00020049296 0.009103163 0.009515431 0.007026872 0.0034265418 0.40756032 0.0012683339 0.0031935438 0.00022480608 0.5234242 0.0050278073 0.0046793534 0.0008859926 0.0032208667 0.0008750594 0.0013279482 0.0010426987 0.0036441658 0.0036634998 0.2895884 5.9809804e-06 0.016215697 0.002203164 0.0009360147 0.00044881916 0.0006552864 0.0006601108 0.00018869717 0.0001317153 0.0046278723 4.851701e-06 0.00010757159 2.993312e-05 0.004478305 8.63425e-06 0.0002867509 0.0014073009 0.00068745314 0.00015411625 4.8067854e-05 2.5495483e-05 4.223999e-06 0.00040078713 8.102405e-06 0.00072579674 0.00048769207 7.717259e-05 0.0051112324 0.0009884754 2.3354453e-06 6.7345604e-07 9.78258e-06 0.009475067 8.778188e-05 0.0012576717 2.6227744e-05 9.075206e-06 9.920124e-05 3.5604641e-09 3.2735068e-07 6.0910133e-07 0.02832796 0.024552627 2.5115455e-06 0.00013353254 7.318911e-07 9.4243603e-07 3.3346507e-05
0.01715406 0.88281 3.0893822e-16 0.083229765 0.01655355 0.01738326 0.4859852 0.061743952 0.008341483 0.49970707 0.002397641 0.2637121 0.20372503 0.02571297 0.19728008 0.61495197 0.30924383 0.0038503828 0.1028537 0.008934651 0.0002316811 0.0010429927 0.015317987 0.0029284428 1.31439665e-05 0.0003065131 0.00012752229 0.020420004 0.005017332 0.000816741 0.003133937 0.00048581805 0.33243102 8.197707e-05 0.0008637931 0.00047248864 0.002669907 0.0009578453 0.057994027 0.00012674791 0.00021281309 2.3626331e-05 0.13514465 0.024506843 0.00018577898 0.0008684272 0.00034166756 0.0003574794 0.0008592132 0.00013105996 0.0033801617 0.0011101911 0.0368263 4.322684e-06 0.00064269383 2.6884873e-05 1.4455138e-05 4.9954975e-05 8.823587e-05 8.362757e-05 2.6891772e-05 1.8718936e-05 0.0036763232 8.989114e-06 4.9559887e-05 1.0277772e-05 0.00011914247 2.1023307e-06 8.893615e-05 0.0003248214 0.00027467014 7.2154406e-05 2.8577545e-06 2.935146e-06 1.7946809e-06 8.947551e-05 1.2317997e-05 0.00017473285 3.237598e-05 0.000107159365 0.0003672749 3.1757736e-05 3.1097574e-07 1.989124e-06 7.175195e-07 0.0004399859 0.00033391715 0.00084396516 1.0684506e-06 2.8991403e-07 0.00066130003 9.754421e-09 4.7193083e-08 3.329574e-06 0.013910807 0.022102708 9.091241e-06 0.00014484538 5.910964e-07 6.2492927e-07 6.599172e-05
0.6425463 0.37968975 0.083229765 1.3665342e-17 0.9034613 0.7968043 0.04583437 0.3330927 0.3595244 0.0024231859 0.3273762 0.0025280677 0.46077716 0.6917684 0.0056833457 0.0280107 0.0014440333 0.0718452 0.00025993166 0.396053 0.07011171 0.10397576 0.6717672 0.067172095 0.008326025 0.01796249 0.01181702 0.00020442218 0.16237794 0.018033031 0.064265594 0.035729833 0.022987701 0.0030550002 0.08666573 0.06639792 0.016799811 0.004426547 0.079639025 0.008508065 0.02385455 0.006683896 0.0724765 0.00031112213 0.038932465 0.0014488447 0.006464726 0.0018361931 0.0017679138 0.014473194 0.018956153 0.004777312 0.10377102 6.6242166e-05 0.04254943 0.004811317 0.00079017424 0.0012171465 0.004844583 0.0019712793 0.000114226015 3.0375199e-05 0.009961402 2.331226e-06 5.3014023e-06 1.7121576e-05 0.006771528 6.4365804e-06 3.3018918e-05 0.0003632836 4.4062665e-05 0.00016940552 5.664161e-07 4.0372063e-07 1.0008437e-05 2.3477294e-06 6.422928e-07 7.0451606e-06 0.0026082925 1.1098703e-06 0.00023034384 0.0012459498 8.872855e-06 1.5985127e-07 5.565338e-07 0.0016654208 1.6387121e-06 9.783302e-05 0.00018304061 1.565238e-06 5.7578046e-07 6.3370895e-09 2.5835135e-07 1.5790164e-08 0.01274947 0.009331057 1.4183846e-06 1.0875251e-05 1.0417012e-08 5.399989e-07 1.0832889e-06
0.9059637 0.1087188 0.01655355 0.9034613 1.0766399e-15 0.84635067 0.029725261 0.31308323 0.39172134 0.00095790706 0.5094637 0.0014273928 0.18158925 0.5854239 0.0040845643 0.010864725 0.0008253635 0.056498773 0.0003517174 0.29187703 0.07465791 0.07220246 0.55398643 0.05689698 0.0034759077 0.020643996 0.006678521 0.00018006092 0.07160813 0.009532857 0.059893116 0.010764776 0.028478974 0.0035398395 0.049301878 0.06545943 0.01640584 0.00804252 0.099248454 0.009167331 0.01808193 0.017507391 0.11696347 0.0004764681 0.05423574 0.0009655148 0.0044622007 0.0007629581 0.012826638 0.020086078 0.0414388 0.0025467773 0.14573652 2.0695721e-05 0.055326838 0.0017857563 0.0022231864 0.0018807476 0.009178248 0.0032505053 0.0005684948 0.00030506842 0.08343041 8.084572e-07 5.170542e-06 0.00054417294 0.015898287 0.00024592687 0.00015673562 0.002188526 0.0011994982 0.005212925 9.925319e-07 8.9937555e-07 3.2090513e-06 0.00032870105 7.602126e-06 0.0003853213 0.0030619905 5.154605e-06 0.00073979073 0.0013057061 4.2131487e-06 1.5488395e-07 2.0409598e-07 0.0019353519 1.5061788e-05 0.000112449736 8.636164e-05 9.877351e-07 1.0983393e-06 2.9715845e-09 1.4935179e-06 4.7283515e-09 0.012205564 0.014008844 1.6157096e-06 4.4045904e-05 8.019748e-08 2.9138243e-06 5.5148257e-06
0.95290446 0.12594064 0.01738326 0.7968043 0.84635067 1.683094e-15 0.02397758 0.65505993 0.5800519 0.00054544304 0.6982454 0.00060867605 0.14425357 0.5311179 0.003085375 0.0064576208 0.00043208402 0.07801716 0.00022485583 0.2922058 0.10612667 0.098018065 0.5450305 0.08040205 0.0032031094 0.025986925 0.006364369 0.0001388226 0.06788708 0.010038186 0.07691892 0.007686663 0.023011109 0.0029692196 0.05261023 0.08686869 0.01572761 0.0069954367 0.16573286 0.00853157 0.016115442 0.01542822 0.16808993 0.00043974532 0.07188298 0.0007003493 0.0042153397 0.00045385663 0.012129739 0.019468933 0.04186699 0.002002478 0.2072785 5.283425e-06 0.0607164 0.0017398701 0.0020770277 0.0015874659 0.0034973496 0.0017600746 0.00030440348 0.0001521133 0.065002576 1.972648e-07 1.3871472e-06 0.0002140829 0.017702667 0.000104306324 0.00012885162 0.00058014394 0.0004396908 0.0041926973 5.6912614e-07 5.334212e-07 1.2456135e-06 0.00030473227 9.026215e-06 0.0002641094 0.0032138966 6.1793235e-06 0.000927875 0.0012482083 3.9087113e-06 4.6206193e-08 1.2428468e-07 0.002392674 1.2223095e-05 0.00013826054 6.520603e-05 3.6440193e-07 3.197905e-07 2.0535214e-09 2.2555728e-06 2.4065818e-09 0.017362287 0.01650206 1.1519261e-06 1.0898217e-05 6.1159575e-08 1.3527338e-06 2.5364438e-06
0.8773941 0.69668484 0.4859852 0.04583437 0.029725261 0.02397758 3.3355929e-12 0.06617098 0.003589713 0.38665202 0.0017138051 0.7263014 0.10878453 0.08584277 0.8589543 0.10761088 0.10581023 0.0018454316 0.6601984 0.030044602 9.7464814e-05 0.000114655144 0.03284698 0.0067857765 7.3636033e-06 7.570029e-05 1.9722325e-05 0.0020275556 0.0031039857 9.67293e-05 0.010476672 0.00018201445 0.79942775 8.918806e-05 0.0011820858 0.0026038017 0.004329073 0.0037452627 0.40271172 0.0001777169 0.00045120128 9.549885e-05 0.62959814 0.0058212974 0.0012630982 0.00018005629 0.00028187805 0.00012373978 0.00045991284 0.00019662653 0.00078546343 0.0001446524 0.2249078 1.8067344e-06 0.0071858307 5.670463e-05 0.00013648605 0.00017107304 0.00019611526 5.2297873e-05 3.037439e-05 1.162927e-05 0.015200106 2.3388732e-06 1.851832e-06 9.170648e-06 0.02224577 1.7433539e-06 3.127492e-05 0.00042188502 0.0002976039 0.004503617 3.1255913e-06 3.0054448e-06 4.844024e-07 0.00038896798 5.2061678e-06 0.00036353385 0.0016039696 2.0463487e-05 0.008596057 0.00045979468 2.820161e-07 7.8183837e-07 3.3254437e-07 0.010955459 0.00014334408 0.0045881853 4.3237396e-06 2.9744342e-07 5.209366e-06 6.193845e-09 1.7612917e-06 1.0906784e-07 0.03790399 0.023904989 3.9950473e-06 1.315376e-05 1.4185753e-06 7.34077e-07 1.4292419e-06
0.944309 0.31875992 0.061743952 0.3330927 0.31308323 0.65505993 0.06617098 9.209361e-19 0.8712084 0.0013884609 0.3111175 0.0021310728 0.027072905 0.076621786 0.0053703715 0.0046761897 0.00085081777 0.83047336 0.00027150247 0.022637203 0.07916245 0.04397354 0.09743713 0.4386415 0.010048027 0.028870817 0.009348974 0.00012662986 0.0025893115 0.027064472 0.2814675 0.002991607 0.028247876 0.0031181767 0.006496511 0.004864124 0.0002172026 6.4499975e-05 0.49687755 0.0016495554 0.0021084368 0.0010343309 0.3356594 7.64275e-05 0.00086952327 0.0007114081 0.009214382 0.0004991631 4.0842388e-05 0.00042037317 0.000500902 0.0068238503 0.6332082 1.1676658e-05 0.40302166 0.005434518 0.0003282099 0.00047567082 9.318952e-05 9.144731e-05 3.2096104e-05 9.58809e-06 0.00014513479 1.7235926e-07 1.3679787e-06 5.674555e-08 0.11178261 2.9906627e-08 6.876953e-06 3.6707126e-05 4.679319e-06 5.863139e-06 6.0263005e-07 2.7426452e-07 1.8113142e-05 3.087603e-07 4.5150662e-07 6.1427215e-07 0.0035971033 2.1103638e-06 0.00073924457 0.0008634999 5.686192e-06 4.785849e-09 1.6890768e-06 0.012008946 9.0976374e-07 0.000169144 3.2765773e-05 3.7920472e-07 3.7543396e-07 1.2984813e-09 5.5443735e-08 2.878291e-09 0.015500774 0.01009747 1.758191e-07 1.445424e-07 6.1187715e-11 3.813402e-08 2.7884005e-07
0.7232573 0.04528827 0.008341483 0.3595244 0.39172134 0.5800519 0.003589713 0.8712084 9.854192e-19 0.00013101312 0.90556973 0.00030316383 0.022016192 0.09550568 0.0007077771 0.00040061824 0.00025606758 0.6142521 7.933815e-05 0.038323563 0.27470922 0.21892917 0.39799497 0.107088916 0.020813402 0.04435053 0.036799304 0.00021629846 0.0075823483 0.051169373 0.08105411 0.03987713 0.006293252 0.006992922 0.080887586 0.047918502 0.0007097078 0.0001934539 0.037435804 0.0147623485 0.033017855 0.011364116 0.039359458 0.00021388658 0.019997772 0.0026061144 0.015401465 0.0033314296 0.0003718729 0.011293201 0.001705072 0.017193828 0.061070997 4.103467e-05 0.059483726 0.009680812 0.0037478474 0.0040012454 0.002200658 0.0016934036 0.00077650725 0.00045274413 0.0026644815 2.4930366e-06 1.4234044e-05 2.3180842e-06 0.026673589 7.150256e-07 0.00020104265 0.00027371832 0.00016535727 5.103361e-05 1.256489e-05 9.725437e-06 2.0783442e-05 1.3100455e-05 1.3672477e-05 1.0488332e-05 0.00402302 7.521043e-06 0.00014764303 0.005742708 2.3814202e-05 1.6815895e-07 2.2896775e-06 0.007413372 3.263465e-06 3.6363992e-05 0.0004427727 2.2946372e-06 1.0309337e-06 5.2188085e-08 8.60597e-06 8.41855e-08 0.0044974983 0.005319049 1.7486088e-06 8.067424e-06 4.6351836e-08 3.6631099e-07 2.8229042e-06
0.007811267 0.39517367 0.49970707 0.0024231859 0.00095790706 0.00054544304 0.38665202 0.0013884609 0.00013101312 3.1953664e-14 2.1636932e-05 0.6504053 0.066452935 0.008191248 0.29869094 0.67841834 0.96339667 5.006744e-05 0.6809939 0.00289041 1.2122267e-06 1.8120285e-06 0.00011917043 7.86751e-05 1.6068319e-07 7.692254e-07 5.2331796e-07 0.1417401 0.0006141676 7.0807204e-07 0.00017139933 6.1045894e-06 0.25910804 4.273974e-06 7.772072e-06 6.2625586e-06 0.0019144233 0.0024608723 0.003801121 1.0602906e-06 9.331741e-07 7.0396356e-07 0.019156095 0.16374369 5.3283325e-06 1.2488911e-05 7.4260015e-06 1.5149626e-06 0.00014558726 1.2786436e-06 7.1006296e-05 4.62483e-06 0.0016970556 7.086777e-08 7.1580853e-06 8.1653883e-07 1.119108e-07 6.39491e-07 3.3256407e-07 1.603822e-07 9.94469e-08 4.622391e-08 0.00010670027 2.7705744e-07 6.898745e-07 9.300698e-07 7.838231e-06 1.8865553e-07 2.386522e-07 1.9340168e-06 3.065932e-06 1.1518713e-06 1.3635469e-07 7.7853365e-08 2.7384099e-08 2.8313243e-06 9.788682e-08 4.1935127e-07 7.2167722e-06 1.1391492e-07 0.0009506876 2.8092065e-05 5.8357736e-09 1.4567912e-07 1.48489425e-08 0.00017630126 5.837199e-07 0.0017853195 9.3086264e-08 9.702115e-09 5.8402197e-08 2.2055875e-09 2.9443079e-08 1.1366548e-08 0.014820233 0.005835469 3.7273818e-08 7.2421855e-08 4.6065836e-08 4.0533184e-08 6.85072e-09
0.92502487 0.014608762 0.002397641 0.3273762 0.5094637 0.6982454 0.0017138051 0.3111175 0.90556973 2.1636932e-05 2.6876415e-20 5.332127e-05 0.02723185 0.20437704 0.00019105135 8.0639824e-05 3.821869e-05 0.3237544 1.0743385e-05 0.100060314 0.43702355 0.36945942 0.5985013 0.10198329 0.04142988 0.08741039 0.06691698 6.869602e-05 0.024622465 0.044220142 0.08654844 0.049000096 0.007911529 0.01969006 0.09644683 0.105030075 0.0025012328 0.0011230597 0.039376605 0.02600176 0.040686585 0.04025915 0.043180548 6.131741e-05 0.084275134 0.0029626556 0.011024433 0.0025030284 0.0017166123 0.041805018 0.006528407 0.008904644 0.056571078 4.7980287e-05 0.07410763 0.0046147984 0.0044274167 0.0024836196 0.0064208214 0.0054430426 0.0008017302 0.00035385886 0.019891845 3.2821097e-07 3.3448637e-06 4.760654e-05 0.031740826 1.9214558e-05 0.0001682715 0.00064321875 0.00031159513 0.0011609786 1.3737769e-06 1.766525e-06 6.7830097e-06 4.0189363e-05 5.3278295e-06 5.55369e-05 0.007549969 3.920908e-06 2.854071e-05 0.004299222 9.228236e-06 4.6166814e-08 2.6757772e-07 0.003978129 3.500471e-05 3.322602e-06 0.00014234731 9.077955e-07 6.3976125e-07 9.501092e-09 5.5067535e-06 9.954991e-09 0.0028702628 0.003518157 6.716018e-07 1.1167039e-05 3.8139255e-08 1.1670139e-06 3.339031e-06
0.08321278 0.29623288 0.2637121 0.0025280677 0.0014273928 0.00060867605 0.7263014 0.0021310728 0.00030316383 0.6504053 5.332127e-05 2.1953819e-11 0.037822183 0.008286085 0.77604246 0.13482225 0.2533591 0.00011284829 0.96875566 0.002452374 3.3348526e-06 4.1232556e-06 0.00017057991 0.0002541226 9.7836796e-08 2.9769642e-06 1.1749349e-06 0.019697698 0.00045652332 1.6433837e-06 0.0004442361 9.311672e-06 0.68398774 1.097686e-06 2.395689e-05 3.8627662e-05 0.00057378714 0.00063262426 0.013790381 2.1036744e-06 3.6886993e-06 4.2898526e-07 0.07998554 0.056725476 4.7614826e-06 2.6957491e-06 1.7998496e-05 1.5328511e-06 4.339853e-05 3.163961e-06 6.807412e-05 1.586193e-06 0.0077910717 3.6205453e-08 0.00012721655 7.626139e-06 1.6368487e-06 3.9926094e-06 9.290122e-07 1.1834726e-06 2.9849426e-07 1.565085e-07 6.208613e-05 1.1037792e-07 8.1163876e-08 6.1072825e-07 0.00036744078 4.1259713e-07 1.0348118e-06 1.622872e-06 2.2167906e-06 3.430362e-06 3.541122e-07 1.7102694e-07 5.0003425e-08 8.938962e-07 5.8132354e-08 1.620723e-07 2.2835355e-05 1.7701534e-07 0.006457519 4.5502744e-05 1.9498138e-08 7.211626e-08 2.4890882e-08 0.00069715333 1.8985984e-06 0.0057422235 3.8596284e-07 3.9545607e-09 2.7149767e-07 1.5250611e-09 5.6252722e-09 1.3763234e-08 0.012961903 0.0067089456 1.5185057e-07 9.58691e-08 6.68927e-08 3.7642884e-09 1.2293452e-08
0.0730252 0.3003206 0.20372503 0.46077716 0.18158925 0.14425357 0.10878453 0.027072905 0.022016192 0.066452935 0.02723185 0.037822183 2.093276e-17 0.8274029 0.00812504 0.8097123 0.04185867 0.0044480017 0.0030877283 0.8745622 0.0021801714 0.007919471 0.23859437 0.0055882027 0.000105095736 0.0003357321 0.00017789545 0.00084788515 0.69942814 0.00044957615 0.0030915304 0.0019758982 0.013562198 0.0001127302 0.010944672 0.014244644 0.44149145 0.32904726 0.014533278 0.0008380609 0.005835805 0.00035541545 0.022529967 0.007382311 0.00785193 8.5530286e-05 5.134913e-05 0.0002521279 0.124423936 0.0014700162 0.15748245 0.00022138158 0.010436987 1.9131846e-06 0.00028157685 6.673192e-05 0.00028045048 0.00015769685 0.006820526 0.0023778917 5.6088007e-05 3.6746e-05 0.12624225 4.3444206e-07 2.3758885e-06 0.0016470286 6.30793e-05 0.0012370175 0.00011086875 0.00077052164 0.0015412368 0.006617177 5.134137e-06 2.8441711e-06 2.0607824e-05 0.00056433707 1.9037034e-05 0.00021457918 5.6507968e-05 9.174375e-06 0.0017132863 0.001085293 5.0461977e-06 2.7829304e-07 1.416018e-06 0.0014017797 6.590178e-07 0.0032017122 3.2756554e-05 3.9326897e-06 8.713947e-07 1.5896866e-08 9.470667e-06 1.0544475e-07 0.12871441 0.18400364 1.3487965e-05 3.8875023e-06 6.767299e-05 8.7777033e-07 6.195648e-07
0.69111663 0.10996788 0.02571297 0.6917684 0.5854239 0.5311179 0.08584277 0.076621786 0.09550568 0.008191248 0.20437704 0.008286085 0.8274029 2.4286888e-16 0.007087505 0.32275233 0.004090616 0.025469372 0.0007962289 0.90456873 0.039345983 0.061921947 0.74265635 0.034462623 0.0059326226 0.008808123 0.002631652 0.00012359802 0.55201405 0.003694709 0.037066255 0.018765308 0.031424202 0.0046080872 0.056682285 0.11415946 0.067306064 0.029153347 0.054483972 0.008552222 0.024654813 0.009899745 0.078042656 0.0007506697 0.059366997 0.00042042907 0.0008196898 0.0008916932 0.029031867 0.018794676 0.12857574 0.00045074106 0.05715214 1.45632175e-05 0.011863029 0.00041431157 0.0020676826 0.00093639735 0.029378917 0.0077221734 0.00025664212 0.00012755016 0.22077525 2.597645e-07 4.1179442e-07 0.0016088567 0.0010007704 0.0005380514 8.7063796e-05 0.0050210147 0.0066230865 0.029005334 1.3391498e-06 3.466278e-07 7.831693e-06 0.005099491 3.915266e-06 0.0031009456 0.00042479634 8.88166e-06 0.00036325748 0.0005267154 9.456326e-06 9.075457e-08 2.6306702e-07 0.0015780999 1.4308287e-05 0.00025166813 0.00015386101 3.850711e-06 4.890355e-06 3.4585708e-09 3.4868322e-06 6.3036003e-09 0.034166418 0.06199284 4.8924676e-06 1.4180201e-05 2.9075812e-08 2.0036643e-06 6.2310382e-06
0.47650543 0.35331294 0.19728008 0.0056833457 0.0040845643 0.003085375 0.8589543 0.0053703715 0.0007077771 0.29869094 0.00019105135 0.77604246 0.00812504 0.007087505 2.5818468e-12 0.035311498 0.099129975 0.00043160378 0.8038647 0.002577856 1.615709e-05 5.2816187e-05 0.0016106399 0.0020434053 1.7875544e-06 3.1603045e-05 1.885933e-05 0.0026899967 0.0002984708 3.0906314e-05 0.002448037 1.8014378e-05 0.8708021 2.6994398e-05 0.00023048051 0.0007085312 0.00051274896 0.00028316348 0.2480022 3.232495e-05 4.0747847e-05 7.8214825e-06 0.53278136 0.0027385983 0.00010393565 0.00032051766 0.0005210362 0.00016801075 0.00018295125 3.214925e-05 5.6790304e-05 0.00032907992 0.1045725 5.9706684e-07 0.0017962991 9.26087e-05 1.8035988e-05 5.0574014e-05 2.790308e-05 1.7322905e-05 1.0242478e-05 5.658112e-06 0.00045066778 1.4324854e-06 2.1543258e-06 5.188577e-06 0.003810534 9.820357e-07 4.6361747e-06 3.4325858e-05 8.560906e-06 0.00017048216 1.908152e-06 1.4469183e-06 5.438564e-07 1.1684956e-05 3.8562544e-07 1.9293993e-05 0.00032046295 5.104668e-06 0.0016003819 0.00022694684 5.29616e-07 5.317816e-07 1.0869616e-06 0.002936926 1.4697455e-05 0.0010733289 3.4252232e-06 2.790691e-07 3.994289e-06 6.9504194e-09 2.1847806e-07 8.192322e-07 0.0066707744 0.0037203894 3.2910787e-06 3.4548768e-06 6.240226e-06 9.272388e-08 1.0899915e-06
0.013453204 0.6735558 0.61495197 0.0280107 0.010864725 0.0064576208 0.10761088 0.0046761897 0.00040061824 0.67841834 8.0639824e-05 0.13482225 0.8097123 0.32275233 0.035311498 3.4540324e-18 0.7519254 1.5187332e-05 0.08789445 0.31163642 1.5013171e-05 3.9848037e-06 0.0185814 1.2800827e-05 3.9767949e-07 2.3505052e-06 4.3586697e-06 0.31771925 0.21986048 4.8168533e-07 2.648719e-06 4.5502182e-07 0.027208032 1.299594e-05 4.66179e-05 0.00076138944 0.31936198 0.17429757 0.0035560417 7.2812095e-06 1.4212375e-06 4.5122015e-06 0.010218342 0.81309307 0.00058893353 1.1389342e-05 1.9785547e-07 2.5492968e-06 0.03145448 1.5782029e-05 0.030990735 4.860924e-07 0.0023119233 5.3544613e-07 1.9705376e-06 1.2417551e-08 1.4952559e-05 2.8947381e-06 0.00030813183 0.0001649693 4.5272657e-08 3.1821294e-08 0.04809699 1.6673064e-06 3.467678e-06 2.559847e-05 2.9636958e-06 2.7241138e-05 0.0004152689 0.0001295096 0.00013118127 0.0012172557 8.5927645e-08 4.9268955e-08 7.607199e-07 2.9036962e-06 2.8255668e-05 2.1266255e-06 1.3249476e-06 1.8919156e-05 0.004076518 1.0289825e-07 3.3107217e-08 8.1611375e-09 5.229475e-10 5.972565e-05 2.0951902e-05 0.0022590517 4.6334865e-08 1.5935079e-09 3.907539e-05 4.7733625e-08 2.751707e-09 3.1997534e-09 0.051340334 0.046008956 7.466378e-08 4.9166472e-05 7.1272055e-10 4.564787e-07 2.601329e-07
0.0014813717 0.17791198 0.30924383 0.0014440333 0.0008253635 0.00043208402 0.10581023 0.00085081777 0.00025606758 0.96339667 3.821869e-05 0.2533591 0.04185867 0.004090616 0.099129975 0.7519254 4.902424e-14 5.7600402e-05 0.393987 0.0022715267 6.680556e-06 1.260249e-05 0.00013106121 4.602665e-05 7.4630293e-07 1.7610565e-06 1.2228709e-06 0.72034335 0.00048168542 2.9217185e-06 3.1116677e-05 1.4797339e-05 0.063254885 1.6793298e-05 7.768994e-05 3.336951e-05 0.0017852335 0.0024930274 0.0020125916 3.152645e-06 1.1260066e-05 9.123569e-06 0.006419349 0.44388732 4.511472e-05 3.4932214e-05 1.6795451e-06 1.4418073e-05 0.00017799217 1.2919398e-05 6.4474516e-05 2.4894066e-06 0.0010927535 3.0504088e-07 4.543954e-06 3.9198665e-07 3.6422043e-06 7.088495e-06 9.071988e-06 5.7118937e-06 2.575665e-06 1.5181444e-06 0.0007431088 6.5592036e-07 2.6395803e-06 2.1725937e-06 1.0693024e-05 4.7338585e-08 3.8265753e-06 1.2840626e-05 3.6683257e-05 2.0421223e-05 7.962625e-07 6.962348e-07 1.0615832e-07 5.213163e-06 1.1374086e-06 1.0754698e-06 7.381842e-06 4.416397e-07 0.0008643424 1.7046501e-05 4.2924732e-08 4.1622351e-07 2.541286e-08 6.0240942e-05 8.9373594e-07 0.0038090718 1.2426395e-07 2.2689228e-08 1.3961888e-07 2.6768563e-09 2.4497833e-08 2.226188e-08 0.02457394 0.018928988 4.606911e-07 2.076976e-06 1.4959475e-07 6.298974e-07 9.734706e-08
0.8777025 0.018980596 0.0038503828 0.0718452 0.056498773 0.07801716 0.0018454316 0.83047336 0.6142521 5.006744e-05 0.3237544 0.00011284829 0.0044480017 0.025469372 0.00043160378 1.5187332e-05 5.7600402e-05 8.0712484e-19 4.189112e-05 0.006226738 0.84967226 0.48351923 0.12307053 0.82058066 0.09051581 0.49782002 0.082241535 0.00011609309 0.0011202511 0.14854723 0.18075792 0.030849077 0.003841554 0.024219915 0.043843172 0.014852535 7.740581e-05 3.3554727e-05 0.026269745 0.015000729 0.015658308 0.010888011 0.02061161 6.594334e-05 0.004272063 0.0084237475 0.03757041 0.006210763 8.583098e-05 0.005745817 0.00046281458 0.04581467 0.040998254 0.00035641895 0.1498328 0.0383292 0.005330648 0.006758399 0.0008450848 0.0011394613 0.0021308016 0.0011395942 0.00015743404 2.9913203e-05 9.806244e-05 1.0293805e-06 0.04193924 1.5588138e-07 8.908215e-05 0.0001205086 6.141696e-05 8.4226385e-06 3.6132074e-05 1.2557152e-05 0.00017883696 5.024147e-06 4.9410596e-06 4.0099408e-06 0.0058268625 3.7430802e-06 6.0309005e-05 0.009051278 0.0001305652 3.6242434e-07 2.2777696e-05 0.012815834 5.788156e-07 1.7590417e-05 0.001064432 5.043972e-05 2.7377192e-07 1.2659031e-07 0.00011756141 1.9903793e-07 0.0033026524 0.0029226954 1.3899587e-06 3.1680163e-06 3.2439075e-08 3.7742316e-07 6.953834e-07
0.033109725 0.1613082 0.1028537 0.00025993166 0.0003517174 0.00022485583 0.6601984 0.00027150247 7.933815e-05 0.6809939 1.0743385e-05 0.96875566 0.0030877283 0.0007962289 0.8038647 0.08789445 0.393987 4.189112e-05 1.0922188e-11 0.0005350978 1.4473959e-06 6.875625e-07 2.9438967e-05 0.00021039452 5.3738116e-08 2.4846086e-06 4.2026005e-07 0.06551758 6.0580853e-05 1.788825e-06 0.000154982 2.7301203e-06 0.704814 2.974074e-07 1.6698516e-05 1.5375113e-06 0.00010041492 8.566857e-05 0.014424451 1.7377282e-06 1.1273271e-05 9.669066e-07 0.09492239 0.055496614 9.72749e-07 2.8351394e-06 4.858727e-05 9.726471e-07 2.3373515e-05 3.4564243e-07 2.742695e-05 1.24128455e-05 0.005010836 1.4463526e-08 0.0002009081 5.3845847e-06 5.7229926e-07 4.1555945e-06 1.8655615e-07 1.21126e-07 4.631704e-07 1.9750841e-07 0.0005637867 8.020115e-08 1.3019695e-07 5.07268e-07 0.0011989247 1.8639495e-08 2.1468777e-07 3.055437e-07 6.934496e-07 8.946685e-06 1.9291242e-08 1.13408e-08 1.2046637e-07 3.6830588e-07 3.8627125e-08 2.0778646e-07 7.352281e-05 6.7992483e-09 0.005444543 3.655534e-05 7.589687e-08 1.2835501e-08 2.1913262e-09 0.0008612691 5.6461715e-08 0.011398444 1.9843162e-07 7.988184e-10 3.8566146e-09 2.656652e-10 1.3129208e-09 2.094219e-09 0.020420773 0.025693623 8.110874e-09 2.6548202e-07 1.5696177e-08 3.3817813e-08 8.453543e-09
0.2481808 0.056506824 0.008934651 0.396053 0.29187703 0.2922058 0.030044602 0.022637203 0.038323563 0.00289041 0.100060314 0.002452374 0.8745622 0.90456873 0.002577856 0.31163642 0.0022715267 0.006226738 0.0005350978 2.2700196e-18 0.01654307 0.03645445 0.44601545 0.0077318638 0.0044447854 0.0038433552 0.003375922 0.00018282252 0.9097891 0.0008827442 0.0047719 0.0047432613 0.009480535 0.0067929635 0.031443477 0.09243962 0.27299818 0.23504718 0.0052643027 0.0063895434 0.02063128 0.007738916 0.009103697 0.00063144224 0.072083525 0.0012478043 0.00018717338 0.0023355254 0.18025237 0.022668486 0.43494928 0.0002476728 0.0053326413 4.7569054e-05 0.00079642213 8.156011e-05 0.002434075 0.0012670028 0.045642506 0.014314117 8.1982704e-05 4.066194e-05 0.5315058 6.9126577e-06 4.011104e-06 0.049267545 0.0001659155 0.021920748 0.00030880343 0.012792176 0.014205426 0.113397576 6.643661e-06 2.2517147e-06 4.934749e-06 0.022030812 3.2273387e-05 0.016959459 0.00018296992 0.0003368842 0.0011418969 0.001970955 2.7284648e-06 6.0350135e-07 8.7721713e-07 0.0010829088 0.00027352336 0.0007608824 4.045462e-05 2.6617422e-06 1.3530636e-05 4.3495792e-08 1.0047725e-05 5.0165433e-08 0.048565283 0.08657952 2.5850517e-05 0.00013397784 1.691798e-06 9.473336e-05 9.59108e-06
0.91791713 0.0026302128 0.0002316811 0.07011171 0.07465791 0.10612667 9.7464814e-05 0.07916245 0.27470922 1.2122267e-06 0.43702355 3.3348526e-06 0.0021801714 0.039345983 1.615709e-05 1.5013171e-05 6.680556e-06 0.84967226 1.4473959e-06 0.01654307 7.5260154e-19 0.89681935 0.42832214 0.2198504 0.46795997 0.56092626 0.30382717 2.7435975e-05 0.004011267 0.08514428 0.06732845 0.10809064 0.0018161419 0.11940181 0.21183594 0.18062505 0.000121426085 1.848188e-05 0.015168443 0.09863693 0.0979457 0.15626182 0.015794 3.3405326e-05 0.17409782 0.01284035 0.02228443 0.005474152 0.00035494514 0.08841074 0.005083046 0.022413226 0.021817217 0.00011286864 0.08526247 0.016417759 0.018417317 0.004323981 0.013234927 0.015338481 0.0008352121 0.0005635558 0.024376497 1.1420171e-06 1.2587595e-05 9.361669e-06 0.032002386 1.9673491e-06 0.0005788097 0.0016531863 0.0005893507 0.0025407753 5.9477566e-06 2.731881e-06 1.1303619e-05 0.00035319888 2.9848487e-05 0.00046429734 0.009568962 5.1383227e-05 1.1301206e-05 0.0048811757 2.6776741e-05 8.644613e-08 5.085016e-07 0.005528618 0.00011797664 2.2534978e-06 0.00010934211 1.388157e-06 1.973541e-06 1.2191341e-08 1.5680327e-05 1.3123455e-08 0.0014908015 0.003299855 5.911562e-07 4.897136e-06 7.685408e-08 1.2946026e-07 1.8084171e-06
0.84876215 0.0027799676 0.0010429927 0.10397576 0.07220246 0.098018065 0.000114655144 0.04397354 0.21892917 1.8120285e-06 0.36945942 4.1232556e-06 0.007919471 0.061921947 5.2816187e-05 3.9848037e-06 1.260249e-05 0.48351923 6.875625e-07 0.03645445 0.89681935 9.349709e-20 0.6144285 0.11837124 0.5334868 0.3308219 0.4056202 0.00013990633 0.015376604 0.13689813 0.114901796 0.57403773 0.0014860149 0.26296604 0.44756228 0.19601794 0.00055233407 0.00016564026 0.013139342 0.14396854 0.23989475 0.14347981 0.005283324 3.42088e-05 0.121590674 0.058077868 0.039817244 0.051642515 0.00024268954 0.12274866 0.0028668446 0.042057075 0.020631911 0.0021636004 0.104037784 0.031801444 0.04388547 0.018751435 0.018319497 0.024974039 0.006950029 0.004679103 0.002225836 4.7786074e-05 0.00017991381 6.9467387e-06 0.016197627 8.5915735e-07 0.0019796044 0.0027355298 0.0016367411 0.0004961304 0.000111013396 5.858888e-05 0.00012357904 0.00033433776 0.00022607607 0.00023784162 0.009318127 0.00010195675 4.196203e-06 0.0075301975 0.00018701084 8.755799e-07 5.9466106e-06 0.004538251 6.579089e-05 1.099337e-06 0.0006080645 2.6316065e-05 2.2062766e-06 8.8554735e-08 0.00013581851 1.6178242e-07 0.0009918389 0.00088831544 1.06305215e-05 2.2461374e-05 6.7196254e-07 1.9945967e-06 7.070819e-06
0.5917101 0.09852809 0.015317987 0.6717672 0.55398643 0.5450305 0.03284698 0.09743713 0.39799497 0.00011917043 0.5985013 0.00017057991 0.23859437 0.74265635 0.0016106399 0.0185814 0.00013106121 0.12307053 2.9438967e-05 0.44601545 0.42832214 0.6144285 8.885955e-21 0.06752535 0.15945178 0.08551391 0.101905756 8.448619e-05 0.3085722 0.016641134 0.06372784 0.43917072 0.0028002528 0.047202904 0.85854924 0.89116055 0.0139724715 0.0012901308 0.02406214 0.43824074 0.48963115 0.45070168 0.018233318 0.001045388 0.61286205 0.007485586 0.009690903 0.043072276 0.0027055675 0.542804 0.06437416 0.009299799 0.033888306 0.0005061203 0.015646972 0.0017526469 0.030024413 0.010551865 0.22756492 0.14660484 0.0014395694 0.0010597898 0.03707201 3.0229564e-06 2.7130485e-05 3.519687e-06 0.0023467874 2.2613472e-06 0.0010828851 0.011611182 0.005776946 0.004229449 2.499206e-05 6.5977147e-06 7.386705e-05 0.00068570196 1.9813871e-05 0.00040792543 0.0018139782 4.5344754e-05 3.9107676e-05 0.0015282644 9.086045e-05 1.11000304e-07 3.7419595e-06 0.001009049 2.7568572e-06 7.2306675e-06 0.00019601092 9.702805e-06 1.8239115e-06 1.2938688e-08 3.1954735e-06 1.1022196e-08 0.013461167 0.008145383 5.3055146e-06 1.7772027e-06 1.2110658e-09 9.1167453e-07 6.8597814e-07
0.8929912 0.036466897 0.0029284428 0.067172095 0.05689698 0.08040205 0.0067857765 0.4386415 0.107088916 7.86751e-05 0.10198329 0.0002541226 0.0055882027 0.034462623 0.0020434053 1.2800827e-05 4.602665e-05 0.82058066 0.00021039452 0.0077318638 0.2198504 0.11837124 0.06752535 1.1225231e-20 0.04729621 0.28624377 0.061998345 2.1118405e-05 0.00089157716 0.33751136 0.9100165 0.039848108 0.004774349 0.06787353 0.02251736 0.017876204 1.2302525e-05 8.975999e-06 0.087158956 0.026318915 0.013735117 0.017256293 0.05794802 3.1695832e-05 0.0027921472 0.046988156 0.08125947 0.020243792 6.074217e-06 0.008760844 0.000117582276 0.059951767 0.13410705 0.003911443 0.44288984 0.07194196 0.0045232037 0.007308676 5.6072924e-05 0.00037446924 0.0038794144 0.002046875 8.345795e-05 0.00025158102 0.0014132004 6.250577e-08 0.19563603 2.5680759e-08 3.2257292e-05 6.874901e-06 9.640398e-06 5.761935e-07 3.4627265e-05 1.8422399e-05 0.00054145267 6.167886e-07 8.085998e-07 2.1818134e-07 0.03299709 1.45849e-07 0.00040971205 0.021670585 0.00027777615 1.205106e-07 0.0004998994 0.1274373 6.678855e-08 6.535713e-05 0.0010144896 0.0005761288 1.2242535e-08 4.3589625e-07 0.00026867818 9.468079e-07 0.01354684 0.006493712 5.299762e-07 3.163522e-07 2.349582e-06 2.3649651e-08 3.4667554e-08
0.96010554 3.8115173e-05 1.31439665e-05 0.008326025 0.0034759077 0.0032031094 7.3636033e-06 0.010048027 0.020813402 1.6068319e-07 0.04142988 9.7836796e-08 0.000105095736 0.0059326226 1.7875544e-06 3.9767949e-07 7.4630293e-07 0.09051581 5.3738116e-08 0.0044447854 0.46795997 0.5334868 0.15945178 0.04729621 2.3199705e-19 0.6438316 0.82730365 5.2263294e-06 0.0014514552 0.12831952 0.034829557 0.5129775 0.001015534 0.49485722 0.19116096 0.113979764 9.996785e-05 3.9438764e-05 0.0021747695 0.18238814 0.1684129 0.31908247 0.002884411 5.331641e-06 0.2097253 0.060014702 0.032814957 0.019498542 8.829623e-05 0.15486991 0.0041990234 0.031687416 0.00387545 0.007877259 0.046549078 0.020471869 0.06975152 0.021818139 0.034447208 0.06544976 0.003748007 0.002263711 0.023721324 8.6408916e-05 0.00020801419 4.9811665e-06 0.012905158 1.7795314e-06 0.0050080554 0.023357753 0.008464205 0.0027803297 6.444157e-05 2.026068e-05 0.00014962794 0.0048675905 0.00011874194 0.0012751268 0.006185922 0.0025147249 6.193235e-06 0.008970616 0.00022220716 2.0440539e-06 6.3748503e-06 0.0029933623 0.0009700996 1.5999959e-06 0.00059287145 9.988517e-06 3.03845e-05 2.1154263e-07 9.240701e-05 2.0661457e-08 0.00046414128 0.0004112109 6.431806e-06 1.3868875e-05 1.987134e-07 2.6272644e-06 3.8765406e-06
0.9606746 0.0031441257 0.0003065131 0.01796249 0.020643996 0.025986925 7.570029e-05 0.028870817 0.04435053 7.692254e-07 0.08741039 2.9769642e-06 0.0003357321 0.008808123 3.1603045e-05 2.3505052e-06 1.7610565e-06 0.49782002 2.4846086e-06 0.0038433552 0.56092626 0.3308219 0.08551391 0.28624377 0.6438316 1.8277451e-18 0.65827435 8.437813e-05 0.0006421642 0.88241905 0.11071421 0.107113525 0.0015702363 0.33466583 0.055455614 0.032447487 2.3586284e-05 8.659152e-06 0.012486989 0.076299205 0.047383185 0.08958993 0.01180556 6.3708176e-05 0.0212893 0.09407951 0.13346927 0.02397266 6.184538e-05 0.035822656 0.0003705713 0.08664031 0.02148196 0.010267129 0.23273557 0.07838634 0.029585997 0.015175013 0.002057615 0.009488772 0.0035912313 0.002573065 0.0030946867 0.00023696251 0.0008498325 3.3104754e-06 0.09660191 5.68144e-07 0.00079180853 0.00023648706 0.00018699124 0.00011856936 8.539678e-05 2.6752848e-05 0.00055315404 2.9985895e-05 4.639326e-05 2.7726286e-05 0.03262472 2.1925367e-05 1.9013029e-05 0.02981566 0.00054138 1.0423214e-06 0.00013412062 0.015807366 1.890213e-05 1.0269043e-05 0.0011965943 0.00021460476 1.5689129e-06 2.052475e-06 0.00084307627 7.1951484e-07 0.0014787923 0.0027870275 3.0221233e-06 6.6333546e-06 3.251192e-06 1.9333243e-07 2.7308076e-06
0.92810804 0.0006370684 0.00012752229 0.01181702 0.006678521 0.006364369 1.9722325e-05 0.009348974 0.036799304 5.2331796e-07 0.06691698 1.1749349e-06 0.00017789545 0.002631652 1.885933e-05 4.3586697e-06 1.2228709e-06 0.082241535 4.2026005e-07 0.003375922 0.30382717 0.4056202 0.101905756 0.061998345 0.82730365 0.65827435 6.9169375e-19 3.1233132e-05 0.0010163934 0.28391472 0.06555074 0.45820555 0.0008356148 0.5640534 0.1108361 0.053611454 5.33726e-05 1.53168e-05 0.003861424 0.14232583 0.113702916 0.11290077 0.0029825966 2.193296e-05 0.040770795 0.15466438 0.089890055 0.056681607 4.2913383e-05 0.07619396 0.00047961602 0.13568838 0.006149422 0.013110829 0.084492646 0.064608164 0.06927643 0.029633055 0.006293357 0.027482256 0.0067484905 0.0041397093 0.001638266 0.00021833529 0.0007800874 3.6153908e-06 0.020304324 5.81889e-07 0.0023541206 0.0013523657 0.00081241323 0.00028440545 0.00018575152 5.3730146e-05 0.0004743655 0.00012235755 0.00018596191 5.9458707e-05 0.013169984 0.00012773482 1.7328166e-06 0.01617448 0.0005031169 2.7141728e-06 0.00010615462 0.007023784 4.3034528e-05 4.68033e-07 0.0010939019 0.00012990803 1.1205065e-06 9.449326e-07 0.00034539186 1.1239708e-06 0.00020134427 0.0004940864 9.416144e-06 1.4032208e-05 2.3344921e-06 4.8582547e-07 9.6488875e-06
1.8465584e-05 0.0023102218 0.020420004 0.00020442218 0.00018006092 0.0001388226 0.0020275556 0.00012662986 0.00021629846 0.1417401 6.869602e-05 0.019697698 0.00084788515 0.00012359802 0.0026899967 0.31771925 0.72034335 0.00011609309 0.06551758 0.00018282252 2.7435975e-05 0.00013990633 8.448619e-05 2.1118405e-05 5.2263294e-06 8.437813e-05 3.1233132e-05 7.411644e-14 5.7425383e-05 0.0002791949 5.6193076e-06 0.00017076416 0.004474845 6.123017e-05 0.0006146613 0.00010430911 2.738999e-05 3.7995007e-05 0.00020212537 4.4095534e-05 0.00029138773 1.7824672e-05 0.00072021515 0.9271387 0.000118455566 0.00013320832 1.4774536e-05 0.00013237465 3.3719418e-05 0.00015984509 0.00034581588 5.0151113e-05 0.00014080381 1.8035635e-06 2.9651517e-06 3.9724723e-06 0.00022617979 0.00022988582 0.00016011545 0.00013061104 5.236225e-05 3.2872846e-05 0.001025633 2.327736e-06 1.3515611e-05 6.1560274e-07 1.060725e-05 5.4597795e-08 0.00021548517 1.1631213e-05 8.234432e-05 0.0003223511 1.8315549e-06 1.5863428e-06 1.5249014e-05 1.2680212e-05 0.00016267413 6.5495933e-06 1.1153724e-05 1.6637467e-06 1.9036906e-05 3.1601572e-05 6.7925214e-07 8.121587e-07 8.785655e-06 0.0048558693 2.4124956e-06 0.0020634471 7.68642e-06 1.1687627e-06 3.3826202e-06 1.4141851e-08 1.3619717e-07 4.8943036e-07 0.0034429247 0.0060775266 6.5645822e-06 1.6164595e-05 2.4029904e-07 1.6008842e-06 4.7730487e-06
0.029354054 0.01796581 0.005017332 0.16237794 0.07160813 0.06788708 0.0031039857 0.0025893115 0.0075823483 0.0006141676 0.024622465 0.00045652332 0.69942814 0.55201405 0.0002984708 0.21986048 0.00048168542 0.0011202511 6.0580853e-05 0.9097891 0.004011267 0.015376604 0.3085722 0.00089157716 0.0014514552 0.0006421642 0.0010163934 5.7425383e-05 1.8846977e-20 8.021344e-05 0.0002815935 0.004980314 0.0009935752 0.00255528 0.025699802 0.09291825 0.555403 0.3938896 0.00076997775 0.005271625 0.015319059 0.013023579 0.0006895687 0.00030580626 0.120475575 0.0006560126 4.0031155e-05 0.0032759213 0.40783784 0.043512702 0.7812404 0.000161047 0.00039077722 0.0001770556 6.683449e-06 9.440071e-06 0.0017721787 0.0004892825 0.16350329 0.02483197 5.271172e-05 3.262773e-05 0.5872163 9.792176e-06 5.2219652e-06 0.06241574 8.073289e-06 0.028890152 0.00024089507 0.012644602 0.018716954 0.25229785 4.5160978e-06 3.0400658e-06 1.1123365e-05 0.032492388 2.2139393e-05 0.039404303 1.7262973e-05 0.0022961688 5.3692547e-05 0.0015089542 1.2350523e-05 1.4888363e-06 1.2334826e-06 4.806368e-05 0.0014748445 0.00019418253 6.745372e-05 3.1422442e-06 0.00014219263 5.008599e-08 1.1450724e-05 2.9636178e-07 0.014139063 0.03134046 5.540555e-05 0.0024820569 1.1709141e-05 0.0004585998 2.8430415e-05
0.92871386 0.005949343 0.000816741 0.018033031 0.009532857 0.010038186 9.67293e-05 0.027064472 0.051169373 7.0807204e-07 0.044220142 1.6433837e-06 0.00044957615 0.003694709 3.0906314e-05 4.8168533e-07 2.9217185e-06 0.14854723 1.788825e-06 0.0008827442 0.08514428 0.13689813 0.016641134 0.33751136 0.12831952 0.88241905 0.28391472 0.0002791949 8.021344e-05 9.773991e-21 0.3297392 0.124985754 0.0020556937 0.24450722 0.019722242 0.0048723766 2.6928445e-05 1.24932e-05 0.026408043 0.03264054 0.020888899 0.012326996 0.015099412 0.0003777224 0.0005890743 0.1151384 0.7469409 0.036724042 2.7897651e-05 0.0074420106 8.090897e-05 0.2215871 0.04622198 0.014420524 0.40112975 0.16910486 0.01434381 0.020529881 0.0001671712 0.0014048571 0.0064663813 0.004263585 0.00012542294 0.0006062316 0.0024359177 1.8003516e-06 0.21356522 1.1600632e-06 0.000388028 1.823057e-05 4.1182113e-05 4.0067184e-06 0.00045720764 0.00017271691 0.0030364804 1.9141794e-06 2.9406727e-05 1.7688868e-06 0.05051552 3.6206352e-06 0.000102500366 0.13682243 0.0019563157 1.7413996e-06 0.002595293 0.076448016 7.2623766e-07 4.9517323e-05 0.006835757 0.002107929 7.305752e-07 2.1188285e-05 0.00349243 1.9268471e-05 0.0014555193 0.0016606573 1.6876246e-06 4.2490165e-06 2.4139526e-06 2.5483425e-07 3.1815016e-06
0.9640386 0.044409715 0.003133937 0.064265594 0.059893116 0.07691892 0.010476672 0.2814675 0.08105411 0.00017139933 0.08654844 0.0004442361 0.0030915304 0.037066255 0.002448037 2.648719e-06 3.1116677e-05 0.18075792 0.000154982 0.0047719 0.06732845 0.114901796 0.06372784 0.9100165 0.034829557 0.11071421 0.06555074 5.6193076e-06 0.0002815935 0.3297392 3.995935e-21 0.056439575 0.0075209136 0.10001971 0.011509378 0.0061202534 1.1683697e-05 5.859696e-06 0.16168475 0.011011172 0.007491861 0.006282329 0.048900522 9.077995e-06 0.00094985985 0.046316 0.10131602 0.015049132 3.3667989e-06 0.0033565848 1.5608668e-05 0.07132331 0.28375655 0.004194903 0.72016674 0.07945628 0.0017577773 0.0033713228 6.886782e-05 0.00028724468 0.0016748452 0.00096878916 2.4977142e-05 0.0005538175 0.0008058816 7.47972e-08 0.24753778 3.0014515e-08 8.676366e-05 5.4488664e-06 4.153023e-06 3.3677522e-06 3.0045174e-05 3.186045e-05 0.0008866063 3.5978988e-07 2.6252305e-06 3.5676905e-07 0.026802417 4.224537e-07 0.00038056495 0.02749836 0.00032023867 4.1786498e-07 0.00057613646 0.20232767 6.214472e-07 0.00016665639 0.0010217972 0.0005274317 1.2814104e-07 8.186878e-07 0.00040124776 2.453209e-06 0.006738532 0.0036554814 3.3931756e-06 1.0964033e-06 4.0620525e-06 4.1181384e-08 2.7151034e-07
