4.688261e-25 0.59262824 0.854356 0.6385554 0.9536439 0.3748344 0.7865404 0.3398241 0.49411404 0.8551118 0.9542814 0.987414 0.83626384 0.98124427 0.9406059 0.31293142 0.96317023 0.8227767 0.9224408 0.8963631 0.3926303 0.84920365 0.8624296 0.680517 0.9880351 0.9465809 0.98240304 0.782195 0.92918426 0.82512593 0.022068294 0.92481214 0.9739752 0.7989676 0.43908784 0.9648114 0.028431598 0.33602637 0.56544244 0.95773256 0.20875542 0.26819697 0.77865756 0.99124646 0.0020830194 0.99616784 0.8736239 0.023753973 0.1783118 0.731396 0.19800712 0.97620964 0.010487408 0.1927779 0.83944255 0.014534623 0.99175584 0.086353555 0.73746353 0.094100006 0.9073119 0.5928791 0.7330241 0.670343 0.9955174 0.48941758 0.0013405707 0.0008218294 0.98831195 0.99777234 0.9982897 0.04505418 0.034405798 0.96222484 0.0014556977 0.0014320367 0.99110645 0.8064899 0.9833256 0.9913882 0.0007356009 0.9490094 0.44879222 0.0014845999 0.0052720346 0.0060560037 0.99980074 0.002772303 0.6219952 0.041093122 1.8134437e-05 0.6946005 0.985149 0.20510635 0.9993957 0.037579227 0.020070553 0.5314766 0.09297093 2.5963278e-05 0.9874475
0.59262824 1.5926324e-17 0.91316706 0.96708417 0.7816502 0.550033 0.44609007 0.61626774 0.7350737 0.19100325 0.15197745 0.22018671 0.15334728 0.019986061 0.009762873 0.3846628 0.11555649 0.03931629 0.0015359361 0.0013430284 0.0067789103 0.0053985836 0.004686849 0.006434212 0.14551489 0.0006366035 0.069407165 0.00018301337 5.09854e-05 6.036298e-05 0.017704 0.0025139193 0.0043889484 1.8077264e-05 0.00016845245 0.04414805 0.0055865375 4.346335e-05 6.781293e-05 5.0494207e-05 6.8653e-05 4.9454884e-05 2.0202606e-05 0.046732932 0.00079059816 0.014724715 0.00010989786 0.00094641617 1.3949032e-05 0.0005474893 1.3803228e-05 0.000104441504 0.0015637588 0.00025038092 1.1915718e-05 0.000113429225 0.0035183937 5.32405e-06 3.90839e-06 6.6782087e-07 0.0004906387 1.7696555e-05 4.7383597e-07 0.000133164 0.0061637005 5.875826e-07 1.2930485e-06 6.544171e-05 0.009308867 0.0014505328 0.00061069074 4.4659595e-07 1.0745706e-06 0.00016043858 4.001949e-06 0.0001215438 0.007273271 8.062101e-06 0.003081718 0.0038657605 1.3380161e-06 0.00011316505 2.8605482e-05 4.0815225e-06 6.7779392e-06 9.957911e-06 0.009552341 5.6442633e-07 5.135655e-06 3.92969e-08 7.949799e-08 3.2525688e-06 0.0006204527 9.04071e-07 0.00025288793 9.487516e-08 7.2393e-06 3.7256885e-07 3.5785266e-07 2.2831488e-08 0.0008780697
0.854356 0.91316706 6.8965493e-18 0.80927724 0.31487927 0.29854515 0.59026575 0.35380894 0.9631274 0.48069522 0.7163069 0.09806255 0.059060376 0.005493209 0.005114931 0.5085573 0.6377241 0.26561826 0.0006250551 0.00054218166 0.0032705115 0.12410519 0.05391658 0.0045678774 0.33972868 0.00012722069 0.12497244 5.0690385e-05 1.6984044e-05 0.0009844626 0.012393584 0.028227108 0.04146718 7.9029587e-07 4.9787704e-05 0.10611601 0.0065481695 0.00040799603 2.2895103e-05 5.152325e-06 1.410002e-05 0.0003575808 1.8968466e-06 0.20519939 0.000810484 0.035404053 0.00071851927 0.00074944296 4.350924e-06 0.0024260844 2.7940769e-06 4.209697e-05 0.0020073135 0.0014351116 2.07964e-06 5.347287e-05 0.002871941 1.9831746e-06 7.797754e-06 3.2001012e-07 0.0019282785 7.980692e-06 2.4344532e-05 2.7826783e-05 0.0070547354 4.73132e-07 6.249662e-07 0.000119513 0.055345457 0.0067662094 0.0003991011 2.3761025e-07 4.183095e-07 0.00078947964 6.918244e-06 0.00019151527 0.028611714 4.7890644e-05 0.025534188 0.023832137 3.8950748e-07 0.00048834854 0.00015549232 1.1744941e-05 5.959902e-06 0.00016376139 0.03710888 3.4929909e-07 3.0209565e-06 1.0821675e-06 1.5406194e-07 2.6981219e-05 0.0015961409 1.8421899e-06 0.0017708095 9.365004e-07 4.782143e-06 2.9952196e-07 4.3160603e-06 1.5259376e-08 0.001261834
0.6385554 0.96708417 0.80927724 6.554887e-15 0.5590238 0.74464303 0.29734293 0.8528674 0.7033959 0.1780371 0.15651391 0.05481228 0.328638 0.05872118 0.004117208 0.675004 0.028562095 0.08883646 0.0053117806 0.0012565233 0.032480374 0.006968609 0.007922284 0.07006639 0.054682184 0.0004387559 0.007471191 0.00086039514 5.5247096e-05 0.00014497059 0.09424249 0.0015002538 0.0038104467 2.9878762e-05 0.0022483752 0.00542348 0.028651517 1.7571438e-05 0.0003507624 8.7796376e-05 0.00032704067 1.890321e-05 0.00016367582 0.006424705 0.0033253937 0.004404729 0.00011579466 0.0060372567 9.487105e-05 0.00024440617 3.6598347e-05 0.00015307902 0.005954769 0.00056502613 7.671786e-05 0.0012089157 0.00035594104 0.0002542254 7.444835e-06 6.2772024e-06 0.0002341143 4.1968095e-05 1.6015447e-05 4.8855603e-05 0.0022216106 4.5703842e-07 3.195841e-05 3.9094102e-05 0.0019332491 0.0008933785 0.00021740157 3.547225e-06 1.0580286e-05 6.203281e-05 0.00011368837 0.00031429608 0.0015527938 9.755153e-06 0.0016455088 0.0024330341 0.00010232896 3.0841507e-05 4.601515e-05 3.7674385e-05 6.555364e-05 5.0724284e-05 0.0060899765 1.3030441e-05 6.909701e-07 1.0849865e-06 1.0210455e-06 2.7342212e-06 4.93808e-05 1.8913336e-06 0.00026180604 7.3673436e-07 3.0147585e-05 1.3300476e-07 1.0199087e-06 7.318793e-07 1.6387456e-05
0.9536439 0.7816502 0.31487927 0.5590238 4.703107e-19 0.8777368 0.13204835 0.8097452 0.069456615 0.027697295 0.00983286 0.86439043 0.90316254 0.8109716 0.67952585 0.043083787 0.01398972 0.001513409 0.41498408 0.16271976 0.5472107 0.00011413226 0.00027030424 0.24195395 0.11814757 0.019821089 0.16950355 0.050041903 0.015125094 5.534386e-07 0.04138756 0.00027708718 0.000268235 0.007207313 0.019398307 0.050008226 0.041962728 1.5902864e-07 0.011515896 0.0030629877 0.003707847 8.431614e-08 0.0017133036 0.024986073 0.00055678707 0.033515476 5.0796143e-06 0.003404667 0.0007527458 8.517664e-06 0.00083771936 0.0021265151 0.00010732649 3.1793752e-06 0.00069412484 0.002987684 0.026590507 0.0012850458 0.0018186603 7.36674e-05 1.23695945e-05 0.000781222 2.441867e-08 0.001002757 0.02244857 0.0008876024 8.121765e-05 4.6460273e-06 0.0036339418 0.00015210532 0.003236862 3.4516088e-05 9.4247735e-05 3.57793e-05 0.000112229674 7.712149e-06 0.00635438 1.6443508e-06 0.002298751 0.001319027 5.2166022e-05 1.1474827e-05 4.3331097e-06 3.7724003e-05 3.1410505e-05 4.7205322e-08 0.015484676 2.7966962e-05 0.0001511531 1.3399652e-09 5.69992e-07 2.2276825e-07 0.0017041309 4.0791627e-05 0.00023786207 3.7542645e-09 6.44838e-05 8.275862e-06 4.8747997e-09 6.4729726e-08 0.002256979
0.3748344 0.550033 0.29854515 0.74464303 0.8777368 1.8583082e-16 0.07384074 0.9820662 0.21807669 0.033422515 0.04609003 0.123777576 0.7845911 0.124357514 0.01988294 0.35719815 0.011366096 0.0146539435 0.020428168 0.0051196525 0.18988167 0.00069991435 0.0019904668 0.14110132 0.033380285 0.0013640107 0.011716788 0.0014347142 0.00033949982 9.6878175e-06 0.09982686 0.00031364363 0.00043451355 0.0002000823 0.0034823944 0.002647085 0.052590866 5.4627117e-06 0.0006761268 0.0001596638 0.00071040436 8.358216e-06 0.00022914383 0.0032768322 0.0018382326 0.004866992 1.0008017e-05 0.008161341 0.00020913106 0.00010597851 0.00016840425 9.303617e-05 0.0031854177 0.00016455638 0.00020303631 0.001043302 0.0012554548 0.00026137644 2.6407197e-05 1.3116081e-05 6.052207e-05 0.0001050194 4.434363e-07 0.00017987796 0.0024255046 3.690335e-06 2.7954273e-05 3.1701908e-05 0.00094325386 0.0003890548 0.00047480292 6.3698726e-06 1.2437326e-05 2.5067775e-05 7.2332645e-05 6.9455564e-05 0.0010665775 2.0268303e-06 0.00085380446 0.0006665486 0.00012274628 8.597176e-06 2.3843333e-05 3.9311206e-05 3.0901156e-05 1.054958e-06 0.0022181747 5.2048863e-06 7.683497e-06 3.4526142e-08 9.036253e-07 1.09008e-06 1.4053503e-05 3.8787293e-06 5.3430154e-05 8.431888e-08 3.6565587e-05 5.864998e-07 1.2381857e-07 2.9103873e-07 3.6951336e-05
0.7865404 0.44609007 0.59026575 0.29734293 0.13204835 0.07384074 9.937256e-16 0.12699519 0.22802828 0.9959663 0.28025874 0.27761015 0.029386805 0.01898409 0.013181821 0.10177015 0.48678324 0.032964896 0.004614882 0.002087279 0.006255987 0.013150368 0.0082587255 0.0143851545 0.3982593 0.0058172927 0.37465855 0.0008335108 0.0016917475 0.0006481816 0.0029111872 0.0048142155 0.015735388 0.00125562 0.00031112094 0.20583162 0.00039850204 0.00016976941 0.00043431428 0.0008568598 0.00010741281 6.7241774e-05 0.00037960347 0.13498949 5.4487085e-05 0.05224104 1.9054594e-05 8.162019e-05 1.553101e-05 0.00013462591 3.1787764e-05 0.00047687584 0.0001649347 8.536461e-05 0.0005616057 6.47339e-05 0.056393575 1.6824604e-05 0.000981372 3.055147e-06 0.00046524967 0.00044779267 5.1039835e-05 0.00045664352 0.030351285 0.0004226901 2.4409846e-06 2.9636123e-05 0.05296948 0.0015780583 0.00080505124 1.7732192e-06 1.2073976e-05 0.00017896712 1.5369873e-05 8.102112e-06 0.051630024 2.530037e-06 0.017460953 0.016840274 1.8773122e-07 0.00033092446 7.447125e-05 4.331094e-06 1.3754387e-05 8.152298e-06 0.02018753 4.1698993e-07 3.3705946e-05 1.0126003e-06 2.3453529e-06 9.917254e-06 0.0038792423 2.29525e-06 0.0021593294 1.3511918e-08 7.621311e-06 2.8838676e-06 1.5769375e-07 2.2156755e-07 0.0040693227
0.3398241 0.61626774 0.35380894 0.8528674 0.8097452 0.9820662 0.12699519 2.6614368e-16 0.2806661 0.06379543 0.05212387 0.0778547 0.72475284 0.079072714 0.008769512 0.4559466 0.013229364 0.014077549 0.009389047 0.0020316716 0.10293911 0.0011057579 0.0018931538 0.08371759 0.02978817 0.00028278487 0.0055243834 0.00047453694 7.9277714e-05 1.0541881e-05 0.08910032 0.00036845365 0.00064077124 4.4451728e-05 0.0012835142 0.0024870064 0.041199874 4.978222e-06 0.00038536574 3.650096e-05 0.0002357831 6.1163723e-06 0.000106027546 0.002720075 0.0021207058 0.0026896207 1.3506398e-05 0.0042868126 5.190138e-05 7.6156844e-05 3.8905866e-05 4.5849654e-05 0.0029181154 0.00015216698 4.9170416e-05 0.0003268957 0.0005767095 6.604996e-05 6.348683e-06 5.176053e-06 9.545979e-05 2.9418396e-05 1.1523163e-06 4.0118328e-05 0.0013586995 7.396214e-07 2.2475302e-05 2.7663871e-05 0.0006375738 0.0004249063 8.9870184e-05 1.9620522e-06 4.8194524e-06 2.3406863e-05 6.408941e-05 4.5411103e-05 0.00090203946 5.6532353e-06 0.0007330857 0.0006125397 3.074413e-05 1.2371743e-05 4.7318706e-05 2.4265399e-05 2.0954101e-05 3.3006245e-06 0.0017075227 4.498294e-06 2.3438886e-06 1.8153156e-07 3.5998653e-07 3.05335e-06 1.3335811e-05 1.9173417e-06 9.131695e-05 2.4902104e-07 1.4355072e-05 4.2648878e-07 3.5884307e-07 1.1215398e-07 1.1155235e-05
0.49411404 0.7350737 0.9631274 0.7033959 0.069456615 0.21807669 0.22802828 0.2806661 1.3943322e-17 0.17186947 0.8693579 0.004712138 0.027202368 0.0051676244 0.0029934922 0.95617473 0.12320088 0.6594565 0.00043616322 0.0005062181 0.0014870358 0.2535171 0.23667829 0.003940501 0.06421419 4.6682762e-05 0.0035857048 7.1573784e-05 7.8406165e-06 0.0068259197 0.057463747 0.0158502 0.016594138 7.7899745e-07 3.5616125e-05 0.0068206526 0.009576741 0.0009395008 3.2914726e-05 9.647802e-06 5.9102854e-06 0.00074190006 2.2898805e-06 0.0080553 0.0027141615 0.0018148615 0.0009303537 0.0007021708 3.5038327e-06 0.0019971493 2.4060714e-06 3.7966358e-05 0.015476666 0.004979098 1.7642791e-06 2.0627152e-05 2.7802382e-05 1.7603397e-06 3.4331636e-06 4.770798e-07 0.0011835529 1.0208823e-05 4.600984e-05 7.780661e-06 0.00046578926 2.265243e-08 6.904083e-07 0.00016496003 0.0038232165 0.0021566716 9.8338154e-05 2.6967172e-07 2.0766223e-07 0.00048457613 4.8331317e-06 0.0006005169 0.0018336409 7.1041184e-05 0.0019855315 0.0028949797 4.047366e-06 0.00013459602 0.00029912763 6.101312e-06 3.1442019e-06 0.00022001666 0.0035148622 3.2197576e-07 3.8164563e-07 2.645721e-05 1.9420632e-07 1.3855099e-05 0.00015012306 4.1636412e-07 0.00077691575 1.7462241e-06 1.9742752e-06 6.012566e-08 1.2813554e-05 3.0413588e-08 2.1680411e-05
0.8551118 0.19100325 0.48069522 0.1780371 0.027697295 0.033422515 0.9959663 0.06379543 0.17186947 2.2778558e-15 0.34631607 0.09823616 0.017531408 0.01090169 0.0034398478 0.081903055 0.7186724 0.06513803 0.003273648 0.00058187026 0.0036923527 0.054797843 0.025692815 0.013119879 0.45686668 0.00016744593 0.11636817 0.00023393217 0.00023627946 0.0015985059 0.0008978053 0.021351079 0.06853835 0.00013176215 5.8973274e-05 0.22879025 0.00010977404 0.0004780732 0.00018037665 5.9684597e-05 4.684845e-05 0.0002880806 7.1603004e-05 0.17932275 3.092734e-05 0.06780737 0.0001357526 6.22625e-06 6.7245455e-06 0.00059098774 6.9146226e-06 0.0001435204 0.00040956633 0.00015156159 7.482463e-05 1.295324e-05 0.016684802 1.1985667e-06 0.000119663084 1.7234844e-07 0.003191729 0.00014128684 0.000110175635 0.0001505061 0.015686132 3.5838617e-05 6.922965e-07 6.245295e-05 0.12151936 0.007799625 0.0003258418 1.486445e-07 1.3431493e-06 0.00044198203 5.180611e-06 2.6394458e-05 0.09597983 1.9686997e-05 0.057650276 0.05693004 6.4882634e-08 0.00059703866 0.0003149562 2.5059742e-07 1.3367114e-06 0.00013445501 0.049231358 2.5880446e-08 3.6964748e-06 1.7519254e-06 3.117558e-07 3.146678e-05 0.0030346767 1.9078907e-07 0.004202529 6.529726e-07 5.353251e-07 9.485997e-08 3.0632839e-06 7.383926e-08 0.006397204
0.9542814 0.15197745 0.7163069 0.15651391 0.00983286 0.04609003 0.28025874 0.05212387 0.8693579 0.34631607 1.9393567e-17 0.0049490933 0.011948547 0.0021453635 0.00032688043 0.67353857 0.7924216 0.9358074 0.00023921859 5.392913e-05 0.0014077884 0.85192645 0.8464172 0.004710114 0.40826625 1.7504308e-06 0.008395697 7.3189426e-06 2.5934535e-06 0.17431617 0.007612853 0.45200476 0.47135064 2.2553587e-07 6.4585133e-06 0.062479258 0.0019251188 0.040358093 1.2568343e-05 1.0729813e-06 3.4221412e-06 0.020507462 1.9120373e-06 0.19706063 0.00084674906 0.02120312 0.026863942 0.0009447028 2.5906847e-06 0.049430985 2.1054225e-06 2.7904809e-05 0.010844245 0.10635888 1.9065147e-06 6.593777e-06 0.0006143548 2.267424e-06 6.400203e-06 2.930711e-07 0.029078798 1.842681e-05 0.0011073968 6.106534e-06 0.0045811264 1.16639804e-07 6.1595625e-07 0.00050007744 0.17783657 0.14601222 0.00043638833 2.0011119e-07 9.3197434e-07 0.011835918 4.897682e-06 0.0013072175 0.038002893 0.0011324607 0.070162304 0.19659112 8.665762e-06 0.0050616865 0.0040244977 2.4678782e-05 1.8508875e-06 0.0009733305 0.06572652 2.1273465e-07 7.4409627e-07 0.00022137862 1.8190016e-07 0.0014804524 0.0008312264 4.6082337e-07 0.025633465 8.610805e-06 1.264992e-05 1.4744414e-07 1.900487e-05 6.02977e-08 0.0005715044
0.987414 0.22018671 0.09806255 0.05481228 0.86439043 0.123777576 0.27761015 0.0778547 0.004712138 0.09823616 0.0049490933 3.0353279e-18 0.2276711 0.5296193 0.7758151 0.0013175519 0.02857661 0.0007535301 0.111437455 0.42302856 0.079636596 0.00028350452 0.00030046824 0.054714628 0.3204878 0.7929791 0.81557107 0.13224082 0.30275956 3.6396345e-06 0.0009210985 0.000414309 0.0011464586 0.16155978 0.0122332405 0.3846134 0.0027171464 3.959533e-06 0.08950782 0.33471024 0.016355813 2.1699956e-05 0.096434675 0.1471816 3.5380504e-05 0.4421386 9.964555e-07 0.0006603245 0.00478635 5.265156e-06 0.012091141 0.065322354 0.000102273145 4.9095303e-05 0.23085767 0.0012817094 0.5917663 0.004580327 0.36937496 0.0019819278 2.5220741e-05 0.06730711 2.0167022e-06 0.02010783 0.38667783 0.01713405 0.00018818771 6.9776197e-06 0.081532575 0.0002528228 0.028686877 0.0063648275 0.013393377 1.23536565e-05 0.00016803737 1.9600736e-06 0.15214525 4.4748398e-07 0.020154856 0.0049197692 6.9045473e-06 7.742599e-06 3.0956444e-06 1.4378487e-05 0.002142464 5.37011e-07 0.16048358 0.00018166119 0.039648276 2.043625e-08 1.0902182e-06 8.187756e-08 0.066459954 0.0017669423 0.00014579596 5.4720473e-09 0.0007799052 0.013759897 2.45879e-08 2.013511e-07 0.07929182
0.83626384 0.15334728 0.059060376 0.328638 0.90316254 0.7845911 0.029386805 0.72475284 0.027202368 0.017531408 0.011948547 0.2276711 3.3299824e-18 0.5856413 0.07875086 0.10642538 0.00860277 0.002105719 0.35745305 0.017267628 0.95985633 0.00035039114 0.00042204902 0.7828349 0.031746626 0.0015232437 0.0134561295 0.02142573 0.0019181166 2.2374934e-07 0.36314452 0.0001661733 0.00020418098 0.00022185183 0.15706538 0.0019338843 0.5060398 4.1114514e-08 0.0033180728 0.00023006106 0.004049793 4.3242917e-08 0.0003290837 0.00079630816 0.0027581684 0.0059931627 7.5692674e-06 0.033133708 0.0004373247 4.5797653e-05 0.00028592543 0.00020987351 0.0012538659 3.0293286e-06 5.702443e-05 0.0148023 0.0022111004 0.0052243667 1.1725456e-05 1.9388266e-05 2.6200196e-05 3.3234024e-05 9.0791964e-08 0.0001158321 0.0035794743 1.1252005e-05 9.373868e-05 5.8547744e-06 0.00048791332 0.00010875744 0.0005816122 8.610644e-07 2.64191e-06 1.4654864e-05 0.00014746391 1.5063769e-05 0.0006820626 4.7522285e-06 0.00019626849 0.00021709409 0.0021687942 3.0405151e-06 2.4052306e-05 0.0006225425 9.363642e-06 5.103392e-08 0.0020572843 1.7499025e-05 8.879436e-07 1.0455624e-09 1.8598087e-06 4.401418e-06 1.9512307e-05 2.367906e-06 0.00031236038 3.6996447e-08 2.4143428e-05 2.2453384e-07 2.9694725e-08 1.7432973e-06 1.6320486e-05
0.98124427 0.019986061 0.005493209 0.05872118 0.8109716 0.124357514 0.01898409 0.079072714 0.0051676244 0.01090169 0.0021453635 0.5296193 0.5856413 3.3869962e-16 0.6810226 0.007698798 0.0075622443 0.0031952593 0.9314413 0.49164477 0.6500023 7.797638e-05 0.0004974931 0.55093 0.06589852 0.025823882 0.057857055 0.6470403 0.17415164 2.0249784e-07 0.01585689 0.00012797465 0.00012476275 0.06448009 0.46961594 0.0081905415 0.073062584 3.2697173e-08 0.50552636 0.003972539 0.38587046 1.5000218e-07 0.20376134 0.008639905 0.0006685977 0.038782436 4.111695e-06 0.08622741 0.17477997 1.103696e-05 0.18397312 0.0030987004 0.0010689915 9.3052666e-05 0.04036126 0.044915788 0.031635035 0.17780638 0.0016411865 0.044356324 1.6883256e-05 0.0012128107 6.8810664e-08 0.0005957825 0.018853744 0.0022019173 0.010237567 3.9700164e-05 0.0025165288 7.0644186e-05 0.0030231527 0.006934448 0.0026429056 2.492079e-06 0.0037144918 8.0490456e-05 0.0032275128 2.6014498e-06 0.001258418 0.0003362961 0.0059211743 1.1478095e-06 4.1576595e-06 0.00150713 0.0006312291 1.7783681e-07 0.007469278 0.0098786475 7.480758e-05 5.266062e-09 0.00014514364 5.218629e-06 0.00024543627 8.280927e-05 5.766355e-05 1.1349391e-08 0.00029534142 8.75982e-06 3.035106e-08 1.6521153e-05 0.00058957835
0.9406059 0.009762873 0.005114931 0.004117208 0.67952585 0.01988294 0.013181821 0.008769512 0.0029934922 0.0034398478 0.00032688043 0.7758151 0.07875086 0.6810226 8.173184e-19 0.0009270471 0.0066086566 0.00026381007 0.4925926 0.97960293 0.08859502 3.0960888e-05 7.76204e-05 0.0368058 0.042106923 0.26753598 0.08840573 0.24837252 0.46544784 9.386628e-08 0.0029272703 3.200065e-05 6.49766e-05 0.29622576 0.030283123 0.023761218 0.013678335 2.9132156e-08 0.24486785 0.006160821 0.083532006 1.5494956e-07 0.13282531 0.008786163 9.935965e-05 0.03423267 8.8259526e-07 0.0039128996 0.021015242 2.6839132e-06 0.043272723 0.009898074 0.00012159829 2.195041e-05 0.047404397 0.0028762517 0.09836455 0.013592665 0.014746728 0.008907133 3.8512435e-06 0.0026516356 1.0869651e-07 0.0016760252 0.029283002 0.0016888184 0.0012354441 1.8081075e-05 0.00567955 1.9056397e-05 0.0045874133 0.005623852 0.009828378 9.784367e-07 0.00042150376 4.888993e-06 0.009457354 7.173834e-07 0.0012332475 0.00038675562 1.1225852e-05 7.7218084e-07 8.513384e-06 0.00010346105 0.0009741571 7.482431e-08 0.006167376 0.0011228466 0.00012884373 5.5974123e-09 1.2798051e-06 1.0925705e-06 0.0016604221 6.746016e-05 5.1928466e-05 3.1595405e-08 0.00014804714 4.5953842e-05 5.1919418e-08 2.5189803e-07 0.001620512
0.31293142 0.3846628 0.5085573 0.675004 0.043083787 0.35719815 0.10177015 0.4559466 0.95617473 0.081903055 0.67353857 0.0013175519 0.10642538 0.007698798 0.0009270471 1.7645182e-17 0.02193835 0.9695463 0.00018850241 4.0331157e-05 0.009202425 0.00799 0.13275248 0.011155682 0.017433025 1.9673107e-05 0.00037662763 7.0595465e-06 1.432267e-06 0.018370446 0.6645544 0.0014091899 0.0021103781 1.2150235e-07 3.6360732e-05 0.00021380481 0.13391063 0.0017666339 1.2743828e-06 8.292081e-06 8.2507194e-07 0.0063437265 2.7896144e-06 0.00039155516 0.17814644 0.00045238872 0.00023529792 0.0024381187 1.1204477e-06 0.00033881332 1.7634942e-07 1.5218967e-05 0.70852304 0.15615994 1.8130604e-06 2.5400132e-05 5.9241876e-05 1.4692947e-06 2.7008468e-06 6.6576433e-07 8.111439e-05 4.2666716e-06 3.946698e-05 5.710619e-06 0.00027463137 1.3651253e-07 1.5368106e-06 0.0025038987 0.00027749312 0.0014338325 0.00016039942 1.6537074e-07 4.2608997e-07 0.0002956672 1.243467e-05 0.021964937 0.0003770422 2.3403803e-05 8.2555125e-05 0.0001050237 0.00011350638 1.5309395e-05 0.00012404048 8.5504225e-06 7.248778e-06 4.2945725e-05 0.0009770562 2.4295814e-06 1.03133246e-07 3.953134e-06 1.3808165e-07 5.9524584e-05 9.2927274e-07 6.4678113e-07 0.00085656525 4.860831e-07 3.6943845e-06 6.085471e-08 1.2486904e-06 1.748032e-08 4.4321558e-07
0.96317023 0.11555649 0.6377241 0.028562095 0.01398972 0.011366096 0.48678324 0.013229364 0.12320088 0.7186724 0.7924216 0.02857661 0.00860277 0.0075622443 0.0066086566 0.02193835 2.073819e-17 0.1793238 0.0006915121 0.00041852347 0.00062315166 0.6575906 0.35655412 0.0014860121 0.8866177 0.0004406668 0.2648574 0.000121850426 0.00012600297 0.120010495 0.0017210882 0.51585877 0.62826675 6.5297227e-06 2.814446e-05 0.4555981 0.00026289737 0.014728928 0.000149495 4.890189e-05 5.38134e-06 0.009596755 7.196131e-05 0.5183578 5.799763e-06 0.13263328 0.027076118 4.8474503e-06 5.6454455e-06 0.07422006 5.3429003e-06 0.000220331 0.0017724306 0.0050964844 6.739714e-05 3.9820493e-06 0.021810748 9.608621e-06 1.5493628e-05 3.635002e-07 0.07031034 5.6538855e-05 0.0028890003 0.00015758874 0.02454729 4.2299735e-06 2.737655e-06 0.00021922015 0.46408436 0.087498754 0.00021556289 2.510064e-07 6.1732123e-07 0.0054858113 8.337104e-06 1.9184457e-05 0.2726522 0.0015680133 0.22406815 0.286347 5.7738936e-07 0.009570099 0.0043147746 8.396813e-06 3.002654e-06 0.0040406655 0.25619808 1.8012944e-06 1.3293084e-07 7.2637704e-05 2.2776903e-06 0.0003426669 0.018027786 4.4813652e-07 0.021648388 2.7370848e-05 5.174059e-06 7.705499e-09 0.0002964739 1.9875188e-07 0.011510434
0.8227767 0.03931629 0.26561826 0.08883646 0.001513409 0.0146539435 0.032964896 0.014077549 0.6594565 0.06513803 0.9358074 0.0007535301 0.002105719 0.0031952593 0.00026381007 0.9695463 0.1793238 1.6290634e-14 7.195726e-05 3.4245782e-05 5.9843616e-05 0.4369553 0.869143 0.00055244385 0.06649923 4.019333e-06 0.0012143564 5.37426e-07 7.6875455e-07 0.30872345 0.018672233 0.16393413 0.14062145 1.509404e-07 1.348077e-06 0.0025070396 0.00075454224 0.14060564 6.052316e-07 8.949317e-07 1.2696499e-07 0.19073325 1.5724705e-06 0.0033868006 0.007877583 0.0048636207 0.01503366 0.0001471592 2.4924864e-07 0.02966932 1.5493951e-07 0.000101310165 0.14598754 0.576639 9.975424e-07 4.0184187e-07 5.184795e-05 5.986484e-07 4.1952385e-06 1.7925231e-07 0.005739888 3.7058742e-06 0.012116934 7.186731e-06 0.0009045519 8.5118245e-08 6.513251e-07 0.007736253 0.013270107 0.030260611 0.00015774574 1.2547886e-07 3.7647587e-07 0.0061193286 8.88027e-06 0.023263836 0.0043330523 0.00031557374 0.0031456463 0.0037599104 7.1285795e-06 0.00048238414 0.00097169133 2.0140411e-05 8.2977685e-06 0.0004192377 0.005056268 6.1745607e-07 1.5284174e-07 7.3721865e-05 2.6852072e-07 0.00050724647 2.2855485e-05 1.0499366e-06 0.0056034387 2.310052e-07 4.320018e-06 3.1140413e-08 6.2521335e-06 1.65693e-08 3.775434e-05
0.9224408 0.0015359361 0.0006250551 0.0053117806 0.41498408 0.020428168 0.004614882 0.009389047 0.00043616322 0.003273648 0.00023921859 0.111437455 0.35745305 0.9314413 0.4925926 0.00018850241 0.0006915121 7.195726e-05 3.9666315e-17 0.39129883 0.6200323 6.4500196e-06 9.299301e-06 0.40560794 0.010587448 0.013488687 0.010940074 0.9335144 0.12238023 6.2342265e-09 0.0036452117 7.787825e-06 1.798916e-05 0.045160864 0.6216211 0.0015235974 0.031920146 2.2604036e-09 0.61616874 0.0018129888 0.48249578 1.0167244e-08 0.13086583 0.001023905 4.191318e-05 0.006776997 1.0290605e-06 0.021616722 0.17215906 8.681266e-07 0.16898315 0.0007215097 1.5319956e-05 2.2111633e-06 0.005711192 0.034787726 0.005437004 0.1366299 0.00069331744 0.03375112 2.8636118e-06 0.00033474326 3.5867558e-08 0.00018746672 0.0067029623 0.00043800523 0.01227824 3.0925107e-06 0.00030137252 4.0019662e-05 0.0014249698 0.009196814 0.0018695549 6.8823992e-06 0.005513786 4.080324e-06 0.00064151443 1.8208319e-06 0.00018235082 5.4635384e-05 0.0010390334 8.6073516e-07 3.9662414e-06 0.0023088255 0.00029209582 1.7432074e-08 0.0029336086 0.0137369335 4.907082e-05 3.6530412e-09 0.00034194303 2.2052395e-06 9.367791e-05 4.7187845e-05 5.590068e-05 3.9344748e-08 0.000127657 1.2967687e-05 6.478679e-08 1.8588646e-05 0.0001372821
0.8963631 0.0013430284 0.00054218166 0.0012565233 0.16271976 0.0051196525 0.002087279 0.0020316716 0.0005062181 0.00058187026 5.392913e-05 0.42302856 0.017267628 0.49164477 0.97960293 4.0331157e-05 0.00041852347 3.4245782e-05 0.39129883 8.27256e-18 0.032352924 1.8218202e-06 7.030944e-06 0.013401579 0.01499182 0.64798003 0.026383704 0.30494365 0.8593562 1.3564362e-08 0.0005819901 1.1793153e-06 1.5629796e-06 0.7485995 0.015260813 0.004843366 0.004312002 8.148321e-09 0.3917548 0.028469775 0.10998552 2.3553408e-08 0.32369107 0.0046225423 1.2810757e-05 0.014463177 2.2885564e-07 0.0013155498 0.045920026 1.27832e-07 0.09618285 0.012884063 2.566601e-05 1.0490683e-05 0.1812071 0.0017195991 0.043054514 0.008431041 0.059413183 0.027507303 8.9979596e-07 0.004000885 2.0358412e-07 0.003878593 0.017124265 0.0056651663 0.0015670364 1.1285394e-05 0.0014153478 3.3122126e-06 0.008394684 0.03054505 0.04482303 1.4288732e-07 0.00048759836 4.7268127e-06 0.004023684 2.4838607e-07 0.00069099915 0.00017064711 5.3508093e-06 1.819059e-07 8.8264153e-07 0.00017871846 0.0038248077 3.5159193e-08 0.0068078768 0.0022424243 0.00070202 3.1062384e-09 1.7610768e-06 1.6674691e-07 0.0011052714 0.00033887938 1.5706355e-05 1.2519003e-08 0.00044213046 0.0002629897 4.253735e-08 1.4188588e-07 0.0015448759
0.3926303 0.0067789103 0.0032705115 0.032480374 0.5472107 0.18988167 0.006255987 0.10293911 0.0014870358 0.0036923527 0.0014077884 0.079636596 0.95985633 0.6500023 0.08859502 0.009202425 0.00062315166 5.9843616e-05 0.6200323 0.032352924 2.5545002e-19 8.590931e-06 3.088725e-05 0.97585815 0.005429545 0.0022293755 0.0032431653 0.18464503 0.0033890384 2.6648811e-08 0.122694656 1.1024116e-05 7.790394e-06 0.0011593422 0.6608841 0.0002887396 0.49911916 1.0745162e-08 0.02125761 0.00020191635 0.023176398 8.407522e-09 0.0009636897 0.00012203731 0.0007531156 0.00134302 5.775513e-07 0.10749966 0.0033098967 2.1324543e-06 0.0031952607 0.00016653627 0.00026517012 6.244116e-07 0.00011498156 0.04501719 0.0013430341 0.023128888 1.8866795e-05 0.00036355725 1.8281329e-06 3.459191e-05 6.037097e-09 3.525598e-05 0.0022339288 1.03697885e-05 0.0011578009 1.0666588e-06 0.00013609443 3.5162335e-05 0.00044037862 1.0870958e-05 6.5978593e-06 2.4656092e-06 0.00089220906 7.6150013e-07 0.00023784663 2.4303067e-06 3.5614805e-05 2.40832e-05 0.0013255044 2.760723e-07 8.02564e-06 0.0011573251 8.228948e-06 1.1945943e-08 0.0007410056 0.00034565348 3.3492395e-06 4.927868e-10 1.4120352e-05 6.9109336e-07 3.8689946e-06 3.27167e-06 3.2635606e-05 7.9767695e-09 9.439153e-06 3.1471794e-07 5.844061e-09 2.608841e-06 3.177999e-06
0.84920365 0.0053985836 0.12410519 0.006968609 0.00011413226 0.00069991435 0.013150368 0.0011057579 0.2535171 0.054797843 0.85192645 0.00028350452 0.00035039114 7.797638e-05 3.0960888e-05 0.00799 0.6575906 0.4369553 6.4500196e-06 1.8218202e-06 8.590931e-06 1.2512751e-15 0.96527106 0.00013646041 0.18494624 1.2760312e-07 0.0045617847 6.1808432e-06 2.7996437e-06 0.6683413 0.0002663195 0.84875387 0.46927258 5.4126207e-07 2.7027017e-06 0.026332246 1.6424694e-05 0.44974625 3.3055087e-05 1.0964869e-08 7.994092e-06 0.17656238 1.1778321e-05 0.09735074 5.195627e-06 0.0021432354 0.13124022 1.0833375e-06 2.6979146e-06 0.32557118 8.725231e-07 8.657369e-06 0.0003400797 0.108783774 4.0362493e-06 7.034026e-07 0.00011810521 2.6204807e-06 5.148047e-06 7.336462e-08 0.14791858 6.3879617e-07 0.089390464 3.385147e-06 0.00091806334 4.0198867e-07 3.4688455e-06 0.0003297607 0.10949954 0.1330128 3.6424055e-06 1.4128392e-07 1.0841078e-07 0.026289351 3.551766e-05 0.0001537186 0.03832781 0.0059465743 0.08119277 0.1420561 1.2012032e-06 0.022344263 0.009034626 7.506658e-05 3.1385189e-06 0.005507794 0.036388263 2.3495775e-06 1.9792303e-07 0.00060844043 8.9474224e-07 0.0033215713 0.00078563945 1.6070258e-06 0.030236764 6.233472e-05 7.201475e-06 2.9799748e-08 0.00095749187 5.8976784e-08 0.0005225084
0.8624296 0.004686849 0.05391658 0.007922284 0.00027030424 0.0019904668 0.0082587255 0.0018931538 0.23667829 0.025692815 0.8464172 0.00030046824 0.00042204902 0.0004974931 7.76204e-05 0.13275248 0.35655412 0.869143 9.299301e-06 7.030944e-06 3.088725e-05 0.96527106 8.620938e-15 0.00023169148 0.043911327 1.7876202e-07 0.00091618637 3.916892e-07 6.0837795e-07 0.89927185 0.0018961448 0.27923256 0.20135297 2.7021414e-07 3.1833738e-06 0.0034222815 0.00029621983 0.64841074 1.2886488e-06 6.4000744e-08 5.729453e-07 0.60611004 1.061851e-06 0.009259015 0.000321008 0.0012329405 0.062072415 0.00015495112 1.1810519e-06 0.15828861 9.014227e-07 0.00012553699 0.014258154 0.5557925 1.5657561e-06 4.79391e-06 7.53764e-05 3.9646793e-06 7.953469e-06 1.2434806e-06 0.038001962 6.214137e-06 0.16657434 9.210318e-06 0.0009993954 1.0296122e-06 2.6655346e-06 0.0043725716 0.019379968 0.06569936 0.0001435167 5.486889e-07 1.6399932e-07 0.021112602 9.585187e-05 0.004360899 0.004982317 0.005993277 0.010840833 0.02017847 6.824634e-06 0.010510301 0.008822285 0.00034053213 2.2976557e-05 0.0054610325 0.012728689 1.8145058e-05 1.474485e-07 0.00077783683 8.730513e-06 0.004698685 0.00067677186 5.8924106e-06 0.028496504 8.586831e-05 2.4901843e-05 1.8705603e-07 0.0012519356 9.368086e-07 0.0004713077
0.680517 0.006434212 0.0045678774 0.07006639 0.24195395 0.14110132 0.0143851545 0.08371759 0.003940501 0.013119879 0.004710114 0.054714628 0.7828349 0.55093 0.0368058 0.011155682 0.0014860121 0.00055244385 0.40560794 0.013401579 0.97585815 0.00013646041 0.00023169148 1.8483177e-17 0.004057581 0.0012115911 0.001934897 0.20939393 0.004305321 2.2086671e-07 0.31422073 5.55795e-05 7.707734e-05 0.00094671315 0.8950594 0.0002805987 0.8319797 7.3658505e-08 0.036979586 0.00018256901 0.052713927 2.3340858e-07 0.002092081 0.00031246553 0.0062140753 0.0011974609 1.2100119e-05 0.70136625 0.012420675 1.0807333e-05 0.0052328906 0.0003695775 0.0005768506 2.0205187e-05 0.00019197498 0.39364925 0.0017488567 0.21666639 1.9188537e-05 0.00047468202 5.1231786e-05 4.7647827e-05 7.813657e-07 4.2967396e-05 0.0025497966 2.0551908e-05 0.0068102987 1.2006974e-05 0.00036889364 0.00054768566 0.0010134655 6.44447e-05 2.0596939e-05 1.4615615e-05 0.0077332836 4.9713643e-05 0.0006447363 2.4935372e-05 0.0002945339 0.00049282005 0.04137811 4.175931e-06 2.7332871e-05 0.012765451 6.503897e-05 9.241684e-08 0.0014186233 0.0018062997 9.0673217e-07 1.4734398e-08 0.00031879192 6.4140346e-05 1.8870492e-06 7.0817787e-06 0.00017757628 2.9312787e-07 9.722112e-05 3.569709e-07 9.6800676e-08 0.0005295645 1.6873237e-06
0.9880351 0.14551489 0.33972868 0.054682184 0.11814757 0.033380285 0.3982593 0.02978817 0.06421419 0.45686668 0.40826625 0.3204878 0.031746626 0.06589852 0.042106923 0.017433025 0.8866177 0.06649923 0.010587448 0.01499182 0.005429545 0.18494624 0.043911327 0.004057581 6.209662e-16 0.026934657 0.8182142 0.002426193 0.0051470622 0.0092327045 0.0021594744 0.14764313 0.29836246 0.0019482881 0.00035754725 0.8180799 0.0005199714 0.00042350616 0.0013688278 0.008557071 0.0003430619 0.0002040416 0.0024505784 0.7525735 2.5566727e-05 0.53530884 0.0072767087 0.00019902436 0.00039680823 0.0062294584 0.0003453243 0.008395276 0.000787142 0.0012177725 0.0029274502 9.8575714e-05 0.09519379 7.0482485e-05 0.00038167226 0.00021801736 0.01564903 0.0015400774 0.0005205237 0.0013702513 0.18633676 0.00021654717 3.5240824e-05 0.00013606652 0.44713295 0.033089697 0.003495554 6.804367e-05 0.00047130208 0.002091908 8.279198e-05 2.619495e-05 0.37874302 0.00014942988 0.20196114 0.21930444 4.2958138e-05 0.0020637945 0.00061568647 0.00062475 0.00092834496 0.000733285 0.48802227 1.7750219e-05 0.0011070694 8.926571e-06 1.173613e-05 4.7602683e-05 0.028627763 0.0002775937 0.015231421 2.8943336e-05 0.00016530145 0.00011101995 2.78197e-05 2.4161197e-06 0.018986104
0.9465809 0.0006366035 0.00012722069 0.0004387559 0.019821089 0.0013640107 0.0058172927 0.00028278487 4.6682762e-05 0.00016744593 1.7504308e-06 0.7929791 0.0015232437 0.025823882 0.26753598 1.9673107e-05 0.0004406668 4.019333e-06 0.013488687 0.64798003 0.0022293755 1.2760312e-07 1.7876202e-07 0.0012115911 0.026934657 1.2938227e-18 0.37607875 0.004248678 0.28792694 6.7556463e-09 6.277014e-05 1.4961024e-06 3.8286666e-06 0.7029042 0.00036045443 0.08026096 0.00011090693 2.9551142e-09 0.015044167 0.9627185 0.0019219288 1.9213348e-07 0.0620449 0.009432053 8.812668e-06 0.21958141 8.349548e-08 2.265346e-05 0.0034982506 9.7531604e-08 0.024720052 0.3391993 0.00030759218 2.114556e-06 0.6710724 3.2246957e-05 0.58316797 0.0006341884 0.71510607 0.009249405 5.7613806e-07 0.08401276 8.719176e-07 0.043264017 0.25973827 0.032935787 0.00039302863 8.805228e-05 0.013312438 7.0478823e-06 0.078029625 0.04992625 0.19830689 6.541606e-07 0.00013409108 8.7443994e-05 0.02808906 6.562817e-08 0.0021801488 0.0002555382 2.3288462e-06 4.1497486e-08 6.1782714e-07 1.8074232e-05 0.062302545 1.747411e-09 0.018253116 0.0009228369 0.00207253 1.4286892e-09 2.1101969e-06 1.6042289e-07 0.016570771 0.013159746 1.6287337e-05 3.4123686e-09 0.013222274 0.0022911509 2.8116853e-09 1.8214406e-07 0.0128704365
0.98240304 0.069407165 0.12497244 0.007471191 0.16950355 0.011716788 0.37465855 0.0055243834 0.0035857048 0.11636817 0.008395697 0.81557107 0.0134561295 0.057857055 0.08840573 0.00037662763 0.2648574 0.0012143564 0.010940074 0.026383704 0.0032431653 0.0045617847 0.00091618637 0.001934897 0.8182142 0.37607875 1.8574328e-20 0.0037865979 0.024777211 5.36538e-05 0.00022740939 0.008697182 0.03755573 0.027477613 0.000314767 0.911731 0.0002887393 4.0876307e-06 0.0026026743 0.12449091 0.0005330747 3.2932824e-06 0.0033660606 0.5330911 3.6495646e-06 0.7838042 3.7226517e-05 3.1291715e-05 0.00019470195 0.00020241049 0.00067906507 0.057860702 2.8024688e-05 1.373758e-05 0.013288731 8.863424e-06 0.48748064 7.618896e-05 0.10241943 0.00013929843 0.00044750964 0.061972577 1.2373293e-06 0.019498387 0.52789253 0.007100982 7.66414e-06 7.0486276e-06 0.20880094 0.00079396163 0.012265769 0.0002929587 0.0026854845 9.672156e-05 1.2836905e-05 3.0587914e-06 0.27353373 2.40082e-06 0.081304364 0.030988406 2.7920996e-05 8.969173e-05 2.6647887e-05 3.0603278e-05 0.0007725776 5.6426247e-06 0.1649741 3.0286324e-06 0.01148764 5.0482665e-08 1.2889818e-06 4.4205198e-08 0.1463753 0.001116532 7.1102455e-05 2.291419e-09 0.00034352188 0.006437456 2.4600379e-08 4.9788433e-08 0.09003712
0.782195 0.00018301337 5.0690385e-05 0.00086039514 0.050041903 0.0014347142 0.0008335108 0.00047453694 7.1573784e-05 0.00023393217 7.3189426e-06 0.13224082 0.02142573 0.6470403 0.24837252 7.0595465e-06 0.000121850426 5.37426e-07 0.9335144 0.30494365 0.18464503 6.1808432e-06 3.916892e-07 0.20939393 0.002426193 0.004248678 0.0037865979 9.745567e-17 0.20045793 3.4654184e-09 0.00020477398 1.0937647e-05 4.2354472e-06 0.07506472 0.8406289 0.00045277592 0.0037746404 1.2777799e-09 0.9503361 0.00032346987 0.84201604 3.3367373e-09 0.2858119 3.3299508e-05 3.122174e-06 0.0006467861 8.151275e-07 0.013399164 0.41842228 7.1310756e-06 0.38096705 0.00026528497 1.6020122e-05 1.9497302e-06 0.0031918176 0.024137242 0.0012699873 0.33009738 0.00024073386 0.062037077 7.2443618e-06 5.0299313e-05 5.84325e-08 2.094509e-05 0.0013449574 3.764041e-05 0.03096894 7.910653e-06 7.398909e-05 1.1624848e-05 0.000324229 0.005100206 0.0007403822 7.385539e-06 0.009698518 3.168418e-06 0.00015857047 6.830162e-06 3.5509056e-05 5.346491e-05 0.00024072835 3.274455e-06 8.613836e-06 0.006784537 0.00022299685 2.9476217e-09 0.00078480033 0.023278812 6.747672e-06 1.515307e-09 0.0011590765 6.540873e-06 0.00016642609 4.2197153e-06 9.300387e-05 3.1006686e-09 2.2095519e-05 5.742456e-07 1.190818e-08 3.8544753e-05 0.00012079384
0.92918426 5.09854e-05 1.6984044e-05 5.5247096e-05 0.015125094 0.00033949982 0.0016917475 7.9277714e-05 7.8406165e-06 0.00023627946 2.5934535e-06 0.30275956 0.0019181166 0.17415164 0.46544784 1.432267e-06 0.00012600297 7.6875455e-07 0.12238023 0.8593562 0.0033890384 2.7996437e-06 6.0837795e-07 0.004305321 0.0051470622 0.28792694 0.024777211 0.20045793 9.149123e-21 1.6956107e-09 3.088304e-05 1.064877e-06 1.0497042e-06 0.96575904 0.011625901 0.0023621772 0.0005143142 9.670332e-10 0.43643114 0.0219531 0.15951471 2.1054134e-09 0.828757 0.000722627 3.5896614e-06 0.012448234 3.881612e-08 0.00070632336 0.14094464 1.26896e-07 0.3384402 0.016536815 7.036072e-05 1.0538298e-06 0.45692888 0.0010525638 0.061831012 0.016676294 0.012871799 0.24774249 2.6283482e-07 0.002063895 5.878474e-08 0.00053438055 0.01624815 0.0023877323 0.0031212587 3.1949771e-06 0.0003586741 8.3226416e-07 0.008929228 0.17212859 0.17916836 4.9002143e-08 0.000703632 4.060085e-06 0.0008797151 2.6654314e-07 0.00012842359 3.893036e-05 8.562556e-06 9.736768e-08 1.5939025e-06 0.00047400978 0.017286178 8.264681e-09 0.002560588 0.024856456 4.041467e-05 8.613941e-10 4.6151523e-05 5.288856e-07 0.00026382064 7.0635026e-05 1.3466084e-06 7.61641e-09 0.0010128857 5.727481e-05 4.672153e-08 3.1643822e-07 0.00050126895
0.82512593 6.036298e-05 0.0009844626 0.00014497059 5.534386e-07 9.6878175e-06 0.0006481816 1.0541881e-05 0.0068259197 0.0015985059 0.17431617 3.6396345e-06 2.2374934e-07 2.0249784e-07 9.386628e-08 0.018370446 0.120010495 0.30872345 6.2342265e-09 1.3564362e-08 2.6648811e-08 0.6683413 0.89927185 2.2086671e-07 0.0092327045 6.7556463e-09 5.36538e-05 3.4654184e-09 1.6956107e-09 1.2899485e-19 0.00019209896 0.50541264 0.1813843 2.1343796e-09 1.5449972e-08 0.0003755649 1.2535704e-06 0.9742093 3.2761974e-08 1.4868292e-09 1.249753e-08 0.8158909 1.5975045e-08 0.0017214164 6.428253e-05 5.8464695e-05 0.2474421 8.066447e-06 2.269135e-08 0.6306166 1.14473755e-08 7.520719e-08 0.0065656 0.5945676 1.2125989e-08 5.8093118e-08 1.1055849e-05 5.062615e-08 5.7808415e-07 2.0436447e-08 0.11119644 5.590132e-07 0.6767772 6.1714545e-08 4.654433e-05 2.4290415e-08 1.066554e-06 0.0047 0.01167072 0.12037641 3.4420773e-06 8.904523e-08 1.5185043e-07 0.07666253 7.0733004e-06 0.0017117438 0.0016680476 0.0351806 0.0055109467 0.016079526 1.0278017e-05 0.01325483 0.019772762 2.9672523e-05 1.31655e-06 0.0058671692 0.0049507767 4.300228e-07 4.9353866e-07 0.0046870997 3.058348e-06 0.005220549 0.00020407389 7.417702e-07 0.028652221 0.00011903604 1.5284938e-06 1.1325129e-08 0.0006120457 8.771005e-08 0.0002752906
0.022068294 0.017704 0.012393584 0.09424249 0.04138756 0.09982686 0.0029111872 0.08910032 0.057463747 0.0008978053 0.007612853 0.0009210985 0.36314452 0.01585689 0.0029272703 0.6645544 0.0017210882 0.018672233 0.0036452117 0.0005819901 0.122694656 0.0002663195 0.0018961448 0.31422073 0.0021594744 6.277014e-05 0.00022740939 0.00020477398 3.088304e-05 0.00019209896 8.508591e-20 0.000109060195 2.9878365e-05 2.4027831e-06 0.00739692 0.00034410701 0.98967105 4.506871e-05 2.2878865e-05 6.6025576e-05 5.1362476e-06 5.18348e-05 1.0627938e-05 0.00065239 0.9397357 0.0001527541 3.899721e-05 0.26658428 1.2328723e-06 4.715918e-05 7.822343e-07 0.00036604138 0.17785122 0.0006913132 1.45878075e-05 0.008224399 0.00034327857 5.284508e-06 2.038476e-05 2.829547e-07 0.00012707662 6.0956336e-05 5.424741e-06 6.9231515e-05 0.0008685366 1.4188018e-05 2.1014446e-06 8.221735e-05 0.000109515146 0.0003536204 0.000724309 3.654709e-08 8.9714874e-08 3.8305683e-05 8.663191e-06 0.00075390533 0.00087703153 4.7780424e-05 0.0006620257 0.00024974986 0.0388131 3.34461e-05 0.00031235474 7.0399083e-06 5.753732e-07 8.014774e-07 0.00048209415 6.7820004e-08 3.3100037e-05 3.9044056e-07 6.243032e-07 0.0001726657 2.0614116e-05 9.286827e-07 9.456023e-05 6.568631e-07 1.7928522e-06 1.1276535e-06 3.9716218e-07 2.0505497e-06 1.3036574e-06
