1.6132222e-22 0.9876699 0.95240474 0.98552924 0.95313305 0.79501504 0.9117124 0.93589073 0.9098777 0.95210576 0.902414 0.75070435 0.44780225 0.8027422 0.9799861 0.67855036 0.9749856 0.87582934 0.6268154 0.32622397 0.37282294 0.9831366 0.97151685 0.927172 0.66371065 0.33600074 0.3142732 0.9834945 0.96944904 0.99514663 0.91582334 0.88184917 0.22394666 0.98725116 0.047586277 0.16873474 0.9570015 0.9371395 0.9955395 0.14589271 0.861915 0.8843381 0.01718731 0.9903233 0.93852156 0.8609056 0.58924 0.906257 0.9674459 0.5010401 0.8172132 0.95384145 0.06183228 0.23828012 0.5712956 0.98815763 0.83081615 0.03564937 0.992403 0.8079794 0.99962497 0.5458076 0.028847182 0.5922382 0.05997477 0.9069291 0.76449263 0.19717343 0.9805638 0.42860106 0.9937831 0.0012195408 0.0020403909 0.047560453 0.1195413 0.64805967 0.13319306 0.030978585 0.02838157 0.3555607 0.9334373 0.020446626 0.0013283434 0.44536394 0.017899744 0.13539214 0.018186612 0.9896993 0.008203076 0.99990946 0.014275413 0.0016500668 0.0076517323 0.00022469656 0.43658853 0.028510021 0.9557255 0.9999218 0.0012596825 0.07915092 0.11065114
0.9876699 1.8225522e-17 0.93359435 0.7806888 0.08050612 0.05389908 0.14451233 0.15722796 0.09852557 0.045151755 0.0014920963 0.75280404 0.77177405 0.88084936 0.21498445 0.00043095124 0.08600306 0.0021821195 0.13767056 0.4642368 0.51097083 0.01748024 0.08966901 0.0001340517 0.52552617 0.50928223 0.019823438 0.015393807 0.03431924 0.004660208 1.7830334e-05 0.39299172 0.10918116 0.01080449 0.0022265664 0.11737126 1.1392613e-05 0.0027664625 0.060538344 0.34127718 0.00019280153 5.3844255e-06 0.001297875 7.789463e-05 0.09962664 0.0023263835 0.35591242 0.24917817 9.7766015e-06 0.00025925957 0.03628517 0.013470453 0.019076798 7.8047065e-05 0.14123428 0.0059302077 1.8686947e-06 0.030590564 0.0029273331 0.0003218823 0.01120069 9.0357446e-07 0.021318616 1.1892683e-07 0.00046410627 1.084184e-06 0.0030567092 8.977655e-05 0.00013858978 0.012361483 0.0049044364 1.4248183e-05 0.0072338027 9.2600654e-05 0.015895294 4.6809028e-08 0.0021026758 5.8413502e-06 0.013767497 2.2246486e-07 8.493743e-06 1.8911902e-05 0.0053198813 4.2677036e-07 1.7040397e-06 7.4307005e-09 7.8054654e-05 8.2643106e-07 0.0016796116 0.006189988 3.78717e-06 0.00055231195 0.00119664 1.4914376e-05 6.400719e-07 0.0010528007 0.022941342 0.0024887812 0.00015462635 4.9542614e-08 1.3985976e-06
0.95240474 0.93359435 2.1997345e-17 0.671264 0.012105228 0.0058523077 0.027142037 0.13517818 0.051903997 0.02008251 0.00022112142 0.39675206 0.74735963 0.93136257 0.20073292 1.3959651e-05 0.065471314 0.00047971666 0.02407407 0.30426893 0.56520826 0.0067748358 0.029494056 4.518538e-05 0.47613537 0.15819585 0.0018120728 0.007850006 0.011397606 0.0031829597 2.9175364e-06 0.48076564 0.14979519 0.0084121665 0.00043701511 0.15134168 1.3127186e-06 0.0022066366 0.032895688 0.1298307 2.2798906e-05 1.8649673e-07 0.00012133418 7.650633e-05 0.09097864 0.0038016394 0.34837928 0.23914875 6.6321496e-07 0.00033959115 0.033398833 0.0072093955 0.000876605 0.0003334258 0.14720446 0.0035508652 2.5922378e-07 0.041444853 0.0010861731 0.00023462031 0.0045998376 2.7969043e-07 0.031842522 8.46072e-09 0.00018504285 1.2810804e-07 0.0018259975 8.513819e-05 0.00011620175 0.028187862 0.0029634302 2.8191378e-06 0.0056267916 3.0538497e-05 0.035721116 1.4321603e-08 0.0030139869 2.9042047e-05 0.0026384934 7.922385e-08 5.5232505e-07 7.5667595e-05 0.0076388814 4.761732e-08 6.0861066e-07 2.1053612e-09 2.2059998e-05 2.3544503e-07 0.004339096 0.0028293836 1.3236057e-05 0.000254205 0.0045930278 2.5968293e-06 1.6043758e-07 0.00128955 0.008071661 0.0011661035 0.00018080117 2.2693068e-07 1.439633e-06
0.98552924 0.7806888 0.671264 1.0534611e-17 0.23970805 0.069743976 0.07597004 0.9357656 0.8114269 0.5133941 0.0009430263 0.19517402 0.13141266 0.24909016 0.72084874 0.00026827105 0.43225428 0.007851732 0.023699662 0.06996124 0.09129314 0.03273182 0.28571168 4.6404057e-05 0.11959026 0.07078643 0.006332671 0.08810644 0.15574835 0.030568117 6.883158e-05 0.19099498 0.05135768 0.08524011 0.0003110447 0.026329668 6.393011e-06 0.053196378 0.33175725 0.027989186 0.00020596813 1.9799015e-06 3.701048e-05 7.7720026e-05 0.17813793 0.03107947 0.06613122 0.13770965 1.961521e-06 0.0033546889 0.057831943 0.025556076 0.0023159706 0.00061454816 0.05109822 0.014231684 1.0899553e-06 0.010958598 0.014474374 0.00046570133 0.02769217 8.3398584e-07 0.0017819047 5.9304583e-08 0.00072738563 8.8142355e-07 0.011031169 0.00026168622 0.002684071 0.014144181 0.021510983 1.415449e-05 0.0010552515 8.858249e-05 0.006410417 2.3669868e-08 0.005319392 6.270701e-05 0.003209621 4.8089817e-07 0.00011236473 2.2236092e-05 0.00029532905 6.369559e-07 6.3520074e-06 2.5723457e-08 9.119684e-05 6.599414e-06 0.0002003242 0.0051598065 3.997496e-05 0.00014574647 0.0016240597 5.5870114e-06 1.2660981e-06 0.0013614421 0.010470694 0.005936084 4.5056204e-05 1.3116706e-07 6.841423e-07
0.95313305 0.08050612 0.012105228 0.23970805 2.4188763e-18 0.9937378 0.72688323 0.040030338 0.14846107 0.15956415 0.4092741 0.16287717 0.020020222 0.0023280582 0.00024240479 0.124379456 0.02553909 0.26391706 0.24849944 0.009578453 0.002992459 0.29104516 0.34754342 0.039949782 0.0027041305 0.08177556 0.29675007 0.24263531 0.094964884 0.25430202 0.016011149 0.0005194201 0.00016597642 0.0046614525 0.04811188 0.00011086642 0.004451184 0.00028749215 0.22818206 0.0020849213 0.05676731 0.0022868724 0.015537752 0.013492161 5.009562e-05 1.7974462e-05 8.166495e-05 0.00012384215 0.00026364485 4.4030992e-05 1.0995777e-05 0.054064177 0.046281077 6.397835e-06 2.7202977e-05 0.0110744005 0.00012308822 3.0435629e-05 0.1274315 1.5713335e-05 0.10921387 2.3959998e-05 9.491055e-06 2.7312388e-05 0.006282398 6.38929e-05 0.0037712797 2.9607141e-05 0.017885027 1.6920765e-05 0.0128654735 8.5600095e-06 3.1305775e-05 0.001706957 6.060084e-07 2.5060951e-06 7.342373e-07 2.2857173e-06 0.00015277113 2.3680211e-06 7.7907105e-05 4.194547e-06 1.2734862e-06 7.1971835e-06 1.3916902e-05 1.6096608e-06 0.0002175876 0.000214896 3.3577803e-07 0.012040471 1.2072105e-06 6.3542248e-06 6.1815217e-06 2.2779964e-06 1.1960883e-05 6.947722e-07 0.017804667 0.022865599 2.1110691e-07 2.7492035e-06 2.3696646e-05
0.79501504 0.05389908 0.0058523077 0.069743976 0.9937378 1.2689188e-18 0.91158575 0.004624762 0.03354249 0.03584106 0.5697615 0.17931935 0.026004208 0.0007688994 6.899285e-05 0.27577534 0.0011053177 0.49429047 0.15538163 0.006213856 0.0014290266 0.25990075 0.103037 0.06409822 0.0006277774 0.051171962 0.5044307 0.07718971 0.024816591 0.12065342 0.04889733 3.044431e-05 3.3545766e-05 0.00019064531 0.19630001 2.5748926e-05 0.21426661 2.0458005e-05 0.053034384 0.0005887345 0.11877225 0.08453011 0.053532586 0.010085939 2.2907673e-06 2.4593143e-07 4.556313e-06 8.2013075e-06 0.013275759 1.0340764e-05 3.0211754e-06 0.0054865307 0.043029547 2.4259566e-07 2.7033486e-06 0.0030190914 0.001726081 3.6385345e-06 0.07899442 1.9641118e-06 0.015918473 0.00046783578 2.733179e-06 2.7384793e-05 0.0159689 0.00014456137 0.00049341965 9.468214e-07 0.010590069 1.1519656e-06 0.0011745396 0.000101173544 1.2412288e-05 0.0037156504 9.927104e-08 3.8558726e-05 1.3106177e-07 4.879083e-07 0.0009177364 4.8033307e-05 0.0017936125 6.9470326e-07 1.0108143e-06 5.4477212e-05 0.0001805572 5.5916594e-06 0.0010253338 0.00037962248 1.2571938e-07 0.0016479257 2.9469498e-07 1.6379145e-05 1.1456665e-05 4.036188e-06 0.00010747736 8.0829216e-07 0.0004517571 0.0077755023 3.4476145e-07 3.5772491e-06 5.9954717e-05
0.9117124 0.14451233 0.027142037 0.07597004 0.72688323 0.91158575 1.5643973e-18 0.010687376 0.038487457 0.014703021 0.085454345 0.7547088 0.045003198 0.0012246093 7.6789656e-05 0.26080176 0.005760922 0.04421638 0.9795021 0.035470247 0.0029103043 0.06616097 0.046607256 0.014247783 0.0017724086 0.36843958 0.8089492 0.030744595 0.013006324 0.030708322 0.0060573174 4.3732023e-05 0.0003750007 0.0015801841 0.4188466 0.0006274668 0.0023822347 7.818204e-05 0.02622204 0.0072210655 0.09154194 0.0048194136 0.12922844 0.004905527 3.488951e-06 4.9769447e-08 0.00013810543 3.7170448e-06 0.0005425896 1.1220191e-05 3.9579828e-07 0.0038774963 0.08809083 1.3183234e-07 3.968833e-06 0.0016217341 0.00022970284 5.31006e-06 0.019680958 2.9156019e-05 0.011260846 0.000113405746 8.162707e-06 6.6530833e-06 0.011889214 0.00019057949 0.00052986457 8.7931613e-07 0.0033627606 5.539738e-06 0.0026226724 0.00023254108 3.581279e-05 0.0018553828 2.7962963e-07 7.184723e-06 1.6589705e-07 3.4111517e-07 0.0015156426 7.73069e-06 0.00013707893 1.5749079e-06 1.4577216e-06 8.507459e-06 9.919657e-06 4.6308918e-07 7.552046e-05 0.00022388608 8.825127e-07 0.0021241063 1.9681804e-06 0.00019665952 2.9201778e-06 6.1092986e-05 4.056596e-05 1.081925e-06 0.0054154303 0.0030096928 6.203201e-08 1.3895531e-06 2.266129e-06
0.93589073 0.15722796 0.13517818 0.9357656 0.040030338 0.004624762 0.010687376 4.0238607e-16 0.96198857 0.27460256 2.7355896e-05 0.013832596 0.03430852 0.07309123 0.77873623 1.9982552e-05 0.79196703 0.0002627079 0.0024914625 0.0052854302 0.030940326 0.0009859913 0.07516732 5.633586e-06 0.008241633 0.0026127712 0.00067191257 0.027885484 0.07754154 0.0036688212 8.415533e-06 0.109246135 0.007709628 0.28520468 2.9765797e-05 0.0038247625 3.9979759e-07 0.24929069 0.11921909 0.0007043548 3.7311554e-06 1.6573316e-06 1.3710945e-05 3.6656695e-06 0.26411134 0.25514102 0.010391376 0.059465177 3.3780523e-06 0.072472766 0.13472733 0.15945877 0.00050635764 0.08649324 0.018771412 0.037179552 4.895896e-07 0.002277317 0.0025789747 0.0036645446 0.021827847 1.0378271e-06 0.0003528607 3.9216537e-09 0.000119134405 2.6240377e-07 0.14867125 0.0044471044 0.00017743591 0.092486575 0.05535096 1.8104698e-05 0.00034430658 2.0260988e-05 0.0044753975 1.2349526e-08 0.029210629 0.0015666533 0.0014728379 7.4605316e-07 6.4945124e-07 0.0021206036 0.00014305662 2.5001746e-08 8.739981e-07 4.0001783e-08 7.722151e-06 1.221196e-08 6.7992885e-05 0.01717875 0.0011085243 3.6793135e-05 0.0031290033 2.550542e-06 1.4480953e-07 0.0062864707 0.025929164 0.003076541 0.00016331737 5.9720236e-07 1.519012e-06
0.9098777 0.09852557 0.051903997 0.8114269 0.14846107 0.03354249 0.038487457 0.96198857 4.4724234e-19 0.9206182 0.0021516117 0.029776694 0.038029388 0.028896702 0.12447857 0.0011403206 0.8000772 0.008086061 0.0034103002 0.003919716 0.014094744 0.0062612602 0.2372628 0.00021606796 0.0029275746 0.0027495567 0.0022386743 0.12534505 0.2163555 0.06735796 0.0004448797 0.018227678 0.0015267305 0.2949447 0.00036207613 0.0006406216 7.196878e-05 0.061551888 0.15550971 0.00022248153 2.0882404e-05 6.490309e-05 2.0971855e-05 5.3935502e-05 0.031993296 0.063091934 0.0020376344 0.0063525042 6.4081214e-05 0.008423607 0.0110884085 0.38906366 0.0010709869 0.017897349 0.0019975638 0.05963764 4.8362576e-06 0.0006779569 0.012539304 0.0014975099 0.05870814 4.1543385e-06 0.00013313236 4.361118e-08 0.00031962176 2.1664878e-06 0.038125392 0.0018231482 0.0009397732 0.008077879 0.018814726 1.6053109e-05 0.00078850077 8.506198e-05 0.00047220907 6.300734e-07 0.0036180054 0.0008963826 0.0036510883 3.2746107e-06 0.00013235383 0.000743809 0.00011926218 2.4994404e-06 8.875529e-06 8.609417e-08 1.0838029e-05 4.3158257e-06 9.655847e-06 0.017974662 0.0005030522 5.0753268e-05 0.0012633428 6.3837197e-06 9.951655e-06 0.0009348385 0.014137425 0.01803931 4.6829507e-05 4.2404406e-07 3.1502136e-06
0.95210576 0.045151755 0.02008251 0.5133941 0.15956415 0.03584106 0.014703021 0.27460256 0.9206182 1.0156774e-16 0.0032889294 0.008186539 0.009162201 0.010497345 0.02908589 0.001431916 0.78592587 0.018060992 0.0011847788 0.0012863552 0.00280772 0.027745966 0.8789434 0.00133755 0.0009327444 0.00082412676 0.0013567728 0.68008375 0.8838537 0.20082867 0.0017463866 0.0029800362 0.00053864747 0.26621646 0.00017610818 0.00027670982 4.096327e-05 0.037556324 0.63269585 2.5977346e-05 4.6447487e-05 1.7304494e-05 3.3492128e-05 0.0003714435 0.0030201545 0.0066336365 0.00044424372 0.00078307785 1.2220239e-05 0.0022731228 0.0018426495 0.59095395 0.00062926667 0.0026864076 0.0004913301 0.12702397 5.562757e-06 0.0002546896 0.058056477 0.0006173736 0.3716327 9.926686e-08 6.443511e-05 4.2345583e-08 0.0008557063 5.985237e-06 0.017072827 0.00041782175 0.0028898024 0.0015032392 0.019062405 8.0975315e-06 0.00016461931 0.0001305042 2.0082965e-05 1.4713083e-06 0.0007594253 0.00084859214 0.0015180055 4.7022722e-06 0.0005953194 0.00041474347 0.00011195944 9.199546e-06 2.5335152e-05 2.88593e-07 2.5451514e-05 1.7883518e-05 6.4814476e-06 0.020049164 0.00035830843 0.00011250765 0.00049874437 5.316019e-06 3.572301e-05 0.0005276977 0.012857739 0.030798627 1.1332492e-05 2.472598e-06 1.8447902e-06
0.902414 0.0014920963 0.00022112142 0.0009430263 0.4092741 0.5697615 0.085454345 2.7355896e-05 0.0021516117 0.0032889294 1.5388832e-15 0.010140427 0.001190465 1.9166991e-05 1.469435e-06 0.98589367 6.3244115e-05 0.8325365 0.037936833 0.0005333144 8.398972e-05 0.49569756 0.08362439 0.42307737 3.466516e-05 0.005262428 0.08608846 0.108431384 0.013754151 0.29956976 0.31352848 4.2039073e-07 2.19106e-06 9.025505e-05 0.03090563 1.561536e-06 0.4068966 1.6106927e-06 0.040747266 7.487689e-05 0.33963585 0.26317167 0.013286957 0.11248104 6.320567e-08 2.7882582e-08 2.6175744e-07 2.6503093e-07 0.031342328 2.744148e-06 3.2025635e-08 0.005903005 0.0368184 8.321233e-08 4.501334e-07 0.0020092488 0.0050977357 1.2133098e-07 0.18030629 1.5586004e-08 0.021345196 0.0034035665 3.265612e-07 0.0011846675 0.023632651 0.0015456023 0.00022283127 1.4324944e-07 0.027692415 3.9986144e-08 0.0009153523 3.594449e-05 1.248029e-07 0.017574262 8.274796e-08 7.948113e-05 3.6924666e-09 2.2275675e-09 6.906589e-06 9.701653e-05 0.0027859008 4.8456382e-08 2.151962e-08 8.722462e-05 0.00049443095 3.444319e-05 0.0026639274 0.0027592864 3.065049e-08 0.004384834 4.343652e-08 1.5924226e-06 7.0896576e-08 4.8689964e-07 0.00035980143 4.139496e-08 0.0022489445 0.024437781 5.5854574e-09 6.2109734e-06 0.00022819541
0.75070435 0.75280404 0.39675206 0.19517402 0.16287717 0.17931935 0.7547088 0.013832596 0.029776694 0.008186539 0.010140427 9.266675e-16 0.68304324 0.040647145 0.0044227047 0.026209297 0.012701084 0.006496524 0.70574284 0.9064377 0.07332805 0.016370807 0.019806284 0.001053851 0.08070851 0.9416126 0.1388367 0.004758174 0.005208082 0.0023805122 0.0001236539 0.0051272823 0.0082217045 0.0013606017 0.016760139 0.013501403 0.0005176658 8.682715e-05 0.00390718 0.6806493 0.0043212455 0.00046409125 0.014865954 0.00031203855 0.0005029466 3.0022018e-06 0.019966297 0.0054563116 0.00015239484 8.108339e-05 0.00011407894 0.0013012615 0.22867988 9.5327056e-07 0.0027038455 0.0005048588 1.9154348e-05 0.0017635466 0.0019057613 0.00044663178 0.0011917702 2.569105e-06 0.0025978722 4.9241617e-08 0.0030660096 1.5080334e-06 0.00021425876 5.799785e-06 0.00021299502 0.00012345689 0.0009627743 0.00014577787 0.0068307617 0.0008643498 7.578502e-05 9.192824e-07 1.33838685e-05 3.190635e-06 0.053004984 4.8362693e-07 5.042599e-06 3.891364e-06 0.0023288631 1.8270157e-06 2.0564094e-06 6.2074726e-08 8.818607e-05 1.4668931e-05 0.00012396055 0.0003613431 1.3450361e-06 0.0051314593 1.959766e-05 0.00021539848 8.685208e-07 9.130062e-06 0.0012045018 0.0005703778 3.6749034e-06 3.0870757e-07 1.4921747e-05
0.44780225 0.77177405 0.74735963 0.13141266 0.020020222 0.026004208 0.045003198 0.03430852 0.038029388 0.009162201 0.001190465 0.68304324 1.6517104e-16 0.8116207 0.04265625 0.00132141 0.011809276 0.0008975391 0.020731322 0.95935893 0.88510907 0.002976794 0.0107894065 6.06338e-05 0.6183767 0.13142909 0.00087931496 0.0027132533 0.0046014143 0.0010188016 1.7936294e-05 0.0917913 0.060817808 0.002612431 0.00025807868 0.115336575 2.2598908e-05 0.0005034882 0.00318829 0.25898832 5.0095714e-05 7.584348e-06 0.00017455597 1.5349277e-05 0.00068467465 4.590932e-06 0.039429046 0.0038752377 7.0410697e-06 3.872799e-05 0.00015485243 0.0012778001 0.005425994 5.3318045e-06 0.0012502015 0.0007599295 2.5388215e-07 0.0024052812 0.0006222935 9.547418e-05 0.0011109504 4.6736704e-07 0.0012317853 5.0929554e-09 6.20544e-05 3.643491e-07 0.00023366728 1.0066096e-06 6.7424015e-05 0.00034901858 0.00060339895 5.3807757e-06 0.0017107525 1.6174172e-05 0.00026487265 2.396228e-07 8.872867e-05 2.7329379e-05 0.003860135 8.9824965e-08 7.844356e-06 5.520951e-06 0.0015305966 6.8907036e-07 8.5702146e-07 2.447948e-08 1.7113187e-05 8.679867e-07 0.00020290584 0.00031592156 6.2372505e-06 0.00070070906 0.00021800696 4.57892e-06 4.7445542e-07 0.00010295259 0.0007444654 0.00027767656 3.7856662e-05 1.0965502e-07 1.9795143e-06
0.8027422 0.88084936 0.93136257 0.24909016 0.0023280582 0.0007688994 0.0012246093 0.07309123 0.028896702 0.010497345 1.9166991e-05 0.040647145 0.8116207 2.458535e-17 0.5997601 1.2231759e-05 0.027837265 1.8004883e-05 0.00070593075 0.23708999 0.90918845 0.0004208804 0.011209592 3.4694776e-06 0.5664612 0.005950015 7.162889e-05 0.0014486382 0.0046723164 0.00020223722 5.982301e-07 0.8684697 0.28767362 0.005662174 7.927986e-06 0.3891912 9.807259e-08 0.0013318177 0.004447963 0.025151096 1.3493073e-07 9.378825e-08 3.777132e-06 8.8344154e-07 0.057858024 0.00034321423 0.19425723 0.11994694 1.4008782e-07 0.0006062163 0.005139529 0.003103364 0.00010710256 8.829749e-05 0.024302375 0.0015312011 1.4444946e-08 0.012702302 0.00011347521 0.00054869754 0.0022206819 6.0897176e-09 0.0036299217 7.3547494e-11 1.8820475e-06 3.0180594e-08 0.00076903467 3.917793e-05 2.12118e-05 0.0027040984 0.0014394026 1.1042129e-07 0.0013246834 4.272863e-07 0.0019937144 1.132258e-08 0.0005813422 1.5758911e-05 0.0003351576 1.51814e-08 3.153296e-07 3.5821085e-05 0.0017276596 4.2711253e-08 3.402784e-08 1.2975504e-09 2.4910437e-07 2.2081866e-07 0.00040718965 0.0019296505 2.1799604e-05 0.00027722886 0.00083691644 2.463025e-07 5.4321055e-07 0.0002961523 0.0044554947 0.0007374644 7.285812e-05 1.1079174e-07 4.3032777e-08
0.9799861 0.21498445 0.20073292 0.72084874 0.00024240479 6.899285e-05 7.6789656e-05 0.77873623 0.12447857 0.02908589 1.469435e-06 0.0044227047 0.04265625 0.5997601 2.4522206e-18 2.2058212e-07 0.42397547 1.1632499e-05 0.0008647814 0.005130129 0.08253088 0.0005585794 0.0608167 9.722881e-07 0.03776956 0.00032864558 6.135616e-06 0.0031261786 0.024004815 0.00035140594 1.7190602e-07 0.6629659 0.048408113 0.15264715 9.358933e-07 0.034047734 4.980534e-08 0.2906497 0.1032537 0.0009203676 3.9973125e-07 5.155067e-08 6.3774824e-06 4.864052e-06 0.90343773 0.7782396 0.10651848 0.5121552 2.712179e-07 0.034637604 0.6998599 0.03620958 0.0019271387 0.27810243 0.28734735 0.023393892 3.233375e-08 0.022766655 0.0006018243 0.0052731233 0.02336586 6.6752723e-09 0.0060610333 2.4370442e-10 7.4380573e-06 2.3098143e-07 0.12898359 0.0028239437 5.5103552e-05 0.52801913 0.080744736 1.2110272e-06 0.00047203395 8.2893484e-07 0.13473144 3.5403116e-09 0.27163494 0.0006430224 0.00023537714 8.9853934e-08 1.6173847e-07 0.0049693356 0.0011751759 1.1629798e-08 4.8045006e-08 2.0061544e-09 1.2291132e-06 1.4455702e-07 0.0044648596 0.0165428 0.0002670848 7.851709e-05 0.07457945 5.0697685e-07 2.4175316e-07 0.08104323 0.13079125 0.0012612006 0.004269357 1.8852242e-07 7.626037e-08
0.67855036 0.00043095124 1.3959651e-05 0.00026827105 0.124379456 0.27577534 0.26080176 1.9982552e-05 0.0011403206 0.001431916 0.98589367 0.026209297 0.00132141 1.2231759e-05 2.2058212e-07 7.0843526e-17 2.2907203e-05 0.616665 0.077373445 0.0004636301 3.7158312e-05 0.18402441 0.012742056 0.41416374 3.4903973e-05 0.0134536475 0.47794437 0.013760001 0.0039722184 0.03456244 0.10559942 4.6005955e-08 7.4584466e-07 8.349199e-06 0.35246018 9.043003e-07 0.69527024 4.8484463e-07 0.009933081 0.00019879463 0.6877599 0.6258439 0.1332406 0.021666234 4.0078594e-09 8.798748e-09 5.706278e-07 7.878265e-08 0.15674295 3.0739028e-07 7.545314e-09 0.0006623806 0.17335424 2.7620358e-08 5.2589478e-08 0.00056662416 0.02812195 7.545001e-08 0.03804888 1.0885931e-08 0.003031505 0.073469184 3.8948738e-07 0.013976763 0.17967035 0.010131601 7.3036454e-06 2.6529634e-08 0.012874968 6.803669e-10 0.00019836683 8.6030035e-05 4.2055794e-07 0.1488615 2.9087904e-08 0.0003186582 8.194591e-10 1.9598239e-09 0.00022066555 0.0004491898 0.0075779823 3.552299e-08 1.616296e-07 0.0008008147 0.005853812 4.8897695e-05 0.030076057 0.0018891409 5.3369774e-08 0.0008483648 2.6824853e-08 8.56968e-06 4.2376507e-07 1.4854281e-06 0.00037268485 2.9136991e-08 2.3081848e-05 0.007067476 1.0944565e-07 1.7883807e-05 0.0007855203
0.9749856 0.08600306 0.065471314 0.43225428 0.02553909 0.0011053177 0.005760922 0.79196703 0.8000772 0.78592587 6.3244115e-05 0.012701084 0.011809276 0.027837265 0.42397547 2.2907203e-05 4.0302058e-16 0.00018567748 0.0026057204 0.0025890314 0.0048136995 0.0013289802 0.34300733 5.7857474e-06 0.0040048086 0.0036161258 0.0002549535 0.085114025 0.6198989 0.005581425 5.3297704e-06 0.013847313 0.0015563637 0.8311741 3.0473184e-05 0.00071342214 1.0789986e-06 0.42814207 0.36195862 0.0005579478 4.7882608e-05 2.3464254e-07 1.1355948e-05 8.315046e-06 0.076758586 0.15640435 0.001892124 0.021131074 4.2753902e-07 0.03613803 0.049730293 0.8373412 4.122691e-05 0.02588542 0.0075147413 0.552337 7.549564e-08 0.00027789356 0.0027810007 0.01723086 0.32091698 6.2393326e-08 9.3881994e-05 3.7656385e-09 0.00020196293 1.531569e-07 0.34594712 0.00429176 9.76846e-05 0.024381598 0.09246568 1.3320133e-06 4.7159945e-05 2.9416347e-05 0.00022348121 1.9436984e-08 0.008819562 0.0008749555 0.0006874112 2.1576555e-07 7.5137655e-06 0.0007653812 2.1582751e-05 2.4589883e-07 1.0409728e-07 3.849831e-09 5.492179e-06 5.71385e-08 2.6872209e-05 0.055688288 0.0004071902 4.775118e-05 0.0004051678 9.055746e-06 5.2251755e-07 0.001750658 0.09644381 0.017611004 1.6924687e-05 2.0545372e-08 1.6962157e-07
0.87582934 0.0021821195 0.00047971666 0.007851732 0.26391706 0.49429047 0.04421638 0.0002627079 0.008086061 0.018060992 0.8325365 0.006496524 0.0008975391 1.8004883e-05 1.1632499e-05 0.616665 0.00018567748 7.393648e-16 0.004329211 0.00031108118 3.650214e-05 0.83352643 0.12572135 0.9587494 6.6804256e-05 0.0017477112 0.040060803 0.27301115 0.02677214 0.5654461 0.5404846 5.568869e-07 1.5814752e-05 8.40895e-05 0.019719366 7.584493e-06 0.5578054 6.9922476e-06 0.04626456 2.6034511e-05 0.13485685 0.42368996 0.0025578167 0.10494279 3.2791186e-07 2.8743526e-07 2.2473898e-06 2.1692892e-06 0.1363798 3.384101e-06 8.9495643e-07 0.011420183 0.005624029 5.725119e-08 2.553471e-05 0.005064825 0.018856227 1.2805083e-06 0.35034114 5.379629e-07 0.0386167 0.017343827 6.250756e-06 0.0075266687 0.017197264 0.009508188 0.0005407985 5.291071e-07 0.022949817 4.05694e-07 0.00052558247 8.399552e-06 6.4928313e-06 0.015142124 2.9903676e-05 0.00080813846 2.0140426e-07 3.066306e-08 0.00045437747 0.00043891429 0.005164501 6.0645334e-08 4.3923733e-06 0.0003207852 0.001994734 0.00012623798 0.010360586 0.00269787 7.0192596e-06 0.003390409 6.803598e-08 2.5895919e-05 1.0253072e-05 1.369011e-06 0.00089457294 2.0671844e-06 0.0009825777 0.032841764 2.362923e-06 5.1247174e-05 0.000649152
0.6268154 0.13767056 0.02407407 0.023699662 0.24849944 0.15538163 0.9795021 0.0024914625 0.0034103002 0.0011847788 0.037936833 0.70574284 0.020731322 0.00070593075 0.0008647814 0.077373445 0.0026057204 0.004329211 1.9040113e-15 0.045953788 0.00075940863 0.0151739195 0.0025674482 0.0025809011 0.0009258848 0.8568497 0.9493746 0.0013760416 0.00090481027 0.0015226547 0.0003481921 4.2648513e-05 0.00023784708 0.0004471741 0.64362735 0.00013063756 0.002137194 0.00010509553 0.002024717 0.09244042 0.067356735 0.001393199 0.39715192 0.0012703064 1.712908e-06 3.515001e-08 9.09815e-05 1.8748344e-05 0.00028247572 2.2350603e-05 1.6016492e-06 0.00032809566 0.416811 1.743712e-07 1.5127488e-05 0.0003659943 0.00010120317 2.5206973e-06 0.004052716 0.0001673706 0.0012416398 2.0090916e-05 1.3073034e-05 1.740631e-06 0.013745464 3.3215838e-05 2.8132898e-05 5.026318e-06 0.000609944 3.3237461e-06 0.0010820251 0.0024689 3.5311536e-05 0.0022581976 2.0688115e-06 5.9956287e-06 2.375842e-07 5.7892858e-06 0.016275296 2.0694922e-06 7.383254e-05 3.1160314e-06 4.408589e-06 1.4555429e-05 1.5756386e-05 2.940678e-07 0.0001829153 6.44232e-05 6.1798833e-06 6.4974374e-05 3.9768274e-06 0.00021836758 2.9861814e-05 0.0008561515 3.382896e-05 8.170199e-06 0.0008275365 0.0004405723 7.7647934e-07 2.0483824e-06 1.31775905e-05
0.32622397 0.4642368 0.30426893 0.06996124 0.009578453 0.006213856 0.035470247 0.0052854302 0.003919716 0.0012863552 0.0005333144 0.9064377 0.95935893 0.23708999 0.005130129 0.0004636301 0.0025890314 0.00031108118 0.045953788 1.6593521e-16 0.63727456 0.001092777 0.001204746 1.424158e-05 0.6629664 0.6453798 0.0014048042 0.0002073125 0.00054220855 6.9635964e-05 5.8710026e-07 0.025648799 0.07888514 0.00066349684 0.00017214584 0.18976438 1.3401265e-05 2.3761617e-05 0.0003859268 0.8804266 0.00010172327 3.594824e-06 0.00024919625 3.789511e-06 0.00014338482 3.155584e-08 0.0361159 0.0018521202 1.6809056e-06 2.9077379e-05 2.1731106e-05 0.00011964962 0.011258248 2.8547229e-08 0.0003980193 4.0742914e-05 9.873663e-08 0.0011202672 0.000167741 9.566361e-06 0.00013659426 9.398704e-08 0.0013693789 7.103402e-10 2.1596794e-05 6.21253e-08 3.2035537e-06 8.170362e-08 1.3036096e-05 2.5475094e-05 0.00014470868 3.8079386e-05 0.013355641 4.4990275e-06 1.6507294e-05 1.0506411e-07 8.120534e-07 8.18335e-07 0.03174488 2.3031149e-08 2.1505384e-06 1.0859068e-06 0.0056857425 3.447996e-07 2.9366984e-07 8.0983953e-10 2.5836678e-06 1.9880335e-06 6.643228e-05 1.5144288e-05 8.8029617e-07 0.0027633891 2.6375788e-05 3.352255e-05 4.3747795e-07 1.3711885e-05 5.6571487e-05 0.000113069575 1.53963e-06 4.8371977e-08 7.641518e-07
0.37282294 0.51097083 0.56520826 0.09129314 0.002992459 0.0014290266 0.0029103043 0.030940326 0.014094744 0.00280772 8.398972e-05 0.07332805 0.88510907 0.90918845 0.08253088 3.7158312e-05 0.0048136995 3.650214e-05 0.00075940863 0.63727456 8.378485e-16 0.00024432628 0.0017302393 1.8821552e-06 0.97205913 0.009922235 6.681681e-05 0.00037633645 0.001152998 8.1279024e-05 2.5849665e-06 0.751268 0.49386874 0.0014432105 1.3499407e-05 0.5771135 4.38954e-07 0.00031204536 0.00082625233 0.11063051 8.2086115e-07 5.580235e-07 2.5456259e-06 2.945586e-06 0.0034429675 5.234066e-06 0.25351003 0.03135686 1.0626989e-06 5.8106452e-05 0.00042211165 0.00044322494 0.00019011316 4.098873e-06 0.0064795297 0.00025660908 1.9744501e-08 0.009543987 0.0001377642 6.8755406e-05 0.00049067754 3.912944e-08 0.005490213 4.575231e-10 4.506748e-06 3.9539802e-07 6.994412e-05 1.4059327e-06 7.9353385e-06 0.00037161322 0.0002817883 9.2128255e-07 0.0019895937 4.5457004e-06 0.0005749605 2.4869016e-07 8.283534e-05 2.0962794e-05 0.0004182717 9.462415e-08 1.8678393e-06 6.4161227e-06 0.0036486187 1.2391202e-07 3.7591764e-07 6.7856587e-09 3.1376628e-06 3.4175437e-07 0.00032440192 0.0001155373 4.5270635e-06 0.00015977926 0.0007392505 8.705193e-07 1.6921618e-07 0.00017617503 0.00028404605 0.0001508737 0.00012055262 2.797203e-07 1.4095723e-06
0.9831366 0.01748024 0.0067748358 0.03273182 0.29104516 0.25990075 0.06616097 0.0009859913 0.0062612602 0.027745966 0.49569756 0.016370807 0.002976794 0.0004208804 0.0005585794 0.18402441 0.0013289802 0.83352643 0.0151739195 0.001092777 0.00024432628 6.1095703e-15 0.3600109 0.6748221 0.0006136565 0.0038312606 0.020774294 0.64711654 0.06653114 0.89539784 0.3997741 5.239557e-05 7.6513126e-05 0.0010336721 0.008288651 3.315558e-05 0.25906914 0.000120646364 0.1481686 5.424946e-05 0.09271093 0.104582 0.0013655851 0.27873605 6.787979e-06 1.1754881e-05 2.1643224e-05 0.000111978006 0.108889006 1.8087025e-05 9.247019e-06 0.023623627 0.0033394485 4.4927694e-07 0.00020603256 0.01548204 0.009672779 4.256126e-06 0.7714818 9.142426e-06 0.18105517 0.02441397 1.9492794e-05 0.010584182 0.010102632 0.012581871 0.00097415474 1.6130276e-06 0.03708084 2.7494264e-06 0.0024084775 9.36935e-06 1.979941e-06 0.008145623 3.3949239e-06 0.001475923 2.101071e-07 2.7490609e-07 9.315771e-05 0.00056450366 0.002473878 2.630216e-07 1.1516329e-06 0.00043669846 0.004861741 0.00047772477 0.008087136 0.0023673777 1.3407554e-05 0.024598131 3.8319163e-07 2.4421815e-06 5.3266683e-07 5.0144615e-07 0.0010913787 1.1097072e-06 0.009397786 0.13605216 8.1683055e-08 0.00014774544 0.0009884207
0.97151685 0.08966901 0.029494056 0.28571168 0.34754342 0.103037 0.046607256 0.07516732 0.2372628 0.8789434 0.08362439 0.019806284 0.0107894065 0.011209592 0.0608167 0.012742056 0.34300733 0.12572135 0.0025674482 0.001204746 0.0017302393 0.3600109 1.4182808e-15 0.041809395 0.00075699855 0.0012560314 0.0046380083 0.8773071 0.9148941 0.47236627 0.023639036 0.0018687359 9.506351e-05 0.078280054 0.000660808 6.448029e-05 0.0041613174 0.004562927 0.65441877 9.276838e-06 0.004166617 0.00096124713 1.835028e-05 0.010903068 0.0008730251 0.00211613 5.1603132e-05 0.00013769657 0.0015282221 0.0017657209 0.00033982133 0.18289933 0.00024016469 0.00024446868 7.101063e-05 0.06825149 0.00041104233 4.2042488e-05 0.27970743 0.0010519623 0.45034605 5.572157e-05 1.5950209e-05 1.3798964e-05 0.0011709505 0.00011664611 0.005524025 0.00040350916 0.004423791 0.00020300494 0.0070957458 2.292543e-05 5.119545e-05 0.0009519737 7.1293694e-06 7.3179e-05 6.8748515e-05 0.0004023272 0.0004108536 2.5170975e-05 0.0020618443 0.000105849125 3.502194e-05 0.00052121765 0.00018385463 1.1888136e-05 0.00016645182 0.00038415927 1.10236215e-05 0.036290947 7.8577024e-05 0.000113685885 0.00019438578 1.0219261e-06 0.00020891895 7.305892e-05 0.007159618 0.059333805 3.1164876e-05 5.164456e-06 8.884142e-06
0.927172 0.0001340517 4.518538e-05 4.6404057e-05 0.039949782 0.06409822 0.014247783 5.633586e-06 0.00021606796 0.00133755 0.42307737 0.001053851 6.06338e-05 3.4694776e-06 9.722881e-07 0.41416374 5.7857474e-06 0.9587494 0.0025809011 1.424158e-05 1.8821552e-06 0.6748221 0.041809395 2.7265823e-13 8.786678e-06 0.00015361367 0.009576882 0.10710891 0.0069180136 0.43375045 0.937791 5.703987e-07 1.4896289e-06 1.6068594e-05 0.0028920823 6.9904974e-07 0.4950368 4.6011328e-07 0.015756885 6.5595254e-06 0.2054922 0.3121813 0.00032620746 0.6228752 3.2590894e-08 1.1257875e-07 9.000569e-07 1.5295183e-07 0.16226257 7.791936e-07 7.9199225e-08 0.0030077675 0.0005941436 1.3343804e-08 4.3930645e-06 0.0017796919 0.023069574 3.095419e-07 0.5028998 2.0447052e-08 0.01718473 0.02332014 6.7624916e-07 0.023015944 0.005497858 0.021192145 3.7879196e-05 1.350735e-07 0.03862258 2.9256708e-07 7.4520125e-05 1.3994007e-06 3.4161346e-06 0.0057682693 3.0172707e-06 0.0011613662 5.8155422e-08 1.655319e-08 2.5287236e-05 0.00047875274 0.0029626996 9.579489e-08 6.2661337e-07 0.00014916006 0.0035037645 0.0003410554 0.0058408994 0.002520974 2.462045e-06 0.004260886 4.4856645e-08 3.280124e-06 2.653104e-07 2.8037974e-07 0.0004831187 1.6373022e-07 0.00019347714 0.061503645 6.137284e-08 0.00012955235 0.0016577569
0.66371065 0.52552617 0.47613537 0.11959026 0.0027041305 0.0006277774 0.0017724086 0.008241633 0.0029275746 0.0009327444 3.466516e-05 0.08070851 0.6183767 0.5664612 0.03776956 3.4903973e-05 0.0040048086 6.6804256e-05 0.0009258848 0.6629664 0.97205913 0.0006136565 0.00075699855 8.786678e-06 5.381626e-16 0.021591723 6.429118e-05 0.00036610616 0.0004768629 5.86308e-05 5.4699376e-06 0.71116793 0.76329076 0.0014323536 1.3591149e-05 0.87545025 2.142377e-06 0.00029286792 0.0007661477 0.45140845 5.598863e-06 8.937956e-07 5.2551627e-06 1.3928972e-05 0.003702437 4.2403352e-07 0.58748114 0.11937142 1.6369017e-06 2.4270052e-05 0.000335525 0.00014917144 0.002063273 3.339641e-07 0.03884752 6.147738e-05 1.254961e-07 0.080512375 0.00023373059 3.4764445e-05 0.00017699838 1.2393694e-07 0.047972776 3.728937e-09 2.1715505e-05 1.1087678e-06 9.0196845e-06 1.3731299e-06 2.685735e-05 0.0004732137 0.000117901945 4.846156e-06 0.03980487 7.758595e-06 0.003599217 9.319462e-08 6.699821e-05 5.2599617e-06 0.002834295 2.7336884e-07 1.5587389e-06 3.0631e-06 0.039666682 6.295898e-07 1.4257819e-07 4.0253894e-08 2.7970125e-06 1.2381201e-06 0.00587484 4.0022107e-05 2.86851e-06 0.0014366754 0.0010179747 1.973112e-06 6.558466e-07 0.00017744626 0.00010824762 0.00017081106 0.00028625474 4.3384003e-07 5.4611314e-07
0.33600074 0.50928223 0.15819585 0.07078643 0.08177556 0.051171962 0.36843958 0.0026127712 0.0027495567 0.00082412676 0.005262428 0.9416126 0.13142909 0.005950015 0.00032864558 0.0134536475 0.0036161258 0.0017477112 0.8568497 0.6453798 0.009922235 0.0038312606 0.0012560314 0.00015361367 0.021591723 1.2110575e-15 0.1663089 0.00016723353 0.00029561197 3.5538902e-05 1.0178115e-05 7.743763e-05 0.00090909854 0.00057789625 0.060977727 0.0018948931 0.00040339524 3.4630568e-05 0.00015389975 0.95967543 0.009130185 0.00017825427 0.065501094 2.2737673e-05 6.152321e-06 4.3977373e-08 0.0005364439 3.529359e-05 2.8245782e-05 4.006381e-05 6.9140224e-06 0.00020228272 0.43538094 1.7354105e-07 3.0869935e-05 2.0137702e-05 7.813386e-06 7.827877e-06 0.00070148933 5.8075482e-05 0.00018516343 3.6663636e-07 8.286615e-05 6.030652e-09 0.0013621857 3.7053954e-07 4.0265645e-06 6.916782e-07 8.97703e-05 3.4594668e-06 0.00036474215 0.003266458 0.002322573 0.00031458607 2.4357175e-06 1.8767143e-07 9.1378627e-07 4.6630342e-07 0.49605018 1.239399e-07 5.008408e-06 1.0211322e-06 2.3232862e-05 4.884717e-07 4.35303e-07 6.2816956e-09 1.2431409e-05 7.108743e-06 2.0309167e-06 1.03312905e-05 6.645806e-07 0.0067880745 7.582398e-07 0.005235292 2.4894398e-06 2.4814708e-06 0.00015503507 4.310078e-05 1.338138e-07 3.356202e-07 3.9849447e-06
0.3142732 0.019823438 0.0018120728 0.006332671 0.29675007 0.5044307 0.8089492 0.00067191257 0.0022386743 0.0013567728 0.08608846 0.1388367 0.00087931496 7.162889e-05 6.135616e-06 0.47794437 0.0002549535 0.040060803 0.9493746 0.0014048042 6.681681e-05 0.020774294 0.0046380083 0.009576882 6.429118e-05 0.1663089 3.2374953e-17 0.0054693487 0.0011184472 0.0058994764 0.0040428974 5.910519e-07 4.4166222e-06 0.00021696783 0.9670379 4.5244565e-06 0.014452396 4.3170174e-05 0.00094203086 0.004172259 0.65628713 0.010147629 0.93239605 0.0026980976 5.9432544e-08 2.4893922e-08 1.0125559e-06 7.369687e-08 0.0010470658 2.4940475e-06 5.268525e-08 0.00054862694 0.43915248 1.2726774e-08 5.2786527e-07 0.00028176032 0.0003155903 2.6600964e-07 0.0061608236 2.6169557e-05 0.0026225508 0.00034157926 3.4439886e-06 2.1997814e-05 0.13098581 0.00017015991 6.624741e-05 1.7251797e-07 0.0013165846 3.0307692e-07 0.00048510512 0.002362791 4.270148e-06 0.022697099 1.9834951e-07 3.244961e-05 1.2513541e-07 1.6739533e-06 0.0014035769 4.9635782e-06 0.00018529785 2.6673986e-06 2.8471493e-07 1.7751794e-05 3.0722058e-05 3.1628326e-06 0.00021127783 0.00024812957 3.203917e-06 0.0007043125 2.7983651e-06 3.0833566e-05 6.6928187e-06 0.00045967303 6.002772e-05 3.6771837e-07 0.00074906345 0.0010171721 5.98221e-07 4.4061762e-06 4.9940594e-05
0.9834945 0.015393807 0.007850006 0.08810644 0.24263531 0.07718971 0.030744595 0.027885484 0.12534505 0.68008375 0.108431384 0.004758174 0.0027132533 0.0014486382 0.0031261786 0.013760001 0.085114025 0.27301115 0.0013760416 0.0002073125 0.00037633645 0.64711654 0.8773071 0.10710891 0.00036610616 0.00016723353 0.0054693487 2.955927e-16 0.5855254 0.8692968 0.08340149 7.195163e-05 0.00019087926 0.029052762 0.0009757283 6.800371e-05 0.014282297 0.0010059695 0.68425775 7.014903e-06 0.0044583976 0.0052921087 9.9873134e-05 0.040989976 4.177773e-05 9.159107e-05 1.3566763e-05 3.5843474e-05 0.0045968904 0.0001776098 8.685258e-05 0.16570744 0.0053529404 2.2851193e-05 8.185973e-05 0.0610002 0.0011286719 6.617391e-05 0.6078123 8.070552e-05 0.66481555 0.0003498634 7.4954194e-05 8.43544e-05 0.0062054023 0.00049034826 0.0022404373 3.8979735e-05 0.0064480826 0.0003648041 0.004364314 1.3414845e-05 0.00015054643 0.007497518 8.626142e-06 0.00024036587 0.00010858519 0.00021986417 0.001352676 7.996246e-05 0.013723202 0.00011351449 0.00022937753 0.0006814141 0.0013042097 2.8899454e-05 0.002852603 0.0012353362 8.560107e-06 0.03697829 5.589423e-05 0.0005367753 0.0015169816 2.5483025e-06 0.0003985948 0.0006600444 0.0065467837 0.15067579 8.7438326e-05 1.1243787e-05 8.8437395e-05
0.96944904 0.03431924 0.011397606 0.15574835 0.094964884 0.024816591 0.013006324 0.07754154 0.2163555 0.8838537 0.013754151 0.005208082 0.0046014143 0.0046723164 0.024004815 0.0039722184 0.6198989 0.02677214 0.00090481027 0.00054220855 0.001152998 0.06653114 0.9148941 0.0069180136 0.0004768629 0.00029561197 0.0011184472 0.5855254 1.3795828e-15 0.118694596 0.0040692007 0.0011608369 5.97722e-05 0.27505141 9.5239906e-05 6.398101e-05 0.0005360619 0.011589935 0.8537328 7.558404e-06 0.0005469085 8.837879e-05 5.798784e-06 0.0007466824 0.0011443029 0.009465037 4.4608598e-05 0.0001158953 0.0003038637 0.0055603203 0.0005706545 0.65626806 0.00011117411 0.0015922602 0.000114675044 0.30033955 1.9658086e-05 2.7721313e-05 0.07202602 0.00323745 0.7322546 1.2397821e-05 5.1592674e-06 8.1855273e-07 0.00084333564 1.48037325e-05 0.014252764 0.0008872906 0.0015075052 0.00024357619 0.014429823 9.963873e-07 1.4175536e-05 0.00041368123 1.8055262e-05 2.9845512e-06 9.777008e-05 0.00037760407 0.00023546987 4.7864137e-06 0.0005597603 2.6216192e-05 4.147252e-06 3.7788093e-05 1.3783799e-05 7.3838305e-07 3.5788344e-05 3.0300698e-05 4.539774e-06 0.0506835 6.59224e-05 2.4332856e-05 3.0435078e-05 1.5185405e-07 2.0207286e-05 4.4933397e-05 0.016943213 0.046937503 7.6530305e-06 6.741366e-07 3.993219e-06
0.99514663 0.004660208 0.0031829597 0.030568117 0.25430202 0.12065342 0.030708322 0.0036688212 0.06735796 0.20082867 0.29956976 0.0023805122 0.0010188016 0.00020223722 0.00035140594 0.03456244 0.005581425 0.5654461 0.0015226547 6.9635964e-05 8.1279024e-05 0.89539784 0.47236627 0.43375045 5.86308e-05 3.5538902e-05 0.0058994764 0.8692968 0.118694596 1.9895699e-17 0.25702786 1.6934535e-05 3.8113645e-05 0.0012752089 0.0012484024 1.1557958e-05 0.08344578 0.00015288468 0.13851759 2.1556946e-06 0.013017331 0.029914046 0.00011810869 0.1681782 1.4176163e-06 4.77732e-06 3.415317e-06 5.905896e-06 0.031511184 8.433159e-06 7.856806e-06 0.026048161 0.0006562711 7.4493545e-07 1.5898302e-05 0.011593035 0.0034349638 7.697218e-06 0.80497915 3.0621798e-06 0.26736575 0.0012858008 1.2611398e-05 0.00057413965 0.0030302375 0.00086810766 0.0007528711 1.8274529e-06 0.014000818 4.526802e-05 0.00054182706 4.0005793e-06 6.1809646e-05 0.0016900632 2.548237e-06 0.0007735924 7.5770395e-06 2.6330247e-07 0.00024726242 0.00014438819 0.0449305 1.3186485e-06 2.0964377e-05 0.00065630395 0.001295618 0.00011219554 0.0016726154 0.0028610162 1.5699171e-06 0.022569172 1.0082783e-06 9.112164e-05 5.4152544e-05 2.0098034e-06 0.0004962227 1.447601e-05 0.0011184242 0.24873333 4.6430237e-06 2.8712295e-05 0.0001205639
0.91582334 1.7830334e-05 2.9175364e-06 6.883158e-05 0.016011149 0.04889733 0.0060573174 8.415533e-06 0.0004448797 0.0017463866 0.31352848 0.0001236539 1.7936294e-05 5.982301e-07 1.7190602e-07 0.10559942 5.3297704e-06 0.5404846 0.0003481921 5.8710026e-07 2.5849665e-06 0.3997741 0.023639036 0.937791 5.4699376e-06 1.0178115e-05 0.0040428974 0.08340149 0.0040692007 0.25702786 2.1321708e-16 6.249146e-08 3.6911977e-06 4.117656e-06 0.0010216169 1.870276e-06 0.4828036 2.5484786e-07 0.0071127443 3.483623e-07 0.09198821 0.4899989 4.0545387e-05 0.94381934 6.308776e-08 4.496689e-08 3.4675907e-07 4.109274e-07 0.7349158 4.3841263e-07 7.050685e-08 0.0016141959 0.00013978522 6.1508665e-08 1.1656892e-06 0.0016833328 0.24018763 8.958009e-07 0.54701054 1.4331276e-08 0.028383926 0.06036511 4.7509795e-07 0.03796599 0.003055666 0.055992056 9.724861e-06 2.2016494e-07 0.049124565 1.10240734e-07 3.5245932e-05 2.9946011e-06 1.7059789e-05 0.0030978406 1.0412305e-06 0.019925432 2.0168903e-08 9.2865825e-08 9.6196745e-05 0.0035582706 0.10340746 9.4887476e-08 2.8327154e-06 0.00352207 0.0061280793 0.0013028516 0.010804862 0.008664766 1.404123e-07 0.004131051 8.1186634e-08 2.0118468e-05 1.4753846e-06 6.4046515e-07 0.0017428718 1.9866945e-07 2.984308e-05 0.10824302 6.9598514e-07 0.00031198823 0.0017659516
