4.6085928e-17 0.99958116 0.9998352 0.9989867 0.998443 0.99989915 0.9792446 0.99282795 0.9826211 0.9998004 0.99186784 0.9958178 0.9986013 0.96714175 0.9431703 0.903509 0.92759806 0.9116486 0.99966276 0.9678661 0.9849522 0.9718779 0.87885016 0.97932553 0.96281093 0.857993 0.8488219 0.88335687 0.97728866 0.9808743 0.7891023 0.9436482 0.52025557 0.7441132 0.8608706 0.8204634 0.9682543 0.9252824 0.83256775 0.2804761 0.87561804 0.9427275 0.8366719 0.9416977 0.9734206 0.78554416 0.8536208 0.98989356 0.5874505 0.7055278 0.20213568 0.97268724 0.82265073 0.51234716 0.5888746 0.78783673 0.6705287 0.21927328 0.08100707 0.58682096 0.6498605 0.80602384 0.42435876 0.57945544 0.004164908 0.04209367 0.7909991 0.990424 0.61071867 0.46577364 0.03571539 0.41136816 0.040612422 0.010604622 0.73645675 0.29793805 0.92626274 0.094829254 0.40080586 0.08010506 0.004602165 0.28846166 0.5609083 0.0036014162 0.045355488 0.06651768 0.011738727 0.04413085 0.054734476 0.12891474 0.48065725 0.17310381 0.0704279 0.00050978764 0.006026761 0.33935714 0.12524934 0.008953822 0.00741276 0.008668944 0.008606475
0.99958116 5.1448966e-13 0.69373876 0.75317997 0.4673435 0.032633085 0.47937277 0.14933291 0.5392398 0.00033192927 0.008799908 0.90964264 0.0012863632 0.008318239 0.20119216 0.0077544195 0.047583636 0.0015079085 5.763515e-06 0.97635484 0.00016819673 0.0002898349 0.27870306 0.05940988 2.5940804e-05 0.00014237677 0.49185264 0.4467177 0.00028005545 0.00016122774 0.0001398379 2.3043644e-05 6.947805e-06 9.591597e-05 0.07951437 0.8424218 1.4524396e-05 0.085974395 0.0009651484 0.22390379 0.00017132219 0.022005303 0.033747464 1.9288622e-05 1.09843e-05 5.475728e-05 0.055444073 0.6579096 0.01929141 5.4933307e-06 2.8661884e-06 0.013883789 1.2640139e-05 2.4254248e-05 0.006322663 0.009017186 1.8931914e-05 0.002627638 0.026108874 0.0030885674 0.00011210131 0.045378536 7.2992054e-07 2.8039215e-06 1.9952265e-06 0.01560448 0.00527199 0.0071757194 4.4582425e-06 0.0012038249 0.0106427455 0.017888568 6.0150006e-07 2.5106054e-05 1.5722195e-05 0.00015582186 0.015721655 0.00300477 0.0029258553 6.537265e-07 3.4049913e-06 1.7539576e-05 9.931479e-06 3.9433723e-07 0.0003999591 0.00012000983 0.000116027906 0.0076028733 7.048772e-09 1.4462073e-07 1.1989473e-06 2.1339351e-06 7.0854225e-07 9.248447e-06 1.0769606e-05 1.3396141e-05 2.8391455e-07 0.00013896712 0.00019274344 7.7330245e-05 3.9300275e-08
0.9998352 0.69373876 2.3108928e-17 0.032771263 0.019436548 0.010695814 0.9701993 0.00966154 0.023811918 0.008897407 0.0048973584 0.04285347 0.003130572 0.004960772 0.008792906 0.001146024 0.0073099453 0.0014051633 0.23232964 0.3487829 0.003057396 0.0011508715 0.0076517686 0.010184778 0.0043564714 0.0006413413 0.010329313 0.016357886 0.001717824 0.05200386 0.00090922386 0.0010111119 0.004680326 0.00032491246 0.005499313 0.024300823 0.00093465 0.0063548437 0.0021979448 0.0034616862 0.000728338 0.0022165338 0.00544332 0.00035431373 0.0012147746 0.0027255525 0.004334679 0.9160219 0.002336009 0.0008197891 0.0029267566 0.6887418 0.00027760243 0.00018353773 0.00083962455 0.0021117823 0.00027502372 0.0018871645 0.00086900266 0.0028296607 3.5652894e-05 0.0026744509 9.914867e-05 2.1449767e-05 9.1179456e-05 0.00017921087 0.2370391 0.6326994 0.0005623994 0.00030230056 6.0256625e-05 0.0009149103 7.5128273e-06 6.9582595e-05 0.00031082143 7.542746e-05 0.0032005582 0.04940644 0.00022501587 1.14644145e-05 3.413785e-05 0.0004289481 0.00021477205 1.2845623e-05 0.01628008 3.3052216e-05 2.3062572e-05 0.059441067 1.3812372e-06 1.1844396e-05 8.923146e-05 0.00010661869 0.00013811085 1.882306e-06 2.1218619e-05 0.00049893156 8.945409e-05 0.004068267 0.004721125 0.002130391 2.0185144e-08
0.9989867 0.75317997 0.032771263 1.2502946e-11 0.9152266 0.15648419 0.026804022 0.7767075 0.961896 0.0005795091 0.07497313 0.7589631 0.005242719 0.029220322 0.51502365 0.05158911 0.5849646 0.0064154505 1.3493452e-06 0.019195715 0.00059048185 0.0011206791 0.41476175 0.7641315 0.00010507891 0.0010101052 0.25550133 0.46220192 0.011093115 0.00033321127 0.00045058184 9.6253825e-05 8.694569e-06 0.00050799147 0.4905371 0.3962739 5.3104126e-05 0.65243137 0.025775153 0.02676201 0.0016125365 0.4234563 0.34639823 0.00040406172 0.00014956317 7.713904e-05 0.26916996 0.12022359 0.17973217 1.0106616e-05 2.378448e-06 0.010298638 2.1278256e-05 0.00046687396 0.07970015 0.08319982 5.831713e-05 0.03135671 5.4296714e-05 0.09255412 0.0003411138 0.52992606 5.943371e-05 5.1447412e-05 4.2497013e-06 0.0003957997 0.004657737 0.00016075745 2.9344927e-05 0.09730188 0.0020328965 0.13967411 4.341807e-05 0.0005811499 0.00052214204 0.019616764 0.53261375 0.00022317388 0.041604627 6.568627e-06 0.00024226589 6.9104235e-06 6.7991845e-05 2.1282951e-06 4.33809e-05 0.018686708 0.002342666 0.0010420388 1.3147201e-05 1.9583676e-06 4.891731e-06 6.679097e-06 1.1600389e-06 0.00013897705 0.00012301523 4.2492798e-06 3.2600576e-07 0.00015357675 6.8986665e-05 2.1947399e-05 5.141698e-06
0.998443 0.4673435 0.019436548 0.9152266 3.409906e-11 0.11350933 0.0099866055 0.7814445 0.9322898 0.0004990058 0.106056884 0.6897829 0.004545669 0.037659653 0.46258834 0.06397621 0.6957632 0.0073336475 3.7673735e-07 0.017325692 0.00067820685 0.0017302614 0.40119702 0.7525322 8.445759e-05 0.0012524055 0.26653507 0.44296923 0.010267966 0.00024138906 0.0007531321 0.0002154262 6.3690522e-06 0.0007011101 0.5163047 0.40355834 0.00012322223 0.764551 0.026434034 0.024889706 0.0015515127 0.5273585 0.34126353 0.00059854996 0.00029418158 8.614521e-05 0.33161935 0.10087725 0.27054003 7.7873565e-06 8.6631627e-07 0.0060175466 4.6256086e-05 0.0007330935 0.14187975 0.09858867 0.00012345419 0.030978275 7.335928e-05 0.06572362 0.0008137544 0.61511827 0.00015275716 0.00012941998 3.2234614e-06 0.00063353253 0.0052992143 6.743244e-05 4.083853e-05 0.16695778 0.0020132768 0.19647086 3.696106e-05 0.0007537196 0.0007188775 0.042781357 0.74258226 8.4352796e-05 0.07128667 1.8762743e-05 0.00034645858 4.82233e-06 0.0001170178 4.535914e-06 1.6828055e-05 0.031462345 0.0043133735 0.0005645672 9.5313415e-05 5.0012204e-06 7.4307195e-06 1.2153446e-05 2.1045973e-06 0.00025590672 0.00020168349 4.6670325e-06 6.319009e-07 0.0001301249 2.6772193e-05 7.547952e-06 2.1100892e-05
0.99989915 0.032633085 0.010695814 0.15648419 0.11350933 1.9507623e-12 0.005972511 0.7295347 0.022462655 0.016042214 0.89443433 0.0057051843 0.6788349 0.97215295 0.0028496515 0.32034418 0.012584031 0.8075948 3.815023e-05 0.0003268549 0.0107494285 0.22982608 0.0027590825 0.10039192 0.0019789163 0.096234456 0.00037690735 0.0022250616 0.3958458 0.0019508436 0.028799303 0.009152677 0.000122019854 0.020579556 0.02727971 0.003221902 0.0020629326 0.0051630014 0.14531872 0.0016590608 0.103646666 0.0010047691 0.11495932 0.047084108 0.010916713 0.0011508375 0.0007108411 0.025665112 0.005651309 0.0002436561 6.4466426e-06 0.0019645586 0.00061295583 0.011433893 0.00012917741 0.1464069 0.001028673 0.0069078673 2.1697654e-06 0.14091353 0.012480345 0.007693462 0.00060804683 0.001972481 6.447448e-06 1.7451262e-05 0.0023605535 0.0008108509 0.00026814267 0.0014961174 0.00031399168 0.0008971386 0.0017054405 0.00078093185 0.009377834 0.002024908 0.0011181687 0.0003591012 0.000107244945 0.00073367526 0.0010454439 7.3511386e-05 0.0008740627 2.5984333e-05 0.00033948803 0.00029346062 4.0766543e-05 0.00046171734 0.00034440757 0.000103453756 0.0010567736 0.00019457775 0.0003360683 1.0589905e-05 0.0005157416 7.104633e-05 7.815849e-05 0.0003725715 0.00012206723 8.886803e-06 0.00011096692
0.9792446 0.47937277 0.9701993 0.026804022 0.0099866055 0.005972511 5.5606113e-05 0.003300458 0.0045401123 0.01323431 0.0007873305 0.006958598 0.0014283066 0.0013501344 0.0008731492 0.0003021239 0.0008106433 0.0010628297 0.52017754 0.6941517 0.0010330956 6.14042e-05 0.0012592638 0.00026669944 0.0020811053 3.2400723e-05 0.0018342234 0.0050942074 5.9075388e-05 0.012500381 4.6951904e-05 4.8529568e-05 0.003879074 5.5675413e-05 0.0008727051 0.0018358877 0.00022677181 0.0022747004 0.0005806512 0.0018969171 5.254213e-05 0.00012298906 0.0004131758 4.3195334e-05 9.925822e-05 0.0038650804 0.0009925439 0.8718058 0.0019299671 0.001877967 0.48358354 0.96030486 0.0003020988 4.702858e-05 0.00020584166 8.952655e-05 0.00010763461 0.0018049763 0.0113173295 0.00046731028 2.2654624e-05 0.0003095258 0.00011739651 1.5235523e-05 0.00020982926 8.712326e-05 0.73734015 0.91794324 0.001285036 0.0001392849 0.00028472353 0.002389859 1.1238246e-05 7.206886e-05 2.2134367e-05 2.6749887e-05 0.00062540756 0.052141182 5.634696e-05 4.3120308e-05 0.00015108997 0.00068842573 5.5975423e-05 0.00040571883 0.005435879 0.000121991005 5.358068e-07 0.06200432 2.0992316e-06 3.1396864e-06 2.71313e-06 4.660423e-06 6.3008506e-06 6.8243503e-07 2.0312607e-05 9.040762e-05 1.423868e-06 0.0029109884 0.0011212635 0.00059973623 3.7156818e-07
0.99282795 0.14933291 0.00966154 0.7767075 0.7814445 0.7295347 0.003300458 5.4638547e-11 0.07037477 0.000926968 0.8647304 0.005933579 0.012874297 0.1036549 0.0044712187 0.9424691 0.03518957 0.05408047 5.5782874e-07 0.000525604 0.00088421244 0.0031044625 0.0071030655 0.92932576 7.368117e-05 0.0037060583 0.0012309961 0.009384822 0.08392149 7.3750416e-05 0.00085654756 8.674e-05 1.287744e-05 0.0009316403 0.45259628 0.0028858352 8.953927e-05 0.0514701 0.16539317 0.0007665913 0.023890538 0.007859988 0.8657325 0.004340992 0.00050228153 6.197905e-05 0.005124606 0.020130336 0.1831437 1.1772326e-05 2.3416641e-07 0.001633683 5.835919e-05 0.002218236 0.001216451 0.38274747 0.00010300071 0.10513262 3.6290114e-06 0.80370456 0.003580362 0.19651897 0.00013881532 0.0005482174 6.5393942e-06 3.204371e-05 0.0008449691 2.9576038e-05 4.606e-06 0.03930667 7.415396e-05 0.027237557 0.002680974 0.004540121 0.0009495927 0.060553942 0.073846504 6.098552e-05 0.00032071854 5.3284362e-05 0.002239539 3.956487e-06 7.490703e-05 1.0087064e-06 3.4094692e-06 0.0018312669 0.00019690048 7.106557e-05 0.00039212542 6.279855e-06 5.5225523e-06 4.9377195e-06 4.040509e-06 8.8279185e-06 0.0031411662 5.512926e-07 6.8330706e-07 1.2710044e-05 1.184451e-05 4.958308e-06 5.7077366e-05
0.9826211 0.5392398 0.023811918 0.961896 0.9322898 0.022462655 0.0045401123 0.07037477 1.1494404e-10 0.00034902387 0.0075287074 0.25127584 0.00095921423 0.0013022609 0.28409767 0.007662006 0.98806643 0.0010979201 4.6653074e-07 0.0014131385 4.045188e-05 2.6900057e-05 0.36782697 0.055269923 2.2906079e-06 2.0359308e-05 0.06574016 0.1882381 0.00015582246 6.6650664e-06 6.1764185e-06 9.181968e-07 1.86551e-07 3.0153682e-05 0.2586895 0.07083515 2.3152827e-06 0.7201982 0.0014313796 0.0039031797 4.3967713e-05 0.2025198 0.029575218 2.1174337e-06 2.984238e-06 6.0124484e-07 0.136166 0.008587061 0.06782968 4.532504e-07 3.0386918e-08 0.00039798193 8.306386e-07 4.9160963e-06 0.041672688 0.00165875 9.880324e-06 0.010759613 1.2717295e-05 0.0013827261 1.234101e-05 0.34254596 7.0062115e-06 6.164829e-07 2.4065373e-06 0.00014101304 4.7621936e-05 2.033963e-05 4.830972e-07 0.032295424 0.0012608832 0.08528809 3.1502813e-07 0.00020895225 3.2138183e-07 0.0032502948 0.5243045 1.2327553e-05 0.052263796 4.6101022e-07 3.1760646e-05 7.171282e-07 1.0518829e-06 4.804308e-08 7.630427e-07 0.017108545 0.007623922 9.453972e-06 3.9904165e-08 3.7552348e-07 2.668014e-08 1.6361736e-07 1.3667119e-07 0.00027764586 1.2938645e-05 3.6504943e-08 1.7641023e-08 5.989874e-06 5.9669395e-07 3.1069112e-07 6.67106e-07
0.9998004 0.00033192927 0.008897407 0.0005795091 0.0004990058 0.016042214 0.01323431 0.000926968 0.00034902387 4.8846323e-11 0.00224179 0.0001516952 0.21254216 0.008519525 0.00016340164 0.0010262155 0.00034321423 0.008329217 0.03897459 0.00011750358 0.9451226 0.031949524 0.0002570203 0.00018896839 0.96940917 0.006484522 0.0002888484 0.00055455294 0.0017471622 0.78266937 0.07098865 0.5866029 0.108901694 0.012394814 0.00020707303 0.0008127221 0.46788585 0.00034031138 0.0011197603 0.00026088857 0.0011793447 6.8506495e-05 0.00041266857 0.008081879 0.122446164 0.5461846 0.0002441418 0.0073000663 0.0002591078 0.082057275 0.0009031627 0.0035429888 0.114083596 0.0012657522 4.183012e-05 0.0012790017 0.02162156 9.9260775e-05 9.785071e-06 0.0010194747 0.00021403636 0.00039887562 0.0067243124 0.0011520702 0.0002615026 1.6893402e-05 0.006451025 0.088524684 0.14220287 5.2494503e-05 0.00021385743 0.00018039005 4.8457332e-05 6.8007415e-05 0.006525593 2.1458643e-05 0.00058879115 0.001597014 1.3279438e-05 0.0012425667 9.433775e-05 0.021734694 0.010499101 0.0004825684 0.000578499 8.0336766e-05 5.1844213e-06 7.463927e-05 0.00029775494 0.0014052177 0.044894688 0.02073943 0.008678328 1.7918967e-06 3.8824954e-05 0.06496369 0.026576731 0.00025958882 0.00018537352 0.00010436931 1.19028155e-05
0.99186784 0.008799908 0.0048973584 0.07497313 0.106056884 0.89443433 0.0007873305 0.8647304 0.0075287074 0.00224179 1.6884034e-10 0.0010436702 0.044717424 0.6865819 0.00073501223 0.98883694 0.00597612 0.6950295 3.1507363e-06 0.0001949037 0.0015501601 0.009645609 0.0011444845 0.17040625 0.00020598323 0.008406522 0.00017350142 0.0008746231 0.5660757 0.00026450792 0.0025444718 0.00045549072 7.104599e-05 0.0034335505 0.036222626 0.000226539 0.0004670169 0.005345811 0.62151164 0.00013299659 0.11915916 0.0015581162 0.30895415 0.03211159 0.0020692102 0.0001329484 0.0007898491 0.005701695 0.013053844 3.8817623e-05 6.346742e-07 0.001997079 0.00022073941 0.0074689537 0.00016139327 0.68102807 0.00033605724 0.018330667 2.4295675e-06 0.53508884 0.027482769 0.016045978 0.00013030037 0.0032438256 9.246577e-06 1.0373616e-05 0.0011337872 7.0994785e-05 3.884751e-05 0.002401387 5.4480694e-05 0.0025534127 0.01392724 0.0023535592 0.0016083131 0.008131714 0.011065485 4.271629e-05 2.2837075e-05 8.405358e-05 0.0028262527 5.0047743e-06 0.00013778733 7.105987e-07 1.0654683e-06 0.0003621858 2.7537817e-05 3.2204178e-05 0.00082555873 1.2369926e-05 4.777286e-05 1.0521672e-05 1.3360036e-05 2.7020421e-06 0.0029279669 7.1218363e-07 3.0607084e-06 6.7578794e-06 9.479571e-07 1.6940703e-07 0.0001316589
0.9958178 0.90964264 0.04285347 0.7589631 0.6897829 0.0057051843 0.006958598 0.005933579 0.25127584 0.0001516952 0.0010436702 8.185277e-11 0.00022612695 0.00028709162 0.98710644 0.0006689855 0.055178493 0.0003388301 9.1393264e-07 0.014630582 4.7576996e-05 7.423077e-06 0.8838696 0.00052330154 5.304872e-06 8.105366e-06 0.5941317 0.8022041 4.2314685e-05 2.975043e-06 4.7442268e-06 6.285334e-07 1.1955818e-07 1.9171524e-05 0.0063746106 0.39535254 7.3834826e-06 0.27650645 0.00022445347 0.04927793 5.532626e-06 0.1779794 0.00061448396 9.231647e-07 9.047178e-07 7.577439e-07 0.24396025 0.022663064 0.0071433894 5.69213e-07 5.846026e-08 0.00029313198 1.108291e-06 2.5948414e-06 0.0407209 0.00021814338 3.0000097e-06 0.0015549997 7.5981065e-05 0.00013609572 2.274496e-05 0.021990482 3.4368e-06 2.4739128e-07 1.10028e-06 0.0019920694 8.33574e-05 9.066439e-05 4.236172e-07 0.0011949106 0.0052082688 0.034959313 2.7446364e-07 3.1246447e-05 1.6471407e-07 0.0002616206 0.04771142 4.5028024e-05 0.029545892 7.275798e-07 3.3963356e-06 2.3976258e-06 7.2701874e-07 6.5159225e-07 2.6121283e-05 0.0004249363 0.0011338888 0.00016616189 2.7004319e-08 5.645206e-07 1.5947532e-07 6.314443e-07 3.2137018e-07 1.834475e-05 7.761977e-06 1.9935231e-07 4.004331e-08 4.6816203e-05 4.976383e-05 2.0360396e-05 1.5872607e-07
0.9986013 0.0012863632 0.003130572 0.005242719 0.004545669 0.6788349 0.0014283066 0.012874297 0.00095921423 0.21254216 0.044717424 0.00022612695 4.3779945e-12 0.6773156 0.00014571533 0.013572911 0.00070925726 0.79694927 0.00024983706 1.5932392e-05 0.10790556 0.9767334 0.00026911567 0.003377218 0.0067607295 0.729861 4.8147645e-05 0.0002973154 0.37640435 0.0023097703 0.6942118 0.8463245 0.0002718012 0.504094 0.0012228779 6.041855e-05 0.016653176 0.0005908144 0.043866146 0.00012522168 0.34454444 0.00011070257 0.0035183383 0.5587134 0.1988747 0.006890471 0.00020389183 0.002326044 0.00057231187 0.00031265485 1.972071e-05 0.0018193793 0.013688886 0.07638579 8.0223e-05 0.021722442 0.008490212 0.00033482083 8.683286e-07 0.0052598366 0.057589807 0.00080925174 0.0057511455 0.059106417 4.332391e-06 4.4827398e-06 0.0021119858 0.002136619 0.0007224316 0.00013118102 6.7027926e-05 0.00014508454 0.00055312767 6.298541e-05 0.08829066 0.000103629514 0.0008775561 0.00019017461 6.1899104e-06 0.004387969 5.637039e-05 0.00014032217 0.008381246 6.655729e-06 5.909702e-05 0.00010021049 1.9559768e-06 5.6711033e-06 0.009161951 0.0009905997 0.008534911 0.000681796 0.0006357232 6.5041445e-07 4.66618e-05 0.00016465936 0.00021621783 9.609369e-05 8.274623e-06 1.4355447e-06 0.000725338
0.96714175 0.008318239 0.004960772 0.029220322 0.037659653 0.97215295 0.0013501344 0.1036549 0.0013022609 0.008519525 0.6865819 0.00028709162 0.6773156 1.2832219e-12 0.00021921305 0.2560583 0.0007898005 0.99544644 5.9683252e-06 6.729958e-05 0.0025103472 0.22727619 0.00024663642 0.0059372503 0.00040061097 0.22188523 1.936297e-05 0.0001981014 0.725294 0.00032035934 0.011334585 0.0012509546 1.4507203e-05 0.014081288 0.0015833119 4.3910622e-06 0.00052804255 0.0008226838 0.3602752 3.5531753e-05 0.39795542 0.0001523007 0.017499495 0.13336258 0.0036034775 0.0007003941 4.2343912e-05 0.003313418 0.00034767963 7.76164e-05 5.093714e-07 0.0011906893 0.00014999427 0.02430176 2.0288271e-05 0.15401702 0.00015977073 0.00064652495 1.910661e-06 0.09478374 0.08942476 0.00069441885 0.00011038892 0.015021543 2.175096e-06 3.7886784e-07 0.00074166525 0.00015378179 2.6124548e-05 0.00012295014 3.8247057e-05 0.00023192783 0.0023152707 0.0002542981 0.0039327983 0.00017811511 0.00060363754 8.848995e-05 1.5713176e-06 0.00017776605 0.0005103809 9.480372e-06 0.000119775774 7.319749e-07 2.9254236e-06 0.0001191469 1.7620208e-06 1.245784e-05 0.0010253468 1.0682209e-05 0.00012762022 2.2483126e-05 1.5646492e-05 4.635991e-07 0.0002511481 1.2648659e-06 1.0764615e-05 3.7010673e-06 3.4042803e-06 1.7698815e-07 0.00018815056
0.9431703 0.20119216 0.008792906 0.51502365 0.46258834 0.0028496515 0.0008731492 0.0044712187 0.28409767 0.00016340164 0.00073501223 0.98710644 0.00014571533 0.00021921305 3.3645867e-10 0.00031278995 0.048144475 0.00018948379 3.4706673e-07 0.004967983 1.719856e-05 9.0616295e-06 0.9872419 0.00060221646 1.411683e-06 5.5049786e-06 0.63156754 0.8094075 3.554931e-05 5.0623134e-07 2.0519465e-06 1.1805834e-06 3.1089193e-08 2.267147e-06 0.0052280123 0.28051424 2.2763984e-06 0.7382341 0.00013324936 0.03858744 5.224765e-06 0.81613886 0.0005421114 1.7123544e-06 4.1694207e-06 1.027662e-06 0.77933437 0.006667461 0.006728838 3.5187927e-07 9.3701175e-08 0.00060756283 8.436284e-07 1.1303291e-06 0.38495293 0.00023723634 1.7522732e-06 0.0012534187 4.3290926e-05 0.00011076202 2.309289e-06 0.06213122 2.7453993e-06 1.737222e-07 1.0426604e-06 0.001096165 6.2468614e-05 1.7554074e-06 3.2808484e-07 0.006667744 0.0073632924 0.07865517 2.5172966e-07 5.066941e-05 1.6973105e-06 0.00038987637 0.40873823 1.9188501e-05 0.24119326 3.355914e-07 1.3581046e-06 8.612615e-07 1.0308265e-06 5.659185e-08 1.516304e-06 0.0034433154 0.012341534 1.1223112e-05 1.495456e-08 6.050036e-07 6.826228e-08 8.810958e-07 1.108899e-06 0.00020932063 5.5117766e-06 1.4297468e-07 2.995921e-08 3.1996726e-06 3.533591e-06 2.7587873e-06 4.565401e-07
0.903509 0.0077544195 0.001146024 0.05158911 0.06397621 0.32034418 0.0003021239 0.9424691 0.007662006 0.0010262155 0.98883694 0.0006689855 0.013572911 0.2560583 0.00031278995 1.335083e-12 0.0025649017 0.4314231 1.00498504e-07 7.690905e-05 0.00058472925 0.006318184 0.0007114797 0.26518908 2.8920325e-05 0.007832654 6.5549764e-05 0.0006159866 0.53094023 3.3157445e-05 0.00093242864 0.00015596877 2.445639e-07 0.001486993 0.06586357 3.4205732e-05 8.792708e-05 0.00447314 0.82836 1.4398987e-05 0.23576078 0.00036709034 0.6339564 0.013739914 0.0005547 8.790042e-05 0.00014835173 0.0012784578 0.01093792 2.9982848e-06 4.776823e-08 0.00027453684 6.159263e-05 0.017508417 0.00012304996 0.94677174 0.00011380706 0.04707975 9.56997e-07 0.8657108 0.061322816 0.010948721 0.00013340169 0.0015329333 6.274171e-07 4.398149e-06 1.4890061e-05 1.9392704e-07 1.3909519e-06 0.0014393346 2.4962844e-06 0.0022539732 0.016962282 0.011795752 0.0014811055 0.0045719543 0.0033193245 3.8404184e-07 8.6927785e-06 7.275972e-05 0.034953218 3.1460328e-07 8.333126e-05 7.686845e-08 1.4694714e-08 0.00032853117 7.649893e-06 6.0294187e-06 0.001089671 2.1703695e-06 1.4745575e-06 3.333339e-06 1.0821478e-06 3.1645436e-06 0.008751612 4.0279687e-07 3.3028397e-07 5.6820284e-08 1.7419136e-07 5.175562e-07 0.00046357993
0.92759806 0.047583636 0.0073099453 0.5849646 0.6957632 0.012584031 0.0008106433 0.03518957 0.98806643 0.00034321423 0.00597612 0.055178493 0.00070925726 0.0007898005 0.048144475 0.0025649017 2.2301798e-11 0.0005553693 1.2771538e-07 0.00032195353 2.8175053e-05 3.7718604e-05 0.24432133 0.12890728 2.188291e-06 1.5899423e-05 0.01083941 0.06529951 0.000300872 2.5146467e-06 9.85e-06 3.5943474e-06 1.4471032e-08 1.879711e-05 0.81456447 0.010882442 3.5821276e-06 0.9246815 0.0004956687 0.0010384 3.8391077e-05 0.32818416 0.056376852 3.7632751e-06 7.758706e-06 3.4119935e-06 0.06434439 0.0031896129 0.5699562 6.2410585e-08 6.944986e-07 0.0003450317 6.648149e-06 4.1129065e-06 0.1212842 0.0018959434 2.8973204e-06 0.026238676 1.1670991e-05 0.0017211242 2.12118e-05 0.95350206 9.0358435e-06 9.720601e-07 1.1167353e-06 1.7211489e-05 3.5965318e-06 2.1030435e-07 5.075259e-07 0.4277409 0.00028768415 0.7053301 1.0535011e-06 0.0014355989 9.878571e-06 0.042972993 0.89351755 1.8441657e-06 0.0415289 1.3388855e-06 9.757441e-06 1.1624243e-06 4.592508e-06 2.1562096e-07 1.2325272e-07 0.1384635 0.018202653 3.153538e-06 6.403652e-08 1.2278608e-06 2.7015926e-07 1.4784707e-06 2.0118248e-06 0.0020964486 2.7167742e-05 5.292317e-07 6.975483e-08 1.0871865e-06 3.706756e-07 6.4755756e-07 1.4129922e-06
0.9116486 0.0015079085 0.0014051633 0.0064154505 0.0073336475 0.8075948 0.0010628297 0.05408047 0.0010979201 0.008329217 0.6950295 0.0003388301 0.79694927 0.99544644 0.00018948379 0.4314231 0.0005553693 1.1896373e-12 4.416085e-05 2.3849454e-05 0.0043778205 0.87079495 0.00020662445 0.0056332643 0.00054725446 0.8852429 3.9214858e-05 9.266329e-05 0.92161226 0.00060765527 0.08496904 0.005249696 3.789636e-05 0.14714935 0.0009467244 5.286672e-07 0.0008248296 0.00094907347 0.46605593 3.1402403e-06 0.7754329 0.000109372886 0.011695817 0.6800825 0.007831238 0.0024116598 2.3671846e-05 0.00090918445 0.00031717226 0.00050429505 2.7456105e-07 0.00063083036 0.00054355676 0.12397992 1.0063692e-05 0.1990827 0.00022361167 0.0006883604 1.1420074e-06 0.06286482 0.159067 0.00042311475 0.0003810881 0.020155525 2.0741097e-06 6.8186125e-07 0.00018018324 6.9355056e-06 5.876577e-05 5.1649706e-05 5.481237e-06 0.00011872891 0.003421923 0.00029834386 0.015891936 0.00010421683 0.00020029936 7.501144e-06 1.619124e-07 0.00037618415 0.00081390725 1.9438421e-05 0.00020472966 3.3679916e-07 8.908495e-07 4.8787722e-05 1.2367442e-06 5.6546432e-06 0.0054661604 1.2212911e-05 0.000265136 7.411593e-05 3.4618082e-05 4.192037e-07 0.00024757173 3.872461e-06 1.8632218e-05 6.3017275e-08 6.6278375e-07 1.3582168e-07 0.00031945965
0.99966276 5.763515e-06 0.23232964 1.3493452e-06 3.7673735e-07 3.815023e-05 0.52017754 5.5782874e-07 4.6653074e-07 0.03897459 3.1507363e-06 9.1393264e-07 0.00024983706 5.9683252e-06 3.4706673e-07 1.00498504e-07 1.2771538e-07 4.416085e-05 1.3383936e-14 0.00011079476 0.0010470344 5.213372e-06 2.2929079e-07 9.371029e-08 0.004696662 1.302688e-06 5.556752e-07 6.0644006e-06 4.0403665e-06 0.93503 8.804779e-06 3.4694498e-05 0.9333292 6.931068e-06 9.254102e-08 1.6971163e-06 0.0010074365 1.182062e-07 7.3127057e-06 2.0157138e-06 4.772698e-06 3.1115945e-08 8.267164e-07 2.2094677e-05 0.00024358525 0.030216621 3.3200442e-07 0.038782973 1.5575589e-06 0.0462585 0.9555012 0.041423 0.0005340173 1.3547422e-05 6.8167793e-07 9.094392e-07 0.00030788244 1.0727143e-06 1.8446275e-05 1.0922897e-05 2.4484127e-06 6.543805e-08 6.785536e-05 4.1950607e-05 0.02581733 8.679359e-06 0.007641366 0.76275 0.24533401 2.3436414e-07 7.6963624e-07 5.1034995e-08 3.3890376e-07 1.3487154e-07 1.0627269e-05 1.465761e-06 3.8940533e-07 0.0032715444 4.1664137e-07 6.2828917e-06 8.426786e-09 0.018449442 6.7858404e-05 0.0072171036 0.0002974515 4.7395026e-09 2.7820466e-09 0.0001238822 1.5905238e-08 1.1600361e-05 7.179467e-05 0.00010094435 5.95816e-05 4.376638e-10 1.5632605e-07 0.0033985458 0.00024577518 1.3557012e-05 6.0146915e-05 0.00011749102 1.0718925e-07
0.9678661 0.97635484 0.3487829 0.019195715 0.017325692 0.0003268549 0.6941517 0.000525604 0.0014131385 0.00011750358 0.0001949037 0.014630582 1.5932392e-05 6.729958e-05 0.004967983 7.690905e-05 0.00032195353 2.3849454e-05 0.00011079476 7.178672e-09 3.0839892e-05 7.25822e-06 0.0022562668 1.6827398e-05 2.3243922e-05 1.03543025e-05 0.04167222 0.013051479 1.3918071e-05 5.003885e-05 8.404403e-07 2.1959634e-06 5.509126e-05 1.4092477e-05 3.245549e-05 0.85155517 7.999468e-06 0.0001625251 3.801574e-05 0.471674 1.1478659e-05 8.4259525e-05 1.9189927e-05 1.1627364e-05 9.311734e-06 0.00014993706 0.00073421357 0.8178279 9.184438e-05 6.0952843e-05 1.1937232e-06 0.04829438 1.7087965e-06 9.2341e-06 0.00021765131 4.8767183e-06 1.5731328e-05 0.00010056203 0.9948883 2.1859725e-05 1.5679168e-06 2.3721846e-06 8.0651196e-05 6.3081984e-06 6.228463e-05 0.19754066 0.021198178 0.12352562 1.0516757e-05 3.990691e-06 0.14346136 4.496872e-05 4.127693e-06 5.6926354e-05 4.5853898e-07 6.8243667e-06 0.0010245069 0.0041686282 0.014000591 8.165937e-06 3.2323348e-07 7.167871e-05 3.7044078e-06 2.45567e-05 0.0024396188 1.8161355e-06 1.5144983e-05 0.012194349 4.745276e-08 4.578416e-07 5.59336e-06 5.4023812e-06 8.643628e-05 2.1993274e-06 6.264013e-05 1.111165e-05 5.147612e-05 0.0101379035 0.000695886 0.00015652156 1.5824695e-07
0.9849522 0.00016819673 0.003057396 0.00059048185 0.00067820685 0.0107494285 0.0010330956 0.00088421244 4.045188e-05 0.9451226 0.0015501601 4.7576996e-05 0.10790556 0.0025103472 1.719856e-05 0.00058472925 2.8175053e-05 0.0043778205 0.0010470344 3.0839892e-05 1.0744414e-10 0.08424704 2.4073328e-05 4.9927778e-05 0.74515873 0.00774315 1.2207461e-05 5.6132205e-05 0.0019402622 0.035887573 0.21518582 0.9052431 0.0021863764 0.020039825 3.2138953e-05 5.2376863e-06 0.9730753 4.254038e-05 0.0009923844 1.802972e-06 0.001141923 1.2503831e-05 0.00018077325 0.01772822 0.7990127 0.267681 1.9361716e-05 0.0010645669 3.7706413e-05 0.014329447 5.665782e-05 0.0010044501 0.51169467 0.00080325967 7.639067e-06 0.0006155726 0.19914491 2.787526e-05 3.3870265e-06 0.00038291982 0.00014708049 8.746459e-05 0.050773863 0.0021616844 3.231047e-05 5.0008243e-06 0.0014694869 0.0075085484 0.021434702 3.5657706e-06 1.321759e-05 1.3634561e-05 5.087772e-05 1.3134755e-05 0.037131447 6.1228684e-06 0.00012996714 0.0002934595 7.062593e-07 0.0044085556 5.606953e-06 0.003044681 0.072642766 0.000119636956 2.1129808e-05 1.710506e-05 1.5301907e-07 1.1468646e-05 0.0014975071 0.009660555 0.28680772 0.017856108 0.015243416 4.0735213e-07 9.802145e-06 0.024828292 0.017540213 5.52033e-06 1.2770466e-05 1.2807897e-05 9.6414056e-05
0.9718779 0.0002898349 0.0011508715 0.0011206791 0.0017302614 0.22982608 6.14042e-05 0.0031044625 2.6900057e-05 0.031949524 0.009645609 7.423077e-06 0.9767334 0.22727619 9.0616295e-06 0.006318184 3.7718604e-05 0.87079495 5.213372e-06 7.25822e-06 0.08424704 4.652207e-12 1.2070591e-05 0.00016859853 0.0020116754 0.9820315 3.4345564e-07 5.7283846e-06 0.33561286 0.0003592331 0.72873116 0.5323291 4.8293834e-05 0.7975382 0.0001649808 9.227646e-08 0.004052181 2.4793242e-05 0.0691585 5.446438e-07 0.53358805 3.6380452e-06 0.0006128079 0.8219979 0.2199464 0.00034430923 5.155512e-07 0.00060319534 0.00015534248 0.00012865123 1.2735882e-06 0.0005167188 0.005040508 0.23357607 3.1062905e-06 0.008557377 0.008305508 0.000115534116 1.8329528e-06 0.0014135091 0.2162962 2.1542672e-05 0.00629006 0.35408473 1.9374504e-06 7.6250666e-07 8.862668e-05 0.00046704744 0.00020383661 1.6141981e-05 4.3804844e-06 5.5174387e-05 0.0006731441 5.1152892e-05 0.25047445 2.6605836e-05 4.70563e-05 3.99403e-06 4.2472738e-08 0.012486356 5.2347023e-05 3.178813e-05 0.018160589 2.5287538e-06 5.853934e-07 8.809567e-06 1.7647022e-07 5.0239385e-07 0.06967381 0.003713189 0.0040306337 0.0001528956 0.000204107 1.7691575e-07 6.4811305e-05 2.0447103e-05 3.2068776e-05 4.932671e-07 1.5103183e-07 1.2008647e-07 0.007536876
0.87885016 0.27870306 0.0076517686 0.41476175 0.40119702 0.0027590825 0.0012592638 0.0071030655 0.36782697 0.0002570203 0.0011444845 0.8838696 0.00026911567 0.00024663642 0.9872419 0.0007114797 0.24432133 0.00020662445 2.2929079e-07 0.0022562668 2.4073328e-05 1.2070591e-05 4.271125e-12 0.0004006792 1.3914162e-06 1.1604731e-05 0.68446213 0.96570605 1.4589213e-05 2.6841423e-07 3.5632552e-06 6.131203e-07 8.094476e-09 4.665697e-06 0.0022424434 0.24193084 2.2445688e-06 0.94466543 0.00020592511 0.057946503 4.284674e-06 0.7893124 0.00030978746 3.5643205e-07 2.4406543e-06 2.5639895e-06 0.59512633 0.0027638874 0.00400119 5.433007e-07 1.3727784e-07 0.00018098317 1.2002172e-06 4.3031818e-07 0.1567727 6.9865586e-05 2.0801197e-06 0.0009537967 3.0577896e-05 0.00013858026 1.8341592e-06 0.017809933 6.5840377e-06 1.2995046e-07 6.9477123e-06 0.00017731905 2.3324325e-05 1.5603496e-06 8.7963855e-08 0.001565721 0.008024072 0.113494135 8.5629114e-07 0.000114395094 3.0570808e-07 0.00031327864 0.08952168 2.0879645e-06 0.07300881 1.512448e-06 1.7291272e-06 1.8395775e-06 7.1435755e-07 3.3965528e-06 4.605921e-06 0.0014150967 0.0014194584 3.5418602e-06 2.2286426e-09 4.3456677e-07 8.031179e-09 4.049607e-07 2.259186e-07 2.3868588e-05 1.0150044e-05 1.565324e-07 3.9749352e-08 5.7940965e-06 7.106746e-07 8.9594454e-07 1.1682672e-07
0.97932553 0.05940988 0.010184778 0.7641315 0.7525322 0.10039192 0.00026669944 0.92932576 0.055269923 0.00018896839 0.17040625 0.00052330154 0.003377218 0.0059372503 0.00060221646 0.26518908 0.12890728 0.0056332643 9.371029e-08 1.6827398e-05 4.9927778e-05 0.00016859853 0.0004006792 3.0612657e-10 3.0436167e-06 9.41808e-05 6.943894e-05 0.00036914565 0.0018765203 1.925496e-06 1.9139248e-05 1.4742692e-06 2.9241673e-07 4.0354513e-05 0.98772824 2.4430865e-05 2.589746e-06 0.009306134 0.0053123627 2.0104813e-05 0.00020235992 0.0014464556 0.95693415 6.5005574e-06 2.4246465e-06 1.1674871e-06 0.00053182425 0.0006409937 0.47608393 9.782299e-08 2.2147658e-08 0.000307513 1.3843746e-06 4.0138537e-05 0.00051375263 0.007768002 1.4836146e-06 0.37248483 2.6018972e-07 0.07729275 0.00040110145 0.21131308 2.817063e-06 5.2699934e-06 1.369195e-06 7.329742e-06 1.4181161e-05 8.651418e-06 4.4780202e-07 0.03362597 1.5874652e-05 0.022367055 2.3562689e-06 0.0040607573 5.532882e-07 0.11552678 0.02675976 7.649633e-07 0.00032524974 5.586321e-07 7.8200545e-05 1.956249e-06 8.3942865e-07 3.10474e-07 1.5675184e-07 0.0021615836 0.00018605964 1.2390935e-06 1.3057682e-07 3.2226453e-07 4.7763677e-08 2.7447803e-07 3.6694905e-07 2.0226278e-05 0.00013089558 1.2563416e-07 2.2602752e-08 1.946077e-07 7.630678e-08 1.4332431e-07 2.0488726e-06
0.96281093 2.5940804e-05 0.0043564714 0.00010507891 8.445759e-05 0.0019789163 0.0020811053 7.368117e-05 2.2906079e-06 0.96940917 0.00020598323 5.304872e-06 0.0067607295 0.00040061097 1.411683e-06 2.8920325e-05 2.188291e-06 0.00054725446 0.004696662 2.3243922e-05 0.74515873 0.0020116754 1.3914162e-06 3.0436167e-06 6.997757e-10 0.0005545101 6.6109004e-07 3.809008e-06 0.00035073466 0.52344465 0.0020146184 0.019701753 0.053790588 0.0008761412 9.881238e-06 1.248135e-07 0.61409366 1.1675038e-06 0.00016870725 9.517966e-08 0.00022252505 7.4857104e-07 5.6531867e-06 0.0006663033 0.11178889 0.9868051 1.7063619e-06 0.0009805815 3.043097e-06 0.6869793 0.000246616 0.0010869305 0.32549685 0.00016862524 9.5335514e-07 3.0364077e-05 0.05089973 2.7771864e-06 8.489952e-06 1.660867e-05 4.8576567e-05 5.680243e-07 0.0068090972 0.00015896004 7.221423e-05 1.8784855e-05 0.00053590315 0.0183157 0.80647534 6.836428e-07 3.9196443e-06 5.349921e-08 2.8608088e-06 2.408923e-06 0.0029617772 8.256756e-07 1.1097755e-05 9.1549846e-05 8.23892e-08 0.00079138763 1.6328877e-07 0.18734662 0.020986127 0.00088946713 9.38552e-06 1.3396224e-06 5.896711e-08 8.353618e-06 0.00025950593 0.0049044834 0.21057752 0.17059462 0.0419788 5.785659e-08 1.0153204e-06 0.43096194 0.15849003 3.3835686e-06 6.865742e-06 9.978731e-06 2.1130532e-05
0.857993 0.00014237677 0.0006413413 0.0010101052 0.0012524055 0.096234456 3.2400723e-05 0.0037060583 2.0359308e-05 0.006484522 0.008406522 8.105366e-06 0.729861 0.22188523 5.5049786e-06 0.007832654 1.5899423e-05 0.8852429 1.302688e-06 1.03543025e-05 0.00774315 0.9820315 1.1604731e-05 9.41808e-05 0.0005545101 3.0245175e-13 4.147567e-07 3.3051822e-06 0.17798121 3.0030338e-05 0.64286673 0.060844917 1.5741945e-06 0.98562235 6.464956e-05 2.8488158e-08 0.0010030726 1.1169062e-05 0.034656122 3.0121947e-07 0.644121 2.0905468e-06 0.00040590556 0.93089676 0.036330704 6.2346546e-05 7.263174e-07 0.00012079165 0.000118472846 1.8172504e-05 1.459187e-07 7.619557e-05 0.0009213783 0.30959448 2.8893899e-06 0.007191133 0.0015142355 0.00012013062 2.2213594e-06 0.0010347931 0.23821363 2.312307e-05 0.0023663912 0.35876986 9.321787e-07 4.8650605e-07 8.178813e-06 0.00010434124 8.9136665e-06 2.4758094e-06 2.105985e-06 2.7528651e-05 0.0005240317 4.1959407e-05 0.15568982 1.0190499e-05 4.158962e-05 4.14675e-06 3.589952e-08 0.013574614 8.037248e-05 3.8052608e-06 0.0060411934 1.846486e-07 1.8150645e-07 7.3173305e-06 2.0969452e-07 7.785674e-07 0.12700519 0.00090760685 0.00035320697 1.9329796e-05 7.0135226e-05 1.6672457e-08 2.5372216e-05 2.1506041e-06 4.0457912e-06 1.7803444e-08 2.276256e-07 6.502461e-08 0.0066831307
0.8488219 0.49185264 0.010329313 0.25550133 0.26653507 0.00037690735 0.0018342234 0.0012309961 0.06574016 0.0002888484 0.00017350142 0.5941317 4.8147645e-05 1.936297e-05 0.63156754 6.5549764e-05 0.01083941 3.9214858e-05 5.556752e-07 0.04167222 1.2207461e-05 3.4345564e-07 0.68446213 6.943894e-05 6.6109004e-07 4.147567e-07 4.9385593e-13 0.9950218 1.3247352e-06 3.7045294e-07 2.3247865e-07 1.7908091e-07 3.471041e-09 5.235171e-07 0.00012049332 0.9752429 3.4800766e-07 0.018511768 1.5889782e-05 0.95604146 3.9531957e-07 0.08769888 1.6631067e-05 5.722531e-08 6.6036e-08 2.6364492e-07 0.7868095 0.0139516145 0.00016340507 1.7671341e-07 5.1886357e-08 0.0006506832 3.8438316e-08 6.2048605e-07 0.118824504 1.1458316e-05 1.2334444e-07 0.00014023922 7.826635e-05 7.305014e-05 3.9148233e-07 5.3228447e-05 1.8787308e-07 7.008223e-08 1.2924623e-05 0.007306565 1.0932851e-05 0.0006088281 2.1258119e-08 3.862151e-05 0.08994034 0.003661528 4.8968037e-08 2.0752408e-05 4.4035022e-07 2.380301e-05 0.06609229 1.2823713e-05 0.42284602 8.764483e-08 1.2553985e-06 4.2272006e-07 4.9098713e-07 2.630293e-06 5.2360355e-07 7.44557e-05 0.0013828209 6.541151e-05 3.5196837e-08 1.5313718e-07 5.3425996e-08 1.1902628e-06 1.0053603e-06 8.116488e-06 1.195867e-05 4.2713842e-07 8.4470024e-08 6.665032e-05 1.3046126e-06 9.1927626e-07 2.5982624e-07
0.88335687 0.4467177 0.016357886 0.46220192 0.44296923 0.0022250616 0.0050942074 0.009384822 0.1882381 0.00055455294 0.0008746231 0.8022041 0.0002973154 0.0001981014 0.8094075 0.0006159866 0.06529951 9.266329e-05 6.0644006e-06 0.013051479 5.6132205e-05 5.7283846e-06 0.96570605 0.00036914565 3.809008e-06 3.3051822e-06 0.9950218 3.0396519e-13 8.246468e-06 1.5426085e-07 1.0424098e-06 2.9142925e-07 9.200998e-09 2.9638086e-06 0.0006934345 0.6253402 1.1859379e-06 0.20710477 7.64259e-05 0.55698705 5.1571424e-06 0.48363134 4.5237637e-05 4.850348e-07 1.0723185e-06 1.1075663e-06 0.88071156 0.006072703 0.00043373313 1.5606264e-06 4.864244e-07 0.0007226342 2.0400083e-07 2.47887e-07 0.16873191 1.43074685e-05 7.221519e-07 0.0003107888 2.5880634e-05 9.7894634e-05 8.5478734e-07 0.00061952526 4.3962976e-07 3.9213774e-07 3.4874396e-05 0.0016504823 3.815878e-05 0.00061818876 8.183166e-08 0.0002579972 0.07337812 0.01981386 7.5245543e-07 3.494301e-05 1.3189849e-07 7.158109e-05 0.031443834 4.9175455e-06 0.3257749 1.813753e-07 3.2326e-07 2.7874046e-06 1.0326015e-06 2.1274368e-06 3.3413087e-06 0.00010150542 0.0028241093 2.0804027e-05 2.9961495e-08 1.5381734e-07 6.008989e-08 1.4673385e-06 3.1132186e-06 1.161545e-05 9.263842e-06 5.690822e-07 1.7434809e-07 9.1454085e-06 6.403466e-07 3.7249387e-07 1.2318922e-06
0.97728866 0.00028005545 0.001717824 0.011093115 0.010267966 0.3958458 5.9075388e-05 0.08392149 0.00015582246 0.0017471622 0.5660757 4.2314685e-05 0.37640435 0.725294 3.554931e-05 0.53094023 0.000300872 0.92161226 4.0403665e-06 1.3918071e-05 0.0019402622 0.33561286 1.4589213e-05 0.0018765203 0.00035073466 0.17798121 1.3247352e-06 8.246468e-06 8.01417e-11 1.7005503e-05 0.0052030687 0.0015994116 2.6130052e-05 0.026641862 0.00041145275 2.5837377e-07 0.00076764583 5.504058e-05 0.96708745 2.217503e-06 0.990432 3.4818047e-06 0.004670628 0.2860526 0.0024204443 4.0390783e-05 1.0700119e-06 0.0002843515 0.00071280263 1.6076121e-05 2.5612273e-08 0.00018168788 6.900279e-05 0.16164444 1.1208576e-05 0.15886971 0.00014680933 0.0011335461 8.262357e-07 0.015182671 0.52370286 0.00014404187 0.00023298395 0.03150632 2.9252426e-06 3.4918855e-07 1.0710026e-05 0.00021578398 1.03889315e-05 4.5225086e-05 2.4957033e-06 0.0001903156 0.01408421 0.00055209786 0.0050122715 0.00016563662 0.00026933185 1.2704306e-06 1.694914e-07 0.00023141237 0.0026711118 3.7041395e-06 0.00039406866 9.693389e-08 1.848105e-07 1.7879885e-05 1.2371706e-07 2.319047e-07 0.0029789852 6.358326e-05 9.807147e-06 6.8377026e-06 5.7476686e-06 2.2537246e-07 0.0004166251 5.681316e-07 2.9368692e-07 3.8842632e-08 6.99016e-08 4.0515793e-08 0.0013722266
0.9808743 0.00016122774 0.05200386 0.00033321127 0.00024138906 0.0019508436 0.012500381 7.3750416e-05 6.6650664e-06 0.78266937 0.00026450792 2.975043e-06 0.0023097703 0.00032035934 5.0623134e-07 3.3157445e-05 2.5146467e-06 0.00060765527 0.93503 5.003885e-05 0.035887573 0.0003592331 2.6841423e-07 1.925496e-06 0.52344465 3.0030338e-05 3.7045294e-07 1.5426085e-07 1.7005503e-05 1.2856222e-09 0.00060426944 0.0014771811 0.999896 7.77634e-05 1.6260921e-07 5.0903293e-07 0.0043615536 1.1844826e-07 5.5891724e-05 3.3256597e-07 9.316611e-06 2.7610035e-08 1.7210314e-06 6.457599e-05 0.00032826434 0.258134 9.897893e-08 0.0011528786 2.697103e-07 0.35203698 0.01434563 0.0038363556 0.0019647693 5.7341567e-06 1.3261705e-07 9.818911e-06 0.00016879659 5.0991307e-06 1.2465017e-05 0.000100138845 4.6672255e-07 1.5412813e-06 7.550613e-05 3.9337116e-05 0.0072055976 1.612923e-06 0.0010149478 0.072227865 0.20251927 7.098083e-09 3.601833e-05 1.0809679e-06 2.1270534e-06 2.6337918e-06 1.909285e-05 4.1194973e-08 8.132674e-06 0.000678554 1.5886054e-07 8.224069e-06 9.60094e-07 0.05754159 0.00014340835 0.024930885 9.626943e-05 6.6601393e-07 2.425236e-08 3.5709112e-05 5.5958412e-06 2.260212e-05 0.00016128401 0.00044044288 0.00024103526 1.0268743e-08 1.526373e-06 0.055324648 0.004237987 1.28866905e-05 1.3618382e-05 5.9721722e-05 1.3717686e-06
0.7891023 0.0001398379 0.00090922386 0.00045058184 0.0007531321 0.028799303 4.6951904e-05 0.00085654756 6.1764185e-06 0.07098865 0.0025444718 4.7442268e-06 0.6942118 0.011334585 2.0519465e-06 0.00093242864 9.85e-06 0.08496904 8.804779e-06 8.404403e-07 0.21518582 0.72873116 3.5632552e-06 1.9139248e-05 0.0020146184 0.64286673 2.3247865e-07 1.0424098e-06 0.0052030687 0.00060426944 6.064923e-13 0.99346215 2.2893619e-05 0.9962724 7.0602264e-06 1.0323691e-08 0.0039431415 1.9081117e-06 0.0044021234 4.3087145e-08 0.016369862 7.2785883e-07 5.6791872e-05 0.13646553 0.15638596 0.0014960781 2.5433482e-07 0.00016953725 1.16282845e-05 0.00021458758 8.149837e-07 0.00018936582 0.009311163 0.008129445 4.1541855e-07 0.0008066385 0.0054336605 4.2324693e-05 1.8744724e-06 0.00036219993 0.0052374713 1.1789435e-05 0.011162754 0.059277028 1.23607615e-05 1.2401013e-07 3.2072921e-06 0.00031664185 5.9956034e-05 7.2889037e-07 4.9981354e-06 3.422451e-06 6.70248e-05 2.238187e-05 0.21824811 4.446167e-06 3.201281e-06 1.6621918e-05 1.3337106e-07 0.020271506 1.067615e-05 2.5647829e-05 0.025446825 2.8424793e-06 2.016005e-07 9.508949e-06 5.612594e-07 2.4692517e-06 0.065645695 0.01149637 0.008366503 0.00028454055 0.00066696265 2.8953563e-08 8.451266e-06 2.3828014e-05 0.00014138104 3.6590214e-07 1.1244742e-07 1.7423199e-08 0.0024692637
