6.7897505e-20 0.9504319 0.5380105 0.28690988 0.8659509 0.23426692 0.55421245 0.5646661 0.88547635 0.2148234 0.08024969 0.8426044 0.017633433 0.9506417 0.055715926 0.8186836 0.035039984 0.004213288 0.0006221419 0.043506492 0.00030715394 0.0006605783 0.05113084 0.78829896 0.65394443 0.9279687 1.1760924e-05 0.96605104 0.023332296 0.95080614 0.8205561 0.79087245 0.12219095 0.8162597 5.4314067e-05 0.8569387 0.4847624 0.65293443 0.91169107 0.9354029 0.9815805 0.8354948 0.030468326 0.9269472 0.89377743 0.898283 0.8013805 0.92895365 0.9116186 0.87861276 0.95655173 0.917345 0.9374308 0.54726064 0.87726104 0.9870749 0.9688207 0.040048648 0.9331084 0.9382998 0.9720097 0.9739003 0.8945966 0.00041366013 0.93810153 0.91552734 0.06922414 0.99147743 0.7896714 0.78659934 0.9904623 0.65787745 0.016247753 0.99421585 0.79740393 0.8683839 0.83238125 0.59820926 0.94066674 0.93808824 0.99416775 0.76134497 0.8790481 0.9790549 0.9584083 0.7114259 0.5853245 0.94048023 0.985371 0.97569424 0.021741878 0.9990704 0.98857135 0.5080662 0.9999538 0.11399934 0.054573055 0.9218055 0.97148454 0.99976456 0.2327397
0.9504319 9.1741655e-17 0.9508225 0.7744974 0.91226554 0.44780585 0.7691856 0.35426587 0.37290138 0.3306268 0.55084985 0.13121913 0.017061824 0.082875565 0.16593653 0.027988367 0.0006907732 0.00031942065 0.010489818 9.43976e-05 0.0022289823 0.0027693238 1.13087735e-05 0.5865037 3.732118e-05 0.69753194 4.5139383e-05 0.5848086 0.00011988582 0.8328378 0.0017167644 0.0045135277 1.0222024e-07 0.07397799 9.858417e-05 0.06205286 0.0005324378 0.0004679732 0.013464057 0.0055373483 0.2644114 1.3377348e-07 2.419461e-06 2.1410424e-05 2.0250015e-07 0.011465318 0.0017124395 0.035167526 9.839255e-09 4.1513258e-07 2.9080209e-05 1.9224657e-07 0.00023370385 3.7775945e-07 3.4573968e-09 0.016348809 0.0014186132 1.8435012e-06 0.0061211376 1.3792873e-05 6.368888e-06 0.004195251 5.5633454e-06 1.687508e-05 5.901313e-06 0.0003998138 3.2576907e-06 2.0223039e-05 2.8637594e-08 2.671905e-08 0.019370966 1.1561683e-07 1.4542789e-05 6.0562026e-05 6.7597355e-08 3.6588994e-05 1.7063776e-05 2.1069921e-07 0.0012907638 2.32117e-06 0.0009964143 5.1243045e-08 1.9647514e-05 7.546869e-05 0.00015658846 9.4838754e-07 2.9778159e-08 3.2105807e-05 0.0030013032 1.1799717e-05 9.921923e-05 0.009242571 0.0004279376 7.548052e-08 0.0039697103 3.9102133e-06 2.87871e-06 1.6881228e-05 0.00012741314 0.0018675101 2.2454562e-07
0.5380105 0.9508225 3.468737e-13 0.8658688 0.6759688 0.27228954 0.28858757 0.510422 0.2478518 0.56664044 0.98162884 0.021597212 0.024424631 0.040892523 0.70848304 0.023005443 0.0005926663 0.0018334049 0.038077593 6.647398e-05 0.0042091436 0.039759673 1.891064e-05 0.25310093 2.120836e-05 0.48967275 0.00043919712 0.4452506 0.005772956 0.55567735 0.000784084 0.004803058 3.189129e-06 0.010002909 0.0015849269 0.011235562 6.138183e-05 8.553135e-05 0.009143656 0.000563375 0.08507533 3.3757142e-06 5.33736e-06 7.349074e-06 8.0854426e-07 0.0016059772 0.0036009387 0.0063061835 4.375699e-08 5.5459094e-07 1.1480103e-05 1.5828967e-07 0.00010133731 8.885887e-06 5.149944e-09 0.003491571 0.00014119012 3.3824897e-05 0.0018139384 1.3438315e-05 7.395985e-06 0.0009983015 3.298217e-06 0.00027750077 8.1530015e-05 0.0006312483 1.8031327e-05 0.00011039208 2.5319426e-07 2.0994285e-07 0.0057969904 2.4061254e-07 8.72871e-05 0.00026183875 1.8798731e-08 3.2600637e-05 2.4293488e-05 7.029348e-06 0.000255151 1.9120846e-06 0.0012313671 1.9213685e-08 7.4010513e-06 6.527429e-05 0.0001950958 6.5920417e-06 2.93538e-07 9.891289e-06 0.003293801 7.5972656e-07 0.00012914477 0.010841799 2.528603e-05 6.83467e-08 0.0018222488 6.1168656e-05 5.2791634e-06 1.2247879e-05 2.8809114e-05 0.0004294812 3.736808e-07
0.28690988 0.7744974 0.8658688 2.4575085e-13 0.07170999 0.95235986 0.5895005 0.019077769 0.009127851 0.025366982 0.7871175 0.21607602 0.75869167 0.0006085562 0.40159974 0.00044456922 0.27411428 0.3632464 0.8233089 0.0023856396 0.8067436 0.18063113 0.0018116665 0.17777985 0.0007093435 0.3354121 0.029392734 0.46023542 8.933947e-06 0.19364172 0.0017793176 3.7712634e-05 6.101021e-08 0.00823221 0.0028612248 0.019326573 0.00015904634 0.00023471656 6.559098e-05 0.0007450584 0.0044038347 4.849099e-05 4.636265e-05 2.9285754e-06 3.422586e-07 0.00026725727 0.0002818888 0.0030172926 7.9692e-08 3.7301322e-07 1.8714412e-06 3.7021243e-07 9.04174e-06 3.3859187e-06 2.7097656e-08 0.001000143 7.026721e-06 3.722961e-05 7.4553966e-05 3.1961258e-06 5.5207884e-06 0.0001805794 8.663216e-06 1.446686e-05 3.6006313e-05 8.371778e-06 9.539477e-06 0.00018340281 1.4636232e-07 6.103567e-07 0.0007158774 5.9274507e-06 8.917565e-05 2.5844502e-05 1.503487e-06 2.2395899e-07 6.487236e-06 5.1591196e-06 4.078293e-06 4.3773734e-06 0.0004308508 7.028289e-08 1.0912506e-05 0.00012571801 6.5152955e-05 2.3928908e-06 2.1839286e-07 8.1276585e-06 0.0030927912 1.6649244e-06 6.520883e-05 0.003820191 6.7108136e-05 2.3303579e-07 8.9327405e-05 0.0003936838 3.152887e-05 1.4077165e-05 1.430495e-06 6.990645e-05 4.2734437e-06
0.8659509 0.91226554 0.6759688 0.07170999 2.7399766e-16 0.007562915 0.09800224 0.93871623 0.93881387 0.8991788 0.2916051 0.0039017075 0.00012308222 0.52627933 0.20811692 0.25241584 0.00011969973 1.2736751e-05 0.0015572205 4.0843202e-05 0.00020080773 0.0006240907 4.3672453e-06 0.44254375 8.099114e-06 0.37572736 2.123206e-05 0.0661201 0.015486079 0.7160449 0.0003060697 0.048300162 0.00014604644 0.0074984757 6.794421e-05 0.001514138 7.299714e-05 7.784309e-05 0.09184022 0.00014047789 0.5146575 2.1933796e-07 1.3284712e-06 1.6168766e-06 1.3841694e-07 0.0042872457 0.0051470213 0.004512473 3.6998493e-08 3.770677e-07 1.8035316e-05 6.2504193e-07 0.0003959027 1.4171635e-06 1.5842565e-08 0.0039393543 0.008699359 1.715478e-06 0.006925621 4.577608e-05 8.787817e-06 0.004028895 1.4044317e-06 3.094911e-05 4.9161526e-06 0.0044946494 8.410037e-06 1.5045191e-05 5.1885837e-07 1.1557516e-07 0.008990704 1.0183362e-06 2.0445766e-06 0.00057231076 7.1637425e-07 0.0004256465 1.272023e-05 8.493431e-07 0.0019734781 1.9248864e-06 0.0014452671 2.66969e-07 5.6717795e-06 1.1011254e-05 5.3776184e-05 9.12708e-07 1.2412869e-07 5.818999e-06 0.0006689105 1.0578621e-05 5.6194607e-05 0.0054600383 8.737105e-05 8.208225e-06 0.0041469582 9.445082e-05 7.3084316e-06 4.6334385e-06 0.0003320762 0.0014894982 2.1412823e-06
0.23426692 0.44780585 0.27228954 0.95235986 0.007562915 9.560899e-17 0.9109988 0.0012739539 0.0008422389 0.0016169476 0.16511054 0.6941868 0.89114773 8.104921e-05 0.007434846 0.00012834009 0.7042489 0.2384333 0.11204083 0.28330988 0.094828844 0.0022437763 0.27024052 0.13959008 0.43551064 0.19129509 0.0057620816 0.32221496 2.5392249e-06 0.08339662 0.030270567 0.00018438527 1.0940405e-08 0.025477841 0.00013904333 0.051713858 0.0021437863 0.0030229308 0.000108995635 0.010248777 0.0036604265 0.00060051377 0.0018105742 0.0004318276 3.921218e-06 0.00083912537 0.00037094063 0.0041805594 7.867767e-08 8.933913e-06 1.8205603e-05 1.1894657e-05 0.000109455934 3.3665224e-06 3.564414e-08 0.0010945213 1.6897206e-05 4.2664255e-05 0.0002825078 3.2855736e-05 1.0146269e-05 0.0001631161 9.508079e-06 9.421902e-06 4.0649495e-05 5.4434735e-05 4.315665e-06 2.495519e-05 2.237948e-07 1.4361125e-07 0.00045684347 1.9647373e-06 9.604087e-06 6.666526e-05 2.907692e-06 4.660432e-06 3.677272e-05 2.3420605e-06 4.5801757e-05 1.7133125e-05 0.00022522517 1.4883074e-07 2.1726131e-05 7.364836e-05 0.00014495524 6.026298e-06 1.4628989e-07 2.135003e-05 0.0008050761 9.058596e-06 2.6570908e-06 0.0012231037 4.34476e-05 5.841637e-07 0.00013043439 6.334129e-05 1.5088153e-05 5.0722207e-05 1.2649846e-05 0.00017518036 1.5810288e-05
0.55421245 0.7691856 0.28858757 0.5895005 0.09800224 0.9109988 2.9176007e-17 0.004077267 0.0080080405 0.0027716556 0.022249809 0.9921486 0.31765154 0.0012894608 0.0015130128 0.000780981 0.20900773 0.00910394 0.0033963262 0.08712318 0.004048268 8.309049e-05 0.052947536 0.50807685 0.20751838 0.4685887 0.00012254604 0.61619353 7.586153e-05 0.28435683 0.06894225 0.00060737657 1.5177289e-08 0.059115063 1.1281283e-05 0.089783445 0.010079983 0.0067328624 0.0011779772 0.01579174 0.015928375 0.0019652792 0.00068064645 0.0014297607 6.04953e-05 0.0049446262 0.00045297088 0.015965635 6.3141357e-07 7.671273e-05 0.00034864183 9.089702e-05 0.0005001187 3.6824006e-06 4.5617647e-08 0.009207877 0.00015416901 1.374809e-05 0.0007679398 6.7378176e-05 2.815574e-05 0.00095802575 9.003814e-07 5.0313366e-07 6.356359e-06 6.539211e-05 1.1279568e-06 6.110058e-06 2.7854567e-08 1.2540588e-07 0.0010456354 1.311518e-07 1.1457786e-06 5.1964278e-05 3.6663966e-08 1.6849108e-05 8.3936294e-07 1.9316491e-07 2.7927385e-05 5.646218e-07 0.00010261383 1.7876294e-08 1.2829162e-06 7.7013965e-06 1.5176821e-05 1.949853e-06 3.0953209e-09 4.6102298e-07 8.8731635e-05 4.139158e-07 1.2167004e-05 0.00043953588 9.168909e-06 3.702822e-08 0.00030879813 0.00010473684 1.3779463e-05 2.8473328e-06 2.0232942e-06 5.7763722e-05 1.525363e-06
0.5646661 0.35426587 0.510422 0.019077769 0.93871623 0.0012739539 0.004077267 2.7102365e-15 0.95087296 0.97904 0.29754034 0.00057213154 6.0028466e-05 0.42658 0.3603372 0.43001172 2.9418623e-05 1.0534479e-06 0.002445427 1.6503396e-06 2.2985458e-05 0.0021383297 9.970235e-08 0.06168343 1.4664244e-07 0.034189112 1.7417611e-05 0.0038309828 0.1322317 0.3128992 1.1040655e-05 0.0741967 0.00846092 0.00021105952 0.00046065098 8.568753e-05 2.8703519e-06 5.458343e-06 0.0777508 8.230133e-06 0.25541 3.8810546e-09 2.1685847e-07 1.2298807e-07 1.3959831e-08 0.0004142049 0.030724686 0.00029472975 7.042644e-09 1.5575596e-07 4.8088837e-06 2.0350724e-07 4.7155852e-05 4.6920655e-07 9.515089e-10 0.0006073036 0.00510323 3.002793e-07 0.0012274107 1.5746878e-05 1.7887909e-06 0.00035592614 1.3462397e-06 0.0002568554 3.9253848e-07 0.011730457 4.8809616e-06 3.2151763e-07 3.653101e-07 1.1416818e-06 0.0025099558 3.023925e-06 1.418877e-06 0.00046279916 1.1807788e-07 0.0004113215 2.143549e-07 1.2604556e-05 0.00059127156 3.24124e-09 0.0010176902 6.421522e-08 3.5834123e-08 2.6162754e-08 4.7339873e-07 5.6453723e-07 5.4319525e-08 9.972822e-08 4.928184e-06 6.0841245e-08 6.1366522e-06 0.0011244036 2.9175933e-07 4.810307e-07 0.0034940492 1.6912505e-05 4.447178e-07 1.0506727e-06 3.857362e-05 0.0011312442 9.843292e-07
0.88547635 0.37290138 0.2478518 0.009127851 0.93881387 0.0008422389 0.0080080405 0.95087296 3.723009e-17 0.90892607 0.08124788 0.00026368583 3.734657e-05 0.8515456 0.10708141 0.90876335 1.0467557e-05 1.6423339e-06 3.635314e-05 1.7372511e-06 1.6585639e-07 0.00011628468 4.807826e-07 0.1781541 2.412819e-07 0.046113383 1.6217285e-06 0.0030777985 0.07806419 0.55043185 2.461541e-05 0.29979622 0.036789075 0.0011110894 7.933353e-05 0.00021893831 7.488735e-06 3.0873039e-06 0.27392146 9.098509e-06 0.5303912 1.8725766e-08 3.6375332e-07 8.698167e-08 6.7335706e-09 0.002550452 0.064797156 0.00031469288 6.1166308e-09 5.476488e-08 2.0641626e-06 6.77423e-08 7.327901e-05 7.221701e-08 5.1426285e-10 0.00092099095 0.024077263 2.5238146e-06 0.0063735526 4.11313e-06 6.187836e-07 0.002923992 2.1459769e-07 0.0001404669 7.4771276e-07 0.06910976 9.801447e-07 2.0403536e-06 1.0317923e-08 3.0153725e-08 0.011744241 1.4340553e-07 6.6283997e-07 0.0006233374 4.014793e-08 0.0029356305 8.043811e-07 3.2325508e-05 0.0026698639 1.5430999e-07 0.005993892 5.9210997e-08 1.8835846e-06 4.9869675e-07 1.5551686e-05 3.0874627e-08 3.8757307e-08 4.2162978e-07 0.00027065325 7.309166e-07 2.3101204e-05 0.003669871 1.1922811e-05 9.453164e-07 0.020244192 2.5688294e-05 6.2426066e-06 1.11477e-06 0.000118455784 0.0013859684 6.39962e-07
0.2148234 0.3306268 0.56664044 0.025366982 0.8991788 0.0016169476 0.0027716556 0.97904 0.90892607 6.83302e-14 0.36028463 0.00022710144 7.6273216e-05 0.3743307 0.77844113 0.5109843 8.074494e-05 1.5423924e-05 0.0018566934 2.9046258e-05 4.9714447e-05 0.0028591398 4.9538553e-06 0.044975184 7.8781704e-07 0.010123393 3.5349512e-05 0.0015896112 0.765489 0.1748462 1.6637285e-05 0.16724584 0.026001185 0.00023048204 0.0017319255 8.8090164e-05 2.7342085e-06 1.8160656e-05 0.097056836 6.9610433e-06 0.14318414 8.145403e-08 1.0651097e-06 1.4302516e-07 3.3006522e-08 0.000236451 0.01870328 0.0001388267 6.710621e-09 9.89759e-08 9.646459e-06 8.6834115e-07 3.9510065e-05 1.5135415e-06 7.470506e-09 0.00052148965 0.0019876517 5.4882287e-07 0.0005958291 1.9108316e-05 1.0825726e-05 0.00028312084 9.244408e-06 0.00067765894 7.1875947e-06 0.0032885452 3.6856572e-06 2.03516e-05 4.8729635e-07 4.6408613e-07 0.00066590245 4.01309e-06 3.0422947e-07 0.00019166601 1.6861885e-07 0.00033312707 1.0189692e-05 2.3103627e-05 0.0005474014 2.795963e-07 0.0007522761 8.996179e-08 1.6298135e-07 2.3988725e-06 1.6675043e-05 9.099754e-07 4.3134204e-07 3.929889e-06 2.611137e-05 6.83764e-07 1.7570834e-05 0.0007347511 1.6145175e-06 3.9535184e-06 0.0016048832 2.074667e-05 5.70692e-07 1.2663318e-05 6.289612e-06 0.0004475209 2.150598e-06
0.08024969 0.55084985 0.98162884 0.7871175 0.2916051 0.16511054 0.022249809 0.29754034 0.08124788 0.36028463 1.7485185e-12 0.0017388227 0.006236249 0.006412276 0.9844244 0.008100016 0.0001364543 0.0014243415 0.7561563 1.8878945e-05 0.35927546 0.5652996 5.9142494e-06 0.019671679 2.4153412e-06 0.060399268 0.020352177 0.04788833 0.007343337 0.07201524 3.9177405e-05 0.0002653348 8.242395e-06 0.00021630857 0.08232478 0.00043354827 1.5993224e-05 3.517303e-05 0.0010346273 2.2391394e-05 0.0053339787 1.3553948e-05 7.107204e-06 1.4017676e-06 7.60516e-07 2.957071e-05 0.000696724 0.00047533456 3.5225125e-07 1.6507599e-06 5.15879e-06 5.114611e-07 2.0657588e-05 6.136468e-05 2.9021402e-08 0.0004750749 1.0105257e-05 0.00020632632 0.00011218858 7.870117e-06 2.9723135e-05 0.0001748087 8.920018e-06 0.00057599274 6.689026e-05 5.4500546e-05 0.00015527775 9.898899e-05 2.2706654e-06 3.0898427e-06 0.00036534527 4.086395e-06 0.0003358394 0.00012278433 1.8596173e-06 1.0967337e-06 1.8507013e-05 1.6621869e-05 2.1036274e-05 5.4569637e-06 0.00022370041 2.1054575e-07 2.271041e-05 0.00012080916 0.0002300468 7.2929124e-06 5.717739e-07 9.803546e-06 0.0014265268 4.1314678e-07 0.000659136 0.0027020283 1.44238375e-05 2.0819704e-07 8.000289e-05 0.00018383798 2.9942861e-05 8.5562743e-07 3.2438564e-07 4.594552e-05 8.080802e-07
0.8426044 0.13121913 0.021597212 0.21607602 0.0039017075 0.6941868 0.9921486 0.00057213154 0.00026368583 0.00022710144 0.0017388227 1.5014977e-16 0.22245221 4.0719646e-05 0.00032103984 3.7878763e-05 0.4330504 0.012301833 0.0007045563 0.3823171 0.0025957413 2.4463341e-05 0.23956586 0.3178237 0.63446164 0.52659863 8.7037726e-05 0.89892614 5.029116e-07 0.16087359 0.50007993 0.0001255838 1.4185346e-08 0.3454756 5.6964604e-06 0.58114535 0.13043825 0.108051434 0.00037309772 0.18167743 0.018007778 0.038701463 0.009435724 0.013870562 0.0009202197 0.021427242 0.00021233325 0.09523399 3.0175803e-05 0.0007285551 0.0029665546 0.0024084398 0.0018256076 4.545183e-05 4.4208173e-07 0.032097265 8.492006e-05 0.000116061885 0.0024037184 0.0004874507 0.0001811562 0.0017527394 1.8688952e-05 2.5614745e-06 5.1315452e-05 6.195241e-05 3.3658162e-06 0.0002665634 4.477418e-07 4.221963e-07 0.0035456251 7.3738033e-07 1.2471277e-06 0.00013807145 1.2706975e-07 2.2220224e-06 1.6572121e-05 2.1004578e-07 9.5717965e-05 1.3462507e-05 0.0002902437 8.4414296e-08 2.4403178e-05 9.154357e-05 7.662894e-05 9.308991e-06 1.1325064e-08 1.7279857e-05 0.0012095505 1.8149885e-05 1.2643093e-05 0.0015426646 0.0002691 7.5369934e-07 0.00055214076 5.3227304e-06 1.1756393e-05 1.2306844e-05 1.7409937e-05 0.00046819574 1.07038995e-05
0.017633433 0.017061824 0.024424631 0.75869167 0.00012308222 0.89114773 0.31765154 6.0028466e-05 3.734657e-05 7.6273216e-05 0.006236249 0.22245221 9.464529e-15 3.8771277e-06 0.00037596823 2.7976139e-05 0.78660804 0.9885843 0.0003032182 0.025566699 0.0032977567 0.00011911588 0.01884635 0.0011422585 0.031304944 0.0014989702 0.0014104135 0.010197286 4.763342e-07 0.00011092321 0.0016804595 2.3908924e-06 6.840787e-08 0.00031366816 4.931063e-05 0.00046774343 0.00013980748 0.00022153364 1.0390264e-06 0.00014324707 4.7685513e-05 0.0001156983 0.00032197105 2.998731e-06 1.898677e-07 2.6230748e-05 6.919501e-05 2.2649332e-05 2.3386669e-07 2.680225e-06 8.044299e-06 2.9277487e-06 2.5175512e-05 7.399583e-06 2.046739e-07 2.4676428e-05 4.7326606e-07 1.4223786e-05 1.0001758e-05 1.6316168e-06 5.3845283e-06 7.655914e-06 3.0035562e-06 1.0638062e-06 5.0700796e-06 5.249167e-06 9.220709e-07 2.2417173e-06 8.126162e-08 7.274026e-08 2.1606744e-05 1.2863048e-06 2.219954e-07 0.00011786856 3.6935512e-07 3.9590495e-06 1.8736645e-06 3.494832e-08 7.640415e-06 1.1398572e-06 2.7802394e-06 7.192065e-08 3.2074022e-06 1.6634866e-06 1.4061478e-05 5.0689755e-07 5.9823094e-08 1.3664609e-06 0.000117848336 2.7120511e-06 6.568092e-07 0.00019512296 1.2513028e-05 1.2179047e-06 1.771376e-05 3.2859338e-05 2.9453442e-06 2.949208e-05 2.0381161e-05 0.00010068036 1.6190136e-06
0.9506417 0.082875565 0.040892523 0.0006085562 0.52627933 8.104921e-05 0.0012894608 0.42658 0.8515456 0.3743307 0.006412276 4.0719646e-05 3.8771277e-06 6.995106e-20 0.0066450047 0.97789973 6.904517e-07 9.827631e-08 1.5315113e-06 2.4410673e-07 5.1338014e-09 7.5686976e-06 4.589184e-08 0.19170189 3.584116e-08 0.023860067 2.5397599e-08 0.0007684072 0.086100325 0.6325629 3.2542036e-06 0.64411336 0.05875488 0.0006401724 3.0609624e-06 2.4910963e-05 5.115452e-06 1.1678957e-06 0.4102014 3.0573067e-06 0.7926827 3.0829361e-09 1.2513082e-08 1.1857637e-08 7.813668e-10 0.0039096843 0.0551147 0.00054216484 2.848499e-09 4.593966e-08 8.7007516e-07 8.615321e-10 0.00023159386 1.39378e-08 1.5452874e-10 0.003326131 0.15024024 3.646715e-08 0.03689228 3.0420542e-05 1.0745542e-06 0.018911649 4.698068e-08 4.942589e-05 2.8080854e-06 0.17566827 1.0730524e-07 5.2830586e-07 4.4141397e-09 3.1765124e-09 0.074887596 3.5106254e-08 1.5130588e-07 0.0015062569 6.413978e-09 0.01737143 8.083388e-08 1.3391467e-05 0.030205045 8.509045e-09 0.0368988 1.0635605e-08 5.702605e-07 1.478615e-07 1.18198095e-05 3.1467845e-08 1.1551581e-08 4.2880952e-08 0.00035005127 3.000267e-08 1.0275205e-05 0.004746716 1.044929e-06 2.9170621e-07 0.05412517 4.3660334e-06 2.7354773e-07 1.289452e-07 0.0001924503 0.003645612 2.2033644e-06
0.055715926 0.16593653 0.70848304 0.40159974 0.20811692 0.007434846 0.0015130128 0.3603372 0.10708141 0.77844113 0.9844244 0.00032103984 0.00037596823 0.0066450047 1.968859e-11 0.024690615 2.4911056e-05 0.00021725461 0.7628062 4.869705e-06 0.28771856 0.8190834 6.3076204e-06 0.00241323 5.541606e-07 0.0034814414 0.0134053705 0.0010095409 0.47004983 0.00982662 2.1163073e-06 0.0022277154 0.0021968833 4.5133506e-06 0.77400094 4.2001066e-06 1.8437437e-06 1.1991096e-06 0.0018683287 5.0840316e-07 0.0008075337 1.1231356e-05 2.5565546e-06 7.029683e-08 7.790179e-08 3.5806793e-06 0.0021803016 6.181545e-06 1.715194e-07 7.9055695e-08 4.2000724e-07 2.0181448e-08 1.2836358e-06 6.0415616e-05 2.165599e-08 1.1946838e-05 1.3364177e-05 0.0001226647 6.378216e-05 9.728488e-08 2.0813471e-07 2.023052e-05 5.8021334e-07 0.077419266 6.130455e-07 0.00025339343 0.0002267359 2.4316338e-07 2.0117242e-05 1.7079647e-05 0.00013702939 1.8338857e-05 0.00035050206 1.6303902e-05 1.7930985e-06 5.6426734e-06 5.2645678e-08 0.00021364684 2.5173353e-05 3.731258e-08 0.00010972873 5.2203172e-06 6.517883e-08 2.2429755e-07 1.3963438e-06 1.912371e-06 7.474601e-06 4.7882168e-08 2.8789476e-05 2.9407326e-08 0.0017418017 0.0007458856 6.2598474e-08 6.2789686e-06 0.00026912286 0.005345421 7.1891923e-06 4.064709e-07 4.214358e-08 9.955224e-06 1.1545173e-06
0.8186836 0.027988367 0.023005443 0.00044456922 0.25241584 0.00012834009 0.000780981 0.43001172 0.90876335 0.5109843 0.008100016 3.7878763e-05 2.7976139e-05 0.97789973 0.024690615 1.1025542e-15 1.375487e-05 7.6667817e-07 8.805938e-06 9.797512e-07 5.5377143e-08 4.806621e-05 1.2459503e-07 0.023152756 9.2516494e-08 0.0029539734 2.837735e-07 0.0005525719 0.797595 0.117974594 3.7989407e-06 0.9143056 0.6605063 0.000325885 8.893207e-05 0.00010893755 1.413259e-06 1.1217029e-06 0.34572878 1.9995678e-06 0.18099494 1.4758699e-08 2.7193715e-07 1.1547131e-08 3.2749088e-09 0.00038581144 0.16436037 9.288111e-05 1.7512346e-09 1.6427443e-08 6.3710723e-07 8.15778e-08 0.000106877786 3.190052e-07 4.9041365e-10 0.0002400564 0.035085168 1.7866215e-07 0.0018148234 5.00196e-06 1.7267392e-06 0.0015700686 7.911513e-08 0.00010913667 5.192014e-07 0.0584675 1.976107e-07 1.8619319e-07 2.7327731e-09 8.382858e-10 0.0061926236 1.2477594e-08 1.504687e-07 0.0007840399 3.5902226e-10 0.009065792 8.620771e-08 0.00030327195 0.003798222 3.441304e-09 0.007885211 4.3079487e-09 6.2546555e-08 1.6425908e-08 1.4621172e-06 4.838755e-07 6.013455e-10 3.0823497e-08 7.331115e-07 8.38886e-09 2.9281455e-06 0.0007521645 3.47401e-08 4.348476e-08 0.015812175 1.4567099e-06 6.955078e-08 4.4951736e-07 1.6979508e-05 0.000800801 1.0539287e-07
0.035039984 0.0006907732 0.0005926663 0.27411428 0.00011969973 0.7042489 0.20900773 2.9418623e-05 1.0467557e-05 8.074494e-05 0.0001364543 0.4330504 0.78660804 6.904517e-07 2.4911056e-05 1.375487e-05 3.4373971e-15 0.992961 2.1792785e-05 0.8045011 9.417649e-05 1.4319987e-05 0.76722765 0.00063744036 0.5378003 0.0014829295 9.729608e-05 0.014257583 8.244076e-08 8.572087e-05 0.023638392 1.4889953e-06 8.396132e-08 0.00055956363 6.909237e-06 0.0016069775 0.0020983408 0.0032993597 1.6963799e-06 0.0024797474 2.0249361e-05 0.004887574 0.03536784 0.00021514988 5.3447584e-05 3.568351e-05 4.120667e-05 0.000104299754 1.3643653e-05 1.4236719e-05 2.609412e-05 1.1036992e-05 1.575496e-05 0.0006098146 2.2584873e-06 3.4368277e-05 6.6297525e-07 0.00014804771 1.7612456e-05 1.8141753e-05 9.157828e-06 7.0869673e-06 5.035391e-06 1.2105423e-06 7.5302334e-05 9.6914526e-05 4.457494e-06 1.5819354e-05 1.8386077e-06 3.0747938e-07 7.6939934e-05 9.544049e-07 3.7185958e-07 0.00021110402 6.040109e-07 8.409443e-06 1.908959e-05 8.246781e-08 4.851051e-05 1.2387443e-05 4.6832458e-05 3.2011513e-07 2.4855884e-05 2.0374418e-05 0.000117270276 3.376501e-07 1.9395515e-07 2.6402615e-05 0.0011684601 2.2303991e-05 1.1534074e-05 0.00117519 1.650103e-05 3.4956554e-06 8.717845e-05 2.998415e-05 2.4496505e-06 0.000184287 0.00016194137 0.00043512747 1.0148389e-05
0.004213288 0.00031942065 0.0018334049 0.3632464 1.2736751e-05 0.2384333 0.00910394 1.0534479e-06 1.6423339e-06 1.5423924e-05 0.0014243415 0.012301833 0.9885843 9.827631e-08 0.00021725461 7.6667817e-07 0.992961 1.28872455e-14 0.004816383 0.10125526 0.011799498 0.0004321429 0.2612086 2.9644776e-05 0.026736641 6.591102e-05 0.33623546 0.0017029579 4.2348e-08 5.134617e-06 0.0005813325 1.8742593e-08 2.935469e-09 6.1604705e-06 0.00011409666 2.045262e-05 1.30163935e-05 3.1533775e-05 1.1319833e-07 2.2154283e-05 3.0454006e-05 3.9728908e-05 0.005607357 3.5065017e-07 1.2522231e-07 6.1087594e-06 1.5917918e-05 1.0196594e-05 3.8785015e-09 1.1953777e-07 1.4285018e-06 3.5213273e-07 1.551315e-06 1.2338672e-06 2.1551493e-08 1.4645949e-05 6.9888415e-08 1.1452557e-05 6.0132943e-06 1.0154569e-06 1.6806443e-06 3.2388875e-06 7.5850203e-06 4.2789247e-06 1.4604889e-05 5.526591e-07 3.519692e-07 8.395936e-07 7.212066e-08 6.412367e-08 2.7292272e-06 8.276481e-07 5.8909023e-07 5.3166323e-06 2.1677452e-07 2.854358e-08 9.476675e-06 2.4468034e-07 8.438146e-08 8.084263e-07 5.1683924e-06 2.9981614e-08 1.0986768e-06 9.396473e-06 3.1319334e-05 7.451092e-06 2.4863077e-08 4.002682e-06 0.0005945874 7.8151623e-07 1.1360557e-06 0.00044310134 1.5042293e-05 3.0759145e-07 3.6213223e-06 7.392818e-08 1.5258132e-07 1.220887e-05 2.0017944e-06 9.8203345e-06 2.599814e-07
0.0006221419 0.010489818 0.038077593 0.8233089 0.0015572205 0.11204083 0.0033963262 0.002445427 3.635314e-05 0.0018566934 0.7561563 0.0007045563 0.0003032182 1.5315113e-06 0.7628062 8.805938e-06 2.1792785e-05 0.004816383 2.9232393e-16 6.419106e-07 0.97745585 0.84509456 3.384396e-07 0.0014904693 3.24837e-07 0.00030042068 0.7724469 0.00071788643 4.695694e-06 0.0001390021 2.513511e-07 1.8175346e-07 4.6788124e-09 1.4930985e-05 0.03639857 7.514146e-06 2.062841e-07 3.461859e-08 1.8733446e-06 4.980613e-07 1.0431114e-05 8.690004e-09 1.3908185e-07 2.4912968e-08 3.5642491e-09 1.4542636e-05 1.3068872e-05 8.073176e-05 1.9366755e-07 2.4339645e-06 2.2694086e-07 6.2268256e-08 1.7965467e-05 1.16089495e-07 2.6082436e-08 1.7816837e-05 4.6170842e-07 2.6940128e-07 0.0003412306 1.006466e-05 2.4947565e-06 1.3711455e-05 2.5738993e-06 6.7851515e-06 0.00012119748 1.4197509e-05 2.6492884e-07 1.5914403e-06 6.9201704e-08 3.2413607e-07 5.335642e-05 2.4248316e-06 9.692058e-08 1.4974677e-05 4.0395898e-07 4.653399e-05 3.4256839e-06 1.985838e-07 6.628147e-05 6.2274285e-07 1.9225006e-05 1.3763681e-08 6.88087e-06 9.793885e-06 5.1881387e-05 8.714031e-07 3.844387e-07 3.4275888e-06 9.301168e-05 8.629084e-07 9.3851924e-07 9.3641116e-05 7.491231e-07 9.350051e-08 6.273986e-05 1.1685783e-05 6.7490426e-08 6.787384e-06 5.510599e-06 9.1940565e-06 1.0376168e-07
0.043506492 9.43976e-05 6.647398e-05 0.0023856396 4.0843202e-05 0.28330988 0.08712318 1.6503396e-06 1.7372511e-06 2.9046258e-05 1.8878945e-05 0.3823171 0.025566699 2.4410673e-07 4.869705e-06 9.797512e-07 0.8045011 0.10125526 6.419106e-07 1.326043e-16 2.5856646e-06 8.0704746e-07 0.99537766 0.00063796487 0.8803601 0.0006568963 4.088636e-06 0.004851502 1.1083015e-08 2.4128281e-05 0.06471807 6.0587263e-07 5.713476e-09 0.0015271084 8.730001e-07 0.0044055865 0.012997174 0.017461736 2.1393637e-06 0.013958614 7.5252756e-06 0.015687404 0.3074367 0.0029632142 0.0024122451 8.676316e-05 3.7133423e-06 0.0002951826 0.00021499807 0.0001651927 5.4175474e-05 0.00016586599 0.00010926801 0.0010594972 2.8736154e-05 1.9153307e-05 3.321965e-06 0.0005920361 5.505623e-05 5.3750293e-05 5.4462304e-05 1.3267248e-05 2.4134564e-05 3.6720496e-07 0.00021262607 2.9235793e-05 9.509085e-06 7.861885e-05 1.2316929e-05 1.5935605e-06 0.0002490544 5.041099e-06 1.4395274e-06 0.00043250574 3.4342083e-06 3.5203282e-06 5.2000665e-05 3.7396495e-09 0.00019634393 2.4995563e-05 3.3814737e-05 1.15024e-06 0.00027324125 0.00015998678 0.00043545483 6.030503e-07 1.0952004e-06 7.811184e-05 0.0007462474 0.00013174758 1.0232754e-05 0.0003432041 0.00032253558 4.471847e-06 0.00012473753 0.00015571402 9.9895e-06 8.65228e-05 0.00037741184 0.00084810145 9.014989e-06
0.00030715394 0.0022289823 0.0042091436 0.8067436 0.00020080773 0.094828844 0.004048268 2.2985458e-05 1.6585639e-07 4.9714447e-05 0.35927546 0.0025957413 0.0032977567 5.1338014e-09 0.28771856 5.5377143e-08 9.417649e-05 0.011799498 0.97745585 2.5856646e-06 4.834067e-21 0.035051174 1.0435358e-06 0.0011675301 1.3065188e-06 0.00015429758 0.955501 0.00077623915 5.701838e-09 2.3329176e-05 9.9579875e-06 1.1345599e-09 1.0650029e-10 3.152361e-05 0.00040429167 2.223713e-05 5.942016e-07 1.7341581e-07 2.1538714e-08 2.8167366e-05 1.3072867e-06 2.0490805e-09 1.5621846e-07 2.3212021e-07 6.8218515e-09 3.4029057e-05 4.555589e-09 0.00034855073 6.654797e-08 1.6128131e-05 1.2098084e-06 3.4122905e-07 2.8116403e-05 9.3094386e-09 5.006001e-08 2.3352883e-05 7.8282305e-09 5.074796e-08 0.00016475814 1.3365859e-05 6.6548982e-06 8.2885185e-07 5.5974585e-08 2.9214803e-07 0.00012889475 1.8884685e-07 2.350717e-07 6.3697757e-06 1.663891e-08 1.0712242e-07 3.3952037e-05 2.4475173e-07 4.8118284e-08 6.868662e-08 1.8428496e-07 1.1176958e-07 3.0106658e-06 5.3023724e-10 2.3303858e-06 3.871259e-07 1.4756229e-07 5.6596818e-08 7.122729e-06 8.452716e-06 1.728551e-05 6.439948e-07 8.3857124e-08 5.143125e-06 4.4242126e-05 1.8415593e-06 1.3869322e-07 2.6410182e-06 1.2329546e-06 6.221128e-08 1.7172196e-06 1.1994231e-06 4.913898e-08 5.522476e-07 2.3564846e-06 1.3310824e-06 1.09658785e-07
0.0006605783 0.0027693238 0.039759673 0.18063113 0.0006240907 0.0022437763 8.309049e-05 0.0021383297 0.00011628468 0.0028591398 0.5652996 2.4463341e-05 0.00011911588 7.5686976e-06 0.8190834 4.806621e-05 1.4319987e-05 0.0004321429 0.84509456 8.0704746e-07 0.035051174 2.8139963e-14 6.7267933e-07 0.0003317261 1.0525944e-06 2.8315742e-05 0.16989739 0.0001816198 0.00012217938 2.6047326e-05 2.3264909e-06 4.8008343e-07 3.120104e-07 4.354569e-06 0.9749321 2.2639667e-06 9.368452e-07 1.4448362e-06 6.382673e-06 8.3739815e-06 1.1521958e-05 8.978644e-06 1.7017336e-06 7.7973027e-07 7.809314e-07 9.206418e-06 5.570752e-06 3.9977513e-05 2.8419683e-07 2.186395e-06 9.008156e-06 6.2307737e-07 2.164564e-05 3.7081525e-05 9.0261025e-08 1.43070865e-05 1.3794878e-06 5.9342433e-06 0.00010030372 2.4643385e-05 1.3922862e-05 1.3706814e-05 9.453859e-05 0.0011798897 0.00078170194 1.1929919e-05 8.444281e-06 1.0720174e-05 3.8216267e-06 3.4715758e-06 8.285366e-05 2.3634095e-06 2.4420208e-06 0.0012997936 6.229876e-07 4.846849e-06 1.1565995e-05 5.266609e-07 0.000104691506 2.8799293e-06 3.040569e-05 1.3958486e-06 1.7109825e-05 2.2110778e-05 0.00015411741 1.26306195e-05 2.4935505e-06 1.0944607e-05 0.00028805478 8.646489e-07 1.5860262e-05 0.0015774762 2.0509624e-06 2.1600697e-06 1.7199312e-05 0.00049268943 8.054147e-08 1.7729857e-06 1.2107548e-06 2.4044186e-05 2.799904e-07
0.05113084 1.13087735e-05 1.891064e-05 0.0018116665 4.3672453e-06 0.27024052 0.052947536 9.970235e-08 4.807826e-07 4.9538553e-06 5.9142494e-06 0.23956586 0.01884635 4.589184e-08 6.3076204e-06 1.2459503e-07 0.76722765 0.2612086 3.384396e-07 0.99537766 1.0435358e-06 6.7267933e-07 3.7788999e-16 8.0490456e-05 0.9198875 0.00018403726 7.424344e-06 0.0025995574 4.0049555e-09 7.4371783e-06 0.039904535 1.2247061e-07 8.5872187e-10 0.00038400982 1.0763675e-06 0.0020321887 0.016454013 0.019590652 9.3523295e-07 0.011236151 3.6028553e-06 0.04413105 0.7057523 0.0021032724 0.0010686786 2.9381024e-05 3.4347127e-06 8.57625e-05 8.464151e-05 0.00012129148 1.5916718e-05 8.466485e-05 1.932893e-05 0.0012563047 2.3248886e-05 5.629912e-06 8.9714496e-07 0.0045700013 5.1720686e-05 2.85406e-05 3.494344e-05 2.7845274e-06 0.000109329914 2.785704e-06 0.00011392748 1.2529196e-05 1.1645342e-05 5.647317e-05 4.5905595e-06 7.113439e-07 8.5115535e-05 6.7205515e-06 8.300364e-06 0.00012256905 3.746791e-06 4.4027087e-07 3.9675182e-05 6.308664e-09 5.8984748e-05 1.8350665e-05 1.2712516e-05 9.801036e-07 8.27409e-05 9.38504e-05 0.00022379536 1.5975487e-06 5.8171815e-07 4.4092427e-05 0.00089720445 0.00010980116 1.2578823e-05 0.00034329252 0.00022023708 1.6787413e-06 8.102479e-05 4.9519494e-05 4.1970075e-06 6.0909035e-05 0.000433577 0.0009506492 7.782004e-06
0.78829896 0.5865037 0.25310093 0.17777985 0.44254375 0.13959008 0.50807685 0.06168343 0.1781541 0.044975184 0.019671679 0.3178237 0.0011422585 0.19170189 0.00241323 0.023152756 0.00063744036 2.9644776e-05 0.0014904693 0.00063796487 0.0011675301 0.0003317261 8.0490456e-05 1.2057327e-16 0.0010935229 0.96616346 1.8481138e-05 0.8885879 0.00089819025 0.9096784 0.11521015 0.054618925 9.3438786e-07 0.6335963 1.5286229e-05 0.25506753 0.0016145076 0.0009931504 0.16426408 0.011863604 0.57098866 5.350738e-06 2.778238e-06 2.4908944e-05 8.8597517e-07 0.25687507 0.000606725 0.035759874 9.943017e-09 4.342861e-06 0.000116722214 1.4983042e-06 0.0051462064 3.734418e-07 8.012355e-10 0.03645897 0.03431358 1.514735e-07 0.09367183 0.00038662177 0.00010615614 0.018935569 8.540919e-08 7.3065225e-06 7.870148e-06 0.0014719556 7.249029e-07 2.9955527e-06 6.5199566e-09 6.256287e-09 0.04789437 6.781975e-08 1.6044307e-07 0.0077505717 1.3290304e-09 0.00023653985 8.776041e-08 4.3777106e-08 0.00059712894 6.2164034e-09 0.0030471077 2.5875646e-09 4.1065295e-08 3.7148175e-07 6.0191524e-06 1.1960631e-07 6.677752e-10 1.9488917e-08 6.0211074e-05 7.2456907e-09 3.9711634e-07 0.003366075 5.1984084e-06 8.926677e-09 0.0014216489 2.3995337e-08 4.3506474e-09 4.439887e-08 6.454527e-05 0.0012783986 5.1859783e-10
0.65394443 3.732118e-05 2.120836e-05 0.0007093435 8.099114e-06 0.43551064 0.20751838 1.4664244e-07 2.412819e-07 7.8781704e-07 2.4153412e-06 0.63446164 0.031304944 3.584116e-08 5.541606e-07 9.2516494e-08 0.5378003 0.026736641 3.24837e-07 0.8803601 1.3065188e-06 1.0525944e-06 0.9198875 0.0010935229 6.2986974e-16 0.011579798 2.276231e-06 0.07377545 2.140654e-09 0.0003548819 0.5511017 9.086404e-08 3.0385858e-09 0.009814165 1.3316613e-06 0.035040863 0.18556006 0.30874604 1.638598e-06 0.3213537 4.8793954e-05 0.67175686 0.9692224 0.12406247 0.13547271 0.00015565389 3.923016e-05 0.0010393263 0.02821425 0.0025558916 0.0007370095 0.008908802 9.950037e-05 0.032490227 0.020158943 0.0004159861 2.5613986e-06 0.03187747 0.00011742874 0.00012302496 0.00011494056 1.8657083e-06 0.07402802 3.803623e-05 0.0009639535 0.00013147685 0.0013902079 0.0011626527 0.00084956386 0.00014195645 0.0002864787 0.00022293157 0.00013501022 3.741865e-05 0.00019883958 1.0131032e-05 0.0009663646 1.617684e-07 0.0015071724 0.0005761823 8.441267e-05 8.823962e-06 0.00080442335 0.0040114787 0.0013350745 1.3822817e-05 3.6633314e-06 0.00020229546 0.005652565 0.0003145912 0.0009621157 0.0051264632 0.0017187598 0.00011404206 0.0026592913 0.00014118542 0.00013080162 0.00030191365 0.0010077388 0.002857778 0.00014511056
0.9279687 0.69753194 0.48967275 0.3354121 0.37572736 0.19129509 0.4685887 0.034189112 0.046113383 0.010123393 0.060399268 0.52659863 0.0014989702 0.023860067 0.0034814414 0.0029539734 0.0014829295 6.591102e-05 0.00030042068 0.0006568963 0.00015429758 2.8315742e-05 0.00018403726 0.96616346 0.011579798 2.8720826e-17 1.1103498e-06 0.87075824 0.0002306861 0.74289036 0.12807766 0.0012082184 1.14150154e-07 0.7352599 1.5071694e-06 0.38311708 0.004526146 0.0050550485 0.008266559 0.039258916 0.34515795 0.0003357627 1.8494652e-06 0.0002208784 3.6026267e-05 0.31188765 0.00018846376 0.15550621 6.6093304e-07 2.2497088e-05 0.00045037904 5.828396e-06 0.005687323 4.3871023e-06 1.3223456e-08 0.11315375 0.0061213095 1.697805e-07 0.039631363 0.0006153695 7.487832e-05 0.020544425 8.5125436e-07 4.3886735e-07 5.199065e-05 0.001029411 2.3101634e-06 1.7954864e-05 3.364308e-08 3.218798e-08 0.04966887 7.92083e-08 4.943955e-07 0.0038623612 9.545923e-09 0.00014609743 2.6667664e-07 3.0858615e-08 0.0007420798 2.8195329e-08 0.0021660905 1.7797671e-08 7.1703175e-07 6.448712e-07 2.3857052e-05 4.802038e-07 1.2531466e-09 1.6104246e-07 0.00019494718 1.0871704e-07 1.5921371e-06 0.008833208 9.634957e-06 1.02936525e-07 0.0025740603 6.3133103e-07 2.1831768e-07 3.9134534e-07 8.824454e-05 0.0010298946 1.6023595e-08
1.1760924e-05 4.5139383e-05 0.00043919712 0.029392734 2.123206e-05 0.0057620816 0.00012254604 1.7417611e-05 1.6217285e-06 3.5349512e-05 0.020352177 8.7037726e-05 0.0014104135 2.5397599e-08 0.0134053705 2.837735e-07 9.729608e-05 0.33623546 0.7724469 4.088636e-06 0.955501 0.16989739 7.424344e-06 1.8481138e-05 2.276231e-06 1.1103498e-06 1.18953936e-20 1.886712e-05 1.7043509e-07 1.685077e-06 1.3920645e-07 1.727109e-09 2.1756247e-10 1.1392187e-07 0.20333517 3.6637908e-07 6.442165e-07 3.4637793e-07 5.459103e-08 1.6753362e-06 9.542483e-07 7.603796e-09 1.096988e-06 2.5656721e-08 4.358338e-09 3.6176186e-06 1.2436578e-07 8.300768e-06 6.435816e-09 5.634972e-08 2.5211722e-07 2.3772847e-08 5.843024e-07 7.838511e-09 4.5382347e-09 1.1055675e-06 1.4118433e-08 7.2397825e-08 1.0547121e-05 1.7222825e-06 4.2207316e-07 1.6140211e-07 1.5313578e-08 0.0002946831 3.00051e-06 1.4178578e-07 1.9999508e-08 7.126616e-08 5.6636022e-08 3.6072905e-08 2.0842444e-06 9.237173e-08 5.961553e-09 6.017361e-08 1.1386489e-08 1.620613e-09 3.5036302e-07 4.5652197e-08 1.3043551e-06 1.4759628e-08 7.0132876e-07 1.2727357e-08 4.2008754e-08 4.1277343e-07 1.5396492e-06 6.6000456e-07 1.7630434e-07 5.8567764e-07 4.41843e-06 6.476826e-08 2.1043577e-07 8.090014e-06 7.072464e-08 3.9595992e-07 1.462882e-07 1.9654205e-07 4.9535853e-10 1.6999904e-07 1.0303941e-08 3.0341758e-07 3.645846e-08
0.96605104 0.5848086 0.4452506 0.46023542 0.0661201 0.32221496 0.61619353 0.0038309828 0.0030777985 0.0015896112 0.04788833 0.89892614 0.010197286 0.0007684072 0.0010095409 0.0005525719 0.014257583 0.0017029579 0.00071788643 0.004851502 0.00077623915 0.0001816198 0.0025995574 0.8885879 0.07377545 0.87075824 1.886712e-05 6.6872565e-15 0.00015830877 0.38429368 0.58137584 0.0015338486 4.3905032e-07 0.91679853 2.648041e-05 0.9094057 0.043171275 0.030588085 0.0068281274 0.5539284 0.09846035 0.0022744432 0.00019316263 0.0107068205 0.0006269335 0.46416163 0.00014741147 0.461786 5.6478953e-06 0.00042450192 0.013817519 0.00020337642 0.032085355 7.271617e-05 2.420018e-07 0.32743913 0.0029099851 2.6541087e-05 0.070167705 0.004184241 0.0009326808 0.028155332 3.9489347e-05 3.794663e-05 0.00033917412 0.00020073229 2.9258692e-05 0.00063191453 1.7422219e-06 3.8367318e-07 0.060303707 2.3414107e-06 1.7762006e-05 0.0038761157 2.124658e-07 8.111153e-05 2.977921e-06 2.0978115e-07 0.0005837361 2.2808234e-07 0.0018904214 2.5950848e-07 5.026361e-06 1.0736871e-05 0.00013049984 2.324647e-05 9.5140635e-08 5.80396e-07 0.0025437148 4.87072e-07 0.00042049302 0.03502476 8.584727e-05 2.306365e-05 0.0013037147 3.0215226e-05 2.547474e-06 4.88098e-06 8.0952035e-05 0.0010853803 1.4651383e-07
0.023332296 0.00011988582 0.005772956 8.933947e-06 0.015486079 2.5392249e-06 7.586153e-05 0.1322317 0.07806419 0.765489 0.007343337 5.029116e-07 4.763342e-07 0.086100325 0.47004983 0.797595 8.244076e-08 4.2348e-08 4.695694e-06 1.1083015e-08 5.701838e-09 0.00012217938 4.0049555e-09 0.00089819025 2.140654e-09 0.0002306861 1.7043509e-07 0.00015830877 1.0210549e-14 0.0017918858 7.20515e-08 0.17150801 0.99788463 1.3061982e-05 0.0013059161 1.0691612e-06 2.6140357e-08 4.1566167e-08 0.015010016 4.6926073e-07 0.0061338414 3.2756458e-09 9.78751e-11 6.995546e-09 6.9171013e-10 2.889659e-05 0.056735434 1.0692789e-05 3.6153336e-09 1.1204428e-07 2.808724e-07 4.0999556e-08 3.5724315e-06 1.171657e-07 1.4924435e-09 1.30889775e-05 0.0012573455 4.240909e-09 0.0007955328 1.0865759e-06 1.9455723e-07 5.6081433e-05 8.985341e-08 0.36166602 1.55515e-06 0.004523359 1.4145326e-07 3.587045e-07 1.16532966e-07 9.667151e-08 0.000932897 4.243025e-07 3.4628744e-09 0.00020767719 2.8694894e-08 0.00024217994 7.096838e-07 0.008962189 0.0011445321 2.9844117e-08 0.0009868529 1.1750733e-07 6.771401e-08 1.1104908e-06 2.9406824e-06 5.570417e-08 4.046281e-08 2.4561103e-07 1.5499212e-05 5.0294965e-08 1.3298871e-06 8.711196e-05 1.7494912e-06 5.462814e-07 0.0015965072 1.8551136e-05 2.0508608e-08 6.245738e-08 4.8103193e-06 0.00011576794 5.3004467e-08
0.95080614 0.8328378 0.55567735 0.19364172 0.7160449 0.08339662 0.28435683 0.3128992 0.55043185 0.1748462 0.07201524 0.16087359 0.00011092321 0.6325629 0.00982662 0.117974594 8.572087e-05 5.134617e-06 0.0001390021 2.4128281e-05 2.3329176e-05 2.6047326e-05 7.4371783e-06 0.9096784 0.0003548819 0.74289036 1.685077e-06 0.38429368 0.0017918858 7.876771e-17 0.004159556 0.026149694 3.6620254e-06 0.19915947 7.692767e-07 0.031813774 0.0005430811 0.0005057112 0.22102687 0.0007391218 0.9419356 4.3962327e-06 1.1119583e-06 1.677861e-06 1.5964224e-07 0.13558634 0.0008770295 0.038613975 1.1418636e-08 6.7676217e-07 2.1738691e-05 1.5379021e-07 0.0041171224 7.6494655e-07 1.3249504e-09 0.057477 0.13475843 2.6811708e-06 0.09148002 0.0002797266 6.446667e-06 0.027037187 9.373675e-08 2.6526927e-06 4.9898817e-06 0.007644493 3.7511043e-07 4.3918158e-06 2.1685869e-09 5.367662e-09 0.08612872 1.263198e-07 3.1416062e-06 0.017650928 1.6735979e-09 0.0019348611 7.832253e-08 1.2603401e-07 0.004860999 9.8663175e-09 0.0071927933 1.786565e-09 1.925159e-07 4.3201723e-07 4.293059e-06 2.3316429e-07 1.3666693e-10 1.6819927e-08 0.00012337262 5.171905e-09 1.1556314e-05 0.007823284 1.4377733e-05 1.4679867e-08 0.010992093 9.2419793e-07 4.1437453e-08 3.027584e-08 3.895201e-05 0.001936516 2.3944575e-09
