2.2651925e-18 0.55451685 0.05876754 0.06441811 0.803884 0.01969373 0.07525483 0.69303566 0.014535719 0.4687146 0.59855866 0.039241657 0.8322099 0.83749807 0.5142031 0.6749208 0.9623187 0.48060107 0.9119506 0.16526774 0.21693908 0.87071764 0.8322592 0.9523292 0.90870696 0.92983496 0.9781055 0.64915717 0.9138128 0.8327906 0.6217396 0.0017120092 0.87378025 0.9361483 0.8791474 0.00021912147 0.8256307 0.93703187 0.86822337 0.0013835221 0.9724252 0.0716708 0.72303706 0.8390219 0.89937305 0.94124883 0.9551237 0.7104248 0.7334401 0.87729 0.00350058 0.94987035 0.3106404 0.8985916 0.08890982 0.9480442 0.93840027 0.8891843 0.40856746 0.97468555 0.742031 0.91016805 0.98247033 0.9118194 0.9932686 0.99521023 0.985988 0.9911423 0.98858875 0.51892054 0.9267252 0.0022074492 0.90142685 0.94214237 0.93986595 0.95823854 0.919436 0.10565563 0.9362955 0.9164192 0.99955803 0.56146276 0.9856989 0.7122171 0.0024772326 0.80212927 0.05407997 0.98783565 0.9503729 0.91295236 0.99989337 0.7680072 0.5012884 0.99992603 0.009457792 0.81232244 0.20131287 0.9978632 0.63117796 0.9858105 0.9610188
0.55451685 6.685206e-14 0.9645997 0.8444878 0.9329963 0.30744758 0.5286785 0.007704659 0.013673073 0.43990088 0.47024435 0.019451905 0.81884843 0.63035315 0.65256107 0.122255884 0.23354734 0.0005729052 0.060683336 5.1524792e-05 0.003284795 0.120715775 0.00010044616 0.27012476 0.0964698 0.00033843436 0.20439556 9.926631e-06 0.16688448 0.044603188 1.4857861e-05 9.11481e-06 0.00047433062 0.0005155972 0.0063270056 3.817743e-06 0.009520383 0.009803791 1.4488979e-05 4.0611576e-06 0.057969727 5.7409557e-05 0.0012164944 4.041463e-05 0.00064273586 0.0001514021 0.0034405254 1.4608194e-06 9.710159e-07 0.0009951808 8.3473464e-07 0.006142391 5.0422045e-06 8.3798746e-05 2.8226998e-06 4.0504068e-07 1.0222483e-05 0.0009254527 2.8954435e-07 1.9029138e-05 5.4702923e-06 8.849159e-06 0.0027629544 6.747859e-06 0.001545999 0.003043235 0.005127884 0.010769504 3.600329e-05 4.852226e-07 0.0026492206 1.1963928e-07 9.601212e-06 6.152556e-06 0.0006554599 0.0018518632 4.083534e-05 6.309019e-07 9.090621e-05 9.8393684e-05 0.00045765718 2.3648063e-05 0.0002177495 2.0916745e-05 1.5378193e-06 4.1350886e-06 1.2720193e-07 0.00033546519 0.0013799623 1.6498487e-06 6.5687935e-05 9.256979e-08 6.2296743e-07 0.004741414 3.9545877e-05 0.00018730447 0.000117483854 0.00033786855 4.4511157e-07 3.257531e-05 0.00015221909
0.05876754 0.9645997 1.3688885e-15 0.9988414 0.09484668 0.029172948 0.66093206 0.00047462407 0.063069314 0.013390791 0.018528996 0.037732434 0.30828327 0.034703813 0.34099478 0.02312156 0.0019429331 0.000119739336 0.0008239063 3.9117613e-06 0.004665682 0.0019414783 0.000108689004 0.00660872 0.0019163949 8.960432e-06 0.006922815 7.689918e-06 0.0032717767 0.0008132834 4.2018353e-05 2.6133368e-05 0.00010939833 5.688209e-06 0.0003447038 2.2204178e-05 0.00043562177 0.00042785393 1.2585223e-06 8.860433e-06 0.0012369006 3.6021975e-05 3.317791e-05 3.6011395e-05 5.622098e-05 3.3626835e-05 9.729356e-05 3.9660254e-06 2.9556793e-06 8.301326e-05 3.695563e-07 0.00013220735 1.8225302e-05 1.1302882e-06 7.534945e-07 1.0297192e-06 2.2861755e-06 0.00030065945 1.2174472e-06 1.27315525e-05 4.5172437e-06 3.5423936e-06 0.00015188368 5.775116e-07 9.859319e-05 0.00034161657 0.000271775 0.0005114875 8.4508065e-06 1.3035518e-06 5.854599e-05 4.801319e-07 6.804358e-06 2.2111446e-06 0.00016028076 8.815034e-05 7.9126e-06 2.4848998e-06 7.450401e-05 0.00012193622 0.00015416504 2.4946123e-05 6.422698e-06 2.39536e-05 1.8809251e-07 9.359955e-06 1.20469865e-08 4.8621245e-05 0.00017908069 2.4938618e-06 6.7303777e-06 2.2779897e-08 3.126481e-07 0.0007982463 4.798265e-06 0.0002439784 6.139424e-05 0.0002621138 4.799832e-07 2.2550405e-05 2.8387474e-05
0.06441811 0.8444878 0.9988414 1.0617808e-16 0.035467852 0.012222332 0.82163244 0.0002256145 0.041539654 0.01457259 0.016299551 0.037996713 0.30721974 0.035239898 0.28262734 0.03454208 0.0020820273 4.1479387e-05 0.00037309935 2.2843871e-07 0.003572807 0.0013389412 0.00029889264 0.0049889707 0.0016329729 2.6334303e-06 0.010655847 3.16958e-05 0.0054624625 0.0015418188 0.00010983961 2.9764433e-05 0.00057662127 2.8297882e-06 0.00077392743 5.4997577e-06 0.0003916558 0.00040173152 2.3715806e-06 9.20117e-06 0.00024926424 2.72811e-05 6.4480637e-06 6.809268e-05 1.6951873e-05 3.875659e-05 0.0001008642 7.32059e-06 1.02024105e-05 7.792368e-05 8.966933e-07 0.00029194515 1.7013223e-05 1.7923828e-07 4.0320887e-07 3.5645637e-06 9.1642175e-07 0.0004631886 3.56057e-07 5.7459315e-06 2.6251782e-06 3.133303e-06 0.00012599035 1.1367899e-07 9.9750636e-05 0.00048544825 0.00018071619 0.000553111 2.9621754e-06 1.5981841e-06 0.00012375867 3.6073124e-07 6.9552502e-06 1.7973829e-05 0.00021496775 8.055519e-05 2.3923943e-05 3.606996e-07 4.440372e-05 7.667097e-05 0.000222844 1.6080428e-05 1.3211528e-05 5.3149947e-06 1.7183957e-08 1.7322483e-06 6.447233e-08 6.144063e-05 0.00026235188 2.1365415e-06 1.7661605e-05 1.1509153e-07 1.4042355e-07 0.00090190955 4.0045297e-06 6.4681815e-05 4.724782e-05 0.00023553614 6.953841e-07 8.431285e-06 4.811794e-05
0.803884 0.9329963 0.09484668 0.035467852 8.6947195e-15 0.9579154 0.009641434 0.8430928 0.0006461539 0.31523204 0.5945177 0.003674359 0.1551108 0.3857552 0.005874571 0.0040368736 0.7851677 0.021301921 0.6910161 0.008279367 0.00012986283 0.4239143 0.00010611799 0.5118113 0.32854185 0.0136904055 0.043915987 1.1817335e-06 0.14148712 0.036141 3.323277e-06 6.9155885e-07 0.00028388976 0.00919868 0.0026109219 5.6940706e-08 0.019490208 0.09387718 0.0012375761 4.322782e-08 0.34737074 1.9589233e-05 0.015845673 8.308494e-07 0.0059518428 7.525366e-05 0.0065078065 7.033023e-08 1.648089e-08 0.0010601345 2.0496846e-07 0.021421593 3.2300113e-07 0.0008867915 3.4259043e-07 7.114229e-08 0.0009535407 0.0022496062 8.905654e-06 7.71684e-05 5.826812e-08 4.544385e-05 0.0046718842 0.00014194321 0.0054276655 0.01592154 0.015368708 0.21754107 0.0005778018 3.918901e-06 0.07925589 7.35905e-09 3.338278e-05 2.4899442e-05 0.0010825098 0.023536984 1.2912907e-05 5.4939994e-07 8.4900945e-05 3.704484e-05 0.004433716 7.511713e-07 0.002122786 5.8871365e-06 3.7840056e-07 1.1370761e-07 1.8560337e-09 0.0076274704 0.005992468 3.3001348e-07 0.00016401958 2.0241858e-08 5.7497733e-08 0.07003845 2.8269791e-05 1.8293214e-05 3.733599e-05 0.0009772566 2.0315203e-07 0.00050803996 0.0009492328
0.01969373 0.30744758 0.029172948 0.012222332 0.9579154 2.2369862e-16 0.0009656221 0.9922814 3.7187703e-05 0.004790517 0.0039764657 0.00015924728 0.0008584841 0.00047594056 0.00011309298 5.1994443e-06 0.026798097 0.2674706 0.15272193 0.8406004 0.00024082433 0.00039998943 7.983612e-05 0.00014210911 9.305925e-05 0.09921924 0.00032471732 8.859917e-06 5.202616e-05 1.15719195e-05 0.00016069645 6.490785e-07 6.8079603e-06 0.01026898 0.00010254456 1.6217185e-05 4.5903976e-06 4.367984e-05 0.2885114 2.2635684e-05 0.0037412175 0.0023944753 0.0021960812 0.00015268273 0.0005443738 5.7172972e-05 3.0427807e-06 4.4868757e-06 5.071062e-06 1.7223114e-05 0.00018168407 1.7300204e-05 2.0294561e-05 0.00012440074 0.0013505189 1.4016699e-06 0.0011724613 5.5484285e-05 0.0062541976 1.6017739e-05 8.981876e-07 0.0002729889 3.710509e-05 3.4037025e-06 6.609609e-05 0.00010542591 7.6487006e-05 0.00026034078 0.00012360697 0.00027757516 0.0009770712 0.00066848006 5.6863464e-05 2.0092477e-06 9.622023e-05 0.00044202272 8.06217e-06 0.00012640207 0.00017197238 8.8079076e-05 0.00014324392 1.2623058e-05 2.442877e-05 4.320955e-05 0.029890224 1.3859394e-05 2.4212426e-08 7.943369e-05 0.0002767613 2.8960608e-06 2.0497778e-06 4.766384e-08 5.9523472e-06 0.0007286666 0.0066478006 4.0723993e-05 0.0030239571 0.00018928584 1.9041961e-06 5.909668e-05 5.838797e-05
0.07525483 0.5286785 0.66093206 0.82163244 0.009641434 0.0009656221 7.23614e-15 0.00020460297 0.9917138 0.004565473 0.005142882 0.94525695 0.44461292 0.025623504 0.75923896 0.111969806 0.0003732239 8.472716e-06 2.0286338e-05 1.2984312e-06 0.2070753 0.00028812152 0.002552647 0.0025904453 0.0009942146 4.682895e-06 0.021198701 0.0004807666 0.004213372 0.001762832 0.0010501408 0.0001801688 0.0022572589 2.9813339e-06 0.001394846 0.00011598343 0.0001986832 0.00011121779 2.9968369e-05 0.00014732068 0.00017917463 0.00026648538 5.681069e-06 0.00042545394 3.001336e-05 0.000162793 7.425891e-05 2.9243432e-05 5.525822e-05 7.6649994e-05 1.4069769e-05 0.00020409415 5.605774e-05 1.1845855e-05 1.1207571e-05 1.6038373e-05 2.4060382e-05 0.00014720847 3.8119418e-07 1.5813817e-05 3.471439e-05 1.8710716e-06 0.000134898 6.914316e-07 0.00014033943 0.00032725942 5.8072488e-05 0.00049382594 1.8988547e-05 1.5245122e-06 5.5319644e-05 6.1524684e-06 8.312453e-06 1.014505e-05 0.0004011875 6.373449e-05 3.954301e-05 6.498314e-06 0.0001027272 8.834104e-05 0.00041318996 4.099948e-06 1.34281445e-05 6.080065e-06 3.7825083e-07 4.370026e-07 4.833493e-07 6.0870996e-05 0.0003857881 2.9138214e-06 1.1211996e-05 8.1455397e-07 2.3813564e-07 0.0008146512 1.0760038e-05 7.688741e-05 3.4807606e-05 0.00016366647 1.0100214e-06 1.0707668e-05 1.3956484e-05
0.69303566 0.007704659 0.00047462407 0.0002256145 0.8430928 0.9922814 0.00020460297 9.116191e-16 1.2322329e-06 0.0037674247 0.004132373 6.006646e-06 6.3917825e-05 0.00025020546 2.8752504e-06 1.0021813e-06 0.76363415 0.2725979 0.9050742 0.09956549 1.0110863e-06 0.042372134 4.2286547e-06 0.0022126117 0.003798697 0.46580663 0.00029928828 7.7886035e-08 0.002119982 0.0007647942 5.885708e-07 6.790102e-08 8.445613e-07 0.17585355 4.7399688e-05 1.8101785e-08 0.003070434 0.010078368 0.026839461 9.345701e-08 0.45515105 6.935842e-06 0.113651685 2.121988e-06 0.046559043 2.551257e-06 0.0011059757 2.1222158e-07 6.5221734e-08 2.2135886e-05 2.0127985e-07 0.00037579756 1.1455267e-07 0.0065180515 3.7097226e-07 4.817954e-08 0.011944988 0.0005948171 0.00034132088 7.459293e-07 8.48883e-09 0.0008829401 0.0032582518 0.0025151912 0.006703644 0.0017670678 0.02197958 0.10230257 0.005341716 0.0002685406 0.19169337 6.086571e-09 0.0005271104 2.9378697e-07 0.0002127916 0.07742474 8.466677e-07 7.9535035e-05 0.0005251238 0.00023906714 0.002794834 3.7035566e-06 0.021179782 2.1978649e-05 2.4582066e-06 1.9314807e-06 5.0569593e-08 0.027141336 0.031539097 9.34638e-06 1.6451297e-05 5.8674368e-09 1.306051e-07 0.052680388 8.541127e-05 0.00041984106 0.00018476004 0.0075022634 8.820197e-07 0.0024400633 0.0043425034
0.014535719 0.013673073 0.063069314 0.041539654 0.0006461539 3.7187703e-05 0.9917138 1.2322329e-06 4.994665e-14 4.1730626e-05 0.0001107466 0.9874159 0.025438018 0.00037706667 0.23288952 0.007106063 1.3589656e-07 2.1038217e-07 2.3346267e-07 8.258681e-08 0.43379322 2.550233e-06 0.0012552232 7.969798e-05 2.2500103e-06 6.22938e-08 0.00047352636 8.641543e-05 4.1428193e-05 4.1244825e-06 0.0026350168 0.02407868 1.6860393e-05 3.880331e-08 2.1816864e-05 0.31353304 2.5896756e-07 4.2422425e-06 2.732294e-07 0.0063619143 1.2735584e-05 0.0049194787 3.7431678e-07 4.087512e-05 4.128679e-07 1.8735314e-05 4.168144e-06 4.2043866e-06 8.214152e-06 6.055154e-06 0.0006453591 1.0456095e-05 1.7644348e-05 1.7925513e-06 9.963805e-05 7.427485e-07 2.7513859e-06 1.2895604e-05 4.4709324e-07 2.2292574e-05 4.6391115e-06 4.4509076e-07 1.6725195e-05 6.811775e-07 7.5171847e-06 5.0572762e-05 1.0910301e-05 1.9733237e-05 1.6700378e-05 2.2227889e-07 7.1855525e-06 8.458809e-05 7.7532064e-07 4.7456297e-06 3.5657795e-05 7.265893e-06 2.5268732e-06 1.966042e-06 7.3771557e-06 1.3597668e-05 8.0701444e-05 1.0126254e-06 4.0606155e-06 3.3262545e-06 1.5663863e-06 2.8466312e-07 4.2611111e-07 3.6601887e-06 1.3894504e-05 8.939699e-08 5.9682714e-07 1.1931398e-07 1.6948768e-07 0.0003644421 4.6861114e-06 2.6897183e-05 7.0608453e-06 4.6475384e-06 3.2274723e-08 4.879016e-06 3.1451375e-06
0.4687146 0.43990088 0.013390791 0.01457259 0.31523204 0.004790517 0.004565473 0.0037674247 4.1730626e-05 6.834665e-17 0.99613124 0.0009896308 0.16636315 0.9515396 0.0034735797 0.0065409453 0.22181733 0.00023901425 0.012158067 1.4485359e-05 0.00014356954 0.61217076 0.00047611966 0.56521016 0.27991745 2.724502e-06 0.06045801 2.3610837e-05 0.16654532 0.038451225 3.3374774e-06 1.0823877e-05 0.0024719688 3.0672727e-05 0.0022578908 2.862917e-07 0.031172084 0.06321842 2.3636553e-06 8.458498e-06 0.019814294 1.7931952e-05 0.00017180044 0.00015230244 0.00031780507 0.00014714236 0.022582702 1.2648122e-05 3.3676047e-06 0.0061423965 7.370281e-07 0.018009065 5.4948196e-06 2.3002758e-05 4.845971e-06 2.001404e-05 4.923486e-06 0.012397614 1.5451166e-06 0.00025559549 3.0282788e-05 9.4276953e-07 0.012414623 5.64044e-06 0.016040204 0.015892817 0.0137512125 0.034613088 2.6560201e-05 2.082726e-06 0.00398522 2.9082301e-08 1.3720329e-06 0.00014705287 0.0040111677 0.001848887 0.00013760994 1.1463223e-07 4.1645864e-05 5.258988e-06 0.004777013 3.6581835e-07 0.00017314983 6.638607e-06 3.4497163e-09 4.5591023e-08 5.5027794e-08 0.00041322073 0.0017926362 1.7473694e-07 0.0007514118 2.4457697e-07 5.831218e-07 0.012670174 7.756416e-07 2.1173339e-05 2.9348928e-05 0.00043426524 1.9222713e-07 3.4614088e-05 0.00012794182
0.59855866 0.47024435 0.018528996 0.016299551 0.5945177 0.0039764657 0.005142882 0.004132373 0.0001107466 0.99613124 7.132267e-17 0.00081461854 0.14443888 0.8899833 0.0053628203 0.0029568837 0.23870768 0.00014727123 0.012295224 1.649376e-05 0.00023770037 0.5796065 0.00014763276 0.5446939 0.2866312 1.7272121e-06 0.025827928 1.7066053e-05 0.12013394 0.019694181 6.220653e-06 9.299621e-06 0.00049036066 1.821557e-05 0.0008051602 6.507173e-07 0.024286754 0.100222215 8.250656e-07 2.2503366e-06 0.047771886 3.3655164e-05 0.0001250738 7.3697054e-05 0.00021894582 6.4903834e-05 0.016393727 2.9026219e-06 1.3735881e-06 0.0043737767 1.2900105e-07 0.021666199 7.280189e-06 3.1960117e-05 1.3234952e-06 4.2310303e-06 3.3569527e-06 0.0071384283 3.5674918e-06 0.00015399167 8.319074e-06 1.6005071e-06 0.011886141 2.2805734e-05 0.016189497 0.01750603 0.0147428205 0.048992984 2.8838831e-05 2.1099231e-06 0.0055684443 3.550423e-08 3.722909e-06 4.6413705e-05 0.004218903 0.0028613817 4.3205804e-05 2.2000478e-07 6.0431747e-05 2.574206e-06 0.0049506985 3.4846664e-07 0.00025372545 1.0250286e-05 3.4172603e-09 1.9854548e-08 6.139614e-08 0.0008031889 0.0025695632 1.5038147e-07 0.00025704334 3.3484444e-08 3.4251855e-07 0.021454774 2.3111406e-07 1.6562848e-05 2.9861927e-05 0.00046615297 2.0925701e-07 8.6957836e-05 0.00018580929
0.039241657 0.019451905 0.037732434 0.037996713 0.003674359 0.00015924728 0.94525695 6.006646e-06 0.9874159 0.0009896308 0.00081461854 2.558687e-13 0.26057404 0.002726461 0.92688376 0.20402077 1.5751806e-05 5.9945887e-06 4.0614486e-06 2.178085e-06 0.72701085 3.8997136e-05 0.073900156 0.00043728485 9.7891076e-05 3.905549e-07 0.01136433 0.020964177 0.0014502638 0.00054808357 0.06903633 0.0062866956 0.005967231 1.4545485e-06 0.0016312264 0.0038941524 6.371389e-05 7.357093e-05 1.3571537e-05 0.002006588 4.6273733e-05 0.0203999 1.1152171e-05 0.0010861114 1.1846962e-05 0.00020471658 5.0695846e-05 0.0003121793 0.0007385078 5.9582173e-05 0.00087420776 0.000104654566 0.00035241744 3.7564787e-05 0.000558763 4.2249925e-05 2.6887948e-05 0.00011952473 8.0687585e-07 2.9190964e-05 9.903592e-05 2.5958464e-06 9.919254e-05 2.0131433e-06 0.00011434776 0.00014401166 3.6462512e-05 9.259828e-05 7.285401e-05 3.7316283e-06 7.3687384e-06 0.00017577109 6.580095e-06 2.2020315e-05 0.00015612814 2.6564107e-05 9.7878656e-05 9.302628e-06 4.4512344e-05 5.2208674e-05 0.00016836669 3.0755405e-06 3.2786293e-06 5.7805687e-06 1.1071612e-07 1.0185572e-07 5.515489e-06 7.682836e-06 0.00016084149 7.500872e-06 2.8082623e-06 2.9542282e-06 5.025678e-07 0.00021948059 1.1581911e-05 2.4535984e-05 1.5422938e-05 1.6413202e-05 2.190757e-06 2.3836528e-06 1.4750651e-06
0.8322099 0.81884843 0.30828327 0.30721974 0.1551108 0.0008584841 0.44461292 6.3917825e-05 0.025438018 0.16636315 0.14443888 0.26057404 1.6145455e-15 0.5669928 0.70282805 0.9895337 0.001597382 6.30821e-06 2.0002133e-05 7.5791063e-06 0.17093454 0.0036268495 0.17828555 0.20107332 0.019422209 1.354981e-07 0.88712054 0.01928078 0.5018835 0.2592687 0.042186726 0.003347594 0.4659564 2.0128302e-06 0.46716964 7.701334e-05 0.0031182582 0.0039533717 3.767589e-07 0.0011572314 0.00015797261 0.0014107088 5.9982915e-05 0.0031626339 9.262481e-06 0.0639993 0.004331497 0.0001850628 0.0010887985 0.013818528 4.023099e-06 0.07917845 0.00030366352 2.0196583e-06 8.1582584e-05 6.7377856e-05 3.630841e-07 0.0043066368 1.4628444e-07 0.00944706 5.5816614e-05 1.524031e-06 0.0033689204 5.617997e-07 0.0017034023 0.077979945 0.001357728 0.0032648367 3.908726e-06 8.0325583e-07 0.00040483876 6.599228e-07 9.921099e-07 0.0003019695 0.009979102 0.00021868164 0.0001110407 2.791846e-07 8.794986e-06 5.7590155e-06 0.010054785 7.006054e-07 7.829199e-06 8.6311655e-07 3.009707e-06 1.611929e-07 3.2091923e-06 1.1585933e-05 0.00019183826 2.1030655e-07 0.001047379 2.4434638e-07 1.6008315e-07 0.0027660048 0.00010325553 4.281488e-06 9.06932e-05 1.12169055e-05 2.1300669e-07 2.8006932e-06 1.4641286e-05
0.83749807 0.63035315 0.034703813 0.035239898 0.3857552 0.00047594056 0.025623504 0.00025020546 0.00037706667 0.9515396 0.8899833 0.002726461 0.5669928 3.6294655e-15 0.0358381 0.043578148 0.10439246 2.9882638e-05 0.00080336886 7.889024e-06 0.0011269096 0.83225137 0.0014684047 0.9312477 0.6036499 2.859007e-07 0.54828495 0.00019662388 0.644939 0.40689626 0.00012381273 2.821603e-05 0.056430236 3.6022022e-06 0.043087147 1.1980055e-06 0.060022447 0.21871431 8.0827554e-08 4.623888e-05 0.0035262255 3.0140312e-05 3.475875e-05 0.00025557575 4.1304297e-06 0.00067074195 0.099224605 2.3395525e-05 1.7893599e-05 0.04789123 7.582854e-07 0.10866075 6.9017433e-06 1.9954682e-06 2.4716269e-06 2.5674137e-05 5.865004e-07 0.06703321 3.9293323e-07 0.00079767214 3.8067403e-05 3.8834207e-07 0.047715634 1.0381735e-06 0.04423788 0.09061258 0.020352012 0.060246192 5.600198e-06 2.9590032e-07 0.0032417767 1.6948881e-07 5.8917055e-07 0.0005173033 0.013812059 0.0014634063 0.00047825335 6.097345e-08 7.708406e-06 1.2340874e-06 0.019290587 1.7231885e-07 6.952382e-05 4.2303463e-07 5.8428795e-09 1.7334465e-08 1.0207237e-05 0.00015090723 0.0010920758 2.7890401e-08 0.00076091837 1.0033299e-06 3.2263017e-07 0.011108535 1.7254273e-06 7.212998e-07 0.00014461404 6.0007176e-05 2.136337e-07 5.048922e-06 3.882058e-05
0.5142031 0.65256107 0.34099478 0.28262734 0.005874571 0.00011309298 0.75923896 2.8752504e-06 0.23288952 0.0034735797 0.0053628203 0.92688376 0.70282805 0.0358381 2.0579114e-14 0.8573148 1.9685212e-05 5.247598e-07 4.0459536e-06 1.5585202e-06 0.96518224 4.605897e-05 0.64518327 0.0073215724 0.00018123793 1.5364463e-07 0.2624119 0.16799337 0.030080365 0.01061887 0.4560709 0.17083928 0.10945003 4.066252e-07 0.093219064 0.014186728 1.6908974e-05 3.1573494e-05 5.931811e-06 0.3297144 3.7167876e-05 0.16287246 4.769495e-06 0.0067112814 1.4954318e-06 0.02030571 6.928435e-05 0.0005536295 0.003058936 0.0004958859 0.0062933536 0.0020420065 0.0012450584 7.636335e-06 0.023566555 6.4969725e-05 2.96913e-06 0.00035411544 6.8759465e-07 0.0011942785 0.000100393954 4.2650604e-06 0.00017690488 3.284057e-07 0.000120131546 0.005573325 0.00010628347 0.00014505508 2.2698352e-05 3.6959827e-07 5.532946e-05 0.00084985635 9.709964e-07 7.7874574e-05 0.00087220006 4.3427055e-05 9.3631745e-05 5.269388e-07 2.4219012e-06 1.016249e-05 0.00054831593 2.356725e-06 3.3993103e-06 4.021231e-06 9.1233903e-07 2.6340643e-07 7.16376e-06 4.8499564e-06 8.1919316e-05 1.1805784e-07 0.00014080139 8.891676e-08 6.9974845e-08 0.00035629052 7.6489305e-06 1.8494628e-05 6.0470084e-05 1.0283646e-05 1.468469e-07 8.9422665e-06 1.4583078e-05
0.6749208 0.122255884 0.02312156 0.03454208 0.0040368736 5.1994443e-06 0.111969806 1.0021813e-06 0.007106063 0.0065409453 0.0029568837 0.20402077 0.9895337 0.043578148 0.8573148 1.6518603e-14 2.2665212e-05 4.6026736e-07 1.7191088e-06 2.4307528e-07 0.25684047 0.00026897297 0.8211167 0.022006882 0.001833696 6.821305e-09 0.6871766 0.30700278 0.16044647 0.11780149 0.20926665 0.0012663289 0.6823233 2.492087e-07 0.49936232 0.00011223064 0.00045564125 0.00018260592 3.3812203e-08 0.0014127719 3.6112037e-06 0.010915906 1.3395163e-06 0.045891374 3.7751383e-07 0.104036905 0.0013895001 0.0050528287 0.009201087 0.009848856 0.000110820765 0.019481702 0.002090776 5.3596242e-08 0.0012662619 0.00092280743 1.5326341e-07 0.003508961 1.2592794e-07 0.009327107 0.00086217717 4.6369811e-07 0.0013201629 2.6140457e-08 0.00033930092 0.018273383 0.00019866691 9.188704e-05 6.8354035e-07 7.5451413e-07 1.700843e-06 8.567866e-06 9.634686e-07 0.0014524756 0.008176178 7.165403e-07 0.00064601 2.3797516e-07 2.8932145e-06 5.5969194e-06 0.0053492794 1.1427607e-07 4.5093664e-08 3.3646177e-07 1.7132437e-07 3.625839e-08 0.00011531078 1.6043657e-08 1.0790041e-05 6.8622846e-08 0.0036411604 1.9427903e-06 4.2179202e-08 7.596846e-05 1.00735715e-05 1.5135669e-07 1.004032e-05 4.60008e-07 3.2540765e-08 7.565272e-09 5.9078076e-09
0.9623187 0.23354734 0.0019429331 0.0020820273 0.7851677 0.026798097 0.0003732239 0.76363415 1.3589656e-07 0.22181733 0.23870768 1.5751806e-05 0.001597382 0.10439246 1.9685212e-05 2.2665212e-05 8.205619e-17 0.009220703 0.9753772 0.0006180977 6.130753e-07 0.85938865 8.222754e-07 0.10116864 0.2360754 0.01532285 0.00014255801 4.7529465e-09 0.0029282419 0.00028994074 9.001912e-08 3.5509936e-07 3.8035776e-06 0.042024553 0.00011744767 2.2790883e-09 0.16667704 0.5358026 0.00013164496 9.631667e-08 0.8702388 1.036651e-06 0.016403735 1.3929762e-06 0.009082628 1.1244625e-05 0.06336976 1.2712492e-07 6.454419e-08 0.0014464563 5.4996107e-08 0.053074975 9.633738e-09 0.00071133074 1.2568546e-07 1.0123405e-06 0.0001110135 0.025941378 1.3858237e-06 3.4302426e-05 5.872101e-07 1.2114254e-05 0.068056814 0.00049751066 0.14252411 0.05621723 0.33622965 0.644141 0.0008524938 3.4562792e-05 0.25401056 2.721901e-09 4.878204e-05 3.1526313e-05 0.017297592 0.12713134 2.1612554e-05 4.9821233e-07 0.0003891878 5.886449e-05 0.047547776 3.915096e-07 0.02933753 5.561778e-05 1.8689108e-09 2.0378975e-06 2.5956122e-09 0.041472036 0.11220652 5.4940256e-07 0.00037488106 2.3769672e-08 1.5663976e-07 0.34912026 1.0399563e-06 0.00022126065 3.367096e-05 0.003943226 8.397221e-08 0.0022403626 0.00401568
0.48060107 0.0005729052 0.000119739336 4.1479387e-05 0.021301921 0.2674706 8.472716e-06 0.2725979 2.1038217e-07 0.00023901425 0.00014727123 5.9945887e-06 6.30821e-06 2.9882638e-05 5.247598e-07 4.6026736e-07 0.009220703 9.699656e-16 0.16042055 0.99359334 1.1121292e-06 0.0006405568 8.83651e-06 8.2677485e-05 0.0002987704 0.9452205 3.2488875e-05 1.0541575e-06 0.000100399615 2.5249354e-05 5.77244e-07 3.3389054e-07 2.1097911e-07 0.389897 3.0394353e-05 9.641151e-08 0.0010898176 0.0013190316 0.25040853 6.777096e-07 0.18152095 5.8321242e-05 0.28389147 6.766921e-06 0.21081077 3.3240412e-06 0.00027645714 3.6824196e-07 4.5374347e-07 1.6665408e-05 8.9634784e-07 4.5005272e-05 1.5564439e-06 0.04120911 4.959769e-06 5.815784e-07 0.06508469 0.0002793326 0.0058193738 1.1230943e-06 5.362311e-07 0.034312 0.0008713275 0.0034944112 0.0014308301 0.0004127656 0.0066836183 0.020344825 0.002226437 0.001387015 0.1347107 1.4479094e-08 0.0017012818 9.639731e-07 0.00027041355 0.050312523 2.3153432e-05 0.00027097712 0.0007086913 0.00044101174 0.0009366791 0.00013941298 0.033383492 0.0002062075 1.4033454e-05 5.9652273e-05 1.3651591e-07 0.025849354 0.021194777 3.6944217e-05 7.3021547e-06 3.3786785e-07 3.2118973e-05 0.012997044 0.0002506951 0.00021459801 0.0010277577 0.002880468 1.5579846e-05 0.0008560523 0.0017696429
0.9119506 0.060683336 0.0008239063 0.00037309935 0.6910161 0.15272193 2.0286338e-05 0.9050742 2.3346267e-07 0.012158067 0.012295224 4.0614486e-06 2.0002133e-05 0.00080336886 4.0459536e-06 1.7191088e-06 0.9753772 0.16042055 3.1614745e-16 0.031425506 1.9192179e-07 0.12086127 2.82809e-07 0.0021845454 0.01902505 0.43316337 7.960789e-05 1.7234965e-08 0.00028970416 4.0200903e-05 4.390496e-08 9.224284e-08 4.0849122e-07 0.18505155 3.804178e-05 1.3765806e-08 0.018075507 0.16966572 0.004046764 4.4406153e-08 0.8664906 3.6370685e-07 0.12093364 1.8007e-06 0.09925139 2.6741586e-06 0.0062633837 1.05555024e-07 2.3616082e-07 0.00028517138 5.8989944e-08 0.008911691 4.0924633e-08 0.00873315 1.0236755e-07 1.7912602e-07 0.0029646754 0.0025301843 0.00011070277 2.0174242e-05 3.0474692e-07 0.00017089905 0.026016919 0.0029907841 0.055948127 0.0150694745 0.14523737 0.3894842 0.0029570868 9.215005e-05 0.40263373 1.1713435e-08 0.00025448107 3.2225576e-06 0.0100246295 0.18159384 3.8737394e-06 8.344155e-07 0.00061025645 0.00022891077 0.013467858 1.1358992e-05 0.05994559 0.00013565981 2.991503e-07 1.850119e-05 3.737662e-08 0.06288874 0.0969187 5.7511447e-06 5.1729807e-05 7.698858e-09 2.5114543e-06 0.24997328 3.2886878e-06 0.00024073776 8.15437e-05 0.00818508 3.1584318e-06 0.003162821 0.004653542
0.16526774 5.1524792e-05 3.9117613e-06 2.2843871e-07 0.008279367 0.8406004 1.2984312e-06 0.09956549 8.258681e-08 1.4485359e-05 1.649376e-05 2.178085e-06 7.5791063e-06 7.889024e-06 1.5585202e-06 2.4307528e-07 0.0006180977 0.99359334 0.031425506 3.615012e-15 1.6467873e-05 3.824166e-05 6.1125385e-05 1.3604893e-05 3.344438e-05 0.6501216 1.6873695e-05 1.4551978e-06 9.207788e-06 2.9070934e-06 1.9817651e-05 2.1248017e-07 2.0103892e-07 0.14473827 1.5663738e-05 1.9623535e-08 4.231303e-05 0.0002426768 0.9347482 4.4354456e-07 0.008289366 0.0004264339 0.06095506 2.4078285e-05 0.022452464 2.3393884e-06 2.9886942e-05 1.9881873e-06 6.5538325e-07 1.2444137e-05 2.6276336e-07 4.800887e-06 1.4582551e-05 0.01025478 4.833539e-05 1.0010857e-06 0.0736952 8.248265e-05 0.021717366 1.6662792e-06 6.168604e-07 0.1952115 0.0001199509 0.00083849864 0.00024235023 3.557132e-05 0.0006360112 0.0026881106 0.0017117587 0.00668937 0.026179885 7.2761037e-09 0.00584947 3.8143878e-06 9.0084344e-05 0.010956373 2.6017437e-05 0.00089424674 0.001212805 0.00035556633 0.000104125735 8.262357e-05 0.006425704 0.0001625186 0.0002167482 2.2789516e-05 1.4768921e-08 0.0044300454 0.002567415 3.471485e-05 4.041033e-06 4.8952163e-08 2.1182184e-05 0.0032585457 0.00025874528 0.00024151248 0.0008048289 0.0010396267 7.733361e-06 0.00048154595 0.0009999641
0.21693908 0.003284795 0.004665682 0.003572807 0.00012986283 0.00024082433 0.2070753 1.0110863e-06 0.43379322 0.00014356954 0.00023770037 0.72701085 0.17093454 0.0011269096 0.96518224 0.25684047 6.130753e-07 1.1121292e-06 1.9192179e-07 1.6467873e-05 1.3996814e-11 2.226717e-06 0.6414443 0.0012442708 2.7915616e-05 3.5613628e-08 0.1585273 0.43449593 0.008836249 0.0038459683 0.9130866 0.92781556 0.038060922 1.9122459e-07 0.14050063 0.06522809 1.2930522e-06 8.516235e-06 1.2921777e-05 0.8345301 7.646297e-06 0.6119704 1.9875292e-06 0.05224722 2.982154e-07 0.03773018 2.1102602e-05 0.0018493428 0.039517097 6.1451945e-05 0.1506756 0.0013481176 0.018353468 1.8239151e-06 0.22645186 7.4564494e-05 2.9858154e-06 4.2405863e-05 5.132923e-06 0.0023407242 0.00011411702 3.7663299e-06 2.2014794e-05 3.1845505e-07 1.2791248e-05 0.004373735 3.4771743e-05 0.00014609116 1.129264e-05 9.509791e-06 8.496834e-05 0.0014533069 4.298508e-06 6.880814e-05 0.00020498129 8.458483e-06 4.6435176e-05 3.762297e-05 1.0039324e-05 2.0346459e-05 0.00040472735 4.576724e-06 2.2894078e-07 2.3148982e-06 2.853121e-05 2.8307073e-07 9.773376e-06 2.775324e-07 6.0775083e-06 3.2433863e-07 5.233352e-06 6.124278e-07 6.787037e-07 0.0009933512 0.00036240811 1.8476495e-06 0.00050787936 1.2541097e-06 2.1933546e-07 4.937025e-07 3.2968163e-07
0.87071764 0.120715775 0.0019414783 0.0013389412 0.4239143 0.00039998943 0.00028812152 0.042372134 2.550233e-06 0.61217076 0.5796065 3.8997136e-05 0.0036268495 0.83225137 4.605897e-05 0.00026897297 0.85938865 0.0006405568 0.12086127 3.824166e-05 2.226717e-06 2.7929614e-17 6.434254e-06 0.8814345 0.9687692 6.754294e-05 0.0028487414 3.489119e-07 0.047884677 0.005525624 4.959596e-07 1.562166e-08 4.5581877e-05 0.00025172287 0.00017147127 1.6047421e-08 0.49639064 0.779717 3.7755976e-06 2.8328907e-08 0.1867562 8.3073604e-07 0.00043527066 3.058071e-06 0.00024583237 8.797881e-06 0.19372194 4.189201e-08 7.2687556e-08 0.006065636 1.1175316e-07 0.028381556 7.6366297e-07 0.000118597185 2.5804084e-07 6.032522e-07 2.9229937e-05 0.018661063 1.1600648e-07 4.1550695e-05 2.1992603e-06 4.3793316e-06 0.04884504 4.1329815e-05 0.08006172 0.025188003 0.0639801 0.16223371 3.7219703e-05 4.045859e-07 0.013663921 9.779071e-08 2.7527294e-06 1.5016809e-05 0.005857671 0.005787097 5.521665e-05 4.9360853e-08 2.855446e-05 3.936889e-06 0.008599714 1.5361607e-07 0.000286547 7.635075e-06 2.494102e-08 5.324167e-08 2.1640798e-08 0.0011659928 0.005913612 1.8219218e-07 0.00018803828 3.328298e-08 7.476336e-07 0.048871778 9.4283695e-07 1.5308111e-05 6.83604e-06 0.00021487202 7.586388e-08 0.00011436084 0.0002060182
0.8322592 0.00010044616 0.000108689004 0.00029889264 0.00010611799 7.983612e-05 0.002552647 4.2286547e-06 0.0012552232 0.00047611966 0.00014763276 0.073900156 0.17828555 0.0014684047 0.64518327 0.8211167 8.222754e-07 8.83651e-06 2.82809e-07 6.1125385e-05 0.6414443 6.434254e-06 4.3528257e-15 0.0017013712 3.770515e-05 4.4658503e-08 0.34722573 0.9931218 0.023697356 0.040398866 0.7981577 0.0008127294 0.651622 3.4252278e-07 0.58032465 1.88759e-05 6.7990615e-05 6.8950317e-06 1.1641989e-05 0.0020010453 1.3577886e-06 0.14993002 7.66034e-06 0.69743675 1.2173648e-06 0.42532483 0.000108889246 0.06782137 0.06450286 0.0043696677 0.00026330937 0.014673046 0.017826978 3.2929781e-06 0.015107457 0.008853139 1.9149368e-06 0.002357004 3.0891708e-06 0.028719876 0.0034002701 4.264375e-07 0.0010997507 5.97337e-08 0.00032023256 0.021417085 0.00023158744 7.302033e-05 7.9645696e-07 2.795399e-06 2.5280075e-05 3.8351005e-05 3.8034992e-07 0.0008828003 0.011167084 1.9793513e-05 0.0006211495 2.5002394e-06 6.3339508e-06 1.2337968e-06 0.006198095 2.9654302e-07 2.4319086e-06 2.9312005e-07 7.943092e-06 4.728417e-08 1.5288255e-05 1.6531712e-05 0.00020489255 1.2007793e-06 0.0015154135 3.321273e-07 3.8704727e-07 0.0005263594 4.2217744e-05 9.795186e-07 1.04069795e-05 9.22549e-06 2.0608993e-06 2.8541797e-07 2.2969691e-06
0.9523292 0.27012476 0.00660872 0.0049889707 0.5118113 0.00014210911 0.0025904453 0.0022126117 7.969798e-05 0.56521016 0.5446939 0.00043728485 0.20107332 0.9312477 0.0073215724 0.022006882 0.10116864 8.2677485e-05 0.0021845454 1.3604893e-05 0.0012442708 0.8814345 0.0017013712 1.8472772e-14 0.9605448 7.807502e-06 0.45439434 0.00039464745 0.7875955 0.34865144 0.0009471051 1.6104124e-05 0.009040504 1.838449e-05 0.013793268 3.220579e-06 0.4882573 0.42601755 1.5955936e-06 3.7250436e-06 0.0034243139 1.8290004e-05 2.8536546e-05 0.00037441464 3.4154118e-06 4.7143625e-05 0.66971225 4.0401643e-05 9.57127e-06 0.26661575 8.83691e-07 0.31015265 8.085509e-06 2.5530397e-05 1.0712105e-06 6.3470274e-05 4.580261e-06 0.18093571 5.390028e-07 0.00025676106 9.445307e-05 2.1153305e-06 0.12157893 3.4772884e-06 0.1316751 0.13646306 0.03632114 0.045497693 3.6027761e-06 3.113161e-07 0.0033250086 3.092704e-07 4.876329e-07 0.00016764601 0.035988655 0.0010654872 0.00036774014 8.050123e-08 4.724798e-06 6.286299e-07 0.04343683 1.2814244e-08 4.3554384e-05 4.2239486e-07 2.1820652e-07 1.3403998e-09 7.423151e-07 0.00012719727 0.0029906002 5.5427975e-08 0.001933486 1.821915e-07 3.0706622e-07 0.020049363 7.3088324e-07 5.898171e-07 1.068707e-05 1.7365264e-05 1.0469279e-08 1.0102968e-06 4.7802737e-06
0.90870696 0.0964698 0.0019163949 0.0016329729 0.32854185 9.305925e-05 0.0009942146 0.003798697 2.2500103e-06 0.27991745 0.2866312 9.7891076e-05 0.019422209 0.6036499 0.00018123793 0.001833696 0.2360754 0.0002987704 0.01902505 3.344438e-05 2.7915616e-05 0.9687692 3.770515e-05 0.9605448 9.752712e-16 3.4193436e-05 0.017739823 5.474692e-06 0.16557275 0.012130769 6.7641727e-06 4.1409425e-07 8.065035e-05 6.9945854e-05 0.00029744388 1.14746086e-07 0.6526379 0.7168545 2.3537218e-06 4.4159881e-07 0.049200114 1.4558196e-06 0.00012765688 5.1448933e-05 3.5912348e-05 5.863156e-06 0.4527926 1.5593499e-06 1.0087016e-06 0.019715603 8.122474e-08 0.09443288 6.715205e-07 8.562691e-05 1.6598473e-07 4.500469e-06 8.025755e-06 0.07516569 6.3681813e-07 2.6539768e-05 1.4630985e-05 3.7496116e-06 0.09523037 2.5359397e-05 0.15663439 0.047524292 0.07657882 0.08937497 1.5763046e-05 5.609186e-07 0.009900646 2.3852465e-08 3.3411557e-06 3.4996534e-05 0.011206097 0.0030938694 0.00011781586 7.061424e-08 1.6904862e-05 2.3585867e-06 0.017036881 8.046025e-08 0.00022888937 3.4492905e-06 1.3038675e-08 2.885741e-08 2.3693008e-07 0.00047197408 0.0054949853 1.15003104e-07 0.00044645419 1.3768118e-08 2.4865463e-07 0.032993037 8.6652314e-08 4.9980445e-06 2.3395692e-06 0.0002070369 5.7086424e-08 5.3376574e-05 6.890868e-05
0.92983496 0.00033843436 8.960432e-06 2.6334303e-06 0.0136904055 0.09921924 4.682895e-06 0.46580663 6.22938e-08 2.724502e-06 1.7272121e-06 3.905549e-07 1.354981e-07 2.859007e-07 1.5364463e-07 6.821305e-09 0.01532285 0.9452205 0.43316337 0.6501216 3.5613628e-08 6.754294e-05 4.4658503e-08 7.807502e-06 3.4193436e-05 2.915644e-16 1.3335906e-06 6.130211e-10 2.022514e-05 1.1417906e-06 2.1750788e-08 1.4794775e-08 2.767429e-09 0.9672569 3.0566903e-07 1.4291396e-08 0.00022688322 0.0012964283 0.54486835 6.367479e-08 0.7563106 7.348461e-07 0.4529795 1.9837844e-07 0.5653771 1.2708297e-07 0.00018695879 2.0724212e-08 9.235846e-09 1.1822267e-05 2.0574812e-07 0.00010299796 1.5617825e-07 0.33080867 7.719419e-08 3.1100992e-08 0.40648225 0.00017126027 0.022191936 1.108577e-07 3.7495003e-08 0.10580968 0.0015350288 0.05300872 0.0083454335 0.0010431289 0.027745351 0.16136362 0.04317859 0.003528683 0.6522082 8.167402e-08 0.009795398 7.173583e-08 0.00029211838 0.27731603 2.0356056e-06 0.00018230804 0.0015468505 0.00035366975 0.0027208517 4.4208005e-05 0.231495 0.00026456313 2.129283e-05 2.7088965e-05 4.801578e-08 0.20213416 0.10815812 1.7025672e-05 2.4352346e-06 5.18988e-09 6.7296264e-06 0.15401156 9.705428e-05 0.00046056666 0.0018410818 0.03711477 2.6138166e-06 0.0077466625 0.010516995
0.9781055 0.20439556 0.006922815 0.010655847 0.043915987 0.00032471732 0.021198701 0.00029928828 0.00047352636 0.06045801 0.025827928 0.01136433 0.88712054 0.54828495 0.2624119 0.6871766 0.00014255801 3.2488875e-05 7.960789e-05 1.6873695e-05 0.1585273 0.0028487414 0.34722573 0.45439434 0.017739823 1.3335906e-06 4.0249187e-13 0.11264487 0.89130217 0.9439823 0.14452077 0.00024115918 0.8639764 2.7457424e-06 0.70363605 1.0376564e-05 0.004961996 0.0030711484 5.0813657e-07 0.00025645568 0.0002871491 0.006857467 1.21278e-05 0.022851674 5.8774117e-07 0.077149 0.022839429 0.00977348 0.004727406 0.5140075 2.5028097e-05 0.5484091 0.00030616924 1.7695263e-06 0.00091606186 0.0047604684 5.707377e-07 0.0834735 2.1582948e-06 0.031855237 0.0009510844 1.9297001e-06 0.02410797 7.4784185e-07 0.018780462 0.2887492 0.0046728756 0.0098297605 1.2686472e-06 1.3636321e-06 0.0008976371 5.0233857e-06 1.6711499e-07 0.0031496552 0.13297215 0.00010824256 0.0007532294 1.6333387e-06 6.592761e-07 1.8457817e-07 0.11982232 1.9957135e-08 3.8836006e-06 6.329168e-08 1.3606465e-05 1.0199093e-09 4.8652e-05 1.7463841e-06 0.0003406575 5.096311e-08 0.014635843 3.5404519e-06 8.570962e-08 0.0035588762 3.2545172e-06 2.1915989e-08 0.00014169625 6.045645e-06 1.4862288e-08 8.7669065e-08 4.6834842e-08
0.64915717 9.926631e-06 7.689918e-06 3.16958e-05 1.1817335e-06 8.859917e-06 0.0004807666 7.7886035e-08 8.641543e-05 2.3610837e-05 1.7066053e-05 0.020964177 0.01928078 0.00019662388 0.16799337 0.30700278 4.7529465e-09 1.0541575e-06 1.7234965e-08 1.4551978e-06 0.43449593 3.489119e-07 0.9931218 0.00039464745 5.474692e-06 6.130211e-10 0.11264487 1.4022874e-14 0.005932153 0.006713804 0.93121547 0.00073041394 0.2641206 5.885e-09 0.34584445 1.2360809e-05 1.8181078e-06 1.0660649e-06 2.7383615e-07 0.0067142006 3.5128227e-08 0.3517692 1.1451346e-07 0.89265096 4.0819778e-08 0.30632794 3.3826058e-05 0.14115342 0.16493556 0.0007118794 0.0019503414 0.0048417985 0.52585876 3.2979653e-08 0.1550632 0.021467606 8.025195e-08 0.0003547051 2.477362e-07 0.029771667 0.023620896 6.186021e-08 9.361361e-05 2.7875762e-09 1.9973313e-05 0.0075328765 8.846679e-06 1.2809957e-06 1.9596428e-07 2.827661e-07 1.06403796e-07 7.5867814e-05 1.0386142e-08 0.0043498 0.0034646208 1.4382903e-07 0.0014694028 3.502077e-07 4.7683054e-07 2.4135554e-07 0.0033219387 1.3844749e-08 9.883814e-09 3.4115246e-08 4.7329786e-06 1.7822834e-09 0.00017266307 3.6136942e-08 3.9195284e-06 9.022694e-08 0.0013482718 6.5205754e-06 4.6405887e-08 0.00014185645 1.4622768e-05 2.7580995e-07 5.8189544e-06 1.6502878e-06 1.3975096e-08 3.658545e-08 6.891399e-09
0.9138128 0.16688448 0.0032717767 0.0054624625 0.14148712 5.202616e-05 0.004213372 0.002119982 4.1428193e-05 0.16654532 0.12013394 0.0014502638 0.5018835 0.644939 0.030080365 0.16044647 0.0029282419 0.000100399615 0.00028970416 9.207788e-06 0.008836249 0.047884677 0.023697356 0.7875955 0.16557275 2.022514e-05 0.89130217 0.005932153 3.175129e-14 0.9837417 0.012024354 4.8675345e-05 0.26609385 1.1371293e-05 0.27646494 2.8467841e-06 0.03091864 0.02714504 1.1559065e-06 3.167827e-05 0.0004918275 0.00036385623 2.131703e-05 0.0029867394 8.734636e-06 0.017430032 0.27334443 0.0013189693 0.0005376262 0.7383543 5.762716e-07 0.5362802 9.7610944e-05 1.4277195e-05 9.542061e-06 0.0005482326 2.4903657e-06 0.38029757 9.353088e-07 0.0072417795 0.00050342607 1.30805e-06 0.076660916 2.768653e-06 0.037707575 0.24953248 0.017805781 0.011138327 2.5924544e-06 3.0500948e-07 0.0015436447 3.2826605e-07 4.80383e-07 0.0005627962 0.25431654 0.00054991315 0.0003090241 1.8982915e-07 5.208993e-06 4.3283663e-07 0.08447645 3.557052e-08 7.338201e-05 5.68844e-07 1.0050163e-06 7.244972e-09 5.7639e-06 0.00011050615 0.0015715404 2.617593e-08 0.008483312 1.0137221e-06 1.3526456e-07 0.009397714 3.1979523e-06 2.480865e-06 2.0471529e-05 7.161591e-05 1.5093715e-08 1.8201124e-05 2.8448861e-05
0.8327906 0.044603188 0.0008132834 0.0015418188 0.036141 1.15719195e-05 0.001762832 0.0007647942 4.1244825e-06 0.038451225 0.019694181 0.00054808357 0.2592687 0.40689626 0.01061887 0.11780149 0.00028994074 2.5249354e-05 4.0200903e-05 2.9070934e-06 0.0038459683 0.005525624 0.040398866 0.34865144 0.012130769 1.1417906e-06 0.9439823 0.006713804 0.9837417 2.505603e-15 0.009254059 4.705976e-05 0.5376001 8.151609e-07 0.46409303 6.595063e-07 0.012080099 0.0028864518 3.8055785e-07 1.8761079e-05 6.841059e-05 0.00015447557 7.477752e-06 0.0071423 5.5632154e-07 0.11537051 0.09682964 0.005186836 0.0010541897 0.81618136 5.4596995e-07 0.432167 7.497271e-05 1.1560851e-06 8.53723e-06 0.003218039 3.7108376e-07 0.3806586 8.99021e-08 0.029059662 0.0013511038 1.10378544e-07 0.053753827 2.214408e-07 0.0166593 0.2087259 0.010076619 0.0023101128 5.3992574e-07 1.5701636e-07 0.0006087393 6.788173e-08 7.184771e-08 0.0036608558 0.2999461 0.00010431319 0.0010038243 4.1140794e-08 1.4061151e-06 1.5615664e-07 0.084916726 3.900609e-09 1.7783701e-05 8.829871e-08 7.525856e-08 7.2278816e-10 2.0062293e-05 1.3016729e-05 0.000998866 1.5519164e-09 0.011364946 3.139471e-06 1.3641264e-08 0.0022303695 4.357055e-07 2.0983076e-07 3.0432973e-06 2.322112e-05 5.777052e-10 2.1039755e-06 1.4967045e-06
