2.2583396e-20 0.6675931 0.3538379 0.88329077 0.89556277 0.5101478 0.017361639 0.2043056 0.95367455 0.013616234 0.8975324 0.88050103 0.9001032 0.8569986 0.01530842 0.013981258 0.68313915 0.9265856 0.22177166 0.0034709277 0.00095979805 0.44160563 0.93905526 0.0040860525 0.9017299 0.89926773 0.9672975 0.7288338 0.9450872 0.9092589 0.3815603 0.022664927 0.9202024 0.82650834 0.95638895 0.9853719 0.921113 0.004341615 0.9609831 0.8027411 0.7469707 0.007621399 0.99702084 0.99878037 0.996461 0.8977301 0.88506585 0.81220627 0.5537177 0.97607064 0.89840347 0.8517109 0.05217502 0.96812445 0.48100552 0.04889132 0.99994344 0.4628538 0.8533687 0.9806885 0.50796866 0.756742 0.3645763 0.99853235 0.89586467 0.0003679066 0.94902176 0.7640554 0.00086194364 0.9669513 0.97868794 0.8256604 0.08708362 0.802435 0.95675826 0.7172819 0.0017665892 0.9260421 0.9740386 0.9848754 0.9999617 0.49732983 0.0011632056 0.6809169 0.9788494 0.9971175 0.89338475 0.93395716 0.0011304284 0.81276095 0.0022211287 0.10978152 0.84508455 0.14395137 0.9982316 0.68890667 0.035562184 0.9829219 0.0501463 0.21053304 0.9999986
0.6675931 3.0482823e-15 0.21015725 0.030945897 0.90682703 0.9845784 0.07754377 0.79095376 0.4707026 0.018060448 0.51596785 0.0073652156 0.81485903 0.0029789978 0.028514827 0.05635962 0.00041690868 0.032230522 0.21040748 0.009303654 0.0012330252 0.17275785 0.15682012 0.0080523705 1.6754155e-05 0.0002794802 0.02332431 0.008570866 0.37210625 0.0045949724 3.5530396e-05 0.00027860922 5.776422e-05 0.0029501487 0.021403423 0.0038179206 2.685412e-05 0.001773737 8.3310995e-05 0.0007020679 0.00079162006 3.3954664e-05 0.043755624 0.009741743 0.028942168 2.6912012e-05 0.00016979907 5.1432056e-05 0.00014374257 1.1131075e-06 0.00041803802 1.6509483e-05 3.8153976e-05 0.00072035287 7.557659e-05 3.877644e-05 0.13182862 1.3428348e-05 2.247557e-06 3.7448823e-05 2.704093e-05 2.061157e-06 1.1835099e-06 0.0007852092 7.630286e-06 4.582415e-06 0.00027573438 2.0802288e-06 1.6871378e-05 0.012254592 0.00045387849 1.2294901e-05 0.00010866434 2.1700052e-06 2.6831453e-06 0.00010565761 2.2313088e-06 1.4524582e-06 3.0175315e-05 0.0006411441 0.0058898185 1.302875e-05 7.651549e-06 1.7736927e-06 3.538592e-06 0.000295522 5.049866e-06 2.3527266e-05 5.999324e-06 3.3563347e-06 3.5101405e-06 2.536074e-06 3.1975649e-06 5.5180226e-07 0.0032139793 2.2188111e-07 1.0180543e-05 9.746072e-07 3.4656052e-06 2.6632833e-06 0.005042111
0.3538379 0.21015725 1.5104439e-14 0.9596336 0.22417101 0.040044226 0.96419126 0.113770135 0.27495995 0.9206662 0.0007031444 0.3119028 0.0012079775 0.27236298 0.6447929 0.14733143 0.2741023 0.48589638 0.00017680251 0.038825393 0.017697005 0.0004162349 0.00037861068 0.00023653668 0.0014666029 0.00556644 0.0293075 1.8449742e-05 0.011193365 0.0071930126 0.0009785874 0.695091 0.0007795743 6.5517797e-06 0.00030807362 4.2043364e-05 0.00030453442 0.00017273653 0.00046637602 3.8281632e-06 0.0015944218 0.029347345 0.023174822 0.023465756 0.0005848341 7.477278e-05 0.00039086948 1.1121425e-05 3.465432e-05 3.1400592e-07 0.00052767154 6.8850415e-05 0.00012052871 0.0005864694 3.1531035e-05 9.647714e-07 0.013454095 3.9271877e-06 1.801266e-07 2.6516632e-06 0.000107576 3.917157e-07 2.8710622e-07 0.0006590046 2.9036312e-07 2.711981e-06 4.4160683e-05 5.5762907e-06 7.7967303e-07 0.00038594485 0.0002888371 2.1875305e-05 2.1648138e-05 7.333151e-05 3.5089775e-05 4.500165e-06 1.8759236e-05 6.6072005e-07 1.5679625e-05 1.8620369e-05 0.0001641684 3.4847697e-05 0.0004517061 4.408396e-06 6.0931075e-06 2.4277401e-06 1.2063387e-05 2.0123744e-05 1.0870383e-06 3.2744829e-06 6.59813e-06 8.7832126e-07 4.920149e-06 2.1513497e-07 0.0015465564 3.2078535e-07 1.1197699e-05 1.0373344e-06 8.787969e-06 2.0972304e-06 0.0032760242
0.88329077 0.030945897 0.9596336 6.365335e-14 0.11128377 0.0031614488 0.61462486 0.0072892 0.3405306 0.45862433 6.872997e-05 0.9597946 0.00022825939 0.75903744 0.02600279 0.00095011486 0.8897032 0.8551245 1.0893145e-05 0.00013445053 0.00033945 3.6070272e-05 0.00020352464 5.810509e-06 0.033766452 0.043923266 0.13263375 4.2913435e-08 0.01261209 0.06598997 0.007908094 0.50335705 0.005040316 6.8100866e-07 0.00014774376 8.18447e-06 0.00052286877 3.247388e-05 0.0011247114 8.0185515e-07 0.012890164 0.045249555 0.03987947 0.24398455 0.00058434624 0.00019474985 0.00027675735 8.1251585e-07 7.7278755e-06 3.157878e-08 0.00025182634 1.5005729e-05 0.00014708484 0.0012533548 8.6877385e-08 3.205911e-07 0.041471057 9.0508756e-08 4.386445e-08 1.4011528e-06 2.443012e-05 2.914088e-08 2.6635245e-08 0.0036245722 6.349021e-08 5.201507e-08 0.00017060887 2.327463e-06 1.8413581e-07 0.0005992317 0.0020002553 1.6691295e-06 3.3118384e-05 1.3395547e-06 3.887328e-06 6.1532664e-06 5.7631115e-07 2.0516012e-07 2.4132228e-06 7.973652e-05 0.0007347193 2.0760957e-05 2.5846375e-05 1.5312835e-06 9.10892e-06 3.0314342e-05 8.487669e-06 1.1077643e-05 1.5054691e-07 9.487983e-07 1.909629e-07 1.9597912e-06 7.389626e-06 9.960484e-08 0.0049734204 7.96124e-08 1.9405163e-06 3.9154168e-07 7.933102e-07 4.3552222e-07 0.009382438
0.89556277 0.90682703 0.22417101 0.11128377 1.7870173e-14 0.5394444 0.062086597 0.37901846 0.9832948 0.016963795 0.31417355 0.038105447 0.63205653 0.009232264 0.017840974 0.023991244 0.0008155825 0.13097376 0.08092426 0.0034711545 0.0011832842 0.029658819 0.15669793 0.0021840048 3.616772e-05 0.0005188166 0.14949 0.0030009511 0.79197305 0.02205405 4.9743045e-05 0.002099737 0.00012197645 0.0012567834 0.044557106 0.0031404712 1.96207e-05 0.000800175 0.00017045859 0.00031512656 0.0014909137 1.3195109e-05 0.18975207 0.033018667 0.07282732 3.4483386e-05 0.00022007877 1.0174631e-05 0.00011267098 4.1274703e-07 0.00024500175 9.593578e-06 1.4322158e-05 0.00181288 1.8310251e-05 5.4495868e-05 0.40067795 2.1722392e-06 4.9562817e-07 1.0857954e-05 3.2622254e-05 1.3906401e-06 1.4192099e-06 0.0026765356 2.2269783e-06 1.1202319e-06 6.572009e-05 1.5883442e-06 1.6915958e-05 0.02407439 0.00089103397 1.9801073e-06 4.1559495e-05 2.4298295e-06 3.3127812e-06 2.4386964e-05 2.7947954e-07 1.967143e-06 4.7194167e-06 0.00092587416 0.009302917 3.12242e-05 4.1952508e-06 1.9819947e-06 1.7972981e-06 0.00032925513 2.5110567e-06 1.2492085e-06 2.6979134e-07 5.2953947e-06 6.0777427e-07 1.2468803e-06 5.2526225e-06 1.4811668e-07 0.004225291 4.1269292e-08 4.977401e-06 1.0198285e-07 1.305561e-06 2.9899056e-07 0.012794751
0.5101478 0.9845784 0.040044226 0.0031614488 0.5394444 3.917911e-15 0.024100492 0.86949646 0.21163285 0.0032495102 0.9543789 0.00083095406 0.8769085 0.0004801927 0.017501999 0.13172491 5.891908e-05 0.0045702364 0.5722751 0.011518812 0.00075184007 0.5250161 0.33876467 0.026459718 1.9404526e-05 0.00020230954 0.007037566 0.030841004 0.24940366 0.0012521123 1.6323538e-05 2.1102138e-05 1.7565504e-05 0.0055522337 0.02722166 0.0056972164 1.4656751e-05 0.0044545177 2.4391777e-05 0.0014904211 0.00029919867 7.4118716e-06 0.019375024 0.0028249135 0.028710974 2.3772178e-05 4.620547e-05 0.00012837094 0.00040153528 7.5436915e-06 0.0002133632 6.9960697e-06 6.746164e-05 0.0005123194 0.0001485811 0.0003918923 0.06586462 5.2211162e-05 5.1521724e-06 0.0001546678 4.580392e-06 8.8949e-06 2.228495e-06 0.00036813226 2.572021e-05 4.1029267e-05 0.00012788193 1.0111143e-06 5.5106968e-05 0.0116446875 0.00034161282 8.50117e-05 6.31233e-05 1.538026e-06 1.7400799e-06 0.00015427903 5.8375076e-06 1.1219574e-06 7.867071e-06 0.00051085255 0.007829017 7.1315108e-06 2.2403485e-05 7.3572437e-06 1.38021105e-05 0.00038355472 8.364053e-06 9.592142e-06 1.076632e-05 6.2719364e-06 8.98547e-06 1.5880715e-06 1.0475701e-06 4.150663e-06 0.0013292165 2.879866e-06 9.990862e-06 1.655432e-07 3.4650138e-06 1.481306e-06 0.0044443337
0.017361639 0.07754377 0.96419126 0.61462486 0.062086597 0.024100492 7.2622724e-15 0.13721326 0.07320371 0.9922279 0.0012342223 0.05541245 0.0013792487 0.037316192 0.726768 0.1462796 0.026948677 0.07635961 0.0009953735 0.007320668 0.015125605 0.00030189235 0.00043969628 9.645075e-05 0.00042995418 0.0010856522 0.003230264 1.0268494e-05 0.0023232861 0.0025071471 0.00031309406 0.41943306 0.0003855751 5.6754216e-06 0.00016289738 1.148697e-05 8.3205e-05 0.00019429794 9.089234e-05 8.3525543e-07 0.0012181202 0.0060330806 0.0033721286 0.0018722669 0.0002829678 4.934521e-05 7.1417584e-05 1.3625513e-05 5.4228818e-05 8.5254123e-07 0.00026158366 2.0916706e-05 0.0001265263 0.00014373024 3.4826535e-05 4.1730905e-07 0.0016577094 1.5763422e-05 2.4987398e-06 2.3748735e-06 2.4093677e-05 2.1376533e-07 3.796152e-08 5.556705e-05 1.2513345e-06 4.143489e-06 1.4592706e-05 3.6549147e-06 9.822844e-06 0.00025162686 3.4529887e-05 4.273287e-05 5.4075954e-05 7.2211647e-06 2.3339421e-06 5.958379e-06 2.4900382e-06 6.335419e-06 1.1306833e-05 1.6162607e-05 0.00015817581 1.0354253e-05 1.0670908e-05 3.4132138e-06 1.4547026e-06 1.7257977e-06 7.836446e-06 5.7486148e-05 2.6352996e-06 1.8359041e-06 7.3158475e-07 1.3799115e-06 1.9101544e-06 8.555246e-07 0.00042542067 1.1214686e-06 1.0443064e-06 5.89184e-07 2.4715678e-06 1.614573e-06 0.0007122841
0.2043056 0.79095376 0.113770135 0.0072892 0.37901846 0.86949646 0.13721326 2.2835119e-14 0.105803244 0.07281774 0.803959 0.000874014 0.40706474 0.0010462268 0.5890852 0.97614247 3.2844862e-05 0.010318664 0.94087654 0.40051827 0.07138572 0.2741665 0.024823278 0.15978734 1.1134822e-06 2.4341049e-05 0.00095950154 0.0018300135 0.03334755 0.0003035975 1.1430915e-06 0.00031838962 3.356322e-06 0.00028081957 0.0014066865 0.0038619558 5.667503e-06 0.036334906 2.2968288e-06 4.209705e-05 3.210899e-05 2.049709e-06 0.004071485 0.00019996976 0.0007118475 6.753995e-06 4.81715e-06 3.312794e-06 2.8421173e-05 7.727524e-07 1.892937e-05 1.9127924e-06 1.7440905e-06 1.8206038e-05 5.4775487e-06 8.786435e-06 0.018507471 4.467018e-06 2.0591801e-06 5.2000296e-06 5.0695697e-05 1.8425473e-07 1.6329119e-06 2.1551119e-05 1.8193826e-06 1.5811027e-07 7.5646126e-06 9.4037595e-08 4.6496575e-06 0.0019000187 8.5305e-06 6.9219923e-06 3.0198116e-05 1.5680806e-07 4.928576e-07 3.098867e-06 5.7352615e-08 1.4212145e-06 2.8215842e-07 3.2659078e-05 0.00072362414 7.153966e-05 1.4431205e-06 1.4114454e-07 1.0536348e-06 2.0514672e-06 1.9602616e-05 1.4745244e-05 9.030976e-08 4.5071397e-06 2.260975e-07 7.2113303e-06 1.387486e-06 1.43626915e-08 0.0003362459 3.495392e-08 3.722739e-06 2.1248269e-08 4.068362e-07 1.9104269e-07 0.0005780726
0.95367455 0.4707026 0.27495995 0.3405306 0.9832948 0.21163285 0.07320371 0.105803244 1.91877e-14 0.026377745 0.07802901 0.23982637 0.20197879 0.043237414 0.013970021 0.009615369 0.017920457 0.60153073 0.009379033 0.0013022062 0.0006121788 0.0068894555 0.09860696 0.0005333124 0.00030965777 0.001762743 0.57644165 0.00036282657 0.9037444 0.19699565 8.779336e-05 0.00794387 0.0009103857 0.00018888984 0.049897216 0.001443769 5.7805995e-05 0.00013193139 0.00064329937 0.00012004565 0.0017309118 2.0113923e-05 0.47414318 0.21640712 0.13917343 3.630654e-05 0.0004945767 2.9311823e-06 3.7305028e-05 1.8197633e-07 0.00045953316 2.777731e-05 1.4482002e-05 0.009905387 1.952538e-06 1.5509519e-05 0.5597379 3.4116692e-07 1.8288591e-07 1.5340174e-05 1.4906443e-05 7.3406653e-07 2.8229863e-07 0.014172138 9.36604e-07 2.731239e-07 0.0001728476 1.9805568e-06 5.0053713e-06 0.038137373 0.005470559 4.6391337e-06 2.6915363e-06 1.934041e-06 5.731778e-06 2.8527353e-05 1.13884504e-07 1.290331e-06 1.1047617e-05 0.00092284044 0.015706385 0.00010861036 2.2136765e-06 1.5281191e-06 5.524807e-06 0.0005750844 7.1282407e-06 7.5745635e-07 4.0642337e-08 6.548756e-06 4.8208587e-08 6.258639e-07 1.3552848e-05 7.016716e-08 0.012215212 1.21389245e-08 2.325116e-06 7.176307e-08 2.1826327e-06 8.534502e-08 0.032396786
0.013616234 0.018060448 0.9206662 0.45862433 0.016963795 0.0032495102 0.9922279 0.07281774 0.026377745 2.6360604e-12 0.00029894226 0.04758446 0.00044678894 0.027967842 0.9137299 0.11605392 0.020074347 0.07431271 0.000106029576 0.0038093843 0.053583104 2.1509313e-05 0.00015811005 5.2528554e-05 0.0004788343 0.0012984228 0.0032748391 1.670095e-07 0.00047101095 0.0024829162 0.00015933113 0.9398676 0.00020421759 1.8983332e-07 9.563551e-06 1.031693e-06 4.2566113e-05 0.00014124642 6.2026185e-05 8.5980936e-08 0.000826027 0.175711 0.0021524818 0.0019584033 2.7844862e-05 5.3363034e-05 2.353135e-05 6.3979082e-06 2.449771e-05 7.071139e-07 0.00014825157 1.3395413e-05 0.0001749508 0.00015861448 1.6991802e-05 8.209054e-08 0.001127009 4.021699e-06 7.1867686e-07 6.768186e-06 2.868465e-05 7.1244685e-08 8.552428e-08 7.081356e-05 1.9659633e-06 8.712199e-06 2.5965806e-05 1.6026027e-06 3.607722e-05 0.00034151576 3.124371e-05 3.217747e-05 7.226108e-05 6.5050353e-06 1.639331e-06 5.8490987e-06 4.841636e-05 8.1121897e-07 1.1707489e-05 2.6985774e-05 0.00042483787 1.176567e-05 6.3918254e-05 1.2603227e-06 2.7294616e-06 1.8901561e-06 1.2003025e-05 0.00031310928 5.4642123e-06 4.217052e-06 3.2552812e-06 6.7759134e-07 7.0445153e-06 1.4669251e-07 0.0004941797 4.9860824e-07 7.5578637e-06 1.7608365e-06 6.953022e-06 1.2285191e-06 0.002236875
0.8975324 0.51596785 0.0007031444 6.872997e-05 0.31417355 0.9543789 0.0012342223 0.803959 0.07802901 0.00029894226 2.8346956e-12 9.7397264e-05 0.9591157 0.00010484677 0.003868569 0.22237563 1.5296657e-05 0.00047246023 0.921376 0.01889891 0.0005187939 0.88702524 0.57663953 0.10713264 1.7444364e-06 1.9753987e-05 0.0012143679 0.28556618 0.20401548 0.00012224675 1.0381369e-06 2.728841e-05 9.092411e-06 0.016374579 0.045387994 0.1114104 1.322689e-06 0.021996323 8.3670775e-06 0.0072289417 0.00029938304 1.3347204e-06 0.014833829 0.0011361127 0.03049469 2.9954497e-06 2.2664262e-05 0.00019507366 0.0006387523 2.6743408e-05 7.084409e-05 1.0289173e-06 1.5599583e-06 4.1853105e-05 0.00022074174 0.0059877667 0.17885214 7.63229e-05 1.5796379e-05 0.00020603806 1.8747001e-05 1.5245422e-05 2.1461039e-05 0.00022313344 4.882728e-05 2.2377666e-05 1.5957361e-05 1.146559e-06 0.00041748877 0.053115647 0.000105492276 5.6330355e-05 9.90609e-06 7.293277e-07 1.362431e-06 0.000144869 1.1891356e-05 1.807275e-05 3.4547665e-07 0.0014872393 0.029533572 1.3878718e-05 2.2284316e-06 5.949513e-05 5.914506e-05 0.00037465178 1.1931074e-06 6.5258104e-07 3.962585e-06 3.881103e-07 1.1927525e-06 4.9105065e-06 2.6465423e-06 1.5224891e-05 0.0017776097 2.5656993e-06 3.3466313e-06 1.1805266e-07 5.992756e-07 3.6371827e-07 0.004082368
0.88050103 0.0073652156 0.3119028 0.9597946 0.038105447 0.00083095406 0.05541245 0.000874014 0.23982637 0.04758446 9.7397264e-05 1.0585418e-15 0.00028904676 0.9461213 0.001304045 3.89016e-05 0.93295026 0.94345725 1.1072868e-05 8.533442e-05 8.860192e-05 0.00020328042 0.0010429225 1.2999659e-05 0.04399118 0.13562043 0.55979633 1.391493e-06 0.05736195 0.5936087 0.010787456 0.207372 0.03591827 1.639274e-05 0.0018645274 1.2079759e-05 0.0017839613 9.013673e-06 0.012328054 1.5017338e-05 0.04019413 0.0073860083 0.09317363 0.2389068 0.0036062023 0.0005213974 0.0021392037 2.7107012e-06 1.6780235e-05 2.5459826e-08 0.0019916585 0.0004182344 0.00034523857 0.0044060843 2.009491e-06 2.0577688e-06 0.03745737 4.4037205e-07 1.6173129e-08 8.030134e-06 0.0004301063 2.1705007e-07 2.9114549e-08 0.010112175 2.286896e-07 2.6658677e-06 0.00087393273 2.7495933e-05 3.7974485e-06 0.0024760482 0.00704422 3.857211e-07 8.012888e-05 1.5053904e-05 1.4337423e-05 8.258899e-05 1.0243651e-05 1.378468e-07 2.4324503e-05 0.00029371682 0.0022157612 0.00010859607 5.07239e-05 5.317314e-07 2.280282e-07 0.00020709494 1.4741223e-05 1.252111e-05 6.6313777e-07 2.1403634e-06 5.534333e-07 1.0120056e-06 1.5069892e-05 2.9340168e-07 0.004710691 5.7391787e-08 1.044025e-05 2.2818375e-07 4.664879e-06 1.0789831e-06 0.01899018
0.9001032 0.81485903 0.0012079775 0.00022825939 0.63205653 0.8769085 0.0013792487 0.40706474 0.20197879 0.00044678894 0.9591157 0.00028904676 1.034965e-13 7.245581e-05 0.0005686878 0.03425435 2.2785842e-05 0.00025122234 0.45419464 0.0010216217 8.056617e-05 0.46919963 0.9700405 0.010195876 1.6060016e-05 1.6603097e-05 0.0064224876 0.21287183 0.7561734 0.00020308782 2.6224257e-06 1.4813313e-06 6.0401353e-06 0.074152865 0.2151086 0.07915386 7.89544e-07 0.003509597 4.2172896e-06 0.01857482 0.00010552609 2.591489e-07 0.035655443 0.0027434628 0.093596615 9.346655e-06 4.0661085e-05 0.00021730807 0.0009325674 3.0707e-05 2.9276163e-05 4.382532e-06 1.7354711e-06 0.00015363052 0.00029070603 0.010436848 0.23093152 0.00015946277 1.0813901e-05 0.00011187308 1.9567938e-06 3.2627977e-05 2.7023116e-05 0.0005559832 1.4163011e-05 2.0369114e-05 1.688823e-05 8.741861e-06 0.00023973426 0.076096304 0.00019760197 9.148386e-05 5.0041112e-06 1.7186252e-06 4.2982992e-06 0.00013522993 1.6052658e-06 2.203752e-05 4.794443e-07 0.0013931962 0.030048482 1.9965333e-05 1.1040999e-06 9.577914e-05 4.0692936e-05 0.0013531998 1.4931126e-07 2.116831e-07 2.1101685e-06 4.5365346e-07 4.410134e-07 1.4308156e-06 4.00998e-06 5.525374e-05 0.0024363322 3.7351215e-06 8.4077624e-07 3.425556e-08 5.540576e-07 1.9409505e-07 0.0073004114
0.8569986 0.0029789978 0.27236298 0.75903744 0.009232264 0.0004801927 0.037316192 0.0010462268 0.043237414 0.027967842 0.00010484677 0.9461213 7.245581e-05 4.1256688e-16 0.00142473 1.1538981e-05 0.9755454 0.85007554 2.2716911e-05 5.807193e-05 2.5216388e-05 0.0001127273 0.00036297212 1.4736486e-05 0.16808373 0.30016539 0.492876 1.6212803e-06 0.019254468 0.7728154 0.03533493 0.17311642 0.10513073 4.1690155e-06 0.0007916805 9.436852e-07 0.013664788 4.5697696e-05 0.030190391 2.4182038e-06 0.215386 0.009103427 0.047205083 0.27620962 0.0013464562 0.0062387832 0.0075668544 2.2122772e-06 1.0222464e-05 1.0528673e-08 0.004739843 0.0015627808 0.0033439402 0.018555429 4.379177e-06 1.0816742e-06 0.022623876 2.2867368e-07 5.807824e-09 2.2525483e-06 0.007753507 2.525394e-08 1.6285217e-08 0.020406287 4.8727383e-08 1.9382471e-06 0.0013417104 0.0008939999 8.59652e-06 0.0011255102 0.010605673 3.8871683e-08 0.00018399075 0.00014003915 0.00023815647 1.0502905e-05 1.7570222e-06 2.4059863e-08 0.00012656816 2.498455e-05 0.0007121588 0.0003655593 0.00015720792 1.3393509e-07 1.918344e-08 2.6364673e-05 7.110747e-05 4.9468803e-05 1.5067059e-07 2.7691138e-05 8.869111e-07 7.771562e-06 0.00011477625 3.2398635e-08 0.013390918 1.1453338e-08 2.1990054e-05 2.804788e-06 3.3815943e-06 5.4741745e-06 0.02517773
0.01530842 0.028514827 0.6447929 0.02600279 0.017840974 0.017501999 0.726768 0.5890852 0.013970021 0.9137299 0.003868569 0.001304045 0.0005686878 0.00142473 1.2590261e-16 0.84302175 0.0003832585 0.004039544 0.025309978 0.8605383 0.9891524 0.00065552176 0.00012348527 0.0006759272 7.620784e-05 0.000108561384 0.00033472123 1.4151223e-05 0.00017071432 4.2312062e-05 4.112501e-05 0.061819397 1.3106178e-05 1.959838e-06 1.1201951e-05 5.026534e-06 1.559025e-05 0.004736382 1.459489e-05 4.2755164e-07 0.00047909011 0.0008557365 0.00050993304 0.00013757055 6.7267974e-06 1.4137181e-05 1.5384068e-05 4.9228756e-06 7.982528e-06 6.157713e-07 6.518309e-05 3.0406572e-06 9.146921e-05 4.437087e-05 2.8239356e-06 7.1391355e-07 0.00057896227 1.1239773e-06 3.3145048e-07 1.0170106e-06 3.7906084e-05 9.624541e-08 6.573778e-08 2.0491845e-05 7.847344e-07 3.455462e-07 6.2315903e-06 3.962158e-06 3.0586834e-06 3.8571266e-05 7.430797e-06 1.2707644e-05 1.21376e-05 9.770338e-06 3.257343e-06 5.2797423e-06 9.1591323e-07 2.1535976e-07 1.5132364e-05 3.6221202e-06 1.7761276e-05 1.0826913e-05 3.718428e-06 8.709989e-06 1.8743239e-06 4.3665221e-07 1.8160223e-05 6.456312e-05 1.2391058e-07 6.1394596e-05 1.7549614e-07 5.676198e-07 3.0196113e-06 5.09913e-08 0.00024934005 1.6275489e-07 2.4384522e-07 1.9531406e-07 4.4628385e-07 9.584272e-07 0.0017326095
0.013981258 0.05635962 0.14733143 0.00095011486 0.023991244 0.13172491 0.1462796 0.97614247 0.009615369 0.11605392 0.22237563 3.89016e-05 0.03425435 1.1538981e-05 0.84302175 1.0652342e-14 7.334063e-06 0.00011173266 0.96237 0.90062904 0.3700809 0.13690303 0.0039298385 0.9219941 5.2808025e-07 1.763216e-06 7.4563286e-05 0.0042635747 0.0012488817 4.7382127e-06 3.3348414e-07 0.0028045303 5.9788526e-08 0.00011495635 0.00018568242 0.00057523145 3.939981e-07 0.53614825 8.847623e-08 6.169099e-05 0.0029145957 2.1000733e-05 0.00017893761 3.705325e-05 0.00013771062 5.0539973e-05 3.7881202e-06 1.9579063e-06 0.00010757108 1.18847126e-07 1.8925624e-06 1.5286797e-07 0.00026936625 5.59426e-05 5.580786e-06 0.00057568116 0.00073844654 3.5027538e-06 3.5169577e-07 1.0036496e-06 0.0057303444 8.413393e-09 6.953685e-06 9.3628616e-05 6.108345e-08 2.1414202e-05 1.731952e-05 7.661844e-06 0.0050064865 0.0001977822 1.649774e-05 1.3095051e-06 0.003284225 7.829915e-06 7.3681135e-06 5.1339166e-06 3.908018e-06 6.7109795e-07 2.050505e-06 8.58512e-05 0.0008134517 0.0026714632 0.00016042986 1.7687476e-07 6.585212e-06 4.7166177e-06 8.205987e-06 1.20450295e-05 2.5875204e-05 0.00012473181 3.845957e-05 0.00068932737 2.865322e-06 5.4776994e-08 0.00029753777 2.1525092e-07 0.0018507642 1.0858861e-06 9.656815e-06 1.7200961e-06 0.0008724812
0.68313915 0.00041690868 0.2741023 0.8897032 0.0008155825 5.891908e-05 0.026948677 3.2844862e-05 0.017920457 0.020074347 1.5296657e-05 0.93295026 2.2785842e-05 0.9755454 0.0003832585 7.334063e-06 5.346921e-16 0.77783465 3.550193e-06 1.8383718e-05 7.5548296e-06 4.566605e-06 6.926473e-05 6.9072433e-07 0.73533523 0.70434713 0.21639267 9.701448e-09 0.0043190997 0.616524 0.2863453 0.12661366 0.29704282 7.2686305e-08 0.00012129172 2.2133311e-07 0.06558842 5.2153164e-06 0.06368444 1.854895e-08 0.22967912 0.030225107 0.019916622 0.29404736 0.0002602596 0.005938071 0.008453713 5.8731257e-07 2.6344928e-06 1.6257191e-08 0.0036862306 0.00049084163 0.0036545596 0.013366071 1.6775873e-08 5.723784e-07 0.005367115 3.5751224e-09 3.1273724e-09 1.4895422e-06 0.003987608 2.7074134e-09 3.7093018e-09 0.018710786 5.206857e-08 1.1613727e-06 0.0019047121 0.00039234653 3.192612e-07 0.0003227128 0.010953249 1.9976367e-08 0.00017052298 3.4037235e-05 6.416267e-05 2.839515e-06 2.5718996e-06 1.0811853e-08 0.00029418917 2.9423234e-06 9.89789e-05 7.958891e-05 0.00028042318 5.305845e-09 2.729718e-07 2.6677344e-06 6.4873326e-05 5.509982e-05 1.9632706e-08 5.768272e-06 3.5516777e-07 1.2101234e-06 0.00010311216 1.8519811e-09 0.0061281146 5.0608935e-09 6.105008e-06 1.5006372e-05 1.9273737e-06 5.448789e-06 0.012068993
0.9265856 0.032230522 0.48589638 0.8551245 0.13097376 0.0045702364 0.07635961 0.010318664 0.60153073 0.07431271 0.00047246023 0.94345725 0.00025122234 0.85007554 0.004039544 0.00011173266 0.77783465 9.571492e-15 4.2679276e-05 9.170933e-05 0.0001703385 0.00046950654 0.0023976767 7.694973e-06 0.11219553 0.09863586 0.9449823 2.6559468e-05 0.29381648 0.88458407 0.011746365 0.120983586 0.06560047 0.00012913602 0.00845883 8.416307e-05 0.0019672273 6.68693e-06 0.024089882 4.257163e-05 0.07820473 0.0025673306 0.20421411 0.32549965 0.014701158 0.0011367896 0.006250113 7.812737e-06 4.1982905e-05 1.6576311e-07 0.0027091797 0.00080011704 0.0002678947 0.018870715 1.08676195e-05 3.493806e-06 0.06242811 1.7473886e-06 2.415271e-07 4.7872672e-06 0.001523718 6.903181e-07 6.635075e-08 0.014768255 1.212938e-06 1.7752248e-07 0.0008803084 0.00032832133 5.6857525e-06 0.0034561267 0.007010427 2.4456356e-06 3.5180583e-05 0.0001523713 0.00010506908 2.664855e-05 1.3124138e-07 6.804406e-07 8.385701e-05 0.0005671045 0.0016839197 0.00030289215 3.9636117e-05 6.5099252e-06 7.4060363e-06 0.00033219878 2.8477796e-05 6.4319597e-06 1.7965792e-07 1.632679e-05 2.1401725e-07 1.0392509e-05 9.328698e-05 2.6310731e-06 0.009854347 2.4754777e-07 2.5907528e-05 9.748079e-07 3.1229038e-06 5.557168e-06 0.031870052
0.22177166 0.21040748 0.00017680251 1.0893145e-05 0.08092426 0.5722751 0.0009953735 0.94087654 0.009379033 0.000106029576 0.921376 1.1072868e-05 0.45419464 2.2716911e-05 0.025309978 0.96237 3.550193e-06 4.2679276e-05 1.6994959e-13 0.2029908 0.0080277305 0.8999801 0.091257125 0.6895852 1.211179e-07 1.849079e-06 0.00010270615 0.16474023 0.017415069 8.265561e-06 3.7359032e-07 7.158481e-06 2.765862e-07 0.0041870354 0.004535804 0.018279457 2.9913258e-07 0.48736644 3.9927218e-07 0.001614791 2.1884109e-05 1.4973928e-06 0.0005530224 6.3722335e-05 0.0016550825 5.341336e-06 1.2675575e-06 4.9141818e-05 0.00018602931 9.897025e-06 3.6560446e-06 2.4457324e-07 6.4362857e-06 4.819397e-06 0.000112342874 0.0036781207 0.011041073 4.789544e-05 2.0526522e-05 2.4845078e-05 9.5024174e-05 4.1945484e-07 1.33058675e-05 1.4690043e-05 5.429446e-06 3.8937455e-05 1.29017e-06 8.2131066e-07 0.0014757259 0.0053341845 3.1568538e-06 3.1939246e-05 0.00014950542 6.7042123e-07 1.0091903e-06 1.2901361e-05 8.086719e-06 4.802073e-06 3.8852397e-07 0.0001110801 0.0017838379 0.0002055325 9.001689e-06 4.132522e-06 9.428805e-06 3.508111e-05 1.5099756e-05 1.0056343e-05 1.0893156e-05 6.7957913e-06 1.6089127e-05 2.7519436e-05 1.0687278e-06 2.9068742e-06 0.0003881002 2.1915782e-06 2.39307e-05 5.919178e-07 1.0207408e-06 7.145007e-07 0.0016065186
0.0034709277 0.009303654 0.038825393 0.00013445053 0.0034711545 0.011518812 0.007320668 0.40051827 0.0013022062 0.0038093843 0.01889891 8.533442e-05 0.0010216217 5.807193e-05 0.8605383 0.90062904 1.8383718e-05 9.170933e-05 0.2029908 5.0107764e-16 0.99356395 0.006349425 0.00029750317 0.3664743 2.3641052e-05 0.00020632848 4.4161614e-05 8.284521e-05 0.000111672794 3.0485508e-05 1.0136589e-05 0.00056415575 4.764876e-06 5.4139062e-05 4.0517785e-05 0.0001694196 1.2355247e-05 0.624025 9.481574e-06 2.0395142e-05 0.00018928818 7.580136e-05 5.0118128e-05 7.5921703e-06 1.7625413e-05 4.3045733e-05 2.036929e-05 5.5840523e-05 8.7970446e-05 1.2041755e-05 9.4492534e-05 2.6831904e-05 0.00040619753 4.324484e-05 7.8125624e-05 4.2895583e-05 0.00014684473 4.792308e-05 2.8087243e-05 7.488121e-06 5.701426e-05 8.635801e-07 2.7933788e-06 3.4353765e-05 1.7631144e-05 7.971018e-06 1.5574467e-05 5.4146603e-05 5.0863113e-05 0.00011607705 4.621246e-06 6.871967e-05 4.236435e-05 0.00023477274 0.00011656826 1.8157503e-05 6.274907e-05 1.1855161e-06 5.4379525e-05 1.02510385e-05 7.372897e-05 0.00030290024 4.418834e-06 3.5407184e-06 1.0932387e-06 8.422008e-07 0.00024539742 0.0005522411 4.8364423e-06 0.00033777737 1.319283e-05 4.549246e-05 2.2070658e-06 6.765811e-08 0.00015342099 2.2345678e-07 3.091996e-05 4.7072373e-07 1.0968912e-05 1.2912119e-05 0.005231199
0.00095979805 0.0012330252 0.017697005 0.00033945 0.0011832842 0.00075184007 0.015125605 0.07138572 0.0006121788 0.053583104 0.0005187939 8.860192e-05 8.056617e-05 2.5216388e-05 0.9891524 0.3700809 7.5548296e-06 0.0001703385 0.0080277305 0.99356395 6.286e-16 0.0001827115 3.780855e-06 0.0014225699 1.39508675e-05 1.2197198e-05 9.318459e-06 4.985802e-07 1.5613865e-05 1.3379944e-06 4.6999776e-06 0.003980235 4.366322e-07 5.2436855e-07 1.4884274e-06 2.9248827e-06 6.8881144e-07 0.08180746 8.719592e-07 1.4602922e-07 0.00015619025 0.0017605604 3.0963456e-05 4.029942e-06 2.3307593e-06 5.018152e-06 6.6011703e-06 2.561313e-06 8.1398985e-06 3.4637299e-07 3.2500247e-05 2.787171e-06 0.00010457296 9.1419715e-06 1.1919911e-05 2.1335048e-07 9.669204e-05 1.06142115e-05 1.3147238e-07 3.2146659e-06 1.1638302e-05 7.8540936e-08 2.5005798e-08 1.3559907e-05 8.257883e-07 1.3379141e-06 1.47377095e-05 2.5517925e-06 0.00014721409 0.00014907574 4.2105216e-06 1.2547144e-05 6.199123e-05 3.922969e-06 9.682215e-07 2.387493e-06 7.855551e-07 3.4894367e-08 9.3620265e-06 1.7164264e-05 0.0004726493 2.6321372e-06 1.7107819e-05 1.722767e-06 1.3563437e-07 9.318125e-07 2.2349514e-05 0.00024454374 4.4538865e-06 1.7546536e-05 2.7036187e-05 4.290184e-07 3.833007e-06 4.382055e-08 0.00022218235 4.6877293e-08 1.1911917e-06 9.71567e-07 6.812048e-07 1.8712063e-07 0.002527576
0.44160563 0.17275785 0.0004162349 3.6070272e-05 0.029658819 0.5250161 0.00030189235 0.2741665 0.0068894555 2.1509313e-05 0.88702524 0.00020328042 0.46919963 0.0001127273 0.00065552176 0.13690303 4.566605e-06 0.00046950654 0.8999801 0.006349425 0.0001827115 1.2857422e-13 0.4191537 0.2573502 5.410314e-07 6.650872e-05 0.0017131221 0.99106944 0.014940352 3.111113e-05 5.9733503e-07 1.0251493e-06 8.102444e-06 0.1053215 0.01210251 0.37310222 3.1046884e-06 0.4843307 1.6952745e-05 0.3368569 1.6295975e-05 6.060668e-07 0.0033903893 0.00015826499 0.008165834 2.2517127e-06 4.2071762e-05 0.03703224 0.077689044 0.0033394455 0.0002926666 9.611106e-06 4.1884787e-06 2.0410436e-05 0.09333961 0.31699792 0.023584627 0.013652979 0.0008540851 0.0011756215 3.0231236e-06 0.0015661893 0.0007113867 9.572384e-06 0.0008150385 0.0025785272 6.0575774e-05 1.2556715e-06 0.00262745 0.11669387 1.0827357e-05 0.001305827 6.9420465e-05 2.0932978e-06 5.6101135e-06 0.00020632791 5.020275e-05 2.9721969e-05 4.9835067e-05 0.002762446 0.014905208 4.0337734e-05 3.3685315e-05 0.00034440577 0.00018852936 0.0013374594 4.3095475e-05 4.0536725e-05 1.4558732e-05 1.30959315e-05 2.6468062e-05 6.09777e-06 5.847099e-07 0.00012417599 0.00034741694 2.3180542e-05 2.977211e-06 5.341234e-08 7.044505e-07 1.3826462e-08 0.001369576
0.93905526 0.15682012 0.00037861068 0.00020352464 0.15669793 0.33876467 0.00043969628 0.024823278 0.09860696 0.00015811005 0.57663953 0.0010429225 0.9700405 0.00036297212 0.00012348527 0.0039298385 6.926473e-05 0.0023976767 0.091257125 0.00029750317 3.780855e-06 0.4191537 9.5576e-13 0.0039210245 1.9085679e-05 0.00020962446 0.04711091 0.50648916 0.6755244 0.0025940225 1.6109487e-05 1.1368897e-05 8.6862354e-05 0.68604153 0.9705186 0.4914965 5.993902e-06 0.0017831941 0.0001116169 0.49243137 4.856346e-05 4.3181043e-07 0.2506605 0.008019095 0.37547788 6.129122e-05 0.00020994517 0.004933044 0.0060313693 0.0008256745 0.0004095333 4.8733195e-06 5.5326636e-06 0.0028328977 0.0019266341 0.019710017 0.42522255 0.00066067313 0.00015188889 0.0035697673 2.5348043e-06 0.0011419317 0.00036630206 0.0009474073 0.00055423356 0.0002492433 8.017543e-05 7.3439664e-06 0.0004443717 0.28719217 0.00062846264 0.00092444656 6.1801898e-06 3.2721428e-07 4.50772e-06 0.00033245704 3.428869e-05 5.3771153e-05 3.392593e-06 0.005052976 0.12531093 4.3819655e-05 1.1355304e-06 0.00045284737 6.178071e-05 0.0057730023 1.4250249e-05 4.8235033e-06 1.0500172e-05 8.352583e-06 7.637547e-07 3.5026635e-06 3.4171255e-06 0.00018901272 0.0035087215 5.3984977e-06 2.8412023e-06 5.4115187e-08 1.400609e-06 1.7188177e-07 0.018235883
0.0040860525 0.0080523705 0.00023653668 5.810509e-06 0.0021840048 0.026459718 9.645075e-05 0.15978734 0.0005333124 5.2528554e-05 0.10713264 1.2999659e-05 0.010195876 1.4736486e-05 0.0006759272 0.9219941 6.9072433e-07 7.694973e-06 0.6895852 0.3664743 0.0014225699 0.2573502 0.0039210245 1.1836901e-14 1.1387855e-05 2.6833386e-05 4.5103752e-05 0.0027729007 0.00051073293 4.225232e-06 1.5558887e-06 2.3056139e-06 4.2595994e-07 0.00045629026 0.0004232962 0.0012167456 5.1537427e-07 0.9984045 9.714854e-07 0.00011305318 4.0351126e-05 1.709429e-06 0.00013688102 6.9177026e-06 0.00027990967 2.0338699e-05 3.3977383e-06 5.6470202e-05 0.00022091866 1.769598e-05 8.6346445e-06 1.2304384e-06 4.9465638e-05 1.9852703e-05 9.674462e-05 0.00032423146 0.00039588838 6.0753267e-05 1.0675976e-05 7.222177e-06 3.066311e-05 6.601815e-07 1.6794387e-05 5.6517642e-06 3.584964e-06 8.847509e-05 1.6236996e-05 4.3468077e-05 0.0007872118 0.00030985687 2.9125767e-06 5.342368e-05 0.00054254354 6.68657e-05 1.2445418e-05 1.669611e-05 9.1989445e-05 3.0089723e-06 2.6654598e-05 0.00010268744 0.00021463752 0.0001714469 3.515965e-05 1.28137735e-05 5.3049125e-06 3.798679e-05 0.00031052393 9.13044e-05 3.1095587e-05 5.236395e-05 7.18374e-07 9.909411e-05 0.000115895535 2.2563688e-06 0.00016589952 2.9911334e-06 4.945894e-05 2.9454961e-06 1.9370607e-06 3.860941e-06 0.002831161
0.9017299 1.6754155e-05 0.0014666029 0.033766452 3.616772e-05 1.9404526e-05 0.00042995418 1.1134822e-06 0.00030965777 0.0004788343 1.7444364e-06 0.04399118 1.6060016e-05 0.16808373 7.620784e-05 5.2808025e-07 0.73533523 0.11219553 1.211179e-07 2.3641052e-05 1.39508675e-05 5.410314e-07 1.9085679e-05 1.1387855e-05 8.775453e-16 0.9145311 0.010268094 7.542425e-08 0.00085942826 0.10063849 0.98810786 0.11760457 0.39175364 1.9250376e-07 1.8086008e-05 1.9592504e-07 0.49316126 4.4972644e-06 0.20954664 4.593298e-07 0.72756207 0.049998794 0.008066347 0.2732579 0.00011665723 0.14776018 0.09031604 1.5695468e-07 7.253307e-06 1.6836801e-09 0.01097267 0.017428089 0.020174146 0.015704842 1.2660015e-06 1.6971056e-07 0.012320937 1.8030741e-07 3.6946288e-09 8.468859e-07 0.013804052 2.2382073e-08 4.9845705e-09 0.18949664 1.8089567e-08 4.9898317e-05 0.003992265 0.0021182287 7.302969e-06 0.00036473188 0.046807624 2.4057341e-08 0.0008203979 0.0001503401 0.00017537743 1.1478007e-06 0.00011220667 1.032767e-08 0.00031762235 1.0317901e-05 0.00025750193 0.00019391566 0.00047552455 5.3103637e-08 2.636218e-07 1.678422e-05 9.726239e-05 0.00021925362 9.653835e-07 1.0611773e-05 6.6534635e-06 3.252811e-06 4.5956294e-05 1.6401621e-07 0.013597879 3.2864616e-08 1.4072359e-05 2.0099194e-05 3.929233e-06 3.0166004e-06 0.018295344
0.89926773 0.0002794802 0.00556644 0.043923266 0.0005188166 0.00020230954 0.0010856522 2.4341049e-05 0.001762743 0.0012984228 1.9753987e-05 0.13562043 1.6603097e-05 0.30016539 0.000108561384 1.763216e-06 0.70434713 0.09863586 1.849079e-06 0.00020632848 1.2197198e-05 6.650872e-05 0.00020962446 2.6833386e-05 0.9145311 2.0040908e-15 0.022015989 4.0578223e-07 0.0010868404 0.54990774 0.84197646 0.032883666 0.92551565 1.0179741e-06 0.0003042276 1.2114107e-06 0.97114164 0.00023142716 0.3837821 1.3632017e-06 0.8136318 0.014546583 0.007546387 0.16742387 0.00024200448 0.41327384 0.36191097 1.102e-06 1.1564077e-05 1.9240705e-09 0.05954626 0.10089438 0.112665966 0.048400935 1.949257e-07 1.857725e-07 0.003564918 1.2519957e-08 3.2343666e-09 6.7756935e-07 0.16419968 4.1567752e-08 6.9140578e-09 0.19463536 2.6604983e-08 1.848723e-06 0.011715397 0.031364247 2.4497613e-05 0.00014600522 0.035227273 3.5694004e-08 0.011090033 0.005270685 0.0036672417 8.106838e-07 9.099043e-07 3.4239427e-08 0.0006345753 2.041689e-06 0.00016690866 0.0018478065 0.0011014874 2.772763e-07 3.1804655e-07 5.1891925e-07 0.0005887881 0.00020364036 1.526921e-07 0.00020801298 8.282557e-06 3.475016e-05 0.0001555371 5.5409873e-07 0.009704628 4.635007e-08 0.00010497554 2.3777142e-05 8.983551e-06 3.71128e-05 0.021688392
0.9672975 0.02332431 0.0293075 0.13263375 0.14949 0.007037566 0.003230264 0.00095950154 0.57644165 0.0032748391 0.0012143679 0.55979633 0.0064224876 0.492876 0.00033472123 7.4563286e-05 0.21639267 0.9449823 0.00010270615 4.4161614e-05 9.318459e-06 0.0017131221 0.04711091 4.5103752e-05 0.010268094 0.022015989 8.831036e-15 0.0015744611 0.57826763 0.9389999 0.005452584 0.0049436055 0.08995936 0.005895607 0.12604538 0.0018720921 0.0057416456 0.00013511906 0.06126255 0.0017938298 0.003946501 0.00016711158 0.84854233 0.85466045 0.08629706 0.0018297517 0.013957609 4.472685e-05 9.1537884e-05 1.5094507e-06 0.008187719 0.0014836431 0.00024590717 0.02456478 2.7573105e-05 1.3482692e-05 0.19407582 1.7237426e-05 6.039591e-07 7.9356985e-05 0.0012423926 3.1744669e-06 8.9302364e-07 0.009684326 3.260566e-06 2.2940849e-05 0.0013287483 0.0015470454 3.4098775e-05 0.0066890996 0.0032033443 9.7202255e-06 6.6386165e-05 0.0010848625 0.00036650983 0.000117375566 3.5947965e-06 4.566276e-07 0.00018801425 0.0007783322 0.009924862 0.00030306986 3.0462288e-05 3.0247375e-05 1.2300771e-06 0.00068830495 0.00066762127 1.7052891e-05 2.3713342e-06 0.00017950575 4.6807628e-07 2.0169955e-05 0.00021258976 2.5351295e-05 0.025569972 8.57957e-07 4.314651e-05 1.669701e-06 4.3114405e-06 2.4577987e-06 0.20203096
0.7288338 0.008570866 1.8449742e-05 4.2913435e-08 0.0030009511 0.030841004 1.0268494e-05 0.0018300135 0.00036282657 1.670095e-07 0.28556618 1.391493e-06 0.21287183 1.6212803e-06 1.4151223e-05 0.0042635747 9.701448e-09 2.6559468e-05 0.16474023 8.284521e-05 4.985802e-07 0.99106944 0.50648916 0.0027729007 7.542425e-08 4.0578223e-07 0.0015744611 2.8492254e-14 0.03741183 1.2703028e-05 2.8703981e-08 3.7952236e-07 7.136246e-08 0.72511667 0.060065106 0.77502483 2.3152845e-08 0.08154476 9.637051e-08 0.8714725 1.2536004e-06 3.8981277e-08 0.017720615 0.00041295655 0.070618115 7.6537525e-08 1.3768446e-06 0.14289653 0.2549701 0.015443736 4.1892695e-06 4.9261345e-08 7.753813e-07 1.2567443e-05 0.12642667 0.34115332 0.09988817 0.041937754 0.0060576526 0.0077888877 4.368324e-06 0.009963745 0.0106485635 5.1453742e-05 0.0038925707 0.0011615047 5.6920135e-06 1.3791667e-08 0.001967415 0.6705213 1.1044015e-05 0.0061574937 8.664472e-06 8.774283e-08 9.429102e-08 0.0024637785 0.00034162245 0.00011411604 1.7291957e-05 0.012341946 0.101977035 3.9949882e-07 1.2418837e-05 0.0016543211 0.00040354513 0.006388825 4.2406323e-06 9.459987e-06 0.0002680647 9.925944e-07 1.8445304e-07 1.6143713e-06 2.775194e-07 0.00014422482 0.0010928515 3.940944e-05 3.4858726e-07 3.8062442e-08 2.0935293e-08 6.552057e-09 0.004868798
0.9450872 0.37210625 0.011193365 0.01261209 0.79197305 0.24940366 0.0023232861 0.03334755 0.9037444 0.00047101095 0.20401548 0.05736195 0.7561734 0.019254468 0.00017071432 0.0012488817 0.0043190997 0.29381648 0.017415069 0.000111672794 1.5613865e-05 0.014940352 0.6755244 0.00051073293 0.00085942826 0.0010868404 0.57826763 0.03741183 2.4350353e-15 0.09800273 0.00037399455 0.00036539356 0.0023875227 0.1921774 0.7695912 0.1068717 0.00012545081 0.00031368912 0.0026922645 0.051821794 0.00019934976 1.607379e-05 0.93691957 0.08230522 0.60206264 0.00011342641 0.0014520109 0.0006040395 0.00036181294 3.1606574e-05 0.0015415711 8.2919505e-05 1.4337819e-05 0.0147909615 4.367039e-05 0.00081927556 0.79785985 2.5394196e-05 2.2532872e-06 0.0028186503 3.003664e-05 8.2044884e-05 2.7356245e-06 0.005186123 6.791777e-05 8.130592e-05 0.0004816326 6.465801e-05 2.9791385e-05 0.033855543 0.0020854285 6.178607e-05 2.0873354e-06 9.706076e-05 5.0322582e-05 0.0010135279 9.345764e-06 1.1063765e-06 9.297696e-06 0.0018864655 0.036768097 4.3610935e-06 5.430621e-06 0.00033463986 1.35590935e-05 0.0019247921 0.00013472186 2.77902e-06 4.4346234e-06 4.1215962e-06 2.9456942e-07 7.878419e-07 3.3833574e-05 0.00029661163 0.011675055 2.402688e-05 8.297186e-07 4.4569752e-08 3.356961e-07 7.328029e-08 0.07936776
0.9092589 0.0045949724 0.0071930126 0.06598997 0.02205405 0.0012521123 0.0025071471 0.0003035975 0.19699565 0.0024829162 0.00012224675 0.5936087 0.00020308782 0.7728154 4.2312062e-05 4.7382127e-06 0.616524 0.88458407 8.265561e-06 3.0485508e-05 1.3379944e-06 3.111113e-05 0.0025940225 4.225232e-06 0.10063849 0.54990774 0.9389999 1.2703028e-05 0.09800273 6.714294e-17 0.031781804 0.006666561 0.85484684 9.7030126e-05 0.009060369 8.88856e-05 0.14806671 7.4576187e-06 0.8153087 1.27645235e-05 0.04485865 0.0006619771 0.32817385 0.94836617 0.011269215 0.012534701 0.26127055 2.9278465e-06 1.3940987e-05 1.6663135e-07 0.07869081 0.038562633 0.001688002 0.09532797 2.373892e-07 1.2467282e-06 0.024213761 3.988908e-07 1.5169157e-08 3.154696e-06 0.0052141827 2.1287123e-07 1.5115956e-08 0.04387637 4.2929832e-07 4.7125013e-07 0.0051403567 0.006522874 4.036207e-06 0.0008533507 0.013061066 4.353196e-07 0.00016020311 0.0029103751 0.0033633907 3.2769412e-06 1.256404e-07 3.2546987e-07 0.0013199268 4.2202806e-05 0.001821811 0.00062318315 6.370107e-05 2.009608e-06 6.4853094e-07 6.754996e-05 0.0007695662 0.0001198625 1.8904473e-07 0.00027090995 1.2776691e-07 5.9591093e-05 0.00029382607 3.2598384e-06 0.024527188 5.32489e-07 4.5060504e-05 2.0164396e-05 1.5045957e-06 5.610954e-06 0.1107423
