3.3692234e-25 0.8640194 0.8746333 0.8566888 0.96544343 0.97124034 0.9578215 0.90819365 0.98624676 0.94798195 0.36794394 0.9396093 0.9357044 0.5162287 0.99672323 0.6763691 0.9476037 0.31108427 0.98009074 0.24973078 0.32285252 0.9923034 0.9845335 0.91505414 0.97369987 0.84548277 0.9722958 0.75651354 0.78756016 0.83828837 0.70691514 0.88363713 0.9897185 0.8834709 0.9443752 0.17626733 0.5579182 0.8732648 0.98904514 0.62876105 0.08375708 0.20507792 0.35287488 0.640421 0.6576799 0.39402893 0.84098405 0.98215955 0.09298868 0.9865955 0.6309841 0.15058227 0.061970804 0.8600537 0.052660123 0.97479504 0.603548 0.72885835 0.046199746 0.9864855 0.03628032 0.99817085 0.0387289 0.97992665 0.8897139 0.0042517246 0.008520289 0.021315658 0.015769377 0.9721649 0.14581917 0.915818 0.971927 0.12051253 0.0081117535 0.013035866 0.02997421 0.0006506801 0.99339324 0.002389991 0.75640386 0.0009640541 0.031152831 0.9981534 0.00024213907 0.0010710196 0.14499633 0.29031685 0.06432321 0.00022612372 0.01174985 0.013648969 0.9193942 0.06178122 0.99997604 0.0825829 0.99354833 0.00014026584 0.75307405 0.00027538906 0.99936736
0.8640194 5.5167285e-18 0.9838411 0.6844585 0.012842426 0.25228626 0.013140532 0.17437848 0.4107017 0.34273136 0.34190887 0.0013727201 0.0007116347 0.44891942 0.0001853028 0.5211952 0.18152495 0.30775058 0.030611066 0.31744805 0.24306715 0.08012246 0.08248362 0.1643316 0.07876724 0.004718265 0.0030365034 7.8181154e-05 0.13960078 0.00013859758 8.656522e-05 0.00056584866 4.291772e-05 0.015034141 0.0017087111 0.009770059 7.5203543e-06 0.0015364267 0.015271099 0.000799667 0.16929145 0.0071433554 0.016988887 0.0002901518 0.0030233415 0.00030511408 0.00015624403 0.020146292 6.867571e-05 0.022112537 9.496742e-06 0.0005784882 7.633029e-06 1.5554846e-05 4.2496117e-06 0.00694822 1.3657634e-05 0.00036066177 1.2151521e-05 0.001615884 9.720077e-06 0.022028038 1.2274135e-06 0.0043080584 2.2001506e-05 2.2496392e-06 0.00094532024 1.8503738e-06 0.00059911935 0.0068084896 1.0088256e-06 9.037676e-05 0.008599526 1.0887594e-06 1.7058753e-06 2.8586185e-06 5.0683036e-07 3.3961038e-07 0.0020415927 6.629279e-05 0.00011686646 8.04428e-05 1.044389e-06 0.003237123 1.0941513e-06 1.7204433e-05 1.13060985e-07 2.3843563e-07 4.1706355e-07 6.616618e-06 3.4148594e-05 0.00020097308 0.0004422325 3.2462333e-07 0.0019388904 2.9261315e-07 0.00614831 1.2933612e-07 3.5118849e-06 6.9782186e-06 0.002144087
0.8746333 0.9838411 4.556609e-15 0.40676126 0.00031714412 0.097955056 0.0054080933 0.0731374 0.46089083 0.7651708 0.21081129 0.0005485872 5.426871e-05 0.48323876 4.7392732e-05 0.31968758 0.17134438 0.14112535 0.018186707 0.14810072 0.28262207 0.08022877 0.12467814 0.28748244 0.004835211 0.003304727 0.0007437312 7.235376e-05 0.055297155 3.0623538e-05 3.674935e-06 0.000113289876 2.7380926e-05 0.05076758 0.016228676 0.005976528 6.526208e-07 0.020972341 0.011835235 0.00016290297 0.091709346 0.016532723 0.008162696 3.288178e-05 0.013464891 0.00010175179 2.0575795e-05 0.04198004 1.5852685e-05 0.040615167 0.00019195465 6.2378844e-05 8.2856576e-07 1.449168e-06 7.3868665e-07 0.013325927 0.0003351112 0.0027782451 8.8352164e-05 0.0037984923 2.4607468e-06 0.033041693 8.9511815e-08 0.0065481006 6.1227333e-06 2.5925496e-05 0.0003069601 2.6538606e-07 0.00018877441 0.0071409 1.875147e-07 0.00028060886 0.002725056 1.6251899e-07 4.4769527e-07 6.0879063e-07 1.8056724e-07 2.3099321e-06 0.0027777043 7.5576613e-06 0.00044638605 2.121785e-05 7.525369e-08 0.0022169354 3.243142e-07 1.9747564e-05 3.4289226e-06 1.9485397e-07 1.2736142e-07 2.9320267e-06 0.00013796696 0.00012483998 0.00023328766 5.5444364e-08 0.0035967776 2.671984e-06 0.0054051005 4.3410342e-08 1.1171912e-06 4.6511582e-07 0.004138004
0.8566888 0.6844585 0.40676126 4.7894456e-21 0.0072027124 0.15153252 0.08951277 0.8369713 0.12304949 0.15588629 0.91627204 0.0037721505 0.0012689158 0.81667656 0.00053129555 0.822066 0.05868077 0.6447717 0.062011983 0.648848 0.48999527 0.07152805 0.031436745 0.1942298 0.013577345 0.0129133575 0.0011831456 3.143886e-05 0.41677564 4.307896e-05 0.00011767841 0.00010900571 0.00019054825 0.0010306713 0.0009620497 0.046765346 3.3188842e-06 0.0012612878 0.01537343 0.0024083331 0.12631449 0.0097236475 0.029777428 0.00018900067 0.0023770642 0.0007397262 7.559886e-05 0.011929852 0.00034151692 0.009642325 2.1674188e-05 0.0034622329 2.1719958e-05 3.395725e-07 4.2003892e-05 0.004376007 0.00010602188 0.0004523982 5.460782e-07 0.0007535107 1.5171003e-05 0.011854394 1.5888002e-06 0.0037808104 2.5660038e-05 5.049743e-07 0.0035511905 9.361741e-06 0.0048547164 0.003994276 1.2759047e-07 9.2645176e-05 0.0042622066 9.922082e-07 3.899574e-06 9.54668e-05 5.010708e-07 3.1074714e-07 0.0031252233 0.00074333174 4.1359857e-05 0.0007122583 6.0606163e-07 0.0039878017 1.94727e-06 9.1036956e-05 3.1455723e-08 1.7747773e-08 2.2837369e-06 6.027338e-06 7.127238e-05 7.1684924e-05 5.1506962e-05 1.2651517e-06 0.004141271 9.532405e-07 0.0071295975 1.1321063e-07 4.0344778e-05 1.1032882e-06 0.0011618724
0.96544343 0.012842426 0.00031714412 0.0072027124 2.1010258e-19 0.42812437 0.5566126 0.061588198 0.007843178 0.00029983392 0.0020172216 0.5921641 0.9715762 0.00028341962 0.58127296 0.0004953067 0.08418572 0.0023573523 0.043423396 0.00017164845 3.2985427e-05 0.19502248 0.0061738454 8.863031e-07 0.62952876 0.024235407 0.45501342 0.10663912 0.0032866707 0.14484614 0.43825698 0.5920348 0.042378344 9.345719e-08 6.926502e-06 0.004352657 0.03244731 8.910942e-07 0.2811972 0.01135316 5.5284645e-06 3.265252e-06 0.0016136641 0.0656054 6.403668e-07 0.0605371 0.63261765 0.0066214567 0.008180494 0.021106016 4.69203e-07 0.0008258112 0.037283517 0.0068438323 0.013001165 0.0025508082 8.530807e-08 5.480725e-06 3.9408533e-07 0.00016531296 0.14499974 0.008400522 0.010849438 0.0009703221 0.00037176636 6.172632e-08 0.00044439395 0.030784033 0.00060096977 0.057369456 0.0006776948 1.2711129e-06 0.27870896 0.0043188855 0.03550217 0.001266455 0.00073000346 1.2797435e-07 0.02128799 6.35218e-05 7.6312136e-07 0.00021374242 0.021286046 0.06163247 0.00012568937 3.0619598e-05 6.454012e-08 3.3511038e-05 0.0008323663 4.919682e-05 5.0525396e-06 5.2633957e-05 6.767393e-06 0.0003253006 0.0030617188 4.5507363e-08 0.057356298 0.00010255601 0.0024787793 1.3680811e-05 0.00023661228
0.97124034 0.25228626 0.097955056 0.15153252 0.42812437 5.360018e-21 0.13543057 0.12918738 0.77888435 0.23814209 0.046199284 0.046200715 0.12495325 0.061623387 0.19968519 0.014169692 0.91894376 0.010644005 0.057016987 0.003484536 0.006725723 0.82403636 0.5188983 0.0029196811 0.7307834 0.017315459 0.04432673 0.02436084 0.010773156 0.034639042 0.024408912 0.033708747 0.010393972 0.0026424255 0.023420937 0.0034231057 0.0023838312 0.005343143 0.685589 0.0020574431 4.7661186e-05 7.6602555e-05 0.0011134095 0.0027477965 0.00021158493 0.0020813344 0.00833104 0.18764582 0.0002436654 0.3092843 1.4886532e-06 0.00020228159 0.00035309585 0.004826856 0.0001285286 0.08566418 6.892442e-06 0.00014044372 1.0270766e-05 0.0007461247 0.0022216095 0.19266205 3.6546062e-05 0.023167826 0.003226976 3.790644e-07 9.834171e-05 0.00012608914 0.00012045495 0.24324624 0.00034028394 3.1504496e-05 0.19763485 0.0005333216 6.3915446e-05 0.00012599408 0.0005485725 8.6542144e-08 0.13949211 9.446402e-06 7.744671e-05 1.8465442e-05 0.000242612 0.1050332 1.777512e-05 3.222401e-06 6.4301964e-09 1.2770324e-08 0.0004544975 5.3944996e-06 5.9837985e-06 1.1466673e-06 0.0003223348 0.00024498024 0.07908636 1.0151282e-07 0.040253483 3.7500477e-06 0.0013342154 6.5389454e-06 0.015454124
0.9578215 0.013140532 0.0054080933 0.08951277 0.5566126 0.13543057 3.3949612e-18 0.7727944 0.024229871 0.006623721 0.010906521 0.96629643 0.03916864 0.007029882 0.094425574 0.010727702 0.019660665 0.020224983 0.77586514 0.011949483 0.003546442 0.08880349 0.008131629 0.00054123375 0.11437931 0.5666985 0.49220207 0.0040501156 0.113963 0.0043222313 0.02080178 0.17578854 0.0036186592 4.087342e-06 0.00012309797 0.123102814 0.0021157807 0.00023168288 0.05822869 0.2951881 0.0005681495 0.00022190876 0.031441238 0.09805746 2.9974715e-05 0.24116562 0.041131742 0.0032354917 0.06938498 0.004716965 1.0641395e-05 0.028527837 0.03831429 0.00017654034 0.027297901 0.000838745 1.926994e-05 3.8611677e-05 2.5807802e-07 0.00011650169 0.0085308105 0.002106668 0.006277756 0.00065538957 0.0010356832 7.075878e-08 0.002279128 0.00412573 0.0040942575 0.009122795 6.6222645e-05 2.911827e-06 0.047311738 9.378133e-05 0.00052218116 0.01928702 0.00018902445 8.4949406e-08 0.0059652734 0.0020366649 4.984507e-06 0.00096675305 0.0001747657 0.032074682 0.00027438896 0.00023589919 2.3889265e-07 1.5937869e-06 8.737897e-05 0.00043138798 8.537597e-06 2.7000397e-05 9.173342e-06 3.9443054e-05 0.0016138665 2.0122977e-07 0.024909291 9.253216e-05 0.00031802 0.00026175784 0.0008203338
0.90819365 0.17437848 0.0731374 0.8369713 0.061588198 0.12918738 0.7727944 9.0549303e-20 0.054536004 0.011108561 0.66759 0.26831365 0.015347619 0.112981 0.0058897994 0.5392471 0.023622038 0.7878443 0.75427204 0.741395 0.04838385 0.049070276 0.008084919 0.0063154376 0.024216179 0.41840538 0.024458164 0.00032176232 0.8900367 0.00037146546 0.0006747219 0.004037524 0.00060299574 1.145837e-05 0.00013771429 0.5218321 3.4349894e-05 0.00028945837 0.020288661 0.0627423 0.022379495 0.0004486617 0.10178906 0.001038647 6.801241e-05 0.01420321 0.0006075284 0.0022202667 0.0030335034 0.0021144736 2.3252599e-06 0.022649987 0.0005660676 1.8836942e-06 0.0009902946 0.00036545942 7.861483e-06 1.8013297e-05 1.4500153e-08 0.00017110976 0.00024493516 0.0019930464 3.97631e-05 0.00080276764 3.247828e-05 6.8688286e-09 0.010018737 2.8423614e-05 0.015928138 0.0030338808 5.604721e-07 1.0488882e-05 0.006468173 1.7090833e-06 4.6481896e-06 0.0019802956 2.1494068e-06 8.988662e-09 0.0021097956 0.0029675097 9.604796e-07 0.0013889973 1.1704526e-06 0.011666836 1.7167815e-05 0.00015778876 5.1094675e-09 1.0302471e-07 3.661725e-06 7.421304e-05 2.1365415e-06 1.1004987e-05 3.3832205e-06 2.2102358e-06 0.0013793057 1.8730017e-08 0.008151035 1.1798056e-06 1.8635044e-05 2.1879374e-05 0.0004559612
0.98624676 0.4107017 0.46089083 0.12304949 0.007843178 0.77888435 0.024229871 0.054536004 5.0226984e-16 0.9191836 0.050693456 0.0038065007 0.0005016164 0.13414572 0.0012504898 0.0764123 0.83985776 0.021444904 0.03909219 0.013792768 0.058388643 0.45410886 0.68523854 0.13862975 0.09272823 0.0046829875 0.0017449709 0.0005115192 0.01729341 0.000500821 2.5570727e-05 0.0004076709 0.00040013558 0.08280936 0.16844317 0.003208126 1.9267995e-05 0.124896504 0.21842355 0.00037789697 0.0046052844 0.008612165 0.0027354774 0.0002454063 0.016361255 0.0002327421 0.0008983672 0.2152639 3.498429e-05 0.22581111 0.0038209402 0.00017903202 5.4140633e-06 4.4780718e-05 5.897521e-06 0.096641324 0.0010692662 0.009760141 0.0009671081 0.014096538 2.7902866e-05 0.3249218 2.769696e-06 0.03417574 0.00011555847 3.9564704e-05 0.0003696189 1.1490603e-06 0.00033571708 0.04631451 3.5993933e-06 0.0015730796 0.018560022 2.403212e-06 2.9494256e-06 3.213711e-05 6.9814073e-06 2.1254355e-06 0.0269153 1.9749938e-05 0.001205466 5.5313052e-05 3.347384e-06 0.036103494 1.2113068e-06 6.133221e-05 4.3820197e-05 1.221298e-05 2.5952162e-05 3.7158966e-06 0.00011781406 0.00033086643 0.0026191468 6.388759e-07 0.053409584 1.7707629e-05 0.012660945 3.7311213e-07 4.4391677e-06 3.6506788e-06 0.03512504
0.94798195 0.34273136 0.7651708 0.15588629 0.00029983392 0.23814209 0.006623721 0.011108561 0.9191836 1.3705025e-16 0.065204516 0.00024210975 2.5939866e-05 0.465767 1.9712303e-05 0.06746504 0.42350596 0.011643188 0.004360682 0.012464679 0.24067037 0.14617102 0.49241096 0.75531644 0.0015531115 0.00026965514 7.7141536e-05 4.2126125e-05 0.00803621 5.170286e-06 1.2832173e-06 3.5409178e-06 1.8313234e-05 0.6581625 0.53078717 0.0004514313 4.481361e-07 0.54397225 0.017634701 1.3573442e-05 0.021670884 0.04550227 0.0009415579 2.6132793e-05 0.20514166 7.090564e-06 1.6263386e-05 0.18792902 1.2916842e-06 0.112815194 0.030489419 8.481779e-06 2.0454316e-07 1.15957484e-07 3.1596687e-07 0.0813892 0.023415482 0.048573043 0.021801857 0.027422775 1.067643e-06 0.16269894 3.7831757e-07 0.06267831 7.641231e-06 0.0019679265 0.00017525538 2.414939e-07 0.00020339484 0.01502388 3.5914656e-08 0.0053147166 0.0039058477 6.892428e-08 3.8505732e-07 1.8611786e-06 7.006242e-07 0.00016803287 0.007690887 4.3404822e-07 0.0031839828 1.9431396e-05 1.2203183e-06 0.006133657 8.840964e-07 2.138881e-05 9.724718e-05 5.362886e-06 4.0354525e-08 6.475622e-06 0.0009912696 0.0005698961 0.0035089357 6.99958e-08 0.020544052 0.00012465214 0.006936266 8.4944435e-07 1.7198089e-06 3.930054e-06 0.02087772
0.36794394 0.34190887 0.21081129 0.91627204 0.0020172216 0.046199284 0.010906521 0.66759 0.050693456 0.065204516 7.4502043e-19 0.0021525577 0.0002951204 0.8607156 4.281225e-05 0.91682667 0.01858591 0.5056686 0.016464358 0.6028705 0.5131296 0.01640534 0.022801066 0.09778768 0.00046839516 0.0030378331 0.00015035919 7.360645e-05 0.2234172 1.8229899e-06 5.286479e-06 2.6764967e-05 0.00011806015 0.0042060553 0.0015157958 0.01496502 1.4398205e-07 0.002447471 0.0022448837 0.0004152867 0.18617393 0.02550328 0.017308466 1.567789e-05 0.004783822 0.00010941795 5.8877263e-06 0.004885479 9.235592e-05 0.0017181402 8.799235e-05 0.0012519184 1.0193502e-05 7.549003e-08 2.182109e-05 0.0021099362 0.0003925078 0.0006951421 9.1250346e-05 0.0005393561 5.078181e-06 0.0012404238 1.31402e-06 0.0035802324 3.4937193e-06 8.450379e-06 0.006394923 1.675798e-06 0.004340613 0.0009502395 1.9694637e-07 6.9475434e-05 0.0008514785 3.920336e-06 3.563167e-06 1.4416727e-05 3.7347667e-07 5.9392546e-06 0.00040210757 0.00060557923 3.333608e-05 0.00043144965 7.5840325e-07 0.0012174891 7.983543e-07 0.00048859214 5.410597e-07 5.754489e-07 4.3605864e-06 4.334325e-06 0.0001786394 0.0007387582 5.0520334e-06 1.683015e-06 0.0005965404 4.4658723e-06 0.0014274296 2.6427916e-08 2.1046346e-05 1.259053e-06 0.0002443244
0.9396093 0.0013727201 0.0005485872 0.0037721505 0.5921641 0.046200715 0.96629643 0.26831365 0.0038065007 0.00024210975 0.0021525577 1.33278715e-17 0.11722897 0.002192398 0.08490905 0.0032050542 0.0042263023 0.009437929 0.5543456 0.004438065 0.0006909032 0.024781963 0.0013508608 3.206138e-05 0.07709137 0.5162198 0.80656314 0.001931408 0.034131978 0.0055629318 0.07475285 0.6789195 0.0031983752 3.0625873e-07 5.3592153e-06 0.07463233 0.004273555 5.1404622e-06 0.025688414 0.4997367 8.1229664e-05 4.7913483e-05 0.021205425 0.40115118 2.8100171e-06 0.528133 0.21779978 0.00025930678 0.16994028 0.00079901586 1.1140962e-06 0.035999283 0.1695421 0.00082815235 0.10535462 9.485115e-05 2.3171943e-07 1.2175965e-05 1.3508175e-07 1.2968009e-05 0.050161596 0.0008534036 0.040985737 0.00023192362 0.0009667895 8.0581884e-08 0.00083616213 0.027872074 0.0021927515 0.0050062817 0.00020419617 1.0448803e-06 0.02902731 0.0006477923 0.0031270778 0.022545433 0.00010077113 1.1327489e-07 0.003129254 0.0006325841 1.23049e-06 0.0007154809 0.00062319235 0.024601977 0.0005609331 4.223317e-05 8.809784e-08 1.1042793e-05 0.00021514125 0.0003384182 9.710849e-06 1.0303828e-05 1.8256344e-06 0.0001042066 0.0007398733 2.8302728e-07 0.014458123 0.0008710682 0.00027663965 0.0001493693 0.00013654854
0.9357044 0.0007116347 5.426871e-05 0.0012689158 0.9715762 0.12495325 0.03916864 0.015347619 0.0005016164 2.5939866e-05 0.0002951204 0.11722897 1.0784591e-18 0.00011840405 0.68214226 0.00019994895 0.0134867905 0.00047769537 0.008511063 5.389694e-05 1.9102448e-05 0.07500817 0.0004573158 6.152723e-07 0.56137174 0.0053327503 0.046908148 0.24233937 0.0008420968 0.6228742 0.83076763 0.12718366 0.116923176 5.627958e-08 4.727847e-07 0.00061420887 0.1168297 3.9765143e-07 0.14702582 0.0015790513 6.9083344e-06 3.2497564e-06 0.00093160925 0.011529242 2.5465425e-07 0.004213419 0.34890717 0.0011859364 0.00079896906 0.004268249 8.61911e-08 0.000107198 0.0086513655 0.04602017 0.0016295993 0.0001760108 3.7749388e-08 1.9747497e-06 9.81737e-07 5.5209093e-06 0.040977545 0.0017312798 0.0030143864 5.8942125e-05 0.0007063695 3.0800825e-07 0.00012057125 0.008193171 0.00030950486 0.038450565 0.0036758608 1.850696e-07 0.22679839 0.020664075 0.01425825 0.00019278204 0.00044987616 3.816409e-07 0.017815607 3.9353403e-05 2.4014486e-07 9.6424075e-05 0.104401276 0.0464524 4.651491e-05 7.512609e-05 7.70306e-09 4.3444536e-05 0.004589997 3.834819e-05 2.018473e-05 0.0004720898 5.552986e-07 0.00018086344 0.0021400044 3.1700302e-09 0.0655679 2.5688025e-05 0.0005871774 3.248051e-05 3.0706946e-05
0.5162287 0.44891942 0.48323876 0.81667656 0.00028341962 0.061623387 0.007029882 0.112981 0.13414572 0.465767 0.8607156 0.002192398 0.00011840405 1.6401624e-18 2.651834e-05 0.69794595 0.048666555 0.11065707 0.012326919 0.16883677 0.9532499 0.045140527 0.07228388 0.8076437 0.00052425434 0.0016029703 0.000100668156 2.8660259e-05 0.06197543 8.917944e-06 8.0298205e-06 3.9464553e-06 2.9993616e-05 0.12189628 0.022063395 0.008121251 3.871768e-07 0.04552404 0.008418403 0.00013343705 0.3398784 0.21321622 0.010011484 3.6133779e-06 0.10040699 2.5395386e-05 2.7980557e-06 0.027636502 7.800371e-06 0.011965539 0.0016673876 0.0004824182 1.3087448e-06 9.3151755e-07 1.7900861e-06 0.010145279 0.004293086 0.006605088 0.002401922 0.0057786396 1.3125126e-05 0.012985745 4.472664e-07 0.010830814 1.3405694e-06 0.00048623898 0.004902412 1.703869e-06 0.004005716 0.0026409011 1.1351816e-06 0.0014739522 0.001376077 1.9284098e-05 1.5921842e-06 9.949363e-07 3.226557e-07 8.317849e-05 0.0012997793 0.0010023654 0.00057017064 9.2032715e-05 5.7297916e-07 0.003387277 4.784741e-07 0.00029368434 2.5128427e-05 5.2483565e-06 6.4546834e-06 1.1405119e-06 0.0012628043 0.0019141438 0.00048907025 1.7323127e-06 0.0013798393 0.00013968062 0.0023713817 5.9937996e-08 3.8437292e-06 8.393918e-07 0.0012366582
0.99672323 0.0001853028 4.7392732e-05 0.00053129555 0.58127296 0.19968519 0.094425574 0.0058897994 0.0012504898 1.9712303e-05 4.281225e-05 0.08490905 0.68214226 2.651834e-05 7.7588e-16 0.00013697948 0.021688178 0.00023164091 0.0059279175 4.423976e-05 8.233816e-06 0.045290522 0.0010626062 3.6197875e-07 0.72342753 0.0014519513 0.083088316 0.5205077 0.00010895552 0.8647988 0.7314142 0.26431498 0.49150917 4.717088e-07 1.1232422e-06 0.0003048878 0.56935334 2.7202066e-07 0.08050503 0.00038641514 5.234712e-05 2.694644e-06 0.0007993616 0.026262043 2.9332753e-07 0.0015715853 0.54736257 0.0010958881 0.00051146845 0.004712832 3.1952116e-08 0.00011808368 0.0016879725 0.7064732 0.00031651868 0.00027273232 1.2953356e-08 2.0266185e-07 1.6969501e-07 1.7269749e-06 0.0923783 0.0036029208 0.004282657 2.3303783e-05 0.019035824 6.872344e-08 0.00023754673 0.032602802 0.00091992394 0.11451732 0.13743816 3.478169e-07 0.5313461 0.34724912 0.029585792 0.0003119927 0.0024680456 7.069281e-08 0.09853774 0.00024069576 1.4623478e-07 7.3287185e-05 0.39483106 0.13432595 0.00031969065 0.00021277515 6.693083e-09 6.866484e-05 0.06887267 0.00010505065 8.2753846e-05 0.0015530086 1.5146527e-07 0.0020192694 0.025368681 1.3580904e-08 0.24715948 0.0006449014 0.006224357 0.00022316813 3.3572454e-05
0.6763691 0.5211952 0.31968758 0.822066 0.0004953067 0.014169692 0.010727702 0.5392471 0.0764123 0.06746504 0.91682667 0.0032050542 0.00019994895 0.69794595 0.00013697948 3.0734665e-16 0.006204882 0.72530884 0.055235725 0.8751207 0.6131594 0.01043516 0.005567722 0.15988079 0.00023628034 0.0075750127 0.00021243715 0.000105696105 0.4044265 4.1389862e-06 4.4933204e-06 2.0713534e-05 8.7122186e-05 0.009646887 0.00398469 0.034769356 1.13238606e-07 0.0038476957 0.0037766192 0.0011058934 0.5345586 0.04671174 0.07405209 9.275767e-06 0.004637831 9.442713e-05 6.801529e-06 0.0023762719 0.000100377976 0.000902239 0.0001301681 0.0025055467 5.510694e-06 2.9797943e-07 1.3600964e-05 0.0013112486 0.0005698083 0.00032213717 2.7229997e-05 0.0008004445 3.0414956e-06 0.0022147314 3.0092647e-06 0.0020561037 6.266179e-06 1.843995e-06 0.02753025 4.8764133e-07 0.008887548 0.00028235643 6.6531686e-07 6.0828985e-05 0.0001848254 3.1102127e-06 5.127903e-06 8.854076e-05 1.9112076e-06 1.3325151e-06 0.0002622741 0.0011580013 1.3871944e-05 0.00028529213 1.9616296e-06 0.0020194082 3.810374e-06 0.00095852837 1.4124789e-06 1.7260752e-05 7.285558e-06 7.933387e-06 0.00031282185 0.003544447 3.6157185e-06 1.9756576e-06 0.00026479992 2.0023767e-06 0.00025078453 2.994534e-07 2.794345e-07 5.691036e-06 0.00012974635
0.9476037 0.18152495 0.17134438 0.05868077 0.08418572 0.91894376 0.019660665 0.023622038 0.83985776 0.42350596 0.01858591 0.0042263023 0.0134867905 0.048666555 0.021688178 0.006204882 4.2122008e-21 0.00147508 0.0042898324 0.00091436564 0.010557161 0.7635823 0.8789597 0.018526603 0.41692036 0.000558646 0.0022333867 0.0020855993 0.0011060743 0.0013430789 0.00043326063 0.000783476 0.0012869522 0.014139805 0.12281903 0.0002515954 8.644931e-05 0.083962135 0.53903043 5.358242e-05 4.7210528e-05 0.0003301509 0.00018552296 8.925571e-05 0.0010497789 0.00016275622 0.0001963709 0.3053646 1.8499215e-05 0.4690938 0.0025321725 2.332685e-06 3.9676925e-05 0.0003895714 1.6614309e-05 0.13669842 0.00088352594 0.013956965 0.00086044683 0.009253427 0.0002193678 0.24400726 6.054484e-06 0.09221434 0.00048581252 4.053201e-05 5.045998e-05 1.27092435e-05 7.399763e-05 0.2491229 3.459485e-05 0.0023049898 0.085241236 7.680709e-05 1.3724629e-05 8.2744655e-06 0.00014100538 3.594039e-06 0.10734559 1.4563719e-05 0.0013262169 1.5203287e-05 2.6830829e-05 0.04350078 1.6701335e-05 5.2712344e-06 1.7893071e-05 1.7709782e-06 0.00021407513 6.6958064e-06 5.949592e-05 5.425109e-06 0.00069278636 6.308184e-05 0.11882861 1.9198392e-06 0.017520145 1.1168215e-06 0.00043933644 5.0480508e-06 0.023235474
0.31108427 0.30775058 0.14112535 0.6447717 0.0023573523 0.010644005 0.020224983 0.7878443 0.021444904 0.011643188 0.5056686 0.009437929 0.00047769537 0.11065707 0.00023164091 0.72530884 0.00147508 2.664329e-18 0.104009084 0.9700874 0.06553299 0.007128391 0.0024043294 0.018807737 0.0005593022 0.012985311 0.0004122758 0.00020397468 0.7518835 4.5692755e-06 4.6532773e-06 5.5595883e-05 9.658431e-05 0.0002684922 7.5723976e-05 0.12348595 1.5819141e-07 0.00011729991 0.0023977282 0.0008073566 0.1842668 0.0037167242 0.101598404 1.38265605e-05 0.00035283918 0.00013223838 1.0373339e-05 0.0004314581 9.894255e-05 0.00022088242 6.091237e-06 0.0023232973 8.279138e-06 1.2859768e-07 1.043409e-05 0.000639202 2.1929467e-05 7.8611796e-05 1.0451682e-06 0.00038157473 9.654871e-06 0.0003552474 9.845808e-07 0.0018388814 1.8843273e-05 2.6683998e-07 0.020104976 1.5913098e-06 0.013008179 0.00013248112 4.867177e-07 1.156498e-05 0.00045928083 4.4694384e-06 3.4388488e-06 3.1430103e-05 4.628329e-06 2.0468013e-07 0.00021500055 0.0006888428 6.388671e-06 0.00020106262 3.866313e-06 0.0013395982 2.4510107e-06 0.00091555703 1.1773144e-07 5.625256e-07 5.279697e-06 5.3682593e-06 4.3186436e-05 0.00073052687 5.2404164e-07 3.3397475e-06 0.0002603336 2.609489e-07 0.00033989182 1.6416675e-07 1.959427e-06 2.6492999e-06 1.3080305e-05
0.98009074 0.030611066 0.018186707 0.062011983 0.043423396 0.057016987 0.77586514 0.75427204 0.03909219 0.004360682 0.016464358 0.5543456 0.008511063 0.012326919 0.0059279175 0.055235725 0.0042898324 0.104009084 2.0627575e-17 0.05468916 0.0042010443 0.04105229 0.0021976721 0.0010797641 0.032185387 0.9260442 0.12585007 0.0006237195 0.70244724 0.00081166363 0.0013630498 0.058510296 0.0012497788 3.4359412e-06 9.259377e-05 0.7130275 0.00080389576 0.00014838185 0.021443699 0.7118678 0.004108134 0.0006170526 0.49479267 0.1376515 8.1913924e-05 0.45536095 0.029006772 0.00056723674 0.2748444 0.00038623443 1.1826665e-05 0.4033336 0.09527568 2.4524415e-06 0.12557645 0.00044632412 1.6470825e-05 4.734272e-05 1.598331e-07 4.952058e-05 0.0051362924 0.00079309475 0.019166509 0.0012190936 0.000103854596 3.2995192e-08 0.0062161647 0.004711745 0.022832885 0.0018465479 5.4756315e-06 2.362878e-06 0.0064376006 0.000102102706 0.0003434074 0.18120362 1.2205145e-05 8.481001e-08 0.0007904775 0.012377691 3.425883e-06 0.007842834 0.00034463263 0.010896177 0.0031332376 0.0005856481 2.3198764e-07 1.5264312e-06 4.31375e-05 0.0014495295 4.0803225e-05 0.00012835588 1.6457424e-06 7.3402766e-06 0.0001665736 1.9484001e-07 0.0072669825 0.001349281 4.5148034e-05 0.0024856252 9.296433e-05
0.24973078 0.31744805 0.14810072 0.648848 0.00017164845 0.003484536 0.011949483 0.741395 0.013792768 0.012464679 0.6028705 0.004438065 5.389694e-05 0.16883677 4.423976e-05 0.8751207 0.00091436564 0.9700874 0.05468916 6.5057275e-18 0.16137208 0.0033926084 0.0010559943 0.032046456 0.00016568686 0.00647152 7.01486e-05 9.041123e-05 0.7311242 1.4875645e-06 1.6849837e-06 1.244079e-05 1.0734741e-05 0.0005189962 7.98056e-05 0.0844858 7.332853e-08 0.000103770835 0.0014604945 0.00048443335 0.34218574 0.005856339 0.06216365 8.582692e-06 0.00058565143 7.749023e-05 4.474927e-06 0.00020736313 5.0977233e-05 0.00012319403 4.7116637e-06 0.0009491327 2.8436014e-06 9.292802e-08 4.7406493e-06 0.000296531 1.35418795e-05 4.2787964e-05 2.5961533e-06 0.00023965746 3.642343e-06 0.00038978845 1.4567516e-06 0.00094938354 2.1881044e-05 8.453591e-07 0.020686075 8.827071e-07 0.010418142 0.000102299986 6.014393e-07 9.426846e-06 0.0004541303 3.1608306e-06 2.767486e-06 2.7116519e-05 3.3264002e-06 3.3625167e-07 0.00012890385 0.0002933386 7.6048887e-06 7.552276e-05 3.4037544e-06 0.0018819553 3.0576277e-06 0.0012665517 5.5951506e-07 3.8718903e-07 4.9974633e-06 2.688517e-06 3.1629825e-05 0.0008728512 1.3996596e-06 1.7223482e-06 0.00015161639 6.2522497e-07 5.2388972e-05 3.2290444e-07 3.9654486e-07 1.7926093e-06 1.8659335e-05
0.32285252 0.24306715 0.28262207 0.48999527 3.2985427e-05 0.006725723 0.003546442 0.04838385 0.058388643 0.24067037 0.5131296 0.0006909032 1.9102448e-05 0.9532499 8.233816e-06 0.6131594 0.010557161 0.06553299 0.0042010443 0.16137208 1.4848138e-17 0.0068540475 0.014440795 0.8926246 4.6554585e-05 0.00018910687 5.943685e-06 7.0277797e-06 0.042555653 7.205359e-07 9.615335e-07 2.6712868e-07 9.59966e-07 0.13098967 0.03667916 0.0021586416 1.3764994e-08 0.052539885 0.00141792 7.2507755e-06 0.85126674 0.5384167 0.004869445 1.2959157e-07 0.15618907 2.2284057e-06 1.8310125e-07 0.010937395 7.081612e-07 0.0029334729 0.003477826 2.5713172e-05 2.0003678e-07 1.0952459e-07 4.6454576e-07 0.0039032784 0.004678719 0.0041976324 0.0077893888 0.004812586 7.0011856e-07 0.0024989925 1.2240673e-07 0.005398154 5.065325e-06 0.0008534699 0.009083261 8.9961105e-08 0.002548067 0.00044829558 4.875897e-07 0.0006722155 0.00036112402 6.5180757e-06 3.317297e-07 3.7438374e-06 1.4062833e-07 5.5321438e-05 0.000120410274 0.00019277654 0.00011255059 1.2901853e-05 1.2678154e-07 0.003163717 2.9050852e-07 0.00047998253 2.9735154e-05 0.00010164171 4.882814e-06 4.6834282e-07 0.0022774676 0.0073779398 5.9840477e-05 5.823854e-07 0.00019583417 9.2324124e-05 0.00022753696 4.1179028e-08 2.1930553e-07 5.8839737e-07 0.000444924
0.9923034 0.08012246 0.08022877 0.07152805 0.19502248 0.82403636 0.08880349 0.049070276 0.45410886 0.14617102 0.01640534 0.024781963 0.07500817 0.045140527 0.045290522 0.01043516 0.7635823 0.007128391 0.04105229 0.0033926084 0.0068540475 5.5531473e-19 0.48100168 0.020767221 0.57607424 0.006880782 0.015653927 0.004403001 0.0049386127 0.010136613 0.009846898 0.01301233 0.0027665165 0.003942256 0.019758038 0.0011476848 0.0019050172 0.00503713 0.7755715 0.00019057296 0.00019300722 0.000525496 0.00085105276 0.0010587175 0.0012624064 0.00046457196 0.0032628493 0.1592627 0.00017611774 0.43463922 2.5029101e-05 2.1979215e-05 0.00014744802 0.0021825389 0.00013056632 0.06569078 6.5016706e-05 0.0003685308 6.480074e-05 0.00040068492 0.0011302618 0.3129024 3.6577378e-05 0.020679878 0.0018273565 3.8360317e-06 0.00032819546 5.9519698e-05 0.00017972055 0.6453906 0.0006321845 7.86784e-05 0.24445069 0.0015320103 4.4493714e-05 0.00010937173 0.0002619229 1.5422077e-06 0.51970667 1.2592313e-05 0.00010133809 3.878328e-05 0.00044841444 0.095346645 2.1072736e-05 0.00011591122 2.524939e-06 2.0840107e-05 0.0011567469 2.3331177e-05 4.9563623e-05 0.0012801597 0.000117544165 0.00027424924 0.33571544 6.209995e-08 0.09706716 1.3273783e-06 0.005664431 1.42349e-05 0.017868424
0.9845335 0.08248362 0.12467814 0.031436745 0.0061738454 0.5188983 0.008131629 0.008084919 0.68523854 0.49241096 0.022801066 0.0013508608 0.0004573158 0.07228388 0.0010626062 0.005567722 0.8789597 0.0024043294 0.0021976721 0.0010559943 0.014440795 0.48100168 1.6991471e-19 0.051376518 0.09136563 0.00012367466 0.00020235799 0.00052529486 0.00018883508 0.000149735 1.9302717e-05 5.2958116e-05 0.00030212302 0.046423614 0.35726458 8.216789e-05 2.0205223e-05 0.18507268 0.2121669 2.3814646e-06 0.00022514079 0.0012430486 9.089876e-05 4.508724e-05 0.0032640647 1.6128253e-05 8.417824e-05 0.62341684 1.2743743e-06 0.79008025 0.019999374 2.5781887e-06 9.39021e-06 3.1186402e-05 4.3317796e-06 0.39286637 0.0027558783 0.0562225 0.002197512 0.04451201 0.00017562933 0.5950453 4.9114897e-06 0.26210824 7.060506e-05 0.00016455936 0.00027465334 1.0938335e-05 0.00087879767 0.1804444 5.076365e-06 0.010749613 0.020096723 2.4279288e-05 8.773351e-05 7.063122e-06 0.00016446883 1.8414321e-05 0.09541604 6.1205006e-05 0.0061837863 0.000111335394 0.000112405345 0.025117071 3.3437587e-05 3.3357992e-05 0.0007919565 2.020484e-05 0.00015718964 2.783589e-05 0.00016890801 0.0001092081 0.0015639116 1.633514e-05 0.22002588 7.477648e-05 0.016087564 7.112144e-07 0.00010273368 1.8166771e-05 0.055494893
0.91505414 0.1643316 0.28748244 0.1942298 8.863031e-07 0.0029196811 0.00054123375 0.0063154376 0.13862975 0.75531644 0.09778768 3.206138e-05 6.152723e-07 0.8076437 3.6197875e-07 0.15988079 0.018526603 0.018807737 0.0010797641 0.032046456 0.8926246 0.020767221 0.051376518 5.453996e-18 6.2159954e-05 1.36628705e-05 1.6358337e-07 6.770171e-07 0.011573925 5.3009296e-07 2.4571855e-07 5.74498e-09 2.307082e-07 0.7926812 0.23986399 0.00096866477 8.029984e-09 0.37469336 0.0075017093 9.7331096e-08 0.6078897 0.95048016 0.0025320635 4.249502e-08 0.71375465 5.7922954e-08 1.9057584e-08 0.0895592 5.6461502e-08 0.022152936 0.03588624 2.5378254e-06 7.155228e-09 1.3307047e-07 9.567761e-09 0.02724774 0.055581298 0.028783178 0.052649166 0.0727663 4.5927115e-07 0.028531147 2.983033e-09 0.029902447 5.6873057e-07 0.005482435 0.0009867895 1.1429333e-08 0.0006012942 0.0027168002 3.6256333e-07 0.013472296 0.00041710117 1.6760386e-07 8.975013e-08 3.3099846e-07 3.9402897e-07 0.00039021336 0.0011626367 8.7529595e-05 0.0028880418 3.5181736e-06 4.506718e-08 0.0028548199 1.2312935e-07 9.734581e-05 0.0005297865 0.00033738365 1.6385566e-07 2.786197e-07 0.005717859 0.005915491 0.0042353547 2.5196215e-07 0.0024283284 0.0005075143 0.0088220695 6.3953736e-09 2.6559138e-07 6.8939704e-07 0.0067182938
0.97369987 0.07876724 0.004835211 0.013577345 0.62952876 0.7307834 0.11437931 0.024216179 0.09272823 0.0015531115 0.00046839516 0.07709137 0.56137174 0.00052425434 0.72342753 0.00023628034 0.41692036 0.0005593022 0.032185387 0.00016568686 4.6554585e-05 0.57607424 0.09136563 6.2159954e-05 1.4361968e-17 0.0039451933 0.077436745 0.28847495 0.0014216469 0.57502615 0.29449686 0.10066356 0.5581196 4.568099e-06 0.0002830717 0.0007638684 0.1436985 1.7752116e-05 0.88424283 0.0004591339 9.096501e-05 1.4387992e-05 0.000559904 0.004124465 2.0337902e-05 0.000335865 0.12568767 0.008177538 9.915831e-05 0.037471123 8.389824e-08 4.163443e-05 0.000121387995 0.39507386 6.295688e-05 0.00095950655 1.7851839e-07 2.2246413e-06 2.9282933e-06 1.973017e-05 0.0065584285 0.009399391 0.00012799638 0.00029551584 0.127294 3.5034435e-07 2.3305403e-05 0.0010350309 5.8514783e-05 0.3058161 0.031956945 1.1422828e-06 0.7849191 0.057949245 0.0012723908 5.5905904e-05 0.011837668 9.091834e-07 0.21912862 4.9714396e-05 7.370949e-07 3.0102281e-05 0.06068493 0.218901 5.339684e-05 3.0134219e-05 1.7214867e-07 2.6012858e-06 0.015195345 8.212802e-05 8.157041e-06 2.0521218e-05 1.8616639e-07 0.0063434 0.054189224 1.9127202e-09 0.18447241 3.9510065e-05 0.06760672 5.2741187e-05 5.4419423e-05
0.84548277 0.004718265 0.003304727 0.0129133575 0.024235407 0.017315459 0.5666985 0.41840538 0.0046829875 0.00026965514 0.0030378331 0.5162198 0.0053327503 0.0016029703 0.0014519513 0.0075750127 0.000558646 0.012985311 0.9260442 0.00647152 0.00018910687 0.006880782 0.00012367466 1.36628705e-05 0.0039451933 3.986575e-19 0.1813603 0.000112255046 0.3209567 7.689306e-05 0.0006036655 0.048887413 0.0002517591 1.6678493e-07 9.1923584e-07 0.57405126 6.476039e-05 6.6027405e-07 0.003909019 0.9423737 6.9063484e-05 7.5622042e-06 0.2655697 0.06962893 2.1423942e-07 0.48022395 0.007753784 4.208318e-06 0.28390506 1.941045e-05 2.7604628e-07 0.53659433 0.062427677 5.6201463e-07 0.10014124 7.0681763e-06 1.11660476e-07 1.4962365e-06 2.7836672e-08 1.237494e-05 0.003883279 0.0001332059 0.022432039 5.8162386e-05 2.4820756e-05 3.6532013e-09 0.00258572 0.0053106453 0.011795572 0.00039228456 1.0475892e-06 1.1622114e-06 0.00280664 7.693828e-06 0.00028017728 0.12078044 9.3666563e-07 8.323148e-09 0.00018915843 0.009256941 9.3147673e-07 0.008962971 2.812359e-05 0.0022578393 0.0056201876 2.3339613e-05 6.3112665e-08 7.274956e-08 1.1838886e-05 0.0014852853 3.5062696e-06 2.8490388e-06 2.0080429e-06 1.2122683e-06 0.00021767165 4.0266105e-08 0.0021947701 0.002222023 3.6603913e-06 0.0025978289 8.047303e-05
0.9722958 0.0030365034 0.0007437312 0.0011831456 0.45501342 0.04432673 0.49220207 0.024458164 0.0017449709 7.7141536e-05 0.00015035919 0.80656314 0.046908148 0.000100668156 0.083088316 0.00021243715 0.0022333867 0.0004122758 0.12585007 7.01486e-05 5.943685e-06 0.015653927 0.00020235799 1.6358337e-07 0.077436745 0.1813603 1.6983094e-21 0.0006905029 0.0028914714 0.0016091077 0.04161649 0.9523328 0.006984871 3.565366e-08 2.4602645e-07 0.007804052 0.0032665154 1.1379179e-07 0.019544465 0.35504198 2.0021535e-06 9.248019e-07 0.011868036 0.90249527 6.296357e-08 0.62353337 0.5565878 4.0985626e-05 0.21625125 0.00018741863 2.5638877e-07 0.023615146 0.43864965 1.0601152e-05 0.28861025 3.1672444e-05 1.3047016e-07 1.8526658e-06 2.3581501e-08 1.4126729e-06 0.12306187 0.00017443666 0.29391396 9.171073e-05 9.858944e-05 4.5284727e-09 0.00013959431 0.1628873 0.00048157654 0.0014077553 7.682808e-06 6.922969e-08 0.014807885 0.00010173267 0.019353926 0.040678382 6.194487e-06 9.091739e-09 0.0008693131 0.00023005447 2.6222267e-07 0.00031185587 0.0027093296 0.011985028 0.0038381268 7.2135385e-06 1.0015885e-07 7.504996e-07 2.5406163e-05 0.00036765 1.5725245e-06 2.8825423e-06 2.7355713e-07 3.9635663e-05 0.00034397136 1.849451e-08 0.01287647 0.007609986 3.2221877e-05 0.00040106967 2.3298959e-05
0.75651354 7.8181154e-05 7.235376e-05 3.143886e-05 0.10663912 0.02436084 0.0040501156 0.00032176232 0.0005115192 4.2126125e-05 7.360645e-05 0.001931408 0.24233937 2.8660259e-05 0.5205077 0.000105696105 0.0020855993 0.00020397468 0.0006237195 9.041123e-05 7.0277797e-06 0.004403001 0.00052529486 6.770171e-07 0.28847495 0.000112255046 0.0006905029 4.1038823e-16 0.00013920189 0.8901349 0.48218146 0.0054120766 0.9596081 3.1877e-06 9.46975e-07 3.717465e-05 0.4586993 1.3011844e-06 0.017637098 4.989931e-05 0.00018287991 1.9066229e-05 0.00043556324 0.0003469284 4.7170543e-06 2.8442379e-05 0.028616883 0.00058555265 6.601617e-06 0.00073011627 1.8815062e-07 2.526259e-06 4.18172e-05 0.87773776 7.995738e-06 0.00040285988 4.2998218e-07 3.0159415e-06 7.5037114e-08 1.240342e-06 0.009334012 0.00087089714 8.4639665e-05 8.392575e-05 0.06260935 7.9469174e-08 0.0004849925 0.0009567087 0.0020595544 0.011650542 0.29334474 9.950264e-07 0.30905956 0.17667073 0.0026532547 2.6880066e-06 0.06716156 1.041658e-07 0.0160328 0.00031198465 9.4843904e-07 0.0001822712 0.12841944 0.02180638 6.5842387e-06 0.00063041 4.5702578e-07 0.00019911226 0.07012672 6.729152e-06 8.968352e-05 0.0007598219 2.415183e-07 0.0038657866 0.0049617467 8.828444e-07 0.036650207 1.2602357e-05 0.0044827787 4.6801204e-05 2.7127935e-06
0.78756016 0.13960078 0.055297155 0.41677564 0.0032866707 0.010773156 0.113963 0.8900367 0.01729341 0.00803621 0.2234172 0.034131978 0.0008420968 0.06197543 0.00010895552 0.4044265 0.0011060743 0.7518835 0.70244724 0.7311242 0.042555653 0.0049386127 0.00018883508 0.011573925 0.0014216469 0.3209567 0.0028914714 0.00013920189 6.1166966e-18 2.7243175e-06 2.0344214e-06 0.00015403939 0.000110741836 5.943331e-05 6.0497085e-05 0.94194645 1.2670927e-07 4.8767488e-05 0.005202892 0.025560718 0.1048098 0.0019669975 0.87353176 8.263523e-05 7.3118514e-05 0.0011044148 5.7900947e-05 0.00013937391 0.001122657 6.220449e-05 3.2958937e-06 0.20088118 1.8757108e-05 6.249337e-08 6.109059e-05 4.289415e-05 9.815745e-06 1.9303932e-05 2.0014515e-07 0.0001795631 1.4936268e-05 0.00031105182 5.882658e-06 0.00048680848 2.4410672e-05 5.9533967e-08 0.13157174 4.5646498e-06 0.3493912 0.00016922146 1.5960174e-07 1.4423274e-05 0.003472409 7.956682e-07 4.3607274e-06 0.0035260506 5.208943e-06 6.574243e-08 0.00015281951 0.03372697 3.502643e-06 0.005410296 1.8074343e-06 0.0034790318 4.0828327e-05 0.0067418423 2.260285e-07 4.0055265e-06 1.7500369e-06 8.65365e-05 2.1227523e-05 0.0006128383 8.998582e-06 1.946852e-06 0.00033802068 3.107848e-07 0.0020654625 2.7474791e-06 2.733572e-06 0.00017568965 9.251468e-05
0.83828837 0.00013859758 3.0623538e-05 4.307896e-05 0.14484614 0.034639042 0.0043222313 0.00037146546 0.000500821 5.170286e-06 1.8229899e-06 0.0055629318 0.6228742 8.917944e-06 0.8647988 4.1389862e-06 0.0013430789 4.5692755e-06 0.00081166363 1.4875645e-06 7.205359e-07 0.010136613 0.000149735 5.3009296e-07 0.57502615 7.689306e-05 0.0016091077 0.8901349 2.7243175e-06 2.0476883e-18 0.8694924 0.013312552 0.552186 2.651844e-07 2.7862924e-07 1.854163e-06 0.9246348 3.1417665e-07 0.061145317 2.0566025e-05 1.1049578e-05 5.5991217e-07 2.219349e-05 0.0011958905 2.2261216e-07 0.00020502957 0.11895269 0.00014247333 6.659993e-05 0.0002756865 5.185818e-07 2.3611592e-06 0.00042995106 0.62491065 7.634431e-05 8.579415e-05 1.4263727e-06 3.4161621e-07 1.2406804e-06 1.201447e-06 0.022956153 0.00053834374 0.00095687073 1.9807561e-05 0.018806066 6.726434e-07 0.00014000443 0.005014574 0.00015767729 0.01316893 0.20441829 3.7470784e-07 0.19007322 0.3062634 0.0125040645 1.1476754e-05 0.16193505 1.1764384e-06 0.016271045 5.0118056e-06 5.5211675e-08 4.1874864e-05 0.3243428 0.029713867 2.0879257e-05 0.00018764702 1.3350099e-07 0.000388431 0.111654885 1.941043e-05 0.00020028428 0.0016581159 3.3480214e-07 0.001337212 0.0034142395 2.3457005e-09 0.039035503 2.0544658e-05 0.0004343932 6.4152664e-06 4.668379e-05
0.70691514 8.656522e-05 3.674935e-06 0.00011767841 0.43825698 0.024408912 0.02080178 0.0006747219 2.5570727e-05 1.2832173e-06 5.286479e-06 0.07475285 0.83076763 8.0298205e-06 0.7314142 4.4933204e-06 0.00043326063 4.6532773e-06 0.0013630498 1.6849837e-06 9.615335e-07 0.009846898 1.9302717e-05 2.4571855e-07 0.29449686 0.0006036655 0.04161649 0.48218146 2.0344214e-06 0.8694924 1.0761002e-18 0.20670554 0.18831466 3.1517385e-07 2.9680814e-07 8.289543e-06 0.9729353 2.0457907e-07 0.047023673 0.00021237678 7.529209e-06 4.7503906e-07 2.1656997e-05 0.013002158 2.711039e-07 0.00088901806 0.5028285 1.9317156e-05 0.00029756984 0.00021679718 1.1387251e-06 6.2182157e-06 0.0021735025 0.36370203 0.00038793695 5.070411e-05 7.674162e-07 4.400039e-07 3.771378e-07 1.2542017e-06 0.14539337 0.00025152657 0.003290487 6.8793865e-06 0.0010479154 4.2619033e-07 5.1894996e-05 0.029755475 7.250178e-05 0.002654376 0.102977954 1.0914088e-07 0.02170319 0.40536126 0.09404833 2.5437052e-05 0.0038781548 7.535512e-07 0.0014997016 1.4219614e-06 1.2080666e-07 3.5043257e-05 0.6121089 0.011404707 0.00010088796 2.9755747e-05 5.4493114e-07 7.945282e-06 0.09361092 4.4135126e-05 3.712586e-05 0.00025687277 2.4929832e-07 0.00014187365 0.0005729522 8.356618e-09 0.0078049554 0.00022565518 4.4683835e-05 9.805006e-06 7.568249e-06
