5.059073e-19 0.0008896715 0.06984578 0.00015995184 0.0070740227 0.06127729 0.3189093 0.0062813135 0.7007047 0.04943994 0.0064426824 0.9419751 0.25141975 0.38589036 0.4147195 0.9416066 0.5330229 0.39481336 0.7948356 0.9486967 0.54415363 0.74488306 0.84850645 0.2631469 0.9368407 0.88677 0.8713835 0.65569896 0.7928288 0.0038646476 0.9622019 0.9474092 0.24647057 0.6498765 0.8504402 0.0044841003 0.9544858 0.22115923 0.9894288 0.9065947 0.0107273385 0.9049503 0.9951531 0.0016187073 0.27793857 0.90850353 0.4193772 0.9002294 0.5101306 0.00046966525 0.9956786 0.8664471 0.016132994 0.98951143 0.8516453 0.99121535 0.94808066 0.94619524 0.012059069 0.1075565 0.003196341 0.9953563 0.99196476 0.78445584 0.87465835 0.96860176 0.69772905 0.68104583 0.5092707 0.99413383 0.88803047 0.999668 0.0015072348 0.99233747 0.9991831 0.8755241 0.849843 0.33151042 0.9432699 0.99734205 0.99264896 0.113867834 0.0047881235 0.8834911 0.8470123 0.9635804 0.6464473 0.8104744 0.7584358 0.8671098 0.9969408 0.048316248 0.60372466 0.9327576 0.67286867 0.34689003 0.9999718 0.9786248 0.87185746 0.9644511 0.2552543
0.0008896715 3.062924e-14 0.99541914 0.9258724 0.08121433 0.0085793985 0.042209897 0.00013811282 0.0038511832 0.018365832 0.000900591 0.026067445 8.812348e-06 0.0005540457 7.639689e-05 0.00060939655 1.665057e-05 0.0013815376 4.0279015e-06 4.184959e-05 0.0010756268 4.5261677e-05 0.00020104516 0.00045644672 8.768842e-05 0.00026876555 7.132317e-05 1.7952715e-06 1.4772529e-06 3.9120932e-06 3.0328858e-05 0.00010987334 4.0920318e-07 1.5750416e-06 6.8048415e-05 1.8783507e-07 3.1953732e-06 1.8554763e-07 0.00029339513 1.318561e-07 1.6022611e-07 4.8396464e-07 0.00018679925 1.6153768e-08 7.029237e-09 1.3380257e-07 7.2884586e-07 5.3866543e-06 8.9026e-07 1.03781275e-07 0.0002657889 2.570596e-07 1.614231e-08 1.2695809e-05 5.0625573e-08 0.00037931002 1.930336e-07 1.9063838e-06 1.8906131e-07 4.0459634e-07 3.2893666e-07 2.935482e-06 4.823172e-06 6.0628764e-07 3.6305255e-07 5.963674e-07 1.3519341e-06 4.4429984e-07 3.484563e-07 6.118326e-08 6.0117947e-07 0.00018790974 5.991585e-07 0.00064804655 0.0007813733 1.1338487e-06 1.7405745e-06 2.1556143e-06 1.4952224e-06 1.8772498e-05 1.4714605e-07 6.122865e-07 5.182832e-07 5.4612923e-07 2.0970601e-06 4.9461346e-07 0.021451036 9.609593e-08 4.2327193e-07 1.1304396e-07 0.00010823069 1.206046e-06 5.1221452e-08 2.893689e-08 1.5653239e-05 5.984989e-07 1.06869575e-05 4.4067872e-07 4.1235437e-09 1.1558628e-09 1.1179552e-08
0.06984578 0.99541914 4.0233892e-14 0.3722319 0.68102235 0.08526446 0.6230975 0.00020367649 0.053057287 0.3269917 0.00012164781 0.77407867 5.6335484e-06 0.0019814582 0.00037563438 0.02250458 0.0002795167 0.10245479 0.00017369314 0.000489935 0.059149716 0.0075085517 0.061106496 0.0031064171 0.013241683 0.06431166 0.0062174755 1.5474362e-06 3.3147862e-05 9.994587e-08 0.0013885072 0.008080445 2.696042e-08 9.600799e-06 0.0032232942 5.4410673e-08 1.2218654e-05 7.048564e-07 0.0303172 1.1036312e-06 6.2703713e-09 1.1372121e-08 0.002242514 2.9069824e-08 2.3184839e-08 9.687173e-09 2.0580622e-07 3.5521248e-07 5.9415537e-08 2.55459e-10 0.0019438505 7.854783e-08 1.0216678e-08 2.1155897e-07 2.6092188e-08 0.002629873 3.532058e-08 1.9065136e-07 1.9693463e-08 1.0239718e-08 7.080019e-09 8.937091e-06 3.083008e-08 7.619068e-09 1.15818715e-08 1.3463907e-07 6.736697e-08 1.5504082e-08 2.0217973e-08 3.9635108e-08 2.9348714e-08 0.011899604 9.138245e-09 0.03377773 0.022525156 6.197737e-08 8.144966e-09 1.0611822e-07 6.973595e-08 0.00037520923 2.7819235e-06 7.2031305e-08 1.2360461e-08 4.085939e-06 5.2817665e-08 3.6327096e-06 0.61773294 5.588295e-08 7.3217456e-07 2.976412e-07 0.00021462074 2.2575256e-07 6.9140356e-08 1.3967367e-08 2.5078643e-06 7.82074e-09 1.2518125e-05 1.6932934e-07 2.3956543e-09 2.452006e-10 5.614861e-10
0.00015995184 0.9258724 0.3722319 2.2888544e-17 0.9778718 0.121274665 0.027391814 0.0042968523 0.025551494 0.0026599395 0.16082482 0.019349521 0.00071903033 0.0027350956 0.0008782971 0.0015834606 0.00026909282 0.00051806733 6.1337414e-05 0.00022537065 0.00043849193 0.00031837262 0.00043165442 4.9914113e-05 0.00023902839 0.00019125754 5.4229233e-05 9.987737e-06 2.4145038e-05 0.00053664675 6.963729e-05 2.0700107e-05 8.546786e-06 1.0814571e-05 5.1151867e-05 1.3285346e-06 4.0509596e-05 1.2778366e-06 8.373778e-05 7.8106996e-07 7.709564e-07 4.8474503e-06 4.5311343e-05 2.7503745e-07 1.7300444e-08 2.555115e-07 4.5512143e-06 5.4433767e-06 5.2146047e-06 1.5121566e-06 0.000111652254 7.2647885e-07 6.480026e-08 9.867328e-06 5.36171e-08 0.00028431814 2.3368655e-07 1.2243249e-06 1.4550473e-07 1.0908968e-07 5.238707e-07 5.3863564e-06 5.674853e-06 1.3980535e-06 5.1632713e-07 2.018449e-06 3.627558e-06 7.9632485e-07 8.3724126e-07 2.792749e-07 1.0880411e-06 0.0001129046 4.0311005e-07 0.0005506844 0.00031358146 1.3056022e-06 1.2749736e-06 3.5982846e-06 3.3450738e-06 3.7736322e-06 1.8011424e-07 6.403296e-07 7.787237e-08 1.0892144e-06 2.2749898e-06 2.2391157e-07 3.439254e-05 2.1691598e-07 2.5265504e-06 1.7328587e-07 8.4676074e-05 5.7422477e-07 7.459162e-08 3.7858626e-08 1.2730229e-05 2.1199473e-06 5.994268e-06 2.2274509e-07 3.9286144e-10 1.5254886e-09 3.3663493e-08
0.0070740227 0.08121433 0.68102235 0.9778718 4.0532576e-15 0.98006314 0.16231158 0.07051872 0.48397177 0.007206756 0.23800148 0.51098925 0.022564948 0.03481339 0.007091024 0.0439107 0.00087221706 0.0059953835 0.00041775504 0.0015788795 0.0016958707 0.0025935315 0.01495522 0.00028250564 0.003180414 0.003024997 0.00069317955 6.1748135e-05 0.0002718385 4.262233e-05 0.00051320397 0.0002633438 4.3703153e-06 3.966459e-05 0.00081130536 3.0928293e-06 0.00014283699 2.304548e-06 0.0034781978 1.7173031e-06 2.509538e-07 9.763226e-07 0.00034724816 1.1668492e-06 1.0221225e-07 2.1584438e-07 3.3903293e-06 6.6231714e-06 1.7607593e-06 9.0821416e-08 0.0007576703 1.4011807e-06 8.032271e-08 6.8842496e-06 2.6865866e-08 0.0018791844 3.0657552e-07 1.4302794e-06 5.216543e-07 7.666713e-08 4.7337164e-07 4.0524415e-06 1.0109262e-06 7.1193836e-07 2.0720388e-07 5.434883e-07 3.5676283e-06 5.57389e-07 1.2057034e-06 4.8788113e-08 4.1447754e-07 0.0008545067 1.4490263e-07 0.0030844247 0.0013602942 2.7004333e-07 3.9256483e-06 8.709914e-06 6.85121e-07 3.3755518e-05 8.1221447e-07 1.0689633e-06 1.0506491e-07 3.333018e-06 9.495084e-06 1.945143e-06 0.024618143 1.5190046e-06 1.1955483e-06 6.7204843e-07 0.00019399522 1.8547635e-05 2.2625056e-06 2.2419202e-08 0.00017980696 4.4261224e-06 4.6741163e-05 1.4253354e-06 4.3415145e-08 3.7646335e-09 1.2461315e-06
0.06127729 0.0085793985 0.08526446 0.121274665 0.98006314 1.0183695e-13 0.06229978 0.89337105 0.8992895 0.004901615 0.7478571 0.6714596 0.7514759 0.26730308 0.12983641 0.3409157 0.032262452 0.0078043826 0.01375093 0.021949679 0.004739108 0.034525104 0.07599775 0.00054491893 0.040937454 0.015640713 0.00228842 0.00044456712 0.0042222193 0.0003051819 0.011808566 0.0005453744 0.00011680295 0.0019161612 0.0034472668 5.148292e-06 0.0037483212 4.7357735e-06 0.01833971 1.0494886e-05 3.47791e-07 6.156774e-05 0.0023968809 4.446165e-07 6.272947e-08 1.7682544e-06 3.4441591e-06 9.0240675e-05 1.2895609e-06 1.053583e-07 0.015544697 7.6461686e-07 1.2193177e-08 0.0008369938 9.254238e-09 0.013608839 1.07706526e-07 4.9583314e-06 5.6472917e-08 1.4497583e-08 1.7977189e-07 0.00011276212 2.7749627e-06 4.348327e-08 1.716418e-07 2.3256525e-06 5.9562905e-07 3.0174608e-08 1.1012179e-07 1.03371534e-07 1.5902373e-06 0.0015318664 3.756537e-08 0.017278722 0.008406999 6.126173e-08 2.4234132e-07 5.301036e-07 2.9792476e-08 0.0004726984 1.8547571e-06 1.8195917e-07 2.3931985e-08 3.980952e-06 2.5682243e-07 3.3846678e-05 0.05684288 1.0912397e-06 4.1031753e-06 1.6721535e-06 0.00079913024 4.945701e-05 2.1899968e-06 2.7685698e-07 0.0002002877 6.720856e-07 6.6746434e-05 5.3565736e-06 3.0470824e-09 6.2416023e-09 7.765356e-07
0.3189093 0.042209897 0.6230975 0.027391814 0.16231158 0.06229978 4.25675e-14 0.0025266132 0.09397437 0.99657226 0.00021032672 0.8158239 0.0008655313 0.016710306 0.0051072906 0.020159243 0.0029988 0.47093067 0.002689195 0.0066766455 0.41339335 0.2314265 0.27730134 0.020748427 0.04714519 0.32084948 0.21388932 3.058198e-05 0.00042148028 5.869461e-06 0.0067165256 0.19592603 3.6962298e-05 9.2664886e-05 0.024301853 2.0137174e-06 0.00023254928 4.5737615e-06 0.008705538 3.821911e-06 1.0789532e-06 2.9488942e-06 0.0057144146 9.47986e-07 1.7973126e-07 1.1134738e-06 6.938727e-06 5.8983114e-05 5.861423e-06 2.8902016e-07 0.0010993545 1.1442859e-06 3.0529876e-07 7.694184e-05 8.148465e-08 0.011693408 1.6864789e-06 8.9419456e-07 1.423363e-06 2.9753167e-07 7.9585334e-07 0.00011767112 3.4865063e-06 1.0208012e-06 1.0046656e-06 2.8151308e-07 1.0147208e-05 2.2185245e-06 7.03408e-07 4.5592937e-08 4.0922893e-07 0.0069525987 1.0062688e-06 0.008652702 0.005327581 3.380635e-07 3.109321e-07 1.0026076e-06 2.5559268e-07 0.0002885381 2.7885787e-07 2.914904e-07 1.1000737e-07 4.857006e-06 4.8172114e-07 1.1356955e-05 0.13708445 3.1395516e-06 1.8057405e-06 1.7343277e-06 0.00017818563 4.793336e-07 2.4975213e-07 1.0681185e-06 6.205964e-06 1.6706663e-06 6.991018e-05 0.0001258262 3.0407543e-07 3.9060165e-08 1.6581757e-06
0.0062813135 0.00013811282 0.00020367649 0.0042968523 0.07051872 0.89337105 0.0025266132 3.3458786e-15 0.7792539 7.2789226e-05 0.98864573 0.09483472 0.89591444 0.15452658 0.10575775 0.04455398 0.04138322 0.0004266737 0.005584324 0.004665869 0.00041899394 0.005307099 0.0043377597 3.7853504e-06 0.0020989983 0.00073430734 0.0002799887 0.0018041614 0.0028433846 0.0069818874 0.00093760993 8.171905e-06 0.0002863186 0.0017522698 0.00031179638 1.2342915e-05 0.0031431825 2.6356478e-05 0.00072453124 2.0205649e-05 3.040666e-06 0.00037793932 0.00020604768 5.4756555e-07 1.1215398e-07 2.9787632e-05 3.430892e-06 0.00014201929 1.8745349e-06 1.7546777e-06 0.0022947404 3.726836e-07 5.7605973e-08 0.000311018 6.7784276e-09 0.001297323 6.3359414e-07 1.7460585e-05 1.4489656e-07 4.9349087e-08 4.8126844e-07 0.00015742127 1.5793124e-05 1.6225586e-07 1.5401757e-07 2.0713562e-06 7.786699e-07 1.9008566e-07 1.6610143e-07 3.8134985e-07 1.6153568e-06 0.0003823451 6.067278e-07 0.001601292 0.0007108512 4.6319562e-07 5.6842316e-07 9.950861e-07 1.8611065e-07 0.00010361954 2.5591694e-06 9.715616e-07 1.2022146e-07 2.1165959e-06 1.1411853e-06 1.4489035e-05 0.00040800206 1.3066982e-06 1.668706e-06 1.1146499e-06 0.0002522814 6.336307e-06 1.7573013e-05 6.8165383e-07 5.3927586e-05 3.500229e-06 4.6755875e-05 1.0446126e-05 2.1149008e-08 2.6531152e-08 3.1841814e-06
0.7007047 0.0038511832 0.053057287 0.025551494 0.48397177 0.8992895 0.09397437 0.7792539 1.2133698e-11 0.004003742 0.31777138 0.92536587 0.92630345 0.8999157 0.709043 0.9061161 0.28149384 0.017204547 0.22381377 0.26997948 0.013328551 0.2409762 0.49764684 0.0013361413 0.46287674 0.11118494 0.01392165 0.0046850597 0.04655347 0.00059064175 0.106381774 0.0014525678 0.0009806782 0.011185148 0.015458353 5.848033e-06 0.059323195 2.8660916e-05 0.16071893 2.5060795e-05 5.2168406e-07 0.00021778088 0.0071835252 1.5145841e-06 9.456045e-08 1.0303838e-05 8.034554e-06 0.00035990519 1.073831e-06 8.1105846e-08 0.15211232 1.795089e-07 5.805922e-08 0.0017611155 8.636632e-09 0.08143842 3.5140607e-07 2.4489813e-05 1.4191266e-07 3.7353384e-08 8.495059e-07 0.0011998598 1.721344e-05 2.2781343e-07 3.2569685e-07 8.320408e-06 3.8948147e-07 3.6352564e-08 9.5792515e-08 1.3998739e-07 2.4305687e-06 0.0021193654 1.1821805e-07 0.040883083 0.018925417 1.4978426e-08 7.0822734e-09 1.2286918e-07 2.1188564e-09 0.0011791984 9.85351e-07 9.0781924e-08 5.707543e-08 5.856042e-06 1.8782996e-08 2.9913088e-05 0.21314801 1.4741744e-07 5.589828e-07 2.3265609e-07 0.0018652087 0.00041432504 4.4099025e-07 2.2798731e-07 0.00019214732 2.5754449e-07 6.285592e-05 7.4604923e-06 2.0888735e-09 2.0369471e-08 4.1574217e-06
0.04943994 0.018365832 0.3269917 0.0026599395 0.007206756 0.004901615 0.99657226 7.2789226e-05 0.004003742 1.22857724e-14 8.253674e-06 0.15013264 3.5474209e-06 0.00044409148 6.374926e-05 0.00090154575 5.421889e-05 0.09753524 1.3392641e-05 4.404254e-05 0.109985135 0.0010987581 0.003898308 0.9685943 0.00041994802 0.018006412 0.0044863243 1.5563799e-06 2.0261337e-05 6.8464354e-09 0.000106788946 0.36981177 7.2870273e-07 2.5330426e-06 0.0013463042 9.786872e-08 6.7880965e-06 2.3022555e-07 0.0012033789 1.4228995e-07 1.3041989e-07 3.1916926e-07 0.001676735 1.5473004e-08 1.2657732e-08 2.3757526e-08 1.290814e-07 6.607582e-06 9.119323e-08 4.696247e-09 0.00010781192 6.876672e-08 2.9378176e-08 6.246001e-06 1.3511711e-08 0.0018073817 1.2911318e-07 2.9308902e-07 1.6506065e-07 1.3540665e-07 1.1365622e-07 5.456422e-06 1.9550993e-07 7.92881e-08 9.390367e-07 8.35557e-08 6.775157e-07 4.9234668e-08 3.3023902e-08 5.7227023e-09 3.109318e-07 0.0039484943 4.9000644e-08 0.0013743739 0.0013071271 1.1666144e-08 5.589785e-09 5.05729e-07 1.585021e-08 4.64725e-06 2.9748639e-08 1.0590323e-08 4.2584416e-09 4.728907e-07 3.7898706e-09 1.6317388e-07 0.39015144 7.260276e-08 3.1559566e-08 4.492334e-08 1.3745763e-06 3.1651982e-08 1.1951794e-09 7.576087e-09 6.499224e-08 7.989148e-09 4.048258e-06 7.7803674e-07 4.076257e-09 7.598555e-11 5.6802996e-10
0.0064426824 0.000900591 0.00012164781 0.16082482 0.23800148 0.7478571 0.00021032672 0.98864573 0.31777138 8.253674e-06 1.1627589e-14 0.028895762 0.9820135 0.03256432 0.027073156 0.013989672 0.0071090763 8.49864e-05 0.001268677 0.0006447523 0.00019487581 0.00049296085 0.0005443933 1.5725142e-06 0.00063092064 0.0002472445 2.8207203e-05 0.008335296 0.005752155 0.57274276 0.00049427256 3.9850734e-06 0.0017599781 0.00543522 9.4649375e-05 0.00080351555 0.032262467 0.0009609965 0.0005189356 0.00041961792 0.0005959144 0.00075495645 3.677356e-05 3.1208e-05 6.650152e-06 0.00021904023 1.0848245e-05 0.00031403062 1.623221e-05 0.00013285207 0.004082025 1.4626534e-05 2.0245411e-06 0.00022034129 1.8350149e-06 0.0011408203 6.910483e-06 1.7536782e-05 6.3436773e-06 4.6715472e-06 1.1514907e-05 0.00021490543 3.5728663e-05 6.832774e-06 1.6655113e-05 1.2761323e-05 1.70492e-05 1.1932013e-05 5.781732e-06 3.4983202e-06 3.5198365e-05 0.00017268235 5.5735177e-07 0.0021072228 0.00072720327 1.1441849e-05 1.6585767e-05 6.2183994e-06 9.4009265e-06 0.00016621404 3.2529704e-05 1.0572539e-05 8.313004e-07 2.683958e-05 9.735013e-06 2.3012919e-05 0.00027055055 3.6540296e-06 2.1072134e-05 7.166701e-05 0.00095818244 0.00017433854 3.6574947e-06 6.227129e-06 0.00030794498 6.0999137e-05 4.6434534e-06 9.735389e-07 2.5361135e-09 4.640255e-07 1.3743476e-05
0.9419751 0.026067445 0.77407867 0.019349521 0.51098925 0.6714596 0.8158239 0.09483472 0.92536587 0.15013264 0.028895762 2.0748186e-11 0.22648965 0.55042654 0.36051205 0.68769103 0.10866673 0.38988954 0.12287193 0.31681105 0.14534664 0.5408069 0.7985653 0.008267776 0.7370313 0.70409566 0.30390576 5.3046217e-05 0.01075888 3.1276086e-05 0.16477728 0.034529854 6.26953e-05 0.00092721597 0.12104392 3.0438412e-07 0.0016726353 5.2467053e-06 0.35715392 8.2496736e-05 9.228311e-07 5.9742855e-05 0.045092046 3.358783e-07 4.5106808e-07 9.273636e-06 2.2488155e-06 7.305948e-05 5.2515077e-07 1.3428137e-08 0.11292561 2.4157868e-07 1.6812173e-07 3.5902176e-05 1.606887e-07 0.16206308 6.3258135e-08 1.13360275e-05 6.9621683e-07 4.2242385e-07 6.3776133e-07 0.00027479013 1.3769851e-06 7.442421e-08 5.3900123e-07 2.9304516e-07 1.2321263e-07 3.8235328e-08 9.802397e-08 1.01388586e-07 3.0545075e-07 0.010663685 2.2492227e-08 0.06644328 0.050818063 3.0633192e-08 2.905469e-08 7.616806e-08 3.2605112e-09 0.0009559326 3.54725e-07 7.252397e-09 4.4118167e-09 2.396845e-07 3.800026e-09 4.4310764e-06 0.6072678 6.524886e-08 2.4005178e-08 3.2597234e-06 0.0009866459 0.00011318587 2.0512088e-08 4.94563e-07 0.00015186312 1.7283886e-08 4.122463e-05 1.3081608e-06 2.034051e-08 3.412885e-08 2.0223026e-06
0.25141975 8.812348e-06 5.6335484e-06 0.00071903033 0.022564948 0.7514759 0.0008655313 0.89591444 0.92630345 3.5474209e-06 0.9820135 0.22648965 1.2150828e-16 0.50252116 0.5436859 0.477335 0.56191766 0.00027306075 0.22209677 0.077305116 0.00011986719 0.033998847 0.030890433 2.2395835e-07 0.049367595 0.0040062703 0.00039330442 0.401062 0.3553791 0.27894953 0.016453221 1.5213425e-05 0.13735923 0.19198906 0.00088592374 0.00014134277 0.4445186 0.0032691646 0.014014424 0.0029890374 1.41592145e-05 0.017480496 0.00060793606 3.3313624e-06 9.699461e-07 0.002280106 1.7259286e-05 0.011230012 2.677103e-06 4.000264e-07 0.26099056 7.4786644e-06 5.629421e-07 0.008114017 8.95388e-08 0.040858403 2.356417e-06 0.0002513918 3.1557298e-07 1.1892716e-07 2.51221e-07 0.006469552 0.00014026382 1.8895656e-07 3.8864923e-07 1.40658785e-05 1.14128e-06 1.114696e-07 1.12204894e-07 1.7977284e-06 5.017822e-06 0.00017079836 5.2079104e-06 0.063340425 0.021559734 2.9334402e-07 4.9794135e-08 2.3391283e-07 1.6825616e-07 0.0011389778 2.530347e-05 1.8451622e-07 6.104179e-07 4.3537502e-06 1.5787191e-07 0.00026375774 0.0028960842 6.001086e-06 5.8861538e-06 4.311872e-06 0.0019578058 4.7780108e-05 7.760963e-06 6.2831914e-06 7.979019e-06 8.617212e-06 9.580509e-05 8.070471e-06 2.2341139e-07 1.303343e-06 5.385329e-06
0.38589036 0.0005540457 0.0019814582 0.0027350956 0.03481339 0.26730308 0.016710306 0.15452658 0.8999157 0.00044409148 0.03256432 0.55042654 0.50252116 2.658877e-14 0.98549366 0.9095691 0.80693966 0.004516003 0.35561228 0.29871744 0.0021578462 0.30057526 0.17854036 5.5636083e-05 0.19662304 0.014641992 0.0063643507 0.013638742 0.09689934 0.00016506012 0.0950003 0.00015048771 0.0034209015 0.017370129 0.008362315 1.6042564e-05 0.011606276 1.9729003e-05 0.03343941 9.3298724e-05 2.8612808e-06 0.0005198929 0.0038361505 6.2026857e-06 1.2370332e-06 4.8226313e-05 2.0287594e-05 0.00077353814 1.0054827e-05 2.8529728e-06 0.05908333 1.4282894e-06 9.156181e-07 0.0029322493 9.749237e-08 0.034631986 1.7093212e-06 2.3675346e-05 1.3842993e-06 2.9035605e-06 2.462054e-06 0.002247269 2.2983791e-05 4.8531325e-07 2.4212152e-06 1.7831462e-06 1.9123802e-06 1.0977006e-06 1.9084092e-07 5.9604446e-07 1.2312531e-06 0.002164166 3.0437907e-06 0.024395904 0.008513661 5.1116338e-08 7.412515e-08 3.6574218e-06 3.63024e-08 0.00063809176 1.5772555e-06 4.3189567e-07 4.026219e-08 3.814024e-06 5.0090573e-08 3.3815897e-05 0.014430882 7.347298e-07 2.904689e-07 6.1802716e-06 0.0004183383 2.6114833e-05 1.3655327e-07 2.5497127e-06 8.3250794e-05 1.5807989e-06 0.00013279443 1.5561001e-05 4.6114277e-08 5.6003796e-06 1.9005276e-06
0.4147195 7.639689e-05 0.00037563438 0.0008782971 0.007091024 0.12983641 0.0051072906 0.10575775 0.709043 6.374926e-05 0.027073156 0.36051205 0.5436859 0.98549366 2.9817607e-15 0.8920145 0.9146452 0.0018652319 0.5480833 0.3393322 0.0010352437 0.24670623 0.15277004 5.3406084e-06 0.18976878 0.010971608 0.0030078993 0.028223382 0.16364144 0.0002589435 0.09574707 3.8184917e-05 0.0040441006 0.023334483 0.0058924593 2.032809e-05 0.039548755 2.1803573e-05 0.034422554 0.0001038746 2.0963284e-06 0.0006718662 0.0024991035 8.039736e-06 1.550812e-06 0.00010913137 2.7586915e-05 0.001165874 1.4936895e-05 3.1124587e-06 0.09616121 2.0426667e-06 1.2130708e-06 0.002253485 1.9190604e-07 0.03638308 1.698303e-06 3.9247112e-05 2.8226566e-06 3.1508657e-06 4.4888147e-06 0.0035813218 5.1172115e-05 7.2895574e-07 1.1857943e-06 2.1982075e-06 2.1411147e-06 1.1230654e-06 4.4936223e-07 2.1149274e-06 1.4033648e-06 0.0014343694 6.2994386e-06 0.033030957 0.009906951 5.242233e-08 1.266537e-07 1.5976354e-06 2.9338084e-08 0.0007437423 3.7324828e-06 9.204096e-07 1.785247e-07 5.0678564e-06 1.7600532e-07 0.00012467008 0.0020230936 1.2750356e-06 4.386573e-07 3.7520942e-06 0.0005944516 4.6610297e-05 2.4418391e-06 2.8282261e-06 3.1304106e-05 2.7273175e-06 0.00016050239 1.4144477e-05 2.6217415e-07 2.230645e-06 8.078718e-06
0.9416066 0.00060939655 0.02250458 0.0015834606 0.0439107 0.3409157 0.020159243 0.04455398 0.9061161 0.00090154575 0.013989672 0.68769103 0.477335 0.9095691 0.8920145 2.2284298e-13 0.87922156 0.007785289 0.8617229 0.9135727 0.0035922097 0.68045425 0.61458635 9.817604e-05 0.63955206 0.13492934 0.061930735 0.0049574994 0.14631544 7.5764714e-05 0.36015835 0.00027783762 0.0006584625 0.019177618 0.0665468 1.8384106e-05 0.015351425 6.413123e-05 0.21722448 0.00021679122 1.4285073e-06 0.00028906637 0.016381169 3.7315895e-06 8.335073e-07 4.672307e-05 1.1921481e-05 0.00032661838 2.388281e-06 8.692691e-07 0.16879681 8.706073e-07 5.767521e-07 0.00046291036 1.6016315e-07 0.11933602 2.2063027e-07 1.1328506e-05 5.0036433e-06 3.2865825e-07 1.17837935e-05 0.0019998748 5.925501e-06 1.1223572e-07 3.7408412e-07 4.847716e-07 2.0033612e-07 7.2414664e-08 9.05939e-08 6.208838e-07 2.6134538e-07 0.0034108758 2.9622362e-07 0.123973146 0.064550415 1.8270642e-08 7.2002146e-09 4.8016695e-08 7.5276905e-09 0.0015763249 5.4210824e-07 1.8284962e-07 1.717127e-07 1.3678242e-07 3.4265935e-09 3.6351164e-05 0.071688026 1.7295287e-07 2.4782838e-07 4.1422697e-07 0.0017448452 0.00014446696 1.8215623e-07 3.2238995e-07 8.594102e-06 1.0039951e-06 0.00021658 6.5657846e-06 2.0464677e-07 2.7805535e-07 5.8677538e-06
0.5330229 1.665057e-05 0.0002795167 0.00026909282 0.00087221706 0.032262452 0.0029988 0.04138322 0.28149384 5.421889e-05 0.0071090763 0.10866673 0.56191766 0.80693966 0.9146452 0.87922156 7.027112e-15 0.0010636577 0.9819101 0.71260256 0.0006284253 0.32625914 0.08903378 3.4149555e-06 0.13587293 0.005971913 0.0024754908 0.32259533 0.66078067 0.0002681672 0.16237767 2.3978833e-05 0.024850713 0.16892108 0.0077725663 6.8408895e-05 0.16638708 0.000119774864 0.025079269 0.00037356862 6.761986e-06 0.0040419875 0.00400894 1.0336662e-05 1.3426145e-05 0.00028336936 8.7163324e-05 0.004460361 1.6505672e-05 3.3895276e-06 0.21274647 4.822358e-06 1.5598674e-06 0.0063227955 1.6512166e-06 0.04362784 5.4383904e-06 0.00025605902 5.1341417e-06 4.9718833e-06 3.6815438e-06 0.0060081277 0.00016831547 1.8814426e-06 1.7712924e-06 3.3399863e-06 1.5764947e-06 4.153956e-07 7.5116486e-07 6.9025523e-06 1.2354805e-06 0.0016012995 1.127931e-06 0.041036177 0.016963389 3.6005332e-08 2.112205e-07 2.1968203e-06 2.6803166e-08 0.001655133 5.5556525e-06 5.7960057e-07 3.6698268e-07 3.9086362e-06 8.820377e-08 0.0003455581 0.00043837234 7.8988666e-07 1.8912245e-07 3.5403373e-06 0.0008548527 0.000116563366 1.2579753e-06 4.1651047e-06 0.0001290613 6.313913e-07 0.0002445946 1.3834778e-05 2.4759854e-07 1.5515857e-06 2.3622447e-06
0.39481336 0.0013815376 0.10245479 0.00051806733 0.0059953835 0.0078043826 0.47093067 0.0004266737 0.017204547 0.09753524 8.49864e-05 0.38988954 0.00027306075 0.004516003 0.0018652319 0.007785289 0.0010636577 2.4609688e-14 0.000958895 0.004031937 0.99836653 0.032950755 0.2723989 0.0027876946 0.030657986 0.864218 0.5747452 0.000108088134 0.00044942825 4.3917407e-06 0.012467629 0.27909145 3.8172904e-05 7.208343e-05 0.24900702 4.0055265e-06 4.1235166e-05 1.031271e-06 0.03477992 4.4248227e-06 7.229585e-08 3.584231e-05 0.13552773 1.1435538e-06 1.46906505e-08 3.4485304e-06 2.6803243e-06 0.00045165265 7.44574e-07 1.9458296e-06 0.0014767847 2.5295494e-08 5.013724e-07 0.00031669257 1.0060413e-08 0.028228926 2.099784e-08 3.4985705e-06 2.1842847e-07 1.913407e-08 5.282212e-07 0.00013605042 2.7542842e-06 5.370153e-08 8.442267e-08 5.9521707e-08 4.2167443e-07 1.3555905e-08 4.3755573e-08 1.4050358e-08 4.0417614e-08 0.11146394 7.0148803e-07 0.009552127 0.012035814 2.499625e-09 2.860804e-09 1.1078752e-07 1.3731002e-09 0.00023831143 5.3331416e-08 7.178798e-08 2.5490145e-08 4.2843905e-07 9.496777e-10 9.638867e-07 0.02528271 1.2768163e-07 4.7997744e-08 8.5861465e-08 2.7282815e-05 3.103768e-06 4.5218096e-09 1.8228421e-08 3.3004576e-06 2.0665556e-08 0.00035934802 2.8614677e-05 9.768576e-08 4.642826e-09 3.0874862e-08
0.7948356 4.0279015e-06 0.00017369314 6.1337414e-05 0.00041775504 0.01375093 0.002689195 0.005584324 0.22381377 1.3392641e-05 0.001268677 0.12287193 0.22209677 0.35561228 0.5480833 0.8617229 0.9819101 0.000958895 5.0767507e-16 0.9422341 0.0002332 0.44875687 0.23084165 1.1901345e-06 0.34865457 0.013945029 0.0055362605 0.11991817 0.73205054 3.1226966e-05 0.3943519 7.4631184e-06 0.005757585 0.19207868 0.018812388 9.535493e-06 0.2088067 3.4432876e-05 0.06372155 0.00016359155 4.88549e-07 0.0019565432 0.007833613 2.6520172e-06 7.4879955e-07 4.761798e-05 1.4841871e-05 0.0037656357 2.6437751e-06 4.7348954e-07 0.3586203 5.759479e-07 4.7923714e-07 0.008701194 1.8899316e-07 0.09431343 3.3753741e-07 0.00014581237 1.5643441e-06 9.3014165e-07 9.391102e-07 0.008362881 3.5193432e-05 1.1262976e-07 1.1150341e-07 1.2008836e-06 2.8712455e-07 1.2428552e-07 1.0425963e-07 3.3601398e-06 1.7994101e-07 0.0024081848 1.1240737e-06 0.06593187 0.042108014 6.3434498e-09 1.1301435e-08 1.4638073e-07 3.5467593e-09 0.004775954 1.9086324e-06 4.0724223e-07 2.0496611e-07 4.0546388e-07 1.984584e-08 0.00059519336 0.0016918684 9.916714e-08 4.3754234e-08 1.9349538e-06 0.0015045829 2.358941e-05 3.8826357e-07 6.5419586e-06 6.048194e-06 4.5232593e-07 0.0006164467 3.2276897e-05 4.4848393e-06 6.5662352e-06 1.124478e-06
0.9486967 4.184959e-05 0.000489935 0.00022537065 0.0015788795 0.021949679 0.0066766455 0.004665869 0.26997948 4.404254e-05 0.0006447523 0.31681105 0.077305116 0.29871744 0.3393322 0.9135727 0.71260256 0.004031937 0.9422341 3.2043012e-14 0.000758117 0.826823 0.65155035 1.479781e-06 0.783423 0.10476337 0.039334606 0.007866963 0.524323 1.7880875e-05 0.8075172 2.126732e-05 0.00018378645 0.064232655 0.13484205 8.43546e-06 0.06995851 1.753786e-06 0.23988253 5.0087665e-06 1.5132686e-08 0.00031444328 0.036831457 9.342979e-07 5.4941903e-08 1.5666748e-06 3.1001766e-06 0.0015284473 4.2779476e-07 1.0214989e-07 0.4280434 5.1925557e-08 2.1793784e-07 0.0027065815 1.6989848e-08 0.26049143 2.7011842e-08 2.4956382e-05 8.8954245e-08 6.296285e-08 2.2097731e-07 0.005940156 4.565194e-06 4.7531183e-09 7.076333e-09 5.646473e-08 4.336979e-08 1.3344161e-08 1.5426503e-08 1.3513767e-07 2.2278872e-08 0.009526136 2.871017e-06 0.15124568 0.111070655 4.052008e-10 3.3190262e-10 7.944125e-09 1.6701275e-10 0.0028916067 1.5233896e-07 1.9440726e-08 4.2598393e-07 3.2965946e-08 1.0644672e-09 0.00011970704 0.020571025 6.0365557e-09 2.0053404e-08 8.705321e-08 0.0008960997 2.9364159e-05 1.471514e-07 1.7764613e-07 4.6211794e-06 6.5646695e-08 0.0005827141 3.211536e-05 1.8486135e-06 2.4387776e-07 3.5189737e-07
0.54415363 0.0010756268 0.059149716 0.00043849193 0.0016958707 0.004739108 0.41339335 0.00041899394 0.013328551 0.109985135 0.00019487581 0.14534664 0.00011986719 0.0021578462 0.0010352437 0.0035922097 0.0006284253 0.99836653 0.0002332 0.000758117 6.6766596e-13 0.007926918 0.05005328 0.0025130634 0.006439718 0.51254135 0.30074346 1.5244883e-05 3.7404563e-05 9.46385e-06 0.0022202055 0.5095928 1.6037533e-05 6.1121273e-06 0.078563824 3.2408648e-06 2.4740439e-06 1.6431973e-06 0.04413047 1.1477339e-06 5.5420446e-07 2.9905e-06 0.043594163 2.8242144e-07 3.5290544e-08 2.803939e-07 4.1467224e-06 3.81479e-05 1.0348878e-06 8.560976e-07 0.001253781 6.0046816e-08 2.1458195e-07 1.8822962e-05 3.26766e-08 0.0073540527 4.4211436e-08 1.0063446e-06 3.8492806e-07 2.0154262e-07 3.2027806e-06 8.53938e-06 1.431369e-07 1.2503473e-07 5.298779e-08 1.6006002e-08 7.9721346e-08 1.2799977e-08 4.6093194e-07 3.7954186e-09 2.5001318e-08 0.1506153 7.873439e-09 0.00869661 0.0066506825 1.6421856e-09 3.3753615e-09 5.7509585e-08 1.4783147e-09 0.0001091272 7.243204e-09 4.315105e-08 1.3099914e-09 6.0010635e-08 1.2786355e-09 2.4589227e-07 0.16919109 6.3354605e-08 4.6585473e-08 1.2766168e-07 3.7508132e-06 6.058533e-06 1.4739346e-08 4.05624e-09 2.016056e-06 4.1641787e-08 0.0001346832 2.359599e-06 3.0289831e-07 1.0034791e-08 4.383301e-08
0.74488306 4.5261677e-05 0.0075085517 0.00031837262 0.0025935315 0.034525104 0.2314265 0.005307099 0.2409762 0.0010987581 0.00049296085 0.5408069 0.033998847 0.30057526 0.24670623 0.68045425 0.32625914 0.032950755 0.44875687 0.826823 0.007926918 1.1548758e-16 0.96924496 3.6946913e-06 0.83127725 0.29294136 0.25703013 0.0044334712 0.24782364 2.8749722e-05 0.792226 3.157464e-05 0.0009543203 0.01617999 0.53268254 2.342773e-06 0.0022731845 5.391095e-06 0.38275567 2.6245987e-05 3.6225293e-07 0.00030477645 0.14306054 6.0999247e-07 8.692028e-07 8.809769e-06 5.9921704e-06 0.0035294117 9.271059e-07 1.9797203e-06 0.104508154 8.654627e-08 4.126463e-07 0.0029837687 3.5045577e-08 0.15948348 6.940169e-08 1.9873949e-06 6.0255013e-07 8.343733e-07 8.3746966e-07 0.00062513526 2.1147296e-06 1.5847212e-07 9.901385e-08 1.0557656e-07 4.479602e-08 7.274383e-09 2.246106e-08 2.0804967e-08 4.6420322e-08 0.01295156 2.0067582e-06 0.06032015 0.048474047 1.0743149e-09 5.056822e-09 4.5591224e-07 6.66518e-10 0.0020293498 2.0975982e-08 5.3024184e-08 5.3420898e-08 9.6318324e-08 4.494344e-10 7.708035e-05 0.000566892 4.4268983e-08 1.1481948e-08 1.5528447e-07 0.0003007882 1.0804272e-05 3.451212e-08 5.241736e-07 8.506186e-06 1.4803435e-07 0.000646903 5.487501e-05 1.371356e-07 1.7169828e-07 1.354266e-06
0.84850645 0.00020104516 0.061106496 0.00043165442 0.01495522 0.07599775 0.27730134 0.0043377597 0.49764684 0.003898308 0.0005443933 0.7985653 0.030890433 0.17854036 0.15277004 0.61458635 0.08903378 0.2723989 0.23084165 0.65155035 0.05005328 0.96924496 1.4490647e-15 5.5450055e-05 0.7671401 0.51889944 0.4651026 0.0004971812 0.0103730485 1.8889588e-05 0.44115373 0.00015253616 0.00019681432 0.0004507342 0.5499322 1.2120613e-06 0.00011469451 2.6388002e-06 0.5274169 1.3968774e-05 2.109242e-07 5.795282e-05 0.16962035 1.6092157e-06 4.536911e-07 5.190442e-06 2.4945662e-06 0.0002835164 9.155753e-07 1.1754986e-06 0.02591815 2.2323407e-08 2.3293627e-07 0.0005059847 2.0250274e-08 0.08800629 1.9243137e-08 1.1364642e-06 5.187208e-07 1.9285805e-07 1.4352737e-06 0.00019674638 5.732e-07 2.5609246e-08 1.6628883e-08 1.42540735e-08 9.521194e-09 1.1714927e-09 1.653079e-08 6.6076282e-09 1.44258925e-08 0.021328373 5.2756127e-07 0.05731151 0.04544458 1.707843e-10 3.8555023e-10 7.273054e-08 1.13184885e-10 0.00055891863 1.6533122e-08 2.7123406e-08 3.4298388e-08 1.9002668e-08 7.3770455e-11 2.298275e-06 0.013496814 1.025915e-08 2.8440854e-09 1.5130004e-08 3.5988356e-05 4.212582e-06 4.2231187e-09 1.7460525e-08 7.9532373e-07 1.4356446e-08 0.00021878029 8.019718e-06 1.1538522e-08 9.860861e-09 1.7383341e-07
0.2631469 0.00045644672 0.0031064171 4.9914113e-05 0.00028250564 0.00054491893 0.020748427 3.7853504e-06 0.0013361413 0.9685943 1.5725142e-06 0.008267776 2.2395835e-07 5.5636083e-05 5.3406084e-06 9.817604e-05 3.4149555e-06 0.0027876946 1.1901345e-06 1.479781e-06 0.0025130634 3.6946913e-06 5.5450055e-05 1.4306972e-15 7.640309e-05 0.00034956305 4.8078175e-05 6.7384825e-08 2.9658005e-07 4.064536e-08 2.9872723e-05 0.98215187 6.5625166e-08 5.382582e-08 0.00013040617 4.872162e-08 1.3949782e-06 6.931349e-07 0.00060445676 2.9622333e-07 7.943671e-07 3.1495829e-06 7.357879e-05 2.0982384e-08 4.3496122e-08 4.5701423e-08 4.112018e-07 1.3282813e-06 2.3971333e-07 6.5232144e-09 0.000106086714 1.18081715e-07 6.728323e-08 3.2812832e-07 1.0837275e-07 0.0009540965 2.1192125e-07 1.8293937e-06 5.644675e-08 1.2461321e-07 1.0267333e-08 3.0132584e-05 2.5707138e-07 1.3929305e-07 1.0004358e-06 8.4451307e-07 1.3840862e-07 2.062767e-08 2.025835e-08 4.8575014e-08 1.4797303e-06 0.031230567 7.1797025e-08 0.0017306005 0.0013707023 7.794221e-08 1.3502944e-09 1.4125751e-09 3.0312762e-08 1.3781079e-05 6.806671e-09 8.670559e-11 8.114634e-09 2.2823662e-07 7.1134487e-10 1.2117938e-09 0.9357535 2.8648177e-09 3.3462144e-09 6.2402936e-09 6.675286e-07 6.1739506e-08 2.791042e-11 4.242029e-11 3.6386643e-07 5.3771147e-11 7.6587946e-07 8.027518e-09 1.7906067e-10 1.0391848e-12 1.09952034e-10
0.9368407 8.768842e-05 0.013241683 0.00023902839 0.003180414 0.040937454 0.04714519 0.0020989983 0.46287674 0.00041994802 0.00063092064 0.7370313 0.049367595 0.19662304 0.18976878 0.63955206 0.13587293 0.030657986 0.34865457 0.783423 0.006439718 0.83127725 0.7671401 7.640309e-05 1.1275306e-14 0.28730547 0.39561498 0.002426633 0.06661933 5.8622256e-05 0.89481 0.00013590026 0.00052147766 0.00404038 0.74115145 1.6724782e-05 0.0006972361 9.88137e-06 0.78234804 0.00012543706 2.1657534e-07 0.00017504676 0.39522976 7.0695305e-06 7.6340086e-07 1.8307297e-05 1.6372163e-05 0.001522736 2.0537675e-06 3.3319598e-06 0.16994135 2.595746e-07 9.0431587e-07 0.0022336082 1.7236964e-07 0.20490333 6.0443355e-08 1.7332439e-05 2.5407485e-06 4.4003207e-07 4.533077e-06 0.0020419979 6.9761427e-06 5.4906177e-08 5.2250833e-08 3.1014525e-07 3.6573102e-08 1.4735269e-08 2.6569385e-08 1.5841968e-07 1.0913713e-07 0.05631424 1.4377026e-06 0.1244068 0.08849377 8.2665047e-10 6.0712857e-10 5.384913e-08 6.5189704e-10 0.0033833822 1.2286016e-07 1.0617633e-07 1.0593419e-07 5.2740152e-08 3.4100767e-10 0.00016750727 0.0064620995 1.935995e-08 4.139069e-08 9.570979e-08 0.00050315243 1.9087369e-05 3.8993168e-08 4.8506615e-07 1.2461517e-06 2.2261085e-07 0.001167638 0.00023598512 3.3355827e-05 4.4205137e-07 4.0569926e-06
0.88677 0.00026876555 0.06431166 0.00019125754 0.003024997 0.015640713 0.32084948 0.00073430734 0.11118494 0.018006412 0.0002472445 0.70409566 0.0040062703 0.014641992 0.010971608 0.13492934 0.005971913 0.864218 0.013945029 0.10476337 0.51254135 0.29294136 0.51889944 0.00034956305 0.28730547 3.1814097e-14 0.98286986 0.00028891698 0.0005155067 1.9912195e-06 0.056576144 0.018140987 0.00016002751 8.3301464e-05 0.64398044 9.650852e-07 3.065153e-05 4.566263e-07 0.39262968 5.73757e-06 1.2563237e-07 1.3220615e-05 0.54491436 3.6892885e-07 5.883039e-08 2.9644561e-06 4.456878e-06 0.00013132747 1.3151621e-06 7.887282e-07 0.020361343 2.6922343e-08 5.1814855e-08 0.00031631923 4.519163e-09 0.08612519 1.0393871e-08 2.6751763e-06 7.640159e-08 2.1624624e-08 5.3286755e-07 0.0001093854 7.041664e-07 3.0181786e-09 2.1363478e-08 1.6506371e-08 3.3012928e-09 3.718615e-10 4.0150896e-09 2.460595e-09 5.52405e-09 0.3930062 8.216538e-07 0.15819672 0.13241412 7.416662e-11 1.0429605e-10 1.5097545e-08 1.1199284e-10 0.0016052306 4.5487814e-09 1.3382496e-08 2.5735577e-08 2.3573168e-09 1.36966966e-11 2.7305423e-06 0.052093066 1.459983e-09 1.2824483e-09 1.8322491e-09 9.4048766e-05 2.4299195e-06 3.2718478e-10 6.900287e-10 9.443032e-08 5.3024864e-09 0.0015186797 0.00015786898 3.4189554e-07 1.1637497e-08 2.7312218e-08
0.8713835 7.132317e-05 0.0062174755 5.4229233e-05 0.00069317955 0.00228842 0.21388932 0.0002799887 0.01392165 0.0044863243 2.8207203e-05 0.30390576 0.00039330442 0.0063643507 0.0030078993 0.061930735 0.0024754908 0.5747452 0.0055362605 0.039334606 0.30074346 0.25703013 0.4651026 4.8078175e-05 0.39561498 0.98286986 2.9544094e-13 0.00016231414 0.0010857122 7.2102813e-07 0.15701154 0.0037718785 0.00016942847 0.00020225014 0.87659127 5.682223e-06 0.00012330193 8.422867e-07 0.6314141 1.7876253e-05 2.0820795e-07 0.00011447595 0.867178 2.4483413e-07 1.0393876e-07 8.407599e-06 1.2936511e-05 0.0007496306 2.660628e-06 1.7138705e-06 0.04231607 2.1502072e-07 4.1738227e-07 0.0010965363 2.88403e-08 0.2163715 8.6999755e-08 6.981617e-05 2.9662814e-07 8.380356e-08 4.989013e-07 0.0004939557 1.4110336e-05 2.8049644e-08 6.59913e-08 4.4685368e-07 2.6786712e-08 1.1561412e-08 3.630164e-08 4.7964065e-08 5.8234228e-08 0.49551275 1.8870347e-06 0.20806181 0.18563867 1.3521141e-09 4.1522803e-09 1.3071525e-07 1.9844846e-09 0.007384698 3.25121e-08 5.6526805e-08 1.7962913e-07 1.0766093e-07 5.2955407e-10 0.00028288926 0.016478661 4.790363e-08 3.631819e-08 2.092259e-07 0.0007535327 1.286795e-05 1.754067e-08 2.7018798e-06 1.3192208e-06 2.2465657e-07 0.0032456934 0.0007298128 4.0521187e-05 1.6647641e-06 4.333711e-07
0.65569896 1.7952715e-06 1.5474362e-06 9.987737e-06 6.1748135e-05 0.00044456712 3.058198e-05 0.0018041614 0.0046850597 1.5563799e-06 0.008335296 5.3046217e-05 0.401062 0.013638742 0.028223382 0.0049574994 0.32259533 0.000108088134 0.11991817 0.007866963 1.5244883e-05 0.0044334712 0.0004971812 6.7384825e-08 0.002426633 0.00028891698 0.00016231414 1.0807753e-15 0.6308638 0.03522579 0.005922829 4.260861e-06 0.99266535 0.66256565 0.00095129485 0.002415938 0.76266474 0.14393689 0.005864977 0.1898837 0.0018097413 0.57989943 0.0018992841 4.420374e-05 0.0018451685 0.09803821 0.0060817846 0.20466359 0.0017265453 3.8073592e-06 0.22144446 0.00041919312 3.240078e-05 0.0640369 6.0818165e-06 0.04370926 0.0001361139 0.008668184 6.803183e-06 1.0778103e-05 2.3610521e-07 0.0799748 0.0043566483 1.3223067e-06 8.867754e-06 0.00017149415 1.0194183e-05 4.4887975e-06 3.041169e-07 3.0966352e-05 2.5037396e-06 0.002251745 1.78353e-05 0.03770583 0.02249591 1.2726647e-07 5.53021e-08 4.4458722e-07 4.4477012e-08 0.009061972 1.9745437e-05 9.663519e-08 6.7989316e-07 8.005757e-06 8.512182e-08 0.0015625848 0.0005471534 3.44968e-07 1.3323347e-06 1.6754444e-05 0.0042906245 1.5640302e-05 1.1237939e-06 0.00016377888 2.1680069e-06 8.220331e-07 0.00039706242 6.6052475e-05 7.896509e-07 1.9485491e-05 9.898044e-08
0.7928288 1.4772529e-06 3.3147862e-05 2.4145038e-05 0.0002718385 0.0042222193 0.00042148028 0.0028433846 0.04655347 2.0261337e-05 0.005752155 0.01075888 0.3553791 0.09689934 0.16364144 0.14631544 0.66078067 0.00044942825 0.73205054 0.524323 3.7404563e-05 0.24782364 0.0103730485 2.9658005e-07 0.06661933 0.0005155067 0.0010857122 0.6308638 1.1189727e-16 0.0001595011 0.51471674 5.2171968e-06 0.12699434 0.9835736 0.023797069 7.321767e-05 0.83124614 0.001882832 0.042633343 0.00892427 1.7620656e-05 0.55895334 0.03039619 7.2335715e-06 4.9234277e-05 0.0097450325 0.0004252602 0.36591396 0.00022824263 4.7122137e-07 0.746625 3.945084e-05 5.2662324e-07 0.09350084 7.544681e-07 0.27508655 1.294099e-05 0.007171796 6.529458e-07 2.573011e-06 7.9362536e-08 0.078023866 0.0014514425 4.6193747e-07 3.448537e-06 3.3520373e-05 3.5009202e-06 4.9396766e-07 5.9508654e-08 1.7841433e-06 1.0624142e-06 0.008858803 1.874432e-07 0.14328763 0.0871102 1.2850835e-08 5.611855e-09 2.2429542e-07 1.2348207e-08 0.021463593 1.2902179e-06 1.4477796e-08 2.7505371e-09 1.8752089e-06 1.8786679e-09 0.002447668 0.00025130023 1.4290504e-07 1.2643683e-07 1.2556607e-06 0.0025547938 9.693292e-07 1.2410536e-07 1.646709e-05 5.0711316e-07 1.2518302e-07 0.0016010262 0.00017813634 1.3455236e-06 6.6999073e-06 3.1876894e-07
0.0038646476 3.9120932e-06 9.994587e-08 0.00053664675 4.262233e-05 0.0003051819 5.869461e-06 0.0069818874 0.00059064175 6.8464354e-09 0.57274276 3.1276086e-05 0.27894953 0.00016506012 0.0002589435 7.5764714e-05 0.0002681672 4.3917407e-06 3.1226966e-05 1.7880875e-05 9.46385e-06 2.8749722e-05 1.8889588e-05 4.064536e-08 5.8622256e-05 1.9912195e-06 7.2102813e-07 0.03522579 0.0001595011 4.1158853e-19 3.640289e-05 3.32973e-06 0.25295576 0.0009820306 3.1489913e-06 0.9990356 0.0015730024 0.21522102 2.5557927e-05 0.010330632 0.313053 0.003646359 4.571751e-06 0.32095292 0.008650894 0.0008662419 0.00036310832 0.00035685074 0.00014100039 0.0655069 0.00036203745 0.00018357432 0.0013282775 5.1417148e-05 2.9497141e-05 6.508389e-05 7.8634745e-05 3.7502643e-05 6.755466e-05 6.373959e-05 3.9844334e-05 8.9673435e-05 2.8148757e-05 2.1408505e-05 1.7047816e-05 7.445744e-06 7.5001853e-06 2.3672093e-05 6.0270277e-06 2.676598e-06 1.6126287e-05 0.00010682846 5.3545435e-05 0.00024640604 9.519732e-05 7.986815e-06 4.3300115e-06 1.7939587e-06 5.1539955e-06 5.676588e-05 1.7334887e-05 7.330685e-08 1.63437e-06 9.8050905e-06 5.9436996e-07 1.0759176e-05 2.650211e-05 1.2741567e-06 1.1718016e-06 1.9171179e-05 0.00031482647 4.189256e-05 5.0710523e-06 9.79367e-06 0.0001286149 2.8937706e-07 6.2164867e-07 6.1010064e-09 1.9320348e-10 6.213109e-07 1.2661434e-05
