4.8048306e-23 0.61433434 0.6947023 0.80040735 0.4321092 0.927078 0.89697343 0.34832743 0.012722706 0.42188698 0.072517246 0.012153655 0.6864126 0.8937471 0.9540716 0.8790048 0.95629936 0.40824518 0.0028878283 0.96124494 0.9216938 0.081285216 0.64141005 0.0005040693 0.3930181 0.7975405 0.92697054 0.081486434 0.89674115 0.92240715 0.25988752 0.001654493 0.6409553 0.024376204 0.47243327 0.8908255 0.97230405 0.06021306 0.052221663 0.7909692 0.082194865 0.7136574 0.924943 0.87998956 0.97045237 0.029969374 0.82726675 0.9933214 0.9168782 0.7765624 0.94047093 0.7815662 0.71239173 0.030413616 1.8882778e-05 0.9579783 0.3360375 0.17470948 0.82550097 0.9444856 0.9087039 0.90330946 0.9638679 0.8930634 0.3930712 0.00015764376 2.6823e-05 0.87321305 0.99553585 0.040969823 0.001105393 0.8316788 0.98683435 0.8978116 0.75772196 0.99956274 0.9754891 0.996664 0.14650577 0.54844636 0.10049295 0.9906446 0.33120134 0.09456164 0.9986625 0.9979085 0.71155447 0.031520203 0.013506329 0.10423282 0.9997943 0.8868512 0.99800706 0.006486572 0.9924548 0.99674773 0.046546713 0.005515524 0.9999853 0.9791851 0.7654968
0.61433434 6.7213666e-17 0.92024547 0.746015 0.9585154 0.8977799 0.18968016 0.32507703 0.18307702 0.3766855 0.53758425 0.05633771 0.06303274 0.24657837 0.44362617 0.05699427 0.28024703 0.04270444 0.00580481 0.014923989 0.06482091 0.0056511797 0.00017127873 0.005932886 0.025928231 0.00025940646 0.02126016 0.0017540724 4.6598783e-05 0.0002764171 8.0721446e-05 0.0009163432 0.00018227032 0.00076786143 3.869362e-05 0.0016698373 0.011555534 1.5315318e-06 0.004417832 6.496112e-05 0.0016222812 5.8241378e-05 0.0028720112 0.00021357962 0.0034233606 1.987317e-06 0.00047632045 0.013732531 3.333617e-05 7.905412e-06 0.00063367846 3.3725104e-07 5.1379595e-07 0.00022488178 6.0317634e-05 1.5468911e-05 0.00013864333 3.1022395e-05 4.73012e-05 0.00017535436 1.3595322e-05 1.5541262e-07 0.00022600235 0.0001814865 2.640658e-06 5.173936e-06 1.9328729e-05 9.487299e-08 0.0065196245 1.209122e-06 8.816761e-08 1.605336e-06 4.4664324e-05 2.50871e-05 7.780631e-06 0.0010755231 0.005183483 0.0011913787 3.9785646e-06 5.3751337e-06 4.6378304e-07 0.0009056671 1.182922e-06 1.0592794e-07 0.0004724203 0.0045523215 1.00568116e-07 8.8801636e-07 3.6071026e-09 1.9532223e-07 0.0023850717 9.552149e-06 0.000811349 8.981606e-08 0.00015263673 1.2746812e-05 2.5073357e-06 2.7155734e-06 0.0030278112 1.961e-05 5.2418414e-05
0.6947023 0.92024547 8.095644e-18 0.9464249 0.54370683 0.70501107 0.7925159 0.7198061 0.2915895 0.06928661 0.26854768 0.10011257 0.51803267 0.15657529 0.34747475 0.26288256 0.058788046 0.008389509 0.012209575 0.085539915 0.089310676 0.029412853 0.003964827 0.0062477323 0.004227435 0.0044119856 0.04337712 0.0092561245 0.00088985695 0.0020095527 0.0003978931 0.0010603615 0.0010479284 0.005009285 0.0001658663 0.0002498554 0.003718075 1.0709628e-05 0.00059828034 0.00029597135 0.00023377562 0.00031670104 0.00040683916 0.0007228138 0.0007656382 6.3091843e-06 0.00014818204 0.01938745 7.9257063e-07 8.259048e-05 0.00028193693 9.061581e-07 4.3531445e-06 1.7538721e-05 3.568637e-05 1.7940666e-06 3.3532426e-05 2.7681037e-06 7.796667e-06 0.0007045976 2.4290855e-06 9.038158e-07 0.0012958682 2.1635362e-05 7.290691e-07 4.201567e-07 5.1554066e-06 5.1574983e-07 0.002242653 6.059373e-07 4.060927e-07 4.6621476e-06 5.7628476e-05 6.5168892e-06 1.1022738e-05 0.00033647448 0.007442571 0.0019282969 3.7460782e-07 2.647495e-07 2.4417912e-07 0.001128228 2.2135316e-07 7.027806e-08 0.00010467063 0.0038707631 4.967032e-09 5.3742518e-08 1.6407832e-09 6.504592e-07 0.002876944 3.5474175e-06 0.0009172376 9.1979665e-08 0.00020995137 3.4412027e-05 5.2125586e-07 1.449032e-07 0.002851084 9.215568e-05 3.3898104e-05
0.80040735 0.746015 0.9464249 3.8562535e-17 0.3941523 0.7729908 0.91681015 0.29374698 0.05060674 0.035660338 0.073072165 0.01653624 0.35485432 0.36085036 0.54358864 0.36739826 0.11997158 0.0049069324 0.0026958508 0.10168365 0.3047911 0.017969538 0.0036537107 0.001249947 0.001930284 0.0040650507 0.098091185 0.007119025 0.00093116815 0.0040351455 0.00072764204 0.00020921305 0.00058100413 0.0058777607 0.0002393806 0.00015021514 0.024372289 9.577735e-06 8.881528e-05 0.00031788266 6.548728e-05 0.0002888817 0.003030603 0.0012339444 0.004965875 1.6667873e-05 0.00082560047 0.040944196 2.5686638e-06 8.3619205e-05 0.0009679842 2.520445e-06 1.293492e-05 2.4364506e-05 3.8977078e-06 1.2227152e-05 4.9028255e-05 2.4354413e-06 9.559349e-06 0.002168825 9.025922e-06 1.2241906e-06 0.00091664784 0.00037253884 7.8267607e-07 6.151207e-08 7.538503e-07 8.8596175e-07 0.00619725 2.1258772e-06 5.1495465e-07 3.2317844e-06 0.000116193776 2.1040927e-05 1.4015825e-05 0.001127551 0.012473742 0.0040917494 1.1734143e-06 9.678567e-07 8.919686e-08 0.0021174522 9.664354e-07 6.944698e-08 0.00036215436 0.011267953 2.9165902e-08 2.9804298e-08 1.2613748e-08 6.519609e-07 0.003609429 1.7223754e-05 0.0009653334 1.5402976e-07 0.0001018789 1.853637e-05 1.6192328e-06 6.8404866e-08 0.0032776543 3.5160458e-05 1.9294968e-05
0.4321092 0.9585154 0.54370683 0.3941523 1.2836771e-16 0.86569726 0.041944202 0.17425968 0.14196785 0.92254335 0.9101758 0.04958151 0.00952293 0.2199763 0.3667226 0.010163732 0.4936713 0.1544444 0.0063635283 0.0036943234 0.014940536 0.0007342454 1.7974893e-05 0.008925521 0.1320704 2.5342255e-05 0.004884983 0.0002245963 2.3372545e-06 3.583192e-05 1.3852047e-05 0.0009458472 3.2570402e-05 0.00012180965 7.5378885e-06 0.008650491 0.008293924 2.1083248e-07 0.014876705 3.2591856e-06 0.0067502833 3.6400647e-06 0.005391589 2.1440215e-05 0.003529664 1.393323e-06 0.00046304747 0.0045000664 0.00040808186 4.1120927e-07 0.00078492984 3.299496e-07 8.2573266e-08 0.0006508591 6.032638e-05 3.145208e-05 0.00039683358 0.00013369818 0.00012020868 1.3935895e-05 4.232344e-05 1.3056992e-08 3.775344e-05 0.00035385397 5.959975e-06 0.00012886991 4.172832e-05 6.4160986e-08 0.012146084 2.440108e-07 4.0205787e-08 1.006004e-06 4.4893372e-06 8.963145e-05 2.2120746e-06 0.0012753488 0.002610297 0.0002589635 8.701943e-06 9.11628e-06 4.4280958e-07 0.0005041457 2.0899388e-06 1.200283e-07 0.0008002631 0.0050153676 3.1848694e-07 3.3699257e-07 2.7196592e-09 4.4214303e-08 0.0013728034 1.8764962e-05 0.00021319844 1.3106945e-08 1.8585402e-05 1.3897121e-06 1.4883166e-06 4.6661244e-06 0.0030709787 2.2335813e-05 0.00015184892
0.927078 0.8977799 0.70501107 0.7729908 0.86569726 2.2589561e-16 0.21799888 0.09865761 0.03533679 0.6877698 0.18962188 0.015084343 0.021508316 0.886338 0.79323286 0.055584267 0.829612 0.27979395 0.0017507148 0.021788374 0.29504967 0.0025048947 0.00020465157 0.00216664 0.09855231 0.0005036546 0.0758926 0.0016684174 9.171073e-05 0.0008506409 0.0001456792 0.0002533862 0.00023326695 0.000995879 7.9704434e-05 0.0043159868 0.050541256 1.6957412e-06 0.004358123 0.00010480758 0.0024224718 0.00012342347 0.016787687 0.0008030996 0.014791879 2.3599503e-06 0.0030275513 0.03434174 0.00010735853 4.7593963e-05 0.0035568185 1.9051661e-06 1.3406564e-06 0.00039438123 1.9911415e-06 0.00018207991 0.00060760515 4.5621888e-05 0.00024668442 0.0012786943 0.00015435836 2.3983853e-06 0.00050581153 0.0017336583 2.174431e-05 1.1479639e-06 2.6781387e-05 3.410999e-07 0.026314883 4.8967644e-07 2.6190224e-07 2.3907558e-06 6.7187866e-05 0.00018568085 1.6340811e-05 0.004097406 0.020297611 0.0040918356 1.2370161e-05 3.9086435e-06 2.7534213e-07 0.0027315686 3.7708335e-06 1.9757375e-07 0.0021684556 0.03333295 8.59245e-07 7.154536e-08 3.3384877e-09 2.3646302e-07 0.013905455 0.00014981214 0.001134461 7.8382904e-08 7.911246e-05 2.1089041e-05 3.9106126e-06 1.2838746e-06 0.0077206166 2.3601247e-05 1.6178537e-05
0.89697343 0.18968016 0.7925159 0.91681015 0.041944202 0.21799888 3.4076655e-17 0.41035798 0.023638044 0.00084350456 0.007124901 0.015554141 0.8932638 0.12525089 0.4345063 0.88864756 0.012708063 0.00041075054 0.00285745 0.6523355 0.5613673 0.0772211 0.15089907 0.00057696697 0.00022242531 0.18033224 0.37379912 0.045307774 0.03007668 0.07248822 0.012249685 0.00015348144 0.006342087 0.011352797 0.0016524415 1.8842773e-05 0.01065024 0.0002641217 1.1317577e-05 0.0010943146 1.7541264e-05 0.0006471409 0.00026787506 0.0076516923 0.0013874767 0.0002160074 0.00016300989 0.08188309 4.0910874e-07 0.000256825 0.00031129515 5.6394696e-05 6.704788e-05 1.6752685e-05 1.4451091e-06 1.5026642e-06 2.2286344e-05 3.9854513e-07 1.9460708e-06 0.01070088 1.1891633e-06 1.208113e-05 0.0024698104 7.751499e-05 2.4855598e-07 6.9197967e-09 9.043093e-08 8.65727e-06 0.0020456153 9.695728e-06 2.5468837e-06 1.2269729e-05 0.00036198224 8.792663e-06 1.32612e-05 0.00024955109 0.016528169 0.011204713 7.643238e-07 5.835679e-07 4.1798015e-07 0.0033152308 7.989987e-07 6.916499e-07 6.721465e-05 0.008030379 1.575118e-08 1.3810377e-07 3.118951e-08 5.180322e-07 0.0049330816 1.8831775e-05 0.0014134828 1.8312569e-07 9.116589e-05 4.827974e-05 1.3474768e-06 9.0645756e-08 0.0029640223 8.851974e-05 1.9401048e-05
0.34832743 0.32507703 0.7198061 0.29374698 0.17425968 0.09865761 0.41035798 5.4731732e-17 0.931096 0.0072592245 0.5489408 0.8931306 0.90477544 0.022891147 0.10206939 0.14554916 0.0031824028 0.00117882 0.6058341 0.06602517 0.023897639 0.7145805 0.010490829 0.18305346 0.0007293834 0.03657042 0.016022215 0.21069787 0.002226418 0.0015413498 0.0016118722 0.016806446 0.0016116548 0.09684547 0.0005002239 5.981771e-05 0.0010811108 1.1665427e-05 0.00013784016 0.00076370453 4.740466e-05 0.000425774 0.00013282115 0.0007015948 9.051157e-05 2.0727039e-06 1.6215594e-05 0.010471103 1.8386463e-06 2.5375944e-05 3.976966e-05 8.555699e-06 6.288449e-06 1.20350505e-05 0.00037763937 5.511359e-07 9.170439e-06 1.0481048e-06 3.1223944e-06 0.0017476513 1.8501516e-06 3.6540575e-06 0.0010936047 1.9721949e-05 3.0976568e-07 9.1008735e-07 3.2016446e-06 1.8453654e-06 0.00018017412 7.559302e-09 1.0785187e-05 1.0075988e-06 6.567348e-05 1.3731489e-05 1.2155567e-05 8.6143824e-05 0.0018087585 0.0004425185 1.4875064e-06 1.1820558e-06 3.9502957e-08 0.0008487075 3.0576408e-07 3.4539133e-07 5.667711e-05 0.000803326 1.2810676e-08 1.0428224e-08 6.176975e-09 5.616484e-08 0.00072132907 3.6358288e-06 0.0003159734 2.8514142e-08 0.0002158441 2.4729788e-05 8.925673e-07 4.5535976e-06 0.0009742397 2.5366482e-05 1.4640476e-05
0.012722706 0.18307702 0.2915895 0.05060674 0.14196785 0.03533679 0.023638044 0.931096 2.2955548e-15 0.01383862 0.93179977 0.96034366 0.23943944 0.008819066 0.013348159 0.013172365 0.0053335237 0.0033669015 0.6300429 0.0025213466 0.0028719169 0.18785757 0.0007446021 0.5290582 0.003924372 0.0011317714 0.00144924 0.014537069 0.00010954251 4.2901716e-05 0.00011316634 0.008014267 0.00010600369 0.011244915 6.90409e-05 0.00077128335 0.0008022147 4.441132e-06 0.0011547783 1.9960231e-05 0.0002890407 2.6287442e-05 0.00025283874 1.9416819e-05 8.0573554e-05 1.4221174e-06 1.9924722e-05 0.0008079713 0.00010688543 1.1220082e-05 0.00013891318 1.4830404e-06 1.8422777e-06 0.00025341084 0.00020106739 6.658415e-06 8.497392e-05 4.3116896e-05 2.8673028e-05 1.2693811e-05 5.184783e-06 1.4292403e-06 5.692526e-05 3.8404884e-05 3.754412e-05 2.2842303e-05 1.901885e-05 1.7295627e-06 6.519895e-05 1.1617532e-07 5.414634e-07 2.2939196e-06 5.9868045e-05 1.835196e-05 1.4340225e-05 4.4740293e-05 0.0004062382 8.429939e-05 2.5299985e-06 3.3058284e-06 3.2720058e-07 0.00077949325 2.4510011e-06 1.1018523e-07 5.7676694e-05 0.00014378372 3.9742527e-08 6.379405e-08 2.3874436e-09 5.560675e-07 0.000235153 3.7159425e-06 0.0003482494 3.377527e-08 0.00013048081 1.0264098e-05 3.2482353e-06 5.0135072e-06 0.00015665656 3.4618627e-06 3.4666334e-06
0.42188698 0.3766855 0.06928661 0.035660338 0.92254335 0.6877698 0.00084350456 0.0072592245 0.01383862 6.2321764e-18 0.705962 0.007386456 0.00041893675 0.2405778 0.1910222 0.0018401446 0.8749177 0.9355999 0.0006090898 0.0009315892 0.012938258 0.00015393058 8.775422e-06 0.0030685824 0.9378713 1.5533351e-05 0.0025066056 8.2603554e-05 1.955794e-06 1.6789407e-05 2.536277e-06 0.0002471832 1.1109086e-05 0.00013530823 3.804394e-06 0.22670215 0.010315692 2.713232e-07 0.20675942 2.3955463e-06 0.07543511 1.046663e-05 0.021275356 1.3344233e-05 0.0045306357 1.3013955e-06 0.0020660749 0.0034460535 0.0016723049 1.935613e-06 0.0014972708 5.8911187e-06 2.8279823e-07 0.0059028026 1.8505636e-05 0.00037516773 0.0018550546 0.0004065851 0.0004222646 2.0559053e-06 0.00018343395 1.6779296e-08 1.9105983e-05 0.00046145168 6.585566e-05 0.0021777372 0.00047781563 7.658206e-08 0.016071133 1.8139293e-07 4.576438e-07 2.8445984e-07 7.156453e-06 4.3417367e-05 1.5864307e-06 0.0017059055 0.0010254344 0.0002531193 8.48432e-06 2.3297503e-06 2.2393785e-07 0.0002790384 2.186566e-06 5.2708476e-08 0.0012562944 0.0067596426 3.2228266e-07 3.235092e-07 1.3745328e-10 2.7780395e-08 0.001275409 8.6315895e-06 4.6324378e-05 1.1325599e-09 5.4072345e-05 8.226548e-06 1.9530821e-06 1.7571152e-05 0.0025995811 3.2241005e-06 1.5816322e-05
0.072517246 0.53758425 0.26854768 0.073072165 0.9101758 0.18962188 0.007124901 0.5489408 0.93179977 0.705962 1.9723279e-15 0.8393305 0.0030853688 0.025493132 0.094647065 0.000905851 0.041443482 0.045020238 0.3871811 0.0006765802 0.00072423654 0.013613565 3.207901e-06 0.89327264 0.1148731 3.8354116e-05 0.0005540933 0.00015890063 1.247537e-06 1.3442943e-05 4.669543e-06 0.010933676 1.0809591e-05 0.00055138906 1.5434288e-06 0.0028132293 0.00050598884 3.145886e-07 0.11024241 4.844017e-06 0.014649402 9.432974e-07 0.00047487716 3.887699e-06 0.00032183688 9.501927e-07 0.00013078416 0.0004327473 0.00013906018 1.154079e-08 0.0003026317 1.1923925e-05 8.906625e-09 0.0020892415 0.0018621765 3.186589e-05 0.0005322404 0.00013190246 0.00017138412 3.533441e-07 1.1299729e-05 3.2463874e-09 8.829968e-07 5.5484972e-05 1.9410041e-05 0.0044757603 0.00047993285 8.7847155e-08 0.0002829041 5.8621936e-08 1.2104362e-06 3.1042578e-07 3.115207e-07 0.00011737938 6.62445e-07 8.8282584e-05 0.0004124563 0.0001111457 1.0698578e-06 4.2256393e-06 1.0741862e-08 0.0001552067 1.0454214e-06 5.184847e-08 9.08764e-05 0.0009196473 3.1762735e-07 1.8713938e-07 1.3872418e-09 1.7557506e-08 0.00096681947 1.1954307e-06 1.095059e-05 5.1467524e-09 9.266214e-07 6.994748e-08 1.1495771e-05 0.00030023564 0.0013081934 2.2069868e-07 3.725836e-06
0.012153655 0.05633771 0.10011257 0.01653624 0.04958151 0.015084343 0.015554141 0.8931306 0.96034366 0.007386456 0.8393305 3.3080353e-14 0.22008607 0.003991719 0.005279025 0.008615804 0.0025639492 0.0015896324 0.8959755 0.0031973901 0.0017891212 0.32781848 0.0010824075 0.7218773 0.0017142451 0.0017333217 0.0013355749 0.044700015 0.00010825701 0.00011895185 0.0001554428 0.04229843 0.000270882 0.089448065 8.175503e-05 0.00019982924 0.00029295002 1.2395255e-05 0.0009998803 3.301246e-05 0.00030837406 1.9840929e-05 0.00018759405 3.8013346e-05 1.2234595e-05 3.406333e-06 8.650057e-06 0.0004436711 3.952597e-05 3.850968e-06 2.8281118e-05 3.33128e-06 5.778979e-07 0.00016940407 0.0010909792 1.0948261e-05 6.353477e-05 3.9223087e-05 3.948106e-05 5.901454e-06 2.5380166e-06 4.537482e-07 3.2704396e-05 5.840209e-06 2.1475718e-05 5.519517e-05 8.9780615e-06 1.2909109e-06 3.5254234e-05 1.7715821e-07 2.2011413e-05 2.6557582e-06 1.2799643e-05 9.451764e-06 7.485786e-06 5.214752e-05 0.0003424748 7.1847135e-05 8.380941e-06 3.7996297e-06 7.7713355e-07 0.0005170436 1.1317982e-06 4.821026e-07 3.7482117e-05 0.00017898966 3.4368654e-08 3.3181988e-07 6.8714234e-09 2.7828244e-07 0.0002094488 2.2071247e-06 0.00010916436 3.9235935e-08 3.6152167e-05 7.435228e-06 6.5846525e-06 4.4234257e-06 0.00021405963 2.4663595e-06 3.1667955e-06
0.6864126 0.06303274 0.51803267 0.35485432 0.00952293 0.021508316 0.8932638 0.90477544 0.23943944 0.00041893675 0.0030853688 0.22008607 4.421655e-17 0.01327348 0.14204544 0.6926528 0.0010613676 0.0002577068 0.052732714 0.47373235 0.09422737 0.7793324 0.6088842 0.0030698688 0.00010614349 0.82146436 0.106205724 0.7652516 0.28508338 0.0530111 0.46249482 0.005209799 0.05228021 0.14634815 0.018530313 5.7410184e-06 0.0033145715 0.014989246 7.311821e-06 0.016924357 1.1239199e-05 0.004072912 0.00030875692 0.006172483 0.000134759 0.0012940029 7.798315e-05 0.029619584 4.1679874e-07 0.0005835432 6.4167376e-05 0.00048303904 0.00019634524 4.8159993e-05 1.7355314e-05 2.2223173e-06 2.5388072e-05 2.1889548e-06 2.1936046e-06 0.015423968 2.6697603e-06 9.013299e-05 0.007160912 4.2660962e-05 7.731137e-07 1.3460216e-08 4.0013305e-08 2.3887626e-05 0.00031667537 3.9113307e-05 9.791713e-05 1.447507e-05 0.00039199585 2.8107315e-05 1.5566657e-05 8.670345e-05 0.0052614366 0.0072257533 1.2127835e-05 1.5906984e-06 4.5085943e-07 0.0016165589 3.8607573e-06 1.0851583e-06 9.2148905e-05 0.0021869447 1.2974058e-07 1.1022223e-07 3.8476827e-08 6.0529075e-08 0.0018116665 1.0211502e-05 0.00049600884 6.851769e-08 0.00028310655 0.00016543896 2.0364143e-05 3.5470487e-06 0.0019614042 0.00015706227 1.5961454e-05
0.8937471 0.24657837 0.15657529 0.36085036 0.2199763 0.886338 0.12525089 0.022891147 0.008819066 0.2405778 0.025493132 0.003991719 0.01327348 1.1976361e-18 0.94228655 0.041957244 0.9010996 0.180767 0.0008439544 0.016467411 0.4348903 0.0019371217 0.0010956074 0.00035301773 0.053952806 0.0010490182 0.11544153 0.0014978484 0.00023904163 0.001183232 0.00037337697 0.00015065387 0.0003060881 0.0005907677 0.00011477395 0.011018783 0.33225134 7.3840183e-06 0.0026755298 5.7363093e-05 0.004036812 5.6490997e-05 0.15755363 0.00016435939 0.07561058 1.2084079e-05 0.008107646 0.052899994 0.007742065 2.2921166e-05 0.01057679 1.7827995e-06 6.9457387e-06 0.00049419905 2.834953e-06 0.003933952 0.0012525877 0.00083367544 0.0023786672 0.00046992712 0.0018769725 4.4827377e-07 0.00036498765 0.010336963 0.00021107461 5.904378e-07 1.5822689e-05 3.3145398e-07 0.06641803 2.5735876e-06 1.0725158e-06 3.1277382e-06 2.8431636e-05 0.0036337825 5.8351534e-06 0.011859289 0.06291167 0.008720391 0.00012826631 5.919822e-05 1.5665977e-07 0.011541166 8.767538e-05 5.6684758e-08 0.010510808 0.063324444 8.604234e-05 5.5122335e-08 1.0275502e-08 3.813273e-07 0.0356268 0.0010964996 0.0053157555 1.1775199e-07 3.9786504e-05 1.4854928e-05 9.816785e-06 4.787753e-07 0.017911913 2.4141149e-05 6.9932485e-06
0.9540716 0.44362617 0.34747475 0.54358864 0.3667226 0.79323286 0.4345063 0.10206939 0.013348159 0.1910222 0.094647065 0.005279025 0.14204544 0.94228655 1.1971435e-17 0.12742896 0.66379124 0.07963362 0.001265331 0.09803178 0.82897264 0.012744139 0.00789167 0.0005576964 0.037258096 0.013717374 0.34280187 0.007922912 0.0036617497 0.019191312 0.0058655725 0.00012313729 0.0015503182 0.0056931647 0.0005181204 0.0052426336 0.16998835 0.0002054794 0.0016779292 0.00035232655 0.0016842771 0.00021726455 0.020633947 0.005847354 0.020286411 0.00029280144 0.002551587 0.2775893 0.000227675 0.00015174555 0.0027891758 6.0264847e-05 7.199687e-05 0.00039819983 6.3377397e-06 0.0005093209 0.0024611703 0.0003087619 0.0005319298 0.007144173 0.000533638 2.80753e-05 0.0011478239 0.001849037 0.00012110239 5.1463427e-08 7.5442995e-07 1.3967216e-05 0.04249266 0.00015061938 3.0727551e-06 1.33402e-05 0.00022096944 0.00022529886 2.2800996e-05 0.003162845 0.0858326 0.016347554 6.174367e-05 1.6342883e-05 7.1344186e-07 0.013507539 1.1411925e-05 3.836677e-07 0.0020833076 0.07255131 1.1617195e-06 3.0684842e-07 6.565358e-08 2.4422408e-07 0.04816293 0.00010698038 0.0040500285 1.0854362e-07 8.558674e-05 4.842158e-05 9.788682e-06 1.1702025e-06 0.023498196 0.00010939855 2.4178196e-05
0.8790048 0.05699427 0.26288256 0.36739826 0.010163732 0.055584267 0.88864756 0.14554916 0.013172365 0.0018401446 0.000905851 0.008615804 0.6926528 0.041957244 0.12742896 2.077954e-16 0.0031215013 0.0009980958 0.001920889 0.9522117 0.33324084 0.058850743 0.7365571 0.00027515594 0.00040349664 0.47693238 0.3798299 0.071018524 0.5079866 0.3761229 0.17799613 0.00022805508 0.04227899 0.010267213 0.018467434 9.2586444e-05 0.009804145 0.015018336 1.8704847e-06 0.0075455243 1.110238e-05 0.003985566 0.00029999093 0.014273113 0.0014386497 0.0013417233 0.00014044411 0.1662498 1.5974513e-06 0.0010553028 0.00030173748 0.00091665395 0.0004776136 6.791793e-06 1.4703742e-06 1.3859315e-05 1.7171336e-05 8.780688e-06 1.0639366e-05 0.021007398 9.267925e-06 0.00042543528 0.015200924 0.00026248 2.4190572e-06 1.3931076e-08 5.6591205e-08 0.00010304413 0.002391269 0.0002501136 3.2050905e-06 0.00012048804 0.0010718283 4.1182975e-05 0.0001430985 0.00036607473 0.01964975 0.033005934 1.8502628e-06 3.1475574e-07 1.9978806e-06 0.0066962736 7.948059e-07 2.2904046e-06 0.0005152637 0.011788567 3.2933218e-07 1.7448697e-07 2.1799042e-07 8.654627e-08 0.025053766 1.22039455e-05 0.0030106374 2.6173225e-07 0.0007247707 0.0009318055 3.1767565e-06 1.6208806e-07 0.0072398176 0.00047736158 3.5285146e-05
0.95629936 0.28024703 0.058788046 0.11997158 0.4936713 0.829612 0.012708063 0.0031824028 0.0053335237 0.8749177 0.041443482 0.0025639492 0.0010613676 0.9010996 0.66379124 0.0031215013 5.888027e-18 0.8970332 0.00015132748 0.001158262 0.100576796 0.0003061307 2.1421065e-05 0.00015244164 0.61319286 8.7077e-05 0.013961724 0.00013238171 1.1278585e-05 2.398636e-05 1.9493613e-05 4.0252155e-05 3.9147264e-05 0.00065635686 8.196436e-06 0.22447455 0.46643576 2.7969577e-07 0.031394187 1.9155883e-05 0.03991103 9.839852e-06 0.43597627 3.7647125e-05 0.2020786 1.4262906e-05 0.102257125 0.04974708 0.056747336 1.7951979e-06 0.042832963 1.2365614e-06 1.1715313e-06 0.00598247 1.9146687e-06 0.007542851 0.0054834057 0.0023360178 0.008710467 0.00074939226 0.0061012865 5.784134e-07 0.00021986479 0.01628751 0.00039145176 4.4524854e-06 5.790078e-05 2.725156e-07 0.16234243 1.9217775e-06 3.8032006e-06 1.1258203e-06 3.1100895e-05 0.0067591853 6.5201966e-06 0.045616366 0.025321096 0.0019935318 0.0004303648 0.00045275086 3.954623e-08 0.0034244412 0.00034412637 1.1158086e-07 0.030662183 0.12815832 0.0001645559 6.797541e-08 2.7771478e-09 2.689721e-07 0.023764083 0.0014999369 0.0021486967 1.8687196e-08 1.6585689e-05 2.2861448e-06 2.1054497e-05 0.00025025054 0.017690264 6.944133e-05 5.1038576e-05
0.40824518 0.04270444 0.008389509 0.0049069324 0.1544444 0.27979395 0.00041075054 0.00117882 0.0033669015 0.9355999 0.045020238 0.0015896324 0.0002577068 0.180767 0.07963362 0.0009980958 0.8970332 3.3305815e-17 0.00030484883 0.00070334016 0.015224472 0.00017912645 1.9485899e-05 0.00044494015 0.965188 4.8082347e-05 0.004090747 0.00013999187 3.1969334e-06 7.414958e-05 1.2627874e-05 0.0004148645 4.4109376e-05 0.00075677526 2.2719185e-05 0.4870707 0.045989715 3.1807704e-06 0.07077512 1.6399355e-05 0.057226375 1.4570108e-05 0.18317038 3.3600707e-05 0.026724111 1.4453042e-05 0.02257914 0.0069299885 0.05606824 1.7010383e-05 0.008130306 2.3005425e-06 4.851641e-06 0.008621529 1.82369e-05 0.0035460328 0.0045723883 0.003816577 0.0036876935 3.9324066e-05 0.0023672942 2.430563e-07 0.00012155109 0.0073814383 0.00035463352 0.00020051688 0.00032895693 1.984653e-07 0.034113903 5.507552e-06 2.2445004e-06 2.8214322e-06 5.6737143e-05 0.0014929853 4.746453e-06 0.010387011 0.0076137716 0.00087643747 0.00024434863 0.00010240764 5.2313885e-07 0.0020254673 0.00020613143 1.9881178e-07 0.0089368615 0.026226833 0.000106703024 1.8301728e-07 1.0254025e-08 8.414557e-07 0.0022902638 0.0012842616 0.00097194576 2.6277831e-08 0.00013403955 1.0364212e-05 3.3192435e-05 0.00015742877 0.004558103 3.78589e-05 0.0001179547
0.0028878283 0.00580481 0.012209575 0.0026958508 0.0063635283 0.0017507148 0.00285745 0.6058341 0.6300429 0.0006090898 0.3871811 0.8959755 0.052732714 0.0008439544 0.001265331 0.001920889 0.00015132748 0.00030484883 8.7996175e-17 0.0010120207 0.00030578292 0.3571597 0.00021801381 0.9666965 0.00026538596 0.0005362708 0.0002847743 0.016397277 0.00019537024 1.474481e-05 0.00014247387 0.52347875 4.8067217e-05 0.10105959 2.9718372e-05 1.4032343e-05 1.4938938e-06 7.3139054e-06 0.0002889261 1.0764584e-05 7.863257e-05 7.2287994e-06 1.7877583e-05 1.193306e-05 5.069328e-07 2.105744e-06 2.4886233e-06 7.139309e-06 8.623436e-06 5.9942e-06 1.2912278e-05 6.5747254e-06 1.2165929e-06 6.129297e-05 0.004461071 2.8408422e-06 6.742003e-05 1.6176378e-05 4.8046684e-05 3.1303713e-07 1.0190902e-06 8.952381e-07 5.0353856e-06 6.2621973e-07 1.3628749e-05 8.0924665e-06 3.1979368e-06 2.7844742e-06 2.3336352e-06 7.887379e-07 1.3931377e-05 2.2938366e-06 1.4023185e-06 5.2432233e-06 2.3316397e-06 2.218588e-06 5.5298595e-05 9.70473e-06 6.108855e-07 1.125362e-06 9.738565e-07 0.000114649454 5.1268097e-07 3.3405724e-06 4.6630325e-06 4.6097022e-05 7.737576e-07 9.753036e-07 1.631387e-09 1.5509258e-06 0.00015541287 4.986753e-07 6.0672005e-06 3.3885158e-08 6.6520493e-06 9.160932e-07 1.473024e-06 4.3962012e-07 7.238177e-05 1.3735745e-07 2.4054714e-07
0.96124494 0.014923989 0.085539915 0.10168365 0.0036943234 0.021788374 0.6523355 0.06602517 0.0025213466 0.0009315892 0.0006765802 0.0031973901 0.47373235 0.016467411 0.09803178 0.9522117 0.001158262 0.00070334016 0.0010120207 2.1846341e-15 0.2743842 0.035245236 0.6368485 0.00026483048 0.00034355596 0.46848333 0.7009945 0.035495535 0.62921256 0.75156295 0.17000195 0.00010661605 0.097527206 0.009028752 0.03949469 3.9253213e-05 0.013915232 0.01552902 1.4049823e-06 0.025532473 8.4877665e-06 0.015623398 0.00024909194 0.13894911 0.0012636385 0.0035599878 0.00013391946 0.41333276 4.203675e-07 0.002628018 0.00032727033 0.0020912148 0.001129136 4.4839458e-06 1.2528773e-06 1.5691292e-05 2.1011512e-05 2.8474847e-06 4.0314944e-06 0.08412746 7.0406736e-06 0.00084258115 0.04736802 6.696391e-05 2.5823304e-06 6.7896586e-09 5.1583616e-08 0.0005068584 0.0028994791 0.0027511972 5.648671e-06 0.00047794785 0.0051964284 6.267503e-05 0.0002907615 0.0005837355 0.107622705 0.19684266 1.7901903e-06 3.0158685e-07 4.028789e-06 0.036532436 4.788434e-07 4.3807104e-06 0.00058849336 0.033386473 1.02356616e-07 8.455381e-07 1.1309523e-06 3.8653306e-07 0.100344576 4.8679987e-05 0.015809786 4.558722e-07 0.0019774872 0.0027082844 1.0882134e-06 7.9877924e-07 0.021721909 0.0022676555 0.00037157282
0.9216938 0.06482091 0.089310676 0.3047911 0.014940536 0.29504967 0.5613673 0.023897639 0.0028719169 0.012938258 0.00072423654 0.0017891212 0.09422737 0.4348903 0.82897264 0.33324084 0.100576796 0.015224472 0.00030578292 0.2743842 2.0619156e-17 0.004756829 0.047845658 0.00011387295 0.0066881105 0.044645738 0.96503794 0.005966895 0.028719643 0.06454201 0.015516 6.3017316e-05 0.0036803784 0.00031778627 0.0018965156 0.0007452983 0.51239216 0.0010376452 5.474538e-05 0.00063974544 0.00031498534 0.001075894 0.097472 0.00550303 0.07900209 0.0002828329 0.0025899897 0.3518891 0.0015913759 0.0006720184 0.0066033835 0.00016208582 0.00035340092 1.600717e-05 6.0512975e-06 0.001414339 5.3049203e-05 0.00021132638 0.00073105475 0.006305468 0.0007074326 9.233812e-05 0.0036223333 0.0042375 3.5023313e-05 1.9176169e-07 8.29447e-06 3.15794e-05 0.0519186 0.00020175002 4.157774e-06 4.6274177e-05 0.0009371084 0.001608379 5.6890854e-05 0.0039191777 0.12572728 0.04107075 0.00018980265 3.51449e-05 8.285808e-07 0.038812567 8.896396e-05 1.4272423e-06 0.004715815 0.085172065 3.865954e-05 7.298162e-07 6.446443e-07 3.7325304e-07 0.06230058 0.0005376616 0.015733588 1.1411244e-06 0.00042630808 0.0002641837 9.817347e-06 9.938581e-07 0.025046084 0.0001761374 4.404527e-05
0.081285216 0.0056511797 0.029412853 0.017969538 0.0007342454 0.0025048947 0.0772211 0.7145805 0.18785757 0.00015393058 0.013613565 0.32781848 0.7793324 0.0019371217 0.012744139 0.058850743 0.0003061307 0.00017912645 0.3571597 0.035245236 0.004756829 3.0692586e-17 0.029910233 0.027026914 5.27594e-05 0.24085023 0.005863439 0.98103625 0.023459012 0.0036134194 0.5010714 0.12888327 0.0072339484 0.89033365 0.0028977932 9.609739e-06 0.0001365044 0.02374652 0.00010904336 0.0030453282 4.0696155e-05 0.0012702369 5.5017696e-05 0.0013338666 1.2393978e-05 0.008820964 2.534651e-05 0.0010837958 7.739867e-06 0.00024048581 4.6148572e-05 0.0005489883 7.302772e-05 7.379361e-05 0.0018650495 0.00012364222 6.463754e-05 2.827664e-05 0.00018332341 0.00080085755 0.00011840496 3.2086184e-05 0.0003141963 5.3343905e-05 1.6432889e-05 8.002562e-07 2.4349708e-07 2.3234588e-05 0.00014637691 0.000638742 0.0032122284 1.799103e-05 5.0092867e-06 0.00023624925 8.462581e-06 6.114713e-05 0.000101398706 0.0005954318 0.00010107537 3.385762e-05 1.8013253e-06 0.00014479249 9.3311055e-06 5.3435224e-06 5.598065e-05 0.00019144658 8.452382e-07 4.1848628e-07 9.98925e-08 7.654201e-07 0.0007017978 8.44141e-07 3.0994568e-05 1.4807644e-07 3.190637e-05 2.2478387e-05 0.00014088895 1.1831144e-05 0.00036405408 2.1178346e-05 8.240674e-06
0.64141005 0.00017127873 0.003964827 0.0036537107 1.7974893e-05 0.00020465157 0.15089907 0.010490829 0.0007446021 8.775422e-06 3.207901e-06 0.0010824075 0.6088842 0.0010956074 0.00789167 0.7365571 2.1421065e-05 1.9485899e-05 0.00021801381 0.6368485 0.047845658 0.029910233 2.6568996e-18 3.525669e-05 3.1569655e-06 0.95736015 0.15921713 0.12393256 0.9344314 0.5774158 0.50325453 0.0001463712 0.2844659 0.011848737 0.17422497 2.8845844e-07 0.0014521895 0.11272932 5.3450717e-06 0.1671144 3.006273e-06 0.068751134 1.5595871e-05 0.053562716 6.260072e-05 0.007969567 9.354468e-06 0.085819095 4.3816534e-08 0.011617854 2.3738447e-05 0.01813486 0.0045287996 6.303135e-06 7.171679e-07 3.978836e-07 4.4997782e-06 1.363019e-07 2.3886054e-07 0.049575906 4.801915e-07 0.0013572334 0.028406948 2.9939945e-05 1.3295441e-07 2.5406756e-08 4.799585e-07 0.00046659444 0.00013026211 0.0005084478 3.4378718e-06 0.0006963965 0.005121943 2.2235796e-05 0.00025244334 5.6389265e-05 0.014374136 0.031889167 4.538443e-07 2.2299524e-07 5.8834994e-06 0.0049269414 5.143995e-07 7.719323e-06 0.00023394937 0.0044473717 6.915077e-08 1.1018981e-06 1.7638794e-07 4.9767385e-07 0.0074585723 4.330926e-05 0.0051027653 9.735007e-07 0.0014497293 0.0017487216 3.6100383e-07 1.8625848e-08 0.0017418999 0.00077245454 0.00016477844
0.0005040693 0.005932886 0.0062477323 0.001249947 0.008925521 0.00216664 0.00057696697 0.18305346 0.5290582 0.0030685824 0.89327264 0.7218773 0.0030698688 0.00035301773 0.0005576964 0.00027515594 0.00015244164 0.00044494015 0.9666965 0.00026483048 0.00011387295 0.027026914 3.525669e-05 8.615044e-17 0.00093933096 0.0002644224 0.000109088185 0.0029136995 3.0242845e-05 1.7242875e-06 2.8872128e-05 0.42328253 3.1771942e-05 0.03404172 2.4183502e-05 5.1691244e-05 8.508591e-07 1.1166917e-06 0.004230464 1.5052023e-05 0.0007364049 8.52084e-06 2.0141526e-05 2.6255186e-06 5.418436e-07 1.8169023e-05 4.323781e-06 1.7273372e-06 2.3975357e-05 1.0914675e-06 4.4507207e-05 1.2650137e-05 6.283236e-07 0.0006526293 0.08247243 2.7209593e-05 0.00035234063 0.00015296314 8.604095e-05 1.8030123e-07 1.7709596e-06 4.107456e-07 5.9029735e-06 8.1438003e-07 0.00015507796 0.0004829959 3.9748542e-05 1.9276456e-06 7.793396e-06 7.5826586e-07 1.5683108e-05 1.6418953e-06 6.002194e-07 4.660734e-06 4.3465297e-07 2.2786833e-06 1.0077415e-05 1.7118866e-05 3.808303e-06 6.0661473e-06 4.199644e-07 2.7869411e-05 8.2884793e-07 3.8499272e-07 3.6801605e-06 2.2521046e-05 5.7107036e-07 1.3084583e-07 7.3646905e-10 5.5323095e-08 6.8488334e-05 2.80922e-07 1.4499132e-06 3.1348495e-09 4.067468e-06 4.847055e-07 8.127181e-07 1.2318321e-06 4.429042e-05 1.4194447e-07 8.47913e-07
0.3930181 0.025928231 0.004227435 0.001930284 0.1320704 0.09855231 0.00022242531 0.0007293834 0.003924372 0.9378713 0.1148731 0.0017142451 0.00010614349 0.053952806 0.037258096 0.00040349664 0.61319286 0.965188 0.00026538596 0.00034355596 0.0066881105 5.27594e-05 3.1569655e-06 0.00093933096 1.02282385e-16 6.6848447e-06 0.001731776 2.4116112e-05 1.5760362e-06 9.12262e-06 2.783391e-06 0.00020168617 3.26394e-05 0.00017534936 9.658075e-06 0.93233764 0.01964502 1.0946711e-06 0.441263 1.2311809e-05 0.4310472 2.9797407e-05 0.08311372 1.7342261e-05 0.014993413 4.7399712e-06 0.0319098 0.0031735983 0.11137304 1.7238246e-05 0.008622635 1.8547598e-05 6.7429833e-06 0.108686656 2.843454e-05 0.006934219 0.06996003 0.016910402 0.013131013 3.7668008e-06 0.0048447954 2.0791171e-07 2.500386e-05 0.0047361804 0.0018383184 0.0045841266 0.0026251883 6.757038e-07 0.03306591 2.3449917e-07 6.183305e-07 3.402122e-06 1.4105734e-05 0.00176327 1.1960051e-05 0.008594922 0.0022821226 0.00025585815 0.00035958615 0.00015986187 9.380503e-07 0.0007421156 0.0001561691 2.2830824e-07 0.0080044335 0.012773275 8.539808e-05 4.436812e-07 9.457515e-10 1.9869978e-07 0.0012245929 0.00068006373 0.00045778288 6.3512227e-09 9.147759e-05 1.2763793e-05 7.145279e-05 0.0017106995 0.0027541467 2.6540856e-05 6.6215136e-05
0.7975405 0.00025940646 0.0044119856 0.0040650507 2.5342255e-05 0.0005036546 0.18033224 0.03657042 0.0011317714 1.5533351e-05 3.8354116e-05 0.0017333217 0.82146436 0.0010490182 0.013717374 0.47693238 8.7077e-05 4.8082347e-05 0.0005362708 0.46848333 0.044645738 0.24085023 0.95736015 0.0002644224 6.6848447e-06 2.7383165e-15 0.12725064 0.61160326 0.8054083 0.32397732 0.8926952 0.00031601556 0.31043774 0.110993385 0.22845142 1.1340768e-06 0.0006427462 0.51421666 2.8189968e-05 0.3257383 3.0970397e-05 0.059727337 4.1172378e-05 0.035247244 5.6477318e-05 0.047322527 1.7301441e-05 0.093720384 1.487368e-07 0.008986062 7.7281446e-05 0.035636153 0.0061833826 5.2982057e-05 1.1810075e-05 2.230345e-06 2.1284262e-05 1.151991e-06 1.168524e-06 0.0518367 1.7950455e-06 0.0034415296 0.04823346 3.961337e-05 4.9110804e-07 1.9021097e-07 9.588043e-08 0.0018504474 0.00038400397 0.0033301557 0.00033887217 0.0008830524 0.0024115068 0.00016754451 0.00039017206 6.0941453e-05 0.0041696774 0.029246075 2.3131117e-05 4.8892266e-06 9.507298e-06 0.002051353 1.188822e-06 1.1500222e-05 0.00016561625 0.0021800708 1.2381196e-07 1.5993688e-06 7.8120485e-07 7.370099e-07 0.003800469 5.6975096e-06 0.0029596004 2.5478944e-06 0.00093963824 0.001819452 6.538964e-06 1.1373587e-06 0.0019079027 0.0014257263 0.00031713746
0.92697054 0.02126016 0.04337712 0.098091185 0.004884983 0.0758926 0.37379912 0.016022215 0.00144924 0.0025066056 0.0005540933 0.0013355749 0.106205724 0.11544153 0.34280187 0.3798299 0.013961724 0.004090747 0.0002847743 0.7009945 0.96503794 0.005863439 0.15921713 0.000109088185 0.001731776 0.12725064 2.2754043e-17 0.009711627 0.12417118 0.6667907 0.030536154 0.000105494095 0.021584608 0.0008449107 0.0129537955 0.00013417834 0.2665204 0.0032805547 3.273571e-06 0.0051672007 1.5930978e-05 0.011235374 0.012669104 0.07824117 0.016246514 0.0010675625 0.00061005505 0.6180542 4.9743117e-06 0.0042665824 0.0013157544 0.001896316 0.002534621 5.785466e-06 3.501267e-06 4.9877282e-05 1.4839055e-05 1.9296001e-05 2.0433243e-05 0.022548825 5.081245e-05 0.0004913296 0.007686099 0.001282021 2.2383506e-06 1.0584708e-08 1.9574087e-07 0.00027037488 0.01506645 0.0013311555 9.63063e-06 0.00022773667 0.005767013 0.00015734906 0.00031780568 0.0006338786 0.18153553 0.080373794 1.9048437e-05 2.962537e-06 2.0968833e-05 0.07474889 6.113159e-06 1.1498699e-05 0.00094192434 0.06529612 3.1954282e-06 3.6555318e-06 2.0120722e-06 2.986849e-06 0.076974325 0.00016386824 0.023715898 1.9734846e-06 0.0011427483 0.00062266545 3.1759084e-06 2.6238565e-06 0.020105025 0.0006457266 9.564888e-05
0.081486434 0.0017540724 0.0092561245 0.007119025 0.0002245963 0.0016684174 0.045307774 0.21069787 0.014537069 8.2603554e-05 0.00015890063 0.044700015 0.7652516 0.0014978484 0.007922912 0.071018524 0.00013238171 0.00013999187 0.016397277 0.035495535 0.005966895 0.98103625 0.12393256 0.0029136995 2.4116112e-05 0.61160326 0.009711627 8.4081606e-17 0.09544341 0.012732678 0.89109594 0.011299109 0.024544418 0.8602072 0.015640251 2.3527546e-06 8.4320694e-05 0.14876418 4.4708006e-05 0.015946006 1.0332049e-05 0.0034938161 9.543076e-05 0.004235546 1.53922e-05 0.14156312 7.037126e-05 0.0011729299 3.7417154e-05 0.0011953221 0.00025428672 0.012849294 0.00077431503 0.0001302103 0.0006259033 0.0005844502 4.5823734e-05 5.1787414e-05 0.0015249116 0.0028245188 0.00089232525 0.0004195739 0.00071997003 4.9885326e-05 3.6486446e-05 9.19242e-09 3.2297017e-08 0.0009254858 0.00017657602 0.0071142036 0.007818322 0.00014267757 8.312727e-05 0.0010827074 3.4815046e-05 5.513483e-05 0.0003413583 0.0008972755 0.00061133923 0.0004571758 2.8732014e-05 0.0003941912 2.3699744e-05 6.1006234e-05 9.892283e-05 0.00044513648 1.8469397e-06 7.85623e-06 3.1940722e-06 2.8454108e-06 0.00074951694 5.9458393e-06 4.715473e-05 1.9794256e-06 0.00014625635 6.694067e-05 0.00062589644 5.0059276e-07 0.00043575207 4.752167e-05 2.018146e-05
0.89674115 4.6598783e-05 0.00088985695 0.00093116815 2.3372545e-06 9.171073e-05 0.03007668 0.002226418 0.00010954251 1.955794e-06 1.247537e-06 0.00010825701 0.28508338 0.00023904163 0.0036617497 0.5079866 1.1278585e-05 3.1969334e-06 0.00019537024 0.62921256 0.028719643 0.023459012 0.9344314 3.0242845e-05 1.5760362e-06 0.8054083 0.12417118 0.09544341 1.8463455e-16 0.8526734 0.59000695 5.55759e-05 0.7739713 0.019491542 0.71738994 1.8411193e-07 0.00032249742 0.4267571 7.977759e-07 0.6547752 9.3221166e-07 0.46122646 6.2780286e-06 0.3181671 3.9128117e-05 0.042497758 3.300741e-06 0.12934446 3.3907266e-08 0.10453354 1.1314847e-05 0.23217757 0.061658714 1.1697914e-05 5.584542e-07 1.4785925e-07 4.012328e-06 8.0682e-08 1.2154152e-07 0.13920958 1.9008856e-07 0.008768898 0.12635122 7.996524e-06 5.9120268e-08 2.2448255e-08 1.6331525e-07 0.006672387 3.959365e-05 0.006731457 2.0335576e-05 0.0022074785 0.025716575 3.3072663e-06 0.0011485093 1.4023031e-05 0.02391825 0.098819874 6.767879e-07 1.2318526e-07 4.146784e-05 0.011935099 1.7017568e-07 3.654805e-05 4.5785684e-05 0.0030504253 4.4995463e-08 1.917191e-05 3.91636e-06 2.3778925e-06 0.010018231 3.1542975e-05 0.007654794 2.5692177e-06 0.0027104586 0.004023391 5.188791e-07 4.5650654e-07 0.0022127207 0.0023897074 0.0005910627
0.92240715 0.0002764171 0.0020095527 0.0040351455 3.583192e-05 0.0008506409 0.07248822 0.0015413498 4.2901716e-05 1.6789407e-05 1.3442943e-05 0.00011895185 0.0530111 0.001183232 0.019191312 0.3761229 2.398636e-05 7.414958e-05 1.474481e-05 0.75156295 0.06454201 0.0036134194 0.5774158 1.7242875e-06 9.12262e-06 0.32397732 0.6667907 0.012732678 0.8526734 3.1445364e-18 0.13714246 4.6935493e-06 0.77023894 0.00048719722 0.596697 1.0345335e-06 0.011117194 0.054938033 1.7813693e-07 0.38615054 1.7181351e-06 0.59944564 6.730086e-05 0.87015057 0.00074202387 0.0013868331 1.1271778e-05 0.59504056 2.6746074e-08 0.11714667 4.674544e-05 0.010096194 0.01450405 1.9293157e-06 3.7736987e-07 6.689127e-07 1.3696313e-06 2.3618425e-07 4.4075819e-07 0.18144074 2.6580574e-07 0.0041145077 0.12661168 9.1471746e-05 8.9906786e-07 7.5154105e-09 2.2289923e-08 0.00035700513 0.0015571202 0.00016490654 3.0424062e-06 0.00027573595 0.021661663 6.8300837e-06 0.0003348237 0.00033830447 0.23908766 0.23104848 7.6368664e-08 1.3280785e-08 4.2480315e-06 0.099739864 1.278443e-07 3.5054304e-06 0.00046343933 0.020740027 1.5805601e-07 1.0413974e-06 1.871284e-08 3.9368564e-07 0.08908689 1.5012799e-05 0.06727412 1.1013839e-07 0.004916662 0.0059840246 7.340539e-07 2.899576e-06 0.014455704 0.0033071877 0.0004720033
0.25988752 8.0721446e-05 0.0003978931 0.00072764204 1.3852047e-05 0.0001456792 0.012249685 0.0016118722 0.00011316634 2.536277e-06 4.669543e-06 0.0001554428 0.46249482 0.00037337697 0.0058655725 0.17799613 1.9493613e-05 1.2627874e-05 0.00014247387 0.17000195 0.015516 0.5010714 0.50325453 2.8872128e-05 2.783391e-06 0.8926952 0.030536154 0.89109594 0.59000695 0.13714246 1.2481464e-17 0.0007416518 0.30999413 0.6628936 0.20428172 6.149233e-07 0.00016910078 0.9873265 2.5105792e-05 0.3107669 1.8885372e-05 0.098589145 8.876308e-06 0.054965485 5.4780917e-06 0.6109107 2.7063064e-05 0.015203412 5.0319445e-06 0.028143028 3.7494385e-05 0.2775188 0.015471835 4.391646e-05 2.7897997e-05 6.703228e-05 1.7585066e-05 5.0958442e-06 0.00012484987 0.026172504 2.9061497e-05 0.007653932 0.017450988 4.7263915e-05 9.079111e-06 4.944479e-09 3.4420413e-08 0.00559335 1.7837869e-05 0.06432898 0.010346126 0.0007986564 0.0015092782 0.0007653728 0.0002842997 7.978855e-05 0.00064673246 0.0059969593 8.713595e-06 5.9737517e-06 3.664392e-05 0.000739669 2.7948017e-06 7.342864e-05 0.0001914959 0.0014903834 8.7704564e-07 1.3601158e-05 5.3963104e-06 3.7976947e-06 0.0014393436 0.00013778327 0.00030697035 2.4661879e-06 0.00092907343 0.0014223983 3.2527178e-06 9.280753e-09 0.0010864843 0.0007706581 0.00023220578
