8.247309e-21 0.4487872 0.597291 0.9143303 0.77004284 0.8935485 0.93022794 0.7865009 0.9098972 0.85416466 0.9712188 0.8276188 0.6180854 0.75197047 0.33692428 0.8244482 0.91109264 0.69290185 0.8333179 0.61866266 0.95598894 0.9787651 0.026044704 0.038748007 0.89172465 0.038422074 0.02010655 0.92212564 0.22736412 0.9410827 0.8653227 0.85578924 0.34679902 0.9292183 0.8044271 0.03151666 0.023340248 0.9012149 0.96056885 0.9900364 0.008476002 0.96836907 0.9819948 0.7560496 0.9594153 0.9926946 0.49441728 0.0012418411 0.90784127 0.080877 0.9313703 0.9306203 0.6252915 0.8759711 0.8100277 0.71791834 0.90329874 0.96667624 0.61298746 0.09489542 0.93800676 0.38961214 0.1252522 0.5734238 0.9280025 0.08220902 0.98559624 0.9830677 0.9691657 0.20812331 0.99277204 0.98682684 0.7689981 0.0074068103 0.9879966 0.98653793 0.9971227 0.60930747 0.92241037 0.9915979 0.99938023 7.310736e-05 0.0008181833 0.0092410855 0.0011222176 0.9998622 0.1699608 0.9363137 0.22883974 0.9192383 0.49724826 1.0848318e-05 0.062679894 0.037118383 0.4948685 0.120190516 0.0009389123 0.98814917 0.92714775 0.999999 0.98970395
0.4487872 3.7376086e-17 0.9951865 0.94981503 0.7389531 0.5173139 0.6409457 0.4077176 0.11547417 0.2471491 0.07610414 0.45889822 0.10249222 0.050139282 0.5837692 0.046834122 0.052593473 0.042780317 0.0028058677 0.003112646 0.01905106 0.030791411 0.0633495 0.076113656 0.013749816 0.049441237 0.11121922 0.0004302696 0.0017395392 0.0144398725 9.728805e-06 8.626846e-05 0.006489081 0.0031919726 0.00013259184 0.015908455 3.416935e-05 8.5813794e-05 0.0056279637 0.017357908 0.004489333 0.0001536333 0.0027437755 0.0014320423 0.0048991544 0.009642689 2.6238778e-05 0.0002175822 0.0014510835 0.00058661454 2.6797957e-06 0.0010752898 2.7330161e-05 1.5660008e-06 2.2575e-05 5.638413e-06 1.1053477e-05 0.00054845744 3.8026378e-06 1.7114802e-05 0.0006369132 7.2532345e-07 3.7933585e-06 2.498237e-06 0.00052366726 1.1575204e-06 0.00021292192 3.4878047e-07 0.00018598425 1.1301826e-06 0.002205221 0.0002464916 1.566393e-05 3.256579e-06 0.0026779168 0.0020651561 0.0012211689 6.339508e-07 1.0671848e-06 0.00016015729 0.0018335177 2.656504e-07 1.7733381e-09 8.0804324e-07 2.2632295e-05 0.004776139 1.4913303e-06 9.973098e-06 9.649233e-07 3.7223144e-05 6.5673376e-06 1.6159516e-06 1.8227038e-07 8.524708e-08 5.3749905e-06 5.2898923e-08 7.773045e-06 2.9860075e-05 3.894536e-05 0.0018959732 0.0002497992
0.597291 0.9951865 6.36541e-17 0.27414703 0.6332756 0.122334026 0.89944106 0.53350484 0.006448716 0.6121832 0.4127562 0.578745 0.0020619992 0.36734593 0.3129411 0.07337397 0.055195834 0.091373235 0.009053406 0.020031849 0.055497464 0.0037985467 0.025253223 0.026885098 0.02887306 0.0013506336 0.007873865 0.00096913095 0.00010510205 0.052550808 5.9275834e-07 1.0413751e-05 0.011836296 0.0073078433 2.1216514e-05 0.018133236 1.9962752e-06 4.5716592e-06 0.0094072195 0.031223105 0.003578222 0.00032103923 0.0035313764 0.0026289576 0.0048373053 0.0043347203 0.00018033554 0.00019630538 0.002140473 0.00078531436 2.5574383e-07 0.00024261502 0.0003250048 3.446954e-05 9.147183e-07 7.9386664e-05 8.225751e-07 0.0015310828 5.1127678e-05 6.719927e-05 5.2177566e-05 3.0997332e-06 1.71975e-06 2.2346267e-06 0.00018147522 1.3454312e-06 0.000237612 1.02793294e-07 2.2910785e-05 2.3090564e-05 0.0007802169 1.8590614e-05 1.1492531e-06 2.073564e-06 0.0012415006 0.0017976265 0.0013652418 4.6421118e-08 6.022256e-07 8.992964e-06 0.00026009858 1.1251147e-05 7.9393797e-10 1.2469856e-07 9.265022e-05 0.0021670666 1.3319459e-06 1.3802807e-07 4.2563263e-07 2.3575755e-07 4.132408e-06 2.6402954e-06 7.5032254e-08 1.07716595e-07 8.509131e-08 2.3899236e-08 1.1857559e-06 8.773339e-06 4.0562518e-05 0.0023856347 0.00027204756
0.9143303 0.94981503 0.27414703 1.823458e-15 0.40470833 0.64788294 0.40928504 0.16860376 0.62448484 0.06085008 0.017972708 0.101826474 0.97006524 0.0116736805 0.83925974 0.004602841 0.057747763 0.008341276 0.0014246851 5.3077034e-05 0.005320082 0.57397956 0.0647656 0.085358664 0.0003543737 0.7571422 0.83071303 8.578859e-05 0.08567822 0.010976585 0.023337955 0.009489228 0.0043341373 0.00034588034 0.0051359273 0.0073253745 0.0315147 0.0050557163 0.0007833404 0.0050701215 0.0018563616 2.631368e-05 0.0015634315 0.0005317038 0.01036841 0.09025147 2.850381e-06 0.00019927317 8.483256e-05 0.0003330305 0.00028874347 0.040533956 5.0246695e-06 2.0321586e-08 0.00047169783 2.0532318e-05 0.00010488627 3.4707107e-05 6.008906e-07 6.486911e-05 0.03212275 5.1521766e-08 0.0009892525 6.982552e-08 0.0043955604 3.9347393e-07 7.742032e-06 3.769804e-05 0.0037907786 8.624192e-08 0.032694485 0.0054396517 8.1672115e-05 2.842353e-05 0.007060796 0.0024586543 0.00043816568 5.974219e-06 2.1368463e-05 0.0012769686 0.011781748 7.0768937e-07 3.2157116e-06 8.0478285e-06 3.5867713e-05 0.015687553 5.8950577e-06 0.00030666575 1.6471187e-05 0.00025194115 2.4313244e-06 1.0674739e-06 8.293567e-08 6.649705e-07 2.8982173e-05 3.346958e-07 8.673599e-06 0.0004217352 9.775692e-05 0.01250818 0.0012347627
0.77004284 0.7389531 0.6332756 0.40470833 3.3258838e-17 0.87920624 0.8416544 0.97708434 0.16084963 0.07520378 0.0018836664 0.008455371 0.021717053 0.0049831555 0.09553093 0.5738717 0.72801965 0.00082544936 7.9659985e-05 1.1626023e-05 0.43668556 0.37504277 0.0037724415 0.003934331 0.021102421 0.0007643862 0.0016991763 5.6395097e-06 0.00078139827 0.05954156 4.2545737e-05 0.00010040728 0.00024102101 0.013901994 0.00020658325 0.00041178914 1.1794845e-05 0.0001293542 0.06596972 0.03936947 1.6340622e-05 3.878247e-05 0.05311287 1.8372399e-05 0.10366736 0.08054745 3.0637966e-07 7.2624675e-07 0.005917539 3.9495694e-06 7.682442e-06 0.010020013 3.1990658e-06 3.7203286e-08 0.000173513 2.1234034e-06 1.0043691e-05 0.0040396424 8.3973055e-07 1.0079006e-06 0.0055112913 1.5268628e-07 6.9384955e-06 1.4300495e-07 0.0030764604 3.5033364e-07 0.0001875377 1.3236163e-06 0.0008028523 3.957764e-07 0.015835475 0.00091540423 9.693597e-07 1.0773556e-06 0.022273205 0.005254975 0.0034773003 4.7883424e-07 2.4844119e-06 0.00031155325 0.008744158 2.7798999e-08 2.6506148e-09 6.6788266e-07 2.4391557e-06 0.027715797 3.5565838e-06 8.328765e-05 2.275697e-06 0.00017849056 1.0258036e-06 1.0085337e-07 5.060662e-07 1.1407517e-07 2.2141165e-05 1.5401962e-07 1.9489737e-06 1.9236284e-05 0.00016643388 0.022357993 0.0006155984
0.8935485 0.5173139 0.122334026 0.64788294 0.87920624 1.7124502e-16 0.10121713 0.14947748 0.98677886 0.0013359846 7.5376905e-05 0.0013145164 0.53001255 0.00039410134 0.07535997 0.097835906 0.3352967 4.205163e-05 2.3287586e-05 3.9306818e-07 0.031159451 0.80941224 0.0018937524 0.0023561127 0.00027495134 0.033697054 0.014111555 7.03577e-07 0.0811966 0.0062905904 0.060418274 0.029933361 1.9492683e-05 0.0031268063 0.011814869 7.7121025e-05 0.0027810854 0.011898107 0.024305822 0.02286609 1.7695128e-06 6.3387547e-06 0.032728657 2.1964263e-06 0.13383403 0.2191124 2.5181745e-08 1.0537679e-07 0.00078428787 2.3392793e-06 0.0003097635 0.12223717 1.7453075e-07 3.9501906e-08 0.0008172023 1.2520847e-07 2.7912874e-05 0.0025623788 4.3356044e-07 6.421972e-07 0.04241719 3.0925783e-08 0.00011992824 7.0511014e-08 0.04949986 2.1202643e-08 1.2095033e-05 1.5621563e-05 0.012754004 5.3225214e-08 0.080911346 0.011835107 1.3457136e-06 1.9686536e-06 0.08918357 0.004198447 0.008491902 9.800709e-07 2.7845157e-05 0.0013410964 0.04945214 1.2977263e-07 5.9147112e-08 2.6635257e-07 1.0958279e-05 0.065580614 1.5625237e-06 0.0012760947 3.4273207e-06 0.0015819957 3.735695e-08 3.9299373e-08 3.059811e-07 7.241816e-07 3.606883e-05 4.3087417e-07 2.0933996e-06 5.661018e-05 0.00020642257 0.024012918 0.00289844
0.93022794 0.6409457 0.89944106 0.40928504 0.8416544 0.10121713 3.5950424e-16 0.94583434 0.0015462156 0.86526734 0.57869977 0.39909646 0.00081313995 0.60604113 0.27130455 0.53749734 0.47797453 0.048991784 0.011782401 0.01359649 0.7728512 0.0026619253 0.009274605 0.010760854 0.6082922 8.460512e-05 0.0007054015 0.00045298622 4.498253e-05 0.72144145 6.253794e-07 2.8342095e-06 0.034648895 0.2585903 5.3130643e-06 0.010371189 2.6178777e-06 5.141332e-07 0.24761613 0.34148878 0.0018732278 0.00043032024 0.071698554 0.012998848 0.026341997 0.025120782 0.0008467692 8.0251164e-05 0.029939912 0.0030576047 7.735289e-07 0.00056684687 0.00035132165 9.989375e-06 6.4812816e-06 0.00013446591 1.4639603e-06 0.015890466 5.050562e-05 0.00063879223 0.00025042534 3.4094464e-06 1.3025546e-05 2.492968e-06 0.0004885486 1.0991935e-06 0.0011848849 3.8091493e-08 9.659799e-06 1.4247042e-05 0.00194638 1.342274e-05 1.8758483e-07 2.9408818e-06 0.0054459763 0.042744096 0.010162719 1.7683707e-08 3.1800422e-08 8.9294366e-07 0.0009155361 3.58168e-06 1.7482819e-08 1.1595644e-06 6.125879e-05 0.013078654 2.2631454e-07 7.389058e-07 3.0395555e-08 1.7707646e-07 2.6537884e-06 1.9725362e-06 1.9340574e-08 1.5146721e-08 8.475406e-08 8.005836e-09 4.673731e-06 5.8614987e-05 0.00037861808 0.04300649 0.0018063143
0.7865009 0.4077176 0.53350484 0.16860376 0.97708434 0.14947748 0.94583434 1.706742e-18 0.010055671 0.19649832 0.0085957255 0.02620677 0.0011108133 0.01991521 0.06232621 0.49516377 0.65239316 0.0028822636 8.151905e-05 2.6908368e-05 0.5115461 0.045476347 0.002130191 0.0037487128 0.060782682 6.6536646e-05 0.00021505797 4.48401e-06 0.00011646036 0.1682242 4.912661e-06 8.395661e-06 0.0007787209 0.025897346 1.643891e-05 0.001034693 2.2102295e-06 6.06451e-06 0.1039856 0.063307434 7.043095e-05 9.198564e-06 0.05202612 8.007884e-05 0.049474124 0.032688413 1.5927992e-06 1.3605509e-06 0.004133033 4.379653e-06 1.736153e-06 0.0023970776 9.6948415e-06 1.0976194e-07 2.0978696e-05 4.57425e-06 9.969764e-07 0.0036528294 7.9039677e-07 7.884469e-07 0.0008643424 4.070642e-08 3.0222648e-06 1.0763834e-07 0.0013797531 7.8221305e-08 0.00018786151 1.3998084e-07 0.00011438157 1.9729803e-06 0.004687379 0.00016447369 1.2361552e-07 2.1838265e-07 0.009206186 0.008426435 0.002941719 4.9598018e-08 4.4892062e-07 5.998715e-05 0.0036133537 7.264057e-08 4.130731e-09 7.493114e-08 7.5288824e-07 0.014077918 2.1866191e-07 2.0282332e-05 1.4584064e-07 1.2954326e-05 8.5193085e-07 1.4608982e-07 5.423598e-08 2.551583e-08 1.5058575e-06 1.5160971e-08 3.3359578e-07 1.2162107e-05 0.000119447366 0.02088897 0.0008179925
0.9098972 0.11547417 0.006448716 0.62448484 0.16084963 0.98677886 0.0015462156 0.010055671 5.0202605e-18 6.0615122e-05 1.2954315e-05 1.16362935e-05 0.8539009 1.0160609e-05 0.028791562 0.0064485497 0.070877336 2.0518821e-06 3.0499361e-06 2.2980688e-08 0.0009966386 0.8694797 0.00033593917 0.0004885584 8.819436e-06 0.11042081 0.016752679 2.2541543e-07 0.37799382 0.00055356405 0.63681746 0.22851026 9.672551e-07 0.00031585107 0.16215286 8.275262e-06 0.05993632 0.13168302 0.0067371377 0.0044951653 3.3178983e-07 4.1513618e-07 0.014296136 2.5507933e-07 0.077503264 0.22839017 6.600272e-09 9.23254e-08 0.0010365839 2.9900968e-07 0.0051781666 0.2725234 6.064614e-08 4.6890594e-09 0.0030836067 7.0638634e-08 0.0012026464 0.0006825126 6.904072e-08 6.1889246e-08 0.0955813 7.674726e-09 0.004598335 3.1182488e-08 0.06190658 4.7021647e-08 7.513673e-06 0.00015839213 0.037016194 4.426518e-08 0.112099834 0.031985343 6.2473504e-05 2.2516835e-07 0.087895006 0.008137719 0.003944014 4.7366048e-06 5.226272e-05 0.0022091886 0.0853375 4.13093e-08 1.4772622e-05 1.3274915e-07 2.623271e-06 0.06077844 5.3877025e-06 0.0021105318 2.1231328e-05 0.0020217388 6.236822e-08 7.6355995e-08 5.2034775e-06 4.6312384e-06 0.00013509214 5.936236e-06 8.4477404e-07 2.0238722e-05 0.00018178322 0.017940942 0.0021515398
0.85416466 0.2471491 0.6121832 0.06085008 0.07520378 0.0013359846 0.86526734 0.19649832 6.0615122e-05 2.487953e-16 0.89599425 0.6123594 0.00010808216 0.97534627 0.09035446 0.03567455 0.023700373 0.16904484 0.2555811 0.27530724 0.2655299 0.00023293884 0.005789438 0.00575029 0.7128238 1.7639099e-05 6.1955296e-05 0.022368416 1.2196138e-05 0.63172007 2.7809037e-07 2.479148e-06 0.09433702 0.14757264 4.5036118e-06 0.0129174655 1.5082894e-06 4.1736038e-07 0.03719313 0.37328178 0.004568609 0.003659039 0.0076715588 0.058160603 0.004198425 0.0018122256 0.008305663 7.576508e-05 0.040931977 0.01702362 6.635895e-07 5.9768037e-05 0.0011771709 5.6491805e-05 4.7980816e-06 0.00025385592 1.6450458e-06 0.014752329 0.00020348758 0.008886265 2.220943e-05 4.5272427e-05 4.2649103e-06 2.4446668e-05 0.00012958978 4.6872803e-05 0.0025184245 4.1400245e-08 1.821075e-06 6.979393e-05 0.00029870772 1.0414912e-05 1.114128e-06 5.727519e-05 0.0015513455 0.04993221 0.006412383 3.4719037e-08 1.3966495e-07 8.236085e-06 0.00046548975 4.402946e-06 3.7792972e-08 3.9412007e-06 9.5293835e-06 0.003912898 8.920452e-08 6.568599e-07 1.04565515e-07 1.2474567e-07 1.5176284e-05 4.353265e-06 3.1842422e-08 1.1798018e-07 1.3080704e-07 2.904149e-09 2.1033654e-06 0.00010498115 0.00028052324 0.016057856 0.0015040243
0.9712188 0.07610414 0.4127562 0.017972708 0.0018836664 7.5376905e-05 0.57869977 0.0085957255 1.2954315e-05 0.89599425 1.489411e-14 0.8955426 1.5136075e-05 0.9159137 0.05398581 0.000630108 0.0006673517 0.700064 0.7523932 0.8193709 0.013242239 0.00022934977 0.008238871 0.006492154 0.52545285 7.246307e-05 0.00016017318 0.2843965 9.256627e-06 0.5307376 7.9268446e-08 9.253506e-07 0.4772108 0.021040583 2.45963e-06 0.037342347 9.554481e-06 2.156638e-08 0.0077486313 0.30970916 0.019048726 0.021011041 0.002401891 0.35182437 0.0007508522 0.0013776164 0.121049635 0.0006039128 0.056969844 0.20396148 2.8950873e-07 2.8484017e-05 0.012167335 0.00036328865 1.2397383e-05 0.0023123247 2.5660197e-06 0.024941191 0.0014391869 0.0794644 9.719595e-06 0.00073476834 7.86772e-05 0.00014959754 8.948887e-06 0.00015584477 0.0026731617 3.914959e-08 1.0928164e-06 0.00039004948 0.00017341675 1.407411e-06 4.575415e-06 0.0008387646 0.0003812699 0.07677806 0.0023148016 1.1319153e-07 1.3099717e-07 1.0480009e-06 0.00012596788 6.831052e-05 2.478121e-07 4.62567e-05 6.742189e-05 0.0017767996 5.7443566e-07 1.1668665e-07 4.4534767e-07 7.864764e-09 0.00017731161 1.2749778e-05 6.080308e-08 2.8281008e-07 6.580854e-08 4.3635207e-09 1.5377556e-05 0.0002997799 9.624932e-05 0.012205489 0.0015556233
0.8276188 0.45889822 0.578745 0.101826474 0.008455371 0.0013145164 0.39909646 0.02620677 1.16362935e-05 0.6123594 0.8955426 2.9367397e-17 1.7937733e-05 0.33804783 0.7441664 0.0013071838 0.002042242 0.9870577 0.4572249 0.47958836 0.0039250893 7.725647e-05 0.38556647 0.3262583 0.028713653 0.0002461005 0.021632781 0.15758206 2.6538024e-07 0.10958828 1.3051116e-08 2.4430258e-07 0.827539 0.0019458648 5.25507e-07 0.69509536 1.8001233e-06 1.6885541e-07 0.0011207925 0.05710001 0.5363846 0.009207614 0.00047001318 0.18744747 0.00035734492 0.0012998102 0.043751203 0.012101362 0.0044840784 0.23312125 1.838085e-08 4.5530174e-05 0.0050725304 4.1700034e-05 1.4105822e-06 0.00022044302 4.9968435e-08 0.0033153554 0.00042846584 0.048645116 6.6621025e-05 0.00088360545 7.3506544e-07 1.2760593e-05 1.4515022e-05 0.000120824254 0.00046090275 7.2555233e-09 3.964059e-06 1.9886924e-05 0.0005557274 1.2241012e-05 1.853254e-08 0.0009363473 0.00028986612 0.018823963 0.0003278961 8.099681e-09 1.8366553e-08 3.2796738e-06 0.0007911582 0.0012156311 5.962306e-08 0.00014453105 5.6085446e-05 0.0020148424 7.809638e-08 4.0613168e-06 1.607064e-08 1.3785509e-05 0.00013685113 8.0592145e-05 1.9416724e-07 1.2152315e-08 1.2438626e-06 4.4910664e-08 4.2035767e-06 0.00016829428 1.1392569e-05 0.003385228 0.0005968659
0.6180854 0.10249222 0.0020619992 0.97006524 0.021717053 0.53001255 0.00081313995 0.0011108133 0.8539009 0.00010808216 1.5136075e-05 1.7937733e-05 4.414456e-18 1.6122689e-05 0.014135962 0.0004952932 0.0022926645 1.8432074e-06 3.2215544e-07 7.889463e-09 0.00029049124 0.6029362 0.0012340657 0.0014894812 1.3366987e-06 0.97560567 0.1807788 1.2374409e-07 0.61777425 4.1838655e-05 0.48413575 0.15074986 1.0137994e-06 1.6781243e-05 0.047804594 0.00011260094 0.31485322 0.022040142 0.00017115919 0.000107745516 1.926521e-06 4.9664214e-07 0.0005819005 2.9898501e-06 0.0030444122 0.025038997 9.099967e-08 3.6159162e-07 1.0619898e-06 3.3639487e-06 0.0021773623 0.054110818 9.206761e-08 2.0405004e-09 0.0029030263 2.3931483e-08 0.001080295 1.5624223e-06 1.2369087e-07 4.8983895e-07 0.033871345 8.868923e-09 0.014625741 1.7249175e-08 0.00919685 5.3905648e-08 1.873106e-07 0.00050218817 0.012997528 5.969954e-08 0.025393922 0.009355324 0.00039450594 2.990178e-06 0.006732138 0.00013744821 0.00038586848 2.1242186e-05 0.00018905528 0.004090066 0.01863608 1.7817404e-08 0.00024802997 2.6420398e-07 1.0742351e-05 0.010824029 3.934845e-05 0.0015357061 2.4478559e-05 0.0009422941 2.455419e-07 4.4026875e-09 2.6348673e-06 3.87044e-05 7.814329e-05 7.4286154e-06 2.0420648e-06 0.00034069765 2.511403e-05 0.0033782055 0.0002211832
0.75197047 0.050139282 0.36734593 0.0116736805 0.0049831555 0.00039410134 0.60604113 0.01991521 1.0160609e-05 0.97534627 0.9159137 0.33804783 1.6122689e-05 5.975007e-17 0.025224458 0.007920815 0.00081548525 0.14671007 0.6070147 0.6455842 0.11849503 5.505906e-05 0.0015409734 0.0017057632 0.81129694 6.7105157e-06 2.0399753e-05 0.22701472 2.2126085e-06 0.52571833 4.2145267e-08 3.6427787e-07 0.031181835 0.16750672 1.5461308e-06 0.0021139889 3.4078678e-07 2.5335861e-08 0.034967165 0.2714749 0.0012912834 0.03509708 0.003448396 0.031353362 0.0021708591 0.00036208978 0.006739541 1.6521153e-05 0.09282547 0.0029129519 1.0540272e-07 4.634652e-05 0.002389991 0.0004931301 1.4074474e-06 0.001906254 1.5753683e-07 0.019332338 0.0008916005 0.0026062287 1.17453e-05 0.00017616646 1.0312848e-06 6.564029e-05 9.386822e-05 4.1514886e-05 0.005330567 8.6342435e-09 4.2970655e-06 0.00042810474 0.00017109605 1.0759452e-05 2.35859e-07 8.956289e-06 0.0012388194 0.09043102 0.012708172 8.633449e-10 1.1702828e-08 4.3380346e-06 0.000118680575 7.141151e-07 6.925471e-10 1.2166058e-06 7.0683177e-06 0.0022581222 2.9900637e-08 1.166743e-07 2.2169255e-08 8.4832664e-08 0.00017115219 1.079682e-06 9.651671e-09 3.3107217e-08 1.4619064e-08 1.0689902e-09 7.178672e-07 0.00043999407 0.00047207353 0.010421302 0.0018244259
0.33692428 0.5837692 0.3129411 0.83925974 0.09553093 0.07535997 0.27130455 0.06232621 0.028791562 0.09035446 0.05398581 0.7441664 0.014135962 0.025224458 6.512336e-17 0.004117059 0.006484537 0.20922157 0.00614892 0.0009185069 0.0017019738 0.051481184 0.83749944 0.94607943 0.0007824885 0.037442114 0.9748071 0.0002331622 0.00050577975 0.0029371933 0.00022222748 0.00014087796 0.23286751 0.00022680145 0.00025054356 0.48605722 0.00010824699 8.5661464e-05 0.00029850128 0.0010631385 0.04888814 1.3967068e-05 0.00033941277 0.00042648817 0.001819833 0.0023751287 4.4407785e-05 0.009488445 7.3423806e-05 0.0011188558 1.6248348e-05 0.0011998117 1.2997862e-05 3.874171e-08 0.00010824183 4.302714e-07 1.7951254e-05 2.7582602e-05 6.627954e-06 2.1580467e-05 0.001637852 3.9906336e-06 4.8721042e-05 8.2552594e-07 0.00069442444 2.7091482e-06 2.813649e-05 1.9914256e-05 0.00042300764 3.6680004e-07 0.002417797 0.00029947414 3.054103e-05 2.9477328e-06 0.0037128115 0.0035766198 0.0005807221 7.917609e-07 2.9900995e-05 0.0005161593 0.0013840335 5.694739e-06 5.3862746e-06 1.9066856e-06 4.9756614e-05 0.0039750724 7.819201e-06 0.00077414775 4.8985885e-06 0.00063929654 2.8639288e-06 4.789838e-06 1.217623e-07 1.0538001e-07 0.00016493045 1.8588078e-07 1.7551798e-06 0.00022289822 3.307366e-05 0.0029412576 0.000271887
0.8244482 0.046834122 0.07337397 0.004602841 0.5738717 0.097835906 0.53749734 0.49516377 0.0064485497 0.03567455 0.000630108 0.0013071838 0.0004952932 0.007920815 0.004117059 1.8083473e-18 0.9902665 0.00019324811 6.307762e-05 7.2736652e-06 0.9062953 0.07295616 0.00029450722 0.00040369775 0.091866545 1.5568216e-05 4.877316e-05 1.790852e-05 0.00023407702 0.1892709 1.4121981e-05 1.9874204e-05 1.1397818e-05 0.1674979 5.569507e-05 5.46059e-05 2.6927505e-06 3.3411638e-05 0.5430293 0.107349835 1.1057883e-05 2.1615873e-05 0.3556355 4.577475e-06 0.4020375 0.10063327 1.3196731e-07 1.7578994e-07 0.013194701 7.437145e-07 5.594299e-06 0.00827034 4.1633734e-06 1.7779248e-06 3.9046703e-05 1.076249e-05 2.6918417e-06 0.01228644 4.427452e-06 1.9380204e-07 0.0012157626 2.1459464e-07 9.250097e-06 1.0992751e-06 0.008499493 5.2510593e-08 0.0003683519 4.3174208e-07 0.00022569067 2.881226e-06 0.018219449 0.00056170364 2.4205258e-07 3.531874e-07 0.06211828 0.024098305 0.035480913 6.125005e-08 1.1991783e-06 0.00012119437 0.018405966 1.5311682e-06 1.2532015e-09 9.30417e-08 1.9443175e-06 0.056811772 5.0669547e-07 8.688054e-06 7.316727e-07 7.2039684e-06 2.482278e-06 1.700563e-07 5.1926975e-07 7.090215e-07 2.5498048e-06 1.1269562e-07 1.0339121e-06 3.788711e-05 0.00070938875 0.0649113 0.0030713743
0.91109264 0.052593473 0.055195834 0.057747763 0.72801965 0.3352967 0.47797453 0.65239316 0.070877336 0.023700373 0.0006673517 0.002042242 0.0022926645 0.00081548525 0.006484537 0.9902665 4.662112e-19 0.00021611372 5.150355e-06 5.3905933e-07 0.83101803 0.39615214 0.00025432772 0.0003980941 0.0020566497 4.8568418e-05 6.372701e-05 4.6877628e-07 0.0007540434 0.026983704 0.00035532907 0.00057733274 9.622092e-06 0.012932608 0.0005580395 9.3049035e-05 1.2461523e-05 0.00025490465 0.2653007 0.041963656 4.5860594e-05 8.0479015e-07 0.42586488 8.394134e-07 0.4571348 0.25752458 6.240511e-08 2.0269579e-06 0.0027175182 7.840343e-07 6.2350126e-05 0.03081081 3.373587e-06 3.9172075e-08 0.00041853666 2.7663395e-07 1.6383316e-05 0.0021180671 7.442914e-07 1.528139e-07 0.003229682 1.1108714e-07 2.2137387e-05 8.7552756e-08 0.023883991 2.4620223e-07 3.996501e-05 8.391906e-06 0.0007689104 1.7076536e-07 0.03709306 0.0008790056 2.0405325e-06 2.634283e-07 0.1996539 0.027986145 0.017982969 7.6321015e-07 1.2681796e-05 0.00079589937 0.03952133 6.99974e-08 6.4991504e-08 8.544389e-08 5.522982e-07 0.1024973 3.0948977e-06 0.00019942164 5.8749547e-06 0.00016715366 2.9488788e-07 2.1004017e-07 1.6978673e-06 2.3667558e-07 2.7683796e-05 2.42663e-07 1.9183047e-07 1.2220472e-05 0.00058775925 0.1042506 0.0020566997
0.69290185 0.042780317 0.091373235 0.008341276 0.00082544936 4.205163e-05 0.048991784 0.0028822636 2.0518821e-06 0.16904484 0.700064 0.9870577 1.8432074e-06 0.14671007 0.20922157 0.00019324811 0.00021611372 2.0354875e-15 0.4825979 0.5791541 0.0008428352 1.5187338e-06 0.053915672 0.047025725 0.016278766 9.688519e-06 0.0025586328 0.376644 4.7643505e-07 0.028107403 3.310764e-09 4.757427e-07 0.9370327 0.0008372861 2.7469645e-07 0.3907538 2.754421e-06 5.700591e-08 0.00053879805 0.017130937 0.45929873 0.010663497 0.0001623095 0.8201324 4.37533e-05 9.642228e-06 0.4795608 0.006753538 0.003300162 0.45780435 8.221276e-08 2.1220205e-06 0.08963875 0.00277151 1.3681183e-06 0.0023195483 2.1270017e-07 0.0019755852 0.009318087 0.22154053 1.9340223e-06 0.008893475 6.635629e-07 0.00033917007 3.0604178e-07 0.0024089094 0.0018037278 3.984226e-08 2.3673245e-07 0.0002004033 1.9163392e-05 2.88206e-07 3.640841e-07 0.008720383 6.0759412e-05 0.010592745 0.00019540358 1.2397808e-07 1.7144336e-07 1.122134e-06 5.3515265e-05 0.0013441739 1.9672402e-08 0.0010395577 0.00047954146 0.0003475944 8.71258e-08 5.214264e-07 1.0434835e-07 6.013518e-08 0.0002060693 4.95339e-05 2.350827e-07 8.174037e-09 1.2081497e-07 1.8564816e-07 0.00011886883 0.0004053609 2.7081112e-05 0.0018588495 0.0006179701
0.8333179 0.0028058677 0.009053406 0.0014246851 7.9659985e-05 2.3287586e-05 0.011782401 8.151905e-05 3.0499361e-06 0.2555811 0.7523932 0.4572249 3.2215544e-07 0.6070147 0.00614892 6.307762e-05 5.150355e-06 0.4825979 3.7234938e-16 0.99021167 0.00083242304 5.0485946e-06 0.0004944904 0.00030172308 0.3803913 8.31526e-06 1.4270429e-05 0.83392656 4.111652e-06 0.13055229 6.5757937e-09 6.902838e-07 0.16935606 0.006983628 1.2238136e-06 0.0018923216 7.6505523e-07 3.588665e-08 0.002046801 0.08277128 0.0013673985 0.16161537 0.00035451655 0.40177268 0.00021634634 2.8997487e-05 0.2482407 8.436916e-06 0.058887362 0.06528126 2.5731325e-07 2.6051414e-06 0.11188323 0.020637792 2.988007e-07 0.013564701 3.3710447e-07 0.014594696 0.022544002 0.1599916 1.1875303e-06 0.009288741 9.381833e-06 0.0013990692 5.3289573e-06 0.0010870539 0.029827 8.189751e-09 4.1666718e-07 0.00085799926 8.962475e-06 8.840542e-07 7.0960124e-07 0.004335227 0.00015122649 0.080309235 0.0035862003 3.4219234e-09 1.3330754e-08 1.9811186e-07 1.8038103e-05 2.568081e-06 3.613405e-08 6.0763694e-05 6.5507547e-06 0.0005135991 6.3944947e-09 1.2906178e-08 1.2114569e-08 6.9602755e-09 0.0004354708 6.253216e-07 2.6000269e-09 1.5968768e-08 1.691961e-08 2.5415842e-10 1.7403919e-06 0.0008688771 0.0004759819 0.0036782082 0.0025004148
0.61866266 0.003112646 0.020031849 5.3077034e-05 1.1626023e-05 3.9306818e-07 0.01359649 2.6908368e-05 2.2980688e-08 0.27530724 0.8193709 0.47958836 7.889463e-09 0.6455842 0.0009185069 7.2736652e-06 5.3905933e-07 0.5791541 0.99021167 1.5398555e-18 0.000121297264 4.162162e-08 0.00036440734 0.00017501104 0.40701923 5.9646464e-07 2.1592766e-06 0.91512865 1.18490625e-07 0.04669764 3.184277e-09 3.0509455e-08 0.115974456 0.005862983 1.2739156e-07 0.0016128271 1.8905562e-08 9.092775e-10 0.0014727117 0.026879037 0.006258666 0.2872036 0.0001700251 0.49641323 3.0487556e-06 5.498753e-07 0.28733763 2.7339778e-05 0.0759465 0.06499452 1.0524035e-08 9.524649e-08 0.36812818 0.21038635 6.262842e-09 0.17162699 2.4859851e-08 0.012258239 0.111329526 0.13275266 2.2405564e-08 0.016336022 2.0016462e-07 0.017151896 1.7092853e-08 0.004595284 0.06818715 2.575043e-10 5.7805707e-09 0.049839336 2.3021433e-07 1.8437688e-09 8.508334e-08 0.005011428 1.2063319e-05 0.048669323 0.009047986 1.4285685e-10 5.795085e-10 4.920104e-09 1.0941106e-06 7.024507e-05 1.8986155e-11 0.00047172882 8.7751585e-05 6.906559e-05 2.7619818e-09 2.3168518e-09 2.471327e-10 6.286044e-10 0.0012083411 1.9394167e-05 1.2330731e-10 3.2498554e-10 7.2762524e-10 4.0175984e-11 1.7756653e-05 0.00037098842 0.00045053023 0.0014728148 0.0025012877
0.95598894 0.01905106 0.055497464 0.005320082 0.43668556 0.031159451 0.7728512 0.5115461 0.0009966386 0.2655299 0.013242239 0.0039250893 0.00029049124 0.11849503 0.0017019738 0.9062953 0.83101803 0.0008428352 0.00083242304 0.000121297264 1.3034698e-15 0.010644558 0.00025043727 0.00020691095 0.25617695 1.994383e-05 5.0922376e-05 8.9372654e-05 8.5987216e-05 0.63345265 4.666605e-06 1.2126089e-05 4.7354595e-05 0.6596091 5.5642773e-05 5.34922e-05 4.101853e-06 1.2385448e-05 0.91674525 0.39275402 1.7483631e-05 8.007563e-05 0.6089824 4.80225e-05 0.30820656 0.06805736 2.8649997e-06 3.7487712e-06 0.04021495 3.389395e-06 1.699947e-05 0.0043966253 6.2406514e-05 2.172953e-05 0.00012926824 2.2029997e-05 8.974234e-06 0.029612213 1.0201233e-05 1.9272984e-06 0.00091549073 1.5233336e-06 3.1626052e-05 1.666536e-05 0.0030817152 1.3929935e-06 0.00037817025 1.3927172e-06 0.00017376107 6.0533555e-05 0.011874132 0.00033761185 2.9754614e-07 2.2587056e-07 0.03840059 0.054746926 0.047462396 2.1311091e-07 3.0519525e-06 0.00018233186 0.012896731 9.0903725e-08 5.750297e-09 1.0514807e-06 5.361278e-05 0.056992903 2.3486318e-06 1.892872e-05 1.6030828e-06 6.908295e-06 9.242195e-06 2.2866581e-07 1.1852154e-06 3.9368697e-08 3.3687031e-06 3.5725358e-07 3.014392e-06 4.010754e-05 0.0023820042 0.15047382 0.0069180233
0.9787651 0.030791411 0.0037985467 0.57397956 0.37504277 0.80941224 0.0026619253 0.045476347 0.8694797 0.00023293884 0.00022934977 7.725647e-05 0.6029362 5.505906e-05 0.051481184 0.07295616 0.39615214 1.5187338e-06 5.0485946e-06 4.162162e-08 0.010644558 1.2073856e-15 7.482335e-05 0.00048838905 1.6237584e-05 0.01980143 0.0055081937 4.6099527e-07 0.39283463 0.0005139347 0.8747281 0.74070996 1.05692725e-05 0.00035901033 0.5827018 9.620445e-05 0.03014787 0.8003845 0.020055609 0.0037994322 8.115615e-06 2.5684265e-06 0.12533376 1.6752804e-06 0.5614918 0.77232385 5.274246e-08 1.23579575e-05 0.00037940787 2.5488118e-05 0.39250872 0.8581318 7.3536137e-07 3.8505585e-09 0.19709976 8.1909775e-07 0.05253873 0.0005317419 4.7339827e-07 6.9313166e-05 0.475222 1.6871633e-07 0.042925213 4.8397634e-08 0.50098705 2.0908963e-07 1.5892335e-06 0.014035892 0.2591309 1.9897273e-08 0.52074534 0.20873198 0.0023083729 6.51254e-06 0.5017861 0.0075101024 0.02071075 0.00014124345 0.0014681569 0.032819644 0.76478195 3.844893e-07 1.2825205e-05 5.543289e-06 6.4051e-06 0.50869435 3.1439813e-05 0.0018674239 7.329165e-05 0.0017430389 7.30432e-08 3.1470904e-08 0.00012775272 0.00026327572 0.0007655987 6.5112574e-05 7.2581024e-06 3.4223383e-05 0.0006714175 0.3576775 0.0058492194
0.026044704 0.0633495 0.025253223 0.0647656 0.0037724415 0.0018937524 0.009274605 0.002130191 0.00033593917 0.005789438 0.008238871 0.38556647 0.0012340657 0.0015409734 0.83749944 0.00029450722 0.00025432772 0.053915672 0.0004944904 0.00036440734 0.00025043727 7.482335e-05 1.2369756e-15 0.998421 0.00012530506 0.00082311034 0.20038223 0.00013400646 5.363579e-05 0.00017797842 2.9996975e-06 2.6245623e-06 0.1544296 5.682541e-05 1.9244524e-05 0.76546335 2.7947033e-06 6.152392e-06 2.823482e-05 1.855749e-05 0.028988237 2.1367944e-06 1.6747268e-05 0.0004093404 0.00012225666 3.0168494e-05 0.00014375451 0.03840363 2.7519622e-05 0.008263603 1.547105e-05 7.9469675e-05 4.87467e-05 2.7794572e-06 2.025045e-06 4.162357e-06 1.2204784e-05 1.17759855e-05 3.1747106e-05 0.00013571985 8.834314e-05 8.30297e-06 1.4598705e-05 4.06268e-06 0.00013182625 1.4873058e-05 8.321297e-06 5.8289074e-06 7.703531e-05 3.1985287e-06 0.00022755431 2.9481842e-05 3.4634595e-05 5.203455e-05 0.00058224273 0.00023971622 0.00029279946 2.5809366e-06 9.806669e-06 0.00057682884 0.00019422475 1.6957873e-05 1.7891021e-07 8.55623e-06 9.402604e-06 0.00048560544 3.815974e-06 8.7631495e-05 1.8051433e-06 2.5054534e-05 1.9824967e-05 4.7725252e-06 3.6612324e-08 5.998031e-08 1.0908465e-06 1.5495665e-07 3.1159618e-07 1.8607818e-05 2.8888046e-05 0.0007123321 4.9167928e-05
0.038748007 0.076113656 0.026885098 0.085358664 0.003934331 0.0023561127 0.010760854 0.0037487128 0.0004885584 0.00575029 0.006492154 0.3262583 0.0014894812 0.0017057632 0.94607943 0.00040369775 0.0003980941 0.047025725 0.00030172308 0.00017501104 0.00020691095 0.00048838905 0.998421 2.832362e-15 9.437411e-05 0.0025603562 0.5493671 6.305225e-05 5.0552317e-05 9.1497925e-05 2.3514872e-06 5.1544675e-06 0.16305946 3.0577576e-05 2.8528031e-05 0.8105207 1.24356775e-05 1.06269745e-05 3.5622073e-05 1.49521165e-05 0.040272575 2.2763113e-06 4.6471992e-05 0.0004604092 0.00017039325 3.575907e-05 0.00010859597 0.11111953 6.2255613e-06 0.008947506 8.863035e-06 0.00010152004 1.7717412e-05 3.6194768e-07 1.228434e-05 1.1488477e-06 1.2025724e-05 5.8122932e-06 1.3352622e-05 0.0001416168 0.00011449124 1.6325024e-06 8.416785e-06 1.7634211e-06 7.627932e-05 7.633881e-06 4.83742e-06 1.0154294e-05 6.0471644e-05 9.72113e-07 0.00020858906 4.4019744e-05 0.00014467929 7.54061e-05 0.0005058222 0.00014248354 4.8547947e-05 2.099824e-06 1.5849133e-05 0.0005216498 0.00017174883 3.1144882e-05 5.6488085e-07 8.217694e-06 7.2578673e-06 0.00054118235 5.596994e-06 0.0001360965 1.6273433e-06 0.00010210047 2.9196559e-05 1.1190152e-05 1.1833479e-07 5.8271233e-08 1.01074265e-05 3.3283916e-07 3.382957e-07 1.51344575e-05 5.2772857e-06 0.0003901968 1.10807805e-05
0.89172465 0.013749816 0.02887306 0.0003543737 0.021102421 0.00027495134 0.6082922 0.060782682 8.819436e-06 0.7128238 0.52545285 0.028713653 1.3366987e-06 0.81129694 0.0007824885 0.091866545 0.0020566497 0.016278766 0.3803913 0.40701923 0.25617695 1.6237584e-05 0.00012530506 9.437411e-05 1.3487504e-16 5.134255e-06 1.601424e-05 0.17846519 6.263998e-06 0.97357565 8.556621e-08 2.1686033e-07 0.0012871885 0.66952634 1.0528955e-06 4.5410234e-05 1.3681417e-06 2.2692213e-08 0.109087415 0.7036834 5.8148304e-05 0.18458354 0.014805061 0.0057511455 0.0060505043 0.0003706719 0.0012791607 4.054977e-06 0.7343954 9.8863035e-05 1.6512661e-07 3.8251725e-05 0.0018455267 0.005774798 1.990012e-06 0.02489082 4.5125864e-07 0.16490573 0.0027510333 0.00028202028 9.456217e-06 0.00016043887 1.5713852e-06 0.00042470297 3.6436304e-05 0.00010506959 0.056231398 7.582956e-09 7.5741093e-07 0.0010098605 0.0002325881 9.560794e-07 4.997501e-08 5.5228656e-07 0.0016015095 0.23762845 0.07212757 2.0857363e-09 3.3465015e-09 2.0429519e-07 0.00027932884 6.203091e-07 2.8097393e-09 5.7467236e-07 7.0304754e-06 0.0040430785 1.1003921e-08 2.9535604e-08 5.2186464e-09 3.696116e-09 0.00020952633 2.2795896e-06 1.0272445e-08 7.113008e-08 5.072868e-09 4.9982134e-09 1.963387e-06 0.00067444914 0.0032502557 0.029802432 0.009593112
0.038422074 0.049441237 0.0013506336 0.7571422 0.0007643862 0.033697054 8.460512e-05 6.6536646e-05 0.11042081 1.7639099e-05 7.246307e-05 0.0002461005 0.97560567 6.7105157e-06 0.037442114 1.5568216e-05 4.8568418e-05 9.688519e-06 8.31526e-06 5.9646464e-07 1.994383e-05 0.01980143 0.00082311034 0.0025603562 5.134255e-06 1.0164332e-16 0.9786707 2.2640054e-06 0.18498883 3.3679996e-06 0.06748489 0.02995344 2.3752193e-05 1.3331029e-05 0.0074383384 0.00042984716 0.65935755 0.002404772 4.4973134e-05 1.9579961e-06 5.435567e-05 2.4901212e-06 6.1006696e-05 7.2483046e-05 0.00044187755 0.0002485772 1.9423782e-05 2.8835639e-05 1.9709848e-06 9.5312695e-05 0.00061219285 0.0007384303 4.6441066e-05 2.176543e-07 0.0004080217 8.525881e-06 0.0018627475 2.4053281e-06 5.936802e-06 3.555721e-05 0.0009788711 3.5062376e-07 0.45914096 7.580555e-07 0.00011526591 1.8709254e-06 2.331672e-05 0.00016803111 0.00043361963 2.4691813e-06 0.0008531298 0.00030804367 0.012237227 9.851269e-06 0.0008399517 0.00020228949 0.00028437862 6.5828164e-05 0.00019100144 0.0008502208 0.0010079055 4.2942037e-07 0.020511199 4.015611e-05 0.00024685808 0.0012145499 7.093557e-05 0.0011744739 7.52721e-05 0.00049913354 0.0003181729 1.8886902e-05 4.1758893e-05 0.0003466789 0.00054379913 2.7625067e-05 1.14536715e-05 0.008886151 6.562147e-06 0.00085574866 4.1724303e-05
0.02010655 0.11121922 0.007873865 0.83071303 0.0016991763 0.014111555 0.0007054015 0.00021505797 0.016752679 6.1955296e-05 0.00016017318 0.021632781 0.1807788 2.0399753e-05 0.9748071 4.877316e-05 6.372701e-05 0.0025586328 1.4270429e-05 2.1592766e-06 5.0922376e-05 0.0055081937 0.20038223 0.5493671 1.601424e-05 0.9786707 1.7371686e-17 1.1424665e-05 0.010735741 9.940149e-06 0.0012120917 0.000901477 0.0022088096 1.897602e-05 0.00065364805 0.033384193 0.011026184 0.00022630453 0.00011010789 5.451356e-06 0.0016038648 2.4562169e-06 6.7582056e-05 0.000151405 0.00021662503 4.5455294e-05 4.7220747e-05 0.0110330945 9.976533e-06 0.0004110368 1.5176907e-05 0.0005540785 1.1220651e-05 6.343719e-08 0.0004406828 2.0758057e-06 0.00022441515 2.845134e-06 7.276087e-06 3.9103346e-05 0.0001123897 7.3136505e-07 0.0047818334 2.4936705e-07 0.00011561878 2.1632177e-06 7.9822985e-06 7.7859724e-05 0.00014490478 6.1695687e-07 0.00038608015 0.000118658965 0.0019439146 3.1586942e-06 0.001573776 0.00020372485 0.00026497044 2.9742896e-05 0.00011067702 0.0006852315 0.00031241612 2.6363527e-06 0.0009766244 3.0221463e-06 4.492448e-05 0.00044160435 1.888993e-05 0.0005057305 7.6157055e-05 0.00043941205 1.9836664e-06 1.9587329e-05 3.4988156e-07 1.9655322e-06 0.0013601002 1.9136519e-06 2.8263362e-06 0.000287609 2.3235398e-06 0.0005356012 8.222485e-06
0.92212564 0.0004302696 0.00096913095 8.578859e-05 5.6395097e-06 7.03577e-07 0.00045298622 4.48401e-06 2.2541543e-07 0.022368416 0.2843965 0.15758206 1.2374409e-07 0.22701472 0.0002331622 1.790852e-05 4.6877628e-07 0.376644 0.83392656 0.91512865 8.9372654e-05 4.6099527e-07 0.00013400646 6.305225e-05 0.17846519 2.2640054e-06 1.1424665e-05 6.3249155e-17 3.9442372e-07 0.013695753 2.066909e-09 1.2680744e-07 0.12460711 0.003740574 4.144186e-07 0.00024330271 3.4399213e-06 3.1589724e-09 0.0012374262 0.030401872 0.00064491614 0.9711319 8.714563e-05 0.6219184 3.0003257e-05 5.8747364e-06 0.5863334 2.0825128e-05 0.065583274 0.08649326 8.791014e-09 9.022759e-07 0.6848675 0.7380705 1.1672716e-07 0.3281053 2.6283894e-08 0.013981944 0.6201949 0.38794363 1.6911738e-06 0.29368013 2.0798677e-06 0.077080786 6.4960363e-07 0.06389216 0.16014975 9.0426235e-09 1.0522476e-07 0.03074145 1.3518717e-05 2.2263368e-08 4.406201e-08 0.015291714 5.2836436e-05 0.085724235 0.0074769002 7.1742643e-09 3.279317e-08 2.7957027e-08 8.803008e-06 4.3863386e-07 1.0004938e-08 0.0011125753 6.473232e-06 0.00024358596 3.2321047e-08 2.2895186e-09 8.766719e-09 2.369609e-10 0.0016870132 1.7288535e-06 5.799843e-09 4.3099765e-10 1.8129073e-09 1.0120494e-09 7.0811434e-06 0.0056684306 0.0030018985 0.0032690899 0.008969602
0.22736412 0.0017395392 0.00010510205 0.08567822 0.00078139827 0.0811966 4.498253e-05 0.00011646036 0.37799382 1.2196138e-05 9.256627e-06 2.6538024e-07 0.61777425 2.2126085e-06 0.00050577975 0.00023407702 0.0007540434 4.7643505e-07 4.111652e-06 1.18490625e-07 8.5987216e-05 0.39283463 5.363579e-05 5.0552317e-05 6.263998e-06 0.18498883 0.010735741 3.9442372e-07 2.1209436e-16 1.5472275e-05 0.97610635 0.47003397 1.95458e-06 4.4885426e-05 0.24348034 7.0185064e-07 0.9889101 0.27223814 0.00012568348 3.2765773e-05 3.4647508e-07 1.16193156e-07 0.0006583328 4.3834475e-06 0.0025556588 0.008426307 1.0064655e-06 1.9457894e-07 4.257944e-06 6.8567897e-06 0.011956766 0.05773432 4.7410335e-06 8.5795975e-08 0.0045949137 2.768488e-07 0.045118716 7.34195e-06 7.0199094e-06 5.199246e-06 0.021087512 1.2985315e-06 0.22658004 5.1477735e-07 0.0026664922 1.1489179e-06 1.0359463e-06 0.00156952 0.011356485 2.215609e-06 0.008165624 0.008195765 0.04178516 5.952092e-06 0.0031563544 0.00029457657 0.0013155763 0.00020684309 0.0002685388 0.0013343941 0.0077206823 7.5858225e-08 0.0009775343 6.983574e-07 4.048364e-05 0.0019524453 0.00016429591 0.0014149767 4.8298207e-05 0.0013348536 3.4594568e-06 6.912054e-07 2.0036194e-05 0.00032245438 0.00022330522 2.3294582e-05 2.5621196e-06 5.07737e-05 1.9282112e-05 0.0010250492 6.454348e-05
0.9410827 0.0144398725 0.052550808 0.010976585 0.05954156 0.0062905904 0.72144145 0.1682242 0.00055356405 0.63172007 0.5307376 0.10958828 4.1838655e-05 0.52571833 0.0029371933 0.1892709 0.026983704 0.028107403 0.13055229 0.04669764 0.63345265 0.0005139347 0.00017797842 9.1497925e-05 0.97357565 3.3679996e-06 9.940149e-06 0.013695753 1.5472275e-05 8.652468e-15 5.060262e-07 2.8788968e-06 0.005847992 0.91958433 1.5529175e-05 0.00017992582 1.99993e-06 1.5406354e-07 0.30251765 0.78845274 5.0140166e-05 0.014700239 0.037170924 0.012740876 0.017359382 0.0022633774 0.0030871602 3.77401e-06 0.3119371 0.0009097305 1.6731202e-06 0.00016007331 0.0010338733 0.00078103505 4.899803e-06 0.0011785182 9.875854e-07 0.11640019 0.0006041718 0.0016412686 2.8628216e-05 3.923966e-05 4.1119306e-06 0.00010524288 0.00026193965 1.0162926e-05 0.0048363083 8.490956e-08 5.938954e-06 0.00011176496 0.0006808789 5.126006e-06 1.6651236e-07 2.563591e-06 0.0038814181 0.17974807 0.0649481 4.473267e-08 3.3780117e-07 4.4235017e-06 0.00085628586 3.2086964e-06 5.2222635e-08 1.4017368e-06 1.0282057e-05 0.011826593 5.228243e-08 4.8973345e-07 3.8652182e-08 5.755798e-08 0.00012288542 1.7567372e-06 2.8262257e-08 7.909385e-08 1.5213423e-07 7.0688593e-09 4.1689e-06 0.0002454037 0.002364995 0.05519322 0.008612727
0.8653227 9.728805e-06 5.9275834e-07 0.023337955 4.2545737e-05 0.060418274 6.253794e-07 4.912661e-06 0.63681746 2.7809037e-07 7.9268446e-08 1.3051116e-08 0.48413575 4.2145267e-08 0.00022222748 1.4121981e-05 0.00035532907 3.310764e-09 6.5757937e-09 3.184277e-09 4.666605e-06 0.8747281 2.9996975e-06 2.3514872e-06 8.556621e-08 0.06748489 0.0012120917 2.066909e-09 0.97610635 5.060262e-07 3.3312056e-16 0.9517882 7.260428e-08 2.5613083e-06 0.56415623 7.8980156e-07 0.39803302 0.68192255 5.761485e-05 1.0073216e-05 1.6387659e-07 1.5237823e-08 0.0012385183 8.658343e-08 0.007152681 0.07252762 2.3091928e-09 1.8229708e-08 4.3646965e-06 3.7776417e-07 0.2489084 0.54419214 3.8168366e-08 8.690352e-09 0.036473654 6.721179e-08 0.34823874 6.5675504e-06 2.640662e-07 7.96879e-08 0.27693102 1.0323081e-08 0.19878054 7.764216e-09 0.04962374 2.2112287e-08 4.6931396e-07 0.021948861 0.15835252 2.8809787e-08 0.09731816 0.12265964 0.07471884 2.3970704e-06 0.019144163 0.0007640954 0.0018869305 0.0020152843 0.00045322842 0.014751462 0.13975634 2.5057986e-08 0.00011739146 1.9128945e-06 2.2311182e-05 0.034502715 9.246626e-05 0.009728749 2.255806e-05 0.0042714113 6.367917e-08 2.8866713e-08 1.01802125e-05 4.5376077e-05 0.00020933858 9.807343e-06 3.5217686e-06 8.975648e-06 1.6774378e-05 0.0035344425 0.00024702976
