1.9937056e-22 0.9556384 0.96633756 0.9811468 0.9918387 0.98719525 0.93056166 0.9723284 0.79501057 0.969748 0.9571461 0.97762984 0.99948037 0.9502675 0.986946 0.92464817 0.98912495 0.83856887 0.98099095 0.95183253 0.93105 0.8994826 0.85420054 0.8360934 0.98975563 0.957618 0.9928946 0.9997728 0.734962 0.99996686 0.88120735 0.9695686 0.93745 0.87733847 0.76796347 0.9703789 0.9365748 0.9485813 0.96181077 0.96583146 0.9389312 0.85734326 0.84757924 0.7762905 0.85941905 0.97827524 0.93146694 0.9574882 0.5468844 0.8731206 0.6140805 0.7402418 0.8811186 0.34966403 0.81055033 0.3994536 0.839175 0.08050012 0.8940953 0.0395986 0.015331898 0.09870661 0.8277907 0.6450994 0.55134046 0.037026238 0.20123862 0.99121183 0.47238317 0.099286914 0.10206949 0.0069740014 0.31920272 0.25844193 0.007567388 0.008355459 0.99984956 0.05355512 0.046918247 0.006839849 0.03528311 0.076162174 0.23188318 0.68181217 0.07576905 0.009421127 0.04910254 0.008941312 0.00273326 0.008666101 0.005341194 0.0024204326 0.03674245 0.0034718362 0.008877578 0.0015907546 0.10654103 0.71609634 0.3331745 0.0036631767 0.045282036
0.9556384 1.4919044e-18 0.88342303 0.96581006 0.7852959 0.31155252 0.7794823 0.13653335 0.18262503 0.033620737 0.27504423 0.022864535 0.62350094 0.03313302 0.075539194 0.03814042 0.22787698 0.11443214 0.09516323 0.24289046 0.03687994 0.1546374 0.016368108 0.0034076963 0.003975713 0.15893117 0.0071954858 0.07656685 0.0074196947 0.12987337 0.0026332736 0.013829332 0.020895224 0.005124989 0.0016310847 0.0019407896 0.0025771456 0.0014865139 0.00022873182 0.009186269 0.02350269 8.861003e-05 5.036916e-05 0.0011560846 0.0002654796 0.00090667774 0.0008081889 0.0008776799 0.0016603192 8.807081e-06 0.0029837687 5.3174463e-05 0.0003351636 0.0019079592 0.0021870895 0.002533089 6.343217e-06 0.005031117 4.9810835e-05 0.00011666368 0.0010700324 0.00040783675 0.00025698182 1.0674246e-05 2.0230444e-05 1.8047738e-05 2.758169e-06 0.00047528493 0.001428921 4.254095e-05 0.0001695636 6.807205e-05 0.0001980353 6.069995e-08 2.1748685e-05 2.9465398e-05 0.0060068388 0.00031249656 0.00021530586 3.8916806e-07 0.00012279463 1.6452788e-05 4.1743657e-08 6.1007853e-07 0.00041342175 7.5754206e-06 4.085345e-05 2.7645608e-06 4.2613305e-05 5.4180746e-05 8.3111496e-05 1.6758236e-06 6.1136666e-06 3.8060264e-08 1.362719e-05 1.0090206e-05 4.8068155e-06 0.00042507553 5.9055606e-07 5.4738695e-07 1.88284e-07
0.96633756 0.88342303 2.3777464e-16 0.2278719 0.8887172 0.042843126 0.9308672 0.62482625 0.47421336 0.25735947 0.51758695 0.0021597177 0.5837742 0.0057897638 0.21441408 0.0047129467 0.022858687 0.011195852 0.28018972 0.09838992 0.20709586 0.06360716 0.006259218 0.023606736 0.0004471263 0.16293775 0.019274564 0.09323578 0.0031487197 0.034535542 0.007096981 0.029590026 0.0017924864 0.013746185 0.00013356132 0.0024074833 0.0010690654 8.130197e-05 2.4690742e-05 0.04051689 0.014951997 1.4671148e-06 3.607975e-06 0.005482383 0.0020936383 0.00023774618 0.0019719382 0.0018272894 0.0050554345 6.276469e-07 0.0020201006 1.7870067e-05 6.0047187e-05 0.0018419161 0.00069540663 0.0018034019 6.5805057e-07 0.0017415808 5.7125694e-06 9.326109e-05 0.0005104454 0.000745598 3.9771294e-05 4.0195014e-06 1.6645927e-06 2.4643481e-05 0.00014531275 0.0002680621 0.011006557 7.007472e-05 0.0015652083 6.06681e-05 0.0015358321 4.1494083e-08 0.00011159115 0.00010961567 0.008656441 0.00095395866 0.0016417445 2.1526623e-06 0.00065893994 1.6612369e-06 2.1627057e-08 1.5845022e-05 0.0028548387 1.7542168e-05 1.4264293e-05 3.9998144e-05 1.4041379e-05 0.00050666387 9.34555e-06 2.5847878e-05 3.358701e-06 3.6591572e-07 2.5856236e-05 4.6069155e-05 1.0725322e-06 0.0008706659 3.6187814e-06 8.1561e-08 4.073469e-08
0.9811468 0.96581006 0.2278719 2.485789e-17 0.31430072 0.8261578 0.21333288 0.0063519836 0.035364706 0.0024408684 0.03930537 0.16679071 0.4325275 0.19560789 0.016657379 0.24888952 0.6993443 0.29889292 0.0129738115 0.19062963 0.004036152 0.15577446 0.028193135 0.00016733771 0.014202438 0.0495439 0.00079272495 0.027778808 0.015676882 0.32354316 0.00033039594 0.0012685626 0.050052166 0.0009033664 0.006766415 0.0004065467 0.015525806 0.011072357 0.0016879129 0.00023585014 0.01149763 0.0016035247 0.0011682307 4.3167332e-05 1.0769976e-05 0.008224132 0.00030572605 0.00039259766 0.00019870668 0.00011439313 0.0007765353 0.00048417633 0.0021297522 0.00047073158 0.003930714 0.0020316995 0.00010556615 0.006520209 0.00036880485 3.648262e-05 0.002027694 9.545915e-05 0.0019673493 0.0001852293 0.00023940457 4.4310364e-05 2.2542017e-07 0.0018716939 8.15664e-05 1.1117182e-05 7.758025e-06 0.0009318699 1.6286995e-05 3.6510426e-07 3.3988e-05 1.8719153e-05 0.005034515 0.00034451482 4.0922117e-05 1.3224998e-06 2.359695e-05 0.0009626948 5.534154e-07 1.0384419e-08 5.0775678e-05 0.00014192399 0.00063128537 3.3904553e-06 0.0003541367 0.00014360857 0.0015249877 5.166505e-06 0.00013423887 2.441237e-09 1.676659e-05 3.2322518e-05 1.9518708e-05 9.653715e-05 1.0362828e-05 4.884354e-05 2.2428208e-06
0.9918387 0.7852959 0.8887172 0.31430072 7.402397e-16 0.15009274 0.668483 0.50067973 0.19473803 0.27460665 0.41022423 0.0087315375 0.88648456 0.022976754 0.16967873 0.009655001 0.10033145 0.027334549 0.2811185 0.15316807 0.17697254 0.12939918 0.01751585 0.038000457 0.0014132846 0.22364385 0.014782269 0.17689125 0.009585613 0.142251 0.0076563703 0.08331903 0.012693444 0.03545722 0.0005383527 0.0021044621 0.0012815272 0.0005929866 7.232941e-05 0.14633954 0.03161486 6.719212e-06 1.4944006e-05 0.01062693 0.0027724262 0.0009853464 0.0022866204 0.0028846958 0.0070009897 2.6226257e-06 0.0044028857 2.5594672e-06 0.00026724554 0.0027939773 0.0022452627 0.003446159 1.2066972e-06 0.0015507952 1.772434e-05 0.00017812039 0.00010592325 0.00096103083 0.000115909126 4.875132e-06 9.798602e-06 5.1324114e-05 0.00045380104 0.0015898834 0.018474424 0.0005876006 0.0022085535 1.5650836e-05 0.00344861 5.2178027e-08 7.030767e-05 6.130128e-05 0.023327988 0.00041526707 0.00079373113 2.5324775e-06 0.00026363102 1.4467141e-06 8.9613636e-08 1.0394422e-05 0.002192377 4.389685e-06 4.444124e-06 5.4604592e-05 6.530626e-06 0.00017438526 3.1589623e-06 2.5039793e-05 3.736434e-07 1.450467e-07 3.7303707e-05 1.03814045e-05 3.2483116e-05 0.0035036742 7.141846e-07 6.1970155e-08 9.981913e-09
0.98719525 0.31155252 0.042843126 0.8261578 0.15009274 3.3766538e-14 0.010229179 0.00092462427 0.0031530063 0.0004217078 0.0077545377 0.20955285 0.10303179 0.7172444 0.003865663 0.45124626 0.2380168 0.9174593 0.009817558 0.58789706 0.0006659695 0.5854837 0.8027118 2.083492e-05 0.032519426 0.1106322 0.00038155942 0.007996567 0.59438986 0.11539267 0.00010678303 0.0042138183 0.41454378 0.0019433158 0.04010176 0.00017821058 0.0012581361 0.05364852 0.00071770226 0.0011503976 0.11196865 0.005675779 0.00036149216 0.00012807624 2.0700934e-05 0.0003022449 0.0009588676 0.0010015565 0.0004104573 0.0009534202 0.005301279 0.0007085072 0.0003601074 0.00085449725 0.16193777 0.012222815 0.0006456488 0.009556172 0.0059097107 0.00023200347 0.0026048743 0.00012884007 0.011037588 0.0011451921 0.00433624 0.00030661662 7.439597e-06 0.001083555 0.00017559533 0.0001406842 0.000132999 0.00053402263 0.00017030943 7.475046e-05 3.8909948e-05 5.641605e-05 0.008317569 9.629248e-05 1.135873e-05 3.8135717e-05 3.4798366e-06 0.0023303505 1.0396975e-06 1.3031122e-07 2.1705568e-05 0.0001374241 0.0033712506 2.152611e-06 0.00014076057 2.3267761e-05 0.0003640114 1.0547336e-06 0.00056926894 2.382808e-09 2.7189933e-05 6.0635903e-06 4.7334055e-05 0.00047566812 4.483635e-05 1.0494756e-05 5.455028e-06
0.93056166 0.7794823 0.9308672 0.21333288 0.668483 0.010229179 8.829708e-18 0.8848843 0.93239903 0.20361681 0.45894718 0.0008942032 0.21610528 0.0005285589 0.12306919 0.0002171823 0.021717845 0.0035624963 0.3329607 0.048715834 0.5846612 0.01052852 0.00087344495 0.035946146 0.00044514576 0.19539087 0.0050082416 0.021155352 0.00018390901 0.025650628 0.0050436384 0.020532845 4.360006e-05 0.018786706 5.144052e-06 0.0023429545 4.6845635e-05 5.4255355e-07 5.6108524e-06 0.040904075 0.0053041945 5.273339e-07 1.6575765e-06 0.0015668676 0.00038145809 4.9874907e-05 0.0012778483 0.00042316018 0.006174331 1.4677872e-07 0.002270475 5.1513316e-06 4.942167e-06 0.0029652691 8.713225e-05 0.0016132133 1.0734372e-07 0.0035845763 3.6270237e-07 0.00038263967 0.0007641712 0.0020389962 1.9285246e-06 9.20968e-07 2.3338276e-07 0.00019376112 5.7957295e-05 8.614103e-05 0.0053972066 0.00033900532 0.0014497016 0.00027869982 0.0037058638 9.809199e-09 0.00082816574 0.000753827 0.0021291012 0.00046938608 0.00375672 2.280952e-05 0.0012474806 3.7462553e-06 3.7663227e-08 4.417029e-07 0.0062386314 0.00021858365 3.3373897e-05 0.00023113821 5.953554e-05 0.002088804 2.0233358e-05 0.00018713751 6.219847e-06 5.3293277e-08 0.00044078974 0.0003082911 6.219079e-07 0.0008643592 5.85981e-07 1.1097718e-06 1.2054727e-07
0.9723284 0.13653335 0.62482625 0.0063519836 0.50067973 0.00092462427 0.8848843 2.039676e-16 0.93258065 0.66104734 0.68310255 3.5787863e-05 0.1924746 1.1742051e-05 0.22274375 2.0677523e-06 0.0013088554 0.000117967866 0.63718754 0.014160317 0.90736014 0.0024968071 7.6513556e-05 0.3450647 3.8938306e-05 0.2065928 0.054549977 0.071935855 5.4093027e-05 0.0049866163 0.06522025 0.102091536 1.678097e-05 0.083732866 7.364948e-07 0.0052444013 3.8671355e-06 1.809515e-07 9.09991e-09 0.55804694 0.009825394 4.69986e-08 1.5351128e-08 0.09076242 0.0061973943 1.6393153e-06 0.0077095833 0.0033210216 0.024468303 1.432715e-08 0.0056553637 3.5340456e-08 1.256277e-07 0.007943532 0.00027146313 0.0014122486 4.172519e-08 0.0011851008 2.6879232e-07 0.000597473 0.00024243137 0.008061868 7.249735e-07 5.2826028e-08 1.4721455e-07 0.00013285778 0.001458344 1.06959915e-05 0.13384682 0.010107302 0.016897386 0.00013664273 0.0668396 8.884518e-09 0.0015931434 0.0013781402 0.0071938667 0.0007863265 0.05669845 0.00012125193 0.0017931585 5.5129675e-07 1.304959e-09 4.4047876e-05 0.07997816 9.5900694e-05 1.7732033e-05 0.0010505676 7.0962324e-06 0.005304412 4.690404e-06 0.00020618862 7.027213e-07 1.5887396e-06 0.002812685 0.000472208 4.2426328e-07 0.0038254063 9.990413e-08 5.3145992e-08 4.733188e-09
0.79501057 0.18262503 0.47421336 0.035364706 0.19473803 0.0031530063 0.93239903 0.93258065 1.8593844e-18 0.22351237 0.28524235 0.00014811818 0.062324386 0.00025711788 0.06127041 6.559579e-05 0.0043386533 0.0011388572 0.69453436 0.037544847 0.9533815 0.0039050712 0.0005805314 0.07761226 0.00013700273 0.2879147 0.007727397 0.021970898 0.00011181932 0.008443976 0.009520905 0.09790238 0.0001254227 0.059755366 4.9810433e-06 0.0029449638 7.617486e-05 1.355041e-06 4.098333e-06 0.12602343 0.0046716924 5.1255e-07 1.2243343e-06 0.022452503 0.0015029496 2.1097832e-05 0.0017878872 0.00058864016 0.019404136 1.2978995e-07 0.0051277396 3.1094353e-06 7.608515e-08 0.010184029 3.04329e-05 0.0011829745 3.7710883e-08 0.002203014 7.46917e-08 0.0007276791 0.00069246825 0.008144275 4.9738137e-06 3.7847525e-07 9.740334e-08 5.024734e-05 0.00024328486 7.845298e-06 0.02596352 0.0021843256 0.0033927022 2.7669968e-05 0.012198617 1.0766887e-08 0.0012316267 0.001042158 0.00071182643 0.0014015037 0.011183809 2.6751638e-06 0.0015678168 4.025129e-06 5.3233205e-09 9.680138e-07 0.010216822 2.7351856e-05 8.991085e-06 0.00020008342 6.172391e-06 0.0028020293 8.675105e-06 9.3229166e-05 1.8855416e-06 1.7305416e-07 0.0006173339 0.00025467816 4.0879988e-07 0.00046082673 4.495851e-07 5.4056153e-07 3.9369425e-07
0.969748 0.033620737 0.25735947 0.0024408684 0.27460665 0.0004217078 0.20361681 0.66104734 0.22351237 1.8751334e-14 0.85755426 3.9175684e-05 0.10991469 3.7094526e-06 0.62805915 2.4962033e-06 0.00094879785 4.780312e-05 0.14108203 0.0023677829 0.5931801 0.00092198927 3.945645e-05 0.95701677 2.352572e-05 0.035222244 0.26657116 0.21802197 3.3540906e-05 0.0034851953 0.31692323 0.027816785 2.817235e-06 0.016208522 1.6285814e-07 0.03978849 5.4732036e-06 1.0861818e-07 1.1549819e-08 0.48837823 0.0017431686 1.9941192e-08 1.3276275e-08 0.25853896 0.08599742 2.0597006e-06 0.008521642 0.0055372193 0.009340926 3.79264e-09 0.0011776711 1.2234388e-08 3.0394293e-07 0.0030748865 0.00021960535 0.00053422106 3.133624e-09 0.00025141527 7.5703426e-08 9.319433e-05 3.2059634e-05 0.0029593562 1.7638603e-06 2.0064768e-08 5.138486e-08 1.3893668e-05 0.0062401877 3.0239396e-06 0.12047672 0.0013011064 0.03124147 8.151318e-06 0.018019218 1.7263466e-07 0.00029686885 0.00023301925 0.021946004 0.0012190448 0.022591949 9.218112e-06 0.00451257 1.4904887e-06 1.259242e-09 6.547429e-05 0.05804178 8.911516e-06 2.8779594e-05 0.0017920028 4.1870408e-06 0.0020360309 2.45565e-06 0.00045931496 4.1530784e-06 4.870764e-06 0.00020853218 9.2403665e-05 2.8398358e-07 0.0069579044 1.4345122e-07 1.0842064e-08 2.025332e-09
0.9571461 0.27504423 0.51758695 0.03930537 0.41022423 0.0077545377 0.45894718 0.68310255 0.28524235 0.85755426 8.5380656e-16 0.0006462867 0.6613878 0.00095051056 0.96437705 0.0011225671 0.018971177 0.0017720792 0.008332697 0.008950338 0.08978976 0.001971616 0.00036563005 0.14163108 0.0007993684 0.016021146 0.44515976 0.41986918 0.00017612078 0.08541291 0.17753601 0.0023176533 0.00035201825 0.0014767149 3.588277e-05 0.023379324 0.0019389266 0.00010394377 0.000270188 0.019214472 0.0017090166 3.3089793e-06 2.7628515e-05 0.02715267 0.025678767 0.005703253 0.0014200041 0.0023747494 0.00081502064 4.0935292e-06 0.00025855436 1.6444978e-05 0.000533078 0.00037606343 0.00014159371 0.00027457243 1.1541418e-06 0.0007569354 7.944683e-06 2.3002758e-05 0.0005777417 0.00022379408 5.0671675e-05 4.7843278e-06 6.3275417e-07 2.8857003e-06 0.0016806589 0.0003635361 0.012023659 9.936662e-06 0.003678417 6.214946e-05 0.00044881128 4.4535675e-08 9.929088e-05 6.902694e-05 0.010512853 0.0036269757 0.0013976664 2.705651e-07 0.001790229 1.9585761e-05 1.0672785e-06 0.00015715696 0.0038591046 1.1001336e-05 0.00010656177 0.00046533637 5.1434316e-05 0.001396023 6.070149e-05 0.00034540732 1.4553054e-05 1.3464255e-05 1.7969474e-05 0.00025612745 1.8180826e-05 0.0011423549 2.3354261e-05 2.4805668e-06 3.4749912e-06
0.97762984 0.022864535 0.0021597177 0.16679071 0.0087315375 0.20955285 0.0008942032 3.5787863e-05 0.00014811818 3.9175684e-05 0.0006462867 9.908643e-15 0.032922808 0.5234635 8.2092076e-05 0.96186346 0.9309372 0.16273242 0.00045629006 0.03406807 5.382911e-06 0.05889475 0.05468835 7.283901e-07 0.2762722 0.0050252187 7.2654606e-05 0.00093065546 0.04637094 0.36948928 2.8701163e-06 2.3503157e-05 0.43402147 1.8440489e-05 0.32793733 7.5340936e-06 0.09232791 0.40665728 0.026807487 3.0162799e-05 0.0121912975 0.14791994 0.03350712 2.3522566e-06 3.1827713e-07 0.0032732387 1.8539587e-05 8.6138316e-05 1.6259013e-05 0.050328556 0.0002447423 0.012971696 0.0022793866 2.4339055e-05 0.06516877 0.0010532441 0.040181253 0.0018409485 0.116772436 7.5518765e-06 0.00080017734 2.5448223e-06 0.062173035 0.02232066 0.039131396 7.344226e-06 2.492528e-08 0.003436977 4.1619936e-07 3.5506803e-06 3.9564395e-07 9.896087e-05 7.077565e-06 0.0018932791 2.6294024e-06 2.3995406e-06 0.013346442 2.7272696e-07 4.4085738e-07 1.977816e-06 7.960875e-08 0.019186193 1.287631e-05 4.3459703e-09 1.3321326e-06 3.2123642e-06 0.012580683 4.4686817e-07 9.441381e-05 1.8384638e-06 0.0005082125 1.0401174e-07 0.015127928 1.3702458e-09 3.8077255e-06 4.6355706e-07 0.00030791826 5.8023386e-05 0.00010490527 0.0003840212 0.0006678123
0.99948037 0.62350094 0.5837742 0.4325275 0.88648456 0.10303179 0.21610528 0.1924746 0.062324386 0.10991469 0.6613878 0.032922808 3.4984192e-16 0.016311688 0.61682785 0.0141195115 0.32308483 0.020831045 0.026332675 0.053716343 0.043237645 0.025943372 0.005668668 0.027568744 0.0071081095 0.026555551 0.17466184 0.6767477 0.0026003025 0.5968601 0.023283828 0.003993042 0.005730079 0.0033649355 0.0014979491 0.013413439 0.02085268 0.002539925 0.0017865654 0.015113963 0.0020422842 0.00040467217 0.0008264902 0.007877417 0.00565004 0.036049932 0.0024887621 0.0069791544 0.0010248704 0.00018208147 0.00022652691 0.0001729086 0.0050839284 0.00061752327 0.0008795124 0.0004900334 0.00018465662 0.0023724427 0.00022565926 4.1352523e-05 0.00052624877 0.0003641876 0.00030809335 0.00010355789 7.098531e-05 9.2740745e-05 0.00052785623 0.00582391 0.0026113065 3.1748015e-05 0.0015317005 0.00026989132 0.0010068468 9.2591915e-07 0.0007668621 0.00020539144 0.022892442 0.00074825744 0.0010906801 1.1738457e-05 0.0043012844 0.0012393383 8.532762e-06 5.985166e-05 0.0022893576 0.001660065 0.0011255692 0.0016152477 0.00039876817 0.008086759 0.00021951743 0.0012739722 0.00070957287 3.0778408e-06 0.0049246633 0.0026146658 0.00020809335 0.0016601008 4.65847e-05 2.2526567e-05 6.1792352e-06
0.9502675 0.03313302 0.0057897638 0.19560789 0.022976754 0.7172444 0.0005285589 1.1742051e-05 0.00025711788 3.7094526e-06 0.00095051056 0.5234635 0.016311688 4.6686533e-15 0.0005154412 0.92058074 0.16577274 0.9394297 4.5903776e-05 0.079448566 1.8563037e-06 0.18328068 0.6048598 6.768573e-08 0.050239928 0.0073826206 6.0294224e-05 0.0023058143 0.71008426 0.052008443 9.926375e-06 6.659091e-05 0.71909666 7.90378e-05 0.27405056 3.9112223e-05 0.0055402033 0.14199616 0.002699077 5.7396417e-05 0.02430162 0.013865213 0.0005289522 5.0460244e-06 1.904631e-07 0.0010384861 5.9944883e-05 0.000104639694 1.4463493e-05 0.002234432 0.00083395175 0.0005528597 0.0011218148 7.9903075e-05 0.31769454 0.0034927619 0.0013187699 0.006051662 0.014318041 1.8087578e-05 0.0030805531 6.1136425e-06 0.04027302 0.0016337344 0.012817973 6.221042e-05 5.6419193e-08 0.0014309789 3.3035749e-06 2.6207929e-06 3.0220485e-06 0.0003223117 6.41452e-06 3.001728e-05 3.8628154e-06 6.563994e-06 0.001396781 1.23808895e-05 5.7427537e-06 7.925076e-06 3.016103e-06 0.014965036 1.2722346e-06 1.1125051e-09 1.4792343e-05 6.759063e-05 0.023453146 3.8102612e-06 0.00037185304 7.718425e-06 0.0014814431 1.466867e-06 0.0038565896 1.0444879e-09 4.7563904e-06 1.7155491e-05 0.000114554816 7.449079e-05 2.6681659e-05 7.0647424e-05 5.7110305e-05
0.986946 0.075539194 0.21441408 0.016657379 0.16967873 0.003865663 0.12306919 0.22274375 0.06127041 0.62805915 0.96437705 8.2092076e-05 0.61682785 0.0005154412 6.760117e-17 0.00031029395 0.0022070587 0.0009964005 0.0077909417 0.005579911 0.028251981 0.0021188995 0.00030625277 0.09775607 8.114681e-05 0.011865399 0.53657293 0.8631495 9.384745e-05 0.03654239 0.19769002 0.0015943351 0.0001355813 0.0010812335 1.2681288e-05 0.070636116 0.0010305824 2.9619623e-05 1.3809522e-05 0.014362954 0.00093473325 7.030699e-07 1.0695313e-06 0.029055512 0.037688263 0.0008001208 0.005138737 0.0039766748 0.00059746555 1.7569675e-07 7.336942e-05 6.5403988e-06 0.00014154725 6.157308e-05 1.4617734e-05 0.00028961882 1.441997e-07 0.00029892146 1.3123906e-06 6.31512e-06 4.6076497e-05 6.4521206e-05 1.5354708e-05 2.9092857e-07 3.5923992e-07 3.7403397e-06 0.0019962 4.203976e-05 0.010472111 9.6450885e-06 0.0028974877 6.2846893e-06 0.00028732495 4.7628013e-09 2.0103702e-05 8.564557e-06 0.02597801 0.0026895492 0.0005704463 2.940782e-07 0.0013174675 3.913918e-06 1.0813173e-08 0.0015639482 0.0019709333 1.233552e-06 3.3557764e-05 0.00024631346 6.988135e-06 0.00015633374 2.0137415e-05 0.0002434675 6.139216e-06 7.5033613e-06 5.9952627e-06 2.5519275e-05 2.5068719e-06 0.0083249835 1.3299346e-07 4.4705533e-07 8.805383e-08
0.92464817 0.03814042 0.0047129467 0.24888952 0.009655001 0.45124626 0.0002171823 2.0677523e-06 6.559579e-05 2.4962033e-06 0.0011225671 0.96186346 0.0141195115 0.92058074 0.00031029395 3.7693995e-15 0.5223711 0.65027833 6.8054287e-06 0.017343875 4.6715894e-07 0.05732811 0.16368887 3.945364e-08 0.11026294 0.0009903569 3.0032457e-05 0.0014904616 0.13939825 0.18836232 1.9592064e-06 4.421106e-06 0.49768767 1.7006855e-06 0.3670432 1.2902074e-05 0.068777755 0.34175014 0.012632321 1.8174437e-06 0.0044664415 0.09660621 0.008538954 3.1225702e-06 1.11647275e-07 0.002885659 3.3859076e-05 5.8547997e-05 4.351534e-06 0.0039430396 6.46598e-05 0.0059032557 0.0077566686 1.8031293e-05 0.064010024 0.0011494746 0.003377637 0.0028375674 0.011024591 2.9473308e-06 0.0010930209 7.228954e-07 0.030174922 0.0021117541 0.0050240494 1.2391567e-05 6.3458856e-08 0.0032578108 1.7645439e-07 8.3767895e-07 2.0917462e-07 0.00018758458 1.4806352e-06 9.666964e-05 7.2023914e-07 1.0923434e-06 0.0020221977 3.893216e-06 6.791919e-07 2.188974e-06 2.4088818e-06 0.006805744 4.9412524e-06 5.8767863e-10 3.969609e-06 4.5886398e-05 0.007937784 6.598592e-07 0.00027739946 1.4244099e-06 0.0010428698 4.1816315e-07 0.0021697548 6.7494993e-10 3.2114942e-06 4.98697e-06 0.0001950318 8.7299595e-05 2.5517498e-05 0.00016996155 8.6388e-05
0.98912495 0.22787698 0.022858687 0.6993443 0.10033145 0.2380168 0.021717845 0.0013088554 0.0043386533 0.00094879785 0.018971177 0.9309372 0.32308483 0.16577274 0.0022070587 0.5223711 2.3537335e-15 0.06974883 0.004200143 0.02821767 0.0007408812 0.045893263 0.014500019 0.00014017623 0.5354388 0.0084344465 0.00068912527 0.008212631 0.008788543 0.90284264 0.0003084076 0.00061985804 0.061732482 0.00014569907 0.06772242 0.00016792795 0.43012735 0.22674632 0.16273408 0.00011590315 0.0051346 0.08814064 0.09929638 0.00013677192 4.9142753e-05 0.049290586 4.8168582e-05 0.0001426033 5.3940083e-05 0.0341147 0.0002662956 0.027593954 0.034021217 0.0002168946 0.008960202 0.00064421503 0.019364862 0.0019471709 0.024170449 3.0812284e-05 0.0007530459 3.3535533e-05 0.016697783 0.007408117 0.0066670286 1.9564404e-05 7.4753166e-07 0.007865886 4.6834375e-05 1.5282103e-05 7.723702e-05 0.00013526114 1.9928979e-05 0.001400113 2.6910166e-05 2.5252846e-05 0.006195052 8.95989e-05 4.9008995e-05 6.459086e-06 4.134422e-06 0.006832645 0.00028210634 4.0642283e-07 4.423634e-05 6.600802e-05 0.002206667 4.8969073e-06 0.00019718347 3.989981e-05 0.00053305284 2.726956e-06 0.0045519783 8.671382e-08 3.2791628e-05 1.253222e-05 0.00021425876 0.00021520813 0.00033795543 0.00032909407 0.00047942714
0.83856887 0.11443214 0.011195852 0.29889292 0.027334549 0.9174593 0.0035624963 0.000117967866 0.0011388572 4.780312e-05 0.0017720792 0.16273242 0.020831045 0.9394297 0.0009964005 0.65027833 0.06974883 3.0904786e-16 0.0012313072 0.39372253 0.00013343386 0.51529497 0.7833286 1.797953e-06 0.017969863 0.022644313 0.00023676963 0.0026659481 0.58468294 0.030195374 3.6792324e-05 0.0003937221 0.5713163 0.00013350107 0.27669328 0.00012673243 0.0017970429 0.040338818 0.00097625516 0.00016187126 0.042388562 0.009601515 0.0002756613 4.752489e-05 5.9508657e-06 0.00013690293 0.0001293114 0.00012137387 0.0001558916 0.00026986044 0.0016849278 0.0010374308 0.0004058026 0.00050761935 0.20652348 0.009309675 0.0003877287 0.035016686 0.0039128345 4.2913915e-05 0.016836597 2.7242255e-05 0.008988831 0.00048289716 0.002892067 0.00014814657 1.485249e-07 0.00041462047 3.991365e-06 7.5577123e-06 1.1160444e-06 0.0015817091 3.6498534e-06 1.6287742e-05 4.4060166e-06 8.34751e-06 0.00032553868 1.0115728e-05 1.1270713e-05 6.150251e-06 7.044804e-06 0.0031491988 4.83996e-07 4.2616106e-09 1.4725809e-05 0.0002136609 0.008884096 5.991439e-06 0.0008215376 6.922389e-06 0.002651043 1.034066e-06 0.0005894426 7.74645e-09 6.3571465e-06 8.277875e-06 1.1114299e-05 3.472174e-05 1.6964163e-05 3.603098e-05 3.179977e-05
0.98099095 0.09516323 0.28018972 0.0129738115 0.2811185 0.009817558 0.3329607 0.63718754 0.69453436 0.14108203 0.008332697 0.00045629006 0.026332675 4.5903776e-05 0.0077909417 6.8054287e-06 0.004200143 0.0012313072 5.2488822e-17 0.055552576 0.8918637 0.023192702 0.00026865408 0.02054065 0.00014292733 0.8897283 0.0044577154 0.0039054453 7.801141e-05 0.0023334774 0.001087504 0.8682622 2.0472624e-05 0.7868253 3.7199065e-06 0.0005995183 1.0741879e-05 3.793975e-07 5.184896e-08 0.7276276 0.03078637 6.034752e-08 3.5071725e-08 0.0010908756 0.00011502554 1.8773811e-06 0.00017849312 0.0001375072 0.17324218 9.05968e-09 0.10317798 1.6021602e-07 7.783892e-07 0.12784421 0.00017406093 0.013906669 3.5086977e-08 0.0026758208 1.9997917e-07 0.01954145 0.0006592973 0.110125884 7.546127e-07 9.372102e-08 7.1275707e-07 0.0015678593 8.954038e-05 7.864168e-06 0.020573754 0.14182921 0.0008562116 0.00023737123 0.24664319 1.1093554e-07 0.015042359 0.01573448 0.0010022536 0.00022751505 0.030492313 0.0010535977 0.00014492746 4.0631608e-06 2.1208824e-09 4.2280353e-09 0.017400254 0.00031098182 8.473342e-05 3.991945e-05 8.881799e-05 0.011833938 5.608993e-05 7.910148e-06 6.2741674e-06 2.9548946e-09 0.06556842 0.00094374566 7.467696e-06 3.6301695e-05 6.4856994e-07 7.512086e-07 9.7665634e-08
0.95183253 0.24289046 0.09838992 0.19062963 0.15316807 0.58789706 0.048715834 0.014160317 0.037544847 0.0023677829 0.008950338 0.03406807 0.053716343 0.079448566 0.005579911 0.017343875 0.02821767 0.39372253 0.055552576 1.04744235e-17 0.008546122 0.96715665 0.40224245 3.7942755e-05 0.0072720363 0.75575507 0.0019033122 0.008220455 0.17123882 0.009651254 0.000530091 0.053691402 0.015464848 0.04377879 0.0010212924 0.0004100345 0.000106593485 0.00011976356 7.564069e-05 0.018640311 0.81661636 7.328096e-05 1.2070333e-06 0.00044855388 2.0547244e-05 2.6024038e-05 0.0004098924 0.0004546763 0.009356381 3.7797304e-06 0.44027072 3.5990706e-06 1.1646819e-05 0.03370498 0.22112 0.45880762 8.458381e-07 0.29554117 0.00016414133 0.01023726 0.059762675 0.011103986 0.00034625296 1.537496e-05 0.00034369947 0.03472935 4.3477885e-06 7.683903e-05 0.0011555622 0.013817065 0.00023333503 0.007328289 0.010141878 4.058577e-07 0.00060826953 0.000683503 0.0011219099 1.2242658e-05 0.00014918395 0.0009537266 7.7394296e-05 0.00017347859 1.8915975e-09 7.3793176e-09 8.404044e-05 0.013850067 0.0004777036 1.230391e-05 0.0005808055 0.00024721998 0.0006168855 1.9874308e-06 2.4014762e-05 6.0125366e-10 0.0007794493 3.614127e-05 5.0244273e-07 0.00015270835 2.967528e-06 3.0364351e-06 1.353286e-06
0.93105 0.03687994 0.20709586 0.004036152 0.17697254 0.0006659695 0.5846612 0.90736014 0.9533815 0.5931801 0.08978976 5.382911e-06 0.043237645 1.8563037e-06 0.028251981 4.6715894e-07 0.0007408812 0.00013343386 0.8918637 0.008546122 4.88677e-17 0.0007547978 4.370401e-05 0.46862316 1.3843866e-06 0.45472977 0.034692753 0.018973209 1.8300125e-05 0.002010188 0.014743038 0.4964413 2.3910225e-06 0.30163142 2.040738e-07 0.0037030852 8.881155e-07 2.5323011e-08 1.474364e-09 0.8872275 0.004239042 9.520394e-09 1.6284623e-08 0.46559027 0.008133606 3.810225e-08 0.0029428317 0.0013795578 0.13479432 4.612613e-09 0.010863146 5.718712e-08 9.326589e-09 0.030609965 7.377387e-06 0.0013893531 5.500783e-09 0.001287843 1.9481782e-08 0.003264812 0.00024822092 0.038099203 2.594026e-07 2.5282903e-08 7.5054295e-08 0.00017895708 0.0065384945 1.17922355e-07 0.3138986 0.02288651 0.04374532 5.5077966e-05 0.17334664 2.4411264e-08 0.0072566015 0.0072992905 0.0009887917 0.0054214476 0.15104777 4.0934803e-05 0.002099647 3.0941362e-06 5.1854343e-10 5.868123e-06 0.12988085 0.00015215855 4.467936e-05 0.0011740131 4.9083246e-06 0.021996291 2.2158013e-06 0.00012602411 1.4443762e-06 2.2223278e-06 0.014135868 0.002486262 2.8923938e-07 0.00023292219 2.5948116e-06 3.5063047e-07 4.1665384e-08
0.8994826 0.1546374 0.06360716 0.15577446 0.12939918 0.5854837 0.01052852 0.0024968071 0.0039050712 0.00092198927 0.001971616 0.05889475 0.025943372 0.18328068 0.0021188995 0.05732811 0.045893263 0.51529497 0.023192702 0.96715665 0.0007547978 1.1499165e-17 0.6687002 1.2561535e-05 0.008233973 0.6866072 0.00081794255 0.004080564 0.39733127 0.0138840275 4.8313545e-05 0.03388213 0.043028727 0.012529574 0.0057293004 0.00041122615 0.00022975367 0.00024491834 0.00012776686 0.0030522672 0.8320366 6.0912695e-05 6.211423e-06 2.8280363e-05 2.4103595e-06 6.372397e-05 9.7561715e-05 9.561441e-05 0.0015624954 8.894636e-06 0.28577474 3.0587344e-05 1.4996801e-05 0.027726933 0.18201791 0.49384907 4.893919e-06 0.53785837 0.00012989627 0.008651745 0.14636749 0.0016255395 0.0006183091 1.5536269e-05 0.00015894003 0.017919483 7.920663e-08 0.00020787753 7.774015e-06 0.002448496 6.7029555e-06 0.02487883 0.0003054326 8.7318945e-08 0.00019648872 0.0005743617 0.00029233994 2.4923236e-06 6.927824e-06 0.0002672267 6.5002478e-06 0.0001467774 2.5657503e-08 2.3149686e-10 3.3912525e-05 0.013489735 0.0006608522 8.472465e-06 0.00084555475 3.1971642e-05 0.00074642076 2.6705547e-06 1.5114971e-05 5.751984e-10 0.00014285457 1.1672806e-05 1.0559515e-06 8.352941e-06 1.3012565e-06 3.1999657e-06 6.780445e-07
0.85420054 0.016368108 0.006259218 0.028193135 0.01751585 0.8027118 0.00087344495 7.6513556e-05 0.0005805314 3.945645e-05 0.00036563005 0.05468835 0.005668668 0.6048598 0.00030625277 0.16368887 0.014500019 0.7833286 0.00026865408 0.40224245 4.370401e-05 0.6687002 2.7511713e-17 2.056066e-06 0.010091275 0.02751164 0.0001268358 0.0016739118 0.9731627 0.0064058644 5.034822e-05 0.0005494943 0.4991966 0.0007241482 0.09214037 8.145269e-05 0.00040484685 0.0059607723 0.00042394377 0.00022864762 0.569228 0.00092373847 3.2431388e-05 3.1064938e-05 1.0032084e-06 0.00010003499 6.361996e-05 5.685864e-05 0.00028195386 7.4267205e-05 0.027037252 0.00010711564 8.2205835e-05 0.0012707063 0.7674798 0.1931241 5.9930484e-05 0.33743992 0.003738623 0.00044054032 0.16824064 0.00011858623 0.03400117 0.0002471648 0.012536711 0.004124626 5.530503e-07 0.00015871329 1.3106191e-05 9.722233e-05 1.5443396e-05 0.026391516 7.111724e-05 1.1078256e-05 4.008911e-05 6.899443e-05 0.00018320144 1.5018156e-05 1.6647204e-05 0.000118520315 9.9463605e-06 0.009816163 2.7530908e-07 2.3291291e-09 1.2320231e-05 0.015468397 0.04545152 1.6841943e-05 0.010733796 8.290496e-05 0.012707984 7.824184e-06 0.00075293786 4.095108e-09 1.9607029e-05 2.078269e-05 5.498546e-06 1.6067966e-05 1.2595892e-05 0.00015522326 3.9314917e-05
0.8360934 0.0034076963 0.023606736 0.00016733771 0.038000457 2.083492e-05 0.035946146 0.3450647 0.07761226 0.95701677 0.14163108 7.283901e-07 0.027568744 6.768573e-08 0.09775607 3.945364e-08 0.00014017623 1.797953e-06 0.02054065 3.7942755e-05 0.46862316 1.2561535e-05 2.056066e-06 7.0744764e-15 8.4877456e-07 0.0011572776 0.169743 0.04565641 4.944333e-07 0.0010312372 0.6136906 0.00029941503 9.993954e-07 0.00025124007 3.703182e-08 0.07986679 7.229209e-07 1.425992e-08 1.3934897e-09 0.27145794 1.287776e-05 3.0868192e-09 1.1277061e-08 0.9343265 0.77207106 5.1723124e-08 0.007268947 0.0026419254 0.0011159843 1.9471964e-09 1.9190678e-05 1.2864005e-08 1.0914291e-08 0.0001408762 3.0054893e-05 9.435301e-06 7.549862e-09 4.675398e-06 4.0003997e-08 3.3505976e-06 5.5890573e-06 0.0001683959 4.0758763e-07 5.1680495e-09 3.161299e-07 6.8734716e-06 0.17891099 2.652609e-08 0.3931975 2.2318802e-05 0.25766364 2.0036538e-05 0.004754713 5.7184177e-08 3.9451064e-05 2.7775483e-05 0.0018243432 0.12899661 0.020194868 9.78342e-06 0.078624345 6.19839e-07 9.931526e-10 0.00023481862 0.051060755 0.000114711576 7.803977e-05 0.018445507 1.8157694e-05 0.00060491345 5.3998265e-06 0.0063634827 4.946005e-06 0.00016736596 0.00015505622 0.00012575889 7.3986195e-07 0.005127187 2.3602113e-06 1.6158276e-07 1.666578e-08
0.98975563 0.003975713 0.0004471263 0.014202438 0.0014132846 0.032519426 0.00044514576 3.8938306e-05 0.00013700273 2.352572e-05 0.0007993684 0.2762722 0.0071081095 0.050239928 8.114681e-05 0.11026294 0.5354388 0.017969863 0.00014292733 0.0072720363 1.3843866e-06 0.008233973 0.010091275 8.4877456e-07 1.2991543e-14 0.00030122022 5.3990978e-05 0.0005307215 0.0073358756 0.8547026 8.3682454e-07 1.4336671e-05 0.11513395 9.889062e-06 0.05553607 3.5538717e-06 0.9576529 0.31372306 0.8033903 1.4585505e-06 0.00094739284 0.22550061 0.5691844 8.551894e-07 2.2715783e-07 0.04141753 1.5520593e-06 1.0828152e-05 1.0240569e-06 0.4261079 1.3154099e-05 0.2622064 0.022399666 5.499837e-06 0.019656265 8.6763495e-05 0.2819616 0.00038625931 0.18947622 1.0427996e-06 0.00010618956 1.6316898e-06 0.03675779 0.14328495 0.030462509 8.612879e-07 1.3110945e-08 0.0141307125 5.7783944e-07 1.448484e-06 8.9113166e-07 2.8347516e-05 2.8529976e-06 0.033391137 2.9331034e-06 3.4001143e-06 0.012368185 1.2704197e-06 5.026764e-06 1.4177679e-06 1.7845711e-07 0.017141068 0.0024734447 7.676585e-09 6.1339492e-06 1.4871114e-05 0.004902947 4.098812e-07 4.6523164e-05 6.4856154e-06 0.00023982026 3.288865e-07 0.018121894 1.2884183e-09 7.1305453e-06 4.586455e-06 0.0014416776 6.1213126e-05 0.020181544 0.00053610967 0.0048090373
0.957618 0.15893117 0.16293775 0.0495439 0.22364385 0.1106322 0.19539087 0.2065928 0.2879147 0.035222244 0.016021146 0.0050252187 0.026555551 0.0073826206 0.011865399 0.0009903569 0.0084344465 0.022644313 0.8897283 0.75575507 0.45472977 0.6866072 0.02751164 0.0011572776 0.00030122022 9.932286e-17 0.0059275473 0.0041844384 0.012763193 0.004773825 0.0010521915 0.9109928 0.00056603976 0.70948756 2.6584026e-05 0.0013491099 4.107241e-05 2.7897422e-06 4.6787704e-06 0.16055188 0.6077887 6.932195e-07 9.702304e-08 0.0014034163 5.1412047e-05 4.263365e-06 0.0011409433 0.00083856226 0.2196545 7.0924834e-08 0.58842224 5.0923296e-07 1.9557901e-06 0.4486113 0.0068442957 0.20386243 2.1467883e-08 0.12775142 6.025651e-07 0.08258831 0.024066975 0.13535324 2.6732175e-06 9.581755e-08 3.0591677e-06 0.012170846 5.020368e-06 4.0093204e-05 0.0023258456 0.068728045 0.00062801695 0.007863696 0.043129567 1.5416179e-08 0.0070234025 0.009027434 0.00064360065 2.284006e-05 0.011628652 0.0024512878 6.6775654e-05 2.286303e-05 7.792757e-10 3.363517e-09 0.0023267432 0.0009731742 8.7077e-05 2.3846065e-05 0.00017598663 0.0039196825 1.2321277e-05 8.155307e-06 6.627891e-06 3.9669126e-09 0.009699143 0.0002804395 1.2691753e-07 0.00046590657 6.627913e-07 7.1406575e-08 1.2853286e-08
0.9928946 0.0071954858 0.019274564 0.00079272495 0.014782269 0.00038155942 0.0050082416 0.054549977 0.007727397 0.26657116 0.44515976 7.2654606e-05 0.17466184 6.0294224e-05 0.53657293 3.0032457e-05 0.00068912527 0.00023676963 0.0044577154 0.0019033122 0.034692753 0.00081794255 0.0001268358 0.169743 5.3990978e-05 0.0059275473 5.19653e-15 0.9171081 0.00010087661 0.005257988 0.9375104 0.001173156 3.5874935e-05 0.00089509354 1.7390945e-06 0.695711 0.00015880293 1.1536686e-06 2.6118292e-07 0.10971281 0.00035326192 6.0573775e-08 1.3894226e-07 0.20343192 0.38089612 0.00013986217 0.01991128 0.009480761 0.0006007374 2.1024608e-08 6.95339e-05 2.0832871e-07 2.5339803e-06 0.00012112364 0.0002522393 0.00016798112 2.7382898e-08 0.00021362708 2.8958893e-06 1.519427e-05 7.219778e-05 0.00016470568 1.4993127e-05 2.1667822e-07 1.0770848e-05 4.3247583e-06 0.03260881 1.926351e-05 0.038252432 7.191424e-05 0.018185858 3.337527e-05 0.0008755561 2.7395606e-07 1.2950706e-05 6.129768e-06 0.059506115 0.012587032 0.0032381432 5.5691107e-06 0.013147497 1.37795405e-05 6.6723736e-08 0.02870715 0.013040604 0.00012017497 0.00015046088 0.0027297782 0.00010640183 0.00043408695 0.00013261562 0.0017546094 4.9627568e-05 0.0002889765 9.555297e-05 2.0162377e-05 4.166217e-06 0.015667839 3.730289e-07 1.3497107e-06 5.658352e-07
0.9997728 0.07656685 0.09323578 0.027778808 0.17689125 0.007996567 0.021155352 0.071935855 0.021970898 0.21802197 0.41986918 0.00093065546 0.6767477 0.0023058143 0.8631495 0.0014904616 0.008212631 0.0026659481 0.0039054453 0.008220455 0.018973209 0.004080564 0.0016739118 0.04565641 0.0005307215 0.0041844384 0.9171081 1.1569401e-15 0.0013661751 0.0843713 0.37541994 0.00076921 0.0014605996 0.00070330634 0.0002883054 0.7607325 0.006187813 0.0007419507 0.0004896945 0.008060434 0.00082901283 0.00019899741 0.0001377127 0.012738033 0.03393398 0.0038996472 0.06748188 0.13391137 0.0006716618 8.8620174e-05 0.00021670395 4.738952e-05 0.0005804965 0.00027728916 0.0004006142 0.00051418203 0.00012287512 0.00077495957 0.00036073435 3.8643724e-05 0.0004887879 0.00033908713 0.00034927682 9.4163384e-05 0.00012850764 4.738645e-05 0.0021020402 0.002173632 0.004161427 2.8530098e-05 0.0033787065 0.0002272869 0.0012047943 5.5297883e-06 0.00019441305 0.00010498565 0.03863625 0.0033026824 0.0011338607 6.8461786e-06 0.0020577533 0.0016849005 2.3810355e-06 0.018517608 0.0019119562 0.0005346176 0.0010326992 0.001122989 0.00019642692 0.0012648316 0.00017089483 0.0011630015 0.00073226163 0.00022092203 0.00053209165 0.000669902 5.834355e-05 0.013136336 9.296854e-06 1.8383842e-05 3.8033693e-05
0.734962 0.0074196947 0.0031487197 0.015676882 0.009585613 0.59438986 0.00018390901 5.4093027e-05 0.00011181932 3.3540906e-05 0.00017612078 0.04637094 0.0026003025 0.71008426 9.384745e-05 0.13939825 0.008788543 0.58468294 7.801141e-05 0.17123882 1.8300125e-05 0.39733127 0.9731627 4.944333e-07 0.0073358756 0.012763193 0.00010087661 0.0013661751 1.6011744e-15 0.0038828694 2.8109913e-05 0.00018033624 0.798516 6.143448e-05 0.5632701 2.0812302e-05 0.00065571244 0.07218166 0.00045990848 2.4570265e-05 0.41511112 0.013934447 0.00020248888 1.2002351e-05 5.4472014e-07 0.0001941755 1.8146822e-05 2.0623434e-05 0.00012459712 0.00023102298 0.0105091985 0.00044795647 7.408462e-05 0.0006749533 0.9025442 0.20415677 0.00041620873 0.54685146 0.012731536 0.00025773578 0.37559438 5.238333e-05 0.22410493 0.0006787993 0.057495363 0.0034430744 4.5043785e-07 0.00023766409 2.0899527e-06 6.537234e-05 3.4710265e-06 0.0788876 1.29166265e-05 2.3011731e-05 1.7940007e-05 2.5808638e-05 0.00014356832 4.364018e-06 3.03711e-06 0.00012992302 3.5247726e-06 0.025928706 6.4962603e-07 3.803441e-09 5.574515e-06 0.01667273 0.1339527 2.2060485e-05 0.034678645 2.0162204e-05 0.034630056 5.5023124e-06 0.0017313565 3.3357699e-09 3.057839e-05 1.18886455e-05 4.4695556e-05 3.558128e-06 3.1238287e-05 0.0003761465 0.00018068308
0.99996686 0.12987337 0.034535542 0.32354316 0.142251 0.11539267 0.025650628 0.0049866163 0.008443976 0.0034851953 0.08541291 0.36948928 0.5968601 0.052008443 0.03654239 0.18836232 0.90284264 0.030195374 0.0023334774 0.009651254 0.002010188 0.0138840275 0.0064058644 0.0010312372 0.8547026 0.004773825 0.005257988 0.0843713 0.0038828694 5.0466493e-12 0.0032158638 0.00075192424 0.020830523 0.00037902067 0.01935204 0.0021838539 0.74690837 0.07145922 0.28871194 0.0002532799 0.0035676998 0.02838756 0.10787595 0.0007743807 0.00057301857 0.58287185 0.0015215261 0.003746086 0.00017359147 0.030761275 0.0010000577 0.030329837 0.24829125 0.0004882638 0.0037262344 0.002206948 0.01604467 0.0077623404 0.012121996 0.00017835613 0.0035785341 0.00028814597 0.012986358 0.009810665 0.0037386906 0.0002442354 4.1420964e-05 0.47835207 0.0002085837 0.000103111764 0.000645807 0.0010365255 0.0022464471 0.0025693846 0.00040872002 0.0004015104 0.09222103 0.0004207947 0.0005937163 3.3018696e-05 0.0001207054 0.0035733439 0.002756333 1.9100735e-05 0.00023590882 0.0021801924 0.0033754616 7.63545e-05 0.00058931985 0.0011496264 0.00055938546 9.6850315e-05 0.0043885573 1.2408838e-06 0.0015599027 0.0012387474 0.004249041 0.003990314 0.0027497231 0.00041535322 0.0016343951
0.88120735 0.0026332736 0.007096981 0.00033039594 0.0076563703 0.00010678303 0.0050436384 0.06522025 0.009520905 0.31692323 0.17753601 2.8701163e-06 0.023283828 9.926375e-06 0.19769002 1.9592064e-06 0.0003084076 3.6792324e-05 0.001087504 0.000530091 0.014743038 4.8313545e-05 5.034822e-05 0.6136906 8.3682454e-07 0.0010521915 0.9375104 0.37541994 2.8109913e-05 0.0032158638 8.7725995e-18 9.479978e-05 2.8180373e-05 5.3388336e-05 1.4360904e-07 0.9622297 2.3109269e-05 6.8023365e-07 6.8364403e-09 0.020035235 5.150485e-05 4.8951483e-09 2.7028538e-08 0.33114702 0.90683556 8.5531417e-07 0.017982045 0.006169122 0.00040842523 1.8768995e-08 2.1971795e-05 7.854558e-08 3.1117475e-09 4.291461e-05 6.3514017e-06 2.8538232e-05 6.9441676e-08 7.4404736e-05 4.78313e-07 1.0584821e-06 6.730311e-05 2.7504142e-05 2.6170092e-06 9.386123e-07 2.7080853e-07 1.3921209e-06 0.08813328 7.3941253e-09 0.025018413 1.4132619e-06 0.012607713 3.1789525e-05 0.00013332436 7.62183e-09 2.0391079e-05 2.0268893e-05 0.007513784 0.2530989 0.00082770066 3.0134996e-07 0.061930407 5.028097e-06 7.491795e-09 0.058429297 0.0059001883 3.6892812e-05 0.0002155524 0.001850187 4.0741746e-05 0.00046862976 5.724647e-05 0.0028071634 9.399192e-05 0.001498705 1.6335714e-05 6.712433e-05 1.5673882e-07 0.01489766 3.2686953e-06 2.9570074e-06 5.243901e-07
