1.0489306e-23 0.8128964 0.8284481 0.90607244 0.8178745 0.9106274 0.9511072 0.86248046 0.8799712 0.97998476 0.6823257 0.88993037 0.7791024 0.57908857 0.9474038 0.2682768 0.9149153 0.91914016 0.22361243 0.90435207 0.69980586 0.9666605 0.37816915 0.69466 0.9786351 0.9567346 0.5179519 0.9078101 0.775015 0.12955217 0.9237212 0.41673532 0.9867136 0.9107378 0.6129529 0.95573854 0.13825278 0.9560118 0.03973549 0.87714505 0.63905317 0.9922004 0.98836386 0.90099716 0.9643411 0.9866214 0.39047596 0.09285024 0.10075483 0.6583837 0.06159753 0.9727079 0.8768539 0.5629737 0.95616496 0.49945286 0.065623224 0.997112 0.7890073 0.0032644633 0.074355066 0.4798674 0.9981084 0.98977935 0.6013716 0.98747844 0.8953417 0.7863541 0.013408265 0.015850523 0.02061161 0.9987523 0.0053103953 0.018774545 0.098550856 0.0022288342 0.0041444516 0.5599756 0.76315325 0.00034474063 0.9965376 0.90590864 7.216349e-05 0.99482703 0.04949865 0.9997158 0.00036081832 0.8870472 0.00013090145 0.963321 0.9883878 0.35742292 0.96898615 5.714845e-05 9.8452816e-05 0.9910415 0.9732863 0.013657889 0.8854507 0.99881047 0.074061446
0.8128964 2.6381246e-18 0.74727654 0.97939134 0.628808 0.25113812 0.5335298 0.060218055 0.03045897 0.0014883516 0.09787217 0.006527825 0.23475914 0.4532074 0.31875414 0.0002465988 0.00033363863 7.6654436e-07 0.00013387132 1.4095463e-05 0.014854468 0.055794787 0.0049502994 7.330623e-06 0.0063744374 7.3723896e-07 0.102026746 7.104873e-08 0.051465314 6.2967295e-08 5.6940785e-09 2.775648e-06 1.6244832e-05 2.5464233e-09 1.2158853e-08 0.026473908 2.8822635e-05 0.11615507 0.0013608685 2.9762468e-09 8.364846e-09 0.006247696 0.016997606 5.812467e-09 0.00028317136 0.008415777 9.535806e-09 9.3860154e-07 8.326424e-08 1.1726468e-08 2.3736807e-06 1.7581342e-05 1.4698854e-09 3.9622112e-08 7.995418e-08 7.033171e-08 2.547859e-07 0.00029140076 2.2118948e-08 3.3219874e-06 7.8919804e-08 5.5688845e-09 1.0075065e-06 2.3840198e-07 2.7988906e-10 7.777099e-08 2.0636604e-08 1.6891409e-10 1.7412693e-05 5.3412446e-08 4.4347772e-07 0.012931048 5.429345e-07 1.4722481e-07 2.4311421e-07 1.2808282e-06 4.359549e-07 3.5988008e-09 2.5202151e-09 7.31769e-07 0.009124343 1.2018642e-08 3.7827354e-07 0.0004887457 1.4575541e-09 0.0016001492 2.3065122e-07 0.017860297 7.98413e-07 8.1601104e-07 0.0290388 1.2460779e-08 1.7225691e-05 3.12505e-07 3.3723853e-07 0.005554445 0.026297683 3.0101126e-09 0.21437392 7.2427836e-05 1.14983845e-08
0.8284481 0.74727654 1.0145921e-18 0.31030452 0.97607476 0.71514356 0.52641064 0.48554328 0.35131222 0.17361487 0.33701476 0.30890125 0.36981854 0.05387342 0.2181559 0.01515655 0.016143015 2.2499793e-05 0.003293137 0.00012234086 0.18768321 0.030226918 0.06516869 9.24951e-05 0.0152977295 1.5818796e-05 0.008978696 3.3734239e-07 0.0048319153 1.3290238e-06 3.9140637e-08 3.2454533e-05 0.0001274333 1.4768274e-08 2.749914e-08 0.0022922459 0.0007510091 0.007483167 0.01982483 1.7935209e-08 2.1603475e-08 0.0066158646 0.008539674 2.8688984e-08 2.2539694e-05 0.0034693158 7.230633e-08 1.2714942e-05 3.0525916e-07 3.682214e-08 2.2648132e-06 2.0999232e-05 3.8429353e-09 8.227503e-08 3.017799e-07 1.0974206e-07 1.0014389e-06 0.0005057001 5.250108e-08 0.00018946771 3.7249066e-07 3.3779134e-08 1.9227959e-05 3.5731898e-07 1.381417e-09 4.9126704e-08 4.324242e-08 4.209935e-10 8.684165e-05 2.5995982e-07 4.0469473e-07 0.0022678867 1.9403924e-06 3.0250487e-07 2.9348985e-07 1.1406778e-05 2.4287368e-07 2.8673652e-09 2.228932e-09 2.252398e-06 0.0021361946 1.3941363e-08 1.5970133e-07 8.855665e-05 6.5549073e-09 0.00082763756 1.8376347e-06 0.0017316126 3.0807465e-07 1.775589e-07 0.007276008 6.1238334e-09 2.1775927e-06 5.3709755e-07 1.2334402e-06 0.0009069052 0.0069369874 1.9037385e-08 0.040770534 1.3970572e-05 7.249081e-08
0.90607244 0.97939134 0.31030452 1.08082676e-19 0.24880184 0.054783102 0.40502626 0.010455821 0.0025187102 0.00037590874 0.013723138 0.000881559 0.031056708 0.64372444 0.38788405 0.00016783716 7.61928e-05 3.5845795e-07 0.00010944007 3.21268e-06 0.0015253829 0.11881679 0.00048050264 1.466049e-06 0.016656233 1.081273e-06 0.13925375 6.136593e-08 0.1344802 5.424826e-07 1.5691509e-08 2.5380058e-07 2.3409497e-05 3.8641694e-09 4.3210413e-09 0.08444232 1.0463051e-06 0.1841652 8.7044704e-05 3.800439e-09 3.4915255e-09 0.012796129 0.03984204 8.452011e-09 0.00029766237 0.019991724 1.1178124e-08 1.2341292e-07 5.3681564e-08 8.243333e-09 9.1507684e-07 0.00012214827 2.8678793e-09 2.4409774e-08 8.604455e-07 5.7265495e-08 7.8896335e-08 0.0010867373 9.885172e-09 3.363434e-07 3.4225195e-08 1.031096e-08 1.824539e-05 1.9834906e-06 3.546913e-10 3.5011686e-07 9.399832e-08 4.5690654e-10 7.322891e-07 1.1504154e-08 1.8853915e-07 0.085087284 7.8127975e-08 3.1089666e-08 5.1408687e-08 3.9643032e-07 7.407752e-08 3.295046e-09 1.16285115e-08 8.440239e-08 0.07015721 4.0942115e-08 2.9356568e-07 0.0031687114 1.4328316e-09 0.004468237 1.7389277e-07 0.031811368 1.3488699e-07 1.5555728e-06 0.095416844 4.303752e-09 6.453062e-05 1.3946904e-07 1.00616276e-07 0.0270227 0.043632396 1.2110289e-09 0.2681155 7.0769274e-05 5.0830957e-09
0.8178745 0.628808 0.97607476 0.24880184 1.879301e-18 0.8413999 0.81781113 0.4797978 0.2983446 0.35514146 0.20528983 0.21669877 0.15386418 0.17056146 0.3778007 0.08960628 0.015451824 0.00027635487 0.01074851 0.0005293555 0.022548243 0.08496437 0.010825093 0.00027045794 0.035113472 0.00010872944 0.012625618 1.9239644e-05 0.00775992 5.825026e-05 9.4607674e-07 4.938198e-05 0.0003692275 1.1337547e-06 8.320888e-07 0.004450295 0.00016076758 0.0049262904 0.0008600846 5.404048e-07 6.2822954e-07 0.014336288 0.009528785 4.707596e-07 0.0007328005 0.007314614 7.700232e-07 1.4647459e-05 2.316497e-06 6.727872e-07 8.90224e-06 0.00022260717 1.01334834e-07 1.0985207e-06 1.4818549e-05 1.4335706e-06 2.6982027e-06 0.0013960004 2.843524e-07 3.9391474e-05 1.3607379e-06 2.2606775e-07 0.00019984126 7.566828e-06 2.0505478e-08 1.0639188e-06 7.2460233e-07 1.988206e-08 3.4778554e-06 6.2482616e-07 1.22220345e-05 0.0048264763 8.0376304e-07 3.6210326e-06 1.0822728e-06 5.699846e-06 3.427651e-06 1.6645777e-07 1.1624748e-07 6.413905e-07 0.0046329135 1.4266456e-07 1.05465254e-07 0.0009765929 1.6535765e-07 0.002154254 6.245483e-06 0.0017819183 2.0133362e-07 2.0213076e-06 0.008792379 1.6664757e-07 6.7369954e-05 9.440939e-07 2.8986524e-06 0.0028408843 0.0076466366 9.256026e-08 0.032756325 4.5796514e-05 8.8920876e-07
0.9106274 0.25113812 0.71514356 0.054783102 0.8413999 3.348336e-19 0.8890028 0.8698504 0.8369388 0.8313736 0.16113043 0.7138548 0.057911154 0.06504228 0.22347137 0.5344404 0.21641825 0.0019282755 0.056403056 0.0030332748 0.015684023 0.070644066 0.012276759 0.0010952852 0.074276775 0.0011679053 0.0055650044 4.4448163e-05 0.0031103494 0.000314719 1.712766e-06 0.00011096469 0.0027476773 3.9050296e-06 4.968404e-06 0.0017632499 0.000308751 0.0022273832 0.0011112159 7.628099e-07 1.4637565e-06 0.019952172 0.008926218 1.3815509e-06 0.00087986107 0.007836105 2.0662364e-06 2.98709e-05 8.145451e-06 8.556446e-07 4.0328425e-05 0.00030611435 4.6800085e-07 1.0958096e-06 2.09901e-05 8.195799e-07 6.7348724e-06 0.0039262353 8.061197e-07 1.550767e-05 5.2061177e-06 9.6390735e-08 0.0004988944 2.5762016e-05 9.600575e-09 1.9593876e-06 5.1121725e-07 1.0222585e-08 7.180182e-06 2.705518e-06 1.2800547e-05 0.0042759804 4.6714317e-06 4.2809415e-06 5.4722855e-06 9.232603e-06 1.2636831e-06 1.59985e-07 1.18066616e-07 9.755864e-07 0.0032058323 3.3657378e-07 9.69239e-08 0.00037331253 1.8445974e-07 0.0020579938 1.8099647e-06 0.0022110236 1.4616424e-07 4.331491e-06 0.00865507 1.2144164e-07 6.704494e-05 1.6178237e-06 1.2740038e-06 0.0027217523 0.007855436 1.7389277e-07 0.022124313 0.00012602784 4.7156215e-07
0.9511072 0.5335298 0.52641064 0.40502626 0.81781113 0.8890028 1.7260505e-18 0.5989465 0.52827907 0.81866413 0.08562643 0.31915712 0.057689615 0.6774756 0.8272871 0.21709841 0.028698204 0.00045874895 0.00823519 0.0022578961 0.004275295 0.43027714 0.0038594743 0.00034077384 0.34901977 0.0016957694 0.034042742 1.1650195e-05 0.016063211 2.0749992e-05 2.3724503e-07 3.0392297e-05 0.007215627 9.966865e-07 2.22094e-06 0.008595496 2.8647306e-05 0.010398751 0.00011819612 4.8025055e-07 3.5959502e-07 0.038873732 0.04661028 6.288913e-07 0.0018689443 0.028315652 5.528104e-07 1.0110762e-05 1.8560701e-06 6.8681277e-07 2.0468797e-05 0.00064571254 5.848033e-08 6.3300587e-07 1.36465405e-05 6.8314864e-07 3.2785324e-06 0.003789819 4.4969445e-07 7.3236843e-06 1.7526123e-06 1.8548552e-07 0.0004922888 8.416363e-05 6.644988e-09 6.1805727e-06 6.889389e-07 4.060799e-09 2.5669694e-06 8.0624045e-07 1.4628418e-05 0.028634295 9.543044e-06 1.2281413e-05 1.3955167e-05 1.2247132e-05 5.743948e-06 1.5454417e-07 8.496512e-08 1.1928639e-06 0.020950131 5.141146e-07 2.236268e-06 0.0017710897 4.0092738e-07 0.005841006 3.427421e-05 0.003983362 5.7689044e-06 2.3872914e-05 0.014815859 1.2209753e-07 0.00090445526 4.424134e-06 8.824904e-06 0.008881627 0.00688808 8.90131e-07 0.061245736 0.0013199874 1.0925403e-06
0.86248046 0.060218055 0.48554328 0.010455821 0.4797978 0.8698504 0.5989465 2.4223548e-20 0.94028205 0.810278 0.23912519 0.8882225 0.047869526 0.0087797465 0.08222275 0.68222874 0.5288089 0.017114224 0.14675681 0.022959301 0.034512486 0.029754834 0.030313164 0.006868689 0.045105122 0.005110901 0.0011252511 0.00011938598 0.0015033596 0.0018584579 1.8756338e-05 0.0016926229 0.0045363684 1.0345469e-05 1.0454888e-05 0.0010302679 0.004496004 0.0008371831 0.0065350314 7.3461763e-07 4.4847493e-06 0.024730682 0.007150976 6.889271e-07 0.00046201135 0.0059567317 1.142703e-05 0.00025466311 1.43149755e-05 8.8698044e-07 8.243177e-05 0.0006175801 2.1174893e-07 1.6268776e-06 5.7881403e-05 1.2480309e-06 1.800315e-05 0.0070835585 1.3919456e-06 5.554188e-05 2.603851e-05 8.652994e-08 0.0010060071 3.6545785e-05 4.424288e-09 3.5415528e-06 7.851469e-07 3.2586087e-09 4.2596974e-05 8.918734e-06 7.978531e-06 0.0020758049 4.4673354e-05 3.3585573e-06 3.3131287e-06 1.5749252e-05 1.0122334e-06 1.0052228e-07 7.395131e-08 1.6042878e-06 0.0019140561 3.318522e-07 7.838679e-08 9.463972e-05 8.716952e-08 0.0016633249 3.1309435e-06 0.00059622136 4.8847824e-07 2.1270616e-06 0.005710429 3.72331e-08 0.00012225304 9.614437e-07 1.2219441e-06 0.001877121 0.0039593447 8.2321186e-08 0.007027523 0.00012667914 1.0322022e-07
0.8799712 0.03045897 0.35131222 0.0025187102 0.2983446 0.8369388 0.52827907 0.94028205 7.8756163e-20 0.83589303 0.14060812 0.876816 0.026329089 0.008341216 0.04987839 0.8078359 0.53733945 0.028107584 0.18155506 0.028711338 0.023152536 0.020129079 0.021788295 0.014025173 0.051036093 0.010673214 0.0006160882 0.00015153181 0.00084865047 0.0032299652 6.2120664e-05 0.004207612 0.013329652 2.5822968e-05 2.8385526e-05 0.00052436336 0.0064269938 0.00015726477 0.0038054737 3.0392628e-06 1.3180143e-05 0.025699966 0.0053510983 2.2034549e-06 0.0016082162 0.0036912858 5.9917562e-05 0.0004542977 4.237615e-05 1.5160005e-06 0.00011618104 0.0010574738 1.3754785e-06 1.982216e-06 4.5172023e-05 2.0646507e-06 3.857818e-05 0.009559281 2.514534e-06 0.000121485624 7.220369e-05 7.0057274e-07 0.0016183701 9.388558e-05 4.398635e-08 7.141693e-06 1.1882169e-06 2.278833e-08 0.00011765518 5.7746598e-05 3.9602488e-05 0.001964377 0.00019283537 1.1259303e-05 1.9932799e-05 0.0001192458 3.6729414e-06 4.461792e-07 3.317601e-07 4.035145e-06 0.0021068398 4.106019e-07 4.2832343e-07 0.0002276407 2.7468857e-07 0.0016554061 5.0618287e-06 0.00056660984 2.7032237e-07 3.3558035e-06 0.005606087 1.6601909e-07 5.852148e-05 3.4377176e-06 1.7601834e-06 0.0017097861 0.0027755213 4.949268e-07 0.004752172 0.00021313339 1.8273195e-07
0.97998476 0.0014883516 0.17361487 0.00037590874 0.35514146 0.8313736 0.81866413 0.810278 0.83589303 3.9543573e-20 0.029305635 0.76903266 0.00051161676 0.01255316 0.16080914 0.89329696 0.4935897 0.068930395 0.15164557 0.02187282 0.001405353 0.12092415 0.0017611432 0.007367348 0.25080657 0.024970915 0.00042514948 3.957908e-05 0.0002454173 0.0018436735 1.3290701e-05 0.0015859468 0.049029697 8.1470125e-06 1.4913935e-05 0.00032935248 0.00079867314 8.080387e-05 1.91752e-05 1.0335041e-06 2.6928149e-06 0.094784275 0.009046295 8.1416954e-07 0.0029521144 0.015244005 5.84923e-05 5.5720884e-05 5.3430154e-05 7.088769e-07 6.905927e-05 0.0022268575 5.269189e-08 8.78199e-07 5.0524362e-05 7.402226e-07 7.8937655e-06 0.02194469 7.555913e-07 4.2663727e-05 4.153233e-06 7.652016e-08 0.00374662 0.00028121163 5.019422e-09 2.1424496e-05 1.0874332e-06 1.4436097e-09 2.122036e-05 2.3106459e-06 1.9665154e-05 0.017574253 4.665853e-06 3.1305135e-06 1.4141962e-06 5.327989e-07 6.666796e-06 1.17353785e-07 2.7414686e-07 8.01244e-08 0.011014014 9.885691e-07 2.3891337e-07 0.0006107435 3.4594186e-07 0.0038272326 5.501982e-06 0.0013539944 2.1007523e-07 1.6691398e-05 0.022603136 3.1166957e-07 0.0010105782 2.0837454e-06 7.643843e-07 0.007972295 0.009377253 4.3723563e-07 0.020722685 0.001019998 2.990239e-07
0.6823257 0.09787217 0.33701476 0.013723138 0.20528983 0.16113043 0.08562643 0.23912519 0.14060812 0.029305635 5.788392e-17 0.36911407 0.9846729 0.00036315838 0.02030205 0.04470135 0.32015926 0.0007869371 0.13100109 0.06958499 0.7095231 0.0038976837 0.5021434 0.08950319 0.004131029 7.856106e-05 0.0024597943 0.00145838 0.0018624357 0.0026183524 6.8175505e-06 0.04032541 0.00026513348 1.9859179e-05 7.1951355e-05 0.00069873285 0.14975686 0.0020436293 0.15075898 2.7758679e-06 9.536529e-06 0.0033656082 0.00073717366 3.1595828e-06 0.0001577313 0.0010864849 7.0067435e-05 0.0083439415 0.00028810478 2.2998297e-06 0.0016045381 6.1442974e-05 5.9176307e-07 5.468894e-06 1.8933277e-06 1.115963e-05 0.00050699234 0.0010383831 1.0072246e-05 0.07279556 0.0006614546 4.299334e-07 5.186674e-05 2.2904394e-06 3.853534e-07 1.0461016e-06 3.1454645e-06 6.0113614e-08 0.012356632 7.555186e-05 7.329005e-05 0.0016750058 0.0008689766 1.8087145e-05 0.00015270879 0.0039044342 1.0054443e-05 1.5966309e-07 8.299054e-07 0.00075610424 0.0019375938 1.1162881e-06 9.485016e-05 3.5278183e-05 1.1541522e-07 0.0008123102 7.763254e-05 0.0022154993 0.00027618546 5.2309544e-05 0.013912147 1.6863213e-06 7.044828e-05 4.2240456e-05 1.3228018e-05 0.0006967343 0.010797388 3.306675e-07 0.04073302 8.510012e-05 9.987984e-06
0.88993037 0.006527825 0.30890125 0.000881559 0.21669877 0.7138548 0.31915712 0.8882225 0.876816 0.76903266 0.36911407 1.07465166e-19 0.0923854 0.00084844045 0.028558621 0.8556839 0.93100923 0.15634897 0.4812812 0.24437551 0.21682903 0.015328076 0.14300057 0.09620088 0.045149602 0.020409519 0.0005159873 0.004418908 0.00094032625 0.010508252 0.0004833468 0.041930325 0.023299607 0.00019387815 0.00033568408 0.0007336466 0.052455932 0.00016648928 0.06565851 2.0472506e-05 0.00011080565 0.035825934 0.0061478144 1.5230511e-05 0.00091587886 0.004884405 0.0007207346 0.008033287 0.00086433 1.2014546e-05 0.0020543777 0.0023084446 4.6073224e-06 9.232003e-06 0.00022901295 8.084066e-06 0.00048935506 0.014607383 1.0629244e-05 0.0018276554 0.001387521 1.5605787e-06 0.0026768749 0.0001314979 3.8108425e-08 1.9760206e-05 5.903075e-06 1.3219549e-08 0.0021682812 0.00044036264 2.9863835e-05 0.0015355735 0.0010296953 1.045399e-05 2.3051754e-05 0.0015008948 4.1753538e-06 7.342339e-07 3.5297194e-07 1.1416583e-05 0.0018074291 1.1397811e-06 1.7128068e-06 4.875897e-05 1.4380763e-07 0.0018146642 2.808158e-06 0.0004169797 2.3662785e-06 4.9111572e-06 0.00644732 1.05436506e-07 0.00010274896 5.585791e-06 1.6939824e-06 0.001748018 0.0022833473 1.8326669e-07 0.0039935675 0.00032251282 2.8897966e-07
0.7791024 0.23475914 0.36981854 0.031056708 0.15386418 0.057911154 0.057689615 0.047869526 0.026329089 0.00051161676 0.9846729 0.0923854 5.7426072e-15 0.000389039 0.041126307 0.0015125035 0.025329253 8.800641e-06 0.0028838627 0.0015222562 0.8088773 0.004593974 0.63392 0.0042360937 0.0013387757 5.289207e-06 0.01511505 3.6748457e-05 0.01060224 9.075687e-05 1.4127618e-06 0.002419527 2.2989841e-05 4.437654e-07 1.0001486e-06 0.0065878504 0.08134916 0.040319767 0.40972763 2.4154113e-07 3.990251e-07 0.0013966581 0.0011735688 4.967118e-07 3.19394e-05 0.00091206026 3.7423665e-06 0.0006058051 2.1476497e-05 1.1810328e-06 0.00022280852 3.6083707e-06 4.452402e-07 6.803871e-06 8.4947914e-07 1.5196952e-05 7.1115195e-05 9.463737e-05 9.868873e-06 0.064064816 0.00020868001 5.8190017e-07 3.2822126e-07 2.0811208e-07 2.6882745e-07 1.1048644e-06 7.4154777e-06 3.0739184e-08 0.004848914 3.5535088e-06 1.1356262e-05 0.009397629 4.8903665e-05 5.8082373e-06 7.169744e-05 0.00019338896 7.68083e-06 1.7453242e-07 7.417532e-07 3.272421e-05 0.008529947 1.3555218e-06 0.00010950898 0.00011322744 1.3701167e-07 0.00022977953 2.357451e-06 0.010259495 0.00041520078 1.7948443e-05 0.03200756 1.4507222e-06 3.2442276e-05 1.4175549e-05 1.3718575e-06 0.00088934705 0.035721656 3.058994e-07 0.2607552 6.670313e-06 4.638903e-06
0.57908857 0.4532074 0.05387342 0.64372444 0.17056146 0.06504228 0.6774756 0.0087797465 0.008341216 0.01255316 0.00036315838 0.00084844045 0.000389039 1.321632e-27 0.9483486 1.1937156e-07 1.4978105e-05 3.193224e-05 7.4671975e-06 9.237767e-07 4.1711047e-07 0.8767906 2.1900917e-07 5.4068344e-08 0.06707123 0.00047826933 0.53692544 4.3051575e-08 0.49583426 2.4003336e-07 7.2862176e-06 7.1955326e-09 0.008027205 7.2100543e-09 7.1039574e-10 0.37274507 3.3801367e-08 0.20438407 6.136274e-09 2.25108e-09 4.317093e-10 0.09350579 0.24697779 2.8212328e-08 6.4877786e-05 0.08084949 3.0058558e-09 9.565516e-09 1.0848824e-09 1.3236168e-09 8.377647e-10 0.0014816757 8.759213e-09 2.2832911e-09 1.5277258e-06 2.4711349e-09 9.914605e-10 0.008370689 1.5936301e-08 2.2270437e-10 5.128555e-09 8.434425e-09 0.00024722374 2.2979253e-05 2.0159038e-10 1.4201414e-06 4.6389957e-08 4.2256704e-10 2.005834e-08 5.253371e-09 2.780874e-09 0.093945585 8.148289e-09 3.3178698e-09 1.5969835e-08 2.6853504e-09 9.463794e-10 1.4615433e-09 1.3977921e-08 3.9771605e-10 0.07460655 2.8697343e-07 1.8043124e-11 5.5806508e-05 1.4629888e-08 0.004087758 2.768288e-10 0.04792977 3.1664556e-11 9.983636e-07 0.040830024 1.2553865e-08 0.000346507 1.5577013e-10 8.6098795e-11 0.011317012 0.09516396 4.5219367e-10 0.34670788 0.00019727695 7.211416e-09
0.9474038 0.31875414 0.2181559 0.38788405 0.3778007 0.22347137 0.8272871 0.08222275 0.04987839 0.16080914 0.02030205 0.028558621 0.041126307 0.9483486 1.8675592e-18 0.027652144 0.0074674548 0.00022057212 0.0027164547 0.0008931648 0.00636209 0.9329918 0.005459359 0.00028766962 0.5423381 0.0019332804 0.06344734 7.1613003e-06 0.072412506 5.272077e-05 3.3794797e-06 1.4309638e-05 0.012138389 2.8818621e-07 2.8647878e-07 0.04369244 3.9528346e-05 0.016491624 7.8295605e-05 6.289804e-08 2.7092126e-08 0.16397399 0.24545395 1.1308082e-07 0.009803113 0.13318655 7.0780374e-08 3.0518709e-06 4.693207e-07 5.9056706e-08 1.4431905e-06 0.0014960455 5.047651e-08 5.3255583e-08 1.5282527e-05 2.3029173e-08 1.7275144e-07 0.010270689 5.2604324e-08 2.5270494e-06 4.0718052e-07 6.183352e-09 0.0013444457 0.0004107435 3.4039638e-09 1.0559168e-05 8.0173976e-07 1.4515815e-08 0.000113312024 1.0737164e-06 5.462165e-08 0.14548828 1.3085945e-05 4.0565123e-08 3.933597e-08 1.5051621e-05 3.9339945e-08 3.6218303e-08 1.531664e-07 5.0708803e-07 0.07725587 2.1463036e-06 2.3768528e-07 0.017592851 1.4379253e-07 0.024710925 7.696341e-07 0.015832456 2.5917414e-05 9.183444e-06 0.043224715 7.614056e-09 0.0017240953 1.3349813e-06 3.0966364e-06 0.035621878 0.03151756 1.8254282e-07 0.06777427 0.0020858222 4.0623368e-07
0.2682768 0.0002465988 0.01515655 0.00016783716 0.08960628 0.5344404 0.21709841 0.68222874 0.8078359 0.89329696 0.04470135 0.8556839 0.0015125035 1.1937156e-07 0.027652144 3.3972662e-26 0.7632989 0.7605844 0.8082605 0.113895796 2.5213933e-05 0.0040175915 4.8883867e-06 0.0049053608 0.061495066 0.39258528 3.4705827e-06 0.0055272 2.050144e-05 0.0066553145 0.022539118 8.586172e-06 0.11384264 0.0008682981 0.00013377776 5.2141448e-05 7.2679694e-07 2.138921e-06 3.196255e-07 8.685407e-05 9.868797e-06 0.016558254 0.001599642 0.00012337886 0.0005695921 0.00094118225 2.613459e-07 1.8087791e-06 3.267665e-07 1.2411933e-05 6.326703e-07 0.0030004517 1.3424891e-05 1.224413e-05 0.0005564269 1.5330435e-05 8.270697e-07 0.0064048166 2.5144847e-05 3.2199323e-09 5.119911e-07 2.8352285e-06 0.0015212287 0.000502129 4.997909e-07 4.7153153e-05 5.4466403e-07 1.8282644e-07 9.4457215e-07 1.7362068e-07 9.641358e-07 0.0002408186 1.0902453e-06 9.959549e-07 1.1576881e-06 1.5051068e-06 8.2649177e-07 4.251553e-08 1.513554e-07 1.4917491e-07 0.00033140264 2.2102338e-06 1.1487593e-09 4.8603073e-07 2.5758786e-06 0.00026110464 1.2384674e-08 0.00011542189 2.763468e-09 4.0017812e-06 0.0033133738 7.6613034e-08 0.0005657729 9.038644e-08 5.2123497e-09 0.0001738045 0.0018070819 3.6190677e-08 0.00098989 0.00065102923 1.3709944e-06
0.9149153 0.00033363863 0.016143015 7.61928e-05 0.015451824 0.21641825 0.028698204 0.5288089 0.53733945 0.4935897 0.32015926 0.93100923 0.025329253 1.4978105e-05 0.0074674548 0.7632989 1.0670785e-18 0.5347769 0.881164 0.8989056 0.3402966 0.00605583 0.30686435 0.6459562 0.0539614 0.118536346 0.00021776759 0.40166962 0.0005418157 0.23065226 0.083084695 0.33130637 0.06894648 0.020575223 0.046324577 0.0003929833 0.24710684 6.3730295e-05 0.15869099 0.0020009202 0.0055005085 0.05529379 0.0037470236 0.0012181557 0.0016237414 0.005168847 0.12684992 0.090282604 0.07235034 0.00057610153 0.0739372 0.01579613 0.00016302233 0.0003486109 0.004184742 0.00028667628 0.030369353 0.032257482 0.00031048484 0.005141016 0.049426857 8.8350636e-05 0.012420567 0.0024227733 1.6434981e-06 0.00040531103 0.00015285303 1.762277e-07 0.0066564283 0.008735136 0.00042213782 0.0013027887 0.0051733735 5.0970575e-05 0.0005848227 0.009672391 1.4615407e-05 7.2970447e-06 1.46899165e-05 0.000113161266 0.0023154083 5.0617586e-05 9.624736e-06 2.3987273e-05 1.819543e-07 0.0032086663 1.785063e-05 0.00022618864 2.4055346e-06 0.00017346436 0.0077270656 3.3364034e-07 0.0007710281 9.275236e-06 1.1070372e-06 0.0027189115 0.0026603858 1.8483905e-07 0.0045096185 0.0010230169 8.909022e-07
0.91914016 7.6654436e-07 2.2499793e-05 3.5845795e-07 0.00027635487 0.0019282755 0.00045874895 0.017114224 0.028107584 0.068930395 0.0007869371 0.15634897 8.800641e-06 3.193224e-05 0.00022057212 0.7605844 0.5347769 3.107792e-20 0.92968976 0.3525693 0.00034515167 0.0009309218 0.00087132 0.090884075 0.025110925 0.90674937 1.5161435e-06 0.16172194 8.871771e-06 0.34624204 0.5742322 0.013860274 0.2164338 0.044551026 0.0090772975 9.420195e-06 0.010503938 3.950168e-08 4.7154685e-05 0.005047103 0.0054989113 0.04401938 0.000830508 0.0023655081 0.008559981 0.0014680645 0.008461774 0.003212907 0.004346837 0.00069901603 0.002353897 0.0405905 0.0004972277 0.00037058129 0.041645173 0.00020122586 0.0009306972 0.0607392 0.00027433192 1.6341324e-05 0.0010565948 0.00020510526 0.038784433 0.017891869 6.2081934e-05 0.003253804 0.0012680207 7.92547e-06 2.9659166e-05 4.873773e-05 0.00017615237 0.001411642 7.707433e-05 3.432098e-05 1.3716948e-05 5.8755515e-05 1.6949512e-05 2.9636632e-05 8.4933825e-05 2.086002e-06 0.0032779558 0.0005906088 4.9213236e-07 0.000109395616 0.0001343157 0.0027938308 4.0329637e-06 4.9016726e-06 5.7435346e-07 0.0017363463 0.0061422884 4.9507882e-05 0.0050892034 1.0039827e-06 7.510781e-07 0.002229706 0.0006992221 5.8393953e-06 0.00070303545 0.0044865743 1.705956e-05
0.22361243 0.00013387132 0.003293137 0.00010944007 0.01074851 0.056403056 0.00823519 0.14675681 0.18155506 0.15164557 0.13100109 0.4812812 0.0028838627 7.4671975e-06 0.0027164547 0.8082605 0.881164 0.92968976 2.8679915e-22 0.8126325 0.0022431181 0.003857024 0.0020449492 0.29848522 0.018246783 0.6404537 4.2394963e-06 0.59348106 0.000111534864 0.84954274 0.5832728 0.027342003 0.109800674 0.23119396 0.12093427 0.00012358883 0.00062431814 3.104447e-07 5.5818346e-06 0.037040327 0.036170878 0.01816277 0.0006082107 0.017265784 0.0060459683 0.00065920205 0.0021972049 0.0006880939 0.0018390463 0.005095959 0.0016637017 0.015701286 0.0056178453 0.0026905895 0.021813614 0.0019518253 0.00091732375 0.016159479 0.0023429275 7.7313797e-07 0.00024221391 0.00062358036 0.0070557343 0.0072275973 0.0003028214 0.0020498366 0.00019977322 0.0001945555 1.5660772e-06 1.5178072e-06 0.00014248135 0.000119302436 3.4955954e-06 4.974883e-05 2.1887463e-06 3.2966433e-05 5.07275e-06 2.7684391e-06 4.716791e-05 5.9952885e-07 0.00032749888 9.2160066e-05 1.241465e-06 5.363661e-05 0.000115879615 0.00019246001 7.0261976e-08 9.579211e-05 5.1128795e-09 0.00024575385 0.0018639817 2.079719e-06 0.0013337116 3.9608658e-08 2.6877334e-09 0.0003440619 0.0012518592 2.0774404e-07 0.00029152894 0.0020109224 1.111626e-05
0.90435207 1.4095463e-05 0.00012234086 3.21268e-06 0.0005293555 0.0030332748 0.0022578961 0.022959301 0.028711338 0.02187282 0.06958499 0.24437551 0.0015222562 9.237767e-07 0.0008931648 0.113895796 0.8989056 0.3525693 0.8126325 3.7661314e-18 0.076868944 0.0010867517 0.08758994 0.9287629 0.013737469 0.11573542 9.24895e-06 0.8915303 0.00013070073 0.5430547 0.1766538 0.5866077 0.048499964 0.20001888 0.30907747 0.000114355054 0.24367815 2.0294667e-06 0.028735505 0.017446589 0.057660244 0.013582227 0.0007313522 0.0051774997 0.00067989645 0.00092397153 0.1892106 0.13385808 0.1074246 0.00198774 0.0893814 0.012013196 0.0018701417 0.00044980706 0.014233964 0.00032541918 0.02888785 0.024985047 0.0008126729 0.0059270784 0.063681655 0.0018424792 0.012634543 0.004837953 5.4112636e-05 0.0010853991 0.00033201158 1.0952479e-05 0.02053626 0.033727434 0.001856057 0.00029310232 0.022640182 0.00023826005 0.0048224777 0.015222382 6.626832e-05 4.3582437e-05 3.6795765e-05 0.0016216647 0.00088990404 8.024083e-05 0.00027792243 3.2448356e-06 3.6689921e-06 0.0010766962 5.440193e-05 5.6757166e-05 4.601903e-06 0.0005118937 0.0040874146 1.2069423e-06 0.00084665295 3.1175077e-05 1.90491e-06 0.0009544541 0.000971923 8.629042e-07 0.00089957647 0.0005185322 2.1705391e-06
0.69980586 0.014854468 0.18768321 0.0015253829 0.022548243 0.015684023 0.004275295 0.034512486 0.023152536 0.001405353 0.7095231 0.21682903 0.8088773 4.1711047e-07 0.00636209 2.5213933e-05 0.3402966 0.00034515167 0.0022431181 0.076868944 1.8165627e-16 0.00047337217 0.9794438 0.2354873 0.00085722964 8.2144e-05 0.0031072435 0.000800859 0.005030438 0.0002516962 1.6197697e-05 0.25801143 0.00011538382 2.5839448e-05 9.522148e-05 0.0022229077 0.5187076 0.0057023037 0.45638832 3.296227e-06 2.330925e-05 0.0013163436 0.0004901005 6.8753793e-06 3.5232974e-06 0.00032940743 0.00013519755 0.07743954 0.00027149988 3.766075e-06 0.0012253757 2.270792e-05 1.3799549e-06 8.413125e-06 1.107834e-05 8.4572885e-06 0.00040632323 0.00031433295 2.1841013e-05 0.29084057 0.0015137821 1.2251903e-06 7.1735494e-06 1.2946809e-06 1.5897157e-06 2.1474336e-06 1.4043856e-05 3.835839e-07 0.037585087 0.00030559604 6.670272e-05 0.006703583 0.0013894538 1.18800435e-05 9.246123e-05 0.0031672143 1.5278547e-05 7.5153416e-08 1.1754796e-06 0.00034863848 0.003579693 2.4743886e-06 0.0003295985 1.17943055e-05 4.243025e-07 0.0014579128 1.8647399e-05 0.0061212103 0.0006561597 6.2075356e-05 0.03898833 9.553793e-07 0.0012595521 5.088092e-05 2.5592915e-06 0.002155366 0.034584206 6.842429e-07 0.112191804 0.00022175474 1.2338397e-05
0.9666605 0.055794787 0.030226918 0.11881679 0.08496437 0.070644066 0.43027714 0.029754834 0.020129079 0.12092415 0.0038976837 0.015328076 0.004593974 0.8767906 0.9329918 0.0040175915 0.00605583 0.0009309218 0.003857024 0.0010867517 0.00047337217 7.417059e-18 0.0002543466 9.9810764e-05 0.9242503 0.0022017998 0.028902316 1.0843777e-05 0.06662392 9.191369e-05 6.609352e-06 1.084718e-05 0.033599615 7.173074e-07 2.8311152e-07 0.056092925 7.540714e-06 0.005465021 6.590187e-06 2.9680191e-07 8.3550596e-08 0.31592572 0.7501235 3.140122e-07 0.024393706 0.42556164 7.603133e-08 5.527152e-06 6.612918e-07 3.5213037e-07 2.671049e-06 0.0024707501 3.726985e-07 3.2552794e-07 4.4945697e-05 3.3985725e-07 6.150576e-07 0.02111081 1.7147116e-07 1.1520272e-06 2.1201192e-06 3.9344975e-08 0.0018993692 0.00040938746 1.1641737e-08 1.8956756e-05 9.650079e-07 1.7495262e-08 7.487182e-05 1.3667737e-06 1.5757813e-07 0.18113716 1.7915456e-05 1.4411242e-07 3.31594e-07 7.1339396e-06 1.4279442e-07 2.450606e-08 1.10602144e-07 5.118456e-07 0.07930452 3.0680965e-06 6.719757e-08 0.036661115 2.781331e-07 0.03122103 2.5874353e-06 0.008954969 1.7164311e-05 4.395218e-06 0.043556336 9.271588e-09 0.0009492875 7.4588565e-06 4.60035e-06 0.044047493 0.0356962 2.3365858e-06 0.03902307 0.001736236 1.9171262e-06
0.37816915 0.0049502994 0.06516869 0.00048050264 0.010825093 0.012276759 0.0038594743 0.030313164 0.021788295 0.0017611432 0.5021434 0.14300057 0.63392 2.1900917e-07 0.005459359 4.8883867e-06 0.30686435 0.00087132 0.0020449492 0.08758994 0.9794438 0.0002543466 3.580451e-17 0.25806996 0.00030986604 0.00017603497 0.0011751613 0.0029513815 0.0025718827 0.00022689078 3.2308555e-05 0.45652038 3.5603898e-05 0.0001368339 0.00046466186 0.0016999828 0.68083656 0.0057322187 0.85261 6.1043042e-06 9.379726e-05 0.000947334 0.0007246805 1.7544226e-05 7.1586675e-07 0.0003238208 0.00041283076 0.19043702 0.0012758386 4.4004655e-06 0.004303018 7.299217e-06 6.607153e-06 1.0043576e-05 5.349769e-06 8.619703e-06 0.0014797804 0.00061981485 3.126678e-05 0.5943262 0.0070297923 6.6864964e-06 4.0482522e-05 3.736568e-06 4.725841e-07 5.496098e-06 3.5832688e-06 1.4704113e-07 0.18584807 0.00081118115 9.4850475e-06 0.003715688 0.0038268147 1.7508883e-06 9.6609634e-05 0.0114541985 2.532683e-06 7.107922e-08 3.336976e-07 0.000563338 0.0028578064 2.4794647e-06 0.0026281266 1.3356672e-05 8.453111e-08 0.0010856666 7.6001543e-06 0.0011402466 0.005198495 5.7455785e-05 0.015331058 1.5502198e-07 0.0013566472 0.00015041183 1.921959e-06 0.0008515098 0.0053016455 1.2494819e-07 0.022161992 0.00029174561 1.2408602e-06
0.69466 7.330623e-06 9.24951e-05 1.466049e-06 0.00027045794 0.0010952852 0.00034077384 0.006868689 0.014025173 0.007367348 0.08950319 0.09620088 0.0042360937 5.4068344e-08 0.00028766962 0.0049053608 0.6459562 0.090884075 0.29848522 0.9287629 0.2354873 9.9810764e-05 0.25806996 4.280821e-20 0.0030773743 0.030453496 4.7119197e-06 0.8120256 4.7735335e-05 0.2323366 0.040370017 0.9454474 0.017990371 0.17439999 0.32665533 2.7612343e-05 0.38986063 1.6481173e-06 0.05091189 0.01362265 0.075309806 0.0016440499 0.00018286107 0.0039622984 2.1779591e-05 0.00011741543 0.39449415 0.24209966 0.2607934 0.0018400779 0.23542129 0.003110511 0.00037325057 0.00042173418 0.0035666588 0.00028675393 0.073583774 0.0057233074 0.00042602373 0.026419405 0.06694267 0.0020855276 0.0018240988 0.00064820074 1.4565372e-05 7.834528e-05 3.115721e-05 1.418344e-06 0.05270778 0.027159126 0.0023970364 7.318793e-05 0.018087009 8.494459e-05 0.003567652 0.02496048 4.6081943e-05 7.6139013e-06 9.600845e-06 0.0028224925 0.00017843202 5.0558747e-06 0.0017533012 2.0955968e-06 1.1583077e-06 0.00024337489 0.00028773682 6.315991e-05 6.0580278e-05 9.693079e-05 0.0024216138 1.9057576e-07 0.00070534996 0.00020848088 3.5081513e-05 0.00025174615 0.0009843481 2.2896697e-07 0.0006449506 0.00023271902 1.4082326e-06
0.9786351 0.0063744374 0.0152977295 0.016656233 0.035113472 0.074276775 0.34901977 0.045105122 0.051036093 0.25080657 0.004131029 0.045149602 0.0013387757 0.06707123 0.5423381 0.061495066 0.0539614 0.025110925 0.018246783 0.013737469 0.00085722964 0.9242503 0.00030986604 0.0030773743 4.2264535e-17 0.076377906 0.0053365785 0.0018553871 0.018779866 0.0008969688 0.0011452024 0.0001444952 0.46140632 0.0001894901 2.3694476e-05 0.030127298 9.6160984e-05 0.0026765405 8.498045e-06 8.1333375e-05 4.45125e-06 0.75262666 0.4848119 6.763422e-05 0.19707383 0.5066391 1.7332397e-06 1.9825648e-05 1.3840221e-06 1.005618e-05 3.7301056e-06 0.069811106 2.494151e-05 5.0549447e-06 0.002351879 3.1927289e-06 7.3610863e-07 0.20682436 1.061896e-05 3.5507563e-07 2.9126377e-06 1.309324e-06 0.036614817 0.0050297324 8.296893e-07 0.0008635283 7.673058e-05 1.117546e-06 0.000739285 3.8240983e-06 1.5821752e-07 0.17145675 1.8926356e-05 7.620657e-08 7.2653074e-07 2.3506027e-05 7.672373e-08 2.4651579e-06 5.71994e-06 6.925891e-07 0.11457717 5.070692e-05 1.0219954e-06 0.041900635 9.941883e-08 0.14333099 1.4652426e-06 0.006302369 2.903922e-05 0.00014864997 0.05277498 2.368031e-07 0.0067717894 6.2325657e-06 4.358632e-06 0.05834347 0.024959555 7.14657e-08 0.031630177 0.010822739 5.1798673e-07
0.9567346 7.3723896e-07 1.5818796e-05 1.081273e-06 0.00010872944 0.0011679053 0.0016957694 0.005110901 0.010673214 0.024970915 7.856106e-05 0.020409519 5.289207e-06 0.00047826933 0.0019332804 0.39258528 0.118536346 0.90674937 0.6404537 0.11573542 8.2144e-05 0.0022017998 0.00017603497 0.030453496 0.076377906 1.5286004e-19 2.1103256e-06 0.09359486 3.1449294e-05 0.31750482 0.9365234 0.0070373784 0.86740285 0.041757427 0.011298469 2.2416349e-05 0.0021325245 3.8689578e-08 8.426326e-06 0.017194869 0.009767633 0.09515517 0.0011604605 0.021244891 0.14805117 0.006106672 0.005593174 0.0006421477 0.00084936054 0.0036209223 0.0004176654 0.25293857 0.010871255 0.0018463992 0.411789 0.0012843425 0.00021330707 0.20645352 0.0016272998 6.860603e-06 0.00014025312 0.0016731203 0.17680055 0.081521995 0.0007887832 0.026606074 0.012694636 0.00018554949 0.00010558759 4.4824043e-05 0.00011041557 0.0046063694 0.00012089676 3.2835967e-05 2.1488255e-05 0.00014301474 1.5730053e-05 0.0016480295 0.0019819438 6.426901e-06 0.013458068 0.0027370432 4.9225755e-06 0.0026993856 0.00014476487 0.03832591 1.4693284e-06 8.375839e-05 1.501333e-05 0.018103048 0.017703934 0.00021904417 0.03975436 8.133256e-06 8.3508655e-07 0.013477739 0.003424291 6.6352018e-06 0.0032989867 0.03819428 6.5055036e-05
0.5179519 0.102026746 0.008978696 0.13925375 0.012625618 0.0055650044 0.034042742 0.0011252511 0.0006160882 0.00042514948 0.0024597943 0.0005159873 0.01511505 0.53692544 0.06344734 3.4705827e-06 0.00021776759 1.5161435e-06 4.2394963e-06 9.24895e-06 0.0031072435 0.028902316 0.0011751613 4.7119197e-06 0.0053365785 2.1103256e-06 5.7680383e-20 2.1960943e-07 0.9253737 1.996174e-08 1.4294675e-07 5.3149997e-06 5.8515117e-05 5.040926e-08 6.037883e-08 0.755573 8.175562e-06 0.9330445 0.0007790384 3.2561875e-08 1.383733e-08 0.013385371 0.05690093 6.922467e-08 0.00040725272 0.010084583 4.0867924e-08 4.9589624e-07 4.1516646e-08 7.936038e-09 1.5118631e-07 7.508598e-05 1.105072e-08 2.6549714e-09 3.1408138e-07 2.1480078e-09 5.6475177e-08 0.0005219158 1.9234174e-09 2.5997866e-05 1.0415866e-07 1.587054e-08 6.8373765e-06 8.1694543e-07 8.307819e-11 2.9236748e-08 1.5294955e-08 2.928068e-11 0.0017252178 2.2478451e-07 1.9326892e-08 0.043857403 8.817233e-06 2.4106888e-09 2.7377376e-07 5.195432e-05 6.562814e-09 9.36139e-10 6.134785e-10 4.4992594e-06 0.034373295 3.8787977e-09 7.6580456e-08 0.03330313 7.949452e-11 0.0030256445 2.7091158e-07 0.024781512 1.3267981e-05 5.3099025e-10 0.016298067 5.811051e-12 5.6413093e-05 3.457067e-07 2.880925e-07 0.024826137 0.028781604 1.3555373e-10 0.083906345 3.91059e-06 8.191888e-10
0.9078101 7.104873e-08 3.3734239e-07 6.136593e-08 1.9239644e-05 4.4448163e-05 1.1650195e-05 0.00011938598 0.00015153181 3.957908e-05 0.00145838 0.004418908 3.6748457e-05 4.3051575e-08 7.1613003e-06 0.0055272 0.40166962 0.16172194 0.59348106 0.8915303 0.000800859 1.0843777e-05 0.0029513815 0.8120256 0.0018553871 0.09359486 2.1960943e-07 8.035888e-19 6.563593e-06 0.9317441 0.41819322 0.573463 0.02161347 0.7548158 0.8273961 5.9723393e-06 0.17460294 4.8459892e-08 0.00044877318 0.2449205 0.506108 0.0015248549 7.025753e-05 0.026129894 0.00032230557 3.6855574e-05 0.5815419 0.1636005 0.2728937 0.02058381 0.18509944 0.008164639 0.0034211036 0.002105961 0.018966895 0.0007016974 0.09465397 0.009327813 0.0006829775 0.0012127309 0.092657916 0.052988153 0.008317124 0.005324099 6.9351314e-05 0.0015402536 0.0006137449 9.527838e-06 0.0047062477 0.06756696 0.0030115375 7.777118e-05 0.041182563 0.0005671959 0.017378032 0.027773961 0.00016428823 2.3630817e-05 3.3111974e-05 0.0014618272 0.00032598697 0.00012088316 0.0011131669 4.9466043e-06 1.1732726e-05 0.0010182936 0.00014501926 7.1804357e-06 7.885579e-06 0.00042987338 0.002778168 7.771431e-07 0.0008710558 4.8480262e-05 5.5122237e-06 0.000595907 0.0006840084 1.0185271e-05 0.00049802003 0.0007882079 7.3579527e-06
0.775015 0.051465314 0.0048319153 0.1344802 0.00775992 0.0031103494 0.016063211 0.0015033596 0.00084865047 0.0002454173 0.0018624357 0.00094032625 0.01060224 0.49583426 0.072412506 2.050144e-05 0.0005418157 8.871771e-06 0.000111534864 0.00013070073 0.005030438 0.06662392 0.0025718827 4.7735335e-05 0.018779866 3.1449294e-05 0.9253737 6.563593e-06 9.321167e-16 8.6942663e-07 5.776901e-07 1.9585199e-05 0.0006630243 2.786913e-06 2.46383e-06 0.95886374 0.00010964536 0.83820295 0.0028552364 1.5973583e-06 4.4102686e-07 0.022666097 0.15646829 1.4707219e-06 0.00090670196 0.038177274 2.4621255e-07 5.8571397e-05 1.5497386e-06 1.3718798e-06 1.869284e-05 0.0002797933 1.13213346e-07 1.3035233e-06 1.6185967e-06 9.178597e-07 2.1313074e-06 0.0018214531 5.333734e-07 8.498722e-05 2.199402e-05 1.5524581e-07 0.00013834126 1.9677967e-05 6.1283205e-09 9.861576e-07 3.4883237e-07 1.5388263e-09 0.0037027516 5.949997e-06 6.203343e-06 0.21596748 0.00021257153 3.4292827e-06 6.4954456e-06 0.00011683215 9.795295e-06 1.580713e-08 1.8015125e-08 6.831523e-06 0.08558868 1.1380656e-07 1.0524393e-05 0.029353598 2.7248282e-07 0.021149084 3.3564935e-05 0.030829158 0.0011220074 2.566925e-08 0.039584886 3.2290222e-09 0.00015012278 5.9279508e-05 3.8317594e-05 0.038164876 0.037789837 1.1468247e-06 0.07956129 0.00010993098 2.7733488e-08
0.12955217 6.2967295e-08 1.3290238e-06 5.424826e-07 5.825026e-05 0.000314719 2.0749992e-05 0.0018584579 0.0032299652 0.0018436735 0.0026183524 0.010508252 9.075687e-05 2.4003336e-07 5.272077e-05 0.0066553145 0.23065226 0.34624204 0.84954274 0.5430547 0.0002516962 9.191369e-05 0.00022689078 0.2323366 0.0008969688 0.31750482 1.996174e-08 0.9317441 8.6942663e-07 9.384431e-22 0.8968573 0.025393732 0.03277456 0.8999297 0.68588823 3.2218359e-06 0.00014288032 1.7171375e-08 6.429525e-06 0.49760523 0.4094775 0.0013724373 2.6275387e-05 0.20134921 0.0007521663 6.8885975e-06 0.012208831 0.00074633816 0.0049296934 0.12106031 0.002901399 0.0033355113 0.083025195 0.02683168 0.02682494 0.020181553 0.001829771 0.0038755944 0.016352098 3.968131e-07 0.00036799975 0.04848676 0.0023954094 0.0035938253 0.0005487635 0.0011413096 0.00022467836 0.00017321078 1.3903841e-06 7.789117e-06 0.00060973136 4.0803357e-06 5.7666716e-06 0.00028662788 1.1346313e-05 3.03626e-05 4.1354615e-05 3.82128e-06 3.1677188e-05 1.0798211e-06 3.5439803e-05 6.143536e-05 5.045952e-06 5.693093e-06 0.0002644136 4.9405196e-05 8.0220315e-07 1.556449e-05 6.9274697e-09 9.167409e-05 0.00088330725 2.1814587e-06 0.0006580435 1.6900476e-07 2.1524341e-08 6.586973e-05 0.00046083046 5.903173e-07 2.4019184e-05 0.0009840678 2.2574202e-05
0.9237212 5.6940785e-09 3.9140637e-08 1.5691509e-08 9.4607674e-07 1.712766e-06 2.3724503e-07 1.8756338e-05 6.2120664e-05 1.3290701e-05 6.8175505e-06 0.0004833468 1.4127618e-06 7.2862176e-06 3.3794797e-06 0.022539118 0.083084695 0.5742322 0.5832728 0.1766538 1.6197697e-05 6.609352e-06 3.2308555e-05 0.040370017 0.0011452024 0.9365234 1.4294675e-07 0.41819322 5.776901e-07 0.8968573 2.319049e-20 0.0071796556 0.13617986 0.6618812 0.10672646 1.7737696e-07 0.00072752475 1.5917064e-09 9.491889e-06 0.5314748 0.077368505 0.0036035636 3.061574e-05 0.4165986 0.014515064 1.7457554e-05 0.023186198 0.0019115462 0.0069670845 0.16183805 0.0031536813 0.06633447 0.2622508 0.067771845 0.19351733 0.034814738 0.001392133 0.040195107 0.046347525 4.304629e-06 0.0006026833 0.004438508 0.047209393 0.030188976 0.0012178473 0.007191713 0.003265148 6.2167834e-05 7.962539e-06 0.0001331617 0.00019778991 0.00012940122 7.051765e-05 0.00011671375 7.544911e-05 3.889602e-06 3.5928006e-05 0.00013863354 0.00043120983 4.5274155e-07 0.0006050588 0.0014764073 9.3870807e-07 0.00025080415 9.8201795e-05 0.0025107001 9.9122335e-06 1.7026167e-06 6.9060974e-07 0.0038073992 0.0040108883 6.4188374e-05 0.013695315 9.4802044e-07 3.2733885e-07 0.0011719045 0.00050218025 2.9571963e-06 0.00013136881 0.010245655 2.0332958e-05
