1.074065e-20 0.8163682 0.59718645 0.91904783 0.49118268 0.8328196 0.9381322 0.56686 0.96229464 0.9778816 0.9726233 0.2425332 0.9779909 0.9980011 0.99919105 0.7624982 0.7730407 0.21309482 0.9940825 0.61486036 0.00767871 0.7795811 0.9691232 0.9596671 0.44426164 0.99990445 0.8888898 0.6104872 0.5577542 0.88419735 0.8934726 0.01558597 0.17778464 0.9731452 0.8467626 0.9802742 0.5550282 0.0020510165 0.8578673 0.4488991 0.95547014 0.97337395 0.9957045 0.05175382 0.78458744 0.81449085 0.9226281 0.5442253 0.08654221 0.061468128 0.006018663 0.99998254 0.7769261 0.9829574 0.0008624374 0.2108583 0.07412914 0.9940807 0.9454735 0.93612367 0.9952387 0.89853245 0.9424598 0.033043496 0.9905524 0.965833 0.00209585 0.9315772 0.8969485 0.98808676 0.9874758 0.9956565 0.9599619 0.9719404 0.97583675 0.028460668 0.99389666 0.97556293 0.5548953 0.704895 0.8810705 0.012676453 0.9565064 0.95649433 0.6215039 0.97724694 0.9265186 0.7315893 0.9525511 0.862166 0.81802434 0.20379351 0.93429697 0.0016468416 0.9284068 0.43759227 0.9585062 0.7204336 0.0045080925 0.87204814 0.83258235
0.8163682 2.8207443e-11 0.7470658 0.9758231 0.4774455 0.28620622 0.115520716 0.98233235 0.28313753 0.010203794 0.06687695 0.50967014 0.082083195 0.0053054015 0.07910594 0.0004829922 0.0006088264 0.007409625 0.0014578351 0.003959907 0.21471857 0.0009225685 0.00071170664 0.00022435481 0.0038022378 0.014694121 0.00038416218 0.0004042057 0.00035372475 2.7152539e-05 3.1511856e-05 0.0004975591 0.001232274 0.00016547053 0.00021569985 4.892027e-05 6.791689e-06 0.10666349 1.8283203e-05 0.00017809303 6.7209585e-05 0.0001019939 0.0001291151 2.8650315e-05 0.0003889268 2.8629964e-05 0.000156007 2.011231e-05 0.0019725214 0.000365412 0.11363197 0.0028657524 9.4920375e-05 1.5974398e-05 3.8955022e-05 0.00024030812 0.00014099368 2.4163628e-05 0.00013042257 4.1345742e-05 0.0006199975 3.8392798e-05 6.994452e-05 0.025920596 7.147958e-05 4.421011e-05 3.309612e-05 5.9095246e-06 6.541974e-05 7.814414e-06 3.599615e-05 0.00012414913 2.223039e-05 4.6261757e-06 4.134594e-05 2.5625166e-05 0.00011694206 1.3996724e-05 0.00021557996 9.7359225e-06 6.4249284e-06 3.4779438e-05 6.734799e-05 2.9985466e-05 7.696705e-06 2.8971202e-05 2.5998757e-05 3.809375e-06 1.3917991e-05 1.5211975e-05 1.9012703e-05 7.447814e-05 1.3557683e-05 0.0049467296 5.7048743e-05 1.9781746e-06 5.506148e-05 7.325954e-06 7.900442e-05 7.86662e-06 1.0916904e-06
0.59718645 0.7470658 7.085567e-14 0.48279548 0.99931216 0.046882153 0.02157336 0.23460041 0.38589787 0.2552043 0.012140554 0.0014019428 0.09590032 0.07556517 0.065042965 0.0073412964 0.003567116 6.274189e-05 0.008231252 2.3179193e-05 0.00031114765 0.0013277486 0.004159974 0.0013989324 0.015771333 0.008645336 4.4118065e-06 0.0004560458 0.00047420853 0.00093016215 0.00020523029 0.0013703299 0.0006418287 6.3119955e-06 4.576345e-06 0.00019869438 3.5203702e-05 0.00045160655 3.3219114e-06 7.054728e-06 7.9133206e-05 5.400334e-05 0.00011825138 2.3839755e-06 4.6918312e-06 1.2821573e-05 6.2448664e-05 8.739602e-06 0.006902922 7.8334524e-05 0.0012877804 0.0015476586 1.2823756e-06 1.1501254e-05 1.908887e-06 5.7953264e-05 3.3031007e-05 2.9753224e-05 2.051578e-05 1.2470677e-05 0.00039198282 1.1263706e-05 3.9744715e-05 0.009025355 2.8213231e-05 0.00026414817 1.6435074e-06 1.6142064e-06 1.1710285e-06 1.872433e-05 0.000104191 7.76889e-05 6.1605997e-06 9.5034e-06 6.7898734e-05 6.1549445e-06 0.00020917752 1.9453498e-07 9.748228e-07 4.3095065e-07 4.864003e-07 1.1128241e-06 2.0298645e-05 2.3902223e-06 1.1588801e-06 0.0001395448 2.5657237e-06 3.123206e-07 4.983796e-07 1.0945834e-06 2.2716856e-06 4.838843e-07 4.313166e-05 0.00029938304 8.2293593e-07 7.619756e-08 5.958538e-06 6.40481e-07 2.2194747e-06 5.0061806e-07 2.1814888e-07
0.91904783 0.9758231 0.48279548 3.8493132e-11 0.18619542 0.9251175 0.88179517 0.2912562 0.7812482 0.3142808 0.09917146 0.16944917 0.28911716 0.12388972 0.18145987 0.0075794854 0.0107068205 0.0022954014 0.008341141 0.006321324 0.0010386301 0.004065586 0.0071967794 0.0020187178 0.029630503 0.023411747 0.014672353 0.0016626564 0.0011405805 0.0015909481 0.0005190601 0.00014369447 0.00031178925 0.003793254 0.0020477702 0.00045595682 3.146144e-05 0.0026524237 8.343344e-05 0.00021223788 0.0023155035 0.0004080433 0.0013129315 6.744436e-06 0.0093081 4.5715704e-05 0.00018840715 1.0614495e-05 0.00048357688 0.00070730277 0.01741288 0.0034783303 0.00044510144 0.00010145025 6.036401e-05 0.00020248385 0.0001521941 5.830411e-05 0.00031611446 0.00035510462 0.0006519407 2.054503e-05 0.000801723 0.0027667237 0.0001527465 0.00038950972 4.8206362e-05 2.6180328e-06 0.000516689 0.00014068917 0.00021781391 0.00013043241 8.7078995e-05 2.4861762e-05 0.00013523598 8.158539e-05 0.00010013531 5.0917515e-05 0.00010073884 0.00015447309 1.159441e-05 1.3382032e-05 4.706483e-05 1.2456711e-05 7.245042e-05 4.4019616e-05 4.104089e-05 5.145021e-05 4.6336195e-06 1.5535958e-05 5.506384e-05 5.4260687e-05 8.668274e-06 0.0034983207 1.8839573e-05 2.321462e-06 5.4434677e-05 6.2368877e-06 2.930924e-05 1.0246758e-05 2.913257e-06
0.49118268 0.4774455 0.99931216 0.18619542 1.2793093e-12 0.03199385 0.02282133 0.6402992 0.2854509 0.2838816 0.0069534434 0.0012980198 0.06654537 0.094007574 0.040019087 0.01254102 0.0076936013 1.8241823e-05 0.021994725 1.4436567e-05 0.0009836057 0.0020749527 0.011726911 0.0046575307 0.05315523 0.0050706295 5.8047267e-06 0.00056446303 0.0005342542 0.0033197785 0.000679203 0.006953075 0.003805599 6.562585e-06 9.117976e-06 0.00085276575 7.585672e-06 0.0017157136 3.4568762e-05 2.9537761e-05 0.00018253611 0.00034361857 0.00026037457 3.534083e-06 7.1118216e-06 5.7721598e-05 0.00017936868 1.2270524e-05 0.06264826 4.2836185e-05 0.0027156735 0.00083121285 5.046852e-06 0.00015475825 1.4939095e-06 3.4285193e-05 1.9993742e-05 0.0001867631 0.00012778245 3.2283795e-05 0.0006244512 6.2554645e-05 4.969141e-05 0.04265646 0.00019139513 0.00079634466 8.721692e-06 1.00764255e-05 4.042849e-06 9.569413e-05 0.00031929245 0.00018367414 6.0650164e-05 2.2598326e-05 0.00011171284 1.3121924e-05 0.00015576437 3.5416926e-07 3.5717746e-06 5.535241e-07 2.339354e-07 2.1364622e-06 1.5668667e-05 2.51671e-06 3.0359981e-06 0.0001466242 1.5762677e-06 1.752471e-07 6.9338154e-07 1.2082633e-06 6.651738e-06 1.7230743e-06 2.8088074e-05 0.00076861534 8.8838823e-07 2.8355668e-08 3.2888933e-05 1.166084e-06 7.4176414e-06 2.5590046e-07 3.842371e-07
0.8328196 0.28620622 0.046882153 0.9251175 0.03199385 5.5337044e-11 0.9862673 0.022928247 0.14230584 0.037400782 0.9479901 0.6827389 0.07021103 0.05290066 0.09310876 0.0008355846 0.001513959 0.05544091 0.0045496286 0.20036516 0.0015080615 0.0005001433 0.0030209133 0.0005389856 0.00032963904 0.05425394 0.33800685 0.00010175733 5.0004168e-05 0.00021201315 2.7527101e-05 2.9698993e-05 9.645332e-05 0.06596593 0.024485873 0.00026959396 1.2857841e-05 0.0011128257 2.1937542e-05 0.002796367 0.025688067 0.00032604698 0.0065130466 0.0006536583 0.055892717 3.5502574e-06 6.652446e-05 1.2199698e-05 4.8717327e-05 0.00012279874 0.018404149 0.0101824375 0.0047721276 0.000298153 0.00019806722 7.0192174e-05 2.9840718e-05 0.00014682948 0.00019232278 0.0037185913 0.0033180632 4.093525e-06 0.005282848 0.0002359408 0.0012453742 0.0003004975 5.1464438e-05 1.2282952e-06 0.00062124425 0.0006495727 0.0002195658 0.0006612181 0.00013465853 0.00018033192 0.00014241927 1.6972806e-05 0.00015938644 5.8820267e-05 6.8745634e-05 0.003475631 0.0005707334 4.276614e-05 0.00028064605 0.00013050769 5.8039464e-06 3.8024224e-05 0.0002604051 0.00044259956 7.872223e-05 0.0003796822 2.2988834e-05 1.7554962e-06 1.5686399e-05 0.0008364409 5.610973e-05 2.7852695e-07 3.5986589e-06 7.258763e-07 2.9888908e-05 0.00011412866 8.0750556e-07
0.9381322 0.115520716 0.02157336 0.88179517 0.02282133 0.9862673 5.550517e-13 0.006083795 0.8622538 0.05387653 0.8370767 0.03302457 0.5697795 0.40267372 0.5289564 0.0007262582 0.00096235285 0.00338824 0.028564423 0.013607951 0.00012324832 0.0007981633 0.009777209 0.0018557702 0.0006831149 0.24965787 0.014920104 0.00056412345 0.00040476923 0.00075440627 0.00019358052 1.3706579e-05 6.5034255e-05 0.006176054 0.0014872818 0.00067915645 1.6649936e-05 0.00029358742 2.5353207e-05 9.287615e-05 0.012944053 0.0004011724 0.009203488 2.9385856e-06 0.006567019 1.0837926e-05 0.0003052512 1.6285386e-06 5.193438e-06 2.823832e-05 0.0024814417 0.010023831 0.00073522225 0.0007945642 1.0828618e-05 2.7642114e-05 9.022299e-06 0.00043741518 0.00048650356 0.0023993317 0.0040745325 0.00012871517 0.0023018527 4.28234e-05 0.0028796946 0.0020152621 2.730636e-06 2.260283e-05 0.00030929918 0.0024379941 0.00063785387 0.00078379177 0.00038306668 0.0005555767 0.0002731889 1.2777836e-05 0.0003842168 7.159304e-05 3.7686998e-05 0.0005203269 4.6165213e-05 5.097378e-05 0.00039386237 0.00013284587 5.7707975e-06 0.0001559802 0.00017307604 0.00010078036 6.7990615e-05 0.00013647745 2.2136626e-05 1.0886675e-05 4.990931e-05 0.00042464604 7.5183714e-05 2.537789e-08 8.811794e-06 6.249117e-06 3.6332985e-06 1.6692178e-05 8.0959825e-07
0.56686 0.98233235 0.23460041 0.2912562 0.6402992 0.022928247 0.006083795 2.2352836e-13 0.013229849 0.010731836 0.00701369 0.04843133 0.0039352262 0.0027886624 0.0038450786 0.0003784327 0.0003510899 0.0015173419 0.0012676266 0.0008203522 0.7835452 0.00041416817 0.00034454605 0.00023360692 0.0028676405 0.0031179967 0.00034384098 2.595907e-05 2.165173e-05 2.2978224e-05 7.991089e-06 0.0006791347 0.00012804838 8.309715e-05 2.7482745e-05 1.4934104e-05 1.9355142e-05 0.7488774 4.7306298e-07 0.00014562282 9.608745e-05 2.3497085e-05 0.0005533788 0.0008346245 0.0004264917 8.209799e-06 3.5265097e-05 9.8577875e-05 0.27557176 8.271644e-05 0.102022514 0.0014075922 7.412073e-05 2.7456206e-05 9.934951e-05 0.00033588582 6.56431e-05 3.0729352e-05 3.376608e-05 0.0007677326 0.00018773707 2.9349854e-05 0.00093456573 0.8154215 3.9488143e-05 2.1788483e-05 0.0013900858 4.105277e-06 8.831753e-05 1.7704877e-05 2.4802464e-05 9.3129645e-05 6.224564e-06 1.1739912e-05 8.781664e-05 0.00045154238 4.4534598e-05 6.9785183e-06 0.0019696536 7.9599795e-06 3.1314928e-06 0.0001978703 3.5758356e-05 1.6870783e-05 3.131926e-06 9.107291e-05 3.2301406e-05 1.6969351e-06 1.0888066e-05 1.0314162e-05 1.9122851e-06 0.00014681226 0.00010591315 0.5258216 1.0454548e-05 4.558077e-06 5.0972172e-05 2.2936943e-06 0.0013638379 7.2135003e-07 2.297245e-06
0.96229464 0.28313753 0.38589787 0.7812482 0.2854509 0.14230584 0.8622538 0.013229849 1.3303968e-14 0.5323609 0.18557258 0.0016235284 0.9645355 0.7539722 0.77000314 0.0337933 0.041644856 0.0005415182 0.10090657 0.0017334921 3.6467176e-05 0.01606918 0.036605697 0.022871694 0.05534879 0.08990231 0.0019202542 0.0058044638 0.0039091287 0.009089993 0.0038980853 0.00031829643 0.0017039529 0.0042744 0.00075200177 0.01011973 0.0003127828 6.3472995e-05 0.0008640325 5.9554564e-05 0.009890284 0.005296837 0.012118592 1.7308552e-07 0.0040891906 0.00017097373 0.001763064 7.3488816e-05 4.4870747e-05 0.00024834785 0.0007836367 0.007868628 0.0005282747 0.0054959836 1.5945221e-05 0.00021288414 0.00012864116 0.002685679 0.0027279032 0.0019951705 0.0025971576 0.0005491957 0.0016743718 0.0006764944 0.001088539 0.006025701 1.7698885e-05 0.00019810557 0.00023576715 0.0015192996 0.0043314826 0.0006046176 0.0014151973 0.00073190406 0.00095757 6.017287e-06 0.0005142615 0.0004045624 2.8393513e-05 0.0003252377 0.00011386372 8.344414e-06 0.00038918224 0.00024229799 8.102093e-05 4.753264e-05 0.00035586298 0.00010652631 0.00013567468 0.00022618972 0.0011480761 7.064921e-06 4.6382862e-05 0.0008235072 0.00012830949 3.4902907e-05 0.00020493908 5.0686034e-05 4.916036e-06 6.5481356e-05 0.00010774994
0.9778816 0.010203794 0.2552043 0.3142808 0.2838816 0.037400782 0.05387653 0.010731836 0.5323609 1.2331412e-14 0.006039696 0.0013496215 0.10849799 0.90878123 0.10261714 0.81031275 0.86911386 8.162041e-05 0.29925656 6.1351755e-05 1.5985004e-05 0.69285375 0.093054645 0.12611598 0.74429387 0.010984192 5.8840324e-06 0.4358072 0.3681184 0.06412376 0.16148002 0.055717822 0.4329664 1.2469095e-05 1.9055278e-06 0.0087201465 0.021666126 2.2417096e-05 0.0038970872 4.252229e-07 4.757241e-05 0.0013533534 0.00017317181 5.5920664e-09 0.00024143832 0.00019731703 0.0005742738 0.0008381473 0.029046161 0.014936413 0.00031426823 0.0048755 1.3225584e-05 0.00018930677 6.669362e-07 0.0025986044 0.0038880608 0.0002587174 0.0002473249 1.6344598e-05 0.00087955943 5.3373213e-05 8.018074e-06 0.0023629162 0.000120318204 0.00012294698 3.7067684e-06 2.4076967e-06 1.6088698e-05 1.1232953e-05 6.0371498e-05 0.00011076582 7.832821e-06 5.443325e-06 5.970953e-05 0.0005212825 0.00033887668 2.5140737e-06 9.280714e-06 3.503562e-06 7.0280043e-07 3.842963e-06 1.1526465e-05 3.9270603e-06 1.9713507e-05 0.00018188899 4.5642846e-06 4.339793e-06 2.8792827e-05 1.8907854e-06 1.1884961e-05 1.8842215e-05 1.8339084e-05 0.00067554216 3.9010174e-06 2.9465386e-06 8.552876e-06 6.8271623e-07 5.040022e-06 3.6679722e-07 1.1495063e-06
0.9726233 0.06687695 0.012140554 0.09917146 0.0069534434 0.9479901 0.8370767 0.00701369 0.18557258 0.006039696 7.113326e-14 0.54419565 0.3595673 0.019064013 0.4540909 7.081397e-05 0.00011607781 0.21812662 0.0017233153 0.5298091 0.0009421041 0.000113876864 0.0005348409 9.5063144e-05 0.00012978952 0.9255279 0.58718246 5.028032e-05 2.8712402e-05 1.3622758e-05 4.1153826e-06 1.2067961e-06 7.216783e-05 0.2991408 0.060811505 2.0881367e-05 8.7524916e-07 0.0011055887 1.4879903e-06 0.0111127375 0.1449061 2.1615007e-05 0.072570354 0.0020689785 0.08631218 1.1159997e-06 1.3432615e-05 1.3357608e-06 0.00027939628 0.00011107438 0.03600422 0.044263184 0.017936159 2.0895333e-05 0.00087328913 9.767725e-05 6.4059706e-05 3.996802e-05 2.5442969e-05 0.025652206 0.017241068 3.544134e-06 0.023237854 0.0011544155 0.0054296902 0.00011926876 0.00042090326 2.8391318e-07 0.0019841641 0.0052336943 8.964206e-05 0.0013302722 6.7703163e-06 0.0012543042 3.30186e-05 8.463272e-05 0.0005093921 0.0011042253 0.0013611123 0.005873193 0.00054221816 0.00053742935 0.001112674 0.00061563955 3.9848987e-06 0.000290772 0.0017105389 0.00047129064 0.00024754863 0.0006332798 7.064403e-06 6.8985314e-06 0.00021124983 0.0017739448 0.00018444541 6.0521806e-08 1.9008539e-06 1.0870476e-06 0.00011419028 0.00012011494 2.556168e-07
0.2425332 0.50967014 0.0014019428 0.16944917 0.0012980198 0.6827389 0.03302457 0.04843133 0.0016235284 0.0013496215 0.54419565 8.3221955e-13 0.0077860467 0.005401007 0.009343586 8.942181e-06 1.972889e-05 0.98417306 0.002086028 0.47180706 0.0052364604 1.2188697e-05 0.00042452276 0.00013422313 1.7070292e-06 0.026880553 0.04511916 4.3284304e-06 2.844689e-06 5.6615794e-05 1.870846e-05 5.125893e-06 5.1049284e-07 0.0006884481 0.0012401919 6.4304855e-05 1.0737537e-05 0.00076670607 6.4270336e-07 0.014195695 0.001038918 8.7267304e-05 0.00032941936 0.051323824 6.711127e-05 1.0083751e-05 7.672111e-06 1.0896128e-05 0.00035619404 0.00018442044 0.626714 0.00037509922 2.0045043e-05 1.3727575e-05 0.7595249 0.0002337718 6.19462e-05 2.7606813e-05 1.5876694e-05 7.175859e-05 0.00053317205 1.0249016e-05 7.752467e-05 0.0003309658 8.3710234e-05 0.00012836335 0.0004325627 5.4544503e-06 8.4599546e-05 5.7500893e-05 7.5584365e-05 4.7566875e-05 8.755727e-06 8.474139e-06 0.00013226563 0.00021350772 1.8835979e-05 6.427444e-07 0.00016716178 3.1725542e-06 1.053457e-06 1.6606342e-05 4.9859067e-05 4.142371e-06 1.913901e-05 8.3130915e-05 3.8598037e-06 2.9605826e-06 3.881303e-07 6.4289857e-06 1.24914e-05 8.9812085e-05 9.662673e-06 0.0031969494 4.5099017e-07 1.7331455e-06 1.4515166e-06 4.4816687e-07 0.00011081411 1.5635937e-06 6.217969e-07
0.9779909 0.082083195 0.09590032 0.28911716 0.06654537 0.07021103 0.5697795 0.0039352262 0.9645355 0.10849799 0.3595673 0.0077860467 8.523338e-13 0.4326754 0.9854194 0.005794492 0.0072255326 0.0012257023 0.05918153 0.0074788863 3.637967e-05 0.003746463 0.020062523 0.009902215 0.0077939327 0.16597982 0.0093747275 0.0023087498 0.0018155713 0.0032273126 0.0016651349 0.00022595299 0.0006884481 0.020071248 0.002644107 0.00624623 0.00035345243 6.8245914e-05 0.0006516324 0.00028790234 0.017855767 0.0031232212 0.02577454 5.210079e-05 0.008195304 0.00015643143 0.0013339927 7.275716e-05 2.044484e-05 0.0002831573 0.0004580187 0.015523481 0.0009558405 0.005448171 0.00013372202 0.00013729415 0.00013322636 0.0038371442 0.0018529911 0.0039238185 0.0047694477 0.0004960673 0.0039722505 0.00018946643 0.0025972729 0.009648489 9.7927405e-05 0.00026880787 0.00017095057 0.0029657658 0.004717999 0.000896645 0.0019060441 0.0013190882 0.0016187272 3.9357532e-05 0.0008898952 0.0010925811 2.7468544e-05 0.000571333 0.00022170293 0.00010713495 0.0008421775 0.00044942205 0.00013294675 9.388379e-05 0.0006995826 7.280901e-05 0.00019492525 0.00028521515 0.0009953341 6.2315253e-06 0.00012990706 0.00030786011 0.00024076761 4.1245235e-05 0.00023440205 8.563434e-05 4.258373e-05 9.1465285e-05 9.0900314e-05
0.9980011 0.0053054015 0.07556517 0.12388972 0.094007574 0.05290066 0.40267372 0.0027886624 0.7539722 0.90878123 0.019064013 0.005401007 0.4326754 3.3615582e-18 0.41496044 0.14070879 0.22053163 5.2645857e-05 0.89403564 0.00057836546 1.3260176e-05 0.18208665 0.42255157 0.49458745 0.20176582 0.078609236 0.00018727445 0.11914961 0.105275966 0.2088303 0.12383701 0.0081132585 0.08343982 0.00039133566 2.3914936e-05 0.28587887 0.051737215 2.7974382e-05 0.07122837 2.323285e-06 0.0011788359 0.10344772 0.002450866 3.6898e-08 5.7052875e-05 0.005021355 0.032027844 0.0074221967 0.0008883964 0.016845824 0.00021835674 0.0077992342 7.731672e-06 0.092702016 1.6202524e-06 0.005980551 0.005969447 0.011951408 0.023488155 7.056993e-05 0.0012008449 0.007135566 3.6128178e-05 0.00035995428 0.00022547707 0.029549774 1.0966961e-06 0.0018204527 6.2207687e-07 0.00041203704 0.008527271 0.00024566014 0.004858811 0.00020562545 0.0013767517 0.00037803722 0.0024437997 5.7204066e-05 3.1173644e-07 1.1872256e-06 1.1646847e-06 7.2853106e-07 2.6820084e-05 1.9115789e-05 0.00063607254 0.00012281665 1.0505962e-05 1.3729557e-06 1.588051e-05 7.537044e-07 0.0010715034 9.735139e-05 5.2525345e-05 8.171068e-05 7.1203385e-06 0.00087029854 0.00020930324 0.0002085318 4.9636965e-06 1.5424143e-07 0.00021325356
0.99919105 0.07910594 0.065042965 0.18145987 0.040019087 0.09310876 0.5289564 0.0038450786 0.77000314 0.10261714 0.4540909 0.009343586 0.9854194 0.41496044 9.000545e-14 0.004131447 0.005042953 0.0041132346 0.08885977 0.020232452 5.2601394e-05 0.0031028697 0.032700036 0.014123161 0.004113841 0.39084795 0.041825786 0.001989294 0.0018365138 0.004219776 0.0013979216 0.000261659 0.00074494374 0.06250638 0.0053649787 0.00664389 0.00034904055 0.00015439105 0.00049492606 0.0006917525 0.05951282 0.0028487358 0.09670037 0.00023877117 0.0132740885 0.00023800026 0.0012834596 0.00015797636 2.5188336e-05 0.00030127278 0.000970673 0.036566332 0.0053344644 0.009645871 0.00021235674 0.00040102075 0.0002980825 0.010060679 0.0016271463 0.014017599 0.018070897 0.0007575959 0.008388849 0.00040471848 0.012329605 0.023785572 0.0006380844 0.00054401107 0.0004909809 0.01052342 0.011768756 0.0032568928 0.0023005998 0.0041429284 0.0036580865 0.000149495 0.002005206 0.0058792145 0.000109168424 0.004055413 0.0015223577 0.00051430415 0.002179206 0.0013873214 0.00028849932 0.00018558737 0.0022979234 0.00026715867 0.0006670978 0.00078841316 0.0013905327 2.0312818e-05 0.00036070825 0.00040907096 0.00072263455 7.530262e-05 0.0002470359 9.007362e-05 0.00041325283 0.000108054235 8.758045e-05
0.7624982 0.0004829922 0.0073412964 0.0075794854 0.01254102 0.0008355846 0.0007262582 0.0003784327 0.0337933 0.81031275 7.081397e-05 8.942181e-06 0.005794492 0.14070879 0.004131447 1.5173546e-13 0.97869194 3.7282384e-06 0.07887747 1.9221936e-06 6.68547e-06 0.9448658 0.03348925 0.12058162 0.633428 0.00024183076 2.80088e-08 0.41701564 0.39369094 0.05814402 0.08639726 0.095588855 0.39151013 1.5155312e-07 2.79242e-08 0.008864925 0.03979701 2.0847253e-06 0.0033784248 3.8866665e-07 4.9781573e-07 0.001200547 1.2990073e-06 2.725378e-08 2.3171601e-06 0.00037310165 0.0002458474 0.00082081236 0.00712902 0.015709642 1.2021136e-05 0.0006820994 1.4270483e-07 0.00016804633 1.0945542e-06 0.0028002593 0.007319429 0.00022375182 0.000115036506 3.0018197e-07 0.00011861721 6.6824075e-05 9.422391e-07 0.00017883543 2.4697558e-06 0.00026129917 1.1408534e-06 1.1789886e-05 6.1527646e-07 7.505862e-07 8.966087e-05 1.3872922e-05 2.7305878e-05 5.8980635e-07 3.3576714e-05 0.0026032948 5.630866e-05 2.3687754e-08 2.3353358e-08 3.3118962e-08 1.5692494e-08 1.2252698e-06 7.627102e-07 1.8320083e-07 2.9309138e-06 7.025217e-05 6.5573084e-07 2.115046e-08 1.6836339e-07 1.3467374e-07 1.3022502e-05 1.6771162e-05 2.9860944e-06 1.1000244e-05 1.0111262e-07 5.105751e-07 6.262152e-06 3.3901787e-07 2.1192216e-06 3.5764064e-08 8.454744e-07
0.7730407 0.0006088264 0.003567116 0.0107068205 0.0076936013 0.001513959 0.00096235285 0.0003510899 0.041644856 0.86911386 0.00011607781 1.972889e-05 0.0072255326 0.22053163 0.005042953 0.97869194 1.0435355e-14 3.2088892e-06 0.12729563 4.842111e-07 3.6444137e-06 0.9381486 0.06742432 0.21308005 0.4472294 0.00044575264 1.2615746e-08 0.48684332 0.45840898 0.12465682 0.2091379 0.03641608 0.23054904 7.7491435e-08 1.577719e-08 0.017818734 0.055123862 2.2670888e-06 0.005445005 2.3371393e-07 4.992416e-07 0.0023526293 1.3772124e-06 9.750701e-09 2.9281703e-06 0.00052531884 0.0004798377 0.0012398225 0.006093591 0.010645898 4.874956e-06 0.0007817009 1.1818243e-07 0.00016002812 2.8236917e-07 0.0031194077 0.005126595 0.00022944163 0.00013889623 3.0755945e-07 0.00021010138 7.953966e-05 1.1143236e-06 0.00011626806 6.4284704e-06 0.00032184424 1.644431e-06 1.0256475e-05 8.0701506e-07 7.9042917e-07 0.000119367876 4.5146444e-05 1.5310112e-05 5.414066e-07 5.7478857e-05 0.003052091 9.215488e-05 5.524535e-09 6.231995e-08 5.3530236e-08 2.4368653e-08 3.6423307e-07 7.106102e-07 1.8996388e-07 3.564003e-06 0.00013275252 3.736698e-07 3.9418435e-08 2.8747496e-07 2.1077156e-07 1.7022701e-05 2.2514947e-05 1.2486326e-05 9.125257e-06 3.31774e-07 6.70786e-08 1.2389995e-05 3.1553625e-07 1.522863e-06 9.418048e-08 5.028622e-07
0.21309482 0.007409625 6.274189e-05 0.0022954014 1.8241823e-05 0.05544091 0.00338824 0.0015173419 0.0005415182 8.162041e-05 0.21812662 0.98417306 0.0012257023 5.2645857e-05 0.0041132346 3.7282384e-06 3.2088892e-06 4.337361e-11 3.454905e-05 0.99294734 0.0010590941 2.869547e-06 7.619741e-06 4.185288e-06 5.73966e-06 0.051630985 0.24987754 1.6028578e-06 1.1177475e-06 3.694959e-06 4.288812e-06 5.6034514e-06 9.462943e-07 0.01751023 0.040668536 2.9890773e-06 3.6217835e-07 3.523447e-05 7.7137486e-07 0.1718623 0.0046469225 4.0570894e-06 0.0005804284 0.1801563 0.002493239 3.5954072e-06 4.7856015e-06 2.2086851e-06 3.7195005e-05 1.6383066e-05 0.0045856745 0.0004218436 0.00032014956 9.528569e-07 0.33887178 1.4844887e-05 9.178349e-06 1.7779453e-06 2.380672e-06 0.00043505922 0.00015219674 7.5133785e-06 0.000541785 2.2991246e-05 6.256091e-05 4.6479195e-06 0.033733446 7.9661726e-07 0.0006921197 7.844704e-05 2.8986524e-06 4.9319096e-05 2.4522637e-06 9.9425015e-06 4.804634e-06 7.962144e-06 1.8573088e-05 2.007792e-06 0.00036656435 0.00014989445 2.8500537e-05 0.00023193289 0.00011310829 1.6417946e-05 1.4041773e-06 0.00012424258 6.253711e-05 0.00012617913 7.830143e-07 4.4124354e-05 6.7356746e-06 2.3859384e-06 1.8064477e-05 0.00010554642 6.109627e-06 1.9157763e-07 1.0420158e-05 3.3790877e-07 0.0010770115 3.6954614e-05 3.8513113e-07
0.9940825 0.0014578351 0.008231252 0.008341141 0.021994725 0.0045496286 0.028564423 0.0012676266 0.10090657 0.29925656 0.0017233153 0.002086028 0.05918153 0.89403564 0.08885977 0.07887747 0.12729563 3.454905e-05 1.1706671e-15 0.0001381086 5.5579153e-06 0.1694884 0.93965155 0.63816726 0.0737904 0.011459798 6.0637733e-05 0.1478024 0.13535568 0.24336834 0.16911322 0.004001869 0.08151778 6.106625e-05 2.8918987e-06 0.49146485 0.05961244 1.8201576e-05 0.10782145 5.5379127e-07 6.760655e-05 0.18376726 0.00043596595 3.718782e-08 3.547636e-05 0.015431538 0.040338174 0.02149347 0.00063304545 0.013901828 0.00011685399 0.005684202 3.7019001e-06 0.16426998 2.7030678e-06 0.010618521 0.010942568 0.02422443 0.04431313 9.197616e-06 0.00090352236 0.015835883 7.2495377e-06 0.00011850641 0.00019775466 0.009645126 4.734401e-06 0.006603989 5.1784156e-07 0.00013863143 0.0030825953 0.0004846942 0.011833718 0.00010956831 0.0007061216 0.0053795883 0.005176463 4.371718e-05 5.7556855e-07 7.666431e-07 1.2044828e-06 1.4661147e-06 2.2947741e-05 1.48226345e-05 0.002966255 0.0012050039 1.6846876e-05 4.7443555e-07 6.5426604e-05 6.7805615e-07 0.0020917046 0.00067287195 0.00023162455 1.9498579e-05 2.0286532e-05 0.0031017396 0.00026049724 0.00059640105 1.4963557e-05 3.9682442e-07 0.00030283467
0.61486036 0.003959907 2.3179193e-05 0.006321324 1.4436567e-05 0.20036516 0.013607951 0.0008203522 0.0017334921 6.1351755e-05 0.5298091 0.47180706 0.0074788863 0.00057836546 0.020232452 1.9221936e-06 4.842111e-07 0.99294734 0.0001381086 1.3164975e-15 0.00034925234 2.310148e-06 3.950989e-06 3.0345635e-07 9.526471e-07 0.34310824 0.805933 1.4182385e-06 1.8647319e-06 4.4711922e-07 1.829583e-07 6.8246795e-06 2.0360364e-06 0.13616483 0.24165286 2.6927108e-07 3.3657378e-07 9.297537e-06 5.8626185e-08 0.5115603 0.04814162 2.5936424e-07 0.0049473904 0.6323038 0.027242227 2.0201195e-07 1.8494238e-07 1.2112918e-06 5.0448427e-05 3.1288797e-05 0.004690818 0.0041047214 0.004012531 6.828585e-08 0.049008124 4.4182252e-05 1.2376297e-05 1.4936865e-07 1.2983787e-07 0.0013435549 0.0009204497 2.3514657e-07 0.0031955305 1.4612773e-05 0.00020948338 3.5072807e-07 0.0115400655 2.2202432e-08 0.0050753145 0.00013252965 7.803589e-07 9.072044e-05 1.0604721e-07 3.821767e-05 7.0672553e-07 3.7252088e-05 0.0001179565 9.563447e-07 0.0072009913 0.0003592096 6.525095e-05 0.0014588386 0.00031719403 3.0320816e-05 1.537853e-06 0.00036941224 0.00018421267 0.0005556064 6.905268e-07 0.00021357473 3.0998675e-07 7.749728e-06 3.7472077e-05 4.389406e-05 5.385637e-06 4.1764144e-07 1.6326986e-06 1.7241878e-07 0.0011171349 0.00017628915 2.107193e-07
0.00767871 0.21471857 0.00031114765 0.0010386301 0.0009836057 0.0015080615 0.00012324832 0.7835452 3.6467176e-05 1.5985004e-05 0.0009421041 0.0052364604 3.637967e-05 1.3260176e-05 5.2601394e-05 6.68547e-06 3.6444137e-06 0.0010590941 5.5579153e-06 0.00034925234 4.4356116e-16 4.208013e-06 1.6884389e-06 1.7246377e-06 5.2005203e-06 3.7462498e-05 0.00010671025 1.5439728e-07 2.0766146e-07 6.0537764e-07 3.644777e-07 1.2160884e-06 1.4774416e-06 1.1691076e-05 2.7720125e-05 1.3064454e-06 1.4816288e-07 0.9376342 4.207449e-07 1.3134569e-05 2.9706794e-06 1.4344047e-06 2.3029263e-06 3.8311708e-05 7.364977e-05 3.5103463e-07 4.111042e-07 1.867941e-06 5.1736247e-06 3.0358474e-06 0.9939864 3.266207e-05 2.0669055e-05 2.1964838e-07 3.3247957e-06 1.4419298e-05 2.811486e-06 8.061904e-07 5.134365e-07 5.829221e-07 7.193856e-06 3.3740355e-07 6.1046417e-06 0.00046818747 1.7922572e-06 7.0064283e-07 7.1731192e-06 1.9425262e-07 6.2784416e-06 4.9774786e-07 1.3447693e-06 6.0849725e-06 4.5886048e-07 2.2861569e-07 2.266477e-06 5.924636e-06 6.498903e-06 5.1246168e-08 1.4447682e-05 9.830079e-06 2.199342e-06 4.1056296e-06 6.9068483e-07 1.9058756e-07 7.433331e-07 0.00010330104 5.5141294e-07 5.344373e-06 7.71013e-07 1.0824833e-06 1.7119968e-06 1.7227457e-06 2.239669e-05 0.47358802 2.5383423e-07 2.9657086e-08 7.386253e-07 3.892453e-07 4.844372e-06 6.6803324e-08 2.3568384e-07
0.7795811 0.0009225685 0.0013277486 0.004065586 0.0020749527 0.0005001433 0.0007981633 0.00041416817 0.01606918 0.69285375 0.000113876864 1.2188697e-05 0.003746463 0.18208665 0.0031028697 0.9448658 0.9381486 2.869547e-06 0.1694884 2.310148e-06 4.208013e-06 4.4929633e-14 0.12979265 0.36518186 0.40736574 0.00016019685 1.9070967e-08 0.9254609 0.9225781 0.2028925 0.44605038 0.034515098 0.28562167 3.0349514e-07 2.439665e-08 0.05402968 0.3261817 1.3468691e-06 0.046360858 3.174656e-07 2.0759205e-06 0.012433888 2.832545e-06 6.054536e-08 5.9913823e-06 0.004971751 0.0024619005 0.022061128 0.005988286 0.09621056 1.1898231e-05 0.0006093402 2.5794319e-07 0.000477347 2.2441238e-06 0.028594568 0.03374707 0.00058794697 0.00041634392 1.6233473e-06 0.00014053282 0.00035572794 4.727971e-06 3.5989044e-05 1.1320148e-05 0.000930128 4.818e-06 4.4203574e-05 5.613938e-07 3.7825932e-06 0.00031857673 4.8073773e-05 0.00014854694 2.1488347e-06 0.00012443977 0.014003054 3.7045615e-05 1.6576065e-08 5.1344596e-08 3.6254658e-08 2.0524064e-08 4.913141e-07 4.015544e-06 2.8184806e-07 1.3657477e-05 0.00014961153 7.5845173e-07 3.9685567e-08 2.3746347e-07 3.6703028e-07 4.0859606e-05 0.00010317955 4.6694804e-06 2.535537e-06 4.4710067e-08 8.95262e-07 3.265301e-05 1.5281789e-06 3.372998e-06 7.258822e-08 3.3262925e-06
0.9691232 0.00071170664 0.004159974 0.0071967794 0.011726911 0.0030209133 0.009777209 0.00034454605 0.036605697 0.093054645 0.0005348409 0.00042452276 0.020062523 0.42255157 0.032700036 0.03348925 0.06742432 7.619741e-06 0.93965155 3.950989e-06 1.6884389e-06 0.12979265 1.9661887e-13 0.9377345 0.02923053 0.003642649 7.1818254e-06 0.15089096 0.14542569 0.6110115 0.31160557 0.0059411046 0.085412815 1.7533004e-05 7.281532e-07 0.69504714 0.1407386 3.690761e-06 0.19817379 4.4926455e-07 1.1830906e-05 0.30440274 8.392934e-05 1.33848e-07 5.2427185e-06 0.03784581 0.082981974 0.043285415 0.0007526051 0.04139667 6.622726e-05 0.006210017 1.2336332e-06 0.11551868 2.1908136e-06 0.023383848 0.025681596 0.018440578 0.065578036 2.5415286e-06 0.00075037807 0.018147118 4.3393916e-06 6.4921165e-05 0.00012069273 0.0021948654 5.246885e-06 0.008304918 1.3374216e-06 2.8866787e-05 0.0010128949 0.00033531518 0.010128163 4.4637323e-05 0.00040194383 0.016066574 0.0043098438 3.6724843e-05 2.6122766e-06 9.756473e-08 9.605652e-08 2.8188072e-06 8.719114e-06 7.6834085e-06 0.0013389239 0.0012635868 4.1618327e-06 1.7386657e-07 5.3669923e-05 4.281715e-07 0.0012417014 0.0020301607 0.00016219004 7.667553e-06 1.430302e-05 0.00317958 0.00030108038 0.00043173062 1.05828185e-05 5.3508523e-07 0.00039196596
0.9596671 0.00022435481 0.0013989324 0.0020187178 0.0046575307 0.0005389856 0.0018557702 0.00023360692 0.022871694 0.12611598 9.5063144e-05 0.00013422313 0.009902215 0.49458745 0.014123161 0.12058162 0.21308005 4.185288e-06 0.63816726 3.0345635e-07 1.7246377e-06 0.36518186 0.9377345 3.5346617e-14 0.059977774 0.00069031684 2.7420907e-07 0.3485506 0.29909694 0.9395222 0.6160081 0.0069621755 0.12980734 3.2176945e-07 9.328426e-08 0.51543343 0.24407417 1.9331078e-06 0.2706158 2.8707007e-07 8.548151e-07 0.13135824 4.485981e-06 2.568698e-08 2.3501957e-06 0.048646808 0.03064003 0.10685191 0.0009968211 0.06384518 2.8229193e-05 0.0023780821 8.844603e-08 0.010122929 1.3995556e-06 0.040036682 0.03622583 0.0028063976 0.014111341 1.9046657e-07 0.00028891754 0.010282107 4.114003e-07 7.3590854e-05 2.5888658e-05 0.00050284545 1.4722573e-06 0.002046019 1.4360302e-07 2.2979027e-06 0.00022971774 6.677712e-05 0.0009996572 3.8187995e-06 0.00019238185 0.019418899 0.001413948 7.0397673e-06 1.558443e-06 3.7490214e-08 1.1773553e-08 2.6995126e-06 1.4590513e-06 1.2416937e-06 0.00034830882 0.00033934368 4.6558495e-07 5.374334e-08 1.4256855e-05 5.5278903e-08 0.00021653868 0.0037785894 4.0202398e-05 2.417611e-06 3.4755114e-06 0.00080447714 0.00019911531 6.558323e-05 5.112249e-06 6.8658586e-08 6.427328e-05
0.44426164 0.0038022378 0.015771333 0.029630503 0.05315523 0.00032963904 0.0006831149 0.0028676405 0.05534879 0.74429387 0.00012978952 1.7070292e-06 0.0077939327 0.20176582 0.004113841 0.633428 0.4472294 5.73966e-06 0.0737904 9.526471e-07 5.2005203e-06 0.40736574 0.02923053 0.059977774 7.323916e-17 7.5290045e-05 1.4464348e-07 0.11111399 0.100517295 0.048163835 0.04921746 0.9927126 0.98106277 1.3216763e-06 2.7039894e-07 0.0031651387 9.717024e-05 5.029411e-06 0.000547997 3.1500452e-08 1.2784607e-06 0.00033139822 5.1290767e-06 4.8745974e-08 7.7121746e-07 0.0002094378 0.00016705343 0.0007407961 0.120454066 0.00082764856 2.9076145e-06 0.00054840697 3.5015458e-07 3.0770792e-05 1.1928952e-07 0.0007239666 0.00025589598 6.735403e-05 8.217667e-05 1.4660518e-06 0.0003037116 0.000113950955 3.265685e-06 0.0012077271 8.850615e-05 3.7242567e-05 2.8923316e-06 1.1859136e-05 2.775848e-07 1.6841797e-05 2.4877203e-05 0.0002439784 5.313332e-06 1.25240485e-05 3.2530388e-05 0.00017780454 0.0001666893 8.8901455e-09 1.6484701e-07 6.861329e-08 8.8096506e-08 3.346189e-07 2.4655095e-05 8.323186e-06 3.5362034e-06 0.00025030688 1.6600688e-05 5.9019545e-08 4.2903825e-06 3.5401342e-06 1.300994e-05 2.0845277e-05 0.00011449649 2.2567207e-05 7.94776e-06 1.3248989e-07 1.2752564e-05 2.3339378e-06 2.1027566e-07 1.2759618e-07 8.6045293e-07
0.99990445 0.014694121 0.008645336 0.023411747 0.0050706295 0.05425394 0.24965787 0.0031179967 0.08990231 0.010984192 0.9255279 0.026880553 0.16597982 0.078609236 0.39084795 0.00024183076 0.00044575264 0.051630985 0.011459798 0.34310824 3.7462498e-05 0.00016019685 0.003642649 0.00069031684 7.5290045e-05 9.013214e-16 0.6319216 9.142787e-05 4.9478567e-05 0.00010410448 5.311375e-05 6.08903e-06 1.6274898e-05 0.8454413 0.31944695 0.00025118497 9.258066e-06 1.642319e-05 7.3259334e-06 0.05693711 0.85417485 0.0001668547 0.85329676 0.0035646493 0.36423916 8.914686e-06 8.443955e-05 7.687748e-06 7.5813177e-06 2.694923e-05 0.0005996381 0.14374404 0.30325145 0.000541456 0.00010570316 5.2788135e-05 4.567918e-05 0.0005343033 0.00013522762 0.32551798 0.09559201 2.020908e-05 0.19344334 0.00026406153 0.0636078 0.00092676195 0.00029180068 8.940868e-06 0.10276608 0.13429718 0.00053233805 0.017579794 0.00012319321 0.0297379 0.0002975162 6.97944e-05 0.0038726884 0.07011391 0.07359945 0.087427 0.042509973 0.0016313423 0.03356818 0.01404199 1.4787978e-06 0.0013005363 0.034334604 0.026516568 0.0040755756 0.0267947 0.00010940647 2.7705148e-06 0.0016420255 6.6550725e-05 0.0036216632 0.00013069002 6.1872866e-05 3.7625282e-06 0.00079660525 0.0012155649 1.3534725e-05
0.8888898 0.00038416218 4.4118065e-06 0.014672353 5.8047267e-06 0.33800685 0.014920104 0.00034384098 0.0019202542 5.8840324e-06 0.58718246 0.04511916 0.0093747275 0.00018727445 0.041825786 2.80088e-08 1.2615746e-08 0.24987754 6.0637733e-05 0.805933 0.00010671025 1.9070967e-08 7.1818254e-06 2.7420907e-07 1.4464348e-07 0.6319216 2.5145822e-17 6.1666863e-09 5.0521556e-09 2.278281e-08 1.2896451e-09 2.3672749e-07 4.025123e-07 0.90904015 0.9651286 8.58796e-09 3.2950525e-09 6.2896543e-06 6.6409045e-10 0.8991455 0.20578028 4.214235e-09 0.027942758 0.55188346 0.22553523 6.8337636e-10 1.5145066e-09 1.5140793e-09 3.9396978e-06 5.662865e-07 0.0056799813 0.012286198 0.04248082 8.6879787e-10 0.01699434 1.5279407e-07 5.79479e-07 8.777693e-09 2.1620365e-09 0.01152408 0.0025534346 5.1533805e-10 0.024656637 0.00027598854 0.0007715195 1.12591216e-07 0.018387802 4.467931e-11 0.08136654 0.0005296748 1.4857591e-07 0.00022816494 3.1128338e-09 6.2184496e-05 1.7001544e-07 2.240515e-07 0.00014026061 2.817196e-05 0.37153774 0.009455804 0.00043323703 0.0148822535 0.0005369834 7.395573e-05 1.3417248e-09 0.00047010847 0.00021407923 0.009271996 1.0898362e-05 0.00042294615 3.4733606e-08 1.7932018e-07 7.435047e-05 5.5990017e-06 1.4538821e-05 2.860207e-07 3.2868563e-08 2.2070128e-10 0.009225566 0.00034183596 8.6517965e-10
0.6104872 0.0004042057 0.0004560458 0.0016626564 0.00056446303 0.00010175733 0.00056412345 2.595907e-05 0.0058044638 0.4358072 5.028032e-05 4.3284304e-06 0.0023087498 0.11914961 0.001989294 0.41701564 0.48684332 1.6028578e-06 0.1478024 1.4182385e-06 1.5439728e-07 0.9254609 0.15089096 0.3485506 0.11111399 9.142787e-05 6.1666863e-09 2.9714166e-15 0.988004 0.24169819 0.63192886 0.010590497 0.13601318 9.379917e-08 1.2853238e-08 0.10530159 0.61751926 8.606887e-08 0.16251223 1.5223902e-07 1.7858627e-06 0.033933803 2.0602251e-06 1.4622021e-08 4.9328246e-06 0.017143914 0.0072330236 0.15758425 0.001941543 0.18442309 1.3856346e-06 0.0005502806 2.5499958e-07 0.0011211854 5.579681e-07 0.07001811 0.0643147 0.0007243664 0.00086303835 7.9234167e-07 0.00011841524 0.00071996177 3.2697083e-06 2.5940076e-06 6.4946894e-06 0.00072290027 1.8069413e-06 3.3559332e-05 7.3422126e-07 3.195233e-06 0.00033212148 3.6378806e-05 8.533719e-05 2.5967895e-06 0.00012346903 0.018117005 2.9169481e-05 4.251211e-09 3.73474e-08 5.32694e-08 1.8246196e-08 1.2089912e-07 2.0798323e-06 2.699074e-07 1.7449931e-05 0.00011785552 4.1495488e-07 9.3909435e-08 3.7062506e-07 2.4085932e-07 5.724592e-05 0.00016006705 2.1608691e-06 1.0900295e-07 9.4582454e-08 2.1367279e-07 2.9561152e-05 2.4048443e-06 3.210712e-07 6.225176e-08 2.8812037e-06
0.5577542 0.00035372475 0.00047420853 0.0011405805 0.0005342542 5.0004168e-05 0.00040476923 2.165173e-05 0.0039091287 0.3681184 2.8712402e-05 2.844689e-06 0.0018155713 0.105275966 0.0018365138 0.39369094 0.45840898 1.1177475e-06 0.13535568 1.8647319e-06 2.0766146e-07 0.9225781 0.14542569 0.29909694 0.100517295 4.9478567e-05 5.0521556e-09 0.988004 9.049014e-15 0.22409037 0.5958186 0.012576784 0.14055203 6.055021e-08 6.696173e-09 0.09306885 0.6429643 1.4127625e-07 0.172612 1.9723132e-07 9.983447e-07 0.031577006 9.373788e-07 1.4173851e-08 3.644911e-06 0.019242136 0.0071625514 0.17583835 0.0014445297 0.25055167 1.0773565e-06 0.0005979658 2.3593051e-07 0.001256703 6.1475794e-07 0.0918036 0.09127862 0.0008178174 0.0010764091 3.6118323e-07 8.8904424e-05 0.0007276632 1.9608233e-06 2.3090356e-06 5.84786e-06 0.0007259902 1.2825896e-06 3.080573e-05 4.114058e-07 1.7529485e-06 0.0003273865 3.8815324e-05 0.00010619584 1.9739946e-06 0.00010313173 0.02539655 4.3466087e-05 6.2401506e-09 1.5155797e-08 3.8611436e-08 9.25957e-09 9.041714e-08 1.2898771e-06 1.3332338e-07 2.3475424e-05 0.00012693407 2.4652812e-07 5.663753e-08 2.7123758e-07 1.5301703e-07 6.84643e-05 0.0001776696 2.6433743e-06 7.135212e-08 5.8556566e-08 4.0086354e-07 2.9309183e-05 2.533386e-06 1.8910819e-07 2.9482921e-08 1.988665e-06
0.88419735 2.7152539e-05 0.00093016215 0.0015909481 0.0033197785 0.00021201315 0.00075440627 2.2978224e-05 0.009089993 0.06412376 1.3622758e-05 5.6615794e-05 0.0032273126 0.2088303 0.004219776 0.05814402 0.12465682 3.694959e-06 0.24336834 4.4711922e-07 6.0537764e-07 0.2028925 0.6110115 0.9395222 0.048163835 0.00010410448 2.278281e-08 0.24169819 0.22409037 2.6749038e-15 0.9229394 0.0038862778 0.05735474 2.8977265e-08 1.76192e-08 0.58722407 0.54722005 3.5835095e-07 0.644355 1.05169775e-07 2.1692301e-07 0.16665514 5.8618224e-07 9.950491e-09 4.7483272e-06 0.18576717 0.07032628 0.1314019 0.0003177814 0.08164579 4.395709e-06 0.0008891733 5.7932343e-08 0.005949936 3.7214872e-07 0.060247153 0.052800223 0.0014166691 0.013034724 2.7397627e-08 0.00014823166 0.007557677 1.9734478e-07 5.652101e-05 3.5079452e-06 0.00034124232 3.0183256e-07 0.0006944748 9.0644505e-07 3.0549592e-07 0.00011775667 1.6324393e-05 0.00032617574 6.797265e-07 0.00013718537 0.016010417 0.0008098417 1.0169233e-06 1.7780597e-07 6.614958e-08 1.09802505e-08 5.859441e-07 2.838398e-07 2.4323504e-07 0.00116107 0.00011679549 1.2140633e-07 1.0047067e-08 3.638961e-06 1.4368665e-08 0.00015573273 0.0057773013 2.216229e-05 1.087534e-06 1.8811896e-06 0.0002041868 0.000112402886 2.7291195e-05 1.121212e-06 8.731174e-09 4.4036704e-05
