2.2120735e-22 0.921587 0.8999019 0.86552846 0.8912989 0.9781324 0.985415 0.7267272 0.110180445 0.6366517 0.8210994 0.9802412 0.4275531 0.8360226 0.88174146 0.9725283 0.98396415 0.88106877 0.76797867 0.9442213 0.97609174 0.93193513 0.98504585 0.9660411 0.9677687 0.9842196 0.94344985 0.6003426 0.9210945 0.80467016 0.60152626 0.9785295 0.9408682 0.99184036 0.9353836 0.8459314 0.9702769 0.98727137 0.958618 0.5947039 0.05558749 0.9991711 0.9870574 0.9532537 0.9865854 0.10777675 0.9564965 0.83676994 0.9249203 0.4693652 0.1720279 0.974662 0.009481689 0.94038904 0.9944645 0.031771667 0.9234364 0.10452087 0.9856295 0.9917964 0.9136456 0.98266 0.06847348 0.9904851 0.15054928 0.9888079 0.893395 0.2780905 0.019092724 0.045458842 0.9816881 0.81417006 0.99972844 0.0010608379 0.89602494 0.3194074 0.038099065 0.93951374 0.084200814 0.9979464 0.98763764 0.004633967 0.115429305 0.43506613 0.044915758 0.51898164 0.0076183584 0.023206035 0.7824807 0.008806661 0.1566894 0.003080209 0.005705209 0.0019108917 0.9150345 0.005503652 0.0017385572 0.0023379368 0.9880937 0.010441825 0.00034529684
0.921587 7.582211e-18 0.88386196 0.9713975 0.79916304 0.65588707 0.42092898 0.20502397 0.17202774 0.015454043 0.011515692 0.10077503 0.0010438638 0.0041157324 0.87463456 0.029100671 0.049490947 0.0077348324 0.68429524 0.0027360972 0.0038021328 0.0019125062 0.030587947 0.0015668363 0.00999284 0.010558987 1.4817567e-06 0.60275716 0.11921855 0.19090894 0.26262766 0.003414539 0.0016376531 0.013693586 0.00034753323 0.013621875 7.9029516e-05 0.007052142 0.00032474237 0.23108824 0.36708865 0.002652597 0.0015235835 0.000877767 0.0013961663 0.014573688 0.00088203617 5.8697326e-05 1.2469583e-05 5.5516302e-05 0.005361051 0.0005586306 0.014874251 9.148871e-06 0.000103975995 0.093005724 7.733707e-06 0.06657597 0.0056249565 0.00056881824 5.964502e-08 0.00010710911 0.051499575 0.0037508851 1.6697647e-06 0.0073848395 9.115549e-08 1.3994642e-05 0.00029667275 0.015482771 0.0015161609 4.9007775e-07 0.010762595 5.3539763e-05 0.00026178407 2.9929978e-07 0.025297249 0.00023013852 1.1364777e-05 0.0001687393 0.00022976351 0.014488117 6.23148e-07 1.0839115e-07 1.8886784e-08 5.0486904e-08 0.0004818492 8.6528325e-07 1.0258305e-05 2.6342781e-05 1.3990464e-07 0.00022322453 0.010038425 0.0002939645 1.7305625e-06 0.004460507 2.6778896e-06 0.002072795 2.4574822e-06 1.0115004e-07 0.0006468126
0.8999019 0.88386196 2.5450587e-24 0.5611316 0.8118282 0.96799344 0.6395814 0.010512782 0.0020330884 0.0006941328 0.001829771 0.42193225 0.0001299047 0.0008991497 0.0144325895 0.12654497 0.1948582 0.0030115303 0.017555844 0.101150855 0.09214164 0.07153739 0.17414445 0.0504075 0.053022303 0.051682144 1.6295664e-07 0.0020871414 0.0017696827 0.0014110693 0.0031579926 0.018642947 0.007177235 0.100825265 0.0038913977 0.041167658 0.005239018 0.040988937 0.005500317 3.424516e-05 6.8961795e-05 0.04252638 0.015586415 0.0037632463 0.03233556 0.00013768804 0.002899492 0.00046408683 0.002039318 0.00018803628 2.548785e-05 0.0037450853 3.7143043e-05 0.00037943697 0.004691398 3.009434e-06 0.0011463722 2.4380566e-05 0.028454512 0.0074429405 6.8340582e-06 0.0006641701 4.4800963e-05 0.017021129 5.701833e-07 0.03427724 2.5183077e-05 7.0226037e-07 1.7547538e-07 6.1819874e-06 0.0054261363 2.5642965e-05 0.06569709 1.01473326e-07 0.0042373096 1.5685292e-07 2.9506931e-05 0.004023168 1.7111399e-06 0.0031199777 0.0064637577 2.4869055e-06 2.2608025e-07 2.2000258e-08 3.6507025e-08 1.7530377e-07 2.6711484e-06 1.8955073e-07 7.016499e-05 1.4818839e-06 3.2003976e-07 1.2036807e-05 5.7885154e-07 2.0365142e-06 0.00040302493 4.3393024e-07 2.8083093e-07 4.3670346e-07 0.0009288187 1.393729e-07 3.026464e-08
0.86552846 0.9713975 0.5611316 4.138525e-19 0.981757 0.091472864 0.73473924 0.11530708 0.022789551 0.013685746 0.012652503 0.0640515 0.0011479716 0.0028749504 0.06311687 0.16620596 0.16418123 0.023633676 0.019754201 0.00019226703 0.0004489545 0.00013827953 0.10028455 3.2076976e-05 0.063189924 0.034591403 8.385202e-06 0.039357945 0.0019321449 0.004296338 0.0073195407 0.024060562 0.003733396 0.07660651 1.252685e-06 0.00039580342 9.171478e-08 0.038413726 2.9090279e-05 0.014398063 0.008021195 0.007170582 0.009218465 0.0014187634 0.009546231 0.0003746234 0.0009709983 2.0485319e-05 2.7518922e-08 3.059791e-05 0.00019559918 0.0009820142 0.00021240878 1.0320886e-06 4.963439e-05 0.002633923 2.1649015e-08 0.0021796292 0.017431155 0.0013405357 7.586311e-09 0.0002846839 0.0013388951 0.011452095 2.3281178e-08 0.024325673 5.2400306e-09 2.5367498e-07 1.037053e-05 0.00034611282 0.001127758 5.572755e-08 0.030424204 1.8987732e-05 0.00078165915 9.588551e-09 0.003640437 0.0006146138 7.9458687e-07 0.00040319486 0.00096614246 0.008869218 2.6144235e-07 4.107554e-09 5.6667107e-09 9.744541e-10 1.5700887e-05 4.4958746e-08 3.1616719e-06 2.7737983e-06 1.0340698e-08 2.3646868e-05 0.019381253 2.0440591e-05 1.9634635e-06 0.022530211 4.4769317e-07 0.0027786358 4.5172546e-05 1.2639825e-09 0.0025747123
0.8912989 0.79916304 0.8118282 0.981757 4.4987378e-20 0.20269027 0.898706 0.13136381 0.013241455 0.0071543558 0.008204891 0.24225944 0.00044266586 0.0011074665 0.021667307 0.47108212 0.29356775 0.024841681 0.016841142 0.0012281584 0.0020465462 0.0012471987 0.12186484 0.00013111986 0.16634844 0.05603482 0.0007591034 0.022458488 0.002298844 0.006197968 0.00643783 0.046493266 0.007237933 0.12827854 3.4283163e-05 0.0013975915 4.108312e-06 0.09555489 0.0002040992 0.0032995292 0.007975284 0.03505658 0.02209511 0.0015237777 0.042731542 0.00047667488 0.0009916592 3.4604454e-05 1.6346929e-06 0.00010653556 0.00014832144 0.0028404684 5.1776005e-05 1.8320958e-05 0.0003332815 0.0026266736 8.739164e-07 0.001732104 0.038584873 0.005016906 8.3399186e-08 0.0006380476 0.0012878098 0.022156032 4.155507e-08 0.042178452 8.55388e-08 1.6797022e-06 2.4543249e-06 0.00014911825 0.0017112461 2.5506645e-07 0.041439105 3.3003976e-06 0.0014769699 2.6145095e-08 0.0021513314 0.0017111865 5.5474516e-06 0.00056480005 0.0016292278 0.009067772 2.3753981e-07 2.1279135e-08 1.1915421e-09 3.287571e-08 5.0328916e-05 5.9653917e-07 1.767586e-05 3.2955413e-06 3.967096e-08 4.126436e-05 0.05012614 5.1087463e-05 0.00026750003 0.03817926 7.629336e-07 0.007573341 0.00075569446 6.249215e-09 0.0071163615
0.9781324 0.65588707 0.96799344 0.091472864 0.20269027 1.9070033e-18 0.5315395 0.00029210947 4.3109696e-05 0.00014385709 0.000106615844 0.85346603 2.2733708e-05 2.9058503e-05 0.35204118 0.10455225 0.41260907 0.00046353615 0.36046556 0.2898483 0.21678987 0.1484364 0.4240451 0.14396918 0.026576256 0.22959274 0.00096167356 0.033267107 0.29790968 0.36284244 0.24073544 0.007470977 0.00053548656 0.2117361 0.026231917 0.16642503 0.0151544465 0.06668108 0.040580466 0.0011160375 0.0063163647 0.11245674 0.009154864 0.00046505846 0.04092425 0.037095733 0.0002848979 1.5623784e-05 0.006958936 2.2945093e-07 0.023570405 0.0012772677 0.010212429 0.0029763042 0.01841259 0.003129466 0.002636642 0.024904735 0.05909524 0.0015179883 0.00017249685 9.041839e-05 0.039988708 0.0154741 0.00024182662 0.097979985 0.0001723837 0.00039442748 0.0013403248 0.008246574 0.00214588 0.00014112268 0.07652684 4.5969024e-08 0.00090820005 5.9187885e-05 0.01441057 0.00070910034 0.0001789272 0.018412197 0.0014552118 0.0027330162 0.00016719081 5.7759507e-06 5.565391e-09 2.034512e-05 0.0004608966 3.2883727e-05 6.660711e-07 0.00013007056 2.7240837e-06 0.00072165555 0.009325065 7.51397e-05 0.007861027 0.0055592144 2.4812756e-05 0.0026524994 0.01023993 9.3448136e-07 0.0014989937
0.985415 0.42092898 0.6395814 0.73473924 0.898706 0.5315395 1.3324408e-18 0.17935704 0.016810236 0.02528194 0.051080793 0.6220807 0.00079571496 0.005571767 0.030811025 0.75624156 0.69740784 0.11296253 0.016159434 0.0039232946 0.01665687 0.0014616286 0.5435531 0.0009793694 0.42782584 0.37644178 0.0246699 0.010583066 0.0034982872 0.007128989 0.008405511 0.14931905 0.013800572 0.41417894 9.474601e-05 0.0007602702 9.509221e-06 0.289139 0.00022309045 0.00499205 0.0033834141 0.10487889 0.039408963 0.0012557261 0.07640501 0.00040896313 0.000825223 0.00032107477 4.968705e-07 1.75044e-05 8.7371394e-05 0.0024302038 4.5855428e-05 4.3874415e-06 0.00025425083 0.0010283837 9.1299e-07 0.0016209008 0.067107886 0.0047841435 5.2273884e-07 0.00012893889 0.002075125 0.036582723 3.017917e-07 0.066315114 1.2392738e-07 2.730982e-06 1.517315e-06 0.00078878057 0.002772138 1.0387871e-07 0.05798535 5.269169e-06 0.0008430462 5.1793613e-08 0.035094388 0.0016439026 4.976314e-06 0.00049171684 0.0012523547 0.013097927 1.367755e-05 1.1665499e-08 1.4163468e-09 6.57245e-08 0.00017396235 1.038745e-06 1.424723e-07 4.549407e-05 1.031029e-08 0.0001246317 0.06471962 0.00030189322 7.7038465e-05 0.048035305 2.975084e-05 0.02150763 0.0005136593 1.3984142e-07 0.0032991075
0.7267272 0.20502397 0.010512782 0.11530708 0.13136381 0.00029210947 0.17935704 8.113514e-18 0.93044 0.9376172 0.7866306 0.0012518085 0.48338932 0.62026733 0.00025055694 0.14949065 0.008883091 0.37424862 0.00013375482 4.757003e-06 1.1720694e-05 8.2594414e-07 0.0022800225 5.4492823e-08 0.11390077 0.0022298698 2.0853169e-07 0.01427849 2.416878e-06 1.8558384e-06 0.00016397049 0.09122752 0.12654775 0.012255457 8.601965e-08 2.573217e-06 2.355291e-08 0.01682322 1.7213596e-06 0.090519264 0.0020215025 0.0001388001 0.013446509 0.010231125 0.0020986411 6.180555e-06 0.0027995235 0.0010435096 4.7315e-09 6.6724606e-05 7.2346717e-07 0.0023187 2.2549918e-06 7.4347986e-07 1.1592599e-05 0.001290661 3.461917e-09 0.00014099112 0.0045904224 0.0028395043 2.4356235e-09 0.00092760863 0.00015625163 0.00870641 6.8378836e-10 0.011763925 3.8540113e-09 2.8563022e-08 3.7728893e-07 0.00016672142 0.0012045322 1.2407796e-08 0.025040196 1.318785e-05 0.0022876696 7.340556e-10 0.00016462794 0.0011890109 8.476955e-07 9.3203744e-05 0.00062184146 0.0062237307 1.1075314e-06 6.9893833e-09 5.800371e-10 1.6750414e-09 3.103787e-05 2.1594836e-07 0.00011255338 1.7282659e-05 1.9630748e-09 1.1937043e-05 8.754872e-05 2.2638189e-05 2.8553453e-05 0.0056724995 1.0843297e-06 5.876308e-07 2.9837503e-05 7.878906e-09 3.0680815e-06
0.110180445 0.17202774 0.0020330884 0.022789551 0.013241455 4.3109696e-05 0.016810236 0.93044 7.4433873e-19 0.44160846 0.3462374 5.0355466e-05 0.99633026 0.2643568 0.0004251862 0.015644414 0.0017335069 0.079868846 0.00024119255 9.406752e-07 4.9211224e-07 1.8902111e-07 0.0006739103 2.7408603e-08 0.014553825 0.0005766136 3.3745646e-08 0.018860383 2.0984926e-06 2.9767539e-06 8.754763e-05 0.0076766238 0.023447912 0.0011177029 5.734186e-09 1.2762168e-06 1.1833145e-08 0.0011232637 3.7828524e-08 0.09601578 0.002270838 4.290092e-06 0.0023725843 0.002867299 4.938419e-05 5.7347743e-06 0.00097170146 0.0029510478 7.4499873e-09 6.247434e-05 8.876464e-07 0.0009809626 9.027141e-07 1.9245036e-07 6.4172457e-07 0.0011757639 1.8340508e-08 7.9986334e-05 0.00040201363 0.0006993122 1.612999e-09 0.0003189887 5.856257e-05 0.0011996955 5.750163e-10 0.0017880738 6.294124e-08 2.6519919e-08 8.7617457e-07 6.8782647e-06 0.00025964208 1.5057118e-07 0.0026025826 0.0021233629 0.0004692214 1.1617603e-08 1.0128548e-05 0.00015564602 1.9709407e-07 2.5467221e-05 0.00013805131 0.002811431 1.5615517e-07 4.914589e-09 2.7800748e-08 9.900318e-10 9.723095e-07 1.1636282e-07 5.867242e-05 3.7547048e-07 2.892617e-09 1.7437062e-06 2.1700735e-06 6.68687e-07 3.8663995e-07 0.00017281744 8.336976e-08 3.0048471e-07 5.4042566e-08 2.0290087e-09 1.3855778e-06
0.6366517 0.015454043 0.0006941328 0.013685746 0.0071543558 0.00014385709 0.02528194 0.9376172 0.44160846 1.0491059e-17 0.95446706 0.00022888304 0.87590814 0.81888 2.0123229e-05 0.09512548 0.0032279007 0.4854947 1.4164051e-05 5.026747e-07 4.9284586e-07 7.070508e-08 0.001795955 4.9668735e-08 0.09366244 0.0015937126 3.7626162e-07 0.0016989601 3.4885366e-07 1.1104139e-07 1.8081764e-05 0.088142134 0.27221003 0.0048772767 4.3599266e-09 5.6433455e-06 2.1108335e-09 0.008761317 1.666533e-07 0.02345314 0.0005281649 5.87628e-05 0.0143976165 0.037434172 0.0007562114 1.1185931e-06 0.0107601825 0.017520636 9.167481e-10 0.0004366404 1.332719e-07 0.0037747396 2.0128841e-06 5.912681e-08 1.4955432e-06 0.00018400128 3.8266953e-10 1.4417456e-05 0.0031047391 0.002675752 2.1706186e-09 0.0016703302 3.1516665e-05 0.0058213393 1.4340921e-09 0.008740811 1.6097629e-09 1.5395398e-07 1.036015e-07 7.50655e-05 0.0015128505 5.277031e-09 0.016816514 0.00022722557 0.0025841203 1.8131562e-09 8.553587e-06 0.0015233555 3.6234556e-07 4.3683678e-05 0.0012662588 0.00059743767 9.3977934e-07 2.454445e-09 7.1886504e-08 3.670815e-10 8.0549235e-06 5.563823e-08 0.0010792483 2.6130205e-05 3.5286016e-09 4.5370257e-06 8.521698e-07 4.3600244e-06 3.2652272e-06 1.6273116e-05 9.559243e-07 2.895315e-06 2.677485e-05 1.2743042e-09 4.8074406e-07
0.8210994 0.011515692 0.001829771 0.012652503 0.008204891 0.000106615844 0.051080793 0.7866306 0.3462374 0.95446706 2.5104115e-18 0.00020430953 0.5296593 0.9449395 5.814339e-06 0.21088439 0.0033497335 0.74210495 3.3256963e-06 1.0730733e-06 3.0822318e-06 3.3252633e-07 0.0010612968 5.5358242e-08 0.22862862 0.00047179047 2.492219e-06 0.002407115 1.7041476e-07 8.272807e-08 1.1889248e-05 0.20709771 0.5258476 0.0072114724 2.8937496e-08 2.9587986e-06 5.771702e-09 0.022444136 6.435841e-07 0.059613537 0.00062903686 7.368904e-05 0.041227467 0.07147125 0.0019104445 2.2252702e-07 0.02028616 0.029617269 5.327313e-09 0.00071458996 1.4068883e-07 0.009008823 3.223017e-07 3.323255e-08 4.0398118e-06 0.0003355383 4.0867203e-09 9.112543e-06 0.0070188018 0.0071988525 5.557848e-09 0.0017039033 2.7277847e-05 0.013226392 6.688153e-10 0.013996691 1.1467693e-09 2.214106e-07 7.837752e-08 0.00019449019 0.0015884904 8.068981e-09 0.025901435 0.00021579736 0.0049316944 2.9854748e-09 6.0595645e-05 0.004084371 1.1718608e-06 5.04957e-05 0.0014494163 0.0022804823 1.2347914e-06 1.1539866e-08 3.221808e-08 3.082395e-09 1.3579863e-05 1.1875999e-07 0.0009845335 4.2860003e-05 1.1395028e-08 4.7346402e-06 5.7602927e-07 1.3562313e-05 6.2631675e-06 1.2971843e-05 2.3817736e-06 1.7472092e-07 0.00010355364 2.0203865e-08 3.8319143e-08
0.9802412 0.10077503 0.42193225 0.0640515 0.24225944 0.85346603 0.6220807 0.0012518085 5.0355466e-05 0.00022888304 0.00020430953 1.1268023e-17 1.4652153e-05 1.1889893e-05 0.018249549 0.10515518 0.5637646 0.00029521892 0.035969857 0.9129327 0.9035294 0.7380823 0.57115173 0.43406245 0.01611352 0.277483 0.14948018 0.0017105136 0.10537357 0.06864914 0.027108977 0.0013509588 6.8632246e-05 0.17840068 0.10616395 0.09376672 0.04671267 0.04431738 0.069675 8.7646e-06 0.0026759012 0.15904528 0.0018968848 2.4549325e-05 0.019132003 0.008161723 2.84215e-05 8.37062e-06 0.0029531638 5.7524863e-07 0.0067601237 0.00023963988 0.0008661891 0.0022077365 0.013739172 0.00019173893 0.0007323579 0.0026452052 0.038534954 0.0005998246 0.0015075956 1.1985695e-05 0.011906967 0.008155487 0.00066478923 0.04940185 5.315144e-05 0.00090074865 0.00013746918 0.010785513 0.0003664436 6.7530223e-06 0.06407655 3.2483574e-09 0.000110234905 3.50682e-05 0.056561187 0.00035599928 0.00096900715 0.0057711583 0.0004019391 0.00022662482 0.0002931236 1.9195902e-06 5.6052704e-11 1.0349051e-05 0.00035856088 7.270175e-05 6.796889e-09 0.00021790074 4.0112855e-07 0.003412083 0.096860625 0.00042468836 0.001669144 0.014193434 8.520097e-05 0.053996097 0.002527305 4.016907e-06 0.005532893
0.4275531 0.0010438638 0.0001299047 0.0011479716 0.00044266586 2.2733708e-05 0.00079571496 0.48338932 0.99633026 0.87590814 0.5296593 1.4652153e-05 2.3694786e-17 0.50436217 3.108435e-05 0.008275246 0.0009217686 0.2630129 1.6331074e-05 6.772254e-08 4.463628e-08 9.814252e-09 0.00044323655 5.864819e-09 0.022377692 0.00031880682 5.1017764e-08 0.00318084 9.750521e-08 1.12458785e-07 1.1774257e-05 0.019699154 0.071140185 0.0013502749 8.85761e-10 1.8929784e-07 5.397185e-10 0.0029320312 4.8357194e-09 0.091856085 0.00089342496 8.086866e-06 0.0030957467 0.0128599955 4.5970057e-05 3.0785568e-06 0.0033678184 0.029527681 1.2193771e-10 0.00017250558 3.1790916e-07 0.0012979059 5.7511204e-07 2.973644e-08 1.1482841e-07 0.0004606119 2.5324626e-10 2.44123e-05 0.0007078497 0.0010244531 4.9157395e-10 0.00075337244 6.26499e-06 0.0021745837 6.5099e-10 0.002404114 2.56806e-09 1.05751035e-08 9.487693e-07 2.044292e-06 0.0006298733 9.202577e-09 0.0028311436 0.007239369 0.0013891966 1.5986161e-09 1.1306871e-06 0.0011291661 4.131371e-08 2.1484406e-05 0.00036863657 0.0007783596 1.6097967e-07 1.0364368e-09 4.406279e-07 1.3635397e-10 7.954299e-07 3.2749416e-08 0.0020354416 6.38695e-07 3.8501158e-10 1.1609409e-06 1.4016533e-07 6.1708755e-07 3.921927e-07 1.021382e-05 1.494322e-07 6.1908696e-07 2.4090978e-06 1.1504323e-09 6.4304845e-07
0.8360226 0.0041157324 0.0008991497 0.0028749504 0.0011074665 2.9058503e-05 0.005571767 0.62026733 0.2643568 0.81888 0.9449395 1.1889893e-05 0.50436217 4.2082447e-16 3.522639e-06 0.08377287 0.0020972416 0.91942006 2.310842e-06 3.8440973e-07 1.6016552e-06 9.279201e-08 0.0009996543 1.18048824e-07 0.19998722 0.0010040752 8.529631e-06 0.0013668828 3.5730366e-07 1.8594247e-07 7.391183e-06 0.18974537 0.6695748 0.0044211885 1.7895024e-08 2.2806332e-06 6.461523e-09 0.0069140033 6.7949577e-07 0.009523934 0.0006732362 4.015833e-05 0.03708962 0.24926294 0.00083480834 2.0619668e-06 0.12283702 0.4675406 1.4973626e-08 0.031914447 3.3662448e-07 0.023029968 4.117163e-05 4.4142173e-08 3.558202e-06 5.03718e-05 4.951245e-09 2.9033974e-06 0.004603743 0.010213948 7.674082e-09 0.008592356 3.780251e-05 0.008487112 1.3760793e-08 0.009144401 8.138785e-09 1.2242886e-06 2.1251483e-07 0.00052372017 0.00858264 4.8831957e-08 0.014273304 0.008337545 0.011069581 1.2517425e-08 1.0917357e-05 0.00586099 3.7833868e-06 3.5897247e-05 0.0028447926 0.0006587624 1.6393107e-06 2.4952976e-07 4.0593645e-06 1.2455226e-07 6.351387e-05 6.8214877e-07 0.010994316 0.0001374372 2.9729424e-07 6.0095655e-05 3.5293354e-07 0.00067102537 1.1043488e-05 8.988724e-07 3.3790817e-05 1.8979321e-06 0.00010515148 7.5006534e-07 8.407922e-07
0.88174146 0.87463456 0.0144325895 0.06311687 0.021667307 0.35204118 0.030811025 0.00025055694 0.0004251862 2.0123229e-05 5.814339e-06 0.018249549 3.108435e-05 3.522639e-06 1.2083561e-18 0.00091014046 0.0034640261 1.7038845e-05 0.9861325 0.0018186419 0.0021458177 0.00021438813 0.0072433017 0.0008862867 0.00024766763 0.00034170016 3.424217e-08 0.1907308 0.048651066 0.20735036 0.78834194 8.69352e-05 1.7219189e-05 0.0006273043 1.29143355e-05 0.0032289876 3.2251293e-05 0.00016637357 3.6510497e-05 0.0043882243 0.3264908 1.1683142e-05 5.0855157e-05 5.3655717e-06 4.1691404e-05 0.036700066 3.0598912e-06 4.1958967e-07 1.2258355e-06 4.6697144e-07 0.010099516 1.5515245e-05 0.10498731 4.9275823e-06 5.6374425e-05 0.18779163 3.0326444e-06 0.5180993 0.00041720405 8.822834e-06 3.767781e-08 3.2119277e-07 0.501248 0.00019750907 5.123229e-08 0.0011185763 1.07608784e-07 4.748853e-06 0.00020753784 0.070917554 4.7417863e-05 4.4550694e-07 0.0016778931 2.3739715e-07 3.4832578e-05 1.8650056e-08 0.3602828 3.6688925e-05 4.0640634e-06 0.00011779025 3.8215847e-05 0.11180651 4.160416e-06 6.364698e-08 3.2682586e-08 1.245677e-07 0.0013758709 1.7575263e-06 2.695221e-05 4.3165233e-05 1.07775364e-07 0.005257379 0.041379653 5.204716e-05 3.619964e-05 0.01294593 2.5248464e-05 0.020169422 0.00011099466 2.7170694e-07 0.0031079163
0.9725283 0.029100671 0.12654497 0.16620596 0.47108212 0.10455225 0.75624156 0.14949065 0.015644414 0.09512548 0.21088439 0.10515518 0.008275246 0.08377287 0.00091014046 4.802241e-18 0.7209671 0.3930861 0.000701356 0.00045339117 0.0037597255 0.00037371166 0.3531546 0.0002060467 0.89906985 0.35964176 0.06217606 0.0031871593 2.3117776e-05 8.4333326e-05 0.00049659883 0.61685884 0.26607087 0.5970224 2.7546588e-05 3.494684e-05 1.8880923e-05 0.6135787 0.0002499033 0.0008854672 0.0028676803 0.12260862 0.35462505 0.041197043 0.24930692 4.836281e-06 0.030373646 0.00029162792 7.366177e-07 0.0013825843 1.5355184e-06 0.036123756 6.5739266e-07 1.2670288e-05 0.00037361972 0.0025986738 7.192282e-07 0.0011094142 0.10030667 0.028541537 1.9956498e-07 0.006034787 0.00041498244 0.08455657 5.20173e-10 0.068324044 3.7551635e-07 1.1222571e-06 1.6190806e-07 3.2239364e-05 0.007964077 2.9619379e-08 0.06358594 9.8786095e-06 0.004189484 2.9810437e-08 0.016781397 0.0032063369 2.0827104e-06 0.00028679494 0.002987201 0.002028749 7.644011e-07 1.9699316e-09 1.1074056e-08 1.18844445e-08 1.1338396e-05 9.6371245e-08 5.815171e-06 3.0450856e-06 4.7759188e-09 2.9185203e-05 0.0015046957 2.725265e-05 3.208224e-05 0.0057107094 4.565769e-06 6.920263e-06 0.0005154799 5.8161525e-08 1.33317035e-05
0.98396415 0.049490947 0.1948582 0.16418123 0.29356775 0.41260907 0.69740784 0.008883091 0.0017335069 0.0032279007 0.0033497335 0.5637646 0.0009217686 0.0020972416 0.0034640261 0.7209671 1.1924495e-16 0.027790815 0.0041261427 0.05676506 0.17680085 0.055434607 0.92822903 0.018756371 0.2858606 0.7636287 0.35639206 0.0024893594 0.014196413 0.0037455803 0.0020826745 0.091820344 0.0033769556 0.6754513 0.0053925146 0.0013390515 0.00048135614 0.41324273 0.037317943 0.00017180142 0.003322864 0.4288781 0.028072208 0.00036637424 0.18829045 0.000246631 0.00028263716 7.495505e-05 2.3656365e-05 9.6934404e-05 0.00029322703 0.0010448499 2.8180668e-05 0.00034356597 0.015912918 0.0017016849 8.202302e-06 0.0026768916 0.119192086 0.002480144 6.857153e-05 0.0001162452 0.003095835 0.031857017 5.889711e-07 0.14278395 4.6532505e-06 3.171273e-05 1.2399636e-06 0.00083441957 0.00085009634 1.4381442e-06 0.18249124 3.4519476e-07 0.00057447294 1.1984558e-06 0.07858571 0.00066744874 6.192801e-05 0.005383848 0.0012767374 0.00052245986 1.2075854e-05 8.807109e-07 1.9866433e-09 3.1729505e-06 2.325465e-05 5.4547413e-06 2.7922457e-07 1.6694647e-05 1.9197358e-07 0.00045777045 0.014203218 6.0700746e-05 0.00030143376 0.014755268 1.0699684e-05 0.0027590587 0.0010461096 1.4345752e-05 0.00038662823
0.88106877 0.0077348324 0.0030115303 0.023633676 0.024841681 0.00046353615 0.11296253 0.37424862 0.079868846 0.4854947 0.74210495 0.00029521892 0.2630129 0.91942006 1.7038845e-05 0.3930861 0.027790815 7.656164e-15 4.3977716e-06 1.8270644e-06 5.996447e-06 7.1910125e-07 0.004891775 5.884282e-07 0.35729715 0.0049728556 0.00013896752 0.00072396 5.8718655e-07 8.03124e-07 2.6991822e-05 0.45399994 0.95599097 0.030556386 1.516944e-07 3.6138395e-06 1.0916899e-07 0.052711364 2.8757604e-06 0.004286575 0.00072523527 0.00014029312 0.13329248 0.32757637 0.009429643 6.7124365e-06 0.17540313 0.121759474 7.38035e-08 0.045615967 3.1938102e-06 0.08287107 5.7524285e-06 5.478084e-07 8.648028e-06 0.00063420116 6.662556e-08 5.287661e-05 0.011804445 0.03880519 1.7779723e-08 0.031653944 0.00012050366 0.027383242 6.392446e-09 0.018871792 3.7893084e-08 1.3261156e-06 2.1312984e-07 0.0016385136 0.030451832 9.171198e-08 0.027755393 0.00046541114 0.027085822 4.0714415e-08 5.6988058e-05 0.02007765 1.0776674e-05 0.000104219216 0.009413223 0.0019415901 1.05871495e-05 6.483584e-07 4.066859e-06 1.6924024e-07 0.00045504526 7.6435515e-07 0.005571 0.00014277245 1.2435542e-06 1.564178e-05 1.3150116e-06 0.0014661211 1.9776069e-06 2.6261161e-05 0.00013962481 4.6225064e-06 0.00016624416 5.6414757e-07 6.293197e-07
0.76797867 0.68429524 0.017555844 0.019754201 0.016841142 0.36046556 0.016159434 0.00013375482 0.00024119255 1.4164051e-05 3.3256963e-06 0.035969857 1.6331074e-05 2.310842e-06 0.9861325 0.000701356 0.0041261427 4.3977716e-06 5.141055e-19 0.009521209 0.004850299 0.0022127319 0.006584515 0.0033803212 0.00012039809 0.00036795484 6.7354506e-08 0.05007283 0.14660537 0.450145 0.9199655 1.3434048e-05 6.5227523e-06 0.0004748337 5.532703e-05 0.021823024 0.00018114877 3.9178078e-05 7.392618e-05 0.0009686533 0.091792 2.2404894e-05 6.6537177e-06 2.4999938e-06 1.9094909e-05 0.1408933 9.264253e-07 2.9662363e-07 1.3398824e-05 5.881853e-07 0.024820203 5.623082e-06 0.23931524 4.6087594e-06 4.9792594e-05 0.06381053 8.861633e-06 0.4060858 0.00028056043 6.4873598e-06 1.1718513e-07 1.3833379e-07 0.54961246 0.00013585141 2.7679691e-08 0.0007530406 2.1745366e-07 3.3090473e-05 0.0004938356 0.1203795 2.4978524e-05 4.980447e-07 0.0011072685 1.2073647e-08 1.3532068e-05 1.0602389e-08 0.14770447 3.1795465e-05 1.3193574e-05 0.00020519624 4.5053795e-05 0.05601469 5.1390552e-06 7.906776e-08 2.7789067e-09 1.5201864e-07 0.0044522434 1.7308546e-06 5.434465e-06 2.3121416e-05 3.8129656e-08 0.006129955 0.02041598 5.1955358e-05 0.00010626087 0.004827797 4.9736e-06 0.009672807 0.0002325127 7.233571e-08 0.0013807047
0.9442213 0.0027360972 0.101150855 0.00019226703 0.0012281584 0.2898483 0.0039232946 4.757003e-06 9.406752e-07 5.026747e-07 1.0730733e-06 0.9129327 6.772254e-08 3.8440973e-07 0.0018186419 0.00045339117 0.05676506 1.8270644e-06 0.009521209 3.4696703e-17 0.9143214 0.9296005 0.11038786 0.76726943 0.00015681054 0.035053913 0.097524114 0.00040392918 0.17199652 0.046771467 0.00926341 3.8510363e-05 6.741115e-07 0.01177336 0.58237034 0.08997455 0.6319983 0.003112189 0.2487293 3.8924845e-06 0.0009506166 0.017138494 0.00015351204 7.0353e-07 0.0022309162 0.010905819 6.912239e-07 4.5539228e-08 0.15809652 2.8772003e-08 0.024184529 5.5591318e-05 0.0014193621 0.04835337 0.058844484 3.117121e-05 0.076841295 0.0008245355 0.0074933576 9.693847e-05 0.052607656 5.6560557e-06 0.0029316745 0.0019534277 0.014048433 0.0136305895 0.007835832 0.0062125404 0.0021932807 0.0043445784 0.00019518215 0.0015881808 0.03546028 4.1439017e-09 5.988072e-05 0.0010423851 0.0071958434 4.974907e-05 0.00092043384 0.038855102 0.00012614953 0.00012962094 0.0025104883 0.00018702887 2.8743455e-10 0.0014963807 0.00035371108 0.00032139794 2.262803e-08 0.00028435938 0.00028649397 0.009134248 0.0037366732 0.000116175055 0.008685635 9.782393e-06 0.0001208034 0.006091107 0.0062077045 8.847611e-05 1.1339108e-05
0.97609174 0.0038021328 0.09214164 0.0004489545 0.0020465462 0.21678987 0.01665687 1.1720694e-05 4.9211224e-07 4.9284586e-07 3.0822318e-06 0.9035294 4.463628e-08 1.6016552e-06 0.0021458177 0.0037597255 0.17680085 5.996447e-06 0.004850299 0.9143214 2.3211062e-17 0.9564155 0.25348893 0.35827997 0.0010236966 0.10595031 0.20291169 0.00032543187 0.06735135 0.020438625 0.0045352634 0.00031818324 3.878012e-06 0.06638869 0.7757217 0.042188216 0.31338862 0.025804393 0.51756877 1.4371516e-06 0.0006133876 0.105887026 0.0007326754 7.4568643e-06 0.026276326 0.003771553 1.40491065e-05 7.3370046e-07 0.07820169 2.2448128e-06 0.008028064 0.00016210067 0.00023548491 0.11525857 0.19982238 8.60821e-06 0.033651028 0.00058751035 0.037869412 0.0004652463 0.019243212 9.004433e-05 0.0012374977 0.009669531 0.0026329535 0.07015738 0.004101225 0.0024573524 0.00027557428 0.0012262284 0.0007949492 0.0011876131 0.098973826 3.4000636e-09 0.00092883996 0.0007565439 0.015340865 0.0010668462 0.0012600927 0.0921386 0.0008095528 1.0946507e-05 0.0018547043 0.00021099794 9.2744834e-10 0.00092103094 0.00015322975 0.0004450403 5.5446744e-06 0.000213279 0.00023394063 0.00655584 0.0025446103 0.00023541172 0.02001473 8.22828e-06 6.020585e-05 0.0023700502 0.01834478 0.00016225595 1.06463995e-05
0.93193513 0.0019125062 0.07153739 0.00013827953 0.0012471987 0.1484364 0.0014616286 8.2594414e-07 1.8902111e-07 7.070508e-08 3.3252633e-07 0.7380823 9.814252e-09 9.279201e-08 0.00021438813 0.00037371166 0.055434607 7.1910125e-07 0.0022127319 0.9296005 0.9564155 9.425854e-18 0.08290362 0.5303638 0.00015048988 0.03660951 0.24547563 0.00014795906 0.060018364 0.012799449 0.0019813222 5.4936645e-05 2.4802534e-07 0.012106937 0.8185959 0.031277653 0.5775761 0.0031549523 0.51551914 6.640573e-07 0.0001548672 0.036625665 0.00020028904 7.9451485e-07 0.0050319685 0.002749865 1.324782e-06 1.2742442e-08 0.22077604 3.015096e-08 0.0054819076 8.781848e-05 0.00010969555 0.15320311 0.132247 3.0571903e-06 0.112610236 0.000104778905 0.01579659 0.00018273991 0.024585046 2.4177598e-05 0.00054899615 0.004162036 0.0106496 0.027625205 0.02253454 0.0024830664 0.00014717491 0.00018692973 0.00057907775 0.0022277762 0.04815041 1.3033993e-09 0.00037827715 0.0008325703 0.0016684604 0.0003787432 0.001102263 0.058533046 0.0004305612 3.4263323e-07 0.0014572297 0.00030745962 4.186673e-10 0.004236861 1.8987372e-05 0.00040406227 1.3910069e-07 0.00022820411 0.0004556871 0.00074829924 0.00043485058 3.064947e-06 0.019309754 1.236414e-06 4.4028075e-06 0.00033207715 0.011448021 0.00013570134 1.1284959e-06
0.98504585 0.030587947 0.17414445 0.10028455 0.12186484 0.4240451 0.5435531 0.0022800225 0.0006739103 0.001795955 0.0010612968 0.57115173 0.00044323655 0.0009996543 0.0072433017 0.3531546 0.92822903 0.004891775 0.006584515 0.11038786 0.25348893 0.08290362 7.854272e-16 0.077449195 0.103239745 0.7124671 0.8372875 0.001948565 0.017488366 0.0058388025 0.0022868514 0.028279273 0.0004738152 0.5252992 0.02430875 0.0034131538 0.0023049468 0.2657686 0.096096925 0.00047679944 0.0005225854 0.3446685 0.010491715 0.00029414287 0.13275069 0.00023758026 0.0004244531 0.00027614017 0.0003186299 0.00037819386 0.00031519687 0.0006616284 6.517726e-05 0.002887849 0.04561709 0.0002531968 0.0003635751 0.0034641766 0.1118127 0.0017505271 0.00044990296 0.0005992146 0.0027283116 0.027830424 4.2701424e-05 0.16691658 0.0002543961 4.864068e-05 1.0933632e-05 0.00084916654 0.0014730844 1.9490379e-05 0.23753421 2.4834785e-06 0.0012015877 3.2196353e-05 0.13434784 0.0009889936 0.00016842192 0.030707862 0.0017074519 0.0008696705 2.8915167e-05 1.598758e-05 2.9711781e-08 0.00011925319 0.00012122371 3.0328307e-05 7.677732e-06 6.924359e-05 1.9571253e-05 0.0016676388 0.018769383 7.457779e-05 0.0019419171 0.010563539 6.0141927e-05 0.0015841842 0.0019181466 2.8039336e-05 0.00022089106
0.9660411 0.0015668363 0.0504075 3.2076976e-05 0.00013111986 0.14396918 0.0009793694 5.4492823e-08 2.7408603e-08 4.9668735e-08 5.5358242e-08 0.43406245 5.864819e-09 1.18048824e-07 0.0008862867 0.0002060467 0.018756371 5.884282e-07 0.0033803212 0.76726943 0.35827997 0.5303638 0.077449195 1.0663345e-17 0.000104185834 0.012135316 0.0006424677 7.420253e-06 0.08672286 0.029511796 0.004807029 1.8111914e-05 4.649433e-07 0.011048014 0.24291557 0.98019564 0.7463715 0.003910706 0.08900462 1.2822386e-06 8.61467e-05 0.0085904645 0.0003159336 1.7873482e-06 0.001700688 0.009668264 2.8209047e-06 1.9863685e-07 0.27061296 3.5428194e-08 0.04638447 0.00010310233 0.0015380145 0.03645696 0.06196304 4.0125083e-06 0.15853405 0.00022048673 0.016219368 0.00025888573 0.50435 3.8110716e-06 0.00091212813 0.0049729906 0.15394348 0.026498208 0.007898118 0.090336956 0.006463961 0.0024750556 0.000100905665 0.010025247 0.038830012 2.7147615e-07 6.734586e-05 0.03220172 0.00023649521 0.0002617601 0.010989179 0.032422733 0.00018687196 5.0479037e-05 0.044452835 0.0003478436 2.9531815e-09 0.00037437197 0.0005561561 0.004995391 7.4903096e-07 0.0023846466 0.0005346535 0.00012921191 2.1799582e-05 0.00019201505 0.011638131 1.7054914e-06 0.00021695375 9.735398e-05 0.0042647724 0.00061519723 1.1076866e-06
0.9677687 0.00999284 0.053022303 0.063189924 0.16634844 0.026576256 0.42782584 0.11390077 0.014553825 0.09366244 0.22862862 0.01611352 0.022377692 0.19998722 0.00024766763 0.89906985 0.2858606 0.35729715 0.00012039809 0.00015681054 0.0010236966 0.00015048988 0.103239745 0.000104185834 2.939463e-17 0.1527838 0.061127726 0.0028830045 1.5338099e-05 6.427131e-05 0.0004267543 0.9425331 0.50550485 0.4280368 9.996656e-06 9.389651e-05 7.049085e-06 0.58670354 0.00012471565 0.009029255 0.0028325438 0.046065804 0.5783119 0.14205831 0.179567 1.5966432e-05 0.10198812 0.0036635275 1.4193994e-06 0.012139673 4.499418e-06 0.105476476 8.772569e-06 1.8575443e-05 0.0004547507 0.0021576877 7.098029e-07 0.00091599894 0.101990685 0.08154612 2.537534e-07 0.026620027 0.00044883313 0.12243218 3.4252279e-09 0.12627855 7.727142e-07 1.2458808e-06 2.4494964e-06 0.0001343981 0.021406572 1.7218741e-07 0.14046574 4.6442485e-05 0.013692822 6.67874e-08 0.003464135 0.010306655 2.4347075e-06 0.0005707513 0.010473485 0.0010134578 2.040307e-06 1.5940985e-08 1.3329624e-06 1.523433e-07 3.6157617e-05 3.2898907e-07 0.00041132857 5.0493727e-05 1.4337947e-08 0.00011214686 0.00019892132 5.1818737e-05 2.6962003e-05 0.0012084782 1.8296425e-05 8.224405e-06 0.00047776347 2.6329795e-07 4.725393e-06
0.9842196 0.010558987 0.051682144 0.034591403 0.05603482 0.22959274 0.37644178 0.0022298698 0.0005766136 0.0015937126 0.00047179047 0.277483 0.00031880682 0.0010040752 0.00034170016 0.35964176 0.7636287 0.0049728556 0.00036795484 0.035053913 0.10595031 0.03660951 0.7124671 0.012135316 0.1527838 4.8218475e-17 0.8945548 0.0009873929 0.0008670565 0.0001747862 0.00027460937 0.07520377 0.0017222844 0.64349073 0.015167612 0.0009158133 0.00071644876 0.43368685 0.09527229 0.00021778565 0.0006691925 0.4609943 0.03244974 0.00094311126 0.41107798 3.663054e-05 0.00096124667 0.000115807365 0.00011106062 0.0013256769 3.623273e-05 0.0017079243 2.4871595e-06 0.0035268075 0.06659635 0.00029049456 0.00014211658 0.00067168 0.35392034 0.0058408 3.8208887e-05 0.0011951678 0.00036952182 0.0975837 1.1678746e-06 0.41852233 0.00020147489 5.594838e-06 9.846493e-07 0.00013962189 0.0049302946 1.715248e-05 0.4839486 2.5584548e-06 0.005717388 1.3547426e-06 0.014853923 0.0061716945 4.1500043e-05 0.052939072 0.011300404 0.00011219907 8.017263e-06 7.03823e-06 1.8015135e-07 0.00016444577 3.8972485e-05 3.1436741e-06 0.000117045376 5.0518597e-06 2.191564e-06 3.709313e-05 0.0018469292 4.3681366e-06 0.003319603 0.00080781174 3.8292696e-06 2.6588714e-05 0.007864911 3.0160222e-06 1.813837e-06
0.94344985 1.4817567e-06 1.6295664e-07 8.385202e-06 0.0007591034 0.00096167356 0.0246699 2.0853169e-07 3.3745646e-08 3.7626162e-07 2.492219e-06 0.14948018 5.1017764e-08 8.529631e-06 3.424217e-08 0.06217606 0.35639206 0.00013896752 6.7354506e-08 0.097524114 0.20291169 0.24547563 0.8372875 0.0006424677 0.061127726 0.8945548 3.94992e-30 7.7265774e-08 3.721947e-08 1.1054451e-08 3.6463604e-08 0.023584727 0.00223091 0.69801205 0.0928824 1.6380816e-05 0.003971018 0.38136193 0.46037728 3.9043627e-08 2.5828571e-08 0.9012309 0.07068031 0.0061692926 0.7047935 1.9012964e-08 0.0052554235 1.0113404e-05 0.0029493992 3.711528e-05 2.2612975e-08 0.014350461 2.80902e-10 0.019785471 0.27970383 2.585463e-09 0.00073645764 4.376114e-09 0.5121684 0.014663686 6.1742304e-07 0.0036541973 2.2569063e-08 0.0606792 8.2034896e-10 0.38836107 0.00043911714 7.0555113e-09 5.1997984e-09 7.363013e-08 0.029136406 1.1055786e-05 0.5225782 1.5386503e-09 0.006091885 1.1631556e-07 1.4524401e-08 0.0066319415 2.2047779e-07 0.034995303 0.03244309 1.109461e-11 1.3385534e-08 2.504149e-07 3.1695706e-09 3.0464234e-05 4.1408143e-08 1.1094944e-08 8.9393194e-05 4.990252e-08 4.85304e-07 4.9970815e-08 5.9227796e-09 1.9392055e-09 0.00564036 1.7493809e-10 2.3342112e-10 4.1943724e-09 0.021579461 5.8122488e-08 3.1136205e-11
0.6003426 0.60275716 0.0020871414 0.039357945 0.022458488 0.033267107 0.010583066 0.01427849 0.018860383 0.0016989601 0.002407115 0.0017105136 0.00318084 0.0013668828 0.1907308 0.0031871593 0.0024893594 0.00072396 0.05007283 0.00040392918 0.00032543187 0.00014795906 0.001948565 7.420253e-06 0.0028830045 0.0009873929 7.7265774e-08 2.975178e-18 0.0013842201 0.0019148001 0.010073487 0.0017194911 0.0009379731 0.00061817723 6.4496994e-06 7.022845e-05 2.5041813e-06 0.0006521562 4.9477483e-05 0.9897252 0.9703372 6.627029e-05 0.00046035807 0.001164792 0.00038242008 0.0009771414 0.0009575329 0.00094633905 8.8592e-06 2.4947312e-05 0.00024175143 0.00024387208 0.0009431401 1.3342246e-05 5.027524e-05 0.41224578 8.675932e-06 0.20355234 0.0011657911 0.00014278892 2.7010518e-07 4.2282456e-05 0.06292514 0.0007646786 1.9675245e-07 0.003446841 3.1008742e-06 3.86216e-06 1.4222945e-05 0.0013979621 0.0016148117 3.9265305e-07 0.0055725193 9.813229e-06 0.00070461445 2.855955e-07 0.18579 0.0016646776 1.478494e-05 0.0014199641 0.0007578835 0.20828342 3.9705275e-05 2.7316048e-06 3.9869187e-07 8.9901374e-07 0.0001277576 4.0103464e-06 0.002978732 0.000108242966 3.7308754e-07 0.00033772117 0.0061770286 0.00016447101 0.00024178372 0.017477572 1.378702e-05 0.0016018717 0.0012513614 8.4527693e-07 0.0004926279
0.9210945 0.11921855 0.0017696827 0.0019321449 0.002298844 0.29790968 0.0034982872 2.416878e-06 2.0984926e-06 3.4885366e-07 1.7041476e-07 0.10537357 9.750521e-08 3.5730366e-07 0.048651066 2.3117776e-05 0.014196413 5.8718655e-07 0.14660537 0.17199652 0.06735135 0.060018364 0.017488366 0.08672286 1.5338099e-05 0.0008670565 3.721947e-08 0.0013842201 4.1552008e-18 0.95218295 0.6072978 1.6655343e-06 2.7056407e-07 0.00018153546 0.003305753 0.7677661 0.039616466 5.129292e-06 0.0013375775 9.089153e-06 0.0014442193 1.0922908e-05 2.4445956e-06 1.199239e-06 2.8911404e-06 0.880428 2.698163e-07 1.7390173e-07 0.005218884 8.910045e-08 0.8908614 9.974453e-07 0.68582404 6.058311e-05 0.00066464784 0.0004391802 0.0014495794 0.02208639 0.0004597868 6.7828375e-07 0.0030236025 8.523294e-08 0.07775874 5.9400674e-05 1.49286925e-05 0.0015184154 2.272378e-05 0.004614132 0.16244936 0.22342291 1.1763785e-05 0.000114180264 0.002465311 5.1741553e-09 1.2041079e-05 4.21666e-05 0.011670153 6.462811e-05 0.00013423798 0.0007005107 6.1326886e-05 0.0015589456 0.014345903 3.5362305e-06 4.9033533e-09 4.0510386e-06 0.06031863 9.7357515e-05 8.713552e-06 0.0024157732 8.007944e-07 0.025789764 0.0018846078 0.0064110626 0.0034368394 3.3489283e-05 0.0009477597 0.0091946395 0.0016236168 4.460964e-06 0.0001611607
0.80467016 0.19090894 0.0014110693 0.004296338 0.006197968 0.36284244 0.007128989 1.8558384e-06 2.9767539e-06 1.1104139e-07 8.272807e-08 0.06864914 1.12458785e-07 1.8594247e-07 0.20735036 8.4333326e-05 0.0037455803 8.03124e-07 0.450145 0.046771467 0.020438625 0.012799449 0.0058388025 0.029511796 6.427131e-05 0.0001747862 1.1054451e-08 0.0019148001 0.95218295 3.1839965e-17 0.95070386 7.9524225e-06 2.1648439e-06 0.00013757436 0.0006700652 0.25131905 0.0046314225 8.142508e-06 0.00034586538 1.5120938e-05 0.0036270397 2.174966e-05 6.4137917e-06 2.545019e-06 1.2447413e-05 0.87126756 1.1342013e-06 1.1148492e-07 0.00021596557 1.03714385e-07 0.4569804 2.151119e-06 0.7568929 3.248742e-05 0.00025682745 0.0013026702 0.00013872374 0.06562805 0.00047613488 3.3348654e-06 5.254028e-05 1.0529622e-07 0.25901937 0.00015865352 4.2479934e-07 0.0013461347 1.3220268e-06 0.00020969345 0.028570402 0.3322694 1.7961784e-05 5.2537043e-06 0.00276599 1.3100921e-08 3.91968e-05 2.125189e-07 0.02908972 8.5980326e-05 2.2264801e-05 0.0004295787 5.8862526e-05 0.0045279316 0.00063852733 4.70133e-08 2.636356e-09 1.3524868e-07 0.04255251 7.2764683e-06 5.829094e-05 0.0003768905 1.9345148e-08 0.029983724 0.0063904813 0.0009340676 0.0020773804 0.0006290965 0.00012949576 0.0146050975 0.0006790913 4.8302815e-07 0.00035663406
0.60152626 0.26262766 0.0031579926 0.0073195407 0.00643783 0.24073544 0.008405511 0.00016397049 8.754763e-05 1.8081764e-05 1.1889248e-05 0.027108977 1.1774257e-05 7.391183e-06 0.78834194 0.00049659883 0.0020826745 2.6991822e-05 0.9199655 0.00926341 0.0045352634 0.0019813222 0.0022868514 0.004807029 0.0004267543 0.00027460937 3.6463604e-08 0.010073487 0.6072978 0.95070386 1.7362097e-15 0.00017067885 8.293105e-05 0.0003141283 0.0005553831 0.052223727 0.0012423149 8.2135935e-05 0.00083945924 0.0006648501 0.028263472 3.5984376e-05 0.00018720982 2.5704026e-05 0.000153354 0.79403526 2.5528841e-05 2.8536585e-06 0.00014756717 8.831028e-07 0.15804869 5.606191e-05 0.8678837 0.00010445006 0.00033800938 0.02017315 0.00014225896 0.4914178 0.00042797127 5.4218115e-05 7.83868e-06 4.3439504e-06 0.81174624 0.00028367923 2.1821393e-06 0.0016559121 8.468596e-06 0.00045076836 0.008477267 0.7535121 7.185159e-05 1.1559125e-05 0.0016749139 3.7583e-08 1.9585294e-05 1.5827478e-06 0.19429338 1.9752799e-05 0.00018332362 0.00036962968 5.564097e-05 0.042802457 0.00024084961 8.253922e-07 4.0447304e-08 3.6981862e-07 0.033554584 4.273267e-05 7.994698e-05 0.00010253859 2.0342025e-06 0.03746909 0.02620359 0.00036574862 0.00011023985 0.0020192454 2.9970142e-05 0.02629298 9.689244e-05 5.5029557e-07 0.0013691378
