7.963611e-15 0.77551097 0.7608098 0.041205306 0.99208957 0.77999836 0.8858111 0.98337823 0.9083805 0.3496566 0.9959435 0.95175385 0.9861897 0.08800885 0.009667596 0.9915616 0.9620797 0.0003713015 0.002988995 0.85835624 0.98424953 0.7558416 0.38490278 0.97763586 0.93940794 0.25824374 0.9215809 0.82366663 0.031864937 0.9904284 0.93076795 0.8804621 0.9730292 0.88871527 0.9607509 0.9078202 0.9055972 0.9257014 0.76964647 0.938917 0.90899444 0.98728406 0.43506068 0.8418407 0.99081784 0.89310277 0.9558059 0.9539602 0.5256292 0.90642875 0.9902186 0.98659617 0.85019153 0.017582972 0.908048 0.053035006 0.7225154 0.97138494 0.9557851 0.0034724306 0.9675914 0.8845994 0.9902371 0.93841475 0.51177365 0.86458945 0.21155277 0.9666289 0.74048257 0.6511347 0.9303561 0.91726977 0.961169 0.66623473 0.0028153711 0.034556095 0.92461795 0.07772478 0.82541716 0.8963956 0.9930067 0.8784816 0.72745574 0.6802082 0.9561401 0.32467756 0.6110843 0.96312624 0.0030307374 0.39569914 0.00017727017 0.9974382 0.9999974 0.68500245 0.6497037 0.34914762 0.6329609 0.018020859 0.12626503 0.46908468 0.9984844
0.77551097 1.1305319e-15 0.84918094 0.99533105 0.07599136 0.7005903 0.0016678605 0.0015666032 0.0032004039 0.009652717 0.00080316514 0.0005897277 0.16806585 0.004903031 0.007246311 0.0004124638 0.00030803576 0.69072235 0.00041791762 0.020306421 3.29876e-05 0.00024533257 0.0052176495 5.6451163e-06 9.786667e-06 7.2149385e-05 5.4139527e-05 1.9286117e-09 0.0002889076 1.8643781e-06 1.5664895e-06 0.014236992 1.6548471e-06 0.004390566 5.9636886e-06 0.0010110608 3.077684e-05 0.0063424413 5.1362645e-07 6.414936e-08 2.9397307e-07 2.6012026e-07 0.0011869173 0.0041800193 0.00081220333 5.4600296e-08 5.129761e-08 3.6846328e-07 2.6392957e-08 0.0011264133 0.002346145 0.001534185 0.00085839006 1.3284631e-05 0.0025658167 3.3288995e-07 0.0009425044 0.0013225793 2.0100131e-07 0.00020463498 1.0169402e-07 2.9875956e-08 0.0006753641 2.1262085e-09 3.0477452e-09 2.6284996e-08 4.184607e-09 1.5618659e-07 4.4108153e-09 3.578909e-09 0.0005051119 0.0012042072 0.0008513506 5.3627804e-09 7.621518e-07 1.12358656e-07 5.603387e-08 8.767759e-06 2.194029e-08 2.462957e-09 0.0006163274 1.5386783e-07 0.00014062278 3.663422e-10 8.851437e-08 7.802298e-08 4.802563e-10 0.0006858605 0.90480644 0.00011250219 7.825623e-08 0.0003820918 0.00745832 1.5763503e-08 4.4316478e-11 1.00035455e-08 1.6696442e-09 1.9519188e-09 4.4693967e-11 6.609011e-10 0.00019253895
0.7608098 0.84918094 1.7492223e-12 0.999436 0.9622131 0.2857236 0.29425532 0.032976698 0.4232843 0.27371278 0.021965524 0.014095005 0.28392258 0.029758668 0.048195 0.0018011641 0.004333191 0.005427068 0.0032337902 0.008150856 0.00063676806 0.0029240348 0.00230093 0.00021984089 0.0018006052 0.00056801975 0.00076072646 0.00016719669 0.0017490693 0.00016698062 0.0007768858 0.010120646 3.967715e-05 0.002091959 0.00041387638 0.00069176237 0.00057069474 0.0060515143 0.0001566161 3.516351e-05 8.766752e-05 2.2768703e-05 0.00063005864 0.0019845264 0.011463809 9.948893e-06 2.3306482e-06 8.018869e-06 6.436983e-05 0.0005465355 0.003251693 0.0017175998 0.00021911124 0.00062917 0.0009051965 0.00018396215 0.0005285082 0.00019013311 1.2898512e-06 0.00061902293 3.824952e-06 2.3934968e-05 0.0009912163 2.7608958e-06 1.3583735e-05 1.1852289e-06 1.9022751e-05 3.6503948e-07 3.8562457e-06 4.2950537e-06 0.00045318346 0.00037867657 0.000699667 1.17215095e-05 2.1175378e-05 1.5811587e-05 2.322844e-06 3.3271033e-05 4.0012505e-06 6.0253694e-07 6.0998667e-05 8.340157e-08 1.5931441e-06 3.1735058e-07 9.2349495e-07 4.932954e-05 6.9879644e-07 0.00014086734 2.5008509e-05 1.1288732e-05 9.9642704e-05 0.0009302273 0.0136758685 9.640376e-07 5.0193385e-08 1.5868785e-06 1.0374005e-08 5.182723e-07 9.336787e-09 1.781265e-08 0.0003553938
0.041205306 0.99533105 0.999436 1.17329375e-11 0.064629294 0.042206123 0.030420449 0.0015195294 0.020757174 0.24704966 0.0011015914 0.0017826323 0.010191841 0.020605212 0.1376282 0.0002894258 0.00044258308 0.105445646 0.004610259 0.00032503644 7.17068e-05 0.003339479 0.00023757912 4.001787e-05 0.00024294542 0.00035696442 0.0004170576 3.084139e-07 0.0017868167 9.932233e-05 1.9805937e-05 0.00048577177 1.3979983e-05 0.00018185898 2.629928e-05 1.9957071e-05 0.00015691195 0.00017366813 1.0023014e-05 3.8814455e-06 4.5948605e-06 2.9781128e-05 0.0006692669 0.00013827677 0.00059268944 2.9133823e-06 1.9523036e-06 1.7216955e-05 0.00016927779 0.00022480414 0.0002783062 0.00019735526 1.6896529e-05 0.002289254 4.320749e-05 1.0138454e-05 0.00013365407 4.9140883e-05 3.6234712e-06 0.00019831708 5.0897415e-07 4.1029654e-07 7.59229e-05 5.290107e-07 8.5792175e-07 3.463013e-07 1.1451505e-06 1.1371634e-06 7.1484754e-07 1.36479e-06 0.0001656889 0.00010975825 5.3890515e-05 1.4088694e-06 2.8198958e-06 8.799385e-07 1.0605282e-06 3.2590193e-05 1.6298966e-06 7.499136e-07 0.0001222696 8.7087875e-07 2.559394e-06 5.9359223e-07 2.907426e-06 1.8386077e-06 1.0840996e-07 0.00017662927 2.9420222e-05 3.1052437e-05 1.4994056e-05 0.00020924957 0.0023673654 9.986798e-07 1.3515495e-07 2.2773947e-06 1.6894722e-07 6.772502e-07 6.063602e-10 1.1405053e-06 1.3153045e-05
0.99208957 0.07599136 0.9622131 0.064629294 1.4811106e-14 0.575333 0.93991935 0.274095 0.82299733 0.44483897 0.605734 0.25051454 0.8756853 0.022235619 0.0128763225 0.2518555 0.0974873 8.35101e-05 0.0011563195 0.18441485 0.0016890109 0.08358445 0.008887493 0.0025353583 0.009958221 0.0016203267 0.019741163 0.003820346 0.0026441975 0.00022452329 0.003089083 0.12699926 0.0008322979 0.00815519 0.0033745365 0.0004860572 0.0032012295 0.045489904 0.00040403128 0.000110149784 0.00025829978 1.6388989e-05 0.00016808994 0.00416226 0.1467898 3.342346e-05 1.6938686e-05 9.604939e-06 0.0052040457 0.00014266 0.08452491 0.09906703 0.00028194688 0.00043209345 0.0025381972 4.750848e-05 0.00019271017 0.00036600805 4.973567e-06 2.4983836e-05 2.6425298e-06 0.00011990834 0.014395783 3.6352965e-05 0.00018599862 3.1691238e-07 0.000106577216 8.2803655e-07 1.7729326e-05 1.4427372e-05 0.00022472891 0.00011265625 0.002224495 3.5155003e-06 1.0261817e-05 8.815076e-05 1.6059234e-05 3.2698238e-06 1.4563495e-05 9.724885e-07 0.0002151072 4.1883686e-07 1.2410276e-05 4.872792e-07 3.6867803e-07 0.0002658424 3.120714e-07 0.00036142286 3.854869e-05 7.926214e-05 3.6127142e-07 0.0049120127 0.38583615 4.8629797e-08 3.1946678e-07 6.599608e-08 4.9051494e-07 2.5234008e-06 1.0166138e-08 2.0332944e-08 0.001212658
0.77999836 0.7005903 0.2857236 0.042206123 0.575333 7.6889097e-07 0.14549038 0.015993096 0.30622813 0.028594527 0.13567752 0.020896658 0.3576886 0.0095800925 0.025610613 0.00011141005 0.0065482915 0.023967737 0.012395433 0.9254414 0.00076346385 0.009651066 0.99218565 0.00049305765 0.0016905919 0.0033398848 0.039067365 0.00903837 0.039029032 1.834736e-05 0.0002227488 0.03620673 0.00014442868 0.16288747 0.001212432 0.080003925 0.08788387 0.024930665 0.0008847999 5.860783e-05 0.0003351678 8.263614e-06 0.1687057 0.010064643 0.001485388 9.7852906e-05 2.2645054e-05 7.4666136e-06 0.00095398416 0.021528602 8.861366e-05 0.00021925988 0.0034191548 0.027148379 0.004812318 0.0013406392 0.021533133 0.003445181 5.7230604e-06 0.002049215 0.00011671343 0.0015652487 0.00066037267 0.00042778012 0.004231152 2.1550173e-05 0.0014641811 3.0044473e-06 0.0005745918 0.00065778935 0.002324351 0.007866967 0.0017678819 0.0010957167 3.2997523e-06 9.044771e-05 3.1504827e-05 4.587616e-05 0.0036025187 3.2351752e-05 0.0015695281 1.8660778e-05 0.00040737863 4.9091035e-05 3.254241e-06 0.00071623735 0.00063311856 0.008266594 0.9757316 0.0026128648 9.647539e-05 0.00038372976 0.007585481 1.8826238e-06 5.5783516e-07 1.8236577e-06 0.0001313916 9.361674e-05 3.3230756e-07 1.3537895e-06 0.0007687334
0.8858111 0.0016678605 0.29425532 0.030420449 0.93991935 0.14549038 1.2612861e-15 0.96651024 0.95490134 0.07373912 0.4963465 0.95768803 0.23835267 0.020226076 0.0036163619 0.15937473 0.45943528 3.310509e-05 0.0026417286 0.01228057 0.015604911 0.06836776 0.00042765532 0.0056666955 0.072375536 0.0028672044 0.0071037146 0.015953017 0.001978472 0.0036623154 0.010007498 0.024964243 0.001229431 0.0034457364 0.004068211 5.78313e-05 0.011853021 0.010982725 0.0011436063 0.00014311992 0.00042815396 0.00012354087 3.5588946e-06 0.0036664268 0.08708008 2.4016937e-05 3.85892e-06 0.00015294709 0.00078651507 0.00011016313 0.06498719 0.023570968 2.8997822e-05 0.0010174996 0.0027793355 1.6772283e-05 3.4436092e-05 0.00010873411 4.558553e-05 1.2881579e-05 3.7254522e-06 7.125087e-06 0.0048857005 5.557126e-06 4.0872546e-05 1.038547e-06 4.0262134e-05 4.8597535e-06 5.55853e-06 4.0271943e-06 8.4456464e-05 0.00016193427 0.002270473 1.7104937e-06 4.044457e-06 2.335171e-06 1.15060686e-07 6.1681334e-07 2.8089344e-06 2.2185002e-07 1.6271873e-05 8.464163e-06 5.919369e-09 3.3510207e-07 1.162482e-06 2.9963054e-05 2.8306263e-07 4.903845e-05 2.3056874e-07 3.224436e-06 2.007927e-07 0.0013229464 0.08011473 3.6910197e-07 5.404012e-07 6.242699e-07 9.0060905e-07 1.6517514e-07 1.7359171e-09 2.6710081e-08 0.00094952295
0.98337823 0.0015666032 0.032976698 0.0015195294 0.274095 0.015993096 0.96651024 3.552624e-12 0.6927886 0.071932174 0.88135713 0.9132698 0.2769865 0.016476108 0.00037058655 0.5604097 0.7791209 1.3189522e-05 0.0020949915 0.0045990804 0.028072298 0.37229583 9.126061e-05 0.015155148 0.098283574 0.043626145 0.24569878 0.0060277754 0.014950093 0.0006716487 0.039634656 0.014180899 0.0022962543 0.0007527813 0.0205485 1.4457329e-05 0.023686836 0.0052979076 0.0033688194 0.001345622 0.0030580028 6.507186e-05 1.8616127e-05 0.0007520591 0.43321562 0.0003550609 7.7626835e-05 7.813174e-05 0.043094687 2.333129e-05 0.18972312 0.032451626 7.940831e-05 0.0049271574 0.0005270348 0.0009230974 1.4975869e-06 0.00011098089 1.9611049e-05 2.3975152e-05 4.631051e-05 0.0012229154 0.0016929846 0.00038809257 0.00045754394 3.025453e-05 0.00038155727 4.1038093e-06 9.1308066e-05 6.708702e-05 1.3890781e-05 2.6522678e-06 0.0004740342 9.777418e-05 3.691692e-05 0.00022098755 3.6843164e-07 8.918802e-08 3.2910677e-05 1.0337116e-05 4.6939276e-05 1.2647743e-06 9.308479e-09 4.420246e-06 6.3957884e-07 0.0003648216 1.8844864e-06 1.6355778e-05 2.5745055e-06 5.7471453e-07 1.1348873e-06 0.0013006325 0.18466656 2.5170735e-07 3.982585e-06 3.9009404e-07 4.9592436e-06 7.4744294e-06 2.3483024e-08 9.937404e-07 0.00027270216
0.9083805 0.0032004039 0.4232843 0.020757174 0.82299733 0.30622813 0.95490134 0.6927886 2.2518175e-10 0.98121583 0.13113432 0.93097717 0.06465343 0.70057994 0.065653235 0.07757631 0.07305239 0.00030108498 0.061203025 0.0098069655 0.008863874 0.8366807 0.0012523726 0.0016031209 0.057511415 0.080268465 0.12491596 0.0015867107 0.13228361 0.0009790065 0.0026375926 0.012134083 0.00042394683 0.0026151359 0.0009900877 3.3529708e-05 0.021268731 0.007947745 0.0006404172 4.397593e-05 0.00011003167 3.6317208e-05 4.513086e-05 0.0012514343 0.034308016 1.0140987e-05 5.3290996e-06 2.429476e-05 0.0066030812 8.7040135e-05 0.030299269 0.007394219 4.598615e-05 0.012097536 0.00039623948 0.00033577965 1.1804961e-05 0.0003026692 4.8114566e-06 0.0001132364 3.9653373e-06 2.247957e-05 0.0030579339 6.497204e-06 8.6448155e-05 1.1406436e-06 0.00010704017 6.1193384e-07 8.088308e-06 4.3103673e-06 0.00020095965 9.5676616e-05 0.00037126662 1.8527162e-05 1.608968e-05 2.8447259e-05 1.2591755e-06 3.2328185e-07 5.2559644e-06 7.0396356e-07 4.922212e-05 1.2827938e-06 1.2959354e-07 5.8923797e-07 8.8540034e-08 0.00025630996 1.619975e-05 0.00010313566 0.00015045787 5.2727332e-06 6.7009237e-06 0.002758118 0.02440552 1.1246801e-07 3.1383706e-07 4.060633e-07 7.934087e-07 8.938729e-06 5.00943e-08 3.4272372e-07 0.00035695764
0.3496566 0.009652717 0.27371278 0.24704966 0.44483897 0.028594527 0.07373912 0.071932174 0.98121583 3.3203269e-12 0.011951642 0.0667774 0.0041567404 0.9993091 0.8608314 0.0024202596 0.0017405457 0.0056358925 0.11702738 0.00016091805 0.00023823096 0.028960135 0.00032747138 5.3451964e-05 0.000108105654 0.008356192 0.0009955424 1.8061091e-06 0.025397822 5.570027e-05 2.7645503e-06 0.00018205804 0.00012831231 4.751267e-06 1.23951495e-05 8.572467e-06 0.0001257336 3.7127567e-05 9.699044e-07 2.6344185e-07 7.20958e-07 5.661707e-06 1.3286948e-05 9.444555e-06 0.0016753786 9.202863e-08 1.4826634e-07 1.0701925e-06 0.0003115785 5.0840877e-06 0.0017603281 0.0004613113 1.7522462e-06 0.002652478 3.391435e-06 4.521607e-05 4.8285383e-06 2.4946967e-06 1.1914728e-07 0.00018289787 7.415866e-08 1.304984e-07 9.718956e-06 3.517838e-08 3.8613993e-07 7.154727e-08 4.3565228e-07 3.0397466e-08 1.18977866e-07 2.593373e-07 4.4154895e-06 1.3532327e-05 1.992857e-06 8.536461e-07 2.0402942e-05 3.268432e-05 2.6279984e-08 5.154035e-06 3.959006e-07 1.2158719e-07 2.344074e-06 2.4008015e-08 1.896302e-08 2.6905914e-08 1.8229915e-08 3.1422294e-06 2.0400041e-07 2.0081261e-05 8.484696e-05 3.9262756e-07 2.4244533e-05 6.7082285e-05 0.004011709 1.732891e-08 1.0535464e-08 2.4380926e-08 5.322542e-08 4.893179e-07 1.5001671e-08 1.7379353e-08 5.9318932e-05
0.9959435 0.00080316514 0.021965524 0.0011015914 0.605734 0.13567752 0.4963465 0.88135713 0.13113432 0.011951642 3.2957372e-13 0.35272858 0.66682136 0.0017527647 0.0004329946 0.8985622 0.8542992 5.55463e-06 0.00029640662 0.062906146 0.6071628 0.07233193 0.00014874115 0.44598025 0.075151354 0.006092341 0.07554739 0.2057867 0.0014686967 0.009391823 0.12435116 0.119833365 0.11120228 0.0031422747 0.1523657 4.175105e-05 0.032920055 0.041597303 0.017118657 0.027248202 0.035852406 0.0011966206 1.5254315e-06 0.0024641603 0.64900863 0.008629973 0.0020961186 0.0038972027 0.05088322 3.7047415e-05 0.26686406 0.41054595 0.00013438809 0.002392711 0.0024130736 0.0008455934 2.3323826e-06 0.00013490082 0.0019738143 2.174233e-06 0.0010249016 0.009052086 0.02673293 0.011440389 0.0025482236 0.00047478074 0.0010065131 0.0004549166 0.0030810623 0.0025759684 5.7683574e-05 1.24447415e-05 0.0035235463 0.0005446451 4.714632e-05 0.0008305496 1.1249108e-05 1.1072229e-06 0.0025728382 0.00047109043 7.294363e-05 0.00014347496 1.2683864e-07 0.00020940785 0.00015686812 0.00085397635 0.00035994503 1.5047316e-05 6.9697155e-05 5.192299e-06 2.661534e-06 0.010960408 0.4634544 3.46768e-05 0.000557678 6.802868e-05 0.00037509418 9.893751e-06 4.7048384e-06 3.0178277e-05 0.0012626068
0.95175385 0.0005897277 0.014095005 0.0017826323 0.25051454 0.020896658 0.95768803 0.9132698 0.93097717 0.0667774 0.35272858 1.2018486e-11 0.02974155 0.048503887 0.0012091983 0.22075245 0.95239455 6.533862e-05 0.007994314 0.0015850115 0.06346952 0.8870064 5.772903e-05 0.0066434406 0.51994425 0.25566012 0.88241047 0.027858146 0.07478323 0.0042364206 0.047535922 0.0042182812 0.0008213515 0.0013408681 0.007243385 1.6966056e-05 0.07418713 0.0028606846 0.003687836 0.0004045601 0.00077092485 0.00020086885 2.6086156e-05 0.00087553693 0.07260752 0.00019523707 1.7363527e-05 0.00010424815 0.23390481 9.3013536e-05 0.04325389 0.011684178 0.00011136384 0.045568474 0.00033062004 0.0041345367 6.351123e-06 0.00041029407 1.5038292e-05 1.9352188e-05 3.114525e-06 0.0007868722 0.00080956245 6.058779e-05 0.0007352275 4.404769e-06 0.0003986507 9.904829e-07 6.416732e-05 3.9983042e-05 2.0511083e-05 6.3912553e-06 0.00054224813 3.012198e-05 4.6679597e-05 0.0007962467 8.6516074e-08 3.4878715e-07 2.3774583e-05 6.7659794e-06 2.1873137e-05 8.4903934e-07 6.122272e-08 3.0308543e-06 3.8037314e-07 0.00072228623 7.80504e-07 2.9203507e-06 1.052066e-05 9.673732e-07 2.5288962e-06 0.0009443299 0.026142232 8.29325e-08 5.698781e-06 5.1940145e-07 1.4194982e-06 3.0864737e-06 3.9781645e-09 5.8480975e-07 0.00020140901
0.9861897 0.16806585 0.28392258 0.010191841 0.8756853 0.3576886 0.23835267 0.2769865 0.06465343 0.0041567404 0.66682136 0.02974155 1.7679849e-13 0.0004978217 0.00094618875 0.099698134 0.050722364 4.2147403e-06 0.00020360154 0.89942837 0.0040457477 0.0020228312 0.017225398 0.0019232627 0.0014420289 6.5527325e-05 0.0013727935 0.002914522 7.752615e-05 0.0008176868 0.0011827681 0.9262399 0.0014789839 0.13595055 0.0022526889 0.013916194 0.0015811496 0.61152107 0.00033170998 0.000236451 0.00049427233 0.000119838165 0.00401668 0.18500021 0.78111315 8.912515e-05 5.444532e-05 5.6885157e-05 0.0003531696 0.0051411362 0.5674769 0.116398565 0.008789402 0.00012189332 0.046563193 2.9923801e-06 0.0042671403 0.009559085 5.9844526e-05 3.9426468e-05 1.1194283e-05 4.0469284e-05 0.11287175 3.2777025e-05 5.9141644e-06 5.501919e-06 1.2165471e-05 5.1640596e-05 8.792729e-06 8.476393e-06 0.0037104313 0.0005746269 0.019590199 1.0710945e-05 2.702443e-07 3.0250735e-06 0.0005264041 6.0604776e-05 9.715429e-07 1.1005507e-06 0.002482412 2.0583331e-05 6.362541e-05 4.082338e-07 3.0727395e-05 4.745584e-06 3.58594e-07 0.00054421317 8.503306e-06 0.00096701866 1.0997039e-08 0.014992649 0.7504103 4.1235426e-06 3.1491354e-06 4.628276e-06 6.390413e-08 7.9129507e-07 3.3057665e-09 2.6060457e-06 0.008047292
0.08800885 0.004903031 0.029758668 0.020605212 0.022235619 0.0095800925 0.020226076 0.016476108 0.70057994 0.9993091 0.0017527647 0.048503887 0.0004978217 2.6817838e-12 0.9627485 0.0006295881 0.0016301307 0.0064438926 0.8423063 0.0001485104 0.00035706896 0.20390941 0.00015175599 0.00018939706 0.00095898187 0.0547942 0.01055488 2.2944537e-06 0.46294785 6.561631e-05 0.00014836431 6.801552e-05 5.1665127e-05 7.1077325e-06 0.0001858681 9.455127e-06 0.0013330866 1.9779869e-05 5.482783e-05 3.2006128e-06 1.902812e-05 5.2906444e-06 1.160222e-05 6.458187e-06 0.00021876924 1.690524e-06 2.1859309e-07 4.202114e-06 0.00666324 1.0467278e-05 0.0001764274 0.00012628977 1.1785822e-06 0.06276177 2.6469336e-06 0.0003620349 2.114665e-06 4.00048e-06 7.92491e-08 6.310903e-05 4.068878e-07 4.419479e-06 1.236789e-06 8.7240494e-07 3.2693279e-06 3.5819102e-07 3.0905971e-06 4.5512483e-08 1.1566916e-06 1.8884461e-06 1.4520061e-05 1.4568363e-06 1.9521565e-06 2.437535e-06 0.00019057441 0.00014058429 3.5428782e-09 1.3962785e-06 1.4246626e-06 1.1126743e-06 1.0081726e-06 2.2700005e-08 5.0005617e-08 2.4108408e-07 7.467803e-08 1.682499e-05 4.9027693e-07 3.3126041e-06 4.8509813e-05 3.9161603e-07 0.00037708497 4.0832433e-06 0.0010678563 1.17610924e-07 6.895765e-09 4.0793005e-08 7.405449e-08 7.397368e-06 1.5718468e-08 6.777875e-08 3.578759e-07
0.009667596 0.007246311 0.048195 0.1376282 0.0128763225 0.025610613 0.0036163619 0.00037058655 0.065653235 0.8608314 0.0004329946 0.0012091983 0.00094618875 0.9627485 1.244434e-16 4.5543424e-05 7.2837065e-05 0.99995595 0.9176597 7.442333e-05 1.2249671e-06 0.0034680357 3.1258343e-05 5.024691e-07 9.241954e-05 0.009795338 0.0005573949 6.817943e-07 0.007642229 4.0986365e-07 1.0464489e-06 2.2377666e-05 1.9781548e-07 7.1781244e-07 5.012759e-07 1.9219515e-06 4.737542e-05 4.4429376e-06 2.9507407e-07 7.972803e-08 1.1326615e-07 1.17166365e-07 4.473346e-07 1.9303084e-07 8.159928e-06 3.242571e-08 3.4656317e-08 9.780563e-08 1.7197131e-05 3.2830016e-07 3.7500962e-05 1.5330595e-05 1.5674068e-08 0.00010136119 1.819996e-07 1.5734735e-05 2.081631e-07 3.9469295e-08 1.0594242e-08 2.8650035e-07 8.2013074e-08 7.626429e-08 1.0299485e-07 3.174206e-08 2.2226658e-07 2.1408102e-08 4.4552497e-08 5.5484324e-09 2.232838e-07 1.7024323e-07 3.8741412e-08 7.359714e-08 2.469182e-07 5.4599255e-08 2.756247e-06 8.715709e-07 5.236714e-09 2.8551952e-07 1.9435677e-07 9.375048e-09 4.714351e-08 3.0834577e-10 3.8127695e-08 8.144405e-09 7.1924694e-10 4.3752657e-06 2.6357139e-08 2.2552746e-07 1.679731e-06 8.907628e-09 2.9490882e-06 1.1668482e-06 0.00044891576 7.6724826e-10 2.2048996e-11 1.5787265e-09 2.6961513e-07 4.2447046e-09 4.0088358e-10 3.7799333e-11 2.3518382e-07
0.9915616 0.0004124638 0.0018011641 0.0002894258 0.2518555 0.00011141005 0.15937473 0.5604097 0.07757631 0.0024202596 0.8985622 0.22075245 0.099698134 0.0006295881 4.5543424e-05 4.623111e-13 0.8874838 5.944618e-07 4.15236e-05 0.00090738956 0.8883583 0.038301464 7.3363576e-06 0.8002553 0.07891849 0.003272321 0.05516815 0.35251558 0.00023272369 0.11639376 0.21423401 0.00863873 0.6085387 0.0002503021 0.3638744 1.4608913e-05 0.04664038 0.0056501077 0.035581578 0.07882174 0.0915453 0.005398432 9.976814e-07 0.00020350116 0.5806764 0.021955727 0.031237358 0.014178466 0.059254956 1.3622166e-06 0.46264955 0.5395957 4.1260188e-05 0.0009057702 0.00031067294 0.00047468045 6.4830834e-07 2.4889878e-05 0.004684512 4.5479882e-07 0.019303491 0.025129497 0.004914442 0.037419986 0.0052445037 0.0053137587 0.001253402 0.0010044429 0.011305809 0.010025094 6.5302647e-06 3.1807355e-07 0.0005533141 0.0034125077 1.4609262e-05 0.00053923106 5.9058254e-07 5.6488435e-08 0.0032274604 0.0050758086 8.319488e-06 0.00037885667 7.52393e-09 0.00089937536 0.00030435703 0.00068642164 0.0009561021 1.2969271e-07 2.2225047e-05 4.7517066e-08 1.4460506e-06 0.0018803686 0.22574823 7.20071e-05 0.0026478642 0.000108993234 0.0003781147 1.8889263e-05 1.2397194e-05 3.7496993e-05 0.00017702572
0.9620797 0.00030803576 0.004333191 0.00044258308 0.0974873 0.0065482915 0.45943528 0.7791209 0.07305239 0.0017405457 0.8542992 0.95239455 0.050722364 0.0016301307 7.2837065e-05 0.8874838 1.3855665e-11 3.4925765e-06 0.00048437007 0.006075565 0.7049653 0.28508747 0.0003782556 0.39068776 0.79926115 0.07678554 0.68351597 0.43706256 0.008041511 0.028877169 0.56414723 0.00809556 0.048564233 0.0013018163 0.26902017 4.189116e-05 0.2669321 0.0032369792 0.046839844 0.0044581983 0.02525572 0.00063441164 1.6950418e-05 0.0012397757 0.20211926 0.0014287399 9.189677e-05 0.00033425103 0.28890964 5.294054e-05 0.16287161 0.052374456 0.00020743077 0.012813011 0.00093420665 0.010887327 1.41188575e-05 0.00016671268 5.136534e-05 1.5363483e-05 1.8361048e-05 0.010439062 0.0014473539 0.00071461004 0.0050085615 2.0819407e-05 0.0013644069 6.4201076e-06 0.00012865994 9.812605e-05 5.142563e-05 1.4689284e-05 0.00038074557 4.504684e-05 8.714138e-05 0.0028930034 4.6639866e-07 5.276478e-07 0.00027121056 7.497202e-06 5.038275e-05 1.292702e-06 1.8871994e-07 1.9675217e-06 3.453026e-06 0.0018229875 3.663948e-07 7.522395e-05 5.6427564e-07 5.3487074e-06 7.823161e-06 0.0009537062 0.06468588 1.4830912e-06 4.0940367e-06 4.426971e-06 7.6497545e-06 1.705842e-05 6.939147e-09 6.6965885e-07 0.00049089757
0.0003713015 0.69072235 0.005427068 0.105445646 8.35101e-05 0.023967737 3.310509e-05 1.3189522e-05 0.00030108498 0.0056358925 5.55463e-06 6.533862e-05 4.2147403e-06 0.0064438926 0.99995595 5.944618e-07 3.4925765e-06 1.820654e-18 0.9774547 1.325862e-07 2.254835e-06 0.00013134713 6.005795e-07 3.3427156e-07 4.2358756e-06 0.001077908 0.00010963741 1.34856295e-08 0.09612828 2.790812e-08 3.9781057e-08 5.347952e-08 3.9363666e-08 1.9364123e-08 8.6128e-08 2.4436142e-08 5.9292993e-06 7.930882e-08 3.6399381e-09 9.42095e-10 2.0515796e-09 2.3345965e-08 2.34692e-07 2.350235e-07 2.1706705e-07 8.7079854e-10 2.1498359e-09 6.550248e-08 8.896651e-05 1.1120007e-08 3.7682145e-07 1.3072173e-07 3.450269e-09 0.004101122 7.321016e-08 3.643568e-05 8.970828e-10 3.8184296e-09 1.12240155e-08 5.075019e-08 2.3007956e-09 1.5337248e-09 2.6248161e-09 1.4987699e-10 8.6466e-10 4.958551e-09 1.5297601e-09 4.4467834e-09 1.7521784e-11 3.8836944e-11 4.4968823e-10 7.139659e-09 5.8028e-08 1.4433356e-11 5.718832e-06 5.7515916e-07 1.08408546e-10 2.6110259e-08 5.93439e-10 6.6855255e-10 1.7404814e-10 1.8934216e-08 2.6114366e-10 8.163849e-12 1.11140375e-10 6.5387615e-09 8.195802e-12 4.0465338e-09 1.4395191e-06 1.112694e-09 0.00020341462 6.2874257e-09 1.5985157e-05 7.788399e-11 4.0606207e-13 6.674998e-11 1.8285746e-11 3.559955e-09 1.0409846e-11 5.546646e-12 4.148106e-10
0.002988995 0.00041791762 0.0032337902 0.004610259 0.0011563195 0.012395433 0.0026417286 0.0020949915 0.061203025 0.11702738 0.00029640662 0.007994314 0.00020360154 0.8423063 0.9176597 4.15236e-05 0.00048437007 0.9774547 7.1959436e-13 5.2126657e-06 3.2089763e-05 0.04584953 2.5397976e-05 4.085906e-05 0.000325593 0.11709402 0.00496485 2.1782864e-06 0.97945666 4.8246857e-06 2.3220035e-05 4.1534627e-06 1.13489e-05 2.0231264e-06 1.3284783e-05 2.6850653e-06 0.000210281 6.423788e-06 3.8735398e-06 1.2143744e-06 1.9496654e-06 6.9255873e-07 3.914226e-05 9.302171e-07 6.0544986e-05 1.1875495e-06 1.3039087e-06 1.5842807e-06 0.0002889969 3.1172158e-07 5.3738197e-05 7.9909405e-05 3.4089912e-06 0.01280727 8.1316773e-07 0.0003035127 3.8615226e-06 6.8124245e-07 1.922219e-06 6.938165e-06 1.4103077e-06 4.0229816e-07 1.6446959e-06 9.589759e-07 2.4403937e-06 8.5683304e-08 6.2617255e-07 4.5306805e-07 2.3883904e-06 2.1143685e-06 8.143229e-08 1.2561944e-07 1.3834493e-06 1.9244626e-06 1.7545699e-05 6.5981862e-06 4.5598764e-08 3.5815313e-07 5.369542e-07 9.474026e-08 3.679104e-08 2.4935656e-07 1.3389257e-07 1.0114098e-07 1.0734284e-08 5.7630237e-05 9.025763e-07 5.504837e-06 1.4148564e-05 2.460019e-08 6.385215e-05 3.0948447e-06 0.00035621223 1.1074901e-08 2.194028e-09 2.8428704e-09 1.5144116e-07 1.165438e-06 3.739587e-08 3.6387025e-09 3.0131304e-08
0.85835624 0.020306421 0.008150856 0.00032503644 0.18441485 0.9254414 0.01228057 0.0045990804 0.0098069655 0.00016091805 0.062906146 0.0015850115 0.89942837 0.0001485104 7.442333e-05 0.00090738956 0.006075565 1.325862e-07 5.2126657e-06 1.3164242e-12 0.00026017748 0.000213398 0.7615728 0.00048022956 0.00012783022 1.6978114e-05 0.0009110349 0.00044549527 4.8755373e-06 6.8648085e-05 0.00017316703 0.8905982 0.0020958928 0.9825349 0.0011835485 0.6077293 0.000798161 0.24781942 5.885647e-05 4.2320735e-05 8.921945e-05 6.368831e-05 0.0995789 0.6825349 0.049168903 2.8332193e-05 1.4353348e-05 2.0722602e-05 9.453142e-06 0.0862184 0.0038778295 0.0013258008 0.091105536 9.635481e-06 0.0944184 1.6800914e-06 0.19151254 0.0869178 1.1463628e-05 0.00048546746 1.0342332e-05 4.982577e-06 0.072065845 1.0145872e-05 7.4478035e-06 2.2159047e-06 1.6132461e-06 9.221576e-06 8.667431e-06 4.012175e-06 0.0120336 0.08530296 0.041237287 6.4047094e-06 7.37714e-08 1.5372136e-08 0.00095689396 0.0004715802 1.0811607e-06 1.6833616e-06 0.0132852085 7.494479e-06 0.015966792 2.854923e-07 8.20026e-06 3.3544802e-07 2.6495312e-07 0.16870882 0.00018030699 0.12363004 4.4233957e-08 0.006747467 0.052159175 3.8304324e-07 2.2633957e-07 1.7485395e-07 6.793221e-09 1.2008016e-07 2.3267392e-10 1.7011646e-07 0.0065569277
0.98424953 3.29876e-05 0.00063676806 7.17068e-05 0.0016890109 0.00076346385 0.015604911 0.028072298 0.008863874 0.00023823096 0.6071628 0.06346952 0.0040457477 0.00035706896 1.2249671e-06 0.8883583 0.7049653 2.254835e-06 3.2089763e-05 0.00026017748 1.4157072e-12 0.029162537 1.9390134e-05 0.9475234 0.13382165 0.0038006138 0.10287202 0.80634207 0.00018261377 0.16549769 0.3405385 0.00047427704 0.86664176 0.0001317599 0.6167128 3.1130492e-06 0.15075636 0.00041059486 0.09448973 0.37112635 0.25440902 0.002008223 8.680949e-06 0.00018382064 0.48104692 0.11759342 0.2174739 0.0065110587 0.112962484 1.9573472e-05 0.4490531 0.21372513 7.3942334e-05 0.00063032104 0.000150345 0.0015893155 4.3711387e-07 4.4847944e-05 0.00074779836 7.200864e-06 0.05755449 0.17097233 0.0006671891 0.22022654 0.025830781 0.009670587 0.01054843 0.00012238124 0.044336744 0.041600168 5.11882e-06 1.8001602e-07 0.00028275335 0.016081106 4.711001e-05 0.0014581452 3.129088e-07 2.2921513e-07 0.027824832 0.010875015 3.7910315e-05 6.808119e-05 2.4945241e-09 0.001998913 4.5995013e-05 0.005189017 0.0024703708 1.47725e-06 2.8454624e-06 2.9698904e-07 2.926166e-06 0.0013959284 0.067033574 1.4031231e-05 0.014134911 2.5843812e-05 0.0032834217 0.00040803594 4.193097e-05 2.000986e-05 0.0003705892
0.7558416 0.00024533257 0.0029240348 0.003339479 0.08358445 0.009651066 0.06836776 0.37229583 0.8366807 0.028960135 0.07233193 0.8870064 0.0020228312 0.20390941 0.0034680357 0.038301464 0.28508747 0.00013134713 0.04584953 0.000213398 0.029162537 1.4484866e-12 0.0001903214 0.010878199 0.223849 0.99759257 0.94597673 1.1199146e-06 0.44416824 0.00092036097 0.01761549 0.000823997 0.007259858 3.94247e-05 0.00664969 1.0192714e-05 0.12453431 0.00017449823 0.00041605928 0.00011331365 0.0005999879 0.00018101373 5.736049e-06 2.5929328e-05 0.010528485 4.3051114e-05 4.719106e-06 0.00011431461 0.05521987 3.4881562e-06 0.010935485 0.003222252 2.0100565e-06 0.20016947 1.2892701e-05 0.0014879812 3.5834382e-05 5.005467e-06 2.4539308e-05 0.00032426397 1.441283e-06 1.6086826e-05 0.00013866236 6.369414e-07 2.2153205e-05 1.154154e-06 9.822516e-06 1.7546401e-05 8.3515744e-07 8.785801e-07 1.6914529e-06 3.101778e-07 2.2691404e-05 3.1060447e-06 5.7591395e-05 5.8671973e-05 2.6541005e-09 2.1059599e-07 9.889407e-07 6.873986e-07 3.8787334e-06 4.332013e-07 1.5579792e-08 2.7697027e-07 1.000347e-06 5.9037367e-05 3.1127598e-07 6.362184e-07 1.8447436e-07 9.392587e-09 5.286262e-06 0.00014962537 0.008130896 4.6258512e-07 1.6514993e-07 4.899759e-07 1.15043576e-07 4.840948e-07 7.427498e-09 1.6663936e-08 7.4530006e-05
0.38490278 0.0052176495 0.00230093 0.00023757912 0.008887493 0.99218565 0.00042765532 9.126061e-05 0.0012523726 0.00032747138 0.00014874115 5.772903e-05 0.017225398 0.00015175599 3.1258343e-05 7.3363576e-06 0.0003782556 6.005795e-07 2.5397976e-05 0.7615728 1.9390134e-05 0.0001903214 3.1998401e-12 2.1603787e-06 1.7955601e-05 1.2305049e-05 0.00083952764 7.936914e-06 3.00483e-05 2.9928012e-07 1.2450119e-05 0.017164879 8.4186395e-06 0.47916442 3.0802443e-05 0.9942695 0.00042862626 0.010082728 7.777448e-06 1.3196801e-06 3.2334278e-06 3.497931e-07 0.8498233 0.05221758 0.00015478527 4.6694986e-06 1.2505459e-06 3.0123155e-07 3.2282067e-05 0.13482983 6.7509873e-06 4.45474e-06 0.044263557 2.248537e-06 0.024761645 6.92643e-06 0.2667127 0.03421964 4.639509e-08 0.0060045472 1.8928889e-06 8.319551e-06 0.005152539 1.1845166e-05 7.4257994e-05 8.3796334e-07 1.5328857e-05 6.0470114e-08 3.1180305e-05 4.0711646e-05 0.009665111 0.007377279 0.016149089 7.2119287e-06 2.3718283e-07 1.3282678e-07 0.00012457644 0.005062331 2.4962712e-05 2.4574585e-06 0.012272523 9.047199e-08 0.00017568714 2.6811374e-06 4.2742366e-07 5.8968913e-06 3.6426418e-06 0.0017183272 0.005144327 0.0064375903 1.5925555e-07 0.0038359936 0.0011394412 2.3215384e-07 7.252262e-08 4.5169998e-07 5.5617573e-07 1.3884072e-06 3.2122462e-09 6.4807716e-07 0.0047294595
0.97763586 5.6451163e-06 0.00021984089 4.001787e-05 0.0025353583 0.00049305765 0.0056666955 0.015155148 0.0016031209 5.3451964e-05 0.44598025 0.0066434406 0.0019232627 0.00018939706 5.024691e-07 0.8002553 0.39068776 3.3427156e-07 4.085906e-05 0.00048022956 0.9475234 0.010878199 2.1603787e-06 9.198184e-14 0.063624166 0.0020887116 0.027409557 0.9691869 0.00015170114 0.776385 0.2875899 0.0004984006 0.72077805 0.00017398757 0.54837745 1.4000855e-06 0.08065772 0.00057373627 0.09151553 0.344151 0.23659232 0.009039866 2.1519406e-07 0.00015244905 0.4294642 0.12145091 0.14554912 0.024389355 0.074417725 5.38037e-06 0.4423453 0.17872362 3.566895e-05 0.0007344026 0.000121963894 0.00093237666 3.4312274e-07 4.7291414e-05 0.0025431754 6.055604e-06 0.02593581 0.15649797 0.000763745 0.18603814 0.022078156 0.008661164 0.0053484244 0.00017321491 0.04741354 0.034745023 8.583888e-06 1.4436854e-07 0.00050516677 0.016423209 8.050681e-05 0.0014712838 1.0892439e-07 7.27024e-08 0.019657932 0.0100025935 5.5630673e-05 7.0892886e-05 1.5679205e-09 0.0023684076 3.2387095e-05 0.005406588 0.0030091275 5.8628063e-07 1.308975e-07 8.721009e-08 4.31775e-07 0.0040072347 0.055159528 1.1965537e-05 0.0040782196 1.8119328e-05 0.0032354083 0.00010413954 2.476283e-05 7.98641e-06 0.0019591674
0.93940794 9.786667e-06 0.0018006052 0.00024294542 0.009958221 0.0016905919 0.072375536 0.098283574 0.057511415 0.000108105654 0.075151354 0.51994425 0.0014420289 0.00095898187 9.241954e-05 0.07891849 0.79926115 4.2358756e-06 0.000325593 0.00012783022 0.13382165 0.223849 1.7955601e-05 0.063624166 1.1453533e-12 0.033821225 0.9338584 0.024924248 0.0029946428 0.0025240423 0.9815302 0.00043145195 0.031624496 0.00023426997 0.22019939 6.814514e-06 0.9605805 0.000508369 0.4877917 0.005321 0.072371185 0.0003860194 9.5126626e-07 0.00012224652 0.009901459 0.001968162 6.292705e-05 0.00014851196 0.47568715 2.6307405e-05 0.012993302 0.0026372431 1.8816609e-05 0.0251158 0.00013134851 0.0114720445 1.3076968e-06 0.00011937551 2.1743728e-05 2.8042172e-05 1.4846317e-05 0.029083159 0.00014045337 0.00014092484 0.026191436 6.145842e-06 0.011331446 9.550417e-06 3.4991594e-05 2.3040982e-05 8.043662e-06 7.1124896e-07 8.8699475e-05 2.7304055e-05 0.00020470447 0.008540545 4.590329e-09 4.9649888e-08 6.0365684e-05 2.1325702e-06 3.528807e-05 1.5492822e-06 2.1334803e-09 7.141859e-07 1.8499397e-06 0.0077714287 3.6324096e-07 4.6945812e-07 3.7355218e-07 2.2515268e-07 1.01708965e-05 0.0001485927 0.009607748 1.2059942e-06 6.2671614e-07 8.531423e-07 1.9840295e-06 1.3800268e-05 2.535891e-09 4.8339444e-07 0.000105726045
0.25824374 7.2149385e-05 0.00056801975 0.00035696442 0.0016203267 0.0033398848 0.0028672044 0.043626145 0.080268465 0.008356192 0.006092341 0.25566012 6.5527325e-05 0.0547942 0.009795338 0.003272321 0.07678554 0.001077908 0.11709402 1.6978114e-05 0.0038006138 0.99759257 1.2305049e-05 0.0020887116 0.033821225 1.9944335e-13 0.7267987 7.3501326e-08 0.9888876 0.00017858489 0.0028447206 1.762864e-05 0.0009607912 3.57471e-07 0.0011309179 4.0726087e-07 0.046063572 6.5802774e-06 0.0001831356 2.2993176e-05 0.00012060392 1.6540764e-05 1.9464012e-06 9.828508e-07 0.00034535694 6.2153517e-06 4.6996564e-07 2.240576e-06 0.45316526 1.7754646e-06 0.0004887609 0.00028827984 3.8879082e-07 0.72749424 4.75936e-07 0.02143207 9.958014e-08 2.2283018e-06 2.219133e-07 3.5692905e-05 1.0137969e-07 2.1108157e-05 1.6583259e-06 2.0321045e-06 1.8773895e-05 9.294184e-08 1.20661725e-05 3.0977543e-07 3.8846244e-07 2.7926507e-07 4.1904646e-06 5.6533196e-07 9.737079e-07 5.1536534e-07 0.002102384 0.012340569 1.4669446e-09 2.2349566e-08 1.8869565e-07 5.5200115e-07 3.6551692e-06 4.0081215e-08 6.506353e-09 5.3621804e-08 4.080096e-07 0.00014554839 9.3306674e-08 9.72725e-07 1.4772417e-06 2.0444672e-08 0.00015655233 5.1255024e-06 0.0013835775 1.5355924e-07 2.7989344e-09 7.262007e-08 2.7386603e-08 1.4664651e-05 2.8489664e-09 8.602489e-08 1.8146838e-07
0.9215809 5.4139527e-05 0.00076072646 0.0004170576 0.019741163 0.039067365 0.0071037146 0.24569878 0.12491596 0.0009955424 0.07554739 0.88241047 0.0013727935 0.01055488 0.0005573949 0.05516815 0.68351597 0.00010963741 0.00496485 0.0009110349 0.10287202 0.94597673 0.00083952764 0.027409557 0.9338584 0.7267987 3.0775058e-10 1.8495246e-05 0.15718995 0.003103339 0.18869884 0.00024603034 0.019000962 0.000300909 0.08990533 6.328122e-05 0.9056313 0.00019086267 0.021275716 0.0062087053 0.01751144 0.0012512862 3.1219377e-05 9.3644325e-05 0.00938846 0.0023675337 0.00046651458 0.00036905342 0.9270956 4.3947635e-05 0.010643904 0.0031641908 5.561232e-05 0.5379279 5.057141e-05 0.0675412 2.5945827e-05 0.00021085916 0.00013334738 0.0010780612 2.5961e-05 0.001133744 0.00022060348 0.000107051295 0.003157437 8.435532e-06 0.0020463148 8.8374574e-05 6.3676285e-05 5.626078e-05 1.9351415e-05 3.998321e-06 9.9925724e-05 0.00011502236 0.00081379624 0.006258624 3.9793502e-08 3.2648086e-07 0.00011287134 5.9162967e-06 2.373607e-05 2.1986803e-05 2.8019596e-08 3.8339576e-06 2.954503e-05 0.011808138 6.1301653e-06 1.2656321e-06 8.094597e-06 4.499317e-07 3.7447782e-05 0.00029984678 0.011510845 1.9768611e-05 2.5983377e-06 1.2233812e-05 1.09717585e-05 5.936064e-05 1.01224934e-07 1.0111461e-06 9.295563e-05
0.82366663 1.9286117e-09 0.00016719669 3.084139e-07 0.003820346 0.00903837 0.015953017 0.0060277754 0.0015867107 1.8061091e-06 0.2057867 0.027858146 0.002914522 2.2944537e-06 6.817943e-07 0.35251558 0.43706256 1.34856295e-08 2.1782864e-06 0.00044549527 0.80634207 1.1199146e-06 7.936914e-06 0.9691869 0.024924248 7.3501326e-08 1.8495246e-05 2.6372693e-18 3.0353362e-07 0.580978 0.24524722 0.00051047537 0.9888232 0.00012815956 0.9052202 2.6319967e-06 0.002883696 0.00044229664 0.04125603 0.45478097 0.12774658 0.040811595 2.614947e-07 8.749246e-05 0.12138184 0.10104611 0.21138951 0.18532924 2.1231401e-06 5.6330755e-06 0.10869879 0.051251817 5.9212385e-07 2.9540392e-06 0.00011582238 1.6611395e-07 5.041443e-07 8.04005e-06 0.025259262 2.5989436e-07 0.0061331047 1.324021e-05 0.00078043004 0.001980526 1.4373496e-05 0.0009086596 5.1345974e-06 0.0008493597 0.000121244644 9.06057e-05 1.17288e-05 3.6988336e-06 0.000329382 9.408304e-05 2.6888614e-07 1.4900024e-06 3.4994276e-08 2.139104e-08 1.3564311e-06 1.1972077e-05 3.5388435e-05 0.00032926578 6.5416766e-10 7.922303e-06 5.0994884e-05 2.1046096e-06 0.00017116753 4.1433664e-06 2.5923478e-08 1.01797454e-07 2.0853643e-07 0.0005362858 0.032601096 2.4368714e-05 9.377252e-06 3.428032e-05 3.8366366e-07 2.1263972e-07 9.989142e-07 3.515341e-07 0.00022823762
0.031864937 0.0002889076 0.0017490693 0.0017868167 0.0026441975 0.039029032 0.001978472 0.014950093 0.13228361 0.025397822 0.0014686967 0.07478323 7.752615e-05 0.46294785 0.007642229 0.00023272369 0.008041511 0.09612828 0.97945666 4.8755373e-06 0.00018261377 0.44416824 3.00483e-05 0.00015170114 0.0029946428 0.9888876 0.15718995 3.0353362e-07 8.95914e-12 1.3030962e-05 0.00033087714 1.3288857e-06 5.370069e-05 4.8868e-07 7.6778604e-05 3.6511105e-06 0.002996394 3.8705484e-06 2.5535512e-05 1.675282e-06 5.196262e-06 2.7128942e-06 2.8030889e-05 5.033348e-07 5.8473113e-05 9.950976e-07 1.3263419e-06 3.5956814e-06 0.008529752 1.2617702e-05 7.520773e-05 0.00010607842 5.362669e-07 0.9735332 9.1269925e-07 0.008765655 1.2755003e-06 1.0618621e-06 1.6773491e-06 1.5027839e-05 1.1563762e-06 4.5266253e-07 2.424399e-06 5.908152e-07 1.6589255e-06 2.4817015e-07 2.0198222e-06 1.4528308e-06 1.4774164e-06 1.5198292e-06 3.2771725e-06 7.358482e-07 2.3043806e-06 5.8213463e-06 0.0003949786 0.0008023057 7.339048e-09 1.4066347e-07 7.0759955e-07 4.9354196e-07 7.848045e-08 2.2240714e-07 1.3226567e-07 1.3110164e-07 2.0990642e-07 3.099049e-05 2.0030604e-06 3.2165456e-06 5.4937118e-05 8.6109935e-08 0.0014560912 5.46551e-06 0.00097276963 6.4082705e-08 5.5050227e-09 3.5108467e-08 4.2682692e-07 1.0062425e-05 5.0706067e-08 2.9841157e-08 9.1224194e-08
0.9904284 1.8643781e-06 0.00016698062 9.932233e-05 0.00022452329 1.834736e-05 0.0036623154 0.0006716487 0.0009790065 5.570027e-05 0.009391823 0.0042364206 0.0008176868 6.561631e-05 4.0986365e-07 0.11639376 0.028877169 2.790812e-08 4.8246857e-06 6.8648085e-05 0.16549769 0.00092036097 2.9928012e-07 0.776385 0.0025240423 0.00017858489 0.003103339 0.580978 1.3030962e-05 1.6089176e-14 0.0070001753 0.0002102806 0.78322685 1.629983e-05 0.14718704 4.68923e-07 0.003777235 0.00034208852 0.0048261215 0.12446367 0.01961074 0.9688771 6.041593e-08 2.6780723e-05 0.58717173 0.045742016 0.47916093 0.7159035 0.0012740651 2.9702787e-07 0.6532169 0.8914031 3.1147777e-06 1.9677385e-05 4.48352e-05 7.986537e-05 1.8691107e-07 3.6594488e-06 0.3897514 4.9308466e-07 0.3043167 0.02537447 0.00064452604 0.054237414 0.0032546264 0.11468764 0.00045132067 0.06603143 0.02359262 0.016135419 9.561822e-07 1.9274701e-07 0.00011065053 0.019985342 5.5244695e-06 9.9521065e-05 2.0314862e-06 7.1987034e-09 0.010984213 0.2810681 2.2049178e-06 0.024252735 3.1691654e-09 0.02458256 0.005637819 0.000743101 0.042020403 2.7651288e-07 1.2941346e-07 6.7567576e-08 2.0830349e-07 0.0005619408 0.12643352 0.00069845736 0.25173125 0.0007724232 0.0016238778 2.7517943e-05 0.0027563605 0.0010222743 8.510393e-05
