2.913456e-22 0.8705612 0.7816738 0.8249237 0.8568915 0.96164924 0.9786881 0.9468933 0.9709114 0.51111126 0.8344075 0.53085357 0.8475264 0.90437883 0.9475059 0.9801658 0.91735905 0.2137253 0.9736936 0.16194166 0.974373 0.07706561 0.97092265 0.9380509 0.9795774 0.3617137 0.04458101 0.058201622 0.98423415 0.29160547 0.12390331 0.8891157 0.9717263 0.034187194 0.65823907 0.9821182 0.9850116 0.97326964 0.9842838 0.123831816 0.58601016 0.9492326 0.982637 0.79859036 0.9837485 0.7080117 0.011708188 0.8586766 0.034497816 0.87479293 0.41598192 0.75805736 0.44716924 0.99066615 0.9985632 0.9531435 0.9888078 0.9695841 0.8631066 0.9872757 0.015119009 0.0015844153 0.11055028 0.9995516 0.9880803 0.96359944 0.02062272 0.19374523 0.9753906 0.0668498 0.9741968 0.031600416 0.9999295 0.99067575 0.0039208243 0.9455026 0.000113337956 0.0052605784 0.021184333 0.9904961 0.93105847 0.00071876217 0.964995 0.37974176 0.69667065 0.16284725 0.000112535454 0.9937701 0.0008112298 0.7417369 0.99472195 0.002166203 0.51660633 0.99957925 0.33283177 0.7764096 0.033987224 0.005356408 0.9420126 0.017399864 0.9889736
0.8705612 3.7487804e-22 0.82883614 0.7618122 0.9097273 0.89708686 0.90605974 0.118962646 0.50399023 0.06774837 0.4428446 0.017133273 0.15125309 0.024504486 0.23437232 0.60272634 0.02154604 0.000968943 0.49921808 0.0012438259 0.5178645 0.0004080515 0.0041991957 0.060353212 0.060112454 0.004256532 0.000120822195 0.0001025339 0.16417542 0.00067956623 0.0013256231 0.00025348747 0.17508057 7.911669e-05 0.0008699848 0.005430547 0.050071623 0.0985959 0.011963987 6.3156534e-05 0.0009903399 3.8571316e-06 0.07847542 9.186667e-06 0.05776321 6.364025e-06 5.278262e-06 1.0692875e-06 2.266743e-06 8.6375875e-09 5.241883e-06 1.7749196e-06 2.156194e-08 0.002502335 0.05569754 9.866002e-08 0.000230742 4.2078545e-07 7.8860225e-08 0.0004956632 7.3884344e-06 5.09952e-06 7.3221577e-07 0.0024093287 0.0005439306 6.3229004e-06 4.827171e-06 0.00034924885 0.013579858 2.4669712e-06 0.00017464107 9.5793794e-08 0.0271099 0.00041613707 2.3800615e-06 8.818259e-06 3.6560966e-08 7.641628e-07 1.6994136e-07 0.004750303 2.5543892e-05 1.08760595e-07 0.00011205439 9.505611e-08 5.302638e-09 0.002918488 1.6312052e-07 0.018777007 1.1125296e-07 6.3524345e-07 0.0035836876 1.7438983e-07 3.211715e-08 0.04307814 2.8093147e-10 1.6642753e-06 2.8910713e-10 1.7305268e-07 0.00044434666 2.1780919e-07 8.886933e-05
0.7816738 0.82883614 3.2250068e-18 0.9729026 0.89322114 0.21812339 0.45377493 0.4926798 0.022552662 0.17000353 0.55753756 0.08778301 0.20472552 0.008389486 0.13068025 0.07172553 0.0032929687 0.01322387 0.06427716 0.019058347 0.08878315 0.09123162 0.00028109926 0.034138612 0.019778958 0.0052466253 0.0089046825 0.0016089068 0.0026488139 0.0040470366 0.0017894241 1.4730754e-05 0.002507293 0.030773804 0.0002698203 2.9752995e-05 0.0035804783 0.014036587 0.00085627165 4.0564024e-05 0.00246848 4.3224756e-07 0.015361293 1.4133951e-06 0.0077852 8.1641036e-07 0.0008448664 6.231507e-08 0.00038155104 1.8914714e-09 6.0781636e-06 1.7754714e-06 5.9616355e-08 0.00024072813 0.0075866343 4.2355918e-08 2.694712e-05 1.2829106e-07 7.008032e-09 9.235178e-05 0.00034906718 0.00028341505 9.0147305e-06 2.6941854e-05 5.1252897e-05 9.057336e-06 0.0008214628 0.0020051228 0.0076978984 6.162748e-05 1.1414668e-05 6.226716e-07 0.0062622693 2.4180617e-05 0.00011417929 1.3564647e-06 9.0765695e-07 4.105283e-05 1.0597432e-05 0.0003241214 6.2987397e-07 2.7643406e-05 2.3253665e-06 2.4602631e-08 1.3341456e-09 0.0018080429 2.3907385e-05 0.0060067386 1.02415015e-05 3.0977455e-07 0.00067946577 7.1714912e-06 3.4627174e-08 0.016209425 6.1870414e-10 4.0745178e-08 1.1406527e-09 1.2377129e-06 0.00088114035 8.012134e-08 8.7427115e-06
0.8249237 0.7618122 0.9729026 1.7921482e-17 0.7599007 0.30536565 0.44588768 0.86314857 0.033631884 0.32380438 0.54602957 0.33549353 0.104056925 0.035057425 0.09480648 0.06217606 0.0064121904 0.07616704 0.035313375 0.032837782 0.04185212 0.50957036 0.0003867669 0.014828348 0.00970728 0.002669058 0.08143994 0.01074474 0.006629263 0.011398399 0.0004367018 4.5323613e-05 0.002796487 0.15563904 0.0003342147 3.047796e-06 0.0051946966 0.010410911 0.00067409937 1.6782842e-05 0.006832615 4.567676e-08 0.010605542 7.565496e-07 0.0052030087 2.598603e-06 0.0020686775 2.5090985e-08 0.0009094767 3.7579255e-09 1.503911e-05 1.4004568e-06 2.473993e-09 2.959311e-05 0.0060129883 5.4589982e-08 6.2357817e-06 1.1871039e-07 2.2823825e-08 2.3523262e-06 0.0006204479 0.00020883828 3.4892373e-06 6.125043e-07 6.5232252e-06 3.0000035e-06 0.00095746765 0.00037546354 0.003207767 1.5022883e-05 3.539422e-06 6.5638403e-07 0.004836163 2.7872e-06 0.00015264093 1.5652904e-06 3.1472496e-06 4.043117e-05 3.3394067e-06 1.658477e-05 5.91283e-07 7.1823256e-06 2.3271032e-06 3.2546165e-08 1.711023e-09 0.00021467722 4.911162e-06 0.0033525492 1.0407228e-05 5.0272746e-07 0.00019339248 8.623346e-06 1.0835697e-08 0.005849708 8.367889e-10 6.257293e-08 8.237387e-10 2.5544343e-06 0.0002863241 1.6851357e-07 1.6379151e-06
0.8568915 0.9097273 0.89322114 0.7599007 2.32828e-17 0.21313961 0.59791046 0.6375205 0.03490576 0.5554623 0.7999909 0.10475688 0.4677353 0.024927773 0.29709476 0.20843153 0.0072626383 0.028030224 0.1466652 0.06953504 0.19906953 0.16407998 0.0014227978 0.0835303 0.07707426 0.017909402 0.014131844 0.005786192 0.006237308 0.015394827 0.009380049 0.00011076424 0.0040358286 0.051404744 0.0010957199 0.00016070626 0.005278124 0.029018141 0.0016315577 0.00012853275 0.021904886 4.502637e-06 0.038832296 2.0160607e-05 0.01716136 6.8672475e-06 0.0022125505 5.0923564e-08 0.0022742937 7.721642e-08 0.00031946786 5.135067e-06 4.774385e-07 0.0010365779 0.019396614 2.7942167e-07 0.00015059469 2.3365724e-06 9.332377e-08 0.0003107426 0.0023585137 0.00044501314 0.00014301091 0.00025223012 0.00023900285 3.5866517e-05 0.0042371484 0.005132573 0.017017452 0.001689106 5.3304437e-05 1.0730944e-05 0.011041115 0.00011950969 0.0005613162 8.2333045e-06 2.7999615e-06 8.4958694e-05 0.000363632 0.0010192886 2.4809335e-06 0.00014726084 1.6384081e-05 2.5620864e-07 3.7205607e-09 0.00550445 4.7050737e-05 0.008275152 7.1718016e-05 7.279984e-07 0.0011580223 7.2361065e-05 2.2457463e-08 0.017978828 1.3042399e-09 3.538833e-07 2.4346805e-09 7.196007e-05 0.003367335 1.1473045e-05 2.7654454e-05
0.96164924 0.89708686 0.21812339 0.30536565 0.21313961 1.3598935e-17 0.32319617 0.71443117 0.9427907 0.0094216205 0.013949192 0.2635174 0.009016494 0.48442665 0.017669406 0.43409687 0.47000712 0.042382177 0.108230025 0.0007692321 0.027698629 0.0074140043 0.51331383 0.0031502487 0.0046332534 0.00013398447 0.004564937 0.019404074 0.31635177 0.08088285 3.1363124e-05 0.10161071 0.16331652 0.0013674109 0.093013294 0.16466583 0.14335512 0.08501802 0.16351742 0.044550765 0.19028766 0.041305214 0.013952159 0.06312861 0.08131189 0.049308334 0.00030598798 0.00022774753 0.0065920954 0.008428512 0.024931155 0.0019176959 0.00020520209 0.028577149 0.05097303 0.0007252208 0.005013087 0.000968717 0.00027264495 0.007133719 0.0073570902 0.0010991899 0.0070002717 0.012936543 0.004619941 0.00039621416 0.03226892 0.0011825252 0.0064247907 0.0028936826 0.0018974943 0.00015941839 0.015873805 0.0029408257 0.0030759396 0.0007247451 3.1097497e-06 0.0026856007 0.0009906101 0.015652068 0.00064317085 0.00054624083 0.0013246362 1.2297077e-06 1.7333366e-05 0.0009075073 0.00014133818 0.0300546 0.00034955406 0.00010024108 0.005587885 0.000259501 3.430567e-05 0.023888841 1.9858355e-06 2.1442362e-05 4.7573135e-07 0.00015107989 0.0007557918 1.2894756e-05 0.00035814088
0.9786881 0.90605974 0.45377493 0.44588768 0.59791046 0.32319617 1.1248782e-17 0.41091374 0.3215203 0.15834676 0.4395374 0.06397946 0.21404405 0.027776659 0.33344454 0.64162964 0.0113197435 0.009686533 0.5491391 0.009086163 0.57591164 0.02006072 0.00121523 0.061308134 0.18662685 0.0027162344 0.0022565497 0.0024305838 0.052442 0.0047871447 0.00097491447 6.748911e-05 0.03197898 0.009852595 0.0008478597 8.517278e-05 0.01604193 0.09640381 0.0015127964 2.0475825e-05 0.0060400926 1.5482445e-05 0.14420722 4.693706e-06 0.06548844 1.3214207e-06 0.000463522 2.5120037e-09 0.0004652956 6.5496706e-09 4.730982e-05 4.008083e-08 2.57022e-06 0.0014960162 0.1299024 2.7398569e-08 5.946756e-05 3.300053e-07 5.074823e-09 0.00043660167 0.00060510903 0.0002477097 7.373477e-06 0.0013670066 0.00042087556 1.4926045e-05 0.00088800164 0.0007975238 0.037950676 0.00011210966 7.009323e-05 2.4584504e-06 0.065994605 0.00031897682 0.00016109539 4.9237447e-06 3.4248574e-06 9.355305e-06 2.7567927e-05 0.004736537 3.7624282e-06 8.181856e-06 5.8559053e-05 2.5102509e-07 6.6738687e-10 0.009700802 3.4181191e-06 0.023796804 8.905765e-06 1.5754937e-06 0.0040450725 5.6748318e-06 4.580901e-09 0.06299031 2.344304e-10 1.1523656e-06 1.5655566e-09 3.2566302e-05 0.0038708884 7.489152e-07 4.2770138e-05
0.9468933 0.118962646 0.4926798 0.86314857 0.6375205 0.71443117 0.41091374 1.9613408e-18 0.05519546 0.014690037 0.05650244 0.9769049 0.011931963 0.489827 0.015704446 0.15902524 0.09614728 0.54559726 0.04410749 0.00012431487 0.02485671 0.37971956 0.011978658 0.0018424635 0.002128473 3.6019705e-05 0.23379996 0.22789517 0.036378264 0.25805396 1.4354073e-05 0.00046452074 0.008343456 0.05126751 0.0015909874 5.6843837e-05 0.012887164 0.008760221 0.0029944615 0.0003663197 0.13851252 2.0382814e-07 0.0037023227 7.0290403e-06 0.0045518526 9.589914e-07 0.011236237 1.7557363e-09 0.024568733 4.780136e-10 1.4095447e-05 5.31563e-09 1.3698364e-08 0.00027415354 0.0028690984 2.9363707e-09 2.676132e-05 2.9430781e-08 8.361811e-10 9.685807e-07 0.006039021 0.0012005047 5.017891e-07 1.6803958e-06 4.487997e-06 3.8085372e-07 0.014522312 6.9705995e-05 0.0005218433 5.1912148e-06 4.429139e-07 8.07405e-08 0.00059462374 6.221036e-07 0.0006040801 9.652007e-08 1.46797065e-05 0.000265938 7.974423e-06 0.0002775532 3.1101887e-08 0.00010191874 2.5041706e-07 5.838743e-10 3.5749994e-09 9.676408e-05 1.2909373e-05 0.0028218883 2.7453409e-05 2.4733005e-08 0.00038838098 1.824751e-05 6.612142e-09 0.008180405 2.4601013e-10 4.1304e-09 1.1996391e-10 3.691176e-06 4.5372137e-05 5.135821e-08 1.9082884e-06
0.9709114 0.50399023 0.022552662 0.033631884 0.03490576 0.9427907 0.3215203 0.05519546 2.637843e-18 0.0008095162 0.0038593344 0.012278766 0.005841635 0.02557703 0.013473394 0.773959 0.034734525 0.001582164 0.42381433 5.7019097e-05 0.058773383 0.00042193936 0.049431928 0.0035659038 0.003909151 9.493867e-05 0.0002654019 0.00059715426 0.74619335 0.005071604 1.124146e-05 0.01039359 0.5685951 1.40032525e-05 0.014423267 0.13483968 0.42028704 0.29648092 0.43611556 0.007593515 0.026812887 0.07668465 0.0224498 0.0048912833 0.19290866 0.007933346 1.3430769e-05 3.4457677e-05 2.991914e-05 0.00020402136 0.0013866705 0.0005021257 0.004319915 0.04265256 0.105059 0.00018730233 0.0076774657 0.00071209844 0.00014546429 0.00961996 0.00016829123 5.36581e-05 0.0001934074 0.024333226 0.005848196 0.00047005038 0.0016852716 0.00014026958 0.008670532 0.00022971927 0.0016223978 3.0022966e-06 0.033223968 0.002219654 0.00048076131 0.00030961228 3.289348e-07 0.00079941115 0.0003095999 0.014283352 0.00017546861 0.000154228 0.000852011 2.704726e-08 7.3694446e-07 0.0021432354 4.749213e-05 0.027155288 0.00079394004 4.0028863e-05 0.005521621 0.0016078721 6.6089086e-07 0.040929418 5.5195247e-08 1.4819426e-05 1.0850211e-09 3.3109318e-05 0.0012343383 3.8356671e-07 0.00040390532
0.51111126 0.06774837 0.17000353 0.32380438 0.5554623 0.0094216205 0.15834676 0.014690037 0.0008095162 2.8765236e-17 0.90296906 0.00036528517 0.5688495 0.0002572918 0.20924933 0.009348622 5.0458628e-05 0.00044380018 0.022567783 0.98514116 0.04774777 0.0384884 1.253959e-06 0.27516246 0.028756965 0.0546302 0.0009068688 0.00010528564 0.0002284687 0.00014206779 0.04917045 6.629639e-07 0.00019142451 0.02868046 5.042474e-06 2.40496e-07 0.00048601133 0.002079519 1.9931298e-05 1.847023e-07 3.132077e-05 3.8728782e-08 0.0071411314 4.260271e-08 0.0011136333 7.440601e-07 0.00032254664 4.849353e-09 1.0012676e-05 8.12899e-10 1.7517708e-07 1.2084367e-07 1.0728273e-07 2.9979676e-06 0.0022623483 1.3279266e-08 8.5839656e-07 5.093998e-08 4.8577836e-10 9.772914e-07 2.9721346e-05 5.0020764e-05 2.0820498e-07 6.197415e-07 8.590767e-06 1.8255508e-06 4.0266747e-05 0.031010358 0.012201351 4.292028e-06 2.9556682e-06 1.1840082e-07 0.004941413 5.059562e-07 1.3381598e-05 2.4414302e-07 2.1195399e-07 8.629084e-07 2.0808528e-07 3.5793804e-05 1.2462806e-07 8.0165404e-07 8.8380636e-07 2.5271094e-08 7.7882545e-10 0.002200324 1.9509653e-06 0.0020325573 5.411717e-07 3.828327e-08 0.00012860105 1.9883947e-07 7.3180106e-09 0.0032284271 4.988915e-10 1.9015175e-08 6.532475e-10 1.01110885e-07 0.0008112024 2.1219384e-09 2.91525e-06
0.8344075 0.4428446 0.55753756 0.54602957 0.7999909 0.013949192 0.4395374 0.05650244 0.0038593344 0.90296906 3.1433522e-16 0.002000555 0.9578377 0.00021794024 0.66440946 0.045857716 8.29199e-05 0.00039075429 0.14027572 0.6949843 0.29790282 0.10860048 1.2890408e-06 0.80658823 0.27235323 0.66769564 0.0006229627 1.842862e-05 0.0001525369 9.487702e-05 0.19659139 3.3895225e-07 0.00016247119 0.024873842 1.6510891e-06 3.968574e-07 0.0001655894 0.0015922907 8.420124e-06 1.2689932e-06 0.0005349562 1.6479058e-07 0.019796833 7.6565996e-08 0.0020571763 7.415018e-08 0.0002833329 4.7186846e-09 0.00013701475 1.283867e-10 1.1585215e-05 7.0464665e-07 7.826709e-07 2.6137306e-05 0.021812417 6.522444e-09 2.5762151e-06 2.4230074e-08 2.3501787e-09 8.394179e-06 0.00023485269 1.4857888e-05 1.5343314e-06 1.0757672e-06 5.5145215e-06 1.704754e-07 2.166311e-05 0.15953952 0.026060684 3.6011326e-05 3.2805417e-07 1.1903666e-07 0.009420038 5.023941e-06 5.7956193e-05 1.0628818e-07 2.5972727e-06 1.4056585e-07 8.577982e-07 0.0003408135 1.7836173e-08 1.743437e-06 2.5345227e-07 3.9065753e-08 4.759829e-10 0.0049263774 1.7626882e-06 0.0019380949 6.4400285e-07 2.2904623e-09 0.00023838754 3.982828e-08 4.620227e-10 0.0061679194 6.441369e-12 2.108551e-10 8.5827817e-10 1.6689943e-06 0.0018428254 3.5357127e-07 1.6991768e-07
0.53085357 0.017133273 0.08778301 0.33549353 0.10475688 0.2635174 0.06397946 0.9769049 0.012278766 0.00036528517 0.002000555 1.287604e-18 0.0006466572 0.6630654 0.0008081889 0.019809036 0.11542152 0.8508913 0.0039914693 1.7260818e-05 0.0016851205 0.119515456 0.011482213 1.5222597e-05 2.3067696e-05 5.9600948e-06 0.41932842 0.48255777 0.004063345 0.52568114 1.1069855e-06 0.0012981726 0.0004921313 0.010550763 0.0023721454 4.1888743e-06 0.00020649245 0.00030283496 0.00017009077 0.0009600961 0.21810582 2.6509655e-08 4.496589e-05 3.1539817e-05 9.232364e-06 1.3867889e-06 0.03273646 2.8788623e-09 0.18060033 1.3207948e-09 0.00034366047 4.2963638e-08 2.529138e-09 3.0269473e-07 2.186838e-05 2.4853106e-09 2.8993756e-07 6.861037e-09 5.9521194e-10 2.0803657e-08 0.053892683 0.009142365 2.1964515e-06 5.9040822e-08 5.331283e-07 1.7834397e-07 0.043084558 2.8511113e-05 4.7754365e-05 9.745282e-05 8.404624e-08 7.801524e-08 6.997935e-05 1.2006105e-07 0.0051433705 7.1939716e-08 0.00022955041 0.0016384824 0.00014544737 1.7923267e-05 1.5912095e-08 0.0007066804 3.4714667e-08 3.6711723e-10 2.776364e-09 1.9165129e-05 0.00011923863 0.00029477922 0.0002991222 4.837613e-08 3.1540843e-05 0.00027024344 1.87087e-08 0.0008310682 6.7528466e-10 5.038568e-09 1.03132704e-10 4.5555043e-06 7.1814484e-06 2.9072527e-07 2.759602e-07
0.8475264 0.15125309 0.20472552 0.104056925 0.4677353 0.009016494 0.21404405 0.011931963 0.005841635 0.5688495 0.9578377 0.0006466572 1.3491634e-14 0.00027680697 0.8344128 0.10629251 9.947067e-05 0.00013756217 0.15897834 0.17350008 0.3813015 0.0067535606 2.5432455e-06 0.875905 0.40839428 0.33517563 9.871711e-05 1.22952415e-05 0.00064848055 4.1113635e-05 0.044930592 2.171301e-06 0.00077132566 0.0024065124 7.5261587e-06 1.6832621e-06 0.000736869 0.012010286 6.8516885e-05 2.9129934e-08 0.0005115821 1.1250485e-08 0.064853415 2.867937e-07 0.011718169 3.7282135e-08 0.000101678364 1.8156202e-09 2.0007417e-05 4.4827264e-10 6.7767505e-06 2.053598e-07 2.3828413e-06 0.00025633807 0.035466373 1.6347519e-08 1.29462605e-05 1.5288853e-07 1.0538819e-08 0.00013906084 7.8925346e-05 6.698943e-06 3.8690537e-06 3.6721096e-05 5.7741036e-05 1.9614424e-06 5.301284e-05 0.013151898 0.033047114 2.523325e-05 2.383631e-05 2.829447e-07 0.026886042 5.528394e-05 1.4168387e-05 3.1333477e-06 8.3299705e-07 6.01164e-07 4.781283e-07 0.000974955 1.6638465e-06 1.1576727e-06 1.9830506e-05 8.9525605e-09 7.847268e-11 0.0027431045 2.5615608e-07 0.0057800645 3.4470884e-07 3.4154195e-07 0.0012892431 1.1575662e-07 1.5055581e-09 0.014578212 2.912561e-11 1.44557495e-08 7.795299e-10 7.245954e-07 0.0010227842 7.0192456e-08 1.7559343e-05
0.90437883 0.024504486 0.008389486 0.035057425 0.024927773 0.48442665 0.027776659 0.489827 0.02557703 0.0002572918 0.00021794024 0.6630654 0.00027680697 3.2907872e-17 0.00062322716 0.026258633 0.9549515 0.36115724 0.005214787 1.5560408e-05 0.001945467 0.0017374791 0.3676446 4.1030245e-05 0.00013500082 3.96471e-06 0.02005952 0.19065417 0.020430146 0.90785253 1.4453751e-06 0.077372186 0.0046004206 3.4664732e-05 0.29364184 0.0074447296 0.005211123 0.0023157585 0.0069109905 0.29388154 0.9187038 1.2350805e-05 0.00021026214 0.03532242 0.00092447613 0.005085492 0.0009522639 1.7508398e-06 0.16407563 0.00015615002 0.07694155 1.801486e-05 1.536905e-09 0.0002729756 0.00025456163 5.773652e-07 5.2572657e-05 1.8680033e-06 1.7040251e-06 3.7598165e-06 0.119006895 0.0041487208 0.0012149664 1.2964967e-05 9.473106e-06 2.804058e-06 0.27508277 4.314359e-05 0.0003068752 0.0067165727 3.4780849e-06 3.6063015e-05 8.979495e-05 5.2554233e-06 0.039946638 1.7653932e-06 3.7434966e-05 0.037057508 0.010988146 0.0004178449 7.404739e-07 0.0071055177 1.941388e-06 1.0871133e-09 8.135373e-08 8.173944e-05 0.0021358684 0.0018814042 0.0023691112 4.145139e-07 0.00025527124 0.004842096 7.57628e-08 0.0032164585 5.4370703e-09 4.1832372e-08 1.0587329e-09 0.00046148006 6.146636e-05 1.3015127e-05 2.6734394e-06
0.9475059 0.23437232 0.13068025 0.09480648 0.29709476 0.017669406 0.33344454 0.015704446 0.013473394 0.20924933 0.66440946 0.0008081889 0.8344128 0.00062322716 4.5250874e-13 0.24065278 0.0003239178 0.00022496867 0.45187846 0.049172267 0.77193713 0.0031950262 4.1336592e-05 0.9366841 0.9061922 0.19043161 0.00021778315 0.0001429741 0.0020290865 0.00022613711 0.021932185 1.0619134e-05 0.0037058888 0.0022317164 5.6260993e-05 4.7004098e-05 0.0017645989 0.046136927 0.0003916982 1.3709825e-06 0.0016042765 5.74791e-06 0.34022754 2.6783289e-06 0.033873465 3.4691016e-07 0.00031553736 5.2440403e-09 0.00017710254 5.9044734e-09 0.00020068999 2.0333655e-07 0.0001236217 0.0003817343 0.0748556 1.3554023e-07 6.358914e-05 4.2864173e-07 3.3585952e-08 0.00027093475 0.0012964961 0.000912853 7.078136e-05 0.0005053981 0.00024342757 2.524011e-05 0.0010857728 0.0059585636 0.037685975 0.00042464747 0.00013853455 3.1496156e-06 0.11076158 0.00032374018 0.000345727 1.790719e-05 4.040812e-05 2.8570832e-05 7.779374e-05 0.0018625859 8.9449695e-06 3.4525732e-05 0.00011431864 5.7678864e-08 3.809329e-09 0.0043334267 2.7695178e-05 0.008312922 3.2657612e-05 2.2006532e-06 0.002905015 2.3257668e-05 5.108885e-08 0.030437505 2.1453095e-09 1.507656e-07 1.0417613e-07 6.158535e-05 0.0015018263 5.2279447e-06 9.3769624e-05
0.9801658 0.60272634 0.07172553 0.06217606 0.20843153 0.43409687 0.64162964 0.15902524 0.773959 0.009348622 0.045857716 0.019809036 0.10629251 0.026258633 0.24065278 5.6435545e-16 0.025671422 0.0029613182 0.85749537 0.0017655399 0.6188262 0.0028276695 0.04270672 0.0597292 0.13247591 0.0027683214 0.00069573004 0.00053328444 0.657644 0.0010068804 0.0005052622 0.0047660964 0.5268426 0.0008222841 0.007356003 0.0113173565 0.31659865 0.66151875 0.13335386 0.00018222877 0.0033173831 0.007199776 0.28708872 0.00031027023 0.38810524 0.00011998397 0.0001670711 1.6700164e-06 0.00012923373 3.2376627e-07 0.00010963082 2.1808544e-05 0.01470108 0.00865434 0.22276138 2.4635867e-05 0.0007205133 3.6350993e-05 8.891167e-06 0.0036451735 0.00047574815 0.00040726113 2.9648052e-05 0.007931213 0.00086832413 7.41095e-05 0.0025745267 0.0011583868 0.018105786 0.00014521356 0.00031396328 1.3461448e-06 0.12395683 0.0007326544 0.00074213324 4.2596486e-05 1.5548141e-05 0.0005242959 0.0006494879 0.005671867 4.6858906e-05 0.00023406027 0.0003334996 2.990373e-07 2.614516e-07 0.0017507047 9.4006355e-05 0.017996712 0.0003172376 5.104721e-06 0.004497904 0.00043553268 2.5083605e-07 0.025667286 1.718291e-08 4.0682867e-06 5.893383e-08 5.7894325e-05 0.0014785412 2.4301166e-06 0.00029218997
0.91735905 0.02154604 0.0032929687 0.0064121904 0.0072626383 0.47000712 0.0113197435 0.09614728 0.034734525 5.0458628e-05 8.29199e-05 0.11542152 9.947067e-05 0.9549515 0.0003239178 0.025671422 4.5670276e-17 0.02595714 0.004165399 8.231538e-06 0.0017792421 0.00029759313 0.9137203 4.786612e-05 9.311606e-05 9.31241e-06 0.00092608924 0.016896056 0.025131013 0.2284672 1.0328646e-06 0.40018094 0.0085809585 7.850582e-06 0.7785443 0.021650728 0.010459037 0.005267798 0.019671295 0.78762126 0.771761 0.0003514403 0.00060414465 0.12283213 0.004873497 0.02233842 2.6530206e-05 8.002715e-05 0.019514287 0.00749512 0.23087843 0.0005740745 2.1413904e-08 0.003341771 0.0012030232 6.7646174e-06 0.0010023521 9.076436e-06 2.8806806e-05 4.547758e-05 0.020166205 0.0003228861 0.008190589 2.4522182e-05 1.51367385e-05 9.207016e-06 0.09446353 2.1987138e-05 0.00023697065 0.011918008 3.0136443e-06 0.0005185114 0.0003201587 4.7625226e-06 0.0065927375 4.0897403e-06 1.3594486e-06 0.020640451 0.023130946 0.0003311723 1.3518787e-06 0.0012628941 2.0558603e-06 2.5406962e-07 4.7537304e-07 2.1629483e-05 0.000310994 0.0024300935 0.0011895106 5.5614123e-07 0.00023258368 0.0040622912 3.4600026e-07 0.0035085932 3.9138918e-08 1.2557247e-07 2.3454882e-07 0.00082677254 3.232455e-05 0.00014127647 1.1905522e-06
0.2137253 0.000968943 0.01322387 0.07616704 0.028030224 0.042382177 0.009686533 0.54559726 0.001582164 0.00044380018 0.00039075429 0.8508913 0.00013756217 0.36115724 0.00022496867 0.0029613182 0.02595714 2.0062687e-17 0.00063502754 3.7435286e-05 0.0003609904 0.1363338 0.0035028057 5.117478e-06 2.9589808e-05 4.6563113e-05 0.83591384 0.96743727 0.0002927037 0.7777471 2.9391854e-06 0.0009106098 7.4345226e-05 0.023377534 0.0012131433 5.736388e-06 5.2654294e-05 3.746236e-05 2.0910204e-05 0.00046163565 0.09847983 2.3146043e-08 2.969596e-05 5.526043e-05 1.25680535e-05 5.9919244e-06 0.1818913 5.516191e-07 0.26456 7.977044e-09 0.0007588566 2.7417361e-06 1.2790087e-09 6.338576e-07 1.4348708e-05 7.6173585e-08 1.8449273e-06 1.1492185e-07 6.780745e-08 4.561871e-07 0.10860537 0.08013626 3.585325e-05 4.2109014e-07 6.62987e-06 6.8965182e-06 0.033014655 8.8152105e-05 7.4090663e-06 0.00017194319 3.8385783e-06 1.9248112e-06 1.2934439e-05 1.3170988e-06 0.0041535087 2.2768431e-06 0.005941541 0.00070131745 0.00017262159 3.733282e-05 8.496914e-07 0.00046829623 4.696641e-07 3.2247645e-08 6.5222224e-08 7.1621344e-06 8.4772466e-05 0.00039909556 0.00024361382 2.5295e-07 1.8953413e-05 0.00012685709 2.344967e-07 0.00021256058 6.3850005e-09 2.5541627e-07 6.1133307e-09 3.1616943e-05 7.691987e-06 3.1548618e-06 2.475486e-06
0.9736936 0.49921808 0.06427716 0.035313375 0.1466652 0.108230025 0.5491391 0.04410749 0.42381433 0.022567783 0.14027572 0.0039914693 0.15897834 0.005214787 0.45187846 0.85749537 0.004165399 0.00063502754 8.2467e-16 0.003515843 0.903865 0.0029654573 0.004249953 0.2221482 0.55205536 0.007994873 0.0002755677 0.000116575044 0.27706936 0.0004919957 0.0019161877 0.0002683422 0.30609024 0.001069382 0.0010529563 0.0016336371 0.10079284 0.5789562 0.022252573 2.7782248e-06 0.0017044663 0.0019470036 0.6472996 8.259025e-05 0.35333902 2.375241e-06 7.183425e-05 4.0039475e-07 4.645263e-05 7.807624e-09 6.602363e-05 1.9135487e-05 0.019731103 0.0022400292 0.2726418 5.116843e-06 0.00019437597 4.297885e-06 3.0407646e-06 0.0025395083 0.0001506431 0.0002998957 2.4609708e-05 0.006471582 0.000511738 7.25228e-05 0.001404977 0.0029053723 0.028332572 0.00019358013 0.00033849635 6.7788665e-07 0.1613797 0.00071663223 0.00034965723 5.8696154e-05 2.6105694e-05 0.00019836324 0.00041618352 0.0049987864 6.2203595e-05 9.558067e-05 0.0003249106 1.6469011e-08 1.19889245e-08 0.00468472 5.623487e-05 0.016385341 0.00012410378 1.09578605e-05 0.0041341246 7.815424e-05 3.0115802e-07 0.032121442 4.478302e-09 5.32564e-06 9.659664e-09 4.0531315e-05 0.0020734693 8.961804e-07 0.000258963
0.16194166 0.0012438259 0.019058347 0.032837782 0.06953504 0.0007692321 0.009086163 0.00012431487 5.7019097e-05 0.98514116 0.6949843 1.7260818e-05 0.17350008 1.5560408e-05 0.049172267 0.0017655399 8.231538e-06 3.7435286e-05 0.003515843 5.1786214e-15 0.0061677815 0.004157876 3.4654283e-07 0.09758733 0.007491546 0.18705933 0.00031040673 1.065668e-05 3.2164215e-05 1.7925127e-05 0.45198312 1.1413911e-06 3.903807e-05 0.022446156 2.2765958e-06 2.836255e-07 6.3692445e-05 0.0004475521 1.0620647e-06 6.979393e-07 7.8559184e-05 1.1981974e-08 0.0042870985 1.9194125e-08 0.0010646359 1.4440423e-07 0.00016755234 7.465007e-09 3.151142e-06 1.2109966e-09 1.3889627e-07 3.555478e-08 2.81142e-07 1.0883333e-05 0.0015856783 1.1061607e-07 1.818047e-06 2.9826546e-07 4.294543e-09 4.441687e-06 2.9795561e-05 3.865773e-05 5.763628e-07 9.456217e-06 2.8735987e-05 1.4696242e-06 3.7014008e-05 0.9387581 0.006477757 6.1645082e-06 4.20773e-05 1.17931116e-07 0.0023531644 1.9614903e-05 8.730926e-05 1.9033338e-06 7.1629836e-07 8.316655e-06 1.5640734e-07 0.00023649113 1.0618863e-06 1.6074258e-06 2.4814449e-06 2.6443095e-08 1.4225656e-09 0.0049541155 4.4737835e-06 0.0027770954 7.9098197e-07 5.4028963e-08 6.519776e-05 5.339149e-07 2.8099874e-08 0.0020926383 8.2453094e-10 2.8146419e-09 3.0156566e-10 4.4155897e-08 0.0013382274 7.3943793e-09 4.0739528e-07
0.974373 0.5178645 0.08878315 0.04185212 0.19906953 0.027698629 0.57591164 0.02485671 0.058773383 0.04774777 0.29790282 0.0016851205 0.3813015 0.001945467 0.77193713 0.6188262 0.0017792421 0.0003609904 0.903865 0.0061677815 2.993294e-15 0.0010925352 0.0012973311 0.484431 0.8919201 0.026914936 0.00017433838 0.00011217789 0.04594332 0.00022528491 0.0053809867 7.583505e-05 0.07235889 0.0012511574 0.00044312136 0.0005016334 0.020060811 0.3279142 0.0020738747 5.337151e-06 0.00067848666 0.0006376416 0.6345969 1.9723755e-05 0.13680103 1.2985106e-06 6.712708e-05 4.4362388e-08 6.7997615e-05 7.089572e-09 3.79606e-05 1.5545821e-06 0.004453849 0.0012796269 0.19054028 4.82756e-07 8.344705e-05 5.5479626e-07 1.43212e-07 0.00096066424 0.00021150683 0.0003995918 2.082612e-05 0.0013019367 0.00028809404 2.7649708e-05 0.0006743115 0.0030151985 0.0276008 0.00012054457 0.0002841414 8.0868995e-07 0.19226404 0.00050306343 0.00027654655 2.465159e-05 2.5282774e-05 0.00011222187 0.00025285175 0.0024052502 2.2851147e-05 5.085133e-05 0.00021601109 4.6030177e-08 4.902259e-09 0.0065165255 4.2453164e-05 0.010951698 0.0001194926 1.3279064e-06 0.002848312 3.7020505e-05 4.05895e-08 0.028283669 3.4864014e-09 2.7968002e-07 3.710804e-08 6.809041e-05 0.004095136 1.4186483e-06 8.288653e-05
0.07706561 0.0004080515 0.09123162 0.50957036 0.16407998 0.0074140043 0.02006072 0.37971956 0.00042193936 0.0384884 0.10860048 0.119515456 0.0067535606 0.0017374791 0.0031950262 0.0028276695 0.00029759313 0.1363338 0.0029654573 0.004157876 0.0010925352 1.2328254e-15 5.895013e-06 0.0006094634 0.0004250419 0.00074499694 0.7346469 0.05761835 0.00011858871 0.005761029 0.00057824084 6.4099336e-06 0.00032587198 0.9979063 1.5750753e-05 4.2148343e-07 0.000111675035 0.00016045786 1.205927e-05 1.3384807e-06 0.00050363754 9.282616e-08 8.334532e-05 3.634676e-07 3.6191595e-05 1.3964018e-07 0.11819875 9.4539175e-08 0.0011051001 7.2329565e-10 3.5521347e-07 3.21487e-07 1.1185648e-09 4.667878e-06 3.717274e-05 2.6863612e-08 1.3406948e-06 5.238567e-07 2.5605388e-08 6.1950044e-07 0.000292649 0.00083617965 3.8696902e-07 1.0236917e-06 1.0731672e-05 1.6481895e-06 0.00015609256 0.00070738065 0.001406329 6.645271e-06 1.4461714e-05 2.9598866e-07 0.00093704805 1.5170793e-06 2.7835997e-05 2.7248063e-06 6.838515e-05 1.3352316e-05 2.0154157e-06 0.00040888024 2.5565716e-06 6.2244663e-07 4.3878743e-05 1.9600492e-08 5.068586e-08 0.00033276886 1.4027472e-07 0.0027394525 5.182432e-07 5.5470682e-05 0.0008794948 7.742078e-07 3.7805662e-06 0.0012834047 3.1432648e-07 1.7855842e-05 4.5058735e-09 8.70552e-08 0.00035311084 1.03854685e-08 0.000630692
0.97092265 0.0041991957 0.00028109926 0.0003867669 0.0014227978 0.51331383 0.00121523 0.011978658 0.049431928 1.253959e-06 1.2890408e-06 0.011482213 2.5432455e-06 0.3676446 4.1336592e-05 0.04270672 0.9137203 0.0035028057 0.004249953 3.4654283e-07 0.0012973311 5.895013e-06 6.344552e-20 1.5527404e-06 1.4719716e-05 3.2549474e-07 5.461642e-05 0.0020841518 0.09663466 0.030714877 2.0772848e-08 0.95183223 0.039511498 1.9561324e-07 0.87195694 0.17260408 0.042637266 0.012484964 0.1085409 0.75828016 0.4169572 0.0013444155 0.0010126308 0.5695579 0.011092878 0.09900984 2.8862587e-06 0.0003003697 0.0047043497 0.02795443 0.37340343 0.001871676 2.4342128e-08 0.02596741 0.006949383 0.00015308106 0.016911482 0.0002032905 0.00015001315 0.0010749298 0.0053074453 2.3675912e-05 0.023919145 0.0006142892 0.00055243995 0.00012432045 0.04273024 2.1122685e-06 0.00010460497 0.016496474 1.3613188e-05 0.0010825036 0.00028304252 2.3398248e-05 0.0013568316 7.743367e-06 8.77425e-08 0.008182734 0.021798417 0.001115812 3.1092397e-06 0.00024239876 1.11130275e-05 2.6455332e-06 2.3907558e-06 1.1339206e-05 6.334214e-05 0.0052789976 0.00040286488 7.050722e-07 0.0010999611 0.0016997906 1.1765029e-07 0.008936444 1.1766953e-08 4.802767e-07 6.824068e-06 0.00065659604 1.4753375e-05 0.00044101742 1.4728225e-05
0.9380509 0.060353212 0.034138612 0.014828348 0.0835303 0.0031502487 0.061308134 0.0018424635 0.0035659038 0.27516246 0.80658823 1.5222597e-05 0.875905 4.1030245e-05 0.9366841 0.0597292 4.786612e-05 5.117478e-06 0.2221482 0.09758733 0.484431 0.0006094634 1.5527404e-06 3.7358024e-15 0.8659869 0.59644634 1.1958693e-05 1.520299e-06 0.00084227225 4.480731e-06 0.09570091 4.9323e-07 0.0026187245 0.0008188968 7.4127843e-06 4.7310245e-06 0.00081437314 0.02445314 3.0453777e-05 2.2314566e-07 4.3645738e-05 6.504281e-07 0.3573737 2.0347564e-07 0.021162398 4.353771e-08 1.2103513e-05 1.0323824e-09 9.794645e-07 2.2466096e-10 2.8803663e-06 6.116226e-08 6.8412024e-05 5.9032413e-05 0.08195853 8.914851e-09 3.1125062e-06 3.5983913e-08 7.8442053e-10 8.209583e-05 9.368975e-06 9.16848e-06 1.4980712e-06 0.0010010819 0.000114833834 7.0255044e-07 2.7616845e-05 0.034075495 0.25427386 5.730669e-06 3.2456017e-05 8.8858064e-07 0.2183019 0.0005799435 3.4849604e-06 1.0738669e-06 2.4796823e-06 1.0736067e-06 5.3266126e-07 0.0028556557 5.2858456e-07 1.3192673e-06 0.00010390918 6.5440425e-08 4.9177934e-10 0.106849335 2.0864677e-06 0.013403663 1.1014936e-06 9.444112e-08 0.002403119 1.5208201e-07 2.2622594e-08 0.040543526 1.0323051e-10 1.0343519e-08 2.859153e-08 1.873182e-06 0.03546356 3.697435e-07 7.586059e-05
0.9795774 0.060112454 0.019778958 0.00970728 0.07707426 0.0046332534 0.18662685 0.002128473 0.003909151 0.028756965 0.27235323 2.3067696e-05 0.40839428 0.00013500082 0.9061922 0.13247591 9.311606e-05 2.9589808e-05 0.55205536 0.007491546 0.8919201 0.0004250419 1.4719716e-05 0.8659869 1.5725667e-15 0.07831219 3.7602527e-05 1.8269957e-05 0.0034093687 2.7079459e-05 0.011627138 8.176412e-06 0.0075476826 0.00039442675 4.812996e-05 5.3831292e-05 0.0034659063 0.14856619 0.00027346492 9.710519e-07 0.00014885921 1.9831283e-05 0.81345665 3.689776e-06 0.11133227 1.8617916e-07 5.956484e-05 4.655054e-09 1.8614475e-05 3.6932342e-09 3.104912e-05 6.2755916e-08 0.0005238873 0.00025969284 0.27607724 7.360149e-08 2.021764e-05 7.5708485e-08 1.1607061e-08 0.0002780367 9.513525e-05 0.00017910611 1.7119502e-05 0.00089767907 0.00024385905 5.332587e-06 0.00033202584 0.0039039766 0.15156293 8.5799635e-05 0.00011869721 3.0072451e-06 0.5014092 0.0005831387 0.00013291594 3.8210324e-06 2.0389367e-05 5.1626906e-05 9.163196e-05 0.002983642 3.846545e-06 1.6830414e-05 0.0001988504 1.3072348e-07 4.1679273e-09 0.08272963 2.7250468e-05 0.016166331 3.544761e-05 7.6871277e-07 0.0027155725 7.6274773e-06 7.080859e-08 0.055120364 1.2769247e-09 8.910096e-08 1.1165047e-07 4.8047597e-05 0.027459538 5.7148086e-06 0.00018227415
0.3617137 0.004256532 0.0052466253 0.002669058 0.017909402 0.00013398447 0.0027162344 3.6019705e-05 9.493867e-05 0.0546302 0.66769564 5.9600948e-06 0.33517563 3.96471e-06 0.19043161 0.0027683214 9.31241e-06 4.6563113e-05 0.007994873 0.18705933 0.026914936 0.00074499694 3.2549474e-07 0.59644634 0.07831219 4.487765e-14 0.00039270156 1.290275e-05 0.00039728684 3.9848223e-06 0.99778634 1.0983248e-06 0.0015048033 0.0014428397 3.04255e-05 1.019579e-06 0.0003668618 0.004380307 9.805791e-06 1.1134859e-05 4.1475316e-05 3.3719464e-06 0.018949457 1.2455422e-06 0.0013810043 6.133478e-07 0.00028748804 1.415025e-07 2.4195151e-05 1.641385e-08 9.385699e-06 9.0648484e-07 6.31812e-06 6.0261224e-05 0.0018558056 2.1526803e-08 3.1592333e-06 4.0569978e-07 2.1295092e-08 5.2982108e-05 8.1984814e-05 3.0707473e-05 2.5963724e-05 7.90011e-05 4.044401e-05 1.8513147e-06 0.00019940415 0.182731 0.05924785 0.00014535239 5.9740174e-05 9.179705e-06 0.024350861 3.8774226e-05 5.8241592e-05 1.6017532e-06 1.9453564e-06 3.8961673e-05 1.3876204e-05 0.0005032518 1.5085081e-06 1.6423599e-05 3.492858e-05 4.125737e-06 3.6123213e-09 0.086155616 1.6751566e-05 0.0031216503 3.9592596e-05 1.2206169e-07 0.0008793489 4.733419e-05 1.390064e-07 0.005550543 9.237815e-10 8.641757e-09 1.3683296e-08 4.689764e-06 0.009233356 9.1120555e-08 1.2442653e-05
0.04458101 0.000120822195 0.0089046825 0.08143994 0.014131844 0.004564937 0.0022565497 0.23379996 0.0002654019 0.0009068688 0.0006229627 0.41932842 9.871711e-05 0.02005952 0.00021778315 0.00069573004 0.00092608924 0.83591384 0.0002755677 0.00031040673 0.00017433838 0.7346469 5.461642e-05 1.1958693e-05 3.7602527e-05 0.00039270156 2.123356e-16 0.8983989 3.39648e-05 0.20196028 8.675953e-05 3.9282982e-05 9.462035e-06 0.46337503 0.00011172797 1.1228663e-06 9.864912e-06 2.3241171e-05 1.1878616e-05 9.937751e-06 0.010249212 2.48148e-08 3.329738e-05 3.6595256e-06 1.14861605e-05 1.638398e-06 0.9785257 1.0179527e-06 0.2056212 5.671533e-09 3.735907e-05 1.933849e-06 4.2934785e-09 3.0371157e-06 1.8869676e-05 1.6797046e-07 4.440933e-06 1.0756759e-06 1.7146282e-07 2.3864413e-06 0.030100554 0.5743132 5.131146e-06 8.3870367e-07 1.0486672e-05 5.1257903e-06 0.0028096258 0.00034655625 4.408658e-05 4.458997e-05 1.1212456e-05 4.0847976e-06 6.927662e-05 4.9729315e-06 0.001093084 5.8435344e-06 0.06292164 0.00017307026 2.1449088e-05 3.1245676e-05 4.2649876e-06 7.719886e-05 1.0734988e-05 6.284753e-07 1.7828768e-07 5.321357e-05 5.688424e-05 0.00078653573 5.8495094e-05 1.674552e-06 0.00013425 3.0529645e-05 2.2221475e-06 0.00017098399 1.5512365e-08 2.4094412e-05 8.403258e-09 4.3634855e-06 4.232562e-05 2.5842527e-07 3.3478012e-05
0.058201622 0.0001025339 0.0016089068 0.01074474 0.005786192 0.019404074 0.0024305838 0.22789517 0.00059715426 0.00010528564 1.842862e-05 0.48255777 1.22952415e-05 0.19065417 0.0001429741 0.00053328444 0.016896056 0.96743727 0.000116575044 1.065668e-05 0.00011217789 0.05761835 0.0020841518 1.520299e-06 1.8269957e-05 1.290275e-05 0.8983989 3.4044838e-16 2.0350339e-05 0.92002857 2.162772e-06 0.00058295607 7.284835e-06 0.0095978575 0.0008185962 3.3345727e-06 8.308491e-06 8.712531e-06 4.195827e-06 0.00026877632 0.12294562 2.2826002e-08 8.446585e-06 4.648591e-05 6.501326e-06 4.7043227e-06 0.3614465 8.328107e-08 0.6965854 1.3146302e-08 0.00051930966 1.0070214e-06 1.1310811e-09 6.0643976e-07 4.521161e-06 7.427743e-08 2.658855e-06 7.199027e-07 6.308366e-08 1.7640157e-07 0.35625002 0.4067126 9.281528e-06 1.726788e-07 5.459415e-06 5.952472e-06 0.058714174 3.0668605e-05 2.7317324e-06 0.00012618177 2.8190113e-06 8.8746526e-07 2.6116288e-06 9.67651e-07 0.015315772 1.5832945e-06 0.037459973 0.0018314617 0.00031146177 9.431548e-06 9.853153e-07 0.00080122 4.0780228e-07 4.6525532e-08 1.2536062e-08 3.559421e-06 0.00020843437 0.000118314434 0.00039723568 1.8955562e-07 3.776091e-06 0.00012892562 1.5107865e-07 1.1383109e-05 1.9291122e-09 2.2308373e-07 3.8654004e-09 1.12190355e-05 2.9039397e-06 1.4864443e-06 2.670454e-07
0.98423415 0.16417542 0.0026488139 0.006629263 0.006237308 0.31635177 0.052442 0.036378264 0.74619335 0.0002284687 0.0001525369 0.004063345 0.00064848055 0.020430146 0.0020290865 0.657644 0.025131013 0.0002927037 0.27706936 3.2164215e-05 0.04594332 0.00011858871 0.09663466 0.00084227225 0.0034093687 0.00039728684 3.39648e-05 2.0350339e-05 4.2238747e-17 0.00044341857 1.1871107e-05 0.017006354 0.8786598 3.2620806e-06 0.011218988 0.29730526 0.85415643 0.6650701 0.8604417 0.0020915738 0.0028503882 0.1571212 0.08003624 0.0073702326 0.3645941 0.007814776 5.6224917e-06 0.00042799208 5.861132e-06 0.003518357 0.00020614774 0.002806205 0.099612296 0.083253585 0.1616189 0.001974799 0.026652103 0.012469811 0.000908329 0.030864438 0.00013488784 0.00023033701 0.0003380942 0.019843824 0.0026958715 0.00083865173 0.0025178853 0.00022999392 0.0045226384 0.00028267057 0.0009464961 4.5958837e-05 0.047244918 0.0020762216 0.0004189442 0.00022771105 7.087988e-06 0.00240648 0.008863235 0.0119306715 0.0002924208 0.0006248221 0.0006832387 1.1935279e-05 5.4637305e-05 0.00042383868 0.00014843946 0.020077668 0.0013507829 8.121324e-05 0.0056280955 0.0073797666 5.6045872e-05 0.021952739 1.9953045e-06 2.3975997e-05 5.3014633e-06 0.000990928 0.00033506553 1.907979e-06 0.00039061363
0.29160547 0.00067956623 0.0040470366 0.011398399 0.015394827 0.08088285 0.0047871447 0.25805396 0.005071604 0.00014206779 9.487702e-05 0.52568114 4.1113635e-05 0.90785253 0.00022613711 0.0010068804 0.2284672 0.7777471 0.0004919957 1.7925127e-05 0.00022528491 0.005761029 0.030714877 4.480731e-06 2.7079459e-05 3.9848223e-06 0.20196028 0.92002857 0.00044341857 6.7483713e-16 1.951129e-06 0.012709324 0.0001384627 0.00023675855 0.01449482 0.00021772918 9.47451e-05 4.6063054e-05 5.8395486e-05 0.017081 0.91365653 2.6617053e-07 5.044333e-05 0.0038353621 4.025519e-05 0.0006676133 0.028610036 5.386174e-07 0.7462243 9.032509e-06 0.038891047 1.3833776e-05 5.437526e-09 4.569419e-06 2.9116203e-05 1.2015057e-06 5.989417e-06 3.3363604e-06 1.1808718e-06 2.9610666e-07 0.6168649 0.09349609 0.00041437813 7.538495e-07 1.8296461e-05 2.2972943e-05 0.43665096 0.00020575688 1.5830597e-05 0.004133922 1.677689e-05 1.8998093e-05 1.0896335e-05 6.3600028e-06 0.1308689 6.3182406e-06 0.0034376965 0.067950584 0.008224132 0.00012784169 3.828853e-06 0.017107263 1.426094e-06 8.100088e-08 9.94729e-08 8.0202535e-06 0.0053079496 0.00044486843 0.0058940127 4.2756514e-07 2.4553514e-05 0.0054971552 4.099078e-07 0.00022702671 1.452238e-08 3.239593e-07 5.1074793e-09 0.0007400691 3.57342e-06 2.155309e-05 1.5872934e-06
0.12390331 0.0013256231 0.0017894241 0.0004367018 0.009380049 3.1363124e-05 0.00097491447 1.4354073e-05 1.124146e-05 0.04917045 0.19659139 1.1069855e-06 0.044930592 1.4453751e-06 0.021932185 0.0005052622 1.0328646e-06 2.9391854e-06 0.0019161877 0.45198312 0.0053809867 0.00057824084 2.0772848e-08 0.09570091 0.011627138 0.99778634 8.675953e-05 2.162772e-06 1.1871107e-05 1.951129e-06 6.675319e-14 1.7684354e-07 3.188872e-05 0.00081055093 7.7377234e-07 1.7297637e-08 1.7932636e-05 0.0007289287 1.7627107e-07 1.6252689e-07 1.3953249e-05 2.8995508e-08 0.0053334725 1.6920812e-07 0.00054335437 2.015329e-08 5.526201e-05 5.49879e-09 4.5601814e-06 5.348592e-09 1.7259048e-06 2.6619867e-07 4.1420685e-07 2.0858824e-06 0.001069942 6.8390094e-09 4.4598178e-07 3.2678095e-08 5.4036353e-09 1.6059915e-06 3.354385e-05 2.7698015e-06 1.5946474e-06 1.3332377e-05 1.9418624e-06 4.0733002e-07 0.0001183062 0.90047395 0.028763313 1.7138631e-05 4.605934e-06 1.4919056e-07 0.00812926 3.8145697e-06 4.37445e-05 6.784675e-07 1.7167963e-07 1.0625039e-05 8.1047045e-07 0.00029620627 2.339568e-07 7.86287e-06 3.926867e-07 1.3172632e-08 2.3674644e-09 0.0474349 6.580321e-06 0.0023576953 2.6555151e-06 5.7761103e-08 7.829852e-05 8.314946e-07 2.4322298e-09 0.0021784964 2.4683217e-10 5.507751e-10 5.4532484e-10 4.864752e-08 0.006181779 2.4868327e-09 2.4453346e-08
