5.394487e-18 0.00020085122 3.4684275e-05 0.014109241 0.012653203 0.0649919 0.005520452 0.14971127 0.005663651 0.010869845 0.06854466 0.17207158 0.21727946 0.51973563 0.14226896 0.30335712 0.37616307 0.44145748 0.3279121 0.7678054 0.030914465 0.18464321 0.8537421 0.53559494 0.8933725 0.864503 0.5010959 0.77752167 0.6920862 0.29830423 0.7613639 0.8298839 0.8641925 0.84352803 0.80166465 0.9273163 0.62863886 0.8714517 0.027014492 0.89321303 0.8277221 0.9080242 0.117354564 0.925061 0.88768256 0.8634384 0.9151033 0.8555075 0.9341876 0.090676226 0.9651656 0.82249206 0.54510415 0.20905836 0.0144208735 0.9331633 0.970936 0.9421149 0.0056710886 0.9475171 0.92030025 0.98773855 0.9547134 0.94853914 0.9829841 0.97404915 0.98116004 0.95994574 0.72670466 0.79358155 0.9890622 0.99805224 0.8268769 0.88918024 0.9977372 0.99168783 0.16791196 0.036248293 0.9980728 0.9991847 0.9738982 0.99426115 0.9906898 0.7584007 0.003147334 0.84607315 0.989434 0.99368334 0.9940686 0.9993043 0.6120487 0.91591334 0.79772896 0.99969864 0.88182443 0.9266469 0.91341704 0.9999866 0.82769775 0.793515 0.99998707
0.00020085122 2.0106557e-20 0.99969697 0.510259 0.020419205 0.0044903094 3.1340638e-05 0.0019630545 5.308442e-07 2.109944e-07 0.05648347 0.00042407057 0.00015110482 5.4209893e-05 4.5546353e-06 2.8605712e-06 5.1453986e-05 6.326742e-06 8.865292e-08 6.4904077e-07 0.0036508406 0.00025217506 3.2203304e-06 2.1844544e-08 9.664991e-05 0.00019890806 5.020579e-06 2.0552358e-07 5.397228e-09 1.3291827e-07 8.516697e-08 2.2859886e-07 1.7709503e-07 2.0901369e-07 8.00707e-06 1.4444251e-07 1.5829206e-09 5.6885314e-09 0.0012775217 1.1012998e-05 1.1442421e-06 3.531372e-07 8.617618e-11 2.8974835e-06 2.3650993e-07 2.4917972e-07 2.2137237e-07 1.3007824e-08 1.07795515e-07 0.000201858 3.856889e-06 2.5289693e-09 7.782155e-09 5.9300542e-05 3.5168857e-06 6.6470704e-08 9.603083e-07 1.8921769e-07 0.00083130837 5.1180166e-05 4.6649943e-06 6.096348e-07 1.283629e-07 5.697993e-08 9.0586354e-07 1.4066234e-06 1.8740274e-06 1.077187e-06 1.4433736e-08 3.7981582e-08 2.4523771e-07 4.7611056e-06 1.2315435e-09 1.8563063e-07 4.3341183e-06 2.4255817e-07 1.2248561e-08 4.6528663e-07 1.0779604e-05 6.41828e-05 9.93585e-09 1.2147502e-05 7.390256e-05 3.2817505e-12 3.3149757e-07 9.0446804e-08 8.2681186e-07 1.3994088e-06 3.1220936e-06 6.3376974e-06 8.270748e-10 1.3582148e-08 1.0150705e-10 7.2629875e-05 1.8445887e-07 5.4445657e-08 1.542468e-08 4.76561e-05 7.033163e-10 4.895043e-10 4.76391e-07
3.4684275e-05 0.99969697 3.7921987e-24 0.30186236 0.0052274666 0.003306021 0.00012628266 0.0032190057 2.6736232e-06 7.9366896e-07 0.009925852 0.0005658633 0.00046494513 3.604854e-05 1.2124956e-05 3.9187496e-05 0.00012011563 5.2679152e-05 5.284505e-07 2.4455842e-06 0.0023278107 0.00019469247 1.2115859e-05 2.2027004e-08 4.098164e-05 0.0003372405 9.449421e-06 3.2096239e-06 1.764347e-09 4.9095785e-08 7.748874e-07 1.3275048e-06 1.2462574e-06 1.6163716e-07 1.5315443e-05 3.5052443e-07 2.5011273e-09 2.1557662e-08 0.0007679871 1.1183377e-05 2.1082394e-06 4.9143853e-08 4.014532e-12 6.658281e-06 3.7305323e-08 7.092271e-07 7.500775e-07 7.534053e-09 8.8921844e-08 8.174255e-05 1.9423172e-05 1.8456292e-10 4.499327e-10 6.567842e-05 1.0192825e-06 3.1914897e-08 1.941216e-06 4.289265e-08 0.0003362982 8.141269e-05 1.0490912e-05 3.77072e-07 1.1773172e-08 1.3138902e-07 5.495123e-08 2.2631819e-07 1.3097542e-07 1.0030451e-07 2.5800442e-09 6.670674e-10 6.00475e-08 3.7235977e-06 1.112496e-10 1.3084489e-08 2.1159237e-06 3.1818578e-07 2.2724589e-10 1.9138716e-07 1.7211955e-06 3.511684e-06 1.70982e-08 3.4514895e-07 1.8173356e-05 4.8318006e-13 1.3184805e-07 1.8124614e-09 1.0354762e-06 3.057982e-07 1.9452227e-06 3.5479064e-07 3.0172633e-09 1.1872189e-08 1.1372876e-09 1.169209e-05 1.4567578e-07 2.086373e-07 2.0827507e-07 1.2656967e-05 9.922555e-09 1.3437232e-08 1.1592299e-07
0.014109241 0.510259 0.30186236 1.8548416e-12 0.9549989 0.7505606 0.008642487 0.26050624 0.00032868222 0.0002184538 0.95792043 0.4472937 0.06339895 0.15805708 0.0004607463 0.00050375983 0.016203614 0.005123863 4.97864e-06 0.00010364484 0.062195197 0.025206393 0.0019881618 2.7801675e-06 0.02522781 0.032219727 0.0024067753 1.42774e-05 1.2622775e-06 6.66377e-06 7.995221e-06 1.2015176e-05 4.531783e-05 1.0524227e-06 0.0029109134 1.386857e-05 1.0435965e-06 3.7394568e-07 0.00426749 0.0021038712 0.0012365668 8.903267e-06 4.777888e-07 0.0032397308 3.5630193e-05 8.012735e-05 0.00075541926 2.8708746e-06 4.4076238e-05 0.0011991132 0.0063828775 1.0371459e-07 7.885925e-06 0.0006315542 2.5414669e-05 1.7213489e-07 0.0008242018 1.3025471e-05 0.0016794212 0.0004885388 0.00023111571 0.0001473218 1.0578666e-06 3.8347753e-05 2.1562013e-05 2.4044508e-05 2.8756907e-05 4.3298278e-05 2.8489274e-06 5.4778013e-07 3.1018885e-06 2.7064434e-05 5.889975e-07 5.073057e-07 1.670374e-05 1.4798454e-05 4.8980933e-06 1.34569755e-05 0.00033396715 0.00067120936 2.771342e-06 0.00018474876 0.0002578216 2.258655e-08 6.0554307e-06 1.2013944e-06 0.00084357534 0.0021306837 0.00020412024 0.008264229 6.949604e-07 1.5099259e-06 8.867017e-08 0.00039863665 2.766366e-05 1.1747993e-06 7.774664e-07 0.002488112 3.81672e-08 1.1510014e-08 0.00012520769
0.012653203 0.020419205 0.0052274666 0.9549989 9.673209e-14 0.9778531 0.008491844 0.10976747 0.001302564 0.001138596 0.89999866 0.6529919 0.0464709 0.29246703 0.00056775927 0.0013374479 0.010434493 0.0050330986 2.9065375e-05 9.77697e-05 0.040142022 0.009991763 0.0010650828 1.773763e-05 0.012156977 0.04498808 0.0028042535 7.403187e-05 4.045965e-06 3.995973e-06 3.6099664e-05 4.015906e-05 4.46953e-05 5.345566e-06 0.0045804386 1.8642331e-05 1.1868277e-05 1.2728401e-06 0.004181461 0.0025825484 0.001412485 2.149951e-05 1.0862149e-07 0.0021172976 8.375432e-05 0.0006481399 0.0013963106 1.6869776e-06 0.00015721706 0.003348742 0.0043249857 1.3051801e-06 6.131846e-07 0.0011398416 0.00018375611 6.3849404e-07 0.0013942168 1.496691e-05 0.0015217025 0.00081707013 0.00068541 0.00038996487 1.503219e-06 0.00022294454 2.6638234e-05 2.543312e-05 3.184994e-05 3.7997004e-05 2.0032581e-07 3.844282e-06 7.3216447e-06 5.646105e-05 7.3951096e-06 2.0527295e-06 2.436174e-05 3.415581e-06 2.8968661e-05 0.00025022743 0.00010335356 8.069536e-05 1.2082639e-05 4.2638956e-05 3.3070693e-05 1.2503294e-09 0.00019717314 3.4643315e-05 8.199419e-05 8.976371e-05 4.178112e-05 0.00036670666 2.7381785e-07 1.4575332e-07 4.631834e-08 0.0010915609 2.1386364e-05 2.5601043e-06 1.4461032e-06 0.00013442693 1.7591186e-07 1.237343e-07 6.6654993e-06
0.0649919 0.0044903094 0.003306021 0.7505606 0.9778531 7.70098e-15 0.03648175 0.50806403 0.0072891866 0.006091699 0.7664391 0.8663029 0.37470773 0.5760951 0.0030477191 0.008933995 0.071665145 0.025651213 0.00031898989 0.0039728004 0.024356754 0.01330929 0.0186256 0.00010150929 0.02391897 0.13799407 0.0032062528 0.0010846215 1.9067993e-05 1.2851063e-05 0.0006791583 0.0005127086 0.0013608177 3.3585333e-05 0.031925257 4.781776e-05 4.379106e-06 2.682777e-06 0.0015737398 0.010159177 0.013778984 0.00016859002 1.4249595e-07 0.009529906 0.0007034415 0.0055232486 0.008618064 2.8963118e-06 0.0019027096 0.0017970916 0.024423981 2.0676894e-06 1.1889695e-06 0.0006093811 2.7596582e-06 2.0791858e-06 0.008614761 8.623457e-05 0.00028398237 0.0005731836 0.0015778921 0.0025630873 5.628135e-06 0.00090934354 5.9423623e-05 8.989924e-05 0.00015987085 0.0003575842 1.1823028e-06 3.946339e-06 8.614456e-05 0.00042017832 8.794575e-06 4.4269577e-06 6.6844026e-05 1.3794097e-05 4.369961e-06 0.00012095049 5.0809205e-05 6.997508e-05 4.0636707e-05 2.7335138e-05 7.0567636e-05 2.7052558e-09 1.4492102e-05 5.2425457e-05 7.909813e-05 0.00014173961 7.115842e-05 0.000776177 4.144204e-06 8.7232934e-07 1.7869359e-06 0.0011937483 2.693353e-05 1.0084569e-05 5.8654655e-06 0.00014907474 7.508554e-07 6.58992e-07 8.213409e-06
0.005520452 3.1340638e-05 0.00012628266 0.008642487 0.008491844 0.03648175 2.1948752e-15 0.81680524 0.9643155 0.97202873 0.0002350678 0.0011462728 0.18620743 0.00041628873 0.58228946 0.21778654 0.027794115 0.013181546 0.07999144 0.07699457 6.951782e-06 2.0955029e-06 0.01688726 0.021421019 2.5095236e-05 0.00022481402 9.1810045e-07 0.0063823233 0.0049195914 7.488181e-05 0.003420011 0.007633052 0.0034099994 0.0018918307 0.00055240357 0.0032062528 0.0009251266 0.00072628143 1.0715569e-06 2.6287757e-06 0.0009900032 0.0017158511 7.5289114e-07 1.2318292e-05 0.0016219786 0.003873307 0.0015013695 1.7577235e-05 0.0017903406 2.7019686e-07 0.0006018295 5.1101083e-06 2.7413796e-07 3.1416962e-06 1.7604687e-08 0.00010189328 0.0008705447 0.0018978782 1.9136452e-07 2.2884897e-06 4.2210395e-06 1.5310274e-05 8.548788e-05 1.8087169e-06 0.0003596515 0.0007256137 0.0008983869 0.0005707337 6.241106e-08 6.8326435e-06 8.228105e-05 6.180997e-06 2.223848e-06 1.8289122e-06 1.6008407e-05 1.6636254e-07 2.6492467e-08 3.405886e-07 4.7496683e-06 3.5461019e-06 1.4204908e-06 6.8073916e-07 0.00013951794 9.849947e-11 7.2316266e-06 2.2135e-07 0.00041418953 2.0271e-05 7.0677816e-05 5.299858e-05 1.0466569e-07 1.1612797e-06 9.219619e-09 4.0387928e-05 4.1991775e-06 9.582308e-07 1.11458554e-07 0.00010003079 9.712557e-09 5.4299187e-09 8.205032e-06
0.14971127 0.0019630545 0.0032190057 0.26050624 0.10976747 0.50806403 0.81680524 4.612416e-14 0.5424908 0.55206025 0.00917229 0.111725755 0.98426116 0.060747426 0.60510343 0.64611506 0.35097167 0.22674266 0.061961535 0.29157054 0.000105815416 5.2575168e-05 0.1975308 0.0042487513 0.0009992906 0.03075598 7.2251673e-06 0.057260096 0.00095644686 0.0004722593 0.025598355 0.032279488 0.03042594 0.0036207442 0.024686476 0.0035455811 2.7019094e-05 0.00041963355 1.8880115e-05 0.00033459676 0.025300058 0.0060254536 2.4313756e-06 0.0016439637 0.0043502813 0.04091063 0.018121274 6.65314e-06 0.019243326 4.8123243e-06 0.029764095 4.3721416e-06 1.9148183e-06 9.380208e-07 3.1271114e-08 4.423135e-06 0.031089481 0.00069114415 2.8911431e-06 3.3227938e-05 7.94505e-05 0.0015682174 5.872767e-05 0.00011689165 0.00059692055 0.0017151476 0.0019456237 0.0032434792 4.157049e-06 9.702629e-06 0.00068313547 0.00019739478 1.05951785e-05 6.323853e-06 0.0003407543 1.03369575e-05 8.665393e-07 7.2169787e-06 9.864248e-05 0.0003059845 0.0001458737 5.3551048e-05 0.0004954935 2.7079816e-09 6.215711e-05 1.2449574e-05 0.0008365322 0.0029609173 0.0006550468 0.0011499356 1.1088243e-07 1.2509132e-06 1.8154445e-08 0.0009620662 1.6978536e-05 4.503591e-06 3.4715077e-07 0.00056703255 2.7470573e-08 4.4366278e-08 0.00012946663
0.005663651 5.308442e-07 2.6736232e-06 0.00032868222 0.001302564 0.0072891866 0.9643155 0.5424908 9.3814484e-17 0.98029 4.7281897e-05 9.376077e-05 0.04916448 3.6357404e-05 0.7068792 0.21198203 0.009934786 0.005584335 0.07128933 0.03633643 1.2800626e-06 1.8316109e-06 0.007828461 0.014753875 1.7447635e-05 0.00012279897 1.2496685e-06 0.0028625445 0.008441444 7.7415185e-05 0.0016908465 0.003981175 0.0019323071 0.0012909374 0.00023723544 0.0023496023 0.0017720655 0.0011246325 2.613668e-07 5.0945278e-06 0.00034720745 0.00078178366 2.0790398e-07 1.4327513e-05 0.0010197172 0.0011528307 0.00078550464 0.00012795988 0.0008354615 2.5359805e-07 0.00018876865 1.8124338e-05 7.0314535e-08 8.424594e-07 2.395427e-08 0.00013121117 0.00031565683 0.0014657438 2.1606565e-08 2.0939146e-06 2.0361294e-06 3.3853569e-06 9.3891584e-05 3.5910188e-07 0.00023900675 0.00045882462 0.00043670702 0.00025522162 9.0553085e-09 1.2773328e-05 4.2857147e-05 2.8370464e-06 5.267968e-06 4.1062285e-06 8.122931e-06 6.32591e-08 2.9409403e-08 5.2498757e-07 1.9935887e-06 1.1523304e-06 3.6537438e-06 4.4856154e-07 7.576487e-05 3.1044306e-10 1.13514645e-07 7.884308e-08 0.00032128888 1.0238211e-05 3.543017e-05 2.3881636e-05 7.361837e-07 4.657175e-06 1.0840396e-07 4.9201328e-05 9.762561e-06 2.883238e-06 1.6455808e-06 0.000105619416 1.2866882e-07 1.2394048e-07 9.776713e-06
0.010869845 2.109944e-07 7.9366896e-07 0.0002184538 0.001138596 0.006091699 0.97202873 0.55206025 0.98029 5.005138e-17 3.6598693e-05 0.000110454115 0.04910519 3.57865e-05 0.7986284 0.27236044 0.012726419 0.008434958 0.109156184 0.04962859 7.1337723e-07 1.8990982e-06 0.01358524 0.02037487 3.4626737e-05 0.00016261007 9.0808993e-07 0.005105545 0.015141894 0.0001484832 0.0032287273 0.0070750853 0.0031706488 0.0026050012 0.00040227367 0.0051104403 0.0033480858 0.0020599093 1.8256857e-07 6.9281277e-06 0.0005973109 0.0015675842 2.6542855e-07 1.8002806e-05 0.0021335995 0.0017082851 0.001198189 0.00051692536 0.0014107275 1.9980301e-07 0.0002680928 7.112768e-05 9.894609e-08 6.661873e-07 1.46258134e-08 0.00058719027 0.00042397733 0.0028249756 1.08130696e-08 1.8020694e-06 1.5621482e-06 4.1999265e-06 0.0002859388 3.3125013e-07 0.00053246424 0.00086850463 0.00090837973 0.00059113686 8.791065e-09 4.0277802e-05 7.5743694e-05 3.1138807e-06 7.158249e-06 5.980952e-06 8.8144325e-06 6.523356e-08 4.0123513e-08 6.058241e-07 1.7891559e-06 7.513661e-07 6.243089e-06 2.6308936e-07 0.0001147257 6.9236095e-10 7.385236e-08 1.1987946e-07 0.0004450233 1.0262924e-05 7.262094e-05 3.1060583e-05 2.7484355e-06 9.559785e-06 4.4732488e-07 6.646327e-05 1.1530126e-05 4.6401997e-06 3.693962e-06 9.481578e-05 3.2615904e-07 3.251742e-07 1.5013085e-05
0.06854466 0.05648347 0.009925852 0.95792043 0.89999866 0.7664391 0.0002350678 0.00917229 4.7281897e-05 3.6598693e-05 1.5321355e-11 0.80966204 0.0068745343 0.61649734 0.000106175685 5.682991e-05 0.0022773733 0.0008861414 2.4573148e-05 3.6718466e-05 0.89956945 0.46110258 0.00034488976 1.347376e-05 0.23480749 0.13066156 0.11289628 8.331656e-05 4.6221667e-06 2.5536829e-05 5.0129885e-05 8.665038e-05 4.8174876e-05 2.2680953e-05 0.004333158 4.5759058e-05 6.0032044e-06 1.7102752e-06 0.08840816 0.010060061 0.001875684 4.0852905e-05 1.0283953e-06 0.00549558 0.00026337744 0.0010147546 0.0015283737 4.4270296e-06 0.00042100443 0.043012496 0.021372618 2.2174764e-07 3.7371628e-06 0.0042328634 0.00058375334 2.1033975e-06 0.0052382555 2.2136415e-05 0.009620547 0.0026115868 0.008405547 0.0011564413 7.4328245e-06 0.0009873726 6.563327e-05 7.847899e-05 8.4355044e-05 0.00013953629 9.404738e-06 3.632571e-06 3.2670792e-05 0.00019017408 2.804593e-06 4.8928666e-07 9.990952e-05 3.1895535e-05 0.00086664147 0.0014218307 0.00029537946 0.00045737054 3.6208512e-05 0.00012409016 0.00048703718 7.814939e-09 0.000106384374 0.00021148183 0.00034819727 0.0017176439 0.000273682 0.000719716 5.863388e-07 2.185707e-06 5.5879326e-08 0.0019419744 4.037422e-05 4.6902296e-06 1.0306599e-07 0.0003103327 3.6317065e-09 5.497773e-09 2.1117601e-05
0.17207158 0.00042407057 0.0005658633 0.4472937 0.6529919 0.8663029 0.0011462728 0.111725755 9.376077e-05 0.000110454115 0.80966204 8.696781e-14 0.18459353 0.98047626 7.318368e-05 0.00063350354 0.033564452 0.007811375 2.6736e-06 0.00020216702 0.07903263 0.08024195 0.0030654178 1.1875269e-06 0.2496425 0.48220184 0.014882006 9.644523e-05 8.786455e-07 2.340953e-06 3.668578e-05 5.238528e-05 5.9492177e-05 4.120539e-06 0.029146912 1.1787919e-05 1.0100445e-06 1.8098541e-06 0.001472279 0.025757829 0.007537932 6.654806e-05 2.0808251e-07 0.010797326 8.0958605e-05 0.00306003 0.008092398 1.6701072e-06 0.00046428782 0.0016192376 0.055267863 7.437851e-08 1.4547942e-06 0.0005626687 3.0056656e-06 7.803582e-07 0.018285517 6.3729014e-05 0.00011305297 0.00086363946 0.0055121267 0.0064061363 3.6343242e-06 0.002171085 6.080851e-05 8.5690386e-05 0.00025980084 0.00015097689 1.0769195e-05 2.208983e-07 7.41609e-05 0.001437796 7.2466754e-08 1.2883766e-07 6.962535e-05 9.730665e-05 3.151724e-05 7.717568e-05 8.078606e-05 0.00014858421 0.0001436005 8.471993e-05 0.00012639773 4.4435422e-10 1.4047567e-05 2.080107e-05 0.00019733625 0.00056057447 0.00014262344 0.0003770623 1.2538496e-07 1.4842848e-07 2.793331e-08 0.0011436837 1.4857734e-05 5.2899436e-06 7.414067e-07 0.00032468294 1.00232995e-07 1.5403695e-07 2.9215975e-05
0.21727946 0.00015110482 0.00046494513 0.06339895 0.0464709 0.37470773 0.18620743 0.98426116 0.04916448 0.04910519 0.0068745343 0.18459353 9.5038824e-17 0.17029375 0.31704304 0.67017514 0.81820124 0.517552 0.014170705 0.3850314 0.0001599038 0.00037334242 0.28382835 0.0010133776 0.0073949415 0.12918544 5.1058778e-05 0.043629088 0.0006450715 0.0014231547 0.024939686 0.028607825 0.031807255 0.0033276922 0.096656434 0.0037750795 4.8890583e-06 0.00015953428 8.072788e-06 0.003007634 0.04792224 0.010384381 2.2912708e-07 0.0063641868 0.016721793 0.06898942 0.044470895 1.1368474e-05 0.034618158 2.3407598e-05 0.06986513 1.5037088e-05 1.9123454e-06 9.388514e-07 1.5084622e-08 2.0775465e-06 0.040240634 0.0010686087 9.1345726e-08 6.0104598e-05 0.0008091248 0.0051143235 5.5042365e-05 0.0005908781 0.0004927754 0.0016814035 0.0027250417 0.0060458994 8.4384243e-07 1.1462895e-05 0.0020171532 0.00068839843 3.166557e-06 4.370657e-06 0.00092912087 6.0152965e-06 3.0112986e-07 3.1795375e-05 0.00018752323 0.00017437777 8.100385e-05 1.7544646e-05 0.00025504958 1.5383627e-09 1.5353133e-06 1.0566309e-05 0.00017023036 0.0006769284 0.00014927049 0.0006610466 3.8119026e-07 2.8845911e-06 3.038257e-08 0.0012184439 1.2115223e-05 3.8193234e-06 2.9381047e-07 0.00024682513 2.4153985e-08 3.920332e-08 1.3641388e-05
0.51973563 5.4209893e-05 3.604854e-05 0.15805708 0.29246703 0.5760951 0.00041628873 0.060747426 3.6357404e-05 3.57865e-05 0.61649734 0.98047626 0.17029375 2.525351e-15 8.9871115e-05 0.001175092 0.08711738 0.03506336 1.04917435e-05 0.00067679095 0.11119209 0.20599397 0.013570038 2.8638385e-06 0.6429065 0.8782423 0.082829155 0.00021501016 3.5446008e-06 5.607306e-06 0.00011634126 0.00017193647 0.0001466719 7.167696e-06 0.2098632 2.120106e-05 1.2604551e-06 3.007836e-06 0.004636626 0.23473905 0.05405069 0.0001105441 3.9083025e-07 0.07659311 0.00024028933 0.014145807 0.030685607 2.4922094e-06 0.0018742883 0.006926962 0.234736 7.4408455e-08 1.1138161e-05 0.0020550105 9.416567e-06 1.6421279e-07 0.06052727 3.1701573e-05 0.00058172824 0.0059028785 0.08123209 0.020200515 4.843737e-07 0.020571545 1.4206787e-05 4.4975197e-05 9.452354e-05 0.00024946878 0.0005553055 7.271626e-08 0.00015703742 0.01052722 6.031552e-08 4.6182578e-08 0.00030046797 0.00068009715 5.6462606e-05 0.0001398607 0.0011697172 0.00058399973 0.00023485222 0.00010526807 0.00043177794 3.5746381e-09 1.0381554e-05 0.00027323343 0.00039260252 0.0011493639 6.653359e-05 0.001461733 7.176964e-08 7.413466e-07 2.6694698e-08 0.008863003 2.0149557e-05 7.898532e-06 3.7817167e-06 0.0008334386 8.4359135e-07 8.240881e-07 8.544134e-05
0.14226896 4.5546353e-06 1.2124956e-05 0.0004607463 0.00056775927 0.0030477191 0.58228946 0.60510343 0.7068792 0.7986284 0.000106175685 7.318368e-05 0.31704304 8.9871115e-05 7.197868e-16 0.9811285 0.078699544 0.05856777 0.786608 0.4458576 2.8478747e-05 3.1529637e-06 0.10545548 0.26184505 8.576569e-05 0.00046188294 6.4655853e-07 0.07357504 0.12081995 0.008504762 0.039296273 0.08811277 0.023978202 0.055880085 0.0017590644 0.05940273 0.014224411 0.026396945 8.55743e-06 2.5638343e-05 0.0038619244 0.02084407 2.2983135e-05 4.4866767e-05 0.013137569 0.020003164 0.004339789 0.0019599672 0.011463136 7.6413363e-07 0.0009191965 0.0006350197 6.1077424e-07 1.1101095e-06 1.2422573e-08 0.0044791466 0.0031743143 0.028327778 3.3763948e-07 3.8815306e-06 8.469129e-06 0.00021649555 0.010202718 5.7035436e-06 0.021545952 0.015843987 0.047282238 0.015865337 2.623297e-07 0.0007591997 0.0032605163 5.383694e-05 9.1033915e-05 0.00020988389 0.00031151998 7.1731563e-07 6.505013e-07 1.7131189e-06 4.099106e-05 8.505277e-06 0.00054084207 6.012113e-06 0.00047819494 1.769744e-08 3.2266291e-06 4.0404825e-06 0.001625748 0.0004460718 0.00055727 8.408068e-05 2.6772068e-05 3.2872438e-05 4.230139e-06 0.0004178092 3.9526836e-05 7.589221e-05 2.1763315e-05 0.00030889918 1.2402475e-06 3.9006345e-06 0.00023694693
0.30335712 2.8605712e-06 3.9187496e-05 0.00050375983 0.0013374479 0.008933995 0.21778654 0.64611506 0.21198203 0.27236044 5.682991e-05 0.00063350354 0.67017514 0.001175092 0.9811285 1.1206515e-16 0.39024627 0.29240906 0.4923229 0.93808174 4.2570714e-06 1.1367585e-05 0.29780298 0.09734223 0.0004611347 0.0046734307 1.138115e-06 0.18206608 0.057252124 0.019987337 0.1199953 0.17299819 0.08554657 0.08383616 0.023616783 0.07612349 0.0035408086 0.01675854 6.944913e-07 0.00016457033 0.023148881 0.043600064 1.56968e-05 0.00042211622 0.040342335 0.08295451 0.027762322 0.0013927591 0.03636396 1.4678327e-06 0.016820114 0.0002237738 6.9583984e-07 4.6015148e-07 3.1579785e-09 0.0027599812 0.01849507 0.034034383 1.5203916e-08 2.2597649e-06 6.2323845e-05 0.0017553457 0.003757023 3.404727e-05 0.011253255 0.019990135 0.03456533 0.023251528 1.7302496e-07 0.00024622492 0.007233793 0.00011939839 1.8428427e-05 4.2310487e-05 0.0005300473 6.0177666e-07 4.4702588e-07 1.7661756e-05 7.743733e-05 1.4651454e-05 0.00018368849 2.8784798e-06 0.00044175852 9.568673e-09 6.529869e-07 3.2127336e-05 0.0007664455 0.00042887795 0.00022135963 0.00013811215 3.3848207e-06 6.4781298e-06 4.318401e-07 0.00075565337 1.6167816e-05 2.6376418e-05 3.4511822e-06 0.0005006617 6.971536e-07 1.2612498e-06 0.00014824112
0.37616307 5.1453986e-05 0.00012011563 0.016203614 0.010434493 0.071665145 0.027794115 0.35097167 0.009934786 0.012726419 0.0022773733 0.033564452 0.81820124 0.08711738 0.078699544 0.39024627 2.5081539e-17 0.9818198 0.0047583506 0.6710946 2.6911783e-05 0.00011779271 0.7292335 0.0003848116 0.0067009786 0.38428536 3.7208065e-05 0.067378186 0.0003960079 0.003291983 0.04729849 0.029057058 0.086742274 0.0031463243 0.31646037 0.002938059 2.3248963e-06 8.946458e-05 1.347532e-06 0.008214177 0.10052039 0.0128068365 5.6380014e-07 0.011388344 0.031273007 0.10748181 0.06096105 7.4614813e-06 0.046981648 3.8823596e-06 0.08550091 2.1572412e-06 5.788262e-05 7.5171954e-07 8.058373e-08 1.8081341e-06 0.060457002 0.0007773048 5.233651e-08 4.998567e-05 0.0006091688 0.013319835 3.758191e-05 0.0005542145 0.0005146388 0.003015124 0.0028450883 0.012865688 6.640808e-07 1.1158145e-06 0.0060789553 0.0025127698 2.3648354e-07 2.3021182e-06 0.0027492775 7.5989146e-06 2.1598719e-06 2.1740134e-06 0.00049676275 6.470168e-05 8.11602e-05 1.0262581e-05 0.00026385437 2.3271864e-11 1.2906006e-06 1.1857626e-06 0.00019433185 0.0005602023 0.00011982136 0.00031611414 1.9721657e-08 6.1808646e-07 8.09299e-10 0.001115489 2.782515e-06 2.1677276e-06 4.145218e-07 0.0002634948 1.5424739e-08 2.7657629e-08 4.440753e-05
0.44145748 6.326742e-06 5.2679152e-05 0.005123863 0.0050330986 0.025651213 0.013181546 0.22674266 0.005584335 0.008434958 0.0008861414 0.007811375 0.517552 0.03506336 0.05856777 0.29240906 0.9818198 1.3542617e-16 0.007270663 0.73049855 5.3521697e-05 0.00012612391 0.8751527 0.0005867835 0.00505127 0.41166615 7.244503e-05 0.085545786 0.00077059626 0.00970127 0.08544198 0.05689747 0.1542836 0.0041745375 0.47194448 0.004883742 1.5335494e-05 0.00022871656 1.1597606e-05 0.011905206 0.17290597 0.02381891 2.3449638e-06 0.022445615 0.05769344 0.19720833 0.11498198 2.469943e-05 0.099685855 8.682165e-06 0.11406425 5.7577795e-06 0.0001972241 1.0986788e-06 4.4215906e-08 8.423586e-06 0.062986694 0.0017693882 4.519318e-07 0.0001003953 0.0010610012 0.011631874 6.689523e-05 0.0009658725 0.0006367553 0.003507536 0.0034616848 0.014265322 4.3075934e-06 1.3847504e-05 0.0065284 0.0043485533 7.5679134e-07 3.5042738e-06 0.00355926 1.6966478e-05 2.619886e-06 3.2325768e-06 0.0010570014 0.00021432436 7.27836e-05 2.8620545e-05 0.00045686396 2.528616e-10 2.1446665e-06 8.576049e-06 0.00068579154 0.0010393119 0.00022421152 0.0006014835 7.150552e-08 2.1009075e-06 7.639324e-09 0.001983587 1.3676664e-05 8.406292e-06 1.4589997e-06 0.00065263367 1.684204e-07 1.9378209e-07 0.00010435797
0.3279121 8.865292e-08 5.284505e-07 4.97864e-06 2.9065375e-05 0.00031898989 0.07999144 0.061961535 0.07128933 0.109156184 2.4573148e-05 2.6736e-06 0.014170705 1.04917435e-05 0.786608 0.4923229 0.0047583506 0.007270663 1.170264e-17 0.26282465 6.3181683e-06 5.997788e-07 0.024731915 0.9913647 9.529347e-06 9.833017e-05 5.053207e-07 0.044070866 0.61223686 0.12994821 0.029086877 0.124856934 0.013981643 0.15008382 0.00033299395 0.14571072 0.30653515 0.16883266 1.5823721e-06 1.3782479e-06 0.00092272117 0.046043973 0.0044113947 5.9403756e-06 0.040853474 0.01282887 0.001232695 0.017847618 0.011255644 1.2909865e-07 0.00015481743 0.015303771 2.1464292e-07 2.1004578e-07 3.962995e-09 0.031216534 0.001536569 0.1225651 9.2585815e-09 1.1798203e-06 1.7404251e-06 6.385154e-05 0.06578997 4.264847e-07 0.12165618 0.052706007 0.14751689 0.03403329 2.8785893e-08 0.0036946987 0.007276823 1.1540918e-05 0.00040396946 0.0005210526 0.00047772977 8.2088036e-08 5.170421e-07 4.846653e-07 2.602565e-05 2.8953177e-06 0.00078146684 6.615233e-07 0.00087959174 5.897788e-09 6.743806e-08 2.4243099e-07 0.0016580834 0.00036034704 0.00038887377 0.00013592074 9.42677e-05 3.3736753e-05 6.3760535e-06 0.0007539596 4.581233e-05 7.1725546e-05 3.464682e-05 0.00021783427 3.1198763e-06 4.952646e-06 0.0003846767
0.7678054 6.4904077e-07 2.4455842e-06 0.00010364484 9.77697e-05 0.0039728004 0.07699457 0.29157054 0.03633643 0.04962859 3.6718466e-05 0.00020216702 0.3850314 0.00067679095 0.4458576 0.93808174 0.6710946 0.73049855 0.26282465 1.1038209e-15 1.4196133e-06 2.7286992e-06 0.9531956 0.0540632 9.237503e-05 0.006167775 6.615113e-07 0.6653187 0.0603222 0.3367392 0.562968 0.5707055 0.5645404 0.21150075 0.084479876 0.19438067 0.00043059426 0.021423688 5.450299e-07 7.622224e-05 0.076966755 0.15162063 5.8510992e-05 0.00041387518 0.14698882 0.26021063 0.07558205 0.00016600222 0.13556334 4.8951414e-08 0.028642738 3.883636e-05 2.4374488e-06 1.601559e-08 2.9967783e-08 0.00036260104 0.062421728 0.018445425 3.5366753e-08 1.2296455e-06 5.1897816e-05 0.00618384 0.0015790401 2.7197946e-05 0.0075168703 0.0389155 0.0349848 0.052384958 1.2070626e-07 9.458711e-05 0.01768607 0.0013289972 3.4142292e-06 1.6582318e-05 0.0025020966 1.27742e-06 3.7097126e-07 6.388394e-07 0.00019540825 3.5406127e-05 0.00011411604 5.8836117e-06 0.0007646305 9.1172264e-10 3.979853e-07 3.8358831e-07 0.0005632596 0.0007274776 0.00033705367 0.00035044324 2.0364637e-06 3.3460983e-06 1.647059e-07 0.00091916503 3.3872544e-05 4.0320232e-05 6.7676056e-06 0.00065762753 4.9746694e-07 2.2059273e-06 0.00058885856
0.030914465 0.0036508406 0.0023278107 0.062195197 0.040142022 0.024356754 6.951782e-06 0.000105815416 1.2800626e-06 7.1337723e-07 0.89956945 0.07903263 0.0001599038 0.11119209 2.8478747e-05 4.2570714e-06 2.6911783e-05 5.3521697e-05 6.3181683e-06 1.4196133e-06 1.7903051e-15 0.9475824 1.7035662e-05 4.2119755e-06 0.17761908 0.0140936 0.7679862 2.7879526e-06 3.7574455e-07 4.766832e-07 2.335316e-06 2.8230497e-06 3.397301e-06 3.891321e-07 0.00014763742 2.3228374e-06 1.5159078e-06 1.18969936e-07 0.9682428 0.0047920616 4.9494283e-05 5.414559e-06 1.7951772e-08 0.00068912853 2.1126505e-05 2.4338147e-05 0.00011781822 4.8664947e-07 2.6587446e-05 0.595287 0.0010542967 2.90664e-07 2.4959638e-07 0.16029175 0.037984803 1.4551166e-07 0.0011309558 1.1943864e-05 0.13029566 0.0372112 0.03135753 0.0007400239 7.1926723e-07 0.0016364539 3.069541e-05 2.2528564e-05 3.540825e-05 2.808912e-05 5.970953e-05 2.3822288e-07 7.1310897e-06 0.00017943337 4.165895e-08 1.7670103e-06 1.1140234e-05 0.0003923154 0.0034695407 0.0017806375 7.820711e-05 0.00035182643 0.00011694082 0.0009789589 4.4348577e-05 1.5822527e-10 4.9576294e-05 0.0001672133 9.134508e-05 0.000598739 0.00023723365 0.000523647 7.173967e-08 8.086522e-07 4.8315343e-09 0.0059498986 2.0018391e-05 9.63373e-07 4.6604136e-08 0.00023083422 8.5510035e-09 2.3050795e-08 7.0846017e-06
0.18464321 0.00025217506 0.00019469247 0.025206393 0.009991763 0.01330929 2.0955029e-06 5.2575168e-05 1.8316109e-06 1.8990982e-06 0.46110258 0.08024195 0.00037334242 0.20599397 3.1529637e-06 1.1367585e-05 0.00011779271 0.00012612391 5.997788e-07 2.7286992e-06 0.9475824 4.770606e-15 5.4059507e-05 2.2967401e-07 0.81574786 0.14616662 0.98980045 3.4373309e-06 1.8832871e-07 5.84909e-07 2.0791342e-06 3.6106119e-06 3.590733e-06 1.7322259e-07 0.006951478 9.899653e-07 2.9702787e-07 1.2764072e-07 0.13331114 0.0695409 0.00114885 8.450137e-06 2.0154829e-08 0.009612403 3.4079236e-05 0.0005436991 0.00083562755 3.3436405e-07 0.00010077766 0.15009013 0.016056562 6.559375e-08 1.9176307e-06 0.061671313 0.0009642863 4.659027e-08 0.00792714 9.986928e-06 0.002690025 0.16038275 0.13191374 0.01174912 2.522733e-07 0.028845001 1.0277175e-05 1.8128263e-05 2.0711203e-05 6.75461e-05 0.00087430363 1.4267476e-07 3.0462259e-05 0.011952901 2.3502393e-07 1.2225507e-07 0.00025506224 0.0059961327 0.0032247098 0.0017482863 0.003685865 0.0019385966 0.00035253647 0.0027263844 0.00027174002 5.930057e-10 8.764093e-05 0.00014378372 0.00069859327 0.0022009672 0.00034102253 0.0023748628 8.385965e-07 8.229925e-07 7.6749934e-08 0.015321726 2.8570747e-05 2.7788105e-06 1.2176143e-06 0.0006774761 5.767576e-07 6.6187795e-07 1.3306972e-05
0.8537421 3.2203304e-06 1.2115859e-05 0.0019881618 0.0010650828 0.0186256 0.01688726 0.1975308 0.007828461 0.01358524 0.00034488976 0.0030654178 0.28382835 0.013570038 0.10545548 0.29780298 0.7292335 0.8751527 0.024731915 0.9531956 1.7035662e-05 5.4059507e-05 4.975633e-16 0.0019695214 0.0013948653 0.17696069 1.8827432e-05 0.4776594 0.0015710287 0.081747495 0.49412647 0.40105292 0.72697276 0.054114383 0.6487328 0.036986127 1.3333115e-05 0.00091193285 2.4460344e-06 0.0054645883 0.4276398 0.14017014 2.4445664e-05 0.01842989 0.23706105 0.4459197 0.31812748 1.8547298e-05 0.30844715 3.969126e-07 0.2391946 7.564346e-06 0.000877978 4.976024e-08 1.1215847e-07 1.2190592e-05 0.13915046 0.0013133166 4.5114805e-07 3.7236066e-05 0.0007793404 0.027695583 0.00014155685 0.0005387618 0.0018142955 0.010842704 0.00927346 0.04691379 1.3036804e-05 2.2805149e-05 0.01671865 0.010256648 7.877096e-07 3.891935e-06 0.00937974 3.3507018e-05 1.8680549e-06 1.7688717e-06 0.0009748764 0.00028804984 8.321016e-05 9.951731e-06 0.0011196376 6.129779e-10 1.0069408e-06 1.8021638e-06 0.0010844094 0.0017881659 0.00023013195 0.0012186338 1.5972569e-07 8.886154e-07 3.408097e-08 0.0009281091 1.6133423e-05 1.1241944e-05 4.4351564e-06 0.0010643959 3.87489e-07 7.366297e-07 0.0004677972
0.53559494 2.1844544e-08 2.2027004e-08 2.7801675e-06 1.773763e-05 0.00010150929 0.021421019 0.0042487513 0.014753875 0.02037487 1.347376e-05 1.1875269e-06 0.0010133776 2.8638385e-06 0.26184505 0.09734223 0.0003848116 0.0005867835 0.9913647 0.0540632 4.2119755e-06 2.2967401e-07 0.0019695214 2.4644585e-18 1.7622444e-06 1.875904e-05 2.084259e-07 0.014340542 0.86161715 0.06839073 0.0109551875 0.06652575 0.004128967 0.13225733 3.1104693e-05 0.13325417 0.71430993 0.32763848 6.100559e-07 1.8731883e-07 8.4318606e-05 0.036392916 0.033040613 6.8927477e-07 0.030883018 0.0025169046 0.00018160648 0.075239345 0.0047248364 8.146383e-08 2.5345327e-05 0.17989346 1.2507755e-07 8.985153e-08 3.6712724e-09 0.090046875 0.0004418729 0.17477973 1.6534565e-09 1.6314355e-07 5.417992e-07 1.3870779e-05 0.16893442 1.01166826e-07 0.22855134 0.061308183 0.21295302 0.030959792 2.7322467e-09 0.015464046 0.010155156 4.6874616e-06 0.0032357662 0.0019166665 0.00029024505 2.179535e-08 2.9720155e-07 2.5327927e-07 1.4007166e-05 9.185944e-07 0.0013795919 1.5679399e-07 0.0012432911 6.513496e-08 1.5946672e-08 7.8724064e-08 0.0028671648 0.00018327992 0.0005113724 0.0001414443 0.0016201474 0.00028978154 0.0007302876 0.00025066786 0.00019962828 0.0007878112 0.00028628175 0.00019872205 3.5768113e-05 8.6765154e-05 0.0010776125
0.8933725 9.664991e-05 4.098164e-05 0.02522781 0.012156977 0.02391897 2.5095236e-05 0.0009992906 1.7447635e-05 3.4626737e-05 0.23480749 0.2496425 0.0073949415 0.6429065 8.576569e-05 0.0004611347 0.0067009786 0.00505127 9.529347e-06 9.237503e-05 0.17761908 0.81574786 0.0013948653 1.7622444e-06 2.6162809e-15 0.9520904 0.93107253 9.278152e-05 2.5190054e-06 1.607635e-05 9.01109e-05 6.591712e-05 0.00013575028 2.9584432e-06 0.13988958 7.4429186e-06 2.554623e-07 2.6826929e-06 0.009914356 0.89314485 0.02514653 8.737314e-05 8.320785e-07 0.27537158 0.00028599196 0.004906348 0.01967219 3.0316812e-06 0.0018477457 0.055019367 0.27383056 1.2615668e-07 0.00056142866 0.021139551 0.00031904798 1.4213886e-07 0.0917246 1.6056401e-05 0.0010358709 0.20867296 0.39652127 0.06208904 2.3242812e-07 0.15196848 4.3216332e-06 4.016055e-05 1.0960516e-05 0.00024283306 0.0113217775 6.394998e-08 0.00042998386 0.045075644 4.5000867e-08 6.365682e-08 0.0020941864 0.026076367 0.006170706 0.00069091807 0.02555431 0.012362196 0.00033212942 0.004206509 0.0011152204 7.1267885e-09 9.1598795e-06 0.00034463362 0.0013582421 0.008002785 0.00011172627 0.0059147766 1.1397573e-06 1.215763e-07 4.778803e-07 0.043319814 8.2033774e-05 1.7233398e-05 7.477452e-06 0.004086448 2.5046686e-06 4.02092e-06 0.0009919057
0.864503 0.00019890806 0.0003372405 0.032219727 0.04498808 0.13799407 0.00022481402 0.03075598 0.00012279897 0.00016261007 0.13066156 0.48220184 0.12918544 0.8782423 0.00046188294 0.0046734307 0.38428536 0.41166615 9.833017e-05 0.006167775 0.0140936 0.14616662 0.17696069 1.875904e-05 0.9520904 6.950729e-15 0.17532513 0.0015570682 1.7094151e-05 0.0007326028 0.002352305 0.00074839016 0.0063128835 5.7131067e-05 0.8879476 0.00011154922 4.571708e-06 2.3631404e-05 0.001794854 0.94539386 0.23763205 0.00037545693 2.201745e-06 0.72789234 0.0015624508 0.04169321 0.094598405 6.2388804e-06 0.012277679 0.0031617638 0.38886803 1.6858164e-06 0.024114845 0.0002860004 6.2897176e-05 1.5883744e-06 0.16307671 0.00010564713 5.3407843e-05 0.015834918 0.05430455 0.07538071 1.07222995e-05 0.036362514 0.00019599298 0.0021537272 0.0013565891 0.0066561745 0.0063098627 7.408303e-06 0.0074857865 0.032174185 2.6563848e-07 7.5047313e-07 0.0072064567 0.00227888 0.00060639874 0.0002678858 0.010306277 0.0040926724 6.51304e-05 0.0004856198 0.0014792654 1.2689272e-09 5.0582166e-05 0.00011964882 0.0010979185 0.004777772 0.00028096396 0.0026767524 2.6725738e-07 3.7474538e-07 3.6533567e-08 0.0073318467 0.00016043383 6.765931e-05 1.5790534e-05 0.0026916994 3.787244e-07 7.4132043e-07 0.00015031187
0.5010959 5.020579e-06 9.449421e-06 0.0024067753 0.0028042535 0.0032062528 9.1810045e-07 7.2251673e-06 1.2496685e-06 9.0808993e-07 0.11289628 0.014882006 5.1058778e-05 0.082829155 6.4655853e-07 1.138115e-06 3.7208065e-05 7.244503e-05 5.053207e-07 6.615113e-07 0.7679862 0.98980045 1.8827432e-05 2.084259e-07 0.93107253 0.17532513 1.5618518e-17 2.4555216e-06 1.8103228e-07 3.4186115e-08 1.5478628e-06 1.364639e-06 1.3456186e-06 8.515137e-08 0.0023134244 5.6272364e-07 6.255908e-08 2.0555444e-08 0.1579299 0.1912876 0.00060513214 1.023596e-06 6.605549e-09 0.024452435 1.3550476e-06 0.00015585576 0.00078448234 2.4406564e-08 3.7766873e-05 0.36399874 0.011463455 3.1117475e-09 4.8806446e-06 0.10374995 0.0029494287 5.7441802e-09 0.008607189 8.311284e-07 0.0038836582 0.58924836 0.47514352 0.0084845135 2.2374303e-08 0.06209532 3.425947e-07 5.700463e-07 1.188643e-06 3.5511982e-06 0.007291286 1.8647638e-08 5.1492593e-06 0.014516427 1.753826e-08 3.985957e-09 0.00023963048 0.037727054 0.00789015 0.003885277 0.017101401 0.008892003 3.0322826e-06 0.020870535 0.00025299695 5.522362e-10 0.0004788487 0.0003059337 0.0006594023 0.0022855054 4.70258e-05 0.0029555825 1.3426548e-08 7.8504236e-08 6.3307586e-09 0.03770673 5.1164184e-06 1.040233e-06 1.8402031e-07 0.00166405 5.9124552e-08 6.672654e-08 5.737157e-05
0.77752167 2.0552358e-07 3.2096239e-06 1.42774e-05 7.403187e-05 0.0010846215 0.0063823233 0.057260096 0.0028625445 0.005105545 8.331656e-05 9.644523e-05 0.043629088 0.00021501016 0.07357504 0.18206608 0.067378186 0.085545786 0.044070866 0.6653187 2.7879526e-06 3.4373309e-06 0.4776594 0.014340542 9.278152e-05 0.0015570682 2.4555216e-06 5.8760003e-18 0.03337291 0.6777617 0.95951766 0.92380124 0.93444747 0.49455792 0.043102004 0.40667957 0.00029196576 0.060529895 7.9773474e-07 4.3399978e-05 0.062622026 0.48012805 0.0012144689 0.00033088503 0.4609376 0.27918503 0.08438956 0.00045221535 0.25848272 9.473159e-08 0.006249326 3.221745e-05 0.0002141323 1.8949942e-07 8.286941e-08 0.00018910143 0.032958705 0.03526552 4.0879538e-08 3.811548e-06 7.0012735e-05 0.004417718 0.0006252399 3.75937e-05 0.0044087237 0.056750968 0.05250811 0.092139095 7.3397473e-07 0.00018978835 0.025367206 0.0028530587 2.7652356e-06 1.8888688e-05 0.007822896 3.3658563e-07 7.8305544e-07 2.0076169e-07 0.000429299 4.8165875e-05 8.095535e-05 4.992368e-07 0.0017103911 3.711354e-09 1.4068272e-06 2.0242987e-07 0.00055591774 0.0006035535 0.00031210578 0.0002529692 1.1878916e-06 8.847016e-06 1.7361505e-07 0.00042884846 3.930307e-05 4.5749246e-05 7.991927e-06 0.00083837396 9.781846e-07 2.1551457e-06 0.00034846316
0.6920862 5.397228e-09 1.764347e-09 1.2622775e-06 4.045965e-06 1.9067993e-05 0.0049195914 0.00095644686 0.008441444 0.015141894 4.6221667e-06 8.786455e-07 0.0006450715 3.5446008e-06 0.12081995 0.057252124 0.0003960079 0.00077059626 0.61223686 0.0603222 3.7574455e-07 1.8832871e-07 0.0015710287 0.86161715 2.5190054e-06 1.7094151e-05 1.8103228e-07 0.03337291 3.9447193e-18 0.57548386 0.026529891 0.18253848 0.0045973747 0.45198014 4.740507e-05 0.43825886 0.97521675 0.94759256 2.3355041e-07 3.7486944e-07 6.3639374e-05 0.07743323 0.5033242 8.04543e-07 0.06933263 0.0012760989 0.00012676265 0.25280982 0.0059915367 1.4250051e-08 2.8171773e-05 0.061947405 3.0680013e-07 1.0587717e-08 1.1183877e-09 0.0562426 0.0009498141 0.2578025 4.385964e-10 2.9274824e-07 1.3242641e-06 1.9300416e-05 0.07831433 1.1751124e-07 0.16484465 0.06539062 0.21210566 0.028750826 7.2691404e-09 0.006691176 0.009457859 1.22549245e-05 0.0015624469 0.0010848008 0.00049785426 5.497314e-08 7.8433e-08 4.9096934e-07 2.1384916e-05 6.0086194e-07 0.0013516424 7.5557296e-08 0.0028352288 7.126289e-08 5.6784206e-08 2.517587e-07 0.0019559814 0.00053477305 0.0010761983 0.00020174618 0.00032234003 0.00017321327 8.6707914e-05 0.0003371429 0.00040751148 0.0006993525 0.00041061797 0.00040153216 0.00011986593 0.0001966074 0.0010863853
0.29830423 1.3291827e-07 4.9095785e-08 6.66377e-06 3.995973e-06 1.2851063e-05 7.488181e-05 0.0004722593 7.7415185e-05 0.0001484832 2.5536829e-05 2.340953e-06 0.0014231547 5.607306e-06 0.008504762 0.019987337 0.003291983 0.00970127 0.12994821 0.3367392 4.766832e-07 5.84909e-07 0.081747495 0.06839073 1.607635e-05 0.0007326028 3.4186115e-08 0.6777617 0.57548386 1.376672e-20 0.63923675 0.929106 0.35497263 0.9468655 0.0047951518 0.8868305 0.07297296 0.7126792 6.8662644e-08 4.4493925e-05 0.011167988 0.7364204 0.037163693 0.00018467194 0.5184896 0.122007065 0.01876273 0.04992644 0.13576509 5.4204744e-08 0.0057390234 0.0014439039 2.6131598e-05 5.7054535e-08 3.3138047e-08 0.043867525 0.011563736 0.28611872 2.2924247e-09 5.629075e-06 4.7313224e-06 0.00069569383 0.06701236 3.0739702e-07 0.18561848 0.20082326 0.3359622 0.12431334 3.0086163e-08 0.0012877029 0.02576676 0.0002710009 1.8379213e-05 0.00010265229 0.0014151973 9.761791e-09 6.641697e-08 8.0715505e-09 3.868034e-05 1.0498924e-06 9.715781e-05 2.3189118e-07 0.001106785 1.7725535e-09 1.697206e-07 8.9413487e-07 0.00057336706 0.00033620678 8.515776e-05 0.0006738175 1.5688644e-05 3.5603578e-06 8.807677e-06 0.00014707586 4.3839802e-05 0.00017051793 0.0001281405 0.00056463585 3.3404816e-05 5.36883e-05 0.00011175418
