3.1310727e-24 0.7701842 0.82275796 0.9231342 0.92334247 0.8689319 0.8469666 0.90255105 0.7736139 0.9611685 0.12884192 0.5629681 0.9362033 0.7925767 0.9130354 0.88325596 0.2627418 0.89586073 0.9082063 0.9616296 0.45681536 0.6466323 0.72906226 0.96666783 0.9253047 0.16400994 0.5212658 0.16862628 0.94745076 0.39319313 0.93458974 0.2337315 0.752739 0.9795219 0.20792969 0.9104011 0.90198946 0.10148312 0.96674687 0.8816965 0.90482783 0.3258052 0.16090068 0.21722923 0.9533475 0.9840854 0.98825455 0.20805667 0.71736354 0.8511162 0.8908123 0.9036829 0.8330078 0.98391324 0.99103624 0.27681816 0.9987617 0.8467318 0.9924905 0.1690566 0.04578124 0.02209864 0.031549215 0.13731965 0.94149184 0.9810946 0.6901767 0.47985017 0.9970743 0.9993715 0.5162122 0.99954194 0.90182215 0.052473724 0.0064500747 0.9906467 0.09106206 0.002408544 0.9923332 0.85473883 0.0015658622 0.99660206 0.00031106666 0.0009925921 0.0068080546 0.0015161813 0.001312063 0.7684937 0.010539183 0.65212554 0.8315443 2.9581202e-05 0.9919102 0.9980878 4.4090746e-05 0.9999797 0.00018836581 0.00015571105 0.9925204 1.8705518e-05 2.0180845e-05
0.7701842 5.8391566e-17 0.95489746 0.6197868 0.6728612 0.8492796 0.3174627 0.6207787 0.29883668 0.1326431 0.1656984 0.12648377 0.6734903 0.23558916 0.044498183 0.035765536 0.02674356 0.00086313725 0.002130954 0.0030887383 0.113641106 0.03501814 0.0035496766 0.13635255 4.1514333e-05 3.5914985e-05 0.1693914 0.028547235 0.04758003 0.0016379614 2.6635753e-06 0.0052483366 0.0051054666 0.002585794 0.008157136 0.0057603396 4.0121233e-07 0.0038062304 1.4684956e-07 2.5750396e-07 2.2185594e-07 0.00028550415 0.06884326 0.006488926 0.0071150176 0.0005679854 0.03662891 0.0021639555 1.9548514e-05 4.2001226e-08 0.00080250326 1.4132759e-07 1.3166303e-08 3.7163536e-06 0.002376998 0.00052682124 0.016037565 0.00039631582 0.010945924 2.1781418e-05 0.0023794114 0.0018386965 0.010046945 3.283312e-05 6.792923e-07 4.1283865e-06 9.032423e-06 5.4816893e-09 0.00019840732 0.0009008878 4.2374566e-09 0.0051194187 6.9935573e-09 9.0720215e-10 0.0021182094 0.0051638307 2.9968e-05 0.00012208923 9.64628e-05 0.00077089545 8.080133e-05 2.7030022e-05 0.00011086865 0.0001315728 2.4380412e-08 0.00021853195 2.9050385e-05 0.00037564532 6.459164e-05 5.6732375e-07 4.2947202e-05 2.559312e-07 7.491457e-06 0.002299104 1.4644973e-05 0.0034785557 1.7923658e-05 8.664422e-06 0.003851196 7.2887483e-06 2.2000186e-05
0.82275796 0.95489746 2.2592057e-16 0.6256383 0.67000383 0.8599344 0.34557307 0.5832588 0.3009815 0.110215105 0.14668429 0.120112084 0.7637347 0.24603242 0.045968946 0.04724799 0.01512035 0.0003910031 0.0011417749 0.002122886 0.16070966 0.04020308 0.0016376365 0.14521897 3.6317728e-05 2.0692407e-05 0.24231432 0.041865032 0.05589004 0.003466118 1.799042e-06 0.008536084 0.003406944 0.0016996893 0.011785498 0.008774156 3.3748688e-07 0.005805056 8.524497e-08 1.9105742e-07 1.261313e-07 0.00047253186 0.09253887 0.01046721 0.008963356 4.026417e-05 0.04181494 0.0026622792 9.2281825e-06 4.346005e-08 0.00087864307 5.5624014e-08 1.27266535e-08 3.002534e-06 0.0017203636 0.0003843238 0.016659023 0.0004636425 0.010937227 1.4268703e-05 0.004042853 0.0021835486 0.014957915 2.3034921e-05 1.7944986e-07 1.4144146e-06 2.0490654e-05 7.741222e-09 0.00017311962 0.0006430608 3.0850125e-09 0.004193001 2.6435816e-09 5.8622773e-10 0.003460285 0.004960089 6.680183e-05 0.00028239464 5.8912225e-05 0.0010972548 0.00023249541 4.7777787e-05 0.00016148147 0.00015490636 1.9449406e-08 0.0002399424 6.260233e-05 0.00050691084 0.00019355668 3.4213167e-07 2.4148909e-05 3.2828297e-07 3.2529847e-06 0.0037017206 7.1470886e-06 0.005512085 1.2806993e-05 1.4435038e-05 0.0058465814 7.1560503e-06 1.7014863e-05
0.9231342 0.6197868 0.6256383 1.9502548e-17 0.8487824 0.44115162 0.9117716 0.55474544 0.71342087 0.6001007 0.5432635 0.6049568 0.72377914 0.03545942 0.46555027 0.0028199812 0.04080237 0.004105295 0.023368133 0.012182615 0.033776507 0.18145359 0.020999406 0.15177412 0.00012948553 6.4757674e-05 0.08225827 0.009649105 0.01619548 0.0002471735 2.2161014e-06 0.061963547 0.02778552 0.008392975 0.046032537 0.0023317789 4.6508478e-07 0.037968982 1.3242925e-07 4.2215686e-07 2.8811448e-07 7.985181e-05 0.063018054 0.04351528 0.0046818396 0.00047359834 0.018530503 0.013522678 3.953939e-05 4.4730115e-08 0.00047842463 1.6174032e-07 5.8227126e-08 2.1367629e-05 0.0040483703 0.0029769302 0.016883314 5.816888e-05 0.0048595034 3.2097174e-05 0.0011289879 0.0004399603 0.025091128 9.658771e-05 2.4288447e-06 5.2259657e-06 1.8606372e-06 3.4362144e-09 0.00032088647 0.0005317345 9.433517e-10 0.004853314 6.836518e-09 2.1629614e-08 0.0070640864 0.0027497625 0.00012500321 0.00017076643 0.00017875375 0.00016151243 9.942073e-06 3.6909423e-05 0.00018876865 0.00060197065 3.6370597e-08 0.00031807463 9.333446e-06 2.330807e-05 0.00012289913 1.2362194e-06 4.755168e-05 2.460559e-06 4.211012e-06 0.0007422854 5.4438e-05 0.0013448874 2.9425973e-05 5.0653052e-06 0.001528561 4.020483e-06 1.5924796e-05
0.92334247 0.6728612 0.67000383 0.8487824 2.495053e-16 0.7181482 0.48731658 0.9218707 0.3728654 0.5412077 0.26845255 0.22713879 0.5627301 0.15478371 0.14892982 0.013479911 0.029215014 0.0027758018 0.010032535 0.023098413 0.035953507 0.06110568 0.007888581 0.26874748 0.00023979075 8.889646e-05 0.06389291 0.008949668 0.027391996 0.00029127355 3.5922264e-06 0.018612374 0.010118075 0.009579472 0.010785806 0.0041452325 5.3652985e-07 0.010674684 2.1539283e-07 5.2786726e-07 4.2622e-07 0.00015000829 0.034447365 0.008638191 0.0069858264 0.0014909513 0.031128325 0.0025135258 3.2766806e-05 8.177096e-08 0.0010106761 6.621222e-07 5.0739157e-08 3.9657178e-05 0.005402657 0.00054824434 0.031309705 0.00012592139 0.0066660424 6.0183465e-05 0.0012488202 0.00035259913 0.010513449 0.00022063399 6.4507267e-06 1.9844487e-05 4.273171e-06 1.102474e-08 0.00024894613 0.00066701 3.2575025e-09 0.00958746 3.5197978e-08 1.7877497e-07 0.0019355929 0.006216938 0.000103343606 7.633936e-05 0.00021822435 0.00037097637 5.16912e-05 4.7097426e-05 0.00013936023 0.00017051713 1.0899047e-07 0.00027136298 1.9998357e-05 0.00019639863 0.00018402743 3.8050796e-06 9.46891e-05 2.5143623e-07 3.604211e-05 0.0020586886 0.00010075844 0.0036344596 7.783619e-05 2.4866411e-05 0.0036591368 1.1752806e-05 3.531726e-05
0.8689319 0.8492796 0.8599344 0.44115162 0.7181482 8.085132e-15 0.17713138 0.9193978 0.13433656 0.07719737 0.076177076 0.047237843 0.6561024 0.7198052 0.01731777 0.25096023 0.014663722 0.00063568255 0.0022234314 0.0028928518 0.17982599 0.025370248 0.0018597114 0.23118472 0.00011208422 3.1449832e-05 0.19930436 0.04895545 0.15298168 0.0120164845 2.5979464e-06 0.005576219 0.0036657276 0.0027225479 0.0062192217 0.024796128 7.0317253e-07 0.0026024447 1.4128379e-07 3.981193e-07 3.1957313e-07 0.0010122557 0.047917087 0.0033696322 0.017657775 0.0004680145 0.08526975 0.0012646284 8.0564905e-06 3.0754197e-08 0.0039817365 1.1054857e-07 7.442886e-09 1.0615407e-05 0.0037781645 0.00043139185 0.035457723 0.0020367436 0.023690414 2.993361e-05 0.0056312606 0.0036127546 0.006095915 6.8226786e-05 4.3583802e-07 6.378261e-06 5.5961564e-06 5.04175e-09 0.0003125225 0.0008063205 1.8456302e-09 0.0062290425 2.177282e-09 9.553702e-09 0.0014383157 0.01437942 6.0512197e-05 8.0087244e-05 0.00012906463 0.0037193696 0.00033565063 1.9775418e-05 6.093948e-05 0.00012533972 4.5702556e-08 0.00011457272 3.9938415e-05 0.0020221274 0.00015127019 1.0784054e-07 2.1455882e-05 1.5742478e-07 1.49048e-06 0.0069022835 2.9854578e-05 0.008156836 4.8329264e-05 6.88235e-05 0.010136338 2.0608984e-05 3.769196e-05
0.8469666 0.3174627 0.34557307 0.9117716 0.48731658 0.17713138 3.8106705e-18 0.24471791 0.8389762 0.57636607 0.84235424 0.83977103 0.64531 0.0059709903 0.7853591 0.0011901011 0.09374143 0.007089871 0.09110597 0.007973968 0.0138984155 0.26334578 0.07107879 0.07627033 0.00093836227 0.0001286311 0.055719282 0.0051490217 0.011156581 0.00034618741 9.556386e-06 0.09578828 0.05851146 0.008020105 0.06450245 0.0011730087 1.241568e-06 0.058506895 1.9942533e-07 1.0316596e-06 7.8884705e-07 0.000119051256 0.052207395 0.05831741 0.001903687 0.00029759112 0.011047967 0.02938459 0.00012884768 1.048489e-07 0.00022437684 2.37844e-07 9.560505e-08 1.5834297e-05 0.002580212 0.0076603917 0.008845548 0.0001629331 0.002374926 0.000105629595 0.00068171637 0.00021345174 0.02759928 0.0004658541 9.938524e-07 3.4373047e-06 4.332709e-06 4.247952e-09 0.0004069967 0.0005163673 1.7194112e-09 0.002272453 5.1882862e-09 9.391495e-09 0.009280489 0.0010985674 0.00019538794 0.000117466836 0.00025512718 0.00024939928 6.6772373e-06 2.0836827e-05 0.00030273476 0.00106725 1.3144091e-07 0.00027791713 9.753134e-06 2.4887073e-05 9.51769e-05 6.394435e-07 1.8185596e-05 4.072607e-06 3.0676165e-06 0.00052418816 4.5858273e-05 0.0008527966 4.301668e-05 2.8631725e-06 0.0013856281 2.9091789e-06 1.0231954e-05
0.90255105 0.6207787 0.5832588 0.55474544 0.9218707 0.9193978 0.24471791 2.9315588e-16 0.106598094 0.44727218 0.1657505 0.04861476 0.35052738 0.621441 0.028994685 0.1288373 0.02468141 0.0019118222 0.0042160125 0.020351302 0.031830866 0.01542519 0.0029421863 0.5070655 0.00015053365 4.4584147e-05 0.038879476 0.008683499 0.20670451 0.0011302208 2.7294643e-06 0.0036746883 0.0024142198 0.013491222 0.0024317768 0.016253667 6.164259e-07 0.0018900338 1.08387425e-07 5.719866e-07 4.5883337e-07 0.00020354909 0.008111135 0.00069021876 0.011558731 0.0024783197 0.106831655 0.0002847564 2.1556792e-05 5.997458e-08 0.002669734 2.7319683e-07 2.833377e-08 4.5750898e-05 0.0076029166 0.00013723536 0.08072608 0.0006014141 0.013837597 4.0276653e-05 0.0014056558 0.00078197516 0.0026529562 0.00017643262 3.361383e-06 5.182227e-06 7.825601e-06 3.684863e-08 0.0003645497 0.0006009247 1.4159881e-08 0.017229088 5.7455093e-08 1.8236203e-07 0.00049602095 0.01839123 2.5127394e-05 2.6739635e-05 0.00018123326 0.0023242915 7.839678e-05 1.4739972e-05 7.043135e-05 3.2466854e-05 8.604459e-08 0.00011683381 4.8549546e-06 0.0017086981 0.00010163057 9.4568804e-07 3.220252e-05 4.2807486e-08 1.07744345e-05 0.010552273 2.7004877e-05 0.015200673 3.8244867e-05 1.5623425e-05 0.010581048 4.1319154e-06 1.4687633e-05
0.7736139 0.29883668 0.3009815 0.71342087 0.3728654 0.13433656 0.8389762 0.106598094 1.925093e-18 0.11651095 0.4265134 0.92989874 0.79958874 0.007497822 0.5767235 0.0025735202 0.060406398 0.0030913819 0.050416887 0.0033555848 0.059265982 0.6523432 0.0820614 0.054826695 0.00059967674 4.9217564e-05 0.23524001 0.02383191 0.012006753 0.001060129 1.0121258e-05 0.19216149 0.1014013 0.002388771 0.16650425 0.0014432918 1.519622e-06 0.11215054 1.0208833e-07 1.2336767e-06 3.1137873e-07 0.00028581527 0.20743094 0.14654326 0.002237622 2.4923867e-05 0.007932041 0.048221625 7.3602445e-05 9.236062e-08 0.00026865304 5.956123e-08 1.9291932e-07 1.8134895e-06 0.0010880324 0.016321437 0.004597743 0.00016619786 0.0021727283 0.00015214941 0.002013952 0.0005386005 0.064455606 0.0007138513 2.9504682e-07 1.9288648e-06 1.36990775e-05 1.2678682e-08 0.0001385533 0.00041698842 5.27532e-09 0.001218728 6.58674e-09 2.4853333e-10 0.022100493 0.0007849647 0.00040170472 0.0007747837 5.8288773e-05 0.00040845 7.7749304e-05 6.5144095e-06 0.0010431746 0.0024726854 7.0178106e-07 0.00066209486 3.0544816e-05 0.00011497992 0.0003001641 2.4075312e-06 1.843386e-05 2.8913626e-05 1.5556365e-06 0.0004943079 4.896106e-05 0.0014082906 1.9012901e-05 6.6535968e-06 0.0015516162 4.665332e-06 9.534038e-06
0.9611685 0.1326431 0.110215105 0.6001007 0.5412077 0.07719737 0.57636607 0.44727218 0.11651095 5.713444e-20 0.9111713 0.13809016 0.11539571 0.005094791 0.49744573 0.000891 0.4170241 0.22965497 0.23978321 0.8661118 0.0024017068 0.024455221 0.06952446 0.51776665 0.054220334 0.016143167 0.0063246344 0.0012754431 0.028033838 8.207892e-05 0.0005488459 0.00855419 0.017094396 0.27909172 0.004170083 0.0015121539 4.050048e-05 0.005421794 3.8525865e-05 2.5159168e-05 1.0991007e-05 1.8902185e-05 0.0006731662 0.001725793 0.002762983 0.007756103 0.06658589 0.0014591613 0.00035118114 2.0210457e-06 0.00024362751 1.631283e-05 7.723516e-07 0.0013978576 0.044299666 0.0014732785 0.12267923 0.00018944204 0.0049356227 0.00017548451 0.0002932354 0.00018358463 0.0026761321 0.0010094653 0.00014523114 0.00012357175 1.876251e-05 8.06543e-08 0.002662438 0.010378213 3.2795857e-08 0.081587404 5.031869e-07 1.6402326e-05 0.00015736978 0.012475216 0.00012903336 3.1109987e-06 0.0018557854 0.0011590554 3.9597935e-06 0.00074159267 1.0867329e-05 3.618045e-05 1.4796343e-06 8.78465e-06 1.5689353e-06 0.00047053234 0.00014522228 2.9111872e-05 0.00022334016 2.3229678e-08 0.000257826 0.011190206 2.2265567e-05 0.022260835 1.3374694e-05 6.383464e-06 0.010186245 1.8840552e-06 9.126667e-06
0.12884192 0.1656984 0.14668429 0.5432635 0.26845255 0.076177076 0.84235424 0.1657505 0.4265134 0.9111713 1.9597063e-22 0.61510456 0.047385763 0.0064063473 0.92512673 0.0015284773 0.75928867 0.19440082 0.44974166 0.20033742 0.0002653014 0.016019665 0.26240113 0.045220584 0.12763147 0.00030696066 0.00061770494 0.00014264288 0.0052139494 0.0006643899 0.0052098883 0.0061129993 0.042580407 0.03297971 0.0046719485 3.0717518e-05 0.0005772367 0.003654983 0.00022433321 0.00030474566 0.00018674103 5.624492e-06 2.6118667e-05 0.0007091744 0.0001353667 0.00023638696 0.010061001 0.00062723015 0.0067550708 4.7186804e-05 2.3312983e-05 0.00013109959 1.0424314e-05 0.0007357353 0.0046157027 0.00020843039 0.0070366026 3.7697206e-05 0.00025372035 0.000166603 1.37150255e-05 2.447941e-06 0.000118579774 0.00016542414 0.00045260775 0.00020708547 0.00011196872 1.3390604e-06 0.0011220748 0.0009593181 4.7047416e-07 0.0032766366 1.3131663e-05 2.0508255e-08 4.7070753e-07 0.00022686287 4.9576647e-06 9.539085e-08 0.0007089448 8.3711115e-05 3.8238577e-06 0.00036152304 8.51176e-08 5.390326e-07 3.6935248e-08 2.415348e-06 7.971036e-07 9.975933e-06 7.7184063e-07 1.2631643e-05 0.00013929856 1.3798771e-08 5.627618e-05 0.00054338935 1.10370124e-07 0.0012161343 3.5069164e-07 1.7189636e-07 0.0012057609 9.9091125e-08 9.484548e-08
0.5629681 0.12648377 0.120112084 0.6049568 0.22713879 0.047237843 0.83977103 0.04861476 0.92989874 0.13809016 0.61510456 6.259219e-18 0.52801156 0.002258048 0.82644373 0.00053578307 0.094407625 0.008762378 0.12856574 0.0054186326 0.005808116 0.6512183 0.19350673 0.035197422 0.003691807 0.00010785933 0.042710263 0.003075573 0.004027397 0.00030853643 2.8370478e-05 0.23460525 0.1492556 0.004375227 0.148621 0.00039508502 2.972184e-06 0.14240733 1.3295283e-06 1.7147387e-06 1.0513141e-06 6.123286e-05 0.077017516 0.13203044 0.0011557594 5.1561412e-05 0.0042338944 0.07885646 0.00070855475 1.7867782e-07 0.0002226528 5.183178e-07 1.908069e-07 7.0629403e-06 0.0017447901 0.03288653 0.0038701224 1.5381383e-05 0.0021508052 0.00042229463 0.0003539323 9.2408074e-05 0.05546423 0.0010560538 3.9707147e-06 1.3559079e-05 2.5697283e-05 1.4439904e-08 0.00019814145 0.00048236758 1.2090862e-08 0.0019803473 2.7679055e-08 3.358207e-10 0.022811795 0.0004168471 0.0009970383 0.0006615899 0.00016208459 7.311071e-05 2.8050345e-06 6.8576987e-06 0.0012092923 0.0052366303 2.7597796e-06 0.0010054803 2.7390955e-05 1.0685185e-05 0.0007805298 3.9540346e-06 0.00011510181 0.00024957274 1.6712376e-05 0.0002002329 0.0001031578 0.0006263625 2.883781e-05 2.6530747e-06 0.0009114094 9.878402e-06 1.9528612e-05
0.9362033 0.6734903 0.7637347 0.72377914 0.5627301 0.6561024 0.64531 0.35052738 0.79958874 0.11539571 0.047385763 0.52801156 4.9604346e-16 0.17263749 0.30067158 0.04324725 0.004148127 0.0027209814 0.0064185015 0.008744779 0.7955451 0.6899568 0.009520509 0.19753863 0.0005131626 2.1750625e-06 0.91716516 0.6428569 0.06402084 0.007586052 2.3596822e-06 0.24567428 0.033435196 0.0054031215 0.2651869 0.02604243 3.245815e-07 0.13720271 2.6378325e-07 1.1875252e-07 1.2631341e-07 0.0072563933 0.7000353 0.3475966 0.024313532 6.0717616e-06 0.032833897 0.0647157 3.992811e-06 4.781892e-08 0.002711114 6.70644e-08 2.230766e-08 3.588313e-06 0.0018668068 0.0042481255 0.012198466 0.0010570129 0.016572077 4.0987006e-06 0.05100372 0.005698819 0.14436252 1.41284345e-05 4.0393587e-07 1.1915871e-06 1.7543432e-06 1.2497791e-08 0.00043722396 0.0010606016 1.3983014e-08 0.0011103769 2.042869e-08 6.152053e-11 0.037163965 0.004364957 0.00031786598 0.009977651 0.00018567394 0.0024747096 0.0014982536 7.895169e-05 0.003472775 0.0015449952 1.8559328e-07 0.004133374 0.003441295 0.0013334515 0.0003224184 2.4167732e-05 8.323491e-05 2.149044e-06 6.940315e-06 0.008204856 2.0591773e-05 0.012203807 0.00016379138 0.000104765306 0.015132149 1.7503851e-05 4.1402916e-05
0.7925767 0.23558916 0.24603242 0.03545942 0.15478371 0.7198052 0.0059709903 0.621441 0.007497822 0.005094791 0.0064063473 0.002258048 0.17263749 3.89829e-16 0.0019572112 0.9805269 0.0064566755 0.00066840934 0.00052761316 0.005676607 0.06552114 0.0012273493 0.0003803063 0.32161215 1.1891538e-05 7.1822433e-06 0.049140494 0.016760036 0.52741414 0.25096184 6.6917306e-07 0.000402318 0.00024739356 0.003558123 0.0005186074 0.2781798 1.3200066e-07 0.00023688616 2.1037124e-08 8.250337e-08 8.380213e-08 0.0064176074 0.0038744893 0.00031051802 0.078848444 0.0025354247 0.14241178 0.00018191378 2.2277014e-05 1.9483082e-08 0.056884717 1.5243981e-07 6.552232e-09 2.639539e-05 0.003306549 6.739052e-05 0.04589145 0.024406264 0.07851472 3.8330716e-05 0.009035694 0.0049312003 0.0007479267 3.3525044e-05 3.7670395e-07 1.7516983e-06 5.231326e-06 7.813226e-09 0.00020580554 0.00052280125 7.2758537e-09 0.008773515 4.4401305e-09 1.8492878e-09 0.00012393783 0.0829469 4.6365944e-06 1.0403456e-05 0.00013361826 0.024489924 0.0002828121 9.876715e-06 1.4668092e-05 2.9214887e-05 8.357127e-09 6.480351e-05 1.9862873e-05 0.010224649 3.1993237e-05 3.530495e-08 1.7365264e-05 1.1385296e-08 1.639586e-06 0.04205773 6.777022e-06 0.021465795 2.095432e-05 1.9894607e-05 0.04103791 1.27167e-05 2.204864e-05
0.9130354 0.044498183 0.045968946 0.46555027 0.14892982 0.01731777 0.7853591 0.028994685 0.5767235 0.49744573 0.92512673 0.82644373 0.30067158 0.0019572112 7.708488e-19 0.0003497293 0.53829145 0.08905716 0.72916067 0.05875069 0.0019841394 0.54876536 0.65072006 0.05753716 0.12780471 0.0018552013 0.013728681 0.0015880693 0.0027235867 4.9311147e-05 0.0002871009 0.29742166 0.50485784 0.023449846 0.1919684 0.00033429347 4.5629546e-05 0.23119456 8.445007e-06 2.9696299e-05 1.3251313e-05 1.3171812e-05 0.06370043 0.18641774 0.0009933304 0.0003026655 0.0058528604 0.17805353 0.0035427185 2.2874926e-06 0.00019171918 2.857681e-06 2.4457079e-06 0.00019047646 0.0054118545 0.1497528 0.009446268 5.4441657e-06 0.0020436165 0.0010811308 4.3092637e-05 2.3719098e-05 0.06550373 0.003661467 5.3556312e-05 8.435858e-05 9.775785e-05 9.691706e-08 0.00081631273 0.0018853066 9.4516274e-08 0.0055588833 1.0720745e-07 3.9111754e-08 0.027962733 0.00056045793 0.0028584946 0.00029291623 0.00077474635 3.5284374e-05 4.246466e-07 0.00022374949 0.001376493 0.0068418123 0.00018311707 0.0008985141 9.258137e-06 1.0152328e-05 0.0040352624 1.6702641e-05 0.00045726562 0.0005118539 0.00019532889 0.00028157525 9.035426e-05 0.0010266242 3.8747978e-05 9.772896e-07 0.00069648045 3.6381698e-06 1.1528629e-05
0.88325596 0.035765536 0.04724799 0.0028199812 0.013479911 0.25096023 0.0011901011 0.1288373 0.0025735202 0.000891 0.0015284773 0.00053578307 0.04324725 0.9805269 0.0003497293 6.7030625e-16 0.0028530941 0.00010289497 3.832673e-05 0.0015382873 0.04153222 0.00021551888 2.9542074e-05 0.37660322 8.0935206e-07 4.9977893e-07 0.020009117 0.00928306 0.79358786 0.3389181 4.0938684e-08 9.612824e-05 2.1791622e-05 0.001964496 0.00012856045 0.69960034 1.1523655e-08 6.0529455e-05 7.517761e-09 6.8543016e-09 1.0829665e-08 0.016087187 0.0018477123 5.989562e-05 0.3682053 0.000429316 0.27652827 2.5935611e-05 1.3114335e-06 3.295046e-09 0.35418573 2.5756155e-08 4.125941e-10 2.3173368e-06 0.0046534594 4.084879e-06 0.054434787 0.14490026 0.25168535 6.013357e-06 0.009241369 0.006703708 0.0003526908 1.974617e-05 1.2991353e-07 1.3510095e-07 1.5128511e-07 9.698798e-10 7.0117836e-05 0.0005260566 8.2449014e-10 0.007949087 6.9875944e-10 2.381041e-09 2.561449e-05 0.2946141 1.4574139e-05 9.199529e-06 1.0826077e-05 0.13881145 0.0005494244 1.1518784e-07 7.2909233e-06 1.2628391e-05 3.8847446e-08 2.8057419e-05 1.1277637e-05 0.059107877 6.3035013e-06 1.1859553e-09 8.80323e-07 6.048649e-08 3.2017635e-08 0.16971953 5.3759186e-06 0.06708041 1.9520141e-05 6.979693e-05 0.19872533 9.170308e-06 1.7670802e-05
0.2627418 0.02674356 0.01512035 0.04080237 0.029215014 0.014663722 0.09374143 0.02468141 0.060406398 0.4170241 0.75928867 0.094407625 0.004148127 0.0064566755 0.53829145 0.0028530941 9.840316e-22 0.9381733 0.84325886 0.6177851 0.00023794873 0.0035195164 0.3995009 0.041986432 0.88756776 0.46205375 0.0007483074 0.00014326304 0.007097343 0.0005894887 0.40834466 0.0025945953 0.05637611 0.22373809 0.0019631567 3.5054254e-05 0.16158012 0.0020260904 0.11654246 0.16718023 0.08385633 1.178176e-05 8.686704e-06 0.0005005448 0.00018839294 0.022281792 0.015085996 0.0009177561 0.1429025 0.019217405 2.3477307e-05 0.025132 0.009506473 0.026778549 0.024216726 0.0014677481 0.020023754 4.710776e-05 0.00018843068 0.0035819144 1.3175568e-05 1.8521888e-06 8.665435e-05 0.0038985612 0.01584015 0.011086458 0.0031311184 0.0006172483 0.012896743 0.009716844 0.0006296686 0.017651426 0.002902409 2.5732393e-06 1.0973301e-06 0.00085041986 4.0942068e-05 6.8818764e-07 0.008450207 0.00033680437 5.498567e-06 0.0033012826 1.4373077e-06 1.9790557e-06 2.7188582e-07 1.3054609e-05 4.7075937e-06 5.94009e-05 5.469786e-06 0.0013322153 0.0016113359 1.6175658e-08 0.0015013802 0.00305311 3.0031254e-07 0.0040503205 1.2037157e-06 1.2369507e-06 0.003351226 2.1258862e-07 1.4015598e-07
0.89586073 0.00086313725 0.0003910031 0.004105295 0.0027758018 0.00063568255 0.007089871 0.0019118222 0.0030913819 0.22965497 0.19440082 0.008762378 0.0027209814 0.00066840934 0.08905716 0.00010289497 0.9381733 3.1789463e-18 0.4603354 0.9189678 0.00033670364 0.0031319994 0.11888489 0.088209994 0.56374043 0.6796656 0.0018142352 0.00021570126 0.0034739494 3.6118807e-05 0.1634695 0.0021274777 0.03351509 0.3687447 0.0011749675 0.000115158895 0.055175696 0.0019756502 0.049161296 0.02668185 0.004840171 1.3313852e-05 6.959388e-05 0.000757662 0.0005540465 0.010570897 0.016233837 0.0030992413 0.012034043 0.0004922024 7.60503e-05 0.001152884 0.00026900606 0.02800289 0.04997267 0.010786762 0.050062094 4.4007775e-05 0.0019405795 0.0063577807 1.04916735e-05 3.1166957e-05 0.00076697627 0.0083991885 0.0013968494 0.0036189132 0.00035358037 1.8943094e-05 0.025293907 0.053187553 6.6553425e-06 0.06680675 5.3667976e-05 0.00011333828 8.832074e-05 0.0026954112 0.00030975053 7.567131e-06 0.02172177 0.00045310135 9.810108e-07 0.0096795615 4.5880734e-06 2.237598e-05 1.2492859e-06 3.0996107e-05 1.1027101e-05 6.118213e-05 6.576466e-05 0.0004735286 0.001175343 3.1523353e-08 0.0026152194 0.0021226716 1.1696697e-05 0.003630871 1.2063134e-05 6.019853e-06 0.002504909 2.9912076e-06 5.3322924e-06
0.9082063 0.002130954 0.0011417749 0.023368133 0.010032535 0.0022234314 0.09110597 0.0042160125 0.050416887 0.23978321 0.44974166 0.12856574 0.0064185015 0.00052761316 0.72916067 3.832673e-05 0.84325886 0.4603354 4.6835385e-19 0.3001636 0.00059354864 0.03691789 0.94698936 0.03722417 0.89899004 0.062144578 0.003959354 0.00021970403 0.00073063065 1.5441745e-05 0.15651786 0.020564057 0.550139 0.17427528 0.019722704 4.3096832e-05 0.015986426 0.018618746 0.005029229 0.007998889 0.0010919754 2.0307252e-06 0.00637943 0.052404217 0.00013380265 0.001369484 0.006939932 0.085646294 0.22756483 0.0003205421 3.7749483e-05 0.0009855799 0.000110944486 0.010853236 0.032096144 0.17293778 0.018850803 1.8314764e-06 0.0002966688 0.039632082 2.6834398e-06 1.0483357e-06 0.02762549 0.0547094 0.0040809195 0.0060447953 0.001969 8.176536e-06 0.012202678 0.02290953 5.119352e-06 0.038302023 9.345007e-06 1.8830314e-06 0.0078110807 0.00048347868 0.016416898 5.8439942e-05 0.007938023 2.4669168e-06 5.7272267e-08 0.0052882493 0.0003319622 0.0012728786 0.00048490483 0.00014223754 1.4216496e-06 6.212335e-06 0.0026183536 0.00043208688 0.002680106 1.8481147e-06 0.0049221464 9.684967e-05 1.6168495e-05 0.001245265 4.9107593e-06 3.216578e-07 0.00058251125 5.003722e-07 2.0098764e-06
0.9616296 0.0030887383 0.002122886 0.012182615 0.023098413 0.0028928518 0.007973968 0.020351302 0.0033555848 0.8661118 0.20033742 0.0054186326 0.008744779 0.005676607 0.05875069 0.0015382873 0.6177851 0.9189678 0.3001636 2.5662034e-17 0.0003123872 0.001290274 0.043929957 0.43648577 0.35003486 0.37243766 0.0015903844 0.00021518003 0.068450384 0.00015963959 0.042220186 0.0006365528 0.01410195 0.85013247 0.00039351487 0.0046160836 0.029022364 0.0008117949 0.057908382 0.006939356 0.0042658197 4.4172903e-05 0.00012227042 0.00030886498 0.006211125 0.13850006 0.117826484 0.0009202272 0.0010523029 0.0010508803 0.0018394568 0.006470434 0.000399644 0.11688405 0.18279108 0.0029155563 0.21422122 0.000255097 0.010658952 0.00091755 4.5694862e-05 0.000102144586 0.00041984007 0.002619595 0.006251753 0.011080502 7.1096685e-05 4.7072237e-05 0.0334735 0.08863222 1.3357385e-05 0.26871195 0.00014648122 0.0025645166 0.00012800517 0.043754924 1.712785e-05 1.2940928e-05 0.048707053 0.004407814 4.540792e-06 0.01899437 2.1659765e-05 0.0001269216 5.1407415e-06 0.0001045557 1.4380174e-05 0.001908486 2.8963934e-05 0.0036172448 0.006340772 1.213399e-07 0.012747238 0.029884309 2.4299117e-05 0.06049321 1.7682705e-05 8.782874e-06 0.019391734 1.4743451e-06 3.7561183e-06
0.45681536 0.113641106 0.16070966 0.033776507 0.035953507 0.17982599 0.0138984155 0.031830866 0.059265982 0.0024017068 0.0002653014 0.005808116 0.7955451 0.06552114 0.0019841394 0.04153222 0.00023794873 0.00033670364 0.00059354864 0.0003123872 2.8782358e-17 0.010511178 0.00157361 0.022450935 2.579063e-05 1.0124713e-07 0.8432522 0.97339857 0.023900129 0.035080653 1.8875911e-06 0.0012196476 0.001298104 0.000616053 0.004294802 0.024950981 9.342881e-07 0.001012739 1.5223394e-07 5.9223623e-07 4.246547e-07 0.05875443 0.67696315 0.013275354 0.0089217555 3.7580796e-07 0.010804368 0.002234303 4.1774147e-05 1.1620734e-07 0.009783798 2.5495797e-07 2.7310824e-07 1.0285318e-06 0.00020368231 0.00032175463 0.0017900872 0.004181822 0.00446838 7.6436645e-06 0.19070448 0.11594501 0.023375828 2.3077224e-05 1.2959867e-06 3.4321552e-06 5.633602e-06 1.293302e-07 1.884723e-05 5.0577386e-05 8.702665e-08 9.156137e-05 3.2148853e-07 4.489295e-11 0.0041782935 0.009215086 7.098699e-05 0.0084774 7.614014e-05 0.005490509 0.018785613 5.5662967e-06 0.00040873012 0.000153025 2.0916943e-07 0.0019769215 0.009616125 0.009884613 2.6878515e-05 4.0576368e-05 0.00010425759 8.9456216e-07 1.66892e-05 0.005472915 1.8133363e-05 0.008002456 0.0001876762 0.0039288215 0.02443558 0.0005247878 0.00017989238
0.6466323 0.03501814 0.04020308 0.18145359 0.06110568 0.025370248 0.26334578 0.01542519 0.6523432 0.024455221 0.016019665 0.6512183 0.6899568 0.0012273493 0.54876536 0.00021551888 0.0035195164 0.0031319994 0.03691789 0.001290274 0.010511178 1.173567e-18 0.26847062 0.009689079 0.0011056309 1.3425922e-06 0.1010023 0.0054246746 0.0006941722 5.3672637e-05 8.043593e-06 0.950272 0.56505585 0.00062136754 0.87708867 0.00011697585 2.6490727e-06 0.8053365 1.08309514e-07 6.819822e-07 3.4885232e-07 3.184988e-05 0.2375815 0.7182841 0.0002891706 3.0087008e-07 0.0012025558 0.36567527 4.7746722e-05 4.434927e-08 3.414765e-05 5.2802154e-08 2.9069046e-08 1.0633923e-06 0.000104704784 0.0794165 0.0004173258 9.799808e-06 0.0003443593 8.682227e-05 0.00047677077 8.00064e-05 0.18982778 0.000398934 2.9680754e-07 9.150402e-07 1.1128814e-06 3.1485117e-09 9.571955e-06 5.754678e-06 3.4269463e-09 6.1477615e-05 9.597206e-09 6.95512e-11 0.07562052 0.0001478843 0.00073255564 0.0021746573 2.1286027e-05 1.7827188e-05 5.204341e-06 2.1307953e-06 0.00197593 0.010547942 0.0006571915 0.0020048178 3.0718016e-05 1.065482e-05 0.0049055945 1.2981794e-05 3.1628344e-05 0.0007901463 9.000325e-06 5.30448e-05 0.000104389816 0.0017310957 7.89349e-05 6.871816e-07 0.0008031088 2.5167267e-06 6.129125e-06
0.72906226 0.0035496766 0.0016376365 0.020999406 0.007888581 0.0018597114 0.07107879 0.0029421863 0.0820614 0.06952446 0.26240113 0.19350673 0.009520509 0.0003803063 0.65072006 2.9542074e-05 0.3995009 0.11888489 0.94698936 0.043929957 0.00157361 0.26847062 3.4443747e-18 0.008915843 0.59863883 0.010811001 0.01095618 0.0011468802 0.00020409434 1.5828256e-05 0.04782766 0.131472 0.9217556 0.036198907 0.06635064 1.6349011e-05 0.008467071 0.14808951 0.0014992689 0.0030694806 0.0008073912 4.415704e-06 0.011252183 0.12002635 0.000110317575 7.394613e-05 0.0011866813 0.34810957 0.31776282 0.00032248482 2.2211877e-06 0.000704928 0.00023628554 0.003850855 0.004811306 0.50510514 0.0030890726 1.6931394e-06 7.797654e-05 0.25049365 2.058974e-06 2.3617255e-07 0.03809012 0.3697694 0.0012523188 0.0022883175 0.0145996185 2.6437006e-05 0.0013693579 0.0021332854 1.51694685e-05 0.004410402 1.6414626e-05 5.5251996e-07 0.017359704 7.222732e-05 0.11208099 0.00028968067 0.0031705294 2.7609353e-06 2.850415e-07 0.0012687506 0.002785149 0.0080202 0.012537397 0.00047949483 2.6521236e-06 6.080755e-06 0.031023476 0.0008287879 0.0018956296 8.16486e-05 0.0024113285 9.865433e-05 3.5328278e-05 0.0007499355 1.1289151e-05 7.1417986e-07 0.0006212609 1.0133741e-06 3.5496003e-06
0.96666783 0.13635255 0.14521897 0.15177412 0.26874748 0.23118472 0.07627033 0.5070655 0.054826695 0.51776665 0.045220584 0.035197422 0.19753863 0.32161215 0.05753716 0.37660322 0.041986432 0.088209994 0.03722417 0.43648577 0.022450935 0.009689079 0.008915843 1.535488e-15 0.007614762 0.001272918 0.01635627 0.006693378 0.8210625 0.00920577 0.00041191914 0.0025786795 0.0019150649 0.3669058 0.0022436425 0.10461159 9.519687e-05 0.0013555326 0.00030479857 7.627052e-05 4.2467866e-05 0.0014050395 0.0028162345 0.0010313783 0.082694724 0.24809091 0.8382301 0.00025151938 0.00021158675 1.5370166e-05 0.014522832 0.000138279 3.4720084e-05 0.0041567483 0.16563855 0.00016278104 0.7985771 0.0038450637 0.108481884 4.558901e-05 0.0015825601 0.001227117 0.0014848484 6.291523e-05 0.00054077426 0.0010386268 8.794323e-06 2.2617223e-06 0.004983015 0.04053182 2.036592e-06 0.32823205 2.342493e-05 2.9587043e-05 0.0006900851 0.15102291 6.536935e-05 3.499857e-05 0.005790796 0.016105555 7.6320146e-05 0.003226731 0.0003411634 0.0013266095 1.8850606e-07 3.001923e-05 2.1750637e-05 0.0063150213 0.013668091 3.2210843e-05 0.00027739813 1.1446182e-05 0.0010120269 0.12509729 0.00018801425 0.3699731 2.9344646e-05 1.8077317e-05 0.08675398 2.4176918e-06 7.2207035e-06
0.9253047 4.1514333e-05 3.6317728e-05 0.00012948553 0.00023979075 0.00011208422 0.00093836227 0.00015053365 0.00059967674 0.054220334 0.12763147 0.003691807 0.0005131626 1.1891538e-05 0.12780471 8.0935206e-07 0.88756776 0.56374043 0.89899004 0.35003486 2.579063e-05 0.0011056309 0.59863883 0.007614762 1.5773166e-18 0.70809376 0.0002633139 2.7234335e-05 0.00019924087 1.882771e-06 0.89450234 0.0022065714 0.277303 0.2525679 0.0014885674 1.7465198e-05 0.55722165 0.0032940416 0.3526213 0.53972477 0.2270903 1.0326095e-06 0.0010279915 0.0019581271 3.56076e-05 0.002037819 0.0014865358 0.025536807 0.44076568 0.07062603 1.7510662e-05 0.06595976 0.050957672 0.13505405 0.036295354 0.105240926 0.0084464485 1.2698769e-06 0.000149205 0.15696613 7.419598e-07 1.8497934e-06 0.005687407 0.09526806 0.046921458 0.04509123 0.08088352 0.00040355744 0.05594408 0.050323173 0.00027576857 0.046910644 0.0002881556 7.369747e-05 0.0002789644 6.622871e-05 0.02154564 1.4290928e-05 0.03370181 1.6902144e-06 1.01183424e-07 0.017896358 5.2237333e-06 6.35815e-05 0.0010430847 5.0321578e-05 4.2391002e-06 1.1243311e-06 0.0011361658 0.0050672647 0.010092275 1.829426e-07 0.019552628 7.7295306e-05 5.0721455e-06 0.0010765853 1.588298e-05 8.889485e-07 0.00012988562 5.2380105e-06 2.0030597e-05
0.16400994 3.5914985e-05 2.0692407e-05 6.4757674e-05 8.889646e-05 3.1449832e-05 0.0001286311 4.4584147e-05 4.9217564e-05 0.016143167 0.00030696066 0.00010785933 2.1750625e-06 7.1822433e-06 0.0018552013 4.9977893e-07 0.46205375 0.6796656 0.062144578 0.37243766 1.0124713e-07 1.3425922e-06 0.010811001 0.001272918 0.70809376 1.2263304e-28 1.0286881e-07 6.5061826e-08 1.1663236e-05 8.2893723e-07 0.83633727 1.3052198e-06 7.306672e-05 0.14829746 9.38862e-07 6.487976e-07 0.79105175 5.950199e-07 0.8639442 0.73427665 0.61019784 5.336214e-08 7.2185344e-08 4.1729626e-07 5.1618167e-06 0.0002903979 0.00020013915 2.5721752e-07 0.022896305 0.11184984 8.0641354e-07 0.09680758 0.03321026 0.061953858 0.0079704365 5.785011e-07 0.00079430087 5.742105e-07 8.820731e-06 1.693489e-05 7.8911526e-08 1.7370706e-08 4.7074212e-07 1.626324e-06 0.03663077 0.010717967 0.00036830414 0.00044394386 0.013153103 0.0055828327 0.0005668941 0.005967418 0.0026561054 4.7473834e-09 1.6743906e-08 9.845841e-06 3.560964e-07 2.1874353e-08 0.0044746166 2.4405867e-06 1.4485924e-07 0.0034831453 4.104891e-09 9.688005e-09 3.868614e-10 2.3231576e-07 3.9601994e-07 8.683874e-07 1.6915875e-07 0.00023190747 0.00062047277 1.8942883e-12 0.0004088777 0.00026723614 1.4826217e-08 0.0037994992 2.0187763e-08 1.0046746e-07 0.0006055579 3.558136e-09 1.6103554e-09
0.5212658 0.1693914 0.24231432 0.08225827 0.06389291 0.19930436 0.055719282 0.038879476 0.23524001 0.0063246344 0.00061770494 0.042710263 0.91716516 0.049140494 0.013728681 0.020009117 0.0007483074 0.0018142352 0.003959354 0.0015903844 0.8432522 0.1010023 0.01095618 0.01635627 0.0002633139 1.0286881e-07 1.0243003e-15 0.9245945 0.007834222 0.0139646875 3.3365977e-05 0.009518794 0.014684806 0.0013760271 0.028763607 0.005485126 1.3352366e-05 0.007225757 2.3265575e-06 6.5939403e-06 2.4156868e-06 0.019848421 0.9450756 0.0881253 0.006721847 1.3618152e-06 0.0047117714 0.01728308 0.00011319592 7.221822e-07 0.0026428741 1.2234926e-06 8.571383e-07 2.7625736e-06 0.000398283 0.002335559 0.0017689022 0.0022509668 0.0030076697 3.7224603e-05 0.05972245 0.022664452 0.107932225 7.733416e-05 1.2437468e-05 6.9659777e-06 2.979482e-05 7.056924e-07 6.706182e-05 0.0001423275 2.474529e-07 0.00026197737 9.0856975e-07 1.1883686e-10 0.024072915 0.010583602 0.00046270268 0.03806286 0.0003517174 0.0018630833 0.008947458 6.698128e-05 0.0019220287 0.0015931085 2.9412688e-06 0.009616883 0.027747866 0.0023727699 0.0004446305 0.00026316955 0.0008035558 1.6835069e-05 0.00026550645 0.007911386 0.00015797003 0.008334065 0.0010736509 0.0030881567 0.024312217 0.0011295684 0.0005252668
0.16862628 0.028547235 0.041865032 0.009649105 0.008949668 0.04895545 0.0051490217 0.008683499 0.02383191 0.0012754431 0.00014264288 0.003075573 0.6428569 0.016760036 0.0015880693 0.00928306 0.00014326304 0.00021570126 0.00021970403 0.00021518003 0.97339857 0.0054246746 0.0011468802 0.006693378 2.7234335e-05 6.5061826e-08 0.9245945 5.210425e-15 0.00894748 0.019303253 3.7167647e-06 0.0010784112 0.0014542012 0.00015710796 0.0027105494 0.004535575 6.398381e-07 0.00083183777 1.14083555e-07 6.7537525e-07 3.695711e-07 0.026955869 0.76531696 0.00901508 0.002199337 1.3000427e-07 0.0030560654 0.0019870368 6.991471e-05 7.351198e-08 0.0021721597 1.4069917e-07 3.4937773e-07 4.7503906e-07 4.9578703e-05 0.00045689358 0.0008658137 0.0021836539 0.002535269 1.0292868e-05 0.2766687 0.12962537 0.021115502 1.9570189e-05 7.2409176e-07 2.591258e-06 1.3971106e-05 1.2192301e-07 3.551187e-05 4.6566223e-05 3.7312226e-08 0.00010512271 2.3696963e-07 3.2148784e-11 0.0033889865 0.0053664576 6.100041e-05 0.017357642 0.00029930682 0.0026043912 0.04660761 3.619436e-05 0.0005699105 0.0003091482 2.1192588e-07 0.0033601846 0.020988917 0.0034696367 3.6627534e-05 7.546071e-05 0.0002629606 2.4458502e-06 2.5969715e-05 0.0038111177 7.62591e-05 0.0054600723 0.00046142878 0.012457532 0.021768581 0.0020803998 0.0007352376
0.94745076 0.04758003 0.05589004 0.01619548 0.027391996 0.15298168 0.011156581 0.20670451 0.012006753 0.028033838 0.0052139494 0.004027397 0.06402084 0.52741414 0.0027235867 0.79358786 0.007097343 0.0034739494 0.00073063065 0.068450384 0.023900129 0.0006941722 0.00020409434 0.8210625 0.00019924087 1.1663236e-05 0.007834222 0.00894748 8.5211514e-15 0.0707171 1.38784135e-05 0.00028825153 3.165484e-05 0.035177052 0.000658372 0.72550523 3.738603e-06 0.00013034823 3.9147017e-06 1.8047645e-06 2.7313024e-06 0.008707714 0.0015767992 0.00036184484 0.55383325 0.032497484 0.8282706 5.6536377e-05 1.7461784e-05 9.693051e-07 0.21518555 4.9052783e-06 2.6646515e-07 0.00053258485 0.023932436 1.726332e-05 0.34802654 0.010804713 0.4397708 5.2140085e-06 0.0042571896 0.0035857167 0.0010310116 6.2287922e-06 3.3629436e-05 5.54901e-05 2.8355234e-06 5.1148813e-08 0.0010095957 0.0041118856 6.258534e-08 0.06803187 1.2924649e-07 3.0628152e-07 0.0002828812 0.32430175 1.0151147e-05 0.000114390285 0.0011695656 0.022891736 0.00027996092 0.00034438324 0.00024676256 0.00029863167 2.9589227e-08 0.00014022437 0.00016214396 0.012358341 0.0054216413 9.4476127e-07 0.00010177315 4.786998e-06 0.00010173258 0.1031023 0.000116968375 0.293269 4.6534165e-05 7.2637224e-05 0.101636976 1.1790278e-05 9.936198e-06
0.39319313 0.0016379614 0.003466118 0.0002471735 0.00029127355 0.0120164845 0.00034618741 0.0011302208 0.001060129 8.207892e-05 0.0006643899 0.00030853643 0.007586052 0.25096184 4.9311147e-05 0.3389181 0.0005894887 3.6118807e-05 1.5441745e-05 0.00015963959 0.035080653 5.3672637e-05 1.5828256e-05 0.00920577 1.882771e-06 8.2893723e-07 0.0139646875 0.019303253 0.0707171 1.3107941e-16 1.068576e-06 4.7430618e-05 1.679727e-05 0.00033517642 0.00011952587 0.28678036 5.3062047e-07 4.9695012e-05 1.5096487e-07 2.9420752e-07 3.862055e-07 0.9953016 0.0026341514 4.8111564e-05 0.15697345 1.5772473e-05 0.030261809 2.555169e-05 1.8903644e-05 1.4159187e-07 0.5115364 3.4878846e-07 1.5179634e-08 6.026812e-07 0.0010477246 1.1985021e-05 0.004688209 0.5332273 0.0954561 8.832364e-06 0.06662313 0.10470676 9.703216e-05 3.3404547e-06 1.4002097e-06 1.0060303e-07 3.4516695e-06 1.37866705e-08 8.7289645e-06 4.731749e-05 1.5212908e-08 0.00040152413 4.406487e-08 2.9525338e-09 4.8151064e-06 0.14309298 8.27265e-06 8.7425826e-05 1.0674801e-06 0.18765303 0.0061218087 2.0659918e-08 1.330238e-05 1.8845396e-05 4.790576e-07 8.1763916e-05 0.0009772687 0.12820463 4.6290397e-06 1.0782564e-09 2.1706995e-07 5.521136e-06 4.8790577e-10 0.08416414 4.7660917e-05 0.012615537 2.1742444e-05 0.0008737589 0.121828906 6.495275e-05 3.3788467e-05
0.93458974 2.6635753e-06 1.799042e-06 2.2161014e-06 3.5922264e-06 2.5979464e-06 9.556386e-06 2.7294643e-06 1.0121258e-05 0.0005488459 0.0052098883 2.8370478e-05 2.3596822e-06 6.6917306e-07 0.0002871009 4.0938684e-08 0.40834466 0.1634695 0.15651786 0.042220186 1.8875911e-06 8.043593e-06 0.04782766 0.00041191914 0.89450234 0.83633727 3.3365977e-05 3.7167647e-06 1.38784135e-05 1.068576e-06 4.3591666e-18 4.0080584e-05 0.0109058805 0.05780572 3.8007875e-05 2.0716525e-06 0.81430125 6.599864e-05 0.66653866 0.8463582 0.64277613 3.6206578e-07 2.2550641e-05 4.1645348e-05 3.2672335e-06 0.0006580676 0.00015988687 0.0006943069 0.3458303 0.37004972 5.5637224e-06 0.23853245 0.33739978 0.11132632 0.0070331036 0.005156801 0.0009014916 3.697726e-06 9.126223e-06 0.06260705 6.7987753e-07 2.5710535e-06 0.00035511426 0.0273625 0.068765365 0.06621039 0.18742865 0.0106846 0.02418505 0.012741357 0.0056002517 0.00833827 0.0035780598 0.0003976748 1.3302251e-05 1.7154517e-06 0.0029154324 3.1762445e-06 0.020576037 2.8100303e-06 1.4281219e-06 0.021340149 3.6302484e-07 2.3222549e-06 0.00046715434 1.6299364e-05 8.976521e-06 3.616092e-07 0.0005768792 0.012598548 0.011824596 5.1026525e-08 0.01304713 8.43129e-05 5.5833943e-06 0.000647065 2.442234e-05 8.856497e-06 8.7959204e-05 1.1235041e-05 2.691553e-05
