1.1160102e-23 0.90328276 0.8499579 0.968532 0.9578356 0.96992433 0.9595459 0.7282665 0.96509874 0.9269319 0.9846235 0.8731269 0.94046867 0.7767569 0.7820777 0.9788658 0.5967758 0.9511984 0.99132085 0.29653743 0.84010905 0.83894444 0.9218549 0.94267094 0.97072065 0.99888885 0.96790683 0.98928946 0.7887399 0.9325458 0.9704898 0.9376152 0.9581251 0.06938347 0.9634273 0.024643295 0.99020076 0.47872722 0.9948775 0.99292606 0.9795091 0.9881875 0.9619842 0.8583543 0.9479311 0.90615743 0.9905482 0.89562017 0.9891379 0.99981004 0.8717807 0.9492215 0.94962674 0.99562424 0.99984276 0.93337196 0.6349031 0.85006946 0.86678135 0.75211036 0.12116063 0.19894753 0.2893469 0.023517706 0.0030968129 0.72964495 0.14510259 0.0036130182 0.78946656 0.018209329 0.9980977 0.13464287 0.5853965 0.07339763 0.03337252 0.9535251 0.02613385 0.015112624 0.004726362 0.008116961 0.0771576 0.81320864 0.0019256292 0.0016515127 0.0011835264 0.5378458 0.88604337 0.0036146343 0.58513653 0.02312413 0.09786262 0.003175692 0.0021873866 0.021384785 0.0060402798 0.9353085 0.952397 0.8824523 0.39090693 0.97245705 0.005103274
0.90328276 2.1736557e-20 0.9834276 0.5423157 0.48124835 0.5856137 0.16525558 0.6984194 0.0999199 0.022389881 0.16169208 9.548592e-05 0.489242 0.018778192 0.46664768 0.063104115 0.08664438 0.005203118 0.15614934 0.003769856 0.0011867719 0.0035615147 0.0078026415 0.0051942333 0.07156994 0.05403195 0.03977575 0.068984665 0.49384975 0.00079718843 0.0014057183 0.0002488773 0.0009773852 0.0005180797 0.0041754777 0.014417753 0.0741086 5.6503388e-05 0.00091393536 0.004798174 0.000276488 0.020851485 3.646811e-05 1.9700614e-05 9.837694e-06 0.0005192158 0.03859589 3.0392803e-06 0.00059369695 0.057489432 1.8441534e-06 6.495467e-05 0.00014167205 0.0001783854 8.201539e-05 2.1339776e-08 0.00097039156 4.631154e-08 6.7132746e-08 1.1800177e-07 0.011715793 0.009097274 0.006021978 1.6219065e-08 7.521391e-05 8.066257e-09 0.008771102 8.6213134e-08 9.101599e-06 0.004333303 8.652581e-06 0.010713098 2.1519345e-07 7.420748e-08 3.475571e-06 1.293186e-05 0.00040915993 0.0010282754 0.00028792815 8.4570587e-07 6.552189e-07 7.6863905e-08 0.0015246883 2.9226563e-05 5.402085e-07 1.600759e-08 1.3558264e-07 0.0013294503 8.5679505e-07 3.576255e-05 1.9326633e-08 0.00058379956 6.914633e-05 0.00017118026 3.1286584e-07 5.1343255e-07 3.7415043e-07 3.174368e-09 1.1361846e-08 8.4899845e-08 1.3782983e-07
0.8499579 0.9834276 1.0224883e-16 0.28739116 0.24344459 0.3362711 0.10812964 0.6077305 0.06424252 0.050222985 0.09520444 6.477796e-06 0.2715848 0.040909242 0.64162594 0.060658053 0.14550835 0.0057070213 0.075203694 0.019880854 0.010236044 0.0022772984 0.007838138 0.014707706 0.029557962 0.02759137 0.019816047 0.020594008 0.71549946 0.0015372043 0.0008767543 0.00063025614 0.0011929886 0.0026362974 0.0028545843 0.04554547 0.031177426 4.654349e-05 0.00041064303 0.0024884348 0.000384429 0.013546402 5.4407643e-05 0.00030724067 1.4011883e-05 0.00037489212 0.014915517 5.2272567e-06 0.00027754207 0.02814956 4.0320833e-06 7.760375e-05 0.00012980314 0.00021330787 2.67353e-05 3.4391604e-08 0.0013585401 7.135266e-08 8.224632e-08 6.820284e-07 0.06141865 0.035633653 0.012319333 3.092561e-08 0.00021857946 1.8864391e-08 0.016116694 5.054995e-07 4.5048342e-05 0.0104104895 2.0961047e-06 0.03559224 4.91872e-07 2.0097775e-07 1.5673122e-05 2.6676542e-05 0.0006595262 0.0016992841 0.0018650034 3.298865e-06 3.4265673e-07 1.15606575e-07 0.002169962 6.6754896e-05 1.064406e-06 8.619702e-08 1.6102602e-07 0.0020468615 4.2209967e-07 3.0486437e-05 2.2148841e-08 0.0008351237 0.00016605083 0.00012148018 3.1790055e-06 4.84782e-06 5.1952657e-06 4.3131343e-10 1.2906578e-07 1.0394754e-06 1.0254539e-07
0.968532 0.5423157 0.28739116 1.4901035e-15 0.81162286 0.13544342 0.41510075 0.24701238 0.9496683 0.51274616 0.48077488 0.29871044 0.15945688 0.3135358 0.094136804 0.5901665 0.18001111 0.002569915 0.6383666 0.05002537 0.071365535 0.0009876123 0.0016742527 0.3231919 0.4077785 0.2008675 0.38317436 0.20398816 0.037292615 0.044661548 0.00091891387 0.00025837886 0.03399946 0.001996028 0.06168802 0.0076268157 0.22525069 0.0036534844 0.00051993254 0.032335676 0.0038501844 0.1357311 3.6135967e-05 0.0027555167 3.219076e-05 0.00069346913 0.117833234 4.257961e-06 0.0020436828 0.2005959 2.9706086e-06 0.00064505456 0.001520642 0.00095713034 0.00010679525 4.0863167e-08 7.0422415e-05 1.1103181e-06 4.9671293e-08 7.480776e-08 0.0005926536 0.0009074611 0.0026873045 1.91348e-08 0.00019121013 4.3613904e-09 0.0021266418 2.6161496e-07 4.686997e-06 0.004245369 0.00011993122 0.003923136 6.893296e-08 3.1130845e-08 3.9168604e-06 3.7644793e-05 0.00011157284 0.0004289759 0.0017107696 1.3957374e-07 1.3048715e-06 1.165876e-06 0.0029630968 8.741426e-06 4.6280132e-07 3.349343e-09 1.7025849e-07 0.012285116 7.1396908e-06 0.00012645077 3.168333e-08 0.003135478 0.00077295967 0.00033641368 9.954384e-05 4.930628e-06 3.6012682e-06 1.3157189e-08 1.5825312e-09 1.7583245e-06 8.169984e-07
0.9578356 0.48124835 0.24344459 0.81162286 3.9797112e-17 0.5813803 0.9664198 0.43180707 0.2306095 0.0075869313 0.84184355 0.5357896 0.30316603 0.002537966 0.15985338 0.048335906 0.0056400835 0.039301433 0.6925122 0.00068698026 0.00049322867 0.011365504 0.013696347 0.0018521881 0.28236175 0.42902726 0.059118275 0.14886731 0.07778102 0.000401867 0.012728047 0.0043863184 0.00031283053 0.00023547525 0.002824706 0.00071893807 0.15660764 2.7450946e-05 0.007134124 0.0041724104 0.00010584448 0.041830882 0.0003429847 0.0002682782 0.00056578184 0.009945317 0.09724098 3.1566207e-05 0.0006574209 0.1446181 2.8585386e-05 0.00013392406 0.0007237946 0.00050475576 0.0021613885 1.4030461e-06 0.001395627 8.231095e-05 1.1166331e-06 1.5925812e-07 0.0011854331 0.0021219873 0.012690321 6.249832e-06 2.288515e-05 1.5751849e-07 0.002418595 2.0870795e-07 0.00015663581 0.00093892345 0.00064859225 0.0021426142 1.0575257e-06 8.281116e-07 1.2091572e-05 0.00023854969 0.0003110177 0.00069647154 1.9274095e-05 2.229575e-06 1.7828744e-06 7.071935e-07 0.0013439419 3.5705605e-05 2.780022e-06 6.62688e-08 2.1320127e-06 0.0018353843 1.6465211e-06 0.00011872439 1.6288556e-06 0.0047538085 0.0018476981 5.1173065e-06 5.6560884e-06 1.7262735e-06 7.5900716e-06 5.64936e-08 5.922814e-09 5.958739e-07 9.795145e-08
0.96992433 0.5856137 0.3362711 0.13544342 0.5813803 6.2327735e-17 0.44976914 0.65353644 0.00889191 0.00012272333 0.3745847 0.050096605 0.91049576 0.00020173272 0.26555735 0.0035592786 0.0019903101 0.92569894 0.16766733 5.5900946e-05 2.0980195e-05 0.7029186 0.9015915 0.00013765245 0.029483682 0.15052108 0.0054502888 0.027986491 0.19254878 0.000110273715 0.17483085 0.35095632 0.00013799472 2.8379085e-05 0.0008913496 0.00017200813 0.08285529 4.2574024e-07 0.04512276 0.001645344 1.3948926e-05 0.022188665 0.13222238 8.297002e-06 0.0056101014 0.6192451 0.044095784 0.0056946664 0.00014359666 0.079542324 0.0009887506 1.2349062e-05 0.00010486537 6.496446e-05 0.0054848017 3.579111e-05 0.10032317 0.005799509 0.00018081292 7.750766e-09 0.032027703 0.07810996 0.56075263 0.0011618221 1.6120836e-06 9.677733e-06 0.25490922 8.5017e-08 0.00010910681 0.0014153518 0.00033871786 0.0764078 0.00011131266 0.00013142143 0.0012157626 0.00016369096 0.0422914 0.027377868 2.2377997e-06 0.00016200052 2.8534152e-05 3.1121942e-08 0.0017798819 0.006698285 5.3932672e-05 8.450174e-09 8.5293243e-07 0.00017187155 5.5263958e-05 0.0042035454 3.037391e-06 0.00060084456 0.0013542145 0.00051448366 6.3543797e-07 1.0149152e-07 3.9779863e-07 8.210914e-09 2.349994e-10 2.535863e-08 2.6160985e-06
0.9595459 0.16525558 0.10812964 0.41510075 0.9664198 0.44976914 5.222735e-18 0.13076073 0.06119385 0.000711535 0.8400526 0.82136434 0.1729339 0.000828407 0.05777694 0.011255145 0.0010542411 0.10260775 0.5656385 0.00029691472 0.00030897756 0.038521733 0.034313235 0.00044465892 0.2591647 0.52128303 0.022727977 0.19179018 0.031190066 0.0001193763 0.09202366 0.017451629 0.00012167833 4.5801145e-05 0.0013044977 0.00014980856 0.2358763 1.1499016e-05 0.038280617 0.0032527766 7.35245e-05 0.048103243 0.0023694006 6.69346e-05 0.0018884572 0.028188445 0.14830783 0.000120479526 0.0003739438 0.19411618 0.00013356832 0.00012159573 0.0008059208 0.00048819862 0.010056789 1.8402436e-05 0.0022912459 0.0012569135 1.0446088e-05 3.2868876e-08 0.00029855536 0.0011987514 0.016493456 1.4141253e-05 3.2694088e-06 3.0860792e-06 0.0018554836 8.436874e-08 0.0008977466 0.00012641834 0.001307354 0.0014160599 5.414838e-06 5.9713884e-06 1.4402999e-05 0.0013246841 0.0001101061 0.00045233892 4.2488236e-07 2.1885187e-06 9.190632e-07 4.4005256e-07 0.00028991007 3.3317215e-06 1.0142239e-06 1.0834391e-05 5.678581e-05 0.00022338958 8.7464923e-07 3.7295744e-05 3.5623805e-05 0.001118198 0.00019739402 7.1783957e-06 1.3647744e-06 1.8271357e-06 5.2400837e-06 1.36819e-06 3.3544836e-09 9.334794e-07 2.9995803e-08
0.7282665 0.6984194 0.6077305 0.24701238 0.43180707 0.65353644 0.13076073 1.6523665e-23 0.028463965 0.0003746141 0.075766474 5.204355e-08 0.9643045 0.0005597598 0.72654593 0.0069799135 0.006236641 0.067038275 0.04512075 0.0003699705 0.00017448093 0.049907207 0.07634477 0.00075163174 0.014471836 0.015657729 0.0044607096 0.018056804 0.5609956 0.00010262734 0.0018640386 0.0018188026 8.7585875e-05 6.765144e-05 0.00032687266 0.0006819898 0.014240753 4.1579235e-05 0.0017580069 0.0006635449 1.6178274e-05 0.005703531 0.0013962255 4.611914e-05 0.00021394982 0.005993997 0.014706647 0.0006349985 0.00024603712 0.022517322 0.00014990903 5.8781916e-05 0.00010815568 0.00028717238 0.00012315973 1.3804558e-05 0.0031121238 1.184508e-06 9.004789e-06 1.4953913e-07 0.020501537 0.0083115185 0.0013005655 6.6529815e-08 3.2261414e-07 1.1797337e-06 0.002985021 1.1026933e-07 2.446787e-05 0.00072432734 8.707426e-05 0.008125908 3.242593e-06 7.184356e-07 1.1825058e-06 1.46261855e-05 4.329551e-05 9.622161e-05 4.4989607e-05 4.015387e-06 1.8374315e-06 3.1528677e-06 9.7049466e-05 1.2756602e-05 1.5318867e-06 2.0632353e-08 1.7709918e-06 1.9899504e-05 9.884521e-07 6.88043e-06 1.70318e-08 1.3650277e-05 1.8838926e-05 9.466621e-06 2.9484204e-07 2.5199848e-05 2.5808467e-05 5.3694674e-08 3.670922e-09 1.362674e-06 3.3007547e-07
0.96509874 0.0999199 0.06424252 0.9496683 0.2306095 0.00889191 0.06119385 0.028463965 2.160616e-15 0.42975974 0.14463598 0.07040295 0.011212666 0.12043621 0.016789464 0.94889295 0.042855997 0.0006677496 0.46154222 0.022371624 0.054460634 0.00034695354 0.0006224363 0.5302238 0.48121464 0.09282459 0.6626236 0.25962764 0.0049729105 0.16706243 0.0005429333 0.00020562505 0.1356266 0.0039688013 0.20275305 0.005172582 0.24425383 0.028525474 0.00022163846 0.13268182 0.029515075 0.28109494 1.1723812e-05 0.00709911 1.8364235e-05 6.983608e-05 0.14172834 1.9866632e-06 0.0115935495 0.22704566 1.3139097e-06 0.0048988783 0.0052543287 0.0031025975 0.00011612498 1.4592844e-07 3.214536e-05 7.411352e-07 1.354733e-07 4.5519782e-06 0.00020161425 0.0002791238 0.0010094859 1.6410594e-08 0.00038819216 1.9763718e-08 0.00061153085 2.3049236e-06 5.160001e-06 0.0027980998 0.00018622492 0.0011662475 1.11092646e-07 4.9544976e-08 7.412957e-07 0.00016753061 5.981337e-05 0.0001771262 0.0026006782 6.9607836e-08 4.7968257e-07 0.00012183439 0.0019845606 4.5392244e-06 2.7011234e-07 9.465158e-08 1.3255832e-06 0.004217121 4.7457988e-07 4.6915604e-05 1.1910819e-07 0.001357603 0.00013574769 7.775235e-05 2.1282802e-05 0.0001325361 9.1577e-05 5.957063e-07 2.3715658e-07 6.0240942e-05 2.9100906e-07
0.9269319 0.022389881 0.050222985 0.51274616 0.0075869313 0.00012272333 0.000711535 0.0003746141 0.42975974 1.0179282e-14 0.0016752565 4.5407636e-05 0.0005893679 0.74374646 0.0059657483 0.5812787 0.35530293 8.522539e-06 0.025650252 0.47757956 0.93227893 1.5420371e-06 6.9141083e-06 0.9416869 0.051122755 0.0010043188 0.30250213 0.009655203 0.0037723158 0.4758308 5.7984357e-06 7.234844e-07 0.35018894 0.14732076 0.23107369 0.045840673 0.024556769 0.044409603 1.4189595e-06 0.08063692 0.06506287 0.105469204 7.3887726e-08 0.32768014 9.693112e-08 5.4115054e-07 0.04243649 5.976151e-08 0.012250642 0.08965316 1.1902633e-07 0.005123988 0.004975306 0.0011348636 1.2949947e-06 5.3328635e-09 1.2806438e-06 3.848996e-08 1.2971954e-07 0.00011843139 0.00016114025 5.330302e-05 5.9093185e-05 3.2868897e-07 0.002553403 2.999214e-08 0.0001649542 1.5335056e-05 1.426896e-07 0.0018170567 9.9006975e-06 0.0002709575 2.0626325e-07 2.9304639e-08 3.2201306e-06 1.912797e-05 0.000120539866 4.5347955e-05 0.0018963341 1.8738315e-07 3.355503e-06 2.3539946e-05 0.0006425147 9.304881e-08 2.737628e-07 1.0799955e-09 1.5922062e-07 0.000499546 1.4232618e-05 0.000108978384 7.223912e-10 5.9693302e-05 2.7511471e-06 0.0007514508 2.5287476e-05 4.0728657e-05 3.5913752e-05 2.238915e-09 3.0764642e-08 3.339369e-06 6.167981e-07
0.9846235 0.16169208 0.09520444 0.48077488 0.84184355 0.3745847 0.8400526 0.075766474 0.14463598 0.0016752565 1.1848579e-18 0.9227573 0.17450707 0.0009014783 0.04163798 0.043559894 0.00096026814 0.032742027 0.821233 0.00034744744 0.0002666323 0.015342488 0.01850785 0.000669908 0.51816416 0.6912739 0.063014485 0.4073903 0.010413558 0.00017175423 0.061869074 0.007587137 0.00017194827 2.376785e-05 0.0018563712 7.505519e-05 0.45408243 4.734715e-05 0.029641358 0.0036565766 7.160417e-05 0.110768 0.0013905751 8.081405e-05 0.00082814915 0.011628663 0.31879258 9.216402e-05 0.00059286045 0.3940015 0.00013434837 0.00020334829 0.0012470863 0.0006553961 0.011211784 6.917505e-06 0.0008356587 0.00010775837 8.321963e-06 2.985317e-06 0.00013889623 0.0005726722 0.0028426405 3.870523e-06 3.2946697e-05 1.7096817e-06 0.00067276927 2.505291e-07 0.001293814 0.00016061233 0.0013758689 0.0009093063 1.2287979e-06 7.649177e-06 2.7335866e-05 0.002249883 4.0348394e-05 0.00024228045 1.0691275e-06 2.4695485e-06 1.7521527e-06 2.3235387e-05 0.00016540363 4.5583573e-07 1.7627555e-06 0.00016111645 0.0007930929 0.00013448978 2.173719e-06 5.6767723e-05 0.00010523706 0.00016346929 3.0025925e-05 5.3636915e-05 7.887124e-05 0.00013509124 0.00012378734 8.2567254e-05 5.5274995e-08 0.0001298876 5.842913e-07
0.8731269 9.548592e-05 6.477796e-06 0.29871044 0.5357896 0.050096605 0.82136434 5.204355e-08 0.07040295 4.5407636e-05 0.9227573 5.60321e-29 6.341479e-05 7.004758e-07 1.6126778e-07 0.039814178 1.2480737e-06 0.08711404 0.5564535 6.671028e-07 8.430225e-06 0.08493756 0.026389692 0.0009928999 0.18713295 0.88209826 0.11743225 0.64553803 4.8402807e-08 0.0009868323 0.14871725 0.031840283 0.0008911665 6.599498e-07 0.007425878 9.804935e-07 0.64337116 1.3185397e-05 0.07667058 0.012368422 0.00036028173 0.08991684 0.00047502416 2.1224314e-06 0.0049505336 1.0766298e-05 0.4146358 0.0004955455 0.0029990384 0.52970135 0.00017034305 0.0009743173 0.0010577543 0.0027046578 0.010523762 8.893377e-05 2.0443512e-07 1.6907842e-07 3.4737784e-06 6.7543615e-06 6.944755e-07 1.4009977e-06 1.4959639e-06 7.371447e-11 1.0667868e-08 2.2356348e-06 4.6815826e-06 1.38380445e-08 0.005301823 1.1946142e-07 0.005567823 6.7030137e-06 6.2583047e-07 8.4671505e-08 1.1996708e-07 0.0058388417 1.6491447e-07 2.1338018e-07 2.1211615e-09 2.1786738e-07 2.6396796e-07 4.8548365e-05 1.7801643e-08 1.2187283e-10 5.60611e-09 0.0003156583 0.0048100716 1.67408e-09 1.0793722e-06 8.270314e-08 0.00015016286 8.978073e-09 1.227218e-08 5.5289124e-08 1.17722e-07 0.00011817223 0.00026345858 0.00031871104 2.3228762e-07 1.9773268e-05 2.9801356e-07
0.94046867 0.489242 0.2715848 0.15945688 0.30316603 0.91049576 0.1729339 0.9643045 0.011212666 0.0005893679 0.17450707 6.341479e-05 7.178533e-17 6.0678976e-05 0.53134483 0.006875266 0.00029038737 0.16702007 0.09449777 4.986587e-05 3.4030614e-05 0.09508258 0.22920284 0.00022180803 0.017029148 0.07275284 0.007268379 0.0145959845 0.59684944 7.84139e-05 0.032862823 0.027537819 8.359496e-05 1.549175e-05 0.00050150306 0.0002482697 0.024310993 3.449371e-07 0.012976323 0.00068984565 1.8327737e-05 0.008389986 0.007030536 2.3757254e-06 0.0017938555 0.07776721 0.02231234 0.001652685 3.3370496e-05 0.038084947 0.00062699 1.9468355e-06 1.7738545e-05 4.0206076e-05 0.0033578384 1.8679135e-05 0.08109209 9.070686e-05 6.6456387e-06 3.036596e-07 0.25016603 0.33089572 0.5600873 0.00020597166 1.7330602e-07 5.304262e-07 0.3638012 1.3084995e-07 0.0010513288 0.015317817 0.00040138097 0.21198168 6.293254e-06 6.467553e-05 0.00035973088 0.00065538863 0.04452599 0.06829213 4.0171657e-05 9.309262e-05 8.543151e-06 3.9673515e-07 0.0022547718 0.038678084 1.8275865e-05 8.866215e-06 4.1860407e-05 0.0009415696 5.9450344e-06 0.006847351 3.2898155e-05 0.0032604514 0.0050533204 0.0017290309 4.5834966e-07 4.7794983e-06 1.4950806e-05 8.231193e-08 5.8682656e-07 2.0330795e-06 4.0037894e-06
0.7767569 0.018778192 0.040909242 0.3135358 0.002537966 0.00020173272 0.000828407 0.0005597598 0.12043621 0.74374646 0.0009014783 7.004758e-07 6.0678976e-05 2.2865146e-18 0.001493765 0.17837542 0.84283435 8.338861e-06 0.0068077235 0.92865497 0.9700369 6.4871806e-06 4.261942e-06 0.5013784 0.016809482 0.00037320986 0.078721546 0.00565011 0.0057603177 0.12327675 2.940994e-06 3.2668393e-07 0.087572426 0.52299887 0.05530339 0.2025364 0.010850012 0.0022912712 3.4444204e-07 0.020537099 0.011603759 0.024292627 5.6344103e-09 0.30056706 1.1534232e-08 1.098585e-07 0.016304782 1.0030394e-07 0.001955132 0.038689453 1.5139797e-07 0.00094832433 0.00076137925 0.00037498277 1.9155442e-07 2.893566e-09 1.518017e-06 2.3711848e-08 2.4816504e-08 3.6295118e-05 0.00014054382 2.7803257e-05 6.514229e-06 4.2405452e-09 0.0036441344 8.817766e-09 2.668082e-05 3.3936838e-06 6.2651964e-07 0.0020348304 8.4219835e-07 0.00031109276 1.9490153e-07 2.1761154e-07 5.0391186e-06 1.0517841e-05 1.17555865e-05 2.8108907e-06 0.0019436531 1.5750895e-06 8.2697585e-07 1.0384053e-06 0.0002254876 3.669132e-08 9.9355e-07 9.419162e-08 1.8929657e-07 0.00015251493 1.872889e-06 8.341717e-06 7.7823e-10 2.61396e-05 4.7376776e-07 0.000506545 3.2404694e-06 4.9316606e-07 3.549717e-07 2.7966718e-09 1.7207056e-07 2.5371017e-08 2.6776226e-07
0.7820777 0.46664768 0.64162594 0.094136804 0.15985338 0.26555735 0.05777694 0.72654593 0.016789464 0.0059657483 0.04163798 1.6126778e-07 0.53134483 0.001493765 1.8478737e-17 0.012424672 0.012380311 0.009308578 0.029832967 0.00082383206 0.0008076277 0.003379559 0.0131820785 0.0027109138 0.008736602 0.008877713 0.004376656 0.003880491 0.985588 0.0005805851 0.0012661441 0.0016722317 0.0003561998 0.00030507945 0.0004837743 0.0072179087 0.0071072113 2.9284497e-06 0.0001693671 0.001116869 4.389134e-05 0.005063849 0.00017410792 8.755272e-05 3.882162e-05 0.00052637275 0.0061493185 2.9641864e-05 7.6650715e-05 0.012715962 2.7942864e-05 4.772186e-05 8.197386e-05 0.00017125603 4.608458e-05 2.0435249e-07 0.0027267237 4.4240565e-07 2.6146654e-07 1.05868345e-07 0.20168242 0.12373047 0.02731161 4.263294e-07 0.0001810044 4.2123734e-08 0.04854115 1.5795466e-06 1.6268243e-05 0.021075152 2.7518807e-05 0.09199876 2.649103e-06 3.6380939e-06 9.9084944e-05 0.000104826475 0.0056798025 0.006459589 0.001572964 1.1314545e-05 2.4966366e-06 2.38639e-07 0.004574373 0.001577246 4.4751705e-06 1.7646752e-07 4.958012e-07 0.0056564286 3.164302e-06 0.00020851311 1.324413e-08 0.0030870081 0.0016881599 0.00014912905 7.2249975e-07 1.916553e-05 2.0680727e-05 4.5102935e-09 3.1024908e-07 6.3766192e-06 7.4936605e-07
0.9788658 0.063104115 0.060658053 0.5901665 0.048335906 0.0035592786 0.011255145 0.0069799135 0.94889295 0.5812787 0.043559894 0.039814178 0.006875266 0.17837542 0.012424672 2.037141e-16 0.06446326 0.00035163792 0.21492594 0.034114406 0.16153486 0.0002388969 0.00034277086 0.7937932 0.3636561 0.035766408 0.859681 0.20514889 0.003726815 0.4175042 0.00022894875 7.077494e-05 0.32961306 0.008701604 0.47466484 0.00711907 0.2413808 0.05392889 0.00013152386 0.30761582 0.078438535 0.50256133 4.537939e-06 0.026515378 4.2947504e-06 1.43675215e-05 0.21332645 1.28059e-06 0.03284493 0.2778878 1.0730786e-06 0.008965707 0.009761841 0.006029029 6.071944e-05 8.5999794e-08 2.4999781e-05 6.5517264e-07 1.04793926e-07 6.717646e-05 0.0005910266 0.00019478273 0.00036478043 2.0833288e-07 0.0005174165 7.617954e-08 0.0007623445 1.2203468e-05 1.9180872e-05 0.0024196098 0.00024845847 0.0014226737 3.8094856e-07 1.2296495e-07 6.515105e-06 0.00055082433 0.0005751812 0.00041682343 0.0021045264 3.6016647e-07 2.0060943e-06 0.0014552932 0.0016659435 6.588604e-06 1.6308607e-06 3.535136e-07 7.8455305e-06 0.0019655144 2.4580986e-06 0.00015604628 3.1322858e-07 0.0006460362 5.826893e-05 0.00031054203 3.1544783e-05 0.0009401792 0.0005844298 4.099909e-06 1.4936369e-05 0.0005596904 5.3556005e-07
0.5967758 0.08664438 0.14550835 0.18001111 0.0056400835 0.0019903101 0.0010542411 0.006236641 0.042855997 0.35530293 0.00096026814 1.2480737e-06 0.00029038737 0.84283435 0.012380311 0.06446326 8.053388e-17 0.00015923225 0.004549188 0.97199386 0.5538308 8.954867e-05 0.00012588887 0.115501605 0.011182584 0.00026931718 0.024578093 0.0023532608 0.034045413 0.023731815 2.710036e-05 8.602712e-06 0.014462549 0.6869217 0.012214677 0.8979538 0.0038856608 0.00016008476 2.9199634e-06 0.005189935 0.0015349009 0.009285123 2.5344042e-07 0.017439103 6.1409344e-07 2.4768767e-06 0.006301945 1.2418299e-06 0.0007820057 0.010733331 1.772308e-06 0.00048215396 0.00031464637 0.00035178583 2.6584898e-06 3.1385918e-07 1.0370124e-05 2.48208e-07 8.396889e-07 3.253504e-05 0.0010952784 0.00036237683 7.938878e-05 1.947098e-07 0.001294846 2.2059831e-07 0.00064593274 2.1939654e-07 2.2833428e-06 0.0077758916 1.778336e-05 0.0015663775 2.0472105e-06 2.349584e-06 1.5354168e-05 3.5948087e-05 4.37561e-05 2.4480893e-05 0.008128794 5.6886593e-06 1.1832509e-05 1.0712146e-06 0.00085905014 1.06941954e-07 5.702766e-06 4.8521677e-08 2.7903238e-07 0.002043526 5.8923524e-05 4.580687e-05 2.1434243e-09 0.00015976447 6.1019814e-06 0.00063220656 2.1461592e-05 2.7205608e-06 3.1291493e-06 1.9708308e-08 1.298819e-06 4.3738197e-07 1.8999272e-05
0.9511984 0.005203118 0.0057070213 0.002569915 0.039301433 0.92569894 0.10260775 0.067038275 0.0006677496 8.522539e-06 0.032742027 0.08711404 0.16702007 8.338861e-06 0.009308578 0.00035163792 0.00015923225 1.2279423e-18 0.015867192 5.4623006e-06 3.6890438e-06 0.9489699 0.9286105 7.5209496e-06 0.008772311 0.053902302 0.0012149535 0.00782171 0.014459171 4.0108785e-06 0.5475403 0.787104 4.941465e-06 4.9130545e-06 8.038444e-05 4.6603986e-05 0.027671382 1.3232162e-06 0.15208319 0.00040187986 1.2982177e-05 0.008658819 0.53694123 3.2834105e-06 0.07813363 0.5332129 0.033818953 0.03149554 8.247077e-05 0.059064027 0.010603363 9.6246484e-05 0.0002566896 0.00010155074 0.015412536 0.0013517899 0.11711678 0.042347893 0.0008056407 6.157076e-08 0.0019086207 0.008225768 0.23432092 0.0117115155 1.4427337e-06 0.00014493037 0.03749849 3.3052217e-07 0.001077068 9.674822e-05 0.0012161602 0.012354711 0.000667791 0.0015950256 0.004692393 0.0009885872 0.005917793 0.0037351234 7.1329833e-07 0.00064623373 0.00023109239 1.2063272e-07 0.00028901675 0.0015180889 0.0002892329 3.924752e-05 0.00021334572 8.323039e-05 0.00034187408 0.002486243 0.0005255566 0.00010936412 0.0001428656 0.0019296019 5.2005103e-06 3.6347905e-07 1.1762344e-06 1.3803694e-06 1.5012367e-09 1.217458e-07 7.7693054e-05
0.99132085 0.15614934 0.075203694 0.6383666 0.6925122 0.16766733 0.5656385 0.04512075 0.46154222 0.025650252 0.821233 0.5564535 0.09449777 0.0068077235 0.029832967 0.21492594 0.004549188 0.015867192 4.928142e-17 0.0012436486 0.0017553123 0.008573351 0.009171493 0.015172517 0.876251 0.76847184 0.2279117 0.7030138 0.0063820067 0.0056726565 0.017694337 0.004850334 0.003758057 0.00024022999 0.018745732 0.00034650616 0.7122303 6.89772e-05 0.011582604 0.027905883 0.000985996 0.31744236 0.00077577814 0.0006830468 0.0004233477 0.0046656174 0.48771667 0.00018478223 0.0023479592 0.47376874 0.00011264648 0.00047926238 0.0029270595 0.0014884537 0.007837439 8.331524e-06 0.0003016802 2.3729257e-05 1.7639996e-06 1.8568278e-06 0.00014583752 0.00046476847 0.00090175815 2.3304314e-07 1.16197925e-05 1.1896386e-06 0.00047222397 7.531245e-07 0.00033282855 0.00058500865 0.0016435515 0.00065959693 7.129963e-07 1.5122129e-06 4.757057e-06 0.0011068019 4.0253268e-05 0.0002301247 1.4287901e-05 4.2210374e-07 5.2822606e-06 5.238248e-05 0.00026196687 1.6844521e-06 5.12099e-07 1.3890595e-05 0.00014192885 0.00012629651 2.191849e-05 7.890902e-05 6.2347084e-05 0.00036699005 0.00014905824 9.715977e-05 3.7325666e-05 0.0001794366 0.00027202055 2.2001046e-05 1.9795739e-07 0.00015759071 8.210138e-07
0.29653743 0.003769856 0.019880854 0.05002537 0.00068698026 5.5900946e-05 0.00029691472 0.0003699705 0.022371624 0.47757956 0.00034744744 6.671028e-07 4.986587e-05 0.92865497 0.00082383206 0.034114406 0.97199386 5.4623006e-06 0.0012436486 3.6275102e-17 0.83478886 5.676593e-07 1.6602202e-06 0.25544718 0.003034328 7.04153e-05 0.014830958 0.0010752724 0.0029633848 0.03518612 2.6685194e-07 8.100766e-08 0.018056702 0.83093053 0.016974652 0.37279403 0.0029477347 0.0010055 1.6478948e-07 0.004720171 0.0027770465 0.005865007 2.2665427e-09 0.18799956 1.9341421e-08 6.558749e-08 0.0050410414 4.1078145e-08 0.0011407698 0.007479343 7.658718e-08 0.0006134289 0.00050383 0.00046264447 2.521403e-07 5.1870397e-09 1.5093804e-06 1.3696299e-08 3.5239356e-08 6.68715e-05 0.00045169983 7.2561204e-05 3.2240455e-06 2.9452458e-08 0.00968077 2.250227e-08 2.9042156e-05 1.3411033e-05 5.8402054e-07 0.0029531047 8.850509e-06 0.00017433954 3.2411472e-07 1.3478297e-07 1.67271e-06 1.2390126e-05 4.731052e-06 1.967546e-06 0.0033410015 1.2212637e-06 1.0054448e-06 1.3981356e-05 0.000672965 3.522558e-08 1.3948053e-06 6.764104e-09 1.0672902e-07 0.00048755255 1.8948016e-06 1.1401091e-05 1.2903875e-10 3.3196076e-05 3.3732522e-06 6.4308035e-05 1.7619763e-05 1.0009554e-05 7.786948e-06 2.5368355e-08 4.436647e-07 1.6632946e-06 3.075621e-07
0.84010905 0.0011867719 0.010236044 0.071365535 0.00049322867 2.0980195e-05 0.00030897756 0.00017448093 0.054460634 0.93227893 0.0002666323 8.430225e-06 3.4030614e-05 0.9700369 0.0008076277 0.16153486 0.5538308 3.6890438e-06 0.0017553123 0.83478886 6.2113445e-16 7.91594e-07 1.0083601e-06 0.7111301 0.0038618734 0.00015289664 0.05527357 0.0021254425 0.0019223476 0.27476823 1.2954913e-06 9.759953e-08 0.21416517 0.5292588 0.08928768 0.12130618 0.0101607805 0.023676747 5.2673175e-07 0.04288341 0.04038262 0.0323224 4.4514588e-09 0.81163436 1.1748138e-08 1.4982004e-07 0.019739475 6.429917e-08 0.0064188256 0.035967816 7.466635e-08 0.0033767978 0.0018482408 0.0007411515 6.4118444e-07 2.5366504e-09 5.929548e-06 9.020027e-08 5.863502e-08 0.0012581366 0.00035266927 8.860801e-05 4.712389e-05 5.659401e-08 0.0133270845 2.6226957e-08 0.00016816384 0.00016997468 4.1338303e-06 0.003670811 6.117988e-06 0.00064376736 1.7536748e-07 4.795691e-07 7.212389e-06 4.3424698e-05 8.44675e-05 3.8287275e-05 0.0037436895 3.6224556e-06 1.7392952e-06 0.00013492307 0.001006722 1.9244037e-06 2.6811913e-06 6.0796935e-08 1.213763e-06 0.00035976485 1.0573768e-05 9.393664e-05 1.33727225e-08 0.0002198233 1.174017e-05 0.0017177981 2.5546571e-05 5.202601e-05 2.5884658e-05 5.258807e-08 1.8784989e-06 1.16760675e-05 1.2638773e-06
0.83894444 0.0035615147 0.0022772984 0.0009876123 0.011365504 0.7029186 0.038521733 0.049907207 0.00034695354 1.5420371e-06 0.015342488 0.08493756 0.09508258 6.4871806e-06 0.003379559 0.0002388969 8.954867e-05 0.9489699 0.008573351 5.676593e-07 7.91594e-07 1.5724135e-19 0.97344244 1.5206599e-06 0.0028940937 0.01957833 0.0009642836 0.004835467 0.0050203493 3.601045e-06 0.40533248 0.75403214 3.5434787e-06 8.6584043e-07 6.574146e-05 2.9440664e-06 0.013610158 1.16571755e-07 0.08953116 0.00031957237 5.798723e-06 0.0054718736 0.62685084 3.5754087e-07 0.083283044 0.38517416 0.015967317 0.1323961 2.8719138e-05 0.024863912 0.022583064 4.104563e-05 0.00015153918 8.622001e-05 0.012469179 0.0043871487 0.0492031 0.052488144 0.002658433 2.510725e-09 0.0012591083 0.0015428537 0.10162765 0.032443274 2.4708676e-08 0.00030152634 0.013878772 2.0610369e-08 0.0019871513 8.414264e-06 0.0013261588 0.0027180947 0.0010107199 0.001511234 0.0040812176 0.00097338855 0.004067858 0.0026014596 8.208161e-08 0.0007495784 9.3245886e-05 1.2874707e-08 7.756028e-06 0.0003696025 0.00017840463 3.938201e-05 0.00021266012 1.8271968e-06 0.000106740576 0.00068675913 0.0009718859 4.2174584e-06 8.221677e-06 0.00010957333 8.618777e-09 6.259549e-08 3.325568e-07 4.606674e-07 1.7085143e-10 1.2727382e-08 7.5522576e-06
0.9218549 0.0078026415 0.007838138 0.0016742527 0.013696347 0.9015915 0.034313235 0.07634477 0.0006224363 6.9141083e-06 0.01850785 0.026389692 0.22920284 4.261942e-06 0.0131820785 0.00034277086 0.00012588887 0.9286105 0.009171493 1.6602202e-06 1.0083601e-06 0.97344244 2.4929111e-17 2.3908265e-06 0.0033019455 0.017495716 0.0010415722 0.0055629136 0.016718993 1.3453684e-06 0.26221254 0.64926416 2.5956308e-06 1.5168739e-06 5.2496707e-05 7.4988548e-06 0.020643579 3.798868e-08 0.07522618 0.0007357272 3.8582284e-06 0.0076560974 0.7685582 1.5728064e-06 0.04387372 0.7811571 0.016072642 0.10527494 3.167601e-05 0.03163099 0.027439864 1.7288913e-06 7.759442e-05 0.00014079521 0.009624498 0.0018216737 0.1815711 0.0902406 0.0018396612 2.5911453e-09 0.008301992 0.011230345 0.53526133 0.07172203 1.4382395e-07 0.00012122106 0.12266335 8.543281e-08 0.0013062699 6.835092e-05 0.00081827847 0.021980355 0.00077822607 0.0034404453 0.01369469 0.0007072967 0.025441475 0.0092608 1.1082763e-06 0.001688994 8.22561e-05 1.2344574e-09 8.952945e-05 0.0039235307 0.0003421314 3.0112917e-06 1.8368035e-05 7.4910135e-06 0.00016612989 0.0063242693 0.00023259832 6.9855065e-05 7.714176e-05 0.0012720685 5.2171293e-07 6.46388e-08 5.3935656e-07 1.7767043e-08 6.4354194e-10 1.7431809e-08 1.749946e-05
0.94267094 0.0051942333 0.014707706 0.3231919 0.0018521881 0.00013765245 0.00044465892 0.00075163174 0.5302238 0.9416869 0.000669908 0.0009928999 0.00022180803 0.5013784 0.0027109138 0.7937932 0.115501605 7.5209496e-06 0.015172517 0.25544718 0.7111301 1.5206599e-06 2.3908265e-06 8.208406e-17 0.040600788 0.00034493234 0.40174997 0.010537922 0.0009343933 0.9043459 6.903244e-06 8.2421695e-07 0.77041185 0.05182396 0.5657907 0.017234508 0.018292092 0.30800962 1.5762045e-06 0.20023674 0.20158431 0.11004081 8.714341e-08 0.49881834 7.823772e-08 3.1831357e-07 0.040447958 1.492897e-08 0.043849602 0.0701899 3.538457e-08 0.022118665 0.009818743 0.0060329516 8.2892143e-07 6.1261236e-09 2.601596e-06 1.2547454e-07 5.0545392e-08 0.0003260843 0.00067577866 6.462941e-05 8.262692e-06 8.6352195e-08 0.003032634 9.602569e-09 0.00011424965 0.00013030136 5.053057e-07 0.0010999611 1.2407224e-05 0.00022301706 3.017566e-07 5.0472657e-08 2.7606668e-06 1.0176815e-05 6.880244e-05 0.000108515735 0.005677081 1.8508794e-07 2.3059063e-06 0.0005067777 0.0014157972 6.010368e-07 3.6030866e-07 1.1294648e-08 1.6955445e-07 0.0011470414 8.579697e-06 8.390437e-05 6.162265e-09 0.0002956046 1.0026656e-05 0.00042497824 3.0501618e-05 0.00027500774 0.00025385374 4.5935018e-08 1.1196321e-05 8.373882e-05 2.5234667e-07
0.97072065 0.07156994 0.029557962 0.4077785 0.28236175 0.029483682 0.2591647 0.014471836 0.48121464 0.051122755 0.51816416 0.18713295 0.017029148 0.016809482 0.008736602 0.3636561 0.011182584 0.008772311 0.876251 0.003034328 0.0038618734 0.0028940937 0.0033019455 0.040600788 1.4931682e-18 0.45070222 0.6520699 0.8746676 0.001685266 0.027154503 0.009700677 0.0022365348 0.033473223 0.00078745733 0.102283865 0.0005497312 0.77162224 0.00038892083 0.010735378 0.14842507 0.010775709 0.58130234 0.00034582822 0.00070948794 0.0003906911 0.00067547325 0.49942285 6.652871e-05 0.013738845 0.49679285 5.8338712e-05 0.0016236857 0.008706203 0.008482778 0.0057131415 7.098703e-06 7.339693e-05 4.5895877e-06 3.8227527e-06 4.118968e-06 2.9053488e-05 4.6577195e-05 0.00025028182 1.984549e-09 9.549394e-05 2.516406e-07 0.0002613089 1.8460627e-06 4.021524e-05 0.0007362094 0.0022123733 0.00028046788 6.0646863e-07 4.2386654e-07 2.8601676e-06 0.00066592055 5.0687217e-06 3.5596397e-05 6.747875e-05 1.9915393e-07 9.620592e-07 0.0005028263 0.00017984572 1.221489e-07 2.121026e-07 1.5007431e-05 0.00026066872 9.117328e-05 3.7219788e-06 6.5215577e-06 2.1579252e-05 6.52232e-05 5.5523205e-06 3.1832205e-05 8.628981e-06 0.0014107511 0.001417753 0.00014486362 1.5385249e-06 0.0021042565 1.11249136e-07
0.99888885 0.05403195 0.02759137 0.2008675 0.42902726 0.15052108 0.52128303 0.015657729 0.09282459 0.0010043188 0.6912739 0.88209826 0.07275284 0.00037320986 0.008877713 0.035766408 0.00026931718 0.053902302 0.76847184 7.04153e-05 0.00015289664 0.01957833 0.017495716 0.00034493234 0.45070222 2.821357e-19 0.032241225 0.46720463 0.00092709885 0.00027263482 0.21473768 0.018032042 0.00028719043 5.5381035e-05 0.0018055807 3.768768e-05 0.6350476 1.0969718e-05 0.12584239 0.0033168704 2.0512216e-05 0.11104484 0.0031376062 1.6868113e-05 0.0035658507 0.009071915 0.46212554 0.0013811591 0.00014912066 0.55971724 0.0004822703 2.2068416e-05 0.00026999507 0.00022121698 0.047001626 0.00051446847 0.00065405556 0.00026897326 5.4611628e-05 6.4042297e-07 0.0007689409 0.00031476046 0.0007479425 1.7444423e-05 7.66974e-06 1.7069991e-05 0.0010204995 2.6693186e-07 0.012541153 0.00018063314 0.010437813 0.000824346 3.153514e-06 1.4931369e-05 4.489429e-05 0.009872723 0.00058779115 0.0005588144 1.7637744e-06 2.5063136e-05 1.6204309e-05 0.00025459053 3.991161e-05 2.0632374e-06 7.2847934e-06 0.007625023 0.008102823 1.6204185e-05 3.3238684e-05 0.00026949885 0.0023104898 6.405806e-05 1.594776e-05 0.0005341683 4.515294e-05 0.0017751058 0.0025866583 0.0015409045 1.1603459e-05 0.0021540332 2.0699039e-05
0.96790683 0.03977575 0.019816047 0.38317436 0.059118275 0.0054502888 0.022727977 0.0044607096 0.6626236 0.30250213 0.063014485 0.11743225 0.007268379 0.078721546 0.004376656 0.859681 0.024578093 0.0012149535 0.2279117 0.014830958 0.05527357 0.0009642836 0.0010415722 0.40174997 0.6520699 0.032241225 1.6699378e-16 0.4452421 0.0012866148 0.3298252 0.000999459 0.00013112836 0.39433908 0.002809618 0.6122149 0.0016887315 0.387648 0.048182305 0.0003638196 0.610947 0.111004606 0.90971524 3.0623858e-05 0.023826858 8.255651e-06 5.4621156e-05 0.4130942 9.540559e-06 0.06900811 0.4015131 4.8702714e-06 0.0066096275 0.011880317 0.015976211 0.00026473124 6.661054e-07 5.1307525e-05 7.653778e-07 9.170923e-07 0.0002676945 0.00069732254 0.0003017392 0.00030675964 6.370893e-08 0.00075798325 2.939436e-07 0.0006907514 4.5140936e-05 0.00015513935 0.0021980181 0.00096897106 0.002116611 9.017082e-07 9.381255e-07 3.3158503e-06 0.00050925073 0.00017228181 4.9248083e-05 0.0008055661 1.8580015e-07 7.56136e-06 0.0048979493 0.00062095287 2.9429341e-07 9.4072175e-07 7.5741923e-06 0.00016717629 0.00057875883 4.594416e-05 7.8913385e-05 1.2160275e-05 0.00012977245 1.2793809e-05 0.0016564816 0.00015744679 0.005357575 0.0046876296 0.00019684303 7.710734e-05 0.0058276737 1.4521618e-06
0.98928946 0.068984665 0.020594008 0.20398816 0.14886731 0.027986491 0.19179018 0.018056804 0.25962764 0.009655203 0.4073903 0.64553803 0.0145959845 0.00565011 0.003880491 0.20514889 0.0023532608 0.00782171 0.7030138 0.0010752724 0.0021254425 0.004835467 0.0055629136 0.010537922 0.8746676 0.46720463 0.4452421 4.8336138e-18 0.00056364806 0.0070891143 0.012902241 0.0037097095 0.0074035786 0.00014564613 0.025633613 0.00016280108 0.8430343 0.0013339723 0.0066143223 0.029922301 0.0018132966 0.5556785 0.00031363318 0.00036551067 0.00041046922 0.00047378652 0.7738189 0.00012812132 0.0036857226 0.5754148 6.846613e-05 0.0007206175 0.0020070453 0.003192781 0.005923075 9.8565515e-06 0.0001541449 1.6992792e-05 2.1217231e-06 1.00927855e-05 0.00031500938 0.00035352662 0.00034720314 6.224395e-07 7.399728e-05 1.0833115e-06 0.000556502 7.355402e-07 0.0012719424 0.00034872463 0.0031580979 0.0009596364 1.8148561e-06 1.9493211e-06 2.652756e-06 0.0024817467 4.0976596e-05 0.00012993939 1.1365839e-05 4.0464533e-07 5.2574637e-06 0.003979781 8.569047e-05 3.2823098e-07 8.9682413e-07 0.0010088383 0.0022681886 3.0400528e-05 1.7263419e-05 0.00012504577 0.00044240712 1.9014642e-05 3.16509e-06 0.00032726536 2.8394299e-05 0.005576153 0.004833111 0.00094939885 3.8679453e-05 0.0071514193 8.1811186e-07
0.7887399 0.49384975 0.71549946 0.037292615 0.07778102 0.19254878 0.031190066 0.5609956 0.0049729105 0.0037723158 0.010413558 4.8402807e-08 0.59684944 0.0057603177 0.985588 0.003726815 0.034045413 0.014459171 0.0063820067 0.0029633848 0.0019223476 0.0050203493 0.016718993 0.0009343933 0.001685266 0.00092709885 0.0012866148 0.00056364806 8.848629e-17 7.5551216e-05 0.00042021103 0.0010348292 7.522345e-05 0.0012888246 8.724433e-05 0.02623308 0.0021933098 5.153413e-07 3.7732527e-05 0.00020404956 2.3673597e-06 0.0017710897 0.00014612029 2.7682161e-05 5.53612e-06 0.0016185213 0.0023543471 2.408033e-05 2.6420435e-06 0.0042193695 1.9475661e-05 3.0944461e-06 2.685726e-06 1.0441486e-05 3.2694372e-06 1.1937715e-07 0.012115957 2.1800863e-06 3.856126e-07 2.343591e-08 0.72485465 0.55872416 0.14622092 1.7791343e-06 2.5296595e-05 6.783087e-08 0.28238592 1.4521327e-06 3.7481743e-06 0.22993171 1.4543863e-06 0.3389609 9.272636e-06 4.2224627e-05 0.00034810576 1.096454e-05 0.049128532 0.07282551 0.028721826 6.9312046e-05 1.0632844e-05 1.3041156e-07 0.027482344 0.01610941 1.5425541e-05 9.710098e-08 9.1612506e-08 0.025815425 8.374796e-06 0.0019802575 3.233708e-08 0.014559018 0.016938979 0.00090897415 1.1398301e-06 2.0912387e-06 2.6405473e-06 2.655554e-09 1.9842368e-07 3.183919e-07 4.127152e-05
0.9325458 0.00079718843 0.0015372043 0.044661548 0.000401867 0.000110273715 0.0001193763 0.00010262734 0.16706243 0.4758308 0.00017175423 0.0009868323 7.84139e-05 0.12327675 0.0005805851 0.4175042 0.023731815 4.0108785e-06 0.0056726565 0.03518612 0.27476823 3.601045e-06 1.3453684e-06 0.9043459 0.027154503 0.00027263482 0.3298252 0.0070891143 7.5551216e-05 3.0403126e-17 4.1786875e-06 6.348074e-07 0.9651677 0.01126749 0.74814475 0.003131956 0.015127784 0.7061638 9.4223014e-07 0.37617087 0.47682196 0.13509949 5.74012e-08 0.49940395 4.4458776e-08 2.0149938e-07 0.04154654 3.2524753e-08 0.0829366 0.07137327 3.7693912e-08 0.04595687 0.014048626 0.009285602 2.7211809e-06 3.5391705e-09 1.5761954e-06 5.6298262e-08 6.7067942e-09 0.0007342031 0.00020937172 2.5570018e-05 1.4771775e-05 9.014902e-08 0.0022910056 1.2977639e-08 1.8985833e-05 0.00023953065 1.1441592e-06 0.00028097007 2.4057581e-05 3.510688e-05 1.1262279e-07 8.28018e-08 2.6146517e-06 4.8116748e-05 1.716369e-05 5.8782865e-05 0.00048359972 3.3816798e-07 1.1820176e-06 0.0012133972 0.00024436563 5.7675347e-08 8.5994674e-07 3.5829814e-08 8.5070087e-07 0.000121384524 6.699623e-07 1.9251096e-05 8.44323e-09 6.487933e-05 3.9133547e-06 6.481031e-05 5.9184273e-05 0.0005986268 0.00038777405 8.318325e-07 4.115004e-05 0.00035790406 1.1442012e-07
0.9704898 0.0014057183 0.0008767543 0.00091891387 0.012728047 0.17483085 0.09202366 0.0018640386 0.0005429333 5.7984357e-06 0.061869074 0.14871725 0.032862823 2.940994e-06 0.0012661441 0.00022894875 2.710036e-05 0.5475403 0.017694337 2.6685194e-07 1.2954913e-06 0.40533248 0.26221254 6.903244e-06 0.009700677 0.21473768 0.000999459 0.012902241 0.00042021103 4.1786875e-06 2.356204e-15 0.9527134 4.4491658e-06 1.04035756e-07 3.074985e-05 2.754635e-07 0.036963068 2.1998338e-07 0.8838801 0.00013760808 6.607405e-06 0.0053677554 0.30233422 4.4316485e-07 0.8381177 0.06478141 0.06874724 0.12676185 5.715711e-05 0.08237647 0.061903093 3.5255176e-05 0.0001407901 6.824924e-05 0.2591627 0.07312046 0.01656243 0.049170617 0.015258251 1.3228049e-08 7.787198e-05 0.0001367152 0.008576074 0.0033860258 1.5641106e-07 0.0024677513 0.00069650944 6.783976e-09 0.017565573 6.6732327e-06 0.019423632 0.00043032377 0.0023729089 0.0014959227 0.0010408951 0.021640262 0.00047335704 0.00019281624 1.4214713e-07 0.000728154 0.0005002675 9.7411985e-06 2.4220558e-06 3.1017942e-06 0.0001368104 0.007701526 0.010164444 3.464158e-06 0.0002930481 6.061599e-05 0.008775461 5.2073246e-06 3.1592876e-06 0.00024118724 4.86996e-08 7.214546e-05 0.00017926487 0.0011359653 2.4127601e-08 0.000103392005 8.4630294e-05
