1.758552e-16 0.98514533 0.9745538 0.98922974 0.9896097 0.9904988 0.9688978 0.9805774 0.97779906 0.99303436 0.9522239 0.9904335 0.9188472 0.9813821 0.987616 0.9962649 0.9607502 0.85788673 0.98171914 0.8571617 0.9637548 0.9910007 0.84878886 0.9885857 0.094880424 0.92903596 0.85713375 0.9103561 0.9017991 0.7323509 0.99462664 0.83188486 0.97362006 0.5056208 0.7221445 0.5943217 0.9729422 0.9843737 0.9776537 0.8710795 0.6784137 0.97698915 0.9957509 0.94408363 0.42793092 0.6016495 0.9529904 0.9975375 0.08673539 0.35282168 0.5868195 0.94338363 0.9939244 0.99265105 0.88607574 0.43558523 0.84615964 0.90995723 0.045470543 0.33372116 0.9997095 0.0108550945 0.00036490813 0.0006800663 0.65918434 0.120965175 0.96026736 0.90303564 0.39397332 0.2962323 0.9791091 0.9933691 0.97037387 0.8634685 0.95053947 0.024621163 0.9998048 0.99989074 0.7954025 0.98521686 0.11600684 0.8633354 0.9896115 0.970372 0.9369425 0.9128181 0.96240515 0.99503666 0.99931335 0.97411746 0.9997276 0.9995093 0.97347784 0.99369514 0.0008674737 0.09873686 0.9670868 0.11646624 0.792092 0.10036827 0.9752058
0.98514533 2.1312816e-11 0.8647092 0.76643795 0.8590146 0.9469094 0.9674568 0.7971258 0.7316243 0.42262086 0.9110735 0.44745997 0.34237093 0.07784961 0.66272867 0.21450344 0.4508565 0.022039453 0.07592412 0.006392652 0.16176039 0.034317475 0.023657965 0.034727745 0.0071535367 0.09258605 0.002573351 0.037105497 0.12709934 0.00092388777 0.22402516 0.026171472 0.05231831 0.031916823 0.026709488 0.00038206793 0.018968586 0.059396274 0.07536734 0.001995557 0.001192479 0.17227234 0.0063964 0.0078112516 0.00038423346 0.0039101504 0.000111436195 0.27690092 0.00014573633 8.511935e-07 5.9964523e-06 1.4545138e-06 0.049621798 0.0023398062 4.2836655e-06 1.1644786e-05 5.956134e-08 8.067738e-08 1.4543551e-07 7.566085e-08 0.0038933388 1.0669401e-07 7.653916e-11 3.2975594e-10 7.205188e-07 1.2090878e-09 0.00025087205 0.00017921018 1.1412267e-06 0.00018854321 0.00016143497 0.05452779 0.0051622456 3.5347115e-05 0.0006090517 4.5455035e-05 0.00040134788 5.4565295e-05 0.00014700771 0.009064902 3.6532435e-09 4.992383e-05 0.000492891 5.9225804e-06 5.3891028e-05 1.2048664e-06 0.0021352759 0.00021458715 5.464429e-05 0.0013380087 0.00012003134 5.9586095e-05 0.0010694958 0.0009887775 7.8091533e-10 9.079227e-09 0.000948649 6.6699556e-08 4.2346488e-07 2.954618e-09 3.434616e-05
0.9745538 0.8647092 3.421341e-14 0.96477973 0.542703 0.46505725 0.81915987 0.98389155 0.85257983 0.71112597 0.7220335 0.41758698 0.8090656 0.5648831 0.44310308 0.29714093 0.34353438 0.09648252 0.0765503 0.020691304 0.15867713 0.020649094 0.048169058 0.048038945 0.018657504 0.11368264 0.0049136523 0.051745232 0.18460739 0.0012596013 0.3824274 0.01670829 0.035869103 0.040679127 0.04009981 0.00066983706 0.016508972 0.0827577 0.099536136 0.0050694495 0.0033890414 0.26186058 0.0022926952 0.022527851 0.0007569607 0.007009785 0.00020990512 0.10662826 0.0002925106 1.269768e-06 1.545508e-05 1.0177222e-05 0.08754287 0.006934689 2.3663483e-06 3.8265152e-05 4.598288e-08 5.7438765e-08 1.735662e-07 4.790537e-08 0.003957282 1.09262515e-07 9.142629e-11 4.1037615e-10 1.7745073e-07 1.5773578e-08 6.0751005e-05 0.00059820537 1.8121115e-06 0.00038727437 0.00041281403 0.048180237 0.0015474901 7.6031765e-06 0.0001917382 6.678463e-05 0.00056947774 2.2477896e-05 0.00020896917 0.0020758344 1.688343e-09 5.4080874e-06 0.00038434085 1.5622107e-06 1.1419719e-05 4.730305e-07 8.971347e-05 0.00016994697 5.3265794e-06 0.00020288028 6.935999e-05 4.3975306e-05 6.121879e-05 6.580933e-05 4.109166e-10 4.5761037e-10 0.00017574176 1.4862684e-08 6.837943e-08 4.8702525e-10 1.11701e-06
0.98922974 0.76643795 0.96477973 2.913622e-15 0.5233099 0.34160972 0.73854023 0.8787421 0.9713639 0.8412703 0.53860766 0.4187149 0.66098106 0.46526137 0.25513563 0.26240045 0.2884942 0.07284355 0.0727872 0.029710121 0.14138421 0.017627774 0.042950913 0.049204357 0.017237172 0.15189119 0.006348871 0.043881126 0.17787282 0.0026289101 0.45302394 0.023117041 0.039312895 0.035316035 0.038960114 0.0005924942 0.018395102 0.06151818 0.07575889 0.0068384013 0.0017426683 0.2882633 0.0044640307 0.02226139 0.0016160558 0.008292445 0.00075422466 0.09514149 0.00034489649 5.6050544e-06 1.4190145e-05 1.2627212e-05 0.104873754 0.020663397 2.2519158e-05 5.1567564e-05 1.5428418e-06 3.3378782e-08 2.8024445e-07 7.287371e-08 0.009504711 4.3909235e-08 2.1669526e-10 5.249372e-10 2.2040474e-06 1.7152914e-08 0.00015404423 0.0005272925 2.1507701e-06 0.00012257819 0.00018109073 0.06250292 0.0014069629 5.1668007e-06 0.0005785519 7.5752323e-06 0.002009107 2.034869e-05 8.690955e-06 0.0011396329 1.9661654e-10 3.7127193e-06 0.00029060539 3.7472232e-06 2.30993e-06 4.42142e-07 5.8334426e-05 0.00014712075 9.764889e-06 0.00010179226 8.0517864e-05 5.4567532e-05 2.9056537e-05 0.00010592819 2.0934113e-10 7.846416e-11 9.4547875e-05 8.856478e-10 2.735858e-07 2.4907146e-10 1.0365042e-05
0.9896097 0.8590146 0.542703 0.5233099 2.1935612e-15 0.9638849 0.6198185 0.4821681 0.8912665 0.7835984 0.32511446 0.9523061 0.0944593 0.05227894 0.28612968 0.80259037 0.8126361 0.010092612 0.43228638 0.013617851 0.39685655 0.25424093 0.011440016 0.2636712 0.004177897 0.05574437 0.00019997812 0.007021748 0.040048108 0.0008132811 0.5411644 0.115021385 0.058739025 0.010717169 0.009244034 0.00012515267 0.121977374 0.022274755 0.033010032 0.004294112 0.0013237421 0.1895974 0.030699925 0.0059687733 0.00021212113 0.0007423906 0.00024706463 0.40876746 3.016864e-05 5.6460345e-07 9.372473e-07 6.610207e-07 0.16281097 0.0026458977 1.4259071e-05 1.587347e-05 5.776295e-07 1.5072628e-08 3.5705157e-09 9.164414e-08 0.0048733363 2.9499614e-09 2.041086e-11 3.3117e-12 1.2935468e-06 2.6479012e-09 0.003191792 3.2482247e-05 2.5453637e-06 3.3532746e-05 1.952083e-05 0.073395245 0.0059090066 1.5063073e-06 0.002841169 4.2671927e-06 0.0011315463 0.00010030649 0.00031451767 0.007933898 5.5540944e-10 3.0104002e-05 0.00034036298 6.605332e-06 0.000103424245 2.169368e-06 0.0030297942 0.00028346098 1.2833256e-05 0.004607727 0.00017563855 5.0876504e-05 0.00458372 0.00497104 1.2081444e-10 5.7411326e-10 0.0045069293 1.9755388e-08 1.3033623e-05 3.224897e-10 0.00021849255
0.9904988 0.9469094 0.46505725 0.34160972 0.9638849 4.682208e-15 0.9307827 0.40413734 0.5860239 0.27022886 0.5832795 0.8791925 0.07327845 0.01566341 0.76317275 0.35691592 0.8892049 0.0062270104 0.12527665 0.004241873 0.28960037 0.13222323 0.0069182115 0.08798466 0.002167112 0.03010869 0.0001713235 0.004488374 0.017090663 0.0005390871 0.16990346 0.10361416 0.09613886 0.003195614 0.0033589448 3.661912e-05 0.05380423 0.010030223 0.012302321 0.0006555327 0.0001001123 0.051622987 0.03020696 0.0008130566 1.708271e-05 0.00046906725 3.6469468e-05 0.65535086 8.619555e-06 1.0535307e-07 2.8936714e-07 1.3102165e-07 0.07922219 0.00063817145 1.8612459e-06 3.2082376e-06 3.7682916e-08 9.346655e-10 4.704869e-10 1.1383775e-08 0.000981769 2.7757232e-09 2.4115315e-12 2.7052555e-13 9.4484555e-08 5.53997e-10 0.0010763261 4.961813e-06 3.3185125e-07 2.3311939e-05 9.211688e-06 0.05417986 0.0051115635 3.2946114e-06 0.0021033636 1.2097559e-05 0.00019989576 4.2686846e-05 0.00079652347 0.0076002483 1.2072121e-09 8.718869e-05 0.00040588793 7.882278e-06 0.00015914267 1.001502e-06 0.0026025043 0.00022978544 1.1289657e-05 0.0033718809 6.362299e-05 1.8878962e-05 0.0055646724 0.0049452716 2.4259925e-10 1.8088074e-09 0.0048334524 3.083277e-09 1.405373e-05 2.734962e-10 0.00041368834
0.9688978 0.9674568 0.81915987 0.73854023 0.6198185 0.9307827 3.503824e-11 0.6418838 0.6312543 0.1656808 0.96909386 0.44175583 0.4597521 0.070992485 0.9378068 0.16168028 0.60912687 0.033541404 0.04141998 0.004756997 0.1819541 0.027346646 0.016666308 0.020871015 0.009789608 0.044029687 0.0021480648 0.029858831 0.10715956 0.0005059507 0.16705312 0.03632574 0.07405919 0.01805375 0.029786706 0.0002285746 0.010968219 0.034251045 0.04967918 0.0025186345 0.002310658 0.15334754 0.026778108 0.016224861 0.0014432541 0.009822133 0.0002197164 0.38893518 0.0012685505 2.5034757e-05 1.588316e-05 8.508977e-06 0.05304368 0.003343904 3.8003182e-06 4.5191155e-05 2.022693e-07 3.438506e-07 3.9808629e-07 4.3797053e-07 0.0008655318 7.717045e-07 4.8231436e-10 1.176228e-09 4.8883373e-07 7.7752595e-08 0.00020840694 5.5126467e-05 2.973684e-06 0.00029456985 0.00010629503 0.033835772 0.0030131047 9.031076e-05 0.0013662383 0.00016062566 0.00016676594 2.2519736e-05 0.0009535926 0.013082427 1.4285095e-07 0.00017906069 0.00034191823 3.298085e-06 0.00015095386 2.119717e-06 0.0032613112 0.00012500917 4.95139e-06 0.0022477556 3.6338064e-05 1.9632138e-05 0.00092019554 0.0007077137 1.7415159e-08 7.080765e-08 0.0010235726 1.2336014e-06 1.8632414e-05 4.218908e-09 0.00012769632
0.9805774 0.7971258 0.98389155 0.8787421 0.4821681 0.40413734 0.6418838 9.294218e-16 0.70203304 0.84437513 0.88187075 0.0998054 0.9435637 0.81449074 0.6890626 0.41520163 0.093604155 0.29214287 0.11649119 0.10842115 0.047831833 0.01656902 0.120609894 0.02440971 0.058027446 0.29064795 0.047958586 0.14317246 0.31195349 0.00776344 0.094364196 0.009924857 0.008950249 0.059026547 0.08327664 0.00095439586 0.006567247 0.49941447 0.41598475 0.009755745 0.010411283 0.059809875 0.00031987147 0.0364607 0.0039164033 0.010487083 0.0013659133 0.31978133 0.00019048882 8.5424546e-07 9.12789e-07 1.3998892e-06 0.0036864642 0.0196557 4.61515e-06 7.151388e-05 1.6780315e-07 1.732891e-08 6.104825e-09 1.733725e-07 0.016047325 9.547239e-08 9.0792006e-11 3.5415844e-11 4.4929362e-07 6.0910914e-08 1.3016566e-05 0.000101041536 5.715583e-06 1.3638773e-05 0.000114168724 0.010243471 0.000120862394 3.8987444e-08 3.81916e-06 2.6511119e-08 0.0012725357 2.2001654e-05 3.2244052e-06 0.0011195666 2.8391953e-10 6.142988e-08 4.264351e-05 7.416089e-07 3.7274851e-06 1.04899115e-07 0.00030188746 3.4126555e-05 2.4910366e-07 0.0003239088 8.550463e-06 4.0549735e-06 0.00023952447 8.579284e-05 2.6803828e-12 8.864433e-11 0.0003776835 2.3658833e-10 1.2535506e-09 6.518566e-12 1.4859935e-08
0.97779906 0.7316243 0.85257983 0.9713639 0.8912665 0.5860239 0.6312543 0.70203304 6.283534e-15 0.97612274 0.3746967 0.6880481 0.47311047 0.37003464 0.22608225 0.75586075 0.28832343 0.039044056 0.20911326 0.04224116 0.17632501 0.058949694 0.026880627 0.14811482 0.010477211 0.10809099 0.000638274 0.022684207 0.063951366 0.0028296781 0.54105026 0.031378474 0.029594459 0.021088762 0.0142335845 0.0009301386 0.06380708 0.045641575 0.047819205 0.008925062 0.0012235108 0.24640217 0.0046229693 0.011524779 0.000449014 0.003534127 0.0003245334 0.11190135 0.0001330906 1.9559507e-06 4.8376158e-05 1.4541749e-05 0.12392849 0.006058031 2.0259211e-05 1.2658826e-05 1.0667382e-06 9.902122e-08 3.4257717e-08 1.7932051e-07 0.005000963 2.4456645e-07 2.3885266e-10 6.324705e-11 2.0346117e-06 4.531421e-08 0.00069104 9.965363e-05 1.6853148e-06 0.000111611465 7.9596946e-05 0.035350703 0.0016797222 5.999404e-06 0.00073043315 8.211952e-06 0.0014103986 6.864913e-05 5.1696326e-05 0.0015999587 2.8966032e-09 1.6207368e-05 0.00032623546 1.8600872e-06 1.171496e-05 2.393652e-07 0.00028520863 0.00026881194 9.071149e-06 0.00046121737 0.0001028725 4.520262e-05 0.00029023126 0.0007960572 2.6959068e-09 1.3933168e-09 0.0008834428 1.3677217e-08 6.1676457e-07 2.3379274e-10 1.4793655e-05
0.99303436 0.42262086 0.71112597 0.8412703 0.7835984 0.27022886 0.1656808 0.84437513 0.97612274 4.4011815e-14 0.3091679 0.5169951 0.50564617 0.7689955 0.13346283 0.8541692 0.09749903 0.14462703 0.35931188 0.26611838 0.08392811 0.034932066 0.07299717 0.09994593 0.032199915 0.319183 0.0036088836 0.063820936 0.20891978 0.015447641 0.8231647 0.03057066 0.004918702 0.06307065 0.06782001 0.0022956487 0.03572399 0.587805 0.38706088 0.038021572 0.010792298 0.5997493 0.00061190216 0.08111758 0.0044251094 0.013933969 0.0030328657 0.07077799 0.00061788847 3.741635e-06 7.139177e-05 0.00023733659 0.073828064 0.12161013 0.00045584075 0.00026447338 0.0001149809 3.3763808e-06 5.3731753e-08 2.7884416e-06 0.09398942 7.522498e-08 1.2674141e-07 5.2447485e-10 2.565818e-05 5.2776005e-07 0.00065043964 0.0022649842 7.87163e-05 0.00016902549 0.0010721498 0.07106278 0.00070655637 1.2411589e-07 0.00023697042 7.9788924e-07 0.004538121 2.1857206e-05 0.00021361302 0.0030147543 1.438435e-08 9.848986e-06 0.00010547659 9.378648e-06 9.77628e-05 7.642097e-06 0.0011706211 4.175559e-05 8.303373e-06 0.0011658049 3.135095e-05 1.2432607e-05 0.0008066762 0.0005177927 7.987945e-09 4.470005e-10 0.0015879618 6.691593e-08 6.962228e-07 3.0780226e-10 4.1598214e-06
0.9522239 0.9110735 0.7220335 0.53860766 0.32511446 0.5832795 0.96909386 0.88187075 0.3746967 0.3091679 1.9665563e-13 0.13319756 0.61378163 0.19885801 0.99119127 0.14177935 0.18497348 0.07390706 0.04951164 0.013445951 0.04530133 0.021292862 0.024475146 0.01629512 0.016201599 0.07237202 0.032647233 0.056342505 0.13779543 0.0029417737 0.12557426 0.017260449 0.017795764 0.014875414 0.025976427 0.0006293966 0.0055220737 0.16390565 0.1662774 0.0036144913 0.006046185 0.075538255 0.002217262 0.025769144 0.0020789222 0.015997594 0.0003907768 0.32515562 0.0010274289 5.0362646e-06 1.7723502e-06 4.0108148e-07 0.0076050195 0.0049593817 2.5868865e-05 9.871795e-05 6.604838e-07 4.5181476e-08 4.5466004e-07 1.452067e-07 0.0024748524 1.343588e-07 1.6766771e-10 1.603902e-10 4.8746156e-08 9.117893e-09 0.0005218366 0.00039980162 1.124264e-05 0.0001297294 0.0007806311 0.018472511 0.0002119523 3.0570184e-06 0.0001240057 7.5238618e-06 0.001260216 2.0503026e-05 1.810052e-05 0.0018686128 6.699593e-10 1.655938e-06 7.11462e-05 4.8407887e-06 7.969042e-06 5.7916134e-07 0.00024352672 8.69347e-05 6.945262e-06 0.00029461115 2.857012e-05 1.6425163e-05 0.00037170734 0.0006289427 2.0949839e-11 1.4503244e-09 0.0005874118 1.4804252e-09 2.1332342e-07 9.364886e-11 1.690782e-06
0.9904335 0.44745997 0.41758698 0.4187149 0.9523061 0.8791925 0.44175583 0.0998054 0.6880481 0.5169951 0.13319756 1.8977227e-13 0.08689079 0.029527865 0.08887565 0.92751503 0.9285 0.00521715 0.8263922 0.007978608 0.85779595 0.48252812 0.0092185 0.5292577 0.0006562276 0.03723403 3.1561332e-05 0.0013064835 0.018300317 0.0002613373 0.59858674 0.17366076 0.24531724 0.004507432 0.0033206055 0.00012316478 0.24204376 0.006695644 0.009873551 0.0035122319 0.0005822283 0.18769515 0.04298941 0.0036340733 0.0003040411 0.0006581837 0.00014300068 0.28471076 2.5197156e-05 1.4816069e-06 2.0159452e-05 3.4660745e-06 0.39398587 0.0018059871 4.856585e-06 6.7782435e-06 2.9424035e-07 1.1899596e-08 1.1896419e-08 2.3669145e-08 0.0014443101 2.274599e-08 2.828335e-11 2.5481455e-11 1.3236227e-06 8.825976e-09 0.018680712 1.8186602e-05 5.1041593e-07 7.910499e-05 2.6653937e-05 0.13366668 0.022788405 1.8298553e-05 0.007360227 2.0998992e-05 0.000546402 0.00010180285 0.00075698056 0.016937776 8.472719e-09 0.00018110126 0.0008008651 1.2483874e-05 0.0005282646 5.6207227e-06 0.0074294726 0.00032214576 4.266967e-05 0.0074908715 0.0001684404 3.7015423e-05 0.0074111735 0.006541279 1.9285824e-09 4.916014e-09 0.0074245287 3.772988e-08 2.4790239e-05 3.4616527e-09 0.00016659028
0.9188472 0.34237093 0.8090656 0.66098106 0.0944593 0.07327845 0.4597521 0.9435637 0.47311047 0.50564617 0.61378163 0.08689079 2.3618554e-15 0.9805795 0.54220605 0.114719965 0.07857839 0.98714584 0.020361075 0.29762846 0.03646157 0.0019798763 0.24834843 0.01568976 0.25217977 0.17707157 0.15550148 0.18022129 0.3266586 0.0076343874 0.20081663 0.006127144 0.004987016 0.050539292 0.056116264 0.0027306103 0.004542217 0.39323318 0.39329764 0.013754938 0.03331157 0.1349105 0.00064589945 0.06709965 0.011082722 0.03167275 0.003053854 0.039070006 0.0011378585 4.1704727e-05 5.838964e-05 1.9989853e-05 0.016010964 0.01171328 2.736803e-05 0.00021437342 2.3935218e-07 1.1124446e-07 4.2897543e-07 1.8709457e-07 0.0026768877 1.6693723e-07 1.3587486e-08 3.8258725e-09 1.2088165e-06 5.291404e-07 4.5218832e-05 0.00018282357 1.3208712e-06 8.294355e-05 8.454366e-05 0.016679531 0.00018684095 5.6615928e-08 5.341678e-06 4.938758e-07 0.00070266845 5.1596367e-06 3.7089535e-06 0.0014942394 3.588817e-11 2.5498121e-08 0.00023253822 1.1533353e-06 1.9512565e-07 2.9648956e-07 5.596202e-05 6.7424844e-05 5.271019e-06 8.269617e-05 1.3178734e-05 1.0529864e-05 5.6208837e-06 2.5196145e-05 5.157931e-11 7.201323e-10 1.9151956e-05 1.0186435e-09 4.2968047e-09 1.03282105e-10 1.1873683e-08
0.9813821 0.07784961 0.5648831 0.46526137 0.05227894 0.01566341 0.070992485 0.81449074 0.37003464 0.7689955 0.19885801 0.029527865 0.9805795 3.5840878e-16 0.059560716 0.3332623 0.01529597 0.9126958 0.021014223 0.65118194 0.011508551 0.0009054931 0.4319667 0.024077818 0.06654456 0.5366178 0.06244694 0.32860687 0.52167237 0.026166234 0.7091188 0.002725521 0.00065873255 0.13649382 0.14153223 0.0063332384 0.0081490185 0.88251555 0.7188179 0.040826716 0.051007755 0.5086598 8.614957e-05 0.13964675 0.023052217 0.0624103 0.008448422 0.0055018435 0.004737012 7.680387e-05 0.00022193648 0.00023732166 0.04520629 0.110023715 0.0003191454 0.00045205618 1.9626428e-05 9.0377875e-07 6.418338e-08 5.211264e-06 0.02269362 5.816541e-08 7.333968e-09 6.202043e-11 2.3941645e-06 1.5845919e-06 8.453076e-05 0.0044491044 2.867115e-06 0.0005341355 0.003064107 0.02875994 0.0006539289 5.287845e-08 1.1653252e-05 3.5927863e-07 0.0069242143 8.994919e-06 9.232514e-06 0.0032136284 2.3517022e-10 1.0279953e-06 0.00025101018 2.3627765e-06 5.562115e-06 5.308362e-07 0.0009154968 5.713471e-05 1.1677253e-06 0.0006795678 1.3409332e-05 9.185292e-06 9.147732e-05 9.599165e-05 4.579775e-12 4.966764e-10 0.00012048264 7.1716513e-09 8.5962535e-07 7.911456e-11 1.9046121e-06
0.987616 0.66272867 0.44310308 0.25513563 0.28612968 0.76317275 0.9378068 0.6890626 0.22608225 0.13346283 0.99119127 0.08887565 0.54220605 0.059560716 1.0327047e-14 0.10660717 0.4074416 0.071673445 0.037691183 0.0066021746 0.034906182 0.019496426 0.010050836 0.009199289 0.025263483 0.024705952 0.01451649 0.024510307 0.00887517 0.00054156856 0.008764629 0.069461785 0.041957255 0.0032095108 0.0052292985 5.7607325e-05 0.002650311 0.0042701443 0.012390204 0.0003234535 0.00056005083 0.0021293238 0.008369372 0.0004015115 0.0003366974 0.0049487916 2.8295955e-05 0.92250526 0.00012026692 1.5104661e-06 1.0940689e-06 3.360734e-07 0.00034974897 5.947595e-05 1.3338424e-06 7.1614104e-06 2.7058663e-08 7.507831e-09 4.6207163e-08 5.322928e-08 8.015219e-05 2.4707913e-07 3.6513256e-10 2.563033e-10 1.1843735e-08 2.6645354e-08 0.0002910672 9.4016805e-06 9.603386e-07 2.373856e-05 5.502428e-06 0.0046458994 0.00021157725 2.195212e-06 0.00015024509 1.9314908e-05 4.7816207e-05 3.7724792e-05 0.00020496135 0.0054757264 5.482905e-08 1.6016333e-05 7.491068e-05 2.5036657e-06 9.079989e-05 1.4801875e-06 0.0012490728 5.254965e-05 2.6129765e-06 0.001597916 2.9222885e-05 4.323921e-06 0.0010439833 0.0007856305 2.054442e-09 3.966286e-08 0.001180806 5.310776e-09 2.2699237e-07 1.6538278e-10 1.773801e-06
0.9962649 0.21450344 0.29714093 0.26240045 0.80259037 0.35691592 0.16168028 0.41520163 0.75586075 0.8541692 0.14177935 0.92751503 0.114719965 0.3332623 0.10660717 4.046817e-14 0.4953674 0.030842893 0.9654624 0.19005296 0.60103965 0.3997966 0.09973528 0.763506 0.015110159 0.2854876 0.00029333332 0.013991601 0.07131772 0.011675422 0.8795096 0.14174192 0.15076415 0.031185033 0.028367016 0.0013031461 0.2815028 0.06921023 0.071712196 0.020729598 0.0025239186 0.26806197 0.010514889 0.006040058 0.0002783872 0.0027100928 0.00047916913 0.17220402 0.0003098368 1.9438032e-05 0.0007344713 0.00030530387 0.3412331 0.027981628 0.0006112953 0.00023101988 0.00018726374 1.2242507e-05 1.0695272e-06 6.791256e-06 0.03837837 7.459158e-07 8.5592326e-08 1.4533824e-08 2.8659824e-05 4.8093375e-06 0.039853726 0.0067489212 0.0011329456 0.0010022182 0.003820745 0.1805038 0.0066554155 1.1476821e-05 0.0016277694 9.595508e-06 0.006784644 0.00033823625 0.00042729755 0.007243074 5.6555056e-08 6.0836643e-05 0.00061753736 0.000104134575 0.0001955434 4.255588e-05 0.0039096843 0.00051497406 9.839415e-05 0.004111854 0.00025576397 0.00019584032 0.003442662 0.0032313303 1.4864442e-08 9.876521e-09 0.0047549307 2.4372292e-07 6.402321e-06 6.0176455e-09 0.00010596195
0.9607502 0.4508565 0.34353438 0.2884942 0.8126361 0.8892049 0.60912687 0.093604155 0.28832343 0.09749903 0.18497348 0.9285 0.07857839 0.01529597 0.4074416 0.4953674 3.8872602e-14 0.005087248 0.46474192 0.0016360678 0.926399 0.8443786 0.0037991242 0.36812145 0.00018604157 0.017889028 4.7236965e-05 0.0012383376 0.00369858 0.00010250623 0.37286195 0.6279182 0.74442965 0.00075277773 0.001413975 3.0676823e-05 0.4256759 0.0023246258 0.0012095587 0.00039191174 8.0534255e-06 0.11096092 0.42804268 3.3740904e-05 4.466573e-05 0.00018774314 7.2297917e-06 0.9731731 1.9294166e-06 1.7406765e-07 9.789491e-07 2.6466267e-07 0.499614 7.0014066e-05 1.4171953e-07 2.2617901e-07 1.4221296e-08 2.2386843e-09 1.5994029e-09 1.6911214e-09 0.00097421656 2.730918e-09 2.5919088e-11 9.8250245e-12 6.929019e-08 1.5122262e-09 0.02996049 1.1114336e-06 1.5108663e-08 4.2333068e-06 1.1972631e-06 0.1398733 0.03732485 0.000311053 0.0060014073 0.000100777565 1.2073527e-05 0.00020203614 0.0016126881 0.010837649 2.6165772e-10 0.00020935613 0.0019085642 1.28654465e-05 0.00038030354 3.663611e-06 0.007901467 0.00046394233 5.4389846e-05 0.004323276 0.00019800961 3.21407e-05 0.0040814686 0.002679181 1.3931488e-10 5.2138635e-08 0.0035298525 3.596257e-08 0.00010886359 1.6712215e-09 0.00046487022
0.85788673 0.022039453 0.09648252 0.07284355 0.010092612 0.0062270104 0.033541404 0.29214287 0.039044056 0.14462703 0.07390706 0.00521715 0.98714584 0.9126958 0.071673445 0.030842893 0.005087248 3.7315846e-16 0.0071898066 0.8927726 0.0027399266 0.00054231746 0.75806457 0.0039861095 0.97703975 0.5912276 0.54014105 0.6189942 0.5740445 0.032397132 0.12143189 0.00076721224 0.0015042352 0.08804539 0.08548766 0.0093642995 0.0024816107 0.6450794 0.6625261 0.01360854 0.05160316 0.08904783 6.277074e-05 0.052140336 0.024276664 0.19797698 0.0064907484 0.009771205 0.003396349 0.000257124 0.00016181028 6.773646e-05 0.0075974553 0.015396963 7.418225e-05 0.00040825582 1.6092371e-06 6.452184e-06 1.0858664e-06 8.0822275e-07 0.0025295066 2.1279877e-07 3.6045302e-09 3.5525258e-10 3.9458346e-06 1.7566742e-07 8.561585e-06 0.0008385738 4.9775954e-06 4.321557e-05 0.00091560674 0.0080789765 2.5946794e-05 1.201937e-07 4.970359e-07 9.7216805e-08 0.002956565 5.315299e-06 3.7170324e-07 6.622239e-05 5.157554e-12 4.0652397e-09 0.00010251581 5.0301303e-08 1.9471194e-08 6.852867e-08 1.9626943e-06 3.6767877e-05 7.440097e-07 1.1082467e-06 6.1993983e-06 1.10969195e-05 1.8754737e-06 9.0820333e-07 8.8981345e-13 8.671385e-11 1.6689098e-06 9.231258e-11 7.885567e-09 1.5726411e-12 1.6915964e-08
0.98171914 0.07592412 0.0765503 0.0727872 0.43228638 0.12527665 0.04141998 0.11649119 0.20911326 0.35931188 0.04951164 0.8263922 0.020361075 0.021014223 0.037691183 0.9654624 0.46474192 0.0071898066 4.4600804e-15 0.024085373 0.92399025 0.8082838 0.012099417 0.961699 0.0024776983 0.097409695 9.98899e-05 0.002437556 0.025700556 0.0016840346 0.85483974 0.19219063 0.15668172 0.012330987 0.012355418 0.00047347374 0.8013199 0.030964961 0.037427686 0.018589782 0.0016347086 0.36486366 0.080210954 0.010286604 0.00026437978 0.0017856865 0.0009737934 0.21473083 0.00019283315 2.617643e-06 0.00065662415 0.00048579375 0.5542021 0.013483884 0.00029819712 9.354078e-05 4.9692313e-05 2.554646e-06 1.1680076e-07 1.7562514e-06 0.011624272 7.1947097e-09 5.641645e-10 6.511225e-11 1.8519373e-05 1.315524e-07 0.09696837 0.0018452435 8.3045736e-05 0.00026398245 0.0020331794 0.2600695 0.027985604 4.303818e-05 0.014992041 2.9400107e-05 0.0078479815 0.0015567883 0.0015662685 0.015442515 6.9633393e-10 0.0009449115 0.0021756198 0.00011220272 0.00072432496 7.7843906e-05 0.009544049 0.00096510607 0.00029123522 0.006838749 0.0006952047 0.00034026708 0.009827071 0.011721124 1.5770704e-10 1.2498423e-10 0.007903004 8.388273e-08 5.979535e-05 1.7671391e-09 0.0008276123
0.8571617 0.006392652 0.020691304 0.029710121 0.013617851 0.004241873 0.004756997 0.10842115 0.04224116 0.26611838 0.013445951 0.007978608 0.29762846 0.65118194 0.0066021746 0.19005296 0.0016360678 0.8927726 0.024085373 1.0445824e-15 0.0029693514 0.00096054794 0.9823278 0.020607295 0.938906 0.8952457 0.12179889 0.8532607 0.75802624 0.19091961 0.49712524 0.002546363 0.00080084795 0.13814873 0.14038588 0.012167648 0.0099760005 0.89794695 0.8135358 0.07002285 0.07367443 0.4919735 5.3922387e-05 0.24900118 0.032251414 0.30749577 0.012534636 0.0067671966 0.0029104375 1.8893516e-05 0.00012467925 8.786338e-05 0.010145695 0.12828591 0.00014668169 0.00022244526 2.2054037e-06 4.4517057e-07 4.4829338e-07 7.7471157e-07 0.09232482 3.9247386e-08 2.0412372e-08 5.95405e-10 1.3591931e-06 7.732593e-08 7.156846e-05 0.0012874531 2.4473575e-06 6.696129e-05 0.00017453117 0.005180461 4.269462e-05 8.57698e-08 5.7573683e-08 3.5878867e-07 0.0008830937 2.4579601e-06 5.8707205e-06 0.0006387898 2.321877e-09 7.837841e-08 2.9686418e-05 6.9234807e-07 1.2254327e-07 2.347435e-07 3.5009085e-05 1.6266753e-05 1.4343132e-06 2.3553195e-05 2.469944e-06 3.4704074e-06 2.0659527e-06 2.7757806e-06 7.218919e-12 1.451846e-10 1.1036518e-05 6.316623e-09 1.17175025e-08 3.6801248e-10 4.3304652e-08
0.9637548 0.16176039 0.15867713 0.14138421 0.39685655 0.28960037 0.1819541 0.047831833 0.17632501 0.08392811 0.04530133 0.85779595 0.03646157 0.011508551 0.034906182 0.60103965 0.926399 0.0027399266 0.92399025 0.0029693514 1.5095757e-12 0.98143023 0.007359321 0.87279445 0.00046890802 0.02880894 6.344358e-05 0.001490208 0.0077985944 0.00030362647 0.63410646 0.41660264 0.6907762 0.0069142967 0.005212778 0.00037373128 0.78204083 0.0030884966 0.0044347164 0.0058054277 0.00040413512 0.2157114 0.2331377 0.001132092 0.00018951615 0.0004861805 8.5181644e-05 0.34328726 6.284345e-05 9.645994e-07 0.000119800454 4.635191e-05 0.66039157 0.0006881264 4.342376e-06 1.1491145e-05 2.6554957e-07 6.413052e-08 2.888825e-08 3.784621e-08 0.0014774023 1.5981108e-08 9.576916e-11 2.1244441e-10 1.8758511e-06 1.9917282e-08 0.071491875 3.0737272e-05 1.5605921e-06 0.000101872094 0.0002732397 0.21057944 0.047402054 0.00019818777 0.0110134315 0.00015021184 0.0005967501 0.00056092616 0.0033599637 0.01722727 1.1541935e-08 0.00069179735 0.004092643 0.000114108094 0.0006709729 6.63637e-05 0.013445766 0.0020226066 0.0008102576 0.0066149463 0.00067292264 0.00037408894 0.003010593 0.006555737 2.7648015e-09 1.951249e-09 0.004535899 2.647349e-07 1.4899251e-05 1.3143946e-08 0.0010463421
0.9910007 0.034317475 0.020649094 0.017627774 0.25424093 0.13222323 0.027346646 0.01656902 0.058949694 0.034932066 0.021292862 0.48252812 0.0019798763 0.0009054931 0.019496426 0.3997966 0.8443786 0.00054231746 0.8082838 0.00096054794 0.98143023 5.611191e-13 0.0009071785 0.77973735 0.00016046871 0.004683219 3.1241085e-05 0.00012996169 0.0006544274 0.00010222401 0.26968163 0.75827867 0.83184254 0.0026518242 0.0008672285 4.932178e-05 0.92780966 0.0018046105 0.0019151061 0.0013128064 3.9793296e-05 0.04032749 0.3869759 0.00051887945 1.9668289e-05 0.00031726362 3.797244e-05 0.57635343 3.2610792e-06 2.6761933e-07 5.8207975e-06 2.9882367e-06 0.7733179 0.00078901905 5.0461977e-06 7.725435e-06 5.849983e-07 1.5049338e-07 1.4432057e-08 1.0546707e-07 0.0022518781 5.058696e-08 5.746125e-11 5.834254e-11 7.6031006e-07 2.7954164e-07 0.3056889 5.916791e-05 1.5319358e-05 4.257492e-05 6.510457e-05 0.37409556 0.08904875 0.00014614341 0.03831436 0.00026242097 0.0008643275 0.0010078137 0.006468873 0.07994666 3.1786246e-07 0.0025306537 0.0053034406 0.00040126118 0.0033794346 0.00023363877 0.050501954 0.0021541072 0.00056660466 0.035420347 0.0018628843 0.0008106773 0.037635785 0.03265224 1.0988952e-07 9.2194824e-08 0.030320631 1.8095229e-06 0.00020129993 2.9875327e-08 0.0030576994
0.84878886 0.023657965 0.048169058 0.042950913 0.011440016 0.0069182115 0.016666308 0.120609894 0.026880627 0.07299717 0.024475146 0.0092185 0.24834843 0.4319667 0.010050836 0.09973528 0.0037991242 0.75806457 0.012099417 0.9823278 0.007359321 0.0009071785 2.3031542e-12 0.011745994 0.899353 0.95132625 0.54112667 0.97731227 0.83000284 0.34873983 0.26810667 0.0032286763 0.0029435407 0.20078388 0.16410093 0.044387076 0.0059070094 0.8059427 0.7790675 0.07952604 0.15511999 0.31665537 0.00011586646 0.32137474 0.06600023 0.35881746 0.043648846 0.0046457727 0.0056548864 0.000103450395 0.00061843643 0.0017279083 0.020536853 0.15374963 0.00010707989 0.00050225575 4.021568e-06 3.1249444e-06 1.9897293e-06 8.827475e-07 0.085848875 4.2731523e-07 1.703189e-09 2.0502964e-09 1.3583276e-06 5.3064883e-07 6.4072665e-05 0.0010781336 7.9300094e-07 0.00016411033 0.0001439662 0.00647431 0.00016795022 6.794789e-07 5.8875156e-07 8.052788e-06 0.0006158013 1.0992123e-06 2.6840976e-06 0.00029979905 6.7112644e-08 3.748798e-07 0.00010322472 1.0048063e-06 2.5918583e-08 4.251726e-07 4.855612e-06 3.8074228e-05 2.6230734e-06 5.523116e-06 4.8111815e-06 9.501706e-06 5.961951e-07 3.5225463e-07 9.6307705e-11 1.7050775e-09 1.491252e-06 1.47922075e-08 9.612356e-09 3.3559533e-10 1.2560109e-07
0.9885857 0.034727745 0.048038945 0.049204357 0.2636712 0.08798466 0.020871015 0.02440971 0.14811482 0.09994593 0.01629512 0.5292577 0.01568976 0.024077818 0.009199289 0.763506 0.36812145 0.0039861095 0.961699 0.020607295 0.87279445 0.77973735 0.011745994 3.7962873e-13 0.00022414865 0.07182424 2.985686e-05 0.0003399429 0.010507535 0.0005439322 0.90790564 0.22020037 0.3107688 0.008325988 0.009297901 0.00026832943 0.9527239 0.012185757 0.012785589 0.015170969 0.0008748504 0.21957503 0.06169802 0.0019643693 0.00012748204 0.00024156178 0.00043135282 0.13308582 2.895278e-05 5.2855567e-06 0.0013744199 0.0014996337 0.7999187 0.008432412 0.00020886936 5.838273e-05 5.74354e-05 1.881433e-05 4.1687466e-07 1.1022996e-06 0.016465772 3.1215336e-08 9.979052e-10 1.8808792e-10 9.92862e-06 6.8262244e-07 0.3676815 0.010620294 0.0007080759 0.0016731976 0.006873263 0.5166641 0.065905765 6.222513e-05 0.008496854 6.383833e-05 0.0058237463 0.01280172 0.0061682523 0.041315157 2.8661349e-09 0.0011809737 0.0064062886 0.0003349917 0.001544043 0.0002123784 0.025229359 0.0011057031 0.0008975246 0.017775344 0.0019508045 0.0011717101 0.008013182 0.007000439 8.291206e-09 9.615231e-10 0.009199604 4.03067e-07 2.4813844e-05 4.0939603e-09 0.00048076385
0.094880424 0.0071535367 0.018657504 0.017237172 0.004177897 0.002167112 0.009789608 0.058027446 0.010477211 0.032199915 0.016201599 0.0006562276 0.25217977 0.06654456 0.025263483 0.015110159 0.00018604157 0.97703975 0.0024776983 0.938906 0.00046890802 0.00016046871 0.899353 0.00022414865 2.9438508e-17 0.017279644 0.99875426 0.5355715 0.042412378 0.010088148 0.003211654 0.00027280697 3.32082e-05 0.0038039517 0.0012630867 0.0012740378 0.00012402474 0.048555348 0.081311055 0.00036048712 0.007717627 0.0010177126 2.9149026e-06 0.003517094 0.01487623 0.80795085 0.00983429 0.0035154691 0.013983429 0.00030410607 8.528979e-06 1.1389765e-05 4.6305166e-05 0.0022275774 0.00016774147 0.0012271765 7.768353e-06 6.928808e-08 7.0782e-06 9.231259e-07 0.001268571 1.2364486e-09 3.7672586e-07 4.624267e-09 2.5629283e-06 3.5547934e-08 5.161934e-08 0.0006391064 1.0183979e-07 1.0758667e-06 1.2218597e-05 3.2654407e-05 2.3357055e-08 7.686328e-09 5.650069e-09 1.7093204e-09 0.00011600489 1.5770563e-07 1.6310953e-08 2.9313767e-07 2.478689e-12 1.7176845e-08 8.5334735e-09 3.2510986e-08 2.8014129e-09 1.8026769e-07 9.819401e-09 3.7191955e-07 2.123242e-09 2.7014725e-08 6.518703e-08 7.5190556e-08 1.4986905e-09 9.204578e-09 1.1253032e-13 1.6862679e-12 5.2260476e-09 4.3081826e-11 4.9929772e-11 7.1304724e-13 4.6792268e-11
0.92903596 0.09258605 0.11368264 0.15189119 0.05574437 0.03010869 0.044029687 0.29064795 0.10809099 0.319183 0.07237202 0.03723403 0.17707157 0.5366178 0.024705952 0.2854876 0.017889028 0.5912276 0.097409695 0.8952457 0.02880894 0.004683219 0.95132625 0.07182424 0.017279644 9.348333e-13 0.09752223 0.87274265 0.984023 0.73617077 0.68666255 0.018940972 0.01731909 0.4801298 0.29186493 0.0776816 0.052039422 0.85474 0.7372122 0.13918959 0.021479603 0.8206174 0.00031866817 0.20119393 0.003003197 0.0022069523 0.001065222 0.027095834 5.8254786e-06 2.1598007e-07 9.104976e-06 1.5415586e-05 0.034034103 0.040187314 2.2496392e-06 7.648582e-07 1.0970411e-08 3.9854267e-08 2.9649774e-09 8.20653e-09 0.6512658 3.8747952e-10 1.2137674e-12 2.5944958e-11 7.845215e-08 7.0555783e-09 0.0025604 2.781901e-05 4.115029e-08 2.090819e-05 2.186618e-06 0.032265402 0.0006544234 3.996972e-06 2.2958358e-05 1.6973605e-06 8.880228e-06 0.00012079971 0.00013636635 0.0003573028 9.643464e-09 3.1308955e-06 0.00033624127 1.8964169e-05 1.9795957e-06 5.1528946e-06 0.00014043623 0.00019260122 6.9131256e-06 0.00020017868 0.0003893593 0.00010807773 4.3586795e-05 4.313038e-05 4.2890155e-10 2.5424374e-10 0.00025143186 2.246406e-08 3.4418573e-08 5.3187516e-10 1.1915666e-06
0.85713375 0.002573351 0.0049136523 0.006348871 0.00019997812 0.0001713235 0.0021480648 0.047958586 0.000638274 0.0036088836 0.032647233 3.1561332e-05 0.15550148 0.06244694 0.01451649 0.00029333332 4.7236965e-05 0.54014105 9.98899e-05 0.12179889 6.344358e-05 3.1241085e-05 0.54112667 2.985686e-05 0.99875426 0.09752223 8.386144e-12 0.97648865 0.47946006 0.29751274 0.00022147177 0.00029823434 2.3999837e-05 0.13551179 0.044393938 0.03453395 7.6234633e-06 0.19915786 0.565609 0.004706757 0.3800406 0.0041844607 2.5805896e-06 0.21926104 0.6097677 0.9588011 0.19639105 0.00070293853 0.023296895 0.0071254103 0.00015704085 0.0001341576 2.5259335e-06 0.007286333 0.00038513597 0.0015310207 6.2465965e-06 2.8894658e-07 1.895879e-06 1.6898543e-05 0.0015539723 2.9269125e-07 1.8129127e-07 8.203364e-10 6.4368255e-06 3.6520834e-07 2.012731e-09 0.0014185268 5.1595675e-06 3.1781732e-05 8.932988e-05 9.088185e-05 2.5215758e-09 6.519511e-08 2.8571008e-06 1.4401816e-07 0.0013177121 6.4775026e-07 9.886044e-08 4.8116267e-06 1.6078756e-09 6.710118e-10 1.6134401e-06 2.0791875e-08 1.0280664e-07 8.33871e-08 2.6376135e-09 2.7336074e-07 1.9339015e-09 5.003767e-08 6.450188e-07 2.3024968e-07 1.5030146e-07 4.7122384e-08 1.0735354e-11 9.273604e-09 8.351141e-08 2.1282047e-09 6.5504073e-09 8.942124e-11 1.8924566e-09
0.9103561 0.037105497 0.051745232 0.043881126 0.007021748 0.004488374 0.029858831 0.14317246 0.022684207 0.063820936 0.056342505 0.0013064835 0.18022129 0.32860687 0.024510307 0.013991601 0.0012383376 0.6189942 0.002437556 0.8532607 0.001490208 0.00012996169 0.97731227 0.0003399429 0.5355715 0.87274265 0.97648865 1.5829414e-13 0.8598326 0.9656331 0.014781028 0.0013086856 0.00028506832 0.4406285 0.21587467 0.22871293 8.8795794e-05 0.17776911 0.5525328 0.025938258 0.40375972 0.05276129 3.60523e-06 0.31601465 0.4179175 0.72824746 0.05879201 0.0012464264 0.0047954307 0.0004819896 0.00010387579 8.254434e-05 0.00013547247 0.082314335 9.591644e-05 2.9156268e-05 1.4743289e-07 3.1921534e-08 3.7112144e-08 2.93551e-08 0.06082397 2.9162606e-09 3.330744e-11 4.074419e-11 3.4255496e-08 2.830011e-09 3.1099324e-07 0.0006870084 2.3633588e-07 3.3684577e-05 5.1526906e-05 0.0036335413 1.6546159e-07 1.7186087e-08 4.9031565e-09 4.4307572e-07 0.00038181225 1.4357968e-06 8.798449e-08 1.1050104e-05 2.3555313e-10 3.0410614e-09 4.693863e-06 2.1233839e-07 2.5155773e-08 6.645194e-08 8.927516e-08 2.201197e-06 7.111096e-08 6.8819094e-07 1.0066369e-05 6.3086973e-06 1.0849269e-07 1.06717415e-07 6.6396567e-12 1.6610671e-10 1.8641742e-07 6.035479e-11 7.323354e-10 9.41873e-12 1.9329748e-10
0.9017991 0.12709934 0.18460739 0.17787282 0.040048108 0.017090663 0.10715956 0.31195349 0.063951366 0.20891978 0.13779543 0.018300317 0.3266586 0.52167237 0.00887517 0.07131772 0.00369858 0.5740445 0.025700556 0.75802624 0.0077985944 0.0006544274 0.83000284 0.010507535 0.042412378 0.984023 0.47946006 0.8598326 2.555952e-12 0.9555649 0.14532079 0.0018671405 0.0052867644 0.87526137 0.6250022 0.68889546 0.0025336577 0.8911857 0.915796 0.22225712 0.1011144 0.4714844 2.1870006e-05 0.41484842 0.018410223 0.040331725 0.011858256 0.0009323491 7.833206e-05 4.851502e-06 0.00025335888 0.0020557651 0.004423863 0.15165736 9.598826e-05 3.862101e-06 2.8863263e-07 3.656862e-07 1.2852746e-08 5.730745e-08 0.4971499 4.6710347e-10 1.5671645e-12 4.5803278e-11 7.311485e-08 2.7907572e-09 4.069123e-05 0.00021360265 6.2911e-08 6.121149e-05 1.2582746e-05 0.013654686 2.6004513e-05 6.3831874e-07 1.6803439e-07 6.665778e-06 5.5023735e-05 9.286048e-05 1.8701772e-05 0.0001553718 9.312399e-10 1.1218708e-06 0.00010093762 5.773908e-06 1.9855806e-07 9.873113e-07 1.32899395e-05 4.566372e-05 4.4421195e-06 9.671653e-06 4.6112633e-05 3.0480218e-05 5.7645184e-07 1.2058977e-06 1.2930287e-10 2.3589664e-10 1.902735e-06 8.4459675e-09 2.093713e-08 2.8748126e-09 1.3467199e-08
0.7323509 0.00092388777 0.0012596013 0.0026289101 0.0008132811 0.0005390871 0.0005059507 0.00776344 0.0028296781 0.015447641 0.0029417737 0.0002613373 0.0076343874 0.026166234 0.00054156856 0.011675422 0.00010250623 0.032397132 0.0016840346 0.19091961 0.00030362647 0.00010222401 0.34873983 0.0005439322 0.010088148 0.73617077 0.29751274 0.9656331 0.9555649 1.3212671e-15 0.0071898648 0.0002270895 4.9780112e-05 0.89463234 0.30173877 0.9918142 0.00014286752 0.06422084 0.41294903 0.07366503 0.86280704 0.014936653 1.642124e-06 0.37710363 0.5007605 0.8431032 0.1719081 8.693297e-05 0.0038088681 0.00043920384 0.0009424761 0.0009874861 4.6720663e-05 0.095741384 0.00032473463 0.00014500032 4.057656e-07 6.647946e-08 6.199049e-08 3.8262392e-08 0.12253766 1.7639533e-09 9.956185e-13 3.8484597e-12 4.3375582e-08 2.1259245e-09 5.1213927e-08 9.993792e-05 5.1344106e-08 2.0963705e-06 2.9269781e-06 0.00073420897 1.7165513e-08 7.302891e-10 1.9789963e-09 1.7992049e-08 1.4116393e-05 2.5942823e-06 6.5384405e-08 2.3848577e-06 3.3360066e-12 4.9642854e-09 4.7156576e-07 2.0401744e-08 6.927126e-09 3.1595873e-09 2.2093863e-08 2.1863646e-07 5.296654e-09 2.4355455e-08 1.3535966e-07 4.529622e-07 1.0132204e-08 3.111239e-08 1.5007899e-13 1.2914056e-12 2.1224087e-08 4.379514e-12 1.4714807e-10 8.1173577e-13 5.647711e-12
0.99462664 0.22402516 0.3824274 0.45302394 0.5411644 0.16990346 0.16705312 0.094364196 0.54105026 0.8231647 0.12557426 0.59858674 0.20081663 0.7091188 0.008764629 0.8795096 0.37286195 0.12143189 0.85483974 0.49712524 0.63410646 0.26968163 0.26810667 0.90790564 0.003211654 0.68666255 0.00022147177 0.014781028 0.14532079 0.0071898648 4.6642524e-13 0.060181104 0.4183775 0.029007683 0.090259105 0.00920588 0.8370902 0.13766856 0.071822 0.14797506 0.018136892 0.8446041 0.006905289 0.012091908 0.0006118701 0.00040287257 0.0010487651 0.037267134 1.4344561e-05 9.019297e-06 0.0026868638 0.009418112 0.6642926 0.018416189 0.00029833536 2.0475514e-05 2.8749639e-05 0.00016767095 4.0644179e-07 1.4081601e-06 0.03160112 1.1674135e-08 5.6813615e-10 7.4495426e-10 4.1810636e-06 8.347609e-07 0.28381374 0.0054388912 0.0009499414 0.0021786138 0.0037662499 0.52826893 0.0074385307 2.1740673e-06 6.421177e-05 5.7985126e-06 0.0017831245 0.02101019 0.00036153046 0.009580098 7.956051e-11 5.441132e-05 0.0048990985 0.0003103614 7.797289e-05 5.9559105e-05 0.0053345845 0.0010966464 0.00018190478 0.004893789 0.002468606 0.00061882107 0.0006980728 0.0017944963 2.5570112e-11 2.8062472e-09 0.0010416199 7.042141e-07 6.165002e-06 1.9921993e-08 1.25116685e-05
