3.1883892e-14 0.96156317 0.96404606 0.99651974 0.9706004 0.905792 0.99678606 0.9916877 0.8566475 0.9615831 0.97039855 0.9938533 0.9994559 0.86466295 0.9975248 0.6310562 0.87771624 0.9847893 0.9766045 0.9931174 0.8723162 0.9785921 0.9344005 0.919123 0.99613017 0.9977661 0.8022895 0.95804626 0.99781245 0.99972737 0.9401202 0.73169905 0.6885636 0.64063865 0.6296067 0.84845626 0.47893062 0.11884187 0.97474724 0.9937288 0.7621045 0.3097127 0.37653652 0.31912267 0.49541476 0.99258554 0.073232815 0.06939716 0.94982374 0.0022962159 0.99302924 0.0019895076 6.3877305e-05 0.9991801 0.99995005 0.97447485 0.99119735 0.9776358 0.8805916 0.98321104 0.99504685 0.9900169 0.99167925 0.96838874 0.97822654 0.977939 0.9716022 0.9920084 0.89980894 0.87386304 0.97301817 0.90758556 0.5330372 0.9881757 0.4731151 0.662367 0.39684716 0.95408237 0.8488521 0.6797216 0.13122888 0.72970974 0.5252464 0.44528413 0.9908187 0.99708855 0.9891126 0.6691457 0.33654866 0.9893954 0.9726339 0.9374263 0.0966829 0.6103807 0.9614306 0.048314683 0.87703884 0.9912467 0.84537363 0.9252537 0.922073
0.96156317 3.9885975e-08 0.97644645 0.9558703 0.71232915 0.9871822 0.8015436 0.28051123 0.6565502 0.55977386 0.20047942 0.17528877 0.25259182 0.6865403 0.08641192 0.36843252 0.37350014 0.04802059 0.22012785 0.033825442 0.6405696 0.38122806 0.021807346 0.10904615 0.034186244 0.079086974 0.004712066 0.0027512682 0.08832675 0.030516401 0.011744869 0.010640098 0.0027303929 0.0019752472 0.004547364 0.00043327195 0.0012944823 0.00077147793 0.056797784 0.005874305 0.00015282637 4.9472903e-05 0.00015516317 0.008159431 0.016786328 0.012004 0.0013252427 2.5380616e-05 0.00020197933 7.6750815e-08 0.00819761 2.1788646e-09 1.1310417e-10 1.791064e-05 0.00621709 0.013139801 0.118778214 0.04471314 0.008212725 0.0036712538 0.0010769226 0.014767326 1.2473449e-05 0.0027502202 0.0002014284 0.0023989517 1.6110622e-05 0.0006909049 1.4694799e-06 8.9058955e-07 0.005640672 3.0934268e-07 4.3838068e-06 0.0010111274 3.4887053e-06 1.377001e-06 5.8631215e-08 6.302906e-06 2.7351524e-08 6.262863e-06 7.842145e-09 1.36365035e-08 1.038599e-07 5.330172e-08 0.0036643245 0.02334458 0.00024059958 2.5065491e-08 6.647295e-09 0.00052827 0.0011380472 1.4166251e-05 2.412837e-09 2.3185215e-10 0.00038490002 9.371686e-09 8.500301e-09 5.6363697e-06 3.977038e-07 5.697699e-06 9.272937e-06
0.96404606 0.97644645 4.503287e-09 0.97476274 0.98039514 0.66407776 0.21914002 0.8496748 0.1723843 0.1405913 0.032854844 0.051768523 0.09744606 0.7363397 0.15903816 0.25962785 0.5634187 0.028940719 0.15252754 0.018165229 0.37081516 0.14524221 0.14754556 0.32973635 0.04949725 0.034571897 0.02074239 0.016577309 0.06192527 0.013525334 0.11636299 0.048837602 0.00868803 0.008340442 0.031204196 0.0072668577 0.0054343315 0.0017506782 0.035837304 0.0017211981 0.0021425313 0.0003719508 0.0009711512 0.020621466 0.013969394 0.0073043285 0.0017298746 0.0001306909 0.0011139044 1.0783001e-06 0.0025789486 8.189392e-09 6.459655e-11 1.3255713e-05 0.0026261047 0.0060547013 0.06717856 0.022822646 0.005073253 0.0013459056 0.00013417949 0.008295653 1.4938269e-06 0.0012705555 3.343318e-05 0.0006871735 3.7224333e-06 0.00041823415 2.7276806e-07 8.20824e-08 0.0020164377 8.267034e-08 1.4129665e-06 0.0006281688 3.5710912e-07 1.7716057e-07 1.9478808e-08 1.8483913e-06 5.902942e-09 1.5956385e-07 1.4651131e-09 9.871187e-10 8.446403e-09 6.017551e-10 0.0028218492 0.0074932934 0.0001300764 3.8187644e-09 1.042277e-09 0.00021370105 0.0011116272 1.1144835e-05 7.2008524e-11 5.575968e-11 7.242439e-05 4.1415607e-10 3.7402557e-09 4.317711e-06 7.140344e-08 1.6624082e-06 4.166054e-06
0.99651974 0.9558703 0.97476274 1.7457244e-10 0.7092258 0.63526404 0.76743555 0.89339745 0.2157284 0.13301876 0.07241367 0.2174417 0.5317611 0.4995286 0.538589 0.18218195 0.22172637 0.1503461 0.6685434 0.053313065 0.15448126 0.20033103 0.16265985 0.47209474 0.37661585 0.2028994 0.048635487 0.059613973 0.6010359 0.101346895 0.037141193 0.033505715 0.0062743872 0.006778529 0.01036579 0.0008223783 0.004058446 0.0005554734 0.05343538 0.010057312 0.0008823764 0.00014856862 0.00025936193 0.0063319486 0.0033366457 0.039025217 0.00020571821 0.00023436315 0.0002671263 5.767664e-07 0.008175901 1.1996879e-09 6.6598525e-11 4.6446028e-05 0.052288655 0.013714954 0.09637267 0.056360275 0.006160724 0.0037104313 0.0010008668 0.010466291 2.4015428e-05 0.0030064494 0.0005717361 0.0017704886 9.2000555e-06 8.1019454e-05 5.625498e-07 7.769361e-06 0.005356418 2.9240778e-07 4.4242675e-05 0.0008445014 0.00016541118 1.4689543e-06 2.5922256e-07 7.349179e-06 8.949458e-08 3.0439141e-05 1.2285021e-07 4.7466493e-09 2.4803587e-08 4.4384986e-08 0.0015258781 0.004815607 4.325325e-05 9.911353e-10 2.2369857e-09 0.00014627252 0.00047170254 7.456495e-06 2.3314249e-07 1.5598481e-10 0.00042849014 1.0395681e-07 5.4985376e-09 0.0001436753 1.8327893e-07 2.1889036e-05 1.877965e-06
0.9706004 0.71232915 0.98039514 0.7092258 1.1413604e-08 0.69898033 0.08854677 0.78742516 0.070844665 0.07442216 0.015247 0.013050097 0.016431762 0.97473407 0.13414098 0.62813324 0.9205291 0.010770629 0.061618544 0.0041889143 0.5220865 0.13701859 0.5091016 0.9009203 0.08526676 0.010266919 0.053559165 0.033769235 0.029944811 0.005154957 0.6898823 0.5172632 0.06522812 0.10936064 0.33248705 0.06791247 0.060622603 0.037470758 0.025068128 0.0012246688 0.016899938 0.0022477105 0.012591005 0.15935329 0.09677275 0.0027860866 0.010643873 0.00049047195 0.0033846213 3.1597333e-06 0.0005641606 3.902946e-09 1.7547387e-09 2.1365835e-05 0.00040922977 0.0033695742 0.0808381 0.02586304 0.008790048 0.0009280635 1.4588238e-05 0.007428297 4.1901367e-06 0.0006609801 2.4437727e-06 0.0005578089 4.031587e-06 0.00024512562 2.010743e-06 4.4075148e-07 0.0012801714 5.598577e-07 1.4371871e-08 0.00025717722 8.226684e-09 2.7622505e-07 8.969943e-09 9.651193e-07 1.1741305e-08 6.461341e-08 3.5568295e-11 7.5229245e-09 3.8938675e-09 4.964614e-10 0.0014542151 0.01915671 6.091798e-05 1.7334067e-08 5.4403793e-09 0.00019248313 0.00067734363 1.0630999e-05 3.478812e-11 7.28133e-11 2.5325535e-05 1.0092043e-09 4.8304493e-08 3.759017e-08 2.5404057e-07 4.4521644e-07 2.0535452e-05
0.905792 0.9871822 0.66407776 0.63526404 0.69898033 4.2110397e-08 0.83498174 0.06754466 0.9688759 0.96804947 0.6556525 0.4366146 0.27882284 0.72970927 0.030256046 0.5479842 0.27628842 0.099017635 0.1570932 0.13871518 0.6758828 0.6975223 0.009458771 0.07184902 0.0138063375 0.041801233 0.0042590066 0.0012130451 0.07604985 0.050551146 0.003613826 0.012840167 0.0015503204 0.001505068 0.002897388 3.979288e-05 0.0006966662 0.0010474713 0.15726182 0.018758267 5.4535845e-05 1.2523069e-05 6.865587e-05 0.0065601678 0.037806064 0.031098066 0.0012245987 3.6587808e-05 1.3304916e-05 1.1044025e-07 0.014050541 4.8493315e-10 1.7308436e-11 4.5118082e-05 0.009437282 0.018078387 0.15365161 0.07805243 0.009259563 0.0054960335 0.0010692938 0.0152916685 1.4998775e-05 0.004491669 0.0002209357 0.0016440414 4.6384368e-05 0.0004225861 1.5304485e-06 1.2588549e-06 0.008296669 3.234962e-07 3.877291e-06 0.001176498 1.3558162e-07 1.6890195e-07 4.2559673e-08 2.3466125e-06 2.269637e-08 7.093326e-07 1.6730712e-09 3.3538115e-09 6.289492e-08 1.5936781e-09 0.0023844086 0.030074047 5.266675e-05 8.480852e-09 2.261214e-09 0.00022419376 0.00079784286 2.8184309e-06 3.800437e-10 6.320066e-10 0.00020167464 3.3478422e-09 6.0962955e-09 1.6900347e-05 1.525307e-07 1.5389402e-06 5.0311423e-06
0.99678606 0.8015436 0.21914002 0.76743555 0.08854677 0.83498174 1.884772e-10 0.043116815 0.9931192 0.5948451 0.73841494 0.71192765 0.7786355 0.040202804 0.08165191 0.048860732 0.0021640894 0.28020546 0.31187463 0.27661604 0.015824432 0.12560004 0.0007258753 0.011102186 0.059325863 0.1999801 0.0016319002 0.0004226423 0.28799784 0.12018972 2.5750815e-05 0.0007285909 0.0005923908 0.00030080683 5.1599854e-06 1.80952e-07 4.5264696e-05 6.4934816e-06 0.05153461 0.032421928 2.2144354e-07 2.4647347e-06 1.4387868e-07 4.9029745e-07 0.00025245012 0.076027006 1.8721837e-06 1.8375516e-05 2.1418418e-06 7.877122e-08 0.0005823029 1.2480301e-09 1.6789058e-12 1.2045787e-05 0.092197545 0.0013382301 0.00113798 0.00044065755 0.00045149223 0.0003795468 2.9672492e-05 0.00017310279 2.389461e-06 0.00018055392 0.00015140745 5.7399975e-05 3.5348714e-06 9.97482e-06 1.513585e-06 1.03079865e-05 3.5584722e-05 9.1658956e-07 1.6204262e-05 1.35347655e-05 1.7532386e-05 1.7482861e-07 2.100584e-07 4.7037258e-08 4.6080956e-08 2.8291245e-06 4.0306354e-09 4.923969e-10 7.198447e-08 3.4296272e-07 3.3309192e-05 0.00011377407 3.0029578e-06 6.9402977e-09 1.009493e-09 1.879288e-05 1.0034777e-05 6.0053594e-07 1.7245414e-09 6.429613e-11 7.07463e-06 7.461126e-08 4.0954227e-08 3.59712e-05 1.1535102e-06 6.1940824e-07 1.0746705e-07
0.9916877 0.28051123 0.8496748 0.89339745 0.78742516 0.06754466 0.043116815 3.3947503e-09 0.013116833 0.020601243 0.008431721 0.012451469 0.01552936 0.638204 0.8187795 0.15545592 0.67751724 0.013734712 0.3287847 0.0020059175 0.09470767 0.046088837 0.926073 0.95846087 0.4829786 0.07894122 0.47835496 0.5020871 0.22643341 0.0052518914 0.86900085 0.49958855 0.26939404 0.28560168 0.272377 0.21037751 0.08761526 0.016228175 0.011543589 0.0007650225 0.067870885 0.011229029 0.023932232 0.06080847 0.009327045 0.0020159148 0.0014121699 0.0008948234 0.052919094 9.122942e-06 0.00046110526 3.9741184e-07 8.349862e-09 5.8899445e-06 0.0005838767 0.0033289779 0.02362318 0.017625565 0.0047827885 0.00059236906 1.9237828e-05 0.0061193313 1.0120915e-06 0.0004321025 6.2281624e-06 0.0006238004 8.453027e-07 0.00015916514 1.7191947e-07 1.5336943e-07 0.00039834948 1.0379948e-07 1.0282836e-06 0.00015822213 2.7730118e-07 2.5856605e-07 1.6339943e-08 4.7246444e-06 3.1440727e-08 1.1675956e-07 3.3031509e-09 7.647441e-10 1.3099872e-08 1.0677471e-09 0.0005906361 0.0042458433 8.502054e-05 3.329428e-08 5.3907776e-09 8.4210114e-05 0.00033974613 2.1902956e-06 2.2533868e-09 7.480322e-11 1.8803099e-05 3.1985026e-09 3.116406e-08 4.3541343e-07 2.0168598e-06 4.1934586e-06 9.829076e-06
0.8566475 0.6565502 0.1723843 0.2157284 0.070844665 0.9688759 0.9931192 0.013116833 7.334656e-12 0.9242884 0.9455338 0.8033528 0.63354266 0.017307714 0.013823393 0.028352017 0.0011747854 0.20571205 0.1728372 0.38597953 0.014449116 0.17143819 0.00031793694 0.001618073 0.0098819835 0.11146123 0.00067103276 0.00034513738 0.08557469 0.19823222 2.935898e-05 0.00015057401 0.000103106846 1.1139342e-05 5.2906953e-06 2.8538642e-07 3.823158e-06 5.4639594e-07 0.14231692 0.03203248 1.4110766e-07 1.253139e-06 2.785542e-06 2.6638903e-08 0.00025417592 0.08756777 4.3516043e-06 1.6921143e-06 5.54381e-07 2.3019219e-07 0.00085522945 1.2499383e-09 4.8536947e-12 1.4203386e-05 0.08068565 0.00047426458 0.0011289681 0.00015751873 0.00012329216 0.00011769098 1.4534317e-05 9.839885e-05 1.0805932e-05 1.6737258e-05 5.4782882e-05 9.173203e-06 2.2903467e-05 8.435701e-06 1.08554905e-05 3.3061342e-06 4.5236457e-06 2.3816688e-06 1.6797958e-05 4.9851824e-06 7.1058016e-06 1.7083718e-07 9.751184e-09 3.241699e-08 5.2547637e-09 1.487254e-06 3.895682e-08 2.8918778e-09 9.95398e-10 3.448578e-09 2.4089184e-06 0.00012474383 1.1116954e-06 6.3344547e-09 8.038121e-09 1.2665425e-06 4.3272084e-06 5.8168844e-08 6.284317e-10 3.2844796e-09 2.4058097e-06 1.7618e-07 8.5011806e-08 8.625447e-05 2.6114756e-07 7.516948e-08 2.325193e-08
0.9615831 0.55977386 0.1405913 0.13301876 0.07442216 0.96804947 0.5948451 0.020601243 0.9242884 4.1891593e-07 0.96357846 0.6356774 0.26145673 0.43989393 0.009727094 0.34125215 0.079269156 0.13180734 0.036753662 0.33969793 0.7043546 0.958609 0.0017736539 0.006358548 0.002652464 0.016115727 0.0002924766 0.00070301496 0.009898928 0.06452261 0.0010862452 0.0014113539 0.00021280131 0.000102209386 0.00046960393 4.238165e-05 7.374992e-05 0.00031356286 0.6138558 0.043356918 6.676197e-05 2.695451e-06 0.00014398777 0.0059571634 0.043089263 0.04446022 0.0038470612 7.2294542e-06 2.1175854e-06 1.1078118e-07 0.050195098 4.4094672e-10 5.6985926e-11 0.00016688129 0.012922252 0.06433076 0.4136309 0.111859836 0.039520804 0.0278904 0.0058912653 0.076869756 0.0001791367 0.0163638 0.00049247517 0.0091809975 0.00052392425 0.0033063807 5.6277735e-05 2.283936e-05 0.020784564 2.3867222e-05 2.2797907e-05 0.0033779738 1.3991973e-05 1.14126215e-05 6.709931e-07 9.921932e-05 1.6777394e-06 5.4181623e-05 2.01322e-08 1.8375917e-07 3.037685e-07 4.141628e-08 0.0062190467 0.14127469 0.0009575745 4.8802747e-07 6.3413005e-08 0.0020921605 0.004999873 0.00035650586 8.021263e-08 9.1965454e-08 0.0016319226 7.17821e-08 3.34893e-06 0.00013659972 3.4643148e-05 0.00025365094 0.00048769303
0.97039855 0.20047942 0.032854844 0.07241367 0.015247 0.6556525 0.73841494 0.008431721 0.9455338 0.96357846 1.2265668e-09 0.9831848 0.8637085 0.012803594 0.0072661857 0.033176217 0.0006210088 0.52016044 0.113795705 0.9084871 0.013486848 0.54488474 0.00015847296 0.001058622 0.004431339 0.07042676 0.00024120128 9.442263e-05 0.07306527 0.368709 3.7113668e-06 0.00014757237 5.8197507e-05 6.9145826e-06 9.5116553e-07 5.160812e-08 6.488492e-06 6.9339376e-06 0.46279654 0.19328944 9.087098e-08 2.847398e-06 1.9669853e-06 4.0803215e-07 0.0003676374 0.2590815 1.7963608e-06 1.432428e-06 8.036469e-08 1.7406151e-07 0.006081666 7.836942e-09 7.0449306e-12 0.00012277965 0.1676667 0.0021823882 0.003165546 0.0009950228 0.00058892625 0.00056292524 0.00020059335 0.0003532026 8.9001645e-05 9.893906e-05 0.00022264155 0.00013284523 0.00014383391 4.7807727e-05 3.0728184e-05 1.8486833e-05 8.958967e-05 8.366478e-06 0.00034387538 2.0769532e-05 0.0002952992 4.1031885e-07 2.2165304e-06 6.8276773e-07 1.5401815e-07 1.475709e-05 9.758836e-08 4.2706525e-08 1.2829854e-07 9.4161135e-07 2.368666e-05 0.00015827917 4.767094e-06 2.1988858e-07 5.4474636e-08 1.6813234e-05 3.7875983e-05 5.4664692e-06 2.1780112e-07 7.016074e-08 1.7534207e-05 2.3270902e-06 3.068531e-07 0.00073544134 6.7491596e-06 2.3975642e-06 2.0013897e-06
0.9938533 0.17528877 0.051768523 0.2174417 0.013050097 0.4366146 0.71192765 0.012451469 0.8033528 0.6356774 0.9831848 9.958827e-09 0.9425098 0.016173549 0.014577414 0.020085515 0.0004373572 0.7198314 0.13733089 0.9095439 0.008844516 0.300968 0.0003541906 0.0026320233 0.008952571 0.06669935 0.0006492349 6.503643e-05 0.119395874 0.5616008 1.6146152e-05 0.00036668006 0.00010999633 7.242155e-05 6.5703193e-06 1.3278747e-06 9.019301e-05 2.6911654e-05 0.24761887 0.2446609 3.9913851e-07 1.2097143e-05 1.4796442e-06 1.279395e-06 0.00027615146 0.19771215 1.891515e-05 5.6470394e-06 1.3046848e-06 1.0439699e-06 0.006076709 3.3649095e-09 2.013574e-11 0.00036391956 0.1846835 0.0021017576 0.0021849298 0.0021204862 0.0014196296 0.00084520044 0.00033472155 0.0007921522 0.00014953066 0.00092550955 0.00063520414 0.00063689623 0.00022622272 9.991867e-05 4.7442332e-05 5.7635076e-05 0.00035077427 2.1874866e-05 0.0014268968 0.00013114148 0.0009575508 1.8886254e-05 4.2001348e-06 7.952225e-06 9.540099e-07 0.00040736134 3.0455878e-06 3.4603656e-07 2.8219056e-06 1.8614795e-05 0.00017518237 0.0005214884 2.2140532e-05 1.6045295e-06 2.0052613e-07 0.00013163517 0.00016997111 8.183623e-05 1.6419926e-06 9.3503374e-08 0.00029213203 4.591619e-06 2.039986e-06 0.0015617089 6.39488e-05 1.9657975e-05 2.543751e-05
0.9994559 0.25259182 0.09744606 0.5317611 0.016431762 0.27882284 0.7786355 0.01552936 0.63354266 0.26145673 0.8637085 0.9425098 3.3383433e-08 0.0105243735 0.054784685 0.01312066 0.0011329901 0.9511492 0.4202538 0.89751977 0.0052853143 0.122469164 0.002168271 0.014237162 0.03708022 0.28956842 0.003057192 0.001286427 0.26051933 0.6446394 0.00014087351 0.001334648 0.0013981676 0.00034125076 1.2954091e-05 4.2164693e-06 0.00021312485 8.899333e-05 0.23222978 0.19375952 1.582532e-06 5.5669785e-05 3.9004718e-07 2.8553668e-05 0.00053475547 0.26636216 5.3059753e-06 7.163948e-05 4.8284073e-05 9.104364e-07 0.002982028 1.292625e-07 9.1678143e-10 0.000109862754 0.29251066 0.0023500181 0.0011623506 0.001159883 0.00085081015 0.0007858343 0.0002572768 0.0002915676 0.00024738954 0.00027398104 0.00087434327 0.00023220225 4.5247863e-05 7.357767e-05 6.6505105e-05 0.0001782849 5.6161763e-05 4.6115576e-05 0.0010790147 4.508423e-05 0.0021458808 4.5072775e-06 7.6621e-06 1.772647e-05 4.0563386e-06 0.0004431719 5.299666e-07 4.3025494e-07 6.9386874e-06 2.0628786e-05 6.242092e-05 0.00015167582 2.8535947e-05 3.1623865e-06 2.4730355e-07 6.362457e-05 3.8817256e-05 4.956476e-05 1.467629e-05 7.2279576e-08 8.099961e-05 5.8649148e-05 2.6928944e-06 0.0019108288 1.1458414e-05 8.02753e-06 1.4643994e-05
0.86466295 0.6865403 0.7363397 0.4995286 0.97473407 0.72970927 0.040202804 0.638204 0.017307714 0.43989393 0.012803594 0.016173549 0.0105243735 1.1047438e-05 0.072651654 0.99564964 0.9771017 0.003566152 0.020378364 0.01737201 0.7792441 0.25874913 0.032730218 0.36287373 0.08099427 0.0068542045 0.036773343 0.0059393314 0.024497809 0.006984517 0.015203528 0.069832556 0.0033664424 0.0062626633 0.024096655 0.0009954945 0.006443598 0.0111765005 0.06939974 0.0023547786 0.00043333147 0.00026197912 0.0010851873 0.09808407 0.10532361 0.0013484005 0.0046675373 6.344836e-05 4.2713767e-05 2.2285919e-07 0.0004012738 5.3039306e-10 2.6962281e-11 9.177376e-08 0.00044755868 0.0017554914 0.030397415 0.0084879175 0.0022736355 0.00028161312 8.846181e-06 0.0025011075 2.4151358e-08 0.0005519131 2.0164885e-06 0.00017267774 1.8689476e-06 4.826832e-05 7.44546e-08 1.5092715e-07 0.0006432034 1.06769946e-07 9.6229265e-08 5.7243196e-05 2.7954883e-07 4.7064646e-07 1.3419822e-07 4.3019426e-07 7.298263e-08 3.7306265e-07 7.3594675e-10 2.715357e-09 6.3112036e-09 4.258531e-09 0.00015014854 0.006479005 3.0838607e-06 5.3723737e-09 9.107186e-09 2.837662e-05 0.00018928367 8.7201323e-07 2.1638259e-10 3.424135e-10 8.110105e-06 8.367586e-10 1.9517177e-09 2.2967413e-06 2.1730752e-07 1.7431917e-07 7.794965e-08
0.9975248 0.08641192 0.15903816 0.538589 0.13414098 0.030256046 0.08165191 0.8187795 0.013823393 0.009727094 0.0072661857 0.014577414 0.054784685 0.072651654 4.559257e-09 0.015291815 0.0790029 0.018832816 0.7799536 0.0051315282 0.024995172 0.03353982 0.8984145 0.6521053 0.8225541 0.17990309 0.76886004 0.97857845 0.7786048 0.017870663 0.55857086 0.07390871 0.2869617 0.11176678 0.078821704 0.302609 0.032996196 0.0043365685 0.013679409 0.0016145947 0.24514878 0.025156496 0.020280927 0.01080309 0.0039542355 0.0028448887 0.0008365992 0.005246015 0.68867326 8.460108e-05 0.0035108724 3.328722e-05 3.3523428e-08 0.00019062293 0.0029666126 0.008646894 0.046978645 0.021185622 0.006451613 0.002535161 0.0004581812 0.009493201 0.00021303789 0.0014669966 0.00015973965 0.0024524254 1.9104253e-05 0.00096191117 2.6959087e-06 4.4554586e-06 0.001136544 1.6960208e-06 4.6389454e-05 0.0011706736 2.9518162e-05 4.318119e-06 1.0098542e-07 7.230389e-05 2.2418959e-07 1.4028529e-05 6.68365e-07 8.83214e-09 2.7089545e-08 6.222988e-09 0.0022179876 0.01987914 0.00012107099 6.4174934e-08 2.0864206e-09 0.00020134333 0.0015060114 6.0462826e-05 1.4017148e-07 8.887394e-10 0.00015624597 1.013418e-07 1.5389071e-07 1.2746776e-05 2.0114026e-06 4.556417e-06 5.3593405e-05
0.6310562 0.36843252 0.25962785 0.18218195 0.62813324 0.5479842 0.048860732 0.15545592 0.028352017 0.34125215 0.033176217 0.020085515 0.01312066 0.99564964 0.015291815 6.1771874e-07 0.9757946 0.0024672935 0.0061652414 0.019105306 0.98474777 0.6189697 0.007128173 0.09294271 0.0065965517 0.0016032846 0.0046443953 0.0003933832 0.005888246 0.007390045 0.005059189 0.08020174 0.0020091415 0.004855661 0.024963422 0.000102717706 0.0043027126 0.028107619 0.3206901 0.0035095634 1.7928958e-05 7.6251135e-06 0.0002178837 0.33269578 0.570334 0.004383393 0.017146122 3.421312e-06 1.6339618e-06 7.769968e-08 0.002856534 7.89044e-13 1.9745845e-13 2.1840588e-06 0.000560836 0.0059752455 0.16959968 0.029942626 0.002362911 0.0026941714 0.00016193502 0.0033330533 1.1987735e-06 0.0014947669 2.3194472e-05 0.00055122346 3.3137574e-06 0.00021854465 4.056855e-07 8.419726e-07 0.003255525 3.06212e-07 3.1961488e-07 0.00046542916 3.2759164e-08 8.568134e-08 2.8343283e-08 3.084255e-06 1.7144465e-07 1.6328481e-06 3.379313e-11 2.2803275e-09 9.302196e-09 1.4250613e-09 0.00025425013 0.037815135 2.1624523e-06 2.1557621e-08 5.5488134e-09 5.9079888e-05 0.00036582834 9.268906e-06 1.3140374e-10 6.844725e-09 0.0002860839 2.8973587e-10 4.453833e-07 1.718023e-05 2.828782e-06 2.0427506e-06 1.3208908e-05
0.87771624 0.37350014 0.5634187 0.22172637 0.9205291 0.27628842 0.0021640894 0.67751724 0.0011747854 0.079269156 0.0006210088 0.0004373572 0.0011329901 0.9771017 0.0790029 0.9757946 2.9961434e-08 0.00021813277 0.0033895907 0.0012825102 0.4204529 0.06565107 0.113212034 0.79827327 0.022849431 0.00070377527 0.1540091 0.007306736 0.0091281645 0.0012545106 0.4840184 0.9184544 0.05846392 0.31452325 0.7875752 0.021187702 0.29589385 0.60922647 0.022899646 0.00027241983 0.0031865893 0.0048936396 0.06543193 0.88532937 0.83954877 0.00012339756 0.072341256 0.0025033685 0.00019947338 8.12655e-06 5.677622e-05 2.0087522e-11 8.4773494e-11 1.6917004e-07 7.62298e-05 0.002244537 0.050559837 0.013811414 0.0013226008 0.0002207508 2.1448855e-06 0.0016632066 1.7280449e-07 8.906813e-05 1.1658539e-06 7.22236e-05 8.4517853e-07 3.0260382e-05 1.0238161e-07 1.6314013e-07 0.00024189742 1.6600531e-07 4.6154756e-08 8.316882e-05 3.0798328e-09 1.9478168e-07 3.6265583e-08 1.3399922e-07 5.487621e-09 5.8371455e-08 1.023736e-11 2.4077114e-09 5.4382915e-10 1.7946652e-10 7.680189e-05 0.006361854 9.293037e-07 2.7100122e-09 5.1622076e-09 6.9695725e-06 4.391437e-05 7.565117e-08 4.6720745e-11 1.2170356e-09 6.802272e-07 8.172266e-11 1.6209654e-09 1.2385328e-07 9.446257e-08 4.084657e-08 4.801626e-07
0.9847893 0.04802059 0.028940719 0.1503461 0.010770629 0.099017635 0.28020546 0.013734712 0.20571205 0.13180734 0.52016044 0.7198314 0.9511492 0.003566152 0.018832816 0.0024672935 0.00021813277 3.373879e-10 0.32297102 0.9679958 0.0028586162 0.072998956 0.00082816335 0.0026041355 0.026156351 0.2747105 0.0011679827 0.00049244583 0.20233004 0.9883758 9.867664e-05 0.0002592922 0.00019656427 4.7886664e-05 8.658881e-06 3.1057189e-06 3.323025e-05 2.620252e-05 0.20537603 0.4573718 1.8025129e-06 1.3971625e-05 6.078401e-06 2.474045e-07 0.00020921664 0.4684178 3.3027703e-05 4.0511523e-07 1.0925626e-05 3.1024445e-08 0.0081397835 2.0227462e-08 8.826426e-10 0.00084650924 0.46916872 0.0025447633 0.0010301068 0.0006740617 0.0005428473 0.0009109141 0.0004968222 0.00041276385 0.0005306628 0.00015057602 0.001496425 0.00027390447 0.00028793226 5.0862916e-05 0.00026775553 0.00014933727 0.00010589486 0.00012997174 0.0069950563 3.7492704e-05 0.004913526 5.0800532e-05 1.2258046e-05 6.329359e-05 4.5314346e-06 0.0007623191 2.8839268e-05 2.2385864e-05 2.379199e-06 3.3135807e-06 7.4995165e-05 0.00028887016 1.7687256e-05 1.0765287e-06 1.0697312e-06 5.8326754e-05 8.017069e-05 4.6480724e-05 9.030227e-06 0.00025085942 7.2936746e-05 0.000110457266 2.2145102e-06 0.018779097 1.0938482e-05 6.681435e-06 1.149747e-05
0.9766045 0.22012785 0.15252754 0.6685434 0.061618544 0.1570932 0.31187463 0.3287847 0.1728372 0.036753662 0.113795705 0.13733089 0.4202538 0.020378364 0.7799536 0.0061652414 0.0033895907 0.32297102 1.5518106e-08 0.074581936 0.0025484874 0.018332424 0.0543553 0.048628546 0.60915536 0.99578416 0.045124628 0.07745589 0.98492885 0.34701797 0.002780424 0.0018870549 0.002586407 0.0006127647 0.00014622652 8.059999e-05 6.7607325e-05 4.86382e-06 0.021469817 0.028968778 0.00019095007 1.9397421e-05 1.1006771e-05 8.351519e-07 0.00019159801 0.1727436 6.7379947e-06 0.000109974506 0.003235868 1.6770827e-07 0.0018428008 1.3196044e-08 1.12499846e-13 0.00028511998 0.25100222 0.0024208724 0.0047432273 0.0010549204 0.0003056243 0.0009822049 0.0011362259 0.0008761483 0.0010429702 0.0002352894 0.0018680007 0.0004409819 0.0005870326 6.349049e-05 0.00013243803 0.0001820549 0.00015456075 0.00022877175 0.0013973084 0.00011292173 0.00042024447 8.4801695e-06 5.6134127e-07 2.4499297e-05 1.6644711e-07 0.00023184424 7.735425e-08 3.176546e-07 1.7906974e-08 3.0876805e-08 0.00013008706 0.002137033 5.5102184e-05 8.280649e-09 6.6739825e-10 6.884017e-05 0.0002693796 1.9274665e-05 7.828799e-07 1.33596965e-08 4.937769e-05 2.1608732e-06 2.427476e-08 0.0022536656 1.9993101e-06 1.356186e-05 8.637963e-06
0.9931174 0.033825442 0.018165229 0.053313065 0.0041889143 0.13871518 0.27661604 0.0020059175 0.38597953 0.33969793 0.9084871 0.9095439 0.89751977 0.01737201 0.0051315282 0.019105306 0.0012825102 0.9679958 0.074581936 1.5850377e-10 0.013917653 0.61628205 0.000103277984 0.0009982929 0.002151787 0.07576373 0.0006073352 2.855277e-05 0.050530303 0.82634264 5.8440082e-06 0.000199407 9.92817e-05 2.4826912e-05 7.2021417e-06 5.6693732e-08 3.75832e-05 4.6246027e-05 0.7766549 0.8572898 5.2567213e-08 1.10156876e-07 4.1577763e-07 8.168243e-06 0.0024486464 0.84553945 1.8195848e-05 2.3636949e-07 2.0910669e-08 2.7160166e-08 0.12833329 3.6725224e-11 3.2030444e-13 0.0035799867 0.5373923 0.023318846 0.015079653 0.019148052 0.00411409 0.012193156 0.011419045 0.0040842174 0.0045608864 0.0032242057 0.015697138 0.004212643 0.0015108434 0.00052208896 0.0004415982 0.0008243264 0.0011330479 0.001300715 0.006047179 0.00035415732 0.013495944 0.000163777 4.961749e-05 0.0004351096 1.5563393e-05 0.005478398 3.590156e-05 5.9409966e-05 1.8401488e-05 8.5661704e-05 0.00044464195 0.0018084163 0.0001307607 2.7467481e-06 1.5312571e-06 0.00020505734 0.00027096056 0.00014282296 0.00011735911 1.5634143e-05 0.00022766023 0.00016171079 1.7590919e-05 0.017883211 2.4990772e-05 0.00019349837 8.875279e-05
0.8723162 0.6405696 0.37081516 0.15448126 0.5220865 0.6758828 0.015824432 0.09470767 0.014449116 0.7043546 0.013486848 0.008844516 0.0052853143 0.7792441 0.024995172 0.98474777 0.4204529 0.0028586162 0.0025484874 0.013917653 1.2954443e-06 0.9451537 0.0017744856 0.0062297937 0.005490365 0.00045677114 0.00043035572 0.00035098358 0.004789371 0.002227875 0.0010024189 0.002757937 0.0001797826 0.00017493227 0.0042591207 0.000120106 0.00023729766 0.003704196 0.63131726 0.0060722944 5.3060437e-05 5.896818e-06 0.00030063652 0.40506652 0.9918943 0.0024487993 0.07943226 4.767494e-06 3.2374235e-06 1.5730353e-07 0.003494216 5.790665e-10 3.6937395e-10 1.7544746e-05 0.00012933236 0.032437734 0.5989345 0.1146255 0.025123775 0.009141319 0.00015105611 0.035820946 1.7353046e-05 0.006346098 7.227234e-06 0.008352934 0.00011128241 0.001393713 2.0997712e-05 3.0958202e-07 0.012310077 2.530527e-06 1.6408936e-06 0.0049734274 2.3330965e-06 3.4690325e-07 2.631594e-07 7.195297e-06 1.510193e-07 5.3794365e-06 3.4612038e-09 1.3685795e-07 4.689533e-09 1.161828e-06 0.0022661055 0.31581342 0.00022994043 1.8083082e-08 2.9035536e-07 0.0006035688 0.0006629677 7.120274e-05 3.383483e-09 1.1305711e-07 0.00034801167 5.168328e-08 1.2893967e-07 2.2355962e-06 2.0091817e-05 8.008323e-06 2.3767148e-05
0.9785921 0.38122806 0.14524221 0.20033103 0.13701859 0.6975223 0.12560004 0.046088837 0.17143819 0.958609 0.54488474 0.300968 0.122469164 0.25874913 0.03353982 0.6189697 0.06565107 0.072998956 0.018332424 0.61628205 0.9451537 1.1824031e-08 0.00081998884 0.008973401 0.009721497 0.005811019 0.0010586069 0.00050222094 0.014282562 0.072192825 4.727581e-05 0.00081802724 0.00013441527 6.454194e-05 0.00015550967 3.7306907e-07 2.7638556e-05 0.00038797915 0.9795217 0.46909773 6.402862e-07 7.948969e-07 2.8544398e-06 0.010763077 0.35024318 0.13939041 0.0033436457 9.545241e-07 1.1253309e-06 1.807497e-07 0.202632 7.380838e-09 2.1491737e-11 0.0001326947 0.01179208 0.2587622 0.7989492 0.42132106 0.104165174 0.122705296 0.0125972275 0.19869772 9.2196286e-05 0.06916887 0.0017279043 0.0532969 0.00013466984 0.010924378 6.533367e-06 8.008701e-05 0.091716185 1.9113966e-05 7.237453e-05 0.024916306 9.6046504e-05 1.3986802e-06 1.22331585e-05 0.0005319191 7.4906275e-06 9.298029e-05 7.6224886e-08 2.7555743e-08 3.150026e-07 9.658891e-07 0.014737683 0.2654031 0.00084514724 1.2374903e-07 1.8762947e-08 0.003385394 0.009785585 0.000827639 2.7197348e-07 8.177295e-09 0.0049657593 1.5582563e-07 1.1578284e-06 3.0428082e-05 6.0127757e-05 0.00017634768 0.00024954346
0.9344005 0.021807346 0.14754556 0.16265985 0.5091016 0.009458771 0.0007258753 0.926073 0.00031793694 0.0017736539 0.00015847296 0.0003541906 0.002168271 0.032730218 0.8984145 0.007128173 0.113212034 0.00082816335 0.0543553 0.000103277984 0.0017744856 0.00081998884 4.3672177e-09 0.98125196 0.4283101 0.015056547 0.9855658 0.29777795 0.069292516 0.0012847903 0.9361398 0.51042145 0.7693837 0.458937 0.23150136 0.511693 0.16003075 0.009893907 0.00095281034 1.8737726e-05 0.24073127 0.055768978 0.03053373 0.020763395 0.00034188287 0.00032339955 0.00060314557 0.0058697164 0.057237342 0.00020844728 2.3140751e-06 1.0062257e-06 7.172827e-09 1.1668609e-07 0.0005730325 2.5048132e-05 0.0046439413 0.00069958135 0.0002665812 2.5729692e-06 4.7664005e-07 0.00022372323 1.394032e-07 2.3849009e-06 6.209922e-07 6.3418324e-06 1.3006826e-07 2.6816874e-06 1.5860986e-07 8.968305e-08 1.501963e-05 2.9247907e-08 1.8540692e-06 4.6096998e-06 7.603123e-07 1.5165274e-07 3.8984844e-08 8.487232e-08 8.963615e-09 1.9174232e-07 1.9728992e-08 7.97459e-10 6.9372543e-09 5.433802e-10 3.206676e-05 0.00016779298 4.7992046e-07 1.5854232e-08 1.9256648e-08 2.2238437e-06 3.661692e-05 9.626855e-08 4.9383337e-09 1.1427758e-09 2.6030588e-07 8.068627e-09 7.17239e-09 1.3957873e-06 8.1787654e-08 4.850928e-08 3.1391412e-08
0.919123 0.10904615 0.32973635 0.47209474 0.9009203 0.07184902 0.011102186 0.95846087 0.001618073 0.006358548 0.001058622 0.0026320233 0.014237162 0.36287373 0.6521053 0.09294271 0.79827327 0.0026041355 0.048628546 0.0009982929 0.0062297937 0.008973401 0.98125196 5.9774075e-11 0.17319024 0.010204757 0.6863116 0.044491377 0.054015387 0.014939753 0.940071 0.95210046 0.61491305 0.34748623 0.23203473 0.07334386 0.11359226 0.009960462 0.0046968926 8.8521854e-05 0.02565555 0.009037672 0.006111006 0.02710968 0.00046321022 0.0009748462 0.00018202781 0.0011552525 0.00037775 8.993057e-06 1.5219142e-05 1.619062e-09 5.282537e-10 8.891506e-08 0.0022297592 7.4746116e-05 0.0053004096 0.0009726898 9.8326615e-05 6.8151185e-06 1.145666e-06 9.732734e-05 1.2805309e-07 1.0899059e-05 1.1709125e-06 6.076256e-06 8.095164e-07 6.6580656e-06 4.623458e-08 7.3999314e-07 1.5746697e-05 9.595307e-08 8.45722e-07 3.697737e-06 1.664779e-07 3.0685544e-07 5.7769697e-08 2.3175986e-07 5.7180575e-08 5.603769e-07 4.1890175e-08 5.6359234e-10 3.8978873e-09 1.4686915e-09 6.0507868e-05 0.00027441772 1.3907343e-06 1.8063424e-09 1.6727308e-08 4.609916e-06 2.5519346e-05 1.2898542e-07 6.757515e-09 1.6380189e-09 1.4040675e-06 5.4035663e-08 6.803244e-09 2.197675e-06 1.759324e-08 9.340729e-08 2.5705225e-07
0.99613017 0.034186244 0.04949725 0.37661585 0.08526676 0.0138063375 0.059325863 0.4829786 0.0098819835 0.002652464 0.004431339 0.008952571 0.03708022 0.08099427 0.8225541 0.0065965517 0.022849431 0.026156351 0.60915536 0.002151787 0.005490365 0.009721497 0.4283101 0.17319024 1.6907488e-07 0.117113374 0.7881538 0.97839564 0.904248 0.010763728 0.09272754 0.0071623195 0.09201747 0.024973392 0.018704744 0.06766385 0.0068401555 0.0002584338 0.006113507 0.0004527478 0.17620705 0.0067696073 0.004859613 0.0016077646 0.00049354247 0.0010860224 0.00015400178 0.008418275 0.97083795 7.194113e-05 0.0019180488 0.00033310702 4.0253127e-08 3.632507e-05 0.0017620195 0.004642132 0.032744493 0.01716641 0.0028376821 0.0020867274 0.00045539538 0.012027335 6.063016e-05 0.0035308877 0.00017395656 0.0031375599 5.3266634e-05 0.0005906863 8.315374e-07 3.98069e-06 0.0010353143 1.7172309e-06 3.6044773e-06 0.0018741195 1.9498e-07 3.693949e-07 1.0180807e-08 4.4201743e-06 1.2882978e-09 8.20979e-06 6.0774874e-09 2.3377513e-08 8.310787e-10 1.5514702e-08 0.0026254712 0.023639362 0.00010486947 3.924385e-09 5.268902e-10 0.00036692142 0.0015302749 3.0386847e-05 2.4297922e-08 1.907857e-08 0.0005403397 1.7338455e-09 2.270545e-09 1.6326082e-06 8.623917e-07 2.6807606e-05 3.801708e-05
0.9977661 0.079086974 0.034571897 0.2028994 0.010266919 0.041801233 0.1999801 0.07894122 0.11146123 0.016115727 0.07042676 0.06669935 0.28956842 0.0068542045 0.17990309 0.0016032846 0.00070377527 0.2747105 0.99578416 0.07576373 0.00045677114 0.005811019 0.015056547 0.010204757 0.117113374 3.7620134e-09 0.018591667 0.057991363 0.9614444 0.17518926 0.0008294221 0.00034726557 0.002381301 0.00020048206 4.0463532e-05 4.2612046e-05 2.846232e-05 8.813789e-07 0.013540627 0.030128835 9.757372e-05 1.7804048e-05 1.3534668e-06 2.549485e-07 5.528502e-06 0.13195972 9.446455e-08 6.383571e-05 0.005612873 1.1151262e-06 0.0038567516 3.2478945e-06 6.917178e-11 0.0001612957 0.604727 0.0035780189 0.002769752 0.0006712882 0.0003341669 0.0010575202 0.0016695108 0.0010387818 0.0006330521 0.0002276876 0.0024567605 0.0009416653 0.00021243715 4.50706e-05 0.00020258604 0.00011853749 3.172734e-05 0.00010681573 0.00044856372 5.3972293e-05 0.00025543393 6.072045e-06 9.98777e-07 5.713049e-06 2.1331975e-07 1.175664e-05 2.3451314e-06 3.2491198e-07 4.3376573e-08 1.0466655e-06 0.00011841817 0.00036306455 1.0306718e-05 4.356003e-09 3.4723435e-10 5.2934836e-05 2.1147387e-05 7.2687635e-06 7.8682893e-07 1.15159054e-07 1.8473176e-05 1.2476381e-06 9.30532e-09 0.0017400071 3.459811e-07 2.7133706e-06 9.3450643e-07
0.8022895 0.004712066 0.02074239 0.048635487 0.053559165 0.0042590066 0.0016319002 0.47835496 0.00067103276 0.0002924766 0.00024120128 0.0006492349 0.003057192 0.036773343 0.76886004 0.0046443953 0.1540091 0.0011679827 0.045124628 0.0006073352 0.00043035572 0.0010586069 0.9855658 0.6863116 0.7881538 0.018591667 1.4646179e-10 0.9687096 0.173907 0.0014009891 0.62821853 0.14283167 0.98988366 0.4037186 0.041305568 0.21832667 0.046021763 0.0012087964 0.0011545839 2.4249506e-05 0.19337434 0.017988937 0.002179604 0.003828642 4.9612565e-05 0.00036569338 2.3811319e-05 0.014689448 0.08396751 1.6901218e-05 4.5845263e-06 3.9213026e-07 1.1273674e-10 2.1531608e-08 0.0008044633 2.4362716e-05 0.00012191947 0.00013884669 6.385973e-06 1.8628867e-06 4.4257865e-07 1.1741771e-05 7.51292e-08 1.1832108e-06 1.1823016e-06 1.0146922e-06 6.210979e-08 6.862023e-08 1.5535134e-08 9.05711e-08 4.98362e-07 3.2507142e-08 6.806493e-08 4.163613e-07 2.872092e-07 9.42908e-09 5.181937e-09 3.4459477e-09 1.0333812e-09 4.777935e-08 1.5433971e-09 1.5721659e-10 1.3128155e-09 1.9647858e-10 3.521611e-06 2.1411995e-05 2.4806567e-08 2.2495038e-10 6.934803e-10 2.00429e-07 4.7208138e-07 3.852843e-09 1.8169809e-10 1.3031284e-09 3.9517353e-08 3.3286516e-09 5.610236e-10 1.5132579e-07 3.8897774e-09 8.9650976e-10 1.779902e-09
0.95804626 0.0027512682 0.016577309 0.059613973 0.033769235 0.0012130451 0.0004226423 0.5020871 0.00034513738 0.00070301496 9.442263e-05 6.503643e-05 0.001286427 0.0059393314 0.97857845 0.0003933832 0.007306736 0.00049244583 0.07745589 2.855277e-05 0.00035098358 0.00050222094 0.29777795 0.044491377 0.97839564 0.057991363 0.9687096 1.9845801e-08 0.4327475 0.0009139418 0.11403453 0.004248249 0.33657596 0.16899295 0.030686142 0.48744985 0.04545968 0.001244764 0.00063644355 4.1367042e-05 0.58643043 0.09063157 0.018771654 0.0036214544 9.452615e-05 0.00018850976 5.8165773e-05 0.114429414 0.9545415 0.00082416757 1.36792605e-05 0.00053124386 1.0009716e-07 4.0234073e-07 0.00036210255 0.00010627325 0.0023937847 0.0012188466 0.0002633222 2.333249e-05 5.9176846e-06 0.00052862446 1.3693949e-06 2.7842367e-05 1.2025729e-06 6.281924e-05 3.593252e-07 8.387785e-06 1.6483759e-07 1.09426445e-07 4.6840094e-05 6.820632e-08 6.953058e-07 2.5565849e-05 4.577426e-08 1.3348495e-07 1.5312615e-08 1.5355954e-07 5.0412496e-09 2.9287833e-07 1.6885429e-09 1.0427086e-09 1.644179e-09 3.9591624e-10 4.94472e-05 0.0005022284 2.4298085e-06 1.1991737e-08 5.671774e-08 1.3777734e-06 9.885682e-05 1.6554209e-07 2.1924929e-09 5.063957e-08 4.533399e-07 1.4992051e-09 1.5416708e-08 1.0552086e-06 2.371706e-07 3.5348629e-07 1.5158146e-07
0.99781245 0.08832675 0.06192527 0.6010359 0.029944811 0.07604985 0.28799784 0.22643341 0.08557469 0.009898928 0.07306527 0.119395874 0.26051933 0.024497809 0.7786048 0.005888246 0.0091281645 0.20233004 0.98492885 0.050530303 0.004789371 0.014282562 0.069292516 0.054015387 0.904248 0.9614444 0.173907 0.4327475 4.742641e-09 0.089668185 0.009758219 0.003968069 0.009703504 0.0030528496 0.0010306075 0.0026489187 0.00044312055 5.6849258e-05 0.029943347 0.013194355 0.014374342 0.00057906774 0.00023871311 3.700995e-05 0.0012812956 0.023097824 2.4225052e-05 0.00037063903 0.36964893 6.9452744e-06 0.0055710683 0.00048475666 1.2892791e-12 8.9538415e-05 0.018850476 0.010242191 0.02173028 0.005742478 0.00087530236 0.0049332604 0.0027581 0.008831245 0.00031073607 0.0022015963 0.0028138119 0.002316218 0.00013993582 0.00062773254 2.0238625e-05 7.220287e-05 0.0005591583 2.9131812e-05 1.462765e-05 0.0013920275 6.2575947e-07 2.6323455e-06 1.3493914e-08 1.3356966e-05 1.6572199e-09 2.7761316e-05 2.6990106e-08 7.318378e-08 5.033218e-09 3.6128727e-09 0.00052479864 0.002342847 5.6713663e-05 1.699317e-10 3.1167933e-11 0.00021392718 6.2719155e-05 1.4565121e-05 1.0366034e-08 5.31781e-09 9.235768e-05 5.8677623e-09 1.2072237e-09 2.8614825e-06 1.13021315e-07 1.5867105e-06 1.1278137e-06
0.99972737 0.030516401 0.013525334 0.101346895 0.005154957 0.050551146 0.12018972 0.0052518914 0.19823222 0.06452261 0.368709 0.5616008 0.6446394 0.006984517 0.017870663 0.007390045 0.0012545106 0.9883758 0.34701797 0.82634264 0.002227875 0.072192825 0.0012847903 0.014939753 0.010763728 0.17518926 0.0014009891 0.0009139418 0.089668185 1.2769247e-07 8.441346e-05 0.0018870267 0.0003604825 0.0002557174 9.421364e-06 8.4202645e-07 0.00017390713 6.6603105e-05 0.18250902 0.52351147 1.0122972e-06 2.0069449e-05 4.004797e-08 2.6345067e-05 0.00010473953 0.8173691 3.547658e-06 1.8479659e-05 2.6238304e-05 4.1563095e-07 0.027243435 3.4416817e-07 1.8697488e-09 0.0061176536 0.8774622 0.013093316 0.0041964874 0.0040540514 0.003663596 0.0056593474 0.008354966 0.0022964752 0.012073252 0.0026733542 0.016945176 0.0021747528 0.00048689765 0.0008024332 0.0006285397 0.002037778 0.0018968594 0.0024910124 0.017686618 0.0005105739 0.017362658 0.00044113418 0.0003996663 0.0010194173 0.00015033683 0.006458218 0.00037235822 5.2352363e-05 0.000116491574 0.00046784693 0.000615666 0.004174405 0.00022022406 4.8398822e-05 1.0568275e-05 0.0005938912 0.00060820894 0.00052583945 0.0008812092 0.0003107168 0.0011436733 0.0013233565 2.4774286e-05 0.081164934 0.00011518526 0.00016493879 0.00029330506
0.9401202 0.011744869 0.11636299 0.037141193 0.6898823 0.003613826 2.5750815e-05 0.86900085 2.935898e-05 0.0010862452 3.7113668e-06 1.6146152e-05 0.00014087351 0.015203528 0.55857086 0.005059189 0.4840184 9.867664e-05 0.002780424 5.8440082e-06 0.0010024189 4.727581e-05 0.9361398 0.940071 0.09272754 0.0008294221 0.62821853 0.11403453 0.009758219 8.441346e-05 2.1827706e-09 0.98666656 0.94173443 0.8864152 0.88982457 0.8225882 0.64632004 0.06691162 1.9658011e-05 5.468889e-06 0.2824814 0.21996403 0.088165395 0.024226438 8.434981e-05 1.960669e-05 9.7593074e-05 0.00813543 0.0048995446 5.6836358e-05 1.118229e-07 5.748502e-08 5.9544503e-09 2.613176e-06 3.46265e-05 3.897726e-06 0.0009931428 8.802189e-05 4.2112228e-05 1.4746222e-06 1.3187672e-07 1.986543e-05 4.5911744e-07 3.895556e-06 1.0427633e-07 1.5737023e-06 6.5280824e-07 1.7627538e-06 6.1691395e-07 3.0142566e-08 1.641724e-05 2.0938527e-08 6.2008226e-08 4.271081e-06 3.3277708e-08 3.601151e-08 3.827398e-09 3.262726e-09 2.034896e-09 6.7152173e-09 4.747661e-10 1.679489e-08 4.0050907e-10 8.686156e-10 5.610788e-06 0.00015218525 6.2598025e-07 1.856717e-09 2.3482668e-08 2.2551017e-06 1.5477049e-06 4.932735e-08 1.2656391e-10 3.118753e-09 2.4100754e-07 3.11227e-09 4.96833e-09 2.123151e-07 2.473244e-08 6.77184e-08 3.4464822e-08
