3.8843224e-23 0.066020146 0.08468824 0.00787264 0.0012492664 0.12992856 0.77060086 0.0028573803 0.7484996 0.49018985 0.01328664 0.568031 0.981908 0.094551474 0.0770514 0.68559694 0.0011261234 0.0031468116 0.5826376 0.8764697 0.25309014 0.09289431 0.00075888593 0.80959517 0.76671356 0.9736288 0.96516144 0.7827546 0.16147783 0.03845384 0.9094822 0.9587721 0.9567215 0.769687 0.94057196 0.68557423 0.95873517 0.9864369 0.9468157 0.9460468 0.94298065 0.93823826 0.0013103348 0.48625636 9.217562e-05 0.862903 0.2814156 0.9849356 0.069326505 0.9179669 0.7517617 0.8791769 0.9852975 0.07843076 0.93029195 0.001189053 0.021671046 0.77092457 0.98877454 0.93980384 0.68752 0.9892856 0.9891139 0.9293705 0.93306464 0.9477009 0.97944045 0.98164034 0.88368267 0.99860346 0.96597934 0.9409286 0.9675703 0.8592993 0.51926786 0.99952763 0.9902917 0.912736 0.8102493 0.79646564 0.12858808 0.8870029 0.8311714 0.5883546 0.80256027 0.9848764 0.13449997 0.9659067 0.67738533 0.06700564 1.4119294e-06 0.0026118956 0.00016473772 0.9796926 0.03509579 0.9502223 0.99155027 0.03956613 0.9992635 0.089835905 0.5197337
0.066020146 2.2406262e-22 0.72808665 0.5100617 0.5835336 0.76647943 0.95823145 0.62173456 0.13319919 0.02682029 0.1031741 0.97004974 0.06459386 2.3772168e-06 2.395133e-06 0.03872285 1.7738257e-05 1.3671427e-08 6.992491e-07 0.0022521329 1.7586884e-06 1.2381679e-07 2.921505e-09 1.03662565e-07 0.0041991575 3.8743114e-08 3.9890983e-05 0.0030738912 2.6806182e-08 5.643254e-08 1.156347e-05 3.895543e-07 8.096342e-06 2.4448323e-07 2.9057726e-05 1.1520952e-08 4.547676e-05 1.5919466e-05 5.5794733e-09 6.8862137e-06 0.001710803 0.00012400038 1.3734827e-09 5.6902923e-08 1.7052108e-09 6.398219e-08 9.143532e-08 6.1151854e-07 2.8831568e-07 3.3059845e-07 1.7576236e-08 3.1196902e-07 3.4436845e-05 1.2919804e-07 1.1386664e-08 8.116043e-07 7.559943e-05 1.965844e-07 3.1608362e-08 0.00019536911 5.8724225e-08 5.7030193e-05 4.9486636e-07 3.2037185e-08 3.6307522e-08 1.7682754e-05 0.00024357179 1.4692591e-07 1.5264325e-08 3.6837e-06 0.00047274076 1.8759762e-08 8.7865385e-07 3.2573072e-07 1.4262736e-06 0.00012901146 2.4583109e-05 1.0064487e-07 3.4234336e-08 1.0181254e-08 1.8747967e-07 3.139764e-08 0.00027354894 1.7343856e-08 2.3518304e-08 1.0503733e-06 3.8778194e-06 2.0608687e-07 9.885662e-09 1.729801e-07 5.020861e-08 2.0888354e-11 4.5177705e-11 2.3489443e-05 1.3565172e-07 9.290636e-05 2.0615272e-07 1.16643264e-07 6.5593724e-07 2.0459808e-08 3.027496e-09
0.08468824 0.72808665 1.019945e-15 0.851943 0.024542931 0.97731185 0.19254328 8.090869e-06 0.49765158 0.6032644 0.66252005 4.6698442e-05 0.12648305 0.0036086137 0.0040336405 0.0028503856 0.018570477 0.0059733596 0.0027291782 0.0049596396 0.021735432 0.00018674959 0.00075240986 0.00086391304 0.00084728416 0.0005038316 0.008835465 0.0024807637 6.4912037e-06 4.3563818e-05 0.00026402704 8.208785e-05 0.00010438921 1.299677e-05 0.00017328662 1.053588e-05 0.00035041085 0.00017088698 3.5688258e-06 4.295961e-05 0.0006302041 0.00028195468 7.749802e-06 3.8051448e-06 1.084129e-06 1.9690902e-05 1.0038333e-06 2.4296496e-05 5.5096693e-06 3.873006e-05 1.6786852e-06 5.8025953e-06 9.739169e-05 4.034233e-06 3.151127e-06 1.7003278e-07 1.7510096e-05 1.7656948e-06 4.1169997e-06 0.0002480529 3.5305575e-07 0.00030646136 4.4241195e-05 2.5487509e-05 6.331351e-07 0.00023336596 0.0003587105 3.1620864e-05 1.1631606e-06 0.00013984789 0.0007940366 3.4681611e-06 0.00052420807 5.2286427e-06 2.6866851e-07 0.00036978023 0.0012422464 0.00027959247 9.955366e-06 8.6772765e-05 4.7212848e-06 5.2024177e-05 0.0002512487 1.0137825e-05 2.7145887e-05 0.00018293031 3.1900556e-05 7.6255026e-05 6.5939814e-05 6.020777e-06 7.1800406e-09 2.2953527e-08 2.9194385e-09 0.0005407784 3.801043e-06 1.2146795e-05 2.017915e-05 8.408409e-06 6.0755006e-05 1.3783016e-06 1.7091509e-07
0.00787264 0.5100617 0.851943 3.2726882e-15 0.28034642 0.2590419 0.037006952 7.478669e-05 0.031025682 0.093517855 0.98579377 1.4582814e-05 0.0032994223 0.00015712714 0.00018852271 1.4251879e-05 0.023253866 0.0015083615 0.00045733454 1.7647006e-05 0.00839043 3.3399567e-05 0.0023692017 0.00011079751 7.4012555e-06 2.2711907e-05 7.593623e-05 0.0001634604 1.4294191e-06 5.5075656e-05 8.865788e-07 4.6775676e-07 2.8627642e-07 1.7036236e-06 2.3506934e-06 1.9428514e-06 3.7293394e-05 9.908126e-07 2.4081842e-07 8.6898435e-06 0.0003011355 3.5653375e-05 1.1116969e-05 1.1052891e-06 3.2028631e-06 9.826025e-07 2.9460566e-07 5.599915e-06 4.744326e-06 1.0822506e-05 2.3278612e-07 1.1545766e-06 1.1593803e-05 3.1156335e-06 2.474844e-06 4.686131e-07 0.00010761736 4.5484676e-06 4.1594044e-06 5.6075172e-05 5.627317e-07 5.5226024e-05 3.3242173e-05 1.8130579e-05 3.0197637e-06 1.924636e-05 4.8634607e-05 2.0316444e-05 3.9763727e-06 2.3874212e-05 0.0003239388 1.0751995e-05 0.00016235875 1.4624805e-05 1.3107858e-06 2.4940844e-05 0.0013601924 0.00074968743 1.0355725e-05 0.00036658355 1.7140355e-06 8.8031964e-05 1.9141346e-05 1.2451997e-05 3.797921e-05 0.00013453222 9.557534e-06 2.1592406e-05 0.00022219995 1.804706e-06 1.6524523e-07 2.6715774e-09 3.5264887e-09 0.00015620663 2.9840048e-06 7.424057e-07 1.008254e-05 5.016755e-06 1.0576553e-05 9.275683e-07 1.641328e-07
0.0012492664 0.5835336 0.024542931 0.28034642 8.354084e-20 0.005096129 0.0008800541 0.98729247 0.00017825463 9.559582e-05 0.009460223 3.3229368e-05 3.6787977e-05 3.5525397e-06 2.321296e-06 1.24572225e-05 0.00013154018 1.8054643e-05 1.5937565e-06 2.7001488e-06 5.8413393e-06 1.6466979e-07 3.2196488e-06 9.345179e-07 1.9288014e-05 1.7295478e-06 8.875981e-07 3.8865557e-05 4.6689372e-08 1.309341e-07 2.8204138e-07 5.1269147e-08 9.603582e-08 1.108983e-07 1.2420466e-06 1.0461079e-07 2.4502171e-05 6.461085e-07 1.9262856e-08 4.0118152e-06 1.9601906e-05 1.2024588e-05 6.2664924e-07 3.6997932e-08 1.08345056e-07 2.666573e-07 5.6187663e-08 3.2935384e-07 1.2881155e-06 4.6970484e-07 5.9375893e-08 3.1226296e-08 7.807673e-06 1.310637e-06 1.90391e-07 6.7471255e-08 1.8341709e-05 9.664811e-08 2.809201e-07 3.297299e-06 9.246797e-08 1.3603031e-06 4.9895675e-06 6.5508266e-07 1.8726693e-08 3.697673e-06 0.00018309017 9.646426e-07 1.12929946e-07 2.550109e-06 1.0342145e-05 6.3434385e-07 7.504109e-07 6.197938e-08 5.5116868e-08 9.375562e-06 5.0353694e-05 5.8747587e-06 2.747373e-07 4.747997e-06 3.6866275e-08 9.840795e-07 8.039402e-07 9.790269e-08 1.9911822e-07 5.7828734e-06 8.125263e-08 1.3705642e-06 1.0385866e-06 2.6071145e-08 2.4220847e-07 4.0431862e-09 3.1167832e-10 2.309019e-07 7.532649e-08 1.4452827e-08 3.666867e-07 1.2790028e-07 2.67385e-06 4.1138126e-08 1.5488087e-07
0.12992856 0.76647943 0.97731185 0.2590419 0.005096129 8.24996e-19 0.5001802 4.0260966e-06 0.8268353 0.85449636 0.44423482 8.110117e-05 0.31007496 0.006998089 0.008604765 0.019246288 0.010180825 0.005884003 0.00737494 0.016931243 0.043460146 0.0004971248 0.00070135755 0.0032102698 0.004680029 0.0013094854 0.030341653 0.0038545122 3.6570607e-05 0.00021287358 0.003256509 0.0019133518 0.0017672515 0.00010960218 0.00063136034 8.660064e-05 0.0006904044 0.0009719637 2.7063192e-05 8.881121e-05 0.001079251 0.00026537254 1.9808866e-05 1.9990026e-05 3.8760227e-06 5.669912e-05 5.9236304e-06 0.00031874178 2.4458748e-05 3.7370293e-05 6.558568e-06 1.8650317e-05 0.00017984965 4.24961e-05 5.301433e-06 9.2213605e-07 4.458159e-05 6.152908e-06 2.1836348e-05 0.0010186234 8.754028e-07 0.00043308607 4.11992e-05 1.6142596e-05 4.08328e-07 0.00012042795 0.0007210839 2.7390955e-05 1.8377488e-06 0.00044941943 0.0017571797 3.5532717e-06 0.00090686494 1.0807071e-06 3.3024423e-07 0.00068887003 0.0013083973 0.00023942353 3.064231e-06 4.6013745e-05 1.4263573e-05 1.4782177e-05 0.00012955086 8.0548733e-07 6.1851774e-06 7.420086e-05 3.1669937e-05 4.7210033e-05 7.3693577e-06 1.3358213e-05 1.2128714e-09 1.0088166e-07 4.1779957e-09 0.00023031593 5.750043e-06 1.0277655e-05 8.564933e-06 1.7933147e-05 0.00017871795 1.3373872e-06 1.0980508e-07
0.77060086 0.95823145 0.19254328 0.037006952 0.0008800541 0.5001802 4.3440606e-18 0.02178175 0.6296973 0.2069707 0.008603468 0.89837605 0.83707803 0.00095408875 0.00063707086 0.7168807 9.1326e-05 8.436272e-06 0.00034156448 0.1774917 0.0009488816 1.313988e-05 4.0632617e-06 0.00014637984 0.6859692 0.00010400912 0.0048043597 0.53816986 1.4550382e-06 0.00011003293 0.04590589 9.986351e-05 0.0071683936 4.3455248e-06 0.10020859 2.641279e-07 0.3160887 0.07567498 8.492267e-08 0.05765215 0.17058724 0.12662852 1.519824e-07 9.3350835e-08 3.754118e-07 8.3075025e-07 1.7170853e-08 0.00013924038 8.3948385e-07 5.4074974e-07 3.6202138e-08 3.6692353e-07 0.022888178 6.0839596e-07 3.4759655e-08 1.5058289e-06 1.3782157e-05 1.0837461e-07 3.0701761e-07 0.0048016887 3.6289247e-08 0.0052270675 9.7715354e-05 1.10317714e-07 2.741305e-08 0.014102689 0.037812088 3.072273e-07 4.1859828e-08 0.00019919792 0.005850528 1.1155469e-07 7.9645463e-07 8.2871435e-07 1.255396e-08 0.008327411 0.00011291957 8.5773735e-08 8.078409e-08 1.1107204e-08 8.3876364e-07 6.708768e-08 0.004173115 4.9708728e-08 3.142448e-08 5.0167756e-07 9.744961e-08 2.709364e-07 7.2415323e-09 8.3987594e-08 2.7872638e-06 1.5578923e-09 2.0338171e-09 0.0039971513 4.472745e-07 0.005565445 3.6764296e-09 3.850004e-07 1.313557e-05 2.6243217e-08 2.1546482e-08
0.0028573803 0.62173456 8.090869e-06 7.478669e-05 0.98729247 4.0260966e-06 0.02178175 1.5742974e-20 1.3468176e-06 5.869223e-07 1.4628131e-06 0.54134774 2.1435378e-06 6.407281e-08 5.022585e-08 9.808223e-06 6.1866077e-09 5.827706e-10 1.6112281e-07 2.066111e-07 5.435953e-08 1.3827121e-08 2.915265e-09 1.3526817e-07 0.0002561829 2.1929706e-08 2.2128373e-07 0.00094986573 4.044034e-09 2.4700855e-08 1.6976867e-07 3.3789895e-08 1.0569524e-07 1.7804224e-08 1.7725759e-05 1.5425472e-08 5.389828e-05 3.0322522e-07 5.4540727e-09 8.1419485e-06 0.008618569 7.735577e-05 1.2213306e-09 6.7800336e-08 2.0756866e-10 4.5347394e-07 2.6219903e-08 5.7081635e-08 2.9947398e-07 2.7925066e-07 6.34401e-08 9.1795826e-08 2.9067456e-05 1.726605e-07 7.4611826e-08 1.1451607e-09 1.7118579e-06 1.8571784e-08 6.288544e-08 1.810435e-05 1.0054046e-08 1.7120701e-06 2.6017844e-06 7.435965e-08 1.2287117e-07 0.00016099894 8.960377e-05 5.9084197e-08 1.0250432e-07 7.105696e-07 3.067931e-05 1.1096199e-07 1.6392481e-06 6.994378e-07 2.665176e-08 1.7010303e-05 6.490244e-06 1.9227774e-07 1.9953339e-07 2.440974e-07 2.9450589e-09 4.518137e-07 0.000348455 4.2332036e-07 2.739592e-07 8.124887e-07 2.5062958e-08 3.07111e-07 5.66596e-07 2.240064e-09 1.167079e-09 7.144206e-10 1.1681095e-10 5.960769e-05 3.1474552e-09 0.00050287804 3.728078e-08 6.452633e-08 1.2089525e-06 7.054125e-09 3.8648547e-09
0.7484996 0.13319919 0.49765158 0.031025682 0.00017825463 0.8268353 0.6296973 1.3468176e-06 3.503926e-21 0.9559935 0.06536724 0.00015332826 0.92276937 0.0892963 0.05925886 0.17492858 0.004636306 0.0038308222 0.047997948 0.14405784 0.026445318 0.0022906123 0.00069466885 0.02310278 0.030171348 0.01848629 0.14980173 0.006387356 0.00012343923 0.00061026687 0.024876334 0.012724143 0.01353915 7.308882e-05 0.002249619 4.902063e-05 0.0051824744 0.015479626 1.5957316e-05 0.0005810515 0.0013776133 0.0008870168 1.7836634e-06 1.6539267e-05 7.631421e-06 1.3265943e-05 8.1149565e-06 0.0003496007 1.1595693e-05 2.0540798e-05 3.0740623e-06 8.047422e-06 0.0014808873 5.0934104e-06 5.7559816e-07 8.3957923e-07 2.6025587e-06 2.0875672e-07 2.352997e-06 0.001445971 1.0628372e-07 0.0029850826 0.00029327595 7.567423e-07 2.2559727e-08 0.0004620393 0.0040030815 2.5809268e-06 1.2840098e-07 0.00018780044 0.003286633 3.971724e-07 4.89747e-05 4.044956e-07 5.69229e-08 0.0027586129 0.00056687626 1.5767367e-06 1.4343823e-07 4.4701626e-08 1.3434502e-06 1.7658942e-07 0.00083615974 2.4054449e-08 9.022591e-08 1.8311175e-05 4.7069946e-07 8.135366e-06 1.9741565e-08 3.825658e-07 4.004041e-08 1.6047208e-08 3.408656e-08 0.00083010294 7.20371e-07 7.3130024e-05 8.4476517e-07 1.647671e-06 0.00044157082 1.6423495e-08 5.680652e-08
0.49018985 0.02682029 0.6032644 0.093517855 9.559582e-05 0.85449636 0.2069707 5.869223e-07 0.9559935 1.78036e-17 0.58204097 0.00013295715 0.41291738 0.6641982 0.634666 0.020289052 0.09750064 0.2140679 0.47336853 0.037370387 0.6259538 0.120358266 0.048473883 0.1295948 0.0016306952 0.1172081 0.19066063 0.0018253666 0.011807453 0.047391634 0.005067376 0.024575414 0.0068365945 0.0055214786 0.0005530891 0.002493397 0.000293215 0.0030987372 0.0025986428 0.00012172558 0.00020569446 0.00010891044 0.0013553128 0.00045996485 0.00023373748 0.0007717517 0.0002650278 0.0010912144 0.0007541347 0.0008144698 7.0240116e-05 0.0007864311 0.00030213196 0.00049844576 2.5704712e-05 1.5772248e-05 0.0004872969 2.593865e-05 8.364707e-06 0.0013315757 8.545042e-06 0.0023704628 0.00022593209 5.364168e-05 7.3124475e-06 0.00012275296 0.0012738556 5.1703526e-05 5.3115036e-06 0.00016761897 0.0021538802 3.388912e-05 0.00041734448 1.8664889e-05 1.1656625e-06 0.0011788039 0.0007622922 0.00011250981 1.6402468e-05 1.9984323e-05 3.7457658e-06 2.34361e-05 0.00038581566 3.3035467e-06 9.884914e-06 2.9608214e-05 9.81147e-06 6.2333324e-06 8.024316e-06 8.743395e-06 7.9691045e-09 5.962772e-08 3.0429025e-08 0.0004790042 1.08467875e-05 1.739875e-05 2.2947227e-06 3.2271923e-06 0.00017492395 4.929756e-07 1.2778092e-07
0.01328664 0.1031741 0.66252005 0.98579377 0.009460223 0.44423482 0.008603468 1.4628131e-06 0.06536724 0.58204097 1.2099896e-17 1.7051103e-05 0.0041622934 0.011980771 0.028704466 2.7221924e-05 0.68375725 0.39666775 0.013928815 4.442473e-05 0.5060789 0.001556297 0.08902674 0.005670171 2.3273742e-06 0.00053738296 0.0009625948 0.00021698646 1.8461586e-05 0.001529797 5.6831743e-07 6.5760963e-07 2.627521e-07 1.1182257e-05 1.2852393e-06 1.0201428e-05 6.766151e-05 2.592201e-07 3.636203e-06 3.4177278e-06 0.0016490221 1.9180012e-05 1.2451948e-05 4.5848146e-06 6.4283054e-06 4.1509243e-06 1.5133743e-06 5.767474e-06 5.2394244e-06 3.352715e-05 9.337295e-07 1.0090206e-05 1.5075151e-05 1.3368555e-06 9.225846e-07 7.2374525e-07 2.814715e-05 1.9925159e-05 2.4186027e-06 0.00015482483 4.0073037e-06 2.9504456e-05 0.00011347801 8.9344874e-05 8.906639e-06 0.00015570303 5.585624e-05 4.2907366e-05 1.1617454e-05 4.210273e-06 0.00015422578 3.470019e-05 0.00031865117 0.00026041555 1.7492159e-06 2.484292e-05 0.0020968283 0.00020303029 2.3803987e-05 5.6479257e-05 1.9963438e-06 0.00012199356 1.9153546e-05 1.557891e-05 1.4112867e-05 9.681734e-05 1.4982663e-05 1.1319964e-05 7.259466e-06 1.5336971e-05 3.9544194e-08 3.3165979e-09 2.315967e-10 2.1704449e-05 3.0946348e-06 2.1183084e-06 4.5897186e-06 3.7258273e-05 1.179848e-05 1.9174736e-06 1.1186048e-06
0.568031 0.97004974 4.6698442e-05 1.4582814e-05 3.3229368e-05 8.110117e-05 0.89837605 0.54134774 0.00015332826 0.00013295715 1.7051103e-05 4.752986e-15 0.0017392373 2.5346521e-06 4.709633e-06 0.00078573613 9.1291435e-07 1.025403e-07 7.041043e-06 3.5834993e-05 0.00015158241 3.4787896e-05 8.1343494e-08 2.5841875e-06 0.0018303923 9.620719e-07 3.3404212e-05 0.058763083 1.0178998e-05 4.678572e-05 4.961678e-05 3.848794e-06 4.46342e-06 0.00013783624 0.00014274276 4.547667e-07 0.0015066586 5.7740097e-05 1.5039359e-06 6.0321374e-05 0.8054902 0.02436916 1.3441723e-07 6.038877e-05 2.7618394e-09 4.0033865e-05 7.656827e-06 4.1224004e-05 0.00011681542 7.445847e-05 1.4186334e-06 0.0004265763 0.0004050021 0.000103338185 1.0947729e-05 1.1191117e-06 0.0033943783 2.5447023e-05 2.4097158e-06 0.00038101687 2.6927415e-05 0.0001265899 3.0883682e-05 9.764958e-05 9.830627e-05 0.039239805 0.004909997 2.3203187e-05 1.9299681e-05 9.95569e-06 0.0006410708 3.7681322e-05 0.00010563564 0.0006358284 8.66593e-05 0.0003723568 5.0751572e-05 2.6487025e-05 7.786908e-05 6.275667e-05 2.3809979e-07 0.00026864896 0.057272315 0.00025742454 0.00018567145 1.2819677e-05 0.00020731983 9.4735215e-06 1.3342565e-05 6.554758e-05 7.1593405e-08 4.696787e-08 4.92894e-10 0.0679264 5.1763395e-06 0.5795521 4.982023e-07 1.129104e-06 1.5540061e-07 2.7080463e-07 1.4356783e-07
0.981908 0.06459386 0.12648305 0.0032994223 3.6787977e-05 0.31007496 0.83707803 2.1435378e-06 0.92276937 0.41291738 0.0041622934 0.0017392373 1.4548013e-17 0.014174436 0.012282462 0.7274714 0.001027262 0.001770622 0.011979943 0.56808573 0.0065842676 0.0007782706 0.00026936497 0.006688611 0.13902618 0.011390658 0.20704262 0.041301157 9.283675e-05 0.00013693271 0.20677881 0.09959712 0.054370094 0.00015464066 0.06486104 9.472676e-05 0.09821079 0.22902845 5.9466533e-05 0.012414592 0.0119507825 0.009079419 2.1059035e-05 6.9081936e-05 6.0319035e-06 0.00078019156 0.0001184986 0.021061424 8.292639e-05 0.00048024007 0.00013263649 0.00013032461 0.025662458 1.36054905e-05 3.733051e-05 1.4014876e-05 0.00033805112 1.7570353e-06 3.9131177e-05 0.015528863 8.815269e-07 0.03521613 0.016456524 9.650195e-06 1.8303325e-06 0.0017045755 0.031087006 3.640525e-05 8.178778e-07 0.012078733 0.014458592 4.506069e-06 0.0006917185 6.976036e-06 1.1081484e-06 0.021311011 0.004716807 1.5305572e-05 1.0142898e-06 6.3095007e-07 9.440926e-06 5.5130835e-07 0.0010710027 2.4171717e-07 6.165017e-07 9.030034e-05 1.330394e-05 2.9912577e-05 1.3269208e-07 1.7102955e-05 1.6565375e-05 1.6709832e-08 2.3928061e-08 0.0017041755 2.1042553e-05 0.00045907588 4.260225e-07 2.2352788e-06 0.0005119645 8.1372553e-07 3.6843847e-08
0.094551474 2.3772168e-06 0.0036086137 0.00015712714 3.5525397e-06 0.006998089 0.00095408875 6.407281e-08 0.0892963 0.6641982 0.011980771 2.5346521e-06 0.014174436 1.0852112e-17 0.9796916 0.0017152957 0.013066766 0.05182252 0.87771344 0.006048431 0.54517365 0.7629426 0.021219896 0.6144701 5.3649503e-05 0.36727557 0.099613965 5.8358302e-05 0.19144298 0.093782954 0.0007432658 0.0087667275 0.001341688 0.023234995 8.501373e-05 0.008098108 0.00015122951 0.0003916056 0.0035818699 2.398311e-05 7.1210784e-06 3.248898e-06 0.0008924985 0.00084008387 0.0002957919 0.0018682296 0.0006605446 0.000987917 0.0010485387 0.0016002401 0.00030274718 0.0015780615 6.347723e-05 0.000748408 7.414725e-05 6.3178646e-05 0.0006788841 0.0005161418 3.9907274e-05 0.00023909929 6.8482324e-05 0.000505467 9.3126175e-05 8.9673005e-05 1.1778985e-05 4.3586504e-05 0.0002000157 9.602608e-05 1.3181273e-05 0.00010495111 0.0005129163 6.5850334e-05 0.0003710592 4.407788e-05 4.636741e-06 0.0005215595 0.00035288627 2.6482076e-05 2.608301e-06 2.3067147e-05 3.5847488e-06 3.078908e-05 0.00016907015 6.985623e-06 1.113744e-05 7.055014e-05 4.2218548e-05 3.8924645e-05 7.0983374e-06 7.903271e-06 2.7795235e-08 5.902416e-08 2.2998285e-07 0.00015861918 1.6412043e-05 3.0011256e-06 1.3844072e-05 3.2714128e-05 0.00014925611 1.764603e-07 1.4656771e-06
0.0770514 2.395133e-06 0.0040336405 0.00018852271 2.321296e-06 0.008604765 0.00063707086 5.022585e-08 0.05925886 0.634666 0.028704466 4.709633e-06 0.012282462 0.9796916 2.8172316e-16 0.0009745111 0.029827893 0.07775104 0.82455385 0.0032940542 0.64641386 0.8544901 0.053424258 0.5612018 3.1445423e-05 0.27657267 0.05113346 4.0295752e-05 0.21900359 0.13278064 0.00044268483 0.0038693384 0.0008570808 0.023208098 4.5642515e-05 0.0065888055 0.00017741429 0.00016231167 0.0028740782 1.6387723e-05 1.8738334e-05 4.929147e-06 0.0020719087 0.0008288436 0.0005686114 0.0019474911 0.0006363504 0.00052868295 0.001454437 0.002135181 0.00030932747 0.0011846352 4.373432e-05 0.0012037577 8.187792e-05 0.00012471183 0.0011686207 0.00021262607 7.72946e-06 6.4988e-05 5.7467238e-05 0.00026593244 6.6585264e-05 7.27616e-05 1.2967044e-05 4.4314165e-05 0.00012972766 5.2112915e-05 8.935029e-06 3.2439184e-05 0.00032462223 5.6780445e-05 0.00016990726 3.40324e-05 1.2407443e-06 0.00069038104 0.00034603477 6.8780682e-06 2.2484853e-06 1.2577514e-05 3.9987367e-06 2.7027112e-05 0.00010464518 4.3965724e-06 5.141727e-06 0.0001029043 8.341379e-05 2.8709528e-05 5.3479625e-06 6.3080656e-06 7.414226e-08 3.8804643e-08 4.9013355e-08 0.00022362576 3.8652515e-06 1.972873e-06 1.00886855e-05 2.2976119e-05 8.564357e-05 9.383281e-08 1.1797134e-06
0.68559694 0.03872285 0.0028503856 1.4251879e-05 1.24572225e-05 0.019246288 0.7168807 9.808223e-06 0.17492858 0.020289052 2.7221924e-05 0.00078573613 0.7274714 0.0017152957 0.0009745111 3.0518118e-20 1.4975391e-05 0.00011789735 0.00049238576 0.9842234 0.00019511105 1.5158811e-05 6.313633e-06 0.0001615608 0.8981113 0.000574465 0.14656323 0.25267947 8.225468e-07 9.225666e-06 0.27285057 0.09612106 0.06407706 9.487635e-06 0.38725206 2.1365753e-05 0.09468753 0.13941123 1.5694435e-05 0.062196277 0.0124899475 0.044030346 1.194841e-05 1.1986976e-05 1.778336e-07 0.0005086341 1.7052436e-05 0.009482977 6.8733734e-06 0.00016182048 6.0133036e-05 2.3570115e-05 0.020779219 1.2314063e-05 3.9712697e-05 1.2327289e-06 2.4960758e-05 3.5912655e-07 0.0004493218 0.029616073 1.8504313e-07 0.02807194 0.0051350314 5.6937834e-06 1.3372896e-07 0.008686324 0.014038896 4.33073e-06 1.7261763e-06 0.009107552 0.016627952 1.3361201e-06 0.0006200862 1.6632645e-06 1.04811114e-07 0.010722772 0.00079934177 3.5563771e-06 1.5575916e-06 1.2430692e-06 3.1312672e-07 1.7380034e-06 0.0019505562 1.5100035e-06 5.9608936e-07 8.369815e-06 1.1763245e-05 9.226635e-06 6.849126e-07 6.222181e-07 4.3273732e-10 3.0126245e-08 1.6192597e-09 0.0009850421 2.1389177e-07 0.0006003483 4.0397248e-07 1.1328457e-06 0.00067581027 2.7424645e-07 1.851403e-08
0.0011261234 1.7738257e-05 0.018570477 0.023253866 0.00013154018 0.010180825 9.1326e-05 6.1866077e-09 0.004636306 0.09750064 0.68375725 9.1291435e-07 0.001027262 0.013066766 0.029827893 1.4975391e-05 5.0674826e-16 0.9701124 0.026434954 1.5684709e-05 0.46757022 0.011367592 0.86341053 0.008553632 1.1499685e-05 0.00094445696 0.0004722881 0.0004218959 0.00022820759 0.090940714 4.5048923e-06 1.3773511e-05 6.9086245e-06 0.00015712235 1.2885622e-05 4.5585228e-05 0.0003908055 2.3165414e-06 5.017537e-05 5.3940188e-05 0.00040693113 1.766814e-05 3.225185e-05 4.35869e-06 0.000121981924 1.67859e-05 1.0451074e-06 5.1612828e-05 1.620162e-05 0.00015535804 6.87397e-06 8.6572445e-06 8.277673e-05 7.861829e-06 2.2087766e-05 2.151234e-06 0.00011929357 1.5904548e-05 1.869489e-05 0.000287812 1.6608582e-06 0.00012576094 0.00010968437 3.7823935e-05 2.4597084e-05 7.414647e-05 0.00014480892 1.1724931e-05 3.7369406e-05 3.2548232e-05 0.0010197338 2.5344503e-05 0.00019709775 8.374577e-05 5.3847643e-06 7.806121e-05 0.00058170577 7.368068e-05 3.587692e-05 4.4796776e-05 1.8631337e-06 0.00014604922 2.3443412e-05 3.7505324e-05 0.00018590056 7.100853e-05 9.124103e-05 2.408095e-05 3.8281505e-05 8.442131e-06 4.9895484e-06 5.7113407e-09 4.2307455e-09 0.0002526589 1.088107e-05 1.4721224e-06 2.5708805e-05 2.5802092e-05 6.951938e-05 2.3014366e-07 1.4709394e-06
0.0031468116 1.3671427e-08 0.0059733596 0.0015083615 1.8054643e-05 0.005884003 8.436272e-06 5.827706e-10 0.0038308222 0.2140679 0.39666775 1.025403e-07 0.001770622 0.05182252 0.07775104 0.00011789735 0.9701124 6.085016e-20 0.074613586 0.00014369845 0.82315624 0.039592676 0.95545864 0.026113687 3.8307817e-06 0.0015760753 0.0048748264 8.465209e-05 0.004475995 0.13930853 6.7049086e-07 1.1320838e-05 3.868596e-06 0.000702781 4.6272166e-06 0.0006186226 0.0002749183 2.8768632e-06 0.0005950248 4.3237542e-05 0.00027321678 6.9465e-06 5.233425e-05 4.0578263e-05 4.6302426e-05 1.233735e-05 6.1362953e-06 3.8214116e-06 0.00010372315 4.4735898e-05 4.22443e-06 3.2935888e-05 0.00011612188 7.006753e-06 5.1089995e-07 6.249302e-06 0.00012353204 1.0385346e-05 4.4881167e-06 0.000727216 2.6877578e-06 0.00019622059 0.0002475642 2.2747889e-05 1.0217137e-06 7.890209e-05 0.00018162154 2.2351625e-05 3.5560564e-07 0.00010490568 0.0010143652 6.6892267e-06 0.0009836451 4.813683e-06 1.4476333e-06 0.00028470287 0.0008745242 2.6756394e-05 1.4379508e-06 9.4432135e-06 6.586841e-07 2.8766806e-05 1.6067705e-05 4.216835e-06 7.995518e-06 0.00013662057 1.1422866e-05 9.598552e-05 3.9006154e-06 2.7726508e-06 2.385829e-06 3.882521e-09 2.718181e-09 0.000267472 7.4249456e-06 2.2710703e-06 2.4425157e-05 5.42321e-06 0.00012560237 4.3597316e-07 3.0849682e-07
0.5826376 6.992491e-07 0.0027291782 0.00045733454 1.5937565e-06 0.00737494 0.00034156448 1.6112281e-07 0.047997948 0.47336853 0.013928815 7.041043e-06 0.011979943 0.87771344 0.82455385 0.00049238576 0.026434954 0.074613586 1.292457e-17 0.0039497013 0.82057697 0.76280564 0.03554275 0.92590994 1.3603752e-05 0.87095296 0.22547011 1.6803631e-05 0.5902447 0.4652904 0.0016121942 0.020050135 0.0058607194 0.20617045 2.2787994e-05 0.09344426 4.142051e-06 0.00060878316 0.07628766 8.5105063e-07 4.234607e-06 5.1804113e-07 0.039374992 0.002752411 0.0032192313 0.008495984 0.0026600421 0.0035864844 0.039903175 0.010731785 0.0020950236 0.011687839 4.9269947e-06 0.008526605 0.00032194337 0.0006486621 0.0060894457 0.001671009 1.765177e-05 7.7041994e-05 0.0007163251 0.00017855832 7.9300095e-05 5.0469847e-05 6.812705e-05 4.844206e-06 2.3147162e-05 2.516512e-05 1.8162802e-05 3.1063904e-05 0.0002622871 2.7894777e-05 0.000117095835 4.9582297e-05 2.4299812e-05 0.00018498217 0.000261273 5.862815e-06 6.7493843e-06 1.5831993e-06 3.1855393e-06 5.1114926e-06 5.788991e-05 2.6703794e-06 3.3489812e-06 1.3337323e-05 4.8223674e-06 6.745517e-06 4.10513e-07 3.1239074e-06 2.3036588e-07 4.350948e-08 9.597929e-07 1.5765616e-05 1.1609956e-05 5.3242784e-06 1.2883673e-06 7.745096e-06 0.00011013078 3.067276e-07 1.2346683e-07
0.8764697 0.0022521329 0.0049596396 1.7647006e-05 2.7001488e-06 0.016931243 0.1774917 2.066111e-07 0.14405784 0.037370387 4.442473e-05 3.5834993e-05 0.56808573 0.006048431 0.0032940542 0.9842234 1.5684709e-05 0.00014369845 0.0039497013 1.8252281e-20 0.00056933437 0.00020147854 2.7886292e-05 0.0036764862 0.26818344 0.007923346 0.66116637 0.012450838 2.7612632e-05 1.6581838e-06 0.77748704 0.6281429 0.5777449 0.00025546292 0.49466723 0.00044370876 0.042115655 0.39004242 0.00048164267 0.02077324 0.0015270392 0.0023049149 3.7435966e-05 0.00028945148 1.2405336e-06 0.003702418 0.0005055159 0.12779444 2.7820974e-05 0.0012445063 0.00061095075 0.00030872924 0.017632617 8.4318526e-05 0.0015374653 1.6200438e-06 7.668625e-05 4.378371e-06 0.006021972 0.034678128 2.0939867e-06 0.046236653 0.044012934 0.0002448128 2.8741345e-06 0.0022883362 0.010430623 0.00029245592 1.45008535e-05 0.06351948 0.014500032 2.937332e-05 0.010827704 5.1804877e-06 7.8515444e-07 0.024876807 0.012559327 0.00017425427 8.672938e-06 2.924876e-05 9.655032e-07 9.855931e-06 0.00074179185 3.2235534e-06 1.9876866e-06 0.0005031258 3.261675e-05 0.000329047 4.6993405e-06 3.2555356e-06 6.169663e-09 1.4608835e-08 9.9224415e-09 0.0005984961 1.0571496e-06 6.7297005e-05 5.596736e-05 7.484355e-07 0.006892633 3.6191108e-07 1.05546356e-07
0.25309014 1.7586884e-06 0.021735432 0.00839043 5.8413393e-06 0.043460146 0.0009488816 5.435953e-08 0.026445318 0.6259538 0.5060789 0.00015158241 0.0065842676 0.54517365 0.64641386 0.00019511105 0.46757022 0.82315624 0.82057697 0.00056933437 1.2799823e-13 0.8872899 0.7696826 0.75994754 2.3972398e-06 0.45231923 0.093806125 9.39869e-05 0.7529844 0.9704565 1.9527495e-05 0.0020638576 6.3465974e-05 0.22528307 7.949284e-06 0.013698045 0.0006455441 6.069553e-05 0.034794793 7.1157633e-06 0.00048038075 5.1687454e-07 0.1301036 0.00078636885 0.022068925 0.0008610794 9.386446e-05 0.00046071073 0.012814362 0.0031000464 4.614699e-05 0.0020532026 0.00017831601 0.002273 1.8923269e-05 0.0041404697 0.010117684 0.0011285223 6.3888965e-06 0.00025610204 2.1792288e-05 0.00042651157 0.0010845459 0.00029497466 0.00043932447 2.7710452e-05 0.0010711565 0.00045025494 2.4184632e-05 5.238128e-05 0.0008174373 0.0002433048 0.0006398919 0.0022851457 4.008781e-05 0.0008971232 0.0034187525 0.00019541907 8.4450385e-06 3.3533837e-05 4.0878862e-05 7.162247e-05 2.6696469e-05 4.4423752e-05 2.0378848e-05 0.00018627146 4.6801244e-05 2.5062063e-05 6.43903e-06 1.3688695e-05 0.00021315289 8.733206e-09 3.1998357e-07 4.834489e-05 2.9071309e-05 3.862364e-07 2.676132e-05 0.0001965577 8.0486534e-05 1.5270034e-06 1.2328828e-06
0.09289431 1.2381679e-07 0.00018674959 3.3399567e-05 1.6466979e-07 0.0004971248 1.313988e-05 1.3827121e-08 0.0022906123 0.120358266 0.001556297 3.4787896e-05 0.0007782706 0.7629426 0.8544901 1.5158811e-05 0.011367592 0.039592676 0.76280564 0.00020147854 0.8872899 6.17442e-16 0.09547692 0.5258858 1.1246088e-06 0.2713632 0.02903514 2.4519902e-06 0.94840884 0.64928615 1.9376917e-05 0.0012161378 0.0001398003 0.11128253 2.2797462e-06 0.01674106 4.1934745e-06 8.47535e-06 0.009799491 7.490481e-07 9.972246e-07 3.6937788e-08 0.03070297 0.000970145 0.0025678521 0.0015645501 0.00054922584 0.000303924 0.027090557 0.0030308836 0.00019906403 0.0028190827 9.346521e-06 0.009965774 9.4604526e-05 0.0026522845 0.008005502 0.0007016563 8.28221e-06 5.0023576e-05 0.00018117263 5.9668888e-05 1.8315419e-05 0.00014681437 9.962827e-05 1.1735721e-06 2.9232304e-05 4.1335174e-05 1.198172e-05 3.1445452e-05 9.0551715e-05 1.3694193e-05 0.0003997109 4.269295e-05 5.8090964e-06 7.1449664e-05 0.00045603383 2.961643e-05 4.3725627e-06 2.238315e-05 3.5020255e-06 1.7044744e-05 2.5843345e-05 9.707702e-06 5.398112e-06 2.3182774e-05 2.16175e-05 9.5353935e-06 7.908247e-06 7.172407e-06 1.3876271e-05 1.6986876e-07 2.6767597e-07 7.179439e-05 4.689353e-06 6.253967e-07 4.364097e-06 3.0124134e-05 4.9700604e-05 1.6201365e-06 4.5073352e-07
0.00075888593 2.921505e-09 0.00075240986 0.0023692017 3.2196488e-06 0.00070135755 4.0632617e-06 2.915265e-09 0.00069466885 0.048473883 0.08902674 8.1343494e-08 0.00026936497 0.021219896 0.053424258 6.313633e-06 0.86341053 0.95545864 0.03554275 2.7886292e-05 0.7696826 0.09547692 2.2559839e-17 0.01591616 2.112871e-06 0.0028176073 0.0018963991 0.00014417972 0.023660433 0.52017033 3.891412e-06 1.5408104e-05 5.928259e-06 0.0015892443 1.2420578e-05 0.0003170643 0.00015019122 4.554666e-06 0.0001805534 3.56765e-05 0.00012579754 1.8786295e-06 0.0019365733 6.9590383e-06 0.0130601 1.035289e-05 1.9728823e-06 9.176637e-05 0.00037616224 2.2446662e-05 1.1681865e-06 5.451954e-06 8.269783e-05 4.119987e-05 9.9937015e-06 0.0001915538 0.0009710965 4.0797677e-06 1.3789611e-05 0.00031921203 1.6199704e-07 0.00017456697 0.00019315488 5.2617597e-05 3.2587907e-06 2.1172169e-05 0.00014480532 1.4669141e-05 4.8207207e-06 0.00018410238 0.00064906187 1.1088742e-05 0.0006889196 1.0327982e-05 7.132011e-07 4.1886724e-05 0.0006803174 0.00012828833 4.883597e-06 3.9253286e-05 1.810064e-07 3.8933704e-05 1.1331627e-05 8.389517e-07 1.812031e-05 0.00012822791 3.4785191e-06 6.810418e-05 1.0990785e-05 1.1476257e-06 0.00043742274 1.7421039e-08 4.525755e-08 7.995605e-05 1.1193006e-06 5.504341e-07 2.5400665e-05 1.0288433e-05 0.00018832127 3.185869e-07 1.7713778e-07
0.80959517 1.03662565e-07 0.00086391304 0.00011079751 9.345179e-07 0.0032102698 0.00014637984 1.3526817e-07 0.02310278 0.1295948 0.005670171 2.5841875e-06 0.006688611 0.6144701 0.5612018 0.0001615608 0.008553632 0.026113687 0.92590994 0.0036764862 0.75994754 0.5258858 0.01591616 3.0787246e-15 2.1759826e-05 0.9495792 0.28803954 2.7894084e-05 0.61018425 0.44389638 0.0030519979 0.0174371 0.0138671165 0.42552254 8.123152e-05 0.20857689 1.0365695e-05 0.0021907752 0.19854154 4.908498e-06 1.888921e-05 2.0689674e-06 0.016003333 0.009165783 0.0022748802 0.017979326 0.007323461 0.010629124 0.12656589 0.027043318 0.0065969573 0.018816708 1.3277992e-05 0.027437612 0.0018484675 0.0021310435 0.031418428 0.0035463287 0.00015474128 0.0002649732 0.0023275365 0.0004895679 0.001971534 0.0005263695 0.0006927087 1.4516655e-05 0.00024691483 0.000252304 0.00015755314 0.00040473643 0.00061889575 0.00022622185 0.0005869414 0.00018096574 0.00016568227 0.0010510051 0.001720344 1.4700427e-05 2.6943704e-05 6.8893864e-06 6.436645e-05 9.3477165e-06 0.00015344836 9.703092e-06 8.451025e-06 0.00019332848 2.2845135e-05 2.8412554e-05 1.1357719e-06 1.1571965e-05 7.786142e-07 5.3153263e-07 2.3424402e-06 9.462347e-05 1.5837906e-05 2.0632484e-05 6.03451e-06 2.5241845e-05 0.00034484782 4.980409e-07 3.4432284e-07
0.76671356 0.0041991575 0.00084728416 7.4012555e-06 1.9288014e-05 0.004680029 0.6859692 0.0002561829 0.030171348 0.0016306952 2.3273742e-06 0.0018303923 0.13902618 5.3649503e-05 3.1445423e-05 0.8981113 1.1499685e-05 3.8307817e-06 1.3603752e-05 0.26818344 2.3972398e-06 1.1246088e-06 2.112871e-06 2.1759826e-05 7.680318e-17 3.5806916e-05 0.00048912317 0.8384488 6.034867e-08 3.2199034e-06 0.21440013 0.00023881147 0.008010153 6.1452874e-07 0.79126394 3.6260826e-07 0.9092797 0.25841135 1.1525508e-07 0.55501956 0.064676024 0.28519973 8.586446e-07 3.0214764e-07 4.790882e-07 1.7241617e-05 1.9392631e-07 0.00044614368 2.1983376e-06 1.2466765e-05 1.6216513e-06 5.159309e-07 0.10203981 2.6828832e-07 4.268357e-06 5.663337e-06 3.1644984e-06 4.6207758e-09 1.0871331e-05 0.062212255 2.5072555e-09 0.050274078 0.0012233994 7.103548e-07 4.3818794e-08 0.052237876 0.11436372 9.065402e-07 1.6989888e-07 0.005297661 0.056689296 2.492762e-07 0.00022762115 9.952603e-08 8.830085e-09 0.023378085 0.00043738016 1.9353988e-06 1.4508517e-07 7.851746e-07 5.3945243e-08 2.5192756e-07 0.0065549584 2.3703345e-08 1.4682581e-08 2.3056755e-06 1.5571096e-07 1.5325487e-06 2.5076728e-08 4.930393e-08 1.6953885e-08 1.9746977e-09 1.2992766e-09 0.0067570554 1.3382649e-08 0.0043534418 7.266229e-09 1.3553326e-07 0.0003071777 3.450034e-08 1.3369376e-09
0.9736288 3.8743114e-08 0.0005038316 2.2711907e-05 1.7295478e-06 0.0013094854 0.00010400912 2.1929706e-08 0.01848629 0.1172081 0.00053738296 9.620719e-07 0.011390658 0.36727557 0.27657267 0.000574465 0.00094445696 0.0015760753 0.87095296 0.007923346 0.45231923 0.2713632 0.0028176073 0.9495792 3.5806916e-05 2.311562e-18 0.7510463 4.5922647e-05 0.40821958 0.14899781 0.010139122 0.106483 0.044862278 0.53560853 0.00016225177 0.37612328 4.026344e-05 0.014329611 0.42630205 7.3297488e-06 9.876961e-06 3.013903e-06 0.002343579 0.01914615 0.0004538067 0.035887677 0.017241865 0.05546996 0.041982964 0.052851938 0.009783472 0.045355096 0.0001861072 0.01562304 0.0069295294 0.00064730167 0.011710561 0.0051380824 0.0011733383 0.00071458454 0.0019816349 0.0033325672 0.020843668 0.006020316 0.00090226653 1.412186e-05 0.00055630464 0.002287616 0.00016199914 0.0030984462 0.0017956132 0.001227056 0.0037765112 0.00023095334 8.004669e-05 0.0037211173 0.013107128 7.972109e-05 8.171141e-06 1.0098051e-05 1.3281287e-05 6.5142785e-06 0.00035603665 2.6068315e-06 4.5164293e-06 0.001992023 7.992605e-06 0.00014282868 6.8053606e-07 7.299217e-06 1.04377015e-07 1.0010365e-07 4.469057e-07 0.0003827709 5.437592e-06 4.8254882e-05 2.1293723e-05 3.8041471e-06 0.00096969074 1.402679e-07 4.0515582e-07
0.96516144 3.9890983e-05 0.008835465 7.593623e-05 8.875981e-07 0.030341653 0.0048043597 2.2128373e-07 0.14980173 0.19066063 0.0009625948 3.3404212e-05 0.20704262 0.099613965 0.05113346 0.14656323 0.0004722881 0.0048748264 0.22547011 0.66116637 0.093806125 0.02903514 0.0018963991 0.28803954 0.00048912317 0.7510463 3.5322887e-18 0.00023826369 0.033706818 0.007378781 0.20831963 0.9144692 0.48875675 0.119898565 0.008285517 0.077836595 0.00085089734 0.12518483 0.21929468 0.0007370405 9.988838e-05 2.0764404e-05 0.0016583782 0.07660432 7.229975e-05 0.28520384 0.09723144 0.27377832 0.012255702 0.17961662 0.114321046 0.049788292 0.0036812332 0.005512469 0.0658527 3.405828e-05 0.0031139047 0.011719136 0.03395533 0.007054156 0.0066444697 0.029541356 0.105080515 0.013830718 0.0014080099 9.075463e-05 0.0045309276 0.012373212 0.00073470274 0.049764387 0.004844992 0.002247342 0.033857003 7.573329e-05 0.0012316795 0.017438438 0.054943953 0.0010730163 0.0001334135 0.00013375723 2.3320034e-05 8.0528844e-05 0.00022310982 3.490477e-05 4.9737257e-05 0.0052924743 0.00017213286 0.0010785203 3.563349e-05 8.390054e-05 1.8832916e-06 2.4963163e-07 3.2249298e-07 0.00041058235 3.244441e-05 1.4973422e-05 0.00013360793 1.4554999e-05 0.009441526 4.184079e-06 1.3980347e-06
0.7827546 0.0030738912 0.0024807637 0.0001634604 3.8865557e-05 0.0038545122 0.53816986 0.00094986573 0.006387356 0.0018253666 0.00021698646 0.058763083 0.041301157 5.8358302e-05 4.0295752e-05 0.25267947 0.0004218959 8.465209e-05 1.6803631e-05 0.012450838 9.39869e-05 2.4519902e-06 0.00014417972 2.7894084e-05 0.8384488 4.5922647e-05 0.00023826369 3.582576e-13 1.15082976e-07 5.9389855e-05 0.008582027 0.00015751482 0.0011939236 4.0672157e-06 0.06323122 2.0972643e-06 0.48390734 0.01714895 3.0170395e-07 0.15261687 0.6055849 0.97973806 5.952282e-05 6.85321e-07 8.05938e-06 3.8295235e-05 1.9668032e-06 0.00012951021 1.7580236e-05 3.4005068e-06 1.3598763e-06 2.291297e-07 0.069027424 1.4164461e-06 3.3451986e-06 8.76162e-05 8.735594e-06 1.0201418e-07 7.1119775e-06 0.027979568 5.4552615e-08 0.019011796 0.000452988 8.4890985e-07 1.0886899e-06 0.16049527 0.44364214 5.356259e-07 3.9219344e-07 0.0012373354 0.059954543 1.4403231e-07 6.652801e-05 1.4544202e-07 1.7918222e-07 0.030514235 0.00032228715 2.0468515e-06 2.8822907e-07 8.144577e-07 1.8339459e-06 1.9979198e-07 0.032280575 1.1025902e-07 3.3507185e-08 8.317528e-06 1.0307548e-06 2.4941687e-06 2.4070914e-07 7.3525615e-07 1.1588595e-07 7.4431725e-08 2.101716e-07 0.062462654 1.9411263e-07 0.059646007 8.406431e-09 1.3166448e-07 0.00031351534 3.7633573e-08 7.364316e-09
0.16147783 2.6806182e-08 6.4912037e-06 1.4294191e-06 4.6689372e-08 3.6570607e-05 1.4550382e-06 4.044034e-09 0.00012343923 0.011807453 1.8461586e-05 1.0178998e-05 9.283675e-05 0.19144298 0.21900359 8.225468e-07 0.00022820759 0.004475995 0.5902447 2.7612632e-05 0.7529844 0.94840884 0.023660433 0.61018425 6.034867e-08 0.40821958 0.033706818 1.15082976e-07 7.379918e-18 0.818052 7.827257e-06 0.0014656758 0.00011310753 0.8196798 5.26305e-07 0.19711554 7.5125723e-07 5.2239325e-06 0.12665461 8.048188e-08 1.7044206e-07 1.5315909e-09 0.10011657 0.00282969 0.010465767 0.003951455 0.0012884301 0.0003469835 0.5643324 0.01879997 0.00086817064 0.021820016 2.0489626e-06 0.30774975 0.00013580348 0.03670151 0.22640222 0.0029290894 6.7954534e-06 2.7921833e-06 0.00045408073 3.641499e-06 1.7689468e-05 0.00012805303 0.00025028564 1.185273e-08 8.05576e-06 3.6916674e-05 3.790471e-05 2.4037126e-05 1.7460168e-05 7.109268e-05 9.6497664e-05 9.1331836e-05 2.054166e-05 2.0880212e-05 0.00036948163 2.5979007e-05 8.762895e-06 5.7963457e-06 5.4482953e-06 7.8213325e-06 1.0704098e-06 5.5560604e-06 5.66033e-06 6.036398e-06 1.8210378e-05 3.087722e-06 1.3173953e-06 1.0616541e-05 4.1307037e-05 6.888066e-06 3.4361315e-06 2.6517898e-06 2.199495e-06 1.3125808e-08 2.5756453e-06 2.5631176e-05 1.0176368e-05 1.2684536e-06 1.2605878e-07
0.03845384 5.643254e-08 4.3563818e-05 5.5075656e-05 1.309341e-07 0.00021287358 0.00011003293 2.4700855e-08 0.00061026687 0.047391634 0.001529797 4.678572e-05 0.00013693271 0.093782954 0.13278064 9.225666e-06 0.090940714 0.13930853 0.4652904 1.6581838e-06 0.9704565 0.64928615 0.52017033 0.44389638 3.2199034e-06 0.14899781 0.007378781 5.9389855e-05 0.818052 1.4296812e-13 3.859027e-06 2.7200073e-05 3.7879395e-06 0.3451407 1.1519014e-05 0.016078454 0.00059127295 7.965618e-05 0.016539488 1.6194545e-05 0.000552373 1.5348011e-06 0.9687658 0.00018042825 0.49871567 0.00015183473 2.7946062e-05 0.00017948948 0.1585343 0.00026444384 4.892864e-06 0.00021512585 6.0393326e-05 0.016550945 9.871545e-06 0.09220796 0.18316704 0.0011327356 3.5578496e-06 8.283177e-05 5.174323e-05 0.00011959668 0.0020347459 5.647753e-05 0.00016311361 2.2073427e-05 0.0014354333 6.530884e-05 3.1389816e-05 2.0909007e-05 0.00022787137 2.1504105e-05 0.00040363765 0.0021084577 5.01296e-05 0.0005297198 0.0031089806 5.0187e-05 3.6027557e-06 7.059971e-06 5.1079205e-06 1.4418857e-05 1.0080886e-05 3.7044236e-05 1.9304485e-05 0.000112188165 4.8482205e-05 1.2943225e-05 1.5575353e-06 6.3845296e-06 0.036945004 2.0480257e-07 3.305876e-06 0.00010276945 7.924615e-06 1.15172334e-07 6.961335e-06 9.966505e-05 5.228795e-05 1.4141752e-07 4.403049e-07
