9.914233e-31 0.73454386 0.55080265 0.939404 0.8483681 0.8936126 0.9198329 0.9064492 0.95642906 0.9861367 0.7144748 0.77670527 0.71127146 0.7480315 0.9272247 0.96546745 0.7045207 0.76974976 0.2933356 0.91307455 0.805295 0.947252 0.23238055 0.9945669 0.10965195 0.3494987 0.936574 0.93414605 0.052506823 0.08134338 0.43718117 0.9696905 0.41641676 0.3212606 0.70822495 0.025505956 0.45745376 0.47702694 0.9829882 0.032429066 0.971358 0.23140195 0.06830944 0.8481306 0.055086836 0.93432015 0.7535139 0.3260419 0.0060675857 0.33468044 0.7006144 0.8339724 0.0027961193 0.07771411 0.00075035513 0.9725776 0.000774411 0.9329092 0.0017176553 0.00354607 0.9339305 0.004138178 0.17718755 0.9628498 0.0024103527 0.0031423825 0.9648979 0.0017107059 0.40366143 0.98210883 0.99543256 0.9546323 0.29058763 0.0006132663 0.50515974 9.3642455e-05 4.254318e-05 0.98291814 0.6779223 0.99950194 0.51229364 1.5113845e-05 0.015211526 0.54575026 7.2669434e-05 2.8330951e-05 8.585e-08 0.00025869915 0.6822692 0.9591345 0.94145566 0.25743836 0.9855137 7.722202e-08 0.9863387 0.9312154 0.99986726 0.98757464 0.99783874 6.66989e-05 0.031898726
0.73454386 2.2235626e-22 0.9556627 0.8119777 0.42626804 0.46225962 0.3777256 0.45672232 0.19051468 0.20031093 0.2549944 0.064505406 0.026122913 0.5826044 0.021171508 0.025078448 0.26747763 0.0068486636 0.011041994 0.063341 0.0007566207 0.0203436 0.09273451 0.03515438 0.027691873 0.0058767656 0.0047921166 0.0014687759 0.021841394 0.020039497 0.050837006 0.008947125 0.002623873 0.0050278674 0.010610838 0.014986487 0.0031632434 9.3428636e-05 0.00094407646 0.019745227 0.00043020086 0.0006435421 0.0013030814 0.0002107106 4.7696925e-05 1.6774546e-06 1.05871995e-05 9.412868e-06 0.0007806411 1.9684555e-07 7.341723e-05 5.8174674e-06 0.00030210026 9.781912e-07 0.0009212255 0.0045321374 0.0009800103 0.008132358 2.9960295e-06 6.1385254e-06 0.007161547 7.2777384e-06 5.4905236e-08 0.00031183028 0.0009106297 1.613677e-06 2.54869e-07 0.00022728712 1.05840286e-07 0.0012027978 0.01335401 0.0072665107 3.0894537e-08 0.00021896733 1.7981706e-06 5.896028e-05 1.2452625e-05 0.0017962127 1.0155044e-06 0.0057507507 1.2598403e-07 8.794822e-05 4.752876e-06 0.00012724155 2.5754093e-06 2.7737522e-07 2.945596e-05 0.00019974294 1.3577835e-06 0.00024158687 0.00015710347 9.719099e-07 8.850251e-09 2.3113918e-05 0.004467643 0.005180389 0.0023219937 0.0003135291 0.0019562175 1.3605988e-06 1.9066347e-08
0.55080265 0.9556627 5.5557664e-22 0.6902765 0.21737982 0.20462616 0.27441925 0.79564136 0.31506193 0.17835756 0.678818 0.28293526 0.13695405 0.44389492 0.10303648 0.06380311 0.05957442 0.03452939 0.07031667 0.038038902 0.007186506 0.018626649 0.014502127 0.028781204 0.021725832 0.018131446 0.0037981442 0.008034769 0.008962608 0.012557225 0.022019515 0.026274445 0.011397384 0.0028202673 0.005010723 0.017496357 0.0019854645 0.0015639728 0.0052632657 0.024939775 0.004707532 0.0039939885 0.003602364 0.0015895846 0.0011794469 0.00010744467 0.00030642835 0.00031903613 0.0018971922 1.8932475e-05 0.00092399534 0.00011163542 0.00093437854 7.870526e-05 0.00090813334 0.002056894 0.0008154203 0.006961459 1.7426082e-05 6.0003622e-05 0.0034698353 9.0317815e-05 1.7163143e-06 0.0009494768 0.00028979342 1.7137634e-05 4.516177e-05 0.00010880548 9.584958e-07 0.0015779011 0.008219494 0.0073978095 2.7447436e-07 0.00023658904 3.3725624e-05 0.00015251667 4.2573294e-05 0.0040956144 5.20349e-05 0.0045416886 6.287921e-06 0.00010007459 1.45732765e-05 3.761312e-06 4.522524e-06 3.072553e-06 1.968953e-05 4.9610913e-05 2.7858994e-05 0.0010904612 0.0013529282 1.4015183e-05 7.60606e-07 2.5809824e-05 0.0021082174 0.0015714056 0.00087142683 0.00076576706 0.0011714749 1.3780619e-05 1.4374908e-07
0.939404 0.8119777 0.6902765 1.0213572e-17 0.8717283 0.84910166 0.9213973 0.6328935 0.47300166 0.6466005 0.25678453 0.14956777 0.042303603 0.5876989 0.11374975 0.13979612 0.41279358 0.014600308 0.024171468 0.29644966 0.00793416 0.085644394 0.17285553 0.26423112 0.07456315 0.0796609 0.005013536 0.006898266 0.041512653 0.03838385 0.025219979 0.041212138 0.004864094 0.0019377103 0.00662068 0.02565927 0.000984059 0.0017023919 0.005439698 0.033093918 0.0021471246 0.010516298 0.0034818037 0.002136332 0.0005187881 1.809969e-05 0.0003782211 0.0001326776 0.00069345394 7.883511e-06 0.00019947623 2.524401e-05 0.00019157116 1.9965808e-05 0.0012598176 0.0035317668 0.00064688054 0.011551407 2.2333343e-05 7.373867e-05 0.005329781 9.38975e-05 3.1433804e-06 0.00045381254 0.0008747132 1.24182325e-05 4.719056e-06 0.00031153898 3.2766835e-07 0.0025026023 0.023764923 0.008960506 2.7557949e-08 0.0004700493 6.651218e-06 1.841525e-05 2.7269993e-05 0.001219571 9.4237487e-07 0.015542598 4.2868547e-07 0.00016978075 1.2996076e-05 1.5255441e-05 0.000107876825 2.1383414e-06 2.7927812e-05 0.00042354796 4.55729e-06 0.0010616328 0.0032687483 2.7760716e-06 2.2269294e-06 3.9502e-05 0.0079165865 0.007162828 0.004839695 0.0004963555 0.0035837542 2.7774158e-05 1.3244112e-07
0.8483681 0.42626804 0.21737982 0.8717283 1.8826149e-19 0.9260758 0.90249586 0.19861995 0.1662176 0.54185414 0.02064504 0.012270638 0.005194112 0.056200866 0.009316576 0.10023581 0.031322435 0.00152693 0.0021866288 0.6263677 0.0006377063 0.24543834 0.0053067775 0.28772083 0.0034261972 0.003797199 0.06315099 0.00034350698 0.0010334972 0.0023754968 0.022326808 0.033337656 0.0006980455 0.0048410757 0.021640996 0.0020993827 0.003608684 0.00014599909 0.004234965 0.0035541076 0.00044172103 0.00045912844 0.00023637907 0.00020804928 2.9790503e-05 7.927744e-06 2.1423926e-05 2.8465687e-05 9.169149e-05 7.3769894e-07 8.776774e-05 5.748464e-06 3.496704e-05 2.9384623e-06 0.00027007773 0.0070557506 0.00012489619 0.06384019 7.4290047e-06 2.027216e-05 0.034341224 1.2718677e-05 1.1014615e-07 0.0020240913 4.9500657e-05 3.0914284e-06 2.539421e-06 2.474484e-05 2.467453e-08 0.012657837 0.027033808 0.02243668 5.22535e-09 1.1225489e-05 6.696193e-07 3.855029e-06 3.913616e-06 0.0048320466 1.2465273e-06 0.016579663 1.2370626e-06 3.079617e-06 2.185657e-06 0.0001948548 1.316648e-06 1.3950141e-06 2.9911876e-06 1.3606184e-06 9.906894e-06 0.0004885607 0.0014340637 1.9615302e-06 1.6932105e-06 7.0609603e-06 0.007488336 0.006395896 0.00556359 0.0013107066 0.0034368557 1.9471827e-06 3.870382e-08
0.8936126 0.46225962 0.20462616 0.84910166 0.9260758 9.913117e-20 0.8468086 0.12959507 0.13424811 0.41525435 0.010691174 0.003633072 0.001434892 0.07327543 0.0037176283 0.0323931 0.08139539 0.00046549126 0.00057589286 0.46906793 0.00011509939 0.25834426 0.017234098 0.24162474 0.003126401 0.0010854524 0.073156066 4.148948e-05 0.0013529373 0.0015105949 0.035813544 0.0082125915 7.1688686e-05 0.010917411 0.038193326 0.0016234262 0.0062798047 1.2152461e-05 0.0017831202 0.0019993086 0.00024056816 8.267184e-06 3.4644767e-05 8.581007e-06 3.651511e-06 5.082616e-07 1.4867688e-06 3.1408483e-06 2.1987673e-06 5.1601425e-08 8.660275e-06 1.1138561e-06 1.9692056e-06 4.3559496e-07 7.478419e-05 0.016953459 3.0675918e-05 0.035284314 2.4956594e-07 2.0088435e-06 0.03310334 2.0402388e-06 1.697401e-08 0.00039471372 9.6571406e-05 3.681096e-07 3.6297988e-07 4.214867e-05 1.891482e-09 0.0046663005 0.041917216 0.01714635 3.214984e-10 6.8350228e-06 4.7664116e-08 2.0121338e-06 8.240001e-07 0.0013393862 7.689544e-08 0.021768352 3.1655546e-08 5.1220477e-06 2.9529028e-07 0.0008312315 2.5368697e-06 3.7781388e-07 1.9047573e-06 8.7114095e-06 7.5900675e-07 0.00019703874 0.00086609 2.6535642e-07 3.6916143e-07 1.3759056e-05 0.011138233 0.014614725 0.008393868 0.0003237569 0.0044655744 6.1340165e-07 3.988915e-09
0.9198329 0.3777256 0.27441925 0.9213973 0.90249586 0.8468086 5.6998633e-19 0.36709017 0.35767946 0.82833165 0.0323434 0.02532685 0.013811611 0.044124875 0.021396872 0.320567 0.017270532 0.003977202 0.006117271 0.75477564 0.0016713572 0.40862116 0.004023644 0.5237154 0.0029469533 0.0063169096 0.14557295 0.00067676505 0.0013176466 0.0028295766 0.009131535 0.14116731 0.0017895034 0.0030040494 0.02134049 0.002778856 0.0016453661 0.0003535079 0.03206536 0.0038702516 0.0016631099 0.0015359683 0.00056488864 0.00014076581 3.5357905e-05 4.8619927e-06 2.2275104e-05 3.0374302e-05 0.00026500152 7.6218157e-07 0.000111020265 1.8987046e-05 2.6463418e-05 1.0798828e-06 0.0003567703 0.009178336 0.000121587495 0.15800908 2.911201e-05 4.1936208e-05 0.0629974 1.1480695e-05 7.699141e-08 0.0046110833 3.095525e-05 2.8467816e-06 2.755329e-05 2.1280772e-05 2.0354324e-08 0.06399671 0.048197225 0.029694265 3.1601175e-09 2.3724922e-06 3.2963698e-07 1.7753783e-06 5.0301446e-06 0.010044444 2.1504277e-06 0.04534395 8.221002e-06 6.581439e-06 1.904721e-06 3.326545e-05 1.0929129e-05 1.0236087e-06 1.2969246e-05 8.8799266e-07 2.6235475e-05 0.0015236824 0.0031838538 4.9354508e-06 9.154063e-06 2.9596356e-05 0.009078606 0.008273455 0.0073443847 0.0047040693 0.0037155852 1.8822108e-06 1.4913296e-07
0.9064492 0.45672232 0.79564136 0.6328935 0.19861995 0.12959507 0.36709017 1.8054013e-21 0.89714414 0.518273 0.6625081 0.7266677 0.7413984 0.15791863 0.8353967 0.5077446 0.0155893145 0.45585415 0.42942342 0.04749067 0.13782579 0.016181186 0.002514514 0.08506058 0.008878751 0.035399426 0.0020176477 0.05799619 0.0023164568 0.0042692465 0.0054441565 0.124297276 0.05186379 0.00078827894 0.0018199069 0.009299599 0.00019587282 0.010969624 0.018537937 0.014915495 0.014808175 0.017853305 0.0042479048 0.0028320146 0.005510842 6.750765e-05 0.00033283964 0.00054432894 0.002699813 1.6944696e-05 0.00070459564 0.00030691677 0.00032960132 6.3217645e-05 0.00047487402 0.0012416214 0.00035619695 0.011071629 9.696537e-05 0.00021754112 0.0019231335 0.00033616959 1.913022e-06 0.0013769269 0.00015934679 7.118129e-05 0.00010770156 0.0001615471 1.7814915e-07 0.004804247 0.0076589524 0.0033012605 1.8236245e-08 4.617759e-05 1.5537283e-06 3.7028305e-05 4.3053537e-05 0.003486038 1.3870752e-05 0.007612036 3.897388e-06 6.709367e-05 3.6826864e-07 8.804935e-07 1.5272211e-05 2.2453953e-06 4.341683e-05 1.7690563e-05 1.8510225e-05 0.0006130052 0.0035225302 3.4297732e-06 6.8241716e-06 4.6127538e-05 0.001384547 0.002025365 0.00081130065 0.0012725381 0.001183101 6.961681e-06 4.3852305e-07
0.95642906 0.19051468 0.31506193 0.47300166 0.1662176 0.13424811 0.35767946 0.89714414 4.2301574e-20 0.76162636 0.3069532 0.4393122 0.48917356 0.16092381 0.7681208 0.7919682 0.012599745 0.30384272 0.13538453 0.052227776 0.18128812 0.04178019 0.0029676952 0.3246104 0.008713828 0.08686222 0.002472445 0.070062056 0.0014952068 0.003157279 0.001241177 0.2724937 0.04844424 0.0006509271 0.00210039 0.0058965716 0.00017020112 0.034021687 0.07225059 0.010566658 0.029772116 0.045924164 0.0061457045 0.006513022 0.007892768 0.00015034227 0.0008808021 0.0032144166 0.0019306999 6.3255146e-05 0.0003731027 0.00068535673 0.00032434994 0.00067775196 0.0002390024 0.0026127636 0.00020707973 0.039494257 0.00039207045 0.00070465816 0.004865987 0.00050110434 3.4208813e-06 0.004829301 6.456429e-05 0.0001127704 0.0002197166 6.544895e-05 5.110101e-07 0.031528343 0.013563181 0.0043073148 5.305504e-08 5.5024888e-05 4.7117015e-07 1.7222112e-05 3.0026873e-05 0.007069818 3.1901848e-06 0.01729482 4.6280775e-06 4.3278626e-05 1.9209988e-06 8.0447705e-07 4.6161073e-05 2.5524885e-06 2.0543308e-05 0.0001089473 8.730209e-05 0.0013293755 0.009463959 5.0657254e-06 5.320099e-05 5.5896948e-05 0.0034598708 0.0041518714 0.002342599 0.0037787864 0.001870369 5.9138765e-06 1.1320189e-07
0.9861367 0.20031093 0.17835756 0.6466005 0.54185414 0.41525435 0.82833165 0.518273 0.76162636 5.535484e-20 0.07124679 0.1004865 0.11134943 0.118080854 0.4024614 0.85005534 0.029798433 0.0794097 0.024969375 0.5080595 0.06098035 0.37905118 0.004141502 0.7752719 0.0042400286 0.038039755 0.08703544 0.035047013 0.0006193616 0.0031482468 0.008793594 0.38975093 0.023927644 0.004472848 0.020377878 0.0029441582 0.0037207743 0.013396679 0.1339853 0.0045303702 0.01345561 0.009656469 0.002026707 0.002916431 0.0028293421 0.0001166144 0.0005820611 0.0018936231 0.00028883986 0.00012323327 0.00029230007 0.00041264278 5.255055e-05 0.00020736393 9.0412876e-05 0.016484657 3.525827e-05 0.22373067 7.0885326e-05 0.0001338491 0.08150468 5.352593e-05 1.1062577e-05 0.017743088 1.3034194e-05 4.223804e-05 0.00033081058 1.4248332e-05 7.260958e-07 0.1298837 0.074347556 0.046292488 1.4353989e-07 0.000119111 3.137844e-07 4.27225e-06 8.981264e-06 0.03425717 6.84494e-07 0.08662978 2.0813739e-06 6.4310676e-05 1.2537535e-06 6.9941125e-05 1.7104556e-05 1.9182069e-06 0.00011961414 0.00017498666 8.151547e-05 0.006040148 0.025402006 2.6995167e-07 7.485968e-05 0.00028004934 0.019493768 0.019699525 0.01558565 0.011412338 0.008921466 6.0154453e-06 6.0522495e-08
0.7144748 0.2549944 0.678818 0.25678453 0.02064504 0.010691174 0.0323434 0.6625081 0.3069532 0.07124679 1.0987642e-20 0.92586637 0.69965255 0.8002335 0.20042777 0.021228133 0.063253015 0.29256684 0.7396634 0.0018554068 0.109898075 0.0007821468 0.016164843 0.008743238 0.1409639 0.5287853 0.00022911433 0.028939946 0.021115655 0.039053395 0.010266816 0.0176885 0.029768 0.00018731588 0.00029911622 0.0628339 4.208023e-05 0.011567927 0.0038565842 0.10822296 0.0051347762 0.19905517 0.1318899 0.0048202383 0.0060319677 0.0001813033 0.0017490535 0.00102655 0.020286702 0.0001693763 0.00049525825 0.00010212209 0.015639132 0.00034898796 0.0046697753 0.0008009259 0.0087817395 0.00051650195 0.0013154991 0.0005029025 0.000578529 0.000670156 1.0308114e-05 0.0001257595 0.0005684728 0.00012814453 4.896699e-05 0.00041276956 5.6178183e-06 0.0002005595 0.0018214312 0.0017666052 1.72178e-06 0.0033321332 2.0188025e-05 0.0011380857 0.00048090098 0.0012009552 4.706429e-05 0.0005559305 2.0390407e-06 0.00044711953 4.7736453e-06 1.663891e-06 0.00014849553 2.9040534e-06 0.000101528654 0.0005542706 1.4560955e-05 0.00025432868 0.00046847961 6.91703e-06 1.0977656e-06 0.00013515515 0.0008277812 0.001296906 0.00039761985 0.0003790563 0.0009510695 4.704161e-06 2.321346e-07
0.77670527 0.064505406 0.28293526 0.14956777 0.012270638 0.003633072 0.02532685 0.7266677 0.4393122 0.1004865 0.92586637 2.402485e-21 0.8746849 0.29236466 0.49439034 0.057572745 0.010013293 0.57153535 0.84037775 0.002128056 0.4053618 0.0012085481 0.0016623259 0.024653167 0.0323198 0.45857316 0.00034101112 0.07980259 0.0030630957 0.0123540275 0.001066929 0.048470836 0.068548605 0.00012931682 0.00029528423 0.027529703 1.5952095e-05 0.029904587 0.01599764 0.042481437 0.021274153 0.34458375 0.06113202 0.007553678 0.015618825 0.000653223 0.0014591189 0.002293209 0.0124913 0.0002800902 0.0012167084 0.0004250946 0.009899428 0.0007372433 0.0015537373 0.00064734055 0.0040428704 0.0011837685 0.0019968753 0.00089726015 0.00046169112 0.0019338742 2.2102558e-05 0.00042220196 0.00016086051 0.0004525613 0.00020470076 0.0001188448 1.9992074e-06 0.00060976454 0.002457909 0.0013332842 7.355248e-07 0.0015494425 1.25848455e-05 0.00095200184 0.0005071154 0.0028749611 2.4449677e-05 0.0017723367 1.2236256e-06 0.00017570709 7.361497e-06 1.2980914e-07 0.00012315667 1.6622806e-05 4.5317523e-05 9.2561546e-05 3.5597244e-05 0.00049543375 0.0032064223 2.075968e-06 4.756127e-06 5.364536e-05 0.000803542 0.00095252454 0.00043440334 0.00049427844 0.00052606565 4.2457477e-06 6.766762e-07
0.71127146 0.026122913 0.13695405 0.042303603 0.005194112 0.001434892 0.013811611 0.7413984 0.48917356 0.11134943 0.69965255 0.8746849 3.8525235e-22 0.050631024 0.7668311 0.1260308 0.0015771872 0.8685498 0.9126101 0.0023811548 0.6806303 0.00091955863 0.00019296838 0.03643966 0.008692828 0.1737057 0.00028960055 0.25695714 0.00080889754 0.002599627 0.00026470196 0.0846211 0.22733851 7.45918e-05 0.00023072308 0.008237456 9.230771e-06 0.061287574 0.020138439 0.013967076 0.05115437 0.24550681 0.020952903 0.014244236 0.028105909 0.0011845415 0.002000759 0.0037480283 0.009678334 0.00027127913 0.0017873613 0.0014200433 0.0045619607 0.0012418613 0.00039451686 0.00041823575 0.0005677959 0.0014018652 0.0025617238 0.001363189 0.0005376934 0.0025436892 4.1271403e-05 0.0013224684 7.73273e-05 0.00059866585 0.0006164735 4.590575e-05 3.3675856e-06 0.0014964086 0.0017691316 0.00081744115 6.732339e-07 0.00022607564 1.9465711e-05 0.00023478216 0.0002226594 0.0031535218 5.702323e-05 0.0014210005 3.8707626e-06 4.005613e-05 6.3395646e-06 1.3351386e-07 7.994729e-05 2.5454645e-05 2.1383346e-05 1.3490629e-05 0.0001212702 0.0009968544 0.0042884746 5.960493e-06 3.9324328e-05 2.65893e-05 0.0003579814 0.0007038066 0.0002601442 0.0012816952 0.0003789741 3.3822234e-06 4.7491906e-07
0.7480315 0.5826044 0.44389492 0.5876989 0.056200866 0.07327543 0.044124875 0.15791863 0.16092381 0.118080854 0.8002335 0.29236466 0.050631024 2.1702671e-20 0.007762111 0.008715144 0.8243173 0.013545394 0.04277939 0.008456956 0.006762561 0.0014836807 0.50513375 0.013116894 0.8972281 0.32681888 0.00017062399 0.00017633422 0.6481463 0.6736845 0.017984461 0.002299855 0.0017432161 0.00030423427 0.00070561137 0.5684106 0.00025300396 0.00057941244 0.00022013187 0.61288345 0.00025753558 0.0059899227 0.14183374 3.36092e-05 9.9716955e-05 1.1652012e-06 5.536976e-06 7.3415995e-06 0.0023829858 5.9524663e-08 0.00012531845 1.5644106e-05 0.0015625654 1.04224036e-07 0.016822802 0.00059740234 0.022142336 9.617519e-05 0.000526377 5.9413046e-06 0.0003367298 1.5413491e-06 1.233969e-07 3.1965042e-06 0.00533493 6.517383e-07 5.058161e-06 0.0035629699 4.8276005e-09 3.259599e-06 0.0013866482 0.0003466372 1.046115e-09 0.007371157 4.1281083e-07 0.0014401234 0.00021591657 7.270986e-05 1.4032845e-06 0.00027698628 6.555798e-08 0.00089314725 7.8755795e-07 2.4825006e-06 2.7821161e-05 6.5499273e-07 0.0003067263 0.00947125 1.5031502e-06 3.3702123e-05 0.00013048541 1.6650721e-06 2.5215786e-07 7.340876e-05 0.0016597309 0.0023904527 0.00055878086 0.00045223712 0.001286843 8.726643e-06 5.842949e-08
0.9272247 0.021171508 0.10303648 0.11374975 0.009316576 0.0037176283 0.021396872 0.8353967 0.7681208 0.4024614 0.20042777 0.49439034 0.7668311 0.007762111 5.1725814e-22 0.84616554 6.657923e-05 0.88639843 0.4244451 0.018190464 0.5645786 0.0036659604 4.3238842e-06 0.12818016 0.0012998624 0.010982798 0.0005989803 0.59119505 0.00015694428 0.0010069357 0.0007010877 0.42938763 0.32038257 0.00011741061 0.0005555884 0.0017064393 1.0795282e-05 0.045585554 0.06604024 0.0027245544 0.148316 0.011114337 0.000994236 0.02661917 0.008440639 0.0015115489 0.0015759123 0.0033009772 0.0011115731 0.00030173836 0.004347202 0.0048662145 4.2661493e-05 0.00038696534 4.2735643e-05 0.00095009047 1.8177047e-05 0.014873271 0.0001293606 0.0007530441 0.0017341212 0.0010822171 1.635071e-05 0.011901409 2.867803e-05 0.00033699904 0.0019030926 5.3577005e-05 2.4554183e-06 0.025578478 0.0044228463 0.0015338362 3.8725403e-07 1.7050118e-06 1.546835e-05 1.0067957e-06 4.056799e-06 0.011486025 0.00011952747 0.007561516 3.965309e-05 2.6085297e-06 1.1588016e-06 6.767731e-07 7.433888e-06 4.2751435e-06 3.5912296e-06 1.0437672e-05 0.0004183012 0.0036025667 0.009114889 3.68849e-05 0.00023966181 8.973713e-06 0.0011717777 0.0018588293 0.0007297275 0.0071244687 0.0010930563 3.9527717e-06 4.854151e-07
0.96546745 0.025078448 0.06380311 0.13979612 0.10023581 0.0323931 0.320567 0.5077446 0.7919682 0.85005534 0.021228133 0.057572745 0.1260308 0.008715144 0.84616554 3.0124752e-19 0.0010069937 0.17529692 0.021738917 0.14193149 0.06532678 0.09609968 5.8110603e-05 0.5194803 0.0011949745 0.0026648664 0.008398051 0.11688028 0.00015897355 0.0006424172 0.0055449344 0.6648923 0.048404522 0.0011401373 0.0057655913 0.00079767284 0.00054081605 0.013026739 0.28373405 0.0018654407 0.15541416 0.0018875498 0.0002690628 0.009127939 0.0025100443 0.0008110988 0.0013475476 0.0024857915 0.00016366351 0.00032853684 0.006555033 0.012946126 1.9687992e-05 0.00058892067 0.00014021034 0.0056814547 8.562928e-05 0.23584744 5.1825955e-05 0.0006501556 0.032556973 0.00018237167 5.418483e-05 0.09790922 3.2048203e-05 9.669638e-05 0.0023160381 0.0002036186 4.194478e-06 0.27686054 0.033689454 0.018618688 5.106681e-07 4.4708562e-05 5.2989512e-06 1.6074588e-05 3.6458823e-05 0.0658805 5.229628e-05 0.07827057 0.00010646375 0.00013902318 3.3020222e-06 4.036983e-05 3.9021277e-05 6.4495575e-06 0.00060151244 0.00018533692 0.0010464005 0.012043072 0.026658839 2.5500687e-05 0.00025934385 0.00041327116 0.0060301125 0.0030441815 0.007120003 0.030881617 0.0017825447 1.1964865e-05 8.300035e-07
0.7045207 0.26747763 0.05957442 0.41279358 0.031322435 0.08139539 0.017270532 0.0155893145 0.012599745 0.029798433 0.063253015 0.010013293 0.0015771872 0.8243173 6.657923e-05 0.0010069937 2.265715e-22 0.00012221119 0.0018493879 0.024537528 7.949181e-05 0.020040916 0.96414065 0.010062661 0.44656634 0.00882101 0.0012766407 3.383086e-07 0.69207096 0.4603516 0.10771379 2.5140174e-05 2.0751595e-05 0.0022227045 0.009450958 0.17361926 0.0035210168 1.3531209e-06 1.8437622e-05 0.09770157 5.606972e-05 0.00014087069 0.0058620297 1.4391073e-06 1.8350123e-07 6.660117e-08 6.437231e-08 1.5664843e-07 6.3000305e-05 2.5592987e-08 3.3748594e-05 2.626852e-07 1.9996487e-05 3.9518937e-08 0.006815987 0.0042341813 0.0054819025 0.00044916687 1.4926713e-05 1.0291478e-06 0.0030530957 6.796533e-07 1.2898328e-08 6.397158e-06 0.015304376 4.0659415e-07 1.3465153e-07 0.011223733 1.3907997e-09 4.4437358e-05 0.0061580045 0.0039019107 5.230153e-10 0.00113401 2.2129534e-07 2.6260659e-05 2.6368832e-06 0.00021083442 8.317123e-08 0.0010589694 1.1090803e-07 0.00010742961 1.9321162e-06 0.00056402985 3.293823e-06 2.6580295e-07 2.6601445e-05 0.01877769 2.5357258e-06 0.00019851672 0.00025866018 4.6394274e-07 4.455768e-08 2.1340176e-05 0.015173515 0.015665501 0.0022203887 0.00016689338 0.0059062936 2.407033e-06 1.4830827e-08
0.76974976 0.0068486636 0.03452939 0.014600308 0.00152693 0.00046549126 0.003977202 0.45585415 0.30384272 0.0794097 0.29256684 0.57153535 0.8685498 0.013545394 0.88639843 0.17529692 0.00012221119 3.8352943e-22 0.84177375 0.0020154514 0.88646793 0.00030471658 7.691855e-06 0.040954284 0.0036162084 0.05481297 0.00013062112 0.6888592 0.00027555012 0.0013193046 7.4429285e-05 0.1383625 0.59319556 3.3604203e-05 8.394656e-05 0.004535798 2.6359205e-06 0.2783463 0.027709136 0.007844281 0.101124 0.22902924 0.0067036883 0.055827197 0.07134556 0.0034714243 0.0038613577 0.009930613 0.006817635 0.00076929113 0.0037967754 0.00290359 0.0017811682 0.0036484862 0.00012929476 0.00028105156 0.000108992 0.001533108 0.0029723574 0.0035928488 0.0003339149 0.005099523 0.000114538314 0.00371018 5.118754e-05 0.0012961915 0.0012579957 2.7739112e-05 6.8986697e-06 0.0032997811 0.0010887565 0.00043865733 1.062244e-06 2.3933231e-05 5.317355e-05 6.4099004e-05 0.00010244632 0.0033784537 0.00028873188 0.0013094085 6.351369e-05 2.8639575e-05 6.9116104e-06 3.143217e-07 6.6897905e-05 6.312673e-05 1.2436105e-05 3.196106e-05 0.0003475974 0.0017252516 0.0047424403 2.089896e-05 0.00016464632 3.2162592e-05 0.00021952644 0.00059243233 0.00018781335 0.002685428 0.00031414264 1.14477e-05 1.9268407e-06
0.2933356 0.011041994 0.07031667 0.024171468 0.0021866288 0.00057589286 0.006117271 0.42942342 0.13538453 0.024969375 0.7396634 0.84037775 0.9126101 0.04277939 0.4244451 0.021738917 0.0018493879 0.84177375 9.759451e-23 0.0003207473 0.85410863 3.1937812e-05 0.00015244527 0.005288032 0.018319653 0.3731851 9.449799e-06 0.24786599 0.0011827613 0.004552992 0.0001488277 0.023882283 0.54933804 6.599149e-06 7.7714285e-06 0.00805404 4.253235e-07 0.31830353 0.00715235 0.023999248 0.025014874 0.5763538 0.072940424 0.048634734 0.34512165 0.0011424442 0.005405935 0.0046235803 0.10704355 0.00023554174 0.0017427322 0.0010138603 0.041151732 0.0017863107 0.00021052439 0.00037833725 0.00079525023 7.7976234e-05 0.017708737 0.0054934737 3.62043e-05 0.0028436317 2.4948884e-05 0.00014548206 2.1058873e-05 0.0002714608 0.00072245544 1.3502355e-05 3.3985925e-05 0.00012795428 0.00043171435 0.00021027277 5.8142227e-06 0.0010730337 6.830543e-05 0.00076392933 0.000759857 0.0009936045 0.00021890135 0.000118768105 1.8756284e-05 4.508913e-05 4.350227e-06 4.3639304e-08 0.0003205953 1.16936735e-05 1.4361165e-05 2.5726476e-06 9.587875e-05 0.00023329876 0.0010197756 9.398301e-06 4.187626e-05 2.9520781e-05 9.8137294e-05 0.00010198661 5.556912e-05 0.00050675496 0.00012664327 1.4056524e-06 3.8291324e-07
0.91307455 0.063341 0.038038902 0.29644966 0.6263677 0.46906793 0.75477564 0.04749067 0.052227776 0.5080595 0.0018554068 0.002128056 0.0023811548 0.008456956 0.018190464 0.14193149 0.024537528 0.0020154514 0.0003207473 2.5600872e-21 0.00027176595 0.9018997 0.008975888 0.6696638 0.00094822346 0.0005958512 0.7799876 0.00056711695 0.0004574684 0.00041579612 0.29277062 0.048390977 7.098145e-05 0.5172921 0.47963443 0.00013361636 0.06905005 1.5087088e-05 0.018802077 8.995309e-05 0.00057463296 3.077389e-06 1.0452394e-05 0.00014887696 1.6846504e-07 5.35009e-06 1.6808423e-05 7.2359176e-06 1.7538079e-06 2.5502024e-07 5.3914468e-05 8.268434e-05 8.2801125e-07 8.5576613e-07 1.8521916e-05 0.1076531 3.946241e-06 0.23011342 6.6811134e-07 4.5883535e-06 0.24621843 1.5318342e-06 8.074189e-08 0.0037933893 2.8553317e-05 1.4535932e-06 2.6490132e-05 3.6504367e-05 1.46339625e-08 0.033197355 0.11804534 0.117094204 1.2714564e-09 1.1598392e-05 4.249456e-07 7.593076e-06 4.659836e-06 0.015150437 5.109867e-07 0.08573406 3.5086373e-08 5.2212454e-05 7.555942e-07 0.0014626088 5.5602e-06 2.7805786e-06 7.1058957e-06 2.445421e-06 1.2093913e-05 0.002091944 0.008170142 2.5319483e-08 1.5167603e-05 6.1562773e-06 0.08447513 0.086515434 0.05393706 0.008423037 0.03166532 1.6709739e-06 2.6536718e-08
0.805295 0.0007566207 0.007186506 0.00793416 0.0006377063 0.00011509939 0.0016713572 0.13782579 0.18128812 0.06098035 0.109898075 0.4053618 0.6806303 0.006762561 0.5645786 0.06532678 7.949181e-05 0.88646793 0.85410863 0.00027176595 2.7724273e-20 2.6413696e-05 4.82483e-07 0.02903236 0.0032788562 0.1383548 1.776602e-05 0.7300759 7.870497e-05 0.0007513107 1.5481935e-06 0.13618346 0.85857105 1.2843265e-06 3.4835618e-06 0.0034103426 6.9399576e-08 0.6821339 0.048879784 0.011477138 0.17516956 0.59331775 0.023010463 0.23208165 0.4048876 0.01852361 0.022470253 0.046497926 0.030542837 0.004852978 0.0062302873 0.007399421 0.012449717 0.023035135 2.4024017e-05 0.00011029275 7.2135765e-05 0.00036523765 0.021477442 0.02796989 0.00014899131 0.022215962 0.0003755314 0.0026587131 2.3483219e-05 0.0039248983 0.004715788 5.0147314e-06 9.1641095e-06 0.00092332414 0.00043778535 0.0001904229 1.7310163e-06 0.000176328 7.875745e-05 0.00031577426 0.00045567605 0.0037740518 0.00043230268 0.00079967343 7.457182e-05 1.3898904e-05 1.1991927e-05 4.9778468e-08 0.0009074217 0.0001254184 6.977986e-06 1.7172222e-05 0.00083583244 0.0016818622 0.00932753 5.9820413e-06 0.00025029542 3.5901736e-05 0.0002063816 0.00023495796 0.00015075992 0.0020433594 0.0001620563 1.2706747e-05 1.6489804e-06
0.947252 0.0203436 0.018626649 0.085644394 0.24543834 0.25834426 0.40862116 0.016181186 0.04178019 0.37905118 0.0007821468 0.0012085481 0.00091955863 0.0014836807 0.0036659604 0.09609968 0.020040916 0.00030471658 3.1937812e-05 0.9018997 2.6413696e-05 5.0203466e-22 0.0037826353 0.6742195 0.00012502179 0.00012733284 0.9264143 3.0252537e-05 6.718434e-05 0.00010855983 0.045264874 0.039540194 7.787639e-06 0.10161837 0.47581345 3.659929e-05 0.009537826 2.057704e-06 0.027716784 3.070027e-05 0.00024935507 1.4785988e-06 9.6775575e-06 6.855502e-06 1.6784442e-07 4.34607e-07 1.7765386e-06 1.3800615e-06 8.170529e-07 9.8314565e-08 3.432547e-05 7.55724e-05 8.292108e-07 2.8484968e-07 2.3216814e-06 0.113632075 1.2598241e-06 0.34059402 6.069483e-07 8.201523e-07 0.24081936 1.5616514e-07 1.3607299e-08 0.0034541544 5.3084505e-06 9.4930186e-08 2.0796171e-05 3.819287e-06 1.6702432e-09 0.0587925 0.22455107 0.11031064 5.496121e-11 1.3248535e-05 1.4411846e-07 9.217875e-06 1.374554e-06 0.016867897 7.7158967e-07 0.21531455 3.0667053e-07 1.1049345e-05 3.251975e-07 0.000984066 1.0417559e-06 1.4908645e-07 5.994371e-06 1.8050484e-06 2.5272842e-05 0.0012590849 0.01734337 6.782026e-08 1.2422781e-05 4.2629827e-06 0.060754925 0.05455982 0.09367417 0.013730816 0.023932692 2.0327586e-07 8.726912e-09
0.23238055 0.09273451 0.014502127 0.17285553 0.0053067775 0.017234098 0.004023644 0.002514514 0.0029676952 0.004141502 0.016164843 0.0016623259 0.00019296838 0.50513375 4.3238842e-06 5.8110603e-05 0.96414065 7.691855e-06 0.00015244527 0.008975888 4.82483e-07 0.0037826353 6.02556e-20 0.0013601171 0.38141936 0.0006032822 0.0006755798 1.4063229e-08 0.8680304 0.5856475 0.28969136 1.0049937e-05 2.237719e-06 0.0028971094 0.004454543 0.20307118 0.008384546 1.3582414e-07 2.3239452e-06 0.06939042 6.80935e-06 3.295815e-06 0.00068150763 8.295687e-08 1.409042e-07 1.9465132e-09 1.0449374e-07 6.430027e-08 1.3127844e-05 4.9409525e-09 2.7458827e-05 2.3131417e-06 3.6786519e-06 1.6913608e-08 0.019289961 0.0011071012 0.013038894 0.00033482243 2.0924856e-06 2.6624987e-06 0.0025783472 1.021288e-06 1.1531505e-08 1.5861266e-06 0.08634089 3.1180483e-07 2.43087e-06 0.043117434 1.7765748e-09 2.4052859e-05 0.0064330827 0.0034868957 3.1060177e-10 9.622575e-05 1.4488867e-07 7.3344336e-06 2.5357085e-06 0.00040442063 1.5769014e-07 0.00091650797 3.6124905e-07 0.00025634002 6.3274155e-07 0.0018962779 3.7315751e-06 4.1109908e-07 3.4015204e-05 0.0409403 4.46911e-06 0.00027098306 0.0002861368 4.332459e-07 1.5788704e-06 3.640782e-05 0.008987133 0.009372765 0.0010819277 0.00036318263 0.003749052 6.6773077e-06 1.8180954e-08
0.9945669 0.03515438 0.028781204 0.26423112 0.28772083 0.24162474 0.5237154 0.08506058 0.3246104 0.7752719 0.008743238 0.024653167 0.03643966 0.013116894 0.12818016 0.5194803 0.010062661 0.040954284 0.005288032 0.6696638 0.02903236 0.6742195 0.0013601171 2.9239248e-20 0.0012214909 0.0036017117 0.46500328 0.04311009 0.00014603336 0.0004974525 0.010787318 0.5417214 0.011295866 0.024029532 0.060814638 0.00047519043 0.011282183 0.0068195043 0.42708695 0.0005751058 0.037488442 0.0018527817 3.960543e-05 0.004704235 0.00026343044 0.0016367363 0.0009555571 0.0008822377 1.1311556e-05 0.00032883682 0.0012929006 0.0010440013 3.81963e-06 0.00012904481 2.5920972e-05 0.040538438 7.46672e-06 0.69281864 1.9483882e-06 2.196021e-05 0.20881632 1.31293455e-05 4.749698e-05 0.053589612 2.6160375e-05 1.1584641e-05 0.00060621573 2.768805e-05 2.4888818e-06 0.44339615 0.23862371 0.12483048 2.7773044e-07 8.2812665e-05 1.6652493e-05 2.1223697e-05 7.245384e-06 0.08187711 2.3180487e-06 0.43938687 4.1638435e-07 7.986491e-05 1.770577e-07 0.00078564923 1.4979968e-06 8.9563775e-07 0.0006996461 9.212113e-05 0.00017293844 0.015063858 0.053752422 3.4738957e-07 0.00011493047 0.00041951428 0.09642229 0.07956863 0.17723642 0.038220115 0.05761257 8.517506e-07 8.904944e-09
0.10965195 0.027691873 0.021725832 0.07456315 0.0034261972 0.003126401 0.0029469533 0.008878751 0.008713828 0.0042400286 0.1409639 0.0323198 0.008692828 0.8972281 0.0012998624 0.0011949745 0.44656634 0.0036162084 0.018319653 0.00094822346 0.0032788562 0.00012502179 0.38141936 0.0012214909 4.8495523e-18 0.08688014 5.4976892e-05 0.00030403474 0.8199866 0.9131452 0.00533834 0.00039725122 0.0014653229 0.00014927704 0.000112859605 0.87552166 9.9068704e-05 0.00095927605 6.707122e-05 0.8534983 0.0009539032 0.011220437 0.05981871 0.0006344189 0.00018777 5.50856e-06 0.00020726406 0.00010618106 0.0020334083 3.5146288e-06 0.0015086321 0.0005700404 0.003443358 2.84073e-05 0.10309708 0.00034119378 0.13103841 2.6630358e-05 0.0008152131 0.00014167948 0.00043927188 9.954982e-05 9.277776e-06 7.4120246e-05 0.0068471846 0.00013704377 0.00053832936 0.006427886 6.097107e-06 1.776021e-05 0.0023364734 0.0016153685 2.4462724e-06 0.017837325 0.00070104795 0.0015404357 0.0003365104 0.00061340374 9.784703e-05 0.00035997867 2.6600253e-05 0.0016964335 0.0008521906 1.1541622e-05 0.00043505157 0.000252459 0.000801692 0.023025736 0.0001374313 7.3974836e-05 0.00041651647 4.6494468e-05 1.940386e-05 0.00027311468 0.00038397266 0.00030508294 9.2825685e-05 0.00013770563 0.0001828874 0.00038241438 1.960015e-05
0.3494987 0.0058767656 0.018131446 0.0796609 0.003797199 0.0010854524 0.0063169096 0.035399426 0.08686222 0.038039755 0.5287853 0.45857316 0.1737057 0.32681888 0.010982798 0.0026648664 0.00882101 0.05481297 0.3731851 0.0005958512 0.1383548 0.00012733284 0.0006032822 0.0036017117 0.08688014 5.701472e-19 2.8738043e-05 0.007886366 0.0026739866 0.020764768 4.1569758e-05 0.002559326 0.023261718 2.8037197e-05 2.0964495e-05 0.057041142 2.6709815e-05 0.032552086 0.00030490378 0.21644853 0.007244818 0.81215185 0.9754129 0.0036920446 0.011981514 2.8565843e-05 0.0015390768 0.0026697174 0.41283992 0.000100735095 3.81391e-05 1.6578399e-05 0.34239283 0.00042898612 0.0034207464 9.088992e-05 0.008532823 2.46777e-05 0.050302554 0.0017452372 0.00010882114 0.00067201804 2.354017e-05 8.00896e-07 0.000115432034 6.675064e-05 6.803472e-05 0.00013029564 2.1649934e-07 1.1880417e-05 0.0004886912 0.00016059962 4.4131145e-08 0.043238875 4.3277246e-06 0.015490178 0.010804904 0.00040843576 8.390954e-06 0.0001670292 5.7279937e-07 0.0013865099 2.4137707e-06 7.0477204e-06 0.0051494488 4.253115e-06 0.00082787155 0.0013658488 7.019689e-06 0.00039516095 0.00039314505 8.2625775e-07 3.885049e-06 0.0007082184 0.0018003038 0.001062968 0.00081526366 0.00045001478 0.00042638025 1.7488557e-06 1.6269856e-07
0.936574 0.0047921166 0.0037981442 0.005013536 0.06315099 0.073156066 0.14557295 0.0020176477 0.002472445 0.08703544 0.00022911433 0.00034101112 0.00028960055 0.00017062399 0.0005989803 0.008398051 0.0012766407 0.00013062112 9.449799e-06 0.7799876 1.776602e-05 0.9264143 0.0006755798 0.46500328 5.4976892e-05 2.8738043e-05 1.0089753e-20 1.5620195e-05 3.6109268e-05 4.810207e-05 0.064248264 0.005379475 9.372732e-07 0.44661793 0.86275804 2.4324829e-05 0.039405428 1.25816e-06 0.0037498334 2.6043403e-05 7.3365154e-05 7.7053954e-07 1.6303817e-06 1.1913195e-05 1.98901e-08 2.6106127e-06 2.072028e-06 8.136247e-07 3.2900633e-07 2.7366134e-08 7.196024e-06 6.902137e-06 4.6418796e-07 4.481286e-08 4.824382e-06 0.30599812 2.065078e-06 0.37646514 1.6838264e-07 6.925171e-07 0.49276838 2.553997e-07 1.30948505e-08 0.0013020156 7.683336e-06 1.14345724e-07 1.2158001e-05 2.7484198e-06 5.028391e-09 0.024454622 0.3396862 0.2740559 8.780749e-11 4.0289447e-05 1.5721758e-07 9.0709196e-05 3.4730252e-05 0.008096888 7.4750454e-07 0.18200938 3.2783536e-08 8.387101e-05 2.522709e-07 0.00070072577 3.0323433e-06 7.96408e-08 7.342521e-05 3.2104992e-06 6.164526e-06 0.001247006 0.009545156 5.8314367e-08 9.078722e-06 4.5404387e-05 0.09188898 0.10163686 0.09355915 0.010682924 0.058108468 1.7766307e-07 1.8354402e-08
0.93414605 0.0014687759 0.008034769 0.006898266 0.00034350698 4.148948e-05 0.00067676505 0.05799619 0.070062056 0.035047013 0.028939946 0.07980259 0.25695714 0.00017633422 0.59119505 0.11688028 3.383086e-07 0.6888592 0.24786599 0.00056711695 0.7300759 3.0252537e-05 1.4063229e-08 0.04311009 0.00030403474 0.007886366 1.5620195e-05 1.1128564e-22 1.5187506e-05 0.00044391063 1.0869339e-05 0.33418545 0.8950907 1.4228552e-06 2.7481174e-05 0.0013454282 1.30596e-07 0.5138154 0.09194271 0.0012901485 0.6622082 0.028361669 0.0005681457 0.816014 0.14288448 0.58217835 0.44194224 0.3128507 0.001108769 0.18021643 0.17949833 0.108523406 3.3439595e-05 0.06652755 3.2946475e-05 0.0001389088 8.248866e-06 0.0016489734 0.0005542172 0.009371182 0.00010333996 0.018474894 0.018594787 0.02695176 1.3615538e-05 0.0067288764 0.054550212 1.5327483e-05 0.0065802056 0.011916441 0.00049410405 9.623235e-05 0.002629829 3.2367197e-06 0.00037074278 7.948043e-07 1.7096374e-06 0.016891044 0.0008331783 0.0014799025 0.00089076074 1.7920018e-05 0.00015436219 7.311802e-07 2.1579663e-05 0.00021390108 5.3452245e-06 7.584287e-05 0.004136643 0.01042666 0.036832545 4.3364813e-05 0.0019694245 1.6603319e-05 0.0006531059 0.00049101136 0.00019219994 0.016872698 0.00033735292 5.6643235e-05 1.3369154e-06
0.052506823 0.021841394 0.008962608 0.041512653 0.0010334972 0.0013529373 0.0013176466 0.0023164568 0.0014952068 0.0006193616 0.021115655 0.0030630957 0.00080889754 0.6481463 0.00015694428 0.00015897355 0.69207096 0.00027555012 0.0011827613 0.0004574684 7.870497e-05 6.718434e-05 0.8680304 0.00014603336 0.8199866 0.0026739866 3.6109268e-05 1.5187506e-05 1.8898607e-19 0.9717139 0.0350593 5.6628272e-05 8.7415225e-05 0.00015366744 0.0003475841 0.68642986 0.00025633536 6.1061415e-05 7.380336e-06 0.31519872 0.00011072727 0.00025347975 0.0018293129 7.279693e-05 5.7914835e-06 6.3798944e-07 3.553226e-05 1.6321093e-05 0.00021484414 1.610894e-06 0.00087114185 4.8824815e-05 0.00016683417 3.0822705e-06 0.12217226 0.00024545917 0.04814653 7.636048e-05 3.0380992e-05 6.739573e-05 0.0007865781 1.39791555e-05 4.97194e-06 1.4278965e-05 0.11323422 3.324328e-05 0.00011671442 0.054521192 1.9582687e-06 1.0775739e-05 0.0015132328 0.0017116982 4.213585e-07 0.0009160745 8.978331e-05 5.6264744e-05 3.6823218e-05 0.0003391767 4.5217756e-05 0.0001825934 5.0929684e-06 0.000376702 0.00011707137 0.00012277227 3.7504862e-05 2.1434918e-05 0.00010662439 0.05234091 2.856086e-05 3.3491553e-05 0.00019662295 9.302211e-06 4.083193e-06 0.00010835751 0.0005777372 0.00053323054 5.3783107e-05 3.820969e-05 0.00018801333 0.00012890004 1.1091105e-06
0.08134338 0.020039497 0.012557225 0.03838385 0.0023754968 0.0015105949 0.0028295766 0.0042692465 0.003157279 0.0031482468 0.039053395 0.0123540275 0.002599627 0.6736845 0.0010069357 0.0006424172 0.4603516 0.0013193046 0.004552992 0.00041579612 0.0007513107 0.00010855983 0.5856475 0.0004974525 0.9131452 0.020764768 4.810207e-05 0.00044391063 0.9717139 2.7952316e-17 0.012811221 0.0002536819 0.00063694693 0.0003076265 8.734715e-05 0.81155753 0.00025873247 0.00023387639 8.157364e-05 0.5931237 0.0008393399 0.0014974457 0.010408747 0.00065356266 5.0747603e-05 7.4643135e-06 0.00014330035 2.9526354e-05 0.00068526756 1.2317563e-05 0.000987286 0.00022255327 0.0005131668 8.178759e-06 0.14293271 0.0004884547 0.08872789 1.796862e-05 6.530299e-05 5.0472972e-05 0.00066149246 4.089165e-05 6.1825303e-06 9.910102e-05 0.041815218 5.919234e-05 0.000607819 0.024106631 1.1037486e-05 1.1995702e-05 0.0018109698 0.002358885 2.9998835e-06 0.0055390834 0.00015159514 0.00051693415 9.3939765e-05 0.00079366524 3.4608674e-05 0.00039054753 8.477655e-06 0.0012157742 0.0003599634 1.983518e-05 8.213922e-05 0.00015517871 0.00058837974 0.042598948 0.00054177776 0.0001069561 0.0007944362 1.0860389e-05 6.2752835e-05 0.00027781088 0.0005429304 0.00070908945 0.000100942816 0.00028187322 0.00031071444 0.00034862786 1.7546577e-06
0.43718117 0.050837006 0.022019515 0.025219979 0.022326808 0.035813544 0.009131535 0.0054441565 0.001241177 0.008793594 0.010266816 0.001066929 0.00026470196 0.017984461 0.0007010877 0.0055449344 0.10771379 7.4429285e-05 0.0001488277 0.29277062 1.5481935e-06 0.045264874 0.28969136 0.010787318 0.00533834 4.1569758e-05 0.064248264 1.0869339e-05 0.0350593 0.012811221 9.4711445e-21 0.00080094463 8.7946e-06 0.16792828 0.19347177 0.007020319 0.90520656 3.3411254e-07 0.00010678201 0.0025986268 9.780271e-05 3.826313e-06 7.0067463e-06 3.8108814e-05 1.4744955e-06 6.1904657e-06 2.3084971e-05 5.8525243e-06 1.6576333e-06 1.1634436e-06 0.00025749477 5.779069e-06 1.5644217e-06 8.947017e-06 0.0014552014 0.060114503 0.00018092121 0.0054998896 1.5200316e-05 3.8019618e-05 0.05146051 5.980479e-06 6.4055064e-07 0.0008579854 0.007002555 2.445267e-06 1.8899705e-06 0.0023948099 8.459708e-08 0.00079208787 0.011498035 0.020124007 3.2510845e-09 0.00013685647 1.3659255e-06 8.464934e-07 1.5454143e-06 0.005635443 3.719257e-08 0.0022597627 5.1236693e-08 1.5932223e-05 9.021199e-06 0.93758494 2.0984387e-06 7.948661e-08 2.8115903e-06 0.00027955408 2.9228542e-07 0.0026297588 0.0012066897 1.5505798e-08 2.0167779e-07 2.1498658e-06 0.06790653 0.060587678 0.008396794 0.00010509113 0.008250062 5.16416e-06 2.4639906e-09
