3.5683303e-24 0.9325928 0.12936816 0.32742575 0.83864444 0.93302345 0.9892764 0.95414823 0.5699106 0.99086684 0.993334 0.85366213 0.96995395 0.06763054 0.78605026 0.9483317 0.97907084 0.1321315 0.98883134 0.9980674 0.9925141 0.27183303 0.32275993 0.9868308 0.9798974 0.98465097 0.98631483 0.9739193 0.9583623 0.98084545 0.9074612 0.026295446 0.92148423 0.98473233 0.9752772 0.9447538 0.98107976 0.928042 0.9981429 0.79439527 0.87484497 0.4125728 0.90834314 0.023606457 0.6426949 0.96428275 0.802424 0.78812695 0.0676256 0.9330096 0.98775643 0.8778977 0.79699737 0.916219 0.9168439 0.035100557 0.051660858 0.86708826 0.62725157 0.012668616 0.8000095 0.9206969 0.3862429 0.0017428237 0.4655801 0.8603699 0.82728267 0.0017162987 0.3413715 0.9817636 0.80209744 0.45776376 0.7357227 0.12609018 0.021966588 0.73605573 0.08917803 0.76606643 0.13111217 0.00016696773 0.20204128 0.0009380307 0.1152179 0.7659532 0.0004796174 0.13452704 0.1234498 9.9959376e-05 0.43426928 0.15135811 0.017208928 0.009114459 0.00363245 0.001297732 0.09807484 0.00058252487 0.00036998763 0.007320574 0.3068031 0.010507886 0.00010780051
0.9325928 1.2271554e-18 0.95405227 0.006518126 0.004517188 8.901022e-05 0.32484642 4.621129e-05 9.732345e-05 0.8686304 0.0025233228 1.4212003e-05 0.5421925 3.0218454e-05 4.4163107e-06 0.00022207876 0.0006086366 0.0011935651 0.023872325 0.42679223 0.018902443 1.1087435e-06 9.054572e-06 0.48047724 0.0076707364 0.001476986 0.00026291667 0.0015800719 0.4418012 0.00037184806 9.20881e-09 5.321182e-06 6.1440424e-08 4.997456e-05 9.867654e-05 1.3490257e-05 2.7397396e-06 1.5233474e-07 0.104968145 2.23662e-08 3.726948e-08 1.6820314e-06 1.28848034e-08 0.0012231714 1.4520504e-07 4.2381618e-08 7.870345e-09 7.1237714e-09 2.8319198e-07 6.310782e-05 0.00018056975 1.2649471e-09 4.519413e-09 3.678592e-08 3.195338e-09 1.4369117e-06 1.1644709e-07 6.71557e-11 3.5986382e-08 0.016613172 7.9273954e-10 2.2820691e-08 2.0279652e-08 4.015691e-07 4.8803632e-09 4.5602594e-08 4.4988147e-09 2.1943757e-07 8.10744e-09 3.0254483e-08 3.7443173e-09 2.5964786e-09 2.6872014e-08 1.1781438e-08 2.787696e-07 8.9324464e-10 1.42803875e-08 4.5975145e-07 2.3503771e-08 8.0557136e-08 8.1497554e-08 1.6967181e-08 5.276923e-08 5.7803257e-10 1.43089965e-05 5.030888e-08 0.00020368115 1.2204998e-08 6.949018e-08 1.5769946e-07 2.46721e-07 1.4115215e-06 5.1004315e-07 1.3712703e-06 7.513547e-09 5.5510608e-08 1.00414006e-07 4.1820403e-08 1.6995189e-09 1.9467258e-08 1.8730551e-08
0.12936816 0.95405227 2.0821972e-18 0.9496786 0.21286924 0.012580569 0.027641485 0.0008716196 0.0053513455 0.089450344 0.0035885097 0.0016149003 0.06594334 0.0036803717 0.00014575508 0.0017393751 0.003928795 0.016460951 0.00466011 0.01935753 0.0012245392 0.00017169364 0.0010149938 0.021172462 0.0017061725 0.00029592533 9.039529e-05 0.0008567045 0.009338352 0.0002664668 9.672954e-06 0.00045731055 1.355014e-06 5.72039e-05 0.00024543205 1.908455e-05 1.268995e-05 1.9578429e-06 0.0039014546 7.7604926e-07 3.3394863e-06 0.0002630125 2.1373323e-06 5.0315193e-05 3.6173205e-05 7.402071e-07 5.0006282e-08 4.8624906e-07 0.00012480178 3.6870657e-05 0.0001248538 1.2297368e-08 1.5151143e-08 2.6340368e-07 2.1276549e-07 6.801717e-06 1.0786849e-06 4.4500754e-09 2.425891e-06 0.0007534726 2.1620993e-08 5.655363e-07 1.4533305e-07 5.268953e-06 3.147871e-08 1.2788314e-06 3.486616e-08 7.714286e-07 1.6206023e-07 2.5464135e-09 7.2299806e-09 1.50265e-08 3.896856e-08 6.7651627e-09 2.108141e-06 9.580685e-10 2.6728225e-08 3.9041564e-07 4.697315e-08 3.1290702e-07 5.644586e-07 1.2105245e-07 9.450005e-08 2.0595413e-10 0.00011512364 5.7844233e-08 1.84253e-05 8.738959e-08 1.2753803e-07 6.3831385e-07 8.670212e-07 7.7950654e-07 1.3643839e-06 2.1518206e-06 4.4034955e-08 1.3221593e-06 7.597751e-07 1.5299558e-07 7.5539965e-09 2.8998593e-07 8.782119e-08
0.32742575 0.006518126 0.9496786 1.569501e-19 0.38532665 0.0045960047 0.025390834 0.00015610148 0.003400241 0.0481815 0.00078299496 0.004998376 0.050694752 0.3554056 6.065289e-05 0.00017480769 0.000723461 0.963473 0.005409814 0.007673801 0.0014024669 0.00023840372 0.0021703304 0.013554932 0.0016785638 0.00041948346 4.7267065e-05 0.00029306544 0.010620658 0.0001129354 6.7160505e-07 0.0048530945 1.1581459e-07 6.65632e-06 3.680366e-05 4.857358e-06 6.9431513e-07 3.8809475e-07 0.003236933 2.0773205e-08 8.444811e-08 2.3945448e-05 1.6671258e-07 0.00044048866 2.0274672e-07 8.5193605e-08 1.3275796e-08 2.1622264e-09 5.2123105e-05 2.2585486e-05 0.00018422937 1.041892e-08 9.695894e-10 1.2960949e-07 6.506095e-08 6.15865e-08 3.869369e-09 2.853442e-09 2.2729522e-07 0.0064108297 2.188391e-08 4.05553e-08 1.2151249e-08 8.0974417e-07 9.662258e-10 6.6356415e-07 5.865188e-09 2.3458e-08 5.1321463e-09 4.5756218e-07 1.7770287e-09 8.0083373e-10 1.0027731e-08 1.932143e-09 2.9936704e-08 6.531989e-10 2.9301087e-10 1.0697312e-06 3.3651613e-08 2.2853872e-07 3.9488494e-08 2.7742006e-08 4.890242e-08 5.1137156e-10 0.00015740507 1.2899638e-07 4.8003996e-05 4.374671e-09 8.252136e-07 7.960754e-08 2.5961727e-08 1.843675e-08 1.5677537e-08 9.553761e-08 2.5414268e-08 9.487113e-09 1.6713084e-08 7.2269515e-08 3.409339e-08 3.0366405e-08 2.4050997e-09
0.83864444 0.004517188 0.21286924 0.38532665 6.9679246e-17 0.9300325 0.51608664 0.26571694 0.64517856 0.022954453 0.043020725 0.8269279 0.0125769945 0.60504574 0.22844754 0.0050369427 0.0024207514 0.062057 0.0025954233 0.00758275 0.0011677038 0.5661594 0.48947224 0.004971495 0.000351807 9.832418e-05 2.133037e-05 9.732326e-05 0.001489364 2.5128644e-05 0.0009254636 0.093834415 1.259913e-06 6.2868e-06 8.421746e-06 5.3701383e-06 2.3554915e-06 4.3275636e-06 0.0014255428 3.1054112e-06 0.00024947495 0.21554977 1.3529449e-05 5.8978672e-05 0.056623578 5.3039435e-07 5.975641e-07 2.0831445e-05 0.26240128 1.7104937e-06 7.635221e-06 9.584693e-09 5.9586224e-08 4.201813e-08 1.3254903e-07 0.0029599348 0.0010620237 3.341554e-08 0.0003954184 0.00024478714 6.842337e-09 2.1169802e-07 3.0148376e-06 0.0019781606 2.6861358e-08 4.5307296e-08 1.9453005e-08 0.0010395637 2.6513558e-07 5.238055e-08 6.7669306e-09 1.651897e-08 2.318758e-08 8.0810594e-08 2.9353772e-05 6.086071e-09 1.80198e-08 1.1617454e-07 2.2159755e-07 1.064444e-05 5.5593125e-07 5.324322e-05 7.824996e-08 7.438099e-10 7.846088e-05 1.2195784e-06 3.1605912e-05 2.2009755e-05 1.9453478e-07 4.098009e-06 1.6760339e-07 3.7751565e-07 1.0548533e-06 2.1593592e-06 6.917478e-06 3.2129558e-06 9.783582e-07 9.204943e-06 5.4603415e-08 5.8642686e-06 2.105336e-06
0.93302345 8.901022e-05 0.012580569 0.0045960047 0.9300325 8.724042e-18 0.67290205 0.7380688 0.67575926 0.06837946 0.26423076 0.59565806 0.13870725 0.02930795 0.22079462 0.049376 0.04561484 0.0015014674 0.020858252 0.041535772 0.02205418 0.120756365 0.08234329 0.014696237 0.0046411427 0.00081355294 0.0009740358 0.0010188692 0.0044348454 0.00022966824 0.0024470182 0.004838973 5.628672e-06 5.636389e-05 5.4407068e-05 8.741823e-05 3.1307987e-05 2.8121496e-05 0.006516346 8.940258e-05 0.0006361917 0.052923568 1.8598415e-05 0.00017663045 0.013766755 3.845812e-06 5.9525687e-06 8.43844e-05 0.01775684 2.118059e-05 7.876803e-05 5.2913457e-08 5.758348e-07 9.0810374e-07 1.6760412e-06 0.0010663135 0.0007746858 6.184676e-08 0.0005966411 0.00010649655 3.0144808e-08 3.4722893e-07 3.0264915e-05 0.00027971514 1.5142425e-07 7.283036e-08 7.9334995e-08 0.00034700037 3.0916112e-06 7.8405225e-07 7.849627e-09 3.4413716e-08 1.269444e-07 2.3175744e-07 5.631682e-05 4.6567683e-09 1.8164084e-07 1.7623779e-07 7.927642e-07 1.1250464e-06 4.3815244e-06 4.63512e-05 1.6117145e-08 4.5491197e-09 8.7424145e-05 1.0347131e-06 0.00013910049 5.897142e-07 1.6202824e-07 1.0655231e-06 8.004455e-07 1.2341898e-06 2.3807538e-06 1.0908599e-06 2.5125323e-06 5.980213e-07 4.3015157e-07 3.0622912e-06 3.119546e-08 5.6305835e-06 7.054798e-07
0.9892764 0.32484642 0.027641485 0.025390834 0.51608664 0.67290205 1.9552198e-13 0.48308477 0.122485444 0.40544152 0.7704313 0.08164062 0.78811395 0.011125095 0.051304713 0.052904323 0.13880208 0.003027583 0.06062987 0.121854044 0.11081204 0.008478877 0.010669632 0.033132296 0.025032032 0.012451427 0.0105018355 0.0032355315 0.008504422 0.00087468146 0.013852458 0.0003223806 0.0026925236 0.0041442127 0.0012020617 0.002836131 0.003277573 0.0025184138 0.016080715 0.001752335 0.003372347 0.004937918 0.0010809071 7.1933995e-05 0.004096773 0.001377336 0.00042657304 0.0005320211 0.00076028035 0.00049058563 0.0004384074 0.00023395827 0.00015613575 0.00026355308 0.0004904077 0.00010909516 0.00016429982 0.0001207411 0.00045735174 0.00025651365 0.00012858598 0.00024883408 0.00017269189 1.4332814e-05 7.495362e-05 6.2660445e-05 6.7404406e-05 5.320881e-05 6.319853e-05 1.4583148e-05 4.4035046e-06 0.00020035036 1.2572909e-05 2.109759e-05 0.00018386779 1.7727424e-06 8.51256e-05 0.00073903654 6.620731e-05 1.3971465e-05 1.7627932e-05 1.9584359e-05 1.9138042e-05 2.0778912e-06 0.001035538 0.0005837247 6.74287e-05 9.686929e-06 0.00010835048 2.7894192e-05 1.0483002e-05 1.687276e-05 6.7509422e-06 1.0724305e-05 5.678911e-05 3.2270816e-06 2.8832903e-06 1.8369952e-06 9.327617e-06 3.35461e-06 9.311268e-07
0.95414823 4.621129e-05 0.0008716196 0.00015610148 0.26571694 0.7380688 0.48308477 3.981657e-16 0.7828198 0.11927363 0.7792004 0.6291857 0.34039283 0.0034384949 0.77426624 0.49982944 0.2977167 0.00017278662 0.07189643 0.10120121 0.13523646 0.26325846 0.14137614 0.014790589 0.022129409 0.012092254 0.02162431 0.0033874032 0.0010778026 0.0009441971 0.34116456 0.0009851693 0.005627728 0.000360598 0.0004004763 0.00033317914 0.00023803476 0.004725819 0.005817892 0.005558925 0.064192526 0.25151998 0.004394152 5.175695e-07 0.17569226 3.7689944e-05 0.00025292794 0.011801806 0.027385544 2.554265e-05 0.00016553192 2.8105462e-05 0.00018877945 4.992147e-06 1.9301799e-05 0.017144054 0.011215088 0.0010734133 0.016403485 8.211197e-05 1.1199141e-05 7.717634e-07 0.0020847314 0.0006212315 0.00015378253 8.176738e-06 6.4929833e-07 0.0015297211 0.0005234311 1.5225095e-05 4.363567e-07 5.3065494e-05 1.0746143e-05 4.691457e-05 0.000534652 1.1883294e-07 1.4611589e-05 0.0005379252 2.4394616e-05 7.716329e-06 5.073657e-05 0.00021645322 1.1101931e-06 7.6181354e-06 0.00017990559 0.00028801328 0.00087468146 9.591858e-06 2.4318982e-05 3.6743902e-05 2.0049333e-06 2.823973e-06 5.267079e-06 1.8599293e-06 7.514429e-05 1.9393156e-06 3.7677722e-07 1.5578083e-06 7.101073e-06 4.772198e-06 4.2953627e-07
0.5699106 9.732345e-05 0.0053513455 0.003400241 0.64517856 0.67575926 0.122485444 0.7828198 1.3329848e-18 0.008832605 0.11753755 0.8672011 0.014664721 0.06585245 0.9213507 0.045325242 0.021045284 0.0012011363 0.0053746887 0.006556118 0.006719995 0.41940612 0.12389744 0.0021918053 0.002056474 0.0010064729 0.0013009643 0.0008350226 0.00037329688 0.00029314647 0.044612814 0.0075795264 8.532587e-05 7.7789955e-05 0.00016012095 0.00016165915 5.8745267e-05 0.0002496244 0.0005150714 0.0004159621 0.010887466 0.29523146 0.0004957457 6.2482827e-06 0.17553039 2.0581998e-05 0.00017197797 0.0011996417 0.029118324 1.1472038e-05 2.4224473e-05 4.9487885e-06 4.661123e-05 2.1331111e-06 7.4258314e-06 0.017049648 0.008720486 5.2251857e-05 0.0070011066 3.209864e-05 8.8741365e-07 7.465008e-07 0.0013921224 0.0022141496 1.6833466e-05 2.019023e-06 2.2866605e-07 0.004306261 0.00030144985 8.018387e-08 7.814004e-08 7.5131634e-06 2.990516e-07 5.961556e-06 0.00042102952 3.858616e-09 4.0606795e-07 6.28936e-06 0.00012747488 9.487946e-07 2.9016464e-05 5.67491e-05 1.7133981e-08 1.7191725e-08 4.123015e-06 0.00013513723 1.7652865e-05 6.561769e-07 7.440036e-08 1.0647907e-06 3.1866118e-06 1.5154172e-05 6.933905e-06 6.7915666e-06 6.346646e-07 3.1980408e-06 1.7924981e-06 2.2970808e-06 1.9988687e-07 3.3143106e-06 1.4923248e-06
0.99086684 0.8686304 0.089450344 0.0481815 0.022954453 0.06837946 0.40544152 0.11927363 0.008832605 4.015684e-18 0.03697412 0.0037271401 0.6750962 0.0026776292 0.0066215172 0.009385623 0.01886222 0.003454375 0.079345964 0.6027919 0.016113928 0.001224506 0.0010666945 0.34643856 0.012715198 0.005102629 0.0019153617 0.015033984 0.50263983 0.006784003 0.0005918574 0.0002603038 0.0004339332 0.001828867 0.0031676115 0.0011402923 0.0015880436 0.00040779822 0.083055325 0.00035986933 0.00012938913 0.00075518916 8.437861e-05 0.0014915337 0.000623522 0.00029879718 9.807264e-05 5.235706e-05 0.0005410995 0.00078015286 0.007842931 6.1696985e-05 1.3765947e-05 2.0270883e-05 6.5998895e-05 0.0001258717 0.00020523969 5.620422e-06 4.181688e-05 0.0015292311 7.038082e-06 0.00012577845 0.000100725294 0.00029730686 1.6241323e-06 8.799453e-05 2.254002e-05 0.00017239999 3.0058474e-05 9.3426665e-05 3.4002653e-05 2.8837347e-05 4.45525e-06 8.3292394e-07 8.752251e-05 3.6828005e-06 3.843806e-06 2.552368e-05 2.2097365e-06 5.4671815e-05 4.5124403e-07 4.3205036e-06 8.470768e-06 3.931662e-06 0.000904341 7.322186e-05 9.80271e-05 1.6194623e-05 0.00039853455 0.00022057888 7.3184683e-06 1.6058882e-05 1.9424153e-05 5.4503824e-05 2.9578327e-05 2.0181651e-05 2.433801e-05 6.8444424e-06 4.5870038e-05 3.897364e-05 6.359287e-06
0.993334 0.0025233228 0.0035885097 0.00078299496 0.043020725 0.26423076 0.7704313 0.7792004 0.11753755 0.03697412 9.774841e-15 0.112911075 0.21530916 0.0005930487 0.22317751 0.7575767 0.49886343 0.00015846164 0.10187912 0.07588816 0.359673 0.016113706 0.008653857 0.013323571 0.08742085 0.08296131 0.12827739 0.014784278 0.0017834841 0.0045160744 0.16588639 0.00011103161 0.056105055 0.012693777 0.002133745 0.015356285 0.005472531 0.03612279 0.0019169371 0.023422047 0.051527698 0.013886776 0.026650801 0.00010130639 0.023244442 0.0018087294 0.0072479453 0.016158355 0.00042822052 0.0003747706 0.00023586812 0.0027362173 0.0059246197 0.00023245593 0.001766425 0.0009979035 0.0011329032 0.005973072 0.0043036584 7.9228135e-05 0.00044976122 3.643804e-05 0.0021206057 5.2792715e-05 0.0008909694 5.8912286e-05 5.7189523e-06 7.198519e-05 0.0012280975 3.8218397e-07 5.4672255e-06 0.000769239 4.334106e-06 0.00011368989 0.0004957582 7.380153e-08 0.00010579877 0.0034721426 7.9544596e-05 5.705415e-06 5.624023e-05 2.5006935e-05 1.18185355e-07 1.2859025e-06 7.655275e-05 0.000369701 5.4776788e-06 9.303196e-06 5.7215962e-05 0.000121285935 3.4309344e-06 2.530388e-05 1.808447e-05 9.636547e-06 0.00010621822 1.5694712e-06 3.0438023e-06 7.120481e-06 7.0285876e-07 1.6635906e-05 1.0459779e-06
0.85366213 1.4212003e-05 0.0016149003 0.004998376 0.8269279 0.59565806 0.08164062 0.6291857 0.8672011 0.0037271401 0.112911075 5.1137777e-16 0.003100205 0.32327148 0.75140744 0.027118718 0.0038239057 0.0015200976 0.0011423145 0.0024263514 0.0011920413 0.8793752 0.77460146 0.0013910588 0.00020909177 0.00028677852 0.00033046343 0.000104477156 0.00047680852 3.542271e-05 0.055758648 0.055245314 3.5953813e-05 2.6794874e-05 5.0726194e-06 2.7762217e-05 1.7799532e-05 0.0001863994 0.00017343328 8.070975e-05 0.008960899 0.88050675 0.0001728321 3.4707895e-07 0.7367139 3.4303296e-06 1.4363726e-05 0.0001921774 0.68536216 2.2576837e-06 4.9763376e-06 6.0606567e-07 4.7546355e-06 1.8159175e-06 5.6456497e-06 0.10669797 0.039607592 2.4449034e-06 0.013111286 1.6347996e-05 2.8599945e-07 3.3017625e-07 0.0006430519 0.027736427 1.3703108e-06 2.4916426e-07 8.188897e-08 0.024558002 2.4241437e-05 2.1643369e-07 9.955636e-09 5.600927e-07 2.868254e-07 5.119308e-06 0.0030270026 1.46518655e-08 2.751201e-07 2.5024935e-06 4.2101266e-05 2.6996226e-05 9.4802e-06 0.00019284253 3.787878e-08 1.540163e-08 3.501396e-05 0.00019902019 7.100352e-05 3.4570905e-05 1.6099564e-07 1.1897306e-06 1.3221321e-05 3.3012632e-06 5.5202986e-06 1.5799302e-05 2.3857835e-06 1.4566663e-05 4.892995e-06 2.9487762e-06 2.175159e-07 4.380025e-06 4.644266e-07
0.96995395 0.5421925 0.06594334 0.050694752 0.0125769945 0.13870725 0.78811395 0.34039283 0.014664721 0.6750962 0.21530916 0.003100205 1.2389099e-18 0.0018447225 0.010452875 0.024158396 0.15104116 0.0026475778 0.7141837 0.8166097 0.2453707 0.0017626083 0.0009764735 0.3246628 0.21228525 0.053696398 0.015090142 0.21629192 0.025064945 0.08307398 0.0039958437 0.00018462703 0.004217945 0.02173084 0.04564188 0.008115704 0.008552188 0.001304395 0.1640848 0.0015313545 0.00046827924 0.00165788 0.0004007789 0.00014249807 0.0010025456 0.0022067851 0.0007401987 0.0005116743 6.369973e-05 0.0039644623 0.05758817 0.0003492115 0.0002255747 0.00074309355 0.0004392434 0.00022498862 0.00015031948 5.7464058e-05 7.69977e-05 4.05208e-05 0.00022225676 0.004421271 0.0003785551 0.0002891706 6.601135e-05 0.00079806667 0.0008329069 0.0002669982 0.00010599004 0.0064011496 0.0012581463 0.00021349957 0.00044562764 3.8721086e-05 7.442176e-05 0.00021232029 0.00011364567 0.00012163332 6.893879e-05 8.3484774e-05 2.4122715e-05 3.3577264e-05 0.0004985948 7.5098114e-06 0.000404932 0.0005340583 0.0014699368 4.0905885e-05 0.002987761 0.00085760735 7.736448e-05 0.00016176555 0.00020018173 0.0004259214 0.0011933807 0.0001098747 0.00015499486 9.03933e-05 2.484875e-05 0.00017687789 0.00015574001
0.06763054 3.0218454e-05 0.0036803717 0.3554056 0.60504574 0.02930795 0.011125095 0.0034384949 0.06585245 0.0026776292 0.0005930487 0.32327148 0.0018447225 5.4313988e-21 0.002087027 0.00010195958 0.00030205102 0.89822227 0.00081482326 0.001619819 0.0001413793 0.07385579 0.2720783 0.0012722759 0.00023027793 1.8138086e-05 1.0790907e-05 9.4192386e-05 0.0008041288 4.2954165e-05 4.833168e-06 0.9047469 1.6908537e-07 3.2761914e-06 3.1448494e-06 8.7220366e-07 6.6407824e-07 5.359897e-07 0.0005288902 6.4578046e-08 1.515704e-06 0.00851257 1.8696365e-07 0.00020152968 6.1720115e-05 1.3850382e-07 1.3463122e-07 6.220748e-08 0.27305022 1.4781189e-05 2.9729426e-05 3.7977816e-08 1.9794916e-08 1.0496462e-06 9.351741e-07 0.00012692293 1.9534851e-05 8.447869e-09 8.346622e-07 0.0009094866 1.0698766e-07 3.3266574e-06 1.8771547e-07 0.0013568401 2.2142546e-08 2.380395e-06 2.0342607e-06 5.5285473e-05 5.2271666e-08 1.2554343e-06 1.1649101e-06 1.3188969e-07 2.1897346e-05 1.1847193e-08 9.710816e-07 1.279473e-06 9.47507e-07 4.8672305e-06 5.457611e-07 1.595173e-05 1.3960297e-06 2.8696345e-06 1.1318585e-06 2.9586872e-07 0.0064703748 3.9757843e-08 0.0003368885 6.837181e-06 4.3926834e-06 2.5206878e-06 1.7743829e-06 2.5830788e-08 1.0791833e-07 6.9194314e-08 2.8658355e-06 4.487684e-08 2.179772e-08 1.2052135e-06 7.75399e-07 1.5328206e-06 3.1729655e-08
0.78605026 4.4163107e-06 0.00014575508 6.065289e-05 0.22844754 0.22079462 0.051304713 0.77426624 0.9213507 0.0066215172 0.22317751 0.75140744 0.010452875 0.002087027 9.990376e-19 0.18105778 0.087959595 0.00019471122 0.009447226 0.006554199 0.038044713 0.46249038 0.17605293 0.0021661813 0.010425869 0.004939437 0.017376035 0.0018912645 0.00028094972 0.00083376415 0.49836668 0.0013135402 0.002439206 0.0004615826 0.0003980937 0.0011806787 0.00026731132 0.0031175863 0.0004568413 0.008700313 0.13998155 0.68141997 0.008746594 6.578068e-08 0.62806284 9.9466684e-05 0.0012533417 0.013579715 0.14581005 6.6057575e-05 0.00012574786 5.7294368e-05 0.0002569573 1.47003975e-05 6.219612e-05 0.17235883 0.07481268 0.00036338807 0.10658515 2.1666252e-05 2.091429e-05 3.6989607e-06 0.013587235 0.009274145 0.00016798529 4.77015e-06 7.565669e-07 0.016982619 0.0016337648 1.8190078e-06 1.1421108e-06 9.905122e-05 5.7145417e-06 0.00038950937 0.0090711145 6.040866e-08 2.7707225e-05 0.000121175864 0.00057991693 6.633779e-06 0.0001782424 0.0006307615 1.3498838e-07 4.2747356e-08 6.735958e-06 0.0013992975 0.00014479664 2.1894757e-05 6.345332e-05 0.00038681764 1.5488587e-05 7.7928664e-05 8.269192e-05 0.00011901686 0.0001104459 0.00018616028 3.7939393e-05 5.679734e-05 6.06379e-07 4.676007e-05 2.9342156e-05
0.9483317 0.00022207876 0.0017393751 0.00017480769 0.0050369427 0.049376 0.052904323 0.49982944 0.045325242 0.009385623 0.7575767 0.027118718 0.024158396 0.00010195958 0.18105778 2.460713e-16 0.8801519 1.2690567e-05 0.04482389 0.020530147 0.27827314 0.010191841 0.0021779938 0.003260717 0.08711936 0.0916534 0.37972844 0.022972321 9.873e-05 0.011123821 0.25754982 3.0053243e-06 0.69392365 0.036649857 0.005776199 0.0833756 0.028544275 0.30486885 0.00073081016 0.2691684 0.06857685 0.010325649 0.09819126 6.4478576e-07 0.02340039 0.0109078055 0.07065887 0.054447547 5.6713612e-05 0.00060120475 0.0005836701 0.041832715 0.030859768 0.0007302921 0.02409292 0.00070220046 0.0008710475 0.03591528 0.006204902 1.22303e-05 0.007828718 0.00016526788 0.009325714 1.7948667e-05 0.0067403126 0.0005255266 4.5639903e-05 5.9805898e-05 0.0045085847 1.9755862e-06 0.00020413326 0.012330987 0.00023500773 0.00088616036 0.00032783544 5.623213e-07 0.0023239965 0.016633552 0.0003166068 2.3255016e-06 0.00018376647 3.2276283e-05 2.0442069e-07 3.5972178e-06 5.729494e-06 0.0015516125 1.8824954e-05 5.2294904e-06 0.00065181014 0.0023802249 1.6880696e-05 0.00016510939 0.00013956771 0.00019511775 0.0013261043 1.588245e-05 4.4262888e-05 0.00010543164 1.3959059e-06 6.258675e-05 8.161275e-06
0.97907084 0.0006086366 0.003928795 0.000723461 0.0024207514 0.04561484 0.13880208 0.2977167 0.021045284 0.01886222 0.49886343 0.0038239057 0.15104116 0.00030205102 0.087959595 0.8801519 6.94513e-17 1.11602685e-05 0.19501321 0.06592254 0.6070455 0.0023584655 0.00070403307 0.0060475427 0.47983086 0.30266184 0.4890823 0.089357816 0.00054201105 0.032217838 0.04429487 1.3528482e-05 0.25613394 0.09009655 0.020497793 0.29400724 0.06897216 0.07592177 0.0051219305 0.049919203 0.0103704175 0.00334962 0.012566642 5.7131172e-05 0.0055611897 0.028076561 0.039371785 0.010732107 2.2941635e-05 0.0022362138 0.004107794 0.022650588 0.011884164 0.005786879 0.01808745 0.00055890955 0.0016655589 0.006610491 0.0014386978 8.030257e-06 0.003686853 0.00045456426 0.0019711007 1.7559827e-05 0.0014031467 0.0007138397 0.000102179554 3.4705383e-05 0.0024552091 3.5955974e-05 0.0008035544 0.0021139395 0.00018399286 0.00038794454 0.00015220515 1.1268693e-05 0.0005549346 0.0031842503 0.0003150836 9.088554e-06 0.00012493122 8.279853e-05 7.667758e-06 3.210821e-06 1.2056417e-05 0.00074388424 0.00026186122 2.1344878e-05 0.0005083104 0.001476237 4.7120837e-05 0.00013249564 0.00011659916 5.6556117e-05 0.0016352081 6.2436065e-06 2.0140775e-05 0.00015742396 9.118733e-06 0.00018136624 1.3215497e-05
0.1321315 0.0011935651 0.016460951 0.963473 0.062057 0.0015014674 0.003027583 0.00017278662 0.0012011363 0.003454375 0.00015846164 0.0015200976 0.0026475778 0.89822227 0.00019471122 1.2690567e-05 1.11602685e-05 3.642434e-15 0.00054608687 0.003971374 8.132283e-05 0.0012131144 0.004719579 0.006307724 6.6363755e-05 1.0447641e-05 2.599396e-06 0.00013726769 0.008120133 3.0232435e-05 2.2107426e-07 0.84970874 2.3176342e-07 9.1640175e-07 1.930937e-06 3.181265e-06 1.7236289e-07 7.173566e-07 0.0032909755 1.8103037e-07 6.9529455e-07 7.673475e-05 4.412692e-07 0.0011131008 2.821561e-06 1.8299878e-07 7.5294065e-07 3.3631162e-07 0.0144523205 2.8122715e-06 2.0036061e-05 7.186223e-08 1.8143032e-07 2.308584e-06 1.1317724e-06 1.0185631e-05 4.4221097e-06 4.011004e-08 9.925391e-06 0.009972243 1.3441013e-06 1.3014357e-05 1.3679042e-06 0.0001507375 7.046493e-07 8.207254e-06 5.285244e-06 1.3606075e-05 1.0811937e-06 1.5980994e-07 2.2773797e-06 2.7574896e-07 2.6321586e-05 1.6491951e-05 2.9725895e-06 1.2922485e-06 3.6359083e-06 8.9149544e-05 1.50670885e-05 4.4500972e-05 8.782372e-06 1.7339473e-06 8.3716697e-07 1.3640744e-06 0.09767015 1.9486437e-05 3.9438015e-05 1.5328784e-05 8.3248095e-05 7.8601115e-06 2.8683611e-05 1.2749956e-06 1.097374e-06 6.0241427e-06 1.0011521e-05 1.523851e-06 1.3786461e-06 2.868056e-06 1.6989574e-06 1.9894694e-06 4.2680165e-07
0.98883134 0.023872325 0.00466011 0.005409814 0.0025954233 0.020858252 0.06062987 0.07189643 0.0053746887 0.079345964 0.10187912 0.0011423145 0.7141837 0.00081482326 0.009447226 0.04482389 0.19501321 0.00054608687 8.875882e-16 0.4247768 0.5995209 0.0008525669 0.00018141468 0.06298811 0.6087149 0.28475672 0.0768929 0.49583125 0.0067337905 0.27795658 0.0015474107 2.4113742e-05 0.012937444 0.1165486 0.09915097 0.07197061 0.078053914 0.007903431 0.11407878 0.0044862814 0.0008396221 0.00035497767 0.0010881887 0.00072274276 0.00019083392 0.021899298 0.0038671915 0.0010100243 2.2438977e-05 0.003815005 0.020539744 0.0021617599 0.0012181133 0.004931407 0.00270213 3.354519e-05 9.633877e-05 0.0002716045 4.0165687e-05 0.0002036155 0.001633401 0.008391434 0.00013705944 1.2123001e-05 0.0003596693 0.0015874243 0.0016177266 4.7498565e-05 8.239412e-05 0.005675481 0.0022628412 0.00037352712 0.00092057564 7.071868e-05 2.6016221e-05 0.0003294175 0.00016895957 0.0008556969 2.768805e-05 9.4212555e-06 0.00010386767 1.4519867e-05 0.00054771284 5.3241747e-05 1.124471e-05 0.00013152426 0.0010344734 6.0918937e-06 0.0016831523 0.0007969137 3.834223e-05 8.8641726e-05 0.00013609015 2.8845321e-05 0.0020852452 2.317708e-06 5.7684315e-06 7.7087636e-05 5.575437e-05 7.4756594e-05 3.772972e-05
0.9980674 0.42679223 0.01935753 0.007673801 0.00758275 0.041535772 0.121854044 0.10120121 0.006556118 0.6027919 0.07588816 0.0024263514 0.8166097 0.001619819 0.006554199 0.020530147 0.06592254 0.003971374 0.4247768 1.3742585e-20 0.0728905 0.0010323462 0.0011713085 0.6158991 0.101029485 0.041450772 0.00923193 0.1725661 0.59713614 0.12754229 0.0015579149 0.0007604805 0.004573088 0.027309215 0.14067382 0.0072188727 0.014426135 0.0021906663 0.6042751 0.0015922625 0.00035269215 0.0008939743 0.00035059484 0.0016210709 0.0003409006 0.003925471 0.0012718684 0.00027601534 0.0016465244 0.015132604 0.23382866 0.0007474041 0.0002799011 0.0017512733 0.0010974616 0.00039834515 0.00062098633 4.0502102e-05 0.00024723882 0.0012129397 0.000523913 0.005506521 0.00039458007 0.0015172638 7.126076e-05 0.00218345 0.0022062568 0.0011482376 0.00015263075 0.31077468 0.0041329227 0.0002081636 0.0038751343 4.6604608e-05 0.0009633111 0.0018711629 0.00035484257 0.0015137272 0.0002429475 0.00017675158 0.00010571535 0.00025508215 0.0032702198 0.0027174223 0.0013410228 0.0022900444 0.015121567 7.961427e-05 0.015175381 0.008122937 0.0007663055 0.0009874292 0.0018137523 0.0036182436 0.0044798856 0.0016934277 0.0017626135 0.0005040996 0.0018104024 0.00096961134 0.0009409749
0.9925141 0.018902443 0.0012245392 0.0014024669 0.0011677038 0.02205418 0.11081204 0.13523646 0.006719995 0.016113928 0.359673 0.0011920413 0.2453707 0.0001413793 0.038044713 0.27827314 0.6070455 8.132283e-05 0.5995209 0.0728905 2.3821486e-17 0.00067099306 0.0002014361 0.008409102 0.7161351 0.5930078 0.49834764 0.33661953 0.0006296361 0.17725168 0.01675661 1.8696512e-05 0.23596522 0.44971347 0.12453304 0.41289595 0.36994776 0.15183322 0.015310588 0.038272858 0.008215481 0.000126932 0.012968419 6.722068e-05 0.00023117989 0.3655531 0.106423706 0.009221884 8.199094e-06 0.020178966 0.011231833 0.19581269 0.07068031 0.060452804 0.168118 3.161921e-05 9.888171e-05 0.013345011 0.00014408282 5.547264e-05 0.1043525 0.016959727 0.00012271608 3.596775e-06 0.005147666 0.019480716 0.006871434 2.8221682e-05 0.00046943396 0.0008477732 0.019293096 0.014949809 0.014809855 0.0005622411 1.101554e-05 0.00059779733 0.005066434 0.111020915 4.74413e-05 2.0564828e-05 0.0008024573 4.238702e-05 3.956119e-05 0.0067716343 0.000106494925 3.29308e-05 0.00011245628 1.0457141e-05 0.015419564 0.00864067 9.320046e-05 0.00019736034 0.00010830338 1.537691e-05 0.02234316 4.5746733e-06 4.536645e-06 0.00088247075 0.0019729964 0.0018007098 7.0093934e-06
0.27183303 1.1087435e-06 0.00017169364 0.00023840372 0.5661594 0.120756365 0.008478877 0.26325846 0.41940612 0.001224506 0.016113706 0.8793752 0.0017626083 0.07385579 0.46249038 0.010191841 0.0023584655 0.0012131144 0.0008525669 0.0010323462 0.00067099306 8.0419905e-19 0.955694 0.00079870585 0.00038183536 0.00015418048 0.0003267352 0.00013357736 0.00032862835 5.248554e-05 0.0042471024 0.06365715 1.16256015e-05 2.6059004e-05 1.3292184e-05 6.5128035e-05 1.3106926e-05 0.00018493649 0.0001910982 0.00015621287 0.0023350779 0.62449574 9.665691e-05 0.00010344625 0.19951883 2.0029095e-06 1.5873004e-05 0.00017032502 0.5059987 2.2227441e-05 8.383898e-06 2.5740894e-07 1.0265209e-06 7.1416516e-06 2.8108986e-06 0.037296165 0.008005105 3.8098852e-07 0.001792372 3.4760436e-05 3.1097574e-07 1.4946249e-06 8.2771214e-05 0.01917045 2.6972214e-07 3.7175944e-06 1.9402646e-06 0.0096156625 6.5209547e-06 1.1148838e-06 4.14727e-07 4.700127e-07 1.3715822e-05 5.2045516e-07 0.0005211026 1.085271e-06 2.0072846e-06 3.941543e-06 1.6557666e-05 0.00037058583 7.3495435e-06 0.00020529998 1.9147298e-07 9.09409e-07 0.0008673645 0.00010876895 0.00034636425 0.0003542943 3.158173e-06 7.672228e-06 2.454464e-05 1.4111755e-06 3.6531096e-06 5.1447558e-05 8.614657e-06 3.309079e-05 1.7029326e-05 7.71596e-06 5.369168e-07 5.724731e-06 6.350293e-06
0.32275993 9.054572e-06 0.0010149938 0.0021703304 0.48947224 0.08234329 0.010669632 0.14137614 0.12389744 0.0010666945 0.008653857 0.77460146 0.0009764735 0.2720783 0.17605293 0.0021779938 0.00070403307 0.004719579 0.00018141468 0.0011713085 0.0002014361 0.955694 1.3254974e-15 0.0018776464 6.7966495e-05 2.5655754e-05 0.00016284549 2.5262025e-05 0.0008116009 6.8666845e-06 0.0005671605 0.346473 3.3888812e-06 8.81619e-06 1.2911939e-06 8.883751e-06 2.6505306e-06 1.3130059e-05 0.00019729145 2.412826e-05 0.00052923907 0.6802926 1.2010629e-05 0.00014576274 0.069854885 5.280409e-07 3.8971402e-07 2.2889142e-05 0.866965 2.7743222e-06 5.1992315e-06 3.6897156e-08 5.1325213e-08 2.0937969e-06 4.779245e-07 0.025324272 0.0051730503 1.5744092e-08 0.00081559457 0.00035867817 1.1258713e-07 5.192118e-07 1.5448153e-05 0.06363208 2.2719542e-08 1.3123856e-06 3.8247967e-07 0.026966477 4.0862798e-07 7.885139e-07 1.5120261e-07 4.280373e-08 9.1634047e-07 1.9263436e-07 0.0006521468 4.133255e-08 1.4410418e-07 1.202527e-06 1.6247644e-06 0.0004200962 1.0501408e-06 0.00014670868 2.1499324e-07 7.53062e-09 0.0006375033 2.7681393e-05 9.673419e-05 0.00043473614 4.612292e-07 8.2102486e-07 6.522497e-06 6.764224e-08 5.0661527e-07 4.7070466e-06 2.9424693e-06 1.0879525e-05 2.8431216e-06 3.4987775e-06 8.9926104e-08 1.2200821e-06 4.2585575e-06
0.9868308 0.48047724 0.021172462 0.013554932 0.004971495 0.014696237 0.033132296 0.014790589 0.0021918053 0.34643856 0.013323571 0.0013910588 0.3246628 0.0012722759 0.0021661813 0.003260717 0.0060475427 0.006307724 0.06298811 0.6158991 0.008409102 0.00079870585 0.0018776464 2.2958393e-19 0.009968463 0.0040893913 0.0013068417 0.02226077 0.10158622 0.0169492 0.00044912234 0.00096655585 0.00078363897 0.002647478 0.017442396 0.00087570894 0.0017970153 0.00038043284 0.717112 0.000384326 0.00043596965 0.0015243016 0.00014291439 0.1349749 0.00096264255 0.00045087803 0.00013274138 0.00017408999 0.00097120774 0.0013795604 0.023604302 0.00015450503 8.091329e-05 0.00016655534 0.0001428472 0.00056276476 0.00039325227 3.372241e-05 0.00046774145 0.019042663 3.3446708e-05 0.0007612515 0.0003610004 0.00068944116 6.347148e-05 0.00031756118 0.00030820913 0.00015390856 7.0083275e-05 0.012313823 0.00048916496 3.7167312e-05 0.0001981014 1.1429928e-05 0.000646075 0.00034868487 4.444168e-05 0.00013386965 1.8954315e-05 6.064583e-05 1.2192406e-05 4.7149828e-05 0.000269129 0.00020198993 0.0011260352 0.00022579446 0.011217586 6.9582093e-06 0.0014006004 8.149076e-05 6.7749126e-05 9.9846184e-05 9.1847534e-05 4.776598e-05 3.6571724e-05 4.8820297e-05 1.4750772e-05 4.0614636e-06 0.00034922585 1.1288106e-05 3.712542e-06
0.9798974 0.0076707364 0.0017061725 0.0016785638 0.000351807 0.0046411427 0.025032032 0.022129409 0.002056474 0.012715198 0.08742085 0.00020909177 0.21228525 0.00023027793 0.010425869 0.08711936 0.47983086 6.6363755e-05 0.6087149 0.101029485 0.7161351 0.00038183536 6.7966495e-05 0.009968463 2.2987398e-19 0.7630613 0.39667562 0.5744318 0.00041088005 0.29477447 0.0030658722 2.3634673e-05 0.18686834 0.4056992 0.19209687 0.49252662 0.32867897 0.03890254 0.017193059 0.007965885 0.0011744164 4.899423e-05 0.002551818 6.781144e-05 8.501162e-05 0.22277507 0.03224402 0.00082817994 6.301055e-06 0.011535368 0.013423184 0.036309123 0.0065961997 0.038476214 0.03145166 5.9348917e-05 0.00020101237 0.0012247185 5.2250765e-05 4.3832148e-05 0.008056461 0.0122428 3.2855296e-05 2.7110054e-05 0.000563002 0.0036164976 0.0035279158 0.00011145447 0.0003030294 0.0008741703 0.007959809 0.0020316348 0.0018768319 0.0001120949 1.3768508e-05 0.0013908305 0.001134004 0.005646111 0.00014776742 5.277681e-05 0.00040145998 3.5862002e-05 6.135689e-05 0.00085433753 6.2263905e-05 4.106305e-05 0.00021494889 2.1598213e-05 0.014030905 0.014453746 5.8162557e-05 0.00023935823 0.000115471106 0.0002806201 0.015642429 2.3841496e-05 3.120732e-05 0.0012480983 0.00039769456 0.0030895984 7.2963805e-05
0.98465097 0.001476986 0.00029592533 0.00041948346 9.832418e-05 0.00081355294 0.012451427 0.012092254 0.0010064729 0.005102629 0.08296131 0.00028677852 0.053696398 1.8138086e-05 0.004939437 0.0916534 0.30266184 1.0447641e-05 0.28475672 0.041450772 0.5930078 0.00015418048 2.5655754e-05 0.0040893913 0.7630613 1.27366235e-17 0.53482693 0.57985544 0.00042507713 0.34015754 0.0054586744 3.2727999e-06 0.22964686 0.59868985 0.38423434 0.54915065 0.50844675 0.10548108 0.017404404 0.021986833 0.0026688164 3.8943654e-05 0.009891327 1.245171e-05 0.00012698516 0.5272099 0.077164486 0.0040450147 5.924472e-06 0.033748623 0.024625098 0.1698992 0.040203188 0.13758712 0.25574338 1.0084675e-05 1.8444181e-05 0.0070635877 6.557678e-05 4.3480926e-05 0.102445975 0.037704952 0.00019968124 4.761369e-06 0.002108634 0.06868247 0.024056425 2.1924949e-05 0.00042972973 0.0042189835 0.06257021 0.010413712 0.020777538 0.00046775056 2.9595762e-05 0.00382674 0.0035355429 0.09089328 0.00014755127 3.0097744e-05 0.00046196353 5.6763554e-05 0.00067918136 0.009375675 3.3217544e-05 0.0001386674 0.001217748 1.990182e-05 0.01943587 0.018205935 9.9017125e-05 0.00014968375 7.389214e-05 3.801915e-05 0.013538846 7.230626e-06 1.8512892e-05 0.0014163995 0.0035780445 0.0017162611 1.01036385e-05
0.98631483 0.00026291667 9.039529e-05 4.7267065e-05 2.133037e-05 0.0009740358 0.0105018355 0.02162431 0.0013009643 0.0019153617 0.12827739 0.00033046343 0.015090142 1.0790907e-05 0.017376035 0.37972844 0.4890823 2.599396e-06 0.0768929 0.00923193 0.49834764 0.0003267352 0.00016284549 0.0013068417 0.39667562 0.53482693 9.210117e-15 0.14029464 0.000271215 0.102175385 0.081279814 1.1700166e-05 0.6358301 0.51672214 0.10788955 0.78797895 0.49719107 0.42965302 0.0025454478 0.13396642 0.0449955 0.00028811107 0.10020639 5.872638e-07 0.001536317 0.4715955 0.36338615 0.05334516 2.292261e-05 0.017372597 0.0056578503 0.48840353 0.25924265 0.14422618 0.48318508 0.00032959692 0.00042189346 0.15159613 0.0021774785 8.050923e-06 0.29932082 0.01901916 0.005256193 8.922444e-06 0.02521794 0.086473584 0.00946389 3.556525e-05 0.0058079613 0.00015213274 0.06028289 0.100299425 0.01350924 0.005242546 0.00014524083 0.0011272111 0.019763924 0.40250137 0.00088879897 1.9158202e-05 0.006301966 8.868933e-05 5.753059e-06 0.0131221 2.012985e-05 0.0011712302 0.00021853841 3.1481697e-05 0.04926936 0.040670343 0.0010236937 0.00056218193 0.00024663127 3.281061e-05 0.023387998 1.1039602e-05 1.1299071e-05 0.0022113093 0.0051242197 0.0018557907 8.056606e-06
0.9739193 0.0015800719 0.0008567045 0.00029306544 9.732326e-05 0.0010188692 0.0032355315 0.0033874032 0.0008350226 0.015033984 0.014784278 0.000104477156 0.21629192 9.4192386e-05 0.0018912645 0.022972321 0.089357816 0.00013726769 0.49583125 0.1725661 0.33661953 0.00013357736 2.5262025e-05 0.02226077 0.5744318 0.57985544 0.14029464 2.1551231e-17 0.0016505949 0.85896647 0.0009086354 1.4410348e-05 0.03048951 0.40348783 0.45482197 0.2973145 0.33488876 0.011976927 0.11428567 0.00473323 0.0003858661 3.571834e-05 0.0008484498 0.00050794135 1.3786482e-05 0.23430528 0.008466372 0.00048133134 1.4499623e-05 0.03306074 0.072613016 0.014327554 0.0031190496 0.05039976 0.023495166 9.455171e-06 3.3266497e-05 0.0002689104 1.6778828e-05 0.00019346515 0.011403178 0.03607161 0.0001230171 3.790265e-05 0.00036848348 0.010834812 0.010296742 1.4003e-05 0.00012979275 0.048870537 0.01507959 0.0012044715 0.006759466 8.681854e-05 9.84509e-06 0.0034022813 0.00085619924 0.004712736 3.5527515e-05 6.24539e-05 0.00013838256 2.1791539e-05 0.0019415857 0.00056035485 0.00017259723 0.00018966783 0.005463202 3.36235e-05 0.015837159 0.005260544 7.193805e-05 6.190569e-05 8.691646e-05 5.4540218e-05 0.005395696 9.982642e-06 1.4901098e-05 0.00056396105 0.00086109247 0.00059023715 4.0801664e-05
0.9583623 0.4418012 0.009338352 0.010620658 0.001489364 0.0044348454 0.008504422 0.0010778026 0.00037329688 0.50263983 0.0017834841 0.00047680852 0.025064945 0.0008041288 0.00028094972 9.873e-05 0.00054201105 0.008120133 0.0067337905 0.59713614 0.0006296361 0.00032862835 0.0008116009 0.10158622 0.00041088005 0.00042507713 0.000271215 0.0016505949 2.8446943e-08 0.0013846566 0.00010367578 0.0003797639 2.6338234e-05 0.00022880294 0.0018459633 1.2555487e-05 0.000114294875 1.4509513e-05 0.043253146 1.3514618e-05 8.662989e-05 0.0014105346 2.485887e-05 0.2983389 0.0016077955 1.4264919e-05 7.787583e-07 3.588972e-05 0.0013900886 9.622446e-05 0.0013841286 3.044354e-06 1.0185199e-06 1.2097482e-06 2.1793774e-06 0.0016246529 0.004559945 8.362808e-06 0.0016813162 0.7295954 5.3388385e-07 9.132344e-06 0.0016891729 0.00034270794 5.410971e-06 7.332e-06 1.2849634e-06 0.0005015626 0.0009864263 0.001681649 2.1074275e-06 9.882214e-07 9.743405e-07 2.8979944e-06 0.003194231 3.346976e-06 1.0617041e-06 1.3727134e-06 3.416166e-05 3.735987e-06 1.3231797e-06 8.727354e-05 9.696283e-06 6.711204e-07 0.0011080892 0.00033135523 0.031163834 4.1678622e-06 1.2789162e-05 1.860687e-06 2.1551048e-06 2.2606193e-05 2.611944e-05 4.6788842e-05 9.3584895e-08 2.8325248e-05 2.0230125e-06 5.0604235e-08 4.5405076e-07 1.7018398e-07 1.3098074e-06
0.98084545 0.00037184806 0.0002664668 0.0001129354 2.5128644e-05 0.00022966824 0.00087468146 0.0009441971 0.00029314647 0.006784003 0.0045160744 3.542271e-05 0.08307398 4.2954165e-05 0.00083376415 0.011123821 0.032217838 3.0232435e-05 0.27795658 0.12754229 0.17725168 5.248554e-05 6.8666845e-06 0.0169492 0.29477447 0.34015754 0.102175385 0.85896647 0.0013846566 1.1190783e-18 0.0002734673 5.9444446e-06 0.008310496 0.32749635 0.83613306 0.22325958 0.31421316 0.006295647 0.17505047 0.0022792667 0.000106933556 5.8949004e-06 0.0004175991 0.00042880143 5.900677e-06 0.28971052 0.0055713127 0.00024223472 7.738437e-06 0.073603295 0.11223746 0.01081185 0.0022743163 0.0590175 0.02563408 3.3211354e-06 1.5366077e-05 0.00012847161 9.174515e-06 5.8472113e-05 0.012590604 0.07054409 4.9560505e-05 1.4337983e-05 0.00023111221 0.017225051 0.01287455 8.29012e-06 3.4948338e-05 0.12269383 0.020480588 0.0008631112 0.009295928 5.2883064e-05 2.2446095e-06 0.0046492433 0.0006766115 0.0038752598 1.0961821e-05 1.2432465e-05 6.823628e-05 1.7225217e-05 0.0046376344 0.00095769874 7.629539e-05 5.972747e-05 0.007459981 6.0147913e-06 0.017541986 0.008722379 4.762307e-05 5.4106647e-05 0.00011622083 6.952535e-05 0.008385279 1.645092e-05 2.8603547e-05 0.00030635617 0.0008761027 0.0005584295 6.665795e-05
0.9074612 9.20881e-09 9.672954e-06 6.7160505e-07 0.0009254636 0.0024470182 0.013852458 0.34116456 0.044612814 0.0005918574 0.16588639 0.055758648 0.0039958437 4.833168e-06 0.49836668 0.25754982 0.04429487 2.2107426e-07 0.0015474107 0.0015579149 0.01675661 0.0042471024 0.0005671605 0.00044912234 0.0030658722 0.0054586744 0.081279814 0.0009086354 0.00010367578 0.0002734673 3.0634637e-20 5.0571866e-06 0.030075008 0.0010160973 0.00010405367 0.0016714465 0.000725172 0.087236024 0.00018835055 0.41578656 0.9224034 0.13793786 0.5885184 1.2386937e-05 0.54435295 4.7022477e-05 0.009450281 0.6022624 0.0005850363 1.5554519e-05 1.9458415e-05 6.946855e-05 0.0055927476 1.02763215e-05 3.9107636e-05 0.08982901 0.1193536 0.046072427 0.5354503 4.2421857e-06 6.3760535e-06 1.4105062e-07 0.39245045 0.00050004356 0.0060457634 3.4274876e-06 2.0399908e-07 0.0039192806 0.084649175 2.3526209e-07 1.5255891e-07 3.7826096e-05 5.2236715e-07 0.0022350955 0.029405523 3.5894043e-08 6.597586e-05 4.2986743e-05 0.010078921 9.2514506e-07 0.00024027145 0.0005615676 3.6590801e-09 5.4352762e-09 1.0355255e-06 0.06019989 4.783368e-05 8.155649e-06 3.324515e-07 9.501832e-06 9.4505514e-05 0.0005353997 0.00045253432 0.0015976754 6.7211035e-06 0.00069328694 0.00055248366 6.176866e-06 2.5935794e-08 7.275865e-06 0.00013937855
