1.933917e-27 0.0030221439 1.7713657e-05 0.00877536 0.00027396067 0.008815459 0.008219333 0.07059337 0.016091468 0.4826974 0.00934114 0.12794909 0.377768 0.1377609 0.29085732 0.9415598 0.7949096 0.9344318 0.0021972992 0.4919176 0.4392322 0.0005790714 0.98384553 0.009126507 0.01985323 0.0339305 0.7451814 0.92749685 0.28338957 0.9711609 0.089566566 0.8821032 0.57494426 0.16862471 0.3045628 0.9780831 0.0011767837 0.32470217 0.97351635 0.95166194 0.973335 0.00018324844 0.90582126 0.8283379 0.9032561 0.57016015 0.8392712 0.7066127 0.9351324 0.93931264 0.86683077 0.9122684 0.9192399 0.9302002 0.9528773 0.9610835 0.2238923 0.86184 0.22598475 0.94918394 0.8433425 0.8801924 0.9242369 0.93484616 0.8230545 0.9032769 0.95309854 0.94850755 0.82568973 0.78571045 0.96499836 5.3029748e-08 0.94166005 0.30043256 0.299789 0.0023023316 0.96727586 0.8656304 0.8973115 0.8103195 0.8354934 0.88936543 0.9704073 0.7385137 0.9990975 0.9999868 0.47158888 0.9871025 1.2736945e-05 0.036158793 0.00029774927 0.99598116 0.9786412 0.026671654 0.9974448 0.97792184 0.8815871 0.99525046 0.9990959 0.9999768 0.8156236
0.0030221439 1.9959108e-16 0.31136626 0.9705418 0.13628551 0.8901742 0.1476552 0.64683825 0.009994546 0.39498597 0.00080602063 0.09746008 0.016519971 0.05716383 0.001280156 0.045090232 0.001545066 0.02054657 0.0001538748 0.0003607206 0.00011487317 0.0017142025 0.0016848764 0.0016004416 8.1437224e-07 3.3761908e-06 1.7606862e-05 0.0024156142 0.0009834411 2.0839392e-05 0.00040016323 0.0014398226 0.0004127473 0.00038298962 0.00026086695 0.0015993332 4.1061172e-05 0.00015287753 0.0011351136 0.00040310354 0.0014795265 8.967276e-05 6.4196945e-05 2.0867214e-05 0.000100827645 2.6836125e-05 3.1329106e-05 2.2671848e-05 2.9589894e-05 1.2584485e-05 1.6880762e-05 7.152448e-06 2.6911963e-05 6.2821787e-06 2.9148958e-05 8.697058e-06 3.3279983e-05 2.1034748e-05 1.9201772e-05 0.00015367125 0.00011309503 8.426121e-05 0.00020097596 3.8680006e-05 2.2547994e-05 2.397833e-05 4.6951543e-05 3.4595262e-06 5.8284068e-06 4.6171713e-06 4.2735315e-05 5.5518158e-05 0.00013162864 2.07511e-05 5.1387756e-06 0.000108097716 1.0040195e-05 4.3291137e-05 1.3892518e-05 4.5271668e-06 1.5975798e-05 1.2012408e-06 0.0007471643 1.2001977e-06 0.000119902186 1.3455371e-05 2.874887e-07 0.0010115671 5.146898e-06 7.876285e-07 4.940197e-06 0.00016929231 2.1992162e-06 2.0588857e-06 0.0002280218 2.5964122e-05 0.00064280204 3.4547335e-07 9.623547e-05 8.390326e-05 0.00093687646
1.7713657e-05 0.31136626 2.9382442e-15 0.59375 0.9456241 0.02836596 0.011818058 0.045365524 0.03106765 0.032472312 0.002368648 0.0038541174 0.017914621 0.003130684 0.003208409 0.0022235638 0.0010597635 0.00028979228 0.0038130516 0.0005294052 0.00015111461 0.0013401567 0.00017120525 0.0009465502 7.2435773e-07 4.3944224e-06 0.000109656125 0.00019987002 0.00015770632 3.4609668e-05 0.000115114985 1.5321288e-05 3.8114846e-05 0.00016090149 7.516279e-05 7.999023e-05 3.4714354e-05 7.866872e-05 8.404869e-05 3.616624e-05 9.923928e-05 0.00019978426 2.0107094e-05 2.146929e-05 2.4521269e-05 3.526385e-05 3.4409237e-05 1.0933715e-05 0.00011077374 3.11196e-06 1.4572484e-05 5.615702e-06 5.147784e-05 8.2279275e-06 1.8382983e-05 1.548308e-05 6.774738e-05 9.226898e-06 2.9706951e-05 0.00012564323 7.672685e-05 0.00038240492 0.0017928832 0.00011864436 3.230446e-05 2.6249767e-05 7.0690425e-05 3.2336773e-06 5.7679035e-06 1.6391192e-05 2.5648247e-05 3.74365e-05 0.00037598633 8.26149e-05 4.544901e-05 6.991091e-05 5.3770464e-06 3.7456426e-05 1.8582e-05 3.578305e-05 6.2576844e-05 1.060189e-05 0.00039108738 6.7701812e-06 3.323187e-05 9.76812e-06 9.584625e-06 0.00040437994 8.802177e-06 3.3386743e-06 1.1848492e-06 4.0991446e-05 4.121207e-06 2.2015547e-05 8.122169e-05 1.6717786e-06 6.558828e-05 1.1846188e-06 3.7597503e-05 4.4703484e-05 0.00014122513
0.00877536 0.9705418 0.59375 1.5899553e-17 0.6763462 0.17520195 0.008713874 0.4348593 0.3782077 0.566431 0.082839586 0.048130017 0.22195275 0.009588666 0.03626862 0.10515909 0.012069119 0.016756594 0.0068575717 0.004338937 0.00057304755 0.00039897094 0.003952895 0.00053231133 2.5101326e-06 6.683063e-05 2.2816439e-05 0.006289142 0.00047246047 0.00011400769 0.00071131036 0.0016970889 0.0003483173 0.0003187746 7.525071e-05 0.0030431624 2.317696e-05 2.0256468e-05 0.0005231309 0.0007938242 0.0009162947 1.47299115e-05 0.0004507037 3.3649883e-06 0.0002079144 0.00020039125 3.3478715e-05 6.0799466e-05 3.423517e-05 4.683978e-05 9.275714e-06 3.5919352e-06 1.2787223e-05 4.7533294e-06 4.787375e-05 2.0661437e-06 0.0013437086 2.5508203e-05 6.0036942e-05 0.00029756728 0.000118073556 0.00015241373 0.00028431896 9.189177e-05 4.4882174e-05 1.1438216e-05 1.8758788e-05 4.6885725e-05 2.9167923e-05 4.738057e-05 7.073196e-05 6.3011066e-05 0.00024371305 0.00016417561 3.9351075e-05 0.0017191542 2.0019937e-05 6.2072344e-05 4.8754468e-05 9.342101e-06 3.4852033e-06 6.5079953e-06 0.0041658278 7.352666e-07 0.0002673641 1.0903206e-05 1.001779e-06 0.0018225138 1.0303213e-06 1.3965742e-06 1.9832237e-06 0.00017900673 5.2693194e-06 6.875006e-06 0.0012047604 0.00028075287 0.0020506447 4.889863e-07 0.001730826 0.00016273062 0.0009467791
0.00027396067 0.13628551 0.9456241 0.6763462 1.6176627e-14 0.006163224 0.0016721998 0.032529134 0.086763434 0.038673304 0.009223481 0.003213552 0.021514855 0.0019846694 0.0068294983 0.0030545196 0.0020598178 0.00052413414 0.02258512 0.0017792751 0.0006186329 0.00025571883 0.0002573416 0.001152297 2.387468e-06 1.8571724e-05 0.000160535 0.0004423021 0.00045802045 0.00010434015 0.0005942889 3.776075e-05 0.00011445848 0.00047102888 0.00019749213 0.00020254431 6.246553e-05 0.0003224504 6.516121e-05 6.742678e-05 8.128453e-05 0.00011725071 7.4467556e-05 4.530361e-05 9.0111505e-05 0.00012594806 9.8343684e-05 6.845006e-05 0.00014480145 1.1037413e-05 4.1756346e-05 1.990761e-05 0.00018610526 3.0559153e-05 0.00010859587 2.0551633e-05 0.0010362271 3.6603444e-05 0.00040595917 0.00030571877 0.00085834257 0.00034040405 0.0009367693 0.00012627857 6.012002e-05 0.00018256136 9.7972705e-05 2.025075e-05 4.6084406e-05 0.000105040635 0.000105704166 7.133379e-05 0.001304601 0.0007474212 0.00036547458 0.0006414964 1.6490489e-05 0.00015806542 6.67803e-05 9.296619e-05 4.2192223e-05 3.0609117e-05 0.0006501342 2.2018385e-05 0.00013211963 9.475933e-06 2.6545516e-05 0.0021331469 1.49356565e-05 1.0296629e-05 5.646894e-06 0.00024823015 5.0938966e-06 6.769932e-05 0.00042128877 2.1025764e-05 0.00067333924 1.7416006e-06 0.00033010117 8.945708e-05 0.00042222472
0.008815459 0.8901742 0.02836596 0.17520195 0.006163224 3.1062691e-16 0.9496448 0.801148 0.0010051362 0.26072627 0.00021185892 0.21230139 0.0027889314 0.27983162 0.00029556346 0.033837315 0.00050160615 0.07375074 0.000112911715 7.603043e-05 4.0847295e-05 0.0069667622 0.0009912148 0.0030732376 1.1142153e-06 4.1165404e-06 2.0229036e-05 0.0016679433 0.0012577054 3.426715e-05 0.0018631206 0.0024059697 0.0014460812 0.00062924507 0.0003154856 0.0013105316 0.00011936584 0.00043125777 0.002215028 0.0007380516 0.0024647654 0.00025872927 7.5205804e-05 0.00014113438 0.00028106285 2.1910048e-05 0.00017618125 1.9379228e-05 0.000116454925 2.0476178e-05 2.8397573e-05 5.1872725e-05 4.2769647e-05 6.3183975e-06 3.463301e-05 2.7471346e-05 1.129446e-05 1.9101026e-05 1.9947108e-06 9.5292795e-05 1.9708891e-06 3.145844e-05 0.00017400635 3.089918e-05 2.8944412e-05 3.7924525e-05 5.557441e-05 8.4922317e-07 1.7755357e-06 7.12347e-06 4.026506e-05 1.5103975e-05 7.2091852e-06 5.3934986e-07 2.0252952e-07 1.2333526e-05 1.1921651e-05 2.3729437e-05 4.7354756e-06 2.3881898e-06 1.8333087e-05 4.6466408e-07 0.0002228015 8.542854e-07 0.00010927582 9.747429e-05 3.8019994e-08 0.00060638116 3.5877003e-06 3.700054e-08 1.6808943e-06 0.00012195423 1.7831736e-06 3.362135e-07 0.000245883 8.708846e-05 0.0010698981 2.7494712e-06 0.0001556092 0.00013513686 0.0008704172
0.008219333 0.1476552 0.011818058 0.008713874 0.0016721998 0.9496448 3.845324e-17 0.5184615 0.00036659217 0.049549088 5.6503985e-05 0.2586545 0.00095722795 0.8299002 0.00020917793 0.0115835145 0.0001900267 0.083746046 2.0143234e-05 0.0001002124 2.0341686e-05 0.123043984 0.00021778441 0.2387213 4.696229e-07 1.7486404e-06 2.6070315e-05 0.00044366685 0.0067590987 3.8393893e-05 0.08404788 0.0008475432 0.0037946287 0.0016818726 0.0010220681 0.0005339957 0.0022825145 0.0010936245 0.0045315363 0.00030726 0.0038054502 0.002884495 2.3238488e-05 0.0003794113 0.00027067622 3.0137295e-05 0.00027960044 3.51731e-05 0.00028056017 7.4803056e-06 8.2215156e-05 0.00025319803 0.00022867184 1.0470363e-05 0.00011932919 6.1029394e-05 2.5827552e-05 1.4590089e-05 3.8305756e-05 9.3568444e-05 1.0792821e-05 3.297332e-05 0.00017935995 1.9936962e-05 3.0939016e-05 0.00010610654 1.9882962e-05 6.7660694e-06 6.92295e-06 2.3581604e-05 5.4093598e-05 0.00015604135 1.6521373e-05 2.4699984e-06 4.8938654e-07 4.6368223e-05 7.217282e-06 4.57297e-05 1.6029628e-05 2.418499e-06 5.001924e-05 1.160674e-06 0.00015567451 1.8378995e-06 6.7143796e-05 1.5718715e-05 5.3091406e-07 0.00036843025 2.0879395e-05 5.0422074e-07 5.316967e-06 7.0579816e-05 2.7261005e-06 1.347435e-05 7.041308e-05 3.5697296e-05 0.00049005024 7.77677e-07 5.7325902e-05 0.00012829922 0.00029196576
0.07059337 0.64683825 0.045365524 0.4348593 0.032529134 0.801148 0.5184615 4.8695097e-21 0.008786708 0.897751 0.00041988792 0.90715814 0.025579697 0.71771723 0.0012921382 0.32678294 0.00239771 0.5297999 1.0120785e-05 0.00048803262 4.286638e-05 0.0033848826 0.0015291756 0.005087862 8.5240464e-07 2.965143e-06 2.0201911e-05 0.038186226 0.0081546 4.4525845e-05 0.005862712 0.038175564 0.01915583 0.0022924624 0.0010812825 0.011380608 0.0002875116 0.002095589 0.009397979 0.0029988568 0.010365295 4.34903e-05 0.0011816412 0.0012247068 0.0012964221 0.000769052 0.0011205183 0.000597418 0.0004212494 0.00033568664 0.00029140522 0.00017901185 6.265447e-05 3.7940987e-05 6.401055e-05 3.505218e-05 5.998226e-06 0.0003262902 5.043823e-05 0.00033630972 2.9612518e-06 4.095378e-05 0.0002986963 3.2282067e-05 3.739386e-05 2.964339e-05 0.00010840464 6.4259943e-06 7.031588e-06 1.1866196e-05 0.0002256823 2.9024003e-08 8.883611e-07 1.8683498e-07 3.942678e-08 1.5044431e-05 2.0794387e-05 4.9917733e-05 9.0909725e-06 2.1190951e-07 8.805921e-06 2.5297906e-08 0.0005922589 8.657083e-09 8.9447436e-05 1.7064507e-05 3.8717705e-08 0.00056976645 7.030384e-07 3.7839566e-08 6.9789064e-07 9.899673e-05 1.0001153e-06 1.5298077e-06 0.00036146393 7.353004e-05 0.00011948143 5.883634e-08 0.00015444995 0.00011256915 0.0006234557
0.016091468 0.009994546 0.03106765 0.3782077 0.086763434 0.0010051362 0.00036659217 0.008786708 1.36579406e-17 0.1481555 0.9702517 0.0016446302 0.62269 0.00035510157 0.46094432 0.029445829 0.18075186 0.0028367625 0.40799665 0.14749523 0.10036743 6.747753e-05 0.04071887 9.1559195e-05 0.005285385 0.008923375 0.018019794 0.0076136473 0.000261539 0.01269072 0.00066285173 0.0009727802 0.00011983575 0.00047217237 0.00028494356 0.0045368248 0.00015459392 0.00023583484 0.0003448873 0.0006676598 0.00082796195 4.0539508e-05 0.0008997364 0.0001231562 0.00014690582 0.0010629792 7.943725e-05 5.4070024e-05 0.00018915447 0.0012038735 1.48517975e-05 1.3710421e-05 8.307115e-05 0.0004175037 0.001061524 4.409478e-05 0.0013937032 3.1045893e-05 0.0007451196 0.00032934838 0.0069896984 0.000116959556 0.0004598429 0.00011133145 1.394346e-05 6.379092e-05 4.6078298e-05 0.0004849159 0.00029098007 0.0010706274 1.7131051e-05 1.1014773e-05 0.00040708616 5.020227e-05 9.100159e-06 0.0025814131 1.2268782e-05 1.5591084e-05 5.6107856e-05 1.391072e-05 9.887035e-06 7.415173e-06 0.0010976201 4.7533613e-06 3.4896588e-05 1.5048865e-05 9.502721e-06 0.002010371 1.1395181e-06 1.4327135e-06 8.280062e-06 2.0509911e-05 1.6088336e-06 8.438067e-06 0.0015735943 0.0004348141 0.0027794878 4.793754e-08 0.0015494602 5.753847e-05 0.0012547534
0.4826974 0.39498597 0.032472312 0.566431 0.038673304 0.26072627 0.049549088 0.897751 0.1481555 5.6237553e-18 0.017044818 0.55372036 0.4024255 0.2077627 0.0658143 0.939692 0.09319734 0.5984804 0.0005038939 0.01054494 0.0008434463 0.00021144272 0.15622891 0.0049904506 7.553789e-05 0.00019663402 0.00030295545 0.36700073 0.012648932 0.002920018 0.005667171 0.15145418 0.025055386 0.0018054376 0.0012231334 0.092428714 7.4319345e-05 0.001294817 0.022872556 0.01931125 0.035591792 3.337681e-06 0.011311093 0.0011760695 0.005853823 0.0065124193 0.0026104436 0.0024394793 0.0008468859 0.0058260346 0.0003042894 0.00011520624 0.00011603985 0.000100890466 8.764838e-05 0.0001358903 4.6346162e-05 0.0022837927 6.577156e-05 0.0032330656 1.3993027e-05 0.00021116645 0.0007657229 0.00021031669 2.479038e-05 2.131965e-05 0.001057503 6.290413e-05 2.3677872e-05 0.0048471275 0.0006173472 3.144478e-06 2.6691062e-06 1.0070474e-06 4.6866725e-07 0.00028705 0.00011638863 3.621884e-05 2.580201e-06 6.519546e-07 2.7176618e-06 2.0370832e-08 0.002558766 2.3078597e-08 0.00013001029 0.0007457249 2.882805e-07 0.0017386909 2.2798079e-07 2.1517253e-07 7.302318e-07 8.485181e-05 9.987779e-07 2.3030427e-06 0.0011270466 0.00064622535 0.0013419484 4.5994835e-07 0.0030570752 0.00016744882 0.002251673
0.00934114 0.00080602063 0.002368648 0.082839586 0.009223481 0.00021185892 5.6503985e-05 0.00041988792 0.9702517 0.017044818 3.9606459e-16 0.00021884163 0.44729874 2.1632824e-05 0.43899906 0.0036114727 0.10818161 0.00024348167 0.75780505 0.16435598 0.12400152 1.2312349e-05 0.011672601 1.5790534e-05 0.015146515 0.018197125 0.018024083 0.0015885798 5.878825e-05 0.0032469549 3.9563343e-05 8.690071e-05 2.4053406e-05 0.00012676265 4.959289e-05 0.0008738377 1.7905755e-05 6.506466e-05 9.187775e-05 0.00014307993 0.00036254764 2.8760882e-05 0.0002605181 6.158294e-05 9.393122e-06 0.0005714447 9.064775e-06 5.382988e-06 5.0920335e-05 0.00024538688 3.0698848e-06 3.2681403e-06 1.2877145e-05 2.191011e-05 0.000153855 1.6704282e-05 0.00010677478 7.662261e-06 9.677987e-05 0.00014171597 0.0009937843 3.865707e-05 0.00012573611 4.998967e-05 5.261542e-06 7.302426e-06 1.43142925e-05 4.5591703e-05 1.1081848e-05 0.0029683588 6.248336e-06 1.5279611e-05 2.3686389e-05 7.429231e-06 4.5091692e-06 0.0006758022 5.512612e-06 2.5491365e-06 3.5125684e-06 8.751362e-06 5.2259606e-06 1.0749426e-06 0.00044077568 1.3684445e-06 2.2327786e-05 1.33436215e-05 9.684251e-06 0.0013256257 3.4227546e-06 1.6871562e-06 1.4002625e-05 1.1694478e-05 4.542405e-07 8.073326e-06 0.0006390204 0.0003508743 0.0017102916 8.412623e-09 0.001193186 1.0869683e-05 0.0025449137
0.12794909 0.09746008 0.0038541174 0.048130017 0.003213552 0.21230139 0.2586545 0.90715814 0.0016446302 0.55372036 0.00021884163 6.7391484e-20 0.0067101675 0.93715286 0.0009020996 0.3722712 0.0019551525 0.9142413 3.294814e-05 0.00042139165 4.636787e-05 0.0031823514 0.001964022 0.01854324 3.142508e-06 9.157731e-06 1.9416986e-05 0.061641354 0.039597724 5.623294e-05 0.021657517 0.13221446 0.084345296 0.01157158 0.005233996 0.02407436 0.0009865669 0.0109502785 0.039766442 0.013725945 0.040221356 0.00027079653 0.003797009 0.013803197 0.007699837 0.0016553594 0.013900363 0.001857889 0.005590577 0.00088845653 0.0010409154 0.0013912742 0.0019534754 0.00095809106 0.0010849303 0.001080395 0.00022559814 0.0012504781 0.0003998045 0.00038371256 0.00029456452 0.00014834959 0.0005294332 0.000126774 0.00025517197 0.0006471412 0.00033334983 0.00015997548 0.00022560783 0.000112771166 0.0014500398 7.6349444e-08 6.7367737e-06 2.8268807e-06 1.5581028e-06 9.009844e-05 0.00035581784 0.00027061117 0.00010788402 3.1631012e-06 7.9216574e-05 1.4587181e-07 0.0012682704 2.2130546e-07 0.00082886615 0.00029873964 2.3242676e-07 0.00073614164 6.367877e-07 4.1341087e-07 1.7152703e-06 0.0007061516 1.05086065e-05 5.2257915e-06 0.00077339326 0.00024177635 0.00040614736 3.0721224e-06 0.00044170985 0.00080967246 0.0006165326
0.377768 0.016519971 0.017914621 0.22195275 0.021514855 0.0027889314 0.00095722795 0.025579697 0.62269 0.4024255 0.44729874 0.0067101675 2.6019473e-16 0.0023566915 0.927794 0.15276144 0.8032659 0.007457082 0.061563328 0.49117494 0.2166294 0.0006387145 0.44831103 0.00070237694 0.008930689 0.017228438 0.057171784 0.09991027 0.002046025 0.041883744 0.0029259443 0.023992173 0.0050088596 0.0025758382 0.0009061064 0.029022917 0.0036601473 0.003275331 0.004495837 0.010011512 0.010264271 0.00013598116 0.023983954 0.0024966297 0.0023718975 0.02578552 0.0028089506 0.0019058534 0.003356558 0.022461124 0.00019952893 0.0001563752 0.0008111537 0.00349744 0.003432069 0.0023932836 0.0017948044 0.0007171063 0.0016925486 0.005826849 0.003670732 0.00071388297 0.002378106 0.0006786737 0.0001540241 0.0006115105 0.0006956889 0.0018456129 0.00076315965 0.0053372686 0.0003298296 1.4400017e-07 0.00041740938 0.00020402428 5.2629395e-05 0.044068575 3.7208556e-05 0.0001859862 0.0009649841 2.9356012e-05 0.00049135985 1.9853774e-06 0.002586228 1.0394149e-06 9.345964e-05 0.0004967966 0.00034209093 0.002196169 5.7370617e-06 6.007142e-05 0.00010748535 6.914732e-05 1.6356995e-05 0.000596469 0.0021395881 0.0031230366 0.0030417843 1.7261847e-06 0.009601633 0.00041990416 0.0013436561
0.1377609 0.05716383 0.003130684 0.009588666 0.0019846694 0.27983162 0.8299002 0.71771723 0.00035510157 0.2077627 2.1632824e-05 0.93715286 0.0023566915 4.0035526e-19 0.00032200082 0.14211221 0.00070617785 0.8813869 6.5999106e-06 9.6698495e-05 4.137992e-06 0.032594144 0.000684424 0.24562868 5.204924e-07 2.7615304e-06 5.520923e-07 0.009298154 0.19230121 1.6876968e-06 0.14994763 0.1099007 0.2594728 0.056280706 0.02794779 0.011021254 0.0062378403 0.029662976 0.097629756 0.009368144 0.06461828 0.0022275923 0.00043789705 0.03064825 0.012487573 0.000113140326 0.025598131 0.00041902266 0.012592976 2.6047775e-05 0.00070414186 0.0022038764 0.0033673032 0.0016878621 0.0019944876 0.0030656047 0.00066875777 0.00050859264 0.0010399797 3.9147748e-05 0.0009245127 7.5433395e-06 5.3461037e-05 4.6705322e-06 4.7084402e-05 0.00064398965 0.0002354254 0.00033594668 0.0002596993 4.528605e-06 0.004355325 4.070153e-06 2.1765793e-06 2.8223849e-06 1.2490073e-06 0.00038982986 0.0004741174 0.0002573384 7.3115865e-05 1.8345127e-06 3.4751123e-05 8.975784e-08 0.00012310066 1.4255984e-07 0.0008688212 3.5451973e-05 4.815503e-07 0.00023772374 3.830095e-06 6.0467255e-07 3.3956974e-06 0.00078831357 2.1039263e-05 6.9442344e-06 0.00021304439 0.00013032448 0.0002626453 4.7268622e-06 0.00036399346 0.000807203 0.0005071957
0.29085732 0.001280156 0.003208409 0.03626862 0.0068294983 0.00029556346 0.00020917793 0.0012921382 0.46094432 0.0658143 0.43899906 0.0009020996 0.927794 0.00032200082 2.191795e-16 0.034441974 0.84118146 0.0012128189 0.086625084 0.75313026 0.46519297 2.0909783e-05 0.41036004 5.3595653e-05 0.032450657 0.04975669 0.13961089 0.049515165 0.0003066704 0.09068042 0.00012636144 0.0045809755 0.00065300753 0.00030187075 3.926598e-05 0.018516693 0.000367425 5.2159852e-05 0.0006559063 0.0025354526 0.001979796 9.435228e-06 0.008976948 0.0002766494 0.00029531438 0.016045734 0.00019610797 0.00025724812 0.00031497935 0.010728336 6.127491e-05 7.164256e-05 9.862084e-05 5.064453e-05 6.0671973e-05 6.933121e-05 7.5444295e-05 8.552106e-05 3.570404e-05 0.0027557744 0.00015402705 0.0003758234 0.001368536 0.0008385094 0.00011643238 8.6562824e-05 0.00019869325 0.00012931891 0.00013316081 0.010819794 4.973133e-05 5.487917e-08 8.9167615e-06 1.46097345e-05 6.8252066e-06 0.007975596 3.8177015e-05 8.1837796e-05 0.0001761154 2.088548e-06 7.4141244e-05 8.228225e-08 0.0019949975 8.281712e-08 4.3462853e-05 0.00048035392 1.2631957e-05 0.0028729495 2.9310063e-06 1.1450538e-05 1.9980514e-05 4.028956e-05 6.086127e-06 3.8720125e-05 0.0032263417 0.0022802027 0.003539843 2.5177673e-07 0.008312367 0.00013584933 0.0019253108
0.9415598 0.045090232 0.0022235638 0.10515909 0.0030545196 0.033837315 0.0115835145 0.32678294 0.029445829 0.939692 0.0036114727 0.3722712 0.15276144 0.14211221 0.034441974 2.720748e-17 0.073649056 0.726073 0.00054045976 0.010551443 0.0017827462 5.8988855e-05 0.14040902 0.0016193134 0.00016761578 0.00051627913 0.00037367284 0.73940164 0.014943978 0.0024667112 0.0017818231 0.57806283 0.055681795 0.0043426147 0.0017788121 0.40452698 9.705993e-05 0.0014530001 0.044107802 0.11757637 0.10783741 2.7198862e-06 0.05149449 0.0030074387 0.023712508 0.016467396 0.010404499 0.009193311 0.0045737335 0.013821968 0.0010708842 0.0006612269 0.0005669971 0.00034100027 0.00022427822 0.00078042597 7.466802e-05 0.009169342 0.00021201071 0.019859526 1.1367444e-05 0.0013711959 0.004130724 0.0016321669 0.00030679096 0.00011402879 0.0069320835 0.00016016263 1.6561631e-05 0.008021704 0.0062889443 5.5311153e-07 1.5514312e-05 9.072187e-06 4.2691668e-06 9.670818e-05 0.0032389124 0.00013289237 2.2219367e-05 3.1405186e-06 1.1494631e-05 3.8764696e-08 0.016513523 1.0454119e-07 0.0022656245 0.011811246 7.222731e-07 0.017156882 7.984229e-07 8.212112e-07 3.4539219e-06 0.0016131394 7.950435e-06 1.22254605e-05 0.008170009 0.0055496898 0.006185332 1.2112537e-06 0.030453889 0.0010696406 0.0041968077
0.7949096 0.001545066 0.0010597635 0.012069119 0.0020598178 0.00050160615 0.0001900267 0.00239771 0.18075186 0.09319734 0.10818161 0.0019551525 0.8032659 0.00070617785 0.84118146 0.073649056 1.2547679e-17 0.0012152033 0.013954828 0.87451273 0.72204596 3.8963528e-05 0.80790985 5.614923e-05 0.013627607 0.01764318 0.38523787 0.3798231 0.00030038372 0.3471985 0.00019116218 0.0138978055 0.0006155911 0.0003549152 7.132569e-05 0.03303729 0.00053111365 0.00023069447 0.00084081845 0.005385081 0.003946476 7.009918e-05 0.043949183 0.000101521495 0.0014991097 0.18065055 0.00074871315 0.0044169636 0.00016229185 0.060965687 0.00016462653 8.213961e-05 0.000100370125 5.796415e-05 4.5441902e-05 3.789199e-05 0.00032698645 0.002059465 0.00017049388 0.020241195 0.00027782333 0.002390935 0.0026848915 0.004642672 6.594397e-05 9.1702765e-05 0.0013859157 2.1851036e-05 2.050111e-05 0.033151288 0.0001199 1.0730258e-07 1.8677247e-05 9.60378e-05 3.1424348e-05 0.023383666 0.00010537293 3.0018426e-05 4.7020505e-05 4.831261e-06 1.8193054e-05 9.4828664e-08 0.007999564 6.85041e-08 0.0004409813 0.0027792174 6.978854e-05 0.0056905104 3.589829e-06 7.1247305e-05 8.069821e-05 5.1875646e-05 3.3053493e-06 7.1115806e-05 0.003931636 0.003248107 0.0037941276 3.5384178e-07 0.012904708 0.00031246676 0.0023278883
0.9344318 0.02054657 0.00028979228 0.016756594 0.00052413414 0.07375074 0.083746046 0.5297999 0.0028367625 0.5984804 0.00024348167 0.9142413 0.007457082 0.8813869 0.0012128189 0.726073 0.0012152033 1.9518222e-20 2.8673106e-05 0.0004024024 9.085486e-06 0.00038779475 0.002691557 0.02158293 6.1016584e-07 6.5309687e-06 1.0027665e-06 0.43423617 0.1721745 1.5638945e-05 0.026237754 0.7992294 0.56387883 0.046494104 0.020119712 0.2556488 0.00056378 0.012073339 0.46452832 0.18804574 0.4450503 1.6803631e-05 0.008253364 0.114307895 0.13152814 0.0036201281 0.21040855 0.00958119 0.07583105 0.0022458783 0.0026581225 0.008541747 0.01313251 0.010896957 0.00575657 0.019915486 0.0002637029 0.016068038 0.0007593395 0.0018968576 0.00022512767 0.00017381724 0.0010441525 0.00024482212 0.0012993102 0.0013453197 0.004747203 0.0013609903 0.0007159378 0.0003626607 0.021788212 1.0289825e-07 4.562722e-06 4.5224655e-07 4.266096e-07 1.4313432e-05 0.010513169 0.0011983137 8.6438915e-05 8.4725747e-07 1.1393091e-05 6.4337167e-09 0.006542452 2.0653657e-08 0.0063117435 0.004929082 7.3116105e-08 0.0061901826 1.5186787e-08 1.5945432e-07 1.1219441e-07 0.007535873 0.00012927281 1.3191453e-06 0.0036292106 0.0019936669 0.0011847399 2.0136744e-05 0.008867098 0.0045187324 0.00071735634
0.0021972992 0.0001538748 0.0038130516 0.0068575717 0.02258512 0.000112911715 2.0143234e-05 1.0120785e-05 0.40799665 0.0005038939 0.75780505 3.294814e-05 0.061563328 6.5999106e-06 0.086625084 0.00054045976 0.013954828 2.8673106e-05 5.574699e-16 0.046101622 0.022699859 0.00035568286 0.0015209924 5.976388e-05 0.9295252 0.90915287 0.004311784 0.00068825076 9.37993e-05 0.0011379778 0.00049775006 1.4781647e-06 5.090441e-05 6.991718e-05 9.4240546e-05 0.00037144954 0.00015520194 0.00044391848 0.00010950282 5.502725e-05 0.00023013039 0.00087800145 4.354824e-05 0.00020076658 1.1511766e-05 8.188479e-05 4.2777783e-06 4.389898e-06 0.0010499932 5.118056e-05 4.2566858e-06 2.361069e-06 7.5238444e-05 0.00017779706 0.0010229228 0.00010772796 0.0002962094 3.2590085e-06 0.00050343684 0.00059064344 0.007168223 4.6381716e-05 0.00017263115 4.840796e-05 1.5719232e-06 2.6172649e-05 6.53076e-05 9.094896e-05 7.166517e-05 0.0009236099 5.5060846e-05 1.976943e-06 0.0013481228 7.032218e-06 1.1181729e-06 0.00091152237 3.0837775e-05 9.4353545e-06 8.736376e-06 1.12077105e-05 4.9182512e-05 2.6554542e-06 0.00038459274 9.307668e-08 7.11462e-05 6.625979e-05 8.431595e-05 0.0042316928 1.9084102e-06 1.0650122e-06 1.6628298e-06 9.243227e-06 7.357949e-07 2.4175453e-05 0.0017683465 3.769322e-05 0.0014502181 1.8174773e-09 0.006580083 2.5820706e-05 0.00020855226
0.4919176 0.0003607206 0.0005294052 0.004338937 0.0017792751 7.603043e-05 0.0001002124 0.00048803262 0.14749523 0.01054494 0.16435598 0.00042139165 0.49117494 9.6698495e-05 0.75313026 0.010551443 0.87451273 0.0004024024 0.046101622 7.553198e-18 0.95301867 2.6892976e-05 0.46860808 1.1092189e-05 0.06298968 0.06826917 0.50658774 0.057656452 0.00015548327 0.25689033 5.0411734e-05 0.0031374206 0.0002439079 0.00016176894 3.67885e-05 0.008792847 0.00022341473 3.6687805e-05 0.00025615163 0.0016092896 0.0009144183 2.1959477e-05 0.009058727 0.00015339744 0.0002406838 0.032435313 9.696593e-05 0.00028070548 0.0001380217 0.010446721 7.055525e-05 9.1431706e-05 5.2969932e-05 2.2648985e-05 3.094182e-05 4.7899597e-05 6.581391e-05 0.00010404364 6.837908e-05 0.0038990146 9.684902e-05 0.0007913657 0.002238432 0.0014300109 0.00011856123 0.00010146216 0.00013051365 4.815494e-05 5.2175576e-05 0.015513824 2.550587e-05 2.5128964e-08 3.3398337e-06 1.16755555e-05 6.2360614e-06 0.0075789727 2.2168484e-05 2.9453542e-05 4.0728577e-05 1.7648783e-06 2.704957e-05 3.164504e-08 0.0022012212 5.6564662e-08 8.4802785e-05 0.0012745117 1.5396794e-05 0.0028670374 2.9137213e-06 2.355935e-05 2.886307e-05 1.6558868e-05 2.242331e-06 4.2548658e-05 0.0025126296 0.0028908954 0.0027697661 5.1386604e-07 0.012013053 0.000111267975 0.0026639963
0.4392322 0.00011487317 0.00015111461 0.00057304755 0.0006186329 4.0847295e-05 2.0341686e-05 4.286638e-05 0.10036743 0.0008434463 0.12400152 4.636787e-05 0.2166294 4.137992e-06 0.46519297 0.0017827462 0.72204596 9.085486e-06 0.022699859 0.95301867 6.965151e-20 1.0310139e-05 0.3165211 1.0692742e-06 0.15929046 0.111069866 0.87584513 0.018571634 4.9204424e-05 0.53595436 6.0050024e-06 0.00023966409 1.2239554e-05 2.004357e-05 6.320838e-06 0.0015731052 5.4188287e-05 3.0764731e-06 8.154475e-06 0.00014267198 4.2688025e-05 1.22932015e-05 0.008718819 1.2038247e-06 3.61092e-05 0.035617605 5.4775223e-06 0.00020801119 2.7983945e-06 0.014108144 2.4785346e-05 9.735886e-06 2.2811923e-06 4.6004746e-07 6.2158705e-07 1.1061086e-06 3.956389e-06 0.000102842874 1.178775e-05 0.0026613083 4.0863483e-06 0.00086739805 0.0016338645 0.0015446895 5.5083274e-05 9.348483e-06 0.00015914116 5.654665e-06 4.1082653e-06 0.06831042 3.4820758e-05 5.3968168e-09 5.9609675e-07 4.9894957e-06 1.751087e-06 0.002770757 2.6451964e-05 1.0873238e-05 1.2074241e-05 3.44914e-07 1.9978463e-06 1.3771586e-08 0.0046912786 6.916419e-09 0.00016115302 0.0013257578 1.4839211e-05 0.004863104 3.032683e-07 7.330196e-06 1.246799e-05 2.7887676e-05 1.2689098e-06 1.1559775e-05 0.002695762 0.006580971 0.0029183396 5.3160587e-08 0.0054179947 5.1773633e-05 0.006792127
0.0005790714 0.0017142025 0.0013401567 0.00039897094 0.00025571883 0.0069667622 0.123043984 0.0033848826 6.747753e-05 0.00021144272 1.2312349e-05 0.0031823514 0.0006387145 0.032594144 2.0909783e-05 5.8988855e-05 3.8963528e-05 0.00038779475 0.00035568286 2.6892976e-05 1.0310139e-05 8.694337e-19 2.1848732e-06 0.83141327 1.8474213e-07 1.0896382e-06 1.7706026e-05 6.3724883e-07 0.0014795335 2.3479445e-06 0.10776704 9.367598e-08 8.462001e-06 8.942202e-05 7.5820084e-05 1.6592688e-06 0.10010302 0.0004386467 2.071545e-05 1.5813388e-06 7.90077e-06 0.46134454 3.356994e-06 1.0944175e-06 1.1265582e-06 3.8082742e-06 3.3507206e-07 1.28281645e-05 5.5871606e-06 4.1682415e-07 5.2868622e-06 2.270817e-06 1.5088002e-06 9.466656e-08 4.7177267e-07 9.703456e-07 2.5493648e-06 6.916113e-06 3.9858398e-05 8.09369e-05 1.8593672e-06 0.00032357508 0.0011412959 6.48938e-05 1.4282439e-05 3.6496378e-06 0.00023092427 1.8610089e-07 4.151411e-08 3.8701965e-05 9.382517e-05 0.16095327 2.34007e-05 5.155561e-07 8.062554e-08 0.000105226616 4.7459172e-05 6.4463356e-06 3.2090788e-06 8.3144704e-07 1.3565599e-05 4.5343327e-07 0.0012047115 5.0834115e-07 0.0009090297 0.0008413667 2.4665123e-08 0.001435677 0.00013230587 4.1306304e-08 3.810243e-06 2.1772716e-05 8.3562907e-07 9.069076e-07 0.00030769958 6.5228887e-06 0.0006296226 1.8277126e-08 3.8327278e-05 0.00023386706 0.00043908824
0.98384553 0.0016848764 0.00017120525 0.003952895 0.0002573416 0.0009912148 0.00021778441 0.0015291756 0.04071887 0.15622891 0.011672601 0.001964022 0.44831103 0.000684424 0.41036004 0.14040902 0.80790985 0.002691557 0.0015209924 0.46860808 0.3165211 2.1848732e-06 8.202419e-19 6.6173684e-06 0.0029589767 0.0029530833 0.1354548 0.7271525 4.4092554e-05 0.7184911 1.5682766e-05 0.04160532 0.0003203551 5.434007e-05 6.4719975e-06 0.167186 2.7266638e-05 2.4079778e-05 0.00025268807 0.028322166 0.003438487 1.0487862e-05 0.38083252 2.5285137e-05 0.0032808518 0.5770585 0.0008142473 0.026369968 5.524668e-05 0.30443004 0.0015982055 5.377695e-05 5.4269327e-05 1.910323e-05 5.7462166e-06 3.0047928e-05 2.4220396e-06 0.017407872 4.1136914e-06 0.16322304 1.2701447e-06 0.022564394 0.021116676 0.03922831 0.0009583104 1.5675214e-05 0.01506171 4.374164e-06 2.042984e-06 0.0733056 0.0006252611 4.2440103e-08 5.4608915e-07 3.1077398e-06 1.0358821e-06 0.0031581928 0.0043886597 6.7826964e-05 3.3257884e-06 3.5022038e-07 1.3757068e-06 1.0162629e-08 0.085692905 1.0764958e-08 0.002098551 0.043438297 5.1436757e-07 0.076951824 9.2704744e-07 8.0537745e-07 1.3155943e-05 0.0002904835 1.6616441e-06 8.5389763e-07 0.04862552 0.046758067 0.029554065 1.5752495e-07 0.099523604 0.00033460444 0.023516787
0.009126507 0.0016004416 0.0009465502 0.00053231133 0.001152297 0.0030732376 0.2387213 0.005087862 9.1559195e-05 0.0049904506 1.5790534e-05 0.01854324 0.00070237694 0.24562868 5.3595653e-05 0.0016193134 5.614923e-05 0.02158293 5.976388e-05 1.1092189e-05 1.0692742e-06 0.83141327 6.6173684e-06 2.6326546e-19 1.1298598e-07 1.1515834e-06 3.5549613e-07 4.4582766e-06 0.12103564 2.0134108e-07 0.9702945 8.031341e-05 0.0076839263 0.018042466 0.041330557 5.5539463e-06 0.49332556 0.1810521 0.011029312 9.735237e-06 0.0020762621 0.20085317 1.9455352e-07 0.009244233 6.139532e-06 7.370949e-07 5.9720864e-05 2.4000795e-07 0.0033878828 1.1096446e-08 5.0005735e-07 8.0975005e-06 0.00019146815 0.00081384054 0.0025933224 0.0008009327 0.005100048 6.713057e-08 0.041086636 1.1191545e-06 0.0007485072 4.777477e-07 1.2513971e-05 9.0407184e-07 3.0201568e-07 1.1199963e-05 2.2481946e-07 5.8410027e-05 4.3851364e-06 2.9789564e-07 8.2068356e-05 0.00452244 2.1390299e-05 7.046121e-06 1.5502384e-06 0.013158874 2.1605341e-07 1.6955059e-05 3.7312905e-06 1.0826527e-06 4.2398883e-06 3.4669293e-07 5.020615e-05 3.42179e-07 9.684228e-05 8.5702195e-06 2.7795156e-06 6.878302e-05 0.0016731203 1.8224546e-06 0.0003980795 0.00012504648 7.446954e-07 9.01489e-05 1.4465742e-05 7.258781e-06 1.2414586e-05 5.3843277e-08 3.922468e-06 0.00049160456 0.00021195249
0.01985323 8.1437224e-07 7.2435773e-07 2.5101326e-06 2.387468e-06 1.1142153e-06 4.696229e-07 8.5240464e-07 0.005285385 7.553789e-05 0.015146515 3.142508e-06 0.008930689 5.204924e-07 0.032450657 0.00016761578 0.013627607 6.1016584e-07 0.9295252 0.06298968 0.15929046 1.8474213e-07 0.0029589767 1.1298598e-07 8.3870376e-20 0.9878894 0.13775553 0.0014403438 4.857506e-06 0.013147935 5.520367e-08 4.70673e-05 8.7933125e-07 6.799451e-05 2.6212856e-06 0.0006536892 2.7023245e-07 1.5290916e-06 2.6641494e-06 6.1273044e-05 1.4642319e-05 1.1448185e-06 0.00083171437 4.802167e-07 6.0665727e-05 0.0041530887 8.521999e-05 7.132698e-05 7.782027e-06 0.0017225948 1.5874668e-05 1.8655599e-05 1.8993092e-05 1.3603096e-06 1.6848281e-06 1.82136e-06 2.3049643e-05 4.0819937e-06 1.1172306e-06 0.00026224458 1.604001e-05 4.8613183e-05 9.542438e-05 0.0001534974 7.181319e-06 1.1777592e-05 2.9679142e-05 1.31709185e-05 3.7669142e-05 0.009870328 3.650973e-05 7.7020346e-08 0.0006965728 7.704097e-05 6.3935324e-05 1.1738116e-06 1.8543904e-05 2.2228714e-05 0.00010333424 0.00015450903 0.00028165503 2.43111e-05 0.0034471154 2.3310972e-06 0.0001363774 7.127062e-05 4.9608716e-06 0.0021857258 4.0581276e-09 2.652297e-07 2.6263585e-09 1.58808e-05 1.8433427e-06 1.1593232e-08 0.0016394961 0.004136893 0.0030592687 1.8524777e-07 0.018566988 4.7464355e-06 0.006027546
0.0339305 3.3761908e-06 4.3944224e-06 6.683063e-05 1.8571724e-05 4.1165404e-06 1.7486404e-06 2.965143e-06 0.008923375 0.00019663402 0.018197125 9.157731e-06 0.017228438 2.7615304e-06 0.04975669 0.00051627913 0.01764318 6.5309687e-06 0.90915287 0.06826917 0.111069866 1.0896382e-06 0.0029530833 1.1515834e-06 0.9878894 1.02626704e-16 0.106184155 0.001320443 3.5870878e-06 0.009070063 5.7129882e-06 4.3394764e-05 1.0500182e-05 5.8765265e-05 2.7769058e-06 0.00045240467 1.1566894e-06 2.8843274e-06 2.1993787e-05 4.262851e-05 7.152889e-05 2.7300787e-06 0.00050925417 1.0941621e-05 1.6011949e-05 0.0018420188 9.56705e-05 2.4039051e-05 1.7127668e-05 0.0005453783 8.324622e-06 1.2672741e-05 2.0444313e-05 2.6557607e-06 1.2358629e-05 4.7955973e-06 1.6982633e-05 1.4230305e-06 2.6425753e-06 0.000106730404 0.00016981752 3.017031e-05 6.928131e-05 0.00010829439 8.377848e-06 4.902187e-06 1.0388802e-05 1.1357064e-05 2.4436129e-05 0.0065759523 2.0626307e-05 4.7176005e-07 0.00072937063 7.2547846e-05 6.9102294e-05 1.5443824e-05 9.059365e-06 2.933158e-05 4.2867898e-05 0.00016707269 0.00011188909 1.2778153e-05 0.0025225936 2.5636716e-06 7.191356e-05 0.0001183581 9.674683e-05 0.0023537984 3.1604625e-08 2.8465615e-06 9.451285e-08 2.9905046e-05 2.878463e-06 1.5079019e-07 0.0029077618 0.0056753755 0.0046744486 5.592569e-07 0.018022286 0.00010386351 0.0061295875
0.7451814 1.7606862e-05 0.000109656125 2.2816439e-05 0.000160535 2.0229036e-05 2.6070315e-05 2.0201911e-05 0.018019794 0.00030295545 0.018024083 1.9416986e-05 0.057171784 5.520923e-07 0.13961089 0.00037367284 0.38523787 1.0027665e-06 0.004311784 0.50658774 0.87584513 1.7706026e-05 0.1354548 3.5549613e-07 0.13775553 0.106184155 3.010557e-19 0.00751758 7.450936e-06 0.92973214 8.8494335e-07 0.0001486049 2.5324173e-06 2.6685664e-06 1.154176e-06 0.0007016519 3.798019e-05 2.294051e-06 6.5260156e-07 0.00016442318 5.48642e-06 2.1875556e-05 0.0094472 2.633007e-07 4.765637e-05 0.09240919 1.114459e-05 0.0010492889 6.3781243e-07 0.017913816 0.00012673123 6.9448374e-06 1.8024579e-06 1.882314e-07 1.12640286e-07 6.6425685e-07 1.1735642e-06 0.0002598531 1.1818497e-06 0.0080467425 2.1286272e-07 0.0021334959 0.0022822174 0.0062377453 0.00016311019 1.3458317e-06 0.0003869187 6.1976095e-07 5.315002e-07 0.21409672 1.1328884e-05 5.658038e-09 4.7688484e-08 2.573947e-07 1.5688015e-07 0.00020353495 4.2792253e-05 7.3020437e-06 1.7295938e-06 3.44956e-08 2.9461185e-07 4.9356967e-09 0.011035835 2.095254e-09 0.00015771609 0.0016642405 8.8716826e-07 0.0057160873 3.529894e-07 2.4592548e-06 6.7931865e-06 8.9571e-06 4.8532024e-07 7.2005986e-07 0.008043007 0.06771306 0.028076066 1.3142041e-08 0.025250163 8.016598e-06 0.044454306
0.92749685 0.0024156142 0.00019987002 0.006289142 0.0004423021 0.0016679433 0.00044366685 0.038186226 0.0076136473 0.36700073 0.0015885798 0.061641354 0.09991027 0.009298154 0.049515165 0.73940164 0.3798231 0.43423617 0.00068825076 0.057656452 0.018571634 6.3724883e-07 0.7271525 4.4582766e-06 0.0014403438 0.001320443 0.00751758 9.081645e-18 0.008512248 0.03270133 0.0001938578 0.767731 0.06010167 0.0041539404 0.0009384106 0.86180943 6.251388e-06 0.00020538477 0.018101582 0.5099901 0.16465223 7.510761e-07 0.6807767 0.0018602603 0.14739789 0.4036045 0.028665956 0.39796802 0.0034994301 0.16676289 0.029926589 0.0013981543 0.0008638915 0.00045948106 0.000112533526 0.00083159975 9.777152e-06 0.05497324 3.8192366e-06 0.10085931 1.4039277e-05 0.014071247 0.021260142 0.010795005 0.0109488005 0.00027408137 0.018400472 2.8107366e-05 1.8117185e-05 0.049143333 0.00399676 4.195744e-11 1.8162915e-06 3.0531053e-06 5.0006645e-07 0.00015040809 0.018618787 0.0006045668 4.0830546e-05 3.1723016e-07 8.256721e-06 2.5063672e-08 0.04411253 1.8594399e-08 0.012207183 0.05112579 1.061534e-06 0.068939894 3.9107223e-07 1.1305425e-06 2.634332e-06 0.0026430252 5.4197182e-05 5.6203367e-06 0.038864706 0.01354369 0.010768852 1.8977457e-06 0.055654213 0.001483143 0.0055934144
0.28338957 0.0009834411 0.00015770632 0.00047246047 0.00045802045 0.0012577054 0.0067590987 0.0081546 0.000261539 0.012648932 5.878825e-05 0.039597724 0.002046025 0.19230121 0.0003066704 0.014943978 0.00030038372 0.1721745 9.37993e-05 0.00015548327 4.9204424e-05 0.0014795335 4.4092554e-05 0.12103564 4.857506e-06 3.5870878e-06 7.450936e-06 0.008512248 1.9379116e-20 6.076404e-07 0.3434508 0.074197955 0.75352496 0.92164135 0.87136555 0.012127402 0.0043055406 0.658654 0.36260757 0.011368258 0.099156424 0.00059286214 0.0010351589 0.68638605 0.012228797 0.00026482696 0.10600912 0.0010068703 0.30904058 1.4470545e-05 0.0017520327 0.0055683437 0.054979008 0.11516773 0.17706873 0.07885031 0.0070611094 0.00048810965 0.009458546 7.205258e-05 0.072862275 1.0145282e-05 0.00010141611 7.398158e-06 0.00048600207 0.013575338 4.4685115e-05 0.0061331745 0.008613948 1.9989662e-05 0.016617585 5.6448556e-07 0.00024919174 7.859051e-05 0.0001404862 0.0009512668 0.0016925905 0.0055028354 0.0025020083 0.00038080238 0.0019147401 6.7839414e-06 0.00093070255 4.157535e-05 0.0025025154 0.00057723257 7.43062e-06 0.00048123268 2.8458803e-06 3.0054032e-05 6.002065e-06 0.008701554 0.0010340577 0.00022069039 0.0038327097 0.00026079977 0.000849935 0.0008079085 0.0011476569 0.008364868 0.00032190382
0.9711609 2.0839392e-05 3.4609668e-05 0.00011400769 0.00010434015 3.426715e-05 3.8393893e-05 4.4525845e-05 0.01269072 0.002920018 0.0032469549 5.623294e-05 0.041883744 1.6876968e-06 0.09068042 0.0024667112 0.3471985 1.5638945e-05 0.0011379778 0.25689033 0.53595436 2.3479445e-06 0.7184911 2.0134108e-07 0.013147935 0.009070063 0.92973214 0.03270133 6.076404e-07 1.772483e-20 3.5058562e-07 0.00045474526 3.268511e-06 3.0617125e-06 3.526543e-07 0.005289712 1.1513819e-05 5.592654e-07 2.2512165e-06 0.0006752607 6.134005e-05 4.088165e-06 0.07713448 2.3153035e-07 0.0001743191 0.35627478 0.000101062644 0.0037905995 2.482974e-06 0.21963789 0.00037983395 1.7660273e-05 1.6616767e-05 3.9146104e-07 7.21965e-08 1.9356703e-06 7.528804e-07 0.0014383548 1.719426e-07 0.087261416 1.7221862e-07 0.025274934 0.013736625 0.07459462 0.0005832242 4.187552e-06 0.0034480442 1.18688426e-07 2.1877351e-07 0.2674604 5.10302e-05 3.495257e-09 8.21228e-08 1.6645021e-06 1.9695963e-06 0.00042933194 0.0006884792 3.4548177e-06 2.2278459e-07 5.7581033e-08 1.8032857e-07 9.3040015e-10 0.15643483 1.1384379e-09 0.00030363485 0.03042681 2.82015e-07 0.14341614 1.08546516e-07 4.5075453e-07 2.1996e-06 1.6522019e-05 1.1990943e-07 1.8206844e-08 0.08885652 0.18946105 0.09404315 1.2930226e-08 0.19605918 2.9252275e-05 0.053871058
