2.0685192e-23 0.07842506 0.0809033 0.43124205 0.61781317 0.110750906 0.8102952 0.95398104 0.56062526 0.020179303 0.89373523 0.0032346847 0.0004412421 0.0006635272 0.78142273 0.109637804 0.026495744 0.8795812 0.0002235445 0.51989895 0.95515764 0.32910013 0.00017497817 0.22958553 0.0004612134 0.015683059 0.0084574465 0.9159255 0.9385106 0.7623347 0.60143226 0.86877835 0.95759827 0.9026818 0.94415516 0.82950383 0.812673 0.9491339 0.86672056 0.026638899 0.5531219 0.68390507 0.0011745637 0.005290017 0.9218786 0.021176158 0.39919734 0.74312764 0.9452982 4.3724032e-08 0.946723 0.8641713 0.1590207 0.94995433 0.9399182 0.97687185 0.6967082 0.9570176 0.97339535 0.71751595 0.42127556 0.006859868 0.88515985 0.21948044 0.9934955 0.9205773 4.740873e-05 0.0046674972 0.9773957 0.9681416 0.90097064 0.9891683 0.9549708 0.70993394 0.9312526 0.9472381 0.8980542 0.93197465 0.11232726 0.8979755 0.9979064 0.33446303 0.0007455304 0.9362117 0.988577 0.0029898789 0.99505895 0.5649834 0.9735625 0.9923413 0.9569439 0.21280055 0.9446875 0.9979291 0.9995077 0.9824036 0.81714535 0.99992365 0.091911554 0.9999327 0.0073207626
0.07842506 2.1985361e-16 0.98367095 0.6307866 0.88506454 0.79646873 0.6542502 0.42059505 0.7167576 0.23473889 0.057699423 0.38226447 0.16494484 0.07821625 0.054289546 0.0068559176 0.13541456 0.087731265 0.0033182562 0.034703966 0.022895083 0.0021990382 0.00036695242 0.035044607 5.0211653e-05 0.00043040296 0.00097378314 0.022963062 0.014127748 0.0017337129 0.0015853834 0.0008845063 0.0012707293 0.0010852059 0.001464468 0.0030679007 0.0004386919 0.0011879858 0.0002134794 1.9571142e-05 0.0017430065 0.0014420234 7.655695e-06 7.7449995e-06 1.5793923e-05 3.089062e-06 1.1351552e-05 4.34766e-06 9.293126e-05 7.7786574e-08 0.00030887677 8.4955456e-05 4.135786e-06 2.8836246e-05 3.2463573e-05 4.8481554e-05 9.587436e-05 0.0004879456 1.2845181e-05 0.00012591839 8.343125e-06 2.9752784e-06 7.6132594e-05 6.3503544e-06 0.00051899406 4.1894353e-05 1.1457229e-06 1.22604315e-05 0.00011004427 8.260253e-07 7.7291246e-05 1.9102157e-05 7.432055e-05 8.305179e-06 2.1253532e-05 4.082782e-05 0.00015844335 4.571956e-06 0.0003791816 1.1539002e-05 9.317957e-05 1.6847163e-07 4.7040194e-07 2.0686586e-05 1.2385081e-05 2.1654964e-06 4.7937385e-05 1.9798666e-05 0.00034037465 3.7731952e-05 0.00010177286 9.795332e-06 0.00013122793 0.0009335801 0.00026209207 4.718563e-07 1.5277746e-07 0.00018635888 1.935734e-05 9.091267e-06 2.2424442e-06
0.0809033 0.98367095 2.1719422e-18 0.48618433 0.85742915 0.60857344 0.62200785 0.47511894 0.74101794 0.09176284 0.038702454 0.15237197 0.051467735 0.022105753 0.043506525 0.0023570545 0.06249206 0.102692544 0.00094463746 0.028963657 0.02120802 0.00075351825 7.7005774e-05 0.01833336 3.858828e-06 8.587085e-05 0.0004995481 0.014907481 0.032127924 0.0017344024 0.001581541 0.0006601221 0.0012054701 0.0018184547 0.0012718078 0.004228691 0.00024041059 0.0008147821 0.000199508 1.7514152e-05 0.0018171 0.0009997085 6.337715e-06 5.2005353e-06 2.1308542e-06 3.288619e-06 5.0949357e-06 2.1909452e-06 5.446002e-05 6.478713e-09 0.0010183305 0.00051914406 1.4715315e-06 1.9247498e-05 6.604778e-06 4.092278e-05 3.3355955e-05 0.0011125971 1.6551101e-05 0.00020607814 4.1823355e-06 6.90143e-07 9.679311e-06 5.153327e-06 0.00068789616 1.0686458e-05 1.6889952e-07 1.5425703e-05 0.00027794336 9.45822e-06 1.40481825e-05 5.002992e-05 2.762688e-05 1.1895456e-06 3.951489e-05 2.4581374e-05 3.3332042e-05 1.2329716e-05 0.0001175103 8.516437e-06 0.0002922243 2.437127e-07 2.7166575e-07 2.1307558e-05 5.7323938e-05 2.3735763e-06 7.767949e-05 8.410108e-06 0.000485227 4.365973e-05 4.3648695e-05 2.7267351e-06 0.00016030062 0.0007517432 0.00036902897 1.0242044e-06 3.9340003e-07 0.00029703454 8.108311e-06 2.2421287e-05 5.815384e-07
0.43124205 0.6307866 0.48618433 6.2770564e-18 0.56623065 0.89735043 0.61427677 0.46992394 0.092806146 0.8956914 0.84688926 0.23479918 0.21234345 0.014664555 0.51215315 0.7497114 0.00043081856 0.00077198027 0.22668423 0.00012589486 0.3131566 0.62777686 0.14020944 0.00027218848 0.097684994 0.18086101 4.8034194e-06 7.78157e-05 0.008529777 0.014331908 0.006897177 0.044493623 0.01783184 6.2761814e-05 0.044161722 3.2409143e-06 0.013827459 0.034531187 0.0026658261 3.2320802e-08 1.8466956e-07 4.210976e-06 5.507134e-09 0.0017950893 0.00066489953 0.0028185628 0.00082216144 0.00038839504 0.00019817699 9.230005e-06 1.8738252e-06 1.2907711e-07 0.0003790704 0.00022366094 0.0003070368 0.00057456474 0.00023687936 0.00052270305 2.6622587e-05 4.5444588e-07 2.3434e-05 0.00016901146 0.00019751019 1.2034041e-05 1.4374072e-05 6.618092e-05 1.3069744e-05 1.8932167e-07 3.3839154e-07 1.2893248e-06 0.00021630299 8.305643e-05 0.00012486037 1.2669261e-05 2.8285865e-05 2.669632e-05 0.00016662716 6.9539897e-06 4.3412915e-06 2.3923169e-05 3.6788695e-06 1.6730795e-07 8.428628e-07 3.109634e-06 1.609284e-07 8.052918e-08 1.8480742e-06 6.8664353e-06 0.0010726602 8.377226e-06 2.5045934e-05 3.2777818e-06 0.00015329508 0.0010109273 0.0001039075 3.1148147e-07 1.5607588e-06 0.00021800342 7.578756e-05 5.293703e-06 2.9450184e-06
0.61781317 0.88506454 0.85742915 0.56623065 5.71687e-19 0.83376247 0.94242406 0.87291783 0.6263965 0.30570105 0.113619894 0.19972488 0.030870738 0.025714166 0.15659724 0.014833199 0.057698652 0.02799436 0.004627102 0.021758705 0.13694638 0.00489517 0.0010072973 0.01747394 1.9583593e-05 0.00028733126 0.001910889 0.0047710375 0.036814686 0.005897176 0.0060370085 0.0012694697 0.006392207 0.0013597235 0.012882925 0.0028198666 0.00082718226 0.0070768907 0.0012387623 8.366829e-06 0.0003502353 0.00026518252 4.127498e-07 1.9022751e-05 5.1321273e-05 3.541355e-05 8.663716e-07 1.1231785e-05 7.204453e-05 2.903696e-08 0.00088797754 0.00039501305 5.537427e-07 3.998659e-05 2.5686653e-05 1.825832e-05 8.521751e-06 0.00109425 2.4965639e-05 5.8995265e-05 5.0591066e-06 1.3508762e-06 1.675532e-05 2.3155606e-06 0.00031902 2.2184642e-05 1.8056122e-07 1.8158178e-05 0.00014443859 1.2412219e-05 3.0957137e-05 3.1437026e-05 1.060982e-05 4.2650262e-07 4.7241942e-06 6.5194004e-06 1.09879875e-05 4.82342e-06 1.6935414e-06 4.992866e-06 0.00011790072 1.0218145e-07 2.5156095e-07 1.5902236e-06 2.2994336e-05 1.8140065e-06 4.9802897e-05 6.090697e-06 0.0007136873 2.3134528e-06 3.3493773e-06 1.5853069e-06 8.994365e-05 0.000617548 0.0005799894 6.173103e-08 1.700232e-07 0.000118956494 5.6838767e-06 3.1268864e-05 3.8840562e-06
0.110750906 0.79646873 0.60857344 0.89735043 0.83376247 1.4101446e-16 0.73375595 0.3506326 0.6543769 0.9509807 0.24824026 0.92061055 0.7628872 0.3105384 0.10077174 0.034503143 0.51398367 0.026649524 0.074901 0.0458073 0.14788078 0.0020183474 0.02856299 0.060843423 0.0024718414 0.0029023802 0.013656015 0.002883564 0.008916528 0.0018176788 0.0004643228 0.0072834077 0.00047137492 2.2368045e-05 0.0019274334 0.0004121569 0.0010300071 0.0014558032 2.121362e-05 2.3049454e-06 1.0865786e-05 7.039999e-05 4.0215357e-07 1.3356825e-05 5.8327365e-05 1.1706226e-05 1.6104423e-06 5.0083152e-05 8.8574714e-05 1.2870534e-06 1.4299365e-05 6.185048e-06 1.0060616e-06 1.4008009e-05 0.00025521306 0.00020423121 0.00013865443 0.00011704269 1.3356787e-05 4.923993e-06 0.000103372775 8.8886713e-07 0.00035505908 5.048448e-05 2.5260118e-05 4.8759488e-05 1.2741058e-06 4.673339e-06 6.897038e-06 2.194542e-06 0.0003434839 2.586408e-05 0.00013274657 0.0007562041 0.0002539012 0.00012745797 0.0010876335 2.6134141e-05 3.6480218e-05 2.589273e-05 7.806299e-05 3.6185378e-07 2.516224e-07 8.682028e-05 2.7439257e-06 3.8108792e-06 1.9387344e-05 0.00020272113 0.0021754052 9.343816e-05 0.00019469096 0.0003419399 0.0003053787 0.0011804316 0.0006642087 5.335873e-06 4.5745337e-06 0.00017855033 0.00020629149 2.3032262e-05 0.000106663145
0.8102952 0.6542502 0.62200785 0.61427677 0.94242406 0.73375595 2.0840337e-17 0.95472723 0.18014587 0.22810186 0.19091606 0.06681707 0.0074178586 0.008284676 0.2905731 0.045969136 0.024495749 0.0058108587 0.0017818393 0.0040617837 0.25878567 0.023789065 0.00079151255 0.0054488983 6.1861785e-05 0.0020264778 0.00018535406 0.0020475984 0.050017633 0.00946562 0.008445599 0.0016769437 0.022360817 0.002305305 0.020652492 0.0010502785 0.0010232051 0.019389683 0.0038452547 3.3890135e-06 7.4220334e-05 0.00019088198 1.2941989e-07 5.1944364e-05 0.00024260228 5.294155e-05 8.824837e-06 8.9354595e-05 0.00023047104 2.197765e-08 0.0010492774 0.00025964258 8.208616e-06 0.00015311886 5.037261e-05 4.9048693e-05 2.5892881e-05 0.0016824654 4.1259907e-05 1.844756e-05 4.0950636e-06 3.6335964e-06 2.0771018e-05 1.5505356e-06 0.00065653655 2.5500956e-05 2.7136616e-07 1.5989266e-06 0.00010900259 3.116755e-05 4.312446e-05 0.00014641265 2.3596744e-05 9.809255e-07 9.446969e-06 6.638101e-06 1.5097525e-05 2.3893665e-05 2.670099e-06 4.5554093e-06 0.0001624684 7.2881356e-08 1.515832e-07 1.5512113e-06 7.6573786e-05 1.0530803e-06 7.2340925e-05 1.4431418e-05 0.0023956536 1.0912798e-05 2.993265e-06 8.9087837e-07 0.00031177915 0.0022072059 0.0011288318 3.054461e-07 7.0885517e-07 0.00030861294 7.1552117e-06 0.00013853706 2.400083e-06
0.95398104 0.42059505 0.47511894 0.46992394 0.87291783 0.3506326 0.95472723 2.7828628e-21 0.2325264 0.046325114 0.33826655 0.0040300884 0.002010957 0.0009303649 0.4788851 0.015671074 0.002916411 0.01137545 0.00021186944 0.0038227316 0.5464596 0.007748306 0.00020087612 0.0037968347 2.862973e-06 0.00023492033 3.4838857e-05 0.010143431 0.33164144 0.0195122 0.020264544 0.00070267014 0.06488402 0.018299986 0.03386344 0.009842959 0.00067649665 0.028142244 0.008974646 4.8335e-06 0.0006146619 0.00057923485 2.1292625e-07 5.315172e-06 9.595e-05 8.918564e-06 6.4259484e-07 1.7236661e-06 0.0016119936 4.8695954e-09 0.012816849 0.00405209 4.721048e-07 0.00017322185 1.4976992e-05 0.00013493556 1.9943532e-06 0.018001227 0.00046335452 0.00031809678 1.3541846e-06 1.1098077e-06 2.3405198e-06 3.8723704e-07 0.0046374 6.0054313e-06 6.52872e-08 3.2979908e-06 0.0009540874 0.0012198908 1.34266975e-05 0.0023132234 1.6291719e-05 1.9333491e-08 1.2224096e-05 3.7282603e-06 4.194355e-06 0.00018020299 9.6278285e-08 2.6169096e-06 0.0014736999 5.7090784e-08 3.8338587e-08 7.304401e-07 0.0010427814 4.4196665e-07 0.0005695128 4.4202142e-07 0.0137853 0.00026447134 3.476062e-06 1.1784434e-07 0.0036867806 0.0117657315 0.0116466805 3.170638e-07 3.769124e-07 0.0023497413 8.9334566e-07 0.00086828443 1.0904865e-06
0.56062526 0.7167576 0.74101794 0.092806146 0.6263965 0.6543769 0.18014587 0.2325264 6.0185814e-18 0.02664357 0.00967378 0.3945351 0.05525124 0.099714614 0.01275423 0.0003124581 0.6367873 0.9595604 0.00017884736 0.883144 0.0095507745 7.1204646e-05 5.7828515e-06 0.78696746 9.071646e-07 9.754688e-06 0.15998656 0.33074304 0.099729806 0.0007597074 0.0009211183 4.182685e-05 0.00076068 0.015137599 0.00049149035 0.032876004 2.9779992e-05 0.0005737849 0.00015684524 0.019348951 0.024266733 0.12100419 0.0021684042 5.5237825e-07 4.3887094e-06 4.0900327e-06 2.977454e-07 4.980527e-07 7.262974e-05 4.394516e-09 0.0047635133 0.0034336944 3.898129e-07 4.4502735e-06 1.0036093e-06 1.3340352e-05 5.3997264e-05 0.003158812 2.7025202e-05 0.0027776398 4.6177784e-06 1.5467893e-05 5.3497274e-06 5.0321696e-06 0.0043513826 7.040049e-06 7.448474e-07 0.0014531034 0.0013385332 2.1525299e-05 1.47807095e-05 3.5889956e-05 3.964916e-05 3.5545902e-06 9.170644e-05 5.77624e-05 3.7682436e-05 5.0947827e-05 1.46593375e-05 2.4013869e-05 0.002158859 3.3632383e-05 1.2744794e-05 6.999444e-05 0.0016092658 2.8416578e-06 0.002662377 1.5241177e-05 0.0019891148 1.1091629e-05 1.6526983e-05 3.477766e-06 0.00014305388 0.001809604 0.0018459228 5.316878e-07 5.984409e-08 0.00028730603 1.37834195e-05 0.00046503695 2.1111066e-06
0.020179303 0.23473889 0.09176284 0.8956914 0.30570105 0.9509807 0.22810186 0.046325114 0.02664357 3.0045398e-15 0.27717924 0.49624556 0.6803577 0.103196554 0.046290644 0.43326667 0.005705313 0.000257345 0.8211026 4.0722905e-05 0.04018983 0.098524526 0.8000362 9.7130396e-05 0.5047275 0.16094607 8.398892e-05 8.7365224e-05 0.0007100779 0.00095054635 0.0001594716 0.007771711 2.6459607e-05 9.394e-06 0.00011522899 2.3494854e-06 0.0012208645 3.94088e-05 8.849817e-06 1.695897e-07 3.5455253e-07 1.3079144e-05 8.342889e-09 0.00012264459 5.218577e-05 4.6125606e-05 4.0295304e-06 7.305635e-05 0.00012987683 0.0034668285 3.1300358e-06 1.6791287e-06 6.320742e-06 2.5301177e-05 0.00014690832 1.5236962e-05 3.303287e-05 0.00060025376 5.778538e-05 1.2509634e-06 6.3544096e-05 1.6447799e-05 0.00063316984 9.553341e-06 1.3477011e-05 6.466214e-05 5.002649e-05 1.369009e-07 4.1998203e-05 1.9612937e-05 0.00014351562 1.9673334e-05 5.6582492e-05 0.00024000053 0.00039965447 0.00012511305 9.7660195e-05 4.4461904e-05 9.683134e-06 3.229343e-05 9.9574034e-05 4.229433e-06 2.833319e-07 2.252197e-05 2.6062286e-05 5.6133144e-06 1.9725203e-05 0.00044341246 0.0021349776 6.5759334e-05 8.51025e-06 7.9996935e-05 0.00020338358 0.001390729 0.00071566756 1.4483046e-06 8.118479e-06 0.000104531966 0.00055262353 6.94749e-05 0.00018028189
0.89373523 0.057699423 0.038702454 0.84688926 0.113619894 0.24824026 0.19091606 0.33826655 0.00967378 0.27717924 3.390446e-17 0.0041947546 0.0050876723 0.0004083444 0.9616416 0.77054745 0.00023986166 6.3356514e-05 0.0047947727 6.1428823e-06 0.7142508 0.81902564 0.0018446301 3.1309748e-05 0.0058739944 0.13692826 1.9920667e-06 0.00010051351 0.013200737 0.043052655 0.056297 0.055334724 0.07535106 0.0020676106 0.14083028 6.6078304e-05 0.028117966 0.102756634 0.011860257 3.871772e-07 5.339911e-06 8.293647e-06 1.9401499e-08 0.0015422285 0.01704066 0.0036077537 0.0028248746 0.0036754592 0.0016565857 1.0853353e-06 0.00022295814 4.6533503e-05 0.0012531528 0.0047936793 0.0073771845 0.007766288 0.00083599985 0.010724148 0.0031362602 3.986119e-06 0.00021272301 0.00031716924 0.0012297734 7.59266e-05 0.00029228558 0.0007107337 7.510471e-06 1.9030778e-06 0.00014042913 0.00025790223 0.0011539388 0.010379687 0.0015807914 0.00010903098 0.0008600567 0.00021460456 0.00088030583 0.0007598111 0.0005208328 0.0003602986 6.268352e-05 6.7134636e-07 1.102491e-06 4.3372507e-05 1.6432341e-05 1.6230617e-05 8.143354e-06 0.00043588775 0.012023384 0.0009832367 0.001108567 0.0001010005 0.0054034693 0.0055518313 0.0006123158 6.529851e-05 6.128912e-05 0.006603623 0.00023531922 7.251001e-05 2.5253157e-05
0.0032346847 0.38226447 0.15237197 0.23479918 0.19972488 0.92061055 0.06681707 0.0040300884 0.3945351 0.49624556 0.0041947546 1.5410015e-18 0.9293766 0.9593058 0.0034292534 4.177347e-05 0.25778735 0.007953273 2.1480553e-05 0.008619827 0.0033072145 6.1623387e-06 1.1476469e-05 0.013342428 2.8411941e-06 2.500424e-05 0.0027399985 0.0012421574 0.0017572903 3.5026384e-05 1.382635e-05 0.002139836 5.3648222e-05 3.2289133e-06 9.3036964e-05 0.00013946551 0.00064609596 3.199879e-05 2.7285744e-06 1.6638356e-06 1.801993e-05 2.1140277e-06 8.5319846e-07 1.487693e-07 5.0415606e-06 2.1801723e-07 1.5948208e-06 0.00022124987 8.3584825e-07 8.797611e-08 1.453883e-06 5.6033555e-06 1.416896e-06 2.9477892e-06 3.489582e-05 6.903527e-06 0.00022342538 5.4700027e-05 2.497737e-06 3.6674726e-05 0.0004185139 8.2220333e-07 0.00026559533 0.0002015656 1.8550483e-05 1.6920781e-05 5.5050787e-08 7.969638e-05 6.726595e-05 2.907702e-07 0.00018310468 8.689537e-06 2.7453276e-05 0.0031394663 2.5086882e-05 8.355097e-05 0.0027493993 2.021271e-06 5.1811794e-06 4.8428414e-05 0.00028525107 1.3857701e-07 8.4087766e-08 2.7624985e-05 7.746392e-05 2.9400417e-07 5.9253452e-05 0.00012510768 0.0003575348 5.8300448e-05 0.00025452132 2.7417194e-05 0.0002939651 0.0003529393 0.00010288261 1.0738028e-05 2.4146006e-05 7.118495e-05 1.653228e-05 6.418329e-05 1.8439459e-06
0.0004412421 0.16494484 0.051467735 0.21234345 0.030870738 0.7628872 0.0074178586 0.002010957 0.05525124 0.6803577 0.0050876723 0.9293766 2.6432636e-17 0.831237 0.0028964311 0.004430565 0.00927082 0.0004781382 0.0018164807 0.000557304 0.00088164845 0.00015529463 0.020925056 0.0016958277 0.0003233946 0.0018658242 0.0023155378 7.238779e-05 0.00026450036 4.180019e-06 2.448637e-06 4.06348e-05 3.9750416e-06 8.032516e-06 2.7647059e-06 9.648091e-07 1.1357615e-05 4.0103237e-06 3.9762602e-07 2.7077726e-07 4.1501977e-07 4.0810596e-06 2.4592918e-08 3.252961e-07 1.0068937e-06 2.1022635e-07 5.971875e-07 3.6794308e-06 7.1036875e-06 3.552664e-05 3.2835683e-07 7.4448167e-07 4.5124148e-07 1.5273494e-05 1.3745127e-05 5.906476e-06 1.1853754e-05 6.046357e-05 7.203687e-06 1.9160989e-06 2.2138263e-06 2.8774323e-07 1.02969025e-05 8.134974e-07 1.5542375e-05 2.5463944e-05 2.427424e-07 8.024553e-06 6.1267697e-06 2.7200938e-06 2.3913635e-05 6.754194e-06 2.2638727e-05 1.7007146e-06 3.2846492e-05 5.0943214e-05 6.457328e-05 7.667378e-06 9.4681645e-06 1.6840499e-05 0.000107648266 2.2984842e-07 2.4048484e-08 7.455549e-06 6.2328836e-05 2.522182e-07 2.356681e-05 3.0373535e-06 0.00041630992 9.594525e-05 1.5480598e-05 6.1757064e-06 0.00037921398 0.00013081434 8.436301e-05 1.5134045e-06 3.8634457e-06 4.5092784e-05 2.78774e-06 4.8275233e-05 3.655462e-06
0.0006635272 0.07821625 0.022105753 0.014664555 0.025714166 0.3105384 0.008284676 0.0009303649 0.099714614 0.103196554 0.0004083444 0.9593058 0.831237 3.4909123e-17 0.00029388184 5.9648996e-06 0.29372576 0.002688994 6.481003e-06 0.0018478347 0.00022696632 1.3212606e-06 2.2807366e-05 0.0055208155 3.271188e-07 1.5711912e-05 0.016889948 0.0002565819 6.994306e-05 4.6456594e-06 8.9990164e-07 0.00011556828 4.260536e-06 4.6323404e-07 7.315161e-06 1.1788234e-05 3.7006525e-05 1.5665873e-05 5.024111e-07 4.1453504e-06 2.96093e-06 4.140448e-06 2.1929416e-06 6.9458245e-08 9.3645e-06 2.8116224e-08 2.9530113e-06 2.1579888e-05 6.3375155e-06 3.7381824e-08 6.519969e-07 1.1881611e-06 1.1613966e-05 4.7118276e-05 3.596729e-05 3.3029595e-05 0.00033685844 7.76645e-06 2.9515386e-06 2.0492645e-05 7.7113444e-05 2.5827587e-06 0.0001241914 1.1614587e-05 1.0383841e-05 0.000116125535 1.0057612e-08 0.00018746834 4.3006075e-06 1.063725e-06 0.0002714986 7.55586e-06 0.00020626119 0.00032538967 0.0001492537 0.00037783338 0.00083337334 6.3175244e-06 9.532879e-05 0.000104507955 0.00022892494 1.6883672e-07 4.0282316e-08 0.0001498806 5.9032747e-05 2.549237e-07 4.1244253e-05 3.292606e-05 0.00038930547 9.702981e-06 0.00015213563 3.8485137e-05 0.00038359512 0.00044346848 6.636161e-05 1.0702057e-06 5.635343e-06 6.736456e-05 2.5360252e-06 3.778907e-05 9.327105e-07
0.78142273 0.054289546 0.043506525 0.51215315 0.15659724 0.10077174 0.2905731 0.4788851 0.01275423 0.046290644 0.9616416 0.0034292534 0.0028964311 0.00029388184 2.1605622e-19 0.42279607 9.748442e-05 0.00012289739 0.0023874715 1.4974921e-05 0.9496886 0.593323 0.0009356872 1.850472e-05 0.00039664286 0.013477758 2.0060197e-06 0.00019352383 0.03419551 0.3556275 0.37449935 0.09204166 0.21871965 0.0056648366 0.20157066 0.0002590072 0.050479576 0.10331058 0.03747604 9.285254e-08 2.5128356e-05 6.0738407e-06 7.572144e-09 0.0006795798 0.030251648 0.0018473573 0.0024336015 0.0022207284 0.0029747991 6.525645e-08 0.00037628962 0.0001406378 0.00060031563 0.007125264 0.006607727 0.004477812 0.0010916749 0.0042389734 0.0018437289 8.845042e-06 0.0005442531 4.4488876e-05 0.0013233698 0.0002306707 0.00036734404 0.00096268055 1.5287693e-06 6.993561e-08 0.00017418763 0.00053108 0.0008993268 0.007069404 0.0010959047 5.4361066e-05 0.00039884937 0.00025386026 0.00043927672 0.0010183421 0.00042051508 0.00019867846 6.485266e-05 2.9408858e-07 4.071723e-07 5.6066034e-05 4.734701e-05 1.0441347e-05 1.3748037e-05 5.4186636e-05 0.012329511 0.0010616642 0.0008436768 2.8858254e-05 0.0059679504 0.010757432 0.0024638055 0.00021289593 7.029446e-05 0.0061902506 1.7976521e-05 9.878322e-05 1.073032e-05
0.109637804 0.0068559176 0.0023570545 0.7497114 0.014833199 0.034503143 0.045969136 0.015671074 0.0003124581 0.43326667 0.77054745 4.177347e-05 0.004430565 5.9648996e-06 0.42279607 1.5889676e-16 2.554975e-06 1.8593034e-06 0.11341172 1.5802692e-07 0.3180146 0.97879595 0.06505419 7.1193296e-07 0.5584293 0.9543124 7.098002e-07 5.5853732e-05 0.0018059534 0.00972446 0.004677791 0.28072658 0.002581092 0.0001094168 0.039048366 3.1973836e-05 0.057616863 0.017074576 0.00042316297 3.353169e-07 1.1971656e-07 9.878426e-07 1.6885823e-08 0.020657407 0.0037417568 0.009011045 0.0025656563 0.0024266257 0.00029171497 0.010582592 9.107564e-06 1.6410642e-06 0.00071805855 0.00019110511 0.00041132973 0.00013499774 0.00040052042 0.00022508175 0.0002038854 1.4440607e-06 7.194635e-05 0.0007041157 0.0001556343 8.383623e-05 2.4833457e-06 0.000114393464 0.0017004083 3.2895155e-08 1.2062128e-06 1.2215101e-05 0.00016560582 0.000119326454 9.596264e-05 1.098629e-05 5.4273314e-05 2.650507e-05 0.00011075706 4.1377494e-05 3.934586e-05 1.0962188e-05 5.611669e-05 1.0287235e-05 2.5743375e-07 2.0856598e-06 5.127453e-06 1.0354609e-05 7.0592296e-06 8.181508e-05 0.0018329328 8.021535e-05 1.827452e-05 2.2098648e-06 0.00063198747 0.0013929874 0.0007899553 1.7852427e-06 4.993452e-06 0.00028989735 1.3280704e-05 2.1949825e-05 4.748375e-05
0.026495744 0.13541456 0.06249206 0.00043081856 0.057698652 0.51398367 0.024495749 0.002916411 0.6367873 0.005705313 0.00023986166 0.25778735 0.00927082 0.29372576 9.748442e-05 2.554975e-06 2.211939e-14 0.14223672 1.3051347e-05 0.41557914 0.00017504074 7.5875556e-07 4.199105e-06 0.600482 1.0633442e-07 3.5437286e-06 0.9948256 0.0013672622 6.496922e-05 4.074769e-05 2.3202037e-05 0.0011608684 7.781737e-06 2.325138e-06 8.535162e-06 1.679892e-05 0.0006193374 7.3961683e-06 2.4047592e-06 0.0038833767 1.275018e-05 0.0005244759 8.29551e-05 2.058878e-06 1.662003e-05 1.9678082e-05 1.8679373e-06 0.00015615988 2.5016761e-05 1.9748079e-08 1.1146807e-06 8.36714e-06 2.4293926e-05 4.3551976e-05 1.6428705e-05 3.24671e-05 0.001454432 7.231137e-06 6.4763567e-06 4.8828264e-05 0.001042468 7.478548e-05 0.00016990385 8.3208324e-05 1.4974136e-05 0.000107729385 1.1446486e-07 0.039122105 6.9807385e-05 1.5457653e-06 0.00044874343 3.2686953e-06 0.00025523768 0.0006915156 0.00025648478 0.00051244424 0.00091531564 3.1714757e-05 2.2161192e-05 0.00061332475 0.00078347226 1.3424852e-05 5.684841e-06 0.0006007875 8.325802e-05 2.3211435e-06 0.0005814176 0.00054011785 0.0017052542 5.864937e-05 0.00041798558 0.00024193524 0.00079876074 0.0009439032 0.0006438287 0.0001256007 0.0003672318 0.0005097709 0.000270685 0.000112072026 4.763431e-06
0.8795812 0.087731265 0.102692544 0.00077198027 0.02799436 0.026649524 0.0058108587 0.01137545 0.9595604 0.000257345 6.3356514e-05 0.007953273 0.0004781382 0.002688994 0.00012289739 1.8593034e-06 0.14223672 4.5133123e-21 3.8881993e-08 0.89849526 3.9257782e-05 6.166434e-07 7.10593e-08 0.63761216 1.3807151e-07 4.6271214e-07 0.026387317 0.9440159 0.31665865 4.021449e-06 1.1949357e-05 3.2072998e-07 2.7556838e-05 0.053711288 2.9719179e-06 0.20091642 2.9070338e-07 3.8710343e-05 1.8712939e-05 0.08481934 0.18948162 0.65111077 0.04027343 1.5840459e-07 1.4799235e-08 1.8551303e-06 1.3575646e-08 6.021598e-08 3.47225e-05 1.0163458e-09 0.08681618 0.123809874 3.048165e-08 2.403976e-07 3.5444213e-08 4.1631645e-07 3.3952907e-07 0.020638533 4.674926e-06 0.06300676 8.4203165e-08 1.1959851e-06 4.7188312e-08 2.8457798e-08 0.12236095 1.06224554e-07 7.2339674e-07 0.00093250425 0.024425633 0.00038617017 2.2563157e-07 0.00011421044 4.3761398e-07 1.17988215e-08 2.1829073e-06 5.1415816e-07 5.658794e-07 1.1234795e-05 1.393515e-07 1.1780006e-07 0.05209734 0.00019936233 1.7231976e-06 3.3273378e-07 0.027667608 2.0686072e-07 0.05165221 1.706064e-06 0.014924764 1.3465782e-05 8.311747e-08 9.3537034e-07 0.00023208423 0.004316606 0.00745453 8.964218e-08 3.6911867e-08 0.00058131677 6.182518e-06 0.0073610516 3.230575e-07
0.0002235445 0.0033182562 0.00094463746 0.22668423 0.004627102 0.074901 0.0017818393 0.00021186944 0.00017884736 0.8211026 0.0047947727 2.1480553e-05 0.0018164807 6.481003e-06 0.0023874715 0.11341172 1.3051347e-05 3.8881993e-08 5.7495e-19 2.138162e-06 0.0006722565 0.005537821 0.87167877 5.075605e-06 0.33218 0.11669654 6.4839946e-06 2.6832838e-06 8.841538e-05 5.7301197e-05 8.5619235e-05 0.00031227164 1.8660661e-06 1.3443552e-06 1.2788747e-05 1.6528803e-06 0.00011928868 2.8571606e-06 9.2407326e-08 1.3441666e-08 9.598144e-08 3.7104357e-08 1.7598467e-09 8.676553e-06 6.635657e-08 2.1727906e-06 4.727103e-07 1.7864364e-06 2.8794474e-07 0.00025616947 6.646098e-07 1.1230761e-06 1.2193889e-06 5.5240406e-07 1.6460626e-06 1.4983405e-07 3.947799e-06 5.500686e-06 5.836781e-07 9.969414e-07 1.6087185e-06 9.978097e-07 3.7052698e-06 2.0744588e-07 1.5245146e-05 1.2013143e-06 2.2183777e-07 3.2189085e-08 1.3197274e-05 3.4357527e-07 1.0657518e-06 3.0724973e-06 1.6897309e-06 2.6385825e-07 1.0677905e-06 4.083331e-07 1.320142e-06 6.3891434e-07 3.9820534e-08 5.1147276e-07 0.00012961784 2.920873e-07 1.1993475e-08 1.2852644e-07 8.437194e-05 4.2417927e-08 8.321582e-06 1.4130872e-07 0.00020817116 7.977162e-06 5.668989e-06 1.2369382e-07 8.719684e-05 3.9123268e-05 3.0724284e-05 2.3826514e-07 3.818353e-07 1.2487481e-05 5.199209e-07 2.6701564e-05 2.9288393e-07
0.51989895 0.034703966 0.028963657 0.00012589486 0.021758705 0.0458073 0.0040617837 0.0038227316 0.883144 4.0722905e-05 6.1428823e-06 0.008619827 0.000557304 0.0018478347 1.4974921e-05 1.5802692e-07 0.41557914 0.89849526 2.138162e-06 6.776173e-18 8.829796e-06 4.57363e-08 4.572592e-08 0.9776434 1.3827234e-07 6.60281e-07 0.18877165 0.29227865 0.05085156 1.9142067e-06 1.2291356e-06 6.618817e-07 9.144249e-06 0.0008988963 2.6096548e-06 0.034883346 9.638444e-07 5.4056277e-06 1.9823726e-06 0.122985706 0.033748023 0.52858377 0.0043947953 4.3286903e-08 1.9253342e-08 6.797381e-07 8.211853e-09 7.9768185e-08 2.1142709e-05 2.3613356e-09 0.0039464897 0.005400288 1.9534095e-08 1.5895156e-06 7.878129e-08 3.3572263e-07 1.1711905e-06 0.0033794802 2.6674877e-06 0.013885532 3.9669047e-07 1.1840077e-06 4.1661235e-07 1.3721905e-07 0.009824803 7.781206e-07 5.717145e-07 0.030396096 0.0008748529 4.820622e-05 1.4784058e-06 3.7907277e-05 3.5382648e-06 3.282933e-07 5.358278e-05 2.0889096e-05 3.5470118e-06 0.00017229035 3.749881e-07 1.0480733e-05 0.018026937 9.344681e-05 7.817269e-06 2.1883881e-05 0.0042838985 7.993645e-07 0.031091081 3.3379645e-06 0.0043385583 2.075403e-05 1.165118e-06 1.3402805e-06 0.0004366766 0.0032410335 0.002887539 6.103888e-07 6.9398686e-07 0.00021209585 7.307268e-06 0.0028014896 3.6972907e-07
0.95515764 0.022895083 0.02120802 0.3131566 0.13694638 0.14788078 0.25878567 0.5464596 0.0095507745 0.04018983 0.7142508 0.0033072145 0.00088164845 0.00022696632 0.9496886 0.3180146 0.00017504074 3.9257782e-05 0.0006722565 8.829796e-06 8.3876176e-19 0.5300359 0.00037559445 8.6913515e-06 0.00025127793 0.024471734 2.6615453e-07 0.00015873449 0.07907953 0.71326315 0.7205148 0.16775922 0.5016535 0.020650867 0.47474927 0.00060674036 0.120861284 0.27450103 0.13576913 1.524231e-07 7.739193e-05 1.0297935e-05 6.80138e-08 0.0011963691 0.11095643 0.0028963438 0.005182931 0.0064009335 0.01086282 2.3263908e-08 0.0014636442 0.00038617352 0.0010568073 0.020774532 0.015149968 0.013473389 0.0014676326 0.01737591 0.0076119564 5.7790144e-06 0.0012341917 5.4626264e-05 0.0029870928 0.00055833446 0.0005837219 0.0017887442 5.0221945e-07 3.4778953e-08 0.00022241406 0.0030250691 0.0025181733 0.030431973 0.00306334 0.00024376604 0.0014234296 0.0008124629 0.0013553314 0.0029358137 0.0007379625 0.0007009634 0.00014001859 1.4010654e-07 4.4839175e-07 0.00011115842 5.7435456e-05 3.2845175e-05 2.1201606e-05 0.00026541503 0.02569486 0.0024411734 0.0007837125 1.8618986e-05 0.012510363 0.018046554 0.0068852883 0.000129341 0.0001886308 0.02081946 2.7599415e-05 0.00019054877 9.158718e-06
0.32910013 0.0021990382 0.00075351825 0.62777686 0.00489517 0.0020183474 0.023789065 0.007748306 7.1204646e-05 0.098524526 0.81902564 6.1623387e-06 0.00015529463 1.3212606e-06 0.593323 0.97879595 7.5875556e-07 6.166434e-07 0.005537821 4.57363e-08 0.5300359 4.2714457e-18 0.0026208556 5.7526368e-08 0.15980373 0.94332314 1.8175416e-07 1.8376426e-05 0.00074384303 0.027048107 0.014528166 0.6228892 0.016848516 0.0002775029 0.10806962 1.2544297e-05 0.3171214 0.057262566 0.0031352504 3.9956734e-07 2.0779705e-08 1.6716089e-07 6.793571e-09 0.34380698 0.06019 0.23810922 0.05451091 0.026930084 0.00086838455 0.001021479 3.0303022e-06 3.1804152e-06 0.018936362 0.0019682155 0.009762697 0.0023813832 0.0055031427 0.0009344014 0.0022729514 3.1051044e-07 0.00059404725 0.012132591 0.0018837283 0.001189893 7.243446e-07 0.0007257947 0.0044516255 1.3063767e-08 1.3727345e-06 0.00010063417 0.00070158206 0.000612609 0.00067823695 0.0003451701 0.00028385597 0.0001146324 0.0009691897 9.447767e-05 0.0008149076 9.196121e-05 1.24579465e-05 1.9040818e-06 2.230647e-08 1.7856795e-05 4.129339e-06 7.382768e-05 1.3229412e-06 0.00048840814 0.0043325075 0.00026176285 0.00030026428 4.823979e-05 0.0007841462 0.0012573103 0.0014404791 2.6263213e-05 3.5228826e-05 0.0009504021 8.214474e-06 2.1752296e-05 0.00020598323
0.00017497817 0.00036695242 7.7005774e-05 0.14020944 0.0010072973 0.02856299 0.00079151255 0.00020087612 5.7828515e-06 0.8000362 0.0018446301 1.1476469e-05 0.020925056 2.2807366e-05 0.0009356872 0.06505419 4.199105e-06 7.10593e-08 0.87167877 4.572592e-08 0.00037559445 0.0026208556 5.5434834e-16 9.0333366e-08 0.7485818 0.16148941 9.198015e-07 3.5841438e-06 5.5658084e-06 1.3120583e-05 9.114395e-06 0.00018034948 2.3632967e-06 1.2216847e-07 1.7129408e-06 1.2499372e-07 2.927516e-05 2.5400554e-06 1.7123665e-07 1.0428906e-07 1.2897491e-08 2.3918398e-07 2.429308e-10 1.5247486e-05 3.4683575e-07 6.4033597e-06 3.1077766e-07 7.967297e-07 5.1312295e-06 0.2842485 8.884366e-07 3.7255566e-07 1.1708097e-06 2.495858e-06 2.5921554e-06 5.543858e-07 4.1992175e-06 1.7302531e-05 3.3483104e-06 1.8407516e-06 3.1434133e-06 3.898161e-06 4.5973416e-06 1.0596165e-06 1.8022834e-05 1.2060005e-05 2.6293137e-05 6.8438766e-09 2.719557e-06 9.3046197e-07 3.5191433e-06 3.606936e-06 1.8411809e-05 2.670686e-07 1.4569914e-05 6.1698306e-06 2.3883038e-06 6.9772605e-06 7.6310744e-07 6.02275e-07 2.4926005e-05 1.090121e-07 1.1305851e-09 2.4796893e-06 1.6404845e-05 1.681211e-07 1.3331519e-06 2.1247634e-07 0.0006956272 3.9314804e-05 1.1781938e-05 6.070884e-07 0.000562522 0.00027171228 0.00012421687 1.4321105e-07 1.2152344e-07 0.000115187126 2.2226034e-06 4.5743007e-05 2.4626038e-06
0.22958553 0.035044607 0.01833336 0.00027218848 0.01747394 0.060843423 0.0054488983 0.0037968347 0.78696746 9.7130396e-05 3.1309748e-05 0.013342428 0.0016958277 0.0055208155 1.850472e-05 7.1193296e-07 0.600482 0.63761216 5.075605e-06 0.9776434 8.6913515e-06 5.7526368e-08 9.0333366e-08 3.4474692e-15 5.8529213e-08 4.683797e-06 0.80914384 0.13307065 0.013919784 5.553986e-07 5.0114636e-07 5.333408e-07 3.842974e-06 0.00029583616 2.9055983e-07 0.012204913 6.56227e-07 4.023832e-06 4.9035356e-07 0.21421766 0.012130364 0.29003617 0.006886513 1.3046964e-07 1.2499144e-07 4.2209206e-07 6.36873e-08 4.7211174e-08 8.8273455e-06 1.0726364e-08 0.00036715736 0.0010816671 2.248096e-07 4.0130703e-06 1.0664971e-06 2.3818666e-06 7.633532e-06 0.0011323355 6.0557945e-06 0.0038144009 1.4201373e-06 2.1227656e-06 8.6959035e-06 4.1999485e-07 0.0027153718 4.097259e-06 3.4268518e-07 0.102488555 0.0011601463 3.2427351e-06 1.2161156e-05 3.347498e-05 2.1698655e-05 7.512458e-07 0.000476456 8.9467314e-05 1.3854426e-05 0.00013867494 2.8217712e-06 3.060164e-05 0.0068672705 0.0003055806 2.9436049e-05 0.00010764056 0.0028351166 6.5553326e-07 0.019962827 2.6341236e-06 0.0028787912 3.3663444e-05 5.4763677e-06 1.1037639e-06 0.0006848487 0.0019025262 0.0013386385 7.5340217e-06 6.443394e-07 0.0002091825 2.5707152e-06 0.0021990738 2.9026234e-07
0.0004612134 5.0211653e-05 3.858828e-06 0.097684994 1.9583593e-05 0.0024718414 6.1861785e-05 2.862973e-06 9.071646e-07 0.5047275 0.0058739944 2.8411941e-06 0.0003233946 3.271188e-07 0.00039664286 0.5584293 1.0633442e-07 1.3807151e-07 0.33218 1.3827234e-07 0.00025127793 0.15980373 0.7485818 5.8529213e-08 2.467207e-13 0.9428536 3.5484578e-07 6.9961498e-06 2.9484527e-06 4.6178688e-05 1.0974207e-05 0.00074589805 5.296736e-05 1.8379545e-07 2.016905e-05 9.267734e-07 9.306519e-05 7.0289193e-06 5.561157e-07 1.021604e-07 8.937073e-08 4.3704802e-07 1.8232271e-09 0.0007837114 0.00028189956 0.00012447941 1.0432836e-05 8.515939e-05 4.1329422e-05 0.4351932 2.6508707e-07 5.8545595e-07 3.2265325e-05 4.3445925e-06 0.00019453414 7.163388e-07 7.205244e-05 7.461208e-05 3.315619e-06 1.0538986e-05 3.991005e-05 0.00018145135 0.001200606 2.24678e-05 4.9537346e-07 0.00018776607 0.0006901786 3.939752e-07 6.2112517e-06 1.3466572e-06 0.00036693143 2.663855e-06 0.00014877293 0.00043749402 0.00078399543 0.00013036947 0.00049973326 1.0400569e-05 4.1636827e-06 1.5325275e-05 6.0274297e-06 1.6894425e-06 7.5914573e-07 1.3723215e-05 7.048567e-06 5.4661205e-06 4.554177e-07 5.4614287e-05 0.00063738436 1.3616186e-05 2.3108563e-05 8.251541e-06 9.696519e-05 0.0004934234 3.7617767e-05 2.75197e-07 4.9331306e-06 2.4357976e-05 0.00010088768 2.4737963e-06 6.0622817e-05
0.015683059 0.00043040296 8.587085e-05 0.18086101 0.00028733126 0.0029023802 0.0020264778 0.00023492033 9.754688e-06 0.16094607 0.13692826 2.500424e-05 0.0018658242 1.5711912e-05 0.013477758 0.9543124 3.5437286e-06 4.6271214e-07 0.11669654 6.60281e-07 0.024471734 0.94332314 0.16148941 4.683797e-06 0.9428536 9.267985e-12 1.8300072e-05 9.582386e-06 0.00015739455 0.00036362934 0.00011805463 0.14333923 0.0001377114 4.645513e-06 0.004135984 1.4328496e-05 0.025765115 0.0015297197 1.0135089e-05 3.1957177e-06 7.614014e-07 3.1468701e-07 1.6533468e-08 0.08225572 0.00084477814 0.018114889 0.0020497553 0.0010285185 0.00022433192 0.10540043 9.976184e-07 1.1914927e-06 0.0020513686 0.00013305558 0.0008454874 0.00018671021 0.00051737484 0.0001443272 0.00011468194 3.53759e-06 5.0577146e-05 0.005096117 0.00040514523 3.662757e-05 2.2452946e-06 0.00014255694 0.0351617 6.4982916e-05 4.916134e-06 1.3471422e-05 0.0002647557 0.00023048445 0.00011863192 2.41423e-05 0.00012407491 4.6218207e-05 0.00034765972 5.7152367e-05 0.00012746551 1.7155557e-05 4.2296284e-05 3.860462e-06 1.1699262e-05 2.2092612e-05 3.574804e-06 7.9693185e-05 1.5218801e-06 0.00028256705 0.021098554 0.00025421762 4.8127717e-05 4.6752198e-06 0.0013204368 0.0034733545 0.0021720894 9.486476e-06 2.0561524e-06 0.00341923 0.0003401566 1.1461377e-05 0.00020315175
0.0084574465 0.00097378314 0.0004995481 4.8034194e-06 0.001910889 0.013656015 0.00018535406 3.4838857e-05 0.15998656 8.398892e-05 1.9920667e-06 0.0027399985 0.0023155378 0.016889948 2.0060197e-06 7.098002e-07 0.9948256 0.026387317 6.4839946e-06 0.18877165 2.6615453e-07 1.8175416e-07 9.198015e-07 0.80914384 3.5484578e-07 1.8300072e-05 1.5157543e-14 0.0012053264 1.5335041e-05 1.1247552e-07 5.7989386e-08 4.05707e-06 4.1643636e-07 3.035817e-07 3.805969e-08 1.8665103e-05 4.6653636e-06 2.1804718e-07 4.3734794e-08 0.20760052 2.3534963e-05 0.008490811 0.006212404 1.9166125e-06 4.9743846e-07 8.917488e-07 9.962574e-08 2.827196e-06 1.5084694e-06 1.4083099e-07 1.3346364e-06 5.1207144e-06 1.3119852e-06 1.332186e-06 1.4928948e-07 2.8150728e-06 2.3414052e-05 1.1923221e-05 3.437388e-07 3.082366e-05 6.5607396e-06 5.540893e-05 1.7811748e-06 1.4752593e-06 1.747473e-05 4.1595354e-06 2.0325676e-06 0.6817364 2.0582547e-05 3.6492636e-07 1.3521658e-05 4.8209045e-06 1.4520117e-05 2.7788185e-06 9.140948e-05 0.0001029145 2.4363115e-05 8.310408e-06 1.4809572e-06 5.1179584e-05 0.00034182842 1.7049735e-05 7.467871e-05 0.00013700142 5.8339767e-05 2.5979537e-06 0.0007062954 2.3351744e-07 0.00068376504 9.657708e-06 2.3871002e-05 9.019748e-07 0.000276299 0.00018283719 0.000344919 3.451304e-06 4.267775e-06 0.00016194445 1.3625194e-06 0.00021242296 8.932638e-07
0.9159255 0.022963062 0.014907481 7.78157e-05 0.0047710375 0.002883564 0.0020475984 0.010143431 0.33074304 8.7365224e-05 0.00010051351 0.0012421574 7.238779e-05 0.0002565819 0.00019352383 5.5853732e-05 0.0013672622 0.9440159 2.6832838e-06 0.29227865 0.00015873449 1.8376426e-05 3.5841438e-06 0.13307065 6.9961498e-06 9.582386e-06 0.0012053264 1.7784458e-17 0.5138288 1.1883164e-06 1.9486717e-05 6.255566e-07 0.000647825 0.49227965 3.5098492e-06 0.8767083 5.052816e-07 0.00018946771 0.00031378935 0.04388844 0.8960187 0.78092194 0.018429667 3.799318e-06 5.8859604e-07 1.09377725e-05 4.7120923e-07 2.2823139e-07 0.0007480648 3.0799652e-07 0.2885856 0.2533086 1.0799561e-06 1.13477845e-05 9.788481e-07 2.5581068e-05 6.4379645e-07 0.1976019 8.604398e-05 0.24617356 1.5474059e-07 1.7733046e-05 1.2292585e-06 1.5371931e-08 0.30971885 7.686296e-06 9.105424e-05 0.00041702503 0.11959254 0.005149947 1.7385497e-05 0.001702086 2.0265568e-05 5.5722313e-07 0.00025069294 1.809793e-05 9.352201e-06 0.0009889214 5.151364e-07 2.8711074e-06 0.23282537 0.0004864653 1.1018787e-05 3.782294e-06 0.091549054 1.3149314e-06 0.09173225 1.18787975e-05 0.052503027 5.3415937e-05 2.4230794e-06 7.442904e-06 0.0014789382 0.030255778 0.029820029 5.4288193e-06 2.033793e-06 0.0006489536 0.0001547156 0.037241153 1.3432875e-06
0.9385106 0.014127748 0.032127924 0.008529777 0.036814686 0.008916528 0.050017633 0.33164144 0.099729806 0.0007100779 0.013200737 0.0017572903 0.00026450036 6.994306e-05 0.03419551 0.0018059534 6.496922e-05 0.31665865 8.841538e-05 0.05085156 0.07907953 0.00074384303 5.5658084e-06 0.013919784 2.9484527e-06 0.00015739455 1.5335041e-05 0.5138288 2.4661503e-19 0.020008016 0.06089446 0.00025161507 0.30412754 0.96899533 0.00656917 0.66401345 0.00042127154 0.13720384 0.10857212 0.00133541 0.11103021 0.017318033 0.00045602754 3.6124645e-06 0.0002514786 5.1879655e-05 6.0805287e-06 2.7819235e-06 0.10212271 2.0796229e-07 0.4946588 0.1920856 2.6940836e-06 0.003895595 0.000353081 0.0029263464 9.803046e-05 0.434516 0.017055739 0.014240638 9.2881955e-06 1.9819588e-06 2.9621458e-05 7.836635e-07 0.267915 0.0001305556 8.701073e-06 1.1768363e-05 0.0647194 0.070907265 3.3896584e-05 0.050090775 0.0001520853 1.3865355e-07 0.00045625982 7.242742e-05 1.8659771e-06 0.0042613065 1.6320851e-06 3.8000894e-06 0.034951527 1.7850052e-05 5.504142e-07 1.9845984e-05 0.043652937 7.754914e-07 0.01438392 3.8371947e-08 0.17653078 0.001035381 1.4049635e-06 1.739228e-07 0.013744565 0.068638235 0.051054947 5.0923394e-05 6.1828274e-07 0.017669449 9.689609e-06 0.021835389 6.782595e-08
0.7623347 0.0017337129 0.0017344024 0.014331908 0.005897176 0.0018176788 0.00946562 0.0195122 0.0007597074 0.00095054635 0.043052655 3.5026384e-05 4.180019e-06 4.6456594e-06 0.3556275 0.00972446 4.074769e-05 4.021449e-06 5.7301197e-05 1.9142067e-06 0.71326315 0.027048107 1.3120583e-05 5.553986e-07 4.6178688e-05 0.00036362934 1.1247552e-07 1.1883164e-06 0.020008016 1.2582464e-19 0.9849105 0.0955872 0.6333484 0.0150254695 0.7541222 9.298162e-05 0.17321718 0.58063966 0.551505 3.9791527e-08 1.4571776e-05 3.0201628e-07 4.825458e-08 0.00032739426 0.45143646 0.0012452448 0.002145609 0.007083363 0.09396491 1.0387628e-08 0.00085231324 7.159112e-05 0.0003293493 0.047479354 0.009628225 0.022552932 0.00022764158 0.008501511 0.015432951 6.430178e-07 0.00020173349 1.6995287e-05 0.00078753015 2.9874003e-05 0.0001389173 0.0010033295 6.1047723e-07 5.9650103e-09 6.509935e-05 0.0034141988 0.0010741379 0.022745138 0.0026718085 6.7472385e-05 0.0017905413 0.0012521212 0.00049635 0.0034619009 0.0012109656 0.00057839026 0.00017030213 3.8089078e-07 1.5478606e-07 0.00020269852 1.1524805e-05 1.3397661e-05 3.6047525e-06 0.00029480903 0.010449844 0.005450681 0.00059285393 2.268379e-05 0.015686454 0.024653485 0.005818652 0.00017605009 0.00019485258 0.018383976 8.753377e-05 0.00021336484 2.1395768e-05
