1.3064325e-29 0.8320681 0.8797135 0.8173047 0.7326101 0.9540717 0.25340363 0.3542864 0.10316728 0.39773732 0.86268705 0.96944064 0.37019482 0.9135069 0.35931838 0.027945068 0.16017412 0.06244127 0.4980836 0.40428153 0.9136452 0.080141455 0.010488748 0.6853605 0.18558654 0.010444714 0.3552429 0.43668205 0.03087477 0.020093603 0.00082541787 0.18060775 0.006469758 0.037953004 0.973821 0.0022100664 0.9915058 0.04519395 0.33583215 0.00038354445 0.10900843 0.99228555 0.3584955 0.5570027 0.0024451846 0.8199644 0.013333357 0.00016322487 0.02072573 0.0017742064 0.060953278 1.705712e-05 0.50551605 0.1645862 0.036441416 0.0018727839 0.443368 1.815534e-05 0.99593955 0.00033337047 0.9990169 0.0003272769 0.9986918 0.28122908 0.007129132 0.021897225 0.0023311996 0.0005321776 0.97769743 0.0043746424 1.7194476e-05 3.3353535e-05 7.926115e-05 4.858977e-07 0.0013421539 0.002208978 0.0036370829 0.59954584 0.5812895 3.9933687e-09 4.8295627e-05 0.00012328207 3.180124e-06 0.8524909 0.98881656 1.7767832e-05 3.981687e-05 1.5266778e-07 4.1077915e-06 4.4641565e-06 5.359593e-08 0.00846993 0.0004885503 1.307168e-10 0.99398875 0.97662014 2.6160019e-11 5.170505e-05 0.32442585 3.936117e-07 1.5065154e-08
0.8320681 1.2908056e-18 0.7765683 0.6228538 0.5004165 0.22362961 0.413615 0.29539964 0.35115582 0.11119814 0.22621498 0.39755902 0.4453918 0.2248701 0.0041390895 0.084346384 0.014398372 0.030871896 0.005276491 0.20155348 0.007146377 0.3906807 0.11580685 0.056700498 0.2557774 0.0727726 0.0017721155 0.013444208 0.001833864 0.23600404 0.10190028 0.00045657557 0.0065387497 0.2359601 0.036279276 0.018648125 0.24958538 0.128649 0.0036597878 0.044901453 0.0035645287 0.18289728 0.009624516 0.0013156848 0.09429182 0.014254164 0.001029493 0.015963381 0.09174873 0.0023396541 0.044883132 0.011591797 0.0014824586 0.0043883855 0.01597018 0.0001548873 0.00022158308 0.038176984 0.17190424 0.06601238 0.05053564 0.0013420271 0.15452254 0.0018533022 0.00021562888 0.0015425814 0.05646363 0.058712512 0.0033838318 0.020806612 0.0005479427 7.606292e-05 0.018520214 0.016220283 0.0018694693 0.0054639867 0.00040256552 0.0010153815 0.00016536751 0.003644814 0.00054182013 0.00017221348 0.0093596345 0.0152977295 0.008563623 0.0002031746 0.0009778943 0.00013670632 0.00018483053 0.0025364333 0.00033578623 0.00065502245 1.5754418e-05 7.640651e-05 0.0042181746 0.008316699 0.00028773575 0.00014991446 0.00026174088 0.0010476721 0.0006129555
0.8797135 0.7765683 6.761816e-18 0.3603603 0.27065966 0.8334592 0.36231858 0.23750702 0.28967994 0.1110188 0.10409702 0.38153613 0.21902741 0.08335094 0.005551008 0.06131891 0.019829938 0.027367003 0.0116199665 0.0826619 0.0125243245 0.18148914 0.072395466 0.016033726 0.08834126 0.046194207 0.003022788 0.0037439875 0.0016787726 0.10989119 0.06759679 0.0007382335 0.0053017945 0.084280506 0.057745945 0.012393069 0.14715645 0.050044015 0.0013869674 0.025230683 0.0011028538 0.437835 0.0033934237 0.0012154792 0.04199016 0.0064812354 0.00053759926 0.008303647 0.031278808 0.0016096963 0.012339669 0.004556874 0.0006204787 0.0017947273 0.004640685 0.000106275365 0.00032850396 0.02150965 0.31381813 0.03185368 0.045756597 0.0013583886 0.18744725 0.00065857207 0.00019529722 0.00016583149 0.028284775 0.027900754 0.007321034 0.007562731 0.0005395423 9.3539806e-05 0.006213089 0.006997502 0.00019057695 0.0004091209 5.9797454e-05 0.00013202518 0.0002781266 0.00044520182 0.00022985273 0.000135994 0.0017425286 0.0067519182 0.015058076 0.00014585812 0.0003134995 0.0001783342 0.00028474416 0.00067596463 0.00026820842 5.2763324e-05 1.6152098e-05 6.516034e-05 0.009016717 0.008874929 7.9408695e-05 5.0821658e-05 3.8315364e-05 0.00017171493 7.234237e-05
0.8173047 0.6228538 0.3603603 1.0284793e-20 0.7704476 0.12538686 0.39432156 0.23552826 0.35581994 0.02468413 0.3854106 0.49833098 0.5654437 0.35717934 0.0008496697 0.05191059 0.005169778 0.009508849 0.0020078486 0.24266392 0.0029984838 0.5177447 0.10058197 0.10984296 0.32781857 0.059709426 0.0004185506 0.031149713 0.00042831423 0.31557238 0.11112351 0.00011389545 0.003572313 0.31681922 0.025164928 0.010438644 0.3719551 0.20006528 0.0059459987 0.041015044 0.008984011 0.12279904 0.022551449 0.0004683612 0.116336636 0.035940498 0.00023286865 0.011306127 0.14664197 0.0008600391 0.046164207 0.0151279 0.0015478054 0.005951905 0.014646349 5.3113286e-05 3.4000022e-05 0.04388296 0.080526575 0.092070565 0.04443194 0.0005141024 0.09946735 0.0016933915 6.8310997e-06 0.0017181329 0.07345922 0.083768144 0.0015465026 0.025559288 0.00014622092 5.7871024e-05 0.030625243 0.02204209 0.0010718565 0.0059021185 0.00032345383 0.00053503097 0.00021970445 0.0039785462 5.5992878e-05 1.4897986e-05 0.009882567 0.0252173 0.008150024 2.6344287e-05 0.00042420425 5.4578355e-05 2.3943505e-05 0.002641274 8.017956e-05 0.000116376104 3.8230883e-06 5.8268764e-05 0.002247482 0.015273327 0.0002032335 6.941947e-05 0.00012361948 0.0012607509 0.00045462386
0.7326101 0.5004165 0.27065966 0.7704476 3.5725717e-21 0.11109524 0.3056596 0.15066569 0.2810419 0.014626605 0.5302405 0.5407318 0.566675 0.4971725 0.00092100806 0.037564527 0.0043685534 0.006531072 0.0011607179 0.37885213 0.0017120541 0.5054563 0.093515776 0.22442457 0.39583048 0.049213644 0.00021971829 0.08700885 0.00048424763 0.34247458 0.092704274 0.00012096111 0.0030359577 0.33698672 0.01765763 0.010013159 0.49545133 0.2420914 0.015433894 0.04170798 0.02490778 0.06671339 0.04098724 0.00019699833 0.12466324 0.08036877 0.00016936628 0.009974108 0.20974061 0.00047460006 0.09995948 0.011786362 0.0063893334 0.016655654 0.03259093 1.2958848e-05 1.4631514e-05 0.04208684 0.059032083 0.10243164 0.05379568 0.00022657725 0.09374389 0.0050895214 4.0843884e-06 0.0049022366 0.119807065 0.1249637 0.00048721512 0.052740604 5.246587e-05 1.49534135e-05 0.055625387 0.033845045 0.002731054 0.013302634 0.00056640885 0.0022321998 7.784294e-05 0.005078213 1.902939e-05 9.587807e-06 0.01808712 0.049543064 0.0056271376 1.2639693e-05 0.00036922272 1.3639815e-05 1.2718082e-05 0.0027179054 2.5477328e-05 0.00030391096 9.427703e-07 2.0175437e-05 0.0008412696 0.01513186 9.138472e-05 4.0065373e-05 0.001825559 0.00068370084 0.00040784644
0.9540717 0.22362961 0.8334592 0.12538686 0.11109524 5.4044795e-17 0.2190004 0.27839056 0.11292692 0.21211672 0.025313007 0.12596717 0.09466367 0.01506084 0.047361434 0.07759652 0.051784325 0.056123838 0.08430322 0.021816343 0.124158956 0.06538675 0.06334408 0.0031540452 0.021059439 0.05624984 0.04358144 0.0006214596 0.0059145796 0.03506178 0.023945767 0.01134374 0.0111607695 0.021929998 0.35966673 0.022288194 0.054508153 0.011733987 0.0002719944 0.015975155 0.0002509331 0.792307 0.0013653188 0.020224731 0.010733867 0.0016716912 0.0024712689 0.009743122 0.00658417 0.006992842 0.0029779891 0.0017601174 3.817119e-05 0.00021089033 0.0006801027 0.0008078114 0.0027205844 0.004219782 0.44077963 0.00537565 0.029859772 0.004322097 0.22236599 5.828966e-05 0.0008404216 1.8040546e-05 0.0047711013 0.0046471 0.039539233 0.0014109536 0.0006513018 0.00039654662 0.00078017375 0.00041642014 1.094493e-05 3.8477174e-05 2.7378796e-06 2.0617024e-05 0.0024840103 8.0611215e-05 9.0468246e-05 4.6050536e-05 0.0002390749 0.0023254564 0.02204024 5.643785e-05 2.3450097e-05 0.000101180485 0.00013083356 5.1256415e-05 0.000101317026 8.401299e-06 3.523467e-05 1.35901755e-05 0.027711675 0.004085754 1.9227262e-05 4.2594593e-06 4.1116755e-06 1.8826768e-05 7.16501e-06
0.25340363 0.413615 0.36231858 0.39432156 0.3056596 0.2190004 8.454196e-22 0.536391 0.8593541 0.20831601 0.14683558 0.22370434 0.4004508 0.09384578 0.009521395 0.17747033 0.029029692 0.057629965 0.01877487 0.06259072 0.01799558 0.29967338 0.20372014 0.03226761 0.1158338 0.14847016 0.0074913674 0.012350677 0.002045815 0.26142436 0.1831835 0.00073806493 0.023130946 0.10893602 0.08258466 0.076166816 0.15538308 0.072496355 0.0039762477 0.111505575 0.0032428855 0.21325175 0.011045701 0.0025607725 0.11884003 0.015546697 0.0012102585 0.050244566 0.06335762 0.005419292 0.012907953 0.051630266 0.00018657297 0.0011105681 0.0049707033 0.0002846098 0.00024393092 0.048895486 0.04712766 0.065262765 0.015010374 0.0012318052 0.02791813 0.00016454617 0.00014969388 0.000120806166 0.03639176 0.048884112 0.006811198 0.009565637 0.0013394167 9.162182e-05 0.012894978 0.01640638 6.917877e-05 0.0012761091 7.970044e-06 3.9398314e-05 0.0014386518 0.0030709452 0.000107590786 7.505348e-05 0.003236288 0.0030199569 0.005409997 4.86162e-05 2.1560943e-05 8.970114e-05 2.8296416e-05 0.0005200417 8.803549e-05 1.3654618e-06 3.097793e-05 9.5053e-05 0.010209424 0.003929565 0.00012258672 2.8375443e-06 9.000137e-06 0.00018132696 0.0001331707
0.3542864 0.29539964 0.23750702 0.23552826 0.15066569 0.27839056 0.536391 4.2444094e-22 0.21707599 0.85351753 0.018742843 0.110660516 0.13023786 0.026930483 0.18814625 0.57643193 0.28314182 0.44739965 0.058541246 0.009990228 0.04682006 0.22813913 0.4431846 0.006158738 0.024871066 0.4175522 0.050822064 0.007354652 0.023096096 0.17774937 0.18832056 0.0056375554 0.11958738 0.045383025 0.19220354 0.23227564 0.031091748 0.022064378 0.0030235462 0.17759356 0.0022561431 0.2917799 0.009922566 0.013826352 0.0967671 0.007926918 0.006477392 0.13978818 0.017448535 0.03828872 0.0032582537 0.058390968 0.00013503803 0.00046616033 0.0012238685 0.002705352 0.0017124778 0.06553661 0.04017785 0.064799786 0.005648839 0.025628656 0.015518049 0.00032080142 0.0005741698 0.00016943703 0.022347838 0.03975063 0.0166861 0.0046712854 0.012419544 0.0014628356 0.007806464 0.008669977 0.0002492376 0.0010707673 4.110756e-05 0.000367616 0.003127449 0.004119072 0.00018872149 0.00010759745 0.0032189214 0.0032976277 0.0034519627 0.00010931574 0.0001333311 0.00078284566 0.0001403563 0.0007143842 0.00025898893 2.2059157e-05 0.00017717907 0.00059443916 0.012469358 0.00077321514 0.0003450628 1.8929424e-05 9.4113646e-05 0.0007603551 0.00017003207
0.10316728 0.35115582 0.28967994 0.35581994 0.2810419 0.11292692 0.8593541 0.21707599 5.7153947e-24 0.047867905 0.15418424 0.2250371 0.43340525 0.13656679 0.0027048863 0.04518879 0.0070144963 0.011113876 0.0055421195 0.06520952 0.004764315 0.40465078 0.12912492 0.049994137 0.09765705 0.069667384 0.002076478 0.01138165 0.00065357354 0.40068075 0.23488015 0.0003037426 0.0054808776 0.12807891 0.02610355 0.02469619 0.12228491 0.0769563 0.004372496 0.055059604 0.004747658 0.10008911 0.011992414 0.00074500905 0.20323707 0.0172836 0.000362871 0.021443356 0.06887894 0.00089405355 0.01797215 0.034469996 0.0010583611 0.0045709885 0.006290792 0.000104716855 8.627808e-05 0.07541221 0.019409686 0.11299071 0.009886371 0.00036839937 0.015501062 0.0009313978 3.4931312e-05 0.00028806244 0.061220743 0.083539106 0.0011721036 0.012159678 0.0005631102 1.1643864e-05 0.022814978 0.022593932 0.00018078463 0.0015909079 3.1720872e-05 0.00034125775 0.00023247834 0.0043938463 3.3486664e-05 1.1231731e-05 0.00393038 0.005394348 0.0010143821 9.027326e-06 7.0025344e-05 6.504046e-05 9.475752e-06 0.00033982474 5.014313e-05 1.0884152e-05 4.7393837e-06 4.9430502e-05 0.0023254864 0.0010842109 0.00010821964 8.30563e-06 0.000104547034 0.00012645173 0.00022734108
0.39773732 0.11119814 0.1110188 0.02468413 0.014626605 0.21211672 0.20831601 0.85351753 0.047867905 2.725937e-21 0.0034026222 0.023673395 0.012610798 0.004154965 0.7023006 0.6419387 0.59126616 0.6414351 0.1392395 0.001697283 0.10624976 0.017121308 0.2098366 0.0012562973 0.0020159301 0.30071875 0.18154262 0.0009842537 0.1883657 0.027122328 0.0499365 0.059713323 0.20845065 0.004021264 0.26639023 0.24001153 0.007435356 0.0019670406 0.000488659 0.1005332 0.00015804643 0.23214352 0.002672155 0.042532172 0.026410967 0.0019550882 0.04090387 0.10966978 0.0032106142 0.07906855 0.00055928197 0.031486236 2.9204914e-05 0.00010583005 0.00039775105 0.008440543 0.0066118464 0.028096281 0.03007724 0.018740455 0.002281236 0.045486197 0.007596282 9.1557005e-05 0.0018529831 7.5970274e-05 0.00759475 0.012372753 0.030591067 0.0023968671 0.017744044 0.0044847117 0.0040786704 0.003192848 0.00012982692 0.00032966357 2.2334109e-05 0.0001163579 0.008774541 0.0016406443 0.00024144915 0.00013718406 0.0011470469 0.00059271517 0.0060315626 0.00010618703 0.000112149006 0.0013108766 0.0002437242 0.00034228823 0.00041061384 7.0364044e-06 0.00029244172 0.00045625962 0.020067064 0.00042168773 0.00025239593 1.021534e-05 2.0266845e-05 0.00039281824 5.017781e-05
0.86268705 0.22621498 0.10409702 0.3854106 0.5302405 0.025313007 0.14683558 0.018742843 0.15418424 0.0034026222 1.9369305e-18 0.4174034 0.43920058 0.61816555 0.0001174376 0.013378511 0.0015304092 0.0016178708 9.496972e-05 0.510738 0.00012787242 0.39087465 0.017556136 0.5258886 0.47977287 0.012623703 3.6845347e-05 0.28135005 0.0002114276 0.19154775 0.02367778 4.4315853e-05 0.00052246905 0.33728337 0.002378497 0.004319318 0.4559557 0.30264434 0.0623019 0.014932532 0.06786341 0.011412409 0.13976017 4.1725216e-05 0.055536248 0.18863939 0.00019509654 0.006604593 0.27537772 9.920825e-05 0.27966675 0.0038472735 0.064162485 0.12617531 0.14311822 3.3860237e-05 5.383378e-06 0.00758945 0.017240524 0.056284875 0.039158415 0.00018500882 0.04043211 0.043540094 9.124004e-06 0.033959813 0.12948346 0.105062224 0.00015167365 0.10831239 5.8140708e-05 3.053809e-05 0.05514657 0.017112397 0.02252949 0.058429603 0.010083709 0.014268302 6.097459e-05 0.001034953 6.530424e-05 1.9442889e-05 0.025475895 0.0795792 0.0031606334 3.215983e-05 0.005986325 4.6884652e-05 1.3492572e-05 0.012032326 7.756128e-05 0.0037658187 8.275001e-06 1.6623946e-05 0.00013083019 0.033388145 3.7598726e-05 0.0019095665 0.008711925 0.004964582 0.0010639327
0.96944064 0.39755902 0.38153613 0.49833098 0.5407318 0.12596717 0.22370434 0.110660516 0.2250371 0.023673395 0.4174034 6.4526095e-19 0.41657138 0.5422269 0.000123222 0.02471147 0.0031772566 0.0049264925 0.00094932603 0.33465087 0.0009933806 0.29396307 0.02532906 0.15630615 0.27091438 0.013304904 0.00022208555 0.05345187 8.28392e-05 0.15108062 0.01952734 3.496331e-05 0.00025959677 0.17747071 0.009031082 0.0013860756 0.6862813 0.14053446 0.007278798 0.006942845 0.0070470325 0.05788698 0.031196106 0.00017956397 0.036007117 0.1080208 2.039491e-05 0.0014890699 0.086809695 2.4287323e-05 0.060956642 0.0019744532 0.0074707703 0.013047633 0.0188695 3.6376252e-06 3.299806e-06 0.008908335 0.14413951 0.031542607 0.0978752 0.0001192674 0.17052856 0.007015279 6.816311e-07 0.0020647652 0.03129458 0.033631977 0.00073932385 0.018026987 8.347029e-05 1.1017e-05 0.01120279 0.0074840235 0.0007227593 0.004988536 0.00019878174 0.0038184065 1.2601888e-05 0.00050934765 4.3707323e-06 2.4788878e-06 0.004137059 0.03061659 0.011238847 6.829706e-06 0.00028819876 1.4480911e-05 2.2169923e-05 0.00051693665 5.4481367e-05 0.00047150752 3.3502315e-07 1.1238062e-05 0.0009451218 0.03411189 9.536379e-05 6.825438e-05 0.0003676325 0.0002757149 0.00020020481
0.37019482 0.4453918 0.21902741 0.5654437 0.566675 0.09466367 0.4004508 0.13023786 0.43340525 0.012610798 0.43920058 0.41657138 4.7900985e-23 0.41051868 0.000869476 0.025635699 0.0028992887 0.0046806834 0.0018183091 0.4502705 0.0021357501 0.65658224 0.095539354 0.31495646 0.5028318 0.04749209 0.0006775517 0.062538244 0.00027630193 0.48725396 0.1272666 8.6981054e-05 0.0023184388 0.32117286 0.02014528 0.014566025 0.26128584 0.20804656 0.013299551 0.042487375 0.017130153 0.047045115 0.0327589 0.0006107857 0.20023878 0.059459113 0.00018468285 0.0126346275 0.15629531 0.0007283356 0.06284119 0.02298541 0.004628875 0.018157063 0.023807164 5.1545976e-05 1.8198522e-05 0.06415229 0.011013666 0.15454808 0.008117673 0.00039447003 0.014113419 0.0041674552 6.1205906e-06 0.004847009 0.10507854 0.14896202 0.0007501069 0.038562693 0.00015684821 4.155834e-05 0.043392215 0.045523565 0.0010093652 0.0074834954 0.00022889506 0.0012491252 0.00027711916 0.008012517 1.9560151e-05 3.9664533e-06 0.0130494 0.022394095 0.002354746 6.5332115e-06 0.0003112011 6.69408e-05 1.0043547e-05 0.0026544847 5.705522e-05 7.823911e-05 2.565753e-06 0.00012310993 0.0018638342 0.00429709 0.0002517752 5.4039818e-05 0.00054855 0.0011438391 0.001355036
0.9135069 0.2248701 0.08335094 0.35717934 0.4971725 0.01506084 0.09384578 0.026930483 0.13656679 0.004154965 0.61816555 0.5422269 0.41051868 7.4156975e-19 4.5891873e-05 0.0089693805 0.0011528273 0.0014034987 0.00013470734 0.44935495 8.029924e-05 0.2883 0.012375738 0.4124821 0.36448485 0.008102812 1.2797324e-05 0.4082304 9.267717e-05 0.08624299 0.010494062 1.3564913e-05 8.6008375e-05 0.220574 0.0011848516 0.0017872505 0.5246167 0.20209035 0.06730465 0.008223846 0.037896097 0.005138735 0.18637934 2.0412032e-05 0.021289289 0.23950014 6.216612e-05 0.002408031 0.16760749 3.450105e-05 0.17276224 0.00073942816 0.050337985 0.0812268 0.09121011 1.1533711e-05 1.1436117e-06 0.0026271166 0.016429076 0.020982694 0.033659033 0.00010719954 0.03972776 0.030216165 1.2881659e-06 0.01631175 0.0660668 0.05158214 7.397618e-05 0.05488076 5.7736244e-05 1.8487892e-05 0.028765732 0.008465157 0.010234834 0.028141594 0.0055278954 0.009832658 1.664949e-05 0.00054215663 4.2010302e-05 1.7635666e-05 0.014289007 0.063730925 0.0044318247 3.2007883e-05 0.003724859 4.474507e-05 1.4324439e-05 0.0059742653 8.236191e-05 0.0037453305 4.876862e-06 1.2533368e-05 4.1252948e-05 0.03342523 5.7372778e-05 0.0013644993 0.003704325 0.002125848 0.0003273025
0.35931838 0.0041390895 0.005551008 0.0008496697 0.00092100806 0.047361434 0.009521395 0.18814625 0.0027048863 0.7023006 0.0001174376 0.000123222 0.000869476 4.5891873e-05 4.9274737e-21 0.40367907 0.8037214 0.7661629 0.47563678 0.00010317865 0.4167542 0.0011559981 0.012988377 3.2986845e-05 0.00020562035 0.060071323 0.445261 3.9171762e-05 0.5992887 0.0019305131 0.005430529 0.43950444 0.40848237 0.00060888124 0.5233579 0.115900785 0.00014623 0.0006457833 1.3365961e-05 0.013181489 6.560339e-06 0.08078382 0.00012266611 0.10542312 0.0030196072 6.421348e-05 0.18167171 0.017210135 0.001351016 0.20976001 0.00036239467 0.007257245 2.0194543e-06 9.757889e-06 0.00016806861 0.031859387 0.013256599 0.0041778176 0.010507906 0.0022997193 0.0005712036 0.042377517 0.0022438865 1.98835e-06 0.00912236 7.532542e-06 0.0023396732 0.0037229045 0.045821052 0.00067131984 0.0045710565 0.004904949 0.0016547423 0.0006497822 2.082582e-05 9.834247e-05 2.604627e-06 1.0461909e-05 0.012787237 0.00012791023 0.0014211509 0.0024985257 0.00066579296 5.7350404e-05 0.0012123025 0.0010194198 6.511248e-06 0.0009225817 0.0006666507 0.0001992762 0.0001470551 4.8853826e-07 0.003967486 2.2159331e-05 0.013023714 0.00023843258 6.600129e-05 7.635581e-07 7.203525e-07 7.717186e-05 7.820364e-06
0.027945068 0.084346384 0.06131891 0.05191059 0.037564527 0.07759652 0.17747033 0.57643193 0.04518879 0.6419387 0.013378511 0.02471147 0.025635699 0.0089693805 0.40367907 4.052534e-21 0.5850372 0.70667523 0.05493223 0.009885698 0.03171672 0.02954693 0.36722997 0.0032378465 0.0151186045 0.5342842 0.099442564 0.0014354867 0.32623574 0.02886628 0.10901799 0.07636735 0.44328806 0.014477599 0.102069035 0.41474444 0.0044734622 0.011599261 0.0010278071 0.21897662 0.0005665272 0.037590276 0.002129801 0.014188793 0.026603315 0.0012386701 0.08307319 0.1813877 0.010386278 0.14218377 0.003255525 0.052385468 0.00029735029 0.00088421116 0.0018447182 0.020407198 0.004180091 0.031610094 0.007873065 0.01209475 0.0014424133 0.06909236 0.0040342202 0.0002965265 0.0016633264 0.00010492059 0.006414077 0.007145733 0.007442759 0.00687823 0.028795935 0.003447977 0.0018286412 0.0012192256 0.00011708902 0.0004734295 3.4201395e-05 0.00036204024 0.0009892798 0.0003661018 0.00014693328 6.590109e-05 0.00041854702 0.00028087632 0.002741712 5.5593915e-05 7.0487666e-05 0.0019284007 7.345301e-05 0.00020766987 0.0007356419 9.992862e-06 7.2234274e-05 0.00031525252 0.0072945864 0.00012148331 1.5645224e-05 1.201748e-05 0.00012769827 6.880447e-05 2.2273594e-05
0.16017412 0.014398372 0.019829938 0.005169778 0.0043685534 0.051784325 0.029029692 0.28314182 0.0070144963 0.59126616 0.0015304092 0.0031772566 0.0028992887 0.0011528273 0.8037214 0.5850372 1.937274e-22 0.8421776 0.15919337 0.0009879622 0.09622197 0.0031124128 0.03987878 0.0003955846 0.0011816007 0.18146117 0.28483823 0.0002731071 0.66083854 0.0034955975 0.011681911 0.38301948 0.52529883 0.0008127953 0.2682096 0.26491064 0.0011789337 0.001323607 0.00010372592 0.032200538 5.8935042e-05 0.038787257 0.0005281463 0.048760418 0.0023335984 0.00015988611 0.32159048 0.041102506 0.0024983387 0.27739936 0.0008555533 0.008600855 2.6684611e-05 0.000102619306 0.00042439706 0.052657288 0.011151301 0.0024519786 0.0041843685 0.00094185787 0.000556189 0.07585594 0.0013364821 1.6885237e-05 0.0087690195 2.4153653e-05 0.0024539835 0.003493678 0.014050362 0.0011301589 0.016081681 0.011569168 0.00081757293 0.0003298057 1.8146891e-05 6.117507e-05 1.9617698e-06 6.520233e-06 0.0065730247 9.323539e-05 0.00034684487 0.00027409522 0.00016083336 1.2678083e-05 0.0013700875 0.00015311025 4.8595034e-06 0.0013694231 0.00024692307 8.8476445e-05 0.00066110643 5.7126755e-07 0.0005539089 8.250868e-05 0.012332293 1.364671e-05 2.13704e-05 1.3117287e-06 2.5376246e-06 3.5325986e-05 1.5730504e-05
0.06244127 0.030871896 0.027367003 0.009508849 0.006531072 0.056123838 0.057629965 0.44739965 0.011113876 0.6414351 0.0016178708 0.0049264925 0.0046806834 0.0014034987 0.7661629 0.70667523 0.8421776 3.930784e-23 0.12409723 0.0010241312 0.06408707 0.0040145023 0.08920441 0.00038041128 0.0013062655 0.29195824 0.27027854 0.00015775206 0.66901493 0.0038852328 0.016707381 0.3622201 0.5813902 0.0014680708 0.2000861 0.35500085 0.0013149703 0.002058402 8.417399e-05 0.06151058 5.2378084e-05 0.029441126 0.00033549956 0.04144688 0.0021087606 0.00012078014 0.36349806 0.08341324 0.0024666642 0.31320557 0.00074409135 0.012104917 2.5360438e-05 0.00010885633 0.0005046932 0.06134355 0.011142744 0.0032864385 0.0030792516 0.0010623733 0.00038912063 0.10359482 0.0010769129 1.5990601e-05 0.008680994 2.749837e-05 0.002787026 0.0033944673 0.013561105 0.0023412858 0.019291548 0.010006934 0.0007556808 0.0001926872 1.029985e-05 4.2402506e-05 2.25953e-06 8.414681e-06 0.0038993792 3.4863155e-05 0.00024384115 0.0001760719 9.262998e-05 7.4925138e-06 0.0008730572 0.00010669559 4.7260196e-06 0.0011735173 8.638372e-05 4.3610748e-05 0.00043145663 8.1355563e-07 0.00020968083 3.7117123e-05 0.010001163 3.8240287e-06 4.9588516e-06 9.5243644e-07 3.7240666e-06 1.827041e-05 4.5248016e-06
0.4980836 0.005276491 0.0116199665 0.0020078486 0.0011607179 0.08430322 0.01877487 0.058541246 0.0055421195 0.1392395 9.496972e-05 0.00094932603 0.0018183091 0.00013470734 0.47563678 0.05493223 0.15919337 0.12409723 1.7470698e-18 0.00039675806 0.7855218 0.0023617616 0.0071979677 2.6090735e-05 0.00060180225 0.01913142 0.5787768 1.4907508e-05 0.116242334 0.0029333734 0.003520268 0.33613783 0.04558583 0.001444749 0.6396103 0.017401442 0.00071081566 0.0010868015 4.2795045e-06 0.008124904 1.8785669e-06 0.116189495 5.809598e-05 0.37596315 0.0012888769 4.9431874e-05 0.09589763 0.004858709 0.0010783634 0.054889437 0.0002073236 0.0011307653 2.4646806e-06 1.5041247e-05 0.00025091728 0.05189047 0.09034265 0.0008459229 0.013103048 0.0010040196 0.00067023776 0.031950004 0.005666641 1.1125641e-06 0.04092124 8.182496e-06 0.0020257446 0.0025482578 0.5318194 0.0010562628 0.002620572 0.011629345 0.001678944 0.00073885015 3.0261106e-05 0.000116336596 9.026215e-06 2.0296932e-06 0.030774008 0.00011440808 0.004537961 0.0018235535 0.00093297614 0.00016293884 0.0026685272 0.0013662155 6.2586805e-05 0.00070318056 0.0022612805 0.00057323964 0.00015493132 7.562741e-07 0.002694083 3.1689437e-06 0.062113825 0.00013626936 1.2433661e-05 7.3095475e-06 3.8128494e-08 8.02892e-05 1.734337e-05
0.40428153 0.20155348 0.0826619 0.24266392 0.37885213 0.021816343 0.06259072 0.009990228 0.06520952 0.001697283 0.510738 0.33465087 0.4502705 0.44935495 0.00010317865 0.009885698 0.0009879622 0.0010241312 0.00039675806 1.710462e-20 0.00027913263 0.38763112 0.016771078 0.5778006 0.6407314 0.0126969665 0.00010989849 0.27513912 0.00010474533 0.23374921 0.028990453 5.0758015e-05 0.0005047312 0.34092534 0.0046713273 0.0051414995 0.23760946 0.3467354 0.04160863 0.01282487 0.06376505 0.015544273 0.08796443 0.00014297737 0.0806247 0.12984733 0.00011076275 0.004811662 0.33452865 0.00010218814 0.3139067 0.0049412837 0.05037195 0.1762573 0.19764818 3.7149875e-05 8.802705e-06 0.012112093 0.011067196 0.08128672 0.016484397 0.0001401626 0.017907292 0.032065976 7.7057975e-06 0.038725216 0.15108626 0.13659717 0.0008467317 0.11479443 3.446619e-05 3.1504525e-05 0.069619134 0.025319725 0.016170377 0.063969985 0.0055248155 0.011402146 0.00025778668 0.0010528052 2.9301022e-05 1.03917155e-05 0.028749922 0.07013347 0.0047745337 1.618599e-05 0.0042247046 2.9937146e-05 1.0130809e-05 0.012874235 3.654202e-05 0.0017069285 1.1813747e-05 4.2951622e-05 0.0005425877 0.015850857 0.00010065625 0.0008301754 0.009068857 0.0053686383 0.0017587012
0.9136452 0.007146377 0.0125243245 0.0029984838 0.0017120541 0.124158956 0.01799558 0.04682006 0.004764315 0.10624976 0.00012787242 0.0009933806 0.0021357501 8.029924e-05 0.4167542 0.03171672 0.09622197 0.06408707 0.7855218 0.00027913263 2.4764363e-18 0.0017378719 0.0045567304 8.720429e-06 0.0003257017 0.010856781 0.61346155 6.4991564e-06 0.043770928 0.0017504084 0.0012637055 0.22731367 0.019744132 0.0011800416 0.7403854 0.008506978 0.0005396864 0.0007693102 1.4742453e-06 0.0031627002 3.671973e-07 0.13819952 4.3165728e-05 0.46801534 0.0007717756 3.637912e-05 0.037329175 0.0017303919 0.00068590045 0.019635977 0.00012438033 0.00022882542 1.7088836e-07 1.111369e-06 4.5852936e-05 0.014382089 0.09336418 0.00037160702 0.023370255 0.0010561983 0.0005570792 0.008278673 0.004740546 1.3441276e-07 0.02822788 1.401714e-06 0.002526929 0.0034292454 0.29898983 0.0006472609 0.0003607956 0.0035718856 0.00092599157 0.00033428767 8.644283e-06 2.5682048e-05 9.4016485e-07 9.5137736e-08 0.0264445 3.7564172e-05 0.0009644229 0.00053492584 0.00042728044 3.5956076e-05 0.0031321114 0.0003984785 5.3841172e-06 0.0003227519 0.00059954124 0.00019178375 0.00011903355 4.1738267e-07 0.0009650756 3.3474068e-06 0.07563395 0.0001707311 1.3772682e-05 1.0310075e-06 1.5388408e-09 5.324104e-05 2.9560191e-05
0.080141455 0.3906807 0.18148914 0.5177447 0.5054563 0.06538675 0.29967338 0.22813913 0.40465078 0.017121308 0.39087465 0.29396307 0.65658224 0.2883 0.0011559981 0.02954693 0.0031124128 0.0040145023 0.0023617616 0.38763112 0.0017378719 7.0490633e-25 0.15321606 0.20440814 0.5315726 0.05256528 0.0009644924 0.029616758 0.00018664097 0.6494432 0.21405527 6.8540205e-05 0.0016274558 0.43043402 0.009019702 0.010761542 0.12865195 0.3180061 0.0081652375 0.049401008 0.00902774 0.023631271 0.020713007 0.0002393256 0.33236507 0.03488752 0.00010726693 0.011881603 0.24381672 0.00020052871 0.077043176 0.033812255 0.0061530704 0.019891499 0.027638914 2.3533055e-05 5.795561e-06 0.07694645 0.0077485396 0.21064003 0.0036643313 0.00014968531 0.007283787 0.0025704983 4.517299e-06 0.0018778865 0.14209414 0.14903755 0.00033033264 0.04382255 0.00011941912 9.903588e-06 0.05828091 0.054944716 0.00054941914 0.005484064 6.2198735e-05 0.0008007651 8.239451e-05 0.0073217642 2.0867752e-05 3.7800328e-06 0.010631207 0.01069305 0.0011960957 4.5457746e-06 0.0001656145 1.8804409e-05 4.0932127e-06 0.0028495048 2.6879823e-05 9.509519e-06 1.3011609e-06 7.47926e-05 0.0010816387 0.002178594 0.0002619469 1.029982e-05 0.00040630487 0.0006180558 0.0012147218
0.010488748 0.11580685 0.072395466 0.10058197 0.093515776 0.06334408 0.20372014 0.4431846 0.12912492 0.2098366 0.017556136 0.02532906 0.095539354 0.012375738 0.012988377 0.36722997 0.03987878 0.08920441 0.0071979677 0.016771078 0.0045567304 0.15321606 5.6841368e-21 0.0038104563 0.055065315 0.5108295 0.008863502 0.0025261266 0.004448818 0.22216038 0.48420402 0.0011661897 0.05075731 0.08014862 0.011247269 0.29735276 0.0044350363 0.061242778 0.0005486512 0.3884772 0.00058025355 0.016461886 0.0021173663 0.0022780567 0.17751352 0.0015705606 0.0015967843 0.3008878 0.041219603 0.011128199 0.0066573867 0.17781909 0.00015359215 0.00037098047 0.0009553985 0.0006232503 0.00032820238 0.17344585 0.0054300167 0.12128079 0.0021099392 0.0101671005 0.004138742 5.1123876e-05 9.109445e-05 1.3474339e-05 0.035620283 0.04450678 0.0016268375 0.00821766 0.008682915 0.00028710224 0.0057283742 0.0134102795 5.1953873e-05 0.00027515725 3.2629457e-06 0.0007009691 0.0003219772 0.005299727 5.3918844e-05 2.5340274e-05 0.0012135044 0.0011697975 0.0011537584 4.5304736e-05 2.0547204e-05 0.000368951 4.905463e-05 0.0001607967 0.0003097904 1.026081e-05 4.2660555e-05 0.0014108917 0.0044078263 0.000265902 0.0005044663 5.9240765e-06 0.0009902454 8.882375e-05 0.00013261296
0.6853605 0.056700498 0.016033726 0.10984296 0.22442457 0.0031540452 0.03226761 0.006158738 0.049994137 0.0012562973 0.5258886 0.15630615 0.31495646 0.4124821 3.2986845e-05 0.0032378465 0.0003955846 0.00038041128 2.6090735e-05 0.5778006 8.720429e-06 0.20440814 0.0038104563 5.6677304e-19 0.49926397 0.0018044239 1.6746248e-05 0.49801686 3.055166e-05 0.058705926 0.0055790013 1.1723041e-05 6.3320695e-05 0.2538475 0.00034834965 0.00020624763 0.20424286 0.29840755 0.15570024 0.0019899553 0.20213823 0.0013638658 0.22479373 6.7786445e-06 0.016387599 0.27090028 5.2096468e-05 0.00051491073 0.3137971 4.7822205e-06 0.43731156 0.00020721823 0.33469307 0.3684967 0.3286849 1.5378582e-05 2.092232e-06 0.0014779441 0.0031713624 0.020037632 0.009991111 9.53884e-06 0.0065454314 0.13864447 1.5549231e-06 0.1613926 0.13379475 0.078174904 8.205071e-06 0.18782873 3.842274e-06 2.2761963e-06 0.060527254 0.009480554 0.06909273 0.12082778 0.029217878 0.028566103 6.0828515e-05 0.00026055714 1.8978644e-05 3.2301577e-06 0.0272083 0.145409 0.0013880015 5.2322644e-06 0.0151261045 5.077469e-06 6.6937573e-06 0.03294142 8.686761e-06 0.008615052 1.9667414e-06 2.960687e-06 7.788456e-06 0.070088424 1.0574476e-05 0.0072276825 0.023973685 0.013222639 0.0010429783
0.18558654 0.2557774 0.08834126 0.32781857 0.39583048 0.021059439 0.1158338 0.024871066 0.09765705 0.0020159301 0.47977287 0.27091438 0.5028318 0.36448485 0.00020562035 0.0151186045 0.0011816007 0.0013062655 0.00060180225 0.6407314 0.0003257017 0.5315726 0.055065315 0.49926397 3.1055739e-21 0.023825653 9.661572e-05 0.1790129 9.747122e-05 0.40124375 0.05085189 5.9130452e-05 0.0004199482 0.5034707 0.0037532556 0.008565804 0.14063923 0.49580544 0.029614128 0.02520227 0.037333228 0.0089493655 0.045752738 0.00013782084 0.12896901 0.07556886 0.0001404168 0.009281317 0.45801955 0.00013105334 0.39621842 0.014015359 0.059924986 0.19632325 0.22665162 4.5171855e-05 9.761471e-06 0.03297352 0.006882071 0.15401554 0.0045617046 0.00047212848 0.007067671 0.032325264 4.1708568e-06 0.03769615 0.20723784 0.20565797 0.0006094279 0.1496778 0.00017064826 8.95748e-05 0.107362665 0.060675193 0.01571294 0.05799635 0.0043561286 0.009207614 0.00018656177 0.0057040853 2.1513662e-05 8.815677e-06 0.038315862 0.032707613 0.004074598 1.7049102e-05 0.003966174 9.992991e-05 8.37788e-06 0.01802151 0.0001153989 0.0015052978 9.979311e-06 0.00012419696 0.0003276182 0.0038144265 0.00017758644 0.00034864698 0.005843047 0.0052504693 0.005906896
0.010444714 0.0727726 0.046194207 0.059709426 0.049213644 0.05624984 0.14847016 0.4175522 0.069667384 0.30071875 0.012623703 0.013304904 0.04749209 0.008102812 0.060071323 0.5342842 0.18146117 0.29195824 0.01913142 0.0126969665 0.010856781 0.05256528 0.5108295 0.0018044239 0.023825653 1.8045691e-20 0.02722376 0.0023260054 0.054687604 0.06113382 0.22593538 0.011249587 0.24869086 0.029819485 0.01988176 0.5411084 0.0032534222 0.016544394 0.00086986367 0.41863212 0.00056865934 0.01742479 0.0021165758 0.005689555 0.045523986 0.0014921448 0.013773992 0.41000503 0.011762238 0.07418298 0.005879187 0.16357104 0.0002757857 0.0006051555 0.0012095079 0.004034227 0.0018560649 0.07640189 0.0079449825 0.025292298 0.003617212 0.056063816 0.0074493736 0.00014594759 0.0006967051 4.8490896e-05 0.0118362745 0.013801189 0.0035492943 0.0077361898 0.050017644 0.0018528894 0.0033819804 0.002700394 0.00017658058 0.00049744017 3.550831e-05 0.0016695833 0.00043386032 0.0013063558 0.00018259202 4.3000477e-05 0.0011248223 0.00097294076 0.0035070942 5.8299276e-05 3.0112958e-05 0.0021544944 8.555051e-05 0.0003435486 0.0012723221 6.672887e-05 7.2311195e-05 0.0016434934 0.0075103818 0.00029868464 0.0001886997 2.848426e-05 0.0011269946 0.00011235262 6.559579e-05
0.3552429 0.0017721155 0.003022788 0.0004185506 0.00021971829 0.04358144 0.0074913674 0.050822064 0.002076478 0.18154262 3.6845347e-05 0.00022208555 0.0006775517 1.2797324e-05 0.445261 0.099442564 0.28483823 0.27027854 0.5787768 0.00010989849 0.61346155 0.0009644924 0.008863502 1.6746248e-05 9.661572e-05 0.02722376 9.067823e-20 6.89892e-06 0.42575014 0.00060983776 0.0020271079 0.82261634 0.13404715 0.00022907367 0.6077955 0.046223547 0.00024330016 0.00015757508 8.392381e-07 0.0074053165 4.4641408e-07 0.064388834 2.2004948e-05 0.772433 0.00046913637 1.9323696e-05 0.40167245 0.007831302 0.00013973164 0.23686719 3.772195e-05 0.00076451787 2.4986954e-07 1.3198286e-06 4.7577083e-05 0.2374595 0.32365268 0.00047024837 0.0017313913 0.00034235138 0.00011064124 0.123893134 0.0006035604 3.6264356e-07 0.17867967 2.2827233e-07 0.0005551503 0.0009682515 0.67182034 0.000368568 0.016536562 0.060016382 0.00027191683 0.00027178435 5.904525e-07 2.3999137e-06 3.0230473e-07 2.3409305e-06 0.101144485 2.5571948e-05 0.0102543 0.0047817375 0.0002386637 1.9274243e-05 0.00015304062 0.0041277134 1.142601e-06 0.0039370577 0.0057127606 1.7655946e-05 0.0003081421 1.0643587e-07 0.006015268 1.587026e-05 0.044239048 2.1835827e-05 6.846041e-06 1.8113987e-07 8.622547e-08 1.7859103e-06 1.0179187e-06
0.43668205 0.013444208 0.0037439875 0.031149713 0.08700885 0.0006214596 0.012350677 0.007354652 0.01138165 0.0009842537 0.28135005 0.05345187 0.062538244 0.4082304 3.9171762e-05 0.0014354867 0.0002731071 0.00015775206 1.4907508e-05 0.27513912 6.4991564e-06 0.029616758 0.0025261266 0.49801686 0.1790129 0.0023260054 6.89892e-06 2.3522532e-22 0.00010141853 0.012369112 0.0018865878 2.0305499e-05 0.00012804032 0.040129736 0.00015772437 0.0010666889 0.06412652 0.07102731 0.6749765 0.0020525928 0.6955811 0.0005125058 0.6704135 1.4694042e-06 0.0028754096 0.37973824 0.00025581228 0.0007871424 0.07972649 0.00022453976 0.12978348 5.7843437e-05 0.28689343 0.21160138 0.10472654 6.9125956e-05 2.5626618e-06 0.00041609124 0.001903735 0.0059440993 0.0056649204 0.00039140586 0.004048032 0.114648156 5.368797e-06 0.0629833 0.0270254 0.019022964 7.742983e-06 0.04945423 9.044408e-05 1.8833232e-05 0.011661386 0.0018318242 0.021447077 0.04235496 0.01382189 0.012212056 8.74422e-06 1.9998148e-05 0.00021235229 1.7589175e-05 0.004858197 0.061955307 0.00017504243 3.445186e-05 0.004147314 4.0284143e-05 1.9171179e-05 0.0067095724 4.9018854e-05 0.003165789 8.710499e-07 1.9924275e-06 6.0580334e-07 0.030660871 1.9262563e-06 0.002035633 0.004270259 0.002636915 4.7299895e-05
0.03087477 0.001833864 0.0016787726 0.00042831423 0.00048424763 0.0059145796 0.002045815 0.023096096 0.00065357354 0.1883657 0.0002114276 8.28392e-05 0.00027630193 9.267717e-05 0.5992887 0.32623574 0.66083854 0.66901493 0.116242334 0.00010474533 0.043770928 0.00018664097 0.004448818 3.055166e-05 9.747122e-05 0.054687604 0.42575014 0.00010141853 1.024851e-23 0.00017978501 0.0010599424 0.70972764 0.63996243 0.000107020474 0.051182628 0.16399875 4.2699103e-05 0.00014728906 3.9264596e-05 0.0107111 1.0928431e-05 0.0043354626 0.000109624656 0.08969757 0.00013101273 5.0732215e-05 0.588073 0.0165824 0.00010524147 0.5243947 9.8087236e-05 0.0020144677 2.631939e-06 1.014238e-05 4.1509586e-05 0.20147021 0.018431427 0.00027974288 0.00040522328 6.0638253e-05 0.0002136558 0.14686795 0.0002814912 8.4488363e-07 0.022152482 7.096343e-07 0.0002367705 0.0001162594 0.0069865063 0.00019443066 0.014996802 0.02730736 6.1913306e-05 1.3433984e-05 3.15505e-07 2.520327e-06 4.371478e-08 2.0306843e-06 0.0024548415 4.24236e-06 0.0009889931 0.0003792494 8.301259e-06 8.99966e-07 0.00033970032 0.00042581416 1.8987521e-08 0.0017314433 0.00066298735 1.3989711e-06 0.00044471872 8.037036e-08 0.00065794494 1.650778e-05 0.0067673544 4.966443e-06 7.901772e-06 3.2705284e-08 1.2470629e-07 4.8939216e-07 2.8106618e-07
0.020093603 0.23600404 0.10989119 0.31557238 0.34247458 0.03506178 0.26142436 0.17774937 0.40068075 0.027122328 0.19154775 0.15108062 0.48725396 0.08624299 0.0019305131 0.02886628 0.0034955975 0.0038852328 0.0029333734 0.23374921 0.0017504084 0.6494432 0.22216038 0.058705926 0.40124375 0.06113382 0.00060983776 0.012369112 0.00017978501 2.826918e-25 0.39675033 5.9469825e-05 0.0006922349 0.5860309 0.0038954709 0.0048853117 0.026260955 0.3938931 0.0048353514 0.051164996 0.0043172776 0.0098276045 0.009894917 0.00019710734 0.7140081 0.011625557 7.808711e-05 0.0067618806 0.3077133 2.9274432e-05 0.048376936 0.03861258 0.0025436825 0.010537053 0.017381197 9.425767e-06 1.4097451e-05 0.14657 0.0037452537 0.3382748 0.0015012857 0.00011501435 0.0034481788 0.0011122279 3.1328457e-06 0.00044734322 0.16495813 0.17649142 0.000228492 0.035719104 0.000111072055 5.9578274e-06 0.055167116 0.0713841 0.00013059497 0.002123044 1.42785575e-05 0.00027576013 4.20633e-05 0.0103581995 1.4699067e-05 1.6540108e-06 0.00826955 0.0037419407 0.0004403001 2.0045795e-06 4.6546196e-05 8.057981e-06 1.459093e-06 0.0015779508 1.2037198e-05 1.7380714e-06 2.6801442e-07 8.162929e-05 0.000401137 0.00066068606 0.00064846076 4.4256244e-06 0.00018972086 0.00028193882 0.000755012
0.00082541787 0.10190028 0.06759679 0.11112351 0.092704274 0.023945767 0.1831835 0.18832056 0.23488015 0.0499365 0.02367778 0.01952734 0.1272666 0.010494062 0.005430529 0.10901799 0.011681911 0.016707381 0.003520268 0.028990453 0.0012637055 0.21405527 0.48420402 0.0055790013 0.05085189 0.22593538 0.0020271079 0.0018865878 0.0010599424 0.39675033 1.4289094e-21 0.0012348321 0.005474896 0.11152797 0.0033480136 0.05956746 0.0025053867 0.07805232 0.0003860742 0.281777 0.00036794276 0.0058753616 0.0008866853 0.00038757216 0.44368237 0.002239051 0.0004908868 0.15853313 0.054351777 0.00079788105 0.010704147 0.1837285 0.0008403306 0.001519065 0.0018406764 0.00018921094 0.00017984863 0.4465886 0.0043119052 0.21287246 0.0018108721 0.0013512017 0.0042855456 0.00036726243 5.909381e-05 2.5621548e-05 0.065601036 0.0977081 0.0004938645 0.0077125323 0.00312573 4.4195105e-05 0.01464276 0.06243635 1.3500705e-05 0.00012474407 6.6027815e-06 0.0017112852 2.130581e-05 0.0112985615 2.870441e-05 5.9713802e-05 0.0017444375 0.00059589365 0.0009993116 4.5741606e-05 1.3804401e-05 7.138115e-05 2.8149832e-05 0.0001960197 8.628795e-05 2.7224518e-05 1.7856642e-05 0.0024046623 0.0005471326 8.480691e-05 0.0011513567 2.4365785e-05 0.0012673769 0.00013999495 0.00033709063
0.18060775 0.00045657557 0.0007382335 0.00011389545 0.00012096111 0.01134374 0.00073806493 0.0056375554 0.0003037426 0.059713323 4.4315853e-05 3.496331e-05 8.6981054e-05 1.3564913e-05 0.43950444 0.07636735 0.38301948 0.3622201 0.33613783 5.0758015e-05 0.22731367 6.8540205e-05 0.0011661897 1.1723041e-05 5.9130452e-05 0.011249587 0.82261634 2.0305499e-05 0.70972764 5.9469825e-05 0.0012348321 2.8572056e-20 0.25851503 5.571722e-05 0.27549937 0.049402285 7.6569035e-05 0.00011545724 5.776711e-06 0.005535218 1.4669959e-06 0.011573694 3.3057768e-05 0.47004676 0.00021540259 1.9619038e-05 0.6636754 0.00907603 0.00014426651 0.3572035 4.8452388e-05 0.0018698982 2.4697923e-07 2.800047e-06 1.9774741e-05 0.44727364 0.26712602 0.00035279137 0.001468201 0.0001427459 0.00021407615 0.11084203 0.00046980707 1.945424e-07 0.17220509 4.1749612e-07 0.00043878643 0.0005647145 0.08823622 0.00013103284 0.0072625037 0.08099266 0.00011297332 4.9366674e-05 4.9575294e-07 5.3758163e-06 6.88905e-08 8.47049e-07 0.03952162 1.636912e-05 0.005544821 0.004534608 2.248212e-05 5.4925613e-06 0.00041082536 0.0044013658 1.5285192e-07 0.0020876015 0.0023990434 4.647148e-06 0.00038386355 3.3684813e-08 0.003676276 4.4262506e-05 0.012733965 2.0399031e-05 0.000103718005 5.9672665e-08 3.098394e-08 1.373735e-06 7.565128e-07
