9.724859e-29 0.51376086 0.3685007 0.790776 0.53965163 0.15715842 0.51959515 0.16421251 0.33011913 0.6892087 0.49837968 0.5359548 0.24810973 0.7750036 0.30018604 0.7067349 0.73488986 0.8066845 0.78055716 0.019816332 0.23201141 0.044169817 0.103332974 0.03979296 0.8964696 0.048545074 0.691849 0.8703198 0.61097133 0.03819492 0.8588028 0.51863503 0.014799415 0.6091096 0.6040887 0.1399877 0.77008903 0.00931265 0.93409884 0.8709044 0.6042849 0.29299483 0.8656431 0.9189325 0.009990515 0.34410578 0.0022269168 0.94578713 0.89612615 0.053308908 0.51081944 0.80900675 0.06087369 0.1878289 0.0003781742 0.0027056267 0.1268168 0.22522546 0.019203689 0.009402318 0.04911721 0.47366476 0.6961972 0.91150224 0.000804895 0.9858668 0.0858323 0.7853316 0.72846395 0.9917827 2.4676312e-05 6.7986425e-06 0.0024059925 0.9927254 0.040813927 0.98396885 0.96021044 0.9992487 0.23331508 0.00072316575 0.20487234 7.163712e-08 0.9411613 0.005095388 0.99759835 0.9995689 1.0375758e-06 1.5558828e-06 0.99123883 3.3625663e-06 0.99257433 8.098845e-06 8.2800733e-07 0.26219773 0.09551118 0.99960357 0.9990691 0.97841674 6.5953122e-06 0.99929833 2.0973872e-07
0.51376086 2.4205747e-18 0.7702561 0.60362345 0.27326486 0.52457285 0.6569984 0.95768553 0.59609884 0.8419679 0.6693135 0.3762196 0.09813917 0.1369966 0.38808256 0.003013274 0.19594528 0.099195726 0.16933201 0.2660236 0.07633574 0.10635507 0.00037991113 0.062618636 0.055435188 0.00075034186 0.020613527 0.010505932 0.00054068764 0.03594473 0.028455429 9.094688e-05 0.18864328 0.0013289427 0.0027825208 0.013765948 0.0015769415 0.010149808 0.006531972 0.035181154 0.00012081261 0.00043095907 0.019249095 0.018547995 0.00033032225 1.7883363e-05 0.0003318818 0.0008353998 0.002979738 6.941225e-07 6.008654e-05 2.59162e-05 5.9958038e-05 0.003834119 0.0003071806 0.020552617 7.927488e-06 8.610468e-06 1.8140488e-05 8.835347e-06 3.6062465e-05 0.00011799329 2.542262e-07 0.00039724496 0.06804074 0.005180629 1.8256309e-06 0.00022204954 0.0001056165 0.028956406 2.2707509e-05 0.0058103763 8.626508e-07 0.011169714 0.0016971421 5.1166942e-05 0.0013773794 0.0047297142 0.000109414505 1.834839e-07 2.082342e-05 8.536664e-07 0.00039754267 1.0829025e-06 0.0017698209 0.0015195532 1.2850278e-05 1.460364e-06 0.0020629868 1.09257935e-05 0.0007185234 9.080099e-06 1.5814918e-07 1.8321096e-05 1.6057173e-06 0.0006840602 0.00054323726 0.00046716302 1.1771397e-08 0.00035416795 1.6632215e-06
0.3685007 0.7702561 3.463925e-20 0.5140555 0.47356126 0.9794367 0.35899904 0.79857665 0.25001866 0.1029488 0.18449517 0.09528855 0.7561259 0.28449425 0.01719733 0.041850373 0.035914313 0.014385964 0.05166565 0.4956107 0.0025648884 0.0046949848 0.003298628 0.48722515 0.013466843 0.0047163707 0.06963272 0.0028093578 0.0019720013 0.0018403237 0.031176921 0.0005416168 0.35762537 0.003609421 0.0005042416 0.0018894022 0.00012207829 0.03236943 0.0007993005 0.0049531143 2.6965438e-06 0.0006069961 0.018842315 0.0022131912 0.0022088315 0.00015394202 0.0012845752 0.00060570287 0.0025067062 7.422868e-05 5.311942e-07 6.568674e-07 0.00017549607 0.0016866713 0.0044209296 0.061742302 4.8260864e-07 4.8821887e-05 1.5381215e-06 7.826007e-07 1.7138199e-06 0.00015961447 4.165287e-06 1.1625546e-05 0.043695953 0.002596215 1.2071695e-07 5.613191e-06 3.707737e-06 0.0056288396 0.00016535285 0.0035239314 3.8158487e-07 0.0015062988 0.0033485566 5.1954274e-05 5.133713e-05 0.00051053305 9.076601e-06 9.445009e-07 3.2871515e-06 2.485298e-06 0.0003853843 1.1293022e-06 0.00066520117 0.0009871438 4.8202357e-05 3.865414e-06 0.00027102392 3.3588099e-06 0.0009146302 5.1438706e-06 3.1117835e-07 2.5617142e-06 2.6679697e-07 0.0002838638 0.00010945021 2.7783617e-05 5.9198433e-09 7.839251e-05 5.1003176e-06
0.790776 0.60362345 0.5140555 1.0430438e-18 0.9560319 0.28684235 0.7944953 0.12365834 0.55266154 0.056793172 0.27287155 0.16856574 0.29980952 0.8526499 0.010263322 0.16443428 0.07542934 0.004192539 0.1955001 0.14199558 0.002655109 0.0023747142 0.0143801 0.09502001 0.045734566 0.007278492 0.41962242 0.00025323377 0.020433644 0.0010023096 0.30282977 0.0020664227 0.11497951 0.038095016 0.00046861588 0.00016100585 0.00040259355 0.051672757 0.0015658159 0.05281701 7.04598e-06 0.0026671002 0.2368241 0.028940655 0.0025824003 0.00021502063 0.0017462509 0.007752904 0.09118389 0.00019537544 1.7986424e-06 8.623316e-07 0.0004446992 0.00020161155 0.0011028254 0.019432502 7.008567e-07 0.00014136892 1.8661318e-06 2.9103664e-06 3.3794472e-06 0.0010387972 1.2973081e-05 4.063713e-05 0.01526213 0.06775947 3.256385e-07 4.445703e-05 5.9491977e-06 0.10882741 0.0001164165 0.0015454558 3.1316344e-07 0.05840545 0.00030841876 0.0008592557 0.00029717933 0.016749434 8.2516783e-07 1.2496374e-06 1.2598518e-06 1.0614157e-06 0.011645332 1.935409e-07 0.02954166 0.04196902 6.505873e-06 2.554254e-06 0.0009585937 1.911512e-06 0.011026747 3.0051121e-06 1.6893105e-06 3.4689532e-07 1.9027873e-08 0.004143908 0.0006936081 4.71626e-05 7.120959e-09 0.00034500356 1.8287204e-06
0.53965163 0.27326486 0.47356126 0.9560319 3.6102088e-19 0.19763702 0.3861812 0.039872125 0.14112955 0.01055415 0.037206255 0.020005826 0.519687 0.85708195 0.0015552146 0.9098388 0.0061758063 0.0019328564 0.027907342 0.094862804 0.0003956295 0.0009889492 0.20050809 0.13154157 0.006809042 0.10510188 0.28551432 0.000112224865 0.22303638 0.00043695862 0.12633885 0.10925733 0.043497134 0.19154686 0.00027194846 8.458931e-05 0.00021728859 0.17192532 0.0005287059 0.011428731 4.1412727e-06 0.026686037 0.13689493 0.0073927906 0.01616539 0.005446114 0.017716313 0.03046548 0.060849644 0.0063841767 2.3404439e-06 9.126767e-07 0.0042413836 0.000181726 0.013302222 0.021632725 7.8582553e-07 0.0013098137 1.889992e-06 3.2274108e-06 7.3415163e-06 0.0048185494 0.00023164909 1.7545013e-05 0.0024577766 0.023483494 5.3942546e-07 1.118005e-05 2.8002898e-06 0.037467506 0.001237991 0.0003186545 6.0713876e-07 0.018083388 0.00017059926 0.0032389583 3.171473e-05 0.004710251 2.1253077e-06 8.901268e-05 1.2749846e-06 6.3893413e-06 0.026138512 2.3652686e-07 0.014186229 0.032801848 2.7053156e-05 3.0051453e-05 0.0004488511 2.2732786e-06 0.016524564 2.557825e-06 7.3753827e-06 5.853616e-07 8.70562e-08 0.0021251985 0.00053909636 2.7929065e-05 7.4681445e-08 0.00019472756 9.210924e-06
0.15715842 0.52457285 0.9794367 0.28684235 0.19763702 3.0720312e-19 0.15338702 0.75576645 0.089243524 0.041420396 0.071681924 0.030306814 0.8111636 0.10517814 0.0085830735 0.014976537 0.017251479 0.006239634 0.01605262 0.65518874 0.0019743657 0.0043274323 0.0020315293 0.6283723 0.0047007864 0.005892114 0.018792108 0.0025463763 0.0009806661 0.0021395627 0.007823233 0.0006087088 0.4840075 0.0015945693 0.00031936463 0.0020871027 0.0002993619 0.05146081 0.0008017914 0.0013244473 2.989233e-05 0.00046306095 0.0027879274 0.0009639709 0.0027832212 0.00019347346 0.0017177691 0.00030043273 0.0007114688 0.00010113168 3.7356413e-06 2.9225516e-06 0.0001253665 0.0026193627 0.0072023408 0.10351335 4.158246e-06 5.557362e-05 4.9124037e-06 2.9245339e-06 6.717867e-06 0.00024263676 2.396378e-06 2.4563704e-05 0.046602987 0.0006385443 9.755231e-07 1.8077902e-05 1.3454743e-05 0.0014620489 0.00042519555 0.0067778146 2.4752571e-06 0.0005458247 0.0062747514 2.880299e-05 8.373179e-05 0.00064470334 1.510811e-05 5.362656e-06 5.8615174e-06 5.5731325e-06 0.0006329453 2.2685056e-06 0.00025388764 0.0004939759 0.00020952712 8.955955e-06 0.00054128194 1.0824096e-05 0.00082386343 8.539267e-06 2.1890382e-06 3.5239732e-06 1.6458728e-06 0.0005949728 0.0005996133 3.5447443e-05 8.685481e-09 0.00026566803 1.3708774e-05
0.51959515 0.6569984 0.35899904 0.7944953 0.3861812 0.15338702 1.1812197e-19 0.13881883 0.9628083 0.25730976 0.6490837 0.5181384 0.05337062 0.46153057 0.077258706 0.005997851 0.36134866 0.028124154 0.5984851 0.10965847 0.011817275 0.013291981 0.00081535225 0.032451324 0.16929995 0.00061721826 0.25931856 0.0035687888 0.0007645458 0.0045395885 0.2813133 0.00013900516 0.07515039 0.0023469932 0.0019645689 0.004767149 0.00113197 0.006758248 0.007736422 0.07546875 2.582516e-05 0.00038176178 0.105984345 0.056170966 0.0003217267 5.8867692e-05 5.0757673e-05 0.0007866002 0.027960507 1.6563543e-05 4.8075262e-06 6.497948e-06 0.0001815656 0.001160532 6.65126e-05 0.007619968 1.5084967e-06 4.362006e-05 1.4333349e-05 1.0979356e-05 1.3433204e-05 0.00034296067 3.8720773e-06 0.00010816846 0.02387651 0.04156554 1.2221993e-06 7.082288e-05 1.9068595e-05 0.092474684 1.6555883e-05 0.0011319839 1.2420122e-06 0.056757063 0.001410618 0.00013255757 0.0012654028 0.020397771 9.4211345e-07 1.906493e-06 2.1471715e-06 2.312158e-06 0.00089788967 4.674471e-06 0.0096978145 0.009211499 2.059856e-06 9.203328e-06 0.0013941239 2.7691216e-05 0.0019582177 2.9196644e-05 8.182031e-07 1.2683961e-07 2.7349074e-08 0.0045757317 0.0007433888 9.3188275e-05 3.406862e-08 0.00085101085 2.6160012e-06
0.16421251 0.95768553 0.79857665 0.12365834 0.039872125 0.75576645 0.13881883 7.4684726e-19 0.14931464 0.6011636 0.24199562 0.13839777 0.096085034 0.010257606 0.83743936 0.0010485903 0.07810702 0.10450575 0.03751408 0.7421966 0.4497365 0.67632383 0.00036657028 0.17500386 0.021623006 0.00075425557 0.0018387157 0.027941404 0.0003093263 0.39902946 0.0021602903 8.0630285e-05 0.58447057 0.0005102419 0.004955966 0.25289539 0.00289981 0.005263 0.004735239 0.0041223294 0.0012474824 5.0373477e-05 0.0005046564 0.0026674576 0.00035244317 9.762775e-06 0.00028275902 0.00017205112 0.00024174845 2.133642e-06 0.00021425713 7.3630734e-05 3.4248005e-05 0.031441018 0.0004932689 0.03462504 5.5323235e-05 1.3686618e-05 4.824559e-05 2.5913163e-05 7.005835e-05 6.0151448e-05 5.333922e-07 0.00020879725 0.36908823 0.0002891372 5.870278e-06 7.4772215e-05 0.00021219256 0.0024921014 1.4803549e-05 0.038891606 2.638541e-06 0.0011922425 0.015095755 3.7010814e-06 0.00039499777 0.00057285547 0.00032638825 1.7505951e-07 7.663843e-05 3.3777785e-06 3.7630343e-06 1.0841048e-05 0.00010290253 5.9725477e-05 8.46953e-05 2.3461178e-06 0.0008000685 0.00052826945 8.9274785e-05 0.00044693536 5.066307e-07 4.270476e-05 4.232649e-06 0.00013247872 0.00016490277 0.0002808182 2.0962894e-09 0.0001182454 4.8893426e-06
0.33011913 0.59609884 0.25001866 0.55266154 0.14112955 0.089243524 0.9628083 0.14931464 3.2185285e-19 0.35360345 0.8486848 0.59735906 0.023587493 0.23975979 0.10637313 0.0015076201 0.39724073 0.057681575 0.70022917 0.083759755 0.02392267 0.024186792 0.0005208835 0.015869461 0.16548404 0.00053886557 0.13272947 0.009899089 0.0005433772 0.009468193 0.14111081 6.161426e-05 0.046623092 0.00092740916 0.003601368 0.011660951 0.0022641125 0.0021667224 0.014656891 0.067924105 9.2883056e-05 0.00023781012 0.061236627 0.05703251 0.00023428134 3.1868658e-05 2.3589477e-05 0.0005503804 0.013357482 6.324076e-06 2.164822e-05 1.7194392e-05 9.2549715e-05 0.001256742 2.3546636e-05 0.0022743999 5.967301e-06 2.692711e-05 2.4149762e-05 1.9816045e-05 1.986471e-05 0.00025457327 1.8012826e-06 0.0002892128 0.022390185 0.033383876 1.6421601e-06 0.00021968015 6.3227526e-05 0.07863204 6.120258e-06 0.00096345396 4.15925e-06 0.048413225 0.00095329975 2.3139944e-05 0.0039169597 0.017620137 5.070298e-06 9.305977e-07 1.3162481e-05 1.4726868e-06 0.0004115752 3.85052e-06 0.0076794866 0.006429872 5.6148485e-07 6.7375186e-06 0.0013998841 4.3295222e-05 0.0010852433 6.609022e-05 7.178322e-07 2.5018196e-07 9.6470565e-08 0.0028517095 0.0007752375 9.086781e-05 8.212667e-09 0.00061996974 1.3607222e-06
0.6892087 0.8419679 0.1029488 0.056793172 0.01055415 0.041420396 0.25730976 0.6011636 0.35360345 9.003656e-17 0.7978803 0.4740102 0.0060600247 0.0035210773 0.86750233 0.00020751567 0.46842992 0.9538704 0.19181135 0.088734545 0.46087703 0.40015545 4.606415e-05 0.0075773536 0.19402856 0.00028580846 0.0037771612 0.34561312 7.018313e-05 0.26249385 0.011808122 1.3596955e-05 0.08843141 0.00011127423 0.04734767 0.17800677 0.019615928 0.0017598135 0.11801286 0.09505871 0.014418955 2.2619091e-05 0.005704586 0.06861772 8.396065e-05 4.278578e-06 5.013223e-05 0.0002129997 0.0019136327 6.192328e-07 0.00085872744 0.0005679001 1.7762091e-05 0.059328906 6.827847e-05 0.0033125493 0.000305156 3.387091e-06 0.0005041621 0.0005097986 0.00042517995 5.729158e-05 2.3287875e-07 0.008946634 0.07859093 0.006365892 9.976699e-05 0.002971735 0.002139876 0.0534882 1.2035405e-05 0.003964795 2.5162768e-05 0.03051264 0.021854814 9.758818e-06 0.01945029 0.015543902 0.00095080887 8.936493e-08 0.000450133 1.4957672e-06 4.14163e-05 3.2495383e-05 0.0024108815 0.0008823915 2.5764975e-06 2.047724e-06 0.01199786 0.0002978356 0.00013062572 0.00048188184 4.4885553e-07 0.00036080214 9.5757576e-05 0.0009071755 0.006423106 0.0023164013 2.1944935e-08 0.0014664364 4.171994e-06
0.49837968 0.6693135 0.18449517 0.27287155 0.037206255 0.071681924 0.6490837 0.24199562 0.8486848 0.7978803 2.3910603e-18 0.9200116 0.012168031 0.041238032 0.28343377 0.0006748162 0.7521563 0.16716166 0.6950264 0.08841901 0.07424387 0.08578418 0.0001684298 0.009920948 0.28698352 0.00043786786 0.023896601 0.03670929 0.0003298381 0.03731828 0.0412175 4.626923e-05 0.047482338 0.00067548966 0.006004788 0.027361287 0.0073771244 0.0019739496 0.050242532 0.07367423 0.0011189043 0.00022632135 0.021349039 0.06265578 0.0002724544 1.0683086e-05 5.9375132e-05 0.00053041213 0.0085951965 2.6952453e-06 0.00014405698 0.00023035328 3.511364e-05 0.0044266186 8.455051e-05 0.002312469 6.735762e-05 1.9825988e-05 4.7740934e-05 5.1598163e-05 9.771833e-05 0.00025754486 6.081158e-07 0.0014725346 0.024784407 0.021137549 2.274958e-05 0.0014321244 0.00062547816 0.07066202 1.5733187e-05 0.0019989565 1.0165843e-05 0.050019894 0.0014115747 1.6620808e-05 0.012357781 0.02232389 0.00021420053 1.6960759e-06 0.00014094541 2.5546144e-06 0.00032490844 1.3354418e-05 0.0056616073 0.0033093947 5.536054e-07 9.866632e-06 0.007693708 0.00010460736 0.0012207369 0.00023850694 1.0559485e-06 1.6955157e-05 4.000289e-06 0.0028854702 0.0033642424 0.0010816192 1.3672208e-08 0.0016382005 3.3604088e-06
0.5359548 0.3762196 0.09528855 0.16856574 0.020005826 0.030306814 0.5181384 0.13839777 0.59735906 0.4740102 0.9200116 1.5985113e-18 0.0081766965 0.03614891 0.28783593 0.00038725868 0.93028104 0.18791798 0.85244673 0.03750616 0.11529951 0.08101439 0.00012871553 0.004836463 0.55094755 0.00020063546 0.028324781 0.048325468 0.00021149352 0.04522234 0.0755434 2.5888485e-05 0.0188262 0.0002768603 0.020070858 0.04044983 0.010944238 0.0006204343 0.09484282 0.13060933 0.0010321728 6.2549996e-05 0.031763494 0.09536378 0.0001252655 1.1830816e-05 1.3315694e-05 0.00018844525 0.0058922963 1.3456726e-06 0.00013193114 0.000116675255 2.0841893e-05 0.0050222627 2.514998e-05 0.00048335904 3.463337e-05 4.284094e-06 6.431663e-05 5.0553615e-05 7.1625e-05 8.3561885e-05 1.635453e-07 0.0010292555 0.015438862 0.03713351 1.0262209e-05 0.0010602174 0.00024090518 0.09435018 4.1852045e-06 0.0009235135 1.978785e-05 0.073665105 0.0017137676 4.598021e-06 0.011170363 0.027776182 9.984228e-05 3.4340263e-07 7.532187e-05 2.2260908e-06 0.00014350466 2.8648426e-05 0.008031996 0.003650049 1.6294025e-06 2.704731e-06 0.0045221574 0.0001780139 0.0009341104 0.00035907864 8.3293276e-07 2.6095302e-06 2.759706e-06 0.0026576777 0.002704858 0.000492652 1.009636e-08 0.0017257633 7.6793975e-07
0.24810973 0.09813917 0.7561259 0.29980952 0.519687 0.8111636 0.05337062 0.096085034 0.023587493 0.0060600247 0.012168031 0.0081766965 1.4466315e-19 0.24724305 0.0003260958 0.40542766 0.0020364474 0.0009479903 0.004774936 0.43330708 0.00011199734 0.00027095384 0.36300182 0.95559496 0.0016606121 0.6505652 0.059910286 0.00010335228 0.13589631 0.00015132848 0.009799028 0.10939711 0.28199944 0.07858306 2.2907594e-05 5.068589e-05 2.0049649e-05 0.6698117 2.8277016e-05 8.333189e-05 7.435372e-07 0.017115848 0.006342979 0.000116249525 0.27388945 0.0025340167 0.19733992 0.004418948 0.0018416184 0.05873121 2.506395e-07 1.4606712e-07 0.00050717586 0.00021229457 0.15820876 0.21219763 1.3201162e-07 0.00025590745 4.2644078e-07 4.273405e-07 8.4502784e-07 0.0006080199 0.00010192768 7.203216e-07 0.005621833 0.0007961495 1.3373132e-08 7.4674e-07 1.6422501e-07 0.0016224596 0.01996425 0.0030602065 4.6606182e-08 0.00091097574 0.0018492221 0.00024837203 2.9416137e-06 0.00028748007 1.9004335e-06 0.001027986 2.575552e-06 0.0007027515 0.001123508 2.4420683e-07 0.00044938645 0.001660062 0.0024629468 7.7411125e-05 4.0415707e-05 2.4293993e-07 0.0017041332 1.3295414e-07 1.0593644e-05 5.9051837e-07 8.591831e-08 0.00043580047 4.785576e-05 5.4149773e-06 2.3985376e-07 5.9300717e-05 6.0559832e-05
0.7750036 0.1369966 0.28449425 0.8526499 0.85708195 0.10517814 0.46153057 0.010257606 0.23975979 0.0035210773 0.041238032 0.03614891 0.24724305 1.1527061e-16 0.0016888829 0.5405031 0.0073905424 0.0006309811 0.11266535 0.039263494 0.00049587595 0.0015182778 0.10128373 0.039813925 0.008358089 0.04329397 0.87431425 3.7534166e-05 0.5019953 0.00061903714 0.48269796 0.194989 0.008478465 0.46098045 9.807975e-05 0.00022395121 0.00013400071 0.07101282 0.00034831167 0.020188466 2.4424285e-06 0.068786725 0.44499218 0.005825715 0.009041539 0.0035045065 0.0026918226 0.0716778 0.19252045 0.003555294 1.1043672e-06 4.690558e-07 0.0057328255 0.0006844557 0.00067572354 0.0016743534 1.0367627e-06 0.0008470915 3.6692686e-06 4.84453e-06 1.3357398e-05 0.0073183225 0.00047779447 2.863043e-05 0.0038917852 0.11993741 2.5121321e-06 3.1648995e-06 2.7048238e-06 0.121970795 0.00031701924 0.0006154854 4.3358855e-07 0.068275355 0.0014167265 0.0040924735 0.00011639385 0.009682945 6.1204713e-07 4.6152007e-05 5.868384e-07 6.0835505e-06 0.061795067 8.541213e-06 0.04457197 0.1283278 6.823317e-05 4.4327564e-05 0.0003993388 3.2657847e-06 0.02404592 3.8175613e-06 6.5327317e-06 1.1870525e-06 3.697733e-08 0.0054219123 0.00016183004 1.273375e-05 1.721472e-07 0.00018712378 1.4866562e-05
0.30018604 0.38808256 0.01719733 0.010263322 0.0015552146 0.0085830735 0.077258706 0.83743936 0.10637313 0.86750233 0.28343377 0.28783593 0.0003260958 0.0016888829 1.4056371e-18 1.2938609e-05 0.27212757 0.70388067 0.084598124 0.08466395 0.9290408 0.9346419 2.5509262e-06 0.0038414702 0.11421036 3.4792656e-06 0.0011334541 0.60660005 7.6007486e-06 0.68419224 0.00440628 3.791997e-07 0.15289462 1.233828e-05 0.06365175 0.5316187 0.017777003 0.0004385331 0.044583503 0.04321236 0.07043794 1.6933008e-06 0.0008543343 0.031557914 3.29445e-05 1.0932146e-06 1.7975097e-05 3.5459225e-06 0.00012001291 1.1969617e-08 0.00053010444 0.00034846683 1.0244783e-05 0.2917573 1.4029385e-05 0.008301188 0.00015109702 4.15313e-06 0.00021939373 0.00012711275 0.000117262 1.8335937e-05 3.181081e-07 0.0020752833 0.16898206 0.00060981745 1.0665719e-05 0.0010938572 0.0005622058 0.011315183 1.9963459e-06 0.005004472 3.9975166e-06 0.005534471 0.17693979 7.124543e-06 0.005374332 0.002970773 0.00025209403 1.0028271e-07 0.0001616072 8.533709e-07 4.5570687e-06 8.845751e-06 0.00030465497 9.864793e-05 3.1569684e-06 9.688966e-07 0.002806585 0.0005283208 0.00019172834 0.00094075693 5.0641503e-08 1.21152925e-05 5.988377e-06 0.0006770892 0.0008847683 0.00038560564 5.2207674e-09 0.000748554 6.9000805e-07
0.7067349 0.003013274 0.041850373 0.16443428 0.9098388 0.014976537 0.005997851 0.0010485903 0.0015076201 0.00020751567 0.0006748162 0.00038725868 0.40542766 0.5405031 1.2938609e-05 2.193156e-18 9.2203845e-05 3.6526795e-05 0.0011711433 0.002756007 5.411219e-06 4.8920454e-05 0.761522 0.042195104 8.318905e-05 0.58474493 0.14918116 4.9756354e-06 0.8622591 2.7871247e-05 0.013877582 0.86871547 0.0009213385 0.6142713 2.9962155e-06 1.7432258e-06 4.7605977e-06 0.1705128 5.4711268e-06 0.00043152948 1.5718506e-07 0.32830966 0.069061406 0.000120492514 0.10417437 0.10287335 0.042511873 0.13627468 0.03416369 0.12749997 3.3745886e-07 1.2985495e-07 0.009129427 6.8537796e-05 0.015406959 0.0082955025 6.9190875e-08 0.0032445001 2.5910356e-06 2.903123e-06 1.5215608e-06 0.0119581465 0.0042499993 8.3376887e-07 7.997512e-05 0.008885311 2.389943e-07 1.9360182e-07 1.8412878e-07 0.006927422 0.0023256817 2.0920494e-05 3.4571627e-07 0.0034026385 0.00018153305 0.0038374404 7.1906214e-07 0.0016545901 1.6174718e-06 0.0045741634 2.0504785e-07 6.6876855e-05 0.052407853 6.166875e-07 0.010039924 0.07444614 1.4517402e-05 8.134347e-05 2.0549007e-05 4.492071e-07 0.01408439 5.6711605e-07 4.895541e-05 5.92911e-07 1.3811517e-08 0.0071437946 2.3432145e-05 1.1856337e-06 6.397829e-06 0.00016769413 3.914622e-05
0.73488986 0.19594528 0.035914313 0.07542934 0.0061758063 0.017251479 0.36134866 0.07810702 0.39724073 0.46842992 0.7521563 0.93028104 0.0020364474 0.0073905424 0.27212757 9.2203845e-05 1.4955526e-16 0.3537239 0.8550405 0.01656104 0.10308061 0.099805474 1.4229091e-05 0.0027176894 0.8773352 3.0389803e-05 0.010537435 0.11505679 5.4727734e-05 0.058332484 0.06092859 8.071618e-06 0.0042072753 5.7636724e-05 0.09263622 0.059216727 0.07413296 0.00018619011 0.38091478 0.19095941 0.004326058 1.7995353e-05 0.017728634 0.16580357 5.0351628e-05 3.2697455e-06 5.888518e-06 3.478023e-05 0.004015906 8.8966254e-07 0.0003315468 0.00034829456 8.795297e-06 0.00798228 8.428391e-06 0.00014109685 5.060957e-05 1.4650453e-06 0.00017452036 0.00014463266 0.00014701695 1.3689687e-05 1.7558705e-07 0.0039072074 0.0059717735 0.05209529 1.943629e-05 0.002236584 0.0011109129 0.1282773 4.3560017e-06 0.00051334046 2.0469655e-05 0.11905224 0.0013448279 1.8026296e-06 0.028928012 0.05977178 0.00047223183 2.4281232e-07 0.00031603637 1.6376683e-06 3.0961186e-05 3.661671e-05 0.0072653918 0.0025474208 6.0279986e-06 2.5308261e-06 0.014459054 0.00025181577 0.00059272785 0.00044213975 1.0045103e-06 8.77777e-05 0.00014092981 0.005148862 0.011939055 0.0018512416 4.2196742e-08 0.00688171 1.2996863e-06
0.8066845 0.099195726 0.014385964 0.004192539 0.0019328564 0.006239634 0.028124154 0.10450575 0.057681575 0.9538704 0.16716166 0.18791798 0.0009479903 0.0006309811 0.70388067 3.6526795e-05 0.3537239 2.964362e-16 0.056249157 0.022333018 0.5172196 0.25850052 1.7994085e-05 0.0013091019 0.17197566 6.587558e-05 0.0013873028 0.9385876 1.9759262e-05 0.2971188 0.006196219 1.621874e-06 0.017049056 8.3638615e-06 0.48702553 0.22386165 0.37092492 0.0004404826 0.5647417 0.17533238 0.20300551 6.467691e-06 0.0025263855 0.17548807 5.8848385e-05 1.9716822e-06 1.34959555e-05 3.7491234e-05 0.0007266122 6.100681e-07 0.01867002 0.0060346723 1.02993e-05 0.08384071 3.0305899e-05 0.00023842053 0.0021858094 1.2394374e-06 0.0029808835 0.0031525972 0.002456682 8.298267e-06 4.494128e-07 0.07371762 0.025584511 0.008866515 0.00054109155 0.014094382 0.014964586 0.110489465 3.225743e-06 0.0006665159 0.00024336654 0.103729025 0.04700157 3.984769e-06 0.11234781 0.04688012 0.006442707 1.7304872e-07 0.0039326428 3.8930602e-06 6.3692287e-06 0.00013713723 0.0036368645 0.00087285746 8.467668e-06 5.191725e-06 0.050696313 0.00021269095 9.076908e-05 0.00028578093 2.563449e-06 0.0022659444 0.0023409086 0.001997 0.040589098 0.014789241 7.350553e-08 0.008347555 5.379026e-06
0.78055716 0.16933201 0.05166565 0.1955001 0.027907342 0.01605262 0.5984851 0.03751408 0.70022917 0.19181135 0.6950264 0.85244673 0.004774936 0.11266535 0.084598124 0.0011711433 0.8550405 0.056249157 1.8224895e-17 0.011213077 0.034068774 0.024923665 0.00021502063 0.0023174277 0.93414164 0.00014582612 0.12901233 0.014640568 0.0010750239 0.018829638 0.19161673 0.0002829859 0.0026876582 0.0015532847 0.00853623 0.012314728 0.0067557474 0.00043241153 0.04553017 0.21818441 7.003784e-05 0.00035878218 0.17186604 0.118633054 9.707762e-05 0.00015346051 1.5692818e-05 0.00058942236 0.032900542 4.2991273e-06 3.57164e-05 2.6562737e-05 0.00031009337 0.00079517066 4.5138804e-06 0.0003391979 7.711325e-06 3.5568268e-05 0.00013200301 0.00021403207 4.8937953e-05 0.00022174715 5.8029277e-06 0.00079017266 0.0024453106 0.14058286 2.392008e-06 0.0005133836 0.000119165314 0.19709371 3.2048524e-06 0.0001809395 1.3200848e-05 0.17048888 0.0008372685 6.590147e-05 0.009759769 0.064551726 2.8425455e-05 1.4484757e-06 1.5245682e-05 4.2644465e-06 0.0026166027 2.2878034e-05 0.029956864 0.016417837 1.45108415e-05 3.0580297e-06 0.00814184 3.2882064e-05 0.003918709 0.0001102492 5.9681715e-06 1.7152097e-06 2.527372e-06 0.017925797 0.00542236 0.00015245212 6.883534e-08 0.00630297 2.4422745e-06
0.019816332 0.2660236 0.4956107 0.14199558 0.094862804 0.65518874 0.10965847 0.7421966 0.083759755 0.088734545 0.08841901 0.03750616 0.43330708 0.039263494 0.08466395 0.002756007 0.01656104 0.022333018 0.011213077 6.394535e-19 0.022378186 0.059258368 0.0009606821 0.8516839 0.0027105287 0.0030118749 0.005231309 0.002445433 0.00082468847 0.01500822 0.002224285 0.0001632367 0.96645206 0.00070211646 0.0005759931 0.011613917 0.0003920609 0.051707525 0.00047875274 0.0008393964 0.00058236514 0.00013674088 0.00036824198 0.00058944203 0.0020759 3.0419e-05 0.0028603396 0.00012218322 0.00018805925 3.9119254e-06 4.4350734e-05 8.209055e-06 4.897106e-05 0.005226731 0.0075806356 0.14260526 1.7023465e-05 1.4696081e-05 1.0371766e-05 1.8319497e-06 7.5159874e-06 4.815196e-05 1.1968568e-06 1.6838088e-05 0.098787755 0.00027192617 1.2532118e-06 2.2364824e-05 1.2745462e-05 0.0010640534 0.0002433981 0.024511512 3.1413065e-06 0.00091408397 0.002754047 2.9533862e-06 2.7216056e-05 0.0005827652 0.00017691197 1.9443287e-06 3.04597e-05 1.0571631e-05 3.9577793e-05 1.0800575e-05 0.00032651125 0.00031479614 0.0044466294 1.0019448e-05 0.000674554 0.00014791646 0.00037121068 0.000119318145 7.7483867e-07 4.2263786e-05 8.213714e-06 0.0009889393 0.00023150444 8.990232e-05 3.154729e-08 0.00029196657 1.4560926e-05
0.23201141 0.07633574 0.0025648884 0.002655109 0.0003956295 0.0019743657 0.011817275 0.4497365 0.02392267 0.46087703 0.07424387 0.11529951 0.00011199734 0.00049587595 0.9290408 5.411219e-06 0.10308061 0.5172196 0.034068774 0.022378186 7.185899e-18 0.89398986 3.197873e-06 0.0020957731 0.051391512 2.1997237e-06 0.0005235184 0.69639385 7.231247e-06 0.92237663 0.001946893 6.2328894e-07 0.026344882 3.4179825e-06 0.112761416 0.719494 0.04575436 0.00020310062 0.07638386 0.0252303 0.45526147 2.4577564e-06 0.00010089066 0.020645645 2.3316652e-05 2.5946556e-06 8.076045e-06 2.034057e-06 4.535739e-05 1.0535247e-07 0.00793484 0.0029175433 1.9064848e-05 0.36128107 1.0754785e-05 0.0015255086 0.0011047202 1.1879523e-05 0.003197134 0.001964611 0.001074848 1.0709873e-05 9.870722e-07 0.014105681 0.07937805 0.0006437323 0.00012624195 0.0039263195 0.00407673 0.0059732543 2.017862e-06 0.0020992665 7.549288e-05 0.0025423048 0.16539024 4.1195485e-06 0.010108039 0.0014384043 0.0017956602 2.5824937e-07 0.00063346943 2.4852461e-06 1.9387794e-06 5.3291074e-05 0.00023570532 4.0825722e-05 6.025389e-06 2.1640985e-06 0.0055729845 0.0005832478 4.1422623e-05 0.0010139417 1.0545299e-07 0.00025246717 0.000177098 0.00037168997 0.0019719026 0.001648817 7.239903e-09 0.00054532755 1.1896432e-06
0.044169817 0.10635507 0.0046949848 0.0023747142 0.0009889492 0.0043274323 0.013291981 0.67632383 0.024186792 0.40015545 0.08578418 0.08101439 0.00027095384 0.0015182778 0.9346419 4.8920454e-05 0.099805474 0.25850052 0.024923665 0.059258368 0.89398986 8.545454e-18 1.07463475e-05 0.0025093444 0.026115507 5.1500276e-05 0.0010005365 0.23649797 3.5933244e-05 0.957975 0.0010267383 7.785834e-06 0.101770535 3.661783e-05 0.02111359 0.68558985 0.006774163 0.0002658675 0.01203631 0.0096342545 0.16962808 3.541416e-05 0.00011269183 0.0072757793 0.0001775893 6.42524e-06 4.7222147e-05 4.5933863e-05 0.00029035416 2.036225e-06 0.000798029 0.0004712342 5.005436e-05 0.29134035 3.5559857e-05 0.0048563886 0.00021080546 1.801701e-05 0.0005850539 0.00030820176 0.00023721938 0.00012505603 6.844892e-06 0.0006860493 0.1345412 0.0003512061 2.5362104e-05 0.00066269585 0.00033564807 0.0025690354 1.3330381e-05 0.010455657 1.1999752e-05 0.0016169514 0.1462263 2.5462512e-05 0.0018316112 0.0026153154 0.00037435498 1.8592217e-06 0.00025812938 6.5747327e-06 5.1837564e-05 2.7980648e-05 0.00021988912 0.00012823536 2.3869818e-05 1.3804414e-05 0.001173894 0.0008480728 0.00018277232 0.0012538868 1.5074368e-06 3.6594087e-05 1.6171072e-05 0.001866465 0.0011747183 0.00074707484 3.117125e-08 0.00387046 1.3766997e-05
0.103332974 0.00037991113 0.003298628 0.0143801 0.20050809 0.0020315293 0.00081535225 0.00036657028 0.0005208835 4.606415e-05 0.0001684298 0.00012871553 0.36300182 0.10128373 2.5509262e-06 0.761522 1.4229091e-05 1.7994085e-05 0.00021502063 0.0009606821 3.197873e-06 1.07463475e-05 2.9116037e-20 0.023985777 1.3955192e-05 0.96596044 0.032787737 1.699925e-06 0.31047714 1.7183229e-05 0.008697722 0.4248124 0.00011238638 0.2559908 4.6995915e-06 4.0388295e-06 4.5844085e-06 0.08824902 7.610286e-06 2.4567125e-05 1.09641846e-07 0.22087425 0.014403687 1.3935642e-05 0.2796209 0.10791686 0.026869189 0.049430747 0.0043779397 0.42007452 1.8229264e-07 1.19083786e-07 0.010522241 1.0250882e-05 0.0045957747 0.0010016544 2.8947213e-08 0.0025280884 1.1339353e-06 5.727819e-07 5.100164e-07 0.007208309 0.03584297 2.3994983e-07 9.167003e-06 0.0012370787 3.54009e-08 2.9201193e-08 6.3325736e-08 0.0016755777 0.0013480404 3.3234105e-06 2.9031688e-07 0.00053376117 1.7806764e-05 0.0017824852 9.970083e-08 0.00023054492 5.417888e-07 0.0059094857 4.3326162e-07 1.2340715e-05 0.011113802 3.7269427e-07 0.0010334213 0.010738409 3.6817928e-06 4.1992356e-05 1.4015423e-05 2.871919e-07 0.005864839 3.9419206e-07 1.6407317e-05 4.79054e-07 5.9029002e-08 0.0006690879 6.5327686e-06 9.30477e-07 8.088339e-06 6.548347e-05 2.185458e-05
0.03979296 0.062618636 0.48722515 0.09502001 0.13154157 0.6283723 0.032451324 0.17500386 0.015869461 0.0075773536 0.009920948 0.004836463 0.95559496 0.039813925 0.0038414702 0.042195104 0.0027176894 0.0013091019 0.0023174277 0.8516839 0.0020957731 0.0025093444 0.023985777 2.8857542e-18 0.0007189154 0.1001421 0.0049799625 0.00037744586 0.016007096 0.0012126449 0.00086935906 0.006564567 0.76684445 0.0031652667 2.868796e-05 0.00040455622 4.4093053e-05 0.7888878 0.00021365786 3.036405e-05 3.7808062e-05 0.000664639 0.00018875138 4.7089703e-05 0.11436559 0.000456573 0.20575275 0.00063815044 6.872472e-05 0.0016158771 1.2347885e-05 5.312623e-06 0.00021508607 0.0016404212 0.25936857 0.56823236 7.073652e-06 0.00010880693 4.008886e-06 2.9230341e-06 9.962927e-06 0.0005848399 3.403016e-05 2.6315474e-06 0.037184678 3.935385e-05 1.3787776e-06 3.6944657e-06 1.1427688e-06 0.0006897496 0.023231462 0.017061513 5.6169205e-07 0.0008000136 0.002813628 1.03806115e-05 1.0872752e-05 0.0003411323 2.5038029e-05 0.0002761744 4.838804e-06 0.00076467753 0.00040791437 9.1031393e-07 0.00019597092 0.00061186886 0.01688572 0.00010080284 6.338407e-05 9.2662935e-07 0.00051245035 6.071515e-07 1.6193757e-05 1.9140332e-06 4.1000123e-07 0.0004413728 0.00013265014 2.0147154e-05 1.6314947e-07 0.00014043407 8.218138e-05
0.8964696 0.055435188 0.013466843 0.045734566 0.006809042 0.0047007864 0.16929995 0.021623006 0.16548404 0.19402856 0.28698352 0.55094755 0.0016606121 0.008358089 0.11421036 8.318905e-05 0.8773352 0.17197566 0.93414164 0.0027105287 0.051391512 0.026115507 1.3955192e-05 0.0007189154 4.026592e-17 1.3002448e-05 0.015125374 0.07589604 0.00014264301 0.022443876 0.07833575 2.6001833e-05 0.0006133923 5.763766e-05 0.08285034 0.026729215 0.0870848 8.225939e-05 0.45865378 0.7360172 0.0046257945 4.2856656e-05 0.034979936 0.45372242 2.7689868e-05 9.2594955e-06 4.3853456e-06 3.9957387e-05 0.0048328806 3.6525296e-07 0.0003389434 0.0003370084 2.4937443e-05 0.004177666 3.1885847e-06 3.818142e-05 4.656205e-05 3.1378245e-06 0.00017731432 0.00010520716 9.989209e-05 1.3478964e-05 2.0779892e-07 0.0050408323 0.0006647696 0.14086156 1.7201954e-05 0.0012984958 0.0008025062 0.31360987 2.3494833e-06 6.0445807e-05 1.042132e-05 0.3265244 0.0004844766 2.3916768e-06 0.07735161 0.16244775 0.00027714638 5.325835e-07 9.398771e-05 5.1510324e-06 0.00019366507 1.2930528e-05 0.02863161 0.010275171 1.3922079e-05 2.0635916e-06 0.033268165 3.1900887e-05 0.0013830321 5.776725e-05 2.5468667e-06 1.3912497e-05 3.824877e-05 0.029988192 0.043731503 0.0011109213 1.5379271e-07 0.046827592 2.9195598e-06
0.048545074 0.00075034186 0.0047163707 0.007278492 0.10510188 0.005892114 0.00061721826 0.00075425557 0.00053886557 0.00028580846 0.00043786786 0.00020063546 0.6505652 0.04329397 3.4792656e-06 0.58474493 3.0389803e-05 6.587558e-05 0.00014582612 0.0030118749 2.1997237e-06 5.1500276e-05 0.96596044 0.1001421 1.3002448e-05 2.300141e-21 0.011849126 1.3390968e-05 0.21856752 3.3795393e-05 0.0024002804 0.33234867 0.001489425 0.0970823 1.3103978e-05 1.2223875e-05 2.3903716e-05 0.47608626 1.947438e-05 3.3269353e-05 5.5457565e-07 0.07634293 0.0037748923 4.4302335e-05 0.6864995 0.04487991 0.22888862 0.013255397 0.000878197 0.58896524 2.7472106e-07 1.1057346e-07 0.0017161603 3.5504043e-05 0.045110278 0.009022309 2.9382827e-08 0.0010160891 2.7795818e-06 4.9795153e-07 3.137335e-07 0.0024663373 0.009903338 1.5951327e-06 3.0895833e-06 0.00027448212 6.510909e-09 1.2259412e-07 1.0761864e-07 0.0005973989 0.01638567 8.801539e-06 7.215798e-07 0.0002818286 7.863504e-05 0.00079859653 5.043645e-07 0.000112151785 1.6979699e-07 0.013921623 5.658149e-08 0.00017348504 0.0021133758 3.8517044e-07 0.00046034486 0.005106662 2.9421764e-05 0.00016453033 1.355864e-05 3.3289567e-07 0.0024043755 4.358135e-07 2.1284324e-05 1.872124e-07 4.370219e-08 0.00043602285 3.4241013e-05 4.6027085e-07 2.8634836e-06 2.6870877e-05 3.617286e-05
0.691849 0.020613527 0.06963272 0.41962242 0.28551432 0.018792108 0.25931856 0.0018387157 0.13272947 0.0037771612 0.023896601 0.028324781 0.059910286 0.87431425 0.0011334541 0.14918116 0.010537435 0.0013873028 0.12901233 0.005231309 0.0005235184 0.0010005365 0.032787737 0.0049799625 0.015125374 0.011849126 9.406062e-18 0.00020541063 0.45612696 0.00023310662 0.96343756 0.18156175 0.00033044734 0.62044436 0.00024963845 0.00038426058 0.0004604263 0.01641461 0.0019024637 0.049899317 1.077127e-05 0.15261489 0.56167346 0.025113018 0.0016568314 0.0070093838 0.00022313025 0.28181025 0.39976528 0.0019464068 1.0062425e-05 2.1895667e-06 0.010622385 4.303264e-05 3.46724e-05 0.00059958326 2.8596955e-06 0.0020928679 2.635234e-06 4.3567707e-06 1.2149865e-05 0.009470595 0.0006609895 4.1519837e-05 0.0019452915 0.20393279 5.718208e-07 2.5861625e-06 3.964328e-06 0.15597045 8.687068e-06 0.0007388026 1.476003e-07 0.10780345 0.00042884334 0.0037885795 0.00044451773 0.03529221 1.0556815e-06 1.1513369e-05 3.2462472e-06 8.422541e-06 0.17627387 2.729083e-07 0.11070888 0.23375471 0.00019721885 2.4103903e-05 0.00054023636 5.137982e-06 0.048892047 3.475498e-06 1.442612e-05 7.5646807e-07 1.5656718e-07 0.021450477 0.0004940744 2.586911e-05 1.3094946e-07 0.00067320536 3.940662e-05
0.8703198 0.010505932 0.0028093578 0.00025323377 0.000112224865 0.0025463763 0.0035687888 0.027941404 0.009899089 0.34561312 0.03670929 0.048325468 0.00010335228 3.7534166e-05 0.60660005 4.9756354e-06 0.11505679 0.9385876 0.014640568 0.002445433 0.69639385 0.23649797 1.699925e-06 0.00037744586 0.07589604 1.3390968e-05 0.00020541063 3.32074e-15 1.2165796e-05 0.47835773 0.0009073338 1.5757837e-06 0.00077071425 3.0374722e-06 0.6816743 0.47087976 0.60944676 4.1327014e-05 0.55807585 0.09703248 0.8241415 4.0948253e-06 0.00039012555 0.101988494 1.995768e-05 3.1855695e-06 9.837282e-06 1.3330966e-05 0.00011816525 2.6102356e-07 0.48119384 0.23519415 1.712669e-05 0.13436033 3.4134482e-06 3.0310382e-05 0.06845761 1.780679e-06 0.059955914 0.062289044 0.11256243 1.5713176e-06 1.8331738e-07 0.28716686 0.0054318006 0.0035278553 0.009973303 0.08616234 0.08857478 0.063786834 4.914685e-06 0.00022401016 0.0065770247 0.07697227 0.05324353 5.3077615e-06 0.2482866 0.042016596 0.047420945 1.4687394e-05 0.020502489 4.174597e-06 8.358902e-06 0.0034131017 0.0008935234 0.0004466222 1.6809512e-05 0.00010328124 0.12752654 0.00013550943 0.000114942966 0.00031225674 1.8973868e-05 0.0063387435 0.013789645 0.002748976 0.11698515 0.08275865 8.536326e-08 0.018066123 1.7490867e-05
0.61097133 0.00054068764 0.0019720013 0.020433644 0.22303638 0.0009806661 0.0007645458 0.0003093263 0.0005433772 7.018313e-05 0.0003298381 0.00021149352 0.13589631 0.5019953 7.6007486e-06 0.8622591 5.4727734e-05 1.9759262e-05 0.0010750239 0.00082468847 7.231247e-06 3.5933244e-05 0.31047714 0.016007096 0.00014264301 0.21856752 0.45612696 1.2165796e-05 4.2031363e-19 2.8120801e-05 0.13571708 0.93491304 0.0002898473 0.9519862 8.4983285e-06 1.6264365e-05 4.8470232e-05 0.07377881 8.539881e-05 0.0007089928 5.887634e-07 0.54036 0.1747716 0.00036056395 0.058879666 0.15880702 0.021181015 0.45793977 0.11614152 0.14840949 5.796896e-07 2.3809433e-07 0.037407953 7.196878e-05 0.0044279634 0.0005319168 1.10741894e-07 0.0072557223 1.5960898e-06 1.7089023e-06 3.790395e-07 0.029488025 0.008655607 1.611524e-06 0.0001285069 0.019361893 3.7004845e-08 5.4632613e-07 8.5069395e-08 0.011321055 0.0008069744 4.0266248e-05 4.264469e-07 0.00406469 0.0002860959 0.006173413 1.733477e-05 0.0025945646 1.0687895e-07 0.00229356 1.8468347e-07 2.4511568e-05 0.106666096 2.257643e-06 0.01782685 0.15584625 3.5834603e-06 6.016464e-05 1.7255585e-05 3.0966219e-06 0.025620988 3.2244577e-06 5.642149e-05 6.812207e-08 2.5560935e-08 0.005126109 4.9925926e-05 1.6351238e-07 7.9366255e-06 0.0001751259 4.9698992e-05
0.03819492 0.03594473 0.0018403237 0.0010023096 0.00043695862 0.0021395627 0.0045395885 0.39902946 0.009468193 0.26249385 0.03731828 0.04522234 0.00015132848 0.00061903714 0.68419224 2.7871247e-05 0.058332484 0.2971188 0.018829638 0.01500822 0.92237663 0.957975 1.7183229e-05 0.0012126449 0.022443876 3.3795393e-05 0.00023310662 0.47835773 2.8120801e-05 9.2979675e-18 0.00039120953 4.9848923e-06 0.02124616 1.7588169e-05 0.04838273 0.90919363 0.0243326 0.000202396 0.035133027 0.008572308 0.54539084 1.0869683e-05 2.0771116e-05 0.0070994957 0.00010829728 5.0516724e-06 1.385617e-05 1.4092087e-05 6.2903295e-05 6.567967e-07 0.018716076 0.004866282 1.06862335e-05 0.4593854 2.4196419e-05 0.0019483949 0.0032061609 6.416796e-06 0.0074346894 0.0041242056 0.004174293 2.9239667e-05 6.685941e-06 0.0080051655 0.06710699 0.00036632287 0.00026227185 0.0033351982 0.0036921676 0.002445644 2.4466644e-06 0.0031835611 0.0002905065 0.0015638208 0.18833365 5.6785075e-06 0.0055214474 0.0021563352 0.0027766146 1.448723e-06 0.0015244172 4.999632e-06 2.6750743e-06 0.00027326107 0.00022951691 5.678142e-05 1.3003825e-05 5.913623e-06 0.002992734 0.0014789093 2.5364694e-05 0.0021220502 2.448103e-07 0.00064199546 0.00026422905 0.0010055945 0.0016463548 0.0023795918 1.2030822e-08 0.0015673585 7.241723e-06
0.8588028 0.028455429 0.031176921 0.30282977 0.12633885 0.007823233 0.2813133 0.0021602903 0.14111081 0.011808122 0.0412175 0.0755434 0.009799028 0.48269796 0.00440628 0.013877582 0.06092859 0.006196219 0.19161673 0.002224285 0.001946893 0.0010267383 0.008697722 0.00086935906 0.07833575 0.0024002804 0.96343756 0.0009073338 0.13571708 0.00039120953 5.770927e-18 0.011476307 0.00011560311 0.26608023 0.0025757179 0.00040729102 0.004682554 0.0013651951 0.018220492 0.16799158 1.304005e-05 0.026971035 0.84200215 0.11306581 0.00017923479 0.0012742577 5.9668662e-05 0.062402144 0.59162754 4.0226405e-05 8.099964e-06 3.542934e-06 0.0018395444 0.00012886267 6.577871e-05 6.2187464e-05 1.3785108e-06 0.00029883708 8.354312e-06 5.2708983e-06 2.0109721e-05 0.0014860043 4.531804e-05 0.00033040068 0.001134619 0.6002311 2.6363075e-06 4.81123e-05 1.2540721e-05 0.4141192 9.806034e-06 0.0003118901 9.389605e-07 0.3555979 7.032121e-05 0.0011238654 0.003367788 0.15976202 7.556191e-06 4.155368e-06 7.0643887e-06 8.214787e-06 0.15528004 7.554032e-07 0.33371982 0.31314316 0.00022238545 4.79011e-05 0.006464433 2.558625e-06 0.046571955 4.017478e-06 1.3634144e-05 1.991229e-06 4.0272965e-07 0.104433276 0.0033967246 6.5535765e-05 9.92256e-08 0.0031512098 2.6358688e-05
