8.017704e-33 0.93880236 0.9302209 0.83969766 0.90020883 0.9683139 0.838778 0.9655524 0.85110587 0.9623603 0.9429834 0.39583492 0.76370716 0.73928356 0.7623828 0.3119126 0.7995235 0.75851935 0.39250702 0.67249954 0.9771084 0.5856022 0.89675236 0.17828372 0.61545163 0.39994693 0.49068338 0.95488214 0.943601 0.4329504 0.91687566 0.19782631 0.13878353 0.97178847 0.35168073 0.20238216 0.31200773 0.19512323 0.9860267 0.011302251 0.99605185 0.0037064839 0.9946935 0.06608856 0.006584575 0.9967703 0.021662485 0.015795821 0.7290995 0.19445269 0.023926605 0.050552838 0.041941963 0.011003594 0.00076871214 0.07043369 0.002343361 0.0016874396 0.008117275 0.02031734 0.9921224 0.007331092 0.0028707078 0.008916559 0.010007288 0.00014563171 0.00025369038 0.0025876514 0.9404136 1.290333e-05 0.0001864058 0.00026180528 0.00011270108 9.618226e-05 0.99640954 0.00044154035 0.0007147284 0.00043321538 0.99099386 1.3243955e-06 0.0012211701 1.1679798e-05 1.2177497e-05 1.0359977e-06 1.6865377e-05 0.9914576 0.046184726 0.0001904316 4.3488703e-06 1.2410425e-06 8.496204e-08 0.0029513561 2.2913584e-05 0.045342047 0.41153273 9.81051e-05 0.00011934056 1.3920267e-08 2.1760688e-06 0.011410891 5.1137067e-06
0.93880236 6.926813e-19 0.8200645 0.31871226 0.58579534 0.76524645 0.12057727 0.14763853 0.14478125 0.30894563 0.117135435 0.008988836 0.009944199 0.19377024 0.052302215 0.0007619568 0.003495109 0.15869874 0.112499915 0.024398118 0.21444649 0.06444183 0.045096543 0.0010413309 0.010919275 0.05077007 0.019266186 0.20756057 0.2623939 0.078439206 0.016840404 0.070547156 0.04713338 0.019851191 0.016813893 0.0014465136 0.0010049104 0.00437115 0.112356514 0.027655011 0.068349674 0.019861644 0.14673062 0.015331138 0.02095269 0.10935123 0.026088051 0.008005414 0.0017356531 0.00015653217 0.0061635766 0.00032535833 0.000116376534 0.023577338 0.012988296 0.0053332564 0.00058004854 0.00031263425 0.0010008672 0.00090808613 0.012846758 0.00064916647 0.0055216737 0.0019163593 0.0006680576 0.009363178 0.0004468258 0.00014449054 9.852637e-05 0.0043579424 0.01781769 0.017543903 0.00527253 0.000406103 0.022754509 0.00083859055 0.0004420615 0.00028183477 0.00013413688 0.0008842221 0.00028702262 0.00039322922 0.00019630932 0.00017824664 0.0051382864 0.021572253 2.530733e-05 0.0003270223 9.088714e-05 3.7453534e-05 0.00012800981 5.8744816e-05 0.00011483416 0.0019134586 0.0025044575 8.42155e-05 2.6332107e-05 0.00012106452 5.5703298e-05 1.9507299e-05 5.4364595e-05
0.9302209 0.8200645 9.527504e-19 0.89540875 0.30515686 0.7129008 0.43334806 0.030173726 0.27662343 0.13756666 0.014651665 0.029254857 0.0016656306 0.18245777 0.09207931 0.0002850096 0.011867255 0.06422109 0.067044035 0.0025536905 0.45383435 0.016379295 0.10305088 0.00018506916 0.0009687504 0.08340731 0.03556242 0.05032715 0.16676514 0.038486995 0.0033602074 0.051937327 0.023943672 0.039498314 0.0055287685 0.0035967499 5.518491e-05 0.01399784 0.08580971 0.02917136 0.009326974 0.012267385 0.0610419 0.0078085964 0.010722209 0.026395865 0.0379354 0.0201075 0.0002935152 0.0006492603 0.01158335 0.00041608888 0.00016492621 0.009965554 0.005373771 0.0013148494 0.0037510942 0.0020949836 9.743814e-05 0.00013931862 0.002232356 0.0014287399 0.011554338 0.00051634805 1.220518e-05 0.0030793545 0.0010038703 0.00022975629 0.00057637715 0.0015495726 0.0109278485 0.016013822 0.002197842 0.00065146334 0.0048567057 0.0007254058 0.00031330314 0.000112056536 0.00030157238 0.001574823 2.078253e-05 0.00085741596 0.0004170473 0.00027196843 0.006044993 0.029366173 4.899609e-05 3.1021213e-05 0.00049251673 0.00015115613 0.00041567636 5.804248e-05 0.00013634021 3.8668277e-05 4.4877594e-05 1.8248904e-05 5.707024e-05 0.00019972368 4.012778e-05 2.5399744e-05 0.0001639489
0.83969766 0.31871226 0.89540875 4.6084827e-19 0.19081327 0.26298127 0.777909 0.023982277 0.5954709 0.22351733 0.013122513 0.03716917 0.00087714737 0.3353935 0.2203783 0.00018763539 0.03666282 0.07622229 0.10301727 0.0019808905 0.32855102 0.015541761 0.10199136 6.406356e-05 0.00081109913 0.15503165 0.07952256 0.035794925 0.11166399 0.04598951 0.0029260197 0.0917209 0.04319834 0.07953615 0.005119133 0.014591531 2.5018935e-05 0.0436622 0.050887037 0.0712783 0.0127993515 0.029452639 0.042727355 0.010550134 0.024649724 0.018732805 0.075648576 0.06666101 0.00030774713 0.001527605 0.052647192 0.0027970113 0.0004058508 0.013641012 0.011353052 0.0006623649 0.021274539 0.013391825 2.4861596e-05 6.642866e-05 0.0028053287 0.011636921 0.03879209 0.00017990885 8.2316126e-07 0.00437156 0.004736323 0.0010590517 0.00094375643 0.0020973114 0.022191204 0.0336361 0.001971349 0.003034758 0.0033867424 0.0003518496 0.00011362378 6.19387e-05 0.00072999374 0.0012503499 8.623403e-06 0.0003673754 0.001009241 0.0002931233 0.010898204 0.021798879 0.00010493369 1.0159292e-05 0.00031793845 8.795426e-05 0.00018841198 1.6348791e-05 0.00013510438 3.8918708e-05 7.011957e-05 4.5849674e-06 7.781047e-06 0.00021052241 2.1977661e-05 4.0335235e-05 7.341492e-05
0.90020883 0.58579534 0.30515686 0.19081327 5.3787262e-18 0.45103708 0.078404784 0.48728397 0.21536116 0.70780927 0.30724078 0.0023982024 0.040497094 0.37284514 0.026054783 0.006368437 0.00097061694 0.5298637 0.20217012 0.10380832 0.18902767 0.31543705 0.023276143 0.003554572 0.051390167 0.08383835 0.0145670455 0.27844292 0.25942272 0.34478778 0.041880757 0.20481905 0.16534331 0.008849126 0.0669925 0.0007916956 0.002507109 0.0033992685 0.036397096 0.08629513 0.07133491 0.06180819 0.05533068 0.13995193 0.1087791 0.065713525 0.08112406 0.036197163 0.008469828 7.047698e-05 0.00967539 0.00010316951 1.4679035e-05 0.11973627 0.027233018 0.019036293 0.00090372836 0.0007347056 0.00122051 0.0019309329 0.023126721 0.00041000696 0.013149904 0.008163264 0.0015285333 0.016628683 0.0002813377 4.972388e-05 2.5082603e-05 0.011425646 0.010894068 0.0092355395 0.01076856 0.00033159042 0.021758404 0.00302185 0.0014867081 0.0013942422 5.418312e-05 0.0022458248 0.0003127291 0.0025759276 9.2047194e-05 0.0014971314 0.004898484 0.005642426 1.3403374e-05 0.00041318347 0.00010730724 2.5426112e-05 0.00063268543 8.141852e-05 8.4197425e-05 0.0043125413 0.0065525803 0.0001693792 5.5283253e-05 0.0001943135 2.5880314e-05 2.0536236e-05 3.8348957e-05
0.9683139 0.76524645 0.7129008 0.26298127 0.45103708 2.076978e-17 0.14866893 0.17111094 0.13872883 0.29784703 0.13462979 0.015567349 0.009509181 0.15574388 0.06212874 0.00086542655 0.006657155 0.17838515 0.07472882 0.019348167 0.44241592 0.076261796 0.05846569 0.0012223836 0.008613311 0.044637606 0.021021992 0.3643464 0.4640754 0.060907036 0.014692852 0.05466878 0.026444847 0.009389082 0.007602644 0.0015030369 0.0015647889 0.0032635294 0.196895 0.009541789 0.07212926 0.005341164 0.2272393 0.007948465 0.009123909 0.17809655 0.017550336 0.006775597 0.001135649 0.00046543736 0.0056478446 0.00030863532 0.00015402323 0.01147369 0.002922095 0.0028766165 0.0003490056 0.00019683232 0.00047934626 0.0006452714 0.011637216 0.0004168097 0.0025870395 0.0007619833 0.0012300262 0.00309119 0.00040405188 0.00016417357 0.00043255297 0.000938505 0.006699055 0.0067316266 0.00080747827 0.00026709883 0.026895782 0.00023632294 6.480475e-05 6.655549e-05 8.4822284e-05 0.00070108974 6.300542e-05 0.0001653068 0.0001808448 0.0010999218 0.0063488893 0.042488385 6.277187e-05 7.269425e-05 0.0002471292 6.425618e-05 5.8501897e-05 4.2421594e-05 5.0437848e-05 0.0013878738 0.0018880917 3.975328e-05 2.8617927e-05 0.00053079793 9.586696e-05 2.9832921e-05 5.336105e-05
0.838778 0.12057727 0.43334806 0.777909 0.078404784 0.14866893 3.856178e-18 0.0058972295 0.48778403 0.08018883 0.002649712 0.32832703 0.00033733845 0.15500677 0.8219305 6.8597816e-05 0.14462717 0.025597 0.039083384 0.00033536123 0.4691552 0.0026530041 0.31210557 1.8143259e-05 0.00012478583 0.110315405 0.34409118 0.010403597 0.067132935 0.016369823 0.0009137558 0.067242116 0.010964505 0.15193895 0.00096831244 0.13564615 3.9817573e-06 0.13970877 0.042002182 0.06784217 0.0034054173 0.02152719 0.019921057 0.0039157122 0.014218933 0.006727205 0.075143084 0.13312292 2.8205592e-05 0.011806809 0.13538182 0.044711303 0.011747535 0.0056850696 0.003330505 0.0002569073 0.058568303 0.044257205 2.4486288e-05 2.1128095e-05 9.3704446e-05 0.057037096 0.048028212 0.00015219963 7.660665e-07 0.0015729942 0.024716122 0.011576695 0.004080223 0.0005321746 0.013002636 0.02836762 0.00060732244 0.013161986 0.00013643438 7.42626e-05 2.9116341e-05 1.8206454e-05 0.00566505 0.0005361818 5.301064e-06 0.00012102931 0.0047389567 7.839274e-05 0.010756591 0.020382049 0.00053826574 7.1126765e-06 0.0012476989 0.0008610296 0.00022670628 0.00019972293 0.0019931775 5.9250374e-06 1.0458467e-05 4.19975e-06 1.9945892e-06 0.00020275282 8.213601e-05 0.00030623176 0.0005509341
0.9655524 0.14763853 0.030173726 0.023982277 0.48728397 0.17111094 0.0058972295 5.0876604e-18 0.021590993 0.2246083 0.7833114 8.389205e-05 0.15738536 0.049227744 0.0015734284 0.04955955 1.2523306e-05 0.342036 0.04621528 0.38887373 0.018197343 0.46454176 0.0021483127 0.035952657 0.36900336 0.008903231 0.00069325924 0.3906634 0.09673306 0.2328184 0.22543772 0.06727898 0.073405445 0.0003670709 0.2054935 4.2316474e-06 0.008155358 4.4590357e-05 0.009532688 0.009624783 0.17844433 0.016286694 0.036234908 0.09516913 0.03789684 0.058638636 0.0129372645 0.0021211396 0.026916899 1.0379781e-05 0.00022142107 4.971025e-06 1.5532897e-06 0.08043936 0.010904971 0.13227215 3.291419e-05 2.858942e-05 0.013022919 0.0409268 0.0850772 2.1635384e-05 0.0012121032 0.051255472 0.006603982 0.013346162 3.690837e-05 1.0627227e-05 1.3594276e-06 0.0045954087 0.0046282653 0.002654182 0.009691112 3.7715257e-05 0.060270626 0.00590575 0.005694807 0.010267384 4.2823967e-07 0.0009950355 0.0022386455 0.0019672294 2.3319966e-05 0.00026747427 0.0013380195 0.00030376547 1.3354603e-06 0.0030206093 4.4051572e-05 6.539102e-06 0.00015345246 7.2424176e-05 5.3135227e-05 0.011854456 0.016304161 0.0013197721 0.00039696798 3.1970787e-05 4.524836e-06 6.185157e-07 2.3451908e-05
0.85110587 0.14478125 0.27662343 0.5954709 0.21536116 0.13872883 0.48778403 0.021590993 1.8786188e-19 0.47253007 0.0062613734 0.031048333 0.0006688082 0.8326782 0.36993563 0.00019444215 0.029790001 0.14863794 0.31621432 0.001765134 0.36520928 0.013930057 0.09984094 6.593321e-05 0.0008393955 0.72829133 0.16486768 0.01659015 0.044004865 0.17026147 0.00093036215 0.2640186 0.095992096 0.028385408 0.0054216986 0.022314979 1.1228443e-05 0.06907001 0.010120757 0.3486652 0.002665263 0.13723075 0.010075903 0.035619512 0.1406104 0.0032920819 0.31136158 0.39643493 0.0001561825 0.0009497349 0.35689843 0.004290393 0.0004821866 0.03324808 0.04819551 0.0007328089 0.14132941 0.11619682 2.1013375e-05 1.4206854e-05 0.00027751268 0.044581387 0.1756832 0.00015900249 8.171083e-07 0.0114102485 0.047235392 0.0011322615 0.0011501084 0.011296869 0.06245424 0.09740245 0.0050184513 0.028778775 0.00021362484 0.00027030194 4.9410333e-05 3.5041387e-05 0.0024331294 0.0018953368 1.0538749e-06 0.00034341283 0.0024778447 0.00053202617 0.03140239 0.010004172 5.4749766e-05 2.1400633e-06 0.00080168736 9.00804e-05 0.00018263503 1.05125255e-05 4.0104333e-05 4.3127257e-05 6.9758804e-05 3.1403717e-06 1.2261535e-06 0.00012961624 1.8804006e-06 1.4495047e-05 1.6928787e-05
0.9623603 0.30894563 0.13756666 0.22351733 0.70780927 0.29784703 0.08018883 0.2246083 0.47253007 1.8317567e-20 0.116062246 0.0016979647 0.019483963 0.7608122 0.01989114 0.0037872375 0.0005040198 0.7257488 0.5621047 0.025407208 0.25835893 0.23056072 0.021220911 0.0011963537 0.01824138 0.29492947 0.009338113 0.08985786 0.14268889 0.48248065 0.010094317 0.4225141 0.27841958 0.0059898575 0.07799612 0.0002109569 0.0008015096 0.0016525196 0.00779504 0.24364832 0.023470616 0.13379765 0.018794779 0.14661445 0.19837041 0.013008806 0.09910238 0.050984666 0.0028135942 2.9527286e-05 0.008805187 3.8317594e-05 1.6563692e-06 0.18225244 0.09988908 0.010994399 0.0062681874 0.0054031624 0.00021802838 0.00074820354 0.0059265327 0.00013994797 0.04210178 0.006997179 0.0001059771 0.06268645 0.00052734977 2.2416436e-05 5.3445183e-05 0.033249103 0.031398933 0.024730055 0.030117787 0.00079868763 0.0032677634 0.007201424 0.0024187125 0.0013774195 0.000127448 0.0069106575 2.5636118e-05 0.006049694 2.962188e-05 0.0049062422 0.0019057604 0.0076789293 1.9419085e-06 4.636327e-05 5.6993984e-05 7.621682e-06 0.00038307416 3.447327e-06 5.078365e-06 0.0010743499 0.001574938 7.1555085e-05 2.6986261e-05 9.093846e-05 8.084933e-07 3.8524573e-07 3.3019182e-06
0.9429834 0.117135435 0.014651665 0.013122513 0.30724078 0.13462979 0.002649712 0.7833114 0.0062613734 0.116062246 3.2684286e-18 4.7990856e-05 0.20162901 0.01541738 0.0003917877 0.12540197 4.328922e-06 0.29361755 0.01823664 0.66561604 0.0061618634 0.4321334 0.0011041993 0.10695602 0.5973487 0.004109065 0.00029039817 0.29074574 0.05129598 0.19484189 0.2636045 0.029259704 0.031712186 0.0004139654 0.13835484 8.166273e-06 0.014098165 6.2145074e-05 0.005634798 0.006871404 0.10592606 0.01299244 0.020964742 0.072617106 0.023659779 0.039543662 0.008435975 0.0014922288 0.045640822 1.7560782e-05 0.0002308428 3.823001e-06 2.147241e-06 0.09197123 0.00823728 0.16792151 1.977721e-05 1.1900965e-05 0.02146679 0.06514247 0.07829213 3.132253e-05 0.0012567708 0.061976593 0.008143553 0.017026179 1.5419702e-05 3.2981152e-05 2.3079833e-06 0.0044803037 0.00757216 0.005399899 0.01729313 1.6900056e-05 0.05456379 0.011990492 0.013441687 0.015322784 2.2188103e-06 0.0023141403 0.0046118638 0.0048014186 3.0147186e-05 0.00043812598 0.002683523 0.00019785973 6.604911e-06 0.005794417 5.9102433e-05 3.8024406e-05 0.0006921454 8.5205036e-05 7.115712e-05 0.015963191 0.02022807 0.002628766 0.001968497 0.00018335457 1.343647e-05 2.3485647e-06 8.537243e-05
0.39583492 0.008988836 0.029254857 0.03716917 0.0023982024 0.015567349 0.32832703 8.389205e-05 0.031048333 0.0016979647 4.7990856e-05 2.0741583e-18 9.3567553e-07 0.005415923 0.5164528 1.6458547e-07 0.9328384 0.00029009618 0.0020709257 5.299947e-06 0.2514475 4.5873494e-05 0.58954257 1.3221289e-08 2.5770285e-06 0.006469394 0.44324458 0.0014665014 0.008217119 0.00010920185 4.698057e-05 0.0010113429 0.00026182475 0.5530554 2.0534882e-05 0.71842986 4.3211896e-09 0.40028298 0.010891762 0.0017189147 0.0009941065 0.0012278398 0.005286645 0.0001672149 0.0008198302 0.0020696681 0.0053764596 0.014563747 2.5126172e-07 0.19942537 0.05559639 0.5034433 0.22033265 0.0006691412 0.00019726736 1.2536655e-05 0.010912513 0.006401376 7.59053e-07 3.412437e-07 4.017953e-06 0.08199766 0.0032937604 1.3472616e-05 7.302199e-09 0.0002945224 0.009033536 0.113464795 0.010103023 7.116514e-05 0.00091356365 0.0014267166 0.00020492499 0.0012899739 1.4320272e-05 2.9694856e-05 1.0849021e-05 4.163826e-06 0.0051266784 0.0002104431 9.855389e-07 4.2276326e-05 0.0034731377 4.0695537e-05 0.0007537572 0.020616844 0.0022409703 6.525935e-07 0.00040340275 0.0010415603 2.2723238e-05 0.0033256789 0.014694387 4.5478902e-08 2.1665661e-08 3.758678e-07 4.1181363e-07 3.6590736e-05 0.0017561419 0.00077768264 0.0048337844
0.76370716 0.009944199 0.0016656306 0.00087714737 0.040497094 0.009509181 0.00033733845 0.15738536 0.0006688082 0.019483963 0.20162901 9.3567553e-07 1.8959178e-20 0.0016979129 7.5713e-05 0.8180274 1.7551512e-08 0.04915091 0.0028193493 0.09288578 0.0011443557 0.06909315 8.77233e-05 0.17673068 0.08010121 0.0001276128 9.783145e-05 0.2209667 0.021104878 0.019965472 0.8390533 0.0011779345 0.0012635831 2.2096583e-06 0.020945776 6.249513e-07 0.0355067 2.190373e-06 0.0043966672 6.595705e-05 0.09806781 6.040127e-05 0.016435632 0.0020814633 0.00025136807 0.01660952 0.00029525583 1.6943663e-05 0.04200834 9.979524e-07 4.057728e-06 1.9826393e-06 1.9660409e-07 0.00075629435 5.269056e-05 0.015152121 4.4330605e-07 2.623197e-07 0.008378608 0.009456258 0.18962574 2.020772e-06 2.5731827e-06 0.0019887506 0.0038814056 0.00011505417 7.232223e-07 4.576476e-06 2.7863217e-07 3.6713533e-05 9.3222676e-05 6.0029215e-05 7.5718635e-05 4.5869643e-07 0.05701959 7.507173e-05 5.6365716e-05 0.0001850981 4.4694144e-11 0.00019011316 0.0009024675 0.00010318997 1.1281085e-06 5.6315213e-05 4.8989787e-05 0.00031493127 2.5817782e-08 0.0004609399 6.5613526e-06 3.4793786e-06 4.2441566e-06 1.3711434e-06 1.4782041e-06 0.0029351602 0.0062928316 0.00024916203 8.2754e-05 5.490445e-06 1.3625232e-06 5.9820124e-08 8.529657e-07
0.73928356 0.19377024 0.18245777 0.3353935 0.37284514 0.15574388 0.15500677 0.049227744 0.8326782 0.7608122 0.01541738 0.005415923 0.0016979129 1.8036451e-22 0.04353223 0.00034635598 0.0014822925 0.25489655 0.82602966 0.0024859821 0.20236537 0.035949726 0.042650707 0.00014808032 0.001371243 0.63154453 0.026856553 0.008532587 0.03109366 0.1637119 0.0026699807 0.27102137 0.13764562 0.0070971367 0.021528535 0.00060608593 2.3760893e-05 0.007405206 0.004131177 0.28135076 0.003535752 0.11211141 0.006616594 0.04905282 0.13455223 0.0034438423 0.13852254 0.1068366 0.00019945398 0.000107009546 0.030761063 0.00012939688 2.9674193e-05 0.08183425 0.06693233 0.002354262 0.022887683 0.020944873 2.4537389e-05 0.00011676207 0.0015616196 0.0009581628 0.0732755 0.0009107144 2.0904351e-06 0.040984403 0.00435735 4.988728e-05 0.00013159112 0.024953417 0.05889556 0.06127159 0.014126171 0.004721542 0.000736694 0.002486243 0.0007398585 0.00018803647 0.00026672945 0.006181372 6.012666e-07 0.0027778489 0.00035514103 0.005703047 0.018100554 0.0079398705 4.64151e-06 1.4336266e-06 0.00035963155 2.3064287e-05 0.00049901387 7.415937e-06 2.023029e-05 3.8787795e-05 5.1499293e-05 1.61296e-06 4.4189774e-06 0.00022192782 1.0932554e-06 1.896427e-06 1.3010263e-05
0.7623828 0.052302215 0.09207931 0.2203783 0.026054783 0.06212874 0.8219305 0.0015734284 0.36993563 0.01989114 0.0003917877 0.5164528 7.5713e-05 0.04353223 4.8023825e-20 1.3958721e-05 0.2144669 0.004781195 0.013645195 5.796001e-05 0.3495425 0.00045958336 0.23471704 2.7618041e-06 1.2370715e-05 0.117915526 0.858445 0.0032359387 0.022948913 0.003029957 0.00027150946 0.019515429 0.002903166 0.12033606 0.00022227793 0.32922888 2.8623901e-07 0.30742136 0.013760351 0.039546173 0.0010540239 0.010839101 0.005174336 0.0015302236 0.0063153286 0.0020016322 0.06941016 0.15054634 5.177815e-06 0.01035781 0.25979227 0.088406675 0.0306222 0.002676852 0.0021128834 0.00013063643 0.10949596 0.085911386 9.740669e-06 6.2164368e-06 2.4556113e-05 0.13722636 0.058080897 6.3834486e-05 7.3259787e-07 0.00085705717 0.06454298 0.026260309 0.0042459685 0.0005719651 0.016095145 0.038719397 0.0006600163 0.034859706 3.190329e-05 0.00016020282 3.286642e-05 3.937018e-05 0.014912039 0.0010293026 1.5793764e-06 9.982686e-05 0.012555195 0.00012746612 0.024617238 0.015254986 0.00060328306 6.424677e-06 0.004046463 0.0022782967 0.0001823964 0.00025555017 0.0045470605 6.08528e-06 6.732528e-06 5.2503888e-06 2.618382e-06 0.0001770036 0.00021601666 0.00026123863 0.0010097855
0.3119126 0.0007619568 0.0002850096 0.00018763539 0.006368437 0.00086542655 6.8597816e-05 0.04955955 0.00019444215 0.0037872375 0.12540197 1.6458547e-07 0.8180274 0.00034635598 1.3958721e-05 2.0857076e-21 3.1683738e-09 0.011137484 0.00086111465 0.05574563 0.0004631486 0.024520243 1.2473842e-05 0.74162406 0.04440125 4.2552067e-05 6.8015324e-05 0.025913559 0.007479928 0.007480006 0.46831685 0.00041383752 0.00067173166 2.5482086e-07 0.010996083 5.5094984e-07 0.1689898 6.094096e-06 0.0015009028 0.00016684199 0.020608338 0.00012553124 0.006691498 0.0013099993 0.0003198834 0.007236618 0.00048167296 5.6734603e-05 0.15917021 4.2163137e-07 7.6197925e-06 7.548057e-07 3.0480606e-08 0.0013016729 0.00021434684 0.016106322 1.4035587e-06 7.143515e-07 0.013002982 0.014969867 0.15084408 8.843772e-07 1.26043415e-05 0.0033663446 0.012075538 0.00028654095 5.6723235e-07 4.224934e-06 2.690186e-08 9.744297e-05 0.00049958954 0.00035471638 0.00021716759 1.6251595e-06 0.016382052 0.00029063117 0.00024781484 0.00056812 3.412474e-12 0.00032789892 0.0030829408 0.000186834 2.262648e-06 7.634279e-05 0.00030812944 2.993202e-06 2.0392523e-08 0.0013117002 1.1197828e-05 2.1574242e-06 4.6585676e-05 7.758713e-06 2.2644028e-06 0.0037859227 0.008536287 0.00061840017 0.00034584984 1.0966361e-05 9.2395646e-07 7.327945e-08 1.0282012e-06
0.7995235 0.003495109 0.011867255 0.03666282 0.00097061694 0.006657155 0.14462717 1.2523306e-05 0.029790001 0.0005040198 4.328922e-06 0.9328384 1.7551512e-08 0.0014822925 0.2144669 3.1683738e-09 1.68036e-16 5.7988203e-05 0.00036665317 2.355296e-06 0.5573031 1.7555876e-05 0.7887354 2.493159e-09 4.3174458e-07 0.0019451866 0.14114696 0.0005381638 0.014053276 2.0870497e-05 1.1376196e-05 3.99705e-05 9.7121365e-06 0.8540781 5.1982943e-06 0.45080152 3.3450177e-11 0.16363539 0.03682018 0.00010357182 0.0010101447 9.468982e-05 0.016372712 2.9243653e-05 4.410437e-05 0.0019936992 0.0020869253 0.0013816208 4.1871626e-09 0.6664975 0.008635633 0.29450765 0.43739006 8.027443e-05 1.6348855e-05 5.708997e-06 0.0008508811 0.00026717014 5.026229e-07 1.6422611e-07 9.018101e-06 0.017779337 0.00037484497 1.3061476e-06 5.315478e-09 5.1715604e-05 0.00076288125 0.043400038 0.037781987 5.912292e-06 0.00063554826 0.0012693043 5.1301653e-05 3.276571e-05 9.622868e-05 8.092597e-06 3.2569608e-06 1.1443436e-06 0.0043931613 2.5554027e-05 5.3400733e-08 1.0257434e-05 0.00043367708 5.3039967e-06 0.00032308666 0.066496566 0.008320075 1.7457704e-07 2.5574996e-05 4.0015886e-05 4.327349e-06 0.0064924047 0.004350138 1.1370238e-11 7.968105e-12 1.4174671e-07 2.073735e-07 3.8879153e-07 0.00084155647 0.0020642465 0.0020139804
0.75851935 0.15869874 0.06422109 0.07622229 0.5298637 0.17838515 0.025597 0.342036 0.14863794 0.7257488 0.29361755 0.00029009618 0.04915091 0.25489655 0.004781195 0.011137484 5.7988203e-05 1.04471134e-20 0.3091864 0.16633087 0.013655577 0.77300346 0.0032420426 0.010209828 0.19028325 0.15370555 0.0026346738 0.06311304 0.019093307 0.79134274 0.032117344 0.4711086 0.4248912 0.0013552345 0.4435815 1.8641442e-05 0.0034576429 0.0005144494 0.0018366758 0.22520816 0.013095889 0.18342493 0.0059230607 0.4194174 0.3796816 0.008719226 0.19231646 0.056215383 0.007392819 2.2329148e-05 0.0022971337 2.9056407e-06 3.8924923e-06 0.40239415 0.13603692 0.1705008 0.0021912744 0.0022330107 0.003501638 0.030033506 0.011214328 4.2895335e-05 0.028354036 0.08720281 0.0019880186 0.13292988 0.0001909805 1.3742389e-05 8.739043e-06 0.06910574 0.033337694 0.018746965 0.12785573 0.0007014856 0.0030252077 0.056627695 0.040486377 0.017995348 0.00021856902 0.007746385 0.00041501824 0.032942504 8.383279e-05 0.009596447 0.0033681882 0.0006809366 2.8489405e-06 0.00051122654 7.0595364e-05 1.8545372e-05 0.0010517781 3.8927465e-05 1.2556183e-05 0.006872489 0.008130713 0.00052806747 0.0006634114 0.00043937768 1.3893344e-06 9.5123625e-07 1.9012557e-05
0.39250702 0.112499915 0.067044035 0.10301727 0.20217012 0.07472882 0.039083384 0.04621528 0.31621432 0.5621047 0.01823664 0.0020709257 0.0028193493 0.82602966 0.013645195 0.00086111465 0.00036665317 0.3091864 1.1716994e-22 0.005288017 0.028137079 0.055153403 0.008279968 0.00041117147 0.0036757851 0.51280314 0.009980477 0.0044949106 0.0107404 0.32932386 0.002367273 0.7392321 0.4390317 0.0029943774 0.037409965 0.00014020097 0.00016993497 0.002264063 0.0012967979 0.45657197 0.0024424172 0.2992972 0.0034730698 0.10427821 0.30994275 0.0019911274 0.13695754 0.065230764 0.0006352726 0.00011495908 0.014042832 5.4883283e-05 1.3874364e-05 0.18231231 0.15763146 0.005786758 0.008981043 0.008401648 0.00025721156 0.000755608 0.0012797788 0.00024836347 0.06204293 0.003434618 2.7619086e-05 0.09791086 0.00079280697 2.210319e-05 3.0428171e-05 0.07603629 0.06652435 0.05910451 0.046772324 0.002207111 0.00039408822 0.008985558 0.0035359797 0.0007612087 0.00015492865 0.013468756 1.7907565e-05 0.0145088285 9.0888e-05 0.014544675 0.013503011 0.0014068388 6.422e-06 2.494886e-05 0.00019282397 2.2840995e-05 0.0012351725 8.742844e-06 9.828756e-06 0.00027045302 0.0003626913 1.6362752e-05 1.8170462e-05 0.0006470295 1.5834786e-06 3.0384251e-06 4.0456757e-06
0.67249954 0.024398118 0.0025536905 0.0019808905 0.10380832 0.019348167 0.00033536123 0.38887373 0.001765134 0.025407208 0.66561604 5.299947e-06 0.09288578 0.0024859821 5.796001e-05 0.05574563 2.355296e-06 0.16633087 0.005288017 6.857581e-21 0.00087135285 0.51140034 0.00022604718 0.11423307 0.9228977 0.002607918 7.26332e-05 0.029842643 0.0064319605 0.097876854 0.060563147 0.010285848 0.00972862 0.00011274503 0.1430933 4.7708736e-06 0.014619883 2.3461751e-05 0.00055165286 0.0043462487 0.014056472 0.005628686 0.0033814902 0.0357691 0.01442948 0.007446469 0.0050375815 0.00050876604 0.025483051 9.085668e-06 4.7778693e-05 1.5688711e-06 2.439407e-06 0.046154115 0.0060422276 0.16989167 1.2720581e-05 8.90573e-06 0.06336544 0.080569245 0.012428134 9.588804e-06 0.00034884104 0.04885129 0.010966785 0.009437897 1.0727557e-05 8.171882e-06 7.7297284e-07 0.002128121 0.004366606 0.0025065735 0.009482521 1.8749024e-05 0.011504649 0.009774296 0.013974185 0.0150372675 6.771182e-06 0.00075980776 0.0047894893 0.0023360625 6.2552135e-05 0.0001465529 0.0015120644 3.222968e-05 2.629099e-06 0.0052132853 2.6433856e-05 7.1579557e-06 0.00018522807 1.1596279e-05 6.108652e-05 0.009751224 0.011321361 0.0023033242 0.0018939582 9.529415e-05 7.6126885e-06 5.8759105e-07 1.9625024e-05
0.9771084 0.21444649 0.45383435 0.32855102 0.18902767 0.44241592 0.4691552 0.018197343 0.36520928 0.25835893 0.0061618634 0.2514475 0.0011443557 0.20236537 0.3495425 0.0004631486 0.5573031 0.013655577 0.028137079 0.00087135285 8.49621e-18 0.0035256976 0.7725163 0.00054229464 0.0005325236 0.04424681 0.083641246 0.03630397 0.34563878 0.0032392011 0.0021390496 0.0075676767 0.0026901534 0.11784739 0.0010103538 0.016272916 4.2400723e-05 0.027560083 0.35364497 0.0023577379 0.008551426 0.0011675333 0.14213714 0.0029477035 0.0008191393 0.035844937 0.015539419 0.009475703 0.00051223167 0.032915443 0.011481392 0.004070815 0.002192951 0.0024290916 0.0008139651 0.00058417936 0.0010841271 0.0005505767 3.3410968e-05 0.00012146188 0.0062125055 0.00215526 0.0020794764 0.00018039143 7.722644e-06 0.0017835012 0.0013745397 0.0013508447 0.013320197 0.0005961389 0.00655238 0.0065521956 0.0007257566 0.00042607135 0.009300748 0.00020839777 0.00012180442 8.913688e-05 0.00077430654 0.002157272 3.8953813e-06 0.0002201764 0.00065202557 0.0016391007 0.0080186445 0.16903071 0.000978656 9.042438e-06 0.0018585395 0.0003162637 0.00025379515 0.00032450526 0.0007683665 1.6737402e-05 1.0411486e-05 8.157011e-06 5.3671174e-06 0.00013728745 0.0003226002 0.00016902614 0.00078724604
0.5856022 0.06444183 0.016379295 0.015541761 0.31543705 0.076261796 0.0026530041 0.46454176 0.013930057 0.23056072 0.4321334 4.5873494e-05 0.06909315 0.035949726 0.00045958336 0.024520243 1.7555876e-05 0.77300346 0.055153403 0.51140034 0.0035256976 2.8495348e-18 0.00082676386 0.03194882 0.62345725 0.019235728 0.00048124505 0.032234978 0.0077684433 0.63883185 0.04730193 0.10786878 0.13077462 0.0010514656 0.49180824 9.144457e-06 0.00896899 5.9142352e-05 0.0012191297 0.044935938 0.0110179745 0.051207386 0.006020393 0.35585228 0.16177417 0.008138204 0.057320897 0.017543484 0.017307542 8.90472e-06 0.00047511974 2.741284e-06 5.8820915e-06 0.2847835 0.04808807 0.37033132 0.00021295338 0.00020494474 0.029442362 0.11247777 0.009543262 2.2242455e-05 0.0073212646 0.11274856 0.011060896 0.06541247 8.0421014e-05 1.37873085e-05 8.289404e-07 0.024559261 0.01300628 0.008506163 0.072815016 0.00017884003 0.0050634174 0.04552894 0.03839814 0.029480908 0.00010286897 0.0026244824 0.0030376273 0.0223784 5.5987537e-05 0.0025715441 0.0023890533 0.00015950765 3.2772286e-06 0.0031976812 3.5280063e-05 1.6013952e-05 0.0003440422 4.0320618e-05 5.274441e-05 0.011561833 0.013689257 0.0026164243 0.0049585635 0.00020434266 7.2965718e-06 8.5165715e-07 2.9540017e-05
0.89675236 0.045096543 0.10305088 0.10199136 0.023276143 0.05846569 0.31210557 0.0021483127 0.09984094 0.021220911 0.0011041993 0.58954257 8.77233e-05 0.042650707 0.23471704 1.2473842e-05 0.7887354 0.0032420426 0.008279968 0.00022604718 0.7725163 0.00082676386 2.5956114e-17 7.482931e-06 0.000121403864 0.012527848 0.062232945 0.005185468 0.06357363 0.0010997367 0.0005409713 0.003217023 0.0007985333 0.5863724 0.00023647964 0.054342356 1.9671569e-07 0.024994265 0.116017796 0.0031686646 0.0026319805 0.0015350911 0.034651075 0.0009163799 0.0008254891 0.00836632 0.009589119 0.006862583 8.374749e-06 0.16424862 0.008833208 0.01865331 0.015848786 0.0028172124 0.0006226117 0.00034085187 0.000987746 0.00047352543 6.106741e-05 9.240799e-05 0.0011294677 0.003276343 0.001023415 0.00019117894 2.3123927e-07 0.0031297226 0.0011178142 0.0033154013 0.030125517 0.00071034435 0.009288076 0.008888363 0.0012522597 0.0004283504 0.0031134326 0.00033378342 0.0003409775 0.00011573912 0.0023113382 0.0036026905 1.38773685e-05 0.0006568929 0.00085597724 0.0011255236 0.008301992 0.14634016 0.0037646517 4.571348e-05 0.0017298317 0.0005640102 0.00039020873 0.0013364744 0.002289229 6.842819e-09 8.475095e-09 1.9029845e-05 8.9886325e-06 0.00056555716 0.0011920122 0.0012822595 0.001734275
0.17828372 0.0010413309 0.00018506916 6.406356e-05 0.003554572 0.0012223836 1.8143259e-05 0.035952657 6.593321e-05 0.0011963537 0.10695602 1.3221289e-08 0.17673068 0.00014808032 2.7618041e-06 0.74162406 2.493159e-09 0.010209828 0.00041117147 0.11423307 0.00054229464 0.03194882 7.482931e-06 5.03473e-22 0.13040182 3.644614e-05 1.1032067e-05 0.012895114 0.007199124 0.008206985 0.12628382 0.0001593094 0.00049186766 1.952915e-07 0.017903212 2.2504814e-07 0.78934944 1.7075878e-06 0.0008279016 0.00010087142 0.021592142 0.00019265321 0.0054442394 0.0030432004 0.00034749927 0.00808006 0.0008770742 0.00010631368 0.64898676 1.8413915e-07 5.4199427e-06 2.4473144e-07 5.6076397e-09 0.0028724342 0.00013271012 0.03585588 3.9869226e-07 1.9267256e-07 0.12214808 0.056919992 0.090114415 6.533526e-07 1.4829195e-05 0.007772444 0.09123595 0.000550651 5.9361986e-07 1.2249135e-06 2.01433e-08 0.00013526295 0.0004937885 0.0003094709 0.00068930635 4.951954e-07 0.019035837 0.0008368314 0.00081092824 0.0030393226 1.25188635e-11 0.00025958166 0.01354863 0.00031941241 3.1597306e-06 8.2012644e-05 0.00013478175 3.6218316e-07 1.2067039e-08 0.005653061 7.898321e-06 3.2541823e-06 0.000121102275 2.147927e-06 1.4776277e-06 0.027914349 0.03383145 0.0032313734 0.0018895698 3.767931e-05 1.6813514e-06 5.0717746e-09 6.838005e-07
0.61545163 0.010919275 0.0009687504 0.00081109913 0.051390167 0.008613311 0.00012478583 0.36900336 0.0008393955 0.01824138 0.5973487 2.5770285e-06 0.08010121 0.001371243 1.2370715e-05 0.04440125 4.3174458e-07 0.19028325 0.0036757851 0.9228977 0.0005325236 0.62345725 0.000121403864 0.13040182 1.6329553e-21 0.0013646671 5.059611e-05 0.013609028 0.004368801 0.12559938 0.043363042 0.009035289 0.007154813 7.6826065e-05 0.17174643 2.1366475e-06 0.021474602 1.9618383e-05 0.00089430984 0.0029036396 0.011977092 0.0050840494 0.0039025913 0.03663398 0.012004888 0.0059998278 0.0020353117 0.00012049584 0.03489829 5.1752236e-06 1.0678513e-05 9.2347716e-07 1.683874e-06 0.050690763 0.0041996124 0.23845273 2.4189603e-06 1.2546121e-06 0.108884476 0.15022565 0.010280577 3.520936e-06 9.266277e-05 0.066846035 0.013063346 0.0071123075 1.7535687e-06 1.9878876e-06 4.727292e-07 0.0011394053 0.0026463582 0.0011121765 0.008758314 3.4039329e-06 0.008736668 0.010852475 0.017765405 0.020786729 3.912817e-06 0.00038474717 0.007440854 0.0019303473 1.4678503e-05 9.411427e-05 0.0003295576 3.6254678e-05 2.5144942e-07 0.0067688194 5.8941196e-06 2.2231375e-06 3.8868708e-05 3.1440309e-06 2.309933e-05 0.014277646 0.01896718 0.0023378576 0.0020214594 3.4228673e-05 2.3916361e-06 4.2086388e-08 1.3527166e-05
0.39994693 0.05077007 0.08340731 0.15503165 0.08383835 0.044637606 0.110315405 0.008903231 0.72829133 0.29492947 0.004109065 0.006469394 0.0001276128 0.63154453 0.117915526 4.2552067e-05 0.0019451866 0.15370555 0.51280314 0.002607918 0.04424681 0.019235728 0.012527848 3.644614e-05 0.0013646671 6.66961e-20 0.10365774 0.0017037374 0.0023486097 0.27801237 0.00029682924 0.59622055 0.3136007 0.0030029507 0.022876836 0.010739228 4.1740077e-06 0.04432639 0.0005604184 0.6031504 0.0005476742 0.37406448 0.0011878475 0.16217728 0.3549367 0.0005723659 0.60936934 0.57428783 4.5586963e-05 0.00033496934 0.5324184 0.001320151 4.71986e-05 0.1530872 0.11429835 0.0033391553 0.16506363 0.14301898 2.7215665e-05 4.5550853e-05 5.680032e-05 0.014285947 0.3538874 0.00024100169 1.2697233e-06 0.038098913 0.042930353 0.00020618529 0.00046310932 0.045148112 0.20978236 0.24026711 0.017298078 0.035776503 1.5173869e-05 0.0018777227 0.0002727094 4.1432813e-05 0.0014992775 0.019082727 4.973458e-06 0.0020724828 0.0029383234 0.0050793076 0.08323654 0.0016589763 3.047042e-05 8.640238e-06 0.0024149935 9.9759665e-05 0.0026902328 6.856156e-06 2.3410925e-05 2.9990728e-05 3.8978844e-05 8.150821e-06 3.2709368e-06 0.0016229419 2.181384e-06 7.654396e-06 1.7744313e-05
0.49068338 0.019266186 0.03556242 0.07952256 0.0145670455 0.021021992 0.34409118 0.00069325924 0.16486768 0.009338113 0.00029039817 0.44324458 9.783145e-05 0.026856553 0.858445 6.8015324e-05 0.14114696 0.0026346738 0.009980477 7.26332e-05 0.083641246 0.00048124505 0.062232945 1.1032067e-05 5.059611e-05 0.10365774 1.6940213e-19 0.0020037321 0.0083496645 0.0021319163 0.0003810487 0.009034475 0.0014954683 0.026368288 0.0005284914 0.5331495 2.7024414e-06 0.75786054 0.004536689 0.037859652 0.00083950727 0.011657094 0.003068047 0.0028849381 0.0062240777 0.0015498452 0.13574189 0.26313952 1.0011617e-05 0.012896958 0.5356804 0.26454702 0.044916227 0.0043889126 0.0018436286 0.00016574263 0.2666539 0.19873974 8.469222e-05 1.5582254e-05 6.499991e-05 0.40607294 0.10075783 0.00014297926 1.6450778e-05 0.0013279318 0.14871171 0.07825697 0.0018335526 0.000721153 0.020086039 0.05338494 0.0011126491 0.070116155 2.3716248e-05 0.00041588614 0.00022192231 0.00019133472 0.0065594073 0.0031743248 2.2991266e-05 0.00044661836 0.028872801 0.00036489646 0.042108737 0.0075437212 0.00084612425 2.4337636e-05 0.011541166 0.0073312107 0.0004993895 0.00052746997 0.0071248943 1.6516064e-05 1.2293658e-05 1.6872553e-05 1.606438e-05 0.0006062036 0.00062277 0.00045244073 0.0021418757
0.95488214 0.20756057 0.05032715 0.035794925 0.27844292 0.3643464 0.010403597 0.3906634 0.01659015 0.08985786 0.29074574 0.0014665014 0.2209667 0.008532587 0.0032359387 0.025913559 0.0005381638 0.06311304 0.0044949106 0.029842643 0.03630397 0.032234978 0.005185468 0.012895114 0.013609028 0.0017037374 0.0020037321 1.4246634e-22 0.47513622 0.007838261 0.5331494 0.0019749354 0.0010995369 0.00037447622 0.0033339527 0.0005614678 0.009328676 0.0012272159 0.12710992 0.0013111397 0.5970429 0.00079569744 0.19614904 0.0036387467 0.00092311547 0.40798795 0.0055342917 0.0028814294 0.016659252 0.00025821308 0.001407648 0.00041132365 7.565616e-06 0.0052992473 0.0009814496 0.012488226 0.00031613192 0.00015820765 0.0019658771 0.004708091 0.12765113 0.0002864347 0.0011242336 0.00483934 0.0037850023 0.0031256434 0.0003725159 0.00038185483 0.0013233369 0.000980123 0.0032273773 0.0033442976 0.004083121 0.00015743253 0.3673297 0.0036313003 0.002954854 0.0045909514 1.367706e-06 0.0016297981 0.0022952459 0.0027452162 0.001862237 0.0019165559 0.0037150022 0.016185652 2.134783e-05 0.0021026519 0.0006781493 0.00019082082 0.00011732163 0.00037449697 0.000102853475 0.027849294 0.02004211 0.0033479275 0.002629908 2.2696251e-05 0.00019090164 3.3417548e-06 7.3173345e-05
0.943601 0.2623939 0.16676514 0.11166399 0.25942272 0.4640754 0.067132935 0.09673306 0.044004865 0.14268889 0.05129598 0.008217119 0.021104878 0.03109366 0.022948913 0.007479928 0.014053276 0.019093307 0.0107404 0.0064319605 0.34563878 0.0077684433 0.06357363 0.007199124 0.004368801 0.0023486097 0.0083496645 0.47513622 4.86035e-18 0.005289833 0.028441044 0.004215876 0.0023409277 0.0061129415 0.002317863 0.003385767 0.003108155 0.0023086374 0.66348493 0.0008953945 0.14855531 0.00086369837 0.5529977 0.0046930932 0.0012209367 0.29505286 0.005925024 0.0030260372 0.0067483713 0.002872559 0.0015849601 0.0025284982 0.00016693541 0.0077112047 0.0013273404 0.005920692 0.0002379333 0.00017296038 0.00026885912 0.0011769952 0.060803045 0.0002786371 0.0017821266 0.0016840434 0.0001510786 0.0059008324 0.00016704992 0.0008432343 0.009546344 0.0019697035 0.0038657845 0.0033361844 0.006497224 0.00017826668 0.09606545 0.0033358436 0.002588403 0.0025724885 0.0004187221 0.0012066852 0.00014858463 0.0026958059 0.0008427873 0.002232057 0.0016748068 0.15334384 0.0005973044 0.0002777412 0.0007481943 7.731543e-05 0.00025150666 0.00038740845 0.00031634604 0.0003407467 0.0007374683 0.0003436846 0.0005139195 6.342919e-05 0.00017715982 6.364101e-05 0.00078045094
0.4329504 0.078439206 0.038486995 0.04598951 0.34478778 0.060907036 0.016369823 0.2328184 0.17026147 0.48248065 0.19484189 0.00010920185 0.019965472 0.1637119 0.003029957 0.007480006 2.0870497e-05 0.79134274 0.32932386 0.097876854 0.0032392011 0.63883185 0.0010997367 0.008206985 0.12559938 0.27801237 0.0021319163 0.007838261 0.005289833 6.781567e-21 0.008750515 0.55759215 0.58006716 0.0005948075 0.7062357 4.928301e-06 0.003181954 0.0004113986 0.00077701756 0.32475916 0.0037584906 0.20272999 0.002813259 0.58593935 0.52677447 0.0028197134 0.22943424 0.084916726 0.0046560294 9.163393e-06 0.0033228335 3.0532042e-06 3.543965e-06 0.5013693 0.23407932 0.25624487 0.001977129 0.002089908 0.0039296965 0.053621195 0.0034718877 9.804168e-05 0.030408282 0.10858521 0.0025332265 0.20518191 0.00024541124 6.6700386e-06 4.916551e-06 0.11686575 0.05285122 0.022320723 0.18178995 0.001230989 0.00031108057 0.084670626 0.07055608 0.030882671 0.00038288225 0.021896916 0.00036277453 0.053585682 7.589749e-05 0.020979377 0.0023632094 0.0004200365 1.7441687e-06 0.0004957892 5.8444075e-05 3.6789974e-05 0.0018883797 5.2887808e-05 7.832223e-06 0.005515742 0.004260372 0.00041707393 0.0016829653 0.0006939174 3.7587843e-06 9.53176e-07 1.332967e-05
0.91687566 0.016840404 0.0033602074 0.0029260197 0.041880757 0.014692852 0.0009137558 0.22543772 0.00093036215 0.010094317 0.2636045 4.698057e-05 0.8390533 0.0026699807 0.00027150946 0.46831685 1.1376196e-05 0.032117344 0.002367273 0.060563147 0.0021390496 0.04730193 0.0005409713 0.12628382 0.043363042 0.00029682924 0.0003810487 0.5331494 0.028441044 0.008750515 8.403819e-20 0.0004614642 0.00030601368 8.77297e-06 0.007328467 1.0893322e-05 0.093939304 7.5104203e-06 0.0058415094 0.00035614157 0.31984273 0.00022552222 0.013202504 0.0011192751 0.000241404 0.038763978 0.0008060776 0.00027158484 0.0943729 2.2894448e-05 9.5059884e-05 1.7662009e-05 2.6621623e-05 0.0006654562 0.00018044512 0.0041586272 3.0812786e-05 1.7207203e-05 0.005030639 0.003841635 0.49048305 1.5477632e-05 0.00015402221 0.0005948704 0.012191953 0.0004677443 4.103514e-05 2.5519541e-05 0.00010773114 0.00011062974 0.0001294175 0.00022597001 0.00023260407 4.612477e-05 0.37945247 0.000111961774 0.00014688284 0.00050734857 1.1043108e-09 0.00015748764 0.0052246107 8.3665705e-05 1.3113804e-05 1.5608131e-05 0.000100312034 0.0008925597 6.174469e-08 0.0035511986 7.447544e-05 3.620922e-06 2.0139489e-05 1.0937033e-05 1.5025763e-05 0.03535308 0.036112785 0.01008332 0.00086716976 1.4441757e-05 3.1870038e-06 5.29602e-08 7.86392e-06
