2.5165215e-24 0.94103676 0.92082775 0.87125087 0.88117343 0.9060625 0.91960883 0.8612958 0.80549556 0.8894018 0.8589736 0.6341618 0.89597225 0.2529015 0.5810119 0.9014057 0.9032422 0.5053594 0.15033208 0.81735075 0.39812362 0.11578609 0.36140496 0.8401371 0.8854224 0.85405535 0.5844166 0.9270447 0.39478356 0.2053324 0.20697601 0.46680322 0.7117497 0.94998187 0.957955 0.6543535 0.5009785 0.260291 0.17784218 0.72748625 0.69884133 0.9545297 0.47453183 0.9327636 0.9566193 0.26734337 0.8901986 0.6726646 0.9951716 0.9932495 0.82114786 0.9877427 0.26407802 0.17258607 0.7982367 0.13413846 0.5236687 0.9966436 0.9193858 0.16333634 0.13724391 0.078373075 0.9995499 0.017149996 0.7608837 0.007335057 0.9944537 0.9730751 0.002128732 0.12452517 0.008817801 0.9404801 0.0007968893 0.0006700614 0.0051752687 0.00173483 0.107156895 0.99682 0.00032770445 0.0010708863 0.4571313 0.0155477645 0.9499453 0.005879016 0.9963892 0.98979104 0.0023088895 0.009389446 0.00011968226 2.9756373e-05 0.03003383 0.00051319436 0.0007017242 0.9994625 0.9991257 0.9999895 1.2200826e-05 2.889445e-06 0.06605995 0.027577212 0.5654373
0.94103676 5.7473854e-15 0.88643336 0.21073332 0.29406834 0.12922555 0.8976761 0.91334414 0.3813681 0.044803865 0.018121142 0.6800749 0.8250492 0.2030947 0.39986804 0.004874331 0.0001081859 0.053341504 0.2320082 0.00021902873 0.016471785 0.19625412 0.16139476 0.0004487413 0.05248861 5.60136e-05 3.6242887e-05 8.006208e-06 0.28981394 0.04293582 0.05621754 1.3220193e-06 2.1864793e-05 0.1959293 0.060242858 2.7322014e-06 3.1533725e-06 0.0006869114 0.0007009557 0.005925535 0.025589362 0.09516196 9.843179e-07 0.039343037 0.040069725 0.0018952619 0.0012659944 1.2573131e-08 0.18472557 0.048128363 3.9994214e-07 0.013318444 0.053383283 0.037752796 2.5110458e-07 0.0008994713 0.0001313266 0.033489134 0.011067617 4.2668245e-05 3.617558e-07 6.523085e-07 0.059303306 0.00010954816 0.00053963 9.3851384e-05 0.004707682 1.4855806e-05 0.008014421 2.2484166e-06 1.6153182e-08 0.0009491803 0.0040926374 0.00028378016 0.003923323 5.3178923e-05 7.122046e-07 0.0019282618 3.5074787e-05 2.1201515e-06 1.0202362e-05 1.490416e-08 0.0036893783 7.88483e-09 0.006702452 3.343532e-07 0.0004711217 2.906001e-08 0.00037427555 0.00030422877 2.3612873e-08 0.003384731 2.60433e-07 9.758312e-05 0.00027113841 0.006926972 6.015348e-06 1.267106e-07 0.00018809798 4.792383e-08 4.6239103e-07
0.92082775 0.88643336 1.09363964e-16 0.5958482 0.9437111 0.5410277 0.11477248 0.4166851 0.4647569 0.50293833 0.36034453 0.16475372 0.87660617 0.004772007 0.027290247 0.11980329 0.011830817 0.11792586 0.12612803 0.0019206335 0.0781277 0.11294242 0.0015830855 0.0031434705 0.8631938 0.00020914082 0.00016609186 5.5279303e-05 0.042720303 0.099241264 0.08528087 1.313839e-05 0.00011173074 0.29687506 0.19407713 2.2439e-05 1.6503627e-05 0.0023008739 0.0026599164 0.00095272536 0.011165987 0.2331529 7.853428e-06 0.13923189 0.0054435856 0.0056108767 0.0033225992 3.9733112e-07 0.19096945 0.16679159 1.2251745e-05 0.03197528 0.06085285 0.000814643 1.5921264e-06 0.0004959765 9.095351e-06 0.016091691 0.0066848164 5.9253172e-05 6.8748027e-06 1.0501023e-05 0.09423022 4.4879776e-05 0.0019613847 0.000367439 0.007187376 5.0178387e-05 0.010888666 7.724894e-07 2.4892128e-07 0.0011128528 0.0047996063 0.0012858856 0.00047853278 0.00029604754 3.6002275e-06 0.0016267607 0.00018764325 3.2385895e-05 1.3225383e-05 5.589001e-07 0.0026614708 6.974033e-08 0.0063112825 6.0501e-07 0.00030256013 1.410494e-07 0.0004539666 0.0001482711 1.1249226e-07 0.003972012 7.956204e-07 0.00043509988 0.0001696262 0.0049042306 1.4403644e-05 2.2779129e-07 3.5603938e-05 3.6040078e-07 5.4811466e-07
0.87125087 0.21073332 0.5958482 4.208866e-18 0.88146335 0.9534935 0.007083349 0.23633699 0.94703615 0.34488112 0.41641495 0.00089762296 0.013803756 8.936286e-05 0.0022995195 0.45351636 0.12348893 0.53989846 0.106348656 0.08437712 0.5069613 0.10944515 7.4401825e-05 0.14850354 0.058904238 0.0027099252 0.0018014278 0.00042174428 0.0105154 0.34313744 0.32417828 0.00017084462 0.00029497975 0.0038624902 0.015661983 0.00014119498 7.5355485e-05 0.059837412 0.0592933 2.656228e-05 0.00060803926 0.0039865375 3.4116827e-05 0.035985824 0.00018930408 0.119164266 0.003374094 4.1206349e-07 0.01132828 0.01129137 2.8174177e-06 0.0088611515 0.39968517 4.7012523e-05 8.510325e-06 2.0299729e-05 6.656357e-08 0.0011352802 0.00024557885 7.7271045e-07 1.1130899e-05 6.862111e-05 0.0021190369 9.673607e-08 0.00034555624 0.005693868 0.0017195656 1.9822208e-05 0.0620665 1.861434e-08 1.1089725e-07 0.00064578827 0.019483235 0.0061833826 6.4886444e-05 0.006109671 9.908429e-07 0.0020161993 0.0005370047 4.8121386e-05 1.15111945e-07 1.2076704e-07 1.5445428e-05 7.410914e-09 9.884881e-05 3.1377045e-08 1.8890578e-05 1.9197092e-08 0.00047796193 8.337473e-05 6.140044e-09 0.019149944 3.7572445e-07 0.00013336352 4.773597e-07 0.000112113936 6.352253e-05 4.3313105e-07 1.2370946e-06 7.3791773e-09 1.6302742e-08
0.88117343 0.29406834 0.9437111 0.88146335 1.9115636e-17 0.9159107 0.0056014885 0.16373469 0.57485497 0.52622795 0.82551 0.0032058274 0.10583198 0.0003072811 0.004295435 0.39418763 0.10029866 0.4268431 0.09645717 0.03570768 0.3781744 0.08090304 0.0002978941 0.065217115 0.4191684 0.0014210967 0.00064928416 0.000385606 0.019009463 0.31301484 0.27780482 0.00029686064 0.0003811828 0.014001892 0.050154034 0.0003557741 7.410533e-05 0.046295796 0.04808237 0.00020700511 0.0015300239 0.0192508 5.3539712e-05 0.12913075 0.00037934474 0.103433415 0.0052965973 7.719824e-06 0.024095891 0.038801264 4.359453e-05 0.022349596 0.27414653 0.00014020271 1.590919e-05 9.177459e-05 1.31937995e-05 0.001459835 0.00052427134 1.4356538e-05 0.00020953594 4.5855777e-05 0.009670284 1.8052482e-06 0.0012129456 0.0016718068 0.0044900244 4.794219e-05 0.02554177 1.8909863e-07 2.0598343e-06 0.0012618648 0.009377472 0.002593648 7.5259326e-05 0.0017526234 8.031953e-07 0.0019086007 0.000405033 6.80056e-05 1.9228096e-06 4.572285e-07 0.00013502773 1.04493346e-07 0.00032944733 2.5434065e-07 0.00015982376 3.1500512e-08 0.00055796234 0.00021909559 1.8334973e-07 0.010161464 3.565295e-06 0.00026866535 1.9315783e-06 0.0005344575 6.479233e-05 8.2585274e-07 2.3320454e-05 3.694284e-07 1.2231682e-08
0.9060625 0.12922555 0.5410277 0.9534935 0.9159107 2.3964502e-16 0.0020580036 0.12824729 0.6671658 0.540192 0.7876492 0.0005269137 0.015907152 0.00012377837 0.0038386432 0.6583409 0.21711421 0.5994696 0.15160431 0.144597 0.540719 0.102718525 0.00021287156 0.25138816 0.14121772 0.011385998 0.004578565 0.0013187448 0.014732272 0.4800488 0.36541268 0.00095057354 0.00071113097 0.0066317488 0.03187337 0.001378179 0.00029056883 0.15891175 0.14873719 9.0524e-05 0.0013674604 0.008542969 0.000115356095 0.088072225 0.0004759685 0.29989335 0.014830498 1.0504989e-05 0.023755042 0.039500877 8.100926e-05 0.024034634 0.48924896 9.10367e-05 6.2349165e-05 5.3795626e-05 1.6150657e-06 0.0010820788 0.00036499358 4.629022e-06 0.0005942691 0.00040467814 0.0040878747 2.7153317e-07 0.0015271746 0.007117264 0.005244499 0.00036110354 0.0749854 8.949628e-08 1.3557592e-05 0.002007796 0.020871496 0.008632122 4.7579804e-05 0.009933218 7.204529e-07 0.0037534558 0.00038439437 0.00016622274 2.635268e-07 1.0905209e-06 3.5579393e-05 3.2093345e-07 0.00018999878 4.8633717e-07 3.2652104e-05 8.163367e-08 0.00043311375 6.3273554e-05 1.7142571e-07 0.027185477 1.1009297e-06 0.00047812378 3.4632578e-07 0.000369442 0.00010609967 2.4333726e-06 3.868039e-06 1.431365e-07 1.9543563e-08
0.91960883 0.8976761 0.11477248 0.007083349 0.0056014885 0.0020580036 6.2250726e-18 0.8731844 0.04648463 0.0001909253 0.0005973015 0.58577013 0.28363514 0.39786488 0.97783417 0.0002915617 2.000593e-05 0.0003978852 0.13052924 1.909724e-05 7.710917e-05 0.11128694 0.5090247 4.8713937e-05 0.0035111266 4.0464784e-06 1.8674637e-06 3.1228112e-06 0.64799744 0.0013889815 0.0038011626 2.165396e-07 8.5409765e-06 0.14931558 0.012355636 3.1527517e-07 2.5141392e-07 4.2445186e-05 6.5687374e-05 0.07138119 0.082544506 0.03356742 1.661835e-07 0.0023904357 0.08121317 0.000585549 0.00051317236 8.692922e-09 0.047163032 0.0072312956 9.835015e-07 0.0013772928 0.04148989 0.37970537 1.519824e-07 0.003157854 0.002888473 0.027030477 0.054578282 0.00028879466 9.310793e-08 9.0821544e-07 0.019174911 0.0006309191 6.401604e-05 9.655216e-05 0.0011123611 1.8187795e-07 0.0026718949 6.497177e-05 2.2105507e-07 0.00022397046 0.0009837385 5.4027347e-05 0.022650152 7.365483e-05 2.1984393e-07 0.00032815605 2.9549314e-05 4.417103e-06 0.00017802851 4.903524e-08 0.019078603 5.757192e-08 0.021549903 4.6023442e-07 0.012676973 5.222005e-08 0.00037534756 0.00081913895 1.6024246e-07 0.001085881 2.9855235e-07 1.6598695e-05 0.0015954492 0.0033565594 5.6321355e-06 1.7671442e-07 0.016318722 3.2867453e-07 4.3311766e-06
0.8612958 0.91334414 0.4166851 0.23633699 0.16373469 0.12824729 0.8731844 3.2695438e-15 0.82007223 0.005187387 0.0078164125 0.08876778 0.13772613 0.015300311 0.82990116 0.005878116 0.0003842782 0.1659858 0.81521213 0.00043636796 0.060980603 0.8160754 0.009250247 0.0006976116 0.0060945326 7.4144205e-05 4.3371347e-05 1.847041e-05 0.9306607 0.31724134 0.52105755 5.8770447e-06 5.600698e-05 0.040318154 0.008399137 2.2025522e-05 9.1406555e-06 0.003500161 0.002965053 0.00076901313 0.0032556523 0.01310546 7.3751366e-06 0.0024830783 0.0030006648 0.061663628 0.00037699583 9.089316e-08 0.016676778 0.0025787447 1.2113449e-06 0.0012842787 0.5905595 0.19240667 7.3746116e-07 0.00041396182 2.3441107e-05 0.0031775204 0.0009253644 1.2951435e-05 1.3686155e-06 6.840778e-05 0.0040367735 4.2081396e-05 3.9283583e-05 0.0017310065 0.00070485607 7.236786e-06 0.08455119 4.3772234e-06 1.6449209e-07 0.00032938042 0.037109442 0.0043083625 0.041761927 0.0029126047 1.7011105e-06 0.0005048501 0.00020819537 5.1312807e-05 4.0038235e-06 1.9137438e-07 0.0004297197 2.2818743e-07 0.000729043 1.9492498e-07 0.0027391426 1.0828018e-07 0.005457326 0.0055243704 1.9588971e-07 0.11271696 3.1290865e-06 7.185611e-05 0.00010011994 0.00075759843 3.599567e-05 8.062381e-07 0.0005033075 2.342734e-07 7.136814e-07
0.80549556 0.3813681 0.4647569 0.94703615 0.57485497 0.6671658 0.04648463 0.82007223 1.185799e-17 0.083244964 0.10103077 0.00076855894 0.011341214 6.693243e-05 0.033837937 0.22154148 0.011521706 0.89839536 0.72550315 0.009962324 0.793742 0.64834857 8.065866e-05 0.04304422 0.013025167 0.00064706925 0.00026962918 9.426824e-05 0.19708854 0.7321886 0.7848238 1.3362876e-05 0.000108702174 0.0033623741 0.005791396 4.1500007e-05 2.7795119e-05 0.079399385 0.0642592 2.2879147e-05 0.00065591256 0.003111619 6.4461633e-06 0.0075202007 6.5111395e-05 0.18568952 0.0014316081 3.3475057e-08 0.007176684 0.002529907 2.235801e-06 0.0014240535 0.57177556 0.00041307966 2.5796323e-06 9.290455e-06 2.0896277e-08 0.0004645133 0.000117740485 5.227738e-07 1.682758e-06 0.00025384527 0.0011064527 2.5739422e-07 6.4518434e-05 0.0048151505 0.00062162714 1.3182443e-05 0.11035228 4.5996742e-08 2.2609868e-08 0.00024695112 0.050785117 0.012578667 0.0003197879 0.0067184377 1.8999569e-06 0.0002623714 0.00024445515 3.0475827e-05 2.963369e-07 1.3324711e-07 1.4957964e-05 6.0207683e-09 3.6397196e-05 4.5152126e-07 1.6696653e-05 1.6203758e-08 0.0017181911 0.0004827132 2.5808037e-08 0.0960625 1.4971157e-06 9.862207e-05 2.5387333e-06 0.00011366409 3.6899535e-05 9.4463466e-08 6.8711515e-06 9.214718e-08 2.9788794e-07
0.8894018 0.044803865 0.50293833 0.34488112 0.52622795 0.540192 0.0001909253 0.005187387 0.083244964 1.4241438e-19 0.9874282 0.0005631769 0.032048658 1.2550268e-05 0.00034003626 0.33876377 0.13343637 0.09205654 0.0076698363 0.03916635 0.116428345 0.0043359483 1.15912935e-05 0.053114064 0.8677861 0.0071433554 0.0030910322 0.0013910925 0.00045779158 0.076876454 0.020781182 0.00026477012 0.00024825643 0.006943676 0.06829595 0.00025980678 4.6509416e-05 0.013390566 0.01368959 1.9390467e-05 0.00034443664 0.017231 1.5614341e-05 0.4626358 5.3763517e-05 0.015955504 0.044990696 2.3814737e-06 0.02696832 0.093484394 8.9948546e-05 0.07625255 0.039348718 3.5093723e-05 4.957275e-05 1.2978935e-05 1.1657581e-06 0.0009982138 0.00022259358 4.638547e-07 0.00022612415 3.279059e-05 0.0069413884 2.1840972e-07 0.005034777 0.0006438542 0.014751407 0.0017966521 0.0032204795 8.650431e-09 1.5474607e-05 0.001568231 0.0011197774 0.0005551432 2.0329719e-05 0.00034558706 1.2302659e-06 0.004746755 6.956719e-05 3.2183852e-05 1.7460333e-07 3.924892e-06 5.0307513e-05 4.328003e-07 6.56426e-05 6.764785e-06 2.9056258e-05 7.341848e-07 3.342901e-05 1.1916205e-05 6.957257e-07 0.0009776453 6.6004367e-07 0.002414821 2.9911505e-06 0.00053914933 4.5368895e-05 8.1404994e-07 2.124647e-06 1.2499772e-06 8.505134e-09
0.8589736 0.018121142 0.36034453 0.41641495 0.82551 0.7876492 0.0005973015 0.0078164125 0.10103077 0.9874282 3.3204833e-17 0.00039064285 0.012012136 3.0704367e-05 0.0007676773 0.6328952 0.59050363 0.13268243 0.00826175 0.12613745 0.16060264 0.006840191 0.00010268205 0.08773424 0.51132375 0.039104797 0.017769367 0.026963362 0.0007911016 0.08418521 0.037968967 0.0022440192 0.0019218966 0.005428846 0.03392947 0.0018949925 0.0004420944 0.043170366 0.035383325 4.531441e-05 0.0005825129 0.012899639 0.00036264688 0.2910335 0.00014489706 0.037554946 0.13185358 3.90205e-05 0.018033693 0.05881656 0.0002931887 0.06559449 0.04874102 8.346373e-06 0.00039409497 1.0395711e-05 1.0624932e-06 0.0012460615 0.00036609845 4.2489495e-07 0.002088579 0.00021151008 0.0060668336 8.656691e-08 0.01280012 0.0026683696 0.025003904 0.0063933167 0.003733197 2.356145e-08 4.735586e-05 0.008486938 0.0016868523 0.0008462743 9.476186e-06 0.0013324402 2.0438415e-06 0.011680256 0.00030749833 0.00011429837 7.3881483e-07 8.317655e-06 0.00011307993 1.1733101e-06 0.00016691488 8.01698e-06 4.7567013e-05 1.0392802e-06 7.6690856e-05 2.3170925e-05 1.2796756e-06 0.0012938454 1.7301235e-06 0.0050618574 3.8491726e-06 0.00035173804 6.3700034e-05 7.310122e-07 9.4805114e-07 6.6177477e-06 2.4484148e-08
0.6341618 0.6800749 0.16475372 0.00089762296 0.0032058274 0.0005269137 0.58577013 0.08876778 0.00076855894 0.0005631769 0.00039064285 1.0277356e-17 0.8908175 0.9924002 0.19066085 0.00016589303 2.629903e-05 0.00018943626 0.0026664122 2.2254466e-05 2.7426637e-05 0.0022404734 0.49398473 4.3283413e-05 0.034740936 3.056679e-05 1.1393264e-05 1.2138838e-05 0.042574782 0.00025199284 0.00032163467 3.7635657e-06 8.4103376e-05 0.53025454 0.04232746 8.807538e-07 2.399726e-06 5.437042e-06 1.1498577e-05 0.17999516 0.41599333 0.13146614 4.5419565e-06 0.007290413 0.1873262 2.3102857e-05 0.003736832 4.364039e-06 0.06384327 0.014343017 9.799443e-06 0.005847666 0.0007250516 0.07786504 1.9533735e-07 0.003144904 0.0023518475 0.16351049 0.07986512 0.00018801351 2.5677246e-05 5.896256e-06 0.08111245 0.00021604984 0.0011526775 0.00013793024 0.003793458 2.2938924e-05 0.00012169401 2.4561456e-05 4.9117616e-06 0.0012572694 0.0003332764 1.8527517e-05 0.0015974307 0.00022096605 3.1222248e-06 0.0009037947 7.084079e-05 6.1454346e-05 0.00034201346 1.7053403e-06 0.03500015 2.0032064e-07 0.051527373 7.3567634e-07 0.0009592009 2.9149956e-07 2.2506681e-05 6.855708e-05 7.729979e-07 0.00041985832 1.5099201e-06 6.2203246e-05 0.01100416 0.022846684 1.3952118e-05 1.1968916e-07 0.001131071 1.0675442e-06 2.4744699e-05
0.89597225 0.8250492 0.87660617 0.013803756 0.10583198 0.015907152 0.28363514 0.13772613 0.011341214 0.032048658 0.012012136 0.8908175 1.5292341e-14 0.195454 0.045349974 0.0022215324 0.00015318414 0.0014100086 0.011721013 0.00014271526 0.00058422505 0.01014243 0.15058887 0.00017936902 0.22615366 3.8972186e-05 1.634547e-05 1.3212422e-05 0.017541058 0.0008704974 0.0013611119 2.7998544e-06 2.1556647e-05 0.954406 0.17943385 3.2478729e-06 1.5935451e-06 2.0802301e-05 4.5564924e-05 0.044965014 0.25816053 0.42731214 1.7251888e-06 0.080406144 0.14914359 0.00014373379 0.011260019 2.8334082e-07 0.33039033 0.15645494 6.1243863e-06 0.04393994 0.000793761 0.0048059174 3.4231542e-07 0.00701649 0.0026387097 0.099735625 0.042208046 0.0009346517 4.4250205e-06 3.534317e-07 0.15569809 0.00052704505 0.006954544 3.8058435e-05 0.023374302 0.00013345284 0.00012429981 9.6788035e-06 7.75676e-08 0.002842082 0.00028493267 1.8203918e-05 0.0002178675 1.2681205e-05 4.5175213e-07 0.0034576561 2.6553289e-05 1.0706335e-06 0.00010481098 5.137075e-08 0.025225973 2.1473822e-08 0.056738663 1.6827974e-07 0.00014213243 3.5479452e-08 0.00011311757 6.907719e-05 2.435454e-07 0.0012443515 6.1919326e-07 0.00028050985 0.0026176611 0.034074064 3.1275115e-06 1.893054e-07 0.00012548934 5.683695e-07 3.9416523e-06
0.2529015 0.2030947 0.004772007 8.936286e-05 0.0003072811 0.00012377837 0.39786488 0.015300311 6.693243e-05 1.2550268e-05 3.0704367e-05 0.9924002 0.195454 1.5680709e-19 0.10662343 2.1239026e-05 2.3544044e-06 1.0073091e-05 0.00018594152 1.2066672e-06 9.034952e-07 0.00012119066 0.9864853 2.526206e-06 0.0022433824 1.3295308e-06 1.826459e-07 9.680432e-07 0.014460418 1.0682687e-05 1.3663249e-05 8.903606e-08 1.7916113e-06 0.08249378 0.007115567 8.2195044e-08 2.1226882e-08 1.21472e-07 3.353089e-07 0.21182102 0.22881879 0.01489546 3.0000724e-08 0.0010269934 0.07976933 4.5601834e-07 6.514487e-05 2.6279483e-08 0.011437361 0.002816134 1.6216072e-07 0.0006594007 7.751775e-06 0.062239613 1.1027663e-08 0.009757038 0.013563477 0.036442637 0.07651736 0.0015904331 3.5569094e-06 1.2531041e-08 0.013717334 0.0012137619 2.6609388e-05 7.582926e-07 0.0004622731 3.4130345e-08 2.9046353e-06 0.00021493842 2.0480812e-08 3.1310854e-05 3.9299825e-06 1.0973264e-07 0.0003475028 1.3979162e-06 8.044701e-09 9.498132e-05 8.2655215e-06 5.2775147e-07 0.0006426381 8.434151e-09 0.0287406 4.7560267e-10 0.027981987 5.676295e-09 0.00049597526 3.696326e-10 1.7715087e-06 7.15077e-06 1.3785356e-08 1.0145621e-05 5.963179e-09 7.2434045e-07 0.0056306487 0.009509762 2.1421144e-07 9.261049e-10 0.0016477002 5.181571e-09 2.4380663e-05
0.5810119 0.39986804 0.027290247 0.0022995195 0.004295435 0.0038386432 0.97783417 0.82990116 0.033837937 0.00034003626 0.0007676773 0.19066085 0.045349974 0.10662343 4.1569966e-16 0.00050195644 2.8486735e-05 0.001035383 0.12868814 9.158422e-06 0.00019011804 0.16604859 0.1829138 2.8809252e-05 0.00094026356 6.635012e-06 2.2916674e-06 2.5082757e-06 0.9800633 0.0023362585 0.00927756 1.5768713e-07 6.3661073e-06 0.027300576 0.0029956156 6.513344e-07 8.527991e-07 7.42529e-05 6.8148554e-05 0.030393582 0.018860722 0.0030854468 9.676039e-07 0.0003272201 0.020288438 0.0009995389 3.090304e-05 2.3685855e-08 0.0075508403 0.0016783958 4.6533677e-07 0.00044306857 0.085623056 0.6975786 5.514303e-07 0.0045208945 0.0068557374 0.0041870736 0.011525262 0.00061336363 3.8544715e-07 8.8536495e-08 0.0036024398 0.0012341293 1.0112989e-05 2.7794958e-05 0.00022227135 3.4112236e-07 0.007471059 0.0002861704 1.18788755e-07 0.00014617672 0.0033140627 9.398189e-05 0.15619549 5.4588145e-05 1.1841697e-07 0.0003074338 2.1649459e-05 2.2363447e-06 0.000384559 5.8595557e-08 0.0033703265 1.9390844e-08 0.0038240368 8.937606e-07 0.07857437 2.180558e-08 0.0018385273 0.007057548 2.8589568e-08 0.0048667896 1.2205237e-07 1.9341358e-05 0.00094375556 0.0026155387 5.8482397e-06 8.8130626e-08 0.12750044 3.349377e-08 4.525652e-06
0.9014057 0.004874331 0.11980329 0.45351636 0.39418763 0.6583409 0.0002915617 0.005878116 0.22154148 0.33876377 0.6328952 0.00016589303 0.0022215324 2.1239026e-05 0.00050195644 2.2285712e-16 0.95920026 0.33232695 0.014704661 0.8270044 0.34957322 0.008805809 3.0448924e-05 0.7197251 0.091016196 0.5600432 0.44501513 0.33523014 0.0013484629 0.1824212 0.08878266 0.09581674 0.043924626 0.0028020386 0.027588952 0.090707414 0.00607999 0.26610833 0.2431537 1.6506412e-05 0.0001910253 0.003706634 0.0005133699 0.24308135 0.00013933524 0.3455332 0.123231225 7.506951e-05 0.014409857 0.035250675 0.0005679396 0.039449386 0.20902838 1.3363399e-05 0.00043429068 4.028962e-06 5.2488666e-08 0.0008506713 0.00011588812 2.856775e-07 0.00043404056 0.015718125 0.0018187566 1.7446975e-08 0.0048615085 0.014428977 0.014283986 0.004816726 0.017267898 1.4106346e-08 1.7900564e-05 0.0061320164 0.002921313 0.00393393 1.5952217e-05 0.010979176 5.9300946e-05 0.023107508 0.0002862479 0.0004330908 3.7373746e-07 4.211883e-06 7.933016e-06 1.0721324e-06 5.7340556e-05 1.01494625e-05 5.664482e-06 6.369669e-07 5.0223007e-05 1.4740372e-06 2.6732442e-07 0.0039595356 9.404541e-06 0.0025282474 5.5655454e-07 0.00035380013 0.0001493169 9.094489e-07 4.0895e-07 6.7606607e-07 7.0595526e-08
0.9032422 0.0001081859 0.011830817 0.12348893 0.10029866 0.21711421 2.000593e-05 0.0003842782 0.011521706 0.13343637 0.59050363 2.629903e-05 0.00015318414 2.3544044e-06 2.8486735e-05 0.95920026 7.707286e-18 0.043449555 0.00083965895 0.8167378 0.07621311 0.00036474268 4.8985607e-06 0.6756029 0.05666196 0.8514443 0.70229584 0.71314216 4.3115826e-05 0.02241779 0.0038105687 0.39768925 0.29709047 0.0003466106 0.021237995 0.23605214 0.072614335 0.16064696 0.09001804 3.5786652e-06 5.0491264e-05 0.0023763997 0.012068158 0.35298297 1.4652194e-05 0.075180694 0.4372262 0.0019390284 0.004377624 0.025496453 0.00436068 0.07508635 0.025198173 5.9824633e-06 0.003960561 5.346591e-06 1.2298642e-07 0.00047591017 1.4125875e-05 3.2810144e-07 0.008773009 0.017385367 0.00042544093 5.8724225e-08 0.048246965 0.0062388307 0.03910491 0.030863827 0.00015835497 1.3169492e-08 0.00017929224 0.024446558 0.0003349997 0.0006893507 2.6735875e-06 0.0006951019 0.00068817794 0.030109389 0.00013077894 0.0003013935 5.4961214e-07 2.8682214e-05 2.0205675e-06 6.2649665e-06 6.4218407e-06 7.987504e-05 1.201316e-05 5.684858e-06 4.46385e-06 3.2393627e-06 6.225099e-06 0.0005398478 9.8578475e-06 0.0059634247 1.3434785e-06 0.00013590066 1.5240189e-05 5.463981e-07 8.1693065e-07 1.6464308e-05 3.7807318e-08
0.5053594 0.053341504 0.11792586 0.53989846 0.4268431 0.5994696 0.0003978852 0.1659858 0.89839536 0.09205654 0.13268243 0.00018943626 0.0014100086 1.0073091e-05 0.001035383 0.33232695 0.043449555 4.0037971e-19 0.25927275 0.061222877 0.9895414 0.14301126 1.0398121e-05 0.3528284 0.006006211 0.001824819 0.0009857656 0.0008625719 0.0129326265 0.7081383 0.54549384 8.958437e-05 0.00016308545 0.00057070074 0.003233143 0.0033051104 3.613576e-05 0.29322347 0.28157502 2.5971783e-06 0.00017729707 0.0007450699 1.4711128e-05 0.005888799 5.8977625e-06 0.36600015 0.0014029861 6.0295626e-08 0.001128771 0.0014849263 4.7736336e-05 0.00071287336 0.44455397 8.876702e-05 2.6296797e-05 2.1014728e-06 1.7619268e-08 9.098705e-05 4.264414e-06 4.511775e-08 3.8929597e-06 0.0009446362 0.00015791792 2.4813996e-08 3.909399e-05 0.0052300915 0.0003197434 5.5268756e-05 0.048681863 1.3609557e-08 4.537703e-07 0.0001643017 0.008910488 0.0043050786 4.5429464e-05 0.006550546 1.910151e-06 7.8391175e-05 0.0005145973 0.00022804161 7.4095325e-08 2.1180244e-07 2.3041741e-06 4.0513704e-08 4.8287225e-06 4.6948185e-07 4.6637356e-06 3.986354e-08 0.0004262729 2.8705941e-05 8.1886306e-08 0.039569113 1.3158483e-06 4.798363e-05 9.267539e-07 1.8991626e-05 6.802506e-05 2.0871203e-06 4.612877e-07 1.6841493e-07 1.8058818e-08
0.15033208 0.2320082 0.12612803 0.106348656 0.09645717 0.15160431 0.13052924 0.81521213 0.72550315 0.0076698363 0.00826175 0.0026664122 0.011721013 0.00018594152 0.12868814 0.014704661 0.00083965895 0.25927275 2.2438394e-17 0.0006432398 0.19615789 0.9937944 0.00018239168 0.004341203 0.0008255828 0.00013890296 3.610841e-05 6.56964e-05 0.618466 0.40794227 0.7821836 7.452883e-06 6.34042e-05 0.0010695619 0.0009571499 5.0495604e-05 6.4254737e-06 0.007238064 0.005451713 6.3864754e-05 0.00012216889 0.0009747332 8.039176e-06 0.00035117124 3.8258622e-05 0.07107064 4.1792875e-05 7.494028e-08 0.00072986115 0.0003853854 5.8258506e-06 0.0001545438 0.56225085 0.0078674285 7.7471495e-06 4.9877715e-05 1.2424066e-06 6.6884255e-05 5.3704123e-05 5.762911e-06 1.064405e-06 5.225146e-05 0.00036550543 7.395501e-07 9.027511e-07 0.0008205158 8.166152e-05 1.2496369e-05 0.080466785 2.7871243e-07 5.362014e-07 2.1243462e-05 0.027851034 0.0035936232 0.0046850373 0.0032026921 4.001092e-07 1.9030951e-05 0.00053695875 7.570066e-05 2.057385e-07 1.2261471e-07 1.1416365e-05 8.7578805e-08 1.7874925e-05 5.1108856e-07 0.00010185228 1.1457424e-08 0.0018511992 0.0007483163 8.15906e-07 0.07653038 9.688413e-07 4.65829e-06 3.6096549e-06 6.5707485e-05 4.8249913e-05 8.9386293e-07 1.572368e-05 6.7581203e-07 4.4488807e-08
0.81735075 0.00021902873 0.0019206335 0.08437712 0.03570768 0.144597 1.909724e-05 0.00043636796 0.009962324 0.03916635 0.12613745 2.2254466e-05 0.00014271526 1.2066672e-06 9.158422e-06 0.8270044 0.8167378 0.061222877 0.0006432398 9.570966e-18 0.093720205 0.00014910886 7.5445513e-07 0.95421416 0.006525976 0.8132158 0.8658477 0.67997396 7.069117e-05 0.029186256 0.005202828 0.5887692 0.26080078 7.700217e-05 0.0038149813 0.5363296 0.05018692 0.2693101 0.16532227 7.1626835e-07 1.5323083e-05 0.00029235778 0.0030443931 0.037778094 2.387311e-06 0.27195945 0.06885457 0.0005771106 0.0005934742 0.0036347804 0.002021951 0.0092242025 0.17295404 5.4678194e-06 0.00075150596 7.9842135e-07 3.3282213e-08 5.567547e-05 1.4531953e-06 1.5691217e-07 0.0011463716 0.063411884 0.00017498649 2.3276515e-08 0.002389085 0.04667242 0.0034715564 0.0037041644 0.0048026275 1.2438481e-08 2.3675957e-05 0.0018255484 0.0018743527 0.003274405 1.4883075e-05 0.013845538 0.00050518627 0.005851596 0.0016289335 0.0021161682 9.078851e-08 3.9542047e-06 4.0067624e-07 5.172966e-07 4.2374672e-06 3.4687303e-06 4.1402777e-06 4.3865478e-07 1.9151023e-05 3.3960764e-06 2.0369075e-07 0.0012794909 0.00011758182 0.0009256438 1.3319858e-07 8.0551275e-05 0.00010933451 1.1447682e-06 7.213098e-08 5.456789e-07 1.0030682e-07
0.39812362 0.016471785 0.0781277 0.5069613 0.3781744 0.540719 7.710917e-05 0.060980603 0.793742 0.116428345 0.16060264 2.7426637e-05 0.00058422505 9.034952e-07 0.00019011804 0.34957322 0.07621311 0.9895414 0.19615789 0.093720205 5.500689e-20 0.09579201 9.060173e-07 0.5107158 0.004428394 0.0052254726 0.0034799196 0.0018201151 0.0041171415 0.82044965 0.5946015 0.0002511172 0.0003374459 0.00020951734 0.0024747946 0.012867319 6.7349785e-05 0.5500921 0.48948008 1.7864168e-07 1.4840428e-05 0.0002654039 1.8497962e-05 0.004429822 3.0004016e-06 0.55507225 0.00195851 1.0944189e-07 0.00071012625 0.0014789783 7.340294e-05 0.0007088451 0.37169656 1.8263634e-05 4.2079188e-05 3.6236628e-07 1.2055393e-09 8.951041e-05 5.2196526e-07 6.475625e-09 1.1172802e-05 0.0038449448 4.085945e-05 3.987554e-09 4.7827838e-05 0.012622415 0.0005524022 9.07002e-05 0.03446427 1.5513066e-09 3.1381882e-07 0.0002557335 0.008509703 0.004760253 1.3470791e-05 0.00865193 2.5362287e-06 0.00024313616 0.0013492219 0.0006286501 1.8410711e-08 1.424037e-07 7.4403596e-07 1.2085628e-08 5.3307617e-06 5.9773623e-07 2.3547097e-06 4.8035478e-08 0.0002177057 8.388313e-06 7.519041e-08 0.030476315 1.4368884e-06 0.00010098788 8.213005e-07 3.7823316e-05 0.00017254078 1.9319264e-06 1.11076545e-07 1.220022e-07 6.9464963e-09
0.11578609 0.19625412 0.11294242 0.10944515 0.08090304 0.102718525 0.11128694 0.8160754 0.64834857 0.0043359483 0.006840191 0.0022404734 0.01014243 0.00012119066 0.16604859 0.008805809 0.00036474268 0.14301126 0.9937944 0.00014910886 0.09579201 3.2938373e-18 7.489717e-05 0.00065744534 0.0012968084 4.7735335e-05 1.652982e-05 2.3969847e-05 0.81267285 0.36274672 0.7886724 1.1405173e-06 1.0859207e-05 0.0014281287 0.0009627995 1.9545726e-06 1.2479392e-06 0.0009176498 0.0012545543 4.6486002e-05 0.00031109338 0.00083735393 8.1070925e-07 0.00017057404 2.6352705e-05 0.021466644 8.160676e-06 1.4240378e-08 0.0011394933 0.00048316427 6.398095e-07 9.868981e-05 0.4422275 0.012449154 2.4365923e-07 1.5662887e-05 2.8041154e-07 0.00019658638 2.8846998e-05 4.437056e-06 9.203196e-08 4.97185e-06 0.0013741681 4.729773e-07 1.2241952e-06 0.00061855675 0.00011586536 6.1563566e-07 0.059800696 1.2763282e-07 3.658196e-08 1.5258091e-05 0.022075396 0.0023251858 0.0071080932 0.0009925743 8.27538e-08 5.5176068e-05 0.00013389392 1.0932506e-05 6.620964e-07 5.49243e-08 7.3213446e-06 2.636849e-09 2.0390667e-05 1.8798096e-07 0.000102831014 5.5666542e-09 0.0018439573 0.0011408123 2.4843215e-08 0.07110131 1.6514583e-07 5.3025706e-06 8.1668495e-06 0.000111570494 4.0274595e-06 3.2700292e-08 2.0499643e-05 7.2916535e-08 5.321446e-08
0.36140496 0.16139476 0.0015830855 7.4401825e-05 0.0002978941 0.00021287156 0.5090247 0.009250247 8.065866e-05 1.15912935e-05 0.00010268205 0.49398473 0.15058887 0.9864853 0.1829138 3.0448924e-05 4.8985607e-06 1.0398121e-05 0.00018239168 7.5445513e-07 9.060173e-07 7.489717e-05 1.4384831e-17 8.307535e-07 0.0011994079 4.6254477e-06 3.461666e-07 7.385609e-06 0.018758744 6.1326796e-06 6.670013e-06 8.657467e-08 9.3935605e-06 0.09442021 0.0044943835 1.4798609e-07 2.190011e-08 4.4048082e-07 1.0141813e-06 0.9131484 0.84927857 0.018958919 1.8904048e-08 0.0006159702 0.21334511 2.9081527e-06 8.7803906e-05 7.3439206e-09 0.008858267 0.0032571102 3.143472e-07 0.0005081429 9.969352e-06 0.26708046 2.1517599e-09 0.2260272 0.47733793 0.06602139 0.70348823 0.04189392 5.9021204e-07 2.4962247e-08 0.011944327 0.019617757 3.264899e-07 6.176704e-07 0.00047039706 5.1522333e-09 3.1395186e-06 0.005416556 4.1793133e-08 6.0921197e-06 2.8859145e-06 3.3302234e-07 0.0005221836 4.3158093e-06 1.6088364e-08 3.6249352e-05 2.8746115e-06 4.1766418e-07 0.029149901 4.96159e-08 0.4739307 3.2697142e-10 0.30910355 4.9676125e-08 0.0009353027 9.594218e-10 1.5182054e-06 6.870234e-06 5.5960925e-08 2.1598915e-05 7.2739668e-09 1.0333823e-07 0.05545379 0.023097934 4.0070812e-08 2.9466027e-10 0.1428409 9.770137e-09 0.0034600543
0.8401371 0.0004487413 0.0031434705 0.14850354 0.065217115 0.25138816 4.8713937e-05 0.0006976116 0.04304422 0.053114064 0.08773424 4.3283413e-05 0.00017936902 2.526206e-06 2.8809252e-05 0.7197251 0.6756029 0.3528284 0.004341203 0.95421416 0.5107158 0.00065744534 8.307535e-07 8.067651e-18 0.0038485345 0.6131309 0.6924095 0.48430178 0.00017577394 0.16339256 0.03904303 0.450231 0.22311749 6.0753093e-05 0.0012777412 0.8264572 0.042550113 0.6327295 0.51812446 2.0279651e-06 3.0644194e-05 0.00020907621 0.0017001415 0.015245357 3.8889075e-06 0.44925302 0.036097478 0.00011640618 0.0005294483 0.001594671 0.00090890966 0.0026164616 0.2431332 3.7848575e-05 0.00036216507 7.6325017e-07 8.9343075e-09 0.00013339912 1.2739879e-06 4.638757e-08 0.001551574 0.12828873 0.00016655566 3.1251915e-08 0.00039702322 0.11144119 0.0026384695 0.0012252787 0.026091166 2.7126667e-08 1.017076e-05 0.00083404797 0.0060797147 0.01009773 4.488427e-05 0.030606324 0.00059543917 0.0050535374 0.006144465 0.0048845336 4.7310426e-08 4.8985607e-06 4.72207e-07 5.323266e-07 4.2450515e-06 7.662268e-06 1.5101397e-05 2.6843983e-07 7.67521e-05 7.948092e-06 1.5442069e-07 0.006500335 0.0003765571 0.00077724067 3.594202e-07 5.211699e-05 0.0010329168 1.9989662e-05 3.1752344e-07 2.907214e-07 2.5521757e-07
0.8854224 0.05248861 0.8631938 0.058904238 0.4191684 0.14121772 0.0035111266 0.0060945326 0.013025167 0.8677861 0.51132375 0.034740936 0.22615366 0.0022433824 0.00094026356 0.091016196 0.05666196 0.006006211 0.0008255828 0.006525976 0.004428394 0.0012968084 0.0011994079 0.0038485345 2.9249444e-17 0.0041719726 0.0015908668 0.0020777755 0.00025728514 0.0014562857 0.001210849 0.00059285987 0.00072739704 0.12123746 0.9674958 0.000109355984 0.0001416953 0.0007860423 0.00086579885 0.00030867915 0.006123823 0.16280685 0.00018202157 0.78832173 0.0034188956 0.00031182554 0.38617197 1.3701702e-05 0.13678725 0.42422903 0.00029867297 0.24395084 0.0006158597 7.871435e-05 0.0005069285 0.0005411989 0.00016464066 0.013572006 0.0009791089 4.0069004e-05 0.0005861482 1.1664138e-05 0.08947515 1.7890154e-05 0.09918089 6.0922335e-05 0.09974436 0.019961506 0.00013244487 4.9085514e-07 1.0862523e-05 0.02388235 0.00018322904 3.462868e-05 8.096177e-05 4.338289e-05 5.093901e-06 0.023525383 3.739322e-05 3.072089e-05 3.618652e-07 8.674732e-06 0.00024773236 1.0386202e-06 0.001188133 1.7487389e-06 0.00022666826 4.4471167e-06 0.000423734 0.00012609469 6.55653e-06 0.00397639 2.517747e-06 0.013149027 1.1181639e-05 0.0058106864 1.1272466e-05 4.860822e-07 8.051106e-06 5.9912845e-06 1.3079923e-08
0.85405535 5.60136e-05 0.00020914082 0.0027099252 0.0014210967 0.011385998 4.0464784e-06 7.4144205e-05 0.00064706925 0.0071433554 0.039104797 3.056679e-05 3.8972186e-05 1.3295308e-06 6.635012e-06 0.5600432 0.8514443 0.001824819 0.00013890296 0.8132158 0.0052254726 4.7735335e-05 4.6254477e-06 0.6131309 0.0041719726 3.012053e-17 0.9514108 0.9198744 4.3704506e-05 0.0018739193 0.00041209083 0.74696326 0.71704215 6.580168e-05 0.0029672973 0.5546205 0.30547845 0.11463356 0.050589323 3.9749657e-06 3.5066827e-05 0.00022939373 0.08003166 0.05784358 6.369958e-06 0.06573791 0.2560681 0.02795117 0.00043569074 0.003909772 0.033035304 0.012367838 0.010106213 4.8120513e-05 0.01853821 4.431047e-06 7.789124e-08 0.00025652416 1.8510148e-06 5.5003426e-07 0.02123275 0.07335561 0.0001420216 7.029656e-08 0.024125993 0.015371516 0.007907731 0.039554864 6.238015e-05 4.9762992e-08 0.00044914224 0.0088578565 0.00013122318 0.00029823178 1.909906e-05 0.0008054363 0.02005461 0.011942391 0.0002314106 0.00087525387 6.3009804e-07 7.828247e-05 7.223269e-07 3.363992e-05 2.5434126e-06 0.0002003708 1.0282979e-05 1.2448446e-05 2.4221608e-05 5.9458225e-06 6.7396527e-06 0.0007507774 0.00026832175 0.0063814563 8.049844e-07 0.00011425074 4.3344302e-05 1.7517518e-06 6.840908e-07 1.7632725e-05 1.5132133e-07
0.5844166 3.6242887e-05 0.00016609186 0.0018014278 0.00064928416 0.004578565 1.8674637e-06 4.3371347e-05 0.00026962918 0.0030910322 0.017769367 1.1393264e-05 1.634547e-05 1.826459e-07 2.2916674e-06 0.44501513 0.70229584 0.0009857656 3.610841e-05 0.8658477 0.0034799196 1.652982e-05 3.461666e-07 0.6924095 0.0015908668 0.9514108 2.2355531e-16 0.8051669 1.0284626e-05 0.0013297579 0.00021517613 0.8864744 0.7238783 1.091669e-05 0.0007329267 0.70622045 0.36468065 0.113235064 0.06341763 1.6168055e-06 1.0285607e-05 5.9660124e-05 0.051106196 0.02109927 3.60898e-06 0.10575949 0.18899424 0.016529564 0.00016221356 0.002031651 0.017825192 0.0058226516 0.010822219 2.7958351e-05 0.008600818 1.3864675e-06 9.904786e-08 5.7511646e-05 2.6943445e-07 1.5604856e-07 0.013514981 0.11415692 4.451931e-05 1.6429542e-08 0.01136239 0.027662827 0.005103629 0.021816177 4.350216e-05 2.1789823e-08 0.00031286784 0.0036749262 0.00011411712 0.00016879015 4.028691e-05 0.0019317239 0.013078791 0.0068390304 0.00091170415 0.0034249441 2.9152181e-07 4.0657054e-05 3.2129142e-07 1.0871361e-05 1.3983496e-06 4.8626076e-05 3.1886425e-06 3.1653585e-06 1.5302492e-05 5.0021977e-06 2.0516766e-06 0.0003988564 0.0004545389 0.0035236138 1.8630759e-07 7.986003e-05 4.793752e-05 6.363485e-06 1.020027e-07 5.7492753e-06 2.2255131e-08
0.9270447 8.006208e-06 5.5279303e-05 0.00042174428 0.000385606 0.0013187448 3.1228112e-06 1.847041e-05 9.426824e-05 0.0013910925 0.026963362 1.2138838e-05 1.3212422e-05 9.680432e-07 2.5082757e-06 0.33523014 0.71314216 0.0008625719 6.56964e-05 0.67997396 0.0018201151 2.3969847e-05 7.385609e-06 0.48430178 0.0020777755 0.9198744 0.8051669 7.7780616e-16 4.2279003e-06 0.0010699977 0.000117709045 0.75831497 0.9283379 3.8759918e-05 0.0014970959 0.5461948 0.54520106 0.070865594 0.040266886 1.267218e-06 8.587081e-06 5.9828202e-05 0.36707845 0.106401846 4.2753272e-06 0.029134227 0.5647085 0.30094776 0.00028131407 0.003326464 0.31280556 0.016170803 0.0013348128 2.5325332e-06 0.15568702 3.3491212e-06 7.488828e-08 0.00018002058 3.3920642e-07 4.7589697e-07 0.14320497 0.058475886 1.3566569e-05 5.2676913e-08 0.06500794 0.009705956 0.017791955 0.17172755 1.2213924e-05 5.1230046e-08 0.0044594714 0.035926405 9.680221e-05 0.00021459392 2.4616716e-06 0.00010402925 0.03807751 0.03159627 0.0003060093 0.000753344 8.1561734e-07 0.0008164225 4.7747267e-07 0.0005364452 2.2657962e-06 0.0010757515 5.3009676e-06 0.00020598267 3.6212084e-06 2.4612395e-06 0.00010265151 0.0005006589 0.00011483427 0.02638611 8.620204e-06 0.00015062914 2.8961782e-05 1.8503528e-06 7.484554e-07 0.00036708123 9.4591263e-07
0.39478356 0.28981394 0.042720303 0.0105154 0.019009463 0.014732272 0.64799744 0.9306607 0.19708854 0.00045779158 0.0007911016 0.042574782 0.017541058 0.014460418 0.9800633 0.0013484629 4.3115826e-05 0.0129326265 0.618466 7.069117e-05 0.0041171415 0.81267285 0.018758744 0.00017577394 0.00025728514 4.3704506e-05 1.0284626e-05 4.2279003e-06 9.696881e-16 0.04929894 0.10035284 5.826098e-07 1.6649601e-05 0.0016757215 0.0002845449 6.947646e-06 1.0323018e-05 0.00082936784 0.0007962269 0.0028664852 0.0005931161 0.00040029435 1.528273e-05 3.2958953e-05 0.00045404778 0.015289205 8.143275e-06 1.2917931e-07 0.0006330992 0.0001621104 5.7733433e-07 3.3790915e-05 0.62273645 0.840107 7.220469e-06 0.0009142383 0.0008191248 0.00028829358 0.00031993008 0.00020661794 1.0715344e-06 8.034493e-06 0.0006152122 0.000918892 6.841835e-07 0.0017365763 8.867106e-05 1.6210638e-06 0.23898613 2.8144517e-05 5.611106e-07 6.210769e-05 0.13430633 0.015818654 0.6174175 0.0078607155 4.26959e-06 0.00037748527 0.0024092149 9.830186e-05 2.038674e-05 7.138842e-07 0.00031309377 1.0409529e-07 0.00084984215 6.106313e-06 0.17218937 1.0923856e-07 0.04969421 0.19402395 1.449025e-07 0.37187156 2.7228189e-06 0.000114315255 4.854295e-05 0.00083171396 0.0003221427 2.9482137e-06 0.063143425 1.0500787e-06 1.5212177e-05
0.2053324 0.04293582 0.099241264 0.34313744 0.31301484 0.4800488 0.0013889815 0.31724134 0.7321886 0.076876454 0.08418521 0.00025199284 0.0008704974 1.0682687e-05 0.0023362585 0.1824212 0.02241779 0.7081383 0.40794227 0.029186256 0.82044965 0.36274672 6.1326796e-06 0.16339256 0.0014562857 0.0018739193 0.0013297579 0.0010699977 0.04929894 4.1412433e-18 0.9837128 6.6225046e-05 0.00021175186 0.00011351515 0.0011383316 0.0005390188 4.4011722e-05 0.2180129 0.21633536 2.9988307e-06 6.0601717e-05 0.00040081234 2.4997637e-05 0.0005878988 3.4123543e-06 0.67390484 0.0001664023 1.1405613e-07 0.00028380723 0.00053647 7.4641002e-06 0.00020539477 0.7636603 0.0004994464 1.7853508e-05 9.796584e-06 1.0877734e-08 6.319003e-05 3.3778074e-06 2.8207876e-07 1.0700148e-06 0.001069837 0.0001476667 5.0273773e-08 4.26141e-06 0.017676113 0.00019406647 3.471747e-05 0.17095675 4.0963837e-08 5.804973e-07 6.0152423e-05 0.058074128 0.035528757 0.000114950635 0.034138642 1.6620688e-06 3.5367957e-05 0.004031218 0.00066760695 5.9008283e-08 1.4492834e-07 2.1973483e-06 2.3022542e-08 6.2034906e-06 9.011949e-07 1.3197085e-05 2.3069399e-08 0.0009837967 7.3434596e-05 2.3614821e-07 0.15031616 2.0673126e-06 2.1303555e-05 1.7939997e-06 4.8865808e-05 0.00057252205 1.1968488e-06 1.6447791e-06 4.4955337e-07 1.2986709e-07
0.20697601 0.05621754 0.08528087 0.32417828 0.27780482 0.36541268 0.0038011626 0.52105755 0.7848238 0.020781182 0.037968967 0.00032163467 0.0013611119 1.3663249e-05 0.00927756 0.08878266 0.0038105687 0.54549384 0.7821836 0.005202828 0.5946015 0.7886724 6.670013e-06 0.03904303 0.001210849 0.00041209083 0.00021517613 0.000117709045 0.10035284 0.9837128 2.502132e-18 7.290826e-06 3.4962406e-05 0.00013656598 0.00065201276 2.109248e-05 6.1324345e-06 0.04702817 0.074712574 6.987202e-06 0.00010433726 0.00031276816 3.1189245e-06 0.00010894035 1.4419464e-05 0.5081462 2.0564456e-05 4.8855252e-08 0.00043485142 0.00036413968 3.758985e-06 0.00012220058 0.92281055 0.00046737603 4.6117448e-06 3.6727206e-06 1.7646198e-07 3.668144e-05 1.5150993e-05 1.2174693e-06 2.2998657e-07 6.49859e-05 0.0005830403 4.0231814e-07 1.5902116e-06 0.0069376957 0.00020074437 6.583089e-06 0.27369487 3.38727e-07 1.4896452e-07 4.1618507e-05 0.16485098 0.054705355 0.0009677678 0.023108935 1.0704741e-06 5.4986333e-05 0.0049306853 0.00016292286 1.2284406e-06 1.2237382e-07 6.9799153e-06 1.0826153e-08 1.309075e-05 1.1071237e-06 2.8596154e-05 2.1391287e-08 0.0033406636 0.000652479 9.9727266e-08 0.22508723 1.3967529e-06 9.083519e-06 3.5742007e-06 9.455392e-05 0.00028101192 4.1368972e-07 1.499517e-05 2.9987322e-07 6.3122934e-07
