6.8007723e-26 0.91024065 0.9398454 0.61434436 0.546172 0.9671116 0.79308236 0.8020318 0.97714067 0.8945792 0.9097449 0.20823874 0.5765586 0.38949737 0.9749295 0.92031205 0.18366583 0.97357434 0.8983469 0.58468187 0.93427306 0.5925388 0.6879592 0.6639505 0.5576558 0.44968867 0.019681526 0.041059107 0.78671527 0.90636307 0.895645 0.09350215 0.66821706 0.2511317 0.18466096 0.0063954173 0.66228753 0.7662997 0.016693812 0.96524525 0.28668272 0.0018098906 0.27233943 0.2600593 0.680217 0.6796742 0.8291387 0.9708863 0.9924473 0.9920505 0.30424795 0.99199075 0.9585337 1.2745147e-05 0.02682838 0.9987571 0.000490511 0.10360176 0.9303916 0.91891307 0.43846852 0.63333726 0.37999922 3.751906e-05 0.05749501 0.003657431 0.00019113027 0.011718962 0.0038556245 1.6466704e-06 0.14121589 0.022918176 9.841442e-05 1.9757397e-05 0.17448133 0.9682519 0.6818774 0.12745377 0.6471331 0.034037575 0.042512767 2.3881214e-06 8.409899e-08 7.3602756e-08 2.654345e-06 0.22454353 0.999837 0.25495097 0.0005846503 0.02206693 0.98285306 1.4467383e-05 0.00046983373 0.9999432 0.9993713 0.17655426 1.267004e-06 0.99761105 0.20490402 0.99735385 0.17156531
0.91024065 6.46198e-16 0.94043547 0.86098665 0.5313343 0.40227926 0.09616248 0.29920337 0.26712075 0.72153693 0.5812768 0.050207574 0.011771086 0.9276266 0.01907634 0.01789188 0.005596085 0.24008533 0.0007272261 0.00232838 0.0012395742 0.0028025971 0.18067902 0.000916009 0.0022862072 0.00027402834 0.37226114 0.7208568 0.00019677471 0.00068337366 0.00013324605 0.00072459236 3.728052e-05 0.0003686608 0.0013416784 0.045317516 4.6969322e-05 0.0020054134 0.0022059288 0.0132595 0.00039573023 0.07573283 2.2782084e-05 8.330114e-05 1.7930788e-05 0.0001012612 0.006338991 0.0035334209 8.591893e-05 0.110550754 1.1055032e-06 0.022090266 0.0045415414 0.13206847 0.0042889346 0.0362025 0.031714153 0.00014523295 0.0015938357 0.00023960171 1.6828953e-07 2.5480012e-06 1.5521503e-07 0.069922805 4.7889087e-05 3.2256186e-05 0.007281811 1.7946835e-05 0.00026249205 0.0028480187 8.569038e-07 2.958212e-06 4.2720544e-06 0.0001701104 2.4470435e-05 7.683636e-06 1.3724083e-06 4.1894496e-06 2.065799e-06 5.036997e-07 2.2110842e-05 0.0019430111 0.0023816351 0.006063479 0.0002133286 7.290652e-08 0.0055536428 3.4239495e-08 4.6218756e-06 4.4438775e-06 0.0030064108 1.4805405e-06 3.5541257e-06 0.025498101 4.9944583e-07 1.7586993e-07 2.7284298e-07 2.8301756e-07 8.4705256e-08 0.0010597033 7.846608e-06
0.9398454 0.94043547 4.32144e-15 0.7232821 0.4486813 0.73257947 0.07584504 0.47565934 0.71963024 0.7860279 0.6485215 0.03231403 0.005467656 0.8062722 0.016061028 0.06276833 0.0036023934 0.32424355 0.0005779158 0.0077485167 0.0010532009 0.0019970867 0.18970624 0.00098261 0.0024854108 0.00077399676 0.23793033 0.50540245 0.00014257732 0.001519628 0.00017302143 0.0018551811 0.00011891804 0.0006230011 0.0006345033 0.026031436 2.943866e-05 0.002046845 0.0010007875 0.017725863 0.0003543832 0.052722346 5.7427187e-05 5.249816e-05 1.6727923e-05 4.660158e-05 0.007678941 0.0046462 5.5228556e-05 0.23822848 9.5154206e-07 0.03307501 0.0037014454 0.047794964 0.0031900068 0.044263385 0.0042424086 3.9858965e-05 0.0020099992 6.1519204e-05 3.3981965e-07 1.2080905e-06 1.5898628e-06 0.02857768 4.185446e-05 9.889359e-05 0.004780689 5.367737e-06 0.00043905244 0.0003049262 6.312648e-07 4.2981474e-06 7.0025785e-06 0.00013080324 6.441232e-05 4.5060265e-06 1.0188248e-06 4.68946e-06 8.0083726e-07 9.4302845e-07 0.00011203794 0.00065026974 0.0005220534 0.00071803323 5.910446e-05 5.0462933e-08 0.009044238 2.2906087e-07 5.194072e-06 3.1978532e-05 0.0040461044 3.6638487e-06 1.016883e-05 0.047713187 4.464188e-07 7.569303e-08 1.2585176e-06 3.004334e-07 7.574838e-07 0.0012772008 6.7393566e-06
0.61434436 0.86098665 0.7232821 1.703797e-16 0.9730524 0.11433092 0.14329186 0.01547908 0.020068452 0.5346687 0.4128647 0.050299797 0.014105723 0.8512142 0.014832802 0.0009933806 0.0040785405 0.21692318 0.00080159184 0.0002744303 0.00051434705 0.0016470961 0.0053539076 0.00042573948 0.0012359661 5.2183837e-05 0.34300885 0.9063344 9.635228e-05 0.00017063768 0.00010937372 8.204982e-05 9.5553105e-06 1.8573495e-05 0.0012257333 0.011938622 4.3234035e-05 0.0004574975 0.003711463 0.0053276187 0.00015264007 0.020305451 5.4484562e-06 1.7303273e-05 2.2485354e-05 3.2976935e-05 0.0014017711 0.0010278454 8.275159e-06 0.03161697 4.496218e-06 0.0039076954 0.0010437146 0.27896047 0.00070168404 0.009150259 0.19368735 8.983145e-05 0.00025983877 0.00025750266 9.3146787e-07 5.5124497e-06 1.5666666e-07 0.075415365 1.2761494e-05 6.0575137e-05 0.0008266413 7.7213635e-06 1.6648237e-05 0.0230931 2.5334666e-07 3.382804e-06 3.068351e-06 0.00055498333 9.087134e-06 9.169626e-06 1.9432443e-06 7.2401344e-06 5.227556e-06 1.8508997e-06 3.3513817e-05 0.0011676803 0.0067123533 0.015110208 3.0526502e-05 1.3397137e-07 0.00045169186 1.8752276e-07 1.7719632e-06 3.9454844e-06 0.0011759293 1.004427e-06 6.7555916e-06 0.003509801 4.0910837e-07 5.928143e-07 1.3242301e-06 4.684865e-06 4.5520449e-07 0.0001189236 0.00010209765
0.546172 0.5313343 0.4486813 0.9730524 4.811152e-18 0.05530082 0.8363035 0.010303781 0.015478298 0.4578194 0.39278767 0.91980773 0.16412392 0.44207838 0.19773431 0.00013476466 0.03233853 0.2138789 0.021189855 0.00018142158 0.010107374 0.016369347 0.0006291133 0.0035869447 0.01172108 3.1617637e-05 0.061936107 0.5647113 0.0011558069 0.00011614316 0.0007515608 3.571323e-05 1.82072e-05 2.8187856e-06 0.009522113 0.0011966914 0.00011134027 0.00047325794 0.030415298 0.045705333 0.00019716412 0.0021169018 3.8123299e-06 2.8258446e-05 0.0001203299 5.247533e-05 0.0023770991 0.013652797 2.436919e-06 0.036359385 6.617953e-05 0.007406732 0.001656811 0.07497148 0.0002660793 0.03928797 0.24991146 0.0005345304 0.0062908963 0.0028836892 4.2069038e-05 0.00011052197 2.461669e-06 0.0157036 0.00015650068 0.00080127234 0.00014055466 0.00014245948 1.7449441e-06 0.00919695 1.7453034e-06 6.0750745e-06 1.0436458e-05 0.005213432 7.195094e-07 0.00031604478 4.437595e-05 2.8083681e-05 0.00010212939 5.2108317e-06 0.00011352142 0.00014445747 0.0009508446 0.0042536147 1.132128e-05 1.8852721e-06 0.0003946307 1.1161274e-06 3.1060329e-06 1.6335894e-06 0.008411381 3.149643e-06 1.109702e-06 0.006085403 8.248803e-06 1.140054e-06 1.978166e-05 1.477892e-05 7.322842e-07 0.0011283787 2.986332e-05
0.9671116 0.40227926 0.73257947 0.11433092 0.05530082 1.6618085e-14 0.0053941575 0.9211079 0.896581 0.45729926 0.3216475 0.010530609 0.00068068405 0.53545916 0.0027387708 0.73932886 0.0015268711 0.09445623 0.00012179082 0.3167853 0.00016274443 0.000555292 0.72924566 0.0002329013 0.00055383675 0.04500521 0.17629659 0.15248208 8.349986e-06 0.05012254 2.2931355e-05 0.0930271 0.0040205657 0.034478534 9.051036e-05 0.20064123 3.2424494e-05 0.01758152 0.00010571737 0.0074675265 0.007941332 0.0988449 0.0021979583 0.0012688717 6.1458295e-06 0.0007645378 0.032874323 0.0009752892 0.0006965047 0.16335864 2.5255508e-06 0.12720416 0.044391647 0.0039550043 0.074419826 0.024426771 0.000105263665 5.2699684e-06 0.0004312574 2.6874797e-05 5.4323334e-07 1.1818631e-06 6.6839275e-06 0.014712252 1.7662498e-05 0.00039302642 0.043867514 3.960545e-06 0.0038226934 6.08367e-05 3.3223423e-06 4.0211085e-06 9.618138e-06 7.349218e-05 0.00049090857 1.9976214e-06 3.258171e-07 4.9131154e-06 1.2388242e-06 2.2696697e-06 0.00040518344 0.0011021905 0.00033014241 3.5477406e-05 0.00088146515 1.8128918e-07 0.022108516 3.8839635e-06 1.7893874e-05 0.00015352477 0.00093140925 1.2364163e-06 8.74585e-05 0.047492385 3.9301642e-07 3.0315815e-07 2.2165664e-06 8.830957e-06 1.3811484e-05 0.00018237621 6.664003e-05
0.79308236 0.09616248 0.07584504 0.14329186 0.8363035 0.0053941575 1.2759147e-16 0.0018709372 0.007152586 0.22187248 0.24444608 0.83704805 0.8693563 0.0259835 0.9779997 0.00013781467 0.42674467 0.19264565 0.4206021 0.00012433075 0.118525594 0.15315554 7.297933e-05 0.22877581 0.09746775 1.679224e-05 0.004629082 0.020651232 0.036920898 9.592292e-05 0.0070659793 3.8702812e-05 2.3552813e-05 6.932268e-07 0.028159529 9.9670746e-05 0.0018016872 0.00033085095 0.060097698 0.18589628 7.698536e-05 0.00048262847 7.1490385e-06 2.596547e-06 0.0007723028 9.0039475e-06 0.0025284633 0.05168324 3.358525e-06 0.05732144 0.0002462853 0.01585469 0.0015635882 0.0050301524 1.4457191e-05 0.07103418 0.022105996 0.0021608816 0.0155814905 0.0013633702 7.630123e-05 2.5598127e-05 6.1296623e-06 0.00042651972 0.00023158657 0.0011339673 4.8191832e-05 6.1983315e-05 2.7025385e-07 0.0030484854 5.182244e-07 2.0447607e-05 1.2551727e-05 0.0022404445 6.435261e-06 0.00011829299 5.004655e-06 3.4503184e-05 2.0537509e-05 6.5567237e-06 1.0320842e-05 8.2587576e-05 0.00067389593 0.0010150417 4.8956014e-07 8.973216e-08 0.00080754835 1.7919163e-07 1.1474253e-06 4.982378e-06 0.008312676 1.1449446e-05 8.181231e-08 0.030598115 7.7857385e-06 2.3356087e-07 1.8604713e-05 1.1293803e-05 5.488223e-07 0.0026063046 1.0852121e-06
0.8020318 0.29920337 0.47565934 0.01547908 0.010303781 0.9211079 0.0018709372 6.6433106e-14 0.26139143 0.13021365 0.07547908 0.0017554628 0.00017104203 0.7204427 0.0005099603 0.67337745 0.00031120193 0.032001644 2.1281257e-05 0.57229596 4.6845948e-05 1.3406979e-05 0.9501494 1.8739656e-05 4.5569144e-05 0.060721852 0.3122409 0.085609585 2.1686376e-06 0.01633197 2.1914175e-06 0.5076292 0.004402581 0.08217376 7.39265e-06 0.5871689 6.4257365e-06 0.011704354 1.8296965e-05 0.00077319116 0.007478313 0.104584664 0.0018730321 0.0014949564 1.0160962e-06 0.0037298463 0.012010343 0.00024477544 0.0040598433 0.025283001 2.7816913e-07 0.038363997 0.019608352 0.0031646222 0.3899405 0.0035927508 0.0001485706 8.033745e-07 5.4145363e-05 3.6449233e-05 3.6364267e-07 2.7900085e-06 2.6701624e-08 0.01574693 4.8076106e-07 1.7679586e-05 0.07816258 4.1347752e-07 0.030208193 9.738444e-05 1.5501222e-07 3.1957953e-07 1.1919132e-06 1.90954e-05 0.00034095556 2.1708788e-06 2.5552467e-07 9.986322e-07 3.134899e-06 7.8023834e-07 0.00010847652 0.0044572777 0.0016729273 0.0003975417 0.00573443 3.7309096e-08 0.011449316 2.0055558e-07 8.904333e-07 6.0323957e-05 0.00038567884 3.1928598e-06 0.0009166885 0.0069561233 2.059902e-07 5.0706143e-07 6.828309e-07 9.243734e-05 1.897239e-06 0.00024402818 0.0003218286
0.97714067 0.26712075 0.71963024 0.020068452 0.015478298 0.896581 0.007152586 0.26139143 1.1427773e-14 0.70407224 0.6007962 0.0021813437 6.404731e-05 0.057551995 0.0051481132 0.8229361 6.432871e-05 0.2637344 1.552078e-05 0.07099217 8.924294e-05 1.3126004e-05 0.0525819 4.1770443e-05 0.00012463561 0.01411865 0.008888701 0.005305692 8.5096383e-07 0.16023903 4.9721107e-06 0.005847359 0.0046119187 0.0008764312 9.515735e-06 0.007900589 5.2424934e-06 0.06242857 0.0001485196 0.02707524 0.008751746 0.0027513038 0.00091674307 0.0009170356 2.6672853e-07 0.00063568767 0.11657094 0.0030962338 0.00093852414 0.70203614 1.4519215e-07 0.5334952 0.086183526 0.00023446485 0.011681621 0.0951937 1.6331183e-05 8.1128854e-07 0.0012691773 1.5888147e-05 1.18433576e-07 4.6459493e-07 2.9905372e-08 0.0008256946 5.546422e-07 2.6755833e-05 0.0026630426 1.8400644e-07 0.0005803941 1.46187385e-05 2.1518717e-08 3.1429772e-07 7.2821854e-07 2.9233646e-05 0.0001571754 2.829949e-07 5.5202303e-08 3.5616227e-07 3.0914418e-07 8.349834e-08 7.704148e-05 0.0007000919 0.00047389095 0.000108841276 0.0002797042 9.357285e-10 0.06385796 1.2466504e-07 5.439768e-07 2.6668455e-05 0.0023729326 7.3724636e-06 6.8084664e-06 0.24292204 2.2600804e-07 2.29417e-09 2.8229501e-06 2.3316854e-05 3.089202e-07 0.0003037006 3.758838e-06
0.8945792 0.72153693 0.7860279 0.5346687 0.4578194 0.45729926 0.22187248 0.13021365 0.70407224 3.3133523e-14 0.97225595 0.04381633 0.042214647 0.371734 0.1461989 0.09204361 0.0075987815 0.8528235 0.0040314356 0.004830314 0.004839028 0.0027445713 0.050456546 0.0040641916 0.004266705 0.0012065718 0.023586897 0.13372669 0.0013653311 0.0029097619 0.00031234787 0.00067586376 0.00024927873 0.00031134207 0.0005123609 0.0013378382 0.00014308185 0.004389373 0.0006248739 0.062239803 0.00079266186 0.001956865 4.2827196e-05 0.00012618754 0.00012415988 0.00014563308 0.006882291 0.005274011 0.00018569165 0.58924866 7.853316e-06 0.054159388 0.0054502008 0.002080032 0.0018272824 0.10046712 0.0008220972 8.339995e-05 0.0028906194 0.0005787856 9.439148e-07 5.5947185e-05 1.3328696e-06 0.001242568 5.947691e-05 0.0002225558 0.00029076647 1.6798313e-05 0.00023561454 0.00010274622 6.884506e-08 1.5329288e-06 1.158606e-06 0.00056695606 3.903122e-05 8.253844e-05 5.2061823e-06 5.5853275e-06 3.5276548e-06 1.3331365e-06 0.00017292475 0.00014154646 0.00014625119 7.8128825e-05 5.165823e-05 5.019183e-09 0.015219195 1.582016e-06 2.5173185e-07 4.520952e-05 0.0073768008 9.836028e-07 1.12992975e-05 0.103861175 7.557813e-06 3.0558476e-09 1.02659e-05 1.0005631e-05 1.9148976e-07 0.0028364677 5.547597e-07
0.9097449 0.5812768 0.6485215 0.4128647 0.39278767 0.3216475 0.24444608 0.07547908 0.6007962 0.97225595 2.058088e-14 0.03883364 0.042993795 0.26367888 0.16189301 0.042585786 0.00599669 0.901029 0.002543469 0.001965253 0.0076350286 0.0026341174 0.011190595 0.00391173 0.0072679594 0.0006625212 0.013588136 0.0948208 0.0013108047 0.0024459693 0.00022313409 0.00029181933 0.00020987069 0.00013097138 0.00040829243 0.0005769728 0.0002317843 0.0037742392 0.00044659045 0.11421477 0.0007874164 0.00084837124 4.251998e-05 9.7431446e-05 0.00019569547 0.00014051567 0.004867669 0.014495753 0.00019965171 0.70865405 1.4506592e-05 0.065593645 0.003149942 0.0013485838 0.0006475619 0.1698526 0.00030135468 0.000117500895 0.008878561 0.0012926226 3.0392919e-06 0.000104675826 3.684283e-06 0.0006858896 0.0002549032 0.0001771713 0.00014780746 1.7734485e-05 2.9444613e-05 8.139662e-05 1.5162281e-07 2.7724948e-06 1.374786e-06 0.0005391144 3.973607e-05 0.00028941696 1.7993347e-05 1.2878201e-05 1.2497144e-05 3.9244696e-06 7.6340235e-05 9.330958e-05 0.000110012275 6.8482455e-05 2.4903788e-05 1.7204027e-08 0.014567761 2.1306164e-06 6.5787555e-07 1.2426063e-05 0.016378297 2.7610038e-06 5.318341e-06 0.13983388 3.0975036e-05 1.2722989e-08 7.007034e-06 7.551315e-06 2.6693442e-07 0.005587064 1.736336e-07
0.20823874 0.050207574 0.03231403 0.050299797 0.91980773 0.010530609 0.83704805 0.0017554628 0.0021813437 0.04381633 0.03883364 2.7317302e-17 0.9485051 0.007591527 0.13693526 3.539323e-05 0.960252 0.0340986 0.38458785 5.3921616e-05 0.012514127 0.67489827 8.199279e-05 0.068290204 0.031301875 1.3485496e-05 0.0016786319 0.00679193 0.010865601 5.5334895e-05 0.021731496 1.9783247e-05 1.25634415e-05 2.0417745e-06 0.31634858 0.0003890147 0.00049142755 0.00019013925 0.3974133 0.049562976 5.732066e-05 0.00023252622 1.9994619e-05 5.101519e-06 0.00047871398 1.0144149e-05 0.00024137615 0.013404167 5.3204367e-06 0.0051684817 9.4268136e-05 0.0027506426 0.00045890434 0.0029611727 2.8619726e-05 0.0075347046 0.017166631 0.002891659 0.0031967969 0.0022470204 8.307488e-05 0.00017057372 3.388369e-05 0.00045736507 0.00037466342 0.011548741 8.090966e-05 0.0008261999 3.7700675e-06 0.0014559948 2.8356411e-05 6.0123915e-05 0.00031340474 0.011738487 7.213023e-06 0.0003965141 4.064426e-05 7.070964e-05 0.0001514268 1.1196087e-05 3.0105552e-05 4.931755e-05 9.612805e-05 0.00031688774 5.8234677e-06 1.2595178e-06 0.0005433958 5.968587e-06 5.2686843e-05 2.9758442e-07 0.00568683 0.0001844982 1.395818e-06 0.003392115 2.9534224e-06 2.3393238e-06 2.4117977e-05 6.865672e-05 1.0181518e-06 0.0018650059 9.120106e-06
0.5765586 0.011771086 0.005467656 0.014105723 0.16412392 0.00068068405 0.8693563 0.00017104203 6.404731e-05 0.042214647 0.042993795 0.9485051 7.317489e-18 0.0011011834 0.33666375 2.1367964e-06 0.93759936 0.049612455 0.9203036 3.0960932e-06 0.09804328 0.6828196 1.5498007e-06 0.37527406 0.2102261 1.894229e-06 7.370858e-05 0.0011824772 0.050015703 9.129561e-07 0.06883033 5.0916736e-07 5.753814e-07 7.358155e-08 0.25240055 1.5898862e-05 0.0027231257 5.8977857e-06 0.325622 0.3966909 1.0550411e-05 1.4174792e-05 1.3708035e-06 2.1101452e-07 0.00031750725 4.6936455e-07 0.00026169594 0.14010377 1.5682959e-07 0.0063088457 0.00023190216 0.0014323769 4.0622443e-05 0.00011675806 8.199447e-06 0.022980157 0.0032023212 0.0085155405 0.022390446 0.004668348 7.373747e-05 7.549439e-05 2.9688996e-05 2.7818996e-06 0.00069615914 0.007933921 9.087878e-06 0.0009864949 2.2854242e-07 0.00038412173 2.2453129e-05 9.9249606e-05 0.000368154 0.0043965415 7.3044356e-07 0.0003518546 2.27398e-05 6.331436e-05 7.413049e-05 1.6328115e-05 2.4946469e-06 2.8936882e-05 5.7272864e-06 3.2927095e-05 7.346464e-07 1.6166576e-06 0.0004593908 2.2902461e-07 9.481325e-05 7.362764e-07 0.012767436 0.00013693557 3.8116025e-06 0.0024788054 4.0623763e-05 2.2919473e-06 2.8202418e-05 8.621907e-06 5.0329584e-07 0.0032058947 2.5004183e-06
0.38949737 0.9276266 0.8062722 0.8512142 0.44207838 0.53545916 0.0259835 0.7204427 0.057551995 0.371734 0.26367888 0.007591527 0.0011011834 2.6031784e-16 0.0025811042 0.017300313 0.000483638 0.08345969 0.00018064141 0.012418696 8.146341e-05 5.8340713e-05 0.4280681 0.00014247702 0.00030516853 0.0011462584 0.9406029 0.9045482 1.5039826e-05 0.0010126234 7.1425443e-06 0.0006528902 7.202365e-05 0.00017160017 3.1033935e-05 0.4395244 9.601916e-06 0.00093613926 0.00012276173 0.0008932592 0.0006795402 0.28731695 5.1647046e-05 6.9233094e-05 8.911188e-07 5.5946173e-05 0.0031823074 0.00012804852 1.9387971e-05 0.03137124 1.2102226e-06 0.003524894 0.0006357796 0.06949124 0.002751679 0.001227656 0.012552017 5.0847297e-07 5.172369e-05 5.3652907e-06 8.050611e-07 2.8190545e-06 2.8500112e-08 0.076781936 2.6064498e-07 2.3029625e-05 0.017680438 2.871755e-07 0.00018208199 0.0004943631 8.066954e-08 1.0764671e-06 7.8036334e-07 0.0003712836 9.478917e-06 5.6819823e-07 3.2361564e-07 9.364629e-07 1.7208097e-06 6.3658945e-06 0.00013950636 0.008736944 0.0056704124 0.0028361066 0.0004026398 4.004812e-08 0.0008282826 1.6735254e-06 3.012639e-06 1.5335743e-05 0.0002868376 1.6279037e-06 2.1799582e-05 0.0051727 4.789324e-07 1.7889425e-06 9.829578e-07 3.0169242e-05 4.8834618e-06 8.209028e-05 0.00010479988
0.9749295 0.01907634 0.016061028 0.014832802 0.19773431 0.0027387708 0.9779997 0.0005099603 0.0051481132 0.1461989 0.16189301 0.13693526 0.33666375 0.0025811042 1.0353583e-16 2.5072866e-05 0.09644293 0.41804457 0.17947307 1.4801572e-05 0.6252242 0.07237319 1.5552101e-05 0.33803016 0.43506214 6.3802474e-07 0.00063535647 0.00095918955 0.093755744 1.7624989e-05 0.0074068876 5.4785723e-06 1.186971e-06 2.1352919e-07 0.01591619 1.3699796e-05 0.0043227794 0.00017734543 0.014795646 0.85954046 1.6386708e-05 4.147203e-05 1.1814968e-06 3.3044367e-07 0.0013724178 4.830037e-07 0.0045270706 0.38802108 3.7488476e-07 0.15668175 0.00025679416 0.032385398 0.0013712724 0.00019618859 1.491533e-05 0.47501752 0.0016965808 0.0018452532 0.0777483 0.00837298 8.947158e-05 0.00024744877 3.7097056e-05 5.1942334e-05 0.00022966802 0.0020607992 1.0175475e-05 0.00024819962 4.304448e-06 0.0001941355 4.326677e-06 6.5397166e-05 3.99519e-05 0.0006925 3.0054764e-06 0.0005259427 2.2687424e-05 2.1722692e-05 4.071658e-05 5.778132e-06 1.417626e-06 8.412555e-06 3.696064e-05 2.8863318e-05 2.1011652e-05 1.52483e-07 0.0016623195 3.9209528e-08 3.3879442e-06 3.1918796e-06 0.029747937 8.749584e-06 1.4647479e-06 0.17367566 0.00010285965 3.219297e-07 8.474146e-06 4.97708e-07 1.061115e-06 0.006936997 1.6581347e-06
0.92031205 0.01789188 0.06276833 0.0009933806 0.00013476466 0.73932886 0.00013781467 0.67337745 0.8229361 0.09204361 0.042585786 3.539323e-05 2.1367964e-06 0.017300313 2.5072866e-05 3.0846131e-16 2.9614494e-06 0.012870364 1.2799209e-06 0.9543441 2.3903635e-06 5.3983564e-07 0.2769373 1.530657e-06 3.0412824e-05 0.57824814 0.004131104 0.000379204 1.0128055e-07 0.87005544 4.4921635e-06 0.20942953 0.21360593 0.11402284 2.4329945e-06 0.021702886 4.1826527e-07 0.35410705 1.7694588e-06 0.004207161 0.15940939 0.0017276867 0.08770195 0.08569442 9.6972165e-08 0.15886296 0.21684991 0.0008472013 0.110539526 0.15579952 7.98641e-08 0.33042467 0.13672024 9.19147e-06 0.086585686 0.012659371 1.06950104e-07 3.9815916e-07 0.0003320119 6.0484244e-06 1.4155285e-07 2.6589396e-07 1.4809916e-07 0.0002207927 7.689078e-07 8.7240835e-05 0.010407838 5.285765e-07 0.00977183 6.599533e-06 4.922667e-07 1.3456655e-07 1.8575274e-06 1.1416104e-05 0.0034444686 2.4464487e-07 1.3371444e-07 8.051962e-07 9.404518e-07 1.540133e-07 0.00044696435 0.00045305083 9.825351e-05 1.5741218e-05 0.001126742 1.8168995e-08 0.07238437 6.330678e-06 1.0335218e-06 0.0002619449 0.0010542672 2.6346122e-05 0.0011477767 0.05224374 6.131142e-08 3.3931723e-08 1.9494105e-06 0.0015241968 1.5082572e-05 0.00014706745 0.0006119503
0.18366583 0.005596085 0.0036023934 0.0040785405 0.03233853 0.0015268711 0.42674467 0.00031120193 6.432871e-05 0.0075987815 0.00599669 0.960252 0.93759936 0.000483638 0.09644293 2.9614494e-06 1.469033e-17 0.007769954 0.8730341 1.2646529e-05 0.061687343 0.9259203 7.574535e-07 0.30096027 0.16605204 1.5946567e-06 0.00012272075 0.00025831556 0.06059889 5.021666e-06 0.48325083 4.6536234e-06 4.671389e-07 1.973523e-07 0.40948263 4.048094e-05 0.0050040423 3.0566178e-05 0.46181414 0.1097627 1.2424855e-05 6.997652e-06 4.3589644e-06 5.472951e-07 0.0023826745 2.2822237e-06 0.00013776947 0.079146974 6.242091e-07 0.0030663125 0.0008612288 0.0009559731 0.00012784716 4.4921268e-05 1.3657073e-05 0.006645801 0.0008595705 0.018336263 0.012187826 0.012224204 0.0006876138 0.0012941812 0.00020772156 1.5825373e-05 0.0024954942 0.02710619 6.3489615e-06 0.003208314 7.766479e-06 0.000112973095 5.844864e-05 0.00021769265 0.0012855827 0.007154669 5.180799e-06 0.0018321185 0.00033615084 0.0003254651 0.00093777623 4.925015e-05 5.106995e-06 7.4177133e-06 6.751097e-06 8.861641e-06 4.9186826e-07 3.5506248e-05 0.0006007271 4.9282967e-06 0.00011981713 9.190882e-08 0.006663653 0.00023099872 1.6361042e-06 0.0022852186 0.0004033354 6.6744487e-06 5.7043355e-05 1.914341e-05 6.471816e-07 0.003933444 3.832139e-07
0.97357434 0.24008533 0.32424355 0.21692318 0.2138789 0.09445623 0.19264565 0.032001644 0.2637344 0.8528235 0.901029 0.0340986 0.049612455 0.08345969 0.41804457 0.012870364 0.007769954 1.7154111e-17 0.011698489 0.0014866529 0.03495374 0.008548483 0.0022811056 0.008356599 0.022651207 0.0004469155 0.0031600443 0.02857516 0.00346667 0.001185639 0.000687378 0.00029423967 8.4929045e-05 7.529321e-05 0.00114541 0.0002258233 0.00092337263 0.0018293344 0.0015933259 0.6323417 0.00043749608 0.00031032145 5.7621826e-05 3.7517145e-06 0.0003458543 2.6268974e-05 0.0049170726 0.06735768 3.4790053e-05 0.9296453 4.817506e-05 0.14727314 0.00376306 0.0004496368 6.8634465e-05 0.69116294 0.0006429345 7.808429e-05 0.023501324 0.0024285077 8.567098e-06 0.0003177308 8.659814e-06 0.00045053154 5.4317068e-05 0.00012634855 3.512771e-05 3.077204e-06 2.0655152e-06 0.000217665 6.548309e-07 1.0220173e-05 1.432316e-06 7.6801596e-05 3.247726e-05 0.0003954337 2.0024254e-05 3.4657856e-05 2.0312897e-05 9.838257e-06 6.754365e-05 4.264372e-05 8.8806126e-05 8.2508144e-05 6.30189e-06 1.156637e-07 0.014986301 9.780168e-07 2.4311097e-07 2.651379e-05 0.059452567 1.8105636e-06 1.0270419e-06 0.44359797 0.00010134041 1.402616e-07 2.5688576e-06 2.1713092e-06 8.732865e-07 0.012903558 1.1516048e-05
0.8983469 0.0007272261 0.0005779158 0.00080159184 0.021189855 0.00012179082 0.4206021 2.1281257e-05 1.552078e-05 0.0040314356 0.002543469 0.38458785 0.9203036 0.00018064141 0.17947307 1.2799209e-06 0.8730341 0.011698489 4.5192007e-15 2.153615e-06 0.21839856 0.88602513 1.9288216e-05 0.89891106 0.47287077 1.2784449e-06 0.00011541552 0.00024501787 0.5020283 6.6054395e-06 0.88093925 1.5049861e-06 5.7825514e-07 3.7621444e-08 0.61996245 1.4334032e-05 0.2310014 1.30866565e-05 0.47113636 0.20581825 1.4919669e-05 4.49779e-05 4.2057118e-07 1.7012101e-07 0.06339643 1.2941293e-06 0.00023775977 0.334853 7.691248e-07 0.0032951678 0.03431263 0.0006169823 3.851117e-05 1.9932078e-05 4.189861e-06 0.02814136 0.003960453 0.28178802 0.13711536 0.07545715 0.005388846 0.008820336 0.009253212 1.9129595e-05 0.096377335 0.17068498 1.1926097e-05 0.096512705 5.140793e-07 0.00023002991 0.0015072486 0.005656866 0.006794829 0.02229998 1.969292e-06 0.0043612313 0.00037551654 0.0010416055 0.00052228814 0.00029646626 1.5620483e-06 1.3674433e-05 2.0990263e-05 6.783647e-05 3.0291696e-06 6.77404e-05 0.00030418407 5.5858095e-07 0.0034362592 2.7816288e-06 0.0678182 0.0018348426 2.4770422e-06 0.0036969208 0.0015323457 8.0839476e-05 0.00016105223 1.8821112e-05 2.2284548e-06 0.021296443 4.2636966e-05
0.58468187 0.00232838 0.0077485167 0.0002744303 0.00018142158 0.3167853 0.00012433075 0.57229596 0.07099217 0.004830314 0.001965253 5.3921616e-05 3.0960932e-06 0.012418696 1.4801572e-05 0.9543441 1.2646529e-05 0.0014866529 2.153615e-06 8.527349e-18 1.3976841e-06 1.2736756e-06 0.5385289 1.6084823e-06 8.107993e-06 0.96456975 0.0051946747 0.00034091636 1.193956e-07 0.40810573 9.0970127e-07 0.8413539 0.31505838 0.5721393 1.759309e-06 0.06276704 3.754533e-07 0.058008976 2.0354444e-06 0.000136364 0.118508 0.0019154558 0.3602343 0.1057608 7.601306e-08 0.14382923 0.05364511 1.906314e-05 0.081864916 0.0029213633 1.8839328e-08 0.027609492 0.0612153 8.265253e-06 0.4009381 0.00034217595 1.657737e-07 2.2765578e-07 8.9294745e-06 3.641105e-07 2.0631171e-08 3.4625805e-07 3.9108322e-08 0.00017921222 8.108013e-07 2.4557474e-05 0.013577902 1.3903927e-07 0.057404652 2.396402e-05 1.2144761e-06 1.3423247e-06 1.9109946e-06 4.154727e-06 0.036849186 9.490611e-08 9.741801e-08 5.952264e-07 6.3662196e-07 1.5966553e-07 0.0011808353 0.0007081566 7.2630224e-05 1.0107831e-05 0.002674155 5.8580028e-08 0.042076603 3.238543e-05 1.6215276e-06 0.0014129108 3.0966086e-05 8.882219e-06 0.011043284 0.002406083 2.5047568e-08 2.4994037e-07 1.7750633e-06 0.0012552902 3.7691923e-05 4.0029092e-05 0.049986836
0.93427306 0.0012395742 0.0010532009 0.00051434705 0.010107374 0.00016274443 0.118525594 4.6845948e-05 8.924294e-05 0.004839028 0.0076350286 0.012514127 0.09804328 8.146341e-05 0.6252242 2.3903635e-06 0.061687343 0.03495374 0.21839856 1.3976841e-06 1.7235051e-17 0.15646327 4.6713963e-06 0.2288012 0.988732 1.6883335e-07 4.467821e-05 7.808533e-05 0.31349784 4.8511088e-06 0.096025266 8.676416e-07 2.3971333e-07 5.349176e-08 0.026769973 5.9325685e-06 0.052238587 9.869423e-05 0.022189617 0.7685302 1.0369085e-05 7.0246974e-06 6.646814e-07 1.2283697e-07 0.12433326 5.3136085e-07 0.002762675 0.8278395 1.5519815e-07 0.022364613 0.016256938 0.012733083 0.00033837414 3.627323e-06 1.2752381e-05 0.23745118 3.9612423e-05 0.02029523 0.49743655 0.22046876 0.0051570884 0.018170152 0.0058440976 1.2809387e-05 0.010600188 0.008788371 4.0544282e-06 0.004197852 1.3243992e-06 6.706783e-05 0.00010968865 0.0006428529 0.0002694963 0.0002724518 2.365631e-06 0.0090889195 0.0009237914 0.0011139992 0.00092816615 0.00013841437 2.017383e-06 2.5926001e-06 2.075001e-05 9.413316e-06 3.203138e-06 1.3577791e-05 0.00036816383 8.718148e-08 3.943726e-05 6.950658e-07 0.14575219 1.1257511e-05 6.695018e-07 0.04168546 0.004072959 2.2685843e-05 4.9760433e-06 9.240432e-08 1.6325856e-07 0.06303756 7.508562e-07
0.5925388 0.0028025971 0.0019970867 0.0016470961 0.016369347 0.000555292 0.15315554 1.3406979e-05 1.3126004e-05 0.0027445713 0.0026341174 0.67489827 0.6828196 5.8340713e-05 0.07237319 5.3983564e-07 0.9259203 0.008548483 0.88602513 1.2736756e-06 0.15646327 9.281286e-16 4.4475343e-07 0.43569785 0.35562208 1.3077012e-07 3.0471267e-05 9.5844014e-05 0.2532118 1.6171495e-06 0.7558669 1.4961794e-06 2.0217888e-07 9.815824e-09 0.96977526 7.995792e-06 0.044830803 5.108583e-06 0.853495 0.054253563 1.8214834e-06 4.335801e-06 1.2243377e-06 1.5151221e-07 0.017170044 3.0704308e-07 7.8248395e-06 0.13573706 1.9958496e-07 0.0023236861 0.0062314724 0.0005274345 7.260996e-06 2.1810043e-05 2.880553e-06 0.011943564 0.0016397291 0.17860587 0.0403749 0.042344477 0.0021607755 0.003675629 0.00038751063 7.5945454e-06 0.007361923 0.19010146 2.474556e-06 0.017233089 5.435655e-07 8.212019e-05 3.205074e-05 0.00024814188 0.0023168775 0.01114937 2.776808e-06 0.0017296666 0.00041351892 0.00059909193 0.00052267837 2.9615021e-05 1.8451237e-05 1.2682872e-05 6.5313984e-06 5.435554e-06 5.9748834e-07 9.164651e-06 0.00011778429 5.521241e-06 0.0005341857 1.8108167e-07 0.020850645 0.00026889707 7.739959e-07 0.002160314 0.00010922112 2.6784542e-06 4.9682505e-05 1.2897203e-05 1.2752897e-06 0.004032245 1.0217109e-06
0.6879592 0.18067902 0.18970624 0.0053539076 0.0006291133 0.72924566 7.297933e-05 0.9501494 0.0525819 0.050456546 0.011190595 8.199279e-05 1.5498007e-06 0.4280681 1.5552101e-05 0.2769373 7.574535e-07 0.0022811056 1.9288216e-05 0.5385289 4.6713963e-06 4.4475343e-07 1.09914546e-13 1.7047776e-06 3.1115594e-06 0.34878358 0.3190277 0.005302424 6.7789705e-07 0.082460225 0.00011557314 0.5951534 0.022708355 0.20981044 1.2448243e-05 0.8648238 1.4626708e-06 0.019404441 1.7135544e-05 0.00015167048 0.048017718 0.28090754 0.019906133 0.017975159 3.015667e-07 0.027064016 0.029020073 1.9514911e-05 0.006910322 0.010553254 6.232945e-08 0.019411275 0.022118555 7.0617985e-05 0.8223486 0.00014881011 7.5731555e-07 1.6590797e-05 1.1539476e-05 2.2695665e-05 5.057888e-07 5.182066e-07 3.1810067e-08 0.002302585 2.9141006e-07 0.0018084137 0.30856997 1.0718625e-06 0.26691216 6.8513936e-07 7.924275e-08 1.2811245e-07 1.4022143e-06 4.4238495e-05 0.001628743 9.1216936e-07 6.9307376e-08 2.574566e-07 3.1478848e-07 3.5851298e-07 0.000118539065 0.015687538 0.0004646743 5.98944e-06 0.09166941 1.4123631e-08 0.009027421 1.9037931e-06 2.0983566e-06 3.3671153e-05 0.00012140003 0.00021798161 0.04626934 0.0041045942 7.6107646e-08 3.4302637e-08 5.802305e-07 0.00025623103 8.524457e-06 3.75646e-05 0.04176802
0.6639505 0.000916009 0.00098261 0.00042573948 0.0035869447 0.0002329013 0.22877581 1.8739656e-05 4.1770443e-05 0.0040641916 0.00391173 0.068290204 0.37527406 0.00014247702 0.33803016 1.530657e-06 0.30096027 0.008356599 0.89891106 1.6084823e-06 0.2288012 0.43569785 1.7047776e-06 1.2582237e-17 0.8286029 2.1056081e-07 9.0306974e-05 9.380575e-05 0.97087723 1.99985e-06 0.60925514 1.8106259e-06 6.0445177e-07 2.5714725e-08 0.2507785 8.045311e-06 0.63352954 2.6432092e-05 0.07415307 0.08656964 3.118172e-06 5.0404888e-06 7.0106597e-07 4.0315136e-08 0.4496852 1.3095307e-07 0.00017142712 0.11941993 9.9846034e-08 0.0031654555 0.16360047 0.0020746272 0.0002155232 9.625011e-06 1.301977e-05 0.021743925 0.0005753115 0.14921638 0.117423914 0.13782345 0.041846585 0.037484366 0.07204809 7.906355e-06 0.25262854 0.07198882 4.4613257e-06 0.06975976 2.1095586e-06 0.00020077269 0.00402511 0.016342152 0.006435316 0.0035896462 5.854283e-06 0.025895735 0.002090559 0.005420323 0.0033057074 0.00070801843 3.981157e-06 6.761503e-06 5.718786e-05 2.1089545e-05 1.836123e-06 7.584004e-05 0.0001936143 1.5025977e-07 0.0009593227 1.3268126e-06 0.03004187 0.0006498872 1.2142284e-06 0.0040616794 0.0066938084 3.6959966e-05 4.5692468e-05 9.0044665e-07 7.31402e-07 0.018046148 2.482582e-07
0.5576558 0.0022862072 0.0024854108 0.0012359661 0.01172108 0.00055383675 0.09746775 4.5569144e-05 0.00012463561 0.004266705 0.0072679594 0.031301875 0.2102261 0.00030516853 0.43506214 3.0412824e-05 0.16605204 0.022651207 0.47287077 8.107993e-06 0.988732 0.35562208 3.1115594e-06 0.8286029 6.8999957e-18 7.3625745e-07 0.00022805529 0.00016841904 0.84651667 2.492339e-05 0.29890218 7.3329297e-06 4.792036e-06 1.4336477e-07 0.1692967 4.922958e-05 0.4488569 0.00017078467 0.06990144 0.23411945 1.8403312e-05 2.8047134e-06 2.8895363e-06 6.6705064e-07 0.5628443 7.060078e-06 0.0012743246 0.24643014 9.665802e-07 0.008367684 0.17222016 0.010621367 0.000576983 8.481463e-06 4.0600175e-05 0.050390184 0.00013833097 0.08790564 0.26516485 0.24960825 0.049651567 0.10895176 0.04921731 2.3466484e-06 0.08713575 0.05219967 7.3215124e-06 0.025063314 2.5397392e-07 0.0002187755 0.003319918 0.009952258 0.0022829836 0.0040330873 3.6252236e-06 0.021379532 0.0119926315 0.017912092 0.008729423 0.0018888732 3.7189168e-06 6.866861e-06 4.065996e-05 3.563729e-05 2.303324e-06 0.00031501177 0.00045585836 6.3916605e-07 0.0004621109 4.031679e-06 0.11073761 0.00038517689 2.4432159e-06 0.010238837 0.0077273306 0.00011402955 8.638255e-05 7.173628e-07 5.3661273e-07 0.059910744 8.667526e-07
0.44968867 0.00027402834 0.00077399676 5.2183837e-05 3.1617637e-05 0.04500521 1.679224e-05 0.060721852 0.01411865 0.0012065718 0.0006625212 1.3485496e-05 1.894229e-06 0.0011462584 6.3802474e-07 0.57824814 1.5946567e-06 0.0004469155 1.2784449e-06 0.96456975 1.6883335e-07 1.3077012e-07 0.34878358 2.1056081e-07 7.3625745e-07 9.12471e-17 0.000587454 2.7934766e-05 3.772312e-08 0.6211324 8.401788e-08 0.50273645 0.8307723 0.6388663 4.3878703e-07 0.009438555 1.434002e-07 0.14697163 1.5106345e-06 1.5876574e-05 0.34418544 0.00027308104 0.90176404 0.36787316 9.32277e-08 0.35145044 0.07214936 1.7835648e-06 0.19334012 0.0008491342 1.4996663e-08 0.022799298 0.039560515 7.9821274e-07 0.28256735 7.6176235e-05 2.0521755e-08 5.621395e-07 1.0972526e-06 9.736302e-08 4.3259003e-08 1.7317221e-07 7.346908e-08 8.487677e-06 2.120307e-06 1.3292754e-05 0.0041882615 1.8360198e-06 0.03749695 6.3425096e-06 1.2144344e-06 1.8170243e-06 5.5902888e-06 1.0268773e-06 0.14393881 8.5633474e-08 4.2105736e-08 5.96103e-07 6.2282663e-07 3.1249547e-07 0.0369826 3.9589726e-05 3.7257632e-05 2.9202187e-05 0.0012061007 1.41871865e-08 0.025755975 0.0001947465 2.0004566e-06 0.018712446 6.4597334e-06 2.874938e-06 0.008218087 0.0009354886 5.7420224e-09 1.5337761e-07 1.1183013e-07 0.005313138 0.00013909479 7.875628e-06 0.14018507
0.019681526 0.37226114 0.23793033 0.34300885 0.061936107 0.17629659 0.004629082 0.3122409 0.008888701 0.023586897 0.013588136 0.0016786319 7.370858e-05 0.9406029 0.00063535647 0.004131104 0.00012272075 0.0031600443 0.00011541552 0.0051946747 4.467821e-05 3.0471267e-05 0.3190277 9.0306974e-05 0.00022805529 0.000587454 9.828646e-15 0.94369495 2.0237565e-05 0.00041617596 1.7622e-05 0.0013784122 4.965124e-05 0.00017608584 4.777751e-05 0.77160776 8.731996e-06 0.00025231435 7.086613e-05 7.576782e-05 0.0005097196 0.87726486 7.0262155e-05 7.8059566e-05 4.760184e-06 5.8954607e-05 0.0006953668 3.874432e-05 1.0779058e-05 0.0008558189 1.225181e-06 0.00055864366 0.00049959525 0.24441321 0.003742369 0.00024318349 0.02209796 3.0028605e-06 3.845711e-05 5.063301e-06 4.1138145e-07 1.3127712e-06 2.1975798e-07 0.40914556 4.1936987e-06 2.704253e-05 0.2474977 1.4375339e-06 0.00047730032 0.0019939456 9.117857e-07 2.0363045e-06 5.038143e-06 5.1236424e-05 1.2749901e-05 1.0990132e-06 1.4984934e-07 4.3398677e-06 2.3007026e-06 2.2078468e-06 2.1183298e-05 0.18248771 0.045341335 0.0094349375 0.0021083083 2.6315197e-08 0.00040100943 8.781403e-07 5.746008e-06 4.4654507e-06 0.00016313212 1.0461838e-05 0.00022114799 0.0012200165 3.5561516e-07 1.0586659e-06 3.2616854e-06 3.6881079e-06 8.521946e-06 0.00011674248 3.0501968e-05
0.041059107 0.7208568 0.50540245 0.9063344 0.5647113 0.15248208 0.020651232 0.085609585 0.005305692 0.13372669 0.0948208 0.00679193 0.0011824772 0.9045482 0.00095918955 0.000379204 0.00025831556 0.02857516 0.00024501787 0.00034091636 7.808533e-05 9.5844014e-05 0.005302424 9.380575e-05 0.00016841904 2.7934766e-05 0.94369495 4.410099e-17 1.2475733e-05 4.73035e-05 8.983166e-06 6.246892e-05 2.5075174e-06 5.2158584e-06 6.120682e-05 0.23826924 1.2152936e-05 7.369298e-05 0.00021891991 7.484248e-05 6.74017e-05 0.63059646 3.0890178e-06 6.3111283e-06 2.7997878e-06 7.693667e-06 0.00012992031 1.5990585e-05 3.0897927e-06 0.0027920317 2.6324863e-06 0.0002843957 1.996937e-05 0.8361606 0.0001776552 0.00021230834 0.63302565 1.2023642e-06 1.9018396e-05 2.0650732e-05 1.414165e-06 1.8793982e-06 2.6368693e-07 0.68676853 7.689639e-06 1.7311873e-05 0.042373043 3.9661293e-07 4.1339176e-06 0.09551553 3.1187042e-06 2.7139775e-05 5.332735e-06 0.0006234926 5.5344203e-06 1.2055704e-05 5.356448e-07 7.401277e-06 3.1652346e-06 5.1948896e-06 1.7284407e-05 0.16927192 0.14770746 0.105742395 7.093908e-05 4.273048e-08 0.0002457398 3.17376e-07 3.2743608e-06 6.55103e-06 8.3356295e-05 4.5119823e-06 7.407992e-06 0.0016031187 5.035782e-07 2.2838915e-06 3.2686546e-06 6.1808087e-06 6.513701e-06 9.167531e-05 2.7973902e-05
0.78671527 0.00019677471 0.00014257732 9.635228e-05 0.0011558069 8.349986e-06 0.036920898 2.1686376e-06 8.5096383e-07 0.0013653311 0.0013108047 0.010865601 0.050015703 1.5039826e-05 0.093755744 1.0128055e-07 0.06059889 0.00346667 0.5020283 1.193956e-07 0.31349784 0.2532118 6.7789705e-07 0.97087723 0.84651667 3.772312e-08 2.0237565e-05 1.2475733e-05 5.1887183e-18 2.8745498e-07 0.528736 4.2946994e-07 7.55086e-08 9.83162e-09 0.19150293 2.3468697e-06 0.8674317 5.6158788e-06 0.05346158 0.15228343 5.9418744e-07 6.376385e-07 2.4017214e-07 1.8178945e-08 0.6894726 5.8087913e-08 0.00019902606 0.23964527 1.1026065e-08 0.001388847 0.39351046 0.00097344804 3.8996615e-05 1.3040716e-06 9.816542e-06 0.015803982 0.00011210227 0.24073112 0.35721952 0.40189946 0.16525638 0.1591612 0.31760517 2.0878629e-06 0.34748754 0.117327236 8.1919853e-07 0.16752012 2.641668e-06 0.00015867197 0.09174347 0.03500046 0.008582468 0.004735388 2.7867484e-06 0.09022635 0.017468672 0.033514112 0.018307677 0.0064235926 1.2678948e-06 4.835946e-07 3.1743417e-05 1.9350953e-05 5.681771e-07 0.00042819112 0.00013076334 1.8464104e-07 0.0067483485 3.0956488e-07 0.1292099 0.0013687789 1.5960205e-07 0.002286831 0.021284621 0.00013269734 8.8742374e-05 1.7508354e-07 2.2058127e-07 0.06725553 1.5471447e-07
0.90636307 0.00068337366 0.001519628 0.00017063768 0.00011614316 0.05012254 9.592292e-05 0.01633197 0.16023903 0.0029097619 0.0024459693 5.5334895e-05 9.129561e-07 0.0010126234 1.7624989e-05 0.87005544 5.021666e-06 0.001185639 6.6054395e-06 0.40810573 4.8511088e-06 1.6171495e-06 0.082460225 1.99985e-06 2.492339e-05 0.6211324 0.00041617596 4.73035e-05 2.8745498e-07 2.9032262e-15 1.0677574e-05 0.16122325 0.92101496 0.26264468 1.4248787e-06 0.0039634476 1.4383526e-06 0.8282771 3.0822057e-06 0.001626059 0.7475572 0.00014515969 0.32234403 0.6730353 1.1927621e-07 0.8125926 0.38698718 0.00017648413 0.7613146 0.014545813 1.6445226e-07 0.17642875 0.19752708 9.059435e-06 0.058690492 0.0021399138 3.7478395e-07 7.2548355e-06 0.0001349362 3.2159967e-06 2.1183617e-07 5.3730963e-07 2.957992e-06 9.456074e-06 6.640824e-06 2.6803129e-05 0.002223793 3.7390666e-06 0.009415023 2.3007851e-05 2.8437805e-06 3.876958e-06 8.264425e-06 3.1026373e-06 0.01512728 1.1788811e-06 4.4190676e-07 2.6464388e-06 2.3825116e-06 3.1939749e-06 0.00482398 0.0001284895 3.2794127e-05 2.3363038e-05 0.00039089087 8.309924e-08 0.12238939 0.00054397166 8.731912e-06 0.0023359677 0.00034683812 3.844937e-05 0.0020223164 0.012278493 1.2473912e-07 1.072436e-06 2.5716004e-06 0.008342132 0.0005496995 9.3657894e-05 0.0060663614
0.895645 0.00013324605 0.00017302143 0.00010937372 0.0007515608 2.2931355e-05 0.0070659793 2.1914175e-06 4.9721107e-06 0.00031234787 0.00022313409 0.021731496 0.06883033 7.1425443e-06 0.0074068876 4.4921635e-06 0.48325083 0.000687378 0.88093925 9.0970127e-07 0.096025266 0.7558669 0.00011557314 0.60925514 0.29890218 8.401788e-08 1.7622e-05 8.983166e-06 0.528736 1.0677574e-05 7.283024e-15 1.981595e-07 4.559805e-07 1.4188187e-08 0.8962467 4.63432e-05 0.62718034 1.9118652e-05 0.30418527 0.0073515773 1.5327752e-06 1.0553409e-05 2.4085796e-07 3.656836e-08 0.31721655 5.6906e-07 1.4205377e-05 0.05464491 5.09783e-07 0.0003973579 0.32010823 0.00017458877 7.956815e-06 1.460975e-05 8.570371e-05 0.0022908943 0.00018969261 0.7943255 0.13691315 0.27146292 0.15920252 0.16649154 0.22018518 1.8895353e-05 0.7670848 0.32999638 3.0087683e-06 0.41841632 1.4528177e-05 7.489096e-05 0.07702097 0.25632238 0.07653992 0.006519236 5.238387e-07 0.032900795 0.027342604 0.036741003 0.05653351 0.008347627 8.433163e-07 1.5777046e-05 1.4639806e-05 2.840364e-05 4.9940754e-06 0.0012733921 0.00013396748 4.0074084e-07 0.051798213 1.8994624e-06 0.049291607 0.006100844 2.6577545e-06 0.0020809425 0.0067750486 0.001394074 0.00041712247 2.0622088e-06 4.859468e-07 0.008178479 0.00025310265
