1.3076378e-31 0.3132161 0.2253111 0.3570975 0.051629964 0.103288464 0.012724011 0.770634 0.3350009 0.07401631 0.015390321 0.0029113884 0.0032180462 0.747797 0.021344861 0.021454824 0.809276 0.7545485 0.002265805 0.00038425214 0.00018716697 0.34984493 0.9543414 0.20199397 0.0032750873 4.123369e-06 0.0050762445 0.8405712 0.49365622 0.95927227 0.00070357067 0.73326266 0.7496098 0.9791881 0.5049108 0.24026686 0.9355204 0.08039928 0.01406071 0.0034355614 0.10549134 0.17542973 0.016753549 0.07997896 0.323383 0.0002995161 0.00010880537 0.002610526 0.89094836 0.0110928565 1.323292e-06 0.6132747 0.38312098 0.11845065 0.99207246 0.119523235 1.0024246e-05 0.0042362576 0.0016883627 0.00018223173 0.6134513 0.9841962 0.22771567 0.000113497714 0.0015444126 5.7640753e-10 6.0150516e-09 0.9929758 0.0001527037 7.962732e-05 6.2201666e-06 1.22155325e-05 0.0011411038 0.9411261 0.9921577 2.8622578e-06 0.0023478796 1.2225687e-08 3.268893e-09 0.6105831 0.013879473 4.6912694e-05 0.13504349 2.9615567e-06 0.84862745 4.801237e-09 1.8105694e-11 0.93329006 0.8048413 7.1953856e-08 0.9863315 5.337855e-11 0.00045099732 1.0140349e-05 0.99714667 0.16161148 0.9945641 0.0041962517 1.4958983e-08 1.2808337e-05 5.8603016e-09
0.3132161 9.299083e-22 0.91411126 0.5801651 0.41817087 0.610795 0.3779155 0.5913033 0.1473682 0.23728032 0.17262007 0.2312144 0.2043789 0.4112615 0.100107946 0.06319724 0.28197202 0.23661348 0.12090942 0.05743919 0.05863112 0.038932566 0.07282294 0.012797795 0.018078016 0.015917834 0.048709445 0.027101234 0.012774164 0.2091251 0.15904593 0.0050374204 0.0030067866 0.15642941 0.0012740178 0.0027607789 0.015682243 0.0046233283 0.0059421584 0.026444213 0.00084186153 0.0004223905 0.0014589673 0.0029093374 0.0012047109 0.039379876 0.024541503 0.001550036 0.0011140585 0.000416699 0.007389978 0.00034080746 0.0012892948 0.0007766646 0.23296762 0.00072910776 0.0066614132 0.00034751702 0.005312895 0.004759964 0.001752961 0.008150525 0.0001439205 0.00016996528 0.00023055657 0.0003347717 0.0010879609 0.019038238 0.0012581594 0.001962629 0.00034781973 9.271818e-05 9.954308e-05 0.002382287 0.06488985 0.00040377435 4.062806e-05 0.00056064664 0.00025607686 0.000132149 1.3797688e-05 0.00021888714 0.00019222192 0.00039325436 0.0013619396 0.0006452677 0.00015345027 0.00087083573 0.0010305446 4.3220676e-05 0.008957369 0.0002630544 3.3125536e-06 9.751107e-06 0.0025205594 0.003907269 0.0064982804 5.521041e-06 7.162315e-05 1.3939224e-06 1.936827e-05
0.2253111 0.91411126 4.9524405e-22 0.6431666 0.52314067 0.62618345 0.46719489 0.5162086 0.17208561 0.27284563 0.25603196 0.33817646 0.24963203 0.33895087 0.10445623 0.11042424 0.32802337 0.19917575 0.13485394 0.08083025 0.08039087 0.05968863 0.04207541 0.020624243 0.027480856 0.024694014 0.056635108 0.0134400595 0.0075211404 0.1885632 0.20781773 0.0072878064 0.0039311466 0.14588904 0.0025276905 0.004650946 0.016812649 0.0067688515 0.0082177855 0.035611186 0.0016182287 0.00079381326 0.0018334172 0.002121508 0.002237515 0.06308904 0.02944958 0.0013069377 0.0011617617 0.0004708322 0.009332134 0.0006138297 0.0010382653 0.0006669372 0.17742649 0.0015558793 0.00838063 0.0003638918 0.0064297616 0.0041571544 0.001987029 0.0054575545 0.00037810247 0.00014481637 0.00028719072 0.00096462015 0.0014277454 0.01268781 0.0011576375 0.0018035602 0.00031511573 7.262226e-05 0.00011237876 0.002917253 0.04278549 0.00031285646 3.355495e-05 0.000855176 0.00026641804 0.0002850982 1.8926445e-05 0.00018627165 0.000412818 0.00038220495 0.0017318322 0.00044404637 0.00018011639 0.0007993917 0.00091618375 2.9975658e-05 0.0048983903 0.00024045508 3.933864e-06 5.1823754e-06 0.0014944448 0.0029925257 0.0033237275 7.1185736e-06 5.9452865e-05 7.576818e-07 1.1398481e-05
0.3570975 0.5801651 0.6431666 8.070613e-24 0.87380826 0.23783676 0.16492735 0.11081927 0.8392768 0.020583019 0.70452476 0.24119769 0.06545476 0.23757944 0.011257367 0.25245 0.43813446 0.2210605 0.036290932 0.1812847 0.13698949 0.098540254 0.020992931 0.02820353 0.05498306 0.067357615 0.008026222 0.004464427 0.0020425324 0.2392194 0.075141 0.030963948 0.0135072945 0.29180938 0.005990725 0.006595913 0.033016674 0.011691557 0.02039402 0.052450743 0.0025265554 0.001558073 0.003945752 0.00035830535 0.0019760432 0.07482721 0.005106436 0.00015480313 0.0065135183 0.0011548763 0.002319609 0.0015656854 0.0002703313 0.00013583963 0.21327628 0.0008833683 0.00043710452 0.00065047253 0.011752107 7.402657e-05 0.00053863676 0.002309245 0.00068824395 4.393489e-05 0.00018859535 0.0007144101 0.0006543248 0.039377037 0.0008514132 0.0012207229 2.0943273e-05 1.9268948e-05 7.812138e-05 0.008820632 0.04225033 0.0004781817 5.9165428e-05 0.00094703236 7.7627585e-05 0.0007819242 1.4154368e-05 7.067687e-05 0.0008233867 0.0003093747 0.0041397824 5.963185e-05 0.00015097244 0.0024157984 0.00024083444 5.1558045e-06 0.010116921 0.00019576303 1.1275148e-06 8.1591145e-07 0.0052567143 0.0010534405 0.0068916865 3.1032853e-06 1.5795142e-05 2.7884005e-07 3.1464335e-06
0.051629964 0.41817087 0.52314067 0.87380826 2.512687e-22 0.32517868 0.29487962 0.09662376 0.37208596 0.07115079 0.7056205 0.4416259 0.10383094 0.10565568 0.031594258 0.20202895 0.23811948 0.056364108 0.07166227 0.2667483 0.18611771 0.07741443 0.0053757722 0.033057407 0.061442897 0.1256793 0.012497072 0.0025462077 0.0022761154 0.052890558 0.12343204 0.014003147 0.011197412 0.08016656 0.0063072606 0.008170589 0.013230688 0.01361226 0.022166543 0.06034203 0.0025726175 0.0014449073 0.0040102242 0.0005441174 0.0026996147 0.106804155 0.0065501276 0.00034486 0.0023166444 0.0010032434 0.0061638705 0.0014960861 0.0005369435 0.0002897796 0.047123764 0.0016555907 0.0006466251 0.00045322345 0.013163787 0.00050918903 0.001263224 0.0013328195 0.0012843179 4.004597e-05 0.00019427534 0.0027798817 0.0016609099 0.006838303 0.00096336164 0.0011831099 7.6749544e-05 1.6900365e-05 6.8271635e-05 0.0033207606 0.014253205 0.0005683595 2.6833488e-05 0.0018735181 0.00014532245 0.0017882698 2.4344532e-05 6.6428154e-05 0.0009628977 0.00025696418 0.0036643909 3.866245e-05 0.00075416244 0.0023486412 0.00028153713 1.2058084e-05 0.0026557483 0.00023644647 2.4185567e-06 1.2893101e-06 0.0007504173 0.00083756435 0.0020187092 1.3000799e-05 4.016695e-05 1.855393e-07 7.606927e-06
0.103288464 0.610795 0.62618345 0.23783676 0.32517868 1.0921277e-21 0.7257873 0.83046913 0.0860065 0.7369464 0.13012847 0.37624195 0.5441633 0.4133193 0.5346887 0.031764522 0.11273316 0.16599362 0.35875335 0.035114616 0.06264066 0.015905786 0.1540738 0.006430382 0.01102498 0.00856401 0.27593085 0.096135244 0.12351031 0.1347141 0.19749151 0.0031458368 0.0009229808 0.049314044 0.0005375188 0.0012554365 0.006981078 0.0035659617 0.0027756789 0.013486057 0.0007426115 0.00026077192 0.00076463446 0.03514482 0.00093954516 0.008296009 0.075399846 0.01436764 0.0007463578 0.00018921256 0.01069277 0.0005392589 0.010402064 0.0052661425 0.14027631 0.002111762 0.012396 0.00013655258 0.0023588748 0.015381819 0.006424435 0.027777432 0.00027591747 0.0011240889 0.00016369972 0.00038087158 0.000827228 0.0070862416 0.00055442605 0.00070413953 0.002023881 0.00059404277 5.509089e-05 0.0023914902 0.07106403 0.0002441122 1.3698973e-05 0.00044017957 0.0015116815 0.00014488102 9.885338e-06 0.00027568755 0.00016920692 0.0003537836 0.0019263878 0.0009740331 0.00025267625 0.00073134276 0.0050120596 0.00013786975 0.003408873 0.0005328378 7.072977e-06 0.00011660595 0.0014166224 0.010760633 0.0033056443 4.729902e-06 0.00022275945 3.3719032e-05 8.443858e-05
0.012724011 0.3779155 0.46719489 0.16492735 0.29487962 0.7257873 7.5528907e-23 0.33673367 0.17150183 0.48536092 0.3034522 0.71406627 0.6406456 0.20682493 0.3176505 0.16622715 0.1458245 0.09830094 0.4194886 0.116991356 0.12967569 0.06853327 0.041108664 0.022351403 0.04050644 0.024687918 0.19031145 0.017214246 0.030709296 0.0611706 0.375046 0.007553526 0.004757958 0.04369833 0.0022548405 0.0033949951 0.010975218 0.0038264536 0.006728908 0.034286547 0.0010629509 0.00039029468 0.00095709704 0.005062167 0.0014096793 0.045366272 0.04682202 0.003226174 0.0010648669 0.00015191222 0.024984583 0.0012049885 0.003930652 0.0028536166 0.043514255 0.0010110631 0.0074397856 8.8189685e-05 0.0034209993 0.0036285343 0.004877053 0.004795913 0.0012695701 0.00010827963 3.6949434e-05 0.0026737803 0.0030181706 0.0059258146 0.00018611539 0.00019285266 0.00067950104 2.8560424e-05 1.7063856e-05 0.0014506725 0.02401232 0.0001907428 5.3595422e-06 0.00050183147 0.0004205165 0.0011241114 1.1494379e-05 7.861735e-05 0.0010408325 5.9806927e-05 0.0020683638 0.00028293327 0.000387836 0.0013159119 0.0013610113 1.1334687e-05 0.0023706458 0.00014082757 3.271405e-06 2.4201854e-06 0.0014476762 0.0018309003 0.002766671 1.7158477e-06 3.8480477e-05 3.9074789e-07 6.8487707e-06
0.770634 0.5913033 0.5162086 0.11081927 0.09662376 0.83046913 0.33673367 2.8745896e-19 0.02232056 0.7951864 0.03834976 0.12838094 0.34785825 0.6882192 0.69092584 0.02077358 0.02079547 0.30271596 0.2589978 0.012025839 0.018627206 0.005079409 0.57252425 0.0030206726 0.00669536 0.0039843763 0.34215093 0.2559851 0.3020483 0.24691327 0.091622435 0.003092231 0.0006856895 0.015859777 0.00037316518 0.00067782187 0.0018763916 0.0014365844 0.002320276 0.007609046 0.00018142418 0.00016540458 0.0006467522 0.10794172 0.000117200965 0.0045636753 0.04995769 0.028434118 0.00016650929 0.00017508233 0.003998617 4.521573e-05 0.043436464 0.042590406 0.26983872 0.00019019422 0.012458446 0.00025493407 0.002124307 0.029941678 0.02333088 0.13314323 4.769738e-05 0.0035451772 0.00020553877 5.2335046e-05 0.00018167021 0.020533798 0.0007437107 0.0009285075 0.0018813271 0.0018359944 4.0365598e-05 0.00076098146 0.34656864 0.00016928506 1.56396e-05 0.000116805946 0.00018213529 2.689213e-05 5.7910747e-06 0.0001684571 1.277691e-05 0.00018914978 8.812672e-05 0.00037923583 0.00019100108 5.7059184e-05 0.013553062 0.0005670753 0.02500279 6.518918e-05 1.9655881e-06 0.00083503325 0.0041559655 0.034260724 0.016885497 1.4828748e-06 0.00027501796 0.0002677098 0.00043965262
0.3350009 0.1473682 0.17208561 0.8392768 0.37208596 0.0860065 0.17150183 0.02232056 8.086461e-22 0.015551917 0.6884243 0.22713695 0.04863765 0.11648351 0.008050773 0.633513 0.71670896 0.12630053 0.024679497 0.26425755 0.13629338 0.44162846 0.0048132264 0.20710795 0.18543357 0.08165289 0.003434538 0.0022484576 0.001360483 0.14578319 0.034303494 0.1308556 0.08500743 0.46810508 0.051188957 0.058780488 0.16200705 0.13855886 0.15086666 0.20765336 0.021576282 0.012561686 0.028200593 0.00022299749 0.015821896 0.16031979 0.0011733253 9.822044e-05 0.025252167 0.010413816 0.0010021761 0.0072506657 0.00020531486 0.000118383614 0.25207236 0.007685681 0.00015401868 0.0074255276 0.05857888 4.2340518e-05 0.00031591344 0.0012703385 0.005670899 4.4386576e-05 0.0014541512 0.0009218873 0.00075327535 0.09317167 0.009003772 0.0065862327 2.1296039e-05 2.6933118e-05 0.0006075883 0.04524131 0.025126679 0.005548137 0.0005007747 0.0043982626 7.472516e-05 0.0073039555 0.00026360765 0.00039699575 0.0045658825 0.001976717 0.014868372 5.7027526e-05 0.0003000914 0.012471712 0.0002644774 9.721802e-06 0.013536258 0.00071681786 2.3820676e-05 3.1958273e-06 0.010201716 0.0010713306 0.01189176 7.2267554e-05 1.4889506e-05 2.6060246e-07 3.8613016e-06
0.07401631 0.23728032 0.27284563 0.020583019 0.07115079 0.7369464 0.48536092 0.7951864 0.015551917 3.5007467e-21 0.016415825 0.21257626 0.7241163 0.40371996 0.82712585 0.0056457226 0.032278217 0.111146815 0.5113737 0.00760601 0.014611945 0.00354345 0.18466102 0.0016350952 0.0018013598 0.0017809398 0.5668695 0.13945681 0.28537357 0.08276331 0.26855692 0.0012923601 0.00070299016 0.020172684 0.0003490156 0.0006251827 0.0019201674 0.0010138494 0.0012715779 0.006765109 0.0003524551 0.0001903216 0.00034037384 0.1141588 0.00075976865 0.005067354 0.16198815 0.046773832 0.00032924037 6.809885e-05 0.012963385 0.0005936783 0.021649882 0.01822427 0.05384674 0.0012071618 0.045454033 7.254501e-05 0.0020510764 0.037026845 0.02040626 0.030954177 0.00028679793 0.0033310817 0.00013649398 0.00031372532 0.00063332805 0.0047105453 0.00024434584 0.00027386792 0.004315137 0.0017680741 5.3320047e-05 0.00089095574 0.054793388 0.00016915449 1.1233681e-05 0.00016952834 0.0029456085 0.00017947273 8.790114e-06 0.0001668668 0.0001582517 0.00018850077 0.0015271739 0.0025822432 0.00028694296 0.00022766979 0.006329724 0.00030314908 0.0049783364 0.00023554916 1.15382e-05 0.00069758267 0.00091767684 0.021625439 0.002390683 2.3840416e-06 0.0008030161 0.00016357799 0.00020484156
0.015390321 0.17262007 0.25603196 0.70452476 0.7056205 0.13012847 0.3034522 0.03834976 0.6884243 0.016415825 2.5667803e-25 0.7235273 0.061785344 0.068996556 0.011254711 0.76312655 0.30080074 0.054217085 0.030979136 0.75688034 0.5592765 0.22685139 0.0032346833 0.08458686 0.36910322 0.5104173 0.0028359105 0.0018631482 0.0021720997 0.047086857 0.084607854 0.026298674 0.021900143 0.13790183 0.015298401 0.018592129 0.02483087 0.023449162 0.041000552 0.14398372 0.0053701284 0.0019331033 0.00648382 0.00039239385 0.0039876536 0.24359934 0.0031032574 8.272134e-05 0.0025037457 0.000938876 0.0035189474 0.0024356763 0.00029888898 8.448305e-05 0.013288503 0.0032187111 0.00019927544 0.00043130136 0.019667983 6.6292596e-05 0.0002522484 0.000781932 0.0012229049 3.6352808e-06 0.00013972432 0.0024965561 0.00072921964 0.0018287277 0.0009046873 0.0013205281 2.2832872e-05 1.367594e-06 3.158419e-05 0.0016918015 0.0045531024 0.000934843 1.8600493e-05 0.004886495 9.098202e-05 0.0012753123 1.6148124e-05 5.1112613e-05 0.00088326755 0.00013778116 0.0037934727 2.2648856e-05 0.0015046361 0.0012999777 0.00015275046 2.7519318e-06 0.00058360054 0.0009910731 1.768622e-06 1.3832192e-07 0.00025656063 0.0004445408 0.0005062027 3.5997195e-06 2.3655306e-05 1.1295618e-08 1.3637882e-06
0.0029113884 0.2312144 0.33817646 0.24119769 0.4416259 0.37624195 0.71406627 0.12838094 0.22713695 0.21257626 0.7235273 4.372581e-22 0.49169347 0.15543951 0.0733555 0.36924258 0.12398845 0.06724055 0.3913782 0.49267146 0.54039115 0.078401364 0.015001666 0.042730115 0.23534445 0.18933123 0.025471121 0.0051034754 0.010886216 0.042621076 0.42986953 0.011280753 0.0057118237 0.024005402 0.004308781 0.008490508 0.0060976394 0.008336036 0.010518429 0.058827683 0.0030097829 0.0011833068 0.002093914 0.00312754 0.0006914616 0.16398694 0.01295227 0.001612209 0.0005015329 0.00022483888 0.05157407 0.0006488255 0.0010026154 0.00075334864 0.009869895 0.00042392052 0.0018770806 0.00011211468 0.0046192016 0.0008264194 0.0010946979 0.0007626528 0.00049197645 7.651611e-05 3.6569247e-05 0.014903572 0.007766927 0.0014390512 0.00023013262 0.00040178405 0.00036106995 3.5444536e-05 2.6381547e-05 0.00082778715 0.016738825 0.00087983586 1.580188e-05 0.0024631678 0.00023943062 0.000563009 2.6800832e-05 0.00010737603 0.0006111286 0.00022580932 0.001734013 3.3796103e-05 0.0017519642 0.000605923 0.0006637781 2.0695448e-05 0.001333604 0.00080513716 2.1541295e-05 5.277185e-06 0.0009336273 0.00073444884 0.0018500704 6.9928014e-06 1.4779483e-05 4.6558628e-07 5.140158e-06
0.0032180462 0.2043789 0.24963203 0.06545476 0.10383094 0.5441633 0.6406456 0.34785825 0.04863765 0.7241163 0.061785344 0.49169347 1.3231025e-23 0.18372262 0.6476727 0.026202979 0.025392475 0.06430232 0.72742814 0.013224878 0.041132037 0.013512705 0.03982745 0.0056259516 0.0062451437 0.0027004774 0.49634922 0.025719369 0.07420932 0.03663381 0.4193399 0.0023494274 0.0014523427 0.008864406 0.00083198806 0.0016230254 0.0019314422 0.0013142694 0.0013382939 0.0072717275 0.00041100895 0.00021735177 0.0003359916 0.018078888 0.00044187944 0.0064081466 0.17033583 0.009867453 9.608919e-05 5.3424294e-05 0.044612147 0.00086230703 0.0058184476 0.005210318 0.0070532286 0.0005787724 0.034516454 4.3254284e-05 0.000577691 0.008338715 0.007450599 0.004800561 0.0008974022 0.00045502835 6.2630636e-05 0.00076284603 0.0022611015 0.001177304 7.143944e-05 0.00015820962 0.0012817283 0.00026065903 2.126154e-05 0.00050328847 0.017737022 5.5998164e-05 1.529657e-05 5.2056144e-05 0.00076556293 0.00031658084 2.5454765e-05 2.3793069e-05 0.00018999407 3.7964546e-05 0.00093576574 0.0010593629 9.268255e-05 0.00026833528 0.0006333538 3.4741646e-05 0.0008716641 2.8830966e-05 9.298876e-06 1.0481233e-05 0.00033138116 0.0013853626 0.0009592284 2.1451576e-06 0.00010417251 1.660095e-06 1.7429109e-05
0.747797 0.4112615 0.33895087 0.23757944 0.10565568 0.4133193 0.20682493 0.6882192 0.11648351 0.40371996 0.068996556 0.15543951 0.18372262 2.5840328e-17 0.23322618 0.06831645 0.11201215 0.7778045 0.14390807 0.025209513 0.019660806 0.051313743 0.7324064 0.017355625 0.012581757 0.004297914 0.12279117 0.18495204 0.22805035 0.5985458 0.10368884 0.0024403238 0.0010535496 0.048818357 0.0005110043 0.0012500953 0.0040997434 0.004892326 0.0092692515 0.015436388 0.00032206194 0.00018161928 0.0011182274 0.10031581 8.758529e-05 0.009246301 0.08252892 0.026494803 0.00022861669 0.00043426768 0.0074038967 8.25678e-05 0.04012239 0.041809045 0.16743284 7.88014e-05 0.044843104 0.00057995896 0.0042937007 0.035700195 0.024342265 0.041660767 0.0001226046 0.0070782476 0.00011483899 0.00037089305 0.0011359085 0.016487824 0.0008448716 0.0015812974 0.010424984 0.0037367123 4.7299578e-05 0.00066372973 0.3703969 0.0002561509 2.110073e-05 0.000377578 0.0027851702 0.000211134 1.5202662e-05 0.00012929167 7.625648e-05 0.00014802074 0.00024127767 0.0031436102 0.0012111932 0.00021351484 0.0032226087 0.0033859483 0.01202025 0.00016713214 3.566941e-06 0.0030102467 0.0023689293 0.0053023812 0.0065758084 1.0579498e-05 0.0025899773 0.0006286203 0.0016402687
0.021344861 0.100107946 0.10445623 0.011257367 0.031594258 0.5346887 0.3176505 0.69092584 0.008050773 0.82712585 0.011254711 0.0733555 0.6476727 0.23322618 1.8328384e-22 0.0018083852 0.0025000367 0.05656012 0.53839844 0.0024471697 0.003158125 0.0005457061 0.11383228 0.00020694785 0.00022739184 0.00033574156 0.69127715 0.14107388 0.32725045 0.036574274 0.14031109 0.00021979667 7.201753e-05 0.002262387 3.2515345e-05 0.00020937771 0.00019317624 0.00013306167 0.00010133625 0.0010663172 8.973435e-05 5.256323e-05 9.651617e-05 0.24135026 3.7531052e-05 0.0006368497 0.18465723 0.15078226 4.3150416e-05 1.7490467e-05 0.011556983 8.767605e-05 0.040291555 0.041058876 0.013994903 3.3533324e-05 0.06838502 1.5214428e-05 0.00021876174 0.08937821 0.034067012 0.031822696 4.0277577e-05 0.0115179 4.2495005e-05 2.8751094e-05 0.00023061859 0.0011882504 2.6669955e-05 3.6591715e-05 0.0077260262 0.0042764815 1.1451794e-05 0.00016976552 0.037187215 6.136585e-05 1.679132e-06 3.7531947e-05 0.0028928656 2.4084578e-05 1.8843806e-06 2.415522e-05 1.43407315e-05 1.5462037e-05 0.000104921186 0.0025741179 7.755973e-05 3.0102137e-05 0.005153834 0.00033083992 0.0019954103 4.595332e-05 1.5418003e-06 0.0011711583 0.00085701456 0.01696372 0.0017100698 6.387986e-07 0.00089276745 0.0003327444 0.00018208771
0.021454824 0.06319724 0.11042424 0.25245 0.20202895 0.031764522 0.16622715 0.02077358 0.633513 0.0056457226 0.76312655 0.36924258 0.026202979 0.06831645 0.0018083852 2.3749966e-26 0.44714916 0.048077583 0.009780444 0.60020804 0.25396404 0.4240238 0.002576316 0.27254996 0.754065 0.31106088 0.00033739713 0.0018485925 0.0015129832 0.062783435 0.026416205 0.0874839 0.10256289 0.24135213 0.07477679 0.096392795 0.07990293 0.11951582 0.13275574 0.273648 0.03023452 0.015675223 0.026591063 8.975403e-05 0.011814723 0.33192623 0.0003820122 3.1437958e-05 0.0076379636 0.0060056155 0.0011524652 0.0030851893 9.343977e-05 3.0912266e-05 0.018279754 0.0061739665 4.491609e-05 0.0038669368 0.06459463 1.5050946e-05 7.6305005e-05 0.0005121044 0.0019699337 4.004954e-06 0.00047795146 0.0012394647 0.00023108642 0.0060951775 0.005049888 0.003901516 7.233647e-06 1.1127465e-06 0.00015101433 0.0061334055 0.0042704707 0.0082017 5.9110887e-05 0.010689425 4.778867e-05 0.0018899456 4.224513e-05 0.00027583903 0.0017332557 0.0012454378 0.0061044004 2.5471596e-05 0.0008343721 0.0035869156 0.00013259587 1.1894003e-06 0.002258649 0.0015999189 1.012991e-05 1.897667e-07 0.0012037761 0.0008983916 0.0017583977 1.705546e-05 2.4355365e-06 4.449498e-09 2.6744783e-07
0.809276 0.28197202 0.32802337 0.43813446 0.23811948 0.11273316 0.1458245 0.02079547 0.71670896 0.032278217 0.30080074 0.12398845 0.025392475 0.11201215 0.0025000367 0.44714916 1.3227124e-18 0.14428449 0.016224613 0.15557088 0.051506195 0.6274785 0.0058815563 0.46124887 0.19516984 0.020215293 0.001004681 0.0013151346 0.0015385287 0.1876363 0.010065372 0.30404648 0.32078052 0.77158666 0.19883756 0.2970816 0.39758992 0.35565707 0.26174495 0.19012825 0.12346241 0.076192774 0.09946063 0.000250556 0.04367558 0.1251406 0.0019064985 0.00021453008 0.09972978 0.034411557 0.00037767523 0.015030106 0.00033542805 8.1030594e-05 0.45556137 0.016905274 8.9309186e-05 0.011619533 0.043106433 0.00016279021 0.00013968555 0.00071067334 0.010471713 7.589315e-05 0.0034288152 0.00014455226 7.642605e-05 0.43319455 0.008456015 0.0070401505 4.0606254e-05 9.2341834e-05 0.0010930178 0.20805556 0.04393329 0.0028535025 0.0015217154 0.0021017715 6.0885104e-05 0.0123315165 0.00104786 0.00041515188 0.010188289 0.0009135872 0.029848404 0.0001611498 0.00045880015 0.055048447 0.00020101947 1.468e-05 0.32223493 0.00020049507 0.00014603739 1.3670372e-06 0.23900151 0.0005799736 0.28987962 0.00025716276 1.9856338e-05 2.3342193e-07 5.667536e-06
0.7545485 0.23661348 0.19917575 0.2210605 0.056364108 0.16599362 0.09830094 0.30271596 0.12630053 0.111146815 0.054217085 0.06724055 0.06430232 0.7778045 0.05656012 0.048077583 0.14428449 1.2045593e-18 0.03752078 0.017582199 0.01160615 0.08672611 0.5242983 0.022457428 0.0063856533 0.0027090362 0.025359403 0.048201 0.07407887 0.8600013 0.016966447 0.0050216876 0.0034013374 0.0803737 0.0009718841 0.0040313336 0.00917137 0.008039395 0.007859873 0.0106984265 0.00086911244 0.0005298524 0.0021762173 0.017311726 0.00018551164 0.006416375 0.006838639 0.004592224 0.0003004101 0.0005652856 0.0013606944 0.00022710228 0.012367804 0.00906986 0.3087785 9.958485e-05 0.0025460373 0.0010623088 0.0040173368 0.0054487684 0.0088300835 0.01727662 0.00032004176 0.0026909306 0.00024586357 0.00020816043 0.00043781477 0.032375596 0.00177558 0.0023209841 0.002356696 0.0013832095 8.9484376e-05 0.0010953725 0.19977213 0.00064277597 5.286537e-05 0.00039013688 0.0008039771 0.0003659377 3.1948322e-05 0.00010817156 0.00017652873 0.0002194607 0.0005615124 0.0009501335 0.00027213682 0.00042662388 0.000850731 0.00064754864 0.019595666 9.994173e-05 6.158491e-06 0.00077635876 0.0069374833 0.0019402789 0.0153829185 2.1744436e-05 0.0007171621 8.773853e-05 0.00027063699
0.002265805 0.12090942 0.13485394 0.036290932 0.07166227 0.35875335 0.4194886 0.2589978 0.024679497 0.5113737 0.030979136 0.3913782 0.72742814 0.14390807 0.53839844 0.009780444 0.016224613 0.03752078 2.193937e-23 0.0071638725 0.02607171 0.006017844 0.027066177 0.003375718 0.0027251965 0.0023049018 0.6246177 0.014965007 0.046305977 0.017715637 0.6270938 0.0016848347 0.00054899853 0.006077648 0.00042618712 0.0013234537 0.00057260285 0.0009151197 0.0008388326 0.0037828046 0.0003506838 0.0002388183 0.00029399424 0.018136073 0.00013878156 0.0038237174 0.43608275 0.01171284 4.6956873e-05 2.8559525e-05 0.15728596 0.00032601092 0.0037210584 0.0030880447 0.002579993 0.00014314013 0.10850579 2.2785953e-05 0.00035873652 0.016567225 0.0040146844 0.002337523 0.00025286985 0.0007014331 2.7353211e-05 0.002280849 0.0075159236 0.00052227447 3.9798342e-05 8.539474e-05 0.0023206966 0.00042001126 1.4682549e-05 0.000245374 0.00868164 3.4981786e-05 1.0812539e-05 4.561928e-05 0.0047197025 9.458937e-05 2.1468244e-05 7.32013e-06 1.787119e-05 1.9672452e-05 0.00016335896 0.006024175 4.227068e-05 5.439316e-05 0.00031242237 6.232057e-05 0.0006592485 1.3198671e-05 1.1889405e-05 3.5331916e-05 0.00019345869 0.0012350647 0.0009028889 3.6514796e-06 0.000121582874 3.5909693e-06 2.5097124e-05
0.00038425214 0.05743919 0.08083025 0.1812847 0.2667483 0.035114616 0.116991356 0.012025839 0.26425755 0.00760601 0.75688034 0.49267146 0.013224878 0.025209513 0.0024471697 0.60020804 0.15557088 0.017582199 0.0071638725 1.8021148e-26 0.6305118 0.11661688 0.0018625051 0.056885287 0.5098925 0.75107664 0.00039071625 0.0012349923 0.0025158236 0.007932933 0.0353768 0.017448194 0.018364267 0.04354367 0.0119356625 0.01665675 0.008116028 0.026115637 0.048999254 0.1337844 0.01011736 0.005207856 0.008322111 0.00025643856 0.0041771005 0.22740851 0.0009566517 0.00012597749 0.0004937084 0.0014525206 0.0014680758 0.0012912736 0.00015557063 0.00010453267 0.003121393 0.0023769212 9.711844e-05 0.0008845632 0.016835706 5.5201435e-05 0.00025288793 0.00010994 0.00032953252 1.05692625e-05 0.0001520798 0.0025849384 0.0002400811 0.0008540517 0.0011126354 0.0009940562 2.9338154e-05 4.523417e-06 0.0001050215 0.0010193678 0.0034205492 0.0019166517 6.9466565e-05 0.0040908325 3.68773e-05 0.00031477542 9.20163e-05 0.00012274159 0.0005031529 0.0005504967 0.0012723155 3.490532e-06 0.001450467 0.00035470625 0.00013808292 3.7618001e-06 0.0008604521 0.0011934012 4.7362544e-05 2.8240098e-07 0.00047769197 0.00043035677 0.0007023432 6.69809e-05 4.9963764e-06 1.4247223e-08 4.4618469e-07
0.00018716697 0.05863112 0.08039087 0.13698949 0.18611771 0.06264066 0.12967569 0.018627206 0.13629338 0.014611945 0.5592765 0.54039115 0.041132037 0.019660806 0.003158125 0.25396404 0.051506195 0.01160615 0.02607171 0.6305118 4.309387e-24 0.032616775 0.0021565028 0.020705502 0.1342998 0.57954735 0.0016089658 0.0011538437 0.0021253282 0.0050521083 0.11700342 0.0053239646 0.004939983 0.009575946 0.003802214 0.007593718 0.001107642 0.0070339832 0.0072568543 0.039253246 0.0047888067 0.0021857885 0.003589896 0.00047924952 0.0007965239 0.07597883 0.0012800023 0.00033324715 7.73453e-05 0.0005257356 0.005560694 0.00027455308 0.0002621568 0.00022385216 0.0016872303 0.0005195276 0.00014192588 0.00016916239 0.0031996134 0.00012911078 0.0004162689 0.00013811176 0.000114080896 2.1464662e-05 7.310681e-05 0.004866776 0.0009195368 0.0005886572 0.00014954676 0.00029067637 4.684943e-05 9.17735e-06 6.745102e-05 0.0005165274 0.003592165 0.00030060898 5.2318675e-05 0.00084856787 2.142705e-05 0.00012358505 7.3688054e-05 8.078013e-05 0.0002441411 0.00017132088 0.00023422528 5.1770894e-06 0.00063294254 7.017758e-05 0.00026776802 3.7188674e-06 0.00091134734 0.00032282915 1.8479941e-05 7.3008346e-07 0.0007210894 0.00031130464 0.001617934 6.0540624e-06 2.8917552e-06 6.171996e-08 8.149969e-07
0.34984493 0.038932566 0.05968863 0.098540254 0.07741443 0.015905786 0.06853327 0.005079409 0.44162846 0.00354345 0.22685139 0.078401364 0.013512705 0.051313743 0.0005457061 0.4240238 0.6274785 0.08672611 0.006017844 0.11661688 0.032616775 1.6867452e-22 0.0033045523 0.7894933 0.2712844 0.01756581 0.00018947187 0.0007840425 0.00069508073 0.118970156 0.0072659883 0.39266834 0.44802767 0.43583235 0.31409004 0.4778764 0.37114283 0.5248122 0.41852775 0.35019928 0.21353331 0.11681834 0.23664199 0.00013048106 0.146013 0.16444652 0.0013338235 6.369554e-05 0.14880872 0.09139569 0.00056405 0.028223792 8.298208e-05 3.305225e-05 0.20027556 0.04239788 0.00023756531 0.06990682 0.113063976 9.516338e-05 3.8671635e-05 0.00056478527 0.027151726 5.627607e-05 0.015509868 0.00020683026 0.00021537855 0.15978551 0.03404056 0.035218515 3.718224e-05 4.1301682e-05 0.008294964 0.28768632 0.014774806 0.01762079 0.0022017094 0.012470476 0.00011753922 0.022792691 0.0009598768 0.006146229 0.019631783 0.010759038 0.053787563 0.00015852602 0.00038159126 0.092504196 7.318158e-05 7.963412e-06 0.02012675 0.0016832477 0.00022517299 1.1106907e-06 0.03435821 0.0007275484 0.024114477 0.00035683293 1.4125996e-05 1.5095996e-07 1.1315683e-06
0.9543414 0.07282294 0.04207541 0.020992931 0.0053757722 0.1540738 0.041108664 0.57252425 0.0048132264 0.18466102 0.0032346833 0.015001666 0.03982745 0.7324064 0.11383228 0.002576316 0.0058815563 0.5242983 0.027066177 0.0018625051 0.0021565028 0.0033045523 1.2892555e-18 0.0010359272 0.00069682125 0.00030923547 0.08148368 0.8791128 0.7177428 0.17635448 0.0039920635 3.7878763e-05 1.8168867e-05 0.0016016769 6.865702e-06 0.00013135777 8.072246e-05 0.00034280223 0.0007064328 0.0015151695 3.9236555e-05 1.1830648e-05 0.00011876482 0.22135352 9.0180964e-07 0.00040595356 0.006446929 0.043402117 3.5271635e-06 6.990251e-05 0.00031140144 7.1081087e-07 0.14354289 0.09217952 0.081766896 1.0541715e-06 0.004553242 0.00015693066 0.00042521866 0.018358896 0.024659187 0.18054451 3.972811e-07 0.007283933 6.639e-06 1.078957e-05 0.00014437882 0.0018386034 0.0002685278 0.00036762233 0.0043826536 0.0018471652 1.6240301e-06 3.8304293e-05 0.7423571 8.324706e-05 1.3777523e-06 5.6629568e-05 0.00025132444 1.5197263e-06 5.7070014e-07 5.526778e-06 3.546499e-07 7.2317336e-05 2.6790265e-06 0.00033773776 5.3305816e-05 6.7299857e-06 0.0026291518 0.0013776979 0.001551992 1.4364823e-05 2.1216371e-07 0.00043776367 0.00021425774 0.0026535748 0.0008554109 1.3105964e-07 0.0012615218 0.0002023825 0.00076902955
0.20199397 0.012797795 0.020624243 0.02820353 0.033057407 0.006430382 0.022351403 0.0030206726 0.20710795 0.0016350952 0.08458686 0.042730115 0.0056259516 0.017355625 0.00020694785 0.27254996 0.46124887 0.022457428 0.003375718 0.056885287 0.020705502 0.7894933 0.0010359272 4.737149e-22 0.17688198 0.0077572525 8.592041e-05 0.0005354998 0.00027422517 0.036835257 0.004409441 0.3802175 0.44069353 0.23603666 0.33716223 0.56614804 0.27663055 0.6211926 0.48491392 0.36875758 0.40404937 0.22988643 0.34452012 7.814918e-05 0.30603096 0.14848706 0.000621655 1.6600246e-05 0.20286624 0.14634688 0.0001463564 0.06525011 5.3856194e-05 2.8867586e-05 0.052857164 0.08206312 0.00020174275 0.087115705 0.1319994 1.954266e-05 3.25432e-05 0.00020815407 0.042136166 1.5558064e-05 0.025299609 0.0001038033 7.566775e-05 0.056769017 0.0484662 0.05193644 6.7808433e-06 8.815652e-06 0.01344551 0.22252557 0.004263565 0.01711162 0.0064476826 0.013211667 0.00010942464 0.030194035 0.0036168736 0.0097845355 0.025616825 0.014086419 0.0656703 0.00020534148 0.00013068541 0.102250144 3.512473e-05 4.854482e-06 0.007903661 0.0013268848 0.00094981317 1.093373e-06 0.013325503 0.00041228448 0.009027839 0.001260618 7.5482685e-06 7.445814e-08 3.129273e-07
0.0032750873 0.018078016 0.027480856 0.05498306 0.061442897 0.01102498 0.04050644 0.00669536 0.18543357 0.0018013598 0.36910322 0.23534445 0.0062451437 0.012581757 0.00022739184 0.754065 0.19516984 0.0063856533 0.0027251965 0.5098925 0.1342998 0.2712844 0.00069682125 0.17688198 2.4333643e-22 0.25183544 5.560739e-05 0.00039037433 0.0005394466 0.002806011 0.010370115 0.04781829 0.074894056 0.051875353 0.044417787 0.0861042 0.027371995 0.15244116 0.24279457 0.46812466 0.036127176 0.021663181 0.06241433 3.1611336e-05 0.009424959 0.54499984 0.00014039445 4.0483024e-05 0.0043055895 0.014581279 0.000664988 0.0026264354 4.6389276e-05 1.759186e-05 0.0055999286 0.0049477913 0.00012693321 0.009375362 0.13348457 2.3701776e-05 5.4614542e-05 2.1829062e-05 0.002641924 1.6130707e-06 0.0014950784 0.0028060817 0.00011416622 0.003995474 0.014987408 0.01127166 1.3250012e-05 5.641821e-07 0.00052512303 0.002029015 0.0055722664 0.020512361 0.000155313 0.021047331 9.76807e-05 0.0020145744 0.00013856044 0.0010411222 0.0018589046 0.0033616784 0.0051208124 6.030414e-06 0.0017981419 0.0022375567 9.4066534e-05 6.2999766e-07 0.0035002162 0.003591004 2.755342e-05 4.0696972e-07 0.0011073974 0.00016376139 0.003580152 9.712835e-05 1.4358952e-06 3.4543117e-09 6.9504495e-08
4.123369e-06 0.015917834 0.024694014 0.067357615 0.1256793 0.00856401 0.024687918 0.0039843763 0.08165289 0.0017809398 0.5104173 0.18933123 0.0027004774 0.004297914 0.00033574156 0.31106088 0.020215293 0.0027090362 0.0023049018 0.75107664 0.57954735 0.01756581 0.00030923547 0.0077572525 0.25183544 5.671022e-25 0.00032178868 0.0003452254 0.0015721887 0.00032720636 0.07394704 0.0011704348 0.0021032202 0.0033418252 0.0011191946 0.0025688184 0.00032664018 0.0033499124 0.008303137 0.033899352 0.0014260642 0.0013628022 0.0010906785 0.00018268712 0.0005091959 0.26170176 0.0004950509 0.00012101477 5.8868307e-05 0.00012257234 0.0033767847 0.00031303047 0.000117559066 0.000110625835 0.001183585 0.0003735264 8.459253e-05 9.264314e-05 0.006564076 5.3115316e-05 0.00029538313 1.4119745e-05 0.00017123463 2.1994814e-05 1.7660475e-05 0.01738428 0.0033064575 0.0007021245 0.00026396938 0.0003792317 2.3403092e-05 1.1229129e-05 9.042551e-06 0.00023828687 0.0037231862 0.0014630734 1.4913495e-05 0.006098649 5.371739e-05 0.00014029753 2.7210268e-05 1.7906317e-05 0.00016510166 0.00016999284 0.00027520687 4.271195e-06 0.008910747 8.6509106e-05 5.678142e-05 1.9843703e-06 0.0004904088 0.0033183687 4.272979e-06 3.3746565e-07 0.0002779391 4.548999e-05 0.0011805418 2.1824203e-06 3.7539266e-06 1.2841329e-08 2.688936e-07
0.0050762445 0.048709445 0.056635108 0.008026222 0.012497072 0.27593085 0.19031145 0.34215093 0.003434538 0.5668695 0.0028359105 0.025471121 0.49634922 0.12279117 0.69127715 0.00033739713 0.001004681 0.025359403 0.6246177 0.00039071625 0.0016089658 0.00018947187 0.08148368 8.592041e-05 5.560739e-05 0.00032178868 1.2264797e-21 0.072174974 0.23134978 0.009906106 0.19222234 0.00015181808 2.6267071e-05 0.00067191327 2.0899079e-05 3.92054e-05 7.3279145e-05 4.343604e-05 1.8008952e-05 8.808613e-05 2.4479468e-05 8.360521e-06 2.076583e-05 0.24929544 6.4261535e-06 3.0222778e-05 0.572161 0.24612167 8.3962295e-06 2.4474718e-06 0.051141348 2.5752852e-05 0.033086494 0.03132018 0.0006970164 3.541232e-06 0.3162037 2.3617222e-06 2.2524524e-05 0.26337093 0.028639687 0.006560309 5.4200923e-06 0.0153369 4.148902e-06 9.282617e-06 0.00051073584 0.0003107574 6.058215e-06 9.067845e-06 0.044496678 0.007949955 2.3343564e-06 0.00020069879 0.009259236 5.2221444e-06 5.6042717e-07 1.9876866e-06 0.029891005 1.070514e-06 3.5440243e-07 9.880356e-07 2.8791425e-07 3.0984681e-06 1.7636745e-05 0.013064455 2.0579416e-06 1.9268711e-05 0.0010745174 0.00036648902 0.00023084324 2.1136186e-06 7.3268933e-07 0.00029359048 0.00017402376 0.0091176415 0.00024501435 2.0759808e-07 0.0039267046 0.00015209429 0.00013991086
0.8405712 0.027101234 0.0134400595 0.004464427 0.0025462077 0.096135244 0.017214246 0.2559851 0.0022484576 0.13945681 0.0018631482 0.0051034754 0.025719369 0.18495204 0.14107388 0.0018485925 0.0013151346 0.048201 0.014965007 0.0012349923 0.0011538437 0.0007840425 0.8791128 0.0005354998 0.00039037433 0.0003452254 0.072174974 4.895425e-18 0.85804105 0.02887248 0.0023268862 1.4789199e-05 8.948195e-06 0.00024963057 4.5370953e-06 0.00012927453 1.3597086e-05 0.00026587053 0.0005885374 0.001131302 6.4551794e-05 1.2995928e-05 0.0001939573 0.4629051 7.080168e-07 0.0002586249 0.00798488 0.11783303 3.8049177e-07 6.1293504e-05 0.00026119975 3.4887694e-07 0.25489366 0.20564929 0.016189473 6.4988495e-07 0.0077552143 5.734827e-05 0.0002609692 0.03488965 0.046295915 0.4321286 9.886289e-08 0.030911615 1.2759959e-05 6.3322536e-06 0.00013134012 0.0006882669 8.503351e-05 0.00020291995 0.006693981 0.0073437085 2.758422e-06 3.5341924e-05 0.67891234 3.953845e-05 1.5318122e-06 3.3702858e-05 0.0004146458 8.447217e-07 3.707682e-07 9.06105e-06 8.090684e-08 2.529329e-05 2.8129045e-06 0.0003921129 0.00010894222 4.107223e-06 0.0039387364 0.001957463 0.00038756148 1.679804e-05 2.3557733e-07 0.0017703172 7.586471e-05 0.0032236045 0.00033458974 1.6373114e-07 0.0016483516 0.0004632067 0.0017637601
0.49365622 0.012774164 0.0075211404 0.0020425324 0.0022761154 0.12351031 0.030709296 0.3020483 0.001360483 0.28537357 0.0021720997 0.010886216 0.07420932 0.22805035 0.32725045 0.0015129832 0.0015385287 0.07407887 0.046305977 0.0025158236 0.0021253282 0.00069508073 0.7177428 0.00027422517 0.0005394466 0.0015721887 0.23134978 0.85804105 4.4038574e-19 0.0568291 0.006698432 3.1486714e-05 7.3859896e-06 0.00023844258 8.320733e-06 6.0111874e-05 1.220753e-05 0.00013934427 0.0005345964 0.0031681475 5.7429323e-05 1.6984772e-05 0.00013503764 0.73544437 3.6103256e-06 0.0012225906 0.034881793 0.348642 4.0648948e-07 6.766835e-05 0.0018690048 2.5159613e-06 0.30158532 0.35150385 0.008220521 4.9082078e-06 0.035087585 6.747721e-05 0.0010287226 0.171316 0.082372256 0.25261018 4.3317112e-07 0.09736484 2.8468537e-05 2.4137535e-05 0.00042817745 0.000128917 0.00024262266 0.00033097342 0.034588713 0.030579876 8.4573285e-06 2.2909431e-05 0.53263587 0.000348703 2.3655834e-06 0.0006901852 0.0022251154 1.2868164e-06 1.0969858e-06 5.278763e-05 3.1074092e-07 0.00012244476 7.122824e-06 0.0016622585 0.00034021825 4.168164e-06 0.0036603375 0.012766528 5.644215e-05 0.00011522404 3.681984e-07 0.0024957429 2.0592206e-05 0.00946165 4.6102345e-05 3.7775303e-07 0.008507452 0.00064849545 0.0070831636
0.95927227 0.2091251 0.1885632 0.2392194 0.052890558 0.1347141 0.0611706 0.24691327 0.14578319 0.08276331 0.047086857 0.042621076 0.03663381 0.5985458 0.036574274 0.062783435 0.1876363 0.8600013 0.017715637 0.007932933 0.0050521083 0.118970156 0.17635448 0.036835257 0.002806011 0.00032720636 0.009906106 0.02887248 0.0568291 4.4211568e-21 0.005446958 0.00655149 0.0046713874 0.18364626 0.001630245 0.009538358 0.0180227 0.009550259 0.008261633 0.005091512 0.0010738367 0.0005376314 0.0030076469 0.0084465165 0.0002490404 0.001953547 0.00092753966 0.0004788754 0.00040122785 0.0006313248 0.00010787754 0.00017519707 0.0065494347 0.0034027938 0.60649645 7.9466954e-05 0.0001875792 0.000507113 0.0015132393 0.00072292436 0.005524968 0.006884523 0.00018017105 0.00047145266 4.9780487e-05 3.6545123e-05 0.00012835416 0.10583139 0.00030536472 0.0003317002 0.00038503864 0.00023021139 1.3576445e-05 0.0019339304 0.27125114 5.1819527e-05 5.804084e-06 3.8066457e-05 8.534467e-05 0.00015707215 2.0513264e-06 1.3161715e-05 5.185977e-05 3.4463625e-05 0.00036409035 0.00017993356 4.2004893e-05 0.0005030325 0.00020402877 3.4100172e-05 0.022125177 2.0033574e-05 1.0603219e-06 1.0487712e-05 0.009778937 0.0005263652 0.015465697 6.011256e-07 0.00011928151 6.732692e-07 1.2730885e-05
0.00070357067 0.15904593 0.20781773 0.075141 0.12343204 0.19749151 0.375046 0.091622435 0.034303494 0.26855692 0.084607854 0.42986953 0.4193399 0.10368884 0.14031109 0.026416205 0.010065372 0.016966447 0.6270938 0.0353768 0.11700342 0.0072659883 0.0039920635 0.004409441 0.010370115 0.07394704 0.19222234 0.0023268862 0.006698432 0.005446958 9.442902e-20 0.0007078898 0.00018796942 0.0029668815 0.000115922725 0.0005687328 0.00027631666 0.0016011025 0.0016622625 0.005749029 0.0006666557 0.00010981185 0.0005088699 0.0020281 2.026093e-05 0.004901395 0.41237986 0.001311316 4.33509e-06 3.1766067e-05 0.4273907 3.748337e-05 0.00028596824 0.00011882849 0.00032766195 1.6348791e-05 0.05869816 2.1206095e-05 0.00076685846 0.0031999324 0.00033705644 6.227495e-05 3.0390323e-05 5.3347263e-05 1.1485054e-05 0.04376517 0.13843836 0.0003726138 2.7258004e-05 4.4881785e-05 0.0017296997 5.7745772e-05 1.3867445e-05 0.00026954408 0.0015674288 0.00011455918 2.8786375e-05 0.00022045773 0.0033171 1.3386449e-05 2.5617908e-05 6.5741424e-06 6.903211e-06 4.378231e-05 5.4015087e-05 0.007140655 0.0014821065 2.563025e-05 8.873815e-05 1.636258e-05 0.00065318134 4.619155e-05 2.2798191e-05 3.4742254e-06 0.0008914113 0.0003429296 0.0009923623 1.9676138e-06 7.1085844e-05 8.239325e-07 5.380489e-06
