2.1888867e-24 0.97643495 0.99063087 0.96331406 0.700644 0.6665374 0.06988513 0.96469796 0.05483696 0.93471724 0.6817636 0.93112653 0.9871897 0.9793903 0.87246466 0.74478436 0.9334621 0.93820715 0.94402117 0.7958766 0.94887114 0.2656627 0.54801184 0.9066294 0.42212495 0.013741237 0.66757536 0.93163306 0.007451299 0.32746086 0.21146563 0.17654468 0.60436434 0.99824345 0.9978531 0.32384044 0.058765274 0.3452536 0.5924404 0.0062557217 0.004168717 0.9206952 0.91683096 0.09789114 0.9323113 0.23421615 0.35434502 0.0010635278 0.004019688 0.018346053 0.589678 0.15507677 0.839703 0.0008671934 0.08472889 0.9478373 0.31408036 0.00014473546 0.9836088 0.79662037 0.93929654 0.99571687 0.552365 0.9528543 0.4852538 0.15439498 0.8430859 2.928437e-05 0.05259854 0.99945116 0.16715257 0.010752275 0.05081368 0.9976932 0.5937484 0.9681658 0.009390488 0.13075088 0.002768641 1.1154601e-06 0.9779042 0.0040189964 0.87244 5.8837213e-07 1.7646745e-06 0.012058955 0.95352215 0.00081094826 0.97376126 0.00041177816 0.9736192 0.0019173293 0.9999388 0.05164177 0.00037310395 0.00011837638 0.0070422487 1.6868875e-06 0.080208965 0.9818704 0.0069070864
0.97643495 2.5076866e-16 0.92719704 0.85730237 0.90374434 0.63461316 0.5775019 0.08213132 0.36857635 0.6484426 0.13277625 0.11946521 0.15342985 0.19395746 0.15813436 0.004197662 0.0025689104 0.0052827043 0.024587343 0.0012623727 0.0006923019 0.46111628 0.0013413343 0.00012835478 0.0002945704 0.33289963 0.00011265378 0.001047413 0.49891716 0.00011616032 0.007261683 0.00018548581 0.00010174345 0.012744535 0.18122861 0.0027942772 0.05868398 0.0006619606 0.0104450025 0.044471733 0.006767645 4.4499444e-05 0.0016886226 3.0588864e-05 0.0007883617 0.000162868 2.0391428e-05 0.12029885 0.00037894028 2.552407e-05 3.1987117e-06 1.1150422e-06 6.0449213e-07 0.0008137408 0.00011170273 1.21512785e-05 3.4391323e-07 0.0024440037 3.5785273e-05 5.0033286e-06 0.0010746891 0.054676056 1.520662e-07 2.803356e-05 5.198594e-07 1.09450866e-07 3.5367564e-06 2.6656937e-05 2.3428612e-07 0.009214892 2.2533676e-07 3.0090466e-06 2.439679e-06 0.007999942 1.3878625e-07 3.4265136e-06 3.844002e-07 5.80487e-08 4.1154395e-05 0.000112803864 2.6800302e-08 7.6467995e-06 0.021528326 0.00071333814 2.1628184e-05 4.146147e-07 0.005060656 2.2982387e-07 0.016168527 2.2509955e-06 3.236614e-08 1.9479636e-07 0.029620232 1.8664247e-07 4.0896894e-06 3.883051e-05 6.145581e-07 0.00044925555 9.421713e-08 0.005995315 1.5942575e-07
0.99063087 0.92719704 3.9354086e-14 0.61178476 0.7369204 0.4147796 0.41369602 0.45156115 0.18003455 0.83157444 0.31852892 0.3111262 0.07517625 0.5483168 0.024579119 0.0019363894 0.0013140532 0.03006951 0.032350436 0.0011300566 0.0004335479 0.16394119 0.0059219534 5.8827787e-05 0.0003125985 0.33626267 7.184282e-05 0.0020782857 0.43745786 9.291894e-05 0.0024576604 0.0002770843 2.5049112e-05 0.0021984773 0.42498043 0.00710149 0.16319446 0.0022305015 0.027296515 0.10360272 0.011050146 0.00033320775 0.0022337264 8.282241e-06 0.0010961102 0.00075878465 0.0002806391 0.076492846 0.00030383473 1.0469994e-05 0.00013274455 2.5258772e-05 1.1593238e-05 0.0026790814 0.00057759957 1.5750875e-05 7.4998416e-06 0.00017102459 3.417743e-05 1.0577794e-05 0.0010238236 0.13508287 1.8540658e-06 2.304149e-05 3.1793602e-06 3.8830563e-06 6.1223013e-06 4.6582303e-05 9.111578e-06 0.0047092293 1.8982112e-06 5.4086704e-06 7.0712845e-06 0.0045364983 2.4810885e-07 1.5659542e-05 4.604581e-06 4.9816964e-07 0.00020658148 3.829885e-05 3.172772e-08 5.8159862e-06 0.04240251 0.00024038149 4.0573155e-05 1.2701532e-06 0.01110495 8.341828e-06 0.028581964 1.5523636e-05 2.708992e-07 2.2416616e-06 0.08585968 2.2843827e-07 7.89048e-05 5.5973494e-05 5.4566667e-06 0.00024556456 2.6195858e-08 0.016888821 1.0116031e-06
0.96331406 0.85730237 0.61178476 5.9566893e-16 0.8840614 0.91359586 0.09064188 0.0015837983 0.17883085 0.5913459 0.015349067 0.023373337 0.87643266 0.10269666 0.8349946 0.11333657 0.04562313 0.000116683485 0.0013000118 0.042398356 0.03114441 0.5040123 0.0002636363 0.0016981849 0.0040483223 0.010849334 0.0023392707 0.00012409633 0.033335835 0.0018492017 0.10318534 0.010342476 0.0024007196 0.07624456 0.29849434 0.00017811968 0.0017063693 1.43748675e-05 0.00031798394 0.0022082536 0.000106162726 1.7620907e-05 0.00016629347 0.00048274844 4.5082463e-05 6.5865905e-05 8.662229e-07 0.055978347 0.006844602 0.00022155754 3.6661697e-06 1.1091227e-07 1.2372751e-06 8.9040535e-05 2.1101254e-05 0.0003659416 2.5293193e-07 0.016612956 0.00027153772 0.00028607054 0.0002718082 0.056392312 7.165218e-07 7.934364e-06 4.0015634e-06 1.1878237e-06 4.0136524e-06 1.1389608e-06 2.4403923e-07 0.03536086 8.402732e-08 6.477429e-05 7.107188e-05 0.028759446 3.1939823e-07 2.8430266e-06 8.1952277e-07 1.10912e-06 3.2435116e-06 0.0003400752 5.0186068e-06 9.413177e-05 0.011342728 0.00023366105 2.154079e-06 2.511162e-08 0.001415744 9.772514e-07 0.004757961 2.5781765e-06 3.5201754e-07 1.8737378e-08 0.023485763 1.5656486e-06 6.2221484e-06 0.00061163 7.928735e-06 0.0018959298 2.1384435e-06 0.0008922844 1.8835926e-05
0.700644 0.90374434 0.7369204 0.8840614 2.6469705e-14 0.81240654 0.8163134 0.0075955973 0.9102955 0.17908189 0.036756318 0.016143776 0.028023923 0.021787265 0.10136555 0.003045713 0.00051277765 0.00034434782 0.0020355533 0.00064814667 0.00027885352 0.6876731 0.0007633801 0.00010685036 0.00020954512 0.34024048 0.00021327022 0.0002138097 0.5248181 0.0001949602 0.0075084195 0.00068836793 0.00022251357 0.002379027 0.038445845 0.0012949151 0.0142000895 0.000493163 0.0015805308 0.022147063 0.0025051765 3.3789143e-05 0.00034849008 0.0004423228 7.861675e-05 0.00017764945 2.087406e-05 0.37949744 0.0013481806 0.00019619608 6.7755036e-06 1.5384647e-06 8.071618e-06 0.00086553715 0.00046616033 0.00011501544 1.3288742e-06 0.03069332 3.7430786e-05 9.2868e-05 9.66996e-05 0.0016673349 8.919529e-07 1.1719275e-05 1.6337834e-05 1.648578e-06 1.1530851e-05 0.00017266998 4.6589207e-06 0.003435296 3.7655186e-06 4.4138033e-05 3.5002176e-05 0.0014775975 8.839759e-07 1.3805374e-05 1.2602164e-05 3.8038136e-06 0.00018552934 0.00047691382 2.5160043e-06 0.000105813604 0.001397665 0.0024818412 7.689702e-05 3.1428965e-05 0.000249225 1.0398398e-05 0.00048856495 2.2775544e-05 1.559488e-06 2.6096535e-05 0.0010749792 1.2304461e-05 0.00066639134 0.00023266798 1.9123356e-05 0.0026211943 3.5067608e-06 0.00015796688 4.868809e-06
0.6665374 0.63461316 0.4147796 0.91359586 0.81240654 1.8605252e-12 0.039204292 0.0007360567 0.43539926 0.09196729 0.0046328804 0.0015165717 0.22992706 0.0095139295 0.8616693 0.027467635 0.033646744 3.8300714e-05 0.0002980794 0.012060835 0.010896234 0.9568726 0.00020220134 0.0032588409 0.0017736091 0.010873324 0.0038050143 1.5005141e-05 0.030225042 0.0007194333 0.2280609 0.017904004 0.0023361738 0.030040719 0.04258658 4.836246e-05 0.00052741694 1.87643e-05 0.00015358935 0.00094723294 0.00012531235 1.4287916e-05 5.2162835e-05 0.0017588219 1.0127805e-05 1.471159e-05 1.0256647e-06 0.15254825 0.034693144 0.004048017 2.5330837e-06 1.02147936e-07 1.2610899e-06 0.00035218277 3.6355952e-05 0.00085643865 2.3249727e-07 0.111942664 0.00020781648 0.00040606214 3.5048456e-06 0.002382068 1.8228012e-07 6.2719664e-06 3.377875e-06 3.7070424e-07 3.8122205e-06 8.863382e-06 4.4377978e-07 0.017225923 1.9996269e-06 2.2502883e-05 1.6307682e-05 0.011478474 3.1070344e-06 9.1696904e-07 3.4469983e-06 2.3771101e-06 3.2052465e-06 0.000546358 6.767328e-06 0.00035874697 0.0014855368 0.00037752144 9.344596e-06 4.9483896e-07 0.00012269829 8.065869e-06 0.0008774042 1.3324585e-05 1.5792876e-06 6.2071507e-07 0.003019636 1.2287446e-05 0.00020332579 0.0057738116 6.682474e-06 0.004941293 2.5743489e-06 0.00011325444 6.4876567e-06
0.06988513 0.5775019 0.41369602 0.09064188 0.8163134 0.039204292 4.595762e-16 0.025784312 0.98123676 0.025130903 0.14738517 0.007480074 0.0021491682 0.007686719 0.00086250156 0.00015902464 3.081061e-05 0.0014816707 0.0022747763 6.3050975e-05 1.0904185e-05 0.10894204 0.001204314 3.2644628e-05 2.1026706e-05 0.7534509 2.811214e-05 0.000115011724 0.7081221 1.1423728e-05 0.00050945405 1.8836718e-05 1.2290329e-05 0.00014313754 0.005202738 0.0014051237 0.03533523 0.00040909907 0.0037326983 0.05692539 0.0042604674 0.00013520595 0.000107463624 3.0598054e-05 8.690353e-05 8.749446e-05 3.509968e-05 0.29135048 5.2222218e-05 7.9643005e-06 8.907684e-06 1.9542538e-06 7.5947346e-06 0.0023990513 0.00032507983 3.9782385e-06 1.4231364e-06 0.0034439065 1.4560044e-06 8.41205e-06 7.453819e-05 0.00042083688 1.6506356e-06 2.0341164e-05 5.292315e-06 2.0223893e-06 1.2306727e-05 0.00028461003 2.030212e-06 0.00038066495 2.1003227e-06 7.5720504e-07 2.6412247e-06 0.00047811744 1.8307308e-06 6.806915e-06 4.565216e-06 1.1619666e-06 0.00017724432 0.0002666936 8.427225e-08 1.9707773e-05 0.00027018157 0.0024045692 0.0003978658 9.529547e-06 1.828901e-05 1.6873219e-06 9.2290145e-05 2.018166e-06 1.1366951e-06 1.50465685e-05 0.00027787525 4.1296266e-06 0.00023726214 3.5574747e-05 1.706375e-06 0.0010676145 6.4741556e-07 3.7746206e-05 1.8281233e-07
0.96469796 0.08213132 0.45156115 0.0015837983 0.0075955973 0.0007360567 0.025784312 1.4471045e-14 0.004180159 0.08631926 0.9897349 0.8168013 0.003703398 0.4527998 1.9556028e-05 0.00018765616 5.1590043e-05 0.31602457 0.5096738 7.176366e-05 8.342826e-07 0.00036219633 0.15362503 2.054735e-06 2.5619325e-05 0.07196378 9.24418e-06 0.027607888 0.0042977626 5.6807767e-06 3.066013e-05 8.7245905e-07 3.808646e-07 0.0006700988 0.11146027 0.1465417 0.32219738 0.028356537 0.1678112 0.07716341 0.08288937 0.0011044764 0.011602387 9.375187e-06 0.0049126497 0.0013728525 0.00042185487 0.0015135056 1.615326e-06 1.4911902e-07 7.002575e-05 0.0001003641 3.799428e-05 0.015193932 0.009244251 9.4395755e-06 7.921144e-05 5.383342e-06 8.128743e-06 1.8960753e-05 0.0035979436 0.09604937 2.1315736e-06 0.0007069899 1.2163314e-05 5.253805e-06 4.3107437e-05 0.00044924507 4.9596842e-06 0.0014119268 3.3667395e-05 6.153891e-07 7.976504e-07 0.0030495496 2.1064366e-06 3.370643e-05 7.637923e-06 9.4072095e-07 0.00081131415 3.283653e-05 3.7410013e-07 9.1383157e-07 0.027930979 7.0476635e-05 0.0002295745 4.4897774e-06 0.0032584355 2.2515118e-07 0.020489613 2.9728503e-06 5.563813e-06 1.0392043e-05 0.019237908 3.9718016e-06 0.0003217522 1.7085e-06 1.4896999e-06 3.679292e-05 4.2729812e-07 0.0035015095 1.6593875e-06
0.05483696 0.36857635 0.18003455 0.17883085 0.9102955 0.43539926 0.98123676 0.004180159 3.563995e-14 0.017252862 0.017611727 0.0009899886 0.006831902 0.0020922183 0.014595274 0.0005914534 0.00023038953 0.00038363005 0.00035941094 0.00023108684 8.645104e-05 0.65085846 0.00038687253 0.000107098684 9.590399e-05 0.5136869 0.00014065282 2.4920919e-05 0.6869994 5.099741e-05 0.0017020374 5.081332e-05 8.68298e-05 0.00030621802 0.0041230493 0.0005988315 0.011284879 0.00035370383 0.00065799704 0.00899918 0.0010963542 3.9297185e-05 3.840316e-05 0.00015184472 1.8312223e-05 5.1792897e-05 2.81599e-05 0.3874986 0.00037187507 5.235611e-05 3.97943e-06 5.8583015e-07 5.8704018e-06 0.0018252403 0.00017998058 3.701189e-05 8.93079e-07 0.027625537 1.0265547e-05 2.863529e-05 9.992481e-06 0.00017758844 1.6346273e-06 1.1703348e-05 4.2301267e-06 5.397167e-07 4.6230134e-06 0.00016115549 3.6337835e-06 0.0015037954 6.709387e-07 1.8851731e-06 9.06596e-06 0.00076021004 3.1246685e-07 1.8659878e-06 6.026666e-06 1.11622e-06 0.00018939437 0.0015368804 2.5609847e-07 3.8770046e-05 0.00015530175 0.0060105487 0.00022798548 1.738263e-05 2.0433514e-05 2.596287e-06 0.00031998288 7.0395654e-06 7.3904044e-07 1.7332504e-05 0.00024219498 5.460425e-06 0.00065766013 0.00020296623 3.2264415e-06 0.010558993 1.7286885e-06 1.6543241e-05 5.186219e-07
0.93471724 0.6484426 0.83157444 0.5913459 0.17908189 0.09196729 0.025130903 0.08631926 0.017252862 2.949099e-14 0.02745756 0.30888852 0.63908786 0.6529335 0.08772929 0.03990805 0.054681834 0.010209668 0.047724906 0.010503538 0.0030336813 0.018900376 0.0023606527 0.0018177775 0.0036117018 0.008893378 0.0014834973 0.0049504153 0.013467222 0.0012567228 0.0034427342 0.0012795232 0.00031799485 0.03190686 0.9702794 0.0016995606 0.007217726 0.0011520103 0.0012975055 0.0018970049 0.0011104452 0.0010053078 0.005064453 4.289853e-05 0.001859753 0.00026386595 0.00026172164 0.0021520855 0.0005500493 7.265779e-05 9.2172115e-05 2.7732895e-05 9.485024e-05 0.0016178716 9.640697e-05 0.00075213873 1.3835926e-05 0.0001329328 0.0002851254 0.0009495089 0.00092229 0.11533587 4.877797e-06 0.00012117424 5.1163184e-05 3.1670372e-06 7.332647e-05 3.380961e-05 1.6201697e-05 0.044985734 8.759386e-06 7.154854e-05 0.00016383058 0.009666955 2.4382985e-07 0.00012602916 1.9716139e-05 6.867123e-06 0.000255431 5.7304806e-05 4.600701e-06 8.218444e-05 0.034083 2.5224444e-05 0.0001312621 2.0250674e-05 0.015202252 3.7584454e-05 0.01418357 0.00013677597 1.6602216e-06 6.751712e-05 0.05135984 8.738739e-05 0.0006380382 1.33806025e-05 3.6149235e-05 0.00067809626 1.17069085e-05 0.010360286 2.3740913e-05
0.6817636 0.13277625 0.31852892 0.015349067 0.036756318 0.0046328804 0.14738517 0.9897349 0.017611727 0.02745756 2.3399467e-15 0.14389627 0.0063378066 0.11096667 0.00025044085 0.00080659584 0.00049086334 0.062070437 0.053675376 0.00048659428 0.00011508063 0.0016362317 0.036367107 5.3720516e-05 0.00021356494 0.6478905 0.00017734744 0.007972239 0.06034366 6.60004e-05 0.00028110572 1.2400943e-05 2.5524203e-06 0.0010876444 0.016989164 0.13589762 0.89773554 0.029544428 0.50386953 0.7514938 0.4960027 0.0019718444 0.004543519 3.8183207e-05 0.0017837146 0.0066905855 0.0017922506 0.00975935 2.0209445e-05 4.984799e-07 0.00019409829 0.00035897896 0.00037353084 0.17054188 0.027357869 4.6353674e-05 0.00022724443 8.558331e-05 4.614131e-05 7.9530255e-05 0.0014729146 0.006451733 2.5050114e-05 0.0009712966 9.876476e-05 1.8558392e-05 0.00019102421 0.002447855 3.2617994e-05 0.0012542265 7.782884e-05 7.0575607e-06 7.050759e-06 0.001424719 6.023557e-06 0.00044759669 2.3780385e-05 4.6542978e-06 0.0017410803 0.0002110877 4.6408706e-05 5.128025e-06 0.004581275 0.00051420677 0.0022850248 4.9989267e-06 0.0012922776 2.8329598e-07 0.0031249058 8.452362e-06 3.656862e-05 1.0189322e-05 0.002289599 2.839032e-05 0.00063290086 1.537961e-05 1.3636017e-05 0.0002880435 5.511706e-05 0.001098671 1.1207892e-05
0.93112653 0.11946521 0.3111262 0.023373337 0.016143776 0.0015165717 0.007480074 0.8168013 0.0009899886 0.30888852 0.14389627 1.5904155e-18 0.04525441 0.9378718 9.570654e-05 0.0031276876 0.0016558173 0.63700074 0.9478888 0.0002230998 3.0946646e-06 0.0001268559 0.12002102 3.5366904e-07 8.5155525e-06 0.018956466 1.1751579e-06 0.12634131 0.0037378012 1.0457186e-06 5.6510013e-05 4.896115e-07 2.9727593e-08 0.009558897 0.10987974 0.080709495 0.22450484 0.05431948 0.15002675 0.039856184 0.0662973 0.009770534 0.041738685 3.7853485e-07 0.014856035 0.005940776 0.006880624 0.0006941001 1.7475952e-06 2.2389715e-08 0.00023522208 0.0005078777 0.0010012232 0.041462634 0.0061290315 1.4213663e-06 0.00016984993 2.2682943e-05 3.819828e-07 1.2890926e-06 0.011884657 0.3690106 2.8826182e-05 0.00060413545 0.00022837718 2.2909584e-05 9.926665e-05 0.00042085332 2.2339264e-05 0.0069608376 8.364608e-05 2.2247696e-07 1.6578975e-06 0.0016283486 8.4629073e-07 0.00014072016 5.058359e-06 7.6436316e-07 0.0016034177 2.6953932e-05 3.5139132e-09 2.114089e-07 0.07938795 1.2301681e-05 9.790284e-05 4.5465524e-05 0.04479048 4.2473303e-08 0.048443418 1.08793586e-07 4.603914e-06 3.441554e-05 0.03766167 2.816401e-07 0.00020576768 6.757944e-06 9.579105e-08 0.00036668777 1.7914113e-08 0.025725547 5.7941293e-08
0.9871897 0.15342985 0.07517625 0.87643266 0.028023923 0.22992706 0.0021491682 0.003703398 0.006831902 0.63908786 0.0063378066 0.04525441 7.057057e-17 0.123968855 0.6349265 0.6948952 0.8257681 0.0008333885 0.0076352623 0.45786062 0.29944927 0.097657785 0.00039988494 0.24724306 0.109574646 0.001199079 0.06543727 0.00071444106 0.0008473755 0.036480725 0.113764174 0.028371718 0.021603363 0.8802531 0.4124211 0.0003404266 0.0005635408 6.3566345e-05 0.00022239052 0.0005608689 3.1578344e-05 3.9017745e-05 0.0028558504 0.005427984 0.0006159593 0.00010240736 2.7887236e-06 0.0022689167 0.013782809 0.0041093077 9.70858e-06 6.8025633e-07 2.0186667e-06 0.00023836277 4.7963447e-05 0.00075435656 1.4514071e-06 0.0020260196 0.0002979623 0.0052181995 0.0012933391 0.21415325 3.4673388e-07 7.840044e-05 2.124888e-06 3.6478022e-07 5.6497647e-06 3.2951739e-06 6.634401e-07 0.17945024 8.1395143e-07 0.00071005995 0.0020892494 0.024357423 8.4956986e-07 0.000119055 2.4571327e-06 2.0095524e-06 1.8665263e-05 3.3329306e-05 3.985798e-05 0.00047616873 0.12514164 1.37239085e-05 3.423729e-05 5.8739994e-07 0.026828593 0.000117044474 0.03840722 8.858586e-05 8.801039e-07 1.6985717e-06 0.09787312 2.4319912e-05 7.3351366e-05 0.000473742 5.3130567e-05 0.00057060417 4.1112304e-05 0.01193177 6.905114e-06
0.9793903 0.19395746 0.5483168 0.10269666 0.021787265 0.0095139295 0.007686719 0.4527998 0.0020922183 0.6529335 0.11096667 0.9378718 0.123968855 1.3144174e-19 0.0023480512 0.008429666 0.0050544892 0.16878922 0.3762209 0.0018292789 6.938043e-05 0.0008523832 0.021121465 1.6368916e-05 0.00021884561 0.018462533 2.4063227e-05 0.038928278 0.008209823 6.595192e-06 0.001070993 1.5124083e-05 1.1880219e-06 0.01366269 0.57113034 0.012566084 0.06791002 0.02007808 0.01831459 0.01626725 0.008424402 0.0076563386 0.018956494 2.6885373e-06 0.010245558 0.0030715293 0.002220502 0.0006589176 2.6959433e-05 1.0819183e-07 0.0006123163 0.0001319377 0.0010016297 0.008730594 0.0005858905 1.1667965e-05 2.8891298e-05 0.0001785551 7.4477325e-06 2.419628e-05 0.0036829403 0.88942873 2.12434e-05 0.00048630455 0.0001942746 5.5239275e-06 0.00012386139 0.00015018448 1.9371004e-05 0.035336886 4.333583e-05 2.157282e-06 2.5969778e-06 0.0046083136 5.0584964e-07 0.0001647118 1.985171e-06 3.609205e-07 0.0007258903 2.6640952e-05 2.8424218e-08 1.198793e-06 0.24768274 5.5087476e-05 7.647103e-05 1.7981723e-06 0.068273105 1.872006e-07 0.0760555 2.945867e-06 5.243008e-06 2.223389e-05 0.24125703 2.0191933e-07 6.1947794e-05 4.625964e-06 5.2859696e-06 0.0005102811 2.681006e-07 0.041968063 1.5238131e-06
0.87246466 0.15813436 0.024579119 0.8349946 0.10136555 0.8616693 0.00086250156 1.9556028e-05 0.014595274 0.08772929 0.00025044085 9.570654e-05 0.6349265 0.0023480512 2.2915727e-16 0.45705405 0.44151703 1.4324609e-06 3.4108463e-05 0.4017694 0.85445523 0.78150976 2.4015013e-05 0.26714462 0.12828965 7.786729e-05 0.22934729 4.0084233e-06 0.00030200864 0.09697759 0.9162226 0.75094205 0.46605402 0.17967619 0.070094325 1.4447604e-06 1.8508725e-05 2.1453682e-06 6.958839e-06 7.954456e-06 1.2662007e-06 2.655072e-06 1.1227683e-05 0.11959803 1.3237452e-06 1.0257145e-06 1.7224902e-07 0.008695444 0.21838857 0.17014553 1.03502146e-07 3.1277377e-08 1.2180934e-07 2.5431642e-05 1.4948495e-05 0.0020574168 2.9663704e-08 0.0344174 0.00044239304 0.0022420692 1.5982604e-06 0.0043746466 6.414434e-08 8.697815e-07 5.0252515e-07 2.302409e-07 9.2248786e-07 1.7151426e-06 7.5700974e-08 0.029582145 8.441993e-08 0.00017373606 0.00011414782 0.045369703 1.4897971e-07 6.409924e-07 8.012406e-07 4.6857386e-07 2.5137451e-06 0.00013800828 8.46037e-06 0.0035974188 0.0012767015 1.4994813e-05 2.5258516e-06 1.9644983e-07 0.00013395981 1.3557515e-05 0.0003146827 3.0610588e-06 2.3142205e-08 2.531573e-07 0.0026679127 6.531034e-07 0.00021870896 0.0117343115 3.8102612e-06 0.0011149832 1.1269277e-06 0.00016976715 3.2124378e-06
0.74478436 0.004197662 0.0019363894 0.11333657 0.003045713 0.027467635 0.00015902464 0.00018765616 0.0005914534 0.03990805 0.00080659584 0.0031276876 0.6948952 0.008429666 0.45705405 2.1613475e-17 0.9768376 2.0632602e-05 0.00016340024 0.9302952 0.5709818 0.008210011 1.4750407e-05 0.7685799 0.5719096 6.001868e-05 0.43055612 3.350342e-06 4.1323096e-06 0.3307735 0.13355641 0.12678953 0.19373359 0.6550403 0.010603529 2.7986523e-05 4.3438904e-05 9.45729e-06 7.261509e-06 4.1648964e-05 2.0726584e-06 6.8407974e-07 2.2645077e-05 0.02547408 1.4968438e-05 1.845379e-05 4.609469e-07 0.00014004421 0.014026872 0.026670532 1.5221391e-07 1.9259733e-08 7.491713e-08 1.080756e-05 4.7944974e-07 0.004525814 2.5271913e-08 0.00053032814 0.0016131455 0.016220855 1.2742826e-05 0.009407304 2.8661473e-08 5.0495555e-07 6.909197e-08 4.0735934e-08 1.2558289e-07 2.1723886e-06 1.1184571e-07 0.22575842 8.500788e-09 0.002569002 0.017682334 0.069027364 3.1864946e-09 1.7852621e-07 5.666781e-07 7.0672726e-08 6.1199084e-06 1.4428158e-05 3.6936857e-05 0.00193892 0.008983449 4.4570265e-06 6.217794e-06 3.6141977e-08 0.0011158108 0.00017724432 0.0038687445 0.00010280483 3.488104e-09 2.802268e-07 0.0072415476 1.2452797e-06 2.5691968e-05 0.0004509752 8.5891574e-05 0.00024560484 0.0001687879 0.00046893288 7.2972296e-05
0.9334621 0.0025689104 0.0013140532 0.04562313 0.00051277765 0.033646744 3.081061e-05 5.1590043e-05 0.00023038953 0.054681834 0.00049086334 0.0016558173 0.8257681 0.0050544892 0.44151703 0.9768376 4.1129743e-15 6.312977e-06 0.00010527691 0.49966472 0.58346856 0.013830519 2.2386292e-05 0.4631457 0.22589095 1.0249777e-05 0.21264385 3.8415997e-06 5.619771e-07 0.17548597 0.109611414 0.09668412 0.12156902 0.9205143 0.018340616 1.818849e-05 2.3283787e-05 8.188866e-06 1.3518358e-05 1.29864375e-05 1.5608509e-06 9.708816e-07 5.901862e-05 0.010367728 1.832653e-05 8.440473e-06 5.5798677e-07 5.0766216e-06 0.014502107 0.02441433 2.1426958e-06 1.1429449e-07 1.3119782e-07 5.5520986e-06 2.1667545e-06 0.0036140985 6.0837415e-08 0.0003961454 0.0016829203 0.0068237106 2.3588149e-05 0.014614251 1.7693348e-07 1.0593254e-06 9.3673793e-07 9.994644e-08 2.185489e-07 1.0263839e-06 3.4580694e-07 0.5068937 4.0151836e-08 0.000788975 0.007369284 0.17044134 3.460572e-08 4.770823e-06 4.877255e-07 8.2403666e-08 8.234757e-06 1.7509217e-06 2.3945879e-05 0.0024525435 0.0112370355 2.3128051e-07 1.7320533e-06 8.312745e-08 0.0015057866 8.259978e-05 0.0063849078 5.6010234e-05 2.4172744e-08 1.2047269e-07 0.02062588 3.3419477e-07 3.7745863e-06 0.00023050577 3.2682696e-05 5.5485652e-05 5.783963e-05 0.002189577 5.5998862e-05
0.93820715 0.0052827043 0.03006951 0.000116683485 0.00034434782 3.8300714e-05 0.0014816707 0.31602457 0.00038363005 0.010209668 0.062070437 0.63700074 0.0008333885 0.16878922 1.4324609e-06 2.0632602e-05 6.312977e-06 6.8130334e-17 0.85119087 2.7400215e-06 5.8320374e-08 9.358697e-06 0.97748524 5.1319364e-07 1.8212767e-06 0.005160857 1.3282331e-06 0.61236924 0.00018003122 1.2766747e-06 2.0664354e-06 3.971421e-07 1.295204e-07 0.00023830526 0.03071 0.34881267 0.10049432 0.30354726 0.2136763 0.0070187054 0.050829135 0.10424672 0.22152382 1.4191382e-06 0.10439463 0.06775611 0.06846943 1.0710455e-05 3.7544007e-07 2.4821807e-08 0.0058353352 0.0060533187 0.0038076574 0.041294638 0.07020105 4.1192638e-07 0.0014130449 3.0051835e-06 1.169822e-06 2.0234465e-06 0.053210318 0.08402911 0.00011196316 0.026985718 0.00054112275 9.535197e-05 0.0011078361 0.0029213591 0.00022972058 0.0004920987 0.0022815755 1.431888e-07 3.6386572e-07 0.0021871072 0.00015192872 0.0034580913 0.00012298966 7.260131e-06 0.00618384 7.5277984e-07 5.1748877e-08 7.1216385e-07 0.07221446 6.6029015e-06 0.00056404056 8.137031e-05 0.050908178 1.551036e-07 0.08156645 1.6462416e-06 0.0008600473 0.0001576179 0.007953993 5.273432e-06 0.003425235 1.0310479e-06 6.976578e-07 3.4900677e-05 1.6729949e-07 0.03762545 1.4657995e-07
0.94402117 0.024587343 0.032350436 0.0013000118 0.0020355533 0.0002980794 0.0022747763 0.5096738 0.00035941094 0.047724906 0.053675376 0.9478888 0.0076352623 0.3762209 3.4108463e-05 0.00016340024 0.00010527691 0.85119087 1.8757197e-18 4.361923e-05 2.416827e-06 3.3582513e-05 0.3920546 1.9559086e-07 4.3618297e-06 0.005344254 7.398168e-07 0.92376834 8.799877e-06 3.3386186e-07 3.1582676e-05 8.531008e-07 4.500602e-08 0.0010043103 0.02701984 0.31343204 0.19500041 0.25014538 0.44282538 0.009361727 0.09922763 0.19110714 0.20689632 1.0957522e-06 0.15098985 0.076867804 0.1023933 1.6286544e-05 5.154229e-07 2.660847e-09 0.026671752 0.03165675 0.029568676 0.07360477 0.055565886 2.0461458e-07 0.0060417606 6.9635994e-06 3.768694e-08 5.3419956e-07 0.10159042 0.28888005 0.004239248 0.0099014295 0.0063534775 0.0005510826 0.0017770478 0.0009961645 0.0012980773 0.0019250481 0.0013088635 4.1784622e-07 4.0516392e-07 0.00024724 8.162913e-05 0.0012314288 0.00010578021 5.960263e-05 0.0044898745 8.797762e-06 1.351343e-09 7.692522e-08 0.1542408 1.0206634e-05 9.9260484e-05 0.00033952767 0.10578442 2.4862496e-07 0.13072072 2.6231896e-07 0.00020832485 0.00011835461 0.03111892 5.0903022e-06 0.0012464602 5.898663e-06 4.086769e-08 0.00033999246 3.6322486e-08 0.06697343 1.8468144e-08
0.7958766 0.0012623727 0.0011300566 0.042398356 0.00064814667 0.012060835 6.3050975e-05 7.176366e-05 0.00023108684 0.010503538 0.00048659428 0.0002230998 0.45786062 0.0018292789 0.4017694 0.9302952 0.49966472 2.7400215e-06 4.361923e-05 2.5976014e-14 0.8130188 0.005084971 2.6026792e-05 0.9440381 0.89164513 5.131139e-05 0.8009777 1.2936128e-05 9.240926e-06 0.6479066 0.058072727 0.11499347 0.27658314 0.21066871 0.0063337884 1.3840611e-05 2.6709178e-05 7.242227e-06 3.0364572e-05 1.2493985e-05 6.612839e-06 1.0594051e-06 1.8375498e-05 0.048870433 6.9872553e-06 2.7691323e-05 1.0500457e-06 0.0004466931 0.010398022 0.030902859 4.2457697e-07 3.440418e-07 1.8084747e-07 3.817556e-05 1.7254744e-05 0.0057495604 5.696203e-07 0.0011260159 0.0033169654 0.007157918 1.6050246e-05 0.00199738 1.04949955e-07 7.464763e-06 1.8190893e-06 3.020661e-07 9.558432e-07 1.4283936e-05 1.1733695e-06 0.08439038 7.541156e-07 0.0036213694 0.009218693 0.06536311 1.0820673e-06 1.3079032e-05 2.0499154e-05 5.317758e-06 8.398467e-05 1.4671827e-05 0.00011040082 0.0043085595 0.0019354757 2.57679e-06 1.4712025e-05 3.6641634e-06 0.00036863427 0.00044554696 0.0019247554 0.00023748037 1.6597864e-06 1.1767577e-05 0.0033931357 4.2769974e-05 0.0011293077 0.0017832647 0.000112354326 0.00029865673 0.00013191102 0.00045745817 0.00014836347
0.94887114 0.0006923019 0.0004335479 0.03114441 0.00027885352 0.010896234 1.0904185e-05 8.342826e-07 8.645104e-05 0.0030336813 0.00011508063 3.0946646e-06 0.29944927 6.938043e-05 0.85445523 0.5709818 0.58346856 5.8320374e-08 2.416827e-06 0.8130188 3.41019e-16 0.02064741 9.398753e-07 0.7044997 0.8414499 6.315548e-06 0.5619916 1.2722266e-07 4.1240846e-06 0.6201448 0.43606985 0.6596066 0.94768816 0.24577191 0.0060794656 1.0380067e-07 2.593201e-06 6.7282215e-08 6.105253e-06 2.6958471e-06 6.4058605e-07 9.082678e-08 1.107431e-06 0.23256183 7.3357376e-07 2.091132e-07 6.5222694e-09 0.00029934593 0.09949068 0.17568082 3.7812804e-08 2.3578477e-09 1.29727145e-08 1.17866375e-05 5.2514506e-06 0.01525377 2.0315183e-09 0.0028348626 0.007253522 0.005197652 1.6233427e-06 0.00050382107 2.29079e-09 4.8461027e-07 8.006864e-08 6.582897e-09 4.541779e-08 8.501862e-06 2.617463e-08 0.040227678 1.5986804e-07 0.0030482572 0.0018669615 0.14803483 3.2330114e-08 3.2167623e-07 2.3431427e-07 4.862535e-08 7.6867655e-06 9.734271e-06 6.793734e-05 0.011697056 0.0006951507 3.0494273e-06 6.7375225e-07 4.3755954e-06 2.87791e-05 0.00021693432 0.00083735154 5.5813478e-05 9.874638e-09 5.614158e-07 0.0010760869 1.1749242e-07 2.8546863e-05 0.0040226006 1.599304e-05 0.0002751394 4.4166645e-06 0.00019913657 3.3920562e-06
0.2656627 0.46111628 0.16394119 0.5040123 0.6876731 0.9568726 0.10894204 0.00036219633 0.65085846 0.018900376 0.0016362317 0.0001268559 0.097657785 0.0008523832 0.78150976 0.008210011 0.013830519 9.358697e-06 3.3582513e-05 0.005084971 0.02064741 3.7133535e-15 1.261964e-05 0.004482661 0.0031567188 0.0076658544 0.004412867 1.5599077e-06 0.072854824 0.0015326438 0.7264057 0.15910654 0.0075840196 0.0059749526 0.00577664 6.235009e-06 0.00022142446 1.98441e-06 8.298952e-05 0.00034420862 1.6696604e-05 9.4371586e-07 3.6215158e-06 0.0068525346 2.606529e-07 1.1028227e-05 1.5731013e-07 0.9379469 0.51808125 0.39942902 4.1927024e-08 4.3401318e-08 9.179494e-08 0.00019073313 0.00079630816 6.198727e-05 2.2229505e-08 0.80762804 7.253663e-05 1.0192559e-05 1.1565415e-06 0.00013717596 1.0926824e-09 2.68744e-06 2.0300928e-07 1.0847484e-08 3.7610516e-07 8.860796e-06 1.0729582e-07 0.004464012 2.0249185e-07 1.1670746e-05 1.604098e-06 0.007042581 1.0518141e-07 5.5773353e-07 1.0323545e-06 2.6618942e-08 6.338579e-06 0.004763672 1.0519942e-06 0.0012133475 0.00022705681 0.0067347214 9.319654e-07 1.585672e-07 8.338742e-06 4.774897e-06 0.001225659 1.3940567e-06 6.9420526e-07 4.283411e-08 0.0007624132 4.567955e-06 0.00015943905 0.12905958 8.883866e-07 0.11069725 2.9023672e-08 7.859644e-05 1.9244018e-08
0.54801184 0.0013413343 0.0059219534 0.0002636363 0.0007633801 0.00020220134 0.001204314 0.15362503 0.00038687253 0.0023606527 0.036367107 0.12002102 0.00039988494 0.021121465 2.4015013e-05 1.4750407e-05 2.2386292e-05 0.97748524 0.3920546 2.6026792e-05 9.398753e-07 1.261964e-05 5.3311767e-16 9.857749e-07 6.1684245e-06 0.009052423 3.2060045e-06 0.3326071 0.0001891929 1.6418171e-06 3.85826e-05 1.1120931e-06 1.1265721e-06 0.00013311295 0.0046112477 0.8556816 0.23879836 0.8423614 0.52853453 0.010368163 0.13485537 0.19935775 0.08698456 3.6157942e-06 0.051106256 0.59413564 0.5200929 3.37263e-05 6.3799433e-07 2.5835567e-08 0.05424639 0.12981452 0.02095359 0.16144122 0.2860463 2.519616e-06 0.034766134 5.3208933e-06 1.5342129e-06 6.200699e-06 0.024197863 0.008334028 0.0028359145 0.012446897 0.004884359 0.000749275 0.0023576908 0.011790297 0.009181737 0.00023708979 0.06543023 9.604026e-07 2.9384748e-07 0.00011419529 0.00059010665 0.0027784135 0.0027337526 0.00019537042 0.12213506 1.7279287e-06 4.5243678e-07 2.176121e-06 0.016437287 5.439858e-06 0.0012481697 0.0038666732 0.00804877 5.790086e-08 0.018164702 2.4822234e-06 0.0016050676 0.0049523795 0.0012922819 0.0002056027 0.02165918 6.3454077e-06 5.2201403e-07 3.4253328e-05 7.36447e-07 0.012481202 1.0582677e-07
0.9066294 0.00012835478 5.8827787e-05 0.0016981849 0.00010685036 0.0032588409 3.2644628e-05 2.054735e-06 0.000107098684 0.0018177775 5.3720516e-05 3.5366904e-07 0.24724306 1.6368916e-05 0.26714462 0.7685799 0.4631457 5.1319364e-07 1.9559086e-07 0.9440381 0.7044997 0.004482661 9.857749e-07 3.4079046e-14 0.7413419 6.209084e-06 0.9516758 2.0028216e-08 1.3198161e-06 0.6706572 0.11099242 0.15441535 0.48109478 0.3858374 0.0014893753 1.5472829e-06 1.0813534e-06 3.0112412e-07 1.5424695e-06 4.1302765e-06 3.440825e-07 1.3321916e-07 2.0905497e-07 0.21420343 4.6946977e-07 5.2221367e-07 1.2638934e-07 9.203363e-06 0.018572949 0.037962824 3.023762e-07 1.300626e-08 6.0094244e-08 3.6830643e-06 4.642752e-07 0.22528517 1.8865721e-08 0.00026135973 0.06678284 0.2301616 4.407918e-07 0.00036685637 4.074759e-08 1.0114888e-07 7.764738e-08 2.3839728e-08 2.3547924e-08 2.3009734e-07 4.7149264e-08 0.49996787 1.1361655e-07 0.04241271 0.049538083 0.40849513 7.787219e-09 3.9971045e-08 3.4171364e-07 1.0239821e-07 6.383068e-06 2.5480085e-06 0.0005316815 0.022119815 0.00043798558 8.101621e-07 2.8632405e-06 1.4023833e-07 3.0267458e-05 0.0040694703 0.00026913927 0.0012312356 2.924376e-09 5.330053e-07 0.0023119322 1.1220853e-07 9.0467165e-06 0.0013886013 0.00064395554 0.00014748318 0.0003883447 3.1109794e-05 0.00032194002
0.42212495 0.0002945704 0.0003125985 0.0040483223 0.00020954512 0.0017736091 2.1026706e-05 2.5619325e-05 9.590399e-05 0.0036117018 0.00021356494 8.5155525e-06 0.109574646 0.00021884561 0.12828965 0.5719096 0.22589095 1.8212767e-06 4.3618297e-06 0.89164513 0.8414499 0.0031567188 6.1684245e-06 0.7413419 5.2097892e-15 2.2350303e-05 0.8810326 5.5959936e-07 1.0406532e-05 0.9784061 0.05450588 0.14105211 0.6407408 0.114525594 0.0020219865 6.332284e-06 2.8275106e-05 8.194318e-06 1.1041423e-05 8.6741775e-06 2.6899068e-06 1.8800401e-06 3.2875716e-06 0.12158088 1.318563e-06 3.3816268e-06 2.693869e-07 0.0002611629 0.013102661 0.059194822 6.4255806e-07 2.9119988e-08 5.7868925e-07 0.00018492325 1.4459894e-05 0.06823346 2.6999377e-08 0.0007244756 0.023257397 0.1246452 1.006525e-06 0.0011454513 5.877205e-07 1.5353062e-06 5.5908376e-06 3.774163e-07 7.141846e-07 7.662115e-06 2.711706e-07 0.076884225 1.9031123e-06 0.015603899 0.014519772 0.08575862 7.060021e-07 1.2499867e-06 1.932518e-06 5.0825074e-06 0.00016209077 1.6269856e-05 0.00014425274 0.010016865 0.0010392386 5.659013e-06 1.3888091e-05 3.75062e-06 9.8809884e-05 0.0011351362 0.0007367207 0.0006229404 2.8850934e-07 1.1695687e-06 0.0016645817 6.612896e-06 0.00036020207 0.0010429026 0.00029533776 0.0005966604 9.663157e-05 8.951793e-05 0.00013367282
0.013741237 0.33289963 0.33626267 0.010849334 0.34024048 0.010873324 0.7534509 0.07196378 0.5136869 0.008893378 0.6478905 0.018956466 0.001199079 0.018462533 7.786729e-05 6.001868e-05 1.0249777e-05 0.005160857 0.005344254 5.131139e-05 6.315548e-06 0.0076658544 0.009052423 6.209084e-06 2.2350303e-05 1.5076728e-17 9.325322e-06 0.0004550791 0.9862098 5.1935317e-06 6.918109e-05 5.189794e-06 3.67268e-07 9.406643e-05 0.0011750022 0.002079187 0.13151303 0.00069876655 0.029238628 0.8133684 0.038967565 0.00068654434 0.00066581514 1.4596658e-05 0.00025387335 0.00018822361 2.3314695e-05 0.20308642 4.380603e-07 3.3669255e-07 1.8039653e-05 2.2696934e-06 3.603156e-05 0.021662397 0.00111181 6.2413806e-06 1.3102548e-06 4.1979663e-05 1.9388266e-05 5.9622806e-07 0.00020110077 0.000204507 1.6183143e-06 0.0001410597 4.4032466e-05 8.4480627e-07 1.3555305e-05 0.00047554087 8.22346e-07 0.0019197398 4.7181496e-07 1.05637994e-07 7.0981e-08 0.0007348693 3.3703004e-06 9.2892315e-06 3.2692965e-06 1.0497873e-06 2.777437e-05 0.00019539484 1.0232573e-06 1.700361e-06 0.00024457663 0.0030935565 0.0023890352 2.9634484e-07 4.7505222e-05 2.6198409e-08 0.00019742227 2.233773e-07 1.9616257e-06 1.1424038e-06 0.00078941876 3.839248e-06 0.00024230954 5.858383e-06 3.5834378e-07 0.00030515308 1.5674337e-06 2.4907162e-05 1.8026786e-07
0.66757536 0.00011265378 7.184282e-05 0.0023392707 0.00021327022 0.0038050143 2.811214e-05 9.24418e-06 0.00014065282 0.0014834973 0.00017734744 1.1751579e-06 0.06543727 2.4063227e-05 0.22934729 0.43055612 0.21264385 1.3282331e-06 7.398168e-07 0.8009777 0.5619916 0.004412867 3.2060045e-06 0.9516758 0.8810326 9.325322e-06 6.093838e-14 1.1985192e-07 8.588301e-06 0.97258765 0.079906635 0.14781983 0.53868824 0.1352658 0.0008202392 3.0083838e-06 4.313402e-06 2.7758967e-06 6.3503967e-06 9.170789e-06 1.7896647e-06 1.5083241e-06 1.0384449e-06 0.22007257 5.612198e-07 2.3421542e-06 2.3224297e-06 0.00017421955 0.022794817 0.05899842 8.65871e-07 1.263433e-07 1.3808481e-07 8.934274e-05 1.1415212e-05 0.4153689 1.0657015e-07 0.0009464329 0.052638657 0.45785615 5.3723943e-07 0.00020766493 3.139508e-07 1.6113111e-07 4.8937903e-07 2.2186717e-07 7.106418e-08 5.833946e-06 6.7972263e-07 0.17073795 2.2176891e-06 0.08506446 0.07667832 0.25585106 2.9082413e-08 7.744948e-08 5.3359295e-06 2.5901463e-06 5.820795e-05 8.868269e-06 0.00078674196 0.037561722 0.00036308393 2.1108629e-06 6.547613e-06 5.7813354e-06 2.1200434e-05 0.00507861 0.00021553348 0.0019167004 6.090171e-09 1.0112589e-06 0.0008606717 3.1481413e-06 0.00026299796 0.0017742866 0.00091912906 0.0009793768 0.00028787408 5.8718015e-06 0.000574864
0.93163306 0.001047413 0.0020782857 0.00012409633 0.0002138097 1.5005141e-05 0.000115011724 0.027607888 2.4920919e-05 0.0049504153 0.007972239 0.12634131 0.00071444106 0.038928278 4.0084233e-06 3.350342e-06 3.8415997e-06 0.61236924 0.92376834 1.2936128e-05 1.2722266e-07 1.5599077e-06 0.3326071 2.0028216e-08 5.5959936e-07 0.0004550791 1.1985192e-07 3.4274407e-18 6.4790595e-07 5.11613e-08 4.1146035e-07 5.402979e-08 2.420804e-08 0.00011531188 0.0048968513 0.25301236 0.024039397 0.34712777 0.30990225 0.00039917394 0.020031694 0.82420105 0.92099637 1.0273999e-07 0.57127315 0.2531693 0.3907454 1.8725356e-06 2.5473344e-07 6.153738e-09 0.23629306 0.14033379 0.31616127 0.059410002 0.1977467 1.1128713e-07 0.073098734 1.0949634e-06 1.561308e-08 3.261662e-07 0.29069963 0.06604421 0.06915487 0.17136042 0.09335746 0.005895756 0.057435166 0.0019140361 0.011021284 0.00034513374 0.030480893 1.2052303e-07 1.17322124e-07 3.162632e-05 0.0009291261 0.018367497 0.00095341925 0.00030364268 0.007880869 2.193862e-06 1.2770854e-09 1.1976748e-07 0.101847194 6.7032374e-06 0.00019390183 0.0027519648 0.12988126 8.5621885e-08 0.12987658 9.6195315e-08 0.0073389965 0.0026278698 0.012141903 2.7910479e-05 0.01587361 4.992004e-06 2.1101553e-07 0.00010344951 8.813398e-08 0.12897359 1.15071884e-07
0.007451299 0.49891716 0.43745786 0.033335835 0.5248181 0.030225042 0.7081221 0.0042977626 0.6869994 0.013467222 0.06034366 0.0037378012 0.0008473755 0.008209823 0.00030200864 4.1323096e-06 5.619771e-07 0.00018003122 8.799877e-06 9.240926e-06 4.1240846e-06 0.072854824 0.0001891929 1.3198161e-06 1.0406532e-05 0.9862098 8.588301e-06 6.4790595e-07 3.2053143e-15 6.586242e-06 2.378243e-05 8.4832465e-07 4.7761745e-07 1.8143724e-05 0.0015960572 7.198204e-05 0.0042239293 5.6655845e-06 0.000385716 0.040636495 0.0016253379 7.974569e-06 3.5608605e-06 4.093369e-06 9.311037e-07 1.0356278e-05 7.3969125e-07 0.78708947 5.653659e-07 9.137156e-07 6.287936e-07 9.012633e-08 8.9432683e-07 0.0020060025 9.329832e-06 8.08281e-06 5.02919e-08 0.0025726957 1.1213772e-05 2.3368352e-06 9.5068214e-07 3.3461736e-05 1.9442322e-08 5.566583e-06 1.1639107e-06 8.606887e-08 3.553104e-07 2.915858e-05 1.807321e-07 0.0012896669 6.9897204e-08 8.352013e-07 3.8929096e-07 0.00022968641 2.0463818e-07 6.974509e-07 9.4250163e-07 2.586938e-07 5.997453e-06 0.0020195872 4.1344478e-07 8.570579e-06 2.7764334e-05 0.01593651 0.0002880729 3.2329945e-07 7.1989587e-07 9.887718e-07 3.794265e-05 4.32051e-07 3.611221e-08 1.7441329e-07 0.0007057261 2.8483485e-06 1.2186489e-05 9.51755e-06 5.2751096e-07 0.007708411 1.3690855e-06 2.974837e-07 3.108042e-08
0.32746086 0.00011616032 9.291894e-05 0.0018492017 0.0001949602 0.0007194333 1.1423728e-05 5.6807767e-06 5.099741e-05 0.0012567228 6.60004e-05 1.0457186e-06 0.036480725 6.595192e-06 0.09697759 0.3307735 0.17548597 1.2766747e-06 3.3386186e-07 0.6479066 0.6201448 0.0015326438 1.6418171e-06 0.6706572 0.9784061 5.1935317e-06 0.97258765 5.11613e-08 6.586242e-06 3.6371163e-15 0.056309402 0.1750771 0.7258158 0.08679678 0.0008944574 3.031739e-06 9.3265935e-06 1.9979893e-06 3.536642e-06 7.734275e-06 7.518306e-07 8.463659e-07 2.6985668e-07 0.21168719 8.922289e-08 1.1427046e-06 4.378181e-07 0.00027864668 0.017848114 0.06691034 2.5471763e-07 1.1125672e-08 1.5987733e-07 0.00011541178 5.6361005e-06 0.15862569 2.370588e-08 0.0005836587 0.024942938 0.3415428 1.1477486e-07 0.00017150544 9.956912e-08 3.5190794e-08 2.3961803e-07 3.549184e-08 4.46173e-08 2.2065133e-05 3.0893108e-07 0.10309349 4.5471765e-07 0.09895172 0.049601752 0.11223402 4.3397097e-08 6.4049317e-09 1.0677722e-06 9.56955e-07 6.622612e-05 3.6277674e-05 0.00019419588 0.025347175 0.0002568833 1.20188315e-05 6.3737616e-06 9.706304e-06 6.6639354e-06 0.0042849137 0.00029408006 0.0014324267 4.8116884e-09 9.617437e-07 0.00054402015 1.4309535e-06 0.00044142455 0.0009963183 0.0006396182 0.0008753173 9.110905e-05 1.916415e-06 0.0005007556
