1.3345301e-20 0.93090343 0.93149894 0.88225895 0.94614667 0.9193405 0.9450115 0.8197455 0.88489425 0.9219329 0.8929881 0.9383789 0.96572083 0.9168717 0.89718735 0.81570184 0.906156 0.7214141 0.83519393 0.9272421 0.9940322 0.61001647 0.78528637 0.9640316 0.08381669 0.7391364 0.96479636 0.9364005 0.88490033 0.89843345 0.1159069 0.89701027 0.9679458 0.802263 0.959852 0.23288693 0.8705058 0.309667 0.014011061 0.9223143 0.65328753 0.9561172 0.08835066 0.049070824 0.898922 0.9442144 0.22153921 0.73175675 0.8321878 0.93153083 0.95218587 0.87805825 0.92940795 0.017112706 0.20033526 0.021180177 0.9985583 0.8494355 0.9288971 0.022143733 0.99985033 0.864596 0.13927202 0.042462654 0.6530344 0.9187309 0.021886738 0.99991965 0.165608 0.0053726 0.4792677 0.9842714 0.022146553 0.005385509 0.0017150765 0.8812914 0.37288547 0.8321135 0.88866025 0.3842587 0.13063936 0.90688837 0.0005348259 0.000959334 0.8471361 0.87593955 0.0005888145 0.00018781603 0.3586123 0.9959247 0.9999969 0.97827977 0.9995115 0.0006259251 0.00041154475 4.079412e-05 0.030833872 0.0046939505 0.00026931055 0.0025001059 0.7765069
0.93090343 6.984744e-17 0.94606483 0.9518609 0.92513686 0.109248236 0.03564559 0.7516388 0.8510705 0.729244 0.017938718 0.6125831 0.03661652 0.00058750785 0.2807983 0.046608545 0.0015974513 0.00023890326 0.51014805 0.00059513404 0.20802665 0.011072537 3.2868895e-05 0.0020012143 0.5894933 0.00065275317 0.05952537 0.000120914054 0.0004690677 5.148437e-05 0.005291513 0.0009006735 0.00066337973 0.006417412 0.017412048 0.0016684993 0.011288054 2.3353105e-05 0.12674204 8.640015e-06 0.00023276228 0.009841697 1.8936917e-05 0.03848084 0.00051075994 0.0043211184 2.1484884e-06 1.5982071e-06 5.5311943e-05 0.00015149816 0.00090952794 0.0013554937 1.6025835e-05 0.00065119035 0.00021998958 0.00048538856 0.0016006408 0.0007518838 2.272016e-05 0.09888729 0.016514562 6.4494685e-07 0.047061056 0.00022834845 5.9442236e-06 6.1017545e-06 0.00013761989 0.0038315733 2.1231401e-06 0.00017866 5.1883144e-06 1.4579352e-05 3.9895913e-06 7.6326505e-06 3.2795535e-05 9.630396e-07 1.2099426e-07 5.1578604e-06 0.00011284378 5.027567e-07 4.8061006e-06 5.559474e-06 9.710498e-06 0.0009496153 9.64318e-05 2.6325277e-05 6.71992e-07 2.2799702e-06 3.117333e-08 4.946255e-06 0.014228025 6.7738815e-06 0.0002623326 0.001397383 0.021991514 4.530514e-06 2.7217249e-07 0.00054540666 7.0538736e-06 8.576698e-07 6.06632e-10
0.93149894 0.94606483 1.448291e-15 0.95886534 0.90541035 0.10633324 0.04897037 0.56752557 0.9297089 0.5485168 0.005545815 0.43382 0.07330945 0.0007566807 0.15113279 0.020974962 0.0023560296 0.00014410865 0.7332088 0.00077079475 0.1178547 0.023638155 1.9224033e-05 0.0019928191 0.7887586 0.0004315077 0.05318257 0.00020379345 0.00019916867 9.073952e-06 0.016242905 0.0004546176 0.00084215903 0.0075959736 0.026342105 0.0008424249 0.017465042 1.265932e-05 0.22095682 3.5835214e-06 0.000266447 0.0047428925 1.0403694e-05 0.10617989 0.00014186038 0.0061063366 1.6374936e-06 8.7713437e-07 2.4648065e-05 8.40495e-05 0.00027571412 0.00122989 1.829092e-06 0.0033494174 0.00015382933 0.00076660473 0.0009756502 0.00043594307 7.2743173e-06 0.22338843 0.019466348 6.492274e-08 0.062280472 0.00010833519 2.9578505e-06 6.4439264e-06 0.00024406845 0.0068580033 5.1109664e-06 0.0015700469 1.3045118e-06 5.1527472e-06 7.899247e-06 2.8915927e-06 0.00012014255 4.1229583e-07 9.724017e-08 2.1798826e-06 4.0607647e-05 1.5367219e-07 8.24186e-06 1.4543613e-06 1.7335795e-05 0.0046527004 7.538569e-05 2.7063192e-05 2.3701587e-06 4.0199693e-06 1.6280804e-08 5.271544e-07 0.02811267 4.6287573e-06 0.00020488749 0.0021697849 0.08566437 4.5508255e-05 2.3273375e-07 0.0005623844 1.8909215e-05 2.410504e-06 9.1470115e-10
0.88225895 0.9518609 0.95886534 3.681827e-16 0.87923265 0.05926195 0.012382933 0.83025384 0.96929514 0.6340362 0.029859345 0.40800148 0.016049981 8.856542e-05 0.13760445 0.04618378 0.00025508093 0.0008631314 0.32585838 6.7892004e-05 0.13914108 0.0057888166 0.00040401972 0.004952125 0.62358207 5.055439e-05 0.034238495 7.3004e-06 0.0014894733 0.00013863631 0.0028300597 0.0010384802 0.00020257811 0.0037119868 0.010670455 0.0022021462 0.0076330844 1.884783e-06 0.09223879 3.3641143e-05 9.498e-06 0.0125340745 7.501697e-07 0.017649507 0.0007793103 0.0018531802 2.9529184e-08 9.396884e-06 1.4663342e-06 2.414452e-06 0.0016796999 0.00045718014 1.7091463e-05 0.0004472189 0.00018072258 8.851856e-05 0.0028155027 6.0710237e-05 0.00017017791 0.14291266 0.021255491 1.0213766e-06 0.11285396 1.9510956e-06 1.7274962e-07 3.218063e-07 0.0013723177 0.0012524348 6.478182e-07 0.00017574024 1.0859051e-05 0.00010089055 7.5836925e-07 2.3640237e-07 3.5768862e-05 2.7044964e-06 5.600542e-07 1.886971e-05 1.3474928e-05 5.509446e-07 1.1426212e-05 4.781671e-05 8.1588305e-06 0.0013253881 5.923879e-06 2.2072068e-06 2.475179e-06 2.1436761e-05 5.0051463e-10 3.33909e-05 0.009132152 4.6457458e-07 9.848423e-06 0.0022293595 0.02927207 1.0721554e-05 2.8501365e-06 0.0021873785 4.4307167e-06 3.5683222e-06 5.583892e-09
0.94614667 0.92513686 0.90541035 0.87923265 1.2995879e-14 0.9094619 0.7192538 0.44686523 0.5346315 0.826316 0.0014980278 0.8348598 0.22607246 0.00960586 0.8727655 0.019769711 0.007012399 0.00010947264 0.63284445 0.0047422093 0.29779238 0.023449376 2.536963e-05 0.0012902376 0.15115455 0.00078825076 0.16860127 0.0003491436 0.0001452975 0.00013979842 0.009180252 0.0012460859 0.0016221062 0.01812306 0.063300416 0.0001651919 0.045709234 0.00019278737 0.016257146 1.1055363e-05 0.0003897111 0.007012319 4.7669007e-05 0.032880764 0.00072431663 0.011394754 9.877639e-06 3.7813345e-06 0.00014308104 0.00056069536 0.0007907961 0.0022933807 1.9235185e-05 0.0007214161 3.693858e-05 0.00046168495 0.0010933196 0.0026510037 5.5709566e-05 0.01031983 0.017618204 2.5819263e-06 0.0021504217 0.00033318804 1.591555e-05 7.950076e-05 4.366393e-05 0.012846616 1.2167258e-05 0.00029409406 1.835154e-05 5.441355e-05 6.2923364e-06 1.0856649e-05 5.0842795e-05 1.4705257e-06 1.4245322e-06 5.74712e-06 0.00062460196 5.0278015e-07 6.6969815e-06 2.4587585e-05 3.7175218e-05 0.00043927733 0.0004343182 0.00030326788 1.1779888e-06 2.6991988e-06 5.859489e-08 6.249478e-05 0.029882304 9.8074044e-05 0.0004313536 7.028809e-05 0.0032600595 2.4254849e-05 1.0575417e-06 2.5528794e-05 2.6530535e-05 1.0387198e-05 1.510506e-08
0.9193405 0.109248236 0.10633324 0.05926195 0.9094619 1.1792367e-15 0.98545635 0.0028061876 0.02812492 0.091688484 7.131311e-05 0.20199385 0.8743219 0.37097636 0.6692708 0.0038639253 0.31315795 6.8824056e-06 0.8102902 0.22222483 0.02652698 0.2511953 4.264487e-06 0.00016741194 0.012701848 0.014095838 0.12475065 0.015528256 1.315817e-06 1.3222184e-06 0.07882719 5.353563e-05 0.021109583 0.09848136 0.10526565 2.5470717e-05 0.12485476 0.00058965007 0.0043303696 1.65481e-07 0.003979823 0.0035942195 0.00014982655 0.071123146 2.8641132e-05 0.061582558 3.3864242e-05 1.0884859e-07 0.0003395918 0.0007427786 4.9525916e-05 0.0101538785 2.9839862e-07 0.009361478 2.0246548e-06 0.008338616 0.000577934 0.005469479 1.97588e-06 0.0016930725 0.014192986 2.5083903e-08 3.0732666e-05 0.012757259 7.749713e-06 4.751664e-05 5.0766965e-07 0.03334483 8.2611e-06 0.0033078203 1.405538e-07 1.6092818e-06 3.474665e-05 1.1989628e-05 0.00056348817 5.8892702e-08 6.1767267e-09 7.350104e-08 0.000753052 1.6274315e-08 4.9835087e-08 5.113987e-07 0.00013329141 0.00055498176 0.0004658399 0.00043883454 2.03598e-08 5.0232362e-08 6.882612e-09 1.4298103e-06 0.031994916 0.00032830975 0.0015004347 7.05719e-06 0.0011238783 7.550001e-05 4.3302655e-09 1.067015e-06 3.747213e-06 7.749361e-09 6.7717687e-10
0.9450115 0.03564559 0.04897037 0.012382933 0.7192538 0.98545635 1.1735728e-16 0.000571506 0.010131316 0.051902607 1.7053964e-05 0.2153055 0.82554346 0.7693571 0.74280155 0.0008398396 0.43278763 5.921066e-06 0.54354846 0.6606457 0.023931408 0.30133957 3.005697e-06 6.823668e-05 0.0058903974 0.08699462 0.18627597 0.13276595 2.9100795e-07 1.1788385e-06 0.09995651 2.3613833e-05 0.14120783 0.2332832 0.18149194 7.873436e-06 0.24615552 0.0065361755 0.0016386675 9.2865825e-08 0.022935294 0.0010654785 0.0016059334 0.06345334 8.806509e-06 0.18815976 0.00046559027 4.10141e-08 0.015990494 0.022015357 6.0233247e-05 0.047802217 2.9464582e-07 0.01287285 5.493853e-05 0.023201881 0.00022710253 0.020750592 4.3463723e-07 8.157248e-05 0.0066290996 4.382155e-08 3.1341206e-05 0.02995604 0.0007098314 0.0013644083 4.396086e-06 0.08741403 4.1465864e-05 0.0030233385 2.7265204e-07 7.572216e-07 7.640455e-05 0.0007437845 0.00044019576 1.0144933e-07 2.2004707e-08 3.1640474e-07 0.0038294762 7.8141085e-08 9.4902276e-07 3.9095661e-07 0.00019076279 0.00030316177 0.0027151918 0.0026649465 2.9303035e-07 7.8549067e-07 1.2372243e-06 1.717457e-06 0.032606766 0.0014778392 0.0064031463 1.9044304e-06 0.00039131608 3.178246e-05 9.436892e-08 1.091398e-06 2.9009438e-05 1.2829045e-07 8.9475544e-10
0.8197455 0.7516388 0.56752557 0.83025384 0.44686523 0.0028061876 0.000571506 7.232742e-16 0.54063666 0.95043993 0.95093685 0.38795707 0.0002952989 2.644838e-05 0.021260478 0.9168931 0.00010325031 0.21431004 0.005171711 3.998632e-05 0.24986993 0.00020193927 0.14450283 0.15167251 0.08435121 1.1939321e-05 0.018854817 3.437801e-07 0.07476104 0.002296689 7.94385e-06 0.021435222 0.0002478113 0.0017575126 0.009320261 0.06650107 0.0048209513 2.5484144e-06 0.0008368969 0.00045841158 8.323308e-07 0.08563409 1.8389566e-06 8.4422485e-05 0.006936693 0.0013778557 3.1262664e-07 0.00011149434 1.3085457e-05 5.5493223e-05 0.008966258 0.00037872966 9.761113e-05 2.0159925e-06 0.0005675256 1.5516966e-06 0.007551409 8.711355e-05 0.0013059017 0.055236045 0.038263414 1.9757492e-05 0.21040548 4.386832e-07 1.0410926e-06 7.268014e-06 0.011332733 0.0018428 6.6852905e-08 8.900436e-07 2.361471e-05 0.001179276 7.205259e-08 2.2978881e-07 3.5500912e-06 6.964815e-06 8.518915e-06 4.4164663e-06 9.0630165e-05 1.4231214e-06 5.127189e-06 0.00059876643 4.2830257e-07 7.5916923e-06 7.035938e-05 2.731541e-05 3.1111322e-06 9.175591e-06 2.6925424e-08 0.00030357143 0.015543672 1.869161e-05 4.640972e-05 0.00094376225 0.00033676066 1.641966e-06 1.1762618e-07 0.0026783561 1.153685e-06 1.0231842e-06 8.248193e-09
0.88489425 0.8510705 0.9297089 0.96929514 0.5346315 0.02812492 0.010131316 0.54063666 4.880251e-13 0.27358028 0.07864697 0.15160923 0.007511417 0.00028460732 0.01756375 0.027338088 0.0006917373 0.0019778928 0.37703595 9.409444e-05 0.025268013 0.005656758 0.0002532142 0.0017812193 0.980249 2.6648193e-05 0.0058748233 1.5322717e-05 0.0025287804 0.00029823778 0.0028187106 0.000898022 0.00017895621 0.0006038998 0.0022716837 0.005878206 0.0017100985 2.2931225e-05 0.40661204 5.4612046e-05 1.5086701e-05 0.0041089454 2.1821454e-06 0.02298072 0.0004610731 0.0002764255 4.6737688e-07 1.3050315e-05 2.6724212e-05 2.6931422e-05 0.0007786807 0.0001560195 5.9059726e-05 0.00019260819 0.0002585307 9.495161e-05 0.000542408 8.966556e-05 0.00026522123 0.58168477 0.0066883718 2.6841894e-06 0.32393607 1.5629477e-05 1.2117298e-06 2.3087537e-06 0.007062368 0.00039965025 3.8182893e-06 0.0003540315 1.3487631e-05 5.5979155e-05 7.1460804e-06 1.1382066e-07 9.8334305e-05 8.392226e-06 6.8929085e-06 3.2337037e-05 7.4657204e-05 1.0649995e-05 1.7853014e-05 7.558877e-05 4.369695e-06 0.007895727 3.2919352e-06 5.4458064e-06 3.5110845e-06 2.113261e-05 1.3235898e-08 3.6143443e-05 0.0034200693 1.7130902e-05 1.8394978e-05 0.03241387 0.19165114 7.081289e-05 1.0252852e-06 0.039380606 1.3007322e-05 8.395673e-05 4.3893657e-08
0.9219329 0.729244 0.5485168 0.6340362 0.826316 0.091688484 0.051902607 0.95043993 0.27358028 3.5424688e-15 0.3776369 0.9519838 0.007749533 0.0020114363 0.2216225 0.73356754 0.00056499784 0.017430224 0.01099936 0.0013159439 0.87283415 0.0004818522 0.0066151544 0.25758037 0.013600043 0.0005618858 0.090052776 2.8932078e-05 0.0077850264 0.0037773468 6.593472e-05 0.026652046 0.001459027 0.008812794 0.025244221 0.0012235366 0.015203919 0.00022072029 4.9645936e-05 0.0009722271 2.4305024e-05 0.17023568 2.564636e-05 0.000118012314 0.010050826 0.0036147363 3.3514698e-06 0.00025453395 2.7546954e-05 0.00045803227 0.003932696 0.0015878294 0.00031400486 5.1584335e-05 6.6879096e-05 2.7812326e-05 0.0073999153 0.00029661247 0.0014144195 0.002811246 0.06775511 1.4694246e-05 0.012250514 7.687674e-06 4.318232e-07 2.0215286e-05 0.00018973024 0.006182445 2.0391165e-06 1.05020135e-05 0.00017748348 0.0010682185 9.2096104e-07 1.3697579e-06 2.499387e-05 9.3375456e-05 6.1112965e-05 0.00010167371 8.972468e-05 3.4589257e-06 2.743103e-05 0.000114451286 3.873946e-06 0.00016775778 0.00013145691 2.3258443e-05 1.2170855e-05 8.491192e-06 5.2133043e-07 0.00018289665 0.112347886 2.1543474e-05 0.00025070368 3.0870728e-05 0.001984255 6.8238596e-06 3.6849685e-06 0.000113420996 6.52223e-06 5.418547e-06 2.3468058e-07
0.8929881 0.017938718 0.005545815 0.029859345 0.0014980278 7.131311e-05 1.7053964e-05 0.95093685 0.07864697 0.3776369 1.0283861e-18 0.055728197 8.969974e-06 7.730042e-08 0.0015671456 0.78322726 5.2612054e-06 0.97457325 0.0003299913 3.040808e-06 0.08557469 7.74479e-05 0.25930426 0.27692074 0.016571943 3.6542227e-07 0.0055146376 7.7576765e-08 0.80982864 0.019950412 1.2570236e-05 0.06781062 1.2345258e-05 0.00023927358 0.0019473528 0.4104237 0.0010600218 1.8540436e-07 0.00011423549 0.022486174 5.602092e-07 0.12850736 4.5020528e-08 4.740335e-05 0.01381835 0.00015527893 3.399078e-09 0.0012405112 8.136355e-07 6.294529e-07 0.017191878 2.5992684e-05 6.2581494e-05 4.1986664e-07 0.12559761 5.204008e-08 0.013513435 5.1181805e-06 0.001351752 0.007794549 0.09728854 4.507606e-05 0.6255298 2.713645e-08 3.394132e-07 1.271076e-07 0.096443415 0.0015376698 4.866246e-08 6.882645e-07 2.0004652e-05 0.00079556165 3.1355944e-07 1.0046267e-07 3.2802788e-07 2.7127364e-06 1.0038779e-05 1.8002993e-05 7.1603004e-05 7.9478843e-07 8.9774745e-05 0.00085559895 2.1157653e-07 2.3994903e-06 8.780424e-07 4.979767e-07 3.7152182e-05 6.466196e-05 3.0633743e-10 0.0004937522 0.023861298 2.4576005e-07 2.8418082e-05 0.0006730022 0.00016498819 2.5024613e-07 1.9390844e-08 0.011179944 2.0498467e-07 1.0601456e-05 2.1626925e-09
0.9383789 0.6125831 0.43382 0.40800148 0.8348598 0.20199385 0.2153055 0.38795707 0.15160923 0.9519838 0.055728197 2.9736125e-14 0.030316025 0.0071828533 0.9171332 0.20157674 0.002837171 0.002719159 0.03718915 0.009131042 0.9537663 0.0017675929 0.0014614356 0.025258852 0.0075084805 0.001834519 0.4275789 0.00030712993 0.00172783 0.0011525581 0.00026467897 0.0035792426 0.005461348 0.042766448 0.083477624 0.00020617859 0.046877157 0.00021103174 7.3564755e-05 0.0003472917 9.580325e-05 0.03392884 2.2777282e-05 0.00014403515 0.0015598563 0.007796672 9.215889e-06 0.00014177056 0.00019757764 0.0015426785 0.0014441551 0.0017782575 6.0420625e-05 8.1730395e-05 4.9015583e-05 9.523047e-05 0.0023260065 0.0006289915 0.00020229336 0.0015760016 0.07970043 3.9164647e-06 0.0012560087 5.0060848e-05 1.2076481e-06 1.88443e-05 2.0221089e-05 0.01845463 2.6159822e-07 4.7911126e-06 3.5485227e-05 0.00037725203 6.130893e-07 3.9349143e-06 2.1051204e-05 1.065352e-05 1.1722012e-05 8.067309e-06 0.00021291623 1.517703e-06 8.521475e-06 2.546698e-05 4.8955208e-06 5.5840523e-05 0.00019885684 5.3785214e-05 2.1000224e-06 9.475626e-06 9.780005e-08 5.5837492e-05 0.30488765 2.0731892e-05 0.00037851627 0.00010050249 0.001039139 1.1449271e-05 1.3430762e-06 0.00013217572 1.4993133e-06 1.2174773e-06 2.6109262e-08
0.96572083 0.03661652 0.07330945 0.016049981 0.22607246 0.8743219 0.82554346 0.0002952989 0.007511417 0.007749533 8.969974e-06 0.030316025 1.6973019e-14 0.44566482 0.03152332 0.00034928648 0.9144859 3.8860065e-07 0.8487744 0.20269306 0.0011329965 0.98470455 6.783785e-08 1.1413884e-05 0.0062466776 0.033791892 0.01175478 0.09447421 2.2624361e-08 2.6753446e-06 0.39776137 2.166617e-05 0.050336495 0.0450046 0.020451618 8.927188e-07 0.059888538 0.001959971 0.0058800024 4.075122e-09 0.04819104 0.00041435665 0.0004572085 0.14850853 3.1884053e-06 0.054018885 0.00014353901 1.366485e-09 0.0061746286 0.005451427 1.6423552e-05 0.013909978 8.706101e-08 0.1500389 4.2637285e-07 0.13071851 0.00014636978 0.009219577 5.709021e-07 0.00036158288 0.0009432062 7.6378136e-08 1.8262682e-06 0.09880233 0.00026568503 0.00017703771 5.9297236e-06 0.010123127 0.00096947217 0.020792602 8.847218e-08 8.1923605e-07 0.0014330649 0.0002247137 0.0076165968 6.104537e-08 1.4816972e-08 8.1869445e-08 0.0019062967 4.7136766e-08 2.4102155e-07 2.9346254e-06 0.0017322724 0.0026331127 0.00048648985 0.000686564 1.9792134e-07 2.0886642e-07 4.0174054e-06 4.4687267e-06 0.0022490656 0.00046872112 0.00043883183 5.8611936e-06 0.0011598006 0.0011692705 1.083078e-08 3.3240474e-06 0.00019815203 3.041597e-06 1.2920037e-09
0.9168717 0.00058750785 0.0007566807 8.856542e-05 0.00960586 0.37097636 0.7693571 2.644838e-05 0.00028460732 0.0020114363 7.730042e-08 0.0071828533 0.44566482 8.926581e-15 0.050286345 6.85884e-05 0.9760586 1.1535619e-08 0.021959057 0.9708879 0.00044819023 0.27029276 3.6230112e-08 7.6280226e-06 0.00033122665 0.8369556 0.011388942 0.47082558 3.999955e-09 9.6764495e-08 0.050049875 2.3777723e-06 0.3792349 0.2630982 0.04254004 3.305505e-07 0.20719483 0.3223556 3.236968e-05 1.16631185e-08 0.26745883 0.00019010117 0.041875686 0.0031901726 1.4248149e-06 0.3061792 0.0032147951 5.132685e-09 0.3485669 0.24015287 2.362425e-06 0.14953977 2.1999124e-08 0.027660742 3.1979386e-07 0.04262363 1.8464949e-05 0.10863987 1.3003253e-07 2.714235e-06 0.0013618966 2.8955978e-09 1.0562717e-06 0.07982664 0.00024252803 0.0039301515 1.1387973e-05 0.06745116 0.023522979 0.0028848832 3.853352e-08 7.3745944e-08 0.008869471 0.0018189412 0.002516986 4.2387356e-08 3.32958e-08 5.2721873e-07 0.015817085 6.1961494e-09 1.6410015e-06 2.1454287e-07 0.00056751136 0.00015186427 0.007714905 0.0064274627 4.5117925e-08 1.9037466e-07 9.392046e-06 3.9915034e-07 0.0057267984 0.0035661724 0.0043181893 4.2608003e-06 8.187464e-05 0.00018311743 1.3472442e-08 6.0256193e-06 0.00018611539 2.1717337e-06 6.480539e-10
0.89718735 0.2807983 0.15113279 0.13760445 0.8727655 0.6692708 0.74280155 0.021260478 0.01756375 0.2216225 0.0015671456 0.9171332 0.03152332 0.050286345 3.243642e-15 0.01791212 0.004432647 0.00015065874 0.022165626 0.21744515 0.3799849 0.0022182816 0.00017994299 0.00209392 0.0020036702 0.011827208 0.97655416 0.0004977254 3.0158859e-05 5.891841e-05 0.0005027785 0.0010553787 0.13970369 0.46139777 0.26561314 3.2920016e-06 0.16040647 0.0012909442 3.1852156e-05 1.0951968e-05 0.00024559852 0.009468049 0.00022839177 0.0002600264 0.00035601424 0.048215624 8.923971e-05 1.4745069e-06 0.00495758 0.056157447 0.00035348194 0.019933391 6.712455e-06 0.0005134362 1.2690823e-05 0.00056605303 0.00096834387 0.006782719 2.7227581e-05 0.0005965654 0.022572232 3.6664542e-07 9.339576e-05 0.00024148276 2.1454287e-05 0.001045962 2.0235559e-05 0.063123226 2.4639028e-06 2.1003038e-05 8.937202e-06 3.105602e-05 1.0524925e-05 2.5443407e-05 0.00010806392 3.1800575e-06 6.9450825e-06 3.033075e-06 0.0011495991 1.9384125e-07 5.0352273e-06 2.924074e-06 3.3913755e-05 7.952958e-05 0.00096972456 0.00076679344 6.3111224e-06 2.3544762e-06 2.4984027e-07 1.918219e-05 0.11289281 0.00023628733 0.0020060802 4.1532272e-05 0.0015511665 5.973034e-06 1.5177065e-07 3.558808e-05 7.496692e-05 1.6420347e-06 3.3349064e-08
0.81570184 0.046608545 0.020974962 0.04618378 0.019769711 0.0038639253 0.0008398396 0.9168931 0.027338088 0.73356754 0.78322726 0.20157674 0.00034928648 6.85884e-05 0.01791212 6.416772e-19 0.00013755022 0.61484903 0.0006608414 0.00011393921 0.39576277 6.3022366e-05 0.68352425 0.98636913 0.0030698087 7.895953e-05 0.05169814 3.3461524e-06 0.17251986 0.17102137 4.6093746e-06 0.5898544 0.0009255082 0.0049680704 0.012548624 0.042579953 0.006750476 5.082585e-06 2.4902922e-06 0.059307624 1.9922375e-06 0.34734696 1.1929003e-06 1.3816637e-05 0.12150959 0.0018984845 2.6978475e-08 0.0096841045 3.1814773e-06 6.488143e-05 0.023231989 0.0008687752 0.003595111 2.1263812e-05 0.004512785 3.1190255e-06 0.04249625 7.602289e-05 0.010253592 0.000365621 0.13723333 0.00035143844 0.0754381 5.155576e-07 2.4101513e-07 6.812117e-06 0.012300819 0.0034290687 4.0173842e-07 5.462657e-07 0.00045768294 0.0025746517 8.498024e-07 1.8963806e-07 3.9488837e-06 0.00035720793 9.885296e-05 0.00040677126 3.174438e-05 2.3085402e-06 0.00017932063 0.0013626424 2.740449e-07 7.977116e-06 6.489708e-05 1.8604094e-05 2.9815545e-05 5.555544e-05 6.543256e-08 0.0018577607 0.05667113 3.4964157e-06 5.8896385e-05 2.7392143e-06 9.679703e-05 2.138686e-06 2.9502206e-07 0.00013447195 2.2419406e-05 9.806175e-06 2.8590836e-07
0.906156 0.0015974513 0.0023560296 0.00025508093 0.007012399 0.31315795 0.43278763 0.00010325031 0.0006917373 0.00056499784 5.2612054e-06 0.002837171 0.9144859 0.9760586 0.004432647 0.00013755022 5.659294e-15 6.0115593e-07 0.114098854 0.47076666 0.00038507773 0.7240402 1.0493219e-06 3.921886e-05 0.0015091549 0.87373096 0.0013126236 0.8398088 3.692785e-08 8.201734e-07 0.294815 4.2810618e-05 0.06674088 0.023830563 0.0037004445 3.2770008e-06 0.021103092 0.3378448 0.00068128086 6.115876e-08 0.4627718 0.00022004457 0.01732308 0.019561732 1.941456e-05 0.059076604 0.0010402793 2.494473e-08 0.019740928 0.013139593 1.361851e-05 0.010427202 1.7991354e-07 0.26153964 8.247678e-06 0.56004953 2.0769316e-05 0.0084871845 6.751142e-06 5.6421646e-05 0.00078730116 2.6896797e-07 2.4362032e-06 0.6004902 9.139222e-05 0.0012119482 0.00012051665 0.008866431 0.06261608 0.0098353075 4.1474163e-07 2.4560647e-06 0.078611694 0.0035008136 0.021520324 2.7588783e-07 1.8202928e-07 1.9689467e-06 0.0015929749 2.2227019e-07 3.919252e-06 2.7546744e-07 0.0065207346 0.0006294554 0.000977628 0.0008657646 7.44922e-07 7.198258e-07 6.262749e-06 6.4929833e-07 0.0007331643 0.0012107273 0.00058685325 6.7795104e-06 0.00037914235 0.00037753495 3.7703103e-07 3.345899e-05 0.0011006306 2.2559438e-05 2.8590222e-08
0.7214141 0.00023890326 0.00014410865 0.0008631314 0.00010947264 6.8824056e-06 5.921066e-06 0.21431004 0.0019778928 0.017430224 0.97457325 0.002719159 3.8860065e-07 1.1535619e-08 0.00015065874 0.61484903 6.0115593e-07 9.275326e-19 1.4999033e-05 1.042302e-07 0.0074203773 4.089198e-06 0.9861719 0.17545274 0.000758526 4.235784e-07 0.00079890207 8.261265e-08 0.70461917 0.31864998 1.1286573e-06 0.22811966 1.97081e-06 1.5336578e-05 0.00018947493 0.32291073 0.00015496339 3.1281914e-08 2.2892123e-06 0.324647 3.016731e-07 0.08303287 6.390853e-08 4.047293e-06 0.041112065 2.9245355e-05 2.3365878e-08 0.018966185 3.6373424e-07 1.5554147e-07 0.052434783 4.291389e-06 0.0020296583 4.2314116e-07 0.14338522 2.839638e-07 0.018271683 3.8551698e-07 0.012597743 0.00011619488 0.03106846 0.0006423737 0.25917304 8.7079576e-07 2.2517865e-07 7.7564046e-08 0.09063735 0.00026207056 1.0540065e-08 7.319818e-07 0.00019728203 0.0035948295 6.6050994e-08 1.6737232e-08 5.378187e-07 4.892307e-05 4.2108168e-05 0.00016254139 8.141377e-07 2.273724e-05 0.0013530727 0.0047008474 1.7859978e-07 9.5251934e-08 8.697852e-08 1.5899596e-08 0.00020783431 0.00033468165 2.034795e-09 0.0016740109 0.002673228 1.1935643e-07 2.1767e-06 2.5056064e-05 5.5500286e-06 2.6415282e-07 9.0635695e-07 0.002871866 5.400156e-08 2.6708324e-06 7.8680685e-08
0.83519393 0.51014805 0.7332088 0.32585838 0.63284445 0.8102902 0.54354846 0.005171711 0.37703595 0.01099936 0.0003299913 0.03718915 0.8487744 0.021959057 0.022165626 0.0006608414 0.114098854 1.4999033e-05 2.908801e-16 0.0029626884 0.0019869655 0.85811025 1.702417e-06 0.00013639443 0.43797916 0.00062828505 0.005516713 0.002038124 4.889037e-07 1.0357444e-05 0.7776788 4.867465e-05 0.00072300714 0.002240148 0.006324185 3.3554259e-06 0.011121541 7.913548e-05 0.5065251 3.8511828e-07 0.0028861887 0.00056254957 1.4021494e-05 0.9826114 1.918356e-05 0.002559735 1.3296138e-05 1.876191e-08 3.2654534e-05 3.7649137e-05 4.276508e-05 0.0003285055 1.1771443e-06 0.29990265 1.7145015e-06 0.044612728 0.00018701673 9.796878e-05 6.6654993e-06 0.017910836 0.000991777 7.9864225e-07 3.0409921e-05 0.010887628 1.0895104e-06 1.999602e-06 2.27203e-06 0.00026945514 3.586854e-05 0.2832653 8.091838e-07 6.6398798e-06 3.3267734e-05 4.0337746e-08 0.007359879 5.251853e-07 5.105193e-08 3.3328254e-07 1.5345546e-05 2.648119e-07 4.6961866e-08 3.5420596e-06 0.0005305421 0.08484786 7.5441303e-06 1.6088611e-06 1.6872141e-08 3.4520674e-08 6.549336e-08 1.305345e-05 0.0024145239 1.01697715e-05 2.9310551e-05 0.00015711845 0.12742348 0.004457524 1.6266311e-08 2.4631003e-05 1.3575616e-05 3.3418584e-07 3.3359673e-09
0.9272421 0.00059513404 0.00077079475 6.7892004e-05 0.0047422093 0.22222483 0.6606457 3.998632e-05 9.409444e-05 0.0013159439 3.040808e-06 0.009131042 0.20269306 0.9708879 0.21744515 0.00011393921 0.47076666 1.042302e-07 0.0029626884 1.6240847e-13 0.0008559352 0.042989813 2.61391e-07 2.906072e-05 5.738837e-05 0.75288266 0.03311998 0.47113067 1.0747832e-07 2.1915218e-06 0.008714169 3.6844674e-05 0.9659219 0.277169 0.060142875 1.9745519e-06 0.19571719 0.39177614 1.5814558e-05 5.973211e-08 0.13197885 0.00051890267 0.21182299 0.00020415605 2.4612033e-05 0.40710706 0.086410485 7.375804e-08 0.35336858 0.4207562 3.8475857e-05 0.15601856 4.905215e-07 0.00783429 6.619313e-06 0.020970682 7.5941585e-05 0.14367482 1.0617871e-06 1.3389991e-06 0.0039405664 1.2501887e-07 5.482754e-06 0.06865739 0.0011237727 0.029775603 9.643294e-06 0.13153182 0.027230559 3.5268793e-05 8.806496e-07 2.7178874e-06 0.009192141 0.008996382 0.0005885052 2.4729766e-07 7.063365e-08 3.0348056e-06 0.03216698 1.6604584e-07 5.126423e-07 1.0639162e-07 0.00055643247 5.124906e-06 0.019175077 0.017151624 1.1593747e-07 6.35543e-08 0.00073398993 6.648805e-07 0.02474282 0.0081996275 0.0128108 2.9299526e-06 1.7798971e-05 3.6639922e-06 2.4889603e-08 5.4810234e-06 0.00018359094 3.1022262e-06 1.3952395e-09
0.9940322 0.20802665 0.1178547 0.13914108 0.29779238 0.02652698 0.023931408 0.24986993 0.025268013 0.87283415 0.08557469 0.9537663 0.0011329965 0.00044819023 0.3799849 0.39576277 0.00038507773 0.0074203773 0.0019869655 0.0008559352 2.0703357e-15 0.00036484026 0.001572548 0.2545692 0.0013733297 0.00039764238 0.58334583 1.6003873e-05 0.0068290196 0.0034401563 0.00010476811 0.01244587 0.0024923917 0.014535412 0.13183321 0.0007946112 0.03445725 0.00015097632 4.7265217e-05 0.000634085 1.0364172e-05 0.42837822 3.1050127e-05 9.128116e-05 0.011239238 0.0067586857 6.652214e-06 0.00030622064 2.5719546e-05 0.000278086 0.008233922 0.0021756405 0.00020228427 3.2882537e-05 6.399285e-05 1.7285773e-05 0.025747387 0.0006543747 0.0009333993 0.00072103366 0.648276 8.545494e-05 0.002991259 9.615359e-06 7.876465e-07 1.302059e-05 8.989169e-05 0.019864751 1.2351134e-07 1.0436269e-05 9.09429e-05 0.0023870026 2.1977976e-07 1.722065e-05 1.6171103e-05 6.6957466e-05 2.7269392e-05 7.1837065e-05 0.00032608182 1.3894716e-05 3.802872e-05 0.00039850356 7.875237e-06 1.5311703e-05 0.0002461153 8.39572e-05 8.8816887e-07 2.752269e-05 1.6373491e-07 0.00041794512 0.7857046 1.3635796e-05 0.0002780998 8.4785315e-05 0.0012553082 7.711318e-06 1.3460364e-05 7.69177e-05 1.2754892e-06 1.4896643e-06 9.495209e-08
0.61001647 0.011072537 0.023638155 0.0057888166 0.023449376 0.2511953 0.30133957 0.00020193927 0.005656758 0.0004818522 7.74479e-05 0.0017675929 0.98470455 0.27029276 0.0022182816 6.3022366e-05 0.7240402 4.089198e-06 0.85811025 0.042989813 0.00036484026 2.8330617e-13 1.9139584e-06 1.21444555e-05 0.0071216775 0.030542519 0.0013170555 0.13876356 9.200283e-08 1.8743525e-06 0.97512764 6.280625e-05 0.0031047966 0.0035643687 0.0010109524 1.1339926e-06 0.003942542 0.0034507106 0.011786926 1.3804873e-07 0.09895849 4.5891826e-05 0.0005845458 0.5298831 1.9797686e-05 0.0030361924 0.00023650602 1.3003532e-08 0.0014392041 0.001347678 1.0572024e-05 0.0012597719 5.4463703e-07 0.85284334 3.2668781e-06 0.7470528 2.3621691e-05 0.0019605355 1.4740338e-05 0.00047661486 0.00035719803 3.8636645e-07 1.9202716e-06 0.60103965 3.616675e-05 0.00017441223 2.8055627e-05 0.00088815624 0.010735568 0.24715802 8.1838965e-07 2.156449e-06 0.029067667 0.00010329582 0.20288539 3.3061454e-07 1.0935968e-07 3.390486e-07 0.00012323174 9.96898e-08 1.5913553e-06 5.06141e-07 0.02770345 0.008990345 0.00016850675 9.127411e-05 1.6551462e-07 4.5047565e-07 1.5322557e-05 6.60894e-07 0.00038775743 7.2231174e-05 4.0540242e-05 2.2633181e-05 0.0032398717 0.007906978 5.1642388e-08 1.367313e-05 0.0040092515 7.355329e-06 2.1923015e-08
0.78528637 3.2868895e-05 1.9224033e-05 0.00040401972 2.536963e-05 4.264487e-06 3.005697e-06 0.14450283 0.0002532142 0.0066151544 0.25930426 0.0014614356 6.783785e-08 3.6230112e-08 0.00017994299 0.68352425 1.0493219e-06 0.9861719 1.702417e-06 2.61391e-07 0.001572548 1.9139584e-06 3.961794e-16 0.20876913 0.00018501286 3.6713304e-06 0.0007137703 3.88944e-07 0.8014119 0.86870027 9.913078e-07 0.63541394 3.5508394e-06 6.400921e-05 0.0004921107 0.32557097 0.00030655783 7.5406376e-07 3.490625e-06 0.8649176 8.453688e-07 0.18644449 3.3992305e-07 5.634215e-06 0.18963847 6.983721e-05 1.5523517e-07 0.13744818 8.3097143e-07 1.2294391e-06 0.12365451 3.653383e-05 0.07222435 1.5830295e-07 0.30631268 1.1952353e-07 0.040066447 3.0649908e-06 0.120843366 3.2169675e-05 0.038227525 0.02846274 0.11880711 3.251761e-07 7.0521914e-06 1.4580249e-06 0.08370833 0.00021813404 1.3700291e-07 3.4207554e-07 0.006285934 0.015009774 7.678492e-08 7.0367764e-07 7.1054114e-07 0.0004545734 0.00080601336 0.0037723228 4.672167e-06 0.00052841025 0.013057255 0.022958169 6.3237775e-07 9.1116596e-07 1.2225897e-06 3.4515094e-07 0.0006942335 0.0009576115 2.5083295e-07 0.0042918622 0.0021689006 1.7301862e-06 5.5859723e-06 9.20655e-06 2.1048798e-05 3.5393194e-07 5.475906e-05 0.0021112284 3.229999e-07 3.7021386e-05 9.860565e-06
0.9640316 0.0020012143 0.0019928191 0.004952125 0.0012902376 0.00016741194 6.823668e-05 0.15167251 0.0017812193 0.25758037 0.27692074 0.025258852 1.1413884e-05 7.6280226e-06 0.00209392 0.98636913 3.921886e-05 0.17545274 0.00013639443 2.906072e-05 0.2545692 1.21444555e-05 0.20876913 2.9422032e-15 0.00025559892 3.122503e-05 0.03266897 2.4790546e-07 0.10846668 0.1384196 5.309873e-06 0.55236024 0.00013967557 0.0029875713 0.014704206 0.010610423 0.006207871 7.95039e-06 1.2774979e-06 0.057211418 1.2616565e-06 0.94203323 1.8112976e-06 3.5319197e-06 0.19582056 0.0011038083 7.82021e-07 0.009921246 2.2869865e-06 2.7363305e-05 0.11348293 0.000716838 0.010806022 2.3385364e-06 0.0051378105 6.642834e-07 0.41662124 0.00013163744 0.0049967463 2.0010319e-05 0.5100331 0.0007671734 0.02684604 1.0730805e-06 1.335639e-07 3.4576672e-07 0.0037122893 0.0021973695 2.7191575e-08 9.929836e-07 0.00063665083 0.0031505416 9.3598295e-08 6.1447486e-07 1.7531139e-06 0.00039691306 0.0004616506 0.000882565 6.821533e-05 5.075312e-05 8.7335735e-05 0.0021038272 2.704628e-06 2.8387055e-06 4.8764694e-05 2.9679682e-05 6.032025e-06 2.421124e-05 5.7033933e-09 0.0014315842 0.36926004 9.923483e-07 2.3440658e-05 2.2948156e-05 3.376083e-05 2.238752e-06 8.365848e-06 0.00010523054 1.1507123e-07 1.888423e-06 6.333265e-07
0.08381669 0.5894933 0.7887586 0.62358207 0.15115455 0.012701848 0.0058903974 0.08435121 0.980249 0.013600043 0.016571943 0.0075084805 0.0062466776 0.00033122665 0.0020036702 0.0030698087 0.0015091549 0.000758526 0.43797916 5.738837e-05 0.0013733297 0.0071216775 0.00018501286 0.00025559892 7.0017183e-15 2.7775852e-05 0.00036651088 5.670231e-05 0.0001655152 5.4643926e-05 0.002472583 0.00022334272 7.258327e-05 0.000106552936 0.000255319 0.00064769475 0.00029270566 9.98339e-05 0.98808545 3.3973106e-06 3.0147441e-05 0.00071157026 4.411482e-06 0.09655388 5.4209326e-05 0.0002211908 1.7593109e-06 1.5363241e-06 1.2053118e-05 1.1756483e-05 0.00010378727 4.412002e-05 1.0658713e-05 0.00038219386 1.4725458e-05 0.00013615948 7.911488e-05 4.7733287e-05 6.40577e-05 0.78378356 0.00022519812 1.8833258e-06 0.04020691 2.5963429e-05 2.1535575e-06 5.8292853e-06 0.0004748638 5.9936992e-05 6.702409e-07 0.0013639465 4.4511476e-06 2.7240489e-05 1.0996621e-06 1.15021415e-07 0.00014371147 7.828826e-06 3.2885466e-06 4.524085e-06 1.9162953e-05 6.6978345e-07 3.3761035e-06 6.0188e-05 1.2225642e-06 0.032995775 5.634414e-06 4.42825e-06 2.251514e-07 1.534993e-06 1.6770404e-06 7.784168e-05 0.0011996903 2.1096566e-05 3.6975534e-06 0.05960467 0.27112162 0.0009385547 3.5016058e-07 0.013550936 3.1246434e-06 1.1142624e-05 1.2596264e-07
0.7391364 0.00065275317 0.0004315077 5.055439e-05 0.00078825076 0.014095838 0.08699462 1.1939321e-05 2.6648193e-05 0.0005618858 3.6542227e-07 0.001834519 0.033791892 0.8369556 0.011827208 7.895953e-05 0.87373096 4.235784e-07 0.00062828505 0.75288266 0.00039764238 0.030542519 3.6713304e-06 3.122503e-05 2.7775852e-05 8.172163e-17 0.0060801413 0.8723722 2.7200134e-08 8.45601e-07 0.0020428433 6.290617e-05 0.25869438 0.06791902 0.007931938 1.3977908e-06 0.033980247 0.9918279 2.3990866e-05 2.7931017e-08 0.51422715 0.00038330586 0.2661049 7.09125e-05 1.3048832e-05 0.06483557 0.02422492 3.1572616e-09 0.620565 0.28713116 4.7757303e-06 0.059789125 6.279157e-07 0.0035568539 2.9745404e-06 0.018769536 9.194249e-06 0.095450625 2.4562298e-05 5.8104234e-07 0.00072492723 2.7290466e-07 5.936335e-07 0.0701809 0.0036803274 0.017864743 7.728103e-06 0.010602236 0.46334407 0.0001739237 7.8269335e-07 2.9664104e-06 0.026665388 0.084109895 0.00066361297 3.5810924e-06 2.2049926e-07 8.5432985e-06 0.014167868 3.5072642e-07 2.983117e-06 1.3626012e-06 0.0008673645 2.2867936e-05 0.0051745404 0.0077096163 9.592337e-07 4.420185e-07 0.00010098171 2.5462207e-06 0.0038896613 0.010598757 0.0035126458 1.2253913e-06 2.3682549e-05 4.3830274e-05 2.357751e-07 2.2130125e-05 0.0002980427 2.977248e-06 1.807809e-07
0.96479636 0.05952537 0.05318257 0.034238495 0.16860127 0.12475065 0.18627597 0.018854817 0.0058748233 0.090052776 0.0055146376 0.4275789 0.01175478 0.011388942 0.97655416 0.05169814 0.0013126236 0.00079890207 0.005516713 0.03311998 0.58334583 0.0013170555 0.0007137703 0.03266897 0.00036651088 0.0060801413 5.0044914e-16 0.0001237353 0.00044598884 0.0012961143 0.00019250298 0.006616641 0.024994764 0.45662686 0.97214234 6.993439e-05 0.5333201 0.00079413084 5.8278933e-05 0.00015972443 0.00012350199 0.09223248 0.0001432983 5.0864714e-05 0.010494316 0.04454921 0.0002972624 7.703538e-05 0.00048766885 0.0050204787 0.01243718 0.011693002 0.00025120555 0.00019692846 8.795347e-06 0.00076816464 0.008075973 0.0018130805 0.0013039 0.001539096 0.25325906 0.00010404583 0.0013723518 0.0007894695 8.05123e-06 0.00017400502 2.3906658e-05 0.0834691 2.0081166e-07 4.588664e-06 0.00015137583 0.0038672301 9.5095686e-07 5.6248996e-06 2.2208627e-05 0.00031791965 2.3767556e-05 2.2636397e-05 0.0006028048 2.6955835e-05 1.1287471e-05 0.00014215928 1.0652332e-05 8.112894e-05 0.0006619222 0.00042345104 2.2523463e-06 1.2266161e-05 3.5854155e-06 0.00051446137 0.7964036 0.0001541136 0.0008598931 0.00014944255 0.0019616194 4.2185e-06 7.158392e-06 2.7175465e-05 7.3380403e-07 1.642034e-07 2.5770098e-07
0.9364005 0.000120914054 0.00020379345 7.3004e-06 0.0003491436 0.015528256 0.13276595 3.437801e-07 1.5322717e-05 2.8932078e-05 7.7576765e-08 0.00030712993 0.09447421 0.47082558 0.0004977254 3.3461524e-06 0.8398088 8.261265e-08 0.002038124 0.47113067 1.6003873e-05 0.13876356 3.88944e-07 2.4790546e-07 5.670231e-05 0.8723722 0.0001237353 3.0906836e-13 2.119945e-08 1.3706119e-07 0.013196349 3.7145005e-06 0.27395463 0.013639855 0.00231897 1.9007597e-06 0.020772 0.669184 2.9639572e-05 1.2014763e-07 0.9936267 1.3385861e-05 0.11567968 0.00028859894 8.5221565e-08 0.056085207 0.023269355 1.3763306e-09 0.504698 0.1749135 4.0344677e-08 0.046052083 2.6067069e-08 0.026186904 2.4308513e-06 0.09056141 1.0521668e-06 0.03991195 2.463555e-06 6.740241e-07 0.00019245781 8.2623835e-08 7.5791155e-07 0.22271962 0.01531499 0.020434832 0.00014519707 0.0076232273 0.6593163 0.0016932291 2.8474372e-07 5.001451e-07 0.09792065 0.2383991 0.0029889764 6.831292e-07 9.272813e-08 7.030666e-07 0.013622975 4.658814e-08 2.492357e-06 4.7029903e-06 0.0030888754 0.00015741766 0.012986785 0.010178286 7.3753654e-07 1.9593615e-06 0.00026753347 4.7711965e-06 0.0049885474 0.025842212 0.008328824 1.5724743e-05 8.675754e-05 0.00021276926 2.0995076e-08 2.7585522e-05 0.0021620286 1.4459867e-05 3.667089e-08
0.88490033 0.0004690677 0.00019916867 0.0014894733 0.0001452975 1.315817e-06 2.9100795e-07 0.07476104 0.0025287804 0.0077850264 0.80982864 0.00172783 2.2624361e-08 3.999955e-09 3.0158859e-05 0.17251986 3.692785e-08 0.70461917 4.889037e-07 1.0747832e-07 0.0068290196 9.200283e-08 0.8014119 0.10846668 0.0001655152 2.7200134e-08 0.00044598884 2.119945e-08 7.600467e-15 0.38862228 1.3132026e-07 0.2878493 1.4366362e-06 5.350927e-06 0.00031268795 0.9923263 0.00015751648 1.3125477e-07 3.668499e-06 0.6968136 6.090766e-08 0.09501776 3.5663998e-08 5.3364786e-08 0.087886006 1.6936958e-05 1.7025313e-07 0.63252115 2.249977e-07 8.652779e-08 0.18107508 1.960509e-06 0.15031038 2.6631906e-07 0.9080847 6.590335e-07 0.027958155 2.881917e-07 0.04862049 4.6418576e-05 0.029528724 0.012009387 0.17849208 4.5593353e-07 2.7552133e-07 3.620946e-08 0.17823286 4.819358e-05 7.640115e-08 1.2468655e-07 0.0089999 0.014284361 5.1185634e-07 2.0749121e-07 6.3376814e-07 0.0007547305 0.006661766 0.013620565 1.0062832e-06 0.00050306774 0.0075687706 0.015549404 6.628434e-08 1.3557475e-07 9.950952e-08 3.1187028e-07 0.0011051997 0.004788183 3.6544003e-09 0.0032432503 0.0037790728 3.654059e-07 1.765629e-06 4.2119897e-05 4.050258e-06 4.2399714e-07 7.194055e-06 0.0030439652 2.4218144e-07 0.0004571786 1.6597531e-06
0.89843345 5.148437e-05 9.073952e-06 0.00013863631 0.00013979842 1.3222184e-06 1.1788385e-06 0.002296689 0.00029823778 0.0037773468 0.019950412 0.0011525581 2.6753446e-06 9.6764495e-08 5.891841e-05 0.17102137 8.201734e-07 0.31864998 1.0357444e-05 2.1915218e-06 0.0034401563 1.8743525e-06 0.86870027 0.1384196 5.4643926e-05 8.45601e-07 0.0012961143 1.3706119e-07 0.38862228 2.3616224e-14 3.777917e-06 0.9610317 6.3614893e-06 2.2721872e-05 0.0006243789 0.023502275 0.00018660146 5.498937e-07 1.7204504e-06 0.84068626 4.477984e-06 0.13965242 1.6667713e-07 4.0914406e-06 0.6147051 1.963285e-05 1.5310833e-08 0.61275035 2.961705e-07 4.2955227e-07 0.6509104 5.371019e-06 0.9133665 2.9564096e-06 0.1917433 6.9500675e-07 0.13601366 9.1522435e-07 0.5081464 1.0267926e-05 0.038211733 0.2140709 0.024887161 5.8807643e-07 4.672953e-07 4.8903615e-07 0.019297773 0.00012934902 1.0954751e-06 1.1365868e-06 0.38489103 0.17059919 1.8030148e-06 1.0710654e-06 5.383943e-06 0.14371221 0.06184565 0.11624757 3.8536023e-06 0.01001398 0.050403673 0.15485145 7.540308e-07 7.620507e-07 2.2643942e-06 1.0603937e-06 0.0007384853 0.0008643175 1.122567e-07 0.04078987 0.0065431725 7.6538726e-07 3.5650226e-06 2.5072761e-06 1.52434295e-05 1.7454682e-06 0.003568224 0.00042646076 2.660037e-06 0.00078990636 0.0023460141
0.1159069 0.005291513 0.016242905 0.0028300597 0.009180252 0.07882719 0.09995651 7.94385e-06 0.0028187106 6.593472e-05 1.2570236e-05 0.00026467897 0.39776137 0.050049875 0.0005027785 4.6093746e-06 0.294815 1.1286573e-06 0.7776788 0.008714169 0.00010476811 0.97512764 9.913078e-07 5.309873e-06 0.002472583 0.0020428433 0.00019250298 0.013196349 1.3132026e-07 3.777917e-06 1.1118135e-13 2.2527554e-05 0.0005739103 0.00023120876 0.00021269216 4.1562186e-07 0.00040153027 0.00083115255 0.06918922 4.0753167e-07 0.06824858 0.00020338535 9.847733e-05 0.93755746 3.049369e-06 0.00020306846 7.677728e-05 8.351571e-08 9.895445e-05 7.207381e-05 8.974962e-06 0.00016129279 4.79715e-07 0.9675415 1.4011322e-05 0.7968355 4.1193875e-06 0.00017077327 5.1013294e-06 2.629893e-05 5.937434e-05 6.898001e-07 3.1680145e-07 0.5284675 2.176104e-06 1.6241642e-05 3.7382679e-06 0.00023447516 0.00982656 0.62289566 4.148748e-06 6.474708e-06 0.03780246 2.3871858e-06 0.5745141 9.871079e-07 4.3953835e-07 1.6754914e-06 5.356313e-06 2.6243532e-07 6.3544067e-06 1.5000805e-07 0.21238658 0.028355638 1.4821618e-05 1.8175531e-06 5.689261e-08 1.9473433e-07 2.1902931e-06 7.213452e-07 0.00010236224 5.162442e-06 1.4042923e-06 8.587408e-06 0.0027150353 0.06109075 3.684469e-08 7.841993e-06 0.004301139 2.5107038e-05 1.0777735e-08
