8.749316e-23 0.9705565 0.22653452 0.6303678 0.08365041 0.67854506 0.2570388 0.9610607 0.01799237 0.44465542 0.95141774 0.75384223 0.97644174 0.9385855 0.7980565 0.07170028 0.91981286 0.03216793 0.85715777 0.00035480264 0.9373304 0.00022789657 0.93024045 0.27658123 0.7183209 0.9042669 0.693069 0.43237814 0.7451898 0.49316615 0.8860911 0.00031532525 1.4586903e-05 0.6637456 0.3616264 0.9022068 0.8839408 0.050442565 0.23221219 0.8811915 0.779682 0.12444029 0.13959154 0.857678 0.00021241671 0.94973606 0.8004049 0.38640848 0.8611372 0.0122613665 6.277558e-07 0.00044121727 0.5414913 0.07756576 0.12679781 0.9102687 0.23731203 0.8978388 0.35170776 0.0061139525 0.76817757 0.9838509 0.99708456 0.060891323 0.0029652382 0.0009618588 0.6393851 0.0004895877 0.96989524 0.9716994 0.6868078 1.4073219e-05 7.992476e-06 0.9079513 1.6303226e-06 0.79426265 0.2424778 0.001795955 0.64753824 0.71760213 0.0125611 0.9992537 7.203533e-05 0.97077817 0.19849834 0.99408764 0.95394063 0.9992583 0.9412823 0.00046331028 0.8383556 0.30927467 0.99964416 0.8889192 0.9999248 0.0017489408 0.13424365 0.9990073 0.99725705 0.007876019 0.16350926
0.9705565 3.1944594e-17 0.9494064 0.89376724 0.20543441 0.34399647 0.9167747 0.69283694 0.008309723 0.00024499686 0.092105806 0.0017573264 0.10792812 3.9062314e-05 3.1714182e-05 6.0798764e-05 0.6337917 0.9405681 0.025360558 0.16112594 0.8535213 0.133178 0.029089909 0.84213334 0.016035866 0.00033016384 0.0015852202 0.44860783 0.000986099 1.9068957e-05 0.025856536 1.5150559e-05 0.0009121642 0.0043497127 0.04353879 0.0007058031 7.261409e-05 0.05727143 0.011038888 7.432055e-05 0.07297347 0.0005474306 0.00069711416 0.16574125 0.33788982 0.3119087 0.00012439776 3.86172e-05 0.004614893 0.0010009793 0.00029882567 8.612045e-06 0.000118106895 6.403192e-05 1.9255907e-05 0.0011002144 0.00010834934 0.015052957 4.48368e-06 4.4523877e-06 1.5042408e-05 0.2231344 0.028298426 0.006977654 0.00059136323 0.17427708 0.00012011322 0.00014687919 0.010819861 5.061884e-05 0.00012731293 0.004362837 6.2187073e-06 0.00031516922 0.058104858 0.006270274 2.4446795e-06 6.3915206e-05 0.00011905978 0.0008154005 6.238378e-07 0.00025927412 1.8452945e-05 0.0019565646 0.0004906023 2.0039947e-06 3.531819e-06 0.0001654276 0.00024886755 3.2989124e-06 0.002294668 2.9789805e-06 0.030493971 9.229006e-05 0.0030551346 0.001606701 1.5184066e-06 0.008768308 0.00023241981 3.852254e-06 6.96546e-08
0.22653452 0.9494064 3.9180412e-17 0.9396642 0.9381155 0.849389 0.96915144 0.64508873 0.4363265 0.009017272 0.18405443 0.013122669 0.045161758 5.640287e-05 1.3720558e-05 0.00055631925 0.12306528 0.7579622 0.00020373515 0.5751841 0.07384927 0.4666994 0.0003851826 0.48546222 0.0007776578 0.00015949275 8.396289e-05 0.0070692217 5.2674888e-05 1.1564838e-05 0.00033387574 0.00026282892 0.026474716 2.5096791e-05 0.00044160435 4.875842e-05 1.4304663e-06 0.0072572725 0.00069059036 2.586388e-07 0.0012174589 1.15854355e-05 0.00020109597 0.034097835 0.24579534 0.06629567 3.3544982e-06 1.8616374e-05 0.00093949895 0.00017086712 0.0037020366 1.9995562e-06 2.9419782e-06 9.126102e-06 1.5086081e-05 2.4415274e-06 2.749618e-06 0.000105200525 1.4547289e-06 1.7445763e-06 8.4815156e-07 0.0041567893 0.007879251 0.0029075246 5.4235177e-05 0.019368025 3.1247015e-05 3.8097417e-06 0.0018721215 1.6801645e-05 6.086464e-06 0.0010079382 1.908776e-06 2.4705745e-05 0.05702461 2.679421e-05 9.1130104e-08 2.2803179e-06 3.9147803e-06 9.049979e-06 1.5186158e-07 0.00014873974 2.3105211e-07 1.655421e-05 4.7772337e-06 2.0328564e-06 1.4979948e-07 3.8102888e-05 2.5243778e-06 1.8982497e-07 1.1190332e-05 4.287004e-06 0.0014160471 2.4283584e-06 0.0006629858 0.0005129241 2.2217196e-06 0.0004315795 1.7952373e-06 2.4033733e-07 7.9871114e-08
0.6303678 0.89376724 0.9396642 1.1996275e-14 0.7839811 0.963165 0.5582919 0.96510446 0.092761025 0.06340556 0.439132 0.067696 0.2654681 0.0012871387 0.0002862217 0.0012279318 0.32641044 0.25107616 0.00035487933 0.05951634 0.21014017 0.048383202 0.000320521 0.09373601 0.0007904881 0.0007577903 0.00010430533 0.022158131 4.3993005e-05 0.00012254101 0.00063969445 9.6002455e-05 0.0015954645 5.8583464e-05 0.00134369 4.923202e-05 2.0072482e-06 0.0014080099 8.767814e-05 1.117382e-06 0.0024242804 2.1634147e-05 7.801968e-05 0.15556492 0.03960479 0.1921086 6.2563386e-06 9.925509e-05 0.0068980684 2.8040247e-05 0.0004959086 5.2806714e-05 4.3815166e-06 0.00025043823 6.905453e-05 1.5877666e-05 2.8030313e-06 0.00034675046 9.490441e-06 2.9707135e-06 1.1529878e-06 0.011998586 0.035028543 0.0008140908 6.737433e-05 0.0020498824 0.00036699898 2.2638956e-06 0.009347098 0.00012792657 1.8869034e-06 0.00017065165 1.0286288e-06 0.0008885371 0.005414542 0.00025374358 4.06722e-06 2.6605214e-06 5.7360817e-06 1.831825e-05 1.3965696e-07 0.0011283136 6.3866246e-08 2.9751238e-05 1.9115589e-05 1.0988637e-05 1.9704126e-07 0.00015252148 3.4119312e-06 3.157239e-08 2.3930243e-05 1.3397904e-05 0.0031271225 2.0171058e-06 0.0041430052 0.00014288264 1.3263957e-07 0.00070865586 6.3307984e-06 1.69869e-06 3.9162197e-07
0.08365041 0.20543441 0.9381155 0.7839811 1.21108e-16 0.9653939 0.5204378 0.42565575 0.9677959 0.5303012 0.28014055 0.101545885 0.034067474 0.0033279904 0.0012602021 0.055371467 0.01701698 0.28048617 2.0223963e-05 0.28832832 0.0049457103 0.21116057 1.4761044e-05 0.038306754 0.00030778235 0.0008413836 6.4041656e-06 0.0004649704 3.8069015e-06 0.00021219824 2.6258855e-05 0.0035541027 0.06120615 7.3737544e-07 7.691407e-06 5.666498e-06 1.0722627e-07 0.00012938553 1.943351e-05 2.4947315e-07 5.87447e-05 7.850525e-07 1.7402335e-05 0.014864155 0.034910087 0.01396717 6.17466e-07 4.4195272e-05 0.0025414806 1.6161774e-05 0.0036308398 1.716176e-05 6.800364e-07 1.6185204e-05 7.944801e-05 8.559465e-07 2.1317454e-07 6.664927e-06 2.3917523e-06 5.8107726e-05 8.912084e-08 9.2352755e-05 0.0042526186 0.0030356883 7.355939e-06 0.00032328756 7.296394e-05 1.6569767e-07 0.002961824 3.0743806e-05 1.1424387e-06 4.4966982e-06 1.501315e-06 0.00012557818 0.0030533415 8.800401e-07 1.1837814e-07 9.341512e-08 4.5733626e-07 5.924091e-07 1.4267422e-07 0.00057811674 1.6089961e-08 1.0854916e-06 3.2211457e-07 5.6113818e-06 1.6497212e-08 5.4375636e-05 1.8255359e-07 2.117088e-08 8.983898e-07 3.2333198e-06 0.0002740056 2.618583e-07 0.0006919194 0.00015545361 2.7712613e-07 9.1066315e-05 5.590788e-07 5.099977e-08 1.3998913e-07
0.67854506 0.34399647 0.849389 0.963165 0.9653939 2.8592847e-15 0.33157665 0.80404735 0.7520121 0.7692269 0.7797292 0.4817889 0.22031608 0.018870194 0.011093857 0.08288635 0.09215374 0.15030469 2.8391725e-05 0.097517624 0.02166173 0.07235285 4.5481313e-05 0.03901198 0.00023869194 0.0069854865 2.2359747e-05 0.0023388856 4.221865e-06 0.0016541332 8.861374e-05 0.0018363717 0.011773072 2.1911123e-06 7.8149766e-05 1.3370052e-05 4.2929588e-07 0.0002404099 1.1381947e-05 2.7386173e-07 0.00016423654 3.6719114e-06 3.4929748e-05 0.11600723 0.013351019 0.07513339 1.6109769e-06 0.00017565765 0.019164829 1.268476e-05 0.00066825544 6.767596e-05 1.2756205e-06 0.00017432641 0.00010421484 1.114296e-06 4.8256817e-07 2.9487099e-05 1.8100864e-05 3.9041974e-05 9.203407e-08 0.0004957091 0.031792108 0.0011644105 4.6296886e-06 3.2226424e-05 0.0006263353 3.1264395e-07 0.024471447 0.00021217717 3.8276647e-07 3.4187779e-06 1.3744977e-06 0.0021390934 0.00097177416 1.53351e-05 1.2551017e-06 2.414969e-07 4.3583012e-07 1.118527e-06 2.3037511e-07 0.0041005216 1.3143145e-08 4.4535e-06 1.0677712e-06 1.7112665e-05 5.9734155e-08 0.00029646826 3.0586295e-07 1.836137e-08 3.95834e-06 7.274054e-06 0.0012053183 5.481763e-07 0.0061848126 3.861249e-05 7.741535e-08 0.00017950489 1.6975793e-06 1.2852701e-06 1.5585225e-07
0.2570388 0.9167747 0.96915144 0.5582919 0.5204378 0.33157665 1.1614422e-14 0.44560894 0.21989542 0.0032429488 0.07407636 0.00744419 0.01901634 0.00016538375 6.4630265e-05 0.00018690439 0.099180594 0.9384964 0.000526717 0.8516065 0.0994851 0.9153227 0.00086946524 0.38154262 0.0004830747 5.0523155e-05 3.8330603e-05 0.0074704573 1.548754e-05 1.8836455e-06 0.00039405905 0.0005747872 0.0652778 3.3695822e-05 0.00032440684 7.13448e-05 1.5148433e-07 0.0033503615 6.516861e-05 1.362307e-07 0.00076917995 3.7381965e-06 1.2580862e-05 0.0076815886 0.47079054 0.02569632 2.2664099e-06 1.0069201e-05 0.00036574758 3.769104e-06 0.04554018 6.8323016e-07 2.1851401e-06 2.0992993e-06 2.2709903e-06 7.236186e-06 7.012338e-07 0.0003172733 3.246639e-07 3.5250534e-07 1.209618e-06 0.0028576064 0.0014414823 0.00046877904 1.2507195e-05 0.02071802 2.805829e-06 1.8063976e-07 0.00062607473 8.268256e-06 4.969288e-07 0.0036951127 1.600047e-07 6.9025264e-06 0.18271156 1.665818e-05 8.1439083e-07 6.716067e-06 3.808543e-06 5.417844e-06 6.2202496e-08 8.366127e-06 2.6396934e-08 1.1690636e-06 6.066995e-07 2.3753799e-07 5.230428e-08 7.426497e-06 5.5256584e-07 7.46057e-08 2.2410247e-06 8.522587e-06 0.00055524934 4.65235e-06 0.00016265457 0.00023813763 1.9616314e-06 9.551243e-05 5.9186186e-07 5.4681664e-07 2.0553495e-07
0.9610607 0.69283694 0.64508873 0.96510446 0.42565575 0.80404735 0.44560894 1.0047233e-13 0.10132115 0.16807528 0.9138464 0.24558824 0.8455799 0.014924708 0.0029892686 0.006423694 0.8873254 0.09328394 0.0003386725 0.030973237 0.53534645 0.02466875 0.0004336742 0.010562975 0.00023895683 0.0053478177 8.473625e-05 0.042989377 3.044637e-05 0.0006082388 0.0014367488 0.00013746998 0.0007416535 0.00020227021 0.0028959794 6.482298e-05 1.661514e-06 0.0002290182 3.3088298e-05 1.78399e-06 0.0030692206 1.7209799e-05 5.2582833e-05 0.67313856 0.004686809 0.7121425 1.1426157e-05 0.00023367954 0.047616273 3.2142074e-05 0.00025719535 0.00019152129 2.077175e-05 0.000408591 8.3758234e-05 3.366293e-05 6.254817e-06 0.0012046644 0.00011223545 1.4597786e-05 3.298469e-06 0.034390345 0.19894204 0.0006757758 3.567616e-05 0.00024436516 0.001142843 8.4327286e-07 0.0631243 0.0005734083 8.277029e-06 6.40965e-05 3.2582223e-06 0.0032398761 0.001756533 0.0016445635 3.8409694e-06 1.6079684e-06 8.865073e-06 4.5450004e-05 2.7498527e-07 0.0046452098 5.046938e-08 0.00026527105 4.8588015e-05 2.185068e-05 2.7002918e-07 0.001095691 1.3878718e-05 3.5635573e-08 0.00019040474 3.066691e-05 0.012157794 9.060921e-06 0.020005306 0.0001757758 2.2734964e-07 0.002038334 6.85016e-05 1.4311726e-05 5.156318e-07
0.01799237 0.008309723 0.4363265 0.092761025 0.9677959 0.7520121 0.21989542 0.10132115 1.6096249e-16 0.96056145 0.20116535 0.18622574 0.015269009 0.01629959 0.027676588 0.8325433 0.0012281485 0.08708709 8.6451536e-07 0.72036004 0.00019751227 0.643999 1.1676251e-06 0.0028650216 1.7497156e-05 0.00072500017 8.629742e-07 6.144775e-06 2.1462276e-06 0.0007837963 7.732471e-07 0.5715535 0.7019218 4.241542e-08 5.099332e-07 1.2128221e-06 2.2925438e-08 3.2621818e-05 3.00855e-06 4.779721e-08 1.40680795e-05 1.9244686e-07 4.67321e-06 0.0015761543 0.020358017 0.0007764942 5.4507378e-08 2.418311e-05 0.0013730574 5.002384e-06 0.04361382 0.00090703054 2.690362e-07 4.869162e-06 0.00024952207 7.4515825e-08 7.024188e-08 4.0435714e-07 2.0714212e-06 0.0004927352 1.537408e-07 2.5433303e-06 0.0005269705 0.0009792063 6.5911863e-06 2.0471061e-05 1.01284995e-05 4.1352106e-08 0.00150856 5.2006522e-05 8.53489e-07 3.0407892e-07 2.7820497e-05 4.555593e-05 0.001579418 5.924523e-08 4.7994998e-08 7.467917e-08 2.7185445e-07 5.930662e-08 3.3864205e-07 0.00037376443 5.68079e-09 5.130248e-07 3.947938e-08 2.409256e-06 2.5163832e-08 8.063658e-05 3.402816e-08 1.3664779e-08 4.370469e-08 8.5821887e-07 0.00020840057 9.107607e-08 0.00011403847 0.0004196389 1.3233412e-06 4.582063e-05 3.4161948e-07 4.1893053e-08 7.857166e-08
0.44465542 0.00024499686 0.009017272 0.06340556 0.5303012 0.7692269 0.0032429488 0.16807528 0.96056145 4.6171115e-16 0.6710806 0.94999254 0.0824813 0.5533847 0.8595379 0.958362 0.0076339766 0.00020062513 1.01688e-07 0.0066075446 0.00038889825 0.002258496 6.770804e-07 7.703027e-06 4.832415e-07 0.052544817 3.671143e-07 6.085417e-05 3.1975483e-07 0.117743306 2.937672e-06 0.113004014 0.019313417 7.68818e-08 9.228139e-06 8.541827e-07 4.338907e-08 1.6613415e-06 1.6370444e-07 5.549589e-08 3.1083902e-05 2.4568695e-07 9.327212e-07 0.01167907 0.000108898275 0.006570583 4.177538e-07 0.00366953 0.06343856 5.936638e-08 0.00014760885 0.032778285 2.1436797e-07 0.002005008 0.005348305 1.7861778e-06 8.440061e-08 6.679001e-06 0.0002522477 0.010370566 2.2211411e-08 1.5003382e-05 0.009201114 1.7809345e-05 3.1261055e-07 3.9768615e-08 0.0071954965 5.210434e-08 0.06485567 0.0053176545 7.837677e-08 2.1422453e-07 6.3752974e-05 0.0118070515 1.23587e-05 1.3837068e-06 9.489318e-06 2.6256927e-07 4.570831e-08 4.303038e-07 4.443117e-07 0.012064867 2.7606122e-09 5.650996e-07 8.226625e-08 3.4962675e-05 5.6635265e-08 0.004452509 3.666299e-08 6.787979e-08 5.4854075e-07 5.9298054e-05 0.00017891833 1.15315e-07 0.0038866538 1.8439274e-05 3.7693215e-07 2.320299e-05 1.233265e-06 1.251991e-06 1.4213384e-07
0.95141774 0.092105806 0.18405443 0.439132 0.28014055 0.7797292 0.07407636 0.9138464 0.20116535 0.6710806 2.8269783e-13 0.9487015 0.95850915 0.7969155 0.34276435 0.11000928 0.29274222 0.014675683 4.083962e-05 0.014023268 0.044258248 0.009123 9.829174e-05 0.00087840296 0.00013673292 0.18163131 1.7030025e-05 0.0047879484 2.8806792e-06 0.094257995 0.00023428381 0.0010002727 0.0012610971 1.7685521e-05 0.0002850365 2.5218455e-05 2.0152724e-07 2.9686447e-05 2.5156567e-06 1.9611758e-07 0.0004430094 1.3587959e-05 1.1879454e-05 0.3999968 0.00058834295 0.19990228 1.9746763e-06 0.0014608363 0.39866346 3.7267173e-06 0.0001263594 0.0020739182 4.8099387e-06 0.00064785965 0.00092352706 2.1741002e-06 1.3131369e-06 0.00014419595 0.0013848521 0.00041242875 6.3447936e-07 0.0035222461 0.13850811 0.000100788806 3.5261746e-06 1.4440717e-06 0.010746527 2.1613192e-07 0.23550133 0.0085539175 5.3987833e-07 1.7633405e-06 7.2129606e-06 0.037627004 5.3841144e-05 0.000110324094 4.5475932e-05 2.0124357e-07 2.321668e-06 1.3244934e-05 8.809479e-07 0.042120907 1.2805619e-08 5.2347918e-05 1.2223491e-05 0.000102701546 6.8221834e-07 0.014155868 3.6755237e-06 3.193268e-08 4.981159e-05 4.7260346e-05 0.0038333605 1.1106469e-05 0.03791309 1.2869816e-05 1.6674312e-07 0.0002900193 1.3939324e-05 2.1320342e-05 4.4140243e-06
0.75384223 0.0017573264 0.013122669 0.067696 0.101545885 0.4817889 0.00744419 0.24558824 0.18622574 0.94999254 0.9487015 1.7445806e-16 0.43255123 0.97196573 0.74144185 0.45076695 0.036398433 0.00062546297 7.1617783e-06 0.0030077558 0.007573615 0.0011375637 1.6867258e-05 2.9039444e-05 1.5435267e-05 0.4496066 3.751722e-06 0.0007883409 5.529907e-07 0.20741268 4.167936e-05 0.00907375 0.0010454673 1.496048e-06 4.9397284e-05 4.1121302e-06 9.863273e-08 3.336752e-06 1.0544228e-06 4.3453255e-08 5.576453e-05 7.351208e-07 3.2655826e-06 0.10252705 4.8453407e-05 0.028071104 1.9789586e-07 0.0031332793 0.2787031 7.223875e-07 5.6296147e-05 0.008715 4.426382e-07 0.002822354 0.0036258947 9.577502e-07 1.11939194e-07 2.6296044e-05 0.0006504369 0.0032185037 2.4630241e-08 7.376161e-05 0.04920803 2.0140891e-05 2.0088205e-06 3.9533055e-07 0.021628074 4.3777195e-08 0.13952944 0.024331352 2.871707e-08 1.8866416e-07 3.592869e-05 0.040926445 6.050715e-06 2.4892082e-05 6.1439778e-06 5.163372e-08 5.0072833e-07 1.1271567e-06 3.5920326e-07 0.043762293 1.936415e-09 7.179586e-06 2.9691628e-07 3.7484588e-05 3.9162067e-08 0.017726794 2.852245e-07 5.1322864e-08 6.4035e-06 1.6815029e-05 0.00064938195 5.92859e-07 0.022385152 3.9244376e-05 1.4010172e-07 8.965933e-05 8.068116e-06 2.0145162e-06 1.00748395e-07
0.97644174 0.10792812 0.045161758 0.2654681 0.034067474 0.22031608 0.01901634 0.8455799 0.015269009 0.0824813 0.95850915 0.43255123 1.1940701e-12 0.40828577 0.03943286 0.009363371 0.7249272 0.003764151 3.4398246e-05 0.0017494698 0.15149893 0.00077439216 0.00014079669 0.0004167326 3.6739522e-05 0.18228176 6.5029076e-06 0.0134519655 1.4388656e-06 0.032678805 0.00034078927 0.0005380712 0.00027062534 2.5617299e-05 0.00092258875 3.946243e-05 1.3763898e-07 9.708808e-05 5.162321e-07 2.0111274e-07 0.0011169442 1.942745e-05 2.1306825e-05 0.9164024 0.00059885945 0.5449412 3.3788804e-06 0.0016635263 0.7589704 3.9718243e-06 0.00013777957 0.0011890024 3.5877963e-06 0.0012825781 0.0009325372 3.6894062e-06 1.9393583e-06 0.00034225345 0.0008179138 0.00050659745 9.455491e-07 0.023997623 0.44918412 0.00020276889 5.583703e-06 2.0662087e-06 0.007635921 1.2123515e-06 0.40009847 0.0019544861 1.0614217e-06 2.7632427e-06 2.6891028e-05 0.027350683 0.000126106 0.0006633937 0.000114540606 4.633912e-06 2.9173416e-06 1.9666242e-05 6.0517164e-07 0.05191109 7.142646e-08 0.0001150872 2.4359975e-05 5.3152708e-05 3.3661325e-07 0.0035439504 1.7969397e-06 9.8534954e-08 7.113073e-05 7.292826e-05 0.01429343 6.025033e-06 0.07144813 7.230258e-05 3.0053428e-07 0.0008921763 2.1376942e-05 7.187235e-05 1.21133e-06
0.9385855 3.9062314e-05 5.640287e-05 0.0012871387 0.0033279904 0.018870194 0.00016538375 0.014924708 0.01629959 0.5533847 0.7969155 0.97196573 0.40828577 2.5812657e-16 0.944013 0.32399485 0.020904856 2.16609e-05 2.7304367e-07 0.00030932575 0.0014324562 0.00023604094 1.531593e-06 1.9716542e-06 1.2256905e-06 0.9138735 4.276585e-07 0.0002592897 9.59721e-08 0.6357064 5.9077947e-06 0.0036792501 0.0002501673 4.6831963e-07 2.0881766e-05 1.3144926e-06 2.7331447e-08 2.7254612e-06 4.2721865e-07 1.944514e-08 3.1402422e-05 6.133215e-07 2.1507622e-06 0.07940135 0.0004011043 0.026217047 1.4093686e-07 0.06663693 0.67647225 5.013223e-07 2.7945476e-05 0.023243083 5.2190353e-07 0.05439492 0.05062102 8.300725e-07 1.2935709e-07 2.8466528e-05 0.013643335 0.019783046 2.4217693e-08 4.6400874e-05 0.03974737 5.319617e-05 1.5404906e-06 2.5542354e-07 0.27488256 6.653143e-07 0.31962666 0.23462483 2.4510277e-07 3.1415087e-07 0.00013868102 0.3145856 6.7147407e-06 2.1077038e-05 0.0020307137 4.540287e-07 1.3235835e-06 1.3716025e-06 2.425205e-05 0.22760424 1.1838563e-08 5.5254654e-06 1.73756e-07 0.00016122543 1.7784565e-07 0.15886363 3.353812e-07 6.369496e-08 1.1118715e-06 0.00021071259 0.00054035283 2.8526776e-07 0.04254775 3.8746944e-05 1.233045e-06 3.1689786e-05 1.7315662e-06 0.00011054042 8.300111e-06
0.7980565 3.1714182e-05 1.3720558e-05 0.0002862217 0.0012602021 0.011093857 6.4630265e-05 0.0029892686 0.027676588 0.8595379 0.34276435 0.74144185 0.03943286 0.944013 4.407131e-13 0.86793077 0.0037913297 4.6897017e-06 5.058385e-07 0.00011436531 0.00028112126 2.7848024e-05 1.1247886e-05 6.8708964e-06 4.266631e-06 0.5615479 5.389774e-06 7.723164e-05 3.517132e-07 0.97263837 1.228809e-05 0.06572536 0.0011070648 9.176978e-07 1.2947756e-05 2.2180455e-05 6.643141e-08 1.1126309e-06 1.4638799e-07 5.6964172e-08 3.3012337e-05 7.887752e-08 1.5773745e-06 0.014965627 0.000111389556 0.0044380696 4.1796343e-07 0.036597192 0.21726903 9.959743e-08 1.2669128e-05 0.34708074 4.2579788e-07 0.042077284 0.39868474 4.731345e-06 6.5145024e-08 3.3594748e-05 0.0675268 0.19428287 1.0072937e-07 3.3057735e-05 0.011635229 6.3836014e-05 7.969311e-07 2.8431364e-07 0.1398192 1.05971786e-07 0.15178777 0.2858367 1.250729e-07 1.675758e-08 0.0008109541 0.12552695 2.9838084e-06 4.7502435e-06 0.0050592204 2.0445277e-06 1.0231149e-06 7.3318324e-06 3.065691e-05 0.065556616 5.9402026e-09 1.6737833e-05 5.2929e-08 0.00017761592 4.66343e-07 0.11248182 7.290752e-07 4.145611e-08 1.8216691e-06 0.00014983698 0.00041364378 2.0146451e-06 0.011046644 9.01342e-05 1.8219299e-06 3.9368715e-05 3.6330039e-06 3.4509503e-05 3.4998618e-06
0.07170028 6.0798764e-05 0.00055631925 0.0012279318 0.055371467 0.08288635 0.00018690439 0.006423694 0.8325433 0.958362 0.11000928 0.45076695 0.009363371 0.32399485 0.86793077 3.5560468e-16 0.0006210411 4.5637967e-06 5.056535e-08 0.0001967661 1.4398123e-05 5.4675096e-05 2.8412634e-07 1.2273305e-06 1.2716415e-06 0.028581053 3.304183e-06 6.878862e-06 2.0442099e-06 0.57000345 9.047402e-07 0.9918973 0.0054078074 5.9204314e-07 2.6724708e-06 1.1660271e-06 1.1362279e-06 3.1577105e-07 1.5440965e-07 4.4834218e-07 2.8962595e-06 1.7798214e-08 4.7600952e-07 0.0008037314 5.846776e-05 0.00011379316 5.7865725e-07 0.004064479 0.025555773 1.3742917e-06 0.00018806533 0.46703574 1.2073463e-08 0.003839595 0.11049915 1.5290391e-06 1.3081145e-08 3.1372408e-06 0.006395033 0.04177638 1.0996765e-08 1.2557223e-05 0.0012263343 1.6378357e-06 9.738755e-08 1.170803e-08 0.0054371958 6.402575e-07 0.018010028 0.013298879 4.552171e-07 7.145858e-09 0.0027176775 0.009588713 1.0944059e-06 1.8508699e-06 0.0012333004 5.289396e-07 1.13401356e-07 2.7104159e-07 1.6912989e-05 0.0060027265 8.843792e-08 2.878816e-07 1.4133466e-06 0.00013359953 1.4341975e-07 0.005266263 6.201166e-08 1.02542444e-07 4.9733035e-07 0.00018301808 0.00019932295 2.99395e-08 0.002283076 1.8952607e-06 1.4949948e-07 2.6052608e-06 2.66982e-07 0.0005535645 2.9436176e-06
0.91981286 0.6337917 0.12306528 0.32641044 0.01701698 0.09215374 0.099180594 0.8873254 0.0012281485 0.0076339766 0.29274222 0.036398433 0.7249272 0.020904856 0.0037913297 0.0006210411 3.771773e-15 0.023142373 0.0032901876 0.0010886843 0.9783854 0.0009709424 0.0019181201 0.037475523 0.0026692196 0.017488785 0.00018747566 0.06781731 0.000302089 0.0031897451 0.002078255 1.0823166e-05 2.9040273e-05 0.00050170947 0.004712338 0.00021208655 1.8171959e-06 0.0036649972 0.0004073493 1.7886836e-06 0.014419836 0.0001560567 0.00012731644 0.36554495 0.0022235608 0.89118207 2.8616121e-05 0.0010749203 0.15814807 1.1741144e-05 0.000117987554 0.00010581683 1.1970514e-05 0.0002157237 8.218341e-05 3.8315036e-05 8.485209e-06 0.0025961718 0.00013988017 0.00022931916 2.2618894e-07 0.118479185 0.1611594 0.0001777869 5.671082e-06 0.00040662795 0.0019104125 1.9543853e-05 0.051220335 0.00024275549 6.16355e-06 6.0303482e-05 0.000104573155 0.005343953 0.0026655986 0.0025915005 4.0976713e-05 5.723888e-07 7.4643526e-07 0.00012617372 2.9511646e-06 0.0155883925 1.1481559e-07 0.00077851256 1.2392194e-05 4.6817455e-05 3.41519e-08 0.001012315 2.1046073e-06 1.6987613e-08 0.00048140553 2.9331666e-05 0.043057 2.082593e-06 0.04820519 5.619868e-05 5.3134233e-08 0.0029828313 0.000116501804 7.538607e-06 8.412832e-07
0.03216793 0.9405681 0.7579622 0.25107616 0.28048617 0.15030469 0.9384964 0.09328394 0.08708709 0.00020062513 0.014675683 0.00062546297 0.003764151 2.16609e-05 4.6897017e-06 4.5637967e-06 0.023142373 3.401094e-17 0.027110212 0.08108095 0.08601538 0.26188767 0.023432795 0.94601184 0.04129359 8.587461e-05 0.001998589 0.034222614 0.0017073533 5.791721e-06 0.012668857 0.0003833121 0.014678693 0.00326574 0.0027680472 0.0012555681 4.0570798e-05 0.18797508 0.01671421 1.6892775e-05 0.005501351 0.00010075066 0.0007763088 0.0015761768 0.94844085 0.0025922358 0.00010500027 2.1787123e-06 0.00039151576 0.019793797 0.23801696 1.5359835e-07 1.9039593e-05 7.4196765e-07 1.0523097e-05 9.693181e-05 1.3570192e-05 0.001943339 3.3486745e-06 1.0780449e-08 1.4223991e-05 0.00828304 0.0003709366 0.052538645 0.00010737286 0.8283342 1.7588101e-05 1.3275472e-07 0.00014580665 4.146167e-05 2.1449623e-05 0.0773812 2.2604016e-07 4.5109686e-05 0.3313502 0.00055241305 1.3113398e-06 1.2774004e-06 1.0037859e-05 3.7726444e-05 1.0553866e-06 3.7112342e-05 2.3710715e-08 0.00015294651 7.275404e-05 1.3771133e-05 6.7147596e-08 0.00018985027 5.8223295e-06 1.9564327e-07 8.797985e-05 1.4845821e-05 0.0087586185 1.860679e-05 0.0011006778 0.09711933 7.590661e-07 0.0040705632 3.951504e-05 8.961795e-07 1.9737913e-06
0.85715777 0.025360558 0.00020373515 0.00035487933 2.0223963e-05 2.8391725e-05 0.000526717 0.0003386725 8.6451536e-07 1.01688e-07 4.083962e-05 7.1617783e-06 3.4398246e-05 2.7304367e-07 5.058385e-07 5.056535e-08 0.0032901876 0.027110212 7.599027e-20 1.971044e-07 0.016259652 4.626749e-06 0.96263015 0.44360578 0.7204064 9.563091e-07 0.9786567 0.11696537 0.62300164 5.150151e-07 0.48506507 1.7265994e-06 4.7593096e-11 0.6395111 0.21235535 0.860686 0.49413332 0.47877085 0.5436632 0.17275673 0.05056355 0.1868448 0.13811849 0.0004245669 0.00026238518 0.0063525145 0.22613728 3.8408853e-06 0.0005531518 0.1461674 7.6005625e-07 5.1793904e-08 0.08236783 1.1883176e-06 4.572542e-07 0.3483363 0.057654552 0.31787902 4.7693447e-06 4.152496e-08 0.033527244 0.01871253 0.00063329184 0.24414296 0.012503981 0.009469656 1.4801396e-06 0.03348555 0.0007345185 1.8849977e-07 0.0026781287 0.00096675265 1.3225595e-07 2.6556036e-06 4.750155e-05 0.059506863 1.0889942e-06 1.9756793e-05 0.0030610913 0.043526605 2.3716156e-07 1.5841788e-05 0.00021506555 0.074370995 0.014664031 3.149655e-06 7.80385e-05 3.1706108e-07 0.009059919 3.0478718e-06 0.059592858 2.3846894e-06 0.015513441 0.004158566 0.00033434125 0.040597886 3.0658193e-05 0.03816042 0.017686035 4.712447e-07 1.1621466e-07
0.00035480264 0.16112594 0.5751841 0.05951634 0.28832832 0.097517624 0.8516065 0.030973237 0.72036004 0.0066075446 0.014023268 0.0030077558 0.0017494698 0.00030932575 0.00011436531 0.0001967661 0.0010886843 0.08108095 1.971044e-07 8.872888e-19 0.0004812437 0.92554164 6.530177e-06 0.0013171096 1.8255595e-06 4.8837206e-05 3.28659e-06 6.132362e-05 7.911132e-07 3.146972e-05 5.2340783e-07 0.0012531199 0.0824034 4.247857e-08 3.2916594e-06 3.2463848e-07 4.9828714e-08 5.5404064e-07 6.4142713e-09 1.1156085e-07 6.9155885e-07 3.6305812e-07 2.9193787e-08 0.00022196208 0.0066266023 0.00026977735 1.9747516e-08 5.5643804e-06 0.00020575941 5.423929e-08 0.061751515 4.3613284e-07 2.1113417e-08 6.4275537e-07 4.2737615e-06 4.346975e-08 2.0331626e-08 1.7153069e-07 7.7527847e-07 9.986698e-08 4.194716e-09 1.2672621e-05 9.466905e-05 1.2702234e-06 9.9127755e-09 6.0901186e-07 7.051143e-06 4.8061204e-09 3.9587234e-05 5.0775827e-05 6.492682e-08 8.005153e-08 1.4711281e-07 2.1444017e-05 0.0008686406 4.42673e-06 2.157996e-08 2.8493103e-08 4.91979e-07 1.6908263e-07 1.2763628e-08 6.507912e-05 9.486927e-10 2.2443986e-07 7.920644e-07 4.319606e-06 2.7773652e-09 8.071822e-05 1.378909e-08 7.479216e-09 8.053022e-07 2.3400466e-06 8.7046195e-05 5.2843863e-08 5.2467425e-05 6.419352e-07 1.3106738e-09 7.3058122e-06 4.1055725e-07 1.8472056e-06 1.1568316e-08
0.9373304 0.8535213 0.07384927 0.21014017 0.0049457103 0.02166173 0.0994851 0.53534645 0.00019751227 0.00038889825 0.044258248 0.007573615 0.15149893 0.0014324562 0.00028112126 1.4398123e-05 0.9783854 0.08601538 0.016259652 0.0004812437 5.3358132e-17 0.00054467504 0.015956374 0.19434372 0.010054555 0.0016350967 0.0009845579 0.82384306 0.0009903843 0.00031434643 0.01854909 1.2292867e-06 1.0745435e-07 0.002851594 0.03672446 0.0007760597 4.6520414e-05 0.0122586945 0.0018961577 2.4492498e-05 0.15720771 0.00044414736 0.00022257745 0.18723613 0.0012561963 0.9054011 0.0001821207 0.00016327796 0.03975431 5.8743217e-06 2.9967456e-05 9.5829255e-06 0.00012268273 8.021512e-05 1.3174977e-05 0.00039950947 6.5482665e-05 0.025994584 8.562622e-06 9.0838876e-05 2.6415976e-06 0.81531876 0.107797205 0.0004318105 3.082448e-05 0.0024757222 0.0008644639 0.000119618475 0.033269584 0.00012120765 2.7193302e-05 0.00016593844 2.6406403e-06 0.0023761222 0.0011433893 0.02268035 6.346031e-06 1.7699263e-06 2.1639253e-06 0.0013502014 5.029548e-07 0.0039800415 2.283075e-06 0.0044247047 0.0001379572 1.2506836e-05 9.645787e-08 0.00021228567 4.0046274e-05 2.5391639e-08 0.003572102 7.285468e-06 0.16862926 2.69858e-05 0.040929195 4.6952577e-05 3.913183e-08 0.019064976 0.0008310507 1.2350841e-05 5.3767155e-07
0.00022789657 0.133178 0.4666994 0.048383202 0.21116057 0.07235285 0.9153227 0.02466875 0.643999 0.002258496 0.009123 0.0011375637 0.00077439216 0.00023604094 2.7848024e-05 5.4675096e-05 0.0009709424 0.26188767 4.626749e-06 0.92554164 0.00054467504 4.318677e-20 0.00015268127 0.009710405 6.1606297e-06 8.143408e-06 2.7191913e-06 0.0005849465 2.890826e-06 3.649001e-06 1.5114378e-05 0.0033889462 0.6351571 7.292478e-07 5.228057e-05 8.9142395e-07 1.1928866e-08 5.2307473e-06 2.5928673e-08 6.7659656e-08 7.073743e-05 2.1720994e-07 3.5928018e-08 0.0005093498 0.084584534 0.00051306986 3.555302e-08 3.0819263e-06 0.00037979428 8.8694016e-08 0.7194158 1.6081839e-07 5.783681e-09 5.2138165e-07 3.448634e-07 1.08825745e-07 3.2703582e-09 3.415659e-06 3.2209525e-07 2.4072785e-10 1.4879071e-09 0.00010529037 0.00014177924 5.277268e-07 1.2424967e-08 7.4167087e-06 6.0470662e-05 8.0216983e-10 0.0002871554 0.00025124918 7.5544044e-08 1.3844453e-05 3.9012512e-08 3.8592792e-05 0.024543678 0.00016071346 5.208928e-10 6.232431e-09 8.837587e-08 3.7633358e-06 1.0600929e-09 7.830293e-05 2.408137e-10 1.9603343e-05 1.3466e-07 2.155197e-06 2.4375708e-09 5.000903e-05 1.2182967e-07 3.935118e-09 4.4708327e-06 3.2997414e-07 0.00037354472 5.350727e-08 0.00015416372 1.4733233e-06 8.296759e-09 0.00017260859 5.6342683e-06 9.285785e-08 2.2288338e-09
0.93024045 0.029089909 0.0003851826 0.000320521 1.4761044e-05 4.5481313e-05 0.00086946524 0.0004336742 1.1676251e-06 6.770804e-07 9.829174e-05 1.6867258e-05 0.00014079669 1.531593e-06 1.1247886e-05 2.8412634e-07 0.0019181201 0.023432795 0.96263015 6.530177e-06 0.015956374 0.00015268127 1.5186978e-17 0.62200576 0.54900706 1.3148255e-05 0.10474909 0.11027144 0.23552431 4.812028e-07 0.7296257 1.92543e-06 7.681463e-09 0.9678967 0.18098213 0.7599406 0.12776853 0.42875892 0.45281243 0.059826713 0.14490962 0.059024 0.040318325 0.00064196304 0.0031386614 0.009377351 0.24091767 6.1699075e-06 0.00041969636 0.041433018 2.033637e-05 2.4684111e-06 0.02614099 1.2814611e-06 4.6948142e-07 0.47394156 0.0055356007 0.6302725 8.3331724e-07 1.0966168e-06 0.0005077796 0.047634896 0.0013192663 0.22104742 0.0017901657 0.013113806 8.190076e-06 0.003100063 0.0013145803 1.2239477e-06 0.0013606971 0.00041690454 1.6729925e-06 1.3450714e-05 0.00016357127 0.07484272 1.5117328e-06 7.3259607e-06 0.00010674729 0.021698669 5.062955e-07 4.085466e-05 8.689732e-05 0.0528421 0.0065874574 1.4297456e-05 6.1941973e-06 4.4548383e-06 0.002135629 7.622194e-07 0.06391275 9.1611555e-06 0.022176258 0.00085430505 0.0016217163 0.042490274 3.2947432e-06 0.057803087 0.013643387 1.937092e-06 2.651376e-07
0.27658123 0.84213334 0.48546222 0.09373601 0.038306754 0.03901198 0.38154262 0.010562975 0.0028650216 7.703027e-06 0.00087840296 2.9039444e-05 0.0004167326 1.9716542e-06 6.8708964e-06 1.2273305e-06 0.037475523 0.94601184 0.44360578 0.0013171096 0.19434372 0.009710405 0.62200576 7.430312e-18 0.5304646 0.0005285484 0.116139844 0.28650904 0.05662717 1.1542575e-06 0.2410726 0.0011005817 1.333885e-05 0.1122978 0.09685691 0.06375914 0.010557481 0.9337842 0.4242414 0.012300484 0.08732773 0.014584895 0.09347327 0.0006324964 0.6073443 0.004633149 0.006267198 8.2789165e-06 0.0004977351 0.3230179 0.009979051 5.122675e-07 0.0035015165 3.2603295e-06 2.8132657e-05 0.0072185383 0.00073352485 0.041783947 6.7545807e-06 3.4744158e-07 0.00014861693 0.023359114 0.0006276718 0.59718657 0.040841203 0.9644051 1.3490822e-05 0.0010484323 0.00051248574 1.9456013e-06 1.3494284e-05 0.13246243 3.3944787e-05 5.0620627e-05 0.17326967 0.0018530291 8.542854e-07 0.0001279239 0.00012657976 0.00076351553 3.3223168e-06 0.0002995544 3.5869703e-05 0.00089179474 0.0017664562 1.9411302e-05 9.308574e-06 7.7416655e-05 0.00018830152 2.6430529e-05 0.0007881519 0.00010020504 0.014614063 0.00030229884 0.0014900445 0.36500245 1.3100741e-05 0.016583482 0.0003459625 7.1271934e-06 1.5526647e-06
0.7183209 0.016035866 0.0007776578 0.0007904881 0.00030778235 0.00023869194 0.0004830747 0.00023895683 1.7497156e-05 4.832415e-07 0.00013673292 1.5435267e-05 3.6739522e-05 1.2256905e-06 4.266631e-06 1.2716415e-06 0.0026692196 0.04129359 0.7204064 1.8255595e-06 0.010054555 6.1606297e-06 0.54900706 0.5304646 2.024027e-16 1.7854632e-05 0.5918438 0.025842734 0.9777143 1.232334e-06 0.18631782 3.4426736e-05 3.453042e-08 0.19930264 0.032544564 0.5047175 0.22498482 0.77190495 0.82204634 0.42694917 0.012787096 0.75254166 0.9726449 0.00013794328 0.0018984638 0.0024877659 0.18588242 2.8734152e-05 6.709419e-05 0.6420973 9.293645e-06 1.7715947e-06 0.17635673 1.4358651e-06 9.277165e-06 0.22982003 0.05862771 0.10513741 3.1893755e-06 1.1939657e-06 0.10856699 0.0026105945 0.0001475503 0.53449273 0.41588265 0.0301774 4.6170253e-06 0.11990428 0.0004404202 8.569468e-06 0.0020992926 0.004411378 2.9494215e-05 2.1215545e-05 9.142412e-05 0.0110814795 3.5922176e-07 0.00046343627 0.0047359522 0.032672834 1.6655684e-05 8.822186e-06 0.006367037 0.019696651 0.007084315 2.0301743e-05 0.00038076952 1.6961721e-05 0.0077238902 0.00016973008 0.044835743 4.2202206e-05 0.0023745557 0.0066186823 0.00015022747 0.21800794 4.8344707e-05 0.008034356 0.01016457 2.4633364e-06 3.5779044e-06
0.9042669 0.00033016384 0.00015949275 0.0007577903 0.0008413836 0.0069854865 5.0523155e-05 0.0053478177 0.00072500017 0.052544817 0.18163131 0.4496066 0.18228176 0.9138735 0.5615479 0.028581053 0.017488785 8.587461e-05 9.563091e-07 4.8837206e-05 0.0016350967 8.143408e-06 1.3148255e-05 0.0005285484 1.7854632e-05 1.2069127e-13 8.316061e-06 0.00047009235 1.2245081e-06 0.86064965 6.4864165e-05 0.0006929873 8.367464e-05 1.1010252e-06 5.3251802e-05 8.949565e-05 6.104365e-07 5.0170394e-05 5.7981147e-06 1.195627e-06 9.490399e-05 3.5947707e-07 4.418613e-05 0.0940767 0.0004464446 0.014578094 7.5170016e-07 0.46171916 0.96557134 1.3298187e-06 1.2904586e-05 0.00917229 7.2662016e-07 0.2513983 0.059258968 7.2793696e-06 5.3323356e-07 0.00023531543 0.13932687 0.03771075 1.9908138e-07 0.00067813543 0.096117646 0.0022270253 5.858176e-06 1.983481e-06 0.6008118 4.387119e-06 0.4209635 0.30893046 1.9463362e-06 4.2785675e-07 0.00022572362 0.5737779 2.9303064e-05 0.00022505084 0.015941307 8.314728e-06 1.3284522e-06 6.942222e-06 3.3206525e-05 0.23717749 7.209425e-08 0.0001382579 4.716717e-06 0.00026639795 6.440458e-07 0.29776084 5.3794415e-06 4.7758213e-08 6.829143e-05 0.00013887728 0.0015290473 5.3725203e-06 0.071346834 0.0019783909 2.1251942e-06 0.00034724106 2.5792377e-05 4.616909e-05 5.076585e-05
0.693069 0.0015852202 8.396289e-05 0.00010430533 6.4041656e-06 2.2359747e-05 3.8330603e-05 8.473625e-05 8.629742e-07 3.671143e-07 1.7030025e-05 3.751722e-06 6.5029076e-06 4.276585e-07 5.389774e-06 3.304183e-06 0.00018747566 0.001998589 0.9786567 3.28659e-06 0.0009845579 2.7191913e-06 0.10474909 0.116139844 0.5918438 8.316061e-06 2.4057851e-15 0.002925325 0.93436515 2.8786305e-06 0.019425262 6.9346656e-06 3.7223444e-08 0.047350008 0.0040007285 0.46863285 0.9744754 0.12272083 0.5428069 0.67353487 0.0037806318 0.44254202 0.3482371 1.8547367e-05 0.00054508605 0.0007132446 0.17569906 6.0195603e-06 7.4387855e-05 0.17328475 6.698693e-06 3.669888e-06 0.14541489 1.0349065e-06 4.6657324e-06 0.13523622 0.09526984 0.030244377 3.388112e-06 1.0377787e-06 0.11120267 0.0007264574 8.237581e-05 0.2079335 0.045939364 0.0045162663 3.3840463e-06 0.07938052 0.000114770446 1.2564226e-06 0.030160798 0.00013477623 3.7141676e-06 2.7194974e-06 2.667914e-05 0.007493658 1.0406804e-06 0.0006854734 0.013623131 0.09076263 1.1972408e-05 2.1311814e-06 0.0038012117 0.016991545 0.017930157 6.2070058e-06 0.0009825712 8.834786e-07 0.019614834 9.95185e-05 0.056226 1.92139e-05 0.0016723943 0.016692491 5.679594e-05 0.03601903 0.00018009939 0.007076533 0.01615726 6.864222e-06 4.036023e-06
0.43237814 0.44860783 0.0070692217 0.022158131 0.0004649704 0.0023388856 0.0074704573 0.042989377 6.144775e-06 6.085417e-05 0.0047879484 0.0007883409 0.0134519655 0.0002592897 7.723164e-05 6.878862e-06 0.06781731 0.034222614 0.11696537 6.132362e-05 0.82384306 0.0005849465 0.11027144 0.28650904 0.025842734 0.00047009235 0.002925325 1.5182799e-18 0.0048541725 0.00012740305 0.43201575 3.625583e-06 3.067458e-08 0.060335502 0.93700135 0.0042365263 0.00085305574 0.045758653 0.014245622 0.00030822793 0.9859349 0.0015681396 0.0006343094 0.020735307 0.0011563101 0.28536358 0.002653066 0.0002599674 0.008901996 0.0005492268 4.1992636e-05 7.0149235e-06 0.00067320094 5.0712966e-05 9.101269e-06 0.006576379 0.00015644115 0.2411844 6.291118e-06 2.1968212e-05 3.7517275e-05 0.8482584 0.030830152 0.0012410005 8.907909e-05 0.0031233446 0.00028900435 0.00024678867 0.005255767 7.859691e-06 0.00016565336 0.0003772114 7.9819597e-07 0.0010275254 0.0002642676 0.043987937 1.1419872e-05 5.5553903e-07 1.21005705e-05 0.00092788157 1.8186539e-06 0.0013792018 1.7818357e-06 0.0066338168 0.00021332658 3.1167197e-05 5.360043e-08 1.2456735e-05 2.5019839e-05 2.5733434e-07 0.0025596686 1.9567911e-05 0.10536197 2.0012321e-05 0.010543532 0.00038888006 9.0479034e-07 0.025539692 0.0008303789 4.2717792e-07 4.229451e-07
0.7451898 0.000986099 5.2674888e-05 4.3993005e-05 3.8069015e-06 4.221865e-06 1.548754e-05 3.044637e-05 2.1462276e-06 3.1975483e-07 2.8806792e-06 5.529907e-07 1.4388656e-06 9.59721e-08 3.517132e-07 2.0442099e-06 0.000302089 0.0017073533 0.62300164 7.911132e-07 0.0009903843 2.890826e-06 0.23552431 0.05662717 0.9777143 1.2245081e-06 0.93436515 0.0048541725 2.0887365e-18 1.0677377e-06 0.036805645 3.6613426e-05 1.2762143e-08 0.13635631 0.012982048 0.57121474 0.4293731 0.045229718 0.3700373 0.89677066 0.0040076957 0.96783483 0.65691406 4.3117838e-05 0.0007073216 0.0020261717 0.33094946 3.4584705e-06 3.9059665e-05 0.19935074 1.9247525e-06 3.3909566e-06 0.2926569 9.986655e-07 3.9862975e-06 0.16566512 0.17378803 0.035482496 8.070732e-06 7.3411516e-06 0.28927287 0.0012109218 5.244681e-05 0.23583369 0.113158286 0.004243916 1.7080062e-06 0.14841397 0.0001054942 3.0013687e-06 0.03843326 0.00048009653 2.1236352e-05 2.1734681e-06 9.255683e-06 0.009737503 9.0570023e-07 0.0011756972 0.06208867 0.104981154 2.100534e-05 1.7812385e-05 0.008794194 0.020104738 0.026592027 5.2351193e-06 0.0038908871 1.0795019e-06 0.026421562 0.00041018726 0.076570846 2.1075672e-05 0.0015459908 0.020910041 0.00014530902 0.049905423 0.00044632584 0.008241177 0.017098978 5.555539e-05 5.6315016e-06
0.49316615 1.9068957e-05 1.1564838e-05 0.00012254101 0.00021219824 0.0016541332 1.8836455e-06 0.0006082388 0.0007837963 0.117743306 0.094257995 0.20741268 0.032678805 0.6357064 0.97263837 0.57000345 0.0031897451 5.791721e-06 5.150151e-07 3.146972e-05 0.00031434643 3.649001e-06 4.812028e-07 1.1542575e-06 1.232334e-06 0.86064965 2.8786305e-06 0.00012740305 1.0677377e-06 8.453282e-17 1.0627557e-06 0.027838156 8.271313e-05 2.6457283e-07 2.4997684e-05 1.1619101e-06 1.6371812e-06 2.4732371e-06 1.454776e-06 5.557247e-08 2.1041951e-05 6.229297e-08 6.5520453e-07 0.008364812 0.0001904149 0.0020863654 1.4938077e-07 0.41077882 0.45114937 1.6642211e-06 6.0307125e-06 0.55456656 6.6071186e-07 0.67472017 0.9663657 2.324362e-06 1.0046148e-06 2.2322994e-05 0.7923511 0.5322647 6.4963336e-07 0.00017884395 0.018424725 0.000113453134 8.318527e-06 2.488216e-07 0.57115406 1.2757313e-06 0.25154382 0.7683329 9.770446e-07 1.2791584e-06 0.03164831 0.32817316 8.993452e-06 4.914655e-05 0.40373555 1.1515521e-05 6.961922e-07 1.4715955e-05 0.011250713 0.2961532 3.3768455e-07 8.689756e-05 4.6820596e-06 0.004235009 6.133893e-07 0.3079639 1.161463e-05 2.6038208e-07 2.6393831e-05 0.0013083774 0.0011948816 2.2510987e-06 0.033881646 5.4424607e-05 8.6000006e-07 6.657308e-05 1.7455592e-05 0.000742964 5.1381216e-05
0.8860911 0.025856536 0.00033387574 0.00063969445 2.6258855e-05 8.861374e-05 0.00039405905 0.0014367488 7.732471e-07 2.937672e-06 0.00023428381 4.167936e-05 0.00034078927 5.9077947e-06 1.228809e-05 9.047402e-07 0.002078255 0.012668857 0.48506507 5.2340783e-07 0.01854909 1.5114378e-05 0.7296257 0.2410726 0.18631782 6.4864165e-05 0.019425262 0.43201575 0.036805645 1.0627557e-06 2.6204349e-16 1.5368048e-06 4.0539425e-09 0.9763857 0.9565318 0.16964623 0.010902642 0.11552191 0.11351654 0.0067761308 0.46522385 0.00818357 0.0061370274 0.0012516318 0.0017126305 0.011129934 0.1310259 1.2032158e-05 0.0010546382 0.0054764263 2.5464926e-06 8.232209e-07 0.022432528 3.4987474e-06 6.5330835e-07 0.68512166 0.002856771 0.90674436 2.720653e-07 1.2894326e-05 0.0004878109 0.27678284 0.0019179455 0.029419709 0.00032384644 0.007286427 2.4781964e-05 0.0015728944 0.0013480264 9.764129e-07 0.0008065216 0.00032751609 3.9343718e-07 3.9701637e-05 0.00031522 0.25112122 8.833774e-07 1.2530463e-05 0.00025468742 0.023717755 4.86324e-06 6.5263266e-05 2.8307777e-05 0.08888352 0.0031978108 2.8993423e-05 1.9014897e-05 2.441108e-06 0.0014028563 3.8171444e-07 0.045283843 4.507219e-05 0.044330914 0.0006192913 0.0017876031 0.0022443335 5.4224133e-06 0.11019576 0.014710995 3.804089e-06 5.9924133e-07
