6.679066e-32 0.022310147 0.06823468 0.0029139926 0.44894487 0.00023311973 0.00010802899 0.0065146023 0.30675924 0.23823866 0.20935723 0.6165347 0.0067030652 0.056387305 0.124311835 0.0011698796 0.27763975 0.4727498 0.07563474 0.32363805 0.04300838 0.099103004 0.29239923 0.06232745 0.08098185 0.015248447 0.2855651 0.83138865 0.021105126 0.89438283 0.95370644 0.015890187 0.005148219 0.0010442507 0.004967083 0.020155367 0.005355465 0.2081236 0.0901306 0.9735075 0.6467851 0.00044699947 0.0078082653 0.00014603836 0.0403054 0.1377728 0.013848594 0.00085372553 0.98248184 8.137245e-06 0.11374332 0.24253415 0.0009977355 2.1640644e-05 0.7681037 2.493511e-05 0.7963431 0.9724377 0.86414784 3.2049775e-06 0.033900242 0.0012693286 4.2464055e-07 1.0365626e-05 0.98574835 0.0034302643 0.24420613 0.0009048706 2.3074253e-05 0.9763295 0.40614054 0.75358033 4.5173294e-08 6.893402e-06 0.5463419 0.0014874542 0.84728986 5.028343e-07 0.01176901 0.5748254 0.00032904887 7.910918e-06 1.7960822e-11 9.733879e-10 0.99346864 2.1839118e-07 7.175366e-07 0.994863 1.1033033e-11 0.0027077214 0.98911524 1.0138713e-09 0.45207682 9.026844e-06 1.1186191e-11 3.6411495e-11 2.7070441e-11 6.1088315e-07 1.2440303e-09 5.056511e-10 1.6374935e-10
0.022310147 8.947585e-22 0.48435774 0.5428556 0.48855898 0.3716089 0.43952185 0.36945868 0.4757062 0.37897518 0.3816872 0.2442414 0.5714794 0.4010623 0.29626024 0.6940653 0.06893265 0.3290109 0.15736072 0.035246402 0.07081092 0.087493055 0.008096536 0.0591934 0.005240449 0.34929594 0.06281347 0.15265879 0.04022425 0.16223687 0.2554613 0.009556319 0.0767303 0.012207608 0.006191121 0.00087365776 0.046486143 0.0039057934 0.008440896 0.13104223 0.03049371 0.13281354 0.00015598943 0.1849773 0.0019568696 0.0068996768 0.0076156124 0.013370897 0.19564573 0.037205964 0.0014300962 0.0017761583 0.00022815623 0.1232237 0.013220963 0.004152483 0.00022379772 0.16468942 0.0052822484 0.068027474 7.920773e-05 0.0021629229 0.0027247353 0.0017730225 0.07302908 0.00024291505 0.0050584096 3.480482e-05 0.0005506584 0.016935354 0.00019296378 0.0021317007 0.014279531 0.0014578017 0.0077365185 1.199875e-06 0.003099791 1.984216e-05 0.0015365535 0.003049807 1.5504925e-06 5.1276464e-05 0.0043594204 0.0010774215 0.0043492275 0.00017557105 4.6133082e-05 0.010998322 5.2834068e-05 6.83918e-05 0.002519735 1.2409011e-05 0.00082633225 2.7236474e-06 0.0007150812 7.503665e-05 0.0018926952 1.8631667e-05 3.3036427e-05 0.00025152176 0.00014153795
0.06823468 0.48435774 1.2083311e-21 0.55630356 0.5146291 0.43542975 0.3036705 0.5669254 0.21005847 0.5705848 0.12702757 0.39673153 0.20049305 0.09198143 0.06037366 0.1738513 0.2365449 0.06760951 0.016620325 0.16407187 0.33752978 0.007399203 0.08736111 0.004306489 0.05080601 0.1144492 0.006869904 0.051971827 0.00187362 0.064082764 0.2236341 0.063225046 0.016195195 0.044387456 0.04265938 0.014150368 0.005447316 0.022356028 0.00044739313 0.05018765 0.008808883 0.026834555 0.0034902429 0.039171524 0.00023612018 0.0025390119 0.00065718585 0.0024786282 0.10199069 0.032633822 0.00058695005 0.011590902 0.0028709474 0.018037332 0.00703354 0.017551022 0.00030818445 0.16350648 0.021898609 0.037612777 4.7027144e-05 0.0009481909 0.009848443 0.009169741 0.025637157 5.656501e-05 0.002550277 1.40842e-05 0.00025116364 0.04314314 0.00032467238 0.008253533 0.0013733781 0.00029274754 0.0035640579 3.7688326e-07 0.0007455563 0.00041551507 0.0048531126 0.007607816 2.901266e-06 4.6339625e-05 0.00078451564 6.0573115e-05 0.0007295128 0.00014288072 0.00010129741 0.015803793 0.00010970571 0.00023157573 0.00027016943 6.9288115e-05 0.00023452322 6.706306e-06 0.00018525298 0.00020276947 0.00025095584 7.815849e-05 0.00019828949 0.00055052293 0.0001500648
0.0029139926 0.5428556 0.55630356 6.715192e-24 0.35050198 0.6036975 0.5963684 0.5883935 0.20762089 0.38181397 0.13421078 0.17741719 0.27703583 0.14775188 0.10314768 0.39702004 0.07957571 0.08117394 0.056097295 0.038934175 0.15135752 0.024653897 0.0142834 0.022743246 0.01491351 0.16448775 0.010580276 0.03039378 0.011441157 0.03564934 0.096438214 0.026378807 0.028155982 0.05909515 0.02600725 0.004068376 0.012553879 0.0051776087 0.003319611 0.020327143 0.006741167 0.06032415 0.0014702769 0.10414462 0.0015371845 0.0039731623 0.0023587265 0.0043666265 0.034574 0.06679526 0.0016422402 0.0036164185 0.0017388103 0.058792386 0.0056609944 0.033207346 0.00061364716 0.043336924 0.008168431 0.095340244 0.0001576155 0.0013345017 0.023482919 0.009193302 0.009208848 0.00035015628 0.0029180264 0.00013734469 0.00065683055 0.015372814 0.000774736 0.0029279375 0.015359763 0.00044261792 0.004127908 9.2961e-06 0.00039829593 0.00040041577 0.002530789 0.0030311495 1.4628474e-05 0.00032910254 0.0039031648 0.00048951164 0.0009705799 0.00018011194 0.00010667219 0.0033290647 0.0005573064 0.00015594676 0.000109701934 0.00014274004 5.147544e-05 1.5101254e-05 0.00069754577 0.0003619301 0.0015283438 6.558616e-05 0.00020461703 0.0006397073 0.0002811065
0.44894487 0.48855898 0.5146291 0.35050198 3.1839208e-19 0.26865986 0.17731582 0.3176984 0.54208523 0.71260524 0.30802003 0.85879683 0.24090761 0.15212098 0.11951529 0.1728674 0.27281228 0.16850516 0.04357333 0.21405964 0.35183907 0.020376071 0.13875586 0.014038904 0.0768927 0.11080987 0.015799996 0.12318702 0.004817477 0.16898374 0.69926184 0.06804217 0.021749074 0.025366612 0.043827526 0.022084055 0.009910595 0.032655206 0.0023028892 0.20588222 0.020602722 0.032431345 0.009717187 0.04967584 0.000730946 0.0049417997 0.00255728 0.0080723455 0.30704138 0.011255617 0.0010328587 0.014916918 0.0055301343 0.01877993 0.013209382 0.0063591357 0.0011691032 0.4516939 0.04758067 0.014573584 0.00022761637 0.0062896423 0.0032451393 0.006530963 0.13849336 0.00031750486 0.004572493 0.000101256555 0.0013277729 0.11171917 0.00042700933 0.013377848 0.0026723295 0.0009929973 0.007949455 1.0163847e-05 0.0021155446 0.0003750722 0.009027323 0.011376501 4.5070898e-05 0.00037270426 0.0003182834 7.981275e-05 0.004147302 0.00037407342 0.00027418963 0.15993328 0.0002323695 0.0015291397 0.002048662 0.000104869374 0.0019029373 4.6888003e-05 0.00072303746 0.00047505452 0.00033369142 0.00037665444 0.00028312544 0.00062519725 0.000497274
0.00023311973 0.3716089 0.43542975 0.6036975 0.26865986 5.410899e-23 0.6003237 0.6348441 0.1458721 0.37340635 0.08533105 0.16721164 0.11063858 0.05992361 0.052131113 0.17251627 0.13493635 0.04317722 0.028435491 0.08710918 0.20099188 0.021322154 0.030377 0.014927042 0.030733375 0.053024624 0.013333046 0.021403037 0.004619534 0.020953618 0.06729817 0.07310695 0.0071936334 0.13430284 0.059539985 0.011070715 0.0074349195 0.011819698 0.002555498 0.013457157 0.0059951115 0.014519059 0.00352318 0.016665768 0.00064181705 0.0007879235 0.0017123007 0.0011316155 0.014394677 0.09650667 0.0013938387 0.0054656747 0.005465404 0.01054494 0.0037371046 0.06283378 0.0011341538 0.021248048 0.011282151 0.06366512 0.0002913202 0.00017021249 0.062096722 0.02254454 0.004441959 0.00013947989 0.00089832605 1.4626953e-05 6.8676236e-05 0.018045014 0.00012220419 0.0032242273 0.0031863265 0.000347461 0.003716687 3.9745755e-06 0.00038263985 0.0012915365 0.003578261 0.0046424647 2.9275532e-06 2.6560052e-05 0.0010233525 4.737199e-05 0.0013761531 7.8421974e-05 4.8556187e-05 0.005686685 0.00027860497 0.00027348477 9.525045e-05 0.00016946289 0.00011259987 1.0273944e-06 0.00074424036 0.00039942854 0.00037048548 8.064905e-05 0.0006327349 0.00011725977 4.4113585e-05
0.00010802899 0.43952185 0.3036705 0.5963684 0.17731582 0.6003237 5.6338947e-24 0.41653585 0.15058766 0.11148948 0.098008595 0.10056984 0.24579261 0.12780923 0.09099886 0.47298753 0.04411811 0.082887635 0.06713411 0.032249115 0.04959233 0.026878335 0.011281548 0.025692442 0.0137637425 0.22096701 0.01575926 0.01702323 0.009442647 0.026866062 0.029940419 0.011288533 0.035518046 0.05511549 0.012649402 0.006191555 0.024216583 0.006372528 0.0043911883 0.010870487 0.004662417 0.054450676 0.0015934436 0.13950637 0.0017186827 0.00071524456 0.0062611317 0.00436528 0.016863529 0.17332423 0.0018124443 0.00094707805 0.001718423 0.12522332 0.0034980967 0.053825982 0.0006938178 0.016426396 0.0012126755 0.1764159 0.00041647992 0.0013584029 0.061462816 0.011554548 0.008220494 0.00035340746 0.000885485 0.00015542738 0.00039773568 0.0024926364 0.00038191 0.0011250611 0.04646586 0.00036466288 0.003277018 1.9287554e-05 0.000422682 0.00044824003 0.00064227503 0.0003454869 2.5349944e-05 4.596699e-05 0.008465209 0.0023521222 0.0019152266 3.830802e-05 1.6804977e-05 0.008021325 0.0018872115 4.0892508e-05 0.00070052996 7.991527e-05 0.0006590206 4.7964527e-06 0.0024646115 0.00087447214 0.0033493086 7.847768e-06 0.00029875216 0.0005822521 0.0001910151
0.0065146023 0.36945868 0.5669254 0.5883935 0.3176984 0.6348441 0.41653585 2.651509e-21 0.14233248 0.4886543 0.061224412 0.21254715 0.06952991 0.036314804 0.025914313 0.10891506 0.24252553 0.020110361 0.012108738 0.131472 0.48771346 0.006269285 0.077273935 0.0053288 0.07807096 0.04128903 0.00340124 0.011072406 0.0013463716 0.014029119 0.074609324 0.22911018 0.006143794 0.18249828 0.1415032 0.059126478 0.0064624967 0.047356557 0.0007243077 0.00910965 0.002737999 0.009591607 0.017938016 0.010579953 0.0003765935 0.0011426834 0.002857522 0.0010490698 0.021396657 0.07250506 0.0010150761 0.015228145 0.019123474 0.006672053 0.0019064767 0.07790841 0.00031880345 0.055697553 0.018575875 0.06024859 5.0992014e-05 0.0017516349 0.054999013 0.047915462 0.0049377363 0.00021880992 0.00066067 1.9363379e-05 0.00026389892 0.035316575 7.3075855e-05 0.011150884 0.0015144919 0.0004667426 0.0017267083 8.357798e-07 0.00019480725 0.002952848 0.006721213 0.010377452 9.288462e-06 2.4484954e-05 0.00038839434 1.27419635e-05 0.0008899614 0.00016012356 0.00017624124 0.012986166 0.0003534248 0.00034790565 4.8161877e-05 0.00024902498 3.1411197e-05 7.3652853e-07 0.00016957152 0.00025172383 6.221451e-05 0.000112492104 0.00079489354 0.0002164947 7.1092756e-05
0.30675924 0.4757062 0.21005847 0.20762089 0.54208523 0.1458721 0.15058766 0.14233248 1.5126363e-20 0.23513278 0.83144385 0.20404935 0.36338484 0.25384954 0.27944157 0.1754609 0.049604636 0.43047106 0.16174957 0.028800849 0.06309818 0.1044974 0.010769935 0.08108864 0.005749539 0.12643155 0.123468265 0.35883918 0.027323965 0.4045633 0.5874858 0.011261549 0.07878031 0.003318549 0.0065258695 0.0017157611 0.05197071 0.0028138235 0.010840553 0.42396984 0.123864 0.08292588 0.00053973123 0.0698274 0.0031945005 0.024909254 0.007877443 0.02988269 0.41017914 0.0066428506 0.0023044995 0.0015866124 0.0008116589 0.026698848 0.042843387 0.0019359151 0.0014544314 0.40828782 0.012194471 0.013804644 0.00041224336 0.008127547 0.0015636678 0.001963301 0.33588648 0.0005467528 0.010193693 0.00010273123 0.0021307152 0.05424985 0.00073708827 0.0031714123 0.0025953304 0.00223357 0.02384808 3.1186923e-06 0.008088706 8.869804e-05 0.0036967585 0.0041838763 3.0183919e-05 0.00036810344 0.00031920412 0.00018620645 0.028279116 0.00014535614 0.00012637976 0.10456724 0.00022860992 0.0005636943 0.0205559 8.102085e-05 0.00403635 3.022602e-06 0.0006651326 0.00036255037 0.00033659898 7.3062474e-05 0.0001758982 0.00045002485 0.0004274253
0.23823866 0.37897518 0.5705848 0.38181397 0.71260524 0.37340635 0.11148948 0.4886543 0.23513278 3.138109e-21 0.10288717 0.83729494 0.138767 0.057629935 0.03010308 0.11276559 0.76736355 0.0728183 0.009661149 0.5965856 0.7035735 0.0024710493 0.4091633 0.0020690544 0.26447427 0.059192564 0.0038382127 0.05915614 0.00045466048 0.09999043 0.38048562 0.25008988 0.012096758 0.09936305 0.123672076 0.12646751 0.00444639 0.17214133 0.00046310094 0.10098074 0.013691569 0.015439582 0.03961831 0.024080442 0.000344641 0.0017938598 0.00051596755 0.0029410303 0.2100221 0.03974167 0.00032820302 0.055947185 0.014955619 0.024168 0.0057025356 0.026459238 0.00022751892 0.30583665 0.06850831 0.019089453 2.8102675e-05 0.0058594025 0.008887524 0.019956345 0.07347462 0.00030522438 0.002020247 2.983275e-05 0.0007607805 0.20375478 6.42894e-05 0.043755677 0.00091714755 0.0005001697 0.0036819337 6.360381e-07 0.00071026915 0.002749714 0.0054979073 0.0083190445 7.888467e-06 8.1200305e-05 0.0007177587 0.000106643405 0.0008690968 0.0003089189 0.0005036205 0.08985917 0.00028213384 0.0011581588 0.0007763218 0.00013248983 0.0012270625 4.253594e-06 0.0002915089 0.00037066164 0.0005404366 0.00036001953 0.0003346791 0.0011867316 0.0003747858
0.20935723 0.3816872 0.12702757 0.13421078 0.30802003 0.08533105 0.098008595 0.061224412 0.83144385 0.10288717 7.5948746e-22 0.083642475 0.3736313 0.25593412 0.3309022 0.15504836 0.013932707 0.48586258 0.1816079 0.0077210544 0.02014461 0.1446674 0.0030673696 0.11204364 0.0022914908 0.14804807 0.14046687 0.36654305 0.057928212 0.43094194 0.32723293 0.0022803084 0.095499985 0.0008000426 0.0019422958 0.00054799917 0.06016393 0.0011262601 0.027084589 0.37393805 0.18313758 0.10022095 0.00011416142 0.0828338 0.007566803 0.048172887 0.01409719 0.042010687 0.3275233 0.0035599438 0.005300991 0.00043396754 0.00021072688 0.027557028 0.07526213 0.0006257655 0.0028071993 0.26711777 0.0024000113 0.008332748 0.0010659288 0.010676054 0.0005441457 0.00069144607 0.31891632 0.0012591912 0.018488193 0.00044262852 0.0018097577 0.015768632 0.0013410202 0.00062415114 0.0016406216 0.0019339423 0.031653397 1.5790609e-05 0.015232714 2.3020842e-05 0.00066410424 0.00068430783 8.031662e-05 0.00027051417 0.00010968781 0.0001841561 0.04338779 0.00011046538 1.6426826e-05 0.018454274 0.00016482368 4.9182185e-05 0.0340719 5.2898304e-05 0.0022471317 1.1558663e-05 0.00027481947 0.00034143144 0.00018036702 7.019173e-06 6.593655e-05 0.00055012223 0.00049799203
0.6165347 0.2442414 0.39673153 0.17741719 0.85879683 0.16721164 0.10056984 0.21254715 0.20404935 0.83729494 0.083642475 3.155023e-20 0.05749079 0.022748586 0.012629826 0.06314852 0.5679808 0.014255272 0.0026873557 0.48816475 0.4578353 0.0017047232 0.54463065 0.000911932 0.20564477 0.03007879 0.0015380952 0.024989104 0.0003190492 0.041324418 0.47842228 0.15399122 0.0035464892 0.025506904 0.09650985 0.07319302 0.00275244 0.11086564 0.00024962082 0.07070126 0.004546965 0.007802574 0.024694936 0.008021727 0.00011426196 0.0002850096 0.0010960207 0.0027603616 0.23987526 0.0053392695 0.0001377135 0.03962787 0.013814515 0.0021518085 0.0024351396 0.0069409613 6.0668677e-05 0.41736582 0.11434893 0.005448327 2.2884517e-05 0.0024248746 0.002155892 0.011316121 0.030056221 0.00026771618 0.00041592008 3.8703325e-05 0.0012068002 0.22633018 1.9244048e-05 0.038978532 0.00012557232 0.00044510013 0.0010721806 9.842822e-07 0.00012883478 0.0010911555 0.013256813 0.02574581 7.674694e-06 0.00019667002 5.731366e-05 2.121627e-05 0.0011067956 0.00017578903 0.0005325592 0.23961136 0.000112042 0.0036654149 0.00044263163 0.00013226928 0.0011723384 1.2149889e-05 0.00028130604 0.00029587935 9.243787e-05 0.0006644986 0.00020238751 0.00033357213 0.00028662325
0.0067030652 0.5714794 0.20049305 0.27703583 0.24090761 0.11063858 0.24579261 0.06952991 0.36338484 0.138767 0.3736313 0.05749079 1.1406205e-23 0.6405086 0.45019615 0.7415195 0.01377453 0.46457756 0.48167327 0.010121264 0.011355051 0.24057752 0.004596989 0.31585956 0.0021563096 0.5564582 0.16879952 0.24278383 0.25087374 0.23098344 0.092589445 0.0005703558 0.28423375 0.00088455365 0.0002915812 0.00018845998 0.17542851 0.00067461544 0.050592132 0.1681806 0.07003969 0.32104 2.7260501e-05 0.33435154 0.018478485 0.029849835 0.038934942 0.12374594 0.15010197 0.011282049 0.0068594427 0.0005297493 4.622129e-05 0.14612164 0.044724498 0.0005361616 0.0024270806 0.072027765 0.0017644535 0.028756013 0.0013431148 0.02092224 0.0010220008 0.00051640056 0.12275129 0.0024652744 0.017787714 0.00067314977 0.0041882996 0.005381956 0.0006966801 0.0006023342 0.020504171 0.012249387 0.031034684 2.0363717e-05 0.01336688 8.509114e-06 0.000114934846 0.00029603232 4.0337618e-05 0.0003185521 0.001946558 0.005477784 0.013559714 0.00062627887 4.7039593e-06 0.006245031 4.3880544e-05 1.4930956e-05 0.0044864397 5.9246986e-06 0.0013599253 5.3502786e-06 0.00015385852 6.955307e-05 0.0018455655 2.4238395e-06 1.1326269e-05 0.00050783285 0.00032375965
0.056387305 0.4010623 0.09198143 0.14775188 0.15212098 0.05992361 0.12780923 0.036314804 0.25384954 0.057629935 0.25593412 0.022748586 0.6405086 6.6846495e-24 0.49757653 0.31422016 0.007188829 0.47301975 0.57275766 0.0044504544 0.006049412 0.33694953 0.002596115 0.38087228 0.0006770453 0.3225323 0.25338924 0.28660065 0.23162389 0.24901924 0.11168646 0.00034273852 0.24448214 0.00034897515 0.00027657 0.00018492309 0.18360582 0.0003971872 0.05747833 0.20197889 0.20582223 0.20056286 2.0365735e-05 0.18262303 0.023714688 0.0727956 0.05542998 0.13030022 0.14934549 0.0038022865 0.011743059 0.00030956152 2.3354998e-05 0.0876286 0.074466944 0.00024349744 0.004638754 0.074669346 0.0011035346 0.008030816 0.0028905503 0.02772949 0.0005360054 0.00023312464 0.20068495 0.0052937088 0.024234682 0.0010846303 0.006939178 0.0039507425 0.0028583026 0.0003968455 0.0032577657 0.017336037 0.039101113 2.2879365e-05 0.01695091 4.883564e-06 3.422417e-05 0.00010694099 7.717347e-05 0.000615858 0.00033732652 0.0016349159 0.021305406 0.0011354984 3.953869e-06 0.0016745832 8.680745e-05 5.146731e-06 0.010701436 1.86306e-05 0.00092223287 3.34343e-05 6.217109e-05 0.00019752377 0.00044023796 9.860825e-07 1.9910836e-05 0.0015868855 0.0012459718
0.124311835 0.29626024 0.06037366 0.10314768 0.11951529 0.052131113 0.09099886 0.025914313 0.27944157 0.03010308 0.3309022 0.012629826 0.45019615 0.49757653 2.3597744e-23 0.14791395 0.0046874997 0.675459 0.5172855 0.0028098617 0.007210303 0.48150605 0.0011490829 0.36130777 0.0006786523 0.23519841 0.36895496 0.38229042 0.18310645 0.32793558 0.13641194 0.00034086793 0.24066806 0.00019406351 0.00032065494 0.00026129442 0.20024568 0.0002153913 0.07100009 0.23789509 0.36727276 0.14903238 2.6324122e-05 0.11136945 0.026726967 0.08888309 0.050576113 0.11405841 0.1710927 0.0017679831 0.012889045 0.0001421182 2.8761733e-05 0.037543736 0.13398297 9.6239055e-05 0.0069295857 0.094294615 0.0007969764 0.0014742123 0.00320352 0.035832144 0.00022743021 0.00013896498 0.25234446 0.007771299 0.02811357 0.0020782114 0.0070102196 0.0043925284 0.0041781664 0.00028550092 0.00011288706 0.011229659 0.04044389 0.00021847589 0.020238267 1.1901647e-05 4.585674e-05 5.8563135e-05 0.00042466287 0.00092965225 3.0665036e-05 0.00022619143 0.037704263 0.00070754165 1.0856328e-05 0.0009788375 0.0001350065 1.2527764e-05 0.018911883 1.8725008e-05 0.0009404972 0.0002126804 8.1909006e-05 0.00019894182 7.757156e-05 1.887582e-06 2.052333e-05 0.0013704567 0.0012369549
0.0011698796 0.6940653 0.1738513 0.39702004 0.1728674 0.17251627 0.47298753 0.10891506 0.1754609 0.11276559 0.15504836 0.06314852 0.7415195 0.31422016 0.14791395 1.6617868e-21 0.019830102 0.13292922 0.13017789 0.015672134 0.017559685 0.059677046 0.003625931 0.07744997 0.0035075922 0.4898686 0.030013364 0.057585098 0.055920023 0.059535872 0.04111313 0.0013691117 0.1801851 0.0019510799 0.00080153334 0.000604687 0.09230644 0.0008220411 0.012809126 0.0280503 0.00749739 0.3436025 5.345854e-05 0.5488462 0.0056556924 0.0028070987 0.016394915 0.039004426 0.033205464 0.058552947 0.0010001411 0.00049378094 5.360077e-05 0.30431482 0.0071927556 0.002250355 0.00035125835 0.021996409 0.0008722379 0.13068296 0.00021982014 0.0061204457 0.0060632443 0.0013923919 0.012948541 0.00054954825 0.0029520586 0.00012594782 0.0009743838 0.0020909298 4.7044683e-05 0.0010029927 0.06832166 0.0040051793 0.008159602 9.255761e-06 0.0013024763 4.5860106e-05 0.0003123756 0.0003247715 1.7675777e-05 0.00026996058 0.006894799 0.009569009 0.0050036223 0.0005373361 1.677657e-05 0.0072426256 0.00011670263 5.36449e-05 0.0020099808 0.00012428025 0.0011691267 3.5662467e-06 0.002641444 0.0003152889 0.0064682467 1.1535724e-05 7.7616845e-05 0.00078225165 0.0013131326
0.27763975 0.06893265 0.2365449 0.07957571 0.27281228 0.13493635 0.04411811 0.24252553 0.049604636 0.76736355 0.013932707 0.5679808 0.01377453 0.007188829 0.0046874997 0.019830102 8.359149e-21 0.0039877025 0.001648563 0.84077334 0.6194357 0.00072274933 0.7439409 0.00071406097 0.5414631 0.010683036 0.000651812 0.0032244902 0.00040379766 0.0073367013 0.1317283 0.39438245 0.0032321978 0.07269888 0.26376545 0.21117324 0.002187339 0.23626705 0.0001432711 0.007106385 0.00046409835 0.0056200903 0.10228884 0.0066528805 0.00014428314 7.8687255e-05 0.0011760521 0.001368707 0.028809069 0.016782235 7.5173535e-05 0.08635025 0.040985085 0.007256096 0.0002628034 0.024234585 1.2130171e-05 0.15838839 0.14331156 0.013770208 1.6067735e-05 0.0017482012 0.005950194 0.03916211 0.004179597 0.00018721231 8.0700825e-05 2.6743308e-05 0.00044747867 0.27481493 2.6041478e-06 0.043423604 0.00021076949 0.0010974872 0.00042282816 1.2186413e-06 5.4257842e-05 0.0074099153 0.021823606 0.038284823 2.6578055e-06 5.6217817e-05 9.505099e-05 4.040353e-05 0.00021361504 0.00023509223 0.00083878223 0.079966605 0.00020712873 0.0029495496 1.6508537e-05 0.00041224848 4.8380218e-05 1.2991882e-06 0.00019238846 0.00042112768 0.00015281573 0.0010266365 0.0008217988 0.00096994144 0.0006320868
0.4727498 0.3290109 0.06760951 0.08117394 0.16850516 0.04317722 0.082887635 0.020110361 0.43047106 0.0728183 0.48586258 0.014255272 0.46457756 0.47301975 0.675459 0.13292922 0.0039877025 2.6027943e-21 0.5071478 0.002786468 0.01796109 0.54098135 0.0013409352 0.41932943 0.0008348215 0.2675072 0.60860217 0.6919746 0.18664287 0.6519432 0.2999085 0.0007791948 0.23450874 0.0004157588 0.00061793206 0.0005547917 0.18351755 0.00023684031 0.0844305 0.5511624 0.75154877 0.13483891 7.442787e-05 0.10057181 0.029068103 0.3012751 0.04071298 0.10131322 0.38594857 0.0016112046 0.017157622 0.00012368869 3.8349397e-05 0.017283073 0.4533004 0.00013140164 0.012436652 0.17445095 0.0011225832 0.0006489504 0.004315976 0.039709378 0.00035684108 0.00011757767 0.5237811 0.010764982 0.046755448 0.0036064344 0.0065580187 0.007350438 0.0044640354 0.00046902633 8.205302e-05 0.008441938 0.049631767 0.00065606146 0.031583194 1.9447656e-05 6.610181e-05 0.00019597018 0.0014754931 0.0012472433 4.3099175e-05 5.3665728e-05 0.111063406 0.000784543 2.5081143e-05 0.0061088237 0.00030153093 5.8509257e-05 0.061267093 4.12049e-05 0.0026010766 0.0006649262 0.000475905 0.00038249884 0.00011246883 5.686056e-06 3.38877e-05 0.001699661 0.0019971086
0.07563474 0.15736072 0.016620325 0.056097295 0.04357333 0.028435491 0.06713411 0.012108738 0.16174957 0.009661149 0.1816079 0.0026873557 0.48167327 0.57275766 0.5172855 0.13017789 0.001648563 0.5071478 2.9893665e-24 0.001409733 0.0023207518 0.53742164 0.0007662203 0.6234719 0.00046400382 0.27433708 0.3834731 0.36361745 0.44148865 0.28090116 0.056438055 8.855748e-05 0.32628593 7.656874e-05 0.00012621439 0.0001496482 0.2901804 0.00016639911 0.16999522 0.17736699 0.41222623 0.22103931 1.489952e-05 0.1299219 0.096605524 0.22228533 0.11351188 0.20450184 0.09305585 0.0015771971 0.028645337 0.00012779684 1.0537478e-05 0.045902178 0.17412172 0.00017085456 0.012453968 0.035956535 0.00035290816 0.0017466482 0.010301285 0.07459246 0.00027821388 0.00026749622 0.23330797 0.017578049 0.052680645 0.006436133 0.019208295 0.0019370692 0.009163664 0.0001383162 8.184209e-05 0.03286627 0.054551173 0.0010756826 0.027569888 8.5446345e-06 1.8178607e-05 1.7918393e-05 0.0012811411 0.0025135872 4.303342e-05 0.00030279366 0.027711231 0.0029820506 5.2396545e-06 0.00037984486 0.00013496337 5.8544056e-06 0.007239631 1.7337765e-05 0.00026880502 0.00050472666 4.643872e-05 0.00021108429 5.8908125e-05 6.0136125e-07 2.1612781e-05 0.0018778138 0.0019247445
0.32363805 0.035246402 0.16407187 0.038934175 0.21405964 0.08710918 0.032249115 0.131472 0.028800849 0.5965856 0.0077210544 0.48816475 0.010121264 0.0044504544 0.0028098617 0.015672134 0.84077334 0.002786468 0.001409733 1.0571268e-20 0.542982 0.0005725726 0.8225899 0.00053658866 0.56700313 0.0076789153 0.0006688589 0.002754366 0.0002607351 0.004503104 0.1022188 0.35992306 0.0026185622 0.05612742 0.234712 0.22747956 0.0016809908 0.2512304 0.00012130154 0.00441741 0.00040895882 0.0049951193 0.103693046 0.006396756 8.11093e-05 5.366342e-05 0.0008514415 0.0012699775 0.02136815 0.010030631 4.2009702e-05 0.096479915 0.039326664 0.0037758595 0.00014047694 0.018410863 5.327377e-06 0.14423433 0.1812405 0.007491311 5.051513e-06 0.0008924963 0.0038344865 0.035824705 0.0026770013 7.4717034e-05 4.532997e-05 1.7064538e-05 0.00025111382 0.28652233 1.1379153e-06 0.041005608 7.6841374e-05 0.0005690339 0.00028260506 3.927058e-07 2.9656536e-05 0.00718432 0.020717729 0.03481821 1.1112312e-06 3.146135e-05 5.2959927e-05 2.8728478e-05 0.00014980098 0.00010861907 0.0010386006 0.068581186 0.00015667928 0.0041046822 1.1769529e-05 0.0003273949 6.7669054e-05 6.638896e-07 0.00019797392 0.00036293868 0.00010734378 0.0014312285 0.00094642973 0.00042339752 0.0002628277
0.04300838 0.07081092 0.33752978 0.15135752 0.35183907 0.20099188 0.04959233 0.48771346 0.06309818 0.7035735 0.02014461 0.4578353 0.011355051 0.006049412 0.007210303 0.017559685 0.6194357 0.01796109 0.0023207518 0.542982 2.6399301e-23 0.0010843277 0.46086708 0.00084418984 0.6937856 0.006386269 0.0015605796 0.006178561 0.00027873015 0.010084199 0.14702402 0.5725886 0.0018994019 0.13384506 0.35979518 0.33255255 0.0012758087 0.29780415 0.00034936777 0.008043912 0.0019035916 0.003897574 0.10948331 0.0035806985 0.0007322493 0.00059022225 0.00058705895 0.000609839 0.029098792 0.024761414 0.00017266587 0.109783925 0.058386207 0.0040831757 0.0006525048 0.024843214 3.8845767e-05 0.2083807 0.12522121 0.011365504 1.544624e-05 0.00051943376 0.009075122 0.042914018 0.00612175 0.00011289739 0.00019232334 2.4259938e-05 0.00015369397 0.30872825 7.1402897e-06 0.082558006 0.00013156439 0.00074899144 0.0011712951 4.896573e-07 7.5119286e-05 0.007588563 0.029491968 0.040120266 2.9537212e-06 1.3950295e-05 4.3367414e-05 2.250121e-05 0.00025566397 6.845993e-05 0.0013199584 0.033466745 9.2274924e-05 0.006048439 1.726011e-05 0.00047467792 3.7009737e-05 5.746142e-07 4.279433e-05 0.0002816918 8.661469e-05 0.0010723278 0.0010073439 0.00045917396 0.00011440043
0.099103004 0.087493055 0.007399203 0.024653897 0.020376071 0.021322154 0.026878335 0.006269285 0.1044974 0.0024710493 0.1446674 0.0017047232 0.24057752 0.33694953 0.48150605 0.059677046 0.00072274933 0.54098135 0.53742164 0.0005725726 0.0010843277 1.6048203e-21 0.0002460681 0.52650833 0.0003269197 0.19768314 0.5877022 0.3902851 0.32360905 0.28388557 0.04264207 0.00022064157 0.28836566 8.631248e-05 0.0002351234 0.00017392256 0.27109843 0.00010616526 0.27365136 0.18232483 0.6230064 0.1422352 3.267827e-05 0.05379736 0.15852638 0.4698693 0.1370292 0.1761424 0.11920914 0.00034807157 0.07159038 3.1193034e-05 1.2047671e-05 0.0039015738 0.31638506 4.8687834e-05 0.034076825 0.030952102 0.0001236657 0.0001825847 0.016541034 0.09977751 7.64235e-05 5.4071206e-05 0.3158351 0.031756844 0.085663855 0.015491559 0.025393637 0.0018113799 0.013955287 6.0174512e-05 2.221229e-05 0.027193226 0.06714649 0.003031998 0.054711524 5.917612e-06 1.2605735e-05 1.9503337e-05 0.0042079934 0.0033980447 1.5875454e-05 7.753813e-05 0.1128791 0.0029617858 1.5808404e-05 0.00055858155 9.546635e-05 1.6237893e-05 0.05072954 2.0196536e-05 0.0008888481 0.0017455707 4.2703825e-05 9.234941e-05 3.3619235e-05 1.1914348e-06 3.2966716e-05 0.0014619757 0.0012866934
0.29239923 0.008096536 0.08736111 0.0142834 0.13875586 0.030377 0.011281548 0.077273935 0.010769935 0.4091633 0.0030673696 0.54463065 0.004596989 0.002596115 0.0011490829 0.003625931 0.7439409 0.0013409352 0.0007662203 0.8225899 0.46086708 0.0002460681 7.3890614e-21 0.0002771316 0.6872125 0.0013503896 0.0002050857 0.0013717107 4.0177598e-05 0.0017834909 0.061059523 0.2435248 0.0013460037 0.01746934 0.124345385 0.24081686 0.0009793796 0.5016691 2.6585367e-05 0.001741101 8.133796e-05 0.0011715521 0.11492298 0.0007250468 3.294646e-06 3.4848674e-06 7.7406396e-05 0.00029912905 0.006149131 0.0013890105 8.1610443e-07 0.17450063 0.028251199 0.00029094954 4.5543118e-05 0.0075082905 2.8161216e-07 0.10787667 0.52439797 0.0011736874 2.945537e-07 0.00010688971 0.000670576 0.020301983 0.0004527711 5.7061498e-06 9.7102475e-06 1.0040113e-06 8.510637e-05 0.7490326 1.2908498e-07 0.104629554 2.4013985e-05 0.00016308887 7.818287e-05 4.6942255e-08 3.8555618e-06 0.0031168493 0.019362109 0.041377027 3.6119977e-07 7.978211e-06 4.51283e-06 1.3294052e-06 7.124778e-05 1.862838e-05 0.0014463095 0.0944775 3.3908775e-05 0.004591913 5.2611504e-06 0.00025403098 2.328592e-05 6.16201e-08 5.3073134e-05 0.00020738748 1.5301383e-05 0.0015308572 0.000599374 1.3771592e-05 9.524777e-06
0.06232745 0.0591934 0.004306489 0.022743246 0.014038904 0.014927042 0.025692442 0.0053288 0.08108864 0.0020690544 0.11204364 0.000911932 0.31585956 0.38087228 0.36130777 0.07744997 0.00071406097 0.41932943 0.6234719 0.00053658866 0.00084418984 0.52650833 0.0002771316 3.0188767e-23 0.0002693072 0.27720165 0.41108727 0.3065771 0.58150166 0.2352563 0.019596552 6.368327e-05 0.37561464 5.1664094e-05 0.00010575539 0.000116578376 0.34889615 9.863646e-05 0.3265878 0.12969102 0.42866427 0.21186346 1.3825637e-05 0.0975299 0.2411473 0.3051319 0.19235572 0.26683128 0.06796772 0.00084557646 0.0690613 6.1662344e-05 8.237459e-06 0.02709112 0.2070527 0.00019351552 0.027450046 0.01805945 5.858486e-05 0.00080565136 0.024725305 0.1321993 0.00023602767 0.00024455145 0.23036264 0.031862255 0.072562724 0.011116442 0.03804599 0.000993699 0.014578721 2.1676917e-05 3.524842e-05 0.049576283 0.06534943 0.0023317132 0.040492285 3.7624998e-06 8.103217e-06 6.799091e-06 0.0022839115 0.0032894064 1.4815893e-05 0.00016803367 0.04087812 0.005918464 6.5757727e-06 0.00026075103 8.514525e-05 3.838377e-06 0.010615367 1.597644e-05 0.00052488246 0.0012512194 3.341167e-05 0.00016099495 3.89026e-05 6.876399e-07 2.6665786e-05 0.0017895179 0.0014899521
0.08098185 0.005240449 0.05080601 0.01491351 0.0768927 0.030733375 0.0137637425 0.07807096 0.005749539 0.26447427 0.0022914908 0.20564477 0.0021563096 0.0006770453 0.0006786523 0.0035075922 0.5414631 0.0008348215 0.00046400382 0.56700313 0.6937856 0.0003269197 0.6872125 0.0002693072 4.6306116e-21 0.0006450736 0.0004476168 0.00063905487 5.1029714e-05 0.0010812675 0.02737969 0.62602496 0.0006509355 0.048676662 0.3453427 0.62136537 0.00051037193 0.6685806 6.634832e-05 0.00076057884 0.00016750903 0.0010934686 0.42599034 0.0009329442 1.778438e-05 2.9324698e-05 0.00013886894 0.00027960606 0.0032691597 0.0060982476 7.82787e-06 0.15748692 0.13551949 0.00052876334 8.694092e-05 0.012263636 1.7702083e-06 0.041555386 0.23529343 0.0039690305 7.146649e-07 5.0363295e-05 0.0020886518 0.032432064 0.00045094595 1.2182701e-05 1.3005711e-05 2.2647312e-06 2.995751e-05 0.43944842 2.3690069e-07 0.09418948 3.7708243e-05 7.170626e-05 8.3056584e-05 7.158849e-08 5.732434e-06 0.007891824 0.03737317 0.06301782 4.5605574e-07 2.992617e-06 1.012539e-05 1.1968425e-05 9.1162234e-05 1.6782842e-05 0.0042496063 0.027112614 5.254203e-05 0.007780554 2.9067774e-06 0.0004959878 1.705751e-05 1.7896328e-07 3.7444785e-05 0.00031079652 5.785878e-05 0.0033663637 0.0010356136 4.0186642e-05 1.9319754e-05
0.015248447 0.34929594 0.1144492 0.16448775 0.11080987 0.053024624 0.22096701 0.04128903 0.12643155 0.059192564 0.14804807 0.03007879 0.5564582 0.3225323 0.23519841 0.4898686 0.010683036 0.2675072 0.27433708 0.0076789153 0.006386269 0.19768314 0.0013503896 0.27720165 0.0006450736 3.832707e-21 0.14796703 0.1799197 0.34520635 0.10507789 0.029446434 0.00076773076 0.52989686 0.0004204928 0.00028909062 0.00016432005 0.4378536 0.00028108698 0.077117965 0.0706333 0.08431461 0.49261907 1.8897967e-05 0.37948585 0.031719875 0.044905446 0.19786227 0.37873864 0.044494197 0.009756596 0.010531171 0.0006486028 4.904359e-05 0.19599152 0.029230176 0.0011080746 0.0047705234 0.017951056 0.00071178743 0.014462771 0.005926293 0.085455246 0.0015001235 0.0008030839 0.055026006 0.013256713 0.014565359 0.0033517561 0.018577946 0.0030068497 0.0030441524 0.0008281073 0.014945702 0.059867494 0.030638065 0.0001890405 0.008756931 2.1472135e-05 0.00014752692 0.00019894712 0.00036704115 0.0026677574 0.0010381578 0.008399798 0.013806995 0.007933762 7.5179596e-06 0.004779481 0.00017092856 4.4391192e-05 0.007655425 2.6507012e-05 0.0016525022 8.62901e-05 0.00031927598 0.0002931328 0.0027131743 4.861112e-06 2.8368668e-05 0.0028448792 0.0022215238
0.2855651 0.06281347 0.006869904 0.010580276 0.015799996 0.013333046 0.01575926 0.00340124 0.123468265 0.0038382127 0.14046687 0.0015380952 0.16879952 0.25338924 0.36895496 0.030013364 0.000651812 0.60860217 0.3834731 0.0006688589 0.0015605796 0.5877022 0.0002050857 0.41108727 0.0004476168 0.14796703 3.1425323e-19 0.4826776 0.257657 0.33841932 0.04742307 0.00029500897 0.21993606 0.00015140108 0.00034295136 0.00026825903 0.194739 0.000143097 0.25584733 0.21687219 0.7992696 0.10281792 4.1512394e-05 0.020025901 0.16930741 0.73716927 0.13621117 0.14057398 0.14446098 0.00036058697 0.09934756 3.693062e-05 2.8754492e-05 0.0014156325 0.5539093 0.000104891966 0.06865325 0.032379273 0.00017678548 0.00011346005 0.026508894 0.109030984 8.179963e-05 6.0465532e-05 0.44297466 0.049884878 0.18414384 0.026112337 0.028908383 0.0023992206 0.021913258 8.970329e-05 3.441255e-05 0.022089943 0.111503474 0.0061068693 0.1333988 9.306558e-06 2.8743856e-05 5.406239e-05 0.011870899 0.0068362392 2.4164918e-05 6.5113505e-05 0.23337357 0.0029064796 2.0463176e-05 0.0012582861 8.2075094e-05 2.499528e-05 0.15844113 2.908609e-05 0.0011739689 0.005489179 6.7984976e-05 0.00010877238 5.7103178e-05 3.4691436e-06 6.9062036e-05 0.0010178266 0.000662488
0.83138865 0.15265879 0.051971827 0.03039378 0.12318702 0.021403037 0.01702323 0.011072406 0.35883918 0.05915614 0.36654305 0.024989104 0.24278383 0.28660065 0.38229042 0.057585098 0.0032244902 0.6919746 0.36361745 0.002754366 0.006178561 0.3902851 0.0013717107 0.3065771 0.00063905487 0.1799197 0.4826776 3.4006477e-20 0.1380308 0.82586265 0.23837698 0.00058361754 0.14069457 7.9945756e-05 0.0003775303 0.00027771946 0.11040555 0.00067559053 0.11010474 0.56409967 0.7192019 0.08707486 5.3284264e-05 0.046856217 0.036494836 0.25663847 0.04493474 0.060663775 0.43757874 0.00069444237 0.017251736 7.510503e-05 5.8974732e-05 0.0036706657 0.46853992 0.00015331422 0.012084202 0.15883765 0.00041775542 0.0008747211 0.007650419 0.021366077 0.00015776664 0.00014318356 0.66273695 0.0066337376 0.06585717 0.0049147066 0.0049499245 0.0024057687 0.007230479 5.518875e-05 0.00010908216 0.0034325616 0.06269002 0.0011851399 0.035562858 3.8044902e-05 0.000116647665 8.524356e-05 0.0016414353 0.00073862466 2.872125e-05 0.00035118582 0.17222697 0.00014785046 1.540609e-05 0.009039641 0.00038437033 2.8174085e-05 0.21559374 5.2264517e-05 0.013583763 0.002054268 0.00026759112 0.0006491786 0.00021985179 1.0783182e-05 0.00015060372 0.0013574731 0.00079413695
0.021105126 0.04022425 0.00187362 0.011441157 0.004817477 0.004619534 0.009442647 0.0013463716 0.027323965 0.00045466048 0.057928212 0.0003190492 0.25087374 0.23162389 0.18310645 0.055920023 0.00040379766 0.18664287 0.44148865 0.0002607351 0.00027873015 0.32360905 4.0177598e-05 0.58150166 5.1029714e-05 0.34520635 0.257657 0.1380308 4.7445404e-24 0.105179526 0.004612064 4.6523874e-05 0.49716038 2.2274211e-05 7.6901786e-05 4.727721e-05 0.48247546 2.544387e-05 0.4320539 0.037249606 0.21741934 0.23253211 3.4704276e-06 0.094680235 0.2543903 0.23238964 0.36089492 0.38180918 0.025983522 0.00023473491 0.067429006 1.37787265e-05 3.1510854e-06 0.020438204 0.10547952 6.4445565e-05 0.027213288 0.0048745004 1.0850564e-05 0.00016211845 0.022417715 0.22807609 0.00014221799 5.351715e-05 0.09978463 0.049894582 0.053866856 0.017258976 0.068167984 0.00021469525 0.013974165 4.296893e-06 2.3739034e-05 0.07266191 0.05059086 0.003888389 0.028675715 7.124478e-07 4.0543046e-06 1.0431547e-06 0.003754614 0.0054581976 6.188393e-06 0.00030774798 0.023056269 0.011344681 3.1631132e-06 7.347179e-05 4.3722393e-05 8.8662523e-07 0.0071064928 4.556056e-06 0.0003429422 0.0017215511 2.1468593e-05 9.666023e-05 3.4204295e-05 1.178381e-06 1.7228946e-05 0.001778053 0.0012080647
0.89438283 0.16223687 0.064082764 0.03564934 0.16898374 0.020953618 0.026866062 0.014029119 0.4045633 0.09999043 0.43094194 0.041324418 0.23098344 0.24901924 0.32793558 0.059535872 0.0073367013 0.6519432 0.28090116 0.004503104 0.010084199 0.28388557 0.0017834909 0.2352563 0.0010812675 0.10507789 0.33841932 0.82586265 0.105179526 1.9430646e-19 0.32631975 0.0011725558 0.08396884 7.742006e-05 0.0005059997 0.00016236369 0.0741038 0.0007308592 0.05749228 0.7561747 0.57633555 0.0661542 3.5222947e-05 0.033386443 0.01991074 0.11020922 0.026720837 0.04368874 0.5158266 0.0012911127 0.008330416 0.00016177312 9.345581e-05 0.0033128555 0.3656923 0.00027733942 0.006099728 0.23002079 0.00077983935 0.0013151316 0.004600813 0.017214715 0.0002691477 0.00022430818 0.61629665 0.006921508 0.039026204 0.0048016133 0.004822 0.0033247927 0.0042160936 0.00020369046 0.00010274279 0.0032943492 0.04280693 0.0007121585 0.020720426 6.6142995e-05 0.00031059916 0.0004657273 0.0013574264 0.0006965204 2.9294262e-05 0.00020103174 0.1327171 0.00021480973 2.3926183e-05 0.019081106 0.0005592206 0.00012506831 0.1646151 0.00012579418 0.011172767 0.0008613335 0.00048597055 0.0006417158 0.00021297207 2.646039e-05 0.00023895933 0.0010291376 0.0013518932
0.95370644 0.2554613 0.2236341 0.096438214 0.69926184 0.06729817 0.029940419 0.074609324 0.5874858 0.38048562 0.32723293 0.47842228 0.092589445 0.11168646 0.13641194 0.04111313 0.1317283 0.2999085 0.056438055 0.1022188 0.14702402 0.04264207 0.061059523 0.019596552 0.02737969 0.029446434 0.04742307 0.23837698 0.004612064 0.32631975 1.2926977e-18 0.016395157 0.0097945435 0.00221665 0.008085177 0.0060309693 0.007832762 0.0140330065 0.0027473771 0.56943816 0.03250506 0.005966534 0.0023633814 0.002985414 0.0007696665 0.0064043095 0.0014223778 0.0017888679 0.7500251 0.00087024586 0.00027237178 0.014047019 0.0010075192 0.00041619068 0.018093944 0.00069890014 0.0001260835 0.8209835 0.055146467 0.0030103873 2.354648e-05 0.00044332282 0.00027263636 0.00051683385 0.46312466 5.7470308e-05 0.0037448679 7.905767e-06 0.000225861 0.20174329 2.5809824e-05 0.008232897 0.0002686382 9.61045e-05 0.008043567 6.9165645e-07 0.0017393003 6.623686e-05 0.0031847332 0.005962486 6.928954e-06 5.1540716e-05 2.4450468e-05 8.678134e-06 0.029975452 9.291021e-06 4.63512e-05 0.6115435 6.908851e-05 0.00037430142 0.082343 4.6603895e-05 0.04743018 2.3310083e-06 0.00021180195 0.00015572544 0.00013051627 0.00014497638 0.00016241928 1.5460077e-05 8.567784e-06
0.015890187 0.009556319 0.063225046 0.026378807 0.06804217 0.07310695 0.011288533 0.22911018 0.011261549 0.25008988 0.0022803084 0.15399122 0.0005703558 0.00034273852 0.00034086793 0.0013691117 0.39438245 0.0007791948 8.855748e-05 0.35992306 0.5725886 0.00022064157 0.2435248 6.368327e-05 0.62602496 0.00076773076 0.00029500897 0.00058361754 4.6523874e-05 0.0011725558 0.016395157 1.7999936e-24 0.00041556562 0.30740362 0.75878304 0.60425633 0.00029243837 0.5115469 3.7875838e-05 0.0005294627 0.0002537661 0.0003193637 0.3788658 0.00013482803 3.3696946e-05 3.6748137e-05 0.00011090555 6.55729e-05 0.0016639269 0.013068742 8.124635e-06 0.19036175 0.34254616 0.00022647747 9.371776e-05 0.038393624 1.0874415e-06 0.016133917 0.13516003 0.0027395568 1.0244593e-06 1.1183035e-05 0.005250159 0.12840064 0.00013142433 6.4146357e-06 4.095864e-06 1.0156632e-06 4.9438097e-07 0.2535696 6.785416e-08 0.120192215 6.567663e-06 6.9513912e-06 1.0473978e-05 1.6698904e-08 1.9090583e-06 0.01911966 0.044379942 0.050461236 6.337636e-08 3.3362727e-07 1.4541241e-06 1.2591695e-06 4.1789728e-05 2.1697514e-07 0.0018299978 0.0045126085 7.875869e-06 0.009552992 3.1443201e-07 0.001400571 2.565765e-06 2.6062047e-08 4.6246973e-06 0.00015247334 2.738193e-06 0.002057044 0.001762573 5.592651e-06 4.037012e-06
