2.0188573e-19 0.955176 0.9592239 0.9557003 0.84320915 0.95463866 0.75729525 0.720707 0.9827244 0.9889753 0.6634579 0.6676411 0.92528427 0.8821295 0.9745755 0.7934657 0.4820812 0.2433539 0.9624609 0.9288574 0.9686485 0.87435836 0.9658927 0.93756187 0.9941748 0.9474033 0.781574 0.85650826 0.31636247 0.88202715 0.9833461 0.88337934 0.48929814 0.8424239 0.7640729 0.87316704 0.316438 0.054004647 0.96014154 0.04171934 0.88833314 0.9075339 0.26077047 0.08361001 0.030936874 0.0035150868 0.0021345988 0.9725732 0.0016483933 0.6644548 0.99633014 0.02118463 0.00012253027 0.9415868 0.7720682 0.9035336 0.94372797 0.8007394 0.17401104 0.97619396 0.9826253 0.3658159 0.55661243 0.052686457 0.19152497 0.9890901 0.9534635 0.6576199 0.67134666 0.96698505 0.6434262 0.2389188 0.90441334 0.8142174 0.918081 0.37807286 0.98882425 0.025081133 0.77883667 0.9998658 0.5858128 0.64057016 0.109087564 0.0076403054 0.0026789869 0.99985296 0.99828 0.0049607535 0.7541574 0.3611814 0.957841 0.0042559537 0.043017603 0.0019388064 0.97727925 0.021391127 0.043168265 0.86800015 3.5233563e-05 0.00026188843 0.78469956
0.955176 1.5800283e-16 0.937367 0.467181 0.9482746 0.0029890947 0.04491037 0.06243587 0.19934799 0.10127574 0.86389494 0.7470581 0.0011014432 0.0006872374 0.8645248 0.5859962 0.32848597 0.11727148 1.5576861e-05 1.648195e-05 3.8301096e-06 0.35412848 0.8342543 2.8532244e-07 2.361963e-06 0.3748684 0.13233016 2.892576e-07 0.17791916 3.1582694e-08 3.360362e-09 1.1369705e-06 0.120277576 0.00040242003 0.00016689305 8.102849e-09 0.03875317 0.07810463 0.023399154 0.00012813389 0.00033086102 7.011887e-06 1.0023749e-05 0.00013530592 0.14002813 0.025852183 0.001751018 0.050463255 0.00049168494 0.011627693 5.7226e-05 6.5848886e-05 0.00063851516 2.8803344e-09 1.6052777e-08 0.1658085 3.4456522e-09 1.0970245e-08 5.2899813e-05 0.004287376 2.8848977e-09 7.936613e-09 3.3945835e-08 6.597447e-05 2.0525513e-06 0.0026221308 8.232092e-07 3.214704e-09 1.9957895e-08 6.3172047e-06 1.0204001e-08 9.953776e-09 4.0603347e-09 2.1974371e-09 6.177685e-08 6.992668e-08 0.0016873004 8.3545615e-09 1.8550244e-06 2.4657586e-05 5.6312118e-08 4.6038345e-08 2.3984867e-07 4.882973e-06 1.4380646e-08 0.0024553987 6.984533e-07 1.2184188e-07 1.290136e-07 1.8082626e-07 4.3869535e-09 1.9136828e-06 3.4722016e-06 8.785969e-07 5.8694076e-09 6.4291726e-07 2.8066664e-08 4.4969976e-08 9.860363e-07 4.8999805e-08 3.530071e-08
0.9592239 0.937367 1.8253719e-15 0.92180276 0.46861592 0.057600763 0.30354217 0.3547557 0.7182022 0.005550778 0.63528824 0.75288695 0.016788216 0.009264992 0.9085301 0.6547985 0.07397772 0.008702235 0.0007633907 0.0006001147 0.00010162786 0.5239821 0.79394716 7.235234e-06 5.2069692e-05 0.38621715 0.08070372 4.499757e-06 0.22338119 1.0454024e-06 2.6758011e-08 2.5427811e-05 0.09277345 0.004549023 0.0011939197 4.375048e-08 0.10521317 0.075002044 0.04346197 0.0008521808 0.0026084704 2.5992933e-05 0.000113875445 0.0005590215 0.053506747 0.020411529 0.004855316 0.037897937 0.0018794469 0.0104897395 0.00035866586 0.00029344184 0.00091619906 2.616939e-08 1.278401e-06 0.0060646646 4.486289e-08 8.118183e-08 0.00023783052 0.004557921 1.6028364e-08 7.177224e-08 3.3551845e-07 0.00022671149 1.4849531e-05 0.004665509 9.478943e-06 2.0001607e-08 4.63261e-07 0.00010050766 6.892823e-08 2.9438304e-08 5.1214023e-08 1.2028045e-08 6.9783744e-07 3.8292492e-07 0.0022686138 6.988721e-08 1.5562087e-05 0.00017251955 1.5896178e-07 4.900586e-07 7.820095e-06 8.739281e-05 5.8255786e-08 0.0028625978 1.8489513e-05 9.395375e-07 6.387346e-07 1.8230004e-06 1.2257846e-07 4.513026e-05 2.8268241e-06 1.1852929e-05 1.710577e-08 4.9178925e-06 4.933867e-07 1.7771188e-07 3.411575e-05 5.705396e-07 1.3009097e-07
0.9557003 0.467181 0.92180276 1.4268106e-16 0.10538862 0.54876167 0.84571785 0.8317287 0.95818955 0.00028524833 0.48946524 0.75517166 0.1854545 0.47937834 0.4603642 0.75546724 0.0051810835 0.00042041406 0.01572122 0.072316304 0.004170688 0.7123643 0.6419645 0.00018079033 0.002507188 0.14662229 0.019875774 4.18767e-05 0.25837255 1.1042318e-05 7.8965246e-07 0.0030832891 0.029239593 0.008653964 0.0037225527 3.1008523e-07 0.37223634 0.059030857 0.03649634 0.017075544 0.0057294313 0.0001750047 0.007871928 0.023893636 0.0067875986 0.0136918025 0.005241501 0.019719126 0.0028355347 0.0038896222 0.0021853684 0.0033887972 0.00060519273 4.5224138e-07 6.0894625e-05 0.00017779741 1.7575398e-06 1.5351495e-06 0.0046271067 0.0020966984 2.7692565e-07 1.0794422e-06 2.5118952e-06 0.00091894105 0.000559115 0.004857838 2.332873e-05 1.1858841e-07 4.7775484e-06 0.00019560925 2.3499527e-07 1.3421831e-07 4.7617937e-07 8.633096e-08 6.663338e-06 2.4018668e-06 0.00164025 3.8222133e-08 9.980744e-05 0.0005058689 2.7420945e-06 8.702689e-06 8.014332e-05 8.635455e-05 2.7063669e-08 0.002298705 9.631067e-05 7.4091895e-07 2.325801e-06 8.600465e-06 6.166287e-07 0.00010866403 1.2238899e-05 2.5488045e-05 9.993272e-08 4.897734e-06 2.0867371e-07 3.860269e-07 1.6948397e-05 3.807869e-07 1.1556326e-07
0.84320915 0.9482746 0.46861592 0.10538862 8.787139e-17 0.0003952925 0.000548926 0.0008441656 0.010017515 0.83236355 0.97113985 0.06473915 0.00027635827 3.3664088e-05 0.2622114 0.0075025824 0.8988346 0.7064922 3.2308555e-05 2.2223999e-06 2.756334e-06 0.009535489 0.45502752 4.4729836e-07 2.396314e-06 0.035168458 0.09074264 4.7316223e-07 0.023735544 7.400676e-08 1.2816858e-08 1.2904485e-07 0.026702126 5.1690364e-05 2.4659821e-05 5.5576788e-09 0.00038203516 0.018170055 0.0010970832 1.4830191e-06 2.9085784e-05 1.8028463e-06 1.4025912e-06 4.3511395e-06 0.22017701 0.010099184 0.0004963193 0.020247083 0.00012593473 0.0072800857 7.622976e-06 2.0205996e-05 0.0001961942 7.3719324e-09 1.1465665e-08 0.096647985 2.0157751e-08 3.9508386e-08 2.9889434e-06 0.0022900957 8.539889e-09 2.272444e-08 6.35794e-08 8.09442e-06 1.2707044e-06 0.0010883957 2.4816896e-07 9.988198e-09 7.880079e-09 3.8879475e-06 9.770067e-08 7.504352e-09 9.708945e-09 1.2576177e-08 4.542636e-08 3.9299074e-08 0.0016709238 5.699631e-09 5.570345e-07 1.5188925e-05 1.6952825e-07 7.431484e-08 4.432872e-08 3.3667553e-07 2.6963557e-08 0.003225348 1.6447964e-06 2.1505793e-08 6.029307e-07 1.2835936e-07 3.326635e-08 3.5684565e-07 8.841634e-08 1.0504308e-07 6.6956275e-08 4.780627e-07 8.667228e-09 3.3836656e-08 4.7034766e-07 7.667663e-08 7.935346e-08
0.95463866 0.0029890947 0.057600763 0.54876167 0.0003952925 4.7431304e-16 0.6141964 0.5522605 0.8720901 1.49905945e-05 0.011211778 0.08920821 0.97974443 0.87926054 0.008325636 0.069338046 5.6172747e-05 3.7368957e-06 0.78355616 0.7569691 0.7565553 0.15301213 0.011476892 0.1650895 0.1265922 0.0072940993 0.0018015995 0.004766465 0.006138187 0.010751987 0.0063428883 0.21240668 0.0016603619 0.0996302 0.05171051 0.0003203847 0.19427085 0.00029933965 0.013041948 0.010884934 0.03800362 0.011068784 0.14371225 0.07733472 6.394175e-06 8.203463e-05 0.00013236454 0.0045697046 9.250445e-05 0.0014394602 0.01569074 0.0006689766 1.0070595e-05 1.1202858e-05 0.021861762 1.4242516e-07 0.00017090817 3.3197754e-05 0.12823874 0.001281402 5.0293534e-06 9.794724e-06 1.6932696e-05 0.009711966 0.014278626 0.006504453 0.0002252529 1.7247562e-06 0.0003914708 0.001175732 7.7019575e-07 1.2315302e-06 4.6953132e-06 2.9096825e-07 2.8738867e-05 5.8878864e-05 0.0021500608 4.6246072e-07 0.00041133582 0.0025280379 1.4135604e-05 9.392615e-05 0.0059461407 0.00046471815 5.6819637e-08 0.003526236 0.001300052 1.0041182e-05 7.26667e-06 0.0017859531 1.6238344e-05 0.0005525798 2.1727645e-05 0.00029755113 1.2131103e-06 4.3546785e-05 1.0693176e-07 7.9083867e-07 1.2020149e-05 4.375468e-07 1.1320815e-07
0.75729525 0.04491037 0.30354217 0.84571785 0.000548926 0.6141964 2.141454e-17 0.99579936 0.35702595 7.348979e-05 0.026809864 0.18129694 0.14703503 0.92304194 0.009521512 0.44853947 0.00012590231 1.8131548e-05 0.016672038 0.19068515 0.015095956 0.4634697 0.09966553 0.00015744349 0.0022304037 0.004802424 0.0007326754 1.2249771e-05 0.076286525 5.322822e-06 2.093676e-07 0.001607435 0.0010598232 0.0010855425 0.00037890216 1.062051e-07 0.45764056 0.01552044 0.0028517789 0.021746108 0.00092176645 3.9889044e-05 0.016990516 0.047496464 2.3515377e-05 0.0012683212 0.0018945326 0.00083226745 0.0017578737 0.0005412905 0.00023900994 0.0029780832 0.00010682287 5.7393102e-08 4.6553963e-05 9.6157166e-08 6.6336455e-08 1.615772e-07 0.029967878 0.0005129779 1.9732491e-08 8.070986e-08 3.8398835e-07 0.0009903616 0.00032113475 0.0013691013 9.2214e-06 4.482062e-09 4.7548232e-07 0.00013234069 2.5758231e-07 2.202784e-08 5.9953656e-08 9.5839425e-09 3.3360627e-07 1.2753743e-07 0.0005229468 8.888585e-09 6.4666424e-06 0.00015041097 5.1379278e-08 6.824812e-07 0.0014353943 0.0015741227 7.119778e-09 0.0009056493 9.702981e-06 9.308125e-07 2.4465257e-07 4.5472143e-06 1.5201967e-07 7.4838266e-05 9.818699e-07 4.386889e-06 5.4975527e-07 1.2152665e-06 1.1394746e-08 4.0097135e-07 1.1924231e-05 1.3131925e-07 1.63301e-08
0.720707 0.06243587 0.3547557 0.8317287 0.0008441656 0.5522605 0.99579936 9.615984e-17 0.23738702 6.894537e-05 0.05048119 0.29363456 0.10153353 0.9356273 0.01291956 0.60776156 0.00014648151 2.5876614e-05 0.013682601 0.15562077 0.014784885 0.6487964 0.14127907 8.4111874e-05 0.0012482607 0.0049706157 0.0005712902 1.2706227e-05 0.12583272 6.55763e-06 3.3806833e-07 0.0021974929 0.0009782286 0.00082773773 0.00029022788 1.2656496e-07 0.6333869 0.024703974 0.002448015 0.07047584 0.0005381258 3.4632183e-05 0.012934137 0.09527533 5.6028133e-05 0.0035609913 0.006000858 0.0010949719 0.006494572 0.00034720032 0.00019492525 0.011834807 0.00024119875 7.028785e-08 9.450615e-05 4.8017704e-08 1.00330155e-07 1.5305382e-07 0.024431234 0.0006320887 2.6488223e-08 9.152518e-08 6.4196695e-07 0.0014225895 0.0006160495 0.0010464608 6.143199e-06 8.789908e-09 6.118049e-07 8.664914e-05 3.1909804e-07 1.6635482e-08 8.879626e-08 1.1519787e-08 6.739277e-07 1.2927087e-07 0.00030157837 1.4193466e-08 7.139799e-06 0.00015474333 2.0313846e-07 7.428703e-07 0.0010021097 0.0013127081 6.551432e-09 0.0006425976 2.6354392e-05 4.362909e-07 5.4565135e-07 8.689802e-06 1.0246327e-07 2.58294e-05 5.33809e-07 4.632012e-06 7.1175646e-07 2.2543018e-06 1.7502938e-08 4.9770324e-07 1.8041053e-06 1.3567889e-07 2.1073228e-08
0.9827244 0.19934799 0.7182022 0.95818955 0.010017515 0.8720901 0.35702595 0.23738702 1.5536132e-13 0.00057330064 0.025611017 0.12210519 0.874496 0.33027115 0.6576825 0.07752551 0.0013971452 0.0002878609 0.36405888 0.15895091 0.061867166 0.08673807 0.037034348 0.0034582447 0.038783696 0.50131184 0.05785809 0.00027655895 0.0043818806 0.00026291094 5.697317e-05 0.01029281 0.04555405 0.3358568 0.06480658 1.0858482e-05 0.035271272 0.0012583593 0.26209992 0.0006496254 0.114221394 0.013960226 0.003265497 0.0024611624 0.0001592046 0.0005897659 0.0002923692 0.061481055 0.00022738359 0.013041562 0.014916661 0.00014756745 0.00013737378 3.9287984e-06 0.00030077586 3.6551886e-05 5.6581657e-06 3.3903002e-06 0.0036173689 0.0074870214 1.7951089e-06 3.4308594e-06 6.905917e-06 0.0005703316 0.000391563 0.049141034 0.0002825428 6.215308e-07 1.4578955e-06 0.003500154 4.2407598e-07 1.090859e-06 1.5444655e-06 3.8076735e-07 1.2077708e-05 8.995023e-06 0.015453047 7.147051e-07 0.0002689558 0.002750186 5.946157e-06 0.000115572024 0.00055783015 0.00028756127 6.280672e-07 0.019493869 0.0014732848 1.2979169e-05 7.0294686e-06 9.411899e-06 2.337893e-05 0.0006412102 1.01251e-05 0.0004710134 7.877153e-08 4.106086e-05 6.6486973e-07 6.289957e-07 0.00023033154 2.2842598e-06 2.855714e-08
0.9889753 0.10127574 0.005550778 0.00028524833 0.83236355 1.49905945e-05 7.348979e-05 6.894537e-05 0.00057330064 1.0641864e-14 0.118164465 0.0077087195 3.4159704e-05 2.6945809e-05 0.35614637 0.00063705625 0.9222769 0.91641897 1.2336526e-05 6.20171e-06 1.2852816e-05 0.0007891286 0.0694718 1.1908112e-06 1.1826597e-05 0.194543 0.8853126 5.1917164e-07 0.00025747292 3.1394883e-08 1.17740534e-07 1.7820533e-06 0.25426948 6.0695933e-05 6.255076e-05 1.9684975e-08 0.000110815905 0.0017925678 0.0072654854 1.3619192e-06 0.00019459928 1.7005792e-05 1.0466749e-05 5.1203264e-05 0.072068594 0.00657673 7.289043e-05 0.46225217 2.8217767e-06 0.7066934 1.5383526e-05 3.2195137e-06 6.2051354e-06 5.5647565e-08 3.8421877e-07 0.6986456 1.8267987e-07 1.304597e-07 2.6015935e-06 0.18820336 3.2826853e-07 1.3046629e-07 2.2831696e-07 4.0021536e-05 2.768716e-06 0.0043452308 1.0015102e-05 1.4900371e-07 1.8363208e-06 6.502616e-06 7.865229e-07 8.7723305e-07 5.2808065e-09 3.3076418e-08 1.3422143e-08 3.7748973e-07 0.0517047 2.432876e-08 1.363796e-06 3.7855648e-07 5.845476e-09 5.8141005e-08 1.1940147e-06 1.4938874e-05 2.8513542e-08 0.030397031 8.537026e-08 3.0348108e-08 4.75593e-09 5.6860454e-06 9.709792e-10 6.8902073e-06 2.2036986e-06 7.393174e-07 1.146986e-09 5.373432e-06 1.6386313e-09 3.839924e-09 1.250519e-07 4.7141282e-07 2.6023886e-07
0.6634579 0.86389494 0.63528824 0.48946524 0.97113985 0.011211778 0.026809864 0.05048119 0.025611017 0.118164465 1.030838e-16 0.9564744 0.0016453582 0.00072711206 0.10327184 0.5408951 0.80698305 0.23924878 0.00032473338 3.206783e-05 4.140398e-05 0.13610426 0.9210155 5.3481767e-06 6.20579e-05 0.016200911 0.012978162 6.312772e-06 0.1724582 1.243579e-06 4.444969e-07 5.8121773e-06 0.006487562 0.00014585687 0.00012941984 1.8018433e-07 0.01061274 0.24805194 0.0010041819 4.057285e-05 0.00030564415 6.4298442e-06 6.850983e-05 0.0006257404 0.67657197 0.21031487 0.03888084 0.0045975414 0.008500972 0.0013106073 7.3927025e-05 0.00042843624 0.02930181 4.0778556e-07 3.9199602e-07 0.0070899795 4.4577428e-07 1.2555649e-06 0.00017429033 0.00095911993 3.9098384e-07 5.5398624e-07 1.6841309e-06 0.00019064968 1.7461134e-05 0.0006362014 2.4053143e-06 4.021432e-07 3.9169745e-07 1.692309e-05 2.0962207e-06 1.3918873e-06 8.575635e-07 4.6943708e-07 5.1103206e-07 3.3623758e-07 0.00045081886 2.1165029e-08 4.0073683e-06 8.441596e-05 1.1270401e-07 1.7866981e-07 4.880638e-07 2.7786143e-06 1.2815912e-07 0.0009827693 2.3386056e-06 8.307262e-08 3.2170794e-06 1.8485581e-07 4.7976325e-08 1.5143905e-06 6.5199974e-06 2.888226e-07 1.2277437e-06 1.4446764e-06 3.8727325e-07 1.9067821e-06 7.8426984e-07 7.9455695e-08 1.0778848e-06
0.6676411 0.7470581 0.75288695 0.75517166 0.06473915 0.08920821 0.18129694 0.29363456 0.12210519 0.0077087195 0.9564744 2.827825e-17 0.0048807985 0.0052285483 0.05403089 0.98622006 0.02149034 0.0016233783 0.000212409 0.00015067052 3.634593e-05 0.35949108 0.78856826 1.0619431e-06 3.786197e-05 0.009596685 0.002112728 1.6796173e-06 0.124504276 4.4519902e-07 2.9704129e-08 4.5580514e-06 0.0021541894 4.0645697e-05 2.43297e-05 3.242602e-08 0.021017358 0.0667424 0.0011604412 0.0003304196 7.147522e-05 5.614872e-06 5.957529e-05 0.00026532268 0.02023862 0.010282592 0.009150316 0.002157201 0.0012340657 0.0009934818 2.6041045e-05 0.0006264599 0.0013322744 6.8167694e-08 9.111082e-08 1.8154058e-05 3.6559637e-08 1.0632225e-07 0.00012453343 0.0006403745 6.3078005e-08 1.7509885e-08 2.0257549e-07 8.093853e-05 2.2315802e-05 0.0008513603 1.2317628e-06 7.939808e-09 3.0271005e-07 1.1115073e-05 2.7268482e-07 4.162321e-08 5.7634217e-08 5.6767632e-08 6.726168e-08 5.6344533e-09 0.00056631863 2.828381e-09 2.4268302e-06 5.8283433e-05 9.813503e-09 4.942661e-08 9.949514e-07 8.448575e-06 3.9077825e-08 0.00066688814 1.5198264e-06 8.101308e-08 5.4736347e-07 1.3055667e-07 1.3294249e-07 3.2323842e-05 2.7970602e-06 1.2101073e-06 9.163353e-07 1.1540197e-06 3.1573297e-08 9.962305e-07 2.0293282e-05 2.7864945e-07 3.3738118e-08
0.92528427 0.0011014432 0.016788216 0.1854545 0.00027635827 0.97974443 0.14703503 0.10153353 0.874496 3.4159704e-05 0.0016453582 0.0048807985 3.0566648e-16 0.48341933 0.007959901 0.004775904 9.850204e-05 1.0080626e-05 0.97219795 0.5067144 0.6328579 0.013376687 0.0015330948 0.2475021 0.25984278 0.006140868 0.0018545185 0.008913846 0.00016451463 0.014908541 0.030829713 0.12341767 0.0022401724 0.47661632 0.16639026 0.0020406274 0.022206075 9.8744036e-05 0.022355068 0.00040104004 0.1515016 0.056125615 0.028139237 0.006234703 6.9063913e-06 4.834206e-06 3.16735e-05 0.008177453 9.724638e-06 0.0034139808 0.03154872 3.159006e-05 1.7039292e-06 7.074087e-05 0.0049911644 4.286127e-07 0.00039485958 0.00012180406 0.024793923 0.0030557986 6.575024e-05 4.6760557e-05 4.809294e-05 0.0016131379 0.0038102528 0.0183128 0.002274683 2.85235e-06 0.00029476066 0.009231503 3.904963e-06 2.196839e-06 5.9069294e-05 1.6211133e-06 0.00017565026 7.686102e-05 0.0069334987 2.5026725e-06 0.0015918739 0.008604062 5.4510736e-05 0.0004044399 0.004199218 0.00026003658 1.5055137e-07 0.008585878 0.0039137523 1.34646525e-05 1.3433165e-05 0.0021124983 0.00010585307 0.0009571413 1.3603752e-05 0.000412557 1.0561293e-05 0.00010639228 2.1039965e-07 5.481713e-06 0.00019475969 2.7149818e-07 3.5345447e-08
0.8821295 0.0006872374 0.009264992 0.47937834 3.3664088e-05 0.87926054 0.92304194 0.9356273 0.33027115 2.6945809e-05 0.00072711206 0.0052285483 0.48341933 1.1215233e-17 0.0016490819 0.020718124 5.161039e-06 1.3553216e-06 0.28500065 0.9603833 0.69286644 0.236195 0.010192916 0.009796991 0.033323325 0.0011637931 0.00027419173 0.00060347264 0.009614732 0.00082617934 0.00016912207 0.32992512 0.0006369578 0.007677941 0.003440929 3.464421e-05 0.55494314 0.003148211 0.0020272182 0.06738186 0.0042166645 0.0007081005 0.45668238 0.3517453 1.067196e-06 0.00011955381 0.0003453039 0.0011975304 0.00044725536 0.00013415632 0.0012255416 0.0071727945 1.739447e-05 1.2761378e-06 0.01581808 1.8611038e-08 1.9454092e-05 3.5268574e-06 0.36637068 0.000511006 7.78742e-07 2.9345276e-06 2.5722602e-06 0.020871785 0.035178237 0.0015071385 0.00012305219 2.3048301e-07 0.0002483353 0.0004258952 9.4125573e-07 1.7001786e-07 2.3655903e-06 7.638746e-08 5.0937942e-06 8.453474e-06 0.0006189309 1.1923652e-07 8.5722095e-05 0.0007680068 2.8279806e-06 1.3022253e-05 0.06386251 0.008274849 2.8853503e-08 0.0009301186 0.00020631491 0.00017005736 2.6760438e-06 0.0057024835 2.1761105e-06 0.0018499587 1.8451501e-05 0.0005501067 7.3158444e-06 7.2366456e-05 2.367899e-08 1.5059668e-06 2.2834289e-05 2.9772607e-07 6.063411e-08
0.9745755 0.8645248 0.9085301 0.4603642 0.2622114 0.008325636 0.009521512 0.01291956 0.6576825 0.35614637 0.10327184 0.05403089 0.007959901 0.0016490819 4.5579605e-13 0.021679146 0.08348614 0.00968306 0.0016188308 2.9624707e-05 0.00010722837 0.008096571 0.042284627 1.2202118e-05 0.00014186985 0.9665138 0.52757335 1.5568654e-06 0.0016519885 3.285417e-07 5.7155637e-07 5.4773654e-06 0.33320773 0.018431861 0.0009178484 3.3870744e-08 0.001032325 0.0044766334 0.2945267 1.42041845e-05 0.006051939 0.00012232337 7.864059e-05 0.0002330088 0.008971168 0.006331388 0.00024562242 0.5270784 7.28546e-06 0.040842704 0.00053526653 1.9860872e-06 0.00027273907 6.6611744e-07 6.5999325e-07 0.0045998218 5.936097e-07 2.9619916e-06 0.00017493378 0.016271379 3.9813372e-07 1.3082207e-06 1.3882973e-06 0.00011565075 7.690768e-06 0.041433904 1.9055322e-05 5.0381357e-07 4.6035296e-07 0.00020148394 3.0991096e-06 1.2562956e-06 4.6825576e-07 1.0108154e-06 5.134012e-07 7.487638e-07 0.025164817 9.046078e-08 5.0046674e-05 0.00026937295 2.3104499e-06 2.0501502e-05 1.04014725e-05 7.212108e-06 1.4641474e-06 0.022635005 4.1126186e-05 1.1703152e-06 3.4163477e-07 1.4358966e-06 1.0460299e-06 6.2329523e-06 4.974759e-07 5.2057653e-06 3.9735706e-08 3.176814e-06 1.5944795e-07 2.253644e-06 3.3079587e-07 4.2747052e-07 4.284172e-06
0.7934657 0.5859962 0.6547985 0.75546724 0.0075025824 0.069338046 0.44853947 0.60776156 0.07752551 0.00063705625 0.5408951 0.98622006 0.004775904 0.020718124 0.021679146 6.560884e-17 0.0027195679 4.8591486e-05 0.00047937117 0.0014857663 0.00023682018 0.96759194 0.8859264 3.1749198e-05 3.224139e-05 0.010167385 0.0017165531 3.0734307e-05 0.52314824 9.41549e-06 6.973179e-07 9.5957235e-05 0.0014817116 0.00010157447 4.0406423e-05 5.1178165e-07 0.46253932 0.19859038 0.000884813 0.004989834 8.0212056e-05 1.0834717e-06 0.00026557533 0.0036304034 0.030846747 0.018882826 0.0362553 0.0020417115 0.01457836 0.00026261623 2.3675957e-05 0.0050905626 0.006285997 2.3013926e-07 2.6185173e-06 4.958525e-06 1.149599e-07 3.4542296e-07 0.00085584837 0.00060767814 9.252902e-08 1.6505578e-07 1.2191296e-06 0.00023587262 0.0001304247 0.00089423265 2.8474878e-06 3.20075e-08 3.1280813e-06 7.104944e-05 1.4720424e-06 5.0833798e-08 3.1947593e-07 2.1642687e-07 6.166881e-07 3.951773e-08 0.00055532454 1.2535297e-08 2.3440223e-06 7.9002464e-05 1.172861e-07 3.1256405e-07 4.897916e-06 0.000245425 4.5403322e-08 0.00074855576 7.994046e-06 4.7653418e-07 1.377642e-06 6.3828344e-07 3.5651283e-08 3.9248982e-05 2.7585795e-06 4.760161e-06 2.1819665e-06 2.186224e-06 1.852816e-08 1.8537043e-05 1.1573841e-05 6.578557e-08 2.3065277e-07
0.4820812 0.32848597 0.07397772 0.0051810835 0.8988346 5.6172747e-05 0.00012590231 0.00014648151 0.0013971452 0.9222769 0.80698305 0.02149034 9.850204e-05 5.161039e-06 0.08348614 0.0027195679 2.8338643e-15 0.99720764 1.3432448e-05 9.576612e-06 3.341138e-05 0.00052272965 0.10188779 5.132042e-06 3.6931604e-07 0.0043735118 0.048548616 1.7021613e-07 0.0004977641 9.289931e-08 2.9164735e-08 7.723454e-08 0.007435778 1.3426927e-05 1.7934773e-05 4.8692983e-09 0.0007117545 0.007931001 0.00058854953 3.1883553e-07 3.9706842e-06 3.9592362e-07 4.443056e-06 2.0140315e-05 0.023747986 0.0026926212 0.00015125996 0.01515874 1.1253985e-06 0.012944836 1.0269513e-05 1.3354526e-06 6.077042e-05 1.4685131e-08 1.7672207e-08 0.10057842 4.521717e-08 1.4742389e-07 1.045753e-05 0.0063439505 5.9822383e-07 2.0858767e-08 1.5571912e-07 1.8346816e-05 3.608312e-06 0.0017352205 2.1220174e-07 3.2485076e-08 1.047692e-06 7.3726537e-06 2.5283063e-07 1.1160144e-08 1.3900142e-06 3.934317e-08 1.2341003e-06 2.6628604e-07 0.00556023 4.100571e-09 2.9918892e-06 3.4836532e-05 2.2380677e-07 1.1180449e-06 6.09668e-07 8.963893e-06 3.4595228e-08 0.011084593 2.6619716e-07 1.4640057e-07 2.0330552e-07 6.2453483e-07 2.022319e-07 1.5476385e-06 2.43955e-07 3.8249863e-07 6.8592516e-07 8.055337e-06 5.174046e-09 3.2961967e-07 1.2537415e-06 2.3776563e-08 4.3687105e-08
0.2433539 0.11727148 0.008702235 0.00042041406 0.7064922 3.7368957e-06 1.8131548e-05 2.5876614e-05 0.0002878609 0.91641897 0.23924878 0.0016233783 1.0080626e-05 1.3553216e-06 0.00968306 4.8591486e-05 0.99720764 1.0572655e-17 4.890944e-07 3.0996605e-07 6.5840027e-07 0.00043253318 0.07861391 1.4791638e-07 6.3497265e-07 0.0027750276 0.021416565 3.6768032e-08 0.00077301275 1.515834e-08 6.8396617e-09 5.9881575e-07 0.0043878453 1.0626949e-06 9.813321e-08 1.3275409e-09 0.00012995624 0.014239225 5.0623425e-05 7.551797e-08 3.5891804e-07 1.6712184e-07 3.788225e-06 1.2321653e-05 0.49591696 0.0065725823 0.000107961205 0.0048754397 3.9097227e-07 0.008818633 1.6528031e-06 2.0184684e-06 0.000117217394 1.9983114e-08 1.310334e-07 0.7919479 1.3906202e-08 1.5435216e-08 2.2460526e-06 0.0035461562 1.16807e-07 3.4564998e-09 3.4402103e-08 3.2030498e-06 1.3335517e-07 0.00022238775 2.2912191e-08 9.276381e-09 1.1498895e-07 1.8893953e-08 8.2983775e-08 1.1928314e-09 1.0433412e-09 6.84688e-09 2.5431724e-08 1.2271408e-08 0.001862942 1.6736903e-09 5.2138038e-08 7.356766e-08 1.8867825e-10 7.3873835e-10 2.6938022e-07 1.1213488e-06 5.1327803e-10 0.0011798677 9.541404e-10 5.8473164e-09 5.419921e-10 4.2380225e-07 3.92679e-12 9.94469e-08 1.2233625e-07 3.2501855e-09 5.208193e-10 4.5571315e-07 2.6367672e-10 2.2320545e-09 7.4790782e-06 2.3578982e-08 7.06646e-09
0.9624609 1.5576861e-05 0.0007633907 0.01572122 3.2308555e-05 0.78355616 0.016672038 0.013682601 0.36405888 1.2336526e-05 0.00032473338 0.000212409 0.97219795 0.28500065 0.0016188308 0.00047937117 1.3432448e-05 4.890944e-07 1.015616e-15 0.5007492 0.8042814 0.0015078682 9.212861e-05 0.76097167 0.899844 0.0012450649 0.00071435556 0.269364 7.060671e-06 0.18233569 0.43016383 0.21611667 0.0007852642 0.75257784 0.3846946 0.0802984 0.0010722475 3.345366e-05 0.012234355 0.00011008637 0.27344218 0.3440926 0.042810827 0.0033785729 1.3580127e-06 1.3260074e-05 8.118533e-06 0.005316922 1.97324e-06 0.0013377119 0.07065598 7.659178e-06 3.0099252e-06 0.0031834121 0.019602282 2.7618185e-07 0.0096392 0.0024205884 0.033899084 0.0011104505 0.006575291 0.00046724698 0.00039840437 0.0015381267 0.007374539 0.020758837 0.031707622 0.00018025488 0.0014138913 0.035711795 3.731221e-05 7.052935e-05 0.0019166529 3.7914037e-05 0.0014486097 0.0006689941 0.0058359886 7.5394846e-06 0.00684287 0.019479264 0.0005301087 0.0020040476 0.023089297 0.0006347194 5.8476594e-06 0.0083585875 0.006801497 4.4215554e-05 0.00022110075 0.017417412 0.0013981556 0.0057572834 0.0001347297 0.0012371206 6.562439e-05 0.0009420937 1.6609519e-06 5.448823e-05 6.683618e-05 8.125926e-07 5.2264915e-07
0.9288574 1.648195e-05 0.0006001147 0.072316304 2.2223999e-06 0.7569691 0.19068515 0.15562077 0.15895091 6.20171e-06 3.206783e-05 0.00015067052 0.5067144 0.9603833 2.9624707e-05 0.0014857663 9.576612e-06 3.0996605e-07 0.5007492 1.0683942e-18 0.8972295 0.037932135 0.00029831316 0.21959797 0.095620476 8.2829494e-05 2.3151666e-05 0.012365839 0.0011983211 0.04847055 0.0035789215 0.9406503 0.00029479637 0.019184962 0.007954453 0.002260764 0.37866607 0.00027915178 0.00022395293 0.08809942 0.00244253 0.0013590202 0.8399791 0.65906674 5.1215782e-08 4.603839e-06 3.075228e-05 0.00066461746 7.0625465e-05 2.8390672e-05 0.000758518 0.013742743 3.7927526e-07 7.3795686e-06 0.2759866 1.387417e-08 0.00024115825 3.4201216e-06 0.81406224 0.00061192433 1.1699893e-06 3.2955384e-06 3.9457627e-06 0.22599767 0.42866725 0.00081279344 7.491138e-05 1.8884668e-07 0.002718257 0.00032762758 5.975049e-07 1.3686018e-07 4.182866e-06 1.4298e-07 8.18408e-06 3.0373838e-05 0.00024363288 2.2231427e-07 5.4027656e-05 0.0010038674 7.767604e-06 5.583469e-06 0.42214847 0.06635402 1.0176285e-08 0.00066567364 0.00022955763 0.007984333 7.1287636e-06 0.11456744 8.342591e-06 0.04440695 7.6014517e-06 0.0032505644 1.15917455e-05 0.0026885925 2.226961e-08 1.9992494e-06 3.4889264e-05 5.4470974e-07 4.2287468e-08
0.9686485 3.8301096e-06 0.00010162786 0.004170688 2.756334e-06 0.7565553 0.015095956 0.014784885 0.061867166 1.2852816e-05 4.140398e-05 3.634593e-05 0.6328579 0.69286644 0.00010722837 0.00023682018 3.341138e-05 6.5840027e-07 0.8042814 0.8972295 1.8986368e-15 0.0010320051 2.3254164e-05 0.91911334 0.53385735 0.00030438375 0.0002029366 0.35320732 5.229628e-05 0.5106162 0.094564214 0.9723952 0.0015668712 0.068491906 0.043110803 0.07548563 0.004344166 5.3079515e-05 0.0010266351 0.0016472563 0.013809135 0.0119598005 0.3543922 0.11332149 2.1729903e-07 7.004201e-06 3.58794e-06 0.0014600807 8.544194e-06 0.00032252484 0.002366275 0.0004042446 6.446947e-07 0.00012639434 0.471713 7.910469e-09 0.0031909382 7.273947e-05 0.5190674 0.00039370236 0.00010849068 8.721463e-05 6.845046e-05 0.0971689 0.3909972 0.0014590708 0.0011196915 9.55378e-06 0.02745454 0.0016549224 4.446684e-06 6.096531e-06 5.172961e-05 1.5332329e-06 0.00011325801 0.00022580069 0.0005305328 2.1807994e-06 0.00045657431 0.0021894374 0.00015925837 0.0002034703 0.4000529 0.015593679 3.9266686e-07 0.0007083072 0.0004190361 0.005412373 3.7997615e-05 0.28385442 1.976109e-05 0.061472695 8.419101e-05 0.0064277197 3.783057e-05 0.009399874 4.6824038e-08 1.9488278e-05 0.00011103011 4.811067e-06 6.6272116e-07
0.87435836 0.35412848 0.5239821 0.7123643 0.009535489 0.15301213 0.4634697 0.6487964 0.08673807 0.0007891286 0.13610426 0.35949108 0.013376687 0.236195 0.008096571 0.96759194 0.00052272965 0.00043253318 0.0015078682 0.037932135 0.0010320051 7.3076497e-16 0.85206884 0.00014845816 0.0001562953 0.006102593 0.001637931 0.00021109798 0.88997686 0.00013453866 2.6260832e-05 0.0010180061 0.0016354602 0.000280664 4.980817e-05 4.144117e-06 0.9541545 0.4949905 0.0012380572 0.12778008 0.0002018303 2.092784e-05 0.0032737085 0.092688225 0.0119156055 0.021004131 0.23378901 0.0031991221 0.1874759 0.00051731267 5.6145273e-05 0.17110415 0.03315688 6.0543225e-06 3.1450043e-05 2.3662793e-05 1.8223365e-06 4.5321653e-06 0.0019739694 0.0022882293 9.191697e-06 2.4872732e-06 5.4679294e-06 0.002906579 0.00045683474 0.003809137 3.2475568e-06 5.357805e-08 1.1786986e-05 0.00014535974 1.11475765e-05 5.9274424e-07 7.4682944e-06 1.6144483e-06 3.9455936e-06 1.0789199e-07 0.0007472017 7.2773844e-08 3.0275885e-05 0.00072997285 1.9062928e-06 3.6425963e-06 9.489386e-05 0.0045563155 5.790939e-07 0.0019699696 9.064741e-06 1.263556e-05 6.714578e-05 2.4268882e-06 4.8111906e-06 0.0001371515 0.00013308323 0.00010662785 0.00013954054 2.7415742e-06 1.7937919e-07 6.115419e-05 0.0003173105 7.335903e-06 7.1119507e-06
0.9658927 0.8342543 0.79394716 0.6419645 0.45502752 0.011476892 0.09966553 0.14127907 0.037034348 0.0694718 0.9210155 0.78856826 0.0015330948 0.010192916 0.042284627 0.8859264 0.10188779 0.07861391 9.212861e-05 0.00029831316 2.3254164e-05 0.85206884 4.2569284e-14 1.2581984e-06 1.2382057e-05 0.01018857 0.010059965 7.330955e-07 0.9839266 7.721186e-08 8.958287e-08 1.7771112e-06 0.0060655465 1.6214759e-05 6.4915503e-06 2.1217168e-08 0.20844518 0.8633145 0.002072286 0.006626776 1.6341091e-05 5.12366e-06 0.00010235384 0.0020721399 0.5828025 0.31006402 0.17625032 0.052494884 0.0094330385 0.0077745127 3.793075e-05 0.10477279 0.25106052 2.5186583e-07 3.744162e-08 0.010381594 1.4242326e-09 4.5417007e-08 0.00016091361 0.0056806584 1.290347e-06 5.5047217e-08 1.3381839e-07 0.0002501952 4.985116e-06 0.006414245 7.2473773e-07 1.8150672e-08 1.3086043e-07 7.479956e-06 2.1623192e-07 5.5333307e-09 8.131449e-08 2.717641e-06 1.5460076e-07 1.1578035e-07 0.0038722658 2.8155455e-08 2.0873405e-05 0.0003367791 3.1722394e-08 2.5059649e-07 3.086134e-05 0.0010979468 6.2079914e-07 0.0044684904 8.205047e-06 8.2965025e-06 3.1372617e-06 1.7350581e-05 2.5590217e-07 9.047084e-05 5.0728544e-05 5.9475045e-05 9.975847e-06 0.00024348748 1.7997369e-08 6.960296e-07 0.0006451441 1.5661608e-06 5.3527464e-07
0.93756187 2.8532244e-07 7.235234e-06 0.00018079033 4.4729836e-07 0.1650895 0.00015744349 8.4111874e-05 0.0034582447 1.1908112e-06 5.3481767e-06 1.0619431e-06 0.2475021 0.009796991 1.2202118e-05 3.1749198e-05 5.132042e-06 1.4791638e-07 0.76097167 0.21959797 0.91911334 0.00014845816 1.2581984e-06 1.119861e-16 0.747153 0.000105579944 0.000118949916 0.9212095 5.048436e-06 0.970969 0.75394446 0.65572 0.0004404966 0.055979654 0.061339512 0.6360186 8.721056e-05 3.8068579e-06 0.00037479922 2.4689401e-05 0.012193501 0.050996203 0.09485846 0.006812543 4.452395e-08 9.00526e-08 6.6243933e-07 0.000652344 5.072718e-07 0.00026873662 0.00349936 4.1599662e-05 1.7952637e-07 0.0006519534 0.51921326 3.4795058e-09 0.26952174 0.0009808401 0.16579507 0.00022831556 0.00022323687 9.134255e-05 0.00015768812 0.01755047 0.22388905 0.0014880372 0.0058033788 0.00029674487 0.2062296 0.0025071423 6.4181245e-06 3.9907613e-05 2.022894e-05 1.1196348e-06 6.8501526e-05 0.005275281 0.0005064093 2.39252e-05 0.00058714376 0.0037253068 7.8980695e-05 0.00020694136 0.2242447 0.0008371891 4.2668285e-07 0.0009985471 0.0010354614 0.0005538687 2.7231063e-05 0.33195654 4.3056163e-05 0.03132411 0.00021838195 0.0027524862 1.5218534e-05 0.028612219 1.871441e-08 9.338636e-06 3.244735e-05 4.2109736e-05 4.7198688e-07
0.9941748 2.361963e-06 5.2069692e-05 0.002507188 2.396314e-06 0.1265922 0.0022304037 0.0012482607 0.038783696 1.1826597e-05 6.20579e-05 3.786197e-05 0.25984278 0.033323325 0.00014186985 3.224139e-05 3.6931604e-07 6.3497265e-07 0.899844 0.095620476 0.53385735 0.0001562953 1.2382057e-05 0.747153 8.0117775e-13 0.0004758387 0.00016445314 0.477169 9.4393636e-07 0.37969816 0.8206651 0.06475978 0.00036994336 0.78120214 0.5604916 0.31060424 3.8185608e-05 1.2901047e-06 0.0063973083 2.7631018e-05 0.2783342 0.8969205 0.0073671057 0.0010309495 3.6368901e-06 6.3392054e-07 2.34883e-07 0.0024351825 2.511968e-07 0.0005029013 0.18866265 3.3224278e-06 2.5932654e-06 0.14287543 0.020469971 1.940918e-06 0.06595902 0.04724952 0.0045688837 0.00067525206 0.15551105 0.008135592 0.0075724814 0.0011785013 0.0034584247 0.06372179 0.44261163 0.0059380825 0.0069979187 0.32840833 0.000697425 0.00024443743 0.042503625 0.0020024301 0.015588758 0.0051013613 0.013783525 7.230968e-05 0.06263007 0.1753498 0.0034379293 0.011518257 0.0047718133 7.876121e-05 4.2145817e-05 0.023039794 0.039461933 1.0834888e-05 0.0015746121 0.033398636 0.014456008 0.004989663 0.00026570377 0.0022608805 0.0004500903 0.0019874044 1.4769473e-06 0.000560659 2.818271e-05 1.9613986e-05 1.5283751e-05
0.9474033 0.3748684 0.38621715 0.14662229 0.035168458 0.0072940993 0.004802424 0.0049706157 0.50131184 0.194543 0.016200911 0.009596685 0.006140868 0.0011637931 0.9665138 0.010167385 0.0043735118 0.0027750276 0.0012450649 8.2829494e-05 0.00030438375 0.006102593 0.01018857 0.000105579944 0.0004758387 9.67438e-16 0.43701035 3.0573872e-05 0.0013361769 3.320255e-06 2.204961e-05 1.775718e-05 0.91368777 0.23676813 0.008665721 4.778507e-07 0.00081826875 0.000999233 0.9511892 1.3523231e-05 0.25109425 0.0009609374 0.00014396125 1.580967e-05 0.00092941686 0.002931884 0.00016279425 0.7364648 1.0129843e-05 0.028094172 0.061693627 6.4976753e-06 0.00012308692 4.5977536e-06 3.3303108e-06 0.0008730451 9.776214e-07 9.674374e-06 0.00016748268 0.012152967 8.652507e-06 1.1319547e-06 1.0056112e-05 1.6314463e-05 4.09902e-05 0.38389578 0.0014557817 1.1332438e-07 1.625906e-05 0.022993246 2.3232362e-06 2.0118833e-07 7.5288076e-06 2.172722e-06 6.7156856e-05 1.464882e-06 0.08902394 8.872867e-07 0.0013260512 0.0040199654 1.7045004e-05 7.6329394e-05 4.4351156e-05 6.774247e-05 4.1040653e-07 0.068834305 0.0011256482 1.5674846e-06 2.2228874e-06 1.5934564e-05 4.1354928e-05 0.000101314516 1.2914513e-06 2.2724213e-05 4.9271193e-07 5.5653304e-06 1.6182179e-07 5.5231053e-06 3.1814466e-06 6.378271e-07 1.3172521e-06
0.781574 0.13233016 0.08070372 0.019875774 0.09074264 0.0018015995 0.0007326754 0.0005712902 0.05785809 0.8853126 0.012978162 0.002112728 0.0018545185 0.00027419173 0.52757335 0.0017165531 0.048548616 0.021416565 0.00071435556 2.3151666e-05 0.0002029366 0.001637931 0.010059965 0.000118949916 0.00016445314 0.43701035 1.1469681e-17 7.3500064e-06 0.00046186484 8.342763e-07 2.574497e-05 1.7815088e-05 0.99054617 0.0033444061 0.0012403072 2.661502e-07 4.133407e-05 0.001594544 0.21288402 1.6221696e-06 0.003265718 0.00027923912 8.070814e-05 8.492965e-06 0.0035755185 0.0059641637 3.206945e-05 0.76512486 1.6604861e-08 0.90815425 0.0011107523 1.6635547e-06 3.768709e-06 6.731122e-06 5.6308945e-06 0.011621512 1.0705508e-06 7.1308787e-06 8.65176e-07 0.06809617 1.4061164e-06 8.5329404e-08 1.5644799e-06 9.379604e-06 6.716986e-07 0.027758304 3.870255e-05 4.0001936e-08 5.571065e-06 0.00057407806 1.4901758e-06 7.907198e-08 2.5218897e-08 1.8817e-07 1.9457819e-07 1.9557481e-07 0.02437404 6.335578e-09 2.035991e-05 6.409142e-05 3.8999546e-09 7.501447e-09 3.5871633e-06 3.2385124e-05 5.1754276e-09 0.0123185925 5.560036e-06 1.9629073e-08 2.0399857e-10 3.4245062e-07 1.9775916e-10 2.7739834e-06 4.7062382e-08 4.7818098e-08 1.3575763e-10 3.4728458e-07 1.1571549e-10 1.6306186e-09 5.405473e-08 1.5776728e-09 5.1418665e-09
0.85650826 2.892576e-07 4.499757e-06 4.18767e-05 4.7316223e-07 0.004766465 1.2249771e-05 1.2706227e-05 0.00027655895 5.1917164e-07 6.312772e-06 1.6796173e-06 0.008913846 0.00060347264 1.5568654e-06 3.0734307e-05 1.7021613e-07 3.6768032e-08 0.269364 0.012365839 0.35320732 0.00021109798 7.330955e-07 0.9212095 0.477169 3.0573872e-05 7.3500064e-06 6.853489e-17 3.0356823e-06 0.95613545 0.8960691 0.2779116 7.961275e-05 0.008539548 0.009724751 0.95499504 1.34547045e-05 2.061779e-05 4.1019175e-05 1.4832632e-05 0.0029042726 0.016667848 0.019063022 0.0013956976 9.606019e-08 5.2476853e-08 6.6412633e-07 0.00016108787 3.8819843e-07 1.0802398e-05 0.0020265512 2.6371185e-05 7.117663e-08 0.00948755 0.34963 1.1688594e-08 0.6729571 0.028286513 0.03744859 0.00015205992 0.0025916744 0.0036718035 0.0018293232 0.003938169 0.08391529 0.0005177623 0.006710177 0.011772343 0.29156488 0.0021089467 0.00016990142 0.0009139018 0.0005436986 1.9661575e-05 0.00027422572 0.053947613 0.00027176153 0.00049489894 0.0005807745 0.0036644049 0.00027261375 0.00042404307 0.13128884 0.00012907138 1.9904865e-06 0.00086543564 0.0010292736 1.6484797e-05 0.00014184469 0.32475188 0.00013407126 0.021925101 0.0005909108 0.0014801977 0.00017923651 0.024445802 7.68299e-08 5.2518986e-05 2.4563165e-05 0.00010071579 1.8085291e-06
0.31636247 0.17791916 0.22338119 0.25837255 0.023735544 0.006138187 0.076286525 0.12583272 0.0043818806 0.00025747292 0.1724582 0.124504276 0.00016451463 0.009614732 0.0016519885 0.52314824 0.0004977641 0.00077301275 7.060671e-06 0.0011983211 5.229628e-05 0.88997686 0.9839266 5.048436e-06 9.4393636e-07 0.0013361769 0.00046186484 3.0356823e-06 4.7058804e-15 3.1391085e-06 3.6681172e-08 5.678485e-06 0.0005582849 1.2512671e-05 8.85067e-06 3.1074447e-07 0.5861817 0.99269456 0.00049360935 0.028164022 6.895677e-06 4.7758965e-07 6.0419417e-05 0.0069366703 0.06680181 0.10841592 0.383715 0.0021447607 0.24941829 0.00013235117 5.486556e-06 0.6917714 0.3043694 2.1567462e-07 1.5919602e-07 0.00038996225 4.071424e-09 1.341437e-07 2.9178995e-05 0.000399717 7.0365485e-07 1.3593298e-07 2.629223e-07 0.0003701791 1.8323778e-06 0.0010566441 5.805399e-07 1.0366153e-08 6.4119484e-07 5.818316e-06 3.948023e-07 1.0944685e-08 4.452508e-07 1.0974243e-06 9.1815303e-07 4.657345e-09 0.0003644002 2.0608912e-08 5.3303197e-06 7.460553e-05 2.9962936e-07 1.07838495e-07 4.1055646e-05 0.0035574068 8.102668e-08 0.0005827685 1.5339889e-06 2.8533702e-06 8.203937e-06 3.753071e-06 3.574129e-08 2.122718e-05 7.138115e-05 0.00022170125 4.9974105e-06 1.1133596e-05 3.730466e-09 7.6622354e-07 6.524516e-05 1.7797103e-07 4.8354362e-08
0.88202715 3.1582694e-08 1.0454024e-06 1.1042318e-05 7.400676e-08 0.010751987 5.322822e-06 6.55763e-06 0.00026291094 3.1394883e-08 1.243579e-06 4.4519902e-07 0.014908541 0.00082617934 3.285417e-07 9.41549e-06 9.289931e-08 1.515834e-08 0.18233569 0.04847055 0.5106162 0.00013453866 7.721186e-08 0.970969 0.37969816 3.320255e-06 8.342763e-07 0.95613545 3.1391085e-06 5.120864e-16 0.6089017 0.6005239 3.0387862e-05 0.011884239 0.0069571417 0.92757994 7.1525e-05 7.911453e-06 2.2269815e-05 2.8220658e-05 0.0016421617 0.008431326 0.067050956 0.005114229 4.4617128e-08 6.2118943e-07 2.2436977e-06 0.00018054254 2.1829685e-07 6.1145993e-06 0.0014124581 3.5791923e-05 1.5838087e-07 0.0014483605 0.61811227 2.019869e-09 0.55665463 0.0051872414 0.21226518 0.00017504641 0.0006003803 0.00093999825 0.00040211887 0.020783594 0.30500206 0.00064088183 0.0022083502 0.0022644259 0.3087368 0.0012130861 3.4620658e-05 0.000253822 7.394811e-05 4.5153743e-06 9.235601e-05 0.025686083 0.00028811384 0.00014640944 0.00020871562 0.0030450772 6.554739e-05 0.00010156448 0.41454113 0.002249974 7.3841755e-07 0.00077855453 0.0011484234 0.00047627158 2.4751447e-05 0.5157758 3.602455e-05 0.0702921 0.00065498933 0.008335138 9.254557e-05 0.046547476 7.9944115e-08 3.3727552e-05 0.0001942909 0.00017030665 1.5028147e-06
0.9833461 3.360362e-09 2.6758011e-08 7.8965246e-07 1.2816858e-08 0.0063428883 2.093676e-07 3.3806833e-07 5.697317e-05 1.17740534e-07 4.444969e-07 2.9704129e-08 0.030829713 0.00016912207 5.7155637e-07 6.973179e-07 2.9164735e-08 6.8396617e-09 0.43016383 0.0035789215 0.094564214 2.6260832e-05 8.958287e-08 0.75394446 0.8206651 2.204961e-05 2.574497e-05 0.8960691 3.6681172e-08 0.6089017 8.13648e-18 0.11680196 0.00013250702 0.067332596 0.07621701 0.9406862 4.186386e-06 5.856112e-07 6.335175e-05 6.6828566e-06 0.009045605 0.15153287 0.020441929 0.002979809 1.4445267e-09 6.060957e-09 7.629307e-09 0.00020270624 4.1928708e-08 0.00012847259 0.0056059724 5.7782263e-06 2.544832e-08 0.20137027 0.19423601 2.2930531e-10 0.8919673 0.58378386 0.032755643 0.0004565643 0.21136455 0.10414322 0.036703132 0.0063399132 0.04636206 0.002381207 0.0897168 0.34297857 0.4313326 0.02804414 0.00088787935 0.056752194 0.015570801 0.00020950695 0.011994227 0.36125317 0.000789106 0.011344615 0.016381107 0.020553399 0.006888372 0.007797029 0.14001513 7.881839e-05 5.5332832e-05 0.00089664204 0.009213226 1.5110343e-05 0.00090176245 0.37714896 0.0054639084 0.024049718 0.007046995 0.0030190384 0.00065877277 0.034600288 7.2120974e-07 0.0004919957 7.312762e-06 2.9980916e-05 2.2287915e-05
