1.1326844e-18 0.5125026 0.03676204 0.3679783 0.706076 0.90131044 0.21831004 0.83334357 0.057079986 0.0022444567 0.0010166697 0.10090491 0.9539326 0.17465518 0.94440216 0.9642419 0.94770074 0.79306537 0.002816174 0.0008152854 0.87614006 0.9499319 0.65222424 0.8543919 0.021668302 0.9791486 0.0025573582 0.11261217 0.79304177 0.85022646 0.92260814 0.068583764 0.54049706 0.004387017 0.9577169 0.00214302 0.8675132 0.026763158 0.87507993 0.00039197475 0.8910632 0.98198926 0.0029347306 0.7066948 0.9941981 0.7441704 0.93822026 0.6820389 0.72549367 0.6781652 0.35606784 0.7550108 0.8839679 0.9391073 0.5486937 0.92615396 0.84209746 0.9233658 0.827849 0.88549596 0.8598738 0.8413802 0.9593412 0.9733813 0.89117825 0.027754892 0.98429394 0.9208843 0.9205712 0.8558024 0.94794273 0.9058743 0.93748116 0.119706236 0.6312792 0.015265471 0.9186534 0.24770556 0.90803945 0.0019323402 0.5717349 0.79180586 0.86372274 5.3895965e-05 0.8828793 0.07232872 0.0017527445 0.9497695 0.99933386 0.778393 0.999006 0.2805592 0.9343712 0.9773217 0.9999327 0.06689777 0.9994977 0.99863136 1.0965607e-05 0.09859718 0.63686216
0.5125026 1.5064662e-16 0.99798065 0.85274225 0.13850473 0.94295055 0.020178523 0.4832979 0.006191523 0.067731254 0.011491348 0.07495665 0.027637972 0.00037213368 0.065849334 0.47414675 2.9543424e-05 0.1831617 0.0038368716 0.0029176576 0.011769138 0.35254216 0.20110673 0.106394716 0.007590897 0.025684461 0.0005238933 0.00083914306 0.0041825734 6.2582086e-07 0.0009207389 0.00025285708 2.3789255e-07 0.00018041657 0.0020645643 1.7857987e-05 8.661766e-05 1.7211846e-07 1.4973191e-05 3.461224e-05 0.00029507314 1.2792816e-06 4.175606e-09 0.00049349637 5.6245808e-05 1.6143103e-07 0.024858024 0.00010348117 0.012363592 2.2009795e-05 9.36754e-09 0.003893957 0.009390131 0.017057722 5.0639766e-08 4.13739e-07 8.578109e-08 3.448126e-06 3.2759945e-06 0.00899097 2.3062912e-06 0.0011402646 0.00601138 2.9015093e-06 2.217027e-08 6.7136334e-08 0.00026649324 1.6200308e-07 1.8984625e-08 1.7006416e-08 2.284799e-05 0.001559849 5.4080928e-08 5.8313447e-09 2.4965768e-08 1.6239263e-06 3.135104e-05 8.157958e-10 1.732577e-06 7.742318e-08 6.280645e-08 0.00041122615 1.6880196e-07 3.8089115e-07 0.00034748024 5.685435e-07 4.7829317e-08 0.0023281982 0.00035031876 3.9015882e-07 0.00086543895 2.1329603e-08 0.0048150127 0.00081935216 0.00017356763 3.892518e-08 0.0061723767 3.2964704e-07 2.2362826e-08 5.0421034e-10 7.9585675e-08
0.03676204 0.99798065 6.664944e-16 0.90876335 0.24643116 0.6791858 0.3167481 0.74627703 0.20013662 0.8501173 0.07556904 0.5059602 0.0059117684 0.05560342 0.06432047 0.07389002 0.00020248714 0.0067502344 0.0043282453 0.22735026 0.00033035755 0.015570765 0.0045695896 0.0020353368 0.72222763 0.0007727407 0.004472707 0.004981274 0.00015312515 5.79237e-05 0.00015081199 0.00011582448 4.2031177e-05 0.0011764347 0.00016500786 0.0003088697 3.0798976e-05 2.5105719e-05 3.2027947e-05 0.00042521342 9.242936e-06 1.9534516e-05 7.869318e-07 5.628168e-06 0.000105846906 1.2475894e-06 0.000358056 1.0776983e-05 0.00012879781 9.689637e-06 5.1819598e-08 4.0514504e-05 6.1965344e-05 0.00029754033 1.3444225e-05 5.558928e-06 1.917276e-06 5.7626443e-05 7.205254e-06 6.0194798e-06 1.7052567e-05 5.1033294e-06 2.7486938e-05 1.9350768e-05 7.575687e-08 2.1399594e-06 6.8313284e-06 3.4203335e-06 2.2395194e-07 8.426113e-07 4.264658e-06 3.826267e-05 6.603994e-07 5.69412e-06 4.093623e-06 5.0228657e-05 1.9191684e-05 1.8477833e-08 1.9561681e-05 3.615863e-06 7.2609924e-07 7.6105475e-06 4.0358128e-07 7.1110285e-06 5.1139405e-06 1.8115317e-07 5.910919e-07 0.00010752689 0.00010439579 1.5704204e-06 0.00016457975 1.5980201e-07 0.0001720093 0.0003539223 0.00018062074 1.6816793e-07 0.000955062 2.1432659e-06 3.5556253e-09 3.0790705e-08 2.0197265e-07
0.3679783 0.85274225 0.90876335 2.885823e-16 0.9846666 0.16315311 0.95141506 0.014668743 0.47248563 0.005419199 0.0018877559 0.0010173244 0.72266114 0.07841249 0.001127545 0.82692933 0.009424433 0.0055820425 0.00012201148 0.00027613094 0.00029849386 0.37359855 0.0594387 0.026609816 0.31113204 0.21748522 0.008883066 0.0267602 0.00019680812 2.7880524e-05 0.007871732 3.877674e-05 0.0001962638 0.0023260817 0.0088185035 0.0003334007 0.0005892038 2.714327e-05 0.00066424895 8.391086e-05 2.6465284e-05 6.6025335e-05 7.076279e-07 4.1375086e-05 0.002422696 7.3747574e-06 0.004279366 9.538981e-05 0.00075431674 1.3812795e-06 1.7232296e-07 0.00025671214 0.0014535835 0.016451612 1.3567681e-05 2.2551599e-06 4.5265864e-07 3.474284e-05 1.7195705e-05 0.005481199 2.1882483e-05 0.0019719787 0.0023460018 3.3484463e-05 4.840142e-08 1.992131e-06 0.000109853536 3.4467223e-06 6.660701e-08 7.292429e-07 0.00016859901 0.0003213719 2.4250568e-07 2.4559156e-07 1.5622539e-06 3.271246e-06 0.00013120203 4.951302e-09 6.3841435e-05 1.1476924e-06 1.0407014e-06 0.000608466 2.3914922e-06 4.839139e-07 0.0001857237 9.635071e-07 1.8716516e-08 0.0005349598 0.000981416 2.1959404e-06 0.00048797493 5.0215984e-08 0.0008798825 0.00044464765 0.0006036289 4.3860936e-08 0.0012667075 2.2043993e-07 7.728347e-08 1.3011167e-07 6.299685e-08
0.706076 0.13850473 0.24643116 0.9846666 4.0567047e-16 0.010734574 0.89281934 0.00077635905 0.40426034 0.00042404025 0.00010753827 0.00024057663 0.9547961 0.6000177 0.00026253736 0.89670557 0.18185712 0.0010098355 9.954878e-05 3.8980776e-05 3.951014e-05 0.2723249 0.012574205 0.008027466 0.201478 0.5614325 0.009198557 0.092839666 5.9521288e-05 0.0012930159 0.17074603 8.400049e-06 0.00810088 0.020204676 0.19829404 0.0067298394 0.024408842 0.0009950497 0.010598545 0.00049885013 3.8054352e-06 0.0012840596 2.8016271e-05 3.4395922e-05 0.028595796 0.00019781351 0.0013277071 1.0330246e-05 0.0002963368 1.08264075e-07 9.63074e-06 6.417234e-05 0.00029009953 0.008983963 0.00029425623 2.751015e-05 6.0038856e-06 0.00032522835 0.00011212612 0.012034123 5.6621848e-05 0.008385299 0.002623649 0.00043910896 3.2794566e-07 4.5204946e-05 7.21688e-05 5.808741e-06 1.0768743e-07 6.4663463e-06 0.0029975302 0.00042817707 4.588281e-07 5.105332e-07 1.7015535e-06 4.5275534e-05 0.0008882998 3.0094082e-08 0.00031293405 7.0253673e-06 1.1603598e-06 0.0015476887 3.2900932e-06 2.1215643e-05 0.0008772586 1.0887974e-05 9.1932446e-07 0.00055876275 0.00075296767 2.9571162e-05 0.0009707516 1.1275869e-06 0.0009321331 0.00032883586 0.00069345225 1.2939392e-06 0.0011880288 2.1074757e-06 2.6360558e-08 3.0033343e-07 2.0814365e-05
0.90131044 0.94295055 0.6791858 0.16315311 0.010734574 1.6945782e-14 0.0052077244 0.9314893 0.0010872633 0.21844424 0.12038135 0.52368325 0.0038137352 0.00020469978 0.8786879 0.4605335 1.16272195e-05 0.9617581 0.0576309 0.05514363 0.32519415 0.38731775 0.64519334 0.27655917 0.0028507551 0.008614456 7.001146e-05 0.00011839964 0.32267165 2.3031084e-06 0.00073697575 0.038793717 3.2667162e-06 1.6493068e-05 0.0018608175 9.916233e-06 0.00029978045 1.6048402e-06 3.0382937e-05 1.8892777e-05 0.013062561 2.908319e-06 4.033006e-06 0.011880911 0.00020495705 8.051421e-06 0.2711552 0.0010759444 0.14640343 6.724216e-05 1.032703e-06 0.07654719 0.18626252 0.026825836 0.000210715 1.1203622e-06 4.9043075e-07 3.651039e-05 3.9468523e-05 0.01691365 2.6311021e-05 0.0015759432 0.022144204 8.126252e-05 1.9523583e-07 2.2921504e-06 0.0024785467 1.6254666e-06 1.341954e-07 8.356861e-06 0.0001847056 0.010356517 6.6591804e-07 8.297898e-07 1.1238765e-06 1.9171765e-05 2.9787294e-05 8.2446896e-08 7.5150556e-06 7.454952e-06 6.3829805e-07 0.0017993923 2.3478772e-06 6.0246657e-06 0.0010285181 1.6190845e-06 2.9943728e-06 0.0031206622 0.00034213433 6.091063e-06 0.0019476165 3.4543434e-06 0.0073543824 0.0018078284 7.21626e-05 6.7138126e-06 0.004081564 3.968498e-07 5.1873094e-08 4.541909e-06 1.23121135e-05
0.21831004 0.020178523 0.3167481 0.95141506 0.89281934 0.0052077244 1.7261627e-14 0.0016079517 0.985519 0.00014966833 9.67079e-05 0.00093748205 0.81488186 0.81668144 0.0005108947 0.6875411 0.38334084 0.0016038964 6.903326e-05 4.4780973e-05 0.0002705085 0.14889394 0.0048462283 0.0038480242 0.40563893 0.4855042 0.020142347 0.1040414 0.0001141991 0.0047191135 0.16061582 6.397762e-06 0.0057057887 0.02771665 0.08706388 0.011854721 0.014268954 0.0012360238 0.008352265 0.00064000784 1.3265551e-05 0.0027864655 2.4058592e-05 9.885724e-06 0.022973105 0.00016990531 0.000648029 0.00012762487 0.00028905892 2.3748522e-07 1.7450348e-05 4.117768e-05 0.00020118708 0.0075096656 0.00062152726 0.0004982221 8.632886e-05 0.00040845544 0.00022086619 0.0015638998 6.830732e-05 0.0016697147 0.0005793868 0.00025837615 3.4920067e-06 4.0783263e-05 8.6282365e-05 5.0193652e-05 4.0236514e-06 5.639983e-06 0.00018459834 0.00014329489 3.1256984e-06 1.5980904e-05 2.6191727e-05 6.26442e-05 0.00016153969 3.3748626e-07 0.00018045303 1.7646738e-05 9.397798e-06 0.0004631005 9.9756995e-05 8.091834e-06 0.00023252756 5.0444676e-05 1.1595455e-06 0.00029434325 0.0011815809 7.0488027e-06 0.00096295326 4.942169e-07 0.00084528216 0.00014586591 0.00018250218 1.5255499e-07 0.0021165549 7.010827e-07 1.502999e-07 8.922337e-07 1.7520275e-06
0.83334357 0.4832979 0.74627703 0.014668743 0.00077635905 0.9314893 0.0016079517 8.624581e-13 0.0006285311 0.30118436 0.43518123 0.99079794 0.00044416008 4.1013893e-05 0.9456621 0.07973803 2.1073852e-06 0.6518005 0.22402242 0.3898253 0.3649705 0.15492395 0.18907855 0.1478305 0.0025937702 0.0005637599 0.00026617752 0.00017947904 0.36739257 2.7321556e-07 0.00013296182 0.17588624 1.3148392e-05 3.8954466e-05 0.00031597246 2.0765216e-05 8.5283e-05 1.8237439e-05 1.3385796e-05 2.4936751e-05 0.048864625 1.3040602e-06 1.3228131e-05 0.018944804 9.579864e-06 1.5269668e-06 0.14589319 0.0053692707 0.13126045 0.0010146091 8.053952e-07 0.081703365 0.13905278 0.0074149654 6.336806e-05 8.7861866e-07 3.6922802e-07 2.6163969e-05 2.6160396e-05 0.0018660049 1.8809144e-05 0.0011883319 0.005775963 4.714556e-05 1.7020864e-07 4.2361703e-06 0.004032141 5.829355e-07 6.900755e-08 2.5361647e-05 1.1647218e-05 0.012021074 9.926172e-07 6.9989363e-07 7.818123e-07 0.000117405005 7.532352e-05 1.041887e-06 7.371406e-05 2.636804e-05 2.5193478e-07 0.0007830167 2.0198671e-07 1.2666259e-06 0.0005800231 2.6962928e-07 1.9106074e-05 0.0095804725 0.000562844 2.0149757e-06 0.00086919544 6.53561e-06 0.009744651 0.0052131754 5.872314e-05 7.3160857e-07 0.0075314254 6.786539e-07 9.2212765e-08 9.663266e-07 1.4394581e-05
0.057079986 0.006191523 0.20013662 0.47248563 0.40426034 0.0010872633 0.985519 0.0006285311 3.2139723e-14 2.9515068e-05 4.2715677e-05 0.000621215 0.45994508 0.99281526 9.495578e-05 0.3747763 0.1607682 0.0003042903 5.1197912e-06 2.0382075e-05 2.2415774e-05 0.02766754 0.00021002747 0.00026804832 0.7607413 0.17840043 0.17714427 0.29984018 3.1021773e-05 0.005403513 0.055139184 1.3696169e-06 0.008709781 0.068020344 0.021842761 0.03466093 0.002914179 0.0029591925 0.0031750333 0.0026372531 6.1279034e-06 0.0016565637 0.0002207426 4.2905253e-06 0.007519279 0.00014315637 0.00014119067 0.00013536592 0.00018488376 2.2419962e-07 6.906938e-06 2.0749281e-05 5.007308e-05 0.0012710494 0.00041979805 0.00018822934 2.517417e-05 0.00024804746 9.816855e-05 1.7909442e-05 4.2296608e-05 0.00016182943 9.699627e-05 0.00011283947 1.7724346e-06 3.9734783e-05 4.5594876e-05 2.831747e-05 6.967728e-07 1.0944064e-05 2.0666475e-05 3.804867e-05 2.7814115e-06 1.7589342e-05 1.1206502e-05 9.041572e-05 5.60809e-05 2.770041e-07 7.43015e-05 2.0020474e-05 9.147589e-06 9.5952564e-05 7.024808e-05 1.0859652e-05 3.095407e-05 4.2045252e-05 7.139183e-07 6.928587e-05 0.00035123123 1.0515284e-05 0.00046746893 2.9590512e-07 0.00013030945 4.765169e-05 0.00025925806 1.6829836e-07 0.0006028259 1.7429649e-06 3.3975954e-08 4.619685e-06 4.761707e-07
0.0022444567 0.067731254 0.8501173 0.005419199 0.00042404025 0.21844424 0.00014966833 0.30118436 2.9515068e-05 9.980553e-18 0.99900377 0.54424345 2.1117781e-05 1.382407e-07 0.036880296 0.0033620712 8.6865003e-07 0.026293902 0.0030894233 0.9859011 0.004591775 0.003808676 0.008421181 0.0018936249 0.0003375484 4.3512035e-05 2.4151233e-05 1.0581859e-05 0.010424155 5.921439e-08 5.5775567e-06 0.00225837 8.2125894e-07 8.1321275e-07 1.0394997e-05 5.3975845e-07 2.4976368e-06 6.319397e-08 6.259391e-07 1.5801177e-06 0.0003037623 2.6753e-07 7.688732e-09 3.4932178e-05 3.0177314e-06 8.1676504e-08 0.0013694322 2.3849136e-05 0.001346936 5.0077997e-05 8.309176e-09 0.00055018935 0.00085519557 3.473525e-05 8.511143e-08 1.556382e-07 1.5540877e-07 5.119723e-06 3.1858053e-07 2.649674e-06 1.1264422e-06 4.2577335e-06 3.8839953e-05 1.7452569e-06 3.9565244e-08 3.185682e-08 1.1244625e-05 5.0782995e-07 5.6817246e-08 5.3830775e-07 4.9544877e-08 3.3781733e-05 6.598916e-08 9.786736e-09 9.709394e-08 6.1936925e-07 2.1717897e-06 3.0759185e-08 3.0120253e-07 3.706284e-08 1.2176213e-08 7.3085644e-06 2.8627218e-08 5.714743e-08 2.2360803e-06 1.7786439e-08 1.435095e-07 0.0001042548 7.3965316e-07 2.4583072e-08 2.4310461e-06 3.02157e-10 7.813547e-05 4.3194264e-05 1.0306684e-06 4.6251467e-10 9.547435e-05 2.0828711e-08 3.7079224e-09 1.10315444e-10 8.6628926e-10
0.0010166697 0.011491348 0.07556904 0.0018877559 0.00010753827 0.12038135 9.67079e-05 0.43518123 4.2715677e-05 0.99900377 4.6694147e-17 0.95695156 1.3557554e-05 9.543903e-07 0.084479414 0.000751812 2.1000191e-07 0.025091907 0.015545192 0.6656531 0.0045527797 0.001310263 0.0050507835 0.0016727574 4.079217e-05 4.6115532e-05 4.6311035e-07 6.683952e-08 0.045528434 8.3305856e-08 2.5274458e-05 0.004152948 1.7258749e-08 5.2983515e-09 1.5185738e-05 1.3344154e-09 6.9631283e-06 2.1418793e-09 4.1015983e-06 1.304225e-07 0.0005347277 7.5460946e-08 2.0369657e-09 0.00052137027 2.3878926e-07 9.560447e-07 0.00094365736 0.00036074227 0.0011426269 0.00026671545 3.5053483e-07 0.00031818717 0.00062681787 0.0002879762 3.561534e-07 1.3690364e-07 6.203472e-08 1.5610981e-06 1.1388456e-06 5.224374e-05 7.3055986e-07 7.816897e-06 0.00012879583 2.2390783e-08 7.329077e-08 2.2181341e-07 0.00021419972 9.9041015e-09 1.2164578e-07 1.6990813e-07 2.2028855e-06 0.00016022162 8.112363e-08 1.0744731e-08 1.7839644e-08 2.8256755e-08 2.724224e-06 9.670693e-08 1.3634377e-07 9.572653e-09 6.987881e-08 1.8691253e-05 1.0301814e-09 1.5788657e-08 1.074024e-05 2.991945e-09 4.310268e-08 0.00025690682 4.001365e-06 8.989849e-08 3.3165618e-06 2.1611966e-08 0.00020677267 0.00016797935 6.8368026e-06 8.2230486e-08 0.00014438074 1.1545342e-07 1.0384452e-09 1.9275455e-09 1.17524024e-07
0.10090491 0.07495665 0.5059602 0.0010173244 0.00024057663 0.52368325 0.00093748205 0.99079794 0.000621215 0.54424345 0.95695156 2.1929598e-14 0.00022775774 0.00040249815 0.9039131 0.0018880295 2.435279e-06 0.20815654 0.85425204 0.66865665 0.117604546 0.011258237 0.013135252 0.0128470445 0.00019323447 0.00017046217 4.1013736e-05 2.0168955e-05 0.2995504 3.2195211e-07 5.641659e-05 0.48989815 2.1081048e-06 3.3561012e-06 7.261215e-05 7.0437363e-06 2.1442136e-05 6.3916455e-06 3.235644e-05 5.3529762e-05 0.013342395 4.6359776e-07 4.619972e-06 0.014394342 2.2784734e-05 4.4255607e-06 0.016184108 0.02257452 0.021436296 0.0025500932 1.2924506e-06 0.008611738 0.01591987 0.0015740716 0.0006531309 4.3887326e-07 1.1548073e-07 8.677521e-06 6.119552e-06 0.0003248344 9.599033e-06 0.00038679087 0.0013141693 7.0450255e-06 1.0462896e-07 1.7106961e-06 0.0010890067 3.228789e-07 2.9461674e-08 9.82119e-07 2.3040982e-05 0.0030998278 8.41788e-07 7.946024e-06 2.3537825e-06 2.7991246e-05 6.0926895e-06 3.3748518e-06 1.9577421e-06 5.079811e-05 1.6253579e-06 0.00017376208 2.5782402e-08 2.573709e-07 9.569714e-05 4.6632056e-08 2.4668829e-05 0.0012170469 0.00028315865 1.4433984e-08 0.00015799067 7.9606514e-07 0.00203442 0.0014936604 4.0539002e-05 1.0617699e-06 0.0014831465 6.691031e-08 1.5136203e-07 1.6508968e-06 2.1171168e-06
0.9539326 0.027637972 0.0059117684 0.72266114 0.9547961 0.0038137352 0.81488186 0.00044416008 0.45994508 2.1117781e-05 1.3557554e-05 0.00022775774 7.705468e-13 0.71812814 0.000104880375 0.8423215 0.8836646 0.00046480878 1.1926808e-06 6.6193884e-06 2.245103e-05 0.16623864 0.0065074493 0.0025613513 0.22039449 0.9334372 0.030989356 0.4169413 6.30401e-05 0.05023895 0.5725951 1.0563806e-06 0.30193305 0.16806382 0.6780557 0.06095948 0.2291805 0.030700909 0.14375043 0.00958103 5.5603696e-06 0.007187983 0.001214459 8.57191e-06 0.25720537 0.0021050132 0.003024384 3.3232327e-06 0.0005409845 9.1090136e-08 0.00023219228 4.8434325e-05 0.0003660625 0.035603326 0.000700934 0.00016263737 2.5763e-05 0.0014090267 0.00038377623 0.034629997 0.00014339726 0.07834534 0.006408055 0.0023296652 1.0533264e-06 0.00039882597 0.00012593195 2.2459039e-05 5.890851e-07 5.220404e-05 0.016234813 0.00078707666 3.3792312e-06 7.064948e-06 7.41951e-06 0.00015580968 0.0025053353 1.4246822e-07 0.00026017253 3.6782974e-06 3.2820892e-06 0.0072333203 4.309619e-06 3.8451553e-06 0.0045552463 6.5668864e-06 2.1217178e-07 0.0010296226 0.0031569358 8.0459526e-05 0.0020608779 4.795238e-07 0.0006894868 0.0005848296 0.0014211475 3.3653382e-06 0.0015044 3.1495874e-05 7.990048e-09 3.3706604e-06 2.6328275e-06
0.17465518 0.00037213368 0.05560342 0.07841249 0.6000177 0.00020469978 0.81668144 4.1013893e-05 0.99281526 1.382407e-07 9.543903e-07 0.00040249815 0.71812814 4.4006373e-17 6.216543e-06 0.37640858 0.9324848 0.000111093876 8.0591377e-07 8.369299e-07 3.5269447e-06 0.010863684 0.00018206047 0.00017747587 0.48099953 0.38364896 0.37168485 0.6784503 5.798563e-06 0.4049394 0.43572807 1.1119419e-07 0.26655173 0.42445695 0.23050621 0.30223772 0.08972285 0.10731537 0.088867724 0.048995562 5.752752e-06 0.102132834 0.01672215 1.6980049e-06 0.11842891 0.004594999 5.9001344e-05 1.0625637e-05 6.200046e-05 7.93681e-09 0.0011276955 1.8097377e-05 3.1711523e-05 0.0006725954 0.006533221 0.0029073057 0.00066301925 0.0017631303 0.0008137248 0.00017840242 0.00027971086 0.0014825448 0.000118847754 0.0008833734 4.522703e-05 0.00058478635 2.0391e-05 3.395126e-05 7.4675677e-06 2.1224245e-05 0.00013750681 1.06207035e-05 6.3945477e-06 5.748966e-05 4.4853805e-05 3.8182257e-05 0.0008504701 2.6909933e-07 0.00033147566 7.654556e-06 1.307725e-05 0.00020633813 4.8559243e-05 9.217562e-05 0.00012591851 0.000116799274 4.941194e-07 1.4067998e-05 0.0005382747 3.1845568e-05 0.00046738182 6.4419936e-07 3.9819417e-05 1.5741172e-05 0.00022921833 7.6902296e-07 0.00077734 1.939212e-06 4.204573e-07 8.9575997e-07 1.6922508e-05
0.94440216 0.065849334 0.06432047 0.001127545 0.00026253736 0.8786879 0.0005108947 0.9456621 9.495578e-05 0.036880296 0.084479414 0.9039131 0.000104880375 6.216543e-06 7.790858e-13 0.008307462 1.9514965e-07 0.84815884 0.4479811 0.22662126 0.7493711 0.06626227 0.1079271 0.12809367 0.00013720566 0.0002772495 1.0320085e-05 2.7109225e-05 0.9378375 5.2157436e-08 7.632964e-06 0.62523925 5.604525e-06 1.05723975e-05 4.7167236e-05 5.6427916e-06 4.5948345e-06 8.276169e-06 1.6894185e-06 9.265062e-06 0.18143715 1.9946377e-07 8.7257185e-06 0.13470745 2.7908761e-06 1.7250859e-07 0.1462253 0.08663887 0.35721615 0.0058074794 6.580553e-08 0.3798065 0.29476726 0.0065899394 0.000109073415 1.2604556e-07 8.233123e-08 2.041095e-06 2.3109787e-06 0.0017533206 1.3730356e-06 0.00048605163 0.0101072965 1.1891446e-05 4.074573e-08 1.6529914e-07 0.01980699 1.3481626e-07 6.144464e-08 5.3295953e-05 1.2798935e-05 0.0344036 8.78323e-07 2.4195313e-07 1.5764812e-06 2.5971698e-05 2.488407e-06 7.2999364e-07 5.1720463e-06 2.5232432e-05 1.3378802e-07 0.0005951354 1.0126412e-07 8.153001e-07 0.00034729615 3.5864755e-08 6.423341e-06 0.009982577 0.00018280893 8.680135e-08 0.0004995196 3.435656e-06 0.022636896 0.0076922807 1.5353362e-05 2.7660784e-07 0.006555299 1.6727052e-08 1.2938361e-07 4.5727472e-07 2.6481428e-06
0.9642419 0.47414675 0.07389002 0.82692933 0.89670557 0.4605335 0.6875411 0.07973803 0.3747763 0.0033620712 0.000751812 0.0018880295 0.8423215 0.37640858 0.008307462 2.0426523e-14 0.14508756 0.02575562 9.7605174e-05 9.225556e-05 0.0024175744 0.9635114 0.1732812 0.13564278 0.15598296 0.8962059 0.0024104202 0.10274824 0.00036145945 0.0019710565 0.0342736 1.923357e-05 0.019797498 0.010658338 0.16730191 0.0024219037 0.004457873 0.0002947941 0.0011287108 0.00018437475 2.8423043e-05 0.000106856176 3.0401136e-05 3.7276535e-05 0.01234297 0.00022619579 0.044899177 4.285034e-06 0.0038145245 1.324002e-07 4.9572773e-06 0.00050193846 0.006324571 0.41972092 0.00022991192 1.1175173e-06 1.0201326e-06 2.808553e-05 6.699575e-06 0.201801 4.998016e-06 0.26616102 0.041273847 0.00012390262 1.15299486e-07 4.2369036e-05 0.00013200175 1.5361145e-06 1.8536502e-08 1.1598706e-06 0.05022014 0.0057998803 3.2208018e-07 1.6119852e-06 1.1972129e-06 1.6564807e-05 0.000702702 2.5570445e-08 3.66884e-05 2.5123024e-06 1.4128345e-06 0.023595711 1.0542986e-07 8.0462814e-07 0.021645345 3.2954517e-07 3.749851e-08 0.0039538564 0.009389656 1.7952868e-06 0.00609448 4.0352697e-07 0.0026354818 0.0019138281 0.0011403379 3.1449952e-07 0.003345087 1.3245899e-06 1.9602734e-08 1.7205423e-06 8.4400745e-07
0.94770074 2.9543424e-05 0.00020248714 0.009424433 0.18185712 1.16272195e-05 0.38334084 2.1073852e-06 0.1607682 8.6865003e-07 2.1000191e-07 2.435279e-06 0.8836646 0.9324848 1.9514965e-07 0.14508756 1.3198754e-17 7.989222e-06 1.8531101e-07 1.9713353e-07 1.3694608e-07 0.0027352339 0.0001118654 8.063178e-06 0.17506401 0.6298403 0.12250249 0.8500556 3.562961e-07 0.907001 0.8804591 1.4179719e-08 0.848555 0.5923282 0.65997607 0.34247884 0.5037332 0.5658209 0.45080444 0.09747142 5.2152586e-07 0.49145538 0.07671233 4.3098657e-06 0.4742982 0.016379373 2.3044258e-05 4.777386e-07 2.8793678e-05 3.423701e-08 0.0045342 7.8345806e-07 7.7259665e-06 0.0015777822 0.013990641 0.0059125945 0.000886487 0.0074823825 0.0051274095 0.0013917997 0.00067705754 0.01725639 9.293207e-05 0.004187704 1.9646091e-05 0.006492148 2.1177782e-05 4.5455727e-05 1.0675268e-06 9.027028e-05 0.0063661113 3.1884192e-05 3.4383997e-06 2.3339902e-05 6.9842704e-06 0.00037168147 0.00340051 3.4654215e-07 0.00024685904 4.195547e-06 3.374649e-06 0.0034690064 2.003006e-05 2.7912207e-05 0.0017530078 9.516151e-06 1.5017852e-07 0.0001165727 0.0024430181 0.00016078966 0.0010279557 2.3966555e-07 0.0001190901 7.694125e-05 0.0010505536 3.1273296e-06 0.000416172 1.1472716e-05 3.162935e-08 2.7488445e-06 3.5370163e-06
0.79306537 0.1831617 0.0067502344 0.0055820425 0.0010098355 0.9617581 0.0016038964 0.6518005 0.0003042903 0.026293902 0.025091907 0.20815654 0.00046480878 0.000111093876 0.84815884 0.02575562 7.989222e-06 1.3406342e-14 0.06262595 0.018055677 0.9888336 0.070876725 0.47256646 0.18510593 0.0001812082 0.0013751441 2.082468e-06 2.2171951e-05 0.63484246 2.3293017e-06 0.00010994535 0.07708171 6.481782e-06 4.0675413e-06 0.0006359699 1.0496551e-06 0.00012701823 1.4379988e-06 8.48207e-06 1.1132248e-05 0.0061617754 2.1116905e-06 4.074734e-07 0.030367512 2.6568689e-05 9.64863e-06 0.41643566 0.00026324863 0.25118077 2.2727008e-05 7.790346e-07 0.1742386 0.3336633 0.04141247 3.05134e-05 5.530888e-07 1.6757244e-06 8.830571e-06 8.017156e-06 0.01759237 3.0028777e-06 0.0018818799 0.04015034 1.15000685e-05 1.6745192e-07 2.9063365e-06 0.0027088593 1.1995833e-06 1.476324e-07 1.4172406e-06 0.00032869008 0.013862356 7.241159e-07 3.1857837e-07 1.0592678e-06 1.5051434e-05 4.513719e-05 1.331102e-07 8.659367e-06 4.200063e-06 9.795757e-07 0.0023223115 1.6099271e-07 2.8999189e-06 0.0009653951 9.071684e-08 9.1266446e-07 0.0040394696 0.00031970255 4.599878e-07 0.0019413885 6.4180813e-06 0.008168493 0.0029484024 3.3649485e-05 3.6880444e-06 0.001888306 1.0050521e-07 3.1093286e-08 1.0052151e-07 3.802656e-06
0.002816174 0.0038368716 0.0043282453 0.00012201148 9.954878e-05 0.0576309 6.903326e-05 0.22402242 5.1197912e-06 0.0030894233 0.015545192 0.85425204 1.1926808e-06 8.0591377e-07 0.4479811 9.7605174e-05 1.8531101e-07 0.06262595 1.1093556e-14 0.99925184 0.015615087 0.00085342594 0.010563146 0.0034896836 1.578549e-05 2.6825097e-05 1.2823247e-07 3.5120793e-06 0.39621165 2.7278741e-08 2.4181852e-06 0.945471 2.0424882e-07 4.2603548e-07 9.601289e-07 1.4321748e-07 2.0395879e-07 2.4459688e-08 3.721569e-07 4.132926e-07 0.024837984 4.8372353e-08 7.306564e-08 0.0056173257 8.398887e-08 2.568731e-07 0.0020386868 0.017801631 0.015890012 0.7004802 5.3957596e-08 0.0074895243 0.0032720452 0.00053150154 5.5857936e-07 1.694535e-08 2.8279349e-08 3.1156705e-07 1.2808312e-07 1.676021e-05 1.5492486e-07 7.405474e-05 0.0001478857 1.1938295e-07 9.45211e-09 1.0678772e-06 0.0011556206 7.444423e-08 5.016178e-07 6.430387e-07 6.927932e-07 0.0017197469 4.252533e-07 1.1178471e-07 1.1674374e-07 1.9200435e-05 2.6857952e-06 5.468401e-07 9.947384e-08 9.97677e-06 2.6940464e-07 0.00014742932 1.39285525e-08 3.547074e-07 2.3619483e-05 1.0880941e-06 1.2891306e-06 0.0013968335 9.942813e-06 3.995984e-08 3.6204056e-05 1.5647572e-08 0.00617303 0.0024814617 3.6227905e-06 6.7661556e-09 0.001093072 6.874674e-09 7.794574e-09 3.158388e-09 8.597387e-08
0.0008152854 0.0029176576 0.22735026 0.00027613094 3.8980776e-05 0.05514363 4.4780973e-05 0.3898253 2.0382075e-05 0.9859011 0.6656531 0.66865665 6.6193884e-06 8.369299e-07 0.22662126 9.225556e-05 1.9713353e-07 0.018055677 0.99925184 3.438169e-16 0.0041151475 0.00043096422 0.0030049563 0.0010778022 0.0005887241 3.4684075e-05 7.452499e-06 3.0027331e-05 0.09669836 2.469766e-07 4.5591287e-06 0.52448136 7.04642e-07 1.1248405e-06 1.20348095e-05 6.832582e-07 2.4680746e-06 1.2722736e-06 1.9025044e-06 8.591037e-06 0.00094973575 4.5509293e-07 1.6171649e-08 0.0004364358 1.2498562e-05 1.0027019e-05 0.00094779633 0.0007085454 0.0029672296 0.74156934 1.4204794e-07 0.00095662836 0.0009272716 0.00022073711 5.637402e-06 1.1499591e-06 2.4945075e-07 7.406392e-05 2.2271972e-06 7.3624237e-06 1.1861885e-05 0.00014554853 0.0003132807 2.632219e-05 1.4765774e-07 1.8451683e-06 6.316057e-05 1.0484507e-06 5.52156e-07 1.8045218e-06 4.5009156e-06 0.00013421942 9.031833e-07 4.2006775e-07 2.0618586e-06 3.1600033e-05 5.371337e-06 1.7073475e-07 6.110723e-06 4.8624006e-06 2.2383536e-07 1.0635654e-05 6.531797e-08 1.927359e-06 3.9109555e-06 1.9707478e-08 7.4597773e-07 0.00039527554 1.1015939e-05 1.7121918e-07 4.043302e-05 5.184132e-09 0.00023657165 0.000538752 8.606093e-06 1.5369256e-09 0.00026331315 4.8720574e-09 3.4853445e-09 2.6161393e-09 1.7314924e-09
0.87614006 0.011769138 0.00033035755 0.00029849386 3.951014e-05 0.32519415 0.0002705085 0.3649705 2.2415774e-05 0.004591775 0.0045527797 0.117604546 2.245103e-05 3.5269447e-06 0.7493711 0.0024175744 1.3694608e-07 0.9888336 0.015615087 0.0041151475 5.3839638e-17 0.030360222 0.4848811 0.0620623 6.384944e-06 7.978734e-05 6.3746216e-07 1.4386887e-06 0.91579175 2.0241508e-08 3.0064152e-07 0.04336175 1.1121264e-07 9.2555626e-07 4.129615e-06 6.206683e-07 4.206831e-07 9.938642e-08 2.956294e-08 5.823168e-06 0.047570467 1.0439906e-08 9.372942e-08 0.0747242 3.102374e-08 1.4625836e-07 0.62026304 0.0017107232 0.686635 0.00012913258 1.26601964e-08 0.70286334 0.6584836 0.078363165 8.659536e-07 2.3912672e-09 7.567582e-09 7.016716e-08 2.6814007e-08 0.013776324 1.4630726e-08 0.002093811 0.092991 5.933477e-07 2.1199156e-09 2.028032e-07 0.009467963 9.448162e-09 2.727805e-09 1.6243128e-07 0.00016150287 0.03785759 2.0881256e-08 9.501564e-09 2.4391019e-08 5.432688e-06 3.194264e-06 4.3252978e-08 7.1448363e-07 1.9839579e-06 1.6600737e-07 0.0030638454 3.5103962e-09 1.8113728e-07 0.0006364982 7.551951e-09 9.031489e-07 0.0072839013 0.0002528925 4.8033897e-09 0.000978951 7.950147e-08 0.009126728 0.005000655 1.7654e-06 2.0317546e-07 0.0025037793 5.3531743e-09 1.1690401e-08 3.4762753e-09 2.6053995e-08
0.9499319 0.35254216 0.015570765 0.37359855 0.2723249 0.38731775 0.14889394 0.15492395 0.02766754 0.003808676 0.001310263 0.011258237 0.16623864 0.010863684 0.06626227 0.9635114 0.0027352339 0.070876725 0.00085342594 0.00043096422 0.030360222 2.4781995e-14 0.9691824 0.76950073 0.006429418 0.74772066 9.391719e-05 0.00374102 0.0014261173 0.00013094665 0.004488183 0.00031759296 0.0003440883 0.0004525607 0.04680626 0.000119143035 0.0016033091 8.942978e-07 7.580548e-05 1.6000164e-05 0.00025239424 2.6484626e-05 2.9423896e-07 0.00030190585 0.0009883539 4.6612517e-05 0.52836627 3.7812642e-05 0.037964217 1.7866752e-06 8.721056e-07 0.010467873 0.09588171 0.92621446 3.3969365e-05 7.8665863e-07 4.3284487e-07 3.325124e-05 4.5446955e-06 0.46350023 3.460001e-06 0.40167964 0.32922873 9.2347465e-05 2.1750335e-08 6.3705136e-07 0.00042719123 4.833115e-07 2.2320554e-08 5.6511922e-08 0.07991915 0.017406553 5.024971e-08 5.6098568e-08 1.4568121e-07 9.220846e-06 0.0020285882 9.941645e-10 3.8875638e-05 1.1982454e-06 3.27258e-07 0.10487156 2.9733549e-08 1.1948404e-06 0.07034166 1.602012e-07 3.578638e-08 0.023365304 0.017255561 1.8294224e-07 0.02375216 1.0154686e-06 0.013802276 0.0046494054 0.001770784 5.960075e-07 0.012226534 5.246482e-07 3.517771e-08 2.1081578e-07 9.109844e-07
0.65222424 0.20110673 0.0045695896 0.0594387 0.012574205 0.64519334 0.0048462283 0.18907855 0.00021002747 0.008421181 0.0050507835 0.013135252 0.0065074493 0.00018206047 0.1079271 0.1732812 0.0001118654 0.47256646 0.010563146 0.0030049563 0.4848811 0.9691824 1.3130682e-13 0.9975934 0.000280099 0.07315954 1.4798997e-06 0.00024997053 0.103330046 1.5246314e-06 0.00016994389 0.0017126926 6.8041372e-06 1.09783405e-05 0.0018299863 2.5122354e-06 0.00013853375 4.1379744e-07 2.4010318e-05 2.441143e-06 0.0055673746 4.9439836e-07 1.2634402e-07 0.005694701 4.1385898e-05 1.0481233e-05 0.69596624 0.00039626195 0.09999786 1.2773548e-05 2.031613e-07 0.058885574 0.17113619 0.35634178 2.3939247e-06 4.6844132e-08 1.0941037e-07 1.2802415e-05 1.773209e-06 0.04930026 3.2845253e-06 0.038037322 0.13386373 1.3966482e-05 7.542008e-08 5.7643814e-07 0.0012201933 2.961177e-07 5.426495e-08 3.34052e-07 0.01761884 0.018388994 4.566988e-08 1.0540533e-07 1.9731635e-07 3.147709e-06 0.00011683793 8.621523e-09 1.8728311e-05 9.466598e-07 6.9625935e-07 0.01175367 6.714465e-08 3.5719805e-07 0.0046855872 5.5662326e-08 1.4815786e-08 0.0057001673 0.0016491772 6.538353e-08 0.0022825352 1.0989576e-06 0.0073307734 0.0030217834 7.8925426e-05 1.2217903e-06 0.0020372039 7.999704e-08 8.694779e-09 2.7063552e-07 5.9058596e-07
0.8543919 0.106394716 0.0020353368 0.026609816 0.008027466 0.27655917 0.0038480242 0.1478305 0.00026804832 0.0018936249 0.0016727574 0.0128470445 0.0025613513 0.00017747587 0.12809367 0.13564278 8.063178e-06 0.18510593 0.0034896836 0.0010778022 0.0620623 0.76950073 0.9975934 2.0141758e-16 0.00024557393 0.035371147 2.9684254e-06 0.00022655759 0.02075679 1.3380475e-07 5.2807925e-05 0.0012521667 1.6076234e-06 1.3245237e-05 0.0011837555 3.5150415e-06 2.4107445e-05 4.811259e-08 6.276008e-07 2.1563442e-06 0.0009159749 7.089833e-08 5.809378e-08 0.0018512664 1.337909e-06 1.1474659e-06 0.78536266 0.00011557853 0.1445566 2.297221e-06 3.7835093e-08 0.066742584 0.24105906 0.62394476 3.3221917e-07 5.273378e-09 1.6019285e-08 6.926671e-07 1.2856579e-07 0.13459654 1.4963699e-07 0.052055024 0.27452913 2.2915299e-06 3.414739e-09 1.3575448e-07 0.0007694192 4.6547193e-08 1.0773441e-08 1.7249477e-07 0.0073667224 0.026162721 2.6479988e-08 2.6498027e-08 6.641406e-08 4.5597208e-06 9.442722e-05 2.5508045e-08 1.3617083e-05 5.0493287e-07 4.017821e-07 0.03017952 2.5811273e-09 3.7959802e-07 0.009352724 4.839745e-08 1.517449e-07 0.0143851675 0.0023940173 3.8037604e-09 0.003991068 2.03522e-07 0.01565628 0.0061104815 7.168042e-05 5.802886e-07 0.005020014 2.6097167e-08 1.2799051e-08 9.7463555e-08 3.9126824e-08
0.021668302 0.007590897 0.72222763 0.31113204 0.201478 0.0028507551 0.40563893 0.0025937702 0.7607413 0.0003375484 4.079217e-05 0.00019323447 0.22039449 0.48099953 0.00013720566 0.15598296 0.17506401 0.0001812082 1.578549e-05 0.0005887241 6.384944e-06 0.006429418 0.000280099 0.00024557393 3.1346557e-18 0.03303158 0.99968934 0.9445374 1.3449746e-06 0.00013028237 0.007943024 6.023324e-07 0.0030748062 0.091485694 0.0020247546 0.053782955 4.6708727e-05 0.0024613878 0.00016781923 0.0139275 5.7415107e-08 9.354043e-05 4.5054745e-07 1.1325259e-06 0.00033627622 5.4169707e-08 7.6952114e-05 8.805048e-06 1.1984519e-05 2.9591146e-08 6.5436176e-08 2.0816838e-06 2.5422075e-06 8.422297e-05 2.502298e-06 2.50357e-06 2.6128458e-07 7.754311e-06 3.0376025e-06 4.99359e-06 2.8222719e-06 6.8604684e-05 8.033956e-06 3.0082734e-07 5.965992e-08 1.8211124e-07 1.8034431e-06 1.8412256e-06 3.222126e-07 1.6336199e-07 4.6033097e-07 2.1009308e-05 1.8852639e-07 9.9021605e-08 1.1706132e-06 5.420314e-06 2.5221113e-06 8.589471e-08 5.436334e-07 1.4097101e-07 4.2409354e-08 1.0097223e-05 1.126453e-06 2.3868748e-05 1.7010369e-05 1.6290961e-08 1.8738457e-07 9.227941e-05 0.00013580958 1.4653178e-08 2.2002534e-05 4.0570883e-10 0.00023226958 4.9450005e-06 1.5664738e-05 4.2510465e-10 0.00020155485 9.2440337e-07 2.6046132e-09 9.587375e-10 1.831697e-09
0.9791486 0.025684461 0.0007727407 0.21748522 0.5614325 0.008614456 0.4855042 0.0005637599 0.17840043 4.3512035e-05 4.6115532e-05 0.00017046217 0.9334372 0.38364896 0.0002772495 0.8962059 0.6298403 0.0013751441 2.6825097e-05 3.4684075e-05 7.978734e-05 0.74772066 0.07315954 0.035371147 0.03303158 1.2533449e-13 0.0026872493 0.19652878 8.9933616e-05 0.030753413 0.44410005 1.7145432e-05 0.1387203 0.03139666 0.9593242 0.007965741 0.19536202 0.00679516 0.07861954 0.0018812948 2.5650521e-05 0.0023025908 0.00026452355 0.00012387485 0.19363378 0.00048974 0.0069357962 2.0794635e-06 0.0009933517 1.2122503e-07 3.9365605e-05 0.00012405799 0.0008646247 0.34833026 0.00014711414 4.8482366e-06 6.660803e-06 0.0002205002 5.1615676e-05 0.24889885 2.4538369e-05 0.73196286 0.023942484 0.0026592482 2.2531162e-07 1.5141198e-05 7.133801e-05 2.3141965e-06 3.1556436e-08 6.147495e-06 0.11975906 0.0023839849 1.7695128e-06 3.7976768e-06 3.3806434e-06 0.00011984388 0.00263113 1.2492448e-07 0.00014506697 1.6462503e-05 3.4652744e-06 0.062312566 3.118084e-07 1.7644601e-05 0.0674544 8.643051e-07 1.0074455e-07 0.0036136745 0.03447118 3.4446684e-06 0.012636259 4.3811048e-07 0.0019369269 0.0018300929 0.002411538 1.3399265e-06 0.0036001028 8.209583e-07 1.7030138e-07 2.7858925e-06 3.428182e-07
0.0025573582 0.0005238933 0.004472707 0.008883066 0.009198557 7.001146e-05 0.020142347 0.00026617752 0.17714427 2.4151233e-05 4.6311035e-07 4.1013736e-05 0.030989356 0.37168485 1.0320085e-05 0.0024104202 0.12250249 2.082468e-06 1.2823247e-07 7.452499e-06 6.3746216e-07 9.391719e-05 1.4798997e-06 2.9684254e-06 0.99968934 0.0026872493 2.7425028e-19 0.962735 2.7260018e-08 0.045101598 0.0019938932 4.2054854e-08 0.2823943 0.88476527 0.00076935533 0.76734245 0.00012508417 0.26196876 0.00032568708 0.6549929 1.4767148e-08 0.00020474821 0.0018005414 7.7345106e-08 0.00014473656 9.8818266e-05 2.045497e-06 1.7522447e-06 4.2902985e-07 9.909619e-09 6.7605224e-06 1.2254712e-07 3.0020828e-07 3.473566e-06 0.000624618 3.7304578e-06 1.3457354e-06 1.1831505e-05 4.641802e-06 5.128248e-07 3.6488757e-06 3.0851334e-05 1.7382173e-06 1.8394925e-07 3.3547815e-07 6.6028133e-06 6.8022837e-07 1.0194668e-07 3.4428768e-07 1.8232942e-06 7.2878024e-06 6.0106885e-07 1.9482312e-07 1.6034365e-07 2.1535173e-07 3.4560305e-06 1.3234334e-06 1.6939555e-09 3.759743e-07 1.0175921e-07 2.334147e-08 1.0616612e-05 2.7062276e-08 0.0012474686 1.7141394e-05 7.2588776e-08 5.4625056e-09 3.4515972e-06 3.239034e-05 5.5379184e-07 4.8957325e-05 4.6932733e-09 6.406163e-06 8.079157e-06 0.000107447646 8.488053e-09 1.821003e-05 1.8773974e-06 5.6132606e-08 1.0027105e-07 3.904281e-08
0.11261217 0.00083914306 0.004981274 0.0267602 0.092839666 0.00011839964 0.1040414 0.00017947904 0.29984018 1.0581859e-05 6.683952e-08 2.0168955e-05 0.4169413 0.6784503 2.7109225e-05 0.10274824 0.8500556 2.2171951e-05 3.5120793e-06 3.0027331e-05 1.4386887e-06 0.00374102 0.00024997053 0.00022655759 0.9445374 0.19652878 0.962735 5.766689e-15 9.659001e-07 0.55454737 0.23426807 4.8376506e-08 0.79792386 0.88790065 0.08784201 0.6190251 0.043703888 0.37950814 0.0648807 0.2926224 1.382834e-07 0.10843886 0.016362589 2.520892e-06 0.029388607 0.004517472 2.7577342e-05 7.75855e-06 1.0918836e-05 4.957778e-08 0.0010124845 2.2153765e-06 8.020422e-06 0.00012907681 0.008927786 0.0037497904 0.00015251216 0.0015714864 0.0007629078 3.4843943e-05 0.00035367685 0.00088308234 1.7902954e-05 0.00015947268 5.165643e-06 0.00043035432 7.636335e-06 9.009875e-06 1.912195e-07 1.1792956e-05 0.00010840495 3.9110433e-05 2.9791042e-07 1.4142919e-06 1.473579e-06 0.00011858803 0.0001339367 7.096425e-07 2.1650307e-05 2.241371e-06 1.448279e-07 0.0012047391 3.81737e-07 0.0011621262 0.001047327 3.5159445e-07 5.00299e-06 0.000109908135 0.00093695737 2.4452474e-05 0.0020064812 5.8507222e-08 0.00046684835 0.00019261647 0.0006068526 3.659061e-08 0.0004791465 4.6272344e-06 1.1674314e-06 7.186992e-08 2.6305122e-07
0.79304177 0.0041825734 0.00015312515 0.00019680812 5.9521288e-05 0.32267165 0.0001141991 0.36739257 3.1021773e-05 0.010424155 0.045528434 0.2995504 6.30401e-05 5.798563e-06 0.9378375 0.00036145945 3.562961e-07 0.63484246 0.39621165 0.09669836 0.91579175 0.0014261173 0.103330046 0.02075679 1.3449746e-06 8.9933616e-05 2.7260018e-08 9.659001e-07 2.4253926e-16 2.638819e-07 2.537777e-06 0.78433335 2.7772273e-07 1.7251864e-07 3.365465e-05 8.0084824e-08 4.6486157e-06 4.282954e-08 3.3611283e-07 2.0241231e-07 0.9597666 1.1200668e-07 1.3122386e-07 0.9187926 2.5089407e-06 1.2970922e-06 0.05447377 0.11196211 0.43986106 0.015564886 5.5828828e-08 0.6740042 0.19453931 0.010416219 2.0471596e-06 1.1567606e-07 7.336951e-08 1.6746413e-06 2.8326815e-07 0.003018179 3.7646834e-07 0.0003945701 0.011455393 2.7023384e-06 5.456362e-09 1.342361e-07 0.056510184 3.8684412e-08 1.7048313e-08 2.675231e-07 3.055207e-05 0.049448054 1.5219999e-07 4.8461257e-09 8.590713e-09 1.1811735e-06 2.26003e-06 8.898182e-10 1.126426e-06 5.21909e-07 7.779295e-08 0.0008809601 1.6071773e-08 6.440374e-08 0.00025858963 2.2107174e-09 2.2674077e-07 0.0040774476 8.788115e-05 2.6910739e-08 0.00037427378 4.4689692e-08 0.009216842 0.0042400667 1.40519e-06 6.091576e-09 0.0008271968 1.4781117e-09 4.7372524e-09 1.9485869e-08 5.8757276e-08
0.85022646 6.2582086e-07 5.79237e-05 2.7880524e-05 0.0012930159 2.3031084e-06 0.0047191135 2.7321556e-07 0.005403513 5.921439e-08 8.3305856e-08 3.2195211e-07 0.05023895 0.4049394 5.2157436e-08 0.0019710565 0.907001 2.3293017e-06 2.7278741e-08 2.469766e-07 2.0241508e-08 0.00013094665 1.5246314e-06 1.3380475e-07 0.00013028237 0.030753413 0.045101598 0.55454737 2.638819e-07 2.554572e-16 0.6861548 1.7963785e-09 0.9301841 0.43362394 0.30008003 0.32839817 0.41513637 0.75122917 0.5189972 0.13545454 1.7470029e-07 0.95352274 0.53939956 1.6771763e-06 0.5211521 0.8415729 4.3256036e-06 5.9692275e-07 9.855367e-06 1.4412443e-08 0.35137063 5.4236907e-08 1.3029365e-06 5.0921408e-05 0.7128891 0.1493029 0.020964311 0.07424449 0.03842934 4.274155e-05 0.009180244 0.0013883418 3.095246e-06 0.009560703 0.00070288795 0.100293584 3.655795e-05 0.00035341806 1.6478165e-05 0.004530236 0.0019014723 1.732939e-06 3.18184e-05 0.0017726038 9.757186e-05 0.006076729 0.0034093442 1.4654599e-07 0.0003708195 1.569695e-05 2.1965467e-05 0.00060972996 7.42687e-05 0.00067354675 0.00083347433 1.204102e-05 2.91697e-07 3.672558e-05 0.0023412167 8.249436e-05 0.0008099169 7.595744e-07 5.1869265e-05 1.4842395e-05 0.002332465 8.566314e-06 0.00048808198 8.645026e-06 7.5602236e-07 3.6084293e-06 1.4997388e-05
