1.3330363e-17 0.5186152 0.8681131 0.87795377 0.7478669 0.98549825 0.07617012 0.03439534 0.0013279109 0.16549842 0.09313567 0.0009267797 0.0562958 0.9074049 0.00066285644 0.6068065 0.98354644 0.0080758305 0.0006860165 0.0012408841 0.91524786 0.7980462 0.65689254 0.76764715 0.8527898 0.83290625 0.9787898 0.9755873 0.55600446 0.0024300439 0.0028703462 0.91614467 0.69384956 0.8152269 0.9506245 0.16125853 0.34348863 0.9691452 0.951169 0.8018991 0.9224749 0.84892017 0.9100483 0.5890949 0.0003669822 0.9922883 0.0138837835 0.84211195 0.9189442 0.9332578 0.72812325 0.89019746 0.93230176 0.08948219 0.46909472 0.9250971 0.52376294 0.63912874 0.94045824 0.9618552 0.01703329 0.91200995 0.84284234 0.9159926 0.1419171 0.63761955 0.8789731 0.909365 0.8381202 0.8099547 0.06711503 0.8164454 0.26427504 0.15274167 0.54429334 0.65750295 0.9091207 0.6926979 0.9836211 0.932189 0.34203565 0.8960646 0.00037349662 0.9108058 0.0573985 0.97089 0.9604091 0.25075814 0.007165626 0.9014915 0.9998321 0.0001356536 0.9993742 0.0975579 0.9983774 0.00795317 0.5531198 1.7469794e-05 0.9873287 0.999976 0.99968696
0.5186152 1.553628e-13 0.99495184 0.2863946 0.26757956 0.7545056 0.8815138 0.92810845 0.48891154 0.35988647 0.0018395172 0.38555008 0.06336998 0.045029737 0.28269213 0.00037986567 0.6741586 0.04572255 0.03479175 0.0023892138 0.14599144 0.0011293018 0.0004392897 0.0004840348 0.000217144 0.43207392 0.055254444 0.21229191 4.0849827e-05 1.9836181e-05 1.024966e-05 0.026783338 0.041552182 0.045343917 0.16064286 5.2662177e-05 0.00047208526 1.772505e-05 0.0022318815 0.00029687225 0.00033479818 0.00048535128 1.852474e-05 0.00037044575 1.919971e-06 0.051818002 9.998644e-07 0.00081254967 2.5983096e-05 0.00149733 1.5649044e-05 0.0006122319 2.9396365e-06 5.491899e-05 2.3760258e-05 2.383532e-06 2.0666455e-05 0.00015306003 2.643726e-05 0.00044672718 2.4025908e-06 0.0004030405 0.001079166 4.314838e-06 2.9360745e-05 0.00016318877 1.3026179e-05 0.00022745103 1.0147047e-06 5.8702197e-05 0.0001384619 0.0010227817 1.2488476e-06 4.135814e-06 1.0968964e-05 1.9362176e-05 0.001975265 3.559317e-09 0.00026677828 1.2727546e-05 3.2107977e-07 2.8747803e-05 2.1928913e-06 0.0011682021 4.5485083e-07 0.0014752855 4.2665193e-05 1.1239912e-06 3.4852995e-08 2.649099e-05 1.2082453e-05 7.044874e-07 0.00030992043 1.3715913e-07 1.0498809e-05 9.426975e-09 1.9463325e-06 2.3214187e-07 0.0001452727 0.0005365813 0.00065486814
0.8681131 0.99495184 7.733439e-14 0.8348181 0.9421701 0.3399882 0.45054302 0.69700783 0.06095724 0.012443586 0.035324037 0.01987252 0.35650456 0.0016580968 0.010553601 0.008275637 0.8597766 0.0014378624 0.0004956687 4.9236883e-06 0.6778732 5.571786e-05 2.6060248e-05 4.5471166e-05 0.003919486 0.22806022 0.0061505446 0.42858994 0.00040755386 0.0003689086 0.000100838035 0.26326287 0.014507217 0.0082622785 0.13923381 0.000239149 0.014470973 0.00026953305 0.0001715218 0.003196966 4.7301655e-05 0.0063348664 0.00021296536 0.00012248562 2.0076437e-05 0.013848039 1.304841e-05 5.6655983e-05 2.192814e-06 0.00028675774 8.835767e-06 0.00018593123 5.116797e-07 2.9088393e-05 0.0002345684 7.113805e-07 5.0454805e-06 1.3079444e-05 1.577783e-05 0.0005119028 3.3010918e-05 0.0023051237 0.00900257 8.5827537e-07 6.206828e-06 0.00027973726 0.00016522722 0.0009614654 2.141571e-07 0.00021480216 0.00013917268 0.0058121053 1.2125209e-07 4.553858e-06 0.00017426025 1.4648996e-05 0.005598356 3.4985604e-08 0.0023064343 8.229278e-06 4.7527828e-07 5.797742e-05 1.3174141e-06 0.0015198555 3.3095208e-07 0.00385604 2.3960292e-05 3.6032884e-06 3.7966498e-07 2.1568801e-05 0.00031370678 6.20951e-08 0.0035206864 3.2936843e-08 8.604739e-06 3.719473e-10 1.4598377e-06 9.806566e-08 0.0009920499 0.0027183972 0.002281733
0.87795377 0.2863946 0.8348181 8.556786e-15 0.9895465 0.16859488 0.024753122 0.1361091 0.0034241423 0.0015967394 0.0559477 0.0011943108 0.09257899 0.00059365167 0.0007231074 0.06782024 0.9444552 0.00019610161 8.7506225e-05 5.464116e-05 0.8994196 5.566108e-05 1.4708321e-05 4.38518e-05 0.011766776 0.20654103 0.0022729775 0.5404696 0.0003285694 0.000693973 0.00012909983 0.39026886 0.01813755 0.015001851 0.23993231 7.53014e-05 0.05990951 0.0006755625 2.5640005e-05 0.0043452913 8.069947e-06 0.020743571 0.00017323392 8.448781e-05 1.7512482e-05 0.031977564 0.00011543995 9.100371e-05 2.6435002e-06 0.0006544995 1.6308793e-06 8.794042e-05 1.10984e-07 2.8732671e-05 0.00035329087 3.6889713e-07 1.4995206e-06 1.1160422e-06 4.7120366e-06 0.00056210853 1.6700666e-05 0.014688089 0.052008644 2.0622126e-06 4.884557e-06 0.001465042 2.4485633e-05 0.003204229 4.2902045e-07 0.0010581346 1.4239041e-05 0.040346894 3.0287117e-07 3.6578382e-07 0.00016398847 5.928559e-06 0.050475504 2.258836e-08 0.010225277 7.5532594e-06 1.4704078e-06 0.00016997241 5.996184e-06 0.0051030205 1.8873893e-06 0.0066320705 2.8571199e-06 3.5417013e-06 1.2783145e-06 9.331434e-06 0.00025068579 4.291319e-08 0.0035205167 8.9363915e-08 7.2631155e-06 1.1111908e-08 1.4802081e-05 6.639823e-08 0.003520315 0.0017552831 0.0021837559
0.7478669 0.26757956 0.9421701 0.9895465 3.7938657e-15 0.014710309 0.010680249 0.19987975 0.001995494 8.621171e-05 0.63208395 0.00043237812 0.6953127 5.2115396e-05 9.841377e-05 0.72130686 0.77200264 5.657947e-05 3.2419608e-05 6.236516e-07 0.8204503 9.763864e-06 1.0244545e-06 4.2915653e-06 0.06894728 0.0353177 0.00021874587 0.2499161 0.004974011 0.006169473 0.0011873832 0.42827758 0.0015447971 0.0016301782 0.027298525 0.00081915414 0.09977905 0.0025486515 4.403656e-06 0.0145174805 1.5996509e-06 0.03943564 0.0012212789 2.8875984e-05 9.9649646e-05 0.0014726582 7.678929e-05 1.338239e-05 5.769595e-07 6.581681e-05 4.912265e-07 6.032839e-05 8.1138644e-08 3.3432625e-06 0.00055497966 4.209096e-08 6.1220004e-07 3.4919216e-07 3.1760599e-06 8.21192e-06 4.15394e-05 0.025437733 0.033856075 1.702429e-07 3.2073042e-06 0.0029304854 0.00037058129 0.005466859 1.9768328e-07 0.0013431315 0.00012800675 0.019363873 1.4721822e-07 6.727911e-07 0.00019386927 6.104849e-05 0.009028656 1.919208e-06 0.0072314674 3.6009387e-06 4.137315e-07 2.7578317e-05 7.446504e-06 0.00095764524 9.716027e-08 0.0028459758 1.3542518e-06 4.6177934e-07 1.3215295e-07 8.821332e-07 0.00017981586 5.364349e-08 0.002708172 6.6359322e-09 1.684261e-06 1.2747344e-09 4.4768677e-07 2.4566619e-08 0.0011598233 0.0015583717 0.0012698396
0.98549825 0.7545056 0.3399882 0.16859488 0.014710309 9.322559e-15 0.93321925 0.3691255 0.10684916 0.8946542 5.2087773e-05 0.3670229 0.00028516294 0.4208249 0.2753944 7.844868e-05 0.82815963 0.40681523 0.082537636 0.1022199 0.07611788 0.003981275 0.0014376108 0.0028529556 3.7102007e-05 0.8376674 0.42195493 0.37427443 3.7657703e-06 3.6271672e-06 6.6949224e-07 0.0029759612 0.37250417 0.42550802 0.64758784 6.687651e-06 0.00028083698 1.3949063e-06 0.015533189 5.041717e-05 0.0007144401 4.2712094e-05 2.5361717e-07 0.0042485143 1.7886074e-07 0.5575253 1.6757909e-07 0.006925793 1.9532039e-05 0.01075337 9.944776e-06 0.0034246568 1.5663594e-06 6.35252e-05 3.0780052e-06 6.7269066e-06 1.7707225e-05 0.00019995468 0.00015747292 0.017828193 2.3138531e-07 0.00038712888 0.0033239748 7.446979e-06 8.9081595e-06 7.1950264e-05 2.3272432e-06 0.0001491737 1.0574681e-06 2.3387875e-05 0.0031267498 0.004769557 3.265618e-07 1.3031111e-05 4.213852e-06 5.2307746e-07 0.013001 1.6168216e-09 0.0012427528 1.0672425e-05 6.4443043e-07 0.00037361652 3.3463632e-06 0.0097677205 4.837874e-07 0.0065223114 3.4394936e-05 6.1217965e-05 5.0818073e-07 3.5788755e-05 4.3461234e-05 3.2794424e-06 0.0011735144 1.3602401e-07 3.3923072e-05 4.9445187e-08 1.4076794e-06 5.289936e-07 0.0004692641 0.0038538177 0.0006227587
0.07617012 0.8815138 0.45054302 0.024753122 0.010680249 0.93321925 9.056987e-16 0.8852435 0.97158957 0.7564427 0.00021063685 0.94228494 0.002350797 0.62428224 0.8616205 0.00016442915 0.31534594 0.480853 0.4345322 0.010354091 0.01750951 0.010750511 0.0044021844 0.0038204154 3.149233e-05 0.0933039 0.039352212 0.039174914 1.5702653e-05 4.3520363e-06 1.1398991e-07 0.0024949305 0.010805083 0.0176198 0.034305863 6.399391e-06 0.00011177455 9.814926e-07 0.0012763678 2.7223581e-05 0.00046260055 0.00014814248 1.8775423e-06 7.383627e-05 3.7766458e-06 0.010103823 4.9539045e-07 0.00041793834 9.3520675e-06 0.00035758302 1.8975921e-06 0.00037236477 1.2136732e-07 1.48416175e-05 5.9277954e-06 1.16333084e-07 2.5651693e-07 2.3751795e-06 1.42561075e-05 9.5154566e-05 4.7859434e-08 2.8841609e-05 9.150315e-05 3.6636618e-07 1.3053618e-06 3.8155013e-06 5.9363543e-08 5.358418e-06 9.967255e-07 7.4451823e-06 0.00016214319 0.00013026099 2.3808319e-07 6.302963e-07 2.8714085e-06 2.0148354e-06 0.0004902641 2.5699379e-08 2.3894509e-05 5.276684e-07 2.1145146e-07 7.656439e-06 2.0792838e-07 0.00015296765 1.3941145e-07 0.000191664 2.8288562e-07 1.3040932e-07 8.255914e-07 4.3224262e-07 4.3602367e-06 8.2127976e-08 9.93013e-05 1.2055353e-08 1.5968564e-07 3.2155764e-08 1.3625753e-06 9.5536514e-08 8.7519504e-05 0.00025671432 0.00015397448
0.03439534 0.92810845 0.69700783 0.1361091 0.19987975 0.3691255 0.8852435 2.5993567e-17 0.99950635 0.0045517264 0.0029603979 0.040462688 0.36923996 0.00051020476 0.020691661 0.0035665992 0.1967604 0.0024867363 0.008793829 6.292363e-07 0.028085057 8.0370214e-08 1.5503143e-07 1.377328e-06 0.0008764495 0.0037113656 0.00013372368 0.008866981 0.0009032682 0.00016500927 1.884112e-05 0.003179636 1.960112e-05 3.8719496e-05 0.0005203257 0.00012037708 0.00014158804 0.0002498547 4.0527775e-06 0.0001915644 5.223148e-07 0.00021856694 1.6694088e-05 2.5047857e-06 0.00018682527 0.000252368 1.1247047e-05 1.6092188e-06 7.908405e-08 2.0917312e-06 1.5124529e-07 4.070277e-06 5.7708135e-08 9.767622e-07 1.0541972e-05 2.4354725e-07 3.2449486e-07 4.6221885e-06 4.176142e-06 5.70947e-08 2.8951288e-07 0.00015185414 0.000110699395 2.0668022e-06 1.4269633e-06 9.322975e-06 1.5918023e-07 2.658679e-05 2.3061318e-07 1.4681637e-05 3.7232892e-06 1.761469e-05 8.096179e-08 5.363638e-06 4.952972e-06 9.264823e-06 0.000120128 3.9912766e-08 3.23276e-05 4.9518458e-05 3.4088902e-08 1.5620736e-06 3.315137e-09 3.6596723e-06 1.02781534e-07 2.496409e-05 3.2477473e-07 1.1537824e-07 3.2295848e-08 4.371995e-08 1.0486492e-05 8.0712237e-10 0.00020817015 2.3168958e-09 1.0852847e-06 2.9720348e-11 3.1402912e-08 3.3370662e-10 3.5022007e-05 2.2449743e-05 2.0426054e-05
0.0013279109 0.48891154 0.06095724 0.0034241423 0.001995494 0.10684916 0.97158957 0.99950635 1.0767209e-17 0.25685555 4.872523e-05 0.8312965 0.0013420827 0.009469394 0.7970923 0.000111886 0.015713181 0.230965 0.72316635 0.004483211 0.0011029711 1.0198977e-05 1.3018169e-05 7.460859e-05 1.9914673e-05 0.0013424502 0.00011989794 0.0008099702 2.820387e-05 3.7206942e-06 3.3387843e-07 6.9280584e-05 0.000116193114 0.00011526009 0.00022792527 4.105449e-06 1.702214e-06 3.4258471e-06 2.7505516e-06 1.5257384e-06 4.009249e-06 2.0209068e-06 3.9135875e-07 3.22139e-06 2.1220649e-06 4.993292e-05 1.7081112e-07 2.7561236e-06 2.8464245e-07 5.2941223e-06 3.891718e-07 1.662485e-05 1.3548507e-07 3.0654173e-06 4.8588543e-08 3.7885354e-08 2.7786132e-07 3.0654173e-06 9.674678e-08 8.918683e-08 1.8927851e-07 3.947995e-06 6.5306665e-07 2.1008935e-08 1.0694212e-06 1.2573652e-07 6.8685964e-08 1.5738312e-06 9.932823e-08 4.5839204e-07 1.3984902e-05 1.568657e-06 4.1553328e-08 2.0512443e-06 4.466515e-08 3.4229586e-07 5.8429937e-06 4.1158357e-09 3.96326e-07 3.5533223e-08 3.4251628e-09 1.0326296e-07 1.2290311e-06 4.623238e-06 3.1220784e-10 1.8893083e-05 2.0759074e-07 1.7958733e-07 4.4665724e-09 2.8209852e-08 6.222717e-08 3.8065546e-09 1.4092303e-05 2.8349256e-10 4.6137086e-07 8.297747e-11 1.0242688e-08 4.812762e-09 7.73741e-06 4.9773887e-05 3.3657314e-05
0.16549842 0.35988647 0.012443586 0.0015967394 8.621171e-05 0.8946542 0.7564427 0.0045517264 0.25685555 3.3895528e-14 8.2300785e-06 0.8420212 0.00017322632 0.96970695 0.7709228 9.1517114e-07 0.13193397 0.97821695 0.5165243 0.11635294 0.0016321127 0.1434482 0.1441492 0.17664494 4.2014326e-06 0.13594134 0.36340103 0.02327334 1.8281781e-06 2.5002524e-07 5.4719846e-09 0.00037490056 0.042268377 0.07115836 0.0627518 9.873735e-07 2.3135222e-05 3.802462e-07 0.07701445 1.8845863e-05 0.018167283 5.682321e-06 1.803031e-07 0.0060207173 3.25704e-07 0.07519358 4.0987203e-08 0.007413357 0.0005171433 0.009906479 5.542943e-05 0.002866875 5.8018377e-06 0.00018480778 2.5995423e-06 3.635527e-06 1.2444101e-05 0.000509328 9.8735094e-05 0.0024612304 4.9472924e-08 1.9164983e-05 0.00013933297 6.6815237e-06 1.9414263e-05 2.3673607e-05 9.742674e-08 4.5408437e-06 1.7648983e-06 4.9061623e-06 0.0034414327 0.00020396903 2.0671885e-06 2.3665345e-05 1.9973263e-06 2.9327846e-06 0.0014395254 5.8454543e-09 1.6938315e-05 2.8444494e-05 1.5254415e-06 5.0143084e-05 5.246565e-06 0.000992967 4.5028798e-07 0.000578534 4.0754126e-06 9.202635e-06 9.632049e-07 2.835683e-06 9.262561e-06 2.6867276e-06 0.000116760515 1.0069897e-08 1.7357607e-06 2.4253507e-07 7.6032634e-06 2.3591513e-06 0.00056216295 0.00039239795 0.0006366111
0.09313567 0.0018395172 0.035324037 0.0559477 0.63208395 5.2087773e-05 0.00021063685 0.0029603979 4.872523e-05 8.2300785e-06 1.8989193e-15 3.693224e-05 0.9988662 2.8200053e-05 1.922805e-05 0.9790917 0.033222176 4.053798e-06 1.751945e-05 6.563934e-07 0.28091344 1.569951e-05 1.7917703e-06 1.1619561e-05 0.22396958 0.00043470215 1.6075692e-05 0.008703846 0.0331955 0.020832837 0.001670923 0.08225397 0.00017931139 3.739215e-05 0.0007036378 0.013372432 0.06013129 0.006137747 2.854154e-06 0.017672094 2.2172176e-06 0.012880935 0.0014352718 2.6240856e-05 0.000502473 0.00014117088 0.0009852181 7.918624e-06 3.9297915e-06 2.8680164e-05 1.8474724e-05 5.0283677e-05 1.4640455e-06 2.482312e-05 0.0006402038 1.0253937e-06 3.1778472e-06 1.229843e-05 6.4278206e-06 4.9503324e-06 6.314835e-05 0.009075644 0.0050287135 6.3254574e-06 3.0296394e-05 0.0013810432 0.00010114952 0.0014781556 7.219808e-06 0.0008377381 2.0773752e-05 0.0014858647 2.9655743e-07 1.1776615e-05 4.6210847e-05 1.7317099e-06 0.0003338417 5.5187984e-06 0.0013627224 8.3908134e-07 3.2439323e-06 1.20986315e-05 2.5300105e-06 0.00015675162 6.888647e-07 0.00044848418 7.2387155e-07 9.418798e-07 1.4192369e-06 4.3950735e-07 6.889916e-05 6.467789e-08 0.0009408295 5.6242563e-08 3.4889777e-06 7.5665674e-10 1.2398193e-06 1.4203168e-07 0.00037959966 0.00027959672 0.0003636474
0.0009267797 0.38555008 0.01987252 0.0011943108 0.00043237812 0.3670229 0.94228494 0.040462688 0.8312965 0.8420212 3.693224e-05 4.394553e-15 0.000419118 0.27265272 0.99620396 6.016447e-05 0.019447597 0.8432918 0.9044063 0.047061212 0.0010599783 0.006188592 0.0038667559 0.012327189 3.4401262e-05 0.015235067 0.0072752894 0.002337714 0.000103202074 1.1582039e-06 3.8979636e-08 0.00025974857 0.001870105 0.0038664 0.003054221 9.25841e-06 7.928675e-06 1.3314461e-05 0.00060563703 3.9225124e-06 0.0007424642 3.412086e-05 1.8141363e-06 0.0017536499 1.3891516e-06 0.0019645635 1.1956109e-06 0.00016286383 2.4636996e-05 0.00022441451 1.3206313e-05 0.00021464037 1.2381875e-06 5.0207822e-05 1.5968753e-06 5.642786e-06 3.157679e-06 0.00030201816 1.7545764e-05 6.2890003e-06 3.6419884e-08 5.3422996e-06 1.4832334e-05 1.0708071e-06 8.531883e-06 1.1071206e-06 2.382473e-08 1.12496655e-05 2.4423866e-06 1.1735284e-06 0.0035651673 1.7977807e-05 3.9500793e-07 4.4501692e-05 1.5724592e-07 4.5038824e-08 0.00010800467 1.0555214e-08 7.283877e-06 3.513533e-06 5.2629343e-07 2.7280736e-05 4.4285355e-07 0.000117220974 2.0447901e-07 9.410341e-05 2.4372791e-06 3.0631877e-06 2.5084694e-06 2.9834854e-07 1.5972829e-07 3.5439635e-07 1.12619455e-05 2.7183123e-08 1.4399927e-06 1.030168e-08 5.012792e-07 3.5463302e-07 4.2704723e-05 0.00029143997 7.1687726e-05
0.0562958 0.06336998 0.35650456 0.09257899 0.6953127 0.00028516294 0.002350797 0.36923996 0.0013420827 0.00017322632 0.9988662 0.000419118 9.199829e-15 0.0001143915 0.00027306544 0.4181711 0.018083982 9.720193e-05 0.00015758605 1.2486726e-06 0.049918838 5.424651e-05 9.039611e-06 3.3050106e-05 0.169603 0.00021476734 0.00012104615 0.0025416855 0.736847 0.8104692 0.037893612 0.022838794 6.226354e-05 3.3796263e-05 0.00062139245 0.5625824 0.00500456 0.06471194 1.0486961e-05 0.0061116093 6.729062e-06 0.0031514836 0.0006058187 0.00018160074 0.040674873 0.00015345363 0.002259754 6.2625286e-06 1.3065462e-06 3.644565e-05 2.7407024e-05 2.0974516e-05 7.632472e-07 0.00013194335 0.0004537439 1.7584905e-06 9.13872e-06 3.5072444e-05 2.4815548e-05 5.591502e-05 0.00045326602 0.0015922299 0.0005436014 3.111896e-05 7.4209995e-05 0.00025469856 0.00010770279 0.0003554048 1.3398525e-06 0.00025987768 6.6934794e-05 4.3226613e-05 9.786615e-07 0.0002937165 6.38267e-05 3.9999784e-05 5.8339214e-05 4.4160006e-05 0.00047974088 5.9943335e-07 2.841532e-05 1.39108515e-05 3.1841723e-06 7.202358e-05 1.6613645e-07 2.715715e-05 1.1448567e-06 8.877654e-06 1.2297222e-07 1.4088278e-06 4.7629565e-05 3.7713384e-09 0.00046045726 2.1917443e-09 1.4605242e-06 3.0615652e-09 1.9732681e-06 1.7284963e-09 0.00011225901 0.00012890433 0.00015001459
0.9074049 0.045029737 0.0016580968 0.00059365167 5.2115396e-05 0.4208249 0.62428224 0.00051020476 0.009469394 0.96970695 2.8200053e-05 0.27265272 0.0001143915 1.3466241e-13 0.21799272 9.989872e-06 0.020123767 0.6181567 0.11493442 0.60970134 0.0009782972 0.54522324 0.4387222 0.48765332 1.8172004e-05 0.46671608 0.9387941 0.015484964 4.167282e-06 1.2843362e-06 3.7858646e-07 0.000108244305 0.2481089 0.48073712 0.17862467 1.8358096e-06 4.1747386e-05 4.6663533e-07 0.2916299 1.6965136e-05 0.028474499 5.96791e-06 1.0399389e-07 0.15643978 9.904621e-07 0.55319446 4.9838155e-07 0.042511754 0.0013485702 0.13830875 0.002175812 0.019360881 4.3126307e-05 0.001469334 1.5246081e-06 9.435107e-05 0.00029600607 0.018043704 0.0022722534 0.040069647 3.2497753e-06 8.879088e-05 0.00027021664 0.00010856697 0.0004897262 2.6628453e-05 5.38499e-06 7.781985e-05 4.4579874e-06 5.39325e-06 0.087880574 0.0007785256 4.6447153e-06 0.00017705408 7.841148e-06 2.4891124e-06 0.004131049 7.691094e-09 0.00017805345 0.00024251995 5.559166e-06 0.0018882097 1.5060752e-05 0.011802003 5.8379974e-06 0.005865908 0.00011853059 0.00025651246 9.785635e-07 0.00017847371 3.9370894e-05 8.301263e-05 0.00036173963 3.776597e-07 3.984019e-05 2.4515984e-07 1.0049095e-05 5.3841895e-06 0.0005349557 0.0054035927 0.0009762738
0.00066285644 0.28269213 0.010553601 0.0007231074 9.841377e-05 0.2753944 0.8616205 0.020691661 0.7970923 0.7709228 1.922805e-05 0.99620396 0.00027306544 0.21799272 1.1627589e-14 3.2411943e-05 0.009844559 0.8781622 0.9585608 0.11418975 0.00067554537 0.004837028 0.0028848608 0.01894126 4.0698174e-05 0.012671522 0.0046443176 0.0015470911 0.00025224627 2.0870407e-06 6.164184e-08 0.00013090657 0.0012606042 0.0030427824 0.0022445307 1.762173e-05 4.8199026e-06 1.2830882e-05 0.0003812546 2.9323567e-06 0.0003062709 1.532608e-05 1.225334e-06 0.0059879753 1.2711868e-06 0.0022972212 1.3794246e-06 5.8962254e-05 1.09399525e-05 0.00019069822 4.5775992e-05 0.00012179304 5.8625045e-07 6.968094e-05 1.3426255e-06 2.5725226e-06 3.5634625e-06 0.00032475108 9.844967e-06 1.4843952e-05 8.5488715e-08 9.420457e-06 7.318475e-06 2.0600603e-06 1.3014954e-05 1.3878459e-06 4.14997e-08 1.6283253e-05 5.1240213e-06 1.5361995e-06 0.015077785 6.8114477e-06 5.554479e-07 0.00011467691 7.102569e-08 2.4543294e-08 5.1894105e-05 7.966932e-09 1.3805005e-05 3.1954892e-06 2.080856e-06 2.3100036e-05 1.1837548e-06 0.00012913738 2.3032658e-07 0.00012969474 2.3856242e-06 2.519469e-06 5.372971e-06 4.897404e-07 2.8010658e-07 3.576673e-06 2.1554757e-05 1.9885208e-08 2.3227844e-06 1.33393e-08 6.150699e-07 1.3500776e-06 4.347309e-05 0.00062377035 0.00012667733
0.6068065 0.00037986567 0.008275637 0.06782024 0.72130686 7.844868e-05 0.00016442915 0.0035665992 0.000111886 9.1517114e-07 0.9790917 6.016447e-05 0.4181711 9.989872e-06 3.2411943e-05 2.4620383e-15 0.18158285 4.0876128e-07 2.61723e-05 2.5313547e-08 0.6951597 1.6203867e-06 3.7941345e-07 6.4799616e-07 0.96750784 0.0017688456 2.1060141e-05 0.036128372 0.6351654 0.083399504 0.012521612 0.42052904 0.00057257304 3.7070353e-05 0.0027230775 0.15934005 0.5348219 0.22814976 8.546057e-07 0.6886688 6.5405334e-07 0.15426697 0.04286837 1.6265762e-05 0.00075540086 8.542056e-05 0.0058217803 5.256917e-06 3.2135335e-07 3.0927073e-05 6.130782e-07 1.564709e-05 1.3016293e-07 3.110358e-06 0.032147884 1.9968778e-07 1.4865812e-07 1.606835e-07 7.085612e-07 3.6166564e-06 0.000647027 0.10838406 0.05876002 2.9441296e-07 1.0658717e-06 0.037240032 0.0040961225 0.027492644 2.0803529e-07 0.01754582 1.0554909e-05 0.024396002 4.0568683e-08 2.5743877e-06 0.009055785 0.0028283058 0.0031529733 0.00024071573 0.02320085 1.6208704e-08 1.2431095e-06 2.7730896e-06 3.7026487e-06 4.2904052e-05 8.74023e-07 0.0012390021 1.7521074e-08 7.2068545e-08 2.198782e-06 1.4604238e-06 0.005519973 3.051714e-08 0.01510837 1.1173771e-09 8.620771e-08 1.4085689e-09 7.801666e-06 1.630405e-08 0.0015893783 0.00011302839 0.0011641602
0.98354644 0.6741586 0.8597766 0.9444552 0.77200264 0.82815963 0.31534594 0.1967604 0.015713181 0.13193397 0.033222176 0.019447597 0.018083982 0.020123767 0.009844559 0.18158285 1.5041357e-11 0.00511094 0.002120743 0.0011682011 0.8642632 0.00062540063 0.00013142043 0.0003258356 0.010047347 0.66771066 0.015696885 0.8945497 0.00038798118 0.00024725628 4.803005e-05 0.18094957 0.24400464 0.18798353 0.6789847 0.00018439142 0.020382592 0.00027857494 0.0003892121 0.00087590603 6.6733e-05 0.0074642044 4.3215317e-05 0.00085586304 7.225684e-06 0.40094006 2.6686594e-05 0.0006330388 5.0054955e-06 0.0029208118 4.019212e-05 0.0007052505 4.747361e-07 0.00012995326 0.00011620885 5.3312956e-06 6.1384253e-06 8.4657506e-05 6.388937e-05 0.008500598 4.5930205e-06 0.009757247 0.044135284 0.0001635418 2.0810812e-05 0.0019468076 4.804178e-05 0.0030906298 1.9524246e-06 0.00082896656 0.0011977338 0.06338727 1.51609e-06 6.0800212e-05 5.203207e-05 1.02771055e-05 0.23383717 1.9830713e-07 0.014582301 8.484626e-06 4.473221e-06 0.00033445418 1.4661608e-06 0.0088888 2.1514143e-06 0.028435849 1.2651139e-05 2.5308684e-05 3.1918617e-06 3.6726593e-05 0.00041693432 4.7584094e-06 0.0046333927 6.3828004e-08 8.518602e-05 3.6633162e-07 2.6863398e-05 7.7021343e-07 0.0077257245 0.0063210195 0.005340018
0.0080758305 0.04572255 0.0014378624 0.00019610161 5.657947e-05 0.40681523 0.480853 0.0024867363 0.230965 0.97821695 4.053798e-06 0.8432918 9.720193e-05 0.6181567 0.8781622 4.0876128e-07 0.00511094 7.9275073e-16 0.95309657 0.9813393 7.558011e-05 0.031530883 0.030626038 0.18803023 9.3485227e-07 0.014937117 0.043098625 0.0005344697 4.9343157e-06 9.440457e-08 6.748499e-09 1.5115438e-06 0.0019358669 0.0042636497 0.0020964176 1.3176856e-06 1.2601317e-06 6.8603833e-07 0.0031092297 2.6517773e-06 0.0014323428 1.184504e-07 2.5120136e-07 0.017758213 2.3410233e-07 0.0042443895 3.8703455e-08 0.0004265909 6.8134e-05 0.00040972533 0.00016838081 0.0001980844 3.991178e-06 0.00038535768 1.1010667e-07 1.7409795e-06 6.535224e-06 0.0007328191 2.1835203e-05 0.00061597046 7.875856e-09 2.7950525e-06 9.65726e-07 2.9611232e-05 1.6375334e-05 3.0295698e-07 3.1887396e-08 1.6774209e-06 1.4358255e-06 1.3520251e-07 0.03147882 7.3141355e-06 3.6994243e-07 4.7772315e-05 4.3906724e-08 3.9512324e-07 3.1619387e-05 1.3907282e-09 5.41157e-06 8.146865e-06 1.978649e-07 1.26148625e-05 7.2388093e-06 0.00011441036 5.593723e-08 0.00011654091 5.8740525e-06 1.3489334e-06 1.2190395e-05 2.0736193e-06 1.2148932e-06 0.0001098307 4.1486117e-05 2.4048946e-08 5.9059066e-06 1.0320468e-07 3.6050722e-06 5.7316498e-05 4.428011e-05 0.00014149191 3.394294e-05
0.0006860165 0.03479175 0.0004956687 8.7506225e-05 3.2419608e-05 0.082537636 0.4345322 0.008793829 0.72316635 0.5165243 1.751945e-05 0.9044063 0.00015758605 0.11493442 0.9585608 2.61723e-05 0.002120743 0.95309657 1.8534652e-13 0.9955954 0.00015820538 0.0016355981 0.0021916016 0.027803997 3.441981e-05 0.003912726 0.0030795878 0.0009398821 2.2339136e-05 4.570123e-07 1.5587395e-07 3.4055258e-05 0.0005927431 0.0011415457 0.00084525923 2.037817e-05 4.1951707e-06 2.343866e-06 0.00024302815 2.3849887e-05 0.0001692158 1.8294758e-06 3.4051538e-06 0.0017948248 3.4575405e-06 0.0011148116 5.2800976e-07 6.549884e-05 1.5577945e-05 0.00017009338 5.970799e-05 0.0001808486 4.1947987e-06 0.00040630135 7.3373684e-07 8.7551973e-07 5.9587933e-06 0.00033183527 2.954665e-06 3.429288e-05 4.9153883e-08 1.3025954e-05 3.6125334e-06 7.1326267e-06 1.27398e-05 1.7496515e-06 2.7560907e-07 9.766481e-06 3.4207021e-06 5.837015e-07 0.021801583 1.2090662e-05 2.3778425e-06 8.4790896e-05 3.3438096e-07 1.7792004e-06 3.0216064e-05 2.853333e-09 1.7516591e-05 5.0661747e-06 4.896302e-07 1.3109415e-05 2.3024577e-05 0.00013666162 3.588191e-07 0.0003152892 1.3146737e-05 3.830961e-06 1.9187794e-06 8.868891e-07 5.132044e-07 6.23666e-05 0.0001376325 2.9775093e-08 6.9763887e-06 5.5192718e-08 8.818846e-08 7.551491e-05 5.054532e-05 0.00043406585 0.00017525638
0.0012408841 0.0023892138 4.9236883e-06 5.464116e-05 6.236516e-07 0.1022199 0.010354091 6.292363e-07 0.004483211 0.11635294 6.563934e-07 0.047061212 1.2486726e-06 0.60970134 0.11418975 2.5313547e-08 0.0011682011 0.9813393 0.9955954 1.4343782e-18 3.468394e-05 0.15795079 0.1934419 0.8495952 2.0414514e-06 0.006980848 0.027067637 0.00012878257 4.58044e-06 2.4815308e-09 4.528032e-09 6.11959e-07 0.0018112425 0.002435919 0.0008238367 7.568138e-07 8.223268e-08 8.175853e-07 0.0064442987 3.9807375e-07 0.007180012 1.16815805e-07 7.552805e-08 0.77815914 3.4332925e-09 0.0023664702 1.1047269e-07 0.001900962 0.0042011365 0.0009042383 0.0073526287 0.0010030511 0.0010222816 0.02919513 4.2229456e-07 0.00032911258 0.002274937 0.07387513 0.00018763181 0.0007251087 8.6867846e-10 1.1025845e-06 2.2739248e-06 0.00011199136 0.0020253686 9.229876e-09 1.7087931e-08 2.1538112e-07 0.00024495993 1.4186477e-07 0.55403984 6.5670645e-07 2.3629125e-05 0.0011655948 1.0001943e-08 1.7784258e-07 3.652669e-05 5.600889e-11 3.7342468e-07 0.00011052028 1.3942507e-06 4.1824533e-05 0.00075725565 0.00022066703 1.4904864e-05 2.4878485e-05 0.00011102016 4.4917244e-05 2.5696136e-05 4.426352e-05 2.7366893e-06 0.001760951 1.0683447e-06 2.6647683e-07 0.000322916 8.1558355e-08 7.664629e-06 0.002936954 1.591411e-05 0.00015051643 7.3751644e-06
0.91524786 0.14599144 0.6778732 0.8994196 0.8204503 0.07611788 0.01750951 0.028085057 0.0011029711 0.0016321127 0.28091344 0.0010599783 0.049918838 0.0009782972 0.00067554537 0.6951597 0.8642632 7.558011e-05 0.00015820538 3.468394e-05 3.47335e-14 0.00011510334 1.986507e-05 2.782949e-05 0.3679731 0.078241035 0.0001298232 0.9487525 0.019660525 0.004754706 0.0032981844 0.95190865 0.010431011 0.0029034584 0.17597996 0.004626639 0.20673831 0.008336938 1.1971216e-06 0.104553275 7.785125e-07 0.16207397 0.010257704 8.842186e-05 0.0002075703 0.01363592 0.0004882154 1.82801e-05 4.944866e-07 0.00015425298 6.552473e-06 6.236582e-05 3.14499e-08 4.351287e-05 0.0013004948 5.2106054e-07 9.124948e-07 1.080671e-06 2.6055936e-06 0.00011256637 2.4643597e-05 0.060520764 0.19024116 8.135618e-07 3.499618e-06 0.0075431345 0.000444798 0.014203813 2.84443e-07 0.0024328171 9.705465e-05 0.12857479 3.7206638e-07 3.0143947e-06 0.0008144872 9.712993e-05 0.18165118 1.2341757e-06 0.03957665 2.9175417e-06 7.0817e-07 8.610514e-05 3.8494154e-06 0.0019892845 3.2825023e-06 0.013822653 4.2243957e-07 2.346711e-06 7.44721e-07 4.9163987e-07 0.0005694566 1.0770032e-06 0.004790896 2.3989492e-07 3.8501234e-06 1.5083434e-07 8.3215355e-06 7.4948537e-07 0.006880086 0.0014812736 0.006347088
0.7980462 0.0011293018 5.571786e-05 5.566108e-05 9.763864e-06 0.003981275 0.010750511 8.0370214e-08 1.0198977e-05 0.1434482 1.569951e-05 0.006188592 5.424651e-05 0.54522324 0.004837028 1.6203867e-06 0.00062540063 0.031530883 0.0016355981 0.15795079 0.00011510334 9.873058e-16 0.9963645 0.78436273 5.10985e-06 0.029639065 0.86322165 0.00011571805 1.5885427e-06 3.3815382e-07 1.1935182e-06 5.731021e-05 0.018573727 0.08886218 0.0045131873 2.343497e-06 2.0444159e-05 8.148278e-08 0.732194 4.769636e-06 0.7851687 9.05981e-07 1.6980323e-08 0.34603313 4.8159054e-06 0.18989794 4.88488e-07 0.15192294 0.104569234 0.24063772 0.1283579 0.10042597 0.013355221 0.009495873 2.3610758e-06 0.0023218808 0.004667124 0.06510039 0.02406261 0.108568825 6.053283e-06 1.3769597e-05 0.00011348505 0.0008986367 0.006458677 2.362569e-06 2.127103e-07 1.1450319e-05 0.00029285895 1.9254023e-06 0.1400781 0.00021437791 0.00020271185 0.0017805593 3.5628102e-06 1.7486404e-06 0.0012155701 5.7098477e-09 0.00012020431 0.0011918515 0.0003938171 0.0059242244 0.00033692448 0.011742282 0.00035704143 0.0019435884 0.0009532952 0.0009005992 7.533595e-05 0.0003632911 2.3512932e-05 3.1019554e-05 0.00023371253 6.9381045e-08 0.00074005785 2.1353286e-07 1.9408119e-05 2.0799622e-05 0.00026357395 0.014067229 0.0006857101
0.65689254 0.0004392897 2.6060248e-05 1.4708321e-05 1.0244545e-06 0.0014376108 0.0044021844 1.5503143e-07 1.3018169e-05 0.1441492 1.7917703e-06 0.0038667559 9.039611e-06 0.4387222 0.0028848608 3.7941345e-07 0.00013142043 0.030626038 0.0021916016 0.1934419 1.986507e-05 0.9963645 7.4185065e-17 0.98238564 1.5273602e-06 0.010716792 0.6719924 3.3452387e-05 8.8534944e-07 1.3775757e-07 7.57882e-07 1.8684399e-06 0.005120346 0.02953361 0.0020527511 2.5127408e-06 8.9856377e-07 1.325494e-07 0.5639066 1.5607201e-06 0.60411143 5.009e-08 6.686282e-09 0.46042436 4.3934685e-07 0.07481607 4.3947298e-07 0.09339455 0.13761511 0.17314868 0.55843204 0.08217844 0.036649667 0.02948165 4.3186068e-07 0.0106252935 0.01313167 0.06752088 0.020648696 0.052358128 2.9634018e-06 2.7573856e-06 7.990121e-06 0.0054214397 0.008331346 1.5171724e-07 4.4879666e-08 1.8268119e-06 0.003605657 8.5233424e-08 0.16882741 3.3958386e-05 0.0009836827 0.005430091 4.5693602e-07 5.280497e-08 0.00011224552 1.3035758e-09 3.2639215e-05 0.00310801 0.00072640995 0.0034440216 0.0006195102 0.00849721 0.00060847576 0.001276066 0.0021598793 0.0007428173 0.00041368778 0.0010005938 1.1218461e-06 0.00026258492 2.9628662e-05 7.075645e-07 0.0035269198 1.5412547e-06 6.6282926e-05 4.3261916e-05 9.054118e-05 0.005886514 0.0002779076
0.76764715 0.0004840348 4.5471166e-05 4.38518e-05 4.2915653e-06 0.0028529556 0.0038204154 1.377328e-06 7.460859e-05 0.17664494 1.1619561e-05 0.012327189 3.3050106e-05 0.48765332 0.01894126 6.4799616e-07 0.0003258356 0.18803023 0.027803997 0.8495952 2.782949e-05 0.78436273 0.98238564 5.5975835e-13 3.785056e-05 0.009045798 0.4777876 8.445397e-05 1.36083845e-05 2.6953853e-07 4.1865815e-06 4.9016544e-06 0.007471508 0.040127717 0.0015436175 3.295603e-05 3.487311e-06 9.567174e-06 0.4648504 6.6577704e-05 0.28889558 2.7417636e-07 4.7563424e-07 0.9885083 3.8089136e-06 0.032755826 1.0198553e-06 0.07357502 0.04384965 0.13565789 0.85895205 0.058256917 0.009480535 0.21805955 1.0197003e-05 0.02059647 0.05545868 0.2910683 0.009003227 0.014702706 1.0480528e-06 8.3387305e-05 3.9420843e-06 0.0066352943 0.013467639 9.806117e-06 2.5617027e-07 1.2399062e-05 0.0012773706 5.235753e-06 0.3925568 2.7515945e-05 0.00042591896 0.0052866205 4.8970383e-06 1.0683799e-05 5.07266e-05 9.6599955e-09 2.5834743e-05 0.0004008179 0.0004207708 0.00042471793 0.0005944987 0.002107519 0.00022390786 0.0003666551 0.0006876813 0.00036276778 8.4776744e-05 0.00022936659 9.773143e-06 0.00036221344 5.7282406e-05 7.144495e-07 0.00097372185 1.7278019e-06 1.079418e-05 0.00015756696 2.5897696e-05 0.0027612238 0.000367381
0.8527898 0.000217144 0.003919486 0.011766776 0.06894728 3.7102007e-05 3.149233e-05 0.0008764495 1.9914673e-05 4.2014326e-06 0.22396958 3.4401262e-05 0.169603 1.8172004e-05 4.0698174e-05 0.96750784 0.010047347 9.3485227e-07 3.441981e-05 2.0414514e-06 0.3679731 5.10985e-06 1.5273602e-06 3.785056e-05 2.1931072e-13 0.0016425776 5.3271157e-05 0.02273631 0.88376665 0.2716922 0.2870424 0.15178141 0.0005721719 0.000102149555 0.0056191985 0.5215111 0.59842205 0.8165292 4.26243e-06 0.97331935 4.222487e-07 0.14787316 0.34153855 9.649978e-05 0.017915672 0.00035731372 0.03268209 5.5759316e-05 2.2781617e-06 0.00010523054 1.0588991e-06 5.3283402e-05 1.0771664e-06 4.614393e-06 0.5131182 1.7623452e-06 7.114714e-07 9.0518995e-07 6.959835e-06 2.5430261e-05 0.019611986 0.2951037 0.036718104 1.1225611e-06 8.834912e-07 0.100127004 0.0154566 0.13621962 7.744948e-08 0.049395844 7.818078e-05 0.015679408 4.095979e-07 1.0924168e-05 0.035466883 0.0011471935 0.003309215 2.2770571e-05 0.041128915 4.6619075e-06 1.2341891e-07 3.826849e-06 2.0041018e-06 0.00018207973 4.6946843e-07 0.0021179914 1.5383063e-06 8.722774e-06 2.1746632e-07 9.104534e-06 0.006426059 2.92746e-07 0.018746885 1.2105845e-07 4.3575037e-07 8.5067114e-08 6.829328e-06 5.7687004e-08 0.0011567144 6.284789e-05 0.0008524014
0.83290625 0.43207392 0.22806022 0.20654103 0.0353177 0.8376674 0.0933039 0.0037113656 0.0013424502 0.13594134 0.00043470215 0.015235067 0.00021476734 0.46671608 0.012671522 0.0017688456 0.66771066 0.014937117 0.003912726 0.006980848 0.078241035 0.029639065 0.010716792 0.009045798 0.0016425776 1.5572996e-11 0.44265234 0.54133016 0.000191632 1.393773e-05 7.083762e-05 0.03527564 0.97740597 0.9310125 0.9403923 0.0001225389 0.00071483233 3.589427e-05 0.0069058584 0.0005864115 0.001464822 0.001083771 8.332621e-06 0.0046306956 3.200216e-06 0.6539508 1.51936765e-05 0.0022199387 0.00011609287 0.012603487 0.00039681297 0.0008844818 1.0956043e-05 0.00011900825 3.6076293e-05 4.8166057e-05 6.967774e-05 0.00013470864 0.00019556709 0.020340823 6.0473167e-06 0.00029692522 0.0057396065 2.1889558e-05 6.0066264e-05 0.00010201637 6.7591045e-06 0.00019607635 3.9557795e-05 6.759624e-05 0.0019325302 0.009374875 1.7832203e-05 4.5288532e-05 5.085203e-06 5.511009e-06 0.030853713 5.5235798e-08 0.001297096 2.0233781e-05 1.4715266e-05 0.0006139896 3.6514608e-05 0.0032397157 8.17196e-06 0.013744389 2.0353773e-05 2.528456e-05 1.0404939e-06 5.945817e-06 9.445023e-06 2.3334826e-05 0.0007171833 1.6534968e-06 7.476793e-05 6.253261e-08 6.60669e-07 5.4357665e-06 0.001975641 0.004080521 0.005884816
0.9787898 0.055254444 0.0061505446 0.0022729775 0.00021874587 0.42195493 0.039352212 0.00013372368 0.00011989794 0.36340103 1.6075692e-05 0.0072752894 0.00012104615 0.9387941 0.0046443176 2.1060141e-05 0.015696885 0.043098625 0.0030795878 0.027067637 0.0001298232 0.86322165 0.6719924 0.4777876 5.3271157e-05 0.44265234 2.47934e-13 0.0042310287 6.8568293e-06 1.1552772e-06 5.8381676e-07 3.825169e-05 0.3335703 0.85113126 0.11187144 2.5392853e-06 2.6878145e-06 1.1208838e-06 0.8883479 7.068722e-06 0.3904686 1.062701e-06 2.6793966e-08 0.3208519 4.1751546e-06 0.8075143 7.53279e-07 0.41081142 0.023830267 0.7060707 0.056275297 0.12773632 0.0014863863 0.0017370335 5.613264e-07 0.0037016924 0.0022625779 0.05233631 0.010089096 0.28805485 8.3873175e-07 8.01838e-06 0.00026827925 0.001245872 0.0015632168 1.6197396e-06 6.2149996e-07 3.7648902e-06 0.0001632129 3.685427e-07 0.056668688 0.0010783918 6.012782e-05 0.0008410005 1.5246576e-06 2.5822547e-07 0.004779622 1.707376e-08 9.249043e-05 0.000105625564 1.4178281e-05 0.006302985 4.7815183e-06 0.030783927 9.1554875e-06 0.011344755 7.544645e-05 5.5081433e-05 3.1397553e-06 2.3868635e-05 1.3565694e-06 2.6534937e-05 0.00012123285 4.212339e-07 0.00014759251 3.1821838e-08 1.6669026e-06 5.3726076e-06 0.0009267806 0.01867984 0.0022656464
0.9755873 0.21229191 0.42858994 0.5404696 0.2499161 0.37427443 0.039174914 0.008866981 0.0008099702 0.02327334 0.008703846 0.002337714 0.0025416855 0.015484964 0.0015470911 0.036128372 0.8945497 0.0005344697 0.0009398821 0.00012878257 0.9487525 0.00011571805 3.3452387e-05 8.445397e-05 0.02273631 0.54133016 0.0042310287 2.35908e-13 0.00081941515 0.00018499399 0.00017510536 0.76994276 0.13028352 0.030105758 0.96123374 0.00021861366 0.15951493 0.0005971856 2.1855526e-06 0.008716251 2.2135011e-06 0.04592365 0.00022973922 2.9414274e-05 7.141233e-05 0.16844879 8.415601e-05 2.4913481e-05 5.979478e-07 0.0002569291 1.4120344e-06 1.7926513e-05 1.8619453e-08 1.2544931e-05 0.0003327057 4.692795e-07 6.292189e-07 6.4282284e-07 2.9855648e-06 0.0037939376 4.120887e-05 0.034549393 0.46199435 1.2551453e-07 1.7583312e-06 0.0038063556 0.00012400665 0.0040095304 2.2767097e-07 0.00092398346 0.00016680585 0.30991924 1.7843328e-07 6.426221e-06 0.00061235315 2.8458955e-05 0.6306585 1.6340186e-07 0.052675582 1.42077e-06 2.3353693e-06 0.00034639266 9.189147e-06 0.007373857 1.0775081e-05 0.10410964 5.4002254e-07 9.612187e-06 1.0352569e-06 3.4180098e-07 0.0007776514 1.0027425e-06 0.013818825 9.1748376e-08 5.7688494e-06 4.692408e-08 6.8446536e-07 9.682676e-07 0.052871987 0.008256509 0.035270385
0.55600446 4.0849827e-05 0.00040755386 0.0003285694 0.004974011 3.7657703e-06 1.5702653e-05 0.0009032682 2.820387e-05 1.8281781e-06 0.0331955 0.000103202074 0.736847 4.167282e-06 0.00025224627 0.6351654 0.00038798118 4.9343157e-06 2.2339136e-05 4.58044e-06 0.019660525 1.5885427e-06 8.8534944e-07 1.36083845e-05 0.88376665 0.000191632 6.8568293e-06 0.00081941515 1.1337273e-12 0.4409941 0.5408354 0.056502197 0.000117522526 4.065686e-05 0.00049273996 0.9807336 0.14082019 0.97755325 9.3109037e-07 0.51622665 3.078136e-07 0.06961959 0.25151473 2.4366156e-05 0.44320107 1.7315788e-05 0.20586036 1.5617587e-05 4.271429e-07 2.6246686e-05 8.2501595e-07 3.2099255e-05 1.3892078e-07 1.7684889e-06 0.3286708 4.3226652e-07 4.738423e-07 1.4266911e-06 1.2684718e-06 1.4068857e-05 0.043600842 0.13002867 0.006509855 1.6752596e-06 1.8578606e-06 0.07739054 0.029502412 0.08257403 1.8222154e-07 0.060489025 1.0967751e-05 0.0034468952 4.2139501e-07 1.4201219e-05 0.02286747 0.0080138855 0.0008989706 0.00016706774 0.005699129 3.7137582e-07 4.0850094e-07 8.635748e-06 6.0473256e-05 0.0002774688 1.3433901e-06 0.0005587784 1.13628055e-07 2.4289259e-06 6.1113724e-07 1.2858976e-06 0.0044576772 3.492032e-07 0.00692235 1.0689321e-07 2.3162907e-07 2.6567145e-07 3.5297446e-06 4.0767492e-08 0.0003225048 8.518854e-05 0.00033835848
0.0024300439 1.9836181e-05 0.0003689086 0.000693973 0.006169473 3.6271672e-06 4.3520363e-06 0.00016500927 3.7206942e-06 2.5002524e-07 0.020832837 1.1582039e-06 0.8104692 1.2843362e-06 2.0870407e-06 0.083399504 0.00024725628 9.440457e-08 4.570123e-07 2.4815308e-09 0.004754706 3.3815382e-07 1.3775757e-07 2.6953853e-07 0.2716922 1.393773e-05 1.1552772e-06 0.00018499399 0.4409941 3.3159517e-17 0.99857193 0.0029869706 4.2394963e-06 1.1556475e-06 9.891105e-05 0.46537814 0.006750837 0.039243773 4.0404376e-07 0.04128195 2.2746025e-07 0.0025533885 0.004854418 6.970539e-07 0.9895702 7.217984e-06 0.003677777 4.419304e-07 3.6643573e-07 1.1294395e-05 2.7678277e-07 4.7576923e-06 1.6900653e-07 2.4794446e-07 0.012294081 3.081778e-07 1.049972e-07 3.900552e-08 9.535878e-07 4.631601e-06 0.0026473189 0.0028210487 0.00036521832 1.0340704e-07 5.414358e-08 0.0010532375 0.0006959179 0.000874727 3.4161621e-07 0.0010042643 3.9243514e-07 7.0381866e-05 1.7027003e-07 2.0924076e-06 0.00085203495 9.092824e-05 3.9845207e-05 6.8763205e-05 0.00022848503 3.1931083e-07 1.971184e-08 1.0467382e-06 1.4556184e-08 4.5561123e-06 1.8970798e-08 6.240029e-06 1.9573893e-08 1.9071257e-08 3.394713e-08 9.900739e-09 1.7093107e-05 7.8626785e-09 0.00030153498 3.4580877e-10 6.2966663e-09 7.95376e-11 1.2917162e-08 5.2078577e-09 1.7651637e-05 7.121059e-06 1.370122e-05
