6.768522e-19 0.94550115 0.9880878 0.9477814 0.81442267 0.12953138 0.46586528 0.23071148 0.82333064 0.32558823 0.9302387 0.25300556 0.9013586 0.88808334 0.94573736 0.6912414 0.8995024 0.8479411 0.00096403435 0.41753438 0.007961374 0.015816089 0.32883856 0.23078875 0.89328015 0.6413525 0.6848691 0.8191769 0.9324708 0.8664536 0.9219357 0.7800411 0.8720983 0.9628599 0.899995 0.6735936 0.70433915 0.914548 0.6541159 0.045800976 0.7786394 0.231619 0.88159937 0.85137284 0.7770057 0.018553497 0.853889 0.9738015 0.0046459055 0.7820234 0.83879304 0.3963846 0.8788718 0.7899273 0.9905375 0.8592943 0.36479047 0.88045096 0.9276373 0.9245983 0.72755194 0.002047574 0.675358 0.983601 0.045677662 0.23819439 0.09570267 0.99493104 0.8635811 0.9928718 0.89031065 0.015000872 0.92294735 0.00079661916 0.7219032 0.73714757 0.6562381 0.8326428 0.00030752824 0.0047825174 0.36036232 0.00083325896 0.05226257 0.15799472 0.99978137 0.9794438 0.7352677 0.00082485046 6.5201407e-06 0.9842034 0.018810056 0.9327708 0.00019897465 0.99999213 0.84776264 0.93856907 0.9915024 0.38951445 2.9001704e-08 0.99938905 0.9999178
0.94550115 7.9535614e-15 0.9673942 0.017501982 0.0038976502 0.931197 0.018109335 0.012469031 0.7648102 0.684199 0.00075811375 0.93127507 0.03866784 0.013615037 0.25770247 0.006365468 0.0027996798 0.09915392 0.13748679 0.00019092459 0.06852602 0.5009018 5.0050443e-05 0.016009783 0.0016235618 0.5853543 9.636446e-06 0.0007670849 0.0022554288 0.6264749 0.00012494504 0.28942794 0.002063591 0.013441034 0.00843458 0.0011458617 0.00031568814 0.09911067 0.00038386427 0.03512511 0.06405929 0.045699447 2.447647e-06 0.00989244 0.00015512174 0.04170852 0.0009018282 0.00075273134 0.04482099 0.15107991 5.54587e-06 0.0043312362 0.0013924835 1.4533278e-05 5.405157e-05 0.0037665656 0.06815241 2.5041074e-06 0.0270983 5.2789924e-06 0.0002449354 0.0014754705 0.002273913 5.1582567e-05 0.0018594065 9.801201e-06 1.1499488e-05 0.016314147 0.04126693 0.05353699 0.0199741 3.0526485e-06 1.4769212e-05 0.004669441 0.0040795775 2.732917e-05 4.0833507e-05 0.003265226 1.2196697e-05 2.449425e-07 2.5209078e-05 4.270576e-06 8.668654e-06 7.835571e-06 0.0010019067 0.002039734 0.00033520232 2.4639708e-06 1.6812727e-06 0.00091109355 2.0147202e-06 0.00090251694 7.7752155e-08 0.016424233 1.6493415e-05 1.315455e-05 0.00023960925 0.00019350261 1.3242446e-05 0.00063080364 4.3434637e-05
0.9880878 0.9673942 1.1591848e-14 0.88777906 0.29731983 0.15994178 0.64871913 0.6414023 0.09994866 0.034500662 0.024553765 0.9152052 0.5342492 0.44041905 0.01473769 0.36417434 0.105107434 0.0026133207 0.024498621 0.00038800915 0.00027722438 0.023601778 0.00021821559 0.28128257 0.026263978 0.81792444 0.00016796943 0.0027772104 0.0142057035 0.32819432 0.00023671566 0.4346724 0.024195807 0.16400921 0.00049016776 0.0027173846 0.00020887374 0.013489369 0.00044876098 0.00029162792 0.4812534 0.38842356 2.0455545e-05 0.0012967156 0.00024462325 0.23799133 0.006959146 0.008026908 0.1070454 0.0245926 3.445334e-05 0.0007746566 0.0001628228 1.6641983e-05 0.00085884245 0.032102197 0.5332423 3.9320557e-06 0.008377752 0.00012378581 5.233232e-06 0.04896338 0.0004056399 5.083741e-05 0.00029241634 4.0424344e-05 6.782256e-05 0.006770256 0.0974358 0.030068876 0.09357497 2.6224445e-05 1.0355784e-05 0.046979114 0.0017936067 4.91201e-06 1.5207876e-06 0.014351131 1.1886771e-06 1.9694477e-08 6.9379166e-05 0.00021127843 4.3935293e-06 2.246295e-06 0.00059616735 0.011497334 1.3697351e-05 9.234839e-06 2.0889813e-05 0.00016093462 9.727825e-07 0.0045568803 2.0979583e-08 0.016317507 1.0383227e-05 7.149079e-06 0.00010280081 2.14628e-05 2.5805293e-05 0.0044466527 1.6781034e-05
0.9477814 0.017501982 0.88777906 9.0014926e-17 0.97808564 0.00014537333 0.7432784 0.74881774 0.00061439455 3.6857436e-05 0.80385673 0.210642 0.91751206 0.77760893 2.1018946e-05 0.7735418 0.7815544 2.3500165e-06 7.920902e-05 0.004656545 2.1391004e-06 0.00010262361 0.0012450339 0.7158081 0.4941366 0.14577249 0.00071344123 0.09919253 0.031108564 0.0024870147 0.0023678576 0.024720244 0.18325052 0.40273592 1.4993876e-06 0.023211347 0.0008914602 6.1129176e-05 0.0018189691 3.5029204e-06 0.26868048 0.5347373 8.876037e-06 1.6159717e-06 0.00028802344 0.20240854 0.0045935814 0.008201097 0.035404935 0.00069705065 2.6057314e-05 9.019039e-06 4.9624e-06 1.0765888e-05 0.00035055354 0.016120553 0.6212338 7.8988893e-07 0.00011617793 8.6700304e-05 1.9293441e-07 0.039625205 3.0878427e-06 1.0536202e-05 1.0613281e-07 0.00018939075 3.8031296e-05 0.00030091533 0.0073953434 0.00038250888 0.017569402 4.9642454e-06 9.747522e-07 0.029528096 1.8474318e-05 1.747962e-06 9.683243e-08 0.010230799 7.2383153e-07 1.3374399e-09 1.9586432e-05 0.001773074 4.2141007e-08 1.4832722e-08 2.3910145e-05 0.0057434062 2.4960116e-07 4.498929e-06 2.2247206e-05 2.1826136e-06 8.13885e-08 0.002373632 1.4189182e-09 0.0032047315 1.8143238e-07 1.7154606e-07 8.376259e-06 1.3183768e-06 1.4454173e-05 0.0019181101 9.4591263e-07
0.81442267 0.0038976502 0.29731983 0.97808564 3.1722006e-17 5.3461754e-05 0.9215052 0.90609986 0.00016775554 7.098446e-06 0.9399886 0.034004673 0.53280336 0.36335248 5.2243163e-06 0.83055186 0.44050115 1.1176442e-06 0.00015848097 0.008261006 1.5068588e-06 9.621307e-05 0.0029564241 0.71256226 0.23122165 0.008099578 0.0027828775 0.07609059 0.09095931 0.00029138548 0.0043615643 0.0030981095 0.04855321 0.08754969 9.5075836e-07 0.016378803 0.0022412858 1.0118016e-05 0.0036822953 3.45446e-07 0.023721917 0.4917752 2.8705119e-05 2.4468963e-07 0.00078041555 0.18125917 0.0035663068 0.004864748 0.030855153 6.435123e-05 0.0001907677 3.7637196e-06 2.005222e-06 6.807412e-05 0.00034274993 0.0020753744 0.5894164 4.3281993e-06 1.9472413e-05 4.803367e-05 4.123082e-08 0.063007064 1.0675849e-06 9.6768425e-05 6.596953e-08 0.00034889 4.8284022e-05 5.3481996e-05 0.00079808116 3.7771882e-05 0.0017240016 1.4823427e-05 2.4911535e-05 0.045390096 5.7541297e-06 2.7116116e-06 2.845666e-08 0.002317923 5.64107e-08 1.3664223e-09 7.650265e-06 0.005019964 3.9613344e-08 6.174034e-08 6.041086e-06 0.0012024217 1.8300716e-07 3.6944375e-06 8.165296e-05 6.071162e-07 5.0116785e-07 0.0010514762 7.8391835e-09 0.00041106172 4.3814097e-07 1.4132395e-07 1.1413671e-06 1.7333909e-07 0.00010425421 0.00085533794 2.64255e-06
0.12953138 0.931197 0.15994178 0.00014537333 5.3461754e-05 3.1865136e-16 0.00018506934 0.00010173607 0.7726059 0.9889305 1.2788235e-05 0.13464019 0.00018565872 5.9971186e-05 0.09146134 4.348889e-05 2.3642808e-05 0.2650798 0.040160842 1.3236637e-05 0.755295 0.95221865 6.0899592e-06 0.0008614378 1.6881791e-05 0.0059317825 2.5443833e-06 1.013769e-05 0.00048014388 0.041209836 2.2299025e-06 0.0021423178 2.284385e-05 0.00020220366 0.015355253 2.4942936e-05 1.6752589e-05 0.028078303 2.1282558e-05 0.57976776 0.00040069345 0.00015975823 1.5872191e-06 0.086812176 2.1295491e-05 0.0006432068 9.418003e-06 3.0783824e-05 0.0031709482 0.019915758 9.813448e-07 0.0023151028 0.0021225451 8.4658865e-07 4.8934476e-06 8.751766e-05 0.00025751072 3.8853376e-08 0.0017527964 6.0933263e-07 0.0009724324 1.8740013e-05 0.0010844393 9.405815e-06 0.05433685 8.727571e-05 2.2775469e-06 0.0023502274 0.00018100164 0.00055100163 0.00011959407 4.5384627e-06 1.6378526e-06 0.00013919127 0.00094158575 1.4758687e-06 7.898803e-06 4.4152977e-05 0.0002767637 4.040571e-06 2.9896604e-05 2.5768268e-06 6.9843036e-06 5.0706385e-05 0.0005178522 2.3731702e-05 0.0001482489 4.2611717e-07 1.8168795e-07 0.00060081243 4.3029668e-06 0.00014485547 3.5882873e-05 0.00044082382 7.128061e-05 6.7783794e-06 9.799644e-05 1.7894572e-05 3.2511627e-05 0.00012678695 9.175285e-06
0.46586528 0.018109335 0.64871913 0.7432784 0.9215052 0.00018506934 9.069454e-19 0.99737877 0.0007655494 0.00024825905 0.49492532 0.08153056 0.24779516 0.1962302 0.00010034036 0.6656894 0.19827697 2.8335113e-05 0.014015293 0.002965409 1.1541628e-06 6.1140716e-05 0.0016661587 0.4087162 0.107665055 0.006326553 0.007246691 0.020343093 0.32577407 0.00032059316 0.0030828675 0.0026280978 0.019872444 0.029295988 1.9104888e-05 0.005360343 0.0007145273 0.00015091774 0.0005513593 1.201963e-06 0.0122108795 0.24180856 0.0001481501 2.6666548e-05 0.00048172448 0.087059915 0.0007407117 0.00090995553 0.040199008 7.086058e-05 0.00028473735 1.475595e-05 1.7457838e-05 9.840776e-05 0.00010735853 0.0007520189 0.29682177 9.438229e-05 4.503696e-05 0.00014436284 1.6730029e-07 0.036400776 4.9422943e-06 4.897423e-05 1.0437243e-07 0.0034686674 7.268323e-05 0.0006840638 0.00033948186 9.157037e-05 0.00066735933 7.818402e-06 1.161514e-05 0.053110775 5.0681734e-05 7.562207e-05 1.106728e-06 0.00030366558 4.621472e-07 1.0211414e-09 2.3022598e-05 0.0060909213 9.164432e-08 8.979607e-07 2.4884866e-05 0.00015577002 3.0845595e-07 8.529377e-06 0.00014079924 3.0003399e-05 3.4356233e-06 0.00021275242 1.153084e-09 0.0003581552 2.0476089e-06 7.565998e-06 3.444892e-06 3.29512e-06 3.2207467e-05 8.5007894e-05 4.2011397e-06
0.23071148 0.012469031 0.6414023 0.74881774 0.90609986 0.00010173607 0.99737877 2.8253988e-17 0.0005536807 0.00022904397 0.38696352 0.1613477 0.20739137 0.12748735 0.00026122716 0.8849341 0.1312327 7.068921e-05 0.02528614 0.0019234865 1.6811221e-06 3.068613e-05 0.0007744575 0.59600896 0.07373473 0.0025768036 0.0043338104 0.018333228 0.45955873 0.0003863251 0.0023616513 0.0011744606 0.0117327785 0.024728458 4.493909e-05 0.0025314912 0.0006024641 0.00020717911 0.0003904194 3.2077176e-06 0.0064337305 0.45214677 0.00018554226 1.8510349e-05 0.00052721176 0.234878 0.00046801582 0.0007455631 0.07022142 3.88451e-05 0.00052039087 1.045422e-05 7.438643e-05 0.00015789909 0.00012285249 0.0004000501 0.3460647 0.000100473546 0.00010616667 0.00017559668 2.1749351e-07 0.042565394 2.7090086e-06 0.00014823038 2.943703e-07 0.0027474675 0.0001291061 0.0008108625 0.00024671125 0.00017108707 0.0004262497 8.4920985e-06 4.8688715e-05 0.032156803 4.5330466e-06 3.950099e-05 1.6693649e-06 9.651818e-05 8.626031e-07 9.685782e-10 3.7707312e-05 0.009583268 5.0123834e-08 1.4847456e-06 1.8063169e-05 9.434423e-05 9.721973e-07 1.9308223e-05 0.00023659221 2.942039e-05 2.9807254e-06 8.552816e-05 2.1989635e-09 0.0014659804 2.7210617e-06 1.6292073e-05 2.1155536e-05 5.4946383e-07 4.8421905e-05 0.0001812912 1.4079849e-05
0.82333064 0.7648102 0.09994866 0.00061439455 0.00016775554 0.7726059 0.0007655494 0.0005536807 3.9110865e-15 0.9553608 6.218112e-05 0.084338136 0.0012808021 0.0004943426 0.93280935 6.417228e-05 0.00011521042 0.97538465 0.00088323484 2.1717224e-05 0.025867024 0.18994358 1.1566965e-05 0.000292857 9.2845155e-05 0.049771626 1.488972e-05 3.603331e-05 0.00016505855 0.44613847 4.490733e-06 0.01205023 0.00011098206 0.0014888676 0.26077417 6.088359e-05 2.1138596e-05 0.35731724 2.1726131e-05 0.17321065 0.004747515 1.1222791e-05 3.5391096e-07 0.21179344 2.1861832e-05 0.000112067646 6.097232e-05 8.7018394e-05 0.00056302187 0.21854435 1.3955504e-06 0.09174326 0.04042227 1.2923028e-06 1.1023549e-05 0.0016425699 0.00012189017 1.0955864e-07 0.04122608 2.453679e-06 0.0044244644 9.745361e-06 0.011407606 1.0179844e-05 0.0719749 2.6193125e-05 1.5895428e-06 0.06951234 0.0060055037 0.017402079 0.0024407182 1.2834045e-06 2.1584942e-06 1.0244706e-05 0.012410591 2.8044938e-06 7.8435216e-05 0.0013349993 2.6544732e-05 2.8213326e-06 1.5878596e-06 7.3115655e-07 8.582283e-06 1.0420019e-05 0.005766548 0.00088507036 0.00081079674 5.45085e-07 4.8838785e-07 0.0066085435 1.412724e-06 0.000934921 4.1353683e-06 0.0029975877 0.00036242438 3.9700957e-05 0.0005440778 0.0008206367 4.3946106e-06 0.000972592 5.7175974e-05
0.32558823 0.684199 0.034500662 3.6857436e-05 7.098446e-06 0.9889305 0.00024825905 0.00022904397 0.9553608 1.1803361e-13 1.0599869e-05 0.025629202 5.1001258e-05 3.136399e-05 0.21740073 4.058314e-05 2.1184507e-05 0.9025079 0.002029528 1.9483521e-05 0.45149922 0.4611338 1.642377e-05 0.00020174678 2.927778e-05 0.003259063 1.9290048e-06 4.0371142e-05 0.0006529898 0.051260848 2.7340284e-06 0.0011043316 2.1644937e-05 0.00014816325 0.25001442 7.3822055e-05 4.4813656e-05 0.10782929 6.722427e-05 0.59636176 0.0004084019 2.943504e-05 6.334968e-07 0.23231792 3.2309203e-05 5.7589805e-05 6.1777944e-05 2.1275577e-05 0.00030307967 0.037638377 1.4919846e-06 0.031896275 0.13224842 1.0168999e-06 8.769893e-06 0.0005531904 6.024117e-05 2.0948305e-07 0.005871146 2.3614114e-06 0.0054057194 2.763941e-06 0.0073658973 4.2058064e-06 0.1516801 4.6267418e-05 6.6530383e-06 0.03250051 0.00043577075 0.0009913925 0.0011466526 1.3256181e-05 6.5509767e-07 0.0008785568 0.009458067 4.8155057e-06 0.000102333055 0.00015103292 0.001231363 0.00045739143 1.0243016e-05 2.7403273e-06 6.257875e-05 6.931509e-05 0.0021514907 0.00034768475 0.0010171653 6.327101e-07 2.0407903e-07 0.0026238705 7.923702e-06 0.00035582943 0.00080746633 0.00019038348 0.00036177415 0.00022452734 0.0013064815 0.00030443716 2.9677233e-06 0.00027817357 1.5645359e-05
0.9302387 0.00075811375 0.024553765 0.80385673 0.9399886 1.2788235e-05 0.49492532 0.38696352 6.218112e-05 1.0599869e-05 1.7616666e-17 0.0039071497 0.56926435 0.49512973 1.1590392e-06 0.86292124 0.7737458 7.773466e-08 2.7963322e-06 0.9539061 1.2416652e-06 3.606993e-05 0.5757105 0.5831165 0.6896907 0.008345354 0.5394887 0.7582396 0.7016208 9.27855e-05 0.73612416 0.0027977193 0.46933246 0.26350674 5.636781e-07 0.42567423 0.19618934 1.27131825e-05 0.17801309 1.0413924e-06 0.02110182 0.44011784 0.003511113 6.3754607e-07 0.091615096 0.081723936 0.08387057 0.05395885 0.0018391901 2.9035096e-05 0.008662309 7.316259e-07 2.2944666e-06 0.0023777906 0.02168564 0.0039797 0.7116751 0.0003515246 5.6510794e-06 0.0025118773 1.9563666e-08 0.020712351 5.853923e-07 0.0011810634 1.9742318e-08 0.0015648821 0.0012406219 8.3816325e-05 0.0013458837 3.1577772e-05 0.0057931105 7.457701e-05 0.0005100906 0.04177268 2.456922e-06 0.00028211472 2.3717945e-07 0.008495157 2.9410135e-06 3.7629317e-09 0.0025853624 0.022874251 8.6650495e-08 5.9809776e-07 7.409999e-06 0.010099223 2.4334654e-06 0.00019473034 6.13929e-05 5.593529e-07 1.2320412e-06 0.008045999 1.0258852e-09 0.0011153066 1.9938864e-07 7.176783e-07 1.7729673e-06 6.7223044e-07 8.204538e-06 0.0072709094 5.3105392e-05
0.25300556 0.93127507 0.9152052 0.210642 0.034004673 0.13464019 0.08153056 0.1613477 0.084338136 0.025629202 0.0039071497 1.0553406e-15 0.04333618 0.028017975 0.023675047 0.004403167 0.009644146 0.012492229 0.99875283 0.0010037065 0.003701754 0.034120075 0.00035584602 0.0054161637 0.0027054383 0.050784875 4.518995e-05 0.00040335348 0.0029639644 0.025881555 0.00016657091 0.018970933 0.00060249306 0.0029387707 0.0003804931 0.00026882323 6.9717105e-05 0.0024265654 7.353243e-05 0.0027199502 0.005599325 0.0020234978 2.5211061e-06 0.00029434127 1.9862324e-05 0.032368653 5.3751417e-05 6.816185e-06 0.09065848 0.0032291322 1.7776163e-06 5.982592e-05 8.1556376e-05 9.728047e-07 1.3381962e-06 0.00011372839 0.0006294101 5.958489e-07 0.00020903356 2.3348739e-05 4.7281922e-08 0.008866326 1.6585325e-05 1.9949962e-06 1.09331e-05 2.572075e-05 4.9276572e-08 0.0008693127 0.0020683766 0.0015907924 0.001175844 5.2493647e-07 2.1774515e-06 0.0018809073 0.0004089955 7.823467e-06 3.6711847e-07 0.0001781241 7.670094e-07 3.563882e-07 5.3777544e-06 0.0001014313 6.7972946e-06 3.0142164e-08 0.00011767235 0.00038087016 7.912883e-07 3.8176486e-06 0.00028089588 0.00034533226 5.5896254e-07 0.0005558982 4.7138766e-07 0.00400885 1.2881106e-06 1.8436663e-06 0.00034229393 0.00024178949 0.00019609749 0.00014813541 0.00016653707
0.9013586 0.03866784 0.5342492 0.91751206 0.53280336 0.00018565872 0.24779516 0.20739137 0.0012808021 5.1001258e-05 0.56926435 0.04333618 4.7624576e-16 0.9878653 0.0005556933 0.2653308 0.87805563 1.12991365e-05 2.7718695e-05 0.0038820163 4.742666e-06 0.0002648368 0.00054506474 0.17476708 0.28209966 0.17136939 6.811945e-05 0.021642495 0.0071667572 0.004234698 0.00027461146 0.026658697 0.234252 0.701902 1.1318841e-05 0.013437714 0.00018019647 0.00025214042 0.00044034712 4.4730205e-06 0.38699687 0.081690215 1.8578818e-06 4.2727756e-06 4.0532123e-05 0.012517941 0.0036565412 0.010766675 0.0012946787 0.001492073 8.208221e-05 1.4252749e-05 3.1349275e-05 1.7680637e-06 7.452319e-05 0.05114024 0.16910262 2.4678654e-06 0.00045022857 2.9349601e-05 1.8584815e-07 0.004052747 2.1501671e-06 4.871293e-06 6.8322754e-07 1.4455813e-05 4.520404e-05 0.00049553276 0.033212766 0.0011454892 0.04957429 1.8134443e-06 2.0635672e-07 0.0013030099 1.7951816e-05 4.8909635e-07 1.1323833e-06 0.026041988 2.4219423e-06 5.8982943e-09 6.9829144e-07 9.754617e-05 7.144731e-08 4.222225e-09 1.0891567e-05 0.013416867 3.852351e-07 3.7230727e-06 2.4591573e-05 4.96376e-07 9.077985e-08 0.0026778847 2.0992891e-10 0.0048636696 3.6057753e-07 2.7014108e-08 2.5068218e-06 3.113692e-07 6.6861867e-07 0.0029712466 2.713483e-07
0.88808334 0.013615037 0.44041905 0.77760893 0.36335248 5.9971186e-05 0.1962302 0.12748735 0.0004943426 3.136399e-05 0.49512973 0.028017975 0.9878653 1.3301468e-16 7.8292476e-05 0.2892397 0.94148815 2.5719191e-06 1.5174019e-06 0.004300255 2.9411312e-06 4.4416258e-05 0.00054277404 0.16361786 0.54831207 0.13697067 7.017081e-05 0.08734944 0.012600142 0.0011616591 0.0006557159 0.010924764 0.40543962 0.82672006 7.3946303e-06 0.04002943 0.00042603252 0.00013382701 0.00079260813 1.8517703e-06 0.4549338 0.07790359 2.9623848e-06 6.119593e-06 6.128181e-05 0.011330062 0.007355452 0.025471665 0.0008714613 0.0010723303 8.5413965e-05 1.4603482e-05 3.1135765e-05 2.9114965e-06 0.00010385876 0.076300666 0.22702757 4.2478296e-06 0.00017571762 8.6277425e-05 2.2865056e-07 0.003318027 2.0488767e-06 4.625668e-06 2.0944807e-07 1.9325134e-05 1.3827721e-05 0.00040164308 0.026767664 0.00059129717 0.063292824 7.094077e-07 8.963983e-07 0.0010494957 1.54387e-05 9.04654e-07 3.8957876e-07 0.046915505 1.6429935e-06 3.0408644e-09 3.5469793e-07 9.5326795e-05 7.550832e-08 7.171897e-09 1.3578206e-05 0.023355607 1.6554304e-07 2.5620268e-06 7.97215e-06 4.6346386e-07 7.292182e-08 0.007079581 7.620475e-10 0.003519404 2.871878e-07 5.031099e-08 4.9852347e-06 3.2296234e-07 2.9513205e-07 0.010961238 4.5139598e-07
0.94573736 0.25770247 0.01473769 2.1018946e-05 5.2243163e-06 0.09146134 0.00010034036 0.00026122716 0.93280935 0.21740073 1.1590392e-06 0.023675047 0.0005556933 7.8292476e-05 5.007915e-14 4.2782943e-07 5.511036e-06 0.8965463 1.8367089e-05 2.1794897e-06 0.0031623172 0.00979615 1.0654358e-06 4.5926877e-06 8.956144e-06 0.23405695 7.426525e-08 5.93318e-06 2.0916625e-05 0.928505 3.6027708e-07 0.05840304 3.5375342e-05 0.0005829972 0.6371607 1.0926294e-05 2.604662e-06 0.96064097 4.2418706e-06 0.020755151 0.004968201 2.8220616e-06 5.222851e-08 0.10911129 1.0690724e-06 3.8259244e-05 2.785084e-05 3.7592807e-05 3.575382e-05 0.7347002 1.9402805e-07 0.50961983 0.11319296 1.1257865e-07 3.003347e-06 0.0049911835 2.7392238e-05 3.9468013e-08 0.19238713 3.9479646e-06 0.00925563 2.6092564e-06 0.048958078 1.6449234e-06 0.008440828 2.443528e-06 1.4186064e-06 0.5441576 0.042373404 0.14405327 0.012088834 1.1479518e-06 9.014042e-08 0.00011856112 0.109881915 4.091466e-07 0.00019448351 0.0053464025 4.8427813e-05 3.9116867e-06 1.5202917e-06 2.115034e-06 3.4980952e-05 3.0124377e-06 0.025742216 0.0018388684 0.0014087363 1.9887645e-07 4.98991e-08 0.022207856 1.038746e-06 0.0010406483 5.2652985e-07 0.015236535 0.0002942798 0.00016026563 0.0010621626 0.0022629148 1.4524512e-06 0.00051995664 2.22737e-05
0.6912414 0.006365468 0.36417434 0.7735418 0.83055186 4.348889e-05 0.6656894 0.8849341 6.417228e-05 4.058314e-05 0.86292124 0.004403167 0.2653308 0.2892397 4.2782943e-07 1.4004845e-16 0.44603467 1.0690163e-06 0.0037669933 0.08877965 1.5353868e-06 1.3297953e-05 0.04700464 0.98601556 0.35302734 0.001733755 0.1040544 0.21403505 0.9393707 5.1269617e-05 0.07161231 0.0007128346 0.08441134 0.048266396 9.705409e-07 0.048427276 0.013468429 2.0285706e-06 0.016336333 1.111174e-06 0.0029368503 0.41354463 0.0028923275 1.804267e-06 0.0049189692 0.13560152 0.0030004347 0.0020502373 0.005513983 5.4021334e-06 0.020015001 1.9073013e-07 2.813535e-06 0.00066081993 0.00038458503 0.0002664775 0.49982876 0.0012388555 2.2600989e-06 0.0041626687 1.3542808e-07 0.02015591 3.0436004e-07 0.00047861904 2.773793e-08 0.01930829 0.0010238343 1.25914485e-05 0.00016812776 3.8106264e-05 0.00033562456 0.00042208243 0.0015393514 0.020233456 2.448108e-07 0.00026464945 4.1361906e-07 0.00019729052 1.4857897e-06 5.5181744e-09 0.00026068118 0.014358023 2.2879307e-08 3.814679e-06 4.516464e-06 0.00038293024 8.7438576e-07 0.00010287024 5.274808e-05 1.6235516e-06 8.180248e-06 0.0012772167 2.557638e-09 0.0006652297 1.4149468e-07 3.3224106e-07 2.7573462e-06 1.7819775e-07 4.9429214e-06 0.0010569283 9.260401e-05
0.8995024 0.0027996798 0.105107434 0.7815544 0.44050115 2.3642808e-05 0.19827697 0.1312327 0.00011521042 2.1184507e-05 0.7737458 0.009644146 0.87805563 0.94148815 5.511036e-06 0.44603467 3.0129282e-16 2.7648204e-07 6.367173e-07 0.124487415 3.0295423e-06 4.3610497e-05 0.011315145 0.21100011 0.96837026 0.01998833 0.0027672222 0.61409754 0.10062035 0.0001860726 0.024381228 0.0021028253 0.68484473 0.7483247 2.0656275e-06 0.34157506 0.015415079 1.6613456e-05 0.027142335 3.0939414e-06 0.17368315 0.12942426 5.4443604e-05 5.485034e-06 0.00114534 0.014854653 0.055290155 0.097073145 0.00053270906 0.00015438838 0.0005171317 1.342354e-06 1.2617077e-05 2.6737978e-05 0.0016554378 0.026441649 0.3585342 0.00010545346 4.5587745e-05 0.0002705263 4.4881375e-08 0.0038467397 1.1154809e-07 5.768484e-05 2.5369943e-07 8.402409e-05 0.00013878247 5.5004686e-05 0.014768686 0.00025941065 0.020857144 4.727894e-06 1.27097055e-05 0.0016863641 3.851754e-06 8.399881e-06 3.1117952e-07 0.032741405 7.7293527e-07 5.137278e-09 5.317571e-06 0.00036257753 4.25337e-08 4.255001e-08 1.5399269e-06 0.021490287 1.4769944e-07 6.321152e-06 1.6565344e-05 8.40355e-08 2.345629e-07 0.006625866 2.9205522e-09 0.001744405 4.1816517e-07 3.3732906e-08 9.059853e-07 9.012822e-08 6.688834e-07 0.010055399 1.5127537e-06
0.8479411 0.09915392 0.0026133207 2.3500165e-06 1.1176442e-06 0.2650798 2.8335113e-05 7.068921e-05 0.97538465 0.9025079 7.773466e-08 0.012492229 1.12991365e-05 2.5719191e-06 0.8965463 1.0690163e-06 2.7648204e-07 8.650054e-16 2.798185e-05 2.220854e-07 0.02302636 0.051569212 3.0646208e-07 2.4193283e-05 3.1374068e-07 0.0050526555 2.0533373e-07 3.4174883e-07 1.7637014e-05 0.22095232 1.876147e-07 0.0014615854 1.2091255e-06 4.311757e-06 0.9563482 1.7902262e-06 1.1285766e-06 0.5829647 1.0794895e-06 0.41347536 0.00031220465 3.1118338e-07 9.163064e-09 0.6108965 3.5078563e-07 2.532527e-05 2.4400724e-06 1.3437476e-06 1.4976555e-06 0.14296362 1.6983151e-07 0.5531462 0.678769 8.497254e-09 2.4494952e-07 0.00020818267 3.0810625e-06 6.392239e-09 0.018993082 1.536018e-06 0.08539115 7.3412735e-07 0.05051222 1.307509e-07 0.31218657 1.2053727e-05 4.204581e-07 0.310157 0.0019521641 0.008834201 0.0011002999 6.8939144e-08 5.1657654e-08 1.40112425e-05 0.06888661 1.3985675e-07 0.006879152 8.2107494e-05 0.00066210877 0.00023225496 6.456577e-07 2.7663316e-07 6.8607704e-05 1.475099e-06 0.020073997 0.00015037066 0.0105725555 1.6932015e-07 1.8458705e-08 0.025162075 3.8876155e-07 0.0001750122 1.3924697e-05 0.0016881389 0.0006945119 0.0004915898 0.0030286934 0.0037854554 6.816019e-07 0.00040910937 1.6199952e-05
0.00096403435 0.13748679 0.024498621 7.920902e-05 0.00015848097 0.040160842 0.014015293 0.02528614 0.00088323484 0.002029528 2.7963322e-06 0.99875283 2.7718695e-05 1.5174019e-06 1.8367089e-05 0.0037669933 6.367173e-07 2.798185e-05 1.7731001e-18 1.839989e-07 0.0017799269 0.86438996 9.0616545e-08 0.023280831 5.6627727e-07 3.6802885e-05 5.4837e-08 1.3137449e-07 2.9273204e-05 7.2061052e-06 2.5744907e-08 1.707224e-05 2.765854e-07 9.837577e-07 1.8073194e-07 2.613125e-07 1.2582157e-07 1.4946278e-06 5.0717777e-08 0.00060521 7.4934815e-07 0.03596443 6.1367983e-10 2.0663763e-06 6.805376e-08 0.24455535 2.9364185e-07 2.6955345e-07 0.97509086 7.642997e-07 7.072272e-09 1.863442e-07 1.8732625e-06 2.8328242e-09 3.9521495e-08 4.7855053e-08 0.00799797 1.409784e-09 4.312425e-07 2.8271893e-07 3.7403416e-07 0.023050057 5.1579583e-08 3.4310556e-08 1.3185699e-05 8.577885e-05 7.453242e-09 2.3714044e-06 4.891521e-06 2.9679055e-07 8.370121e-07 2.0839529e-07 2.837976e-07 0.0018304933 4.4243347e-07 8.19708e-09 1.6928574e-07 2.7467534e-08 7.4231647e-09 1.2632739e-09 8.407061e-08 0.00020723659 5.5750192e-08 5.5116733e-09 4.705177e-07 1.8023823e-06 5.5255845e-07 1.8994811e-07 0.00017807452 9.30824e-07 6.9269936e-09 6.71591e-07 2.1459533e-08 3.3792334e-05 1.1498194e-07 1.4931874e-06 9.462473e-07 2.856775e-07 0.009405578 1.9207835e-05 9.665061e-06
0.41753438 0.00019092459 0.00038800915 0.004656545 0.008261006 1.3236637e-05 0.002965409 0.0019234865 2.1717224e-05 1.9483521e-05 0.9539061 0.0010037065 0.0038820163 0.004300255 2.1794897e-06 0.08877965 0.124487415 2.220854e-07 1.839989e-07 1.09897975e-17 9.162405e-06 5.9554354e-06 0.995855 0.02687224 0.19909807 0.0006954335 0.2740661 0.5367877 0.383763 6.3381776e-05 0.89082104 0.0002223288 0.06534062 0.0062474194 1.7197582e-06 0.16823496 0.38211823 1.492983e-05 0.17982894 9.975239e-06 0.0023256063 0.025374133 0.09063802 3.2085586e-06 0.31170782 0.0015093989 0.0965828 0.016332446 5.2958694e-06 5.73469e-05 0.0400735 4.556482e-06 3.718181e-07 0.06293101 0.07443869 0.0009818269 0.16781409 0.018109351 8.442083e-06 0.021647636 1.4091079e-07 0.0018003912 8.178357e-07 0.011027487 7.735883e-08 0.007218645 0.0019569155 5.702633e-05 0.00023924116 4.974342e-05 0.00085947657 0.00022267427 0.0008148629 0.0067169736 1.089389e-06 0.0010805496 6.93926e-07 0.0028010167 8.527564e-06 3.0737485e-08 0.0278268 0.008594849 5.9364908e-08 1.1542724e-05 1.9304503e-05 0.0026890568 2.7373196e-07 0.0002858807 7.608817e-05 4.5412203e-06 1.2657739e-05 0.0055746776 2.6668727e-09 0.0006113888 7.7853997e-07 4.861383e-07 1.1810773e-05 3.4086531e-06 9.895576e-07 0.0042848648 0.0011649558
0.007961374 0.06852602 0.00027722438 2.1391004e-06 1.5068588e-06 0.755295 1.1541628e-06 1.6811221e-06 0.025867024 0.45149922 1.2416652e-06 0.003701754 4.742666e-06 2.9411312e-06 0.0031623172 1.5353868e-06 3.0295423e-06 0.02302636 0.0017799269 9.162405e-06 4.6393927e-16 0.99440116 2.505593e-06 5.3195254e-07 2.651815e-06 7.459621e-05 1.0636379e-06 2.233014e-06 1.295972e-06 0.00076020346 2.199965e-06 2.6233249e-05 3.149084e-06 2.7303884e-06 0.0038380516 4.252454e-06 8.355857e-06 0.0019444069 5.3706967e-06 0.99232996 1.7601263e-06 1.4818301e-08 2.1239084e-07 0.056174897 4.8614643e-06 9.948238e-08 1.2306192e-06 2.7634155e-07 2.6875784e-06 0.0010034071 5.091543e-07 0.0005658328 0.0028780883 8.84918e-07 2.977269e-07 2.4745582e-06 5.7982726e-07 2.6851103e-07 6.445939e-05 2.6923142e-06 0.00021872917 2.1548435e-06 0.00038060415 1.3746511e-06 0.016216006 9.525032e-06 7.8865185e-08 0.00021625638 2.9699728e-05 4.5468652e-05 7.73519e-06 9.440691e-08 3.0821275e-07 5.6975994e-05 0.00015160958 1.4683303e-07 4.7464513e-05 1.8586101e-06 2.6492962e-05 8.698462e-07 2.902906e-07 2.0354559e-08 0.0002303682 1.1218327e-07 2.3791525e-05 4.5187257e-06 0.00012941564 3.3397077e-07 1.4643335e-09 4.5228324e-05 2.1648201e-07 2.1168977e-05 7.612202e-06 0.00010726304 0.0002045786 7.4157115e-06 8.272118e-05 9.511833e-06 1.9164176e-07 1.1401328e-05 4.727687e-06
0.015816089 0.5009018 0.023601778 0.00010262361 9.621307e-05 0.95221865 6.1140716e-05 3.068613e-05 0.18994358 0.4611338 3.606993e-05 0.034120075 0.0002648368 4.4416258e-05 0.00979615 1.3297953e-05 4.3610497e-05 0.051569212 0.86438996 5.9554354e-06 0.99440116 3.3437862e-15 1.6375639e-06 5.4705404e-05 4.394223e-05 0.0006354249 6.041233e-07 1.7391418e-05 0.00010308423 0.0027549756 4.615903e-06 0.00049708236 2.8703807e-05 0.00018755865 0.00070267613 3.4621684e-05 1.6075324e-05 0.0027008422 1.2977906e-05 0.85225123 5.553055e-05 1.6694239e-06 8.4905835e-08 0.023003353 5.563117e-06 4.8872425e-05 8.3706575e-05 8.643254e-06 0.0014578886 0.003022435 4.4337686e-08 0.00033871594 0.00092083507 5.671117e-07 2.5480169e-05 1.1309928e-05 8.146255e-05 4.1367723e-08 0.00040252175 9.631121e-07 0.00022698341 6.536892e-05 0.000107902335 3.7475736e-06 0.007527649 0.000102938255 3.401966e-08 0.00042391368 0.0003817507 0.0006201395 6.7294764e-05 5.805543e-07 1.7743085e-06 0.0011368502 0.00052617124 8.4250837e-07 0.00038290888 7.559072e-05 6.080074e-05 7.448194e-06 2.3079788e-06 9.282067e-08 0.00017806908 1.0689012e-06 8.259537e-05 4.4823526e-05 0.00012348538 1.0059617e-06 2.8693144e-06 0.0006408727 9.0067374e-08 6.593026e-05 3.5957313e-05 0.0019531706 2.088587e-05 1.765757e-06 2.4744724e-05 5.7003413e-06 5.601691e-05 6.9199894e-05 1.735558e-05
0.32883856 5.0050443e-05 0.00021821559 0.0012450339 0.0029564241 6.0899592e-06 0.0016661587 0.0007744575 1.1566965e-05 1.642377e-05 0.5757105 0.00035584602 0.00054506474 0.00054277404 1.0654358e-06 0.04700464 0.011315145 3.0646208e-07 9.0616545e-08 0.995855 2.505593e-06 1.6375639e-06 3.552627e-18 0.0069573536 0.024425875 0.000214888 0.9731993 0.30854112 0.33266732 2.327313e-05 0.7133035 0.00010156846 0.012713483 0.00303264 1.6342236e-06 0.072893836 0.22145343 1.3419068e-05 0.08688159 3.2116003e-07 0.00063848804 0.013703148 0.25241128 1.0575367e-06 0.29783964 0.0009745506 0.05279379 0.011061524 2.4229314e-06 1.1238825e-05 0.13320465 4.5048128e-07 9.99933e-07 0.08674146 0.066267855 0.00026038475 0.13541211 0.032346226 1.225212e-05 0.05837638 3.9557243e-08 0.00034589288 1.4039918e-07 0.016749434 2.427456e-07 0.019882126 0.005442864 4.2425927e-05 0.0001481518 4.512165e-05 0.00047733856 0.0011064155 0.004784253 0.004411321 1.2201907e-07 0.0050995667 2.3368555e-06 0.00081446714 2.1611564e-07 4.5721364e-09 0.04447593 0.011151321 3.7732757e-08 4.497335e-05 9.194985e-06 0.0010471218 5.756456e-08 0.0006922098 1.7532451e-05 2.5100271e-06 1.8549526e-05 0.0036114708 1.6822124e-10 0.0006406674 3.7479325e-07 5.8190517e-07 5.683714e-06 1.6031919e-07 4.282589e-07 0.0025212478 0.0032902614
0.23078875 0.016009783 0.28128257 0.7158081 0.71256226 0.0008614378 0.4087162 0.59600896 0.000292857 0.00020174678 0.5831165 0.0054161637 0.17476708 0.16361786 4.5926877e-06 0.98601556 0.21100011 2.4193283e-05 0.023280831 0.02687224 5.3195254e-07 5.4705404e-05 0.0069573536 2.153482e-15 0.11565735 0.0010396236 0.007591451 0.048811566 0.39436343 4.841036e-05 0.011030685 0.00022934693 0.016748404 0.018270796 1.4541984e-05 0.0058193323 0.002030183 1.2976806e-05 0.0022469773 5.088934e-06 0.0011636912 0.97699666 0.00013035866 3.1338008e-05 0.000846873 0.7184468 0.00037292752 0.0003846199 0.12884545 1.9390542e-05 0.0024053329 1.1606812e-05 4.2751093e-05 5.729885e-05 6.660898e-06 0.00014341259 0.81418735 0.00052176224 9.926172e-07 0.00034532073 2.5245995e-06 0.46670923 3.5546038e-06 3.9504906e-05 1.3024811e-07 0.007408053 0.00084763695 3.2116661e-06 0.00018568512 4.386086e-06 0.00014262451 0.00036558544 3.0200677e-05 0.14879479 2.283968e-06 2.5516415e-06 2.468728e-07 7.995713e-05 1.6781738e-07 8.140523e-09 0.00021916078 0.06621358 3.0525217e-07 2.6933799e-06 1.1382783e-07 5.5370263e-05 9.2510845e-06 0.00015139805 0.00021960074 3.4596512e-06 2.1344471e-05 0.00017128624 2.1838751e-08 0.00020395522 2.0512678e-06 2.3361947e-05 1.6217966e-06 7.464271e-08 0.0002566037 0.00014908312 1.5374873e-05
0.89328015 0.0016235618 0.026263978 0.4941366 0.23122165 1.6881791e-05 0.107665055 0.07373473 9.2845155e-05 2.927778e-05 0.6896907 0.0027054383 0.28209966 0.54831207 8.956144e-06 0.35302734 0.96837026 3.1374068e-07 5.6627727e-07 0.19909807 2.651815e-06 4.394223e-05 0.024425875 0.11565735 1.8865942e-15 0.007875381 0.013261145 0.95124173 0.120432556 9.670292e-05 0.08727944 0.0011631978 0.8867587 0.72294164 4.6674463e-06 0.71594965 0.10044576 2.3873234e-05 0.25289208 8.863577e-06 0.085515834 0.08053861 0.00037019534 1.885354e-05 0.0051446925 0.0066274046 0.27302623 0.25087273 8.5059546e-05 0.00021680338 0.0012513185 7.1698905e-06 2.6875467e-05 0.0001717811 0.015233962 0.021516055 0.31930268 0.00043475005 5.130547e-05 0.00080827257 1.820362e-07 0.0020176244 4.1961727e-07 0.00010768307 1.3656044e-07 0.00017334681 0.00026330413 0.00011766068 0.009033846 0.00015503124 0.015294717 6.9024404e-06 2.0983996e-05 0.003688256 7.2068274e-06 2.2640541e-05 6.1213996e-07 0.044073965 4.2260478e-07 6.735074e-09 4.948994e-05 0.0008396557 1.2422105e-07 2.5886285e-07 5.2499936e-06 0.035589628 2.2935903e-07 1.6263823e-05 1.3467311e-05 2.4468008e-07 4.5557627e-07 0.012152653 4.8541e-09 0.00174976 1.3831144e-06 1.5154706e-07 1.6958576e-06 2.6582146e-07 4.944762e-07 0.016511207 4.035815e-06
0.6413525 0.5853543 0.81792444 0.14577249 0.008099578 0.0059317825 0.006326553 0.0025768036 0.049771626 0.003259063 0.008345354 0.050784875 0.17136939 0.13697067 0.23405695 0.001733755 0.01998833 0.0050526555 3.6802885e-05 0.0006954335 7.459621e-05 0.0006354249 0.000214888 0.0010396236 0.007875381 3.5667443e-13 5.1885938e-05 0.000780624 0.0001546855 0.95595163 0.00012626377 0.99258995 0.010608632 0.30072895 0.0022196295 0.0012645114 0.00024813882 0.046911504 0.0004252669 0.00017841022 0.74374086 0.0015278324 4.444251e-06 0.0004503593 0.00026269013 0.0007888509 0.0018853314 0.00569123 0.00025943763 0.16158076 5.874532e-05 0.0044831717 0.00054221967 2.4033481e-05 9.452777e-05 0.062148225 0.0012861296 8.399055e-06 0.010464391 4.422618e-05 4.4794215e-05 0.0002374849 0.00045798943 9.197489e-05 0.0001655883 2.7276286e-05 2.4210754e-05 0.012067439 0.331057 0.07301009 0.113971345 5.4704174e-06 1.9934947e-05 0.0033176376 0.0017345942 1.8242865e-05 5.6538855e-05 0.020082142 1.406392e-05 6.673099e-08 1.4976141e-06 8.4153356e-07 2.3635673e-06 1.8143413e-07 0.000676982 0.0061401916 5.5785167e-05 4.4194178e-07 1.5015197e-06 0.00021916057 3.9757714e-07 0.005053554 2.7749716e-09 0.019093672 1.1889485e-05 2.8736083e-06 0.00018665305 7.5679505e-05 1.0151747e-05 0.004465721 3.7406702e-05
0.6848691 9.636446e-06 0.00016796943 0.00071344123 0.0027828775 2.5443833e-06 0.007246691 0.0043338104 1.488972e-05 1.9290048e-06 0.5394887 4.518995e-05 6.811945e-05 7.017081e-05 7.426525e-08 0.1040544 0.0027672222 2.0533373e-07 5.4837e-08 0.2740661 1.0636379e-06 6.041233e-07 0.9731993 0.007591451 0.013261145 5.1885938e-05 1.1568865e-16 0.122978225 0.923955 2.0438397e-06 0.83557403 1.1205454e-05 0.0051198844 0.0005366972 2.7407785e-07 0.03833189 0.15016058 3.5638536e-06 0.07874969 6.184582e-08 9.916067e-05 0.010983605 0.9333381 1.1260636e-07 0.43633306 0.00049350294 0.032393564 0.004964748 1.4727881e-06 1.2333192e-06 0.90511143 1.5855798e-07 1.1723471e-06 0.21013947 0.11157569 5.5146662e-05 0.3052559 0.5051742 7.9246644e-07 0.6457715 2.3095375e-08 2.8235278e-05 3.797492e-08 0.06805272 1.131066e-07 0.19925055 0.111854315 4.7348454e-05 6.3610587e-06 1.9484291e-06 0.00016268794 0.016688026 0.08562817 0.010749413 2.5205816e-08 0.11915885 7.461293e-07 0.0004092561 4.183915e-08 6.70276e-11 0.22680606 0.04163884 5.972037e-08 0.00041295562 1.4028394e-07 0.0011471717 9.659908e-08 0.0011786008 2.8220391e-05 8.3880843e-07 0.00022763418 0.0037274037 9.63049e-12 6.879089e-05 5.535233e-08 1.26262e-07 6.840646e-07 3.3636294e-07 9.3534936e-08 0.0020041259 0.024728838
0.8191769 0.0007670849 0.0027772104 0.09919253 0.07609059 1.013769e-05 0.020343093 0.018333228 3.603331e-05 4.0371142e-05 0.7582396 0.00040335348 0.021642495 0.08734944 5.93318e-06 0.21403505 0.61409754 3.4174883e-07 1.3137449e-07 0.5367877 2.233014e-06 1.7391418e-05 0.30854112 0.048811566 0.95124173 0.000780624 0.122978225 9.913402e-16 0.31417447 1.4687912e-05 0.7143966 0.00020821602 0.69998443 0.1515776 2.5035558e-06 0.9401951 0.9025676 4.369053e-06 0.9427381 1.0310516e-06 0.0076407427 0.048457857 0.01664985 2.0434118e-05 0.174151 0.00325666 0.6244912 0.23133074 5.2952028e-06 3.9331826e-05 0.03398248 7.070788e-07 2.101564e-05 0.0057444335 0.15966652 0.0033616975 0.3023504 0.008669593 9.575863e-06 0.006052346 7.280342e-08 0.00047033402 1.3801188e-07 0.0027506042 5.745112e-07 0.0010862845 0.0013265678 2.4127661e-05 0.0008772942 5.627779e-05 0.0020647584 2.2427534e-05 0.00011375399 0.0022672045 5.81529e-07 0.00014791942 1.0267372e-06 0.010231063 3.3998143e-07 4.4565818e-09 0.0011925888 0.001295072 1.2303803e-07 7.8168324e-07 9.4982124e-07 0.015920142 1.09766766e-07 2.7086486e-05 1.9555812e-06 6.425368e-08 1.0601663e-06 0.010486943 2.06592e-09 0.0007651995 1.2591707e-06 2.127166e-07 8.617973e-07 1.0844822e-07 1.092398e-07 0.013110705 1.7119926e-05
0.9324708 0.0022554288 0.0142057035 0.031108564 0.09095931 0.00048014388 0.32577407 0.45955873 0.00016505855 0.0006529898 0.7016208 0.0029639644 0.0071667572 0.012600142 2.0916625e-05 0.9393707 0.10062035 1.7637014e-05 2.9273204e-05 0.383763 1.295972e-06 0.00010308423 0.33266732 0.39436343 0.120432556 0.0001546855 0.923955 0.31417447 1.9423136e-14 3.7456033e-05 0.4668225 9.830641e-06 0.030380199 0.0036196774 6.1638646e-05 0.10158313 0.15140371 0.0002770658 0.09665235 4.528499e-05 0.0005012487 0.6028252 0.25096583 0.040412173 0.18374294 0.21456565 0.029754192 0.0075644185 0.0011286025 2.124783e-06 0.67891514 4.528061e-06 0.0004291369 0.048984595 0.031000746 0.00014683034 0.7380653 0.23942204 4.698861e-06 0.756003 2.9827843e-06 0.07321179 1.6678359e-06 0.039266262 6.939047e-07 0.8008798 0.14873171 0.00062023196 4.4027172e-05 1.92388e-05 0.00019769356 0.0400146 0.028128488 0.13550048 7.580204e-06 0.014290866 3.557264e-07 0.00015172573 2.5587022e-05 8.161169e-09 0.4193061 0.26308665 4.1075774e-07 0.001432838 4.858975e-06 0.0009642707 4.7125646e-05 0.013744407 0.0003744955 2.7524187e-05 0.0008575743 0.0053344266 9.513532e-09 0.0010060342 8.147331e-06 2.2740991e-05 6.632482e-06 2.19348e-07 2.7338085e-05 0.0037658082 0.008006132
0.8664536 0.6264749 0.32819432 0.0024870147 0.00029138548 0.041209836 0.00032059316 0.0003863251 0.44613847 0.051260848 9.27855e-05 0.025881555 0.004234698 0.0011616591 0.928505 5.1269617e-05 0.0001860726 0.22095232 7.2061052e-06 6.3381776e-05 0.00076020346 0.0027549756 2.327313e-05 4.841036e-05 9.670292e-05 0.95595163 2.0438397e-06 1.4687912e-05 3.7456033e-05 4.3759362e-14 3.7367638e-06 0.76411617 0.00033064152 0.007298284 0.13572152 5.851708e-05 1.3194178e-05 0.90691483 2.7494592e-05 0.0011966161 0.052378003 2.6076283e-05 4.8253366e-07 0.007167905 5.991908e-06 0.0003329276 8.0045706e-05 0.00018258557 2.4570008e-05 0.93197316 3.092682e-06 0.18683483 0.013038478 1.442786e-06 1.3295175e-05 0.016755609 4.4908164e-05 6.5966293e-07 0.19414078 4.999017e-06 0.0014370941 1.3315337e-05 0.004508507 1.1489742e-05 0.0013499543 1.0862988e-05 1.5435188e-06 0.16557896 0.11733062 0.35951278 0.0458046 9.4531245e-08 1.4063148e-06 0.00043588004 0.014653921 2.2800048e-06 0.0002795247 0.006506438 2.1126745e-05 2.3680145e-06 1.5603399e-07 1.9897407e-06 8.578961e-06 2.2645311e-07 0.0041432506 0.0039535984 0.00022770716 4.9839077e-08 1.7164925e-08 0.001403239 3.7158912e-07 0.0014806014 1.3455704e-07 0.019746507 4.7464015e-05 2.1909316e-05 0.00033600582 0.00040593187 2.4742185e-06 0.0026582796 3.1716754e-05
0.9219357 0.00012494504 0.00023671566 0.0023678576 0.0043615643 2.2299025e-06 0.0030828675 0.0023616513 4.490733e-06 2.7340284e-06 0.73612416 0.00016657091 0.00027461146 0.0006557159 3.6027708e-07 0.07161231 0.024381228 1.876147e-07 2.5744907e-08 0.89082104 2.199965e-06 4.615903e-06 0.7133035 0.011030685 0.08727944 0.00012626377 0.83557403 0.7143966 0.4668225 3.7367638e-06 3.2339184e-15 4.1737036e-05 0.075264975 0.0036170308 2.025219e-06 0.5332174 0.9359034 3.3000326e-06 0.608703 1.5949729e-06 0.00043410534 0.01714698 0.9091312 8.652391e-06 0.9446337 0.0013335424 0.5574696 0.037436243 1.2128928e-06 2.0857746e-05 0.33662263 2.6379648e-06 2.386861e-05 0.3430516 0.6967282 0.0006308247 0.30178708 0.40918037 1.0633223e-06 0.13522089 8.4934015e-08 0.00038028776 1.0487131e-07 0.17116128 1.5827426e-07 0.05820981 0.042163238 0.00012354134 3.8568032e-05 8.680758e-06 0.0009511198 0.0008024068 0.0051205386 0.009565733 9.679887e-07 0.0036218928 3.9313485e-07 0.0046450417 4.06777e-08 2.5892333e-09 0.14256853 0.02602145 2.6897413e-07 2.9221323e-05 3.7069449e-06 0.008545837 1.2591839e-06 0.0005835134 2.8323819e-05 3.2083707e-07 2.3841245e-05 0.037611414 2.0552404e-10 0.00061718264 2.1101764e-06 1.9448191e-07 2.1159701e-06 1.2790437e-06 1.1705959e-07 0.017436108 0.0016236051
