1.7359232e-17 0.9458959 0.882542 0.9002345 0.95373 0.92224914 0.9498451 0.9428656 0.9449548 0.9874135 0.885498 0.96836215 0.8202418 0.92932975 0.76877236 0.892755 0.81490386 0.9427477 0.9768914 0.9611704 0.8417605 0.9399442 0.83305347 0.54032665 0.8889339 0.779964 0.88524294 0.7471757 0.47032678 0.9903717 0.63860476 0.9598542 0.73786 0.7786201 0.5902662 0.75701845 0.94277525 0.796039 0.85622483 0.981594 0.9137477 0.90860415 0.88066286 0.95710796 0.9819168 0.924517 0.46243495 0.93649936 0.5297698 0.9334769 0.9970751 0.22636266 0.94228196 0.95928717 0.47496632 0.9100198 0.82000464 0.86231244 0.74264574 0.10071262 0.9412511 0.8758595 0.85339445 0.85464305 0.13895483 0.13328771 0.061787225 0.92536587 0.9689413 0.025249878 0.029426614 0.011904911 0.9959493 0.006788171 0.036363006 0.62577176 0.17405826 0.21547654 0.034173753 0.8131737 0.17896976 0.037102066 0.8154085 0.8806877 0.9731319 0.0040242523 0.99999946 0.99319947 0.5903782 0.041587852 0.423209 0.0029686135 0.042536967 0.0013640049 0.00061759923 0.04977197 0.92626077 0.010567288 0.9989442 0.53410536 0.10114915
0.9458959 1.1872129e-14 0.96612656 0.9556091 0.38031468 0.034444585 0.023148924 0.45830297 0.11633469 0.88274646 0.011483274 0.3941277 0.63407695 0.0067101256 0.5207634 0.06349532 0.21544479 7.1584873e-06 1.2581007e-05 8.13321e-06 0.28678274 1.1578543e-07 0.0005835438 0.04035593 9.1564425e-07 0.029356029 0.05949668 1.3087318e-05 0.023854231 3.4531857e-07 0.0627891 4.0501654e-08 1.2200559e-07 0.0014536106 0.0068188966 4.3339277e-08 1.1907754e-07 4.70142e-08 0.12671743 2.423501e-07 4.606766e-09 0.1326269 1.7413134e-08 0.022966325 0.003191209 6.524052e-08 2.2857687e-07 0.00035692955 0.010862597 1.7723535e-06 0.026962832 0.00046073907 8.8133556e-10 3.9510646e-06 9.1701455e-05 0.0420989 9.247375e-07 3.9968686e-06 1.15241996e-07 4.270211e-07 1.746742e-08 2.8958536e-06 2.1320993e-05 1.7705955e-07 0.006907788 0.0023354422 0.00065969414 6.828273e-08 6.7311094e-06 5.9055804e-08 3.616058e-05 1.8966628e-07 4.1558185e-05 4.0092814e-07 4.2488697e-08 1.3344696e-08 2.1063765e-06 1.6579423e-07 1.5533476e-06 8.285689e-09 2.6423493e-07 0.00019343471 1.5037422e-08 2.0943641e-08 9.0482725e-11 5.602118e-07 0.00840845 0.00010849825 1.3510422e-08 2.1325984e-06 1.8903876e-07 1.1364625e-07 9.6800854e-08 2.5067894e-07 6.1142316e-08 3.0809684e-08 2.1531074e-08 1.986992e-07 0.0001981358 3.540921e-08 1.5400824e-06
0.882542 0.96612656 1.9610493e-14 0.9289033 0.17632677 0.009269923 0.0020979466 0.21168117 0.07983466 0.65418404 0.0053523737 0.15847173 0.91280866 0.0052710036 0.90874445 0.07302735 0.71258163 5.3870167e-07 1.0817124e-06 3.04916e-06 0.51013434 1.479678e-08 0.00043786073 0.20482153 3.9313412e-07 0.114249796 0.20435439 1.0342677e-05 0.08757695 1.447082e-07 0.17185737 8.676805e-09 6.647831e-08 0.0037489447 0.017814977 1.4046018e-08 1.9662911e-08 1.0122796e-08 0.03316137 6.9271294e-08 4.691645e-09 0.3127986 2.9030576e-09 0.0020560906 0.00040546857 4.396186e-08 9.7681486e-08 5.6198838e-05 0.04589333 9.556038e-08 0.012891105 0.002956741 9.389395e-10 3.9827006e-07 0.0008859347 0.11227843 1.0280525e-07 3.6496672e-07 2.4066244e-08 2.8883693e-07 5.8043024e-09 2.1101272e-07 3.2320637e-05 2.4338414e-08 0.03203699 0.013333835 0.0041632485 7.4495894e-09 2.5736074e-06 1.3896545e-07 0.00019979838 4.387025e-07 8.383715e-06 1.1121843e-06 5.487404e-08 9.64206e-10 5.446799e-06 2.9100391e-08 1.614226e-05 1.166205e-08 3.5129347e-07 0.002813216 2.5677611e-09 1.3359493e-08 7.441033e-11 4.9744917e-06 0.0046780435 3.741776e-05 5.482829e-09 1.7991477e-05 4.2336038e-07 3.031188e-07 2.0995275e-08 1.0361933e-06 2.3305238e-06 2.9538592e-08 7.7224005e-10 1.0109976e-06 4.9782673e-05 4.10511e-09 1.8561913e-07
0.9002345 0.9556091 0.9289033 9.3438856e-15 0.5834293 0.31053585 0.06900441 0.509452 0.41289574 0.53107035 0.058603644 0.24715999 0.953953 0.028437056 0.7876139 0.3832784 0.15750624 3.4413704e-05 6.7895955e-05 8.548233e-05 0.5544377 1.4018639e-06 0.0067385957 0.05067411 1.0861321e-05 0.17679346 0.023152664 0.00018091347 0.11799418 2.8601594e-06 0.06916527 2.5967807e-07 3.2524417e-06 0.032521337 0.056476362 6.1990164e-07 2.138205e-06 3.879223e-07 0.041922916 2.3719856e-06 6.7706395e-08 0.36800057 1.8550685e-08 0.00901492 0.0016185815 2.696033e-07 5.7447915e-06 0.0005216356 0.1225867 3.8027285e-06 0.008455894 0.012340517 6.6744326e-09 9.665465e-06 0.0073322346 0.21797232 1.400907e-06 3.7512852e-06 2.715145e-07 3.2535463e-06 6.374017e-08 5.069587e-06 0.0014620817 2.6232271e-07 0.034216113 0.021463964 0.011024023 1.09727196e-07 7.524142e-06 5.737934e-07 0.00053951656 7.169709e-07 7.060358e-05 7.7726025e-07 2.660629e-07 2.981453e-08 0.00022397451 2.1465888e-07 9.995202e-05 1.550707e-08 4.5538627e-06 0.0015854357 1.37057325e-08 5.085717e-08 3.5114522e-10 5.1986017e-06 0.0030366944 0.00010124458 3.15801e-08 4.0893265e-06 2.704593e-07 3.1883917e-07 1.4367878e-07 8.50301e-07 7.7427654e-07 1.4913124e-07 1.4408478e-09 1.2729835e-06 0.00013421314 5.380888e-08 2.6534352e-07
0.95373 0.38031468 0.17632677 0.5834293 9.231146e-16 0.96412486 0.90746737 0.7817392 0.8815397 0.15312959 0.7624768 0.35735554 0.5502101 0.42548442 0.19139014 0.8250993 0.007811896 0.005809523 0.003759559 0.02838199 0.34334594 5.7438578e-05 0.42571917 0.002887403 0.004305619 0.49932408 0.00012430207 0.0609164 0.21068458 2.2565398e-05 0.005134649 2.0945397e-06 1.558747e-05 0.28754196 0.20576443 9.348839e-06 7.452372e-06 2.5638158e-06 0.018124843 1.2307889e-05 8.4715083e-07 0.13143656 5.520791e-07 0.010846412 0.001063718 0.0005097689 0.00030632902 0.00044053068 0.09885393 6.7505757e-06 0.0032487793 0.021819169 5.737657e-08 1.1563591e-05 0.03633217 0.14265308 2.3537486e-06 5.961079e-06 7.1939826e-07 0.00020907543 2.4387288e-07 4.189422e-06 0.06971468 4.1092585e-07 0.009569328 0.016019229 0.0046920623 1.9622422e-07 1.6547832e-05 1.9504603e-05 7.82453e-05 9.2812625e-06 0.00012282848 1.9341875e-05 9.618405e-06 2.4726555e-07 0.00334974 1.1293324e-06 0.00079701474 9.0440935e-08 6.9338355e-05 0.00026325966 7.5649446e-08 2.072967e-06 2.030267e-09 4.403057e-07 0.0032753763 0.00015932096 2.5955934e-08 5.6391633e-05 1.6391434e-06 1.0621108e-05 1.5640481e-07 3.8800816e-05 1.6274232e-07 4.463392e-07 1.2928771e-08 5.216505e-06 0.00019215996 1.6240827e-08 6.358544e-07
0.92224914 0.034444585 0.009269923 0.31053585 0.96412486 3.859107e-14 0.9124981 0.72406393 0.9359517 0.029478189 0.6786122 0.21871105 0.3318283 0.42884552 0.029338673 0.8898707 0.00048559596 0.029241446 0.008255977 0.23390388 0.16441591 0.0003770447 0.580914 0.0013066916 0.030675659 0.5238933 3.0184468e-05 0.19444509 0.19961417 0.00043820095 0.0010874489 1.3451804e-05 0.00011242571 0.34406993 0.2030637 8.4471525e-05 2.9253612e-05 1.1382132e-05 0.009707184 4.8610305e-05 6.0802095e-06 0.055104308 3.2438456e-06 0.008821114 0.0011843161 0.0014869194 0.0008862741 0.0004894244 0.07800832 2.1741698e-05 0.0016464577 0.03327517 4.9698707e-07 3.7580336e-05 0.0563367 0.07379486 2.5531433e-06 8.224006e-06 3.179381e-06 0.000682688 5.396334e-07 7.3900133e-06 0.10125056 1.0978347e-06 0.004118638 0.008116997 0.0032752575 2.9692418e-07 5.4646167e-05 0.00012110805 6.58906e-05 2.5013447e-05 0.00025703746 2.9620638e-05 1.588389e-05 6.5525575e-07 0.01428144 8.5476785e-07 0.0023513236 4.2396195e-07 0.0005593913 0.00011213265 2.3123333e-07 7.5468797e-06 4.566857e-08 9.586525e-08 0.0022067777 0.00014832031 7.7825895e-08 9.799915e-05 3.8268126e-06 3.4843092e-06 2.6731524e-07 1.669514e-05 5.5462554e-08 4.512324e-07 6.293692e-08 3.1020707e-05 0.00029080335 1.5450885e-08 1.5120613e-06
0.9498451 0.023148924 0.0020979466 0.06900441 0.90746737 0.9124981 8.851102e-15 0.87601167 0.6677295 0.029535437 0.95593864 0.42859432 0.07406164 0.81191075 0.014353533 0.5272532 0.00036570625 0.27543375 0.16331887 0.5657537 0.0499659 0.003376249 0.5250642 0.00015823783 0.13284606 0.24291533 1.1701473e-05 0.20298551 0.07472052 0.004842583 0.00025423436 0.00016128339 0.0002977044 0.23016842 0.072640136 0.00041907583 0.00013810332 1.193372e-05 0.01652273 0.00013631408 7.812521e-06 0.017070668 4.344311e-06 0.03389448 0.010038913 0.011635751 0.0032058274 0.0017192729 0.016301114 4.1991232e-05 0.0030143864 0.0050463662 3.4719915e-07 7.850549e-05 0.0142221255 0.0119782295 6.469511e-06 1.2825671e-05 3.20257e-06 0.0016723106 6.931567e-07 1.34834645e-05 0.09684836 2.0324358e-06 0.0012305113 0.0017913877 0.0008341347 5.4589754e-07 0.000107857064 0.00010584902 2.5570676e-05 1.16142755e-05 0.0006517738 3.5792542e-05 4.0100924e-05 7.3271383e-07 0.007886847 5.27351e-07 0.0014750618 1.4832688e-07 0.000874124 1.285181e-05 2.631318e-07 2.4296824e-05 3.579218e-08 3.615177e-08 0.0040487465 0.00030850142 7.057896e-08 0.00011627991 2.7045685e-06 3.5957655e-05 3.7369472e-07 1.5715943e-05 1.5058173e-08 4.2146618e-07 2.2460385e-07 0.0001380009 0.00038814807 3.3851048e-08 5.587112e-06
0.9428656 0.45830297 0.21168117 0.509452 0.7817392 0.72406393 0.87601167 9.132553e-15 0.51370937 0.52221584 0.9190491 0.9394795 0.14921276 0.8655316 0.049412318 0.24067064 0.0047145295 0.040019486 0.03557174 0.06588882 0.030892847 0.00036654217 0.09136221 0.00052009197 0.009434168 0.0706426 8.795107e-05 0.014504852 0.015135296 0.00043300015 0.00088888826 1.451707e-05 7.868944e-05 0.016928757 0.008593914 5.5121265e-05 3.531575e-05 8.1496155e-06 0.06547004 1.888921e-05 1.184913e-05 0.005746938 1.7022011e-06 0.064474344 0.013816524 0.00048511408 0.000106671185 0.0026740439 0.0019349221 2.3844268e-05 0.009606103 0.00081603683 2.0211448e-07 3.6080455e-05 0.0020007668 0.0017388756 8.654389e-06 1.8857621e-05 1.5953381e-06 3.4892822e-05 3.849211e-07 1.5470505e-05 0.0015029289 2.3869056e-06 0.00072769687 0.00053346425 0.00030619642 2.0776585e-07 9.763012e-05 1.0670908e-05 3.5238067e-05 8.889676e-06 0.00025199284 1.9632605e-05 1.1783951e-05 2.2461072e-07 0.00028707323 6.788584e-07 0.00021266236 7.267699e-07 1.9733725e-05 0.00033399387 2.4836961e-08 6.0412704e-06 2.043281e-09 6.265387e-07 0.008773683 0.00017919873 2.7251282e-08 9.1287344e-05 7.309373e-06 2.824508e-05 4.2917225e-07 5.9489852e-05 1.0645927e-06 1.0881128e-06 4.1909733e-09 3.3714306e-05 0.00023684435 1.6380323e-08 1.0714364e-06
0.9449548 0.11633469 0.07983466 0.41289574 0.8815397 0.9359517 0.6677295 0.51370937 3.7324245e-16 0.06317377 0.38544017 0.14656244 0.5871636 0.14804806 0.11489183 0.9569808 0.0020869663 0.0015144036 0.0017388028 0.0105433855 0.42286694 5.9908907e-06 0.38184884 0.005578469 0.0012622464 0.6660086 7.0222835e-05 0.03526076 0.39900935 3.2013042e-05 0.00845618 2.3478435e-06 2.9683317e-06 0.37585318 0.27312 1.8788285e-06 3.3155022e-06 2.1122987e-06 0.013693885 1.5901878e-05 1.6988803e-07 0.15478717 4.2517829e-07 0.0064277197 0.0009648612 2.903033e-05 0.00015590778 0.00031122213 0.2733566 8.492997e-06 0.0028741295 0.108968645 2.3108372e-08 7.1364907e-06 0.17385344 0.27331892 1.6840937e-06 2.0403966e-06 5.878651e-07 7.856099e-05 1.1262032e-07 2.3694715e-06 0.0673317 4.3137538e-07 0.019005643 0.03924151 0.015281589 4.7088957e-08 5.6510094e-06 2.842719e-05 0.0005762043 5.179312e-06 5.9857193e-05 9.242125e-06 6.3620955e-06 7.0492725e-08 0.014332194 1.1638424e-07 0.0040672766 1.8920064e-08 0.0002817063 0.0004903817 4.4297785e-08 8.395632e-07 8.849116e-10 2.618613e-07 0.00077268 9.736876e-05 2.7521285e-08 4.028207e-05 3.779472e-07 3.2570758e-06 4.9785296e-08 1.0619174e-05 6.5532724e-08 6.71549e-08 1.5152125e-08 4.441067e-05 0.00017641143 2.8243772e-08 7.0859903e-07
0.9874135 0.88274646 0.65418404 0.53107035 0.15312959 0.029478189 0.029535437 0.52221584 0.06317377 6.0912614e-13 0.024366733 0.95647526 0.08050384 0.11408444 0.08430213 0.015161481 0.111513406 0.00075379136 0.018853027 0.0005551927 0.010172648 3.1905696e-05 0.00042809758 0.0105995005 0.00011192676 0.002422578 0.034499116 0.0001609199 0.0017065501 0.0019702916 0.002682409 1.8757752e-05 2.0602774e-05 0.00028512406 0.0008571732 1.1404928e-05 2.2568109e-05 3.9930437e-06 0.8975862 1.5040673e-05 1.9384136e-06 0.0051059704 7.6818077e-07 0.065856814 0.010367317 8.929147e-05 3.9398374e-06 0.00046470665 0.0016707963 1.6725546e-05 0.44256842 0.0006861781 8.79179e-08 1.3513279e-05 0.0006220621 0.0014155158 4.120732e-06 5.053026e-06 4.724399e-07 6.739954e-06 6.869278e-08 1.72303e-06 0.00014415827 1.8796619e-06 0.0058473954 0.004284342 0.0027652965 3.9991085e-07 1.5518972e-05 4.464152e-06 0.0005238461 4.7824324e-07 3.0156873e-05 1.282208e-06 8.889976e-07 8.946578e-07 6.9982652e-06 8.3400573e-07 7.229837e-05 1.5497837e-07 4.9659925e-06 0.009397096 6.026044e-08 3.5097353e-06 3.8030135e-09 0.00023876593 0.08430082 6.971464e-05 3.093055e-07 2.9887682e-05 3.3064307e-06 1.3118014e-06 6.264672e-08 7.31635e-07 3.7375871e-06 7.5561616e-08 1.0943661e-08 0.00014969902 5.482908e-05 2.089771e-08 5.320944e-06
0.885498 0.011483274 0.0053523737 0.058603644 0.7624768 0.6786122 0.95593864 0.9190491 0.38544017 0.024366733 6.0101284e-14 0.5330841 0.020719437 0.9699788 0.007895927 0.1525601 0.00023301993 0.37822443 0.22101958 0.37301785 0.009987324 0.010523305 0.1943971 0.000105778585 0.052831512 0.050251614 6.523984e-06 0.058548227 0.009898394 0.0153279295 0.00011669583 0.00048872846 0.0014532225 0.038374424 0.00986018 0.0011741 0.0011250102 0.000112903734 0.024114545 0.00057663146 0.00022202414 0.0014371489 4.4513283e-05 0.062380996 0.015176952 0.0046457374 0.0010095495 0.004033276 0.0012752662 0.00016186586 0.0054891086 0.000714236 3.5938608e-06 0.00022038835 0.0014904646 0.0009572503 2.3637353e-05 5.832447e-05 2.1756818e-05 0.00021720902 4.2724696e-06 7.947173e-05 0.01498698 8.731304e-06 0.00027891627 0.00025725865 0.0002508333 9.450542e-07 0.0003286368 4.1839456e-05 8.548156e-06 1.2663379e-05 0.001127452 1.43868265e-05 9.241992e-06 8.157119e-06 0.0037187953 2.666839e-06 0.0006144532 2.9743192e-06 0.00021076949 6.236463e-05 5.3933803e-07 5.584271e-05 3.4039395e-08 7.580066e-08 0.0055536297 0.0006142593 8.891591e-08 2.6787824e-05 7.1231093e-06 3.3376255e-05 1.2079637e-06 2.7250051e-05 1.306573e-07 6.6114046e-07 1.1427128e-07 9.221422e-05 0.0005697192 9.28182e-08 1.1097798e-05
0.96836215 0.3941277 0.15847173 0.24715999 0.35735554 0.21871105 0.42859432 0.9394795 0.14656244 0.95647526 0.5330841 8.407291e-14 0.052191567 0.81467736 0.020589603 0.064290725 0.0034031577 0.04122608 0.10697844 0.018899221 0.00911699 0.00068333093 0.017278401 0.00023215421 0.0027696446 0.009841589 5.4742613e-05 0.0013493634 0.0030436444 0.009231753 0.00047051482 5.951113e-05 8.6706845e-05 0.0018651313 0.00095475774 5.1770578e-05 0.00018722606 2.4582192e-05 0.5500243 0.00014308568 1.30827875e-05 0.00094702654 2.1774898e-05 0.3385047 0.098391175 0.00013805105 8.5629195e-05 0.026430229 0.00053469045 0.00028772527 0.09175402 0.00025927313 3.3832183e-07 0.00049006357 0.00027484147 0.0012118882 0.00010353913 7.199515e-05 7.2701564e-06 1.5077193e-05 2.4718554e-06 3.7225454e-05 0.00025301942 1.4058918e-05 0.0008794869 0.0005131372 0.00014979499 1.7475635e-06 0.00020222372 1.6202795e-05 4.9942595e-05 4.418366e-06 0.0011080084 2.3188853e-05 7.937027e-06 4.1694065e-07 4.818729e-05 4.017415e-07 2.6332005e-05 3.7120233e-07 5.591926e-06 9.2272196e-05 2.1306195e-07 1.1002071e-05 7.0176096e-09 1.5138671e-07 0.069163196 0.0010728274 6.022207e-08 2.3040411e-05 5.462806e-06 1.560714e-06 1.1158278e-07 3.168865e-06 3.7302193e-08 6.7777876e-07 1.6771915e-07 0.00015521601 0.00097195356 2.1174515e-08 2.091138e-05
0.8202418 0.63407695 0.91280866 0.953953 0.5502101 0.3318283 0.07406164 0.14921276 0.5871636 0.08050384 0.020719437 0.052191567 1.4691017e-15 0.009502785 0.9670578 0.5295131 0.09093035 1.5285763e-05 4.0505114e-05 4.4163757e-05 0.8940125 1.5818906e-06 0.0040169726 0.13155615 1.9830943e-05 0.26139033 0.006568497 0.00017392455 0.3174576 2.9427417e-06 0.15480201 1.5168615e-07 6.9371225e-07 0.031841237 0.09299961 3.6637806e-07 5.740676e-07 1.3322386e-07 0.006304329 2.9845398e-06 1.4467941e-08 0.34489873 1.2801883e-08 0.0021878376 0.00026285127 1.3565366e-07 1.3275935e-06 7.8596655e-05 0.21044253 9.546652e-07 0.0027767392 0.029246308 5.8889187e-09 6.937817e-07 0.019073028 0.2709029 1.9778038e-07 1.9886299e-07 6.941122e-08 3.964063e-06 7.742802e-09 4.6368484e-07 0.001403994 1.1980495e-07 0.06557264 0.05366624 0.036930017 1.4821098e-08 2.8889106e-06 7.113568e-07 0.0033818414 1.7590465e-07 3.5490742e-05 4.261233e-07 1.551304e-07 6.9889974e-09 0.0012357858 1.1282025e-07 0.0012423132 1.1392306e-09 4.6619252e-06 0.009976899 1.7725714e-08 1.9697634e-08 5.8153365e-10 1.3080829e-05 0.0015578532 0.00016212573 2.6746429e-08 1.131564e-06 5.137193e-08 2.5524434e-07 2.7621994e-08 3.1386805e-06 2.1813612e-06 1.813752e-08 3.9824176e-08 1.5196605e-05 8.125903e-05 5.4661463e-08 3.877402e-06
0.92932975 0.0067101256 0.0052710036 0.028437056 0.42548442 0.42884552 0.81191075 0.8655316 0.14804806 0.11408444 0.9699788 0.81467736 0.009502785 8.754899e-14 0.00332853 0.06711797 0.00036116707 0.60446113 0.5596246 0.3589047 0.003220108 0.023056423 0.14139564 5.7168396e-05 0.058923263 0.017611861 8.727591e-06 0.054480635 0.0032352123 0.07462471 0.0001630416 0.0012954684 0.0023876752 0.01401725 0.002603408 0.0027696195 0.006930349 0.0007243394 0.25666746 0.005689529 0.00063350203 0.0003202152 0.00036327803 0.25019282 0.07101346 0.006361401 0.0016045901 0.022509817 0.00036433886 0.0007284495 0.019242177 0.00023413282 4.8330232e-05 0.0011440312 0.00048311937 0.00023567208 0.00018589754 0.00023178873 0.00015788419 0.00026697273 8.363395e-05 0.00018404797 0.0081612095 4.9841627e-05 9.4579525e-05 0.00022252333 0.00016342005 1.415071e-05 0.00084358297 0.000104146886 1.3604258e-05 5.2410037e-06 0.0024834124 4.3050535e-05 2.3625138e-05 2.2657607e-05 0.0010915603 9.8441315e-06 0.00021456445 3.320847e-06 0.00022431844 3.9430415e-05 3.6557271e-06 0.00018854014 2.399416e-07 4.0707427e-08 0.021085966 0.0020155217 3.8365454e-07 0.00013773794 2.0526562e-05 7.767498e-05 2.7609483e-06 7.57143e-05 2.7773826e-08 4.7008466e-06 6.7535524e-07 9.15543e-05 0.001382105 7.556505e-07 0.0001263199
0.76877236 0.5207634 0.90874445 0.7876139 0.19139014 0.029338673 0.014353533 0.049412318 0.11489183 0.08430213 0.007895927 0.020589603 0.9670578 0.00332853 2.5542702e-16 0.07312681 0.9132791 5.939472e-07 2.5327602e-06 1.6641673e-06 0.94563794 4.025029e-08 0.00014413847 0.60928357 5.056957e-07 0.042184975 0.080342315 9.233536e-06 0.13704924 1.9227664e-07 0.54398763 2.0933614e-08 1.394701e-07 0.0029215377 0.024365038 5.9583734e-08 2.522722e-08 1.08075024e-08 0.006089336 1.9201752e-07 5.7923253e-09 0.49752802 2.5576823e-09 0.000581683 3.4223256e-05 1.0509592e-08 2.7179752e-08 4.6147406e-06 0.17343092 1.9634926e-07 0.0035175048 0.012736612 2.9136864e-09 1.3738287e-07 0.0057729143 0.25130665 6.303074e-08 2.4938688e-08 1.4208037e-08 8.547307e-08 3.274203e-09 1.1815019e-07 5.8086727e-05 2.4646216e-08 0.13823321 0.046022054 0.052990425 6.0092726e-09 5.185611e-07 5.0157112e-08 0.0036070035 1.930453e-08 1.547577e-05 5.702896e-08 2.4886608e-08 1.0747903e-09 5.5260538e-05 1.4131228e-08 0.0001531377 7.3274625e-10 1.5164247e-07 0.04148424 4.7330526e-09 3.918633e-09 6.3121636e-10 0.00011798081 0.0019492443 3.1537955e-05 2.4983585e-08 7.3500587e-07 7.1099976e-08 1.1754869e-07 1.9160877e-08 4.8182136e-07 8.1583175e-06 1.2823046e-08 1.9558917e-09 3.2142358e-05 2.060299e-05 2.8394147e-08 5.237024e-07
0.892755 0.06349532 0.07302735 0.3832784 0.8250993 0.8898707 0.5272532 0.24067064 0.9569808 0.015161481 0.1525601 0.064290725 0.5295131 0.06711797 0.07312681 3.4274571e-16 0.001026061 0.0025530756 0.002088127 0.015285078 0.68136305 2.4419545e-05 0.63288385 0.0035106447 0.005124041 0.93785775 3.4905806e-05 0.1075909 0.7619531 5.0444003e-05 0.008909278 3.358496e-06 8.6007185e-06 0.7155415 0.6001157 6.712942e-06 5.2392747e-06 1.7441204e-06 0.0065752557 1.6555994e-05 1.8822404e-07 0.12560312 1.2689986e-07 0.0024792287 0.0005989163 3.3258817e-05 0.000117677504 7.7093e-05 0.31642988 6.473553e-06 0.0012363334 0.14434773 3.235775e-08 9.212558e-06 0.22382219 0.25796753 5.1600466e-07 1.1072959e-06 2.1816928e-07 7.4455485e-05 5.363786e-08 1.0075883e-06 0.09481291 1.6929754e-07 0.026226798 0.061767817 0.022871425 5.171947e-08 4.6297105e-06 4.467442e-05 0.0011716554 2.8020104e-06 2.6511767e-05 5.192393e-06 7.5336056e-06 3.65867e-08 0.029290829 2.0992083e-07 0.01008709 2.1271982e-09 0.0010567484 0.0003329133 6.592751e-08 4.615786e-07 4.2967474e-09 3.5334273e-07 0.0005150401 6.3369574e-05 2.8259722e-08 7.510427e-06 9.953836e-08 4.5425245e-06 3.393891e-08 1.3440712e-05 4.5597096e-07 7.215492e-08 1.4705115e-08 0.00016009728 3.7660775e-05 4.1019348e-08 5.218413e-07
0.81490386 0.21544479 0.71258163 0.15750624 0.007811896 0.00048559596 0.00036570625 0.0047145295 0.0020869663 0.111513406 0.00023301993 0.0034031577 0.09093035 0.00036116707 0.9132791 0.001026061 1.3956365e-16 1.1881787e-07 2.6076083e-07 1.814838e-07 0.4288991 7.454266e-09 7.092985e-06 0.961792 7.622387e-08 0.00055390573 0.96411365 2.0927179e-07 0.0031010434 1.35222304e-08 0.5833878 4.9428097e-09 1.13934924e-07 2.2716586e-05 0.00032101778 1.3330959e-08 3.5553476e-09 5.465661e-10 0.021542814 1.1395028e-08 7.706263e-09 0.07503488 1.44079e-09 0.0006616662 1.759107e-05 2.709926e-08 4.1757357e-08 1.4357795e-07 0.008212685 1.0634652e-08 0.020976001 0.00047680034 9.281686e-10 3.275427e-09 0.000112346184 0.029533124 4.886725e-09 1.8657198e-09 9.365414e-09 2.4560822e-07 6.3692007e-09 6.596509e-09 9.132325e-06 7.3368606e-10 0.03406321 0.0045680865 0.006422052 1.1388048e-09 1.085196e-07 1.6936309e-07 0.002155747 6.1606585e-08 1.8114549e-06 1.17305554e-07 1.9516035e-08 8.610705e-10 2.072352e-06 3.2544598e-09 3.342569e-05 1.5290776e-09 1.12237856e-07 0.035562478 1.8054159e-09 2.0861302e-09 1.7438508e-10 5.830267e-05 0.0038634678 4.1268113e-06 3.5772232e-09 1.7819113e-07 8.961449e-08 1.750868e-08 1.0431249e-08 7.497874e-08 4.5962847e-06 3.861215e-09 1.7531329e-09 1.0725296e-05 1.7790555e-05 9.848756e-09 2.1719986e-08
0.9427477 7.1584873e-06 5.3870167e-07 3.4413704e-05 0.005809523 0.029241446 0.27543375 0.040019486 0.0015144036 0.00075379136 0.37822443 0.04122608 1.5285763e-05 0.60446113 5.939472e-07 0.0025530756 1.1881787e-07 9.888932e-15 0.9717263 0.8526811 2.7368369e-05 0.95685595 0.10267986 1.1548597e-06 0.4765388 0.0010846591 1.0348453e-08 0.1494229 0.00024878548 0.36259288 1.1369368e-06 0.16723706 0.32556793 0.0040215533 0.00015855808 0.17937967 0.06024586 0.016868595 0.013732715 0.010901352 0.018639475 7.2316635e-07 0.0013818744 0.05298418 0.028038446 0.30671504 0.05687692 0.013564306 7.8271725e-05 0.0008715191 0.00330407 0.00011566388 1.8175642e-05 0.0010516157 0.0008563867 8.407543e-06 0.00012844735 0.0003303339 0.00010051736 0.015245786 2.1409014e-05 0.00022912917 0.08130264 3.6842044e-05 5.817692e-07 1.8857909e-05 9.418659e-06 1.1477006e-05 0.00087163044 0.002203846 5.855732e-07 0.0033116287 0.001487486 0.0014657003 0.006136711 6.514394e-05 0.011062056 1.1456983e-05 0.00031965194 4.1247713e-05 0.031889394 1.5965572e-06 9.733625e-07 0.0031394064 5.1171742e-08 1.1333231e-08 0.005418863 0.0010652692 4.6462685e-07 0.019776745 2.700122e-05 0.0007436128 4.6374307e-06 4.8364673e-05 2.0061286e-08 6.298959e-06 2.419545e-07 0.00065872504 0.0009068174 5.7816656e-08 6.185889e-05
0.9768914 1.2581007e-05 1.0817124e-06 6.7895955e-05 0.003759559 0.008255977 0.16331887 0.03557174 0.0017388028 0.018853027 0.22101958 0.10697844 4.0505114e-05 0.5596246 2.5327602e-06 0.002088127 2.6076083e-07 0.9717263 9.364698e-13 0.34511846 3.163664e-05 0.78732336 0.007348493 1.1486768e-06 0.11569078 0.00028808907 4.7758938e-08 0.008722325 0.000112211055 0.8953577 1.7225716e-06 0.19860697 0.099194735 0.00045468367 5.6595338e-05 0.06389118 0.35521808 0.08745908 0.23687415 0.27822664 0.0073831985 1.0334705e-06 0.013186367 0.5259636 0.3701972 0.034439135 0.0044891937 0.23993099 1.4257604e-05 0.023670373 0.07180089 4.7967245e-05 0.00015265435 0.019142607 0.00023311263 1.2927766e-05 0.0018093926 0.0035114517 0.0007256639 0.0006295752 0.00025174927 0.0009941402 0.004231182 0.00079873553 9.259095e-07 1.4557344e-05 3.7248342e-06 0.000178001 0.010462742 0.00025201688 4.5502766e-06 0.00049397786 0.027998136 0.00031403423 0.0006696465 5.7215522e-05 0.0027778568 2.8838667e-05 0.00011443994 1.3673102e-05 0.015146168 1.2329969e-06 6.6577036e-06 0.00076834596 2.7465634e-07 3.6679968e-09 0.06639954 0.015776265 1.5424753e-06 0.0061638528 7.4133386e-05 0.00032444458 4.697152e-07 3.6099766e-05 8.5201854e-09 2.5763231e-06 1.5667779e-06 0.0006336307 0.0088157235 9.195481e-07 0.00062021456
0.9611704 8.13321e-06 3.04916e-06 8.548233e-05 0.02838199 0.23390388 0.5657537 0.06588882 0.0105433855 0.0005551927 0.37301785 0.018899221 4.4163757e-05 0.3589047 1.6641673e-06 0.015285078 1.814838e-07 0.8526811 0.34511846 5.602456e-16 2.1750118e-05 0.63109225 0.70449686 1.3552246e-06 0.98567355 0.010884067 5.0192043e-08 0.7739795 0.00080816343 0.029638827 4.368228e-06 0.03511214 0.17224763 0.03228676 0.0010260708 0.47542378 0.0034737606 0.0022195948 0.0052884156 0.0018833601 0.0035539127 3.0521564e-06 0.00016486991 0.01054124 0.0063691987 0.51865715 0.29680735 0.0029597585 0.0006600104 0.00037757598 0.0012298549 0.00057766784 1.7399705e-06 0.00046150052 0.0052562333 4.579341e-05 9.4979056e-05 0.000132308 1.7742544e-06 0.07585099 6.704378e-07 7.4094656e-05 0.43026826 9.419926e-06 1.0963219e-06 9.988514e-05 5.334716e-05 1.3656513e-05 0.00023256394 0.01588102 5.110143e-06 0.015324766 0.000258319 0.0055819065 0.01748449 2.7922033e-05 0.046998445 1.1482557e-05 0.0011364698 8.684103e-06 0.108101726 7.8958195e-08 2.1986887e-07 0.0014234092 4.9809117e-09 3.4539098e-09 0.0016547116 0.00027771233 9.448437e-08 0.04031697 3.919211e-06 0.00051977043 8.1849106e-07 8.05575e-05 2.9601122e-09 1.0085438e-06 1.463263e-07 1.36755425e-05 0.00082638307 5.8159863e-08 8.007819e-06
0.8417605 0.28678274 0.51013434 0.5544377 0.34334594 0.16441591 0.0499659 0.030892847 0.42286694 0.010172648 0.009987324 0.00911699 0.8940125 0.003220108 0.94563794 0.68136305 0.4288991 2.7368369e-05 3.163664e-05 2.1750118e-05 2.6591331e-16 1.0333138e-06 0.011109409 0.71714944 9.458328e-06 0.7045194 0.016906621 0.00016307675 0.9452447 1.3797662e-05 0.8472442 4.1033883e-07 7.10428e-07 0.13016666 0.66791356 6.1153725e-07 8.3294145e-07 1.6939508e-07 0.0020213118 3.3121903e-06 3.29148e-08 0.8685503 6.203505e-09 0.0005381666 0.00013400544 1.8106662e-07 3.200025e-07 1.6526526e-05 0.75808257 1.7511773e-06 0.0014460459 0.31095335 1.2673314e-08 9.562561e-07 0.25234523 0.5423511 3.064045e-07 3.6146183e-08 3.8889706e-08 2.638541e-06 2.9797476e-08 2.9658884e-07 0.0007060506 2.5660012e-07 0.24750346 0.20565017 0.20485234 4.2664677e-08 8.486807e-07 1.8777448e-06 0.019111538 1.9787151e-07 1.6428563e-05 7.955498e-07 8.512198e-08 2.507706e-08 0.003803906 2.1021812e-07 0.004510372 1.7188363e-10 1.2829829e-05 0.04116113 5.5404616e-08 9.035723e-10 3.5454778e-07 5.9718754e-05 0.0010733729 1.1847074e-05 2.3575059e-07 2.3388031e-05 1.2532872e-06 5.408983e-07 1.135827e-06 6.6220905e-06 1.9450845e-05 6.8920606e-08 8.002985e-08 0.00040187314 6.538902e-06 2.1551207e-08 4.4820789e-07
0.9399442 1.1578543e-07 1.479678e-08 1.4018639e-06 5.7438578e-05 0.0003770447 0.003376249 0.00036654217 5.9908907e-06 3.1905696e-05 0.010523305 0.00068333093 1.5818906e-06 0.023056423 4.025029e-08 2.4419545e-05 7.454266e-09 0.95685595 0.78732336 0.63109225 1.0333138e-06 2.5010564e-16 0.008361521 1.9946033e-07 0.3276069 0.00013139486 3.888101e-09 0.029826438 5.843465e-05 0.50037086 9.04694e-08 0.97177595 0.77274334 0.00045674195 2.1183194e-05 0.6410736 0.24151759 0.11445117 0.005495771 0.03979302 0.40427983 2.831215e-07 0.075602956 0.02112662 0.0136976475 0.66836125 0.12861045 0.013179238 9.983356e-06 0.0017008423 0.0015877696 1.6041173e-05 0.00043122427 0.0021338367 0.00015957248 4.08997e-06 0.00018212559 0.0006755264 0.00085560465 0.023029149 0.00022851226 0.00039655078 0.020802755 0.00010069053 3.428182e-07 9.969542e-06 5.5572737e-06 1.731628e-05 0.0011454378 0.004011525 4.328251e-07 0.013865524 0.0019052598 0.0051304614 0.0584996 0.0004883066 0.0009918706 9.556281e-05 7.819927e-05 0.0037406632 0.009810398 7.0581353e-07 4.0081636e-06 0.064239055 2.522466e-07 1.2827669e-08 0.0049783816 0.0014515327 4.422388e-06 0.049028944 0.00019681412 0.0004631484 1.6263775e-05 3.1336334e-05 1.715118e-08 1.7069584e-05 1.9706889e-07 0.00012549917 0.00081817503 7.3321395e-08 0.00011210389
0.83305347 0.0005835438 0.00043786073 0.0067385957 0.42571917 0.580914 0.5250642 0.09136221 0.38184884 0.00042809758 0.1943971 0.017278401 0.0040169726 0.14139564 0.00014413847 0.63288385 7.092985e-06 0.10267986 0.007348493 0.70449686 0.011109409 0.008361521 8.675855e-18 5.318638e-05 0.61199874 0.7654339 1.4056739e-06 0.99395597 0.076678544 0.00023918891 0.00032745829 0.00032392147 8.74872e-05 0.90648705 0.14891218 0.00089195214 2.4291076e-05 5.648165e-06 0.0019152394 3.430161e-05 8.511533e-06 0.00039391083 8.8459825e-07 0.00092834496 0.00044771645 0.00657079 0.0386373 0.00019799016 0.0155982 3.750831e-06 0.00084291154 0.010761563 4.2462368e-08 4.6880696e-06 0.13238575 0.0016970087 1.8876431e-06 4.362786e-06 3.3168526e-08 0.017667139 2.8872002e-08 3.7083382e-06 0.3521858 2.4219923e-07 4.6093726e-05 0.0014237093 0.0005715401 1.3157134e-07 1.9430785e-05 0.002297861 7.704218e-06 0.0002445624 1.9257799e-05 0.00023558801 2.7702257e-05 6.095717e-08 0.07855485 2.561759e-07 0.007912876 2.453885e-08 0.032208137 6.87672e-07 2.5131828e-09 8.045361e-07 3.2182563e-09 4.807679e-09 0.0009652556 6.0898055e-05 1.18844685e-08 0.0004680614 9.1298695e-08 0.0011007943 5.815518e-07 8.930578e-05 2.0691626e-08 3.4749974e-08 5.626055e-09 2.2760716e-05 0.00020410972 3.4149517e-10 2.886677e-08
0.54032665 0.04035593 0.20482153 0.05067411 0.002887403 0.0013066916 0.00015823783 0.00052009197 0.005578469 0.0105995005 0.000105778585 0.00023215421 0.13155615 5.7168396e-05 0.60928357 0.0035106447 0.961792 1.1548597e-06 1.1486768e-06 1.3552246e-06 0.71714944 1.9946033e-07 5.318638e-05 1.6935069e-16 2.281397e-06 0.0019784598 0.9549796 3.3883287e-06 0.024007736 5.3237585e-07 0.9426327 2.0737033e-07 9.131925e-08 0.0008054174 0.014777053 1.1130262e-07 5.64136e-08 5.050701e-09 0.0024382998 1.2285805e-07 2.2224842e-08 0.19422838 5.1178652e-09 0.00010890357 1.5805163e-05 2.262869e-07 7.1484754e-07 7.778965e-07 0.03922549 2.023514e-08 0.0027441487 0.0067669577 7.650552e-09 4.8933497e-08 0.0021954968 0.033346877 5.413893e-08 5.4053185e-08 6.8266677e-09 1.6120358e-06 8.930219e-09 9.4434284e-08 8.432319e-05 3.11045e-08 0.12846248 0.007695872 0.026935896 2.16619e-08 3.9364846e-07 7.0129937e-07 0.008713445 4.697071e-09 3.4974064e-06 3.063823e-07 1.00032596e-08 1.2656694e-08 1.641995e-05 2.6297535e-08 0.0002305482 3.1472387e-09 2.9952865e-08 0.07654162 5.9088108e-09 2.4884259e-10 7.953415e-10 0.0004963922 0.001668108 3.094123e-05 7.2951836e-09 1.85521e-08 1.5360529e-08 8.357969e-10 2.1008753e-10 4.697662e-07 1.0280801e-05 5.021382e-10 3.07598e-10 5.23938e-06 8.349986e-06 8.9017127e-10 9.275201e-08
0.8889339 9.1564425e-07 3.9313412e-07 1.0861321e-05 0.004305619 0.030675659 0.13284606 0.009434168 0.0012622464 0.00011192676 0.052831512 0.0027696446 1.9830943e-05 0.058923263 5.056957e-07 0.005124041 7.622387e-08 0.4765388 0.11569078 0.98567355 9.458328e-06 0.3276069 0.61199874 2.281397e-06 7.930104e-17 0.010459351 3.2110044e-08 0.91133237 0.0006125272 0.0088801775 1.6428243e-06 0.01240099 0.1739706 0.05547837 0.0008616563 0.37399167 0.0021318707 0.00090356765 0.0009874108 0.00065209647 0.020702418 5.5192195e-06 0.0003245176 0.0016117991 0.0006452533 0.8566478 0.74991703 0.0004919239 0.0010371993 0.00029469264 0.00042629056 0.00062117877 2.5744235e-05 0.00024120773 0.0045703608 3.827811e-05 4.4971763e-05 8.58937e-05 6.1532487e-06 0.2605155 2.6531786e-06 7.573792e-05 0.4904941 5.200625e-06 3.5380826e-06 6.643969e-05 5.2949683e-05 3.8240473e-06 0.00022812445 0.049189083 1.5505148e-06 0.10080915 0.00010790974 0.027873894 0.1000836 5.034548e-05 0.037835915 2.3554363e-05 0.0012193436 2.317665e-05 0.11218087 7.496984e-09 7.4358195e-07 0.008405776 6.728555e-08 6.965177e-09 0.00095813995 0.00018489663 2.5409435e-07 0.12204394 1.0967635e-05 0.0010949714 1.3722998e-06 9.9594734e-05 5.7713057e-09 4.2168754e-06 1.5340673e-07 1.4487142e-05 0.00017545473 1.0311141e-07 2.2825383e-05
0.779964 0.029356029 0.114249796 0.17679346 0.49932408 0.5238933 0.24291533 0.0706426 0.6660086 0.002422578 0.050251614 0.009841589 0.26139033 0.017611861 0.042184975 0.93785775 0.00055390573 0.0010846591 0.00028808907 0.010884067 0.7045194 0.00013139486 0.7654339 0.0019784598 0.010459351 5.2488223e-17 2.6212792e-05 0.1512557 0.9227016 3.0575506e-05 0.007460333 1.0296726e-05 1.4634655e-05 0.9784644 0.9199915 0.00010844942 9.617762e-06 4.3829414e-06 0.0018862803 1.6871074e-05 4.2225025e-07 0.067366175 7.5649046e-07 0.0020461 0.00029191843 9.360884e-06 8.3777646e-05 0.0002137467 0.2502089 3.0934902e-06 0.00068930077 0.15270385 1.2502089e-07 5.8073233e-06 0.3305701 0.05926451 2.1258652e-06 8.382295e-07 5.413333e-07 0.00014436201 2.4877272e-07 1.2683472e-06 0.097972184 6.4843385e-07 0.008137121 0.02418849 0.011940198 7.230357e-08 2.5229303e-05 7.066306e-05 0.0006475758 6.949972e-06 2.403002e-05 2.300028e-05 2.7408291e-06 6.970815e-08 0.04179147 7.871329e-07 0.018796228 2.0559747e-09 0.0004150915 0.00015814882 2.5982285e-08 1.7342755e-07 1.6176593e-07 6.5777454e-07 0.00031518878 9.562408e-05 1.3381781e-08 2.5540481e-05 2.5780471e-07 1.2360985e-05 6.0019823e-07 9.015466e-05 1.1701478e-06 5.08946e-07 3.3496644e-08 0.000358147 6.280643e-05 5.750516e-09 1.1231394e-06
0.88524294 0.05949668 0.20435439 0.023152664 0.00012430207 3.0184468e-05 1.1701473e-05 8.795107e-05 7.0222835e-05 0.034499116 6.523984e-06 5.4742613e-05 0.006568497 8.727591e-06 0.080342315 3.4905806e-05 0.96411365 1.0348453e-08 4.7758938e-08 5.0192043e-08 0.016906621 3.888101e-09 1.4056739e-06 0.9549796 3.2110044e-08 2.6212792e-05 1.154387e-16 3.5782556e-08 0.00028005545 6.5332046e-08 0.95964944 1.2752969e-08 1.6467535e-08 7.0958263e-06 3.3740744e-05 4.377049e-09 5.9642136e-09 1.9381146e-09 0.011340678 1.2038667e-07 4.7929474e-09 0.06696609 6.342555e-09 3.627847e-05 1.2101417e-06 3.7750105e-08 6.097136e-08 2.6540997e-06 0.01153617 1.0454677e-07 0.039179284 0.0008867475 2.684009e-09 9.257562e-08 0.00030062877 0.17799452 5.786299e-08 2.1305624e-07 2.6935286e-08 3.384669e-06 2.2893495e-08 5.604873e-08 2.3892504e-05 5.8289653e-09 0.32436198 0.048237547 0.08690903 1.1733357e-08 8.686906e-07 7.947536e-07 0.07519097 5.736027e-08 2.5784948e-07 7.885988e-07 2.3559068e-08 6.6671757e-10 3.5443504e-06 2.1259652e-09 0.00036725053 2.4154376e-10 5.2825476e-06 0.4067282 1.382778e-08 1.7353301e-10 1.5440323e-10 0.015253378 0.0039625987 1.5267631e-06 5.086403e-09 5.50856e-06 2.2168873e-08 7.412769e-08 2.1300322e-09 9.3062164e-07 0.00039114145 1.5639262e-10 8.250785e-10 1.1097035e-05 1.5793418e-06 2.8428488e-09 1.5665065e-09
0.7471757 1.3087318e-05 1.0342677e-05 0.00018091347 0.0609164 0.19444509 0.20298551 0.014504852 0.03526076 0.0001609199 0.058548227 0.0013493634 0.00017392455 0.054480635 9.233536e-06 0.1075909 2.0927179e-07 0.1494229 0.008722325 0.7739795 0.00016307675 0.029826438 0.99395597 3.3883287e-06 0.91133237 0.1512557 3.5782556e-08 2.1251537e-17 0.0068452843 0.001084728 3.5344738e-06 0.00085879455 0.0017722955 0.62090576 0.011500799 0.003446734 0.00016054221 3.4831017e-05 0.0013258881 0.00045822558 0.00014446655 3.7101938e-05 1.8423156e-05 0.0009200433 0.00020520407 0.13439476 0.27653784 0.00012547786 0.004648401 5.7942547e-05 0.00038210797 0.0020007598 8.2863215e-07 0.00013220521 0.027296461 0.00014024656 4.995938e-06 1.6690174e-05 5.8398433e-07 0.10761367 2.6048863e-07 1.4625252e-05 0.5328852 2.2937686e-06 1.8852676e-05 0.00026483907 0.00030746227 1.7648192e-06 0.00011829886 0.013534153 5.7238194e-06 0.0038339344 3.235138e-05 0.0037712797 0.0013849307 4.6147934e-06 0.09898214 3.0165056e-06 0.0053535276 3.8046966e-07 0.08343586 5.2952533e-08 6.371914e-08 0.00016698764 1.278824e-08 4.7930753e-09 0.0011632862 8.263799e-05 1.8476952e-08 0.020827996 4.9514017e-07 0.00137118 5.9386167e-07 0.00011244587 5.861945e-09 5.64527e-07 9.960788e-08 1.3679572e-05 0.00022364792 2.575187e-09 5.362239e-07
0.47032678 0.023854231 0.08757695 0.11799418 0.21068458 0.19961417 0.07472052 0.015135296 0.39900935 0.0017065501 0.009898394 0.0030436444 0.3174576 0.0032352123 0.13704924 0.7619531 0.0031010434 0.00024878548 0.000112211055 0.00080816343 0.9452447 5.843465e-05 0.076678544 0.024007736 0.0006125272 0.9227016 0.00028005545 0.0068452843 7.830151e-18 5.4292315e-05 0.17398515 1.5543797e-05 1.6247452e-05 0.84895 0.9866124 3.8864553e-05 3.212303e-06 3.1658628e-06 0.0006582779 1.8639468e-05 5.0668103e-07 0.23716442 5.2954476e-07 0.0002469325 2.0813828e-05 7.685841e-06 3.505128e-05 3.4972814e-05 0.48486117 3.963451e-06 0.00027994893 0.19290105 1.2694743e-07 3.0591239e-06 0.36342454 0.1459544 1.0564501e-06 7.049787e-07 5.972672e-07 0.000103622704 8.542825e-08 1.3310596e-06 0.01666994 6.228878e-07 0.013500179 0.05436238 0.023005862 1.4268811e-07 8.143642e-06 8.8280314e-05 0.003699677 5.4013044e-06 5.5334126e-06 4.220277e-05 5.1268466e-06 2.429988e-07 0.0113136945 5.138112e-07 0.015296547 3.528433e-09 7.990909e-05 0.0040079555 1.1429197e-07 1.0151959e-07 1.3215806e-06 3.3401633e-05 0.0003837543 2.572757e-05 1.5258468e-07 8.353495e-05 6.184862e-07 2.2449658e-05 2.6984202e-07 6.256497e-05 9.254116e-05 9.36976e-08 3.718846e-08 0.00048084508 2.223622e-05 8.333839e-09 5.844398e-08
0.9903717 3.4531857e-07 1.447082e-07 2.8601594e-06 2.2565398e-05 0.00043820095 0.004842583 0.00043300015 3.2013042e-05 0.0019702916 0.0153279295 0.009231753 2.9427417e-06 0.07462471 1.9227664e-07 5.0444003e-05 1.35222304e-08 0.36259288 0.8953577 0.029638827 1.3797662e-05 0.50037086 0.00023918891 5.3237585e-07 0.0088801775 3.0575506e-05 6.5332046e-08 0.001084728 5.4292315e-05 5.3891656e-16 4.5475913e-06 0.47845885 0.07651583 0.0002595787 3.520011e-05 0.04971322 0.9140741 0.28495112 0.32591525 0.8863508 0.03364634 7.53529e-07 0.08189775 0.67625785 0.6471708 0.0077580074 0.00052104075 0.5901571 3.6124184e-05 0.11721542 0.08838755 3.8716913e-05 0.0020059175 0.07228669 0.00018917485 2.1629276e-05 0.01037712 0.021578966 0.020281658 5.0514194e-05 0.010595291 0.0060396087 0.0011425173 0.002688489 5.838343e-06 2.1331976e-05 1.8022869e-05 0.000364144 0.020735312 0.00022619599 9.969327e-05 0.0010336412 0.12340508 0.00066869427 0.002111016 0.001123411 0.00036025513 0.0005361508 4.2588323e-05 3.971815e-05 0.004143732 1.9828447e-05 2.330517e-06 0.0015241207 6.006646e-06 2.0753731e-07 0.1824199 0.020652508 4.4120798e-06 0.06529964 0.000668952 0.00034516928 6.382332e-06 6.551389e-05 6.0323084e-09 4.30287e-05 9.552928e-07 0.00025945867 0.0151697025 1.3917831e-07 4.185949e-05
0.63860476 0.0627891 0.17185737 0.06916527 0.005134649 0.0010874489 0.00025423436 0.00088888826 0.00845618 0.002682409 0.00011669583 0.00047051482 0.15480201 0.0001630416 0.54398763 0.008909278 0.5833878 1.1369368e-06 1.7225716e-06 4.368228e-06 0.8472442 9.04694e-08 0.00032745829 0.9426327 1.6428243e-06 0.007460333 0.95964944 3.5344738e-06 0.17398515 4.5475913e-06 2.796565e-17 3.753935e-07 5.0427644e-07 0.0023244577 0.083037384 2.1911656e-07 9.996479e-07 1.448622e-08 0.0010942323 4.0399945e-07 8.909973e-09 0.9429762 9.039795e-09 7.3049516e-05 1.1908924e-05 1.3865686e-07 1.1970285e-07 5.3505337e-06 0.5916755 4.536539e-07 0.0021978493 0.13838409 1.5086346e-08 8.165529e-07 0.05188643 0.5266771 6.879619e-07 3.3127986e-07 9.280133e-09 1.3973364e-06 1.0599619e-08 8.1835987e-07 0.000185203 7.716931e-08 0.8515279 0.19856265 0.6088037 6.657704e-08 3.3709337e-06 4.2240012e-07 0.23809002 1.9821666e-08 2.3772995e-05 7.70205e-08 3.030513e-08 1.5197994e-09 0.0007991184 9.675116e-09 0.0047281743 9.368536e-10 1.8405146e-06 0.29763252 8.169812e-09 7.403069e-10 6.9304957e-09 0.006746544 0.0005923233 2.5273832e-05 1.2324848e-07 1.7946569e-06 1.03626e-07 2.6979367e-07 1.0476516e-07 4.524644e-05 0.00034864884 7.0409656e-09 4.1618344e-09 9.897578e-05 1.5963456e-06 1.7420872e-08 1.1434064e-08
