5.276725e-18 0.93385863 0.87463796 0.8972022 0.9044298 0.9417457 0.9187451 0.9268802 0.8532364 0.8269696 0.9350702 0.9901919 0.9613533 0.9674719 0.952219 0.9812438 0.9772175 0.8962108 0.8544605 0.906261 0.9552931 0.8788966 0.87095934 0.7520048 0.77462345 0.7700678 0.99318486 0.9216897 0.7725531 0.8991693 0.5864668 0.7613813 0.6962624 0.8880569 0.5270488 0.83054703 0.98469144 0.9399412 0.73265594 0.57979816 0.21318537 0.8838146 0.3788063 0.79812694 0.36615378 0.8966568 0.9393992 0.12838335 0.93572533 0.9395599 0.98075724 0.7564677 0.95380455 0.88319147 0.9628887 0.8650556 0.8560127 0.8579558 0.7571514 0.8087891 0.47978476 0.028074224 0.7412743 0.91893286 0.006926781 0.501681 0.0037280133 0.744118 0.32367918 0.039098512 0.9419871 0.65784264 0.9979082 0.750025 0.97630256 0.82945365 0.9184909 0.02478289 0.15042692 0.030808305 0.9973067 0.10152593 0.09303465 0.06055185 0.01959239 0.012263881 0.0033546616 0.0015543228 0.8734095 0.0020834473 0.9997692 0.0030136704 0.8504114 0.9945078 0.23468047 0.9999995 0.0007624071 0.027078273 0.6271891 0.033306394 0.07787733
0.93385863 6.812855e-16 0.83729887 0.97533584 0.80746377 0.49094594 0.58811504 0.0250415 0.64226776 0.23192772 0.8787331 0.53406775 0.03754352 0.0035515614 0.00014128131 0.0076322546 0.07397144 0.8374072 0.68254364 0.008721801 4.5332677e-06 1.3147653e-05 7.0399547e-06 0.10468468 0.4641452 0.09012174 0.00017150822 2.3303113e-05 4.110562e-06 5.7930663e-07 0.0016315142 0.44632736 0.14989984 3.6529164e-07 0.16201377 0.20779957 6.79783e-05 0.00068363827 0.19497648 0.0010640407 0.0019824335 1.8722308e-07 3.0580843e-05 4.2941483e-06 0.0011555137 0.028220508 3.7094964e-07 0.00040567858 5.1503426e-05 0.024059098 0.0014391068 1.1493294e-05 0.00083772733 6.046204e-08 3.9655322e-05 1.5622614e-06 7.5067114e-06 1.208371e-05 0.2157372 0.09146497 9.099307e-08 9.754143e-05 2.0252642e-07 3.801088e-07 1.4634293e-05 0.25336683 2.477086e-05 6.04638e-07 0.08881452 1.2800614e-06 1.07104235e-07 0.12980044 0.0031366905 3.8936412e-07 0.000120708624 2.9457982e-07 5.2049513e-06 7.506932e-08 0.028433105 4.2051184e-07 0.00049090176 0.0002739669 0.0033365341 0.00094054965 0.00013739894 0.00015815695 1.25652505e-05 0.00013949811 1.01156985e-07 2.3228818e-06 0.00022918687 1.3075391e-05 3.5283495e-07 3.845067e-06 4.2446018e-06 0.002297322 9.229134e-06 1.2498585e-07 6.661845e-08 1.4423067e-05 3.3223503e-07
0.87463796 0.83729887 3.8326625e-14 0.8036329 0.95272434 0.02912844 0.98409253 0.400222 0.11494627 0.0055054342 0.5182665 0.6374611 0.467324 0.00015284444 0.0091602225 0.27201113 0.009603052 0.27323538 0.046419494 0.05927105 0.00048873574 0.0014521016 0.00060456485 0.005425616 0.25662294 0.106165946 0.013885166 0.0015144297 0.00014014482 0.00013720409 6.749304e-05 0.10572033 0.00934683 1.10995115e-05 0.01765678 0.0672384 0.0012560387 0.0043603685 0.02097604 0.0030210747 0.00013824155 1.1926444e-06 2.1002165e-06 2.2757764e-05 4.979217e-05 0.051076606 3.104943e-06 0.00047991454 0.00091091107 0.09285541 0.022414466 4.1162126e-05 0.0075417357 1.979322e-06 0.0003167548 3.307183e-05 0.00017611052 0.00014875081 0.0059652417 0.029470883 3.6797618e-07 0.00022712395 3.6190131e-06 1.1298807e-06 3.167314e-05 0.0068594785 4.56777e-05 9.03911e-06 0.0039918465 1.5964947e-06 1.7726121e-06 0.006270124 0.0066292067 2.608836e-06 0.00069868384 2.3169923e-06 2.5740404e-05 1.5147328e-06 0.0015590637 4.6698258e-07 0.0021749665 0.00055653305 0.002852248 9.357746e-05 1.689697e-06 1.5230293e-05 1.1025966e-05 5.807193e-05 1.9175273e-07 9.115597e-07 0.0010757273 8.6606175e-05 2.7280032e-07 3.927686e-06 2.4570661e-05 0.0049017523 3.1307252e-06 1.6234733e-07 2.4116515e-08 3.1038478e-06 1.6599644e-07
0.8972022 0.97533584 0.8036329 4.8944804e-15 0.7957047 0.12175024 0.6040343 0.086302795 0.4762901 0.034497425 0.9541944 0.49108657 0.23699272 0.00012400796 0.00082626217 0.024868025 0.014605717 0.85305005 0.35773215 0.033570234 3.130996e-05 0.000105753075 4.9094833e-05 0.024371147 0.50537425 0.2121431 0.0009747263 6.368995e-05 1.7616101e-05 4.4037943e-06 0.000166099 0.4285675 0.050025165 2.4974152e-06 0.12883352 0.26740718 0.00018836727 0.001394707 0.14315483 0.0017750898 0.00090198044 4.6311035e-07 5.7852453e-06 1.2725022e-05 0.00028908733 0.0117870085 3.335961e-07 0.00081618584 0.00012572845 0.018033013 0.0017659516 1.1926427e-05 0.00077509554 4.4769573e-07 7.147515e-05 4.5073034e-06 2.3190116e-05 1.2913005e-05 0.08192747 0.099278726 3.6850895e-07 0.000443669 9.160303e-07 7.5615503e-07 4.76932e-05 0.1945158 6.6591674e-05 2.31095e-06 0.0998024 5.525123e-06 3.9587945e-07 0.14818244 0.0016339666 6.312143e-07 0.00011889661 1.2495814e-06 1.6419572e-05 1.4108223e-07 0.01821671 1.7714163e-07 0.00046736957 0.0014273567 0.016522171 0.00064821006 5.5879627e-05 0.00013521407 1.9889885e-05 0.00021518885 5.5879036e-07 2.0725438e-06 0.00032665857 8.805199e-06 9.091852e-07 2.9393366e-06 2.52947e-06 0.0021922528 5.6632666e-06 4.1403587e-07 7.1642683e-09 1.1678768e-06 1.1405396e-07
0.9044298 0.80746377 0.95272434 0.7957047 5.3945356e-15 0.61312646 0.9147703 0.05836746 0.45605758 0.15336391 0.5360166 0.9481266 0.06838057 0.0055960743 0.0005803866 0.04001586 0.28433996 0.2750014 0.18235354 0.013052201 1.0419939e-05 0.000111974594 2.3350052e-05 0.023095742 0.11661108 0.02342456 0.00042084832 5.1375046e-05 7.3227966e-06 3.2307614e-06 0.00039527178 0.075556606 0.015834253 2.5456876e-07 0.011886528 0.019227928 6.147838e-05 0.0011200071 0.011268972 0.00023747722 0.00029863336 1.08254994e-07 7.4543054e-06 2.7440828e-06 0.00010754441 0.110102095 3.286482e-07 4.8187925e-05 0.00021609248 0.08789016 0.016578881 2.7921926e-05 0.004552712 1.6168295e-07 5.080145e-05 4.9580476e-06 4.6845013e-05 6.438603e-05 0.008641227 0.0031470098 1.9417428e-07 1.9202855e-05 1.2430526e-06 2.4105717e-07 7.0237534e-06 0.0026932657 1.8911198e-05 6.2393957e-07 0.0007608824 1.1339288e-06 3.5808227e-08 0.0030861576 0.014784454 2.0144482e-07 0.00045449426 1.0806433e-06 1.6596708e-06 7.5458826e-07 0.0012457835 4.9618336e-07 0.0009886196 3.0465744e-05 0.00018212349 0.00018658135 9.087773e-06 2.461701e-05 5.2590935e-06 1.599487e-05 5.1509392e-08 1.680585e-06 0.00066214375 6.6030116e-05 5.7613008e-08 1.9845811e-07 8.441963e-06 0.005504686 3.0613858e-06 6.636366e-08 1.3809304e-08 7.83945e-06 1.6992513e-07
0.9417457 0.49094594 0.02912844 0.12175024 0.61312646 2.8627552e-15 0.012310607 0.00011721459 0.9319538 0.95976466 0.25865582 0.63139623 3.142369e-05 0.83071285 4.4575704e-06 5.5494966e-05 0.75737906 0.18971969 0.7950692 1.0090764e-05 2.2059938e-07 1.5768767e-06 2.9392905e-07 0.49506998 0.0049499855 6.417608e-05 2.623196e-06 1.2305769e-06 1.0698806e-07 2.9386413e-08 0.055767927 0.06371876 0.22737797 1.6647006e-08 0.050099995 0.006044063 8.724158e-07 2.4817334e-06 0.020124407 7.5947123e-06 0.0089875925 1.29031505e-08 0.0018789826 2.838214e-07 0.040314913 0.23389505 4.827355e-08 2.3207626e-06 1.1378312e-05 0.05369897 0.0044042068 8.592799e-06 0.0014374785 3.5791274e-09 1.0145117e-05 2.5537412e-07 5.8972737e-06 6.0535663e-06 0.21818346 0.00034586966 7.4310553e-09 1.0950772e-06 1.1562449e-08 7.098222e-08 3.884293e-08 0.08225003 4.812485e-06 8.447466e-09 0.011962555 4.8115986e-08 8.993293e-09 0.0016852081 0.029107388 2.3048026e-08 1.6867196e-05 8.047974e-08 1.1732274e-06 2.138219e-08 0.022246478 1.138211e-07 0.00031251862 7.4755155e-07 2.927436e-06 0.00020723997 0.00032901592 6.0527615e-05 2.6227343e-07 1.6784052e-06 2.6763217e-08 1.7254915e-06 0.0001310261 3.7332927e-07 1.07205e-07 4.8784227e-07 7.8113703e-07 0.005887157 8.2856296e-08 7.1801544e-08 7.296714e-09 1.434065e-07 4.5283283e-08
0.9187451 0.58811504 0.98409253 0.6040343 0.9147703 0.012310607 2.0228751e-14 0.60813016 0.04550727 0.011345205 0.22943489 0.8504213 0.3625437 0.00021090862 0.0169097 0.5456538 0.0680116 0.12570678 0.02198471 0.077031866 0.0007314342 0.0031898047 0.002150788 0.0035340695 0.17401175 0.08775342 0.058023944 0.009993426 0.000760602 0.00044213427 0.0001229859 0.03079119 0.0037809673 0.00017855765 0.006219266 0.01737273 0.0146760335 0.009628992 0.0061730216 0.003906321 0.000104374 4.2557265e-05 1.7575902e-06 0.00020758987 4.286479e-05 0.5198649 6.0649298e-05 0.00046271263 0.0026008307 0.3486747 0.083703645 0.0004666505 0.039183743 8.385554e-06 0.0012482011 0.0001496335 0.0005342557 0.00063872617 0.0020932031 0.022371763 9.960618e-06 0.00016892959 4.454048e-06 1.5575848e-05 2.6012796e-05 0.0012847712 7.257179e-05 6.6625405e-05 0.00070563325 3.1159213e-06 2.577917e-05 0.0022515485 0.038731985 8.294454e-06 0.0017034533 7.5847893e-06 0.00019714398 9.031949e-06 0.00065407983 7.706745e-06 0.0051107523 0.00022430111 0.0012317101 9.627227e-05 1.1626072e-06 6.2333734e-06 9.747833e-06 5.5856555e-05 1.8603623e-06 8.715185e-07 0.0023537646 0.00014206523 1.0756139e-05 6.3084844e-05 0.00010344783 0.023732156 3.953317e-05 4.990678e-07 1.2436941e-06 1.4584788e-05 4.7824715e-06
0.9268802 0.0250415 0.400222 0.086302795 0.05836746 0.00011721459 0.60813016 2.9703755e-14 0.00030917765 8.026811e-06 0.008076127 0.047536597 0.9154136 1.0018316e-06 0.9476139 0.9720353 0.000636731 0.007715376 0.00013601892 0.58509654 0.2512516 0.36193088 0.19469851 1.0029209e-05 0.1536448 0.2567901 0.42039278 0.08472622 0.018603265 0.014909821 6.590907e-07 0.0047004437 0.00012036331 0.00094688335 0.00034740433 0.009485618 0.020491319 0.3286651 0.00074441964 0.1195928 3.7290458e-06 4.3405606e-05 1.2822165e-08 0.00019702033 3.4445932e-06 0.018466827 4.1324412e-05 0.022182127 0.0025217591 0.05616434 0.026808912 0.0002734626 0.015524998 2.8873586e-05 0.0014127209 0.00012569259 0.00041918256 0.00056926085 8.391094e-05 0.11671942 1.6549995e-05 0.0027012518 0.00013579792 2.6578726e-05 0.0014297969 0.00019014723 0.0006858837 0.0029149153 0.00021075018 0.002343865 5.2518058e-06 0.0020654495 0.005555913 1.1597297e-05 0.0015397806 7.3616793e-06 0.00015050308 8.000995e-06 2.5799043e-05 2.2866877e-06 0.0039957543 0.025844462 0.0065991147 1.6341963e-05 8.4297966e-08 7.0075646e-07 0.00021581816 2.0821553e-05 2.8252947e-07 2.981118e-08 0.0016376576 0.0005994403 2.2427353e-06 2.0709029e-05 5.2799016e-05 0.0051967083 1.7124907e-05 1.5268897e-06 1.9107367e-07 0.00016530145 1.7551172e-07
0.8532364 0.64226776 0.11494627 0.4762901 0.45605758 0.9319538 0.04550727 0.00030917765 6.2223014e-16 0.96426 0.58239007 0.4176793 0.00026131488 0.26294762 7.357911e-06 0.0001660768 0.23563398 0.32608768 0.9312007 4.413037e-05 9.827534e-07 8.465923e-06 9.447595e-07 0.6249878 0.0149302455 0.0003875951 1.3744446e-05 6.630369e-06 5.275386e-07 7.661537e-08 0.031717565 0.12766437 0.30546412 3.9191953e-08 0.099932194 0.025608335 9.416486e-06 7.4586433e-06 0.04439711 6.186084e-05 0.017280238 5.3288403e-08 0.0011839526 1.0065703e-06 0.01796881 0.032406196 8.186132e-08 2.0383688e-05 2.4580528e-05 0.013177473 0.00078281766 3.123991e-06 0.0004905465 2.088022e-08 1.5572376e-05 5.354124e-07 7.893622e-06 5.759537e-06 0.32231033 0.0045660175 2.8098908e-08 3.7576945e-06 5.5329213e-08 3.5397527e-08 8.117065e-07 0.15145873 3.234421e-06 8.376421e-09 0.031207198 4.2021576e-08 1.30515625e-08 0.023514338 0.0077679167 9.4559184e-08 2.0693591e-05 1.7634926e-07 3.2793548e-06 7.426691e-09 0.041020297 3.2835544e-08 0.00038425377 3.2444054e-06 0.0001537617 0.00034316923 0.0009820466 0.00013216714 9.729059e-07 1.5409749e-05 9.054156e-08 1.7724616e-06 0.00018117623 1.0046061e-06 9.64713e-08 4.5504828e-07 4.319892e-07 0.0021319592 3.9626323e-07 2.988325e-08 1.6346585e-08 6.5492713e-07 2.1081863e-07
0.8269696 0.23192772 0.0055054342 0.034497425 0.15336391 0.95976466 0.011345205 8.026811e-06 0.96426 1.5819771e-15 0.19603196 0.2658586 1.1642177e-05 0.8575423 2.3609934e-07 3.0517606e-06 0.33510897 0.12891161 0.92686194 2.8862587e-06 2.1139167e-08 3.1372426e-07 4.0564892e-08 0.8144269 0.001444337 1.6491636e-05 1.7236947e-07 5.666757e-08 1.9695868e-08 8.189596e-09 0.1421169 0.08000554 0.2791341 4.4557833e-09 0.054408632 0.0044423505 9.513084e-08 1.7124328e-06 0.021109216 4.176126e-06 0.03757938 5.6478275e-09 0.0039072894 7.799754e-08 0.042806264 0.037435513 4.9745696e-09 3.939108e-06 9.425313e-07 0.005387153 0.00035645452 4.0497542e-07 8.56443e-05 2.5134368e-09 1.6964657e-06 2.27693e-08 7.268503e-07 6.7657555e-07 0.3040742 0.00011573196 5.07919e-09 2.24903e-06 3.706291e-08 1.4799227e-09 8.7795904e-08 0.06547657 1.5320079e-06 4.213448e-09 0.012059765 2.719531e-08 1.3469839e-09 0.0060050543 0.014392701 2.196227e-08 2.7156798e-06 2.461872e-07 2.1492107e-07 1.9920083e-09 0.032307975 1.3641627e-08 3.0132811e-05 6.969236e-07 1.8183833e-06 0.00011252107 0.0006401412 0.00015583554 9.4892135e-07 4.439214e-06 5.7836402e-08 2.0115504e-06 7.652326e-05 6.152553e-07 2.7115235e-08 2.061536e-08 2.9737194e-07 0.0024323578 1.01033e-07 2.7539823e-08 1.0672748e-09 3.848908e-08 2.6487717e-08
0.9350702 0.8787331 0.5182665 0.9541944 0.5360166 0.25865582 0.22943489 0.008076127 0.58239007 0.19603196 3.4116732e-16 0.40845788 0.020723391 0.0067626224 3.4260942e-05 0.0033963453 0.037004218 0.9786974 0.57808775 0.0027914017 5.2729893e-06 7.1589043e-06 2.3833186e-06 0.056691147 0.4076606 0.0658211 0.00010395279 1.4627595e-05 6.8989325e-06 7.6527783e-07 0.0013387292 0.65428185 0.24488609 5.2577013e-07 0.3193522 0.3044738 4.68325e-05 0.00011608878 0.2615604 0.00047920342 0.009517713 9.699103e-08 3.1997566e-05 3.7235166e-06 0.0029264817 0.019694746 2.448409e-07 0.00026594306 4.7866302e-05 0.009027077 0.0010734327 5.0058916e-06 0.00062872045 2.5813105e-08 2.1536489e-05 1.202081e-06 7.729762e-06 5.0239078e-06 0.24965961 0.07666437 4.892407e-08 0.00017217308 1.2307065e-07 3.9834053e-08 1.5747215e-06 0.41676897 1.1145016e-05 2.7243217e-07 0.19725361 3.7597286e-07 8.6124544e-08 0.2649856 0.0036690275 2.5571993e-07 2.023496e-05 1.8733776e-07 2.7040555e-06 7.817071e-09 0.06767187 2.9938874e-08 0.00019718197 0.000617882 0.016274529 0.004982222 0.00034556864 0.0006793177 4.043832e-06 0.0002612665 9.758334e-08 4.2362026e-06 0.00014180384 5.732205e-06 1.037006e-06 1.3604381e-06 4.3735217e-06 0.0011784901 4.068845e-06 1.5016937e-07 5.8952605e-08 3.46338e-07 9.442672e-08
0.9901919 0.53406775 0.6374611 0.49108657 0.9481266 0.63139623 0.8504213 0.047536597 0.4176793 0.2658586 0.40845788 9.693669e-15 0.047467887 0.033594996 0.0009303036 0.12364595 0.91764194 0.20895645 0.18888284 0.00801123 4.120097e-05 0.000154773 7.253996e-05 0.032482535 0.065554254 0.0073755737 0.0070843897 0.00036289977 3.2740096e-05 1.915475e-05 0.0015570542 0.033875033 0.012572665 6.916482e-06 0.008909983 0.0071850633 0.0008610276 0.0005588128 0.003951048 0.0005205478 0.0001613 2.3884436e-07 1.4753107e-05 1.3564757e-05 0.00023907468 0.8164284 2.2473278e-06 4.8338854e-05 0.0017402694 0.43869728 0.13737603 0.00019451856 0.07307422 2.259936e-07 0.001337001 2.0734484e-05 8.4076426e-05 0.00038655003 0.0061595375 0.001764637 1.0092322e-07 4.0365943e-05 3.508387e-06 7.792508e-07 1.5750401e-06 0.0019778127 6.368455e-05 1.5274236e-05 0.00065061304 8.0574387e-07 1.1972706e-07 0.000697186 0.19085534 4.3504485e-07 0.0013292977 7.567398e-06 1.18541275e-05 1.2365679e-07 0.0008660508 1.5673442e-06 0.0039867805 5.6437417e-05 1.50546775e-05 0.00060173107 1.7717899e-05 8.14673e-05 3.2781197e-06 1.8367018e-05 3.4006572e-07 7.921003e-06 0.0017176995 6.2502554e-06 8.659627e-07 5.641834e-06 9.5166826e-05 0.0975765 2.8377578e-06 2.3141301e-06 2.4848063e-07 5.943498e-06 4.300447e-08
0.9613533 0.03754352 0.467324 0.23699272 0.06838057 3.142369e-05 0.3625437 0.9154136 0.00026131488 1.1642177e-05 0.020723391 0.047467887 5.0057514e-16 1.1429335e-06 0.66145086 0.47551984 0.00055943616 0.032248724 0.000114505 0.9895028 0.06449929 0.1470956 0.24169785 7.044105e-06 0.6595646 0.79020053 0.024648419 0.0044611366 0.002575478 0.0035040954 2.5384911e-06 0.020810973 0.00010607437 9.83315e-05 0.0011021647 0.042782012 0.0023215464 0.44148427 0.0021396496 0.38633898 9.868063e-06 3.414125e-06 1.2524788e-07 1.01479245e-05 7.770798e-06 0.006339245 1.6238844e-06 0.07348938 0.0012180448 0.014256217 0.00808524 0.000223146 0.004091882 1.2792682e-06 0.0006251812 2.5314597e-05 0.0001595583 0.00019914872 0.0003242989 0.45280933 3.129403e-06 0.019458136 1.3524275e-05 1.1414373e-05 0.0069866464 0.0042211204 0.0039333687 0.0004412261 0.0023185993 0.010068214 7.3291227e-07 0.016726559 0.0017826747 1.1177443e-06 0.00045235446 1.2654064e-06 9.95052e-05 5.9927245e-08 0.00017652317 1.5967423e-07 0.000585564 0.13420817 0.053731434 2.8768536e-05 5.351506e-07 9.271925e-07 0.0011540016 9.0477915e-05 1.1352472e-07 4.976669e-08 0.0008156412 0.0004763122 3.920805e-07 9.562977e-06 1.6006918e-06 0.0014208939 2.2316355e-05 3.562934e-07 1.3027756e-07 7.932793e-05 1.0316368e-08
0.9674719 0.0035515614 0.00015284444 0.00012400796 0.0055960743 0.83071285 0.00021090862 1.0018316e-06 0.26294762 0.8575423 0.0067626224 0.033594996 1.1429335e-06 3.0796998e-15 1.2853409e-08 5.3564844e-07 0.96590227 0.018286867 0.47895196 4.2150276e-07 3.169117e-09 3.261956e-08 1.7516689e-09 0.7812854 7.294029e-05 1.4749401e-06 7.582959e-08 1.6497905e-08 1.98648e-09 4.2880357e-09 0.9118718 0.00514815 0.16175885 3.2384576e-10 0.007240201 0.00040572192 7.9590535e-08 5.992287e-07 0.0013777814 5.817043e-07 0.23580992 6.5855427e-10 0.6433558 9.827345e-09 0.29226995 0.2393427 9.0124347e-10 1.4647437e-06 8.386081e-08 0.0020471073 0.00013045095 6.615447e-09 4.801821e-06 8.592838e-10 3.982752e-08 4.9406773e-10 7.55414e-09 5.675345e-08 0.22409737 1.6150296e-05 1.6845251e-09 1.4027786e-06 9.7755795e-09 2.4972555e-10 2.006584e-08 0.014704298 2.1240494e-06 2.1887239e-09 0.0011725744 2.776159e-08 3.7427035e-09 0.000678366 0.23390666 9.2393925e-08 1.8332482e-06 4.6650204e-08 2.8816766e-08 9.191754e-09 0.0072797905 9.580123e-09 1.201815e-06 5.4522224e-07 1.1329256e-06 0.00012690308 0.00077200856 3.572795e-05 1.2767038e-06 1.6722795e-06 1.7411107e-08 2.1302303e-06 3.5134275e-05 3.5055754e-07 4.9822066e-08 2.311652e-09 8.926919e-08 0.009847461 1.6464386e-07 2.8288358e-08 4.532402e-10 1.1414983e-07 3.5650511e-09
0.952219 0.00014128131 0.0091602225 0.00082626217 0.0005803866 4.4575704e-06 0.0169097 0.9476139 7.357911e-06 2.3609934e-07 3.4260942e-05 0.0009303036 0.66145086 1.2853409e-08 3.1266098e-16 0.80078125 4.4544453e-05 7.398034e-05 4.057515e-06 0.41815686 0.96854633 0.84775764 0.695599 4.6245012e-07 0.008928526 0.04628239 0.649226 0.32748872 0.12482828 0.38382322 4.216601e-08 0.00016716051 3.2591668e-06 0.021904603 4.6690555e-05 0.0005433992 0.056836333 0.72556806 0.000104203216 0.18315792 1.0513003e-06 0.000387655 1.7589005e-09 0.0011038403 8.8576235e-07 0.0054287086 0.00014957316 0.026585463 0.003152788 0.020306963 0.010353523 0.00036336883 0.014668211 0.00047193374 0.0013418364 0.00018735432 0.00067103887 0.0010343097 5.2787404e-06 0.0195593 0.0003652171 0.0034409077 0.0035867922 3.5647015e-05 0.0066053905 1.0240242e-05 0.0015690058 0.05181386 1.6378284e-05 0.028574793 1.5206607e-05 0.00025013054 0.0023580145 8.233733e-05 0.0017174204 7.1790484e-05 0.00015613394 2.6341624e-05 1.0405788e-05 2.177949e-05 0.0031051964 0.016759789 0.00024291831 5.6260915e-06 9.2212765e-08 4.3068357e-07 0.00028720935 4.0877167e-06 3.2547982e-07 1.7941469e-08 0.0012616012 0.0005844354 2.2665852e-06 1.3357398e-05 6.650124e-05 0.0036272644 5.530933e-06 6.430684e-06 9.210958e-08 0.0011857864 1.1504368e-07
0.9812438 0.0076322546 0.27201113 0.024868025 0.04001586 5.5494966e-05 0.5456538 0.9720353 0.0001660768 3.0517606e-06 0.0033963453 0.12364595 0.47551984 5.3564844e-07 0.80078125 8.424327e-13 0.0055727293 0.0036259985 0.00012865663 0.21599665 0.2830196 0.18510847 0.12450673 6.6649327e-06 0.01882374 0.043822337 0.90841174 0.41467014 0.06894192 0.011314314 2.0945127e-07 0.0005256481 2.4186893e-05 0.0045143906 9.274118e-05 0.0008863485 0.33027083 0.056532286 0.00012971059 0.015436264 6.5413815e-07 0.00017288749 3.1977523e-09 0.0017110674 4.7868884e-06 0.4253859 0.0002840398 0.0012532896 0.025419775 0.58706987 0.39918897 0.0022273832 0.26204637 1.23255195e-05 0.016641991 0.0007547571 0.0011523059 0.003481035 1.3711872e-05 0.0075341016 6.018309e-06 0.00048804266 1.2807971e-05 0.00010741353 0.00015234659 6.600623e-06 0.00016894443 0.00069621456 3.2502572e-05 0.00010250946 1.5377733e-05 0.00015104833 0.11492202 1.9227498e-05 0.012137875 3.2147353e-05 0.00031692887 4.8427535e-07 1.1069967e-05 3.6049312e-06 0.024936914 0.019843278 0.00096244924 6.083032e-05 7.93795e-08 1.056436e-06 0.000303537 1.3519878e-05 1.8859195e-06 3.616934e-07 0.011227545 0.00072302716 3.968854e-05 0.000107269996 0.0007576053 0.066729926 1.9023766e-05 1.9024808e-06 5.012723e-06 0.0001991755 5.326785e-09
0.9772175 0.07397144 0.009603052 0.014605717 0.28433996 0.75737906 0.0680116 0.000636731 0.23563398 0.33510897 0.037004218 0.91764194 0.00055943616 0.96590227 4.4544453e-05 0.0055727293 1.746581e-13 0.0140324775 0.060583677 9.955893e-05 3.6328377e-06 3.2858552e-05 5.4508623e-06 0.028529577 0.00058932375 6.565055e-05 0.0005340906 1.638941e-05 5.028279e-06 1.8701066e-06 0.012867449 0.0027050073 0.006560033 3.9743534e-07 0.001368521 0.0003513972 1.6200585e-05 0.00015100699 0.0011691389 1.7440183e-05 0.0010423608 2.0993004e-07 0.00057779625 1.7620697e-06 0.0006355437 0.9282822 7.493943e-08 6.030765e-06 5.727962e-05 0.10257306 0.015669521 3.047491e-06 0.0005658609 8.93626e-07 1.679341e-05 6.768222e-07 2.5790077e-06 4.68177e-06 0.0085845925 0.000110767396 7.733947e-07 1.0302069e-05 1.4379249e-06 2.2425243e-07 2.918331e-07 0.0016810499 6.510963e-06 1.0837523e-05 0.0010783151 1.1694751e-06 6.393502e-07 0.001704812 0.47888052 4.143961e-07 3.1939915e-05 7.687381e-06 9.785281e-07 6.368767e-08 0.00066720945 7.609034e-07 7.7488905e-05 1.2502991e-06 1.9958297e-06 5.3703356e-05 0.0005428012 0.00014399394 1.1876362e-05 1.8722365e-05 1.936913e-06 1.2237989e-05 0.00020046695 2.016173e-06 2.0031102e-06 1.3010349e-07 3.8169424e-06 0.072292514 7.437969e-07 1.6361604e-06 1.5067712e-08 3.7643028e-07 4.8199205e-08
0.8962108 0.8374072 0.27323538 0.85305005 0.2750014 0.18971969 0.12570678 0.007715376 0.32608768 0.12891161 0.9786974 0.20895645 0.032248724 0.018286867 7.398034e-05 0.0036259985 0.0140324775 3.383729e-16 0.54385537 0.0081708925 4.1899093e-06 7.517579e-06 2.7248293e-06 0.05191287 0.7074015 0.13617834 7.7200486e-05 6.9656253e-06 2.7347223e-06 3.0945392e-07 0.0016340048 0.9629764 0.5856189 2.1482374e-07 0.7116746 0.63397145 2.1982003e-05 6.45763e-05 0.49647468 0.00026340707 0.014080698 9.7509854e-08 2.8986758e-05 1.755153e-06 0.008376845 0.008607871 1.7229797e-07 0.00020423414 3.7290338e-05 0.003654495 0.0005922682 1.8576002e-06 0.00016714522 1.8126697e-08 8.576744e-06 6.560573e-07 3.2830692e-06 2.689776e-06 0.29388988 0.116403274 3.2391096e-08 0.0002681107 4.471962e-08 1.0889759e-07 3.4260888e-06 0.4868144 3.870942e-05 1.2268734e-07 0.2531562 1.394078e-06 8.4032294e-08 0.34461978 0.0018372257 1.9009818e-07 1.685046e-05 7.0010486e-08 5.262962e-06 7.523943e-09 0.087328695 2.9805886e-08 0.00014919478 0.003028302 0.038881697 0.0122893695 0.0007076749 0.001028445 3.546765e-06 0.0009584191 9.188077e-08 4.090555e-06 5.679924e-05 3.4655244e-05 3.8504152e-07 4.670445e-07 6.6867227e-07 0.0005764986 1.0252877e-05 3.0859557e-08 5.206758e-08 2.4148092e-06 7.225297e-08
0.8544605 0.68254364 0.046419494 0.35773215 0.18235354 0.7950692 0.02198471 0.00013601892 0.9312007 0.92686194 0.57808775 0.18888284 0.000114505 0.47895196 4.057515e-06 0.00012865663 0.060583677 0.54385537 8.357639e-16 1.6130209e-05 3.0765068e-07 7.050278e-07 1.3159818e-07 0.9557936 0.016124656 0.00040446536 3.154179e-06 9.363834e-07 4.7673643e-07 6.8633152e-09 0.06350538 0.3786326 0.91519254 5.836864e-09 0.40258458 0.08097982 1.9728523e-06 5.681836e-07 0.10810307 6.094642e-06 0.13345377 9.63045e-09 0.0020435601 2.8845045e-07 0.06834 0.012192052 2.5758416e-08 7.479742e-06 5.53375e-06 0.0038095242 0.00034803775 8.535614e-07 0.0001687314 2.597727e-09 1.6304238e-06 3.3857907e-07 1.0220928e-06 5.082388e-07 0.5403712 0.00301604 3.0567278e-09 1.6928665e-06 1.5047945e-09 1.4614408e-08 2.2467009e-07 0.35539827 1.8156281e-06 2.1034745e-09 0.06935652 7.950405e-08 1.0527388e-08 0.04810906 0.005740197 8.351635e-08 1.2598296e-05 7.0077784e-09 1.4737743e-06 2.465622e-09 0.1034506 4.9179834e-09 0.0002616715 1.2471094e-05 0.00076281105 0.004846808 0.007044277 0.0021116745 1.6182263e-06 0.00026507836 2.5727385e-08 3.0865223e-05 0.00016617123 9.530142e-07 4.0612986e-07 8.01612e-07 5.8810083e-06 0.0012619664 9.5227745e-07 2.8488754e-08 7.7453905e-08 3.4812913e-07 1.1520607e-07
0.906261 0.008721801 0.05927105 0.033570234 0.013052201 1.0090764e-05 0.077031866 0.58509654 4.413037e-05 2.8862587e-06 0.0027914017 0.00801123 0.9895028 4.2150276e-07 0.41815686 0.21599665 9.955893e-05 0.0081708925 1.6130209e-05 3.981141e-16 0.051762376 0.24451122 0.28032455 1.8497229e-06 0.5485993 0.9537864 0.007538845 0.0039437246 0.0017185663 0.015934892 2.364874e-07 0.020898823 5.769018e-05 0.00027695854 0.0008688026 0.066903606 0.0007118556 0.8234577 0.0019181339 0.8124001 4.9158057e-06 3.33247e-05 6.6474385e-08 2.2787952e-05 4.995343e-06 0.0018571327 4.4783856e-06 0.27579838 0.0005632408 0.0027647335 0.00079797494 8.516588e-05 0.0006994002 1.3466e-05 0.00025825936 1.4266756e-05 0.00017132692 0.0001272031 8.9487454e-05 0.55933553 2.799058e-05 0.06854319 9.233391e-05 4.516925e-06 0.04615121 0.0026837038 0.021558741 0.0030003942 0.0018098534 0.043094363 1.574579e-06 0.012531062 0.00061593024 9.2044917e-07 0.00037983904 5.651354e-06 8.510855e-05 4.310571e-07 5.079147e-05 8.93586e-07 0.00019740683 0.1572125 0.057914358 2.4580011e-05 6.826785e-07 2.6993505e-06 0.0019469758 0.00010547206 2.9249233e-07 8.3673235e-08 0.00021674387 0.00062069943 7.2177943e-07 1.531301e-06 1.0521508e-06 0.0007734261 2.3692692e-05 1.2266272e-06 1.3085146e-07 0.0005275648 2.8451884e-08
0.9552931 4.5332677e-06 0.00048873574 3.130996e-05 1.0419939e-05 2.2059938e-07 0.0007314342 0.2512516 9.827534e-07 2.1139167e-08 5.2729893e-06 4.120097e-05 0.06449929 3.169117e-09 0.96854633 0.2830196 3.6328377e-06 4.1899093e-06 3.0765068e-07 0.051762376 2.707314e-14 0.87686324 0.7348144 4.622691e-08 0.0004351084 0.0031713883 0.631997 0.78906685 0.8467583 0.8649912 1.4061834e-08 4.273583e-06 2.003409e-07 0.77201164 2.1698334e-06 5.2104322e-05 0.2804681 0.5501696 8.347184e-06 0.06616215 2.8656925e-07 0.09468734 2.090687e-09 0.010566744 2.730986e-07 0.0023682541 0.0029024065 0.006064959 0.01142093 0.014152479 0.007438239 0.0008715535 0.015786968 0.13865891 0.004766274 0.0004845565 0.0009204031 0.0014884638 2.5600434e-06 0.0012271942 0.032815736 0.001494667 0.13962126 0.00020595614 0.004969037 6.7770503e-07 0.0010560683 0.30168375 2.759253e-06 0.042129394 0.00084968866 2.0809204e-05 0.0012970923 0.0006650746 0.0029331075 0.037300903 0.0013122582 0.00017962938 1.4964377e-06 0.00031424634 0.0053213984 0.0015639765 7.5557587e-06 5.6213175e-06 3.1132677e-07 5.075273e-07 0.000415217 4.371491e-06 1.1166507e-05 1.2532004e-07 0.0017767183 0.0003057552 4.611544e-05 0.00014160236 0.00042961046 0.006713391 2.5163547e-06 4.6378573e-05 8.9111114e-07 0.008733517 3.5518875e-07
0.8788966 1.3147653e-05 0.0014521016 0.000105753075 0.000111974594 1.5768767e-06 0.0031898047 0.36193088 8.465923e-06 3.1372426e-07 7.1589043e-06 0.000154773 0.1470956 3.261956e-08 0.84775764 0.18510847 3.2858552e-05 7.517579e-06 7.050278e-07 0.24451122 0.87686324 1.116908e-17 0.9891301 8.408187e-07 0.00016805131 0.0023821439 0.13991794 0.21174659 0.20835157 0.9425985 4.3768702e-07 1.5312786e-05 1.2599119e-06 0.05952497 8.682e-06 9.488372e-05 0.027290352 0.77322096 1.7594342e-05 0.14867866 1.154928e-06 0.0008681259 1.5975219e-09 0.00082057284 1.7103569e-06 0.0026264205 0.00012388147 0.014579819 0.0027504158 0.004921442 0.0029796443 0.0005749956 0.0064280117 0.0045025107 0.0017168784 0.00020907201 0.00072323816 0.0012160648 1.3082033e-06 0.007816822 0.004002881 0.004129426 0.04164417 4.096128e-05 0.03127699 5.155618e-06 0.0052571082 0.277201 1.1488383e-05 0.16871688 7.113528e-05 8.885467e-05 0.0010016821 0.00012241218 0.0016772093 0.0011102535 0.00033322457 0.00012927885 1.2942483e-05 2.3212575e-05 0.0036077383 0.002031632 1.3497268e-05 7.897831e-06 7.242461e-08 1.8438341e-07 0.00030445194 2.3163625e-06 2.8230982e-06 6.7017565e-09 0.0020325787 0.00014575451 2.053456e-06 8.7473105e-05 3.570683e-05 0.0033869056 7.501433e-07 2.532539e-05 3.7370933e-07 0.022366911 4.81192e-08
0.87095934 7.0399547e-06 0.00060456485 4.9094833e-05 2.3350052e-05 2.9392905e-07 0.002150788 0.19469851 9.447595e-07 4.0564892e-08 2.3833186e-06 7.253996e-05 0.24169785 1.7516689e-09 0.695599 0.12450673 5.4508623e-06 2.7248293e-06 1.3159818e-07 0.28032455 0.7348144 0.9891301 1.0466435e-17 6.777836e-08 0.0005718143 0.0041548773 0.0835754 0.09598953 0.07886589 0.9544851 1.1269729e-08 5.7023288e-05 6.5503644e-07 0.012598537 1.29312675e-05 0.00016307611 0.015222199 0.89127666 1.4773959e-05 0.17276889 4.5695347e-07 0.00035430494 2.421291e-10 0.0004240811 6.252709e-07 0.0009056886 6.302898e-05 0.025374575 0.0014880614 0.0027481397 0.00095080474 0.00013187127 0.0021300518 0.005731046 0.0010430249 5.740151e-05 0.00028675448 0.0004875916 9.851781e-07 0.014881459 0.0021328244 0.005504455 0.03435586 1.8388435e-05 0.041625876 1.6499596e-05 0.0070207003 0.2882047 3.4813314e-05 0.19904661 7.831648e-06 0.00027110972 0.00057164446 5.873283e-05 0.0006521969 0.0007863894 6.194195e-05 6.527559e-05 6.89617e-06 2.1475289e-05 0.0012533872 0.007711562 0.0003124721 3.0091044e-06 3.2475413e-08 1.9684948e-07 0.00039990936 2.0246357e-06 2.2203224e-07 2.5176878e-09 0.0009530525 0.00021245863 4.0847116e-08 4.304797e-06 3.0556807e-06 0.00120713 1.5556618e-06 6.581319e-06 7.947293e-09 0.019103933 8.630309e-09
0.7520048 0.10468468 0.005425616 0.024371147 0.023095742 0.49506998 0.0035340695 1.0029209e-05 0.6249878 0.8144269 0.056691147 0.032482535 7.044105e-06 0.7812854 4.6245012e-07 6.6649327e-06 0.028529577 0.05191287 0.9557936 1.8497229e-06 4.622691e-08 8.408187e-07 6.777836e-08 6.560609e-17 0.0003923319 1.4895188e-05 4.1731977e-07 8.377256e-08 3.1441445e-08 6.502185e-09 0.96338683 0.07640586 0.9450558 2.0437174e-09 0.16733159 0.004913081 6.679071e-08 7.123218e-08 0.026686119 3.75128e-07 0.6519752 1.2783729e-08 0.040260028 1.2689975e-07 0.22057378 0.0077005746 1.2775734e-08 4.5435226e-07 1.5240412e-06 0.0011379529 8.104311e-05 1.3164363e-07 3.1163127e-05 9.872316e-10 2.5755088e-07 4.4086217e-08 7.58173e-08 3.655148e-08 0.6166056 0.00016317832 1.2292883e-09 5.317487e-07 5.642971e-09 2.380034e-08 5.4105036e-09 0.20435335 1.7467546e-07 2.3356777e-09 0.030642452 2.1496964e-09 7.865109e-09 0.016891472 0.0056640776 2.0760965e-08 5.389501e-06 3.8425046e-08 1.9944434e-07 2.3179654e-09 0.07539232 5.4342606e-09 0.00014896886 3.4557485e-07 1.8425018e-05 0.0033687935 0.019146062 0.0025624484 8.57348e-08 5.672059e-05 2.2232772e-08 8.4296014e-05 4.5000805e-05 2.8314525e-07 3.050831e-07 5.971786e-08 6.675286e-07 0.0009213222 1.852013e-07 3.0729614e-09 1.8106482e-08 2.776552e-07 7.5722056e-08
0.77462345 0.4641452 0.25662294 0.50537425 0.11661108 0.0049499855 0.17401175 0.1536448 0.0149302455 0.001444337 0.4076606 0.065554254 0.6595646 7.294029e-05 0.008928526 0.01882374 0.00058932375 0.7074015 0.016124656 0.5485993 0.0004351084 0.00016805131 0.0005718143 0.0003923319 1.0353939e-16 0.9959797 0.00027228505 4.036263e-05 2.31514e-05 1.928669e-05 1.6447093e-05 0.7776293 0.026880927 1.3960588e-06 0.10903148 0.8768888 4.712286e-05 0.0030048185 0.19021799 0.01791785 0.0003335861 1.0483027e-06 5.181374e-07 1.542259e-06 0.001614256 0.0026136984 3.091044e-07 0.0077325576 3.9234274e-05 0.0017120973 0.00023300237 5.5069795e-06 0.00039921736 1.9851594e-08 6.2305744e-06 1.45088e-06 3.4959253e-06 3.533338e-06 0.0039920635 0.3533559 4.2794262e-08 0.0017222161 5.2474046e-08 4.6633684e-07 8.5457796e-05 0.030838165 0.00017935655 1.0540479e-06 0.020509833 5.7078646e-06 7.4666204e-08 0.12349941 0.0013180489 5.583107e-08 2.4607292e-05 2.5392609e-08 8.5787764e-07 1.8596572e-07 0.001235609 1.161346e-08 0.000116925425 0.034564145 0.08843157 0.00032694495 8.9279035e-07 1.4406047e-05 2.3957507e-05 0.00062148256 3.3171548e-07 3.469529e-07 0.00022458045 0.0006614208 7.959448e-08 6.017795e-07 1.8194138e-08 0.0007638054 4.1446725e-05 5.5753173e-08 4.333002e-08 8.123768e-06 6.195491e-08
0.7700678 0.09012174 0.106165946 0.2121431 0.02342456 6.417608e-05 0.08775342 0.2567901 0.0003875951 1.6491636e-05 0.0658211 0.0073755737 0.79020053 1.4749401e-06 0.04628239 0.043822337 6.565055e-05 0.13617834 0.00040446536 0.9537864 0.0031713883 0.0023821439 0.0041548773 1.4895188e-05 0.9959797 4.782974e-17 0.00095353345 0.00039043318 8.804347e-05 0.0004706349 5.070329e-07 0.17598054 0.00046567823 1.7517594e-05 0.008190265 0.5605605 0.00021530259 0.07627179 0.011804047 0.21674299 1.3167441e-05 1.0203524e-06 5.5690464e-08 3.2520848e-06 2.4411953e-05 0.0017515698 3.0659072e-07 0.050003633 0.00017242448 0.0012317824 0.0001815114 2.6568448e-06 0.00028217392 2.5872984e-07 0.00012990196 2.3447021e-06 9.446978e-06 1.0759771e-05 0.00022841075 0.46094552 3.8152046e-07 0.013955353 5.002787e-07 8.142091e-07 0.0016203901 0.003815263 0.0030690667 4.1949806e-05 0.0040520784 0.0005449579 2.3389678e-07 0.038503736 0.0005521897 2.6578547e-07 0.00032474735 1.3219429e-07 6.9688012e-06 2.8086532e-08 0.00012763642 6.8787007e-09 0.00011806229 0.093902566 0.10192047 7.5111006e-06 3.5515626e-07 2.0728858e-06 0.00011687805 0.00053079816 1.2990301e-07 1.197757e-07 0.00046100977 0.0006257255 1.3330177e-07 2.9707758e-06 1.5870276e-07 0.0007981804 3.742115e-05 1.7894546e-08 1.3689875e-08 1.0094565e-05 9.0816044e-08
0.99318486 0.00017150822 0.013885166 0.0009747263 0.00042084832 2.623196e-06 0.058023944 0.42039278 1.3744446e-05 1.7236947e-07 0.00010395279 0.0070843897 0.024648419 7.582959e-08 0.649226 0.90841174 0.0005340906 7.7200486e-05 3.154179e-06 0.007538845 0.631997 0.13991794 0.0835754 4.1731977e-07 0.00027228505 0.00095353345 5.6933684e-18 0.94347924 0.29208365 0.023214335 8.0340634e-08 1.948183e-05 1.7824943e-05 0.033544455 2.475865e-05 7.0731825e-05 0.89683646 0.006025695 2.4153584e-05 0.00093858555 2.0896239e-06 0.00089763064 6.5116663e-09 0.009662812 1.0323874e-05 0.33028474 0.0035783958 9.91098e-05 0.08542845 0.63477176 0.5468131 0.0076726666 0.5518943 0.00011914281 0.04643491 0.0017779538 0.0036858001 0.016359288 1.7965313e-05 0.0010306449 3.2785465e-05 9.517509e-05 3.151925e-05 0.00010736426 0.00020369572 2.482246e-05 0.0002650162 0.00073386537 7.571308e-05 0.00064440805 2.9854124e-05 0.00017396768 0.09385101 0.00013233237 0.01711491 0.00010298126 7.3211384e-05 3.2165335e-06 2.7406375e-05 4.7254893e-05 0.07004556 0.012671606 2.8844443e-05 7.359746e-05 1.5142851e-06 1.8918883e-05 0.0005473617 3.7705745e-06 2.062732e-06 3.4142764e-07 0.013652095 0.00042756845 1.917841e-06 2.2514902e-05 0.00026989236 0.15740435 1.3362334e-06 1.4062016e-05 1.5811375e-07 0.0026109566 3.141164e-09
0.9216897 2.3303113e-05 0.0015144297 6.368995e-05 5.1375046e-05 1.2305769e-06 0.009993426 0.08472622 6.630369e-06 5.666757e-08 1.4627595e-05 0.00036289977 0.0044611366 1.6497905e-08 0.32748872 0.41467014 1.638941e-05 6.9656253e-06 9.363834e-07 0.0039437246 0.78906685 0.21174659 0.09598953 8.377256e-08 4.036263e-05 0.00039043318 0.94347924 1.0260751e-16 0.98541284 0.15835997 1.1313621e-08 2.7968204e-06 5.862493e-07 0.22022556 2.2563988e-06 2.6682344e-05 0.8608108 0.010745867 4.545692e-06 0.00093849417 1.9071884e-07 0.009870977 4.5535646e-09 0.1024965 7.406964e-07 0.033693198 0.01643727 3.672691e-05 0.11622565 0.20037752 0.12747385 0.012655846 0.22628675 0.010346664 0.052020486 0.007909372 0.0065233097 0.01697848 2.475066e-06 0.00037463714 0.0026459733 2.5526895e-05 0.0034675614 0.001536056 0.00017097373 2.088078e-06 9.6094875e-05 0.02644656 2.0411991e-05 0.0012876459 0.0006092251 0.000121513775 0.019368555 0.00091807346 0.017176382 0.0036206942 0.0028720647 0.00014306685 2.1798783e-06 0.00022766588 0.04228784 0.0029900726 5.401799e-06 4.0491923e-06 2.0758104e-07 2.3757957e-06 0.0004165852 2.162077e-06 1.1816123e-05 6.6006317e-07 0.010919166 0.0003350537 3.373563e-05 0.00058710034 0.0011453516 0.027324896 1.7324168e-06 2.1461163e-05 4.9722695e-07 0.0077959513 2.516081e-08
0.7725531 4.110562e-06 0.00014014482 1.7616101e-05 7.3227966e-06 1.0698806e-07 0.000760602 0.018603265 5.275386e-07 1.9695868e-08 6.8989325e-06 3.2740096e-05 0.002575478 1.98648e-09 0.12482828 0.06894192 5.028279e-06 2.7347223e-06 4.7673643e-07 0.0017185663 0.8467583 0.20835157 0.07886589 3.1441445e-08 2.31514e-05 8.804347e-05 0.29208365 0.98541284 8.339069e-17 0.2290222 6.623599e-10 3.1759505e-06 1.5168442e-07 0.94418263 3.2785351e-06 7.671847e-06 0.72187316 0.011754965 2.8365514e-06 0.0005796106 1.8489432e-08 0.14184642 9.381155e-11 0.4541388 1.0821673e-08 0.003006246 0.16035701 2.8113238e-05 0.05687992 0.032931894 0.015889792 0.00876059 0.041327417 0.08364663 0.024613086 0.0061661024 0.0056565395 0.010606599 2.0557768e-07 0.00010471617 0.022878904 6.6807024e-06 0.011667225 0.0021744622 0.00013237477 4.8204566e-07 5.2542935e-05 0.045399573 1.6248217e-06 0.000932282 0.009673586 4.218774e-06 0.0021993779 0.006016717 0.008311074 0.024581352 0.008278397 0.0013206659 4.398996e-08 0.001082072 0.011884894 6.675426e-05 8.4259517e-07 9.021469e-07 8.256571e-08 1.4840116e-07 1.45985105e-05 2.1751713e-07 0.00020689004 1.5265053e-08 0.0035046153 6.6372624e-05 0.00056720135 0.0010866548 0.0016087991 0.006470391 7.323334e-08 0.00014796203 8.099377e-06 0.002452617 1.0810586e-06
0.8991693 5.7930663e-07 0.00013720409 4.4037943e-06 3.2307614e-06 2.9386413e-08 0.00044213427 0.014909821 7.661537e-08 8.189596e-09 7.6527783e-07 1.915475e-05 0.0035040954 4.2880357e-09 0.38382322 0.011314314 1.8701066e-06 3.0945392e-07 6.8633152e-09 0.015934892 0.8649912 0.9425985 0.9544851 6.502185e-09 1.928669e-05 0.0004706349 0.023214335 0.15835997 0.2290222 3.5044546e-17 9.310166e-09 1.6869567e-06 1.3552467e-08 0.49322712 4.2271202e-07 2.1405871e-05 0.042566888 0.8176347 3.5473806e-06 0.1124585 7.139908e-08 0.024272546 1.26219e-09 0.0022723032 1.7503707e-08 0.00013990205 0.0012122956 0.0141956145 0.0020987752 0.0010507305 0.000664704 0.00048163784 0.0012347279 0.8424607 0.0016990621 0.00028523366 0.00077377615 0.0011544771 4.679243e-08 0.0024730994 0.85194814 0.0056379884 0.68904173 0.0001316191 0.11739071 4.423117e-08 0.00965507 0.89208555 2.3031912e-07 0.5441794 0.0009168918 3.801293e-06 0.00025173943 0.0030358087 0.0018534064 0.5242928 0.0005046503 0.002951839 2.2413676e-07 0.005900059 0.0021335986 0.00054622855 5.9868926e-06 4.3530613e-06 1.2491672e-07 1.7791054e-08 0.0005151531 6.4221007e-07 3.2958953e-05 9.928102e-09 0.0008651712 5.907516e-05 1.7636608e-05 7.596121e-05 3.3430955e-05 0.0018046243 2.8159255e-07 4.4422355e-05 1.9757028e-06 0.17024948 2.3875006e-07
0.5864668 0.0016315142 6.749304e-05 0.000166099 0.00039527178 0.055767927 0.0001229859 6.590907e-07 0.031717565 0.1421169 0.0013387292 0.0015570542 2.5384911e-06 0.9118718 4.216601e-08 2.0945127e-07 0.012867449 0.0016340048 0.06350538 2.364874e-07 1.4061834e-08 4.3768702e-07 1.1269729e-08 0.96338683 1.6447093e-05 5.070329e-07 8.0340634e-08 1.1313621e-08 6.623599e-10 9.310166e-09 3.3443584e-16 0.00074802624 0.2126122 1.1224138e-09 0.0035206159 5.600698e-05 1.3281216e-08 2.89538e-07 0.00038068782 4.099676e-07 0.9714277 4.6794657e-08 0.94546384 8.923311e-08 0.14140232 0.0094735585 1.7897685e-08 6.4945806e-07 4.5748692e-08 0.0003126468 1.4876213e-06 9.685049e-09 2.454216e-07 7.1128827e-09 2.474597e-09 4.8394355e-10 9.662263e-09 1.841014e-09 0.14198504 9.993635e-06 4.8866036e-09 3.3237257e-07 2.717077e-09 5.561186e-10 2.5639011e-08 0.023873482 3.895786e-08 1.1590115e-08 0.0007775721 3.0242596e-08 2.3563068e-08 0.00022283338 0.015709126 9.985479e-08 3.9855713e-08 2.7816077e-08 2.522841e-07 2.6295279e-08 0.03214596 6.1960552e-09 9.923389e-07 1.3938299e-07 8.153362e-08 0.002162206 0.0039842324 0.0017905916 4.8121835e-09 4.795609e-05 1.9807722e-08 3.401809e-05 1.9280915e-05 2.722832e-08 1.2014111e-07 3.384819e-09 1.1774357e-07 0.0017023643 2.5782008e-08 1.1068502e-08 4.1395802e-09 4.4639343e-08 1.1338659e-08
