7.1643545e-19 0.9045351 0.91317475 0.9599077 0.97507864 0.9790293 0.9726907 0.94783884 0.97313404 0.93460274 0.8754045 0.9189865 0.94024134 0.9071703 0.892114 0.9956869 0.80346054 0.8861773 0.8243114 0.66229296 0.18717515 0.927892 0.91064906 0.062619336 0.4382708 0.08864609 0.16730629 0.87908983 0.23036382 0.86825204 0.053841706 0.89027166 0.9143526 0.76881707 0.045184836 0.91835284 0.97292954 0.87046546 0.85392606 0.9641691 0.84474486 0.94939864 0.9637191 0.16073245 0.9090589 0.731092 0.01835633 0.74485236 0.078262046 0.41878474 0.83843714 0.15550862 0.022566432 0.738372 0.94236964 0.006290546 0.0031703631 0.003934672 0.010198224 0.4630783 0.0014384337 0.8710369 0.8193799 0.00040126726 0.64018214 0.7877397 0.011443154 0.9178337 0.8609163 0.86961013 0.9959325 0.04521603 0.14384945 0.00018083912 0.0009357786 0.007886433 0.88902533 0.87100905 0.001735876 0.99951774 0.016666483 0.8468972 0.5909409 0.29014587 0.8356963 0.0021632805 0.01884568 0.9766175 0.114826635 0.119383626 0.36521435 4.166422e-05 0.003551834 0.99975437 0.00017118793 0.99862564 0.41730535 0.9998823 0.99988055 0.83385855 0.6835773
0.9045351 5.0306906e-14 0.9647051 0.94614273 0.93527454 0.35787383 0.60642046 0.4162034 0.0075606434 0.08064559 0.004023456 0.012309907 0.0012636814 0.00083590054 0.6806396 0.03508015 0.0028548972 6.4322325e-05 9.82551e-05 0.45480108 0.019968582 7.8560835e-05 0.0031491702 0.0007647081 0.054904785 0.005055991 0.043191697 0.08691808 0.20904419 0.0038201804 0.010317729 0.00011612698 0.000108737215 0.00027647955 8.5984015e-05 0.0004099444 0.009747895 0.0002888641 2.4182636e-06 0.06515821 8.557736e-05 6.7211644e-05 0.0002747406 0.04530278 2.3662908e-05 6.57152e-05 2.068473e-05 5.6781446e-06 0.19544771 0.35845834 1.8427171e-06 0.0001922397 0.06051134 7.709385e-06 3.1079412e-06 0.05608745 0.016098375 0.0005733373 0.0014494273 2.2065037e-06 0.003214801 0.00014037637 0.0005959607 0.0018767003 6.399022e-07 0.007971931 7.216177e-07 0.000113689246 0.0111274775 9.0421577e-07 0.030068923 0.00034359514 2.9501898e-05 1.0112228e-05 1.3031851e-06 0.00059061643 3.724381e-05 0.0009077016 1.553824e-05 0.010080756 1.9709614e-05 0.0026757761 1.2102392e-05 1.3471118e-06 1.03913194e-07 5.0156064e-08 1.418873e-06 4.779191e-05 1.5152458e-06 4.2343967e-08 4.314859e-06 7.600393e-08 7.1104455e-06 4.1664197e-08 1.6375147e-05 0.00069625437 3.673784e-05 0.0019022288 0.0036357113 4.4290023e-06 6.596142e-06
0.91317475 0.9647051 5.363708e-14 0.7520629 0.9519157 0.14485745 0.8899567 0.32891244 0.0021701793 0.28603017 0.03375894 0.1361834 0.00010347813 0.0064366455 0.6643536 0.1437563 0.0150337545 2.620948e-06 5.2734927e-06 0.62831783 0.01977292 0.0004982461 0.0006234968 0.0006908305 0.2364904 0.042410944 0.03143959 0.03707085 0.2836853 0.0011332176 0.008954248 0.001300999 6.4541236e-06 9.643308e-05 2.0475261e-05 2.7792523e-05 0.028902719 9.274326e-06 1.4279429e-07 0.044285998 0.0002986402 0.00028979176 4.891173e-05 0.18920399 1.3926627e-06 5.1161255e-06 1.6121243e-05 1.3841165e-07 0.25479007 0.43645224 2.2105676e-05 3.1282198e-05 0.12067742 1.642298e-06 2.4467238e-07 0.10000722 0.03514756 0.00068946683 0.0007984754 9.694323e-06 0.009614517 0.00055309385 0.0011014239 0.003491318 1.2672957e-07 0.0044703344 1.8273649e-07 5.2651258e-06 0.006639681 5.344552e-06 0.020296426 0.003715466 0.000130655 2.317728e-06 4.012965e-07 0.004997421 0.00016913078 0.0015294972 0.000106604864 0.011792828 3.0643554e-05 0.0014998611 6.243372e-05 5.567385e-06 6.7069743e-07 7.627739e-08 2.008371e-07 0.00015305697 1.773209e-06 7.970778e-09 6.3478715e-06 1.27862405e-08 1.0584636e-05 2.6423215e-09 1.9868974e-05 0.0011230137 0.00018274495 0.00056754815 0.0031295926 2.8038106e-05 5.635642e-05
0.9599077 0.94614273 0.7520629 1.2186584e-14 0.89715254 0.9460381 0.27699962 0.75180656 0.24460234 0.008805196 0.0007785356 0.0018957779 0.03880065 0.000103452374 0.7717595 0.008386155 0.00050976744 0.0010019176 0.0010558086 0.32245865 0.15855531 7.3925644e-06 0.04841729 0.00919752 0.011215228 0.0014341184 0.20313 0.44977474 0.3532113 0.037699655 0.04670786 1.07102205e-05 0.0010719412 0.0044409316 0.0002715087 0.002133616 0.0077319373 0.0009122051 7.5745756e-06 0.20495805 3.2845066e-06 1.8998528e-05 0.001644587 0.004305323 0.00025002036 0.00047005017 0.00013250751 3.286968e-05 0.28692928 0.35828447 1.2041653e-07 0.0010062262 0.054642472 3.5381316e-05 2.347509e-05 0.058383867 0.016179563 0.0017546597 0.004270666 3.0295323e-07 0.0012629367 4.5754692e-05 0.00050905097 0.001466177 5.4315897e-06 0.032827187 2.5249462e-06 0.0008688634 0.04825228 7.681657e-08 0.088946335 3.3344666e-05 1.0997727e-05 0.0002554383 7.4108475e-06 3.1425458e-05 1.4374579e-05 0.0010458862 7.989351e-06 0.01697743 1.7822751e-05 0.01228375 2.212427e-06 1.5113586e-07 8.501387e-09 2.3719777e-07 2.337055e-05 2.053079e-05 4.4738243e-07 2.2809128e-07 2.5112533e-06 1.0187496e-07 9.775035e-06 1.1397834e-06 1.7364238e-05 0.0005002225 1.8591998e-05 0.008645344 0.010750059 1.5454763e-06 1.1580624e-06
0.97507864 0.93527454 0.9519157 0.89715254 5.256903e-15 0.35412452 0.7885613 0.33974117 0.0139748985 0.44722998 0.06566114 0.17838791 0.0005594882 0.01787988 0.45701826 0.28039765 0.0191286 1.3179161e-05 3.1113115e-05 0.47756192 0.010516574 0.0006564351 0.01890251 0.00048048404 0.2223204 0.028254654 0.009710835 0.37461796 0.16809957 0.009596416 0.0036751402 0.0024903328 0.00012069446 0.000107379004 4.006018e-05 0.00015341383 0.35233864 4.2523792e-05 4.0060175e-07 0.29853573 0.0003210472 0.00071285124 0.00020457782 0.0999461 1.0641e-05 5.0508752e-05 2.0126106e-05 1.0660292e-06 0.08901887 0.2334283 2.2022396e-05 7.3169154e-05 0.030226003 6.9668145e-06 2.0779764e-06 0.022754407 0.006161182 0.00012264916 0.00025152345 1.0575815e-05 0.0009836522 0.00055199413 0.011702349 0.00053185143 9.110574e-07 0.066613264 1.05145105e-07 0.00025240655 0.083247386 9.205962e-06 0.1711778 0.0014606351 0.00010968311 9.663558e-06 3.587221e-08 0.0010817838 0.0002747448 0.005724145 5.7100126e-05 0.048756935 3.119054e-05 0.012269116 0.00010725978 5.4013717e-06 1.1376429e-06 2.0374756e-08 1.4404968e-06 0.0001253151 8.454736e-07 1.13603065e-08 1.00923235e-05 9.498484e-09 1.304112e-05 1.11966095e-07 3.132737e-05 0.0033304954 0.00021218648 0.003554677 0.012305781 6.105885e-05 4.144835e-05
0.9790293 0.35787383 0.14485745 0.9460381 0.35412452 9.821477e-17 0.0026110425 0.9417796 0.9118666 0.00040428143 2.1841806e-05 4.383748e-06 0.63251245 2.7733595e-06 0.6057879 0.0012013762 7.432094e-06 0.04854457 0.055270135 0.036059596 0.6412882 6.83238e-07 0.30140734 0.2860199 0.00021081371 1.34941665e-05 0.6735132 0.5750142 0.50057095 0.24461518 0.272011 3.0115916e-07 0.010641042 0.16621713 0.01991394 0.050706215 0.0021302458 0.003548269 0.00016764936 0.13530625 2.4227578e-08 2.3182665e-05 0.030708697 4.6691177e-05 0.0014239632 0.00095244736 0.0040051774 0.0002869479 0.4747438 0.28775 2.0980542e-08 0.0190278 0.018640818 5.893105e-05 0.00011498737 0.09610318 0.022852588 0.016301487 0.0867136 1.7931282e-07 2.9887397e-05 2.5689628e-06 0.00020301888 0.00114681 1.1499269e-05 0.05462791 2.0417056e-05 0.00568472 0.06143235 1.462115e-07 0.05657365 1.5004783e-05 3.3735142e-07 0.00047164134 3.5985544e-05 7.091551e-06 2.227742e-05 0.0010469195 8.450593e-07 0.009452025 1.6155263e-06 0.022637159 5.543807e-06 2.1689614e-07 9.7065564e-09 1.3298161e-06 1.8676748e-05 3.7600912e-05 1.11237036e-07 1.2268956e-07 1.0724708e-06 2.8154741e-07 1.9290947e-06 2.1852056e-05 1.4604942e-05 0.0003118636 7.971143e-05 0.02983099 0.013349568 7.5425482e-06 1.2974232e-05
0.9726907 0.60642046 0.8899567 0.27699962 0.7885613 0.0026110425 1.5441765e-14 0.0077901985 7.986141e-05 0.7711497 0.46317303 0.8572214 3.2300559e-06 0.12505014 0.5498535 0.4895368 0.45579422 7.598595e-08 1.3531758e-07 0.9258452 0.0005284773 0.004195641 8.811167e-05 4.7274505e-05 0.8865774 0.61011547 0.0025285622 0.0015538427 0.17093469 0.0002581803 0.0031190524 0.016795374 4.1482294e-06 1.3253898e-06 1.4402854e-06 2.6522882e-06 0.016229434 8.281455e-07 2.406753e-08 0.0104547385 0.0015306456 0.001127431 9.972775e-06 0.64423764 9.2419265e-07 1.5108951e-06 1.5679236e-05 6.656091e-08 0.3168187 0.72197384 8.434495e-06 1.7528004e-05 0.43680695 1.861909e-07 1.335364e-07 0.20244609 0.07439567 0.00043419376 0.00017988721 4.29369e-06 0.06707955 0.015325372 0.00090542436 0.010230331 2.1132567e-07 0.0011326993 2.698671e-08 4.6570376e-06 0.0019307993 1.9067801e-06 0.0054029156 0.13465232 0.0047030738 1.1708097e-06 1.6945577e-08 0.11433309 4.0860774e-05 0.0011581726 0.0021443241 0.009475486 1.9474084e-05 0.001191868 3.494301e-05 4.160972e-06 5.2259634e-07 1.12077196e-07 3.2530323e-07 0.00012512975 1.6193549e-06 2.0967782e-08 1.0739687e-05 1.12036105e-08 0.00046884926 1.1161556e-07 0.00037233942 0.0005725993 9.007052e-05 0.000108119064 0.0010204469 3.2572578e-05 4.7986694e-05
0.94783884 0.4162034 0.32891244 0.75180656 0.33974117 0.9417796 0.0077901985 1.7308542e-14 0.85429406 0.0034370543 0.0007723124 0.0008382872 0.118987456 9.37968e-05 0.88568497 0.0029221685 3.856608e-05 0.0044682347 0.007953572 0.06977767 0.9272834 2.9739975e-05 0.03046797 0.7773544 0.0008797042 9.706466e-05 0.8306652 0.13510709 0.7348472 0.053237826 0.35322437 7.1294124e-07 0.0037561886 0.09769581 0.03368523 0.010874527 0.0008888744 0.0009781135 3.2159005e-05 0.023685385 6.135303e-07 4.8015667e-05 0.005048961 0.00067274715 0.0006346837 0.0005782882 0.012836097 0.00020670485 0.48123717 0.31219772 1.0879612e-06 0.0015226176 0.044582456 9.636956e-05 7.7910976e-05 0.18705459 0.06305246 0.042872757 0.23037225 1.2677702e-06 0.00029620968 1.363138e-06 6.3396044e-05 0.005011168 8.1269145e-06 0.0070069944 2.2670056e-05 0.00061400014 0.0062357113 9.9839745e-08 0.006014729 3.164346e-05 1.6215353e-06 0.0006384326 1.455286e-05 9.853238e-05 4.064903e-05 0.0002836922 3.8058527e-06 0.004156322 3.239964e-07 0.0029639462 3.0470947e-05 1.010795e-06 1.2691476e-07 6.261296e-07 2.4184203e-06 1.6382986e-05 7.807151e-08 3.507699e-07 5.177951e-07 1.505553e-08 8.126759e-06 1.8165332e-05 1.0424292e-05 0.00021222878 3.4880013e-05 0.002415255 0.0013395438 7.0041674e-06 9.3583265e-05
0.97313404 0.0075606434 0.0021701793 0.24460234 0.0139748985 0.9118666 7.986141e-05 0.85429406 1.0891813e-15 2.2142896e-05 4.5574816e-06 6.354652e-07 0.9256227 1.1893585e-06 0.08497534 7.43543e-05 7.455446e-07 0.17572075 0.24586944 0.0013944735 0.8511084 6.422144e-07 0.4702919 0.81203455 5.4817683e-05 1.2205151e-06 0.82022804 0.36280692 0.39658108 0.35452282 0.4172191 4.7393694e-08 0.09541227 0.86011595 0.37851852 0.5152011 8.266968e-05 0.095359236 0.00514612 0.04714635 1.4791756e-08 3.6639467e-06 0.07450927 8.4745625e-05 0.020197732 0.006560227 0.17757341 0.0021507624 0.291773 0.033536334 2.9146438e-08 0.18909131 0.0010368548 0.0003735066 0.003786986 0.024917902 0.0056446297 0.016004417 0.21097423 2.3645673e-07 2.7552667e-06 1.224051e-07 5.1129773e-05 0.00011523734 3.3955406e-05 0.03275103 0.00062418747 0.012403913 0.023082377 1.0029935e-07 0.013202674 8.84745e-07 2.6890833e-08 0.014628935 0.0008163536 2.5905763e-06 9.748818e-06 0.0003087846 3.5159883e-07 0.0021206604 2.9566027e-07 0.023024792 4.7221174e-06 4.4035653e-07 1.8024105e-07 9.491889e-06 1.26515115e-05 4.196827e-06 5.7565774e-08 2.3690386e-07 6.367707e-07 2.6765517e-06 1.8465485e-06 6.6844084e-05 3.0534081e-06 9.715068e-05 3.570857e-05 0.027897654 0.0069842082 5.80734e-06 1.8447929e-05
0.93460274 0.08064559 0.28603017 0.008805196 0.44722998 0.00040428143 0.7711497 0.0034370543 2.2142896e-05 2.122853e-13 0.95132804 0.82684696 7.5765624e-06 0.8877753 0.024527071 0.9409418 0.6329845 1.5942558e-07 8.3979296e-07 0.14679281 2.4802606e-05 0.29417142 0.00018160527 1.6434426e-05 0.41217917 0.14995408 0.00013658474 0.003270864 0.0045190994 0.00018870312 0.00022666693 0.35612935 5.050261e-06 9.2814787e-07 1.7831413e-06 5.4218244e-06 0.23029102 1.817808e-06 4.830901e-08 0.018078292 0.07014192 0.016047096 5.8340956e-06 0.33820704 6.027979e-07 2.5565546e-06 9.790989e-06 3.1425376e-08 0.00399778 0.06344284 0.00017076367 7.2097487e-06 0.0115076015 5.6837433e-07 1.7584661e-07 0.0015073217 0.0008354133 1.3672874e-06 1.5321323e-06 8.237204e-05 0.0012936672 0.07907999 0.004026026 5.5607707e-05 9.358401e-08 0.0010879277 4.5510316e-08 4.906967e-06 0.0025311967 4.872574e-05 0.011322139 0.11087588 0.013241493 3.5520998e-06 4.2821615e-08 0.01577301 0.00013162073 0.0025083716 0.0018282891 0.016626976 0.0005457737 0.0013540867 9.9996934e-05 1.34695065e-05 1.640882e-05 1.2916791e-08 2.6595967e-07 0.00014253218 5.9307957e-05 3.1846064e-08 3.0985553e-05 2.84046e-08 0.0012886083 1.6705084e-08 0.000223219 0.0019886196 0.00019459464 7.640418e-05 0.0021500548 9.2546456e-05 5.0330502e-05
0.8754045 0.004023456 0.03375894 0.0007785356 0.06566114 2.1841806e-05 0.46317303 0.0007723124 4.5574816e-06 0.95132804 3.3252497e-13 0.9130259 1.3523392e-06 0.9560613 0.0071612056 0.7440887 0.8036009 3.9241847e-08 1.0967134e-07 0.058338076 1.054167e-05 0.6082744 9.812292e-06 8.711168e-06 0.31181833 0.10653165 0.00011977784 0.00020227136 0.0016550445 1.7659313e-05 0.00024989498 0.52899534 9.67675e-07 6.7092265e-07 7.229023e-07 1.0207651e-06 0.117641315 9.1117903e-07 1.9564562e-08 0.0032852963 0.19569494 0.033504244 1.9607487e-06 0.23133221 8.5595914e-08 3.9793255e-07 2.146459e-06 7.606842e-09 0.001769627 0.026671598 0.0017545517 1.8048332e-06 0.0038533146 1.4360945e-07 7.2962024e-08 0.0011547673 0.00071059744 8.357272e-07 2.0996956e-06 0.0001907808 0.0012525267 0.17977385 0.003393796 3.083404e-05 3.8972203e-08 0.00037428486 3.2361207e-08 1.4977661e-07 0.00060681155 0.00023660008 0.001970657 0.18152298 0.02430588 7.909412e-07 2.117088e-08 0.01131842 0.00041127307 0.0025198238 0.0035799013 0.009066895 0.0026621523 0.0006436912 0.00025654054 5.2775955e-05 0.00011237501 3.05197e-08 8.384721e-08 0.00038688068 0.00032958246 1.8856765e-08 0.000112984635 1.2536397e-08 0.0037539036 1.8789152e-09 0.00039016834 0.0026618617 0.00046181862 8.671102e-06 0.0010217698 0.0004656582 0.00022249151
0.9189865 0.012309907 0.1361834 0.0018957779 0.17838791 4.383748e-06 0.8572214 0.0008382872 6.354652e-07 0.82684696 0.9130259 3.026911e-14 1.3451522e-07 0.61774975 0.02142973 0.6609548 0.9786545 7.345882e-09 1.8465432e-08 0.25186285 6.4148503e-06 0.3375597 2.0819614e-06 2.6241344e-06 0.70700365 0.4287292 0.00042726274 5.1517232e-05 0.007799956 7.2700595e-06 0.00050619204 0.53786933 1.4156555e-07 4.6725095e-08 5.48771e-07 2.2024976e-07 0.036166806 2.7341002e-07 6.0591305e-09 0.0021549773 0.09936762 0.008884697 4.0718672e-07 0.5222959 2.2191719e-08 1.3356735e-07 3.469441e-06 3.0500942e-09 0.012597341 0.15633795 0.00046287526 4.7238856e-07 0.04087564 2.021968e-07 3.4703874e-08 0.008327411 0.003907353 1.3111146e-06 3.930991e-06 5.4077864e-05 0.007311566 0.20366584 0.0017307325 0.0001989069 3.0904495e-08 0.00016102366 2.9663083e-08 6.053058e-08 0.0004270963 3.8748312e-05 0.001097089 0.37080377 0.036219023 4.0073132e-07 1.04038875e-08 0.06547078 0.00018322085 0.00092398655 0.0081651015 0.0064440276 0.0014716749 0.0005280977 0.00012610322 2.7491502e-05 1.8620034e-05 1.5124176e-08 2.3623087e-07 0.00016783556 2.686806e-05 2.1063101e-08 6.848801e-05 9.4202885e-09 0.0044098147 6.5126975e-09 0.001420667 0.0009089789 0.00019553893 9.873466e-06 0.00031375134 0.00015275949 0.00010825196
0.94024134 0.0012636814 0.00010347813 0.03880065 0.0005594882 0.63251245 3.2300559e-06 0.118987456 0.9256227 7.5765624e-06 1.3523392e-06 1.3451522e-07 3.2692176e-16 5.800264e-07 0.0030339549 1.2142138e-05 2.0058599e-07 0.89294803 0.95556206 0.00014297219 0.2305771 4.0254304e-07 0.7934773 0.21054804 1.2978056e-05 2.032871e-07 0.3229793 0.20840825 0.015278915 0.34580818 0.04171926 7.073715e-09 0.4628062 0.7145364 0.14677095 0.7131871 0.00015614422 0.5303243 0.076156095 0.016853249 1.8695895e-08 2.8351722e-06 0.18973416 7.741315e-06 0.0907166 0.024539344 0.066796996 0.0099397 0.026236461 0.00053814304 3.254095e-08 0.287882 4.1369563e-05 0.01592858 0.03727752 0.0024023366 0.00075000676 0.0007527458 0.017372986 2.960858e-07 3.3769152e-06 1.0529884e-07 2.3023522e-05 4.6146768e-05 0.00037785733 0.03323423 0.004714563 0.026016546 0.025179772 5.8067524e-08 0.007880145 1.136124e-06 4.331779e-08 0.0053420295 0.0036155963 1.0054098e-05 1.538668e-05 9.315798e-05 2.8528135e-07 0.0022024843 1.8135031e-06 0.016422832 2.7486426e-06 7.260231e-07 2.8881034e-08 0.00010936152 0.00033377737 9.662907e-07 8.682404e-08 5.7384614e-06 1.5048312e-06 5.3501743e-05 3.4973827e-06 0.00031585377 9.148827e-06 3.87072e-05 1.6924849e-05 0.041756794 0.005859436 1.2282906e-06 2.3782202e-05
0.9071703 0.00083590054 0.0064366455 0.000103452374 0.01787988 2.7733595e-06 0.12505014 9.37968e-05 1.1893585e-06 0.8877753 0.9560613 0.61774975 5.800264e-07 1.0501036e-12 0.0009157727 0.87100124 0.6585435 1.907151e-08 1.3741496e-07 0.009066285 6.6885436e-06 0.91260815 1.881738e-05 1.4092075e-05 0.113364376 0.03374158 6.030929e-05 7.771855e-05 0.00040672335 1.6670227e-05 0.00018770466 0.6864165 5.351424e-07 1.173035e-06 3.3016097e-06 1.5549408e-06 0.574777 6.199892e-07 2.4429804e-08 0.0033946247 0.3173953 0.25590524 1.2666452e-06 0.053828076 7.2026076e-08 6.615422e-07 7.938783e-06 1.4589593e-08 0.0005406593 0.002884015 0.038041703 3.9096767e-06 0.00076807645 2.861391e-07 2.2791451e-07 0.00019745032 9.830299e-05 1.4702172e-06 1.4073372e-06 0.0009788123 9.0893205e-05 0.25309443 0.016143044 2.7328333e-05 1.0806684e-07 0.0005200099 7.378027e-08 3.345554e-07 0.0009016924 0.001669963 0.003887132 0.104107894 0.04392424 1.3283204e-06 7.1272815e-08 0.0011439744 0.0025967553 0.007312626 0.0019618813 0.012983547 0.00449879 0.00058873754 0.0010490033 9.1018635e-05 0.00014239305 2.117784e-07 6.605493e-07 0.00093962625 0.001004621 1.19047115e-07 0.00016106453 6.2194424e-08 0.00565985 1.1868815e-08 0.0001228184 0.004128136 0.001026662 1.1292683e-05 0.0006920108 0.00055077975 0.000537577
0.892114 0.6806396 0.6643536 0.7717595 0.45701826 0.6057879 0.5498535 0.88568497 0.08497534 0.024527071 0.0071612056 0.02142973 0.0030339549 0.0009157727 2.2944844e-17 0.008468734 0.0018345915 3.8478607e-05 0.0001642989 0.9431842 0.16162956 5.3438307e-05 0.0012611368 0.033836044 0.013171662 0.0034185385 0.4575253 0.004260726 0.95304894 0.0011558454 0.27556932 4.0814506e-05 6.797356e-05 0.0003497753 0.00029467436 2.5581872e-05 0.0005437896 1.5384407e-05 5.452352e-07 0.0051420312 1.4223393e-05 2.2417848e-05 3.615672e-05 0.018101832 2.3075003e-05 2.8216165e-05 0.0005154313 1.6445877e-06 0.67966795 0.72409326 8.833375e-06 1.9562445e-05 0.48071608 3.8557823e-06 1.4960167e-06 0.55045813 0.3485268 0.07195727 0.09409431 1.8780718e-05 0.026915161 2.2666465e-05 3.136764e-05 0.05786888 8.138225e-07 0.00032127998 1.3710786e-07 8.4302565e-06 0.0007118543 4.5936054e-07 0.0018615479 8.2732855e-05 1.8957116e-05 3.795714e-06 3.1032023e-08 0.0021710952 1.849163e-05 6.2082225e-05 2.0861065e-05 0.0022738706 1.7052963e-06 0.0010214663 6.697815e-05 1.8939056e-06 2.9336993e-06 5.6960367e-08 2.3203874e-07 4.212514e-06 5.2730525e-07 3.0789255e-07 7.4476825e-06 1.4608159e-09 7.2370763e-06 2.1117266e-06 0.00014806013 7.687744e-05 4.222801e-05 0.0001309203 0.000105699735 1.2428754e-05 0.00014448653
0.9956869 0.03508015 0.1437563 0.008386155 0.28039765 0.0012013762 0.4895368 0.0029221685 7.43543e-05 0.9409418 0.7440887 0.6609548 1.2142138e-05 0.87100124 0.008468734 2.1436039e-13 0.4980147 3.479851e-07 1.1322592e-06 0.019348696 7.4291005e-05 0.5365961 0.00032149238 1.47501405e-05 0.1624894 0.04586172 0.00010098827 0.005250597 0.0005180681 0.00044100525 0.0001702383 0.33605006 3.6316046e-06 5.7759453e-06 1.5632794e-06 5.7383686e-06 0.83208084 5.15711e-07 7.0245896e-08 0.10304407 0.09092508 0.10162418 4.937564e-06 0.051162336 2.0836765e-07 5.11336e-06 4.2127426e-06 2.6709165e-08 0.0004441171 0.005845313 0.003884981 1.5192692e-05 0.0011374142 4.3490633e-07 3.157432e-06 0.00015948042 0.00019382378 2.775991e-07 1.7083639e-07 0.0008445945 0.00019499182 0.05112945 0.10606776 1.9715499e-05 4.4765105e-08 0.011086242 3.5518536e-07 8.224198e-05 0.033401377 0.0006833765 0.1601774 0.025520518 0.0076757004 5.0616695e-06 1.5973521e-08 0.0010489553 0.0025682258 0.039205365 0.0013359877 0.25732833 0.0012628151 0.011466472 0.0010284946 8.7327826e-05 0.00010134573 3.868419e-08 1.2253411e-06 0.0025339501 0.00034238453 3.2550822e-08 7.6347584e-05 4.0584933e-08 0.001055793 5.146441e-08 0.00012572916 0.016988816 0.0014607757 0.0006691712 0.012536184 0.00147344 0.00042459118
0.80346054 0.0028548972 0.0150337545 0.00050976744 0.0191286 7.432094e-06 0.45579422 3.856608e-05 7.455446e-07 0.6329845 0.8036009 0.9786545 2.0058599e-07 0.6585435 0.0018345915 0.4980147 1.0379699e-13 1.43222865e-08 2.9121487e-08 0.049971074 4.8207535e-06 0.53819877 4.308345e-06 1.0269243e-06 0.79374 0.47393784 0.00024067739 2.4950788e-05 0.0009992116 1.1272434e-05 0.00013021826 0.95421004 6.1231395e-07 2.5252495e-08 2.436397e-07 1.1954701e-07 0.037009038 1.9765933e-07 1.6136184e-08 0.0012877766 0.4927584 0.0134901665 3.1829943e-06 0.36977848 1.066468e-07 4.2885966e-07 3.037979e-06 2.8460079e-08 0.0003953811 0.016495029 0.013258767 8.2097266e-08 0.008143693 3.2325877e-07 2.7978954e-08 0.0015770466 0.0010948048 1.585162e-06 2.7473295e-06 0.00056449015 0.00406166 0.45381787 0.0029461186 0.00019286847 9.5080225e-08 0.00011853489 7.472205e-08 9.032285e-08 0.00026568223 0.00020186148 0.0010215673 0.6840504 0.17536703 6.7604475e-07 2.9836492e-08 0.059843164 0.0013980475 0.0012274218 0.034024566 0.003798291 0.023072885 0.00052710087 0.00043793715 7.270292e-05 9.4476585e-05 6.873721e-08 1.1299443e-06 0.00065838837 0.00031642418 2.101702e-07 0.0003838445 8.0847904e-08 0.021775156 1.0491173e-07 0.004019287 0.0013345608 0.00067894143 5.752242e-06 0.00028732853 0.00081023516 0.00033529953
0.8861773 6.4322325e-05 2.620948e-06 0.0010019176 1.3179161e-05 0.04854457 7.598595e-08 0.0044682347 0.17572075 1.5942558e-07 3.9241847e-08 7.345882e-09 0.89294803 1.907151e-08 3.8478607e-05 3.479851e-07 1.43222865e-08 3.2074898e-16 0.9914563 1.3613349e-06 0.008514639 5.3017818e-08 0.64702266 0.00850398 2.1043657e-07 8.126623e-09 0.0073128804 0.049339075 0.0002562985 0.18379183 0.00047936087 1.5206518e-09 0.7636209 0.33481187 0.01382125 0.621946 1.6332086e-05 0.71665484 0.23662962 0.0066154795 9.171929e-09 4.5997552e-07 0.36951384 3.7222503e-07 0.3007065 0.14169054 0.0031294797 0.07233749 0.00046860156 2.645952e-06 1.8154065e-08 0.2497878 8.998243e-07 0.21804222 0.11723207 3.088563e-05 5.3335334e-06 3.2964563e-06 0.0011271618 4.4287567e-08 1.3880933e-06 4.4470823e-08 1.110362e-05 1.30389435e-05 0.0040285047 0.019968338 0.005421269 0.047583245 0.009257965 1.0841403e-08 0.0036701108 1.11739105e-07 4.508676e-09 0.0013944025 0.0015415145 8.432117e-07 1.846119e-06 1.38809155e-05 6.707614e-09 0.0005093292 1.1652168e-06 0.0070270607 2.0689625e-07 6.752471e-07 4.5978474e-09 0.00038394995 0.0011119256 1.2450178e-07 7.581895e-10 1.539343e-05 8.1094356e-07 5.107037e-05 3.869048e-07 0.0015673465 6.3540604e-08 4.018708e-06 3.1843408e-07 0.041111935 0.0025347562 1.5153535e-07 2.7982944e-07
0.8243114 9.82551e-05 5.2734927e-06 0.0010558086 3.1113115e-05 0.055270135 1.3531758e-07 0.007953572 0.24586944 8.3979296e-07 1.0967134e-07 1.8465432e-08 0.95556206 1.3741496e-07 0.0001642989 1.1322592e-06 2.9121487e-08 0.9914563 1.1043222e-15 1.4049849e-06 0.012283008 1.7642479e-07 0.54692024 0.019428562 7.429666e-07 1.533433e-08 0.0093159415 0.032842703 0.00038892936 0.14811224 0.00071632303 5.815772e-09 0.73308 0.5934049 0.026602395 0.77554214 2.5161928e-05 0.75855446 0.52257586 0.0048962818 1.7606567e-08 1.7353519e-06 0.24078111 4.4553883e-07 0.2755744 0.12016026 0.0075559076 0.07954016 0.0004879305 6.3810417e-06 2.5999835e-08 0.3179645 2.6641571e-06 0.35550216 0.11620046 5.2568343e-05 1.2874985e-05 3.960247e-06 0.0010437489 7.75528e-08 6.894746e-07 8.0314585e-08 6.3343796e-06 4.6350783e-06 0.008925508 0.012569308 0.0082056625 0.052126735 0.0063613467 2.741148e-08 0.0026772695 2.3941791e-07 4.396511e-09 0.006439927 0.0073203538 9.2793374e-07 6.18204e-06 2.131526e-05 1.1718307e-08 0.0005486361 2.5356e-06 0.006308018 7.704103e-07 1.407423e-06 1.3195566e-08 0.0013030397 0.0028500848 1.014981e-07 4.0148445e-09 2.5664905e-05 7.363747e-07 0.0001123239 5.2455766e-07 0.0015193815 2.6262109e-07 3.4318412e-06 8.591229e-07 0.032813743 0.0021810378 1.2427012e-07 9.622676e-07
0.66229296 0.45480108 0.62831783 0.32245865 0.47756192 0.036059596 0.9258452 0.06977767 0.0013944735 0.14679281 0.058338076 0.25186285 0.00014297219 0.009066285 0.9431842 0.019348696 0.049971074 1.3613349e-06 1.4049849e-06 8.351739e-17 0.0032030025 0.00023685364 0.00013040529 0.00038445997 0.82944465 0.33265275 0.014081434 0.00026891966 0.6372137 0.00014139764 0.04289441 0.00059151714 2.5583604e-05 1.00194e-05 1.5938e-05 1.5608167e-06 0.00033143457 1.8560809e-06 1.2273357e-07 0.0010294406 6.132297e-05 1.8864706e-05 1.3707376e-05 0.6675481 7.047822e-06 1.3236146e-05 0.00018301512 1.0803042e-06 0.68274546 0.9286851 4.0219576e-05 5.896337e-07 0.82189584 1.2476834e-06 4.848837e-08 0.71449834 0.6584825 0.042908728 0.00041895176 5.469492e-05 0.5009437 7.0306254e-05 1.7275373e-05 0.23245907 8.770214e-07 0.00010833106 1.677841e-07 9.3268744e-07 0.00016338809 6.732397e-07 0.0010335101 0.005772163 8.139165e-05 2.1236107e-07 7.0568436e-09 0.049728002 6.946013e-05 2.8179189e-05 0.0012150068 0.0027537304 5.9779295e-06 0.00044887868 0.00014943101 4.963105e-06 1.9404108e-06 1.7295887e-08 1.1062319e-06 1.1976977e-05 1.7296853e-07 3.2758132e-06 4.629927e-06 1.1970941e-08 3.6114964e-06 3.67828e-06 0.001694095 3.6978407e-05 6.888273e-05 2.1881251e-05 0.00010868516 2.982955e-06 0.0002581008
0.18717515 0.019968582 0.01977292 0.15855531 0.010516574 0.6412882 0.0005284773 0.9272834 0.8511084 2.4802606e-05 1.054167e-05 6.4148503e-06 0.2305771 6.6885436e-06 0.16162956 7.4291005e-05 4.8207535e-06 0.008514639 0.012283008 0.0032030025 1.4010669e-16 4.67811e-06 0.008131419 0.9947016 1.3699364e-05 2.7159515e-06 0.8630787 0.00922437 0.36050144 0.007875201 0.27411738 8.119682e-07 0.0011632978 0.16683818 0.08435422 0.0076931976 3.9475115e-05 0.0009748963 3.3120246e-05 0.0010506933 2.0632365e-07 2.2919636e-05 0.0008776699 7.890721e-05 0.000168856 0.00012779098 0.073325776 0.00015746542 0.06634387 0.004176726 1.4405965e-07 0.0016349112 0.00087955606 0.00013497905 0.00017208823 0.023942035 0.008736735 0.0045854165 0.12914571 1.8420818e-07 3.4970646e-05 7.647204e-07 1.6559965e-06 0.00065030815 1.433598e-06 0.00050833944 3.787589e-06 0.00016858101 0.000354108 5.0993638e-08 0.0003852012 1.4205274e-06 1.1286869e-07 0.008976102 4.8808382e-05 1.555624e-05 1.2657787e-05 2.2747783e-05 1.3294027e-06 0.00054808904 3.1720262e-07 0.00068319566 1.499728e-06 5.8383904e-07 3.8135079e-06 1.0744421e-05 1.107355e-06 1.8886452e-07 1.8545705e-07 7.520845e-07 1.3211585e-06 4.1158964e-06 6.3649536e-06 2.2705724e-06 1.1245172e-05 6.353819e-06 6.8080277e-07 0.0004302363 0.000110089095 2.0504385e-06 1.2897423e-05
0.927892 7.8560835e-05 0.0004982461 7.3925644e-06 0.0006564351 6.83238e-07 0.004195641 2.9739975e-05 6.422144e-07 0.29417142 0.6082744 0.3375597 4.0254304e-07 0.91260815 5.3438307e-05 0.5365961 0.53819877 5.3017818e-08 1.7642479e-07 0.00023685364 4.67811e-06 2.1078754e-10 1.3728595e-05 3.2515547e-06 0.017565481 0.00846527 2.1634682e-05 2.1120015e-05 7.406096e-05 8.350902e-06 6.0470782e-05 0.8465789 1.9327097e-06 1.7790212e-07 2.0758779e-07 1.9381268e-06 0.44893026 1.0060442e-06 3.72434e-08 0.0009297365 0.76169765 0.96760464 8.8208867e-07 0.0034274275 1.6985207e-07 1.4727065e-06 9.049608e-06 5.702559e-08 1.0470713e-05 5.1536936e-05 0.68950284 6.8596506e-07 2.8916464e-05 3.7037628e-07 7.8108565e-07 1.0454797e-05 7.0075616e-06 3.3923893e-08 8.029594e-07 0.06892651 4.7627564e-05 0.49348074 0.071160324 2.6414164e-06 4.6114826e-07 0.0003213768 1.3316999e-07 9.925197e-07 0.00046420924 0.062489983 0.0021706782 0.17327024 0.15660782 5.320551e-07 6.7107617e-09 0.0005642071 0.07636285 0.021322485 0.006695379 0.021252958 0.07849772 0.0003719999 0.023259422 0.0027207285 0.0016791779 3.4625708e-07 3.1828974e-06 0.0116781965 0.010863207 2.1907217e-06 0.0048689605 3.1602458e-08 0.030609382 2.3062418e-07 0.00042868388 0.012673738 0.012153505 4.3429563e-06 0.0006037274 0.007655294 0.008122134
0.91064906 0.0031491702 0.0006234968 0.04841729 0.01890251 0.30140734 8.811167e-05 0.03046797 0.4702919 0.00018160527 9.812292e-06 2.0819614e-06 0.7934773 1.881738e-05 0.0012611368 0.00032149238 4.308345e-06 0.64702266 0.54692024 0.00013040529 0.008131419 1.3728595e-05 2.968801e-14 0.0047450443 3.3627955e-05 4.81616e-07 0.007557241 0.56262046 0.00087715243 0.97556937 0.0007461585 2.179658e-06 0.94315034 0.06944148 0.0027432002 0.1280434 0.01509235 0.1382095 0.08550266 0.2075966 8.67137e-07 1.9646879e-05 0.8062672 9.635077e-06 0.16962813 0.03548775 0.0005635919 0.0097915875 0.00037623793 0.0001142429 3.3853116e-06 0.025167504 2.9978371e-05 0.015032852 0.009817268 7.930418e-05 3.509272e-05 4.9363775e-06 0.00018110163 2.4106444e-06 2.1462882e-05 7.917359e-07 0.0015132495 2.8515407e-05 0.0077011767 0.24931782 0.00036590878 0.429392 0.13250381 6.015775e-07 0.04815549 2.9204816e-06 2.0762837e-07 0.00082087656 0.0004254168 3.0609142e-05 0.0001095633 0.0011177775 4.6322344e-07 0.011160424 1.8004221e-06 0.074053764 7.885774e-06 3.144211e-06 4.289329e-07 0.00010979195 0.00024357991 4.240691e-05 4.7378083e-07 7.713231e-06 9.509864e-06 2.273052e-05 7.053813e-06 0.000631562 8.229192e-06 0.0006844145 3.358642e-05 0.10659319 0.021340504 1.6105614e-05 1.4280231e-05
0.062619336 0.0007647081 0.0006908305 0.00919752 0.00048048404 0.2860199 4.7274505e-05 0.7773544 0.81203455 1.6434426e-05 8.711168e-06 2.6241344e-06 0.21054804 1.4092075e-05 0.033836044 1.47501405e-05 1.0269243e-06 0.00850398 0.019428562 0.00038445997 0.9947016 3.2515547e-06 0.0047450443 4.255006e-17 4.368028e-06 3.7446782e-07 0.9101925 0.000936329 0.10279111 0.0031042034 0.42937833 9.795056e-07 0.0022526674 0.8126233 0.7103115 0.105980605 1.4692032e-05 0.0072841765 0.0003071595 4.035713e-05 2.3735095e-07 8.6113305e-06 0.00060057413 7.0056844e-06 0.00046010592 0.0003031745 0.8274975 0.0005162853 0.035313442 0.0002524231 3.4502295e-07 0.01686866 0.00035814254 0.00029098618 0.00059855514 0.0032354624 0.0007819846 0.0016407616 0.15634851 9.9307016e-08 4.7305734e-06 7.768882e-07 8.352618e-07 4.7904527e-05 1.5984593e-05 0.00018444419 0.00012494564 0.00036883014 0.0002870724 8.372795e-09 0.00031838843 1.1879098e-06 4.3745807e-08 0.022562725 0.00061271474 3.8094583e-06 6.1748106e-06 7.909167e-06 1.762988e-07 0.0007381441 1.8257971e-07 0.0005884496 2.2387849e-07 2.2775305e-07 4.065426e-07 0.0004272784 1.0617969e-05 1.5530624e-07 1.1623544e-08 4.6151916e-05 2.1987726e-07 3.5335015e-05 1.3601435e-06 7.489042e-06 1.725463e-05 5.961317e-06 4.970399e-08 0.0008728199 0.0001343084 2.3147207e-07 1.0846348e-06
0.4382708 0.054904785 0.2364904 0.011215228 0.2223204 0.00021081371 0.8865774 0.0008797042 5.4817683e-05 0.41217917 0.31181833 0.70700365 1.2978056e-05 0.113364376 0.013171662 0.1624894 0.79374 2.1043657e-07 7.429666e-07 0.82944465 1.3699364e-05 0.017565481 3.3627955e-05 4.368028e-06 1.8806357e-17 0.99722636 7.443127e-05 4.6390116e-05 0.0033035693 7.982844e-05 0.00013852399 0.024472447 4.334164e-06 1.4749281e-07 1.4934609e-06 1.414898e-07 0.002756342 1.1199584e-06 1.3096931e-07 0.0006023293 0.0022526009 0.00040312164 1.5102967e-05 0.6623638 1.1194255e-06 2.7304252e-06 1.2211117e-05 6.375473e-07 0.010244487 0.07436232 0.00040326064 8.1866125e-07 0.09478752 6.308291e-07 3.1626593e-07 0.03844184 0.029161088 7.408226e-06 1.254392e-06 0.00017181993 0.045635633 0.0014884886 4.5283865e-05 0.0012605363 4.269716e-08 1.8837885e-05 6.4066576e-08 4.8739003e-06 0.0001531326 3.9389465e-06 0.00097933 0.06929158 0.0027783562 2.8700683e-07 3.1587753e-08 0.038355242 0.00033345222 5.9615308e-05 0.012808015 0.0022376443 0.0008416773 0.00023048381 0.00014563586 8.4501535e-06 9.945677e-06 8.2392035e-08 7.067023e-06 2.34688e-05 1.8625725e-06 2.262297e-07 1.8928158e-05 2.0498723e-07 0.00040354242 3.030655e-06 0.0019803823 0.00016153014 5.5879787e-05 5.8710088e-05 2.7314552e-05 2.251222e-05 0.00015259597
0.08864609 0.005055991 0.042410944 0.0014341184 0.028254654 1.34941665e-05 0.61011547 9.706466e-05 1.2205151e-06 0.14995408 0.10653165 0.4287292 2.032871e-07 0.03374158 0.0034185385 0.04586172 0.47393784 8.126623e-09 1.533433e-08 0.33265275 2.7159515e-06 0.00846527 4.81616e-07 3.7446782e-07 0.99722636 8.107198e-19 5.6722205e-05 5.443343e-07 0.002253468 7.0947937e-07 3.4530938e-05 0.03029907 1.2115177e-07 1.24797115e-08 4.2316515e-08 8.6218726e-08 0.0012722166 1.4078158e-07 6.489015e-09 2.2943914e-05 0.010792443 0.00046116652 1.3863062e-06 0.9944809 4.490681e-08 1.40419e-07 6.2456286e-07 2.96817e-08 0.0014949158 0.084577896 0.0013725925 7.638589e-07 0.096820496 5.9388693e-08 5.1832842e-08 0.0077730925 0.007062116 5.5664526e-07 1.319475e-06 0.00016810869 0.07154068 0.011719304 3.994087e-06 0.0018360883 8.211665e-09 7.483619e-07 1.0830966e-08 1.2771756e-07 1.891753e-05 4.12348e-06 5.3917556e-05 0.5246715 0.014183834 2.7848355e-08 5.6559446e-09 0.1041767 0.000111066336 1.059625e-05 0.023440193 0.00079235726 0.0026429524 1.3417762e-05 2.8045408e-05 4.4457156e-05 4.540053e-05 3.6686894e-09 8.115195e-08 7.173308e-05 4.606288e-05 2.0686771e-08 8.6614025e-05 4.6574167e-09 0.003043871 1.3435303e-07 0.0069004833 7.327775e-05 4.876874e-05 1.7673979e-06 9.021242e-06 9.982309e-06 3.7435002e-05
0.16730629 0.043191697 0.03143959 0.20313 0.009710835 0.6735132 0.0025285622 0.8306652 0.82022804 0.00013658474 0.00011977784 0.00042726274 0.3229793 6.030929e-05 0.4575253 0.00010098827 0.00024067739 0.0073128804 0.0093159415 0.014081434 0.8630787 2.1634682e-05 0.007557241 0.9101925 7.443127e-05 5.6722205e-05 6.610583e-15 0.001681952 0.58234614 0.0029887953 0.9941851 3.834867e-05 0.0013470664 0.043940086 0.030936861 0.009862363 6.263911e-05 0.0015224987 0.0001566373 0.00054495194 4.1853502e-05 2.7367352e-05 0.00059932395 0.00015472622 0.00023923343 0.00020364542 0.20320435 8.5782536e-05 0.13339256 0.0052174237 4.030026e-06 0.00037511834 0.0018440488 0.00021158895 0.00032293663 0.021872224 0.009931229 0.018128255 0.21038237 9.277089e-07 1.716215e-05 7.3019424e-07 6.280621e-06 0.0007315552 1.7498858e-05 0.00018639104 2.5910862e-05 0.00028994848 0.00032911822 5.8409745e-07 0.00077816745 1.8030819e-06 1.04763e-06 0.00011047339 4.0544455e-05 5.733263e-05 4.6231522e-05 1.824196e-05 7.012475e-06 0.003485438 1.508875e-06 0.00088623853 2.1772064e-06 1.3468589e-06 2.2728148e-06 3.756401e-06 2.4708845e-06 1.5151852e-06 1.966821e-07 8.287607e-06 2.8414818e-06 2.01005e-05 4.410544e-06 2.0122632e-05 8.103093e-06 7.466105e-05 8.352171e-07 0.0012656273 0.0005527735 5.886937e-07 1.7286335e-05
0.87908983 0.08691808 0.03707085 0.44977474 0.37461796 0.5750142 0.0015538427 0.13510709 0.36280692 0.003270864 0.00020227136 5.1517232e-05 0.20840825 7.771855e-05 0.004260726 0.005250597 2.4950788e-05 0.049339075 0.032842703 0.00026891966 0.00922437 2.1120015e-05 0.56262046 0.000936329 4.6390116e-05 5.443343e-07 0.001681952 2.5821926e-15 0.00026207208 0.95699745 0.00013359124 2.6008072e-06 0.19901107 0.0011715135 8.397899e-05 0.0032811179 0.18647288 0.0065733693 0.0019346395 0.9759628 5.428791e-07 0.00022599653 0.28200588 2.0587828e-05 0.033844154 0.004669519 3.1503278e-06 0.00081477937 0.00020711313 0.0001449829 3.0721192e-06 0.00036086785 4.865894e-06 0.00019712292 1.7951937e-05 0.00011367873 2.2223141e-05 4.235382e-06 1.4057403e-05 9.52232e-07 3.4879965e-06 2.4495127e-06 0.030802438 7.2072535e-06 0.00020832369 0.81239974 1.1307076e-06 0.112116456 0.66513014 4.2215624e-06 0.46183887 9.3128307e-07 1.9410578e-07 4.3171144e-06 1.6633217e-06 3.5756393e-06 0.00061263936 0.012427534 2.0267655e-07 0.09932067 5.3658147e-07 0.1976115 1.9703713e-05 8.830898e-08 5.0377125e-09 5.0933056e-07 2.310312e-05 0.0010064959 2.453398e-08 1.606982e-07 3.2372245e-07 1.2188506e-06 2.4474275e-06 1.899025e-05 3.919499e-06 0.007463724 0.00015128028 0.15918137 0.056592833 0.00012193272 4.3556916e-05
0.23036382 0.20904419 0.2836853 0.3532113 0.16809957 0.50057095 0.17093469 0.7348472 0.39658108 0.0045190994 0.0016550445 0.007799956 0.015278915 0.00040672335 0.95304894 0.0005180681 0.0009992116 0.0002562985 0.00038892936 0.6372137 0.36050144 7.406096e-05 0.00087715243 0.10279111 0.0033035693 0.002253468 0.58234614 0.00026207208 1.3120047e-16 0.00036926076 0.99306744 0.00011071608 5.952464e-05 0.0010547981 0.0021065767 0.00032026434 0.00019789577 5.409086e-05 1.5088427e-05 0.00028567167 7.501441e-05 6.279911e-05 0.00011957957 0.005345141 3.4182383e-05 7.0249494e-05 0.06555429 3.0542164e-05 0.5483576 0.27560684 3.3362732e-05 1.6018013e-05 0.10769198 2.7688737e-05 4.210903e-06 0.40247604 0.3263482 0.14114577 0.307817 3.7048583e-05 0.016208978 3.045335e-06 2.390945e-06 0.026870303 1.2685841e-06 8.6884225e-05 2.5400252e-07 2.2521861e-05 0.00023635564 1.057572e-06 0.0005110231 6.9858156e-06 5.7281277e-06 2.1316246e-06 4.1456644e-07 0.0016151913 0.00013496837 1.8296721e-05 0.00010935682 0.0029928286 7.4606346e-06 0.00042336623 6.122854e-05 9.24403e-06 1.07798605e-05 3.176635e-08 2.317107e-06 3.3080707e-06 1.9123327e-06 1.5870677e-06 1.5350419e-05 5.0452538e-08 7.259667e-06 1.0076699e-06 0.00026759444 6.5657005e-05 3.7504506e-05 3.1505577e-05 4.6481568e-05 3.037191e-06 8.450569e-05
0.86825204 0.0038201804 0.0011332176 0.037699655 0.009596416 0.24461518 0.0002581803 0.053237826 0.35452282 0.00018870312 1.7659313e-05 7.2700595e-06 0.34580818 1.6670227e-05 0.0011558454 0.00044100525 1.1272434e-05 0.18379183 0.14811224 0.00014139764 0.007875201 8.350902e-06 0.97556937 0.0031042034 7.982844e-05 7.0947937e-07 0.0029887953 0.95699745 0.00036926076 5.071972e-15 0.00023002991 3.0513006e-06 0.3504926 0.029691117 0.0006962169 0.07295848 0.01609542 0.083536215 0.024306618 0.25351942 3.3165253e-07 4.2795105e-05 0.8890568 4.210871e-06 0.09742946 0.024758676 1.9754742e-05 0.009016172 0.00024673453 0.00012009099 1.0450416e-06 0.013931943 1.1730221e-05 0.0037082839 0.0023271178 1.5961332e-05 6.258636e-06 9.5195555e-06 3.6155925e-05 6.694398e-07 4.4474407e-07 5.104573e-07 0.0030650976 7.2566972e-06 0.001909755 0.78899384 0.00020993996 0.352939 0.35867503 4.7670505e-07 0.10236394 1.2039557e-06 1.2017674e-07 0.00020495195 0.00013367446 9.497389e-07 0.00012788278 0.0028253242 2.3490384e-07 0.016237793 1.5457866e-07 0.23228316 2.7469418e-06 3.3611844e-08 7.1816704e-09 1.4651915e-05 0.00017416655 0.00014229858 3.0325484e-08 6.193589e-06 6.6550115e-08 4.1657286e-06 5.3248172e-08 0.00016498315 9.088714e-07 0.0010961081 2.8530778e-05 0.16081207 0.03613713 2.11313e-05 3.4162879e-06
0.053841706 0.010317729 0.008954248 0.04670786 0.0036751402 0.272011 0.0031190524 0.35322437 0.4172191 0.00022666693 0.00024989498 0.00050619204 0.04171926 0.00018770466 0.27556932 0.0001702383 0.00013021826 0.00047936087 0.00071632303 0.04289441 0.27411738 6.0470782e-05 0.0007461585 0.42937833 0.00013852399 3.4530938e-05 0.9941851 0.00013359124 0.99306744 0.00023002991 4.9333696e-14 5.077171e-05 0.00050334417 0.014809523 0.009195074 0.0033417456 0.00016940375 0.00021883141 3.4842014e-05 3.425261e-05 4.2223986e-05 6.6906716e-05 0.000107797634 0.0007872584 0.00015781133 0.00020280077 0.2537624 9.929306e-05 0.25569627 0.021985717 4.3743e-05 0.00021787727 0.009504574 0.00029532344 0.00018725765 0.0616991 0.039906923 0.115765855 0.6497027 8.0988675e-06 0.00016828849 6.4481737e-06 1.7015258e-06 0.003864054 1.5866795e-05 4.112446e-05 7.9477895e-06 5.915928e-05 0.00013061787 4.222571e-07 0.00023523263 5.759378e-06 3.879518e-06 0.0002237514 1.6649334e-05 0.00027215524 0.00013500224 7.939986e-06 1.8176906e-05 0.0012685172 2.897876e-06 0.00021287502 1.38894175e-05 1.0396682e-05 2.2165852e-06 2.0842062e-06 5.005906e-06 2.1943265e-06 1.3017429e-06 2.0400608e-05 4.391117e-06 7.685028e-06 3.3549284e-05 8.793031e-06 0.00019138964 5.0282815e-05 1.7036107e-06 7.03196e-05 9.981458e-05 4.5437787e-07 2.768868e-05
