6.71e-43 0.40079594 0.46017858 0.34775054 0.13011217 0.03681912 0.09242897 0.029865995 0.4407024 0.31966344 0.15253729 0.51467085 0.25786626 0.12449011 0.054148156 0.2028338 0.06098261 0.013187719 0.76058877 0.85241723 0.096728325 0.46185163 0.8115365 0.018779164 0.05622805 0.9494843 0.0071421596 0.015641766 0.78433585 0.82943517 0.006626425 0.020404706 0.029451596 0.8649464 0.006487599 0.005208949 0.007968829 0.002644509 0.24177095 0.0022799866 0.0014651532 0.001262398 0.005716755 0.0012130948 0.0023538345 0.00015829715 0.00075063994 0.003291873 0.0008937761 0.0025156986 0.0003932808 0.0019487303 0.006067337 0.001961379 0.00029039543 0.0015236562 0.001139409 0.0019954494 0.00072257087 1.5354095e-05 0.0016365531 0.3788462 0.001977323 0.0006160686 6.698614e-05 0.0002722396 6.771218e-05 0.00013223446 0.7803514 0.0009589307 0.5924724 1.8419223e-05 0.00011131924 3.460072e-07 0.30395505 5.383514e-07 0.08656594 0.7725582 0.9068841 3.587038e-07 0.9602415 3.6244887e-07 0.0007126758 6.35531e-06 0.2015721 2.8359236e-06 0.00034736394 0.00011279267 0.9407515 0.009318661 0.0002331304 0.007100907 9.619514e-08 7.1042456e-09 4.1252218e-08 8.735755e-09 0.9324834 0.0029942517 2.5152078e-06 7.025394e-08 2.803768e-07
0.40079594 6.6943127e-19 0.6211624 0.30609024 0.13947383 0.5282957 0.1095512 0.3010445 0.06510962 0.6173999 0.046772696 0.46741146 0.03607351 0.040833343 0.16499074 0.013736402 0.04446531 0.114188604 0.239606 0.445125 0.0068647433 0.017090745 0.30801666 0.15833095 0.00866615 0.5719354 0.10494682 0.044138983 0.005550158 0.05392248 0.14946625 0.1105981 0.0013373459 0.18996882 0.13310803 0.009954124 0.0012820124 0.08461225 4.5344754e-05 0.07625019 0.056585457 0.02868027 0.0024473039 0.04145029 0.0010566779 0.017953034 5.882173e-05 1.8408895e-05 0.030812163 0.00791534 0.019170765 0.012367125 5.4191205e-06 0.007079281 0.03147918 0.0009884593 0.00071808737 0.00558081 0.014708421 0.013275304 0.0016983891 0.00048895646 3.5407895e-06 0.002970048 0.00040126403 0.009719805 4.5863435e-05 0.005214217 0.00040584456 2.0882462e-05 0.0005590708 0.01070263 0.0019463149 0.0141995605 0.00013168842 0.00013287475 1.8154318e-05 0.0055389563 0.00046298455 9.860255e-06 0.0043030614 0.0054684803 8.611959e-05 0.0012620152 4.070124e-05 0.002170943 7.174512e-05 4.2176794e-06 0.00999435 2.7233504e-05 4.8024804e-06 8.554117e-06 6.711642e-06 0.0075305747 0.0010456239 0.0053849546 0.012684138 6.790333e-05 4.1861667e-06 0.00024251344 0.00027624815
0.46017858 0.6211624 3.369129e-20 0.051888533 0.035509065 0.3326437 0.032309458 0.10839709 0.018893454 0.11653651 0.017048324 0.0682403 0.14325704 0.13371739 0.266066 0.068573855 0.009365183 0.054631233 0.051614232 0.6330247 0.03641566 0.12339822 0.07925389 0.08114135 0.0019929323 0.28269842 0.07275873 0.013020504 0.0023675053 0.011301703 0.101690784 0.1776392 0.010297022 0.24716346 0.09814551 0.0036880488 0.011568886 0.07483267 0.0016923171 0.07642139 0.061139863 0.011222438 0.014461585 0.021832364 0.01114592 0.0078795245 0.0007945384 0.00048043203 0.015503124 0.0030793296 0.04530913 0.039596204 0.0003877936 0.029724851 0.037674062 0.009651135 0.0077715325 0.028044509 0.03761381 0.006548401 0.014395749 8.981397e-05 0.0002901734 0.0016308165 0.0023250084 0.026933827 0.00029969416 0.017623665 0.0031561723 0.00061466836 0.0045841634 0.014896881 0.0014781471 0.010380548 0.0036136243 0.0006287796 6.4832966e-06 0.0045912187 0.0026584952 5.4265758e-05 0.010651302 0.0018690433 3.677093e-05 0.004679315 0.0018006772 0.005384403 2.239165e-05 4.5918136e-05 0.025272453 8.073189e-06 0.00019611038 0.00023919715 6.3242005e-05 0.0047904574 0.0019541245 0.0033905122 0.010860141 1.1661913e-05 6.1654224e-05 0.0008818111 0.0018477212
0.34775054 0.30609024 0.051888533 7.754589e-18 0.38124403 0.072832786 0.2576936 0.11645957 0.25980246 0.6694022 0.17170627 0.5341253 0.011180201 0.0093973605 0.053175606 0.0032588365 0.12360457 0.15516531 0.46618947 0.09168201 0.0021951755 0.0038203772 0.4027648 0.09605681 0.056072034 0.44410023 0.080140196 0.11326117 0.058148418 0.16069995 0.05032844 0.016930614 0.0003021265 0.11481798 0.04854534 0.038522173 0.00073845114 0.03206119 9.472157e-06 0.02930298 0.0318712 0.05166662 0.0010500243 0.04119104 0.0007146667 0.03160955 4.7465866e-05 1.706825e-05 0.042644423 0.02354156 0.01695042 0.0056742695 3.8536978e-06 0.004527412 0.017631767 0.0013104617 0.0011323333 0.003107749 0.010925129 0.015277676 0.0022745854 0.009051373 6.3027805e-06 0.013094154 0.000370906 0.008302167 5.9900653e-05 0.004685285 0.0001698713 3.203586e-05 0.00013094467 0.006522824 0.008740314 0.009625439 1.5432222e-05 0.00018389148 0.0016091422 0.019598907 3.951421e-05 1.8199597e-05 0.0034339465 0.008875132 0.00162105 0.0020825793 2.6847376e-06 0.0029752445 0.0011949477 1.3264539e-05 0.0076228096 0.0017001992 1.7446439e-05 2.007162e-06 8.360448e-06 0.0050434633 0.0015441984 0.0032295357 0.028859867 0.00211146 1.5810998e-05 0.0003034684 0.0012040718
0.13011217 0.13947383 0.035509065 0.38124403 7.561898e-20 0.05934384 0.57961607 0.14427371 0.4108515 0.46099398 0.32441968 0.3910638 0.010161905 0.007375285 0.0598626 0.0023906797 0.25753048 0.28040063 0.5287162 0.07090088 0.0021215451 0.002446947 0.40716088 0.18528692 0.10976707 0.41025624 0.16720042 0.22100005 0.10151722 0.1499627 0.107572205 0.03487963 0.0005008616 0.050606456 0.11007734 0.06885955 0.00087428535 0.07347013 9.69253e-06 0.067436464 0.06592825 0.1070257 0.0024695713 0.0860987 0.0017142884 0.07489272 6.157519e-05 1.8920346e-05 0.087484606 0.04336499 0.026017375 0.013645506 3.971995e-06 0.011271757 0.030449983 0.002755443 0.0020608278 0.008808556 0.020166205 0.032601077 0.0042154724 0.014203874 5.7131306e-06 0.018124117 0.00027650144 0.014440258 6.5358196e-05 0.0077801985 8.146652e-05 4.432803e-05 3.8422946e-05 0.010102324 0.012804833 0.013954721 1.6432467e-05 0.00010480849 0.0045239306 0.013345856 2.8208779e-06 7.740135e-06 0.0014724581 0.020292377 0.0038715918 0.0032587848 2.1879364e-06 0.005001798 0.0031013729 3.8695653e-05 0.0024677725 0.0036814846 2.482646e-05 3.8706407e-06 1.649682e-06 0.011990105 0.0021892975 0.009640022 0.021103127 0.0045973617 8.720503e-06 0.00012418121 0.0013000136
0.03681912 0.5282957 0.3326437 0.072832786 0.05934384 4.265443e-23 0.045898188 0.24108444 0.025096098 0.12447693 0.018438868 0.08809219 0.05498022 0.07366306 0.42856663 0.026039861 0.01842139 0.15201247 0.09162034 0.2682424 0.01577307 0.029597389 0.094276465 0.2146618 0.0029430743 0.18307644 0.16858159 0.02750356 0.0017933568 0.010209828 0.27366954 0.34742197 0.0047563342 0.06545769 0.22587617 0.0056984634 0.0060640746 0.17566156 0.000392748 0.16920546 0.095228955 0.038293008 0.017861325 0.046179894 0.009301769 0.027533209 0.0005514672 0.00013551538 0.026614385 0.0031818976 0.068239056 0.052034035 8.925826e-05 0.038939882 0.07450607 0.008586177 0.006097209 0.037022203 0.046549853 0.014374314 0.010680861 6.331671e-05 0.00013906682 0.001905101 0.0021444447 0.033069473 0.0004584369 0.016491307 0.00062062696 0.00047538898 0.001384547 0.017961562 0.0015014597 0.012902469 0.00094627135 0.0002611923 7.739263e-06 0.0025977015 0.0002560732 2.1744436e-05 0.001804373 0.004579713 8.671039e-05 0.0038640026 0.000232477 0.004857641 5.0861127e-05 8.9715606e-05 0.008412648 2.4786197e-05 0.00011516483 5.161174e-05 6.2804415e-06 0.0066205445 0.0026266736 0.0057476177 0.0044874623 3.431771e-05 1.309477e-05 0.0005977115 0.002131441
0.09242897 0.1095512 0.032309458 0.2576936 0.57961607 0.045898188 1.04246665e-19 0.08809831 0.35481313 0.28178144 0.30313057 0.29562837 0.006041703 0.0038433576 0.03266793 0.0009201767 0.2562386 0.23937117 0.4303382 0.09459693 0.00064689224 0.0018265977 0.34675217 0.12347142 0.10451504 0.45437163 0.12824069 0.18707691 0.09820626 0.18529822 0.06532499 0.021963662 4.6274836e-05 0.07530149 0.08897952 0.08153912 0.000101343896 0.052102797 9.0252627e-07 0.04783144 0.06876489 0.104254045 0.0004414182 0.097366154 0.00019217042 0.06444291 5.408242e-06 1.7615133e-06 0.10766647 0.053416707 0.011735118 0.005530008 2.5896557e-07 0.0036588295 0.030167434 0.00034061575 0.00024705403 0.0028192508 0.0075595765 0.034562603 0.0006631577 0.010771928 5.6839224e-07 0.021405583 0.0001451244 0.00589629 8.0348145e-06 0.0033080082 6.325641e-05 5.7581583e-06 2.6349276e-06 0.006757384 0.014587544 0.01259653 7.9691506e-07 3.329195e-05 0.0042541334 0.019611167 2.093164e-06 3.999885e-06 0.0021800739 0.016662033 0.0046611563 0.00084883574 8.758516e-08 0.0013990599 0.0040618125 4.272116e-06 0.0027660006 0.00468968 1.9982676e-06 1.6091981e-07 2.7108977e-06 0.009987567 0.00085235026 0.0058437577 0.022994664 0.0053436654 2.9335845e-06 4.8981983e-05 0.00030684593
0.029865995 0.3010445 0.10839709 0.11645957 0.14427371 0.24108444 0.08809831 1.4707003e-22 0.06816328 0.16764507 0.051905 0.16825828 0.011572854 0.019880438 0.22199255 0.002172026 0.06196531 0.26810622 0.2810386 0.15847415 0.0012897382 0.005568219 0.19553472 0.2860969 0.011010437 0.32102886 0.24619715 0.091304176 0.011010663 0.032741442 0.23461656 0.19904463 0.00020344993 0.03870882 0.2376218 0.012594957 0.00024989952 0.19273572 8.6851705e-06 0.18593031 0.14794628 0.09709303 0.0013416592 0.10285056 0.0006983141 0.058698338 2.1608763e-05 6.065025e-06 0.08138994 0.012185594 0.05436041 0.032921776 1.1015902e-06 0.013283415 0.10469841 0.0010271354 0.0006457833 0.01280006 0.03473766 0.04291532 0.00343679 0.0003785316 1.1896046e-06 0.0031393946 0.00034827745 0.024833726 3.877844e-05 0.01349391 8.258134e-05 9.955813e-06 3.540869e-05 0.027463982 0.0017777852 0.026817458 3.7490627e-05 7.974542e-05 6.865483e-05 0.0046794023 9.794249e-06 6.161182e-06 0.0011910662 0.013649711 9.9221965e-05 0.0020621635 5.1809325e-06 0.0042912546 8.078445e-05 5.426019e-06 0.0035713406 0.00019552793 2.1945923e-06 2.0152945e-06 5.1754705e-06 0.011579245 0.002698148 0.009987813 0.0033546456 0.0001548697 2.8615236e-06 0.00017436531 0.0005300645
0.4407024 0.06510962 0.018893454 0.25980246 0.4108515 0.025096098 0.35481313 0.06816328 3.2872187e-20 0.29142803 0.6864107 0.21790096 0.003267793 0.003812937 0.017704044 0.0009992039 0.42650154 0.20044485 0.3947897 0.05031544 0.00070853386 0.0010808145 0.4346612 0.07915143 0.27972886 0.4624845 0.0812523 0.22768514 0.44579172 0.4707928 0.030070784 0.007104731 4.418571e-05 0.061117798 0.040277187 0.124743275 6.64736e-05 0.020400172 1.0927206e-06 0.017373791 0.025187384 0.10009222 0.00046649008 0.05415278 0.00041302902 0.05242954 7.3681554e-06 1.5790844e-06 0.08359718 0.08551385 0.0100379465 0.0042842394 3.1542433e-07 0.0037591376 0.007205319 0.0007733065 0.00058579445 0.0027417368 0.007942286 0.01437853 0.0017973513 0.07576178 2.430068e-06 0.04060648 0.00024965295 0.005457977 1.4949422e-05 0.0031881472 1.942354e-05 1.7473696e-05 3.3716922e-06 0.0028398144 0.024756331 0.004997571 2.644462e-07 6.0387098e-05 0.021040084 0.048790213 1.8488147e-06 3.13255e-06 0.0027339144 0.009767926 0.01886829 0.0012636145 8.697637e-08 0.0012304109 0.013778938 3.8611947e-06 0.0014477723 0.012551317 1.1630126e-05 2.9980515e-07 1.135316e-06 0.002188022 0.0004815322 0.00090294273 0.04198001 0.010711754 2.8299232e-06 5.2871517e-05 0.0005657789
0.31966344 0.6173999 0.11653651 0.6694022 0.46099398 0.12447693 0.28178144 0.16764507 0.29142803 2.0507142e-17 0.17898159 0.7274278 0.0139318835 0.01840777 0.05505719 0.00804173 0.12025866 0.13659789 0.53506184 0.109369315 0.005796598 0.0038561744 0.47737294 0.0778896 0.05616071 0.45682123 0.06118478 0.09330532 0.045447715 0.142019 0.04242774 0.015531426 0.0010121742 0.10238632 0.038426172 0.025668522 0.0020856073 0.026117474 2.3768143e-05 0.022280222 0.021450669 0.030942177 0.0030924138 0.022134818 0.002763019 0.023271156 0.00013135401 6.1859064e-05 0.019597875 0.01402946 0.020269278 0.0115390485 1.4349789e-05 0.011343084 0.016343882 0.0029306514 0.0020708924 0.008562067 0.015672412 0.009911128 0.0050305407 0.0058339853 5.5050627e-06 0.0037716127 0.00023267641 0.011055997 3.4181212e-05 0.008111784 4.539287e-05 2.5846006e-05 0.00043589066 0.0056658983 0.0038993177 0.0059220493 9.981957e-06 5.9102887e-05 0.0012280681 0.01922697 2.0245943e-05 9.048399e-06 0.0020174978 0.0042987256 0.0004922841 0.0029347474 1.069101e-06 0.0023471252 0.0003631757 1.4573416e-05 0.007952044 0.0007388812 1.9939036e-05 1.7490408e-06 1.2481719e-05 0.0022457864 0.0007644879 0.001981723 0.038364265 0.0010562853 2.3749722e-05 0.00017423082 0.002441086
0.15253729 0.046772696 0.017048324 0.17170627 0.32441968 0.018438868 0.30313057 0.051905 0.6864107 0.17898159 6.025583e-20 0.139032 0.0036724408 0.0028055815 0.017398968 0.0009107182 0.4854042 0.16944472 0.28453642 0.037852604 0.0007477214 0.00095851277 0.2531561 0.07586367 0.30846956 0.2669472 0.07496605 0.22183323 0.40354797 0.33192608 0.029956242 0.010071206 5.3003892e-05 0.046306737 0.037860557 0.15941766 0.000126215 0.021343466 1.0611383e-06 0.01908425 0.027735662 0.098730855 0.0004283263 0.059389718 0.0003400742 0.05050134 1.0861828e-05 1.3383366e-06 0.08845098 0.10583963 0.007799059 0.004766283 1.8433488e-07 0.0041390643 0.008425748 0.0006186016 0.0004871326 0.003083248 0.006036085 0.016816586 0.0015900569 0.07540203 2.0655725e-06 0.046621926 0.00030032016 0.0045985696 1.8239838e-05 0.0030630375 1.5512847e-05 1.599414e-05 3.8164876e-06 0.0035681115 0.02491764 0.0054727136 3.774062e-07 6.684019e-05 0.028120615 0.03762242 1.5765098e-06 7.22091e-06 0.0019766283 0.010147015 0.02947216 0.0011531122 9.3932016e-08 0.0015409861 0.022246601 6.630957e-06 0.0012160485 0.021577142 6.5394443e-06 1.37111e-07 2.4462538e-06 0.003656763 0.00069468317 0.0011921845 0.02458805 0.019781178 4.206749e-06 6.615095e-05 0.00082199834
0.51467085 0.46741146 0.0682403 0.5341253 0.3910638 0.08809219 0.29562837 0.16825828 0.21790096 0.7274278 0.139032 1.032325e-17 0.007995301 0.007520746 0.03867588 0.0023650504 0.09448949 0.1074841 0.54227453 0.06551037 0.0013440578 0.0018259167 0.40557176 0.060328808 0.030450162 0.45781302 0.037469383 0.07038214 0.028134288 0.10534021 0.020332562 0.00968798 0.00012090979 0.06537193 0.021970112 0.018272877 0.00018809923 0.013075222 2.7345034e-06 0.011833265 0.01628171 0.018404175 0.0004398414 0.017948804 0.000340938 0.012283599 1.3512762e-05 3.2462779e-06 0.01598025 0.011877156 0.005364772 0.0026876149 8.1778103e-07 0.002128396 0.0075299535 0.0003379657 0.00025595576 0.0020638143 0.004359437 0.0054515884 0.0009959835 0.0019649183 1.3336046e-06 0.0027375666 0.000104024395 0.0035912865 1.1726453e-05 0.0029089726 2.3566563e-05 2.8457855e-06 1.479185e-05 0.00250228 0.0016791834 0.003023327 1.3961734e-06 1.6478776e-05 0.00029092733 0.014173286 2.6875196e-06 3.1567847e-06 0.0013953395 0.001944684 0.00018569165 0.00068307907 2.6055994e-07 0.00074276445 0.00013969767 2.7221388e-06 0.0036018442 0.00017013573 2.2946156e-06 2.0608748e-07 1.5800213e-06 0.001460284 0.0001635248 0.0009247733 0.02923713 0.00020311977 1.1616614e-05 5.545302e-05 0.000582689
0.25786626 0.03607351 0.14325704 0.011180201 0.010161905 0.05498022 0.006041703 0.011572854 0.003267793 0.0139318835 0.0036724408 0.007995301 2.2324976e-20 0.23161104 0.0921013 0.18940553 0.0017575586 0.017569276 0.0034168307 0.35973525 0.19943532 0.67718637 0.006225345 0.012800792 0.00067761884 0.013579223 0.010871322 0.0070871 0.0003654568 0.0030547103 0.023178255 0.026231756 0.030919693 0.20115423 0.018992389 0.0018193914 0.029805696 0.021893209 0.03086709 0.023817929 0.0090257125 0.011421584 0.03146512 0.010819618 0.028978659 0.0084754685 0.014735426 0.01781474 0.008312193 0.001624484 0.045073245 0.043133624 0.009622951 0.046197485 0.009284629 0.032643523 0.028678179 0.04420966 0.0505522 0.0040509463 0.039363045 1.9583995e-06 0.00962263 0.0010345601 0.020610332 0.039969046 0.009441287 0.02555252 0.04202501 0.0108902445 0.07883957 0.011200354 0.0005130048 0.004500983 0.051827922 0.0062544355 4.6962606e-07 0.0026846942 0.026841 0.0012234047 0.04986708 0.0028387476 1.2315507e-05 0.0123009775 0.03558398 0.0112342825 6.9276784e-06 0.0031866226 0.056673255 2.9929224e-06 0.0075973035 0.0039553423 0.0011045417 0.0037983416 0.0041867197 0.0029562719 0.011795515 2.4060691e-06 0.0031905514 0.011923455 0.0184112
0.12449011 0.040833343 0.13371739 0.0093973605 0.007375285 0.07366306 0.0038433576 0.019880438 0.003812937 0.01840777 0.0028055815 0.007520746 0.23161104 6.1290306e-25 0.32259652 0.6249131 0.0016391459 0.008017161 0.0064645684 0.2918377 0.5379077 0.2573006 0.0061571323 0.03910352 0.00046212215 0.012806091 0.026072754 0.0040765535 0.0007595535 0.00061610056 0.09300049 0.2267507 0.372776 0.055836763 0.073954776 0.00085434946 0.21120027 0.071707636 0.057067305 0.073707886 0.03638513 0.010056953 0.21000747 0.018742539 0.1170689 0.0077090613 0.053715985 0.026810884 0.011741985 0.00085644884 0.065716065 0.10108396 0.016095312 0.11016997 0.025295528 0.10288745 0.08791408 0.105521165 0.071831405 0.0045187194 0.10342708 3.6466006e-06 0.00836624 0.00025572398 0.042866327 0.048620604 0.018940557 0.04097779 0.007332658 0.0076091364 0.027347943 0.011697569 0.0001133212 0.0020290546 0.013817632 0.0036770157 4.4206554e-06 0.0011383496 0.009682996 0.0007967795 0.0046903375 0.0010733182 3.3424465e-06 0.008177336 0.015537181 0.005617304 1.5522103e-06 0.001512352 0.01613285 1.0861248e-05 0.0014153391 0.0055976138 0.0004951364 0.0014737062 0.0008535134 0.0008668221 0.0013632656 4.5167785e-06 0.00067714445 0.0018529436 0.0073986105
0.054148156 0.16499074 0.266066 0.053175606 0.0598626 0.42856663 0.03266793 0.22199255 0.017704044 0.05505719 0.017398968 0.03867588 0.0921013 0.32259652 2.3090783e-24 0.23438 0.0078179 0.10800724 0.057108134 0.25913882 0.18917191 0.11666937 0.019894479 0.24635324 0.0028296118 0.034912247 0.21355842 0.016795686 0.0026463887 0.0017190984 0.35727018 0.63009894 0.1031654 0.030910641 0.34179702 0.005447911 0.06384042 0.30358607 0.0037640543 0.29725164 0.21405672 0.027700165 0.13738774 0.058489837 0.0556806 0.024861474 0.003255379 0.0007416684 0.037354156 0.00671324 0.16778523 0.14128761 0.00058883417 0.117173545 0.16725214 0.054158304 0.040591296 0.111585595 0.1205143 0.024266569 0.07546155 2.5357342e-05 0.00024188335 0.0011084481 0.00927748 0.08976369 0.000689599 0.07312491 0.0004621336 0.00045554677 0.0026804653 0.05651495 0.00026428702 0.039066795 0.0010055724 0.00092165044 2.2176457e-05 0.0017517036 0.0010689868 5.501366e-05 0.0004570141 0.004907885 6.940785e-06 0.019420963 0.0004835335 0.023442883 5.510127e-06 4.6966998e-05 0.002769716 8.112639e-05 3.5528534e-05 0.00043656898 0.00013068129 0.023232833 0.0074999956 0.017706374 0.0007662305 2.8607448e-05 2.2782473e-05 0.001383135 0.008221294
0.2028338 0.013736402 0.068573855 0.0032588365 0.0023906797 0.026039861 0.0009201767 0.002172026 0.0009992039 0.00804173 0.0009107182 0.0023650504 0.18940553 0.6249131 0.23438 4.644011e-25 0.00030674532 0.0020428158 0.0019535571 0.30135328 0.65212214 0.2952227 0.0021470448 0.008442885 0.00011292065 0.0066177323 0.0053621223 0.0010227092 0.0002174984 0.00015452744 0.029647416 0.14041936 0.51675403 0.042224642 0.025439586 0.0002700659 0.28042683 0.027957369 0.14170454 0.033406153 0.014860618 0.005073529 0.25266153 0.008122786 0.13080147 0.0042086835 0.104324885 0.052356243 0.006104444 0.00025126236 0.04820358 0.073696144 0.032025654 0.08769122 0.008448926 0.10797188 0.10243947 0.086342685 0.04894882 0.0023366865 0.098601595 6.857002e-07 0.012265659 0.00013287387 0.05645124 0.036270708 0.029447136 0.03103432 0.012883914 0.00933083 0.035966 0.0058722664 6.4865526e-05 0.001153534 0.025128242 0.006077966 4.9612e-07 0.000673 0.012082739 0.0007257815 0.008784827 0.0007746566 1.7386269e-06 0.00602236 0.026493639 0.003994495 9.288918e-07 0.0025110643 0.01719633 1.5915072e-06 0.0027573293 0.0056612347 0.00070692785 0.00086978415 0.000863705 0.000726439 0.0014889699 6.8560536e-07 0.0013443822 0.0022843939 0.005240867
0.06098261 0.04446531 0.009365183 0.12360457 0.25753048 0.01842139 0.2562386 0.06196531 0.42650154 0.12025866 0.4854042 0.09448949 0.0017575586 0.0016391459 0.0078179 0.00030674532 1.840169e-19 0.23882395 0.26119402 0.031072184 0.00025419434 0.0007221471 0.15665784 0.09260402 0.48614886 0.17203511 0.08723422 0.42212752 0.42626974 0.27708897 0.03193912 0.0129420655 1.2403283e-05 0.029199827 0.05159359 0.38829893 8.1809005e-05 0.025396215 6.9697776e-08 0.022878211 0.05531634 0.17178552 0.00015543569 0.11070635 9.9398894e-05 0.10790116 3.6202177e-06 1.2334549e-07 0.17395908 0.27659678 0.0050718966 0.0017309663 2.3386164e-08 0.00087864895 0.018152684 0.000102331884 8.8612054e-05 0.00087652187 0.003412485 0.06186286 0.00029881456 0.13469875 1.2070832e-07 0.14134619 0.00020398498 0.0025530485 6.995636e-06 0.0016324869 6.014149e-06 1.4379357e-06 3.8597904e-07 0.005341862 0.06963922 0.0139718 3.5609215e-08 4.869796e-05 0.05877459 0.031416815 2.2292615e-07 1.0210402e-05 0.0008884684 0.030199783 0.06348947 0.0004402457 1.4821155e-08 0.0014389146 0.04627055 1.8432689e-06 0.00043704011 0.053222526 6.260794e-07 1.9749022e-08 3.499044e-06 0.008836043 0.00040632306 0.0016491065 0.016222881 0.052346904 7.284648e-06 5.2321568e-05 0.00028093637
0.013187719 0.114188604 0.054631233 0.15516531 0.28040063 0.15201247 0.23937117 0.26810622 0.20044485 0.13659789 0.16944472 0.1074841 0.017569276 0.008017161 0.10800724 0.0020428158 0.23882395 1.3541461e-19 0.22021377 0.0557856 0.0018051761 0.0033614505 0.17242669 0.3119118 0.09472172 0.18313082 0.36283553 0.29875955 0.06604384 0.0950875 0.25171784 0.101833425 0.0003824943 0.03810163 0.29579556 0.092498 0.0007045237 0.25480935 1.4968209e-05 0.22155829 0.17740525 0.20560883 0.0023128341 0.18572842 0.0011617999 0.13588792 0.000104057835 1.093604e-05 0.14284927 0.08242901 0.061944377 0.01769957 5.5219307e-06 0.00916991 0.10744926 0.0015948133 0.0012595454 0.0062292707 0.030961579 0.067586526 0.0032500606 0.0060384106 1.3467722e-05 0.030470876 0.00033892432 0.024917386 0.00010155877 0.013746885 7.435778e-05 2.2662445e-05 5.5090677e-05 0.038287066 0.012908537 0.060556546 5.204797e-06 0.00019812315 0.004341752 0.01276939 5.4920683e-06 8.964124e-06 0.0006627509 0.031750675 0.0039272443 0.0045997053 9.452019e-07 0.008921534 0.002751508 4.7096124e-05 0.0014095145 0.0039051885 1.1495661e-05 6.7159253e-06 7.938109e-06 0.016371878 0.0031547612 0.013229187 0.008837986 0.003533377 1.8967841e-05 0.00022968881 0.0015657382
0.76058877 0.239606 0.051614232 0.46618947 0.5287162 0.09162034 0.4303382 0.2810386 0.3947897 0.53506184 0.28453642 0.54227453 0.0034168307 0.0064645684 0.057108134 0.0019535571 0.26119402 0.22021377 9.537034e-18 0.05332242 0.001362793 0.0020565742 0.5700606 0.14887694 0.08412905 0.50812143 0.07839456 0.16188475 0.10908667 0.19120155 0.032249767 0.0193138 9.1179194e-05 0.034099005 0.037191566 0.05647709 6.205725e-05 0.020940859 1.4051043e-06 0.01851491 0.027532736 0.053474683 0.00025176103 0.04799709 0.000121381396 0.029924305 2.7255624e-06 1.9886166e-07 0.06756229 0.055393174 0.0028129597 0.003431704 4.910244e-08 0.0018225885 0.009797581 0.00028617147 0.00015902071 0.0027379964 0.0034616897 0.011251196 0.0014385454 0.0051943623 4.3688022e-08 0.008498394 5.3673662e-05 0.0030135585 5.2083574e-06 0.0030803753 1.5586966e-05 2.1141496e-07 4.2088477e-06 0.0021877498 0.0039037361 0.0039050689 4.975376e-07 1.5317195e-05 0.0012375608 0.022400804 8.502491e-07 4.173367e-06 0.0008654715 0.0046060616 0.0013256257 0.00072539365 9.20446e-08 0.00089976564 0.0009920906 2.7927916e-07 0.001356302 0.001019641 3.3101742e-07 6.862703e-08 9.2754095e-07 0.005192495 0.00027230065 0.0018692118 0.040075496 0.0005655388 2.8909858e-06 3.5460533e-05 0.00039157088
0.85241723 0.445125 0.6330247 0.09168201 0.07090088 0.2682424 0.09459693 0.15847415 0.05031544 0.109369315 0.037852604 0.06551037 0.35973525 0.2918377 0.25913882 0.30135328 0.031072184 0.0557856 0.05332242 1.2133619e-20 0.18340352 0.40123612 0.06845037 0.07033294 0.005592673 0.19271499 0.045490656 0.024875155 0.0058798403 0.0119038215 0.05136198 0.072925165 0.029471923 0.3027763 0.044084836 0.0033444986 0.017832283 0.03814873 0.006927048 0.038146522 0.027947042 0.009361848 0.01389212 0.0203138 0.008660565 0.0045127873 0.0016594867 0.0011983645 0.014622261 0.0014419979 0.01889658 0.017112158 0.00073276425 0.013006542 0.01684201 0.0074141594 0.0062659015 0.012959474 0.015982864 0.0031483143 0.012207352 0.00019809742 0.00058850547 0.0004512609 0.001074931 0.0118094 0.000320235 0.011956943 0.002248998 0.00046334034 0.003012507 0.005214978 0.00022278941 0.0030939078 0.0014809606 0.00024054773 2.9832014e-05 0.012309069 0.003076608 2.285104e-05 0.034550633 0.0010904279 4.2246138e-05 0.0034533262 0.0010495873 0.0032704712 2.5730073e-05 6.585906e-05 0.051230356 1.9704277e-05 0.0001490186 0.00042854366 2.8559363e-05 0.005374634 0.0028378298 0.0051365444 0.07723927 1.3083224e-05 0.00012887508 0.0007135008 0.0021481498
0.096728325 0.0068647433 0.03641566 0.0021951755 0.0021215451 0.01577307 0.00064689224 0.0012897382 0.00070853386 0.005796598 0.0007477214 0.0013440578 0.19943532 0.5379077 0.18917191 0.65212214 0.00025419434 0.0018051761 0.001362793 0.18340352 1.4998021e-25 0.28630465 0.0012310283 0.005486112 0.000119495104 0.0036468564 0.00401645 0.000935502 0.0001467984 0.000101178084 0.023957755 0.1367079 0.5434534 0.030568823 0.024740992 0.0003276195 0.31243163 0.028988097 0.19376947 0.0363222 0.013161058 0.004524552 0.26274708 0.008569774 0.1987417 0.0038448696 0.19303623 0.08138593 0.006350639 0.00021837902 0.05820436 0.08230058 0.04740359 0.10145418 0.009422218 0.16448511 0.15848595 0.09900446 0.06973014 0.002113531 0.13503103 4.956093e-07 0.020803839 0.00012403859 0.076985635 0.050054528 0.041920677 0.040208306 0.012608025 0.013930993 0.037818994 0.007189176 4.1961895e-05 0.0011557016 0.025948873 0.013550181 3.7407196e-07 0.0005370157 0.0111460425 0.001039815 0.0063886964 0.0005672257 1.0697433e-06 0.0117294565 0.023994135 0.006274021 5.5176014e-07 0.0048536058 0.011859052 1.5664954e-06 0.0039286152 0.006655117 0.0013687019 0.0008063697 0.0009362406 0.0005479605 0.0012541672 5.1447705e-07 0.0022428818 0.004061681 0.013139714
0.46185163 0.017090745 0.12339822 0.0038203772 0.002446947 0.029597389 0.0018265977 0.005568219 0.0010808145 0.0038561744 0.00095851277 0.0018259167 0.67718637 0.2573006 0.11666937 0.2952227 0.0007221471 0.0033614505 0.0020565742 0.40123612 0.28630465 2.820793e-22 0.002453258 0.0069047157 0.00018327885 0.007240781 0.0035794487 0.00091421034 0.00043293307 0.00038953687 0.009221107 0.040316574 0.16756052 0.14402774 0.008792806 0.0002874883 0.081441455 0.007021989 0.12885565 0.007700751 0.0023303796 0.0010113852 0.059059612 0.0017972133 0.038740136 0.000938693 0.029984768 0.03577317 0.002013198 9.574261e-05 0.008867509 0.017011026 0.027983036 0.02041833 0.0010912456 0.031964615 0.032359686 0.020356199 0.0113778245 0.00043563527 0.035389155 4.3339037e-06 0.013062535 3.5020475e-05 0.012192338 0.008834084 0.0058584195 0.011480275 0.08360683 0.0056606946 0.060277138 0.0015869794 8.097029e-06 0.00067119114 0.07740201 0.0012665228 1.6509662e-06 0.0023816612 0.029351415 0.0003365223 0.12531355 0.0006165949 2.8748295e-07 0.0017635247 0.040715754 0.0010175675 2.1980556e-07 0.0009947054 0.0848284 8.0968084e-07 0.0023621707 0.006184076 0.00047043787 0.0008205749 0.0006321746 0.0005446849 0.009850767 3.106775e-07 0.0021933622 0.0013865196 0.0020387112
0.8115365 0.30801666 0.07925389 0.4027648 0.40716088 0.094276465 0.34675217 0.19553472 0.4346612 0.47737294 0.2531561 0.40557176 0.006225345 0.0061571323 0.019894479 0.0021470448 0.15665784 0.17242669 0.5700606 0.06845037 0.0012310283 0.002453258 3.337651e-18 0.066935726 0.07848517 0.38046387 0.048554536 0.11443921 0.107773185 0.1549502 0.016701862 0.006832137 8.64682e-05 0.033638474 0.018363899 0.02923879 8.5177e-05 0.010778351 1.939587e-05 0.0097637065 0.015194425 0.025524773 0.0002938723 0.021901155 0.00029926715 0.013065258 2.487222e-05 4.348099e-06 0.025859745 0.015788382 0.003590949 0.0032879545 1.5669585e-06 0.0023110316 0.007119107 0.000549165 0.0004047573 0.0027822778 0.0033494348 0.007874364 0.0019169963 0.0042022485 3.1483128e-06 0.00729992 0.00010183052 0.0035841868 3.00032e-05 0.0037163117 9.727385e-06 4.9113214e-06 2.147025e-05 0.0032150405 0.004714109 0.0046193516 1.3764272e-06 2.2080752e-05 0.00068744365 0.02581281 2.4652754e-06 1.991377e-06 0.0011762356 0.004514602 0.0006808938 0.0015915566 2.7929542e-07 0.0019441593 0.00050363713 2.698797e-06 0.0023189178 0.0005312122 2.7031347e-06 3.838346e-07 3.5116855e-07 0.008053223 0.0007539535 0.0030090485 0.08493745 0.00046626746 2.8437753e-06 7.079452e-05 0.00078233064
0.018779164 0.15833095 0.08114135 0.09605681 0.18528692 0.2146618 0.12347142 0.2860969 0.07915143 0.0778896 0.07586367 0.060328808 0.012800792 0.03910352 0.24635324 0.008442885 0.09260402 0.3119118 0.14887694 0.07033294 0.005486112 0.0069047157 0.066935726 2.5641811e-22 0.026879318 0.11861697 0.38275814 0.08435595 0.01864761 0.01796288 0.3007544 0.30319875 0.0018246032 0.01915019 0.325197 0.018378746 0.0016230717 0.26236373 9.272456e-05 0.24937886 0.22833738 0.09555596 0.0075375442 0.12592337 0.0038375633 0.08397293 0.00021172984 2.3418404e-05 0.09314372 0.025119994 0.10181743 0.0584822 7.921963e-06 0.023899274 0.15184061 0.005086343 0.0033594335 0.022113876 0.071874894 0.07221 0.0111416215 0.0022155447 1.760888e-05 0.008600465 0.0009006357 0.050436266 0.0001298923 0.027118674 0.00014703379 4.6999256e-05 0.00041745018 0.054977816 0.0046793064 0.059357576 7.064709e-05 0.00055575074 0.000626143 0.006004413 5.295569e-05 0.00010481927 0.0005182684 0.02400915 0.00033462772 0.010580685 1.2455748e-05 0.020588668 0.00024715255 3.067118e-05 0.0013201352 0.0007921888 2.5257736e-05 4.797894e-06 9.866327e-05 0.0304882 0.0108293 0.02141133 0.0015625327 0.0005967598 6.0785314e-05 0.0010758986 0.004211707
0.05622805 0.00866615 0.0019929323 0.056072034 0.10976707 0.0029430743 0.10451504 0.011010437 0.27972886 0.05616071 0.30846956 0.030450162 0.00067761884 0.00046212215 0.0028296118 0.00011292065 0.48614886 0.09472172 0.08412905 0.005592673 0.000119495104 0.00018327885 0.07848517 0.026879318 1.1733203e-19 0.045568485 0.026317962 0.2099585 0.69013166 0.29521805 0.008991519 0.002675743 6.858628e-06 0.012992707 0.01687454 0.5534021 4.885602e-05 0.008464894 1.2952572e-07 0.00905579 0.010472606 0.08084546 5.917897e-05 0.031652074 4.4742297e-05 0.04653713 9.220424e-06 1.5467155e-07 0.068676345 0.24365003 0.004348705 0.0018070493 4.6693557e-08 0.0011992579 0.003532331 6.8744914e-05 6.79842e-05 0.0008397991 0.0040362864 0.013430605 0.00042703014 0.45373812 5.1870745e-07 0.3151259 0.00035037723 0.002836772 1.1880939e-05 0.0018493729 4.3638576e-07 2.5245754e-06 2.2621518e-06 0.0040010796 0.18983077 0.0038568215 8.4484206e-08 9.697092e-05 0.11025516 0.02436724 4.6304677e-07 1.6693213e-05 0.00048301063 0.011823954 0.19327004 0.0005503258 4.271076e-08 0.001424069 0.1463984 3.0954852e-06 0.00030204206 0.0832967 4.073314e-06 3.2742232e-08 2.8354748e-06 0.0013946932 0.00035857217 0.0005343961 0.014884355 0.09196262 1.7658185e-05 7.3542025e-05 0.0002949229
0.9494843 0.5719354 0.28269842 0.44410023 0.41025624 0.18307644 0.45437163 0.32102886 0.4624845 0.45682123 0.2669472 0.45781302 0.013579223 0.012806091 0.034912247 0.0066177323 0.17203511 0.18313082 0.50812143 0.19271499 0.0036468564 0.007240781 0.38046387 0.11861697 0.045568485 4.1619104e-18 0.062917635 0.11390747 0.11667836 0.08122324 0.024911962 0.012008969 0.00043749655 0.03422423 0.033830844 0.020704243 0.00026799002 0.018907564 7.5596836e-05 0.018249132 0.026875116 0.02941333 0.00039615392 0.030561049 0.00023183558 0.012306539 3.7847094e-05 9.817356e-06 0.045743227 0.015945999 0.0051597594 0.0022461354 6.1938545e-06 0.0013406674 0.011781272 0.00034487332 0.00029754004 0.0012828484 0.0036668675 0.007869435 0.00072378566 0.005247261 1.0411625e-05 0.0040017986 7.7085424e-05 0.0030841331 4.5127334e-05 0.0026468278 7.492639e-05 2.0817502e-05 0.00027050718 0.0031483427 0.001845465 0.005811193 4.4059387e-05 3.9832248e-05 0.0011074138 0.018036308 4.514511e-05 5.161275e-06 0.0020093534 0.007713058 0.00057560543 0.0012546307 1.1162844e-05 0.0013776704 0.0004459824 5.2248097e-06 0.005676339 0.0004941625 9.091389e-06 8.670415e-06 4.228211e-06 0.027296515 0.0019323624 0.0125948 0.097053416 0.0003157086 2.781613e-06 9.185358e-05 0.00045741262
0.0071421596 0.10494682 0.07275873 0.080140196 0.16720042 0.16858159 0.12824069 0.24619715 0.0812523 0.06118478 0.07496605 0.037469383 0.010871322 0.026072754 0.21355842 0.0053621223 0.08723422 0.36283553 0.07839456 0.045490656 0.00401645 0.0035794487 0.048554536 0.38275814 0.026317962 0.062917635 7.9310833e-22 0.11085211 0.011316737 0.012940715 0.29577428 0.2765916 0.0009909077 0.013419549 0.34472737 0.017948933 0.0013461931 0.27374533 9.7628166e-05 0.24835195 0.24328102 0.12742445 0.0051365863 0.16698286 0.0015730459 0.09748997 0.00010144377 2.1384487e-05 0.10605368 0.021996712 0.09034291 0.03765227 9.735607e-06 0.01504002 0.15044565 0.0018960256 0.00117752 0.0129874535 0.05135036 0.07469505 0.005130344 0.0014107908 1.716212e-05 0.008738027 0.00025984718 0.03633113 3.6844223e-05 0.020403247 4.213886e-05 2.078814e-05 0.00014054649 0.06553752 0.004224493 0.06945522 1.161525e-05 0.00020193694 0.0005268968 0.004616167 2.4294295e-05 1.4684846e-05 0.00026467798 0.025226565 0.00044525682 0.0067779217 2.25681e-06 0.01636184 0.00030921484 1.6862368e-05 0.0008637943 0.00067064574 1.0202187e-05 1.9626418e-06 2.7953552e-05 0.023241777 0.008456596 0.018983254 0.0017208492 0.00067469396 2.3098404e-05 0.0003866496 0.0021771165
0.015641766 0.044138983 0.013020504 0.11326117 0.22100005 0.02750356 0.18707691 0.091304176 0.22768514 0.09330532 0.22183323 0.07038214 0.0070871 0.0040765535 0.016795686 0.0010227092 0.42212752 0.29875955 0.16188475 0.024875155 0.000935502 0.00091421034 0.11443921 0.08435595 0.2099585 0.11390747 0.11085211 1.3171127e-19 0.20219357 0.12387242 0.03304582 0.02041293 0.00018138267 0.021346686 0.055964068 0.31438 0.0002717079 0.03344381 4.3102073e-06 0.02932597 0.05175741 0.19060285 0.0010676272 0.10052635 0.0005978252 0.09057357 0.00013467844 7.5110934e-06 0.12890705 0.2990782 0.01752437 0.0042719594 2.5699235e-06 0.0031175015 0.029016446 0.0004955502 0.00041575922 0.0021225195 0.008041001 0.039789382 0.0011608939 0.027517019 1.0331182e-05 0.10827223 0.00029562635 0.006863182 7.4260686e-05 0.0048078108 1.20952745e-05 1.6325905e-05 1.8545123e-05 0.008663663 0.04167577 0.016916482 7.314983e-07 0.00013067943 0.019575587 0.020341223 4.5727847e-06 1.946196e-05 0.0005886146 0.02795974 0.026574407 0.0014284209 1.1819234e-07 0.0025256858 0.016677199 3.0607596e-05 0.00035666497 0.015950348 5.3281033e-06 2.1134854e-06 8.30842e-06 0.0069491714 0.0011835501 0.004194991 0.00870441 0.014397102 3.3921195e-05 0.00012962463 0.0008706962
0.78433585 0.005550158 0.0023675053 0.058148418 0.10151722 0.0017933568 0.09820626 0.011010663 0.44579172 0.045447715 0.40354797 0.028134288 0.0003654568 0.0007595535 0.0026463887 0.0002174984 0.42626974 0.06604384 0.10908667 0.0058798403 0.0001467984 0.00043293307 0.107773185 0.01864761 0.69013166 0.11667836 0.011316737 0.20219357 5.11779e-19 0.40142602 0.0029428527 0.0016779891 1.1741183e-06 0.007839278 0.0041261823 0.48498622 1.6982706e-06 0.0016016653 2.5603643e-07 0.0014170279 0.0018202593 0.038912307 1.2850267e-05 0.010650611 1.0355686e-05 0.012062589 1.0099278e-06 2.5864312e-08 0.029955978 0.17262311 0.0010189746 0.00045049717 1.2020981e-08 0.00032886726 0.0005776618 3.7410053e-05 3.0978077e-05 0.00029206826 0.0010128466 0.0030080671 0.00014089515 0.3407168 8.898123e-08 0.23975691 0.00010596558 0.0006978022 1.8418808e-06 0.00045927975 2.7463423e-06 5.912087e-07 3.4527076e-07 0.00050717447 0.07062075 0.0009900646 2.3747466e-08 2.2781865e-05 0.033377107 0.06765746 1.36392595e-08 1.6955728e-06 0.0017328978 0.002501271 0.10826747 0.00011167035 3.986071e-09 0.0001759039 0.05980234 1.0582677e-07 0.0014761292 0.027133795 6.853197e-07 7.2649398e-09 3.570754e-07 0.0005613328 0.000116274925 0.00014650106 0.10320306 0.021349857 2.0633045e-06 1.4531019e-05 3.0028934e-05
0.82943517 0.05392248 0.011301703 0.16069995 0.1499627 0.010209828 0.18529822 0.032741442 0.4707928 0.142019 0.33192608 0.10534021 0.0030547103 0.00061610056 0.0017190984 0.00015452744 0.27708897 0.0950875 0.19120155 0.0119038215 0.000101178084 0.00038953687 0.1549502 0.01796288 0.29521805 0.08122324 0.012940715 0.12387242 0.40142602 2.7937137e-20 0.0035020674 0.0011313716 2.7134895e-06 0.008765699 0.0050074537 0.10761127 1.512947e-06 0.0027911437 1.4653124e-06 0.0027633153 0.0042481497 0.02018541 1.1077104e-05 0.011200595 2.1230217e-05 0.008766344 2.7360707e-06 2.084951e-07 0.020469174 0.03831841 0.00047872198 0.00050045364 1.6353125e-07 0.00032818108 0.002433106 4.729006e-05 4.0915093e-05 0.00038316078 0.0008644998 0.0031404546 0.00025792734 0.06869075 3.707795e-07 0.018636769 6.720949e-06 0.0012171995 2.9692746e-06 0.001648861 1.2074102e-07 3.3627139e-06 3.3336062e-06 0.0011856803 0.0074885786 0.0014285475 8.988662e-09 3.262283e-06 0.004580707 0.045344893 1.175868e-07 1.3608422e-07 0.0008056714 0.00555073 0.007906058 0.00051877723 8.857108e-09 0.00046783173 0.0038375505 4.1879454e-07 0.001254976 0.0038540033 5.8208997e-07 2.0955948e-08 3.8072464e-08 0.0039995247 0.000113951064 0.0014139427 0.14198 0.0029360126 1.5876984e-07 1.0520077e-05 0.00031484448
0.006626425 0.14946625 0.101690784 0.05032844 0.107572205 0.27366954 0.06532499 0.23461656 0.030070784 0.04242774 0.029956242 0.020332562 0.023178255 0.09300049 0.35727018 0.029647416 0.03193912 0.25171784 0.032249767 0.05136198 0.023957755 0.009221107 0.016701862 0.3007544 0.008991519 0.024911962 0.29577428 0.03304582 0.0029428527 0.0035020674 2.562642e-25 0.53631383 0.0121022165 0.009447331 0.43269065 0.009931542 0.012752735 0.35729083 0.0016688098 0.32798114 0.27217442 0.07112864 0.0325201 0.111878306 0.0129852565 0.06476985 0.0008968905 0.0003641183 0.069161765 0.014587913 0.27784956 0.14833996 0.0001396087 0.08270167 0.2228766 0.014322515 0.008996902 0.08510432 0.18523 0.061574247 0.044519823 0.0002963043 0.00022502059 0.0054847994 0.0019941737 0.14241563 0.0002330437 0.09110161 0.00036080388 0.00027714903 0.0036592607 0.15063138 0.0021333564 0.09156931 0.00042375925 0.0016111437 6.9160174e-05 0.0023017235 0.00088945904 0.00019676307 0.0002102806 0.020017913 0.00017022807 0.041133635 0.00012497687 0.053609014 0.00014959427 0.0001291045 0.0007102496 0.00021299563 0.00015464245 7.627307e-05 0.00026114946 0.036418006 0.025150942 0.034455582 0.00035081024 0.00020044649 0.00037686693 0.0044333255 0.020630347
0.020404706 0.1105981 0.1776392 0.016930614 0.03487963 0.34742197 0.021963662 0.19904463 0.007104731 0.015531426 0.010071206 0.00968798 0.026231756 0.2267507 0.63009894 0.14041936 0.0129420655 0.101833425 0.0193138 0.072925165 0.1367079 0.040316574 0.006832137 0.30319875 0.002675743 0.012008969 0.2765916 0.02041293 0.0016779891 0.0011313716 0.53631383 2.9323954e-25 0.17112532 0.009546622 0.50239825 0.007716439 0.15939197 0.46778622 0.006190864 0.4696936 0.35786986 0.049569406 0.35020968 0.14784373 0.16509022 0.045135695 0.010861059 0.0017055894 0.111148484 0.012448161 0.3577405 0.32812467 0.0011348538 0.29548925 0.29852125 0.16901916 0.13071795 0.27459472 0.31839082 0.056623265 0.20377779 9.356228e-05 0.0010340891 0.0017834503 0.02024439 0.2480081 0.0038409827 0.1783353 0.00064080243 0.001261102 0.0055633145 0.13911243 0.0009295228 0.08261352 0.0015217171 0.009931461 1.3082014e-05 0.0007303938 0.0024817951 0.000654024 0.00022048866 0.01668851 2.4087314e-05 0.06500721 0.001462922 0.06898592 1.5696742e-05 0.00061926007 0.0011942596 0.00010415563 0.0006620131 0.00087048486 0.0015855143 0.05120663 0.036974665 0.041390892 0.000114538205 5.9800936e-05 0.00053145643 0.0101283705 0.03861641
