4.0674065e-34 0.111210205 0.15877092 0.038260013 0.64626366 0.25786534 0.076385975 0.7924309 0.07131725 0.15516499 0.8364803 0.07556522 0.41854993 0.63500184 0.1273326 0.04702614 0.9304438 0.34770313 0.94743294 0.01601463 0.0010768595 0.05397373 0.4493312 0.0017548361 0.6541893 0.90612656 0.8933294 0.07651665 0.94830686 0.95150906 0.004438518 0.89971983 0.935603 0.9278064 0.35991973 0.0083717825 0.9261745 0.005207742 0.0021504217 0.9213581 0.30954093 0.9463836 0.675537 0.3797182 0.89577526 0.004623236 0.9106988 0.92959625 0.92675906 0.9295134 0.94795 0.9022965 0.95967263 0.4446897 0.00030244965 0.94916624 0.38236046 0.00011605634 0.0001238393 0.057891082 0.06975432 0.00011876856 0.6231197 0.017851884 0.96570367 0.96552336 0.95998096 0.09647562 0.94567883 0.99656266 0.993186 5.835685e-05 0.96113205 0.081793696 1.0474768e-05 0.08945077 0.7490823 0.008394328 0.7670358 0.11132125 0.8801027 0.21458091 0.9929044 0.824519 0.0007103474 0.99852383 0.029493235 8.9393536e-05 0.92338115 0.78019845 0.002232585 0.99881744 0.9999514 0.987828 0.52444893 0.3535682 0.9986776 0.63948214 0.9995233 0.95207953 6.6423813e-06
0.111210205 1.8549139e-18 0.84214973 0.8690901 0.5616856 0.6492259 0.18349148 0.05643527 0.12761447 0.108225696 0.09776682 0.012735386 0.0013073758 0.013486257 0.00039615747 0.0044184616 0.07495361 0.0151392445 0.0965269 0.014369344 0.004707723 0.005262914 0.0012442666 0.014038588 0.0038330697 0.016039742 0.011144454 0.0014859709 0.026784616 0.019552635 0.0003296265 0.0028526357 0.01268464 0.0023994825 0.00034861788 0.00021178923 0.004596147 0.0009419149 0.0006450398 0.0050014975 0.000109949644 0.004235482 0.0003398442 0.00011588746 0.003480575 9.745329e-05 0.0016136679 0.004279301 0.0015324751 0.0012544303 0.0024659645 0.0005920293 0.0020885742 0.00030348173 7.652071e-05 0.0015762355 0.00048574142 4.9127855e-05 0.0016413837 0.00016684961 0.00029691504 0.00084906374 4.6704405e-05 0.00036535366 0.0018919788 0.0030067465 0.0031258254 3.185319e-05 0.0012980247 0.0013792716 0.002825719 0.0014290429 0.00012064993 9.932744e-05 0.0002624505 8.640851e-05 0.0008175866 5.1000476e-05 0.00010151665 1.0386663e-05 0.0002024655 0.00011739079 0.0016263947 0.0011011834 6.4503206e-06 0.00015579304 1.6574857e-05 4.3029903e-08 0.000101304366 0.0009509475 2.7177174e-07 0.001254169 0.00059171184 9.339429e-06 0.00025954802 4.5532197e-06 0.00017101335 6.696806e-05 0.0009912418 9.212751e-06 5.184217e-05
0.15877092 0.84214973 4.431985e-19 0.6674342 0.61142063 0.6667519 0.81007445 0.05436238 0.44666418 0.29820192 0.1246132 0.07245518 0.0063746194 0.0075722644 0.0029572388 0.037055813 0.056705907 0.084700026 0.025424272 0.2101385 0.23131342 0.018453266 0.0011528911 0.17589599 0.003128653 0.0072575975 0.0034906573 0.0041656196 0.018404799 0.0063869115 0.0026104078 0.00045611517 0.017007336 0.00033763403 0.0001239142 0.00037509977 0.002565001 0.0017623766 0.0023000117 0.00163189 1.5214746e-05 0.0006194828 2.5682682e-05 6.146381e-06 0.0049065817 2.7628463e-05 0.0001732126 0.0008036037 0.000944929 0.00017091715 0.000742007 6.87029e-05 0.000706292 0.00011718543 0.00018529892 0.00018649542 0.0007508315 9.535333e-05 0.0029116548 0.00019067802 0.0005388422 0.0021443304 0.00024384975 0.00027645135 0.0006345526 0.0007931837 0.00081300695 5.490485e-05 0.0003567521 9.633776e-05 0.0004936201 0.0034117007 9.602951e-06 0.00014742734 0.00042813536 9.1840964e-05 0.00062618876 5.5374378e-05 4.0410967e-05 3.7547895e-06 0.00027878038 1.675305e-05 0.00015885124 0.00018790024 1.0667727e-06 5.6419223e-05 4.9314112e-05 3.8378116e-07 1.4593903e-05 0.00012188924 1.0358885e-07 0.00024515294 5.938946e-05 1.8933981e-06 0.00022182411 1.0058452e-05 1.5266678e-05 5.5187456e-06 0.00011342597 3.3174222e-06 3.0905136e-05
0.038260013 0.8690901 0.6674342 1.087013e-18 0.30167058 0.60167146 0.43212366 0.028396536 0.053090632 0.19663073 0.08796773 0.009638827 0.0007897436 0.012359397 0.00042828708 0.014876705 0.05670892 0.046842657 0.057953626 0.005477523 0.011143693 0.008677088 0.0008899779 0.012871161 0.010561615 0.01874962 0.0117398845 0.002610242 0.021663927 0.019645287 0.00018794306 0.0022766958 0.015858227 0.0017616808 0.0005112649 0.00026559306 0.006050557 0.0014188203 0.0010937204 0.005191928 8.224849e-05 0.0022047057 0.0002953941 6.208436e-05 0.0044431724 3.0159374e-05 0.0016008454 0.0045112986 0.0019485231 0.0008016324 0.0027085699 0.00076964666 0.0022581276 0.00039766572 8.262404e-05 0.0017670484 0.00075141597 0.00012448416 0.0014683781 0.00022184591 0.0001626231 0.0010385683 0.0001161138 0.00044133907 0.00230732 0.0040724096 0.0034099962 6.1850216e-05 0.0021158392 0.0010994272 0.0034749303 0.0015944286 0.00017801016 9.8184566e-05 0.00046820892 4.6404453e-05 0.001226294 3.886559e-05 0.0003739131 8.429797e-06 0.0003911034 0.00010776597 0.0014513726 0.0010539037 8.057843e-06 0.00018785812 8.281428e-06 7.0528876e-09 0.0001267294 0.0009507725 4.1943345e-08 0.0017531466 0.0004801407 2.4403063e-05 0.0005500981 6.06355e-06 0.00039947193 0.000130972 0.0014677943 5.243816e-05 6.831787e-05
0.64626366 0.5616856 0.61142063 0.30167058 3.8746518e-19 0.6950736 0.17046942 0.78321123 0.40290955 0.10544176 0.26320377 0.1330975 0.06381822 0.3204314 0.016491514 0.0085796695 0.22184274 0.041274086 0.6052343 0.031628236 0.001808398 0.0075680884 0.017805621 0.0057974937 0.0058942265 0.055488136 0.0460109 0.0005560715 0.15092915 0.14074606 0.0018092789 0.066826366 0.028251665 0.05451742 0.0075131897 0.003972285 0.014913566 0.00038853232 0.00030635035 0.032141212 0.0022066515 0.07340171 0.0039814706 0.0014769416 0.00783732 0.0007280467 0.03558796 0.02405357 0.0025107865 0.031467978 0.029178686 0.0033931325 0.028513746 0.0037313835 0.0007485511 0.02437147 0.000717984 7.746426e-06 0.006051033 8.9640256e-05 0.0001943478 0.003157943 4.2125605e-05 1.9102048e-05 0.0050743497 0.021648478 0.012650736 1.1990371e-05 0.0019436004 0.026281806 0.0185845 0.0040189154 0.0008212853 1.9819749e-05 0.0001438007 1.6702801e-05 0.00049111625 0.00040599031 1.9634376e-06 0.000117611875 6.6775014e-05 0.0005004942 0.006172121 0.0003324818 1.0936468e-07 0.006457867 5.45628e-07 1.8782085e-06 0.00017064305 0.00057548354 4.6152397e-07 0.0058545237 0.004184413 1.6860697e-05 4.746297e-05 1.0382205e-07 0.00039344604 1.2637669e-05 0.0017360522 1.2842615e-06 1.9229848e-05
0.25786534 0.6492259 0.6667519 0.60167146 0.6950736 1.8572528e-23 0.5975055 0.16892096 0.18149383 0.76758426 0.88336074 0.021269549 0.00332569 0.05509107 0.0008977861 0.07562529 0.51675606 0.34438926 0.3884908 0.0071555637 0.005515681 0.056532573 0.0024876634 0.0065796184 0.05968702 0.17702301 0.12640889 0.013377356 0.18803623 0.15963736 0.00033636522 0.022441298 0.22914532 0.012743252 0.0015653763 6.0226466e-05 0.074030705 0.0027037838 0.0016458572 0.04821954 0.00019761664 0.025244577 0.0003377389 8.642771e-05 0.048104882 1.5274149e-05 0.012636675 0.042763673 0.01330979 0.0069049597 0.020205468 0.00057081913 0.01643978 0.00021893329 0.00022814055 0.008855145 0.0053731967 0.00023732235 0.008055892 0.0001328052 0.00021645817 0.0052702627 0.0005406059 0.00024834502 0.018411277 0.036968134 0.031921282 3.781333e-05 0.011976951 0.0053375126 0.012932207 0.005954678 0.00012104535 2.5017454e-05 0.0006380306 1.21933235e-05 0.005095682 3.6181916e-06 0.00011028496 1.0603124e-05 0.0010875486 3.908478e-05 0.013244283 0.0023391654 1.059859e-06 0.00080933474 9.757297e-07 7.762558e-09 0.0009462276 0.002682817 7.0908164e-09 0.004602547 0.001197253 0.0006671681 0.0008881617 2.0152609e-07 0.0022104944 8.219297e-05 0.0030225082 0.00012242922 0.00011489398
0.076385975 0.18349148 0.81007445 0.43212366 0.17046942 0.5975055 5.919938e-19 0.039270937 0.15182687 0.8859903 0.20732139 0.010420149 0.00091975025 0.0067412667 0.00013233375 0.80287087 0.06898016 0.5734609 0.01488926 0.052696083 0.3354893 0.46665168 2.8112327e-05 0.051195234 0.21535653 0.030111054 0.008811757 0.25069362 0.014363823 0.0058347923 0.0007710219 0.00014936746 0.049175367 0.00016990856 3.3157667e-05 3.1446263e-05 0.0057433597 0.079607 0.067885 0.00228561 5.054843e-06 0.0005134514 6.7973338e-06 3.0393237e-06 0.010263659 7.1892225e-07 9.241274e-05 0.0005619579 0.00303795 0.00010526114 0.00066393707 3.7924307e-05 0.0006337918 0.00017982136 0.000111246234 9.452345e-05 0.0019254907 0.024302635 0.003978176 0.0027812591 0.0025940759 0.0025738932 0.0006593733 0.005641775 0.0016885623 0.00092301157 0.001596026 0.00043155396 0.0008426728 5.8532758e-05 0.00022243189 0.0041106897 1.1745243e-05 0.0005946126 0.021819815 0.00023959277 0.0006717761 1.0494956e-05 0.00015857183 1.1141435e-05 0.00022880928 1.8991175e-05 0.00059933914 0.00034399086 0.00025369012 3.411123e-05 0.00011822183 5.39484e-09 0.00012368552 0.000389111 1.3601176e-08 0.00026275928 0.00015046677 3.9854483e-05 0.00014399202 1.1864668e-05 0.00015426784 1.839747e-05 0.00050390663 1.1765949e-05 0.0011290741
0.7924309 0.05643527 0.05436238 0.028396536 0.78321123 0.16892096 0.039270937 7.377043e-19 0.2620471 0.06562 0.07139847 0.21385233 0.35944483 0.8651121 0.29276943 0.0016924792 0.086141124 0.0062215407 0.77549165 0.011994164 0.0005123912 0.0016531146 0.4191433 0.0002000779 0.00055191515 0.039809745 0.05059475 0.00028263876 0.09900198 0.16181852 0.0027793697 0.41235197 0.0035555786 0.37195253 0.15800592 0.017827412 0.0061043277 1.754799e-05 0.00013693728 0.021613093 0.03841791 0.24958068 0.055449255 0.021169592 0.0015062786 0.0037921309 0.27618173 0.02769744 0.0005635688 0.18905726 0.07450818 0.050750986 0.07297895 0.043638702 0.0005081233 0.18709078 7.81377e-05 2.762604e-05 0.0003787535 3.2808173e-05 5.2380678e-05 0.00029036772 2.6539983e-06 2.3282378e-06 0.0021595962 0.030891493 0.011478173 1.1373842e-05 0.0007513892 0.15191254 0.069673754 6.0051658e-05 0.026814561 4.5820566e-06 7.512337e-05 3.0996414e-06 1.8355813e-05 0.0039380305 5.6378913e-06 0.0023857087 2.515941e-05 0.004283155 0.0057342364 7.847996e-05 3.1949634e-07 0.042241175 3.259296e-07 1.0088984e-05 6.786184e-05 0.00015533224 1.6040384e-06 0.016585793 0.031339124 4.8123197e-06 4.9158857e-06 4.5983433e-07 0.00032684053 1.0837952e-06 0.0048370743 3.0278136e-07 2.077602e-06
0.07131725 0.12761447 0.44666418 0.053090632 0.40290955 0.18149383 0.15182687 0.2620471 8.042578e-18 0.087547205 0.04659019 0.8653552 0.4366949 0.15959224 0.2919105 0.00673956 0.021370633 0.036226742 0.087253936 0.67680997 0.01254857 0.009145077 0.2018705 0.029081572 0.0063011367 0.014107176 0.008840755 0.0034294284 0.015111873 0.015882557 0.56612325 0.015792228 0.0047312486 0.017484864 0.015832387 0.13131869 0.005729942 0.0002260931 0.00020302972 0.0019829923 0.008593192 0.014416948 0.010929192 0.012749087 0.006620595 0.009141799 0.003048929 0.0011157661 0.00326964 0.0026760262 0.0019865923 0.0052192598 0.0015772234 0.025868258 0.05443013 0.002133681 0.0031726907 5.877196e-06 0.014348229 0.00017816879 0.00034514887 0.01844724 0.00021346658 0.0002382337 0.0009527135 0.00096815865 0.00022749726 1.5026822e-05 0.002076882 0.0020495648 0.0013097076 0.0047544767 0.0057273884 1.8508903e-05 5.803921e-05 1.2800705e-05 0.001134605 0.014268777 1.6086595e-05 0.0034503255 0.00030734792 0.0015620381 6.448399e-05 0.00040328235 9.258123e-07 0.0035708772 3.2652617e-06 0.0052095847 8.882502e-05 0.0006115638 0.024922483 0.00022159492 0.00030510477 2.1726959e-05 8.095057e-05 2.1088006e-06 1.7256078e-05 7.867378e-06 8.7255394e-05 8.2093874e-07 3.086178e-05
0.15516499 0.108225696 0.29820192 0.19663073 0.10544176 0.76758426 0.8859903 0.06562 0.087547205 2.141753e-20 0.49091887 0.0041782535 0.0007707782 0.010943617 0.00011225097 0.64539295 0.18459278 0.7714432 0.12317021 0.013859428 0.026734365 0.5494877 4.0766543e-05 0.004541388 0.4832012 0.15070663 0.07283287 0.32814348 0.06573553 0.038824726 0.0021494962 0.0013617837 0.20365562 0.0009614879 0.00023936761 1.820234e-05 0.068626486 0.05528997 0.028245434 0.01968299 1.6440836e-05 0.0023927256 2.557853e-05 7.2673975e-06 0.13520193 3.1970224e-06 0.0012841496 0.010458464 0.03129486 0.0008861321 0.0033495964 4.866949e-05 0.0027532354 4.6959918e-05 0.00014130355 0.0011705196 0.013994923 0.009726647 0.0033751014 0.0018766636 0.0021071876 0.0028999993 0.0021631124 0.00782674 0.018386358 0.0070484034 0.009528162 0.0006861899 0.013079733 0.00058116927 0.0016217628 0.0025035704 1.3947835e-05 0.00035632774 0.0038105072 0.00017274544 0.0048689395 1.8837543e-05 0.00045195877 7.3799206e-06 0.0014732586 1.8973613e-05 0.0056852377 0.0025571228 0.00015977271 0.00016195403 3.0198893e-05 1.0875784e-08 0.00082282344 0.0015586423 5.0408104e-08 0.0010489173 0.00053127727 0.0011612698 0.0005755505 4.559677e-06 0.002986362 0.00021564636 0.0008300298 0.00020111573 0.0009918754
0.8364803 0.09776682 0.1246132 0.08796773 0.26320377 0.88336074 0.20732139 0.07139847 0.04659019 0.49091887 2.8276398e-18 0.0035216028 0.00058883557 0.014361462 0.00012597952 0.052722637 0.693754 0.3101598 0.32619438 0.0021654936 0.002397593 0.04634975 0.00010207175 0.0016219462 0.21698795 0.30316412 0.15394463 0.021195736 0.2257786 0.1516784 3.268915e-05 0.0055887382 0.48568675 0.002774894 0.00028110732 0.00010655578 0.12723124 0.006058254 0.0044204993 0.12914404 0.000119334196 0.014773361 8.363084e-05 3.7773498e-05 0.1047031 4.1632404e-05 0.0042283745 0.07207165 0.05700944 0.004683065 0.036365706 0.00032281346 0.03978076 0.00032141636 8.927175e-06 0.0049107787 0.00500447 0.00019115614 0.0029696529 0.0005360815 0.0007057275 0.0018391743 0.00050156954 0.0017006823 0.112030685 0.06688576 0.07591871 0.00019696957 0.043083627 0.009031051 0.023199812 0.003119912 5.2483138e-05 0.00017594047 0.0004434691 0.00011997229 0.004241146 8.11033e-06 0.00012312038 6.4149117e-06 0.001603478 1.8421715e-05 0.080237545 0.0063707903 2.0691214e-06 0.000814941 4.4884036e-06 3.4949384e-08 0.00290693 0.0039640465 6.1085665e-08 0.014399435 0.012378753 0.0028914479 0.00033200273 4.7857698e-06 0.019695539 0.00030104734 0.011585851 0.00015070573 1.9648134e-05
0.07556522 0.012735386 0.07245518 0.009638827 0.1330975 0.021269549 0.010420149 0.21385233 0.8653552 0.0041782535 0.0035216028 1.0118821e-19 0.7001044 0.21521142 0.6443242 0.00035984872 0.001908648 0.004392441 0.071164556 0.068823494 0.00028879577 0.0019125235 0.42405722 0.00029589882 0.00040274236 0.0009299 0.00073333463 0.00053459563 0.0034534778 0.0061605563 0.10374565 0.0168942 0.00059592345 0.017740456 0.050587814 0.5802257 0.00036195395 0.00014750723 0.00031793208 0.00033512115 0.035055045 0.010810216 0.030223401 0.050506357 0.0007811259 0.13175818 0.007926747 0.00029717424 0.000184219 0.005338279 0.0013668776 0.01483356 0.0012009301 0.06818546 0.010926598 0.005783936 0.00026385914 6.0386355e-05 0.0007222859 5.2215044e-05 0.000101830425 0.00068849133 9.768828e-06 3.4664765e-05 7.189964e-05 0.00053064356 9.701985e-05 3.3978713e-06 5.5229666e-05 0.005269127 0.0014794798 4.1587246e-05 0.030097453 6.8773406e-06 7.548388e-05 5.7635207e-06 5.719888e-05 0.07049491 5.4370835e-06 0.010286098 2.8943145e-05 0.0031628513 0.00010458383 2.871136e-05 6.416429e-06 0.0098718675 2.770721e-06 0.0011290106 2.544343e-05 0.00011812356 0.17048307 0.0008907726 0.00026232112 8.036945e-06 6.622104e-06 9.053004e-07 5.8970713e-06 6.9420166e-06 0.0003256334 2.3748805e-06 2.1555601e-05
0.41854993 0.0013073758 0.0063746194 0.0007897436 0.06381822 0.00332569 0.00091975025 0.35944483 0.4366949 0.0007707782 0.00058883557 0.7001044 1.0356738e-17 0.49581552 0.9136197 0.00024606622 0.00049482065 0.0017292683 0.11060233 0.0051990305 0.00014928743 0.0019288429 0.6742554 5.6215726e-05 0.00088408845 0.0007831413 0.00073421746 0.00030095235 0.0019740881 0.0060480786 0.009541215 0.037967455 5.708471e-05 0.039983157 0.097419 0.23404528 0.00019276347 8.2907325e-05 0.00020424798 0.0004650314 0.064935714 0.035161085 0.06584675 0.08535265 0.00019844952 0.05749457 0.02630672 0.0011188777 3.0093008e-05 0.020253966 0.0031130554 0.026914697 0.0028518604 0.18909253 0.0006705923 0.0129994 4.6468846e-05 0.0007390154 1.3608359e-05 1.986886e-05 2.642937e-05 1.8428533e-05 1.6499621e-06 2.8223702e-05 4.880024e-05 0.0017526409 0.00049415283 2.626643e-06 3.8561004e-05 0.014614963 0.004018657 1.7799557e-06 0.12430365 4.559029e-06 0.00023528197 1.963928e-06 9.172721e-06 0.05015283 5.3723156e-06 0.024803514 2.0746102e-06 0.003252279 0.00021188943 9.279024e-06 2.8221306e-05 0.03739764 1.0497473e-06 1.1976327e-05 2.9833247e-06 3.1236737e-05 0.072155006 0.001905478 0.002093845 7.571931e-08 5.0127805e-06 3.8638342e-07 6.218322e-06 2.5989325e-06 0.0008683813 9.142311e-08 2.8928793e-05
0.63500184 0.013486257 0.0075722644 0.012359397 0.3204314 0.05509107 0.0067412667 0.8651121 0.15959224 0.010943617 0.014361462 0.21521142 0.49581552 5.331029e-18 0.4563571 0.0006260013 0.017350286 0.007735673 0.6225735 0.0038317868 0.0003481287 0.0030117473 0.77018744 9.440467e-06 0.00077749987 0.014240501 0.019542076 0.0007874668 0.03489097 0.07040178 0.0038031244 0.45343256 0.0007138414 0.42617154 0.593218 0.10822162 0.0015569271 0.00024944806 0.0004700116 0.009056792 0.32532993 0.20454791 0.32941613 0.26277867 0.0011269655 0.030654877 0.35244864 0.014400067 0.00034345608 0.19115123 0.036553066 0.21057342 0.03284548 0.26163903 0.00061381626 0.24210295 8.035677e-05 0.00067879993 5.0457093e-05 0.00011897442 0.00011901368 2.0924126e-05 7.682697e-06 4.0055555e-05 0.0007437033 0.01565118 0.004116276 1.228276e-05 0.00012642618 0.19507279 0.04433892 2.1178982e-06 0.1721656 7.0407273e-06 3.9101484e-05 5.2953137e-06 3.791912e-06 0.02079486 2.242071e-05 0.025360439 8.962253e-06 0.02095207 0.0018011711 4.067359e-06 7.5523517e-06 0.13991427 1.2801298e-06 1.4240622e-06 5.5384594e-06 1.4941582e-05 0.006842207 0.015686752 0.020045456 4.0033632e-07 1.874828e-06 2.7539086e-06 7.7115496e-05 4.31683e-06 0.0027994665 2.4038386e-07 8.232182e-06
0.1273326 0.00039615747 0.0029572388 0.00042828708 0.016491514 0.0008977861 0.00013233375 0.29276943 0.2919105 0.00011225097 0.00012597952 0.6443242 0.9136197 0.4563571 4.5806455e-21 7.209746e-05 9.3654955e-05 0.00019627468 0.03591766 0.0019215815 1.6901315e-05 0.0005275487 0.74848163 4.2253814e-06 7.807744e-05 0.00011596529 0.00010760884 0.00010424019 0.00051911536 0.0016396189 0.0033787033 0.02754229 1.915972e-05 0.030214647 0.13683139 0.36990088 3.4203516e-05 2.013461e-05 1.9912964e-05 0.000101033256 0.104639426 0.014838236 0.07331488 0.12755394 5.5151133e-05 0.13856721 0.022031572 0.00013638014 1.3380909e-05 0.011006464 0.0009263799 0.026096735 0.00086474384 0.16400492 0.00021309458 0.010933582 4.844687e-06 0.00034012806 4.985111e-06 3.2926955e-06 3.310826e-06 2.155224e-06 2.447907e-07 3.9873357e-06 1.5474341e-05 0.00043729568 9.6352094e-05 4.0613608e-07 8.316569e-06 0.007097367 0.002197737 4.3330212e-07 0.12492662 5.151629e-07 1.2655567e-05 2.618718e-07 1.5741255e-06 0.051505316 3.2177624e-07 0.024490304 6.6816426e-07 0.0031196235 3.4764213e-05 2.016754e-06 2.1014037e-05 0.033531502 5.1249765e-07 7.841898e-07 1.7799199e-06 1.2580046e-05 0.04361425 0.0013053762 0.00035417808 3.447981e-08 9.3408136e-07 4.828402e-07 5.418085e-07 2.530743e-07 0.00056495256 6.5131104e-08 4.5654206e-06
0.04702614 0.0044184616 0.037055813 0.014876705 0.0085796695 0.07562529 0.80287087 0.0016924792 0.00673956 0.64539295 0.052722637 0.00035984872 0.00024606622 0.0006260013 7.209746e-05 1.7226694e-18 0.012394647 0.7183704 0.0006260045 0.000580579 0.016049024 0.85795885 1.0604924e-05 0.0007981497 0.40789655 0.0076403418 0.002191631 0.7398171 0.0047667697 0.0010041263 1.5809339e-05 4.2112188e-05 0.04591441 7.0975424e-05 5.8687307e-05 8.153176e-06 0.0052538454 0.49953452 0.36484155 0.00089747616 7.680375e-06 0.000118611664 8.278775e-06 2.8911015e-06 0.02270985 8.508948e-07 5.3404372e-05 0.000113526294 0.008303195 1.8276962e-05 7.557471e-05 3.3149317e-05 0.00010424566 5.320881e-05 8.504008e-07 5.1557432e-05 0.003967664 0.07156113 2.4819336e-05 0.0066553364 0.012222442 5.3552967e-06 0.0024270702 0.06670104 0.0026022324 0.00033700612 0.00094141427 0.0013104073 0.00133402 1.0259763e-05 0.00010570306 1.2153561e-05 4.1965914e-06 0.00082745723 0.03058513 0.00043579814 0.0014011749 1.3763164e-05 0.00059190515 1.2376416e-05 0.00059642433 2.690547e-05 0.0008707626 0.00070262555 0.0024410838 2.5682796e-06 0.0002552528 2.4442037e-10 0.00021955931 0.00069550076 9.126365e-09 0.00012398999 8.737614e-05 0.00020875226 0.00036315594 3.5245594e-05 0.00051652174 3.299559e-05 0.00024263604 7.2864095e-05 0.0022838668
0.9304438 0.07495361 0.056705907 0.05670892 0.22184274 0.51675606 0.06898016 0.086141124 0.021370633 0.18459278 0.693754 0.001908648 0.00049482065 0.017350286 9.3654955e-05 0.012394647 3.93471e-18 0.11192848 0.5825259 0.0009973611 0.0008514127 0.015274376 3.913808e-05 0.0011844953 0.038448166 0.67665595 0.57219815 0.0020490068 0.53992903 0.5151042 2.5316106e-06 0.011738811 0.50452393 0.0062436843 0.00022183236 5.0203373e-05 0.32472384 0.00054298865 0.0006419407 0.370656 3.760177e-05 0.033775173 8.0143094e-05 2.3227169e-05 0.074518844 1.8897135e-05 0.0077817854 0.24382213 0.046607632 0.010224728 0.13908096 0.00033234677 0.12535536 0.00013038203 6.846776e-05 0.0112592615 0.0020626867 4.8103875e-06 0.0053466856 0.0002434949 0.00032873303 0.0043033054 0.00011246218 7.7875615e-05 0.109936334 0.1629698 0.13726324 0.000108803295 0.03002669 0.024353264 0.054654554 0.00493267 0.000104186125 7.925715e-05 1.7707765e-05 4.2387826e-05 0.0009496212 8.590906e-06 5.477729e-05 2.2603715e-05 0.00041100057 3.578619e-05 0.12597635 0.0021687497 2.6458545e-07 0.0020276841 5.4325767e-07 1.5962033e-07 0.0019806267 0.0020015608 5.8872825e-08 0.050161093 0.037653685 0.0025154338 8.944369e-05 2.8350153e-06 0.030668374 4.4461645e-05 0.053535722 8.781245e-05 3.3941922e-06
0.34770313 0.0151392445 0.084700026 0.046842657 0.041274086 0.34438926 0.5734609 0.0062215407 0.036226742 0.7714432 0.3101598 0.004392441 0.0017292683 0.007735673 0.00019627468 0.7183704 0.11192848 5.567529e-19 0.014611241 0.0029090513 0.016737444 0.76915646 4.8382615e-05 0.0018779106 0.7856392 0.07910821 0.032335784 0.69645673 0.040997818 0.011454553 0.0005714335 0.00058544317 0.36211157 0.00038514216 0.0005555179 5.9833794e-05 0.087969266 0.26613456 0.14428435 0.019855138 3.9792765e-05 0.0008952677 2.145037e-06 4.2088277e-06 0.2921769 3.3944993e-06 0.00028665876 0.0040766355 0.1308822 7.2605704e-05 0.0011155593 7.0431315e-06 0.0008530297 1.8086543e-05 3.4000088e-05 0.00018623503 0.07515252 0.018207218 0.0001261209 0.08555923 0.11072944 8.0320686e-05 0.075715356 0.14751893 0.048806593 0.003210235 0.008126946 0.02579789 0.04891925 4.580556e-05 0.0006064869 9.514142e-05 9.457358e-07 0.00735177 0.0057142996 0.0048739566 0.037452016 4.3309057e-05 0.011499702 1.956126e-06 0.01037524 3.945635e-06 0.010295711 0.01114082 0.00416129 3.776318e-06 0.0011304403 1.9384633e-08 0.0022523592 0.0022812448 1.1048238e-07 0.00057975046 0.0006128097 0.006101537 0.0021253473 0.0002213647 0.011374531 0.0039644227 0.000992704 0.0018961711 0.004076647
0.94743294 0.0965269 0.025424272 0.057953626 0.6052343 0.3884908 0.01488926 0.77549165 0.087253936 0.12317021 0.32619438 0.071164556 0.11060233 0.6225735 0.03591766 0.0006260045 0.5825259 0.014611241 8.861552e-20 0.0019282728 2.163396e-05 0.002413458 0.027310869 0.00016011957 0.0025977953 0.28985885 0.3677574 7.209271e-05 0.48747593 0.67854303 0.00012924382 0.62209463 0.051440116 0.54695415 0.032936778 0.0019042655 0.052918345 1.7245828e-05 1.8092804e-05 0.19388305 0.0046670814 0.5466194 0.016404275 0.0024005629 0.009341795 0.00028270535 0.3377106 0.18300569 0.006417142 0.36770833 0.285206 0.018325219 0.26718652 0.008711962 0.00096213864 0.22596315 0.00015830062 1.0727706e-06 0.0032313997 5.3163814e-05 5.9195507e-05 0.0040319813 1.6023756e-05 3.4037157e-06 0.018024022 0.16921245 0.069405064 3.1397325e-05 0.0029171973 0.26327696 0.2039196 0.0017449199 0.00675625 1.25353035e-05 1.333574e-06 7.3408855e-06 0.00018310259 0.00021189489 3.3185902e-06 0.00028344017 4.3927063e-05 0.0016623527 0.06687632 0.00043966333 1.5876807e-08 0.065970734 6.5537854e-08 0.00020469919 0.00039698763 0.00038967916 2.4544324e-08 0.1403484 0.15481493 0.00031925223 5.4542943e-06 6.392974e-08 0.004510961 2.0074617e-07 0.04313632 5.434756e-06 1.4266423e-06
0.01601463 0.014369344 0.2101385 0.005477523 0.031628236 0.0071555637 0.052696083 0.011994164 0.67680997 0.013859428 0.0021654936 0.068823494 0.0051990305 0.0038317868 0.0019215815 0.000580579 0.0009973611 0.0029090513 0.0019282728 2.125996e-18 0.021523023 0.0005526135 0.0003866544 0.10095895 0.00061001146 0.002607254 0.0017131483 0.00013880499 0.0025719488 0.0026156208 0.51727015 0.00028347748 0.0006752894 0.00010286162 9.365656e-05 0.0005007891 0.0006279484 1.1596721e-05 9.502512e-06 0.00031794875 1.1457332e-05 0.0006399382 1.3373178e-05 7.2972193e-06 0.0036966263 1.8605902e-05 0.00023941533 0.0003910184 0.0012727262 7.302973e-05 0.0006136094 1.19540755e-05 0.0005474139 0.00016050255 0.44517237 0.000118276526 0.0006761832 3.335419e-06 0.18857814 3.2793316e-05 1.273216e-05 0.10331006 6.810763e-05 4.3593304e-06 0.001074947 0.00078251166 0.0009912791 5.741446e-06 0.0019792533 2.4551946e-05 0.00027447895 0.1743287 3.114132e-05 9.7566035e-06 0.0003067807 8.417679e-07 0.0006150832 0.00017651307 5.4983553e-05 1.8606435e-05 0.00020283194 0.00010373284 0.0001639808 0.0012069108 6.4496376e-06 2.9627477e-05 4.8653366e-08 0.009140347 0.00036184004 0.00041581437 5.7910387e-05 7.19808e-05 0.00060113886 0.00014310697 0.00034526753 6.0577906e-07 0.00035876146 2.1892733e-05 7.5230695e-05 2.9878935e-05 3.8466573e-05
0.0010768595 0.004707723 0.23131342 0.011143693 0.001808398 0.005515681 0.3354893 0.0005123912 0.01254857 0.026734365 0.002397593 0.00028879577 0.00014928743 0.0003481287 1.6901315e-05 0.016049024 0.0008514127 0.016737444 2.163396e-05 0.021523023 2.6961686e-17 0.0018830621 1.1404853e-05 0.7850161 0.0014798044 0.00038585282 0.00013975098 0.0006818246 0.0024421155 0.00061058736 0.00038043395 2.6450147e-05 0.0011421719 5.8899976e-05 1.2776611e-06 8.136104e-06 0.00014925253 0.00019916391 0.0017554279 6.300127e-05 1.0678094e-07 8.4208914e-05 4.5556018e-07 2.3260927e-07 0.00017741528 8.269184e-07 8.321364e-05 6.406661e-05 0.00012153405 3.438903e-05 3.4142602e-05 3.345773e-06 2.2326316e-05 1.056772e-05 0.00014872683 8.0253e-05 8.6385e-06 0.00054863974 0.0015068362 1.6837886e-06 2.9419336e-06 0.0029305788 1.5262747e-05 3.2702603e-06 8.630861e-05 8.716698e-05 0.00018435712 1.717606e-06 4.279156e-05 3.3165794e-05 3.543031e-05 0.009103046 2.4865071e-06 5.11735e-06 0.018875657 3.9217457e-06 5.4401262e-05 3.8771377e-05 1.3854914e-05 1.05176305e-05 4.978206e-05 3.0280405e-06 4.493944e-05 0.00010533506 1.4331729e-06 1.5855852e-06 4.3282134e-07 1.4127079e-06 4.0114424e-05 7.3773845e-05 2.5026117e-09 1.9931109e-05 4.886422e-05 2.6409214e-05 8.1346494e-05 1.51381e-06 0.00016158962 9.594392e-06 1.396559e-05 1.2705814e-05 2.9181723e-05
0.05397373 0.005262914 0.018453266 0.008677088 0.0075680884 0.056532573 0.46665168 0.0016531146 0.009145077 0.5494877 0.04634975 0.0019125235 0.0019288429 0.0030117473 0.0005275487 0.85795885 0.015274376 0.76915646 0.002413458 0.0005526135 0.0018830621 8.196195e-19 3.203274e-05 0.00011595843 0.5595611 0.015889807 0.0057604387 0.79659176 0.009049164 0.0029285154 0.00010659033 0.00027167654 0.07105819 0.00034060652 0.00011722298 7.967883e-05 0.015893808 0.36802486 0.16617018 0.0023632974 7.0730844e-06 0.00044260084 1.6596938e-05 3.979855e-06 0.06557738 8.8858405e-07 0.00011142843 0.00051708636 0.021857083 6.448122e-05 0.00025753406 2.371453e-05 0.0003510281 7.432644e-05 2.6481962e-06 9.4379415e-05 0.023609975 0.011996367 1.1353111e-05 0.035167042 0.045076966 3.3273682e-06 0.013975771 0.14823724 0.007541416 0.0009312094 0.0019568342 0.00810832 0.007896733 3.0189187e-05 0.00019481413 2.4467602e-06 2.3781477e-05 0.003547719 0.004771586 0.0025266279 0.011085661 2.0775811e-05 0.0054159 1.4048665e-05 0.002101528 1.5126983e-05 0.0018298703 0.003575203 0.0032036377 8.231923e-06 0.0007143287 7.479498e-10 0.00062962796 0.0015493997 2.2342448e-08 0.00019592626 0.000101118756 0.0010922399 0.0014556254 0.00018159764 0.0022993276 0.0007323859 0.00046214683 0.0005554612 0.0019355651
0.4493312 0.0012442666 0.0011528911 0.0008899779 0.017805621 0.0024876634 2.8112327e-05 0.4191433 0.2018705 4.0766543e-05 0.00010207175 0.42405722 0.6742554 0.77018744 0.74848163 1.0604924e-05 3.913808e-05 4.8382615e-05 0.027310869 0.0003866544 1.1404853e-05 3.203274e-05 2.4035602e-19 2.2986915e-06 3.3498643e-05 7.30624e-05 8.285658e-05 5.9097665e-06 0.00037948677 0.0010809979 0.002223425 0.07663652 2.314861e-06 0.102223046 0.6815826 0.41984653 4.8644924e-06 1.1360634e-06 7.3294414e-06 1.4396654e-05 0.5628079 0.01996006 0.50651294 0.60836583 5.1191128e-06 0.267857 0.039512735 3.528215e-05 6.391916e-07 0.019055193 0.00072873716 0.25741893 0.0007568185 0.6349922 7.013569e-05 0.026083957 4.8699906e-07 1.7421697e-05 7.81634e-07 1.9936401e-06 1.9450854e-06 3.7052237e-06 8.4441805e-09 3.5086694e-07 8.567093e-07 0.00018513872 1.3358201e-05 8.142406e-08 4.3589247e-07 0.023419468 0.0016710067 1.4939117e-07 0.5512603 7.862892e-08 4.097939e-06 1.1863049e-07 8.938642e-08 0.11198058 7.3553594e-09 0.14321585 1.2775416e-08 0.03987079 2.5943453e-05 1.18545444e-07 1.613717e-06 0.20566854 1.4557828e-07 5.9491776e-07 4.5997265e-08 1.3404166e-07 0.062906094 0.0012022416 0.0015774294 4.7312745e-09 7.2861304e-09 6.3793806e-08 2.2089484e-06 8.350611e-09 0.00050948997 6.1996336e-10 5.6693734e-06
0.0017548361 0.014038588 0.17589599 0.012871161 0.0057974937 0.0065796184 0.051195234 0.0002000779 0.029081572 0.004541388 0.0016219462 0.00029589882 5.6215726e-05 9.440467e-06 4.2253814e-06 0.0007981497 0.0011844953 0.0018779106 0.00016011957 0.10095895 0.7850161 0.00011595843 2.2986915e-06 1.3937897e-17 0.000252189 0.0018074767 0.0016889232 2.1444037e-05 0.0045484765 0.0022606542 0.0013852788 7.646319e-06 0.0020396088 1.0859746e-05 5.291833e-07 2.0429413e-06 0.0038574797 5.03481e-06 4.4156895e-05 0.003016382 1.3057858e-07 2.6908754e-05 2.0918378e-07 3.239479e-07 0.001122451 2.5557705e-07 1.158937e-05 0.0030414942 0.0011414619 5.7070697e-06 0.000662829 2.6828538e-06 0.0002703161 2.1695664e-06 0.0007969722 1.5861788e-05 4.4122036e-05 5.4225943e-06 0.0048191147 1.9934841e-06 8.2382087e-07 0.0073993294 2.7944385e-05 5.7421545e-07 0.002976655 0.0017761651 0.0039627445 1.5267922e-06 0.0026962648 1.21583835e-05 3.5047735e-05 0.055619895 2.1430187e-06 2.7810586e-06 0.00028559976 9.000002e-07 0.0008186258 3.4137527e-05 3.0417637e-05 3.3460537e-06 0.00024024145 1.0060707e-05 0.00022665139 0.0013799695 6.0574325e-07 4.9299606e-06 5.5654045e-08 1.8040959e-05 0.00024525516 0.0003803681 4.9598302e-08 1.6101974e-05 8.231056e-05 2.8588136e-05 0.00021882933 1.3682618e-06 0.00024698031 3.8432454e-06 4.4653287e-05 9.473584e-06 1.6530159e-06
0.6541893 0.0038330697 0.003128653 0.010561615 0.0058942265 0.05968702 0.21535653 0.00055191515 0.0063011367 0.4832012 0.21698795 0.00040274236 0.00088408845 0.00077749987 7.807744e-05 0.40789655 0.038448166 0.7856392 0.0025977953 0.00061001146 0.0014798044 0.5595611 3.3498643e-05 0.000252189 6.063889e-18 0.043545734 0.010855559 0.69125336 0.014284326 0.0032402934 0.0005957126 0.00024620473 0.45601475 0.00016964448 0.00011071217 2.2007342e-05 0.08539168 0.25592107 0.084234744 0.012780391 6.6751813e-06 0.0006084201 2.4265327e-07 9.069916e-07 0.54483336 2.6201606e-06 7.002695e-05 0.0027167706 0.3394064 3.8363116e-05 0.0004901093 8.93643e-07 0.00047329452 2.5679758e-06 4.513667e-05 2.73949e-05 0.43595672 0.004594964 5.5935765e-05 0.5475083 0.55877256 8.18188e-06 0.5047207 0.36683148 0.13705544 0.0027028222 0.011116383 0.48461488 0.15624142 2.6377622e-05 0.00029436263 7.728355e-06 2.0472407e-07 0.3383818 0.0007718779 0.31265244 0.20933731 3.490369e-06 0.39227718 4.6349786e-07 0.10311318 4.364836e-07 0.01727775 0.06419736 0.014138686 3.3962936e-06 0.21443042 3.362563e-08 0.025792526 0.014351631 6.250922e-08 0.0005558197 0.0006355125 0.04363381 0.015754294 0.009979678 0.058029946 0.023661131 0.0013314507 0.024918174 0.0015819505
0.90612656 0.016039742 0.0072575975 0.01874962 0.055488136 0.17702301 0.030111054 0.039809745 0.014107176 0.15070663 0.30316412 0.0009299 0.0007831413 0.014240501 0.00011596529 0.0076403418 0.67665595 0.07910821 0.28985885 0.002607254 0.00038585282 0.015889807 7.30624e-05 0.0018074767 0.043545734 3.0297723e-20 0.8032996 0.0035078167 0.5640098 0.49973124 0.000232844 0.008274757 0.6901703 0.0045477655 0.00014249889 2.5015139e-05 0.7012216 0.0005558875 0.0006928835 0.54651934 1.5526923e-05 0.02063963 0.00010426625 4.305271e-05 0.31104383 1.7470962e-05 0.011911856 0.50463045 0.18231404 0.01230587 0.21431887 0.0002539358 0.16793655 0.00045648133 5.919833e-05 0.014745864 0.010600607 5.905927e-05 0.0032130524 0.0008513701 0.0010095567 0.0026651993 0.001563855 0.00031445708 0.28314412 0.3161491 0.34464818 0.0007216046 0.24830517 0.016190555 0.0804027 0.004092659 0.00026766286 0.00048052502 6.4667074e-05 0.00029181098 0.00901342 5.3562493e-05 0.0008006754 1.4446881e-05 0.0026669055 4.3833697e-05 0.19405408 0.016874235 6.1039664e-06 0.0019398349 3.7687038e-05 1.6924549e-08 0.012609019 0.013418551 1.1848306e-07 0.06318827 0.056857996 0.013539157 0.0025303508 4.7375466e-05 0.08823749 0.0012476697 0.073146105 0.0024129262 4.303777e-05
0.8933294 0.011144454 0.0034906573 0.0117398845 0.0460109 0.12640889 0.008811757 0.05059475 0.008840755 0.07283287 0.15394463 0.00073333463 0.00073421746 0.019542076 0.00010760884 0.002191631 0.57219815 0.032335784 0.3677574 0.0017131483 0.00013975098 0.0057604387 8.285658e-05 0.0016889232 0.010855559 0.8032996 1.1238128e-20 0.00092918775 0.6728554 0.62419885 6.193775e-05 0.010324383 0.435598 0.006251535 0.00019873626 2.4551364e-05 0.57796735 8.403411e-05 7.951304e-05 0.6225101 1.7160515e-05 0.023564212 0.000120385346 5.5193224e-05 0.087088935 2.7047712e-05 0.017124526 0.5658495 0.056832824 0.017335419 0.30273545 0.00029177146 0.24909501 0.00036592153 0.0001167975 0.017367661 0.0021390514 3.660138e-05 0.0025653432 0.00028504274 0.00038693383 0.0029508355 0.00017242153 0.000108192915 0.18819968 0.38295016 0.3607987 0.0002939281 0.086131014 0.018861769 0.104986735 0.0035807923 0.000215939 0.00023181636 1.8150718e-05 0.0001369211 0.002193837 3.813797e-05 0.00015341822 6.4979054e-06 0.0006296055 3.193212e-05 0.18211544 0.0037976247 3.7629445e-06 0.0021442098 1.2096601e-05 5.4785875e-08 0.0035430377 0.0049138707 3.5869903e-07 0.068344265 0.052909434 0.0049846973 0.0008046789 1.0581668e-05 0.04331431 0.00028059975 0.0639337 0.00071336876 1.8068578e-05
0.07651665 0.0014859709 0.0041656196 0.002610242 0.0005560715 0.013377356 0.25069362 0.00028263876 0.0034294284 0.32814348 0.021195736 0.00053459563 0.00030095235 0.0007874668 0.00010424019 0.7398171 0.0020490068 0.69645673 7.209271e-05 0.00013880499 0.0006818246 0.79659176 5.9097665e-06 2.1444037e-05 0.69125336 0.0035078167 0.00092918775 2.8501342e-17 0.0014832505 0.00017995089 1.1633541e-05 5.670463e-05 0.06625856 6.149697e-05 8.04863e-05 1.1896034e-06 0.006077683 0.65561193 0.36838275 0.00046089775 5.104989e-06 8.729643e-05 2.0364423e-06 8.001486e-07 0.06464515 2.9180106e-07 3.8245744e-05 7.735178e-05 0.03208267 1.640325e-05 5.5815715e-05 6.0934854e-06 0.00010413627 8.632372e-06 8.636109e-08 2.5964886e-05 0.053389817 0.03490567 4.282327e-07 0.33625725 0.45143047 1.4983448e-07 0.06827647 0.62921196 0.008568479 0.00036256923 0.0007757286 0.13556822 0.005493837 2.3698917e-06 5.3681444e-05 1.7871292e-07 3.002226e-07 0.050011702 0.0076002087 0.049954064 0.016181879 2.4479434e-06 0.0343882 3.416993e-07 0.0067683966 5.5310096e-07 0.0012475436 0.0032371753 0.104324296 2.4475662e-07 0.047104925 1.0443953e-11 0.0010547288 0.0011330263 2.5249494e-09 3.1946616e-05 2.0400297e-05 0.0025604244 0.0020548294 0.0012798454 0.0032106128 0.0024943033 0.00016212788 0.0011185159 0.023944777
0.94830686 0.026784616 0.018404799 0.021663927 0.15092915 0.18803623 0.014363823 0.09900198 0.015111873 0.06573553 0.2257786 0.0034534778 0.0019740881 0.03489097 0.00051911536 0.0047667697 0.53992903 0.040997818 0.48747593 0.0025719488 0.0024421155 0.009049164 0.00037948677 0.0045484765 0.014284326 0.5640098 0.6728554 0.0014832505 1.4438709e-17 0.7093729 0.00026422052 0.022738112 0.25561985 0.012635248 0.000813832 0.0004673544 0.34024432 0.0002956503 0.00035692853 0.5118953 0.00026674624 0.05284167 0.00034269405 0.00019784708 0.025918964 0.00018726909 0.021094924 0.4015328 0.027148718 0.026064862 0.29497203 0.0007879141 0.27407458 0.00020504055 0.0024644905 0.019535068 0.0014986513 3.135816e-05 0.006371817 0.0006120913 0.0006711963 0.013192486 0.00021492531 0.000100123565 0.07979978 0.31555325 0.2475975 0.00036136791 0.012673787 0.04320561 0.17007004 0.0073582935 5.8409416e-05 0.00027881414 9.308782e-05 0.00013417104 0.0006999247 3.4957506e-05 3.3522007e-05 4.1307057e-06 0.00015900507 4.926344e-05 0.122126766 0.0010702313 6.3688153e-06 0.0031466184 1.2635878e-06 8.6331995e-05 0.0017886725 0.0012466095 5.4342067e-06 0.077948175 0.06728386 0.002971191 0.00018029823 3.2150585e-06 0.015799966 3.7517344e-05 0.07450951 0.0002246655 7.522122e-05
0.95150906 0.019552635 0.0063869115 0.019645287 0.14074606 0.15963736 0.0058347923 0.16181852 0.015882557 0.038824726 0.1516784 0.0061605563 0.0060480786 0.07040178 0.0016396189 0.0010041263 0.5151042 0.011454553 0.67854303 0.0026156208 0.00061058736 0.0029285154 0.0010809979 0.0022606542 0.0032402934 0.49973124 0.62419885 0.00017995089 0.7093729 1.5494375e-17 0.00044437763 0.08963672 0.12327454 0.043238 0.0019741284 0.00087898714 0.20722136 8.50692e-05 0.00013935265 0.5131508 0.0009286536 0.18888919 0.0012388402 0.00047770448 0.011602819 0.000398795 0.090469725 0.5150951 0.0099574225 0.09572636 0.47316334 0.003046993 0.43127176 0.0006046115 0.0016144252 0.068666704 0.00085513276 2.9691288e-05 0.006254621 0.00021281878 0.000323328 0.01177729 0.00013650401 6.736533e-05 0.048500553 0.41514337 0.27621323 7.8530495e-05 0.0068068667 0.12859583 0.3042827 0.004308921 0.00026840286 8.303045e-05 3.6855996e-05 8.686144e-05 0.000984878 0.00019665502 2.3860146e-05 2.669031e-05 0.00016207562 0.00018637718 0.110430606 0.001604037 6.147623e-06 0.007398116 2.013898e-06 0.0004191164 0.0013872625 0.0011904797 8.551751e-06 0.10622024 0.08499918 0.0014698555 8.517896e-05 2.2065713e-06 0.009594603 2.6237025e-05 0.06867027 9.798943e-05 6.9356676e-05
0.004438518 0.0003296265 0.0026104078 0.00018794306 0.0018092789 0.00033636522 0.0007710219 0.0027793697 0.56612325 0.0021494962 3.268915e-05 0.10374565 0.009541215 0.0038031244 0.0033787033 1.5809339e-05 2.5316106e-06 0.0005714335 0.00012924382 0.51727015 0.00038043395 0.00010659033 0.002223425 0.0013852788 0.0005957126 0.000232844 6.193775e-05 1.1633541e-05 0.00026422052 0.00044437763 2.9606844e-19 0.0004319812 8.1299724e-05 0.00041517225 0.00033562197 0.010464495 7.026484e-05 2.765283e-06 2.9616951e-06 1.9122808e-05 7.9293895e-05 0.0004326126 0.00026973695 9.337973e-05 0.0015442321 0.0007989237 0.0002449464 3.8130696e-05 0.00016404368 4.8187147e-05 0.00030137168 0.00030977177 0.0002287024 0.00037591966 0.6078311 0.0001654071 8.357232e-05 1.093175e-06 0.00502084 8.388849e-06 2.854361e-06 0.0068651265 2.5952024e-06 1.2530566e-06 3.318734e-05 0.00014514793 4.5013603e-05 3.1002535e-06 5.727765e-05 0.000107978725 0.00021263985 0.0033462946 0.00034085542 3.4156492e-06 1.3558446e-05 9.521303e-07 4.811427e-05 0.0034901581 8.42296e-06 0.0005478288 1.1195082e-05 0.00029696058 1.5463129e-05 1.2231793e-05 4.9051705e-06 0.00021472639 3.1403868e-08 0.032737274 4.5280826e-06 1.3612863e-05 0.019386891 1.0074398e-05 8.622725e-05 4.333515e-06 7.0429334e-05 1.971294e-07 2.2248523e-05 5.5808446e-06 1.8441781e-06 2.3412165e-06 7.001402e-06
