1.157867e-38 0.0002202623 0.00025859333 0.0012802031 0.00027656212 0.0037867893 0.007281096 0.008289188 0.017063044 0.03864022 0.051836617 0.006547192 0.05928671 0.00057946413 0.0061153225 0.0003469471 0.00036603495 0.018103585 0.08307926 0.17576161 0.048904557 0.03374125 0.03330256 0.021184055 1.01157475e-05 0.0023669037 0.09774292 0.00022375013 0.013179377 0.00012969514 0.14205158 0.17787439 0.008316637 0.15998909 0.25533232 2.0241916e-06 6.6891944e-06 0.03620135 0.014377632 0.17683768 0.30968302 0.055039156 0.49111286 0.50999 0.45089418 3.0087253e-06 3.5558173e-08 0.43710712 1.6919765e-05 0.0018595712 0.79382026 0.7433157 0.00015885715 0.55415154 0.54877025 0.076166615 0.4898304 0.69591933 0.7045099 2.7633744e-08 0.050558526 0.7771538 2.1683616e-07 2.940591e-09 0.7053032 0.01714609 0.103943735 0.7954731 0.9218366 2.9571143e-10 0.7010041 0.1370717 0.7721607 0.87729305 0.81750625 1.2025986e-07 0.88498276 0.044275098 0.9634377 0.00086862105 0.8794613 0.8363496 0.029697407 0.820218 0.0008495732 0.0070439517 0.460238 2.285299e-06 0.88095236 0.87574226 0.7608427 0.89773667 2.340908e-10 0.9754421 0.3850851 0.7181517 8.1348736e-07 0.867616 0.00011922351 0.5343235 8.1883377e-07
0.0002202623 2.6615678e-24 0.10066059 0.09961336 0.207115 0.10144341 0.18576327 0.027790947 0.14363526 0.02692114 0.07067538 0.018344978 0.087579966 0.11486808 0.0695294 0.04059649 0.040587105 0.006435715 0.050676882 0.040470887 0.017497325 0.08637355 0.046052545 0.002923278 0.019161364 0.0065474827 0.04445301 0.014084236 0.013367015 0.006768739 0.028081454 0.049537994 0.0050030043 0.0068410723 0.032181785 0.0057173553 0.004995 0.0015202127 0.0009671971 0.0238031 0.040139753 0.016841333 0.0056476644 0.020204946 0.032475807 0.0016260636 0.0042852573 0.027417611 0.00066393416 0.00012403149 0.0041079917 0.006563353 0.00063580263 0.0033594286 0.015227464 0.0019129149 0.013857724 0.014284512 0.0062356545 0.00012993444 0.001852347 0.006552421 0.0004931576 0.00014406687 0.013104329 0.0013204071 0.0015757862 0.012836341 0.008145118 1.2388324e-06 0.010036979 0.0034663046 0.00490994 0.006734202 0.0030258412 0.00041825793 0.009232528 0.00044178628 0.011484891 0.000930167 0.008468572 0.0019032105 0.003333185 0.0014832809 0.0013067189 0.001338343 0.0059100743 0.0004731772 0.0016578098 0.0280211 0.0017749688 0.001023539 0.0016653517 0.0138126 0.004251374 0.0021856208 0.00045902375 0.0021126766 2.4890469e-05 0.0010379514 1.2602633e-05
0.00025859333 0.10066059 5.1834255e-22 0.24358441 0.17829414 0.17608514 0.06985548 0.10112311 0.11218568 0.0791874 0.12558126 0.08643651 0.12105771 0.062336802 0.018436508 0.09309911 0.0057908623 0.032384012 0.07285694 0.083135895 0.04404904 0.059945818 0.011104447 0.013950171 0.0016249133 0.00087443745 0.012811746 0.04760761 0.0024107492 0.028253866 0.054870505 0.035119455 0.00085161417 0.03650195 0.044618066 0.013227931 0.0017756089 0.004061127 0.0028494 0.0071625886 0.018982664 0.00359424 0.02744844 0.03862818 0.020029336 0.0049153725 0.008098493 0.014417051 0.00033995585 0.00062638253 0.014832074 0.016864743 4.2273907e-05 0.007693091 0.008718691 0.0011233446 0.0073459186 0.021886598 0.013991227 5.4780947e-05 0.0010832697 0.013635666 0.00024653884 0.0009041244 0.0063868384 0.0005993094 0.00108051 0.016030172 0.015186587 1.6223705e-08 0.00465702 0.0022050042 0.0027394812 0.015821565 0.0018285558 0.0008119691 0.017307913 8.954149e-05 0.009775647 0.0041112644 0.016426496 0.0009869179 0.00058208866 0.0009332619 0.0042356797 0.0038525811 0.0030954825 0.00064639887 0.0008806274 0.02616606 0.002259028 0.00030729547 8.2239e-05 0.010872178 0.0021017487 0.0021691767 0.0011191962 0.00096345483 8.177467e-07 0.0003748657 1.1844544e-07
0.0012802031 0.09961336 0.24358441 4.4585505e-22 0.13416567 0.27123305 0.10195326 0.16319123 0.17029543 0.14987521 0.2077958 0.122053504 0.16815756 0.038947195 0.022844799 0.07133837 0.0061863763 0.06041414 0.123996906 0.17324986 0.0858204 0.11545573 0.014724526 0.025355227 0.0021595692 0.000921258 0.025235653 0.045743648 0.0027622087 0.026825927 0.10659509 0.058529053 0.001000577 0.07426264 0.0662 0.00990534 0.0012963997 0.005448421 0.002918185 0.008007308 0.034576457 0.0054733637 0.06543019 0.07364145 0.030113617 0.003915253 0.0057961806 0.027296066 0.00026467346 0.00064310926 0.037932206 0.042540893 5.0827184e-05 0.020279236 0.018499626 0.0008569346 0.01862657 0.04461136 0.027220191 2.5893647e-05 0.0013236764 0.029006036 0.00012303352 0.0003038156 0.014742306 0.00040967882 0.0009022653 0.032115493 0.032692954 4.904494e-09 0.008644108 0.0028200238 0.0056306645 0.027675683 0.0028021226 0.000405082 0.031244813 6.7802124e-05 0.019369459 0.0040049367 0.021490067 0.0014333636 0.00059880974 0.0012736709 0.0035184962 0.00338259 0.002969875 0.00032829848 0.0013774845 0.029134668 0.0034017656 0.00063021196 1.860711e-05 0.015164019 0.0021579338 0.0025104666 0.0006625632 0.0008634245 6.8456194e-07 0.00040479552 2.8042264e-08
0.00027656212 0.207115 0.17829414 0.13416567 2.9890815e-24 0.11288084 0.11357981 0.030366316 0.10965971 0.02368481 0.07114356 0.023415182 0.08802018 0.2668376 0.06015786 0.12009133 0.029200727 0.0065173367 0.035128996 0.027374998 0.009138073 0.058749527 0.03273235 0.0030936657 0.01413897 0.003971656 0.02684565 0.035711434 0.009712318 0.017497702 0.015380564 0.029453322 0.0041899215 0.0043305242 0.017545901 0.019365527 0.005407333 0.0015278717 0.0011187565 0.015008635 0.024580713 0.011276881 0.004484859 0.015235721 0.016650636 0.0035978598 0.015342204 0.012184027 0.0010252354 0.000102909195 0.002601683 0.006553549 0.0003909401 0.0036738943 0.008321543 0.0011398074 0.0071393405 0.009201491 0.004940815 0.00022088389 0.0023147936 0.0053229034 0.0009269277 0.0013540919 0.0053914553 0.0006327129 0.00078843196 0.00601575 0.003977507 5.1182997e-07 0.0048006037 0.0026479906 0.00263821 0.001885479 0.0014391479 0.00042252787 0.0026267674 0.00016650595 0.00584637 0.0012344907 0.0016399074 0.0009614942 0.0015875213 0.00082345225 0.0015209393 0.001382082 0.0035133979 0.00055636145 0.00057236175 0.008142325 0.0005371934 0.00025596653 0.00058477075 0.006053818 0.0018465284 0.0009902033 0.0009656344 0.00047702045 8.5548876e-05 0.00025352638 2.7001151e-06
0.0037867893 0.10144341 0.17608514 0.27123305 0.11288084 1.8583673e-21 0.15803884 0.1279499 0.23121849 0.19121231 0.26083127 0.091354415 0.23350741 0.037307084 0.024562411 0.054662343 0.0057838284 0.05486748 0.22030969 0.2713659 0.13711423 0.25258496 0.025535034 0.022066636 0.0021237691 0.00096518785 0.05822079 0.0362932 0.004833955 0.023745257 0.19574532 0.12086086 0.0015155377 0.12563342 0.12865676 0.00871569 0.0007086312 0.006124696 0.003817043 0.011328685 0.06015516 0.015374052 0.12139066 0.11922105 0.05448683 0.0037082839 0.002708606 0.056058373 0.00021831342 0.00076759455 0.09231835 0.09713928 5.665782e-05 0.039525274 0.043695483 0.0009789169 0.06475593 0.080721326 0.066765584 9.362277e-06 0.0020068693 0.0675505 6.693831e-05 0.00010526747 0.031076647 0.000509575 0.0012458334 0.060639687 0.0750724 7.711729e-10 0.017036475 0.0049400423 0.011714024 0.06364697 0.005560548 0.000108351625 0.09155194 0.000105336054 0.040200263 0.0051596267 0.050303876 0.003641428 0.00051072414 0.0034121254 0.0038326036 0.0033693318 0.0046673487 0.00023997856 0.0034899248 0.039848253 0.0048418674 0.0018075042 2.932175e-06 0.020937823 0.0013195733 0.0020147348 0.0005004171 0.0008090754 1.9053242e-06 0.0007683507 2.4562544e-08
0.007281096 0.18576327 0.06985548 0.10195326 0.11357981 0.15803884 3.5912738e-23 0.02735134 0.30285573 0.032449923 0.10066816 0.014643619 0.15162086 0.094874516 0.26664627 0.047542468 0.12510301 0.005167215 0.11158348 0.071725875 0.021469517 0.24036768 0.17795213 0.0025807682 0.06656469 0.030122304 0.1906042 0.013211447 0.08917931 0.0049111433 0.044095997 0.15347031 0.024711315 0.008694532 0.0669073 0.0040767146 0.010259617 0.0013526618 0.00067044585 0.09607672 0.15599845 0.09358249 0.016048864 0.045975447 0.10130222 0.0005237242 0.00075157476 0.09166632 0.0015462511 0.00018716643 0.008777583 0.023155507 0.00097414164 0.0054855132 0.06806314 0.009766888 0.06164033 0.016160458 0.022033958 0.00016746033 0.008091738 0.020596255 0.0005780197 1.7150305e-05 0.057251252 0.005017171 0.0068264445 0.01112717 0.022954544 1.1256711e-06 0.052960176 0.012379032 0.030872157 0.02108778 0.028996898 3.5766167e-05 0.023877723 0.003571366 0.05057742 0.0009127781 0.025630202 0.0085528735 0.004840979 0.007880189 0.0006399819 0.00058815256 0.012783517 7.539805e-05 0.008190913 0.025148153 0.001984325 0.0076948632 0.0009038232 0.012667335 0.006174776 0.0045027644 0.00024228366 0.011835235 2.2039874e-05 0.0057411916 1.595062e-05
0.008289188 0.027790947 0.10112311 0.16319123 0.030366316 0.1279499 0.02735134 3.798552e-18 0.03867509 0.15808123 0.09273854 0.26084122 0.07026791 0.00627999 0.006303132 0.04954168 0.0017100958 0.13653779 0.050985225 0.09127752 0.1134558 0.03912658 0.0054386193 0.04409531 0.0007197781 0.000626468 0.009131635 0.04577933 0.0020951484 0.05602119 0.049162272 0.022562733 0.0006219328 0.071816966 0.023173017 0.005018092 0.0010490149 0.019622972 0.016467113 0.003746936 0.016297756 0.0032109695 0.073040746 0.052669052 0.015393879 0.0109811695 0.00068281335 0.0125994375 0.00012951368 0.005820701 0.059900634 0.03973922 1.7542721e-05 0.0971851 0.007034526 0.00047687313 0.007967967 0.06047142 0.019010974 7.5714916e-06 0.0015765565 0.018343845 2.5907108e-05 0.00086799427 0.0047711697 0.0001806905 0.0009913094 0.04994402 0.028069807 5.7676275e-10 0.0033039488 0.0022465498 0.0018918569 0.019206448 0.000999011 0.0010164017 0.035578467 1.2326471e-05 0.01354905 0.009255325 0.031863768 0.0005225672 0.00036780414 0.00056700554 0.007178297 0.007833875 0.0017069593 0.0014440602 0.00037134803 0.030984767 0.01417632 0.00017964756 1.351284e-05 0.017291076 0.00065482757 0.0002641449 0.0022073828 0.00026598593 1.2945823e-06 0.000121151366 4.1723997e-08
0.017063044 0.14363526 0.11218568 0.17029543 0.10965971 0.23121849 0.30285573 0.03867509 3.7969072e-22 0.05513202 0.26345265 0.024857366 0.3103825 0.06263411 0.09524396 0.04956549 0.04024367 0.00716097 0.2382038 0.16233979 0.03370057 0.3273838 0.10059461 0.0022459757 0.015116961 0.0058883526 0.17000733 0.012478472 0.0225654 0.0048250514 0.118135035 0.22380042 0.0051864996 0.024203183 0.12054114 0.0042177867 0.0020781283 0.0012375081 0.0011257528 0.05577859 0.14405337 0.053551108 0.029847244 0.104275905 0.10214074 0.00043082202 0.00052931654 0.10909256 0.0005045243 0.00017480519 0.025296096 0.06531494 0.0002468583 0.01028367 0.08684261 0.003560032 0.087549165 0.021652298 0.054798752 3.4028766e-05 0.0043336377 0.051076937 0.00016055613 2.456457e-05 0.06205355 0.0016711523 0.0027781231 0.017547231 0.059914686 2.0076943e-08 0.044219438 0.0065266355 0.025232242 0.058723684 0.0159842 4.4072207e-05 0.06537275 0.00083200954 0.076028004 0.00090292294 0.051449683 0.004376566 0.0021131583 0.0035929065 0.0008177515 0.0007286638 0.00653348 3.909399e-05 0.004653562 0.037429743 0.0036934179 0.0050290995 0.00018719482 0.020559596 0.003278192 0.0017668024 0.00017333125 0.007113284 4.1450858e-06 0.0023721352 1.2088902e-06
0.03864022 0.02692114 0.0791874 0.14987521 0.02368481 0.19121231 0.032449923 0.15808123 0.05513202 2.4636235e-17 0.16509345 0.121824086 0.09286385 0.0051922225 0.005193463 0.034375757 0.0011368102 0.11105175 0.10625474 0.20255321 0.19276433 0.08644496 0.0044673444 0.040717125 0.0004946338 0.00038661328 0.01194549 0.024688689 0.0013153146 0.02607534 0.108975664 0.0333754 0.00042209533 0.16700406 0.04300683 0.0027635354 0.00026357168 0.01841849 0.009613338 0.0027372835 0.01761633 0.0024898557 0.1460914 0.093266375 0.01946108 0.005323109 0.0001529214 0.01715303 5.40088e-05 0.0028173898 0.12463895 0.08618311 1.596421e-05 0.12308747 0.010730326 0.00032717266 0.016995898 0.10953429 0.046082422 5.2279697e-06 0.0005910404 0.047780197 2.3349297e-05 0.00012976825 0.007666786 0.0001006075 0.00044334435 0.107505865 0.07622828 2.93633e-10 0.0033224947 0.0009085647 0.002066819 0.055417165 0.0009596364 0.0003267084 0.11908025 1.7712899e-05 0.022341143 0.0066581997 0.09205251 0.00072828453 0.00015570303 0.0008245886 0.004323817 0.0046664607 0.0013717368 0.00040278575 0.0006357868 0.052989785 0.02972397 0.00031923124 4.986542e-06 0.037365254 0.00023102935 0.0001837344 0.0010917446 0.0003002623 2.9937935e-06 0.0001552206 5.915557e-08
0.051836617 0.07067538 0.12558126 0.2077958 0.07114356 0.26083127 0.10066816 0.09273854 0.26345265 0.16509345 2.190563e-19 0.06917587 0.4365579 0.012164944 0.02192875 0.07472632 0.005488339 0.031312518 0.35853347 0.3891317 0.08345145 0.3009507 0.034110412 0.0061676963 0.0016066688 0.0010619012 0.09079926 0.024295997 0.0048810435 0.011886578 0.23351443 0.18917383 0.0011875558 0.09126637 0.17978922 0.0066195466 0.00032538472 0.00360619 0.002263614 0.017162677 0.098208435 0.010999208 0.1339089 0.2714806 0.102032706 0.001265488 0.0007780906 0.100586146 0.00013556177 0.0003390344 0.12260605 0.19789968 4.8046502e-05 0.07311943 0.06618316 0.0009842236 0.07791239 0.07557324 0.13587584 3.6652816e-06 0.0021571415 0.12943569 2.2361775e-05 8.437347e-05 0.042368162 0.00030437764 0.0010037688 0.063397765 0.17510551 1.3704335e-10 0.017411873 0.00299298 0.008890096 0.13668682 0.0035067264 5.9988866e-05 0.15169112 1.9878773e-05 0.107310064 0.0009980624 0.124945715 0.0013832194 0.00019193505 0.0011537375 0.00066477404 0.0005312375 0.0024887766 4.5896206e-05 0.0015414798 0.050419994 0.006214099 0.0016289948 1.4457233e-05 0.027121695 9.423264e-05 0.00012305008 0.00012348856 0.0020080295 7.869235e-07 0.00018818787 4.5728015e-08
0.006547192 0.018344978 0.08643651 0.122053504 0.023415182 0.091354415 0.014643619 0.26084122 0.024857366 0.121824086 0.06917587 3.1577695e-19 0.05256463 0.004130005 0.0025039094 0.069532864 0.00051059946 0.20319599 0.03618536 0.06605299 0.11596843 0.018281313 0.0022451535 0.08872965 0.00021580004 0.00020242651 0.0028341017 0.08710802 0.0011632349 0.14823085 0.028137475 0.012328136 0.0002178191 0.07363178 0.010655766 0.007839111 0.00018670665 0.038553882 0.045157418 0.0012464032 0.0076101166 0.0019015025 0.069212966 0.027593069 0.006918208 0.037895363 0.00034766534 0.004806901 2.2439877e-05 0.014573466 0.055761214 0.019948991 4.013959e-06 0.11872075 0.0019589479 0.00015007266 0.0026331982 0.05340915 0.007121443 1.1108169e-06 0.0004929082 0.007691932 2.313925e-06 0.0023345512 0.0013292938 4.114894e-05 0.00036873115 0.043202646 0.012674567 9.517879e-11 0.0005519328 0.0005660031 0.00032557533 0.006455118 0.00011795773 0.00393269 0.0140957255 7.4346e-07 0.0067834663 0.013102449 0.011351975 4.6846395e-05 3.993792e-05 5.653977e-05 0.010865399 0.012140734 0.00030671954 0.0029703593 3.4524415e-05 0.011292292 0.016475178 7.373624e-06 3.4412044e-06 0.009141767 3.753853e-05 5.1505854e-06 0.0049235784 1.4959576e-05 1.2880775e-08 7.84556e-06 8.679585e-09
0.05928671 0.087579966 0.12105771 0.16815756 0.08802018 0.23350741 0.15162086 0.07026791 0.3103825 0.09286385 0.4365579 0.05256463 1.5872745e-20 0.036325272 0.05091982 0.085213624 0.016513752 0.02004661 0.40640453 0.37587094 0.045629505 0.34692913 0.07529765 0.004456685 0.0041297292 0.0037677442 0.14827959 0.017546237 0.01628702 0.011990767 0.2728618 0.3046384 0.00552798 0.052202534 0.25139323 0.00905395 0.0011115376 0.0046455287 0.0028212399 0.06395568 0.1928645 0.027242357 0.08680051 0.28025416 0.1768608 0.0010203486 0.0018291768 0.1710911 0.00067546486 0.00039758912 0.07616909 0.1939576 0.0002808517 0.041994654 0.12977538 0.0027856894 0.13694055 0.051944096 0.14397058 3.3407527e-05 0.004132042 0.13814431 9.0161186e-05 0.000114813694 0.08178871 0.0013837023 0.0028969725 0.047516663 0.16357216 6.3432326e-09 0.04552705 0.006555418 0.025368221 0.14932197 0.009620703 0.00014704501 0.13085961 0.00041402443 0.14592186 0.0010793486 0.102640554 0.004644758 0.001330493 0.0036621043 0.0010624832 0.0012942639 0.0054064766 4.846057e-05 0.005248727 0.053212475 0.006566336 0.0067417617 8.575243e-05 0.027459897 0.0017227872 0.0009560151 0.00014402236 0.0072234557 2.9633368e-06 0.0020726123 2.703933e-07
0.00057946413 0.11486808 0.062336802 0.038947195 0.2668376 0.037307084 0.094874516 0.00627999 0.06263411 0.0051922225 0.012164944 0.004130005 0.036325272 1.4992259e-23 0.07053168 0.16364117 0.03699343 0.001011459 0.010164817 0.002622122 0.0017719684 0.023845145 0.044449396 0.0007306568 0.020489708 0.0025033448 0.027917756 0.032275073 0.011016771 0.017896801 0.002285405 0.020750454 0.0023622606 0.0005081742 0.0069437884 0.017356707 0.0069327247 0.00038804242 0.00014806013 0.015933061 0.029538738 0.0074723596 0.0010594493 0.0030861122 0.014725475 0.0010504755 0.010765402 0.010301898 0.00033172328 2.076092e-05 0.00056350406 0.0012517034 8.442071e-05 0.00025542956 0.0060946424 0.0009888648 0.0025842802 0.0027579803 0.00085366244 0.0008226673 0.00072531274 0.00073053973 0.00040768876 0.00091883854 0.005458234 0.00016255023 0.00028117327 0.00097114564 0.00018744152 1.5734344e-05 0.0039205104 0.0014264314 0.0038474097 5.4478925e-05 0.00098916 0.00010365284 0.00012768184 4.786717e-05 0.0026771645 0.00033591338 0.00055748876 0.00079299754 0.00035187104 0.0008318853 0.00034710497 0.00033032257 0.001640167 6.660921e-05 0.000683767 0.0004888646 2.826378e-05 0.00021257374 0.00015640458 0.00052247377 0.00032558368 0.0001862981 0.00016478062 1.2198733e-05 8.028561e-05 1.828847e-05 1.5669392e-06
0.0061153225 0.0695294 0.018436508 0.022844799 0.06015786 0.024562411 0.26664627 0.006303132 0.09524396 0.005193463 0.02192875 0.0025039094 0.05091982 0.07053168 2.7642598e-23 0.0075892434 0.22461078 0.0008468314 0.026893556 0.01621247 0.0022211543 0.09540521 0.22234449 0.0011778513 0.07514809 0.25135034 0.13935935 0.0006568863 0.22982028 0.0009412316 0.006108632 0.1051024 0.14724952 0.0018229606 0.03645437 0.0005208666 0.015507302 0.0005473836 0.00023936876 0.1743435 0.14220116 0.17322841 0.002635243 0.012586167 0.11214194 4.963259e-05 9.479743e-05 0.10100489 0.005684335 4.4897624e-05 0.0010623459 0.0031031317 0.005715316 0.0018646431 0.079060845 0.036465123 0.050288826 0.0044505075 0.004683753 0.00056381687 0.021375395 0.0041189617 0.0017515882 1.02323e-06 0.07297537 0.01443789 0.021979013 0.0025741756 0.005184098 1.4224755e-06 0.09490502 0.037237413 0.054520566 0.0045359945 0.07994519 6.131858e-07 0.005221567 0.012285977 0.02851348 6.617858e-05 0.006800054 0.028610712 0.010387451 0.024614189 4.314013e-05 7.141458e-05 0.029401703 2.2830009e-06 0.022222893 0.014084008 0.00016683195 0.025999561 0.0008349629 0.006296923 0.019525792 0.009181492 1.2706688e-05 0.022500776 0.00026492722 0.012371589 0.00045157145
0.0003469471 0.04059649 0.09309911 0.07133837 0.12009133 0.054662343 0.047542468 0.04954168 0.04956549 0.034375757 0.07472632 0.069532864 0.085213624 0.16364117 0.0075892434 2.2643857e-21 0.0022632114 0.011902226 0.04886325 0.053978343 0.014121376 0.026244 0.0055388296 0.007828154 0.0014856296 0.00065518206 0.005928421 0.28025085 0.0044419374 0.10274737 0.03764132 0.024531117 0.00020740168 0.014147528 0.04373704 0.20212063 0.002406485 0.0019985156 0.0015389632 0.0010854042 0.014862128 0.0027019058 0.019357977 0.037450295 0.008538175 0.02328239 0.041250188 0.00935425 0.00012411858 0.00040810517 0.007425312 0.017279867 1.0493695e-05 0.0038773043 0.0067627933 0.00012026968 0.0048805615 0.011612283 0.012886114 3.291921e-05 0.00029157926 0.013132383 5.0841678e-05 0.03524251 0.0026985402 1.618999e-05 0.00011395835 0.0062112785 0.011917015 8.220743e-08 0.0019694762 0.0006465283 0.0015248425 0.010573821 0.0007326653 0.0016922113 0.013088074 1.7591178e-06 0.009624704 0.0037430862 0.02032706 0.00051414676 4.0595023e-05 0.00044819427 0.0022122625 0.0009572422 0.0007344369 9.3314826e-05 0.00035182407 0.019078972 0.0001373549 7.091332e-05 0.00013604524 0.0022906475 5.892566e-05 2.3514593e-05 6.0965693e-05 3.579336e-05 6.4754886e-07 6.6731955e-06 1.6887723e-08
0.00036603495 0.040587105 0.0057908623 0.0061863763 0.029200727 0.0057838284 0.12510301 0.0017100958 0.04024367 0.0011368102 0.005488339 0.00051059946 0.016513752 0.03699343 0.22461078 0.0022632114 2.372499e-25 0.00029266885 0.00547746 0.0033637679 0.0011909658 0.022365216 0.09049736 0.0006408718 0.11876027 0.17141028 0.059242897 0.00054466125 0.10682878 0.0005929726 0.0013681616 0.033337925 0.08248651 0.0007361992 0.010839349 0.00016393891 0.0424159 0.0002818759 0.00014525192 0.08743448 0.05636246 0.09145978 0.0010865321 0.0026301274 0.045769546 2.7094313e-05 2.5706573e-05 0.035073277 0.01168688 1.7693721e-05 0.00023373927 0.00039774345 0.007212789 0.00030117083 0.022842525 0.018670525 0.010494596 0.0032336037 0.00065326504 0.0031206296 0.008093355 0.0007302608 0.005275628 3.3382653e-07 0.022628672 0.0070860824 0.01099613 0.0014560142 0.000550236 4.2490262e-07 0.030508624 0.017908257 0.015871141 0.00042395675 0.033339825 5.3305706e-07 0.0010723416 0.0064960374 0.007915223 1.9274701e-05 0.0021113753 0.012019624 0.004606097 0.010390924 1.5281375e-05 2.086803e-05 0.013405254 1.5954886e-06 0.0081563145 0.0034111917 1.2290318e-05 0.0085369535 0.00021580025 0.0026451966 0.010370531 0.0050543835 1.9290378e-06 0.009182166 0.0003308393 0.0044573355 0.0014687583
0.018103585 0.006435715 0.032384012 0.06041414 0.0065173367 0.05486748 0.005167215 0.13653779 0.00716097 0.11105175 0.031312518 0.20319599 0.02004661 0.001011459 0.0008468314 0.011902226 0.00029266885 2.3720627e-19 0.01867848 0.03895656 0.24734351 0.011056403 0.0007717208 0.25656307 9.91864e-05 0.00015000613 0.0015689833 0.01846693 0.0004858894 0.04697539 0.023206284 0.0066749398 0.00014920715 0.116903454 0.008141041 0.0014581319 7.7909186e-05 0.11575708 0.085612126 0.0007405845 0.0064956252 0.00085999153 0.081185125 0.01689176 0.0065674796 0.009939117 1.8335953e-05 0.004332135 2.7592863e-05 0.021720404 0.07584076 0.016822169 8.542891e-06 0.12428084 0.0024929584 0.0001054248 0.0029153868 0.08958571 0.0075665615 1.1169377e-06 0.00024012073 0.008375571 4.637603e-06 0.00023858543 0.0018125012 5.075748e-05 0.00021832384 0.07672287 0.01582296 2.946e-11 0.0008989371 0.0004363729 0.000506726 0.010812703 0.00013727437 0.0013107315 0.030409325 1.22224e-06 0.0054768464 0.022789726 0.023492096 5.908609e-05 4.9909355e-05 8.2680956e-05 0.014771742 0.014343531 0.00028304497 0.0023502186 6.6163055e-05 0.017091211 0.03962024 2.374644e-05 1.7580747e-06 0.018056367 2.4753384e-05 6.0756365e-06 0.0041148313 6.488591e-06 1.9298234e-08 2.7687558e-06 9.98018e-09
0.08307926 0.050676882 0.07285694 0.123996906 0.035128996 0.22030969 0.11158348 0.050985225 0.2382038 0.10625474 0.35853347 0.03618536 0.40640453 0.010164817 0.026893556 0.04886325 0.00547746 0.01867848 3.8276248e-20 0.5365589 0.08716453 0.441938 0.04721505 0.0057501663 0.0021673755 0.002063702 0.1258465 0.021308484 0.009907957 0.010756807 0.45472115 0.3383997 0.0031526226 0.11957008 0.3293283 0.0036633408 0.0005116114 0.0044430117 0.0021258895 0.031784184 0.20734173 0.020179482 0.22291882 0.3613247 0.23408405 0.0017105796 0.0006939892 0.27441108 0.00028576815 0.00048027493 0.21642268 0.30193043 9.50889e-05 0.052060626 0.22900906 0.0019072132 0.30767235 0.11847147 0.21829137 1.0774742e-05 0.0048246193 0.21533637 4.874103e-05 4.3703927e-05 0.13786612 0.0013024185 0.002753524 0.115726694 0.2647889 4.383815e-10 0.055460926 0.0062445514 0.035249885 0.24614859 0.00905775 0.000113011796 0.26980597 0.00016927505 0.24676208 0.0015441438 0.19903491 0.004556976 0.00091308716 0.0041503645 0.0010634826 0.0008568773 0.007579996 9.104521e-05 0.006114749 0.0919482 0.008841626 0.0067519634 8.323995e-06 0.032851256 0.0011306785 0.0005508004 0.000201635 0.00340899 3.27651e-06 0.00072318636 6.435132e-08
0.17576161 0.040470887 0.083135895 0.17324986 0.027374998 0.2713659 0.071725875 0.09127752 0.16233979 0.20255321 0.3891317 0.06605299 0.37587094 0.002622122 0.01621247 0.053978343 0.0033637679 0.03895656 0.5365589 1.3399795e-18 0.15980862 0.37029833 0.033541057 0.011809028 0.0014020959 0.0011499313 0.09342067 0.024883756 0.009326479 0.014936519 0.4801215 0.30366197 0.0018226372 0.23998542 0.27873528 0.005719678 0.00016315983 0.0065871407 0.0033530192 0.02351498 0.17396194 0.01200089 0.38980523 0.3740622 0.18752159 0.001911423 0.0006170232 0.19545789 0.00010022426 0.00046754297 0.3473982 0.2967954 5.1792154e-05 0.12629926 0.13026649 0.00053735124 0.15129024 0.17289163 0.17882372 1.0290728e-05 0.0016056186 0.1754437 1.7235847e-05 9.4649644e-05 0.062231313 0.00023440806 0.00062953046 0.1762025 0.30446762 3.850931e-10 0.021750564 0.0016986392 0.01129241 0.2361799 0.0019145044 0.00023459928 0.3048656 1.5828635e-05 0.14630383 0.0014043011 0.23586765 0.0011647742 0.00011949408 0.0011962875 0.00087912293 0.00051635207 0.0017433482 0.00011653114 0.0017944056 0.09477263 0.013019536 0.0011433009 1.557331e-05 0.038607813 4.5688463e-05 3.7160367e-05 0.00017555062 0.0010994377 7.575164e-07 0.00020719114 7.5645694e-08
0.048904557 0.017497325 0.04404904 0.0858204 0.009138073 0.13711423 0.021469517 0.1134558 0.03370057 0.19276433 0.08345145 0.11596843 0.045629505 0.0017719684 0.0022211543 0.014121376 0.0011909658 0.24734351 0.08716453 0.15980862 3.900281e-17 0.043190822 0.0027368567 0.2258172 0.0007340259 0.00041402425 0.006847302 0.021768786 0.0017686154 0.033124316 0.13573346 0.028749848 0.00049323804 0.38856018 0.03395622 0.0019257477 0.00061920396 0.14325354 0.04073243 0.0025180066 0.014442813 0.0023103408 0.27952802 0.049882036 0.017113652 0.009959664 1.0660328e-05 0.017024823 0.00012321846 0.022040436 0.22072396 0.05658235 2.7750593e-05 0.18505305 0.011144851 0.0007201355 0.019353148 0.22426671 0.029108154 4.723928e-06 0.0005715155 0.031970866 9.566863e-06 9.373162e-05 0.008113978 0.00020217898 0.00042204562 0.2311284 0.053266536 2.335984e-10 0.0031260194 0.00086118194 0.0022595236 0.04137598 0.001136156 0.0014214681 0.1274888 3.5070472e-05 0.012513579 0.03157019 0.09132283 0.00059892604 0.00016717296 0.00067179825 0.024762541 0.023674218 0.0007738082 0.0037279315 0.00043611537 0.052894164 0.107840665 0.0001329309 6.441588e-07 0.06694766 0.00025580788 0.00010522922 0.008640551 3.1399602e-05 1.2231275e-06 3.1559404e-05 5.2148977e-08
0.03374125 0.08637355 0.059945818 0.11545573 0.058749527 0.25258496 0.24036768 0.03912658 0.3273838 0.08644496 0.3009507 0.018281313 0.34692913 0.023845145 0.09540521 0.026244 0.022365216 0.011056403 0.441938 0.37029833 0.043190822 1.0068058e-22 0.1617393 0.0060413545 0.005628053 0.008218208 0.30252612 0.01176811 0.035459723 0.0045048282 0.36730644 0.43543473 0.010232009 0.05064936 0.37544993 0.0023139385 0.00083589944 0.00431856 0.0022364538 0.10162179 0.35718584 0.06704835 0.09686663 0.26656288 0.3442871 9.6490025e-05 0.0005970091 0.36704582 0.00043166365 0.0005467114 0.09022758 0.18882412 0.00026729578 0.0303118 0.3242467 0.006241797 0.381247 0.06854365 0.1880245 6.7783794e-06 0.0106131155 0.19339854 5.9630318e-05 4.9896103e-06 0.23514603 0.0057406025 0.0072970698 0.05564889 0.1859947 7.833082e-10 0.1427974 0.022595089 0.11721103 0.20080933 0.03294571 1.8965473e-05 0.1777147 0.0014732602 0.19832826 0.0011754456 0.15643995 0.013121692 0.0044610477 0.011243367 0.0012820534 0.0010910016 0.016051894 2.239084e-05 0.0155825745 0.062441394 0.0041823005 0.015438243 3.336634e-06 0.021750469 0.0055758813 0.0026926943 4.4069766e-05 0.012352096 8.0279715e-05 0.0029092557 1.4675318e-06
0.03330256 0.046052545 0.011104447 0.014724526 0.03273235 0.025535034 0.17795213 0.0054386193 0.10059461 0.0044673444 0.034110412 0.0022451535 0.07529765 0.044449396 0.22234449 0.0055388296 0.09049736 0.0007717208 0.04721505 0.033541057 0.0027368567 0.1617393 4.51608e-23 0.0009329237 0.034094766 0.16044736 0.22609916 0.0005671556 0.3044538 0.00037274353 0.019358702 0.16263495 0.18535125 0.0033489175 0.05859877 0.00045054918 0.0066440073 0.000481707 0.00021337255 0.24998009 0.24075875 0.22858498 0.006489638 0.024303082 0.2085464 6.226078e-06 0.00028472568 0.1880551 0.005127566 3.0707237e-05 0.0042916783 0.010778155 0.0063175336 0.0022120432 0.16228887 0.05097159 0.12702006 0.007980827 0.020634351 0.000120905985 0.034327768 0.021771807 0.00043642765 1.0747439e-06 0.1488333 0.020984653 0.034329202 0.005511236 0.023866214 2.9612897e-07 0.17582297 0.058224246 0.11170529 0.024509402 0.14711218 2.8536678e-07 0.018541995 0.013662605 0.077749744 4.0860657e-05 0.019357659 0.061361805 0.014125754 0.05099021 3.8242462e-05 5.942844e-05 0.05008678 2.0751863e-06 0.05366599 0.012654614 0.0003597837 0.07369107 0.00028206035 0.0065988256 0.02603138 0.0150003005 9.275936e-06 0.048815496 0.00052494305 0.02571329 0.00045605426
0.021184055 0.002923278 0.013950171 0.025355227 0.0030936657 0.022066636 0.0025807682 0.04409531 0.0022459757 0.040717125 0.0061676963 0.08872965 0.004456685 0.0007306568 0.0011778513 0.007828154 0.0006408718 0.25656307 0.0057501663 0.011809028 0.2258172 0.0060413545 0.0009329237 1.3420918e-19 0.0003361762 0.00055802776 0.0013761707 0.017719844 0.001757934 0.033149377 0.006017715 0.0031746577 0.00044666175 0.06906181 0.002560477 0.0014442418 0.0003577239 0.29197818 0.20631702 0.0005387431 0.003269054 0.0013973031 0.035472803 0.0021472822 0.0030830407 0.013757909 8.266924e-06 0.001645228 5.92803e-05 0.030768376 0.02858855 0.002194154 2.9053957e-05 0.057129573 0.0006299881 8.630351e-05 0.00085123576 0.054775234 0.0011493393 4.3976625e-06 0.0002813353 0.0013371859 1.5558731e-05 0.00044294732 0.00040899822 7.054334e-05 0.00011502882 0.05614042 0.002677203 1.1206521e-11 0.00014851507 0.00017796144 6.857565e-05 0.0021243654 1.659439e-05 0.0019617109 0.008211377 8.3782993e-07 0.0007244327 0.020972176 0.0066947187 1.0616236e-05 2.0232394e-05 1.5367865e-05 0.012828699 0.010878946 8.088598e-05 0.0021573822 1.0047332e-05 0.0064822924 0.028558556 1.6954872e-06 4.54001e-07 0.016724175 6.7647534e-06 7.328431e-07 0.0036352728 1.5786205e-06 1.1785888e-08 5.4337744e-07 4.4048818e-08
1.01157475e-05 0.019161364 0.0016249133 0.0021595692 0.01413897 0.0021237691 0.06656469 0.0007197781 0.015116961 0.0004946338 0.0016066688 0.00021580004 0.0041297292 0.020489708 0.07514809 0.0014856296 0.11876027 9.91864e-05 0.0021673755 0.0014020959 0.0007340259 0.005628053 0.034094766 0.0003361762 3.1936392e-27 0.0649274 0.019419115 0.00024304043 0.050613362 0.00018171927 0.0013264313 0.013242794 0.03868036 0.0004797729 0.00518758 6.202784e-05 0.2965878 0.00010828571 5.1761e-05 0.034655225 0.026101356 0.025893463 0.00076778966 0.00043996386 0.016625715 4.700013e-06 3.3788933e-06 0.012324775 0.042337716 8.773581e-06 0.00016758814 0.00023065884 0.012635513 9.53317e-05 0.00758725 0.0093962625 0.0048620375 0.001478243 0.00035534528 0.08746628 0.0031385864 0.000496324 0.050526112 4.0844622e-08 0.00616669 0.004123171 0.004309546 0.0004239527 0.00023331479 1.4358282e-06 0.007306206 0.006173866 0.0048256936 0.00011688664 0.0050728614 8.3129834e-08 0.00016811254 0.00429273 0.0020105122 6.8309178e-06 0.0004619188 0.003788498 0.0031610162 0.004038639 9.823724e-06 1.6042932e-05 0.0064869863 4.892236e-07 0.0040297327 0.0003496499 8.947035e-06 0.002564052 3.2536e-05 0.0002570725 0.0053048143 0.0030754 4.0189283e-07 0.001434277 0.0009551767 0.0013349523 0.0052160104
0.0023669037 0.0065474827 0.00087443745 0.000921258 0.003971656 0.00096518785 0.030122304 0.000626468 0.0058883526 0.00038661328 0.0010619012 0.00020242651 0.0037677442 0.0025033448 0.25135034 0.00065518206 0.17141028 0.00015000613 0.002063702 0.0011499313 0.00041402425 0.008218208 0.16044736 0.00055802776 0.0649274 6.4374205e-25 0.043760184 7.4012874e-05 0.37819785 9.513697e-05 0.0015935622 0.024958685 0.42044055 0.00034993014 0.007034127 3.6435227e-05 0.045671236 0.00028415574 9.6298354e-05 0.21571855 0.06958754 0.18367442 0.0006824632 0.0019358826 0.046356887 1.9810122e-06 2.5033576e-06 0.027566228 0.078838766 5.1439197e-06 0.00024041816 0.00052081293 0.041659612 0.0002143536 0.019290708 0.1442956 0.011232588 0.0012236228 0.0008397723 0.0010189697 0.09158459 0.0011202005 0.009291722 3.2866792e-09 0.026432024 0.10176034 0.092810445 0.00093363575 0.0012820193 6.417759e-09 0.06312592 0.07936608 0.031380985 0.0006168131 0.0948719 1.687449e-08 0.00075986545 0.063968524 0.006714729 3.0253443e-06 0.0012190199 0.048972987 0.020862635 0.04017014 2.9812657e-06 1.05240615e-05 0.03828431 5.636421e-07 0.029722732 0.001165741 2.5832662e-06 0.04533576 9.140324e-06 0.0007323684 0.02624258 0.017542446 1.7043182e-07 0.006794725 0.0038142898 0.009305712 0.006455798
0.09774292 0.04445301 0.012811746 0.025235653 0.02684565 0.05822079 0.1906042 0.009131635 0.17000733 0.01194549 0.09079926 0.0028341017 0.14827959 0.027917756 0.13935935 0.005928421 0.059242897 0.0015689833 0.1258465 0.09342067 0.006847302 0.30252612 0.22609916 0.0013761707 0.019419115 0.043760184 1.0283644e-22 0.0011602985 0.12945898 0.00043348357 0.07169666 0.29314435 0.059433546 0.0077161845 0.14726214 0.0005945319 0.0031727601 0.0007802087 0.0004405168 0.22599678 0.31818244 0.17849539 0.01902986 0.08731037 0.30248022 6.7363235e-06 0.00050873525 0.28568316 0.0026837664 7.067424e-05 0.014913674 0.04366005 0.0034550852 0.005169073 0.25097895 0.022638924 0.24721782 0.015755795 0.058239393 5.9535258e-05 0.021849388 0.057690453 0.00016637245 1.671479e-06 0.20676975 0.012253488 0.017697671 0.012173845 0.056745984 1.4430715e-07 0.19959044 0.037588302 0.14223436 0.0736872 0.12784633 1.126917e-06 0.0587208 0.008573805 0.16146378 7.157024e-05 0.056038465 0.046862002 0.014512441 0.03710395 4.466671e-05 5.3021784e-05 0.035561647 4.01595e-06 0.042624813 0.029220393 0.00082449854 0.060092997 0.0002747042 0.0065562557 0.022152936 0.013642444 2.7200073e-05 0.053105887 0.0004068644 0.022059992 6.4593296e-05
0.00022375013 0.014084236 0.04760761 0.045743648 0.035711434 0.0362932 0.013211447 0.04577933 0.012478472 0.024688689 0.024295997 0.08710802 0.017546237 0.032275073 0.0006568863 0.28025085 0.00054466125 0.01846693 0.021308484 0.024883756 0.021768786 0.01176811 0.0005671556 0.017719844 0.00024304043 7.4012874e-05 0.0011602985 1.8040528e-20 0.00021882096 0.2373213 0.021324519 0.009425938 1.7106902e-05 0.016548987 0.011781507 0.2923329 0.0010514301 0.009643139 0.012302039 5.6618606e-05 0.005165673 0.00020967644 0.022322424 0.011900649 0.002346407 0.09505863 0.031886805 0.0032350519 4.9592627e-06 0.0059897117 0.014131042 0.0119005805 6.8795873e-07 0.0058901752 0.002569752 7.918699e-06 0.002547559 0.02262652 0.012574757 1.948027e-05 3.2877862e-05 0.014490584 8.831589e-06 0.16337663 0.00080737507 2.4405751e-06 2.651485e-05 0.013222634 0.012387139 1.4668755e-08 0.0006466449 0.00020908637 0.00071051274 0.011991671 0.00032347633 0.026180193 0.017018547 3.3335442e-07 0.005854387 0.00886436 0.027849406 0.00023196697 2.1535812e-05 0.00018177298 0.007622319 0.0031881582 0.0008646622 0.0012861793 0.00011504803 0.021181798 0.00049300055 1.200709e-05 2.7749586e-05 0.0031591614 7.364464e-05 4.292779e-05 0.0004048538 1.4047995e-05 2.1223117e-08 2.1471931e-05 6.2571553e-10
0.013179377 0.013367015 0.0024107492 0.0027622087 0.009712318 0.004833955 0.08917931 0.0020951484 0.0225654 0.0013153146 0.0048810435 0.0011632349 0.01628702 0.011016771 0.22982028 0.0044419374 0.10682878 0.0004858894 0.009907957 0.009326479 0.0017686154 0.035459723 0.3044538 0.001757934 0.050613362 0.37819785 0.12945898 0.00021882096 1.08601124e-23 0.00024398329 0.007856297 0.07499481 0.5655923 0.002144413 0.023133608 0.00018885905 0.0151167605 0.0009981424 0.00073382154 0.42807013 0.20143957 0.39020336 0.0048987903 0.007287574 0.13156527 7.2827934e-06 2.0253685e-05 0.09964659 0.021099608 8.134695e-05 0.0029133768 0.0044928836 0.0193636 0.0011854772 0.07482186 0.20498562 0.056862306 0.0070727686 0.007882001 0.00021507192 0.17039469 0.008071226 0.002223003 2.6504042e-08 0.08696813 0.111268654 0.1730543 0.00439729 0.009123835 1.9600268e-08 0.146054 0.2227586 0.11278731 0.007477988 0.19802915 1.3736832e-07 0.0063147536 0.047734246 0.03040296 1.5396661e-05 0.007873736 0.12498189 0.028206121 0.11277359 1.8247963e-05 0.000100042336 0.13232335 1.3070884e-06 0.09847239 0.0031206072 1.4489435e-05 0.13079618 1.0793624e-05 0.002395817 0.03279257 0.02767658 2.1829062e-07 0.04214647 0.0012431316 0.020882173 0.0028985422
0.00012969514 0.006768739 0.028253866 0.026825927 0.017497702 0.023745257 0.0049111433 0.05602119 0.0048250514 0.02607534 0.011886578 0.14823085 0.011990767 0.017896801 0.0009412316 0.10274737 0.0005929726 0.04697539 0.010756807 0.014936519 0.033124316 0.0045048282 0.00037274353 0.033149377 0.00018171927 9.513697e-05 0.00043348357 0.2373213 0.00024398329 7.407773e-21 0.010840176 0.0051363828 2.376862e-05 0.017926106 0.0066412077 0.09162998 0.0011906581 0.021293832 0.034372557 0.00016280232 0.002340031 8.42719e-05 0.019701233 0.005125808 0.002072133 0.16770308 0.004524614 0.0021029264 5.5282067e-06 0.026838386 0.013174432 0.004511217 1.3227595e-06 0.010787776 0.0013256067 1.5726768e-05 0.0009195736 0.018585112 0.004688106 6.3347966e-06 2.9852015e-05 0.0063615646 8.646049e-06 0.03042367 0.0011029686 4.152762e-06 5.6121607e-05 0.012200916 0.004299861 2.5229626e-08 0.0005271517 0.00019735242 0.0005533315 0.0023403773 0.00018215616 0.045786817 0.004140454 8.5168955e-07 0.0015893761 0.010643305 0.0046026455 9.791787e-05 3.170623e-05 9.1331574e-05 0.0066875364 0.0042195367 0.00027419275 0.0063078017 7.115469e-05 0.0033398308 0.0018921952 1.281221e-05 6.6733155e-06 0.0018012191 0.00015222328 2.979684e-05 0.0031573905 4.7292747e-06 2.0958426e-08 1.915747e-05 1.5233516e-09
0.14205158 0.028081454 0.054870505 0.10659509 0.015380564 0.19574532 0.044095997 0.049162272 0.118135035 0.108975664 0.23351443 0.028137475 0.2728618 0.002285405 0.006108632 0.03764132 0.0013681616 0.023206284 0.45472115 0.4801215 0.13573346 0.36730644 0.019358702 0.006017715 0.0013264313 0.0015935622 0.07169666 0.021324519 0.007856297 0.010840176 1.8051484e-19 0.3242881 0.002654715 0.17266026 0.3369014 0.0046065603 0.0004521845 0.0034791548 0.0017826934 0.016514089 0.1584742 0.013607879 0.32331517 0.37753445 0.16551591 0.0015807275 0.0005746228 0.21315737 0.00023304259 0.00031506643 0.33671114 0.3339876 8.340656e-05 0.08547334 0.16685201 0.0012482023 0.2887815 0.16206868 0.24444273 1.1515477e-05 0.0035963315 0.25846708 3.3106793e-05 0.000100037185 0.09842011 0.0012392945 0.0013947828 0.19646257 0.3345101 5.5089067e-10 0.025098529 0.0027010674 0.01570461 0.31794348 0.0022707544 0.00015136442 0.34793752 9.31563e-05 0.19426468 0.00090705696 0.28972998 0.0009962338 0.0003729672 0.00075596874 0.00056960405 0.0003871156 0.00057962054 8.379403e-05 0.001682082 0.107039824 0.01570306 0.0017434338 1.8551817e-06 0.047684178 0.0001729749 6.48045e-05 0.0002386883 0.0007399438 1.2922903e-06 0.00034073825 1.1935518e-07
0.17787439 0.049537994 0.035119455 0.058529053 0.029453322 0.12086086 0.15347031 0.022562733 0.22380042 0.0333754 0.18917383 0.012328136 0.3046384 0.020750454 0.1051024 0.024531117 0.033337925 0.0066749398 0.3383997 0.30366197 0.028749848 0.43543473 0.16263495 0.0031746577 0.013242794 0.024958685 0.29314435 0.009425938 0.07499481 0.0051363828 0.3242881 1.3399164e-21 0.034944993 0.043425728 0.3750917 0.0036205908 0.002557713 0.0020832657 0.0013263591 0.2031219 0.41469878 0.11165396 0.16012824 0.3541903 0.4004177 0.00026184073 0.002799964 0.4337176 0.002455236 0.00034341443 0.1289809 0.27325794 0.0019910259 0.02129956 0.40059292 0.008786406 0.46434474 0.056520816 0.1925152 0.00011565163 0.014835894 0.1962306 0.00032477276 1.742896e-05 0.3340779 0.008892441 0.011172638 0.054842003 0.28015614 2.6913666e-08 0.22316147 0.021456234 0.16927376 0.25428677 0.0933648 3.5455727e-05 0.20531909 0.004785674 0.42996088 0.00029517588 0.15509307 0.024469703 0.010322748 0.020171471 0.00015230286 0.0002459616 0.032834508 1.9451514e-05 0.024352713 0.061391514 0.0025626388 0.03167983 0.00016428212 0.015255123 0.016871402 0.006043728 0.00013159902 0.058652468 0.00012386753 0.023885924 7.984629e-06
