1.638516e-35 0.95879 0.93902504 0.92504865 0.9570379 0.9680942 0.98817396 0.99763644 0.9678865 0.94704264 0.9912425 0.9219359 0.8964546 0.98703253 0.9217607 0.9275226 0.97761905 0.9048426 0.9919031 0.53139067 0.8340571 0.5846009 0.99110085 0.959872 0.9857407 0.9742861 0.9646672 0.31135094 0.6914664 0.92422634 0.8362496 0.07397582 0.13587798 0.8664148 0.99894834 0.99066937 0.8747277 0.9365338 0.89972794 0.92974675 0.99464023 0.38086432 0.9996532 0.9993731 0.08397038 0.38573125 0.14125028 0.020208156 0.47849166 0.023427678 0.1432076 0.88347584 0.2003267 0.89081883 0.05103729 0.04066393 0.01264939 0.8484297 0.10665965 0.5348625 0.91673344 0.014047802 0.004632582 0.065814264 0.0061151218 0.070608 0.004751331 0.02641332 0.0041046725 0.0033332696 0.07858443 0.21871875 0.014130745 0.004586921 0.00392296 0.1303281 0.0013559507 0.90808576 0.00706966 0.0005350692 0.0005534242 0.0013299164 0.103031814 0.0052827494 0.0012219902 0.039584048 0.0027199073 0.00079991674 0.00023503686 0.0059450604 0.0008684186 0.895109 0.000909891 0.00091126515 6.9332076e-05 0.0005217073 0.0005605967 0.00039377355 0.0023179085 0.08305121 0.024013322
0.95879 3.1931704e-23 0.5917074 0.86577886 0.50614494 0.054970738 0.2385206 0.06438612 0.120198086 0.14858222 0.06432528 0.02355112 0.32238737 0.09551214 0.046371095 0.19796337 0.0047200173 0.0055205864 0.17788376 0.018196788 0.16816731 0.016248614 0.004998272 0.028265623 0.0077930964 0.005109434 0.008904844 0.068416335 0.0075619994 0.011500815 0.054934632 0.0048618033 0.0028996232 0.0011149817 0.1250021 2.993319e-06 0.0003087251 4.9422283e-06 5.582415e-06 1.0271926e-06 0.00817959 0.004921869 0.03194103 0.05390994 0.006150911 1.7243623e-05 0.00067769835 0.00073354 9.730636e-07 0.00021753201 4.2834796e-05 5.008157e-09 4.1877597e-06 9.675668e-09 8.1013895e-05 0.007528327 0.0056527024 0.00424788 0.018024702 0.00018207001 0.008199745 0.004593682 0.0006088575 0.0017123953 0.0016900188 2.034185e-06 0.0048729344 2.7435713e-05 0.00018165183 0.0010687177 3.379307e-07 1.0563439e-05 0.0034708083 3.8929134e-05 3.673318e-05 1.0406864e-08 2.2564087e-05 0.0002070365 4.1396834e-05 8.9057e-05 7.799449e-06 0.0035767122 1.5734605e-08 0.005601785 0.000592711 2.2787971e-07 6.5144404e-06 0.0004591271 2.6740272e-05 1.4257853e-06 0.0001012554 1.32218265e-05 1.8577932e-06 0.0001393468 5.3963513e-06 1.2337732e-06 4.001424e-05 5.999624e-07 0.004125012 1.9920524e-05 7.634176e-07
0.93902504 0.5917074 3.8659205e-22 0.16021001 0.7837083 0.015860224 0.28071004 0.016943462 0.3753589 0.2814588 0.016860602 0.008982546 0.2728325 0.2051128 0.016493008 0.1746703 0.039454535 0.041163977 0.32782367 0.004311817 0.19203453 0.0038640632 0.0009972418 0.010761706 0.00059346633 0.01627532 0.019779645 0.061306607 0.0019265781 0.0029769829 0.10528126 0.0012534105 0.00077480916 0.027636146 0.2077759 2.7008828e-06 0.0039700037 7.517816e-06 2.9372545e-06 3.239576e-06 0.037060592 0.037356872 0.07020012 0.075515896 0.0011195458 1.9576612e-05 0.009481471 0.00014452952 2.7932724e-06 1.3722064e-05 9.463164e-06 3.8896534e-08 7.629646e-06 9.9958264e-08 1.7114084e-05 0.0038098511 0.000772645 0.0053043086 0.021180904 0.000101832076 0.009911081 0.00066262356 6.759134e-05 0.011560538 0.0001456135 6.457993e-07 0.0004930462 4.9049368e-06 2.228779e-05 6.0036593e-05 1.0621053e-06 0.00019908701 0.00037161732 7.2931907e-06 8.124093e-06 1.343326e-08 3.7504662e-06 0.0032975976 6.9284247e-06 1.2431089e-05 2.6724683e-06 0.0014204057 2.6568117e-08 0.0024243474 0.00015592741 1.7803876e-07 2.2561858e-06 0.0001499761 1.1658909e-05 8.220151e-07 2.7477767e-05 0.00027868015 2.665766e-06 2.3517305e-05 5.5514683e-06 1.8085135e-06 1.1377672e-05 1.0234994e-06 0.0011623007 0.00061120663 7.424327e-05
0.92504865 0.86577886 0.16021001 1.4894796e-21 0.1614435 0.046083927 0.13126539 0.06702295 0.13863 0.20072648 0.07461719 0.023589244 0.41219532 0.07923836 0.0460316 0.4096904 0.0034398823 0.004440523 0.11821696 0.022252014 0.2012617 0.0476448 0.003958029 0.015482402 0.0052751377 0.0030812377 0.0066526933 0.11681005 0.028265947 0.0036529605 0.07507317 0.011483226 0.0072587435 0.0008107341 0.06676151 2.0324087e-06 0.0002748436 2.1638346e-06 2.5142244e-06 4.83065e-07 0.0029033239 0.007407248 0.009402089 0.027596505 0.023477228 4.994857e-06 0.00029405425 0.003939247 2.6098127e-07 0.00064657675 4.8395723e-05 5.1496394e-09 1.6472043e-06 1.0076544e-08 9.208574e-05 0.02453102 0.029291505 0.0017780802 0.022981092 2.4418054e-05 0.0035258303 0.025050404 0.0017576675 0.0042443895 0.004596283 2.5941706e-06 0.03147409 1.8094339e-05 0.00048843306 0.0033392543 2.9610132e-07 1.8408132e-06 0.022006169 4.0508974e-05 6.952999e-05 7.2826016e-09 3.835423e-05 4.8695725e-05 3.171573e-05 0.00020249235 9.164633e-06 0.015363302 2.8701626e-08 0.018478217 0.004894851 8.5612896e-08 4.23495e-06 0.0032216653 3.695729e-05 7.594477e-07 0.00011265528 3.6263095e-06 1.7216994e-06 0.00068721944 4.862962e-06 1.0600338e-06 1.5250613e-05 6.138557e-07 0.010436673 6.789896e-06 9.6895256e-08
0.9570379 0.50614494 0.7837083 0.1614435 9.9145017e-23 0.100890525 0.8456536 0.12501305 0.11558132 0.15424463 0.093462825 0.042960886 0.24725859 0.09332646 0.081931904 0.21904752 0.0116722 0.012496 0.3512792 0.0333273 0.16648296 0.020491123 0.014841958 0.11791071 0.007285399 0.00648672 0.0070310854 0.056561526 0.008388354 0.053075384 0.08486994 0.0044210604 0.004916629 0.008578119 0.18654948 4.928445e-05 0.002025961 0.00013482828 8.3590094e-05 5.062898e-05 0.025871873 0.011857067 0.08283895 0.10619167 0.0027905433 0.00015864064 0.0025365844 0.00046308216 1.495119e-05 0.00023596264 0.00045856895 7.858945e-07 1.8493709e-05 4.6538875e-07 0.00029976215 0.004693677 0.0019986841 0.0061561163 0.015680965 0.00019600922 0.012905762 0.0018318695 0.0002420511 0.0037553967 0.0005036628 8.9120595e-06 0.0014399296 5.9742284e-05 0.00010894855 0.00024647726 4.3891696e-06 3.3570283e-05 0.001175506 5.069633e-05 3.7411268e-05 1.6838511e-08 1.569972e-05 0.0006220411 2.743226e-05 6.804289e-05 9.553106e-06 0.002357076 1.6603499e-08 0.0027255993 0.0005619922 1.2241608e-07 3.6789254e-06 0.00039513627 4.748769e-05 7.5713785e-07 8.16405e-05 3.8370177e-05 4.213213e-06 9.465307e-05 1.7525565e-05 2.8623178e-06 3.3655804e-05 1.3687617e-06 0.0036306821 0.000107979235 2.4470844e-06
0.9680942 0.054970738 0.015860224 0.046083927 0.100890525 2.7065724e-20 0.20425044 0.79831445 0.0024150973 0.003925338 0.57917964 0.8224262 0.03695453 0.0261134 0.2181389 0.061945748 0.0010141461 0.0006891871 0.21935703 0.057886545 0.014363345 0.032941513 0.11442415 0.13737008 0.038370553 0.0019915206 0.0027412006 0.03483151 0.020014327 0.088823095 0.0020671876 0.007113104 0.009189178 0.00014685036 0.08775604 0.00038671968 9.0629466e-05 0.0009163432 0.00029584265 0.00037781394 0.0035892627 0.00017921532 0.034894932 0.124032475 0.007695274 0.0018840921 7.60081e-05 0.0039638085 0.0005471125 0.0038038716 0.012496847 1.0880854e-05 0.0008428083 2.858048e-05 0.004028119 0.0007459721 0.0060702655 0.01602104 0.0023620105 0.0008219945 0.013817743 0.0064056134 0.004113835 0.00018499327 0.0053687994 0.0010599515 0.0051656878 0.0018148398 0.0030985924 0.0045373593 8.256072e-05 1.5597076e-05 0.0077809505 0.0013491614 0.0013238993 3.6634367e-06 0.00082765723 0.00029599734 0.00083834794 0.0024386663 0.00052812585 0.0015764047 7.215547e-06 0.0009765667 0.00091563695 2.0189429e-05 0.00033888326 0.00096223544 0.00070460205 0.00011550977 0.0019510054 7.701249e-06 0.00023682516 0.001148936 0.00016138541 0.0001780589 0.00071386667 0.00010065127 0.004030359 1.4633358e-05 2.2506542e-06
0.98817396 0.2385206 0.28071004 0.13126539 0.8456536 0.20425044 1.9524608e-22 0.27989277 0.11157104 0.14496018 0.16073136 0.09926383 0.2147394 0.084730506 0.12997292 0.24797298 0.012050045 0.010852356 0.5151862 0.053216342 0.14673597 0.031404555 0.057179756 0.23728192 0.03820247 0.0058921217 0.00527438 0.04543933 0.013363413 0.12943849 0.067967966 0.005972397 0.008563847 0.0062262807 0.2941952 0.00021127822 0.0015853478 0.0010252036 0.00038486609 0.00021072365 0.022642916 0.008227634 0.13547501 0.2469747 0.00246039 0.0005308306 0.0012776692 0.00045831213 3.817993e-05 0.00030924726 0.0011389088 1.5823585e-06 2.8200187e-05 4.0099312e-07 0.00066417933 0.004119704 0.0014258786 0.015413389 0.0133230295 0.000422264 0.025596725 0.0010599373 0.00019824239 0.0012127726 0.00038264587 1.6085643e-05 0.0007657802 6.568136e-05 6.268064e-05 0.00016647595 2.7036326e-06 2.3491918e-06 0.0006573833 2.6664156e-05 2.2169352e-05 3.2725798e-09 8.525864e-06 0.00040539468 5.876675e-06 1.9035708e-05 1.6882345e-06 0.0007124135 4.997203e-09 0.0013237239 0.0003571393 5.970523e-08 1.0864132e-06 0.0002688458 1.7913082e-05 2.6949382e-07 4.4303306e-05 1.0761095e-05 5.5339956e-07 5.4779794e-05 6.3446455e-06 5.84405e-07 1.11597365e-05 2.4988793e-07 0.0044598756 2.7367822e-05 8.180518e-07
0.99763644 0.06438612 0.016943462 0.06702295 0.12501305 0.79831445 0.27989277 5.423965e-21 0.0040358766 0.0065362807 0.3144891 0.58474785 0.0505454 0.012555261 0.20495513 0.11689932 0.0006527647 0.0004321569 0.28722674 0.07393798 0.014903216 0.035147164 0.42468968 0.45328367 0.15826736 0.0006882186 0.00068977394 0.015994333 0.020175762 0.24638398 0.0015777047 0.008459972 0.019055257 0.00014242035 0.13928057 0.01104042 2.1054277e-05 0.036444474 0.017809475 0.011607799 0.0049306806 0.00017794227 0.101512134 0.36329922 0.0058020456 0.021718455 2.612405e-05 0.002357386 0.006835268 0.0042819954 0.0405666 0.00020930964 0.005406443 0.00020298442 0.0065801865 0.0004041922 0.0024974144 0.07516196 0.0009190203 0.0029357595 0.056746833 0.0028522506 0.0024932509 6.623086e-05 0.0032772354 0.0055353683 0.0015380923 0.002942805 0.002314084 0.0020832925 0.00034035454 4.7197875e-07 0.0038796067 0.0011837645 0.0010688053 9.436092e-06 0.0005494521 0.00015614735 0.00096937735 0.0009105836 0.00034246355 0.0012596092 6.571096e-06 0.00036950293 0.00046048206 7.522739e-05 0.00012464573 0.00046258402 0.00019054915 5.605378e-05 0.0008921231 2.5587033e-06 9.593985e-05 0.0006047545 8.4842024e-05 5.9090653e-05 0.0005789275 2.7295126e-05 0.0010214541 4.0549694e-06 1.5653433e-07
0.9678865 0.120198086 0.3753589 0.13863 0.11558132 0.0024150973 0.11157104 0.0040358766 1.3149333e-20 0.8592825 0.0019159255 0.0024080619 0.31156814 0.279486 0.0020537802 0.1233516 0.11745346 0.19601691 0.38320082 0.00075929094 0.2959202 0.00279176 0.0001399581 0.00026989004 0.00019002325 0.07587855 0.09451149 0.111237645 0.0016293569 3.3639535e-05 0.20395494 0.0008198782 0.000191539 0.15300481 0.3775873 4.532794e-07 0.013656267 4.542253e-07 4.7143035e-07 1.4096858e-07 0.07677068 0.12159775 0.044609103 0.094623975 0.00078744907 1.5533506e-06 0.026194546 6.948027e-05 2.3808117e-07 3.6594367e-05 8.526868e-07 1.2233665e-08 1.5979631e-06 9.873607e-08 1.538018e-05 0.018150873 0.0008968272 0.0029655094 0.100378126 9.45193e-05 0.006838137 0.0010746178 0.000102445934 0.05932896 0.00031244708 3.7443388e-07 0.00078687107 1.9965502e-05 5.440323e-05 0.00012552453 1.0463351e-06 0.0018746781 0.0011096904 6.927993e-05 8.521942e-05 7.308073e-07 3.5703662e-05 0.021126661 5.3709402e-05 6.831015e-06 7.975656e-06 0.003497295 1.6471321e-06 0.010722751 0.0009222548 1.5653613e-05 3.3515742e-05 0.0007424401 5.233934e-05 8.098277e-05 0.0011273068 0.001502655 3.1691146e-05 0.00030198734 5.778318e-05 2.6406391e-05 0.0006970221 1.2281296e-05 0.0040551745 0.0046133334 0.0013866626
0.94704264 0.14858222 0.2814588 0.20072648 0.15424463 0.003925338 0.14496018 0.0065362807 0.8592825 2.4539213e-20 0.0036951073 0.004600524 0.5267312 0.19505458 0.003253585 0.22504458 0.10338995 0.18431276 0.22404328 0.0011004574 0.50096506 0.005564134 0.00013095152 0.00063493307 0.0007367552 0.08319848 0.09068591 0.18861306 0.0028634607 8.7460256e-05 0.33288553 0.0015356102 0.00038115884 0.14160196 0.2814257 5.9374054e-07 0.02334219 6.027772e-07 9.700209e-07 1.388919e-07 0.052043974 0.18459141 0.026585016 0.07254945 0.0025148962 3.4488953e-06 0.04834287 0.00014379331 3.903486e-07 6.906256e-05 5.7407556e-06 1.2581911e-08 2.2049578e-06 9.134537e-08 4.291449e-05 0.030285157 0.0023514223 0.0025308891 0.1488241 0.00031199926 0.0045701256 0.002540201 5.0486935e-05 0.10258864 0.00017983782 5.677795e-07 0.0019772938 5.652112e-05 2.1098538e-05 6.3066735e-05 1.3030099e-06 0.0021253556 0.0018344446 9.3853625e-05 6.455789e-05 1.920688e-07 2.8202474e-05 0.018343318 4.681839e-05 5.5240694e-06 9.31917e-06 0.007870223 3.7171813e-07 0.018788498 0.0012096411 5.6493227e-06 2.6797148e-05 0.0006743121 1.355471e-05 3.2070675e-05 0.00025951088 0.001987973 6.8641634e-06 0.00012772446 2.6035705e-05 4.4744365e-06 0.00026875708 2.4914489e-06 0.0074695414 0.005066212 0.0017252878
0.9912425 0.06432528 0.016860602 0.07461719 0.093462825 0.57917964 0.16073136 0.3144891 0.0019159255 0.0036951073 3.1353955e-19 0.24908927 0.0317156 0.012637068 0.8037284 0.13931078 0.00027583697 0.00015724871 0.12833785 0.6878936 0.01096058 0.66963327 0.09134565 0.25415015 0.03004697 0.0003257281 0.00022003491 0.047993477 0.53495526 0.33797717 0.0011907562 0.2740519 0.31839108 1.1858016e-05 0.0493257 0.00013717347 3.3987362e-06 0.00020587858 4.231182e-05 0.00017520224 0.0006369226 0.00014241709 0.006097573 0.05181045 0.1253718 0.0016495475 2.608699e-06 0.17450152 0.0001888911 0.07731665 0.01850427 1.3184964e-06 0.0004912155 6.8382207e-07 0.029368768 0.0027708916 0.091229275 0.007845886 0.0010781974 0.00029929428 0.0059907087 0.07183554 0.05332013 9.295563e-05 0.05064715 0.00072189304 0.06363809 0.0050786072 0.026347663 0.03953814 1.2961036e-05 1.2807676e-07 0.09010561 0.003036586 0.004488271 2.840215e-07 0.0020490068 1.4590396e-05 0.00049707957 0.017559567 0.00072584866 0.0007559392 4.4649286e-07 0.00040267303 0.004154937 5.841116e-06 9.8345e-05 0.0039916122 0.0037128753 3.8657105e-05 0.006999737 3.2848715e-07 0.00010864051 0.010046906 0.00021689231 7.0855785e-05 0.000490254 5.95966e-05 0.0006293245 2.12787e-07 4.3463366e-08
0.9219359 0.02355112 0.008982546 0.023589244 0.042960886 0.8224262 0.09926383 0.58474785 0.0024080619 0.004600524 0.24908927 7.048413e-19 0.03258218 0.01317303 0.25291875 0.04588075 0.0007448137 0.00065044087 0.13358435 0.17020346 0.0124141965 0.035468277 0.2449954 0.6364948 0.10835796 0.0023016345 0.0024477767 0.035588443 0.022884583 0.1860276 0.0021471574 0.01901619 0.033352856 0.00013335461 0.04732783 0.0033713228 6.2086256e-05 0.011278832 0.005767395 0.002826211 0.0026728406 0.00022693754 0.02037291 0.08406369 0.010690807 0.015918845 8.483911e-05 0.006266149 0.00371021 0.011850512 0.059700415 0.00013393734 0.0059207026 0.00020128055 0.022248944 0.0016004331 0.006865238 0.022337066 0.0040927683 0.006521002 0.018079137 0.007612479 0.012047987 0.00028575314 0.012526903 0.0114643285 0.0047957785 0.010619402 0.009096988 0.0093348045 0.000934441 2.56065e-05 0.006910615 0.0056189173 0.0069928956 9.1500704e-05 0.0047679627 0.00013769841 0.0059580156 0.0061320956 0.0027522827 0.005039285 0.00012563699 0.0041990597 0.0013482718 0.0002266516 0.0019017942 0.0012961722 0.0015561745 0.0008703641 0.004932106 9.7116545e-06 0.0012757862 0.0021576898 0.0006937083 0.0010228667 0.0027115678 0.0008845848 0.0038197832 6.1809556e-06 4.872167e-06
0.8964546 0.32238737 0.2728325 0.41219532 0.24725859 0.03695453 0.2147394 0.0505454 0.31156814 0.5267312 0.0317156 0.03258218 6.550571e-20 0.10788679 0.013473638 0.75983363 0.024928266 0.04087005 0.19773686 0.0072546913 0.6713666 0.020750238 0.000666858 0.0020013603 0.00033431957 0.03139397 0.0333565 0.58640635 0.014445946 0.0003625193 0.4260843 0.004662951 0.0018560076 0.0076611256 0.13855341 1.5825154e-06 0.003792509 4.0887664e-07 5.693742e-07 2.0367364e-07 0.013978898 0.07813148 0.015234 0.05303152 0.017102804 6.1093065e-06 0.0024852236 0.0015303785 5.637829e-07 0.00024068932 4.349157e-06 1.6775424e-08 3.5466935e-06 3.310703e-08 2.3564833e-05 0.06132081 0.010194878 0.0015004148 0.15711282 8.465726e-05 0.0036662417 0.008777558 0.0006602184 0.034837484 0.0027240557 6.1034746e-07 0.008408305 3.6472287e-05 0.00020039928 0.001425345 6.557671e-07 0.0005204038 0.0066519193 1.9194193e-05 0.00010282788 1.06472825e-07 5.2160998e-05 0.0020476757 1.2548306e-05 4.774863e-05 6.985016e-06 0.020378228 1.9175182e-07 0.03001172 0.0025392044 3.7282314e-06 1.0419213e-05 0.0017668816 5.226462e-05 1.310869e-05 8.7447246e-05 0.00023645214 1.0460064e-05 0.00017619487 1.2782626e-05 7.1264794e-06 5.6883535e-05 3.5770686e-06 0.012401677 0.0009939552 3.1356067e-05
0.98703253 0.09551214 0.2051128 0.07923836 0.09332646 0.0261134 0.084730506 0.012555261 0.279486 0.19505458 0.012637068 0.01317303 0.10788679 7.5457855e-21 0.007295317 0.06261716 0.6586537 0.40383884 0.53707886 0.0018275848 0.18740723 0.0030485552 0.0018191374 0.006480194 0.00015784203 0.3026228 0.31341493 0.024958897 0.0021594344 0.0012311593 0.0949212 0.0005144692 0.00026428903 0.29317546 0.54449356 2.60257e-05 0.23031953 6.8266425e-05 7.644609e-05 1.6059741e-05 0.21672976 0.071311496 0.24134564 0.10708544 0.000488993 5.7407556e-06 0.056991555 2.7227139e-05 2.168162e-06 9.941467e-06 2.2734312e-05 8.7729165e-07 1.4261374e-06 2.7142814e-06 4.188205e-05 0.0035955582 0.00024347656 0.0046187853 0.015998809 2.1208745e-05 0.022119075 0.00042018315 8.039011e-05 0.018559624 0.00021153853 3.0095548e-06 0.00032669157 2.777943e-05 2.7564538e-05 0.00013604836 1.2074777e-06 0.0064808154 0.00032864962 1.7904713e-05 2.727553e-05 2.6697515e-07 8.279343e-06 0.057086002 1.4289659e-05 2.2216784e-05 2.083181e-06 0.0013508847 2.1063794e-07 0.003164992 0.0004261028 1.4678942e-06 3.2755322e-06 0.00035889735 2.606492e-05 1.1952258e-06 2.4576217e-05 0.0023204784 1.8867702e-06 4.769852e-05 4.0916125e-06 1.2005012e-06 1.2368157e-05 8.6350593e-07 0.00046577907 0.0046139294 0.00029686236
0.9217607 0.046371095 0.016493008 0.0460316 0.081931904 0.2181389 0.12997292 0.20495513 0.0020537802 0.003253585 0.8037284 0.25291875 0.013473638 0.007295317 1.2309766e-18 0.08606968 0.00021445745 0.00015442226 0.06071083 0.81456697 0.007250693 0.4829802 0.20306657 0.3510151 0.0833567 0.00035967137 0.00040743168 0.029447502 0.44584578 0.5955252 0.0016004416 0.2848275 0.4797857 2.5487814e-06 0.034490984 0.00056622224 4.355688e-07 0.0020259658 0.0007851624 0.0010117808 0.00014168854 8.079469e-05 0.004816916 0.03989158 0.07659821 0.009926494 2.9865698e-06 0.14640579 0.0022783356 0.20992087 0.16348764 4.1723226e-05 0.004113515 2.9593405e-06 0.15525414 0.0025069546 0.028216599 0.008799244 0.0010157292 0.0025996976 0.0053884145 0.031938113 0.07866895 9.364969e-05 0.057334766 0.008172292 0.019357014 0.028451052 0.052712377 0.045382824 5.470598e-05 1.05780956e-07 0.038923293 0.01622381 0.017577967 2.4478968e-06 0.008771575 1.2203608e-05 0.005156311 0.024935959 0.0037136313 0.000963651 2.7607427e-06 0.0008727896 0.0023715254 7.0445553e-06 0.00038280978 0.0018500406 0.0058472725 2.9350133e-05 0.023852719 1.3602888e-06 0.000275512 0.012502688 0.0009747472 0.00012859554 0.0014474622 0.00015449488 0.00060169835 4.195697e-07 8.826587e-08
0.9275226 0.19796337 0.1746703 0.4096904 0.21904752 0.061945748 0.24797298 0.11689932 0.1233516 0.22504458 0.13931078 0.04588075 0.75983363 0.06261716 0.08606968 5.2969563e-17 0.013872513 0.021484617 0.11627526 0.036910564 0.66852754 0.082945935 0.0051450385 0.012857243 0.0034400187 0.013427659 0.012782804 0.73574394 0.08108198 0.0045266193 0.2915958 0.021907602 0.0139929075 0.0075766165 0.09114938 1.1856874e-05 0.0016496939 7.907418e-06 2.5203886e-05 1.5747697e-06 0.004733311 0.041520543 0.008313278 0.03671634 0.056707412 4.707646e-05 0.0013103392 0.010924931 3.264321e-06 0.0023253046 0.00017025745 5.0666042e-08 1.8894398e-05 7.958097e-08 0.00054147793 0.106889054 0.0425782 0.0013286988 0.09319206 0.0003485747 0.0023372825 0.038509402 0.0028080335 0.031112602 0.008178798 2.4527655e-05 0.048168264 0.0002988918 0.0010988236 0.0063068247 1.9364734e-06 3.5408673e-06 0.036585692 0.00012686351 0.00035731168 9.1578436e-08 0.00018058509 9.780075e-05 0.00011436837 0.00073956046 3.532929e-05 0.04019556 1.9715985e-07 0.039503936 0.007758396 5.4224292e-06 1.7677849e-05 0.005089342 0.00028356453 7.49285e-06 0.00020701734 1.0566601e-05 1.2279434e-05 0.0022933434 2.05464e-05 6.8785344e-06 1.4489367e-05 4.223806e-06 0.03276278 1.2293834e-05 1.8559646e-07
0.97761905 0.0047200173 0.039454535 0.0034398823 0.0116722 0.0010141461 0.012050045 0.0006527647 0.11745346 0.10338995 0.00027583697 0.0007448137 0.024928266 0.6586537 0.00021445745 0.013872513 1.7817508e-19 0.83511096 0.29127258 6.986066e-05 0.057284374 0.000517251 4.193813e-05 0.00013567093 5.3493884e-05 0.5222136 0.45540404 0.015165914 0.00016464805 1.2721236e-05 0.06806635 4.992864e-05 1.0192587e-05 0.52937895 0.42036608 1.3023185e-07 0.2872863 1.4501695e-07 2.7280313e-07 2.1422196e-08 0.2311255 0.11661636 0.094221056 0.055064473 4.8540796e-06 8.590111e-08 0.17327969 7.031682e-06 3.9708205e-08 4.009433e-06 3.0483704e-07 2.66982e-09 1.0045673e-07 1.9178136e-08 1.3414442e-06 0.0020918702 1.5102089e-05 0.0047650672 0.028241096 7.636226e-06 0.015921015 4.704576e-05 2.439543e-05 0.050519597 5.7661302e-05 5.083602e-08 3.0354871e-05 6.177243e-06 1.545732e-05 4.1886724e-05 8.8094986e-08 0.006452151 2.052852e-05 1.33019985e-05 1.672432e-05 4.0055838e-08 1.3774089e-05 0.02326924 8.106726e-06 1.34221e-05 4.4395993e-06 0.0018839277 5.6395418e-08 0.006895842 8.37171e-05 1.408555e-06 3.968292e-06 6.356416e-05 3.167302e-05 4.6591963e-06 6.7443696e-05 0.003849065 2.9644418e-06 7.465151e-05 1.21344065e-05 1.9668332e-06 3.6970967e-05 6.3481343e-07 0.00062743475 0.009104508 0.0020858115
0.9048426 0.0055205864 0.041163977 0.004440523 0.012496 0.0006891871 0.010852356 0.0004321569 0.19601691 0.18431276 0.00015724871 0.00065044087 0.04087005 0.40383884 0.00015442226 0.021484617 0.83511096 2.2632145e-18 0.15062384 3.7088885e-05 0.075649224 0.00042762715 1.7326029e-05 5.813666e-05 3.285451e-05 0.3815165 0.32955626 0.0172412 0.00018147228 1.2223993e-05 0.09384679 5.692136e-05 1.16631245e-05 0.830767 0.23905243 1.09685764e-07 0.31464309 1.6355419e-07 3.3113676e-07 3.153568e-08 0.10515806 0.21525948 0.04437639 0.026169052 5.6893323e-06 1.5124299e-07 0.4222846 3.9242036e-06 6.0792296e-08 1.364362e-06 4.1526764e-07 6.390191e-09 2.0193298e-07 2.586288e-08 1.7545941e-06 0.0037849627 1.3736205e-05 0.0018010611 0.054044534 3.0048532e-05 0.0073845503 3.11108e-05 1.3304536e-05 0.11990362 4.0935658e-05 3.134213e-07 1.9701403e-05 2.2206827e-05 5.516751e-06 1.9422745e-05 1.2284973e-07 0.008224658 3.066951e-05 3.0100156e-05 5.772325e-05 2.403748e-08 3.8662267e-05 0.029030113 5.129314e-05 9.9061e-06 2.2191012e-05 0.002007528 6.995376e-08 0.008379204 0.0002407832 8.5115613e-07 3.0531188e-05 0.00013261434 6.0842383e-05 8.573792e-06 0.00026150706 0.006120688 2.3171544e-05 0.0003083582 4.8587408e-05 1.6479216e-05 0.00019265871 5.548832e-06 0.0014274459 0.011564992 0.0029477347
0.9919031 0.17788376 0.32782367 0.11821696 0.3512792 0.21935703 0.5151862 0.28722674 0.38320082 0.22404328 0.12833785 0.13358435 0.19773686 0.53707886 0.06071083 0.11627526 0.29127258 0.15062384 9.280418e-20 0.01637793 0.15092488 0.0158497 0.09164475 0.1571509 0.03662526 0.19860914 0.21355495 0.02434619 0.005962111 0.030566406 0.07363855 0.0030421964 0.002672137 0.12224507 0.6621691 0.0021011352 0.082529776 0.004774244 0.0034539008 0.0015416981 0.18325113 0.025696363 0.41352704 0.3722477 0.0011630387 0.0012723178 0.019123605 0.00018801837 0.00050493365 9.46399e-05 0.00084264344 0.00018132057 0.00046165127 0.00018272876 0.000398499 0.0028654765 0.00084074266 0.029600352 0.0077073923 0.003303774 0.077612154 0.0010693595 0.00025811364 0.01047862 0.0005077496 0.00015676314 0.0009791265 0.00023512877 0.000107815824 0.0003333762 9.1409296e-05 0.0043577887 0.00061109825 8.076134e-05 5.706425e-05 3.2502774e-06 2.3548342e-05 0.027660348 4.261591e-05 9.391182e-05 1.2112659e-05 0.0013420271 1.1522733e-06 0.0022019036 0.0008455934 7.9830215e-06 2.2793361e-05 0.0006542517 7.850698e-05 3.199395e-06 3.4882112e-05 0.0028358225 4.8861617e-05 5.3734606e-05 2.3852548e-05 3.214174e-05 2.4742385e-05 1.264489e-05 0.0009660494 0.0069984496 0.00030309963
0.53139067 0.018196788 0.004311817 0.022252014 0.0333273 0.057886545 0.053216342 0.07393798 0.00075929094 0.0011004574 0.6878936 0.17020346 0.0072546913 0.0018275848 0.81456697 0.036910564 6.986066e-05 3.7088885e-05 0.01637793 1.5225529e-20 0.0039694733 0.5909852 0.09317243 0.17426665 0.030643277 8.3405124e-05 4.439538e-05 0.018462436 0.4079047 0.55311126 0.00030517258 0.45285892 0.7251696 2.403426e-07 0.00786349 0.00019202605 4.2035445e-08 0.0009181019 0.00036327826 0.0002583537 1.8714903e-05 1.8619146e-05 0.0018372519 0.011566664 0.056972843 0.005234331 9.665121e-07 0.17159401 0.0005283208 0.25310862 0.23402256 1.31047655e-05 0.0017668487 1.6170352e-06 0.24071188 0.0003691724 0.013875047 0.0029315643 0.00023562959 0.00061079004 0.0018672359 0.016404135 0.09562956 3.5218312e-05 0.060070034 0.004422728 0.008236915 0.022527233 0.07121698 0.045923825 5.5523236e-05 1.10088125e-08 0.01611811 0.013137551 0.014613053 1.4771726e-06 0.008051649 3.026998e-06 0.004656487 0.033178277 0.0034927337 0.00071780424 1.0535936e-06 0.00033842726 0.0012341829 1.742556e-06 0.00026020824 0.0008187125 0.0067418544 5.9764247e-06 0.018329632 5.2024126e-07 9.261303e-05 0.0116281025 0.00045141866 3.2586962e-05 0.000296332 3.953366e-05 0.00020196257 3.688892e-08 1.5550313e-08
0.8340571 0.16816731 0.19203453 0.2012617 0.16648296 0.014363345 0.14673597 0.014903216 0.2959202 0.50096506 0.01096058 0.0124141965 0.6713666 0.18740723 0.007250693 0.66852754 0.057284374 0.075649224 0.15092488 0.0039694733 3.0048773e-19 0.01583824 0.00012940355 0.0008492075 0.00042792392 0.055541776 0.057965126 0.8636366 0.007005942 0.00017483172 0.6850096 0.0045468393 0.0013419753 0.042842176 0.1151002 1.3908893e-06 0.016918274 1.3809673e-06 2.2760637e-06 5.5109336e-07 0.022359952 0.3284412 0.01178089 0.025246149 0.009359925 2.9813866e-05 0.048375633 0.0010515555 2.946027e-06 0.000551737 7.430419e-05 9.024433e-08 6.5778113e-06 2.616404e-07 0.00013281648 0.21223396 0.007994054 0.0007453293 0.36620262 0.00077837746 0.0023217525 0.005296696 0.0005610703 0.121586874 0.0013080181 1.4992668e-05 0.0068911873 0.00028915846 0.00020850713 0.0007235244 5.8752066e-06 0.0066011706 0.0042344118 0.00010872819 0.00036628725 1.7894171e-06 0.0002502403 0.009994003 0.0002824364 5.425515e-05 7.364197e-05 0.042405464 1.806824e-06 0.0530487 0.003882575 1.3055966e-05 3.7638903e-05 0.0020889963 0.00025374963 3.0693507e-05 0.00022951342 0.0010458643 3.5025216e-05 0.00038285996 7.1356444e-05 2.6886e-05 0.0001740739 2.1295165e-05 0.02147195 0.004573424 0.0003483967
0.5846009 0.016248614 0.0038640632 0.0476448 0.020491123 0.032941513 0.031404555 0.035147164 0.00279176 0.005564134 0.66963327 0.035468277 0.020750238 0.0030485552 0.4829802 0.082945935 0.000517251 0.00042762715 0.0158497 0.5909852 0.01583824 1.503763e-22 0.015018758 0.037518892 0.0033798956 0.00047964827 0.00048409274 0.049612895 0.8058184 0.13244592 0.0032861533 0.7257342 0.568792 6.3990497e-06 0.0050629806 3.1138617e-05 5.984703e-07 0.000118378885 2.2350476e-05 3.2491505e-05 1.2689648e-05 0.00025075226 0.00045982166 0.003626296 0.42292836 0.0005960306 5.743565e-06 0.49165088 2.599618e-05 0.1184615 0.008717248 4.9629364e-07 0.00014756956 2.0139929e-07 0.015627898 0.0028227847 0.19480196 0.00084238633 0.0016639015 0.00016921983 0.0006722453 0.1578666 0.13263558 4.779346e-05 0.11498993 5.9262497e-05 0.15016392 0.00083909696 0.04509529 0.1014569 3.7567522e-06 4.4962604e-08 0.15488063 0.0007679501 0.0015238605 1.0206595e-07 0.0008613889 2.1002257e-05 0.00013128464 0.03872794 0.00027878437 0.00233286 1.6099149e-07 0.00053384877 0.008722733 4.5825874e-07 1.8971732e-05 0.009047956 0.0050280974 3.694906e-06 0.0028830073 3.6327374e-06 4.0105704e-05 0.009657197 5.655827e-05 2.7496824e-05 3.2106906e-05 1.1450156e-05 0.0011804687 7.973244e-08 7.905671e-09
0.99110085 0.004998272 0.0009972418 0.003958029 0.014841958 0.11442415 0.057179756 0.42468968 0.0001399581 0.00013095152 0.09134565 0.2449954 0.000666858 0.0018191374 0.20306657 0.0051450385 4.193813e-05 1.7326029e-05 0.09164475 0.09317243 0.00012940355 0.015018758 2.2303622e-19 0.7964718 0.6956269 0.0001108734 4.912996e-05 0.0002457171 0.0068631987 0.50297815 3.715314e-05 0.0051564146 0.021946773 3.0414462e-06 0.07903425 0.67460096 3.999719e-07 0.61480457 0.5735245 0.37117442 0.0014353874 2.8885843e-05 0.045252554 0.30310196 0.0001200413 0.16164114 9.3515814e-07 0.00029994175 0.17072998 0.0030856072 0.14125714 0.13018022 0.12147231 0.084862076 0.009116842 5.4657685e-05 0.00012502228 0.12286578 0.00015066091 0.028578157 0.07599066 0.00021357348 0.0007842774 5.6368404e-05 0.00068680145 0.08608473 5.557219e-05 0.022701945 0.00077607116 0.0003277554 0.028518932 7.2530196e-07 0.00024977108 0.003890307 0.003054581 0.002936843 0.0011691675 4.6110654e-05 0.008060714 0.0002478836 0.00082086446 0.00016399425 0.001606102 9.625842e-05 0.0002644562 0.01000912 0.004015186 0.00027920183 0.00015335254 0.007296416 0.0009667955 3.3476401e-06 0.0048640105 0.0003549079 0.00022279109 0.0036147067 0.0023855837 0.0016955651 0.004268819 1.3931342e-06 1.7282589e-07
0.959872 0.028265623 0.010761706 0.015482402 0.11791071 0.13737008 0.23728192 0.45328367 0.00026989004 0.00063493307 0.25415015 0.6364948 0.0020013603 0.006480194 0.3510151 0.012857243 0.00013567093 5.813666e-05 0.1571509 0.17426665 0.0008492075 0.037518892 0.7964718 2.8243614e-19 0.22964285 0.00026404895 0.000117816984 0.0024377953 0.025754685 0.78835166 0.00020889944 0.020734288 0.04204165 6.5438024e-07 0.075830996 0.088762216 3.6948336e-07 0.16676794 0.1220485 0.088415995 0.0003298013 3.7974867e-05 0.018857364 0.17645788 0.0022901036 0.09849253 2.9638766e-06 0.0024719841 0.055685487 0.016123774 0.22407655 0.0009837807 0.054513235 0.0069823097 0.047866307 0.00014092821 0.001100321 0.053650726 0.00084394676 0.020720689 0.03310928 0.001214532 0.007840329 0.00013790946 0.0049867565 0.07204057 0.00030605716 0.04361534 0.010012162 0.0031466126 0.008734969 1.3742355e-06 0.0016033679 0.016428612 0.012662722 0.000253961 0.009911709 1.9171674e-05 0.026269553 0.0025391257 0.008302126 0.0018161895 0.0002716045 0.0007249739 0.00063777965 0.0014774657 0.008658026 0.0006825822 0.0005977831 0.0033069688 0.0049228906 2.630383e-06 0.0053621503 0.0006837833 0.0009514814 0.0037395502 0.004706587 0.0031119944 0.005733619 4.9536e-06 1.626549e-06
0.9857407 0.0077930964 0.00059346633 0.0052751377 0.007285399 0.038370553 0.03820247 0.15826736 0.00019002325 0.0007367552 0.03004697 0.10835796 0.00033431957 0.00015784203 0.0833567 0.0034400187 5.3493884e-05 3.285451e-05 0.03662526 0.030643277 0.00042792392 0.0033798956 0.6956269 0.22964285 5.426097e-21 0.00020212443 2.2265673e-05 0.00021829364 0.001698291 0.13633654 2.6077501e-05 0.00095224293 0.0043092947 1.17715e-06 0.03227308 0.62745494 1.7225649e-06 0.5063347 0.4878993 0.23232323 0.0008651163 1.8570412e-05 0.065693855 0.3568296 4.689959e-05 0.13167812 2.7988347e-06 8.081542e-05 0.10503763 0.0006698231 0.021329954 0.110122174 0.08274464 0.11251282 0.0015464377 2.121285e-05 8.037563e-05 0.17499518 0.00012731232 0.03581264 0.15672629 0.00017148597 0.00018614305 4.6894485e-05 0.00012825787 0.014091894 5.855364e-05 0.0032354577 0.0001490871 9.943264e-05 0.024843184 8.054125e-06 0.00040439054 0.00060534134 0.0002457508 0.007835552 5.536657e-05 4.995569e-05 0.0017624772 5.2075804e-05 0.00012915967 0.00057677226 0.0039156973 0.0007786696 0.00036545694 0.0045368015 0.0011899003 0.0004964452 0.00021366151 0.0012182795 0.00032751888 1.2841415e-06 0.0015480623 0.00028859478 0.00012403811 0.00090971217 0.0003325725 0.00045773442 0.0011104341 7.320898e-06 8.149475e-08
0.9742861 0.005109434 0.01627532 0.0030812377 0.00648672 0.0019915206 0.0058921217 0.0006882186 0.07587855 0.08319848 0.0003257281 0.0023016345 0.03139397 0.3026228 0.00035967137 0.013427659 0.5222136 0.3815165 0.19860914 8.3405124e-05 0.055541776 0.00047964827 0.0001108734 0.00026404895 0.00020212443 2.020743e-21 0.7101341 0.013996765 6.970141e-05 1.0657453e-05 0.073854044 3.2222244e-05 1.0359074e-05 0.6050953 0.36244246 3.0586702e-07 0.72896236 3.7448993e-07 5.000521e-07 2.8562695e-08 0.33361337 0.102617495 0.19110158 0.062258337 1.7529767e-06 1.4537824e-07 0.31466323 1.7552568e-06 1.5250736e-08 7.0122513e-07 1.6054653e-07 1.6226109e-09 7.3156976e-08 1.437985e-08 7.3537814e-07 0.0015841991 5.3032936e-06 0.005001674 0.022647703 3.1377256e-06 0.01888796 1.5653972e-05 1.6834718e-05 0.05178132 3.9563907e-05 6.024769e-08 1.9736719e-05 5.1823704e-06 4.482436e-06 3.759815e-05 1.9914596e-07 0.15910074 2.1047188e-05 8.80583e-06 1.32871255e-05 1.6946188e-08 1.2842143e-05 0.0701607 5.568096e-06 7.2655125e-06 2.9569594e-06 0.0017347332 3.8640017e-08 0.0049888683 0.00016614271 1.3705741e-07 4.967234e-06 0.00012744022 6.8233458e-06 3.991313e-07 7.330259e-06 0.011641185 4.9119026e-06 1.6971188e-05 3.182621e-06 2.740751e-06 3.0409185e-06 6.292231e-07 0.00046810848 0.047296233 0.00371553
0.9646672 0.008904844 0.019779645 0.0066526933 0.0070310854 0.0027412006 0.00527438 0.00068977394 0.09451149 0.09068591 0.00022003491 0.0024477767 0.0333565 0.31341493 0.00040743168 0.012782804 0.45540404 0.32955626 0.21355495 4.439538e-05 0.057965126 0.00048409274 4.912996e-05 0.000117816984 2.2265673e-05 0.7101341 1.8481792e-22 0.0145288855 5.68169e-05 1.3852145e-06 0.06989437 4.2491906e-06 3.1271413e-06 0.538677 0.31013036 4.0865294e-07 0.6290564 1.4228195e-07 4.1070643e-07 1.4015698e-08 0.40591103 0.08914094 0.23511246 0.06153593 3.97112e-06 6.110233e-08 0.31480685 8.340097e-07 2.214846e-08 4.5131205e-07 2.4764587e-08 5.9631904e-09 3.8858712e-08 9.92265e-09 3.322632e-07 0.0014974857 5.1043226e-06 0.0023256626 0.021106498 2.7788835e-07 0.015499059 3.0978077e-05 1.2917687e-05 0.034387283 4.1018036e-05 7.572562e-09 1.8951876e-05 4.9125975e-07 2.964012e-06 1.588407e-05 1.39131e-08 0.08309567 1.9790663e-05 2.170618e-06 7.343946e-06 8.194282e-09 2.7089231e-06 0.052448895 3.3503946e-07 1.5136226e-06 3.7028659e-07 0.00075343315 1.2208468e-08 0.0022928568 6.318208e-05 4.699457e-08 6.47118e-07 6.116014e-05 1.5163445e-06 2.3086096e-07 1.5008584e-06 0.005687306 1.0020323e-06 2.6935857e-06 2.8660997e-07 7.823821e-07 3.7258124e-07 5.2372087e-07 0.00015530159 0.032988507 0.0015046935
0.31135094 0.068416335 0.061306607 0.11681005 0.056561526 0.03483151 0.04543933 0.015994333 0.111237645 0.18861306 0.047993477 0.035588443 0.58640635 0.024958897 0.029447502 0.73574394 0.015165914 0.0172412 0.02434619 0.018462436 0.8636366 0.049612895 0.0002457171 0.0024377953 0.00021829364 0.013996765 0.0145288855 2.5500092e-21 0.022020439 0.00087619096 0.754646 0.017006386 0.005784206 0.010290837 0.019201024 2.3294638e-06 0.0041353432 4.5186115e-07 1.626116e-06 1.6842664e-07 0.0019388231 0.2921443 0.0009729074 0.0026040524 0.07330552 2.1334112e-05 0.017298276 0.004372465 1.0843121e-06 0.000449081 3.879516e-05 1.4955025e-07 4.569223e-06 3.6102102e-07 0.00035018852 0.75143594 0.03822118 6.730606e-05 0.6087728 0.00023584923 0.00024910047 0.020966036 0.0006720539 0.19389492 0.0025671592 8.3447085e-06 0.035721656 0.00011474189 0.0001108233 0.0015597999 1.8997287e-06 0.00034391606 0.012657113 3.3481778e-05 7.5355136e-05 2.3575755e-07 2.1823462e-05 0.00029740046 3.351657e-05 3.5821806e-05 2.1391818e-06 0.18878475 3.405847e-07 0.28295425 0.0074612615 1.0354031e-06 2.437851e-06 0.004135653 2.9440876e-05 1.2479309e-06 2.722182e-05 8.232924e-05 1.6060391e-06 0.0001641789 2.3377784e-06 1.4113518e-06 2.8055345e-06 4.968586e-07 0.05958637 0.00038422248 5.6292415e-06
0.6914664 0.0075619994 0.0019265781 0.028265947 0.008388354 0.020014327 0.013363413 0.020175762 0.0016293569 0.0028634607 0.53495526 0.022884583 0.014445946 0.0021594344 0.44584578 0.08108198 0.00016464805 0.00018147228 0.005962111 0.4079047 0.007005942 0.8058184 0.0068631987 0.025754685 0.001698291 6.970141e-05 5.68169e-05 0.022020439 2.0451178e-20 0.107550606 0.0025643269 0.79578876 0.5242709 1.0859352e-05 0.0018434959 1.5896043e-05 1.2373329e-06 3.96963e-05 9.223696e-06 1.972603e-05 5.2318996e-06 0.000100027646 5.7884878e-05 0.0013407121 0.61719525 0.00021225226 2.5393107e-05 0.7056057 5.457296e-06 0.23534052 0.0039028593 1.009442e-07 6.425471e-05 2.9994501e-07 0.010633469 0.0031278904 0.3277045 0.00017025568 0.0014760582 7.402939e-05 0.00019865176 0.27243316 0.27064326 7.496335e-05 0.23416696 0.00013042022 0.26540503 0.0007426759 0.0960639 0.2026244 3.1201528e-06 2.1584911e-07 0.265628 0.00056491105 0.0010627182 2.0165297e-07 0.0006881957 2.933119e-05 0.00023761108 0.08800793 0.00035335083 0.0025527333 5.452035e-07 0.0010165247 0.01285687 1.292559e-06 6.037138e-05 0.011827343 0.0155939255 1.0877169e-05 0.006912045 1.4142751e-05 9.2494745e-05 0.035268847 9.050182e-05 5.665436e-05 7.9328835e-05 2.8083521e-05 0.002147264 9.512826e-07 4.1227926e-07
0.92422634 0.011500815 0.0029769829 0.0036529605 0.053075384 0.088823095 0.12943849 0.24638398 3.3639535e-05 8.7460256e-05 0.33797717 0.1860276 0.0003625193 0.0012311593 0.5955252 0.0045266193 1.2721236e-05 1.2223993e-05 0.030566406 0.55311126 0.00017483172 0.13244592 0.50297815 0.78835166 0.13633654 1.0657453e-05 1.3852145e-06 0.00087619096 0.107550606 1.950037e-19 0.0002200345 0.08203738 0.28261006 9.45033e-08 0.014788353 0.049927138 2.2703167e-08 0.09299753 0.048218455 0.11982398 8.26821e-06 1.3577636e-05 0.0019206838 0.030594518 0.006115037 0.31323168 1.2162849e-07 0.024488362 0.2715843 0.22735806 0.71058816 0.00065395946 0.24560857 0.00088587473 0.523117 0.00020098516 0.0015138752 0.011196633 0.0004012361 0.0073399413 0.005864887 0.0019931328 0.03708503 6.766912e-05 0.021453625 0.46640778 0.00059329765 0.29791293 0.054322783 0.016322628 0.011524173 5.7370306e-07 0.0032969234 0.15516935 0.15261519 0.00011542189 0.09859236 4.7065907e-05 0.121941574 0.014510262 0.06051277 0.00041028587 6.3984306e-05 8.796969e-05 0.00029333637 0.0017466497 0.07061111 0.00015111447 0.0034006124 0.022941446 0.05162366 8.7367556e-07 0.051881827 0.002752684 0.011692594 0.03404576 0.03621342 0.028223567 0.0007020157 1.3541279e-06 9.433901e-07
0.8362496 0.054934632 0.10528126 0.07507317 0.08486994 0.0020671876 0.067967966 0.0015777047 0.20395494 0.33288553 0.0011907562 0.0021471574 0.4260843 0.0949212 0.0016004416 0.2915958 0.06806635 0.09384679 0.07363855 0.00030517258 0.6850096 0.0032861533 3.715314e-05 0.00020889944 2.6077501e-05 0.073854044 0.06989437 0.754646 0.0025643269 0.0002200345 5.119784e-18 0.0007017703 0.0001935469 0.17243095 0.089763045 4.5095554e-08 0.038854625 5.557118e-07 5.606228e-07 1.76482e-07 0.008662659 0.7052163 0.005317241 0.012459718 0.004356542 2.4609662e-05 0.112558514 0.00011117666 1.0516242e-06 7.34341e-05 5.9628044e-05 6.4870875e-08 4.7268622e-06 7.122933e-08 4.360796e-05 0.3751783 0.00746166 0.00020064274 0.6407884 0.00012384568 0.0013930447 0.00659629 0.00036614528 0.4794084 0.001305357 1.7675151e-05 0.0076324004 0.00025310362 0.00023617153 0.0009376014 8.1092577e-07 0.0060909675 0.009828702 0.000100655874 0.00037567128 4.5420236e-07 0.00028817894 0.012564167 0.00012330781 6.933597e-05 0.00029432247 0.05320441 1.1538534e-06 0.109456636 0.0028894576 2.349938e-06 4.572708e-05 0.0015238569 0.00023982962 2.3907842e-05 0.00058094756 0.0005588749 6.4263535e-05 0.0005197947 0.00050794333 3.447618e-05 0.0002664152 1.8114471e-05 0.04027646 0.009936568 0.0003935519
