3.1349875e-35 0.5752291 0.6564112 0.8289944 0.29891193 0.6143156 0.72294486 0.88406557 0.51778543 0.044878755 0.08597212 0.5888977 0.91065407 0.97587156 0.8368298 0.85270566 0.85259026 0.12902094 0.019000368 0.8096985 0.4757681 0.8755497 0.13178724 0.0061016683 0.0045027626 0.8632084 0.9502703 0.94200796 0.9530444 0.28564215 0.77962136 0.9751566 0.9594903 0.93695664 0.98471373 0.2650973 0.93926454 0.026416503 0.9091667 0.7245602 0.98673916 0.068294145 0.6480381 0.015730819 0.90375245 0.83322746 0.976336 0.9327972 0.69674397 0.033079088 0.0032865873 0.25328153 0.96689177 0.14315489 0.023299683 0.5689522 0.9941807 0.002606246 0.8749883 0.0042887586 0.0010484298 0.9573805 0.00051745254 0.19047005 0.93521696 0.74166214 0.000114090784 0.017739804 0.0045326347 0.00010081169 0.0022400953 0.0018453939 0.00029689944 0.86671364 0.3242432 1.4003614e-05 0.0018567971 0.99921894 0.290124 0.1865091 0.00011372796 0.27124354 6.9663097e-06 0.00028184554 0.10123622 0.0012887312 0.50936466 0.06546408 0.10493822 0.9989572 0.16994977 0.81291 0.06320741 0.9451452 0.0031919181 0.047542162 0.05082241 0.01559113 0.012138997 0.10256372 0.99371535
0.5752291 1.1995815e-22 0.6656491 0.798167 0.37170118 0.103167966 0.4226299 0.63820976 0.17816798 0.10776651 0.08436785 0.19312842 0.20153044 0.29602215 0.12639679 0.09532387 0.09487729 0.043475542 0.058317687 0.21124321 0.13586652 0.06047719 0.19779822 0.014812829 0.013580635 0.01583136 0.17304696 0.19736561 0.043359786 0.039904486 0.040111553 0.10867829 0.0064594224 0.019335575 0.013277267 0.009826766 0.0063094716 0.022960035 0.0016982077 0.002115254 0.00043522625 0.008623013 0.0029191077 0.0022812306 0.0007533153 0.00032193202 0.046903215 0.0024059063 0.034766134 0.00458362 0.003016483 0.04771853 6.47662e-05 0.041163635 0.023928834 0.0009821862 0.03189108 0.00061102485 0.0022010629 0.0005759041 0.00031904798 0.005481471 0.0002896771 0.00064630114 1.664438e-05 4.8960457e-05 7.599918e-05 0.00012488321 0.0005560212 9.3083654e-05 0.00055891834 0.0003213149 0.00036396764 0.00034643678 3.6913258e-05 6.8084184e-05 7.327209e-05 0.0016104049 9.471362e-06 0.00025994456 0.00014423156 0.00019946614 7.725418e-05 5.35594e-06 0.000119188495 5.626909e-05 4.3985834e-05 1.9886404e-06 8.431374e-06 0.000103368046 9.6405776e-05 7.561576e-06 0.00011651292 0.00037479564 0.00015675655 1.1747685e-05 4.486313e-05 7.0921465e-06 1.9307217e-06 2.1373213e-05 1.7604361e-05
0.6564112 0.6656491 1.5695371e-19 0.0581434 0.25940156 0.020422919 0.77404815 0.3333429 0.8102115 0.032741312 0.08110706 0.015054872 0.32093439 0.22983879 0.19173576 0.23879907 0.16341276 0.25416926 0.056516107 0.024856308 0.009141677 0.08995419 0.30304676 0.01318042 0.011181512 0.034651745 0.04255252 0.062299896 0.090196244 0.0617354 0.05708667 0.029548613 0.028483516 0.022390872 0.06503127 0.018484168 0.008225866 0.033080943 0.0038606708 0.004529737 0.003744448 0.010649966 0.0068406616 0.021146778 0.0015120594 0.00064203166 0.015118704 0.0068209125 0.004849691 0.010779595 0.00769019 0.005722649 0.00013470824 0.0063235555 0.0025326107 0.0044301725 0.010712449 0.005374742 0.0012996388 0.0025889352 0.0019229291 0.0013026472 0.0010620891 0.0018616677 3.8673403e-05 0.00020401007 0.00016501165 0.00059156906 0.002524844 0.00039416956 0.0026455256 0.0017046534 0.00036866014 0.00025856076 2.9735081e-06 5.025396e-05 0.00064819556 0.0013577929 6.782421e-06 0.00071367127 0.00034695104 0.0005146442 0.00018301808 0.000101825186 1.9268306e-05 0.0004453037 1.3550238e-05 1.2248878e-06 1.613527e-05 0.00015598319 6.1237e-05 3.5289297e-06 0.00030317277 0.0005399232 0.00012256672 5.933347e-05 1.8042714e-05 3.5851692e-06 6.91061e-07 1.4027766e-05 8.728743e-05
0.8289944 0.798167 0.0581434 1.6771538e-21 0.08186268 0.070206314 0.053234138 0.4121826 0.019904122 0.020361075 0.018261101 0.33107567 0.07282502 0.45634985 0.010227199 0.0100934785 0.0081089 0.0048059407 0.009837582 0.43790486 0.19694234 0.004919065 0.019792683 0.00281373 0.0015459473 0.0014801085 0.32960674 0.10263708 0.008964112 0.0020811774 0.0008757519 0.1580239 0.0006081266 0.0052493704 0.0036336004 0.0003365035 0.0008671487 0.0015535085 0.000101304075 0.000101720456 7.094105e-05 0.0003554309 0.00010821531 8.321063e-05 2.5525189e-05 1.6142796e-05 0.07602616 0.00095727225 0.08082324 0.0005857084 6.280972e-05 0.08920069 3.6543013e-06 0.08143792 0.033529423 0.00010660588 0.05877543 0.00019772431 0.0003199789 3.5320798e-05 1.3174946e-06 0.0011513864 5.1979896e-05 8.442482e-05 7.021021e-06 3.3234926e-06 4.003684e-05 1.18693415e-05 9.892699e-05 8.963142e-06 8.2941966e-05 5.4921453e-05 3.2879776e-05 3.6804715e-05 5.888762e-07 4.6859306e-05 4.5425568e-05 0.0011277449 2.347125e-06 3.7440714e-05 1.3438765e-05 6.6566405e-05 5.664485e-05 6.1002124e-06 1.6645323e-06 3.2824068e-05 5.968089e-07 4.619507e-07 1.9802537e-05 0.00027753785 2.4025965e-05 9.4496095e-08 6.765073e-05 0.000260206 1.5712061e-05 1.6812817e-05 9.960674e-06 6.7866426e-07 4.28457e-07 6.8320905e-06 3.2740204e-06
0.29891193 0.37170118 0.25940156 0.08186268 5.9276315e-23 0.5909835 0.060285944 0.07675392 0.2867509 0.69648564 0.74256593 0.011286279 0.022442576 0.027849188 0.0072769374 0.0091026155 0.005725062 0.37637323 0.56768227 0.008306499 0.0050892085 0.0018250289 0.028256107 0.26386258 0.20642182 0.00022937666 0.0023419524 0.00052950945 0.00028425062 0.0016937968 0.00049827417 0.0010554632 9.351099e-05 4.5644952e-05 0.00017448624 0.00012459284 1.3226416e-05 0.0018159116 2.5292613e-05 0.0001632996 7.702469e-06 0.0004449015 0.00018997068 0.00020329225 1.6754362e-05 1.8473245e-05 0.00013219615 5.4284e-06 0.0012567061 0.00024340645 8.089562e-05 0.00133711 8.171729e-07 0.003218152 0.0023328976 7.6225144e-05 0.00029241605 3.842628e-05 4.521174e-06 8.3279934e-05 0.0005269443 7.1179556e-06 0.0012813751 8.710341e-05 8.273296e-08 7.424366e-06 0.008072508 1.0865506e-05 5.6649633e-06 0.00022887344 1.1518948e-05 8.7545e-06 8.896422e-05 2.4491437e-06 8.219771e-08 0.000475523 3.120513e-06 1.9511506e-05 6.971178e-07 0.00010538068 8.184755e-05 3.8632228e-05 0.00032194736 2.8524125e-06 1.5805647e-07 1.2642575e-05 1.7913575e-07 9.068225e-08 9.4954953e-07 5.691752e-06 1.5277564e-06 5.568452e-08 1.6512427e-05 3.7135567e-05 1.283487e-05 1.1352445e-06 4.274483e-08 1.8439317e-06 4.9602255e-07 2.580244e-07 1.5709318e-07
0.6143156 0.103167966 0.020422919 0.070206314 0.5909835 9.308143e-20 0.005407787 0.019145934 0.011024511 0.7892856 0.17605065 0.1312497 0.001865753 0.0070935604 0.0010677672 0.0016768749 0.0009664784 0.02954528 0.11244712 0.079469614 0.035540123 0.0001834581 0.0029718783 0.1652156 0.10011551 7.0683476e-05 0.0037348224 0.00030635763 6.2631654e-05 0.00014637886 4.1788095e-05 0.0006421182 2.1474409e-05 1.9619092e-05 2.4193316e-06 1.4700946e-05 1.6147424e-06 0.00017409332 7.5934663e-06 4.9265087e-05 1.4992876e-06 3.359132e-05 8.213295e-05 4.2906363e-06 2.5345555e-06 4.5195875e-06 4.402696e-05 8.114855e-08 0.012055626 5.2665244e-05 3.71079e-06 0.03431012 2.1646363e-07 0.08652409 0.057992533 6.5530956e-05 0.00017088471 2.8126337e-06 1.526689e-06 8.420028e-06 1.2192464e-05 8.723925e-07 7.6443685e-05 3.4875156e-05 3.0080065e-09 4.6875775e-06 0.002436294 1.8767942e-06 6.582779e-07 2.8563121e-05 1.3734048e-06 1.4057034e-06 4.2363195e-06 7.585834e-07 2.8768493e-08 0.00030828879 2.7130716e-07 4.541387e-05 7.1942156e-07 5.7741995e-06 3.6729973e-06 2.9192299e-05 0.0001305647 6.3277287e-07 4.219737e-07 3.7415185e-07 3.023739e-07 1.11731424e-07 3.7622701e-06 2.4954381e-05 5.422729e-06 1.3275105e-07 1.4356249e-05 2.8630332e-06 2.9040507e-06 8.312889e-06 1.4286252e-07 6.732814e-07 1.9901647e-07 3.0425758e-07 1.538466e-08
0.72294486 0.4226299 0.77404815 0.053234138 0.060285944 0.005407787 3.9665625e-21 0.5917217 0.44326237 0.00666713 0.023755489 0.026259188 0.65202063 0.42418817 0.542976 0.5394452 0.48252982 0.07936131 0.018431963 0.058869198 0.011668232 0.3176271 0.48168617 0.002208682 0.0017417154 0.1546053 0.11591287 0.30533597 0.24675009 0.21926226 0.22021687 0.07749816 0.11997821 0.10375309 0.1570737 0.0454784 0.040458154 0.07828196 0.05648735 0.05797137 0.024026196 0.046701603 0.03044365 0.014670869 0.01732446 0.010619119 0.05507663 0.020150514 0.012384168 0.023419451 0.002963649 0.011919771 0.0007430886 0.013471596 0.0073696254 0.017192895 0.020896953 0.011338035 0.0050992793 0.00089010986 0.00034706408 0.0067726225 0.00033774355 0.007173387 0.0010910151 0.0026930256 4.576986e-06 0.0021628197 0.0032041285 0.00019466036 0.0023478975 0.001308594 0.0004254219 0.0020072237 7.854496e-05 1.0077012e-05 0.000633403 0.0030153957 2.9609399e-05 0.0016265817 0.00037973293 0.00089940097 0.00019787559 5.794564e-05 0.00025593795 0.0003982029 0.00014196865 3.5340695e-06 3.0408823e-05 0.0008669962 0.00016569428 4.867474e-05 0.00058365124 0.00065111957 0.00025122476 0.0001409497 6.43869e-05 8.115931e-06 1.8593068e-06 9.0051544e-05 0.00054524513
0.88406557 0.63820976 0.3333429 0.4121826 0.07675392 0.019145934 0.5917217 8.5549e-21 0.15035097 0.016043277 0.016614376 0.0676542 0.63237864 0.7761433 0.45040607 0.2850006 0.3723875 0.032270007 0.0070432057 0.18403935 0.048913524 0.28460643 0.16579913 0.0020442267 0.0012215341 0.099459395 0.40143633 0.60075307 0.29567948 0.10154934 0.1202194 0.33332005 0.042987607 0.17422995 0.1058095 0.014169651 0.017878437 0.02730945 0.005275767 0.0068684793 0.002426386 0.014307703 0.006055631 0.0022187587 0.0014187837 0.0007273298 0.30271387 0.010500002 0.023389095 0.009141394 0.0023436002 0.029404901 6.257601e-05 0.020856243 0.0091069965 0.0018520822 0.15203884 0.0008656453 0.0030789904 0.0010748412 0.00023250826 0.006070213 0.00051716267 0.0020376672 0.0007518207 0.000296217 6.049097e-05 0.0005758261 0.00066169904 0.0004292507 0.00033605163 0.00025359602 0.00095801667 0.00161665 1.213767e-05 1.8934552e-05 0.00030029265 0.0037098438 5.2442783e-06 0.0023979866 0.00064514193 0.00028616958 8.549815e-05 0.00055164366 4.4930697e-05 0.00034630497 9.712854e-05 2.5444679e-06 6.6105376e-06 0.0014775348 6.212374e-05 5.12418e-05 0.00043511085 0.0011391994 0.00049888494 7.591248e-05 0.00017010701 2.4820069e-05 1.3587466e-05 4.4670625e-05 0.00012529515
0.51778543 0.17816798 0.8102115 0.019904122 0.2867509 0.011024511 0.44326237 0.15035097 1.8059395e-20 0.021415928 0.1231984 0.0030391936 0.22562397 0.11404337 0.19751544 0.28292185 0.1912491 0.7203792 0.10347174 0.0035420833 0.0015648128 0.100277014 0.646785 0.008464031 0.009014728 0.04420117 0.006309504 0.009435877 0.060598977 0.17118537 0.1819155 0.0047884574 0.03597362 0.007587677 0.047321644 0.055951197 0.0050172405 0.16987146 0.006210124 0.018886222 0.0053143012 0.03532493 0.025431693 0.31177515 0.005764824 0.004144598 0.002085005 0.010957648 0.00019604793 0.027793052 0.1387501 0.00018083601 0.00024877003 0.00019873229 0.00011183735 0.013495751 0.0030669337 0.015254148 0.0013248408 0.056797404 0.02456937 0.0012341411 0.010090515 0.007718029 0.00018645114 0.001110468 0.00067484094 0.0024309652 0.032996166 0.0017151297 0.02695925 0.01720742 0.0030337996 0.0004694033 1.9223073e-06 7.052101e-05 0.009567133 0.00018861119 2.5624518e-06 0.0013982536 0.0017502382 0.00048989046 0.0003688949 0.00250788 3.5259966e-06 0.004594125 1.3147064e-05 4.0937454e-07 7.8448265e-06 4.358422e-05 1.2255987e-05 6.374005e-06 0.00028743374 0.00017631504 0.0009734095 2.6309137e-05 8.446113e-07 1.32149e-06 6.7613314e-07 2.6212729e-06 4.8334245e-05
0.044878755 0.10776651 0.032741312 0.020361075 0.69648564 0.7892856 0.00666713 0.016043277 0.021415928 8.4593344e-20 0.4074049 0.010587584 0.002734775 0.0046530375 0.00054830627 0.0010079468 0.00040706582 0.06826754 0.26046258 0.006003557 0.0046853544 0.00012734876 0.0023516277 0.21224296 0.15674368 3.43273e-05 0.00055393984 2.56724e-05 3.0539224e-05 7.3993746e-05 3.7224178e-05 0.00013002715 2.442835e-05 1.7481012e-05 1.7278184e-06 1.1849922e-05 3.0148403e-06 0.00026941506 1.5556181e-05 5.6263216e-06 1.7773824e-06 6.3320663e-06 1.4826198e-05 1.6068305e-05 4.256333e-06 1.9075242e-06 1.927393e-05 4.5467777e-07 0.0025835326 3.6723406e-05 1.6119382e-05 0.0036166275 5.4374595e-07 0.007840479 0.009427337 4.5700904e-06 5.042443e-05 2.9001885e-07 3.9298097e-06 4.008624e-05 0.00011748655 2.4256733e-06 0.0005229411 5.975781e-06 1.96296e-08 3.131203e-06 0.0019165823 5.0791664e-07 2.4921584e-07 5.67274e-05 4.018572e-07 6.17994e-07 2.2093052e-05 5.9047693e-06 1.1943557e-07 0.00019363959 1.5838131e-07 4.159579e-06 2.6250567e-07 5.439651e-06 1.4744104e-05 2.6951375e-06 6.3996384e-05 4.5763113e-07 9.974976e-07 8.543066e-07 3.028543e-06 8.8444004e-08 3.2687652e-07 1.9504594e-06 1.262635e-06 9.114233e-07 2.50686e-06 3.649568e-06 1.4966304e-06 3.7946882e-07 7.3763246e-08 1.5468063e-06 7.7897073e-07 6.18508e-07 3.202376e-07
0.08597212 0.08436785 0.08110706 0.018261101 0.74256593 0.17605065 0.023755489 0.016614376 0.1231984 0.4074049 3.0488545e-21 0.002988539 0.008360214 0.006753525 0.0034035374 0.00641926 0.003180549 0.3908047 0.68363214 0.0021817244 0.0014373169 0.00097497675 0.014975393 0.33450535 0.32433644 0.00040758145 0.00052260706 0.00012967398 0.00020565603 0.00072178635 0.0005781192 0.00017356728 0.00015537372 5.0388277e-05 1.9908102e-05 0.0001392611 1.7128747e-05 0.0014385696 0.000102115366 0.000112759015 2.977085e-05 0.00014942717 0.00029620202 0.00066342566 3.8571892e-05 3.9995015e-05 7.8417565e-05 2.8763445e-06 0.00089916174 0.00025694605 0.00022775166 0.0015815636 5.1500847e-06 0.0033474087 0.0038531448 8.52686e-05 6.530249e-05 5.29125e-06 5.3470653e-06 0.00031671312 0.0027237674 4.245626e-06 0.006343345 4.0705625e-05 8.2804e-08 2.4411886e-05 0.009546362 5.3624003e-06 4.556634e-06 0.00067874073 6.659507e-06 6.8896097e-06 0.00027565996 9.321295e-06 5.06227e-07 0.00044801692 1.6622781e-06 9.062044e-06 3.333498e-06 4.5054356e-05 9.6307725e-05 2.2461201e-05 0.0003497653 7.2872285e-07 1.1112555e-06 3.9143924e-06 1.0842252e-06 2.301555e-07 1.2255013e-06 3.3996246e-06 3.3642182e-06 5.906586e-07 1.00740335e-05 4.379793e-05 6.4852693e-06 9.150926e-07 1.8524918e-07 7.269934e-06 1.6580287e-06 1.288843e-06 1.2511579e-06
0.5888977 0.19312842 0.015054872 0.33107567 0.011286279 0.1312497 0.026259188 0.0676542 0.0030391936 0.010587584 0.002988539 1.1582745e-21 0.0064726155 0.032551963 0.0037060473 0.0020252182 0.0023595856 0.00085982424 0.0017421898 0.5498445 0.90379524 0.001007207 0.00062353804 0.0021587363 0.0009708577 0.00024641497 0.107657224 0.004336736 0.0010844351 9.9406185e-05 8.238736e-05 0.04670039 0.00010539474 0.0013257781 0.0004191546 1.1861223e-06 0.0006320908 6.394737e-06 9.923734e-06 3.298928e-06 1.16625915e-05 7.7703936e-07 1.0134485e-06 1.1702236e-06 1.1532981e-06 5.44394e-07 0.0075532706 8.55373e-05 0.14059485 5.8044448e-06 2.783046e-06 0.38667548 6.758578e-07 0.37999946 0.23498057 8.663774e-07 0.023631178 1.17862996e-07 0.00031248998 8.065308e-06 8.872068e-06 0.00050482433 0.00015216 2.2769746e-07 3.8324862e-07 3.6711498e-07 0.00031080985 4.556764e-08 1.267826e-06 2.3438828e-05 1.228607e-06 2.150998e-06 1.7510845e-05 4.4678596e-05 1.9213952e-07 0.00021573521 4.0181655e-07 0.0012803855 4.3322527e-07 7.5402073e-07 2.4195324e-06 8.998878e-07 3.7394395e-05 1.16509725e-07 1.9223336e-07 6.7451913e-07 4.691278e-07 7.114066e-08 4.4078553e-07 0.00034523624 6.8575577e-07 5.048209e-08 6.1676747e-07 5.638045e-05 9.605983e-08 1.9895538e-07 9.9837266e-08 8.4779934e-08 1.776979e-08 1.0381276e-07 1.1031636e-09
0.91065407 0.20153044 0.32093439 0.07282502 0.022442576 0.001865753 0.65202063 0.63237864 0.22562397 0.002734775 0.008360214 0.0064726155 3.716774e-20 0.5459147 0.6525062 0.5798156 0.608894 0.039365325 0.004641645 0.011995491 0.0044498644 0.57585114 0.17233042 0.00037129724 0.00023664454 0.2971879 0.12457998 0.39099732 0.5395942 0.13097101 0.2338603 0.12176265 0.22929797 0.23389864 0.30129468 0.066604786 0.08470273 0.042619415 0.029650304 0.040148176 0.0711569 0.033231914 0.03996413 0.0023878415 0.011207507 0.008815534 0.21815023 0.044962782 0.0045300717 0.023864403 0.00072955736 0.0050388286 0.00048133664 0.0027834189 0.0010082439 0.018085932 0.05954981 0.007737002 0.006336984 0.00054050155 1.2059558e-05 0.008661615 0.00023117107 0.0049623665 0.0018874876 0.00078876736 6.1761953e-06 0.0017753682 0.00057821604 0.0007292085 0.00061391556 0.0003864043 0.0025452937 0.0047642854 6.8907725e-06 1.3874126e-05 0.00026512996 0.006220289 1.2237826e-05 0.0031851234 0.003660816 0.00025187296 8.4874955e-05 0.0014470102 1.5237833e-05 0.0003588895 0.00031183058 2.2821869e-06 7.809311e-06 0.0024826238 3.224207e-05 0.00037992833 0.0003591591 0.0018569697 0.0002672759 7.488203e-05 1.6687483e-05 1.3666285e-05 5.6498725e-06 6.153392e-05 0.00088044396
0.97587156 0.29602215 0.22983879 0.45634985 0.027849188 0.0070935604 0.42418817 0.7761433 0.11404337 0.0046530375 0.006753525 0.032551963 0.5459147 1.6466059e-19 0.3475628 0.29299167 0.31290433 0.009904471 0.003449409 0.17499574 0.01880742 0.2524305 0.08635156 0.00057672546 0.00031452667 0.12727067 0.5311905 0.7019418 0.40182576 0.055009034 0.114252195 0.46856093 0.060499698 0.30711782 0.27203298 0.010346466 0.04848825 0.012260695 0.009646364 0.0076571335 0.005684536 0.006737979 0.0052339863 0.0003826353 0.0027575016 0.0015319877 0.5075936 0.026680555 0.018830622 0.006402386 0.00040853568 0.023779562 8.701391e-05 0.023036513 0.0077478634 0.001758375 0.3071866 0.0007102346 0.0038227097 0.0002583594 4.7175603e-05 0.007249566 0.00015093328 0.002253857 0.00063593086 0.00040290484 2.5420777e-05 0.00040459057 0.00014502202 0.00016994339 0.00014626054 0.000115078525 0.0005678476 0.0015548824 2.964835e-06 9.451079e-06 0.00019143034 0.015763965 1.277791e-05 0.0042260024 0.0006758612 0.00028220488 4.4549677e-05 0.0008412086 8.404777e-06 0.00075824134 5.1933417e-05 2.563256e-06 8.7066e-06 0.0043637916 2.7909731e-05 6.0247778e-05 0.00051155675 0.0014873618 0.00032287012 3.778838e-05 2.818978e-05 8.686985e-06 2.9408984e-06 3.243173e-05 0.00016833056
0.8368298 0.12639679 0.19173576 0.010227199 0.0072769374 0.0010677672 0.542976 0.45040607 0.19751544 0.00054830627 0.0034035374 0.0037060473 0.6525062 0.3475628 1.6065405e-22 0.66948956 0.72063804 0.017918244 0.0020310401 0.0047317245 0.0029312763 0.66241723 0.24632181 0.00021116783 0.00012032017 0.40850174 0.03427704 0.31206506 0.46363205 0.19730504 0.28679883 0.047957763 0.29121238 0.20563647 0.28983688 0.06328779 0.10008038 0.04520434 0.105157115 0.11631489 0.12945868 0.046657786 0.07830199 0.0016129278 0.03470369 0.02806311 0.10921438 0.04454376 0.0020836114 0.027546018 0.0005971762 0.0016675448 0.0036893112 0.0016306315 0.000980538 0.048738137 0.02139772 0.012841857 0.010162835 0.0004335789 4.8121037e-06 0.012545932 6.943384e-05 0.017880296 0.0031728644 0.0043977345 2.8903933e-06 0.008473323 0.0012479238 0.00026376857 0.0009536125 0.00042415044 0.0008945866 0.011575222 0.00033811433 1.7317669e-05 0.00044002826 0.008602647 0.00014672535 0.009149849 0.0015178233 0.0017479787 0.00018270453 0.0004709905 0.00060540915 0.00031308807 0.0011837126 3.16019e-05 0.00010249978 0.003723563 0.00010955912 0.0012872247 0.0014595519 0.0065276595 0.00075622613 0.00026707054 0.0009034087 6.564203e-05 2.9927583e-05 9.194621e-05 0.0038265905
0.85270566 0.09532387 0.23879907 0.0100934785 0.0091026155 0.0016768749 0.5394452 0.2850006 0.28292185 0.0010079468 0.00641926 0.0020252182 0.5798156 0.29299167 0.66948956 4.027354e-20 0.66526556 0.028094415 0.0041677533 0.003257997 0.0017458495 0.55589885 0.29991326 0.00013027043 7.478568e-05 0.36392838 0.031237863 0.162398 0.4269731 0.2577164 0.42459348 0.032893937 0.30210832 0.14712977 0.29873538 0.098690405 0.06592846 0.06606885 0.07016087 0.0718995 0.1288329 0.049561124 0.08143386 0.005802964 0.026686342 0.027264709 0.06066275 0.030068383 0.0010181125 0.044643715 0.0007122706 0.00034263945 0.003179894 0.0003901315 0.00020072005 0.05392228 0.0137927495 0.01844479 0.004042321 0.0004125755 1.0911476e-05 0.006422071 4.413273e-05 0.027093858 0.0023274587 0.0046659177 1.1301092e-06 0.008445643 0.002891859 9.389714e-05 0.0023103915 0.0012888081 0.0004102788 0.005913192 6.93668e-05 4.443581e-06 0.0015025483 0.005118327 5.6076566e-05 0.008049234 0.001110639 0.0012795959 6.308093e-05 0.0003909634 0.00014549358 0.00089613296 0.00064813375 9.362794e-06 7.4942465e-05 0.0032584788 0.00011452673 0.0010695992 0.0013840974 0.003977249 0.0011670587 0.00033457216 8.982999e-05 8.672276e-06 4.9106516e-06 0.0001719924 0.0039892127
0.85259026 0.09487729 0.16341276 0.0081089 0.005725062 0.0009664784 0.48252982 0.3723875 0.1912491 0.00040706582 0.003180549 0.0023595856 0.608894 0.31290433 0.72063804 0.66526556 1.4050507e-21 0.0142047815 0.002062554 0.0036998058 0.0020808908 0.6594226 0.21475817 0.00021440713 0.00012536805 0.42337346 0.028484153 0.24516656 0.47033617 0.18433857 0.30316496 0.04229489 0.3107234 0.20406218 0.3005268 0.06835664 0.09663443 0.04383837 0.09844102 0.09940598 0.14647922 0.0432778 0.076239765 0.0017151142 0.03495176 0.03182651 0.10897394 0.045153584 0.001430809 0.029828053 0.00043555678 0.00095140515 0.004304631 0.0007108967 0.0006025957 0.047149938 0.019334704 0.015429744 0.01027843 0.0003245687 3.7073057e-06 0.011915133 5.9742164e-05 0.020461641 0.0038717487 0.0041277744 3.390216e-06 0.010282346 0.0014897254 0.00022726847 0.0012950875 0.00056634756 0.0007608175 0.013559295 0.0003948545 2.0634097e-05 0.0005921926 0.009329811 0.00016895408 0.0086416025 0.0016159571 0.0020032707 0.00018682759 0.00047150865 0.0005797552 0.0004280709 0.0015759206 4.307259e-05 0.00015431155 0.004709743 0.00014326263 0.0018723285 0.0020751457 0.007591527 0.00094804214 0.00039224006 0.00078717846 7.3287534e-05 3.619643e-05 0.00014058416 0.0050912155
0.12902094 0.043475542 0.25416926 0.0048059407 0.37637323 0.02954528 0.07936131 0.032270007 0.7203792 0.06826754 0.3908047 0.00085982424 0.039365325 0.009904471 0.017918244 0.028094415 0.0142047815 1.8837317e-23 0.42723143 0.00025691566 0.0004986801 0.003684354 0.15568596 0.13844305 0.15257174 0.0005784846 0.0004758507 2.2468399e-05 0.0004579152 0.01266873 0.0031946176 0.00015525198 0.00028811686 3.2641798e-05 0.000273888 0.0004312341 2.285856e-05 0.025094531 7.3898125e-05 0.00016447634 6.7915964e-05 0.0013699358 8.676631e-05 0.21793893 0.00011218528 7.572867e-05 0.00035428177 4.954812e-05 4.5506586e-06 0.0015434836 0.22766906 0.00024317442 4.8289203e-06 0.00079459907 0.0011303702 0.000106718595 9.4780706e-05 0.0020282012 4.58511e-05 0.17822932 0.23965521 2.2952447e-05 0.15085177 0.00011982136 2.7413782e-06 1.6368556e-05 0.04942569 4.3623186e-05 0.0034274308 0.061871093 0.008567184 0.006932047 0.06485021 2.6558684e-05 1.2582517e-07 0.0051447586 0.0014888939 3.3852634e-06 6.297142e-07 0.00033073043 0.023837656 4.2254316e-05 0.00743753 0.0071752854 1.933992e-07 0.002293712 3.523124e-07 6.997204e-08 1.1844448e-06 8.236316e-07 2.351586e-06 4.3710347e-07 2.627426e-05 9.965488e-05 0.0002506062 1.977637e-06 4.942961e-07 8.978262e-07 4.671042e-07 4.4899767e-07 4.489279e-05
0.019000368 0.058317687 0.056516107 0.009837582 0.56768227 0.11244712 0.018431963 0.0070432057 0.10347174 0.26046258 0.68363214 0.0017421898 0.004641645 0.003449409 0.0020310401 0.0041677533 0.002062554 0.42723143 5.4519284e-21 0.0017502182 0.0012576664 0.0005947374 0.008841462 0.38007042 0.4279039 0.00033385376 0.00014784142 3.16221e-05 0.00017813957 0.0005414831 0.0011159674 9.482863e-05 0.00021955323 1.746868e-05 1.4228561e-05 0.00022657121 1.1138673e-05 0.0013319334 0.00017809746 6.751976e-05 2.9273091e-05 0.0001087144 0.00019445976 0.0014436237 0.00013298212 6.7042e-05 7.439942e-05 1.9396375e-06 0.0015771023 0.00018983014 0.00095405045 0.0021178054 5.645779e-06 0.003796013 0.0052136704 6.583708e-05 6.260371e-05 1.5896261e-06 9.140516e-06 0.000892492 0.005254998 6.9768344e-06 0.009612257 2.4699973e-05 1.1394698e-07 2.4310682e-05 0.014367632 3.2945673e-06 1.3266937e-06 0.0015983809 3.0816354e-06 3.4359477e-06 0.00062241696 3.0888605e-05 8.090279e-07 0.0006210696 9.620344e-07 1.0715441e-05 2.8955608e-06 1.9686151e-05 0.00015404043 5.9287568e-06 0.00063814956 2.6500922e-07 1.9516146e-06 1.619744e-06 2.694631e-06 1.3875487e-07 3.7399738e-07 2.4279345e-06 2.0527532e-06 1.827575e-06 2.9058876e-06 3.1179e-05 3.7319096e-06 3.7049182e-07 1.9004108e-07 3.8193893e-06 1.0941304e-06 1.6383776e-06 2.7392978e-06
0.8096985 0.21124321 0.024856308 0.43790486 0.008306499 0.079469614 0.058869198 0.18403935 0.0035420833 0.006003557 0.0021817244 0.5498445 0.011995491 0.17499574 0.0047317245 0.003257997 0.0036998058 0.00025691566 0.0017502182 6.6175835e-19 0.57108265 0.0010040014 0.0026339428 0.0012416713 0.00053642393 0.00017217964 0.42813495 0.021375962 0.001353844 0.0014799908 0.00036992377 0.23433548 0.00014799986 0.0008358193 0.00067605556 0.00017398078 0.00037024755 0.00048392886 1.5070536e-05 8.974012e-06 1.5268863e-05 0.00010249373 1.7689028e-05 1.561915e-05 6.91422e-06 6.3810785e-06 0.028948525 0.00019679309 0.14173704 0.00020880683 3.8103688e-05 0.26993525 6.89856e-07 0.22380693 0.122474216 6.0124486e-05 0.06581191 4.189032e-05 0.00031138482 0.00012000136 7.720182e-05 0.00077568827 0.00062716316 0.00030268627 7.566005e-06 1.8778325e-06 0.00030217372 2.4146653e-05 3.419158e-05 5.9794213e-05 5.9128255e-05 0.00014755465 0.0002338445 3.109443e-05 7.543533e-08 6.928984e-05 0.00018661356 0.0021287585 1.9177028e-07 0.0017152702 4.973489e-05 0.00016096164 5.2662228e-05 2.7279955e-05 1.121189e-07 0.00029786714 3.095959e-07 2.4002798e-08 3.7638722e-07 0.0008924533 1.548865e-05 1.12007534e-07 0.000111252804 0.00011142524 8.3617204e-05 5.743864e-05 8.831096e-07 3.0011968e-06 1.9569525e-06 2.4730945e-05 2.4049127e-08
0.4757681 0.13586652 0.009141677 0.19694234 0.0050892085 0.035540123 0.011668232 0.048913524 0.0015648128 0.0046853544 0.0014373169 0.90379524 0.0044498644 0.01880742 0.0029312763 0.0017458495 0.0020808908 0.0004986801 0.0012576664 0.57108265 9.586293e-22 0.0007861521 0.00040300243 0.0017751423 0.00076820684 0.00016415479 0.1209247 0.0059444625 0.00067494944 5.8012207e-05 3.221831e-05 0.06053013 4.5858138e-05 0.0014629805 0.00035239142 5.861599e-07 0.00057955226 4.111091e-06 5.6683407e-06 2.3185792e-06 3.7086852e-06 1.2022173e-06 7.881635e-07 4.3720473e-07 6.390289e-07 5.539973e-07 0.012030049 0.00013074775 0.19216345 3.5440835e-06 1.9543397e-06 0.38154593 2.9426224e-07 0.33688733 0.22847533 5.258529e-07 0.032845326 4.4876238e-08 0.0004529849 8.095863e-06 1.3778963e-05 0.00079201726 0.00019114322 2.7123875e-08 7.283018e-07 6.918297e-08 0.00017911058 1.9698762e-08 1.8000322e-06 2.3350321e-05 2.0452708e-06 3.714752e-06 2.729018e-05 5.5744214e-05 1.2929443e-07 8.266905e-05 4.7516505e-07 0.0018008745 1.7876354e-07 1.271904e-07 5.0170033e-06 1.7869247e-07 2.2391287e-05 1.9480547e-07 1.7780766e-07 1.3789722e-06 4.9726015e-07 5.499244e-08 1.1710436e-07 0.0007466204 1.4705333e-07 6.04798e-08 2.471873e-07 8.059445e-05 8.24285e-08 1.0160212e-07 1.100907e-07 7.3534835e-08 3.0716798e-08 6.037342e-08 1.5922834e-09
0.8755497 0.06047719 0.08995419 0.004919065 0.0018250289 0.0001834581 0.3176271 0.28460643 0.100277014 0.00012734876 0.00097497675 0.001007207 0.57585114 0.2524305 0.66241723 0.55589885 0.6594226 0.003684354 0.0005947374 0.0010040014 0.0007861521 2.2881503e-22 0.14543416 0.0001532312 8.158586e-05 0.6449726 0.01823164 0.28248397 0.5599678 0.1722534 0.3397538 0.034949936 0.374532 0.22596653 0.2457631 0.08900961 0.11320064 0.036802497 0.12102459 0.13705373 0.18961996 0.053629622 0.103712626 0.0006395417 0.061334543 0.059513006 0.12814116 0.058046695 0.00042671565 0.03206479 0.0002331333 0.00029007212 0.0055535394 0.0002273992 0.00013619947 0.07293903 0.023702795 0.015655287 0.013367193 0.0002233932 2.186201e-06 0.017493095 1.2164984e-05 0.022033857 0.006119042 0.0058053 2.036722e-06 0.010604531 0.00044047186 7.129366e-05 0.0004530923 0.0002816918 0.00036148963 0.020260269 0.00025502912 6.5946824e-06 0.00017500353 0.009382402 9.812718e-05 0.0061712377 0.00079626485 0.0016108212 3.2764023e-05 0.00029273776 0.00041450304 0.00019018207 0.0017202243 2.6825199e-05 8.877599e-05 0.007458711 0.00014467901 0.0021968184 0.0013894781 0.011066203 0.00051072025 0.0004433786 0.0008756805 7.6572396e-05 4.220836e-05 0.00011740703 0.004697833
0.13178724 0.19779822 0.30304676 0.019792683 0.028256107 0.0029718783 0.48168617 0.16579913 0.646785 0.0023516277 0.014975393 0.00062353804 0.17233042 0.08635156 0.24632181 0.29991326 0.21475817 0.15568596 0.008841462 0.0026339428 0.00040300243 0.14543416 1.966386e-22 0.00013243489 0.00012398513 0.11633619 0.0046882625 0.014043825 0.083658986 0.78953344 0.5607518 0.0027043987 0.061536115 0.015866185 0.023694271 0.47612178 0.009459352 0.67839295 0.0711398 0.20663805 0.013329213 0.4054817 0.30237705 0.16454639 0.045942806 0.06623412 0.0031199509 0.004737188 0.00013221064 0.17396227 0.052462988 5.240981e-05 0.0042363526 7.10151e-05 0.00010065012 0.25632706 0.0017682436 0.08110222 0.0015601994 0.016368644 0.000824972 0.0020448798 0.0002230443 0.118198335 0.00078023283 0.045641866 8.0530526e-07 0.03451991 0.10560533 0.00013542287 0.05994877 0.027886476 0.0010790826 0.0020632406 0.00013264749 2.099698e-06 0.034459546 0.00045974113 0.00033726977 0.036045484 0.0005792909 0.009244951 1.3888635e-05 0.0011310317 0.00014909379 0.012642406 0.00034572202 1.91387e-05 6.994873e-05 0.00013514845 0.00034128947 0.0003581899 0.0022603888 0.000661272 0.017341694 0.0002528961 2.2232445e-05 7.976751e-06 4.4311737e-06 0.00014457958 0.0010949629
0.0061016683 0.014812829 0.01318042 0.00281373 0.26386258 0.1652156 0.002208682 0.0020442267 0.008464031 0.21224296 0.33450535 0.0021587363 0.00037129724 0.00057672546 0.00021116783 0.00013027043 0.00021440713 0.13844305 0.38007042 0.0012416713 0.0017751423 0.0001532312 0.00013243489 1.4326481e-21 0.5771999 4.7060614e-05 0.00011720979 6.3674706e-05 7.302848e-05 1.2519451e-05 3.543984e-05 8.0857826e-05 2.0179536e-05 5.0059418e-05 2.8989913e-05 6.1584383e-06 1.9343628e-05 2.9223274e-05 1.3301858e-05 2.0515936e-05 5.387148e-06 8.2129736e-07 1.0042772e-05 1.361176e-05 1.388408e-05 1.746305e-05 8.235186e-05 6.2349905e-06 0.0030018599 5.975416e-06 2.582095e-05 0.004542635 7.097867e-07 0.012129015 0.010330834 4.36406e-06 5.1710824e-05 1.5991354e-08 4.8939215e-05 0.0001256715 0.00015956273 6.021811e-06 0.0012734669 1.3940739e-06 3.1252736e-07 2.7732324e-06 0.0072726435 2.1935699e-07 3.196467e-08 0.00022742523 1.3532751e-07 2.6547337e-07 4.6440713e-05 4.5411274e-05 6.6648305e-08 0.0003265598 1.5486461e-07 1.9452831e-05 1.6723559e-06 6.9767943e-06 1.7335977e-05 2.288038e-06 0.00015981766 6.5508985e-08 8.1131026e-07 2.1015236e-07 1.3657413e-05 8.9036234e-08 4.881755e-07 3.2048401e-06 1.3969712e-06 7.862638e-06 4.657146e-07 1.2503389e-05 1.9967256e-07 9.7102834e-08 5.829433e-07 2.6937832e-06 1.3949091e-06 1.7509826e-07 3.4109487e-06
0.0045027626 0.013580635 0.011181512 0.0015459473 0.20642182 0.10011551 0.0017417154 0.0012215341 0.009014728 0.15674368 0.32433644 0.0009708577 0.00023664454 0.00031452667 0.00012032017 7.478568e-05 0.00012536805 0.15257174 0.4279039 0.00053642393 0.00076820684 8.158586e-05 0.00012398513 0.5771999 9.855831e-22 1.741037e-05 9.2446855e-05 3.1566087e-05 2.5625506e-05 7.137818e-06 2.4762427e-05 7.133473e-05 6.815483e-06 3.3776385e-05 1.8132412e-05 4.5386355e-06 2.0386937e-05 2.4511497e-05 5.8880014e-06 9.514237e-06 2.301868e-06 3.1736965e-07 3.9540387e-06 1.8894236e-05 6.6135267e-06 8.9860105e-06 8.542643e-05 5.6642825e-06 0.0017362384 3.4770262e-06 2.5683345e-05 0.0033143787 3.4700284e-07 0.009715385 0.009558647 3.3588005e-06 5.7515543e-05 5.588772e-09 3.177579e-05 0.00013253646 0.00040855087 6.252271e-06 0.002304471 7.386085e-07 2.1413078e-07 2.071874e-06 0.019414546 6.871492e-08 2.7648454e-08 0.0005894167 1.2795738e-07 2.2616241e-07 6.7435e-05 4.0125407e-05 7.2483076e-08 0.0007963131 9.863763e-08 1.0914807e-05 9.651607e-07 1.7760776e-06 2.4936704e-05 1.2271853e-06 0.00051738374 4.1602572e-08 3.2280957e-07 1.2122503e-07 1.1889814e-05 4.453805e-08 2.0961835e-07 1.7776077e-06 7.380515e-07 6.494826e-06 1.6357883e-07 9.584955e-06 5.903395e-08 2.0441396e-08 2.545185e-07 1.3321186e-06 8.304787e-07 7.025877e-08 3.170794e-06
0.8632084 0.01583136 0.034651745 0.0014801085 0.00022937666 7.0683476e-05 0.1546053 0.099459395 0.04420117 3.43273e-05 0.00040758145 0.00024641497 0.2971879 0.12727067 0.40850174 0.36392838 0.42337346 0.0005784846 0.00033385376 0.00017217964 0.00016415479 0.6449726 0.11633619 4.7060614e-05 1.741037e-05 3.5685924e-22 0.007761227 0.24524274 0.5909967 0.21952073 0.46659642 0.019082727 0.67839247 0.24662381 0.18441322 0.1307265 0.11916831 0.039187215 0.29439932 0.2775917 0.34345788 0.07843881 0.17303455 0.0004411685 0.15590462 0.17090794 0.12485734 0.057425264 0.00016828321 0.038109403 0.00020391379 2.889717e-05 0.072081394 2.3808776e-05 2.3043995e-05 0.13954456 0.021773323 0.022390291 0.02573675 0.00015836721 9.605849e-07 0.02587939 5.3590006e-06 0.050647743 0.029899728 0.041678745 1.4829174e-06 0.023368133 0.0003991502 1.4776791e-05 0.00033170427 0.00020105245 0.00014596248 0.044414237 0.0017352396 3.4772254e-06 0.000107072854 0.010252066 0.0004663251 0.018207358 0.0005497632 0.009514405 1.3646645e-05 0.00016492006 0.0014117375 0.00012462931 0.004434038 0.00027606433 0.00035104598 0.015229241 0.0012582969 0.0057674525 0.003942931 0.024211437 0.00093175087 0.0017873928 0.0015885057 0.00015569665 0.00012682177 0.000789066 0.013036836
0.9502703 0.17304696 0.04255252 0.32960674 0.0023419524 0.0037348224 0.11591287 0.40143633 0.006309504 0.00055393984 0.00052260706 0.107657224 0.12457998 0.5311905 0.03427704 0.031237863 0.028484153 0.0004758507 0.00014784142 0.42813495 0.1209247 0.01823164 0.0046882625 0.00011720979 9.2446855e-05 0.007761227 3.502368e-18 0.3015775 0.03721929 0.003777426 0.003819889 0.7978033 0.0020848298 0.025550766 0.013997633 0.00044141678 0.0026621867 0.00055603276 0.00053217786 5.458439e-05 0.00015478926 0.0002098793 0.00011844415 5.7963767e-05 0.0005127355 0.00013412817 0.4121951 0.002434444 0.05095766 0.00037888845 3.722261e-05 0.05369248 8.62309e-06 0.03473956 0.019562885 3.9657025e-05 0.47790045 1.0719151e-05 0.0013219765 9.02795e-05 0.00030259622 0.007001507 0.000313146 0.00015697631 6.645857e-05 1.1926916e-05 0.000289119 8.845644e-05 0.00011776756 0.0001241162 0.00010965926 0.00019897008 0.00012545213 0.0012495375 1.7529767e-06 0.00014908228 0.000968426 0.025392972 2.3513662e-06 0.0014455641 0.00013997011 2.1411794e-05 0.00018645701 0.00021897798 1.0591108e-05 0.0018860562 4.9779585e-05 6.562827e-07 3.1842665e-06 0.0033956072 2.116081e-06 4.490362e-05 0.00018813387 0.0011210571 0.0021022626 7.636393e-06 2.9694122e-05 2.4750327e-06 1.9340243e-06 2.4725605e-06 7.2572093e-06
0.94200796 0.19736561 0.062299896 0.10263708 0.00052950945 0.00030635763 0.30533597 0.60075307 0.009435877 2.56724e-05 0.00012967398 0.004336736 0.39099732 0.7019418 0.31206506 0.162398 0.24516656 2.2468399e-05 3.16221e-05 0.021375962 0.0059444625 0.28248397 0.014043825 6.3674706e-05 3.1566087e-05 0.24524274 0.3015775 3.7913598e-24 0.45855346 0.04511774 0.15944536 0.36768064 0.17227337 0.4873916 0.47132736 0.004925283 0.29866537 0.0005417349 0.045523543 0.018355023 0.042790808 0.0019634264 0.0067917425 1.1069922e-05 0.023151493 0.009440121 0.50085425 0.17877224 0.011623496 0.00096131366 2.6746904e-05 0.012858323 0.00045185146 0.008360366 0.0024006716 0.003444475 0.3685562 9.159784e-06 0.059946787 0.00014488184 0.00021578542 0.08122442 0.00026992508 0.0005420605 0.0043149847 0.00059075194 3.1906155e-05 0.00015568775 8.589833e-06 5.6957844e-05 1.05617355e-05 2.5408634e-05 0.00023303836 0.012386464 2.300322e-05 1.5455787e-05 6.016584e-05 0.057129204 4.2475176e-06 0.0016053118 0.00017777944 9.415539e-05 2.1199281e-05 0.00031540918 0.00012940873 0.0011309347 0.00089826906 2.5567665e-06 2.4272424e-06 0.015800824 2.3057733e-05 0.0007420161 8.7847795e-05 0.0066786674 3.2503656e-05 1.9245368e-05 0.00019286462 1.8880923e-05 2.1752461e-05 5.578469e-05 0.0008833817
0.9530444 0.043359786 0.090196244 0.008964112 0.00028425062 6.2631654e-05 0.24675009 0.29567948 0.060598977 3.0539224e-05 0.00020565603 0.0010844351 0.5395942 0.40182576 0.46363205 0.4269731 0.47033617 0.0004579152 0.00017813957 0.001353844 0.00067494944 0.5599678 0.083658986 7.302848e-05 2.5625506e-05 0.5909967 0.03721929 0.45855346 6.5457497e-20 0.16305761 0.37876886 0.080071405 0.58286965 0.50412256 0.45231658 0.14304031 0.37202758 0.016701648 0.2444184 0.19927962 0.4265679 0.05489564 0.15788381 9.72918e-05 0.16299562 0.16730906 0.24810095 0.18178669 0.0013687586 0.018516928 0.00020119015 0.0005917807 0.04698806 0.00032009365 8.4466694e-05 0.12055261 0.081338525 0.004860688 0.070343785 0.00024756018 1.5599515e-05 0.051126562 2.756777e-05 0.01865859 0.0475286 0.04253046 4.6332043e-06 0.0051284633 0.0001382839 2.5236233e-05 0.00019466833 0.00011336617 0.0015220596 0.041864317 0.000641204 4.1206727e-06 9.384092e-05 0.06449502 0.00046763173 0.008221979 0.0020988754 0.0037216246 1.4435823e-05 0.0010238866 0.0008048147 0.00026181428 0.0044001695 0.00021346232 0.0002351187 0.047809776 0.0005570224 0.0056244256 0.0017887483 0.0319932 0.00026040163 0.00090953696 0.0013044951 0.00025488617 0.00014087338 0.0005131107 0.012916055
0.28564215 0.039904486 0.0617354 0.0020811774 0.0016937968 0.00014637886 0.21926226 0.10154934 0.17118537 7.3993746e-05 0.00072178635 9.9406185e-05 0.13097101 0.055009034 0.19730504 0.2577164 0.18433857 0.01266873 0.0005414831 0.0014799908 5.8012207e-05 0.1722534 0.78953344 1.2519451e-05 7.137818e-06 0.21952073 0.003777426 0.04511774 0.16305761 4.2135805e-22 0.7606566 0.0024145467 0.16492072 0.051348496 0.048694443 0.5925287 0.022073718 0.22553228 0.15322837 0.36655533 0.061892588 0.462637 0.46297505 0.013704566 0.09884368 0.12539376 0.0054641217 0.0095256 7.945467e-05 0.090171345 0.0018085965 1.8988458e-05 0.018221011 2.9237965e-05 8.423414e-05 0.279806 0.003102892 0.062326785 0.004551872 0.00045035867 2.6299895e-06 0.005404265 7.925975e-06 0.1167266 0.002209313 0.056015834 1.0340862e-07 0.044826247 0.017603064 7.2998782e-06 0.008936469 0.0031734833 3.980548e-05 0.00738203 0.0013017014 5.64611e-07 0.005776632 0.0023815488 0.0006461739 0.028353902 5.5706805e-05 0.009044803 2.158303e-06 3.5242807e-05 0.00089742226 0.0017238832 0.0011867323 0.00014158316 0.0005196247 0.0007032064 0.000833305 0.0011255649 0.004464791 0.0029869885 0.004536907 0.0012099798 0.000721044 2.5079707e-05 1.7930532e-05 0.00034626634 0.0044219038
0.77962136 0.040111553 0.05708667 0.0008757519 0.00049827417 4.1788095e-05 0.22021687 0.1202194 0.1819155 3.7224178e-05 0.0005781192 8.238736e-05 0.2338603 0.114252195 0.28679883 0.42459348 0.30316496 0.0031946176 0.0011159674 0.00036992377 3.221831e-05 0.3397538 0.5607518 3.543984e-05 2.4762427e-05 0.46659642 0.003819889 0.15944536 0.37876886 0.7606566 5.3653336e-22 0.004397489 0.3876771 0.14813201 0.21860874 0.53640616 0.04922612 0.12421542 0.2824188 0.44886294 0.22539227 0.29275596 0.4913234 0.006670949 0.2261398 0.1970271 0.018951051 0.036929734 2.7784172e-05 0.088161744 0.00053727796 6.416429e-06 0.052849416 8.839729e-06 1.7137407e-05 0.24371855 0.0046582636 0.04931009 0.0067037586 0.0002546952 5.95409e-06 0.0066546323 1.4838928e-05 0.17828971 0.009894129 0.07875179 1.3646235e-06 0.047054388 0.0066522784 7.046249e-06 0.00345126 0.0016463359 9.4986295e-05 0.010886231 0.00093189266 2.1885853e-06 0.00242222 0.003459307 0.0005614961 0.059713434 0.00027508588 0.007752346 1.6456335e-05 0.00012352696 0.00066214474 0.00091196544 0.001775856 0.00016632599 0.00083201507 0.0035500915 0.00079566444 0.0025830644 0.0073293373 0.0062585343 0.006058849 0.0021173614 0.0010321664 8.874483e-05 3.206951e-05 0.0006592309 0.013798373
