0.0 0.048164204 0.03761353 0.035298165 0.028266134 0.009573992 0.19390821 0.010996895 0.009817043 0.020411707 0.10084988 0.0121169 0.02569463 0.003942021 0.021065695 0.28444377 0.004213282 0.003269079 0.18275225 0.0039131683 0.006854554 0.016837055 0.38647094 0.38209838 0.31244558 0.0001181088 0.0036067248 0.0009971387 0.008769517 0.007272078 0.4864834 0.002659881 0.0007727879 0.024874294 0.5880379 0.48207557 0.004299154 0.050520908 0.007961248 0.0018428401 0.4041292 0.56878316 0.0080252355 0.46390703 0.5576307 0.8343924 0.0028905298 0.00042932702 0.6895551 0.0028632272 5.556837e-05 0.0010411879 1.3424417e-05 1.3813646e-05 0.324985 0.7363837 0.0014425261 0.010474988 2.9538465e-05 0.0006827241 2.3586067e-06 0.000940125 0.0029077202 5.377208e-05 1.4476203e-05 8.9336015e-07 0.0009956901 2.662693e-05 0.756068 2.9271569e-06 0.86858255 0.018388558 1.962625e-06 3.7419937e-05 2.9648394e-05 0.5908803 7.4410053e-07 7.715249e-09 0.022074763 0.86745214 1.6868271e-09 1.4354879e-07 0.010270004 3.433111e-06 0.041004084 0.6672103 1.3711879e-08 1.1029484e-06 3.556326e-08 0.91238284 4.8966706e-07 2.4609167e-07 0.9052346 6.438713e-09 3.2408878e-09 0.9489718 1.1035812e-07 0.029317664 0.00030208874 0.001628611 0.0003115274
0.048164204 2.714225e-19 0.28253883 0.2305418 0.21466228 0.18703249 0.27207068 0.22817713 0.18017995 0.22706988 0.15525658 0.16352521 0.1351271 0.15454118 0.14708982 0.10072106 0.16834982 0.1767161 0.116185896 0.065319866 0.041453745 0.06120745 0.2539827 0.2493165 0.080314554 0.19748825 0.040008582 0.15229654 0.0067157596 0.016267832 0.1373507 0.02703086 0.09526736 0.0012021769 0.12147125 0.011467182 0.016990313 0.000756887 0.016100664 0.006574666 0.0042751953 0.1513433 0.0014082798 0.00060366635 0.003467674 0.0788995 0.0019961316 0.035308756 0.1450138 0.001235665 0.09180481 0.0118930135 0.095419794 0.03723285 0.022071866 0.2827959 0.00031747244 0.00014896602 0.0007614679 0.0045926617 0.029314008 0.0031391163 7.246113e-05 0.0051948084 0.002171727 0.02969387 0.0061709112 0.0006118762 0.0675985 0.011444572 0.02907895 3.101716e-05 0.00032088772 0.00060000026 0.000104948216 1.3721318e-05 0.010878188 0.0041696397 5.41029e-06 0.036576383 0.0027434682 0.0015076402 0.009263683 3.4675315e-05 1.9387011e-05 0.026880633 0.00064849295 0.0038570222 3.344042e-05 0.00048039973 0.0028609387 0.0026728483 0.010449894 0.00047433676 0.0009877541 0.0051868726 2.2635929e-08 7.8330566e-05 0.017836448 9.0293925e-06 0.017959815
0.03761353 0.28253883 8.1979146e-19 0.17916133 0.19563398 0.15560733 0.22923656 0.22046433 0.1304814 0.24233711 0.07180508 0.28403857 0.28869385 0.253131 0.25600067 0.07983983 0.1411722 0.21191697 0.086357325 0.037879672 0.02625795 0.0629217 0.3636249 0.33708313 0.24900872 0.15684427 0.022336524 0.08363823 0.0045128693 0.00978259 0.10787786 0.012554496 0.12199322 0.0015520639 0.28339007 0.007945987 0.06893727 0.0016553114 0.08965606 0.0048066215 0.0049628145 0.30617768 0.0023526112 0.00091782655 0.0032689057 0.040695354 0.002891888 0.019693468 0.119448625 0.002236843 0.06425137 0.0067577483 0.04876721 0.027771963 0.106103756 0.37688115 0.0003903256 0.000117965166 0.0015913259 0.034938294 0.016951479 0.0052171396 6.410701e-05 0.007484723 0.005788373 0.019504825 0.022796761 0.0006095866 0.0911288 0.015570712 0.024141325 4.557123e-05 0.00041358045 0.0008330365 0.00014034772 7.4300465e-06 0.011256777 0.006736145 3.39402e-06 0.041742522 0.0025967103 0.0041418006 0.017521782 0.00010269528 1.2717524e-05 0.04366192 0.0013951892 0.013723295 7.803404e-05 0.0006306358 0.010178612 0.0059453133 0.01555708 0.0009618863 0.0032758683 0.006507021 3.8127183e-08 4.416439e-05 0.0177647 1.23557065e-05 0.016136188
0.035298165 0.2305418 0.17916133 4.636455e-24 0.4253569 0.3555459 0.33324283 0.26532605 0.35934642 0.09237864 0.59440583 0.040336605 0.01891462 0.05246146 0.037038658 0.15692404 0.22282176 0.07330744 0.1902313 0.15187103 0.07958664 0.15903758 0.08465595 0.06973746 0.013440919 0.15090558 0.065969326 0.13068584 0.012547194 0.019551093 0.16444045 0.042953484 0.03562367 0.0007860337 0.019789126 0.010714895 0.0012259496 0.0012526092 0.00095895765 0.0024297496 0.00475594 0.025586499 0.00071756303 0.00078010757 0.0034488596 0.08794859 0.00085512345 0.062040478 0.118395425 0.00058024 0.08057716 0.026244832 0.07966301 0.052704163 0.0031556787 0.077674426 0.0013789487 0.00024980036 0.0037261595 0.00015014282 0.024885248 0.012576054 0.00040047438 0.015298452 0.0068848054 0.023401674 0.00078648847 0.001145765 0.018925428 0.0020487488 0.020827105 7.517554e-05 0.00068703986 0.00072160637 0.00029624611 2.7066422e-05 0.0028473858 0.009420017 1.04204755e-05 0.0061101927 0.0016339308 0.0033852975 0.0016337421 5.072535e-05 6.712197e-05 0.004681219 0.0008021352 9.4381394e-05 6.12755e-05 0.0005174395 8.4840234e-05 0.00013784227 0.0023593395 0.00042502 0.0013636415 0.0028233067 2.5924567e-08 0.00012352379 0.005204624 2.1700807e-05 0.0060972935
0.028266134 0.21466228 0.19563398 0.4253569 1.0228363e-22 0.3238197 0.2715036 0.27914533 0.31516457 0.107652016 0.4579417 0.051653847 0.032705743 0.05908922 0.050474722 0.13066539 0.2171719 0.07867214 0.14734122 0.098577924 0.058521725 0.11853811 0.09709394 0.0797224 0.026382972 0.15722665 0.054673135 0.130262 0.010476721 0.018682268 0.12956679 0.034985475 0.05066155 0.00064958795 0.030548597 0.008130032 0.004112927 0.0007401344 0.0024693746 0.0023615882 0.0045114965 0.03331172 0.0005379447 0.0006826255 0.0033656945 0.081403695 0.0006289286 0.056765914 0.09718727 0.00048712242 0.103833586 0.021299215 0.09519089 0.0563647 0.0053632115 0.06003338 0.00082339614 0.0002573163 0.0023899593 0.0002691698 0.03547396 0.01669699 0.0002611238 0.011985646 0.005965378 0.035533 0.0018436665 0.0012193976 0.01493004 0.0036818355 0.014601645 4.529043e-05 0.0010944818 0.0010927906 0.00014799662 2.273531e-05 0.008291002 0.010029338 6.998058e-06 0.0054284655 0.0030792975 0.002606716 0.0023155257 2.4615436e-05 3.882947e-05 0.0071731536 0.0004909493 0.00022931848 5.5804216e-05 0.0002837531 8.887535e-05 0.00027556164 0.0029887527 0.00027267248 0.0012425798 0.0016360304 3.062092e-08 0.00014804234 0.008265766 1.0471271e-05 0.009512923
0.009573992 0.18703249 0.15560733 0.3555459 0.3238197 2.0281304e-24 0.2163488 0.3110734 0.41710576 0.117369816 0.49363783 0.050619934 0.029923314 0.06424932 0.045827813 0.12908527 0.27909186 0.0883002 0.13906616 0.19992182 0.10979589 0.18197949 0.05654393 0.050186872 0.013844732 0.24865144 0.100159094 0.23250327 0.019768085 0.038259692 0.07562769 0.062035598 0.052417316 0.0021595457 0.013984838 0.011130067 0.00242828 0.0030630329 0.0019483244 0.007216319 0.0069044917 0.01650365 0.0021688633 0.0014946307 0.004744569 0.05470093 0.0023915803 0.09397652 0.07212692 0.0017717707 0.11660991 0.04540761 0.13632508 0.09321191 0.0034253101 0.03372148 0.0021039443 0.0008998463 0.0040846476 0.0002843111 0.04986924 0.023195531 0.0004197726 0.026425466 0.012071175 0.04766601 0.0011455322 0.0017764912 0.009128975 0.00497897 0.017914066 0.00010319204 0.0010561142 0.0015764685 0.00023769062 7.839917e-05 0.011845207 0.018163513 9.040231e-06 0.0032141511 0.005247373 0.010316052 0.0011343869 5.9894028e-05 0.00013041512 0.003203024 0.0014436118 0.00015377843 4.7239806e-05 0.00034208884 0.00012829996 0.00025097138 0.0015486013 0.0006272517 0.0065578315 0.0016484091 8.9447765e-09 0.00016689609 0.0066779 1.728541e-05 0.0073440936
0.19390821 0.27207068 0.22923656 0.33324283 0.2715036 0.2163488 1.2630127e-18 0.23768109 0.18748954 0.18821472 0.18065742 0.10220486 0.06369807 0.12956129 0.10314539 0.16661821 0.1746757 0.17037976 0.40030843 0.06970107 0.06454091 0.0654998 0.31296185 0.33014 0.036767285 0.10270488 0.054905366 0.09925422 0.005900768 0.006684288 0.58082265 0.031432476 0.06750299 0.0004046575 0.06928521 0.0070108515 0.008989097 0.00050020195 0.008622824 0.0012165252 0.004047017 0.0988446 0.0002377634 0.00060717936 0.002608638 0.08199432 0.0002709063 0.031074772 0.23169771 0.00023122484 0.05921756 0.013481891 0.054172263 0.03506506 0.010443015 0.34272832 0.0008133951 7.4300646e-05 0.0024781614 0.0023575402 0.0317269 0.006296259 0.00036556015 0.011228996 0.005682931 0.031750653 0.0041380813 0.0006349352 0.055965748 0.01061887 0.022578822 3.002086e-05 0.00061741786 0.0011058317 0.00023823074 2.1536183e-05 0.011721627 0.012106418 4.453687e-06 0.033392433 0.0054827593 0.008812841 0.0025498585 0.00027197466 5.5194174e-05 0.020074295 0.0014388199 0.0028511235 0.00015661326 0.0003828857 0.0036438147 0.004312475 0.008557125 0.0010561933 0.0027069803 0.008472652 5.1226234e-08 0.00016952318 0.004413909 1.4898312e-05 0.0036413711
0.010996895 0.22817713 0.22046433 0.26532605 0.27914533 0.3110734 0.23768109 9.350912e-22 0.32894215 0.1732275 0.3774534 0.08218236 0.057343025 0.07206636 0.07608288 0.13490994 0.29154077 0.113881305 0.11053561 0.11988509 0.0802633 0.17631017 0.09782613 0.069891706 0.026849369 0.22331816 0.0914678 0.1954081 0.018164407 0.03875375 0.077721365 0.055309244 0.077431604 0.0016355366 0.033723883 0.009362541 0.0058589973 0.0008680373 0.004697076 0.006193885 0.006724376 0.035897028 0.0014351095 0.0013529605 0.0039705937 0.04367602 0.002023256 0.07496756 0.079482935 0.001283259 0.12675154 0.030513128 0.12390104 0.08885534 0.0063596033 0.061776474 0.00043795552 0.0003765375 0.00068331533 0.0006469521 0.058514193 0.025866011 0.00013724505 0.014507044 0.0040275236 0.05603741 0.0021794324 0.00070439815 0.015406313 0.009450921 0.016545493 3.0159661e-05 0.000563493 0.0013462052 8.702943e-05 1.2834113e-05 0.019775651 0.013375602 4.695228e-06 0.0071485 0.006195977 0.003103083 0.002554645 2.367618e-05 4.783723e-05 0.00603013 0.00042880513 0.0006969841 2.2359876e-05 0.00014975644 0.00050219195 0.0011462935 0.0034549912 0.00026526093 0.0029056908 0.0014797255 1.7441419e-08 0.00017275201 0.011746459 8.690706e-06 0.013062368
0.009817043 0.18017995 0.1304814 0.35934642 0.31516457 0.41710576 0.18748954 0.32894215 1.0499188e-24 0.11149855 0.51145226 0.048620068 0.027241513 0.057918284 0.04614125 0.13622226 0.31944385 0.08989247 0.13649262 0.23646829 0.13132782 0.23110378 0.04510753 0.038073517 0.0123170195 0.25854862 0.12302521 0.24854831 0.028404877 0.05325672 0.07122047 0.0804345 0.058205664 0.0032396829 0.011458458 0.011363522 0.0024906832 0.0037040794 0.0015694473 0.010775472 0.008127449 0.013699718 0.0030057956 0.001740598 0.005535184 0.050969835 0.0033155673 0.10709283 0.062124614 0.002530661 0.13448253 0.059739586 0.15612327 0.107077375 0.0030585334 0.023647768 0.002373562 0.0011253853 0.0049582417 0.00021621183 0.066848524 0.03688598 0.00044922 0.03273312 0.014401435 0.061080404 0.0010342445 0.002260572 0.005968471 0.005182047 0.01604307 0.00012556046 0.001309582 0.0021884812 0.000212018 0.00012316184 0.01534966 0.02382737 1.1943249e-05 0.00224345 0.007386484 0.012673376 0.0008224936 6.7334244e-05 0.00016493564 0.002771024 0.0016970434 0.00014471407 4.82942e-05 0.00027172186 0.00010470359 0.00029883508 0.0014347134 0.00073640776 0.007820424 0.0013226594 1.4424929e-08 0.0001904901 0.0061737634 1.8424631e-05 0.0064065484
0.020411707 0.22706988 0.24233711 0.09237864 0.107652016 0.117369816 0.18821472 0.1732275 0.11149855 2.7898354e-21 0.07007207 0.22085188 0.14325427 0.20525375 0.3304611 0.04211913 0.123123206 0.27308795 0.07709466 0.04006615 0.028836874 0.056134302 0.18992257 0.16890347 0.1036425 0.2846968 0.033381883 0.13306454 0.005437406 0.011772198 0.058448147 0.018507417 0.18903618 0.00072899816 0.09046793 0.00451243 0.03170651 0.000438641 0.025163194 0.0041458667 0.004079324 0.09638824 0.0009734503 0.00075360265 0.0021791365 0.031011786 0.001196029 0.03937085 0.0706773 0.00079553353 0.1618499 0.009695387 0.12646025 0.06275487 0.021503584 0.15692039 0.00014469874 0.000118590404 0.00015087701 0.012450483 0.043744985 0.005169625 2.5938452e-05 0.008767058 0.0012206945 0.051743828 0.008329312 9.0336514e-05 0.03579286 0.024674207 0.013350904 1.2598667e-05 7.072266e-05 0.00011299175 4.727155e-06 3.2617477e-06 0.028098451 0.0076151146 1.5659501e-06 0.026158318 0.0034988744 0.0011821907 0.0147758145 3.9857464e-06 8.559928e-06 0.03660168 0.00022251335 0.0060582566 7.0547885e-06 0.00030422033 0.006622654 0.007050904 0.00961051 0.00014998326 0.0013411328 0.0025794937 1.515469e-09 2.7924747e-05 0.02009688 3.870615e-06 0.022110231
0.10084988 0.15525658 0.07180508 0.59440583 0.4579417 0.49363783 0.18065742 0.3774534 0.51145226 0.07007207 6.273162e-23 0.02011285 0.010911978 0.033230953 0.027524518 0.5556701 0.42606905 0.08371633 0.27876455 0.46034256 0.3467105 0.6444311 0.025902161 0.02245977 0.0057684896 0.15809402 0.27302593 0.30509254 0.24712187 0.2641353 0.1765498 0.20260896 0.033211295 0.039252587 0.0066557806 0.05859575 0.0012841625 0.03685018 0.0007759565 0.08295109 0.032960854 0.0077854376 0.031965464 0.017616995 0.031180467 0.21169253 0.035189502 0.120624594 0.14598654 0.024702815 0.11127065 0.12354764 0.11102232 0.06285162 0.0018067183 0.024189167 0.013076216 0.008222587 0.014943693 0.00010101822 0.079298176 0.119093284 0.007375464 0.05586297 0.033385452 0.053892206 0.00024033035 0.004745619 0.008716354 0.00091394014 0.045716755 0.0024264718 0.0023426146 0.009506022 0.0026191305 0.0019985815 0.0040762774 0.026071653 0.0009751632 0.002922223 0.0024619887 0.017217588 0.0007853054 0.00022527137 0.0024634849 0.004824295 0.001580099 4.8921996e-05 4.953749e-05 0.0013272399 4.6718924e-05 0.00027074412 0.002401788 0.0013173295 0.004452358 0.0036456657 8.2786755e-07 0.0053318427 0.0011054759 0.0011215988 0.0010021197
0.0121169 0.16352521 0.28403857 0.040336605 0.051653847 0.050619934 0.10220486 0.08218236 0.048620068 0.22085188 0.02011285 2.8488892e-21 0.33066764 0.38009965 0.40370747 0.015877469 0.05601787 0.19594915 0.042538043 0.020344136 0.011773405 0.027682012 0.20148589 0.21823867 0.17803878 0.10939972 0.010927604 0.05244982 0.0016835824 0.006342677 0.04379283 0.0074222954 0.15006123 0.00019531471 0.20111609 0.0013553663 0.12812473 4.4282984e-05 0.08506604 0.0019669414 0.0009348822 0.21181299 0.0002456826 0.00016702538 0.00050032005 0.016707916 0.00045111647 0.017912373 0.04374048 0.00029501237 0.055825595 0.0044842754 0.041233964 0.026051076 0.08541381 0.17852542 3.4029774e-05 1.1391982e-05 0.000117714546 0.08261035 0.016107604 0.0021599988 6.4713863e-06 0.0036231487 0.000906376 0.017550403 0.067325726 9.9755955e-05 0.051545415 0.030229757 0.009544478 4.7910034e-06 5.763623e-05 0.00012512249 7.759897e-06 1.7324531e-06 0.01758942 0.002917183 6.5251504e-07 0.029930063 0.0014008261 0.0020177257 0.027444828 4.960985e-06 6.9793296e-06 0.058039416 0.00051404134 0.019133778 5.1520497e-06 4.037453e-05 0.021147436 0.014547159 0.013470522 0.00014887938 0.0007104169 0.0013044118 1.1040413e-09 2.2358852e-05 0.044449948 2.4046103e-06 0.04438691
0.02569463 0.1351271 0.28869385 0.01891462 0.032705743 0.029923314 0.06369807 0.057343025 0.027241513 0.14325427 0.010911978 0.33066764 4.582428e-21 0.25980866 0.23665956 0.0074862936 0.048139296 0.12554583 0.029643396 0.009513771 0.0058495235 0.01688107 0.2858907 0.27463153 0.43336853 0.03932101 0.007169282 0.027779631 0.0011022877 0.0027828722 0.03821157 0.0072807656 0.09171594 8.624345e-05 0.38199267 0.00092852296 0.2790913 2.2248247e-05 0.29675242 0.0011670564 0.001257991 0.38346496 0.00021238146 5.2149455e-05 0.00069086935 0.009394197 0.00028513494 0.011722075 0.029535871 0.00019127996 0.024204727 0.0066235536 0.0147634605 0.014636023 0.27965644 0.23841707 8.293508e-05 1.4299898e-05 0.00042046353 0.18166676 0.006908971 0.004826474 2.23078e-05 0.0046062944 0.0015771444 0.009765281 0.1419509 0.00016406152 0.034144603 0.018580439 0.0049571735 1.4221282e-06 0.00015357528 0.0003699384 5.9305803e-05 4.9323893e-07 0.008633426 0.0040871943 1.2083652e-07 0.035259366 0.0021537158 0.0027730002 0.027803158 8.588998e-06 6.816597e-07 0.058048494 0.00030858294 0.020713381 2.1819862e-05 4.6167766e-05 0.018809527 0.009466505 0.011972776 0.0001314277 0.0006244518 0.0016773203 5.779358e-09 1.8719767e-06 0.052326478 1.4457254e-06 0.04989412
0.003942021 0.15454118 0.253131 0.05246146 0.05908922 0.06424932 0.12956129 0.07206636 0.057918284 0.20525375 0.033230953 0.38009965 0.25980866 7.316138e-21 0.400504 0.02407238 0.053179212 0.19673468 0.05765465 0.030303909 0.015688516 0.030144483 0.16118811 0.1858006 0.12640879 0.15830845 0.016974458 0.060969904 0.0038060402 0.009070929 0.039053697 0.010686583 0.16444479 0.00061992183 0.12094388 0.0033316247 0.08679422 0.00022141791 0.05012113 0.0032346616 0.0033525554 0.12572224 0.00074989727 0.0010976605 0.0020897584 0.023241188 0.0008415593 0.021062367 0.04631052 0.0006091069 0.048824064 0.0056180516 0.045702007 0.03365005 0.042271532 0.109394774 5.083518e-05 7.500596e-05 9.035512e-05 0.067693405 0.014499423 0.0029062538 1.3329122e-05 0.0051580085 0.00090614695 0.014895537 0.052867893 9.558022e-05 0.04698474 0.03549069 0.014456345 4.201018e-05 2.6239328e-05 9.688672e-05 2.8132536e-06 6.5514237e-06 0.021668104 0.0029988168 5.553899e-06 0.022133889 0.0019409645 0.0022194486 0.018772705 7.4163477e-06 2.8923912e-05 0.030672116 0.0006342069 0.017411208 4.6253367e-06 8.966377e-05 0.017834086 0.013500095 0.0077343127 0.00013020236 0.0012586323 0.0013488623 1.5164889e-10 8.567576e-05 0.028908513 8.203584e-06 0.029223789
0.021065695 0.14708982 0.25600067 0.037038658 0.050474722 0.045827813 0.10314539 0.07608288 0.04614125 0.3304611 0.027524518 0.40370747 0.23665956 0.400504 1.1585404e-20 0.020522218 0.056905217 0.29093754 0.032353763 0.00856504 0.006522323 0.02950258 0.17338797 0.13636877 0.19967324 0.11876734 0.0071166633 0.043393336 0.002010645 0.006055801 0.03544622 0.0065175695 0.2629178 0.0001349258 0.13909538 0.002015363 0.074508995 0.000101918056 0.043647606 0.0007406756 0.0011297698 0.11984366 0.00018432972 0.00016518767 0.0007639752 0.012542689 0.00018946898 0.013056738 0.04188784 0.00012706668 0.11997057 0.0030391354 0.07254003 0.027878398 0.041074317 0.11454808 3.1402895e-05 1.5845777e-05 5.7104095e-05 0.03910416 0.030759545 0.0030443105 3.0655872e-06 0.004002558 0.00055362715 0.04031372 0.03684418 2.404272e-05 0.02681194 0.0447935 0.005049166 1.3899626e-06 2.1272552e-05 3.0089164e-05 2.8466407e-06 3.4249894e-07 0.02818997 0.0031344555 2.6645523e-07 0.01966442 0.0022259308 0.00045292638 0.016414385 1.1893075e-06 7.174572e-07 0.052831654 5.6850935e-05 0.016507752 3.5001258e-06 4.2047453e-05 0.021839522 0.020403704 0.010966388 7.2130744e-05 0.0005574348 0.0014682416 1.8957875e-09 4.2894007e-06 0.04702033 1.568886e-06 0.05035276
0.28444377 0.10072106 0.07983983 0.15692404 0.13066539 0.12908527 0.16661821 0.13490994 0.13622226 0.04211913 0.5556701 0.015877469 0.0074862936 0.02407238 0.020522218 1.4176057e-21 0.14677954 0.033386845 0.3295817 0.15355082 0.11961707 0.2010544 0.049449325 0.0406481 0.004308999 0.06413998 0.08798535 0.092108525 0.042763624 0.046472296 0.20351818 0.060995243 0.013739559 0.010929203 0.004915734 0.14520611 0.0005799349 0.017308144 0.0004586372 0.017898679 0.05882405 0.00685545 0.008566734 0.008941652 0.0538777 0.53169435 0.007026196 0.04413182 0.24501155 0.00494287 0.032048345 0.033434264 0.041776486 0.029078098 0.0011346319 0.069803424 0.0075691235 0.0032960037 0.008317485 6.793656e-05 0.022975711 0.016996957 0.0048874784 0.018954895 0.008242804 0.018833993 9.6033305e-05 0.0013118715 0.021965444 0.0003190705 0.14146803 0.0028398277 0.00095317385 0.0008906003 0.00093820615 0.0016573024 0.00078422506 0.007080483 0.0007909639 0.006269733 0.00086089585 0.005755738 0.0011572766 5.3787055e-05 0.0012871136 0.006007079 0.0007068183 2.8566908e-05 4.6053523e-05 0.0050163674 3.949364e-05 0.00010602219 0.0051676193 0.0005690831 0.0008542309 0.016322948 6.6105787e-07 0.0021520762 0.0008192592 0.00032307277 0.0008073859
0.004213282 0.16834982 0.1411722 0.22282176 0.2171719 0.27909186 0.1746757 0.29154077 0.31944385 0.123123206 0.42606905 0.05601787 0.048139296 0.053179212 0.056905217 0.14677954 1.9932485e-23 0.09730148 0.103224754 0.22277012 0.13665482 0.23330453 0.04147338 0.033948254 0.01561344 0.2790226 0.13294618 0.29051706 0.03379869 0.057796035 0.051408973 0.09415236 0.07513608 0.00562929 0.01694591 0.014170266 0.004147429 0.0033802455 0.0035117094 0.014245664 0.012682748 0.02049599 0.005265877 0.0039470787 0.007792532 0.033724863 0.006200398 0.13749182 0.050667796 0.0041708453 0.17526537 0.062708035 0.19672881 0.14888532 0.0050070784 0.024140548 0.0015522303 0.0009982324 0.0019081546 0.00053671794 0.11127531 0.05393794 0.00046118768 0.042234942 0.008787492 0.09866186 0.0016569801 0.0016113443 0.006234875 0.009500606 0.020098118 0.00020066339 0.0008603446 0.0044474057 0.00014749738 8.972647e-05 0.024960434 0.03073302 2.5055897e-05 0.0046570688 0.012006925 0.014459586 0.001295466 9.665018e-05 0.00022838962 0.003923442 0.001680791 0.0006100667 2.9007639e-05 0.0003064114 0.00035834225 0.0011003052 0.0017747885 0.00086241966 0.008275779 0.0012176493 1.859234e-08 0.0005755171 0.011490817 4.181552e-05 0.012549528
0.003269079 0.1767161 0.21191697 0.07330744 0.07867214 0.0883002 0.17037976 0.113881305 0.08989247 0.27308795 0.08371633 0.19594915 0.12554583 0.19673468 0.29093754 0.033386845 0.09730148 2.241355e-20 0.07221747 0.032392807 0.020150341 0.044731133 0.1459585 0.12769932 0.06912494 0.22216359 0.02047089 0.095941946 0.0068351864 0.010876508 0.04821265 0.013806627 0.27523634 0.0011507382 0.05995774 0.0046630753 0.03337899 0.0010975887 0.018521518 0.004467238 0.007545952 0.059309095 0.001114515 0.0024412526 0.0039932206 0.02702561 0.0011900682 0.032224514 0.04552824 0.0008149057 0.12418492 0.006263688 0.09699061 0.053033978 0.018099623 0.06547473 0.0002285066 0.00040681803 0.00013950701 0.011511102 0.041805852 0.0030664804 3.9601768e-05 0.008735782 0.001004205 0.05113758 0.009790462 7.9597405e-05 0.023369364 0.032186806 0.016820507 0.000121198755 2.3107243e-05 0.00010879561 5.6098997e-06 1.225469e-05 0.04071747 0.0073090876 1.2777788e-05 0.01579565 0.006439353 0.0019919393 0.009185166 4.929848e-06 4.692451e-05 0.023407036 0.00026481558 0.0067316783 2.7370572e-06 0.00026310585 0.011313128 0.012370976 0.004373351 5.705848e-05 0.0019053617 0.002155445 1.35946e-10 0.00012142863 0.01703192 2.1834247e-05 0.018507175
0.18275225 0.116185896 0.086357325 0.1902313 0.14734122 0.13906616 0.40030843 0.11053561 0.13649262 0.07709466 0.27876455 0.042538043 0.029643396 0.05765465 0.032353763 0.3295817 0.103224754 0.07221747 8.2463063e-20 0.07549983 0.0568513 0.058407888 0.108734176 0.1262779 0.0091844695 0.042231783 0.04584162 0.052988872 0.019323006 0.018643172 0.68631554 0.033608876 0.027561191 0.00258945 0.015160417 0.0314444 0.0016044661 0.005379565 0.0017076759 0.0037690361 0.019437442 0.025039535 0.001911981 0.0029343541 0.016955296 0.27437326 0.0018850322 0.03418568 0.5598738 0.00157781 0.027069315 0.02702897 0.035545133 0.032469153 0.0031426973 0.1677997 0.003988697 0.0012705378 0.007360547 0.0008876536 0.026917735 0.017672086 0.0018448272 0.019918298 0.0143354 0.023881907 0.001375272 0.003872295 0.017066013 0.0048565157 0.05125305 0.0004507037 0.0026564917 0.0025433705 0.0011279171 0.00022805833 0.006600985 0.011432192 9.169366e-05 0.009361384 0.0036345636 0.01120846 0.00043598443 0.0006015242 0.0005227481 0.0029393032 0.0029489521 0.0009449173 0.00060834264 0.00093511137 0.0032345152 0.0029663143 0.005735473 0.0019820053 0.0022412408 0.010419926 4.0901318e-07 0.0013164321 0.0021175116 0.00019037424 0.0014130456
0.0039131683 0.065319866 0.037879672 0.15187103 0.098577924 0.19992182 0.06970107 0.11988509 0.23646829 0.04006615 0.46034256 0.020344136 0.009513771 0.030303909 0.00856504 0.15355082 0.22277012 0.032392807 0.07549983 1.8996965e-28 0.29275534 0.43859354 0.009568488 0.013145184 0.0029397712 0.16256966 0.26556903 0.30934972 0.19165874 0.2166854 0.026076118 0.23853914 0.015824204 0.03964991 0.002485936 0.081267565 0.0008615487 0.038684435 0.0007792316 0.083218835 0.083170295 0.003471257 0.03327175 0.03748073 0.06660427 0.08208862 0.03177051 0.26954278 0.04079238 0.021913946 0.044609115 0.25353244 0.09047171 0.13628715 0.0008649859 0.005592865 0.022800865 0.0073377998 0.034571197 9.24824e-05 0.04677013 0.1633568 0.0060183895 0.11178147 0.09508868 0.025990414 8.521991e-05 0.009413354 0.006466091 0.00064232433 0.060231112 0.0033076059 0.007031179 0.009896682 0.002714735 0.0043659457 0.0023108588 0.030275779 0.0016813313 0.002933926 0.0022306473 0.041834075 6.331575e-05 0.0009352162 0.0034011835 0.0005862033 0.011011882 6.770062e-05 0.00033944414 0.0036915767 2.944484e-05 6.3531435e-05 0.0005510642 0.0074817897 0.025057558 0.004404618 1.330007e-07 0.004823513 0.004349655 0.0009563717 0.005271059
0.006854554 0.041453745 0.02625795 0.07958664 0.058521725 0.10979589 0.06454091 0.0802633 0.13132782 0.028836874 0.3467105 0.011773405 0.0058495235 0.015688516 0.006522323 0.11961707 0.13665482 0.020150341 0.0568513 0.29275534 3.9419594e-29 0.43503594 0.0045407834 0.006329981 0.0023750055 0.112480424 0.25947338 0.23362616 0.19701503 0.25744718 0.011877106 0.23465624 0.008676273 0.050288573 0.0009139244 0.084107295 0.0007284377 0.051719178 0.00036225814 0.123970866 0.13391857 0.001352576 0.04904758 0.04247986 0.08057762 0.067381 0.05190549 0.24185306 0.02206228 0.035961952 0.039716084 0.25620276 0.074507415 0.13297358 0.000339226 0.0023172165 0.029665938 0.0124328695 0.051721785 3.7011752e-05 0.042823434 0.25408036 0.011078527 0.15051806 0.12980969 0.019758742 6.239479e-05 0.01867137 0.0029992617 0.0003009176 0.04982055 0.005334202 0.013348765 0.020256335 0.0033238493 0.0052381754 0.0012841201 0.03588624 0.0024584245 0.0011709253 0.0010110372 0.057309233 3.064869e-05 0.0007480191 0.0045864224 0.00042421574 0.013897189 2.7364453e-05 0.0003505327 0.0033850798 5.3754875e-06 2.3389035e-05 0.0003003774 0.006066819 0.02041237 0.002570502 1.4852016e-06 0.007130464 0.0018115008 0.0014389886 0.002565007
0.016837055 0.06120745 0.0629217 0.15903758 0.11853811 0.18197949 0.0654998 0.17631017 0.23110378 0.056134302 0.6444311 0.027682012 0.01688107 0.030144483 0.02950258 0.2010544 0.23330453 0.044731133 0.058407888 0.43859354 0.43503594 6.857112e-28 0.0063177077 0.009553785 0.003332953 0.1386404 0.40801123 0.2793346 0.53087837 0.58250046 0.008478698 0.35143742 0.02934933 0.17824014 0.0010269587 0.1313137 0.00096128794 0.14886248 0.0005829925 0.4291112 0.24335292 0.0015412257 0.17022283 0.09092146 0.14905004 0.10967899 0.1790439 0.33164054 0.021896616 0.12713589 0.066211574 0.3706143 0.083112784 0.12721623 0.00049827085 0.002046063 0.08544664 0.040754594 0.14047916 0.00014736438 0.064356446 0.44661745 0.036332212 0.22342232 0.2407243 0.04128137 0.00029929914 0.10081701 0.003002341 0.0010277876 0.054350693 0.011310543 0.038469356 0.14679115 0.010059164 0.010025887 0.0051600356 0.054834265 0.008129349 0.0010410002 0.0021804469 0.06686061 3.1651518e-05 0.004036731 0.015489203 0.00056349114 0.01650221 3.3012773e-05 0.0007320032 0.0027176621 1.633545e-05 0.00016757695 0.0004805881 0.0068797357 0.02376494 0.0020330574 2.0557574e-05 0.01911322 0.0009766184 0.005093763 0.001065125
0.38647094 0.2539827 0.3636249 0.08465595 0.09709394 0.05654393 0.31296185 0.09782613 0.04510753 0.18992257 0.025902161 0.20148589 0.2858907 0.16118811 0.17338797 0.049449325 0.04147338 0.1459585 0.108734176 0.009568488 0.0045407834 0.0063177077 2.4342978e-18 0.71756893 0.47340026 0.029092563 0.0053622248 0.01816536 0.00055807864 0.0010837746 0.18436088 0.004588645 0.051037874 7.688258e-05 0.5599897 0.002037376 0.0654789 5.6140078e-05 0.07260071 0.00024505667 0.0013184851 0.49912867 7.0182934e-05 0.00016169029 0.0009271956 0.043068495 7.288314e-05 0.007829319 0.13312057 5.6183086e-05 0.018886132 0.0035842566 0.013587871 0.010361579 0.1524363 0.47703114 0.00021435769 1.8263529e-05 0.0006989378 0.020974737 0.0060421955 0.00478898 6.564285e-05 0.005306854 0.002274887 0.007187722 0.01321732 0.00025545585 0.15479328 0.00771762 0.014634552 4.6049854e-06 0.00017982993 0.00037896377 0.00011877479 1.5430521e-06 0.004174725 0.0036774052 4.7898726e-07 0.14440615 0.0019751433 0.0026040548 0.017285708 3.391055e-05 2.4082065e-06 0.124029554 0.0006570661 0.0034345589 5.176302e-05 0.00030454196 0.0033884954 0.0037721703 0.037992295 0.00035356995 0.00034517702 0.011850296 3.568087e-08 1.7505236e-05 0.008292849 3.4715695e-06 0.0072417893
0.38209838 0.2493165 0.33708313 0.06973746 0.0797224 0.050186872 0.33014 0.069891706 0.038073517 0.16890347 0.02245977 0.21823867 0.27463153 0.1858006 0.13636877 0.0406481 0.033948254 0.12769932 0.1262779 0.013145184 0.006329981 0.009553785 0.71756893 3.0492646e-19 0.35716444 0.03696885 0.007579724 0.022232143 0.00071397657 0.0011545043 0.17445073 0.008645579 0.037401654 0.00011065391 0.49901786 0.004238211 0.044201095 4.376457e-05 0.070184864 0.00035658982 0.0021087273 0.51878816 7.262739e-05 0.00013452965 0.0017065582 0.04142757 8.936286e-05 0.01614922 0.113717504 8.18026e-05 0.023895856 0.012942503 0.018337203 0.016443983 0.16699098 0.41888174 0.00010305652 2.486634e-05 0.0002912669 0.015521883 0.017719507 0.016003387 0.00011494769 0.012707251 0.0023172973 0.01575182 0.01039707 0.00028248166 0.08771786 0.009320407 0.014393231 2.5471449e-05 8.656035e-05 0.00083503965 7.736986e-05 3.415721e-06 0.0072207553 0.014223653 2.2411316e-06 0.07674793 0.002147052 0.0122803245 0.011218062 6.0469796e-05 9.008938e-06 0.06369648 0.0012357599 0.0020011216 3.701775e-05 0.0001607455 0.005778582 0.0061522103 0.042294938 0.00033893497 0.0008976709 0.009020941 7.835387e-09 6.560805e-05 0.008036405 3.5006247e-05 0.0068228515
0.31244558 0.080314554 0.24900872 0.013440919 0.026382972 0.013844732 0.036767285 0.026849369 0.0123170195 0.1036425 0.0057684896 0.17803878 0.43336853 0.12640879 0.19967324 0.004308999 0.01561344 0.06912494 0.0091844695 0.0029397712 0.0023750055 0.003332953 0.47340026 0.35716444 1.8124762e-19 0.005588016 0.00366391 0.003014973 0.00010732986 0.00025935698 0.010974328 0.0030788025 0.06701718 1.5901189e-06 0.5617987 0.00064297987 0.37308955 2.2815186e-06 0.44790578 3.1638057e-05 0.00029652283 0.49121818 1.5667539e-06 8.836788e-06 0.00018962733 0.005297009 3.865012e-06 0.0036391926 0.019602552 2.1393942e-06 0.0069902916 0.0023633004 0.006259535 0.0050432296 0.3982167 0.2670808 2.728776e-05 2.0790043e-07 0.00043074624 0.21823034 0.002772377 0.004718339 2.837287e-06 0.0024021226 0.00154056 0.0027922152 0.13040452 5.4074975e-05 0.082817726 0.008872013 0.0024733625 6.700584e-08 0.00019567306 6.5685934e-05 5.0836707e-06 3.1472887e-08 0.0028163192 0.0010057988 1.6672203e-08 0.07723494 0.00030929534 0.00044081814 0.030931138 2.7699008e-07 3.6937788e-08 0.12002449 5.423456e-05 0.0049063195 3.827459e-06 4.741289e-05 0.005283246 0.002441035 0.022921572 1.9395571e-05 4.0310777e-05 0.0017148573 3.0669028e-08 1.2912537e-07 0.028153539 1.1084628e-07 0.026175467
0.0001181088 0.19748825 0.15684427 0.15090558 0.15722665 0.24865144 0.10270488 0.22331816 0.25854862 0.2846968 0.15809402 0.10939972 0.03932101 0.15830845 0.11876734 0.06413998 0.2790226 0.22216359 0.042231783 0.16256966 0.112480424 0.1386404 0.029092563 0.03696885 0.005588016 6.7772535e-27 0.09330261 0.44475085 0.008271132 0.012843412 0.012965334 0.059997365 0.16631427 0.0013724152 0.0074577406 0.0038416001 0.003691446 0.0023900229 0.0025292882 0.0021194643 0.0047823805 0.013277145 0.0009779941 0.004231485 0.002473767 0.012876723 0.00094503624 0.20377871 0.019723173 0.00061257975 0.35495162 0.034363642 0.44985017 0.42618665 0.0027876175 0.011820577 0.00015029065 0.00026050842 3.7466147e-05 0.0022425686 0.23557799 0.007510088 1.3162167e-05 0.038620215 0.0022342731 0.20466535 0.004036394 1.6892469e-05 0.011715806 0.025661815 0.010216042 0.0001450508 5.9195704e-06 7.635101e-05 3.4709916e-07 0.0004620653 0.05472166 0.046374056 2.4788891e-05 0.003682641 0.027572341 0.013047029 0.00028934825 2.8100435e-06 0.00022103709 0.0006387651 0.0012254616 0.0008533112 8.3091436e-07 2.3057097e-05 0.00169082 0.0034243239 0.00032851583 0.00040098533 0.015882755 0.0002876984 6.26391e-11 0.00047977408 0.011605944 3.6852478e-05 0.013841094
0.0036067248 0.040008582 0.022336524 0.065969326 0.054673135 0.100159094 0.054905366 0.0914678 0.12302521 0.033381883 0.27302593 0.010927604 0.007169282 0.016974458 0.0071166633 0.08798535 0.13294618 0.02047089 0.04584162 0.26556903 0.25947338 0.40801123 0.0053622248 0.007579724 0.00366391 0.09330261 1.587794e-29 0.22148722 0.14846702 0.19641985 0.00816222 0.25727892 0.009991962 0.038226932 0.0016824871 0.064174734 0.00080510724 0.036429215 0.0005039011 0.1007584 0.10981416 0.002394635 0.039318122 0.03705515 0.06038544 0.04508205 0.04184868 0.2427495 0.018373393 0.03016298 0.043118298 0.2620918 0.073671214 0.13066839 0.0006994512 0.0019126583 0.022705909 0.012584488 0.040220745 6.0607726e-05 0.047234412 0.24888687 0.007417749 0.16587105 0.141476 0.020356327 0.000121108635 0.013990439 0.002503081 0.00047172658 0.039771855 0.004819218 0.010191068 0.021354856 0.0016826363 0.004877112 0.0017428029 0.034927703 0.0018208886 0.0011916412 0.001319419 0.060259607 2.9379087e-05 0.00082565675 0.0039938604 0.00033579374 0.014432864 4.298613e-05 0.00043585533 0.0022064755 8.987537e-06 3.6625825e-05 0.00023190149 0.0054678204 0.019030862 0.0017195615 1.2632337e-06 0.0050828448 0.0025174997 0.00088035123 0.0035381066
0.0009971387 0.15229654 0.08363823 0.13068584 0.130262 0.23250327 0.09925422 0.1954081 0.24854831 0.13306454 0.30509254 0.05244982 0.027779631 0.060969904 0.043393336 0.092108525 0.29051706 0.095941946 0.052988872 0.30934972 0.23362616 0.2793346 0.01816536 0.022232143 0.003014973 0.44475085 0.22148722 1.0484969e-26 0.04071985 0.056447733 0.011001086 0.18311784 0.06667965 0.006894836 0.0045580664 0.014352535 0.0011070003 0.0052170027 0.0009847429 0.024538882 0.021370795 0.009550464 0.007893197 0.0066105826 0.010859815 0.030638617 0.009763451 0.38316566 0.024346827 0.0065512396 0.27923828 0.26788834 0.390881 0.4224022 0.0024938348 0.0078886105 0.0037049996 0.0019479286 0.0036982377 0.00036042143 0.21668641 0.19302563 0.000455542 0.2162835 0.102413654 0.14675671 0.0014782324 0.0027447843 0.006564858 0.008499606 0.024858313 0.00033063677 0.0008910263 0.008211366 6.783873e-05 0.0005560535 0.019364787 0.07439332 4.8618556e-05 0.0030173864 0.02210686 0.078943916 0.00021720426 0.00015741166 0.00036547423 0.0006460411 0.018002609 0.00048404612 7.885117e-05 0.00036406223 0.0003793706 0.0009916498 0.00031373726 0.0070943963 0.044095058 0.0010271354 1.5536024e-08 0.0006365865 0.016696423 9.5642776e-05 0.020045811
0.008769517 0.0067157596 0.0045128693 0.012547194 0.010476721 0.019768085 0.005900768 0.018164407 0.028404877 0.005437406 0.24712187 0.0016835824 0.0011022877 0.0038060402 0.002010645 0.042763624 0.03379869 0.0068351864 0.019323006 0.19165874 0.19701503 0.53087837 0.00055807864 0.00071397657 0.00010732986 0.008271132 0.14846702 0.04071985 1.1917965e-28 0.501065 0.001548272 0.11743699 0.0028899333 0.27762637 9.838458e-05 0.07809969 3.5035573e-05 0.21497874 1.7401422e-05 0.44708657 0.10085163 0.00014570964 0.24097945 0.1191585 0.06331936 0.030442221 0.23686676 0.07048386 0.007219055 0.17528565 0.010381089 0.11132886 0.011288097 0.030875206 1.2275242e-05 0.00025855092 0.08208927 0.065736905 0.106758304 1.7232783e-06 0.016818117 0.16519557 0.0359836 0.058418527 0.11975349 0.007796118 5.632463e-06 0.056402087 0.0003756299 9.069232e-05 0.026774583 0.009229694 0.031826824 0.05692111 0.0087902155 0.013769604 0.0003509289 0.01830737 0.008073974 0.00014854355 0.00025470124 0.030713143 4.490934e-06 0.0024324819 0.01132038 0.00010789493 0.0063488195 4.560586e-06 0.0004953657 0.0024646998 7.982051e-07 2.9653183e-06 0.00012698444 0.002526969 0.009999241 0.0017599429 3.7343183e-05 0.011551297 6.60945e-05 0.005703487 5.0876602e-05
0.007272078 0.016267832 0.00978259 0.019551093 0.018682268 0.038259692 0.006684288 0.03875375 0.05325672 0.011772198 0.2641353 0.006342677 0.0027828722 0.009070929 0.006055801 0.046472296 0.057796035 0.010876508 0.018643172 0.2166854 0.25744718 0.58250046 0.0010837746 0.0011545043 0.00025935698 0.012843412 0.19641985 0.056447733 0.501065 1.0219829e-28 0.0020570743 0.14578012 0.0052434234 0.28014323 0.00025651124 0.09179841 5.7271965e-05 0.19174568 1.9212874e-05 0.5094647 0.10076927 0.00036459175 0.24984802 0.11376609 0.074117936 0.038749192 0.26334825 0.08695478 0.008224806 0.21176042 0.017410196 0.1301912 0.01900423 0.038705956 2.034219e-05 0.00032759603 0.08227674 0.07198174 0.11644997 3.0051206e-06 0.026791574 0.21346097 0.038757987 0.07265861 0.15180954 0.013852327 2.2811064e-05 0.06400963 0.0005391848 0.0002881545 0.026513116 0.011436461 0.033971623 0.07258469 0.007440616 0.0136184795 0.00064884435 0.020832743 0.010708312 0.00025353002 0.00045299742 0.035200685 1.0090966e-05 0.002767858 0.011322561 0.0002113917 0.005962341 6.1329138e-06 0.0005585568 0.0022593837 1.6364507e-06 9.069713e-06 0.00021702287 0.0027625472 0.00952224 0.0013805375 8.193166e-05 0.011101852 0.00012814441 0.0052391505 8.809932e-05
0.4864834 0.1373507 0.10787786 0.16444045 0.12956679 0.07562769 0.58082265 0.077721365 0.07122047 0.058448147 0.1765498 0.04379283 0.03821157 0.039053697 0.03544622 0.20351818 0.051408973 0.04821265 0.68631554 0.026076118 0.011877106 0.008478698 0.18436088 0.17445073 0.010974328 0.012965334 0.00816222 0.011001086 0.001548272 0.0020570743 4.1925168e-20 0.0042568264 0.0123460125 0.00014992376 0.03304573 0.00999842 0.0005760711 0.00053104555 0.0008337001 0.000112852504 0.005294721 0.048865207 0.00010802631 0.000694016 0.0046416745 0.22340503 5.1846913e-05 0.004712994 0.38120538 4.8943974e-05 0.0098634595 0.0019336647 0.007870407 0.003515065 0.0027705904 0.2997447 0.00018799954 3.1074273e-05 7.690633e-05 6.422438e-05 0.0049214703 0.0011661001 1.3130298e-05 0.0018818781 0.00022860862 0.00646472 0.00019687119 2.7440763e-05 0.04685354 0.0006781739 0.034257594 1.654462e-06 1.6091397e-05 4.5025277e-05 1.1943454e-05 1.4489048e-05 0.0050039925 0.00077228586 4.8247523e-07 0.034413256 0.0049317363 0.00030625454 0.0006004716 4.2625884e-06 2.7360659e-06 0.012190372 4.0517323e-05 5.8262372e-05 5.6895715e-06 0.0007892746 0.000406332 0.0013194813 0.017016592 2.3341216e-05 0.000109333676 0.022415103 1.623937e-08 2.7521417e-06 0.00038181784 1.5428454e-07 0.0002850373
0.002659881 0.02703086 0.012554496 0.042953484 0.034985475 0.062035598 0.031432476 0.055309244 0.0804345 0.018507417 0.20260896 0.0074222954 0.0072807656 0.010686583 0.0065175695 0.060995243 0.09415236 0.013806627 0.033608876 0.23853914 0.23465624 0.35143742 0.004588645 0.008645579 0.0030788025 0.059997365 0.25727892 0.18311784 0.11743699 0.14578012 0.0042568264 7.859824e-29 0.008626476 0.033389233 0.0017520803 0.052926403 0.00063670066 0.02914736 0.0003606637 0.09180682 0.08113783 0.0032419995 0.03524466 0.034629636 0.0477953 0.029875899 0.036746908 0.22480366 0.013487408 0.027877085 0.03798641 0.27665487 0.06045981 0.12612773 0.00071305386 0.0016316761 0.021866292 0.012194872 0.036311314 5.0771618e-05 0.04604362 0.25420326 0.0065995306 0.19209853 0.15252064 0.020455949 0.00012508585 0.012161476 0.002523063 0.00072538323 0.031038363 0.0038683366 0.0068811364 0.025898451 0.0010430149 0.004029396 0.0015617365 0.03537339 0.0014231032 0.00095192605 0.0013215183 0.065836124 2.3851637e-05 0.0009883811 0.0035854941 0.0003085959 0.0150535675 5.8354235e-05 0.0004469479 0.0022571373 1.026536e-05 4.0892155e-05 0.00022892255 0.005870189 0.01931506 0.0012598026 3.3730078e-06 0.005387883 0.0018114041 0.0011946806 0.0023466048
