1.0000305e-30 0.0006583115 0.00013903763 0.0058922684 0.042008635 0.023078587 0.015072149 0.23778594 0.27506724 0.0015628128 0.18357928 0.63155097 0.6175492 0.7768358 0.06166494 0.52726805 0.010869078 0.36563495 0.042194936 0.84930724 9.088181e-06 0.06688908 0.8354949 0.79565996 0.70801467 0.7379113 0.88398147 9.476507e-05 0.017261896 0.92938316 0.6774401 0.07080692 1.6090077e-07 0.909317 0.85355407 0.6922775 0.023096342 0.10714715 0.0013033735 0.85239154 0.0014244481 0.0006242982 0.91957915 0.75094604 0.016786534 0.73775816 0.7995893 0.70974284 1.6627958e-07 0.91789675 0.88587123 0.92431176 0.9399422 0.0038429964 0.9230838 0.7976235 0.13157362 0.0027066485 0.006322229 0.07736911 0.9520547 0.96267074 0.9412428 0.2931715 0.86689854 0.13300706 0.36691043 0.9440003 0.8994196 0.8365871 0.9671 0.9700975 0.892914 0.9753354 0.2689121 0.9804289 0.0068897977 0.91741806 0.06319379 0.901103 0.12560955 0.98976994 0.995554 0.9682869 0.9442216 0.98922956 0.9835946 0.99418604 0.9990202 0.96916175 0.98722696 0.9978458 0.8056314 0.99959546 0.873521 0.0010589882 0.9992752 0.9999678 0.9977023 0.9962659 0.9992809
0.0006583115 2.22072e-17 0.69833297 0.066600226 0.0066921585 0.14742965 0.02514424 0.043977983 0.012750321 0.018948706 0.003875641 0.006373042 0.003893911 0.00092396414 0.0010439709 0.0002466256 0.00055829796 0.00071619905 0.00039622397 0.0018109136 0.038760204 0.00031962327 0.00017087607 0.0023849215 0.0012263507 0.0014404262 0.00019037313 0.0041324263 3.3497043e-05 0.0014491245 0.0011180312 0.00036207738 3.7060847e-05 0.00033328403 0.00041431037 0.000440803 1.784646e-05 2.0166895e-05 3.8098144e-06 0.00043856198 7.6195233e-06 1.5047767e-06 0.0010403605 0.00058349344 1.2954838e-06 0.00021091828 0.00024180861 0.0003810718 0.0026681786 8.179075e-05 0.00029391013 0.0002060986 0.00017105216 9.4992185e-07 8.9006564e-05 0.00040229323 1.0164918e-06 1.2404266e-07 2.7501335e-07 5.266969e-06 4.6994504e-05 3.51839e-05 2.4301433e-05 0.00019214166 0.00018660679 8.828962e-06 0.00021599319 7.405142e-05 0.00016179717 0.00019839521 0.00022607933 1.4067971e-05 0.00016099204 4.5773155e-05 8.1348815e-05 9.899532e-05 2.857903e-09 0.00021779479 7.0124956e-06 3.5701805e-06 0.00020917432 0.0001672506 3.1513093e-05 2.8218748e-05 7.934635e-06 0.00021877821 0.00016239636 8.583131e-05 5.0596445e-05 5.6311524e-06 7.607235e-05 0.0002709562 0.00012660644 0.00019287234 0.00054185785 5.576226e-10 0.00025106332 8.6903034e-05 1.3447508e-05 0.00015664418 8.600616e-05
0.00013903763 0.69833297 5.0865594e-16 0.011112626 0.001851631 0.1121203 0.0787116 0.028576978 0.0024761213 0.30017877 0.0014841348 0.0031978078 0.0033040305 0.00029560857 0.00016754994 9.230389e-05 0.0040185684 0.00021996505 0.0014174813 0.0007973694 0.0047651646 0.0003907321 8.087294e-05 0.0012651181 0.0004758144 0.000782621 0.00011795548 0.00030050005 4.1672363e-05 0.0007748391 0.0006803647 0.00014158439 0.0010897198 0.00018459183 0.0002048105 0.00037611867 1.4369427e-05 4.2282372e-05 1.7300848e-05 0.000129064 9.816653e-08 2.8966215e-06 0.00053148327 0.00022680187 3.9779766e-06 9.3484334e-05 0.00023550827 0.00013687958 0.0023446106 8.024924e-05 0.00032169663 0.000189203 8.101552e-05 5.683331e-07 0.00012432816 0.00063132116 5.4015595e-07 7.623506e-08 1.9378413e-07 4.9168325e-06 7.379235e-05 3.6818263e-05 3.5987567e-05 0.0002560688 7.182741e-05 1.0736134e-05 0.00024896156 0.00010792281 0.00023145873 9.13727e-05 0.00030436862 3.9147228e-05 0.00022600277 6.36426e-05 1.7511013e-05 0.00014095091 2.839872e-10 5.409726e-05 4.303165e-07 3.2100797e-06 0.00021785004 0.00026455356 3.5854006e-05 3.156636e-05 9.830978e-06 0.00025238993 5.730688e-05 1.5186652e-05 8.3897736e-05 4.8284874e-06 3.925602e-05 0.00042353745 0.00012511341 0.000255271 0.0010238129 4.0064486e-11 0.00014695794 7.725698e-05 1.7233816e-06 0.00020251436 2.8559061e-05
0.0058922684 0.066600226 0.011112626 1.1556679e-18 0.765197 0.03574046 0.0035127043 0.017683802 0.2035745 2.989763e-05 0.032598287 0.010938238 0.0016416763 0.010790101 0.12547573 0.013999935 4.721201e-05 0.0066524395 0.0002288599 0.0030129824 0.023995409 0.00034795908 0.022438027 0.0031614173 0.0010961138 0.0012589336 0.004157959 0.040621158 0.0001133077 0.005408957 0.0021832874 0.023374312 5.1695265e-06 0.00415007 0.002339457 0.0010701251 8.5268686e-05 0.00015967156 5.6255435e-06 0.009273013 0.007874671 3.3325668e-06 0.0018672021 0.0008443637 2.0789398e-06 0.00038284043 0.0008384562 0.0010325273 0.00017768485 0.00018760997 0.0017490443 0.0002950529 0.00060591777 0.00018366415 0.00031371904 0.00021505488 0.0010904633 2.4923915e-05 4.5105084e-05 5.8046743e-07 0.0001387989 0.00020093935 8.991989e-05 0.00010521257 0.00023367262 5.235456e-07 0.0002333484 0.00017671939 1.2957588e-05 9.6752825e-05 0.0003058564 2.1479385e-05 1.4171319e-05 0.00020711884 0.0005876925 0.00024196942 5.7291413e-07 4.2354168e-05 0.00010491989 4.3059263e-06 5.17609e-05 0.00023975897 0.0001973861 6.3652784e-05 6.219853e-06 0.00029649906 5.079152e-05 0.00016743141 6.56746e-05 6.1232763e-06 6.117927e-05 0.00018533357 6.624362e-05 9.876447e-05 0.00033609313 5.724558e-09 0.00016732526 7.356279e-05 5.9069325e-06 0.00013282066 7.086802e-05
0.042008635 0.0066921585 0.001851631 0.765197 1.568646e-18 0.049134754 0.007124697 0.07470105 0.4307491 2.7881508e-05 0.14497738 0.052566573 0.012495774 0.059450284 0.07469499 0.066369414 7.44361e-05 0.02457742 0.0015390262 0.02017684 0.0011718465 0.0014452823 0.06728615 0.015003183 0.005779133 0.006562489 0.03395205 0.0076637715 0.0001785941 0.018646782 0.0026843487 0.024743514 7.4833444e-08 0.024161614 0.009555876 0.0015032213 5.3515618e-05 0.000543094 9.748526e-07 0.03447219 0.0010900723 6.660584e-07 0.0034512978 0.005155842 1.4602722e-06 0.0022754834 0.0030469957 0.002931789 2.934473e-05 0.003459401 0.008371687 0.0015627525 0.005920415 0.000100484 0.0030409053 0.000859823 0.0011001651 2.3984963e-05 2.1322072e-05 3.33662e-05 0.00118445 0.0024755592 0.00031876183 0.0006948442 0.00094435824 6.631125e-05 0.00073310354 0.00063368963 0.0006742584 0.00041960672 0.0010873972 0.00014611568 0.000684851 0.0009954602 0.0030636261 0.0008860928 1.2216691e-06 0.00024793137 0.00029745576 1.9444447e-05 0.0003251195 0.0010544175 0.00021731055 6.392045e-05 9.381215e-06 0.0015398277 0.00027442584 0.00031953643 0.0006537419 3.2676806e-05 0.00012496769 0.0010274216 0.00030215818 0.0008047322 0.0011524729 2.5088067e-08 0.00041562086 0.0006340787 5.4805296e-05 0.00097429554 0.00027659241
0.023078587 0.14742965 0.1121203 0.03574046 0.049134754 1.28514635e-17 0.8901708 0.8310708 0.057958852 0.17051281 0.050285593 0.18513481 0.15337415 0.008760962 0.0042237076 0.0018667933 0.015231362 0.0030109014 0.015190948 0.02543882 0.0020085976 0.0057582827 0.001384722 0.016882652 0.013745706 0.01195268 0.0017000937 0.00019286554 0.00050971453 0.016000748 0.015552406 0.00051626563 9.008264e-05 0.004517332 0.0022517503 0.0069998614 0.00015712444 0.0005305353 9.94078e-05 0.00076126965 2.048869e-06 2.3145154e-05 0.0164015 0.00066693465 2.17524e-05 0.00022350892 0.0020826736 0.0010144891 0.0024287996 0.00017440671 0.005448467 0.0034257446 0.002579667 9.107906e-07 0.00102182 0.002246834 7.1659533e-06 7.6529346e-08 7.727698e-08 2.3618808e-05 8.638692e-05 0.00012760259 0.00011697662 0.00045894194 0.0001176802 3.1848056e-05 0.00069990364 0.0003259708 6.141345e-05 0.00056458445 0.001437138 9.104607e-05 5.1157425e-05 0.00039804226 0.0001587204 0.00040876566 1.6483215e-08 0.0003688648 7.315489e-06 7.505602e-06 0.000244337 0.0009433133 0.00016557013 0.00014135732 7.846316e-06 0.0009479898 1.3127293e-05 1.4446358e-05 0.00036899606 2.744927e-05 0.00018173138 0.00048532302 0.00016034773 0.000229219 0.00035354734 7.617059e-10 0.00035915175 0.00026777698 2.5502342e-05 0.0008655058 0.00013194045
0.015072149 0.02514424 0.0787116 0.0035127043 0.007124697 0.8901708 4.2883272e-18 0.790381 0.012254312 0.5420503 0.013571183 0.09397253 0.28391087 0.0020187562 0.00039111124 0.00065555895 0.39541322 0.0009563867 0.16639322 0.010677469 0.0001543529 0.035204 0.0001657327 0.009203518 0.010668435 0.009536066 0.00015020095 1.6754738e-06 0.0034428625 0.012351666 0.04424132 6.6714805e-05 0.00015957732 0.0011340808 0.00044628966 0.015516969 0.0009020467 0.00236556 0.0010330252 0.00016879434 2.722971e-07 0.00014476458 0.035732534 0.00016620483 4.7083056e-05 8.00673e-05 0.00019132742 0.00013978363 0.0006889685 1.13358765e-05 0.00063750753 0.0013143416 0.00034302968 3.5202424e-07 1.9356527e-05 0.0053044907 3.960596e-07 2.6677698e-08 3.9686174e-08 2.055628e-05 8.102885e-06 6.364851e-06 3.724809e-06 0.00030158958 7.012663e-06 2.1840764e-05 0.00056024635 2.1586722e-05 1.7664374e-06 0.0007288501 0.0007499234 3.0290946e-06 2.4207766e-06 7.736537e-05 8.174166e-06 2.8564647e-05 5.341361e-10 0.00032590493 2.5170974e-07 4.3287338e-07 8.363332e-05 0.0003654068 8.320781e-06 1.03374205e-05 2.8700353e-07 0.00012457062 7.09382e-07 3.566735e-07 0.00012210006 2.0429461e-05 9.556941e-06 4.6610694e-05 0.00017746536 5.8391037e-05 9.485314e-05 2.371991e-11 3.2880653e-05 4.426981e-05 2.5069951e-07 0.00038515558 9.060178e-06
0.23778594 0.043977983 0.028576978 0.017683802 0.07470105 0.8310708 0.790381 1.1636895e-16 0.3132239 0.049268235 0.42410827 0.8085912 0.76923656 0.13159752 0.008556973 0.009394224 0.039393865 0.016931275 0.16577174 0.31757227 0.00056908035 0.045975007 0.0059578083 0.2269534 0.1985453 0.15818387 0.006319022 0.00018476795 0.0018170108 0.18981703 0.1668151 0.00066804414 1.4209405e-06 0.033578314 0.0072867675 0.078719854 0.00063051464 0.0045298194 0.0001329546 0.002478861 1.1633676e-05 2.0010146e-05 0.22253448 0.0010733908 7.0493435e-05 0.0003357326 0.0021754757 0.00018155764 0.00047457335 0.0005430254 0.021749057 0.035183076 0.016459743 2.9911819e-06 0.0030224726 0.008706373 6.6467123e-07 8.888047e-08 5.065783e-08 4.237651e-05 7.175715e-05 0.0005084219 0.000348955 0.0010341766 0.00010125066 5.6735247e-05 0.0013939478 0.0015015148 4.1588435e-05 0.003852524 0.00691404 4.427479e-05 2.51314e-05 0.003467627 6.438303e-05 0.00081878196 1.0231323e-08 0.0007154468 2.3871469e-06 1.4182357e-06 0.00025777586 0.0037809364 0.00027899185 2.6846212e-05 6.730798e-07 0.002612673 3.5575713e-06 2.0939146e-06 0.0051425733 0.000981023 9.8656965e-05 0.0017061252 0.00041156358 0.001372397 0.0002204819 9.416583e-10 0.00026159486 0.0022722534 2.1148597e-05 0.0020210226 0.000106490756
0.27506724 0.012750321 0.0024761213 0.2035745 0.4307491 0.057958852 0.012254312 0.3132239 8.162034e-18 0.00013607004 0.8854571 0.5103476 0.058288902 0.47492847 0.068577535 0.41858423 8.004096e-05 0.18062517 0.0007912868 0.15216573 0.00023692727 0.00073562405 0.2225591 0.09783476 0.017769765 0.021088088 0.17019026 0.0031177916 5.2556967e-05 0.08926163 0.005910089 0.018554403 2.0786088e-08 0.12939875 0.024408912 0.003845748 2.4406529e-05 0.00019586385 8.184056e-06 0.025097357 0.00027065582 3.3380697e-06 0.01583485 0.0017890044 1.6203612e-05 0.0015175967 0.007997604 0.0025401323 1.506002e-05 0.0054297317 0.024387935 0.010486943 0.020011961 2.1967919e-05 0.0094005205 0.0031053107 9.133541e-05 2.859689e-07 2.8173517e-07 1.9956822e-05 0.0012278714 0.009065209 0.0027681224 0.0001954925 0.0023960653 5.1749106e-05 0.00029946415 0.0017570583 0.00047750617 0.00048672146 0.0026270994 0.0005629948 0.00017314655 0.0033796139 0.0010342677 0.0019487378 1.0751994e-07 9.198515e-05 3.0369523e-05 1.2051544e-05 5.6045767e-05 0.0024566108 0.00079235726 0.00016433053 1.1296142e-05 0.002889021 2.1906579e-05 9.432857e-05 0.0026916328 7.6334414e-05 0.00033019186 0.0020306779 1.2355282e-05 0.0010954528 0.00037548755 4.8519064e-09 0.00037488213 0.0031614113 0.00010824421 0.0007541337 0.0002291117
0.0015628128 0.018948706 0.30017877 2.989763e-05 2.7881508e-05 0.17051281 0.5420503 0.049268235 0.00013607004 6.2123666e-15 0.00022685835 0.0015065407 0.0044005495 3.4504996e-05 1.0370895e-05 2.1877174e-06 0.65513855 5.663964e-06 0.057378978 0.00023487171 3.4093602e-05 0.017857095 1.1607521e-05 0.0006429406 0.0004288217 0.0002831311 6.580522e-06 5.019844e-07 0.0056924396 0.0018423226 0.00395141 3.5586218e-05 0.26566693 1.7037448e-05 1.0507844e-05 0.0010534957 0.0002933546 0.00018836635 0.0015608483 0.00021203619 9.2057945e-08 0.00027219937 0.0005033003 5.8435206e-05 1.4936383e-05 4.8444163e-05 4.2042364e-05 0.00012980525 0.012447045 8.622539e-06 0.00015949122 7.89331e-05 5.795785e-05 1.1633005e-06 1.7282397e-05 0.000360593 5.040053e-07 3.545515e-07 4.6840896e-07 1.3964618e-05 1.6399872e-05 1.2374267e-05 8.296605e-06 0.00032300194 4.5989464e-06 1.6569295e-05 0.0004906666 0.00015850273 2.1455473e-05 3.390257e-05 8.4151434e-05 8.896494e-06 1.9422041e-05 4.8701484e-05 2.5040429e-06 4.7051726e-05 6.917787e-10 0.00010149139 1.049525e-08 3.0068247e-07 0.0003614367 0.000102173224 1.2574336e-05 1.266499e-06 2.026665e-07 0.00020378761 5.91692e-07 3.2107673e-07 3.4465695e-05 1.2181225e-05 5.092143e-06 0.00037316894 0.0017893098 7.421608e-05 1.105577e-06 2.724007e-11 1.3792228e-05 0.00011713381 8.9137e-08 5.367755e-05 5.8463884e-06
0.18357928 0.003875641 0.0014841348 0.032598287 0.14497738 0.050285593 0.013571183 0.42410827 0.8854571 0.00022685835 1.8458999e-18 0.6614472 0.17352319 0.6773233 0.02416763 0.40958592 0.00021610588 0.24314941 0.0011974867 0.2486938 0.00010476241 0.0008315907 0.18424767 0.17071134 0.043128483 0.047063958 0.15677275 0.0013438412 0.00010788681 0.10961225 0.005409852 0.00870055 7.141406e-08 0.15870003 0.054293405 0.006324906 4.9734223e-05 0.00026055888 1.9497611e-05 0.0170999 0.0002438844 6.687256e-06 0.026152894 0.00516535 2.4459589e-05 0.0016480961 0.0153563935 0.0028736782 2.1284384e-05 0.009556992 0.04774335 0.030031772 0.031197071 3.058043e-05 0.019213613 0.0023467236 0.00010929781 8.505978e-07 2.8116935e-07 1.9877692e-05 0.0014282535 0.008451018 0.0036318353 0.00026266658 0.0015788487 3.6649726e-05 0.00044185267 0.002568179 0.00094355614 0.0006757532 0.0040144506 0.0007976664 0.0005174395 0.0041700513 0.0006463104 0.002050418 9.354547e-08 0.0001348782 4.4304194e-05 1.1052875e-05 9.1488495e-05 0.0026660357 0.0012487179 0.00017629587 1.4744613e-05 0.00295705 4.1239102e-05 0.00023564306 0.0023647163 6.2162086e-05 0.00058757653 0.0028421865 4.5483524e-05 0.0013851181 0.0002696446 4.2736006e-09 0.0008022262 0.0015889821 0.00010998142 0.0006658384 0.00020150814
0.63155097 0.006373042 0.0031978078 0.010938238 0.052566573 0.18513481 0.09397253 0.8085912 0.5103476 0.0015065407 0.6614472 1.4227992e-16 0.807817 0.6237288 0.01341287 0.07711672 0.0030210027 0.09844455 0.021352923 0.70861053 0.0004057844 0.011462454 0.02381609 0.5535288 0.42681125 0.38118488 0.07056362 0.0018999064 0.00052118977 0.50911176 0.083058 0.002569235 3.0302024e-07 0.23300783 0.018975163 0.075105414 0.00018224547 0.0010841055 4.69395e-05 0.006645595 0.00021665667 9.2932905e-06 0.33639386 0.0026750069 3.803779e-05 0.0006794962 0.0045829224 0.00031866363 5.9550417e-05 0.005846027 0.057279993 0.08073161 0.05912713 8.154195e-06 0.012562273 0.0062467963 9.222336e-07 2.5348538e-07 1.5053128e-07 8.978657e-05 0.00072600855 0.0056321765 0.0034783718 0.0004513065 0.00052464573 7.338594e-05 0.0007048272 0.0063072178 0.0007582894 0.006657479 0.022736927 0.00044567356 0.00031030132 0.013166368 7.021198e-05 0.0027277926 2.9732243e-08 0.0007698669 4.088726e-06 1.9178897e-05 0.0001595002 0.013805126 0.0021793765 0.00012296725 7.0335127e-06 0.005640387 1.3685091e-05 2.5762776e-05 0.012303688 0.0026672005 0.00047794418 0.0045099026 0.00048814015 0.004306668 0.00038292093 1.0042469e-08 0.0009810257 0.007174635 0.00012452001 0.0045808773 0.00017938322
0.6175492 0.003893911 0.0033040305 0.0016416763 0.012495774 0.15337415 0.28391087 0.76923656 0.058288902 0.0044005495 0.17352319 0.807817 1.6938302e-16 0.09719408 0.009120907 0.007349492 0.1047626 0.02368817 0.5612799 0.6291931 0.000481012 0.40143397 0.005630227 0.54963547 0.69981194 0.5936268 0.005658063 0.0003352653 0.041237142 0.53345835 0.63591677 0.0041837683 3.2347787e-06 0.07276527 0.007231165 0.53317684 0.020155275 0.18106773 0.00080234325 0.0030903823 0.00078309467 0.00023976446 0.6381164 0.0009409336 0.00047743737 0.0001808974 0.00080695585 9.8314245e-05 0.00021479191 0.0009149072 0.027758636 0.09827391 0.037027262 9.059227e-06 0.0033050075 0.06915213 2.3015587e-06 7.805707e-08 1.0038855e-07 0.00033455144 0.00015304849 0.0007069797 0.00071210694 0.0011019703 0.00013558246 0.00031333693 0.0014986987 0.0041038115 0.00016457692 0.055676535 0.04414149 4.9945498e-05 0.00010214118 0.009282454 8.190404e-06 0.00068533875 6.602567e-08 0.0031758796 4.65078e-06 1.3569028e-05 0.0008894323 0.014597523 0.00046715923 8.4741754e-05 3.3506294e-06 0.0038452712 6.2662266e-06 3.6491365e-06 0.019177517 0.0127357915 0.00020408344 0.002868446 0.0015538315 0.002779973 0.00014765277 5.0184172e-09 0.00041524076 0.004891526 4.553439e-05 0.008459057 0.000111081055
0.7768358 0.00092396414 0.00029560857 0.010790101 0.059450284 0.008760962 0.0020187562 0.13159752 0.47492847 3.4504996e-05 0.6773233 0.6237288 0.09719408 1.1899082e-18 0.03203554 0.79399806 2.9655235e-05 0.8682228 0.00042491726 0.49796063 6.0065573e-05 0.000253837 0.30649877 0.4687018 0.06751599 0.11956699 0.66201377 0.0045916345 2.4728068e-05 0.39341578 0.0019447175 0.008424491 7.688957e-08 0.71666026 0.2326071 0.0033418522 7.6804345e-06 4.063147e-05 6.7389456e-06 0.01198228 0.00056290836 1.6012933e-06 0.056593336 0.0045279297 6.4307455e-06 0.0014875102 0.02228104 0.0021883466 1.1610362e-06 0.026216127 0.13190034 0.07182131 0.075893916 8.182918e-06 0.05418226 0.002582717 1.8654335e-05 2.6781922e-07 1.8228117e-07 7.272001e-06 0.0039582686 0.03756293 0.014033335 5.9686132e-05 0.0015996002 8.604189e-06 9.0960406e-05 0.016841607 0.0039580115 0.0009775758 0.014736917 0.0039820974 0.0018746835 0.023416387 0.00047491843 0.009633722 3.709891e-08 5.3961696e-05 3.5652658e-05 0.0001087171 3.9630486e-05 0.010702886 0.007665635 0.0008933134 0.00012891996 0.010322158 3.4568562e-05 0.00032347572 0.010940846 0.00026240043 0.0019277167 0.0058586122 2.5566069e-05 0.0055409353 0.00026249356 5.756201e-09 0.0018742312 0.008054825 0.00069459673 0.0019238131 0.0007397678
0.06166494 0.0010439709 0.00016754994 0.12547573 0.07469499 0.0042237076 0.00039111124 0.008556973 0.068577535 1.0370895e-05 0.02416763 0.01341287 0.009120907 0.03203554 3.6604545e-17 0.07999962 2.3452221e-05 0.032637 0.004438258 0.009781103 0.0001508301 0.0027839954 0.39740255 0.011936624 0.008298906 0.008690205 0.052919295 0.015029053 0.0010615569 0.015530013 0.006181979 0.9559932 1.2783265e-08 0.033034634 0.054294225 0.003345693 0.00028401383 0.0015802338 4.8614525e-05 0.4862369 0.11764691 2.933772e-06 0.004829301 0.042095657 1.4937837e-05 0.030516177 0.02749505 0.048179224 1.7161727e-05 0.02344064 0.006217991 0.0017499279 0.0037120273 0.01781492 0.0055232905 0.00551911 0.06793573 0.00371606 0.0064323223 8.77857e-06 0.0063116946 0.006548569 0.0008987987 0.0004875293 0.0032854576 5.839868e-06 0.0008540525 0.0003958572 0.0021383755 0.0009589736 0.0005664478 0.0007273339 0.0011717303 0.00033419972 0.0043740766 0.0007255998 0.000264708 0.000120191144 0.0043928637 3.3710352e-05 9.909327e-05 0.00025818354 0.00039811328 8.531627e-05 0.00015343007 0.0003901157 0.00045345427 0.002313796 0.00019644882 6.109604e-06 0.00025980556 0.00014559891 0.00066644384 0.00019154303 0.0020296806 3.980375e-06 0.0006301323 0.00026062175 0.00068659906 9.791657e-05 0.00068810605
0.52726805 0.0002466256 9.230389e-05 0.013999935 0.066369414 0.0018667933 0.00065555895 0.009394224 0.41858423 2.1877174e-06 0.40958592 0.07711672 0.007349492 0.79399806 0.07999962 1.278315e-18 1.697784e-05 0.9036499 0.00027949197 0.05207413 3.1816742e-06 0.000228548 0.76552707 0.07913858 0.0064268163 0.010481319 0.7069429 0.0026468416 3.9315626e-05 0.059921 0.00091117865 0.02498961 1.6504513e-08 0.41418836 0.40976053 0.0015598066 5.9461854e-06 9.6884774e-05 5.258299e-05 0.06663315 0.00023295904 2.0990443e-05 0.009028295 0.01906195 1.7864477e-05 0.0045025838 0.054555867 0.010411378 1.5195472e-07 0.050144218 0.044608627 0.0108811455 0.029657098 0.00021674529 0.027002683 0.0007862597 0.00088337215 4.77187e-06 3.7784434e-06 3.5187524e-05 0.011199767 0.040921383 0.010037727 6.2179875e-05 0.004845214 2.694468e-05 4.9906026e-05 0.0054918025 0.006195743 0.00014622023 0.0035908616 0.004385411 0.0024275493 0.00850493 0.0011522432 0.006104855 4.267475e-07 9.151655e-06 0.00018980735 0.0002781083 1.6778667e-05 0.004634842 0.003532717 0.0014074615 0.0005268533 0.005329247 0.00022471692 0.0027814314 0.002865493 1.1211258e-05 0.0022591164 0.0036870076 2.0402467e-06 0.0028128312 0.0004986533 7.516156e-09 0.0023877288 0.004095437 0.0023379636 0.0009000549 0.0018736344
0.010869078 0.00055829796 0.0040185684 4.721201e-05 7.44361e-05 0.015231362 0.39541322 0.039393865 8.004096e-05 0.65513855 0.00021610588 0.0030210027 0.1047626 2.9655235e-05 2.3452221e-05 1.697784e-05 1.2889471e-16 5.294493e-05 0.5995336 0.0007337876 2.61437e-06 0.374583 1.8281093e-05 0.0012990476 0.0026629432 0.0024698763 7.690329e-06 8.2854406e-08 0.3614599 0.002465311 0.15009579 1.651356e-05 0.0010580982 1.8087696e-05 2.3332512e-05 0.044090994 0.19411582 0.16599788 0.6981827 3.2406842e-05 4.4777553e-07 0.29618278 0.050839588 3.475016e-05 0.1208916 2.2112552e-05 1.9961679e-05 3.3520837e-06 0.0018776132 2.2867162e-06 2.3995053e-05 0.00023301393 2.5591196e-05 2.1292044e-08 1.4401754e-06 0.08571289 1.7768365e-08 9.109074e-10 1.6428184e-09 0.0007912567 9.275144e-07 3.518504e-07 4.6560004e-07 0.004735765 3.6954995e-07 0.0007004642 0.0040303976 5.4636344e-06 1.1233246e-06 0.009247033 0.000830508 6.2557865e-07 1.6666878e-06 1.1920036e-05 1.763628e-08 2.2303172e-06 1.8171853e-10 0.0021194422 3.9704626e-09 9.2580215e-08 0.00055027695 0.00030772158 1.5757084e-06 8.384278e-07 5.6507723e-08 1.9879606e-05 1.34476155e-08 1.1030804e-07 0.0002963269 0.0013922034 2.0141417e-06 5.0246814e-05 0.0006054375 3.9710045e-05 4.0642107e-08 1.1294889e-11 2.0425243e-06 0.00010628784 2.4552847e-08 0.0006664931 1.529767e-06
0.36563495 0.00071619905 0.00021996505 0.0066524395 0.02457742 0.0030109014 0.0009563867 0.016931275 0.18062517 5.663964e-06 0.24314941 0.09844455 0.02368817 0.8682228 0.032637 0.9036499 5.294493e-05 1.291988e-18 0.00063977804 0.09761105 4.060263e-06 0.0004237243 0.4133326 0.13012883 0.012960795 0.020871505 0.8065953 0.0026538444 6.963158e-05 0.09734269 0.001736183 0.01023438 4.931851e-08 0.5852597 0.35132515 0.0039064083 2.0780886e-05 0.0001168298 5.553049e-05 0.049387384 0.00025911964 1.4240167e-05 0.019031066 0.024814155 4.9523936e-05 0.0056411726 0.05600531 0.008146935 1.00363465e-07 0.069598444 0.09538798 0.023061898 0.04734696 0.00012105966 0.05790435 0.0012163755 0.00059976993 5.827117e-06 2.9299165e-06 2.3512484e-05 0.014190254 0.044596013 0.016321408 0.00017140816 0.005256449 3.0401688e-05 0.00014753861 0.014708505 0.011226677 0.0005533294 0.006653315 0.0072619044 0.0031582077 0.01245389 0.0011298953 0.012942251 2.8590262e-07 4.1946605e-05 0.00013922206 0.00088843744 4.7264766e-05 0.0062093064 0.0082172295 0.0019451265 0.00078704813 0.009511281 0.00025492557 0.002485943 0.00699892 0.0001703523 0.002441241 0.0062059737 2.47472e-05 0.0047819996 0.0007387956 1.0161776e-08 0.0028541868 0.00586541 0.0024278176 0.0014254252 0.002228536
0.042194936 0.00039622397 0.0014174813 0.0002288599 0.0015390262 0.015190948 0.16639322 0.16577174 0.0007912868 0.057378978 0.0011974867 0.021352923 0.5612799 0.00042491726 0.004438258 0.00027949197 0.5995336 0.00063977804 2.5536145e-18 0.0059009595 4.3656582e-06 0.92669624 0.00021785357 0.0075755217 0.027767712 0.017190492 0.00014547484 6.0056777e-06 0.62682766 0.012294122 0.44384623 0.0029879531 8.8991665e-06 0.00084629015 0.00033156926 0.24919386 0.43834785 0.56640035 0.08228177 0.0006159892 1.3080991e-05 0.013919121 0.17813425 0.00025071902 0.039362404 9.787577e-05 0.000521426 0.00010824721 4.542518e-05 0.00020185436 0.00050943607 0.005321307 0.00062885415 2.6927646e-07 4.395371e-05 0.06689953 2.139292e-06 1.1813796e-08 3.2027042e-08 0.00042720386 1.6823305e-05 2.4178866e-05 2.0952422e-05 0.0025571056 1.1281488e-05 0.0002536115 0.0025136867 3.8722894e-05 3.539159e-06 0.02501483 0.0039837044 9.701232e-06 3.3277615e-06 0.00048676 2.292415e-06 7.060378e-05 4.1633486e-10 0.0016443039 6.542205e-07 3.1450162e-07 0.00030460587 0.0012942824 3.2461463e-05 7.688965e-06 2.9625016e-07 0.00029243168 2.920455e-07 2.160365e-07 0.0016166175 0.0039104116 6.8030927e-06 0.00035452377 0.0004164432 0.00022417837 5.274488e-06 4.519253e-11 1.527495e-05 0.0002025387 3.5967835e-07 0.0019384173 2.3562193e-06
0.84930724 0.0018109136 0.0007973694 0.0030129824 0.02017684 0.02543882 0.010677469 0.31757227 0.15216573 0.00023487171 0.2486938 0.70861053 0.6291931 0.49796063 0.009781103 0.05207413 0.0007337876 0.09761105 0.0059009595 5.8665713e-18 0.00067194784 0.0026722697 0.011691117 0.86273485 0.63862884 0.64694285 0.11688384 0.0031733988 0.00026131037 0.69371873 0.042913992 0.0013435093 1.2435427e-07 0.41015717 0.015880527 0.0795038 6.6150504e-05 0.00042031385 1.2852399e-05 0.003409141 0.0050161094 6.3781213e-06 0.4783483 0.00122012 1.1505214e-05 0.00024956488 0.0026877888 0.00026213183 1.2937153e-05 0.0042879125 0.12977076 0.18723267 0.114642 6.728895e-06 0.02906254 0.003407134 5.8709975e-07 1.340074e-07 2.7088511e-08 4.9893653e-05 0.0009391321 0.014960598 0.013312216 0.00019811558 0.00038060723 4.7725367e-05 0.0001725793 0.027009701 0.001005533 0.007212631 0.0700661 0.00088451395 0.00038806832 0.05035068 3.4297784e-05 0.0074915863 1.8086084e-08 0.00019806798 1.3716626e-06 4.4290882e-05 8.580495e-05 0.04363742 0.0072592627 0.00021402452 3.5770667e-05 0.014963317 3.1581385e-05 0.000102816004 0.060648 0.0051080794 0.0011654864 0.009274109 0.00022505985 0.007915684 0.00016237375 1.7782504e-08 0.0013520027 0.01550226 0.00047068088 0.009064771 0.00047448106
9.088181e-06 0.038760204 0.0047651646 0.023995409 0.0011718465 0.0020085976 0.0001543529 0.00056908035 0.00023692727 3.4093602e-05 0.00010476241 0.0004057844 0.000481012 6.0065573e-05 0.0001508301 3.1816742e-06 2.61437e-06 4.060263e-06 4.3656582e-06 0.00067194784 1.8602532e-22 1.1356257e-06 8.590639e-07 0.0007943392 0.000101394646 0.0001309323 3.8356984e-06 0.20032898 9.186255e-08 0.00041240518 2.5299805e-05 0.00010100705 2.0521278e-05 2.0912898e-05 3.8686e-06 1.6334563e-05 9.357722e-08 5.798853e-07 3.9700728e-07 1.8359075e-06 0.00242205 2.6651088e-07 0.00010967819 1.9782085e-06 1.0331897e-06 8.2576537e-07 2.186472e-06 9.305302e-07 0.0014690638 5.256877e-06 0.0011689311 0.000546133 0.0007791127 3.2395299e-06 0.000144786 0.00017100241 1.8028264e-07 1.2494867e-07 1.8647077e-07 1.233536e-07 7.275921e-06 5.05978e-05 4.1297975e-05 1.4440588e-05 1.006409e-06 5.9560772e-08 1.293946e-05 0.000102045655 3.6019485e-06 0.00011342013 0.0002656779 4.572562e-06 1.4538884e-06 8.846413e-05 7.6241395e-06 1.472494e-05 2.9406695e-09 1.380731e-05 7.930504e-08 1.2367701e-06 2.5130212e-06 0.00022438029 7.924834e-06 5.925484e-06 5.2696186e-07 3.6643363e-05 2.7513229e-06 6.24926e-06 7.112497e-05 2.242224e-06 4.967376e-06 4.900128e-05 9.688939e-07 3.7491092e-05 4.6081004e-06 1.9145953e-10 8.098426e-06 0.00012803373 1.5287373e-08 1.659724e-05 7.982987e-07
0.06688908 0.00031962327 0.0003907321 0.00034795908 0.0014452823 0.0057582827 0.035204 0.045975007 0.00073562405 0.017857095 0.0008315907 0.011462454 0.40143397 0.000253837 0.0027839954 0.000228548 0.374583 0.0004237243 0.92669624 0.0026722697 1.1356257e-06 1.2296726e-17 0.000121627745 0.002894102 0.012326501 0.011049926 3.5128847e-05 3.366192e-06 0.756113 0.008320452 0.5014384 0.00096055534 1.3522979e-06 0.00027240376 0.00022768215 0.2847172 0.57508904 0.7398889 0.068095826 0.00015338004 4.369205e-05 0.016003165 0.2631093 9.501103e-05 0.107432686 2.7809356e-05 0.00022338725 3.1037693e-05 1.1452133e-05 0.000116526695 0.00042695823 0.0063223643 0.00050822605 4.0707678e-07 4.8609658e-05 0.1417577 5.063381e-07 1.198522e-08 7.592206e-08 0.0010793672 4.7333892e-06 2.5090807e-05 1.546068e-05 0.0059497743 4.208856e-06 0.0005054034 0.005604799 3.9828723e-05 1.2469316e-06 0.044083066 0.007095499 2.6991936e-06 5.675245e-07 0.00040434083 1.0545879e-06 3.769149e-05 5.1407185e-09 0.0034612722 8.650341e-07 1.03254884e-07 0.00069715263 0.001575224 1.4294812e-05 2.4658493e-06 1.4460294e-07 0.00020507534 1.6063707e-07 1.3740225e-07 0.0022488371 0.012985967 4.633138e-06 0.00031681702 0.0011574873 0.00012073546 1.9030924e-06 3.5340825e-10 6.211293e-06 0.00013769604 3.326294e-07 0.0036311839 1.4113747e-06
0.8354949 0.00017087607 8.087294e-05 0.022438027 0.06728615 0.001384722 0.0001657327 0.0059578083 0.2225591 1.1607521e-05 0.18424767 0.02381609 0.005630227 0.30649877 0.39740255 0.76552707 1.8281093e-05 0.4133326 0.00021785357 0.011691117 8.590639e-07 0.000121627745 3.1862812e-17 0.027872777 0.0035053454 0.006075735 0.47886696 0.0007384236 6.519497e-05 0.014454133 0.00014000562 0.14696999 2.6292568e-08 0.26331714 0.87591344 0.00020876162 1.2430461e-05 4.6830086e-05 3.233309e-05 0.7341959 0.000430119 9.881737e-06 0.0026345395 0.42048132 7.537069e-06 0.26388332 0.3760464 0.14611614 7.7385573e-07 0.26526478 0.0409483 0.0022748208 0.018852942 0.003071771 0.042695805 0.0007759768 0.007264464 0.00023423934 0.0003786051 5.963188e-06 0.058412205 0.087837696 0.010844043 7.0754327e-06 0.02738469 4.5942425e-06 8.507645e-06 0.0033501824 0.022902682 3.7512873e-05 0.0007752556 0.010947025 0.0042854124 0.005380666 0.0059289495 0.0061038854 3.1174432e-06 9.3107536e-07 0.0006027244 0.0033580035 1.5734892e-06 0.0008416873 0.0077953604 0.0029490897 0.0024570161 0.00425907 0.0014617207 0.013725382 0.00065072166 1.2374699e-06 0.00466602 0.0023087685 8.442755e-07 0.0022164301 0.0031014883 5.372489e-08 0.0053676735 0.0022307397 0.0025247415 0.00045940652 0.002467982
0.79565996 0.0023849215 0.0012651181 0.0031614173 0.015003183 0.016882652 0.009203518 0.2269534 0.09783476 0.0006429406 0.17071134 0.5535288 0.54963547 0.4687018 0.011936624 0.07913858 0.0012990476 0.13012883 0.0075755217 0.86273485 0.0007943392 0.002894102 0.027872777 1.0724325e-18 0.675886 0.7130933 0.13446012 0.006324424 0.00041924213 0.76307875 0.06292572 0.0028497167 8.0099835e-07 0.4830978 0.050207697 0.093270116 0.0001449891 0.00078496616 3.892097e-05 0.0072272075 0.01881651 1.7457722e-05 0.45549047 0.0037962724 3.2122192e-05 0.00065402087 0.010282592 0.0005521279 7.2655675e-06 0.013299678 0.29004797 0.27891874 0.14866641 0.0001952097 0.07206419 0.0027941733 2.1749029e-06 1.9667807e-06 8.058361e-07 0.00021353256 0.0018984901 0.031042019 0.024772936 0.0004143033 0.0006491033 0.00015038099 0.00025747195 0.05266722 0.0019209897 0.010137208 0.07897761 0.001380654 0.00084067247 0.072548285 5.1414157e-05 0.017546872 8.49797e-08 0.00017362442 5.8511796e-06 0.00023340648 0.00018409432 0.06004382 0.01141346 0.0006510444 0.00017646981 0.028310731 6.592196e-05 0.0003015807 0.067315854 0.0055636694 0.0016737801 0.014872281 0.00017008041 0.01145647 0.00016374984 1.2139881e-07 0.0022779524 0.020436743 0.0007223548 0.008518883 0.00078889675
0.70801467 0.0012263507 0.0004758144 0.0010961138 0.005779133 0.013745706 0.010668435 0.1985453 0.017769765 0.0004288217 0.043128483 0.42681125 0.69981194 0.06751599 0.008298906 0.0064268163 0.0026629432 0.012960795 0.027767712 0.63862884 0.000101394646 0.012326501 0.0035053454 0.675886 9.658067e-19 0.91495115 0.008947521 0.0016841149 0.0010252027 0.7716272 0.2637042 0.0017315209 2.3282254e-07 0.1128226 0.0046502585 0.29874974 0.00057270966 0.0089483205 6.577539e-05 0.0011885688 0.0097153755 1.7784363e-05 0.6668126 0.00066102983 6.0098635e-05 6.999236e-05 0.0007972637 9.087916e-05 2.154294e-05 0.0007793461 0.1075365 0.27854097 0.0786831 9.055279e-06 0.009227977 0.019455403 1.8602185e-06 5.778659e-07 3.2690738e-07 0.00011664066 0.00012932015 0.0033955069 0.0041266764 0.00045133271 2.9055675e-05 9.8004384e-05 0.00084200077 0.020822577 0.0002295732 0.034740753 0.10580549 0.00027427537 5.762051e-05 0.043381263 5.7093453e-06 0.0043440643 4.288725e-08 0.0016325305 4.550754e-06 3.862374e-06 0.00051152357 0.047536064 0.0024382337 7.7263765e-05 7.814041e-06 0.012574925 2.1516523e-06 3.297393e-06 0.052086327 0.006914616 0.0003361938 0.009420318 0.0007217202 0.0055773016 3.8414662e-05 2.5928213e-09 0.00061198266 0.010011225 4.5833916e-05 0.010234415 0.00014973857
0.7379113 0.0014404262 0.000782621 0.0012589336 0.006562489 0.01195268 0.009536066 0.15818387 0.021088088 0.0002831311 0.047063958 0.38118488 0.5936268 0.11956699 0.008690205 0.010481319 0.0024698763 0.020871505 0.017190492 0.64694285 0.0001309323 0.011049926 0.006075735 0.7130933 0.91495115 1.7963556e-19 0.017150568 0.0036001196 0.00083249965 0.8265498 0.20511404 0.00159752 3.989574e-07 0.17652102 0.009468225 0.23530738 0.00041762737 0.004433133 8.3919505e-05 0.0026252896 0.020604126 2.485484e-05 0.6643361 0.001390361 7.288655e-05 0.00017361266 0.002014851 0.00017678548 1.0842826e-05 0.0022438478 0.20942688 0.3884179 0.12553503 6.95219e-05 0.024050588 0.01377128 2.6893244e-06 2.9902178e-06 1.3687368e-06 0.00012960672 0.00029717365 0.00806644 0.008937722 0.00055796636 6.388516e-05 0.00012326441 0.0007142793 0.045641758 0.00051052624 0.034815364 0.1486609 0.00042640645 0.00015905968 0.0663867 1.1154159e-05 0.008751509 3.678711e-08 0.0010390552 6.1918354e-06 2.2990587e-05 0.0005764673 0.07408546 0.004390901 0.00012102469 2.2193806e-05 0.023130763 5.9199256e-06 1.147043e-05 0.067819335 0.0075146835 0.0006356477 0.01714416 0.0007596517 0.009152459 5.5397202e-05 1.0769188e-08 0.0009055396 0.019162841 9.19157e-05 0.012545344 0.00021853048
0.88398147 0.00019037313 0.00011795548 0.004157959 0.03395205 0.0017000937 0.00015020095 0.006319022 0.17019026 6.580522e-06 0.15677275 0.07056362 0.005658063 0.66201377 0.052919295 0.7069429 7.690329e-06 0.8065953 0.00014547484 0.11688384 3.8356984e-06 3.5128847e-05 0.47886696 0.13446012 0.008947521 0.017150568 6.3470483e-19 0.0041012135 6.8772947e-06 0.060131565 0.00014424932 0.015431486 7.004041e-08 0.859567 0.7581499 0.00020894704 1.1377764e-06 4.274267e-06 1.4335905e-05 0.055586 0.0010362819 2.5865374e-06 0.0029979604 0.030297523 2.3584112e-06 0.005573319 0.18440159 0.005198458 1.759815e-07 0.21728586 0.13050216 0.023759805 0.062998936 0.00067657244 0.10477247 0.00014004075 9.414461e-05 8.6579007e-07 1.0401665e-06 5.3023837e-06 0.04387383 0.15314928 0.04061501 5.674826e-06 0.0037858435 4.825813e-06 2.5458662e-06 0.031878084 0.025997179 7.883974e-05 0.004593152 0.01380238 0.004853689 0.033017106 0.00084795424 0.02644298 1.317891e-07 6.866294e-07 3.4267803e-05 0.001459501 1.1886123e-06 0.0087252995 0.019438868 0.0028143134 0.0019371654 0.016211027 0.00025200605 0.0044349874 0.012073379 2.8264507e-05 0.0038462977 0.0075452435 3.2932212e-07 0.005058535 0.00056474545 2.1451143e-08 0.0047575226 0.009515154 0.004284131 0.00056229136 0.0033659209
9.476507e-05 0.0041324263 0.00030050005 0.040621158 0.0076637715 0.00019286554 1.6754738e-06 0.00018476795 0.0031177916 5.019844e-07 0.0013438412 0.0018999064 0.0003352653 0.0045916345 0.015029053 0.0026468416 8.2854406e-08 0.0026538444 6.0056777e-06 0.0031733988 0.20032898 3.366192e-06 0.0007384236 0.006324424 0.0016841149 0.0036001196 0.0041012135 9.437275e-22 2.2613567e-07 0.009842256 0.00019453952 0.02120571 1.7646265e-07 0.013137645 0.00011224038 0.00027631695 1.2999944e-07 1.7696343e-06 1.569671e-07 0.00011873594 0.4021841 3.6141134e-07 0.0011397154 4.600675e-06 1.9900283e-07 1.8811952e-06 2.1621224e-06 1.1378827e-06 7.5468656e-06 5.112553e-05 0.012509873 0.0032608693 0.010016493 0.0017434714 0.0061108014 0.00044573925 1.9604158e-06 6.263275e-06 7.134399e-05 1.12333375e-07 4.3728938e-05 0.0015587835 0.0011697082 2.4594881e-05 6.09348e-06 7.507161e-08 5.3228192e-05 0.0022480986 1.2369276e-05 0.00021455422 0.0008677617 3.9213533e-06 2.9171274e-06 0.0012319221 4.2931923e-05 1.0490283e-05 3.4683957e-08 2.3857026e-05 3.400025e-07 4.554045e-06 1.2180087e-05 0.00019260893 9.719874e-06 3.1471898e-06 1.5934008e-06 3.782173e-05 3.4558874e-05 7.255193e-05 7.39199e-05 1.3871944e-05 9.1061355e-07 1.5102463e-05 2.159423e-06 2.3729099e-05 1.9266212e-05 2.3668907e-09 1.4693775e-06 0.0002768144 3.2168788e-07 2.1009148e-05 1.0055119e-06
0.017261896 3.3497043e-05 4.1672363e-05 0.0001133077 0.0001785941 0.00050971453 0.0034428625 0.0018170108 5.2556967e-05 0.0056924396 0.00010788681 0.00052118977 0.041237142 2.4728068e-05 0.0010615569 3.9315626e-05 0.3614599 6.963158e-05 0.62682766 0.00026131037 9.186255e-08 0.756113 6.519497e-05 0.00041924213 0.0010252027 0.00083249965 6.8772947e-06 2.2613567e-07 9.0104255e-17 0.0012205081 0.28836676 0.000663712 3.383446e-06 6.249484e-05 8.5563726e-05 0.1300152 0.90795594 0.78111875 0.33313325 0.00020389473 1.3347142e-06 0.12192582 0.10551477 7.204563e-05 0.40123937 1.7082777e-05 0.00013412243 1.7522338e-05 2.1306817e-06 4.6991638e-05 7.715037e-05 0.0015481523 0.0001280242 6.586291e-08 8.201183e-06 0.2064328 2.6612355e-07 2.0878457e-09 1.2746185e-08 0.00467237 1.1410232e-06 8.372242e-06 4.0710966e-06 0.01861515 1.4464507e-06 0.0015453703 0.016479563 9.954967e-06 9.493522e-07 0.03980275 0.004183918 1.3988523e-06 6.021928e-07 8.717521e-05 2.421833e-07 1.9701158e-05 2.2725164e-09 0.008225093 2.0448192e-07 9.324121e-08 0.0024679033 0.0010684355 1.1597552e-05 4.1955227e-06 2.9574375e-07 7.303872e-05 2.656391e-08 1.2527512e-07 0.00077641796 0.0071039116 3.2134153e-06 0.00019214899 0.0019905104 7.750479e-05 4.2262937e-07 1.2224602e-10 4.0054424e-06 5.5524248e-05 6.760871e-08 0.0024795856 4.5090374e-07
0.92938316 0.0014491245 0.0007748391 0.005408957 0.018646782 0.016000748 0.012351666 0.18981703 0.08926163 0.0018423226 0.10961225 0.50911176 0.53345835 0.39341578 0.015530013 0.059921 0.002465311 0.09734269 0.012294122 0.69371873 0.00041240518 0.008320452 0.014454133 0.76307875 0.7716272 0.8265498 0.060131565 0.009842256 0.0012205081 3.4317186e-18 0.18118088 0.001403528 6.050914e-07 0.44314373 0.015687836 0.22180419 0.0003957942 0.0027712153 0.0001604623 0.0019863765 0.025267024 3.9191644e-05 0.6229783 0.0014155887 0.00016076038 0.0002564706 0.0020237702 0.000121819176 1.11268555e-05 0.006765005 0.31848198 0.45503983 0.19554728 0.00038944624 0.06953002 0.005617467 3.1632658e-07 2.090124e-06 1.7165908e-06 0.00042128257 0.0016282857 0.031158151 0.024790768 0.0004927543 0.00022246435 0.0002363529 0.00032829348 0.07326986 0.0012559309 0.0764093 0.20120952 0.00095767586 0.00046671147 0.12862657 4.6788236e-06 0.01487247 6.966841e-08 0.00016777779 1.7619587e-06 0.0001975701 0.00016276336 0.1088577 0.008897111 0.0004959954 0.00023345256 0.0493808 1.4158377e-05 5.9386344e-05 0.15712488 0.019007597 0.0009911828 0.03153533 0.00016201597 0.022128427 4.3948723e-05 7.406494e-08 0.0011019597 0.0699697 0.00038931737 0.019474596 0.00039066782
0.6774401 0.0011180312 0.0006803647 0.0021832874 0.0026843487 0.015552406 0.04424132 0.1668151 0.005910089 0.00395141 0.005409852 0.083058 0.63591677 0.0019447175 0.006181979 0.00091117865 0.15009579 0.001736183 0.44384623 0.042913992 2.5299805e-05 0.5014384 0.00014000562 0.06292572 0.2637042 0.20511404 0.00014424932 0.00019453952 0.28836676 0.18118088 1.1495355e-16 0.00057777145 6.3323114e-07 0.0009758512 7.509801e-05 0.829889 0.286443 0.66690326 0.021287138 5.949609e-05 0.004350549 0.008301438 0.6865752 4.7795875e-05 0.065136574 4.981494e-06 1.7136508e-05 4.075661e-06 6.5239255e-05 1.975898e-05 0.0015121135 0.02202128 0.0025779689 2.5418512e-06 8.993508e-05 0.33283916 4.022364e-07 2.1623605e-07 1.8578736e-07 0.0018756929 9.1056756e-07 2.9243458e-05 6.869498e-05 0.0084935 2.534931e-07 0.0010762768 0.0054040384 0.00035455235 2.4287428e-06 0.10360702 0.022685591 1.088446e-06 1.0294463e-06 0.0016350539 1.3101977e-07 7.922042e-05 8.134299e-07 0.0037331185 3.2538562e-06 2.2926924e-08 0.00076100795 0.0031977606 1.4045277e-05 1.408586e-06 1.5786588e-07 0.0005231269 7.5986236e-08 3.7411496e-08 0.005926222 0.040052056 5.1365955e-06 0.0006423517 0.0006980808 0.00021745337 2.1721585e-06 1.37208e-08 9.87439e-06 0.00044527062 6.45529e-07 0.0072100246 4.8591883e-06
