1.2817423e-34 0.73999244 0.71637434 0.72168577 0.8517741 0.9489163 0.9281106 0.9199516 0.9747667 0.88105583 0.9598381 0.9575556 0.24680118 0.9878574 0.8971877 0.45204088 0.9570602 0.96750385 0.42879537 0.98561966 0.34904662 0.9612296 0.85885847 0.29042193 0.4429275 0.037174776 0.59216344 0.9915816 0.9763003 0.98424613 0.039258026 0.011501463 0.09251933 0.9668182 0.1299194 0.07389498 0.015002459 0.99638426 0.996191 0.9701391 0.9833282 0.028065525 0.007108971 0.11773808 0.005717609 0.01717363 0.9609083 0.01324815 0.026625743 0.8839822 0.934397 0.9018591 0.0037624426 0.027585642 0.0011302494 0.0029980692 0.0056740446 0.0040798318 0.9970811 0.93775 0.4919669 0.00087540795 0.5429456 0.004451148 0.0036175551 0.0018521696 0.002245055 0.99426067 0.42849335 0.0021813903 0.111365795 0.025229663 0.4824472 0.06355814 0.0550029 0.9861024 0.9989069 0.037106868 0.44717875 0.31691292 0.000430843 0.0027014164 0.015601176 0.23358355 0.06238453 0.309634 0.00050280156 0.0060222168 0.19806732 0.9810038 0.0001471042 0.00023266219 0.1541857 0.0007488374 0.0018185371 0.0009592266 0.029655905 0.011413346 0.99566144 0.0006685362 0.000120186894
0.73999244 4.520534e-20 0.81987846 0.47043023 0.6744255 0.2616807 0.75572294 0.17921078 0.17526214 0.07787046 0.0903505 0.18942465 0.086341806 0.05046966 0.027959745 0.046809766 0.0014726871 0.045540113 0.06706664 0.15239036 0.05610723 0.009806802 0.017730342 0.041407958 0.004319143 0.033873614 0.010691362 0.027613748 0.04159786 0.12413824 0.008650301 0.006638082 0.019464483 0.012300314 0.008521459 0.0461147 0.02890333 0.07600352 0.0081715435 0.003704468 0.09140724 0.003766844 0.0045193383 0.0023482088 0.0034531562 0.0022634822 0.017560214 0.020546889 0.0030273027 0.015932363 0.000105030915 9.632885e-05 0.009018295 0.00029801743 0.011145347 0.012959022 0.00022804333 0.009995165 0.041238397 0.00013410146 1.9977542e-05 0.0051204413 0.00026262173 0.00033676517 3.263081e-05 0.00045704324 0.004226792 0.0019095921 9.751004e-06 0.00015998846 0.0003346009 0.0011220583 9.72885e-06 2.3396484e-05 9.432061e-06 2.440313e-07 0.019039264 8.271873e-05 8.6316106e-07 5.0270564e-06 1.936622e-05 0.00010924226 3.7816e-05 2.9717107e-06 2.5612877e-05 6.184308e-07 9.285043e-06 1.4375539e-05 3.1701195e-06 0.007410346 1.7571638e-05 0.00048844423 5.054542e-07 1.0114089e-05 9.703443e-06 0.0027176803 8.734693e-06 0.000113678405 0.0062844777 0.00033024728 0.00032763352
0.71637434 0.81987846 7.046286e-20 0.7729159 0.54580605 0.5385235 0.26553538 0.21245994 0.10770336 0.15458113 0.025352634 0.13346125 0.15143496 0.009144624 0.011588304 0.10453404 0.006976895 0.15255193 0.020462515 0.13273837 0.02328986 0.0018503378 0.0042844643 0.07368272 0.0076471292 0.014965814 0.003203821 0.021777716 0.15397768 0.10536644 0.0057924115 0.004403318 0.009559413 0.0050484124 0.003512324 0.05017443 0.025084667 0.06678236 0.0035341054 0.022530152 0.16996795 0.0024620898 0.0031274878 0.0011341305 0.0025405283 0.0015660609 0.056057762 0.022508636 0.002341104 0.06177094 3.858079e-05 2.0022611e-05 0.016515868 0.00034768492 0.014510421 0.01618905 0.00040306858 0.013390739 0.033019353 3.5934445e-05 1.6234935e-05 0.0049622087 0.0022722122 0.0006128892 0.00012325126 0.0003943628 0.0057168994 0.0009602077 1.1940619e-05 0.00038452158 0.0010765801 0.0025836765 1.1540577e-05 8.566734e-05 2.1184205e-05 7.4429316e-08 0.016485412 0.00039535883 4.9160803e-07 5.0449703e-06 8.734764e-05 0.0003279749 0.00037622073 3.5942994e-06 6.283003e-05 2.1783269e-07 7.063786e-05 4.670761e-05 3.2797739e-06 0.011585977 8.337513e-05 0.00043107008 6.791848e-07 3.709465e-05 3.3249242e-05 0.0012989837 2.0579073e-05 0.0010539716 0.00435836 0.0014529154 0.00028743045
0.72168577 0.47043023 0.7729159 1.0039999e-19 0.18043418 0.671941 0.30231863 0.111665905 0.12828948 0.067061156 0.081051506 0.11334639 0.6211353 0.05769231 0.06777781 0.2146116 0.0038137008 0.03943384 0.067526236 0.10645162 0.06674335 0.012969971 0.02034826 0.06013853 0.006393737 0.037163116 0.010170684 0.042510737 0.041106023 0.09550553 0.013400627 0.014006507 0.046545155 0.035401333 0.013137206 0.1006699 0.0876425 0.069084704 0.0104857925 0.01879597 0.033602685 0.0033391207 0.008546204 0.0017674477 0.0055335346 0.0018432471 0.020225435 0.05780764 0.0034264324 0.022134265 0.0012954709 0.00014617003 0.020160124 0.00056224037 0.03784462 0.029137023 0.000539689 0.019566594 0.011328815 0.00017562666 2.6243159e-05 0.016992541 0.00070976675 0.00062048994 0.00013879665 0.00038310085 0.0047849673 0.00097526924 1.9810925e-05 0.00043017766 0.00016734187 0.002479374 4.413121e-05 9.3587274e-05 3.2095704e-05 6.624753e-07 0.004099325 0.00021698874 7.141702e-07 6.6474895e-06 3.947583e-05 0.00045570952 6.0003167e-05 1.5485928e-05 0.00010753386 5.5062367e-07 3.571708e-05 1.5974794e-05 6.781121e-06 0.0039245896 3.2010234e-05 0.0013109804 1.6959658e-06 2.0863772e-05 8.672194e-06 0.0013857946 1.4585178e-05 0.00035799798 0.00093375676 0.00018866011 0.0008282033
0.8517741 0.6744255 0.54580605 0.18043418 9.316055e-22 0.5136911 0.15509838 0.82455087 0.12041777 0.31608757 0.020868387 0.0885056 0.06661303 0.014711394 0.010443374 0.10903934 0.04351711 0.19357179 0.013988351 0.22142522 0.0071316576 0.0038145955 0.008005895 0.15340234 0.022846961 0.0059412234 0.0020647298 0.008930229 0.15487617 0.11467558 0.0011811005 0.00096008735 0.0016035261 0.0030805308 0.0010376703 0.027910074 0.009179312 0.064106524 0.0014978579 0.014774919 0.2528428 0.0003464685 0.00032711652 0.00035123856 0.00020384323 0.00024205318 0.07757705 0.005950472 0.00077644276 0.0587302 6.755061e-05 2.6401203e-05 0.0095033785 0.000260274 0.0038462612 0.0037838293 0.00013458676 0.004870379 0.07238133 2.463883e-05 1.6126702e-05 0.0019538498 0.004093063 0.000120044504 2.6808242e-05 0.00014700575 0.008239797 0.0006000294 1.5356898e-06 7.4729935e-05 0.0009811189 0.004586637 3.2312362e-06 4.205321e-06 2.4042226e-06 1.0359868e-08 0.033850837 1.7813389e-05 2.3663627e-07 6.2804804e-07 1.0974499e-05 0.00011101889 0.0007068048 2.1191388e-06 3.7839138e-06 9.906355e-08 4.8965103e-06 4.2983484e-06 5.9579156e-07 0.028027294 1.2262184e-05 0.00033444073 6.780927e-08 6.0924335e-06 6.4080696e-06 0.008407892 2.2759923e-06 0.008412136 0.01668423 0.0016275429 0.00016342298
0.9489163 0.2616807 0.5385235 0.671941 0.5136911 3.3277587e-19 0.24332681 0.29670486 0.18529396 0.62294525 0.003504864 0.11071546 0.21580212 0.0014262736 0.0035374078 0.46627408 0.08556474 0.34514424 0.007762944 0.26460794 0.0022027448 0.00010688604 0.00015581059 0.45577532 0.0695296 0.0061251344 0.00037206127 0.0036474443 0.24851356 0.16403596 0.004371435 0.0029818742 0.0006668758 0.0007246518 0.004377384 0.05899492 0.017951887 0.0970152 0.0017437389 0.10129846 0.132732 0.00054650806 0.0032602802 0.00035184502 0.0023061587 0.00046250463 0.15801056 0.015142296 0.00033430618 0.100674935 2.7090977e-05 1.2238316e-05 0.0276448 0.00010397213 0.008385846 0.010625694 0.00029744927 0.014988295 0.02986259 2.6973255e-06 2.4980382e-05 0.003332087 0.008566392 0.00066972245 7.14126e-05 0.00050292263 0.014913623 7.022545e-05 1.8936835e-06 0.0003257076 0.009453784 0.016638454 3.813324e-07 3.1715666e-05 7.4984537e-06 1.9814522e-08 0.015055009 0.00018640331 1.1726714e-08 2.8865395e-08 7.3373616e-05 0.0001584994 0.0012494558 3.505395e-07 4.8911425e-06 1.1699614e-08 2.2493805e-05 2.8911749e-05 2.423628e-07 0.013949333 5.3315274e-05 0.00024562547 1.1079069e-07 3.0437457e-05 1.7003167e-05 0.0026850821 7.0973488e-06 0.024759037 0.0040887496 0.00071834936 0.00027202914
0.9281106 0.75572294 0.26553538 0.30231863 0.15509838 0.24332681 2.0211363e-21 0.09529459 0.8314392 0.024039377 0.1396777 0.62092113 0.04141829 0.12427648 0.095533796 0.020335378 0.0020140612 0.011151667 0.04692497 0.21428324 0.03459189 0.037984278 0.040693756 0.011180888 0.0024475504 0.027723992 0.015009444 0.061791457 0.016851487 0.1824569 0.011070093 0.0106693 0.012209523 0.022250753 0.012004296 0.017087128 0.013499948 0.121698126 0.015814068 0.0004523158 0.099941224 0.004786992 0.0048549045 0.0017929567 0.0030209278 0.0031615272 0.007001654 0.009704976 0.003050223 0.0069576786 0.00029288046 0.0009648111 0.001680832 0.0006623838 0.0028805833 0.002447604 0.0008496777 0.0015917433 0.035473883 9.3326045e-05 0.00021405453 0.0013050445 5.4136377e-05 0.00025486745 4.2127813e-05 0.00028937362 0.0015845151 0.0018667517 5.1323254e-06 6.969363e-05 1.2860453e-05 6.001444e-05 2.059852e-06 7.827557e-06 2.0699424e-06 2.7180104e-07 0.010456593 2.0745796e-05 4.9261934e-07 1.8798609e-06 1.1866716e-05 5.2399715e-05 2.2286354e-06 4.2243556e-07 2.380848e-07 3.9665817e-08 1.8959007e-06 3.7587697e-06 1.3698318e-07 0.00848886 7.5380963e-06 0.0025350754 1.6078978e-08 1.620196e-05 5.4841234e-06 0.040210906 1.9274461e-07 1.6117907e-05 0.008547692 8.51935e-05 0.002674822
0.9199516 0.17921078 0.21245994 0.111665905 0.82455087 0.29670486 0.09529459 4.4238853e-23 0.1301383 0.2810381 0.01207699 0.0900341 0.03304253 0.008332805 0.0059910025 0.07641955 0.052448813 0.2612807 0.0067479815 0.288292 0.0045403377 0.0025882083 0.004869471 0.14225927 0.020737937 0.0014821002 0.0013104454 0.007582207 0.24794117 0.16388628 0.00054207986 0.00031293405 0.0005517507 0.0020512845 0.0008413202 0.010186176 0.0034316075 0.08716191 0.0011410718 0.017718172 0.41140044 0.00018742846 8.625628e-05 0.00037918016 6.8264795e-05 0.00015244368 0.1386118 0.0011613391 0.00039884937 0.1054422 3.2971184e-05 1.7896024e-05 0.0043729884 0.00016011744 0.00094759295 0.0008794236 8.268686e-05 0.0015885594 0.15037125 1.9070594e-05 1.563957e-05 0.00061095663 0.005574486 7.9213394e-05 1.2587607e-05 5.0362338e-05 0.004695674 0.00039346458 1.1825508e-06 5.7675985e-05 0.0019107414 0.0065236175 9.5086085e-07 4.4061844e-06 2.318796e-06 6.284932e-09 0.08130035 1.1193662e-05 2.5023613e-07 2.8886117e-07 6.184765e-06 5.9850343e-05 0.0009807952 7.830889e-07 3.635728e-06 1.0112882e-07 2.732931e-06 8.988663e-07 4.62186e-07 0.06153857 8.9345685e-06 3.9210634e-05 7.532778e-08 1.6914933e-06 2.0789023e-06 0.0019979323 2.3241291e-06 0.010452865 0.029214125 0.0009696339 3.933982e-05
0.9747667 0.17526214 0.10770336 0.12828948 0.12041777 0.18529396 0.8314392 0.1301383 1.7534759e-22 0.047964144 0.10811204 0.79066235 0.018822195 0.18309598 0.062300615 0.016420491 0.0037541452 0.024203422 0.018158909 0.6342492 0.021783495 0.055218294 0.053532433 0.014339311 0.0036440545 0.009037991 0.012368309 0.07777985 0.018550582 0.48388875 0.0026472607 0.0021356668 0.0044798404 0.027239425 0.003042308 0.004148436 0.002917275 0.27176 0.020258663 0.0011756322 0.1671243 0.0010576488 0.00042363827 0.0006067731 0.0003143093 0.00072617823 0.012074191 0.0017746513 0.0006238726 0.011180765 0.00032449752 0.0013246109 0.0005060004 0.0001450966 0.00065008434 0.00062552205 0.00014235437 0.0006398293 0.12640323 0.00013170185 0.00013729114 0.0004398391 0.00039867594 2.3584776e-05 8.360082e-06 1.082808e-05 0.0007068496 0.0028681643 2.4317233e-06 1.0152938e-05 8.9905916e-05 0.00046334014 1.561988e-05 2.1666656e-06 8.483627e-07 4.4625705e-07 0.05402598 1.19099805e-05 8.306973e-07 5.8475375e-06 8.680219e-06 3.3694472e-05 2.9107012e-05 1.88262e-06 7.7424994e-07 9.1555215e-08 1.2868987e-06 1.1137303e-05 4.3313352e-07 0.025078323 4.6635264e-06 0.0006896088 6.991307e-08 6.8872246e-06 5.6410695e-06 0.025822986 2.5125144e-07 5.2798907e-05 0.034666467 5.3240223e-05 0.00041258457
0.88105583 0.07787046 0.15458113 0.067061156 0.31608757 0.62294525 0.024039377 0.2810381 0.047964144 5.1767935e-19 7.355788e-05 0.021859834 0.055701427 6.782127e-05 3.9425715e-05 0.5473111 0.34949848 0.5735877 3.27549e-05 0.12272578 5.5438104e-05 5.985465e-06 5.6813346e-06 0.7526944 0.58631134 6.6983266e-05 7.500085e-06 0.00035877878 0.3677705 0.046802413 5.9484235e-05 3.8478753e-05 1.4513277e-05 3.8783986e-05 7.033348e-05 0.013704952 0.0014710595 0.024421468 0.00011777239 0.29371798 0.14094567 7.116589e-05 9.6909076e-05 1.50969045e-05 6.656432e-05 4.9339753e-05 0.35201263 0.0015965496 3.3926433e-05 0.19255063 3.5795592e-06 3.318322e-07 0.025981447 1.1448857e-05 0.0008091483 0.0011700653 1.6002774e-05 0.0035167064 0.012586768 6.2882054e-07 8.533608e-06 0.00022103224 0.060339686 0.00019005006 7.784498e-06 2.2675482e-05 0.0113452105 4.9531445e-05 1.8099732e-06 0.000103370716 0.056065083 0.04862365 2.7166809e-07 7.5049643e-06 1.1146499e-06 2.4999649e-08 0.014149018 4.0922703e-05 8.63606e-08 1.1158406e-07 6.272995e-06 0.00016023338 0.008846431 1.1870852e-06 1.3121373e-05 1.2674299e-07 4.0687714e-06 9.33058e-06 1.5375158e-06 0.016927037 9.757823e-06 2.7261567e-05 1.3177496e-06 1.4597369e-05 5.508482e-06 0.0004243493 6.655482e-06 0.07542799 0.0032974246 0.0007281206 1.533102e-05
0.9598381 0.0903505 0.025352634 0.081051506 0.020868387 0.003504864 0.1396777 0.01207699 0.10811204 7.355788e-05 1.7591113e-21 0.29585198 0.011325979 0.66350836 0.77818906 0.0010567898 8.490309e-06 0.0017953743 0.35025 0.06497238 0.80877095 0.4018013 0.5031894 0.000118981465 0.000100813224 0.14509112 0.62058765 0.22218388 0.0021351904 0.20852485 0.07868467 0.04941985 0.36603516 0.21106511 0.14607276 0.0021956412 0.009656391 0.21228327 0.24392718 3.333754e-05 0.016171921 0.12138688 0.020353228 0.40337107 0.019294979 0.08640484 0.0008127 0.008061849 0.09906993 0.00045077762 0.03211456 0.06594871 4.028637e-05 0.0627361 0.0009472555 0.0006099178 0.030228077 0.00025054428 0.03365703 0.004342093 0.04202396 0.0011520449 7.8889224e-07 0.03153725 0.015003584 0.012679627 8.8460336e-05 0.01274073 0.00018419352 0.015259234 8.047571e-07 3.8818457e-06 0.00027083064 0.005845313 0.0011946583 0.00014200738 0.004554503 0.0141461305 4.9711605e-05 0.000102517086 0.006236942 0.027077995 2.0556357e-07 0.00019558668 0.00030520197 8.739201e-06 0.006348701 0.002254675 3.6045447e-05 0.0006082765 0.0022417635 0.00044026272 1.51925915e-05 0.004210484 0.0018695397 0.0012547737 0.00010087507 1.1936321e-06 0.0027729191 0.0056405948 0.0018150511
0.9575556 0.18942465 0.13346125 0.11334639 0.0885056 0.11071546 0.62092113 0.0900341 0.79066235 0.021859834 0.29585198 6.470738e-23 0.015334173 0.48422784 0.13048318 0.015990878 0.0018744456 0.012140236 0.05012082 0.5757713 0.08332771 0.2613625 0.24713106 0.012348098 0.0027775404 0.018069398 0.0646715 0.37138233 0.018167665 0.7580389 0.0050206725 0.004302815 0.019510161 0.14529943 0.0052168737 0.0050785663 0.0034246438 0.5580811 0.18229382 0.00016362182 0.17147288 0.004355792 0.0011952651 0.0043346253 0.0011210453 0.002962146 0.0033751286 0.0028225936 0.0034270876 0.0037002768 0.014675285 0.028417228 0.00040091138 0.0010945584 0.0014721745 0.0015187246 0.00070715067 0.0014110404 0.21416849 0.0013642762 0.001238372 0.0015997222 1.5507685e-05 0.000315528 8.17569e-05 4.7573274e-05 0.0011479404 0.017198298 4.692871e-05 0.0002002967 2.0183848e-05 0.00023660256 0.0002379948 6.9233756e-05 2.9460452e-05 1.5909829e-05 0.068941325 0.0001876556 4.343331e-05 5.0915092e-05 0.00015433466 0.00021495279 1.5815009e-05 3.2980617e-05 1.995829e-05 5.777593e-06 2.3423387e-05 7.1337796e-05 7.2680346e-06 0.015934428 3.535285e-05 0.002249371 1.1861325e-06 9.677617e-05 6.67316e-05 0.03607091 2.9261998e-06 7.839673e-06 0.04503445 9.6580065e-05 0.0022876412
0.24680118 0.086341806 0.15143496 0.6211353 0.06661303 0.21580212 0.04141829 0.03304253 0.018822195 0.055701427 0.011325979 0.015334173 3.316516e-20 0.004241363 0.010810979 0.50309354 0.00057528325 0.0024296257 0.0175641 0.008930395 0.011368486 0.00040616636 0.00053771364 0.087872565 0.0029766946 0.03418757 0.0007644693 0.00071758527 0.0017572334 0.005884384 0.011751939 0.017366957 0.0034699878 0.00030485058 0.01704238 0.84973633 0.7123068 0.0022403337 6.484753e-05 0.0008399485 0.0020279577 0.00047751114 0.0280933 9.51573e-07 0.019337026 0.0005114899 0.0006962401 0.49429536 9.915264e-05 0.0009690127 4.0229224e-06 4.8489674e-06 0.18945795 3.7260084e-05 0.28875905 0.2749759 8.687172e-05 0.28092584 0.00078983855 1.0675533e-06 7.39742e-07 0.14040774 2.2565206e-05 7.437444e-05 6.98218e-06 0.00042003093 0.026671719 1.48339195e-05 1.3891436e-06 4.5753823e-05 6.551799e-06 0.00018097024 1.1795594e-06 1.2493837e-06 1.4530393e-07 4.612967e-08 0.00040429493 3.9553474e-06 1.82378e-07 3.4290716e-07 2.2586368e-05 3.4295495e-05 1.1585861e-06 1.424198e-06 4.907454e-06 1.3967134e-07 6.052296e-06 1.5814051e-06 1.9706486e-06 0.00012815442 1.8159408e-05 0.0042112996 3.9303026e-07 8.133931e-06 4.1579174e-06 0.011261345 3.5161845e-06 4.8823793e-05 9.989661e-06 8.7777276e-05 0.003288169
0.9878574 0.05046966 0.009144624 0.05769231 0.014711394 0.0014262736 0.12427648 0.008332805 0.18309598 6.782127e-05 0.66350836 0.48422784 0.004241363 1.2777398e-18 0.42903668 0.00026353975 1.4588963e-05 0.0011595823 0.0915647 0.09592301 0.19363983 0.7250553 0.6073356 5.1863088e-05 3.2895863e-05 0.04511006 0.29245925 0.64498305 0.0033411433 0.37304562 0.02999186 0.017640682 0.07055952 0.5585609 0.04676848 0.0012635487 0.0031534196 0.3520403 0.3768069 5.4605687e-05 0.045135092 0.05076303 0.006457676 0.16340974 0.0058781696 0.035410203 0.001316513 0.0031460798 0.048749536 0.0010996123 0.15789904 0.2101168 0.00011668694 0.038776953 0.00054066855 0.00051674887 0.024655959 0.00023217745 0.10933926 0.011872773 0.09339532 0.00045307266 1.0867501e-06 0.012701726 0.0145771075 0.00499703 0.00024006944 0.03495645 0.0015568127 0.008230357 9.169804e-07 2.4154517e-06 0.0004329946 0.013125028 0.0036539761 0.0007549568 0.018947838 0.027820585 0.0002736854 0.00031571192 0.0053369273 0.031041998 2.696141e-07 0.00037595746 0.000995156 5.832981e-05 0.0067214943 0.004670668 0.00012401468 0.003760812 0.0028534925 0.0017343395 0.00016778195 0.00679423 0.004280513 0.010833242 0.00039057937 3.13892e-06 0.009864672 0.0057825847 0.006729297
0.8971877 0.027959745 0.011588304 0.06777781 0.010443374 0.0035374078 0.095533796 0.0059910025 0.062300615 3.9425715e-05 0.77818906 0.13048318 0.010810979 0.42903668 5.7150794e-20 0.0013632423 8.562515e-06 0.000999467 0.6342327 0.020650065 0.8505147 0.29401085 0.30189472 0.00016049045 4.448544e-05 0.3477749 0.60199875 0.13393521 0.0011713727 0.07297963 0.25841886 0.17954099 0.71703434 0.08352462 0.48519808 0.0061672013 0.024694176 0.06937493 0.10124095 1.057267e-05 0.0049313717 0.4514868 0.104274854 0.6143771 0.093766764 0.38024867 0.00014756381 0.0132762715 0.36739197 0.00014784101 0.013667563 0.028225448 6.320347e-05 0.20814286 0.0013741368 0.0011089245 0.1625795 0.00042673943 0.0043404577 0.0033493775 0.102988146 0.0021260185 8.3902927e-07 0.14684188 0.06779768 0.06631741 0.00010481108 0.008179353 9.605254e-05 0.08565181 1.3828684e-07 1.3332702e-06 9.847451e-05 0.009877639 0.0016249684 7.932316e-05 0.0011352825 0.025299473 1.4162348e-05 5.1759467e-05 0.028979192 0.067441784 5.155637e-08 0.00013536916 0.0002639626 1.5239483e-06 0.018141087 0.0023285146 1.5082903e-05 8.414862e-05 0.009387566 0.0009455542 4.3010214e-06 0.006524532 0.0020780985 0.0008096423 5.627779e-05 5.494366e-07 0.0005001945 0.020214617 0.0025283005
0.45204088 0.046809766 0.10453404 0.2146116 0.10903934 0.46627408 0.020335378 0.07641955 0.016420491 0.5473111 0.0010567898 0.015990878 0.50309354 0.00026353975 0.0013632423 6.5130526e-18 0.015433415 0.058199916 0.0006497766 0.01950578 0.00066572503 3.5026682e-05 4.7711714e-05 0.8571114 0.04218224 0.0015586944 0.0002184438 0.0006019655 0.030346746 0.011089599 0.00052388455 0.00075859 0.000221811 0.00023971415 0.0012376063 0.38907248 0.028561912 0.0047517344 5.499923e-05 0.03196243 0.014012012 0.00028005062 0.0009718888 9.545178e-05 0.0006419851 0.00016496914 0.017821062 0.019421034 0.00014576605 0.011446369 2.1696937e-05 4.7579965e-06 0.3369016 2.1866586e-05 0.014376137 0.020994361 5.6672736e-05 0.09037875 0.0028622579 1.2415326e-06 4.768979e-05 0.0046175495 0.0060776654 0.00033006025 3.942034e-05 0.00015757118 0.12791605 6.409888e-05 1.348034e-05 9.084901e-05 0.0020300427 0.0020068206 4.457919e-06 1.7210668e-05 2.892329e-06 4.2748113e-07 0.0033953965 8.4787745e-05 2.3134935e-07 9.730163e-07 3.1815725e-05 0.0013633709 0.0002090842 4.0039154e-06 2.7419392e-05 6.0617606e-07 4.9448703e-05 6.936967e-06 4.449781e-06 0.0035609251 8.1103026e-05 0.0002158618 8.391437e-07 5.291283e-05 8.950321e-06 0.0014489595 6.528173e-06 0.009253525 0.00032045558 0.0009016545 0.00018243935
0.9570602 0.0014726871 0.006976895 0.0038137008 0.04351711 0.08556474 0.0020140612 0.052448813 0.0037541452 0.34949848 8.490309e-06 0.0018744456 0.00057528325 1.4588963e-05 8.562515e-06 0.015433415 6.4099397e-21 0.8278755 5.588871e-06 0.028260913 2.0290072e-05 1.1782698e-06 1.9089637e-06 0.08504151 0.8096697 1.8400751e-05 7.550792e-07 0.000121301666 0.4546099 0.0076218606 8.370628e-06 1.6649223e-05 2.408831e-06 1.8833194e-05 4.9075147e-06 0.0006010116 5.1253093e-05 0.0038218345 1.4567329e-05 0.44343653 0.20522363 1.9402667e-06 1.1979011e-05 1.7796661e-07 5.958583e-06 2.2536613e-06 0.49240458 0.000116354575 2.612117e-06 0.28704607 5.732144e-08 1.8229812e-08 0.0011676681 3.7452992e-07 9.005258e-05 0.00018405006 3.3075219e-06 0.00039588878 0.010773464 4.018286e-08 1.1076486e-06 5.0283583e-05 0.13279654 8.415091e-06 2.0601015e-06 5.9359477e-06 0.0021892649 1.3248931e-06 1.4712866e-07 1.51763725e-05 0.10861032 0.0482218 1.0103945e-09 2.5344985e-07 9.2615174e-08 4.5816996e-11 0.027417773 1.6578185e-06 2.2815838e-10 3.5954373e-10 1.7788825e-05 1.3322552e-05 0.018149463 1.8918214e-09 6.389049e-08 2.0687974e-10 1.4130986e-06 1.6063146e-06 1.2706806e-09 0.06057807 1.0246592e-05 6.852514e-06 5.397516e-09 3.7134307e-06 2.1459148e-06 8.362805e-05 4.5596352e-07 0.11576602 0.010154295 9.368541e-05 8.31637e-06
0.96750385 0.045540113 0.15255193 0.03943384 0.19357179 0.34514424 0.011151667 0.2612807 0.024203422 0.5735877 0.0017953743 0.012140236 0.0024296257 0.0011595823 0.000999467 0.058199916 0.8278755 3.0295063e-20 0.00011654603 0.07893311 0.0006804404 0.00020755424 0.00041192523 0.2707119 0.5037974 0.0001258478 0.00014445429 0.0021101516 0.8098097 0.02255722 6.336075e-05 8.5032625e-05 9.75712e-05 0.0010371588 3.786215e-05 0.0013619355 0.00018824695 0.0119322585 0.00022322942 0.28603747 0.39717826 3.527219e-05 1.3282932e-05 6.5759486e-06 1.3094396e-05 7.0246344e-05 0.41643158 0.00014404957 5.167848e-05 0.29651684 2.0323574e-05 1.0353899e-05 0.0027427408 1.6618098e-05 0.00017907009 0.0001811441 2.8170241e-05 0.00038822822 0.07994154 3.9243278e-06 2.3942262e-06 0.000145356 0.06310904 6.2069585e-06 3.2255125e-06 9.980949e-06 0.0052463925 5.6761222e-05 4.3429787e-07 1.9680501e-05 0.026509987 0.034428414 9.0840125e-08 4.6384056e-07 1.4988449e-07 1.3368611e-09 0.08791951 2.7422018e-06 1.1949155e-08 1.03256255e-07 3.1582287e-05 5.2376832e-05 0.011989492 5.0906763e-08 3.376459e-07 4.3876645e-09 1.2860853e-06 7.1157765e-06 3.61697e-08 0.10148019 7.992766e-06 0.00010037758 1.595942e-08 1.1753322e-05 7.4827094e-06 0.0010704773 2.7574342e-07 0.12844712 0.069981195 3.7034733e-05 5.570808e-05
0.42879537 0.06706664 0.020462515 0.067526236 0.013988351 0.007762944 0.04692497 0.0067479815 0.018158909 3.27549e-05 0.35025 0.05012082 0.0175641 0.0915647 0.6342327 0.0006497766 5.588871e-06 0.00011654603 9.658089e-22 0.004464676 0.42225778 0.031228296 0.039556243 2.8954188e-05 1.2715912e-05 0.8391716 0.085811816 0.030140065 0.00019110511 0.010791166 0.56985 0.5871498 0.6524841 0.021109391 0.79631776 0.0037252838 0.04370784 0.006231229 0.006597391 3.4499221e-06 0.000966956 0.11299523 0.28592244 0.013060407 0.2606977 0.08446282 5.0764305e-05 0.023428718 0.015811428 8.809411e-05 0.00063472305 0.0009869363 4.6921264e-06 0.002441354 0.0031942842 0.0012775474 0.005386796 0.000119498414 0.0007864397 2.4731442e-05 0.00016671933 0.006038152 1.0175994e-06 0.01914473 0.0017850104 0.025511222 8.727567e-06 0.0009937994 6.6241064e-06 0.004648618 4.163089e-07 2.1373244e-06 3.9261204e-06 5.807634e-06 7.7896846e-07 7.3322343e-07 0.00023159386 2.4079895e-05 3.737371e-07 1.2050847e-06 0.001534169 0.0011536083 8.1693955e-08 5.1475263e-06 6.320459e-06 7.6835185e-08 0.00011949681 3.577181e-06 1.5371742e-06 8.2496335e-05 0.00023261718 0.0025267228 2.223467e-07 2.477287e-05 1.7363617e-06 0.0012056528 8.3971776e-07 4.9177584e-07 0.000116649666 0.0020937223 0.0043425756
0.98561966 0.15239036 0.13273837 0.10645162 0.22142522 0.26460794 0.21428324 0.288292 0.6342492 0.12272578 0.06497238 0.5757713 0.008930395 0.09592301 0.020650065 0.01950578 0.028260913 0.07893311 0.004464676 3.2354864e-22 0.008734383 0.019881783 0.023890534 0.029095685 0.007691397 0.0017803455 0.005405809 0.05092068 0.08264193 0.7317086 0.0005654741 0.000605258 0.001314475 0.012130375 0.0007547808 0.0015388838 0.0006167584 0.39098078 0.00886455 0.010018618 0.43607756 0.00025837863 0.0001353645 0.00030859292 0.00013623298 0.00023682763 0.037484605 0.0005482127 0.00034215229 0.031464588 0.00041271327 0.0011559348 0.0012454782 9.054187e-05 0.00048720188 0.00047120277 6.1851635e-05 0.0006960486 0.41348058 0.00012565436 0.00010311216 0.0005624718 0.0029665858 2.0267173e-05 1.2970607e-05 1.3995644e-05 0.0022564442 0.0013949485 9.342493e-06 3.6057067e-05 0.00081407686 0.0018436523 4.006889e-05 5.049394e-06 2.8843242e-06 1.4169839e-06 0.104071245 2.8764201e-05 1.4792357e-05 1.7173055e-05 3.428575e-05 1.9047764e-05 0.00049847167 1.8624882e-05 9.963677e-06 1.7742137e-06 9.008337e-06 1.7046419e-05 3.730949e-06 0.049808532 2.9935036e-05 0.00020188399 4.685461e-07 1.2585242e-05 1.1821692e-05 0.0064340555 1.115258e-06 0.002635434 0.073476784 0.00010753806 9.3032264e-05
0.34904662 0.05610723 0.02328986 0.06674335 0.0071316576 0.0022027448 0.03459189 0.0045403377 0.021783495 5.5438104e-05 0.80877095 0.08332771 0.011368486 0.19363983 0.8505147 0.00066572503 2.0290072e-05 0.0006804404 0.42225778 0.008734383 1.3228769e-21 0.15243365 0.31573257 9.7279095e-05 3.774271e-05 0.15242319 0.8170499 0.075822935 0.0007747139 0.035393298 0.0458642 0.031416718 0.7672813 0.14623961 0.09121563 0.0023836733 0.0118924575 0.035864092 0.056972902 2.2397866e-05 0.003447888 0.22803427 0.015225139 0.58690417 0.0155750485 0.16989192 0.00016040874 0.0068196286 0.3255101 6.0468417e-05 0.042796385 0.07330396 1.1774627e-05 0.1248944 0.00042637595 0.00014606916 0.12348343 2.5249643e-05 0.0035915535 0.002269464 0.085798435 0.00039603226 2.3896217e-07 0.05522846 0.053232856 0.013542313 1.9030407e-05 0.008129283 0.0017634046 0.03134008 1.7516538e-07 1.2129992e-06 0.0006744604 0.00896967 0.0021258125 9.511166e-05 0.0007202159 0.032669473 6.901226e-05 0.00016200701 0.035338182 0.063864335 3.8134385e-08 0.0009965954 0.0018174615 2.891255e-05 0.027270261 0.005079559 0.000345946 6.61317e-05 0.009891426 0.0010152169 4.055598e-05 0.010692912 0.0023799776 0.00017970547 0.00014561739 3.1926163e-08 0.00014053738 0.0044645313 0.0015333683
0.9612296 0.009806802 0.0018503378 0.012969971 0.0038145955 0.00010688604 0.037984278 0.0025882083 0.055218294 5.985465e-06 0.4018013 0.2613625 0.00040616636 0.7250553 0.29401085 3.5026682e-05 1.1782698e-06 0.00020755424 0.031228296 0.019881783 0.15243365 6.078709e-19 0.82377887 7.2251673e-06 5.6760223e-06 0.014040242 0.36538452 0.5074029 0.00065674476 0.13142802 0.0069630854 0.0033838772 0.0461321 0.6603463 0.012467153 0.00027719 0.00064011617 0.17233221 0.31123826 2.4071824e-06 0.016957866 0.029573057 0.001477298 0.15187171 0.0013756059 0.019579547 0.00033530718 0.0014148626 0.03950855 0.00027420637 0.26268953 0.29709435 3.46563e-05 0.038148295 0.00014858307 0.00013462066 0.022661688 0.00014809615 0.034527928 0.03305181 0.1607777 0.00022353193 4.6303177e-07 0.0074434266 0.013456777 0.0032550516 0.0002355716 0.059484992 0.007756572 0.007793346 1.8784057e-06 3.5318355e-06 0.0013203411 0.020845123 0.0055277585 0.0016340554 0.007928014 0.037223205 0.00031108802 0.00096929504 0.006204775 0.039759755 8.0649426e-07 0.0006861228 0.0009011168 4.2087657e-05 0.008240489 0.0082907695 0.00023196718 0.000603747 0.003368787 0.0009273583 7.2845956e-05 0.009456579 0.006257306 0.004434273 0.00022054416 1.7016703e-06 0.0053675734 0.005256712 0.0022752394
0.85885847 0.017730342 0.0042844643 0.02034826 0.008005895 0.00015581059 0.040693756 0.004869471 0.053532433 5.6813346e-06 0.5031894 0.24713106 0.00053771364 0.6073356 0.30189472 4.7711714e-05 1.9089637e-06 0.00041192523 0.039556243 0.023890534 0.31573257 0.82377887 3.7951336e-18 1.6421594e-05 6.8552404e-06 0.01334783 0.5833863 0.38361898 0.0008364433 0.11270097 0.0064606206 0.002770827 0.07507245 0.59724855 0.011233698 0.00049355236 0.0007952385 0.11208067 0.2561645 1.8647941e-06 0.013729769 0.028749567 0.0016107942 0.24129967 0.0015727931 0.018839404 0.00023870103 0.001568219 0.051040694 0.00013235862 0.24629727 0.32855225 6.980259e-05 0.042320743 0.00024035948 0.00031090147 0.024600148 0.00030993074 0.019565726 0.03430638 0.19659105 0.0002764727 4.976226e-07 0.011902021 0.017837761 0.002646492 0.00027612172 0.04473239 0.014486466 0.01131318 4.9905098e-06 1.3694048e-05 0.0029404738 0.025982914 0.008143009 0.0025208176 0.003765009 0.049350627 0.0005963726 0.0018247113 0.008512854 0.047880065 2.0004927e-06 0.002606456 0.0018393586 0.00014554408 0.011642139 0.012729818 0.001135883 0.00016934269 0.0038402486 0.00057265774 0.0001260187 0.014149442 0.010034147 0.0018162909 0.00041427504 1.1273416e-06 0.0013760015 0.0032669485 0.0013815971
0.29042193 0.041407958 0.07368272 0.06013853 0.15340234 0.45577532 0.011180888 0.14225927 0.014339311 0.7526944 0.000118981465 0.012348098 0.087872565 5.1863088e-05 0.00016049045 0.8571114 0.08504151 0.2707119 2.8954188e-05 0.029095685 9.7279095e-05 7.2251673e-06 1.6421594e-05 4.582887e-19 0.409943 0.00012593773 5.0395778e-05 0.0001682057 0.112814635 0.010197198 9.139283e-05 0.00011649857 1.5351825e-05 6.746222e-05 0.00010641147 0.05612908 0.0032835405 0.005173514 3.3486347e-05 0.12389498 0.026519109 8.664897e-05 0.00017761622 4.5565583e-05 0.00013393248 2.6960977e-05 0.059999965 0.0019995223 2.9174433e-05 0.032567263 1.5305675e-05 1.544844e-06 0.2271296 1.5930462e-05 0.0026374997 0.0029836819 2.4596968e-05 0.0117294565 0.0067742346 3.0554618e-06 1.3583672e-05 0.0009057962 0.031780105 0.00021407557 3.6570957e-05 6.34007e-05 0.083825864 0.00015711336 9.388429e-06 4.3979333e-05 0.038127035 0.053621974 3.0887734e-06 5.2478053e-06 3.3432786e-06 1.1290105e-06 0.006916391 1.0298258e-05 2.156127e-07 3.1033621e-06 2.4514351e-05 0.00030463812 0.009848682 2.4841345e-06 1.4110996e-05 4.4953626e-07 7.288775e-06 3.7604946e-06 1.5243348e-06 0.006967772 1.7697668e-05 0.00011192378 7.3209355e-07 1.6470749e-05 4.5839142e-06 0.0005498073 3.1913046e-06 0.08986149 0.0009100471 0.0006126583 4.1904703e-05
0.4429275 0.004319143 0.0076471292 0.006393737 0.022846961 0.0695296 0.0024475504 0.020737937 0.0036440545 0.58631134 0.000100813224 0.0027775404 0.0029766946 3.2895863e-05 4.448544e-05 0.04218224 0.8096697 0.5037974 1.2715912e-05 0.007691397 3.774271e-05 5.6760223e-06 6.8552404e-06 0.409943 1.2745901e-18 6.2582776e-06 2.972635e-06 0.0002595876 0.19702423 0.004236191 4.314828e-05 4.358954e-05 1.9483316e-05 5.4813136e-05 0.00014683662 0.0022444183 0.0003509456 0.0021006775 2.2349965e-05 0.32229188 0.05174822 6.030791e-05 7.2340925e-05 2.614335e-06 4.609034e-05 3.0929106e-05 0.31592596 0.000435692 3.730506e-05 0.1452506 3.2368027e-06 2.699728e-07 0.004466963 2.0600926e-05 0.00015508861 0.00035117043 2.2791864e-05 0.0007022906 0.0059723826 1.9207039e-06 5.30235e-07 9.1775655e-05 0.17387848 0.00024307473 1.2762637e-05 3.4386507e-05 0.0053108633 4.7703845e-05 9.602736e-07 8.679023e-05 0.23436224 0.29880852 5.557997e-07 2.670006e-05 2.7160602e-06 1.3582433e-08 0.009972243 0.00012452168 8.40339e-08 1.0730749e-07 6.64279e-05 0.00030602884 0.07367306 2.6111917e-07 4.4642074e-06 3.33749e-08 2.3396016e-05 3.0494666e-05 1.2463614e-07 0.033278942 6.0129023e-05 0.00011492959 1.8831992e-07 6.271353e-05 4.1478044e-05 8.217941e-05 8.049525e-06 0.15015906 0.0049111294 0.0002038018 4.7966976e-05
0.037174776 0.033873614 0.014965814 0.037163116 0.0059412234 0.0061251344 0.027723992 0.0014821002 0.009037991 6.6983266e-05 0.14509112 0.018069398 0.03418757 0.04511006 0.3477749 0.0015586944 1.8400751e-05 0.0001258478 0.8391716 0.0017803455 0.15242319 0.014040242 0.01334783 0.00012593773 6.2582776e-06 4.3704948e-23 0.020343184 0.0075200135 7.2050105e-05 0.0029292223 0.7044187 0.6932546 0.34174907 0.003124976 0.78541154 0.0056381146 0.05093201 0.0011499884 0.00086517684 5.4201128e-06 0.0005206962 0.028286925 0.27626088 0.0031772614 0.2559471 0.021836732 1.1404418e-05 0.023304678 0.003156779 1.622189e-05 0.0001171443 0.00013959898 4.1749256e-05 0.0010588897 0.0028478217 0.0012579602 0.001689794 0.00016049275 0.00033562278 9.097703e-06 7.214694e-06 0.0032827046 2.7096584e-07 0.0042376234 0.00040833312 0.018647594 1.1644143e-05 0.00015393717 5.9308377e-06 0.001134744 3.1746243e-08 9.047937e-07 2.4996075e-06 1.1965138e-05 3.8659223e-06 8.504226e-07 9.688449e-05 3.0127612e-05 8.539726e-07 1.5997334e-06 0.0005016231 0.00024596465 7.491695e-09 5.0230406e-06 1.7754011e-05 1.3647308e-07 6.7789e-05 5.7654565e-06 6.9539396e-07 2.8344584e-06 0.00010918613 0.0013718081 2.7588072e-07 1.19766e-05 2.7911126e-06 0.0006239884 1.7504275e-06 4.4647347e-08 2.7996596e-06 0.00071282877 0.0034171664
0.59216344 0.010691362 0.003203821 0.010170684 0.0020647298 0.00037206127 0.015009444 0.0013104454 0.012368309 7.500085e-06 0.62058765 0.0646715 0.0007644693 0.29245925 0.60199875 0.0002184438 7.550792e-07 0.00014445429 0.085811816 0.005405809 0.8170499 0.36538452 0.5833863 5.0395778e-05 2.972635e-06 0.020343184 2.9174309e-19 0.09634795 0.0001812943 0.030771168 0.0091362735 0.004052053 0.4417061 0.17010756 0.021538274 0.0005423288 0.0014452251 0.036008142 0.12041734 2.0806168e-07 0.0011077649 0.07389388 0.001641433 0.65731055 0.0017407215 0.05061625 9.184731e-06 0.00088744203 0.20402119 8.673029e-06 0.08380343 0.24302138 4.2392396e-05 0.14826153 6.0048566e-05 9.60607e-05 0.06578214 0.0001800738 0.002781543 0.010803523 0.4053849 3.6252426e-05 2.6302865e-07 0.022015978 0.035281986 0.0038424814 0.00012698687 0.013960918 0.029435461 0.024032451 1.7607578e-06 7.04291e-06 0.002027448 0.047000673 0.016670242 0.0005601269 0.0005047736 0.102685034 0.0003714853 0.00072275446 0.016073585 0.12023927 4.1817393e-07 0.00281763 0.0039833565 0.00024677432 0.02331049 0.024320036 0.0011225602 2.3745102e-05 0.007264165 0.0001523139 0.00030644648 0.025961043 0.018512188 0.000346147 0.0007378228 1.3072784e-07 0.00014684278 0.0056246263 0.0005366601
0.9915816 0.027613748 0.021777716 0.042510737 0.008930229 0.0036474443 0.061791457 0.007582207 0.07777985 0.00035877878 0.22218388 0.37138233 0.00071758527 0.64498305 0.13393521 0.0006019655 0.000121301666 0.0021101516 0.030140065 0.05092068 0.075822935 0.5074029 0.38361898 0.0001682057 0.0002595876 0.0075200135 0.09634795 2.2706157e-19 0.004466938 0.29992834 0.0030782314 0.0017655744 0.020034699 0.7281156 0.00434645 0.00024308794 0.00023624432 0.4791294 0.72300416 7.422444e-05 0.054248806 0.007228786 0.0004684396 0.033428047 0.0005845048 0.0047953487 0.002401923 0.00042166543 0.010247272 0.0024645163 0.29798785 0.3071257 5.6343524e-05 0.006312511 0.00022852512 0.00012465761 0.002984301 5.726077e-05 0.29563433 0.060154505 0.028083704 0.0003541249 1.6623297e-05 0.0010844414 0.0009780551 0.00013990246 0.0001454647 0.12873463 0.0052507473 0.0005069602 2.2019602e-05 9.543858e-05 0.0039929813 0.0041424064 0.0014377781 0.0025327737 0.07609041 0.007749297 0.002534726 0.002680951 0.0004444705 0.0039093564 9.973297e-06 0.0032403844 0.0013854068 0.0008292765 0.00030032356 0.0022809857 0.0018120037 0.01285191 0.00018410764 0.0007336743 0.00063562556 0.0008114999 0.0012405858 0.0038857143 0.0007515181 8.897105e-06 0.04998711 0.00054894225 0.001148213
0.9763003 0.04159786 0.15397768 0.041106023 0.15487617 0.24851356 0.016851487 0.24794117 0.018550582 0.3677705 0.0021351904 0.018167665 0.0017572334 0.0033411433 0.0011713727 0.030346746 0.4546099 0.8098097 0.00019110511 0.08264193 0.0007747139 0.00065674476 0.0008364433 0.112814635 0.19702423 7.2050105e-05 0.0001812943 0.004466938 3.308263e-21 0.023291506 5.2384326e-05 6.99949e-05 5.384536e-05 0.0013175519 2.927368e-05 0.00083491305 4.489493e-05 0.012589253 0.00029205126 0.24218692 0.4545904 3.6507885e-05 1.05689505e-05 2.5432598e-06 1.2394108e-05 4.7328052e-05 0.49775624 5.3388336e-05 1.4554222e-05 0.44332948 4.403007e-05 7.674372e-06 0.0013975749 5.6958143e-06 6.320776e-05 9.911226e-05 7.3284414e-06 0.00013283889 0.1397209 6.3547764e-06 3.2258708e-07 3.2019943e-05 0.050042704 2.7441222e-06 1.5679452e-06 2.9308288e-07 0.0018488483 1.2835531e-05 6.1608816e-08 1.0136878e-05 0.018304095 0.025148861 3.2902935e-08 1.4700271e-07 5.111185e-08 3.4340045e-10 0.122440994 4.645258e-07 1.9659387e-08 2.1090917e-08 3.1823056e-06 1.938543e-06 0.011311725 2.2785546e-08 8.436891e-08 3.2426004e-09 2.2378799e-07 4.701997e-07 3.084449e-08 0.13465486 1.0040936e-06 5.6670274e-06 1.0473553e-08 6.2274586e-07 9.4397143e-07 3.046342e-05 1.1991492e-07 0.11862118 0.09449912 3.937908e-07 3.7199989e-06
0.98424613 0.12413824 0.10536644 0.09550553 0.11467558 0.16403596 0.1824569 0.16388628 0.48388875 0.046802413 0.20852485 0.7580389 0.005884384 0.37304562 0.07297963 0.011089599 0.0076218606 0.02255722 0.010791166 0.7317086 0.035393298 0.13142802 0.11270097 0.010197198 0.004236191 0.0029292223 0.030771168 0.29992834 0.023291506 7.910803e-23 0.00094919704 0.0010043734 0.004053972 0.10419948 0.0009099613 0.0007829953 0.00035228 0.6724016 0.1006195 0.0026197238 0.2784592 0.0008257686 0.00014232722 0.0014871974 0.00014797867 0.00045263427 0.013656423 0.0005104892 0.0009543354 0.01779114 0.006189359 0.018170385 0.00038936845 0.00035292565 0.00033041107 0.0004118449 0.00018691279 0.0007451413 0.51387006 0.0009469561 0.0008965454 0.00041179426 0.00139981 8.186285e-05 6.607295e-05 3.794037e-05 0.0012854171 0.0076355273 0.00012675008 0.00018178842 0.00027211112 0.00072552793 0.00044150662 4.0327348e-05 2.4938821e-05 4.006381e-05 0.15962192 0.00012627277 0.00026221058 0.0002456086 6.206997e-05 6.442983e-05 0.00015864278 0.0002186268 7.389453e-05 3.822689e-05 1.2391592e-05 6.351211e-05 6.394984e-05 0.045162864 3.321904e-05 0.00048822697 7.1529803e-06 3.5434972e-05 3.7408983e-05 0.009394551 6.564602e-06 0.00032630083 0.093844354 6.573927e-05 0.00036939108
0.039258026 0.008650301 0.0057924115 0.013400627 0.0011811005 0.004371435 0.011070093 0.00054207986 0.0026472607 5.9484235e-05 0.07868467 0.0050206725 0.011751939 0.02999186 0.25841886 0.00052388455 8.370628e-06 6.336075e-05 0.56985 0.0005654741 0.0458642 0.0069630854 0.0064606206 9.139283e-05 4.314828e-05 0.7044187 0.0091362735 0.0030782314 5.2384326e-05 0.00094919704 4.1857552e-21 0.61560905 0.113071196 0.0015644659 0.77336186 0.0028071874 0.019111475 0.0004562868 0.0005936582 4.062215e-06 0.00028085275 0.0145477895 0.17588714 0.001418206 0.1732176 0.011166598 6.3933644e-06 0.00946145 0.00169489 2.1933693e-05 0.00025706392 9.7033924e-05 3.3344186e-05 0.00076921855 0.0011870872 0.0006132265 0.0010122664 0.00014923348 0.00042360468 2.3048282e-05 2.3344244e-05 0.0016232512 1.0677019e-06 0.003712909 0.00039262723 0.028196687 1.8885841e-05 0.00013908804 1.9329245e-05 0.00088151346 1.9402398e-07 2.5778888e-06 3.3434015e-05 6.5358345e-06 7.899097e-06 5.487611e-07 0.0001568599 1.7256061e-05 1.2773493e-06 1.1717441e-05 0.00040531333 0.00020076256 4.6098446e-08 1.7653874e-05 1.0196391e-05 2.9285235e-07 4.812083e-05 5.407056e-06 2.75137e-06 4.4980793e-06 7.679545e-05 0.001350231 5.376659e-07 5.7918314e-06 2.784522e-06 0.0007765176 7.1169447e-06 3.558655e-07 1.2090817e-06 0.00060024887 0.004296713
