2.2763198e-36 0.00021313016 0.0005989129 0.0003381622 2.5142932e-05 0.008913306 0.0001399393 0.005351698 0.012862356 2.538024e-06 0.0001565144 0.014116509 0.01574037 0.0026331153 0.00023340715 0.000499369 0.006445755 0.04100302 0.016561562 1.9857949e-07 0.031499546 0.09623819 5.5442865e-07 0.009160702 0.0052293562 0.06206845 3.3348936e-08 0.0026889157 0.045307104 0.0013003119 0.0059266603 0.16021086 0.19614518 0.36130154 0.015123154 0.17248285 0.07542117 0.012417003 4.000432e-05 0.39379075 0.2486741 0.03319789 0.35239458 0.00019802699 1.2580332e-11 0.14049734 0.08861773 0.42999035 0.5343543 0.0006085461 0.004113955 0.45702666 0.3216068 0.28894347 0.28640154 0.00042635584 0.35075644 0.45011064 0.46490288 0.022134501 0.65092134 0.02721777 0.49787045 1.5044793e-12 0.07099131 0.5490988 0.12430466 0.449278 0.49686003 0.009432606 0.0002679982 0.7133927 0.7545801 0.8206232 0.81535697 0.6776061 0.82833827 0.79863703 4.8840575e-06 0.70611507 0.841911 0.8342944 0.04883278 0.8252331 0.023020878 0.9453985 4.5225318e-10 0.84491444 0.8329647 0.012438247 0.25199363 0.8302264 0.32067576 6.54116e-08 0.8470962 0.90112966 0.2575727 0.9762674 2.3884583e-10 0.0042792005 3.5761423e-05
0.00021313016 1.1674252e-22 0.38701683 0.116872124 0.03858018 0.33037898 0.012265174 0.035916124 0.18770209 0.04547984 0.003876622 0.05497918 0.013066206 0.04963887 0.0139653515 0.00264905 0.004599061 0.03848295 0.0055502513 0.0021693744 0.014206856 0.012220905 0.00027876123 0.01442187 0.003360297 0.024689302 0.00016683481 0.0059519387 0.003058042 0.0014824804 0.0012885991 0.008149764 0.05498798 0.009895322 0.0007641424 0.004394957 0.010593821 0.007046592 0.000792745 0.025074555 0.0012100041 0.0009862108 0.013201308 0.00094308704 7.743121e-05 0.00067290757 0.00080434897 0.0363739 0.03958086 0.0014270179 0.004424568 0.0125051085 0.0023711277 0.0017032153 0.0007461987 0.00037180606 0.00044977383 0.0008001052 0.0034740968 0.0028016162 0.025666542 0.0005722477 0.0006869874 2.0793077e-05 0.000142231 0.019689204 0.0037554055 0.00047208325 0.00045230353 0.000237292 8.606663e-05 0.0009685065 0.0012418014 0.008722966 0.0008039084 0.0016571925 0.00039221367 0.000594698 8.113954e-05 0.00017114762 0.0039463732 0.0009572974 0.00017945936 0.00085746835 4.2832915e-05 0.005879162 1.3582439e-05 0.0012916775 0.00060926145 1.1420089e-05 0.018765504 0.0013515129 0.00013236354 2.3026969e-05 0.0011677856 0.003495516 0.015034866 0.003416961 9.3625575e-05 0.00020380998 3.9122274e-06
0.0005989129 0.38701683 6.780532e-21 0.35418722 0.021498486 0.24651058 0.05583548 0.16177529 0.0964159 0.02140771 0.02991257 0.13869682 0.053575736 0.003187632 0.0010933472 0.01944325 0.045615174 0.09332526 0.041707795 0.00013629705 0.061331365 0.050066154 0.0032113632 0.0021827095 0.026371308 0.011052191 0.00256556 0.0007015198 0.019848512 0.0077065956 0.010887249 0.03333165 0.07564563 0.034565058 0.004501468 0.025772512 0.009875092 0.00092352316 0.0039957636 0.04618806 0.010369913 0.005299884 0.036977924 0.0045583183 0.0001313063 0.005674951 0.01045105 0.027716162 0.046524607 0.00018536254 0.00064218993 0.03129731 0.014964813 0.011791809 0.0047434736 0.0013670888 0.0026034254 0.008506243 0.010859323 0.0005709003 0.01216302 0.0022262703 0.004802053 0.0003152077 0.00038235626 0.012032028 0.0005427205 0.0025234346 0.003832452 0.0010428813 0.00088625925 0.006082095 0.007146234 0.0108072115 0.0065460154 0.0076785963 0.0039495844 0.0048063393 0.0003692333 0.0016968446 0.007401712 0.00473838 0.0008675626 0.0049590673 0.00017898608 0.011215837 0.00013016239 0.0067301025 0.004398099 0.00010751774 0.016674044 0.005439343 0.0020603442 3.2298234e-07 0.006874118 0.011111889 0.014189996 0.010861183 0.0001534248 5.7037265e-05 4.152348e-05
0.0003381622 0.116872124 0.35418722 3.604797e-21 0.0047762915 0.10663653 0.05539607 0.32876754 0.063288875 0.002115683 0.06293633 0.26006013 0.107435964 0.00062819035 0.0008631027 0.04774527 0.09197718 0.17779353 0.11262727 6.1574688e-06 0.14950474 0.08833768 0.0029260435 0.0007033248 0.051872537 0.005721247 0.0015817839 0.00036473086 0.04326043 0.015427293 0.011886419 0.057925355 0.0630079 0.04739124 0.007187126 0.055466957 0.0069688517 0.00033707524 0.008106847 0.0575924 0.019360544 0.01226966 0.05054247 0.0075097913 3.9090314e-06 0.0085221045 0.028412247 0.016975146 0.03339031 0.0001489474 0.0003831613 0.041206993 0.031837 0.02617163 0.012173712 0.0011954264 0.0077215075 0.023954432 0.020733107 0.0004955228 0.008274533 0.0022273364 0.011911146 0.0002615959 0.0013471859 0.009745995 0.00028219356 0.009421153 0.012626399 0.0013986463 0.00040270394 0.0137453135 0.01357679 0.008191526 0.012372617 0.014463916 0.009577083 0.0105439145 0.00029218636 0.0019881579 0.010682297 0.010021231 0.004754652 0.010233443 0.00057886395 0.013208322 0.00019914436 0.010497875 0.004381176 0.00040555518 0.013491814 0.004790211 0.0027227504 2.0843016e-08 0.0062314575 0.012665118 0.01184855 0.013233111 1.38398855e-05 4.252217e-05 2.724883e-05
2.5142932e-05 0.03858018 0.021498486 0.0047762915 1.3410751e-24 0.016034177 0.010752545 0.002148625 0.0070395395 0.25709656 8.264288e-05 0.0018643951 0.0002691413 0.006224271 0.014760709 1.9088935e-05 9.398018e-05 0.0029237408 3.0044574e-05 0.10921952 0.0007141655 0.0001875159 2.1855942e-06 0.0020336837 5.2950643e-05 0.0036449442 7.950216e-06 0.0034982006 2.9533396e-05 1.0942854e-05 3.5475834e-06 9.401586e-05 0.0046546957 0.00061209884 2.6446123e-06 0.0003804871 0.0013802466 0.0012164225 2.492414e-06 0.0012773348 3.3911558e-05 6.3044636e-06 0.001645701 7.205453e-06 0.00016382169 7.947245e-06 0.000102219914 0.0064079203 0.0030759922 0.0015867606 0.0020047463 0.0010834574 0.00012408794 0.00010333651 0.000104594794 4.6333963e-07 2.843321e-05 9.259907e-05 0.00013561932 0.00050483807 0.004325697 8.699159e-07 0.00010698201 1.7651829e-06 8.684752e-07 0.006034899 0.0013719238 5.2077543e-05 3.993335e-05 1.3051893e-07 5.93417e-08 4.97365e-05 4.323123e-05 0.003631366 4.14894e-05 6.828029e-05 3.2169646e-05 1.5568306e-05 5.0766334e-07 3.0384124e-05 4.8507034e-05 7.875163e-06 4.53183e-07 5.9165677e-06 3.8443442e-08 0.0011146903 2.2176818e-07 5.606428e-06 0.00027698415 1.7582137e-08 0.0050241807 0.0001146955 3.7985802e-07 1.0965283e-05 0.00021564082 2.505248e-05 0.010360126 0.00047698247 4.0998075e-06 0.0001159131 1.911429e-09
0.008913306 0.33037898 0.24651058 0.10663653 0.016034177 9.733871e-23 0.0123670595 0.03675363 0.4855168 0.009202508 0.0034819944 0.11070869 0.015207885 0.03887742 0.007035318 0.0027836738 0.0051275976 0.07547091 0.00911542 0.00048228705 0.029595055 0.023761405 0.0018008566 0.012577841 0.0035747003 0.03348581 0.0017777319 0.00446166 0.0031635177 0.0018404744 0.0009524428 0.015505136 0.16953154 0.02267769 0.00048881356 0.013011933 0.0298756 0.0066709686 0.00080558646 0.049953137 0.0023433084 0.00069003674 0.031689946 0.001166113 1.2525792e-05 0.0005881638 0.0039450787 0.12987953 0.0822583 0.0018719777 0.0044020503 0.025913842 0.010446297 0.006766261 0.001708395 0.00041479684 0.0010103099 0.0042763264 0.009990519 0.0054014544 0.04413562 0.00023025884 0.0034050536 7.303318e-06 0.0001101062 0.03592818 0.0050159753 0.0017033421 0.002441121 0.00015473922 6.0310787e-05 0.0046182456 0.005779255 0.032449923 0.005864526 0.006839095 0.0050788685 0.0063349176 3.3811935e-05 0.00070447533 0.011286784 0.0066884356 0.0001655013 0.0070756865 1.5164074e-05 0.019004704 3.9822585e-06 0.0105244 0.0018899058 4.8221186e-06 0.046244696 0.0021008418 0.00021073791 9.573653e-06 0.0027218992 0.014762089 0.041870665 0.009206284 3.8528182e-05 0.0006582983 3.803153e-06
0.0001399393 0.012265174 0.05583548 0.05539607 0.010752545 0.0123670595 3.5401869e-22 0.058174115 0.0065549584 0.01012779 0.17960751 0.028785383 0.04842835 0.00011549379 0.00015817462 0.033829663 0.053068016 0.042351253 0.040058006 4.5861225e-06 0.04185779 0.045235023 0.1548901 3.48181e-05 0.021386972 0.00029356615 0.083992355 2.5306827e-05 0.016320426 0.04939723 0.0063877217 0.030336244 0.008209882 0.048798285 0.002189171 0.02766113 0.0006855659 7.342391e-06 0.070993185 0.027083373 0.011641157 0.0047900947 0.014373655 0.034700457 6.577325e-05 0.0045111394 0.014162707 0.0022326307 0.006660254 4.799441e-06 7.3699193e-06 0.009941828 0.01204677 0.009468102 0.005821225 0.0016185398 0.0015356694 0.005283838 0.004094855 4.005897e-06 0.00012177457 0.0007827785 0.004374652 0.007826054 0.00013870416 0.00042038498 2.7465228e-06 0.0016969561 0.001899601 0.00064272416 9.2774535e-05 0.0013593786 0.004318395 0.0014052846 0.0027382614 0.0014389324 0.00082587573 0.0020183828 0.0011103065 0.00041660605 0.0034080893 0.007845523 0.000104459126 0.0067258067 0.00015278395 0.0052000126 0.0045342213 0.012896583 0.001387463 1.0737168e-05 2.0956799e-05 0.0014215738 9.4548785e-05 4.6652694e-08 0.0020541565 0.026258638 2.2245891e-05 0.029335069 9.631489e-07 1.3027986e-06 6.0259413e-06
0.005351698 0.035916124 0.16177529 0.32876754 0.002148625 0.03675363 0.058174115 6.503243e-19 0.031136414 0.00036001898 0.07949417 0.35335213 0.2650794 0.0004630466 0.00040496272 0.062259573 0.18910006 0.21452571 0.23912707 6.28623e-06 0.22477755 0.1979246 0.0048653935 0.0003560638 0.06826155 0.003947875 0.002360073 0.00029576817 0.073128484 0.01774655 0.015233011 0.10923418 0.057318613 0.10111003 0.008982387 0.10668353 0.0044873855 0.00027874555 0.012437196 0.08767489 0.0282779 0.015892064 0.08051885 0.010275187 1.8006031e-07 0.015266476 0.053590022 0.0119751515 0.04552481 0.00014883964 0.0002697498 0.061059628 0.06230718 0.0481201 0.015314749 0.0015623524 0.01278481 0.04613322 0.039684627 0.000466829 0.0044367155 0.0015569895 0.019345423 3.796469e-05 0.0013553489 0.004815566 7.702943e-05 0.013951342 0.026799306 0.0010443383 0.0006809308 0.021339502 0.033596553 0.01039949 0.02572421 0.021931484 0.021225182 0.021444757 0.0003067564 0.00566776 0.022129504 0.037029583 0.0023669614 0.034324758 0.00037837244 0.014765403 9.847048e-05 0.025973106 0.008964732 0.00023137618 0.006463021 0.008532116 0.0016210461 5.8727108e-09 0.010861959 0.027801277 0.0063723302 0.016374696 3.8220237e-06 3.417332e-05 2.2874348e-05
0.012862356 0.18770209 0.0964159 0.063288875 0.0070395395 0.4855168 0.0065549584 0.031136414 6.1032617e-21 0.005401274 0.0021051015 0.08620052 0.016961804 0.068329856 0.019559799 0.001784704 0.004889371 0.06338523 0.0110939145 0.0009159417 0.031630874 0.020665029 0.0005674391 0.046746653 0.0024682952 0.115160145 0.0005099029 0.010487998 0.004183216 0.0020727841 0.00055426056 0.018344453 0.3050353 0.019151924 0.00048657038 0.0165028 0.121883504 0.019410502 0.0004629839 0.049564347 0.0034924755 0.0009075978 0.061285093 0.00093789067 7.9369065e-06 0.00091739907 0.0071188966 0.33543205 0.15682088 0.004883192 0.008409617 0.041497584 0.012792926 0.009514356 0.0025684559 0.00022880732 0.0017305957 0.0063186754 0.015438479 0.0134527115 0.084312946 0.0002938423 0.004976077 1.0423731e-06 0.00033707137 0.08451946 0.021051675 0.0037235327 0.0049355286 0.00012820517 2.6750296e-05 0.0067018024 0.0073387343 0.07305644 0.007118747 0.008677071 0.0069427327 0.006787019 1.6873084e-05 0.0010949954 0.015367339 0.011454083 0.00030855907 0.0126139065 7.063698e-05 0.0407088 9.496529e-07 0.015573073 0.0024628777 3.0276984e-05 0.08947509 0.0023579942 0.00017322616 3.3650507e-05 0.0031650446 0.014940301 0.08253717 0.019521786 5.3505617e-05 0.003909209 3.692581e-06
2.538024e-06 0.04547984 0.02140771 0.002115683 0.25709656 0.009202508 0.01012779 0.00036001898 0.005401274 1.9239053e-24 2.4606985e-05 0.00049091346 4.33474e-05 0.0017606412 0.014592574 1.1806651e-05 6.110639e-05 0.0005763628 7.1951317e-06 0.027080849 0.00018973225 2.0391486e-05 1.4060983e-05 0.0010452709 1.7048453e-05 0.0027920501 0.00013785608 0.0034116178 9.175688e-06 2.5901238e-06 1.670397e-06 1.8426583e-05 0.001542738 9.4667615e-05 1.5981612e-06 9.533079e-05 0.00039418798 0.00096504577 2.3784935e-06 0.00011750516 1.3054926e-06 3.1024629e-06 0.0003165627 4.3697196e-06 0.009546722 2.167387e-06 7.180474e-05 0.0027023207 0.00065094663 0.0003342679 0.000704725 0.00012320706 3.9984225e-05 4.3633623e-05 2.5531008e-05 2.866403e-07 2.6677371e-06 1.8597866e-05 4.055563e-05 0.0001037009 0.009002369 4.8047235e-07 1.1117246e-05 2.8731167e-05 1.8720256e-07 0.0066982564 0.0005043658 1.7206761e-05 1.3662362e-05 1.9420058e-07 6.0083245e-08 1.9340048e-05 2.1696855e-05 0.004839206 1.3168043e-05 1.6094236e-05 8.827683e-06 9.842817e-06 1.2076049e-07 2.2489762e-06 8.243932e-05 7.0866836e-06 3.214928e-07 5.8537416e-06 2.863836e-08 0.004619741 1.6436438e-08 1.4778849e-05 0.00013227559 2.8141601e-08 0.083389096 4.3362248e-05 1.994418e-06 1.4499034e-06 0.00013371807 0.0003082911 0.050549798 0.0051006875 3.6154237e-05 1.3760578e-05 2.7869858e-09
0.0001565144 0.003876622 0.02991257 0.06293633 8.264288e-05 0.0034819944 0.17960751 0.07949417 0.0021051015 2.4606985e-05 8.307555e-21 0.0283169 0.09155304 1.2725896e-05 3.043988e-06 0.26010874 0.21487941 0.028215468 0.13232985 6.4678795e-07 0.032005537 0.067299135 0.02443167 8.387306e-06 0.17878604 9.547763e-05 0.0036113625 2.4996814e-06 0.07056555 0.21615702 0.11235061 0.051046196 0.0061095487 0.04814385 0.03355579 0.029591484 0.0005280125 1.8061831e-06 0.09508624 0.01461713 0.05222328 0.033637784 0.0092352675 0.08276745 7.1210714e-08 0.041568853 0.034434453 0.0035108423 0.007819674 1.3119302e-06 3.2006953e-06 0.01148248 0.03591893 0.035908286 0.028332619 0.017639883 0.021834338 0.022127373 0.0069024405 9.224963e-06 0.00063687126 0.011937767 0.01741057 4.3198506e-05 0.0072723622 0.0013563135 9.501343e-06 0.01774594 0.012117801 0.010455218 0.005854906 0.012392999 0.010491549 0.003353235 0.009317545 0.016126657 0.008122708 0.009336059 0.005865231 0.0066011455 0.0039158487 0.005261863 0.012454682 0.004315894 0.005718484 0.0036003257 0.0023320368 0.0021486077 0.0047891675 0.0021638006 1.33584945e-05 0.005610813 0.0037732818 4.003487e-10 0.006829941 0.0014902058 8.946506e-06 0.00088839215 6.5028917e-07 5.20345e-07 0.000582138
0.014116509 0.05497918 0.13869682 0.26006013 0.0018643951 0.11070869 0.028785383 0.35335213 0.08620052 0.00049091346 0.0283169 7.731981e-21 0.26342195 0.0020038267 0.0013385568 0.027305529 0.08010384 0.49812114 0.18402134 2.5373622e-05 0.45693478 0.3040762 0.0022001162 0.0019357036 0.04668952 0.008495842 0.0010980348 0.0009810285 0.07495118 0.011209282 0.010508337 0.18495762 0.22485107 0.1303253 0.007885027 0.2634305 0.0138853 0.0017568278 0.007647534 0.16882639 0.034570478 0.017601727 0.22562756 0.007814277 2.625232e-07 0.016859211 0.12132608 0.045947056 0.07172453 0.0002847735 0.0013334954 0.12850805 0.09937133 0.0886826 0.02609552 0.0014908711 0.017707925 0.062187437 0.094856605 0.002167761 0.012651508 0.0018579253 0.031472415 5.8926303e-06 0.0027909547 0.013836971 0.0015377292 0.020948034 0.04046728 0.0012292956 0.00045113583 0.03368854 0.050307773 0.029772805 0.041897908 0.038913976 0.033500187 0.037820157 0.00014499354 0.008807052 0.046276487 0.06344413 0.0029196339 0.06135079 0.0005030148 0.034212276 1.26955065e-05 0.05820832 0.016460165 0.00019410886 0.03127786 0.012883816 0.00073253154 1.6032308e-08 0.0177091 0.04174116 0.028585518 0.030681657 2.2489207e-06 8.9908746e-05 1.7195e-05
0.01574037 0.013066206 0.053575736 0.107435964 0.0002691413 0.015207885 0.04842835 0.2650794 0.016961804 4.33474e-05 0.09155304 0.26342195 1.26798566e-17 0.00023504494 0.00011394715 0.08060213 0.21533145 0.20733404 0.3150437 1.621543e-06 0.2459812 0.35918015 0.0042687748 0.00022698665 0.1058401 0.002921461 0.0012649974 0.000107939086 0.13480155 0.023475181 0.036923114 0.19181855 0.042442694 0.17946364 0.015716491 0.14820915 0.003140856 0.000108546476 0.009286336 0.105892114 0.0576672 0.026249694 0.08666527 0.011670909 4.962546e-08 0.031377148 0.09181343 0.009173317 0.03823601 5.263707e-05 0.000111224595 0.074080676 0.11436344 0.08709855 0.025784364 0.0017717647 0.02223997 0.10206103 0.065109104 0.00022287185 0.003565528 0.0026171217 0.044937637 1.8255465e-05 0.00206529 0.0026565485 3.7780093e-05 0.025792275 0.0748944 0.0021511859 0.0007674658 0.058730308 0.096525244 0.009170164 0.0800024 0.047289424 0.059048057 0.06012805 0.00044998623 0.018120063 0.027192494 0.07117743 0.004773596 0.06045441 0.0009000364 0.01960102 9.343951e-05 0.050170194 0.02351238 0.00028301746 0.002397703 0.0223773 0.0016446335 2.3749946e-09 0.022738636 0.04227437 0.0021470038 0.021668157 2.2900638e-06 3.0219866e-05 3.9135095e-05
0.0026331153 0.04963887 0.003187632 0.00062819035 0.006224271 0.03887742 0.00011549379 0.0004630466 0.068329856 0.0017606412 1.2725896e-05 0.0020038267 0.00023504494 1.8363206e-25 0.5030273 7.071558e-05 0.0001282372 0.003006444 0.00012385879 0.003147133 0.0016893597 0.00059950544 2.7361361e-06 0.53597325 0.00011723774 0.36840448 6.149855e-07 0.38113555 5.2780786e-05 2.9434627e-06 2.2309096e-05 0.00043628158 0.016604697 0.0015535167 1.718903e-05 0.001013393 0.20479295 0.25130078 3.447332e-07 0.0060533327 1.14544255e-05 1.93987e-05 0.0036347941 2.6133216e-07 3.0379545e-07 9.326434e-06 8.9680696e-05 0.050710827 0.017952975 0.06280347 0.0874668 0.0045881327 0.00059321226 0.00024372723 6.39502e-05 3.6779696e-07 2.2718796e-05 0.00010841384 0.0011540336 0.039553963 0.06946176 1.4159045e-06 9.8395096e-05 8.941475e-11 1.560735e-06 0.06076173 0.03534058 8.672297e-05 4.9879476e-05 7.2216704e-07 8.429299e-08 0.00010629199 0.00018168754 0.013338113 0.00011984696 0.00019067586 5.791685e-05 7.2862706e-05 3.0825538e-09 1.0956272e-05 0.0010463541 0.0002911605 1.2537403e-06 0.00030172998 1.0168626e-07 0.004724445 4.317626e-11 0.0005653266 4.2873988e-05 3.409885e-08 0.01792302 3.576439e-05 2.9338293e-07 0.0024320122 6.493393e-05 0.0004188251 0.025841294 0.0019401965 5.715864e-07 0.0066122375 9.800704e-10
0.00023340715 0.0139653515 0.0010933472 0.0008631027 0.014760709 0.007035318 0.00015817462 0.00040496272 0.019559799 0.014592574 3.043988e-06 0.0013385568 0.00011394715 0.5030273 3.39056e-26 7.5676935e-06 4.5823777e-05 0.0030030983 7.263182e-05 0.084574275 0.001384242 0.00040201517 1.1998883e-05 0.40193525 3.845564e-05 0.26129937 8.0127876e-07 0.5139384 4.103412e-05 7.605421e-07 2.2613472e-06 0.00042928284 0.017309234 0.00095615874 2.8906388e-06 0.0011260831 0.13757636 0.29831144 3.496874e-07 0.0039392007 1.8636501e-05 7.944282e-06 0.0036014472 4.631404e-07 2.3992308e-05 7.153281e-06 0.00020696601 0.02887449 0.009548433 0.17512824 0.19385207 0.003382493 0.00033018398 0.00030791797 0.00011687626 1.9990652e-07 6.431144e-06 4.356411e-05 0.0009092633 0.09642181 0.045633588 1.8422786e-07 7.454444e-05 8.060755e-08 1.2689587e-07 0.053399313 0.083000116 7.1294e-05 5.778135e-05 7.068095e-08 7.2604976e-08 0.0003666642 0.00019844458 0.0082629295 0.00015114287 0.0005643594 0.00012022164 0.00014796063 5.50072e-09 8.894298e-06 0.0009965725 0.00010500426 1.3900242e-07 0.00015860026 1.9103657e-08 0.0036932735 6.8406625e-10 0.00029981736 2.5651205e-05 1.92392e-09 0.009557836 1.8229648e-05 9.710098e-08 0.06029897 5.9392405e-05 0.00025479795 0.010986172 0.0022432818 5.7744855e-06 0.012229806 1.3521242e-09
0.000499369 0.00264905 0.01944325 0.04774527 1.9088935e-05 0.0027836738 0.033829663 0.062259573 0.001784704 1.1806651e-05 0.26010874 0.027305529 0.08060213 7.071558e-05 7.5676935e-06 1.0552263e-18 0.33191565 0.037795614 0.18326785 5.013944e-07 0.04408771 0.0880709 0.0071105235 3.5770634e-05 0.31488565 0.0002648954 0.001275352 1.3367224e-05 0.1315178 0.17812937 0.255496 0.09663441 0.007445868 0.06592324 0.10863413 0.0487215 0.0008802081 4.973804e-06 0.06970917 0.029324345 0.09959298 0.08359402 0.016896144 0.081343666 3.4974125e-08 0.09527642 0.08096608 0.0028566716 0.00923639 3.6368692e-06 8.846088e-06 0.019002462 0.0594553 0.07188536 0.06500842 0.027478028 0.05448139 0.03758108 0.011765244 1.0298081e-05 0.0007556444 0.03696763 0.038803235 2.5468096e-05 0.020568503 0.002134949 2.7948246e-05 0.037880752 0.024091795 0.02216196 0.008515444 0.020397028 0.014099073 0.0039561028 0.013437881 0.023640344 0.013179119 0.0131507 0.0044587953 0.011632523 0.0065201935 0.007582844 0.021458393 0.0066790753 0.010416547 0.004518265 0.0010976756 0.00720423 0.011111963 0.0038402486 0.00026519748 0.013917302 0.0068086884 1.4891073e-10 0.012414942 0.0060935966 0.00044832466 0.006191266 2.4100845e-07 2.0961545e-06 0.0011156545
0.006445755 0.004599061 0.045615174 0.09197718 9.398018e-05 0.0051275976 0.053068016 0.18910006 0.004889371 6.110639e-05 0.21487941 0.08010384 0.21533145 0.0001282372 4.5823777e-05 0.33191565 1.1121251e-17 0.0788891 0.39210078 2.1281087e-06 0.11436085 0.28062138 0.007076601 9.231981e-05 0.45416227 0.0008342978 0.0015158183 7.270791e-05 0.2991172 0.14314641 0.3446506 0.25588325 0.016996019 0.1448439 0.19563895 0.12246295 0.0016870727 1.580328e-05 0.055289954 0.067713104 0.24122904 0.17356123 0.041365672 0.051175583 3.7373695e-08 0.19359674 0.14654145 0.005315274 0.015406842 1.5649506e-05 5.942011e-05 0.044955775 0.12568994 0.15354347 0.12444424 0.020933276 0.091950394 0.07606652 0.023549143 7.520085e-05 0.0016122735 0.04941629 0.08727557 1.5075353e-05 0.031639833 0.002462172 8.79109e-05 0.06673395 0.05407484 0.025740135 0.007212652 0.046653282 0.036797006 0.005115192 0.038942043 0.056280114 0.040873107 0.03537947 0.001769627 0.04087676 0.014250107 0.023984907 0.022842284 0.021222698 0.009948045 0.006939919 0.000222786 0.019302167 0.028533494 0.0036046067 0.00089091115 0.038469106 0.0071480577 2.9251837e-10 0.029146077 0.016272364 0.0017107491 0.00775948 2.3981988e-07 2.176371e-05 0.00051919254
0.04100302 0.03848295 0.09332526 0.17779353 0.0029237408 0.07547091 0.042351253 0.21452571 0.06338523 0.0005763628 0.028215468 0.49812114 0.20733404 0.003006444 0.0030030983 0.037795614 0.0788891 2.1920832e-20 0.1808678 5.792e-05 0.6193796 0.41616738 0.003706958 0.0033611832 0.054504488 0.008071972 0.0025130946 0.0021817887 0.076045774 0.018789528 0.017695813 0.32883742 0.32636788 0.23159945 0.011702628 0.45457506 0.016673543 0.0025613355 0.008435822 0.30479592 0.045734193 0.023512919 0.4178914 0.014866529 1.4232971e-07 0.020286692 0.20644614 0.083704896 0.118719414 0.00082875433 0.002178512 0.2705545 0.21332556 0.16135432 0.045475435 0.0028516974 0.027399436 0.12884572 0.2458233 0.0032376943 0.016622514 0.002498621 0.051846508 1.1409279e-05 0.0031585875 0.018210111 0.003376196 0.032625843 0.091151096 0.0015643458 0.0012831966 0.07333158 0.09513006 0.055097356 0.079487495 0.0809927 0.073827974 0.07984197 0.0001750658 0.01955529 0.11471071 0.12078744 0.003454408 0.1190503 0.0006669521 0.08994898 2.9353212e-05 0.10684004 0.026074737 0.00020999984 0.03918248 0.021269158 0.00071442 8.3464265e-08 0.029204953 0.07125919 0.032329872 0.065035455 2.738039e-06 0.00032283072 7.115584e-05
0.016561562 0.0055502513 0.041707795 0.11262727 3.0044574e-05 0.00911542 0.040058006 0.23912707 0.0110939145 7.1951317e-06 0.13232985 0.18402134 0.3150437 0.00012385879 7.263182e-05 0.18326785 0.39210078 0.1808678 2.384194e-17 2.2433223e-07 0.27490008 0.3856964 0.0023435699 5.8856578e-05 0.3125349 0.00084288296 0.00018322065 5.8032685e-05 0.42276183 0.07162304 0.18209131 0.3548139 0.04872395 0.20187873 0.10435504 0.24621917 0.0019808451 1.1671303e-05 0.019334255 0.08443274 0.27941602 0.1518594 0.09285024 0.03184774 4.3912816e-09 0.13880038 0.2829859 0.011532712 0.024057247 2.3464794e-05 6.57599e-05 0.06808979 0.21392938 0.23270191 0.12693529 0.0075029326 0.07748585 0.15495464 0.064452425 4.813538e-05 0.001756905 0.010270748 0.119141065 1.4792167e-06 0.01084152 0.0015689192 1.131817e-05 0.09286215 0.13095853 0.006791836 0.004103927 0.10850547 0.105564505 0.008504163 0.10287475 0.09909122 0.10042459 0.09454656 0.0002752415 0.06515895 0.030727131 0.09268082 0.011514408 0.07996312 0.004701791 0.016746543 1.5083176e-05 0.07273828 0.06395579 0.0016417179 0.0015480327 0.06506378 0.004269707 7.925245e-11 0.060538296 0.046988457 0.0011257534 0.01886892 2.4835552e-07 2.1378084e-05 5.6858527e-05
1.9857949e-07 0.0021693744 0.00013629705 6.1574688e-06 0.10921952 0.00048228705 4.5861225e-06 6.28623e-06 0.0009159417 0.027080849 6.4678795e-07 2.5373622e-05 1.621543e-06 0.003147133 0.084574275 5.013944e-07 2.1281087e-06 5.792e-05 2.2433223e-07 1.4334433e-25 1.6327225e-05 1.8201825e-06 8.671266e-08 0.0072978665 9.891415e-07 0.006139146 3.880072e-08 0.016515104 2.0672427e-07 3.352886e-08 7.008223e-08 1.7810169e-06 0.00038206592 7.107584e-06 8.1568935e-08 3.7060474e-06 0.0011411239 0.014024605 1.8644944e-07 6.282517e-05 2.5486267e-07 2.848665e-07 5.353849e-05 4.9604733e-08 8.523441e-06 1.1097108e-07 9.672312e-07 0.0011037951 0.0002739787 0.0034941044 0.0037387998 4.6126483e-05 1.7887568e-06 2.0957748e-06 2.0727257e-06 9.505298e-09 5.994237e-07 1.124848e-06 5.184778e-06 0.0014808025 0.013032971 3.056024e-08 8.4242316e-07 2.4849188e-08 2.0693637e-08 0.010039043 0.014497916 1.3804787e-06 1.1484063e-06 1.6978058e-08 6.7630594e-09 1.5102153e-06 1.7443899e-06 0.0012151465 8.6476024e-07 1.0316448e-06 4.395233e-07 2.7576368e-07 5.4816606e-08 1.8351504e-07 7.994344e-06 2.3675118e-07 5.2911336e-08 1.3563205e-07 1.604476e-08 0.0005718994 1.2736787e-07 5.9027762e-08 1.3848764e-06 6.2740684e-09 0.10720597 1.8039109e-06 9.9134425e-08 0.001012581 1.6589855e-06 1.5857908e-06 0.06611535 0.00042972973 8.787415e-06 0.00019990225 1.670482e-09
0.031499546 0.014206856 0.061331365 0.14950474 0.0007141655 0.029595055 0.04185779 0.22477755 0.031630874 0.00018973225 0.032005537 0.45693478 0.2459812 0.0016893597 0.001384242 0.04408771 0.11436085 0.6193796 0.27490008 1.6327225e-05 2.364166e-20 0.51199156 0.004716083 0.0013534818 0.07476085 0.0051736967 0.0018891614 0.0007260166 0.14878623 0.024151703 0.029562812 0.4031759 0.21560518 0.29052925 0.018700996 0.53328055 0.01395323 0.0011532436 0.011506022 0.27922404 0.06965455 0.03479261 0.39377514 0.014641573 2.5676107e-08 0.034315303 0.23634423 0.038159948 0.0681433 0.00022867032 0.0009763362 0.2401319 0.27971748 0.21537124 0.06878155 0.002178541 0.0323723 0.18562438 0.28431758 0.0013312305 0.0078019938 0.005551199 0.08233449 1.9544068e-06 0.0061923284 0.010185049 0.0010688269 0.05207455 0.14230472 0.0026777799 0.0007756065 0.11317984 0.11814289 0.030402994 0.11026463 0.12582485 0.10030198 0.1205487 9.915689e-05 0.02808894 0.119772956 0.120642744 0.0073986417 0.119364925 0.0017616396 0.0721996 3.609324e-06 0.10876868 0.040545467 0.00045567605 0.016306564 0.031386778 0.0015717609 7.1091937e-09 0.041285295 0.06752542 0.014043408 0.055125814 7.148537e-07 8.2828294e-05 1.4962515e-05
0.09623819 0.012220905 0.050066154 0.08833768 0.0001875159 0.023761405 0.045235023 0.1979246 0.020665029 2.0391486e-05 0.067299135 0.3040762 0.35918015 0.00059950544 0.00040201517 0.0880709 0.28062138 0.41616738 0.3856964 1.8201825e-06 0.51199156 9.5945804e-18 0.0038606487 0.0002846331 0.1798544 0.0040188557 0.00086286804 0.00014714166 0.23185313 0.04058955 0.07936568 0.4939018 0.09893544 0.38471118 0.03465062 0.39057788 0.005266741 5.2453062e-05 0.008342454 0.24367376 0.16173501 0.04978241 0.21974012 0.015624098 1.0957572e-08 0.064858146 0.2873638 0.016327517 0.05306853 9.1612645e-05 0.0001515986 0.18464756 0.3046377 0.2881358 0.08734842 0.0033247054 0.05602894 0.25947964 0.1783289 7.553494e-05 0.0042916737 0.0062639513 0.12368945 5.45457e-06 0.005591161 0.0037594747 1.6453054e-05 0.08123963 0.2032198 0.0038905942 0.0019452525 0.1475479 0.16202717 0.015274056 0.1584521 0.14834191 0.14147948 0.13629112 0.00045971462 0.04908212 0.068028875 0.13520215 0.009971344 0.11699516 0.002427915 0.053586334 5.3371226e-05 0.09675263 0.061717976 0.0009199626 0.001899582 0.046332184 0.0025221065 1.4964568e-09 0.05769002 0.06541415 0.0017604782 0.047189586 2.4878307e-06 3.726673e-05 5.90893e-05
5.5442865e-07 0.00027876123 0.0032113632 0.0029260435 2.1855942e-06 0.0018008566 0.1548901 0.0048653935 0.0005674391 1.4060983e-05 0.02443167 0.0022001162 0.0042687748 2.7361361e-06 1.1998883e-05 0.0071105235 0.007076601 0.003706958 0.0023435699 8.671266e-08 0.004716083 0.0038606487 1.9151287e-21 7.5489703e-07 0.0053065848 3.4168547e-06 0.021560865 1.6591375e-06 0.0014904069 0.009511126 0.0013622168 0.0039582383 0.00047523036 0.010471882 0.0004158949 0.0055090394 3.338216e-06 2.0043416e-07 0.0228062 0.0066142813 0.0025980072 0.0007790867 0.0050275167 0.014374759 1.0912589e-07 0.0008267615 0.0052608694 6.76768e-05 0.00044144917 5.758859e-07 6.498534e-07 0.0037466933 0.0048679966 0.005872426 0.0012315932 0.00033786584 0.00049115677 0.004513605 0.001437321 5.0136546e-08 2.7910623e-06 4.1844643e-05 0.00055255217 0.0032695136 7.3381416e-06 4.6809932e-06 2.30878e-08 0.0002334118 0.002128464 9.227607e-05 3.446096e-05 0.0027268485 0.020595666 0.00013461757 0.016774325 0.0013694356 0.010022536 0.023570545 0.0011138722 0.00012964863 0.0019732222 0.054794967 2.9841887e-05 0.05185615 6.967748e-05 0.0028400202 0.005177969 0.06689214 0.0019912955 2.2279099e-05 6.3169364e-07 0.00075995346 0.00014796387 6.0698992e-09 0.0021072153 0.06043981 1.8597751e-06 0.023082972 2.1949657e-07 1.9911786e-05 4.425177e-06
0.009160702 0.01442187 0.0021827095 0.0007033248 0.0020336837 0.012577841 3.48181e-05 0.0003560638 0.046746653 0.0010452709 8.387306e-06 0.0019357036 0.00022698665 0.53597325 0.40193525 3.5770634e-05 9.231981e-05 0.0033611832 5.8856578e-05 0.0072978665 0.0013534818 0.0002846331 7.5489703e-07 2.4705871e-25 8.422722e-05 0.65626276 1.6516772e-07 0.44727448 8.201386e-06 1.641767e-06 8.842495e-06 0.00013965837 0.017483799 0.0007296802 5.188349e-06 0.00048484004 0.47918335 0.65236646 1.0316689e-07 0.00465235 1.2476108e-06 3.6581368e-06 0.0033157652 1.7555573e-07 1.8706685e-06 3.962965e-07 1.4670636e-05 0.0532456 0.019381717 0.1592733 0.20547785 0.0037763992 0.00013469282 4.0720926e-05 4.497453e-06 1.0303631e-07 1.7344336e-06 3.4808803e-05 0.0012180267 0.13458595 0.07746321 1.3655797e-07 1.3904207e-05 2.1295597e-10 1.02744096e-07 0.07819844 0.099917725 9.766146e-06 2.8464952e-05 3.9389203e-08 1.5591081e-07 9.2936585e-05 0.00017881257 0.021282297 0.00013581513 0.00011508952 8.0250626e-05 0.00015462164 1.3000928e-08 1.5257368e-06 0.0020760049 0.0007410907 1.2605301e-07 0.0009916592 9.127184e-09 0.007972269 3.3128783e-10 0.0014792746 1.6849204e-05 3.9015022e-09 0.036515303 6.9909074e-06 6.483203e-08 0.029713877 3.7273017e-05 0.0016179248 0.049523547 0.004097607 2.3049379e-05 0.03101447 3.8983541e-10
0.0052293562 0.003360297 0.026371308 0.051872537 5.2950643e-05 0.0035747003 0.021386972 0.06826155 0.0024682952 1.7048453e-05 0.17878604 0.04668952 0.1058401 0.00011723774 3.845564e-05 0.31488565 0.45416227 0.054504488 0.3125349 9.891415e-07 0.07476085 0.1798544 0.0053065848 8.422722e-05 1.912322e-17 0.00049185724 0.00063505664 4.9767055e-05 0.2880027 0.19320942 0.4453715 0.21789193 0.012666374 0.08618326 0.31593364 0.09944543 0.000819786 6.974233e-06 0.073026665 0.0475657 0.26709592 0.24962308 0.04134271 0.08427114 3.0296697e-08 0.26819605 0.17847168 0.0045055114 0.011437437 9.453187e-06 2.2550748e-05 0.035616893 0.10963659 0.1646407 0.1930234 0.045284953 0.17946354 0.07704429 0.02039853 1.6800379e-05 0.0011922744 0.12221703 0.10754691 1.1109118e-05 0.07677456 0.0013586995 4.3248634e-05 0.13894713 0.05950573 0.06799916 0.019239806 0.052062564 0.027661948 0.005164675 0.032674465 0.06345235 0.040549546 0.029573465 0.0052813822 0.07377914 0.010151841 0.01845298 0.054502007 0.01645668 0.032059267 0.00645663 0.0003956006 0.01649046 0.04097925 0.007534256 0.0007185542 0.056140337 0.018903324 2.0607319e-10 0.045158114 0.011450681 0.00073588226 0.0067944084 7.572191e-08 3.037782e-06 0.0023137364
0.06206845 0.024689302 0.011052191 0.005721247 0.0036449442 0.03348581 0.00029356615 0.003947875 0.115160145 0.0027920501 9.547763e-05 0.008495842 0.002921461 0.36840448 0.26129937 0.0002648954 0.0008342978 0.008071972 0.00084288296 0.006139146 0.0051736967 0.0040188557 3.4168547e-06 0.65626276 0.00049185724 7.8848036e-23 1.8515373e-06 0.22620554 0.00013255364 1.9211882e-05 7.710197e-05 0.002186392 0.04724351 0.0038676762 2.8984494e-05 0.0030960431 0.5959177 0.3581131 1.6253921e-06 0.011249372 2.1749434e-05 1.9466192e-05 0.009451976 3.828006e-06 9.404352e-06 4.7291933e-06 0.00015990518 0.17296095 0.054586407 0.10835783 0.15252689 0.009500737 0.0011528911 0.00047891145 6.492866e-05 2.4738245e-06 1.1295538e-05 0.00042982784 0.005433287 0.07986583 0.19179767 1.7292707e-06 9.22144e-05 9.1937e-09 1.0628601e-06 0.18836793 0.14237887 4.476573e-05 0.00021648625 1.0955075e-06 4.7913136e-06 0.00079815876 0.0019206317 0.058653306 0.001299772 0.00062096294 0.0011260298 0.0014652587 6.296367e-07 1.1920877e-05 0.007538971 0.004231753 1.5879776e-06 0.005134235 1.09624494e-07 0.025631169 3.2305454e-08 0.0067047053 0.00017987214 9.887119e-08 0.08360755 3.821472e-05 1.4626457e-06 0.050475843 0.0003591074 0.0072666253 0.09521563 0.01994905 7.7611076e-05 0.028572837 3.901445e-08
3.3348936e-08 0.00016683481 0.00256556 0.0015817839 7.950216e-06 0.0017777319 0.083992355 0.002360073 0.0005099029 0.00013785608 0.0036113625 0.0010980348 0.0012649974 6.149855e-07 8.0127876e-07 0.001275352 0.0015158183 0.0025130946 0.00018322065 3.880072e-08 0.0018891614 0.00086286804 0.021560865 1.6516772e-07 0.00063505664 1.8515373e-06 6.149217e-25 2.0829455e-07 4.0870673e-05 0.00018565729 1.7389428e-05 0.0012448714 0.0010261021 0.008618471 5.691829e-06 0.0025241098 3.3766784e-07 6.513331e-09 0.0028118494 0.009529734 0.00017415608 1.7709419e-05 0.007227586 0.00090127456 1.4145496e-06 3.8919563e-05 0.00015762528 3.942643e-05 0.0022540784 3.7197044e-08 3.2142704e-08 0.0056169834 0.0013921809 0.0005061283 3.500805e-05 2.3946552e-06 1.9360625e-05 0.00084832887 0.0013483182 2.1651936e-09 1.7210624e-06 7.4194566e-07 1.0613007e-05 0.0051792604 5.414657e-08 2.5624079e-06 1.3821049e-09 5.6163126e-06 0.00017721305 1.4673807e-06 7.9781546e-07 0.00021325823 0.0143247135 0.00010893412 0.0070114797 5.1474308e-05 0.0031868236 0.0065151835 7.2029696e-05 8.207826e-06 0.0025404165 0.041298177 1.934383e-07 0.041092545 8.704122e-07 0.007280856 0.000713396 0.050003454 0.0002657329 1.7623712e-07 1.1046149e-06 8.7552966e-05 5.858673e-06 6.680631e-10 0.00026839238 0.07855696 5.7171826e-07 0.026585843 1.7608019e-07 2.4065062e-07 5.8900792e-08
0.0026889157 0.0059519387 0.0007015198 0.00036473086 0.0034982006 0.00446166 2.5306827e-05 0.00029576817 0.010487998 0.0034116178 2.4996814e-06 0.0009810285 0.000107939086 0.38113555 0.5139384 1.3367224e-05 7.270791e-05 0.0021817887 5.8032685e-05 0.016515104 0.0007260166 0.00014714166 1.6591375e-06 0.44727448 4.9767055e-05 0.22620554 2.0829455e-07 7.622088e-25 2.7403941e-05 6.350841e-07 2.7223437e-06 0.00010081563 0.009672317 0.00036649007 2.4831872e-06 0.00029347517 0.273897 0.54007506 1.1588518e-07 0.0030204454 3.7121063e-06 4.461513e-06 0.0017901539 3.183506e-07 3.775477e-07 2.0756631e-06 3.888802e-05 0.020142704 0.0095532155 0.33346847 0.5902242 0.002084952 8.4495216e-05 5.133738e-05 1.4243483e-05 2.3007672e-07 4.962196e-06 2.0425312e-05 0.00045556005 0.3822577 0.04286966 1.13996435e-07 2.0197229e-05 1.0459752e-09 1.4726344e-07 0.04451075 0.18057033 1.7429456e-05 1.6760947e-05 1.15578246e-07 1.0412905e-07 5.1999723e-05 8.542871e-05 0.0074286154 5.3122658e-05 9.73241e-05 2.5620813e-05 2.9715595e-05 4.398004e-09 2.0644895e-06 0.00076825515 9.2070804e-05 8.92195e-08 0.00011881568 6.8826376e-09 0.004047627 1.359294e-10 0.00018449749 1.197169e-05 5.4838306e-10 0.009468441 6.565208e-06 7.91737e-08 0.07725601 2.3262457e-05 0.00012247919 0.017007822 0.0012570278 6.792353e-07 0.09562313 5.1362176e-10
0.045307104 0.003058042 0.019848512 0.04326043 2.9533396e-05 0.0031635177 0.016320426 0.073128484 0.004183216 9.175688e-06 0.07056555 0.07495118 0.13480155 5.2780786e-05 4.103412e-05 0.1315178 0.2991172 0.076045774 0.42276183 2.0672427e-07 0.14878623 0.23185313 0.0014904069 8.201386e-06 0.2880027 0.00013255364 4.0870673e-05 2.7403941e-05 6.7875854e-17 0.071224004 0.18778095 0.29566702 0.030220062 0.11300286 0.1383139 0.16131613 0.00043311474 3.303241e-06 0.013493603 0.058029022 0.32699826 0.19275855 0.06701945 0.032738935 3.178379e-09 0.24482971 0.2998888 0.0052079353 0.014481418 7.5360194e-06 1.8564819e-05 0.041082717 0.1737976 0.22685422 0.18808548 0.013273195 0.1661724 0.16201475 0.043272857 1.1015309e-05 0.00046523943 0.015703928 0.1532448 8.876709e-07 0.020330604 0.00060040347 9.4636465e-07 0.13330418 0.13449617 0.009660619 0.0051110545 0.114261165 0.08182957 0.0049336087 0.09209986 0.12601574 0.11139253 0.08939515 0.0003804537 0.1289192 0.025676403 0.08127111 0.019875875 0.072681844 0.007864982 0.0107411435 1.7955583e-05 0.06534556 0.10292958 0.0028180236 0.00036260518 0.11408332 0.008153333 7.117245e-11 0.093151234 0.04432248 0.0003389851 0.014990282 2.6499353e-07 8.5303045e-06 0.00013111197
0.0013003119 0.0014824804 0.0077065956 0.015427293 1.0942854e-05 0.0018404744 0.04939723 0.01774655 0.0020727841 2.5901238e-06 0.21615702 0.011209282 0.023475181 2.9434627e-06 7.605421e-07 0.17812937 0.14314641 0.018789528 0.07162304 3.352886e-08 0.024151703 0.04058955 0.009511126 1.641767e-06 0.19320942 1.9211882e-05 0.00018565729 6.350841e-07 0.071224004 1.2172057e-19 0.22994995 0.046980362 0.006677098 0.032796178 0.11542279 0.022466073 9.4974705e-05 1.4496082e-07 0.18864712 0.0118796835 0.064765446 0.0834826 0.015083581 0.33713457 1.038072e-07 0.08540685 0.05429764 0.0024659764 0.0044184932 3.735675e-07 7.4151626e-07 0.013833243 0.03266857 0.04702753 0.07503427 0.23358262 0.07695054 0.021311477 0.0052740034 1.382273e-06 2.8606466e-05 0.08991803 0.032897696 1.061528e-06 0.04242169 0.00019453396 3.7698462e-07 0.040721 0.014869677 0.05831897 0.06284209 0.0145266205 0.005979778 0.0029478201 0.0060783844 0.01550175 0.008040445 0.0070143193 0.055339742 0.017240787 0.0022243275 0.0038641922 0.029164812 0.0033419542 0.027268011 0.0021427746 0.011665845 0.002781409 0.008812782 0.0088262735 4.1239587e-06 0.010241268 0.011885769 6.412275e-10 0.010319967 0.0013623895 5.072687e-06 0.0002422564 9.249195e-08 2.40363e-07 0.014573133
0.0059266603 0.0012885991 0.010887249 0.011886419 3.5475834e-06 0.0009524428 0.0063877217 0.015233011 0.00055426056 1.670397e-06 0.11235061 0.010508337 0.036923114 2.2309096e-05 2.2613472e-06 0.255496 0.3446506 0.017695813 0.18209131 7.008223e-08 0.029562812 0.07936568 0.0013622168 8.842495e-06 0.4453715 7.710197e-05 1.7389428e-05 2.7223437e-06 0.18778095 0.22994995 1.1569962e-17 0.107913926 0.0034934895 0.03990474 0.41010404 0.04040081 0.0001479111 6.47825e-07 0.062104918 0.01843629 0.23168126 0.290396 0.013749573 0.11022572 1.276954e-09 0.25270537 0.11856842 0.0011398807 0.0028676607 1.1925011e-06 2.4445117e-06 0.012041992 0.048607666 0.08596468 0.1743029 0.10410737 0.19617867 0.03192777 0.008832327 3.3528638e-06 0.00016991083 0.27738002 0.079370536 1.0744232e-06 0.16200143 0.00031757783 1.6668881e-06 0.1270323 0.022614885 0.12541565 0.04296142 0.02296982 0.012352743 0.0028691655 0.0150037045 0.03170448 0.0177874 0.014873358 0.0115676625 0.090184696 0.005242024 0.008068494 0.088413216 0.006991845 0.062096152 0.0028400975 0.00015343621 0.0066886176 0.045996223 0.018262232 1.8571192e-05 0.07215435 0.033544876 6.246479e-11 0.045826547 0.00401173 3.437847e-05 0.002835195 1.5699023e-08 1.5472466e-07 0.008358293
