2.361e-42 0.2863075 0.010644096 0.043588508 0.009496239 0.09003178 0.016025173 0.02347703 0.13850327 0.22320822 0.18697445 0.050228395 0.53560376 0.018609805 0.09051693 0.033363905 0.0016763922 0.012467379 0.010377065 0.38961345 0.032240782 0.8352101 0.048131593 0.017624572 0.2715861 0.23747168 0.6544313 0.0023690977 0.039995022 0.041723013 0.001221724 0.22536981 0.273054 5.310149e-05 0.0031534587 0.021469472 0.015483746 0.0009865566 0.00062305125 0.0005464416 0.1368234 0.8970206 0.0059381053 0.22869176 0.0016195774 0.00073079753 0.0001779209 0.02951614 0.0013590804 0.028646039 0.00053312024 0.6216867 0.00010161768 0.20209144 0.14142545 0.05128111 0.00014642732 0.3360716 0.00012362713 0.21675254 0.029985491 0.0017078224 0.8973776 7.691686e-06 0.34350646 9.167877e-06 6.988325e-05 0.9549189 0.04819593 0.044080205 0.07333164 0.93675405 0.93779147 0.9654136 0.9969082 0.8241354 0.030759042 0.84168226 6.1950742e-09 1.5694988e-05 1.272154e-07 2.018243e-06 2.1659123e-07 0.99207133 0.74903697 0.9475002 0.016202308 0.0061475392 6.5979905e-10 0.998351 1.5224222e-07 1.9208976e-10 0.065938875 0.26960942 2.3389435e-05 3.950272e-05 0.49087292 0.99849075 4.41507e-07 6.823227e-10 0.9721945
0.2863075 4.9651087e-24 0.6088667 0.14671879 0.55812734 0.72205174 0.13633154 0.14098877 0.08465943 0.7825827 0.07498902 0.16783322 0.13818352 0.19374794 0.39534703 0.06994241 0.2564682 0.067269504 0.10201406 0.499587 0.35825858 0.3643666 0.10489517 0.44310045 0.47191337 0.01756859 0.40813774 0.16986218 0.05376165 0.089438915 0.04025241 0.21144804 0.0049579274 0.055707578 0.039317667 0.021401927 0.0073709465 0.14650683 0.064359486 0.16762511 0.0006887064 0.25502253 0.0036950244 0.015897537 0.020718416 0.01245531 0.009673116 0.0049583623 0.0028810683 0.0049604317 0.009106943 0.00034908947 0.0039154864 0.008676636 0.0009066384 0.007271031 0.02400951 0.00030801722 0.0037153636 0.00030205215 0.01986502 0.00020067889 0.009204405 0.003977086 0.014658584 0.0028694447 0.0012547835 0.2100366 0.000104067956 0.004482839 0.00010602684 0.0009504715 0.30948102 0.037717897 0.042878583 0.00017660181 0.0001775055 0.22257838 0.000429168 0.0002755049 0.00073094293 0.0022551438 1.4299979e-05 0.13675633 0.06378584 3.609126e-05 0.0012057667 2.8793705e-05 2.2721872e-05 0.005858165 3.7856087e-05 3.2243206e-05 0.0034407026 7.993909e-06 8.922447e-05 0.00029627376 4.2221386e-06 0.022339059 0.0003898821 2.1879155e-06 0.038387556
0.010644096 0.6088667 4.3893157e-27 0.11613154 0.57116014 0.6938868 0.10529514 0.12633233 0.057201453 0.3969631 0.047304243 0.20055546 0.08299467 0.18472908 0.12699531 0.06636898 0.29752386 0.116698325 0.14219785 0.19849946 0.1939919 0.12061336 0.07682237 0.41666734 0.15907064 0.018650625 0.13392621 0.19219105 0.018969811 0.022917697 0.06289584 0.047794104 0.00541832 0.11143376 0.05589737 0.015256215 0.00867312 0.21786016 0.14962198 0.14147553 0.0008198638 0.03623305 0.0045210454 0.0046168407 0.007372078 0.0036326335 0.011704811 0.0013454249 0.002773111 0.0017376912 0.0027826931 0.0004257035 0.0026502262 0.0021380808 0.0012990948 0.003024654 0.043761328 0.00037299618 0.0022257525 0.00042220482 0.008224073 0.0001488943 0.0016064773 0.0026225746 0.0035621666 0.0039712097 0.0010471232 0.015570801 0.00016139173 0.0022378769 0.00020580398 0.0002773473 0.018725568 0.0063833157 0.003781342 0.00018088207 0.00015988 0.0159882 0.0003380787 0.00014287732 0.00022100314 0.0010924238 3.0137295e-05 0.006930256 0.0019650825 3.2206637e-05 0.00030648944 1.2705148e-05 1.3896148e-05 0.00087859744 1.7860984e-05 5.042405e-05 0.00038285376 3.3901564e-05 6.196682e-05 5.8183246e-05 7.9797224e-05 0.001545049 0.00038897648 8.8370024e-07 0.0042146863
0.043588508 0.14671879 0.11613154 1.4713714e-25 0.15299377 0.25711837 0.64904 0.682103 0.4812407 0.048218142 0.45317078 0.6481777 0.509732 0.46663052 0.0095099285 0.266126 0.20893775 0.20790197 0.2589055 0.016611768 0.0097417515 0.34332067 0.18552722 0.048832368 0.05524443 0.10960158 0.03768979 0.011899622 0.0021735718 0.003111279 0.11658887 0.020825803 0.050507996 0.10555111 0.11585341 0.06637032 0.029324472 0.04068869 0.046886537 0.026175415 0.030261751 0.15819006 0.022248557 0.0007204975 0.00036994193 0.00037099072 0.025647521 1.1972488e-05 0.016290585 1.6324191e-05 0.00031491416 0.0033581553 0.011877507 0.00037727813 0.0072090686 0.0007825172 0.01322039 0.0020427397 0.009837029 0.0023236675 0.0004161998 0.0009630777 0.014688809 0.008138034 0.00071277 0.03651849 0.0017887092 0.031653482 0.00078072114 0.00011180344 0.00068663637 0.0042432407 0.0198737 0.038227487 0.047312133 0.0020668053 0.00060121395 0.0048975307 0.00030436952 6.0290513e-06 1.2209359e-05 0.0019645973 0.00044278172 0.004668235 0.0002845441 0.0028778992 3.3502427e-06 0.00010519521 1.3408975e-05 0.01371725 6.727054e-06 0.0001949299 1.1633453e-05 0.00012278702 2.3633938e-06 1.5720221e-06 4.1700434e-05 0.0024688237 0.00093062303 3.6279336e-05 0.0007983936
0.009496239 0.55812734 0.57116014 0.15299377 4.448142e-27 0.6214556 0.111255996 0.15755908 0.0752873 0.32621214 0.061671466 0.28846672 0.11855094 0.23585077 0.08966391 0.103227094 0.3676424 0.18372495 0.20260417 0.15133771 0.14603633 0.15282078 0.13081254 0.34837162 0.13873124 0.031362608 0.13012952 0.15582733 0.012932041 0.016230263 0.09875457 0.050267633 0.010221012 0.14466237 0.09019158 0.028950753 0.015712723 0.22601663 0.16824666 0.13570446 0.0017939692 0.059097845 0.009588279 0.005295115 0.0048484313 0.002008201 0.021149693 0.0013266912 0.0060487734 0.0014269003 0.0017621546 0.00097133644 0.004740116 0.0024300253 0.0029792308 0.00341283 0.038090795 0.00068143266 0.0038067894 0.00065979385 0.005794537 0.0004743078 0.0026066673 0.0041263495 0.003536563 0.006011194 0.0013987444 0.016456516 0.00039532923 0.0014974143 0.00049234205 0.0006405204 0.015387679 0.009333878 0.0068205977 0.0003844882 0.0003672262 0.0111550605 0.00054388604 0.00012406473 0.0002484573 0.000957585 5.8330363e-05 0.0048537306 0.00092612096 8.1382655e-05 0.00021598596 5.2497704e-05 3.315754e-05 0.0015032772 2.082598e-05 0.00014597877 0.00035723177 0.00011197064 5.3908603e-05 3.692523e-05 0.00016208444 0.0017983132 0.00030920215 3.2128546e-06 0.0037710422
0.09003178 0.72205174 0.6938868 0.25711837 0.6214556 2.4689747e-26 0.117797054 0.18128844 0.08851946 0.6529566 0.07277798 0.2785628 0.12487231 0.25183022 0.2915197 0.04998316 0.39726043 0.11996804 0.20013142 0.3348964 0.4614693 0.18822303 0.14744247 0.5721167 0.25217175 0.014642718 0.29586983 0.3003064 0.037073202 0.030814845 0.08387228 0.086244985 0.003208233 0.10805692 0.06822701 0.040632423 0.0046933885 0.24957225 0.13080336 0.2579232 0.0017034436 0.046544146 0.0050777257 0.0061296867 0.01632891 0.00909983 0.018530332 0.0017468089 0.004327067 0.0017684174 0.005673625 0.00048128932 0.0056365854 0.0046348358 0.0018441218 0.004427079 0.09384658 0.0005995486 0.004629859 0.0007480266 0.009446308 0.0002310461 0.001997397 0.007947215 0.0046876767 0.013613676 0.001700453 0.021520888 0.0002646795 0.0029652764 0.00027344906 0.0006334253 0.021474944 0.018180404 0.0061884355 0.00026399732 0.00021929396 0.018545484 0.003580637 0.000100193 0.0022214327 0.0013578848 6.3453204e-05 0.011265943 0.005600866 0.00059754966 0.00061308703 6.216191e-05 0.00049250666 0.0026238493 0.00010737963 0.0007532388 0.0019257092 8.946314e-05 0.000118852055 5.6199966e-05 4.178204e-05 0.0023361626 0.00076150126 2.552804e-05 0.0061403266
0.016025173 0.13633154 0.10529514 0.64904 0.111255996 0.117797054 1.133121e-25 0.5200879 0.43777442 0.044996083 0.410115 0.42874435 0.48570952 0.28719738 0.009897422 0.28788278 0.0949581 0.12285242 0.12203354 0.020408856 0.012068896 0.37277293 0.13618337 0.051182505 0.08605351 0.0916324 0.040577214 0.012983713 0.002401251 0.0038701224 0.06727281 0.029704297 0.050667796 0.041103497 0.09001389 0.046981156 0.03785679 0.027577763 0.030523077 0.014379256 0.021394648 0.19013537 0.02258545 0.00063648116 0.000532628 0.00019638328 0.019499853 2.9720213e-05 0.01734984 4.648897e-05 0.00022486248 0.0040445747 0.005649173 0.0004447755 0.0075242715 0.000874232 0.0038595297 0.0010574088 0.006327823 0.0011247988 0.00040872468 0.0014149018 0.019513773 0.004076178 0.00069993536 0.0068591805 0.0012411729 0.059747074 0.00093058764 0.00010238098 0.000844818 0.0054084077 0.040763404 0.051557228 0.065148436 0.00091545575 0.0005161295 0.0052443314 2.671547e-05 1.2941595e-05 5.5347955e-06 0.0011146924 3.596832e-05 0.0043064845 0.0010034802 0.0025098957 1.1315689e-05 8.6213025e-05 1.1530835e-06 0.010778951 3.4117733e-07 1.2213296e-05 1.871876e-05 0.00015085198 2.2299046e-06 3.2803994e-06 3.4514178e-05 0.0027297249 0.00023768791 3.1328996e-06 0.0012958274
0.02347703 0.14098877 0.12633233 0.682103 0.15755908 0.18128844 0.5200879 2.2258507e-25 0.3235809 0.04708926 0.2806218 0.47408816 0.35187557 0.3701095 0.010100956 0.23173736 0.1763474 0.17831631 0.19098052 0.018885441 0.011104944 0.2304653 0.19195804 0.054639634 0.09164438 0.09004363 0.034560252 0.015622026 0.0028813237 0.004301545 0.09714029 0.041760013 0.04228628 0.07208191 0.1090168 0.054457802 0.03591523 0.04582728 0.044955593 0.025647141 0.02214979 0.141233 0.024864241 0.0008180623 0.0009123517 0.0003562951 0.027926087 2.6614845e-05 0.01895731 4.2079548e-05 0.00036607648 0.003484768 0.009286686 0.0003922399 0.0064366576 0.0010049858 0.00830071 0.0014723893 0.010167105 0.0017917089 0.0005972041 0.001465643 0.010849784 0.00919749 0.0006713739 0.012313296 0.002194967 0.027586346 0.0011190074 0.00022883133 0.0009726137 0.0038149885 0.019836335 0.030712321 0.039027564 0.0010391677 0.00061031233 0.004196029 0.0001307788 1.434474e-05 1.32028745e-05 0.0030804474 0.00030168224 0.002351732 0.0002089347 0.002104085 1.1300903e-05 0.0001257246 5.844198e-06 0.008052623 1.7455332e-06 0.000114508715 2.6677333e-05 0.00024054133 3.0763088e-06 3.6457939e-06 4.3372173e-05 0.0015735275 0.0010633676 2.3386288e-05 0.0007189953
0.13850327 0.08465943 0.057201453 0.4812407 0.0752873 0.08851946 0.43777442 0.3235809 5.010646e-22 0.028661923 0.77554154 0.27217132 0.51431054 0.18334526 0.005011378 0.11640022 0.0806566 0.07401724 0.11720659 0.01108529 0.0045543164 0.720616 0.06658738 0.02435413 0.046648145 0.05505879 0.024901211 0.0048281704 0.0012951306 0.0038768142 0.05236498 0.010192774 0.027309228 0.048381567 0.062227245 0.034911476 0.027155656 0.024551796 0.02671841 0.014562337 0.008719951 0.21453539 0.013439227 0.00040074257 0.00077541935 0.00039074573 0.011944037 1.413609e-05 0.012458149 1.5393505e-05 0.0003386142 0.0021066498 0.0051617282 0.00027092517 0.005174506 0.00042235322 0.004951622 0.00081757916 0.00665145 0.00085024716 0.0003309074 0.0009197455 0.016164573 0.0050521763 0.0007551535 0.0110632805 0.0019338805 0.10616476 0.00045340048 3.3092274e-05 0.0003718825 0.0031591149 0.09230768 0.0878374 0.11302926 0.00065621384 0.00040536514 0.0118243825 0.0006462121 3.062249e-05 3.237814e-05 0.0017103766 0.00024460693 0.010251025 0.0002775434 0.0009909468 4.405521e-06 4.529985e-05 2.1698448e-05 0.02859517 1.1700077e-05 7.073749e-05 9.666148e-06 5.049936e-05 1.7035336e-05 6.8023983e-06 1.2855758e-05 0.008565779 0.00075507245 3.0510027e-05 0.0007882511
0.22320822 0.7825827 0.3969631 0.048218142 0.32621214 0.6529566 0.044996083 0.04708926 0.028661923 2.1158542e-22 0.025637684 0.06923115 0.031448822 0.06933278 0.6889022 0.01070654 0.10094447 0.015524777 0.037487652 0.71792036 0.5720594 0.1498392 0.03323304 0.47122067 0.38840395 0.0017654734 0.4022078 0.25650054 0.28871202 0.3083292 0.010308936 0.33448896 0.00077656424 0.023089593 0.012903534 0.013604778 0.001957592 0.11472882 0.033667464 0.1606889 0.0004211703 0.074358426 0.002110881 0.02979582 0.080512956 0.07028875 0.0042894254 0.013558595 0.0020325088 0.012440506 0.053212542 0.0001830598 0.002672239 0.016036822 0.0009029823 0.014954921 0.02486351 0.00019258376 0.0029702291 0.00022128785 0.045198046 0.00021604446 0.0016343914 0.0020512678 0.020838153 0.00035776518 0.00058169634 0.089623965 7.219027e-05 0.014206612 7.163518e-05 0.0005740879 0.19547501 0.022912415 0.006320224 8.9061e-05 0.00011443208 0.23069258 0.00037363468 0.0020633175 0.0024920243 0.0010014129 1.8411072e-05 0.16351557 0.13943096 3.1707623e-05 0.0060408935 2.512584e-05 4.6913767e-05 0.0011468981 0.00028587252 7.316944e-05 0.010158242 3.022592e-05 0.0008722392 0.0033574302 6.542451e-06 0.02057099 0.00026387224 5.942019e-06 0.056046586
0.18697445 0.07498902 0.047304243 0.45317078 0.061671466 0.07277798 0.410115 0.2806218 0.77554154 0.025637684 1.5974969e-21 0.25483158 0.59290177 0.16757445 0.0036490953 0.13896757 0.06647411 0.06889111 0.10779963 0.00794759 0.0034755447 0.745852 0.069411755 0.018895995 0.03970256 0.067596324 0.017639436 0.0035628073 0.0009564802 0.0026628545 0.049037732 0.0066378927 0.033850927 0.042957045 0.062019896 0.03846963 0.0315055 0.017672306 0.022371188 0.009397311 0.010235019 0.26035696 0.014885994 0.00028046413 0.00047333963 0.00022261206 0.011136666 7.635133e-06 0.012210325 7.4068125e-06 0.00020127595 0.0032857442 0.0051208856 0.00023641107 0.0056421733 0.00033560902 0.0021637285 0.0010047811 0.0066850022 0.00094012864 0.00019972863 0.0010032438 0.02502927 0.0045804405 0.00070059084 0.008592157 0.0017623337 0.11446669 0.00043491067 2.9043764e-05 0.0003883899 0.0041299304 0.08690079 0.10684139 0.15307839 0.00070483825 0.00034527475 0.011386177 0.00027058303 1.6811277e-05 1.6754953e-05 0.001437739 0.0001611833 0.009672294 0.00022081943 0.0012691313 3.4432496e-06 5.3899406e-05 7.524207e-06 0.03685172 8.360624e-06 4.170103e-05 8.34077e-06 3.9184877e-05 1.35429e-05 5.130461e-06 9.896431e-06 0.007314687 0.00055142003 1.4899607e-05 0.0007218848
0.050228395 0.16783322 0.20055546 0.6481777 0.28846672 0.2785628 0.42874435 0.47408816 0.27217132 0.06923115 0.25483158 1.6339436e-24 0.400268 0.69968826 0.009632243 0.35338518 0.42074367 0.45970896 0.5267242 0.020778986 0.01544669 0.21515119 0.3640767 0.066114545 0.045524485 0.18898323 0.035771515 0.027910655 0.004486292 0.0050946395 0.28832608 0.026970772 0.07725448 0.2667377 0.26912645 0.14945605 0.07334181 0.07098511 0.09644542 0.041266683 0.055574592 0.1852419 0.0570347 0.0012825707 0.0019882887 0.0014549039 0.06450197 4.5570145e-05 0.040571537 6.206831e-05 0.0011649242 0.0061262646 0.026468292 0.00054385955 0.009756219 0.002271037 0.018182797 0.0046441182 0.02442898 0.005532389 0.0010702644 0.006440348 0.015227042 0.024317866 0.0009668928 0.0668461 0.0066978093 0.020524587 0.0036904728 0.00037440073 0.0035748722 0.0049595283 0.0070268386 0.023134073 0.027507022 0.003130684 0.0028923666 0.0023381775 0.0019178065 1.9637717e-05 0.00011051607 0.0053158794 0.0012061639 0.0016415151 9.109175e-05 0.0039794818 3.5227516e-05 0.0009782352 0.00016601665 0.009011835 2.0186715e-05 0.0015408442 0.00020081214 0.0008986967 7.083838e-06 6.74353e-06 0.0006597265 0.0013223857 0.0036422042 0.00022329755 0.00037111298
0.53560376 0.13818352 0.08299467 0.509732 0.11855094 0.12487231 0.48570952 0.35187557 0.51431054 0.031448822 0.59290177 0.400268 1.4623773e-20 0.33581293 0.004135846 0.539775 0.11733921 0.23101506 0.20874009 0.008653792 0.0043902816 0.4931415 0.32269356 0.023072144 0.02761493 0.31390706 0.014294337 0.0044217794 0.0012860675 0.0026352631 0.11266817 0.005341347 0.12825234 0.06558895 0.16432852 0.1067216 0.08015407 0.021126978 0.023169996 0.010654994 0.049446385 0.62539935 0.046814855 0.0004277291 0.00047053208 0.0002215216 0.034783836 4.1223193e-06 0.032271523 5.493378e-06 0.00023105866 0.013791486 0.0162518 0.0002981519 0.018893616 0.00047047244 0.0011693056 0.0063176 0.017242359 0.0053900415 0.00016995733 0.004942634 0.12999353 0.013325317 0.001019412 0.009188201 0.005542994 0.16141699 0.003105524 3.723426e-05 0.0029337623 0.029814819 0.0628781 0.18501647 0.3787635 0.003497118 0.0028236422 0.006468993 9.389346e-05 7.5621388e-06 1.0837667e-05 0.005319199 0.00071062864 0.0061520496 0.0005134504 0.0066088773 4.790254e-06 0.0007718886 5.984415e-06 0.08732356 7.5980524e-06 3.706353e-05 1.6375303e-05 0.0003840582 1.079834e-05 8.904787e-06 0.00016034635 0.00489126 0.0014728219 2.9063796e-05 0.0008886345
0.018609805 0.19374794 0.18472908 0.46663052 0.23585077 0.25183022 0.28719738 0.3701095 0.18334526 0.06933278 0.16757445 0.69968826 0.33581293 1.4158795e-24 0.007922855 0.324226 0.3513972 0.46373665 0.47471783 0.024051355 0.015594117 0.19907865 0.43455476 0.07023349 0.06760809 0.24858081 0.05025475 0.0257151 0.0035023214 0.0040811473 0.2738874 0.035811417 0.10871743 0.18922646 0.2675441 0.17138267 0.08179444 0.07433815 0.08988469 0.033220608 0.06948741 0.19298385 0.05471314 0.0012246764 0.001549475 0.00094324443 0.056294244 8.403514e-05 0.034648895 9.0630165e-05 0.0008161178 0.007354908 0.022104092 0.00036260067 0.011616315 0.0014860759 0.013450216 0.0047790706 0.021005493 0.005466864 0.0011849918 0.010156673 0.017683592 0.018786808 0.000562033 0.029710907 0.0072403904 0.021619588 0.004432615 0.00030960224 0.0044123684 0.0066690855 0.0056469482 0.01619894 0.030287014 0.0024762051 0.0029092692 0.0022693973 0.0007563059 2.7044927e-05 6.521779e-05 0.0060961484 0.0017154544 0.0011269731 2.3848726e-05 0.0045275153 3.1714153e-05 0.001107438 4.346903e-05 0.0070225145 1.3448483e-05 0.00073249167 0.00011491918 0.0007372187 8.270899e-06 2.2286747e-05 0.0005919396 0.0010319029 0.0023202559 0.00027006795 0.00029427107
0.09051693 0.39534703 0.12699531 0.0095099285 0.08966391 0.2915197 0.009897422 0.010100956 0.005011378 0.6889022 0.0036490953 0.009632243 0.004135846 0.007922855 2.1372037e-23 0.002760863 0.030797968 0.0020466074 0.0033161128 0.5600494 0.6099372 0.013538503 0.0059940033 0.31046358 0.24041468 0.00032772037 0.16153505 0.24786925 0.46584928 0.46172825 0.002143121 0.21515559 0.00013785767 0.0057432177 0.0018121065 0.002319451 0.0006935449 0.044205833 0.009922032 0.11462484 7.9220204e-05 0.0072723343 0.0008725187 0.020706762 0.14260888 0.13148837 0.0017118958 0.012852307 0.0010705503 0.012679652 0.09992835 5.0253573e-05 0.0012321288 0.015915195 0.000564614 0.012976416 0.010243475 5.873154e-05 0.0012870596 9.4053794e-05 0.059750848 6.988425e-05 0.0003937867 0.001065096 0.012295271 5.9217644e-05 0.00023594686 0.015284423 4.5669996e-05 0.016954139 3.7133264e-05 7.792427e-05 0.044672824 0.0052660974 0.00070412067 1.8718278e-05 3.586255e-05 0.087798126 8.533588e-05 0.004745759 0.0015834388 0.00039464576 3.3674603e-06 0.069181696 0.06412964 9.699595e-06 0.010825294 8.330134e-06 1.1790797e-05 0.00023575412 0.00022127162 5.6218273e-06 0.00853319 9.12135e-06 0.0018147291 0.0035082784 1.1715603e-06 0.0071358043 0.00018318972 7.4111404e-07 0.026198585
0.033363905 0.06994241 0.06636898 0.266126 0.103227094 0.04998316 0.28788278 0.23173736 0.11640022 0.01070654 0.13896757 0.35338518 0.539775 0.324226 0.002760863 6.2087136e-24 0.13012274 0.29239637 0.23058066 0.0038282147 0.0036753858 0.19892435 0.4028628 0.014463889 0.021681521 0.40763846 0.013661296 0.00603118 0.0021689325 0.002005644 0.16202937 0.0059274537 0.2552949 0.08932412 0.2618095 0.21407403 0.20762764 0.019414736 0.020257697 0.006414894 0.15271367 0.30264655 0.11792043 0.0011368069 0.00029913874 7.095336e-05 0.06270494 3.7080394e-05 0.086332045 3.9987655e-05 6.3443826e-05 0.028673261 0.030026784 0.00061727833 0.050398003 0.0013853764 0.0004489489 0.013736743 0.030884726 0.01311123 0.00014374834 0.013965779 0.121030934 0.023005527 0.0011785362 0.0016021162 0.0081972815 0.0756612 0.0062817596 4.140347e-05 0.0055466956 0.026585946 0.015000665 0.08226495 0.15470602 0.007025603 0.0049084444 0.0007030277 3.5543988e-05 7.928955e-06 4.5956317e-06 0.005420866 0.00039687348 0.0029671858 0.00012274638 0.014394755 2.1123844e-05 0.0016563843 1.3522063e-06 0.030747011 5.026086e-07 3.5172627e-05 5.1017214e-05 0.0017634265 1.9981112e-06 4.5509405e-06 0.00093375234 0.0014905591 0.00090097374 1.1018072e-05 0.00010390067
0.0016763922 0.2564682 0.29752386 0.20893775 0.3676424 0.39726043 0.0949581 0.1763474 0.0806566 0.10094447 0.06647411 0.42074367 0.11733921 0.3513972 0.030797968 0.13012274 2.910831e-24 0.29098424 0.3958385 0.03561905 0.04850562 0.094395004 0.24838112 0.24419849 0.040280115 0.07999902 0.048502624 0.0655494 0.0058816513 0.007822934 0.33926278 0.016022453 0.03205107 0.4510806 0.25630805 0.11920993 0.04990667 0.36555836 0.38927373 0.19530052 0.009574804 0.030090908 0.03250646 0.00039270494 0.0028082037 0.0012873941 0.07362354 0.00021249714 0.018298477 0.00019110803 0.0011595165 0.001061474 0.024261475 0.00031572217 0.006731967 0.00079231727 0.10835714 0.0012921599 0.015589301 0.0015569977 0.0026820637 0.003998398 0.0029609795 0.0283122 0.0007248322 0.05876261 0.00759906 0.007288964 0.0014701625 0.00061461143 0.0017552804 0.0014640379 0.003353849 0.017354216 0.0049137934 0.0011155789 0.0014178747 0.0038789741 0.008888367 0.0002519623 0.000615442 0.004315838 0.0017195608 0.0022079817 2.4778894e-05 0.0024184508 0.0002900876 0.0010896871 0.0010913085 0.006506302 7.860872e-05 0.0034357826 0.00018064865 0.00067599624 8.095721e-05 3.0762694e-05 0.0010776197 0.0018183048 0.0020637435 0.00030437706 0.0009969409
0.012467379 0.067269504 0.116698325 0.20790197 0.18372495 0.11996804 0.12285242 0.17831631 0.07401724 0.015524777 0.06889111 0.45970896 0.23101506 0.46373665 0.0020466074 0.29239637 0.29098424 3.2527856e-23 0.48533452 0.006070407 0.0036625913 0.13819964 0.46212927 0.03494209 0.018544838 0.26433897 0.012329841 0.0072011226 0.0008409656 0.0013531843 0.35437363 0.009743838 0.1623305 0.23061126 0.39705268 0.2942362 0.19957338 0.06706611 0.07295124 0.018214514 0.11304171 0.17132261 0.11496685 0.0012607316 0.0006696618 0.00023648796 0.101437666 8.942313e-05 0.06433267 6.722773e-05 0.00011246004 0.018610695 0.038878042 0.0005127426 0.021962145 0.0017149146 0.009356471 0.012674687 0.03591746 0.010574985 0.0002816427 0.02154902 0.027492775 0.039479055 0.0010218595 0.016275164 0.013758591 0.02148051 0.0056859236 0.0001087896 0.005909026 0.014437827 0.0046004956 0.01955934 0.04022756 0.0059028957 0.004525626 0.0013892774 0.00071580644 7.3104607e-06 2.8669745e-05 0.007812984 0.0040215435 0.0012895409 4.839196e-06 0.008569529 1.9199355e-05 0.0019024011 3.301366e-05 0.010163576 5.0336143e-06 0.00053605495 7.8309575e-05 0.001979711 4.8326524e-06 9.821036e-06 0.0012138209 0.0011293492 0.004171348 0.00024730252 0.0001750788
0.010377065 0.10201406 0.14219785 0.2589055 0.20260417 0.20013142 0.12203354 0.19098052 0.11720659 0.037487652 0.10779963 0.5267242 0.20874009 0.47471783 0.0033161128 0.23058066 0.3958385 0.48533452 1.6485078e-22 0.011262924 0.0067308056 0.16655889 0.42541584 0.06422616 0.022401027 0.23221467 0.023494393 0.013396423 0.00096541765 0.0011359378 0.46977627 0.008280362 0.11915307 0.36199155 0.41445723 0.2576919 0.12521553 0.11382856 0.15604763 0.026833436 0.07561191 0.13764952 0.07153468 0.0010845873 0.000659076 0.0002898053 0.12530154 8.291879e-05 0.042170707 9.166551e-05 0.00014087485 0.009473996 0.037123125 0.00063894544 0.015200904 0.0017751583 0.01569874 0.0061749206 0.028538521 0.006372826 0.0005612633 0.013595965 0.019535692 0.03983466 0.0009021689 0.03630496 0.012554951 0.02779249 0.005052272 0.00015460467 0.0052147196 0.010201234 0.005494065 0.025115104 0.03857815 0.00438103 0.0044256267 0.0025503912 0.0010116886 2.3420216e-05 3.089756e-05 0.0071355966 0.0068346127 0.0023048194 3.5336516e-06 0.008041914 3.067153e-05 0.0022344755 7.054375e-05 0.012549546 9.981376e-06 0.00073968316 8.516247e-05 0.0017404038 9.099048e-06 1.6976042e-05 0.0016303516 0.0021435176 0.003862597 0.00039602016 0.0003120159
0.38961345 0.499587 0.19849946 0.016611768 0.15133771 0.3348964 0.020408856 0.018885441 0.01108529 0.71792036 0.00794759 0.020778986 0.008653792 0.024051355 0.5600494 0.0038282147 0.03561905 0.006070407 0.011262924 1.4552765e-20 0.37013093 0.034555584 0.014885057 0.22149368 0.38705584 0.0005894474 0.55917275 0.1708913 0.46443295 0.4802325 0.0048594507 0.5119539 0.00020517861 0.0056328666 0.0059910286 0.0066656773 0.001752834 0.03971326 0.0054238364 0.10048053 7.236197e-05 0.017246133 0.0013721252 0.19112705 0.09479005 0.096656986 0.0024015042 0.048144754 0.002252745 0.0374045 0.072136335 3.3457298e-05 0.0018635178 0.1130389 0.00022600644 0.07313158 0.0029559347 3.2096254e-05 0.002296296 4.4388053e-05 0.18203247 0.0001399776 0.00046170145 0.0012062307 0.07933007 3.6343263e-05 0.0008076419 0.13403948 2.8071952e-05 0.044686 2.3235274e-05 8.2715895e-05 0.26237056 0.023750698 0.004189314 2.1975713e-05 6.247922e-05 0.34683433 0.0003104313 0.003910702 0.0014452649 0.0011243746 2.1329463e-06 0.5502062 0.28052753 1.2941916e-05 0.021899503 1.3993148e-05 6.0412447e-05 0.0013682287 0.00069580035 4.9325685e-05 0.035884064 6.2229974e-06 0.0013362203 0.004669385 1.4874057e-06 0.06260254 0.00018075739 8.3321873e-07 0.13491505
0.032240782 0.35825858 0.1939919 0.0097417515 0.14603633 0.4614693 0.012068896 0.011104944 0.0045543164 0.5720594 0.0034755447 0.01544669 0.0043902816 0.015594117 0.6099372 0.0036753858 0.04850562 0.0036625913 0.0067308056 0.37013093 5.514653e-23 0.0047786604 0.006274952 0.6297803 0.07384375 0.0006057733 0.08153663 0.59159905 0.46083385 0.40866265 0.0039107767 0.05784502 0.00024745348 0.006989388 0.00495029 0.0037012864 0.0011810807 0.08826658 0.025877533 0.24844173 0.00013486955 0.0023599525 0.001240667 0.0041681924 0.36022416 0.28941727 0.0027721869 0.0050687296 0.0011603974 0.0049690777 0.2347316 4.8627044e-05 0.0018755748 0.004280486 0.0009338205 0.0036817952 0.034748234 3.8337184e-05 0.0018541854 6.176145e-05 0.042299114 0.00010085622 0.00045595056 0.0017389545 0.0033720448 0.0002583392 0.0003696163 0.0023645977 8.5301464e-05 0.015012071 5.648222e-05 9.348407e-05 0.007822516 0.0029635883 0.00026869174 2.1479653e-05 5.961377e-05 0.021284712 0.00041282325 0.0083498685 0.004838613 0.0003913368 8.599078e-06 0.016159726 0.021473072 5.153236e-05 0.012208975 1.4145111e-05 7.460282e-05 0.00024480768 0.0003273115 2.4291865e-05 0.007941741 4.9524264e-05 0.001935699 0.004177789 8.691833e-06 0.0042516473 0.00054382667 2.4338206e-06 0.012242876
0.8352101 0.3643666 0.12061336 0.34332067 0.15282078 0.18822303 0.37277293 0.2304653 0.720616 0.1498392 0.745852 0.21515119 0.4931415 0.19907865 0.013538503 0.19892435 0.094395004 0.13819964 0.16655889 0.034555584 0.0047786604 2.61436e-19 0.21416548 0.018183403 0.06630841 0.21071349 0.07126751 0.0035711038 0.0018109231 0.005993188 0.06684318 0.013839392 0.10216447 0.03188395 0.07846854 0.07114235 0.052881684 0.012308288 0.013760992 0.0044343276 0.02426698 0.6878942 0.017760374 0.0011324045 0.00059535255 0.0003282797 0.012528087 0.00010337939 0.017482966 8.101846e-05 0.00020618136 0.006716221 0.0042979037 0.00065917906 0.0065401495 0.0007485929 0.00016623258 0.0024542469 0.0067127184 0.0024673655 0.0007490178 0.002633992 0.044823766 0.0040802136 0.0005963362 0.0010260337 0.003172798 0.41625568 0.0011703253 0.00010221787 0.0009080406 0.0065324423 0.2620219 0.2817933 0.3455722 0.0010231204 0.0012133863 0.027777677 0.00016567865 3.7426646e-05 2.6182388e-05 0.002061557 3.965381e-05 0.045366965 7.97636e-05 0.0015858 1.0414853e-05 0.0003994567 1.0132673e-05 0.11466182 7.081683e-06 3.0115345e-05 3.3657154e-05 0.00010482047 8.795707e-06 4.128091e-06 3.423971e-05 0.046675723 0.0007632462 3.6961537e-06 0.00086240895
0.048131593 0.10489517 0.07682237 0.18552722 0.13081254 0.14744247 0.13618337 0.19195804 0.06658738 0.03323304 0.069411755 0.3640767 0.32269356 0.43455476 0.0059940033 0.4028628 0.24838112 0.46212927 0.42541584 0.014885057 0.006274952 0.21416548 8.8865306e-21 0.031561103 0.034410674 0.4068478 0.024718279 0.007715012 0.0024076486 0.004132229 0.35214108 0.023135267 0.30133694 0.1801821 0.46069527 0.4088657 0.33739445 0.059845738 0.04224329 0.017838523 0.33930877 0.28443328 0.25295556 0.0013221832 0.00076473807 0.00034240363 0.11817419 0.0001006028 0.12276601 0.000117621305 0.00012307402 0.053393137 0.059791338 0.0011467391 0.09781623 0.0021305892 0.0051635085 0.04058807 0.06277439 0.040242676 0.0003834258 0.039563987 0.118865326 0.058280587 0.001769221 0.0052156695 0.02312583 0.03885197 0.017803073 0.00014043046 0.017054485 0.048117567 0.00796424 0.04968874 0.14033952 0.02384671 0.014980593 0.0022515454 0.00056379917 1.2360432e-05 7.716788e-05 0.018942026 0.0072093615 0.0017725142 1.0227524e-05 0.03297807 4.336514e-05 0.0077174585 4.627806e-05 0.031120956 1.2197987e-05 0.0005292116 0.00010027942 0.0067845243 5.3542244e-06 1.4735952e-05 0.0072236275 0.0013256359 0.0050833127 0.0003381766 0.00020026803
0.017624572 0.44310045 0.41666734 0.048832368 0.34837162 0.5721167 0.051182505 0.054639634 0.02435413 0.47122067 0.018895995 0.066114545 0.023072144 0.07023349 0.31046358 0.014463889 0.24419849 0.03494209 0.06422616 0.22149368 0.6297803 0.018183403 0.031561103 3.138309e-23 0.06464849 0.004006543 0.076188795 0.59465176 0.09287134 0.07105375 0.03472601 0.039709568 0.0009767615 0.08372558 0.04544493 0.02071652 0.008283119 0.39393598 0.20584883 0.4839473 0.00056207745 0.0053130416 0.013286804 0.0033097132 0.11703841 0.06134134 0.018004607 0.0030856794 0.013521949 0.003456176 0.047081582 0.00034903808 0.010578546 0.0025795675 0.005162282 0.0035583398 0.15038335 0.0004908955 0.012607912 0.0006355095 0.019816738 0.0021216555 0.0009953212 0.012051022 0.0051122587 0.005528855 0.005578549 0.0079261875 0.00022074595 0.005737587 0.00018983758 0.0006190005 0.0103020165 0.019238994 0.0013457657 0.00021820789 0.00025166885 0.021330668 0.005404982 0.0038711892 0.011617367 0.0036145966 0.0002462794 0.01209797 0.012206367 0.0004920961 0.0033405395 0.0001141892 0.00178148 0.0016691248 0.0013308928 0.001080615 0.005239155 0.00034128202 0.0009998301 0.0009167798 0.00018112408 0.004379148 0.0024785975 6.8267924e-05 0.01732627
0.2715861 0.47191337 0.15907064 0.05524443 0.13873124 0.25217175 0.08605351 0.09164438 0.046648145 0.38840395 0.03970256 0.045524485 0.02761493 0.06760809 0.24041468 0.021681521 0.040280115 0.018544838 0.022401027 0.38705584 0.07384375 0.06630841 0.034410674 0.06464849 1.1284007e-20 0.007243164 0.7602554 0.043487873 0.10865368 0.10371233 0.01115189 0.6866632 0.0027040946 0.010329253 0.013473132 0.0147494795 0.0049445457 0.020042444 0.0027343393 0.02889892 0.0005178324 0.03730743 0.003170472 0.22396488 0.010143025 0.008581584 0.0042877896 0.039970357 0.0033709968 0.042393 0.006001161 0.00019245798 0.0018675581 0.076483764 0.0006804553 0.062210992 0.0011989063 0.000112422604 0.0022151326 0.00015749184 0.073933676 0.00035218848 0.0018358693 0.0015397558 0.050105575 4.1311258e-05 0.0013306839 0.14767224 0.00013586087 0.016022414 0.00010192166 0.00028247925 0.3509843 0.033847302 0.0067804586 5.1516196e-05 0.00017620745 0.3175041 0.00012610767 0.0011466275 0.0006151773 0.0007924857 8.215915e-06 0.38111836 0.07128835 3.0667466e-05 0.00386963 1.33118465e-05 3.4081182e-05 0.0027886624 9.065722e-05 2.8262148e-06 0.0073501435 2.9552724e-05 0.00029678058 0.0008380417 1.3041429e-05 0.049248237 0.00035526126 1.5951562e-07 0.026536828
0.23747168 0.01756859 0.018650625 0.10960158 0.031362608 0.014642718 0.0916324 0.09004363 0.05505879 0.0017654734 0.067596324 0.18898323 0.31390706 0.24858081 0.00032772037 0.40763846 0.07999902 0.26433897 0.23221467 0.0005894474 0.0006057733 0.21071349 0.4068478 0.004006543 0.007243164 1.6412872e-20 0.005350238 0.0011293368 0.0007467835 0.00047002258 0.19101724 0.0009744241 0.6630931 0.095617175 0.29673246 0.3535879 0.32331482 0.008499712 0.009270449 0.0024744726 0.47997501 0.47622803 0.21081543 0.00016916255 0.00020965605 0.00018302244 0.095588595 4.7162944e-06 0.14540076 4.588113e-06 0.0001442185 0.16719979 0.05876306 0.00020177467 0.19117433 0.00035916458 0.00045997207 0.11945165 0.07280523 0.10427831 4.223111e-05 0.036859233 0.44283324 0.04298811 0.00019786596 0.0018082533 0.028172018 0.15669502 0.02884303 1.5347698e-05 0.026616883 0.26710123 0.024930941 0.21049011 0.42492157 0.043148924 0.019406646 0.0015263978 6.263219e-05 6.269287e-06 1.2349757e-05 0.020479124 0.006486272 0.003137316 2.104735e-05 0.05696124 6.162962e-06 0.0077244537 1.0180435e-05 0.16628195 9.362678e-06 9.5986616e-05 1.33971e-05 0.007412078 3.91294e-06 9.398345e-06 0.0057923985 0.0024364893 0.00783374 8.7108805e-05 0.000159832
0.6544313 0.40813774 0.13392621 0.03768979 0.13012952 0.29586983 0.040577214 0.034560252 0.024901211 0.4022078 0.017639436 0.035771515 0.014294337 0.05025475 0.16153505 0.013661296 0.048502624 0.012329841 0.023494393 0.55917275 0.08153663 0.07126751 0.024718279 0.076188795 0.7602554 0.005350238 3.4603346e-19 0.06543789 0.06355989 0.05816762 0.009078293 0.6909619 0.0015441497 0.0066427877 0.010527747 0.01040187 0.0031564285 0.033037126 0.010588175 0.048212294 0.0006082817 0.031609815 0.002703642 0.32124624 0.016898464 0.012568008 0.004044079 0.014993299 0.0038426481 0.012954401 0.010004125 3.3141005e-05 0.0023291674 0.1326739 0.00023196434 0.07399863 0.0047986605 1.493352e-05 0.0032949888 2.9653595e-05 0.045663066 0.0003464244 0.0011039866 0.001729411 0.08011595 0.0001916479 0.0012152537 0.23319559 5.0295188e-05 0.008264565 3.5502115e-05 0.00020776318 0.4544047 0.042921685 0.013993283 3.495274e-05 4.0248546e-05 0.48557544 0.00015094609 0.00060787436 0.0019651058 0.00067128206 2.2774677e-05 0.6102215 0.17982364 1.845731e-05 0.004913625 1.7441245e-05 0.000113914335 0.002837835 0.00051626854 1.5871125e-05 0.009151533 2.7046268e-05 0.00048041713 0.00067173544 5.74586e-06 0.1395179 0.0002766175 1.5498864e-06 0.03460987
0.0023690977 0.16986218 0.19219105 0.011899622 0.15582733 0.3003064 0.012983713 0.015622026 0.0048281704 0.25650054 0.0035628073 0.027910655 0.0044217794 0.0257151 0.24786925 0.00603118 0.0655494 0.0072011226 0.013396423 0.1708913 0.59159905 0.0035711038 0.007715012 0.59465176 0.043487873 0.0011293368 0.06543789 4.4827775e-25 0.18349941 0.16176221 0.0071232254 0.041201662 0.0004095726 0.017132424 0.012383347 0.0053214114 0.0021636933 0.22162798 0.052321453 0.4699219 0.00039720724 0.0011790573 0.0032384614 0.0025571813 0.22628401 0.1802469 0.004456515 0.0032419793 0.002510729 0.0027231337 0.14571223 0.00021897859 0.0033944515 0.0015349484 0.0018046363 0.0022945337 0.06293292 0.00018674905 0.0037912955 0.00024137893 0.031922042 0.00032160524 0.0008387182 0.0031362826 0.0024684917 0.0003031985 0.0009811544 0.002374736 7.000077e-05 0.011103659 6.6641616e-05 0.000550074 0.0045335875 0.0033514015 0.00032587134 7.952306e-05 4.187554e-05 0.009975301 0.001253384 0.008161333 0.017558865 0.00062234607 1.6887025e-05 0.0069092773 0.017884994 0.00026716708 0.006524432 4.2017393e-05 0.0003831436 0.0006091046 0.0012775814 3.3965058e-05 0.004259742 0.00011148062 0.0011647347 0.001295825 3.2235428e-05 0.0019948261 0.0011692789 3.5574424e-06 0.012792854
0.039995022 0.05376165 0.018969811 0.0021735718 0.012932041 0.037073202 0.002401251 0.0028813237 0.0012951306 0.28871202 0.0009564802 0.004486292 0.0012860675 0.0035023214 0.46584928 0.0021689325 0.0058816513 0.0008409656 0.00096541765 0.46443295 0.46083385 0.0018109231 0.0024076486 0.09287134 0.10865368 0.0007467835 0.06355989 0.18349941 9.439642e-24 0.7498051 0.0008891838 0.13054031 0.00028517246 0.0010587549 0.0013947469 0.0019299202 0.00079061097 0.009447493 0.0010118634 0.052982736 0.0002715535 0.0008887218 0.0010609062 0.03818157 0.32815415 0.24131492 0.0010646725 0.069765575 0.0011072785 0.07409687 0.26484948 0.00010220802 0.000730297 0.037860267 0.00089588267 0.027267603 0.00094229047 9.936629e-05 0.00075037655 0.00012517224 0.25081715 0.00016573648 0.00031351624 0.00071134086 0.027640568 6.900058e-06 0.00015370335 0.0010168336 5.9744958e-05 0.11656346 4.6149937e-05 5.3687225e-05 0.008205247 0.0003981822 7.806984e-05 2.22863e-05 3.5354737e-05 0.06448327 7.783028e-06 0.028142773 0.0006679199 0.00018803074 7.987869e-07 0.057610843 0.0605321 7.270649e-06 0.07360712 1.29369055e-05 1.0019587e-06 0.00011067797 0.00034274685 9.662391e-07 0.03999179 2.4705178e-05 0.01121611 0.014658366 6.4688693e-06 0.00627424 4.973498e-05 1.7184406e-07 0.024163892
0.041723013 0.089438915 0.022917697 0.003111279 0.016230263 0.030814845 0.0038701224 0.004301545 0.0038768142 0.3083292 0.0026628545 0.0050946395 0.0026352631 0.0040811473 0.46172825 0.002005644 0.007822934 0.0013531843 0.0011359378 0.4802325 0.40866265 0.005993188 0.004132229 0.07105375 0.10371233 0.00047002258 0.05816762 0.16176221 0.7498051 8.501404e-24 0.0011063508 0.17793642 0.00019518196 0.0012830704 0.0015189463 0.0024730042 0.000526503 0.007720245 0.0013348314 0.02228218 0.00015331965 0.0012265559 0.000791242 0.018483486 0.2842893 0.20996147 0.0013472378 0.06603657 0.0006876845 0.0776144 0.21475784 0.00014199113 0.00084324484 0.023778066 0.00023012953 0.017207868 0.0006810727 0.00012057527 0.0006695037 0.00014518974 0.3323542 9.1612914e-05 0.00043673094 0.0007687605 0.025091846 7.723285e-06 0.00015126572 0.0023998567 4.276463e-05 0.16236077 5.2876563e-05 8.7353896e-05 0.0129561005 0.00031381808 0.00017870484 4.8975257e-05 4.3039985e-05 0.075234346 2.859993e-06 0.017722676 0.00036381892 0.00017075063 4.4805876e-07 0.062209424 0.072550714 1.0617259e-05 0.0650437 3.916181e-06 2.975254e-07 9.681522e-05 0.00014839685 1.4621303e-07 0.045933243 2.2711258e-05 0.010365705 0.014017671 2.1745493e-05 0.0064127524 5.132348e-05 3.9170207e-08 0.030844217
0.001221724 0.04025241 0.06289584 0.11658887 0.09875457 0.08387228 0.06727281 0.09714029 0.05236498 0.010308936 0.049037732 0.28832608 0.11266817 0.2738874 0.002143121 0.16202937 0.33926278 0.35437363 0.46977627 0.0048594507 0.0039107767 0.06684318 0.35214108 0.03472601 0.01115189 0.19101724 0.009078293 0.0071232254 0.0008891838 0.0011063508 3.569789e-23 0.006526545 0.11481206 0.40809393 0.5073483 0.33063722 0.1812722 0.09482278 0.108278036 0.018200265 0.08331927 0.06823164 0.13325518 0.00074414635 0.00024086109 8.247974e-05 0.23294467 0.00020866924 0.08055369 0.00016740634 6.423014e-05 0.010524856 0.08262646 0.00028578093 0.02013542 0.0015842105 0.010679705 0.008866558 0.064130716 0.008583863 0.00031772567 0.025179448 0.016061412 0.09559132 0.001009229 0.009372943 0.01943098 0.014126698 0.007303858 5.8777707e-05 0.00790325 0.008721305 0.0036706151 0.018992791 0.014166429 0.008322473 0.0066011394 0.0016283835 0.0005369004 1.0682086e-05 6.757606e-05 0.012236666 0.020570116 0.0012267232 9.613108e-07 0.010328705 2.033575e-05 0.003577794 4.84792e-05 0.007368855 6.4324695e-06 0.00031531777 4.7096262e-05 0.0023228754 2.1422545e-06 1.677045e-06 0.003091896 0.0007125037 0.007649109 0.00041685664 2.667751e-05
0.22536981 0.21144804 0.047794104 0.020825803 0.050267633 0.086244985 0.029704297 0.041760013 0.010192774 0.33448896 0.0066378927 0.026970772 0.005341347 0.035811417 0.21515559 0.0059274537 0.016022453 0.009743838 0.008280362 0.5119539 0.05784502 0.013839392 0.023135267 0.039709568 0.6866632 0.0009744241 0.6909619 0.041201662 0.13054031 0.17793642 0.006526545 2.2549382e-21 0.00025188495 0.0059188455 0.0070774173 0.0055823326 0.0031069843 0.008713516 0.0012235452 0.028648924 0.00011465011 0.004282193 0.0026949833 0.5592934 0.015732724 0.015928252 0.003235271 0.09310257 0.0028477146 0.095960476 0.0113562085 1.1145813e-05 0.0023584114 0.29046747 0.00015267063 0.21391146 0.0007909153 1.0108477e-05 0.0024540958 1.4092788e-05 0.1439868 0.00027307353 0.00011722355 0.0011088267 0.12965086 7.014616e-06 0.0010528851 0.030175455 6.378569e-05 0.024704628 4.410155e-05 4.7151316e-05 0.23574424 0.007495742 0.0012755403 5.791643e-06 5.1492516e-05 0.5616108 5.0756367e-05 0.0014560552 0.0005125185 0.0006614483 1.5751978e-06 0.55129105 0.1627185 1.7250055e-05 0.0058500143 6.898229e-06 1.3635067e-05 0.0010140935 0.00024348909 1.0129856e-06 0.0077502606 1.8722545e-05 0.0011424094 0.0014028529 5.5157993e-06 0.039448686 0.0002355779 1.7138761e-07 0.045931816
