2.9299771e-27 0.094360344 0.10360858 0.09270962 0.091407806 0.08800344 0.21918784 0.15502168 0.18144122 0.29249156 0.5035126 0.6777324 0.38108614 0.059978317 0.7949816 0.6867965 0.11687072 0.48045993 0.46418113 0.038199145 0.7160023 0.1594191 0.71353894 0.06627877 0.0025168613 0.8475583 0.0025340866 0.4386804 0.856324 0.8920147 0.010990678 0.80918944 0.88918936 0.6481817 0.05275915 0.5782848 0.24759828 0.6238993 0.78227293 0.7938356 0.10308279 0.24747998 0.00094507507 0.01932186 0.0023146358 0.7655331 0.045540888 0.8694373 0.028300554 0.8812174 0.8452853 0.00082265824 0.01824993 0.00095132715 0.922003 0.6837459 0.00620981 0.64613706 0.8506554 0.21342352 0.954699 0.96817845 0.11243937 0.0038388278 0.8137149 0.6190977 0.9149734 0.95537657 0.0023776388 2.3089575e-05 0.85385144 0.97031116 3.1544692e-05 0.7719421 0.92755616 0.7526557 0.20962262 0.38787252 0.9861745 0.82148826 0.90251243 0.9755304 0.8246996 0.99605495 0.24923164 0.619416 0.99476093 0.9983311 0.9871515 0.99993706 0.09284534 3.610042e-05 0.0724551 0.83192414 0.20292602 1.1968437e-05 0.9577854 0.9999478 0.9978375 0.03644555 1.4614982e-06
0.094360344 5.6840993e-19 0.8896003 0.63941073 0.47919485 0.82562715 0.4666779 0.29381517 0.61111796 0.2146522 0.5308225 0.66928166 0.039240036 0.21691613 0.11803793 0.03390291 0.030726904 0.0028238455 0.004683503 0.038313497 0.0072083957 0.014434964 0.0026144674 0.040779877 0.02507742 0.017948994 0.019212179 0.0017285825 0.044312853 0.008768769 0.00493283 0.012031643 0.018724795 0.00038149956 0.0012243214 0.00035330767 0.0005017241 0.0009665922 0.0031547055 0.002539666 0.00046031762 6.0181283e-05 0.012656557 0.0003340337 0.019963736 0.00482826 0.00013584753 0.0019344728 0.0003092263 0.0066380985 0.0029646133 0.00020103058 0.00028395015 0.00023079108 0.0021453928 0.00037100594 2.4217334e-05 0.00013749697 0.0004052768 6.4646665e-05 0.0012226793 0.0005967677 6.749599e-07 4.911256e-06 0.00012383069 0.00024319158 0.00015015184 0.00025886673 3.0220658e-06 0.00045597577 3.3701155e-05 9.897134e-05 1.1813206e-05 2.0934367e-05 0.000103975995 0.00015062929 0.00011832763 0.00011027444 0.0006868489 2.4494835e-05 2.3620702e-05 2.113787e-05 0.00035117107 0.0007869184 8.2617535e-06 2.831315e-05 9.3204195e-05 0.00034990194 0.000273424 0.0004678483 6.9626703e-06 2.7345632e-06 0.00021593469 0.00042525007 7.5940534e-06 7.320775e-07 0.0005022035 9.721756e-06 0.000120337936 4.3453943e-07 9.836408e-06
0.10360858 0.8896003 2.1251388e-16 0.5926914 0.41293666 0.8642523 0.28301257 0.17743944 0.6990105 0.1122447 0.43864146 0.5089974 0.0225487 0.20003553 0.052158587 0.01863222 0.03805883 0.0036399662 0.0040042954 0.0603973 0.0069124773 0.021012623 0.0038732574 0.10539575 0.041165918 0.010494743 0.029889714 0.0012818052 0.020747932 0.004538749 0.006935896 0.008011253 0.0110762445 0.00079878053 0.0015828251 0.00027066434 0.00092949084 0.0004779843 0.0024799178 0.0019994553 0.00056443905 0.00010017562 0.024777224 0.00060289196 0.028078143 0.0026094134 0.00028578937 0.0011061092 0.0005903773 0.004552775 0.0015082012 0.00048833946 0.000610516 0.00054317486 0.0009706822 0.00016164679 6.226948e-05 0.00032870073 0.00045109264 0.00012076492 0.0005331784 0.00024566695 4.231918e-06 2.795238e-05 0.00017838743 0.00024263053 7.634679e-05 0.00013868166 7.4380428e-06 0.0016878347 6.6734974e-05 4.679223e-05 0.0003650954 4.3290143e-05 0.00010756954 0.000110115136 0.00010200334 0.0003339735 0.00038751194 2.9773319e-05 4.4621618e-05 2.1548898e-05 0.00039807134 0.0003932086 1.462553e-05 3.8421622e-05 8.6131586e-05 0.00042558034 0.00022955259 0.0002536821 1.8658802e-05 4.9667747e-06 0.00041003045 0.00068932085 5.6948396e-05 2.0874488e-06 0.0004297754 5.211647e-06 0.00010754514 2.1633186e-06 0.00011270247
0.09270962 0.63941073 0.5926914 7.851058e-18 0.89413 0.39700398 0.57345057 0.56665695 0.7393629 0.44562337 0.08374228 0.38352072 0.1751281 0.042592365 0.014180642 0.053634122 0.004077763 0.012409426 0.01600099 0.10679931 0.02565394 0.038022064 0.010667689 0.01932797 0.026849765 0.015543895 0.02187479 8.642475e-05 0.0063558347 0.0008550565 0.00076487445 0.020139147 0.0040083514 0.001184506 0.0029397418 2.4721465e-05 0.0012645391 8.505881e-05 0.009503501 0.007924956 6.398272e-05 7.711583e-06 0.009292227 8.4304775e-05 0.022823818 0.000553221 1.8788778e-05 0.0028911103 0.000485066 0.0031444363 0.00043935466 4.2879918e-05 0.00048634308 1.8967263e-05 0.0005672906 3.6205576e-05 8.807404e-05 0.0005144771 0.00066586595 7.506553e-06 0.0007352615 0.00013848937 3.091996e-05 3.7031943e-05 0.00024364868 5.554736e-06 0.00016805241 0.00023969037 5.96455e-07 0.000943043 8.948668e-05 1.3410252e-05 1.05952395e-05 4.2640906e-05 2.5813808e-05 1.8448087e-05 8.76246e-06 0.00015948756 0.00060394994 6.214715e-05 6.530417e-05 8.403955e-05 8.256481e-05 0.00062695117 2.6782127e-05 1.9972416e-05 0.00021960495 0.0010366628 0.0003868102 0.00031797876 2.3572036e-06 1.5723896e-06 3.7073114e-05 0.000454906 8.791321e-06 1.8976663e-06 0.00042186634 1.0095191e-05 0.00012128373 2.969348e-06 1.7066084e-05
0.091407806 0.47919485 0.41293666 0.89413 2.1487122e-17 0.2498545 0.49075168 0.52651644 0.73682 0.43072292 0.044643916 0.3351772 0.23244081 0.021921707 0.0045496956 0.063128345 0.003266813 0.018650468 0.019570814 0.16802469 0.029958535 0.052778054 0.016545199 0.018042551 0.029730493 0.02021457 0.023588235 4.6711666e-05 0.005544937 0.00036142152 0.00041055575 0.024982251 0.0031113536 0.0011629931 0.0026658743 1.1822481e-05 0.001404533 4.185933e-05 0.010525348 0.008368654 4.0135397e-05 1.9403074e-06 0.009714773 6.105163e-05 0.023112774 0.00023466596 1.4439058e-05 0.0052914424 0.0005435588 0.003518127 0.00018168651 2.576816e-05 0.00090933923 4.3413456e-06 0.0002326369 2.4329769e-05 9.058912e-05 0.00094653026 0.0010963756 2.5130787e-06 0.0006723799 5.2595224e-05 3.3779506e-05 3.156979e-05 0.00032706937 1.9811216e-06 0.00038452342 0.000311199 4.7274276e-07 0.0013625312 0.00015340681 9.776947e-06 1.9288807e-05 7.0323964e-05 1.2252096e-05 1.760223e-05 6.404758e-06 0.00022620546 0.0008152761 6.157138e-05 0.00013394807 0.00017188417 3.9411465e-05 0.0010298868 5.8004298e-05 2.6976124e-05 0.00031103968 0.001061844 0.0004645314 0.00038356788 2.7849392e-06 1.041602e-06 2.774075e-05 0.00056222134 7.924151e-05 2.3977268e-06 0.0005583896 1.7379696e-05 0.0002479186 8.531281e-06 4.1399402e-05
0.08800344 0.82562715 0.8642523 0.39700398 0.2498545 9.255819e-18 0.21695031 0.08754689 0.7529676 0.04832519 0.7525182 0.58259225 0.017931491 0.5809367 0.115705155 0.016795093 0.19987749 0.0018805173 0.0026000435 0.08262043 0.004750133 0.039268013 0.0018620752 0.36500508 0.06510824 0.007982832 0.048136283 0.004662633 0.038132552 0.011766973 0.038962964 0.005175256 0.017957306 0.0008748175 0.0021030658 0.0005514264 0.0009809926 0.00077372487 0.0010187238 0.00074279914 0.0014511291 0.00029139465 0.03290848 0.0017099811 0.031295538 0.002886138 0.0010490319 0.0004871403 0.0010622719 0.00296916 0.0010765005 0.0012473444 0.00093424134 0.0028307333 0.00039273992 0.00017649827 0.0001975104 0.000107761865 0.00015680649 0.00027814912 0.00019965037 7.872696e-05 1.9813258e-06 6.481631e-05 2.8476547e-05 0.00029291146 2.4986339e-05 3.9735427e-05 6.9306756e-05 0.0010860576 1.6746662e-05 7.156559e-05 0.0010508962 7.1314025e-06 7.9636055e-05 9.963188e-05 0.00027235178 0.00015526176 0.00022514036 6.918336e-06 2.3050456e-05 4.8777133e-06 0.0002317273 0.0005115733 1.6279168e-05 1.0073321e-05 2.7849961e-05 0.00020271687 6.198461e-05 0.00021117771 6.935972e-05 4.836899e-06 0.00030681086 0.00052292267 5.124048e-05 1.7291107e-06 0.00022357094 1.9952722e-06 0.00010213124 4.55434e-06 0.00015435218
0.21918784 0.4666779 0.28301257 0.57345057 0.49075168 0.21695031 1.906193e-21 0.836841 0.51520324 0.8685791 0.08430848 0.7535864 0.44749305 0.015613009 0.059676293 0.25013277 0.001323051 0.048033662 0.07160854 0.027406413 0.11690782 0.015523527 0.028588044 0.00422042 0.0052954657 0.10143322 0.005024574 5.057006e-05 0.049671706 0.0031300108 0.0001519667 0.060326293 0.024418114 0.00029711754 0.0009016481 1.1205658e-05 0.0002164972 4.3532837e-05 0.016850123 0.013941638 1.0463736e-05 1.251622e-06 0.0020685808 1.8454508e-05 0.008488302 0.0028407814 7.571889e-06 0.0073323366 0.00012776333 0.011360152 0.0030096883 1.1945187e-05 0.00013010195 5.9209365e-06 0.0038832992 9.4872856e-05 9.026783e-06 0.00023513011 0.00065160095 1.4345305e-06 0.003139351 0.00046709328 1.7349349e-06 1.592043e-06 4.766055e-05 6.376078e-06 0.00067427417 0.0012154497 6.2050674e-07 9.286676e-05 4.1881973e-05 3.413443e-05 3.0660416e-07 1.7271255e-05 3.0036696e-05 2.0801308e-05 2.1111248e-06 3.5028024e-05 0.001788253 8.612193e-06 2.2972285e-05 5.5658107e-05 3.8510032e-05 0.0017251306 3.0081287e-06 4.44948e-06 0.00024028728 0.00059879664 0.00037660394 0.00088109914 2.8762005e-07 2.785947e-07 1.6314418e-05 0.00030224636 8.108203e-06 2.8492437e-07 0.000330453 7.636262e-06 9.1185015e-05 2.4004413e-07 1.0455051e-06
0.15502168 0.29381517 0.17743944 0.56665695 0.52651644 0.08754689 0.836841 1.6872762e-18 0.50038195 0.88007903 0.015312925 0.42058635 0.5620004 0.0067047686 0.0051173484 0.1972225 0.0013150531 0.082781225 0.08975902 0.061730806 0.1244999 0.041172538 0.056506373 0.0050446605 0.008218922 0.05463803 0.007582985 1.5718746e-05 0.0076735783 0.00037152396 0.00014314681 0.060204215 0.0044705025 0.0011830118 0.0024853137 4.204515e-06 0.0008662758 2.241731e-05 0.018729296 0.015230229 4.8974534e-06 4.7213544e-07 0.002080648 1.8863375e-05 0.012171768 0.0005012838 3.6630242e-06 0.009868361 0.00039302337 0.0074286438 0.00044039817 1.3578814e-05 0.0004089826 2.7032224e-06 0.0008440023 3.746493e-05 6.425532e-05 0.00088863535 0.0018892327 5.2359553e-07 0.0026670783 0.0001817626 3.4210432e-05 9.262632e-06 0.00021360793 5.912419e-07 0.0014601295 0.001644482 2.6639145e-07 0.0002700695 0.00016674353 8.190264e-06 5.429925e-07 8.1209604e-05 7.0852166e-06 1.1500201e-05 1.0399473e-06 0.00013626015 0.002151703 3.806054e-05 0.00010681522 0.00020064772 2.748479e-05 0.002196745 2.7167198e-05 1.8058363e-05 0.00061988697 0.0010434807 0.0005331161 0.00084220804 3.9367515e-07 6.259152e-07 1.2238853e-05 0.00048838207 3.9637365e-05 1.4368459e-06 0.00062460074 1.9101157e-05 0.00025278734 1.9228592e-06 7.741499e-06
0.18144122 0.61111796 0.6990105 0.7393629 0.73682 0.7529676 0.51520324 0.50038195 7.8713083e-16 0.40463474 0.36755052 0.34540358 0.18662122 0.3753956 0.03579874 0.12784082 0.023145968 0.040255096 0.049549498 0.6700729 0.085149325 0.31451234 0.03770687 0.5699224 0.414001 0.03817712 0.37836656 0.00061092956 0.021469112 0.0043373755 0.0035371429 0.04168648 0.011024291 0.0068815365 0.012304478 0.0002448296 0.009320971 0.000245254 0.011134834 0.007456656 0.000449532 0.000117671 0.1387692 0.000108911154 0.39808017 0.00031030964 0.0002673988 0.0030673915 0.0016756408 0.002120808 0.00017742967 6.0445753e-05 0.006465755 8.9612484e-05 7.940567e-05 4.0014398e-05 0.00022222367 0.00039666233 0.0002261576 4.7805403e-05 0.000458041 1.9090703e-05 2.1573398e-06 8.9531844e-05 0.000108134744 9.294984e-06 6.0030237e-05 0.0001261689 2.2223594e-06 0.0055021346 7.0169546e-05 2.8884411e-05 0.0038097496 2.8826978e-05 2.9956482e-05 2.8930228e-05 7.685032e-05 0.00013758038 0.00045840215 2.1740432e-05 0.00022237757 9.498195e-05 0.00015148357 0.0008930199 0.00013253355 4.889825e-05 0.00042175894 0.0011953188 0.00053810736 0.0010359014 1.2676451e-05 5.113287e-06 0.00015589797 0.00080707326 0.00011586856 1.7323391e-06 0.00039320503 3.4647644e-05 0.00077980774 0.00020318721 0.00030967963
0.29249156 0.2146522 0.1122447 0.44562337 0.43072292 0.04832519 0.8685791 0.88007903 0.40463474 5.793439e-21 0.006328674 0.5857032 0.853066 0.003891854 0.010115223 0.527907 0.0005749111 0.2670326 0.28431073 0.028965514 0.38161573 0.03238319 0.19460855 0.0023466465 0.00508669 0.1597914 0.0045621544 1.6459002e-05 0.020520516 0.0007184436 5.039986e-05 0.1808375 0.009403927 0.0012741514 0.0022531003 3.4370294e-06 0.00061608735 1.8838335e-05 0.035435222 0.028453035 2.2340214e-06 3.966402e-07 0.00066160125 1.29978e-05 0.0058272933 0.0011381085 2.443027e-06 0.014549552 0.00034715064 0.0152482875 0.001355654 8.150658e-06 0.00019467372 4.287683e-06 0.0024343166 6.70574e-05 5.9732996e-05 0.0005533616 0.0020011102 1.7122588e-07 0.0058642947 0.0003234745 1.0705095e-05 7.0770116e-06 0.00018009818 4.047221e-07 0.0029192704 0.0031877595 2.472802e-07 4.694165e-05 0.00025033005 2.5801404e-05 4.0320057e-08 0.00012856438 1.7206383e-05 1.4344891e-05 3.091601e-07 8.152449e-05 0.0038089592 5.2324165e-05 0.00021686875 0.000406696 1.5936857e-05 0.003411029 9.827078e-06 2.1607526e-05 0.00094120426 0.0016872714 0.00067204435 0.0016109594 6.94585e-08 3.247391e-07 8.677091e-06 0.0003718612 2.2168273e-05 2.029665e-07 0.0007526794 2.6171554e-05 0.00045884476 5.481857e-07 1.2884166e-06
0.5035126 0.5308225 0.43864146 0.08374228 0.044643916 0.7525182 0.08430848 0.015312925 0.36755052 0.006328674 1.5134456e-18 0.6793898 0.0007342923 0.75823987 0.5430333 0.0058254986 0.69340885 7.394564e-05 0.00011479278 0.012188059 0.00069940556 0.0037469575 0.00014923773 0.16549614 0.033792295 0.0060538235 0.021051202 0.31184325 0.11664435 0.14738584 0.33363554 0.0013091008 0.04709944 4.622323e-05 0.000118052056 0.08882581 5.3569645e-05 0.052550077 0.00025900154 0.0001910355 0.12838405 0.07329615 0.018319158 0.1469446 0.0060438383 0.020055093 0.05534961 4.604241e-05 1.8215242e-05 0.002744756 0.009099434 0.017012924 0.00025902994 0.016043479 0.0035269652 0.009534725 3.2830785e-06 3.164088e-06 5.5010064e-06 0.0056612506 0.00038219074 0.0020911482 1.6716312e-07 3.9027286e-06 2.1326941e-06 0.0118857 6.498425e-06 2.6913272e-05 0.0022208109 0.00021194563 1.344068e-06 0.0048283427 5.1578238e-05 5.6313814e-07 0.0062611555 0.0051615806 0.0018917342 1.407048e-05 0.00087987195 9.311454e-07 1.5443255e-06 6.714886e-07 0.0054666973 0.0029480255 2.7572987e-06 1.2503634e-06 1.4452269e-05 0.000104560786 1.0391251e-05 0.0018029944 0.00039007273 7.187803e-07 0.0006850254 0.0014295889 2.2717906e-05 2.426695e-07 0.00015615375 1.7557652e-05 0.00012713796 3.7020416e-06 7.2230036e-06
0.6777324 0.66928166 0.5089974 0.38352072 0.3351772 0.58259225 0.7535864 0.42058635 0.34540358 0.5857032 0.6793898 2.9680446e-20 0.14546123 0.15323567 0.7215667 0.3297697 0.04635701 0.01420086 0.027997917 0.009297431 0.064571604 0.0055088764 0.0028269133 0.015635127 0.018147249 0.21794567 0.01270956 0.07325936 0.35287166 0.21929261 0.0038856717 0.039883077 0.17896618 0.00011914542 0.000505949 0.012417008 8.1645325e-05 0.014019156 0.0035640644 0.0025423982 0.00063599483 0.00022342538 0.0014312019 0.0007018765 0.0016193301 0.03415516 0.00017757306 0.0005919859 3.1413474e-05 0.022336798 0.025405893 0.0001299638 1.5997724e-05 0.00013879743 0.021026298 0.0008843773 3.9177775e-07 1.3379148e-05 3.7740232e-05 3.397617e-05 0.005453819 0.0041791503 2.2446457e-08 1.6001049e-07 4.4355834e-06 0.0001886148 8.7522334e-05 0.00068658136 2.9530763e-06 4.6925088e-05 7.8467536e-07 0.0018314957 1.7173905e-07 5.4125377e-07 0.0008287219 0.00032019505 4.2396885e-05 4.371341e-06 0.0055887112 1.2662417e-06 2.9714784e-06 8.6398995e-06 0.0005654069 0.006256145 9.122755e-07 7.1337786e-07 9.304886e-05 0.000585132 0.00018043634 0.0032769335 1.8881285e-07 9.010604e-08 0.00045358908 0.0008313948 1.9258102e-06 7.9308215e-08 0.00087313383 3.3578795e-05 0.0004027589 1.5881814e-07 8.6591893e-07
0.38108614 0.039240036 0.0225487 0.1751281 0.23244081 0.017931491 0.44749305 0.5620004 0.18662122 0.853066 0.0007342923 0.14546123 2.6817934e-20 0.0018055332 0.0013099094 0.56000495 0.00013773807 0.8225868 0.6951888 0.070950255 0.6032886 0.23704503 0.74494207 0.000639948 0.011440235 0.21072845 0.008309988 2.8942163e-06 0.006448328 0.00012722166 8.159313e-06 0.28835204 0.004834455 0.08498192 0.036947288 1.2924629e-06 0.019144017 8.308641e-06 0.08809335 0.07669434 7.4969773e-07 1.694077e-07 0.00032448792 1.549062e-06 0.008043134 0.00029414205 6.4073885e-07 0.040457826 0.0025067346 0.015555195 0.0005352065 1.672112e-06 0.00119026 2.7913366e-06 0.0019724153 3.0427793e-05 0.0003781066 0.0038263693 0.0067464565 1.6445526e-07 0.009428331 0.00034267965 0.0001223418 4.080762e-05 0.00044377474 7.977306e-08 0.006780213 0.0074823825 3.2245065e-08 8.59069e-05 0.0008300124 1.5972584e-05 1.4372227e-08 0.00037658957 9.093998e-06 4.616114e-06 3.5233793e-07 0.00016473129 0.0076455935 0.00018604954 0.0011182007 0.0017674959 9.130279e-06 0.005203128 2.0244805e-05 8.730883e-05 0.0019199594 0.0054065106 0.0009812484 0.0019725675 2.5505903e-08 8.555866e-07 3.6328274e-06 0.00024399096 1.4644945e-05 4.8650423e-07 0.0009283605 4.0132374e-05 0.0006655451 1.0550164e-06 8.9860407e-07
0.059978317 0.21691613 0.20003553 0.042592365 0.021921707 0.5809367 0.015613009 0.0067047686 0.3753956 0.003891854 0.75823987 0.15323567 0.0018055332 2.7694614e-17 0.094588794 0.004358254 0.8264646 0.0003589117 0.0005685311 0.015032392 0.0009616534 0.0037754811 0.00022129927 0.76291114 0.22883095 0.0027036022 0.13260458 0.05667417 0.0182113 0.024287418 0.7477269 0.00078919705 0.005920517 0.00014669694 0.0007932268 0.011922829 0.00036511736 0.0052299025 0.00012683327 8.767947e-05 0.10791482 0.034155402 0.14786941 0.3478613 0.00984601 0.0013902921 0.084057055 0.000104223895 0.00019405813 0.00073275337 0.00086814817 0.10677878 0.0005506996 0.13227828 0.00034404008 0.0011491474 2.2216676e-05 1.1326724e-05 4.398684e-05 0.0012209621 0.00018554737 0.0004893597 5.2288493e-07 3.2735727e-05 1.0291945e-05 0.0011359095 3.7461035e-05 4.127719e-05 0.008494998 0.00058030087 1.0781948e-05 0.00080275466 0.024502097 1.7998735e-05 0.0016264783 0.0013499523 0.0003087987 1.7765327e-05 0.000388356 5.838822e-06 1.0987883e-05 6.2240833e-06 0.0024174117 0.00077905064 3.7358783e-05 2.318147e-05 3.8405542e-05 0.0002292048 2.0939178e-05 0.00043876824 0.00030115418 1.6701286e-05 0.0025195007 0.0067181746 2.8362281e-05 1.4890563e-06 4.0468123e-05 9.2158625e-06 8.3158746e-05 6.1164656e-06 0.00012466378
0.7949816 0.11803793 0.052158587 0.014180642 0.0045496956 0.115705155 0.059676293 0.0051173484 0.03579874 0.010115223 0.5430333 0.7215667 0.0013099094 0.094588794 4.3685197e-19 0.02835866 0.15231656 9.427138e-05 0.000277318 0.00236036 0.0009596708 0.0010456623 0.00017916986 0.010415023 0.008771395 0.045830052 0.005063857 0.5064704 0.48700434 0.83606255 0.019699516 0.0030901406 0.29197046 3.3194778e-05 7.1557544e-05 0.2885272 5.2529107e-05 0.3134368 0.00012839935 6.522836e-05 0.021278095 0.03779243 0.0011075558 0.015880195 0.00078874297 0.1458984 0.0033434175 4.198967e-05 1.7632741e-05 0.017624026 0.06845754 0.0015097007 0.00041977904 0.0005368464 0.038321707 0.07212308 5.326315e-06 2.9327427e-06 9.535183e-06 0.0024895233 0.0052861795 0.030922001 5.606303e-07 7.8228695e-06 1.8402374e-06 0.010791109 0.0001087897 0.0008501357 0.00012396125 0.00021664446 1.2977245e-06 0.02999693 1.7843584e-07 4.0252687e-07 0.017532 0.010149202 0.0011037246 1.7673406e-06 0.006600771 6.2243356e-07 3.2770724e-06 1.3626631e-05 0.005557153 0.01066307 1.0660303e-06 2.1921228e-07 0.00021799305 0.00040405116 5.4592045e-05 0.0053149774 5.981106e-06 3.3152116e-06 0.00037678267 0.003019908 3.9071925e-05 2.0137675e-06 0.00013289312 2.8596893e-05 7.652195e-05 1.4733029e-05 3.3038378e-07
0.6867965 0.03390291 0.01863222 0.053634122 0.063128345 0.016795093 0.25013277 0.1972225 0.12784082 0.527907 0.0058254986 0.3297697 0.56000495 0.004358254 0.02835866 4.2324954e-21 0.00048002898 0.36869615 0.5872808 0.015417762 0.7926523 0.016034024 0.2864607 0.000859989 0.0044264435 0.80517644 0.0032626546 1.9641839e-05 0.09113597 0.0028321103 5.302912e-05 0.64540964 0.06559305 0.005568009 0.0027788985 4.5690963e-06 0.0010294961 1.3169977e-05 0.1620151 0.1359954 2.034179e-06 2.8682655e-07 0.000278974 6.6764096e-06 0.002008226 0.0029136257 2.758056e-06 0.048437733 0.00057297567 0.12444654 0.0037583238 9.376707e-06 0.00024484107 2.2602335e-05 0.010927677 6.5879794e-05 3.988741e-05 0.00027740287 0.0028730715 4.519193e-07 0.023271332 0.0011304052 1.1234067e-05 6.451871e-06 8.212567e-05 1.1038629e-06 0.0069760433 0.011080772 1.1328369e-06 2.730226e-05 0.00021839257 7.047106e-05 2.2299608e-07 8.1921746e-05 5.0585735e-05 1.4246145e-05 2.0991852e-06 4.783062e-05 0.014533264 1.727956e-05 0.00020448223 0.00041776578 5.366153e-05 0.007985825 1.4020284e-06 7.3498804e-06 0.0014746715 0.0027141122 0.0013662468 0.0035441886 6.0155486e-08 3.4346286e-07 1.0775246e-05 0.0003427841 6.164497e-06 6.952481e-07 0.00061313057 7.55905e-05 0.00017735777 2.3416573e-07 1.06802936e-07
0.11687072 0.030726904 0.03805883 0.004077763 0.003266813 0.19987749 0.001323051 0.0013150531 0.023145968 0.0005749111 0.69340885 0.04635701 0.00013773807 0.8264646 0.15231656 0.00048002898 7.954005e-18 2.8392269e-05 5.867645e-05 0.0031448198 0.00014132267 0.0005384323 3.785641e-05 0.31440675 0.021222515 0.0004927644 0.016689824 0.19649659 0.012162258 0.04052291 0.79295856 0.00026600546 0.003906179 4.4407363e-05 9.756357e-05 0.044439606 8.3502855e-05 0.022272116 8.060975e-05 6.122223e-05 0.3202296 0.18786211 0.029472603 0.57285357 0.0025205652 0.0024208932 0.38747296 7.892663e-05 3.6021942e-05 0.00074024557 0.0012019539 0.08174459 0.0006671926 0.088443786 0.0004917208 0.004747728 6.6289786e-06 4.0597056e-06 1.8722472e-05 0.033575904 0.00022157443 0.0010693474 2.5847012e-07 9.335253e-06 7.3746232e-06 0.019299278 2.0989342e-05 4.0276842e-05 0.0589945 0.00018575434 6.852312e-06 0.0027245611 0.0013847068 8.406773e-06 0.004978298 0.0061661694 0.0031878552 2.2237788e-05 0.00037223217 3.8928374e-06 2.7618253e-06 1.3329942e-06 0.0074987016 0.0017458813 1.817937e-05 2.4598537e-05 5.3089436e-05 0.0002533526 2.011659e-05 0.0012924157 0.004429313 8.5146185e-06 0.005160264 0.012288366 6.656006e-05 6.482731e-07 4.1323314e-05 5.037096e-06 2.8099488e-05 1.926822e-06 5.8063597e-06
0.48045993 0.0028238455 0.0036399662 0.012409426 0.018650468 0.0018805173 0.048033662 0.082781225 0.040255096 0.2670326 7.394564e-05 0.01420086 0.8225868 0.0003589117 9.427138e-05 0.36869615 2.8392269e-05 3.1156023e-20 0.79804784 0.02706259 0.6351715 0.09541198 0.8106397 7.274564e-05 0.0029843322 0.16221233 0.0023600427 7.886079e-07 0.0010866584 2.1566395e-05 3.958944e-06 0.31430584 0.00129245 0.23385167 0.038565964 4.631563e-07 0.06433048 2.8997472e-06 0.14731902 0.13713627 2.8693103e-07 4.3355563e-08 6.4594344e-05 5.6378997e-07 0.0022554235 0.00010609006 2.1337834e-07 0.1424406 0.0028913182 0.017885106 0.00030872863 2.0532505e-06 0.0012193512 4.049721e-06 0.0011083118 5.922168e-06 0.00032479104 0.022559144 0.038176756 5.170586e-08 0.011712442 0.00010111412 0.00042544602 3.9942035e-05 0.0016635851 2.1219272e-08 0.021316081 0.013399285 3.231914e-08 3.2786684e-05 0.0026141745 3.189111e-06 1.0903949e-08 0.0007574088 2.257688e-06 7.329745e-07 7.498404e-08 0.00035204695 0.012847254 0.00032359513 0.0030395456 0.0027539642 1.8454148e-06 0.006827945 2.3963152e-05 0.00017752023 0.006847958 0.014508448 0.0024531635 0.0041829622 1.259627e-08 1.1390857e-06 7.314648e-07 0.00017357689 5.374532e-05 1.2833701e-06 0.00097005436 0.00013966011 0.00081674993 1.926383e-06 3.4835367e-07
0.46418113 0.004683503 0.0040042954 0.01600099 0.019570814 0.0026000435 0.07160854 0.08975902 0.049549498 0.28431073 0.00011479278 0.027997917 0.6951888 0.0005685311 0.000277318 0.5872808 5.867645e-05 0.79804784 5.8751844e-21 0.014529308 0.82577586 0.03997576 0.534752 9.055543e-05 0.002600154 0.24916068 0.0020514126 1.4996793e-06 0.0031918604 5.318704e-05 4.666885e-06 0.52040917 0.0030043689 0.07690799 0.011347511 7.69367e-07 0.012812383 5.233697e-06 0.1998519 0.17039801 2.755455e-07 5.2720438e-08 6.805211e-05 1.1539481e-06 0.0011064431 0.00028292058 3.0057728e-07 0.15576515 0.001549062 0.033055916 0.00054124766 2.116713e-06 0.00044851197 6.3127845e-06 0.0024304818 3.23942e-05 0.00020973386 0.004011424 0.015948158 9.628545e-08 0.013287634 0.00036771278 0.0001693666 2.5387973e-05 0.00055067154 7.126738e-08 0.0142542925 0.013911058 3.506383e-08 1.3266931e-05 0.0010283479 2.2845352e-05 6.17164e-09 0.00042494686 1.063621e-05 1.752925e-06 1.4340115e-07 0.00021196583 0.013813508 0.00021307994 0.0020160398 0.0021179772 6.6490743e-06 0.0070304116 2.4734814e-05 0.00012403385 0.005098735 0.009435792 0.0023667794 0.0040999055 6.697706e-09 8.60169e-07 1.6148916e-06 0.000255715 5.7371024e-05 7.8259774e-07 0.0012205343 0.0001755066 0.0007866017 5.708003e-07 2.4254211e-08
0.038199145 0.038313497 0.0603973 0.10679931 0.16802469 0.08262043 0.027406413 0.061730806 0.6700729 0.028965514 0.012188059 0.009297431 0.070950255 0.015032392 0.00236036 0.015417762 0.0031448198 0.02706259 0.014529308 3.1905987e-17 0.014744775 0.84643924 0.10857931 0.044822335 0.083098665 0.0035591123 0.12861618 0.00020483062 0.0008338846 0.0002485644 0.0003235103 0.0066131586 0.0004225406 0.079499006 0.334706 0.0001516307 0.10316615 0.00022461428 0.0033560249 0.0030062646 0.00024139528 6.624014e-05 0.048144016 9.368259e-06 0.6206067 0.00015384296 2.620217e-05 0.003997788 0.10463512 0.0005011232 8.050165e-05 2.3808661e-05 0.82129335 2.1213174e-05 8.507569e-05 0.00036114143 0.022952415 0.01875216 0.0028835298 5.683592e-05 0.00045022403 5.4837084e-05 0.002967913 0.0075950357 0.004166937 9.417304e-06 0.0011015006 0.00056413683 1.6358038e-07 0.17726097 0.0007241119 0.00015034084 0.00064799126 0.0012309755 0.00011676742 5.8928243e-05 0.0003212818 0.0009254129 0.0012232652 0.0004179258 0.0011506794 0.00053615164 0.0031349845 0.0054969243 0.00041739564 0.0005483766 0.0026681481 0.003993914 0.003039537 0.0020430475 9.405586e-05 2.0010146e-05 0.0050754235 0.0014412829 0.0003481491 5.907775e-05 0.0026842488 0.00034173176 0.0016770507 0.00011398291 0.0037285269
0.7160023 0.0072083957 0.0069124773 0.02565394 0.029958535 0.004750133 0.11690782 0.1244999 0.085149325 0.38161573 0.00069940556 0.064571604 0.6032886 0.0009616534 0.0009596708 0.7926523 0.00014132267 0.6351715 0.82577586 0.014744775 2.9198678e-20 0.025408443 0.5281455 0.0003814139 0.002693736 0.44591755 0.002380955 2.6270766e-06 0.009688962 0.00015173224 2.2460945e-05 0.7531361 0.008274371 0.047844965 0.0060568843 6.970699e-07 0.004404397 3.7768725e-06 0.30373207 0.26607904 5.0283626e-07 6.2867336e-08 9.622482e-05 3.8958233e-06 0.0012369307 0.0006286833 7.333695e-07 0.13144952 0.0014264212 0.06955727 0.0011245795 3.6254417e-06 0.0004593292 1.5477146e-05 0.0038799876 2.8960649e-05 0.00017337491 0.0013369571 0.013402699 1.0569645e-07 0.020876791 0.0003596093 4.9525206e-05 1.6745003e-05 0.00030639037 1.2343315e-07 0.013774858 0.017752565 4.0827973e-07 1.4719997e-05 0.00075803674 2.8105302e-05 5.6020724e-08 0.00034802547 1.5953707e-05 2.2970391e-06 1.6597143e-07 0.0001841124 0.016337913 0.000114740025 0.0012038427 0.0015557308 8.258138e-06 0.0071795527 9.059019e-06 6.569051e-05 0.0039604567 0.0073199845 0.0024186918 0.004427885 1.7253088e-08 3.5102053e-07 3.484954e-06 0.00036306263 5.1323284e-05 6.049471e-07 0.0011562516 0.00020503876 0.0007594586 2.2505972e-07 7.963487e-08
0.1594191 0.014434964 0.021012623 0.038022064 0.052778054 0.039268013 0.015523527 0.041172538 0.31451234 0.03238319 0.0037469575 0.0055088764 0.23704503 0.0037754811 0.0010456623 0.016034024 0.0005384323 0.09541198 0.03997576 0.84643924 0.025408443 3.07248e-17 0.4905492 0.012141196 0.018077163 0.0060905577 0.024830287 4.793428e-05 0.0020186082 0.0002621248 0.00013694682 0.012635632 0.0018421058 0.4131273 0.7971475 4.5313413e-05 0.42511722 0.000101458005 0.0138781825 0.013717898 4.7975715e-05 2.4298422e-05 0.017129818 5.064093e-06 0.22947574 0.000113654445 1.2688632e-05 0.026846027 0.42106345 0.0027114088 5.9616446e-05 3.788205e-05 0.73187566 4.2531457e-05 6.885869e-05 7.754153e-05 0.09431366 0.13985988 0.03382365 3.7884852e-06 0.0008034922 1.3997778e-05 0.095163405 0.027503775 0.035275392 2.0620414e-06 0.0039741686 0.001181341 1.5365694e-07 0.02922263 0.007327436 3.2727203e-05 4.501006e-06 0.0076569626 0.00016764535 7.848019e-05 1.5195836e-05 0.0103611285 0.002568386 0.0029451887 0.0026225047 0.001661768 0.0003445071 0.0039649974 0.00083515636 0.0020694195 0.0020235684 0.0057884334 0.004727368 0.0033015613 5.231558e-05 1.9314466e-05 0.0065783584 0.0024136559 0.0005711919 2.9480158e-05 0.0056919353 0.0007712352 0.0049121766 9.93369e-05 0.001850833
0.71353894 0.0026144674 0.0038732574 0.010667689 0.016545199 0.0018620752 0.028588044 0.056506373 0.03770687 0.19460855 0.00014923773 0.0028269133 0.74494207 0.00022129927 0.00017916986 0.2864607 3.785641e-05 0.8106397 0.534752 0.10857931 0.5281455 0.4905492 1.3224406e-17 7.570044e-05 0.0031852538 0.13068156 0.002887608 7.2486426e-07 0.0013772388 4.0884748e-05 4.4625986e-06 0.23571613 0.0019912375 0.82593405 0.3803432 2.673451e-07 0.5100344 1.721156e-06 0.18579021 0.17560416 4.930546e-07 1.3268662e-07 5.4629956e-05 3.0672203e-07 0.005491559 0.00012908813 5.6713174e-07 0.24760182 0.08732263 0.021230372 0.00072744663 5.3082243e-07 0.010600456 1.4011273e-06 0.0018685958 3.1466946e-06 0.0040921904 0.26047796 0.18997642 2.6288207e-08 0.023622252 0.00012828295 0.015203825 0.00042293125 0.03571706 7.2898554e-09 0.050462835 0.025302252 6.8100114e-08 0.00010599014 0.016554968 5.5339506e-06 4.4255984e-08 0.0047014435 2.446641e-06 4.7690287e-07 1.3304034e-08 0.003413735 0.02550297 0.0023321714 0.01575944 0.018014846 1.2573277e-06 0.009149531 0.00034971512 0.0020915738 0.02382025 0.04355943 0.010280195 0.009789119 4.7040754e-08 2.7851702e-06 2.2970917e-06 0.00036322643 0.0003777082 1.3204669e-06 0.003805599 0.00030652393 0.0030453966 1.4377227e-05 1.2445941e-05
0.06627877 0.040779877 0.10539575 0.01932797 0.018042551 0.36500508 0.00422042 0.0050446605 0.5699224 0.0023466465 0.16549614 0.015635127 0.000639948 0.76291114 0.010415023 0.000859989 0.31440675 7.274564e-05 9.055543e-05 0.044822335 0.0003814139 0.012141196 7.570044e-05 1.4605174e-17 0.6954688 0.00020804393 0.5938701 0.0012432673 0.0010539866 0.0012413202 0.47679934 0.00019759253 0.0003456177 0.0001149149 0.00030467592 0.0004292337 0.00024905652 0.00046350146 0.00012458631 0.00010718502 0.004747916 0.0006037363 0.75047684 0.0030324087 0.035496168 0.00020446896 0.0010323855 6.7550674e-05 0.0001138306 8.500878e-05 0.00011107057 0.042012047 0.000116700954 0.212278 3.2708205e-05 0.00015612144 8.545034e-06 9.735547e-05 6.0555154e-05 0.00010500948 0.00013804498 6.511146e-05 1.9601288e-07 6.3104612e-06 1.9617446e-05 5.308169e-05 3.343564e-05 3.502368e-05 0.00060863915 0.0023251858 5.3150736e-05 0.00026590555 0.5009989 3.0150604e-05 0.00038417298 0.00021569882 0.00012303682 1.3103915e-05 0.00030496542 6.135696e-05 8.209177e-05 2.1369951e-05 0.0041915863 0.0013681616 2.4578983e-05 4.1010884e-05 4.7099405e-05 0.00046420924 0.00014756252 0.002010654 0.0013770773 6.215189e-05 0.0096157035 0.004361019 1.5597536e-05 2.3267153e-06 0.00010840537 4.178863e-06 8.072183e-05 1.965728e-05 0.0028326197
0.0025168613 0.02507742 0.041165918 0.026849765 0.029730493 0.06510824 0.0052954657 0.008218922 0.414001 0.00508669 0.033792295 0.018147249 0.011440235 0.22883095 0.008771395 0.0044264435 0.021222515 0.0029843322 0.002600154 0.083098665 0.002693736 0.018077163 0.0031852538 0.6954688 4.790474e-19 0.001242757 0.80719405 0.001282388 0.0018398154 0.00083431497 0.021800138 0.0022766534 0.00094223616 0.002143305 0.0028450706 0.00092281395 0.003956906 0.0009729788 0.0010692356 0.0010033792 0.0034687468 0.0007374834 0.48144746 0.000548128 0.045584504 0.00022441024 0.00036628987 0.00091144507 0.0005739546 0.00066819106 9.98042e-05 0.0004889205 0.0015315042 0.0015143019 6.826877e-05 0.00027424033 0.000131488 0.0018741274 0.0029979032 0.00086029543 0.00018163469 5.498025e-05 1.1575552e-05 6.011279e-05 0.001181088 6.015506e-05 0.00021747847 0.00014338263 2.3534807e-05 0.0055676987 0.00075941836 0.0001535993 0.12999663 0.0005947564 0.00040004324 0.0003952876 0.00038901245 0.00034304685 0.00035474123 0.00075646094 0.00011039177 4.0202936e-05 0.0016465017 0.0005145625 0.00024176802 0.0003320841 0.00035918443 0.00032406856 0.00035081644 7.4426025e-05 0.0007087714 1.4861029e-06 0.0006248307 0.0006526486 4.444901e-05 3.407535e-06 0.000110361565 3.7957357e-06 8.793162e-05 6.123715e-06 0.0011463902
0.8475583 0.017948994 0.010494743 0.015543895 0.02021457 0.007982832 0.10143322 0.05463803 0.03817712 0.1597914 0.0060538235 0.21794567 0.21072845 0.0027036022 0.045830052 0.80517644 0.0004927644 0.16221233 0.24916068 0.0035591123 0.44591755 0.0060905577 0.13068156 0.00020804393 0.001242757 2.1416957e-20 0.0010868538 4.1256055e-05 0.29612547 0.015021101 3.728959e-05 0.8321648 0.30344802 0.0037654813 0.0020450838 2.003113e-05 0.0014546852 8.826121e-05 0.22490916 0.18714397 5.221193e-06 1.1420988e-06 7.362554e-05 2.2052449e-05 0.00014575258 0.027838023 8.085061e-06 0.081450306 0.00068938854 0.5883248 0.033424765 1.2181039e-05 9.598223e-05 2.3206354e-05 0.07900136 0.00020646627 5.1573614e-05 0.00014190395 0.0037089612 1.2700671e-06 0.13791281 0.0060262755 3.7838272e-06 6.4550154e-06 5.5734756e-05 5.6821586e-06 0.015293477 0.043271165 4.8568e-07 9.1601505e-06 0.00018469819 0.00035062444 1.7085365e-07 3.6018435e-05 0.00019399855 5.0818122e-05 4.1131384e-06 2.484465e-05 0.05699654 1.750814e-05 9.69959e-05 0.0004331786 8.904434e-05 0.023620106 2.340319e-06 7.465318e-06 0.0023805792 0.004012413 0.0020015931 0.014082813 4.1276852e-08 6.5352833e-07 2.0944131e-05 0.00086294254 9.493209e-06 6.8467233e-07 0.0010747665 0.00048320534 0.00044141273 2.8529985e-07 1.3577338e-07
0.0025340866 0.019212179 0.029889714 0.02187479 0.023588235 0.048136283 0.005024574 0.007582985 0.37836656 0.0045621544 0.021051202 0.01270956 0.008309988 0.13260458 0.005063857 0.0032626546 0.016689824 0.0023600427 0.0020514126 0.12861618 0.002380955 0.024830287 0.002887608 0.5938701 0.80719405 0.0010868538 2.519854e-17 0.0012170469 0.0012978985 0.0003773359 0.011236763 0.0021758915 0.00057326775 0.002350584 0.0042092116 0.000573363 0.0044821887 0.00050996663 0.0009324247 0.0008406152 0.0033648089 0.0003730997 0.6528975 0.00027211424 0.0993444 0.00015473699 0.00021860114 0.0007734796 0.0009323091 0.00059639703 6.221303e-05 0.00042738108 0.0039690607 0.0011193265 4.013088e-05 0.0002884902 0.00023921583 0.0019092996 0.002159178 0.00045679224 0.00014275202 5.174298e-05 3.9335468e-05 0.00012637832 0.00076996826 2.8537908e-05 0.00041124836 0.00015712428 1.3813025e-05 0.0133329 0.00045724685 8.659156e-05 0.16711596 0.00061820203 0.00018240907 0.0002787894 0.0001788206 0.00023217566 0.00024222338 0.00028963757 0.0001451802 7.1176946e-05 0.00076708524 0.00052726635 0.00022327458 0.00029752727 0.00034013228 0.00034863918 0.0003079027 5.189564e-05 0.00029749694 4.241951e-06 0.000462539 0.0008109332 8.1310034e-05 6.664005e-06 9.432705e-05 6.0910975e-06 5.6780988e-05 1.1666773e-05 0.0033462693
0.4386804 0.0017285825 0.0012818052 8.642475e-05 4.6711666e-05 0.004662633 5.057006e-05 1.5718746e-05 0.00061092956 1.6459002e-05 0.31184325 0.07325936 2.8942163e-06 0.05667417 0.5064704 1.9641839e-05 0.19649659 7.886079e-07 1.4996793e-06 0.00020483062 2.6270766e-06 4.793428e-05 7.2486426e-07 0.0012432673 0.001282388 4.1256055e-05 0.0012170469 2.058117e-20 0.09255345 0.441123 0.03382567 1.1662324e-05 0.023187637 7.3107844e-07 5.2378005e-06 0.9126843 5.1172533e-06 0.7433147 1.3914586e-06 9.584109e-07 0.1715079 0.3781643 0.00017159362 0.08716273 0.00019121887 0.033256933 0.028626531 1.0000962e-06 3.2991265e-06 0.00024923927 0.010310779 0.0032691117 3.9623417e-05 0.0012770521 0.0020283456 0.23169178 2.4740723e-06 5.921662e-07 9.204096e-07 0.085685 8.217949e-05 0.009995762 4.4312152e-08 3.1246166e-06 1.7949522e-07 0.19429997 2.3895955e-06 1.4791652e-05 0.010026613 6.074527e-05 1.2409009e-07 0.05697245 8.392818e-08 7.952574e-08 0.056936987 0.048224356 0.010044822 1.5385768e-07 0.0005579294 1.879461e-08 8.5083514e-08 2.296646e-07 0.007598969 0.0068236035 2.1384648e-07 3.6411688e-08 8.185931e-06 4.188551e-06 1.770339e-07 0.0036773456 0.00020343169 9.0091913e-07 0.0004129306 0.0030166928 3.87924e-06 4.6044693e-07 1.6173122e-05 1.8973486e-05 7.739815e-06 6.59556e-07 5.022602e-09
0.856324 0.044312853 0.020747932 0.0063558347 0.005544937 0.038132552 0.049671706 0.0076735783 0.021469112 0.020520516 0.11664435 0.35287166 0.006448328 0.0182113 0.48700434 0.09113597 0.012162258 0.0010866584 0.0031918604 0.0008338846 0.009688962 0.0020186082 0.0013772388 0.0010539866 0.0018398154 0.29612547 0.0012978985 0.09255345 5.1567464e-20 0.69204086 0.0012748697 0.05119813 0.86219066 0.0002448268 0.00028215453 0.05629202 0.00028954065 0.14543974 0.004126017 0.002274634 0.0006050375 0.0013663869 0.00026934315 0.00042599125 0.00020323177 0.50952065 5.2387124e-05 0.0009340975 2.3759783e-05 0.31315634 0.36001268 3.215112e-05 0.000100720215 0.00011788925 0.2948602 0.11895297 2.2490065e-06 1.0494165e-05 0.0001266551 0.0002876485 0.06987633 0.16180065 4.7702343e-07 1.1092014e-06 1.0936261e-05 0.0015699173 0.00112938 0.013834153 1.7432292e-06 3.3199936e-05 6.1362425e-06 0.0302015 1.4645809e-07 1.6607935e-06 0.0113658095 0.0048086727 0.00058627065 1.5446393e-06 0.053889483 2.018765e-06 9.270559e-06 4.195821e-05 0.00310493 0.036023512 6.953476e-07 9.816088e-07 0.00079040334 0.0017293805 0.00014938998 0.018542266 5.80282e-07 2.823626e-06 0.00030422356 0.0040972866 1.2515976e-05 8.03152e-06 0.00030696625 0.00020251861 0.00026318213 3.3601586e-06 9.6290215e-08
0.8920147 0.008768769 0.004538749 0.0008550565 0.00036142152 0.011766973 0.0031300108 0.00037152396 0.0043373755 0.0007184436 0.14738584 0.21929261 0.00012722166 0.024287418 0.83606255 0.0028321103 0.04052291 2.1566395e-05 5.318704e-05 0.0002485644 0.00015173224 0.0002621248 4.0884748e-05 0.0012413202 0.00083431497 0.015021101 0.0003773359 0.441123 0.69204086 2.2090411e-19 0.0056970348 0.000962726 0.45466104 3.0814845e-05 4.325461e-05 0.38397264 9.573156e-05 0.56193554 0.00010655761 6.720985e-05 0.009684335 0.023045182 5.7154004e-05 0.005713409 5.243211e-05 0.4519455 0.0013980281 5.612375e-05 3.4881493e-06 0.022104431 0.29294497 0.0002796183 2.7794404e-05 7.4544936e-05 0.1426186 0.3567193 8.373914e-07 1.8579864e-06 7.5063176e-06 0.002646742 0.006654502 0.15632576 1.54511e-07 9.2579734e-07 1.6196545e-06 0.032762215 7.658729e-05 0.0010947688 0.0001211739 3.630502e-05 1.0980524e-06 0.11918191 1.3418837e-07 2.530989e-07 0.0641583 0.026819132 0.0017977619 2.9002328e-07 0.014909821 2.4871864e-07 2.0645346e-06 1.2260501e-05 0.0109946355 0.028121656 1.18960635e-07 1.2204097e-07 0.00036847667 0.000557202 4.3365428e-05 0.015240684 5.147435e-05 6.283859e-07 0.0006600916 0.005669752 8.037949e-06 1.8827188e-06 8.87632e-05 0.00013524591 9.2354865e-05 2.6099558e-06 8.814709e-08
0.010990678 0.00493283 0.006935896 0.00076487445 0.00041055575 0.038962964 0.0001519667 0.00014314681 0.0035371429 5.039986e-05 0.33363554 0.0038856717 8.159313e-06 0.7477269 0.019699516 5.302912e-05 0.79295856 3.958944e-06 4.666885e-06 0.0003235103 2.2460945e-05 0.00013694682 4.4625986e-06 0.47679934 0.021800138 3.728959e-05 0.011236763 0.03382567 0.0012748697 0.0056970348 2.5683776e-17 3.322477e-05 0.00031911253 7.750209e-06 3.9478728e-05 0.010073977 2.7842896e-05 0.0034229197 9.022643e-06 7.225057e-06 0.18321727 0.062181026 0.02009077 0.5967928 6.4532345e-05 0.0002311444 0.4097525 4.091636e-06 8.103148e-06 7.601259e-05 0.00013048902 0.3476712 2.1336371e-05 0.49106652 4.12753e-05 0.0006987772 3.6775295e-06 8.195705e-07 7.873143e-06 0.005853382 4.0752704e-05 0.00012347667 7.220889e-08 7.4127843e-06 2.0021132e-06 0.0016940814 8.7487e-06 1.1687019e-05 0.1378219 1.6047246e-05 1.2503862e-06 0.00052752404 0.018992014 1.6369344e-06 0.0010156595 0.0011553816 0.00035743677 1.0105493e-06 0.00028138602 1.0013568e-06 3.0168162e-06 2.0737934e-06 0.0023571837 0.0006606952 3.4987506e-06 7.12754e-06 1.920996e-05 0.00011257194 7.216511e-06 0.00060655747 0.0029133784 9.972447e-07 0.0068385443 0.019671155 7.287538e-06 2.5618786e-07 8.752647e-06 3.0681754e-06 8.896375e-06 1.074277e-07 2.2715936e-05
