6.4475825e-29 0.5857995 0.88460773 0.3629632 0.41693762 0.9356154 0.9029756 0.63604957 0.9035085 0.15725702 0.51094013 0.7063172 0.9343016 0.95512486 0.08323923 0.94924486 0.9436937 0.6160513 0.036531627 0.9796837 0.014894507 0.9305395 0.025620328 0.78268194 0.89452165 0.8181399 0.074682795 0.9726739 0.0063539706 0.23988001 0.007340855 0.9724193 0.808594 0.96527874 0.89949495 0.9676439 0.04225937 0.0039197383 0.94532806 0.84690833 0.8392068 0.0027080856 0.9837223 0.8593611 0.45407316 0.11053931 0.8157341 0.47617054 0.0013845153 0.91536415 0.7680291 0.99067545 0.82520026 0.046785083 0.7361992 0.988867 0.99811184 0.9298899 0.96916556 0.8797452 0.27738044 0.9878004 0.9783386 0.013051814 0.00084186153 0.9987365 0.14874944 0.000523878 0.3256279 0.041675102 0.14167812 0.0010666212 0.0014980185 0.0062788944 0.03707821 0.3646648 0.76985085 0.9736647 0.021800132 0.5646167 0.9987381 0.9999949 0.59111977 0.9391866 0.00074608304 4.0366944e-05 0.00053867267 0.52164805 0.9447427 0.03557979 0.95755106 0.07194865 0.99131805 0.003944247 0.93010414 0.0022440383 2.6831007e-05 8.998308e-06 1.5844325e-05 0.2863175 0.016376054
0.5857995 4.6737225e-19 0.8714604 0.81297433 0.88219297 0.48804858 0.6062747 0.6850003 0.5310404 0.73599905 0.2612407 0.14295404 0.108624615 0.071101606 0.5347175 0.30024257 0.09456561 0.08283539 0.017666854 0.029690979 0.1077842 0.0054571806 0.0056158854 0.03335738 0.020691782 0.0040516807 0.0048359605 0.037059646 0.019320179 0.0011686044 0.012510768 0.029584892 0.0011248143 0.023087893 0.014047964 0.007104992 0.0025401574 0.007626998 0.00025503302 0.000773612 0.0014097458 0.007046246 0.009460534 0.0005062234 0.00013112999 9.536889e-05 0.00063519593 3.1527157e-05 0.0047646654 0.00023656807 0.0100023355 0.0019393687 2.4825418e-05 4.6198534e-06 0.00046054425 0.0003110895 0.0029727854 0.00014819307 0.00021486363 1.9813833e-05 0.059570916 0.0056337663 0.0035742961 0.005335057 6.588689e-05 0.0022406308 0.006700186 9.6076736e-05 1.8454305e-08 1.1131467e-06 7.919818e-06 0.00068181875 0.00033787146 7.067838e-08 0.00033048828 2.4430983e-05 4.9318015e-07 0.0004940068 8.342938e-05 1.1175067e-06 0.00038549976 7.772151e-05 1.0012909e-06 0.00011984353 0.0016921307 2.4193905e-05 0.002324737 3.4620246e-06 0.00024739545 1.7128124e-05 6.27042e-05 2.8599237e-07 2.7962138e-05 4.9209444e-05 5.4327018e-05 1.2586885e-07 1.7711089e-07 9.940742e-07 0.00022160127 3.548861e-05 1.655399e-05
0.88460773 0.8714604 2.4473788e-19 0.44647473 0.3778547 0.82267314 0.80418515 0.32374367 0.49319333 0.100737095 0.087639265 0.11701871 0.676774 0.49434465 0.03475347 0.7460777 0.10611349 0.02540482 0.00755559 0.2672739 0.006790162 0.044447303 0.004196401 0.03006925 0.022767417 0.003681867 0.0029144192 0.1862934 0.0019938124 0.0009113156 0.0019278297 0.14297041 0.0010028692 0.061263222 0.042839997 0.030236151 0.0017247349 0.0016645317 0.0010441073 0.0006237394 0.003008839 0.0015447551 0.037993353 0.0031844934 8.330282e-05 6.552976e-05 0.0017982909 2.6272532e-05 0.0008838903 0.000809874 0.016214041 0.010700008 2.6426647e-05 5.402654e-06 0.0014964186 0.0019331217 0.021568865 0.0008263799 0.0017876127 2.0547754e-05 0.031411394 0.02817715 0.017940154 0.0027415133 5.233185e-05 0.011623857 0.0058165607 4.8002672e-05 1.7531573e-08 3.2559176e-06 4.0362054e-05 0.0008811054 0.00041463945 1.3645993e-07 0.0008961839 0.00014855005 1.9064075e-06 0.0021181135 0.00031030015 2.985747e-06 0.0017774096 0.001159663 2.1348103e-06 0.0005237521 0.002032789 1.1006888e-05 0.004392721 3.4297293e-05 0.0009930101 2.9433353e-05 0.00084882 9.7676825e-08 0.00038986615 0.00021190681 0.00011717101 2.2298313e-07 1.5994498e-06 6.338407e-07 0.00014500585 1.0339315e-05 3.3233136e-05
0.3629632 0.81297433 0.44647473 9.527093e-21 0.8759093 0.25848392 0.6084546 0.91602045 0.04638652 0.09136299 0.012800091 0.50982547 0.05636774 0.062022433 0.48484448 0.06808227 0.19710556 0.0026534924 0.0011943114 0.01873289 0.09127601 0.016991595 0.00055944227 0.126972 0.115192845 0.00056797854 0.00034178587 0.011384076 0.0329712 6.8951675e-05 0.007001637 0.009165364 0.00020892674 0.006382926 0.0025575045 0.004327345 0.00031462565 0.0016698149 0.0005396864 0.0003129278 0.00044911462 0.0016354156 0.004631197 0.0018031191 1.1948172e-05 5.340547e-06 0.004678833 2.2599415e-06 0.0028366148 0.00021168422 0.041766755 0.0004917586 5.378164e-06 3.2565324e-06 0.0056498945 8.9598296e-05 0.0010266905 0.0025341047 0.00014388042 2.9544142e-06 0.17344862 0.00253152 0.0039346856 0.023787705 0.00012320648 0.0042767897 0.038816635 8.014286e-05 2.4288932e-08 5.3667336e-06 9.0114605e-05 0.0042225155 0.0017463184 6.307955e-07 0.003284496 9.184867e-05 2.1049348e-06 0.00027378486 0.0012386027 2.7668027e-06 0.0007179436 8.8449444e-05 2.023027e-07 6.43335e-05 0.0061680516 7.16567e-05 0.010965086 1.08444695e-07 0.0005765228 3.2853353e-05 0.0002856586 9.4319665e-07 7.998164e-06 0.00043585658 8.38176e-05 3.6633506e-07 3.7908325e-07 1.8339765e-07 4.4873228e-05 3.5441426e-05 0.000119968056
0.41693762 0.88219297 0.3778547 0.8759093 1.471759e-17 0.2435811 0.42097032 0.7468218 0.102774106 0.567722 0.027919479 0.24290605 0.05512942 0.0710093 0.89258474 0.10966213 0.1088818 0.013440086 0.0040095784 0.031105569 0.448976 0.005956817 0.0016683522 0.051543597 0.05140119 0.0013702232 0.0025575105 0.016955674 0.18232793 0.00080218294 0.085174434 0.014333753 0.0010824421 0.011062638 0.0057087056 0.005757352 0.0014764437 0.009359345 0.0004043279 0.0012789101 0.00080780213 0.0075597344 0.0055936733 0.0005327121 8.867732e-05 0.00013847128 0.0014835539 2.3609191e-05 0.018293416 0.00044449297 0.026532384 0.00050708686 2.7852273e-05 8.775908e-06 0.002690755 0.0001893308 0.0019708571 0.0022589634 6.947656e-05 7.948919e-06 0.22023158 0.0012142285 0.0021610074 0.02089705 0.00026528345 0.002741551 0.03884835 0.0002025586 9.211585e-09 7.450368e-06 6.9729895e-06 0.0020882194 0.00086175546 1.0876843e-06 0.0016456962 1.4094709e-05 5.8090984e-07 0.00018163885 0.0004192979 6.5089415e-07 0.00040108117 0.00020489824 1.2148851e-06 4.298367e-05 0.011286886 0.0009116272 0.029101443 7.6099116e-07 0.0004783562 0.000119017546 0.00024596372 1.9516576e-06 3.5754332e-05 0.0003473073 4.7545014e-05 6.0082414e-07 2.3342427e-06 3.396494e-06 0.0011889412 0.00021581938 0.00021518086
0.9356154 0.48804858 0.82267314 0.25848392 0.2435811 8.3326055e-19 0.8386749 0.30609632 0.094288744 0.019784082 0.015679095 0.16164953 0.60292584 0.6638425 0.023550835 0.5021809 0.2140642 0.0027607263 0.0026312377 0.34823427 0.0030723452 0.22743547 0.002028295 0.055159044 0.046510823 0.000715999 0.0018901995 0.117942855 0.0018663013 0.00022850245 0.0022989 0.08634316 0.0002706548 0.041643202 0.00850246 0.14447553 0.0016595016 0.0021008838 0.006124188 0.00014783014 0.00059109565 0.003187319 0.121642224 0.018003963 9.457408e-06 2.2714223e-05 0.004565972 4.7423136e-06 0.0021304002 0.00011665144 0.047294743 0.0043678037 3.757739e-07 3.9328243e-06 0.013728969 0.00035883658 0.015665852 0.0052027777 0.009505386 1.5530692e-06 0.059709977 0.05439344 0.035191588 0.0071540144 9.683138e-05 0.019879749 0.015809279 0.0001214401 4.170663e-09 2.0828772e-06 0.0004964944 0.0022039278 0.0014278495 9.621458e-08 0.0032992228 0.0014200202 5.871188e-05 0.010242118 0.0018986947 0.00019041217 0.005191703 0.00088034995 1.7063512e-07 7.507932e-05 0.0010581461 1.4553166e-05 0.0016055928 8.74151e-06 0.0035189288 4.29783e-05 0.003879925 3.2578274e-08 0.0002072285 0.0015720959 0.0026711843 1.922935e-07 1.1737679e-06 4.951543e-07 4.754257e-05 7.279186e-05 0.0004926734
0.9029756 0.6062747 0.80418515 0.6084546 0.42097032 0.8386749 8.827947e-20 0.6912665 0.01251892 0.0041994103 0.0019234571 0.6318624 0.28881982 0.6084067 0.035519265 0.1445073 0.69431096 0.00029387148 0.00093330315 0.1963773 0.0014532446 0.31289548 0.00058945135 0.28952324 0.19062008 0.00011750705 0.0004084597 0.02301551 0.0011155199 6.164117e-05 0.00072109833 0.016354883 5.304708e-05 0.005789344 0.001183308 0.06862883 0.00016359233 0.0006997071 0.028778655 3.741273e-05 6.7202855e-05 0.0013779489 0.05035965 0.0144924 2.2848983e-06 5.8465557e-06 0.026118359 3.363766e-06 0.0009397584 2.224273e-05 0.05028449 0.00064720784 2.2152423e-07 3.4852733e-06 0.014244991 7.105467e-05 0.0029712745 0.0068574245 0.005318727 7.034891e-07 0.09646025 0.028634174 0.022992771 0.017920762 8.630668e-06 0.014666631 0.024106452 1.8963718e-05 1.21081e-08 2.060534e-06 0.0009381743 0.0038789092 0.0024171364 5.6926698e-08 0.0061487965 0.0033069637 0.00013586982 0.0067046187 0.0034212065 0.00033909455 0.0051348447 0.00032432147 2.059134e-07 3.225059e-05 0.0007588863 5.0042113e-06 0.0011643422 2.0824323e-06 0.0042002513 0.00015794262 0.0042259097 6.3579044e-08 5.6662302e-05 0.0017211661 0.0031889712 1.6967901e-07 7.576319e-07 3.686425e-07 5.2072896e-06 0.0003202271 0.00076616445
0.63604957 0.6850003 0.32374367 0.91602045 0.7468218 0.30609632 0.6912665 2.2087365e-20 0.017614834 0.03525576 0.004147759 0.7210722 0.043463282 0.105421476 0.3275209 0.052806057 0.4312912 0.001633394 0.0007613731 0.027364478 0.03297215 0.018480677 0.000457106 0.25855726 0.24081996 0.00044052055 0.0005202919 0.0094513185 0.018353114 6.387505e-05 0.004844172 0.007086454 0.00018658028 0.0059915995 0.0018965609 0.00675463 0.0006384204 0.0024121082 0.0013415313 0.00021158574 0.00035626115 0.0024421283 0.006629836 0.0021533081 9.461089e-06 2.4994001e-06 0.0057132235 2.4515577e-06 0.0030793194 0.00015575708 0.0780371 0.0005529248 2.862962e-06 1.8875081e-06 0.011527351 0.00013085303 0.0018029291 0.0036267282 0.00023455679 2.3869375e-06 0.31065923 0.0041788593 0.0053075263 0.043057933 0.00018064916 0.006033193 0.09311974 0.000121580306 1.1261134e-08 3.422911e-06 0.0002506597 0.006066605 0.0032996065 3.781239e-07 0.0047483933 0.00038729818 1.1227854e-05 0.000789106 0.002229181 2.1080676e-05 0.0014277536 0.00010409168 2.1705091e-07 1.8091821e-05 0.004495963 4.0055515e-05 0.01436209 1.1702499e-07 0.0011933971 0.0001454324 0.0010421519 5.318937e-07 1.8833232e-05 0.0018761877 0.00090380514 5.9223737e-07 3.0100898e-07 1.7922169e-07 4.3575077e-05 0.00020257947 0.0006744202
0.9035085 0.5310404 0.49319333 0.04638652 0.102774106 0.094288744 0.01251892 0.017614834 6.938261e-20 0.5708979 0.85790664 0.0020537206 0.26839885 0.04817263 0.017864589 0.80195755 0.000636949 0.75076044 0.24089232 0.088197656 0.0064682555 0.00086596195 0.15823336 0.0010376654 0.00048642722 0.39578733 0.16804254 0.37816668 0.001340133 0.21002558 0.0031492242 0.34930557 0.13634454 0.39914542 0.4529295 0.007778517 0.06955301 0.007351816 1.5089915e-06 0.090118326 0.18431357 0.006870798 0.032831658 0.00026549533 0.020653902 0.017550403 1.0120307e-06 0.0050639003 0.0018104258 0.023339402 0.00019335281 0.07935989 0.0005066477 0.0024819623 1.5171488e-06 0.024190297 0.14709488 1.1656814e-06 0.00035103832 0.00016449031 0.0020475877 0.052859146 0.020642158 7.836202e-05 0.005036911 0.0065214993 0.0003596348 0.0035986386 2.2217155e-06 0.00011737914 7.651136e-07 2.4367178e-05 5.773473e-06 0.00025644223 6.469434e-05 4.297719e-05 1.3243184e-06 0.0008000701 7.5986172e-06 9.4187e-07 0.00051563454 0.0037938291 8.6272565e-05 0.0017795247 0.0005560076 0.000262441 0.0011719615 0.0009022252 0.00013030422 1.608454e-05 3.310379e-05 1.3024689e-05 0.001384648 0.00022225907 1.9841593e-05 1.8218846e-06 1.5390055e-05 3.4833705e-05 0.0018946212 2.45e-05 9.224589e-05
0.15725702 0.73599905 0.100737095 0.09136299 0.567722 0.019784082 0.0041994103 0.03525576 0.5708979 8.5064774e-21 0.9191811 0.0022906943 0.0059336643 0.0032679597 0.7131957 0.040882394 0.00019510454 0.6330131 0.84904164 0.0016530704 0.6173446 0.00033449946 0.536893 0.0015105316 0.0005016659 0.005191336 0.2873389 0.0018508576 0.17382029 0.048645385 0.43570152 0.0016463477 0.0015585175 0.0028421134 0.0032625243 0.00049931876 0.4218259 0.58728343 6.261732e-07 0.0014115378 0.001061273 0.54473037 0.000169175 2.4911462e-05 0.00044413906 0.00041093977 3.410656e-06 1.7663475e-05 0.16050845 9.725933e-05 0.00021250118 0.00024948994 9.81218e-06 0.00035015462 1.1079783e-06 4.6818794e-05 0.0002668452 9.390872e-08 2.1218302e-06 6.423648e-06 0.022451166 0.0001518805 0.00034188936 0.0011675947 0.00729364 0.00025437935 0.0023372234 0.01617658 1.2188156e-08 1.426947e-06 2.2220797e-06 0.00022805812 9.9534824e-05 2.9124963e-06 0.00011161498 4.629379e-06 7.2299436e-08 1.2742752e-05 9.05117e-06 9.523646e-07 5.5067853e-06 1.43645e-06 1.4984126e-06 5.8274063e-06 0.00810324 0.03522158 0.00495889 1.6763097e-06 6.0141232e-05 4.6642645e-06 1.625159e-05 7.1743534e-07 2.6145282e-05 0.0005384834 2.0166877e-05 9.79479e-08 0.0041754716 0.0071664494 0.010379515 0.0001772259 0.00015652411
0.51094013 0.2612407 0.087639265 0.012800091 0.027919479 0.015679095 0.0019234571 0.004147759 0.85790664 0.9191811 2.2796134e-21 0.00086198514 0.013533197 0.002183254 0.0059894426 0.13289139 4.4987293e-05 0.89801574 0.61840165 0.0037717475 0.004277493 0.00010687952 0.4987373 0.00025825397 0.0001350598 0.06696139 0.38721153 0.016418697 0.00084565225 0.20070061 0.0022919814 0.016506044 0.023751767 0.023766095 0.03326268 0.00062176766 0.3027667 0.010177495 3.157819e-07 0.019823093 0.011603886 0.009488133 0.0009781334 2.4995921e-05 0.0128179975 0.011286585 3.5524025e-07 0.0032979187 0.002859786 0.0016160728 3.932898e-05 0.002927474 0.00011150657 0.002989528 1.758961e-07 0.0010658011 0.003205227 2.8091796e-07 3.5956215e-05 0.00010866227 0.0017056437 0.0030549567 0.0015483014 7.516665e-05 0.009193697 0.0008021903 0.00027885032 0.008887744 7.236403e-07 3.1419135e-05 1.1986639e-06 3.3422348e-05 1.4106731e-05 8.799553e-05 0.00011014926 3.6274441e-06 8.072479e-08 0.00012507045 2.7074631e-05 8.5149543e-07 0.00011061623 0.0001785367 1.0725021e-05 0.00021450083 0.001318492 0.0012355571 0.0005473917 3.0543768e-05 5.2481686e-05 4.8895596e-05 2.9207587e-05 4.629057e-06 7.431482e-05 0.00051095115 9.902038e-06 1.0986897e-05 0.00042354473 0.00056011067 0.0017690398 0.0001590436 0.00014113494
0.7063172 0.14295404 0.11701871 0.50982547 0.24290605 0.16164953 0.6318624 0.7210722 0.0020537206 0.0022906943 0.00086198514 7.8909163e-22 0.02881361 0.10842057 0.046732556 0.01741845 0.87730426 3.4958408e-05 0.00013851962 0.013152738 0.0018392472 0.06791479 8.232327e-05 0.722491 0.62631065 1.5273768e-05 2.6896107e-05 0.0049656425 0.0015784475 4.9070186e-06 0.0006750582 0.003816104 6.5290938e-06 0.0010929578 0.00016437694 0.012154086 2.0070254e-05 0.0005404737 0.033943765 8.014986e-06 2.4627176e-05 0.00039975074 0.0107683325 0.0052239955 4.6684673e-07 1.4079232e-07 0.10527737 3.849358e-07 0.0009413146 1.3390393e-05 0.19426711 2.646531e-05 1.8955669e-07 3.4860957e-07 0.07410803 9.1386855e-06 0.00050002616 0.06299063 0.001207669 2.2925296e-07 0.19340965 0.007944786 0.007103875 0.049172595 1.281188e-05 0.006935598 0.10909127 6.541359e-06 5.5823266e-09 1.4174271e-06 0.0012107699 0.013591824 0.009457495 4.008205e-08 0.016104963 0.0014665679 5.077365e-05 0.0020501413 0.0081099635 0.00014960213 0.0024651145 5.747447e-05 1.9062783e-08 7.548802e-06 0.0017230524 6.430825e-06 0.0021441942 1.9522066e-08 0.001540709 0.00016846674 0.0016372758 8.9200775e-08 5.549224e-06 0.002656118 0.0010506077 4.5282764e-08 5.8067496e-07 1.7520816e-07 9.012208e-07 0.00017032778 0.00066776515
0.9343016 0.108624615 0.676774 0.05636774 0.05512942 0.60292584 0.28881982 0.043463282 0.26839885 0.0059336643 0.013533197 0.02881361 2.5665238e-19 0.6383138 0.005345668 0.82141215 0.05256141 0.010023761 0.0026771214 0.83579016 0.0007638415 0.17493719 0.0023081421 0.023527622 0.013031431 0.0052505843 0.001426807 0.2877716 0.00041964295 0.00049962004 0.0006516193 0.25272605 0.0018455127 0.10611883 0.06167339 0.26208985 0.0009179145 0.00085575733 0.0045235315 0.000662634 0.004844867 0.0009602553 0.25591856 0.042051263 2.4446643e-05 4.262428e-05 0.0056067444 2.6748457e-05 0.0002776869 0.0008173309 0.013469881 0.016626144 1.2867348e-05 4.499437e-05 0.0029388391 0.002163293 0.059605405 0.0012713942 0.017007636 1.5959598e-05 0.008524454 0.08514652 0.056503236 0.0007710517 5.2606665e-05 0.036642108 0.003007383 4.2702115e-05 5.928027e-08 2.1918042e-06 0.0019491233 0.000441871 0.00028991725 1.180194e-06 0.0011402336 0.004871919 0.0005443902 0.02102043 0.001252043 0.0005932448 0.0099388845 0.008128116 9.652082e-06 0.0019663929 0.0012169069 0.00028234726 0.0046884343 0.00023115805 0.006926566 7.775457e-05 0.006841796 2.0721693e-07 0.0010298666 0.001807743 0.0044980883 3.8681443e-07 1.5360964e-05 2.5557524e-06 2.231644e-05 5.119257e-05 0.0006350609
0.95512486 0.071101606 0.49434465 0.062022433 0.0710093 0.6638425 0.6084067 0.105421476 0.04817263 0.0032679597 0.002183254 0.10842057 0.6383138 9.143481e-19 0.009137253 0.28956667 0.29902732 0.0012982766 0.0012150225 0.669039 0.0005810983 0.85550857 0.0006461733 0.06683947 0.0486011 0.00051781716 0.00036008735 0.07352885 0.0003388093 4.0958e-05 0.0007644817 0.041403558 0.00015951009 0.014619403 0.0021381602 0.37799284 0.0002136778 0.0010570806 0.08491767 5.481439e-05 0.00025810426 0.0012912815 0.22764069 0.091947444 2.7382216e-06 8.930249e-06 0.03055063 3.7519903e-06 0.00060980004 1.9494413e-05 0.058789264 0.0009203189 1.6672561e-07 1.05088075e-05 0.026709754 8.889772e-05 0.012233865 0.019583484 0.015207872 4.6659258e-07 0.051470347 0.055293884 0.043280184 0.0052352296 7.6249976e-06 0.033898957 0.01556507 1.2805236e-05 4.5606923e-09 2.2787516e-07 0.005388569 0.0015330574 0.0008940681 1.3160209e-07 0.004945859 0.008337705 0.0008797474 0.02204883 0.0036513912 0.0011519329 0.01230705 0.00241203 3.3689813e-07 0.00012135906 0.00021298447 4.939691e-05 0.0003890672 1.6124979e-05 0.010301167 0.00058033655 0.008484246 3.5536612e-08 0.00025932235 0.003454718 0.007937648 1.2922219e-07 2.152775e-06 1.2138092e-06 1.4524021e-05 0.0005815898 0.0019705698
0.08323923 0.5347175 0.03475347 0.48484448 0.89258474 0.023550835 0.035519265 0.3275209 0.017864589 0.7131957 0.0059894426 0.046732556 0.005345668 0.009137253 1.7216831e-19 0.013410868 0.0066199224 0.001635411 0.0017648069 0.0023726714 0.9228712 0.0013893709 0.0007478526 0.012667511 0.010893444 5.4303135e-05 0.00061193306 0.00030604986 0.8261445 7.105046e-05 0.42055824 0.00020282554 2.737004e-05 0.0002276279 0.00011289846 0.0004653601 0.0004960008 0.018773722 5.293746e-05 7.2719704e-05 3.0095905e-05 0.011547481 7.899583e-05 8.204215e-05 1.2206518e-05 8.678829e-06 0.00028346208 5.6385684e-06 0.04767865 1.180028e-05 0.0032475726 3.7186937e-06 4.589194e-06 1.4493836e-06 0.00024467485 2.5485213e-06 7.1981312e-06 0.00014432045 7.827788e-06 4.9927185e-06 0.06672693 2.9939116e-05 0.00016897697 0.009272678 0.00016081895 0.00023370473 0.02064933 0.00014114192 7.730052e-09 2.0822772e-06 2.8636216e-05 0.001696894 0.0007250268 1.5434075e-07 0.0010470625 5.6626763e-05 1.3270277e-06 4.9259495e-05 0.0002634857 7.230233e-06 4.1264004e-05 4.361002e-06 5.763392e-07 2.0289112e-06 0.010130969 0.002427847 0.023856439 6.967482e-07 0.0001551531 3.95958e-05 7.188421e-05 2.3555745e-06 3.8843746e-06 0.00024223099 0.00013515748 3.8480513e-07 3.196894e-06 1.5865298e-05 0.0071890284 0.00015405483 6.3274456e-05
0.94924486 0.30024257 0.7460777 0.06808227 0.10966213 0.5021809 0.1445073 0.052806057 0.80195755 0.040882394 0.13289139 0.01741845 0.82141215 0.28956667 0.013410868 1.8499673e-18 0.03349146 0.24518397 0.018493522 0.63010466 0.0022471854 0.01646238 0.015101449 0.010397477 0.0071890494 0.17477822 0.015363171 0.7484073 0.0006613861 0.014933272 0.0011782103 0.6666591 0.08561745 0.56992215 0.45549536 0.09578412 0.008608207 0.0015121566 0.00061394717 0.021908823 0.12418752 0.0020607323 0.17991017 0.0033358154 0.0031030711 0.0015954652 0.00022242403 0.0007231361 0.00069369207 0.020999806 0.005715594 0.132588 0.00043558815 0.00028955084 0.00029184716 0.032629047 0.20904922 0.00014621924 0.0041269576 0.00025849493 0.0064617884 0.07767972 0.045698162 0.0003588816 7.645193e-05 0.033534974 0.0016293941 7.904693e-05 1.766808e-06 1.75613e-05 8.763526e-05 0.00020594553 8.122068e-05 1.6219977e-06 0.0005590692 0.00040440485 2.9635672e-05 0.004793131 6.3158885e-05 9.261435e-05 0.003042511 0.018837158 7.9181526e-05 0.0030995188 0.0010850596 0.0001249647 0.0041430467 0.0005860937 0.0007079571 1.703251e-05 0.00042765855 1.3502928e-06 0.0019759915 0.00046733857 0.00017443484 6.8480944e-07 1.922243e-06 1.3916484e-06 0.00044235546 1.8174705e-05 0.00017723281
0.9436937 0.09456561 0.10611349 0.19710556 0.1088818 0.2140642 0.69431096 0.4312912 0.000636949 0.00019510454 4.4987293e-05 0.87730426 0.05256141 0.29902732 0.0066199224 0.03349146 3.2202178e-22 5.0437534e-06 2.963016e-05 0.052494843 0.0002509065 0.33468813 1.5914457e-05 0.6958248 0.6468311 9.584306e-06 1.1574006e-05 0.006435715 0.00032420582 2.5148577e-06 0.00056384807 0.003067206 1.9716956e-06 0.00093950296 4.246839e-05 0.07310897 8.006078e-06 0.00038596528 0.160178 2.0303262e-06 7.816814e-06 0.00048410546 0.059013855 0.026561802 1.4179321e-07 6.939269e-08 0.19028054 1.7045134e-07 0.0008134308 2.1793733e-06 0.15472709 2.044566e-05 1.4068351e-08 6.5150985e-08 0.065999135 4.461475e-06 0.00080508034 0.04945898 0.0068464726 1.7592805e-08 0.14480692 0.032126322 0.030804863 0.028484495 1.1363185e-05 0.023986038 0.062854595 1.2969111e-05 4.214894e-09 6.3498e-07 0.0013777677 0.00509142 0.004685701 2.8326799e-08 0.017310092 0.0030623977 6.422591e-05 0.010708537 0.011245178 0.00030324017 0.0068440014 5.2329004e-05 1.7626359e-08 1.8812183e-06 0.0008318635 1.328297e-05 0.001230296 4.6125624e-08 0.0072688153 0.00026962376 0.0046002013 1.418743e-08 3.3987656e-06 0.004076287 0.005748072 7.611665e-08 7.033093e-07 1.0045143e-06 6.31609e-06 0.00018885615 0.0012226687
0.6160513 0.08283539 0.02540482 0.0026534924 0.013440086 0.0027607263 0.00029387148 0.001633394 0.75076044 0.6330131 0.89801574 3.4958408e-05 0.010023761 0.0012982766 0.001635411 0.24518397 5.0437534e-06 9.241764e-21 0.64132184 0.0030585905 0.00092688843 7.4574687e-06 0.6042623 1.0088724e-05 1.1182919e-05 0.2554109 0.7770892 0.03300952 0.00016880559 0.8136374 0.0005517818 0.035447862 0.1619171 0.095818244 0.13196881 0.00010551703 0.52949363 0.0030087715 8.620244e-08 0.3720062 0.12252069 0.0027535951 0.00034975694 1.8799002e-06 0.1973951 0.36231604 7.779815e-08 0.23789734 0.0014991439 0.04797978 3.3212986e-05 0.026813783 0.0067042573 0.11660853 2.411657e-07 0.022525348 0.01322474 1.1299577e-07 4.8941806e-06 0.0040095593 0.0062440033 0.0015500145 0.0008281164 1.8736673e-05 0.02263328 0.00046247197 0.0011638826 0.0131542 5.7620953e-05 0.004417581 6.2712246e-08 3.138309e-06 2.2251356e-06 0.017133454 7.224634e-05 2.404281e-07 7.345517e-09 1.5951715e-05 5.2992036e-06 3.490755e-08 1.5750482e-05 0.00042458228 0.00026640814 0.00080192595 0.00029270008 6.9270616e-05 8.627866e-05 0.0004943546 1.0531561e-05 0.00010596679 6.9905473e-06 7.425205e-05 0.00047496165 0.0013922007 6.899673e-07 0.000172856 0.0013217339 0.001118335 0.0001525321 0.00038062083 0.00029427922
0.036531627 0.017666854 0.00755559 0.0011943114 0.0040095784 0.0026312377 0.00093330315 0.0007613731 0.24089232 0.84904164 0.61840165 0.00013851962 0.0026771214 0.0012150225 0.0017648069 0.018493522 2.963016e-05 0.64132184 5.0725203e-20 0.0009160938 0.0016283198 0.00039098374 0.94515574 8.094647e-05 4.4945267e-05 0.017065175 0.62822837 0.0019302175 0.0004635536 0.123897195 0.0011330073 0.0018996482 0.0073522995 0.0050343056 0.0073320847 0.00010295838 0.85185146 0.004325974 6.741967e-06 0.00873807 0.005202877 0.005088461 6.2715095e-05 6.3519685e-05 0.0015044718 0.008691772 3.8338226e-06 0.0009994083 0.0014152236 0.0019236507 9.844325e-05 0.0008988707 0.0007299683 0.009320958 5.554606e-07 0.0008972468 0.0013145892 1.1886452e-06 1.06154575e-05 0.0003080522 0.0015245742 0.00013644257 0.00024238444 5.3241445e-05 0.020749599 6.8308356e-05 0.00033922022 0.019452384 2.714227e-06 2.550239e-05 9.813934e-07 1.7060813e-05 8.924162e-06 0.0010445863 0.000105853265 5.9453746e-06 1.3968021e-06 2.5133559e-05 2.4241159e-05 2.9067593e-07 2.8033992e-05 4.3701297e-05 2.536214e-06 0.0002175428 0.0012186833 0.0038933817 0.00043747362 1.9628008e-06 0.00013377432 1.1281618e-05 3.942737e-05 1.2562315e-05 3.1803535e-05 0.00013123783 8.268115e-06 6.06819e-06 0.0027597733 0.0018630868 0.00073332136 6.3500964e-05 9.071101e-05
0.9796837 0.029690979 0.2672739 0.01873289 0.031105569 0.34823427 0.1963773 0.027364478 0.088197656 0.0016530704 0.0037717475 0.013152738 0.83579016 0.669039 0.0023726714 0.63010466 0.052494843 0.0030585905 0.0009160938 5.4060796e-20 0.0001990963 0.28475514 0.0005507219 0.012952301 0.011727935 0.0027841744 0.00048334984 0.39134422 0.00012958694 9.4371855e-05 0.0003927778 0.2957208 0.0010134385 0.09340869 0.032484766 0.7549166 0.00019959724 0.00060314586 0.022358058 0.00026265308 0.0022061937 0.00055225845 0.65263194 0.14625332 3.6514027e-06 4.677655e-06 0.008332863 5.3022113e-06 0.00014259582 0.00023298326 0.01125171 0.009149614 3.6310834e-07 4.6893615e-06 0.002907866 0.00058967597 0.0634373 0.0025034149 0.065136924 1.5087599e-06 0.006274976 0.28765434 0.16388012 0.00034515923 3.3720846e-06 0.09021527 0.0018200317 3.1357183e-06 6.5118155e-09 1.9791943e-07 0.0024621694 0.00013294535 7.725698e-05 6.7322006e-08 0.0013905553 0.007650597 0.0009187027 0.047453564 0.00084772555 0.0011313542 0.023974778 0.010026613 1.24255e-06 0.000414734 5.695285e-05 2.8197333e-05 0.00020311454 5.8255984e-05 0.013047415 4.9642716e-05 0.01047256 1.5122762e-08 0.0006376534 0.0007590658 0.011319036 2.2099712e-07 1.989528e-06 7.0804106e-07 2.1432904e-06 9.13985e-05 0.00032849138
0.014894507 0.1077842 0.006790162 0.09127601 0.448976 0.0030723452 0.0014532446 0.03297215 0.0064682555 0.6173446 0.004277493 0.0018392472 0.0007638415 0.0005810983 0.9228712 0.0022471854 0.0002509065 0.00092688843 0.0016283198 0.0001990963 1.1154933e-19 0.0001673685 0.00048887555 0.0013578918 0.0010983212 1.2305612e-05 0.0003498959 2.559454e-05 0.89847445 2.8792168e-05 0.7594309 1.4004629e-05 3.7409998e-06 3.536452e-05 2.1596794e-05 2.9377605e-05 0.0005207511 0.12549217 5.60102e-06 2.4336641e-05 1.0009135e-05 0.10615953 4.2454644e-06 7.119402e-06 1.3947242e-06 1.0259602e-06 4.371889e-05 1.7474903e-06 0.29824656 5.8266787e-06 0.0006929459 6.532921e-07 2.270633e-06 1.86005e-06 3.5004043e-05 1.2381922e-06 1.0659927e-06 2.8325221e-05 8.3295896e-07 1.9181666e-06 0.026218371 2.0876737e-06 2.5932766e-05 0.002066751 0.000106550586 1.5679221e-05 0.0073070037 0.000152479 2.0438435e-08 7.0804913e-07 4.980345e-06 0.0005463241 0.000338671 2.406006e-07 0.0003537271 1.2985558e-05 4.331199e-07 3.0172364e-06 8.241668e-05 2.4035694e-06 3.4187517e-06 1.5325529e-06 7.331129e-07 5.3420825e-07 0.0066611273 0.0134480465 0.012489978 7.549852e-08 3.226237e-05 1.14506365e-05 1.1442983e-05 4.23756e-06 1.1373967e-06 0.0001535047 1.3194781e-05 1.2142961e-07 3.8644204e-05 0.00036318175 0.016402751 2.5900068e-05 3.6742782e-05
0.9305395 0.0054571806 0.044447303 0.016991595 0.005956817 0.22743547 0.31289548 0.018480677 0.00086596195 0.00033449946 0.00010687952 0.06791479 0.17493719 0.85550857 0.0013893709 0.01646238 0.33468813 7.4574687e-06 0.00039098374 0.28475514 0.0001673685 1.2669454e-18 0.00035730575 0.087814935 0.036497 3.461518e-05 0.000117657095 0.024737397 0.00018043634 2.1140148e-05 0.0003047192 0.014749219 1.5656538e-05 0.0014898113 0.00029399927 0.66314256 0.00019687062 0.00045534607 0.43642175 9.149692e-06 2.2745764e-05 0.00044736156 0.25180796 0.779681 4.3079032e-07 3.0890326e-06 0.22667064 2.211853e-06 0.00040787697 2.6365537e-06 0.020417554 0.0002107908 8.086286e-08 7.808961e-06 0.014139434 1.9554423e-05 0.0031021538 0.014435267 0.2581197 4.046804e-07 0.0053611733 0.09989879 0.08521991 0.0016168782 4.0996372e-05 0.04844174 0.0052916696 5.718328e-05 7.130731e-09 4.4428842e-07 0.081456676 0.0011977052 0.0010001615 5.293337e-07 0.0043283487 0.13960494 0.02439518 0.24932325 0.008186185 0.016125133 0.076053664 0.0026163456 1.3956584e-06 7.573192e-05 0.002138759 0.00014124965 0.0031749303 3.318848e-05 0.05393426 0.0018959732 0.06467629 1.9228553e-06 0.00025592622 0.0009115489 0.05830305 2.41938e-06 8.214768e-05 2.756932e-05 2.8343284e-06 0.001433581 0.0015185167
0.025620328 0.0056158854 0.004196401 0.00055944227 0.0016683522 0.002028295 0.00058945135 0.000457106 0.15823336 0.536893 0.4987373 8.232327e-05 0.0023081421 0.0006461733 0.0007478526 0.015101449 1.5914457e-05 0.6042623 0.94515574 0.0005507219 0.00048887555 0.00035730575 2.2750647e-18 4.1980944e-05 2.6372541e-05 0.01946399 0.72584313 0.0020454857 0.0002539603 0.3020136 0.0004982521 0.0021487768 0.011033494 0.005354817 0.010034893 6.43335e-05 0.8949994 0.0012459992 4.702322e-06 0.022965902 0.008838301 0.0013659842 2.113017e-05 5.5100343e-05 0.0053879856 0.045854416 2.7457502e-06 0.008106847 0.00069124013 0.0029346496 7.639945e-05 0.0010705595 0.0010110115 0.04014902 6.9363153e-07 0.0012211491 0.0014005805 1.1859312e-06 4.5927222e-06 0.00046195646 0.0015900887 6.8008776e-05 0.0001304084 6.240396e-05 0.024319092 4.182948e-05 0.00063182804 0.022788605 1.7949471e-05 0.00017197731 6.794607e-07 1.8049323e-05 7.4539216e-06 0.0053519146 0.00023107497 4.833505e-06 8.236897e-07 9.30033e-06 7.228996e-05 2.0825424e-07 1.5770293e-05 6.740646e-05 6.456543e-06 0.00027546496 0.00069988833 0.0011495015 0.00022688277 1.5983205e-05 7.866332e-05 1.228692e-05 3.6506914e-05 3.7275433e-05 5.3925112e-05 0.00012376659 2.6944358e-06 1.2591425e-05 0.0016155841 0.0009430762 6.5659384e-05 3.6841764e-05 0.000102334816
0.78268194 0.03335738 0.03006925 0.126972 0.051543597 0.055159044 0.28952324 0.25855726 0.0010376654 0.0015105316 0.00025825397 0.722491 0.023527622 0.06683947 0.012667511 0.010397477 0.6958248 1.0088724e-05 8.094647e-05 0.012952301 0.0013578918 0.087814935 4.1980944e-05 6.875651e-22 0.93482184 8.545947e-06 6.9020125e-06 0.0043744794 0.0015505882 2.2057611e-06 0.0013984928 0.0023754267 2.2587694e-06 0.00037063638 8.2150036e-05 0.02460301 7.819938e-06 0.0006949038 0.1578524 3.161554e-06 1.7351127e-05 0.0003531649 0.015422609 0.012318451 4.7002482e-07 1.0245643e-07 0.33986753 3.7504788e-07 0.0016264257 3.435915e-06 0.5045806 1.5016837e-05 1.1063062e-07 5.2195526e-07 0.32770112 5.0086037e-06 0.00013412166 0.32141107 0.0040213442 2.3069302e-07 0.25837457 0.01163907 0.013426032 0.076304734 6.94971e-05 0.010960098 0.15877141 3.2797725e-05 1.1341254e-08 2.3802338e-06 0.0063081654 0.025577916 0.019454 1.5150731e-07 0.052883223 0.0075853 0.00044008996 0.005687817 0.027796665 0.0012694575 0.004479881 3.593225e-05 7.610794e-08 1.0122271e-05 0.0059161535 2.4505349e-05 0.0044655493 4.6188042e-08 0.003564491 0.0018727651 0.0043490203 2.0214745e-07 8.908568e-06 0.010791166 0.0038965372 5.6229045e-08 3.5621545e-06 7.985157e-07 2.469831e-06 0.0005754684 0.0053258864
0.89452165 0.020691782 0.022767417 0.115192845 0.05140119 0.046510823 0.19062008 0.24081996 0.00048642722 0.0005016659 0.0001350598 0.62631065 0.013031431 0.0486011 0.010893444 0.0071890494 0.6468311 1.1182919e-05 4.4945267e-05 0.011727935 0.0010983212 0.036497 2.6372541e-05 0.93482184 1.170985e-21 1.4406762e-05 5.711986e-06 0.0013672485 0.0012748406 1.8930931e-06 0.0012929648 0.00088886335 4.3464242e-06 0.00020894385 7.577086e-05 0.01246036 5.8986066e-06 0.00050817686 0.12560639 4.191536e-06 2.185956e-05 0.00029094066 0.011381351 0.005342366 5.383524e-07 2.1912575e-07 0.29457965 1.7287685e-07 0.0016623281 8.947709e-06 0.6723859 1.3885482e-05 1.8615556e-07 4.8671444e-07 0.4807809 3.3106933e-06 0.00010642303 0.49040943 0.00072009565 1.9208454e-07 0.41870615 0.0049862238 0.0064442987 0.11265013 4.099438e-05 0.006203704 0.3018873 4.005651e-05 1.9353008e-08 5.793735e-07 0.004406206 0.028605485 0.022401862 5.5765398e-08 0.082333945 0.003291548 0.00016200841 0.0026279574 0.045904413 0.0003452623 0.0028648057 3.8556223e-05 7.703254e-08 6.8692975e-06 0.0044043474 1.4313186e-05 0.005111976 4.3289294e-08 0.0036392428 0.0030974299 0.0028958702 4.338504e-07 5.0974486e-06 0.016114926 0.0022547867 4.693276e-08 2.473446e-07 1.2216952e-07 7.3469864e-06 0.00044519885 0.008511567
0.8181399 0.0040516807 0.003681867 0.00056797854 0.0013702232 0.000715999 0.00011750705 0.00044052055 0.39578733 0.005191336 0.06696139 1.5273768e-05 0.0052505843 0.00051781716 5.4303135e-05 0.17477822 9.584306e-06 0.2554109 0.017065175 0.0027841744 1.2305612e-05 3.461518e-05 0.01946399 8.545947e-06 1.4406762e-05 2.2554762e-17 0.066622235 0.06678966 7.282175e-06 0.15707108 6.8447254e-05 0.099425234 0.8854028 0.26847363 0.49746948 0.00048578382 0.025569625 0.00035580224 2.6184435e-07 0.83149296 0.642272 0.000547189 0.0029849643 3.0283682e-05 0.45850682 0.1125426 4.6199827e-07 0.17900065 0.0003409198 0.41375425 2.890505e-05 0.28500134 0.15964708 0.03225553 2.1132486e-07 0.28726235 0.32197967 2.9497616e-07 3.8076116e-05 0.11670606 0.0011640274 0.009160676 0.0043990053 3.0551062e-06 0.0013331368 0.0022762725 0.00011252676 0.0005524547 0.0032846292 0.011300936 1.244613e-07 7.600828e-06 5.3104504e-06 0.0025285403 2.4162131e-05 1.4476016e-06 3.9677616e-08 0.00011266475 3.957929e-06 6.808453e-08 0.00012049918 0.017741947 0.0029014654 0.011938768 0.00040370697 0.00015411404 0.0007370274 0.006232108 4.2671545e-05 5.989942e-06 2.3018536e-05 0.00097336026 0.0040562246 0.00054097647 2.31447e-06 0.0005302002 3.8607443e-05 2.8175105e-05 0.000200929 3.477002e-05 5.7284917e-05
0.074682795 0.0048359605 0.0029144192 0.00034178587 0.0025575105 0.0018901995 0.0004084597 0.0005202919 0.16804254 0.2873389 0.38721153 2.6896107e-05 0.001426807 0.00036008735 0.00061193306 0.015363171 1.1574006e-05 0.7770892 0.62822837 0.00048334984 0.0003498959 0.000117657095 0.72584313 6.9020125e-06 5.711986e-06 0.066622235 1.32732784e-17 0.0022299315 0.00011397671 0.87896466 0.00060030614 0.0024385673 0.047903847 0.008642315 0.016413666 7.389848e-05 0.9070972 0.0013219753 1.5555905e-06 0.15206788 0.034724467 0.0013623176 2.4393568e-05 9.483112e-06 0.099936314 0.617358 5.4290496e-07 0.18433267 0.0010630391 0.018161444 3.786912e-05 0.0038532736 0.0060089035 0.5432312 6.475545e-07 0.005445205 0.0045797173 3.235499e-07 2.1110097e-06 0.003510509 0.0040897424 6.400457e-05 0.00011137106 2.307969e-05 0.13799 5.7429763e-05 0.0014986565 0.0719691 0.00019613041 0.010697548 3.0854275e-07 5.081325e-06 2.6455634e-06 0.15602203 0.00015644531 3.3462352e-06 2.976537e-07 1.2682503e-06 2.6802798e-05 3.6859612e-07 1.6383198e-06 0.00011744767 0.00015237929 0.0004694642 0.0016719392 0.00049341965 0.00029479017 0.00011293206 7.5148405e-06 5.35147e-05 3.2055063e-06 0.00042613898 0.00017526091 0.00069515203 1.7267953e-06 0.00071751204 0.0035581568 0.00105948 3.6778434e-05 0.0007045288 0.000518055
0.9726739 0.037059646 0.1862934 0.011384076 0.016955674 0.117942855 0.02301551 0.0094513185 0.37816668 0.0018508576 0.016418697 0.0049656425 0.2877716 0.07352885 0.00030604986 0.7484073 0.006435715 0.03300952 0.0019302175 0.39134422 2.559454e-05 0.024737397 0.0020454857 0.0043744794 0.0013672485 0.06678966 0.0022299315 2.4364613e-19 2.7101654e-05 0.0015590884 9.818465e-05 0.889601 0.038606968 0.6599694 0.41582924 0.15842105 0.0014122445 0.000101087135 0.00075733435 0.00887561 0.11605372 0.00014142598 0.37800926 0.015946934 0.00066446094 0.0005005507 0.00081372063 0.00035637614 0.00013256668 0.023115426 0.0008601605 0.15721262 0.0005423614 8.8199195e-05 7.98867e-05 0.034923855 0.3998779 1.7578459e-05 0.016635288 0.00028317675 0.0011955564 0.2660878 0.1294896 3.9292874e-05 3.8929284e-05 0.068914816 0.0004888343 3.7945112e-05 2.091119e-06 1.0232647e-05 0.0006370666 2.4986339e-05 1.7230062e-05 2.5450652e-06 0.00038982282 0.002583658 0.00066397124 0.022067588 0.00024183192 0.0003211492 0.011431177 0.07490258 0.00019425292 0.006470091 0.00039979344 0.00011609298 0.0007284689 0.001530712 0.005797665 1.9466044e-05 0.0064065093 5.218458e-07 0.0023850717 0.002127853 0.0042782295 2.5363859e-06 5.7631964e-06 5.59367e-06 2.0434218e-05 9.441813e-05 0.00064346753
0.0063539706 0.019320179 0.0019938124 0.0329712 0.18232793 0.0018663013 0.0011155199 0.018353114 0.001340133 0.17382029 0.00084565225 0.0015784475 0.00041964295 0.0003388093 0.8261445 0.0006613861 0.00032420582 0.00016880559 0.0004635536 0.00012958694 0.89847445 0.00018043634 0.0002539603 0.0015505882 0.0012748406 7.282175e-06 0.00011397671 2.7101654e-05 1.7085726e-18 6.503038e-06 0.83789504 2.0493564e-05 4.1051594e-06 3.8097038e-05 4.1222902e-05 4.4704677e-05 0.00021792945 0.07696448 5.194996e-05 4.0720886e-05 1.1646075e-05 0.06745949 8.22134e-06 1.3896624e-05 1.8629348e-06 1.501096e-06 0.00017935962 3.231205e-06 0.6030305 2.1316013e-05 0.0012593683 5.20184e-06 8.460443e-06 9.311299e-06 0.00013445629 6.74773e-06 7.1488685e-06 0.00018889074 2.3061284e-06 3.3883834e-06 0.035434023 1.4455688e-05 4.779487e-05 0.0062807268 0.00025316252 1.5017712e-05 0.009632138 0.00025868902 1.7727263e-07 2.6713012e-06 1.0791719e-05 0.0013765527 0.00080176914 9.003221e-07 0.0004916934 3.2666245e-05 4.906944e-06 1.17537365e-05 0.0003347289 1.2770138e-05 1.191774e-05 5.7096336e-06 9.47582e-07 6.2478002e-06 0.025905548 0.014273393 0.030788504 4.286231e-08 0.0001929395 8.249547e-05 8.486921e-05 1.7362649e-05 4.4159906e-06 0.00046050362 2.8513125e-05 7.851993e-07 2.1173862e-05 0.00041712762 0.045400973 8.1290345e-05 0.00015347428
0.23988001 0.0011686044 0.0009113156 6.8951675e-05 0.00080218294 0.00022850245 6.164117e-05 6.387505e-05 0.21002558 0.048645385 0.20070061 4.9070186e-06 0.00049962004 4.0958e-05 7.105046e-05 0.014933272 2.5148577e-06 0.8136374 0.123897195 9.4371855e-05 2.8792168e-05 2.1140148e-05 0.3020136 2.2057611e-06 1.8930931e-06 0.15707108 0.87896466 0.0015590884 6.503038e-06 8.4505335e-19 4.5477147e-05 0.0018586272 0.13868116 0.01595625 0.03189717 1.1342916e-05 0.596569 0.000250454 9.278403e-08 0.46901622 0.07752109 0.0002273838 2.8799348e-06 2.6170515e-06 0.4450716 0.89826035 6.9777194e-08 0.581614 0.00019370127 0.03860498 6.5507484e-06 0.008694951 0.016921517 0.5830714 6.857679e-08 0.012336298 0.007675353 7.369673e-08 6.854655e-07 0.010632444 0.0025079697 5.445566e-05 4.1735646e-05 7.5474336e-06 0.02541366 3.2867454e-05 0.0007855331 0.009266101 0.00046895607 0.028361838 4.0540062e-08 6.964645e-07 5.869912e-07 0.11975534 4.395623e-05 3.8408578e-07 2.2615433e-08 1.0719954e-06 3.862978e-06 3.105476e-08 8.6158275e-07 0.0003691305 0.00011797496 0.00093720265 0.002398476 9.5117875e-06 0.00018966568 0.00013185001 2.3793714e-06 2.3421286e-05 8.746168e-07 0.0003086165 0.00019256394 0.0010103475 4.836552e-08 0.0015139227 0.0006407355 8.917249e-05 1.9019783e-06 0.00046204327 0.00093813
0.007340855 0.012510768 0.0019278297 0.007001637 0.085174434 0.0022989 0.00072109833 0.004844172 0.0031492242 0.43570152 0.0022919814 0.0006750582 0.0006516193 0.0007644817 0.42055824 0.0011782103 0.00056384807 0.0005517818 0.0011330073 0.0003927778 0.7594309 0.0003047192 0.0004982521 0.0013984928 0.0012929648 6.8447254e-05 0.00060030614 9.818465e-05 0.83789504 4.5477147e-05 1.1259348e-16 0.00012003398 5.1010837e-05 0.00012575315 0.0001364932 0.00017743612 0.0003408135 0.55877715 0.00010851542 0.00021193773 0.00010712902 0.5371955 2.9877938e-05 2.5082172e-05 9.244647e-06 1.2392229e-05 0.00012126187 1.4456489e-05 0.8863233 8.995961e-05 0.0006221464 1.2427e-05 4.7195717e-05 7.361726e-05 4.4502118e-05 2.148297e-05 2.3950997e-05 9.880836e-05 7.982329e-06 8.346153e-05 0.011707524 2.5523657e-05 0.00011844562 0.000738655 0.00033344745 2.9582305e-05 0.0041596964 0.0003000167 8.975044e-07 1.5147092e-05 8.154101e-06 0.00024508426 0.00018813998 6.0444627e-06 0.00018205281 5.3089134e-05 1.3590136e-05 3.4847864e-05 0.00014690863 2.6663292e-05 2.470657e-05 4.1369876e-05 6.7572287e-06 1.5991165e-05 0.0017475687 0.027449677 0.0012514777 2.1261246e-06 0.00049444044 9.521003e-05 0.00016733436 0.00048065087 3.0927247e-05 0.00025698304 0.00019194129 1.0288564e-06 5.749821e-05 0.00034614053 0.032645643 0.00031875665 0.00034157783
