3.605738e-33 0.39879364 0.5244641 0.85404605 0.5284368 0.42244795 0.4558073 0.9298519 0.7979512 0.81350565 0.18576245 0.8934534 0.5980919 0.13724117 0.8066101 0.051924843 0.03922442 0.8615556 0.024905123 0.8756204 0.9501588 0.9676576 0.034703698 0.12222822 0.95147383 0.06603268 0.8089741 0.9687226 0.780315 0.91938347 0.92207384 0.024885764 0.058270507 0.8864518 0.050955318 0.9730693 0.84623843 0.33682868 0.011958951 0.5548674 0.057611927 0.9299485 0.9505224 0.39726186 0.0074826134 0.18005435 0.98900294 0.8165345 0.88066316 0.86716354 0.0013374136 0.23438667 0.02911928 0.011949847 0.06921219 0.8831753 0.5018567 0.952353 0.009564629 0.0009818012 0.007232927 0.86652666 0.0010788392 0.44246727 0.27904367 0.0013070842 0.013103847 0.99532044 0.000525247 0.9981308 0.00037532876 0.0024633778 0.99786353 0.99968094 0.9990931 0.9915268 4.2163345e-05 0.007987817 0.40090215 2.6883361e-05 0.99394906 9.612898e-05 0.001068726 0.08506187 0.6946133 0.00045516336 0.7716828 0.08548791 0.9718858 5.8143896e-06 0.017734298 0.81919485 6.1684245e-06 0.011432262 0.9797339 0.0035418975 0.1833747 0.98863786 0.19719781 0.04628033 0.9999586
0.39879364 3.7488193e-24 0.892302 0.452271 0.7992786 0.70735854 0.18856463 0.22632083 0.34107584 0.20996551 0.10675244 0.13209964 0.058197603 0.15255408 0.023020377 0.13540208 0.12637378 0.06140728 0.12494416 0.01969728 0.033082712 0.08475932 0.0319356 0.145554 0.101713724 0.016524686 0.0052164956 0.007787294 0.009698296 0.0035734545 0.0045936997 0.029331291 0.0056861998 0.0023099598 0.0944679 0.05011519 0.0033712408 0.0020776486 0.040040433 0.0003779539 0.0021866213 0.0015804162 0.009104191 0.00058918947 0.043021187 0.0073702154 0.019597875 0.004428145 9.141758e-05 0.0033812288 0.0010887434 3.3685927e-05 0.00054331654 0.008400691 2.4476529e-05 0.0017357145 9.225007e-06 0.0046057436 0.012542295 0.0099628605 0.0002790525 0.0010200222 0.002355285 9.3164107e-07 8.154767e-05 0.00027018957 4.864003e-05 0.013838296 0.0005326011 0.0126987165 0.00067428773 3.3780925e-05 0.0028995622 0.0042498983 0.0035231092 0.0038345794 0.0010870191 3.5690624e-05 8.020234e-07 4.140248e-05 0.002081818 0.0024502887 8.204468e-06 1.7742747e-06 5.561847e-05 4.5491986e-05 0.00024590906 2.0798548e-07 0.00074501405 0.00021410963 1.4552639e-05 9.897658e-06 2.2817809e-05 1.2186999e-07 6.081135e-05 1.2530356e-07 7.0491217e-07 2.527106e-05 2.2284642e-07 5.3673165e-08 0.0004375485
0.5244641 0.892302 3.144503e-24 0.6904418 0.6699762 0.3392501 0.32653284 0.40302557 0.44689196 0.26207155 0.13982768 0.09945987 0.14785297 0.15991974 0.08669722 0.09939212 0.10029315 0.08646964 0.102077335 0.07200962 0.091124564 0.115272775 0.04982081 0.0777782 0.22149679 0.033638682 0.009699618 0.03190246 0.013251838 0.0037887944 0.0070828022 0.04537065 0.018845653 0.02378335 0.06303023 0.086764194 0.007612799 0.003955544 0.03501119 0.00067813054 0.005493083 0.0028629089 0.04065225 0.003515035 0.027297333 0.008502447 0.047324896 0.022054717 4.522289e-05 0.012529837 0.0042657815 3.1040654e-05 0.00047629772 0.005920189 0.0005351938 0.0038387035 1.3110904e-05 0.0072198743 0.015303844 0.007805711 0.00023505636 0.0060904124 0.002407823 1.168903e-06 0.0012280688 0.0017769699 5.2059662e-05 0.022090225 0.0013641305 0.03959898 0.0010725369 5.919799e-05 0.00381389 0.006088633 0.0064865905 0.015509003 0.0009530766 7.713712e-05 5.025338e-07 0.0005184583 0.005109083 0.00068267924 6.371951e-06 2.117795e-06 0.0007096019 2.1566826e-05 0.0013123289 3.5568146e-06 0.0021115034 0.0002932849 2.1726359e-05 1.33731655e-05 0.00011940955 2.8075121e-06 0.00060224 1.4494465e-07 1.2523774e-05 1.8660849e-05 3.2968114e-06 1.4393825e-07 0.0013058182
0.85404605 0.452271 0.6904418 3.7340975e-20 0.5837183 0.2897405 0.68082005 0.8038845 0.25948733 0.15848811 0.3832557 0.12695485 0.5249702 0.21515979 0.39865538 0.0771224 0.08233385 0.036908593 0.07097117 0.31006142 0.3231585 0.11264727 0.12029349 0.09956891 0.3855405 0.08200607 0.004231186 0.15486497 0.0035128735 0.003979652 0.0040548323 0.10472686 0.06399719 0.14257799 0.06576266 0.08052993 0.0040902374 0.0005871818 0.04038233 0.00012323174 0.019770456 0.0021466855 0.07504144 0.010368968 0.01727444 0.0023778644 0.14083052 0.043385252 9.152371e-06 0.04084013 0.014314683 1.1527861e-05 0.00030878664 0.002942659 0.0016050086 0.0038140952 7.202416e-06 0.0076606 0.009553334 0.009004121 0.00019365677 0.022763517 0.0016218122 4.1728356e-07 0.0024640157 0.0038188635 3.82262e-05 0.03276691 0.0025559086 0.078941144 0.00040759877 0.00015100729 0.0025396282 0.006587059 0.01398381 0.04889876 0.00072548987 0.00014121221 9.8350576e-08 0.0013498602 0.012234659 0.00029173668 9.497267e-06 3.6803553e-07 0.0015693769 1.3526429e-05 0.0028874427 3.4035093e-05 0.004180073 0.00011358802 1.2370905e-05 5.8650016e-06 0.00016516104 1.1063991e-05 0.0022021146 2.6912372e-07 3.669393e-05 3.448608e-05 2.9127394e-05 5.0538933e-08 0.0068189967
0.5284368 0.7992786 0.6699762 0.5837183 3.847644e-24 0.7921292 0.7189454 0.35774592 0.10342402 0.07363552 0.718126 0.046362955 0.36386582 0.70274556 0.076898605 0.5164795 0.56944275 0.028381335 0.5308426 0.055725105 0.053925324 0.043346163 0.23548336 0.43340665 0.07462975 0.17855635 0.0026441321 0.021597954 0.0046335827 0.001959974 0.0029926002 0.19616365 0.058454845 0.008113173 0.2554518 0.015554699 0.0022186593 0.00059822924 0.1396161 0.00029090626 0.008025158 0.0009405704 0.008746393 0.0018442846 0.09398821 0.0038241167 0.013352609 0.0067254766 1.6194452e-05 0.0048471433 0.007845942 1.0010938e-05 0.0002264526 0.005400324 0.00013282408 0.0011121016 7.768093e-06 0.00095371983 0.014270281 0.018881986 0.00012822705 0.0019712136 0.0029607196 5.5049077e-07 0.0002560134 0.0024378372 1.0339324e-05 0.0032953422 0.0026206458 0.007005514 0.0009656699 3.9658917e-05 0.0016112867 0.001580163 0.00093786215 0.0042670993 0.0015354783 4.535371e-05 5.1100937e-08 0.0008214008 0.00268913 0.001496106 8.233654e-07 4.6361592e-07 0.00021002488 9.524986e-06 0.0006229321 1.888286e-06 0.0013941397 0.000256049 6.6340695e-06 1.655046e-06 0.00011039734 4.6942228e-07 0.00012686545 1.3877401e-08 4.9570076e-06 3.511031e-06 1.6179932e-06 1.6706167e-08 0.00035285266
0.42244795 0.70735854 0.3392501 0.2897405 0.7921292 3.1264688e-22 0.21383505 0.16594353 0.13032024 0.12821269 0.21759579 0.098757334 0.023232091 0.4151484 0.011141585 0.63547933 0.48434862 0.120398276 0.51290244 0.012966378 0.017138267 0.0772079 0.06803088 0.7045408 0.06088334 0.028437756 0.0132772215 0.0032406843 0.021839185 0.0071125105 0.008046202 0.07270139 0.0075133154 0.0013142345 0.4974976 0.037717342 0.0049432064 0.0072526922 0.13902909 0.0025862898 0.001110054 0.0016967959 0.0036251326 0.00029831714 0.12986618 0.03670663 0.005161923 0.0022302272 0.00017413846 0.0009864569 0.0016159364 0.00029909596 0.0038338557 0.05002881 1.590294e-05 0.0028715578 9.96622e-05 0.0040020277 0.04239684 0.01747493 0.0020401368 0.00028761144 0.010315648 1.72865e-05 3.759048e-05 0.00018654861 0.00020889187 0.005916808 0.0011261152 0.0039208806 0.0049332203 0.00026580234 0.0033283967 0.0020281172 0.0016887767 0.001087504 0.0038761247 3.7372007e-05 1.5394892e-06 8.262554e-05 0.00027347065 0.011331921 1.934693e-05 1.5974916e-05 2.020823e-05 0.00051089714 5.7529858e-05 2.0155358e-07 0.00021363646 0.0010425899 7.108517e-05 6.0651153e-05 2.6079468e-05 9.693647e-08 2.0992984e-05 3.1038934e-07 1.0859213e-06 0.000120422315 5.029351e-07 2.4949193e-07 0.000119470955
0.4558073 0.18856463 0.32653284 0.68082005 0.7189454 0.21383505 1.05156846e-20 0.57230854 0.07752745 0.04710146 0.7701074 0.03619749 0.82529914 0.50860137 0.4264593 0.06770028 0.11097902 0.015601214 0.06781897 0.25680718 0.20382532 0.04836591 0.39069676 0.05416198 0.19214243 0.3896061 0.0017592061 0.12628648 0.002472623 0.00092947227 0.001185007 0.29387218 0.3700635 0.39186612 0.073714934 0.01581664 0.0013231602 0.00024485154 0.043109663 8.6890934e-05 0.07127329 0.00037018262 0.03880806 0.03657165 0.017650988 0.0010653292 0.039466467 0.035949264 8.0362015e-06 0.03739988 0.02524525 8.636011e-06 6.3390486e-05 0.0024453863 0.0022861834 0.0016434253 2.1909273e-05 0.0009968268 0.013436574 0.007295459 4.1735122e-05 0.021525783 0.0016922574 1.0958681e-06 0.0045695747 0.015715165 8.158294e-06 0.0055236723 0.0046008113 0.018599585 0.00045134974 3.0369176e-05 0.0008921533 0.0019196913 0.0014617303 0.029904978 0.0003653409 0.0003616008 8.51811e-08 0.0042862114 0.009946869 0.00019497825 2.0239602e-06 1.2397412e-06 0.0031822633 3.940077e-06 0.0038427727 0.00014779533 0.00398239 0.00014550259 1.3299944e-05 5.0734516e-06 0.0005809105 5.2082556e-05 0.0022336063 1.7087304e-07 9.441569e-05 7.0039478e-06 9.268972e-05 1.9586132e-07 0.002304813
0.9298519 0.22632083 0.40302557 0.8038845 0.35774592 0.16594353 0.57230854 4.3961196e-19 0.26082855 0.16947511 0.27458036 0.13726799 0.4887341 0.14900479 0.5166442 0.050028328 0.056636903 0.03966888 0.04312467 0.4638203 0.48937827 0.1535699 0.100855745 0.048165523 0.5323651 0.083326 0.0036975571 0.35090825 0.003064567 0.0041518137 0.0043858667 0.095831566 0.09510732 0.27131587 0.030998189 0.106893234 0.0052767354 0.00024608526 0.030750427 5.140734e-05 0.02951329 0.0030471005 0.15159999 0.028896587 0.0074491356 0.0008799647 0.2097405 0.08023919 6.197565e-06 0.09170702 0.016961738 3.4702684e-06 0.000138566 0.0018397312 0.0027466137 0.0071967794 6.2706918e-06 0.015507715 0.005419592 0.0051524183 0.00011373328 0.061074134 0.0010397064 4.502927e-07 0.0037357025 0.0034940343 2.4615763e-05 0.06054013 0.0036507852 0.14161019 0.0004650345 7.3096206e-05 0.0030500905 0.009961241 0.036286015 0.11712379 0.00091210724 0.00017640486 1.8870374e-07 0.001709051 0.022698227 0.00012950775 5.9055296e-06 5.0426155e-07 0.0034980534 2.4382683e-05 0.0048130862 9.550022e-05 0.0057677473 0.00018120423 3.5497513e-05 1.1196301e-05 0.00017006953 4.0441737e-05 0.0049379296 3.043592e-07 0.00011295263 7.57911e-05 0.00011352283 1.2624056e-07 0.014462791
0.7979512 0.34107584 0.44689196 0.25948733 0.10342402 0.13032024 0.07752745 0.26082855 3.880861e-21 0.91484505 0.045165252 0.64677733 0.034861237 0.045694273 0.07260282 0.060914133 0.041159347 0.10527431 0.047013998 0.077702984 0.122118235 0.24144825 0.019059127 0.047600564 0.5408786 0.014873456 0.009997977 0.041451536 0.007405362 0.0046369513 0.008759545 0.016209843 0.010631004 0.012254966 0.027512074 0.15909076 0.0067439964 0.0005689097 0.013570342 0.00032810753 0.0022987411 0.0029779852 0.044360626 0.0023401028 0.014044789 0.002842154 0.08811533 0.014214987 3.534496e-05 0.009978213 0.002147816 2.9158633e-05 0.00032154206 0.002222999 0.00026951864 0.0025571948 9.124934e-06 0.008849773 0.0067805657 0.0046632113 0.0002312103 0.0044416324 0.0015716641 1.4050828e-06 0.00033421564 0.0002744947 3.2110092e-05 0.089378476 0.001011272 0.11960332 0.00085602014 0.000108780674 0.0026093996 0.018823933 0.045711175 0.020318747 0.0007861795 2.4929595e-05 3.7288694e-07 0.00019670116 0.0054569044 0.0011670864 1.1205449e-06 1.0072597e-06 0.00033512557 1.2077177e-05 0.00077546894 1.6756909e-06 0.0015648381 0.0010975092 4.0319637e-06 3.0992808e-06 2.1902277e-05 3.6992233e-07 0.00027570807 9.0787644e-08 4.173077e-06 6.605119e-06 1.4737996e-06 1.1510679e-07 0.0030166886
0.81350565 0.20996551 0.26207155 0.15848811 0.07363552 0.12821269 0.04710146 0.16947511 0.91484505 9.156172e-22 0.026442735 0.81601566 0.01655046 0.031033723 0.03622784 0.040620364 0.031256475 0.1716057 0.03540021 0.043990996 0.08210692 0.3473292 0.011368648 0.053402085 0.47808754 0.0076451856 0.029382322 0.030263925 0.016880667 0.014251554 0.026999434 0.009696742 0.0051225214 0.005002289 0.023543514 0.24888656 0.019239226 0.0008681698 0.009055466 0.00051981304 0.0009646445 0.0060325377 0.037489247 0.0010947234 0.010381535 0.0034874564 0.078072086 0.01061014 5.375096e-05 0.0064661223 0.001298627 6.182999e-05 0.00042172958 0.003329249 0.00012864682 0.005244646 1.6936214e-05 0.02012313 0.0075485683 0.0035341016 0.00039428798 0.002564579 0.0017714598 3.6062345e-06 0.00015673143 0.00026087664 4.5358513e-05 0.13969545 0.0010672985 0.118660964 0.0011270004 0.00010282375 0.0033054992 0.031442262 0.06264163 0.014070885 0.0007546452 1.8834508e-05 9.721592e-07 0.00018867667 0.004608599 0.0020271551 1.1000398e-06 3.7724087e-06 0.00016108266 3.136034e-05 0.00031937342 4.0825174e-07 0.0007158423 0.0010972439 1.4342483e-05 1.4282411e-05 2.1605692e-05 2.457722e-07 0.000108562104 1.4676401e-07 1.2022173e-06 1.9223686e-05 3.988767e-07 1.386931e-07 0.0023481383
0.18576245 0.10675244 0.13982768 0.3832557 0.718126 0.21759579 0.7701074 0.27458036 0.045165252 0.026442735 2.589562e-22 0.023178304 0.7703969 0.818857 0.18416058 0.09521402 0.19820933 0.009644096 0.11416416 0.11749798 0.08869788 0.020706888 0.6741519 0.0607927 0.078014724 0.67452836 0.0011344054 0.05302222 0.0013851618 0.0006409625 0.0009367578 0.5202975 0.56159306 0.18230167 0.067344815 0.004121445 0.0009067919 6.1165214e-05 0.054671597 3.8876937e-05 0.102694355 0.00022319963 0.014883545 0.016015654 0.01881203 0.00044137173 0.012263366 0.015450469 5.7599273e-06 0.011137558 0.035805486 2.349853e-06 1.993223e-05 0.0007937008 0.0012668906 0.00084091345 1.0925909e-05 0.0003648446 0.015832402 0.0063880235 7.4992695e-06 0.0069552613 0.0013008681 5.4182493e-07 0.002439833 0.021199679 2.0790292e-06 0.0020792068 0.004996241 0.0049279328 0.0004255982 8.979517e-06 0.0002540179 0.0004239444 0.00034962004 0.009190121 0.0004934815 0.00022223596 9.857067e-08 0.0066787605 0.0033349656 0.00040411667 2.1499449e-07 1.872289e-06 0.0017753599 7.0528404e-07 0.002324686 8.0458914e-05 0.0021872532 0.00013560329 2.4497324e-06 9.783797e-07 0.0008795653 2.7736967e-05 0.0008286433 3.2197804e-08 0.00010842966 2.167488e-06 8.9357745e-05 2.2982805e-07 0.00065237697
0.8934534 0.13209964 0.09945987 0.12695485 0.046362955 0.098757334 0.03619749 0.13726799 0.64677733 0.81601566 0.023178304 5.402696e-21 0.008164121 0.026518065 0.020354105 0.031335875 0.020007724 0.35759866 0.021731736 0.021958984 0.06273358 0.60060275 0.0075937314 0.05394338 0.36298448 0.0047528856 0.085766636 0.016137803 0.06164434 0.06781568 0.07415121 0.009136482 0.002790916 0.0013745227 0.028521374 0.40366194 0.04454511 0.0018107857 0.007595887 0.0009115337 0.00044745413 0.024453467 0.024225648 0.00019214879 0.0090786135 0.0056551183 0.074197106 0.005593748 0.00019729463 0.0027540128 0.00054407155 8.845333e-05 0.0006637832 0.0056272857 1.5501178e-05 0.017017435 4.9821756e-05 0.0639532 0.0066429996 0.002019313 0.00083384 0.0012986796 0.0019474633 8.430288e-06 1.0783768e-05 5.5407025e-05 5.1030835e-05 0.21672046 0.0004323272 0.10779919 0.0008926891 0.000100591584 0.008414266 0.058875207 0.096383885 0.011442799 0.00030001902 2.1581711e-06 3.6835036e-06 2.6677208e-05 0.003327573 0.0006963414 2.359392e-06 4.003232e-06 3.6179623e-05 7.947863e-05 7.528036e-05 9.855469e-08 0.00030168393 0.0007644453 4.7522058e-06 0.00011748364 1.0365941e-05 5.427644e-08 3.193556e-05 1.0683105e-07 2.6548906e-07 0.00022681897 1.1554694e-07 1.160327e-07 0.0021100098
0.5980919 0.058197603 0.14785297 0.5249702 0.36386582 0.023232091 0.82529914 0.4887341 0.034861237 0.01655046 0.7703969 0.008164121 7.0390356e-19 0.4986121 0.5570416 0.014808809 0.04043659 0.0027256918 0.019244596 0.3764289 0.2640031 0.006562746 0.5422022 0.009471778 0.09863005 0.58766013 0.00047495347 0.21160789 0.00017772111 0.00018478399 0.0002852581 0.45782256 0.6962109 0.6962366 0.02111805 0.0018220117 0.00060888944 3.077895e-05 0.03052879 1.1108195e-05 0.4850502 0.00014261335 0.037347842 0.38877228 0.007779882 0.0005096746 0.03862013 0.05351462 6.263009e-07 0.073385574 0.048816405 3.7861485e-06 5.0301853e-05 0.0017417037 0.022756176 0.0010482139 3.9356314e-06 0.00045330712 0.011197205 0.0027306844 2.5419298e-05 0.08586755 0.0009029517 2.9552862e-07 0.024988657 0.05391797 3.0104732e-06 0.0033893127 0.0032786606 0.020964518 0.0004907815 2.2028571e-05 0.0001849536 0.0007888107 0.0009839449 0.07202735 7.980355e-05 0.0039430945 1.1042839e-08 0.009074078 0.0223323 4.377304e-05 5.648383e-07 9.058091e-07 0.010597767 7.711778e-07 0.010612346 0.0005033341 0.011763718 7.343984e-05 3.210997e-05 6.321324e-07 0.0017321015 0.00024734804 0.010252287 2.6439906e-07 0.000314964 7.956186e-06 0.00041384145 1.1555729e-07 0.0047471505
0.13724117 0.15255408 0.15991974 0.21515979 0.70274556 0.4151484 0.50860137 0.14900479 0.045694273 0.031033723 0.818857 0.026518065 0.4986121 7.889862e-22 0.07481268 0.39599067 0.57575995 0.009895153 0.45066863 0.058799144 0.04691508 0.0144502735 0.76147413 0.30734345 0.04196673 0.6860259 0.0010588164 0.022956865 0.001305594 0.0007924921 0.0010789601 0.7268535 0.48173046 0.018875241 0.2256686 0.0020029068 0.0010102001 0.00013681068 0.27394548 0.00010277199 0.05442071 0.00028393124 0.0040599653 0.0058856914 0.07275581 0.0015000092 0.003775202 0.005242544 7.978371e-06 0.0031690558 0.062465124 1.33400345e-05 0.00010951796 0.0036700794 0.00054199924 0.00074270956 3.035212e-05 0.00037531782 0.028166695 0.014107895 3.7483333e-05 0.001564054 0.004447664 8.046627e-07 0.0010368983 0.02029151 5.818294e-06 0.0010476706 0.011114486 0.0019498029 0.0017756637 2.0517735e-05 0.0002066337 0.00019073221 0.00021480276 0.0015293551 0.006737182 0.00016170324 2.0524114e-07 0.006762561 0.0010137192 0.0024228033 4.4319782e-07 4.3485556e-06 0.00047609425 5.2633686e-06 0.0009155274 1.644402e-05 0.0011582884 0.000734652 1.7121169e-05 1.2179373e-06 0.0005580095 8.292445e-06 0.00013570949 3.3257148e-08 5.1625037e-05 3.4885288e-06 3.0427589e-05 1.7351781e-06 0.00034886337
0.8066101 0.023020377 0.08669722 0.39865538 0.076898605 0.011141585 0.4264593 0.5166442 0.07260282 0.03622784 0.18416058 0.020354105 0.5570416 0.07481268 1.8721731e-19 0.004474025 0.011907466 0.003639817 0.005735098 0.8375133 0.6373267 0.018866787 0.084664814 0.0022354473 0.32389122 0.09357608 0.00038470485 0.637743 0.00018915374 0.0006997104 0.0006922619 0.05380871 0.15941948 0.81149447 0.0039475434 0.01487967 0.0012871767 1.7524946e-05 0.004882505 9.691901e-06 0.10126509 0.0010566602 0.19777755 0.2519142 0.0013367963 0.0003532245 0.19059062 0.19923827 2.6948082e-06 0.24366204 0.009273058 2.1870121e-06 3.1632415e-05 0.00022807358 0.02345003 0.0020596518 1.5373705e-06 0.002574539 0.0033854314 0.00068803056 1.570234e-05 0.24902569 0.0005141573 1.07695634e-07 0.021422828 0.009587607 2.1175508e-06 0.023810552 0.0008699305 0.143848 7.4323885e-05 2.289817e-06 0.00052513805 0.0033716075 0.010674603 0.2965563 0.00010811133 0.0011082785 5.12669e-08 0.0031907584 0.1041319 2.9290266e-05 2.1798606e-07 1.5988832e-07 0.03764816 5.2741836e-07 0.044434927 0.00051932526 0.06643506 8.411524e-05 1.8135154e-06 2.6612076e-07 0.0011714733 0.00022323878 0.05196349 2.2198746e-08 0.0011934643 2.1183791e-06 0.0008462909 2.481906e-08 0.052956413
0.051924843 0.13540208 0.09939212 0.0771224 0.5164795 0.63547933 0.06770028 0.050028328 0.060914133 0.040620364 0.09521402 0.031335875 0.014808809 0.39599067 0.004474025 9.848826e-25 0.7227469 0.025187764 0.7950534 0.0055777407 0.007065676 0.02304915 0.03323631 0.71180576 0.015210598 0.011480297 0.0027406635 0.00088941026 0.0051801917 0.0015681922 0.002804795 0.045705963 0.003453935 0.00031650928 0.38837507 0.004798654 0.001386256 0.0013620071 0.19134425 0.0003507517 0.0007223059 0.00036860385 0.0014506365 0.00013581723 0.19154951 0.008641738 0.0010610073 0.0011781884 1.9822832e-05 0.0005723141 0.001421847 1.0641842e-05 0.0007079044 0.0074919 4.6940063e-06 0.00033501023 5.1389375e-06 0.00014729441 0.021671277 0.019429471 0.00021394655 0.00039322043 0.0036196879 5.510355e-07 3.964315e-05 0.00018073205 3.064656e-05 0.0006485162 0.0018106105 0.000955959 0.0018322966 2.9322266e-05 0.00031569385 0.0002209665 0.000103075494 0.0002936056 0.0067219436 9.288612e-06 4.6089372e-07 0.00017727204 0.00013961509 0.0077670873 2.3300636e-06 5.741166e-06 2.5282703e-05 1.6721959e-05 7.5982374e-05 1.073914e-06 0.00017819088 0.00092687295 2.855201e-05 1.8122946e-06 2.2125609e-05 1.5184521e-07 7.1057475e-06 6.432665e-08 1.2373878e-05 1.4800054e-06 2.2834972e-06 2.3334961e-07 3.4403758e-05
0.03922442 0.12637378 0.10029315 0.08233385 0.56944275 0.48434862 0.11097902 0.056636903 0.041159347 0.031256475 0.19820933 0.020007724 0.04043659 0.57575995 0.011907466 0.7227469 1.5365255e-22 0.01300057 0.79132515 0.01384293 0.015464096 0.013891584 0.08507314 0.45715496 0.022942565 0.042281967 0.0015919162 0.0031577428 0.0035586949 0.0010071344 0.00153607 0.12016742 0.014422972 0.0021907166 0.23169526 0.0035609321 0.00074270146 0.00050067686 0.20313068 0.00024600336 0.0026670045 0.00031074704 0.0024211104 0.0008818212 0.13687705 0.0037863236 0.0018181651 0.0018237684 3.0230329e-05 0.0008407438 0.007215961 6.745948e-06 0.00041669208 0.0028230269 7.089147e-05 0.00031670163 8.602121e-06 8.803994e-05 0.016307574 0.019358955 0.0001844924 0.00066830957 0.0022147177 9.1511436e-07 0.00037027884 0.0014007266 4.4054133e-05 0.0006687498 0.0052678734 0.001691282 0.0010858194 4.0358398e-05 0.0002912424 0.00026656085 0.00011759237 0.00093100214 0.0045777787 3.0055207e-05 8.4257755e-07 0.0009697921 0.00072723784 0.0044544283 1.2588994e-06 8.89584e-06 0.000118808995 5.3665135e-06 0.00028027775 9.752808e-06 0.0006561932 0.0008099423 1.5023884e-05 3.0342671e-06 5.011368e-05 1.9765228e-06 4.5357174e-05 5.2201326e-08 9.599549e-05 7.9613574e-07 2.6554935e-05 5.517038e-07 8.58521e-05
0.8615556 0.06140728 0.08646964 0.036908593 0.028381335 0.120398276 0.015601214 0.03966888 0.10527431 0.1716057 0.009644096 0.35759866 0.0027256918 0.009895153 0.003639817 0.025187764 0.01300057 6.2045523e-22 0.012375538 0.0052885744 0.01469937 0.69947505 0.0051044733 0.0726417 0.076190665 0.0027432786 0.8469811 0.0017245474 0.7178972 0.5010626 0.4230108 0.004556204 0.00053551793 0.00016171388 0.040677264 0.4504465 0.21685156 0.0434785 0.0046508666 0.08780741 0.00012543777 0.1555684 0.012370227 0.0001868397 0.0046130936 0.050240263 0.024246681 0.0056210635 0.012896152 0.0032307897 0.000424146 0.0030150576 0.008661961 0.011932048 2.4963783e-05 0.128479 0.0020459236 0.18215135 0.015892938 0.0006614624 0.0045995126 0.0003011464 0.0023371354 0.0007882064 2.7420254e-05 9.936287e-05 0.0011452887 0.23866174 0.00017188827 0.039702836 0.000738298 0.00077519234 0.054814067 0.0970501 0.06558299 0.0041128057 0.00037032724 3.5095109e-06 0.001236893 0.00011421446 0.0004073332 0.00051251927 5.858296e-05 0.002463869 1.0938095e-05 0.00046349858 2.4573053e-05 1.00815285e-07 2.0830352e-05 0.00022373775 0.00059883005 0.0031333107 5.8154234e-05 7.591613e-08 9.328792e-06 9.0561304e-07 4.072935e-07 0.0045115114 1.04216866e-07 2.5714644e-05 0.0003164426
0.024905123 0.12494416 0.102077335 0.07097117 0.5308426 0.51290244 0.06781897 0.04312467 0.047013998 0.03540021 0.11416416 0.021731736 0.019244596 0.45066863 0.005735098 0.7950534 0.79132515 0.012375538 3.4828386e-24 0.006957997 0.0071060727 0.0139668975 0.04216149 0.53316104 0.015122102 0.019085206 0.001698645 0.0012440607 0.003892032 0.00091715937 0.0016892283 0.056941193 0.0053513814 0.00084859703 0.2835354 0.0029562493 0.0007646264 0.00084117457 0.17968711 0.00024616034 0.001105634 0.00030377766 0.0015539929 0.00033281394 0.17187242 0.0046138368 0.0010556575 0.001044407 3.096854e-05 0.00045315325 0.0024499546 8.656527e-06 0.000366136 0.0034057628 1.2685582e-05 0.00033277555 5.7253314e-06 0.00013463761 0.015064712 0.018916938 0.00013401681 0.00059944205 0.002408636 1.6399158e-06 0.00017037864 0.00050474185 3.552318e-05 0.00047993698 0.0021064007 0.00090774876 0.001291127 2.656765e-05 0.00018666712 0.000303458 6.171264e-05 0.00044055335 0.004765751 2.7968325e-05 9.969889e-07 0.00033416084 0.00027544264 0.005297411 8.1986997e-07 8.390097e-06 5.292156e-05 5.4692487e-06 0.00017073697 3.041133e-06 0.00033932197 0.0008433779 1.4087654e-05 4.0100485e-06 4.5210985e-05 8.161729e-07 3.6117188e-05 2.356127e-08 4.163145e-05 7.66437e-07 1.0459943e-05 3.58501e-07 3.1509066e-05
0.8756204 0.01969728 0.07200962 0.31006142 0.055725105 0.012966378 0.25680718 0.4638203 0.077702984 0.043990996 0.11749798 0.021958984 0.3764289 0.058799144 0.8375133 0.0055777407 0.01384293 0.0052885744 0.006957997 3.4951573e-20 0.75164443 0.024209412 0.06444151 0.0035746968 0.42194304 0.06792869 0.0005862055 0.72321445 0.00040220283 0.000735259 0.00072339026 0.046333063 0.1067149 0.7174933 0.0046933107 0.02208314 0.0013054801 2.1601469e-05 0.00601909 2.936273e-05 0.07294057 0.0011130901 0.29181072 0.11496526 0.0019339644 0.00053935306 0.1873026 0.25213808 2.7240449e-06 0.27914092 0.008187403 8.335665e-06 5.5616187e-05 0.0011469808 0.0135013005 0.002068201 4.622753e-06 0.0031933202 0.008476714 0.00084857474 3.747711e-05 0.27626067 0.0010774891 7.5719055e-07 0.012844582 0.0077241105 1.0055691e-05 0.035754446 0.0014432444 0.20589858 0.0002330046 2.3521252e-05 0.00066889584 0.0051509836 0.022231389 0.314179 0.00016544921 0.0006645423 9.260069e-08 0.0027790798 0.13708602 4.636137e-05 1.2254334e-06 6.8774676e-07 0.028126229 2.7622782e-06 0.03173623 0.00044116908 0.04318133 0.00018890029 2.8670622e-05 4.5715524e-07 0.0005594535 0.00022487857 0.025681743 1.8180442e-07 0.0013738858 3.607211e-06 0.00075913634 2.1416854e-07 0.069672726
0.9501588 0.033082712 0.091124564 0.3231585 0.053925324 0.017138267 0.20382532 0.48937827 0.122118235 0.08210692 0.08869788 0.06273358 0.2640031 0.04691508 0.6373267 0.007065676 0.015464096 0.01469937 0.0071060727 0.75164443 4.0580917e-19 0.074885264 0.04762596 0.004609331 0.6031824 0.049256045 0.0016991935 0.7561141 0.0011593632 0.0016569957 0.0019351415 0.042033657 0.073508754 0.4874889 0.0025057415 0.0758341 0.0036429407 3.664312e-05 0.0042750505 3.4454915e-05 0.04682772 0.002899796 0.3430421 0.06536619 0.0008555186 0.0004350947 0.2596658 0.24693535 4.6921714e-06 0.2666004 0.008724205 3.3460998e-05 0.0001120388 0.0007495001 0.007707441 0.007104708 2.2676348e-05 0.013138209 0.004199943 0.0006142912 0.00013502348 0.24985105 0.00025984546 4.4333083e-06 0.0075755115 0.0035418877 3.0629148e-05 0.08666824 0.0017090898 0.2534421 0.00016094199 9.9594254e-05 0.0019394427 0.013294054 0.07452345 0.30749375 0.00037162154 0.00035722274 7.745018e-07 0.0015900775 0.14799972 0.00021572577 1.1921879e-05 3.5859355e-06 0.017429717 4.2647214e-05 0.020556737 0.00037690141 0.032096326 0.0003300228 0.00013133761 5.258973e-06 0.0003732127 0.0002363315 0.017098073 6.7622534e-07 0.00041942947 2.1875741e-05 0.0003634191 2.626052e-06 0.09366775
0.9676576 0.08475932 0.115272775 0.11264727 0.043346163 0.0772079 0.04836591 0.1535699 0.24144825 0.3473292 0.020706888 0.60060275 0.006562746 0.0144502735 0.018866787 0.02304915 0.013891584 0.69947505 0.0139668975 0.024209412 0.074885264 9.741022e-19 0.008079855 0.03715186 0.44732347 0.0037578116 0.44608492 0.016636366 0.29491323 0.4321169 0.47427136 0.0076300683 0.0012045753 0.000551545 0.018502505 0.718042 0.23110521 0.011682245 0.006816127 0.00896782 0.000307738 0.15766513 0.048630983 7.3193725e-05 0.0033601897 0.014315106 0.14058475 0.011872445 0.0024372202 0.0069475314 0.00057026034 0.00083701825 0.0019036097 0.008244848 3.456184e-05 0.10232575 0.0013059602 0.22264276 0.0074183503 0.00079637504 0.0016902065 0.0012474414 0.0026868754 0.00045673762 1.0125216e-05 4.030697e-05 0.00031764718 0.45188314 0.00024944922 0.2183376 0.00079246383 0.0004958351 0.040024765 0.195107 0.24184664 0.019082563 0.0010245654 8.814459e-06 8.358683e-05 7.108401e-05 0.003233405 0.0021882548 1.4928309e-05 0.00010175888 8.2870734e-05 0.00093568314 0.00012506032 1.0062112e-06 0.00037434197 0.0017490862 9.6515985e-05 0.0007059351 4.9984712e-05 7.869956e-07 5.9834707e-05 9.270722e-07 1.5909684e-06 0.0015822742 7.3999814e-07 3.1525067e-06 0.0029980505
0.034703698 0.0319356 0.04982081 0.12029349 0.23548336 0.06803088 0.39069676 0.100855745 0.019059127 0.011368648 0.6741519 0.0075937314 0.5422022 0.76147413 0.084664814 0.03323631 0.08507314 0.0051044733 0.04216149 0.06444151 0.04762596 0.008079855 8.6292685e-21 0.030019386 0.031223398 0.8512459 0.0006867333 0.02612412 0.0005899772 0.0003890672 0.00050385325 0.80755043 0.69832426 0.10287893 0.042744562 0.0008421787 0.0004028989 3.5853624e-05 0.04427453 0.00018950872 0.20629025 8.546774e-05 0.004428639 0.020293072 0.012183539 0.00042533304 0.0024592655 0.0068501504 4.166251e-05 0.0038056986 0.14880402 5.1705815e-06 0.00010060712 0.001030013 0.001572326 0.00022543748 3.6724738e-05 5.465065e-05 0.024919387 0.004814521 3.3591543e-05 0.0026784441 0.0015520647 1.6398972e-06 0.003079723 0.044866003 1.2662304e-05 0.0009438833 0.013073067 0.002670569 0.00050975074 1.495581e-05 6.422174e-05 9.7761964e-05 0.00021245032 0.0018902366 0.0006426727 0.00043775362 7.9349184e-07 0.014782663 0.0019422848 0.00074617594 2.634283e-07 7.904251e-06 0.0010549832 5.5770242e-06 0.0016175985 0.0001311994 0.0018117935 0.00034557222 1.6651054e-06 3.3923086e-06 0.0018414401 7.0377304e-05 0.00037708296 9.555669e-09 0.00021803941 5.1415605e-06 0.00016614875 2.331584e-06 0.00038267183
0.12222822 0.145554 0.0777782 0.09956891 0.43340665 0.7045408 0.05416198 0.048165523 0.047600564 0.053402085 0.0607927 0.05394338 0.009471778 0.30734345 0.0022354473 0.71180576 0.45715496 0.0726417 0.53316104 0.0035746968 0.004609331 0.03715186 0.030019386 4.1798496e-22 0.010135806 0.00962604 0.010272546 0.000586616 0.019839518 0.0081721125 0.0072707743 0.041139156 0.002227875 0.00013593967 0.78863305 0.010089688 0.0024445516 0.01611996 0.38355732 0.0033120879 0.000487474 0.00070132146 0.0005435889 8.5445085e-05 0.40357757 0.12103475 0.00044286685 0.0014608112 7.5614145e-05 0.0003528666 0.0013182412 0.0003714938 0.006310428 0.11219818 5.15261e-06 0.0005688717 6.933168e-05 0.00041962913 0.14313203 0.02271897 0.0028876849 0.00017691519 0.034154616 1.3874589e-05 3.370707e-05 0.0002989739 0.00025749282 0.001463455 0.0011169885 0.0008202845 0.011711433 0.0002808889 0.0005226133 0.00024282356 0.00041263786 0.00025473334 0.01233877 9.215712e-06 2.565276e-06 0.0001886103 2.8279284e-05 0.020451628 6.2932275e-05 2.4902556e-05 2.5903253e-05 0.0012319685 0.00013477558 1.3807579e-06 5.828644e-05 0.0031053403 0.00027190257 2.2933455e-05 4.7534177e-05 2.2827405e-07 4.1777377e-05 1.232409e-06 1.6745225e-05 4.9303675e-05 4.2833303e-06 2.2745776e-06 7.176078e-05
0.95147383 0.101713724 0.22149679 0.3855405 0.07462975 0.06088334 0.19214243 0.5323651 0.5408786 0.47808754 0.078014724 0.36298448 0.09863005 0.04196673 0.32389122 0.015210598 0.022942565 0.076190665 0.015122102 0.42194304 0.6031824 0.44732347 0.031223398 0.010135806 2.4897627e-19 0.026969424 0.011325731 0.4613907 0.0057505174 0.013181539 0.022498395 0.025771566 0.024410931 0.074280545 0.0037099924 0.35230184 0.015263106 9.079201e-05 0.008856784 0.0002436366 0.0044477745 0.0076149153 0.6541352 0.0063753338 0.001452975 0.00020901601 0.5507607 0.16747825 1.9603103e-05 0.119152494 0.0014374271 1.3309688e-05 4.327937e-05 0.00071155763 0.00053798244 0.014252207 2.817336e-05 0.033069428 0.0029894 0.0008447415 2.9042933e-05 0.03742474 0.0001749231 4.0680497e-06 0.0015549276 0.00019168739 1.0026971e-05 0.31165808 0.00030270504 0.5441739 8.246164e-05 2.3931521e-05 0.007097915 0.048722234 0.30198976 0.16827375 0.00089982746 1.4391094e-05 3.1950486e-07 4.028157e-05 0.042206172 0.0014371386 1.0977393e-06 2.0678088e-05 0.0021055 2.7433884e-05 0.0037085665 4.9245078e-05 0.0047193808 0.0017756746 1.7990962e-05 1.3038595e-05 7.6943164e-05 8.810256e-06 0.002567774 3.3988513e-07 5.374814e-05 1.8763601e-05 5.0312312e-05 3.813273e-07 0.042943515
0.06603268 0.016524686 0.033638682 0.08200607 0.17855635 0.028437756 0.3896061 0.083326 0.014873456 0.0076451856 0.67452836 0.0047528856 0.58766013 0.6860259 0.09357608 0.011480297 0.042281967 0.0027432786 0.019085206 0.06792869 0.049256045 0.0037578116 0.8512459 0.00962604 0.026969424 2.9555826e-20 0.00030684477 0.032010794 0.0002377015 0.0001671111 0.00021618584 0.796384 0.8198366 0.12442836 0.01982178 0.0002471549 0.00019966789 7.5523226e-06 0.016782235 0.00015795378 0.33051547 4.4235796e-05 0.0036756187 0.029361397 0.004610947 0.00019782917 0.002556446 0.00534907 3.483617e-05 0.0031473462 0.14414063 3.835691e-06 3.5003846e-05 0.0006356437 0.0018058758 3.852917e-05 1.8658231e-05 7.989709e-06 0.013285519 0.0027547628 1.4707592e-05 0.0029275718 0.00036699165 1.7805091e-06 0.0036814245 0.07169941 6.7623087e-06 0.00041289534 0.010737554 0.002335872 0.00013543991 6.1277456e-06 7.3707524e-05 0.00016151552 0.00010726008 0.0016036562 0.00011771118 0.00051670644 3.9498718e-07 0.016001776 0.0015377622 0.00015148819 1.3282355e-08 2.0095372e-06 0.00076689036 1.5197415e-07 0.0011532947 9.1227295e-05 0.0010148374 7.900645e-05 1.0280228e-06 3.436834e-07 0.0020548205 6.151093e-05 0.0005063463 2.9031688e-09 0.00025688598 1.3592345e-06 0.0002122124 6.02845e-07 0.00024151063
0.8089741 0.0052164956 0.009699618 0.004231186 0.0026441321 0.0132772215 0.0017592061 0.0036975571 0.009997977 0.029382322 0.0011344054 0.085766636 0.00047495347 0.0010588164 0.00038470485 0.0027406635 0.0015919162 0.8469811 0.001698645 0.0005862055 0.0016991935 0.44608492 0.0006867333 0.010272546 0.011325731 0.00030684477 7.087169e-23 0.00019276733 0.82866216 0.80726963 0.64508647 0.0009263581 0.000109656125 2.299675e-05 0.004818428 0.35343292 0.35224473 0.03033877 0.00046992957 0.10764039 5.514545e-05 0.2579874 0.0019562314 5.4901026e-05 0.00038152485 0.02808878 0.003163625 0.000665514 0.039352637 0.0001805701 0.00030402603 0.0062441165 0.00433397 0.004998391 9.9805575e-06 0.11617445 0.004609698 0.1530058 0.0053930776 7.8074605e-05 0.0022515068 2.5697433e-05 0.00041657704 0.0016761738 5.5195774e-06 3.95892e-05 0.000935069 0.18595609 6.634484e-05 0.01338276 9.64823e-05 0.0004851345 0.08162393 0.08687415 0.030637255 0.0007490818 1.3758676e-05 4.355744e-06 0.0016432483 0.00014021006 4.5927554e-05 5.9872153e-05 4.381347e-05 0.0025091672 1.8083635e-06 0.00014879677 2.445988e-06 1.4300156e-07 5.711311e-06 4.4476787e-05 0.00025147665 0.0035836294 3.8052014e-05 7.397967e-08 6.046443e-07 2.1459023e-06 5.624227e-07 0.0059284884 4.8747648e-08 2.809839e-05 0.000106579246
0.9687226 0.007787294 0.03190246 0.15486497 0.021597954 0.0032406843 0.12628648 0.35090825 0.041451536 0.030263925 0.05302222 0.016137803 0.21160789 0.022956865 0.637743 0.00088941026 0.0031577428 0.0017245474 0.0012440607 0.72321445 0.7561141 0.016636366 0.02612412 0.000586616 0.4613907 0.032010794 0.00019276733 3.8160964e-18 9.5601274e-05 0.0003276048 0.0003862326 0.019821558 0.055064254 0.69358665 0.0003807677 0.01751428 0.0006662849 3.7005802e-06 0.00096208643 3.0907358e-06 0.043465603 0.001138768 0.44711944 0.12221004 0.00013745175 0.00010386292 0.31487313 0.4477345 8.6566297e-07 0.41468376 0.0062680687 1.226329e-06 3.473727e-05 8.7074506e-05 0.02491334 0.002802382 1.2411123e-06 0.0041680993 0.00069734454 8.6792956e-05 3.4978282e-05 0.5006613 5.6310426e-05 1.2475459e-07 0.024231588 0.0035929412 4.381997e-06 0.04097752 0.00033555223 0.27932453 2.4700303e-05 1.9183744e-05 0.00047340395 0.0044553014 0.03404407 0.56686735 2.3072735e-05 0.00030758546 4.318917e-08 0.0005338322 0.34200388 1.09988705e-05 1.1738463e-06 7.214085e-07 0.063284256 2.8668774e-06 0.051535513 0.00065948936 0.08725968 4.459231e-05 1.1637048e-05 3.528726e-07 0.00040126193 0.00039284368 0.057486128 1.275137e-07 0.0008448756 4.104095e-06 0.0008297686 2.053165e-07 0.1838671
0.780315 0.009698296 0.013251838 0.0035128735 0.0046335827 0.021839185 0.002472623 0.003064567 0.007405362 0.016880667 0.0013851618 0.06164434 0.00017772111 0.001305594 0.00018915374 0.0051801917 0.0035586949 0.7178972 0.003892032 0.00040220283 0.0011593632 0.29491323 0.0005899772 0.019839518 0.0057505174 0.0002377015 0.82866216 9.5601274e-05 7.2035325e-22 0.56538314 0.30433163 0.00043765138 0.00010216153 1.0369422e-05 0.010113159 0.18284702 0.14587837 0.3787438 0.00077509775 0.60700774 4.1513067e-05 0.14701019 0.0011744415 3.3153206e-05 0.0009058502 0.12205578 0.0016368355 0.0005371427 0.26701438 0.00023094236 0.00012285286 0.14559172 0.031351455 0.014116166 9.892581e-06 0.13528867 0.060061827 0.19827238 0.009597409 8.652701e-05 0.013928655 7.626499e-05 0.000541057 0.03089044 1.4515389e-06 2.3255514e-05 0.014483945 0.13254128 8.612583e-05 0.006408935 0.00011745182 0.0039124484 0.125107 0.05210968 0.021996606 0.0006020743 2.085452e-05 1.1073782e-06 0.007518114 7.8074016e-05 5.0628107e-05 6.678495e-05 0.001044687 0.009903526 1.6044605e-06 0.0008219792 3.772862e-06 4.7048022e-08 9.414645e-06 3.3285884e-05 0.0027493993 0.011325337 3.2338212e-05 2.1264892e-08 4.8259255e-07 0.000113316564 2.816839e-07 0.020189596 2.0688272e-08 0.0001560247 6.617404e-05
0.91938347 0.0035734545 0.0037887944 0.003979652 0.001959974 0.0071125105 0.00092947227 0.0041518137 0.0046369513 0.014251554 0.0006409625 0.06781568 0.00018478399 0.0007924921 0.0006997104 0.0015681922 0.0010071344 0.5010626 0.00091715937 0.000735259 0.0016569957 0.4321169 0.0003890672 0.0081721125 0.013181539 0.0001671111 0.80726963 0.0003276048 0.56538314 2.2282424e-21 0.78389823 0.00060807436 4.8917937e-05 3.2241456e-05 0.0025494879 0.39993098 0.49452534 0.028805558 0.00018096196 0.06733027 1.9178238e-05 0.398861 0.0010830477 1.3097455e-05 0.00015931943 0.011172628 0.002465412 0.0004371996 0.03491334 0.00015856714 7.624921e-05 0.0032083814 0.0028702258 0.0031808265 2.4281037e-06 0.17439254 0.0034322406 0.25752288 0.0034662997 3.0058904e-05 0.0015919885 2.8059801e-05 0.00021264046 0.0014784256 6.517955e-07 1.3335047e-05 0.00076765683 0.1906228 9.2574075e-05 0.01367823 6.3761974e-05 0.00052308897 0.10109446 0.10053436 0.03321351 0.0009901185 9.884999e-06 2.6537657e-06 0.0010553495 7.885681e-05 9.704114e-05 6.454348e-05 7.056635e-05 0.0007065123 8.3944076e-07 0.0007896563 1.5209094e-06 8.678563e-08 7.825258e-06 8.22601e-05 8.594082e-05 0.0033301997 2.2643631e-05 6.279088e-08 6.2215105e-07 2.295075e-06 1.2069164e-07 0.0075956513 1.1036143e-08 1.6339502e-05 0.00018221627
0.92207384 0.0045936997 0.0070828022 0.0040548323 0.0029926002 0.008046202 0.001185007 0.0043858667 0.008759545 0.026999434 0.0009367578 0.07415121 0.0002852581 0.0010789601 0.0006922619 0.002804795 0.00153607 0.4230108 0.0016892283 0.00072339026 0.0019351415 0.47427136 0.00050385325 0.0072707743 0.022498395 0.00021618584 0.64508647 0.0003862326 0.30433163 0.78389823 7.720836e-22 0.00076588575 9.3031646e-05 2.8245864e-05 0.0019830735 0.543318 0.7347942 0.01171946 0.00025268903 0.029359527 5.9220016e-05 0.48940006 0.0017428993 2.6278196e-05 0.00021106478 0.0073951175 0.004514044 0.0006541154 0.018401762 0.00019226354 0.00025897636 0.0024664444 0.002591282 0.0040462976 1.5243401e-05 0.20245488 0.0015276013 0.24006566 0.0058227186 5.9704344e-05 0.0018703637 8.884006e-06 0.00046373397 0.0008554313 5.2955766e-06 1.671848e-05 0.00059869786 0.24693011 0.00020679871 0.020495268 0.00015005405 0.00047978235 0.097234786 0.1549664 0.040855557 0.00066601584 1.4140889e-05 6.2399995e-06 0.0010629899 0.00011459305 2.7527389e-05 0.00012986135 3.5874047e-05 0.0009356599 2.7450694e-06 0.0012850825 6.648821e-06 6.647822e-07 5.086823e-06 0.000108009 0.00016913563 0.0019995458 2.97465e-05 4.9513443e-07 1.1462398e-06 1.2320965e-06 8.3940944e-07 0.0032058537 1.931557e-07 4.9578703e-05 0.00012822507
