2.1884492e-27 0.86576605 0.9025304 0.93073905 0.9426259 0.9223576 0.8729228 0.92746955 0.30360663 0.8661481 0.95599145 0.9115421 0.9533585 0.9649295 0.94372386 0.89689153 0.25938952 0.9720754 0.2478304 0.974318 0.9883763 0.7328798 0.9854517 0.92136115 0.015485237 0.89860284 0.99754316 0.04771999 0.9706883 0.00523209 0.07841907 0.94885087 0.80435956 0.9909752 0.98250455 0.9250066 0.26375824 0.9919825 0.03285038 0.8701972 0.9693923 0.9272003 0.7924736 0.06415862 0.77883965 0.8907929 0.9871657 0.902537 0.005264536 0.9414042 0.9994538 0.88050234 0.86533517 0.01115329 0.8753171 0.0022527128 0.99791473 0.9270151 0.0882726 0.21594357 0.00038259628 0.74499124 0.0030934135 0.91265774 0.008910943 0.921428 0.056363452 0.9451979 0.0017805849 0.13453448 0.9256227 0.1361482 0.8504433 0.9868492 0.0058486895 0.26786014 0.57820797 0.9880689 0.0016940368 0.013159219 0.29961458 0.59452724 0.011244567 0.4115608 0.11512693 4.7132185e-06 0.00071039994 0.00030651837 0.0075483634 0.25700048 0.6636546 0.34639606 0.0009203189 0.08305025 0.999521 0.0040794313 0.0021957867 0.70604795 0.018975217 0.004141644 0.97052497
0.86576605 1.5023786e-18 0.93739945 0.2568377 0.05787731 0.76692843 0.085884005 0.51808566 0.23342976 0.21329695 0.31403935 0.13603006 0.22157589 0.37572753 0.009794348 0.18211633 0.04746233 0.040279154 0.156766 0.10593382 0.093118966 0.007928502 0.1163138 0.12035224 0.007350291 0.024387283 0.064521365 0.025208436 8.853367e-05 0.016175786 0.0051747626 0.021683427 0.001217996 0.020514755 0.020375043 0.0010615028 0.0058453637 0.005171694 0.0009564779 0.002931416 0.0043695723 0.0017730755 0.0010113139 0.0035406752 0.0007795676 0.0009956881 0.008911164 0.0016685105 0.0013389303 0.0026820214 0.024218965 0.002062918 0.00054767495 0.0002897271 0.0009913173 0.0006560987 0.050938483 0.0005577443 0.00022817733 0.0006156413 1.2342628e-06 0.00045108702 0.00017012533 0.00027653336 2.169524e-05 0.0003326708 0.00014265104 0.0008128592 7.1090885e-06 0.00041298455 0.00061515067 4.0261173e-05 3.411624e-05 0.00051951915 2.2116434e-05 0.0001329584 1.7993852e-06 0.0012822424 2.1999074e-05 0.0006788702 7.5258606e-05 1.9992236e-05 0.00046194764 1.1223197e-05 7.039596e-07 1.2050532e-07 4.3008617e-06 3.7141285e-06 2.207113e-05 1.4020992e-06 3.6046407e-05 1.0895609e-05 9.900065e-06 5.8445153e-06 0.00198222 7.0481205e-05 9.6768e-06 7.8832056e-07 9.0568733e-07 2.1668145e-06 0.0014738933
0.9025304 0.93739945 1.1190696e-18 0.593302 0.13708845 0.1364787 0.13826345 0.7529446 0.019226352 0.20594366 0.05909066 0.011656899 0.34655628 0.27756593 0.028720347 0.007403077 0.036907565 0.069690436 0.045414817 0.041955743 0.11325747 0.01413659 0.12541147 0.010135434 0.00088242535 0.0012121568 0.06550978 0.01779871 8.434652e-05 0.0014466225 0.010102725 0.0013079271 0.0015241883 0.026608782 0.0044871457 0.0022255634 0.0004459831 0.006460387 0.0012124991 0.00013465942 0.0008577157 6.9303314e-05 1.2066517e-05 0.0024466587 1.154094e-05 3.7985406e-05 0.0042061936 0.009448561 0.0002136715 0.00069654366 0.0384282 0.00340154 1.2182411e-05 0.00085027394 3.54699e-05 9.511811e-05 0.044913236 4.4660275e-05 1.6533384e-05 0.0020481686 8.9110443e-07 0.00096698874 0.00013846441 3.2632335e-05 2.9026583e-06 3.139628e-05 1.0724765e-05 0.00044210788 1.384749e-05 0.0014836983 0.0002043105 3.4655654e-06 5.141129e-06 0.0005140119 2.0167154e-06 0.00045097605 1.9901893e-07 0.0071433927 1.7733545e-06 0.0011883273 0.00042369723 5.0293247e-06 0.000790054 8.476479e-05 1.8019222e-07 3.6314034e-08 4.7372117e-07 3.9626757e-06 4.4763833e-06 7.9554866e-08 6.750488e-07 6.8275796e-07 1.4078996e-06 4.857365e-05 0.0033755407 0.0001552126 2.9412715e-06 7.189384e-06 1.2426111e-05 1.0390071e-05 0.0025620034
0.93073905 0.2568377 0.593302 2.2319889e-18 0.6398112 0.06392382 0.8197642 0.1716687 0.018423308 0.15248229 0.017861685 0.0017306055 0.1459977 0.039475862 0.8368941 0.0011777071 0.8450557 0.042875484 0.45831603 0.009110866 0.080920435 0.7306897 0.03309341 0.0012932115 0.0012268227 0.00018826399 0.03161963 0.5519931 0.00017716404 0.0026709118 0.5964078 0.0001600385 0.00096293486 0.003326028 0.00044804512 0.0026832237 3.6252288e-05 0.0019007782 0.16014859 2.8935363e-05 7.765535e-05 6.296826e-06 8.8451384e-07 0.08947016 6.3135457e-07 2.3570913e-06 0.0005948185 0.035128437 0.00019871806 0.00014254224 0.01945845 0.0030370955 2.2553513e-06 0.07339032 4.2333913e-06 0.000112837864 0.011485768 2.2999743e-06 1.2916805e-06 0.025231633 7.501587e-06 0.0006758544 0.0029114827 2.3186478e-06 1.0585261e-05 2.5114448e-06 3.5025747e-07 3.560906e-05 0.0004575666 0.012277392 6.752401e-05 5.216552e-07 8.375383e-07 8.211509e-05 7.099167e-07 0.00047201282 9.007817e-07 0.0025303413 2.3858802e-05 0.005645815 9.808404e-05 2.633842e-06 0.0045025456 1.0867599e-05 1.7460176e-06 1.4179477e-06 3.4924033e-06 0.0006886759 1.3049567e-05 9.216916e-08 9.0511827e-07 5.852142e-07 6.0395882e-06 1.6537957e-05 0.0031130791 0.0007659737 3.6335845e-05 1.34938e-06 6.9149455e-06 0.00016179286 0.0009692798
0.9426259 0.05787731 0.13708845 0.6398112 1.5647649e-21 0.0012420051 0.9317252 0.12180692 0.00085763185 0.44449127 0.0011001767 4.8246464e-05 0.07452826 0.014958472 0.57905304 1.02265985e-05 0.072242536 0.14335948 0.010094716 0.002846274 0.05078729 0.2783303 0.01369642 2.5972764e-05 0.0004023431 2.099802e-06 0.046958387 0.021347452 0.009025269 0.00028970029 0.06617692 2.0892335e-06 0.010991862 0.055632293 7.652308e-06 0.017564543 9.566995e-07 0.0116676595 0.022991722 6.6399025e-07 3.55065e-06 4.8771716e-07 8.2291514e-08 0.025890438 4.63766e-08 1.5773361e-07 0.0010166848 0.07013279 3.587336e-05 1.7205333e-05 0.038842577 0.01311131 1.9395661e-07 0.004068966 1.6634e-07 1.3014334e-05 0.023946157 9.420977e-08 4.7087187e-07 0.04612218 2.0673303e-06 0.006861389 0.0016196446 1.1143305e-07 3.9520538e-07 1.0082164e-07 6.9562056e-08 7.028551e-06 0.00053434155 0.035335965 6.931776e-06 6.193199e-08 1.00852986e-07 5.3494135e-05 2.5972267e-07 0.003853803 2.0227462e-08 0.019113047 4.934422e-07 0.012129092 0.0013894822 5.325937e-07 0.008919985 0.0001435664 5.4735015e-08 1.1150518e-06 9.56632e-07 0.00010434274 1.1589209e-06 1.4333299e-08 1.5471706e-08 5.316982e-08 1.6673064e-06 0.00034737075 0.010266145 0.0018079584 2.6502778e-06 4.22235e-05 0.00013683847 0.00075059634 0.0006763396
0.9223576 0.76692843 0.1364787 0.06392382 0.0012420051 7.8487446e-20 0.007743715 0.11168026 0.95621234 0.0066106417 0.43301818 0.6347997 0.06623789 0.22564581 1.5294045e-05 0.4493871 0.0047167377 0.0032388892 0.39430606 0.10923331 0.04357939 0.00034279423 0.080571756 0.09277951 0.10432862 0.011416518 0.03494172 0.0033156702 3.1305788e-08 0.06494779 0.00088600785 0.002527163 3.0499627e-06 0.0014783705 0.0032180971 5.889329e-07 0.033850744 0.00013474203 3.4979366e-06 0.00015928678 0.00013566589 0.00035108402 0.0002979458 5.810334e-07 2.2469429e-05 3.0295845e-05 0.0026486826 3.9998483e-07 0.0025995872 0.00018993755 0.0147801405 5.427561e-08 9.93941e-06 5.37323e-05 1.8973016e-05 0.00094493444 0.020629697 7.000401e-06 9.512581e-05 1.4458507e-06 0.000112935726 3.6960808e-09 1.403386e-06 3.748199e-06 1.6805876e-05 7.6771715e-07 8.714309e-06 1.7661047e-05 3.4350842e-07 2.4424597e-07 1.20661725e-05 1.9094023e-06 1.2827682e-06 6.351847e-05 4.4971443e-06 1.4270341e-08 3.5240046e-07 5.3586762e-05 0.0004253667 4.2485198e-07 6.833719e-08 5.66522e-07 4.1050478e-07 3.9041375e-09 9.267349e-08 1.0615138e-06 4.2145053e-05 6.7810527e-07 3.479531e-06 2.5061189e-08 1.6655835e-06 8.0351825e-08 3.174279e-06 1.3776176e-07 0.009893913 1.2563164e-07 6.2193277e-07 4.9858637e-09 9.3819565e-08 8.078055e-08 0.00075359805
0.8729228 0.085884005 0.13826345 0.8197642 0.9317252 0.007743715 7.062352e-20 0.11770141 0.005219899 0.47069293 0.0040024268 0.00046110764 0.073086806 0.060008068 0.74611294 0.0002553735 0.12474019 0.07855097 0.018290685 0.005555465 0.04092129 0.3423003 0.016373891 0.00018129067 0.0011943752 1.8301083e-05 0.05853043 0.05698768 0.032298382 0.000887118 0.07919288 7.0974706e-06 0.15916091 0.09937995 3.413925e-05 0.08510146 4.7609833e-06 0.024375733 0.03212612 1.6562317e-06 5.3475037e-06 2.256132e-06 4.6063573e-07 0.039301712 1.1963392e-07 1.5250052e-06 0.0014978885 0.10839273 1.0007712e-05 2.463676e-05 0.05488458 0.04630146 7.79833e-07 0.004477207 3.8108516e-07 5.9714e-06 0.052335285 5.941449e-07 2.8755917e-07 0.025690733 9.694434e-06 0.013328114 0.0028333042 1.2026852e-06 1.3494713e-06 9.02541e-07 2.5703852e-07 2.7612845e-05 0.00077921187 0.025366642 4.3685923e-05 9.512666e-08 2.9931752e-07 0.00011664466 8.7890703e-07 0.0045611383 6.5484534e-07 0.032019686 4.5055316e-08 0.014485189 0.0020392577 2.41314e-06 0.0120282015 0.00022084787 8.1663694e-07 4.8422265e-07 1.669971e-07 8.682542e-05 2.3857835e-06 6.985003e-08 6.103524e-08 3.4540517e-07 1.2776028e-06 0.00047100778 0.0043029254 0.0023860545 3.2566907e-06 4.2347627e-05 0.0001716329 0.00044304365 0.0012267455
0.92746955 0.51808566 0.7529446 0.1716687 0.12180692 0.11168026 0.11770141 6.491318e-20 0.013068717 0.27112848 0.09407322 0.016826984 0.87901264 0.54161733 0.041759036 0.012144729 0.016192686 0.16883226 0.013197525 0.069768436 0.48030493 0.011597475 0.27585626 0.023794381 0.00085873104 0.00452494 0.18435097 0.007304659 5.310058e-05 0.0007760353 0.0031962178 0.004000259 0.0016211233 0.049353838 0.020131301 0.0042590867 3.0765626e-05 0.013423946 0.0008427227 0.00034490833 0.0014905164 0.00011556255 8.179757e-06 0.0018831411 1.6410775e-05 8.261908e-05 0.010195506 0.012669884 0.000105985586 0.0019151784 0.049225543 0.004819099 3.6037196e-05 5.484022e-05 6.3299805e-05 0.00013089771 0.04661281 0.00025111024 5.711594e-06 0.002377165 1.3267847e-06 0.0012034025 5.2561874e-05 0.00023844258 1.8363208e-06 0.00022101853 1.6643688e-06 0.0007043202 3.4596712e-06 0.0016816899 0.0006835326 1.3954719e-06 1.6338792e-06 0.00067266054 4.480844e-07 0.00047574769 1.7997928e-07 0.008420635 5.7844013e-06 0.0011790949 0.00034292767 1.482038e-06 0.00073645235 0.00018090157 6.248825e-08 2.1230134e-07 3.401269e-06 2.264661e-05 2.5648942e-06 1.573724e-07 1.2618106e-06 3.051471e-07 2.2424101e-06 3.496101e-05 0.004237459 5.557441e-05 2.091763e-06 4.143872e-06 7.064604e-06 6.4686533e-06 0.0036867212
0.30360663 0.23342976 0.019226352 0.018423308 0.00085763185 0.95621234 0.005219899 0.013068717 8.264733e-19 0.0013820023 0.05692316 0.84414667 0.003991732 0.03507108 0.0001501663 0.08301012 0.020741828 0.00024667993 0.7877188 0.008198236 0.0025473272 0.0002933316 0.0049877246 0.022755388 0.75036293 0.0040020524 0.0016012614 0.0070383446 2.5920809e-08 0.6756984 0.001444673 0.0010301933 7.3694837e-06 0.0002569725 0.0008814892 4.0224736e-06 0.038741414 1.1279843e-05 3.550912e-05 0.00014894968 8.3565625e-05 0.0004435101 0.00052966655 3.5223686e-05 0.00025922593 0.00010292608 0.0001273077 2.6584848e-06 0.057536516 2.7825301e-05 0.0012387369 1.7586322e-07 6.188521e-05 0.00010606881 3.0511188e-05 0.023746312 0.001779657 1.36628705e-05 0.00017596094 3.375645e-05 0.003994634 4.177948e-09 2.1491742e-05 1.0186116e-05 1.4476521e-05 4.6583386e-06 2.4652272e-05 9.863782e-06 6.8536124e-06 9.223625e-06 4.0057407e-06 3.2998423e-07 1.0345947e-06 6.9565244e-06 5.9356444e-07 3.1327588e-08 2.9634045e-06 5.541733e-05 0.020117866 3.179795e-07 5.126922e-09 2.04487e-07 2.4595346e-07 3.2067107e-10 1.2889923e-07 4.6443107e-05 4.3376185e-05 3.2153835e-06 2.1706032e-06 6.7589234e-08 1.8777052e-06 2.1388471e-08 8.8851575e-06 1.1503562e-08 0.0015857515 2.2316884e-07 2.9826163e-06 2.0681672e-09 6.2598438e-09 2.1183818e-07 0.00048675697
0.8661481 0.21329695 0.20594366 0.15248229 0.44449127 0.0066106417 0.47069293 0.27112848 0.0013820023 5.4362316e-20 0.0043610255 0.00042372494 0.2539461 0.16525117 0.08046206 0.0004121227 0.0038406698 0.9247997 0.0008468427 0.0092465645 0.2102404 0.019174434 0.08464324 0.0015216211 0.00043144554 0.00022763331 0.2067914 0.0027571504 0.02408859 4.260461e-05 0.0007929821 0.00018640723 0.060720406 0.17059433 0.0010827492 0.066534914 7.361659e-06 0.07282992 0.0012395824 2.3797109e-05 0.00032548 2.5135726e-06 1.4300251e-07 0.0035298306 5.7952345e-08 2.5310844e-06 0.0044599734 0.14252968 8.1257014e-05 0.00070320064 0.114825904 0.07017786 1.762499e-07 5.024109e-06 4.263617e-06 3.6594298e-05 0.11964911 1.22305455e-05 1.0732566e-06 0.0054045203 1.1273127e-06 0.015195671 0.00024184505 2.1860747e-05 3.1328295e-07 2.2412074e-05 3.8450648e-07 0.0005316374 3.1112762e-05 0.0108891595 0.0008162162 1.8943255e-07 3.3539415e-08 0.00063184823 3.0763485e-07 0.004514593 2.6911612e-08 0.06441616 5.0226998e-08 0.008003873 0.0027398248 6.398195e-06 0.0060619 0.00085162756 1.856009e-07 1.1082683e-07 3.7593612e-08 3.5598114e-06 1.8873199e-07 9.202354e-08 7.4176626e-08 1.1013083e-07 4.4113915e-07 0.000780256 0.011899303 0.0021269328 6.2554165e-07 0.00012395499 0.0006070954 0.00038505517 0.0042929575
0.95599145 0.31403935 0.05909066 0.017861685 0.0011001767 0.43301818 0.0040024268 0.09407322 0.05692316 0.0043610255 6.158421e-17 0.45596105 0.08843644 0.8506441 0.00012721328 0.7967102 0.004171151 0.0012899104 0.024727564 0.7421153 0.072426446 0.00082544266 0.29463592 0.7968204 0.0113184955 0.4966539 0.05399177 0.0072828773 3.502593e-08 0.007103647 0.0008515951 0.42289358 4.1092135e-06 0.0019545848 0.32101852 2.5592855e-05 0.055848252 0.00053883245 0.00014468688 0.09280687 0.06262131 0.06885764 0.041453008 9.679241e-05 0.031818196 0.04021867 0.040772475 0.00028906748 0.006260708 0.0214342 0.02172489 3.3400138e-05 0.02074946 6.747786e-05 0.016742352 0.003989504 0.061117508 0.012694932 0.010877467 0.000294892 6.824003e-06 1.1090983e-05 7.0202346e-05 0.00559159 0.0012463568 0.0038986986 0.0051085153 0.0029967627 1.00380785e-05 0.0001999459 0.0023396632 0.0036100782 0.00078921363 0.0026862258 0.0011191017 1.3312049e-05 0.00029193205 1.683552e-05 0.00031220136 2.881373e-05 3.2151227e-06 5.447695e-05 1.7586357e-05 1.1773824e-06 4.3903186e-05 9.0860016e-07 0.00015132748 5.969143e-05 0.00024112147 2.6991951e-05 0.00036597473 0.0002443584 0.00014654969 1.0239954e-06 0.017676324 4.5050765e-06 7.6817196e-05 6.479078e-07 5.014504e-07 3.0090298e-06 0.009236504
0.9115421 0.13603006 0.011656899 0.0017306055 4.8246464e-05 0.6347997 0.00046110764 0.016826984 0.84414667 0.00042372494 0.45596105 1.529296e-17 0.0172807 0.11693899 2.1937709e-07 0.91898334 0.0011287323 2.2741839e-05 0.13218698 0.079925895 0.012678836 3.7829323e-06 0.022009213 0.397599 0.51897544 0.09983873 0.0030318883 0.00078969775 1.0061296e-08 0.22077109 0.000117403215 0.027399922 9.546478e-07 0.00017888985 0.018563904 1.4448665e-06 0.8744328 5.9428576e-06 8.089704e-06 0.0061753145 0.001812312 0.013490437 0.053525355 4.842617e-06 0.011766264 0.0027389848 0.0025208886 9.13091e-07 0.3011774 0.00089778006 0.009653541 1.4788493e-07 0.00094230665 4.478872e-06 0.0009017504 0.18659522 0.016246878 0.00037979032 0.012826961 9.373471e-06 0.00020395093 7.409599e-09 1.3694485e-06 0.00011927263 0.0070501347 4.8337515e-05 0.0018483149 8.982648e-05 1.1605689e-06 6.4460926e-07 6.886999e-05 0.00021407533 8.3073464e-05 9.558003e-05 0.00036496972 3.0523076e-08 1.1117066e-05 7.4826094e-06 0.015617506 5.101059e-07 2.2890134e-08 2.580171e-06 4.865543e-07 7.198127e-09 2.754731e-06 1.491451e-06 0.0010786243 5.426894e-06 0.00015032722 1.864186e-06 5.3924854e-05 8.350158e-07 9.3331924e-05 1.1845323e-07 0.020329727 8.5381494e-08 1.455411e-05 1.1624939e-08 5.2219544e-08 8.804863e-08 0.0014746216
0.9533585 0.22157589 0.34655628 0.1459977 0.07452826 0.06623789 0.073086806 0.87901264 0.003991732 0.2539461 0.08843644 0.0172807 1.6989453e-20 0.44679555 0.03497706 0.0067250915 0.0052857455 0.25480175 0.0029796883 0.09306302 0.8544064 0.0062856996 0.39930514 0.007673604 0.00026817183 0.0023511476 0.4107777 0.0013793368 0.00036802626 0.00013538143 0.00084230286 0.0037164993 0.0020773555 0.10391703 0.006833964 0.007391082 0.00015902586 0.016872175 0.00037706055 0.0004457722 0.0013304778 0.00012844293 1.0642218e-05 0.0008628664 1.7292188e-05 5.489239e-05 0.019153472 0.016984053 7.7919074e-05 0.00277536 0.06914412 0.007890044 3.7824113e-05 1.6373415e-05 7.1990005e-05 0.00011651224 0.115493394 0.00013446822 5.5330165e-06 0.002166176 2.7073893e-06 0.0028486082 4.2271487e-05 0.00011453919 1.5764632e-06 0.00018021055 2.8392903e-06 0.0004195049 4.789861e-06 0.0009479464 0.0010181349 1.3846645e-05 4.722928e-06 0.0012055677 1.3822348e-06 0.00094009144 2.5577226e-06 0.015518013 1.4442412e-06 0.00042475233 0.0006933898 1.3777267e-05 0.00021947073 0.00074655743 8.094392e-07 1.9718311e-06 3.4580055e-06 5.9292706e-06 1.2398251e-06 5.7049283e-07 3.7627221e-06 2.2118702e-06 3.170416e-06 5.9724225e-05 0.0064725513 5.4844822e-05 4.6461732e-06 5.1854524e-05 2.086395e-05 1.9179755e-05 0.0028173397
0.9649295 0.37572753 0.27756593 0.039475862 0.014958472 0.22564581 0.060008068 0.54161733 0.03507108 0.16525117 0.8506441 0.11693899 0.44679555 7.834771e-21 0.0026204595 0.17992757 0.004260004 0.032408945 0.008638142 0.833428 0.28873205 0.0013769519 0.77422976 0.28859988 0.0014248014 0.0850791 0.31408933 0.002958834 1.9853727e-05 0.0011135583 0.0005313366 0.13527526 0.0002481956 0.08179275 0.18958719 0.00010930249 0.0022499366 0.015792418 0.00016357268 0.008799908 0.025628777 0.0028059883 0.0017012217 0.00021800071 0.0024799523 0.0017597976 0.059743784 0.00031928907 0.000592921 0.013759824 0.094543315 0.0002493422 0.0007969551 5.724668e-05 0.0020794785 0.00041816797 0.22647813 0.0021431814 0.0002555214 0.0006057762 1.0099428e-05 5.7622765e-05 0.00016443338 0.00093743607 6.971271e-05 0.0005153207 0.00022771495 0.0019300887 9.294504e-06 0.0006234563 0.0023297693 0.00013988045 2.5462996e-05 0.0019737717 3.918839e-05 7.848131e-05 4.29956e-05 0.0029386387 1.9101175e-05 5.671096e-05 3.2284806e-05 1.3781933e-05 2.6331303e-05 4.1919455e-05 7.79997e-06 6.503295e-07 2.583888e-05 1.3951866e-05 2.5612584e-05 1.4109615e-06 5.2890027e-05 2.9254255e-05 1.5092673e-05 4.094911e-06 0.016030429 5.6687786e-06 1.2092391e-05 2.003366e-06 1.7351549e-06 3.6986394e-06 0.010418738
0.94372386 0.009794348 0.028720347 0.8368941 0.57905304 1.5294045e-05 0.74611294 0.041759036 0.0001501663 0.08046206 0.00012721328 2.1937709e-07 0.03497706 0.0026204595 9.667604e-21 2.5632718e-07 0.13113314 0.06394036 0.0065736948 0.0005862933 0.024757117 0.93415296 0.0047320584 5.9205723e-07 3.0402876e-05 3.989648e-08 0.015463898 0.04676955 0.0063131363 1.2979046e-05 0.37280092 1.336401e-07 0.020833626 0.009070063 3.2480293e-07 0.0506525 1.1975599e-08 0.004148978 0.21430396 4.6927035e-08 1.345256e-07 8.781178e-09 8.999671e-10 0.2125178 5.6557375e-10 4.437819e-09 0.00014944255 0.13261272 9.0728923e-07 1.1648414e-06 0.015609822 0.018345982 7.854959e-09 0.024399143 6.9873707e-09 6.522823e-07 0.006004321 7.652055e-09 4.2839816e-09 0.07285407 2.83186e-07 0.0076250993 0.006812279 1.775722e-08 4.2082693e-08 1.15908225e-08 5.9538823e-09 1.2281301e-06 0.0024042367 0.03795559 2.186789e-06 5.459891e-09 2.65816e-08 9.110283e-06 3.08824e-08 0.0020498834 2.8562313e-08 0.006275817 3.1800255e-07 0.010977908 0.0004272069 4.8324672e-08 0.00868183 1.9593588e-05 9.423253e-09 1.667482e-07 3.254786e-07 0.00045638994 1.3174041e-06 1.021927e-08 1.2906825e-07 1.5963865e-08 4.3817315e-07 9.394801e-05 0.0037609988 0.002261577 9.102671e-07 3.0284275e-06 6.3852094e-05 0.0005227955 0.00072053773
0.89689153 0.18211633 0.007403077 0.0011777071 1.02265985e-05 0.4493871 0.0002553735 0.012144729 0.08301012 0.0004121227 0.7967102 0.91898334 0.0067250915 0.17992757 2.5632718e-07 3.454324e-17 0.00075648946 3.243977e-05 0.027156599 0.13831395 0.007311315 2.9461185e-05 0.03311161 0.89336526 0.030588573 0.47718513 0.0073803714 0.0013366478 9.269007e-09 0.016473884 9.2814356e-05 0.19696587 2.5503764e-06 0.00031792937 0.04547286 3.312852e-07 0.4976906 2.6270855e-05 1.3703024e-05 0.04648759 0.0070916866 0.19456546 0.3898943 1.3076426e-05 0.1992115 0.05433256 0.012101125 1.0422856e-06 0.026474584 0.0052838125 0.0060323817 8.509272e-07 0.031099126 1.9037776e-05 0.007983001 0.017237673 0.022889696 0.0013672471 0.057991043 5.549285e-05 2.7925946e-05 1.2655664e-07 7.524684e-05 0.0002715693 0.0054786983 0.00019016645 0.021603115 0.00037131886 2.606062e-05 8.270773e-06 0.0003232241 0.0049841297 7.23931e-05 0.00033528096 0.0050473073 1.245098e-06 3.0067076e-05 1.2004026e-06 0.00149759 8.432057e-06 3.1982586e-07 5.9352737e-06 6.809772e-06 3.377121e-08 1.0661508e-05 1.5574193e-06 0.00066650735 8.222191e-05 0.00059272675 1.7376927e-07 2.5633819e-05 5.8811715e-06 0.0009553953 2.4008946e-07 0.013015817 3.07093e-06 0.00016484207 3.106117e-07 1.2711982e-07 5.835546e-07 0.0033533678
0.25938952 0.04746233 0.036907565 0.8450557 0.072242536 0.0047167377 0.12474019 0.016192686 0.020741828 0.0038406698 0.004171151 0.0011287323 0.0052857455 0.004260004 0.13113314 0.00075648946 3.1849564e-17 0.0012867595 0.52715456 0.0016505027 0.0034560936 0.6454467 0.0019470084 0.00047045964 0.00077320077 0.00011634891 0.0012720351 0.9426878 6.287993e-06 0.0011888313 0.5981083 5.9832997e-05 0.00012464383 0.002361121 4.0240564e-05 0.0005238293 2.4438672e-05 0.0003252079 0.05729697 2.1289927e-05 8.75881e-06 1.8234325e-05 3.426396e-06 0.013115393 2.9126434e-06 7.30134e-06 0.00029039267 0.0030764046 0.0001971989 1.0114156e-05 0.0015854952 0.00035521656 5.8689857e-06 0.063028835 1.2575584e-05 8.9822104e-05 0.0015252817 7.404044e-06 2.802379e-06 0.004663198 3.632067e-05 9.47761e-05 0.002093802 2.2857164e-05 4.0742266e-06 2.7854505e-05 8.85628e-07 1.1306412e-05 0.0008012808 0.0008237055 2.1720869e-05 9.00129e-07 8.467059e-05 3.861661e-05 1.2049388e-06 4.1663898e-05 1.0558039e-05 0.00035924165 0.00017147682 0.00066999014 2.916635e-06 5.856196e-07 0.0006597709 2.7464614e-07 2.5705606e-06 1.7848453e-05 1.1844319e-05 0.0021684112 1.5965885e-05 1.7342384e-06 6.812595e-05 1.7699178e-06 7.862631e-06 1.626103e-05 0.0010178576 0.00014379977 2.6838763e-05 9.97746e-07 6.4784945e-06 5.4237866e-05 0.0006623876
0.9720754 0.040279154 0.069690436 0.042875484 0.14335948 0.0032388892 0.07855097 0.16883226 0.00024667993 0.9247997 0.0012899104 2.2741839e-05 0.25480175 0.032408945 0.06394036 3.243977e-05 0.0012867595 1.119051e-21 0.00036054917 0.0035036125 0.42443344 0.0052525806 0.057523254 9.219313e-05 5.3180065e-06 1.1321886e-05 0.3180367 0.00044769875 0.10904652 2.2092433e-06 0.00026087885 4.4569606e-05 0.025689257 0.623121 0.0005711464 0.14022833 4.0436063e-07 0.07493053 0.0005192458 8.635221e-06 0.00015315319 2.733683e-07 1.1076634e-08 0.0018324524 2.0614575e-08 4.859802e-07 0.0010230038 0.10645715 5.6847034e-07 0.0002962139 0.1237451 0.1024725 6.2399394e-08 4.7023354e-06 3.3253061e-06 4.388837e-07 0.06937914 1.2452779e-05 1.7050848e-08 0.004997535 1.4309214e-07 0.032980304 2.3600165e-05 1.6342898e-05 1.0177513e-07 1.4719926e-05 1.677357e-08 0.00017508298 1.2959337e-06 0.0072494424 0.0002921064 1.9296614e-08 1.2400504e-09 0.00038636025 7.331845e-08 0.013637091 5.9711885e-10 0.021983178 3.509173e-08 0.00301588 0.0111776795 7.0320907e-06 0.0019342597 0.010022972 1.5778565e-09 3.3018804e-08 3.5322043e-07 1.8040984e-06 1.764533e-08 7.8760476e-10 1.5843281e-09 4.513537e-09 1.7571267e-07 0.0026523073 0.014140708 0.0005435845 2.7125736e-08 0.0005296152 0.0005424369 0.00026778592 0.001348488
0.2478304 0.156766 0.045414817 0.45831603 0.010094716 0.39430606 0.018290685 0.013197525 0.7877188 0.0008468427 0.024727564 0.13218698 0.0029796883 0.008638142 0.0065736948 0.027156599 0.52715456 0.00036054917 5.3571287e-16 0.0019952562 0.00047141896 0.0293594 0.0015370195 0.009180489 0.388658 0.0019555686 0.00011200888 0.5765027 3.2742875e-07 0.72413075 0.10734175 0.0004766944 8.470946e-06 0.00018689585 0.00044241222 0.00024350233 0.0032660216 4.8664183e-06 0.00550556 0.00026589338 2.3798444e-05 0.00086364435 0.000111746405 0.0025988137 4.2904707e-05 0.00034151186 1.7923916e-05 0.0016449972 0.002894382 6.8061495e-06 0.0008788669 6.332034e-05 0.00013696394 0.037692584 3.222919e-05 0.00067809207 0.0063581774 8.922431e-05 2.4366807e-05 0.002998451 0.25061586 3.0580768e-06 0.0012761815 0.0001255054 0.00016136077 4.9534985e-05 3.242027e-06 2.8267295e-06 0.0004913549 0.00029413865 1.9720435e-06 2.2274096e-06 0.00015798194 1.1397534e-05 5.991576e-06 2.2098426e-05 1.3068186e-05 0.0008024566 0.055945203 1.314319e-05 1.265465e-07 6.8876477e-07 8.414521e-06 1.0505985e-08 1.5246628e-05 0.005204475 0.0009806661 0.0021069464 3.2680484e-05 3.960651e-06 0.0002720338 1.1867367e-06 0.0005783662 2.7822617e-07 0.0014115619 4.426236e-06 8.027595e-05 2.3923945e-07 7.844015e-07 2.8762897e-06 0.00047274597
0.974318 0.10593382 0.041955743 0.009110866 0.002846274 0.10923331 0.005555465 0.069768436 0.008198236 0.0092465645 0.7421153 0.079925895 0.09306302 0.833428 0.0005862933 0.13831395 0.0016505027 0.0035036125 0.0019952562 1.036961e-20 0.098619565 0.0005752865 0.7534567 0.27133724 0.0008433413 0.1936798 0.1318138 0.00083290023 2.6014382e-07 0.0011227909 0.00018072034 0.34759665 1.7609818e-05 0.016966932 0.5182621 4.7520538e-05 0.004742965 0.0030851893 4.9305272e-05 0.06598779 0.17179614 0.020147435 0.007784094 2.2026596e-05 0.01157239 0.019303491 0.4461018 0.00011478489 0.00037107794 0.093069725 0.080515586 9.661369e-05 0.011936203 2.0091693e-06 0.020560555 0.00028600913 0.37678486 0.022793598 0.0013788553 0.0002008248 5.173553e-07 1.2260477e-05 4.7674807e-06 0.012527668 0.00021383357 0.010318826 0.0017231788 0.016802061 1.6730676e-06 0.00015060157 0.0098537225 0.0014741492 0.0013771029 0.013431443 0.00013499451 1.172256e-05 0.0007951293 0.0008509809 6.837226e-06 2.1973462e-06 1.0362264e-05 0.0013310375 1.0056528e-06 7.0425535e-06 6.725299e-05 1.8853592e-07 4.7091904e-05 8.199892e-06 5.2906365e-05 0.00016490498 0.0008495096 0.0016848394 3.759406e-05 8.154945e-07 0.079763666 1.0171948e-06 2.7787299e-05 9.585297e-07 1.633799e-07 3.345085e-07 0.073388286
0.9883763 0.093118966 0.11325747 0.080920435 0.05078729 0.04357939 0.04092129 0.48030493 0.0025473272 0.2102404 0.072426446 0.012678836 0.8544064 0.28873205 0.024757117 0.007311315 0.0034560936 0.42443344 0.00047141896 0.098619565 1.7994547e-20 0.004733781 0.48206675 0.006115498 0.00035080974 0.0038709939 0.781121 0.0012725806 0.00075348886 0.00036320064 0.0009820007 0.0033190174 0.002963406 0.13521473 0.008252899 0.015436212 0.0002411541 0.02080989 0.00046759986 0.00071235176 0.0016872666 0.00030770223 1.4697651e-05 0.00085689937 3.498996e-05 0.00015862113 0.015529753 0.025285147 0.00018092037 0.0024718968 0.05975346 0.0111998245 0.000110371024 2.1762651e-05 0.0001552462 0.00046156166 0.10404787 0.00018151886 1.3217388e-05 0.00177972 3.1101147e-06 0.0048093125 0.00016606256 0.00013660625 1.150133e-05 0.00026759724 1.3053201e-05 0.00042597498 1.9066849e-05 0.0016852869 0.0009858982 4.947045e-05 1.2066045e-05 0.00081315736 1.26872765e-05 0.0016379504 3.4253962e-06 0.019676402 3.1870436e-06 0.0009943914 0.0014670693 3.1093303e-05 0.0006169014 0.0015867341 1.2047137e-06 1.3397118e-06 7.067516e-06 8.81656e-06 3.094995e-06 7.668156e-07 1.3836667e-05 5.5908704e-06 1.6861324e-05 0.00035145017 0.014281078 0.0003101386 3.984069e-05 0.00012346101 6.101473e-05 8.3419116e-05 0.0034646012
0.7328798 0.007928502 0.01413659 0.7306897 0.2783303 0.00034279423 0.3423003 0.011597475 0.0002933316 0.019174434 0.00082544266 3.7829323e-06 0.0062856996 0.0013769519 0.93415296 2.9461185e-05 0.6454467 0.0052525806 0.0293594 0.0005752865 0.004733781 5.8805717e-19 0.0013317618 3.606181e-05 0.00021184156 1.9071203e-06 0.0037561383 0.43207562 0.00064986583 0.00011763386 0.8468278 7.5556255e-07 0.0034808172 0.0019996136 4.389827e-06 0.025466131 4.4977423e-07 0.0008767033 0.7222691 3.0232434e-07 6.580431e-07 4.99373e-07 1.01113976e-07 0.6295371 3.7891205e-08 1.9160977e-07 2.3289938e-05 0.1152166 7.0062792e-06 1.7179943e-06 0.0035363452 0.026252346 7.61758e-07 0.24694145 1.5803354e-07 5.03639e-06 0.0016704808 3.6662306e-07 4.0621666e-07 0.16011392 3.2875555e-06 0.0039687655 0.10568435 1.0274994e-06 3.0554413e-06 1.3403533e-06 1.8314962e-07 7.0999627e-06 0.015218752 0.042256374 9.279475e-06 4.0796117e-08 3.54235e-06 7.4370923e-06 2.5517767e-07 0.0010255009 6.3820216e-06 0.0010794752 2.4206136e-05 0.014105042 0.00012262905 1.4740975e-06 0.010295113 3.328958e-06 1.254319e-06 7.995922e-06 1.7983893e-05 0.0041229352 1.9528316e-05 9.2686275e-07 9.950336e-06 8.811798e-07 2.7212758e-05 3.811568e-05 0.0007624434 0.0032604607 4.365223e-05 4.2158837e-07 2.7409224e-05 0.00117012 0.00041398537
0.9854517 0.1163138 0.12541147 0.03309341 0.01369642 0.080571756 0.016373891 0.27585626 0.0049877246 0.08464324 0.29463592 0.022009213 0.39930514 0.77422976 0.0047320584 0.03311161 0.0019470084 0.057523254 0.0015370195 0.7534567 0.48206675 0.0013317618 2.2116443e-21 0.047238443 0.00046222442 0.028984698 0.7843434 0.0002544592 6.164106e-05 0.00036406968 0.00021836029 0.064115316 0.00034620197 0.15430841 0.1472662 0.00053407636 0.0009206244 0.025391415 7.5610464e-05 0.011758503 0.029466512 0.0034831734 0.00124235 0.00010099019 0.0012865626 0.0017520987 0.3092405 0.001994848 0.00015059841 0.027169269 0.22824219 0.00061808596 0.0011379268 1.5594495e-06 0.0019929872 0.00017893761 0.45968252 0.0025255436 0.00012903952 0.0005511362 4.893973e-07 0.00021963281 8.051621e-06 0.0012576563 3.1115553e-05 0.00097240554 7.7879624e-05 0.006032874 7.2659705e-06 0.0006476734 0.0042714966 7.3877614e-05 0.00025902945 0.0038184337 1.2546318e-05 0.00019260691 0.00015493146 0.01400001 1.6756064e-06 4.9887753e-05 0.00011830812 0.00016868184 1.7838991e-05 7.2997216e-05 6.3602392e-06 2.8954076e-07 1.48907275e-05 1.5313719e-05 4.338655e-06 3.183054e-05 0.0001397022 0.00028701083 1.3801662e-05 1.2100259e-05 0.08340203 1.2020734e-05 1.0154158e-05 4.6028517e-06 4.561982e-06 8.073958e-06 0.03371754
0.92136115 0.12035224 0.010135434 0.0012932115 2.5972764e-05 0.09277951 0.00018129067 0.023794381 0.022755388 0.0015216211 0.7968204 0.397599 0.007673604 0.28859988 5.9205723e-07 0.89336526 0.00047045964 9.219313e-05 0.009180489 0.27133724 0.006115498 3.606181e-05 0.047238443 1.2784523e-17 0.007030536 0.90575475 0.009271156 0.00051190547 3.0696178e-08 0.0033007285 8.724175e-05 0.6557462 3.430431e-06 0.0009631921 0.22630553 5.8801254e-07 0.10374755 0.0001274361 1.05655745e-05 0.2837344 0.053881228 0.2740253 0.23635256 2.7906273e-05 0.18845333 0.16453516 0.028784731 1.506448e-06 0.005178759 0.018438099 0.013426551 1.1113351e-06 0.08719878 7.1550516e-05 0.05770548 0.0025726897 0.075205795 0.0138067985 0.029631054 0.0005131247 2.1010468e-05 4.2281764e-07 0.0002293712 0.0027727326 0.0026382732 0.001689429 0.019242851 0.002483642 6.7681445e-05 0.0001033581 0.0012037061 0.01366877 0.00036871727 0.002325564 0.0044482667 8.13259e-06 0.001220368 7.3181545e-06 0.00038030374 6.668796e-05 2.6813293e-06 3.0021778e-05 4.2501455e-05 2.4758364e-07 0.00018972013 1.0846524e-06 0.0006106933 0.00014884886 0.0011418768 1.7889308e-06 0.00028101593 2.4432917e-05 0.0011651586 3.328755e-06 0.018439656 9.04193e-06 0.00034396152 2.4765708e-07 9.942495e-07 2.1359203e-06 0.009027653
0.015485237 0.007350291 0.00088242535 0.0012268227 0.0004023431 0.10432862 0.0011943752 0.00085873104 0.75036293 0.00043144554 0.0113184955 0.51897544 0.00026817183 0.0014248014 3.0402876e-05 0.030588573 0.00077320077 5.3180065e-06 0.388658 0.0008433413 0.00035080974 0.00021184156 0.00046222442 0.007030536 4.7839616e-16 0.0016850756 5.9392514e-05 0.00019281844 3.663824e-08 0.9692583 0.0002970507 0.00079412665 5.5715277e-06 0.0003741105 0.00038208888 1.11201825e-05 0.16126937 1.771589e-05 9.639069e-05 0.00042466572 6.967802e-05 0.0007997718 0.000761167 4.9646645e-05 0.00024301655 0.00025985535 0.0002054841 4.1790085e-05 0.14807135 6.020327e-05 0.00020437267 1.50728665e-05 0.0002674809 0.00014646306 0.00011929459 0.0293703 0.001869266 5.3462772e-05 0.00029215933 0.00018969859 0.002876072 2.6844073e-06 7.196432e-05 7.207271e-05 0.0008139977 4.5305853e-05 0.00020884424 2.8048164e-05 9.896724e-06 6.413104e-05 1.9060195e-05 7.932998e-05 0.00032655077 2.0860192e-05 0.0002492571 6.9644498e-06 6.0580165e-05 2.9177467e-05 0.091267616 1.3256534e-05 1.2953702e-06 3.5585924e-06 1.0557315e-05 5.609814e-08 3.2123753e-05 6.524815e-05 0.0008282467 2.5855782e-06 0.00015385632 1.333089e-05 0.00017213023 1.6262262e-06 0.00015176322 3.1124853e-06 0.0035544515 1.8386147e-06 8.781488e-05 2.2189319e-07 1.2690488e-06 9.3580763e-07 0.00060781615
0.89860284 0.024387283 0.0012121568 0.00018826399 2.099802e-06 0.011416518 1.8301083e-05 0.00452494 0.0040020524 0.00022763331 0.4966539 0.09983873 0.0023511476 0.0850791 3.989648e-08 0.47718513 0.00011634891 1.1321886e-05 0.0019555686 0.1936798 0.0038709939 1.9071203e-06 0.028984698 0.90575475 0.0016850756 2.5639821e-17 0.00462849 6.213832e-05 1.1530707e-09 0.0012897092 1.5580395e-05 0.7636966 9.236755e-07 0.0004784458 0.30192384 6.731828e-08 0.046195745 5.3407686e-05 1.957576e-06 0.49341303 0.13973388 0.5100305 0.20634598 5.0072144e-06 0.25619265 0.34810236 0.042006433 6.8802234e-07 0.0017231804 0.040322844 0.010959305 2.7403235e-07 0.21787865 2.1312619e-05 0.11796534 0.0010774552 0.07906124 0.031719957 0.031866577 0.00020057424 4.3803884e-06 3.4058747e-08 4.2467218e-05 0.0057932986 0.0018546238 0.003348815 0.021490108 0.0036536711 3.2155443e-05 2.1696087e-05 0.0020913745 0.01971141 0.0011061403 0.0035530347 0.0044648466 7.1817874e-07 0.0044025183 3.4791492e-06 0.00011262596 7.4478817e-06 3.5540697e-07 0.000100935016 4.409186e-06 4.2119233e-08 0.0008349963 1.6686926e-07 0.00041018648 0.000115454706 0.0020595388 1.8984456e-05 0.0006371492 0.00012353227 0.0012160293 6.48338e-07 0.019705655 1.7302984e-06 0.00054912496 4.181673e-08 1.5205273e-07 8.613347e-07 0.012757132
0.99754316 0.064521365 0.06550978 0.03161963 0.046958387 0.03494172 0.05853043 0.18435097 0.0016012614 0.2067914 0.05399177 0.0030318883 0.4107777 0.31408933 0.015463898 0.0073803714 0.0012720351 0.3180367 0.00011200888 0.1318138 0.781121 0.0037561383 0.7843434 0.009271156 5.9392514e-05 0.00462849 8.871115e-22 0.00069372775 0.0010716587 8.894751e-05 0.00041126346 0.004902307 0.0070863594 0.2892558 0.022748997 0.04549752 5.606715e-05 0.030685527 0.00044234176 0.0008568748 0.0027801879 0.0005014603 2.0354202e-05 0.0005410206 8.149484e-06 0.000117858006 0.04031697 0.029116511 1.5910253e-05 0.0034858484 0.36352548 0.01657726 3.074184e-05 1.6770284e-05 0.00027205067 4.1733652e-05 0.28586683 0.00032914052 3.428282e-06 0.0015306048 9.21801e-07 0.0065731495 6.725768e-05 0.00020913365 3.9804927e-06 0.00031548768 2.2270951e-06 0.00054654246 9.834316e-06 0.0022112343 0.000629453 3.0709361e-06 6.121388e-05 0.0004720013 1.9821591e-06 0.0028638472 4.1846198e-07 0.03252841 1.0259283e-05 0.0007493322 0.0019017428 9.0582376e-05 0.00042642947 0.0024178787 3.3687112e-07 2.0077287e-06 2.2586844e-05 4.5107325e-05 5.3572245e-07 2.5066256e-06 6.2884305e-06 2.8171882e-05 2.4996089e-05 0.0004810037 0.08288605 0.00024029186 3.9869246e-06 8.095929e-05 8.9721776e-05 2.9680192e-05 0.013777308
0.04771999 0.025208436 0.01779871 0.5519931 0.021347452 0.0033156702 0.05698768 0.007304659 0.0070383446 0.0027571504 0.0072828773 0.00078969775 0.0013793368 0.002958834 0.04676955 0.0013366478 0.9426878 0.00044769875 0.5765027 0.00083290023 0.0012725806 0.43207562 0.0002544592 0.00051190547 0.00019281844 6.213832e-05 0.00069372775 1.4674304e-18 9.04698e-07 0.00042081595 0.9187202 1.5474356e-05 1.25346e-05 0.0019937754 1.4445587e-05 0.00017602155 3.8504488e-05 0.00011748039 0.096438274 6.4434284e-06 6.8082913e-06 9.7140355e-06 1.5203874e-06 0.026752314 1.3380392e-06 4.6018904e-06 8.56997e-05 0.00053999916 3.3934314e-06 1.7489492e-06 0.0013553425 7.436622e-05 3.906799e-06 0.7775291 9.36016e-06 4.458187e-06 0.0045858473 7.042614e-06 1.9152712e-06 0.0010313184 0.00040837596 2.1668948e-06 0.002860855 1.8041648e-05 2.0897247e-05 9.258949e-06 2.5401769e-06 8.93612e-06 0.0005849448 0.000110435685 5.6929202e-06 7.342573e-06 7.909786e-06 8.389153e-06 7.2294265e-06 3.5045143e-06 1.2799362e-05 5.4877728e-05 5.871799e-05 1.8151235e-05 4.650965e-08 2.149017e-06 1.3969373e-05 2.6746718e-09 2.946603e-06 0.0023866042 1.25967335e-05 0.00679912 1.1248421e-05 3.3248352e-07 3.3881863e-06 1.3571098e-07 4.2383384e-05 2.9704074e-08 0.00080372364 2.437021e-06 2.57672e-05 2.749598e-09 6.639759e-08 4.822917e-07 0.000109767236
0.9706883 8.853367e-05 8.434652e-05 0.00017716404 0.009025269 3.1305788e-08 0.032298382 5.310058e-05 2.5920809e-08 0.02408859 3.502593e-08 1.0061296e-08 0.00036802626 1.9853727e-05 0.0063131363 9.269007e-09 6.287993e-06 0.10904652 3.2742875e-07 2.6014382e-07 0.00075348886 0.00064986583 6.164106e-05 3.0696178e-08 3.663824e-08 1.1530707e-09 0.0010716587 9.04698e-07 1.1548592e-22 8.2991214e-08 1.1912297e-05 5.7235976e-09 0.9277892 0.0391077 1.7570497e-07 0.09411598 2.4719646e-09 0.5777344 0.000121039 5.7309384e-09 2.4051053e-08 4.9084155e-09 1.9326504e-10 0.0010134655 1.5367958e-10 1.1574888e-09 4.396363e-06 0.051746383 5.72833e-08 1.762968e-07 0.042143144 0.10369754 7.353308e-10 2.4538627e-07 1.0246826e-09 1.7653242e-08 0.012571789 6.713271e-09 2.0146056e-09 0.0046437243 1.3744111e-08 0.087930895 2.3465968e-06 1.9119625e-08 1.6166931e-08 8.611794e-09 5.257869e-10 1.0414693e-07 1.0582964e-06 0.008638788 5.406729e-07 2.748843e-09 3.798763e-10 1.4206263e-06 1.4470113e-09 0.06368308 1.1605616e-09 0.7904929 3.2885435e-08 0.010897673 0.059266474 3.6393062e-09 0.009182692 0.08832787 5.95411e-09 1.8352056e-08 8.004492e-09 3.1936105e-07 2.2533826e-09 9.961856e-11 8.4065077e-10 2.7680086e-10 1.602219e-08 0.025456581 0.026841367 0.003442882 1.4332315e-08 0.0066408427 0.01471458 0.006760746 7.257968e-05
0.00523209 0.016175786 0.0014466225 0.0026709118 0.00028970029 0.06494779 0.000887118 0.0007760353 0.6756984 4.260461e-05 0.007103647 0.22077109 0.00013538143 0.0011135583 1.2979046e-05 0.016473884 0.0011888313 2.2092433e-06 0.72413075 0.0011227909 0.00036320064 0.00011763386 0.00036406968 0.0033007285 0.9692583 0.0012897092 8.894751e-05 0.00042081595 8.2991214e-08 1.991121e-15 9.0898066e-05 0.00054011145 4.0699706e-06 9.459271e-05 0.00020819776 5.9880176e-06 0.03257794 1.12664575e-05 1.788674e-05 0.00012969722 4.270358e-05 0.000254326 6.607686e-05 2.0294288e-05 3.3894903e-05 7.503444e-05 5.1514035e-05 4.482629e-06 0.047971748 9.2601595e-06 0.00037354117 4.203777e-06 7.7715806e-05 3.0973115e-05 2.4639226e-05 0.012438324 0.00469169 1.7559843e-05 5.0985982e-05 7.251969e-05 0.01589314 1.4205824e-07 9.59548e-06 2.2598133e-05 0.00028838267 1.3079569e-05 2.0293824e-05 1.1212456e-05 1.949431e-06 1.3967935e-05 5.618783e-06 1.1897345e-05 2.8904858e-05 1.1749915e-05 3.4554556e-05 5.324591e-07 1.2124539e-05 4.6750705e-05 0.68858624 1.8464148e-06 4.750628e-08 3.1451705e-06 1.7020159e-06 5.280787e-09 6.725508e-06 0.006326936 0.0003575179 1.2975598e-06 4.047507e-05 5.167946e-07 6.1458763e-06 5.844041e-08 4.569927e-05 1.0625514e-07 0.0018844595 4.148524e-07 2.170385e-05 3.5625245e-08 8.2887276e-08 8.10395e-08 7.3304866e-05
0.07841907 0.0051747626 0.010102725 0.5964078 0.06617692 0.00088600785 0.07919288 0.0031962178 0.001444673 0.0007929821 0.0008515951 0.000117403215 0.00084230286 0.0005313366 0.37280092 9.2814356e-05 0.5981083 0.00026087885 0.10734175 0.00018072034 0.0009820007 0.8468278 0.00021836029 8.724175e-05 0.0002970507 1.5580395e-05 0.00041126346 0.9187202 1.1912297e-05 9.0898066e-05 1.4200759e-18 1.18468715e-05 0.00012115981 0.000740006 5.3935014e-06 0.0017855801 7.044139e-06 3.6583024e-05 0.686419 6.534769e-06 1.2566017e-05 8.40739e-06 5.0064455e-06 0.3990531 3.5678695e-06 8.0280515e-06 3.6821846e-05 0.008780396 9.820339e-05 9.102398e-06 0.0006308461 0.0011404293 1.214383e-05 0.92325765 1.572041e-05 5.2523847e-05 0.0022021 9.102728e-06 5.632324e-06 0.03373483 3.8151375e-06 0.00029408984 0.08518213 6.3843865e-05 3.1349246e-05 6.999424e-05 2.538249e-06 3.7984322e-05 0.007461119 0.0018229561 1.2804392e-05 2.0304308e-06 2.9588793e-05 2.359787e-05 1.000441e-05 0.00020020273 2.5256313e-05 0.00015733196 0.00012190214 0.00055957085 1.07319065e-05 1.7476627e-07 0.0004942042 4.8260495e-07 1.5141142e-05 8.071071e-06 5.3976873e-05 0.022159677 2.6673823e-05 4.2821252e-06 4.4463177e-05 1.078297e-06 0.0001251671 1.7206909e-05 0.00046543672 0.00013495577 5.3927535e-05 1.4371818e-06 1.2587294e-05 5.8742404e-05 0.00014338181
