1.327023e-26 0.102531865 0.12792708 0.10096074 0.09084991 0.09518456 0.12642987 0.0015478296 0.0015844086 0.29819432 0.3543454 0.16889009 0.117776416 0.103802554 0.687693 0.44889736 0.88655627 0.0031624408 0.16741693 0.24473423 0.003739855 0.61587554 0.035432722 0.5195595 0.7477738 0.7773475 0.51255655 0.8783255 0.12091133 0.7220025 0.7234817 0.31371692 0.8447814 0.06012127 0.027886901 0.0039961087 0.65300673 0.79243445 0.082784146 0.9147134 0.8592404 0.24696559 0.0038251912 0.093886465 0.37329748 0.89799505 0.6374366 0.820102 0.83118165 0.7397708 0.0003639666 0.033393968 0.87134314 0.0010274833 0.88277817 0.02171574 0.93060184 0.9079926 0.60015494 0.36646828 0.018093884 0.2265516 0.79852396 0.95378315 0.7986334 0.61953557 0.9611199 0.978137 0.47830516 0.936913 0.9760127 0.8938996 0.8120468 0.97893023 0.5904519 0.25156245 0.68031186 0.9322035 0.9915084 0.76732 0.9704789 0.9894643 0.53704333 0.8988691 0.7657006 0.998953 0.0003532206 0.9908667 0.98626894 0.9981151 4.684921e-05 6.792853e-05 0.11850163 0.9999169 0.69003904 0.31624344 2.9376442e-06 0.98684573 0.23631404 0.99099 0.014695767
0.102531865 4.4839397e-18 0.3257492 0.8483481 0.6298717 0.30881196 0.83084023 0.0983736 0.06922302 0.09255125 0.1917816 0.60875434 0.51855075 0.13701497 0.79790145 0.04266001 0.5860064 0.083826505 0.22834718 0.049158555 0.020544227 0.013053638 0.10713724 0.002055843 0.021029301 0.001611372 0.0018439047 0.11264746 0.0005475319 0.004049907 0.0006175459 0.00023442437 0.0101637645 0.0023429801 0.0039488915 0.0017557687 0.003802459 0.0036315583 0.00024302024 0.0165038 0.028700957 0.00043737117 0.0017983612 0.0005101317 4.5773726e-05 0.013377713 0.0006718531 0.0014269023 0.0011387111 0.0008700637 0.00070409727 7.602296e-05 9.333022e-05 0.0033771521 0.0042321025 3.232088e-05 0.0019947053 0.0024250918 2.9727442e-05 1.3762218e-07 4.3923733e-06 6.415962e-05 6.066188e-06 0.001921654 0.00015733736 1.115524e-06 0.00022546995 0.00040194998 6.422886e-05 4.9656923e-05 5.486256e-05 5.3527847e-06 1.7378321e-05 0.00022398625 1.5843533e-06 2.5905945e-05 7.148401e-05 9.904045e-05 0.00034723477 6.9444204e-06 7.949287e-05 5.804876e-06 1.8830862e-05 0.00012224617 1.3420731e-05 0.00015289153 8.414321e-06 0.00022631508 8.0957056e-05 0.00012950208 9.967627e-07 1.6743786e-07 0.0009907739 0.00011518361 1.92479e-05 7.148292e-05 0.0003312162 0.0004294245 6.3353586e-06 4.276936e-05 4.695996e-09
0.12792708 0.3257492 1.10506334e-16 0.39911512 0.6796539 0.8861311 0.5375025 0.033240385 0.028179433 0.592306 0.5090266 0.024718268 0.07105821 0.16299093 0.03458706 0.38663042 0.27597058 0.026842633 0.0024680397 0.088560745 0.010670883 0.28001982 0.0010948816 0.026806934 0.08800946 0.026448458 0.026873052 0.009015122 0.0013315675 0.035394832 0.0018416911 0.00076234416 0.027726823 6.3154366e-05 0.0011335548 5.1007533e-05 4.561066e-05 0.02099232 0.00018597415 0.00095087226 0.008346337 1.5864321e-06 1.8686847e-05 7.951445e-06 1.3555318e-07 0.004959022 1.6917505e-05 0.00951343 0.008335999 4.684291e-05 0.00012320037 5.348654e-05 0.003176728 1.7234548e-05 0.00041946225 1.435659e-05 0.0027167124 0.00038416404 0.00030511088 1.7739634e-06 1.3916551e-08 3.5444702e-07 0.00041521186 0.0005415737 5.4424607e-05 2.9340003e-05 0.0010004125 0.000103225895 4.6845363e-07 0.0010884051 0.0004266556 9.0768735e-05 0.00013557497 1.7747276e-05 1.43560155e-05 1.2511566e-06 8.589268e-06 6.695711e-06 0.0011433571 5.5915818e-05 0.0004319437 0.000331088 3.4361656e-05 4.48392e-06 5.1091654e-05 0.0006993442 3.752298e-06 0.0015742697 0.00057613757 0.00071507914 4.0590297e-07 2.2649404e-08 1.694717e-05 0.00016048526 2.0103096e-06 7.69894e-05 1.1259207e-05 0.00027763078 1.532431e-05 0.00010606567 5.2947553e-09
0.10096074 0.8483481 0.39911512 2.6847673e-16 0.76630956 0.43496984 0.8580677 0.034485698 0.025063552 0.14741772 0.21106517 0.1813719 0.19536452 0.05552274 0.45690703 0.077435546 0.43655157 0.040604137 0.037558552 0.022988535 0.007448351 0.019275697 0.009738134 0.0021722892 0.01936639 0.0031221076 0.0026187706 0.055131547 0.0007155771 0.005042924 0.00064922933 0.00035819277 0.007461322 0.0005798807 0.0005721413 0.00041284022 0.0010225736 0.0044060573 0.00028820726 0.0061766487 0.016508374 0.00010066777 0.00042836185 0.00020231013 1.4909782e-05 0.008223085 0.00027485515 0.0015291756 0.0013577209 0.0004313631 0.00042004534 9.692109e-05 0.00035569485 0.00032320127 0.0019623593 3.346486e-05 0.0029354992 0.0014309263 0.00010112541 1.3364883e-06 3.30306e-07 8.8348446e-05 9.391719e-05 0.0018017603 0.00028442853 9.04947e-06 0.00080891605 0.0004921514 5.8796548e-05 0.00032798492 0.00026501415 4.3146552e-05 0.0001136603 0.0001794496 2.4181032e-05 1.487686e-05 8.953005e-05 0.00012211695 0.0006676649 6.402154e-05 0.0003692995 6.906105e-05 6.8808535e-05 0.00015396772 5.851004e-05 0.00038595297 1.6442184e-05 0.00075068546 0.00026131116 0.00046670454 9.414963e-07 5.2478757e-08 0.00036648117 0.00022342794 3.456675e-05 9.7309436e-05 3.9934188e-05 0.00046785187 1.2996336e-05 0.00013357175 1.2804813e-08
0.09084991 0.6298717 0.6796539 0.76630956 1.704603e-16 0.7774762 0.8377971 0.020085223 0.014984408 0.37604883 0.43999654 0.07178962 0.09538672 0.053714987 0.17948247 0.21088268 0.38577843 0.028465023 0.012263746 0.031264383 0.004622207 0.07411613 0.004827268 0.0053425673 0.04439363 0.003817263 0.0087037245 0.0318357 0.000661329 0.013072568 0.00059437257 0.00048793605 0.014562282 0.00029731312 0.0003423607 0.00013980336 0.00039545877 0.01175339 0.0002248033 0.0025822157 0.012380017 3.2658925e-05 7.260225e-05 7.346044e-05 5.744321e-06 0.0061373613 0.00013820887 0.0034855595 0.0027991473 0.00027901152 8.120271e-05 5.7839025e-05 0.0009714753 2.5342304e-05 0.0011158631 1.9015404e-05 0.003128326 0.0007768972 0.00014253192 1.8149634e-06 2.629929e-08 1.8159826e-05 0.00019273571 0.0013072119 0.00015641608 1.1660433e-05 0.0010092041 0.00038699582 1.3758558e-05 0.0006391524 0.0005281382 8.155179e-05 0.00012117102 9.7838725e-05 2.8880362e-05 4.090867e-06 3.534523e-05 5.0806102e-05 0.0008016618 0.0001188855 0.00048648828 0.00020200398 8.176532e-05 0.00010775138 8.4504405e-05 0.0007236593 1.8839106e-05 0.0010638058 0.0005161133 0.0006195176 6.2222045e-07 1.060603e-08 6.9028385e-05 0.0002445988 1.1548922e-05 5.5590364e-05 3.7995244e-06 0.00039376097 1.0335114e-05 0.00015094076 2.6134561e-09
0.09518456 0.30881196 0.8861311 0.43496984 0.7774762 8.412621e-17 0.60321224 0.013932606 0.010915085 0.5518915 0.5261758 0.020543318 0.04642616 0.06652044 0.03656827 0.30680153 0.23433588 0.017788427 0.0025763786 0.04854164 0.004006406 0.14923006 0.001372652 0.011973992 0.058397442 0.011533811 0.014451266 0.012605603 0.00066419673 0.02210268 0.0008830192 0.00042861336 0.016012767 0.00012235953 0.000545832 5.1032148e-05 9.4400304e-05 0.014252532 0.00010067786 0.0010287069 0.0061062663 6.181545e-06 1.6702148e-05 1.5264653e-05 9.201928e-07 0.0035686558 3.113033e-05 0.0056519667 0.004719779 0.00010813422 4.0152587e-05 4.370205e-05 0.001905376 8.211748e-06 0.00044110554 1.6111053e-05 0.003344784 0.0003399257 0.00029528397 2.5712252e-06 1.05913935e-08 1.4477038e-06 0.00043734198 0.00092760904 8.1034996e-05 2.9438266e-05 0.0011152141 0.00014501954 2.0159637e-06 0.0009408807 0.0005435933 0.000121050194 0.0001382334 2.5077194e-05 2.7532222e-05 1.7860364e-06 1.0885086e-05 1.1472443e-05 0.00097205647 7.895719e-05 0.00040886717 0.0002302933 6.755422e-05 1.791197e-05 9.623841e-05 0.0008322496 4.7010303e-06 0.001519904 0.00063056935 0.00060342345 4.4862912e-07 1.5000353e-08 2.866321e-05 0.00021239846 3.155349e-06 4.290176e-05 2.602499e-06 0.0003575846 1.0599474e-05 0.00012290581 3.5520873e-09
0.12642987 0.83084023 0.5375025 0.8580677 0.8377971 0.60321224 1.6524715e-18 0.016606782 0.0111966 0.31969514 0.47632214 0.20181169 0.13480555 0.042446785 0.6054784 0.17900571 0.6386079 0.021099977 0.035001833 0.018124046 0.0038511078 0.048104048 0.010559219 0.0024164622 0.041365653 0.0019495381 0.004923346 0.10658099 0.00028004983 0.0072892313 0.00035606633 0.00016388106 0.018830918 0.00050033786 0.00017003046 0.00016066027 0.0012498903 0.009163397 8.8715715e-05 0.00936941 0.027487557 7.323324e-05 0.000113437 0.000118654425 1.3664812e-05 0.013419574 0.00045261657 0.002091537 0.0017546035 0.0006077094 4.7820813e-05 3.5096837e-05 0.00053321634 2.303951e-05 0.002551851 4.4043527e-06 0.0035213255 0.0018751617 8.944641e-05 1.1436055e-07 6.275927e-08 5.8338093e-05 6.828062e-05 0.0021239766 0.00027367807 4.94962e-06 0.0011138408 0.0008871759 4.9294176e-05 0.00045222978 0.0004660459 3.1210802e-05 0.0001091269 0.0001767671 2.0719106e-05 8.674269e-06 0.00010090431 0.00013414084 0.0007488703 8.214768e-05 0.00029254996 7.030606e-05 0.00013534527 0.00014639254 9.5166826e-05 0.00056394056 7.870605e-06 0.0006170432 0.00032797086 0.00032264387 3.393193e-07 3.8521306e-09 0.00034771324 0.00017779249 1.7009135e-05 2.4732808e-05 1.1915757e-06 0.0003093287 1.0249234e-06 7.789002e-05 2.1326299e-09
0.0015478296 0.0983736 0.033240385 0.034485698 0.020085223 0.013932606 0.016606782 8.701304e-19 0.76724255 0.0064190794 0.0047886786 0.25649074 0.74955314 0.10382794 0.050383214 0.0031008052 0.020664662 0.5877968 0.025930226 0.02423076 0.01522384 0.010535576 0.07808805 0.0029863068 0.0044269944 0.0056808963 0.001950188 0.012739911 0.0018993828 0.0013668991 0.0025816064 0.0039206077 0.00085963396 0.00097378495 0.0057328227 0.0014148409 0.00044715384 0.0007814981 0.0015258869 0.001253108 0.0033991127 0.00068179535 0.0031721822 8.4270694e-05 7.736042e-05 0.0012642968 0.00011533289 0.000113304784 9.360727e-05 0.00018866318 0.0031505176 0.0001675354 0.00015664507 0.0015991096 9.016033e-05 2.2048664e-05 0.00027251002 8.093467e-05 0.00051289814 2.7132195e-05 1.3077467e-06 0.00012907214 0.0002851828 8.213609e-05 0.00044996585 7.1537615e-05 0.00011278515 0.00011028433 1.3234504e-05 0.00031564207 0.00012699087 0.00011180301 0.0007208233 0.000249341 6.2698826e-05 1.9539846e-05 0.00021357085 0.000247104 0.00033158946 0.00035345784 0.0010153981 0.0001698269 0.00036513075 0.00045624003 0.0003747268 0.00017987505 2.9092012e-06 0.0011771647 0.0004506605 0.00035683697 7.596027e-07 4.3428236e-06 0.0014235809 2.2751425e-05 1.6252936e-05 0.0011576155 0.002757236 0.00026278783 1.5504682e-05 3.9503204e-05 8.198519e-09
0.0015844086 0.06922302 0.028179433 0.025063552 0.014984408 0.010915085 0.0111966 0.76724255 3.4775275e-17 0.0048462697 0.0032644274 0.12411096 0.6490003 0.17480671 0.028923424 0.002136606 0.016871886 0.6902057 0.011695539 0.031954695 0.041462388 0.008956323 0.025561066 0.002468606 0.0040175607 0.0036597615 0.0016631685 0.004871926 0.0024933342 0.0011392303 0.0023315342 0.003565771 0.0009188311 0.00078321307 0.009870172 0.0011101159 0.00018053016 0.0008007571 0.0013689714 0.00041958992 0.0017075326 0.00040225315 0.0014233061 9.5961535e-05 1.9067647e-05 0.00048592928 6.369019e-05 0.00015260834 0.00013770089 0.00011244694 0.0077870786 0.00016416138 0.00016204626 0.0023257681 7.971493e-05 2.5125622e-05 0.00020407779 6.393868e-05 0.0003300212 2.6539263e-05 4.311681e-07 6.0572707e-05 0.00032683212 4.985679e-05 0.000537877 6.273931e-05 7.29844e-05 9.7329386e-05 5.709002e-06 0.00023377339 8.37699e-05 5.335265e-05 0.00080327963 0.00028551696 7.401753e-05 5.5603327e-06 0.00013081136 0.00027012874 0.0002785723 0.0001813531 0.0005364298 0.00011774342 0.0002879836 5.028387e-05 0.00037694763 0.00045165027 4.6494933e-06 0.0007079067 0.00039434308 0.00031409413 1.2814367e-06 1.0213324e-05 0.00031532196 3.6224366e-05 1.1033602e-05 0.001190394 0.004492605 0.0003949236 2.0561063e-05 3.4923352e-05 2.1822595e-08
0.29819432 0.09255125 0.592306 0.14741772 0.37604883 0.5518915 0.31969514 0.0064190794 0.0048462697 3.0588428e-18 0.82877433 0.006011816 0.016445104 0.05268431 0.0070073954 0.80731463 0.33821297 0.008675143 0.00059962156 0.050854277 0.0025745 0.53505987 0.0004041845 0.12977952 0.2701267 0.093050264 0.11833348 0.008550247 0.0007897158 0.14406648 0.00199624 0.00037206785 0.07517643 3.359462e-05 0.0004451307 1.5913502e-05 3.9425075e-05 0.058679923 7.184453e-05 0.00056356745 0.0085053425 1.9608429e-07 4.6483897e-06 1.8246857e-06 2.3004896e-08 0.0059169997 9.9414765e-06 0.016380232 0.014849688 2.8592067e-05 2.0928319e-05 2.3729099e-05 0.0065585976 5.089463e-06 0.0004681096 3.0562517e-06 0.0074178902 0.0004236298 0.00029530734 3.7440603e-07 6.5559074e-09 7.5749355e-08 0.0007950823 0.0016475439 5.6796584e-05 5.354569e-05 0.0039668353 0.0003173108 1.1948671e-07 0.0030951754 0.0020430358 8.088274e-05 0.00013294397 1.8565986e-05 1.0125207e-05 1.9034017e-07 1.4808836e-06 3.447258e-06 0.0027154097 5.231413e-05 0.00044735876 0.00044078115 2.2506338e-05 1.0091857e-06 6.5838714e-05 0.0022132026 2.4783253e-06 0.0025163381 0.0007330881 0.0010163407 6.624399e-07 7.230753e-09 2.1882138e-06 0.0004475679 4.252095e-07 2.9437819e-05 2.1331273e-06 0.0003673239 1.5286658e-06 0.00025635248 3.2560863e-09
0.3543454 0.1917816 0.5090266 0.21106517 0.43999654 0.5261758 0.47632214 0.0047886786 0.0032644274 0.82877433 2.3212352e-20 0.013108435 0.020398315 0.028017234 0.05579306 0.81010073 0.6669253 0.006708034 0.0012469578 0.021768866 0.0015459952 0.3894596 0.0007615307 0.0578603 0.29262593 0.03641666 0.08412109 0.06998902 0.00018430775 0.12625034 0.00033752283 9.891651e-05 0.113877825 0.00011259847 0.00019120135 2.6609694e-05 0.00024986517 0.060339395 2.1091315e-05 0.004625236 0.036520876 1.8773884e-06 7.432158e-06 1.3780316e-05 1.5748604e-07 0.022933638 4.387209e-05 0.014665848 0.012967917 0.00018410712 7.330448e-06 9.050203e-06 0.0041977544 4.204206e-06 0.002233947 1.1687715e-06 0.011245569 0.0023586801 6.3329695e-05 6.51249e-08 1.8411306e-08 8.7639523e-07 0.0001734528 0.0059442106 0.00024841016 9.080436e-06 0.005136875 0.0013168257 1.8485467e-06 0.0018311281 0.0019937772 2.6142865e-05 6.6613014e-05 9.018011e-05 6.0873176e-06 4.46458e-07 1.8086024e-05 3.4270775e-05 0.0023192319 1.7392016e-05 0.00027612539 0.00018923765 9.285229e-06 3.987168e-06 2.870471e-05 0.0017925208 1.1261145e-06 0.001701337 0.0006539782 0.0006557762 4.811638e-07 6.61199e-09 2.1729818e-05 0.0004960895 6.2412045e-07 1.36104745e-05 2.7555925e-06 0.0003058672 5.588906e-07 0.000105626576 1.9261635e-09
0.16889009 0.60875434 0.024718268 0.1813719 0.07178962 0.020543318 0.20181169 0.25649074 0.12411096 0.006011816 0.013108435 7.1458016e-17 0.8219677 0.04178744 0.79241735 0.0028807493 0.13688184 0.2133971 0.85332125 0.015801338 0.014038086 0.0023384786 0.76692694 0.00042962833 0.0070618666 0.00037272807 0.0005844538 0.12362131 0.00035585958 0.00078563683 0.00023787384 0.00025654887 0.0055734785 0.14488862 0.0064505613 0.06533972 0.023639059 0.0013902085 0.00032194308 0.028346242 0.024335837 0.044020135 0.054348294 0.041690256 0.01056092 0.012288818 0.00529904 0.00019499256 0.00014503213 0.0038118842 0.0004497022 0.0002195798 5.604283e-05 0.017474087 0.003389877 0.000121281075 0.00068068603 0.001655144 3.7645328e-05 1.5821156e-06 0.002333138 0.0007687231 1.3022975e-05 0.0014687282 0.002110566 3.5608161e-06 0.00019398484 0.0011866677 0.0005898756 5.3777927e-05 0.00012212485 4.0549716e-05 8.803323e-05 0.002574615 2.5424597e-06 0.00017736995 0.0006945387 0.0014349767 0.0003453385 9.066894e-06 0.00013206823 1.1279874e-05 9.342885e-06 0.00075059704 1.4444252e-05 0.00048759204 3.7877788e-05 0.00021013805 0.00010448633 0.00020275632 2.0984767e-06 2.4041873e-07 0.0011518439 0.00024028568 0.00015249442 0.00015641846 0.00038542162 0.002087427 9.112429e-06 4.1495055e-05 3.2737237e-08
0.117776416 0.51855075 0.07105821 0.19536452 0.09538672 0.04642616 0.13480555 0.74955314 0.6490003 0.016445104 0.020398315 0.8219677 2.752851e-17 0.19834566 0.43532094 0.009799579 0.07278463 0.81703717 0.4408524 0.04421997 0.040798508 0.00729098 0.74340886 0.0006773262 0.0069384766 0.000501565 0.00058110664 0.042890485 0.0008676329 0.0005521855 0.0007962026 0.0006131604 0.0013541983 0.016469115 0.0026885478 0.06035029 0.0023886263 0.00042186814 0.00043897 0.0039282315 0.0042760354 0.004751132 0.17187332 0.0018027321 0.00073988247 0.0011440109 0.00023497971 4.8104863e-05 3.752683e-05 0.00025146516 0.0029079474 0.00010543555 1.8875127e-05 0.057836924 0.00036587266 3.9958875e-05 0.00017520625 0.00026921422 3.696173e-05 6.047602e-07 0.00021619617 0.00013915967 1.0140833e-05 0.00020856204 0.00046766226 1.0872445e-06 0.00020936674 0.0003544354 5.001075e-05 0.00016979678 0.00022633797 0.000112627364 0.00027462115 0.0006689788 3.6175032e-07 3.5228622e-05 0.00023150066 0.00033140232 0.00014171381 1.9844507e-05 0.00031654793 1.1551798e-05 2.2866125e-05 0.0004928198 8.673396e-05 0.0001402221 0.00013069737 0.00040576293 0.00023183075 0.00077988097 1.7381179e-06 2.2079983e-06 0.010554925 0.00022925506 0.0009964319 6.498906e-05 0.01179862 0.0013871598 1.7345039e-05 2.0196132e-05 9.695756e-08
0.103802554 0.13701497 0.16299093 0.05552274 0.053714987 0.06652044 0.042446785 0.10382794 0.17480671 0.05268431 0.028017234 0.04178744 0.19834566 4.8087924e-15 0.014507467 0.023147926 0.0139296055 0.16777919 0.0047814413 0.79798955 0.50539833 0.096153565 0.0032945897 0.04077732 0.025365947 0.20661576 0.021509081 0.003897561 0.24627686 0.019578613 0.11876433 0.11166199 0.0057808864 0.00014094877 0.7086557 0.0001817345 0.00025973222 0.0091271335 0.1349075 0.0009900694 0.0017203891 0.0003212432 0.00021107744 0.00029030154 6.968566e-05 0.001380845 0.00015590168 0.0062033343 0.00664153 0.00017413234 0.19454804 0.037191182 0.0051443684 0.0025994421 8.039325e-05 0.02364695 0.0005341294 0.00020915498 0.022112608 0.007236615 2.1984172e-06 2.2631431e-05 0.0027233413 0.00019614332 0.00040678677 0.010009111 0.00092477957 0.0002016904 3.7240723e-05 0.002401268 0.0022686773 0.0026901367 0.0038684972 0.0004811223 0.004976124 4.1767933e-05 6.919726e-05 0.00014647593 0.0028535146 0.0026035283 0.0026325178 0.0014145239 0.0024101147 0.00066279166 0.0040488085 0.0031867852 0.00046247177 0.009314231 0.0067537636 0.005915916 6.616489e-05 5.912199e-05 0.0032215056 0.00072941964 0.0006466347 0.005648505 0.00065103016 0.0010858354 0.0013930433 0.00168334 5.0441667e-08
0.687693 0.79790145 0.03458706 0.45690703 0.17948247 0.03656827 0.6054784 0.050383214 0.028923424 0.0070073954 0.05579306 0.79241735 0.43532094 0.014507467 1.7695786e-19 0.0022657164 0.68091446 0.04775959 0.74794286 0.006733402 0.0037659355 0.00038047566 0.36009485 6.6876986e-05 0.004165844 5.4315096e-05 0.00010204877 0.607359 0.00010371187 0.0003083864 3.7859118e-05 1.5588004e-05 0.004814381 0.10135296 0.0011390928 0.0086861085 0.22279264 0.0009992234 1.5008906e-05 0.20724086 0.13561647 0.07139951 0.0070375497 0.030138152 0.037779864 0.044810165 0.062202908 0.00023556352 0.00019528755 0.03810619 0.00011074543 1.9196243e-05 2.7258784e-05 0.00079419 0.021467634 1.0838815e-05 0.0023466307 0.0139429085 4.044457e-06 4.6356792e-08 0.00041114463 0.0021125707 3.2595492e-06 0.010609295 0.010605426 4.8735495e-07 0.00061119354 0.00523943 0.0025235333 5.318532e-05 0.00012375867 2.032589e-06 9.051083e-06 0.008465796 1.0330587e-06 0.0005479362 0.003621848 0.00548948 0.0012619772 2.7647714e-06 2.6430227e-05 1.5640263e-06 5.042777e-06 0.0028756617 7.283331e-07 0.0012710585 2.2661484e-06 9.959169e-05 7.3079056e-05 0.00013548009 1.2089029e-06 6.470072e-08 0.0063759694 0.00045613977 0.0005159381 0.00084320136 9.2246766e-05 0.0029205724 2.0386626e-05 5.9147085e-05 2.1844887e-07
0.44889736 0.04266001 0.38663042 0.077435546 0.21088268 0.30680153 0.17900571 0.0031008052 0.002136606 0.80731463 0.81010073 0.0028807493 0.009799579 0.023147926 0.0022657164 1.169562e-19 0.41321987 0.004231148 0.00032183624 0.037192952 0.0009590162 0.787076 0.00024906985 0.2082668 0.5159071 0.14868921 0.24610215 0.013311683 0.0006027985 0.3008584 0.0019048802 0.00028183826 0.14785607 5.2352818e-05 0.0004496679 1.471716e-05 4.897778e-05 0.12539251 4.8416223e-05 0.0008265963 0.013665419 3.237453e-07 4.06784e-06 3.9802653e-06 4.998702e-08 0.00905093 9.492088e-06 0.025196917 0.021412881 6.0480583e-05 6.77869e-06 1.7524662e-05 0.009329735 1.2116592e-06 0.0009098089 1.8439704e-06 0.0150411315 0.0011413748 0.00017067413 2.8703286e-07 1.137618e-08 8.789376e-08 0.0010033582 0.0040742564 0.00013794117 4.595542e-05 0.008214894 0.00063961855 1.2950916e-07 0.004539413 0.003997431 0.00011671442 0.00019001999 4.6932335e-05 4.6369903e-05 1.3939908e-07 2.6194439e-06 9.422495e-06 0.003492983 7.913993e-05 0.00061399693 0.00055150763 3.9173185e-05 1.1905114e-06 8.87704e-05 0.0034410781 2.2643208e-06 0.0031091317 0.00095008773 0.0012875685 8.9546614e-07 9.754347e-09 4.2060474e-06 0.0009930376 4.5193053e-07 3.662827e-05 4.953423e-07 0.00040663785 9.93534e-07 0.000423692 2.0186597e-09
0.88655627 0.5860064 0.27597058 0.43655157 0.38577843 0.23433588 0.6386079 0.020664662 0.016871886 0.33821297 0.6669253 0.13688184 0.07278463 0.0139296055 0.68091446 0.41321987 1.6074206e-18 0.010019038 0.032854304 0.01644061 0.00260348 0.15611884 0.012321149 0.01596176 0.4021311 0.0051805987 0.0382134 0.69488424 0.0006308912 0.06974918 0.00025679855 0.00015451477 0.24746618 0.0030060897 0.0006406151 0.0005337087 0.07005714 0.051146433 8.658851e-05 0.24286568 0.35887176 0.00058460544 0.00016684245 0.0007757356 6.0632992e-05 0.22205374 0.011061824 0.00855794 0.0067885015 0.016164636 1.5574185e-05 1.5705438e-05 0.00078872486 5.5668726e-05 0.05751038 6.605364e-06 0.033221066 0.054491274 9.007753e-06 3.6543465e-08 1.4921269e-06 3.1906216e-05 2.0740694e-05 0.05988826 0.0022515228 1.8718373e-06 0.015609853 0.014684321 6.529932e-05 0.00066707016 0.0025778227 1.3276252e-06 6.608426e-06 0.004360181 4.073951e-06 1.5294876e-05 0.00049689325 0.0012985701 0.008342915 1.7877941e-05 8.406127e-05 8.564937e-05 9.081476e-06 0.0004391519 9.0599615e-06 0.0061079124 1.6371984e-06 0.0011216319 0.0014809353 0.0015773183 8.729126e-07 1.7144679e-07 0.000117662246 0.0022995526 0.00028467085 2.257263e-05 9.4291165e-05 0.0035738295 9.797342e-06 0.0006619793 1.601117e-07
0.0031624408 0.083826505 0.026842633 0.040604137 0.028465023 0.017788427 0.021099977 0.5877968 0.6902057 0.008675143 0.006708034 0.2133971 0.81703717 0.16777919 0.04775959 0.004231148 0.010019038 9.3186376e-17 0.03526752 0.06206274 0.21699743 0.0054110647 0.088162884 0.00061797246 0.0011549249 0.00078690966 0.00025324078 0.0026574382 0.0032896167 0.00029946814 0.0018125877 0.0030816975 0.00020573824 0.0012683709 0.0063569504 0.0051720273 9.592018e-05 0.00016076589 0.0016572771 0.00013533302 0.00020245952 0.0005061993 0.011894646 0.00010601299 6.609583e-05 7.827912e-05 3.599193e-05 4.9654227e-05 4.6581943e-05 3.2617307e-05 0.041907817 0.00039142356 6.259988e-05 0.16556838 2.7136693e-05 9.917146e-05 6.145873e-05 1.5433914e-05 0.00023202649 2.1623418e-05 2.673919e-06 7.881839e-05 9.3165e-05 2.7865133e-05 0.00057837483 2.3804076e-05 3.419151e-05 8.4267405e-05 8.298441e-06 0.00017371881 6.0811934e-05 0.00019411737 0.0006834828 0.00014606051 3.8826136e-05 9.272663e-06 5.614838e-05 6.7447676e-05 9.652445e-05 0.00017945732 0.0005034162 6.246314e-05 0.00050271547 0.00019755747 0.00029151642 0.00025976592 2.1580776e-05 0.00080484507 0.00040159404 0.0009347685 7.787895e-07 3.3054675e-05 0.0007053015 9.344824e-05 3.0355133e-05 0.0001717138 0.050386023 0.00042321326 1.6177218e-06 1.4172035e-05 1.3527338e-08
0.16741693 0.22834718 0.0024680397 0.037558552 0.012263746 0.0025763786 0.035001833 0.025930226 0.011695539 0.00059962156 0.0012469578 0.85332125 0.4408524 0.0047814413 0.74794286 0.00032183624 0.032854304 0.03526752 3.7137303e-18 0.0019497807 0.0011829949 0.00015320402 0.86217827 2.7312652e-05 0.0007248695 1.8956593e-05 5.509336e-05 0.12023933 9.554714e-05 0.00011690715 7.955764e-05 0.0001060049 0.0014299441 0.55233693 0.002309298 0.07916048 0.087469615 0.00040034074 0.00018115777 0.030654756 0.016959839 0.26643428 0.04418345 0.26067975 0.18576837 0.006584967 0.02385807 7.359388e-05 5.6100314e-05 0.012674621 2.6543188e-05 3.6980808e-05 1.4004534e-05 0.0009840421 0.003906509 3.4319768e-05 0.0003645062 0.0022167717 7.985368e-06 2.624203e-07 0.025586681 0.0118619315 7.5453827e-06 0.001279904 0.004725492 1.0416645e-06 0.00015806634 0.0020456612 0.0034826573 4.8866506e-05 6.4996624e-05 1.4927966e-05 3.9156148e-05 0.0032732652 1.2504756e-06 0.0007904478 0.003029807 0.0032842376 0.00045914506 1.8928955e-05 4.2640422e-05 4.2915776e-06 2.3572902e-05 0.001647749 1.2032731e-05 0.0013515535 2.1680906e-05 0.00011483537 5.8522597e-05 0.00012547486 1.6733243e-06 6.987597e-09 0.005560349 0.00021112697 0.0007864412 0.000111834255 0.00017620427 0.0018263729 2.1837047e-06 2.2242159e-05 1.1098332e-06
0.24473423 0.049158555 0.088560745 0.022988535 0.031264383 0.04854164 0.018124046 0.02423076 0.031954695 0.050854277 0.021768866 0.015801338 0.04421997 0.79798955 0.006733402 0.037192952 0.01644061 0.06206274 0.0019497807 2.3713584e-14 0.29735383 0.35777253 0.0013458696 0.2355026 0.04074373 0.5998923 0.09267391 0.0066742836 0.7605644 0.05633438 0.51891464 0.53043014 0.019484924 8.234023e-05 0.6981318 0.00012911904 0.00017833913 0.031186147 0.4858266 0.0024246583 0.006294635 4.704877e-05 0.00022036588 3.6518853e-05 2.4941437e-05 0.0069265193 0.00013460332 0.03340316 0.03442407 0.00035441428 0.05352993 0.15217315 0.050570093 0.0022383796 0.00021058622 0.099611886 0.0035647817 0.0004575603 0.10387115 0.26615322 3.729026e-07 2.1856029e-06 0.0318061 0.0005287479 0.00038622555 0.049303915 0.002834726 0.0002880056 1.0840355e-05 0.01113938 0.0048757424 0.013515883 0.019688204 0.0003669402 0.025706436 8.086217e-06 7.313163e-05 0.00012584384 0.007511943 0.00944108 0.0096951695 0.007305931 0.0059004975 9.605695e-05 0.0068538324 0.00335545 0.0002657215 0.007970631 0.013570873 0.011567789 7.63112e-05 6.3451357e-06 0.0010371776 0.001572983 0.0005608312 0.0062092827 7.793795e-05 0.0017664772 0.0012467635 0.009105659 2.683611e-08
0.003739855 0.020544227 0.010670883 0.007448351 0.004622207 0.004006406 0.0038511078 0.01522384 0.041462388 0.0025745 0.0015459952 0.014038086 0.040798508 0.50539833 0.0037659355 0.0009590162 0.00260348 0.21699743 0.0011829949 0.29735383 8.025576e-16 0.003729528 0.00068651454 0.0010960437 0.0010055035 0.004869935 0.00037541005 0.00015501791 0.014375884 0.00024314938 0.0067518316 0.008505225 0.0002443118 3.5100184e-05 0.4838017 1.5328593e-05 1.3719695e-05 0.00021306978 0.003963897 6.848376e-05 0.00010434403 2.768401e-05 5.6774166e-05 2.1814087e-06 7.0327687e-06 5.2619256e-05 1.6269003e-05 0.00014251207 0.00012668205 4.523432e-05 0.66915065 0.001275409 7.856443e-05 0.0012066611 2.7180804e-05 0.00028649837 8.9065245e-05 1.8442104e-05 0.0003534435 0.00018371074 5.1101228e-08 2.0892471e-06 8.2862985e-05 1.5777243e-05 0.00012248177 5.052108e-05 5.5632478e-05 4.7021535e-05 5.06994e-06 0.00014289939 0.00012736526 0.00010261744 0.00029796202 0.00016289769 8.861341e-05 1.8243048e-06 4.5977427e-05 8.67023e-05 0.00019939255 0.00021707296 0.00028056043 6.156779e-05 0.00040505675 0.000457364 0.00053415785 0.0014898712 1.5847076e-05 0.0012930586 0.0016556302 0.0024535293 3.8481485e-06 0.0010362003 0.00047682173 0.00019610871 0.00023236375 0.000839305 0.004906715 0.00021037267 0.00028611146 6.1167666e-05 3.4954386e-08
0.61587554 0.013053638 0.28001982 0.019275697 0.07411613 0.14923006 0.048104048 0.010535576 0.008956323 0.53505987 0.3894596 0.0023384786 0.00729098 0.096153565 0.00038047566 0.787076 0.15611884 0.0054110647 0.00015320402 0.35777253 0.003729528 9.898993e-18 6.914448e-05 0.8038542 0.58303624 0.7113623 0.7457854 0.0019753028 0.058168605 0.5710354 0.16334155 0.03268945 0.22017859 7.636262e-06 0.0048933644 4.1435796e-06 1.1751663e-05 0.2599196 0.0016127726 0.00024476842 0.006506686 2.3417333e-07 3.2428188e-06 1.3686259e-06 2.6770111e-08 0.006392084 6.9362663e-06 0.074727036 0.06429586 3.0632535e-05 6.3210914e-06 0.00021260964 0.039161813 6.5405675e-06 0.0006552892 3.8039787e-05 0.020256706 0.0007288824 0.0019040148 1.177201e-05 2.5648292e-09 1.744136e-07 0.006579575 0.0035393855 8.51688e-05 0.00035116856 0.013288838 0.00058208645 2.89979e-07 0.013243798 0.012012485 0.00047401385 0.00035507366 2.6999829e-05 0.00014978385 5.062448e-07 2.6428522e-06 4.5495867e-06 0.0078027016 0.00016406996 0.0017897176 0.0019914806 5.3473177e-05 1.282219e-06 0.00011686991 0.0038171026 2.3471944e-06 0.0044258735 0.0024950255 0.0046969103 7.946626e-07 8.855689e-09 3.620663e-06 0.0013490791 4.0424956e-07 3.7861573e-05 9.92923e-07 0.00022757103 5.875476e-06 0.00071073096 4.2108345e-10
0.035432722 0.10713724 0.0010948816 0.009738134 0.004827268 0.001372652 0.010559219 0.07808805 0.025561066 0.0004041845 0.0007615307 0.76692694 0.74340886 0.0032945897 0.36009485 0.00024906985 0.012321149 0.088162884 0.86217827 0.0013458696 0.00068651454 6.914448e-05 1.1269188e-16 1.1351086e-05 0.00024625662 1.0656223e-05 1.2560925e-05 0.019927945 3.6878322e-05 2.6257729e-05 3.5492772e-05 5.1301406e-05 0.00034870036 0.72796637 0.0006279181 0.547607 0.01451381 8.2389015e-05 4.8638638e-05 0.0056639053 0.003775213 0.13237548 0.5028468 0.337317 0.04193972 0.0012277145 0.0040293345 1.3141911e-05 1.0298985e-05 0.0017367312 1.685041e-05 4.713924e-06 5.996709e-06 0.009660587 0.00052217883 9.6747335e-06 0.000120295954 0.0003976765 5.5821856e-06 4.0598275e-07 0.1838649 0.002235735 4.6913615e-06 0.00023319511 0.0018072819 2.598561e-06 6.118505e-05 0.0005621329 0.0006689128 4.1274907e-05 2.9961368e-05 4.41966e-06 4.197398e-05 0.0014663616 1.194927e-06 0.00016915433 0.00089399423 0.0014501614 0.00032216113 5.7721295e-06 2.0106845e-05 5.169773e-06 1.8919542e-06 0.0008047737 3.2314517e-06 0.0003000184 6.41507e-06 0.0001402368 3.5450248e-05 0.00012984946 1.1130623e-07 1.2116378e-07 0.006360428 0.00010990488 0.0021316237 9.038964e-06 0.00067221967 0.0039254464 9.3321586e-07 4.074977e-06 2.8939266e-06
0.5195595 0.002055843 0.026806934 0.0021722892 0.0053425673 0.011973992 0.0024164622 0.0029863068 0.002468606 0.12977952 0.0578603 0.00042962833 0.0006773262 0.04077732 6.6876986e-05 0.2082668 0.01596176 0.00061797246 2.7312652e-05 0.2355026 0.0010960437 0.8038542 1.1351086e-05 9.132018e-18 0.37701577 0.7613997 0.7905114 0.0002799903 0.06804792 0.5335849 0.24324128 0.059182823 0.140717 3.3796184e-06 0.004249521 4.5544616e-06 3.7930076e-06 0.24150057 0.0033720497 7.7914614e-05 0.0016907669 9.139382e-08 3.7364432e-06 1.4500624e-06 8.106791e-09 0.0018994951 2.6689406e-06 0.11359559 0.10812328 1.0794283e-05 7.0754327e-06 0.0003622861 0.13935372 1.4444223e-05 0.00015131089 5.9395235e-05 0.024534255 0.00039187868 0.014515459 6.594913e-05 2.7878788e-09 6.354242e-08 0.030896915 0.0020279172 2.1661706e-05 0.0016686235 0.01692288 0.00035501693 8.966218e-08 0.02887454 0.01649568 0.0007173027 0.00073562405 9.776658e-06 0.00033475508 1.5755079e-07 4.6846034e-07 1.6585838e-06 0.011765535 0.00035632044 0.0016902251 0.0021440522 8.563337e-05 2.8276398e-07 0.00018492609 0.0058402955 8.781182e-06 0.005047389 0.0032819721 0.0061793 2.820434e-06 1.4924156e-08 4.377922e-07 0.0030023581 2.2116095e-07 6.929261e-05 2.0463058e-07 0.0001915582 5.615022e-06 0.0011981217 7.606403e-10
0.7477738 0.021029301 0.08800946 0.01936639 0.04439363 0.058397442 0.041365653 0.0044269944 0.0040175607 0.2701267 0.29262593 0.0070618666 0.0069384766 0.025365947 0.004165844 0.5159071 0.4021311 0.0011549249 0.0007248695 0.04074373 0.0010055035 0.58303624 0.00024625662 0.37701577 1.9040666e-18 0.2489135 0.6368088 0.033320017 0.002090237 0.8081609 0.007396353 0.0013259272 0.8432366 5.3137257e-05 0.0010720211 1.179569e-05 9.790527e-05 0.7041808 0.00039772867 0.004336879 0.10268444 2.531939e-06 5.0298718e-06 9.384133e-06 3.0064234e-07 0.09652819 3.4360117e-05 0.18261191 0.14656457 0.00017994693 2.5635982e-06 6.481674e-05 0.04456259 1.1804017e-05 0.0073561184 1.736015e-05 0.20518401 0.00713141 8.2750616e-05 2.1700123e-07 5.270335e-08 1.082665e-06 0.0015199229 0.022954764 0.00030525468 3.129497e-05 0.04800247 0.002590065 1.7520259e-06 0.012874611 0.01907524 5.347925e-05 0.000114247145 0.00018171855 2.2092863e-05 3.6318122e-06 3.6349396e-05 5.9061244e-05 0.017284803 3.2965207e-05 0.00065927557 0.0006437272 5.4529683e-06 5.4481598e-06 2.511446e-05 0.006276125 1.0292166e-06 0.0024147206 0.0020936583 0.0019677875 2.2635393e-06 4.3491976e-08 8.417812e-06 0.0028371129 1.8051535e-06 1.0135476e-05 3.2596752e-05 0.00049259636 1.0749468e-06 0.00040082095 4.015028e-09
0.7773475 0.001611372 0.026448458 0.0031221076 0.003817263 0.011533811 0.0019495381 0.0056808963 0.0036597615 0.093050264 0.03641666 0.00037272807 0.000501565 0.20661576 5.4315096e-05 0.14868921 0.0051805987 0.00078690966 1.8956593e-05 0.5998923 0.004869935 0.7113623 1.0656223e-05 0.7613997 0.2489135 1.1043511e-16 0.5028001 0.00027091638 0.4721783 0.36375484 0.7285497 0.4492409 0.08457588 4.271924e-06 0.058283314 3.2039143e-06 2.3777268e-06 0.12724622 0.18283279 8.32323e-05 0.0010199313 1.7542935e-07 3.924054e-06 1.689673e-06 1.15311085e-08 0.0018806411 1.2498448e-06 0.107890286 0.10614768 7.263109e-06 2.9697463e-05 0.01483136 0.22144279 1.5290238e-05 0.0001986599 0.002463115 0.013900397 0.0007051052 0.14708495 0.019918365 3.866396e-09 5.4900315e-08 0.11198034 0.0023974103 1.5609487e-05 0.024658466 0.017776607 0.00036342168 2.1306182e-08 0.057616547 0.026508862 0.0061521195 0.004323554 1.7323284e-05 0.0029198288 1.12980686e-07 7.6132727e-07 2.2366585e-06 0.015791574 0.002321136 0.007249487 0.009653901 0.00058500393 1.8452239e-07 0.0013593157 0.0064338343 2.50816e-05 0.008567021 0.012802201 0.021288645 1.6165358e-06 2.2551164e-08 1.591973e-06 0.0038124388 3.5079097e-07 0.00042849669 8.273317e-07 0.00023238834 4.3013395e-05 0.00482698 3.0119274e-09
0.51255655 0.0018439047 0.026873052 0.0026187706 0.0087037245 0.014451266 0.004923346 0.001950188 0.0016631685 0.11833348 0.08412109 0.0005844538 0.00058110664 0.021509081 0.00010204877 0.24610215 0.0382134 0.00025324078 5.509336e-05 0.09267391 0.00037541005 0.7457854 1.2560925e-05 0.7905114 0.6368088 0.5028001 1.4802095e-18 0.00045420023 0.014479511 0.7938281 0.09969374 0.014939852 0.28232875 4.5409433e-06 0.0016732981 2.9050868e-06 9.404809e-06 0.50896937 0.00067013426 0.00018832093 0.0037549816 1.8815135e-07 1.9820252e-06 1.3992673e-06 3.6099195e-08 0.0056055845 6.017069e-06 0.20586915 0.18305661 3.6153717e-05 1.1182785e-06 0.00015698229 0.15382467 1.7070708e-05 0.00051233795 3.5265966e-05 0.05657578 0.00087688473 0.0024571344 9.314604e-06 2.6012423e-09 1.4235863e-07 0.021122659 0.0047435258 6.86915e-05 0.00059697917 0.029391296 0.0007706143 2.476781e-07 0.033398326 0.024085632 0.00051473547 0.0005455507 4.3906206e-05 0.00022287865 3.0383976e-07 9.904782e-07 6.7234755e-06 0.018340826 0.00025589086 0.0018710399 0.002048617 7.160977e-05 5.4256856e-07 0.00020533797 0.007042232 4.3708073e-06 0.0054325303 0.0029736245 0.004560125 2.6176483e-06 5.7723186e-09 5.8794075e-07 0.0032533805 3.0796656e-07 6.8598674e-05 6.376705e-08 0.00026897504 2.7992219e-06 0.001036062 2.6807537e-10
0.8783255 0.11264746 0.009015122 0.055131547 0.0318357 0.012605603 0.10658099 0.012739911 0.004871926 0.008550247 0.06998902 0.12362131 0.042890485 0.003897561 0.607359 0.013311683 0.69488424 0.0026574382 0.12023933 0.0066742836 0.00015501791 0.0019753028 0.019927945 0.0002799903 0.033320017 0.00027091638 0.00045420023 1.1912583e-16 0.00028254095 0.0011120137 9.1811795e-05 7.225535e-05 0.046659157 0.028877279 0.0004683983 0.002830512 0.39771652 0.003916422 8.880715e-05 0.7353767 0.46806848 0.04707745 0.00051702093 0.012338646 0.039808813 0.33179638 0.19363049 0.00041963393 0.0002872173 0.27751198 4.627137e-06 6.0570972e-05 6.400506e-05 8.524153e-05 0.18612714 5.6594636e-05 0.028974647 0.1593024 2.4237124e-06 2.7205632e-08 6.647401e-06 0.0025505347 1.2533775e-05 0.10314011 0.14238594 5.228191e-07 0.011665774 0.082294755 0.007996052 0.0003580681 0.0015521918 4.128071e-06 1.0088252e-05 0.07565431 1.1698154e-06 0.0015306966 0.0112582855 0.027137863 0.009121782 3.1046293e-06 0.00011701657 8.151019e-05 8.960897e-07 0.008548772 5.0027586e-07 0.011144751 1.4982891e-05 0.0008152438 0.00023728747 0.00038347 1.829215e-05 6.577077e-08 0.0013305527 0.0019445625 0.0028420077 4.2957316e-05 0.00018878502 0.012381363 6.4832657e-06 0.000101664984 2.0305158e-06
0.12091133 0.0005475319 0.0013315675 0.0007155771 0.000661329 0.00066419673 0.00028004983 0.0018993828 0.0024933342 0.0007897158 0.00018430775 0.00035585958 0.0008676329 0.24627686 0.00010371187 0.0006027985 0.0006308912 0.0032896167 9.554714e-05 0.7605644 0.014375884 0.058168605 3.6878322e-05 0.06804792 0.002090237 0.4721783 0.014479511 0.00028254095 1.4707673e-15 0.0042304965 0.6217943 0.80394685 0.0023947367 3.8903136e-06 0.4015743 5.754502e-06 1.37276265e-05 0.0048362026 0.80122656 0.000104018145 0.00036519408 1.2791486e-06 5.201007e-06 1.5087066e-06 6.3337546e-07 0.000896474 1.6984854e-05 0.0038268825 0.0044348477 7.0833834e-05 0.0012150811 0.34019995 0.026185622 1.9523064e-05 3.3305667e-05 0.19342773 0.0017148476 9.4079085e-05 0.08947496 0.5736267 9.383348e-09 7.205092e-07 0.028079594 0.00010087334 0.00013146656 0.045046177 0.0018415147 0.00011556178 2.4893995e-06 0.009507698 0.0029811347 0.006608313 0.019160196 3.561127e-05 0.045011424 2.6990754e-06 1.114712e-05 1.6568187e-05 0.003107992 0.006447566 0.007605527 0.003999519 0.0026834363 7.4177556e-06 0.0037913083 0.0016294719 0.000121538804 0.006033854 0.01041774 0.0069057564 2.2386397e-05 5.7547986e-08 0.00048139767 0.00072454184 9.196766e-06 0.0018708381 6.620777e-08 0.00035250012 0.00023533874 0.0058112657 5.550557e-10
0.7220025 0.004049907 0.035394832 0.005042924 0.013072568 0.02210268 0.0072892313 0.0013668991 0.0011392303 0.14406648 0.12625034 0.00078563683 0.0005521855 0.019578613 0.0003083864 0.3008584 0.06974918 0.00029946814 0.00011690715 0.05633438 0.00024314938 0.5710354 2.6257729e-05 0.5335849 0.8081609 0.36375484 0.7938281 0.0011120137 0.0042304965 7.943115e-19 0.039687265 0.0035144936 0.4530132 1.3426363e-05 0.0014318763 6.682487e-06 7.769346e-06 0.7412867 0.00042282938 0.00029211948 0.012342199 9.6708405e-08 2.6291818e-06 1.1981849e-06 1.3089856e-08 0.018476717 3.7686332e-06 0.30795977 0.26893127 3.0875526e-05 1.6586312e-06 5.051405e-05 0.11931548 1.783491e-05 0.0009813996 7.879986e-06 0.12537116 0.0015877446 0.00051887974 9.436015e-07 9.840888e-09 7.7247506e-08 0.013596763 0.011053446 5.1798183e-05 0.00014549872 0.052786075 0.00087932544 1.0332266e-07 0.024944212 0.024187356 0.00022515797 0.0002929679 5.294211e-05 8.034244e-05 4.121032e-07 1.1297287e-06 7.2132148e-06 0.01811512 9.100978e-05 0.0010350966 0.00135782 1.9374125e-05 3.4225147e-07 7.46424e-05 0.0057208785 2.5634563e-06 0.0043008537 0.0030185345 0.0030091088 2.1843962e-06 2.7429158e-08 7.9042917e-07 0.0039978316 2.7331828e-07 4.089227e-05 1.2117621e-06 0.00033169985 2.0158657e-06 0.0008672396 2.1583861e-09
0.7234817 0.0006175459 0.0018416911 0.00064922933 0.00059437257 0.0008830192 0.00035606633 0.0025816064 0.0023315342 0.00199624 0.00033752283 0.00023787384 0.0007962026 0.11876433 3.7859118e-05 0.0019048802 0.00025679855 0.0018125877 7.955764e-05 0.51891464 0.0067518316 0.16334155 3.5492772e-05 0.24324128 0.007396353 0.7285497 0.09969374 9.1811795e-05 0.6217943 0.039687265 7.1354505e-17 0.799553 0.0025966102 1.9181933e-05 0.20290238 3.75327e-05 3.9713923e-06 0.013674076 0.46193376 2.9870642e-05 0.00012958719 1.456164e-06 1.964418e-05 8.872144e-06 2.3929442e-07 0.00030056713 1.5971815e-06 0.033173636 0.036438644 6.2673626e-06 0.00026638983 0.1329738 0.16318399 7.355992e-05 1.989789e-05 0.087689355 0.0019135288 0.00011918338 0.33318028 0.5335762 3.3087584e-08 1.8270774e-07 0.19001657 0.00032632635 3.9770703e-06 0.14403097 0.00685833 0.00010222479 2.2774381e-08 0.059099425 0.0164396 0.03536769 0.039977424 1.8518771e-05 0.062200923 7.4319627e-07 8.566496e-07 3.4024433e-06 0.015500581 0.020095816 0.023218533 0.018093979 0.007211098 1.6706399e-07 0.012046019 0.0076699317 0.0005603981 0.0161692 0.0350014 0.031863492 1.14750255e-05 8.1515424e-08 1.688854e-05 0.00516323 3.2644582e-06 0.0039384924 1.2859504e-06 0.00057230773 0.0008668998 0.026124232 2.019173e-08
