3.940308e-28 0.1174111 0.11635424 0.048781417 0.30900374 0.054289628 0.8294433 0.020158678 0.8613094 0.5507671 0.17876756 0.25201204 0.39965233 0.03377067 0.690144 0.1421636 0.48922703 0.26983538 0.6729142 0.100654826 0.46134493 0.8350874 0.14574857 0.14203185 0.8899942 0.10929431 0.871169 0.8243793 0.893503 0.0042798803 0.9285557 0.88004154 0.8781377 0.9048093 0.87824225 0.002623869 0.9141994 0.58706284 0.0026675186 0.8523518 0.84789044 3.7185357e-05 0.8891207 0.0534974 0.058034282 0.91090846 0.6575545 0.90406346 0.0017226891 0.8434792 0.91416 0.9542323 0.08450783 0.8620223 0.9562181 0.4820244 0.86722696 0.9183287 0.9682075 0.6255639 0.6623038 0.9020162 0.01784671 0.97253567 0.85433364 0.961353 0.6136486 0.09585172 0.094165586 0.017995425 0.9911498 0.9889721 0.89289 0.02752698 0.0023019142 0.0008213037 0.00089481403 3.718841e-05 0.98156714 0.00036342273 0.34627455 0.06453581 0.9772954 0.78403693 0.99592906 0.9976381 0.9990816 0.0018986637 0.0013307258 0.9996542 0.22118239 1.7034174e-06 0.25370574 0.0020840436 0.9653485 0.98793435 0.99997735 0.99986875 0.791148 0.3382783 0.99566174
0.1174111 7.334708e-17 0.5227246 0.9134568 0.8855048 0.58328986 0.6306622 0.34768054 0.3749102 0.047981493 0.004500208 0.0047072265 0.0037570877 0.14826892 0.046084683 0.0040160995 0.0038620296 0.03124397 0.011875508 0.0024709846 0.46223196 0.00764799 0.001135571 0.0015789564 0.006940518 0.00201918 0.16842169 0.00077136507 0.0071958434 0.039406274 0.0040314104 0.0070103495 0.007539269 0.034419343 0.05115286 0.004739599 0.04139871 7.820073e-06 0.004461595 5.9709477e-05 0.00032890108 0.006029181 0.0006069964 0.0002569225 0.006663472 0.0023933335 0.029946094 0.011859606 0.0013347319 0.00953838 1.9561325e-05 0.0055184886 2.042391e-05 7.021258e-05 0.0010563534 3.4422155e-06 6.0521204e-05 0.00010994766 0.0015220073 1.3894531e-05 4.763595e-06 0.008194147 0.00033150252 2.3383165e-05 2.0526779e-05 0.0047821864 0.0027542845 6.695283e-08 2.0251746e-06 3.9947076e-06 0.0014802512 0.00201284 0.0018295641 1.7494345e-06 3.4750192e-05 7.501269e-05 3.4653593e-05 1.4938006e-07 1.4577725e-05 4.929601e-05 6.286068e-06 4.3809374e-07 2.9058228e-05 9.10743e-05 0.0025960691 0.0012732263 0.0022093963 1.1713418e-07 4.9843246e-05 0.0023266133 0.00027294725 0.00017667458 3.677126e-06 7.980883e-06 0.00037982585 0.0012897352 0.0007460436 0.00044233794 0.000534642 0.00034461045 0.00074170873
0.11635424 0.5227246 1.8528639e-17 0.13572581 0.18560512 0.8560384 0.18629412 0.051349342 0.2698739 0.1293988 0.28338578 0.13381884 0.034910608 0.03343283 0.07025933 0.14081918 0.059297413 0.81284153 0.02951725 0.07185245 0.02434227 0.020919241 0.02785622 0.0571176 0.024122091 0.14272068 0.08044551 0.015571862 0.007967901 0.73356384 0.005831093 0.005151367 0.0055416273 0.009592686 0.015378599 0.18271355 0.011639896 0.004685732 0.11882903 0.0014265504 0.00065230444 0.18831201 0.0004220609 0.0086418325 0.07379885 0.0018047774 0.004323441 0.00377407 0.05955191 0.0032254634 4.630684e-05 0.0019277416 0.0006268648 0.00013502284 0.0002561394 0.00039633547 6.3266256e-05 5.9646016e-05 0.00051696034 0.000101573605 0.00017206393 0.002880541 0.00059240125 0.00022502014 0.00028453 0.0010081001 0.002011164 2.471266e-06 8.8657114e-05 3.7277536e-05 0.00084258924 0.00075381907 0.0008882879 0.00015793825 0.00010787075 0.000107242486 5.3966887e-05 0.0005778508 0.00022303493 0.00011959681 2.0304047e-05 1.5901667e-05 0.0003833046 0.0007980986 0.002200324 0.013333497 0.0023974036 1.2914342e-06 0.00045657388 0.004584109 0.0038845122 0.0037099093 4.47446e-05 0.00017146782 0.0055973767 0.0043346537 0.0016728195 0.0013284896 0.0050711907 0.013522876 0.0011304392
0.048781417 0.9134568 0.13572581 1.1514935e-15 0.77309054 0.4855732 0.44421935 0.83144945 0.055262305 0.0020669983 0.0006551183 0.0005280941 0.0004972379 0.5541343 0.002259514 0.0005185282 0.00042672985 0.0017048989 0.0013466266 0.00038489915 0.7220341 0.0010614096 0.00022699726 0.0002957417 0.0011683231 0.00044546172 0.14361343 7.377328e-05 0.0021994922 0.003498796 0.0008123203 0.0012963725 0.0013569973 0.005691072 0.04602881 0.00045909427 0.01702453 2.130273e-06 0.000289797 2.6036498e-05 3.4716275e-05 0.0015924486 8.948378e-05 6.417454e-05 0.001992955 0.00036989996 0.07718227 0.0073782993 0.00021210192 0.009293974 4.353439e-06 0.0015118697 7.176629e-06 2.2807757e-05 0.00031523264 2.7961512e-06 2.331156e-05 4.8404352e-05 0.00081481744 1.0504789e-05 3.4224968e-06 0.01389177 0.00011569719 2.5023826e-05 2.952813e-05 0.008003505 0.0064483406 7.596943e-08 2.0706077e-06 1.2494075e-06 0.0011537425 0.0037488125 0.0031369135 6.7843e-07 3.7510886e-06 0.00020934596 5.996927e-06 8.290467e-08 9.333971e-06 0.00039663815 4.263552e-06 2.3246037e-06 2.750485e-05 0.00010577758 0.005096277 0.0028191272 0.0045614215 2.4770316e-07 0.00012786424 0.005032057 0.0007553624 0.0002847678 7.4147993e-06 4.942737e-06 0.00033253347 0.0029958838 0.0012586857 0.0018406394 0.0014847222 0.0014336993 0.0013562359
0.30900374 0.8855048 0.18560512 0.77309054 1.3916493e-16 0.28404465 0.91154206 0.27768123 0.4796242 0.020635797 0.0017598798 0.0013163054 0.0008396065 0.23853171 0.053009823 0.0012848503 0.00056159974 0.01411066 0.010240205 0.0008182024 0.6288663 0.004412322 0.000318362 0.00044335515 0.0029444064 0.0005034858 0.37626123 0.00015722307 0.008006602 0.010157268 0.003953206 0.012344218 0.012669291 0.08165992 0.14025792 0.0019995058 0.1300211 5.1163993e-06 0.0015725936 2.0570773e-05 0.00014977485 0.0020636264 0.000339248 8.9436515e-05 0.0024362174 0.0031497919 0.13960995 0.03778443 0.0006801114 0.031643625 1.1409661e-05 0.02172658 3.578633e-05 4.396843e-05 0.0035800207 2.20719e-06 6.5225686e-05 0.00019574864 0.0045317593 9.318424e-06 1.099509e-06 0.025665738 9.318028e-05 9.4622934e-05 2.0100519e-05 0.03243596 0.015217236 9.013062e-08 1.2676289e-06 2.9729806e-06 0.0044800066 0.014546556 0.0073603354 5.678426e-06 9.108124e-05 0.0006908374 0.00016509504 2.1606557e-07 2.1594258e-05 5.3765565e-05 2.845709e-06 5.671837e-07 1.6354157e-05 3.9808292e-05 0.011851732 0.0030875762 0.010656219 5.8584413e-07 0.00033482115 0.018800842 0.00096019224 0.00014118136 1.2730491e-06 4.9904218e-05 0.0002794701 0.0033808353 0.0026224372 0.0016113712 0.0025287443 0.002007083 0.0023048117
0.054289628 0.58328986 0.8560384 0.4855732 0.28404465 1.5196606e-16 0.20722626 0.44585112 0.047890782 0.004301945 0.0027134668 0.0021120824 0.0006074093 0.53146785 0.006901342 0.0016586741 0.0010101856 0.045536652 0.001469208 0.0007361233 0.2566614 0.00094658136 0.000747269 0.0013690445 0.0006372562 0.0036079874 0.08771962 5.705772e-05 0.00030292018 0.3886382 0.00027371803 0.0006351006 0.0006631606 0.0013939544 0.023681523 0.0072693005 0.0031929745 4.8070287e-05 0.00420207 6.2991654e-05 9.546316e-05 0.2249347 7.204164e-05 0.0003975618 0.002937773 0.00028605852 0.052089725 0.0034037272 0.001269365 0.0033937993 8.18999e-06 0.00026688594 1.6310933e-05 4.737813e-05 3.710169e-05 2.1647642e-05 3.377139e-05 5.0602717e-05 7.751418e-05 4.386983e-05 1.0723937e-05 0.008549204 0.0004194549 6.2263905e-05 5.5878085e-05 0.00136535 0.0038465622 2.5731103e-07 2.3174848e-06 1.8560506e-06 0.00039383478 0.00055620336 0.004440508 1.3883887e-06 4.69093e-05 0.0055331513 1.5237251e-05 2.2539318e-06 7.667039e-05 0.015135093 7.610373e-06 6.2075974e-06 0.000103331484 0.0009103362 0.0031278278 0.014827393 0.0043877284 6.367786e-07 0.0007150628 0.0075912336 0.002349107 0.054725826 2.265618e-05 0.00017906907 0.008478642 0.0047371653 0.0042956723 0.0022258235 0.0029950857 0.011190895 0.0016865636
0.8294433 0.6306622 0.18629412 0.44421935 0.91154206 0.20722626 6.061649e-17 0.11374113 0.87432337 0.09317988 0.0034542186 0.0034902794 0.002568255 0.14216518 0.25638583 0.002487342 0.0012181308 0.011342041 0.09722789 0.0012240395 0.45856622 0.07212688 0.00031261312 0.0007197449 0.0155775305 0.0005213695 0.500723 0.00013636726 0.03831324 0.010425413 0.010613758 0.058906898 0.06415955 0.19653434 0.18290505 0.0017796096 0.354052 4.7647936e-06 0.0013329816 7.08036e-06 7.112002e-05 0.0006148483 0.00013050942 3.837131e-05 0.0014919669 0.005297959 0.08663281 0.0725393 0.00027073713 0.031585425 3.2760884e-06 0.060232908 7.694877e-06 1.3928348e-05 0.0061944053 4.2450972e-07 3.2698816e-05 0.00029143775 0.016317943 1.1774677e-06 1.3888436e-07 0.02250406 3.0006062e-05 6.7206514e-05 4.1434337e-06 0.07158168 0.010644812 3.013561e-08 3.0282555e-07 9.750795e-07 0.01888567 0.04428605 0.006416114 1.4859042e-06 3.4605873e-05 0.00013423119 0.00012347361 3.883584e-07 5.0569626e-05 5.550537e-06 4.6401487e-07 1.1019932e-07 2.9124978e-05 3.426267e-05 0.03645638 0.0076292567 0.032781623 6.295208e-07 8.786942e-05 0.06838421 0.0007938813 8.159838e-05 9.050531e-08 1.32099785e-05 0.00015433437 0.01014957 0.0056738798 0.005199199 0.004222973 0.0021160643 0.0050946884
0.020158678 0.34768054 0.051349342 0.83144945 0.27768123 0.44585112 0.11374113 2.2206883e-15 0.0038694213 0.0004940483 0.00014816875 0.00011010766 0.00010418345 0.9656443 0.00053926895 0.00013792921 6.473754e-05 0.0002338909 0.00033670044 6.76092e-05 0.6793521 0.00021927033 4.66219e-05 0.000106105734 9.934677e-05 0.00015649544 0.06488037 5.9795034e-06 0.00043184857 0.0013460217 0.00011610838 0.00036883086 0.00034824008 0.0014440216 0.030623848 0.00017091112 0.0058974405 3.246391e-07 0.0001030462 3.132873e-06 6.4128685e-06 0.0025332216 1.3240741e-05 1.6351598e-05 0.0005198195 5.262111e-05 0.09248264 0.0035681524 0.00014162045 0.0059128026 9.535888e-07 0.00030684186 1.6891123e-06 7.64812e-06 4.8009948e-05 1.512044e-06 1.0321807e-05 1.8245893e-05 0.00026232962 3.1499824e-06 1.8405253e-06 0.016541217 1.3035127e-05 1.0893271e-05 1.3085695e-05 0.0038967396 0.010299104 4.9848772e-08 2.3336106e-06 1.5498199e-06 0.00069719984 0.0016359991 0.0031968565 4.1370862e-07 2.3517473e-06 0.00040608714 2.7192978e-06 1.1155213e-07 3.750802e-06 0.0011114697 2.0110076e-06 2.499164e-06 2.2611734e-05 0.00011526987 0.0031183283 0.0031172864 0.003111923 6.269023e-08 0.0003322159 0.001783826 0.0011507975 0.0012149495 3.0997478e-06 1.7485514e-05 0.00035851522 0.0016698828 0.0017510704 0.0010783867 0.0009149565 0.0015003734 0.00085486734
0.8613094 0.3749102 0.2698739 0.055262305 0.4796242 0.047890782 0.87432337 0.0038694213 9.3768996e-18 0.7040534 0.04569756 0.10952714 0.17400046 0.0014541658 0.85168886 0.024935428 0.050116744 0.08471816 0.55520576 0.007514039 0.026068091 0.50217396 0.0019243442 0.0033767398 0.36543924 0.0011563355 0.21306613 0.0019072723 0.27465135 0.0045721545 0.12599768 0.1928007 0.18537913 0.1870185 0.033886917 0.0033936854 0.19585255 9.072974e-06 0.002891692 2.4923702e-05 9.2998474e-05 7.3175645e-05 0.00016849856 6.97425e-05 0.0006289391 0.014855545 0.0044660964 0.019620227 0.000120805125 0.005118571 5.0427097e-06 0.061985105 5.374022e-06 2.183331e-05 0.01455332 1.6989371e-07 6.429154e-05 0.0004833505 0.021737935 4.8622036e-07 9.183802e-08 0.00462272 4.2815254e-06 1.9225026e-05 2.4546293e-06 0.021922622 0.0007974375 1.040285e-09 4.569837e-08 7.861989e-07 0.016466212 0.023476172 0.0012788449 2.3393429e-07 1.5307636e-06 2.13878e-06 4.2671313e-06 2.2995069e-08 1.41920245e-05 5.615036e-07 2.6811028e-07 8.0142286e-08 5.6253452e-06 6.2140894e-06 0.008706132 0.0050106617 0.018831959 9.027963e-08 4.821801e-06 0.060567863 7.363537e-05 9.489626e-06 3.2645249e-09 3.653019e-06 7.113613e-06 0.0015858159 0.0045084767 0.0026746956 0.0007924551 0.00029243555 0.0012634657
0.5507671 0.047981493 0.1293988 0.0020669983 0.020635797 0.004301945 0.09317988 0.0004940483 0.7040534 7.8769986e-20 0.2908973 0.59221816 0.8508252 9.594223e-05 0.85624224 0.21352154 0.45739353 0.2670575 0.76115507 0.073033236 0.00012459842 0.6444749 0.019633112 0.018693866 0.59159815 0.013406642 0.0046967003 0.06842519 0.30744138 0.0045268177 0.17634393 0.095206 0.08352017 0.04704083 0.0007295709 0.008354376 0.01187381 0.00017645147 0.009652294 0.0002571929 0.00063986104 2.5071695e-05 0.0005537837 0.000732072 0.006355056 0.009636383 0.00023090995 0.0011642989 0.0008297231 0.0004501946 7.1381015e-05 0.013590339 9.2576374e-05 0.00017601886 0.0060345596 1.3258615e-06 0.00017127319 0.000583099 0.009041401 2.9819964e-06 1.0350013e-06 0.0002851749 1.9256513e-05 6.454028e-05 1.2485005e-05 0.0010280346 6.4342756e-05 1.2108718e-09 1.7289334e-07 4.20207e-06 0.0052597383 0.0017385988 4.872574e-05 8.4175826e-07 3.516852e-06 5.6330083e-07 7.049327e-06 4.5798085e-09 2.9652947e-05 1.4855374e-08 1.0004414e-06 3.8302537e-07 2.030819e-05 3.4666384e-05 0.0008913114 0.0032871547 0.0018283457 6.6202844e-08 1.8280178e-06 0.006011893 8.566305e-06 2.2926652e-07 1.9755877e-08 9.645009e-07 1.654777e-05 0.0008380562 0.0011612871 0.0002795682 8.0465434e-05 0.00022511333 0.0004335673
0.17876756 0.004500208 0.28338578 0.0006551183 0.0017598798 0.0027134668 0.0034542186 0.00014816875 0.04569756 0.2908973 9.537908e-18 0.7075032 0.43763018 8.206891e-05 0.044343214 0.92619646 0.6230182 0.76636153 0.0412671 0.72142535 2.7969127e-05 0.048586234 0.3526411 0.33098453 0.068101585 0.1793103 0.0011971543 0.31455058 0.027751788 0.012341734 0.01817366 0.0142473485 0.0126491245 0.006521207 0.00037823463 0.024140686 0.0017119577 0.012086638 0.024052385 0.000964881 0.0010745088 0.00028415574 0.0007957335 0.008609849 0.04923496 0.0021290528 0.0003066938 0.00010892985 0.009402344 7.346598e-05 0.00015247769 0.00044783027 0.00061996083 6.1720464e-05 0.00033857883 5.3334115e-06 5.0182356e-05 9.657988e-05 0.00020272886 5.357575e-06 2.536086e-06 0.00028760266 0.00022181419 6.533286e-06 2.3646428e-06 0.00011838858 8.808916e-05 1.9906118e-08 2.6025143e-06 3.0797477e-05 0.00039114722 0.00010715681 2.8225264e-05 1.9495268e-05 1.2524144e-05 1.5076035e-06 1.0415717e-05 3.0032184e-06 4.4778344e-06 1.0622879e-07 1.4383425e-05 2.5148265e-06 1.07544365e-05 5.645109e-05 0.00028259642 0.0005366997 8.7678476e-05 2.552285e-07 3.953752e-06 0.00081354094 1.627993e-05 1.160305e-05 3.5883588e-07 3.047645e-06 1.38325495e-05 0.00026295855 0.00016653596 6.0227616e-05 0.000108156295 0.00029345194 0.00016446286
0.25201204 0.0047072265 0.13381884 0.0005280941 0.0013163054 0.0021120824 0.0034902794 0.00011010766 0.10952714 0.59221816 0.7075032 1.0112768e-18 0.9093875 3.6642068e-05 0.12125076 0.64679766 0.8768987 0.51749516 0.11084611 0.39377838 3.647653e-05 0.14341296 0.19411273 0.15211907 0.21416833 0.10161398 0.00090529275 0.39248282 0.06347974 0.006208072 0.049877733 0.020230697 0.018229032 0.011138164 0.00033098727 0.008796383 0.003969379 0.006003886 0.0076721297 0.001755946 0.001766419 0.000112418646 0.0011691545 0.0037342028 0.016947858 0.006168731 0.00015315508 0.00017920215 0.0032647527 8.046014e-05 0.00025587252 0.0022721733 0.00046165855 0.00023496356 0.0022532078 5.770682e-06 0.00016448654 0.00033448415 0.0013778701 5.733954e-06 2.3519403e-06 0.0001258939 0.00016435233 4.0168597e-05 1.02151835e-05 9.56373e-05 3.682799e-05 5.4352243e-09 6.6432773e-07 1.8313218e-05 0.0016187166 0.00017406492 1.1788852e-05 3.4775605e-06 6.6537177e-06 6.955611e-07 1.1948878e-05 1.0277605e-07 1.2435607e-05 4.185344e-08 4.9741743e-06 1.2694944e-06 1.2166922e-05 5.124967e-05 0.00031970255 0.001717223 0.00030066344 2.4909133e-07 1.1283818e-06 0.0012069339 8.2225e-06 1.7316438e-06 9.6813594e-08 8.9514e-07 2.2599423e-05 0.0004159972 0.0004953171 0.000113248505 1.723394e-05 0.00012824734 0.00028046733
0.39965233 0.0037570877 0.034910608 0.0004972379 0.0008396065 0.0006074093 0.002568255 0.00010418345 0.17400046 0.8508252 0.43763018 0.9093875 6.797936e-21 2.944217e-05 0.20566317 0.39362398 0.82119435 0.38207078 0.26535183 0.17782374 1.0386287e-05 0.28901565 0.088839896 0.06136186 0.4945307 0.045615423 0.0004673758 0.45780382 0.12126585 0.0021622733 0.13477321 0.02485406 0.02251519 0.013523059 0.00016968673 0.0040518134 0.0034620285 0.0019502084 0.0039371424 0.0022239445 0.0037367 2.8515926e-05 0.0022187838 0.0018557039 0.011739538 0.010716167 7.918077e-05 0.00024510903 0.0012509116 0.00012894934 0.00025735755 0.0037280435 0.0003375943 0.0004132071 0.0048277373 5.3811195e-06 0.0002911655 0.00093464326 0.00412429 5.727243e-06 2.873274e-06 7.1473994e-05 8.882417e-05 6.1921215e-05 2.3939167e-05 0.00014744478 2.1545962e-05 1.5588741e-08 5.3611853e-07 1.1266265e-05 0.002907174 0.00050021295 9.485174e-06 2.271144e-06 1.2122493e-05 2.7110283e-07 1.8691751e-05 3.5471196e-08 6.7931505e-05 1.3723968e-08 4.3514183e-06 8.4105693e-07 6.711223e-05 7.0578404e-05 0.0005239752 0.003143764 0.0006906298 5.4791496e-07 5.1128063e-07 0.0020913994 4.002728e-06 3.828245e-07 4.5499377e-08 4.148235e-07 3.882425e-05 0.000567808 0.0010533169 0.00012167786 1.8094583e-05 5.8674992e-05 0.00034811307
0.03377067 0.14826892 0.03343283 0.5541343 0.23853171 0.53146785 0.14216518 0.9656443 0.0014541658 9.594223e-05 8.206891e-05 3.6642068e-05 2.944217e-05 7.273473e-15 0.00021218427 7.947264e-05 1.1257736e-05 0.0002355213 9.4710864e-05 3.489968e-05 0.69674075 4.4901528e-05 1.4944702e-05 6.0859096e-05 1.650037e-05 0.00043601185 0.0851933 6.679982e-06 6.376683e-05 0.0006630714 2.262731e-05 5.2622716e-05 6.760668e-05 0.00037224707 0.046522327 0.00018953187 0.0021391027 1.0636033e-06 0.00017862697 6.589898e-06 2.1254089e-06 0.0032978023 5.6066374e-06 4.4590695e-05 0.0004205205 1.0551637e-05 0.24968868 0.0032632416 0.00010328784 0.0070677656 1.2303011e-06 0.00016937354 3.991068e-06 3.4743186e-06 1.155388e-05 6.306803e-06 4.1226695e-06 5.011356e-06 0.00021058986 7.3425526e-06 3.4752927e-06 0.02781683 3.2576707e-05 1.337999e-05 8.966895e-06 0.007509447 0.020414429 1.1559753e-07 3.7053371e-06 9.601001e-06 0.00091434683 0.0034014704 0.0066059506 3.1586187e-06 2.5696393e-06 0.0034692462 2.9354094e-06 5.559283e-08 5.232329e-06 0.0019332868 1.6775186e-06 1.2489965e-06 9.953809e-06 7.401499e-05 0.008375384 0.0032225593 0.0064513916 1.10924525e-07 0.0010188576 0.0059292805 0.0016025791 0.0016557882 1.1971033e-06 3.9579154e-05 5.5754797e-05 0.006784563 0.0027894273 0.005070088 0.0018377367 0.0044776965 0.003081389
0.690144 0.046084683 0.07025933 0.002259514 0.053009823 0.006901342 0.25638583 0.00053926895 0.85168886 0.85624224 0.044343214 0.12125076 0.20566317 0.00021218427 9.502454e-20 0.024440214 0.06692263 0.1000847 0.86268306 0.0074326657 0.0005589274 0.6169097 0.0022461633 0.003220108 0.44311395 0.0019012014 0.027637418 0.009588968 0.34095016 0.0019375875 0.12825298 0.15816382 0.15251248 0.15255192 0.002884813 0.0034295951 0.051529527 2.6320558e-05 0.002986187 7.286868e-05 0.00017566215 3.4636316e-05 0.00023409039 0.00014888491 0.0010877711 0.012849433 0.00062969106 0.0041942946 0.00019263796 0.0013961509 3.2766493e-05 0.028553013 2.346052e-05 0.00012953283 0.007950892 6.396325e-07 0.0001356069 0.000427917 0.01516125 1.3177145e-06 3.4019288e-07 0.0009967941 9.255832e-06 3.39648e-05 5.7097914e-06 0.0039386223 0.00012049769 1.21868e-09 9.8140504e-08 3.980531e-06 0.010050567 0.0042349366 0.00010896383 9.56778e-07 5.1028283e-06 1.0440724e-06 1.0508046e-05 1.0230153e-08 1.6510065e-05 1.7837576e-07 6.807982e-07 3.1538283e-07 7.879926e-06 1.4955311e-05 0.0023635663 0.0054594083 0.007087228 1.6131777e-07 4.660405e-06 0.019389998 2.264106e-05 3.5193665e-07 9.36897e-09 2.3002683e-06 4.7174276e-06 0.0009411145 0.002780385 0.0009219831 0.00027306052 0.00020353572 0.00061122817
0.1421636 0.0040160995 0.14081918 0.0005185282 0.0012848503 0.0016586741 0.002487342 0.00013792921 0.024935428 0.21352154 0.92619646 0.64679766 0.39362398 7.947264e-05 0.024440214 1.15998805e-17 0.6278466 0.68175936 0.031311892 0.8420546 1.9157033e-05 0.03808694 0.56330806 0.5032151 0.05373533 0.3099964 0.0006913798 0.3894856 0.022410592 0.008218334 0.020521535 0.011897992 0.010403567 0.004644479 0.00033841562 0.014142044 0.0009987614 0.028086148 0.016122235 0.0029707279 0.0021186974 0.00027521106 0.0014624834 0.017016413 0.049090732 0.003465726 0.00021431537 8.1325314e-05 0.00935511 5.943785e-05 0.00040295615 0.00035483242 0.0010194718 0.00021424303 0.00079136726 2.5278265e-05 0.00016054756 0.00023660256 0.00036160115 2.0625264e-05 1.1774863e-05 0.00021761085 0.0006842814 1.9997879e-05 1.4657856e-05 9.7229924e-05 4.8498525e-05 2.2382e-07 7.686149e-06 3.001064e-05 0.0005015336 9.760377e-05 2.505076e-05 2.5762187e-05 1.6556387e-05 2.698362e-06 1.838756e-05 1.6685484e-06 1.9034855e-05 1.5739386e-07 2.744176e-05 6.895039e-06 4.6298454e-05 7.752955e-05 0.000285426 0.0004658588 0.00013303515 5.879464e-07 2.2419097e-06 0.0008107395 8.374621e-06 3.3999454e-06 5.6455605e-07 3.174382e-06 2.9565608e-05 0.00022002548 0.00016067146 4.943183e-05 2.5634161e-05 7.771906e-05 0.00018391006
0.48922703 0.0038620296 0.059297413 0.00042672985 0.00056159974 0.0010101856 0.0012181308 6.473754e-05 0.050116744 0.45739353 0.6230182 0.8768987 0.82119435 1.1257736e-05 0.06692263 0.6278466 6.1776797e-21 0.58093846 0.072790466 0.56443894 5.9154644e-07 0.11420113 0.59209037 0.38813704 0.3726719 0.4015742 0.0002954882 0.83261716 0.0753834 0.007880817 0.14570779 0.01431914 0.012384977 0.007555014 8.682243e-05 0.009126162 0.0019307376 0.09812322 0.0081279725 0.055717543 0.030561589 0.0001284171 0.016147234 0.017643921 0.050626483 0.017855963 5.347746e-05 3.686503e-05 0.0049554054 1.9764106e-05 0.002122633 0.0008875839 0.0021583443 0.0018693347 0.004416393 8.9973764e-05 0.0016223121 0.002933887 0.0017834892 3.1503416e-05 2.5284824e-05 3.629006e-05 0.00111167 0.0001515431 4.747053e-05 1.466437e-05 1.0687274e-05 5.23451e-08 3.5788426e-06 2.3446382e-05 0.0015958761 3.219948e-05 1.9524525e-06 1.3700371e-05 2.7856868e-05 4.2408325e-07 9.1423695e-05 3.1051192e-07 0.00015196859 2.5260347e-08 3.68412e-05 4.9213922e-06 0.00023197426 0.00019521678 0.00012593089 0.0017428445 2.8952336e-05 2.0866767e-06 1.11463876e-07 0.00062114827 1.2811971e-06 6.101804e-07 2.7868745e-07 2.631895e-07 0.0001887573 0.00013792484 0.00048761786 3.2500033e-05 2.3195457e-06 1.7065044e-05 9.697296e-05
0.26983538 0.03124397 0.81284153 0.0017048989 0.01411066 0.045536652 0.011342041 0.0002338909 0.08471816 0.2670575 0.76636153 0.51749516 0.38207078 0.0002355213 0.1000847 0.68175936 0.58093846 3.947706e-15 0.12812282 0.64119494 6.1500987e-06 0.12378178 0.52084875 0.6393756 0.18448333 0.7911544 0.0006186234 0.2726349 0.055002935 0.52548134 0.04170834 0.024743214 0.02088616 0.0056878407 0.000287567 0.5185657 0.0009965292 0.20765762 0.48974067 0.0055880323 0.0037527063 0.0063866465 0.0022727281 0.33881134 0.69080687 0.001978372 0.00017601045 3.5676876e-05 0.25036693 2.1301828e-05 0.00078308047 4.8150716e-05 0.00902289 0.00016185721 0.00027416192 0.00013523147 0.00013794655 0.00016254511 0.00014380676 2.6116326e-05 4.5248424e-05 5.183396e-05 0.0035584418 8.466916e-06 1.474391e-05 0.00011913974 7.972603e-05 2.436581e-07 0.00012554956 5.7161637e-05 0.00019192923 5.0423223e-05 1.6865377e-05 7.3759984e-05 8.537463e-05 6.34147e-06 0.00023169148 0.0036998643 2.0028761e-05 6.4798904e-08 3.732136e-05 5.831351e-05 3.6979607e-05 0.000105886385 0.00041144685 0.0015743179 0.00037738896 1.9136537e-06 1.33247e-05 0.0017825447 0.00021408842 0.0002776011 3.5084133e-06 1.1504962e-05 0.00035644177 0.0008409448 0.0006751593 0.00029780547 0.00034488057 0.0011247093 0.00012856045
0.6729142 0.011875508 0.02951725 0.0013466266 0.010240205 0.001469208 0.09722789 0.00033670044 0.55520576 0.76115507 0.0412671 0.11084611 0.26535183 9.4710864e-05 0.86268306 0.031311892 0.072790466 0.12812282 1.10461004e-20 0.012129878 0.00014705566 0.8683147 0.0028524876 0.0032945077 0.60837513 0.0027653954 0.0045686746 0.02453233 0.5237706 0.0006798268 0.22241503 0.23627843 0.22329262 0.16646032 0.0008867839 0.0032036835 0.02200011 5.1326075e-05 0.0033771025 0.00016531546 0.0009318855 4.948685e-06 0.00091662817 0.00029052838 0.0016762626 0.031955037 0.00024156221 0.0016288448 0.0001764915 0.00068543124 4.999143e-05 0.023969531 4.442651e-05 0.00024075957 0.013002176 1.4809881e-06 0.00025168396 0.0009914438 0.019718077 2.4206681e-06 6.729694e-07 0.00037135868 9.140011e-06 0.00010820622 1.9090392e-05 0.002339864 5.63648e-05 2.108725e-09 6.559814e-08 3.6620324e-06 0.012893527 0.0027873197 7.8191515e-05 8.796113e-07 2.8939871e-06 5.3323095e-07 1.0488192e-05 7.0293042e-09 7.6465854e-05 8.1843055e-08 7.8879367e-07 2.7782158e-07 3.3502605e-05 2.3183284e-05 0.0017032373 0.00566949 0.00483174 2.773932e-07 8.333967e-07 0.010085036 1.662328e-05 2.2688104e-08 8.720456e-09 4.1318228e-07 9.905202e-06 0.00095928326 0.0024971678 0.0006294311 0.00018857863 0.00013928939 0.0006326203
0.100654826 0.0024709846 0.07185245 0.00038489915 0.0008182024 0.0007361233 0.0012240395 6.76092e-05 0.007514039 0.073033236 0.72142535 0.39377838 0.17782374 3.489968e-05 0.0074326657 0.8420546 0.56443894 0.64119494 0.012129878 1.9200859e-16 4.2585984e-06 0.012458477 0.88552576 0.86197084 0.03944233 0.7082068 0.00019254925 0.52812195 0.016726267 0.00720878 0.020210333 0.0057073557 0.0048196297 0.0027140207 0.00015756066 0.015331935 0.0004894374 0.1878848 0.017840063 0.014677643 0.0059727384 0.00025437985 0.0034889334 0.0757294 0.082274094 0.004651831 0.00015078984 6.81112e-05 0.012590819 3.3216216e-05 0.000960221 0.000135836 0.0064432723 0.00063184515 0.0009469015 0.00022320855 0.00040681916 0.00068014354 0.0003677845 8.635183e-05 0.000108600325 0.00017366218 0.0026492272 6.358853e-05 6.599549e-05 5.007728e-05 4.262977e-05 1.1036038e-06 5.150264e-05 0.00010660741 0.0005002034 2.9919765e-05 3.6998128e-05 5.9810747e-05 7.8842066e-05 9.1068605e-06 8.2248334e-05 3.360037e-06 8.249083e-05 2.203645e-07 9.83873e-05 3.1359563e-05 0.00014609771 0.00015033365 9.447631e-05 0.00047104503 8.650259e-05 1.4925524e-06 3.5052199e-06 0.0004875918 2.7423079e-05 5.2072896e-06 3.8087974e-06 3.9798742e-06 0.00010598852 0.0001537466 0.00015591433 3.174075e-05 1.9180945e-05 4.6781348e-05 0.00014566378
0.46134493 0.46223196 0.02434227 0.7220341 0.6288663 0.2566614 0.45856622 0.6793521 0.026068091 0.00012459842 2.7969127e-05 3.647653e-05 1.0386287e-05 0.69674075 0.0005589274 1.9157033e-05 5.9154644e-07 6.1500987e-06 0.00014705566 4.2585984e-06 1.4771024e-17 3.5362562e-05 4.2214074e-07 2.7354888e-06 8.412202e-06 1.9587953e-06 0.7472167 1.9272264e-08 2.723966e-05 0.00011051722 2.8180975e-06 0.00016216251 0.00023988156 0.0081988145 0.64567757 9.315105e-05 0.20557973 9.9706865e-09 6.947961e-05 3.7718223e-08 4.5174154e-08 0.00030682137 1.4129132e-07 5.0415e-07 4.8553367e-05 5.1863088e-05 0.8614059 0.14024091 3.4794448e-06 0.19257581 1.4053468e-08 0.0065314705 1.0377019e-07 4.165577e-08 0.00012994497 3.2779146e-09 1.7508974e-07 7.1264697e-07 0.00072518474 2.8919054e-09 6.0102207e-10 0.30618763 8.7728324e-07 8.582377e-07 8.860909e-09 0.16154054 0.27136925 9.23878e-11 1.2067937e-08 3.193414e-08 0.0016850411 0.07084056 0.08678848 9.8111684e-08 9.552481e-07 0.00809747 3.0521446e-06 1.1589982e-08 4.0983159e-07 0.0013534838 1.0650953e-08 1.3378566e-08 1.3255585e-07 1.6187579e-07 0.09045609 0.00325267 0.03188577 2.31908e-07 0.0014722896 0.047707703 0.014372531 0.00022067524 1.2028394e-07 0.00010310164 5.09811e-06 0.022504603 0.0033142427 0.0076818746 0.013438855 0.009794399 0.006720674
0.8350874 0.00764799 0.020919241 0.0010614096 0.004412322 0.00094658136 0.07212688 0.00021927033 0.50217396 0.6444749 0.048586234 0.14341296 0.28901565 4.4901528e-05 0.6169097 0.03808694 0.11420113 0.12378178 0.8683147 0.012458477 3.5362562e-05 9.29189e-21 0.00437204 0.006110939 0.7889164 0.006566496 0.0012159423 0.051101442 0.72146344 0.0005720614 0.3923321 0.2924177 0.27555245 0.1409607 0.00041766916 0.0022413367 0.017289089 0.00021972918 0.002235476 0.00030717943 0.0028878297 6.6085963e-06 0.0023219453 0.0006625322 0.0027489916 0.070664756 0.00010087449 0.00070264196 0.00023267773 0.00035599366 9.495206e-05 0.019232549 8.412343e-05 0.0002731238 0.019943824 1.3148398e-06 0.0003211164 0.0017588001 0.020877985 1.3732123e-06 3.861716e-07 0.00014557492 1.7326556e-05 5.9604503e-05 5.740087e-06 0.0006483368 2.1033444e-05 1.4157201e-09 3.9179024e-08 5.6225135e-06 0.012740919 0.0017172869 2.751285e-05 6.879232e-07 4.334478e-06 2.9872834e-07 2.8153268e-05 5.997916e-08 6.901081e-05 9.3825115e-08 8.1280336e-07 2.3663314e-07 3.2283577e-05 1.6964343e-05 0.0018382362 0.005660411 0.0025997744 9.26336e-07 1.2654105e-07 0.0075270385 5.375421e-06 6.7964905e-08 9.915366e-09 1.4048824e-07 2.3576164e-05 0.00071242783 0.0026075288 0.00039968806 8.122184e-05 3.146303e-05 0.00033561816
0.14574857 0.001135571 0.02785622 0.00022699726 0.000318362 0.000747269 0.00031261312 4.66219e-05 0.0019243442 0.019633112 0.3526411 0.19411273 0.088839896 1.4944702e-05 0.0022461633 0.56330806 0.59209037 0.52084875 0.0028524876 0.88552576 4.2214074e-07 0.00437204 2.5663589e-18 0.89482766 0.036468394 0.81580275 2.8380276e-05 0.74363935 0.010291922 0.005580662 0.02221172 0.0023636364 0.0019525699 0.0012798564 4.8122667e-05 0.0094712945 0.00019709229 0.59612745 0.0119615225 0.07340039 0.027287198 0.00011436827 0.013049338 0.14151587 0.08842689 0.0065158205 3.644277e-05 5.3786157e-06 0.008476318 6.823976e-06 0.004987965 6.3534404e-05 0.023112098 0.0026842116 0.0011931736 0.00083228527 0.0014337724 0.001737307 0.0002606496 0.00040007912 0.00042622513 3.457793e-05 0.008671847 0.0002812886 0.00018863492 1.1262052e-05 6.6044763e-06 2.9114717e-06 6.764924e-05 0.00024958418 0.0006628688 7.119442e-06 5.8635974e-06 7.672261e-05 0.0001764375 3.3495944e-06 0.00046846463 2.6134503e-06 0.0002309615 5.5851622e-08 0.00026181177 8.975574e-05 0.0002199078 0.0004999697 3.9313716e-05 0.0007689438 1.6550579e-05 7.142244e-06 2.036756e-07 0.0001879463 1.8235812e-06 2.9084217e-06 1.9258128e-05 7.695013e-07 0.00045023733 0.00010920008 0.00028012277 1.5470949e-05 3.5387031e-06 2.0738775e-05 7.186063e-05
0.14203185 0.0015789564 0.0571176 0.0002957417 0.00044335515 0.0013690445 0.0007197449 0.000106105734 0.0033767398 0.018693866 0.33098453 0.15211907 0.06136186 6.0859096e-05 0.003220108 0.5032151 0.38813704 0.6393756 0.0032945077 0.86197084 2.7354888e-06 0.006110939 0.89482766 7.7107056e-16 0.028243495 0.8827194 7.115787e-05 0.5409673 0.008357491 0.012680843 0.015142218 0.0025973322 0.0021868257 0.0008358632 5.78077e-05 0.022033632 0.00015107685 0.46244118 0.025814772 0.027963012 0.011996789 0.0006088598 0.0068077594 0.16818695 0.21270923 0.0043332614 0.00011392324 1.0674653e-05 0.02088439 1.7477361e-05 0.0020494808 4.2006417e-05 0.022677276 0.0011449835 0.0005452852 0.00058423314 0.0006286227 0.0009023548 0.00018449203 0.00015320038 0.00028290844 8.597352e-05 0.010601006 8.565909e-05 8.2106875e-05 3.4614386e-05 2.5490745e-05 3.2417981e-06 0.00010426028 0.00040099374 0.00044814704 9.673636e-06 2.1042353e-05 0.00018317804 0.00032638732 9.446726e-06 0.00051003665 7.1501534e-05 0.00018253716 2.203937e-07 0.00021811655 0.00012429092 0.0002584942 0.00041225046 4.390888e-05 0.00044601562 2.9193356e-05 1.8278322e-05 2.318714e-06 0.00031693518 9.501869e-06 4.1771913e-05 2.1792288e-05 2.434155e-06 0.0005718997 9.1754635e-05 0.00014275964 2.0318575e-05 1.1161461e-05 2.5857913e-05 4.9913262e-05
0.8899942 0.006940518 0.024122091 0.0011683231 0.0029444064 0.0006372562 0.0155775305 9.934677e-05 0.36543924 0.59159815 0.068101585 0.21416833 0.4945307 1.650037e-05 0.44311395 0.05373533 0.3726719 0.18448333 0.60837513 0.03944233 8.412202e-06 0.7889164 0.036468394 0.028243495 2.209141e-20 0.038215023 0.00037902955 0.44314638 0.7234503 0.001362914 0.8328718 0.14067282 0.10982117 0.042281155 0.00019276641 0.0035323396 0.005371417 0.0039223162 0.0036491682 0.027235998 0.08364565 1.6416629e-05 0.044176992 0.0051808436 0.009953417 0.1905825 4.911867e-05 0.00035560247 0.0006015635 0.00012241077 0.001744425 0.0107264435 0.0009419123 0.0037030112 0.03251211 4.425571e-05 0.0033447363 0.010071498 0.02260769 2.724657e-05 1.2592961e-05 4.156187e-05 0.00021651578 0.00074327714 8.42928e-05 0.00010011439 4.9939135e-06 4.2177028e-08 1.4732011e-06 2.0806605e-05 0.021156887 0.0004153998 3.976528e-06 6.0100147e-06 7.21627e-06 4.2753047e-07 7.877247e-05 1.9350435e-07 0.0006863561 1.16661724e-07 4.4096e-05 7.723403e-06 0.0004448697 0.0006251424 0.0009538536 0.008441713 0.0008909765 2.9269781e-06 3.098174e-07 0.0034543897 3.5995545e-06 1.4919227e-07 4.839176e-07 3.6944107e-07 0.00081732305 0.00039734328 0.001989535 0.00015699022 1.0262278e-05 5.69175e-05 0.00018459834
0.10929431 0.00201918 0.14272068 0.00044546172 0.0005034858 0.0036079874 0.0005213695 0.00015649544 0.0011563355 0.013406642 0.1793103 0.10161398 0.045615423 0.00043601185 0.0019012014 0.3099964 0.4015742 0.7911544 0.0027653954 0.7082068 1.9587953e-06 0.006566496 0.81580275 0.8827194 0.038215023 5.3085064e-17 2.1575837e-05 0.63660914 0.0075084297 0.019778444 0.024186036 0.0012018443 0.000866946 0.00021418459 1.0106558e-05 0.050245285 4.8469996e-05 0.8411683 0.07696225 0.11889042 0.039481733 0.0002922513 0.012574793 0.7370091 0.45029116 0.0055586495 1.6690348e-05 2.3438079e-06 0.04612475 1.7254307e-06 0.009373864 1.711539e-05 0.27759272 0.002256892 0.00032616514 0.0043121376 0.00044148372 0.0005665058 0.00010862694 0.00045915254 0.0011994718 1.0691198e-05 0.16159064 7.9211815e-05 0.00019208889 7.35676e-06 7.0158735e-06 7.084643e-06 0.0005939487 0.0012665861 0.00041894516 1.2270378e-06 3.5776277e-06 0.00046244025 0.0020293323 1.9991377e-05 0.0064451713 0.00026367098 0.00020378879 1.4413799e-07 0.0005925671 0.00015823556 0.00024603668 0.0008320849 1.1888396e-05 0.00051081943 7.172462e-06 0.00014934965 7.584384e-06 0.00020900066 3.1341967e-06 0.00011426109 5.848656e-05 2.637776e-06 0.0011607191 0.00010494941 9.2028764e-05 1.7978133e-05 4.36757e-06 1.7090499e-05 2.0315165e-05
0.871169 0.16842169 0.08044551 0.14361343 0.37626123 0.08771962 0.500723 0.06488037 0.21306613 0.0046967003 0.0011971543 0.00090529275 0.0004673758 0.0851933 0.027637418 0.0006913798 0.0002954882 0.0006186234 0.0045686746 0.00019254925 0.7472167 0.0012159423 2.8380276e-05 7.115787e-05 0.00037902955 2.1575837e-05 8.6851304e-17 9.138851e-06 0.0017215592 0.0023185685 0.00028390656 0.005883817 0.010199055 0.20256947 0.88918126 0.0015870332 0.490324 5.1141916e-07 0.0019808025 1.1404053e-06 4.0885507e-06 0.00018368533 1.719923e-05 1.061399e-05 0.0018825998 0.001524663 0.47980502 0.41188014 0.0010463641 0.2876721 5.403945e-07 0.12838799 1.7198369e-06 9.504415e-06 0.0036172224 1.1272251e-07 2.9621571e-05 0.0002101609 0.0210961 2.9149817e-07 3.4925662e-08 0.24901117 1.06380985e-05 3.2272677e-05 3.0416002e-06 0.29616556 0.08165723 4.7430504e-08 4.171674e-07 1.8902969e-06 0.02869189 0.21186668 0.04967689 6.6438355e-07 0.0002547076 0.000289655 0.00020701301 3.120208e-07 2.8988447e-05 4.557581e-06 6.9020024e-07 1.6797334e-07 5.5049577e-06 2.8322424e-06 0.23876418 0.008007847 0.16275723 2.3165692e-05 0.00035358444 0.22540066 0.0119948 3.8122987e-05 8.430954e-08 0.00010738751 6.5877557e-06 0.061405152 0.009851252 0.03585934 0.0100747505 0.005848006 0.020391775
0.8243793 0.00077136507 0.015571862 7.377328e-05 0.00015722307 5.705772e-05 0.00013636726 5.9795034e-06 0.0019072723 0.06842519 0.31455058 0.39248282 0.45780382 6.679982e-06 0.009588968 0.3894856 0.83261716 0.2726349 0.02453233 0.52812195 1.9272264e-08 0.051101442 0.74363935 0.5409673 0.44314638 0.63660914 9.138851e-06 1.6553982e-19 0.038757782 0.00090357586 0.26782656 0.0025930605 0.0016850065 0.00027843763 5.910736e-06 0.018978462 2.5849062e-05 0.7147108 0.024399107 0.7916349 0.23504207 6.63775e-05 0.115342714 0.16926922 0.05992147 0.020497931 1.0968231e-05 6.722734e-07 0.0019690434 4.8036327e-07 0.1709283 9.392839e-05 0.10512955 0.025888773 0.0069860136 0.06588607 0.01855904 0.018787738 0.0015961226 0.013660545 0.019005202 5.9881086e-06 0.019245548 0.004463037 0.0025500848 2.2352042e-06 2.7548151e-06 0.00022385686 0.003555309 0.004342045 0.006126321 3.816735e-06 5.904829e-07 0.000873828 0.0010875496 3.674111e-08 0.0012437103 1.1431023e-06 0.007245938 3.9338296e-08 0.0009447245 0.00016904515 0.0035042022 0.0032257386 5.876633e-05 0.006442381 2.713918e-05 4.9655173e-05 4.154096e-08 0.000515581 2.8922474e-07 2.348623e-06 5.0653853e-05 7.6750226e-08 0.010149066 0.00012350341 0.001652986 7.8973986e-05 4.758246e-06 9.443816e-06 7.7468576e-05
0.893503 0.0071958434 0.007967901 0.0021994922 0.008006602 0.00030292018 0.03831324 0.00043184857 0.27465135 0.30744138 0.027751788 0.06347974 0.12126585 6.376683e-05 0.34095016 0.022410592 0.0753834 0.055002935 0.5237706 0.016726267 2.723966e-05 0.72146344 0.010291922 0.008357491 0.7234503 0.0075084297 0.0017215592 0.038757782 3.829876e-19 8.4285966e-05 0.8473105 0.7546058 0.66272646 0.3596629 0.0010999171 0.0020437113 0.031254277 0.00060852454 0.0027866433 0.0012753878 0.040537287 2.7930273e-06 0.03515936 0.0011098047 0.001126885 0.5890939 9.126714e-05 0.0013257356 0.000120556186 0.0005621524 0.00033283903 0.078857005 0.00034038877 0.0018823087 0.22148383 7.737854e-06 0.0027139403 0.014583796 0.11635586 1.05142e-05 3.566461e-06 0.000144623 6.660698e-05 0.00090448104 4.35831e-05 0.0009987352 2.4973213e-05 5.961613e-08 1.1990217e-06 1.9907913e-05 0.076755844 0.0028993923 5.176505e-05 7.927102e-06 7.683716e-06 5.944731e-07 5.2008007e-05 1.5233198e-07 0.00046099795 2.6788666e-07 1.1762663e-05 2.1202748e-06 0.0003198651 0.00019037387 0.0015846919 0.0223845 0.0044612945 8.067919e-07 7.7962324e-07 0.010872396 2.0136878e-05 6.479297e-08 7.416277e-08 1.641825e-06 0.00025756675 0.001292638 0.0070871306 0.0006278948 0.00021658848 0.00011362855 0.00094874407
0.0042798803 0.039406274 0.73356384 0.003498796 0.010157268 0.3886382 0.010425413 0.0013460217 0.0045721545 0.0045268177 0.012341734 0.006208072 0.0021622733 0.0006630714 0.0019375875 0.008218334 0.007880817 0.52548134 0.0006798268 0.00720878 0.00011051722 0.0005720614 0.005580662 0.012680843 0.001362914 0.019778444 0.0023185685 0.00090357586 8.4285966e-05 6.2822336e-17 0.0001489997 9.773958e-05 0.000103800434 5.906553e-05 0.00039282982 0.09982765 0.00023193446 0.00024185104 0.030464238 0.00010053682 8.402001e-05 0.72917765 3.3878845e-05 0.001735573 0.031270005 8.69828e-05 0.00010124767 3.9743387e-05 0.29045796 0.00014845179 6.4052524e-06 2.0464151e-05 3.5615074e-05 3.783721e-05 2.2495416e-05 2.527706e-05 2.0635554e-05 4.7195044e-05 2.4857638e-05 2.3450812e-05 3.299452e-05 0.00035785645 2.4024017e-05 4.8303504e-05 7.418756e-05 0.00028790702 0.00055733375 8.572368e-08 2.5870627e-06 1.2354652e-06 0.00012350376 0.000104525796 0.00040031728 7.488867e-07 6.4419783e-06 9.148653e-06 9.858854e-06 0.12630312 0.00031117612 7.379207e-05 1.2163314e-05 2.4395754e-07 0.0005963174 0.0012801309 0.0011275278 0.0016644064 0.0006610226 1.2308298e-07 0.00055821065 0.0016850323 0.0019049363 0.014827513 1.4422255e-05 0.00016181647 0.005432321 0.0024369191 0.00025706415 0.00021906443 0.0036646738 0.0025926859 0.0003185014
0.9285557 0.0040314104 0.005831093 0.0008123203 0.003953206 0.00027371803 0.010613758 0.00011610838 0.12599768 0.17634393 0.01817366 0.049877733 0.13477321 2.262731e-05 0.12825298 0.020521535 0.14570779 0.04170834 0.22241503 0.020210333 2.8180975e-06 0.3923321 0.02221172 0.015142218 0.8328718 0.024186036 0.00028390656 0.26782656 0.8473105 0.0001489997 9.516528e-20 0.1741394 0.13446285 0.0581314 0.00017067135 0.0007444086 0.004556156 0.0067722737 0.0011690876 0.059637677 0.29619274 7.725068e-06 0.29581356 0.0040208725 0.00347104 0.66804695 3.1443626e-05 0.00019517359 0.000107999105 6.824911e-05 0.017979799 0.018757228 0.0012030611 0.04853752 0.16035202 0.000107754255 0.04354589 0.10354539 0.08033439 0.00016753125 5.016011e-05 4.153433e-05 0.0002067646 0.009041116 0.0006103635 9.5366704e-05 4.422932e-06 1.009662e-06 1.0707871e-05 3.833982e-05 0.09380679 0.00045621846 6.0369453e-06 1.6057535e-05 1.0973286e-05 1.893875e-06 5.8857528e-05 3.2734008e-07 0.0045017297 2.3633407e-07 0.0003597 2.173954e-05 0.0016080254 0.0017196526 0.0013522819 0.034666907 0.0015493324 3.945048e-06 2.6134038e-07 0.0051498637 4.2007155e-06 4.1013342e-07 2.9028213e-06 1.493941e-06 0.003502677 0.001007956 0.009292755 0.00022061757 4.538586e-05 8.4885156e-05 0.0002881737
