7.826795e-36 0.081965856 0.17883395 0.038879793 0.2992079 0.37899393 0.066585295 0.8643208 0.8236745 0.69082403 0.043531347 0.22908415 0.49005434 0.019195938 0.8331169 0.7910631 0.016855698 0.35275975 0.8448628 0.8080089 0.91651577 0.013213981 0.01848665 0.94265383 0.10282923 0.7008467 0.94242316 0.009146599 0.0030594964 0.98076713 0.9465036 0.0010286961 0.9477528 0.94959646 0.5144636 0.953656 0.9676 0.9590377 0.3599002 0.0025170043 0.0025274002 0.97825813 0.6955708 0.8785602 0.009286023 0.0010433572 0.0015134905 0.94909745 0.40871668 0.0009190571 0.021904524 0.3297483 0.45902073 0.36125094 0.63791674 0.02553238 0.7384961 0.0064268163 0.9845813 0.00045266838 0.00076230743 0.95051175 0.0004251037 0.97807646 0.95980895 0.5859673 0.51549375 0.99751014 0.009031297 0.0026804907 0.9622448 5.7039247e-06 0.8958759 0.18815026 0.00041210008 0.6111754 0.0005618987 0.03420191 0.14906962 0.8136283 0.0012012434 0.000187059 2.9940131e-06 1.7539676e-05 0.16386284 4.164703e-06 0.99343026 0.99763334 0.565645 1.1103397e-07 0.9995975 0.9985788 0.47157115 0.040065587 0.859287 0.9369133 0.98428714 0.9991906 0.99985135 7.865923e-06 0.9909358
0.081965856 2.733227e-20 0.7398924 0.878206 0.8624752 0.6080183 0.15483427 0.5558973 0.33569068 0.32621804 0.084957264 0.09149818 0.4337883 0.5381821 0.094230786 0.059788685 0.058112286 0.020261059 0.108364426 0.05021978 0.13047071 0.17641369 0.011435784 0.08329029 0.019592328 0.07268729 0.12667817 0.030977108 0.049370952 0.110066496 0.07149764 0.021777289 0.047659636 0.054423574 0.022218268 0.015965171 0.04396134 0.005394235 0.003219859 0.0074978797 0.0022137347 0.038547214 0.0008994628 0.009728925 0.0036573194 0.0034837215 0.0010510582 0.0005723684 4.9767173e-06 0.0017869156 9.309634e-05 0.00013052761 0.00016487714 3.3151734e-06 4.3051154e-05 3.489632e-05 0.0002844467 2.20681e-05 0.012041694 0.00070472667 0.00014386518 0.006531025 0.00021269785 0.00036249438 0.0056061624 0.00040532454 0.00018621782 0.013680036 2.638731e-05 2.0680867e-05 0.0048451493 1.2888043e-05 3.864848e-05 0.0016230447 3.459373e-05 0.0023541644 8.408176e-06 0.00018233743 1.9724355e-05 5.5421293e-05 1.194955e-05 7.424777e-06 0.00012972146 2.6327725e-06 1.9511486e-05 0.000374383 0.0004804556 0.00043879103 4.603633e-06 0.00020125041 0.0020491914 0.0024641696 0.00020024263 4.5424917e-05 0.0018912002 0.0019560338 0.0015961562 0.0013378765 0.0008332963 7.2422754e-06 0.0022050096
0.17883395 0.7398924 4.1510908e-21 0.7845461 0.33261287 0.9168164 0.71433765 0.40703154 0.5251521 0.7996724 0.4567409 0.44097042 0.05307923 0.27484694 0.39453876 0.16115406 0.2663839 0.096645005 0.2447725 0.130101 0.18971962 0.036510028 0.070600405 0.088323675 0.05475397 0.013685296 0.08606527 0.07920417 0.044350095 0.030884601 0.0499647 0.0065229395 0.068785466 0.043390214 0.00662146 0.0356009 0.026949942 0.022898704 0.0003442416 0.0021995383 0.004778569 0.066615485 0.006128646 0.0031801076 0.006705748 0.010839184 0.0032861202 0.002931033 6.0401446e-05 0.004749836 0.00039460926 0.00044448022 0.0010365971 4.3955093e-05 0.00023057021 7.4514515e-05 0.000977841 6.7880675e-05 0.017441647 0.0029692282 1.9808584e-05 0.0055887834 3.4583998e-05 0.0015700543 0.003306207 0.0010616459 0.00052991614 0.020092443 3.0769883e-05 3.3395583e-05 0.002492293 6.4552373e-06 0.00011901255 0.00045968592 2.9446606e-05 0.00049037515 2.2695485e-06 7.6600954e-05 5.3303625e-05 0.00017281859 9.536484e-06 2.285323e-06 4.921308e-06 1.3567864e-05 5.633455e-05 0.0004254884 0.0007456755 0.00064009515 6.4569304e-06 2.480935e-05 0.0019590151 0.0011375394 3.8124297e-05 3.607932e-05 0.0005622559 0.0011472225 0.0009820493 0.0009257987 0.0016810204 1.8270272e-05 0.0021541617
0.038879793 0.878206 0.7845461 1.7849065e-20 0.6924126 0.43443164 0.32251707 0.21240105 0.14924154 0.16296525 0.1671143 0.13429765 0.16321555 0.74082804 0.060463287 0.03640332 0.20783384 0.023779295 0.057600833 0.02963448 0.059538096 0.22173268 0.04220775 0.04269336 0.021077553 0.020566862 0.057271075 0.1327162 0.18551025 0.02931637 0.0372071 0.05244065 0.022901308 0.02607312 0.014907204 0.010362355 0.01490746 0.0037867387 0.0016957073 0.0070437673 0.0025524 0.019751348 0.0006507111 0.004928083 0.002495975 0.008131427 0.0012004136 0.0003547301 2.5951915e-05 0.002086804 0.00011176836 0.00012121031 0.00018778433 1.1964705e-05 5.5950495e-05 6.9443835e-05 0.00025578254 2.5858899e-05 0.007476897 0.0019252658 0.000110744906 0.0026094208 0.00021147922 0.00040742254 0.0019022922 0.00023320624 0.00062290597 0.007989759 1.8813702e-05 1.490556e-05 0.0013508905 9.151348e-06 3.369714e-05 0.0015113999 2.4916973e-05 0.001763265 9.384204e-06 0.00011551792 4.3727523e-05 0.00014757448 6.499541e-06 3.3856827e-06 8.106367e-05 6.6786192e-06 6.6214314e-05 0.0007442379 0.00046937223 0.00037588397 1.0590017e-05 0.00020093741 0.0013790709 0.00057701353 7.42119e-05 3.6311907e-05 0.0007746156 0.0010387278 0.000933002 0.00069380755 0.002729103 6.0521437e-05 0.0012812791
0.2992079 0.8624752 0.33261287 0.6924126 2.6538605e-18 0.4138716 0.055949297 0.6374737 0.29160446 0.09063802 0.028720764 0.05817941 0.8371223 0.6703455 0.049848564 0.03217525 0.025099175 0.027090833 0.06141817 0.03168017 0.10083978 0.5943936 0.008589576 0.08172023 0.028186308 0.35585746 0.19010638 0.023388332 0.051216047 0.3154799 0.09876175 0.1537005 0.035107937 0.06723845 0.19611746 0.009266264 0.074798316 0.0037113125 0.10368976 0.07095758 0.0036706151 0.0319626 0.0007092356 0.081004016 0.011723434 0.0026199599 0.0017131043 0.00031847708 4.2429547e-06 0.0015957664 0.00016192437 8.6104556e-05 8.022148e-05 1.6598592e-06 6.993885e-05 3.8902635e-05 0.00034818248 2.6936536e-05 0.029115297 0.0005400818 0.0037014277 0.016349986 0.0040137446 0.000112223686 0.01624637 0.0005474251 0.00016332934 0.02846763 3.1178133e-05 8.38487e-05 0.025820483 3.6519377e-05 4.1295458e-05 0.009774021 4.001455e-05 0.01215212 0.00025473986 0.0038330497 4.214855e-05 2.9601862e-05 2.0607804e-05 1.2247668e-05 0.0015632139 4.557912e-06 4.00256e-06 0.00094244466 0.0011489617 0.00088543136 1.5932899e-06 0.00057834067 0.0062320847 0.012944398 0.0013052667 0.00023779695 0.009127529 0.006140455 0.0076051718 0.0037474472 0.0042587207 3.055762e-06 0.008458116
0.37899393 0.6080183 0.9168164 0.43443164 0.4138716 3.9370764e-21 0.2581619 0.72502226 0.8903669 0.8339823 0.16286197 0.17053933 0.13937795 0.15925947 0.39013907 0.14920259 0.053904656 0.024368772 0.3438727 0.13510342 0.3157837 0.051671304 0.014764165 0.18474656 0.01767196 0.059715874 0.19823825 0.026473038 0.017276267 0.12182773 0.12660868 0.007512083 0.12077428 0.09284466 0.017875804 0.05040841 0.059256855 0.02067374 0.0012556441 0.0058908244 0.0029033974 0.14962183 0.0029943387 0.006673638 0.0040910607 0.005813741 0.0010756073 0.0030346636 2.6607611e-05 0.0020289076 0.00018780456 0.00029189533 0.00061717886 1.17187265e-05 0.00013839522 3.6254052e-05 0.0007533023 2.1764828e-05 0.056040216 0.0010564557 2.8534805e-05 0.015326798 3.7931506e-05 0.0017718873 0.0126361335 0.000892264 0.0002832343 0.066082574 1.8917295e-05 2.3264987e-05 0.0084572295 6.4248793e-06 0.00010357053 0.0009074472 3.0407517e-05 0.0014112833 4.475081e-06 0.00017948744 1.5698926e-05 5.495991e-05 9.920451e-06 3.9421975e-06 9.886376e-06 7.8158755e-06 1.831327e-05 0.00035136304 0.0012883903 0.0016378497 1.7519656e-06 3.368792e-05 0.004769923 0.0065301163 9.581294e-05 2.9502937e-05 0.0015364656 0.0021139844 0.0023130723 0.0024061715 0.0018950974 6.6439525e-06 0.0034211932
0.066585295 0.15483427 0.71433765 0.32251707 0.055949297 0.2581619 2.3478157e-22 0.10034723 0.12740557 0.5828606 0.8066106 0.8241914 0.014880408 0.08682834 0.49905497 0.1974413 0.48817658 0.4811831 0.1850221 0.1372199 0.08735549 0.009749861 0.24698631 0.044582695 0.3060015 0.0048560267 0.031732302 0.14479773 0.045190956 0.007932026 0.022354078 0.0023191513 0.052607805 0.021623453 0.0018972013 0.035569906 0.0065982626 0.025188504 3.4764314e-05 0.00031818202 0.0076347445 0.039970808 0.005461293 0.00047239353 0.010459691 0.019230217 0.008162664 0.004043759 5.597761e-05 0.006538981 0.00034314123 0.00028676432 0.00087520713 2.8014962e-05 8.990763e-05 9.11332e-05 0.00032713026 3.9264407e-05 0.0068332083 0.0048516965 6.454874e-06 0.0019873504 5.192829e-06 0.0019420142 0.0011735156 0.00040518344 0.0004948143 0.005923038 1.1997554e-05 2.2195522e-05 0.0007622958 1.1748778e-06 3.679847e-05 2.223164e-05 2.0265781e-05 5.6897476e-05 6.2843685e-07 9.253378e-06 3.0576262e-05 0.00010229696 6.4900646e-06 6.993891e-07 2.7344967e-07 4.1778667e-06 2.7998374e-05 0.00014436408 0.0006521816 0.00044551742 2.2838242e-06 2.8930324e-06 0.00095784164 0.00035432237 2.6483779e-06 3.0234175e-06 3.273064e-05 0.00012449794 0.00016125849 0.00024570842 0.000950332 1.1762821e-05 0.0007695362
0.8643208 0.5558973 0.40703154 0.21240105 0.6374737 0.72502226 0.10034723 3.298565e-18 0.8786094 0.42679068 0.04665765 0.094180696 0.5310908 0.24023151 0.06277308 0.090246536 0.019822747 0.025997093 0.27600777 0.10558182 0.40114817 0.15376565 0.0050391336 0.39174184 0.015256972 0.43019667 0.54523855 0.012092806 0.011353403 0.6023149 0.38066053 0.014550849 0.09850002 0.25712982 0.15722741 0.037262984 0.26355308 0.014551336 0.004846249 0.008533421 0.00064371945 0.1948786 0.00043598068 0.031367343 0.0016510151 0.00097024714 0.00020560662 0.00092641555 1.3740953e-06 0.00081361504 3.026411e-05 5.5970242e-05 4.6781253e-05 1.2937306e-06 0.00015108853 9.1326565e-06 0.00039929047 3.7063267e-06 0.19004147 0.00015502532 0.00016497732 0.12696074 0.0004950602 0.0008042271 0.11128577 0.0008059822 3.16177e-05 0.20776263 1.753103e-05 3.9763327e-05 0.13033366 7.2681396e-06 6.572309e-05 0.0017303027 1.3068946e-05 0.0034679712 9.935585e-05 0.0010202908 3.9160013e-06 3.7090952e-06 7.6113242e-06 3.847015e-06 5.591438e-05 2.6479636e-06 9.4869694e-07 0.00040922491 0.0009947912 0.0017388882 8.793518e-08 8.621623e-05 0.020104252 0.07784153 0.00043508146 5.322195e-05 0.011071778 0.0072369114 0.023764677 0.014135517 0.0018144514 3.6011822e-06 0.019573195
0.8236745 0.33569068 0.5251521 0.14924154 0.29160446 0.8903669 0.12740557 0.8786094 1.02585e-20 0.8302707 0.08177074 0.088871144 0.15446937 0.089855626 0.3307448 0.22539939 0.025664086 0.018739726 0.5738356 0.22630784 0.6418966 0.04594517 0.007552072 0.5165621 0.012992137 0.08572753 0.506024 0.015370857 0.011186338 0.22802506 0.3780361 0.005916659 0.31266272 0.2812292 0.01714573 0.107212126 0.180287 0.04614542 0.00095245644 0.0029929813 0.0014263525 0.3622666 0.001237215 0.004432516 0.002847136 0.004960695 0.0004101264 0.0055986657 1.3874562e-05 0.0012063291 7.370499e-05 0.00020335082 0.00026852958 4.4336334e-06 0.00017236809 1.918219e-05 0.00064430974 9.052051e-06 0.2272039 0.00042309522 2.3926887e-05 0.08032705 3.75779e-05 0.0046793018 0.06118798 0.0011560323 0.00013023353 0.24213594 9.115367e-06 1.6930031e-05 0.031038653 4.832915e-06 8.8972956e-05 0.00026063764 1.00144525e-05 0.0005093865 6.944566e-06 7.376139e-05 1.2578019e-05 2.2721264e-05 8.078464e-06 2.474438e-06 3.5928704e-06 1.7706608e-06 3.2372106e-06 0.00067589496 0.0018802697 0.0044064852 2.410627e-07 7.358749e-05 0.01669635 0.031912334 5.4934862e-05 4.921336e-06 0.0020742198 0.0024717813 0.0028761842 0.0049582967 0.004700502 6.006271e-05 0.0042588385
0.69082403 0.32621804 0.7996724 0.16296525 0.09063802 0.8339823 0.5828606 0.42679068 0.8302707 3.9312986e-21 0.4443949 0.50965947 0.016410237 0.08245603 0.75374067 0.7967084 0.11939201 0.21672675 0.7295131 0.6076684 0.50761473 0.0146076195 0.053117055 0.2164647 0.06749535 0.004793746 0.07613158 0.068668984 0.0365472 0.00491567 0.04947193 0.0012486577 0.14801571 0.06416989 0.0010194995 0.0676013 0.026366245 0.059587944 1.50633105e-05 0.00046302384 0.005759854 0.15042748 0.0032058093 0.00019832484 0.0072058383 0.013676867 0.0041648014 0.009151093 5.8707905e-05 0.006785889 0.00037721515 0.00036895648 0.001128771 3.6854835e-05 0.00062371296 5.5608554e-05 0.0009255145 6.3487096e-05 0.04013901 0.003142576 7.5665355e-07 0.008365629 4.4464723e-06 0.0044836975 0.0048289644 0.0013572439 0.00032990292 0.058742862 1.300396e-05 3.285915e-05 0.0025764941 7.093773e-07 0.00017383051 3.132622e-06 2.7769336e-05 1.2600194e-05 1.9544429e-07 2.849601e-06 3.2491604e-05 5.541913e-05 8.29833e-06 3.0347778e-07 6.3071366e-07 5.375606e-06 1.0473848e-05 0.00024404633 0.001972782 0.0022260207 6.8178974e-07 3.997021e-06 0.003474773 0.00240069 2.7054497e-07 4.255239e-07 5.247703e-05 0.00021456137 0.0007055942 0.0008785664 0.0026821785 0.0001255243 0.0013702469
0.043531347 0.084957264 0.4567409 0.1671143 0.028720764 0.16286197 0.8066106 0.04665765 0.08177074 0.4443949 1.09543545e-23 0.8228565 0.008936287 0.05412669 0.50349903 0.18171659 0.4099671 0.5607605 0.1675702 0.14317997 0.06642068 0.007059907 0.27267343 0.035629846 0.41445813 0.0022154835 0.017175777 0.124201536 0.0293225 0.003985144 0.013733638 0.0016102513 0.046549186 0.013634516 0.0005458349 0.036404457 0.004264738 0.037694015 5.592736e-06 0.00010584448 0.011893892 0.038703088 0.0077275443 9.6282194e-05 0.01625245 0.017204482 0.011013026 0.0067961225 6.4672626e-05 0.00812886 0.00040687196 0.00042061677 0.0017101254 4.000253e-05 0.00014744802 7.101185e-05 0.0006690876 2.107935e-05 0.005761532 0.0052949833 1.502382e-06 0.0018722796 2.4905867e-06 0.002900298 0.001036153 0.0005958763 0.0011251013 0.004062427 8.285504e-06 1.4066805e-05 0.00063609943 4.9025067e-07 5.8734844e-05 4.112797e-06 2.2683462e-05 1.24695e-05 1.0592147e-07 2.4060782e-06 4.384486e-05 0.00025879662 4.992914e-06 2.6162718e-07 1.1917137e-07 3.2172113e-06 3.0106932e-05 3.7176105e-05 0.0010826626 0.0007430287 4.523387e-06 9.1379496e-07 0.0008896711 0.00022171563 8.309215e-07 9.247639e-07 1.3753048e-05 8.295557e-05 0.00010825422 0.00018579458 0.0010613069 4.286812e-06 0.0005123355
0.22908415 0.09149818 0.44097042 0.13429765 0.05817941 0.17053933 0.8241914 0.094180696 0.088871144 0.50965947 0.8228565 2.548695e-22 0.017287096 0.10144942 0.7493902 0.26779005 0.46658927 0.820587 0.18165298 0.18090805 0.09118575 0.012041268 0.41375872 0.043734442 0.62307876 0.0014262729 0.017017435 0.13434015 0.030109884 0.0021699816 0.013456208 0.0017939538 0.09290949 0.014896162 0.0005348539 0.05744475 0.0048379647 0.07069497 3.0576043e-06 0.00045714024 0.030016975 0.04971592 0.016180104 7.442396e-05 0.04727576 0.03501151 0.030791866 0.016860522 0.00012590387 0.01783964 0.0014132092 0.00094738015 0.004016019 0.00017166122 0.00087600795 0.000114450304 0.0020132798 8.785115e-05 0.005546756 0.011972849 1.0326982e-06 0.0018570229 1.816716e-06 0.0037298286 0.0010103413 0.0015177537 0.0017667805 0.005907051 1.1988004e-05 3.1553267e-05 0.000572694 7.1004126e-07 0.0002694878 2.1509509e-06 0.000101370955 7.2464486e-06 2.2923768e-07 2.9794267e-06 0.0002969909 0.0002947618 8.416865e-06 2.546076e-07 3.7845615e-07 1.5871381e-05 5.050418e-05 1.014474e-05 0.00065483944 0.0008164805 1.36430945e-05 1.1158401e-06 0.00083689607 0.00015249544 4.842285e-06 6.5788154e-06 3.1096417e-05 0.00013492258 7.101991e-05 0.00010367044 0.0007675971 5.012503e-06 0.00042421801
0.49005434 0.4337883 0.05307923 0.16321555 0.8371223 0.13937795 0.014880408 0.5310908 0.15446937 0.016410237 0.008936287 0.017287096 1.4144546e-16 0.5382269 0.014001845 0.01038345 0.009265301 0.0070732916 0.033721425 0.014364727 0.052923318 0.69909394 0.003825532 0.04953384 0.010099276 0.69281113 0.1618355 0.010395424 0.017932894 0.5545478 0.07728239 0.24261318 0.014135592 0.048735376 0.56209517 0.0030743016 0.09583861 0.00088554283 0.5718411 0.35027575 0.0036478045 0.015585033 0.00021162731 0.39754838 0.011961775 0.0050025806 0.0045533157 0.00016708193 1.2625804e-05 0.0053213453 0.0009118481 5.468699e-05 2.1727437e-05 1.0926655e-06 5.431246e-05 0.00026542542 0.00031722305 0.00011231309 0.02477254 0.001507135 0.13460697 0.02461107 0.115364596 0.00010884098 0.039528027 0.00056530075 7.6603144e-05 0.029307384 0.00021080427 0.00035075253 0.120823234 0.009461238 3.518598e-05 0.051832568 0.00020679616 0.047014043 0.027620353 0.06137363 0.0001073827 1.1367802e-05 7.59739e-05 0.00043112432 0.009767003 1.0236756e-05 6.1412597e-06 0.0017178749 0.00062613946 0.001381107 4.619179e-06 0.0011435206 0.0068461853 0.038027246 0.01918149 0.0045823343 0.06233621 0.039876174 0.0660898 0.009708406 0.003347709 1.1450936e-06 0.054007206
0.019195938 0.5381821 0.27484694 0.74082804 0.6703455 0.15925947 0.08682834 0.24023151 0.089855626 0.08245603 0.05412669 0.10144942 0.5382269 5.0707458e-18 0.064857095 0.030614702 0.24797149 0.0689968 0.04953172 0.024417626 0.06101222 0.8246476 0.06327612 0.03571871 0.07544018 0.06362177 0.035892237 0.3929804 0.64795375 0.037493568 0.02054578 0.77527446 0.018939313 0.013638671 0.0796765 0.0054740347 0.008784311 0.0012233107 0.027593134 0.296157 0.020553524 0.0077443686 0.0010271076 0.019442368 0.040058024 0.023016311 0.0086728595 0.00017006305 3.0747324e-05 0.0076936674 0.00042580097 0.00023689744 0.00055734464 1.2423978e-05 0.00017680823 0.00019755181 0.00069628726 0.00010315554 0.004319052 0.0067837513 0.0031370274 0.0027809662 0.00833009 0.00033976574 0.0019337026 0.0005902403 0.001915687 0.003447707 0.00019224448 0.00016756143 0.0010791027 6.693658e-05 3.944234e-05 0.0071753636 2.9591727e-05 0.0053346427 1.6339329e-05 0.00072617375 0.00014551036 0.00028109527 3.9120132e-05 1.27050025e-05 0.010123479 1.4619951e-05 8.165187e-05 0.008550333 9.156557e-05 0.00016996496 0.0001420751 0.008360601 0.0017828421 0.00022891599 0.0009619721 0.00063488825 0.0021122235 0.0024480463 0.0011625208 0.00019346164 0.0020030234 0.0028914453 0.0025183607
0.8331169 0.094230786 0.39453876 0.060463287 0.049848564 0.39013907 0.49905497 0.06277308 0.3307448 0.75374067 0.50349903 0.7493902 0.014001845 0.064857095 3.7331718e-20 0.6538041 0.1263861 0.7415171 0.43193462 0.54418325 0.2529052 0.011036825 0.13609019 0.08705255 0.49129358 0.00052209396 0.016840516 0.04150341 0.005949504 0.00081940525 0.008625698 0.0005849543 0.17856297 0.014486058 0.00010350922 0.11719327 0.0070290538 0.19598575 1.5747952e-06 0.00018341401 0.035456363 0.09735699 0.07151225 7.833247e-06 0.05418942 0.015946347 0.021868577 0.09829037 0.0069279997 0.01240671 0.022562139 0.0054802424 0.019230038 0.0018790517 0.010371194 0.0018439752 0.008551886 0.0010492209 0.011777672 0.0045544533 1.7035245e-06 0.0023125168 2.9146495e-06 0.040974468 0.0007807814 0.0072929934 0.0070917043 0.020714622 0.0001091927 0.00029578595 0.00047265648 1.8427689e-07 0.0018880061 6.9495974e-07 0.00041585168 1.249753e-06 2.3621105e-07 1.5551544e-06 0.0017463475 0.002207788 2.0102914e-05 1.9501383e-07 1.6309928e-06 9.05233e-05 0.0004970582 2.3278835e-05 0.0135575365 0.01984793 0.00016106453 1.7013652e-06 0.0033693782 0.00034337092 3.974073e-07 1.8642232e-06 2.7193222e-05 8.971304e-05 0.00019622865 8.839413e-05 0.007970255 3.852706e-06 0.0007483595
0.7910631 0.059788685 0.16115406 0.03640332 0.03217525 0.14920259 0.1974413 0.090246536 0.22539939 0.7967084 0.18171659 0.26779005 0.01038345 0.030614702 0.6538041 8.42821e-22 0.048070442 0.18070665 0.7903033 0.89942884 0.31345284 0.010112513 0.033870213 0.16878891 0.06577172 0.0019721575 0.044841394 0.021141808 0.007402749 0.0024774973 0.033080347 0.0010201759 0.26914853 0.050915726 0.0006530601 0.1837528 0.021140493 0.18059604 6.0658867e-06 0.0004891304 0.007241582 0.2265625 0.036862534 4.5168275e-05 0.0087632295 0.009025312 0.005830693 0.054567028 0.00033639424 0.005091881 0.001533998 0.0014097976 0.0035556348 0.00031831494 0.0017851135 0.00025556723 0.0023717901 0.00016981977 0.049868613 0.0025055183 7.3347414e-06 0.008795188 6.414728e-06 0.019402506 0.0034324732 0.0032021105 0.0025327867 0.096179925 3.6196325e-05 0.0001754201 0.0017847492 2.1190235e-06 0.00087007694 1.0725475e-06 9.5312964e-05 3.496249e-06 9.595137e-07 6.3200005e-06 0.00085391814 0.0010940167 2.1536327e-05 6.0024166e-07 1.6714343e-06 1.5572552e-05 9.9188765e-05 0.0002491568 0.007010864 0.01111271 1.4889038e-05 2.4375536e-06 0.009338561 0.0029442478 1.5138339e-07 8.314843e-07 1.3522328e-05 8.306648e-05 0.0003681937 0.0011374672 0.012146409 0.0001961669 0.0009602888
0.016855698 0.058112286 0.2663839 0.20783384 0.025099175 0.053904656 0.48817658 0.019822747 0.025664086 0.11939201 0.4099671 0.46658927 0.009265301 0.24797149 0.1263861 0.048070442 3.0908949e-21 0.36819303 0.044591177 0.03180528 0.027877208 0.01075512 0.82195073 0.015086284 0.58397645 0.0011628103 0.0062161647 0.6788511 0.24939032 0.0011412394 0.0042035393 0.0034443517 0.011923415 0.004161345 0.0008659083 0.0068832887 0.00074190967 0.0040378226 1.9121824e-05 0.0003392244 0.030580021 0.005000961 0.0008831956 0.0001770274 0.027940188 0.090844065 0.03228095 0.00025794064 4.1807147e-05 0.02554653 0.00031040996 6.590543e-05 8.309556e-05 1.4654627e-05 2.9071143e-05 0.00012310922 0.00010529518 8.523039e-05 0.0017451947 0.021480516 1.4145264e-06 0.000191336 4.3104537e-06 0.00027267146 0.00015008771 8.723976e-05 0.00049563154 0.0013240072 2.2951943e-05 4.966038e-05 0.00011873254 6.611064e-07 1.0844916e-05 6.1247315e-06 5.8743073e-05 3.4383753e-05 2.0458803e-07 3.1944712e-06 9.958485e-05 0.00013688389 1.117747e-05 1.6159908e-07 4.021202e-07 6.21572e-06 7.836725e-05 0.0005543581 7.14682e-05 6.5527514e-05 8.282281e-06 2.177924e-05 0.0005770501 0.000122013225 9.177141e-06 1.1172088e-05 1.9236817e-05 5.5157914e-05 5.146616e-05 2.8036822e-05 0.00058838393 0.001451118 0.000103781924
0.35275975 0.020261059 0.096645005 0.023779295 0.027090833 0.024368772 0.4811831 0.025997093 0.018739726 0.21672675 0.5607605 0.820587 0.0070732916 0.0689968 0.7415171 0.18070665 0.36819303 2.5221666e-21 0.09748165 0.13751596 0.031765148 0.0069140852 0.4648768 0.010140259 0.84369373 0.00012415729 0.002274745 0.07474033 0.00635883 0.00027509744 0.0018372688 0.0010233633 0.048597574 0.0025303797 2.3393293e-05 0.04216173 0.00045627376 0.083804004 2.6765824e-06 0.00025492653 0.11029422 0.0150005715 0.050008 4.614754e-06 0.19680937 0.024204811 0.0723449 0.028112894 0.009647237 0.018549453 0.038378652 0.0029560335 0.011023933 0.0013648976 0.0028138345 0.0010411362 0.0036784715 0.0008813059 0.0020726647 0.0118838 2.7007732e-07 0.00050558656 1.6589729e-06 0.007528245 0.00013463208 0.0028827323 0.0065391087 0.0023959565 6.665281e-05 0.00020223952 0.00025657433 2.0848414e-07 0.00060261425 4.5300192e-07 0.00094869436 1.6936286e-06 2.899435e-08 1.0577536e-06 0.0016700738 0.0023066655 4.744211e-05 9.33624e-08 2.4603068e-07 0.00039237642 0.00041922973 2.591268e-06 0.0023607505 0.0028118454 0.00019773204 1.2374667e-07 0.00053427275 8.4839754e-05 6.8701825e-06 6.5731215e-06 2.1396647e-05 9.4584684e-05 3.5449404e-05 2.8272596e-05 0.0013219179 2.935037e-06 0.00028100895
0.8448628 0.108364426 0.2447725 0.057600833 0.06141817 0.3438727 0.1850221 0.27600777 0.5738356 0.7295131 0.1675702 0.18165298 0.033721425 0.04953172 0.43193462 0.7903033 0.044591177 0.09748165 2.144146e-22 0.8812621 0.8152042 0.026405493 0.021622531 0.48116294 0.029058542 0.01764733 0.19851565 0.017942166 0.009661844 0.030171763 0.19836059 0.0021096081 0.52643335 0.19842735 0.0026318915 0.3869137 0.07116574 0.2215707 1.2254761e-05 0.0017093074 0.004322957 0.47878468 0.032102983 0.00054055767 0.0050586266 0.006473739 0.002108874 0.039548066 0.00012970713 0.0022410187 0.0005618456 0.001505534 0.002329414 0.00013244309 0.0011194753 0.00014104666 0.001894913 9.227474e-05 0.17470516 0.0013630212 8.521735e-06 0.024774378 1.1703549e-05 0.017611407 0.01101695 0.0034340366 0.0010258883 0.20766743 2.309422e-05 5.754094e-05 0.0045206356 4.364672e-06 0.000950332 2.907559e-06 2.6230096e-05 1.792612e-05 2.5393676e-06 6.4337087e-06 0.0002442722 0.00014772643 6.879709e-06 1.3593188e-06 1.8772328e-06 3.5618145e-06 2.07951e-05 0.00093926385 0.0067142514 0.010467514 2.1310414e-06 2.5950825e-05 0.021115484 0.006915071 8.387333e-07 1.5374806e-06 4.8272057e-05 0.00021893495 0.0006964064 0.0019372947 0.015063649 0.00062696496 0.0014060856
0.8080089 0.05021978 0.130101 0.02963448 0.03168017 0.13510342 0.1372199 0.10558182 0.22630784 0.6076684 0.14317997 0.18090805 0.014364727 0.024417626 0.54418325 0.89942884 0.03180528 0.13751596 0.8812621 1.1141009e-22 0.37705195 0.011932571 0.01954383 0.21356325 0.04418069 0.004135152 0.0448757 0.013244328 0.0044608945 0.0043165935 0.050222546 0.0009731417 0.3806196 0.065090805 0.0010514793 0.28693077 0.021874338 0.20597968 5.377575e-06 0.0006154303 0.0054886136 0.3179103 0.066111624 9.25762e-05 0.007110744 0.006679954 0.0037272987 0.06012431 0.00038803281 0.003080362 0.0012790059 0.0023578976 0.0053287796 0.0004678032 0.0019348905 0.0002316471 0.0031211593 0.00017937091 0.073609345 0.0013859838 1.0140059e-05 0.0121174315 6.983145e-06 0.029742574 0.00404191 0.0043557715 0.0030958822 0.11524062 3.1976764e-05 0.0001122785 0.002100397 3.2431897e-06 0.0011284029 1.7063895e-06 7.7261546e-05 7.178025e-06 1.6180396e-06 1.3009778e-05 0.0013436613 0.0015480872 1.07583755e-05 1.4487356e-06 1.9039855e-06 1.069488e-05 0.00012317722 0.00014980484 0.01069459 0.0143423 1.9400308e-05 2.510688e-06 0.013172766 0.0033232362 3.3126597e-07 1.6136493e-06 1.7757517e-05 0.0001277972 0.0003841972 0.0009812382 0.016894639 7.644763e-05 0.0009445465
0.91651577 0.13047071 0.18971962 0.059538096 0.10083978 0.3157837 0.08735549 0.40114817 0.6418966 0.50761473 0.06642068 0.09118575 0.052923318 0.06101222 0.2529052 0.31345284 0.027877208 0.031765148 0.8152042 0.37705195 1.3825046e-18 0.024510138 0.015007125 0.83752376 0.018056676 0.021196837 0.39892596 0.015578823 0.010257915 0.060572095 0.31741664 0.0031540394 0.46831042 0.3146481 0.0027260906 0.25998667 0.1852539 0.13769673 4.2142598e-05 0.001234018 0.0015983054 0.4548985 0.0033748422 0.0006392517 0.001837954 0.003933269 0.0006403556 0.015517746 1.7123846e-05 0.0013579766 0.00021618935 0.0005007202 0.0005064554 1.3153496e-05 0.00065244915 3.833064e-05 0.0011869224 7.764654e-05 0.20323566 0.00082894054 1.142655e-05 0.036684353 5.4454045e-05 0.0076515498 0.020662058 0.0017160443 8.963744e-05 0.2841215 1.7514922e-05 9.914185e-05 0.013492154 7.2986463e-06 0.0005134228 5.850795e-06 2.507036e-05 3.0210791e-05 7.8604635e-06 8.903301e-06 1.301658e-05 1.8091649e-05 2.128952e-05 9.838881e-07 1.4563772e-05 2.6575647e-06 3.3065915e-06 0.0048286426 0.004359146 0.009028101 2.8185585e-07 0.0001876014 0.04756866 0.02043326 1.2915167e-06 5.981297e-07 0.00038994625 0.0008338583 0.002600925 0.004897928 0.0150027815 0.004829985 0.0023949915
0.013213981 0.17641369 0.036510028 0.22173268 0.5943936 0.051671304 0.009749861 0.15376565 0.04594517 0.0146076195 0.007059907 0.012041268 0.69909394 0.8246476 0.011036825 0.010112513 0.01075512 0.0069140852 0.026405493 0.011932571 0.024510138 1.4705797e-18 0.0065641324 0.015852973 0.014666372 0.17985885 0.02820767 0.020741142 0.07493733 0.13323565 0.015855923 0.8123658 0.0099474285 0.011219035 0.19669186 0.002405755 0.010707715 0.0003810038 0.2808093 0.7392759 0.010667175 0.0048344387 0.0018276877 0.070945166 0.03079163 0.0026827988 0.007378011 0.00025654153 4.2143805e-05 0.0016068664 0.0017178201 0.00034745352 0.00048366844 1.7100218e-05 0.00011444693 0.00026696027 0.00039436622 0.0001290986 0.009546626 0.0005307992 0.01655643 0.005037454 0.046637446 0.00011977292 0.003849581 0.000817769 0.0010500693 0.0039227186 0.00013722817 0.00013946711 0.003480474 0.0014704233 3.6878777e-05 0.031563375 5.051164e-05 0.020209905 0.0024805542 0.011461203 0.00012317793 0.00017589133 1.6069147e-05 2.7361973e-05 0.05102095 3.5965456e-06 0.00016082753 0.0028185642 9.261249e-05 0.0001637336 0.00047829418 0.0022730303 0.0034263884 0.0009494967 0.0066740992 0.0042636744 0.0057338453 0.004347797 0.0040160436 0.00072842935 0.001796844 2.8952807e-05 0.0044114026
0.01848665 0.011435784 0.070600405 0.04220775 0.008589576 0.014764165 0.24698631 0.0050391336 0.007552072 0.053117055 0.27267343 0.41375872 0.003825532 0.06327612 0.13609019 0.033870213 0.82195073 0.4648768 0.021622531 0.01954383 0.015007125 0.0065641324 5.024255e-22 0.0069133104 0.8142254 0.00018586032 0.0021220238 0.54109657 0.09654859 0.0003056278 0.0013660142 0.0013221455 0.008129593 0.0015271775 0.0002387213 0.0057496624 0.000107276646 0.0053874897 4.949185e-06 0.00031195313 0.119452015 0.0026428148 0.0018730554 6.7194014e-05 0.10370689 0.13760667 0.12710215 0.0011203297 0.00015397507 0.07745544 0.0028833342 7.106869e-05 0.00026070376 9.857675e-05 3.8721562e-05 0.00019485036 0.00018104205 0.0001219725 0.0007768038 0.04322063 4.0446628e-07 0.00013141266 3.8194553e-06 0.0005582815 5.491082e-05 9.0233705e-05 0.0013292145 0.0005968064 2.1871529e-05 3.9846273e-05 6.518639e-05 8.7777033e-07 1.2695967e-05 1.3336987e-06 0.00048741404 1.2176742e-05 3.0158727e-08 5.9241245e-07 0.00010157718 0.00029281233 1.3671043e-05 9.522088e-08 3.578018e-07 7.0105394e-05 8.07454e-05 0.00021672009 5.876992e-05 8.082421e-05 2.5790456e-05 1.2907761e-05 0.00014697475 3.7900012e-05 2.9526254e-06 5.1922298e-06 6.672616e-06 2.894185e-05 3.2142692e-05 1.4036077e-05 0.00018136762 0.0014558927 4.687124e-05
0.94265383 0.08329029 0.088323675 0.04269336 0.08172023 0.18474656 0.044582695 0.39174184 0.5165621 0.2164647 0.035629846 0.043734442 0.04953384 0.03571871 0.08705255 0.16878891 0.015086284 0.010140259 0.48116294 0.21356325 0.83752376 0.015852973 0.0069133104 4.9039667e-18 0.008579702 0.031159785 0.53474736 0.0062910225 0.0045108967 0.09487394 0.47008243 0.0022240826 0.5075515 0.4603056 0.0029122534 0.3055982 0.32301256 0.14895129 3.169961e-05 0.0006946046 0.00040519662 0.5825109 0.0023207075 0.0006901924 0.0005791929 0.0016799833 0.00019668671 0.020018574 4.369207e-06 0.00030176915 9.1663336e-05 0.00043616383 0.0004533017 7.0947503e-06 0.0006125756 2.192721e-05 0.0012837087 5.258815e-05 0.28396663 0.0002900038 1.0474038e-05 0.06026307 6.928309e-05 0.007939291 0.03666566 0.0018911625 9.351911e-05 0.34894577 9.374382e-06 4.332513e-05 0.024725053 6.64607e-06 0.0005742925 1.1047923e-05 1.2716447e-05 3.712477e-05 1.44678115e-05 7.1889726e-06 1.686332e-05 1.9105146e-05 8.654735e-06 5.011234e-07 1.1035949e-05 1.5855277e-06 2.4863054e-06 0.0043324097 0.0052970797 0.010300568 3.2016155e-07 0.00010229978 0.08579581 0.03879165 3.7570244e-06 7.62842e-07 0.00062813645 0.0007807859 0.0032807142 0.008310084 0.018247435 0.0039320467 0.0032706722
0.10282923 0.019592328 0.05475397 0.021077553 0.028186308 0.01767196 0.3060015 0.015256972 0.012992137 0.06749535 0.41445813 0.62307876 0.010099276 0.07544018 0.49129358 0.06577172 0.58397645 0.84369373 0.029058542 0.04418069 0.018056676 0.014666372 0.8142254 0.008579702 3.7411533e-21 0.00023341962 0.0015482482 0.21800807 0.021473698 0.00042784007 0.0011657155 0.0017168684 0.02452592 0.0010995794 0.00013350324 0.014504755 6.593101e-05 0.019060755 6.973189e-06 0.0009401183 0.36284655 0.0047685383 0.013502065 1.207659e-05 0.47193366 0.092381984 0.2790459 0.0056983004 0.004308617 0.060694307 0.062186655 0.00064063526 0.0033238337 0.00086970616 0.00048325144 0.0014774776 0.0009769743 0.0013224361 0.0013302945 0.029287027 5.150932e-07 0.00015583257 2.158134e-06 0.001762015 3.41655e-05 0.00070240244 0.0044088797 0.0011790898 6.667423e-05 0.00021572308 5.581907e-05 2.621249e-07 0.00011145213 1.1612764e-06 0.0016734889 4.612083e-06 1.8502803e-08 7.9766636e-07 0.00089899194 0.0010465812 3.6507052e-05 4.6505395e-08 3.5748292e-07 0.00056286034 0.00023442596 6.5956447e-06 0.0002946238 0.0002902016 0.0001338786 3.16935e-07 6.5853405e-05 2.2585591e-05 1.11200125e-05 4.2785803e-05 6.6362586e-06 6.585071e-05 1.9701683e-05 9.398651e-06 0.00018957435 0.00023822961 7.40671e-05
0.7008467 0.07268729 0.013685296 0.020566862 0.35585746 0.059715874 0.0048560267 0.43019667 0.08572753 0.004793746 0.0022154835 0.0014262729 0.69281113 0.06362177 0.00052209396 0.0019721575 0.0011628103 0.00012415729 0.01764733 0.004135152 0.021196837 0.17985885 0.00018586032 0.031159785 0.00023341962 7.564037e-19 0.2427752 0.0005608625 0.0010823641 0.848065 0.13055924 0.013655681 0.0062466306 0.06677765 0.8760263 0.001780392 0.17130321 0.00025011433 0.480544 0.04227162 0.00027258566 0.029832333 1.4391273e-05 0.61921525 0.00018642802 0.00045772066 7.093084e-05 3.4672932e-05 1.8434042e-06 0.00056731765 1.3198784e-05 8.740761e-06 7.1979525e-06 3.0238e-07 2.0033232e-05 9.161942e-06 5.2928175e-05 4.795154e-06 0.07244423 5.5290584e-05 0.06110066 0.12077709 0.05296633 0.00013740562 0.18627842 0.00024016263 1.6741473e-05 0.08116817 3.0480899e-06 6.2076515e-06 0.3584345 0.0066703577 3.4096367e-05 0.18771808 2.2914108e-05 0.15436465 0.032032628 0.15835768 2.70206e-06 3.2744108e-06 2.2558804e-06 0.00093088846 0.0005052796 1.1876515e-06 5.0995027e-07 2.3391643e-05 0.0006276158 0.00090753334 1.03472935e-07 8.0541584e-05 0.021008106 0.15937762 0.046220437 0.0080381725 0.12163278 0.14621374 0.26942152 0.09390881 0.00069017336 1.2422248e-07 0.20041126
0.94242316 0.12667817 0.08606527 0.057271075 0.19010638 0.19823825 0.031732302 0.54523855 0.506024 0.07613158 0.017175777 0.017017435 0.1618355 0.035892237 0.016840516 0.044841394 0.0062161647 0.002274745 0.19851565 0.0448757 0.39892596 0.02820767 0.0021220238 0.53474736 0.0015482482 0.2427752 4.237591e-18 0.0018478082 0.0019723757 0.6606873 0.83004904 0.0026806046 0.16663426 0.7111018 0.05896123 0.06710398 0.6639641 0.030052051 0.0023220205 0.0022291085 0.0001171557 0.44943556 0.0003505191 0.017188115 0.00012595588 0.00019155323 3.1710373e-05 0.0017414631 5.080586e-07 7.808458e-05 3.3262248e-05 8.0908045e-05 5.979609e-05 5.676869e-07 0.00031104145 1.1129359e-05 0.0005105304 1.7865448e-05 0.38265976 3.231669e-05 0.00015983322 0.20649761 0.00027198505 0.0018859573 0.19131416 0.0010978829 3.0115141e-05 0.3655534 2.261718e-06 9.166748e-06 0.2129375 3.026633e-05 0.00040463128 0.0007937129 3.6714146e-06 0.0015902572 0.0001316299 0.00033439486 4.1022126e-06 9.879363e-06 2.1228443e-06 2.3148673e-06 4.4457196e-05 6.859487e-07 1.5946321e-06 0.0011040961 0.0038513048 0.009421931 1.5671432e-07 0.00044667564 0.113893166 0.20024247 0.00022693776 2.0912257e-05 0.0097004 0.008151342 0.04517748 0.060433876 0.008851696 0.000564071 0.030161552
0.009146599 0.030977108 0.07920417 0.1327162 0.023388332 0.026473038 0.14479773 0.012092806 0.015370857 0.068668984 0.124201536 0.13434015 0.010395424 0.3929804 0.04150341 0.021141808 0.6788511 0.07474033 0.017942166 0.013244328 0.015578823 0.020741142 0.54109657 0.0062910225 0.21800807 0.0005608625 0.0018478082 5.609523e-20 0.7613027 0.0006203917 0.000778255 0.012986036 0.0031475455 0.0008656593 0.00073938444 0.0009961938 5.5503013e-05 0.00079749874 6.6429486e-05 0.001090562 0.036581356 0.002253829 0.00021219214 0.00015029423 0.025425568 0.51575965 0.06615685 3.6177724e-05 3.807107e-05 0.15167895 0.00025092473 4.0946008e-05 4.968672e-05 6.695934e-06 3.5119938e-05 8.16782e-05 0.000116743584 5.064477e-05 0.0006743723 0.17249729 1.8526127e-06 3.2015578e-05 8.2320485e-06 7.864179e-05 2.6281e-05 5.965808e-05 0.00030540666 0.00095712714 2.2621614e-05 5.009151e-05 4.795408e-05 1.2096398e-06 3.5216347e-06 1.1401873e-05 7.9465586e-05 4.369813e-05 3.579375e-08 1.5868665e-06 6.471211e-05 6.804141e-05 8.200916e-06 1.2791905e-07 1.258037e-05 4.489767e-05 7.890066e-05 0.0045634387 1.2740882e-05 1.8663928e-05 1.647389e-05 0.00066981284 0.00031955075 4.169395e-05 1.1964761e-05 2.4332323e-05 1.7206467e-05 4.7959245e-05 3.627764e-05 1.823156e-05 0.00046407885 0.028720189 7.937977e-05
0.0030594964 0.049370952 0.044350095 0.18551025 0.051216047 0.017276267 0.045190956 0.011353403 0.011186338 0.0365472 0.0293225 0.030109884 0.017932894 0.64795375 0.005949504 0.007402749 0.24939032 0.00635883 0.009661844 0.0044608945 0.010257915 0.07493733 0.09654859 0.0045108967 0.021473698 0.0010823641 0.0019723757 0.7613027 7.051291e-19 0.00031061165 0.0006156612 0.17680837 0.0008180772 0.0004930868 0.0014396015 0.00026561154 3.6783134e-05 0.00012795744 9.924544e-05 0.003788964 0.0023614294 0.0006272457 6.40632e-05 0.00011744656 0.0022042526 0.1672541 0.0033689542 7.684962e-06 1.5364326e-06 0.021216486 1.4349871e-05 1.7812488e-05 1.736833e-05 3.8449846e-07 4.062513e-06 7.505194e-06 5.0998242e-05 3.697571e-06 0.00033840368 0.04791742 6.4486044e-06 7.215407e-05 5.3438307e-05 5.1654337e-05 2.8375645e-05 2.7112226e-05 0.00013377394 0.00051904033 8.740302e-06 1.1454578e-05 3.6396952e-05 1.6010324e-06 1.9371807e-06 3.899364e-05 8.8387005e-06 0.00010438115 9.942149e-08 7.7272925e-06 4.312993e-05 2.0544814e-05 4.3546347e-06 1.9103376e-07 0.0013164453 4.8037036e-06 3.8409715e-05 0.017196173 8.398887e-06 9.765904e-06 1.2065263e-05 0.00869023 0.00033451983 2.2026636e-05 6.5341555e-05 6.129584e-05 5.4680993e-05 0.00010904408 4.122113e-05 2.158413e-05 0.0003493441 0.037452046 0.000197822
0.98076713 0.110066496 0.030884601 0.02931637 0.3154799 0.12182773 0.007932026 0.6023149 0.22802506 0.00491567 0.003985144 0.0021699816 0.5545478 0.037493568 0.00081940525 0.0024774973 0.0011412394 0.00027509744 0.030171763 0.0043165935 0.060572095 0.13323565 0.0003056278 0.09487394 0.00042784007 0.848065 0.6606873 0.0006203917 0.00031061165 1.203783e-18 0.4967457 0.0062272507 0.009412994 0.30183116 0.5208044 0.0025011387 0.5835728 0.001521831 0.20752183 0.011860257 0.0003683983 0.07255513 1.5390671e-05 0.54958904 0.00043413418 0.00024124199 3.978324e-05 0.0001362326 2.6927403e-06 0.0002558062 8.504518e-05 4.014284e-06 2.499405e-06 3.6415284e-07 2.2025231e-05 2.2528198e-05 5.5161177e-05 1.9211462e-05 0.23412097 2.4557028e-05 0.007393845 0.3359667 0.009252792 0.0003435997 0.4402294 0.0003886185 7.3181477e-06 0.24645525 1.1755967e-05 1.907345e-05 0.7116123 0.0007570701 2.8085236e-05 0.030343072 2.7784648e-05 0.043120764 0.0056101917 0.027312217 9.4613904e-07 1.0404722e-06 4.439756e-06 4.8131067e-05 0.00046502138 1.1164415e-06 8.691273e-07 9.630552e-05 0.0006415258 0.0008605596 1.32120626e-08 0.00013856639 0.08048838 0.5238929 0.012031402 0.0011704554 0.10481702 0.11375216 0.41226992 0.27505338 0.0010935614 2.65933e-07 0.32576984
0.9465036 0.07149764 0.0499647 0.0372071 0.09876175 0.12660868 0.022354078 0.38066053 0.3780361 0.04947193 0.013733638 0.013456208 0.07728239 0.02054578 0.008625698 0.033080347 0.0042035393 0.0018372688 0.19836059 0.050222546 0.31741664 0.015855923 0.0013660142 0.47008243 0.0011657155 0.13055924 0.83004904 0.000778255 0.0006156612 0.4967457 1.129862e-18 0.0016231756 0.17991401 0.7956586 0.03140568 0.084175676 0.7455952 0.028214945 0.000813873 0.0019071661 0.00017477086 0.580026 0.0002305535 0.008048244 0.00016247769 0.00012350552 4.757382e-05 0.0013244442 6.338891e-07 8.63702e-05 5.0528553e-05 8.723984e-05 0.00012112688 8.8797236e-07 0.00020477867 1.4056156e-05 0.00030833026 3.3346285e-05 0.4820072 9.94979e-05 9.782929e-05 0.27266404 0.00024342896 0.0017936237 0.21424693 0.00097005797 7.966447e-05 0.41482934 8.2617935e-06 3.6749436e-05 0.1754896 1.804843e-05 0.0004675704 0.00037692752 1.1433319e-05 0.0006912707 8.8579356e-05 0.00019160239 2.85949e-05 3.372524e-05 3.0858848e-06 2.1784713e-06 3.3113487e-05 1.5059626e-06 4.2409442e-06 0.0014919378 0.0043146634 0.0071702744 4.0327734e-07 0.00033588373 0.16420628 0.16221267 0.00010740902 1.17002e-05 0.003957136 0.0045723794 0.022398349 0.057008777 0.0142789325 0.0009630007 0.017707285
