5.414753e-33 0.9581157 0.9643475 0.8880562 0.8224087 0.97135717 0.9363991 0.84678715 0.53949803 0.9370369 0.27737 0.5747939 0.90532744 0.62131244 0.95475036 0.9893839 0.48006517 0.9493294 0.63301295 0.49098387 0.60822034 0.9799659 0.9799835 0.42875564 0.93822753 0.9848588 0.28372884 0.5750088 0.40302336 0.78985715 0.5905806 0.8914953 0.90993 0.15098307 0.2030011 0.35535625 0.8527127 0.5077873 0.18115902 0.8962897 0.52219766 0.14899483 0.98872966 0.13141984 0.08106852 0.14826243 0.9566974 0.08332262 0.08617199 0.81383014 0.78915334 0.994164 0.71669436 0.04897174 0.103225194 0.17287387 0.020136438 0.018705951 0.006190132 0.9937396 0.0047839866 0.0024351326 0.0048000067 0.0097569395 0.93536603 0.027668018 0.99912107 0.17556003 0.0033239557 0.98079026 0.0016177081 0.08783832 0.99962276 0.060048595 0.0028459744 0.0011384457 0.0899888 0.9977812 0.00053473556 0.0071815494 0.21524133 0.00014254783 0.001329138 0.56515795 5.6546185e-05 0.0012587464 0.0003316834 0.9994707 0.8637892 2.5167352e-05 3.7204303e-05 0.002105258 0.008726552 0.0016603232 0.0010139997 0.99994403 0.89448255 0.00010936756 0.37095323 0.7741993 0.2302919
0.9581157 7.3846625e-22 0.7761311 0.76018125 0.52311194 0.40205592 0.38990396 0.35124817 0.40709057 0.24080092 0.19478007 0.18070234 0.06539534 0.07245977 0.20418054 0.252453 0.030730348 0.03929373 0.024562446 0.068274364 0.0018970513 0.100414105 0.01013892 0.00045779947 0.0015631506 0.029353235 0.0031323219 0.0010676348 0.00031976475 0.00026685742 0.0026887758 0.00021492266 9.156339e-05 0.008218996 0.0100041395 0.004007472 0.0002347188 8.760166e-05 0.009942256 8.5747044e-05 8.386958e-05 0.023066841 0.05041858 0.00949002 0.0009476431 0.00763721 2.7500233e-05 0.0009081627 0.00025241685 3.0243061e-06 6.881805e-05 0.17454547 6.0825846e-07 4.95246e-05 4.2077507e-05 4.0971454e-06 0.0005352769 0.008418535 0.00220051 1.8981777e-05 0.0023876901 0.0013921064 0.0022504954 0.0011263193 1.2176423e-06 2.0585825e-05 0.033589106 1.7461243e-06 0.0054186354 2.3557945e-06 2.8665016e-05 1.0272622e-06 0.034435045 5.6029683e-05 0.00031705582 7.465493e-05 8.944965e-07 0.009772482 0.0024673042 1.3156658e-05 8.6625384e-08 0.0012074611 0.0002611811 3.2567712e-08 0.0008800809 0.00014613965 0.00041977165 0.0013073907 0.0023380793 0.00016621672 0.00025127913 0.00016624811 1.7277203e-07 1.8807233e-06 1.5258665e-06 0.002450374 0.0024808275 0.0005711927 0.00020348099 0.00040649553 0.00017793853
0.9643475 0.7761311 2.4520591e-20 0.4448231 0.18821722 0.27053493 0.4047019 0.67263436 0.15556228 0.040989067 0.17475885 0.031488154 0.00643748 0.24436845 0.69456345 0.3362337 0.12224949 0.27520838 0.09957196 0.011080781 0.0006032635 0.28477553 0.10772475 0.00015356636 0.020461053 0.2375531 0.00054560404 0.0002985719 4.2314565e-05 0.0064991266 0.018354213 4.399351e-05 0.00238363 0.026672143 0.02408206 0.015993057 0.0025838984 0.0027991233 0.028875977 0.0010917978 0.0021859396 0.0118706105 0.015603736 0.027826583 8.5434e-05 0.021219563 0.0008161808 0.0040477314 3.15632e-05 4.258706e-05 4.987336e-06 0.10143074 1.2720242e-05 0.0005763617 3.396533e-06 4.3667016e-05 0.0020884369 0.0026851883 0.009732392 0.0008791879 0.00594825 0.004646639 0.0051797917 0.0020893698 3.107371e-05 2.4934077e-06 0.08502904 7.4026816e-06 0.0019664164 1.3587972e-05 0.00012000228 2.1559022e-06 0.046570912 6.1434857e-06 5.062888e-05 8.447878e-05 1.2483356e-06 0.002956218 0.005963692 1.0735152e-05 1.89042e-07 0.001114733 0.00019217482 6.823065e-08 0.0012720091 0.00024554488 7.1278155e-05 0.0082296 0.0005030457 0.0010993696 0.0010225234 0.00010191699 8.5611426e-08 1.911443e-06 4.729705e-07 0.0027847239 0.004219281 0.0012431582 1.3931311e-05 0.0008764458 7.753062e-06
0.8880562 0.76018125 0.4448231 4.4684237e-23 0.7808492 0.17825007 0.16811857 0.50172406 0.67847514 0.0714049 0.52258503 0.49785528 0.05248367 0.13669956 0.10766499 0.1312509 0.05861141 0.049111918 0.051654972 0.09631826 0.001137623 0.055894528 0.0069032176 0.00028857967 0.0021276462 0.022111794 0.0044288887 0.0011017984 0.00018572618 0.00034518953 0.0032057113 0.00022629631 7.625016e-05 0.017374892 0.01713178 0.006067756 0.00018779688 0.0001083696 0.02359056 4.582557e-05 9.098531e-05 0.037102725 0.014584304 0.035247236 0.00025231336 0.019767191 3.712994e-05 0.0017483098 0.00029796796 2.8968752e-06 6.7324356e-05 0.032029577 1.4869619e-06 8.424715e-05 3.4397293e-05 1.9908605e-06 0.0014151344 0.013557762 0.010122142 4.7555128e-05 0.015694354 0.0047181407 0.0049743997 0.0024374234 4.688007e-06 1.8462308e-05 0.0073373416 4.840323e-06 0.0056341244 1.5477123e-06 0.0002177435 8.2390187e-07 0.004107347 1.7900751e-05 0.00031674 0.00015016258 5.8834013e-07 0.0011154698 0.0076403017 1.6247977e-05 3.98802e-08 0.0013883245 0.00019720792 2.7824356e-08 0.0010510612 0.00011827991 0.0003476677 0.00045546642 0.0008217511 0.0008402898 0.0009137793 5.7939396e-05 1.2182363e-07 1.4992819e-06 6.04815e-07 0.0004261916 0.00041596012 0.0020623466 9.141993e-05 0.00017993407 2.5724454e-05
0.8224087 0.52311194 0.18821722 0.7808492 1.01764784e-23 0.12990445 0.13363811 0.35073325 0.7854461 0.07268454 0.63857853 0.69990516 0.078928985 0.116728514 0.052546382 0.07856411 0.039932437 0.026645876 0.04038623 0.16882467 0.0014914065 0.029265838 0.004435977 0.00033665774 0.001152917 0.009639637 0.006201912 0.0010263502 0.00017022774 0.0002095687 0.0030300426 0.0004939272 4.1077306e-05 0.016370917 0.017414514 0.006063623 0.00010424298 4.7090736e-05 0.029052528 2.8472665e-05 4.8169226e-05 0.071227744 0.00893385 0.04936463 0.00011892791 0.025296729 5.524225e-05 0.0011200215 0.00025908728 1.168717e-06 5.134874e-05 0.01867625 6.878383e-06 8.6186796e-05 5.7591344e-05 2.1997048e-06 0.0012169748 0.018051485 0.010687617 4.7031626e-05 0.025722899 0.004090764 0.0042647296 0.0020459206 8.903896e-06 7.638298e-05 0.0038456763 1.6914917e-06 0.0077725076 6.889869e-07 0.000218323 2.5694294e-07 0.002057034 1.7463415e-05 0.00046285032 0.00016345324 1.5587082e-07 0.0010264501 0.008013628 1.8955943e-05 8.981122e-09 0.001585369 0.00020916277 1.0065212e-08 0.0010979373 0.000113246664 0.00060699467 0.00033718115 0.0007773 0.0005245439 0.000911316 0.00010110796 9.962385e-08 5.9757605e-07 1.7175389e-06 0.0003473407 0.00016398457 0.0029530693 3.771087e-05 0.00013398741 1.1513391e-05
0.97135717 0.40205592 0.27053493 0.17825007 0.12990445 3.852733e-20 0.8690646 0.09896949 0.07855723 0.4378168 0.024346542 0.040300384 0.14413543 0.033272434 0.20807487 0.41048443 0.019048434 0.060613025 0.016899722 0.058909338 0.02215488 0.103103586 0.036079437 0.0059446413 0.008856252 0.04393565 0.008990906 0.0031431408 0.0032666028 0.00340265 0.006331765 0.0012618045 0.0020114921 0.0028792869 0.005486306 0.005314288 0.0028099301 0.001916047 0.0027561372 0.0014978849 0.0013591914 0.010383672 0.10709481 0.0018166839 0.0027792694 0.0015705352 0.00037142652 0.00055646803 0.0011732812 0.00012731427 0.0010856537 0.33819997 1.4741715e-05 0.00012117829 0.00043955413 4.9251932e-05 0.00038721363 0.0024263097 0.00052429386 6.0309118e-05 0.0002969306 0.0003851872 0.0006649686 0.00052087725 3.6955917e-05 3.077015e-05 0.0863776 1.6014927e-05 0.0027106681 1.2830099e-05 5.9125156e-05 2.279518e-06 0.08239727 0.00010010599 0.00046396672 3.7055263e-05 2.170268e-06 0.028712131 0.00060753844 2.580544e-05 7.5433064e-07 0.00074280205 9.436358e-05 4.425972e-07 0.00049923046 0.00013982109 0.0010469175 0.0036783803 0.0030331013 0.00028603588 0.00055105134 0.00038053264 6.910637e-07 1.9101282e-05 3.2377382e-06 0.010105359 0.0008837534 0.0024601098 0.0005914709 0.00036937965 0.00028754838
0.9363991 0.38990396 0.4047019 0.16811857 0.13363811 0.8690646 5.7071023e-21 0.13284785 0.076117165 0.20368305 0.035754997 0.043535747 0.08284472 0.05579665 0.2917362 0.44104517 0.034103736 0.09767325 0.034785997 0.057932768 0.013616246 0.12070783 0.086882435 0.0034531334 0.02142898 0.1209173 0.0047776513 0.0019792805 0.001349642 0.005748941 0.011357303 0.000987908 0.0016949546 0.008336258 0.011354643 0.008687578 0.00326774 0.0016444075 0.008132125 0.00120562 0.00091088674 0.0102865985 0.05695705 0.0039684474 0.0012018101 0.002552272 0.00039118566 0.00058151444 0.0005907342 6.56456e-05 0.0006486457 0.2288752 6.493067e-06 7.827299e-05 5.3949905e-05 5.874484e-06 0.0002684886 0.0021784808 0.00083590223 6.530106e-05 0.00044172292 0.00044017163 0.00059780583 0.000378578 1.4196952e-05 1.1093808e-05 0.10297604 7.33789e-06 0.0016230827 5.4378406e-06 4.13502e-05 7.747582e-07 0.082454905 1.5745318e-05 7.696268e-05 1.6479768e-05 3.766889e-07 0.014333903 0.00062024384 5.148758e-06 2.1272773e-07 0.0007028883 5.3112733e-05 1.9799418e-07 0.0005661545 6.591516e-05 0.0003744073 0.004804082 0.001206157 0.00012221563 0.000272569 8.528064e-05 6.923299e-08 2.7108308e-06 7.049546e-07 0.011796224 0.0012513597 0.0040605227 0.00021644455 0.00024336096 1.0247784e-05
0.84678715 0.35124817 0.67263436 0.50172406 0.35073325 0.09896949 0.13284785 3.5013708e-23 0.40593657 0.012493116 0.7796613 0.22499752 0.003329038 0.8261162 0.16841844 0.11366666 0.5048364 0.31796086 0.381551 0.009062369 3.906138e-05 0.101313725 0.045799896 6.674525e-06 0.00951859 0.069670014 0.00022036755 0.00021014008 3.8088408e-06 0.0026077253 0.01902755 3.1412572e-05 0.0010534661 0.07604806 0.04778352 0.022538662 0.0015743823 0.001123342 0.1015667 0.00071337726 0.000758071 0.023142045 0.004056817 0.14093257 1.10079045e-05 0.044730023 0.00043062426 0.0047943224 3.7017874e-06 1.1946108e-05 1.0136341e-06 0.011784598 2.1628844e-05 0.0008416805 2.0929804e-06 1.6430868e-05 0.0043357993 0.0078005996 0.0395713 0.0007130841 0.052543487 0.012607966 0.012083067 0.0054902597 8.061506e-05 8.543535e-06 0.009037913 5.464546e-06 0.0027520685 6.6921225e-06 0.00073342695 3.116987e-07 0.0028876741 9.2268884e-08 4.6007208e-05 0.0002699997 2.4626635e-07 0.0004974936 0.020504676 1.0028568e-05 1.2506806e-08 0.00075181597 0.00020840236 7.1499615e-09 0.000954238 0.00061518967 5.8038382e-05 0.0015476814 0.00013951726 0.00252433 0.002769099 0.00016298876 2.31302e-08 1.5900878e-07 2.0250208e-07 0.00046131632 0.0006899559 0.0035599524 3.5667845e-06 0.0002606138 5.1822786e-07
0.53949803 0.40709057 0.15556228 0.67847514 0.7854461 0.07855723 0.076117165 0.40593657 8.293099e-25 0.033674255 0.8386997 0.82203054 0.08572944 0.18578355 0.045908716 0.06149887 0.06320686 0.032508984 0.053973936 0.17940457 0.002653643 0.026033396 0.005915973 0.0005005023 0.0022423225 0.00713803 0.0067045614 0.001592296 0.0006284354 0.0003534747 0.0029173626 0.0005742473 5.7431676e-05 0.025688443 0.02667161 0.0059054885 0.00025982587 6.888693e-05 0.034000985 4.815834e-05 4.564182e-05 0.07777057 0.008331974 0.058334254 0.00027028105 0.026491707 0.00012952677 0.0009365429 0.00034416147 4.585685e-06 0.0001710737 0.010635294 1.38473315e-05 0.00010640457 0.00010175626 5.423955e-06 0.001072454 0.033985093 0.020118898 3.3894936e-05 0.03401627 0.007897038 0.007756993 0.0025892633 1.9120565e-05 0.00020662798 0.002309333 3.1932805e-06 0.018197056 3.816855e-06 0.00017653107 2.3348005e-07 0.0009780566 3.4220026e-05 0.0009923574 0.00020616915 1.3856763e-07 0.0006647173 0.018619897 2.0860945e-05 1.7604453e-08 0.0034545183 0.00022220566 2.8639178e-08 0.0021686275 0.00016099174 0.0010499902 0.0004932053 0.0007522062 0.0010598818 0.0016203274 0.00013167008 1.2374596e-07 1.5771909e-06 4.2426027e-06 0.0004223905 0.00014862431 0.004829308 6.5931075e-05 0.00023423981 2.2121052e-05
0.9370369 0.24080092 0.040989067 0.0714049 0.07268454 0.4378168 0.20368305 0.012493116 0.033674255 1.7617992e-19 0.013444778 0.034764037 0.7110585 0.005632045 0.045421124 0.2881464 0.0032371643 0.0005747889 0.00134302 0.17818762 0.34325567 0.024916679 0.0011187672 0.17352688 0.0002299139 0.0017179012 0.112783775 0.20250401 0.21782112 4.4288056e-05 4.4388777e-05 0.21878214 1.3865899e-05 0.00059838593 0.00031993983 5.3741427e-05 2.4052053e-05 1.7703525e-05 0.0005838959 8.14278e-06 1.5128871e-05 0.031610925 0.6853753 0.0003041438 0.046560653 0.00013084617 1.1852726e-05 1.4308301e-05 0.027462004 6.653981e-07 0.022998802 0.7339832 1.02650866e-07 6.6934954e-06 0.0048905485 4.0574548e-07 2.3770728e-05 0.004055492 0.0003204724 1.8868622e-06 5.679328e-05 0.00011808143 0.00021817003 7.810849e-05 6.960382e-07 0.0015334882 0.024629075 2.2302947e-07 0.006383483 4.7356625e-07 2.7094131e-05 1.3715024e-07 0.09709825 0.0011245118 0.0034616222 3.8823437e-05 1.1712112e-07 0.31902018 0.00021148848 2.205556e-05 2.2770166e-08 0.0021392698 0.00010018928 1.1290534e-08 0.0003547007 4.1904867e-05 0.0024612902 0.0005076295 0.07030436 6.496811e-05 0.00018582717 4.1273335e-05 1.9136178e-07 1.23271175e-05 0.00017295263 0.019628428 0.00015826394 0.0001753455 0.013304892 8.243901e-05 0.0063891653
0.27737 0.19478007 0.17475885 0.52258503 0.63857853 0.024346542 0.035754997 0.7796613 0.8386997 0.013444778 2.0135443e-25 0.7631556 0.024662929 0.57030064 0.03707756 0.029995369 0.21096751 0.04214989 0.16629325 0.063921854 0.0010936772 0.022293132 0.009777684 0.0002299878 0.004034274 0.009241359 0.0016745233 0.0008113846 0.00042201282 0.0012619881 0.0062929876 0.00023839257 0.00020127573 0.08097262 0.06627708 0.014888876 0.00047839608 0.0003180103 0.08551875 7.729427e-05 0.00018303623 0.050053697 0.0052773915 0.16716473 0.00012044335 0.04614157 0.00021699266 0.0020952984 0.00013982844 1.1780489e-05 0.00010830038 0.0038092302 1.790818e-05 0.00019882516 2.5653895e-05 1.3682821e-05 0.0017231575 0.04006577 0.058843855 4.3292832e-05 0.05309368 0.018124677 0.018346747 0.0035683054 3.946333e-05 0.0001313792 0.0015043599 8.940697e-06 0.019353433 8.355419e-06 0.0003907591 4.1606876e-07 0.0004527573 3.3164197e-06 0.00066748913 0.0003031586 3.665042e-07 0.00023299592 0.035013203 1.888231e-05 1.08904445e-07 0.004419604 0.00015819664 6.085889e-08 0.003467895 0.00014578832 0.00063394505 0.00030639212 0.00048676852 0.0027172305 0.003753558 4.116048e-05 1.978764e-07 8.129073e-07 8.85281e-07 0.00030944817 0.00033545078 0.005150969 1.0614354e-05 0.0002940613 2.608117e-06
0.5747939 0.18070234 0.031488154 0.49785528 0.69990516 0.040300384 0.043535747 0.22499752 0.82203054 0.034764037 0.7631556 1.3413104e-24 0.37906745 0.07595992 0.017237764 0.029434215 0.028452411 0.0067612547 0.01943861 0.6908954 0.040516485 0.009631017 0.001073023 0.005611803 0.0005590492 0.0017754436 0.06639767 0.00076468696 0.00070282957 9.8923025e-05 0.00080174324 0.000719341 1.5985936e-05 0.011602171 0.009315634 0.0021705434 5.353992e-05 2.1346974e-05 0.018308382 1.3612578e-05 1.2971225e-05 0.38588578 0.006013748 0.04413674 0.00030566045 0.007862181 2.687408e-05 0.00023403729 0.00029414176 3.0000737e-07 0.00024810308 0.0067393705 2.9407806e-06 1.7709266e-05 5.8403897e-05 1.7309296e-07 0.00029227915 0.074978866 0.00906638 4.098259e-06 0.018239962 0.0032007047 0.0030830202 0.00083513727 2.917937e-06 0.0001797466 0.0008238218 4.4823568e-07 0.026580973 1.546835e-07 8.225672e-05 3.019902e-08 0.00033630396 3.677138e-05 0.0026513918 7.201211e-05 2.6297984e-08 0.0005298108 0.011891199 3.9391643e-06 1.1657025e-08 0.0052804356 7.742899e-05 5.995717e-09 0.0031054008 3.844523e-05 0.00160392 0.00012407172 0.0008741136 0.0001477615 0.0004697992 6.8114314e-05 4.7358636e-08 2.920912e-07 5.2982637e-06 0.000316992 9.129422e-05 0.0033058021 3.1335705e-05 9.9711535e-05 2.1512062e-05
0.90532744 0.06539534 0.00643748 0.05248367 0.078928985 0.14413543 0.08284472 0.003329038 0.08572944 0.7110585 0.024662929 0.37906745 4.394305e-21 0.0009792012 0.016433666 0.06014997 0.00052121567 4.5815035e-05 0.00024241519 0.7725446 0.7084104 0.010337565 1.5861122e-05 0.5600352 5.0833414e-06 0.00013280686 0.6430106 0.09240099 0.31908837 5.6127016e-07 1.5547437e-06 0.09442553 1.7483127e-07 0.00010687788 4.0280112e-05 5.1257957e-06 9.1724365e-07 4.1010057e-07 0.0001354757 5.240102e-07 9.5318825e-08 0.23216525 0.33508596 0.0002498659 0.05701193 0.00011144948 4.0608984e-06 2.327856e-06 0.0064795977 1.937687e-08 0.007011921 0.28273597 2.8449874e-08 4.2267817e-07 0.0017050297 1.9611523e-08 1.5273246e-05 0.041481983 0.00034779453 6.021113e-07 6.434632e-05 0.00016884698 0.0005852076 0.00021163536 9.0487866e-08 0.004240542 0.0015423204 2.2909059e-07 0.03398612 4.97056e-08 8.669183e-06 8.822581e-08 0.0031538014 0.0018031507 0.020218266 7.918111e-06 9.636555e-08 0.055856228 0.00010737573 2.96572e-06 2.2567644e-08 0.0046633263 4.36743e-05 2.6344825e-08 0.0008122316 6.2703366e-05 0.0068059713 5.9666695e-06 0.009453378 5.597966e-06 6.342429e-05 2.9306806e-05 1.94272e-08 6.5626386e-07 0.0009870667 0.0005249901 0.00015136645 5.9457805e-05 0.0018146347 2.250213e-05 0.0014189433
0.62131244 0.07245977 0.24436845 0.13669956 0.116728514 0.033272434 0.05579665 0.8261162 0.18578355 0.005632045 0.57030064 0.07595992 0.0009792012 5.3500614e-24 0.09148558 0.05490229 0.87415177 0.36698964 0.69389755 0.0040109665 5.1827978e-05 0.05767423 0.04323867 1.162906e-05 0.011268586 0.045044534 0.00016596915 0.00022958261 5.2876435e-06 0.008136446 0.055437636 7.192844e-05 0.005096302 0.17509662 0.11375894 0.051365793 0.0021286367 0.0031459343 0.2157671 0.00082984817 0.0019451244 0.013652714 0.003020353 0.25067672 1.1300181e-05 0.08840116 0.000646271 0.0111322 3.313925e-06 5.2859872e-05 5.3955227e-06 0.005641323 0.00011101042 0.00248937 3.9911515e-06 0.000139055 0.00861228 0.0075235683 0.05801584 0.00041461 0.06720168 0.01932114 0.017911889 0.008777905 0.00012938357 2.2329148e-05 0.004205634 1.939968e-05 0.0024072458 3.1839132e-05 0.0018379758 4.792929e-07 0.00083493895 2.6081204e-07 3.607495e-05 0.0008537332 4.304339e-07 0.00034797465 0.02910292 3.5221772e-05 3.7405e-08 0.0006015222 0.00051192107 1.9540098e-08 0.0013295253 0.0012755751 2.7819437e-05 0.0011629983 0.0002147536 0.0037786942 0.0036104142 0.0002924141 4.425877e-08 3.4824106e-07 7.2121856e-07 0.00032068152 0.0005323525 0.003218309 1.4079394e-05 0.00061225233 1.5965373e-06
0.95475036 0.20418054 0.69456345 0.10766499 0.052546382 0.20807487 0.2917362 0.16841844 0.045908716 0.045421124 0.03707756 0.017237764 0.016433666 0.09148558 1.9713159e-19 0.77872926 0.0687512 0.23324133 0.057337336 0.011126978 0.0027492396 0.8172964 0.30406815 0.0007632896 0.09341548 0.44416788 0.0006860718 0.002569088 0.00061581953 0.023736656 0.017653614 0.0012429111 0.015479745 0.010794774 0.01144574 0.009243126 0.02440923 0.009212954 0.008169553 0.009071617 0.0055517545 0.004242439 0.027138466 0.0041573844 0.0010777183 0.0042975512 0.008271665 0.0014509201 0.0006672654 0.0011624849 0.0008621339 0.15337184 0.00015705747 0.0004111915 0.00021476284 0.00026188017 0.0005578514 0.0022000952 0.0011863012 0.0014776392 0.00029497326 0.0007850912 0.0011265352 0.00090760516 0.00070399715 0.0001131111 0.3840977 0.00020488883 0.0010653692 0.0004168729 0.0002163364 6.1928244e-05 0.2386711 0.00011592338 8.262278e-05 0.00015774467 5.650829e-05 0.025645673 0.0010830101 5.1421364e-05 2.1932605e-05 0.0010075172 0.00030621307 2.5894931e-05 0.0006897206 0.000308799 0.00089759636 0.053566575 0.0028822098 0.00089771923 0.0013332873 0.0006171918 2.510092e-06 4.972388e-05 1.2460892e-05 0.06935128 0.005137446 0.010635781 0.0003094644 0.003156606 3.5802612e-05
0.9893839 0.252453 0.3362337 0.1312509 0.07856411 0.41048443 0.44104517 0.11366666 0.06149887 0.2881464 0.029995369 0.029434215 0.06014997 0.05490229 0.77872926 1.6316923e-20 0.03968008 0.089618176 0.03339842 0.019310903 0.010762867 0.40448955 0.10223692 0.0038899137 0.04293672 0.12801228 0.002866686 0.0056956653 0.0027185667 0.008195609 0.005519889 0.0029604007 0.004130328 0.005149044 0.0060080183 0.0042294413 0.008215137 0.0027896443 0.004041471 0.0037620084 0.0018347106 0.0046153553 0.13772364 0.0013403343 0.0027242636 0.0014825696 0.0012487305 0.00029747706 0.0021033578 0.00022870999 0.0023987058 0.5939683 1.609172e-05 8.4545194e-05 0.00019533801 3.032426e-05 0.00019449131 0.0016791081 0.0005957859 0.00022505921 0.00023704526 0.0004401624 0.00059111055 0.0002582047 9.251822e-05 0.00010909588 0.32847524 1.9221066e-05 0.0017996505 0.00011933623 3.5871206e-05 3.7445193e-06 0.40720966 0.00024120358 0.00010768389 4.9905502e-05 4.2552897e-06 0.12665512 0.0009098619 3.155784e-05 1.5797018e-06 0.0011801496 9.206528e-05 1.6779842e-06 0.0006670641 0.000120122495 0.0006505672 0.02909674 0.0064252866 0.00059079437 0.0005620603 0.00016522674 7.904707e-07 2.9143148e-05 7.2451217e-06 0.10758921 0.0023062795 0.0037370867 0.0012549198 0.00087814045 0.00048798032
0.48006517 0.030730348 0.12224949 0.05861141 0.039932437 0.019048434 0.034103736 0.5048364 0.06320686 0.0032371643 0.21096751 0.028452411 0.00052121567 0.87415177 0.0687512 0.03968008 3.767758e-24 0.44622165 0.83219135 0.0027105906 0.0001091981 0.05135688 0.060032103 2.1693502e-05 0.031352494 0.05981064 0.00020347962 0.00016633882 6.527911e-06 0.047401004 0.17083825 6.622726e-05 0.022475742 0.24697691 0.24762642 0.13549688 0.007880877 0.022211313 0.23492758 0.002650215 0.013494046 0.010266772 0.0024575375 0.21937978 8.788312e-06 0.12008718 0.0017535605 0.04261465 3.5551222e-06 0.00035049106 1.2121372e-05 0.0036654496 0.0003226734 0.010220593 5.9871663e-06 0.0011373783 0.025522958 0.01107399 0.045288473 0.0005712597 0.03817778 0.015176597 0.02068069 0.01565268 0.0001609093 2.4333181e-05 0.0031708167 0.0003027212 0.0020118114 0.00010554541 0.0048775165 2.182161e-05 0.00060573407 8.349194e-07 6.4354914e-05 0.0031539386 1.5276217e-05 0.00012575962 0.021864144 0.00017211692 9.715206e-07 0.00049677695 0.0019460588 3.1039616e-07 0.0014265606 0.0037684883 1.8602283e-05 0.001362615 0.00025474204 0.004125002 0.0037333376 0.0008722658 4.764678e-07 4.576986e-06 3.9716824e-07 0.00023642844 0.0007414703 0.0023052415 2.924647e-05 0.0009921029 4.687609e-06
0.9493294 0.03929373 0.27520838 0.049111918 0.026645876 0.060613025 0.09767325 0.31796086 0.032508984 0.0005747889 0.04214989 0.0067612547 4.5815035e-05 0.36698964 0.23324133 0.089618176 0.44622165 3.455294e-20 0.5933591 0.00043866946 1.6012806e-05 0.277259 0.5192817 2.3374462e-06 0.43733698 0.40034518 4.6231453e-06 7.524476e-05 5.7596606e-07 0.72144973 0.6015485 6.4943674e-06 0.57894516 0.14462368 0.24587706 0.37387508 0.2082946 0.4933281 0.11100086 0.15493411 0.40820754 0.0015109949 0.0044903415 0.039774965 1.8116994e-05 0.14715011 0.06651698 0.10980929 7.9864526e-07 0.02097106 6.351502e-07 0.017861873 0.008766176 0.093440734 1.0922289e-06 0.12303409 0.05139771 0.0016100454 0.025138251 0.03862037 0.002113612 0.013807128 0.02759094 0.034511697 0.0046036993 2.2036847e-05 0.057089582 0.0008528674 0.0006256518 0.0016576367 0.0137454495 0.00019066966 0.012904722 2.851167e-06 1.7424589e-05 0.010847265 0.00014090468 0.0006956381 0.0012505585 0.0011442564 1.2286638e-05 0.00016116332 0.0095403055 1.0730289e-05 0.000354702 0.0070105563 1.0091283e-05 0.03128282 0.00034831266 0.0024696137 0.00081834215 0.003600403 1.18361095e-05 6.9364214e-05 1.4398403e-06 0.0013381018 0.018177127 0.0003185342 1.4877314e-05 0.008778453 2.950572e-05
0.63301295 0.024562446 0.09957196 0.051654972 0.04038623 0.016899722 0.034785997 0.381551 0.053973936 0.00134302 0.16629325 0.01943861 0.00024241519 0.69389755 0.057337336 0.03339842 0.83219135 0.5933591 9.32686e-23 0.0012088327 9.8649536e-05 0.05354332 0.082929224 3.1835243e-05 0.04876962 0.07316348 0.00010028344 0.00011718419 2.2897452e-06 0.15601692 0.51842374 3.149437e-05 0.07265018 0.41402936 0.5067394 0.41227946 0.01611369 0.07089541 0.35778728 0.0069070244 0.04188716 0.0071857623 0.0018965293 0.22659913 6.021369e-06 0.2477808 0.0041718255 0.10033185 2.486621e-06 0.0010517165 4.496651e-06 0.00281983 0.00058370683 0.029647687 5.635843e-06 0.0026281895 0.05399548 0.010174769 0.04923214 0.0023104213 0.029839156 0.019190857 0.032343138 0.031583346 0.00033696543 2.3185119e-05 0.0031480563 0.00062584993 0.0014235856 0.00031673728 0.0070427433 0.00011274836 0.00057569135 1.0329088e-06 3.7961217e-05 0.0045117587 9.2401555e-05 0.00010645055 0.014765721 0.00032656261 6.0519556e-06 0.00030990507 0.0032585845 1.8037406e-06 0.00076604605 0.006364305 1.7239776e-05 0.0022652077 0.0002033675 0.0045246272 0.0033607343 0.0014134573 1.2185146e-06 8.8918205e-06 3.7617443e-07 0.00035394344 0.001902607 0.0016280698 2.1314163e-05 0.0014387416 5.900981e-06
0.49098387 0.068274364 0.011080781 0.09631826 0.16882467 0.058909338 0.057932768 0.009062369 0.17940457 0.17818762 0.063921854 0.6908954 0.7725446 0.0040109665 0.011126978 0.019310903 0.0027105906 0.00043866946 0.0012088327 1.224497e-22 0.6019188 0.0063113095 0.00012583808 0.3977242 0.0001101461 0.0003476544 0.8549173 0.010730864 0.053547304 2.2449081e-05 4.3748085e-05 0.013243413 3.1629745e-06 0.0006334788 0.0004260776 0.00013151346 3.959146e-05 4.7139197e-06 0.00063688407 8.850155e-06 1.4098209e-06 0.6842877 0.028141692 0.001383067 0.0090006 0.0004973257 6.7008186e-05 1.0357651e-05 0.0017058096 2.8363985e-07 0.002584549 0.018958747 2.6364633e-06 1.5656427e-06 0.0006193634 5.3042726e-07 2.6523856e-05 0.18006073 0.0009869536 2.9799182e-06 0.0016749874 0.00047529378 0.0007903996 0.00022340534 6.56673e-06 0.0018465065 0.000543935 1.6527526e-06 0.078843735 4.150859e-07 1.5727353e-05 1.876793e-07 0.0004492408 0.00049075787 0.028394248 4.298424e-05 3.3697617e-07 0.0032695946 0.0012459527 2.171792e-06 1.2204306e-07 0.014276824 9.114284e-05 2.8397955e-07 0.0033449656 5.6630648e-05 0.013096283 3.889162e-05 0.0029403095 1.2346671e-05 9.1606096e-05 5.8734564e-05 4.8358235e-08 3.7323102e-07 0.00081011973 0.00082593516 0.00015890821 0.0015591433 0.00043620795 0.00023814147 0.00026929693
0.60822034 0.0018970513 0.0006032635 0.001137623 0.0014914065 0.02215488 0.013616246 3.906138e-05 0.002653643 0.34325567 0.0010936772 0.040516485 0.7084104 5.1827978e-05 0.0027492396 0.010762867 0.0001091981 1.6012806e-05 9.8649536e-05 0.6019188 1.3683095e-22 0.0020166503 1.2273685e-05 0.87885225 2.1999074e-05 0.00017837246 0.7767574 0.14714935 0.5223891 1.2998859e-06 1.5344089e-06 0.13614503 4.9202123e-07 3.2866952e-05 3.428604e-05 5.0541876e-06 8.167487e-06 7.826171e-07 4.7067886e-05 4.6477107e-06 3.5660682e-07 0.15594856 0.21585506 6.605751e-05 0.23382054 4.494805e-05 1.2346342e-05 2.9156868e-06 0.020859962 1.6282306e-07 0.012128038 0.091207094 7.5894377e-07 1.3897213e-06 0.0146546 4.4567992e-07 4.4881017e-05 0.014399126 0.00011571496 7.3763357e-07 5.2572877e-06 0.000121870646 0.00028197913 0.0002780913 1.6922226e-06 0.030721292 0.00053970056 1.2145382e-05 0.0073940926 3.9978595e-08 0.00015613767 2.6218441e-07 0.00054767233 0.002094696 0.007337355 0.00013149314 4.5832033e-07 0.014477413 0.00011042746 5.2493674e-06 3.2459436e-08 0.00066307996 0.00017000045 6.8066875e-08 6.7559246e-05 0.00013582577 0.0017505878 7.839494e-06 0.0026552759 3.8898852e-05 8.7811364e-05 5.235581e-05 4.718561e-08 6.401219e-07 0.004559947 0.0004855128 6.9436323e-06 1.729844e-05 0.00044629237 1.7013694e-05 0.0012991095
0.9799659 0.100414105 0.28477553 0.055894528 0.029265838 0.103103586 0.12070783 0.101313725 0.026033396 0.024916679 0.022293132 0.009631017 0.010337565 0.05767423 0.8172964 0.40448955 0.05135688 0.277259 0.05354332 0.0063113095 0.0020166503 3.87669e-20 0.38146493 0.00037924835 0.18952672 0.60249776 0.00039518488 0.0019200427 0.00033400886 0.054860424 0.023078838 0.00042001688 0.053988684 0.0077916663 0.01061317 0.011181277 0.081316404 0.028376415 0.0058726696 0.061514046 0.014540855 0.0030893658 0.025349254 0.0025366922 0.0004258889 0.004001764 0.03990857 0.0016621435 0.00020943621 0.0057507125 8.5100924e-05 0.13861796 0.0019897693 0.0010581109 2.393579e-05 0.0021121649 0.001253763 0.0029207936 0.0008875919 0.005692397 0.0003583426 0.00068008516 0.0010960596 0.0014109118 0.0011224252 4.701737e-05 0.5612415 0.0006077172 0.00038978452 0.0005485832 0.00041254383 4.82282e-05 0.3896542 2.1738588e-05 1.42995705e-05 0.00027182634 3.577493e-05 0.041773662 0.0013634171 0.00010810205 9.088086e-06 0.00036737 0.0004122599 8.123675e-06 0.0007047996 0.00058172294 0.00013888867 0.12257805 0.00097415474 0.0009004661 0.0008857337 0.0002930931 2.752441e-06 3.8050377e-05 4.025363e-06 0.14884067 0.008343778 0.0073681246 3.3509925e-05 0.0045351465 3.4930963e-06
0.9799835 0.01013892 0.10772475 0.0069032176 0.004435977 0.036079437 0.086882435 0.045799896 0.005915973 0.0011187672 0.009777684 0.001073023 1.5861122e-05 0.04323867 0.30406815 0.10223692 0.060032103 0.5192817 0.082929224 0.00012583808 1.2273685e-05 0.38146493 1.1237411e-18 4.227864e-06 0.74311435 0.7124203 1.4457329e-05 9.925992e-05 1.8806821e-06 0.26514882 0.12670858 1.6977889e-05 0.35861117 0.018945811 0.038284436 0.06735157 0.36342385 0.15503035 0.021134306 0.27083868 0.12211358 0.00022577659 0.0073761963 0.0029107803 6.969117e-05 0.03805317 0.29954582 0.031939935 5.9499407e-06 0.0956473 3.2633097e-06 0.049886677 0.06855983 0.028883291 6.439693e-06 0.06639968 0.015309699 0.0004566847 0.002150757 0.17297062 0.00020660256 0.002628346 0.0052983626 0.007664235 0.028366648 1.2107576e-05 0.25549972 0.0028257892 0.0004744827 0.0101104295 0.0027931952 0.00075434265 0.06815705 2.6550402e-05 2.2339755e-05 0.0034641004 0.0007307795 0.002342674 0.00016344762 0.0024089108 0.00023880853 0.00012937504 0.0038518996 0.00020161732 0.00021715184 0.002523336 2.489683e-05 0.10353973 0.00025269625 0.00040388235 0.00035573795 0.0038546668 0.00013876779 0.00037280645 3.809331e-06 0.006180214 0.045150757 0.0007062378 7.732689e-06 0.016448993 3.9366878e-05
0.42875564 0.00045779947 0.00015356636 0.00028857967 0.00033665774 0.0059446413 0.0034531334 6.674525e-06 0.0005005023 0.17352688 0.0002299878 0.005611803 0.5600352 1.162906e-05 0.0007632896 0.0038899137 2.1693502e-05 2.3374462e-06 3.1835243e-05 0.3977242 0.87885225 0.00037924835 4.227864e-06 1.0909406e-22 1.1293846e-05 6.819654e-05 0.83313185 0.1815141 0.7158967 1.0678813e-06 8.7875526e-07 0.16345531 2.7400046e-07 9.558919e-06 7.262104e-06 3.1166735e-06 5.314093e-06 3.7794575e-07 1.5730307e-05 2.6007006e-06 1.909458e-07 0.09825112 0.16038893 2.835452e-05 0.51866746 1.323294e-05 7.46035e-06 1.669924e-06 0.060639024 8.891913e-08 0.016185213 0.042552225 4.2735724e-07 4.6535632e-07 0.05878723 1.3658455e-07 1.2404492e-05 0.008252234 7.257601e-05 7.342093e-07 8.348036e-06 9.3058356e-05 0.00021832134 0.00012464644 2.1055732e-06 0.072484955 0.00035058032 5.901324e-06 0.004529914 6.0385396e-08 6.0721002e-05 4.5632436e-08 0.0002894992 0.0035313175 0.0073481044 4.2212425e-05 5.283036e-08 0.0069736955 0.00012523767 1.8682027e-06 8.900088e-09 0.00036354634 5.112855e-05 8.231283e-09 4.9928585e-05 4.686896e-05 0.0013218662 1.2103743e-05 0.0022637728 5.9940994e-05 0.00018112615 1.6117478e-05 4.7181558e-08 2.7447436e-07 0.008187523 0.00039088324 1.4446641e-06 1.5306447e-05 0.0004812407 3.4728043e-06 0.0037664725
0.93822753 0.0015631506 0.020461053 0.0021276462 0.001152917 0.008856252 0.02142898 0.00951859 0.0022423225 0.0002299139 0.004034274 0.0005590492 5.0833414e-06 0.011268586 0.09341548 0.04293672 0.031352494 0.43733698 0.04876962 0.0001101461 2.1999074e-05 0.18952672 0.74311435 1.1293846e-05 4.3403645e-19 0.48556802 1.9577208e-05 7.479668e-05 2.0054458e-06 0.41002187 0.12102112 8.855727e-06 0.521466 0.011959162 0.032440696 0.053389803 0.66200006 0.29841256 0.0096313795 0.515897 0.17550237 0.00046306296 0.0028068596 0.00084350735 0.00012867172 0.024792563 0.21602775 0.03624231 8.474721e-06 0.13601409 3.0737133e-06 0.010361451 0.08375329 0.031276535 2.9755634e-05 0.1086656 0.014363427 0.0018659703 0.0008521971 0.13820268 5.1296713e-05 0.0015182684 0.003269841 0.0055647627 0.031260785 4.7214216e-05 0.07377321 0.0053774803 0.0007116893 0.012239023 0.0031390083 0.0014721801 0.013279546 4.1267507e-05 7.304463e-05 0.0029359988 0.0013322826 0.000287428 0.00022550997 0.0051596737 0.00033618437 0.00023767294 0.0040681376 0.0002775352 0.00023099541 0.002634209 3.4643086e-05 0.07488188 6.178065e-05 0.00096021645 0.00078960997 0.0064933803 0.0006432283 0.0012837497 3.407844e-06 0.0022554214 0.034632713 0.00034934678 2.9175949e-06 0.014314663 4.1033458e-05
0.9848588 0.029353235 0.2375531 0.022111794 0.009639637 0.04393565 0.1209173 0.069670014 0.00713803 0.0017179012 0.009241359 0.0017754436 0.00013280686 0.045044534 0.44416788 0.12801228 0.05981064 0.40034518 0.07316348 0.0003476544 0.00017837246 0.60249776 0.7124203 6.819654e-05 0.48556802 1.0212092e-17 5.3392097e-05 0.00026409578 1.2598727e-05 0.1888649 0.065291256 7.59342e-05 0.1934963 0.00831515 0.022148011 0.029967843 0.36630806 0.09352144 0.006167376 0.30915755 0.058739457 0.00041024009 0.011816847 0.0005722876 0.00018118887 0.005115485 0.482866 0.007204199 6.027439e-05 0.08434308 4.0442854e-05 0.09089114 0.12206732 0.0054052933 4.0192695e-05 0.029757513 0.0031298373 0.0006673596 0.0010780675 0.18476295 0.0001818087 0.00066678866 0.0022405642 0.0026528677 0.05136585 0.00052608195 0.5839155 0.0069833114 0.0008947462 0.023734108 0.0007410271 0.0012051527 0.23763007 5.347297e-05 3.450727e-05 0.00079557835 0.00138784 0.013889598 0.0004385944 0.0014639765 0.0006852355 8.7363056e-05 0.0006947137 0.0007066869 0.0003820963 0.0004807432 4.7879865e-05 0.26603726 0.00087346986 0.00071585935 0.000569272 0.0006750985 6.0979593e-05 8.02644e-05 1.6016058e-05 0.061636083 0.050987206 0.0024994859 1.427548e-05 0.026719281 7.1103505e-06
0.28372884 0.0031323219 0.00054560404 0.0044288887 0.006201912 0.008990906 0.0047776513 0.00022036755 0.0067045614 0.112783775 0.0016745233 0.06639767 0.6430106 0.00016596915 0.0006860718 0.002866686 0.00020347962 4.6231453e-06 0.00010028344 0.8549173 0.7767574 0.00039518488 1.4457329e-05 0.83313185 1.9577208e-05 5.3392097e-05 2.142992e-23 0.04299431 0.43899202 2.2283762e-06 2.3738457e-06 0.025522223 4.7464104e-07 7.9135854e-05 2.602302e-05 8.599792e-06 2.9273858e-06 6.6665257e-07 0.00014085793 6.073976e-07 2.7964828e-07 0.6399068 0.0287926 4.2779968e-05 0.28771615 8.465718e-05 6.3707835e-06 8.5195194e-07 0.008421972 4.8759738e-08 0.0031423825 0.0066929567 1.1501395e-07 2.6424905e-07 0.012383199 9.145451e-08 2.8788115e-06 0.13219312 0.00010488007 1.2085928e-06 5.2086757e-06 0.0001052503 0.00016844264 3.8274862e-05 2.0339949e-06 0.1287757 0.0004276916 2.635141e-06 0.04666226 1.1891662e-07 1.5101225e-05 6.798941e-08 0.00032751416 0.0007642069 0.078139216 5.399999e-05 1.3695106e-07 0.0018575676 0.00010824452 6.663983e-07 8.8492094e-08 0.0046483874 0.00016871837 6.9608376e-08 0.00040548865 5.177734e-05 0.012397391 3.2652664e-05 0.0014897417 4.182438e-05 8.02879e-05 8.183678e-05 1.2983018e-07 1.291346e-07 0.026038166 0.0004910326 5.200605e-06 4.2696898e-05 0.00040938318 1.617063e-06 0.0017699611
0.5750088 0.0010676348 0.0002985719 0.0011017984 0.0010263502 0.0031431408 0.0019792805 0.00021014008 0.001592296 0.20250401 0.0008113846 0.00076468696 0.09240099 0.00022958261 0.002569088 0.0056956653 0.00016633882 7.524476e-05 0.00011718419 0.010730864 0.14714935 0.0019200427 9.925992e-05 0.1815141 7.479668e-05 0.00026409578 0.04299431 1.4960582e-19 0.7092197 7.951065e-06 1.3004371e-05 0.8879713 1.0122952e-06 3.8846618e-05 2.9548522e-05 1.0676364e-05 5.6412687e-06 2.4831636e-06 3.6966212e-05 1.4089876e-06 2.4571773e-06 0.00403687 0.51708364 3.7496167e-05 0.24444751 7.7519944e-05 6.956006e-06 1.8722722e-05 0.3444514 1.09185855e-07 0.32457632 0.115107276 1.4930542e-07 1.109259e-05 0.05741775 7.352997e-07 9.793805e-05 0.0013229508 0.00014921797 3.341358e-07 9.33236e-06 0.0001047828 0.00017074282 0.00035319634 1.11576185e-07 0.0059888605 0.0015055189 3.6485503e-07 0.0019549148 3.257175e-08 0.00010481838 2.5546896e-08 0.0043896264 0.011375497 0.0028950348 3.634749e-05 1.4413955e-08 0.15831614 0.00010360848 1.9787229e-05 4.7627924e-09 0.00063894363 0.00010386658 1.128386e-08 7.828202e-05 0.00014148788 0.0024080575 9.123125e-06 0.019634439 2.9881641e-05 0.00010068793 0.00012671178 6.981497e-07 6.8959926e-06 0.0011866638 0.002255505 4.205772e-07 4.5546767e-05 0.005536633 1.9326293e-07 0.004033762
0.40302336 0.00031976475 4.2314565e-05 0.00018572618 0.00017022774 0.0032666028 0.001349642 3.8088408e-06 0.0006284354 0.21782112 0.00042201282 0.00070282957 0.31908837 5.2876435e-06 0.00061581953 0.0027185667 6.527911e-06 5.7596606e-07 2.2897452e-06 0.053547304 0.5223891 0.00033400886 1.8806821e-06 0.7158967 2.0054458e-06 1.2598727e-05 0.43899202 0.7092197 7.155362e-21 8.620512e-07 8.5680206e-08 0.43234918 9.266076e-08 1.1042225e-05 3.1429938e-06 6.7119464e-07 4.4049892e-07 2.3917053e-07 1.4239882e-05 1.7477242e-07 1.8389714e-07 0.019557638 0.29639724 6.748863e-06 0.80845666 2.0943551e-05 7.26616e-07 7.034307e-07 0.7359333 1.6321879e-08 0.31734538 0.043183345 4.077418e-08 1.1673451e-07 0.38708064 4.5932893e-09 7.509417e-06 0.0066423407 5.799136e-05 1.5999508e-07 2.601961e-06 2.2760194e-05 0.00020135927 0.00022345968 1.3534945e-07 0.10809204 0.00027049737 2.6529558e-06 0.0020456652 4.2305214e-08 3.2998298e-05 3.8115623e-08 0.0005399742 0.07857678 0.0060565956 1.7908555e-05 2.6769039e-08 0.07777016 1.9471114e-05 1.7246822e-06 2.6727916e-08 0.00013759903 1.2756164e-05 2.6093531e-08 7.904643e-06 4.38472e-05 0.0016752391 5.7082398e-06 0.011428485 2.2790591e-06 3.0900686e-05 1.6186717e-05 8.694286e-08 1.4841417e-07 0.007850403 0.00081415684 7.986091e-06 5.791964e-06 0.0020406465 3.0427545e-06 0.019523215
0.78985715 0.00026685742 0.0064991266 0.00034518953 0.0002095687 0.00340265 0.005748941 0.0026077253 0.0003534747 4.4288056e-05 0.0012619881 9.8923025e-05 5.6127016e-07 0.008136446 0.023736656 0.008195609 0.047401004 0.72144973 0.15601692 2.2449081e-05 1.2998859e-06 0.054860424 0.26514882 1.0678813e-06 0.41002187 0.1888649 2.2283762e-06 7.951065e-06 8.620512e-07 7.280664e-22 0.6372013 6.417154e-07 0.8261908 0.022418708 0.11660539 0.32896444 0.2999432 0.8046611 0.016035507 0.19676018 0.714605 0.0006024928 0.0003800628 0.00488842 4.0646837e-06 0.11044614 0.08119655 0.21558332 1.2043978e-06 0.09946947 5.6903656e-07 0.00067589147 0.02137689 0.28934062 4.4220506e-06 0.5926096 0.09922744 0.0015723611 0.0040167025 0.0391527 0.00014309003 0.003384968 0.006660803 0.02719066 0.004829789 2.3805982e-05 0.002859148 0.005459994 0.00042907367 0.0026613248 0.015762363 0.0010185281 0.00042096872 3.1020897e-06 1.8789387e-05 0.00929579 0.0010182756 0.00012432033 0.00025869324 0.010519186 0.00019112098 5.8745547e-05 0.024648383 0.00020552604 4.5387984e-05 0.014386477 1.5410515e-05 0.0094330525 0.00021350163 0.00034641035 0.00025096684 0.01849979 0.00023217901 0.0009227542 2.4768556e-06 0.00043300472 0.0068429383 0.00013857841 4.258568e-05 0.0037180542 3.2566208e-05
0.5905806 0.0026887758 0.018354213 0.0032057113 0.0030300426 0.006331765 0.011357303 0.01902755 0.0029173626 4.4388777e-05 0.0062929876 0.00080174324 1.5547437e-06 0.055437636 0.017653614 0.005519889 0.17083825 0.6015485 0.51842374 4.3748085e-05 1.5344089e-06 0.023078838 0.12670858 8.7875526e-07 0.12102112 0.065291256 2.3738457e-06 1.3004371e-05 8.5680206e-08 0.6372013 4.7159453e-22 3.491098e-06 0.42436883 0.30355388 0.61893976 0.8128299 0.090800375 0.5269738 0.23203823 0.0582357 0.5719019 0.0005755711 0.00017621588 0.04041076 9.751352e-07 0.42927006 0.018451933 0.57841414 3.2148822e-07 0.009082853 4.8837296e-07 0.00026192216 0.0019246334 0.48088065 1.344177e-06 0.16827637 0.26361522 0.0018114421 0.014898612 0.0074427486 0.0011589498 0.010845242 0.024719842 0.07828804 0.0011490308 7.419383e-06 0.0006392277 0.0013158246 0.00011117581 0.000665394 0.027713625 0.00021084968 0.00014536847 8.78127e-07 3.998485e-06 0.014877982 0.00021133103 5.6932815e-05 0.0010498015 0.0012482011 3.3502187e-05 1.6574602e-05 0.019964397 1.30926355e-05 1.7615614e-05 0.017474955 5.351335e-06 0.0011699828 0.000120299504 0.0009069151 0.00060878956 0.007809066 4.300919e-06 4.3734028e-05 5.166345e-07 0.00021784527 0.0025197337 0.00010848904 1.1515971e-05 0.0011727241 8.102986e-06
