1.1545648e-28 0.8276568 0.26297483 0.1332535 0.8836295 0.017963301 0.05195332 0.023455126 0.82614344 0.7730976 0.90329796 0.89554745 0.8991064 0.8918671 0.29984993 0.80509496 0.84569526 0.9427678 0.20555192 0.9243623 0.9614203 0.9660023 0.71240795 0.26820108 0.9776015 0.9355431 0.21993414 0.85317016 0.9442504 0.28586182 0.38448283 0.036009725 0.050692793 0.8997175 0.014180784 0.050073568 0.052921996 0.59022635 0.9718201 0.9711549 0.96598494 0.0012742577 0.009160279 0.97469324 0.87547493 0.8998453 0.0034252447 0.5913189 0.79058546 0.0021437446 0.47023064 0.983839 0.844584 0.48752895 0.10237065 0.7667503 0.5852286 0.0070215943 0.6893186 0.7470993 0.11584559 0.9869965 0.9674255 0.9467679 0.07121678 0.9881703 0.993732 0.9093128 0.00017190039 0.9458916 7.8685756e-05 0.0047638584 0.99403083 0.053669363 0.57121104 0.03479588 0.41284078 1.6030483e-05 0.9298998 0.5091125 0.89776766 0.030814206 0.14828233 0.99041635 0.91781473 0.00065087556 0.99883926 0.81571215 0.9966679 0.54391575 0.0028446717 0.6370733 0.99998885 1.1522959e-05 0.71267927 0.99960226 0.97983104 2.1823034e-06 0.9998612 3.0816148e-06 0.015930295
0.8276568 9.279917e-21 0.9248562 0.5389243 0.8984385 0.06914767 0.29821575 0.034506634 0.7062775 0.56396204 0.43909 0.31620666 0.1857247 0.22008006 0.029627247 0.06701227 0.041807435 0.09279725 0.0018905809 0.0221761 0.054959234 0.039534897 0.043655057 0.00016326287 0.04200449 0.07268994 0.011607251 0.0021270658 0.002542449 0.00038523698 0.0071196943 0.0061442778 0.0037119177 0.00029368626 0.013058252 0.033761404 0.020632615 0.0001406987 4.966019e-05 0.01649086 0.0149613535 0.0054910644 4.7034944e-05 0.06965611 0.0008065121 3.9439215e-05 0.017460488 3.4527016e-05 0.00056233717 4.841038e-06 8.421068e-05 0.008701974 7.7696764e-05 6.8619084e-07 4.6041423e-06 6.249424e-05 3.6029496e-07 0.026110133 3.558696e-05 5.272705e-07 0.000100712816 0.0038792996 0.00045519284 0.0015700859 1.0739627e-05 0.0014570956 0.0026374431 5.8661903e-05 5.929786e-06 0.00038270192 1.5181387e-06 0.0075268163 0.001569086 2.545218e-06 7.565443e-06 9.3894266e-07 0.00015682713 0.00036932906 0.00022791656 3.467253e-07 3.6831327e-05 3.220209e-07 4.271816e-07 0.00048189535 9.597019e-06 0.0010162859 0.0012161059 5.5037326e-05 0.00022698104 0.00028985308 0.0007554643 0.00014534117 0.0009758411 1.12602105e-08 4.276334e-08 0.001353822 7.78514e-05 0.0001377269 0.0008781116 2.0051008e-05 4.9355094e-07
0.26297483 0.9248562 4.9497228e-21 0.88337135 0.45165586 0.18476515 0.7505261 0.124562345 0.5677989 0.1352382 0.072965175 0.07282895 0.036137115 0.05329481 0.027542027 0.03710041 0.028492937 0.020158466 0.0018987533 0.011690844 0.010659339 0.011376685 0.036471404 0.00039467946 0.004605383 0.011008295 0.012902163 0.0010542475 0.0036451614 0.00038578623 0.0059790816 0.007451395 0.0043392763 0.0009469236 0.10578246 0.06590779 0.03688353 0.0001400815 5.425934e-05 0.0014169528 0.0022985558 0.01675907 7.847862e-05 0.0056176954 0.00030508556 4.0610477e-05 0.0403834 7.129087e-05 0.0007765565 9.223432e-06 8.6952525e-05 0.00047004168 3.6492987e-05 1.5634374e-06 8.340229e-06 6.783906e-05 2.424836e-06 0.037095476 5.7528756e-05 2.034513e-06 0.00024000488 0.00031539984 7.579905e-05 0.00049855246 3.0846833e-05 0.00017896834 0.00026677095 3.0748175e-05 6.8890746e-05 0.0001644969 1.1575397e-05 0.013467987 9.485477e-05 4.835492e-06 2.2176138e-05 1.5538736e-06 0.0003017461 0.0012359655 6.190575e-05 2.1109577e-06 1.6757622e-05 1.1157017e-06 1.4681716e-06 5.7633646e-05 1.1870401e-06 0.0016301572 0.00027127835 6.998263e-05 1.8992621e-05 0.00020241376 0.0020293982 0.00014324802 4.273829e-05 1.3070341e-07 1.7717477e-07 0.00025885832 8.515297e-05 0.0003480198 0.00014716902 0.00052875356 1.1044136e-06
0.1332535 0.5389243 0.88337135 2.2411669e-20 0.1389833 0.5594418 0.9443441 0.45887247 0.5945621 0.013890755 0.006740994 0.018229103 0.012339664 0.005799014 0.01551657 0.02084316 0.0045225415 0.0058025545 0.0015635425 0.0020766305 0.0017624092 0.0019641512 0.0051864847 0.00060895213 0.001967616 0.011755357 0.0015304295 0.0018111676 0.0003861065 0.00052460795 0.0005561396 0.0010786294 0.0006289739 8.515897e-05 0.19392703 0.0051634046 0.004745293 0.00024376769 8.047514e-06 0.0005889052 0.00085639494 0.04007643 0.00011141547 0.004691201 0.00012328604 3.7978796e-06 0.061281115 4.79702e-06 3.984388e-05 1.6889135e-05 0.00010391909 0.0003207736 0.0001810498 2.7255405e-07 7.6182155e-06 0.00016512246 7.517041e-06 0.027099947 0.00022143817 5.9945487e-06 1.185701e-05 0.00027197466 0.00019557418 0.00023171358 3.1102438e-05 0.00031878005 0.00034339234 0.00016170647 0.00015696957 2.4784564e-05 2.4784991e-05 0.001615263 5.2992316e-05 2.75745e-07 2.7060469e-06 2.1453774e-07 4.0015504e-05 0.004147085 0.00019847014 8.663224e-06 4.7143716e-05 1.9373479e-07 1.2097045e-06 6.8580295e-05 8.078163e-06 0.0007594637 3.1106887e-05 4.284323e-06 2.7309758e-05 4.8312348e-05 7.007766e-05 3.6181274e-05 6.38446e-05 3.8082087e-06 7.8664596e-07 0.00017004067 1.2192464e-05 0.00022030367 9.034926e-05 0.0017358626 8.730318e-07
0.8836295 0.8984385 0.45165586 0.1389833 7.297752e-18 0.014843472 0.077784084 0.009649123 0.44848415 0.784783 0.5955276 0.7491637 0.53430194 0.2616142 0.016720748 0.04403624 0.018257 0.27828407 0.002480036 0.009381676 0.24308804 0.07355554 0.07711034 0.0001934539 0.1581265 0.07630608 0.029867804 0.001528252 0.0030351095 0.00062297995 0.010889227 0.013635986 0.008772118 0.00034061997 0.0021495207 0.031455893 0.023475882 0.00026849014 0.0003678552 0.04405965 0.06840417 0.0022542095 2.85997e-05 0.20782857 0.0010559681 4.355738e-05 0.0048548114 9.467086e-05 0.0001699951 4.1451053e-06 0.0001208049 0.025455466 0.0004304678 4.7215144e-06 2.8115503e-06 0.00018178842 1.6146729e-06 0.0021969639 7.62743e-05 4.814943e-07 9.721936e-05 0.030077389 0.0031649333 0.0035385282 2.083031e-05 0.010973277 0.017221479 0.00032059834 1.1989016e-06 0.00067163294 4.836582e-07 0.00094106194 0.008552188 2.2167144e-06 2.4889543e-05 1.4808272e-06 3.744171e-05 3.951854e-05 0.0010102661 6.55567e-07 0.00011508743 3.697396e-07 7.5832224e-07 0.0017112682 2.0155341e-05 0.0009359206 0.001586228 1.8212497e-05 0.0012818499 3.5882495e-05 0.00033425965 4.640751e-05 0.004435905 3.2538017e-09 1.0060707e-07 0.005590444 4.2247386e-05 9.770026e-05 0.0027004958 2.6568678e-06 2.463642e-06
0.017963301 0.06914767 0.18476515 0.5594418 0.014843472 1.0539715e-17 0.67149407 0.9778489 0.51758146 0.002360406 0.0021838779 0.0074494407 0.008793842 0.005001881 0.025951112 0.034412526 0.0029347264 0.005088956 0.006000852 0.0014144551 0.0039213756 0.0024814876 0.0018779633 0.006297145 0.002196986 0.018490428 0.0005721531 0.0079868 0.00016171743 0.0012130785 0.000110276975 0.00033747038 0.00018465485 3.943263e-05 0.14774217 0.0012242771 0.00080157345 0.0004648015 1.0503056e-05 0.00043287134 0.0012146883 0.0035974204 0.0010946242 0.0041302256 0.00020869375 3.9707167e-05 0.002328096 8.07653e-06 7.562459e-05 0.00012247173 0.00052285806 0.0001431718 0.0006487951 5.241956e-07 3.586303e-05 0.0005285082 0.00013583795 0.000841252 0.0011878611 0.00014266708 2.091531e-05 0.00065511646 0.00055081624 0.0004488211 0.000117075724 0.00068916567 0.0007710568 0.0007054923 0.00032777322 0.00013095913 5.675002e-05 9.729199e-05 3.717231e-05 1.6681778e-06 1.4535411e-05 9.692802e-07 4.585858e-05 0.0023382835 0.0011639409 5.6949426e-05 0.00068055233 1.3466841e-06 2.1537446e-06 0.00034514195 0.0001290507 0.00014076715 6.0192873e-05 4.5618362e-05 0.00019362943 0.00011008793 1.147879e-05 0.00019447757 0.00023776296 8.051648e-05 1.3770095e-05 0.00050522626 2.5449037e-05 2.568724e-05 0.00021550184 0.0017691444 4.1078183e-06
0.05195332 0.29821575 0.7505261 0.9443441 0.077784084 0.67149407 2.4035433e-18 0.71893024 0.402235 0.0048147617 0.004955611 0.0061355554 0.0039148983 0.0017846249 0.017367147 0.014746568 0.0017416084 0.0026110637 0.001423118 0.0007635298 0.0010691172 0.0006510168 0.010557698 0.00019777974 0.0018033804 0.00462129 0.0021163356 0.0016286181 0.0002886039 0.00036061983 0.0008876592 0.0007757307 0.0006251213 6.4465974e-05 0.66382194 0.004775524 0.005155077 0.00013441309 1.7669792e-05 0.00020072999 0.00028525788 0.1867816 0.00011175707 0.001656679 0.00014284992 1.9294023e-06 0.14847161 7.935316e-06 1.850691e-05 1.6205098e-05 3.5439163e-05 0.00020932082 0.00010053518 1.1976456e-06 6.839783e-06 8.825009e-05 7.2964117e-06 0.029169839 6.598694e-05 1.2261489e-06 7.6134725e-06 0.00015985043 0.00014631913 0.00015956393 2.5782048e-05 0.00022945694 0.00025825642 7.1745526e-05 0.0002878241 2.1786758e-05 4.7661008e-05 0.0011281365 2.2264167e-05 1.7806424e-07 3.3106048e-06 1.7714402e-07 1.8224086e-05 0.023509767 0.00019302357 3.688912e-05 4.3949098e-05 1.6802605e-07 3.6959702e-06 0.00020762275 4.400583e-06 0.0008142788 2.8612058e-05 9.055945e-06 1.3624486e-05 6.771999e-05 2.1749267e-05 0.00010018852 0.00010050661 3.08413e-05 9.19991e-07 0.00030493113 1.9155754e-05 0.0002450896 0.00011028854 0.0039751558 8.635529e-07
0.023455126 0.034506634 0.124562345 0.45887247 0.009649123 0.9778489 0.71893024 2.1570232e-17 0.4319815 0.001542947 0.0013271715 0.0049215336 0.0045113675 0.0035697964 0.022608174 0.023357233 0.0009330228 0.0035316793 0.0038700507 0.00061855384 0.0024515344 0.0012625545 0.0016538857 0.008071079 0.0014490333 0.014377047 0.00049284426 0.007433009 9.232782e-05 0.0008256406 0.00014777969 0.00012288157 7.3133924e-05 1.4467715e-05 0.2515288 0.0011004091 0.0006812861 0.00026150234 3.4884224e-06 0.00025426174 0.00072707736 0.0045714155 0.0008915796 0.003896186 0.00010208129 4.6323476e-06 0.0027899898 2.3357436e-06 8.007193e-06 8.899011e-05 0.00037393326 0.00015736018 0.00050518656 9.3905817e-07 2.499623e-05 0.00038151484 3.2264892e-05 0.0007694203 0.00076282414 3.767072e-05 1.228986e-05 0.00061686075 0.0004507127 0.00026935263 4.7797057e-05 0.00062043936 0.0009191777 0.0004067953 0.00044971297 3.4760702e-05 3.6198708e-05 7.5208525e-05 2.0388336e-05 7.249299e-07 8.525596e-06 2.9637792e-07 1.8599674e-05 0.0029383418 0.0011136108 5.429356e-05 0.0004088787 2.8688478e-07 5.655967e-07 0.00034791045 5.6997786e-05 7.3764764e-05 2.7858994e-05 4.7851383e-05 8.506109e-05 4.6480945e-05 6.4512496e-06 9.5887895e-05 0.00017463107 0.00012790535 5.428405e-06 0.000449358 2.4778963e-05 1.742236e-05 0.0002804363 0.002264063 1.3883409e-06
0.82614344 0.7062775 0.5677989 0.5945621 0.44848415 0.51758146 0.402235 0.4319815 2.1863032e-21 0.08888044 0.02836693 0.41352454 0.50559866 0.0030463014 0.8284177 0.87398577 0.003326802 0.088441886 0.47888184 0.00038267436 0.004617986 0.00023026894 0.0025354137 0.26131994 0.01726299 0.55670094 0.00027216485 0.549295 7.35117e-06 0.22815739 1.7487082e-05 0.00025400653 7.176714e-05 1.1576241e-06 0.045706026 0.0069220695 0.002546798 0.025161823 1.9881027e-07 0.0067152637 0.010996774 0.0072015375 0.012563101 0.1295177 9.39404e-05 2.956964e-07 0.0060712635 2.3765854e-07 1.2589065e-06 0.0016506162 0.0016284223 0.006327087 0.0014745814 1.6208519e-08 3.4612851e-06 0.0007383755 3.0265031e-05 0.0016222431 0.00051917374 2.9270608e-05 2.4407973e-07 0.025306778 0.006897469 0.0017366153 6.2149404e-05 0.01812848 0.01928638 0.001335189 0.00042704417 9.271827e-05 0.00014014456 0.00037620784 0.0013405306 8.4073565e-10 9.186062e-08 1.3655496e-09 3.162857e-06 0.0006113941 0.0008948844 1.9053477e-06 0.00015087788 9.5555235e-09 1.5444115e-07 0.0024920327 0.00010438773 0.00063462794 0.00014283767 7.9748725e-06 0.0012426657 2.0800535e-05 0.00055244094 1.1858198e-05 0.0034722155 1.0427911e-07 1.1404618e-06 0.0004706968 2.1281146e-06 6.822457e-05 0.0005866632 7.8096724e-05 7.36005e-08
0.7730976 0.56396204 0.1352382 0.013890755 0.784783 0.002360406 0.0048147617 0.001542947 0.08888044 1.4177516e-21 0.842936 0.520837 0.30673867 0.5230701 0.006794282 0.010979939 0.05822752 0.28910762 0.001146101 0.052832916 0.3670608 0.14572476 0.06066384 7.353986e-05 0.15945166 0.027414588 0.02390782 0.00070527405 0.008948776 0.0003017976 0.014275265 0.010071954 0.0073831845 0.0021516567 4.8419497e-05 0.012164115 0.0054583745 4.4562763e-05 0.0012682612 0.052274305 0.057764396 0.00024142013 1.1415266e-05 0.11780613 0.013247935 0.00047080478 0.00094218535 0.00059437344 0.0023537434 1.3883755e-06 1.7614067e-05 0.027232252 0.00024743367 9.641176e-05 5.6006115e-07 9.965165e-05 1.2886364e-06 0.00038094568 5.200364e-05 7.2857557e-07 0.0005094797 0.03708063 0.0027809755 0.009477706 3.6046872e-06 0.014700863 0.0232692 0.00022805377 1.6675726e-07 0.0032045133 2.6426468e-07 0.00032672146 0.014329912 4.5614448e-05 0.00013462207 1.7216576e-05 0.00036766104 4.0882443e-07 0.0010604151 4.5068882e-07 0.00010432523 2.3347616e-06 6.1339927e-07 0.00243945 2.3494373e-05 0.00041727006 0.0054491796 0.000105369814 0.0015075892 0.00036937682 0.00022661811 0.00037117687 0.003819506 1.3588333e-09 7.270891e-08 0.010010432 0.00035867732 2.9756557e-06 0.0063891076 3.271884e-07 2.4488936e-06
0.90329796 0.43909 0.072965175 0.006740994 0.5955276 0.0021838779 0.004955611 0.0013271715 0.02836693 0.842936 5.2656402e-20 0.40413004 0.18622121 0.70971847 0.0014509909 0.0018434845 0.108878255 0.320694 0.0006874836 0.14365742 0.5311475 0.39193973 0.1365025 6.24111e-05 0.26445594 0.012012742 0.04090027 0.00023326406 0.020948753 0.00012824856 0.028303767 0.019231087 0.013613942 0.004643339 0.000139913 0.021532174 0.011908665 1.8898741e-05 0.0034033034 0.14854647 0.08166601 0.0005667571 1.7232576e-05 0.15353428 0.014977287 0.00069959793 0.0015229502 0.0018343519 0.001992273 1.5798569e-06 1.1651707e-05 0.044436797 0.00020110363 0.0005291768 5.667722e-07 4.5576402e-05 3.535888e-07 0.0013778425 1.0285666e-05 5.4820582e-08 0.0058544013 0.042177342 0.0020522473 0.012303647 1.516612e-06 0.014401728 0.02488166 0.00020654938 1.6822005e-07 0.0040536243 4.580442e-07 0.0010707097 0.022443801 0.00046438546 0.00026705346 0.00020687109 0.0006555658 3.5407695e-06 0.00039844163 1.09618846e-07 9.00132e-06 4.3501044e-05 5.488372e-06 0.0018125765 2.8487589e-06 0.0006110021 0.010407353 0.0002693678 0.0010365384 0.0017392439 0.0020799513 0.0011675456 0.004260677 4.1433403e-09 1.0872008e-08 0.015426801 0.001272336 1.7675336e-05 0.009298331 1.9098204e-07 0.00014449397
0.89554745 0.31620666 0.07282895 0.018229103 0.7491637 0.0074494407 0.0061355554 0.0049215336 0.41352454 0.520837 0.40413004 5.8755014e-20 0.90961784 0.18918031 0.03801228 0.1896307 0.024065152 0.6966156 0.004162006 0.0068246284 0.41096577 0.04627268 0.024648773 0.00043828206 0.31814942 0.3216492 0.006254719 0.013870384 0.0016301828 0.0012004526 0.0023694118 0.003063388 0.002398526 0.00023132542 0.00021043928 0.0038674658 0.002150915 0.00020225148 7.82806e-05 0.12194405 0.18905489 0.0004502247 0.00014814714 0.37790525 0.011262258 0.00017267822 0.0012165286 2.2389664e-05 0.00088109577 1.9885865e-05 6.422677e-05 0.09485484 0.001457694 1.2515779e-06 1.950357e-06 0.00037304492 3.3991676e-06 0.00026448444 0.00026960476 1.2145966e-06 3.1469965e-05 0.16562013 0.015816428 0.020056432 1.7945551e-05 0.07254069 0.10786904 0.0013681544 3.022272e-07 0.0037018936 4.0323002e-07 0.00034313294 0.045249544 6.329794e-07 5.28569e-05 5.519991e-07 0.00017512993 1.6632588e-05 0.0032519596 1.3827872e-06 0.00022220716 9.027071e-07 2.0039774e-06 0.010642011 0.000111851965 0.001598489 0.00925192 8.1601735e-05 0.00602058 0.0004085018 0.0021452794 0.00047071098 0.014617673 3.2153784e-09 1.8365897e-07 0.029138591 0.00016209186 2.2379118e-05 0.015159455 5.332635e-07 1.8487599e-06
0.8991064 0.1857247 0.036137115 0.012339664 0.53430194 0.008793842 0.0039148983 0.0045113675 0.50559866 0.30673867 0.18622121 0.90961784 2.3774969e-20 0.07833266 0.14183123 0.4508677 0.013610878 0.7883356 0.016425338 0.0032640633 0.28973582 0.017734138 0.010014459 0.0016492496 0.3619474 0.5995607 0.0019936385 0.06665976 0.00057533645 0.0028361524 0.0005939589 0.0014400136 0.00084418745 6.305958e-05 0.00012602688 0.0029943644 0.0012000296 0.0007895027 1.985719e-05 0.08086579 0.2695199 0.00020983448 0.0003109041 0.48899415 0.0054542357 7.146023e-05 0.0006940309 6.1213964e-06 0.00022089505 2.7066137e-05 0.00025190943 0.07388273 0.00286341 3.019348e-07 5.533006e-06 0.0009427323 2.3655573e-05 0.00017497699 0.00040732382 1.5582937e-05 3.7519974e-06 0.24182945 0.042405665 0.018771084 2.4296452e-05 0.123292856 0.20086242 0.0024756717 6.878209e-07 0.0030169936 5.2200704e-07 0.00034164364 0.036276408 7.710957e-08 5.9934223e-06 5.4389396e-08 4.6670077e-05 9.907711e-05 0.004587424 4.584141e-06 0.0008597537 3.650447e-07 2.5048262e-06 0.02078893 0.00034431202 0.000717315 0.0054991688 3.573623e-05 0.0070550074 7.3996365e-05 0.0015428375 5.0725735e-05 0.028906101 1.8513111e-08 1.2851388e-06 0.028277973 1.4654864e-05 1.2962989e-05 0.013504802 3.5326053e-07 3.5491469e-06
0.8918671 0.22008006 0.05329481 0.005799014 0.2616142 0.005001881 0.0017846249 0.0035697964 0.0030463014 0.5230701 0.70971847 0.18918031 0.07833266 5.585821e-20 0.0015006259 0.00200553 0.67012113 0.23665868 0.0005103556 0.5324387 0.6665083 0.91249853 0.12594907 4.1935367e-05 0.23444876 0.0036675953 0.044284996 0.00015457535 0.21574491 0.00027064807 0.068380065 0.028138958 0.02039619 0.062013816 4.721057e-05 0.02126217 0.008192155 2.2813589e-05 0.035881992 0.21918595 0.102037445 0.00051640917 1.1028205e-05 0.06497932 0.17493096 0.02993127 0.00053666363 0.014052819 0.17781612 2.7390695e-07 7.896137e-06 0.073688924 4.360443e-05 0.0028294418 1.6493186e-06 2.7685777e-05 1.1270444e-07 0.00024600618 1.6313328e-05 8.4309875e-08 0.009217053 0.03303225 0.00043716308 0.03165226 1.0669371e-05 0.002138466 0.013756657 6.9035435e-05 1.7113835e-07 0.017205615 5.8428463e-07 0.00017394146 0.034425735 0.0022332333 0.0010186331 0.00084604806 0.0060699238 3.7297214e-06 0.0002685867 4.1152506e-07 1.0010938e-05 0.00046642715 0.00029386024 0.0006817463 2.8108639e-06 0.00019943382 0.024419667 0.0012588232 0.00055381487 0.0051676 0.0008660545 0.0054756114 0.0013877415 1.5902538e-08 9.442523e-09 0.017216677 0.0054226676 4.8534196e-07 0.016129818 9.57138e-08 0.00040198374
0.29984993 0.029627247 0.027542027 0.01551657 0.016720748 0.025951112 0.017367147 0.022608174 0.8284177 0.006794282 0.0014509909 0.03801228 0.14183123 0.0015006259 3.7564995e-20 0.6906381 0.0013376806 0.02701843 0.92819405 0.00026005864 0.0012258759 0.00052012823 0.0036982733 0.769439 0.0039884844 0.45850036 0.00027326055 0.753507 1.7896791e-05 0.53788066 0.00011774105 0.00032851115 0.00015314997 3.982084e-06 0.011720795 0.011399454 0.0028978388 0.2329443 1.2319002e-06 0.0005641692 0.0050274 0.004250577 0.08052958 0.10859507 0.0002575137 4.3838654e-06 0.0019012967 7.775746e-07 3.173927e-05 0.016291937 0.13684735 0.00060471735 0.026137408 2.0756285e-07 0.0077808355 0.018659791 0.014680856 0.0031549793 0.024909556 0.005481356 1.2952337e-05 0.0202609 0.029913384 0.0005504867 0.014461337 0.028677152 0.024218954 0.008825612 0.003430863 0.00012362254 0.0017855093 0.0047750436 0.0002025499 5.2400065e-07 3.351609e-05 3.619625e-07 3.0674003e-06 0.0016591449 0.0037003371 0.001805795 0.010548943 1.8896e-07 3.2802682e-06 0.0044734795 0.011587492 0.0021673446 0.00012810311 1.1736431e-05 0.002742822 5.145264e-06 0.045593776 5.7609655e-06 0.0043583647 0.00018554402 0.0033773214 0.00073026423 1.8563251e-06 0.00021352849 0.00052706694 0.0009773973 2.7475392e-06
0.80509496 0.06701227 0.03710041 0.02084316 0.04403624 0.034412526 0.014746568 0.023357233 0.87398577 0.010979939 0.0018434845 0.1896307 0.4508677 0.00200553 0.6906381 2.9542297e-20 0.00060596515 0.1457541 0.39739603 0.00011389566 0.0041585765 4.46941e-05 0.00032112372 0.2003506 0.022492463 0.83860296 7.188257e-05 0.7886666 1.1547893e-06 0.220728 1.3700305e-05 0.0002394587 0.00011595247 5.9017157e-07 0.0039822566 0.0034475608 0.0006712324 0.19579943 1.6508584e-07 0.0017866107 0.05306178 0.00324506 0.027851354 0.3402008 6.456503e-05 1.7378693e-06 0.0026361241 2.6118218e-07 5.30964e-06 0.011023965 0.086587675 0.008148137 0.07675783 1.06219886e-07 0.0019685486 0.044564277 0.012892156 0.0009991883 0.022115849 0.0043609836 1.8445015e-06 0.21150856 0.1268169 0.00418176 0.0038204135 0.17411578 0.1963759 0.021363933 0.0004857775 0.0003037797 0.0007737709 0.0030991985 0.006936693 1.9839026e-08 2.8869248e-08 4.859827e-08 1.6040321e-06 0.00065705954 0.015218977 6.9267306e-05 0.010780134 6.2163835e-08 1.5469868e-07 0.033419464 0.0069316644 0.0010463087 0.00045963048 4.3168016e-06 0.01668521 9.147763e-06 0.0073958305 2.0834503e-05 0.029273618 6.837777e-07 0.00025470174 0.004548381 4.3295495e-06 4.2775195e-05 0.0019654806 2.1808586e-05 2.419565e-06
0.84569526 0.041807435 0.028492937 0.0045225415 0.018257 0.0029347264 0.0017416084 0.0009330228 0.003326802 0.05822752 0.108878255 0.024065152 0.013610878 0.67012113 0.0013376806 0.00060596515 3.1979873e-22 0.027739326 0.00043970213 0.9615641 0.21310699 0.59815145 0.08624604 3.750572e-05 0.036684286 0.0007245253 0.040534653 5.0144994e-05 0.38788405 0.00011661017 0.07769456 0.031629764 0.022630941 0.18708791 1.3042463e-05 0.031159345 0.020077813 1.724527e-05 0.18641289 0.101441756 0.047592252 0.0008320793 5.9063892e-05 0.01532668 0.18342336 0.03188818 0.0010338536 0.03509598 0.1312002 6.265399e-07 5.6209906e-06 0.03889216 1.05986865e-05 0.016654002 1.0147759e-05 9.054632e-06 1.9566959e-07 0.00070514757 6.5190648e-06 3.0802119e-07 0.023131756 0.014998971 0.00011715593 0.037100267 8.28503e-06 0.0005957777 0.0067377537 1.9339162e-05 2.1736525e-06 0.033072148 3.6641145e-06 0.00011343355 0.027579004 0.012266286 0.0077446387 0.0065172655 0.026983261 5.5551277e-06 0.00013772926 2.1729438e-06 1.1569614e-05 0.0023150996 0.00046295807 0.00030271773 2.4106744e-06 0.00014428922 0.030069072 0.0054978468 0.00028370466 0.01195174 0.00061615906 0.011877179 0.0010196362 7.79498e-08 4.312793e-08 0.011861592 0.012306427 2.0944708e-07 0.01122497 5.983895e-08 0.0016933205
0.9427678 0.09279725 0.020158466 0.0058025545 0.27828407 0.005088956 0.0026110637 0.0035316793 0.088441886 0.28910762 0.320694 0.6966156 0.7883356 0.23665868 0.02701843 0.1457541 0.027739326 1.2334584e-18 0.0045462106 0.014839424 0.75009906 0.095099226 0.01628594 0.00071112957 0.8130382 0.32108548 0.004045348 0.008918888 0.0043015983 0.0009897181 0.0030609746 0.0046201507 0.0032161502 0.0014333731 5.211371e-05 0.0040843496 0.0010593685 0.00016370455 0.00055964023 0.3304397 0.5723722 0.0009649009 6.368795e-05 0.69545645 0.044354875 0.0009669749 0.0014349084 0.00025606024 0.0014282732 7.344877e-06 1.9516436e-05 0.28233743 0.0012460093 3.153606e-05 1.5718903e-06 0.00040606875 6.9993125e-06 0.0002065421 0.00021465983 5.900126e-06 7.06791e-05 0.30563578 0.024820853 0.040987525 1.8915547e-05 0.097034834 0.209065 0.0012154352 1.8708078e-06 0.009612788 1.9917056e-06 0.0007337362 0.061029427 4.856802e-06 2.895278e-05 6.3038556e-06 0.0003251037 0.00012902291 0.0028919387 4.408602e-06 0.00026444712 9.544991e-06 1.0540453e-05 0.018764775 0.00025152438 0.0017011455 0.016509688 0.00013030671 0.009666517 0.0007693949 0.0046913573 0.00052526506 0.03866442 2.121791e-07 1.7408634e-06 0.060889237 0.00022960821 2.2403441e-05 0.032261427 4.974185e-07 6.3170875e-05
0.20555192 0.0018905809 0.0018987533 0.0015635425 0.002480036 0.006000852 0.001423118 0.0038700507 0.47888184 0.001146101 0.0006874836 0.004162006 0.016425338 0.0005103556 0.92819405 0.39739603 0.00043970213 0.0045462106 4.8027537e-18 0.000117165866 0.00026809564 0.0002034154 0.0021389965 0.8965508 0.0013649659 0.21651192 0.00024086339 0.62490296 2.3252034e-05 0.74499977 8.707235e-05 0.0003763682 0.00019598869 2.260534e-06 0.002325269 0.0049527083 0.00085493136 0.36296 1.2322952e-06 0.00018415156 0.0020170803 0.0010184326 0.09222549 0.03885795 0.0001245831 1.8827764e-06 0.0006854561 3.838271e-06 6.6731372e-06 0.030961445 0.25440395 0.0003256868 0.024815788 2.2850057e-07 0.038019113 0.017575318 0.01805115 0.001258912 0.025770348 0.012641539 4.861026e-05 0.009643507 0.024129568 0.00029837716 0.03315396 0.023097219 0.013198501 0.0124584995 0.0010961134 4.1109677e-05 0.0007578796 0.0037478958 5.3654672e-05 1.6440985e-06 3.3596447e-05 1.2647766e-06 1.7897567e-06 0.00033004198 0.0041383537 0.0023520135 0.0057265693 1.0054794e-06 9.633867e-07 0.0042547765 0.0037135198 0.00051266217 1.8558321e-05 7.4714503e-06 0.0021083604 1.4204732e-06 0.030533541 2.753633e-06 0.0056078467 4.0637515e-05 0.0030212605 0.0011926872 1.0403253e-06 2.1334621e-05 0.00046622436 8.904248e-05 2.3412265e-05
0.9243623 0.0221761 0.011690844 0.0020766305 0.009381676 0.0014144551 0.0007635298 0.00061855384 0.00038267436 0.052832916 0.14365742 0.0068246284 0.0032640633 0.5324387 0.00026005864 0.00011389566 0.9615641 0.014839424 0.000117165866 2.45853e-21 0.157789 0.5704038 0.16705012 5.5497485e-06 0.04196822 0.0003015482 0.052367788 7.863605e-06 0.5541574 2.2617212e-05 0.13004686 0.032322414 0.027655756 0.31392118 6.4886217e-06 0.0266977 0.015778411 3.4977263e-06 0.39475092 0.15272713 0.023990884 0.00065070926 6.534844e-06 0.015822742 0.057987172 0.03538368 0.0006657253 0.0621949 0.086818315 1.6594674e-07 1.6254323e-06 0.043347616 5.9369036e-06 0.047969412 2.1241485e-06 4.7012186e-06 2.9730655e-08 0.0005652382 1.5177652e-06 2.0134388e-08 0.0829506 0.0055662147 6.77085e-05 0.020412376 1.470203e-06 0.00040205315 0.00200337 6.9336797e-06 6.1533456e-07 0.0099788355 5.488825e-07 0.00014374642 0.023136698 0.02609062 0.006192441 0.012876078 0.011897699 4.4681046e-06 2.5934867e-05 6.25185e-07 2.028867e-06 0.0025526641 0.00045150841 0.00019368448 6.7686085e-07 0.00030523865 0.018201847 0.0022653718 5.302679e-05 0.0058609485 0.0009766389 0.004766208 0.0005575879 2.2600986e-08 7.84798e-09 0.013524897 0.0062506557 1.1898179e-06 0.011503399 1.01320346e-07 0.0071565458
0.9614203 0.054959234 0.010659339 0.0017624092 0.24308804 0.0039213756 0.0010691172 0.0024515344 0.004617986 0.3670608 0.5311475 0.41096577 0.28973582 0.6665083 0.0012258759 0.0041585765 0.21310699 0.75009906 0.00026809564 0.157789 5.7164368e-18 0.52758867 0.03695317 6.2807805e-05 0.8268502 0.020790713 0.008673162 0.0003332726 0.02291847 9.823626e-05 0.008241078 0.0051942733 0.0048282575 0.008974857 4.895093e-05 0.004022274 0.001196785 1.3174776e-05 0.004774372 0.6480949 0.46919757 0.0005705182 1.2628801e-05 0.29012734 0.35033178 0.02713488 0.00049672957 0.0023179515 0.026963273 1.4345826e-06 3.830113e-06 0.3431876 0.00019798864 0.0008134645 5.626024e-07 9.588296e-05 3.9136734e-07 0.00017733326 5.737458e-05 2.3376587e-07 0.0017250944 0.1635038 0.0016893025 0.1273967 5.22201e-06 0.010671967 0.051696684 0.00011450085 1.0788197e-06 0.041238733 1.2290874e-06 0.00013701853 0.1052746 0.0009933057 0.0002646192 0.00058525085 0.006198784 4.7769077e-05 0.00043592474 2.4325962e-07 1.673113e-05 0.00024115805 3.53303e-05 0.002403543 1.6067399e-05 0.00027476758 0.043827865 0.00061389356 0.0022465116 0.009190923 0.001685984 0.008483912 0.0064276312 1.8491028e-07 5.7406567e-08 0.065683395 0.007204639 7.735293e-06 0.03580224 1.5244207e-06 0.001070291
0.9660023 0.039534897 0.011376685 0.0019641512 0.07355554 0.0024814876 0.0006510168 0.0012625545 0.00023026894 0.14572476 0.39193973 0.04627268 0.017734138 0.91249853 0.00052012823 4.46941e-05 0.59815145 0.095099226 0.0002034154 0.5704038 0.52758867 7.9051144e-20 0.05012886 1.5267173e-05 0.24814232 0.0005023489 0.017409565 6.4025594e-06 0.15898758 4.4742636e-05 0.024158182 0.012731621 0.010195107 0.061396386 5.233102e-06 0.005885885 0.001779019 3.5947864e-06 0.091673136 0.4627713 0.15207073 0.0008350783 3.3624943e-05 0.048786655 0.54279673 0.12774135 0.00042362593 0.013694304 0.24074034 2.2624256e-06 3.1298628e-06 0.21310773 3.8368726e-06 0.010081348 1.6284735e-06 2.08395e-06 4.369269e-08 0.00013637872 1.2844735e-06 3.076024e-08 0.014742463 0.030635964 5.280566e-05 0.13138728 3.1894028e-06 0.0008790882 0.007438502 5.0852373e-06 1.0592122e-06 0.113510184 1.9301087e-06 4.944555e-05 0.12041774 0.0043236283 0.0020079033 0.0018718125 0.028087722 3.0195262e-05 5.9054037e-05 6.0438487e-07 4.0426366e-06 0.0010077123 0.00042808414 0.00026759293 4.8041757e-06 2.608755e-05 0.099157885 0.0028863635 0.0005125056 0.019551253 0.00039203343 0.011188978 0.0020186948 7.413009e-08 1.1092448e-08 0.053948484 0.020058636 9.795411e-07 0.036242966 9.3858097e-07 0.0017953247
0.71240795 0.043655057 0.036471404 0.0051864847 0.07711034 0.0018779633 0.010557698 0.0016538857 0.0025354137 0.06066384 0.1365025 0.024648773 0.010014459 0.12594907 0.0036982733 0.00032112372 0.08624604 0.01628594 0.0021389965 0.16705012 0.03695317 0.05012886 7.26312e-18 9.316668e-05 0.017302483 0.00028820065 0.94526964 5.2144933e-05 0.3927469 0.00094391074 0.84683836 0.7586296 0.66629815 0.12698686 0.0045719543 0.2831114 0.16848429 0.00042308733 0.10453169 0.020458432 0.004660735 0.0044668843 0.00034320113 0.0034033798 0.0018346417 0.0009709164 0.009428797 0.11464033 0.0052324915 2.7187465e-05 0.000465567 0.004341793 0.00033351677 0.040343355 0.00019525418 0.00016666052 1.4284019e-05 0.047694873 6.1781015e-05 9.086717e-06 0.22435826 0.00063148164 0.0004214654 0.0024575458 0.00020633715 0.00035102927 0.00041254328 0.00023802633 2.3601404e-05 0.0006378833 2.9334517e-05 0.054996744 0.00036847158 0.0066068643 0.0006703957 0.0031346993 0.0009844316 0.00013459973 0.00035321186 1.3532701e-05 6.189182e-05 0.0012824864 0.00020970323 0.00026184824 3.7241198e-06 0.0033830705 0.00079863775 0.00062453403 1.9885636e-05 0.0006226462 0.0298925 0.00013080874 0.00026892888 5.318435e-07 2.1826668e-07 0.00048078588 7.503823e-05 0.00017020144 0.0004972578 3.0197913e-05 0.0041055754
0.26820108 0.00016326287 0.00039467946 0.00060895213 0.0001934539 0.006297145 0.00019777974 0.008071079 0.26131994 7.353986e-05 6.24111e-05 0.00043828206 0.0016492496 4.1935367e-05 0.769439 0.2003506 3.750572e-05 0.00071112957 0.8965508 5.5497485e-06 6.2807805e-05 1.5267173e-05 9.316668e-05 5.691938e-17 0.00032294463 0.056103915 1.8842988e-05 0.54468584 3.7173497e-06 0.93237466 3.998794e-06 2.8984605e-05 1.28689435e-05 4.770025e-07 0.001897851 0.00038284936 3.0803294e-05 0.5408487 1.1669732e-07 5.167715e-05 0.0002622871 0.00017405929 0.6643656 0.005546357 2.5061441e-05 1.2561057e-07 0.00015720642 5.566166e-07 4.903087e-07 0.4961928 0.4403849 9.8711644e-05 0.01620197 5.0010097e-08 0.21230084 0.024091735 0.026617264 9.635246e-05 0.03314696 0.034733646 1.04260425e-05 0.0013809128 0.0077066063 9.516356e-05 0.36818996 0.006409757 0.0019712932 0.02076961 0.0062613552 1.7836805e-06 0.015962902 0.00020440249 2.0696925e-05 6.33627e-08 9.584058e-08 9.4276274e-08 1.733697e-07 0.00010726396 0.003081912 0.0046623773 0.0018662495 7.7030926e-08 1.7308668e-07 0.003906764 0.0004137124 5.2246527e-05 1.5637775e-06 3.6760143e-06 0.000510206 4.0537182e-07 0.001026614 6.9144215e-07 0.005102459 0.0002145663 0.00033661327 0.00062288105 5.388774e-07 7.758602e-06 0.00014768502 7.6079756e-05 6.4197648e-06
0.9776015 0.04200449 0.004605383 0.001967616 0.1581265 0.002196986 0.0018033804 0.0014490333 0.01726299 0.15945166 0.26445594 0.31814942 0.3619474 0.23444876 0.0039884844 0.022492463 0.036684286 0.8130382 0.0013649659 0.04196822 0.8268502 0.24814232 0.017302483 0.00032294463 1.0267599e-17 0.079874426 0.0034947759 0.0019820961 0.009854376 0.00015526664 0.0044055274 0.0030111352 0.0026066266 0.003035842 5.181296e-05 0.0020078956 0.00041993216 2.5212443e-05 0.001615374 0.65411675 0.6138096 0.00019429869 2.6002703e-05 0.5063363 0.18693963 0.0036108098 0.00042349525 0.00074317184 0.0036273096 6.005094e-06 1.2214554e-05 0.41691193 0.00060231553 0.00011801568 9.3245444e-07 0.00010029253 7.0058604e-07 0.00012919713 6.811555e-05 6.4705137e-07 0.0004572063 0.23557122 0.0041138115 0.13883317 7.455507e-06 0.035045944 0.13067538 0.00032636244 4.004864e-07 0.0263638 1.486905e-06 0.00010475022 0.12161433 0.00017066451 0.00013922206 0.00015086004 0.0027216019 2.1159189e-05 0.0009091423 6.0707504e-07 5.743628e-05 4.3011347e-05 7.784008e-06 0.0056571946 4.267952e-05 0.00037241395 0.036255956 0.000278593 0.00380759 0.0031604194 0.0024323429 0.0039117173 0.018116668 3.037886e-08 1.362333e-07 0.10719674 0.0023683498 9.7578695e-06 0.038657732 4.6459007e-07 0.0002617838
0.9355431 0.07268994 0.011008295 0.011755357 0.07630608 0.018490428 0.00462129 0.014377047 0.55670094 0.027414588 0.012012742 0.3216492 0.5995607 0.0036675953 0.45850036 0.83860296 0.0007245253 0.32108548 0.21651192 0.0003015482 0.020790713 0.0005023489 0.00028820065 0.056103915 0.079874426 3.455352e-17 0.00013427703 0.78340006 1.3968308e-05 0.16432457 3.6517078e-05 0.00020751981 0.0001324162 2.1542207e-06 0.0007281647 0.0012718149 0.00016481552 0.19684088 6.9799785e-07 0.021357799 0.2191794 0.0008179317 0.009885772 0.7238037 0.00061023544 7.827632e-06 0.00068152096 2.7698543e-06 1.3706918e-05 0.0036407283 0.03460261 0.038316134 0.2261755 6.0877557e-07 0.00047617874 0.1234197 0.03642697 0.0002576984 0.037655503 0.0061897337 1.8511789e-06 0.52308685 0.4067224 0.00786954 0.0021666565 0.46461174 0.48322672 0.08757196 8.06497e-06 0.0015725772 1.7983586e-05 0.0014285211 0.026759453 9.565448e-08 1.0870958e-07 1.4491508e-07 6.616883e-06 0.00046838602 0.023371466 0.00017146963 0.014686052 1.8055727e-07 3.1026534e-07 0.06124247 0.007436275 0.00046726817 0.0019291198 1.0884588e-05 0.026116326 6.0265655e-05 0.003141319 4.9624257e-05 0.08409597 2.7028848e-08 0.00050959346 0.075862594 5.3810577e-06 1.8742909e-05 0.02084357 1.6354786e-06 5.944785e-06
0.21993414 0.011607251 0.012902163 0.0015304295 0.029867804 0.0005721531 0.0021163356 0.00049284426 0.00027216485 0.02390782 0.04090027 0.006254719 0.0019936385 0.044284996 0.00027326055 7.188257e-05 0.040534653 0.004045348 0.00024086339 0.052367788 0.008673162 0.017409565 0.94526964 1.8842988e-05 0.0034947759 0.00013427703 1.14523685e-17 2.221833e-05 0.20762578 0.00010690694 0.8263591 0.8462076 0.7934232 0.08406065 0.00022206859 0.36030194 0.22015785 5.444018e-05 0.038574874 0.0028606737 0.00063511776 0.0011441311 5.4769713e-05 0.00053738506 0.00062049704 0.00024921668 0.002445356 0.09576963 0.001540369 4.170864e-06 3.1427644e-05 0.0004132824 8.5358435e-05 0.022742268 9.592106e-06 6.1466424e-05 4.8588777e-06 0.03131497 3.244664e-05 9.14195e-07 0.17050608 0.00012127356 4.441791e-05 0.0005305608 2.7553942e-05 2.891401e-05 7.32389e-05 6.490117e-05 9.388304e-06 0.00020354115 8.543624e-06 0.04516057 4.780376e-05 0.0030433934 0.00037742392 0.0011488829 0.00017982222 2.8038696e-05 0.00019179161 4.403244e-06 1.1931126e-05 0.00019260948 0.000119669356 0.00019511365 4.0087616e-07 0.0030355016 0.00018308843 0.000121807665 1.6680324e-05 0.00013411156 0.031523854 0.00011226522 0.00017534333 2.2879878e-08 1.962695e-07 0.00016392797 5.6637833e-05 5.2513726e-05 0.00020522618 5.5551254e-07 0.0006868669
0.85317016 0.0021270658 0.0010542475 0.0018111676 0.001528252 0.0079868 0.0016286181 0.007433009 0.549295 0.00070527405 0.00023326406 0.013870384 0.06665976 0.00015457535 0.753507 0.7886666 5.0144994e-05 0.008918888 0.62490296 7.863605e-06 0.0003332726 6.4025594e-06 5.2144933e-05 0.54468584 0.0019820961 0.78340006 2.221833e-05 1.3181085e-18 4.3287503e-07 0.7292227 4.914184e-06 9.77202e-05 5.4455395e-05 2.0462414e-07 0.0015484113 0.0009263604 4.1201012e-05 0.76836383 9.06041e-08 0.00018617573 0.0035697094 0.0005783293 0.054043658 0.24315068 5.066682e-06 1.1689637e-07 0.00025439853 1.3262097e-07 3.7335883e-07 0.020401174 0.56721663 0.00036055193 0.32319295 1.1569441e-08 0.054190595 0.17776665 0.22196327 7.9170655e-05 0.1591941 0.1728523 2.3229616e-06 0.090887584 0.23543067 0.00028744552 0.055852126 0.26375255 0.11408678 0.12259081 0.00036652904 3.7673308e-05 0.000814962 0.0016245081 0.0005680537 6.418192e-08 4.1370147e-09 9.619091e-08 1.7598049e-07 3.275912e-05 0.0560373 0.0025221123 0.023568107 5.9807114e-08 2.2951516e-08 0.049481712 0.016284185 4.0427003e-05 2.1061207e-05 9.703356e-07 0.022603462 6.3095973e-07 0.012723907 5.209043e-06 0.04390888 7.8238465e-08 0.0031673878 0.0017687354 9.001471e-07 1.4990743e-06 0.00059034635 1.7007116e-06 1.0927873e-06
0.9442504 0.002542449 0.0036451614 0.0003861065 0.0030351095 0.00016171743 0.0002886039 9.232782e-05 7.35117e-06 0.008948776 0.020948753 0.0016301828 0.00057533645 0.21574491 1.7896791e-05 1.1547893e-06 0.38788405 0.0043015983 2.3252034e-05 0.5541574 0.02291847 0.15898758 0.3927469 3.7173497e-06 0.009854376 1.3968308e-05 0.20762578 4.3287503e-07 9.673912e-21 6.4278333e-06 0.60044396 0.1665907 0.14715338 0.9000005 1.4003279e-05 0.028278207 0.013531921 8.4012146e-07 0.76170737 0.052631643 0.0067876987 0.0005623241 1.0727445e-05 0.001990091 0.0148905385 0.00650789 0.0005774919 0.5786895 0.054753464 2.5568164e-07 1.0064291e-06 0.013137212 2.3147106e-06 0.40528783 4.3038654e-06 6.9871845e-07 7.715915e-08 0.00064289523 6.6499086e-07 5.7612898e-08 0.29664147 0.00042343207 4.2355723e-06 0.010661947 1.9744888e-05 1.8805826e-05 9.9683966e-05 1.1116053e-06 5.6050817e-06 0.0065689166 1.9450242e-06 0.00064160133 0.0076705124 0.1523526 0.015845824 0.06921087 0.004516068 4.2319784e-06 2.1563956e-06 3.2866906e-06 4.4122248e-07 0.008289599 0.00097486435 1.56537e-05 9.26438e-08 9.438131e-05 0.0051501514 0.0028652758 4.550155e-06 0.0018342653 0.0027141331 0.00061567564 0.00014891304 1.4987006e-07 1.6339321e-08 0.001466384 0.0006281181 8.809664e-07 0.0011394032 3.1092708e-07 0.0121111
0.28586182 0.00038523698 0.00038578623 0.00052460795 0.00062297995 0.0012130785 0.00036061983 0.0008256406 0.22815739 0.0003017976 0.00012824856 0.0012004526 0.0028361524 0.00027064807 0.53788066 0.220728 0.00011661017 0.0009897181 0.74499977 2.2617212e-05 9.823626e-05 4.4742636e-05 0.00094391074 0.93237466 0.00015526664 0.16432457 0.00010690694 0.7292227 6.4278333e-06 2.0678945e-17 3.187793e-05 0.00020977225 0.000102214064 7.7185973e-07 0.0011811483 0.004511804 0.00024096124 0.8055059 2.0119907e-07 2.2466666e-05 0.00037859875 0.00037034185 0.13009119 0.013787521 1.0549193e-05 5.0920352e-08 0.00031773598 2.7661667e-06 4.889149e-07 0.07737297 0.6574929 5.2737367e-05 0.051876925 1.4271737e-07 0.2747841 0.0630649 0.097119525 0.00044343615 0.08369369 0.11761873 1.6376536e-05 0.0025975192 0.02486814 3.8431994e-05 0.18028578 0.020843444 0.003866653 0.03847448 0.00080797006 5.2669634e-06 0.00077556545 0.0015490636 4.5302936e-06 3.4361165e-07 3.6327214e-07 5.213966e-07 7.816731e-08 0.00017205441 0.013305578 0.027095385 0.009571656 1.1923731e-07 2.620874e-07 0.0062532313 0.003572468 9.175841e-05 1.823828e-06 4.238801e-06 0.0016220041 4.6708344e-08 0.025824554 4.3790078e-07 0.0056322706 5.3082526e-06 0.0074774846 0.0006715497 8.602112e-08 5.6208783e-06 0.00019124057 3.0464784e-05 7.2070743e-06
0.38448283 0.0071196943 0.0059790816 0.0005561396 0.010889227 0.000110276975 0.0008876592 0.00014777969 1.7487082e-05 0.014275265 0.028303767 0.0023694118 0.0005939589 0.068380065 0.00011774105 1.3700305e-05 0.07769456 0.0030609746 8.707235e-05 0.13004686 0.008241078 0.024158182 0.84683836 3.998794e-06 0.0044055274 3.6517078e-05 0.8263591 4.914184e-06 0.60044396 3.187793e-05 1.3430143e-18 0.8314507 0.86454374 0.40118143 3.3437587e-05 0.11990373 0.06600225 2.5042254e-05 0.33794242 0.008766448 0.0016334493 0.001167037 7.582011e-06 0.000640234 0.0021570951 0.0017756477 0.0018334583 0.5569581 0.009151603 5.182348e-07 1.3210986e-05 0.0013247252 6.5899076e-05 0.33239016 1.7072613e-05 1.747176e-05 1.9186716e-06 0.008518713 9.422541e-06 7.658729e-07 0.60056984 0.00012748533 5.363262e-05 0.0013707716 2.374019e-05 5.6345347e-05 6.093465e-05 3.1722047e-05 1.8077824e-06 0.000688007 1.5010859e-06 0.008236377 0.0003247551 0.060253642 0.011638926 0.035908327 0.002482205 3.0249637e-06 0.00013942402 6.979011e-06 5.0261883e-06 0.0073449863 0.0006217113 0.00010119362 4.663235e-07 0.0010235957 0.00042576238 0.0021063837 1.1304277e-05 0.0011709203 0.011566085 0.00059201947 6.257445e-05 1.9357365e-08 3.3250743e-08 0.00039329223 0.0002697915 7.059856e-06 0.00030371302 9.6781285e-08 0.00835013
