5.47873e-32 0.03650608 0.0004898689 1.2012416e-05 0.1131394 0.18003012 0.0005603684 0.005546204 0.6770757 0.34424326 0.13812882 0.28442642 0.75978225 0.13290899 0.80637556 0.725366 0.5092553 0.007867086 0.7625667 0.35679126 0.36440057 0.76781917 0.46520874 0.038346037 0.8426153 0.93841535 0.39909276 0.8151685 0.8988695 0.7535262 0.41602007 0.13825524 0.8619461 0.6159954 0.82764286 0.05267124 0.028826362 0.8398518 0.20883578 0.8569874 0.87063456 0.00011406849 0.90319896 0.45498338 0.7686999 0.9353186 0.03342157 0.00029872992 0.9555069 0.9149492 0.29846475 0.50928307 0.9381169 0.044664796 0.013897561 0.7843412 0.5668025 0.5382388 0.93433267 0.9436425 0.7337013 0.90230054 0.37456572 0.95362556 0.9669277 0.094823234 0.89531875 0.980845 0.89720577 0.0013700646 0.80201316 0.9940147 0.98635054 0.94526726 0.77377206 0.9910691 0.017529493 0.9898235 0.00028152045 0.98936576 0.9980882 0.024318011 0.997388 0.99942154 0.049199805 0.9645259 0.0007151078 0.60415924 0.99984974 0.00017101514 0.00078729517 0.99680436 0.0034901644 0.9999338 8.202556e-05 0.6997745 0.0046339226 0.0009704129 7.0254814e-06 0.9971517 0.002212767
0.03650608 5.3595914e-20 0.9778912 0.029635165 0.32779148 0.8236532 0.089795984 0.024146223 0.59875226 0.48379827 0.017708551 0.028983716 0.09096823 0.0074826744 0.24963959 0.037288576 0.20406397 0.0023667344 0.020098705 0.0026707677 0.0041031186 0.08438421 0.0012510148 0.0011910134 0.0007776885 0.0033115796 0.00013344761 0.03738396 0.052192237 0.02980836 0.00016144098 0.0004373791 0.013910627 0.0067204307 0.0044825156 0.00031753603 0.00022672508 0.0003717749 0.00128301 0.0046431045 0.034868464 5.684519e-05 0.0077722254 0.007916027 0.00020209339 0.0023286166 0.00036526585 2.6115255e-05 0.00016283555 0.012270818 1.0952631e-06 3.592509e-05 0.009826879 2.4111467e-05 5.2294804e-06 2.0814703e-05 1.8565312e-07 9.553438e-07 0.010713716 0.0005715578 0.004113778 8.446286e-06 2.24851e-07 0.000617765 0.003317043 1.3354729e-06 5.346221e-07 0.005131577 9.774648e-07 8.436613e-07 5.506221e-07 0.003300552 0.0024744004 0.005905742 1.8457236e-05 0.0016687476 9.770793e-08 1.4270675e-05 2.3064221e-07 0.0033386524 0.0034571087 8.471185e-09 0.0032517982 0.0038966506 2.615271e-09 0.0002243531 3.6718677e-07 3.9780126e-09 0.00023202162 4.6824926e-08 3.3507552e-09 1.1989057e-05 6.2780905e-09 0.0017302886 1.921669e-08 0.00019049845 1.368609e-08 7.477377e-09 2.2444256e-06 0.0001408797 7.0489063e-09
0.0004898689 0.9778912 1.3691849e-17 0.33459535 0.13841449 0.18154582 0.49592385 0.13307977 0.03307139 0.101189665 0.002833457 0.0015609175 0.002383519 0.0009380973 0.008635188 0.05855154 0.017886171 0.07225312 0.00061179855 7.2727606e-05 6.515935e-05 0.0009855907 3.377123e-05 0.0012145139 6.971677e-05 8.350357e-05 5.484707e-05 0.00089558755 0.000998211 0.0008406409 0.0001054044 0.00030476716 8.086446e-05 4.5049248e-05 0.00014399929 0.00044252552 9.613933e-05 4.749159e-05 0.00013199974 0.00010878389 0.0040633297 0.014820749 8.3233324e-05 0.0011941759 1.822737e-05 6.163776e-05 0.0009029311 0.009801431 1.6494076e-05 0.00023743803 0.00034818708 5.577769e-06 0.00035870553 3.659723e-05 0.00037685668 6.725363e-05 4.284037e-06 9.760373e-06 0.0013581775 0.00028924894 0.0010217183 3.6980524e-05 0.00013464801 0.0002865399 0.00049376185 3.3544661e-06 1.0661158e-06 0.0006411304 1.7444274e-05 0.00024413037 1.578519e-05 0.0004089563 0.00090809393 0.00084400503 0.00010057009 0.000343642 2.8535624e-05 5.3486056e-06 9.615547e-05 0.0017537778 0.001337851 9.175919e-07 0.00096590206 0.0015467621 1.5948336e-07 0.00027529558 8.4440595e-05 8.7211596e-08 0.00025462307 5.8031466e-05 1.9818983e-06 7.947991e-05 1.7202133e-07 0.0009142348 6.523857e-05 0.0018373773 2.5553686e-07 9.606991e-06 0.0012798777 0.0005384118 9.495704e-07
1.2012416e-05 0.029635165 0.33459535 5.451884e-22 0.8963216 0.001738501 0.0002084439 5.8712892e-05 0.002683627 0.03238216 2.6123453e-05 7.272595e-05 0.00015146623 3.075008e-05 0.0005244949 0.013675712 0.0014974457 0.00013238222 2.6080908e-05 9.12758e-06 8.129247e-06 4.1613748e-05 2.8978234e-06 0.0014338688 3.2721946e-06 6.961993e-06 5.7712407e-07 8.101529e-05 0.00021391148 6.1436476e-05 2.4146664e-06 1.9758434e-05 1.1321841e-05 1.5454123e-05 2.1568534e-05 7.8292205e-06 0.0011753625 2.4247262e-05 0.0002157342 1.853927e-05 0.00033704788 1.9105346e-05 3.3525073e-05 0.0025653224 8.486038e-07 1.39063695e-05 9.7057986e-05 4.6979047e-05 8.126418e-06 0.00015930212 1.1470456e-06 6.993151e-07 0.00013116287 0.00018016828 6.11821e-06 3.1390157e-06 3.057393e-07 1.6585545e-07 0.00027471152 5.01394e-05 0.00045856743 1.3131644e-06 2.9427375e-07 5.3927633e-05 0.00013936554 4.619534e-05 1.334875e-07 8.696803e-05 8.1977925e-07 2.6826235e-06 2.2813109e-07 6.6579996e-05 0.00044760437 0.00021994638 0.000203795 0.00018131606 1.0617154e-06 1.2031722e-07 4.033277e-07 0.00035060206 0.00022987771 8.343243e-08 0.0002217169 0.00017281364 3.8250867e-08 5.3691736e-05 7.040804e-07 2.7395315e-09 1.1538585e-05 1.4103541e-07 9.123704e-09 1.5543916e-05 2.2853794e-08 8.7364395e-05 7.833552e-08 0.0014442888 4.1019973e-08 5.346453e-08 2.6481177e-06 3.4140845e-05 2.8620992e-08
0.1131394 0.32779148 0.13841449 0.8963216 9.053216e-17 0.039472003 0.00037895152 9.960452e-05 0.15793991 0.77455586 0.001312091 0.0051784334 0.017233828 0.0013287392 0.07386945 0.72811264 0.27828288 0.0011094216 0.0024034192 0.00021128064 0.00052741996 0.0043501444 3.7700334e-05 0.0140254395 3.398087e-05 0.0005016666 0.00013076096 0.010493706 0.026011726 0.009354034 5.6870675e-05 0.0022781207 0.0032523284 0.0021929375 0.0020075855 0.0017578284 0.004747984 0.00027780002 0.0018912563 0.0012063911 0.043430038 3.277843e-05 0.0040370775 0.18300885 9.693838e-05 0.00024361245 0.025084313 5.4115575e-05 9.137757e-05 0.011329155 8.493629e-06 9.928434e-05 0.0035938285 0.0021341662 0.00034215162 5.3683132e-05 1.0370466e-06 6.810681e-06 0.024241367 0.00018631107 0.03957026 4.3964654e-05 3.941825e-06 0.0003438308 0.0012350075 0.0008068867 1.7085243e-06 0.0010884735 9.68281e-06 0.00025049935 4.5217434e-06 0.00090964924 0.00856261 0.0032083648 0.010310966 0.018344965 8.577419e-05 2.1745596e-05 3.7647485e-05 0.0026323535 0.0030697503 3.5572962e-06 0.003956993 0.0027580513 1.9838185e-07 0.0074888673 8.312751e-05 7.796778e-08 0.0001927528 1.16996425e-05 2.2010028e-07 7.745996e-06 4.349246e-07 0.0028548972 2.255134e-06 0.012344212 3.5122986e-07 3.1538193e-07 0.00018643637 0.00011955552 3.0116175e-07
0.18003012 0.8236532 0.18154582 0.001738501 0.039472003 8.261649e-18 0.75015104 0.8965419 0.4098352 0.03228423 0.74774134 0.5259883 0.34581333 0.47442073 0.06297525 0.008431842 0.039312117 0.73422974 0.076164275 0.18977363 0.09763234 0.016047372 0.08961429 0.00010375055 0.055352792 0.12338451 0.015980907 0.008910174 0.0032181295 0.007697693 0.01803513 0.03365528 0.018883547 0.018044842 0.0026496488 0.016356193 1.5565292e-05 0.016233375 9.850851e-05 0.013791914 0.00096288807 0.007852039 0.0011091408 0.00011710677 0.010975788 0.0019461395 0.009830187 0.0045931586 0.0011139826 0.0007535337 0.0010014906 0.0016024354 0.00087794906 6.0048988e-06 0.00021991534 0.00033731962 3.5484954e-05 1.9652014e-05 0.0006583112 0.001248459 0.00017444848 7.5320066e-05 4.882444e-05 0.0012756712 0.0012612554 2.4570556e-06 8.288081e-06 0.001011871 3.8266866e-05 0.0005047093 3.6697955e-05 0.0006802558 0.00025474865 0.0006707084 0.00011209662 0.0001622807 1.9023257e-05 0.00020643024 2.943654e-06 0.0006658041 0.001568664 1.0290943e-07 0.0004931402 0.0026566489 1.0116895e-07 0.0015384377 4.7790018e-06 8.1688154e-07 0.00050208403 1.6077614e-06 3.8018456e-07 8.839826e-05 1.7411114e-07 0.0005425329 7.1330646e-07 0.003913471 6.191873e-07 6.749554e-07 1.494536e-05 0.00043801966 7.407932e-07
0.0005603684 0.089795984 0.49592385 0.0002084439 0.00037895152 0.75015104 6.9453874e-19 0.91499525 0.011938336 0.002686281 0.025919214 0.012671214 0.005104586 0.0073583815 0.00068019255 0.00018816706 0.00041934388 0.78277594 0.0004220132 0.00095981633 0.0009158033 5.0908486e-05 0.0002552469 1.5760077e-06 0.0003502989 0.00012288308 1.4792048e-05 5.034726e-05 2.4696676e-05 4.70397e-05 0.00013793183 0.0008257332 0.00025857656 0.0002970705 2.405022e-05 0.00022200805 7.075294e-07 0.00027363608 4.2662978e-06 0.00035608505 5.6948396e-05 0.0060781436 1.4915586e-05 6.0112336e-05 2.1604477e-05 1.1281962e-05 0.00010175539 0.0019045605 1.7268243e-05 1.8925866e-05 3.056221e-05 1.5200838e-05 3.6414072e-05 2.6075923e-06 1.8072851e-05 4.386117e-05 1.2892991e-06 3.7153368e-06 0.000109566754 3.9493414e-05 0.00012802286 1.48317695e-05 6.358195e-06 8.273002e-05 0.00012564131 1.2530397e-06 1.5865502e-06 4.156837e-05 4.300562e-06 1.3498891e-05 7.1495024e-06 3.357153e-05 3.9286617e-05 5.9332284e-05 8.259926e-06 5.247093e-05 5.302891e-07 3.462173e-06 1.1574111e-06 0.00020327559 0.00094591087 3.338687e-08 0.00030669614 0.001638527 7.6621944e-08 1.3685027e-05 2.9187316e-07 5.8037267e-07 0.0002285382 1.0242611e-06 1.3286643e-07 2.9694234e-05 2.8887147e-08 4.8380403e-05 6.010213e-07 0.0009983219 8.593978e-08 6.481037e-07 1.3972505e-05 0.00023251647 3.3845575e-07
0.005546204 0.024146223 0.13307977 5.8712892e-05 9.960452e-05 0.8965419 0.91499525 9.260543e-20 0.03685323 0.0044284537 0.38713494 0.1177501 0.038010005 0.11853911 0.004621576 0.004419865 0.0107874 0.828195 0.006535215 0.02681551 0.016535584 0.0016173068 0.008704372 2.9142177e-05 0.0054164217 0.009090995 0.0041229194 0.00244759 0.0012238754 0.001584753 0.014496983 0.014543087 0.0054366956 0.006617912 0.0008441472 0.0076942216 4.418181e-06 0.0036798452 4.4934724e-05 0.004221213 0.0011191871 0.0030310438 0.00041509507 0.0006508833 0.002382645 0.00043708723 0.0028583051 0.0013154995 0.0006814645 0.0005451354 0.0019412978 0.0008858102 0.00031523328 2.9069379e-06 0.0002539804 0.00044796118 0.00030446736 0.00051128777 0.00030206284 0.0003840873 0.00047668876 0.00013832332 0.0002890909 0.00030120014 0.0005570447 5.0217733e-07 5.974177e-05 0.0004766801 0.00026412326 0.00011865499 0.00021364642 0.0003209483 0.00017079966 0.0003037965 2.0307067e-05 0.0002116047 2.1517211e-05 0.0003042746 9.066972e-06 0.00042335026 0.0015094882 1.2244567e-06 0.00027003707 0.0017345586 9.31471e-06 0.0003637334 5.183188e-07 1.09583525e-05 0.0004466424 2.6855237e-06 7.180911e-07 0.00018214989 4.7484252e-07 9.7802156e-05 2.330217e-06 0.0012429651 1.1394985e-06 4.317711e-06 3.08846e-05 0.0006258293 3.2775943e-06
0.6770757 0.59875226 0.03307139 0.002683627 0.15793991 0.4098352 0.011938336 0.03685323 7.395671e-18 0.6982032 0.05699211 0.40335935 0.96086043 0.07465527 0.8252897 0.041624527 0.39615417 0.023930073 0.39957693 0.019374415 0.12081211 0.22209173 0.012327818 0.0012866533 0.046743568 0.008782222 0.0009365255 0.08288959 0.0896498 0.0705504 0.0011721886 0.007828841 0.07970358 0.040519916 0.046400003 0.0020527926 0.00015200149 0.015548987 0.0010812546 0.021295868 0.0655848 0.00020778418 0.02834944 0.018652573 0.0011409608 0.045972332 0.0043230453 0.00043815523 0.00928438 0.035364114 8.5515756e-05 0.0007822128 0.023631169 0.00023458811 0.00017833489 0.0002977413 2.6031732e-05 2.2695322e-05 0.023276513 0.015648823 0.016261017 0.00016680967 5.9991353e-06 0.0112170195 0.016127888 1.3330394e-05 1.5389402e-06 0.067072 3.0950628e-06 3.0167026e-05 1.2859375e-05 0.060530968 0.01631171 0.04007814 0.00022869432 0.007402209 0.000107384534 0.0001775297 6.6750913e-06 0.028173495 0.024525223 3.6566719e-06 0.04297487 0.01848818 1.6503452e-07 0.0010643589 5.924213e-06 1.0002463e-07 0.017767124 1.6122704e-05 2.0534326e-06 0.0023199508 9.965058e-07 0.042077694 1.5688427e-06 5.8310954e-05 2.3294615e-06 3.0750036e-06 6.6394017e-07 0.002271947 3.5220207e-06
0.34424326 0.48379827 0.101189665 0.03238216 0.77455586 0.03228423 0.002686281 0.0044284537 0.6982032 1.8849225e-18 0.0011186819 0.003966701 0.05278489 0.0011101604 0.8956322 0.83541155 0.94487685 0.034353435 0.009101916 0.00035732324 0.0023341272 0.14464569 8.11537e-05 0.07656004 0.0003363532 4.7081176e-05 8.554362e-06 0.06543395 0.15735246 0.043356597 2.0050873e-05 0.00135689 0.004076777 0.0015307375 0.0108089745 0.00086959125 0.007923108 0.00038899767 0.014257509 0.0013019752 0.2786797 0.0019062376 0.020255629 0.14623027 3.8817084e-06 0.004472377 0.026731096 0.0062017906 0.00027278485 0.038744394 2.2070142e-05 5.6467834e-05 0.013099973 0.0030677312 0.0014779371 2.9667939e-05 1.3408418e-06 5.023989e-06 0.03242515 0.0018870574 0.032712817 1.6914828e-05 2.4304583e-07 0.0025221114 0.004341923 0.00030976615 5.75168e-07 0.015298853 5.791491e-07 0.0061866827 1.9045602e-07 0.019726403 0.035978198 0.0305953 0.0014867514 0.023486719 0.0010704461 7.2927455e-06 0.0019604776 0.01831894 0.0027786677 9.063228e-06 0.023669101 0.0023495955 2.1243855e-08 0.002829264 0.01111869 1.273763e-08 0.00094127643 0.0027284003 7.800933e-05 0.00013401784 6.1445087e-07 0.041477494 0.00051070907 0.0010065717 2.2656839e-06 0.00024139136 5.774467e-05 0.00024927635 8.601125e-05
0.13812882 0.017708551 0.002833457 2.6123453e-05 0.001312091 0.74774134 0.025919214 0.38713494 0.05699211 0.0011186819 5.238273e-20 0.93038356 0.39914563 0.96020114 0.0019651891 0.0006090154 0.0005105009 0.35339093 0.10300301 0.45767346 0.20813131 0.0018528223 0.22195026 3.7877483e-06 0.10678073 0.23446764 0.012931023 0.0006811483 0.00040280554 0.00048643953 0.009505998 0.018473532 0.013379544 0.012887233 0.0071837474 0.012040919 4.404706e-06 0.035645634 9.916705e-06 0.017809592 0.00018413908 0.0016837639 0.0016315415 3.3312783e-05 0.008859229 0.0069743632 0.0035559165 0.003532412 0.008007029 0.00045875268 0.00029717622 0.0019360828 0.0012240681 3.7222171e-06 0.0002365642 0.00079104735 0.00038370982 0.00011399997 8.061052e-05 0.0051078238 4.189004e-05 0.00029491726 3.4434288e-05 0.0033232726 0.003264348 1.5095104e-07 3.3280106e-05 0.0037343097 2.5980555e-06 0.00025403342 8.178494e-06 0.0027851954 0.00017121162 0.00071119296 3.4832394e-06 2.812725e-06 0.000114743634 0.0002399399 6.1757355e-06 0.0010985956 0.004872502 1.1290766e-05 0.0022947995 0.0056814956 2.4945578e-07 4.0572054e-06 3.0759186e-06 2.536213e-07 0.0071417955 5.1918287e-06 2.710859e-06 0.0013915795 8.9008006e-07 0.00084612065 5.4870776e-07 3.680573e-05 2.9858747e-06 3.6663791e-06 1.0993853e-06 0.0020395962 7.4049763e-06
0.28442642 0.028983716 0.0015609175 7.272595e-05 0.0051784334 0.5259883 0.012671214 0.1177501 0.40335935 0.003966701 0.93038356 1.4935315e-20 0.76462173 0.9473597 0.011841891 0.0004604711 0.0039864597 0.1909119 0.30914146 0.6568524 0.46768215 0.010692005 0.40459153 1.2853857e-05 0.25605595 0.36571327 0.014422483 0.0029313923 0.0024432288 0.00418241 0.013802007 0.010249578 0.037917864 0.038528718 0.018196665 0.005474948 5.4481334e-06 0.07427625 3.4442597e-05 0.035794105 0.00085096626 0.0009334772 0.003882536 0.0003326353 0.009515658 0.018386668 0.0036816178 0.0017608283 0.019265326 0.0014592482 0.00023944797 0.0015762052 0.0027636844 5.655754e-06 0.0002832359 0.0008062974 0.00020360424 8.004112e-05 0.00021831552 0.008881063 0.00017525922 0.0002862026 2.2033906e-05 0.0071922997 0.006906056 3.4551618e-07 1.4011483e-05 0.00598775 8.192845e-07 0.00019781312 3.1903612e-06 0.004101278 0.00027656183 0.0011455535 8.670225e-06 2.0866199e-05 8.771335e-05 0.00016782244 2.4488377e-06 0.0017570365 0.005266741 1.3603544e-05 0.0033633907 0.005425189 5.0402235e-08 1.9928373e-05 3.1708394e-06 3.965651e-08 0.007984679 3.7705852e-06 1.4603418e-06 0.0013540732 4.0086925e-07 0.00091543095 4.6398347e-07 6.156427e-05 7.546609e-07 1.4461169e-06 1.9108003e-07 0.001203337 3.6868628e-06
0.75978225 0.09096823 0.002383519 0.00015146623 0.017233828 0.34581333 0.005104586 0.038010005 0.96086043 0.05278489 0.39914563 0.76462173 1.5985244e-17 0.49585563 0.24605545 0.0028898723 0.017134516 0.05605045 0.67729944 0.21845971 0.66730636 0.08809255 0.11496521 5.869341e-05 0.31655097 0.109068796 0.0020713415 0.020967081 0.01778769 0.024941029 0.003165982 0.016271781 0.11936884 0.07984605 0.05444673 0.004659703 1.4892048e-05 0.1315804 0.0002726192 0.08771893 0.0065738643 0.0004622008 0.023644414 0.0010729462 0.0039282218 0.088521145 0.0029973455 0.0007943968 0.05175535 0.009377061 0.00013026148 0.0012088068 0.017032227 2.1082547e-05 8.820365e-05 0.00067200075 0.0001002953 5.894814e-05 0.0033832416 0.043759547 0.0025906565 0.00047247374 6.1568585e-06 0.03349732 0.032234218 7.1982095e-07 1.0514441e-05 0.06493311 3.7753205e-06 0.00013119189 8.285946e-06 0.052805476 0.0026105582 0.01798003 5.7003712e-05 0.00062711444 7.6046235e-05 0.00050019217 1.0510872e-05 0.013429688 0.02733424 1.2812326e-06 0.023447327 0.023608143 1.3549669e-07 0.00028660026 5.1233524e-06 1.9653828e-07 0.044493537 9.020002e-06 1.8411572e-06 0.0040860525 5.991225e-07 0.016983705 1.0533917e-06 4.91495e-05 1.7875527e-06 1.8078255e-06 9.108368e-07 0.0023894291 3.265467e-06
0.13290899 0.0074826744 0.0009380973 3.075008e-05 0.0013287392 0.47442073 0.0073583815 0.11853911 0.07465527 0.0011101604 0.96020114 0.9473597 0.49585563 1.498988e-20 0.0030780274 0.00038798896 0.0009684792 0.21724762 0.1516418 0.7187781 0.26097113 0.0020484244 0.38134363 9.543608e-06 0.18387537 0.39612284 0.032246742 0.0012211769 0.0005451695 0.0010520645 0.020401997 0.017715562 0.012656424 0.013927898 0.004982357 0.011500957 5.6584463e-06 0.03932222 2.569699e-05 0.015192012 0.00023688006 0.0015563763 0.0012468223 0.00010222108 0.017858151 0.007668732 0.005243073 0.0029468616 0.00794371 0.00059184385 0.0006079517 0.0026088783 0.0009074199 1.3647054e-06 0.00055272586 0.0007334781 0.0006259511 0.00044160668 7.681888e-05 0.004008936 4.4431676e-05 0.00053746527 0.00017169102 0.0026565485 0.002530281 1.07682084e-07 0.00010452082 0.0031195525 2.9078603e-05 0.0008517611 6.1976454e-05 0.0022537871 0.00020933858 0.0006468428 2.0449295e-06 6.5913937e-06 0.00019197185 0.0006505497 2.225003e-05 0.0010939938 0.0036479523 3.813659e-05 0.0015169225 0.0039255796 1.3713199e-06 7.381905e-06 7.211516e-06 3.4787279e-06 0.006766406 1.1273509e-05 4.4518056e-06 0.0018664409 1.4214164e-06 0.0006413343 1.5852223e-06 2.0984118e-05 2.535832e-06 5.193983e-06 9.789228e-07 0.002282187 1.1626977e-05
0.80637556 0.24963959 0.008635188 0.0005244949 0.07386945 0.06297525 0.00068019255 0.004621576 0.8252897 0.8956322 0.0019651891 0.011841891 0.24605545 0.0030780274 3.1554247e-17 0.24349408 0.7909606 0.007250718 0.08910899 0.0017476805 0.01569696 0.6895159 0.00059852353 0.005092289 0.0034307744 0.0006225105 4.4098735e-05 0.38959128 0.54183024 0.31436408 6.2913015e-05 0.0021289978 0.0632308 0.033420533 0.14820768 0.00031022733 0.0009109085 0.006185464 0.00392505 0.0124646975 0.50604236 0.00019313462 0.11531083 0.06612842 0.0002565626 0.06761133 0.0025934228 0.0010569486 0.008528728 0.13564181 4.651629e-05 0.00021999358 0.071571626 0.0010227974 7.7653494e-05 6.566133e-05 8.619383e-06 6.1944816e-06 0.08649547 0.02316369 0.058171656 7.557277e-05 4.2222314e-06 0.017885761 0.027721468 3.6525053e-05 9.496619e-07 0.15750957 1.5174932e-06 0.00069883384 2.6700432e-06 0.16294344 0.09280595 0.20202748 0.001244211 0.046278406 0.00023376603 0.00012917211 0.0001371804 0.11131583 0.04561458 9.9413255e-06 0.1776387 0.027369782 6.988667e-08 0.005559689 0.00045789493 9.231624e-08 0.020067858 0.0004255361 6.04839e-06 0.003870822 1.5197626e-06 0.22918385 8.460867e-05 0.000287479 1.9521528e-06 1.2174837e-05 7.874953e-06 0.0021479365 4.724433e-06
0.725366 0.037288576 0.05855154 0.013675712 0.72811264 0.008431842 0.00018816706 0.004419865 0.041624527 0.83541155 0.0006090154 0.0004604711 0.0028898723 0.00038798896 0.24349408 6.291017e-15 0.7863034 0.09871365 0.00031694095 2.4493946e-05 0.00013292229 0.0088544665 8.389666e-06 0.7224685 1.2707892e-06 9.821495e-06 4.2821334e-06 0.03368634 0.14125836 0.008448499 8.657955e-06 0.0033107158 0.00014545293 0.00019374193 0.00028490523 0.0038053268 0.20138726 2.068477e-05 0.23806158 9.620739e-05 0.45772976 0.011293068 0.0031958458 0.6620934 1.2138903e-06 0.00015582053 0.10265519 0.021219637 2.0619973e-05 0.017731188 2.110239e-06 8.726601e-06 0.0057504214 0.088446505 0.0045364057 1.7640251e-06 8.931429e-07 2.955358e-06 0.17886794 0.00012455376 0.41828084 1.6132062e-06 3.8637364e-08 0.00031800123 0.0010053087 0.026793376 4.0883964e-07 0.0040279287 3.2557048e-07 0.006951849 3.156926e-08 0.0050129034 0.027314775 0.015489543 0.06713311 0.26166978 0.0016972207 3.9160645e-06 0.0028041033 0.00999733 0.00033955992 2.5648587e-05 0.009539764 0.00062873994 1.7053939e-08 0.043087672 0.007280599 1.1846306e-09 0.00023767498 0.0013259209 7.554711e-05 2.4650872e-06 2.1801425e-06 0.03941289 0.00015837672 0.0352013 5.7799184e-06 0.00014265362 0.0007828587 1.9282e-05 6.173071e-05
0.5092553 0.20406397 0.017886171 0.0014974457 0.27828288 0.039312117 0.00041934388 0.0107874 0.39615417 0.94487685 0.0005105009 0.0039864597 0.017134516 0.0009684792 0.7909606 0.7863034 2.4887223e-16 0.049280904 0.005251769 0.00026651382 0.0018596237 0.45377523 9.510939e-05 0.16470054 0.00017843423 5.6299854e-05 1.6056218e-05 0.40112796 0.70024014 0.3845777 3.7490234e-05 0.004342126 0.0074479426 0.0034511876 0.04592744 0.0009612288 0.02436211 0.00026658326 0.06474729 0.0010853022 0.85062414 0.002394426 0.08358684 0.56119424 8.52571e-06 0.011773723 0.02292161 0.008802887 0.00028714497 0.16422822 6.0364986e-05 6.089428e-05 0.05425102 0.023569517 0.0004397149 4.1435087e-06 1.7093489e-06 1.0146371e-06 0.21830857 0.0013361794 0.20769782 1.483118e-06 1.4761995e-06 0.0020072227 0.007317248 0.0011287694 2.5302072e-07 0.04222682 1.0757533e-07 0.0077096424 3.447246e-07 0.055158958 0.16837472 0.102545865 0.011647214 0.10261511 0.00088440557 5.921767e-06 0.0031882764 0.07798758 0.009686057 9.23199e-05 0.123153105 0.005206858 5.8670263e-08 0.033110008 0.008015437 5.6563792e-08 0.002021046 0.003799059 5.6286324e-05 0.00010703354 7.154482e-06 0.09622141 0.00061563635 0.0071886615 1.88045e-05 0.00023459099 2.04704e-05 0.00018811846 6.0353937e-05
0.007867086 0.0023667344 0.07225312 0.00013238222 0.0011094216 0.73422974 0.78277594 0.828195 0.023930073 0.034353435 0.35339093 0.1909119 0.05605045 0.21724762 0.007250718 0.09871365 0.049280904 2.3243235e-16 0.01417958 0.08710997 0.009495262 0.0036511438 0.03185327 0.00026997834 0.01023768 0.049878504 0.0064040716 0.0031793388 0.000542639 0.0035995806 0.003061011 0.057906404 0.006729913 0.0061774915 0.0034895935 0.11673918 0.00011028013 0.0034134693 0.00014608238 0.006968888 0.005314856 0.83070683 0.002042654 0.0015304318 0.0017971885 0.0019548384 0.025058815 0.5085344 0.00064433704 0.00043220457 0.002901771 0.00021025051 0.0011462799 9.540342e-06 0.0008623465 0.00031005256 1.7263977e-05 2.5618787e-05 0.0018675164 0.0022060634 0.0013698366 0.00013865918 0.00010692254 0.0028491963 0.0155377975 9.765307e-06 8.404657e-06 0.0035716111 2.355104e-05 0.0020113674 6.890362e-05 0.0007151589 0.00023188912 0.00024243622 0.0008162469 0.0001150612 2.2605202e-05 5.0391118e-05 3.4724984e-05 0.0006295359 0.016571248 1.6094705e-06 0.004008238 0.030278947 8.884747e-07 0.006669407 8.3570006e-07 2.4680842e-06 0.018788747 4.7262105e-07 1.5065521e-07 0.0022831252 6.050942e-07 0.00041681388 2.7439324e-07 0.003139814 1.4584253e-06 2.6626014e-07 0.0007795297 0.00047554995 3.5570196e-07
0.7625667 0.020098705 0.00061179855 2.6080908e-05 0.0024034192 0.076164275 0.0004220132 0.006535215 0.39957693 0.009101916 0.10300301 0.30914146 0.67729944 0.1516418 0.08910899 0.00031694095 0.005251769 0.01417958 1.3244491e-18 0.075107984 0.96933085 0.15318589 0.07722349 2.3610994e-05 0.4791755 0.09527028 0.0013974351 0.026441926 0.013121992 0.050757643 0.0024379918 0.0057125264 0.25213888 0.20672466 0.17458196 0.0014164909 3.8782186e-06 0.3343923 0.00013277253 0.19174352 0.0039050712 0.00043917305 0.044071738 0.00050544244 0.0023050073 0.15792358 0.0009693741 0.0018404621 0.13295135 0.009208838 0.00015241344 0.00083099405 0.021659443 1.3346115e-05 3.5186116e-05 0.00023498396 3.2985212e-05 1.5978983e-05 0.0013329678 0.05894459 0.0006850238 0.0002657499 3.763666e-06 0.046222873 0.057089064 1.18088124e-07 3.028006e-06 0.09185016 4.791001e-07 5.0879124e-05 2.6768785e-06 0.059508383 0.002137527 0.011830625 2.8604131e-06 0.00012773968 2.4032634e-05 0.00043206484 1.2590332e-05 0.012089545 0.08364784 4.9509367e-06 0.031197168 0.0684259 1.852505e-08 1.2508138e-05 2.4649464e-06 4.0781956e-08 0.08894801 6.009626e-06 1.4043608e-06 0.0072157714 6.845287e-07 0.014356689 1.2100103e-06 3.84816e-06 1.5159931e-06 8.163045e-07 5.482265e-07 0.0020418752 1.7572668e-06
0.35679126 0.0026707677 7.2727606e-05 9.12758e-06 0.00021128064 0.18977363 0.00095981633 0.02681551 0.019374415 0.00035732324 0.45767346 0.6568524 0.21845971 0.7187781 0.0017476805 2.4493946e-05 0.00026651382 0.08710997 0.075107984 2.8712237e-20 0.1560104 0.0012030295 0.96284497 3.2756742e-07 0.20900792 0.86977124 0.23857759 0.00033724995 0.0001933471 0.00069466693 0.09613966 0.024502026 0.010420443 0.010620638 0.003040259 0.018919207 1.1583188e-06 0.06861541 1.0339428e-06 0.010125058 8.3061495e-05 0.00010142259 0.001361685 1.1613002e-05 0.10902536 0.0079014525 0.010467599 0.00074180774 0.0152351465 0.00042285235 0.0019688567 0.019518593 0.001292336 1.8468363e-07 0.0006659168 0.0033764113 0.003222349 0.0021484897 5.065433e-05 0.005139698 9.96572e-06 0.0038935973 0.0005554747 0.004015096 0.004773611 1.3984934e-08 0.0007021071 0.0050745383 0.00017881684 0.00041109542 0.00013647876 0.0027238424 9.8877754e-05 0.00046888812 2.8091583e-07 9.483631e-07 7.50534e-05 0.003001873 2.3209354e-06 0.0011675456 0.0061584036 2.160841e-05 0.0021875892 0.0069701946 2.776069e-06 9.679472e-07 1.7436947e-06 7.2505127e-06 0.011236189 6.3666293e-06 1.5033359e-05 0.006751776 1.8886299e-06 0.0009360469 1.6727389e-06 3.465129e-06 2.7898168e-06 6.28409e-06 2.5945553e-07 0.0069554998 3.655016e-06
0.36440057 0.0041031186 6.515935e-05 8.129247e-06 0.00052741996 0.09763234 0.0009158033 0.016535584 0.12081211 0.0023341272 0.20813131 0.46768215 0.66730636 0.26097113 0.01569696 0.00013292229 0.0018596237 0.009495262 0.96933085 0.1560104 1.0418504e-19 0.022841321 0.1917804 1.562769e-05 0.9057764 0.19234674 0.006645788 0.002535427 0.000949207 0.007980123 0.0063032946 0.008760694 0.07592441 0.106696345 0.023357376 0.0038899656 9.234029e-06 0.372342 0.00012869712 0.11045892 0.00044783967 0.00030738986 0.0067274394 0.0002706992 0.00898366 0.036064763 0.0023307952 0.0016969965 0.053363815 0.0026330624 0.0004689635 0.002877231 0.004350115 2.2187044e-06 0.0001400322 0.00095796084 0.00087298435 0.00049123005 0.00040109418 0.012098622 0.0004181837 0.0006528833 0.00019189608 0.010282302 0.013415077 1.3017801e-08 0.00021354399 0.021623598 2.2951439e-05 6.184939e-05 0.0001275712 0.018117055 0.0006375865 0.0033343583 1.0385746e-06 6.446216e-05 4.349553e-05 0.0015856571 4.917935e-06 0.0041289753 0.020622164 1.1861183e-05 0.007103437 0.018488076 1.1430129e-06 9.1675965e-06 1.0583196e-06 3.314949e-06 0.024510814 7.843077e-06 2.373135e-06 0.0086633535 6.3188463e-07 0.0044961455 1.1393475e-06 1.7230284e-06 1.478073e-06 1.1951014e-06 1.5439751e-06 0.0047546336 2.5450797e-06
0.76781917 0.08438421 0.0009855907 4.1613748e-05 0.0043501444 0.016047372 5.0908486e-05 0.0016173068 0.22209173 0.14464569 0.0018528223 0.010692005 0.08809255 0.0020484244 0.6895159 0.0088544665 0.45377523 0.0036511438 0.15318589 0.0012030295 0.022841321 4.446146e-17 0.0005837686 0.00042035125 0.0063439747 0.0005012454 4.7952017e-05 0.85286736 0.74319345 0.8731206 6.126773e-05 0.0009199863 0.26101348 0.16427207 0.67633706 0.00018324495 0.000111411326 0.025050325 0.00096465787 0.040086064 0.42572775 0.00023668201 0.44792232 0.0048358957 0.00032693593 0.2302588 0.0009550382 0.00083212456 0.032973018 0.29457623 9.664727e-06 6.949121e-05 0.16605213 0.00016353634 1.1451238e-05 2.0552125e-05 4.550945e-06 2.73963e-06 0.03227549 0.044041898 0.012439345 2.7823071e-05 2.447671e-07 0.037879292 0.065501794 9.779067e-07 3.4394995e-07 0.19289996 1.3473372e-07 0.00016607935 8.2604504e-07 0.1774618 0.047900867 0.17345373 1.9168016e-05 0.0057349806 3.2024465e-05 0.000104323146 2.2147586e-05 0.10922443 0.0887503 7.340035e-07 0.16250329 0.07036248 5.376433e-09 0.00011209192 3.180772e-05 7.3701187e-09 0.064432494 1.204805e-05 3.6563563e-07 0.008767832 1.2717173e-07 0.16912657 2.4600333e-06 1.7285123e-06 3.1748195e-07 3.1516484e-07 5.7945602e-08 0.0043954346 4.4655462e-07
0.46520874 0.0012510148 3.377123e-05 2.8978234e-06 3.7700334e-05 0.08961429 0.0002552469 0.008704372 0.012327818 8.11537e-05 0.22195026 0.40459153 0.11496521 0.38134363 0.00059852353 8.389666e-06 9.510939e-05 0.03185327 0.07722349 0.96284497 0.1917804 0.0005837686 2.7926666e-22 1.6223558e-07 0.28770313 0.94728667 0.25859806 0.00019146758 4.1313935e-05 0.0007055575 0.12518235 0.020680001 0.0154239405 0.021088464 0.0033307702 0.0132428575 9.737826e-08 0.15957831 2.7786317e-07 0.01986423 3.3930348e-05 0.00018541046 0.00078187685 7.590469e-06 0.3641251 0.022727698 0.007658686 0.00072817167 0.04092098 0.00053243624 0.0010212831 0.06400588 0.0016679084 2.2915557e-08 0.0003075784 0.010621722 0.004813988 0.0020848408 2.94577e-05 0.008398023 7.763524e-06 0.023418497 0.00041169158 0.006003935 0.0073879776 2.0746904e-09 0.00095719745 0.010127086 0.00010012395 0.0004061834 6.862714e-05 0.0042037535 6.9381815e-05 0.0007092505 1.3819535e-07 5.75106e-07 4.6186262e-05 0.0057834038 1.5744272e-06 0.0009756609 0.0135039855 1.5831563e-05 0.0021018195 0.012912502 1.8127752e-06 6.9208136e-07 1.4853928e-06 3.5521166e-06 0.022652082 1.7819361e-06 2.0820135e-06 0.021327876 1.0789678e-06 0.0008319658 3.796943e-07 2.117967e-06 1.0918133e-06 1.2330497e-06 2.4549863e-07 0.015356776 9.571138e-07
0.038346037 0.0011910134 0.0012145139 0.0014338688 0.0140254395 0.00010375055 1.5760077e-06 2.9142177e-05 0.0012866533 0.07656004 3.7877483e-06 1.2853857e-05 5.869341e-05 9.543608e-06 0.005092289 0.7224685 0.16470054 0.00026997834 2.3610994e-05 3.2756742e-07 1.562769e-05 0.00042035125 1.6223558e-07 7.862451e-17 1.0860527e-06 3.7385868e-07 1.5998104e-07 0.0027691443 0.020303996 0.0010998893 4.5037044e-07 7.787353e-05 4.5236604e-05 2.246647e-05 6.486714e-05 1.4027205e-05 0.97441554 7.4611326e-06 0.9292835 2.294599e-05 0.17562488 4.2866468e-05 0.0009380424 0.7311443 1.2697419e-07 5.4745487e-05 0.00010388659 6.131963e-05 2.0286609e-05 0.009820401 3.0024722e-07 6.164176e-07 0.002006747 0.17169084 5.542084e-06 1.1590414e-06 6.532632e-08 5.0299384e-08 0.071080446 8.531269e-05 0.24433593 1.0005517e-07 1.939691e-08 0.00021603395 0.00058921555 0.055386852 6.541434e-08 0.0012446102 4.0017277e-08 4.1357413e-05 9.290901e-09 0.002208242 0.032793447 0.0073328116 0.09483974 0.18609655 2.2941941e-07 4.236261e-07 1.179718e-06 0.0065815053 0.0003581207 8.440637e-07 0.003579734 0.00023456775 3.8007745e-08 0.091111384 8.540964e-07 2.6852828e-10 6.324447e-05 1.4204257e-06 3.0222256e-07 3.169068e-06 2.302688e-07 0.009012024 7.755838e-07 0.041141175 5.17568e-07 8.177124e-07 1.8014036e-07 6.525188e-05 3.8716462e-07
0.8426153 0.0007776885 6.971677e-05 3.2721946e-06 3.398087e-05 0.055352792 0.0003502989 0.0054164217 0.046743568 0.0003363532 0.10678073 0.25605595 0.31655097 0.18387537 0.0034307744 1.2707892e-06 0.00017843423 0.01023768 0.4791755 0.20900792 0.9057764 0.0063439747 0.28770313 1.0860527e-06 1.5885647e-20 0.46249756 0.012789639 0.0007913303 0.0001535993 0.0033289206 0.0077058133 0.01132949 0.13071057 0.16144203 0.05600736 0.004250036 1.8944567e-06 0.9295535 1.0468367e-05 0.28126433 0.00010611818 0.00045475308 0.007848752 3.5802852e-05 0.07343231 0.14260912 0.002346823 0.0015640534 0.2821599 0.0026235164 0.0003431244 0.012327884 0.008314598 1.6595656e-07 0.00011840135 0.0046549486 0.0032915433 0.0015210734 0.00015452302 0.060656056 0.00013664873 0.008019703 0.00020930046 0.037929907 0.0454911 4.8552575e-09 0.00064083753 0.08323802 7.92434e-05 0.00020970883 0.0001726234 0.049911108 0.00053271564 0.007741581 6.3196985e-08 2.3481738e-05 2.692544e-05 0.010398091 5.830542e-06 0.00771762 0.1306689 1.6310994e-05 0.014470993 0.1140571 1.117269e-06 6.5138903e-07 1.5480517e-06 3.089006e-06 0.19939491 4.3570194e-06 3.2133448e-06 0.0576309 3.7392767e-06 0.0064024315 1.0774623e-06 1.6297528e-07 5.626085e-06 3.0680965e-06 8.601367e-06 0.027623514 7.687322e-06
0.93841535 0.0033115796 8.350357e-05 6.961993e-06 0.0005016666 0.12338451 0.00012288308 0.009090995 0.008782222 4.7081176e-05 0.23446764 0.36571327 0.109068796 0.39612284 0.0006225105 9.821495e-06 5.6299854e-05 0.049878504 0.09527028 0.86977124 0.19234674 0.0005012454 0.94728667 3.7385868e-07 0.46249756 7.1311095e-21 0.51606905 0.00017044348 4.9373073e-05 0.0004509455 0.34910086 0.04674389 0.020171683 0.03064227 0.002463581 0.033696976 1.04604226e-07 0.32781067 3.5823612e-07 0.0340572 2.5165647e-05 0.00010489818 0.00075957127 3.7324364e-06 0.83629096 0.033420388 0.024380784 0.00039499687 0.10244853 0.0006324635 0.004281297 0.42036068 0.0018354815 3.3256896e-08 0.002291626 0.22469415 0.08732705 0.029216096 2.1920392e-05 0.016244067 7.984637e-06 0.24106812 0.0015609771 0.011662135 0.009435548 6.889796e-09 0.022125348 0.013875901 0.00083121203 0.003097994 0.00042311777 0.005632665 8.2949e-05 0.0018967545 2.1130028e-07 1.1926023e-06 0.0002666946 0.07036304 1.0465491e-05 0.0013654574 0.024549672 3.4500063e-05 0.0019297601 0.01946422 2.2277014e-05 1.020513e-06 6.473652e-06 4.74137e-05 0.05309705 4.583779e-06 5.4409998e-06 0.17426828 1.1005933e-05 0.0010442282 1.3180512e-06 4.0465097e-06 1.3861112e-05 4.1904846e-06 3.077644e-06 0.14769852 7.1459235e-06
0.39909276 0.00013344761 5.484707e-05 5.7712407e-07 0.00013076096 0.015980907 1.4792048e-05 0.0041229194 0.0009365255 8.554362e-06 0.012931023 0.014422483 0.0020713415 0.032246742 4.4098735e-05 4.2821334e-06 1.6056218e-05 0.0064040716 0.0013974351 0.23857759 0.006645788 4.7952017e-05 0.25859806 1.5998104e-07 0.012789639 0.51606905 6.3770144e-21 1.8043575e-05 1.0615959e-06 9.873048e-05 0.99581516 0.15416698 0.0010568149 0.0022737253 0.0001507608 0.06149231 1.474215e-07 0.009535002 5.407513e-07 0.0021394189 9.492236e-07 2.6183834e-05 3.4251563e-05 3.2536639e-06 0.346292 0.0011307059 0.020395314 0.00016169336 0.0029876027 2.8624803e-05 0.02888234 0.17693268 5.3841763e-05 1.0736952e-07 0.0045256373 0.08109776 0.10928833 0.11188356 1.5954324e-06 0.0006218631 4.3107022e-07 0.05340586 0.010277391 0.00040874415 0.0003649382 6.368035e-09 0.019287989 0.0004933611 0.0069303256 0.0052586826 0.0021720561 0.00019559656 5.409908e-06 0.000112826994 2.9310857e-07 7.822638e-08 0.0010923466 0.023908231 9.438067e-05 8.496323e-05 0.0027794708 0.0001931641 0.0001359455 0.002804212 8.044924e-05 2.1231115e-06 1.0070345e-05 6.106875e-05 0.0058414564 4.450626e-06 5.733583e-06 0.008148028 1.2384018e-05 0.00010164744 9.729272e-07 1.8078704e-06 9.187438e-06 2.1908888e-06 2.4119998e-07 0.01774521 1.4692275e-06
0.8151685 0.03738396 0.00089558755 8.101529e-05 0.010493706 0.008910174 5.034726e-05 0.00244759 0.08288959 0.06543395 0.0006811483 0.0029313923 0.020967081 0.0012211769 0.38959128 0.03368634 0.40112796 0.0031793388 0.026441926 0.00033724995 0.002535427 0.85286736 0.00019146758 0.0027691443 0.0007913303 0.00017044348 1.8043575e-05 4.469409e-17 0.75405717 0.915819 2.7374475e-05 0.00027961432 0.08494985 0.028676264 0.6076818 4.1647218e-05 0.00043166042 0.0017188599 0.0031341536 0.0059357528 0.5989806 0.00029672534 0.5730432 0.009646846 1.1894599e-05 0.16947657 0.00026080722 0.0004775166 0.0049677105 0.52271146 7.175815e-06 4.4253793e-06 0.23605071 0.0010401339 1.04327355e-05 5.829513e-06 2.6065965e-07 1.1078816e-07 0.06254496 0.019879177 0.013317504 2.9257615e-06 2.9885172e-07 0.01742542 0.04501372 8.092289e-06 5.9984075e-08 0.17835692 1.337461e-08 0.00019940129 2.9602083e-07 0.19333458 0.08491267 0.19043456 0.00033052234 0.0046329615 1.4384988e-05 4.4633307e-06 2.6308362e-05 0.10103739 0.030668989 7.197328e-06 0.13900344 0.015682558 9.4511e-09 0.00020430035 6.0747247e-05 3.9956007e-09 0.02211091 3.2448468e-05 7.00536e-07 0.0014318081 3.2169552e-07 0.16095643 5.182089e-06 5.0501763e-05 7.627779e-07 5.4114173e-07 2.3250069e-08 0.0011466538 6.380673e-07
0.8988695 0.052192237 0.000998211 0.00021391148 0.026011726 0.0032181295 2.4696676e-05 0.0012238754 0.0896498 0.15735246 0.00040280554 0.0024432288 0.01778769 0.0005451695 0.54183024 0.14125836 0.70024014 0.000542639 0.013121992 0.0001933471 0.000949207 0.74319345 4.1313935e-05 0.020303996 0.0001535993 4.9373073e-05 1.0615959e-06 0.75405717 6.8986085e-16 0.69572514 4.640899e-06 0.0001720759 0.026224779 0.0041069966 0.22697277 3.8090315e-05 0.0072071957 0.00036327945 0.022208061 0.0029439894 0.8904653 0.00010941963 0.39762062 0.13379373 6.1687606e-06 0.08986989 0.00012282626 0.00022270465 0.0036536795 0.5987335 2.3661971e-06 7.219929e-07 0.18853292 0.0064985775 1.9021597e-06 1.5175092e-06 2.0069743e-08 2.129168e-08 0.3097338 0.017926054 0.15122856 6.6063462e-06 9.7656134e-08 0.013863738 0.023470413 0.000447876 4.0506656e-09 0.1589373 1.1135034e-08 2.1883505e-05 8.060417e-08 0.18203036 0.20283805 0.28938746 0.002508374 0.08455278 2.1876922e-06 2.856368e-06 1.0626194e-05 0.135542 0.02317231 1.6456029e-06 0.16915292 0.012474925 3.6838421e-09 0.004225625 1.308063e-05 3.2258812e-10 0.0172921 1.9244544e-05 3.694217e-07 0.0003868021 1.5730473e-07 0.23587273 2.1349285e-06 0.0010978902 3.753953e-07 4.550591e-07 3.913108e-08 0.00046525206 2.7171214e-07
0.7535262 0.02980836 0.0008406409 6.1436476e-05 0.009354034 0.007697693 4.70397e-05 0.001584753 0.0705504 0.043356597 0.00048643953 0.00418241 0.024941029 0.0010520645 0.31436408 0.008448499 0.3845777 0.0035995806 0.050757643 0.00069466693 0.007980123 0.8731206 0.0007055575 0.0010998893 0.0033289206 0.0004509455 9.873048e-05 0.915819 0.69572514 3.0571512e-18 0.00011279999 0.00054981874 0.21245547 0.11312076 0.8266377 7.931121e-05 0.00017485322 0.011935457 0.001414984 0.028923068 0.40064177 0.0003065637 0.7296455 0.0027308653 4.3049426e-05 0.3089368 0.00046446186 0.0005601932 0.024389975 0.52624154 1.47315395e-05 6.135997e-06 0.3373938 0.00053700665 1.3014817e-05 7.38406e-06 6.224887e-07 3.482809e-07 0.0361283 0.04388192 0.005971685 4.3754408e-06 2.1739738e-06 0.04424192 0.11284829 4.408e-06 2.8994168e-07 0.20944358 3.0127453e-08 0.00029867553 1.3808449e-06 0.2121936 0.08160058 0.17657207 0.00010021623 0.0018777512 8.336452e-06 3.706086e-06 2.209809e-05 0.122769825 0.0629217 5.759521e-06 0.14554645 0.036078904 1.5119387e-08 4.8376158e-05 4.4588356e-05 7.152434e-08 0.031028464 7.725989e-06 1.0290684e-06 0.0046210936 3.96512e-07 0.12761368 3.5226055e-06 8.534382e-06 1.071563e-06 7.531698e-07 9.709376e-08 0.0025167123 1.2439882e-06
0.41602007 0.00016144098 0.0001054044 2.4146664e-06 5.6870675e-05 0.01803513 0.00013793183 0.014496983 0.0011721886 2.0050873e-05 0.009505998 0.013802007 0.003165982 0.020401997 6.2913015e-05 8.657955e-06 3.7490234e-05 0.003061011 0.0024379918 0.09613966 0.0063032946 6.126773e-05 0.12518235 4.5037044e-07 0.0077058133 0.34910086 0.99581516 2.7374475e-05 4.640899e-06 0.00011279999 7.157381e-21 0.4649272 0.0011476832 0.0022434574 0.00017624476 0.15268356 9.381397e-07 0.007789445 1.8878771e-06 0.002283282 4.943902e-06 7.08002e-05 4.932893e-05 6.239232e-06 0.23404317 0.00045070238 0.073277645 0.0003343808 0.0021284467 4.4054344e-05 0.25617892 0.1620124 6.519497e-05 1.6996584e-07 0.022642966 0.070047416 0.15213437 0.18891746 4.9116775e-06 0.00055400294 9.27112e-07 0.04324997 0.13735099 0.00036123904 0.00032420954 2.0612245e-07 0.035286397 0.00027516618 0.05618688 0.01169042 0.04238575 0.00011050996 4.9003875e-06 0.00015527687 3.8795082e-07 9.3338e-08 0.010207038 0.022827389 0.0006762516 0.00016920806 0.0015718124 0.0030797054 6.2390514e-05 0.00186105 0.00091531954 5.771389e-07 0.0001956363 0.002081943 0.0029936207 7.021701e-05 7.539474e-05 0.005399953 0.00039601207 6.2752726e-05 3.32313e-05 2.3717187e-06 0.0003039402 5.241866e-05 5.395826e-06 0.012913598 5.128776e-05
