3.202175e-29 0.9679565 0.95801586 0.87833375 0.8851505 0.92889863 0.7896726 0.92613286 0.8354739 0.91803885 0.91141236 0.9504763 0.9649478 0.84993196 0.8926253 0.56162757 0.6058528 0.3660834 0.90648293 0.902044 0.8070245 0.22347635 0.9595339 0.687991 0.80928546 0.3591534 0.105112866 0.89518183 0.95517874 0.7137994 0.48346287 0.07035858 0.8022497 0.6820337 0.83671975 0.8577704 0.10034512 0.29171324 0.04091535 0.91834235 0.88094634 0.9883622 0.96154314 0.071236365 0.636762 0.0183449 0.041912153 0.022121448 0.021312717 0.76116335 0.6030188 0.11466434 0.043780994 0.16407835 0.01724078 0.27066138 0.049746595 0.007531505 0.01755242 0.9895088 0.9937621 0.40811163 0.9814724 0.08950208 0.02848127 0.38106713 0.9961978 0.0017976668 0.2760489 0.020977773 0.036394823 0.016377702 0.0118546365 0.0004543859 0.07488392 0.0024384279 0.99735713 0.0039306534 0.002716075 0.12192498 0.002895703 0.0072950204 0.9119455 0.985273 0.0031109278 0.00029569233 0.9250957 7.354098e-05 0.61267453 0.037373316 0.99987614 0.9939147 0.0002982864 8.069778e-06 4.1013658e-07 0.99871683 0.99997205 1.810329e-06 0.3304338 0.9952986 0.0795538
0.9679565 2.6201182e-21 0.19746636 0.1714955 0.15772069 0.06863284 0.15369846 0.0291049 0.15022065 0.09608018 0.24757493 0.7998249 0.024877254 0.039685763 0.34551767 0.024960466 0.024314545 0.016863875 0.10763182 0.0056314487 0.0010128771 0.01886747 0.52199155 0.0057292543 0.0010874717 0.037998963 0.008816699 0.0322142 0.0019668532 0.00019321826 0.005134882 0.006147624 0.015796078 0.00029918383 0.004806227 0.0033628056 0.005009192 0.01740525 0.0037439982 0.00066531345 0.0021207342 0.35226542 0.0048203673 0.007387787 0.00029345724 0.0014959093 0.0017882121 0.0005173033 0.0022179652 0.00030981787 2.5846375e-05 5.0496565e-05 0.0018572735 0.00041340737 0.001723626 2.9781642e-05 0.0006085672 0.0007033976 0.0005950554 0.016750617 0.008383255 7.90363e-05 0.0014757043 3.6990612e-05 0.0004658841 0.00010012977 0.183634 9.6174736e-05 4.4048673e-05 1.8877738e-05 3.1253006e-05 1.7144126e-05 9.173548e-05 4.596228e-06 2.1911135e-05 0.0003367701 0.027544416 2.283579e-05 0.00011011869 0.00068288075 4.333674e-05 2.663845e-06 0.0022560484 0.0030700606 0.00013424705 1.6491984e-05 0.0045496346 4.413222e-05 0.00021030067 1.006805e-05 0.014701613 0.0045722746 4.5438933e-06 9.208666e-06 5.788005e-06 0.0041288687 0.030168556 9.108173e-06 0.00020931503 0.015057932 2.0943711e-05
0.95801586 0.19746636 3.0810552e-20 0.006368798 0.005629427 0.8065645 0.015459659 0.44954866 0.093690604 0.31238785 0.005491179 0.02116412 0.83152485 0.1956071 0.007880911 0.004592033 0.010901149 0.0024645352 0.005248022 0.059939228 0.021793084 0.0038573474 0.09415122 0.018816292 0.014593556 0.0054923887 0.0029364275 0.0003526521 0.007989154 0.0022210865 0.010922488 0.0021407923 0.00033730207 0.0017123538 0.00010344241 6.791784e-05 0.0028387243 0.0021803805 0.0011869462 0.0009839961 3.117912e-05 0.14377028 0.000112144626 0.00064454816 0.0008616264 0.00047561183 0.0013180746 0.00015878293 0.001008278 5.1251624e-05 3.6814945e-06 5.9007135e-07 0.0011634976 0.0038826065 9.12131e-05 0.00037892006 0.00059316726 3.1898853e-05 6.729695e-05 0.00086695026 0.00034976198 5.0465683e-06 0.00017974558 0.00045714332 0.00013776014 2.8140787e-05 0.058231466 7.031641e-06 0.00015541035 6.778228e-05 0.0004641315 6.822282e-05 0.00029245482 9.3848166e-07 8.210774e-05 0.000105738145 0.003036948 8.426194e-05 6.179097e-05 0.00016693541 0.0001083106 1.6354374e-05 0.00011677554 0.0003464282 0.00064734457 5.533785e-05 0.0005659982 8.245159e-05 0.00060085603 3.4893337e-06 0.0017899992 0.00060681935 2.6016169e-05 5.2688674e-06 4.224595e-06 0.00047070533 0.008104284 3.7679634e-05 1.5663067e-05 0.020755803 2.9949497e-06
0.87833375 0.1714955 0.006368798 1.0088973e-22 0.8426693 0.0006273367 0.67107373 0.00034841598 0.26960617 0.00384716 0.7501762 0.06121627 0.00037163304 0.0036303634 0.12722872 0.38561335 0.27018005 0.2920623 0.102333866 3.168196e-05 7.4195144e-05 0.22610687 0.034497984 0.0002755656 7.030126e-06 0.2692911 0.0816935 0.0012029727 1.0519958e-05 4.851684e-07 0.004826018 0.024318581 0.007018859 8.8436457e-07 0.00038754335 0.00031110848 0.01187 0.03864854 0.0130483415 9.629165e-07 0.00016397142 0.012628429 0.00029339065 0.007692908 1.0306143e-06 0.008185388 0.0018625415 0.006459903 0.0064912657 4.5831952e-05 8.811848e-05 4.345647e-05 0.004131057 0.0002592981 0.0044411626 1.2733798e-07 0.003046544 0.001570243 0.005541078 0.0032355224 0.003470451 1.9877767e-05 0.0019852684 4.7533613e-06 0.0142442975 3.0755888e-05 0.0064642634 0.0005290431 2.3956636e-07 5.5757848e-08 1.0563045e-05 7.51239e-08 2.5726393e-05 5.5381883e-05 1.5394436e-08 0.0008005204 0.002890381 1.6272285e-06 8.38747e-05 8.179203e-06 3.0292795e-06 1.0847428e-07 0.00082250295 0.00090241496 4.151845e-05 4.066873e-05 0.00043755013 0.00017012111 2.7861e-06 1.6348737e-06 0.0017956517 0.0010002622 9.82001e-07 3.6857418e-06 1.8772273e-06 0.0015784753 0.0024767343 8.8974826e-07 5.4835587e-06 0.0017517753 1.3640269e-07
0.8851505 0.15772069 0.005629427 0.8426693 3.948716e-22 0.00042413126 0.59382015 0.00023501378 0.23694386 0.00323732 0.78531593 0.060449306 0.0003205705 0.0026006324 0.12682723 0.34080076 0.23015398 0.271271 0.11961133 1.9249957e-05 6.5146494e-05 0.22068861 0.03573725 0.0001594538 4.9818555e-06 0.27844194 0.07629164 0.0023025554 8.253193e-06 4.5179908e-07 0.0047577857 0.021427441 0.010566185 7.045506e-07 0.0006805205 0.00045176965 0.011128539 0.04545325 0.011734204 5.6738867e-07 0.0002445596 0.012498527 0.0004414433 0.009276865 8.6247144e-07 0.00730638 0.0017123307 0.005823535 0.005546029 6.792192e-05 0.00012482381 8.384854e-05 0.0039476226 0.00025530803 0.0051733884 9.68328e-08 0.002904317 0.0018807271 0.0062828627 0.00461418 0.004519364 3.4128996e-05 0.0023682674 4.8719953e-06 0.013852636 5.601301e-05 0.0072516026 0.00060994196 1.7598201e-07 6.164725e-08 9.889733e-06 7.99406e-08 2.2776348e-05 6.917178e-05 1.6389698e-08 0.000826404 0.0037944608 1.5828144e-06 0.00011892168 6.910937e-06 3.183896e-06 9.748549e-08 0.0010928175 0.0012290349 4.3627137e-05 4.0522424e-05 0.00064555305 0.0001563521 1.9129584e-06 3.0553251e-06 0.0024736903 0.0013449253 9.297426e-07 3.8948315e-06 1.9016246e-06 0.002386189 0.0029150988 1.0755087e-06 1.005197e-05 0.0017755553 3.580476e-07
0.92889863 0.06863284 0.8065645 0.0006273367 0.00042413126 1.4243006e-20 0.003983414 0.8140218 0.05782917 0.45653334 0.00023444674 0.0053333254 0.7760212 0.3711461 0.0015363331 0.0011260024 0.0058814916 0.0006659971 0.00037993162 0.20649408 0.13242555 0.0006650385 0.02728944 0.063467294 0.071936205 0.00075097725 0.0008180568 2.3838698e-05 0.043337177 0.021007787 0.017794222 0.0011671265 4.503185e-05 0.011881195 1.9113382e-05 7.721481e-06 0.001901477 0.00023706084 0.0005093172 0.004753099 1.2439741e-06 0.09273164 2.834777e-06 0.0001449754 0.0019848568 0.0003894841 0.0012461197 0.00015938356 0.0010721581 1.5946132e-05 1.2554009e-06 1.9414094e-07 0.001226287 0.0069140824 5.6296845e-05 0.0006938892 0.00089614204 3.2512027e-05 2.4306e-05 3.29423e-05 2.1183821e-05 9.428558e-07 1.10846395e-05 0.00083378085 8.440349e-05 5.5304367e-06 0.026786484 7.65633e-06 0.0002971904 0.00014054461 0.0006621027 0.00016306914 0.0003753352 1.3476824e-06 0.00020204348 8.3320214e-05 0.00058217585 0.00010919976 2.6978467e-05 0.0002561895 7.76284e-05 2.3647952e-05 3.1579623e-06 9.515154e-06 0.0002898766 3.2807893e-05 2.0609277e-05 5.6175744e-05 0.0017694397 7.821531e-07 0.00022753044 4.7636968e-05 1.0139285e-05 6.967446e-06 3.9038455e-06 6.0247152e-05 0.0035511719 2.0526639e-05 2.925792e-06 0.013148925 3.0360425e-07
0.7896726 0.15369846 0.015459659 0.67107373 0.59382015 0.003983414 1.2730764e-22 0.0028515968 0.79498535 0.032265075 0.41381 0.032040354 0.001286351 0.03845537 0.051163983 0.758887 0.7104025 0.5303541 0.026187379 0.00066824805 0.00030593548 0.30740312 0.023412233 0.003313979 6.886145e-05 0.21683984 0.17985803 0.00026713827 5.6606135e-05 3.1537065e-06 0.02587926 0.10848522 0.0012566977 5.3247304e-06 7.354063e-05 0.0002269014 0.030766431 0.013899893 0.031045023 1.530766e-05 5.582822e-05 0.0107255485 0.00016226292 0.0034564068 5.154536e-06 0.016791986 0.003735494 0.013796532 0.0147627285 5.0777715e-05 3.442805e-05 2.8735892e-06 0.009504335 0.0010248729 0.0026940147 9.1075e-07 0.005725376 0.00094272685 0.0038405196 0.0008773272 0.0011280377 2.9844847e-05 0.00088752626 1.5873622e-05 0.02787069 3.967787e-05 0.004926711 0.00036655072 1.1822871e-06 1.14957594e-07 3.2649954e-05 2.5288753e-07 6.5845874e-05 1.7884866e-05 1.40605465e-08 0.00093878026 0.0011086543 1.4507485e-06 3.519605e-05 8.837825e-06 4.9271594e-06 2.0077451e-07 9.629937e-05 0.00014480836 7.94784e-05 0.00011470184 0.0001110513 0.00027034344 7.465254e-06 1.1397323e-06 0.0009567137 0.00055437844 1.0486247e-06 5.093473e-06 5.876849e-06 0.0010370985 0.0019529286 4.3589165e-07 2.636418e-06 0.0011964975 1.6753467e-07
0.92613286 0.0291049 0.44954866 0.00034841598 0.00023501378 0.8140218 0.0028515968 1.7426881e-20 0.050755765 0.5577883 0.00014320143 0.002640288 0.51466244 0.4954792 0.0011914304 0.0013167397 0.0044448576 0.00087228575 0.00022602196 0.37610188 0.20561315 0.00085146923 0.016036058 0.15667118 0.1436163 0.00055441493 0.0013944358 8.181771e-06 0.045749575 0.07149329 0.030989109 0.0020851807 1.5679534e-05 0.045843452 5.261135e-06 3.7548791e-06 0.0028507484 0.00021767976 0.0013907277 0.007395023 6.8502436e-07 0.07176282 2.16567e-06 0.00014084169 0.0052558123 0.00087179383 0.002901557 0.00030299329 0.0022204034 3.1302418e-06 6.730381e-07 1.3058356e-07 0.0034601481 0.0155185815 9.7448086e-05 0.0012067669 0.003225036 5.147725e-05 5.2548898e-05 2.083975e-05 1.6974634e-05 3.8435437e-07 1.4230095e-05 0.0011205894 0.0004372882 4.2668225e-06 0.018282272 4.6208447e-06 0.000554209 0.0001984058 0.0020075818 0.00037934672 0.0009549536 1.2107905e-06 0.0004735873 0.00012358646 0.00030453908 0.0002256556 2.1857288e-05 0.00024565708 0.00032934966 6.241735e-05 3.1762627e-06 5.4518505e-06 0.00042433658 7.7780904e-05 8.229999e-06 8.2010774e-05 0.0021241852 1.1127688e-06 8.361465e-05 1.990237e-05 2.5136505e-05 1.1122951e-05 8.338248e-06 2.402734e-05 0.0021741805 5.5781817e-05 2.7216688e-06 0.008474845 3.809191e-07
0.8354739 0.15022065 0.093690604 0.26960617 0.23694386 0.05782917 0.79498535 0.050755765 2.5675666e-23 0.3134332 0.13744813 0.023219334 0.0063752057 0.37487727 0.022222247 0.55119216 0.7802379 0.39641637 0.0081810495 0.016463526 0.0008091823 0.18975733 0.02079491 0.05481035 0.00030718558 0.14217852 0.13830332 2.1704966e-05 0.00025631802 1.2613431e-05 0.17128408 0.08998906 0.00012497473 4.1437517e-05 1.0810271e-05 1.8844155e-05 0.033772804 0.0037528027 0.02498052 2.4341933e-05 5.7208067e-06 0.016908862 1.9198862e-05 0.0012881287 5.0856906e-05 0.009833606 0.0067454954 0.009911034 0.010388645 3.2134706e-06 4.9711866e-06 2.7990976e-07 0.0097019905 0.0020472147 0.0011787857 1.7426682e-05 0.008570584 0.00050317764 0.0029542595 6.0461727e-05 0.0006566017 1.7461392e-06 0.000342004 2.3013466e-05 0.027512258 5.7737698e-06 0.0061148885 7.197709e-05 9.160972e-06 1.7577208e-06 8.959377e-05 4.9316554e-07 0.0002199789 6.2206354e-06 6.3747095e-08 0.00081784395 0.00023013346 1.6552827e-06 5.622629e-05 2.6275387e-05 4.3250798e-06 3.35779e-07 1.3202813e-05 9.088146e-06 0.00011696335 9.063535e-05 8.895477e-06 0.00017014676 2.8405944e-05 1.8276506e-07 0.0005023611 0.00013055051 1.1645203e-06 3.3276601e-06 3.8374474e-06 0.0003160701 0.0020275053 2.3957266e-06 2.7714069e-07 0.0010763225 1.3967501e-08
0.91803885 0.09608018 0.31238785 0.00384716 0.00323732 0.45653334 0.032265075 0.5577883 0.3134332 1.4764683e-21 0.0013320171 0.008724284 0.14016615 0.8843598 0.0043761753 0.011150646 0.076928586 0.006998887 0.00041751805 0.36481765 0.041609675 0.004067672 0.027237259 0.29390475 0.04039179 0.0044740103 0.008817031 1.6147154e-05 0.0041012587 0.005797057 0.15436216 0.007647676 4.355285e-05 0.009804 5.7273082e-06 6.9520206e-06 0.009253261 0.00094917853 0.0037876526 0.000907301 1.3880153e-06 0.04272885 3.4494058e-06 0.00067832787 0.0019768698 0.0037774637 0.007154987 0.002134491 0.0076694307 3.0061126e-06 2.4603103e-06 4.5243547e-07 0.009444285 0.015664045 0.00043319038 0.0012847313 0.008124579 0.0002163812 0.0009584365 3.8680817e-05 0.00010368231 5.302224e-07 4.5192017e-05 0.00047859093 0.010826601 8.544439e-06 0.015610798 5.6049936e-05 0.0003236377 0.000110133515 0.0020353717 9.821228e-05 0.0016480011 7.292711e-06 7.488181e-05 0.00031598992 0.0005127561 0.00013169029 6.848298e-05 0.00027183307 5.629668e-05 8.811483e-06 7.250644e-06 5.340002e-06 0.0009090405 0.00017728252 1.6596938e-05 0.00015732551 0.00046620637 4.3391327e-07 0.00045330988 0.00014728006 1.4948509e-05 6.3807615e-06 8.896079e-06 0.00030902852 0.004345766 1.731364e-05 5.2396294e-06 0.004115968 1.8197997e-07
0.91141236 0.24757493 0.005491179 0.7501762 0.78531593 0.00023444674 0.41381 0.00014320143 0.13744813 0.0013320171 5.1830152e-20 0.1461596 0.0005801581 0.0009199806 0.62900054 0.1992853 0.08972596 0.21910019 0.752156 2.4941106e-05 2.1925096e-05 0.21631931 0.05348876 4.4911674e-05 2.0226055e-06 0.3455243 0.046396285 0.10600402 1.01617825e-05 6.556483e-07 0.0013083599 0.0126924515 0.18156354 3.243881e-07 0.055529147 0.025402946 0.005139668 0.19444759 0.008361622 6.0214114e-07 0.007288478 0.019019524 0.011538932 0.05729601 2.511853e-07 0.003898063 0.0018372942 0.0038913381 0.004212565 0.0018053903 0.0012628572 0.0021326016 0.0035841644 5.109502e-05 0.016081227 1.504133e-07 0.0006889859 0.007956842 0.011017023 0.04869108 0.038061842 0.0008435255 0.016078966 3.8091898e-06 0.0056281732 0.0010406816 0.026438793 0.0024612246 1.969385e-07 4.4602064e-08 2.534101e-06 1.1215119e-07 1.4930529e-05 0.00036800202 2.860953e-08 0.0018682537 0.028775517 1.072166e-06 0.00048430607 6.1764304e-06 6.521427e-06 7.599306e-08 0.011739689 0.01209147 9.440381e-05 1.9185885e-05 0.00880062 7.185035e-05 6.439297e-07 9.054593e-05 0.0144385155 0.009742045 5.358748e-07 1.7826363e-06 3.459834e-07 0.013505556 0.007861863 1.4187619e-06 0.00025828351 0.002593471 2.224445e-05
0.9504763 0.7998249 0.02116412 0.06121627 0.060449306 0.0053333254 0.032040354 0.002640288 0.023219334 0.008724284 0.1461596 4.801862e-23 0.003444764 0.0063462527 0.8546038 0.008299466 0.0065940577 0.00710669 0.11203968 0.0009692428 0.0003739045 0.008458911 0.5907711 0.0008905493 0.00049095746 0.017838195 0.003204229 0.08466772 0.00041923992 4.7099587e-05 0.0005722196 0.002160006 0.020830315 3.0699157e-05 0.011417558 0.016230764 0.0013262079 0.011584221 0.0010224589 0.00013495244 0.008603591 0.15597801 0.018033314 0.006365097 0.000112685906 0.0002399978 0.0002607975 0.000118858174 0.00026818 0.0025441516 0.00020358308 0.00027649908 0.00036344977 2.3829878e-05 0.0019767208 2.2056845e-05 0.00021865682 0.001446844 0.0007073679 0.05294542 0.031549267 0.0004188569 0.008126581 9.7660195e-05 0.00055072113 0.00063882023 0.14808136 0.0005624565 8.054448e-06 4.2169173e-05 1.1485405e-05 1.8828834e-05 5.651681e-05 2.6829677e-05 2.865777e-05 0.0007648438 0.10456626 1.5673735e-05 0.00024322291 0.0002515328 4.109545e-05 6.1233527e-06 0.012471571 0.022793455 0.00025700778 2.4690318e-05 0.022698479 4.453167e-05 4.051052e-05 0.00014032617 0.041707106 0.021192862 4.6435907e-06 4.795172e-06 6.9450098e-06 0.027048334 0.06609158 1.9448664e-06 0.0025722529 0.027034821 0.00026571416
0.9649478 0.024877254 0.83152485 0.00037163304 0.0003205705 0.7760212 0.001286351 0.51466244 0.0063752057 0.14016615 0.0005801581 0.003444764 1.9177688e-20 0.10757112 0.0016119975 0.0008322563 0.0010532673 0.00087881024 0.0009805993 0.07757226 0.2852062 0.00066081464 0.026330013 0.015770476 0.0675562 0.00029505033 0.00062147924 9.7868404e-05 0.15758392 0.017775064 0.0018714753 0.0007594474 0.00011614503 0.010988497 3.5243072e-05 2.4199491e-05 0.00093538075 8.62799e-05 0.00041296208 0.016299745 6.857954e-06 0.21697597 1.4540916e-05 8.383112e-05 0.005114358 0.000114946575 0.00080545206 3.5423887e-05 0.00028393502 2.421281e-05 6.0368184e-06 1.1107713e-06 0.0005016013 0.0032894094 3.0655945e-05 0.0010584848 0.00035580088 2.0466201e-05 2.972727e-05 0.00012044357 7.6810895e-05 4.0448235e-06 5.0356477e-05 0.0013956516 2.235269e-05 2.1271986e-05 0.09213975 7.436837e-06 0.00026951864 0.00025882674 0.0010292825 0.00044597313 0.0004721154 1.907244e-06 0.00052462745 0.00013086863 0.0019713743 0.00032755698 0.00011874092 0.0007523708 0.00021074776 0.00022533133 0.00012334356 9.903545e-05 0.0005680915 5.128747e-05 0.0002909146 8.539425e-05 0.003131962 2.7571461e-06 0.0012433059 0.00026611026 2.1975651e-05 1.3204613e-05 1.0434776e-05 0.00025518777 0.020591643 1.43188945e-05 1.3337006e-05 0.082485035 6.5307004e-06
0.84993196 0.039685763 0.1956071 0.0036303634 0.0026006324 0.3711461 0.03845537 0.4954792 0.37487727 0.8843598 0.0009199806 0.0063462527 0.10757112 4.719724e-22 0.0036525354 0.017011074 0.13372421 0.011000068 0.00023542203 0.56852955 0.07588418 0.0052298475 0.013570653 0.5740129 0.11283535 0.0040472853 0.014904056 4.4414332e-06 0.009404142 0.06365386 0.3125149 0.014180981 1.3696908e-05 0.078610286 1.3045827e-06 1.2936247e-06 0.025204355 0.00055382197 0.007583311 0.0015004434 1.3727906e-06 0.031700023 2.9116854e-06 0.0001858013 0.003238696 0.007841099 0.017511165 0.0042611253 0.016170518 4.075076e-07 4.6100098e-07 1.7732519e-07 0.021125568 0.04850102 0.00014575898 0.0021501807 0.028597457 3.9402294e-05 0.0007969547 2.0759235e-05 2.695221e-05 5.9124783e-08 4.3550855e-05 0.0006426635 0.020319188 1.2783034e-06 0.010426193 1.9848425e-05 0.0005192913 0.00015244352 0.0057252417 0.00021901472 0.0054122363 4.7089684e-06 0.00021967932 0.00041032204 0.00016005042 0.00026150982 2.6307935e-05 0.00017208165 0.0003610956 1.1365374e-05 1.4197351e-06 1.7416107e-06 0.0023576592 0.0012499791 4.4791927e-06 0.0006116717 0.00038568012 2.497438e-07 0.00025212046 6.805321e-05 2.4849056e-05 7.726999e-06 3.1776246e-05 0.00012996914 0.0016899778 1.947258e-05 2.0069938e-06 0.001504484 7.356402e-08
0.8926253 0.34551767 0.007880911 0.12722872 0.12682723 0.0015363331 0.051163983 0.0011914304 0.022222247 0.0043761753 0.62900054 0.8546038 0.0016119975 0.0036525354 5.63765e-19 0.017248124 0.01064336 0.016498638 0.5654028 0.00034983768 0.00019109418 0.019117303 0.23186871 0.00020581576 0.000179724 0.043383785 0.006390762 0.41661376 0.00031800423 5.2039162e-05 0.00048013087 0.004267698 0.09473598 1.3510289e-05 0.08965876 0.1293156 0.0022917234 0.042934857 0.0029009397 9.786606e-05 0.06294214 0.0707471 0.103482395 0.018310985 1.3235072e-05 0.0008961873 0.0005646027 0.00051123044 0.000653143 0.021445554 0.0031006234 0.0025652735 0.00047851313 1.6466303e-05 0.00578917 1.296446e-05 0.00017747216 0.0047379355 0.0025286344 0.1473321 0.07292698 0.0042519537 0.029561915 4.866063e-05 0.0015414543 0.0034424933 0.09836006 0.0023404465 3.943491e-06 6.842151e-06 1.1174987e-05 1.0101046e-05 0.00011384385 0.0001570873 3.6201072e-06 0.00063332927 0.1434608 2.8608563e-05 0.00029845315 0.00016488123 9.555753e-05 7.501851e-06 0.03790754 0.07561163 0.0011854343 0.00014600786 0.060297664 0.00036182778 4.6902164e-06 0.0011170274 0.04826116 0.04354994 9.564163e-06 1.0283449e-05 4.6904548e-05 0.041111935 0.028033292 2.0056484e-06 0.010300278 0.009243721 0.0014266586
0.56162757 0.024960466 0.004592033 0.38561335 0.34080076 0.0011260024 0.758887 0.0013167397 0.55119216 0.011150646 0.1992853 0.008299466 0.0008322563 0.017011074 0.017248124 1.4910202e-21 0.8019136 0.8276649 0.022088084 0.00054107036 0.00030057257 0.62277454 0.007669814 0.0026735212 6.8563684e-05 0.49405485 0.5264447 0.0005154628 1.593057e-05 1.8916925e-06 0.047290146 0.2888433 0.0015359075 6.1805727e-06 0.00017613622 0.00048110142 0.09842084 0.036808576 0.10839489 4.6337127e-06 0.000114090464 0.0034381258 0.00018261152 0.006869966 3.958714e-06 0.034180097 0.009700882 0.035481106 0.02549001 7.751026e-05 9.9305274e-05 8.1881635e-06 0.016128896 0.0014044908 0.008467434 6.537695e-07 0.015721612 0.0018287181 0.015592037 0.0012826093 0.00094619865 4.0437644e-05 0.0015363675 1.1175733e-05 0.06775611 5.4888726e-05 0.0011117279 0.0006492371 1.886702e-06 1.215158e-07 7.9661506e-05 3.2384256e-07 0.0002495694 7.248574e-05 2.1665413e-08 0.0023865416 0.0006571194 1.8180644e-06 0.00041152825 4.981608e-06 8.7014205e-06 2.4412117e-07 0.00010563515 0.00014635081 0.00025310265 0.001930676 0.00010556041 0.000984671 6.406988e-06 3.6373754e-06 0.0005216142 0.0005958763 2.099818e-06 6.639067e-05 4.909802e-05 0.0008338817 0.0007945532 3.2993327e-07 2.7915203e-06 0.00036748266 3.8279748e-07
0.6058528 0.024314545 0.010901149 0.27018005 0.23015398 0.0058814916 0.7104025 0.0044448576 0.7802379 0.076928586 0.08972596 0.0065940577 0.0010532673 0.13372421 0.01064336 0.8019136 1.0531042e-23 0.63768536 0.0061137015 0.0032880576 0.0002619414 0.42316929 0.0063664303 0.024666283 7.502128e-05 0.27107206 0.51796657 2.0651856e-05 3.4216857e-05 3.594553e-06 0.28679648 0.47023907 8.6431995e-05 1.3364482e-05 7.991576e-06 2.5582776e-05 0.26866162 0.0060431752 0.19955654 6.367012e-06 3.2430721e-06 0.0037457608 1.3804084e-05 0.0016846289 1.9547657e-05 0.05653956 0.0222278 0.05370564 0.043120578 1.7015079e-06 1.0323589e-05 3.546056e-07 0.028522769 0.0023108919 0.002302337 3.0072881e-06 0.021113083 0.00056295295 0.008567936 7.047657e-05 0.00021159682 1.0851613e-06 0.00017638752 9.252064e-06 0.07453704 2.5445288e-06 0.0011027697 0.00014464936 5.151764e-06 4.814915e-07 9.079411e-05 2.4748215e-07 0.00056459894 1.2945064e-05 5.6739815e-08 0.002377845 8.647256e-05 1.9185527e-06 8.050804e-05 5.3260105e-06 6.3032785e-06 2.0463565e-07 5.863832e-06 7.2137377e-06 0.0005528365 0.0027769974 4.7181384e-06 0.0014769353 1.9547208e-05 2.9173708e-07 0.00027763552 0.00012320143 2.6912771e-06 4.903676e-05 3.436169e-05 0.0001825631 0.0005403152 7.8861007e-07 2.2017983e-07 0.00025053904 4.7246036e-08
0.3660834 0.016863875 0.0024645352 0.2920623 0.271271 0.0006659971 0.5303541 0.00087228575 0.39641637 0.006998887 0.21910019 0.00710669 0.00087881024 0.011000068 0.016498638 0.8276649 0.63768536 1.0775492e-20 0.021330427 0.00034741295 0.00025713185 0.8220514 0.006786999 0.001223942 0.00011232091 0.6139723 0.7573404 0.0010232282 3.5634846e-05 3.656278e-06 0.03891995 0.31560493 0.003393286 1.0217376e-05 0.00035432808 0.0006877049 0.092285715 0.09819595 0.14517096 5.532199e-06 0.0001562473 0.0034395133 0.00037722848 0.019225847 1.8994405e-06 0.029816313 0.009642431 0.037080754 0.020851964 0.00023823643 0.00017965595 2.114394e-05 0.015184596 0.0007370426 0.013572024 1.207169e-06 0.010091352 0.0023626164 0.02131318 0.0014968923 0.0011938507 0.0001352765 0.0014520878 1.4050876e-05 0.063991435 0.00014221473 0.0010975668 0.0005979484 5.1274287e-06 1.6647775e-07 2.600625e-05 3.7946882e-07 9.833422e-05 0.000100266894 2.5186258e-08 0.002640151 0.00064710045 1.0559203e-06 0.000744654 2.849881e-06 1.1109933e-05 2.3020885e-07 0.00012244895 0.00016500156 0.00013556115 0.0018385455 0.00019390883 0.0010117668 3.8696735e-06 4.128953e-06 0.0010509373 0.0013777578 8.758061e-07 0.00010050479 3.5354027e-05 0.0016225665 0.0005594057 1.1494674e-07 5.0759295e-06 0.00017720663 1.9942336e-06
0.90648293 0.10763182 0.005248022 0.102333866 0.11961133 0.00037993162 0.026187379 0.00022602196 0.0081810495 0.00041751805 0.752156 0.11203968 0.0009805993 0.00023542203 0.5654028 0.022088084 0.0061137015 0.021330427 5.2645203e-18 2.387262e-05 5.0228125e-05 0.051797457 0.058754206 1.8369192e-05 4.4044327e-06 0.24257143 0.013708985 0.66041434 3.303819e-05 2.160457e-06 0.00025097665 0.004798773 0.657187 3.942616e-07 0.5823745 0.40142497 0.0019139266 0.33914074 0.004529826 7.715893e-06 0.14448799 0.028914575 0.13795748 0.09875704 7.198594e-07 0.0030145028 0.0016681858 0.0024553481 0.0029700366 0.041593976 0.06166935 0.097367436 0.0028974449 1.37360075e-05 0.029153751 1.2257624e-07 0.0006146431 0.029690392 0.01726543 0.22128157 0.1946815 0.0067454046 0.14262782 9.722553e-06 0.00078080076 0.00424302 0.04753415 0.00973903 2.3610768e-07 4.8628873e-08 2.6646605e-06 9.716597e-07 3.803779e-05 0.003445569 2.643602e-07 0.0016161829 0.06333012 2.7072679e-06 0.0014433241 1.4727719e-05 9.839214e-06 1.329352e-06 0.06725197 0.104695484 0.00016405228 5.2910764e-05 0.046796776 6.985766e-05 2.6538669e-06 0.00047872972 0.052380964 0.033741526 4.463033e-06 4.677793e-06 2.611838e-06 0.03254993 0.009464117 4.191284e-06 0.00075456884 0.0018605506 0.0001685392
0.902044 0.0056314487 0.059939228 3.168196e-05 1.9249957e-05 0.20649408 0.00066824805 0.37610188 0.016463526 0.36481765 2.4941106e-05 0.0009692428 0.07757226 0.56852955 0.00034983768 0.00054107036 0.0032880576 0.00034741295 2.387262e-05 8.0909424e-20 0.2848706 0.00022859641 0.0036046498 0.8324575 0.53417856 0.00015412476 0.0008821539 1.3042867e-06 0.045033947 0.4838784 0.18689515 0.0015238852 1.8980463e-06 0.50129735 4.4099824e-07 5.200751e-07 0.0031501192 3.4293695e-05 0.0009641699 0.010856517 3.020376e-07 0.023232963 9.161675e-07 2.5484156e-05 0.0068377126 0.001799896 0.007455209 0.0007788207 0.0051722904 2.0937419e-07 5.118417e-07 2.3979928e-07 0.008897378 0.112694874 1.7999371e-05 0.012560123 0.014956568 1.895513e-05 5.961673e-05 9.948333e-06 6.010909e-06 3.9987746e-08 1.0972061e-05 0.016020956 0.0034353845 1.0455092e-06 0.010427207 8.312373e-06 0.0015606994 0.00081560505 0.018276641 0.004657211 0.011107952 4.733629e-06 0.0008583932 0.00014996866 5.5904573e-05 0.0011933784 6.852479e-05 0.0005197679 0.003144442 0.00031597246 9.942239e-07 1.0117393e-06 0.0021685986 0.000390221 2.502689e-06 0.00016622798 0.0039151055 5.530983e-07 0.00021413578 6.147809e-05 9.3736264e-05 5.159302e-06 3.597391e-05 6.1085004e-05 0.002562237 0.00017590038 9.113233e-07 0.0043332656 9.824464e-08
0.8070245 0.0010128771 0.021793084 7.4195144e-05 6.5146494e-05 0.13242555 0.00030593548 0.20561315 0.0008091823 0.041609675 2.1925096e-05 0.0003739045 0.2852062 0.07588418 0.00019109418 0.00030057257 0.0002619414 0.00025713185 5.0228125e-05 0.2848706 5.4071517e-20 9.841275e-05 0.0023427769 0.06272946 0.7217722 1.6000517e-05 0.00012929438 5.1660622e-06 0.8398514 0.4923369 0.0017191492 0.00021508257 2.0873215e-06 0.28976306 7.575236e-07 9.474238e-07 0.00033675248 2.461688e-06 0.00011039229 0.36052886 5.2006664e-07 0.04768411 2.883601e-06 1.0734578e-05 0.0789396 3.526819e-05 0.0003734274 9.8626815e-06 7.6353484e-05 1.5764736e-06 1.8019274e-07 1.0730196e-07 0.00018373124 0.010098197 1.2494617e-05 0.07372109 0.00022200294 5.355026e-06 1.18247135e-05 6.5484314e-06 4.1551666e-06 2.9023658e-07 2.1227756e-06 0.030903641 9.336e-06 2.770964e-06 0.024521707 8.675315e-07 0.00871475 0.0035122703 0.0032424896 0.005046222 0.0009912356 9.696241e-07 0.0037945728 3.717866e-05 0.00025830718 0.0007580042 7.57065e-05 0.0015301268 0.00080527656 0.0014449542 8.0764414e-07 1.7374815e-06 0.0003433642 1.1876181e-05 2.4397327e-06 4.339073e-06 0.0060264445 7.854813e-06 0.00010680554 2.6471673e-05 2.610472e-05 5.6565577e-06 1.998704e-06 2.155603e-05 0.0040937033 4.75617e-05 6.0517996e-06 0.05639019 1.4118701e-06
0.22347635 0.01886747 0.0038573474 0.22610687 0.22068861 0.0006650385 0.30740312 0.00085146923 0.18975733 0.004067672 0.21631931 0.008458911 0.00066081464 0.0052298475 0.019117303 0.62277454 0.42316929 0.8220514 0.051797457 0.00022859641 9.841275e-05 1.1511136e-19 0.0057848077 0.0004086072 5.8616548e-05 0.8112395 0.8183773 0.0036867405 7.043843e-06 3.897618e-06 0.022867512 0.3024424 0.012153127 6.4793535e-06 0.0012022284 0.0018724259 0.06635454 0.32150805 0.14804496 1.391655e-06 0.0004319575 0.003607313 0.00073339615 0.08148664 1.3496889e-06 0.02209085 0.009137998 0.03286802 0.01535351 0.0003935408 0.0003825879 0.0001259578 0.014045967 0.0005781912 0.036673207 9.618647e-07 0.007012573 0.0039267424 0.056083627 0.0016978732 0.0019580587 0.00017429981 0.0014296387 6.9607113e-06 0.06421993 0.00020269366 0.0013225175 0.0009589727 3.899291e-06 1.4008275e-07 3.797027e-05 5.2820616e-07 8.0815276e-05 0.00012036916 1.4933981e-08 0.005297979 0.00095094263 1.7775944e-06 0.0015078732 4.571167e-06 6.089744e-06 1.7526968e-07 0.00012071484 0.00023309527 4.1858853e-05 0.000901532 0.00016604847 0.0004180635 2.3113557e-06 7.0199826e-06 0.0016072073 0.001600292 3.2121824e-07 0.00010411441 1.4177429e-05 0.0018843032 0.00061353156 4.9907946e-08 4.3942296e-06 0.00018107123 2.3055368e-06
0.9595339 0.52199155 0.09415122 0.034497984 0.03573725 0.02728944 0.023412233 0.016036058 0.02079491 0.027237259 0.05348876 0.5907711 0.026330013 0.013570653 0.23186871 0.007669814 0.0063664303 0.006786999 0.058754206 0.0036046498 0.0023427769 0.0057848077 9.4912545e-21 0.0021786606 0.0014804939 0.0060202694 0.0027761792 0.08245933 0.0047425283 0.0006120696 0.0009920419 0.0019420782 0.011115424 0.0004911299 0.007071268 0.015731366 0.0010317054 0.005077189 0.0013031946 0.001667552 0.038637437 0.63210714 0.12170282 0.0026157594 0.0010420352 0.000602737 0.0015188651 0.00054414466 0.00041788374 0.0025004623 0.0006492018 0.00041873264 0.0006584606 0.00017803766 0.0012363293 0.00020951312 0.00042010745 0.00071652496 0.0004506547 0.092317574 0.073707655 0.0013562662 0.022562435 0.00097357796 9.127916e-05 0.00091741653 0.2709637 0.00030651546 0.00021038209 0.0007516178 4.6865607e-05 8.8693894e-05 0.00012908038 8.3464794e-05 0.0002823572 0.0006917854 0.14573117 4.1050444e-05 0.00036168168 0.0062852358 2.712534e-05 2.0615706e-05 0.021624964 0.032980572 0.00027832825 0.00039322098 0.040035535 0.0006071374 0.0028391238 0.000986901 0.07907875 0.033038434 3.3490564e-05 2.2890299e-05 0.0001336602 0.03580351 0.22961071 4.477525e-05 0.015919004 0.106853284 0.0029770893
0.687991 0.0057292543 0.018816292 0.0002755656 0.0001594538 0.063467294 0.003313979 0.15667118 0.05481035 0.29390475 4.4911674e-05 0.0008905493 0.015770476 0.5740129 0.00020581576 0.0026735212 0.024666283 0.001223942 1.8369192e-05 0.8324575 0.06272946 0.0004086072 0.0021786606 1.475585e-20 0.3818042 0.0001602288 0.0033882305 2.3917988e-07 0.008161703 0.37808672 0.7247827 0.014196941 1.2559673e-06 0.54998237 1.6969598e-07 7.9744005e-08 0.053044476 1.9653718e-05 0.008526068 0.0015300456 3.7053155e-08 0.012266718 3.7751275e-07 9.771251e-06 0.0019830356 0.01266769 0.0831577 0.006793313 0.036699515 2.2373334e-07 1.0844745e-06 1.6787821e-07 0.07740367 0.4802638 1.18852895e-05 0.0029011737 0.13460344 6.6786256e-06 0.00013658396 1.0757996e-05 5.232648e-06 6.584482e-08 9.852679e-06 0.015362658 0.022712152 1.0050576e-06 0.0043466818 6.232453e-06 0.0005968531 0.00031258835 0.05394782 0.004405324 0.031099273 9.79296e-06 0.0001978335 0.00021577513 5.1380724e-05 0.0019632261 2.8161487e-05 0.0001943921 0.005992508 0.00020963064 3.3192433e-07 6.319244e-07 0.0058031827 0.0026147491 1.7383417e-06 0.0009996423 0.0013603241 5.010694e-07 0.00021703819 6.494928e-05 0.0001128779 1.2361305e-05 0.00010192506 0.00011272934 0.00085476344 0.0002712592 2.646811e-07 0.0012415788 6.324425e-08
0.80928546 0.0010874717 0.014593556 7.030126e-06 4.9818555e-06 0.071936205 6.886145e-05 0.1436163 0.00030718558 0.04039179 2.0226055e-06 0.00049095746 0.0675562 0.11283535 0.000179724 6.8563684e-05 7.502128e-05 0.00011232091 4.4044327e-06 0.53417856 0.7217722 5.8616548e-05 0.0014804939 0.3818042 3.295152e-21 4.19095e-05 0.00013490829 7.890028e-07 0.14339904 0.8565746 0.007161927 0.00034517224 6.7467806e-07 0.7126302 4.0746212e-07 2.6419514e-07 0.0005793039 9.98667e-06 0.0003835437 0.088997476 1.3677628e-07 0.022391101 4.1130454e-07 2.869502e-05 0.099386804 0.00085089967 0.0020809097 0.0004712084 0.00216293 5.3516897e-07 1.9042987e-07 9.477139e-07 0.0026519645 0.05998803 0.00020469588 0.35308442 0.002679659 0.0001780397 0.00026173686 8.323126e-07 1.0418722e-06 8.460983e-08 1.7204898e-06 0.08028996 0.00017729335 1.707819e-06 0.01136454 2.018766e-05 0.0063295555 0.014157609 0.017793117 0.016021749 0.003495034 4.514298e-06 0.0063119596 0.0001299799 5.620361e-05 0.0023615062 2.6251695e-05 0.0005262445 0.0017909094 0.0014756941 7.877773e-07 1.2379886e-07 0.00031257136 7.096391e-05 3.0259762e-06 4.310078e-05 0.008602721 1.1753563e-06 0.00012224617 3.1526048e-05 0.00029215738 6.571826e-07 3.104588e-06 1.8640481e-05 0.0037300566 0.00017019577 2.1632177e-06 0.037751555 1.2654179e-07
0.3591534 0.037998963 0.0054923887 0.2692911 0.27844194 0.00075097725 0.21683984 0.00055441493 0.14217852 0.0044740103 0.3455243 0.017838195 0.00029505033 0.0040472853 0.043383785 0.49405485 0.27107206 0.6139723 0.24257143 0.00015412476 1.6000517e-05 0.8112395 0.0060202694 0.0001602288 4.19095e-05 3.0258137e-18 0.7436884 0.025434682 1.5014366e-06 2.1722205e-06 0.014484517 0.14372905 0.14580771 1.8055769e-06 0.017141886 0.0097161345 0.048787072 0.7762384 0.089911185 3.8777992e-07 0.0017113513 0.0040896763 0.0019445469 0.4164006 9.41984e-07 0.022218538 0.011818683 0.045993507 0.021101536 0.0013584527 0.0038989272 0.014642327 0.025448173 0.00019912404 0.32756528 6.769409e-07 0.011983554 0.07478814 0.31894898 0.0037159147 0.0070836204 0.00027135442 0.0039841677 5.66626e-06 0.053126097 0.0003503926 0.0015384523 0.00569679 5.7812326e-07 1.8194424e-07 4.8450907e-05 1.4558475e-06 8.944488e-05 0.00042685177 9.801551e-09 0.024514064 0.0011598581 1.1994106e-06 0.01104191 1.2893686e-05 3.0114206e-06 1.815925e-07 0.00042978913 0.0005419775 4.9877333e-05 0.00024848196 0.0003459343 0.00013948893 5.769251e-06 4.0122653e-05 0.0027679522 0.002676492 2.6035354e-07 0.00026538823 5.503289e-06 0.0048214295 0.0013608845 2.0141351e-07 5.811867e-06 0.00042425218 2.3909017e-06
0.105112866 0.008816699 0.0029364275 0.0816935 0.07629164 0.0008180568 0.17985803 0.0013944358 0.13830332 0.008817031 0.046396285 0.003204229 0.00062147924 0.014904056 0.006390762 0.5264447 0.51796657 0.7573404 0.013708985 0.0008821539 0.00012929438 0.8183773 0.0027761792 0.0033882305 0.00013490829 0.7436884 1.6562444e-19 0.0010270978 6.7589494e-06 2.9001803e-05 0.13552038 0.8210765 0.0028701113 3.8283368e-05 0.00039479256 0.0006332583 0.43286544 0.18235372 0.64264965 2.6716505e-06 3.793035e-05 0.002399154 8.207955e-05 0.04043202 4.83861e-06 0.14470758 0.04815939 0.21551785 0.08566033 0.0001610163 0.0001552428 5.979558e-05 0.045459215 0.0019738574 0.0371757 5.6862564e-06 0.023344796 0.003829489 0.13242945 0.00030854586 0.00035951272 0.0001406567 0.0005421796 2.0168396e-05 0.13692205 0.00012960722 0.00057812064 0.0008709595 1.2355681e-05 6.059489e-07 0.0001103081 1.6861861e-06 0.0005476368 0.00013424833 5.3127245e-08 0.01438431 0.0003745739 2.4534122e-06 0.0026590668 7.5262233e-06 1.4382574e-05 3.7953683e-07 9.140634e-05 0.00014262642 0.0004608388 0.0035027487 0.00014216945 0.001994732 3.9997512e-06 4.2991187e-06 0.00049083016 0.0010189017 5.9907677e-07 0.0006131119 8.417311e-05 0.0006315976 0.00025115933 7.551278e-08 2.2862343e-06 2.6731452e-05 4.427769e-06
0.89518183 0.0322142 0.0003526521 0.0012029727 0.0023025554 2.3838698e-05 0.00026713827 8.181771e-06 2.1704966e-05 1.6147154e-05 0.10600402 0.08466772 9.7868404e-05 4.4414332e-06 0.41661376 0.0005154628 2.0651856e-05 0.0010232282 0.66041434 1.3042867e-06 5.1660622e-06 0.0036867405 0.08245933 2.3917988e-07 7.890028e-07 0.025434682 0.0010270978 3.7614384e-17 2.5567908e-06 2.1236959e-07 8.594286e-07 0.00023285378 0.3299621 5.207652e-08 0.44257417 0.8307273 4.0611445e-05 0.050197057 0.00022535388 4.5290304e-07 0.46998093 0.03264328 0.27809867 0.024869928 1.2469202e-07 0.00034558048 0.00034948607 0.00019268351 0.0005612381 0.26261523 0.25228935 0.07084824 0.00068879774 6.610081e-07 0.0056975475 6.367066e-08 0.000106974956 0.011571855 0.004331803 0.29926148 0.3635142 0.024982486 0.33614728 5.5346104e-06 0.0003969159 0.015800048 0.030364506 0.005526486 1.0152522e-07 3.3732437e-07 8.8239153e-07 6.676778e-08 1.0542434e-05 0.0028729616 9.028475e-07 0.0012309679 0.07897448 2.6096245e-06 0.001161836 9.47748e-06 3.0169804e-06 2.9448964e-07 0.08058315 0.117280014 0.0007975504 0.00016562508 0.055233892 0.000118465614 3.411336e-06 0.0006525565 0.08179509 0.06431267 6.808272e-06 9.446267e-06 2.3319399e-06 0.06024533 0.016306331 3.5964595e-06 0.0006819748 0.0026574773 0.0002628119
0.95517874 0.0019668532 0.007989154 1.0519958e-05 8.253193e-06 0.043337177 5.6606135e-05 0.045749575 0.00025631802 0.0041012587 1.01617825e-05 0.00041923992 0.15758392 0.009404142 0.00031800423 1.593057e-05 3.4216857e-05 3.5634846e-05 3.303819e-05 0.045033947 0.8398514 7.043843e-06 0.0047425283 0.008161703 0.14339904 1.5014366e-06 6.7589494e-06 2.5567908e-06 7.468348e-22 0.10746904 0.0003139031 6.4630053e-06 1.2429779e-06 0.036696024 1.2615223e-07 1.7270118e-07 9.625727e-06 2.031932e-06 4.4938647e-06 0.8805052 4.2941136e-07 0.1081034 4.1872245e-06 9.629123e-06 0.2773781 3.1541308e-06 9.608919e-05 7.797578e-07 1.2052187e-05 4.6395738e-07 5.43417e-08 1.5953637e-08 4.6348683e-05 0.002850974 1.0962867e-05 0.08510581 8.354658e-05 1.9928818e-06 6.91963e-06 0.00010633245 9.635412e-05 8.491506e-08 5.852871e-06 0.010783928 2.818119e-06 7.507244e-07 0.090321384 1.7102849e-06 0.0066595967 0.0013936234 0.0014839474 0.0012179246 4.0893523e-05 4.0436836e-07 0.0038281123 3.742622e-05 0.0023745117 0.00035823224 3.766659e-05 0.009360683 9.159509e-05 0.00048526612 2.62467e-06 4.6353147e-05 6.0181457e-05 3.51936e-05 1.118279e-05 8.753832e-06 0.0054705013 1.5847311e-06 0.0015945055 5.91048e-05 1.3435765e-05 6.9876114e-07 4.371535e-07 4.560762e-05 0.042403936 4.5880383e-06 1.1850448e-06 0.47600865 2.2722003e-07
0.7137994 0.00019321826 0.0022210865 4.851684e-07 4.5179908e-07 0.021007787 3.1537065e-06 0.07149329 1.2613431e-05 0.005797057 6.556483e-07 4.7099587e-05 0.017775064 0.06365386 5.2039162e-05 1.8916925e-06 3.594553e-06 3.656278e-06 2.160457e-06 0.4838784 0.4923369 3.897618e-06 0.0006120696 0.37808672 0.8565746 2.1722205e-06 2.9001803e-05 2.1236959e-07 0.10746904 1.9368843e-20 0.0048997314 2.1870736e-05 9.4331135e-08 0.9009108 3.9364267e-08 9.234389e-08 5.336996e-05 1.2995475e-06 4.4154578e-05 0.07536423 1.890895e-08 0.010531749 1.14590804e-07 3.7311554e-06 0.05189828 0.00014807835 0.0009462375 6.0529e-05 0.0006368212 4.689124e-08 1.786866e-08 5.4984152e-08 0.0013984683 0.075241484 6.709185e-06 0.39598134 0.0014942002 5.1609795e-06 1.3280575e-05 9.18725e-07 5.472194e-07 1.1825226e-08 2.7969097e-07 0.15581112 0.00010338196 4.8964426e-07 0.0057442365 2.8971435e-06 0.0060319304 0.025381986 0.02421859 0.062644735 0.0052245934 4.460173e-06 0.012644101 4.4655335e-05 1.6095173e-05 0.009416338 1.0553902e-05 0.00034105362 0.003763607 0.005753625 5.7591034e-08 3.2172572e-08 0.0005838987 0.00018698517 2.2257476e-07 4.398189e-05 0.011012343 3.613e-07 4.802717e-05 7.2261387e-06 0.0002499579 8.4523174e-07 1.232847e-05 5.32911e-06 0.0019257359 0.0003758035 1.2363685e-07 0.015002445 2.3235927e-08
0.48346287 0.005134882 0.010922488 0.004826018 0.0047577857 0.017794222 0.02587926 0.030989109 0.17128408 0.15436216 0.0013083599 0.0005722196 0.0018714753 0.3125149 0.00048013087 0.047290146 0.28679648 0.03891995 0.00025097665 0.18689515 0.0017191492 0.022867512 0.0009920419 0.7247827 0.007161927 0.014484517 0.13552038 8.594286e-07 0.0003139031 0.0048997314 1.7484482e-20 0.5348725 1.229367e-05 0.029817918 2.1457183e-06 3.3354934e-07 0.7596658 0.00035915192 0.3844227 0.00010763172 1.2933056e-07 0.0039052216 3.2613042e-07 0.00060851756 0.00019193781 0.24845658 0.5324801 0.17774345 0.3696466 2.4676217e-07 4.1359167e-06 5.0610897e-08 0.3823214 0.57523346 0.001612092 0.00023402076 0.39666033 0.00010110699 0.0054143765 1.4105674e-06 3.744073e-06 5.011255e-08 1.2470796e-05 0.00014391719 0.17940517 1.1617826e-06 0.0010526708 1.3190421e-06 9.545806e-05 3.6037932e-06 0.021988835 6.0126036e-05 0.038893867 6.282799e-07 6.55172e-07 0.0026644547 1.3389154e-05 0.00011401813 4.055107e-05 4.905978e-05 0.0012264793 7.0479155e-06 1.4355242e-06 9.95129e-07 0.0072889463 0.0048747775 9.0269253e-07 0.0041824314 0.00056454487 2.2332831e-07 8.723742e-05 7.8326826e-05 1.6728689e-05 0.00010488648 0.0001893781 0.00012473942 0.00043984514 7.552326e-05 4.5111238e-07 0.00039503077 7.328784e-08
