6.940975e-31 0.96603805 0.8636036 0.60672927 0.8229872 0.9247344 0.72113436 0.94373107 0.6094745 0.41038638 0.29259762 0.4377101 0.86845756 0.97722226 0.7821361 0.34630343 0.8667183 0.6602686 0.77457714 0.7249527 0.7365284 0.9776774 0.4634819 0.2885571 0.9370792 0.25423056 0.9254032 0.2761873 0.8511734 0.23599559 0.9887768 0.9124935 0.9597088 0.95750207 0.9832736 0.28809693 0.7792506 0.041585855 0.06590662 0.6837902 0.62378967 0.8823833 0.9432406 0.9605888 0.031310424 0.9979715 0.9151708 0.015214747 0.99725324 0.004476565 0.1549885 0.0089306 0.16161796 0.14614514 0.49522513 0.21758114 0.6661868 0.0031870147 0.107484445 0.5872218 0.7830155 0.0032599305 0.43276185 0.0012450323 0.2780319 0.97733444 0.9989361 0.8320601 0.0005197843 0.056394797 0.00040932305 0.1705971 0.0006372282 0.0003120805 0.3759389 0.03473751 0.9733965 0.011230356 0.50269485 0.99974453 0.005254913 0.0002525293 0.7841692 0.0014714678 0.0015553185 0.005795153 0.96433 0.015848951 0.0004373036 0.0016198676 0.8370839 0.07520423 4.156948e-05 3.0455403e-05 0.00013408213 0.9932603 0.057488002 0.0011550058 0.0010213762 0.00016632312 0.042055022
0.96603805 9.415673e-20 0.7375492 0.67609465 0.68083453 0.5270794 0.07423101 0.06729691 0.110350646 0.28239465 0.06644869 0.15575796 0.001714603 0.77525204 0.00063550886 0.02729091 0.0008601104 0.0066855727 0.0005627878 0.00050293416 0.00034320343 0.0031332343 0.0010686612 0.00036633422 0.00013934453 0.0041229427 0.0010529292 0.09062418 0.0001217316 0.00022108958 0.35654294 0.045084547 0.20879814 0.00040682286 0.5186979 0.0021343515 9.34428e-05 0.0048028314 0.000110510904 8.036677e-06 3.0594767e-06 5.195578e-06 8.59057e-06 1.9049217e-05 0.0002805655 0.020118663 1.2409703e-06 0.0025244672 0.0021164103 0.0035906304 5.7932343e-06 0.00089228863 5.5362843e-06 2.277041e-06 1.8437268e-07 1.8556231e-07 8.5385565e-08 8.902048e-05 3.371961e-05 2.3782551e-08 1.7815399e-08 0.0016395288 9.881119e-09 0.0045445133 8.221997e-08 0.026601696 0.005924422 1.3112296e-08 1.880346e-05 2.324506e-06 0.00014546847 2.3206618e-07 0.0019496123 4.534526e-06 8.072198e-09 5.22699e-07 4.2876863e-08 4.293008e-05 6.2018213e-10 0.0036723954 3.176225e-05 0.00012049137 1.2653707e-07 1.38285e-05 6.6382277e-06 3.2208432e-06 5.5970242e-05 4.25793e-07 8.833839e-06 8.766288e-06 7.478813e-10 2.7877357e-07 0.0019080484 0.0007792089 1.1616928e-06 7.671705e-05 3.618707e-09 4.820385e-06 0.00040877087 1.4879973e-06 7.3637774e-10
0.8636036 0.7375492 2.373934e-21 0.84180945 0.13593474 0.04815366 0.0010391668 0.00072594907 0.0036136243 0.08520318 0.73319715 0.15979588 0.0001430779 0.36397797 2.2550164e-05 0.0009170146 6.680789e-05 0.00015078209 4.5386507e-05 8.123675e-06 1.2174454e-05 0.00022000827 1.6296925e-05 9.726615e-06 3.8097235e-06 0.029868646 2.8770182e-05 0.01575838 9.671564e-07 6.6668467e-06 0.05177596 0.14548606 0.34231013 2.8574905e-06 0.5070334 9.1721835e-05 4.0460036e-06 0.023345068 0.0043009114 1.20117e-06 4.0625073e-07 1.0197644e-07 3.8984118e-07 1.0921189e-07 7.815249e-06 0.004654984 7.329525e-08 0.018234432 0.00032305706 0.00042506176 5.7150294e-07 9.799896e-05 7.900494e-07 1.6225168e-07 1.775187e-08 1.836834e-08 7.113887e-09 4.196131e-06 4.3361774e-06 3.11455e-09 4.155497e-09 0.01940549 3.3770015e-10 0.0018874265 3.0107214e-09 0.031007767 0.0024935624 3.6774586e-10 2.793182e-06 3.8822841e-07 1.7397673e-05 2.4681356e-08 0.009280675 4.3091237e-07 2.1473966e-10 1.4294702e-07 3.8151368e-10 1.6467206e-06 2.410098e-11 0.0025531095 4.7776666e-06 4.546663e-06 5.25418e-10 3.037388e-06 1.3495073e-06 9.887643e-07 3.4448146e-07 3.7692786e-07 4.8886623e-06 1.7734862e-06 2.2985815e-12 2.8259117e-07 0.0014292889 0.0014377459 7.745893e-08 9.653844e-07 8.371509e-11 1.5557982e-06 0.013092406 4.1628314e-07 3.8451308e-11
0.60672927 0.67609465 0.84180945 2.1154549e-18 0.71936506 0.09319897 0.007915952 0.005051005 0.03653638 0.5879687 0.88018775 0.87431675 0.0023650455 0.20840804 0.00041184056 0.0114640165 0.00073314656 0.001559167 0.00052726857 0.00010221737 0.00019194586 0.0016294128 0.00039860394 0.00042332103 3.9358205e-05 0.0522832 0.0002374138 0.24906352 1.6455957e-05 0.00031082376 0.046191234 0.115793206 0.18916555 7.160738e-05 0.22861053 0.0011970316 2.8223916e-05 0.11980501 0.008499545 7.947714e-06 2.4033263e-06 4.7569006e-07 1.3764744e-06 3.1729928e-06 0.00044935432 0.0030102767 4.808996e-07 0.04458706 0.00025485482 0.0014348933 1.7233036e-05 0.000569629 2.3511813e-05 2.5586985e-06 2.9503806e-07 3.1914155e-07 8.739014e-07 0.00016161273 9.1537884e-05 3.8335534e-07 1.07041956e-07 0.013777518 7.941311e-08 0.00420622 1.0119843e-06 0.036562793 0.00120626 1.4833381e-07 6.170811e-05 1.321391e-05 0.00022987598 1.9621552e-06 0.013587739 2.7482849e-05 1.817065e-07 6.292036e-06 2.4621986e-07 8.000685e-05 2.8570797e-09 0.0007009112 0.0001761218 5.7259684e-05 5.294599e-07 0.000111871916 7.432233e-05 2.756861e-05 5.7208563e-06 3.4966156e-06 3.4289016e-05 3.5735477e-05 1.03166835e-08 2.5656036e-06 0.006822813 0.0037001837 3.1447385e-06 2.7804104e-05 1.5614697e-07 1.8308101e-05 0.0014119133 2.3416753e-05 2.343068e-08
0.8229872 0.68083453 0.13593474 0.71936506 5.145156e-19 0.6059823 0.5624295 0.38257843 0.69218475 0.8443854 0.11600532 0.60551584 0.0037512232 0.51611733 0.0006820454 0.44957176 0.0013593631 0.07380505 0.00066591264 0.00017921565 0.00021767976 0.0017441356 0.0018218666 0.000634307 9.341482e-05 0.0027165192 0.00028499222 0.59260994 5.2891184e-05 0.00048154464 0.12822327 0.028980888 0.1039865 2.3365425e-05 0.16226836 0.014939475 4.7121644e-05 0.020788208 0.00031138604 6.744269e-06 2.39248e-06 3.233155e-07 6.8770873e-07 9.931607e-07 0.001506379 0.003337473 5.11994e-07 0.0017889932 0.0005080974 0.013588739 4.804075e-06 0.003679896 8.878001e-06 1.0018346e-06 1.4939074e-07 5.7572447e-07 1.3331888e-06 0.00045436443 0.00017839747 2.2589124e-07 9.218234e-08 0.0009392181 4.965699e-08 0.008709047 3.4072816e-06 0.020866852 0.00035003008 3.7784613e-08 0.00012782804 1.5887372e-05 0.0003244542 3.306806e-06 0.0020341123 4.92649e-05 3.8377802e-08 2.9634753e-06 8.748615e-08 8.341888e-05 5.1837366e-09 0.0002347882 8.744866e-05 0.00013985565 4.437007e-07 2.3809525e-05 1.6061256e-05 2.2016116e-05 1.9493333e-05 1.575635e-06 1.2727619e-05 9.003217e-06 2.9738313e-08 1.8394073e-06 0.002845057 0.0009201306 2.1887315e-06 0.00015284386 3.882841e-08 2.781779e-05 2.677601e-06 1.85979e-05 9.183622e-09
0.9247344 0.5270794 0.04815366 0.09319897 0.6059823 1.5179499e-18 0.44274577 0.75098574 0.24153522 0.10155214 0.007108103 0.013837539 0.33753902 0.6915129 0.43138283 0.11435384 0.22260837 0.16375405 0.24495783 0.12093243 0.14056258 0.16512457 0.0680935 0.059349675 0.10963181 0.00042054514 0.06218052 0.013871845 0.068789646 0.031572867 0.60215586 0.02165048 0.0900173 0.030940792 0.1944231 0.0330562 0.025406592 0.013313288 6.821176e-05 0.004879966 0.0018595447 0.0006941017 0.0012010537 0.0025595333 0.0044286284 0.09941177 0.00020360542 0.00012966125 0.038220134 0.0014126749 0.00040040855 0.0022291 0.0005124865 0.00013960764 2.1036254e-05 1.5811556e-05 2.4924508e-05 0.0016868248 0.0016029276 1.8808374e-05 7.4815894e-06 2.4874687e-05 6.0983575e-06 0.0027090036 1.4763227e-05 0.003472245 0.028226597 1.9094787e-06 0.0013064049 0.00015029439 0.0014470648 2.5146983e-05 0.000100355865 0.000600868 6.346546e-06 3.402218e-05 5.176522e-06 0.0011186759 3.1105995e-07 0.010460838 0.00011903604 0.00041090298 2.222242e-05 6.0380364e-05 4.2114556e-05 9.792759e-05 0.0015815259 1.4542067e-05 0.00013899681 4.6290905e-05 1.1878973e-06 1.7928856e-05 0.0018115224 0.00014469199 3.6741134e-05 0.0032921461 9.448707e-08 5.65153e-05 6.688007e-08 9.607628e-05 5.8022138e-08
0.72113436 0.07423101 0.0010391668 0.007915952 0.5624295 0.44274577 5.622055e-20 0.81916803 0.8452379 0.1438241 0.00219354 0.008026908 0.017878573 0.17111532 0.00567018 0.7689717 0.016226772 0.5884063 0.0032153162 0.0052307104 0.0022101412 0.010587856 0.114373095 0.010621434 0.0035309114 0.00014067402 0.0065264297 0.20145099 0.0023435198 0.0065476424 0.07079921 0.0021797216 0.006746743 0.0029277573 0.017950527 0.3196858 0.0019309385 0.0017025048 1.578753e-06 0.00039415283 0.00010690347 1.967857e-05 7.4995264e-06 5.4367338e-05 0.043219417 0.005644086 3.5819326e-06 0.00020013364 0.0023286422 0.016019931 8.469538e-05 0.029013278 0.0002040449 1.564354e-05 1.3340829e-06 3.581516e-06 2.6926916e-06 0.007548975 0.010262763 2.1078151e-06 7.0113344e-07 1.4727889e-05 3.0880238e-07 0.0029121202 2.889222e-06 0.0028976412 0.0011679031 2.9604598e-07 0.003561854 0.0003284651 0.0047690473 3.6499996e-06 1.1929442e-05 0.0010859991 5.09995e-07 1.3684101e-05 3.062228e-07 0.0020431597 2.3723834e-08 0.0007769531 0.00076973403 0.004830883 1.7686136e-06 0.00019919545 0.00014529722 0.000188103 0.00015051686 2.22171e-05 0.00030011171 0.00013950502 1.2014259e-07 1.8340623e-05 0.0001457701 6.0858424e-06 8.764487e-05 0.001090848 1.79417e-07 0.00019048537 5.2461413e-09 0.00021561902 8.208251e-09
0.94373107 0.06729691 0.00072594907 0.005051005 0.38257843 0.75098574 0.81916803 1.5255303e-19 0.69082284 0.06021578 0.0010159883 0.0025139155 0.08540837 0.3291164 0.10244646 0.69911474 0.07724724 0.79046106 0.05836771 0.15788355 0.118669525 0.04854107 0.4338074 0.13879341 0.033528484 3.1344047e-05 0.02811975 0.03110996 0.042507242 0.082152136 0.24231024 0.0020277256 0.013519351 0.013657674 0.031551436 0.29574677 0.013977557 0.0008396289 1.5124422e-06 0.0029450017 0.0005447451 7.932755e-05 3.1012987e-05 0.00014195268 0.05418292 0.023806073 5.536115e-06 2.2636266e-05 0.01151387 0.005934683 0.0007522094 0.030369923 0.0014189285 0.00013051715 5.5775345e-06 1.31802935e-05 6.9571074e-06 0.02164376 0.017228529 1.0301102e-06 1.2013554e-06 6.4547144e-06 3.2265817e-07 0.0015689969 6.095712e-06 0.0016817604 0.0021332467 1.4384597e-06 0.008803172 0.000853035 0.005286852 1.0900566e-05 8.065777e-06 0.004377165 3.5389886e-07 5.3894626e-05 5.9052936e-06 0.0037274372 2.3379831e-08 0.0015743342 0.0020440328 0.0033835254 1.1538178e-05 0.0004144303 0.00018180106 0.0002850808 0.001137489 3.738145e-05 0.00088250183 7.200187e-05 1.1169824e-06 3.881266e-05 0.000100498175 6.7978463e-06 0.00048707225 0.003963795 1.0914713e-07 0.00011767718 6.323578e-09 0.00018221208 1.8561337e-08
0.6094745 0.110350646 0.0036136243 0.03653638 0.69218475 0.24153522 0.8452379 0.69082284 6.799726e-21 0.29546338 0.0041255546 0.045110006 0.005177468 0.13824706 0.001623955 0.7986599 0.0033781733 0.4598403 0.0014566955 0.0014814431 0.00094654574 0.004334822 0.047137853 0.0017252187 0.00087113306 0.00024138305 0.0024882723 0.3484993 0.0006904752 0.0016476522 0.033608668 0.0018083878 0.005987193 0.00036466823 0.013562198 0.22671084 0.00060885574 0.005003952 1.2734662e-05 0.00012968856 7.782757e-05 8.2227425e-06 6.687523e-06 2.8051345e-05 0.02145699 0.0023448635 7.6194365e-06 0.00033157712 0.0011757521 0.016377866 5.0602284e-05 0.024271518 0.00013296133 1.34655775e-05 2.6618588e-06 5.424503e-06 7.8112325e-06 0.0039180284 0.0019997405 3.9362017e-06 7.514837e-07 1.944669e-05 6.883386e-07 0.0042588427 5.7155557e-06 0.002773428 0.0006061634 6.4706984e-07 0.0019411524 0.0002259474 0.0019956357 6.592595e-06 5.235436e-05 0.00037434927 1.0853456e-06 1.5491381e-05 2.3811793e-07 0.00042069377 3.270834e-08 0.0003149268 0.0003175827 0.0022555804 1.7399669e-06 9.08012e-05 7.2891475e-05 0.00015676822 0.00012213826 2.7519098e-05 6.88235e-05 0.00010548092 3.6400507e-08 5.261956e-05 0.0009401022 2.6927211e-05 2.5697824e-05 0.00095626176 8.745095e-08 0.00019251362 5.246562e-09 0.00016579244 2.7979683e-09
0.41038638 0.28239465 0.08520318 0.5879687 0.8443854 0.10155214 0.1438241 0.06021578 0.29546338 1.0117851e-20 0.093378134 0.91767156 0.0016067469 0.11760017 0.0004304522 0.2167306 0.0006495622 0.006646463 0.000633764 5.4699976e-05 0.00013182449 0.0018162424 0.000488166 0.00012730066 0.00011489201 0.0018116952 0.00044067562 0.8170598 3.9781833e-05 0.00012504542 0.019259805 0.009517768 0.028924776 4.9875147e-05 0.034735724 0.011760247 6.709188e-05 0.0682434 0.00043895634 7.897169e-06 2.4386811e-06 6.5465986e-07 3.5483413e-06 2.4282968e-05 0.0020811053 0.00090282515 9.277749e-06 0.026494132 0.00032804217 0.039571553 4.490883e-06 0.006275344 6.379484e-06 1.0567181e-06 3.1348316e-07 4.7912886e-07 2.4145627e-06 0.0012997583 0.0002226819 4.9691243e-06 1.769944e-07 0.0028363985 5.914319e-07 0.02261349 1.7584468e-06 0.01625862 0.0002958971 4.931007e-07 0.00027629427 7.536235e-06 0.0003670235 3.5531093e-06 0.007566872 4.421901e-05 3.568337e-07 2.486576e-06 2.025527e-07 0.00028050665 7.3841897e-09 0.00012243075 0.00034988523 0.00041354852 1.0055618e-06 0.00011571386 0.0001194558 0.00011341116 1.7552074e-05 4.6551327e-06 5.7711586e-05 0.0002214384 1.8752687e-07 5.7289585e-06 0.0044911616 0.0012299258 2.179422e-05 0.00016898583 3.1270625e-07 0.00013349 1.2150816e-05 0.00015427446 8.751665e-09
0.29259762 0.06644869 0.73319715 0.88018775 0.11600532 0.007108103 0.00219354 0.0010159883 0.0041255546 0.093378134 4.250293e-21 0.4668883 0.00033420514 0.040132537 5.9565868e-05 0.0041836286 5.2836287e-05 0.0007120729 0.000109358276 4.5619585e-05 4.1132345e-05 0.00029720453 0.0001974247 0.00010795473 4.9980445e-06 0.7240813 9.062186e-05 0.085613616 1.0564157e-06 7.140252e-05 0.008168278 0.5833914 0.3737461 7.6117813e-06 0.09701626 0.00075784046 6.01283e-06 0.6062929 0.11946871 4.601083e-06 1.0904012e-06 7.259999e-08 4.652862e-07 1.2541468e-06 0.000115054725 0.0010056904 5.633884e-07 0.26699275 2.5201962e-05 0.0012019686 8.395468e-06 0.00020787753 1.2078755e-05 1.5014494e-06 2.1041508e-07 3.497658e-07 7.864808e-07 1.352985e-05 2.2470158e-05 1.8509041e-07 7.7994564e-08 0.053748306 2.0757994e-08 0.0034626522 9.353249e-07 0.087808885 0.00038480663 5.710178e-08 3.628153e-06 3.7930329e-06 2.639768e-05 1.6233054e-06 0.062103465 1.1635401e-06 3.170443e-08 2.1599417e-06 4.6504773e-08 1.399922e-05 2.3992566e-10 0.00023901608 9.7659366e-05 9.159697e-06 2.5457607e-07 4.9615028e-05 2.1486474e-05 2.003136e-05 8.6252084e-07 5.4833863e-06 2.4157316e-05 1.6803438e-05 3.484139e-10 5.1708926e-06 0.008251267 0.011459312 1.2478511e-06 1.2274311e-06 5.974997e-09 3.550425e-05 0.008636032 7.206387e-06 1.2415532e-09
0.4377101 0.15575796 0.15979588 0.87431675 0.60551584 0.013837539 0.008026908 0.0025139155 0.045110006 0.91767156 0.4668883 2.955908e-21 0.00023062386 0.031562336 4.7561025e-05 0.024219094 4.6893234e-05 0.0009014314 4.857629e-05 7.83767e-06 1.0701318e-05 0.00045991616 9.7483775e-05 3.7233407e-05 6.3324887e-06 0.009190967 9.585096e-05 0.80258787 2.8120676e-06 3.138185e-05 0.003196088 0.010343136 0.021943487 9.231634e-06 0.0229808 0.0018737789 5.4245393e-06 0.22613633 0.004248399 7.6550486e-07 3.4597653e-07 2.0903383e-07 6.0877557e-07 5.4599723e-06 0.0004452723 0.00038317667 8.054527e-07 0.12880647 0.000115846466 0.02182115 6.442829e-07 0.000645763 1.1119997e-06 1.9081472e-07 4.218612e-08 6.894822e-08 4.913132e-07 0.00015811113 2.0542953e-05 4.6648182e-07 2.795319e-08 0.017790155 6.30608e-08 0.022540294 3.7545115e-07 0.02977714 0.00015130539 8.3443425e-08 5.931746e-05 2.3255595e-06 6.001147e-05 7.3385576e-07 0.026134882 2.0775258e-05 2.1253024e-07 7.457785e-07 1.5747014e-07 3.815729e-05 4.5322146e-09 9.667341e-05 0.000105054656 6.7499735e-05 1.3322762e-06 3.9743612e-05 2.1720913e-05 1.3325906e-05 1.3753179e-05 1.2810237e-06 2.1357951e-05 3.250369e-05 1.3757047e-07 1.2853166e-06 0.004186708 0.0023186347 1.876244e-05 0.00010418444 1.417882e-07 2.6149622e-05 0.00058860844 3.2631466e-05 2.7964053e-09
0.86845756 0.001714603 0.0001430779 0.0023650455 0.0037512232 0.33753902 0.017878573 0.08540837 0.005177468 0.0016067469 0.00033420514 0.00023062386 1.004245e-19 0.095286146 0.5598233 0.008863514 0.78994656 0.031734455 0.38117507 0.1582866 0.19962189 0.46281797 0.05586149 0.080462895 0.40520516 8.1240005e-06 0.2662796 0.00038150122 0.13693276 0.048750594 0.1421176 0.0005498476 0.0025211 0.053391416 0.018814186 0.01623499 0.061280936 0.0005071157 9.78858e-06 0.022296475 0.010478421 0.014103363 0.009544674 0.012528959 0.0032918323 0.098426364 0.0044197324 1.25302e-05 0.0793112 0.0002683985 0.0037018142 0.00048263997 0.0046474766 0.0027129205 0.0019247186 0.0014066657 0.0008009622 0.0007146667 0.009679059 0.00025432723 0.0002020244 1.27816875e-05 4.0804545e-05 0.00036744884 0.00022215121 0.00034304376 0.019020574 9.0742076e-05 0.00052903197 0.0012049885 0.00050952006 0.00014485947 6.016398e-06 0.00030450246 0.00013939796 0.00042130705 0.00010465846 0.0022664145 3.086821e-06 0.0060948227 0.0006277469 0.0001717847 0.0005359164 0.00023703056 0.00025531728 0.00035326811 0.0054768724 0.00013063259 0.00027777112 0.00013658045 4.1827487e-05 1.661447e-05 9.072494e-05 5.360652e-06 0.00021247687 0.004963898 1.7385506e-06 7.630733e-05 3.436957e-08 5.0077226e-05 3.1552545e-07
0.97722226 0.77525204 0.36397797 0.20840804 0.51611733 0.6915129 0.17111532 0.3291164 0.13824706 0.11760017 0.040132537 0.031562336 0.095286146 1.6863424e-19 0.059318777 0.049114402 0.055327024 0.034213867 0.032984324 0.010294137 0.013652785 0.108780265 0.0090173585 0.006805251 0.01624581 0.008818987 0.0371021 0.011415942 0.012215475 0.005179315 0.75331783 0.068202786 0.16013256 0.03375573 0.385785 0.007403982 0.0075445096 0.0071809287 0.00062007323 0.0027607104 0.00083521695 0.002139583 0.0027956415 0.007963774 0.00030507857 0.09856827 0.0010427843 0.0002720727 0.032676537 0.00042888403 0.00016479116 0.00034578852 0.00011888528 3.712307e-05 4.0063653e-05 1.7399512e-05 4.8587783e-05 8.841841e-05 0.0003250011 8.607282e-06 2.4652213e-06 0.00019969589 8.682939e-07 0.0007787124 6.84191e-06 0.013831053 0.05983516 8.03437e-06 0.00011301265 6.6042867e-06 0.00018672997 1.0954736e-05 0.00037701285 6.036965e-05 4.178074e-06 1.9565084e-06 1.8415461e-05 3.6202124e-05 7.658746e-08 0.051600788 1.5644478e-05 0.0001782429 5.4761415e-05 6.7824667e-06 3.099195e-06 2.013222e-06 0.0018322634 1.6528189e-06 7.4375257e-06 1.5434525e-06 3.2437387e-07 8.640851e-07 0.000690625 0.00031304 7.4106774e-06 0.00056853326 4.730562e-09 3.3200238e-06 9.0628777e-07 3.561441e-06 1.3393571e-09
0.7821361 0.00063550886 2.2550164e-05 0.00041184056 0.0006820454 0.43138283 0.00567018 0.10244646 0.001623955 0.0004304522 5.9565868e-05 4.7561025e-05 0.5598233 0.059318777 1.9727364e-20 0.010392698 0.5358123 0.045937832 0.881389 0.35325894 0.5169207 0.1838371 0.15073158 0.21138422 0.65971506 2.2979682e-06 0.17050517 9.657758e-05 0.26097986 0.1539406 0.0858351 0.00024353786 0.00119495 0.060654406 0.0062737106 0.02939748 0.11036096 7.649641e-05 1.1437883e-06 0.03051752 0.011357925 0.0139405895 0.001776215 0.004513778 0.011286224 0.043723326 0.0009309342 3.3122328e-07 0.04581811 0.00010301348 0.0057770615 0.0010257289 0.007568604 0.0039061417 0.0013954315 0.0017453295 0.0004197194 0.0018530937 0.022064222 5.0747218e-05 4.862769e-05 3.2756992e-07 8.939717e-06 0.00016753013 8.8280314e-05 0.0001469787 0.0059562065 7.80119e-06 0.0015695462 0.005061052 0.0008425514 0.00010027856 5.59324e-07 0.0018339661 3.0958407e-05 0.0014124743 3.1971213e-05 0.006148125 7.268878e-07 0.0022182318 0.002491865 0.00030663447 0.00018760694 0.00092081924 0.00094639004 0.0016231516 0.0033052724 0.00030915142 0.0011081718 0.00048393372 1.0475097e-05 1.0991352e-05 8.577488e-06 1.3169393e-06 0.0009789818 0.0030501154 1.1685931e-06 0.00027866874 2.4794493e-09 0.00029368346 1.883758e-07
0.34630343 0.02729091 0.0009170146 0.0114640165 0.44957176 0.11435384 0.7689717 0.69911474 0.7986599 0.2167306 0.0041836286 0.024219094 0.008863514 0.049114402 0.010392698 5.8789503e-21 0.0060928734 0.859753 0.012763356 0.023766397 0.014640631 0.005130653 0.12878986 0.022475507 0.002741742 4.5898043e-05 0.003453051 0.37161416 0.0029988182 0.016281322 0.01632403 0.0009100983 0.0024684258 0.0008492039 0.0037321057 0.6502675 0.0025899538 0.009432516 2.9187066e-05 0.00058141013 0.00022116044 3.4511973e-05 1.9451234e-05 4.9262544e-05 0.19724312 0.0014765593 1.6720569e-05 0.00028279948 0.0011835101 0.038481176 0.00039342503 0.18730526 0.00073895406 8.223422e-05 3.5749472e-06 1.6411293e-05 8.487297e-06 0.0827067 0.012308118 1.2260768e-05 4.3126556e-07 1.6566291e-05 1.3829098e-06 0.0067763217 9.594841e-06 0.0007191524 0.00037229838 1.91098e-06 0.02906355 0.00047473024 0.024291482 1.07599035e-05 2.5235464e-05 0.0069921585 1.2775332e-06 1.1663981e-05 6.726422e-07 0.004903974 1.656795e-07 0.00015781977 0.0020231225 0.025925234 5.5871283e-06 0.0004730664 0.00027273202 0.00029739848 0.0002988214 3.2446886e-05 0.0010155428 0.00018327292 1.3930978e-07 7.578105e-05 0.0010623134 1.4760469e-05 0.00077223283 0.0026265355 5.190979e-07 0.00015884973 1.6473118e-09 0.00028894123 2.6471556e-08
0.8667183 0.0008601104 6.680789e-05 0.00073314656 0.0013593631 0.22260837 0.016226772 0.07724724 0.0033781733 0.0006495622 5.2836287e-05 4.6893234e-05 0.78994656 0.055327024 0.5358123 0.0060928734 1.3416981e-18 0.034489676 0.40005744 0.20278148 0.2210489 0.4786464 0.068800874 0.10679005 0.51131463 8.837752e-07 0.3986458 8.518878e-05 0.19599888 0.06753899 0.10940275 8.673231e-05 0.00043619567 0.10537824 0.0053404407 0.014948161 0.11288252 2.8909406e-05 1.3178778e-06 0.04794474 0.025500594 0.037360907 0.03423364 0.025619809 0.0022399223 0.104440756 0.01047452 3.7961377e-06 0.091997616 9.8391065e-05 0.010741107 0.00027954925 0.012209185 0.0074023292 0.0063608224 0.0039294735 0.0028506017 0.00041524036 0.02117833 0.00053541636 0.0004493657 6.7432597e-06 6.0683433e-05 0.00011298733 0.00047756828 0.00013301472 0.022846198 0.00013071958 0.00031273536 0.00276236 0.00018853656 0.00034512897 7.674137e-06 0.00023517385 0.00014418206 0.0006810415 0.00021856341 0.0035136729 3.5351077e-06 0.007915408 0.00063587655 0.00011923487 0.00079322635 0.00017219115 0.00017714308 0.00043848003 0.008756721 9.1762784e-05 0.00019659015 0.00016604007 6.525779e-05 8.3647155e-06 2.4801637e-05 4.408744e-06 0.0002559792 0.0072214473 9.830027e-07 7.238475e-05 4.703151e-08 0.000100021156 3.0322897e-07
0.6602686 0.0066855727 0.00015078209 0.001559167 0.07380505 0.16375405 0.5884063 0.79046106 0.4598403 0.006646463 0.0007120729 0.0009014314 0.031734455 0.034213867 0.045937832 0.859753 0.034489676 1.969789e-20 0.05357936 0.21450448 0.109494954 0.0192346 0.6463051 0.17310166 0.024506498 6.498648e-06 0.01541009 0.03233913 0.04911241 0.12298383 0.028796976 0.00022257109 0.0012796269 0.0067553637 0.0039304686 0.7163718 0.017054794 0.000991188 2.453864e-06 0.003648834 0.0011029207 0.00042186995 9.7160875e-05 0.00024038606 0.24901398 0.0036033073 5.8316407e-05 7.288161e-05 0.0044567403 0.0046319216 0.0014157257 0.08269124 0.0019301763 0.00033474708 1.9375919e-05 5.895022e-05 1.36622975e-05 0.058076996 0.040063817 1.5164697e-05 8.317175e-07 6.3728494e-06 1.8264722e-06 0.00087704987 9.9385e-06 0.0005353581 0.0006990728 6.421449e-06 0.03274562 0.001975495 0.016321786 1.1640368e-05 4.7476983e-06 0.017618481 2.869506e-06 9.9048004e-05 9.379542e-06 0.016896313 1.04965565e-07 0.00066097756 0.00290573 0.011862615 2.3361968e-05 0.000953587 0.00048298002 0.0005422854 0.00083047635 3.2818283e-05 0.0030686993 0.0003985237 8.1362e-07 4.2134365e-05 4.1728956e-05 2.51853e-06 0.00501155 0.0040147193 2.7939453e-07 0.00020917034 4.9361395e-09 0.00028308222 2.772365e-08
0.77457714 0.0005627878 4.5386507e-05 0.00052726857 0.00066591264 0.24495783 0.0032153162 0.05836771 0.0014566955 0.000633764 0.000109358276 4.857629e-05 0.38117507 0.032984324 0.881389 0.012763356 0.40005744 0.05357936 5.3376576e-20 0.54724413 0.7831721 0.104683645 0.2044632 0.37748638 0.7214784 4.6255623e-06 0.11186275 0.00018558225 0.35888204 0.30068868 0.04351705 0.00020656138 0.0012242083 0.037438404 0.0036091453 0.038674176 0.13795054 4.2282532e-05 1.5980196e-06 0.05124387 0.019090736 0.015761912 0.002298 0.009555257 0.014761975 0.029086273 0.0017026283 7.876773e-07 0.03736539 0.00010315848 0.010150374 0.00085452746 0.011634853 0.0077039357 0.0014575424 0.0029734827 0.0008445489 0.0026367628 0.035340413 0.00021420952 3.615413e-05 1.6746453e-07 4.9395636e-05 0.00023357882 0.0003925748 0.00011253599 0.00468514 6.704737e-05 0.0030836742 0.007879393 0.0013249267 0.00033669322 2.9765397e-07 0.002743832 9.2841256e-05 0.0019922024 0.00014535862 0.010351554 8.401387e-06 0.0017859879 0.0034259474 0.00024160463 0.00072349305 0.0016295278 0.0013724105 0.0024592057 0.004040498 0.0004519118 0.001686837 0.00075480493 7.081397e-05 0.000114532966 9.419504e-06 7.60479e-07 0.0013431623 0.0053113294 5.8166906e-06 0.0006068196 1.0131948e-09 0.00046795738 4.871398e-07
0.7249527 0.00050293416 8.123675e-06 0.00010221737 0.00017921565 0.12093243 0.0052307104 0.15788355 0.0014814431 5.4699976e-05 4.5619585e-05 7.83767e-06 0.1582866 0.010294137 0.35325894 0.023766397 0.20278148 0.21450448 0.54724413 1.4500389e-21 0.8548788 0.04743053 0.7737726 0.8127103 0.30577135 3.7525035e-07 0.06958779 0.00032476374 0.5258387 0.77668196 0.015269111 6.8380414e-06 0.00030548096 0.02266062 0.0016224436 0.15375595 0.2371226 4.979742e-06 2.8476963e-08 0.05146113 0.021340836 0.011575967 0.0006611689 0.0023850934 0.05533597 0.011722762 0.00027199383 2.7797077e-07 0.017039789 2.7162356e-05 0.0053199725 0.004076896 0.008689592 0.0025517794 0.00058846426 0.0007777052 0.00014712299 0.0067595206 0.0816458 1.9612937e-05 5.7920797e-06 5.717992e-08 4.105218e-06 4.471214e-05 3.8188013e-05 5.3566473e-05 0.0019937183 2.5774647e-05 0.005262174 0.008091784 0.0017705334 3.624299e-05 1.5202605e-07 0.0057917135 1.2444398e-05 0.00074287003 3.069491e-05 0.033687267 2.721146e-07 0.00092135294 0.0032023075 0.0008937334 0.000101590165 0.0013254759 0.0008763422 0.0023247136 0.0020083792 0.00015826832 0.0031812908 0.0011076466 2.5426075e-06 6.4422275e-05 2.2511158e-06 4.1973738e-07 0.004726957 0.0024477683 1.0685041e-07 0.0009872841 9.773518e-11 0.0004939479 8.55869e-09
0.7365284 0.00034320343 1.2174454e-05 0.00019194586 0.00021767976 0.14056258 0.0022101412 0.118669525 0.00094654574 0.00013182449 4.1132345e-05 1.0701318e-05 0.19962189 0.013652785 0.5169207 0.014640631 0.2210489 0.109494954 0.7831721 0.8548788 3.401619e-21 0.06308782 0.48623514 0.6984094 0.5001993 9.929655e-07 0.090664126 0.00022535969 0.6136053 0.66525906 0.020469477 1.7884133e-05 0.00035477136 0.028040517 0.0013381861 0.08424204 0.23161376 1.5619955e-05 1.3128894e-07 0.073196575 0.033712484 0.025284797 0.0011184162 0.005183201 0.03484241 0.0166218 0.00065462495 2.8583148e-07 0.019646706 2.0928457e-05 0.009053049 0.0017486549 0.012406492 0.005231182 0.0013315079 0.002227312 0.0005210109 0.005787368 0.071976535 7.555792e-05 1.7660273e-05 7.075338e-08 1.6400543e-05 7.281339e-05 0.00016299247 8.0911515e-05 0.0027994222 3.2679112e-05 0.0047235526 0.011903805 0.0015350962 9.4401374e-05 1.6219954e-07 0.004412735 3.5877532e-05 0.0015005678 7.650327e-05 0.026301125 1.4975042e-06 0.0008930991 0.004307448 0.00032877378 0.00034111668 0.001985668 0.0015218962 0.0031572578 0.0026484325 0.00025603536 0.0031381943 0.0011494325 1.5454667e-05 7.74609e-05 3.2032478e-06 4.3294358e-07 0.0031083224 0.0029577818 1.746892e-06 0.00083441957 1.11994546e-10 0.00060377514 1.0408874e-07
0.9776774 0.0031332343 0.00022000827 0.0016294128 0.0017441356 0.16512457 0.010587856 0.04854107 0.004334822 0.0018162424 0.00029720453 0.00045991616 0.46281797 0.108780265 0.1838371 0.005130653 0.4786464 0.0192346 0.104683645 0.04743053 0.06308782 6.705306e-18 0.022012606 0.03135348 0.2855368 6.199351e-06 0.8107458 0.00069082325 0.12147763 0.032656077 0.28423175 0.0003909602 0.006749672 0.4743435 0.037839483 0.005498534 0.08071061 0.00067798636 2.5147605e-05 0.050953433 0.029059704 0.044774156 0.07949346 0.08667377 0.0011655419 0.40252414 0.030106267 5.858419e-05 0.29777738 0.0002315923 0.0060755187 0.00038803817 0.004290348 0.004898935 0.0034042157 0.0029351548 0.004306171 0.00028248032 0.0062684594 0.0015691301 0.00141653 8.356371e-05 0.000528375 0.00028611964 0.0019992457 0.0002220127 0.15467378 0.0002680928 0.0003220598 0.002778294 0.00048143306 0.0016892033 4.4469238e-05 0.0005254682 0.00068061985 0.001198609 0.00015487222 0.002772097 6.373789e-05 0.063298315 0.0013434197 0.0005488017 0.0010196711 0.000580507 0.00047671146 0.001088295 0.017775903 0.0004623227 0.0004854596 0.0003563714 0.0001895165 0.00020660688 0.00015276895 4.0928597e-05 0.00060757034 0.020418309 3.8768234e-05 0.0002474252 1.1405146e-07 0.0002694829 8.86948e-06
0.4634819 0.0010686612 1.6296925e-05 0.00039860394 0.0018218666 0.0680935 0.114373095 0.4338074 0.047137853 0.000488166 0.0001974247 9.7483775e-05 0.05586149 0.0090173585 0.15073158 0.12878986 0.068800874 0.6463051 0.2044632 0.7737726 0.48623514 0.022012606 1.6093138e-21 0.81166303 0.09013574 9.596326e-07 0.02374 0.0010059738 0.3585897 0.8286078 0.0091076 2.489961e-05 0.00033326625 0.00826726 0.001140071 0.4406145 0.14918824 2.7002146e-05 8.952444e-08 0.022684159 0.0053944765 0.0018855392 0.00022755431 0.0009942709 0.14344999 0.0028644956 0.00011682156 3.048363e-06 0.007092871 0.00019061948 0.002783497 0.017200135 0.004280613 0.00050108525 3.279369e-05 9.6997006e-05 2.384429e-05 0.021279704 0.08939475 1.3643132e-05 7.7047275e-07 2.970865e-07 1.3127525e-06 0.00023439243 1.1180796e-05 6.939399e-05 0.00042865367 1.0377356e-05 0.014473491 0.0024832052 0.0063795485 6.7326955e-06 2.2906654e-07 0.011731435 4.0256473e-06 0.00015233221 7.5055877e-06 0.032584045 2.9580145e-08 0.00022321197 0.0030375577 0.0022245704 5.472424e-05 0.0009223186 0.00045425873 0.000718386 0.0008394403 4.0437608e-05 0.004724316 0.0004327065 2.406465e-07 2.808419e-05 2.8866882e-06 1.6675264e-07 0.008636568 0.003115913 3.237232e-08 0.00025427243 1.1771722e-10 0.00042596122 1.0099205e-09
0.2885571 0.00036633422 9.726615e-06 0.00042332103 0.000634307 0.059349675 0.010621434 0.13879341 0.0017252187 0.00012730066 0.00010795473 3.7233407e-05 0.080462895 0.006805251 0.21138422 0.022475507 0.10679005 0.17310166 0.37748638 0.8127103 0.6984094 0.03135348 0.81166303 2.2376962e-22 0.16504979 5.7610237e-07 0.04001033 0.0006160565 0.3777375 0.8349332 0.007676912 7.2831963e-06 0.00010889579 0.011895225 0.00056031847 0.104484804 0.15602058 3.052743e-05 9.452745e-08 0.039101344 0.013201572 0.008253447 0.0004957863 0.0018183897 0.041844174 0.0058439304 0.0002868956 1.0646181e-06 0.00888874 4.261416e-05 0.0032140072 0.0058533484 0.004089212 0.0011304413 0.00017990026 0.00032171383 0.0001535438 0.009605429 0.06842275 6.5375025e-05 6.649455e-06 9.667521e-08 1.5103616e-05 0.00011307561 7.7123295e-05 2.153955e-05 0.0011878186 3.85277e-05 0.006911356 0.0039524427 0.0028047895 4.1399875e-05 1.825752e-07 0.005577668 2.6189604e-05 0.000261444 2.5688269e-05 0.028575826 6.77729e-07 0.00044608157 0.003675722 0.00036345414 0.0001896134 0.0013049974 0.000881902 0.0011339883 0.0022901045 7.5233205e-05 0.0035567523 0.0006190389 1.5454807e-06 5.5493325e-05 2.8913169e-06 2.5091478e-07 0.003940634 0.0024031056 3.1926422e-07 0.00029489506 2.1668521e-11 0.0004890224 1.5208323e-08
0.9370792 0.00013934453 3.8097235e-06 3.9358205e-05 9.341482e-05 0.10963181 0.0035309114 0.033528484 0.00087113306 0.00011489201 4.9980445e-06 6.3324887e-06 0.40520516 0.01624581 0.65971506 0.002741742 0.51131463 0.024506498 0.7214784 0.30577135 0.5001993 0.2855368 0.09013574 0.16504979 2.401592e-17 3.633385e-08 0.568742 1.0492234e-05 0.7899078 0.19250469 0.081797525 1.8393706e-06 7.976862e-05 0.320905 0.0013240925 0.014597865 0.5516369 1.3965324e-05 6.4142046e-07 0.35268134 0.17865601 0.3525812 0.07244746 0.10674074 0.005489302 0.10453545 0.032458015 2.797123e-07 0.16702239 4.7152887e-05 0.037533328 0.00027152192 0.03981606 0.030515986 0.022163572 0.021794466 0.014553195 0.0004945835 0.06741126 0.0034678737 0.0017552201 2.3539138e-07 0.00039091564 3.9402785e-05 0.0024179167 1.8457378e-05 0.0123994 0.00053793006 0.00067280297 0.02313779 0.00017424629 0.0015263687 5.337524e-07 0.0009775936 0.0002773854 0.0072061885 0.0012336168 0.009786551 5.356612e-05 0.003155101 0.0068922853 1.7744567e-05 0.0010417639 0.002893103 0.002843222 0.004420491 0.013226776 0.0008723343 0.0015892118 0.0017498519 0.00014344692 0.00019864531 3.3988954e-06 8.810134e-07 0.0002391116 0.01600854 5.25148e-06 0.00090000714 7.717678e-09 0.00031877123 1.5829411e-06
0.25423056 0.0041229427 0.029868646 0.0522832 0.0027165192 0.00042054514 0.00014067402 3.1344047e-05 0.00024138305 0.0018116952 0.7240813 0.009190967 8.1240005e-06 0.008818987 2.2979682e-06 4.5898043e-05 8.837752e-07 6.498648e-06 4.6255623e-06 3.7525035e-07 9.929655e-07 6.199351e-06 9.596326e-07 5.7610237e-07 3.633385e-08 1.6599756e-20 1.4525565e-06 0.0021174813 8.656059e-09 5.82567e-07 0.0012699576 0.76797867 0.32678938 2.9979102e-08 0.06906646 3.7192807e-05 2.085269e-07 0.13996509 0.35335717 1.5067016e-07 7.122715e-08 2.2600727e-08 1.0729235e-07 3.9737905e-08 1.7644634e-05 0.00012754808 1.357871e-07 0.093162656 4.2629762e-07 0.0008755753 4.4623025e-07 0.00023106812 2.4620895e-06 1.1105875e-07 4.789048e-08 1.2051485e-07 6.5721366e-08 1.4846967e-05 4.3716096e-05 2.7997158e-08 2.2056598e-08 0.081587195 1.2322086e-09 0.0027089496 8.780511e-08 0.8468079 6.324676e-05 1.7661079e-09 9.215177e-06 1.7742452e-05 2.4032726e-05 3.1939794e-07 0.057423867 2.7320007e-06 3.3008019e-09 2.78191e-06 9.610848e-10 9.656884e-05 4.158339e-11 0.00013964265 6.406142e-05 0.00010914449 2.9748624e-09 1.688506e-05 6.989061e-06 1.7051556e-05 2.3102944e-09 1.4609045e-06 3.9506373e-05 2.826928e-05 1.8866558e-11 2.3754501e-07 0.0043890905 0.010746963 2.1846379e-06 1.4527088e-08 6.8899865e-11 2.4147343e-05 0.32789263 2.0846576e-06 3.008679e-12
0.9254032 0.0010529292 2.8770182e-05 0.0002374138 0.00028499222 0.06218052 0.0065264297 0.02811975 0.0024882723 0.00044067562 9.062186e-05 9.585096e-05 0.2662796 0.0371021 0.17050517 0.003453051 0.3986458 0.01541009 0.11186275 0.06958779 0.090664126 0.8107458 0.02374 0.04001033 0.568742 1.4525565e-06 9.581925e-18 0.00035154854 0.18578626 0.04208465 0.12283106 7.9497884e-05 0.0009801678 0.84491193 0.0061921454 0.0051374114 0.15197983 0.00010917727 1.4395116e-05 0.11208003 0.06346267 0.116845295 0.2722217 0.26930737 0.0013190989 0.27528998 0.07941522 2.1275415e-05 0.35435355 0.00024658212 0.01432399 0.0002521034 0.011976675 0.013249129 0.015950324 0.009582004 0.017227633 0.00021701958 0.012904617 0.006962239 0.004668196 3.5547753e-05 0.0014173839 0.00022198833 0.0047366503 8.496756e-06 0.078518376 0.0009924236 0.00021954402 0.0063144644 0.00018084756 0.0031757043 2.4455272e-05 0.0004441476 0.000893313 0.00308447 0.0009895242 0.0025095656 0.00010505184 0.039097637 0.0014586304 0.00038010048 0.0023906967 0.00053834834 0.0004385164 0.0015404396 0.04864144 0.0005953026 0.00053729815 0.0003793062 0.0006546515 0.00012977356 9.955656e-05 2.6481039e-05 0.00072856137 0.036415376 4.5217366e-05 0.0002381258 1.5089478e-07 0.00024304065 1.2744139e-05
0.2761873 0.09062418 0.01575838 0.24906352 0.59260994 0.013871845 0.20145099 0.03110996 0.3484993 0.8170598 0.085613616 0.80258787 0.00038150122 0.011415942 9.657758e-05 0.37161416 8.518878e-05 0.03233913 0.00018558225 0.00032476374 0.00022535969 0.00069082325 0.0010059738 0.0006160565 1.0492234e-05 0.0021174813 0.00035154854 5.1019208e-20 2.2922413e-05 0.0003495229 0.00091947045 0.0017274041 0.0052298526 2.0223637e-05 0.004703751 0.049466327 5.1917126e-05 0.17603655 0.0016513853 1.0382038e-05 4.572693e-06 1.5915207e-06 4.923007e-06 9.821411e-06 0.011123987 0.0003564166 2.9538057e-06 0.23436715 0.0004603273 0.64912796 6.879525e-06 0.18839385 8.69301e-06 1.5239425e-06 5.310179e-07 4.36427e-07 1.8955519e-06 0.00790334 0.00028915956 2.5493114e-06 8.8508635e-08 0.03721179 4.786347e-07 0.50121355 3.8981684e-06 0.03685055 4.8893125e-05 2.4730235e-07 0.0012643172 8.935873e-06 0.005550675 4.831389e-06 0.17609544 0.00020937431 1.5956233e-07 1.892066e-06 8.830238e-07 0.0001196511 1.1197051e-08 3.2333646e-05 6.154402e-05 0.011687231 4.776596e-06 3.2667645e-05 1.6014303e-05 3.5389952e-05 5.075351e-05 5.319168e-06 3.653979e-05 4.9480688e-05 1.959796e-07 0.00025122572 0.04031524 0.026353594 1.7790708e-05 0.00022286018 7.014438e-07 0.00019595167 5.9233855e-05 2.821167e-05 1.9584572e-08
0.8511734 0.0001217316 9.671564e-07 1.6455957e-05 5.2891184e-05 0.068789646 0.0023435198 0.042507242 0.0006904752 3.9781833e-05 1.0564157e-06 2.8120676e-06 0.13693276 0.012215475 0.26097986 0.0029988182 0.19599888 0.04911241 0.35888204 0.5258387 0.6136053 0.12147763 0.3585897 0.3777375 0.7899078 8.656059e-09 0.18578626 2.2922413e-05 1.000777e-18 0.66888136 0.034384806 1.3377802e-06 2.9681634e-05 0.12374646 0.00082303764 0.04827619 0.82147783 2.1270087e-06 3.1490362e-08 0.5919307 0.4462576 0.3661249 0.038048044 0.049598996 0.015018149 0.0289776 0.01073782 1.3155955e-07 0.056931555 6.410661e-06 0.06845766 0.0007661023 0.08155821 0.049344867 0.05640091 0.041809347 0.013220219 0.002217961 0.14733335 0.0013199918 0.0005288279 1.2066862e-07 0.000136866 9.736212e-06 0.0027925002 3.003681e-05 0.0022803312 0.0006809899 0.0019576172 0.051053658 0.0002077297 0.001216415 2.0251366e-07 0.0020977794 0.0002573475 0.009897574 0.002418182 0.025044413 1.2919892e-05 0.0008628565 0.009331146 3.3270142e-05 0.0012948313 0.0039307717 0.002932572 0.007426193 0.0055253953 0.00087432994 0.0031624304 0.0032759134 9.006597e-05 0.00015169651 9.538162e-07 3.7860303e-07 0.0011183048 0.006389452 7.7051686e-07 0.0030814004 2.4633315e-10 0.0010915776 1.3486203e-07
0.23599559 0.00022108958 6.6668467e-06 0.00031082376 0.00048154464 0.031572867 0.0065476424 0.082152136 0.0016476522 0.00012504542 7.140252e-05 3.138185e-05 0.048750594 0.005179315 0.1539406 0.016281322 0.06753899 0.12298383 0.30068868 0.77668196 0.66525906 0.032656077 0.8286078 0.8349332 0.19250469 5.82567e-07 0.04208465 0.0003495229 0.66888136 1.1447846e-21 0.0054324376 2.1197309e-06 3.5861252e-05 0.019420726 0.00030405648 0.12279833 0.40108734 4.9950213e-05 2.2301141e-07 0.15678144 0.072134875 0.038411587 0.0022388974 0.005409654 0.06163817 0.0050998046 0.0013503064 8.938306e-07 0.010528576 6.5263026e-05 0.041263986 0.007557746 0.04379965 0.01727171 0.0015322309 0.0036470674 0.0010116337 0.019181294 0.17078838 0.0003877718 2.40242e-05 1.474641e-07 6.460704e-05 9.122963e-05 0.00030819207 4.574599e-06 0.0008431962 0.00013259184 0.011829899 0.022912389 0.0033408485 0.00019125626 1.6307806e-07 0.010037267 0.000107604836 0.0017699222 8.1884566e-05 0.05732524 4.098588e-06 0.00022276072 0.010466641 0.000372938 0.00058724877 0.0036536849 0.0026527008 0.00483324 0.0035665294 0.00045698747 0.0066011455 0.0034235937 5.5789606e-06 0.00019587451 1.3590609e-06 1.4420534e-07 0.0068255 0.0037732585 1.5727061e-06 0.0009519197 2.3160176e-12 0.0021436228 8.2210406e-08
0.9887768 0.35654294 0.05177596 0.046191234 0.12822327 0.60215586 0.07079921 0.24231024 0.033608668 0.019259805 0.008168278 0.003196088 0.1421176 0.75331783 0.0858351 0.01632403 0.10940275 0.028796976 0.04351705 0.015269111 0.020469477 0.28423175 0.0091076 0.007676912 0.081797525 0.0012699576 0.12283106 0.00091947045 0.034384806 0.0054324376 1.17301085e-20 0.0140265105 0.03275748 0.13254106 0.13063648 0.0036884581 0.016234482 0.00017423384 7.2490197e-06 0.0050519495 0.0019451207 0.00602852 0.018375421 0.061744846 0.00020339387 0.36488187 0.0040426315 8.8285786e-05 0.07963675 0.00029168744 0.00014135652 0.00040816533 0.00015527286 3.7113437e-05 5.9247468e-05 1.6602242e-05 0.00017900999 0.00014037597 0.00041492388 0.000105656705 4.3028824e-05 0.00010525884 9.985965e-06 0.00035412912 2.0813552e-05 0.0012758501 0.18326603 0.00013724896 0.0001768924 3.1169577e-05 0.00043232925 1.854355e-05 0.00012909208 0.00010885736 6.960596e-05 1.0908313e-05 0.00016189489 0.00010604929 1.7849659e-07 0.14573473 5.5476186e-05 0.0011398863 0.00039594425 2.5305137e-05 1.2074517e-05 2.2223416e-05 0.004396533 1.18751495e-05 3.3575277e-05 1.2175743e-05 2.3703867e-06 1.0409342e-05 0.0001365298 3.5698897e-05 6.4362706e-05 0.0034675312 1.8781709e-08 2.0873085e-05 2.998905e-08 7.405824e-06 4.0425845e-09
