7.7810073e-29 0.85120666 0.97487456 0.84267884 0.34772095 0.94024014 0.4878675 0.8186709 0.94128793 0.85511416 0.8615849 0.81727237 0.8112265 0.88451284 0.93733287 0.9923315 0.6374495 0.5483034 0.9715695 0.99692607 0.99085 0.7999395 0.3399281 0.9266398 0.9026526 0.9983989 0.9522704 0.077257164 0.90224856 0.8860848 0.9149836 0.87845415 0.9986071 0.2761187 0.8292483 0.18195441 0.47897136 0.9920082 0.14681728 0.9776121 0.9055164 0.7649598 0.9585386 0.90556973 0.0029973544 0.005077385 0.053757515 0.9731358 0.0041093174 0.12519592 0.9020945 0.0014700132 0.63235044 0.019321064 0.82749206 0.0051973327 0.030836362 0.8258133 0.005316866 0.9959498 0.0005875916 0.84685904 0.0011396275 0.9974925 0.9644615 0.84849685 0.0062525934 0.00062840007 0.14509042 0.15717146 0.00037607938 0.2640153 0.0030923574 0.17354238 0.0038142335 0.9986126 0.7421859 0.43168804 0.291791 0.0009778346 0.3385359 0.9996215 0.034712173 0.072818875 0.6297006 0.36819106 0.00010396677 0.011329414 0.19851111 0.4159155 0.000850634 0.004931069 0.21279572 0.015146797 0.04198088 0.6430826 0.006260122 0.00012057873 0.99999136 0.9947717 0.01248977
0.85120666 5.1560265e-17 0.90589565 0.84970236 0.26257756 0.11331208 0.019039026 0.45202923 0.32355472 0.49423623 0.66161036 0.018794948 0.0055787163 0.16238315 0.0026606864 0.18464924 0.16592236 0.006264151 0.0044620815 0.21036722 0.06681329 0.00047933776 0.03979703 0.00012541708 7.5012904e-05 0.18315916 4.4589506e-05 0.026350295 0.00018219714 8.354443e-05 5.656577e-05 3.3918022e-05 0.027292186 0.07208388 7.576789e-05 0.018995391 0.00025574863 0.01054774 0.0004044897 8.333762e-05 7.5814405e-06 2.938377e-05 6.125131e-05 3.7645707e-06 0.0014552611 0.0042191823 6.575162e-05 1.0430966e-05 0.00032852555 4.4259257e-05 3.608333e-06 0.0008291891 4.2607047e-05 0.00036159685 5.3755053e-07 7.97258e-05 0.0016846065 1.8280761e-07 8.632096e-05 0.0017556219 0.001047295 4.7567756e-08 3.579367e-05 0.0005830837 3.026454e-07 3.022272e-07 9.9102246e-05 0.00010078391 3.05787e-06 5.8771457e-06 0.0006363925 8.4452273e-07 0.00011511959 2.1682945e-06 1.94834e-06 0.0037664922 2.970964e-07 1.5323914e-07 7.6091214e-07 7.627488e-05 1.1561314e-06 0.003912377 0.000343741 6.5683394e-06 7.4173196e-09 1.0729726e-07 0.00076058717 8.370082e-05 1.9167102e-07 5.5396767e-09 1.3815174e-05 3.5690013e-05 1.9418762e-07 0.00054559053 9.7849315e-06 6.75419e-09 2.7645068e-05 3.3516026e-05 0.003813839 6.866857e-07 1.4678894e-05
0.97487456 0.90589565 2.731058e-21 0.19625938 0.14272875 0.27962628 0.02412351 0.34408972 0.4548373 0.06277516 0.17374378 0.002795995 0.0006015816 0.028293882 0.00039641804 0.48499677 0.0427758 0.0013261372 0.016232312 0.68713707 0.2515378 9.3778384e-05 0.013090808 0.00023676282 0.00010193653 0.80061847 6.148576e-05 0.0029541524 3.8003855e-05 7.440509e-05 4.465998e-05 2.9291134e-05 0.27193874 0.004403696 1.1051885e-05 0.0022233583 2.0805235e-05 0.024912348 0.0010348572 0.00024313106 1.1021719e-05 4.323241e-06 7.3312556e-05 1.3442418e-05 0.0005145048 0.0010742275 8.953427e-06 8.930045e-06 0.00047336088 4.776273e-06 4.313484e-06 0.0006192482 5.2157462e-05 1.6752285e-05 4.0492864e-07 8.934467e-06 0.001256549 1.9175457e-07 5.4027573e-06 0.0038361582 0.0007491868 8.613605e-08 2.6273071e-06 0.0008527816 1.4104994e-07 8.784598e-08 7.4609766e-06 0.0003317647 2.6866135e-07 8.831854e-07 6.1177176e-05 1.2143174e-06 0.0002432723 1.7321581e-07 2.9286032e-06 0.005703125 2.1723755e-08 1.3419226e-08 1.0309136e-07 6.256073e-07 5.6045735e-08 0.0046738605 3.6257094e-05 4.548999e-07 1.2808121e-10 2.4390015e-10 0.00075729424 9.336312e-06 6.0209406e-09 7.002159e-11 8.6245507e-07 1.3704922e-06 3.8294425e-09 1.6185559e-05 2.0650258e-07 2.5404112e-10 7.0292236e-07 2.4258478e-07 0.039759755 2.2470177e-09 4.0952568e-07
0.84267884 0.84970236 0.19625938 2.299617e-19 0.2066181 0.05827182 0.019700611 0.27618212 0.12484163 0.9354852 0.696654 0.047032796 0.014292808 0.7655826 0.00401591 0.05201177 0.33126384 0.030583536 0.0023500696 0.047545098 0.03209309 0.0012528314 0.09826572 0.00020491464 7.588664e-05 0.06996123 6.01958e-05 0.09373781 0.00030809507 0.00014418508 0.00014419554 0.00011359073 0.00567955 0.24888632 0.00013329613 0.13876477 0.00087937026 0.0050172624 0.0005202455 7.635946e-05 8.595381e-06 7.2058756e-05 9.86403e-05 2.415529e-05 0.0062539885 0.017601065 0.0014619144 2.0595584e-05 0.0007125552 0.0008478092 1.4593151e-05 0.0015937543 2.4392266e-05 0.0008987408 3.2988085e-06 0.00027311468 0.0017698217 6.836108e-07 0.00017768418 0.0013407619 0.0007390021 7.405177e-07 0.0001225229 0.00028677963 9.69209e-07 5.430292e-07 0.00014887383 8.0234095e-05 4.9710347e-06 1.0275284e-05 0.0015751556 1.3882954e-05 4.6879915e-05 1.749618e-06 5.376662e-06 0.0031011747 3.2251926e-06 6.0323435e-07 2.02292e-06 0.00016771619 1.5892836e-06 0.0026567627 0.0012857162 6.589383e-06 1.899502e-08 4.0010693e-07 0.00059301144 9.749195e-05 4.3053902e-07 1.1101781e-08 1.2945866e-05 8.5995336e-05 3.2487077e-07 0.0022012454 4.098326e-06 2.789572e-08 3.7199938e-05 1.4236406e-05 0.0021135139 4.190772e-06 4.1946782e-06
0.34772095 0.26257756 0.14272875 0.2066181 2.1282464e-23 0.67378414 0.92790484 0.037755705 0.010585868 0.02349841 0.029610863 0.0009621826 0.00018325928 0.07053726 0.00013532682 0.078938976 0.6005654 0.0019223742 0.0005692562 0.06806086 0.0051955986 1.2346977e-05 0.3822538 2.4735238e-05 1.1471895e-05 0.02959013 3.3810013e-06 0.09512369 1.6144035e-06 9.459455e-06 4.1872465e-07 1.2685576e-06 0.06715994 0.004351439 8.880842e-07 0.022728609 1.7837188e-05 0.0008344761 0.3545965 2.6656684e-05 3.833126e-07 3.9123822e-07 1.4035693e-06 1.616905e-07 0.0105749 0.006614748 4.942681e-06 9.1698e-08 0.08979152 1.7761014e-06 1.6806626e-07 0.0148660615 3.1954921e-06 7.827019e-06 4.5657337e-08 8.729327e-07 0.018145569 8.945324e-09 9.812221e-07 0.0002492761 0.0082529625 6.2561796e-09 1.22145e-06 4.415826e-06 1.9773145e-08 2.2057357e-08 4.222833e-07 0.017704101 1.0616479e-07 2.8503524e-07 1.3689334e-05 2.7331748e-07 0.022929432 9.221554e-09 1.2351624e-06 0.00017414663 1.7945754e-07 1.5786512e-09 5.359774e-09 2.2451306e-05 4.5894733e-08 0.00013340448 3.3570057e-05 1.21458035e-08 3.3708172e-10 1.5196726e-08 0.0015266183 2.7186986e-06 5.261925e-09 1.1611484e-09 8.0098613e-07 7.6188076e-07 1.0829184e-09 6.000088e-05 2.3472726e-08 1.3386139e-09 1.5675796e-07 1.7603212e-06 0.0006801043 7.866328e-08 3.6295127e-08
0.94024014 0.11331208 0.27962628 0.05827182 0.67378414 2.1139765e-20 0.79753613 0.021678539 0.004276225 0.010755791 0.017666424 0.00073852646 0.00014838143 0.0079171825 3.8392358e-05 0.8889911 0.06304459 0.0003705544 0.0009823595 0.41295478 0.0123085175 1.3619673e-06 0.04801943 3.6689173e-05 2.2852872e-05 0.17169689 4.2739816e-06 0.0056416458 1.6526502e-06 3.4900044e-05 1.775258e-06 3.6659421e-06 0.509042 0.0012835894 1.2768305e-06 0.0010974364 2.301047e-06 0.0008577243 0.12785006 2.9562705e-05 1.8817575e-07 2.1533756e-07 3.5441544e-06 5.49126e-07 0.00066063943 0.00039935464 1.0252049e-06 9.575762e-08 0.018503755 2.0016176e-07 2.8381004e-07 0.0015005835 1.7499744e-05 2.936787e-06 5.227047e-08 7.8122116e-07 0.020757198 1.5338426e-08 8.7261054e-07 0.00017601751 0.002415604 2.4406783e-09 1.0195091e-06 1.7998452e-06 2.121469e-09 7.66893e-09 1.0631359e-06 0.015011333 3.571246e-08 8.484966e-08 1.4892149e-05 1.3916585e-07 0.050747126 1.44900065e-08 1.6531459e-07 0.00064482697 1.8474864e-09 1.7782867e-09 7.646015e-09 2.82513e-07 9.434476e-09 0.00083590054 4.9837226e-06 5.4217672e-08 1.0889057e-10 7.133173e-11 0.000998379 3.0099134e-06 2.5205504e-10 7.067716e-12 1.1504013e-06 7.109417e-07 7.061592e-10 1.7826456e-05 1.5254981e-08 1.3980433e-11 3.5483765e-07 4.881317e-07 0.07666867 3.5295204e-11 8.144596e-08
0.4878675 0.019039026 0.02412351 0.019700611 0.92790484 0.79753613 3.330954e-22 0.0048619565 0.00044642354 0.0036965734 0.0031901454 0.00011593887 2.2264083e-05 0.009924067 5.089997e-06 0.25306925 0.15641125 0.00023301993 0.0002655001 0.07376775 0.0035290096 5.092339e-07 0.09995344 7.519056e-06 2.0503524e-06 0.027102713 4.2914115e-07 0.022794481 1.6281217e-07 2.9048597e-06 1.3127205e-07 4.0931872e-07 0.25784898 0.0011030853 2.9752795e-07 0.0051016165 7.660953e-06 0.0005546854 0.22749601 6.3254815e-06 2.8778645e-08 9.967516e-08 5.040332e-07 3.8948947e-08 0.0047602686 0.0020188526 5.6343274e-06 2.121834e-08 0.05715229 1.3810107e-06 1.2244107e-07 0.009060835 6.1018567e-05 2.0269223e-05 1.0624035e-07 7.754903e-06 0.12895882 1.8067603e-08 5.167791e-06 6.23939e-05 0.006237251 5.327028e-09 1.4232361e-05 1.0460177e-06 1.6439163e-08 1.7670827e-08 4.933968e-06 0.021109598 1.7476694e-07 3.372144e-07 6.5317413e-06 4.1704442e-07 0.046713855 2.7018025e-08 3.4255597e-06 0.00020984348 7.8389036e-08 1.2587143e-08 1.2402568e-08 1.3073882e-05 8.746113e-08 0.00025055336 0.0002493056 4.6191477e-08 9.915493e-10 4.482258e-09 0.000861822 1.7218072e-05 1.4111882e-09 3.536267e-10 5.67455e-06 4.7023714e-06 1.5873771e-09 0.00010524208 3.4127657e-07 1.4394387e-09 1.6848794e-06 2.0652456e-06 0.0015045264 2.1345597e-08 3.1136952e-07
0.8186709 0.45202923 0.34408972 0.27618212 0.037755705 0.021678539 0.0048619565 7.153925e-18 0.9318927 0.3124939 0.83742684 0.18512307 0.12865461 0.117080376 0.1573519 0.06792 0.02130413 0.030553488 0.20614398 0.10119197 0.28764528 0.009987157 0.0062410263 0.011478119 0.010642421 0.32444912 0.007487625 0.00127459 0.006698326 0.00961525 0.004393199 0.005054345 0.009595139 0.026091814 0.006901954 0.027782068 0.0032868274 0.10524452 0.00018077496 0.012969636 0.0011594245 0.0038491217 0.00462075 0.00086333277 0.00042500987 0.0013704788 0.0010217932 0.0013040691 0.00012197669 0.0007530832 0.0005525766 0.00034367281 2.7296895e-05 0.0007696848 8.625982e-05 0.0003148412 0.0003597458 2.2871685e-05 0.00013568814 0.020577922 0.00026525385 2.205391e-06 0.00017411092 0.006311325 8.248949e-05 2.9609708e-05 0.00012291214 5.109894e-06 3.8369846e-05 5.9229667e-05 0.0010155583 4.9650153e-05 2.9178982e-06 4.532275e-05 2.1640903e-06 0.015778562 1.1232706e-05 1.2330157e-06 1.5076791e-05 0.00026931797 4.719547e-06 0.014720734 0.0007129444 1.8102211e-05 1.08904445e-07 7.6087144e-07 0.0011173474 0.00035325988 2.612137e-06 3.3056315e-07 0.00011387197 0.0001317751 1.860538e-06 0.0010225176 6.9814e-06 4.638671e-07 7.500554e-05 7.5328404e-05 0.010052747 5.394674e-06 1.1994248e-05
0.94128793 0.32355472 0.4548373 0.12484163 0.010585868 0.004276225 0.00044642354 0.9318927 1.8594461e-20 0.15085939 0.439517 0.056968585 0.033192407 0.11268463 0.039419807 0.04786122 0.015894072 0.014416742 0.1271084 0.16933197 0.61354834 0.004164678 0.0055883736 0.003819439 0.002556478 0.66653 0.0017218491 0.0012964022 0.0034958243 0.0026619795 0.0024869093 0.0016844425 0.01131794 0.012596874 0.0015473707 0.01126993 0.0020733257 0.13030964 0.00010663954 0.0046931272 0.0005442594 0.00048421972 0.0017102396 0.00041112758 0.00030635443 0.00062672916 0.0003812217 0.00020918851 5.250241e-05 0.00024176735 0.00010322166 0.00018154914 3.1501866e-06 0.00020919269 7.683349e-06 0.000120714496 1.3064859e-05 1.7577613e-06 5.0731105e-05 0.013826412 0.00012910119 4.6188154e-07 3.549057e-05 0.0032587678 1.6561402e-06 5.093974e-06 5.166045e-05 5.8778187e-06 1.3262445e-06 6.2510667e-06 0.00096442515 1.0749698e-05 1.1604052e-06 9.4516497e-07 1.6612931e-07 0.009848194 8.5679096e-07 4.132159e-08 2.8018113e-07 9.978854e-06 2.3654513e-07 0.008987589 5.645432e-05 1.5344982e-06 1.9874353e-09 8.094091e-09 0.00047656219 1.81592e-05 3.20111e-08 9.69092e-10 4.6500563e-06 4.627486e-06 2.4810115e-08 5.4751854e-05 5.8914134e-07 1.05434435e-08 1.7804971e-06 8.8611296e-07 0.03613926 6.200089e-08 7.786432e-07
0.85511416 0.49423623 0.06277516 0.9354852 0.02349841 0.010755791 0.0036965734 0.3124939 0.15085939 6.541634e-19 0.8745276 0.23770487 0.097229965 0.7775952 0.03613042 0.021999456 0.052875884 0.14368774 0.010360794 0.029247696 0.064761974 0.01170792 0.0074685332 0.0008838524 0.00046635597 0.06610216 0.0004656818 0.016696144 0.0018057778 0.00074169354 0.000911972 0.00055144116 0.0019362381 0.23984167 0.0006354771 0.20984828 0.008941619 0.018495347 0.00017307459 0.0006159872 3.7825735e-05 0.0003380276 0.00046129545 0.00014658002 0.0011108296 0.005960271 0.013498777 8.928422e-05 0.00014043461 0.0035597265 9.961515e-05 0.00022878092 7.918012e-06 0.0026843718 1.7055101e-05 0.0015695768 4.4470427e-05 5.183779e-06 0.00059699424 0.0033226835 0.000119110206 1.3703904e-06 0.0011939851 0.00069453346 2.9020023e-06 1.1407228e-06 0.00028633664 3.5670596e-06 6.917571e-06 1.8150164e-05 0.0027970204 8.1384285e-05 5.0739374e-07 2.1888318e-06 1.6002233e-06 0.0060468847 9.564784e-06 1.0816876e-06 1.4553922e-06 0.0004036677 2.3140399e-06 0.0040506334 0.003001309 5.1853417e-06 2.5040547e-08 1.2339557e-06 0.00016122159 0.00029393088 6.243038e-07 6.3040964e-08 5.0578255e-05 0.00016490498 3.1673378e-07 0.0026455647 3.6600943e-06 1.6785452e-07 5.351746e-05 3.9483697e-05 0.0023515548 1.39391905e-05 2.0787238e-06
0.8615849 0.66161036 0.17374378 0.696654 0.029610863 0.017666424 0.0031901454 0.83742684 0.439517 0.8745276 1.1243579e-19 0.6702731 0.46909735 0.38568318 0.44687805 0.043978196 0.022301594 0.27074498 0.11983032 0.04852443 0.31706932 0.061066195 0.005689357 0.0021657764 0.0012731602 0.20350114 0.00084095483 0.002319618 0.005589951 0.0014821482 0.0017003629 0.0011306208 0.0012082495 0.058841582 0.0018260474 0.05756768 0.012395179 0.080789916 0.00012452026 0.00089259923 4.5931585e-05 0.0006385358 0.00050600164 7.238689e-05 0.00028074082 0.001167829 0.0065173768 9.899853e-05 2.9895837e-05 0.005066078 5.632966e-05 5.8222384e-05 4.305466e-06 0.0023015344 8.168687e-06 0.00094541267 1.5291538e-05 1.4964291e-06 0.0005546011 0.0049309884 4.8735128e-05 2.844761e-07 0.0005977827 0.0016776475 2.2127624e-06 8.19909e-07 0.00047862198 4.800299e-07 5.29841e-06 1.3398721e-05 0.00036731988 1.02302565e-05 3.3668422e-07 3.016802e-06 9.564815e-07 0.006646232 1.5980332e-06 2.2765077e-07 2.0296293e-06 0.00010782364 3.2697112e-06 0.006332381 0.0030209436 1.0072064e-05 5.564194e-08 1.7798511e-07 4.2467298e-05 0.00015977865 1.6813849e-06 1.7959751e-08 4.55618e-05 7.0262155e-05 9.087093e-07 0.0015484904 3.155471e-05 8.536424e-08 3.0595984e-05 3.243346e-05 0.0043533132 4.705848e-06 2.5821728e-06
0.81727237 0.018794948 0.002795995 0.047032796 0.0009621826 0.00073852646 0.00011593887 0.18512307 0.056968585 0.23770487 0.6702731 2.1909295e-20 0.88899755 0.2284941 0.66829556 0.0042322013 0.0010108718 0.9056539 0.12893647 0.004859877 0.098416105 0.4458146 0.0001157208 0.0039156154 0.0042624506 0.020032289 0.003453825 0.0004573904 0.067211345 0.0039979806 0.0076543996 0.0033163028 8.532888e-05 0.048713043 0.005480368 0.115299895 0.13499154 0.05406093 4.6332266e-06 0.0051301923 0.00072050374 0.0020883768 0.0028445334 0.00033756453 0.0001402887 0.00058500643 0.08241157 0.0006492801 3.2362863e-05 0.028958365 0.00014967918 2.6810674e-05 1.06248045e-07 0.016649572 2.3668617e-05 0.019857708 1.9651206e-07 6.2505896e-06 0.009112844 0.0137053635 1.268396e-05 1.5586822e-06 0.013102693 0.0031880226 1.1917297e-05 3.350083e-06 0.0048956494 4.87993e-07 8.358088e-06 1.37210955e-05 0.00053190923 0.000104158506 4.365837e-08 4.0607047e-06 1.16456526e-07 0.011187374 7.0418823e-06 9.4133566e-07 1.82074e-06 0.0018425036 1.3749788e-06 0.005813447 0.0042813825 1.5964437e-05 2.9141214e-08 6.829676e-07 5.7739493e-05 0.00069955725 2.891125e-07 7.904982e-08 0.00025517098 0.00042110062 2.8773803e-07 0.002192169 2.2431448e-05 8.383107e-08 0.00024402261 6.1814244e-05 0.002747346 2.7249012e-05 3.279197e-05
0.8112265 0.0055787163 0.0006015816 0.014292808 0.00018325928 0.00014838143 2.2264083e-05 0.12865461 0.033192407 0.097229965 0.46909735 0.88899755 4.0946633e-20 0.111434475 0.8763822 0.0025608311 0.00018114531 0.86668956 0.22738604 0.003433352 0.10259076 0.539188 1.073724e-05 0.00864389 0.009303006 0.014571582 0.0066728615 0.00028288199 0.13397689 0.007138391 0.019355407 0.0068446477 2.988013e-05 0.025715545 0.016381567 0.0704978 0.19191262 0.0717588 8.873002e-07 0.008598386 0.001549362 0.007547773 0.0036435544 0.00066658494 5.0442948e-05 0.00024145881 0.075147 0.00095465215 9.965445e-06 0.042905416 0.00020948995 1.977804e-05 8.295845e-08 0.019625897 4.592563e-05 0.023904959 1.3401866e-07 1.37936095e-05 0.011423844 0.017177135 1.0323864e-05 9.825721e-06 0.014065088 0.0030029034 1.9984991e-05 9.991005e-06 0.007925943 1.3377502e-07 1.2164068e-05 1.7628268e-05 0.0003242689 0.00023814308 1.1588965e-08 5.3806575e-06 1.6626879e-07 0.010157762 1.824725e-05 1.4671779e-06 2.3546963e-06 0.0021270618 2.5647034e-06 0.00519541 0.005624417 2.2206359e-05 5.571713e-08 3.1666414e-06 1.4761256e-05 0.00091824506 5.569363e-07 3.5204275e-07 0.0004756783 0.00056177354 4.903335e-07 0.0029097865 2.24159e-05 5.2407563e-07 0.00031717346 0.00012631362 0.0022003693 5.3289445e-05 2.6761294e-05
0.88451284 0.16238315 0.028293882 0.7655826 0.07053726 0.0079171825 0.009924067 0.117080376 0.11268463 0.7775952 0.38568318 0.2284941 0.111434475 1.0014763e-17 0.028325232 0.023298578 0.27220863 0.15226613 0.0036712852 0.025116649 0.050191853 0.026315251 0.13344438 0.0015485457 0.0010343466 0.037385546 0.00079504744 0.36419833 0.005276297 0.0017892901 0.002892798 0.0017533062 0.0006830488 0.7814012 0.0029285853 0.8789496 0.0238869 0.0065940577 0.0008271211 0.0008277532 8.728944e-05 0.0014367693 0.000572504 0.0003035894 0.016899817 0.062046897 0.25959787 0.00011644915 0.0010583228 0.015747653 0.00027177267 0.0031667147 3.7907026e-05 0.016689068 0.00010269263 0.015618825 0.0002694184 3.3891447e-05 0.0053577106 0.0015284058 0.001180229 3.470166e-06 0.0051847585 0.0010130509 1.4741026e-05 1.2871767e-05 0.0020231216 9.731899e-05 0.0001220961 0.0001613231 0.020662924 0.0001668143 6.6174856e-05 9.5997784e-05 8.1645285e-06 0.004497378 7.764165e-05 8.164186e-06 5.617494e-05 0.010493986 1.1597806e-05 0.0026295944 0.005104527 8.611286e-05 1.18117974e-07 3.2646934e-05 0.0017986383 0.0013833004 9.4469644e-05 6.540424e-06 0.00026597732 0.0012215878 1.7737479e-05 0.0066422108 0.00031871625 1.2309567e-05 0.0006106572 0.00011008741 0.004914833 0.0006148524 0.00023169526
0.93733287 0.0026606864 0.00039641804 0.00401591 0.00013532682 3.8392358e-05 5.089997e-06 0.1573519 0.039419807 0.03613042 0.44687805 0.66829556 0.8763822 0.028325232 1.5247275e-19 0.0023537625 1.1542987e-05 0.7427645 0.8379892 0.0043597487 0.2318986 0.86729544 2.5397721e-06 0.05568218 0.10743695 0.022455068 0.039411895 0.00014379167 0.63527703 0.07765291 0.18698819 0.118547395 4.0685252e-05 0.008070275 0.2152724 0.03146857 0.2675775 0.21684851 5.53522e-07 0.04493493 0.00810653 0.07763035 0.00997533 0.010545412 3.6804853e-05 0.00022132459 0.053153835 0.0025133556 1.4694671e-06 0.064158395 0.0012398472 1.8423438e-05 8.308038e-08 0.029419046 0.0002624565 0.0185892 8.887555e-08 0.00010061825 0.018173166 0.040446937 7.958849e-06 2.8568214e-05 0.007803385 0.012234041 8.09065e-05 3.896416e-05 0.010702263 4.657355e-07 0.00010592062 0.0001824277 0.00016639658 0.0006984297 6.202337e-08 3.5632434e-05 8.820629e-08 0.015794458 2.0985797e-05 8.563586e-06 9.436686e-06 0.0011809445 2.3518247e-05 0.009489106 0.009001532 5.4036875e-05 3.2420502e-07 4.497487e-06 7.165413e-06 0.0009522684 4.696039e-06 6.1006523e-07 0.0008511672 0.00043108675 5.250128e-06 0.004303424 1.1125433e-05 9.180505e-07 0.0002671533 0.0004617248 0.0052464176 0.00010915594 3.4054512e-05
0.9923315 0.18464924 0.48499677 0.05201177 0.078938976 0.8889911 0.25306925 0.06792 0.04786122 0.021999456 0.043978196 0.0042322013 0.0025608311 0.023298578 0.0023537625 4.4424922e-21 0.036589067 0.0034320937 0.022609737 0.60970825 0.021796077 0.00010952225 0.022787783 0.0024257617 0.001579122 0.23033845 0.000642559 0.005484365 0.00035159933 0.0016406693 0.00055939803 0.00069838576 0.5465331 0.0063026696 0.0008484809 0.010184928 0.00013771915 0.002517206 0.07743638 0.00404944 4.5935085e-05 7.4412186e-05 0.0005429747 2.9085895e-05 0.00073124614 0.0007877826 2.9528184e-05 4.1224004e-05 0.009313809 8.411794e-06 2.9542834e-05 0.0015220558 9.039769e-05 6.498119e-05 9.893637e-06 4.806309e-05 0.007037099 1.4879578e-06 4.372911e-05 0.0011643927 0.0014176943 3.353121e-07 2.660642e-05 5.954423e-05 1.8343483e-06 2.3054292e-06 4.046465e-05 0.0069102827 8.1398946e-07 2.2401698e-06 0.0003098941 6.218026e-06 0.10080658 2.1130793e-07 1.0705252e-06 0.0038518296 3.4115098e-07 3.2323147e-08 1.1060362e-07 5.1983534e-06 3.0240994e-07 0.0066842013 0.00028379017 2.3799707e-06 8.519113e-09 1.1428527e-08 0.00087717123 0.0003419453 4.361648e-09 2.1441806e-09 4.4643693e-06 7.954793e-05 5.7018705e-09 0.00018378838 2.0914351e-07 4.17743e-09 5.5447043e-05 9.043572e-07 0.5072539 5.084521e-09 1.9597035e-06
0.6374495 0.16592236 0.0427758 0.33126384 0.6005654 0.06304459 0.15641125 0.02130413 0.015894072 0.052875884 0.022301594 0.0010108718 0.00018114531 0.27220863 1.1542987e-05 0.036589067 4.802817e-22 0.00080209353 6.8471876e-05 0.06542889 0.00079979276 1.8952335e-06 0.97369087 1.233492e-06 8.9223624e-07 0.037049003 3.219819e-07 0.7805721 1.4024316e-07 2.824815e-07 6.3176984e-08 4.1003155e-08 0.03808034 0.1644962 2.904383e-08 0.052450247 3.5964733e-06 1.9970816e-05 0.1727094 6.3494605e-07 2.0120952e-08 9.485683e-09 2.3235518e-07 1.7029105e-08 0.10956329 0.05816188 4.0323057e-06 1.8137098e-07 0.22843234 1.1472967e-07 5.0134446e-08 0.07981552 2.5854142e-05 6.139784e-06 1.2017771e-08 2.7460146e-06 0.0041149277 2.4780686e-09 2.1366498e-06 6.965443e-05 0.030506305 1.4615906e-09 4.492292e-06 6.477697e-06 2.2431777e-08 4.645194e-08 1.0664065e-06 0.019347051 1.03292255e-08 1.5028505e-08 0.0019798044 7.061694e-08 0.010392094 7.0311277e-09 5.2897362e-06 0.00042139206 1.0121566e-07 3.0595977e-09 6.1371637e-09 0.0004045128 1.0587759e-08 0.0005257278 5.415995e-06 2.785207e-08 1.2395087e-09 8.242751e-09 0.005490004 4.469447e-06 7.395917e-09 1.0219602e-08 7.4913737e-07 4.094357e-06 7.4256006e-09 2.375892e-05 2.2691057e-07 1.5724913e-08 1.1397105e-06 1.9769204e-06 0.00073635124 2.460512e-06 2.8171638e-07
0.5483034 0.006264151 0.0013261372 0.030583536 0.0019223742 0.0003705544 0.00023301993 0.030553488 0.014416742 0.14368774 0.27074498 0.9056539 0.86668956 0.15226613 0.7427645 0.0034320937 0.00080209353 1.2106665e-20 0.04350035 0.0020343265 0.029862188 0.90925115 0.00016798449 0.0036576716 0.005546838 0.00413351 0.002981573 0.001484236 0.20014873 0.006823746 0.015326307 0.009278919 4.4880226e-06 0.034600742 0.024970915 0.094694905 0.6394113 0.01807906 7.3672345e-06 0.004319835 0.0009460733 0.015707081 0.0022151845 0.0009446105 0.00031603366 0.0010181562 0.24689434 0.00033478028 4.179383e-05 0.10947876 0.00052676676 7.015603e-05 4.776484e-07 0.07954075 0.00022277283 0.064605206 4.6624342e-07 6.351986e-05 0.035119306 0.0049339663 2.252066e-05 1.588095e-05 0.020900495 0.0018843878 1.9226474e-05 1.2212434e-05 0.019647645 4.574226e-07 0.00010201239 0.00015468846 0.0005945469 0.0009632403 1.7494129e-08 3.820138e-05 9.800353e-07 0.005579639 3.9639668e-05 3.338286e-06 6.2722775e-06 0.007039298 8.086241e-06 0.0022690312 0.008227415 4.4666584e-05 7.268187e-08 7.1458217e-06 1.3141622e-05 0.0016808752 3.7024404e-06 7.6555517e-07 0.002093845 0.00093343004 1.7217948e-06 0.0048702606 1.5157193e-05 1.3747422e-07 0.0002979049 0.0002983965 0.000877896 5.217935e-05 2.0411857e-05
0.9715695 0.0044620815 0.016232312 0.0023500696 0.0005692562 0.0009823595 0.0002655001 0.20614398 0.1271084 0.010360794 0.11983032 0.12893647 0.22738604 0.0036712852 0.8379892 0.022609737 6.8471876e-05 0.04350035 3.311941e-19 0.028400876 0.75447625 0.10502995 1.3843028e-05 0.7490173 0.6614742 0.18843263 0.40762547 0.00030875014 0.17928253 0.32370389 0.26532415 0.20223656 0.0004795936 0.00096171437 0.14266746 0.0033519643 0.021269428 0.6888521 1.6622806e-05 0.2997216 0.09147903 0.058534816 0.07388839 0.037148517 5.8905705e-05 0.00037562594 0.0031486657 0.014144248 3.1402e-05 0.004987691 0.00972202 1.6965507e-05 1.4912719e-06 0.0021644826 0.0016636938 0.0011638115 3.9040915e-06 0.000862539 0.0013661713 0.17348503 4.7854187e-06 0.00035351652 0.00058250513 0.060852982 0.00060619286 0.0001892631 0.0017974285 1.6503932e-06 0.00015831359 0.00026401193 0.00025982413 0.00073135365 2.774763e-07 0.00015357953 8.5120234e-07 0.07818893 3.1165175e-05 3.860402e-05 7.6072785e-05 0.000111222995 0.000106667714 0.04408081 0.0019094353 0.00010284768 1.0755051e-05 8.465794e-06 1.2921075e-05 0.00052499835 3.054275e-05 4.630002e-06 7.808823e-05 0.00021871126 2.8971615e-05 0.0010032644 1.4528413e-05 6.0948623e-06 0.00013208321 2.50191e-05 0.057426576 0.0004644694 1.1996857e-05
0.99692607 0.21036722 0.68713707 0.047545098 0.06806086 0.41295478 0.07376775 0.10119197 0.16933197 0.029247696 0.04852443 0.004859877 0.003433352 0.025116649 0.0043597487 0.60970825 0.06542889 0.0020343265 0.028400876 2.736209e-21 0.0366028 0.00041302844 0.036232125 0.003930498 0.0021646882 0.4674097 0.001687051 0.005149736 0.00097136095 0.0014275828 0.0015555389 0.000869432 0.2801845 0.009075286 0.0012626419 0.008040002 0.00020274645 0.006380492 0.05807928 0.0065995436 0.00014436808 0.0004321345 0.0014659023 0.00015175107 0.0013205678 0.0011734362 7.6313016e-05 0.0003014993 0.020608928 2.1116231e-05 7.155119e-05 0.0036426352 3.7618556e-05 2.3944487e-05 2.8829108e-06 3.4168694e-05 0.0016353518 1.1338077e-06 2.6081007e-05 0.004538818 0.0026110364 3.1818033e-07 6.501683e-05 0.00036608032 1.1733935e-05 1.042301e-05 0.0001426139 0.010026839 3.583578e-07 1.3167232e-06 0.00075329334 1.1444567e-05 0.041734703 1.3468015e-07 1.4078722e-07 0.017017636 9.655935e-07 4.524512e-08 1.6459786e-07 4.0792052e-05 7.7564785e-08 0.01982774 0.00041334523 3.777802e-06 7.9934054e-08 4.1164576e-08 0.0016580793 0.0003290966 2.8631246e-09 7.7021935e-09 2.2669557e-05 0.00015740206 1.2957531e-08 0.0031564615 6.86725e-07 1.0767216e-08 0.00017259295 2.1539243e-05 0.53874594 7.973576e-09 1.0612472e-05
0.99085 0.06681329 0.2515378 0.03209309 0.0051955986 0.0123085175 0.0035290096 0.28764528 0.61354834 0.064761974 0.31706932 0.098416105 0.10259076 0.050191853 0.2318986 0.021796077 0.00079979276 0.029862188 0.75447625 0.0366028 2.316918e-20 0.025054848 0.00016866317 0.13278879 0.11757949 0.5806391 0.107290834 0.0003004806 0.03129633 0.06144641 0.06658773 0.05001817 0.0028899538 0.002277116 0.036660653 0.002319256 0.0057551092 0.7453579 7.2223185e-05 0.19873962 0.03419773 0.015115763 0.061095916 0.01680477 4.919607e-05 9.6373326e-05 0.0004176186 0.016519453 6.6366854e-05 0.00024902163 0.0040948624 4.869099e-05 2.020974e-06 0.00011314001 0.000639552 0.00012111428 2.185734e-06 0.00030803308 4.7911195e-05 0.069618605 3.0378036e-05 0.00033565942 0.00013667296 0.018764006 0.0018103247 0.00046548684 2.8111575e-05 7.9960355e-06 4.5708595e-05 8.605785e-05 0.0004373643 0.00041019352 3.161857e-07 2.2260558e-05 1.295451e-07 0.082808815 0.00015912067 1.2046535e-05 1.8784298e-05 0.00017243305 7.56877e-06 0.07404411 0.00036505 4.2147425e-05 6.924418e-07 1.7532592e-06 0.00018343939 3.7821155e-05 5.3072023e-07 4.4331406e-07 2.736817e-06 1.9294768e-05 1.2296302e-06 0.0001589114 4.3687073e-06 1.3855077e-06 1.7217233e-05 9.12443e-06 0.20549229 1.256011e-05 5.1031584e-06
0.7999395 0.00047933776 9.3778384e-05 0.0012528314 1.2346977e-05 1.3619673e-06 5.092339e-07 0.009987157 0.004164678 0.01170792 0.061066195 0.4458146 0.539188 0.026315251 0.86729544 0.00010952225 1.8952335e-06 0.90925115 0.10502995 0.00041302844 0.025054848 5.2590357e-20 6.958597e-07 0.011332472 0.018038811 0.002205771 0.011780704 0.00015361923 0.8571111 0.019721957 0.0932718 0.034640577 1.9574573e-07 0.011174561 0.14216581 0.031884573 0.821142 0.02585612 1.3967082e-07 0.012036365 0.003692358 0.079168394 0.005006973 0.005635228 3.8266942e-05 0.0001521645 0.13692354 0.001457872 1.5937368e-06 0.17874485 0.000998838 6.3329117e-06 2.988593e-08 0.09798528 0.00022714128 0.05628927 1.5342989e-08 8.3329905e-05 0.054693308 0.010931741 2.3720918e-06 2.3812794e-05 0.015808247 0.0032038733 7.533638e-05 2.3817269e-05 0.0282137 9.627737e-08 9.4285584e-05 0.00013938494 0.00020617702 0.0009861746 8.421035e-09 3.8411912e-05 4.3647127e-08 0.0054197595 4.0556675e-05 4.2660126e-06 9.652422e-06 0.0027012615 4.1015983e-06 0.0031329643 0.012022216 6.541213e-05 5.017376e-08 3.947976e-06 9.96611e-06 0.0014379742 5.93992e-07 2.529968e-07 0.0048949555 0.00074254174 9.150254e-07 0.008885633 1.8704928e-05 3.4886264e-07 0.00045744007 0.000799903 0.0008582795 5.2831652e-05 2.010464e-05
0.3399281 0.03979703 0.013090808 0.09826572 0.3822538 0.04801943 0.09995344 0.0062410263 0.0055883736 0.0074685332 0.005689357 0.0001157208 1.073724e-05 0.13344438 2.5397721e-06 0.022787783 0.97369087 0.00016798449 1.3843028e-05 0.036232125 0.00016866317 6.958597e-07 1.629651e-21 9.570992e-07 6.4403224e-07 0.0132785775 2.1540288e-07 0.8386028 9.0515655e-08 1.708253e-07 1.6754832e-08 1.3638895e-08 0.04183981 0.15186828 1.7270605e-08 0.030802356 2.3545392e-06 9.210274e-06 0.33290884 1.5562138e-06 4.538921e-08 1.7973116e-08 2.0450252e-06 1.901572e-08 0.16944142 0.10160884 1.4553366e-06 7.0041233e-07 0.5718987 9.950155e-08 5.324888e-08 0.19329546 8.065874e-05 2.521729e-06 2.878271e-08 2.4812034e-06 0.007868951 1.0053776e-08 3.980318e-06 7.26499e-05 0.07272593 2.216083e-09 7.5054872e-06 6.758067e-06 5.3030966e-08 3.6503412e-08 9.877893e-06 0.047282603 3.797383e-08 5.451081e-08 0.0029963683 1.6010789e-07 0.016900351 1.8261725e-08 2.3552006e-05 0.00034091782 2.3729889e-07 9.5105035e-09 1.6378356e-08 0.0002468501 1.2421318e-08 0.00024192418 3.747047e-05 1.0506291e-07 5.287093e-10 1.9903801e-08 0.011496682 3.1809384e-05 3.8168415e-09 4.1162203e-09 4.007151e-06 2.690624e-05 6.9803914e-09 8.2954706e-05 1.27546e-06 3.8048725e-08 9.4285815e-06 1.4564135e-05 0.00056413526 1.5304448e-05 5.0434096e-07
0.9266398 0.00012541708 0.00023676282 0.00020491464 2.4735238e-05 3.6689173e-05 7.519056e-06 0.011478119 0.003819439 0.0008838524 0.0021657764 0.0039156154 0.00864389 0.0015485457 0.05568218 0.0024257617 1.233492e-06 0.0036576716 0.7490173 0.003930498 0.13278879 0.011332472 9.570992e-07 1.7065085e-17 0.68579835 0.012919443 0.9020803 1.39171025e-05 0.059154414 0.45556286 0.22714534 0.2548387 3.6827394e-05 0.00055807066 0.12430981 0.0007323116 0.0045593125 0.2929117 1.3982169e-05 0.49981618 0.42166096 0.07415535 0.32318366 0.11485085 4.7888475e-06 4.089212e-05 0.00022285081 0.101125926 3.4357186e-06 0.0014971438 0.046746727 1.5343242e-06 2.4512094e-06 0.0006432595 0.014843954 0.00018197435 3.1974216e-06 0.008613672 0.00027123926 0.20207632 1.9011713e-06 0.007892832 4.323123e-05 0.09240458 0.0035546056 0.005031985 0.0005005095 1.7958878e-06 0.0010104536 0.0012434137 3.172084e-05 0.0043045757 3.1244303e-07 0.0011879314 1.2195179e-06 0.10100949 0.0007134293 0.00046851352 0.0005495669 4.5648874e-05 0.00040984177 0.05675894 0.0040941406 0.00047153633 7.275549e-05 8.5804466e-05 9.457498e-06 0.00057351904 9.858164e-05 3.6470406e-05 0.00011159976 0.00021389578 8.2949e-05 0.004046871 0.000118688964 6.7337e-05 0.00015619547 2.7844359e-05 0.018170264 0.001023724 0.000136851
0.9026526 7.5012904e-05 0.00010193653 7.588664e-05 1.1471895e-05 2.2852872e-05 2.0503524e-06 0.010642421 0.002556478 0.00046635597 0.0012731602 0.0042624506 0.009303006 0.0010343466 0.10743695 0.001579122 8.9223624e-07 0.005546838 0.6614742 0.0021646882 0.11757949 0.018038811 6.4403224e-07 0.68579835 1.4503739e-17 0.009079462 0.49927482 2.5787016e-05 0.1419807 0.884943 0.42418963 0.6004299 1.0171508e-05 0.0004394785 0.3134572 0.0006225158 0.009260049 0.2159187 4.0715854e-06 0.29407287 0.76080555 0.19913332 0.2756772 0.25757635 1.9488612e-05 8.5307074e-05 0.0006657752 0.060068805 1.8190304e-06 0.0059898947 0.077187136 2.7279132e-06 9.596665e-07 0.0018218143 0.029538821 0.000659562 1.3247693e-06 0.010565262 0.0012251672 0.11662949 2.8480172e-06 0.011940204 0.00032075858 0.06544153 0.0038851288 0.002103215 0.0024596897 2.2044617e-06 0.0019314531 0.002301281 3.9774706e-05 0.00981556 1.7357631e-07 0.0016883643 5.884092e-07 0.04943716 0.0005611083 0.00052150956 0.0007332759 2.4533994e-05 0.00033994808 0.022351727 0.010105475 0.00061920454 6.223392e-05 0.00010627019 1.052619e-05 0.002399129 0.00011381737 6.774777e-05 0.00038801596 0.000955358 0.000114130184 0.006395798 0.00017402774 0.00010966899 0.00060831243 7.7330544e-05 0.005158992 0.0018159826 0.00032620932
0.9983989 0.18315916 0.80061847 0.06996123 0.02959013 0.17169689 0.027102713 0.32444912 0.66653 0.06610216 0.20350114 0.020032289 0.014571582 0.037385546 0.022455068 0.23033845 0.037049003 0.00413351 0.18843263 0.4674097 0.5806391 0.002205771 0.0132785775 0.012919443 0.009079462 2.0196487e-21 0.0098356875 0.009862028 0.0031662148 0.0060107065 0.0072744708 0.0044759503 0.047179393 0.007023854 0.003866441 0.004032706 0.00034288317 0.13861601 0.012152323 0.024592008 0.0015506754 0.0011437022 0.0071748095 0.0014492207 0.0014495046 0.0018815271 0.00022619772 0.002729354 0.013089166 4.7141108e-05 0.0008875275 0.0018986701 3.9610513e-06 9.790079e-05 5.483342e-05 0.00024751792 2.7720043e-05 2.1793054e-05 0.00015084837 0.01749368 0.0013149872 1.8343982e-05 0.00045901784 0.0038123825 0.0002532417 0.000101329 0.0006533149 0.0046267295 4.1257094e-06 1.6127009e-05 0.0007411865 0.00013644075 0.0027149925 1.2340497e-06 7.824873e-09 0.04845527 8.139883e-06 1.8547378e-06 5.067093e-06 0.00028821855 4.7686285e-07 0.05099513 0.00085477444 5.773982e-05 1.1915752e-07 9.5522296e-08 0.00090873154 0.0008067866 3.3292866e-07 9.685214e-09 6.4740874e-05 0.00037333355 2.4616114e-07 0.0047943704 1.6037515e-05 1.9285991e-07 0.0006153416 3.8441856e-05 0.45198822 2.4937654e-07 6.679362e-05
0.9522704 4.4589506e-05 6.148576e-05 6.01958e-05 3.3810013e-06 4.2739816e-06 4.2914115e-07 0.007487625 0.0017218491 0.0004656818 0.00084095483 0.003453825 0.0066728615 0.00079504744 0.039411895 0.000642559 3.219819e-07 0.002981573 0.40762547 0.001687051 0.107290834 0.011780704 2.1540288e-07 0.9020803 0.49927482 0.0098356875 1.852963e-17 1.7395755e-06 0.057719477 0.3436231 0.21772821 0.22719875 1.7425768e-05 0.0002512276 0.105650455 0.00033893707 0.003568457 0.34122542 3.0149324e-06 0.6498562 0.61354727 0.08226674 0.6094543 0.19277464 4.619595e-07 7.1701234e-06 2.1393278e-05 0.28582302 5.285241e-07 0.0012124348 0.1016182 1.9639944e-07 6.8168896e-07 0.00040826187 0.03383432 5.699838e-05 3.4571892e-07 0.020137535 0.00013523793 0.31169617 2.6880204e-07 0.02316338 9.164791e-06 0.15531006 0.011469582 0.023154119 0.0002632838 2.3057778e-07 0.0022295306 0.0032121625 2.5002678e-06 0.009375339 7.380153e-08 0.0028688712 4.0869855e-07 0.14957081 0.0015795183 0.0015884291 0.0017273629 6.1931996e-06 0.00046762012 0.08661733 0.0046988977 0.0010693528 6.237593e-05 0.0001408922 1.5217204e-06 0.0006453871 7.284082e-05 4.4845463e-05 3.2212567e-05 0.00019639186 5.558708e-05 0.0040781065 0.00019847014 9.30761e-05 0.00012680932 8.110763e-06 0.022989899 0.0024332998 0.00014656129
0.077257164 0.026350295 0.0029541524 0.09373781 0.09512369 0.0056416458 0.022794481 0.00127459 0.0012964022 0.016696144 0.002319618 0.0004573904 0.00028288199 0.36419833 0.00014379167 0.005484365 0.7805721 0.001484236 0.00030875014 0.005149736 0.0003004806 0.00015361923 0.8386028 1.39171025e-05 2.5787016e-05 0.009862028 1.7395755e-06 2.043716e-18 3.160187e-05 3.293752e-05 4.256771e-06 6.3385496e-06 0.0020920567 0.64997 1.2825866e-05 0.20338884 0.00010249362 7.0685026e-05 0.14373815 2.0942693e-05 4.0636796e-06 1.0253766e-05 2.770194e-05 2.3763962e-06 0.7517699 0.7412178 0.00031346752 9.100385e-06 0.7753318 8.235649e-05 7.0247515e-06 0.6514574 6.2679326e-05 0.00061030267 1.7474444e-05 0.00017935618 0.00088898593 8.360305e-06 0.00017776062 0.00016524155 0.26175532 9.819103e-07 0.00023101745 2.8622018e-05 4.336855e-06 2.804943e-06 0.00025548803 0.10067597 2.1720703e-05 4.677684e-05 0.09868526 7.824858e-05 0.005084023 1.3619082e-05 4.7771355e-05 0.0007782535 4.093398e-05 2.6476935e-06 1.7277813e-05 0.0010159607 6.064088e-06 0.00024419976 0.0030761478 9.536679e-05 1.3176447e-07 1.4036036e-05 0.05370075 0.0008639405 1.17720665e-05 1.0936563e-05 3.727712e-06 0.0005514958 4.6525893e-06 0.009842096 0.0001335808 3.236888e-07 0.00014915835 1.0571803e-05 0.00028214834 5.83637e-05 0.00014159613
0.90224856 0.00018219714 3.8003855e-05 0.00030809507 1.6144035e-06 1.6526502e-06 1.6281217e-07 0.006698326 0.0034958243 0.0018057778 0.005589951 0.067211345 0.13397689 0.005276297 0.63527703 0.00035159933 1.4024316e-07 0.20014873 0.17928253 0.00097136095 0.03129633 0.8571111 9.0515655e-08 0.059154414 0.1419807 0.0031662148 0.057719477 3.160187e-05 4.543877e-19 0.21929696 0.66374946 0.45163554 7.8414047e-07 0.003161315 0.8519938 0.013220023 0.5069125 0.06227369 1.5235405e-07 0.037739262 0.033274606 0.768688 0.03425039 0.1448393 8.792872e-06 7.869409e-05 0.042616155 0.012782078 9.806628e-07 0.12911785 0.05939499 1.2409337e-06 2.6138961e-08 0.051112194 0.015157815 0.02001666 1.0059761e-08 0.0037732995 0.02817641 0.042222183 4.6601804e-07 0.00022281935 0.0057110474 0.01799769 0.000604372 0.00013610272 0.024374252 5.977382e-08 0.0020458982 0.0026735822 0.00015238902 0.031140303 9.945293e-09 0.00036056535 8.9835765e-08 0.016450498 0.00010886048 4.0309853e-05 9.965317e-05 0.0006198843 9.7376405e-06 0.007131185 0.043860205 0.00030551213 1.4388733e-07 5.725534e-06 8.034914e-06 0.004000467 2.180556e-06 2.8075567e-07 0.0063760537 0.0018523728 2.9594703e-06 0.024624066 5.0565526e-05 1.1604759e-06 0.0010032357 0.0008177913 0.0022236467 0.00040105687 8.7161745e-05
0.8860848 8.354443e-05 7.440509e-05 0.00014418508 9.459455e-06 3.4900044e-05 2.9048597e-06 0.00961525 0.0026619795 0.00074169354 0.0014821482 0.0039979806 0.007138391 0.0017892901 0.07765291 0.0016406693 2.824815e-07 0.006823746 0.32370389 0.0014275828 0.06144641 0.019721957 1.708253e-07 0.45556286 0.884943 0.0060107065 0.3436231 3.293752e-05 0.21929696 5.7225486e-17 0.5919632 0.79253685 3.0317824e-06 0.00083469535 0.50702614 0.0010883511 0.00853634 0.16233423 1.4349986e-06 0.1956568 0.8119237 0.37137997 0.24102308 0.39879397 1.03861275e-05 5.7205754e-05 0.000707008 0.06825438 8.051187e-07 0.006082046 0.13198231 1.8821407e-06 1.092955e-06 0.002248687 0.049246725 0.0008785375 3.059296e-06 0.02217042 0.001558432 0.12929474 1.345584e-06 0.021949572 0.0004898227 0.079975754 0.005025932 0.0035229384 0.0025619657 1.2458474e-06 0.0066715693 0.006890471 3.8034235e-05 0.016167087 1.948955e-08 0.005216806 1.5501762e-06 0.05602675 0.0015437535 0.0007866171 0.0014064335 3.9442224e-05 0.00054246356 0.024224635 0.018510647 0.0017261353 3.6419213e-05 0.0002956785 5.840949e-06 0.0067380914 0.00013676344 0.000119145196 0.00066690415 0.0034553667 0.00010465367 0.008218295 0.0006255885 0.00021914886 0.0023947323 0.00015722697 0.0027035065 0.0019311898 0.0014769804
0.9149836 5.656577e-05 4.465998e-05 0.00014419554 4.1872465e-07 1.775258e-06 1.3127205e-07 0.004393199 0.0024869093 0.000911972 0.0017003629 0.0076543996 0.019355407 0.002892798 0.18698819 0.00055939803 6.3176984e-08 0.015326307 0.26532415 0.0015555389 0.06658773 0.0932718 1.6754832e-08 0.22714534 0.42418963 0.0072744708 0.21772821 4.256771e-06 0.66374946 0.5919632 1.1063154e-17 0.8576911 4.3764508e-06 0.0012045845 0.83355343 0.0030552365 0.041425966 0.1667458 1.4174805e-07 0.12370687 0.3572423 0.6706238 0.16373158 0.5241012 1.4198596e-06 7.947388e-06 0.0059936824 0.06621092 2.2372161e-07 0.021543246 0.16263925 3.2866106e-07 4.530704e-08 0.0073191077 0.047826234 0.0024820876 7.063405e-08 0.023049321 0.004971116 0.16674301 2.2040506e-07 0.010960188 0.0006324384 0.084030524 0.0027683624 0.000728701 0.007345144 4.999903e-08 0.0051525068 0.006358693 3.7769823e-05 0.036328875 6.525903e-09 0.0027274766 1.4458983e-07 0.062147547 0.000300872 0.0006789657 0.0013028639 3.2115084e-05 6.581285e-05 0.02543462 0.026060924 0.0020990965 2.322058e-06 2.1432774e-05 9.33431e-06 0.00321445 1.1849436e-05 6.9509333e-06 0.0013352133 0.0014569769 3.0519397e-05 0.019442035 0.00021673704 2.1761114e-05 0.0009787017 0.00020417554 0.0060343957 0.0018546956 0.00040099933
