2.7371721e-34 0.052054252 0.0859632 0.091751434 0.029741373 0.27119082 0.30028802 0.20775284 0.70267516 0.067692086 0.0022511384 0.4017932 0.12972204 0.00059736473 0.0057527088 0.0008477562 0.39376688 0.46246943 0.00023301414 0.77911794 0.015748817 0.5202627 0.2804073 0.39734325 0.3178292 0.5140823 0.33665812 0.5204655 0.7736231 0.7922422 0.05662933 0.00024758308 0.08319181 0.81397575 0.38880262 0.27879107 0.7604408 0.012555871 0.0016582587 0.88902533 0.692977 1.3624758e-07 0.34195504 0.13077769 0.0052609774 0.001059629 0.0012272054 0.030432353 0.013344704 0.6987199 0.9433021 0.87636036 0.009107327 0.0008126558 3.449152e-08 3.6684972e-07 0.000998501 0.021982444 1.3253273e-05 0.00094399636 0.34189817 7.039528e-07 0.0018794065 0.9855917 0.8538817 0.009989367 0.93630373 0.066358685 0.91859186 0.004858239 2.0634332e-05 0.058283772 0.24305053 0.977185 0.71592426 0.0013241651 0.003257303 0.6833545 0.3163105 0.0003346587 0.92960185 0.77381116 0.0068516065 0.7327245 0.91675216 0.9476032 0.9943764 0.9787536 0.99089056 0.9990495 0.52485555 0.99739605 0.9946716 0.6768739 0.99817544 4.8450725e-05 0.9998739 0.9924624 0.0012515493 0.9996353 0.9995546
0.052054252 2.4308675e-23 0.9141233 0.7696654 0.7074382 0.5901345 0.49475992 0.43831217 0.6490865 0.19452506 0.35506156 0.22770645 0.08436376 0.20525968 0.2837823 0.19196402 0.068026945 0.07345007 0.089936525 0.15804312 0.24768834 0.07124228 0.043610204 0.023470001 0.018463366 0.009963431 0.01570449 0.008021053 0.026908372 0.027481059 0.003628143 0.08496022 0.0011435479 0.075582966 0.0013680493 0.01356976 0.052599993 0.0020828904 0.0028627943 0.09432068 0.00055285945 0.006006672 0.0057858364 0.00013753514 0.00011706569 0.0002653242 0.0001337793 6.563499e-06 1.446951e-05 0.00372357 0.03028721 0.052841015 9.080514e-06 6.331261e-05 0.00061497587 0.004158459 8.330284e-06 0.0021076426 0.00023875 2.4177343e-05 0.00020290894 7.354701e-05 3.2726737e-05 0.012425158 0.0017698025 0.0002094426 0.00015820342 1.4495323e-05 0.00072760874 9.428788e-06 2.0550416e-07 2.866102e-09 5.335703e-05 0.0022340908 0.00028921966 6.643988e-07 2.2278076e-07 0.00011867706 9.7719685e-06 7.380248e-07 2.6987062e-05 0.00037435035 1.2353621e-05 4.3964486e-05 0.00023109632 1.480424e-05 0.0011836138 0.00027195236 0.00017415757 0.0004977945 1.5528152e-05 0.0025586048 0.0003893376 1.703675e-05 0.00068506756 4.718885e-08 0.0007704405 4.747605e-07 1.6588717e-06 0.00035774233 6.257398e-05
0.0859632 0.9141233 1.4813701e-22 0.7178002 0.81042725 0.5480353 0.4179598 0.37535623 0.5903243 0.24237515 0.45564336 0.2022197 0.10373891 0.30204517 0.4225851 0.2210259 0.038931534 0.072389826 0.115726694 0.13306263 0.36037606 0.058435813 0.050552357 0.014463681 0.02577833 0.012758324 0.022434078 0.010739355 0.027813198 0.02868689 0.005496696 0.18701178 0.0015660938 0.041118592 0.0023203127 0.006290456 0.044759717 0.002261096 0.0020073012 0.0591196 0.00094421237 0.00959857 0.0041259835 0.00015500137 0.00013097264 0.00022326263 0.000172797 8.844392e-06 1.6445745e-05 0.0049605407 0.028379166 0.036054734 8.11491e-06 8.2608996e-05 0.0008968751 0.0048547676 4.7327485e-06 0.0017761507 0.00021889173 2.1169139e-05 0.00027315633 0.000100884405 1.2023726e-05 0.010108588 0.0010412788 9.088723e-05 0.00026448042 8.751729e-06 0.00059797347 8.006399e-06 1.02327924e-07 8.3281035e-09 2.4839106e-05 0.0013620596 0.00012908714 6.011004e-07 2.2754962e-07 0.000107511696 6.6548787e-06 7.080674e-07 1.949934e-05 0.00026889297 5.7469397e-06 4.719374e-05 0.00019123622 2.2607142e-05 0.0007797936 0.00021198261 0.00010360481 0.0009221612 1.9452442e-05 0.0022269073 0.00034877087 3.061612e-05 0.0006785595 6.2596804e-08 0.00085668935 9.772989e-07 1.1725787e-06 0.0005769304 0.00013649763
0.091751434 0.7696654 0.7178002 2.4298526e-19 0.49870777 0.25478244 0.91955954 0.23535685 0.65629107 0.04212207 0.3440525 0.061686475 0.011822985 0.21979609 0.14317496 0.3098091 0.23189549 0.02602565 0.16336218 0.07855504 0.061280448 0.027059035 0.0050045294 0.1554011 0.0023068525 0.0021872493 0.0016661191 0.0018967057 0.009777601 0.004074519 0.0007075982 0.04857264 0.00012828124 0.25191325 0.0001449439 0.13210197 0.036409587 0.001538002 0.039729223 0.17549372 0.00015894382 0.009618726 0.059028547 2.456148e-05 2.7145858e-05 0.0046529733 0.00018511736 5.594086e-06 8.9216865e-06 0.00065521454 0.015697783 0.05891563 1.1220393e-05 2.5633792e-05 0.00067953736 0.016789032 8.620657e-06 0.0144694485 0.00048415764 3.2168326e-05 7.460446e-05 5.1342326e-05 0.00025790004 0.026847059 0.016323514 0.0017125033 9.2704126e-05 1.819597e-05 0.008883638 8.471516e-05 4.1373193e-07 1.4842902e-09 0.00023750529 0.008096651 0.0017529977 2.9280017e-07 2.3872755e-07 0.0011943833 6.221733e-06 6.8495706e-07 4.9726323e-06 0.0016058929 8.534853e-06 1.2845353e-05 7.70539e-05 0.00033075252 0.003048644 0.0009855621 0.0007146186 0.00028520808 4.6287194e-05 0.0054784156 0.0011097862 3.0277977e-06 0.0017463376 4.3141995e-08 0.0014304018 6.605061e-08 1.8352039e-06 0.0003667593 3.576347e-05
0.029741373 0.7074382 0.81042725 0.49870777 8.38395e-24 0.64247084 0.18901019 0.37440035 0.49914122 0.55676377 0.639851 0.38294873 0.31657887 0.4597499 0.7920421 0.25965533 0.019691918 0.19913532 0.14091952 0.16918427 0.6577663 0.14928164 0.31681663 0.0059256284 0.16960038 0.082472354 0.12731372 0.059256375 0.11028237 0.08977245 0.034467522 0.47678584 0.01312148 0.01158109 0.010257221 0.0011328242 0.063772514 0.009140609 0.0015370109 0.022018755 0.0030424471 0.03756752 0.0005187058 0.00082720746 0.0005186536 0.00030788276 0.00070075155 2.6962878e-05 0.00015422032 0.0083928825 0.032041002 0.018750582 3.443412e-05 0.00026387224 0.0051250183 0.005170942 3.1044357e-05 0.0018924406 0.003186287 7.333682e-05 0.00046928247 0.0002448387 8.454874e-05 0.004877007 0.00044348458 4.3527933e-05 0.000498868 7.9803585e-06 3.85057e-05 9.146228e-06 3.211468e-07 6.0516e-09 9.008718e-05 0.0006830172 4.886625e-06 2.3695302e-06 4.4076324e-07 2.9131254e-05 4.324678e-05 3.731689e-06 9.4560506e-05 4.127168e-05 2.326086e-05 0.00031947458 0.0007205742 8.171309e-05 0.00060013414 7.135977e-05 3.111576e-05 0.0007648777 0.00013931982 0.0018555819 0.00050586776 9.755046e-05 0.0006314804 5.004104e-07 0.0010329685 1.388478e-05 5.3485746e-06 0.000566283 0.00037731847
0.27119082 0.5901345 0.5480353 0.25478244 0.64247084 1.566077e-23 0.06977385 0.9084269 0.7415616 0.6857426 0.18376057 0.72559536 0.48711717 0.11137983 0.35937855 0.05726217 0.036226943 0.29318982 0.029813336 0.3109318 0.30895334 0.23282644 0.14796157 0.007058665 0.05302307 0.03949318 0.025674857 0.029243823 0.07519889 0.06769879 0.0075735217 0.18449463 0.0018816581 0.026116854 0.0029753693 0.0025819119 0.06902329 0.0022897038 0.0006650004 0.07166822 0.0009395093 0.0017170738 0.0017360034 0.00021660273 0.0001674838 1.841065e-05 8.361098e-05 1.219086e-05 4.1394465e-05 0.0057219234 0.051623993 0.057686113 1.3786718e-05 2.8613722e-05 0.00027266133 0.00042256757 5.522616e-06 0.0001981955 0.00014468233 1.5290983e-05 0.0004570228 3.441813e-05 7.093073e-06 0.02127837 0.001642259 7.619121e-05 0.0011007283 9.602493e-06 0.0007565201 1.0219007e-06 1.5571096e-07 8.667041e-10 1.4997079e-06 0.0032708268 2.470473e-05 1.0850434e-06 1.2299544e-07 3.881566e-05 1.885005e-05 6.1446667e-07 5.56632e-05 0.00011062257 5.84942e-07 5.00875e-05 0.00014972186 8.440353e-06 0.0017143177 4.3999007e-05 5.5406603e-05 0.0023804624 2.8380828e-06 0.0036731814 0.00037296486 4.7372323e-06 0.0006543865 7.289025e-08 0.00059245067 1.7464764e-07 3.5107144e-07 0.0005835819 0.00019383285
0.30028802 0.49475992 0.4179598 0.91955954 0.18901019 0.06977385 2.422451e-17 0.064329855 0.580387 0.0056315265 0.31455287 0.014086741 0.002123283 0.18799736 0.05141998 0.3688323 0.31067878 0.007092421 0.23767878 0.043414503 0.027975602 0.009319181 0.0020222845 0.2988052 0.0010699716 0.0015790061 0.0012779445 0.0011662209 0.0018971126 0.0019118141 0.00043682155 0.011306224 0.000111632544 0.27647495 0.00016782644 0.26674873 0.009569387 0.0020373382 0.25198206 0.13150744 0.00020864198 0.0029681732 0.09727077 2.48474e-05 5.4775413e-05 0.07241632 0.00024818355 8.108853e-06 1.5167545e-05 0.0004507922 0.004123399 0.036495417 1.2021056e-05 0.00011276482 0.00019155271 0.018808346 9.285331e-05 0.09938695 0.0004554258 0.00011337115 2.3435094e-05 2.1182226e-05 0.00056741235 0.015729686 0.08356492 0.010556515 3.700776e-05 2.8319294e-06 0.037347008 0.00020952751 7.9088085e-07 1.210454e-09 0.000805487 0.012458779 0.01672305 4.0924324e-06 8.6625016e-07 0.01377629 2.5088857e-06 2.0919399e-05 4.1954863e-06 0.012470685 5.5522623e-06 1.3885761e-05 5.3253832e-05 0.0025693146 0.008210418 0.005421546 0.0033929755 0.0004819446 9.864134e-05 0.009053432 0.0029914603 2.7760586e-06 0.0052512805 1.5367755e-06 0.0035227637 7.6980444e-07 1.742188e-05 0.0012591449 0.00014060039
0.20775284 0.43831217 0.37535623 0.23535685 0.37440035 0.9084269 0.064329855 1.0716523e-24 0.83505744 0.44483024 0.06868067 0.8046386 0.38640395 0.03430056 0.1280992 0.02800785 0.052733045 0.351025 0.01132289 0.5306617 0.115273125 0.33794945 0.11012861 0.011363055 0.037312552 0.0312723 0.022422157 0.021357017 0.08280753 0.06468995 0.00898237 0.053452328 0.0017328244 0.07090818 0.0030742956 0.005137333 0.08348634 0.0024688237 0.0006975434 0.14122255 0.0011142732 0.000412395 0.002367809 0.00019630967 5.785629e-05 1.1677816e-05 3.9701485e-05 7.539434e-06 1.840442e-05 0.007284534 0.055317804 0.083538115 6.735142e-06 1.0797258e-05 8.047918e-05 0.00015978474 2.2741958e-06 0.00032454918 0.00018116104 8.062755e-06 0.00078598683 9.33098e-06 5.4513876e-06 0.043441292 0.0038304238 0.000444166 0.0013113148 3.3432963e-05 0.0017349301 2.0244715e-06 6.5909916e-08 1.1996856e-09 1.3249861e-05 0.009254977 5.870841e-05 1.306454e-06 8.950396e-08 0.0001122331 2.2750972e-05 4.7699655e-07 8.005395e-05 0.00042234553 2.5395566e-06 2.9556359e-05 0.00015554245 2.1477337e-05 0.0051490166 0.00017096034 0.00011838068 0.00237549 2.1946864e-06 0.0057800487 0.00080301915 4.304165e-06 0.0010096934 5.625704e-08 0.0019240378 1.8471182e-07 6.5853465e-07 0.00070905866 0.00021205419
0.70267516 0.6490865 0.5903243 0.65629107 0.49914122 0.7415616 0.580387 0.83505744 4.1118678e-19 0.30764368 0.20336312 0.6615587 0.4102355 0.098864205 0.17704192 0.13230376 0.56811726 0.40402243 0.06218338 0.71393234 0.09371375 0.43183267 0.15454155 0.29394773 0.036828358 0.04180727 0.013998347 0.026714971 0.11225217 0.108133644 0.0044227494 0.0716684 0.001108722 0.4312661 0.0017399067 0.07573842 0.10645918 0.0017606881 0.016622078 0.32712522 0.0005632496 0.0018086439 0.03238853 5.714147e-05 2.360746e-05 0.00030291438 2.4861645e-05 3.957653e-06 9.611894e-06 0.00270354 0.08711725 0.16527033 6.9160337e-06 8.879373e-06 0.00018195354 0.0006552508 2.1645053e-06 0.000983559 0.00036618963 3.6597069e-06 0.00045393265 1.0837936e-05 9.9549536e-05 0.098850355 0.033443063 0.0011766932 0.00030238967 1.8541321e-05 0.013716204 1.1611098e-05 2.7451338e-07 5.74523e-10 4.296285e-05 0.039750166 0.00085018063 1.9159709e-06 4.505833e-08 0.00020456377 5.1228362e-05 1.5636385e-06 9.3210416e-05 0.00069355615 2.2274786e-07 0.00010302311 0.0002136764 0.0001220152 0.019922663 0.0008877213 0.0011914247 0.00279759 2.490703e-06 0.019175021 0.0025554905 9.3962433e-07 0.005395583 6.327741e-07 0.005298353 5.5264115e-07 5.6476533e-06 0.0020113022 0.00021510289
0.067692086 0.19452506 0.24237515 0.04212207 0.55676377 0.6857426 0.0056315265 0.44483024 0.30764368 8.434532e-25 0.06769241 0.64708716 0.9364604 0.04410585 0.3592788 0.021333892 0.0046303887 0.21919517 0.008604198 0.10928664 0.4261621 0.14914216 0.62461615 0.001001717 0.4349484 0.11507986 0.25743097 0.09570565 0.15394361 0.15106854 0.08679999 0.17744462 0.04736395 0.0046818014 0.06398899 0.00066720054 0.07671224 0.035862282 3.5685316e-05 0.02141018 0.010527757 0.0017940626 0.00024998724 0.0051199626 0.0032150326 6.355667e-06 0.0025196795 0.00032423055 0.0007715747 0.032898035 0.045135587 0.024759661 0.000236666 0.00031456328 0.0006633614 0.00021688384 3.54223e-05 0.00012536327 0.0013916969 4.8446473e-05 0.005270524 7.420179e-05 3.0528245e-05 0.009663683 0.00087563996 1.1109711e-05 0.0040435605 0.00022485518 0.00016286103 5.674417e-07 4.5508295e-07 1.0598089e-07 3.316176e-06 0.0010453009 6.3396374e-06 5.629279e-06 1.5493146e-06 3.387106e-05 0.00027634748 2.053215e-06 0.00059792073 8.9523135e-05 4.286959e-06 0.000268964 0.0007075716 9.2036435e-06 0.0005985919 2.2062777e-05 2.3750516e-05 0.0031830189 3.5661807e-05 0.0024747178 0.00029127268 0.00020467519 0.00036040944 3.530103e-07 0.00043008372 2.8489396e-05 1.0641178e-06 0.00034673527 0.0009409376
0.0022511384 0.35506156 0.45564336 0.3440525 0.639851 0.18376057 0.31455287 0.06868067 0.20336312 0.06769241 5.690537e-21 0.08395223 0.029479457 0.7489564 0.36607802 0.49986053 0.02257442 0.051722717 0.4182474 0.07370552 0.18951233 0.044127066 0.036605977 0.011250787 0.020476913 0.013097801 0.013588161 0.010644142 0.02378754 0.01872263 0.0073087635 0.18553814 0.0024389476 0.027083445 0.002239114 0.004895913 0.025442367 0.004013909 0.0051707397 0.021532087 0.0004142361 0.037500735 0.00092331663 0.00017472086 0.00013497417 0.00092530355 0.0009436768 3.310995e-05 4.6416448e-05 0.0015233011 0.008420784 0.0111954305 3.2814118e-05 0.0002615425 0.0018555155 0.01197711 6.231053e-05 0.006166399 0.000645356 0.00012957632 0.00034326778 0.000117707255 5.890633e-05 0.0014661218 0.00039721504 0.00013282166 0.0001892308 8.290041e-06 0.00018351604 2.8640068e-05 8.329232e-07 1.14056285e-10 0.000110016044 0.0005553333 8.490835e-06 9.514404e-07 3.971644e-07 6.499414e-05 4.0051124e-05 6.005466e-06 7.201533e-05 0.00020324708 1.0120534e-05 0.00014613004 0.0005817298 7.602916e-06 0.000697045 5.1387487e-05 9.0621e-05 0.0005475277 1.2268911e-05 0.0028981057 0.0002829818 3.3876033e-05 0.00021211506 3.9481546e-07 0.0009927677 1.5500551e-06 5.236857e-06 0.00014547234 4.9318864e-05
0.4017932 0.22770645 0.2022197 0.061686475 0.38294873 0.72559536 0.014086741 0.8046386 0.6615587 0.64708716 0.08395223 3.344203e-25 0.84290546 0.05095057 0.21238984 0.028715491 0.010703038 0.83566266 0.012170943 0.6052056 0.20851241 0.7189759 0.3860712 0.001778593 0.13019605 0.091548085 0.060289543 0.06864387 0.30896205 0.21031995 0.015132229 0.13764416 0.0053366907 0.017652102 0.009041486 0.001056211 0.14176066 0.010567424 9.5396994e-05 0.0539697 0.0020013985 0.0013778537 0.00039525272 0.00031103846 0.0008973294 3.7204957e-06 0.0007618125 1.0245752e-05 8.581224e-05 0.021556789 0.083707914 0.06044167 2.419266e-05 9.16643e-05 0.00025385685 0.00021859133 1.3757901e-05 4.378803e-05 0.0006926331 2.9466353e-05 0.0038475068 3.573981e-05 2.1015057e-05 0.03613674 0.0021343343 3.67135e-05 0.003105647 6.032402e-05 0.00048136277 5.393185e-07 2.8175884e-07 2.0048767e-09 1.6224495e-06 0.004134482 3.0247847e-06 2.716006e-06 1.9548754e-07 7.889792e-06 5.8749294e-05 9.970393e-07 0.00019160296 0.0001800908 3.1164282e-07 8.722028e-05 0.00034085265 1.8660448e-06 0.0026930256 5.235796e-05 5.0193077e-05 0.0048863324 3.3145254e-06 0.006368783 0.00064692675 6.2387912e-06 0.0011304726 1.9107732e-07 0.0014983442 1.399382e-06 1.0202474e-06 0.0007139418 0.0007542592
0.12972204 0.08436376 0.10373891 0.011822985 0.31657887 0.48711717 0.002123283 0.38640395 0.4102355 0.9364604 0.029479457 0.84290546 4.5799523e-26 0.017417263 0.18898195 0.010676593 0.001589775 0.45622522 0.004115285 0.2208719 0.23062757 0.33034495 0.7429021 0.0003684988 0.41641143 0.20631582 0.2014578 0.15326309 0.3873685 0.36230767 0.04064613 0.10984132 0.016015066 0.0036367862 0.0383859 0.0002853131 0.095290095 0.018729478 2.3007125e-05 0.020409452 0.009833914 0.0005073674 7.5707736e-05 0.0013773032 0.0024528417 1.6865722e-06 0.001933179 5.192673e-05 0.0002593357 0.028894221 0.05758861 0.032660585 0.0001036741 0.00021851278 0.00015485672 5.9509028e-05 2.354071e-05 1.5823594e-05 0.0012840908 2.8352437e-05 0.003874735 3.2738724e-05 9.019633e-06 0.013785924 0.0007630384 8.549183e-06 0.0033728038 9.3615214e-05 0.00015060703 2.8836902e-07 2.2500072e-07 6.6834263e-09 9.687211e-07 0.0019882452 3.7712343e-07 3.922688e-06 4.968283e-07 9.4732366e-07 7.952343e-05 1.3601034e-06 0.00038851323 4.6323712e-05 2.7973913e-06 0.00010323909 0.00059202313 5.4515147e-07 0.0012892771 9.874747e-06 1.2506336e-05 0.0044852397 5.072397e-06 0.0036027832 0.00034808155 2.250402e-05 0.00037074048 1.482286e-07 0.0006524703 2.9538564e-06 1.4837335e-06 0.00047749243 0.00061724003
0.00059736473 0.20525968 0.30204517 0.21979609 0.4597499 0.11137983 0.18799736 0.03430056 0.098864205 0.04410585 0.7489564 0.05095057 0.017417263 3.0391962e-19 0.1865767 0.6161345 0.025197795 0.027236426 0.6042673 0.035913866 0.07479118 0.024250336 0.014121464 0.00984156 0.0073646326 0.004021392 0.004557697 0.0031756617 0.009155375 0.00788685 0.001397539 0.12737226 0.0007898276 0.020445377 0.00047462544 0.0055080047 0.022996258 0.000514008 0.0034264848 0.020546531 5.3403208e-05 0.10916506 0.0016649642 3.5296354e-05 1.4022242e-05 0.00035100532 7.986704e-05 1.1809454e-05 1.0769606e-05 0.0010835752 0.006803787 0.01247558 8.764173e-06 2.7006396e-05 0.002426319 0.024052544 1.7222703e-05 0.0023150563 0.0004075861 4.9004087e-05 0.0001793639 0.00024957606 1.1913014e-05 0.00257456 0.0004928452 9.597454e-05 0.00014465502 2.093884e-05 0.00030722748 2.301957e-05 2.9577592e-07 2.0544293e-10 2.0948308e-05 0.0012924593 3.7031485e-05 7.3169645e-07 2.5207345e-07 7.533738e-05 4.4281933e-05 7.5783246e-06 8.84718e-05 0.0010744622 2.5400025e-06 0.0002299878 0.00051472883 5.6849444e-06 0.0015366086 0.000113120586 0.00027630717 0.00084976444 3.1381594e-06 0.002988975 0.0010411491 3.9900802e-05 0.00044878712 3.8880938e-07 0.0036777735 1.9962343e-07 1.8010763e-06 0.00052182697 3.3648324e-05
0.0057527088 0.2837823 0.4225851 0.14317496 0.7920421 0.35937855 0.05141998 0.1280992 0.17704192 0.3592788 0.36607802 0.21238984 0.18898195 0.1865767 1.3246854e-20 0.098650455 0.011626396 0.13686852 0.058650166 0.08825222 0.8386201 0.10329482 0.24176414 0.0050092186 0.16582517 0.08014614 0.19586389 0.06317222 0.09427388 0.093066595 0.13768429 0.72433335 0.05480185 0.0072001745 0.045168743 0.002650178 0.029011467 0.22097687 0.002948664 0.012382921 0.020697957 0.08844115 0.0012587595 0.0078893965 0.0115665095 0.0005190388 0.025050348 0.0010570482 0.001349155 0.0063755405 0.02457315 0.013624293 0.00063410227 0.0058704577 0.015228166 0.0055908673 0.000589437 0.0058679758 0.009699012 0.0005857193 0.00028156315 0.001921883 0.00026331365 0.0020889337 0.0012614257 6.716269e-05 0.0013208997 1.4681163e-05 5.61487e-05 3.289988e-05 3.4841298e-06 1.6790239e-07 0.00040411143 0.0025682647 4.631055e-05 1.6326714e-05 2.5430163e-05 0.00028981746 7.5953685e-05 7.054725e-05 0.00014902669 0.00019003956 0.00013626898 0.00020075892 0.0011165171 0.00017793158 0.0015626347 0.00014384351 9.594452e-05 0.0044731596 9.777213e-05 0.0027930222 0.001996361 0.00030122194 0.0011340332 9.838876e-06 0.0027295572 6.094785e-05 2.6930808e-05 0.0015469214 0.0017580666
0.0008477562 0.19196402 0.2210259 0.3098091 0.25965533 0.05726217 0.3688323 0.02800785 0.13230376 0.021333892 0.49986053 0.028715491 0.010676593 0.6161345 0.098650455 4.871893e-19 0.043073177 0.014819066 0.7413895 0.025857016 0.04996706 0.014366105 0.010850503 0.0242783 0.0073520364 0.0032056517 0.004670606 0.0024216564 0.0040171756 0.002255916 0.0039114296 0.03760407 0.002037826 0.05769689 0.0011304434 0.035168264 0.013609715 0.0047406657 0.023139192 0.035056897 0.00038644334 0.02174614 0.010735828 0.00024112585 0.00020824342 0.0050549163 0.0007911559 7.994568e-05 6.6534354e-05 0.0008087059 0.0023111484 0.010431917 9.34322e-05 0.00043959983 0.0015569152 0.031463895 0.00041918934 0.011815827 0.000773064 0.0007160741 0.0004216453 0.00032678945 3.6388625e-05 0.0019381676 0.0023102572 0.0008177457 6.493974e-05 4.3881173e-05 0.0011198121 0.000147666 3.9572205e-07 2.9941338e-11 0.00040296096 0.0023496929 0.0010153262 1.8487159e-06 9.478703e-07 0.0013214238 6.853897e-05 7.725613e-06 0.0001179032 0.0028610954 5.0002427e-06 0.00016856815 0.0005220671 0.00019765396 0.0023909886 0.00054568885 0.000629309 0.00032712801 1.6314605e-05 0.004048913 0.0027161257 6.679043e-05 0.0010986114 2.3561574e-07 0.0037009441 1.9704727e-07 3.0160568e-06 0.00043652108 9.345858e-05
0.39376688 0.068026945 0.038931534 0.23189549 0.019691918 0.036226943 0.31067878 0.052733045 0.56811726 0.0046303887 0.02257442 0.010703038 0.001589775 0.025197795 0.011626396 0.043073177 1.094906e-21 0.008423402 0.027964916 0.060030747 0.0077178483 0.00994862 0.00089133147 0.9380122 0.00047157655 0.0003809958 0.00044636987 0.00033751735 0.0017217555 0.00077159196 0.00037279597 0.003212766 5.827682e-05 0.655067 6.61293e-05 0.37774444 0.030409433 0.00032658878 0.024344197 0.32720494 0.0001620206 0.00060566014 0.12285336 1.8542345e-05 1.0635735e-05 0.0023371878 5.081817e-05 9.021784e-06 2.492931e-05 0.001832204 0.028639346 0.10538114 1.5712405e-05 6.789708e-06 0.0001131848 0.0017143423 2.2004267e-06 0.015234268 0.0011797028 2.1706385e-06 0.00018302804 3.8244852e-06 3.963812e-05 0.10726324 0.14001691 0.0065857056 0.00079307624 2.5809626e-05 0.048262864 0.00013704991 3.9736182e-07 6.115404e-10 0.00026261422 0.12243881 0.009446583 2.0452942e-06 5.260756e-07 0.0031724907 4.8820162e-05 3.2751448e-06 7.9784135e-05 0.011546401 6.2289287e-06 8.909774e-06 0.00022742696 0.0014439375 0.086152956 0.008889969 0.009766632 0.00900585 4.211614e-06 0.024425218 0.02429664 1.1316945e-06 0.044467323 3.865972e-07 0.03302939 1.0656831e-07 1.1151736e-05 0.015356857 0.00039912332
0.46246943 0.07345007 0.072389826 0.02602565 0.19913532 0.29318982 0.007092421 0.351025 0.40402243 0.21919517 0.051722717 0.83566266 0.45622522 0.027236426 0.13686852 0.014819066 0.008423402 1.9261672e-24 0.0073268805 0.7293703 0.11514718 0.88827395 0.16289875 0.0012841288 0.054888953 0.05656711 0.033541556 0.042706292 0.46976957 0.23677465 0.007361073 0.052888557 0.0021048966 0.012877147 0.006189179 0.0008162147 0.40148237 0.007916322 0.00021963302 0.05404238 0.0011731407 0.0011653791 0.00034268457 0.00017886187 0.00032001946 3.9286297e-06 0.00030506143 6.105323e-06 6.123536e-05 0.019578371 0.14985794 0.071855545 1.3059277e-05 3.6118738e-05 0.00019752716 0.00014617367 5.9090166e-06 3.9133974e-05 0.0009588227 1.1101544e-05 0.0047884067 1.3999381e-05 1.9356323e-05 0.056183226 0.0020618471 5.5025783e-05 0.0076654297 0.00011160775 0.0003133127 5.594739e-07 1.379862e-07 3.7929584e-09 1.8045114e-06 0.0108432835 3.0972421e-06 5.2240675e-06 2.9120812e-07 8.646379e-06 6.143823e-05 1.8558384e-06 0.00022896471 0.00010057421 1.4024167e-07 9.8808094e-05 0.00035752472 1.1149614e-06 0.006674045 8.836867e-05 0.0001848053 0.016140012 9.831451e-07 0.015811114 0.0017124517 4.8415923e-06 0.0026548062 1.8605529e-07 0.0050944774 1.0589552e-05 8.8852636e-07 0.0019449816 0.002320899
0.00023301414 0.089936525 0.115726694 0.16336218 0.14091952 0.029813336 0.23767878 0.01132289 0.06218338 0.008604198 0.4182474 0.012170943 0.004115285 0.6042673 0.058650166 0.7413895 0.027964916 0.0073268805 3.927332e-18 0.010974695 0.021960022 0.0068321526 0.0027117515 0.01271766 0.00181771 0.0004680328 0.0015569361 0.0004495457 0.0012843106 0.0008748279 0.00076560094 0.028206907 0.00026348722 0.024084708 0.00024444674 0.017601687 0.007930415 0.00054471084 0.023067595 0.015716305 0.000120048295 0.059662193 0.0049955123 5.9147485e-05 3.5116358e-05 0.0035761206 7.469872e-05 2.5651205e-05 2.5414185e-05 0.0003588128 0.0011535357 0.0060340906 3.277643e-05 6.773672e-05 0.0015799438 0.06716357 5.1343013e-05 0.006473483 0.00030166525 0.00011914666 0.00015742217 0.00023498443 1.2892923e-05 0.0010642092 0.0010410598 0.00034376179 3.2785498e-05 1.2906481e-05 0.00039337474 4.5329016e-05 2.850339e-07 1.3895608e-10 0.0001799967 0.0022006554 0.00025645937 2.2881711e-06 1.2329522e-06 0.00039683073 2.4331232e-05 1.0289188e-05 5.917214e-05 0.0011700446 1.4432608e-06 6.7597524e-05 0.00032495646 6.380151e-05 0.0023994334 0.00012911954 0.00021264268 0.00038649107 1.958504e-06 0.0028349557 0.0024317526 3.1073647e-05 0.000721649 3.306382e-07 0.0036512204 1.7968327e-07 2.0910134e-06 0.00058874936 4.847763e-05
0.77911794 0.15804312 0.13306263 0.07855504 0.16918427 0.3109318 0.043414503 0.5306617 0.71393234 0.10928664 0.07370552 0.6052056 0.2208719 0.035913866 0.08825222 0.025857016 0.060030747 0.7293703 0.010974695 1.1368035e-21 0.06921635 0.8233003 0.098683245 0.018877126 0.043845393 0.03968865 0.01388136 0.026391853 0.22299363 0.12011884 0.0033823075 0.030594373 0.0006544443 0.120138176 0.002550519 0.006728822 0.35291874 0.0028375445 0.001410355 0.22907633 0.0003635612 0.0010648629 0.0029190255 2.671858e-05 2.8886698e-05 1.9748091e-05 4.80334e-05 5.0795616e-06 9.2677565e-06 0.01053324 0.09990715 0.15187119 4.7639446e-06 8.361103e-06 0.000108452936 0.00025494062 4.9436285e-06 0.00019177681 0.00032117765 1.0694971e-05 0.00068427715 4.1558756e-06 3.4147393e-05 0.12543257 0.009681352 0.0007459806 0.0016318971 8.328434e-06 0.0016113459 2.4595572e-06 1.3362737e-07 1.2501171e-09 9.210783e-06 0.046798002 9.7822296e-05 5.0243007e-06 1.2196301e-07 3.961348e-05 5.064702e-06 1.3770272e-06 0.00013579662 0.0004045273 5.9435713e-08 2.102871e-05 0.00013852133 1.0399836e-05 0.021338817 0.00041948268 0.000528782 0.012300859 3.985444e-07 0.03741851 0.004006503 1.6033464e-07 0.0053170538 1.8580172e-07 0.0158727 1.4903876e-06 5.11033e-07 0.00432841 0.00076316646
0.015748817 0.24768834 0.36037606 0.061280448 0.6577663 0.30895334 0.027975602 0.115273125 0.09371375 0.4261621 0.18951233 0.20851241 0.23062757 0.07479118 0.8386201 0.04996706 0.0077178483 0.11514718 0.021960022 0.06921635 2.6331553e-20 0.0963227 0.39751896 0.0035215528 0.37659332 0.16159584 0.4905613 0.14113049 0.095172465 0.13532996 0.49038365 0.5835932 0.29294157 0.0025992377 0.124765694 0.0029336659 0.027046299 0.6439849 0.001920705 0.00336152 0.052131347 0.02400167 0.0011094518 0.038512036 0.28243977 0.00022157971 0.30572703 0.0041825534 0.010034162 0.032333277 0.031689096 0.008741708 0.0035583535 0.079670094 0.010702018 0.0013855437 0.0059755277 0.013202939 0.07569393 0.0070232516 0.007470899 0.005755928 0.0022803454 0.0016939584 0.0015605371 7.9298814e-05 0.0059519755 0.0001335762 8.462489e-05 5.825654e-05 9.198121e-05 2.1219012e-06 0.00070034596 0.0058806646 0.00012066547 5.3975025e-05 3.8905757e-05 0.00072057487 0.00023871538 8.566407e-05 0.0006183884 0.00024989544 0.00030343744 0.0012643317 0.0032423534 0.00051700365 0.0021722384 0.00031039992 0.00016230997 0.007346934 0.00040001902 0.010096391 0.0042891805 0.0022550072 0.0016049843 6.40358e-06 0.0024403867 0.0014464003 7.742101e-05 0.002616882 0.0039010455
0.5202627 0.07124228 0.058435813 0.027059035 0.14928164 0.23282644 0.009319181 0.33794945 0.43183267 0.14914216 0.044127066 0.7189759 0.33034495 0.024250336 0.10329482 0.014366105 0.00994862 0.88827395 0.0068321526 0.8233003 0.0963227 3.298077e-24 0.13778372 0.0018640484 0.04758768 0.048483353 0.029054765 0.036888022 0.49284104 0.25199267 0.007121178 0.03927324 0.0019496059 0.019342855 0.0058337324 0.0012964072 0.46592525 0.0073057637 0.0005306927 0.08279932 0.0013863922 0.0008338683 0.0004714318 0.00016880946 0.00031083418 6.1807964e-06 0.00029328547 6.765257e-06 4.721922e-05 0.025394823 0.15528782 0.08548876 1.2689636e-05 3.9375893e-05 0.00024319229 0.00011866371 1.0145824e-05 9.022519e-05 0.00154511 1.7913304e-05 0.004747895 1.5241918e-05 3.0909967e-05 0.07392792 0.003250721 0.00012244696 0.010114567 0.0001238445 0.0006027212 1.4573867e-06 2.7799516e-07 5.8754335e-09 7.1425575e-06 0.020532472 9.728619e-06 1.0998514e-05 9.194858e-07 2.0565085e-05 7.372334e-05 3.822483e-06 0.000302563 0.00014292693 3.9202962e-07 0.000111769645 0.0003984162 2.280881e-06 0.0104640005 0.00019607486 0.0003461686 0.019785725 1.6990302e-06 0.019382339 0.0025318328 7.4562245e-06 0.0034135708 3.8832727e-07 0.007385727 1.8463805e-05 2.5832464e-06 0.0026040785 0.0028103548
0.2804073 0.043610204 0.050552357 0.0050045294 0.31681663 0.14796157 0.0020222845 0.11012861 0.15454155 0.62461615 0.036605977 0.3860712 0.7429021 0.014121464 0.24176414 0.010850503 0.00089133147 0.16289875 0.0027117515 0.098683245 0.39751896 0.13778372 2.760127e-25 0.00025810278 0.9038302 0.6173804 0.65156657 0.5630029 0.19795626 0.4518006 0.18415053 0.17065851 0.11044986 0.0013283978 0.3102643 0.00015028765 0.046376545 0.093030654 2.6673591e-05 0.015050402 0.092968166 0.0003237319 6.770036e-05 0.013575869 0.01883666 1.7960162e-06 0.01286321 0.00095463765 0.0021959008 0.074677505 0.052022196 0.02656229 0.0010874806 0.0021384987 0.00029851522 5.8944148e-05 0.00021836798 1.6811677e-05 0.005694378 0.000250885 0.010829037 8.6468026e-05 6.988725e-05 0.009971273 0.0003100517 1.8791106e-05 0.007981869 0.0003722673 0.00014390744 2.7638714e-07 1.2194621e-06 1.9081054e-07 9.145342e-07 0.0013494419 2.7400648e-07 7.6029232e-06 1.5834696e-06 2.143863e-06 0.0002549462 2.7392666e-06 0.0006322759 2.9108429e-05 6.6570246e-06 0.0003912336 0.00089121703 1.8292282e-06 0.0008165269 5.529393e-06 4.6276577e-06 0.006879401 1.788113e-05 0.0030523487 0.00012354193 4.4821478e-05 0.00018020316 3.8953607e-07 0.00045209224 1.2357379e-05 4.059648e-06 0.000278311 0.0010052992
0.39734325 0.023470001 0.014463681 0.1554011 0.0059256284 0.007058665 0.2988052 0.011363055 0.29394773 0.001001717 0.011250787 0.001778593 0.0003684988 0.00984156 0.0050092186 0.0242783 0.9380122 0.0012841288 0.01271766 0.018877126 0.0035215528 0.0018640484 0.00025810278 6.9174627e-20 9.9587036e-05 9.3194954e-05 8.2496255e-05 9.127515e-05 0.00032089627 0.00021578562 0.00017085554 0.0007107737 2.5034018e-05 0.74685127 3.0173647e-05 0.67722046 0.007622846 0.00017142597 0.036457762 0.29237643 6.694993e-05 0.00014303165 0.28957692 1.7897628e-05 8.504985e-06 0.00702775 4.217746e-05 9.623303e-06 2.460091e-05 0.00045832305 0.0037471917 0.03287224 1.2538867e-05 1.0433751e-05 0.00016590014 0.0017145459 5.2777586e-06 0.034821127 0.0014381266 4.0271602e-06 3.2796474e-05 7.3406754e-06 7.733821e-05 0.060107365 0.22831218 0.010505566 0.00011013404 6.0959906e-06 0.12156009 0.00020585992 6.779617e-07 3.780067e-09 0.0005758157 0.16680025 0.025644537 8.02691e-06 2.7160188e-06 0.008700671 6.575842e-06 1.7772341e-05 7.732779e-06 0.037967257 5.699906e-06 1.2626821e-06 1.6655145e-05 0.0063263634 0.13850322 0.018514095 0.02351766 0.0016878974 2.915898e-06 0.019237773 0.051014066 2.1278092e-07 0.06978787 4.739695e-06 0.046928953 1.0940907e-08 2.7683242e-05 0.025368175 3.0450088e-05
0.3178292 0.018463366 0.02577833 0.0023068525 0.16960038 0.05302307 0.0010699716 0.037312552 0.036828358 0.4349484 0.020476913 0.13019605 0.41641143 0.0073646326 0.16582517 0.0073520364 0.00047157655 0.054888953 0.00181771 0.043845393 0.37659332 0.04758768 0.9038302 9.9587036e-05 2.0151348e-25 0.57560253 0.8449591 0.5731725 0.087248586 0.32593876 0.41029072 0.12730885 0.36827105 0.0005270949 0.56204206 0.00011476925 0.027586944 0.17330135 1.1006802e-05 0.006926037 0.2203822 9.680978e-05 4.36903e-05 0.034303587 0.045255885 1.7094957e-06 0.027533365 0.0028801027 0.006617685 0.12570794 0.041769333 0.013330134 0.0025779135 0.003574663 0.000338812 6.242413e-05 0.000391457 9.611692e-06 0.0070586717 0.0003735221 0.023337966 0.00014208785 8.762464e-05 0.0067135505 0.00020309247 1.0939098e-05 0.013371998 0.00210868 8.318238e-05 2.6702327e-07 1.8093763e-06 1.8975921e-06 6.405243e-07 0.00067815516 1.2797165e-07 1.5589685e-05 4.2479346e-06 1.2065038e-06 0.0008641173 5.8917026e-06 0.001559379 5.7597463e-06 1.5959553e-05 0.0014243443 0.0022292042 1.4836189e-06 0.00045824875 3.8943263e-06 4.35542e-06 0.0076903626 0.00010537433 0.0030609043 0.0001288424 0.00024451554 0.00019266606 8.205223e-07 0.00022868319 0.00012465048 9.0918575e-06 0.00019966636 0.001947688
0.5140823 0.009963431 0.012758324 0.0021872493 0.082472354 0.03949318 0.0015790061 0.0312723 0.04180727 0.11507986 0.013097801 0.091548085 0.20631582 0.004021392 0.08014614 0.0032056517 0.0003809958 0.05656711 0.0004680328 0.03968865 0.16159584 0.048483353 0.6173804 9.3194954e-05 0.57560253 1.2013662e-24 0.48590094 0.91127855 0.12878123 0.49790716 0.1008596 0.06539661 0.10619225 0.00064577133 0.4194755 9.04956e-05 0.03616353 0.056938723 2.816839e-05 0.013456066 0.19670281 1.3282248e-05 5.0353596e-05 0.0154556865 0.017066373 9.209645e-07 0.012009965 0.0023292617 0.0026132849 0.30805168 0.05336116 0.020447714 0.000987796 0.0011801345 0.00017774318 2.267146e-05 0.00010631034 1.9619803e-05 0.0041479785 0.00015873388 0.04309894 7.959711e-05 0.00014880372 0.01389528 0.00016591154 5.605106e-05 0.0413236 0.0014604324 2.7605496e-05 3.0396322e-07 1.0214311e-06 3.2626374e-06 1.6906014e-06 0.0011549342 1.6218269e-07 4.328061e-05 1.30393655e-05 7.8124435e-07 0.0008540496 1.2049913e-05 0.0025429933 5.8739347e-06 1.183524e-05 0.0009384907 0.0026843639 4.7449078e-07 0.0008428596 6.834547e-06 4.981399e-06 0.023193195 8.6509506e-05 0.006456238 0.0001293806 0.00023785661 0.00020079815 2.3904774e-06 0.00054981775 0.00073538773 1.1918013e-05 0.0001529576 0.0057072933
0.33665812 0.01570449 0.022434078 0.0016661191 0.12731372 0.025674857 0.0012779445 0.022422157 0.013998347 0.25743097 0.013588161 0.060289543 0.2014578 0.004557697 0.19586389 0.004670606 0.00044636987 0.033541556 0.0015569361 0.01388136 0.4905613 0.029054765 0.65156657 8.2496255e-05 0.8449591 0.48590094 2.4311178e-23 0.516242 0.04769127 0.17756705 0.8333743 0.17468531 0.83628786 0.00014371626 0.8284813 8.4804655e-05 0.019124784 0.494944 1.3024676e-05 0.002822506 0.6198485 5.5091623e-05 2.106219e-05 0.36591932 0.34238142 1.2392542e-06 0.12915917 0.0649315 0.06753836 0.1842643 0.03145125 0.0054676305 0.03113271 0.029145494 0.00092676067 9.606253e-05 0.0038721329 1.1599963e-05 0.02137907 0.0037092406 0.06860671 0.00091047335 0.00050741655 0.0030858663 9.673199e-05 2.3728217e-05 0.018716091 0.005330434 3.0604446e-05 9.955542e-07 9.904683e-06 9.747582e-06 6.352271e-07 0.00036401293 1.4986263e-07 4.0799525e-05 9.919316e-06 8.3605875e-07 0.0015979053 7.811806e-06 0.0035394565 3.3340546e-06 2.0621743e-05 0.002892841 0.0038531176 1.4534878e-06 0.00031888162 4.489491e-06 4.318959e-06 0.006322654 0.00024528347 0.0024496214 0.00012591 0.0003006067 8.78019e-05 1.1105468e-06 0.00019108871 0.00033115147 1.4082415e-05 0.00014510391 0.0020792673
0.5204655 0.008021053 0.010739355 0.0018967057 0.059256375 0.029243823 0.0011662209 0.021357017 0.026714971 0.09570565 0.010644142 0.06864387 0.15326309 0.0031756617 0.06317222 0.0024216564 0.00033751735 0.042706292 0.0004495457 0.026391853 0.14113049 0.036888022 0.5630029 9.127515e-05 0.5731725 0.91127855 0.516242 2.287345e-24 0.09388555 0.42600662 0.12152294 0.049019083 0.13691872 0.0005276604 0.48744565 8.714272e-05 0.026209196 0.06646012 2.2259177e-05 0.0069190096 0.28753865 9.353691e-06 7.10279e-05 0.02034126 0.02404369 2.0709613e-06 0.016774427 0.0038960355 0.0039237905 0.39585957 0.039117992 0.012045656 0.00157185 0.0018901201 0.00018871196 2.1002237e-05 0.00020486678 2.2825645e-05 0.0043598837 0.00031718737 0.06733137 0.000109851026 0.00028063537 0.0090478435 0.00015046174 0.00010533425 0.050449323 0.003093014 2.005927e-05 5.204606e-07 2.1227352e-06 1.9122208e-05 2.3922496e-06 0.0008382252 2.2807082e-07 8.034121e-05 2.9514926e-05 5.256047e-07 0.0014719119 2.6698204e-05 0.0045123724 5.535281e-06 2.7733211e-05 0.0020241851 0.004486211 2.672217e-07 0.00072875177 8.2664665e-06 7.2812654e-06 0.02721044 0.0003433627 0.0070285085 0.00013876197 0.00048969284 0.00031304537 5.8440587e-06 0.00031408126 0.0014576049 2.4910822e-05 0.00012856943 0.007274092
0.7736231 0.026908372 0.027813198 0.009777601 0.11028237 0.07519889 0.0018971126 0.08280753 0.11225217 0.15394361 0.02378754 0.30896205 0.3873685 0.009155375 0.09427388 0.0040171756 0.0017217555 0.46976957 0.0012843106 0.22299363 0.095172465 0.49284104 0.19795626 0.00032089627 0.087248586 0.12878123 0.04769127 0.09388555 2.3771602e-21 0.90902704 0.011863776 0.04478858 0.004843258 0.0037287828 0.012632959 0.00021046698 0.63122195 0.0096655395 0.000115786715 0.040586125 0.0031526694 0.0005730633 0.0001047733 0.00044507402 0.0010285083 2.224463e-06 0.0008169954 6.794919e-05 0.000117677075 0.061352544 0.3607552 0.05531766 3.711171e-05 4.7004138e-05 0.00011171636 2.6856147e-05 1.1511568e-05 1.8161418e-05 0.0007881241 1.24214075e-05 0.0050933138 6.7013902e-06 2.069667e-05 0.054947887 0.0008504613 5.0994644e-05 0.0193138 0.00021643277 0.00011393779 5.5858413e-07 1.5705453e-07 4.818735e-08 6.181572e-07 0.012386382 8.97162e-07 2.9555513e-05 1.7122613e-06 7.986269e-07 0.00022653665 1.0251449e-05 0.0006834874 3.318661e-05 5.1110175e-07 0.00034747788 0.0007353421 1.8397678e-07 0.0072331275 3.1019732e-05 7.5273034e-05 0.049146004 4.676375e-06 0.03419238 0.0015017432 7.0167102e-06 0.0013366574 1.5002929e-06 0.0042437566 7.393189e-05 2.119246e-06 0.0013096945 0.0026877518
0.7922422 0.027481059 0.02868689 0.004074519 0.08977245 0.06769879 0.0019118141 0.06468995 0.108133644 0.15106854 0.01872263 0.21031995 0.36230767 0.00788685 0.093066595 0.002255916 0.00077159196 0.23677465 0.0008748279 0.12011884 0.13532996 0.25199267 0.4518006 0.00021578562 0.32593876 0.49790716 0.17756705 0.42600662 0.90902704 6.1146075e-22 0.040428042 0.048923496 0.022737889 0.0025486748 0.08114698 0.00014765642 0.1852484 0.023719622 7.257954e-05 0.023914643 0.034784216 0.00032543312 9.8881246e-05 0.0018360015 0.0039182077 9.560907e-06 0.003927207 0.0003169198 0.0004800929 0.2988432 0.22184028 0.04471226 0.0001799823 0.00034255697 0.00020601292 2.2503593e-05 3.1859054e-05 2.3620587e-05 0.00090360467 4.579503e-05 0.023074597 1.6530357e-05 6.9439935e-05 0.04171852 0.0003119094 0.0001140661 0.06427488 0.0010579852 7.2254465e-05 1.500658e-06 8.8601746e-07 1.611212e-06 9.583359e-07 0.011029922 2.3285762e-07 8.703807e-05 1.1198362e-05 2.6604894e-07 0.0009644974 3.2275726e-05 0.0038049074 2.226147e-05 3.6510583e-06 0.001020591 0.0027916855 1.8675445e-07 0.004955983 1.9263638e-05 3.4498942e-05 0.108772755 6.903359e-05 0.043785423 0.0012509641 9.8218465e-05 0.0017704649 3.2715766e-06 0.0023924368 0.00083015044 7.396895e-06 0.000802142 0.009638865
0.05662933 0.003628143 0.005496696 0.0007075982 0.034467522 0.0075735217 0.00043682155 0.00898237 0.0044227494 0.08679999 0.0073087635 0.015132229 0.04064613 0.001397539 0.13768429 0.0039114296 0.00037279597 0.007361073 0.00076560094 0.0033823075 0.49038365 0.007121178 0.18415053 0.00017085554 0.41029072 0.1008596 0.8333743 0.12152294 0.011863776 0.040428042 6.746083e-23 0.069914006 0.9265588 0.00012023068 0.5516909 0.00019257973 0.009951656 0.68276864 2.3251701e-05 0.0012652468 0.3298946 5.0658684e-05 0.00018794127 0.48441434 0.47544274 3.9899073e-06 0.19172256 0.108574025 0.18495077 0.09579345 0.0078511555 0.0016813884 0.09610182 0.05468326 0.0010939313 6.069038e-05 0.010207851 8.609217e-05 0.023996886 0.010399588 0.038320407 0.0015880398 0.00052188535 0.0011902708 9.839698e-05 6.301359e-05 0.006263279 0.0022634002 1.2323097e-05 1.5928221e-06 7.001002e-06 4.8708825e-05 1.16387355e-05 0.00019071331 5.8097027e-07 5.9128255e-05 5.5604945e-05 4.2566294e-06 0.00041556245 1.20555205e-05 0.0011697485 9.404855e-06 0.00016162462 0.00096764416 0.002006303 6.7702586e-06 0.00014006373 6.2448635e-06 3.3910019e-06 0.0024501074 0.00021195735 0.0010267583 4.6126308e-05 0.0003323141 4.161212e-05 7.8601596e-07 0.00016562382 0.00030154703 2.5359926e-05 7.7329736e-05 0.0021434575
