1.6143668e-30 0.8212077 0.8039266 0.41345453 0.7612923 0.38998896 0.6476021 0.90079284 0.8527802 0.9232727 0.5730956 0.89677227 0.6997949 0.91521543 0.9251992 0.89541024 0.26245448 0.6195074 0.9358333 0.8803575 0.871458 0.89204204 0.8858738 0.87848467 0.85191345 0.08108423 0.9386822 0.6485863 0.7609209 0.93111974 0.034266215 0.03336249 0.74365467 0.9262875 0.83756185 0.99471813 0.25921252 0.83538085 0.031557143 0.39542904 0.89857554 0.9400663 0.9602385 0.9589742 0.37286988 0.75975895 0.38455617 0.94984895 0.61327374 0.9978933 0.99461824 0.22711024 0.006857741 0.73242503 0.1065584 0.7471292 0.0010776432 0.077349216 0.0011073193 0.0014216504 0.9606592 0.30060193 0.009779805 0.0053361994 0.338319 0.0015974278 0.0005799722 0.0003735916 0.9827621 0.9791693 0.9895529 1.9196883e-05 0.051938385 1.2232715e-05 0.0006236707 0.0003325116 0.00082742993 0.0019243177 0.68903655 0.91863513 0.000942618 0.0013690882 0.70589894 0.00038327664 0.038712025 0.0032443795 7.247171e-05 0.029701132 0.00010941117 0.9721683 0.95510477 0.9995258 0.98801106 0.66029847 0.3509551 7.791391e-06 1.3835775e-06 0.9932319 0.98838836 0.99989754 0.6429163
0.8212077 9.511022e-18 0.7598384 0.79979503 0.38141203 0.7130654 0.85190856 0.9421664 0.72517675 0.13181068 0.3250948 0.31460065 0.018543083 0.18062872 0.0023771399 0.061676096 0.030067071 0.5509003 0.0007750538 0.05011328 0.026605742 0.031030284 0.002210316 0.015789798 0.0027710751 0.20011386 0.001554743 0.4015122 0.0005812831 0.044955 0.19421022 0.20844501 0.020380415 0.025536744 0.022439163 0.077801965 0.0012666174 0.005816921 0.026961403 7.312772e-05 0.0001073091 0.010176485 0.0039342074 0.0069815177 0.0091656875 3.6028436e-05 2.3182352e-05 0.0003110094 1.7001244e-06 0.030508066 0.016129427 3.8009741e-06 0.007093807 0.0019275696 0.0008211334 5.228426e-05 0.0156162325 1.5115048e-06 0.010568951 0.012028087 0.00033493518 2.4453346e-08 0.003286042 0.01947885 1.1634424e-06 0.00120754 0.0043621236 0.0029358293 0.012070846 0.0011037267 0.008772005 0.0012058873 0.00033406366 0.0011810041 0.0086882245 0.00042445393 6.225944e-07 1.442515e-06 6.262714e-08 5.4119242e-05 3.5270525e-06 0.0003225768 2.151034e-05 5.480464e-06 0.000176846 1.2892481e-05 0.0002978725 3.2477597e-05 8.101934e-06 0.00068057305 5.8881335e-05 0.0026243522 0.00052734045 6.62925e-06 0.00012498401 3.8140859e-06 2.7335502e-05 0.00028737757 1.7409888e-05 0.00012448477 3.353404e-06
0.8039266 0.7598384 3.2570602e-21 0.69720465 0.9713149 0.5300075 0.47372025 0.1217535 0.6807821 0.88050014 0.3953578 0.08862455 0.29260173 0.40341488 0.07021341 0.01826239 0.1692373 0.031391375 0.018050674 0.06486276 0.00024033427 0.0478447 0.03588058 0.0014051305 0.030632727 0.0017555743 0.016169615 0.47097299 0.005653349 0.067633115 0.024276668 0.020890582 0.00051224045 0.027269123 0.00082509435 0.027429849 6.5282504e-05 0.00032046018 0.00036182 0.00026015763 0.00013753067 0.02153086 0.0002946162 0.001087339 0.11519492 0.00010701732 7.2040716e-06 0.0024670125 4.396916e-06 0.037951156 0.022773342 2.0096455e-05 0.010340173 0.00017979751 2.3851751e-05 0.00047234175 0.0029817987 3.9141387e-06 0.0027488947 0.001930687 0.0005911701 4.3610706e-07 0.0005833429 0.00015626937 3.4599977e-06 2.5224033e-05 0.0007304439 2.2041137e-05 0.0005196924 3.8000314e-06 0.0006738014 7.547661e-05 2.0448428e-05 6.1860774e-05 0.00020618469 1.927278e-06 1.270808e-05 8.750948e-05 2.0424493e-07 8.7525594e-05 0.00011678068 0.0006200626 3.7123176e-05 0.00011615988 1.231067e-05 1.5791564e-06 0.00021674285 5.8175927e-05 9.474162e-06 0.0017042081 5.9601945e-05 0.0006339438 0.0020637377 7.0345795e-06 1.5523287e-06 4.6704355e-07 6.717142e-08 0.00023213118 2.0218813e-05 0.0008656899 3.4779819e-06
0.41345453 0.79979503 0.69720465 1.7704294e-19 0.7961742 0.9635163 0.9039761 0.049609628 0.15431853 0.10445144 0.8108608 0.0069874194 0.35249442 0.059508912 0.053099927 0.0025698955 0.29274377 0.010997246 0.006605516 0.007702606 0.00032676104 0.010280101 0.0097848335 0.00062088564 0.0066921012 0.0015865715 0.004954659 0.61966217 0.0017773826 0.009830352 0.027087547 0.0244183 8.570894e-05 0.005163988 0.00048977433 0.0031660877 7.163162e-05 0.00027462744 0.00029583843 0.00027643843 0.00032900527 0.0037183482 8.432874e-05 0.00037815832 0.35695556 0.00018432163 4.9034334e-05 0.0010627303 2.4973022e-05 0.0032735136 0.0022426315 5.0504077e-05 0.0736009 9.886653e-05 2.3529981e-05 0.00017967977 0.043623 2.4538065e-05 0.03930923 0.02913987 0.00034096238 3.4841232e-06 0.00024709033 0.006624056 1.8471219e-05 0.00015821277 0.009039844 0.0011097862 8.5694795e-05 1.6483106e-06 0.00019725662 0.00094062136 6.254245e-06 0.0009000751 0.012829188 1.9438014e-05 6.3825966e-05 0.00024267774 4.3246652e-07 0.00019295125 0.00050653296 0.007243557 0.00024208965 0.0005888271 4.91016e-06 1.4987922e-05 0.0032430526 0.00048593068 7.045016e-05 0.00025915966 3.735387e-05 4.5607492e-05 0.00037935938 1.3374504e-05 4.062595e-06 6.0800357e-06 3.353559e-05 9.786681e-05 6.680479e-06 8.801383e-05 5.3064864e-06
0.7612923 0.38141203 0.9713149 0.7961742 2.7438736e-19 0.6895089 0.3973964 0.01720407 0.174535 0.9456636 0.51044685 0.0055856267 0.4827088 0.13938168 0.2831362 0.001644275 0.31478116 0.0031297035 0.07236432 0.015039856 1.6781627e-05 0.0151957935 0.14203 0.00011955073 0.047613434 0.0006864743 0.037556034 0.22695053 0.012770851 0.041906778 0.007706111 0.009160484 1.689569e-05 0.020928795 9.341002e-05 0.00845185 2.346964e-06 2.4796456e-05 0.000108881046 0.0017826561 0.0006698199 0.01757096 1.6073316e-05 0.00013911231 0.12674719 0.00032293354 0.00011533574 0.0052258368 7.2832554e-05 0.036210254 0.018570315 0.00049400865 0.017198617 5.391748e-06 3.9972992e-06 0.0009258631 0.0027751506 9.804093e-05 0.003974612 0.0017424332 0.0015955216 5.4940574e-05 8.231958e-05 1.8855391e-05 9.841686e-05 1.1873067e-05 0.0023960834 1.7701012e-05 6.503568e-05 7.0803324e-08 0.00013822995 6.041077e-05 6.0269817e-06 5.8976988e-05 0.00020182203 2.1041037e-06 2.03067e-05 0.00028602796 3.0764086e-06 0.00019123728 0.0007207951 0.009492759 0.00016447337 0.00076294784 1.8259218e-06 1.494642e-06 0.0009031158 3.2974327e-05 4.404378e-06 0.0028839642 0.00074097206 0.0012910698 0.0046964716 0.0001703762 7.227544e-08 4.3134204e-07 3.106005e-07 0.0027165853 0.00022275222 0.0025573983 0.0002736512
0.38998896 0.7130654 0.5300075 0.9635163 0.6895089 1.2647863e-19 0.9090699 0.031057114 0.07207899 0.049757354 0.91448456 0.004009171 0.31456843 0.03274896 0.043382905 0.002100382 0.29739526 0.010336046 0.0046100635 0.0052749766 0.00013702507 0.006544196 0.0054639685 0.0005101802 0.0053854682 0.0013833183 0.0036852024 0.5537239 0.0014443272 0.006470024 0.027612288 0.023097456 4.1067553e-05 0.0043578506 0.00040385622 0.0032689977 4.7534726e-05 0.0002648522 0.00020635013 9.968672e-05 0.00028445807 0.0034310739 6.91013e-05 0.0004960238 0.2449205 0.0002451836 5.3788594e-05 0.00087308715 3.18938e-05 0.00405179 0.0027870527 5.677622e-05 0.053066485 0.00012051505 1.5069058e-05 0.00017526123 0.03714345 1.3195059e-05 0.03520438 0.027338255 0.00045229273 4.0342757e-06 0.00014899558 0.005993188 1.363296e-05 6.69004e-05 0.010279558 0.0016569957 0.00013122593 2.3776204e-06 0.00034471185 0.0015841826 2.841563e-06 0.001578066 0.011387942 8.396397e-06 2.79256e-05 0.000132266 4.3966918e-07 0.00030170553 0.00035492552 0.0072022006 0.00021866578 0.0003669454 3.5537937e-06 3.3729145e-06 0.004167302 8.7453496e-05 1.7275011e-05 0.00053466315 7.516493e-05 9.838543e-05 0.00053731765 5.089295e-05 3.0201443e-06 1.3087961e-06 2.2879409e-05 0.00020856778 3.3580014e-05 0.0001841022 1.1451782e-05
0.6476021 0.85190856 0.47372025 0.9039761 0.3973964 0.9090699 3.5654685e-19 0.2192715 0.19865581 0.042399902 0.94562906 0.02875213 0.106419675 0.073366836 0.01845734 0.013192675 0.11390613 0.2897948 0.0015577923 0.016027266 0.0009926684 0.011508409 0.0050911503 0.0014050347 0.0036410338 0.068778574 0.0016502249 0.69820666 0.00044539757 0.0092000915 0.26369315 0.33274886 0.00042742165 0.005147286 0.0013139637 0.013836258 0.00019809365 0.0003479342 0.005196971 5.965222e-05 3.980385e-05 0.0033223443 0.0003780374 0.0014409249 0.15614581 2.397124e-05 1.2391567e-05 9.2090835e-05 1.4062115e-06 0.0065503083 0.004649817 1.5664185e-05 0.03493522 0.00022065376 7.0095775e-05 1.0719295e-05 0.05421476 9.606259e-06 0.04158154 0.048436064 0.000118876545 4.443774e-07 0.0002864967 0.047781147 3.7859602e-06 0.00019991293 0.007093578 0.007380164 0.0009198669 1.9272571e-05 0.0011595932 0.0031432654 1.6805105e-05 0.0028997753 0.040409345 0.00046858483 1.7737748e-05 3.0601524e-05 1.04092905e-07 3.8052556e-05 0.00013845318 0.0036418831 2.4167226e-05 4.310135e-05 1.0185932e-05 9.276378e-06 0.0026439554 0.0006515693 9.824296e-06 9.697869e-05 1.8571138e-05 0.00032366702 0.00034271693 1.6298463e-05 1.0811653e-05 1.0017637e-06 9.5125266e-05 7.189669e-05 1.633584e-05 6.155441e-05 9.206085e-06
0.90079284 0.9421664 0.1217535 0.049609628 0.01720407 0.031057114 0.2192715 7.6421744e-18 0.71699834 0.025538499 0.01986289 0.9047013 0.0005375521 0.05472778 0.0002700569 0.33628508 0.0015313092 0.8813455 7.9981524e-05 0.039496552 0.76825047 0.013309874 4.6458743e-05 0.21663079 0.0003636566 0.52706987 0.00011639341 0.2234919 8.329423e-05 0.01211868 0.35631216 0.32605848 0.43802106 0.006338864 0.14159544 0.09829651 0.05323217 0.06144755 0.26574025 1.5916665e-06 1.0516356e-05 0.0013198508 0.053991824 0.043984342 0.0007426419 1.622708e-06 2.532765e-06 3.3032207e-05 1.07808056e-07 0.01070458 0.0028915582 6.6778293e-06 0.00069412286 0.012502944 0.044767793 4.3420823e-06 0.0033016682 2.53969e-06 0.001442119 0.00638152 4.7352652e-05 1.246768e-07 0.05462765 0.040120013 1.3380698e-06 0.010162965 0.0010559787 0.0035493146 0.043999776 0.004794064 0.027595641 0.0032157134 0.0053128693 0.0023905404 0.0048540826 0.003825432 1.21080375e-05 3.339224e-05 1.1921139e-07 1.4604078e-05 2.6454334e-05 0.0004731636 4.126851e-06 2.6783177e-05 0.0055683567 0.0012241825 3.5127374e-05 0.00052716426 0.0009639475 0.00019389017 3.7960401e-06 0.007277232 0.00017155419 3.512002e-06 0.0011198148 0.00014747318 1.5940293e-05 8.192322e-05 4.735742e-06 6.247392e-05 2.0560835e-06
0.8527802 0.72517675 0.6807821 0.15431853 0.174535 0.07207899 0.19865581 0.71699834 2.714787e-17 0.6332331 0.049343765 0.90360487 0.014739601 0.8928884 0.0042569255 0.71987784 0.0110875685 0.20470631 0.0015217351 0.29307178 0.038248856 0.18916103 0.002703139 0.20079672 0.002678139 0.047824293 0.0062837647 0.1884132 0.0011627447 0.15105823 0.073330306 0.04326058 0.013177843 0.057356603 0.050713718 0.26625076 0.005436786 0.018749485 0.0028925445 1.460525e-05 0.00015201395 0.022784395 0.011657477 0.01251599 0.0022053418 5.9906597e-05 3.651424e-06 0.0013374505 2.5949255e-06 0.06870599 0.03546344 4.0816317e-06 0.00087967387 0.0024855258 0.00020710402 0.00027709513 0.002221078 1.3548112e-06 0.00073260034 0.0020150633 0.00085069693 4.7826852e-08 0.003934194 0.0013022572 2.0097996e-06 0.0002360934 0.0005785155 4.942867e-05 0.017357204 0.0007603544 0.009091954 0.0001086858 0.00037831414 0.000105358464 0.004151891 1.2681179e-05 3.8074788e-06 1.1713843e-05 2.0983506e-08 0.000116369774 1.8291383e-05 0.0003034759 1.6124795e-05 2.6611471e-05 0.00030315339 6.5901436e-06 0.0002221792 5.5128206e-05 4.22236e-06 0.0015128447 0.00024060531 0.010513455 0.0016259719 9.4987345e-06 0.0001537123 1.5060903e-06 6.878423e-06 0.0010449006 3.2774835e-05 0.00092769356 6.253705e-07
0.9232727 0.13181068 0.88050014 0.10445144 0.9456636 0.049757354 0.042399902 0.025538499 0.6332331 1.0415057e-17 0.06777582 0.051590428 0.05274025 0.89464074 0.15693247 0.025660923 0.049950037 0.0064710937 0.18109147 0.1892289 0.0002578865 0.2915202 0.07983417 0.0045688315 0.29926094 0.0008510608 0.17122453 0.047521673 0.09580724 0.46772265 0.0027548533 0.002219742 3.4999037e-05 0.28196898 0.0017170788 0.08178887 1.987883e-05 0.000581231 7.1574126e-05 0.0030625262 0.00268446 0.18644701 0.000295473 0.002421332 0.023455266 0.0007600578 0.0006295665 0.027603958 0.00015537048 0.17785558 0.1425057 0.0010790429 0.0032405558 8.029096e-05 5.4685806e-06 0.005031791 0.0017692692 2.2179122e-05 0.002128537 0.0015603296 0.003565671 1.7965038e-05 0.00018791636 9.047735e-06 0.00011204136 2.0090496e-05 0.0012382148 5.9716963e-06 0.0007441133 1.7229471e-05 0.0012630457 1.0686785e-05 7.302085e-06 1.1452842e-05 0.00017248254 4.6293485e-06 4.8224705e-05 0.0003653026 2.7798947e-06 0.00057921576 0.00041168588 0.0025553505 0.00081003085 0.0010340913 8.328157e-06 6.4908846e-07 0.00050584914 4.965811e-05 5.0729165e-07 0.026253263 0.0028840879 0.0066491133 0.015029676 0.0004253519 2.6950204e-07 1.6030863e-07 1.1678212e-06 0.0059961355 0.0003400651 0.013722202 0.0005966431
0.5730956 0.3250948 0.3953578 0.8108608 0.51044685 0.91448456 0.94562906 0.01986289 0.049343765 0.06777582 3.117732e-19 0.0032758792 0.6541854 0.032518618 0.04922267 0.0008379902 0.65800005 0.022573333 0.007593246 0.001305847 2.572406e-05 0.0031008406 0.025802946 5.5429282e-05 0.0087587265 0.0032427153 0.002130189 0.8938577 0.0007695054 0.0033448208 0.088152036 0.10476747 2.1412669e-05 0.0019727724 0.00011004867 0.0009819557 1.2572874e-05 1.4887164e-05 0.0009621841 0.00030287684 9.789798e-05 0.0020119399 5.4419856e-06 0.00017042186 0.4782481 2.4094481e-05 1.5706473e-05 0.00016631471 1.8075048e-06 0.0027342846 0.0021444706 5.9515212e-05 0.19200164 2.2891325e-05 4.0756942e-05 1.7265722e-05 0.17473346 6.0434e-05 0.15133406 0.13015231 0.00012332121 9.94785e-06 9.596538e-05 0.018442702 2.2971039e-05 0.00010542953 0.02418931 0.0038047717 4.737334e-05 4.9938257e-07 0.00027582326 0.0029850155 4.3755867e-06 0.003072981 0.061661817 0.000103929 4.1727642e-05 0.00010625712 5.770921e-07 9.078475e-05 0.00046370507 0.040818658 0.00011282753 0.00030325027 4.8810825e-06 5.5289107e-05 0.016090242 0.0011733869 4.2645464e-05 0.0004925969 2.2560664e-05 8.651817e-05 0.0004892965 2.876829e-05 9.922801e-07 8.0107094e-07 0.000109181645 0.00027641916 2.0085303e-05 0.00010642466 4.6823257e-05
0.89677227 0.31460065 0.08862455 0.0069874194 0.0055856267 0.004009171 0.02875213 0.9047013 0.90360487 0.051590428 0.0032758792 5.757671e-17 8.077174e-05 0.33004928 8.591402e-05 0.92264104 0.00026474035 0.49297047 1.26349805e-05 0.27193388 0.5897053 0.05284225 6.8825866e-05 0.7673745 0.00011577865 0.1385348 0.00040603522 0.017957982 6.016062e-05 0.027093431 0.066109724 0.025003659 0.14211053 0.016240496 0.44592124 0.29016387 0.19231056 0.22802126 0.036028408 5.283903e-06 9.683216e-06 0.0029454357 0.18458225 0.26535952 5.8508926e-05 3.1304926e-06 6.8455023e-07 0.00014923334 2.4045565e-07 0.015961586 0.004186636 1.1077733e-06 0.00016012002 0.03965977 0.011531947 1.7312252e-05 0.00040466775 1.7460417e-07 0.00014659038 0.0008864067 6.217661e-05 2.4258595e-09 0.042748272 0.0018776205 9.570175e-08 0.000655009 6.8889625e-05 5.289376e-05 0.074118555 0.0085299555 0.058312643 9.159553e-05 0.0026815864 6.8702444e-05 0.00040742464 6.2401756e-05 8.8415453e-07 6.290134e-06 1.0835733e-09 1.8936249e-05 1.5986012e-05 4.4490487e-05 2.5484533e-06 1.30383205e-05 0.0040964955 0.00011613152 1.935599e-05 1.852429e-06 2.77385e-05 0.00020745669 3.0099077e-06 0.028829021 0.00016514972 4.721246e-07 0.0011408753 3.3193305e-06 5.144655e-06 1.8480821e-05 1.5693544e-06 7.1427385e-05 1.7222881e-07
0.6997949 0.018543083 0.29260173 0.35249442 0.4827088 0.31456843 0.106419675 0.0005375521 0.014739601 0.05274025 0.6541854 8.077174e-05 4.616044e-21 0.019766286 0.5872382 7.473742e-05 0.984884 4.3625303e-05 0.10909889 0.0006463086 3.0827565e-07 0.0029624752 0.62081236 1.5774632e-06 0.07166629 1.0278478e-05 0.037198797 0.27561286 0.023056312 0.005299356 0.0012389655 0.0010809541 5.2806183e-08 0.007919724 6.3448815e-06 0.00033009046 8.600078e-08 1.2200856e-06 4.0620716e-06 0.05768658 0.0055339327 0.0074497466 2.6318247e-07 4.148202e-06 0.565511 0.002820235 0.0019155106 0.010607924 0.0006456657 0.008812765 0.007056619 0.00037078751 0.052538577 4.2160244e-07 2.97029e-07 0.001615702 0.0056407396 0.00032376614 0.008199678 0.0042208 0.0022291744 8.3602456e-05 9.243483e-06 0.00017164928 8.7134154e-05 9.151489e-06 0.0039741755 0.0001341049 4.0129175e-06 2.3316473e-07 1.6978018e-05 7.279547e-05 1.2486296e-06 7.0126865e-05 0.0029293576 4.870711e-07 0.00021012644 0.0015584105 1.1053181e-05 0.0004493087 0.0039025974 0.055504095 0.0008224751 0.0037484174 7.7069245e-07 2.455157e-07 0.0030443424 0.00084233657 2.544177e-06 0.003324184 0.00038199176 6.624767e-05 0.0042975554 0.0006092475 2.1086889e-07 2.3551645e-07 2.2979266e-06 0.0024668607 0.00024719498 0.0005733373 0.00091125217
0.91521543 0.18062872 0.40341488 0.059508912 0.13938168 0.03274896 0.073366836 0.05472778 0.8928884 0.89464074 0.032518618 0.33004928 0.019766286 1.0431996e-17 0.018309996 0.515296 0.008973277 0.025366958 0.0116813425 0.84128225 0.0039485297 0.92675364 0.009407189 0.068352096 0.055833463 0.0021897946 0.07981402 0.039071113 0.019701935 0.48948675 0.0071289586 0.0036755449 0.0022704653 0.22414477 0.031033685 0.43058422 0.001864894 0.011191855 0.00037612423 5.8955397e-05 0.0006104284 0.10697008 0.0036763514 0.019564591 0.0034794735 0.00025563888 4.2364307e-05 0.005848402 3.8670674e-05 0.17469783 0.099646546 0.00026277683 0.0010651901 0.003307631 8.342214e-05 0.0010350182 0.00043361424 1.618606e-06 0.00019839464 0.0004060153 0.0016677357 5.9573335e-06 0.008834058 7.557601e-05 2.98189e-05 0.0001631147 0.00023607178 5.3304848e-05 0.008267363 0.0015788344 0.008532494 0.00010136149 0.00090077834 9.179587e-05 0.0025099472 8.360034e-06 8.667423e-06 5.689129e-05 2.1040516e-06 0.00053616136 4.4125532e-05 0.00077805907 0.00034356187 4.3238117e-05 0.00074126705 1.2522172e-05 0.0009385636 8.2319035e-05 1.9961299e-05 0.014841363 0.0022779456 0.050572194 0.010029134 0.0001502931 0.00034687147 3.3521699e-06 3.608462e-05 0.004091215 0.00020279287 0.009217204 6.1869745e-05
0.9251992 0.0023771399 0.07021341 0.053099927 0.2831362 0.043382905 0.01845734 0.0002700569 0.0042569255 0.15693247 0.04922267 8.591402e-05 0.5872382 0.018309996 3.211982e-17 6.084169e-05 0.35824427 8.542179e-05 0.94530356 0.0022612503 3.93211e-07 0.007923498 0.9459103 9.931981e-06 0.44183177 1.4481367e-05 0.23115914 0.052869994 0.15676667 0.025924701 0.00055672124 0.00033400758 7.8623333e-07 0.047543533 6.3287735e-05 0.0007440385 6.293116e-08 2.7040673e-05 2.690406e-05 0.49217576 0.13435528 0.082274504 2.663164e-06 0.00010321802 0.22761005 0.0633371 0.06842613 0.1807403 0.014885774 0.07293835 0.100355946 0.20885323 0.018811435 4.2865483e-07 1.2408555e-06 0.05655999 0.0021967827 0.018974027 0.0040097293 0.0018866967 0.07821962 0.006005696 1.2608608e-05 1.0344729e-05 0.013274804 4.4766668e-05 0.0019675023 5.5990768e-06 2.9806815e-05 2.9944e-07 6.3405416e-05 5.7696857e-06 1.606226e-06 5.765e-06 7.4968346e-05 4.0338405e-06 0.0034988876 0.0100529585 0.00032359821 0.0056097796 0.014941178 0.023109745 0.0088485945 0.013992854 5.670936e-06 4.7173756e-07 0.00065178866 0.020779807 3.1422114e-06 0.052285787 0.02461049 0.0015127249 0.07773931 0.008394344 1.719157e-07 2.8752544e-07 7.981929e-07 0.068326674 0.0092783915 0.040085815 0.013915989
0.89541024 0.061676096 0.01826239 0.0025698955 0.001644275 0.002100382 0.013192675 0.33628508 0.71987784 0.025660923 0.0008379902 0.92264104 7.473742e-05 0.515296 6.084169e-05 2.7170349e-17 0.000111451285 0.15775257 7.0157266e-06 0.6128714 0.24859162 0.19378646 3.3368524e-05 0.9320116 9.5901894e-05 0.03867372 0.00048763302 0.005515319 5.8605816e-05 0.07155996 0.020986892 0.00598858 0.04982112 0.03145371 0.53758436 0.5103989 0.08833615 0.33701685 0.00569434 1.573252e-06 8.926682e-06 0.003946239 0.20199224 0.30943677 1.3029285e-05 2.0519622e-06 1.9812151e-07 8.6776825e-05 1.7860883e-07 0.027680317 0.006055019 2.4299522e-06 9.68682e-06 0.026972996 0.0015693142 1.17695745e-05 4.902582e-05 3.1057247e-08 1.7230324e-05 6.0591086e-05 5.952373e-05 2.5495384e-09 0.017502457 0.00010179226 2.803126e-07 0.00020891875 4.4745797e-05 1.253888e-05 0.06138266 0.004361949 0.04665881 7.4799627e-06 0.0017665984 6.7506594e-06 0.0004568681 5.1456022e-06 2.718228e-07 2.752538e-06 3.588292e-10 1.2136213e-05 6.6976654e-06 7.978665e-05 1.2326489e-06 2.802085e-06 0.0021483114 1.8782937e-05 6.399865e-05 1.2977138e-07 7.7092145e-06 0.0004942598 6.378821e-06 0.050748993 0.00027013107 4.0972137e-07 0.00043960297 1.1110839e-06 5.9917306e-06 4.4718534e-05 1.4428123e-06 0.00012800224 5.786233e-08
0.26245448 0.030067071 0.1692373 0.29274377 0.31478116 0.29739526 0.11390613 0.0015313092 0.0110875685 0.049950037 0.65800005 0.00026474035 0.984884 0.008973277 0.35824427 0.000111451285 2.51204e-18 0.000253977 0.06552706 0.000735644 1.2767488e-06 0.0018207601 0.5571725 1.1222405e-05 0.046256255 6.180281e-05 0.017146112 0.41967353 0.010699952 0.002095956 0.0034695838 0.0044391532 1.5425886e-06 0.003221802 4.6282777e-05 0.00012547139 2.579544e-06 1.917363e-05 8.9056484e-05 0.16543046 0.0057171565 0.0031887097 3.7037398e-06 6.907646e-05 0.82521135 0.002490264 0.0018949916 0.005035759 0.00077393587 0.002731308 0.0034096758 0.0011099502 0.2599324 7.3919655e-06 3.7610143e-06 0.001024117 0.052673496 0.0025921355 0.094402395 0.04227286 0.002071297 0.0005047076 8.5336535e-05 0.00030098765 0.0006314708 1.9828634e-05 0.019642401 0.0002650025 1.8145178e-05 9.649463e-07 2.0884276e-05 0.00021880325 5.604766e-06 0.00022460295 0.009431172 3.8679473e-06 0.0015101059 0.007105585 2.811557e-05 0.0018697449 0.015189145 0.116931625 0.0015932347 0.017526718 7.856739e-06 2.8885827e-06 0.009221432 0.003156049 5.9138147e-06 0.0018891696 0.0006520949 5.291576e-05 0.0024906902 0.00082139764 2.3334549e-06 2.61163e-07 9.462515e-06 0.0016875853 0.0011192495 0.00033146964 0.0014802999
0.6195074 0.5509003 0.031391375 0.010997246 0.0031297035 0.010336046 0.2897948 0.8813455 0.20470631 0.0064710937 0.022573333 0.49297047 4.3625303e-05 0.025366958 8.542179e-05 0.15775257 0.000253977 3.9396813e-18 3.068461e-05 0.010615135 0.5023659 0.003835284 3.2512878e-06 0.14195515 6.547136e-05 0.96552366 7.5141033e-06 0.5162832 5.5371233e-06 0.003704701 0.564654 0.44426444 0.47529623 0.0003583216 0.06849379 0.014094737 0.06319262 0.03998054 0.7123283 8.137872e-08 3.1982022e-06 3.0149225e-05 0.06733388 0.01946165 0.00025593088 2.7696817e-07 6.593862e-07 6.81571e-06 1.7409446e-08 0.00046876023 0.00013838943 1.2260775e-06 3.9620394e-05 0.010071479 0.21552527 6.086873e-07 0.00024417232 1.8077867e-07 0.0001070562 0.00094645185 3.890792e-06 3.0529554e-07 0.0007041684 0.08318235 7.7334484e-08 0.03917613 2.8717715e-05 0.0046797143 0.009470559 0.0025341448 0.004479253 0.0015946757 0.0003706818 0.001661969 0.0065574376 0.031928543 4.5442204e-07 6.642052e-06 4.734367e-07 9.1625225e-07 2.8381828e-06 4.0981263e-06 9.293897e-07 1.7786184e-06 0.00020995658 0.0011826345 1.5394224e-05 5.995852e-06 0.0015580002 6.001913e-05 1.2556823e-06 0.0024156568 6.0179507e-05 2.5415557e-06 1.2653165e-05 0.0007825228 0.00012004497 3.495024e-05 1.7643454e-07 5.70894e-05 4.146752e-07
0.9358333 0.0007750538 0.018050674 0.006605516 0.07236432 0.0046100635 0.0015577923 7.9981524e-05 0.0015217351 0.18109147 0.007593246 1.26349805e-05 0.10909889 0.0116813425 0.94530356 7.0157266e-06 0.06552706 3.068461e-05 7.595793e-17 0.0006746183 1.1520403e-06 0.0066493354 0.71923333 1.6638784e-06 0.91765016 1.3758715e-05 0.43448082 0.003332923 0.60661066 0.02923523 0.00010163241 0.0001003997 3.0559033e-07 0.074370705 1.2760605e-05 0.000566762 4.978549e-08 7.6950784e-07 8.574838e-06 0.24346662 0.5680456 0.1653149 1.2371494e-07 2.6863576e-05 0.061094824 0.18568349 0.44902146 0.36197415 0.07322756 0.102194756 0.16879149 0.29146016 0.003035121 3.3216816e-07 7.5776273e-07 0.15376386 0.000364675 0.009416622 0.0005331957 0.00030140442 0.16934092 0.008373891 1.817254e-05 3.7886875e-06 0.017353099 6.244545e-05 0.0003992842 5.868705e-06 2.519319e-05 1.7102059e-07 5.6311663e-05 1.7863966e-05 1.0257096e-06 1.5019244e-05 0.00030374984 4.1334035e-05 0.0006948886 0.0018725338 0.0001498177 0.017906498 0.00257475 0.0047230055 0.015717048 0.0016971568 4.5158757e-07 1.83121e-07 6.689663e-05 0.007457484 7.538783e-07 0.11912177 0.060483363 0.0030107491 0.16692099 0.008476754 1.4057087e-08 4.325292e-07 7.9044736e-07 0.13534848 0.014620205 0.08321074 0.020532632
0.8803575 0.05011328 0.06486276 0.007702606 0.015039856 0.0052749766 0.016027266 0.039496552 0.29307178 0.1892289 0.001305847 0.27193388 0.0006463086 0.84128225 0.0022612503 0.6128714 0.000735644 0.010615135 0.0006746183 5.25092e-19 0.008961274 0.96442825 0.0003844244 0.3514499 0.005200444 0.0009841438 0.01879079 0.0042035473 0.0035154438 0.528841 0.00069190585 0.00036371275 0.0028020386 0.19440678 0.15800934 0.867584 0.0037412373 0.08354886 0.00023278694 3.1355628e-06 5.4096177e-05 0.05587541 0.017269265 0.062946536 6.989892e-05 4.1357966e-05 1.4218393e-06 0.00056590646 3.5404926e-06 0.16704682 0.06965714 2.3334114e-05 3.701487e-06 0.005565495 0.00011898418 9.893095e-05 4.5869883e-06 1.7289794e-07 3.013745e-06 1.1519135e-05 0.00032100984 1.8560993e-07 0.0032970163 1.2614152e-05 3.0996325e-06 3.053777e-05 5.468237e-06 2.5050078e-06 0.020259537 0.0020867025 0.023251643 5.2391197e-06 0.00062634604 4.7593307e-06 5.5524084e-05 1.9207641e-06 9.0937687e-07 4.2174947e-06 4.5780812e-08 5.5678287e-05 3.84311e-06 2.8454342e-05 1.1990086e-05 6.870215e-06 0.0009922814 1.0117736e-05 2.966242e-05 1.946726e-06 4.5183638e-06 0.0025323546 0.00036111884 0.18863447 0.0039507183 1.0808993e-05 0.00022729384 2.1086598e-06 1.8064485e-06 0.0018948669 1.1745007e-05 0.004951702 9.349272e-07
0.871458 0.026605742 0.00024033427 0.00032676104 1.6781627e-05 0.00013702507 0.0009926684 0.76825047 0.038248856 0.0002578865 2.572406e-05 0.5897053 3.0827565e-07 0.0039485297 3.93211e-07 0.24859162 1.2767488e-06 0.5023659 1.1520403e-06 0.008961274 7.032779e-20 0.0021300144 7.436135e-08 0.3326898 1.6421767e-05 0.28888926 1.4171048e-05 0.00030344262 7.369181e-06 0.0015939133 0.048934437 0.010351905 0.9345418 0.0003620147 0.37036833 0.030303745 0.9705368 0.20087092 0.3277952 1.1549532e-08 1.0039548e-06 3.4683515e-05 0.43468982 0.12958568 2.0865404e-05 1.160875e-07 3.0946673e-08 2.4401888e-06 3.2612405e-08 0.0008597201 0.00010264623 1.938515e-06 1.0283268e-06 0.20981394 0.40722448 9.311378e-08 5.748944e-05 1.633933e-07 1.7107719e-05 8.7501394e-05 2.183484e-06 1.867818e-08 0.7528725 0.00080149015 4.134053e-07 0.090140246 1.0400064e-05 0.00024031752 0.13061808 0.08207039 0.039273538 0.00017523683 0.26121855 9.864079e-05 0.0002606645 0.0007819376 1.4208689e-06 1.1656808e-05 1.1500622e-08 1.4077265e-06 3.363798e-06 2.3569308e-05 9.1577746e-08 2.265833e-06 0.041631684 0.16028029 5.656717e-05 4.0903446e-06 0.019283418 1.3306553e-05 7.9380406e-08 0.0060164845 7.903634e-06 2.2071299e-07 0.0025601473 0.0003232996 1.5118134e-06 1.0516852e-06 3.3762127e-08 1.6108493e-06 1.1785191e-08
0.89204204 0.031030284 0.0478447 0.010280101 0.0151957935 0.006544196 0.011508409 0.013309874 0.18916103 0.2915202 0.0031008406 0.05284225 0.0029624752 0.92675364 0.007923498 0.19378646 0.0018207601 0.003835284 0.0066493354 0.96442825 0.0021300144 2.0326222e-17 0.0032875794 0.056966666 0.028199939 0.0003624176 0.046540443 0.0030704178 0.021467393 0.8800732 0.00030283612 0.00022967809 0.00079140306 0.4529797 0.0141139375 0.7158986 0.0010237073 0.0065473956 4.6500543e-05 4.2121028e-05 0.00053970364 0.22672515 0.0028852106 0.008114032 0.00022149624 0.00036869457 7.14361e-05 0.004916615 0.00014704205 0.24969058 0.1688685 0.00028865563 1.3937038e-05 0.001889503 2.1388485e-05 0.0007889284 1.1357919e-05 7.4061796e-07 7.56193e-06 1.21565645e-05 0.0013357425 6.5373247e-06 0.0013890894 3.4811176e-06 2.8087807e-05 6.6633756e-06 2.498672e-05 3.541573e-06 0.0063981344 0.0005569427 0.0075486614 3.3379488e-06 0.00027518612 4.0797713e-06 0.00025907837 1.0018173e-06 2.142381e-06 1.4745596e-05 1.7129097e-06 0.0005163863 9.522498e-06 0.00082902034 0.00038363095 2.7302833e-05 0.00015782999 3.4023492e-06 0.00032146325 4.730348e-06 2.0854848e-06 0.019689037 0.0025007534 0.1100824 0.014264913 0.00019445959 3.949432e-05 2.0863044e-06 2.8919098e-06 0.007695604 0.00014215602 0.024150886 3.5509394e-05
0.8858738 0.002210316 0.03588058 0.0097848335 0.14203 0.0054639685 0.0050911503 4.6458743e-05 0.002703139 0.07983417 0.025802946 6.8825866e-05 0.62081236 0.009407189 0.9459103 3.3368524e-05 0.5571725 3.2512878e-06 0.71923333 0.0003844244 7.436135e-08 0.0032875794 6.433053e-17 1.3213198e-06 0.41592455 4.4999177e-07 0.12948881 0.03274496 0.18637432 0.0076869386 0.00014940479 0.00011974928 1.1106002e-07 0.018202966 2.293377e-06 6.957642e-05 9.289877e-08 1.2316125e-06 3.2794078e-06 0.9550772 0.21159261 0.027949331 1.3426529e-07 3.61345e-06 0.43038887 0.181458 0.2566937 0.15746287 0.09720477 0.02244585 0.031175971 0.32098988 0.0076752836 1.523537e-06 2.0392183e-07 0.06763315 0.00233295 0.23185088 0.0023400637 0.003298496 0.06418185 0.022462972 7.19796e-06 4.110078e-05 0.06599053 3.2018568e-05 0.0006884267 1.5508778e-05 7.648372e-07 3.0573958e-07 9.414771e-06 2.2865317e-05 6.713854e-07 1.9434845e-05 0.00020458444 3.1902803e-07 0.024970906 0.059796754 0.0016285707 0.023077067 0.03492914 0.028319215 0.027023107 0.023000665 1.8505823e-06 3.877111e-07 0.00043901807 0.3223129 5.516783e-06 0.022928609 0.01970666 0.0003820506 0.02859761 0.022897672 2.4455224e-07 4.216362e-07 3.8383223e-06 0.034911577 0.016652018 0.0063204076 0.036707617
0.87848467 0.015789798 0.0014051305 0.00062088564 0.00011955073 0.0005101802 0.0014050347 0.21663079 0.20079672 0.0045688315 5.5429282e-05 0.7673745 1.5774632e-06 0.068352096 9.931981e-06 0.9320116 1.1222405e-05 0.14195515 1.6638784e-06 0.3514499 0.3326898 0.056966666 1.3213198e-06 2.171761e-17 1.1792911e-05 0.033088 9.6113305e-05 0.0004423637 4.0100676e-06 0.019890433 0.006772167 0.0013114542 0.14055437 0.0064023584 0.8686328 0.4165595 0.24732657 0.7937584 0.007140981 4.282969e-07 8.3166907e-07 0.001185419 0.6868892 0.61597204 3.6481313e-06 2.7623454e-07 2.2599174e-08 3.429412e-05 1.961631e-08 0.0074392 0.0019217391 1.5370188e-06 9.195318e-06 0.12175074 0.005838881 1.2949552e-06 5.4856642e-05 1.8563957e-08 2.1207552e-05 6.277205e-05 5.7559187e-06 6.6807204e-10 0.042662166 0.00018730696 1.8749853e-08 0.0009285052 9.468265e-06 9.298375e-05 0.10443192 0.010586751 0.08219716 5.5434724e-05 0.0031536408 3.6453093e-05 0.00033739698 2.6916889e-05 9.641574e-08 4.7695926e-07 2.0100409e-10 4.288206e-06 5.415269e-07 7.91374e-06 1.7878742e-07 3.8510504e-07 0.0049131163 0.00031479646 2.6852944e-05 1.1035308e-07 0.00012694545 0.00022359098 1.214767e-06 0.05979795 0.00018680426 6.763514e-08 0.00076173915 1.3215825e-05 2.7742085e-06 2.3093671e-05 6.704599e-08 8.8049004e-05 5.4381273e-09
0.85191345 0.0027710751 0.030632727 0.0066921012 0.047613434 0.0053854682 0.0036410338 0.0003636566 0.002678139 0.29926094 0.0087587265 0.00011577865 0.07166629 0.055833463 0.44183177 9.5901894e-05 0.046256255 6.547136e-05 0.91765016 0.005200444 1.6421767e-05 0.028199939 0.41592455 1.1792911e-05 2.3060484e-18 1.7070935e-05 0.91873586 0.009393315 0.9313059 0.07025473 4.3347445e-05 0.00018002471 3.937373e-06 0.16777483 0.00012099872 0.0032500916 1.2629301e-06 4.102727e-05 2.1431995e-05 0.07067213 0.524665 0.2368913 4.004274e-06 0.00042505385 0.043779783 0.12514931 0.12126183 0.510909 0.023227777 0.1543546 0.18873811 0.01642028 0.0016065532 1.6523029e-05 6.216223e-06 0.21174856 0.00032933016 0.0022528588 0.00020173946 0.00048401332 0.1215703 0.0024615603 0.00042809107 2.9048265e-06 0.0034212766 2.5343004e-05 6.228124e-05 1.8235663e-05 0.00020744718 1.1916871e-06 0.0006221345 2.152452e-05 2.2214717e-06 2.1319123e-05 0.00039180226 1.597001e-05 0.00043635254 0.0010480634 0.00014942103 0.01111474 0.0019019132 0.0027900634 0.009161978 0.0014536548 6.168095e-06 3.212326e-07 0.00013785687 0.0035353706 2.4543228e-06 0.08120109 0.053465318 0.0048977644 0.07839688 0.004710579 6.6638245e-07 5.1885047e-07 9.338613e-07 0.06509132 0.0066346647 0.054115538 0.007614026
0.08108423 0.20011386 0.0017555743 0.0015865715 0.0006864743 0.0013833183 0.068778574 0.52706987 0.047824293 0.0008510608 0.0032427153 0.1385348 1.0278478e-05 0.0021897946 1.4481367e-05 0.03867372 6.180281e-05 0.96552366 1.3758715e-05 0.0009841438 0.28888926 0.0003624176 4.4999177e-07 0.033088 1.7070935e-05 8.809584e-19 4.2562756e-06 0.1836085 1.7705864e-06 0.00013614012 0.5534222 0.38096082 0.44069442 1.9613686e-05 0.014319094 0.0012377432 0.029704439 0.006691932 0.9707674 1.3045915e-08 4.4563993e-07 4.9671107e-06 0.009883543 0.0040209168 5.7888585e-05 3.5675974e-08 3.2056498e-08 6.401421e-07 5.504299e-09 0.00018363069 0.00010033365 7.981869e-07 9.659264e-06 0.0043164617 0.28825054 2.195866e-07 7.895911e-06 8.571043e-08 3.4194366e-06 0.0001417676 2.6419705e-06 1.9970729e-08 0.0014715737 0.049900603 1.7645364e-08 0.29141074 4.861376e-06 0.002485706 0.0032339136 0.0018192154 0.0030875884 0.00055769447 0.00057288795 0.00054089807 0.0007686938 0.087364025 1.2053003e-07 4.075721e-07 1.3797332e-07 5.8640117e-06 3.9738265e-07 5.422323e-07 1.0454473e-06 2.4547052e-07 0.00037502518 0.0053434665 1.7635457e-06 6.2335016e-07 0.007938125 9.225759e-05 9.90842e-07 0.0004098797 5.6784666e-05 3.7743232e-06 2.8887856e-05 0.00478661 5.0434983e-06 4.8370253e-05 5.6307204e-07 1.9850755e-05 1.0207028e-06
0.9386822 0.001554743 0.016169615 0.004954659 0.037556034 0.0036852024 0.0016502249 0.00011639341 0.0062837647 0.17122453 0.002130189 0.00040603522 0.037198797 0.07981402 0.23115914 0.00048763302 0.017146112 7.5141033e-06 0.43448082 0.01879079 1.4171048e-05 0.046540443 0.12948881 9.6113305e-05 0.91873586 4.2562756e-06 1.3917587e-19 0.0020901782 0.96915287 0.25264126 2.8629634e-05 5.336202e-05 6.993891e-07 0.46517918 0.00049639854 0.03186977 1.8189628e-06 7.906042e-05 6.0772595e-06 0.013722202 0.15722898 0.5977012 2.5363266e-05 0.0009379555 0.013719343 0.08704648 0.012042153 0.51753527 0.008268109 0.41824788 0.43918622 0.0019123866 0.00019860572 6.95871e-05 7.764297e-07 0.17233877 2.3665525e-05 0.00064104085 2.0727328e-05 3.157705e-05 0.16446213 0.00053845235 1.888467e-05 6.0593504e-07 0.0016752263 1.1649497e-05 3.6406225e-05 5.175105e-06 0.0017074258 1.12952785e-05 0.0027180223 4.7671438e-06 2.9917098e-06 3.881764e-06 3.2069634e-05 8.169232e-06 0.00017870005 0.00049558404 0.00012263407 0.0026919753 0.00042749173 0.00053518097 0.0024710156 0.00021060974 2.7849787e-06 2.8023777e-07 2.8622622e-05 0.0010399381 1.3485965e-06 0.12191745 0.0395135 0.052056804 0.09935819 0.0010811159 1.0627173e-06 5.175907e-07 6.722831e-07 0.06908723 0.0022498572 0.11968307 0.0018141225
0.6485863 0.4015122 0.47097299 0.61966217 0.22695053 0.5537239 0.69820666 0.2234919 0.1884132 0.047521673 0.8938577 0.017957982 0.27561286 0.039071113 0.052869994 0.005515319 0.41967353 0.5162832 0.003332923 0.0042035473 0.00030344262 0.0030704178 0.03274496 0.0004423637 0.009393315 0.1836085 0.0020901782 8.108788e-16 0.00074323564 0.0015433304 0.71871036 0.8178294 0.00095356937 0.0009475343 0.0011796533 0.00028653388 5.1306102e-05 0.0002880262 0.066651724 0.002266689 0.00068981637 0.00077563315 0.00015639594 0.00040189078 0.8031246 5.4120945e-05 0.00040645813 0.001713378 2.9587254e-06 0.00068296184 0.00063421385 2.6108883e-05 0.7186985 6.5900465e-05 0.00086631544 7.2800816e-05 0.70747143 0.00054655864 0.6494421 0.7368123 8.73194e-05 9.552878e-06 2.1836306e-05 0.6038641 4.829849e-05 0.0004337838 0.14976838 0.3151313 0.00024483568 2.21131e-05 0.00010999296 0.0972602 6.018779e-06 0.098393366 0.6027931 0.021745082 6.9768976e-05 0.00013193631 2.890531e-06 3.3615004e-05 0.00016010995 0.046110865 6.477639e-05 9.878935e-05 5.2873034e-05 7.436671e-05 0.041826192 0.0034764316 1.9282536e-05 0.0005488904 3.8273274e-06 0.00013882194 0.0004872948 0.00023466954 5.285687e-06 1.5673479e-05 0.0069892746 0.00015186137 4.256534e-05 0.00010571848 0.00039241277
0.7609209 0.0005812831 0.005653349 0.0017773826 0.012770851 0.0014443272 0.00044539757 8.329423e-05 0.0011627447 0.09580724 0.0007695054 6.016062e-05 0.023056312 0.019701935 0.15676667 5.8605816e-05 0.010699952 5.5371233e-06 0.60661066 0.0035154438 7.369181e-06 0.021467393 0.18637432 4.0100676e-06 0.9313059 1.7705864e-06 0.96915287 0.00074323564 1.0640579e-19 0.067580275 6.0152106e-06 2.4939272e-05 5.5444656e-07 0.16436401 2.6592343e-05 0.0021521144 1.5869549e-07 1.0390864e-05 1.5906103e-06 0.029370738 0.44218042 0.27786514 4.447236e-06 0.00022774363 0.008167449 0.116064966 0.06714279 0.6718193 0.027804976 0.17313907 0.22794065 0.010230346 0.00018091571 6.571046e-06 1.6564782e-06 0.30706438 2.986486e-05 0.0014235979 3.3030097e-05 3.1105406e-05 0.16860698 0.0017351204 3.964107e-05 1.08003384e-07 0.0029699502 5.5692376e-06 9.808961e-06 8.879707e-07 0.00014921739 9.1027744e-07 0.00058150326 1.2151644e-06 8.2666287e-07 1.1232004e-06 3.8276285e-05 4.298619e-06 0.00033870997 0.0015254649 0.0003822412 0.0073368587 0.001193387 0.0010840532 0.0075744926 0.0006937605 5.3628146e-06 2.4742056e-07 3.493208e-05 0.0010448549 7.5713785e-07 0.14258708 0.069456615 0.005169098 0.09001694 0.0035572816 1.1507008e-06 1.3557333e-07 1.1361256e-07 0.076023445 0.0069891685 0.07783317 0.0063982992
0.93111974 0.044955 0.067633115 0.009830352 0.041906778 0.006470024 0.0092000915 0.01211868 0.15105823 0.46772265 0.0033448208 0.027093431 0.005299356 0.48948675 0.025924701 0.07155996 0.002095956 0.003704701 0.02923523 0.528841 0.0015939133 0.8800732 0.0076869386 0.019890433 0.07025473 0.00013614012 0.25264126 0.0015433304 0.067580275 3.1408679e-18 9.3458846e-05 8.3804414e-05 0.00042062838 0.94926405 0.011306694 0.5998481 0.0011537315 0.0046158354 3.630595e-05 0.00046293446 0.0032049336 0.3562232 0.0022968247 0.0069877654 0.00053893833 0.0010175873 0.00020352368 0.019476334 0.0005093253 0.6831925 0.34022555 0.0008887459 5.1599196e-05 0.0031249267 9.6988675e-05 0.0028105972 2.3036437e-05 7.205934e-06 2.0353504e-05 2.3971517e-05 0.0035326597 3.2595664e-05 0.0015423269 2.6072962e-06 0.00020572725 1.125089e-05 3.538624e-05 7.791457e-06 0.008495489 0.0013151903 0.01364608 3.920097e-06 0.00018421479 2.9685411e-06 5.5255005e-05 3.3599824e-06 6.591608e-06 3.844699e-05 1.1968152e-05 0.00082146854 3.6721132e-05 0.0013488315 0.0007516253 4.716062e-05 0.00054709084 5.1308675e-06 0.0008953488 0.00012427598 4.8633556e-06 0.03907039 0.0043705413 0.4365123 0.030421944 0.00027967832 0.00015587879 2.0769996e-06 1.9341348e-06 0.015504129 0.000236843 0.06487007 5.4975477e-05
0.034266215 0.19421022 0.024276668 0.027087547 0.007706111 0.027612288 0.26369315 0.35631216 0.073330306 0.0027548533 0.088152036 0.066109724 0.0012389655 0.0071289586 0.00055672124 0.020986892 0.0034695838 0.564654 0.00010163241 0.00069190585 0.048934437 0.00030283612 0.00014940479 0.006772167 4.3347445e-05 0.5534222 2.8629634e-05 0.71871036 6.0152106e-06 9.3458846e-05 1.41889e-18 0.9939184 0.037434682 7.1541604e-06 0.00069307146 0.0005815133 0.0014186808 0.00043929453 0.38239035 4.1099033e-06 1.37195375e-05 8.310986e-06 0.00022474391 0.00063512963 0.0016205987 1.0148499e-06 7.6173035e-07 3.8329817e-06 2.7146118e-07 0.00013755614 5.4970864e-05 8.09794e-06 0.0006801516 0.001233074 0.009445618 7.5373205e-06 0.0016690596 9.1411306e-07 0.00077789807 0.0042364295 7.5193716e-06 5.5244012e-08 0.00011137648 0.33299267 2.1030394e-07 0.021560105 0.00018172342 0.048327446 0.0016983597 0.00018825986 0.002697516 0.010285098 7.9245816e-05 0.009725717 0.01574996 0.10807372 6.1015425e-07 1.1271385e-06 1.9194465e-07 1.2301153e-05 3.5328223e-06 2.5360268e-05 7.373322e-06 1.6295174e-06 0.000117428855 0.00016159656 7.476672e-05 6.7459223e-06 0.0005522427 0.00016379231 2.2351337e-06 0.0008304443 0.0001141266 3.5306837e-06 2.9824103e-05 0.0011387953 0.00052183983 5.89852e-05 2.670109e-06 2.711574e-05 7.858147e-06
