1.2752777e-30 0.6594372 0.77295387 0.88042986 0.95060456 0.7778781 0.6950294 0.9568716 0.5000786 0.86556005 0.6084868 0.94804716 0.34111 0.7944428 0.85184956 0.8773902 0.8548314 0.59129226 0.9123343 0.7884176 0.39947015 0.52679443 0.6935081 0.46242246 0.30142796 0.9783292 0.17149109 0.22149923 0.21450551 0.5836342 0.99275374 0.34835193 0.28938165 0.021818414 0.64501995 0.49358454 0.8286956 0.18681185 0.14846708 0.43429765 0.13008966 0.07340642 0.091924176 0.047711495 0.024411373 0.068955235 0.31751814 0.04843566 0.71524256 0.057550054 0.17970069 0.014264574 0.9866711 0.89382875 0.0033658615 0.7526497 0.008711573 0.0077974754 0.99767107 0.23864548 0.0020913375 0.0076626604 0.01771172 0.48669302 0.004898068 0.8963104 0.008835399 0.8818247 0.00026567487 0.009331946 0.9984509 0.9727708 0.9992496 0.96052337 0.2419215 0.9966663 0.00065534114 0.00055555656 2.168986e-05 0.00011688608 0.00018186193 6.995053e-05 0.0047055813 0.00017427238 0.79386723 6.554546e-05 7.051106e-05 5.114389e-06 0.018796379 0.00010064724 0.0061660665 4.666396e-06 0.9980049 0.30139714 0.008661924 1.920258e-05 0.9989134 5.1864445e-06 0.05597396 0.9836918 0.000349232
0.6594372 4.9109632e-20 0.96683484 0.7409341 0.19526358 0.052352972 0.07978907 0.3051207 0.043830395 0.89937687 0.16836298 0.5719274 0.014595358 0.048971143 0.024075257 0.268482 0.21875581 0.0009107686 0.084534295 0.0053651067 0.0014282187 0.091895446 0.00028901896 0.0023962092 0.0026106904 0.12517883 0.0010295872 0.0025963031 0.0020708696 0.32874483 0.2377633 0.011567723 2.6636606e-05 0.0030062487 0.0017895999 7.8241413e-07 0.0022537967 0.0072330753 0.0011013492 0.00020614026 2.9749903e-05 0.0004464948 0.00041683813 0.0006418724 0.00031025815 2.8623985e-05 9.811623e-05 0.00060220296 0.00040406943 0.007943437 5.455832e-05 0.046738062 0.023487678 0.08627591 0.02148535 0.022555104 4.40745e-06 0.0005200814 0.05969756 1.9916563e-06 0.0001340558 0.08856021 0.08262598 0.00040327024 0.00044649866 0.0016899034 8.385258e-06 0.022325637 0.011918565 3.971302e-06 0.11928926 0.019340457 0.096884884 0.0035157655 0.00053983 0.09672528 0.009619877 0.002197098 1.421954e-05 0.00010670698 0.00018878664 0.002776498 3.0498693e-06 0.00045352438 2.0011557e-05 2.2259495e-05 6.686799e-07 5.0740007e-05 1.4517975e-06 0.00016219483 6.029876e-07 7.526514e-05 0.02788179 0.008074129 1.0573874e-06 2.2491759e-06 0.015539857 8.662506e-06 7.831413e-07 0.013440772 1.8164267e-06
0.77295387 0.96683484 1.0670327e-20 0.24777964 0.660822 0.4001245 0.55260956 0.85509866 0.44470274 0.25599492 0.05829638 0.7415407 0.18655732 0.3158326 0.17296052 0.55236524 0.06419731 0.021171726 0.012224949 0.00043041588 0.011294903 0.007590633 0.004321514 0.00048241776 0.009252846 0.0305337 0.004854749 0.00060410897 0.00084115646 0.15319659 0.23402166 0.10315264 0.00080586853 0.018279718 0.00063011644 9.238076e-05 0.00030346608 0.0010484622 0.00024525353 4.634475e-05 1.5841939e-05 5.9911108e-05 8.7451415e-05 8.828233e-05 0.0027654467 2.8700852e-05 0.00041918314 3.7238344e-05 0.0017749061 0.0013996037 2.7072033e-06 0.011016509 0.02508868 0.016384238 0.01163478 0.00231298 2.722e-07 3.646098e-05 0.059408132 9.323086e-05 0.00046046716 0.089332886 0.10354091 0.00089699146 0.0019726325 0.0029826392 5.8549896e-05 0.005213842 0.0048548556 2.5489942e-07 0.046701916 0.0057751695 0.06222182 0.00605745 0.00013384425 0.021553643 0.011043469 0.0044370075 1.2258161e-05 7.272233e-05 0.0003548893 0.00021634034 1.895251e-05 0.0012358323 0.00039738326 1.1760184e-05 1.6765078e-06 8.036857e-05 3.7497277e-05 0.0007535466 2.5977902e-06 7.2744944e-05 0.0044228863 0.0018821034 2.3213524e-05 1.3939489e-06 0.027579226 8.802756e-06 7.78866e-05 0.00417401 2.1131268e-06
0.88042986 0.7409341 0.24777964 5.0859893e-19 0.03973253 0.00488766 0.0051971246 0.028595721 0.0016680165 0.5913505 0.97033316 0.15350503 0.00041154004 0.001503665 0.00868994 0.3578959 0.38517314 1.656855e-05 0.123634286 0.049796175 0.0002354957 0.14737992 1.0723282e-05 0.017912487 5.6144792e-05 0.14848994 1.8400506e-05 0.016028192 0.014154796 0.57545924 0.1645004 0.012439765 5.657178e-06 0.007287247 0.021604303 3.872302e-08 0.0034237816 0.12350509 0.01202287 0.0014133414 0.00049034285 0.012730187 0.0006093341 0.0007036821 0.00037675735 0.0008291014 2.170211e-05 0.0010465607 5.7042485e-05 0.15420355 8.330003e-05 0.22436339 0.0049762977 0.08938882 0.12536448 0.014504264 2.1692655e-05 0.02677487 0.021421582 5.485361e-07 3.895194e-05 0.21368252 0.18528622 2.8712238e-05 0.00041716464 0.00078833423 4.4995168e-06 0.03529548 0.045781568 1.5363263e-05 0.08799418 0.03865795 0.044490676 0.0007006433 0.0002972746 0.13512403 0.014337841 0.004386833 2.109752e-06 0.00015632555 0.00036978163 0.018183758 1.2365962e-05 0.00233592 8.3698654e-07 2.990017e-05 6.2707073e-07 0.0002487565 9.864925e-07 0.0004809698 3.9742324e-07 9.821556e-05 0.030487783 0.009286833 1.2849837e-07 2.330735e-06 0.0035529996 1.24512e-05 7.823309e-08 0.025841998 5.7978855e-07
0.95060456 0.19526358 0.660822 0.03973253 7.1915724e-19 0.92427814 0.45199335 0.298973 0.5855632 0.056646466 0.025641385 0.2818581 0.22296506 0.17880382 0.75737953 0.8125153 0.03849196 0.09468344 0.0017674352 2.089575e-05 0.21556222 0.0019956254 0.0072228843 3.287971e-05 0.0072179255 0.014069642 0.0024633287 6.970533e-05 0.00011383137 0.17943141 0.18074386 0.5780357 0.006849728 0.17837517 3.9214035e-05 0.00010245512 6.141116e-05 0.0002847124 2.1875596e-05 2.5094957e-06 1.8016347e-06 3.443048e-05 2.5563291e-05 1.724364e-05 0.091119915 4.463673e-05 0.00045208877 1.3710893e-05 0.0008919794 0.0003667392 1.9429162e-06 0.0026668736 0.028243171 0.0019913856 0.008753753 0.00043679468 1.2249567e-06 2.1261134e-05 0.039072875 4.508337e-05 0.0048133684 0.07394218 0.24528165 0.001193536 0.092331864 0.0010613009 4.547446e-05 0.00070409087 0.0028796082 7.5180196e-07 0.0018327285 0.000850484 0.009076575 0.0055129314 0.00014463873 0.0016082001 0.015879286 0.017216751 0.00048383593 0.0070122555 0.0142177455 0.0003343977 3.1922496e-05 0.023343837 4.746831e-05 0.0017536975 0.00048544223 0.0014557443 4.318799e-06 0.00978128 6.2259505e-07 0.0009192356 0.00080933515 0.0012200736 6.4225205e-06 0.00034910097 0.02411343 0.0008546306 5.386937e-06 0.001652603 6.0378465e-05
0.7778781 0.052352972 0.4001245 0.00488766 0.92427814 9.246181e-19 0.4355437 0.121773496 0.8313903 0.012964802 0.0047014724 0.08371494 0.6771014 0.14416645 0.7415426 0.3766238 0.0058654463 0.49240446 0.000114210095 1.4756661e-06 0.6548875 0.00024705075 0.08419176 4.007185e-06 0.036400527 0.0012967094 0.023582844 4.153704e-06 9.230718e-06 0.044135474 0.07356724 0.5324601 0.07562278 0.20738159 1.1744325e-05 0.0044731167 2.5051106e-06 3.0022264e-05 1.9132247e-06 4.488003e-07 5.487276e-07 8.975759e-06 1.1924521e-06 5.6863786e-07 0.1859394 9.064352e-06 0.0014171778 3.169991e-07 0.001761837 8.1669314e-05 3.9615668e-07 9.766747e-05 0.04071946 0.00039088397 0.00072742486 1.4096887e-05 7.5249524e-08 1.0436398e-05 0.040688485 0.00040755057 0.033078384 0.012088288 0.13084845 0.0016270182 0.11215667 0.0047234693 0.0011880765 6.3977954e-05 6.453185e-05 2.5195135e-07 0.00073101994 2.264663e-05 0.005154581 0.008560684 3.425483e-05 0.00046351447 0.004851692 0.0064634983 0.0029376328 0.009647098 0.012775346 1.6107582e-05 0.00037100507 0.014072434 0.00024412804 0.004564013 0.004172878 0.002016133 4.2612293e-05 0.0044917157 6.6080856e-06 0.002280539 6.064346e-05 0.000118362615 2.713103e-05 0.0020567009 0.019859027 0.0035827889 2.601962e-05 0.00044659217 0.00011438069
0.6950294 0.07978907 0.55260956 0.0051971246 0.45199335 0.4355437 5.0469538e-17 0.70339316 0.8211059 0.025176302 0.0022601185 0.24703832 0.75654113 0.95344853 0.26141858 0.16975841 0.0065904143 0.35471678 0.00011550173 1.449378e-06 0.12024962 0.0001175612 0.41691938 1.8128452e-05 0.4527095 0.0014358769 0.31454787 6.630815e-05 0.00011855218 0.013925129 0.090576045 0.11779732 0.038086172 0.01870295 5.8179307e-05 0.05568231 4.3764508e-06 7.294829e-05 3.0330277e-05 8.135056e-06 6.7509163e-06 2.8430903e-05 7.124027e-06 5.2288274e-06 0.020912314 2.1205813e-05 0.003138941 9.129552e-07 0.004423945 8.52499e-05 1.150765e-07 0.00026552798 0.09320632 0.00042223363 0.0005607991 2.9154213e-05 3.320399e-07 1.5867749e-05 0.09429239 0.001936275 0.0041975863 0.0032820066 0.01788543 0.0015678257 0.0035075203 0.007799562 0.0016365249 0.00011699626 0.0001385607 3.651589e-07 0.002384733 6.829299e-05 0.011718732 0.011728007 6.981207e-06 0.00092572934 0.0018551387 0.0011563626 0.0003565604 0.0002736426 0.0004753035 4.9309878e-05 0.00045466938 0.0012281467 0.00085832004 4.4083892e-05 0.000114488284 0.000107197084 0.00030385616 0.00036500697 0.0001155869 8.9220215e-05 0.000116002004 0.000104487226 0.00022222388 1.8006685e-05 0.037717827 5.3911128e-05 0.0004967227 0.00023300969 0.00012151181
0.9568716 0.3051207 0.85509866 0.028595721 0.298973 0.121773496 0.70339316 2.6463218e-16 0.22841415 0.26061743 0.010251695 0.88581526 0.18159895 0.89963573 0.061879873 0.105767354 0.06830754 0.037017737 0.0033325574 1.1749612e-05 0.0104832975 0.0018952212 0.058195513 4.0483486e-05 0.10921992 0.014074636 0.058863163 9.4271745e-05 0.000104425664 0.010115425 0.5912126 0.02476113 0.002376698 0.004309184 3.0545863e-05 0.0042159767 1.8717152e-05 0.000107773485 1.846331e-05 9.768838e-06 9.168296e-06 6.6014065e-05 1.5342312e-05 7.861296e-06 0.0012764141 3.966266e-05 0.0021111257 3.9472798e-06 0.0022807661 0.0001635942 6.065236e-07 0.0006073062 0.22242384 0.0066666277 0.0006370526 0.00096129446 1.1402607e-06 9.3121205e-05 0.41114822 0.0006510621 0.001126315 0.0023662604 0.012307162 0.0014539821 0.0005984176 0.011213007 0.0005394515 0.0014700659 0.0002917286 1.152957e-06 0.052981064 0.0010735131 0.17183356 0.01812396 1.9100662e-05 0.0103512285 0.002040671 0.0015678213 0.00020243558 8.246156e-05 9.637654e-05 0.00010050479 0.00040349815 0.000457091 0.00041056238 2.7678914e-05 2.5759633e-05 0.00012909871 0.00054048066 0.00035368698 0.0001886801 0.00014804884 0.0024352428 0.0015831534 0.00015456886 3.312167e-05 0.09358191 4.1921092e-05 0.00011694762 0.0005304999 7.6727585e-05
0.5000786 0.043830395 0.44470274 0.0016680165 0.5855632 0.8313903 0.8211059 0.22841415 1.8639415e-20 0.01187 0.0010498185 0.13073005 0.95596015 0.41540363 0.27839518 0.12794653 0.003741282 0.5048108 2.4010067e-05 4.152827e-07 0.25213167 0.00014271104 0.12116519 1.5289196e-06 0.10957165 0.0007187451 0.06990428 2.3633759e-06 8.597701e-06 0.01463262 0.07307516 0.12257693 0.05740384 0.037780944 5.3427275e-06 0.009078688 2.5032668e-06 3.395066e-06 1.0013063e-06 7.3313186e-07 1.463268e-06 1.4531439e-06 1.7612682e-06 7.2503985e-07 0.064591736 5.9527383e-06 0.0010329405 2.0174494e-07 0.000876682 2.0293613e-05 1.4739663e-07 2.0449852e-05 0.057720575 0.00020175986 0.00013969367 3.119191e-05 7.534417e-08 1.2134007e-06 0.03475318 0.0002960628 0.0036224162 0.0019920326 0.019501457 0.0011945991 0.019775461 0.004058303 0.00042136476 8.073692e-05 5.0645493e-05 7.5223696e-08 0.0008293557 2.9952911e-05 0.0044115293 0.008120899 1.798958e-06 0.00035853384 0.0007882624 0.0009753121 0.0005014383 0.001287474 0.0020007761 2.575988e-05 0.00015262318 0.0036837512 0.00011904525 0.0007277582 0.0018363675 0.00039057265 1.5994856e-05 0.00052976556 2.840035e-06 0.0004901072 9.271252e-05 4.43859e-05 3.6237427e-05 0.00047847023 0.02157248 0.0004943589 5.049464e-05 0.00018012292 7.8533565e-05
0.86556005 0.89937687 0.25599492 0.5913505 0.056646466 0.012964802 0.025176302 0.26061743 0.01187 7.083504e-20 0.12012253 0.6784262 0.003899993 0.022605306 0.010014501 0.10420135 0.94075185 0.0006895651 0.34988347 0.016140444 0.0002711943 0.31322762 0.0007809978 0.004762739 0.003315003 0.36427584 0.0015833813 0.004138235 0.0042834063 0.07955496 0.63546467 0.00244596 1.261384e-05 0.0010593487 0.0016549253 4.780173e-06 0.0033514702 0.0041498877 0.0011029217 0.0005309683 7.266126e-05 0.0007173676 0.00046459743 0.0009653983 5.7788795e-05 2.4527864e-05 0.00060722424 0.0007893902 0.0022630065 0.004247722 2.3818993e-05 0.016996862 0.08381561 0.12985842 0.002605016 0.014363926 5.5055407e-06 0.00039425527 0.19040959 3.3168926e-05 3.517679e-05 0.013294498 0.014104284 0.0013615272 3.1794767e-05 0.010434628 1.1086372e-05 0.022229617 0.0016585065 1.7548651e-06 0.43886086 0.029759975 0.38734642 0.010030114 0.00016308545 0.21884531 0.0015244723 0.00058499165 2.2916304e-06 4.8571496e-06 2.1120059e-05 0.00022097048 2.2724149e-05 0.0001603803 0.00031094032 2.5652953e-06 9.1371294e-07 1.3908622e-05 0.0004193851 8.920201e-05 3.677272e-05 1.0980603e-05 0.038878236 0.004366146 2.4650297e-05 4.521965e-07 0.026662946 3.7471414e-06 2.3729392e-05 0.00724694 1.904089e-06
0.6084868 0.16836298 0.05829638 0.97033316 0.025641385 0.0047014724 0.0022601185 0.010251695 0.0010498185 0.12012253 8.411493e-18 0.047763184 0.0002299766 0.00065263896 0.0054336344 0.3686941 0.1761156 2.4359091e-05 0.1059637 0.21470205 9.493694e-05 0.089736536 8.997818e-06 0.17224531 2.1703703e-05 0.091259494 1.0544384e-05 0.15918875 0.13697831 0.7268984 0.05652377 0.0073244944 1.6592729e-05 0.0046691317 0.29372987 1.179159e-06 0.018012086 0.698121 0.20782179 0.0064464686 0.0077361157 0.14253983 0.00097440236 0.001202198 0.00027583825 0.01794586 2.2447453e-05 0.0018970195 0.0001299467 0.5936803 0.0004271678 0.56220144 0.0010487178 0.05602711 0.43553126 0.012160618 0.00018494566 0.1909247 0.0028053606 1.3202913e-05 0.0006140066 0.3559275 0.22134124 6.9175214e-05 0.00036940115 0.00025049126 5.4182394e-05 0.02308983 0.18604323 0.00034264728 0.02417568 0.028914591 0.008280899 0.00051248015 0.0008442003 0.044562355 0.041439615 0.01495457 1.0526461e-05 0.0002883428 0.0010665795 0.11044817 4.9692593e-05 0.005363265 5.289653e-07 0.00015957671 1.8328245e-05 0.0006828196 5.4867814e-06 0.0019550947 1.735509e-06 0.00042960455 0.013310902 0.0103074955 2.5522377e-06 5.7697383e-05 0.0013804586 7.0905466e-05 2.3030262e-07 0.043012735 4.2859883e-05
0.94804716 0.5719274 0.7415407 0.15350503 0.2818581 0.08371494 0.24703832 0.88581526 0.13073005 0.6784262 0.047763184 2.5610888e-17 0.06322081 0.36909273 0.063469686 0.13061602 0.23408858 0.015043013 0.03520287 0.0005608451 0.004893184 0.008483361 0.015611825 0.00045795253 0.028346034 0.034952458 0.009284623 0.00068825897 0.0007724328 0.023280349 0.8889505 0.011250187 0.0005745951 0.0019440415 0.00013400697 0.0009234962 8.2719205e-05 0.0003659065 4.8342677e-05 3.0041454e-05 9.637245e-06 8.598591e-05 4.3113687e-05 3.674029e-05 0.0002184713 6.053633e-05 0.0020490438 2.3527915e-05 0.0043142643 0.0001432099 1.329877e-06 0.0012605657 0.13246873 0.021431949 0.0013499863 0.0020253158 2.2786398e-06 3.134862e-05 0.3070312 9.676704e-05 0.00026251833 0.004543586 0.009846986 0.0021652943 0.00012834572 0.010041451 7.376371e-05 0.0044806586 0.00019735788 3.016868e-06 0.14758714 0.0056154057 0.40475887 0.009460065 1.1797692e-05 0.044881813 0.00068887195 0.00027224788 5.7499143e-05 1.5685218e-05 1.094109e-05 1.813658e-05 7.8879595e-05 6.6520784e-05 0.0022723705 8.846864e-06 2.8543907e-06 2.3783017e-05 0.00053912774 0.0001246538 8.149309e-05 4.512449e-05 0.008890893 0.0029380757 4.6034682e-05 6.2499576e-06 0.050662167 3.0204308e-05 5.46272e-05 0.0012357392 7.608624e-06
0.34111 0.014595358 0.18655732 0.00041154004 0.22296506 0.6771014 0.75654113 0.18159895 0.95596015 0.003899993 0.0002299766 0.06322081 2.0770573e-17 0.42977518 0.19460623 0.07682528 0.0015072053 0.7864085 6.0468037e-06 5.5685183e-07 0.38767016 2.1919179e-05 0.43908337 8.3473464e-07 0.34487486 0.00012008883 0.2789069 5.798295e-07 1.4496669e-06 0.005058383 0.03889835 0.10728477 0.21593083 0.020845348 4.266798e-06 0.09728202 6.034737e-07 5.904894e-06 3.6979677e-07 3.2721772e-07 1.7115535e-07 6.977763e-07 4.5399193e-07 1.5527796e-07 0.082693726 8.819654e-06 0.010248899 4.2404583e-08 0.006902892 2.2844351e-05 3.4930327e-08 1.4354798e-05 0.12268547 2.1131622e-05 5.7224308e-05 1.1099495e-06 3.7062414e-08 8.4940376e-07 0.043263085 0.0034262072 0.02237576 0.00045038143 0.015588995 0.0033698329 0.013562585 0.01146393 0.0043794177 4.9505493e-06 1.989679e-05 7.585968e-08 0.00032766227 1.7882348e-06 0.004191684 0.010428256 5.702948e-07 5.416075e-05 6.4440464e-05 0.00023327472 0.0013511875 0.0012947281 0.0018999943 1.6146523e-05 0.0009792021 0.0013147371 0.00040008768 0.00064327853 0.0035230005 0.00013996985 0.00031824486 9.1130416e-05 5.0154365e-05 0.0001063218 5.758181e-06 2.540042e-07 0.00017201717 0.00039328774 0.020605547 0.00021653106 0.0001455277 1.8135024e-05 0.000508355
0.7944428 0.048971143 0.3158326 0.001503665 0.17880382 0.14416645 0.95344853 0.89963573 0.41540363 0.022605306 0.00065263896 0.36909273 0.42977518 1.9420219e-17 0.0831429 0.05049769 0.0052355737 0.1649849 7.1978604e-05 1.3274676e-07 0.03730631 4.3241624e-05 0.40377522 2.1596536e-06 0.51619714 0.00048050925 0.35244748 1.515274e-05 2.5192829e-05 0.0017642104 0.24555884 0.025946256 0.02425889 0.004487685 9.099074e-06 0.0769251 1.920382e-07 1.6287306e-05 6.9690936e-06 1.2572688e-06 6.6535875e-07 7.246918e-06 2.0007428e-06 9.109097e-07 0.0031430027 2.837076e-06 0.010433414 3.368271e-07 0.012355124 2.0300076e-05 4.8670536e-08 1.3448483e-05 0.3928249 0.0002288789 0.000103421204 5.7894567e-06 1.4264498e-07 2.731636e-06 0.41662112 0.0048814323 0.0029538637 0.00033407132 0.004070734 0.005670523 0.00042347767 0.029480396 0.0029117134 3.1363124e-05 2.3354998e-05 1.0555139e-07 0.0027679957 5.109629e-05 0.068700895 0.043424238 7.703155e-07 0.00023391342 0.00027462404 0.00022038144 0.00023694962 1.8824489e-05 2.368004e-05 7.5475778e-06 0.0017144722 5.675186e-05 0.0013822006 9.585256e-06 1.7283053e-05 1.0750611e-05 0.001065278 5.2934785e-05 0.0007532502 1.7119259e-05 9.2809656e-05 3.2196353e-05 0.0005668101 1.5935522e-05 0.12500298 9.924662e-06 0.0003864216 7.632575e-05 0.00018162777
0.85184956 0.024075257 0.17296052 0.00868994 0.75737953 0.7415426 0.26141858 0.061879873 0.27839518 0.010014501 0.0054336344 0.063469686 0.19460623 0.0831429 1.1162686e-18 0.7900353 0.004806271 0.14083557 1.3052541e-05 9.30005e-07 0.8422911 9.273773e-05 0.04933463 6.113938e-07 0.014781627 0.00019008198 0.012181609 3.281257e-06 5.6634885e-06 0.07486647 0.0629043 0.9064637 0.06538616 0.63722646 5.307997e-07 0.0008103356 1.9944482e-06 1.0231988e-06 1.1106701e-07 1.259361e-07 1.3323364e-07 4.3350258e-07 2.421902e-07 4.373363e-08 0.54151344 8.226445e-06 0.0012297195 7.52445e-08 0.0007702436 2.0878182e-05 1.6192598e-07 0.0007516934 0.012879179 5.4452958e-05 0.0026859671 1.2593052e-06 1.5864647e-07 1.2450624e-06 0.009747649 0.000104125735 0.07233809 0.01794302 0.16403951 0.0006577477 0.20466831 0.0029056023 0.00030702713 2.7217677e-06 0.0003952605 2.739362e-07 0.00041786247 6.8979134e-06 0.0038507667 0.0036414664 0.00015817839 0.00012858916 0.0045793047 0.0062427497 0.0035718174 0.014102838 0.018824838 4.1083225e-05 9.406887e-05 0.017143972 2.7932447e-05 0.010701222 0.0070989644 0.002093359 9.578083e-06 0.0052670194 2.648527e-06 0.0038215325 4.7929294e-05 0.00021169534 1.0304811e-05 0.007144347 0.008687657 0.0076152165 2.8339743e-06 0.00053392537 0.00015588905
0.8773902 0.268482 0.55236524 0.3578959 0.8125153 0.3766238 0.16975841 0.105767354 0.12794653 0.10420135 0.3686941 0.13061602 0.07682528 0.05049769 0.7900353 1.2906937e-16 0.05910072 0.022553718 0.0075368215 0.0020416405 0.060155626 0.006525711 0.008933717 0.002149534 0.0055709514 0.011389588 0.0055659944 0.0039396887 0.004118825 0.88779896 0.07565819 0.83571035 0.0029426394 0.62583786 0.0022035842 0.00010313242 0.00038818363 0.015073248 0.0025305646 0.00019797166 0.00023504852 0.0036727244 0.0003322187 0.00013115136 0.27771732 0.0017065817 0.000588311 0.00034126473 0.00026536366 0.027220387 8.881595e-05 0.18470748 0.0052259234 0.007059712 0.28644064 0.00084853923 5.217299e-05 0.0068662693 0.004431324 5.7530295e-05 0.004449739 0.5411574 0.7499931 0.00022225357 0.4013807 9.874893e-05 0.00019294076 0.00094582967 0.051063687 3.1458232e-05 0.0031934178 0.0006523207 0.0039852643 0.0003335944 0.0026708695 0.004778779 0.1297262 0.1059373 0.0006556874 0.033411372 0.11871457 0.013033381 0.000256974 0.09331106 2.0677337e-05 0.0031781718 0.0005218456 0.009826672 5.991965e-06 0.048106667 1.0482837e-06 0.0035729383 0.001374043 0.004900306 9.685988e-06 0.0009124974 0.0023605693 0.0016752237 1.3626624e-06 0.0053591826 0.00018088672
0.8548314 0.21875581 0.06419731 0.38517314 0.03849196 0.0058654463 0.0065904143 0.06830754 0.003741282 0.94075185 0.1761156 0.23408858 0.0015072053 0.0052355737 0.004806271 0.05910072 7.261779e-21 0.00017867006 0.49843705 0.08291112 3.5004014e-05 0.369881 0.00011604782 0.019979795 0.00060341915 0.93999887 0.0002480619 0.011463465 0.00987311 0.04260223 0.41761214 0.0010169194 6.813813e-06 0.00017317248 0.0052485196 2.6869172e-06 0.010335386 0.01012863 0.0013317034 0.0010624949 0.0004461271 0.0012445966 0.00064393104 0.00081930764 9.7941365e-06 0.00019069658 0.00016265722 0.0011463913 0.00032552966 0.006058386 0.00035720624 0.008640923 0.06502456 0.2801143 0.0008522568 0.016651692 1.8858807e-05 0.0008595078 0.13529825 9.036396e-06 2.2336451e-05 0.0034196293 0.0022573364 0.0005765795 2.9251619e-06 0.0064067715 1.1057588e-05 0.032111816 0.001385872 2.023739e-05 0.5821941 0.044414897 0.5017826 0.0046331673 0.00040349527 0.3306236 0.00020675198 0.0001957671 1.3063643e-06 3.0347765e-06 4.1655294e-06 0.0002974206 2.0201642e-05 9.597783e-05 0.00016443996 4.77015e-06 1.4331715e-06 8.137399e-06 0.000119486904 5.642073e-05 1.3419322e-05 8.207481e-06 0.074099585 0.0033069924 9.763659e-06 4.6069903e-07 0.01730061 6.049353e-06 5.9910735e-06 0.0094525125 3.1536401e-06
0.59129226 0.0009107686 0.021171726 1.656855e-05 0.09468344 0.49240446 0.35471678 0.037017737 0.5048108 0.0006895651 2.4359091e-05 0.015043013 0.7864085 0.1649849 0.14083557 0.022553718 0.00017867006 3.0000912e-18 1.09261265e-07 3.4125332e-08 0.9332185 8.011993e-07 0.7618034 7.593684e-08 0.23395558 3.4553054e-06 0.23703443 9.6014574e-08 1.2556745e-07 0.00010491459 0.022527127 0.06842219 0.9433511 0.014607556 8.9493724e-08 0.4106583 4.0902858e-08 1.8857925e-07 2.712201e-08 3.9468613e-08 1.5438777e-08 4.030937e-08 4.0692623e-07 1.559349e-07 0.20555386 2.8303214e-07 0.053370077 5.0228532e-08 0.028170954 1.5751767e-06 3.1815283e-08 9.745552e-07 0.20136486 3.0455035e-06 2.6939708e-06 5.6109565e-07 5.546954e-08 7.389252e-08 0.036099914 0.033070404 0.1451526 1.337467e-05 0.0015042588 0.008727454 0.020985095 0.026467372 0.013080799 1.6151968e-06 7.4785294e-06 4.1682476e-08 0.00011291559 7.886635e-07 0.0020668851 0.017725034 4.0372407e-07 1.812904e-05 8.289653e-06 3.1564796e-05 0.011626257 0.0014184671 0.0008102522 3.8424682e-06 0.0059094997 0.00084863266 0.000465843 0.0029967013 0.020245178 0.00021678624 0.0005246475 3.3151184e-05 0.000117103875 0.0003691884 2.8560407e-06 1.2614785e-06 0.00023208602 0.004844071 0.015645852 0.0018322163 0.00025841533 4.9060054e-05 0.00484087
0.9123343 0.084534295 0.012224949 0.123634286 0.0017674352 0.000114210095 0.00011550173 0.0033325574 2.4010067e-05 0.34988347 0.1059637 0.03520287 6.0468037e-06 7.1978604e-05 1.3052541e-05 0.0075368215 0.49843705 1.09261265e-07 1.3048461e-18 0.37359533 3.0577633e-07 0.97763 5.5643187e-07 0.19010441 5.619551e-07 0.67292935 1.4269858e-07 0.08448652 0.08099836 0.018642414 0.13950783 6.091754e-06 9.216142e-08 5.190754e-06 0.07316449 1.0165634e-08 0.4035927 0.05748618 0.022295417 0.07656267 0.016012905 0.011258881 0.033422463 0.017483689 4.922042e-07 0.0059464783 1.1295715e-06 0.009080648 4.5966334e-07 0.029310236 0.0009521408 0.023405636 0.0067141172 0.5862449 0.0005466022 0.25587788 0.00010314177 0.0038378101 0.028649015 3.819684e-08 2.9345597e-07 0.0007092454 7.492718e-05 2.4570977e-06 4.2383985e-07 0.0004231985 1.8438007e-07 0.19043766 0.00030338447 7.102438e-05 0.25160828 0.16085896 0.1257388 0.00031630744 0.00022624344 0.4266235 3.7668317e-05 6.008502e-06 1.7249832e-08 2.4643737e-07 2.3612299e-07 0.00014748248 1.2877595e-06 3.6911483e-06 5.218433e-07 3.8144185e-07 7.237104e-08 2.7044436e-07 6.952319e-08 4.883189e-07 1.8403128e-08 8.962342e-07 0.17547204 0.006506056 3.6616584e-08 7.82131e-08 0.004758689 5.363221e-07 4.1940304e-08 0.032069486 1.1867655e-07
0.7884176 0.0053651067 0.00043041588 0.049796175 2.089575e-05 1.4756661e-06 1.449378e-06 1.1749612e-05 4.152827e-07 0.016140444 0.21470205 0.0005608451 5.5685183e-07 1.3274676e-07 9.30005e-07 0.0020416405 0.08291112 3.4125332e-08 0.37359533 9.64621e-19 2.8669118e-07 0.8063252 2.1508665e-08 0.9255756 4.0303835e-08 0.17190251 2.7216636e-08 0.7687789 0.7469915 0.0093521355 0.0047424063 7.7881026e-07 4.2595994e-07 4.411503e-06 0.52500725 1.4610974e-09 0.80408835 0.28707224 0.17551973 0.42059588 0.28719014 0.112285875 0.052774426 0.026543146 6.8006016e-06 0.13485128 1.9701476e-07 0.022372788 3.5550713e-08 0.16009364 0.0038766423 0.044204444 0.0003444953 0.21873906 0.0012968363 0.13931441 0.0003587158 0.045536872 0.00014192412 2.4181355e-07 3.8982503e-06 0.0007856694 0.00023790564 1.1816981e-07 7.626542e-07 4.152843e-05 4.4779586e-06 0.10931987 0.00081868394 0.00014527631 0.009613334 0.07691604 0.006908503 2.3457254e-05 0.00051315036 0.06274833 7.732796e-05 2.3637105e-05 7.2464655e-07 1.7152015e-06 1.0300228e-06 0.0007873646 1.3127518e-05 5.177198e-06 1.6052083e-07 1.8404585e-06 4.8457053e-07 2.110068e-06 2.6024506e-07 3.0296753e-06 3.9910236e-07 4.457928e-06 0.052972414 0.009497245 2.675323e-07 1.2506472e-06 0.00057986105 2.9388852e-06 1.7671711e-07 0.019124601 3.2789328e-06
0.39947015 0.0014282187 0.011294903 0.0002354957 0.21556222 0.6548875 0.12024962 0.0104832975 0.25213167 0.0002711943 9.493694e-05 0.004893184 0.38767016 0.03730631 0.8422911 0.060155626 3.5004014e-05 0.9332185 3.0577633e-07 2.8669118e-07 3.6707983e-19 1.0022014e-06 0.38270542 1.0729132e-07 0.054128278 6.941123e-06 0.05653939 1.1485885e-07 2.6577e-07 0.0011497701 0.0054767104 0.56175584 0.8810795 0.29501292 1.244816e-07 0.07895597 3.075128e-07 9.9580525e-08 3.055045e-08 3.1857184e-08 3.3177134e-08 1.04065315e-07 1.6515087e-07 5.26516e-08 0.87211543 1.4316155e-06 0.0066870516 3.9863618e-08 0.0033071202 1.8871302e-06 9.06487e-08 4.768631e-06 0.004567906 5.330035e-06 9.505974e-06 6.9357657e-07 8.2784105e-08 1.7979332e-07 0.0011945398 0.0026549087 0.71504164 1.870946e-05 0.0077660196 0.0008718349 0.26253474 0.0010902022 0.009363603 5.1637517e-06 2.954286e-05 1.6140211e-07 2.5784604e-05 1.5671229e-06 0.0003529763 0.0012180691 8.923073e-06 1.9335605e-05 7.232492e-05 0.0006576432 0.23736724 0.03063294 0.013235313 4.2035626e-05 0.004407038 0.005021841 1.9099116e-05 0.061697762 0.21798702 0.0019308989 4.8731963e-05 0.0006691348 1.7663575e-05 0.0084544625 2.1135107e-05 6.0428926e-07 6.553514e-05 0.07416527 0.0014420963 0.034970373 1.6264023e-05 3.482617e-05 0.008846363
0.52679443 0.091895446 0.007590633 0.14737992 0.0019956254 0.00024705075 0.0001175612 0.0018952212 0.00014271104 0.31322762 0.089736536 0.008483361 2.1919179e-05 4.3241624e-05 9.273773e-05 0.006525711 0.369881 8.011993e-07 0.97763 0.8063252 1.0022014e-06 9.58767e-17 7.5066566e-07 0.5221813 6.580525e-07 0.43894866 1.5066671e-07 0.3552255 0.28312615 0.010523205 0.02539414 8.096018e-06 3.7199788e-07 2.8002498e-06 0.10754366 2.7544708e-08 0.559172 0.10420243 0.033450145 0.13771342 0.021271871 0.023161264 0.08615426 0.043949656 9.6452995e-06 0.018384049 7.026881e-08 0.024237119 2.5392453e-07 0.06368799 0.00822154 0.022119645 0.002020825 0.55429184 0.0012689279 0.4369071 0.00074085617 0.010285014 0.015579268 3.315662e-07 2.451443e-06 0.0011263526 9.86708e-05 2.1415356e-06 1.1666611e-06 1.0995536e-05 1.3198387e-06 0.1375192 0.0007150024 0.0008404693 0.22623262 0.1445423 0.046131615 1.7410684e-05 0.001726328 0.29809242 5.1584484e-05 2.4883966e-05 9.363061e-08 3.7769894e-07 6.213434e-07 0.0004848447 3.2216053e-06 2.3462377e-05 1.3374968e-08 3.630744e-07 3.1672656e-07 1.270405e-06 1.9335445e-08 2.289815e-06 1.1384188e-08 2.7176307e-06 0.15455918 0.023123385 1.1500095e-08 4.5093834e-08 0.0017975657 4.7063887e-07 5.666646e-09 0.069043346 4.2207594e-07
0.6935081 0.00028901896 0.004321514 1.0723282e-05 0.0072228843 0.08419176 0.41691938 0.058195513 0.12116519 0.0007809978 8.997818e-06 0.015611825 0.43908337 0.40377522 0.04933463 0.008933717 0.00011604782 0.7618034 5.5643187e-07 2.1508665e-08 0.38270542 7.5066566e-07 5.4600745e-18 6.666522e-08 0.8963692 1.4592525e-05 0.9136999 1.1993001e-07 2.7899512e-07 0.0001267206 0.036226936 0.029806675 0.7838012 0.0034110695 9.192355e-08 0.9281054 3.3702293e-08 1.4739143e-07 2.068839e-08 2.8861816e-08 1.0573167e-08 4.8505115e-08 4.954316e-07 1.10048084e-07 0.13628247 4.235469e-07 0.46170324 4.329359e-08 0.3485696 1.7501754e-06 1.2740449e-08 1.5504276e-06 0.75644255 7.2373114e-06 7.858418e-06 2.0620797e-07 2.892994e-08 2.0173742e-07 0.2792238 0.16171293 0.07225928 1.1137812e-05 0.00048433748 0.046146266 0.0018642892 0.17598936 0.058739558 5.2783554e-07 3.383106e-05 1.012326e-08 0.0003220865 2.030722e-07 0.006335172 0.14950575 1.6948655e-07 7.017109e-05 1.4649777e-05 4.2072006e-05 0.006199014 0.0001145653 3.0362082e-05 2.1821028e-05 0.020446602 5.3931442e-05 0.0026572011 0.00038400578 0.009684779 2.439501e-05 0.00049549685 9.08721e-06 0.00025577447 7.58705e-05 7.386979e-07 6.074237e-07 0.00033880686 0.00090213143 0.13885008 0.00022188296 0.0005585984 2.2751567e-06 0.0056743235
0.46242246 0.0023962092 0.00048241776 0.017912487 3.287971e-05 4.007185e-06 1.8128452e-05 4.0483486e-05 1.5289196e-06 0.004762739 0.17224531 0.00045795253 8.3473464e-07 2.1596536e-06 6.113938e-07 0.002149534 0.019979795 7.593684e-08 0.19010441 0.9255756 1.0729132e-07 0.5221813 6.666522e-08 1.9394223e-18 2.0634057e-07 0.08265596 9.54347e-08 0.9184375 0.91917306 0.0139388135 0.0012889727 1.9841175e-07 1.4614903e-07 1.6965886e-06 0.60176885 2.777842e-09 0.7428851 0.23190816 0.22976325 0.5660611 0.49499008 0.07992865 0.13395464 0.045125507 7.699003e-06 0.13647217 2.5897424e-07 0.02646845 1.1233253e-07 0.13731346 0.0069203163 0.024069875 0.00021585768 0.16115251 0.0018321595 0.20785296 0.0016356988 0.03957598 9.57029e-05 9.390993e-07 1.8481316e-05 0.00030434222 0.00031932865 4.7771084e-07 4.6901846e-06 2.8257812e-06 1.3611253e-05 0.09650412 0.0012715766 0.000362367 0.0021269533 0.0523448 0.0013806863 6.476024e-06 0.0019985258 0.015825769 6.4401946e-05 2.8286213e-05 1.0015995e-06 1.1095326e-06 7.192082e-07 0.0016581356 2.1296059e-05 1.7543758e-05 4.9927115e-07 3.042212e-06 1.7425593e-06 5.909992e-06 2.0995905e-07 1.3941811e-05 7.629998e-07 1.2318092e-05 0.020134248 0.012038778 8.93718e-07 9.829671e-07 0.00032234308 4.608214e-06 9.549228e-07 0.02853876 9.793147e-06
0.30142796 0.0026106904 0.009252846 5.6144792e-05 0.0072179255 0.036400527 0.4527095 0.10921992 0.10957165 0.003315003 2.1703703e-05 0.028346034 0.34487486 0.51619714 0.014781627 0.0055709514 0.00060341915 0.23395558 5.619551e-07 4.0303835e-08 0.054128278 6.580525e-07 0.8963692 2.0634057e-07 6.2598626e-18 6.509931e-06 0.9770749 1.8619444e-07 3.5469827e-07 3.97258e-05 0.04074474 0.005277976 0.2765445 0.0007048937 1.9949668e-07 0.48079693 7.063499e-08 1.2276594e-06 7.339919e-08 3.060189e-08 2.6280185e-08 3.200779e-07 6.0415954e-07 2.291745e-07 0.011901438 1.7181975e-06 0.28742322 7.4581806e-08 0.30678797 8.56352e-06 1.2590768e-08 6.4123183e-06 0.68068314 3.521829e-06 4.1843647e-05 1.9334348e-07 1.1075154e-08 7.658546e-07 0.2630928 0.07182474 0.00927144 2.3145352e-05 0.0005886899 0.058431674 0.0001626127 0.1504785 0.011516989 1.5892791e-06 0.00010146506 1.6913157e-08 0.0002544779 6.4588426e-07 0.0069228085 0.12997928 4.4373895e-08 2.4067358e-05 3.592396e-05 5.2137675e-05 0.000925012 2.641105e-05 7.732586e-06 3.9856306e-05 0.005942499 5.8570557e-05 0.003403878 4.5970366e-05 0.00041606487 1.8197983e-05 0.0014767896 6.561603e-06 0.0005333663 0.000107256696 1.4572768e-06 2.1353347e-07 0.00062691886 0.0001044685 0.15672773 6.82969e-05 0.0005098829 4.2117168e-07 0.0016678368
0.9783292 0.12517883 0.0305337 0.14848994 0.014069642 0.0012967094 0.0014358769 0.014074636 0.0007187451 0.36427584 0.091259494 0.034952458 0.00012008883 0.00048050925 0.00019008198 0.011389588 0.93999887 3.4553054e-06 0.67292935 0.17190251 6.941123e-06 0.43894866 1.4592525e-05 0.08265596 6.509931e-06 6.451646e-20 2.020527e-06 0.046873752 0.037943594 0.0057178563 0.12175365 4.647388e-06 4.9790737e-07 1.1472114e-05 0.0135759665 3.4267064e-08 0.06969836 0.01597545 0.0028426745 0.010864026 0.002726504 0.0019673645 0.006619282 0.0030565301 2.9534422e-06 0.00080553425 3.5932064e-06 0.0019512055 1.3611894e-06 0.004103256 0.0001831824 0.0065445583 0.008474931 0.5389144 0.00055090897 0.06832505 6.640225e-05 0.00065192697 0.034454 2.6597996e-07 2.075863e-06 0.00049922353 0.000104476065 1.5212322e-05 2.002369e-06 0.0005183139 7.8925336e-07 0.06901201 0.00018631516 0.0001585422 0.61913 0.08512624 0.31971782 0.00040327042 0.00012650024 0.6720662 8.554994e-05 2.2989492e-05 2.5347475e-07 5.6389854e-07 3.5755758e-07 3.409126e-05 2.7335304e-06 6.3145244e-06 4.3280235e-07 8.1495335e-07 1.1430844e-07 6.647765e-07 2.1172549e-07 3.8391786e-06 1.279315e-07 1.2770033e-06 0.23445779 0.0066305217 8.069724e-08 2.3792317e-07 0.0027395685 1.2599058e-06 4.765857e-08 0.010233277 5.921092e-07
0.17149109 0.0010295872 0.004854749 1.8400506e-05 0.0024633287 0.023582844 0.31454787 0.058863163 0.06990428 0.0015833813 1.0544384e-05 0.009284623 0.2789069 0.35244748 0.012181609 0.0055659944 0.0002480619 0.23703443 1.4269858e-07 2.7216636e-08 0.05653939 1.5066671e-07 0.9136999 9.54347e-08 0.9770749 2.020527e-06 4.1716546e-18 6.1082986e-08 9.573935e-08 3.9379192e-05 0.020297332 0.0027003256 0.29335925 0.0003480427 8.823035e-08 0.5240909 1.494729e-08 9.436024e-07 2.7566676e-08 1.2335895e-08 7.675516e-09 1.352385e-07 1.4898367e-07 7.320737e-08 0.008920513 9.39999e-07 0.35856447 4.0283695e-08 0.29277077 7.268181e-06 8.808923e-09 7.079496e-06 0.61616284 1.8254482e-06 2.407716e-05 5.27796e-08 7.801804e-09 2.2435425e-07 0.19783157 0.077838026 0.010797682 1.2810231e-05 0.00030342038 0.050371613 0.00014392914 0.12759663 0.013448316 2.4420592e-07 5.112724e-05 8.58128e-09 9.799505e-05 1.2934967e-07 0.0034961028 0.10485161 2.649262e-08 6.3131392e-06 1.44819205e-05 2.0091646e-05 0.0010894221 2.1538113e-05 5.633205e-06 3.0795214e-05 0.006002286 2.5689029e-05 0.0034950026 3.9661485e-05 0.00034740384 1.1485623e-05 0.002750805 7.803325e-06 0.00076938246 4.5515764e-05 2.4539892e-07 2.0151793e-08 0.00061137514 6.942066e-05 0.09931793 6.858899e-05 0.0006620775 2.4121124e-07 0.001957425
0.22149923 0.0025963031 0.00060410897 0.016028192 6.970533e-05 4.153704e-06 6.630815e-05 9.4271745e-05 2.3633759e-06 0.004138235 0.15918875 0.00068825897 5.798295e-07 1.515274e-05 3.281257e-06 0.0039396887 0.011463465 9.6014574e-08 0.08448652 0.7687789 1.1485885e-07 0.3552255 1.1993001e-07 0.9184375 1.8619444e-07 0.046873752 6.1082986e-08 9.309392e-19 0.9654314 0.02586603 0.0011322631 8.494653e-07 1.7041687e-07 4.1717153e-06 0.60816264 4.138712e-09 0.5249821 0.2401416 0.23541759 0.5381206 0.5125082 0.082311116 0.10877317 0.040341657 1.5225487e-05 0.15671428 1.4895754e-07 0.023139847 2.0513e-07 0.14689429 0.010326746 0.030959763 9.152567e-05 0.11130689 0.0023361526 0.115268566 0.0014187939 0.048375946 7.3825504e-05 4.9216385e-07 1.4940813e-05 0.0004743259 0.00037988287 3.1581203e-07 4.6828104e-06 3.5631817e-07 2.7967803e-06 0.0612796 0.0010372157 0.00033501376 0.0023839073 0.047654886 0.0007284717 1.7137462e-06 0.0023613272 0.013898203 3.768894e-05 3.1294283e-05 1.1338109e-06 2.7764052e-06 1.5751332e-06 0.0018049196 7.3938904e-06 2.7200771e-05 1.4390476e-07 2.284809e-06 2.0022335e-06 7.2940393e-06 2.4733525e-08 9.821617e-06 2.0086891e-07 1.030146e-05 0.02298547 0.008175273 3.8174426e-07 7.750374e-07 0.00010422757 3.7986115e-06 1.3156946e-07 0.020402532 7.0956976e-06
0.21450551 0.0020708696 0.00084115646 0.014154796 0.00011383137 9.230718e-06 0.00011855218 0.000104425664 8.597701e-06 0.0042834063 0.13697831 0.0007724328 1.4496669e-06 2.5192829e-05 5.6634885e-06 0.004118825 0.00987311 1.2556745e-07 0.08099836 0.7469915 2.6577e-07 0.28312615 2.7899512e-07 0.91917306 3.5469827e-07 0.037943594 9.573935e-08 0.9654314 5.6100212e-18 0.03506588 0.00090801326 1.2761682e-06 3.8179888e-07 4.639178e-06 0.64178425 4.949574e-09 0.46417677 0.26261786 0.26778305 0.5577411 0.5060056 0.110774495 0.11308567 0.048407953 2.1299797e-05 0.19983155 3.8774664e-07 0.03168297 3.3461828e-07 0.18115383 0.014656185 0.037077174 3.7852406e-05 0.09149071 0.003888363 0.09897689 0.0020030052 0.06383919 5.006777e-05 4.6590026e-07 2.01163e-05 0.0008636564 0.00043808483 4.3998293e-07 6.409078e-06 1.2777592e-07 5.1439974e-06 0.055841237 0.0014696292 0.00064860896 0.0031920047 0.050610684 0.0010765679 6.191177e-07 0.0032318141 0.016220963 5.8839236e-05 3.2887867e-05 1.7572936e-06 3.508196e-06 2.2035117e-06 0.002912206 9.451439e-06 2.5954267e-05 1.2072364e-07 2.3999069e-06 2.2856825e-06 6.1851897e-06 2.8403571e-08 8.348879e-06 1.307468e-07 1.11388745e-05 0.029473096 0.00931635 2.555127e-07 8.1829904e-07 7.1148716e-05 3.6286517e-06 8.364149e-08 0.022326903 4.0555688e-06
0.5836342 0.32874483 0.15319659 0.57545924 0.17943141 0.044135474 0.013925129 0.010115425 0.01463262 0.07955496 0.7268984 0.023280349 0.005058383 0.0017642104 0.07486647 0.88779896 0.04260223 0.00010491459 0.018642414 0.0093521355 0.0011497701 0.010523205 0.0001267206 0.0139388135 3.97258e-05 0.0057178563 3.9379192e-05 0.02586603 0.03506588 2.1095961e-18 0.010244424 0.113167204 2.6470485e-05 0.14139694 0.016408164 5.944861e-07 0.000643238 0.3628039 0.042224564 0.0018059835 0.0009379126 0.09492611 0.0007473353 0.00017344154 0.0138969505 0.004036206 5.959433e-05 0.0003882801 4.62466e-05 0.4686141 3.385559e-05 0.86702126 0.0008344212 0.002780775 0.9043861 0.00061833294 2.6294865e-05 0.23605192 0.0011376978 5.134999e-06 3.053637e-05 0.9096683 0.8279565 2.1132952e-05 0.023412133 4.0212522e-05 5.076377e-05 0.0005693471 0.44425005 8.6646825e-05 0.002199591 0.00039561643 0.0019128892 4.6106034e-05 0.0006094251 0.004408791 0.37765616 0.2936682 2.447983e-06 0.00628988 0.08302584 0.20832263 1.8598983e-05 0.12990272 8.684351e-06 1.5070724e-05 1.353854e-06 0.015476535 1.1421423e-06 0.09483847 9.739702e-08 0.0010601734 0.0008711028 0.0027925042 4.3727897e-07 2.3576174e-06 0.0017138657 1.6835664e-05 1.6486721e-06 0.01018676 7.190419e-06
0.99275374 0.2377633 0.23402166 0.1645004 0.18074386 0.07356724 0.090576045 0.5912126 0.07307516 0.63546467 0.05652377 0.8889505 0.03889835 0.24555884 0.0629043 0.07565819 0.41761214 0.022527127 0.13950783 0.0047424063 0.0054767104 0.02539414 0.036226936 0.0012889727 0.04074474 0.12175365 0.020297332 0.0011322631 0.00090801326 0.010244424 4.359048e-19 0.0055831317 0.0014563919 0.000496641 0.00030195017 0.004386806 0.0006480114 0.0008009938 0.00013028645 3.6968468e-05 1.2953497e-05 0.00012058597 4.5623718e-05 5.0276532e-05 0.000114921815 4.5402616e-05 0.006846548 4.5950248e-05 0.014439762 0.00048371666 1.2119967e-06 0.0019259278 0.29770562 0.027056804 0.0012231964 0.0019709088 4.0555324e-07 1.13301585e-05 0.46804506 0.0006860934 0.00020703374 0.0019411625 0.0044521308 0.006462759 5.6459867e-05 0.021709992 0.00015030256 0.0051241317 0.0001594465 1.5616752e-07 0.38824955 0.01180739 0.745477 0.02080583 1.1040497e-05 0.1300926 0.00096045266 0.0005650272 1.2501339e-05 6.202246e-05 4.8368733e-05 1.9171472e-05 8.337665e-05 7.188606e-05 0.008081554 3.8892624e-05 4.7373683e-06 2.9254561e-05 0.0008706929 0.00017103471 0.00039156823 3.1618754e-05 0.023479989 0.0020080805 0.000104060804 1.0827357e-05 0.106987424 4.346791e-05 0.00010752236 0.0017168472 1.1731251e-05
