1.204034e-28 0.24261081 0.16531186 0.2026154 0.32877162 0.3078294 0.91557777 0.09656932 0.057728898 0.57966244 0.80177784 0.7908136 0.7642444 0.78460974 0.94448817 0.9093757 0.74272853 0.015762934 0.015983848 0.8639317 0.58869565 0.5166707 0.0071108392 0.6931139 0.69834715 0.85448873 0.7209099 0.78118026 0.015276059 0.80643433 0.009449863 0.07741935 0.004432182 0.58114713 0.635032 0.27318573 0.011674137 0.44951293 0.8980709 0.0014181512 0.05952971 0.23900935 0.6857631 9.059171e-07 7.575626e-05 0.0003345323 0.694457 0.00064679293 0.8897056 0.010376804 0.9833238 0.9144954 0.573423 0.09262434 0.8581033 0.91304713 0.17885998 2.630022e-06 0.029074341 0.00047371403 0.024465082 0.16066915 0.027117807 0.00037545533 0.17990927 0.013255094 8.859533e-05 0.98529446 0.63383836 0.08830576 0.0016769341 0.02643326 0.9732066 0.0003943196 0.8046974 0.99881226 0.9670795 0.8077121 0.9740632 0.9922849 0.9466957 0.21337435 0.9373853 0.9995345 0.98923063 0.9949457 0.016544191 0.99397135 0.9922016 0.9984716 0.03754703 7.191287e-05 6.8291e-06 0.99353623 0.00023412926 0.5312148 0.11277558 1.2676506e-06 0.99486196 0.30583522 0.99997836
0.24261081 8.5881866e-21 0.9856048 0.5846371 0.5705951 0.34960064 0.68383235 0.7451491 0.39707017 0.20013912 0.42892927 0.24254888 0.13797228 0.038185176 0.043091957 0.05100104 0.05542557 0.19106172 0.1595374 0.073949315 0.014105185 0.037956886 0.029849052 0.008898969 0.003757487 0.009151713 0.0014427194 0.002384733 2.238849e-05 0.0065413853 1.8508867e-05 0.0030075954 0.025179483 0.003591521 0.003344701 0.0001572691 0.00020883391 5.4731183e-05 0.026456153 0.00083145226 0.000628516 1.0166076e-05 0.0022382205 0.00016947211 0.000743876 5.523925e-05 0.0005441945 0.0015673465 0.002199383 5.986901e-07 0.0013265357 3.2795392e-06 0.00011249586 1.8712706e-07 0.0038345158 0.0063186325 2.4320792e-07 3.1021005e-05 9.1615794e-07 2.2398667e-06 7.515776e-07 2.2603983e-06 1.3567563e-07 1.0386667e-06 2.5778863e-06 1.447115e-07 9.278772e-05 0.0015643628 6.0424893e-05 1.9466572e-06 1.794851e-07 6.150714e-08 0.00029195796 3.9564943e-06 8.763538e-06 0.0013979655 7.310875e-05 7.67473e-06 0.001499382 0.0022777482 0.0006400441 2.1951155e-06 0.00039483604 0.0016131055 0.0011144443 0.0008366973 9.873287e-08 7.2654955e-05 0.0018614006 0.0010078776 5.1564314e-07 6.913887e-07 1.3019664e-06 0.0017279 2.6167282e-07 0.00021325702 4.6147076e-07 4.9498146e-07 0.0013137965 4.017727e-08 0.003250485
0.16531186 0.9856048 6.827719e-21 0.6351581 0.51652634 0.37451673 0.6233524 0.84198684 0.60578424 0.1460364 0.2647103 0.30562207 0.13982902 0.05202162 0.052857827 0.05776028 0.06798782 0.24415325 0.24250978 0.074433625 0.016990338 0.0529417 0.04612393 0.009012548 0.0063888975 0.006721299 0.002050678 0.0030247963 2.362043e-05 0.004977449 1.849327e-05 0.004101071 0.04455872 0.0044470346 0.004004139 0.00029296064 0.0003543227 5.855861e-05 0.010688936 0.0018659336 0.00066098355 9.938775e-06 0.0011691345 0.0003476093 0.0013200075 7.043048e-05 0.00053797086 0.003212956 0.0018617449 5.5873176e-07 0.0005272394 1.8638891e-06 8.580659e-05 8.332032e-08 0.0021983483 0.0025201123 1.2893513e-07 4.358908e-05 3.0672055e-07 1.5010829e-06 5.465294e-07 1.2508667e-06 1.0726943e-07 9.4111306e-07 1.2205209e-06 1.454652e-07 8.778122e-05 0.00070510415 5.115997e-05 7.1050454e-07 2.0018716e-07 3.998729e-08 0.0001876275 4.151827e-06 7.975389e-06 0.00048177317 4.0955692e-05 4.9435857e-06 0.0008707912 0.0014300955 0.00017450271 1.638512e-06 0.00022541362 0.0006944318 0.00064307824 0.00023959506 6.741593e-08 5.8818696e-05 0.0010015685 0.00043252515 2.9517486e-07 3.4301277e-07 7.269861e-07 0.0014212829 1.0503847e-07 9.693107e-05 3.9646017e-07 1.5601822e-07 0.00032315042 2.2806722e-08 0.0010757688
0.2026154 0.5846371 0.6351581 1.705909e-18 0.92934805 0.9397918 0.28270003 0.51208574 0.55575156 0.48877805 0.28836057 0.74658525 0.011337813 0.009471494 0.012017934 0.021469405 0.008132567 0.09919253 0.19009781 0.038250983 0.009681666 0.0057843467 0.022971844 0.007776756 0.0031223397 0.0062009892 0.0013084548 0.013571895 0.0007104646 0.0039680917 0.000546233 0.0011558625 0.04901246 0.02125576 0.013071252 0.00018257754 0.0025108787 0.0015619949 0.008913523 0.00744757 0.00017071236 8.656923e-06 0.0018898569 0.0004204758 0.0021966726 0.0006176305 0.00016622322 0.00057617354 0.0077415514 6.527205e-05 0.00046571554 0.000153433 3.0205172e-05 1.6877138e-07 0.0017992215 0.002559105 1.6944858e-05 1.16498295e-05 1.1433585e-06 7.0913185e-05 2.2914586e-05 5.7708443e-05 1.4844037e-05 4.4533026e-05 2.532527e-05 1.3083518e-06 8.30508e-05 0.0009871805 4.118655e-05 1.61174e-05 3.012616e-06 3.9586175e-07 0.00010857753 2.9506931e-05 0.00021932973 0.00038108596 1.4933776e-05 0.00015805503 0.0010709021 0.0017568757 0.0007139234 4.375276e-05 0.00019770337 0.0006083041 0.000465939 0.0010088022 1.4559156e-06 6.5743748e-06 0.0012323204 0.00032839898 3.64107e-07 4.2511524e-06 9.463218e-06 0.00048063413 3.2641813e-06 0.00023845052 2.150634e-07 3.195068e-06 0.0010376001 4.865669e-07 0.0012824301
0.32877162 0.5705951 0.51652634 0.92934805 5.815232e-19 0.9094892 0.27549064 0.3655266 0.34297276 0.841085 0.6860207 0.7111835 0.012904193 0.0065343212 0.006573683 0.021305919 0.0076999245 0.06272743 0.09236555 0.06670767 0.009526091 0.005182487 0.012711148 0.0071490766 0.0025994347 0.0124306455 0.00085618213 0.015435359 0.0016101791 0.0071197487 0.0011541948 0.0014290354 0.036809087 0.02869516 0.016470365 0.00015067196 0.0027832373 0.0021084982 0.054493945 0.009815705 0.00030243496 6.1999776e-06 0.0030683395 0.00050668494 0.0024991299 0.0015520055 0.00010312435 0.0004776639 0.018573847 8.357447e-05 0.0017287678 0.00013320171 3.472856e-05 2.6100713e-07 0.006910332 0.009197947 5.4927e-05 2.5037909e-05 3.2038377e-06 0.0001691987 2.7983851e-05 0.00010662479 1.8699027e-05 2.4667654e-05 9.5279705e-05 4.13875e-06 0.00022660772 0.0031630911 3.9803275e-05 0.00013141091 2.3325026e-06 2.5530971e-06 0.00015819602 2.4950765e-05 0.00034414473 0.001347281 3.3275126e-05 0.00045548377 0.002591278 0.003486462 0.0032030665 0.00013386302 0.00031581972 0.0021897412 0.0010265969 0.0028116293 3.883401e-06 1.3128045e-05 0.0031409834 0.0006264509 1.7529901e-06 1.0855645e-05 1.0120737e-05 0.0008254497 1.8831013e-06 0.002253553 2.5286308e-06 3.3871781e-06 0.0071251965 3.4062418e-06 0.005357182
0.3078294 0.34960064 0.37451673 0.9397918 0.9094892 1.0163508e-18 0.11018788 0.33373573 0.5924826 0.5763028 0.11880386 0.92261463 0.005726402 0.011094988 0.009335614 0.010391648 0.0035987692 0.042044442 0.15335043 0.020376956 0.0035581144 0.0011958159 0.01174558 0.0034380145 0.0008603307 0.004029287 0.0001275555 0.041481845 0.007358199 0.0018001818 0.0044791205 0.00018851085 0.082306996 0.038975064 0.027572649 2.4554265e-05 0.009108378 0.008292988 0.0076331324 0.028645732 3.6738646e-05 1.1688575e-06 0.00086092704 0.00019766133 0.0008012391 0.004118455 1.6876447e-05 0.00016792442 0.020086957 0.0008991964 0.00032174512 0.0005325251 2.278744e-06 1.6525311e-07 0.0046182107 0.0045727263 5.5923396e-05 3.7860614e-06 1.026104e-06 0.0004219327 0.00016842643 0.00012973459 2.4072202e-05 5.3973687e-05 0.00010778241 2.5660318e-06 2.8181099e-05 0.0022085935 3.6011086e-05 0.0001126308 1.1062494e-05 5.3752415e-06 0.0001889183 2.2722306e-05 0.00045274524 0.0009640274 1.0114349e-05 0.00035914333 0.0022053637 0.0041875485 0.0015477692 0.00012261326 0.00024340156 0.0015900069 0.0009674918 0.0018764901 1.8547547e-05 1.0757985e-05 0.0022599632 0.0006092568 1.130217e-06 6.978498e-06 5.209813e-06 0.0009409408 1.5035236e-07 0.0020872976 1.8611431e-06 2.0631667e-06 0.004354841 1.742999e-05 0.003738163
0.91557777 0.68383235 0.6233524 0.28270003 0.27549064 0.11018788 8.081015e-19 0.37352595 0.115604945 0.04304476 0.28873757 0.030468406 0.9277254 0.7758152 0.82825154 0.88306826 0.525989 0.28617427 0.15766267 0.44527906 0.2982336 0.36486328 0.046538748 0.108941734 0.108195774 0.16800642 0.01869828 0.010091694 0.0007950493 0.15391976 0.00053503376 0.059296325 0.006032618 0.00365442 0.006219269 0.045974523 0.00046903727 2.422235e-05 0.108200096 0.0016134909 0.005897055 0.004324699 0.05507465 0.0001443225 0.00055859407 0.00018236143 0.0045585334 0.0031684847 0.0010026619 1.9709145e-05 0.034754787 1.1916229e-05 0.000860133 0.00017863601 0.04137984 0.22437318 3.5160508e-06 6.8114256e-05 0.00033871573 9.168401e-06 2.759203e-06 2.9038945e-05 1.8032866e-06 8.999321e-06 4.4692486e-05 1.01360565e-05 0.00020743551 0.07817915 0.0006014669 1.6394084e-05 3.677733e-06 9.671283e-08 0.019921888 8.168999e-06 1.622715e-05 0.10057334 0.0028012316 3.8391187e-05 0.03334345 0.088969365 0.0016752868 1.0755759e-05 0.0074789077 0.08703852 0.037595697 0.0055373507 3.0710355e-06 0.0016913409 0.02869719 0.03019678 6.375625e-07 7.4493164e-06 3.4402037e-06 0.024811575 5.4154107e-06 0.00084893336 4.4952893e-07 7.502942e-07 0.009955899 4.5832346e-07 0.1146053
0.09656932 0.7451491 0.84198684 0.51208574 0.3655266 0.33373573 0.37352595 1.1801304e-18 0.9658264 0.062352642 0.03282363 0.37343308 0.14158309 0.0933708 0.081415415 0.03942395 0.08886608 0.5927966 0.81089264 0.021247895 0.016823748 0.09523622 0.29076034 0.0076968814 0.01331986 0.0018093063 0.0035445231 0.009134535 0.0006516321 0.0018875146 0.00046554857 0.012321859 0.22327268 0.010051827 0.008678731 0.002062075 0.0014429863 0.00021059447 0.0012032153 0.025027653 0.0032292139 0.00011382409 0.00034655142 0.0042707757 0.015777364 0.0015161985 0.00038875084 0.009243205 0.0014786674 7.3224614e-06 0.00015302791 1.7234697e-05 3.4282024e-05 1.0319006e-06 0.0009938605 0.0010293806 2.4591795e-06 0.00026765824 4.8480424e-06 1.3240967e-05 4.593139e-06 1.4155488e-05 9.956074e-07 1.2716391e-06 9.058821e-06 2.0048722e-06 0.00022245756 0.00025889484 0.00015044022 8.209353e-06 5.189378e-06 2.5542113e-07 0.00023722142 7.5545995e-06 2.8856382e-05 7.30608e-05 3.7314207e-05 5.27975e-05 0.00045708075 0.00082412356 0.00012950701 2.1473139e-05 0.0003631982 0.00016331674 0.00049861736 0.00018210613 6.833898e-07 0.00025996417 0.00040767048 0.00024291505 9.4171725e-07 1.7697372e-06 1.0530371e-06 0.0012685582 7.314599e-07 0.00016419958 2.03519e-06 2.6562253e-07 5.7063375e-05 1.443084e-07 0.0002647267
0.057728898 0.39707017 0.60578424 0.55575156 0.34297276 0.5924826 0.115604945 0.9658264 7.0302334e-19 0.079443865 0.00591059 0.8314397 0.044634607 0.045798156 0.023614682 0.008020595 0.014309373 0.288239 0.93585914 0.006414444 0.0041056518 0.0045140525 0.23119445 0.0024466354 0.00053913705 0.00045809033 0.00023383717 0.03224655 0.036895934 0.00074011745 0.025881216 0.00038630076 0.6139153 0.037993763 0.017515022 0.00018397864 0.03485813 0.00492224 0.00028574388 0.23669031 0.000108254746 5.1063425e-06 0.00021145403 0.0069979723 0.004530549 0.07432489 1.4755064e-05 0.00029836295 0.002232802 0.0021578071 1.1172557e-05 0.00041420807 1.5843351e-06 5.1248645e-07 0.00025233047 0.001835023 0.00013312095 3.915908e-06 3.8163785e-06 0.0026192453 0.00013097188 0.00024628293 2.076274e-05 0.00017334681 0.00012954877 1.4117786e-06 5.5408527e-06 0.0007375984 0.00017106178 0.0001588773 4.4823955e-05 1.4679539e-07 0.00013464877 4.614822e-05 0.00016211967 0.00014427448 3.0375647e-06 0.00020717079 0.0005809257 0.0019470731 0.00029148083 0.0001399214 0.00033346526 0.0007699252 0.00090524304 0.0004954108 1.7089309e-05 0.00017160573 0.00059290085 0.00065552705 2.6580042e-07 5.5143532e-06 3.338165e-06 0.0026552507 7.888414e-08 0.00026436718 1.1237816e-07 1.4115963e-05 0.00025413156 3.3085144e-05 0.0007865604
0.57966244 0.20013912 0.1460364 0.48877805 0.841085 0.5763028 0.04304476 0.062352642 0.079443865 7.423223e-20 0.9769401 0.82723737 0.0018828007 0.00142502 0.0009588337 0.0075940145 0.00088053546 0.013732669 0.022144571 0.076822296 0.00090507127 0.0011477696 0.0015240762 0.000655093 4.2784417e-05 0.014403638 7.711164e-06 0.14655747 0.011052688 0.0026567196 0.0072450466 0.0003009225 0.0072461935 0.087868534 0.09852732 5.0622413e-05 0.0047531603 0.014528207 0.076535314 0.0062178187 0.00010007517 1.8374227e-06 0.0010124493 4.015963e-05 0.00024382256 0.00021332903 1.7358328e-05 0.00015754247 0.032638796 0.001790795 0.00041731485 0.0016310498 9.407591e-06 9.16424e-08 0.02000034 0.019401751 0.0004386565 1.0062031e-05 3.1998804e-06 6.681534e-05 0.0013673457 0.0006277241 0.00016245214 0.00014704361 0.00044106413 1.7930233e-06 3.4030487e-05 0.0062349234 3.505029e-06 0.0005191762 2.1922275e-05 2.9820802e-07 6.967243e-05 5.2074316e-05 0.0020026995 0.0016217079 1.6993066e-05 0.002894026 0.008055109 0.01093633 0.021414397 0.0006498454 0.00012704307 0.004533646 0.0005423785 0.013171957 1.5660631e-05 1.75323e-05 0.010862192 0.00035824947 4.846535e-08 2.0854064e-05 1.587689e-05 0.00077411236 1.2972413e-07 0.004579069 1.5523976e-07 3.16512e-06 0.02996923 4.2210453e-05 0.014531497
0.80177784 0.42892927 0.2647103 0.28836057 0.6860207 0.11880386 0.28873757 0.03282363 0.00591059 0.9769401 1.0053413e-19 0.057475407 0.011861083 0.007846409 0.0057261647 0.098618336 0.0055846837 0.0067041037 0.0033259774 0.68343097 0.007993933 0.0026054112 0.0013521517 0.007861465 0.0010847192 0.25801194 0.0001225825 0.036635652 0.0003929848 0.018539457 0.00020668021 0.0006006578 0.0007001934 0.014147027 0.018636813 7.7060955e-05 0.00027326055 0.0003268605 0.8706453 0.00028717428 0.00026441383 9.62929e-06 0.007994466 1.6173508e-05 5.5112487e-05 4.0380917e-05 9.713392e-05 5.5437948e-05 0.05202788 7.1553886e-06 0.004716463 0.00017138821 4.980221e-06 9.684551e-07 0.12223344 0.15076454 3.054129e-05 1.3125853e-05 1.008782e-05 2.2947947e-06 5.9173854e-06 7.8906225e-05 4.5635747e-06 3.5461187e-06 7.6855016e-05 3.098752e-06 5.7511974e-05 0.05256317 5.37598e-06 0.00020800943 8.801878e-07 3.8463597e-07 0.00037020328 1.7408535e-06 0.0013827214 0.012136213 5.806784e-05 0.0012485787 0.08068121 0.098192126 0.03518238 0.00016199419 0.0002583355 0.040602434 0.0022370596 0.043054424 3.6798184e-07 2.0667716e-05 0.10541505 0.0023472484 6.303447e-08 5.0164626e-06 1.2289644e-06 0.0016346907 7.0373335e-07 0.002580212 9.9937495e-08 5.4217287e-07 0.038592085 3.172996e-06 0.14779994
0.7908136 0.24254888 0.30562207 0.74658525 0.7111835 0.92261463 0.030468406 0.37343308 0.8314397 0.82723737 0.057475407 1.7957272e-17 0.0014189231 0.0036592397 0.0026036438 0.0027855674 0.00028439352 0.029059192 0.26043445 0.011757084 0.0008129903 3.3853943e-05 0.004527476 0.0005186768 4.176622e-05 0.0006268714 7.2055423e-06 0.32015204 0.54655665 0.00067277055 0.4413684 5.3293003e-05 0.3283011 0.37769666 0.23892927 1.0004314e-05 0.47287095 0.24356458 0.003323588 0.27722356 7.840381e-05 3.1633016e-07 0.00045227483 0.00014461516 0.00049500377 0.10438363 1.7129858e-05 0.00020010195 0.063326895 0.10596456 6.798705e-05 0.012267899 3.5481755e-06 1.9949942e-08 0.003351424 0.004508417 0.00553748 7.464805e-06 5.3839705e-07 0.018853018 0.016718857 0.0018755784 0.0012682644 0.003355439 0.00092524174 8.143536e-07 5.3735734e-05 0.0015607113 3.621932e-05 0.00087344064 0.0003632287 4.0404016e-06 0.000120640725 0.00046855194 0.0048154625 0.0005260185 3.692722e-06 0.0028178545 0.0019057142 0.0035059806 0.0078257285 0.00082693895 4.7870915e-05 0.00086113595 0.0004886127 0.004443257 0.00017451803 7.0050155e-06 0.0033111137 0.0003375803 4.1732574e-07 4.1712603e-05 3.946514e-05 0.0014573185 3.9042047e-07 0.005906567 5.791221e-07 2.8948527e-05 0.021307454 0.00031332707 0.0047404394
0.7642444 0.13797228 0.13982902 0.011337813 0.012904193 0.005726402 0.9277254 0.14158309 0.044634607 0.0018828007 0.011861083 0.0014189231 2.8052364e-20 0.96204734 0.8906386 0.28612518 0.9072948 0.35321632 0.101960704 0.040464655 0.14996152 0.56553483 0.10241135 0.055153105 0.14143458 0.0130999 0.07731149 7.519619e-05 1.9772835e-05 0.03200617 9.060325e-06 0.17218547 0.013353743 9.9381636e-05 0.0001601069 0.05189103 8.7872686e-05 2.3387192e-06 0.0042368737 0.000765183 0.03757298 0.01789763 0.021371441 0.00037804098 0.0031804247 2.6519503e-05 0.02216721 0.01253283 0.00010885633 1.70071e-06 0.027831526 7.0718744e-07 0.0045774626 0.0022162283 0.0035977706 0.014192278 7.8426716e-08 0.0007286948 0.0008811357 2.050596e-05 1.0509915e-06 1.8192178e-06 1.550409e-07 3.9782913e-06 3.2559701e-06 4.3730193e-05 0.0005984807 0.0052046115 0.0036296018 2.1573503e-06 2.1586652e-06 1.1690787e-05 0.027800122 4.6359623e-06 6.275996e-07 0.014436787 0.0067756367 4.77433e-07 0.001658719 0.0042826263 8.8204666e-05 9.700578e-07 0.0084709795 0.007573525 0.023421105 0.00027951915 5.6874035e-07 0.004881667 0.0017114787 0.010133883 9.359e-06 7.3051257e-07 1.361331e-06 0.023663672 2.325057e-05 3.2713848e-05 5.5970344e-05 3.4160305e-06 4.6024234e-05 1.162713e-07 0.0049809725
0.78460974 0.038185176 0.05202162 0.009471494 0.0065343212 0.011094988 0.7758152 0.0933708 0.045798156 0.00142502 0.007846409 0.0036592397 0.96204734 2.4283804e-18 0.92707527 0.37100515 0.6368844 0.16016772 0.070406675 0.054052938 0.27517977 0.36836585 0.036830258 0.1143798 0.33696818 0.03008513 0.12292003 9.532605e-05 3.0906784e-05 0.07778381 2.2452188e-05 0.11704223 0.0118655795 0.00023828777 0.00020833561 0.05384562 8.585627e-05 1.7966777e-06 0.004308609 0.0006537983 0.016015632 0.020059459 0.052823834 0.00021297086 0.0022227191 1.5075669e-05 0.069381505 0.008894192 0.00014736522 1.1763385e-06 0.052760985 2.7129308e-06 0.013646497 0.0038933612 0.005157637 0.03480084 4.5728126e-07 0.0006101761 0.0010182271 1.0775852e-05 8.971681e-07 6.684488e-06 3.391336e-07 3.0999843e-06 7.489163e-06 0.00018016105 0.000718533 0.011843455 0.012555058 2.661907e-06 5.943268e-07 2.7707516e-05 0.0691546 1.9473239e-06 2.22594e-06 0.032591883 0.015974285 3.9062343e-07 0.003163201 0.006584524 0.00015967035 1.8980843e-06 0.015301238 0.013556042 0.06263629 0.00059805415 2.1569724e-07 0.009992358 0.0028949878 0.0249234 0.00013032721 1.0363267e-06 5.603956e-07 0.044794038 4.4659042e-05 4.9450406e-05 0.00034190813 1.6074716e-06 0.00053449546 1.0283526e-07 0.0065025142
0.94448817 0.043091957 0.052857827 0.012017934 0.006573683 0.009335614 0.82825154 0.081415415 0.023614682 0.0009588337 0.0057261647 0.0026036438 0.8906386 0.92707527 2.9511707e-17 0.7202873 0.6845399 0.13086665 0.06917448 0.0809962 0.6721091 0.48521549 0.029248372 0.26688325 0.6738987 0.053286135 0.33162275 0.00014261797 1.7723967e-05 0.18327825 1.1529674e-05 0.15316792 0.0071258624 0.00012308845 0.00016942847 0.1006525 3.3742064e-05 1.0015078e-06 0.0047357692 0.00040193234 0.022767175 0.037938118 0.13730167 0.00016547258 0.000944374 1.4886114e-05 0.18388684 0.004484027 6.2958985e-05 3.063455e-07 0.13438211 2.36343e-06 0.03895798 0.007906585 0.005589844 0.061342817 4.2413663e-07 0.00041360746 0.003043489 5.015913e-06 7.4935036e-07 4.891045e-06 4.843834e-07 3.1364154e-06 8.809105e-06 0.00016396627 0.0010637677 0.024595235 0.022848798 3.729739e-06 5.231578e-07 4.11807e-05 0.19269325 2.3633352e-06 1.0702445e-06 0.13468157 0.028644236 7.4282144e-07 0.0051433654 0.011336158 7.509815e-05 1.3229425e-06 0.041471828 0.042561058 0.2092113 0.00058066763 1.6129023e-07 0.01487128 0.004150384 0.111685984 0.00017922847 1.838969e-06 1.4210368e-06 0.089118294 8.261821e-05 3.510815e-05 0.0003434534 1.9045812e-06 0.00039094736 2.2889165e-07 0.013622779
0.9093757 0.05100104 0.05776028 0.021469405 0.021305919 0.010391648 0.88306826 0.03942395 0.008020595 0.0075940145 0.098618336 0.0027855674 0.28612518 0.37100515 0.7202873 4.496527e-19 0.14767158 0.035327163 0.011331251 0.55688244 0.9508008 0.062818594 0.009215735 0.6128813 0.21519406 0.37582585 0.055682044 0.0058321552 0.00011263907 0.56409115 7.9824094e-05 0.03127708 0.0007141666 0.0014835858 0.0017869581 0.04258728 5.9226117e-05 2.9375951e-05 0.042375103 0.00025521137 0.0012819299 0.009704291 0.18283938 1.8389594e-05 0.00039662377 1.6511158e-06 0.023991473 0.0006579591 0.0010512021 3.8386865e-05 0.09091293 2.6296195e-05 0.0073387306 0.0022669376 0.032543972 0.28131428 8.052174e-06 2.742886e-05 0.00061296165 6.5196677e-06 3.7495688e-06 6.270851e-05 4.1821445e-06 9.073363e-06 5.117241e-05 8.6437845e-05 5.9773054e-05 0.10923311 0.0046313736 2.8064485e-05 1.0969832e-05 8.988702e-06 0.079771854 2.4076737e-06 3.8037426e-05 0.19111672 0.008015491 3.13636e-05 0.037231673 0.07985585 0.0011701981 7.1961886e-06 0.021413201 0.16149788 0.09243395 0.004782399 2.4783963e-06 0.0033872207 0.034492116 0.079532005 8.4237545e-06 6.106854e-06 6.8737694e-07 0.044522654 1.2522937e-05 0.00020051954 1.5390246e-05 8.212872e-07 0.0054938924 4.9918995e-06 0.0789997
0.74272853 0.05542557 0.06798782 0.008132567 0.0076999245 0.0035987692 0.525989 0.08886608 0.014309373 0.00088053546 0.0055846837 0.00028439352 0.9072948 0.6368844 0.6845399 0.14767158 4.8763025e-18 0.30641103 0.13424602 0.01964547 0.12919274 0.9723593 0.12320327 0.045600068 0.2646488 0.005172799 0.15526508 6.440587e-05 2.0540014e-05 0.027310519 1.0170392e-05 0.41220558 0.0094580585 7.18263e-05 0.00014940707 0.17915674 2.2837447e-05 8.199567e-07 0.00097297085 0.00036856433 0.09085262 0.07946516 0.021220518 0.00030881492 0.0065404177 1.8283698e-06 0.073531955 0.03199384 6.406045e-05 1.1245402e-06 0.027311826 6.6519186e-07 0.02082428 0.017639931 0.0019652979 0.008357165 2.2181682e-07 0.0014360865 0.013231836 1.4743078e-05 3.819657e-07 8.901654e-06 3.54321e-07 1.7257763e-06 9.57758e-06 0.000265608 0.0016869449 0.0032064028 0.023018392 5.260824e-06 1.5726071e-06 1.4545257e-05 0.07320734 3.6741535e-06 8.365948e-07 0.009301582 0.023034954 6.0367114e-07 0.00218749 0.0032556818 4.2342494e-05 3.975083e-06 0.018398134 0.005422295 0.04163191 0.000287893 5.411681e-07 0.025376115 0.001962994 0.018006515 7.1871254e-05 6.3402003e-06 1.243381e-06 0.055252753 0.00016658536 4.2717875e-05 5.4951943e-05 2.847876e-06 3.4049543e-05 5.8563523e-07 0.006772671
0.015762934 0.19106172 0.24415325 0.09919253 0.06272743 0.042044442 0.28617427 0.5927966 0.288239 0.013732669 0.0067041037 0.029059192 0.35321632 0.16016772 0.13086665 0.035327163 0.30641103 3.8448638e-20 0.908046 0.016773477 0.03246551 0.5058797 0.98923105 0.011899162 0.038679622 0.00076605956 0.009075433 0.0053281826 1.6758851e-05 0.0015560321 1.4019433e-05 0.17287844 0.10987036 0.006004808 0.0053324453 0.030944046 2.2548747e-05 1.7829184e-06 0.00048042746 0.003292276 0.14068386 0.0070643458 0.00021419031 0.006251174 0.028852355 1.505043e-05 0.0021824194 0.0900626 5.6936668e-05 3.4185217e-07 4.6758818e-05 2.1082607e-05 0.00019141282 0.0005134781 8.7834815e-05 0.0007691947 1.4403732e-06 0.0022611232 0.0023080297 8.6572896e-07 1.1456868e-06 4.400614e-05 2.6827668e-06 2.9255676e-07 3.306253e-05 1.7279544e-05 0.001073201 0.00019263521 0.0007153522 1.9110119e-05 1.4600716e-06 9.813545e-08 0.00051011296 1.7547137e-07 8.453539e-06 0.0002151979 0.00010084112 1.9869258e-05 0.0002687202 0.0009027413 4.547242e-05 3.8085884e-05 0.00052170997 0.0005325937 0.00048285178 9.146921e-05 4.8265053e-07 0.0009184815 0.00036135086 0.00056537864 9.819186e-07 1.3320081e-06 1.27119275e-08 0.0020931053 2.4672206e-06 2.603342e-05 6.2621376e-07 5.4840665e-08 7.179159e-05 1.3485875e-06 0.0007436288
0.015983848 0.1595374 0.24250978 0.19009781 0.09236555 0.15335043 0.15766267 0.81089264 0.93585914 0.022144571 0.0033259774 0.26043445 0.101960704 0.070406675 0.06917448 0.011331251 0.13424602 0.908046 1.5077178e-18 0.0023801115 0.0062702084 0.19526714 0.75447315 0.0028057448 0.0038295568 9.7358905e-05 0.0027371582 0.008929122 0.0034513306 0.00083719945 0.0023631495 0.020945147 0.8997622 0.010110045 0.0056993687 0.0051376787 0.004239968 0.00068755343 0.0001077445 0.11835358 0.0031950076 0.00051888515 9.959123e-05 0.20577058 0.29326445 0.018031448 0.00022746666 0.022139467 0.0015713411 0.00013510746 2.94323e-06 9.4278126e-05 8.390593e-06 0.00012922967 3.0248611e-05 0.000559082 6.336213e-05 0.0007051785 0.00043951976 0.00095642137 1.3315819e-05 0.0003192108 4.080182e-05 0.0001746862 0.00015877461 9.3288494e-05 0.0004370066 0.000109637505 0.0004290649 0.000106299194 5.9418802e-05 1.8871653e-05 0.00043909348 3.0341325e-05 0.00011008961 0.00019319744 1.3590797e-05 0.00019542074 0.00019948173 0.0015833473 0.00012694448 0.00037303226 0.00014377233 0.001316405 0.000642024 0.00024811752 1.7105289e-05 0.00028076625 0.00033384582 0.0007033017 1.7419195e-06 5.813585e-06 3.4546167e-06 0.0017549114 3.6221136e-06 1.4342291e-05 4.821178e-07 5.9088425e-06 8.7878425e-06 8.780064e-05 0.0007042786
0.8639317 0.073949315 0.074433625 0.038250983 0.06670767 0.020376956 0.44527906 0.021247895 0.006414444 0.076822296 0.68343097 0.011757084 0.040464655 0.054052938 0.0809962 0.55688244 0.01964547 0.016773477 0.0023801115 2.7466724e-17 0.10748957 0.00976001 0.0013530359 0.09867836 0.035406087 0.9826988 0.003722794 0.05631284 0.00048491335 0.17049412 0.000303955 0.0032176832 0.0005472547 0.02453099 0.024212824 0.0025563107 3.835898e-05 0.00034135688 0.69441307 0.0005140793 8.6491535e-05 0.00086911576 0.14965151 6.1559485e-06 0.00033593757 4.4503327e-06 0.0013403227 0.0006782052 0.06473202 8.022269e-05 0.08401146 0.00048157768 0.00038986484 0.00025137476 0.17117906 0.5492376 1.1673517e-05 1.866592e-05 0.00011928446 9.423934e-06 3.2075204e-05 0.00010812381 6.1536416e-06 2.6443804e-06 0.00014187107 6.1772607e-06 2.08785e-05 0.22410567 0.0004626855 0.00013418178 1.1884827e-05 4.6494023e-07 0.026547778 2.2908287e-06 0.0020426326 0.15176319 0.00097274873 0.002244688 0.16636306 0.2820658 0.06561503 0.00022042537 0.008157521 0.16716126 0.050490275 0.06601025 1.3223111e-05 0.00043333933 0.17398617 0.04116076 3.1506357e-07 9.882939e-07 6.9893204e-08 0.020061558 5.099162e-07 0.0077635804 1.8697311e-07 9.244699e-08 0.07742724 6.802824e-05 0.2449977
0.58869565 0.014105185 0.016990338 0.009681666 0.009526091 0.0035581144 0.2982336 0.016823748 0.0041056518 0.00090507127 0.007993933 0.0008129903 0.14996152 0.27517977 0.6721091 0.9508008 0.12919274 0.03246551 0.0062702084 0.10748957 1.7773112e-19 0.07368829 0.0051869666 0.95188594 0.5754156 0.08972176 0.41115913 0.00043724524 1.2260407e-05 0.6263374 5.4159586e-06 0.04191982 0.00012440702 0.00010411362 0.0002966897 0.07410899 1.0165936e-06 5.0428133e-07 0.0035347457 3.19468e-05 0.001367371 0.024285862 0.24556744 1.878937e-05 0.0008432403 1.18783326e-07 0.29001045 0.00090997596 7.633961e-06 1.950674e-07 0.08293764 3.338633e-06 0.15039536 0.012607094 0.010969228 0.15703179 5.724712e-07 4.1772833e-05 0.0038698567 8.6000745e-07 8.402091e-08 4.941517e-06 2.222532e-07 2.9648618e-07 1.8890496e-06 0.00015708114 0.0002803625 0.036049694 0.11915401 4.0235823e-06 2.3471139e-06 4.2721345e-05 0.39825022 6.402587e-07 5.518735e-06 0.0908795 0.083130024 2.6153575e-06 0.012729533 0.02243392 4.8285863e-05 2.0834154e-06 0.05630143 0.049826957 0.09531682 0.0005360322 9.86572e-08 0.0194035 0.0041329996 0.053853557 0.00013613804 8.0238226e-07 4.7799585e-08 0.044446837 1.0490943e-05 4.1219146e-06 0.00013797985 1.1913706e-07 6.223125e-05 2.9154683e-07 0.005518886
0.5166707 0.037956886 0.0529417 0.0057843467 0.005182487 0.0011958159 0.36486328 0.09523622 0.0045140525 0.0011477696 0.0026054112 3.3853943e-05 0.56553483 0.36836585 0.48521549 0.062818594 0.9723593 0.5058797 0.19526714 0.00976001 0.07368829 1.0411318e-18 0.49156222 0.026427077 0.2355136 0.0013240887 0.16475801 3.878798e-05 2.6355583e-06 0.009122447 1.9499405e-06 0.9672469 0.0027605158 9.512255e-05 8.8681045e-05 0.5747677 2.4633331e-05 1.6390176e-07 0.0008245186 4.921859e-05 0.5896939 0.22579105 0.0062414613 0.00039402902 0.008213417 4.653483e-07 0.037174147 0.11464927 4.735279e-05 2.420011e-07 0.0023980746 6.414762e-07 0.005080373 0.047732428 0.0003298513 0.001934076 1.3425506e-07 0.003599418 0.052825026 5.9136905e-06 4.48491e-07 3.5613393e-06 3.0481172e-07 2.6326895e-06 7.883488e-06 0.00043662792 0.0031662341 0.00047836325 0.016937543 5.8963283e-06 8.395444e-06 1.984992e-05 0.024732303 5.2688874e-06 8.592671e-07 0.002102355 0.009594554 8.737614e-07 0.0005384459 0.0011060416 5.3878666e-06 3.3886872e-06 0.0061873994 0.0013574938 0.010258756 6.708536e-05 1.1330487e-06 0.018700242 0.0008930011 0.00383676 3.2862346e-05 8.40291e-06 7.3085533e-07 0.02067772 0.00049551815 1.0485982e-05 9.392584e-06 1.5427593e-06 5.0990966e-06 8.248437e-07 0.0041137096
0.0071108392 0.029849052 0.04612393 0.022971844 0.012711148 0.01174558 0.046538748 0.29076034 0.23119445 0.0015240762 0.0013521517 0.004527476 0.10241135 0.036830258 0.029248372 0.009215735 0.12320327 0.98923105 0.75447315 0.0013530359 0.0051869666 0.49156222 2.6833374e-21 0.0016416645 0.010725359 8.1355494e-05 0.009530775 0.0006508719 1.15256835e-05 0.0009610923 4.424776e-06 0.24806832 0.3008181 0.0005341202 0.00036395498 0.04018886 1.9434992e-05 3.7072863e-05 6.1740393e-06 0.002746577 0.27616534 0.016255312 6.901365e-05 0.13794462 0.5267416 1.2517636e-05 0.0032745346 0.749774 0.00028893325 9.682113e-07 3.557203e-05 9.415785e-06 0.00028494408 0.0050935564 1.6846216e-05 0.00034469247 1.1493819e-05 0.065167576 0.014985279 2.6871416e-05 2.3359941e-07 4.73963e-05 2.7187268e-06 3.085358e-06 2.6096084e-05 0.0006780164 0.013022914 6.824078e-05 0.0019223999 6.894677e-06 7.0962737e-06 1.50186e-05 0.0013348993 1.8309174e-06 7.178987e-05 0.00011080238 0.0003578609 0.00014882814 9.995327e-05 0.0005993954 1.2368699e-05 6.200826e-05 0.0007426399 0.0004437244 0.00074832776 4.622879e-05 1.6356104e-07 0.00064947916 0.00017710694 0.00058284187 3.5292614e-05 3.5641298e-07 2.3111117e-07 0.002060868 0.00023357458 1.9118796e-05 1.1039729e-05 2.6568307e-07 4.8848615e-05 5.7657585e-06 0.00037494328
0.6931139 0.008898969 0.009012548 0.007776756 0.0071490766 0.0034380145 0.108941734 0.0076968814 0.0024466354 0.000655093 0.007861465 0.0005186768 0.055153105 0.1143798 0.26688325 0.6128813 0.045600068 0.011899162 0.0028057448 0.09867836 0.95188594 0.026427077 0.0016416645 4.794425e-18 0.28017002 0.10552947 0.16630284 0.0008813799 7.3334963e-06 0.96661776 6.0243838e-06 0.02371689 2.330258e-05 0.00030813948 0.0004915764 0.03174256 2.346918e-05 1.3186635e-06 0.0054149753 1.8572042e-05 0.0006647217 0.011688341 0.77690077 2.6575839e-05 0.00037828693 3.9998218e-07 0.1447486 0.00035633368 3.0817337e-05 1.7861911e-06 0.22705486 6.0962234e-06 0.07375375 0.007812258 0.013445842 0.2338895 2.8024112e-06 1.964313e-05 0.0025800841 1.6956828e-06 1.8037551e-07 1.9069212e-05 1.5202828e-06 1.9012328e-06 1.5974505e-05 0.000106391075 0.00019549734 0.060833395 0.04346759 8.754951e-06 3.7388704e-06 4.469534e-05 0.43199536 2.2170907e-06 6.948653e-06 0.19501705 0.029156845 2.5903514e-06 0.020297443 0.03166558 0.00018982329 2.5790496e-06 0.035052978 0.0984444 0.15063056 0.0015236395 2.948856e-07 0.010836403 0.010231605 0.106427416 0.00012016467 2.234324e-06 3.950867e-07 0.05683079 1.8780143e-05 1.3405803e-05 8.772673e-05 1.4870611e-06 0.000198872 3.267936e-07 0.020493895
0.69834715 0.003757487 0.0063888975 0.0031223397 0.0025994347 0.0008603307 0.108195774 0.01331986 0.00053913705 4.2784417e-05 0.0010847192 4.176622e-05 0.14143458 0.33696818 0.6738987 0.21519406 0.2646488 0.038679622 0.0038295568 0.035406087 0.5754156 0.2355136 0.010725359 0.28017002 3.279644e-18 0.06912764 0.9855902 2.558197e-05 2.879902e-06 0.23295484 3.269203e-06 0.15871058 0.00010634096 3.4169967e-05 4.2369804e-05 0.34636587 1.0483052e-05 2.2386887e-07 0.00016566631 7.5698454e-06 0.026164886 0.32023582 0.1513995 2.1804157e-05 0.00070817576 3.097994e-07 0.3144813 0.0031970148 9.772169e-07 9.606033e-07 0.13824013 4.5203998e-07 0.12910733 0.09471935 0.0034473226 0.041946083 4.1682696e-07 0.00034947938 0.034764983 3.750155e-06 2.2352648e-07 3.4099437e-06 8.8429715e-07 1.201001e-05 3.0739186e-06 0.0020887514 0.0009089434 0.012867246 0.41471204 1.1073033e-06 9.510618e-06 0.00043603432 0.43010962 1.3421985e-05 2.3881887e-07 0.086466 0.18827915 2.405536e-07 0.0018811979 0.0044292556 2.1460373e-06 5.807919e-07 0.09144992 0.020195445 0.1969445 7.794768e-05 1.4042114e-07 0.13836837 0.00094549695 0.08451452 0.00034013015 2.1626574e-05 1.5168579e-06 0.11832753 0.0002986274 1.4071982e-07 0.00013354959 6.905673e-06 2.8508434e-06 3.2960804e-07 0.002052395
0.85448873 0.009151713 0.006721299 0.0062009892 0.0124306455 0.004029287 0.16800642 0.0018093063 0.00045809033 0.014403638 0.25801194 0.0006268714 0.0130999 0.03008513 0.053286135 0.37582585 0.005172799 0.00076605956 9.7358905e-05 0.9826988 0.08972176 0.0013240887 8.1355494e-05 0.10552947 0.06912764 2.5948178e-18 0.004620061 0.030375442 0.00019670434 0.49746838 0.00012814636 0.0010343457 6.643319e-06 0.014373764 0.014429141 0.0010724679 1.1902474e-05 3.250552e-05 0.5282636 6.064284e-06 8.330742e-05 0.0003462084 0.17369117 2.0383252e-06 1.2416646e-05 2.6975288e-06 0.00744475 3.9820286e-05 0.038325034 4.514061e-06 0.12109969 0.00017242317 0.001606776 0.00012726049 0.26078704 0.7534123 2.8932187e-05 1.8561002e-06 0.00025442376 2.6794633e-06 9.623882e-06 0.00014870016 1.14057775e-05 8.462549e-06 0.00034313733 6.197554e-06 1.5150862e-05 0.35281464 0.0006997605 0.0002355285 9.7315515e-06 2.2104707e-07 0.03455143 4.0344444e-06 0.0018578465 0.24030426 0.0042374474 0.0019473982 0.2731733 0.37416592 0.053142097 0.00030407854 0.011203603 0.29592982 0.059403896 0.073323 7.1509305e-07 0.0008832217 0.2090048 0.079976425 3.446747e-07 1.0164951e-05 3.0798827e-07 0.025192497 3.1713867e-06 0.0075160633 2.9233027e-07 3.2004525e-07 0.09314913 8.907582e-06 0.38778502
0.7209099 0.0014427194 0.002050678 0.0013084548 0.00085618213 0.0001275555 0.01869828 0.0035445231 0.00023383717 7.711164e-06 0.0001225825 7.2055423e-06 0.07731149 0.12292003 0.33162275 0.055682044 0.15526508 0.009075433 0.0027371582 0.003722794 0.41115913 0.16475801 0.009530775 0.16630284 0.9855902 0.004620061 1.4960989e-18 1.597698e-06 5.2941397e-07 0.067842364 7.6453017e-07 0.21154359 0.0001977822 4.4664343e-06 1.8784738e-06 0.51850843 5.669228e-06 9.928372e-08 1.458838e-05 1.2006369e-05 0.057889216 0.6195089 0.11234004 1.0679978e-05 0.00036211222 5.1360297e-07 0.77753854 0.001867267 1.5691097e-07 2.2484734e-07 0.15000051 1.1633143e-07 0.29900825 0.3284216 0.00012509576 0.012101558 7.553439e-08 0.0002193638 0.0908508 1.4495986e-05 1.2578018e-07 6.891926e-07 5.3267467e-08 5.405906e-06 1.6268498e-06 0.0057367883 0.0015377154 0.0051384405 0.5251435 1.1135609e-06 1.6974788e-06 0.0021690433 0.60344684 1.2930177e-06 4.902729e-08 0.07325298 0.32506815 2.1795268e-08 0.00090495 0.002335275 1.4869951e-07 3.2008614e-07 0.13252921 0.012204535 0.3700333 7.150999e-07 2.1629586e-07 0.17639373 0.00026064162 0.14938715 0.0026975393 2.1690078e-06 1.2967428e-07 0.1776259 0.0021041483 5.115152e-07 0.0006177768 1.2035825e-06 1.1411739e-07 4.9685195e-07 0.0006194883
0.78118026 0.002384733 0.0030247963 0.013571895 0.015435359 0.041481845 0.010091694 0.009134535 0.03224655 0.14655747 0.036635652 0.32015204 7.519619e-05 9.532605e-05 0.00014261797 0.0058321552 6.440587e-05 0.0053281826 0.008929122 0.05631284 0.00043724524 3.878798e-05 0.0006508719 0.0008813799 2.558197e-05 0.030375442 1.597698e-06 1.0129519e-19 0.01729463 0.0030275555 0.01132767 5.121586e-05 0.0064609502 0.9351399 0.984817 4.845214e-06 0.017767912 0.23908979 0.49384347 0.007819067 8.186757e-06 3.7313777e-07 0.0017960054 8.888298e-05 0.0014993362 0.001389807 1.8171346e-05 0.00081777567 0.74768454 0.022635238 0.00040861848 0.16513833 8.288305e-07 6.593327e-07 0.0892271 0.078891054 0.018493405 2.6283407e-05 2.785947e-05 0.0018712817 0.01768812 0.015193374 0.004615089 0.004062363 0.0044058003 1.9444178e-06 9.576899e-05 0.015317767 5.0977446e-06 0.0027307 0.0011522521 6.222045e-07 2.727059e-05 0.00083457434 0.008553073 0.0008050431 6.3153766e-07 0.0065569403 0.046529923 0.039407525 0.16375336 0.0018744473 4.383629e-05 0.004109735 0.00047300843 0.0866961 0.004487848 1.5918766e-07 0.10581951 0.00027216613 1.9000737e-07 0.00040451763 6.691973e-05 0.0002856755 3.4370064e-06 0.028564764 1.0085684e-07 5.2970618e-06 0.13953757 0.00024298501 0.046613
0.015276059 2.238849e-05 2.362043e-05 0.0007104646 0.0016101791 0.007358199 0.0007950493 0.0006516321 0.036895934 0.011052688 0.0003929848 0.54655665 1.9772835e-05 3.0906784e-05 1.7723967e-05 0.00011263907 2.0540014e-05 1.6758851e-05 0.0034513306 0.00048491335 1.2260407e-05 2.6355583e-06 1.15256835e-05 7.3334963e-06 2.879902e-06 0.00019670434 5.2941397e-07 0.01729463 2.196266e-22 3.1628617e-05 0.9334422 1.6283773e-06 0.017302565 0.09393075 0.018093375 3.7981457e-07 0.8915275 0.39198563 0.00040125998 0.101773396 8.323388e-07 1.0946501e-08 8.19049e-06 5.1624666e-06 9.541561e-06 0.14295785 4.1243976e-07 4.6463308e-07 0.0010325691 0.40608484 1.8832989e-06 0.006123134 1.2362683e-07 6.6092167e-09 0.00014340547 7.612111e-05 0.0026528095 1.5900105e-07 4.3910326e-08 0.07891736 0.019819105 0.00086138933 0.0005254251 0.046243064 0.00031452006 1.9816649e-07 2.478168e-07 5.263933e-05 3.1553523e-06 0.00010416825 0.000398806 1.3474838e-07 5.53203e-06 0.001677018 0.00023617088 6.0311824e-05 1.7088162e-06 7.006269e-05 0.0002722866 0.00044347398 0.0002275109 8.120147e-05 9.9688434e-05 0.00019834771 0.00014372187 9.8218276e-05 0.00013472766 2.8345814e-05 0.0001716234 0.00019623124 2.5171093e-07 3.3080596e-05 0.00011215361 0.00029966957 5.569447e-09 0.0003363827 3.5961628e-07 0.0021496683 0.0015757598 4.6339228e-05 0.00032256235
0.80643433 0.0065413853 0.004977449 0.0039680917 0.0071197487 0.0018001818 0.15391976 0.0018875146 0.00074011745 0.0026567196 0.018539457 0.00067277055 0.03200617 0.07778381 0.18327825 0.56409115 0.027310519 0.0015560321 0.00083719945 0.17049412 0.6263374 0.009122447 0.0009610923 0.96661776 0.23295484 0.49746838 0.067842364 0.0030275555 3.1628617e-05 2.2111087e-17 2.921447e-05 0.0064153587 2.4405532e-05 0.0010482668 0.0031326592 0.009226173 1.8072215e-05 6.117259e-06 0.016498333 5.8243648e-05 0.00043448847 0.003794891 0.9647809 2.7927863e-05 0.00024415343 1.9769243e-06 0.038152833 0.00017634734 0.0004221551 3.3575961e-06 0.38402203 1.9079e-05 0.01767893 0.0029606519 0.02629144 0.50035465 4.2793167e-06 1.07584065e-05 0.0004109449 5.6502818e-06 3.2065992e-07 2.3179702e-05 5.78816e-06 7.738783e-06 3.606415e-05 9.4160234e-05 5.62375e-05 0.17157531 0.0077869897 2.863955e-05 9.520337e-06 1.5255835e-05 0.24814308 4.715201e-06 8.107232e-05 0.33537656 0.011131484 0.00010999317 0.033946626 0.060496714 0.0023288578 6.967937e-06 0.013940649 0.23521487 0.1195916 0.0072338306 8.7745974e-07 0.004398844 0.018662406 0.14793395 6.5385684e-05 1.5809368e-05 1.0173258e-06 0.02774332 8.46858e-06 0.00021418522 9.404088e-05 2.8104644e-06 0.0044063996 1.1746525e-06 0.056148153
0.009449863 1.8508867e-05 1.849327e-05 0.000546233 0.0011541948 0.0044791205 0.00053503376 0.00046554857 0.025881216 0.0072450466 0.00020668021 0.4413684 9.060325e-06 2.2452188e-05 1.1529674e-05 7.9824094e-05 1.0170392e-05 1.4019433e-05 0.0023631495 0.000303955 5.4159586e-06 1.9499405e-06 4.424776e-06 6.0243838e-06 3.269203e-06 0.00012814636 7.6453017e-07 0.01132767 0.9334422 2.921447e-05 6.7580373e-22 1.2057412e-06 0.014385359 0.06775246 0.012090415 3.0127322e-07 0.9046696 0.32695743 0.00019842832 0.08708008 4.2961986e-07 9.01672e-09 7.0663964e-06 3.412185e-06 8.874962e-06 0.14225197 2.7707435e-07 5.907104e-07 0.0007244931 0.4061099 1.0751098e-06 0.005871038 8.551513e-08 7.0449016e-09 0.00010192059 5.4890927e-05 0.00212256 1.1951839e-07 3.1288597e-08 0.07598243 0.020705834 0.0006988348 0.00043641144 0.04391552 0.00030563306 1.9261802e-07 4.0943232e-07 4.976886e-05 2.355642e-06 9.3356495e-05 0.00045394 1.13918844e-07 2.8306492e-06 0.0021272586 0.00026858415 4.8973485e-05 6.6352936e-07 7.462375e-05 0.00020119439 0.00043828206 0.00015936776 8.622807e-05 8.3133295e-05 0.00019374248 0.00017286028 6.438591e-05 0.000107805245 2.1968e-05 8.039279e-05 0.00015966897 3.1473473e-07 4.04028e-05 0.00016121836 0.0002818068 4.205459e-09 0.0003436071 3.018029e-07 0.0020786477 0.0010047039 4.558127e-05 0.00021353317
