2.0846083e-30 0.7280764 0.74767876 0.88290083 0.7937845 0.3598969 0.28178802 0.8400878 0.25547493 0.7911702 0.9505293 0.9214883 0.9669327 0.8014588 0.03340488 0.41651616 0.9774621 0.12706137 0.81287545 0.9041698 0.7616815 0.35465726 0.90039235 0.78237104 0.7500864 0.92496383 0.8232401 0.7624187 0.3333443 0.9237477 0.14112511 0.12232429 0.7629803 0.96760327 0.5358126 0.9171297 0.81670475 0.17195608 0.25238824 0.34144026 0.9954696 0.26933026 0.7147569 0.99261844 0.1286389 0.8201202 0.038665894 0.047818165 0.99686116 0.15936518 0.007707739 0.0031299747 0.8233187 0.016454753 0.0038066986 0.008245945 0.0036504196 0.0032022237 0.9979374 0.5248417 0.016331807 0.0006363458 0.020861838 0.06457498 0.0058017354 0.00096874154 0.0084366 0.0018901201 0.28557122 0.93960255 0.00050722086 0.00011902878 0.96428645 0.0033733556 0.99858093 2.54153e-05 0.055469587 0.60566133 0.99849766 0.032606684 0.0005706997 0.93986577 3.0121664e-05 1.00835205e-05 0.007957912 0.9060784 0.99992126 2.1102138e-05 3.1165605e-06 2.3236404e-07 0.020575458 0.06751648 2.2455162e-05 0.031846017 0.00042811167 0.9999101 0.9546665 1.211635e-06 0.9881703 0.01817048 0.99908376
0.7280764 6.684102e-20 0.9733916 0.79971874 0.34781656 0.2898285 0.43884775 0.56129915 0.19218116 0.35594347 0.38052076 0.0447468 0.12367883 0.09007482 0.05158888 0.0062462455 0.14519523 0.014152487 0.0075768773 0.014292033 0.005332125 0.04214819 0.011439029 0.0019514669 0.0008287196 0.0043029645 0.0007483523 0.037574273 0.0005308605 0.09817152 0.0011922186 0.021137036 0.0002941235 0.070394225 0.0002934553 0.24396528 0.0015679662 0.0034152602 5.8261263e-05 3.1364061e-06 0.017779768 0.00015107138 0.0015499014 0.083386876 0.026287403 2.0496045e-05 3.2380533e-06 2.5467805e-05 0.06789935 2.5556976e-05 1.8592262e-05 0.0015500069 0.020481443 0.00024996174 0.0026476192 1.6715172e-06 0.000892487 0.0005371811 0.014603246 0.0007737765 0.00019794806 0.00017329572 0.0068463227 9.4772794e-08 3.9431256e-06 4.1532116e-05 6.767937e-07 1.2242938e-05 1.88571e-05 0.00064991636 8.977127e-06 2.4725048e-05 0.0033842532 0.00024081836 0.004496038 3.265573e-06 1.5996138e-05 0.0005903298 0.014608929 1.948551e-05 2.913423e-05 0.0002642001 5.2746316e-05 1.7902586e-06 1.4531614e-05 0.0006675118 0.0012662231 5.0132945e-07 2.0517489e-06 4.568609e-06 0.0001883563 2.3703923e-07 2.549739e-06 5.410618e-05 1.3860688e-05 0.0033209566 0.00270697 7.2231414e-06 0.0017426226 2.4384846e-07 0.010091535
0.74767876 0.9733916 3.4070657e-18 0.85966843 0.18321279 0.22818828 0.5589244 0.24651484 0.29979417 0.6302805 0.1313588 0.032465186 0.14351843 0.24767208 0.07138982 0.0056442344 0.06664073 0.03452605 0.01088851 0.009760546 0.007531509 0.14533567 0.006629317 0.003444636 0.0028606344 0.0062637986 0.002057408 0.09044065 0.00084990746 0.04661518 0.0014896594 0.04422404 0.0010875958 0.028951786 0.00048529825 0.11282733 0.0064975834 0.017123112 0.00032942567 7.680966e-05 0.024778133 0.0007131396 0.0016790177 0.06781977 0.15596974 3.0812844e-05 0.00015985424 0.0007358935 0.04172663 9.518053e-05 0.0004132375 0.0017257263 0.0039882637 0.00044334793 0.004575361 4.4967688e-05 0.0054187775 0.0023202593 0.007466636 0.0009515118 0.0015910808 0.0009950321 0.04380689 2.7003807e-06 5.5767192e-05 0.0003305179 1.8552571e-05 7.42054e-05 3.113098e-05 0.0020148049 5.9891172e-05 7.396631e-05 0.0018232005 0.00018116811 0.0025730208 3.7764657e-06 0.00013690373 0.00034022357 0.014976907 2.6837482e-05 2.9919765e-05 9.030911e-05 0.0001915034 3.1937754e-05 5.6780036e-06 0.00045809054 0.0015163635 1.5994999e-06 5.623945e-06 1.693287e-05 0.0001488571 2.3256534e-07 1.9411143e-06 2.8312097e-05 6.827124e-05 0.0041163643 0.0016135634 4.1704963e-05 0.0010450173 6.9492955e-08 0.008458075
0.88290083 0.79971874 0.85966843 6.69084e-19 0.052837916 0.026957836 0.2215109 0.60457224 0.05476315 0.66773134 0.18785602 0.0051892204 0.8254201 0.8299416 0.01771172 0.0019487266 0.06196417 0.001519057 0.079796985 0.0718842 0.055443674 0.1551406 0.01878332 0.010278391 0.014648612 0.0010235239 0.023583826 0.45494533 0.00021966526 0.05596519 0.0004918172 0.03067742 0.0039470317 0.036281504 0.00231139 0.10922871 0.18735066 0.21207531 0.004473309 0.0013554983 0.009520318 0.0023545583 0.00054372085 0.05786674 0.47047928 0.00018495113 0.007902522 0.032446675 0.06137241 0.0005791713 0.0093230875 0.00092195196 0.01623458 0.00019271697 0.011150476 0.001227131 0.034527376 0.03565041 0.009666328 0.00071984134 0.06538848 0.001376239 0.10690193 7.062432e-05 0.0035837304 0.007444637 0.0004728826 0.001388998 3.929966e-05 0.0020615854 0.0014385722 0.0012976979 0.011617539 7.0569986e-05 0.010569859 7.493718e-05 5.2601645e-05 0.0027987296 0.011168382 2.6077823e-05 0.00022353706 0.0010031717 0.0010510982 0.0004649048 0.00018151401 0.0035226122 0.0021025946 1.0502646e-05 2.4057263e-05 2.9516701e-05 0.00024584786 3.1604765e-07 2.1959666e-05 0.00014527797 0.0004793716 0.0037173606 0.009410431 0.00013135916 0.0046877367 7.0473266e-07 0.008836746
0.7937845 0.34781656 0.18321279 0.052837916 1.6886422e-17 0.9746904 0.3851497 0.039282303 0.3589625 0.071123265 0.035601255 0.8704597 0.0056713773 0.010959524 0.1375718 0.2884442 0.01562688 0.09007848 0.00049851515 0.00029836918 0.0001903755 0.021332294 0.00023264534 4.374871e-05 5.057083e-05 0.19781415 2.9629327e-06 0.008087233 0.051878326 0.028505474 0.0443567 0.034126088 9.497086e-06 0.023818055 9.125665e-06 0.4451897 2.1743492e-06 0.0001502855 1.174671e-05 3.6134136e-07 0.25965118 5.1457837e-06 0.026213564 0.2054717 0.0034862922 1.7539173e-07 4.5887668e-07 8.981914e-08 0.09203593 8.254446e-06 1.7877267e-06 0.004886649 0.001531231 0.003550999 0.0045959717 5.824965e-07 6.500803e-05 5.2434865e-05 0.014772635 0.012043313 2.8194497e-06 0.00063592085 0.002485008 4.2912802e-07 9.829919e-06 1.6315919e-06 1.1231297e-06 1.0050421e-06 8.2948645e-06 0.0033565385 6.640922e-07 1.9801112e-06 0.00029926316 0.00084596727 0.0013600653 1.5938508e-06 0.00010628763 4.295736e-05 0.12749389 8.5037085e-05 6.423258e-05 1.5459178e-05 1.9775305e-05 3.1074521e-06 0.00019893024 6.5561144e-05 0.0011061688 1.7543456e-07 2.8382804e-06 1.1685843e-06 0.0020174428 3.471038e-07 6.345547e-06 0.0003415855 3.7422862e-05 0.02130528 0.0012942972 6.0936105e-05 0.0011404097 6.023789e-07 0.04816296
0.3598969 0.2898285 0.22818828 0.026957836 0.9746904 7.5604303e-19 0.8037823 0.0071570273 0.86369276 0.24150242 0.00614063 0.6352468 0.0011068863 0.022044597 0.45873424 0.41085595 0.003772976 0.37933415 0.0005092031 0.0002744392 0.0002912505 0.08114499 0.00012793364 4.9230708e-05 7.9217185e-05 0.12874602 4.6196415e-06 0.008177968 0.05247759 0.0034159524 0.07625049 0.09291701 2.2020022e-05 0.003639699 6.7895203e-06 0.054637235 1.3570611e-06 0.00013822864 8.662258e-06 4.618956e-07 0.06765008 9.119332e-06 0.015612235 0.037060868 0.0065157553 1.0488948e-06 5.6177777e-07 1.5319708e-07 0.010281057 1.631956e-06 7.5100877e-07 0.0074047013 0.00013685387 0.00243689 0.006972023 4.6267994e-07 7.5338176e-05 3.51839e-05 0.001318553 0.00718555 1.0156677e-05 0.00088785816 0.0041563693 2.7431357e-08 6.4560714e-07 1.8701779e-06 2.2487309e-07 8.4784585e-07 7.045953e-06 0.002392762 1.5138722e-06 1.9075896e-06 5.607881e-05 0.00084100245 0.00020088014 6.8921554e-07 0.00017908732 9.765755e-06 0.014139401 0.00022886187 4.425232e-06 3.1652771e-06 1.834057e-05 1.909384e-06 2.7833378e-06 1.0954777e-05 0.00018199257 4.695647e-07 7.8540154e-07 1.280706e-06 0.0018157556 7.522441e-08 1.6493564e-06 0.00089926383 6.357775e-05 0.0027890536 0.00016013577 1.4920067e-05 0.00017448326 6.53494e-07 0.010929094
0.28178802 0.43884775 0.5589244 0.2215109 0.3851497 0.8037823 4.0390163e-20 0.013540687 0.9693105 0.75653386 0.016598752 0.15582922 0.007821289 0.12378907 0.5390995 0.14233707 0.0071971645 0.4104845 0.0005074383 0.00084117736 0.00029375433 0.29461244 0.0009204589 0.00015103046 6.410585e-05 0.01919737 6.2046147e-06 0.012275325 0.006061221 0.005432285 0.026578337 0.23427634 8.050085e-06 0.0053145946 9.7152435e-05 0.044552058 5.965133e-06 0.0009409816 1.2836971e-06 7.891439e-08 0.023662273 6.1535475e-06 0.0030484025 0.021299625 0.04480251 8.914189e-07 1.1836052e-07 7.0314564e-07 0.004871803 4.906754e-07 1.732667e-07 0.006349425 0.00052686944 0.0004942745 0.010236181 9.231131e-08 0.0003672374 0.00010014973 0.0013399981 0.0018799478 3.8766434e-06 0.0010684676 0.03746139 2.278646e-08 2.2743444e-07 9.4134015e-07 3.8746347e-07 5.55786e-07 5.578035e-06 0.0017182534 1.6314145e-06 6.1764063e-06 0.000350271 6.84933e-05 0.00025442304 2.6522514e-07 3.9534527e-05 1.8225683e-05 0.0025920726 5.75968e-06 3.380021e-06 2.9561432e-05 0.00012340286 7.179573e-06 6.167666e-06 0.00020158081 0.00017030943 4.910757e-07 7.5861163e-07 5.8930063e-06 0.00012984796 8.791207e-07 9.220376e-07 5.6630866e-05 0.00024461697 0.0014067958 0.0010431419 4.7405654e-05 0.0009141803 2.8172431e-08 0.002988103
0.8400878 0.56129915 0.24651484 0.60457224 0.039282303 0.0071570273 0.013540687 9.3250604e-20 0.0048451377 0.08187709 0.95058954 0.017851774 0.6681559 0.08789356 0.0023579572 0.0012958423 0.69773036 0.001112586 0.31403765 0.42243156 0.23043606 0.02604849 0.3561375 0.14350364 0.07485159 0.0022320847 0.06396378 0.089312255 0.00025568082 0.12816945 0.00013136203 0.0019208696 0.013414668 0.091788806 0.010355736 0.10928432 0.111078285 0.009498455 0.0038723913 0.0014236278 0.00548786 0.0047020447 0.000447769 0.06987574 0.018290443 0.0007399943 0.004590008 0.009323793 0.13313104 0.00019635685 0.0026297574 0.00019948062 0.052480165 0.000104230254 0.0011393514 0.0014650839 0.0012098523 0.0013963473 0.06029772 0.0005300129 0.0026977991 4.518353e-05 0.006087149 0.0001225652 0.0007587416 0.00099255 0.00036988565 0.0003067538 9.8631666e-05 0.0004705088 0.0001295421 9.465849e-05 0.044678185 2.6953854e-05 0.062294558 1.4358536e-05 4.2582313e-05 0.004325862 0.015144428 1.6018212e-05 3.4139837e-05 0.0040764487 8.6741e-05 5.2899508e-05 4.1839532e-05 0.008400714 0.01738617 3.7049201e-06 4.859448e-06 7.589753e-06 2.5454063e-05 5.9586906e-08 7.8280345e-06 0.00011073308 1.9117357e-05 0.0080660125 0.016218951 1.0554678e-05 0.012338326 2.5708989e-08 0.0055630677
0.25547493 0.19218116 0.29979417 0.05476315 0.3589625 0.86369276 0.9693105 0.0048451377 1.6521121e-18 0.7098175 0.0050932746 0.23862776 0.00089187943 0.05068143 0.6856071 0.32720262 0.0017707716 0.60468984 0.00021786854 0.00028518197 7.5642994e-05 0.2786962 0.0001374385 5.4784552e-05 9.018359e-06 0.039151937 1.6306896e-06 0.0046598166 0.01686373 0.0017303538 0.07076363 0.2624608 9.182222e-07 0.0018732295 5.848954e-06 0.0317996 4.7460844e-07 0.00029568866 2.0730725e-07 1.2846766e-08 0.046703916 1.3967567e-06 0.010334918 0.024332836 0.023122597 3.581101e-07 2.9314926e-08 9.297695e-08 0.0035080793 5.8330837e-08 2.3701674e-08 0.009492596 2.9501418e-05 0.0017933405 0.011634547 2.9326388e-08 6.5504835e-05 1.46111715e-05 0.00059687527 0.005701516 1.6460597e-06 0.0010510016 0.036640476 1.1301004e-08 1.2648123e-07 3.528925e-07 4.8586966e-08 1.01726805e-07 9.472315e-07 0.0022944526 2.701814e-07 2.1848193e-06 0.00013909479 0.0003029037 3.2303782e-05 1.2867054e-07 0.00017511539 1.1691171e-06 0.0057467595 4.880638e-05 6.7223107e-07 1.7880335e-06 6.7116714e-05 4.0530904e-06 1.797142e-06 1.5975556e-05 8.679825e-05 2.3539384e-07 3.348315e-07 3.2716391e-06 0.00072052365 9.05939e-08 1.3614797e-07 0.00017860447 6.92224e-05 0.00311885 0.0002358056 9.452935e-06 0.00018507939 4.2602387e-08 0.007226918
0.7911702 0.35594347 0.6302805 0.66773134 0.071123265 0.24150242 0.75653386 0.08187709 0.7098175 4.3411448e-18 0.031000689 0.021851689 0.06782769 0.8829048 0.5020333 0.019995054 0.011564965 0.21139316 0.015049382 0.01600811 0.016548498 0.9025072 0.002444019 0.002783427 0.005586492 0.0061171837 0.0011420483 0.1455586 0.00087461184 0.007864525 0.0055821547 0.34930155 0.00075565337 0.0062465677 0.00061795005 0.037937425 0.004387896 0.042465672 0.00020236147 1.533219e-05 0.029849565 0.00030654264 0.0014118514 0.022525396 0.5490756 5.3241594e-05 0.0002923274 0.0013395313 0.006861229 4.979269e-05 0.0006628391 0.017318299 0.00094245456 0.00046514114 0.062488962 6.999076e-05 0.05376637 0.015685564 0.0024266373 0.0022105859 0.0052553164 0.01237788 0.3174354 4.366441e-06 0.000658796 0.0013314208 4.1930492e-05 0.0003197742 1.0757873e-05 0.0044098487 0.00044653317 0.0010511173 0.0022926098 0.00018046732 0.0010992816 6.6796165e-05 0.00012766905 0.00015891109 0.010362369 1.818851e-05 0.00026032465 3.4016728e-05 0.0024142545 0.0006277118 0.001285308 0.0003471131 0.0006413946 1.1114224e-05 6.4476364e-05 0.0005062814 0.0018760364 9.4602984e-07 2.3447077e-05 0.00014220321 0.0048785903 0.0040910686 0.003759797 0.0012827916 0.0019516626 1.2271549e-06 0.00655193
0.9505293 0.38052076 0.1313588 0.18785602 0.035601255 0.00614063 0.016598752 0.95058954 0.0050932746 0.031000689 1.4913246e-17 0.016186293 0.1423511 0.012489465 0.002436574 0.0021317387 0.8812318 0.0005641974 0.15918352 0.37199548 0.114778236 0.0057615894 0.4412552 0.16216467 0.06538352 0.0027010092 0.03673638 0.026450932 0.0005238071 0.3414667 0.00024677312 0.0007901463 0.012472083 0.2844335 0.02173481 0.2771073 0.022809358 0.0015386549 0.0021254923 0.00091293437 0.016369738 0.0056949323 0.00083154265 0.15609412 0.0021445083 0.0033449356 0.0007672419 0.00064282503 0.277231 0.00017744153 0.00027968234 0.00020681253 0.13512385 0.0002973948 0.0006904923 0.00024016197 3.730531e-05 3.328376e-05 0.18026058 0.00073632214 0.00039393376 1.9508863e-05 0.0025889487 7.2792654e-06 4.030805e-05 6.063617e-05 6.878302e-05 1.7364588e-05 0.00012731802 0.00081504637 1.1796961e-05 4.357905e-06 0.11722585 7.104491e-05 0.1796057 3.8805906e-06 0.00012907386 0.012304473 0.06979762 8.350142e-05 1.3101241e-05 0.00900832 0.000117390446 1.0728273e-05 1.961999e-05 0.015562615 0.066104434 1.4538606e-06 8.159394e-07 1.7012209e-06 1.7831626e-05 6.864275e-08 3.1170512e-06 7.338454e-05 1.937058e-05 0.04494332 0.048362754 3.1211395e-05 0.0416481 3.714268e-07 0.018072085
0.9214883 0.0447468 0.032465186 0.0051892204 0.8704597 0.6352468 0.15582922 0.017851774 0.23862776 0.021851689 0.016186293 3.9433516e-17 0.0010064209 0.0014433546 0.120811276 0.9073619 0.007881531 0.1527851 0.00060047396 0.00060810597 0.00027621546 0.0132691655 0.00018142608 4.4026707e-05 6.594441e-05 0.90188277 1.3228057e-05 0.001432205 0.34008554 0.014219392 0.18669242 0.038791187 7.96895e-06 0.016851408 1.1612725e-05 0.208511 1.7239881e-06 4.002371e-05 2.1992034e-06 1.2574037e-07 0.53640467 1.717642e-06 0.17653702 0.2679926 0.0005444288 2.2125377e-07 3.4438028e-07 1.2384194e-07 0.09879055 1.4708637e-06 4.5750502e-07 0.0076758587 0.0009316576 0.019888304 0.003023033 1.7895253e-07 1.1906005e-05 1.13987635e-05 0.00899522 0.039791517 4.8750862e-06 0.0006983464 0.0019913914 1.8466883e-07 2.3603664e-06 1.916872e-06 1.0804381e-06 9.0619875e-07 1.7063603e-06 0.03390239 1.8139997e-06 2.8847178e-06 0.0010975123 0.005371629 0.0016437608 9.794074e-07 0.001207042 1.353714e-05 0.3052456 0.0009126384 7.017878e-05 5.3757235e-06 6.318943e-05 6.4156643e-06 5.6248384e-05 5.736752e-05 0.0017603186 1.523768e-06 3.782061e-07 6.263069e-07 0.0048421323 5.03055e-07 6.100585e-06 0.0016454014 6.3437175e-05 0.03860047 0.00094234664 0.00014025728 0.0007423676 3.0281067e-06 0.16795091
0.9669327 0.12367883 0.14351843 0.8254201 0.0056713773 0.0011068863 0.007821289 0.6681559 0.00089187943 0.06782769 0.1423511 0.0010064209 3.4384505e-20 0.52802163 0.0006830794 0.00019618745 0.07859833 1.1578334e-05 0.6408738 0.18109491 0.34549645 0.06794545 0.037533067 0.039695047 0.16711777 3.952849e-05 0.7332196 0.6405611 1.1255847e-05 0.08554234 2.3282766e-05 0.0014432162 0.06952094 0.040542576 0.009511112 0.08343104 0.8564108 0.44530007 0.09859276 0.13630259 0.00034485655 0.018173581 2.2488273e-05 0.036559645 0.46533078 0.000103455335 0.20213233 0.4568585 0.09750648 0.002411438 0.18375416 0.00016897374 0.04168518 3.096737e-06 0.0027245898 0.05213907 0.050803903 0.047193833 0.02372836 1.6666507e-05 0.3239414 0.0005587459 0.044451803 0.0014150048 0.09842316 0.06477831 0.020339705 0.025261667 0.000110954425 0.00029987912 0.013688951 0.00855466 0.03475681 5.9242234e-06 0.027929906 0.00075731525 1.4668092e-05 0.0044642948 0.0046834336 1.3300196e-05 0.0018178989 0.003412117 0.0017665984 0.0009183278 0.000565586 0.008830029 0.005078169 0.00034906119 0.0008068216 0.00010541435 6.172482e-05 1.0134021e-08 0.0002920674 0.00010354466 0.0016226772 0.0047196327 0.032148827 0.00023412814 0.012480447 1.7887336e-07 0.0057471627
0.8014588 0.09007482 0.24767208 0.8299416 0.010959524 0.022044597 0.12378907 0.08789356 0.05068143 0.8829048 0.012489465 0.0014433546 0.52802163 6.9069515e-17 0.05839611 0.0026949255 0.0039720843 0.002944881 0.048202273 0.04257923 0.044862445 0.8797725 0.0034856922 0.0032578867 0.018441755 0.00064838724 0.017393751 0.67803603 0.00016166685 0.0056190374 0.00061825896 0.14563267 0.0050084083 0.0024034355 0.0007399763 0.016492022 0.119311295 0.50621986 0.009105013 0.0009963507 0.007151518 0.0015886973 0.0006262947 0.008778789 0.8463789 1.707745e-05 0.0109500475 0.03777325 0.023068644 0.0010133012 0.020981133 0.002554409 0.0020837493 7.473264e-05 0.05964803 0.0016865081 0.20281558 0.17201348 0.0052396227 0.0010409148 0.24533302 0.01430283 0.4422869 9.217202e-05 0.008744717 0.028899156 0.00042053853 0.0023518475 1.5942926e-05 0.0042093964 0.0038587768 0.0036246434 0.003018965 6.61329e-05 0.0039151916 0.00022315152 7.110408e-05 0.0008121758 0.024207508 5.1083764e-05 0.0007204783 0.00036960305 0.004263414 0.0019974608 0.0020697897 0.0010342494 0.0015631616 7.690054e-05 0.00013792682 0.00013755745 0.0010480683 1.2633769e-06 0.00014556033 0.00077780645 0.009715602 0.0036774524 0.006996361 0.0020164868 0.002345587 6.3807615e-06 0.00976883
0.03340488 0.05158888 0.07138982 0.01771172 0.1375718 0.45873424 0.5390995 0.0023579572 0.6856071 0.5020333 0.002436574 0.120811276 0.0006830794 0.05839611 1.5720777e-19 0.32813504 0.0003740062 0.98408985 0.00032191453 0.00047319228 0.0003009997 0.4714056 5.614522e-05 8.2218845e-05 3.054222e-05 0.02159978 1.5166698e-06 0.0014823844 0.016702658 0.0004071819 0.2611712 0.48438543 2.6725447e-06 0.00035360825 2.574206e-06 0.005921075 2.4702703e-07 0.00012571465 1.6511773e-06 6.726591e-08 0.0288453 4.531828e-06 0.0056031505 0.003941538 0.009126189 4.4254463e-08 1.1514796e-07 6.627233e-08 0.0006912189 1.3352947e-06 3.664803e-08 0.06494023 2.2428281e-05 0.0028463963 0.03228588 1.0414833e-07 4.697555e-05 9.135044e-06 0.000411973 0.0035092337 6.662108e-07 0.0028356223 0.059047494 7.5124326e-08 2.6987004e-07 1.4019736e-06 2.3432055e-07 4.8929036e-07 5.1132895e-07 0.0024439688 1.2348208e-06 3.5384298e-06 0.00020933319 0.0004983108 0.00010075268 6.423019e-07 0.0002637263 1.0426962e-06 0.003524227 3.8646012e-05 1.8617307e-06 1.7693238e-06 4.2045936e-05 1.5754029e-05 8.025296e-06 1.3678841e-05 8.966763e-05 5.204383e-07 5.3803984e-07 6.8386416e-06 0.0008097454 1.9564196e-07 5.5082694e-07 0.00022678847 3.6477988e-05 0.0018453103 0.00019789087 8.148582e-06 0.00022084956 4.285953e-08 0.0036264255
0.41651616 0.0062462455 0.0056442344 0.0019487266 0.2884442 0.41085595 0.14233707 0.0012958423 0.32720262 0.019995054 0.0021317387 0.9073619 0.00019618745 0.0026949255 0.32813504 4.981214e-17 0.0010864994 0.5310346 0.00023724334 0.00013682658 0.00014398844 0.017483648 6.258155e-05 2.5609996e-05 2.0117088e-05 0.72187966 4.3923314e-06 0.0016447699 0.9202565 0.0015849685 0.8123029 0.09099765 6.80005e-06 0.0017455631 1.1412251e-05 0.036584646 3.850862e-06 1.086477e-05 3.0097124e-06 8.7219235e-08 0.34790298 9.062666e-06 0.3355492 0.050946314 0.0005361913 1.8768576e-07 2.2973228e-07 7.169042e-08 0.010116047 4.4517057e-07 2.0977673e-07 0.024150075 7.408851e-05 0.091886155 0.006901612 1.549435e-07 1.8355217e-05 6.1520873e-06 0.0012820284 0.08909193 7.1686014e-07 0.0005889883 0.0014220898 1.1608782e-07 3.6360663e-07 9.891547e-07 2.1967185e-07 1.3298396e-07 1.9037186e-06 0.06446622 3.975377e-07 3.5334124e-06 0.00024325328 0.009558588 0.00031604207 7.352463e-07 0.0017062131 7.855256e-06 0.09538 0.0009974188 1.6819278e-05 9.093404e-07 3.5596568e-05 1.1167678e-05 1.153072e-05 3.561499e-06 0.00021132176 3.8137023e-07 6.75052e-07 4.4922235e-06 0.015243423 2.3832877e-07 1.2301605e-06 0.0025287154 3.4685298e-05 0.00595611 0.00015258402 3.607767e-05 0.00011497794 1.4843711e-07 0.056476682
0.9774621 0.14519523 0.06664073 0.06196417 0.01562688 0.003772976 0.0071971645 0.69773036 0.0017707716 0.011564965 0.8812318 0.007881531 0.07859833 0.0039720843 0.0003740062 0.0010864994 4.540844e-19 0.00012810787 0.27493575 0.64239883 0.21910526 0.0014291739 0.8575987 0.28509855 0.1250084 0.0019374498 0.10741834 0.010163504 0.00021866997 0.7855582 5.987301e-05 0.00031177828 0.045083884 0.60162157 0.038314834 0.32394785 0.015272431 0.00084954244 0.005942241 0.007123026 0.0027135457 0.025467385 0.00074979576 0.1345537 0.0002191798 0.04275333 0.00047835096 3.560441e-05 0.42973652 0.0013448509 4.911197e-05 0.00013983149 0.3135528 0.00014121894 0.00017074998 0.00033628743 1.43153575e-05 2.7769947e-05 0.466802 0.00059762684 3.9026083e-05 7.4375257e-06 0.00079952134 7.8222474e-05 1.4207124e-05 1.0155388e-05 0.00012603542 8.517396e-06 0.0012008093 0.0005705778 5.04923e-06 5.8785804e-06 0.15655617 4.975766e-05 0.31578577 2.7005635e-06 3.98533e-05 0.013616284 0.03175129 2.2759781e-05 2.97545e-05 0.011064025 5.5887143e-05 2.5094578e-06 5.507093e-05 0.018087976 0.17576897 7.3697396e-07 3.87801e-07 1.1393987e-06 1.2484456e-05 5.198165e-06 1.355471e-05 0.00021779396 1.807542e-05 0.04467668 0.051010903 1.3635704e-05 0.061653573 2.1545715e-05 0.013369825
0.12706137 0.014152487 0.03452605 0.001519057 0.09007848 0.37933415 0.4104845 0.001112586 0.60468984 0.21139316 0.0005641974 0.1527851 1.1578334e-05 0.002944881 0.98408985 0.5310346 0.00012810787 2.733355e-18 4.218466e-05 7.8360674e-05 3.3796234e-05 0.2783437 1.2165622e-05 2.6090362e-05 3.5300982e-06 0.06660236 1.6044828e-07 0.00038691386 0.1052187 0.00027632166 0.8438566 0.73988813 5.7510437e-07 0.00012123644 3.9563433e-06 0.004429463 8.210303e-09 7.3746087e-06 3.296024e-07 8.275518e-09 0.068695754 2.3952812e-06 0.03133326 0.0041456376 0.0010858349 4.213241e-08 4.217695e-08 5.651879e-09 0.00040218447 4.7102458e-07 1.4975798e-08 0.29195932 4.1787234e-06 0.019573625 0.07000164 2.6578054e-08 2.9179928e-06 9.604291e-07 0.00026511223 0.025601706 4.550814e-08 0.006994273 0.024131807 3.209865e-08 2.2704725e-08 1.6240416e-07 1.0573678e-07 4.9829005e-08 1.9004009e-06 0.015166469 9.009315e-08 4.82483e-07 8.9121575e-05 0.003719806 2.7598415e-05 2.5984158e-07 0.0012482583 1.9568724e-06 0.007489417 0.0006912473 1.6645388e-06 3.1381298e-06 4.6355002e-05 7.596277e-06 3.2180433e-06 2.596948e-06 4.721305e-05 1.3217137e-07 1.5869065e-07 1.0487677e-06 0.015015886 2.1954283e-07 3.5938248e-07 0.0010907461 8.755406e-05 0.0026526363 0.0002435467 8.316751e-06 0.000107021595 1.17570885e-07 0.009701325
0.81287545 0.0075768773 0.01088851 0.079796985 0.00049851515 0.0005092031 0.0005074383 0.31403765 0.00021786854 0.015049382 0.15918352 0.00060047396 0.6408738 0.048202273 0.00032191453 0.00023724334 0.27493575 4.218466e-05 4.6508554e-17 0.7253599 0.9029124 0.015262676 0.2593895 0.37401825 0.8659258 6.474841e-05 0.77366245 0.13769883 1.6313032e-05 0.09542826 2.1026946e-05 0.0040136282 0.37423912 0.07203015 0.27494055 0.026320038 0.5090242 0.046931416 0.112411834 0.09303321 0.00026513197 0.16350903 3.4581324e-05 0.008039724 0.054721072 0.06410558 0.061970994 0.0682755 0.040046297 0.046890184 0.014060335 0.000118879725 0.121747695 1.2646403e-06 0.002212731 0.020456206 0.00112211 0.0021792103 0.044098213 8.388497e-06 0.007201733 0.00019058694 0.019085119 0.037163623 0.018859781 0.0020587416 0.019537175 0.0026799173 0.0052570105 0.00021027758 0.0010181844 0.00020629051 0.056216795 5.020062e-06 0.047912747 0.00028146946 9.582934e-06 0.030007072 0.0015834274 5.8926213e-07 0.0027083 0.014910006 0.00019583528 7.025746e-05 0.007796394 0.015008399 0.012086258 0.00036327925 1.6559025e-05 1.2487874e-05 5.5861667e-05 7.0652777e-06 0.00078101084 3.0920168e-05 0.00035244704 0.0025413313 0.017307756 5.7511315e-05 0.012890133 2.9257797e-05 0.0017178634
0.9041698 0.014292033 0.009760546 0.0718842 0.00029836918 0.0002744392 0.00084117736 0.42243156 0.00028518197 0.01600811 0.37199548 0.00060810597 0.18109491 0.04257923 0.00047319228 0.00013682658 0.64239883 7.8360674e-05 0.7253599 2.0703956e-18 0.79212624 0.009698282 0.75832736 0.8974859 0.73271424 2.1850932e-05 0.52449876 0.10286793 2.2731107e-05 0.17098439 0.00010211595 0.0051465253 0.42716303 0.11596116 0.42182606 0.04779261 0.38338235 0.008408225 0.06698479 0.07539166 0.00014631507 0.3130714 3.693224e-05 0.0098188035 0.009821881 0.10121701 0.031629816 0.0059723915 0.037818912 0.019336795 0.0021565438 0.0007502446 0.31431493 2.8386014e-05 0.000750733 0.0050251926 0.000118827236 0.00014334545 0.04116802 3.5133475e-05 0.0007019809 0.00016958317 0.006572137 0.012292346 0.0012410597 0.000150726 0.0062949024 0.00014161666 0.004193263 7.528287e-05 2.726968e-05 2.8671058e-05 0.13215473 2.5417094e-05 0.054690138 1.4219296e-05 4.714158e-06 0.016989691 0.0005202711 5.360102e-07 0.0009732865 0.008593537 9.197778e-05 2.1881418e-05 0.0008322396 0.01559243 0.014777019 1.7429276e-05 6.8636987e-06 1.9134448e-05 0.00015078754 1.3767233e-05 9.3909046e-05 1.3838329e-05 0.00023250426 0.0011261549 0.028712545 5.685587e-05 0.017210742 5.8177036e-05 0.0006033389
0.7616815 0.005332125 0.007531509 0.055443674 0.0001903755 0.0002912505 0.00029375433 0.23043606 7.5642994e-05 0.016548498 0.114778236 0.00027621546 0.34549645 0.044862445 0.0003009997 0.00014398844 0.21910526 3.3796234e-05 0.9029124 0.79212624 1.2417493e-17 0.015106585 0.31718218 0.5473683 0.8898412 2.2130484e-05 0.6657594 0.14872345 6.906365e-06 0.06470226 2.505205e-05 0.0063258135 0.48029312 0.043541614 0.32747424 0.014155739 0.5753406 0.030785054 0.16144174 0.22066547 0.0001253359 0.25471264 1.7113496e-05 0.0031694626 0.02127572 0.07987535 0.08428562 0.0266718 0.014629877 0.053558487 0.005947947 0.00029671745 0.10616264 2.3460284e-06 0.0023656266 0.014047381 0.0004050413 0.00064430543 0.013532604 8.999441e-06 0.0014585381 0.00034412637 0.009633988 0.036823098 0.009230869 0.0005801987 0.015538463 0.0010318161 0.0033528993 4.0086357e-05 0.0003651781 0.00018033726 0.05298426 4.006707e-06 0.022837898 0.00010011421 1.7555533e-06 0.02547643 0.00023374753 6.016627e-08 0.0016668302 0.00875894 7.102418e-05 2.2768594e-05 0.0054845875 0.007852481 0.0030349256 0.00023621658 1.0031151e-05 5.854104e-06 7.597723e-05 2.1722205e-06 0.0004141101 4.4322383e-06 0.00016180196 0.0003997109 0.008765843 5.7233316e-05 0.005411955 5.80142e-05 0.00027969672
0.35465726 0.04214819 0.14533567 0.1551406 0.021332294 0.08114499 0.29461244 0.02604849 0.2786962 0.9025072 0.0057615894 0.0132691655 0.06794545 0.8797725 0.4714056 0.017483648 0.0014291739 0.2783437 0.015262676 0.009698282 0.015106585 1.05949475e-16 0.00036847751 0.0006235919 0.0054762666 0.0076788715 0.001637791 0.15238288 0.0014544897 0.0015956821 0.010876705 0.92791605 0.0012139471 0.000826287 0.0003900173 0.006314344 0.004181012 0.07306048 0.0008149624 3.1824406e-05 0.017192705 0.0003899751 0.0019172379 0.0036245617 0.71793514 1.2372545e-05 0.00042363667 0.0008469445 0.003951144 0.00066112034 0.0005280478 0.06723268 5.5521592e-05 0.0018058183 0.31756103 4.5870038e-05 0.1519937 0.044376507 0.0036139777 0.00291858 0.008653722 0.1025984 0.7158467 2.8732507e-05 0.000787691 0.0011033857 4.7963316e-05 0.00032174267 2.3223314e-05 0.0062243687 0.00048244835 0.0005424876 0.0012438023 0.00030150707 0.0012432169 4.2811516e-05 0.00012990135 7.998481e-05 0.010874718 2.8541472e-05 0.0004002604 3.0452295e-05 0.0070764385 0.0019451041 0.0025037029 0.00015228268 0.0010435672 2.5070502e-05 5.1246545e-05 0.00043250984 0.004928751 2.8209678e-07 3.884399e-05 0.00092918734 0.031580802 0.003444396 0.0013162552 0.008307842 0.0004926657 3.3282597e-06 0.0035895554
0.90039235 0.011439029 0.006629317 0.01878332 0.00023264534 0.00012793364 0.0009204589 0.3561375 0.0001374385 0.002444019 0.4412552 0.00018142608 0.037533067 0.0034856922 5.614522e-05 6.258155e-05 0.8575987 1.2165622e-05 0.2593895 0.75832736 0.31718218 0.00036847751 3.793122e-18 0.93370956 0.2921957 1.35256305e-05 0.20692563 0.008653044 9.018222e-06 0.43820387 1.3946478e-05 7.736905e-05 0.14036058 0.29382962 0.32008418 0.09209626 0.019354567 0.00043205905 0.009074192 0.009862 0.00011651757 0.10152461 1.7712748e-05 0.01487657 4.673978e-05 0.13644083 0.0018770797 9.4989016e-05 0.090399384 0.003655825 0.000102304664 0.00021685591 0.59246695 2.3232593e-05 0.00025643464 0.0004893877 9.491933e-06 1.5156122e-05 0.14631258 4.675552e-05 1.6347669e-05 0.00012507584 0.0010847781 0.00035911083 1.681389e-05 9.053777e-06 0.0015008197 9.280439e-06 0.0019664424 5.34272e-05 5.041575e-06 6.3394987e-06 0.20113981 2.075373e-05 0.16038905 5.0437293e-06 3.779849e-06 0.015730908 0.0019121277 2.0835566e-06 0.00021574386 0.009202008 6.217068e-05 3.309112e-06 8.5205524e-05 0.014219277 0.086762674 2.670122e-06 1.0039586e-06 5.2495925e-06 1.1784423e-05 6.1299197e-06 2.8022496e-05 2.3426179e-05 9.5919175e-05 0.0061519234 0.049252875 0.00010372414 0.046177097 0.00017810408 0.001631403
0.78237104 0.0019514669 0.003444636 0.010278391 4.374871e-05 4.9230708e-05 0.00015103046 0.14350364 5.4784552e-05 0.002783427 0.16216467 4.4026707e-05 0.039695047 0.0032578867 8.2218845e-05 2.5609996e-05 0.28509855 2.6090362e-05 0.37401825 0.8974859 0.5473683 0.0006235919 0.93370956 2.496156e-17 0.51109374 4.6725277e-06 0.30992264 0.0073039006 3.3210501e-06 0.08336055 9.427439e-06 0.00023851603 0.41104183 0.051437765 0.7160359 0.014540799 0.11089861 0.00053901103 0.07438047 0.054288186 9.675121e-06 0.24887381 5.667865e-06 0.0027135625 3.3212415e-05 0.21668051 0.004444046 0.00012331086 0.014879841 0.020470284 8.882892e-05 0.00015108104 0.21319686 9.2827495e-06 0.00018317244 0.00081853877 7.387103e-06 1.9409051e-06 0.013353342 4.628947e-06 9.213305e-06 2.8518562e-05 0.00031571402 0.0016826772 4.452687e-05 3.5207615e-06 0.0011355937 9.101026e-06 0.009771158 5.3891413e-06 4.2099796e-06 4.805335e-06 0.1308883 2.6466282e-06 0.049061865 3.1265215e-06 1.2054779e-06 0.021783734 5.1788204e-05 1.7102319e-07 0.0002633905 0.010909782 2.3218683e-05 6.4546653e-06 0.00010801827 0.011671115 0.01295589 7.5093317e-06 1.2463419e-06 2.358949e-06 1.4058369e-05 4.1014715e-05 2.6763691e-05 2.733992e-06 3.602318e-05 0.00033799777 0.02952695 1.9235864e-05 0.013743281 0.00026565182 7.736212e-05
0.7500864 0.0008287196 0.0028606344 0.014648612 5.057083e-05 7.9217185e-05 6.410585e-05 0.07485159 9.018359e-06 0.005586492 0.06538352 6.594441e-05 0.16711777 0.018441755 3.054222e-05 2.0117088e-05 0.1250084 3.5300982e-06 0.8659258 0.73271424 0.8898412 0.0054762666 0.2921957 0.51109374 6.685257e-18 3.572728e-06 0.8139529 0.111589074 4.937482e-07 0.03438648 2.5594281e-06 0.00049342104 0.8322726 0.026650323 0.5219684 0.005419274 0.5389629 0.023047904 0.36257502 0.37351802 3.16345e-05 0.49127406 2.865628e-06 0.00093083474 0.0085984105 0.11094794 0.13286544 0.021952523 0.0069536027 0.13575572 0.0048199464 5.8852707e-05 0.10603294 8.632516e-07 0.0010540901 0.026005711 0.00016160689 0.0004920264 0.008873697 1.5584029e-06 0.0009072755 6.463668e-05 0.0026198202 0.11756114 0.009707679 0.0001367945 0.043350283 0.00072220014 0.014143964 3.511627e-06 0.00014835142 7.501777e-05 0.07308438 1.2944625e-06 0.020883044 6.1185805e-05 8.641115e-07 0.042882703 6.8220346e-05 1.4225501e-08 0.0031554198 0.0123245325 3.906339e-05 6.330406e-06 0.015918618 0.0106509505 0.0031237483 0.00012594182 1.022613e-05 5.71458e-06 2.3266162e-05 7.3587915e-05 0.0008045868 5.9043504e-07 5.414913e-05 0.00037626165 0.01188333 1.9740823e-05 0.0048575834 0.0005241321 5.7630346e-05
0.92496383 0.0043029645 0.0062637986 0.0010235239 0.19781415 0.12874602 0.01919737 0.0022320847 0.039151937 0.0061171837 0.0027010092 0.90188277 3.952849e-05 0.00064838724 0.02159978 0.72187966 0.0019374498 0.06660236 6.474841e-05 2.1850932e-05 2.2130484e-05 0.0076788715 1.35256305e-05 4.6725277e-06 3.572728e-06 7.0412995e-17 1.4850826e-06 0.000104812076 0.83672476 0.007104261 0.33347663 0.016978716 8.833758e-07 0.005452831 4.042957e-06 0.13079408 3.293441e-07 6.6637767e-06 8.976862e-08 4.3926973e-09 0.9210209 7.165512e-07 0.65485644 0.2426892 4.275892e-05 3.771245e-09 1.6803598e-07 7.38904e-08 0.058204968 1.0433939e-07 1.8658835e-07 0.0062725767 0.0002836189 0.05995311 0.0017071246 1.8618717e-07 4.108794e-06 1.1641184e-06 0.0044334354 0.20177667 1.0711043e-06 0.00022941145 0.00040724385 8.539436e-08 1.4157991e-06 5.5009673e-07 5.732869e-07 1.5159837e-07 2.5186128e-07 0.12836666 1.5945584e-07 9.7962655e-08 0.0007646508 0.005870791 0.001491294 9.705173e-08 0.0019122737 5.0070707e-06 0.38448843 0.0003638524 1.9543693e-06 4.1204032e-07 3.8459216e-06 1.1168237e-06 2.250843e-06 8.957373e-06 0.003300258 6.642495e-08 6.945917e-08 1.2029071e-07 0.020923976 4.333682e-07 2.983517e-07 0.001923261 4.065021e-06 0.08893154 0.00097510224 2.3267175e-06 0.0006668739 7.3804905e-08 0.25670004
0.8232401 0.0007483523 0.002057408 0.023583826 2.9629327e-06 4.6196415e-06 6.2046147e-06 0.06396378 1.6306896e-06 0.0011420483 0.03673638 1.3228057e-05 0.7332196 0.017393751 1.5166698e-06 4.3923314e-06 0.10741834 1.6044828e-07 0.77366245 0.52449876 0.6657594 0.001637791 0.20692563 0.30992264 0.8139529 1.4850826e-06 1.0525446e-18 0.10589425 7.242696e-08 0.01882009 1.9528825e-06 5.8510992e-05 0.83478564 0.01809241 0.33732444 0.00409407 0.81917137 0.044957113 0.7640663 0.77735823 3.4010093e-06 0.506858 6.505262e-07 0.0010048826 0.036433436 0.030348888 0.28702816 0.24252188 0.004876193 0.31723505 0.07524833 1.2463864e-05 0.04874967 1.9954881e-07 0.000547088 0.12138331 0.0014925462 0.0052854936 0.0097110495 1.2738062e-07 0.03655277 1.8261437e-05 0.0028711911 0.19126548 0.1471212 0.009897078 0.1372283 0.01999194 0.004213497 5.2528626e-06 0.008285477 0.0021738652 0.036741488 1.9874078e-06 0.016686467 0.003430104 9.21034e-07 0.01117585 9.440291e-05 2.2016849e-07 0.017611902 0.008471944 7.5534e-05 4.412246e-05 0.03876476 0.010724137 0.0030513096 0.007150774 0.00017117879 5.10495e-06 9.828166e-06 1.4888242e-07 0.00854541 7.251854e-06 4.812111e-05 0.0015787658 0.013068517 2.4001782e-05 0.006768581 5.7131524e-06 0.0003749642
0.7624187 0.037574273 0.09044065 0.45494533 0.008087233 0.008177968 0.012275325 0.089312255 0.0046598166 0.1455586 0.026450932 0.001432205 0.6405611 0.67803603 0.0014823844 0.0016447699 0.010163504 0.00038691386 0.13769883 0.10286793 0.14872345 0.15238288 0.008653044 0.0073039006 0.111589074 0.000104812076 0.10589425 1.0604686e-17 0.00014052559 0.011391456 0.00038578847 0.019388558 0.036114436 0.0024042116 0.004974675 0.010640499 0.45010495 0.9626291 0.019613095 0.012691689 0.00040202914 0.0063888794 0.00021212356 0.0011274503 0.54504174 0.00010165189 0.041363552 0.36790624 0.0026979907 0.0049473904 0.1553045 0.0010738914 0.0026891055 3.6411744e-05 0.024444716 0.017369384 0.09606816 0.15323499 0.0015089212 0.00034738364 0.38465378 0.0062357136 0.1935873 0.0005060436 0.08218932 0.10211015 0.0025229559 0.042523064 0.0001666057 0.0028692721 0.01615602 0.015419696 0.002745469 0.00013526526 0.0011809642 0.00073634984 0.00095682463 0.0022940687 0.00357698 0.0006126986 0.0029034321 0.00039445423 0.003180279 0.0011821935 0.0103741465 0.0005198113 0.0005992094 0.0002939037 0.0012138372 0.00014752272 0.00027808629 3.3952894e-08 0.00051204604 0.0011013919 0.006221689 0.0049656425 0.0071671605 0.0020421215 0.0007204329 1.6815913e-05 0.011917475
0.3333443 0.0005308605 0.00084990746 0.00021966526 0.051878326 0.05247759 0.006061221 0.00025568082 0.01686373 0.00087461184 0.0005238071 0.34008554 1.1255847e-05 0.00016166685 0.016702658 0.9202565 0.00021866997 0.1052187 1.6313032e-05 2.2731107e-05 6.906365e-06 0.0014544897 9.018222e-06 3.3210501e-06 4.937482e-07 0.83672476 7.242696e-08 0.00014052559 2.1788488e-16 0.0011565146 0.8996533 0.022483176 4.6359025e-07 0.0014417932 9.602369e-07 0.013550944 2.7472877e-08 7.78641e-07 4.7549523e-08 2.0296667e-09 0.42442396 3.2389136e-07 0.93453074 0.028595494 1.6379208e-05 9.829857e-09 3.065626e-09 2.5915061e-09 0.0062858076 8.26979e-09 1.6778369e-08 0.02255931 1.4550974e-05 0.61863124 0.0026565967 3.489069e-09 4.420484e-07 2.0825702e-07 0.00091349566 0.5459112 1.5015088e-07 0.00010327897 4.6119974e-05 6.6101618e-09 9.47469e-09 1.4101107e-07 7.876777e-08 7.93513e-09 1.5282615e-07 0.3193175 5.8115617e-08 8.1743835e-08 0.0006524778 0.046225253 0.00018763664 1.795571e-08 0.017277684 2.529897e-06 0.09764727 0.006775439 6.395816e-08 7.392787e-07 8.081539e-06 3.6585973e-06 3.718117e-07 3.4822297e-06 0.0002511287 4.7725774e-09 5.126785e-09 5.4545755e-08 0.024217783 6.381948e-08 3.770096e-08 0.01441558 5.7846937e-06 0.008230107 0.00027768666 2.2976944e-06 0.00013202315 3.651446e-09 0.1110392
0.9237477 0.09817152 0.04661518 0.05596519 0.028505474 0.0034159524 0.005432285 0.12816945 0.0017303538 0.007864525 0.3414667 0.014219392 0.08554234 0.0056190374 0.0004071819 0.0015849685 0.7855582 0.00027632166 0.09542826 0.17098439 0.06470226 0.0015956821 0.43820387 0.08336055 0.03438648 0.007104261 0.01882009 0.011391456 0.0011565146 5.355159e-19 0.00014556575 0.00010319244 0.012675426 0.9333977 0.018119076 0.7847936 0.0047219764 9.1455164e-05 0.0016177003 0.0007107367 0.017490918 0.007017925 0.0031307181 0.17728868 4.4561955e-05 0.038085308 0.000210901 2.8654656e-05 0.6186373 0.00093288324 2.3547267e-05 7.597462e-05 0.78985995 0.00022066598 0.0002372144 3.499106e-05 4.717036e-06 3.7152797e-06 0.64892805 0.002532782 2.9219052e-06 2.23356e-05 0.0019622154 5.912442e-05 8.828609e-06 1.0610791e-05 2.7844146e-05 4.3296895e-06 0.0046750554 0.0028310746 4.4725807e-06 1.165642e-05 0.25173873 8.322531e-05 0.49706954 5.2260607e-06 3.146729e-05 0.024022652 0.08474866 1.061326e-05 5.424439e-05 0.020848159 2.3346736e-05 6.610138e-05 3.9833125e-05 0.042281143 0.48437434 6.134622e-06 2.0398556e-06 1.6205715e-05 6.673746e-05 0.0003624472 1.8071385e-05 0.00013368008 1.2769407e-05 0.18885054 0.11258807 1.9076708e-05 0.14637853 0.00037528187 0.02232363
0.14112511 0.0011922186 0.0014896594 0.0004918172 0.0443567 0.07625049 0.026578337 0.00013136203 0.07076363 0.0055821547 0.00024677312 0.18669242 2.3282766e-05 0.00061825896 0.2611712 0.8123029 5.987301e-05 0.8438566 2.1026946e-05 0.00010211595 2.505205e-05 0.010876705 1.3946478e-05 9.427439e-06 2.5594281e-06 0.33347663 1.9528825e-06 0.00038578847 0.8996533 0.00014556575 1.2748437e-17 0.31859532 2.690225e-06 0.0001495917 4.3838445e-06 0.004755969 6.7857553e-07 5.594838e-06 1.656829e-06 9.111464e-08 0.16185173 4.2561055e-06 0.4321411 0.009165103 4.8490245e-05 9.592726e-08 3.8046636e-07 6.87178e-08 0.0007659665 4.7105783e-07 5.7773e-08 0.41351864 3.4670236e-06 0.9447975 0.033775367 5.2271145e-07 1.6409624e-06 1.3373777e-07 0.00012663809 0.18805753 2.977153e-07 0.0030335034 0.0016274854 6.8747005e-07 4.3801748e-08 2.1551303e-07 2.3813986e-06 5.9537147e-08 1.112398e-07 0.09394439 8.548301e-08 3.5817297e-07 7.1468676e-05 0.1482687 4.677345e-05 4.76188e-07 0.011897466 1.1155208e-06 0.044788033 0.011519581 1.1481402e-06 2.7613527e-07 2.6534e-05 5.500744e-06 1.5916992e-05 1.2873191e-07 6.2322295e-05 6.0122225e-08 1.5948231e-07 1.5158774e-06 0.33967867 3.2921704e-08 2.9866453e-07 0.034815513 0.00020780003 0.0037046163 2.5901649e-05 7.706327e-06 4.499274e-05 8.222229e-09 0.04571878
