1.5631484e-28 0.4374454 0.01743636 0.01043034 0.0027663806 0.00010981163 0.00050361955 0.12544024 0.44870105 0.73603857 0.81396586 5.8718797e-06 0.8451398 0.0034987642 0.54523593 0.002045197 1.7975518e-06 0.64620984 2.4366853e-05 0.3831315 0.81573313 1.751598e-06 0.7718904 0.91359556 0.0019158542 0.82215375 0.9368985 0.4634701 0.29550236 0.5287835 0.7012161 0.31628254 0.9424585 0.8010955 0.8054154 0.96183157 0.7943161 0.0014534595 0.010804774 0.72090596 0.0005898607 0.93093854 0.7038885 0.71786076 0.035896353 0.010016942 0.87506646 0.8864553 0.9211768 0.73626274 0.9718001 0.9551428 0.0008994735 0.7725471 0.6867384 0.14314707 0.8681038 0.7449103 0.68643594 0.022406306 0.0044702827 0.63196176 0.9587916 0.0033899352 0.24555716 0.9239207 0.8178614 0.96252906 0.622584 9.10008e-06 8.0170226e-05 0.99135226 0.9819879 0.95999104 0.010214137 0.92657524 0.976196 0.97693944 0.99601144 0.89470035 0.027196325 0.92204845 0.9728024 0.34559342 0.998046 0.9309895 0.07413753 0.9767302 0.028106393 0.5813873 0.9975669 0.7769554 5.40223e-05 0.09087162 0.98563385 0.57388985 0.035853606 0.00042509806 0.99997944 0.2668354 2.5242095e-06
0.4374454 1.5434168e-14 0.9224031 0.8754944 0.7251561 0.13121639 0.18562536 0.24184307 0.44976175 0.59136087 0.2651547 0.018638942 0.91615343 0.0082033025 0.017325072 0.009978637 0.023098491 0.0117997285 0.0016743214 0.7480795 0.5625464 0.00010465167 0.05250755 0.007875258 0.019773727 0.34786946 0.05371878 8.223571e-05 0.0002644766 0.41593134 0.1597068 0.00025596967 0.009508795 0.059789613 0.07359497 0.055413835 0.00033179793 8.580163e-06 1.6496546e-05 2.0310032e-05 2.7047116e-07 0.016880495 0.016397456 0.007470247 3.0715933e-07 4.0888276e-06 0.027347019 0.00014052264 0.00023487238 0.000915771 0.043882314 0.00040018043 3.7693305e-06 9.0918957e-07 1.4747897e-06 1.9599988e-06 0.0069944956 0.012510376 6.644121e-05 9.708313e-06 5.819348e-06 1.163266e-06 5.5778197e-05 9.105098e-06 2.078788e-07 0.0034634054 3.3030505e-05 0.01497203 0.01727839 5.5513965e-07 1.2389931e-06 0.0038839383 0.005759725 0.002959465 2.4419976e-06 0.0053478307 0.007712054 0.0041924636 0.016605511 1.347033e-05 2.3134294e-07 0.00015986874 0.0008374134 1.3427196e-05 0.018502055 0.00016836652 2.2242943e-05 0.0003593688 9.2954e-06 7.1242785e-06 2.8890361e-05 9.59592e-06 1.3196046e-06 1.3021465e-06 8.810566e-06 1.0284852e-05 2.1692196e-05 2.822448e-05 0.0019324591 3.8879345e-05 8.400237e-07
0.01743636 0.9224031 5.867377e-18 0.90069586 0.9433046 0.54341763 0.56000704 0.26690653 0.10968662 0.15483618 0.023244945 0.14913239 0.20496881 0.0032171337 0.0061093187 0.012426872 0.12916979 0.00026188896 0.021603825 0.14508328 0.03604609 0.00089958456 0.0013662226 4.0974835e-05 0.0028577887 0.02009887 0.0016323047 1.5769366e-06 1.3282717e-05 0.011297235 0.005742519 3.1932893e-06 7.724748e-05 0.0007262302 0.0015436815 0.00042422547 4.2088595e-06 2.4692602e-07 8.466891e-08 4.6504333e-06 1.5484835e-09 0.00020455205 0.00019808706 2.580308e-05 1.0187193e-09 7.44743e-09 0.00022701199 3.2669561e-06 5.2128744e-06 8.931425e-06 0.00022896688 1.9126903e-06 1.1701985e-07 1.2842266e-07 4.676939e-07 1.5008968e-08 0.00012006569 8.415802e-05 7.463585e-05 1.815372e-08 3.4892704e-08 1.1079042e-08 2.828039e-05 5.610071e-08 1.2850223e-08 0.0005233637 2.8775232e-05 0.00045880454 0.0006523375 7.0095433e-07 1.3486049e-07 9.812044e-05 9.189617e-05 7.898671e-05 1.9679307e-08 0.0003313625 0.00056338095 0.00011724289 0.0006407874 1.2900438e-05 3.88644e-09 3.563505e-05 0.00016673541 1.110164e-07 0.0016520185 3.2235672e-05 4.890194e-07 0.00011475513 2.9214135e-07 6.1278246e-07 3.4254354e-06 2.6543236e-07 1.2372703e-06 3.287189e-08 2.5696538e-06 4.899637e-07 1.1275836e-06 3.7662905e-06 1.5401685e-05 1.2206442e-06 3.0738673e-07
0.01043034 0.8754944 0.90069586 1.2248325e-16 0.86046743 0.976473 0.019757517 0.0026995118 0.0018387183 0.0048297937 0.00049793615 0.008420816 0.05552518 3.2741114e-06 5.0081002e-05 0.0005085422 0.22023143 2.7770582e-05 7.9196936e-05 0.8673538 0.1101435 4.036092e-06 6.907304e-05 2.7378692e-06 3.5211597e-05 0.008439886 7.014794e-05 9.807843e-07 1.3714925e-06 0.014585486 0.00045755593 1.5006937e-06 5.9047165e-05 4.32349e-05 0.03400503 0.0019052653 1.1962987e-06 3.7933057e-07 4.6163205e-08 2.2897264e-07 2.0451859e-07 7.992419e-05 3.7836813e-05 8.540666e-06 1.8471306e-09 2.9277821e-08 0.0027906112 5.128967e-07 1.6169638e-07 6.242967e-07 0.0008612321 1.3050195e-06 1.0092091e-07 1.1817318e-07 1.3245357e-06 3.9111086e-08 0.0014290826 0.0032054028 5.6721393e-07 8.8285574e-08 2.5883606e-08 3.83019e-08 1.8971096e-07 1.43234065e-08 1.9310274e-08 0.0015453135 4.4474407e-07 0.0021133488 0.019335426 1.7416951e-08 3.396896e-08 5.552303e-05 0.00014679349 1.0456233e-05 1.2975982e-08 3.850529e-05 0.010337788 0.00012935001 0.00086006447 1.6350147e-07 5.321057e-09 1.1051337e-05 7.202691e-06 5.495414e-07 0.006414934 2.631495e-06 1.00039514e-07 1.0582066e-06 3.5086842e-08 1.3342408e-06 1.0832331e-06 2.2740635e-06 1.4396042e-08 6.919721e-08 5.8180416e-07 8.894937e-07 2.295782e-08 3.759117e-08 2.282989e-05 2.8488364e-07 5.546168e-09
0.0027663806 0.7251561 0.9433046 0.86046743 5.6816956e-18 0.72604096 0.951148 0.6549826 0.053461324 0.017215684 0.0028415592 0.55878055 0.01839769 0.014610587 0.005226198 0.08081137 0.3388838 0.00021277556 0.26251552 0.013654223 0.00079391163 0.018559381 8.7038396e-05 3.7010213e-06 0.02060192 0.00044130016 1.204273e-05 2.3226104e-07 9.015143e-06 2.0964755e-05 5.723402e-05 2.103855e-06 8.582873e-06 1.013621e-05 0.0001469393 5.8194513e-07 1.4852541e-06 4.330028e-06 2.6197498e-07 6.9570083e-06 2.7779599e-08 1.6253494e-05 6.028931e-06 4.8562697e-06 6.782222e-11 5.390212e-09 4.5851166e-06 1.2884449e-06 6.868547e-07 2.0750795e-06 3.9824145e-06 2.533138e-07 1.0635699e-06 1.0521973e-07 3.3709014e-06 6.708394e-09 5.1418892e-06 0.00012525273 2.538691e-05 6.8927704e-08 4.206189e-07 1.06007105e-08 8.024309e-06 2.669232e-07 5.6909983e-08 6.856139e-05 4.3753178e-05 0.00012173463 0.00062188326 1.3750267e-07 4.7426005e-07 4.840459e-05 4.6268044e-05 1.26187015e-05 1.6931028e-07 0.00027376687 8.0381375e-05 0.000123586 0.00015077401 2.606298e-05 1.5565535e-08 2.38083e-05 0.0003893513 8.1992545e-07 0.00061294995 3.9402225e-05 2.332623e-06 0.00041274572 9.362584e-07 1.4640985e-06 6.461388e-05 1.2279672e-06 6.83309e-07 8.7108184e-08 2.2509084e-05 9.0093374e-07 5.586654e-06 1.1091856e-06 5.377039e-05 2.2344411e-06 8.63331e-08
0.00010981163 0.13121639 0.54341763 0.976473 0.72604096 3.3921168e-16 0.015368635 0.0027574096 0.00037501263 0.0010342648 0.00011392531 0.011410413 0.0008616096 1.4815561e-06 2.931184e-05 0.0011025458 0.8347617 1.2789539e-05 2.6759839e-05 0.0065761907 0.00026814803 1.116169e-06 1.1471119e-05 1.3480436e-06 5.9081634e-05 5.3400552e-05 7.701837e-06 1.0482656e-06 4.6619475e-06 2.3435363e-05 9.605488e-06 5.571501e-06 6.6401203e-06 2.955316e-06 0.00015277113 2.472208e-05 2.1581898e-06 4.38549e-07 1.3115154e-07 2.9406376e-06 9.059943e-08 9.780844e-06 1.0819482e-05 1.8082479e-06 4.071424e-09 1.3693355e-07 2.229842e-05 3.216687e-06 1.036048e-06 2.5248717e-06 2.1971606e-05 6.2968167e-07 5.0255174e-08 1.0995876e-06 4.1757003e-06 7.081305e-08 9.03984e-05 0.00019845463 8.264071e-06 1.9336924e-06 3.5308236e-07 2.3939315e-06 9.1391604e-07 4.0243324e-07 2.185464e-07 0.000107203225 3.584277e-06 7.5430195e-05 0.0021099444 1.1859966e-08 3.5327044e-08 1.0002816e-05 8.538e-05 5.7164384e-06 2.691458e-07 3.531339e-05 0.0003002039 6.510289e-05 3.6892638e-05 5.41601e-06 3.948633e-07 8.761934e-06 1.071536e-05 6.317012e-06 9.954451e-05 1.5464339e-05 9.264133e-06 5.5598716e-06 3.4547205e-07 2.738035e-05 2.842029e-06 2.7019561e-05 4.7123823e-08 1.0785182e-06 3.667068e-06 9.771181e-07 6.785853e-07 7.698363e-08 1.0201972e-05 8.2163e-06 9.550586e-09
0.00050361955 0.18562536 0.56000704 0.019757517 0.951148 0.015368635 1.26106164e-20 0.7577517 0.07655765 0.02365514 0.01990585 0.73160756 0.011022336 0.049282663 0.035544787 0.23956385 0.022846771 0.011458415 0.18639337 0.0012484565 0.0005973414 0.0285514 0.0073552174 0.0015288234 0.04233123 0.0003154859 0.0013541912 0.00065832504 0.0019276147 7.695574e-06 0.0004085583 0.00010947849 6.327367e-05 1.7871822e-05 3.8524176e-05 1.7231171e-06 9.393726e-05 4.0098745e-05 7.3013916e-07 6.92263e-05 1.6240223e-06 3.495752e-06 3.6069207e-05 2.681832e-05 4.8519966e-10 4.9527213e-08 1.5738951e-05 3.5097204e-05 1.2285196e-05 9.582906e-06 3.5079083e-06 1.3827133e-06 4.4791204e-06 2.7087117e-06 7.42955e-06 2.2032046e-08 4.7701113e-05 0.00019452062 5.2073523e-05 3.9352386e-07 1.6265946e-07 2.21293e-07 6.262854e-05 1.13903184e-07 1.115566e-07 0.00015172819 0.00017201077 1.750153e-05 0.00017281134 1.839217e-07 2.5397492e-07 3.6907666e-05 3.1394993e-05 7.5173857e-06 1.7071063e-07 0.00054100406 7.6288375e-06 0.00035259532 0.00010486547 0.00018060609 1.6866647e-07 0.00041360018 0.00037421007 1.4426305e-06 0.00015288408 0.001160766 1.0798093e-05 0.0023696083 9.915792e-07 1.91925e-06 0.00017913005 8.341808e-05 6.209898e-07 7.0692647e-07 0.0007340305 4.7160174e-05 1.581667e-05 1.2270953e-06 1.25108445e-05 0.00031555237 5.68515e-08
0.12544024 0.24184307 0.26690653 0.0026995118 0.6549826 0.0027574096 0.7577517 8.109226e-15 0.82379365 0.4951125 0.6310244 0.09684913 0.11905845 0.9021351 0.91995096 0.84535706 0.010733719 0.49152935 0.53706485 0.005369885 0.009754967 0.13039511 0.42381436 0.33770692 0.5409339 0.02143135 0.08550629 0.087958574 0.09417805 0.0038696744 0.04220547 0.00064671517 0.01282287 0.0026454083 0.00012310254 0.00014152013 0.017095465 5.5741875e-05 2.3266075e-05 0.0130679 3.1037453e-07 0.00065989856 0.00084885 0.0007033439 1.7368791e-07 8.4070894e-07 4.552067e-05 0.0019091695 0.0014577593 0.0015005394 0.00044183858 0.00040819007 7.160279e-07 9.774611e-05 0.00028928646 2.6378666e-06 5.867175e-05 8.646942e-05 0.00090653513 1.9422835e-07 5.007995e-07 5.469982e-07 0.0009587323 1.8918631e-07 1.931605e-07 0.00014838894 0.0011143018 0.00055384176 0.00011563608 1.2937947e-08 3.9871832e-08 0.00033919094 0.0005555261 0.000509777 6.4729974e-08 0.0013302049 7.468248e-05 0.00092583 0.0007522718 0.00037140152 3.0352667e-09 0.0006589745 0.0006946924 1.8912343e-06 0.00037327906 0.0040300842 7.758606e-07 0.00028918328 5.2663054e-08 2.9421046e-06 5.710448e-05 1.1670881e-05 2.9657878e-08 2.0473168e-07 3.2447908e-05 3.5922778e-06 5.7448683e-06 1.6090767e-07 0.00032639888 2.9243181e-05 1.05636735e-08
0.44870105 0.44976175 0.10968662 0.0018387183 0.053461324 0.00037501263 0.07655765 0.82379365 8.092869e-17 0.971193 0.95941645 0.0049741175 0.48799846 0.22256927 0.62268996 0.038333677 0.0006490046 0.5371262 0.004424219 0.019708013 0.06118262 0.00038173687 0.52802765 0.30973023 0.022405302 0.108867295 0.31685695 0.016506594 0.0077801086 0.034066036 0.17352664 0.0061286637 0.03340341 0.051650204 0.00077130983 0.0032058565 0.0027617177 6.737972e-05 3.5868845e-05 0.0006980564 3.5998123e-06 0.0050861593 0.011741437 0.008828938 5.6401416e-07 1.0682143e-06 0.00030641258 0.00085475977 0.003586315 0.002005322 0.0027734218 0.0016678009 3.5544464e-05 3.979995e-06 1.8844625e-05 2.5919658e-07 0.0003329911 0.00073492044 0.0004678175 1.9131963e-07 4.204876e-06 2.5965244e-08 0.00092550163 4.3074186e-07 1.851124e-08 0.0006709915 7.1081566e-05 0.0013785004 0.00030197066 3.4070652e-07 1.9418994e-06 0.00093185133 0.001656946 0.00127107 5.1238624e-07 0.0016630345 0.00017322318 0.0015283031 0.002152369 3.759779e-05 5.882994e-08 5.270097e-05 0.00030828937 4.528577e-07 0.00243755 4.4557706e-05 8.656208e-07 4.517392e-05 4.5117173e-07 8.4945805e-07 3.868644e-06 6.480549e-07 3.3838543e-07 2.781958e-08 1.1381161e-06 1.3114524e-06 2.5770407e-06 2.4687997e-06 0.00064298045 6.3640555e-06 1.091769e-07
0.73603857 0.59136087 0.15483618 0.0048297937 0.017215684 0.0010342648 0.02365514 0.4951125 0.971193 1.545341e-17 0.9007158 0.0019336713 0.92060673 0.07188255 0.17290628 0.01234612 0.0009375321 0.1203529 0.00075672247 0.12119763 0.36907944 0.00020232615 0.3411328 0.055943362 0.043883566 0.32656965 0.39815184 0.0018038879 0.0035139506 0.19497542 0.35301012 0.0011142462 0.035493843 0.121321805 0.010076585 0.01552708 0.0004476364 3.2458433e-05 2.0294947e-05 7.243074e-05 3.7812226e-06 0.027995115 0.045295425 0.026197614 1.267997e-07 3.544629e-07 0.003311131 0.0001133559 0.0009309418 0.00069280586 0.016199382 0.005919393 1.9843561e-05 1.8682678e-07 1.2849708e-06 7.90055e-08 0.0021586313 0.0033329164 0.0001465831 6.5877714e-07 1.3794416e-06 2.1464771e-08 0.00014834224 5.3076525e-07 2.4448683e-08 0.00074048777 2.5358054e-06 0.0068047508 0.00054519676 4.3252342e-07 1.187664e-06 0.0037660738 0.0038121827 0.0011130922 4.30525e-07 0.0018201204 0.0005443881 0.0026386068 0.0056405487 2.9215512e-06 3.8378023e-08 1.636375e-05 0.0002818614 1.9292871e-07 0.0035665294 1.5027446e-06 2.7352112e-07 0.00012199589 2.7909118e-07 3.7468428e-07 8.132686e-07 9.904711e-08 3.7420685e-07 1.0089431e-08 9.094605e-08 8.551885e-07 2.2753607e-06 6.248926e-06 0.0008048642 1.5093183e-06 5.5755084e-08
0.81396586 0.2651547 0.023244945 0.00049793615 0.0028415592 0.00011392531 0.01990585 0.6310244 0.95941645 0.9007158 6.2454836e-17 0.0004959613 0.484857 0.21488987 0.69372475 0.02924762 0.00015932704 0.6982261 0.00043216374 0.005438036 0.016317049 0.00012167833 0.8206008 0.47861007 0.056956578 0.14079171 0.66751444 0.017100284 0.012765292 0.038535137 0.44599354 0.017023124 0.12061086 0.110733 0.0017200413 0.0062140957 0.0046066963 0.0005510243 0.00037577414 0.0030624885 5.340371e-05 0.02769147 0.048086584 0.024637226 2.7871962e-05 2.2886043e-05 0.0017737462 0.0034174516 0.017822294 0.008679012 0.007995179 0.024125598 0.00011508841 6.206683e-05 0.00029849412 1.1130973e-05 0.000722921 0.0038357317 0.0017953564 1.4969737e-05 1.5601197e-05 8.752893e-07 0.003512215 9.753748e-06 1.8942741e-06 0.0006400527 0.00051610643 0.008618808 0.0006062724 4.0122268e-07 1.4042369e-05 0.01029362 0.006297373 0.007983605 4.7034837e-06 0.011278698 0.0003385893 0.008553106 0.008389162 0.00015449915 4.136581e-07 0.00048802074 0.0030794295 7.208896e-06 0.002596661 0.0003365651 6.337256e-06 0.0022098438 3.207023e-06 4.216698e-06 0.00048116065 5.7334564e-06 1.1110659e-06 4.2540054e-07 2.3297494e-05 1.9770723e-05 6.9002945e-06 2.1593229e-05 0.0013138102 7.335025e-05 3.7076182e-07
5.8718797e-06 0.018638942 0.14913239 0.008420816 0.55878055 0.011410413 0.73160756 0.09684913 0.0049741175 0.0019336713 0.0004959613 2.0620643e-18 0.00022755344 0.0051617776 0.0018337879 0.06976157 0.503532 0.00058559363 0.10066195 0.00041676834 2.4406414e-05 0.0019397275 0.0003848103 8.137776e-05 0.004958916 7.3666233e-06 1.1124139e-05 1.6706886e-06 1.3775297e-05 9.67669e-06 8.522198e-06 9.0717236e-07 2.3473535e-06 2.3429407e-06 1.1791977e-05 3.0220342e-06 5.9054396e-06 1.3339678e-05 5.136955e-07 9.390367e-07 3.773015e-07 4.922089e-07 2.2825852e-06 5.474976e-07 6.0333445e-09 4.991185e-08 6.466131e-06 7.1049e-06 1.766151e-06 8.022483e-07 1.6394906e-06 3.35378e-07 4.7571683e-07 4.6875664e-07 1.6420568e-06 5.303278e-08 3.0113102e-05 0.00012876195 1.0000041e-05 6.1461435e-07 1.3111703e-07 2.185736e-06 3.0328945e-05 1.17398905e-07 1.4900401e-07 6.862975e-05 1.1355558e-05 2.2632035e-05 0.001105159 3.1220637e-08 1.08843814e-07 1.9259717e-06 5.2065672e-05 4.5492397e-06 2.3689019e-08 4.0283605e-05 4.8360936e-05 0.00010129461 2.2004633e-05 3.3717264e-05 9.445748e-09 1.7881555e-05 3.270833e-05 9.858163e-07 0.00016638119 9.864615e-05 7.8123315e-07 3.6415666e-05 1.0483591e-07 1.1122241e-05 2.3380137e-05 7.46744e-06 1.9182965e-08 2.3872278e-07 3.6188508e-06 1.8012001e-06 1.8376232e-07 2.4687385e-08 1.7465947e-05 1.821888e-06 6.6125962e-09
0.8451398 0.91615343 0.20496881 0.05552518 0.01839769 0.0008616096 0.011022336 0.11905845 0.48799846 0.92060673 0.484857 0.00022755344 8.3204205e-16 0.0038164807 0.019091468 0.0019572214 0.0003316537 0.0140733 0.00058234186 0.22563744 0.8607951 7.958701e-05 0.061279625 0.0013398264 0.002574069 0.8800024 0.060816776 0.00010634106 0.00027629954 0.77333254 0.23914763 0.0001781936 0.0060937093 0.10229445 0.09157486 0.10221327 7.469979e-05 0.0001152058 0.00014745281 1.0725594e-05 3.6000478e-05 0.027418314 0.035263225 0.012691362 1.5987665e-06 4.098824e-05 0.025987618 3.3593657e-05 0.00020976763 0.00024361686 0.11965824 0.001330708 0.0007270233 1.1710085e-06 1.539158e-05 7.4282884e-06 0.03456646 0.022040188 4.470749e-05 0.00010093887 0.00012240914 1.3854458e-06 6.823342e-05 1.2779324e-05 5.749374e-06 0.009882709 4.5101237e-06 0.042291474 0.0123009775 4.1186515e-05 0.0008042976 0.011030733 0.015946895 0.006034689 5.6473887e-06 0.0022230542 0.0078342 0.004155355 0.036785804 2.1839257e-06 9.324953e-07 3.4010045e-05 0.00048544086 4.1161344e-05 0.020265754 1.630482e-05 2.2121243e-05 6.5793894e-05 2.6862728e-05 4.1954827e-06 4.0928967e-06 8.8935883e-07 0.00012712112 2.5086154e-06 2.3353828e-06 4.251047e-06 0.0005978543 0.00033230463 0.0019179756 2.2750819e-05 2.8116883e-05
0.0034987642 0.0082033025 0.0032171337 3.2741114e-06 0.014610587 1.4815561e-06 0.049282663 0.9021351 0.22256927 0.07188255 0.21488987 0.0051617776 0.0038164807 7.8732136e-20 0.7506539 0.9048448 6.608114e-05 0.2544841 0.06009953 7.180329e-05 0.00013307652 0.03798167 0.1668665 0.17056237 0.5125 0.0010059135 0.01832506 0.12852234 0.14112724 7.646035e-06 0.007972473 0.024190372 0.0021056877 0.00011594992 1.6632669e-07 4.421233e-06 0.017630633 0.003023689 0.00014303083 0.015080243 1.5285295e-05 1.1334968e-05 5.4397166e-05 1.7110036e-05 1.2922658e-06 1.779857e-06 6.481361e-08 0.0027440703 0.00052313687 0.0009441552 5.581105e-06 4.004345e-05 1.7421007e-06 0.000582072 0.00021867642 9.442902e-07 8.462638e-06 5.0718163e-06 0.0006270262 3.6285147e-07 1.3303139e-07 2.0170721e-07 0.00034846467 1.7581945e-07 7.9586435e-08 4.508049e-05 0.00024251554 5.9602404e-05 7.8238245e-06 7.0027845e-08 1.2792663e-07 0.00011772556 7.719909e-05 5.9660124e-05 3.3855763e-08 0.00028258996 4.6228856e-06 0.00028032638 9.4199844e-05 2.0037493e-05 1.2868914e-08 0.000105800274 5.9060792e-05 2.538104e-06 0.00015521349 0.00039282892 2.9096616e-06 6.571871e-05 7.101665e-07 4.3028886e-06 3.3809385e-05 1.0218653e-05 2.4687054e-08 2.6517506e-07 1.0710455e-05 8.071221e-07 4.707228e-07 1.795089e-07 1.06067855e-05 3.957891e-06 8.6521315e-09
0.54523593 0.017325072 0.0061093187 5.0081002e-05 0.005226198 2.931184e-05 0.035544787 0.91995096 0.62268996 0.17290628 0.69372475 0.0018337879 0.019091468 0.7506539 9.0397586e-17 0.3370235 8.719958e-05 0.969447 0.01642685 0.00054909696 0.0005479723 0.004681668 0.6640875 0.7177421 0.31182572 0.007458217 0.25936168 0.39852124 0.09968255 0.00070057646 0.05410852 0.06713461 0.030119749 0.0063376767 3.991726e-06 7.164474e-05 0.068862624 0.004510498 0.0014102742 0.028094415 9.949182e-05 0.00021189652 0.0015840406 0.0010413538 0.00014990332 9.362289e-05 2.4974654e-06 0.013585836 0.011729517 0.016058417 7.668655e-05 0.002528719 7.341295e-05 0.00073853915 0.0006140613 3.1806383e-05 2.8734756e-05 9.773064e-05 0.0029464797 9.344588e-06 2.544554e-05 1.2650228e-06 0.003910557 7.4079076e-06 8.6949547e-07 0.00015119274 0.0006775772 0.00022034507 4.160704e-05 8.338916e-08 2.5220606e-06 0.00053019664 0.00054142677 0.00091867556 1.9036314e-06 0.002995754 8.696235e-06 0.0026935637 0.0003114775 0.0004117053 3.9989328e-07 0.00023344834 0.0009223806 5.5382166e-06 0.0003503512 0.0011411986 2.1712895e-05 0.000461882 5.8403202e-06 4.1772455e-06 0.00019236 1.5151007e-05 7.758502e-07 3.1936779e-07 2.5106416e-05 4.4193143e-06 1.3736806e-05 1.4054495e-05 0.0002253066 5.6812027e-05 8.849108e-08
0.002045197 0.009978637 0.012426872 0.0005085422 0.08081137 0.0011025458 0.23956385 0.84535706 0.038333677 0.01234612 0.02924762 0.06976157 0.0019572214 0.9048448 0.3370235 3.657302e-16 0.006275326 0.053102583 0.6525538 0.0004704287 0.00051835243 0.463794 0.03084735 0.025539417 0.9720503 0.00031776112 0.004072213 0.018302789 0.03206959 3.0796991e-06 0.0009933114 0.037633616 0.0002405062 0.00015022747 1.890394e-06 1.0168016e-05 0.0043788436 0.011723618 0.0030568584 0.005012539 0.00037496924 1.7586222e-05 0.00013226764 3.290148e-05 1.4496083e-05 0.00012374143 5.5784415e-07 0.0012106948 0.00011628745 6.940366e-05 9.2562905e-06 2.1178104e-05 0.0008078672 0.00017221019 0.00020077461 1.0963474e-05 3.9652827e-05 2.3733262e-05 0.0002193201 2.9241897e-05 3.914767e-05 3.246879e-06 9.0829e-05 2.0163587e-05 2.499026e-06 0.00014251572 0.00020326124 1.3023496e-05 0.00019407015 9.259981e-06 8.513056e-05 1.9096311e-05 8.7640685e-05 3.853472e-05 1.8962633e-05 2.7093514e-05 5.7525494e-06 0.00013629186 3.171025e-05 5.7919064e-05 2.6043192e-06 2.3519393e-05 4.675521e-05 1.2962593e-05 8.8688146e-05 0.00039842603 3.3250923e-05 8.560311e-06 4.3394142e-05 9.892788e-06 1.3699716e-05 8.796751e-05 1.8764586e-05 1.2163929e-05 4.7945847e-05 3.3592023e-05 0.00044574522 1.07158085e-05 1.9513113e-06 0.000111772315 4.1492047e-05
1.7975518e-06 0.023098491 0.12916979 0.22023143 0.3388838 0.8347617 0.022846771 0.010733719 0.0006490046 0.0009375321 0.00015932704 0.503532 0.0003316537 6.608114e-05 8.719958e-05 0.006275326 5.0755616e-19 3.5136185e-05 0.0066785626 0.0023716567 4.190958e-05 0.00016636659 3.6208894e-05 1.4707411e-05 0.00059538666 8.882735e-06 7.4111085e-06 1.475417e-06 7.40079e-06 1.5179367e-05 1.0660716e-05 6.11543e-07 1.1199077e-05 5.796263e-06 0.00018134166 1.3294795e-05 2.9228165e-06 5.650627e-06 2.1061102e-07 2.40507e-07 2.798017e-07 3.888292e-06 4.0854325e-06 1.1031378e-06 3.1253626e-09 2.3992772e-08 2.80495e-05 2.5106115e-06 7.768126e-07 1.8471641e-07 2.2535956e-05 2.3743719e-07 1.5367593e-08 3.9402934e-07 3.013311e-06 3.12428e-08 4.2699303e-05 0.0002676603 3.8756752e-06 3.4233338e-07 8.847809e-08 1.1824437e-06 7.2560056e-06 6.813897e-08 1.4187951e-07 0.00017054022 4.864091e-07 0.00011663943 0.006731663 3.7653244e-08 3.427589e-08 1.8763261e-05 5.6383353e-05 5.62608e-06 2.8388135e-08 6.264079e-05 0.0004550218 3.4120992e-05 0.00019561409 3.7178993e-06 2.0161671e-08 1.7820372e-05 2.1340787e-05 2.4282888e-06 0.00066541653 2.415803e-05 4.775778e-07 5.1520274e-05 8.307325e-08 1.3388721e-05 1.3890703e-05 1.5005893e-06 9.797606e-09 1.1110304e-07 7.902476e-07 3.216251e-08 2.4782295e-07 1.7719055e-08 0.00017661038 1.2704409e-07 3.6039683e-08
0.64620984 0.0117997285 0.00026188896 2.7770582e-05 0.00021277556 1.2789539e-05 0.011458415 0.49152935 0.5371262 0.1203529 0.6982261 0.00058559363 0.0140733 0.2544841 0.969447 0.053102583 3.5136185e-05 2.1604632e-19 0.0013620876 0.0008254292 0.0009339795 0.0005619944 0.89357823 0.8694949 0.07767587 0.009693395 0.53245205 0.3528414 0.120254464 0.0013026211 0.085199684 0.0664335 0.073473774 0.022416027 4.1587366e-05 0.00026324939 0.07613746 0.004238684 0.001206183 0.018153332 0.00029802992 0.0012896871 0.005283972 0.0046701804 0.0004060062 0.00014544044 9.815587e-06 0.009608549 0.026255663 0.027535336 0.00061919005 0.010853003 0.00019842928 0.0009006765 0.0013011778 0.0001354172 0.00013461501 0.00016779442 0.0070435214 3.1104453e-05 2.1160884e-05 4.271154e-06 0.0116492305 1.4530533e-05 1.5077697e-05 0.00029552545 0.0020145003 0.0015590444 4.897367e-05 4.6300613e-07 5.2192718e-06 0.003655321 0.0019804041 0.004105058 1.9899362e-06 0.010447946 4.5025667e-05 0.007315036 0.0022817878 0.0011846261 4.1000007e-07 0.00092963444 0.0033339926 1.1103164e-05 0.0009847208 0.0012108282 1.19897995e-05 0.004150638 2.3437499e-06 1.00083125e-05 0.0019430425 2.5396183e-05 2.41285e-06 6.02845e-07 0.0001624656 3.127516e-05 1.2463163e-05 2.1636788e-05 0.000351187 0.000314297 1.0596552e-07
2.4366853e-05 0.0016743214 0.021603825 7.9196936e-05 0.26251552 2.6759839e-05 0.18639337 0.53706485 0.004424219 0.00075672247 0.00043216374 0.10066195 0.00058234186 0.06009953 0.01642685 0.6525538 0.0066785626 0.0013620876 3.3087082e-19 0.0006153416 3.821745e-05 0.6419564 0.0019771827 0.000311968 0.8024123 1.809213e-05 1.7017783e-05 0.00039625328 0.002416567 6.482895e-06 6.3108186e-05 0.00015398505 9.664673e-06 4.8924045e-07 9.037585e-06 3.3399178e-07 0.00021604795 6.114532e-05 1.4570345e-05 7.843963e-05 1.7062935e-06 7.7011244e-08 1.3320538e-06 1.5700137e-07 2.2337376e-08 1.3874555e-06 2.8362158e-06 4.776407e-05 4.973166e-07 1.606406e-05 5.925662e-07 2.0715516e-08 5.009765e-06 1.7615184e-06 1.1392721e-05 1.1230617e-07 2.8609493e-05 3.634971e-05 0.00017134391 2.9917027e-07 5.4711734e-08 1.8705937e-06 4.164757e-05 7.045227e-08 8.193877e-07 9.659075e-05 9.154043e-05 5.7864486e-06 0.00013205451 9.302432e-08 2.007586e-07 6.619032e-07 1.8154837e-05 1.9971606e-06 2.1459613e-08 4.7870824e-05 1.2410243e-05 5.0203562e-05 7.604569e-06 6.173035e-05 8.026247e-09 0.00021911939 2.6885285e-05 1.3684106e-06 4.7200214e-05 0.0005695242 1.4194657e-06 3.223119e-05 1.8363727e-07 2.8678674e-06 1.8912588e-05 2.0005664e-05 8.6871246e-08 3.197353e-07 9.792488e-05 1.7737324e-07 1.0296323e-07 2.8423733e-08 2.3618807e-07 1.0346638e-06 1.199633e-07
0.3831315 0.7480795 0.14508328 0.8673538 0.013654223 0.0065761907 0.0012484565 0.005369885 0.019708013 0.12119763 0.005438036 0.00041676834 0.22563744 7.180329e-05 0.00054909696 0.0004704287 0.0023716567 0.0008254292 0.0006153416 7.5843023e-16 0.98661727 1.1053846e-05 0.002125385 5.1250256e-05 0.0016198067 0.02639093 0.0008911695 1.2269333e-05 4.1067982e-05 0.11032519 0.0153129175 0.00078098587 0.00040422168 0.008369185 0.8305176 0.030506175 2.0587022e-05 5.691202e-05 0.000109945555 1.5924591e-06 2.5962461e-05 0.0030159766 0.0039373846 0.0011372715 2.8950043e-07 6.459536e-06 0.17773406 1.0537237e-05 1.132115e-05 1.7152794e-05 0.055155423 0.000108629945 5.0471048e-05 1.3903046e-06 5.225632e-06 1.2011355e-06 0.054937284 0.092375085 1.5110243e-05 2.2506209e-05 1.3519375e-05 6.643145e-07 2.7542805e-05 1.16812025e-05 1.9208896e-07 0.031036159 1.0346716e-06 0.018927276 0.25553015 3.583486e-05 1.1025314e-05 0.0012152786 0.0032683914 0.00040594582 4.500051e-07 0.00020979845 0.10236963 0.0006893763 0.0129089 8.392434e-06 1.4955197e-07 1.1824376e-05 8.326389e-05 1.6671966e-06 0.054332767 7.2281236e-06 4.912795e-07 6.2845515e-06 4.650391e-07 1.3733957e-06 4.7377525e-06 9.208025e-08 2.9634243e-06 1.553955e-08 3.5452035e-07 3.1079708e-08 3.3981254e-07 2.0138039e-06 0.0010218805 4.3378378e-07 6.1220885e-07
0.81573313 0.5625464 0.03604609 0.1101435 0.00079391163 0.00026814803 0.0005973414 0.009754967 0.06118262 0.36907944 0.016317049 2.4406414e-05 0.8607951 0.00013307652 0.0005479723 0.00051835243 4.190958e-05 0.0009339795 3.821745e-05 0.98661727 1.222033e-15 1.680569e-06 0.0027603272 3.046159e-05 3.1121723e-05 0.3478581 0.0019162387 1.5243203e-06 3.7287173e-05 0.7135824 0.12943281 2.3031032e-05 0.00039952376 0.06700852 0.70774186 0.21568331 2.3950584e-05 0.00022057783 0.00035506013 3.1455422e-06 0.00012684368 0.04709299 0.015897576 0.0038634513 4.455048e-07 2.2210215e-05 0.13132288 5.8418123e-06 6.3638945e-05 0.00019874897 0.2495373 0.00021953858 0.000391145 2.0490532e-07 8.469629e-06 8.603877e-06 0.10950845 0.085916325 1.2791882e-05 6.387913e-05 0.00012983088 4.8938864e-06 2.4704968e-05 4.9558566e-05 3.4841e-06 0.049392425 6.1719817e-07 0.11113026 0.10073866 2.9632281e-05 0.0007634169 0.013755509 0.026549265 0.007179378 4.331028e-06 0.0016623472 0.04521003 0.006608209 0.06470347 4.1719164e-07 5.2905614e-07 1.989216e-05 0.00081426004 1.2002567e-05 0.09551155 2.7949566e-06 8.390057e-06 0.00013619947 1.1945539e-05 4.991114e-06 1.9886536e-06 6.2602743e-07 6.6285524e-05 2.9917254e-07 1.3105151e-07 7.814335e-07 6.0311563e-06 0.00025279724 0.0023666394 2.5877329e-05 9.690621e-07
1.751598e-06 0.00010465167 0.00089958456 4.036092e-06 0.018559381 1.116169e-06 0.0285514 0.13039511 0.00038173687 0.00020232615 0.00012167833 0.0019397275 7.958701e-05 0.03798167 0.004681668 0.463794 0.00016636659 0.0005619944 0.6419564 1.1053846e-05 1.680569e-06 8.064958e-22 0.0003916816 0.00014105621 0.7942105 5.836823e-06 3.3316563e-05 0.0004987688 0.0011754859 5.546692e-07 2.9069563e-05 0.0010456245 1.030542e-05 2.757955e-07 7.1192557e-07 1.12939645e-07 0.00024751958 0.00015442727 0.00022002966 0.00018145879 2.4507979e-06 8.1021724e-08 4.307813e-07 1.2598414e-07 8.602002e-07 5.291462e-06 3.2601446e-07 0.00013188209 1.225901e-06 9.743651e-06 1.441454e-07 6.344373e-08 2.5143603e-05 6.2785257e-06 3.231404e-05 3.2197423e-07 2.7599767e-06 5.563595e-06 4.094683e-05 4.1750965e-07 1.4842747e-07 1.5292184e-06 1.4358632e-05 8.829937e-08 7.496906e-07 1.0646551e-05 3.0012474e-05 2.7869664e-06 6.800128e-06 5.7414974e-07 9.813073e-07 2.3870878e-06 3.4977934e-06 8.6114574e-07 5.0785626e-08 1.16355395e-05 2.5776464e-07 2.226561e-05 1.4479302e-06 5.8497208e-05 5.4933206e-08 6.2373794e-05 3.981837e-06 7.109383e-07 5.397669e-06 0.00020127362 1.937288e-06 2.7594192e-06 3.362568e-07 1.6343716e-06 5.2554083e-06 2.4397223e-05 1.2307113e-07 5.27175e-07 3.0002142e-05 1.0454264e-06 2.6455467e-07 5.4997784e-08 2.2767301e-08 4.189342e-06 3.6208476e-07
0.7718904 0.05250755 0.0013662226 6.907304e-05 8.7038396e-05 1.1471119e-05 0.0073552174 0.42381436 0.52802765 0.3411328 0.8206008 0.0003848103 0.061279625 0.1668665 0.6640875 0.03084735 3.6208894e-05 0.89357823 0.0019771827 0.002125385 0.0027603272 0.0003916816 2.657741e-18 0.9429351 0.08273489 0.03950412 0.91190845 0.2813806 0.1263637 0.004176441 0.2967997 0.08263178 0.2142733 0.07227735 0.00030578437 0.0009840421 0.056557912 0.00033680626 0.0017516016 0.01929665 8.2748e-05 0.007315269 0.018945733 0.019101921 0.00050232565 0.000105596664 0.00023779494 0.0057612956 0.035239592 0.019313242 0.00085512584 0.036163438 8.9450936e-05 0.0005260634 0.0010701339 7.2128336e-05 0.00015405688 0.00058860925 0.0050432417 1.0970126e-05 1.0274391e-05 3.4118075e-06 0.0077348254 5.979042e-06 7.941834e-06 0.00027515725 0.00081018 0.0030332287 4.1472624e-05 6.2788246e-08 1.3181857e-06 0.011323468 0.0035282592 0.01305141 1.7975534e-06 0.022123903 8.2674014e-05 0.021009691 0.0035861426 0.00091919565 4.0206115e-07 0.0006236835 0.0058415206 9.448538e-06 0.0013523413 0.00046561207 3.755151e-06 0.006439141 1.6441409e-06 2.5801453e-05 0.0015261838 7.534568e-06 2.5536653e-07 1.8138014e-07 0.00019277689 3.879427e-05 9.354341e-06 1.0288192e-06 0.0009908174 6.497189e-05 3.1507604e-08
0.91359556 0.007875258 4.0974835e-05 2.7378692e-06 3.7010213e-06 1.3480436e-06 0.0015288234 0.33770692 0.30973023 0.055943362 0.47861007 8.137776e-05 0.0013398264 0.17056237 0.7177421 0.025539417 1.4707411e-05 0.8694949 0.000311968 5.1250256e-05 3.046159e-05 0.00014105621 0.9429351 4.837445e-20 0.021769036 0.004305641 0.8946737 0.6707354 0.26730302 0.00019454121 0.17434256 0.14996389 0.38457724 0.0378351 7.348374e-06 3.5551242e-05 0.57566273 0.00063513475 0.0012150921 0.12131177 0.0001202971 0.002069082 0.010926302 0.010199799 0.0013779639 0.0005417111 6.554317e-06 0.0567464 0.18986873 0.1740735 0.0001376195 0.10722237 0.00021683545 0.003104748 0.0026275604 0.00022623784 3.7200472e-05 0.00019201616 0.0211513 5.8220157e-05 3.350813e-05 1.9574929e-05 0.033332217 2.5608457e-05 6.4466585e-05 0.00015884987 0.0044374727 0.002241351 4.126633e-05 1.529088e-07 9.430928e-06 0.0177117 0.0056797536 0.024928255 1.3410994e-05 0.06864372 1.762437e-05 0.03213731 0.0037536423 0.0046063014 5.095942e-06 0.0027438307 0.02107278 1.1936622e-05 0.0012480923 0.0026949656 3.3807257e-05 0.03878511 1.2922466e-05 3.9150586e-05 0.01625493 2.8808097e-05 5.3416545e-07 1.9344411e-06 0.0010669854 6.712734e-05 7.7520335e-06 1.7238708e-05 0.0012784571 0.00024462325 1.933413e-07
0.0019158542 0.019773727 0.0028577887 3.5211597e-05 0.02060192 5.9081634e-05 0.04233123 0.5409339 0.022405302 0.043883566 0.056956578 0.004958916 0.002574069 0.5125 0.31182572 0.9720503 0.00059538666 0.07767587 0.8024123 0.0016198067 3.1121723e-05 0.7942105 0.08273489 0.021769036 1.9653333e-17 0.0012237909 0.011746185 0.09099689 0.3477734 9.249686e-05 0.003985986 0.5128634 0.0036229084 0.0019195805 0.0001066548 1.7350847e-05 0.048836973 0.87726635 0.29914024 0.09104554 0.3931495 3.2865293e-05 0.00022144915 1.4230365e-05 0.022310073 0.066356026 4.304727e-06 0.022584325 0.00012709638 0.005736717 4.4448716e-05 1.1915036e-05 0.0952385 0.0047988645 0.00310432 0.0019080827 0.0003678429 0.0010486457 0.0047844015 0.000722884 0.0010883624 0.0015303106 0.0016326302 6.67302e-05 5.3322845e-05 0.0020117154 0.001687891 1.1355108e-06 0.0012392934 0.003289127 0.0019380901 2.2490009e-05 7.69345e-05 2.0602009e-05 5.4922048e-06 8.368774e-05 7.678632e-06 0.0011721131 3.6948672e-06 0.0050266944 1.6628117e-05 0.0008862939 4.866834e-05 0.0029267203 0.00017428087 0.0033315693 0.00048583891 4.8814222e-06 9.8756565e-05 0.0015931807 7.485169e-05 0.009353072 3.342091e-05 0.00011256228 0.0006589726 0.00031465926 0.0014640637 1.7729006e-05 2.64603e-06 0.004379054 0.0020676393
0.82215375 0.34786946 0.02009887 0.008439886 0.00044130016 5.3400552e-05 0.0003154859 0.02143135 0.108867295 0.32656965 0.14079171 7.3666233e-06 0.8800024 0.0010059135 0.007458217 0.00031776112 8.882735e-06 0.009693395 1.809213e-05 0.02639093 0.3478581 5.836823e-06 0.03950412 0.004305641 0.0012237909 4.0213577e-17 0.14941649 0.00025871617 0.00044441214 0.96858424 0.8861116 2.3718578e-05 0.08041542 0.6848542 0.12369328 0.370594 0.0001325022 9.3905155e-06 3.9780887e-05 3.1356125e-05 1.1706573e-05 0.32142136 0.1796711 0.05768292 4.0861084e-07 3.1470126e-06 0.038634703 3.3353634e-05 0.0017697003 0.00035059432 0.20972033 0.012302608 8.983149e-06 5.737359e-07 1.7737986e-05 3.102498e-06 0.056048766 0.040308204 1.8911469e-05 2.890002e-06 1.0253253e-06 1.370708e-06 3.6580444e-05 5.052811e-07 2.3509492e-06 0.015159167 1.5871874e-06 0.0863815 0.00682775 2.2071565e-06 2.8916742e-05 0.045858737 0.054388996 0.0389457 2.4516967e-07 0.008454898 0.008070148 0.027118633 0.09793278 2.4028498e-06 1.9966805e-08 8.626405e-06 0.002900128 2.9792645e-06 0.047591697 4.755769e-06 1.0562838e-06 0.00061789027 1.0320404e-06 2.6873095e-06 7.4920135e-06 9.534519e-08 2.4242428e-05 1.0575271e-07 8.794168e-07 2.836366e-07 6.1880805e-06 5.8056235e-06 0.016573349 3.7133068e-06 5.623165e-07
0.9368985 0.05371878 0.0016323047 7.014794e-05 1.204273e-05 7.701837e-06 0.0013541912 0.08550629 0.31685695 0.39815184 0.66751444 1.1124139e-05 0.060816776 0.01832506 0.25936168 0.004072213 7.4111085e-06 0.53245205 1.7017783e-05 0.0008911695 0.0019162387 3.3316563e-05 0.91190845 0.8946737 0.011746185 0.14941649 2.2592836e-16 0.12250617 0.051073987 0.017850319 0.8830932 0.032529384 0.9304609 0.2514708 0.00023592234 0.0017183123 0.098524734 1.4232592e-05 0.0003937666 0.017543333 3.3244974e-06 0.023805786 0.09166017 0.0931668 5.691137e-05 3.9324816e-05 0.00022371876 0.010176864 0.27703503 0.11352051 0.0039461455 0.3494794 1.1067485e-05 0.0012274007 0.00052976835 2.9652463e-05 0.00070500636 0.0012243891 0.009331569 9.740269e-06 6.798047e-06 5.4192083e-06 0.01819401 2.752483e-06 6.24144e-06 0.0010418862 0.0010876781 0.024641873 0.00020399083 6.556424e-08 3.8166928e-07 0.13859753 0.06393494 0.13454877 1.5710989e-06 0.14198759 0.0005940555 0.17445518 0.055772323 0.003115662 1.6284572e-07 0.0035313743 0.079283185 8.808391e-06 0.0033859916 0.0006267019 8.035841e-06 0.08237962 2.771075e-06 2.6338937e-05 0.010216437 4.7808708e-06 1.6542404e-07 8.069404e-07 0.0005354046 8.239644e-06 3.0895055e-05 1.328066e-06 0.011420542 6.278935e-05 7.743854e-08
0.4634701 8.223571e-05 1.5769366e-06 9.807843e-07 2.3226104e-07 1.0482656e-06 0.00065832504 0.087958574 0.016506594 0.0018038879 0.017100284 1.6706886e-06 0.00010634106 0.12852234 0.39852124 0.018302789 1.475417e-06 0.3528414 0.00039625328 1.2269333e-05 1.5243203e-06 0.0004987688 0.2813806 0.6707354 0.09099689 0.00025871617 0.12250617 2.6910754e-22 0.99529546 2.4444464e-06 0.009288387 0.57821345 0.027426023 0.0018690925 6.267541e-08 1.1295134e-06 0.6783563 0.031756856 0.040248197 0.60221404 0.001059863 2.8287564e-05 0.0009634177 0.0015830197 0.025981816 0.003944939 7.895398e-08 0.18611366 0.040094465 0.08662598 1.8135976e-05 0.006245296 0.00046732585 0.035752043 0.019785512 0.0031401583 1.2972981e-05 1.2004965e-06 0.04079668 0.0010286769 0.00041880054 0.0003275707 0.042969942 0.00010440754 0.00044563276 5.7682475e-05 0.011571469 8.355017e-05 8.696775e-06 1.602032e-07 8.240878e-06 0.00061305024 0.00037425468 0.0024982374 4.0881278e-05 0.013664156 1.5527299e-06 0.006434436 0.00015328075 0.0047889277 3.6122874e-05 0.0015427528 0.0031929214 0.00013969887 0.00014854014 0.0040272605 0.0003079579 0.0058138655 3.999494e-05 0.00016087017 0.0074351253 0.00023795008 9.827289e-07 2.0363308e-05 0.0017962614 8.239216e-05 3.5840632e-05 9.461097e-06 8.190221e-05 0.0016779195 5.3810627e-08
0.29550236 0.0002644766 1.3282717e-05 1.3714925e-06 9.015143e-06 4.6619475e-06 0.0019276147 0.09417805 0.0077801086 0.0035139506 0.012765292 1.3775297e-05 0.00027629954 0.14112724 0.09968255 0.03206959 7.40079e-06 0.120254464 0.002416567 4.1067982e-05 3.7287173e-05 0.0011754859 0.1263637 0.26730302 0.3477734 0.00044441214 0.051073987 0.99529546 7.639431e-19 2.192265e-05 0.0065928097 0.9615432 0.008679612 0.0013299488 3.7200536e-07 2.5462157e-06 0.3114932 0.15367799 0.2417238 0.33179408 0.04292318 8.354164e-05 0.0005441418 0.0006879745 0.3260555 0.073638655 4.1285707e-06 0.12756613 0.012766253 0.020258654 7.434902e-06 0.0020855318 0.019036248 0.051263213 0.03315731 0.12614918 5.043118e-06 2.0763928e-05 0.042070612 0.02283246 0.020614786 0.016792225 0.055662837 0.0062048966 0.006845121 6.714572e-05 0.014708638 0.0001806507 0.00020866469 3.10279e-05 0.0025601254 0.00054217654 0.00044564466 0.0007173177 0.002011375 0.004751762 2.0460191e-05 0.001665992 0.0001597433 0.004943935 0.0013783787 0.0015550507 0.0013498564 0.0007679823 0.00015948834 0.0067117293 0.0011077734 0.0025107467 0.0007242936 0.001302169 0.0054968665 0.0021495607 2.2503526e-05 0.000500273 0.0033948591 0.0014141705 0.00025638944 0.0005541403 0.00017139819 0.0042713764 6.77277e-06
0.5287835 0.41593134 0.011297235 0.014585486 2.0964755e-05 2.3435363e-05 7.695574e-06 0.0038696744 0.034066036 0.19497542 0.038535137 9.67669e-06 0.77333254 7.646035e-06 0.00070057646 3.0796991e-06 1.5179367e-05 0.0013026211 6.482895e-06 0.11032519 0.7135824 5.546692e-07 0.004176441 0.00019454121 9.249686e-05 0.96858424 0.017850319 2.4444464e-06 2.192265e-05 1.5457291e-18 0.5126589 7.439948e-07 0.016827239 0.42839894 0.45656615 0.9573418 2.0219257e-05 3.4206498e-06 7.56331e-07 2.0319376e-06 7.881778e-07 0.4917364 0.22105613 0.06573434 1.8722872e-08 2.5517886e-07 0.29184484 7.250665e-06 8.719808e-05 3.705381e-05 0.46595085 0.004185007 7.7056275e-06 3.320682e-08 5.5359334e-07 2.3006247e-07 0.24749336 0.3110322 4.6150267e-06 7.3430664e-07 1.9089788e-07 2.2225257e-07 7.557733e-06 1.466395e-07 6.90702e-09 0.042714953 4.3617774e-07 0.10635563 0.03669772 7.841641e-06 6.6293005e-06 0.02550619 0.073330835 0.016189173 3.1085577e-08 0.0015675633 0.030311149 0.0085382 0.07237568 9.772938e-08 9.918222e-09 3.2365946e-07 0.0013020348 3.421927e-07 0.044979822 2.2442808e-07 4.5211544e-07 8.659668e-05 1.03103744e-07 6.203943e-07 1.1648591e-06 2.1526516e-08 3.51652e-06 3.6884258e-09 5.1115947e-08 5.505656e-08 5.473812e-07 3.5674424e-07 0.012229777 6.269152e-07 9.463931e-08
