1.076222e-28 0.87808853 0.86058736 0.8003313 0.9424908 0.7705657 0.7699408 0.50044936 0.6401062 0.7299786 0.91370034 0.8741108 0.857151 0.8525713 0.88654596 0.8623922 0.8593019 0.90248114 0.8353161 0.4718572 0.7885514 0.8149544 0.45409366 0.89461684 0.5455018 0.387022 0.8059223 0.9118837 0.30249086 0.13017014 0.21690649 0.084932536 0.042649772 0.9042805 0.65585774 0.88307285 0.079090364 0.105429694 0.9484507 0.94982463 0.18418811 0.5509487 0.9418855 0.6344189 0.9581176 0.003787082 0.08638232 0.9276301 0.004748294 0.13526843 0.9845979 0.111664265 0.11355252 0.017437648 0.96584016 0.016877873 0.004059648 0.95354265 0.21808915 0.9375115 0.9801818 0.5754319 0.0057095443 0.004208818 0.007996049 0.98715186 0.0009699261 0.7776244 0.0013590275 0.8852715 0.96176386 0.73827595 0.7323854 0.9246539 0.92129093 0.00040976284 0.9974379 0.0005471294 0.03868544 0.9107678 0.9954835 0.995447 0.046083387 0.99950296 0.98463583 0.003797375 0.00012665571 0.15890957 0.1387602 0.0002281745 2.3280523e-05 2.4404599e-05 0.00021324969 0.00075409305 0.5767685 0.9997504 0.9982531 0.00013150618 0.00011160189 0.99998313 0.9959365
0.87808853 8.7473936e-20 0.9845924 0.9124796 0.62682927 0.39517125 0.40448415 0.50549865 0.26590556 0.19511344 0.42997193 0.042118616 0.08011993 0.27049425 0.22536013 0.055962466 0.020081293 0.06128107 0.016120622 0.08876154 0.029078647 0.0011538141 0.002257384 0.017029442 0.0004927169 0.000108217166 0.0002240888 0.05906828 0.14002931 0.015294988 0.00026383222 0.0021144564 0.011597055 0.00039300503 0.00014464054 0.00069039944 0.00094410253 2.1664226e-05 0.07476318 0.030243948 8.96135e-05 5.0331175e-05 0.12312501 3.3527853e-05 0.0007557399 0.005502125 1.229754e-05 0.0069769844 0.003314262 2.3045994e-05 0.05035855 6.506813e-07 0.00034568793 2.711605e-05 0.05549439 0.009558223 0.00046321022 0.0344099 6.2795704e-07 9.020462e-05 0.019800061 6.782941e-07 1.3434907e-05 0.0002681281 0.0033775566 0.020228744 1.1120044e-05 2.5433e-05 3.7894696e-07 8.675142e-05 0.0030435065 3.636025e-05 0.00024498143 0.002824966 0.000107580425 3.883099e-05 0.011847545 7.296001e-06 1.1473629e-06 0.00026677194 0.0028400568 0.0077273855 8.240509e-06 0.0072465288 0.0030392904 1.591791e-06 0.00031462807 8.317437e-07 6.040092e-07 5.159437e-07 5.820775e-06 1.0234271e-06 6.4963956e-07 1.3107191e-05 9.2814524e-05 0.006013607 0.0060217916 8.086233e-06 1.5111517e-06 0.003397875 0.0022881485
0.86058736 0.9845924 4.9404868e-18 0.8499153 0.15156682 0.19339049 0.7766611 0.39287642 0.39970636 0.45969063 0.25659263 0.22109422 0.26477364 0.10183859 0.23414493 0.010579399 0.0022654466 0.0034087687 0.048731368 0.049872693 0.0039834096 0.015397156 0.0004869183 0.0007125749 0.014273617 0.00251998 0.0030414176 0.104066454 0.24058928 0.01590713 0.0014955032 0.020713402 0.0128080575 0.0033804148 9.931801e-06 1.7922463e-05 0.00016226972 4.52272e-07 0.05508919 0.04109962 3.214099e-06 1.7446894e-06 0.053891227 6.101513e-07 9.17442e-06 0.003065425 5.2920706e-05 0.013755639 0.002543733 0.00010828943 0.03831324 3.8985064e-08 0.0033369798 1.0629493e-06 0.019880967 0.007006132 0.00034114582 0.0015462216 1.1121195e-08 1.2807537e-06 0.030916369 4.1563375e-09 1.1967301e-06 3.6685495e-05 0.00081632944 0.023836266 1.0629624e-06 2.5210304e-07 9.707802e-08 0.0004967618 4.538261e-05 9.511977e-08 0.0008536779 0.0036517933 1.3373904e-07 0.0002109581 0.0032921415 2.975907e-05 1.0352801e-07 0.00058376335 0.000114692426 0.011491238 1.5361739e-07 0.0024764226 0.0026979742 1.4311671e-07 0.0001253372 6.0440213e-09 2.638571e-08 1.0215203e-07 1.9503682e-06 1.8279287e-06 2.3982696e-07 2.7404712e-06 8.6715767e-07 0.00383262 0.00091316 7.4455056e-07 1.4782986e-06 0.0019598037 0.002120645
0.8003313 0.9124796 0.8499153 3.6271762e-18 0.49310434 0.7250381 0.32944965 0.9582407 0.67191833 0.29595235 0.13412362 0.028526902 0.025826333 0.09141633 0.049897987 0.030365726 0.0335363 0.04221164 0.005084706 0.43009204 0.016376037 0.0009601221 0.0028709325 0.007498262 0.0006852283 0.00013869397 0.00041556105 0.02126501 0.53408104 0.093618505 0.0005215854 0.00791502 0.07602361 0.00065230357 0.00018601016 0.0009140146 0.0035482352 4.023807e-05 0.027878424 0.007586541 0.00036594959 7.56373e-05 0.0307515 6.449623e-05 0.00096549315 0.04676888 7.5476826e-05 0.0013589198 0.03117966 9.625896e-05 0.013079564 1.448886e-06 0.0023298662 0.00019232919 0.00913386 0.06953404 0.0062297937 0.0057576103 9.224605e-07 0.00022546566 0.004288076 2.768485e-07 0.00010937852 0.0009272571 0.05963385 0.0032153025 8.768935e-05 3.7662245e-05 4.3077657e-06 0.00024866068 0.0009781219 3.391615e-05 0.00019330985 0.0009187377 0.00011296028 0.00039926133 0.002442975 0.00039445233 2.329577e-06 7.474775e-05 0.00087888073 0.0011159956 5.987886e-06 0.0021082377 0.0012004045 1.1763751e-05 0.0022853678 3.8110696e-07 9.19691e-07 6.853335e-07 7.06481e-05 4.900626e-06 1.4633473e-06 3.5314974e-05 2.679048e-05 0.0011510554 0.0016859052 5.986778e-06 4.966751e-06 0.0007820822 0.0003135623
0.9424908 0.62682927 0.15156682 0.49310434 5.231264e-20 0.96173984 0.0013729212 0.27434933 0.021521386 0.0031345347 0.33869964 0.00011716866 0.0007976448 0.6852759 0.015537745 0.628003 0.70510256 0.73406816 0.00028994074 0.21893176 0.5031357 8.753114e-06 0.08740413 0.36393106 3.371072e-06 7.730012e-08 3.1190255e-06 0.010415673 0.0074327714 0.0522557 2.6282944e-06 4.021923e-05 0.039374158 1.6100615e-06 0.0038023337 0.027363017 0.016921744 0.00044474352 0.061732605 0.0023075158 0.0012950937 0.0013632891 0.28314123 0.0031640925 0.019080678 0.007276153 3.9065604e-08 0.000100713 0.0017416182 6.2328624e-08 0.011069433 2.2679307e-05 1.1613656e-05 0.00018332273 0.13041012 0.0072471197 0.0006116982 0.1952266 3.7389436e-05 0.006303015 0.0013478715 1.5602835e-05 7.206068e-05 0.0005724161 0.003650465 0.0020699494 0.00013350834 0.0015934118 1.6757485e-06 2.2870672e-06 0.02829594 0.0011890581 2.2499803e-06 0.000148121 0.003179947 1.1643799e-05 0.041636024 6.6942004e-05 8.572794e-06 9.473711e-06 0.028766632 0.00039970668 2.5887177e-05 0.016702387 0.0003973579 9.167422e-06 6.584166e-05 8.595323e-06 3.8491103e-06 2.7064598e-06 1.10026995e-05 9.630038e-07 6.269649e-07 9.336757e-06 8.07474e-05 0.0015406319 0.04743018 2.5461381e-06 6.237081e-07 0.00019273334 0.00028421104
0.7705657 0.39517125 0.19339049 0.7250381 0.96173984 2.0145194e-18 0.0034556023 0.92269266 0.17298621 0.020015225 0.06199776 0.00015884034 0.0010202455 0.10876021 0.008280931 0.10908011 0.56444615 0.16438809 0.00026818027 0.9329153 0.07750696 1.1825775e-05 0.067129776 0.047611494 7.3749645e-05 1.1424147e-06 2.1652402e-06 0.002447702 0.118808165 0.4165568 1.1129658e-05 0.00016559365 0.25693595 3.574296e-06 0.00045250065 0.010915391 0.047208752 0.0002405186 0.0062444382 0.0009245925 0.0018167776 0.00027619916 0.0166522 0.00062451017 0.007345985 0.049084935 9.755511e-07 3.611206e-05 0.011532799 3.2983036e-07 0.0030604387 1.07302585e-05 7.778134e-05 0.00075827824 0.005991945 0.07035713 0.0061596488 0.0082700355 7.1528234e-06 0.0017734086 0.00026898275 5.1042102e-06 0.00031746973 0.0018136298 0.028718758 0.00034147833 0.00027406384 0.00017803392 1.4771367e-05 1.531263e-06 0.0033801538 0.00032104936 7.043555e-06 5.4316446e-05 0.00061392225 9.1582166e-05 0.0019767375 0.0004369476 8.671333e-06 4.1473513e-06 0.0016843703 0.00011553467 3.5894922e-05 0.0014563071 0.0003593957 1.9188556e-05 0.0022970121 2.1774993e-06 5.7705556e-06 6.378298e-06 5.8295886e-05 7.0134993e-06 2.8163e-06 2.5898114e-05 8.331727e-05 0.0007428817 0.0045551728 7.809616e-06 2.2154568e-06 0.00010139445 0.00012150056
0.7699408 0.40448415 0.7766611 0.32944965 0.0013729212 0.0034556023 1.9868918e-18 0.119403206 0.5915813 0.9435274 0.06841185 0.9462914 0.32493493 0.0071590277 0.09144611 0.002867751 1.3857902e-05 0.0005415639 0.034819596 0.009575057 0.0012599112 0.52391726 2.6162704e-06 2.7294447e-05 0.77729315 0.26055053 0.20034106 0.029055944 0.43063164 0.0009094025 0.09485195 0.38629484 0.0036850409 0.046479344 1.3173374e-06 3.140405e-06 2.0860537e-06 3.108841e-07 0.013077469 0.0192947 1.3295638e-06 8.77967e-07 0.0014991425 2.8281008e-07 5.015114e-06 0.0018653705 0.0020399257 0.042833872 0.0033901727 0.0007320873 0.0113190245 8.041851e-08 0.14427614 1.2089906e-06 0.0014004655 0.00062101946 0.0010016588 8.66061e-05 5.2219253e-08 5.36947e-07 0.020205857 2.0749642e-08 6.4503884e-06 2.2310162e-05 0.0026897814 0.008964288 6.5855947e-06 3.2999978e-08 3.6533986e-06 0.004471522 7.787431e-06 1.08591664e-07 0.002222757 0.0096533615 1.42841e-07 0.00060847553 0.00043394312 0.00015187108 1.0013827e-06 0.002619921 1.8457062e-05 0.007977991 2.2355198e-06 0.0006345702 0.004113723 4.9534065e-06 0.0006538541 5.9602485e-08 5.0901684e-07 9.449168e-06 1.7877548e-05 2.4954334e-05 2.622756e-06 7.9784215e-05 6.060625e-06 0.002418136 0.00018467316 1.9416078e-05 0.000109419416 0.0014770093 0.006563544
0.50044936 0.50549865 0.39287642 0.9582407 0.27434933 0.92269266 0.119403206 7.163808e-19 0.87544477 0.29443565 0.052490033 0.007999355 0.0067263967 0.060844947 0.017567115 0.040487856 0.031627323 0.049214594 0.0009971934 0.8847358 0.013927406 0.00019269658 0.004120742 0.0057204724 0.0008925312 7.823322e-05 7.1978604e-05 0.0031470985 0.579755 0.1856803 0.00011957114 0.005854672 0.28725424 6.7454435e-05 8.730509e-05 0.0014623025 0.005585094 1.8040737e-05 0.005314192 0.001334669 0.0001716226 4.850963e-05 0.00598791 4.506269e-05 0.0007491893 0.17309217 1.6013431e-05 0.00023505636 0.11796394 1.1377227e-05 0.0023496067 8.1246776e-07 0.0030966974 0.00012415988 0.0022298126 0.11252565 0.029603973 0.0019174974 2.6655485e-07 0.00017224617 0.0008198642 6.705033e-08 0.00011163744 0.0015081989 0.11418088 0.0008752868 0.00016831307 3.0356983e-05 2.4306312e-06 1.3392079e-05 0.00047371106 4.6617093e-05 5.3805783e-05 0.00020525692 5.0016522e-05 0.004406593 0.00048601895 0.0053213043 1.1407011e-06 3.285708e-05 0.0005557587 0.00048747077 2.7829133e-06 0.0006623383 0.0007243888 3.7402328e-06 0.010607747 1.8003799e-07 1.3441141e-06 1.939068e-06 0.00095712167 9.1771086e-05 8.137372e-07 1.1314275e-05 3.7582038e-06 0.00053323613 0.0007841742 2.9378791e-06 4.4433757e-05 0.00021486322 0.00050126493
0.6401062 0.26590556 0.39970636 0.67191833 0.021521386 0.17298621 0.5915813 0.87544477 2.1935744e-18 0.9475937 0.026755618 0.07432969 0.013310172 0.012463421 0.012706869 0.0053712935 0.0040826965 0.0066359933 0.0016276484 0.26605248 0.0015233402 0.006772064 0.00040034493 0.00018392583 0.02727372 0.0014074816 0.0006160768 0.002313218 0.9321321 0.036166836 0.00043944138 0.34303856 0.08968691 0.0010027005 5.717769e-06 0.000114866045 0.00038580774 5.5191276e-07 0.0035100235 0.0014531808 9.418983e-06 1.3167133e-06 0.0010613464 1.2526682e-06 4.776794e-05 0.13692187 0.00013845833 0.0006417329 0.2597539 2.2007971e-05 0.0027373983 9.043438e-08 0.111721136 3.2894266e-05 0.00078520464 0.10589207 0.031971782 0.00018464183 4.2479222e-08 1.7504717e-05 0.001976834 8.087595e-09 1.6941933e-05 0.0003456754 0.14192896 0.0010239935 5.9559217e-05 2.0616048e-06 1.4381044e-06 0.00029583165 4.3005766e-05 5.7794387e-06 0.00021773561 0.00044724488 1.3012032e-06 0.011309848 0.00033988114 0.010778177 4.914284e-07 0.00033638463 0.00013146656 0.0010237044 1.1710933e-06 0.0006751561 0.0011842484 5.151509e-06 0.010594124 1.6996468e-07 1.3596675e-06 2.7710169e-06 0.0028884301 0.00018242247 2.1404246e-06 2.6178543e-05 2.081493e-06 0.00068101846 0.00018021639 2.6297912e-06 0.00077155855 0.00043903885 0.0009418669
0.7299786 0.19511344 0.45969063 0.29595235 0.0031345347 0.020015225 0.9435274 0.29443565 0.9475937 6.4349143e-18 0.024302572 0.37779465 0.060009107 0.0065230634 0.018862847 0.0020294911 0.00034060472 0.0012072666 0.005418977 0.05281114 0.0007786403 0.1510761 2.388708e-05 5.238468e-05 0.50451446 0.05864098 0.021631503 0.004590643 0.8749757 0.006676582 0.014972988 0.7136209 0.030087931 0.011373095 6.8278007e-07 2.3715887e-05 1.5998165e-05 1.4684717e-07 0.004771051 0.0030868286 7.703868e-07 3.5397207e-07 0.0005595802 2.2453298e-07 1.5437166e-05 0.020473279 0.00084667024 0.004345391 0.05728231 0.00016205182 0.0037859464 8.5976346e-08 0.38188803 1.6840296e-06 0.00025681398 0.01463035 0.012299628 2.6341273e-05 1.750264e-08 3.0642366e-06 0.0054843337 4.5823163e-09 7.1268673e-06 4.2041524e-05 0.03819727 0.0027685447 2.2409756e-06 4.0787617e-07 1.3436451e-06 0.002202626 5.313525e-06 4.873596e-07 0.0012724143 0.0021382754 6.6626234e-07 0.009168485 0.0001538572 0.0027916825 2.29462e-06 0.0011555208 1.2456035e-05 0.0023083433 4.4085198e-07 0.0005083533 0.0021131423 1.704668e-05 0.0044858875 1.0358964e-07 6.478392e-07 2.4722408e-07 0.00087198254 7.6788485e-05 1.4830516e-06 1.9728288e-05 2.7093856e-06 0.0011365294 8.802651e-05 3.1481234e-06 0.001897564 0.00082738727 0.0029591857
0.91370034 0.42997193 0.25659263 0.13412362 0.33869964 0.06199776 0.06841185 0.052490033 0.026755618 0.024302572 1.7333217e-18 0.034475923 0.40644866 0.9780246 0.9170756 0.3408081 0.042550337 0.09123026 0.3248344 0.014400583 0.09418822 0.0031956523 0.0025884535 0.046893287 0.00074437313 0.00017564827 0.0011396705 0.5128305 0.016952068 0.0015683081 0.00037826764 0.00088348665 0.0015302236 0.0010298019 0.00013974524 0.00029654318 0.00012508132 7.660902e-06 0.43297523 0.13216418 2.0947526e-05 9.438621e-06 0.47919378 5.7768375e-06 0.0008743992 0.000545027 1.3437873e-06 0.01665351 0.00030430566 4.4690612e-05 0.19853787 2.1878873e-07 1.6569467e-05 2.4592946e-06 0.17683233 1.898223e-05 8.9916466e-05 0.1905617 6.401149e-08 3.8284827e-05 0.05056064 1.9877633e-07 2.1746957e-06 1.074651e-05 3.4212193e-05 0.1233773 3.094933e-06 4.00122e-06 6.687255e-08 0.00016790279 0.0017526743 2.4476938e-06 0.00075318816 0.004881167 3.2847918e-06 2.4908728e-05 0.10034487 2.0490154e-06 4.9523084e-07 0.0011436134 0.009115986 0.045438908 7.3129735e-07 0.05841571 0.0062833684 9.4711716e-08 7.331878e-05 2.2499984e-09 1.7304666e-08 1.5088038e-07 3.6372123e-06 2.1827052e-06 9.422774e-08 5.223128e-07 9.943681e-07 0.020336049 0.010747116 2.3952592e-07 5.693297e-07 0.008202353 0.005118745
0.8741108 0.042118616 0.22109422 0.028526902 0.00011716866 0.00015884034 0.9462914 0.007999355 0.07432969 0.37779465 0.034475923 9.901378e-17 0.8011887 0.0014420729 0.26180926 0.0002581018 2.7581457e-06 7.7933044e-05 0.1603458 0.00069979316 0.0002774857 0.95347154 3.7383086e-07 4.3891573e-06 0.5243121 0.36700225 0.5939968 0.058459725 0.13876507 8.17002e-06 0.30994493 0.18209891 0.00046280315 0.45043382 2.1009478e-06 5.630984e-07 9.709047e-07 7.077825e-07 0.024311097 0.060853936 3.992242e-07 5.087907e-07 0.0024688481 9.263674e-08 4.0306276e-07 0.00026228285 0.007251288 0.27226737 0.0007010252 0.005576783 0.019109981 1.989508e-07 0.08356114 3.4603124e-07 0.0019483931 3.5494362e-05 0.00028387705 0.00011264852 7.144935e-08 1.0413978e-07 0.10628034 3.0558375e-08 2.7165372e-06 2.0665822e-05 0.0009834004 0.057112876 4.5146742e-05 1.6318268e-08 1.2518418e-06 0.028979454 8.652368e-06 4.3931017e-08 0.016356848 0.11565587 1.3732005e-08 0.00011384157 0.00084448134 7.802916e-06 3.2995055e-07 0.0169683 2.171536e-05 0.06190543 3.4305174e-07 0.00057477487 0.025041815 2.2335994e-06 0.00025316302 2.3114367e-08 1.8134295e-07 0.00032440934 4.005055e-05 1.2410881e-05 1.8579509e-06 6.23723e-05 8.939644e-07 0.014721803 0.0002320732 8.368681e-06 1.22788715e-05 0.008326111 0.02271909
0.857151 0.08011993 0.26477364 0.025826333 0.0007976448 0.0010202455 0.32493493 0.0067263967 0.013310172 0.060009107 0.40644866 0.8011887 3.6114744e-20 0.036925633 0.76721346 0.006525954 9.130205e-05 0.0009412882 0.98049605 0.0006700102 0.0012115808 0.6094401 1.0096838e-05 6.4638836e-05 0.041154645 0.023794366 0.42151177 0.35617012 0.03136033 2.223319e-05 0.063232 0.015906386 0.00013759064 0.3809767 5.847894e-06 3.877183e-06 6.602678e-07 4.85379e-07 0.15159963 0.22164531 2.918623e-07 4.53472e-06 0.038563352 7.36877e-07 8.720444e-06 0.00023586431 0.0015577374 0.40319932 0.0002302035 0.006488001 0.11404672 1.3193258e-07 0.0015597523 1.9200509e-07 0.04357378 7.644473e-06 5.4274144e-05 0.0028500755 3.7669764e-08 2.3534885e-06 0.11369687 4.983404e-08 1.0012351e-07 1.3409505e-06 0.00032523272 0.1085048 8.918891e-07 1.4888689e-06 6.329675e-08 0.010227789 0.00041387047 3.0359067e-07 0.0142891165 0.16232897 1.4637843e-06 8.257355e-05 0.018032447 1.905483e-05 2.2675167e-08 0.021121193 0.0014943641 0.10877324 6.679619e-08 0.010761295 0.033009876 6.981247e-08 9.7548225e-05 1.00227446e-07 1.3740133e-07 3.9808608e-08 7.963594e-06 1.6410713e-05 3.539611e-08 9.9285535e-06 7.091358e-07 0.020633854 0.0011857417 1.2577281e-06 4.373201e-06 0.021579184 0.024769656
0.8525713 0.27049425 0.10183859 0.09141633 0.6852759 0.10876021 0.0071590277 0.060844947 0.012463421 0.0065230634 0.9780246 0.0014420729 0.036925633 1.6476131e-17 0.41837165 0.8847738 0.14026912 0.2807038 0.020537803 0.025665484 0.5493525 0.00014102837 0.00569515 0.19184701 0.0002776681 2.8670347e-05 0.00012921513 0.106316335 0.006368686 0.0027453264 5.4858112e-05 0.00013663348 0.0025696221 9.743804e-05 0.0018635481 0.003095249 0.0006982046 0.00014596569 0.25890777 0.013468468 0.00011957912 0.00036969065 0.5124605 0.00020297745 0.017551674 0.00047577426 2.710474e-06 0.0019011272 0.000111116446 2.3555598e-05 0.0699881 5.9016456e-06 2.4379313e-05 3.4856087e-06 0.18198998 6.703496e-05 4.8698697e-05 0.5077015 1.01796295e-05 0.0012156501 0.0070633185 5.42253e-05 1.0205408e-05 3.4176614e-05 3.1220272e-05 0.017364489 2.64407e-06 0.00027088643 4.302365e-07 1.2873658e-05 0.0148880165 0.00017317776 0.00019180459 0.0018014844 0.0007924241 1.0355646e-05 0.06167627 3.4187747e-06 6.4309966e-06 0.00010544471 0.017135758 0.005117629 4.9509294e-05 0.05271083 0.0012913523 1.1696234e-06 0.0004977795 7.903724e-06 1.0863082e-05 3.9497027e-07 4.229308e-06 1.6710424e-06 1.2225368e-07 1.6677245e-06 0.0004306113 0.0067121424 0.028723639 1.0885466e-06 7.013502e-07 0.0033544647 0.00072504644
0.88654596 0.22536013 0.23414493 0.049897987 0.015537745 0.008280931 0.09144611 0.017567115 0.012706869 0.018862847 0.9170756 0.26180926 0.76721346 0.41837165 1.2368887e-18 0.104834214 0.0042521134 0.030131243 0.9245984 0.004381408 0.024199411 0.09003884 0.00061515183 0.011116759 0.005435661 0.001455713 0.0631519 0.8356041 0.012545381 0.0006214961 0.004542516 0.00074685545 0.0005733118 0.051882554 0.000120101766 0.00024730957 5.3356263e-05 7.93257e-06 0.45658845 0.36299178 4.661823e-06 4.924404e-05 0.27791467 3.2863256e-05 0.0005982062 0.00056956656 0.00011598309 0.24464017 0.00020698515 0.00029834927 0.18966207 1.7899428e-06 0.00012727262 3.5144817e-06 0.21242829 3.539066e-05 7.812995e-05 0.17240629 5.3872526e-07 0.00012054159 0.111960515 1.7928505e-06 4.221036e-06 7.630941e-06 0.00034247222 0.1447047 1.3674902e-05 9.3884504e-05 4.172175e-07 0.0017055119 0.0068960655 5.8459733e-05 0.004039103 0.03228435 0.00023994446 9.041952e-05 0.06333626 1.7363973e-05 2.061206e-06 0.0061067385 0.015793586 0.08415409 6.463609e-06 0.059387565 0.022665465 9.144837e-07 0.00082041044 1.4385639e-06 2.0784444e-06 7.6171796e-07 2.8646622e-05 6.5510985e-06 4.7520354e-07 1.35381215e-05 3.8718354e-05 0.032688618 0.013514344 6.314259e-06 2.453031e-06 0.016945183 0.011476302
0.8623922 0.055962466 0.010579399 0.030365726 0.628003 0.10908011 0.002867751 0.040487856 0.0053712935 0.0020294911 0.3408081 0.0002581018 0.006525954 0.8847738 0.104834214 4.4349767e-20 0.26580527 0.6516941 0.0065353424 0.02286935 0.9564793 1.8730598e-05 0.015613917 0.6224982 0.00041582904 5.510524e-05 1.3928029e-05 0.026569882 0.0032333524 0.00813083 0.00012350742 0.0003262087 0.0048720026 8.450758e-06 0.002907257 0.0067168106 0.0030002485 0.0012589054 0.08622816 0.004378351 0.0009831631 0.0007085457 0.418066 0.00054835755 0.030075036 0.00090811297 7.2336684e-06 0.0006812939 0.00034802794 2.5538484e-05 0.025735788 5.1768744e-05 4.871319e-05 6.707307e-05 0.07066535 0.000878282 0.00027239515 0.39206326 1.947466e-05 0.0014676368 0.0014380304 6.6980516e-05 0.00027019033 0.0008940514 0.0014633705 0.0034699244 0.0004360574 0.00019743732 4.7607584e-05 1.3983449e-05 0.012687719 0.00010724555 0.0001470199 0.00071148813 0.00011695789 9.461373e-05 0.029402861 0.00014137 0.00018264356 3.0626314e-05 0.013211076 0.0017275878 7.46577e-05 0.030506907 0.0007018025 2.1401584e-05 0.0019756851 2.1239298e-06 3.0369289e-05 2.122964e-06 0.0003241496 5.606972e-05 2.1758842e-06 1.1571291e-05 0.00031354465 0.0032234495 0.023893189 1.9319568e-05 2.6550577e-05 0.0022427824 0.0002796447
0.8593019 0.020081293 0.0022654466 0.0335363 0.70510256 0.56444615 1.3857902e-05 0.031627323 0.0040826965 0.00034060472 0.042550337 2.7581457e-06 9.130205e-05 0.14026912 0.0042521134 0.26580527 3.8906456e-20 0.65741986 3.04842e-05 0.15960732 0.19885658 5.4301704e-08 0.99083114 0.38426015 3.0151828e-06 7.789554e-08 3.537701e-08 0.0005237192 0.0029620994 0.32969335 1.364682e-06 7.205838e-06 0.062429763 1.1359836e-07 0.34894052 0.22888494 0.3440461 0.12888493 0.0068041217 0.00010109069 0.25975108 0.047103014 0.04115219 0.060483214 0.13143401 0.0027858117 4.9903477e-08 5.727625e-06 0.0004815639 3.6087303e-07 0.001773549 0.005044697 2.5313836e-06 0.030132558 0.008626884 0.04168459 0.0004035107 0.051634368 0.00013045568 0.019881437 9.3244016e-05 3.3404533e-05 0.00391359 0.005608384 0.030338183 0.00012981292 0.001212956 0.0014413984 0.00017889631 4.7074054e-06 0.03717113 0.002117986 1.1463491e-06 8.10419e-06 0.0012353999 9.215857e-07 0.0070720366 1.0363124e-05 3.0299398e-05 5.61582e-06 0.015531982 3.19775e-05 8.348363e-06 0.0023171627 0.00015835588 1.8142013e-05 0.00069379393 1.3615581e-06 5.9364743e-06 6.834557e-05 0.00017963658 1.6737266e-06 3.2624541e-06 3.2180174e-05 7.679383e-05 0.0012350112 0.022169782 6.322056e-06 7.137634e-08 6.689696e-05 8.439214e-05
0.90248114 0.06128107 0.0034087687 0.04221164 0.73406816 0.16438809 0.0005415639 0.049214594 0.0066359933 0.0012072666 0.09123026 7.7933044e-05 0.0009412882 0.2807038 0.030131243 0.6516941 0.65741986 7.336831e-18 0.00048081568 0.08143765 0.8620875 4.8027055e-06 0.21164773 0.9661918 0.00019701222 3.2090331e-06 5.8129085e-06 0.0031911465 0.003883827 0.084956475 1.6177626e-05 5.060069e-05 0.032962035 5.44722e-06 0.11078149 0.16464154 0.061719116 0.015765956 0.029161166 0.0011011718 0.024272963 0.01641131 0.14936781 0.074870914 0.35556552 0.0027861493 6.738724e-07 0.00016643418 0.000646361 1.84377e-06 0.010186496 0.002467377 4.3417906e-05 0.0022974021 0.03850552 0.0052865474 0.00037401493 0.29057667 0.00088735664 0.039866433 0.00079883233 0.0009341946 0.0015725509 0.0013731228 0.0021475772 0.003185561 0.00019362428 0.003065805 6.283387e-05 4.221426e-06 0.051828332 0.0017577346 6.193356e-05 0.00020502038 0.0023862664 0.00013804565 0.036688082 0.00024155279 0.0006488493 3.0943564e-05 0.04638244 0.0008602114 0.00031415405 0.034413256 0.0004826736 6.05834e-05 0.0012251203 1.2714675e-05 5.8988575e-05 6.7031283e-06 0.0001532806 9.4631236e-05 8.148955e-06 2.0510575e-05 0.0004776004 0.0029449416 0.057460804 3.095888e-05 1.7431219e-05 0.0009301182 7.231782e-05
0.8353161 0.016120622 0.048731368 0.005084706 0.00028994074 0.00026818027 0.034819596 0.0009971934 0.0016276484 0.005418977 0.3248344 0.1603458 0.98049605 0.020537803 0.9245984 0.0065353424 3.04842e-05 0.00048081568 5.601761e-20 0.00012614556 0.0010501945 0.17771998 3.3657907e-06 4.4462457e-05 0.002053657 0.0012044265 0.17019132 0.6584822 0.00085866265 1.7767477e-05 0.010229234 0.00043500986 4.5042456e-05 0.2992251 2.9654145e-06 3.918254e-06 5.076357e-07 4.6943845e-07 0.20584118 0.62645215 1.7715075e-07 1.9538495e-06 0.032920238 2.857181e-07 2.2051543e-05 1.3257382e-05 0.00018211047 0.42418778 1.5371867e-05 0.0029991998 0.22558434 7.1647776e-08 3.0163403e-05 6.763347e-08 0.056904294 2.211906e-06 6.1448686e-06 0.002788204 2.2878524e-08 2.21548e-06 0.19481683 8.284603e-08 4.0306085e-07 2.6626258e-06 5.6346908e-05 0.24173814 3.3500928e-06 1.5591403e-06 6.651662e-08 0.01142751 0.00024890175 5.8549335e-07 0.008981873 0.096670605 1.3632043e-06 3.519167e-06 0.025972648 1.1283656e-06 2.5363676e-07 0.018825835 0.00086512824 0.20472404 1.276246e-06 0.017988715 0.043994166 2.299416e-07 4.6073772e-05 3.9572715e-08 1.9207394e-07 3.4193891e-07 1.2721849e-06 2.0487016e-07 8.2615367e-07 1.2098279e-06 8.435153e-08 0.046852395 0.0030995102 2.6058504e-07 6.993334e-08 0.049836967 0.031390537
0.4718572 0.08876154 0.049872693 0.43009204 0.21893176 0.9329153 0.009575057 0.8847358 0.26605248 0.05281114 0.014400583 0.00069979316 0.0006700102 0.025665484 0.004381408 0.02286935 0.15960732 0.08143765 0.00012614556 4.4147106e-17 0.017461594 7.727935e-06 0.0462343 0.008967776 9.088402e-05 1.2133347e-06 1.6535362e-06 0.00063164666 0.21572144 0.9275486 2.3069126e-05 0.00042938272 0.9187831 2.4293033e-06 0.0009534311 0.0068555246 0.1584124 0.0004647346 0.0010801837 0.00012838417 0.004209027 0.0004025542 0.0017571949 0.000498407 0.0030792488 0.33444795 5.379521e-07 4.3125037e-05 0.09771509 3.2041478e-07 0.0003905827 8.993444e-06 0.0003480993 0.005008471 0.0004464312 0.38320872 0.057119656 0.0008199373 2.6220982e-06 0.0003654188 3.9394745e-05 6.8207004e-07 0.0004166402 0.06251227 0.17573078 2.4524265e-05 0.0036501463 0.00011650802 1.1391596e-06 2.358002e-06 0.0007752911 0.00045496263 6.9515465e-07 1.14590475e-05 0.00034629708 0.0013378791 0.00021049309 0.0044464176 4.699979e-07 9.230983e-06 0.00038457918 1.899371e-05 7.755969e-06 0.00038715417 0.00012001601 8.505069e-07 0.017380476 5.8883745e-07 1.717416e-06 0.00010472206 0.013427972 0.00017269517 9.912644e-07 1.1112974e-05 3.0217447e-05 0.00075059274 0.0013449471 1.9299634e-06 6.920217e-06 2.353411e-05 0.00020412334
0.7885514 0.029078647 0.0039834096 0.016376037 0.5031357 0.07750696 0.0012599112 0.013927406 0.0015233402 0.0007786403 0.09418822 0.0002774857 0.0012115808 0.5493525 0.024199411 0.9564793 0.19885658 0.8620875 0.0010501945 0.017461594 1.3421179e-18 2.4405064e-05 0.021557149 0.95912606 9.503786e-05 1.28846505e-05 2.2891982e-05 0.007243665 0.000606795 0.0058956095 1.609436e-05 0.00015950094 0.0021410168 1.5372114e-05 0.008248316 0.032345545 0.003718467 0.0038262838 0.043945223 0.0016631599 0.001204947 0.0029049981 0.23660745 0.003229089 0.121189944 0.0009752954 6.117507e-07 0.0004983093 0.00025896548 9.361588e-06 0.009504335 0.00046191327 1.4032449e-05 7.533465e-05 0.054514542 0.00035988254 0.00026601664 0.50264454 0.000810219 0.0123300515 0.001602074 0.0015869407 0.0002232473 0.00014228569 0.0005892344 0.0027482787 6.992631e-05 0.0015273865 1.5329762e-05 3.818184e-06 0.041080806 0.0014251417 5.27175e-05 0.00060865516 0.0020354872 0.00014488198 0.035258174 0.00018705118 0.0003562951 4.1274317e-05 0.022603076 0.0013689832 0.0013114593 0.043780077 0.00063960877 2.890698e-05 0.0014531836 0.0001916576 0.0003571034 1.8597007e-06 3.214459e-05 2.3002496e-05 1.7277392e-06 1.0933006e-05 0.0032364547 0.004818184 0.049705196 3.0568044e-05 3.1424122e-06 0.0023975188 0.00028352236
0.8149544 0.0011538141 0.015397156 0.0009601221 8.753114e-06 1.1825775e-05 0.52391726 0.00019269658 0.006772064 0.1510761 0.0031956523 0.95347154 0.6094401 0.00014102837 0.09003884 1.8730598e-05 5.4301704e-08 4.8027055e-06 0.17771998 7.727935e-06 2.4405064e-05 1.5631573e-17 2.7107221e-08 1.5008116e-07 0.38767833 0.36744353 0.95278525 0.01779949 0.028295472 7.8582633e-07 0.8797339 0.09612046 1.5401625e-05 0.6203314 1.4349254e-07 7.129008e-08 3.9985004e-08 2.0212306e-08 0.0044554635 0.040013887 3.7584e-08 4.726884e-08 0.0003574811 5.586044e-09 1.931967e-08 9.596583e-07 0.06883521 0.41176727 2.1604073e-06 0.04679486 0.007176072 1.0890128e-08 0.047361262 1.6007954e-08 0.0004039394 7.1675555e-07 2.659971e-06 2.8992056e-06 3.2713001e-09 9.14433e-09 0.08003859 3.8549604e-09 7.183209e-08 2.7071997e-07 6.678928e-05 0.033506196 3.6728813e-06 5.4069345e-09 9.64003e-08 0.06347824 2.8160463e-07 3.4015362e-09 0.035278715 0.2227053 4.6529682e-09 1.4610284e-06 0.00020667232 8.203298e-07 2.9064777e-08 0.03304928 3.1453894e-06 0.056874875 2.2446683e-07 0.00012539866 0.031084655 2.6936047e-07 4.2233125e-05 3.6886443e-09 2.6063987e-08 2.0906513e-05 6.656256e-06 4.31332e-06 2.1769688e-07 1.6224132e-05 2.1902545e-07 0.0089700045 1.6252085e-05 1.1666623e-06 4.8537695e-06 0.008118379 0.02715464
0.45409366 0.002257384 0.0004869183 0.0028709325 0.08740413 0.067129776 2.6162704e-06 0.004120742 0.00040034493 2.388708e-05 0.0025884535 3.7383086e-07 1.0096838e-05 0.00569515 0.00061515183 0.015613917 0.99083114 0.21164773 3.3657907e-06 0.0462343 0.021557149 2.7107221e-08 1.5524717e-18 0.08771727 6.2990273e-07 8.899107e-08 3.7553406e-08 4.3411816e-05 9.417972e-05 0.2776735 3.161203e-07 2.0340317e-06 0.02183478 5.7501357e-08 0.7504263 0.15908663 0.6467674 0.7550026 0.00031465507 1.1441337e-05 0.83417803 0.1479773 0.0017918156 0.1196098 0.06988787 0.00088731083 2.362972e-08 6.4208024e-07 1.4503107e-05 1.1338709e-07 0.0001992249 0.31958398 4.9227043e-07 0.34726495 0.00041650236 0.03330336 0.00025124056 0.0057859197 0.028458484 0.020707477 2.118474e-06 0.0016252443 0.12511793 0.0393266 0.024632245 7.07984e-06 0.021322247 0.0020635792 0.023797372 5.2427555e-07 0.012458488 0.003045738 1.0552186e-06 7.623066e-07 0.002457187 1.2754685e-06 0.00056618586 1.314653e-06 0.00013513298 2.3392033e-06 0.0035429178 4.443119e-06 9.527171e-05 0.0012891411 3.651816e-05 9.6226206e-05 0.0008284912 0.00011672645 6.40858e-05 0.0016853921 0.0002742414 2.643591e-06 0.0008102564 0.00035236956 0.00062733097 0.00044713443 0.006832104 6.444359e-05 1.5636424e-07 4.0344275e-05 1.3028441e-05
0.89461684 0.017029442 0.0007125749 0.007498262 0.36393106 0.047611494 2.7294447e-05 0.0057204724 0.00018392583 5.238468e-05 0.046893287 4.3891573e-06 6.4638836e-05 0.19184701 0.011116759 0.6224982 0.38426015 0.9661918 4.4462457e-05 0.008967776 0.95912606 1.5008116e-07 0.08771727 1.3001259e-18 3.2382634e-06 9.6614734e-08 9.182086e-08 0.0013728216 5.1702784e-05 0.009652028 2.584127e-07 5.6026984e-06 0.00243108 1.546953e-07 0.08932933 0.34474447 0.010190981 0.008507135 0.017808862 0.00020989051 0.0031753087 0.095024 0.19400254 0.07121241 0.7805543 0.0001728199 1.0896465e-08 5.1988986e-06 1.0150286e-05 7.5543326e-08 0.0054563736 0.0011555043 3.6545173e-06 7.6049066e-05 0.041919228 2.2032857e-05 1.43800235e-05 0.49992812 0.0030013204 0.20654213 0.0003991241 0.0032005534 0.000109383 6.1288534e-05 2.4370665e-05 0.0014679721 2.4860826e-06 0.012103058 2.1541202e-06 6.663166e-08 0.20760842 0.00631569 1.024896e-06 2.0158723e-05 0.012590435 1.05687595e-05 0.049409524 1.9569721e-05 0.00024854357 8.306355e-07 0.072781935 0.00019785124 0.0010571349 0.06776844 0.00022772735 1.8413899e-05 0.0006564411 0.00022451043 0.0002182054 1.3133766e-07 2.156693e-05 7.5443395e-06 3.7795013e-07 1.173416e-05 0.004588037 0.0042489637 0.1108482 7.2352886e-06 1.2021188e-06 0.00081482326 1.0057454e-05
0.5455018 0.0004927169 0.014273617 0.0006852283 3.371072e-06 7.3749645e-05 0.77729315 0.0008925312 0.02727372 0.50451446 0.00074437313 0.5243121 0.041154645 0.0002776681 0.005435661 0.00041582904 3.0151828e-06 0.00019701222 0.002053657 9.088402e-05 9.503786e-05 0.38767833 6.2990273e-07 3.2382634e-06 2.084488e-16 0.98603994 0.15284286 0.0009114685 0.14377342 3.5017547e-06 0.6278414 0.70408714 0.00042610077 0.03638903 3.782343e-05 6.0916727e-06 2.8162008e-06 2.0242014e-06 0.00039955426 0.0012330294 8.043988e-07 2.4104662e-05 0.00013550594 4.1916114e-06 3.978713e-06 7.555136e-05 0.11903844 0.004203872 0.00014693748 0.015307954 0.0005770044 6.022882e-07 0.7583708 2.5113825e-06 6.3003194e-05 2.1476712e-06 0.00037811973 4.8038733e-06 3.572045e-07 1.160326e-05 0.0016950857 4.602985e-07 1.5474667e-05 3.7514678e-06 0.00037047028 0.001257709 2.776903e-06 1.4880768e-06 2.4396488e-06 0.045390766 7.702637e-06 9.836009e-07 0.008365171 0.009279564 2.3701766e-06 0.00018283892 0.0002200175 3.0387222e-05 1.329584e-06 0.010069793 2.9323553e-05 0.0057760235 1.6632765e-05 0.0009438514 0.0040963604 1.2656194e-05 0.00083575904 6.036006e-08 6.379721e-08 4.0111556e-07 3.9324495e-06 1.1703838e-05 1.4906591e-06 0.00020751069 1.2265582e-06 0.0061570737 4.9538812e-05 5.3045487e-06 0.0002692766 0.001984242 0.014992776
0.387022 0.000108217166 0.00251998 0.00013869397 7.730012e-08 1.1424147e-06 0.26055053 7.823322e-05 0.0014074816 0.05864098 0.00017564827 0.36700225 0.023794366 2.8670347e-05 0.001455713 5.510524e-05 7.789554e-08 3.2090331e-06 0.0012044265 1.2133347e-06 1.28846505e-05 0.36744353 8.899107e-08 9.6614734e-08 0.98603994 2.8795e-16 0.24996677 0.00073127437 0.011768914 9.526121e-08 0.96512336 0.07673635 4.668664e-05 0.046585757 8.522096e-07 1.1229803e-07 7.3760994e-08 3.444189e-08 0.00020383834 0.0008141161 7.278078e-08 7.3924906e-07 0.000120564364 8.294342e-08 2.2030082e-07 1.5899877e-05 0.29604253 0.009770474 3.9441962e-05 0.045296483 0.0004625203 1.5784714e-08 0.08547812 2.9437507e-07 1.4084779e-05 1.2039217e-07 5.978269e-05 1.0350664e-06 2.1065912e-08 9.729769e-08 0.004365234 1.5509139e-08 8.923255e-07 3.0087165e-06 7.517418e-05 0.0015310375 2.018734e-06 1.2460667e-07 1.8574663e-07 0.08016423 3.3295186e-07 5.4204126e-08 0.0196383 0.025334835 6.37264e-07 0.000186093 8.076134e-05 1.8956865e-05 1.5509504e-07 0.017762829 2.475604e-06 0.008898757 2.3578827e-06 0.00025611595 0.013035637 5.868787e-07 0.00011987576 8.893482e-10 7.52225e-09 1.0203149e-07 7.309209e-07 1.9379653e-05 5.706541e-08 2.0045769e-05 4.6197446e-09 0.0015846994 2.762086e-06 8.3595194e-07 7.556787e-05 0.002180523 0.031032251
0.8059223 0.0002240888 0.0030414176 0.00041556105 3.1190255e-06 2.1652402e-06 0.20034106 7.1978604e-05 0.0006160768 0.021631503 0.0011396705 0.5939968 0.42151177 0.00012921513 0.0631519 1.3928029e-05 3.537701e-08 5.8129085e-06 0.17019132 1.6535362e-06 2.2891982e-05 0.95278525 3.7553406e-08 9.182086e-08 0.15284286 0.24996677 1.6674662e-18 0.026806714 0.0021073732 1.2929159e-07 0.7545227 0.013441565 1.8919325e-06 0.96939284 1.0896284e-07 6.971147e-08 1.8470574e-08 6.98123e-09 0.0052530337 0.048440233 1.3692904e-08 2.0932857e-08 0.0006833114 3.845817e-09 1.5422737e-08 5.49986e-07 0.14947183 0.50898844 1.0088122e-06 0.25365624 0.0070059346 4.1174766e-09 0.007034718 7.2411184e-09 0.0011464772 1.4862096e-07 4.288268e-06 4.1337357e-06 1.1199204e-09 4.696381e-09 0.07521072 1.6526998e-09 6.26398e-08 1.2573665e-07 1.2686284e-05 0.038668685 4.076629e-06 2.232761e-09 2.7981048e-07 0.094949216 2.2696943e-07 4.67248e-09 0.07340155 0.3488156 5.4212785e-09 4.221931e-07 0.0001561429 7.72281e-07 1.4912008e-08 0.055103086 6.471708e-06 0.06814973 6.852827e-08 0.00020604394 0.064825244 3.9646963e-07 5.4517723e-06 1.0687582e-08 4.539466e-08 2.0696434e-05 1.9628308e-06 4.2190113e-06 4.855401e-07 3.4423483e-05 2.7515105e-07 0.01527396 4.586634e-06 9.881657e-07 2.0439059e-06 0.014937637 0.050206978
0.9118837 0.05906828 0.104066454 0.02126501 0.010415673 0.002447702 0.029055944 0.0031470985 0.002313218 0.004590643 0.5128305 0.058459725 0.35617012 0.106316335 0.8356041 0.026569882 0.0005237192 0.0031911465 0.6584822 0.00063164666 0.007243665 0.01779949 4.3411816e-05 0.0013728216 0.0009114685 0.00073127437 0.026806714 9.967345e-19 0.0012685516 3.1960302e-05 0.0010197236 0.0005915948 8.300028e-05 0.01790549 4.9188006e-05 0.00010254114 6.498178e-06 3.0440142e-06 0.8611451 0.96735007 6.0889256e-06 1.0519336e-05 0.15755019 5.4527186e-06 0.00032041586 8.224868e-06 0.000109418266 0.23272651 4.8721345e-06 0.00095260364 0.6792019 4.97167e-06 5.712267e-05 4.3534933e-06 0.15861443 8.975339e-06 1.3216039e-05 0.04574042 4.0639452e-07 4.4544493e-05 0.24908319 4.815122e-07 2.1913067e-06 3.100308e-05 0.00021629618 0.29437003 7.27256e-05 2.5240253e-05 7.636265e-07 0.0009497222 0.0024187402 7.1725235e-06 0.0026929562 0.023907129 2.1779591e-05 2.5493295e-05 0.06360051 1.0659099e-05 4.209771e-06 0.002784035 0.005994083 0.09405629 3.3434028e-06 0.04674828 0.019935677 4.2957827e-06 0.0011050142 1.1698287e-06 1.46413695e-05 1.1654597e-05 6.540739e-05 9.531311e-06 1.2590542e-06 3.0100916e-06 4.147061e-05 0.1534226 0.010642315 2.7933925e-06 1.2087975e-05 0.063320436 0.009254192
0.30249086 0.14002931 0.24058928 0.53408104 0.0074327714 0.118808165 0.43063164 0.579755 0.9321321 0.8749757 0.016952068 0.13876507 0.03136033 0.006368686 0.012545381 0.0032333524 0.0029620994 0.003883827 0.00085866265 0.21572144 0.000606795 0.028295472 9.417972e-05 5.1702784e-05 0.14377342 0.011768914 0.0021073732 0.0012685516 2.7345363e-16 0.00987164 0.0008644816 0.8308532 0.15679246 0.0008877586 1.8698205e-05 0.0001354115 0.00033875435 1.3168753e-06 0.0012365527 0.00021415253 5.203467e-06 1.0436996e-05 0.00026052434 1.4327677e-05 0.0005198465 0.50920373 0.0001991286 0.00033672855 0.89429164 2.3261728e-05 0.00030899167 7.775501e-07 0.7179984 2.514962e-05 0.00014447937 0.08082994 0.59759855 3.1610554e-05 6.9175405e-07 0.0005312446 0.0013492282 5.020873e-07 5.2199885e-06 5.9737842e-05 0.1643743 0.0006481034 1.5980987e-06 0.00029930085 9.315611e-07 0.00028837935 0.00018346439 0.00020857714 3.608194e-05 0.0007797121 8.095952e-05 0.34544685 0.00015464272 0.3567229 1.06643865e-05 0.00034220205 9.7601915e-05 0.0017542345 1.18268e-05 0.00045877584 0.0026161773 3.6800693e-06 0.038270414 1.2774753e-07 1.7255466e-05 1.7847899e-06 0.013021026 0.0046885037 2.6298942e-06 0.000118594144 2.813248e-06 0.0018170843 0.00024391651 4.60985e-06 0.021403806 0.00043787764 0.0010447258
0.13017014 0.015294988 0.01590713 0.093618505 0.0522557 0.4165568 0.0009094025 0.1856803 0.036166836 0.006676582 0.0015683081 8.17002e-06 2.223319e-05 0.0027453264 0.0006214961 0.00813083 0.32969335 0.084956475 1.7767477e-05 0.9275486 0.0058956095 7.8582633e-07 0.2776735 0.009652028 3.5017547e-06 9.526121e-08 1.2929159e-07 3.1960302e-05 0.00987164 7.4649406e-19 1.0269174e-06 7.083464e-05 0.96749824 4.7418493e-07 0.015890066 0.0134181725 0.70895594 0.008433112 3.1658885e-05 7.377634e-06 0.13337071 0.0020327307 8.362079e-05 0.0028381723 0.0048393514 0.06711855 1.4892935e-08 3.8606427e-06 0.005743453 1.0153935e-07 1.9367384e-05 0.0008861122 2.7372087e-06 0.30890647 2.2703787e-05 0.7601215 0.020013342 7.14105e-05 4.993064e-05 0.00037764225 1.8624969e-05 9.541423e-06 0.008346695 0.746485 0.46737412 8.583298e-06 0.29469797 0.00011730629 0.0026400022 6.7216314e-07 0.0004351308 0.00036072833 2.0952321e-07 1.7867108e-06 0.00037901095 8.797284e-06 0.0002622896 5.1637147e-05 4.8432175e-06 2.488863e-06 0.00047909282 2.6354415e-05 1.52492885e-05 0.0002644176 7.669225e-05 5.888097e-06 0.011161328 2.5047186e-06 5.508025e-06 0.069521345 0.025597122 1.3143403e-05 0.0004801549 0.00011519954 5.271715e-05 0.0004478578 0.001770086 1.893921e-05 4.403448e-07 9.006606e-05 0.00014298473
0.21690649 0.00026383222 0.0014955032 0.0005215854 2.6282944e-06 1.1129658e-05 0.09485195 0.00011957114 0.00043944138 0.014972988 0.00037826764 0.30994493 0.063232 5.4858112e-05 0.004542516 0.00012350742 1.364682e-06 1.6177626e-05 0.010229234 2.3069126e-05 1.609436e-05 0.8797339 3.161203e-07 2.584127e-07 0.6278414 0.96512336 0.7545227 0.0010197236 0.0008644816 1.0269174e-06 1.6506138e-17 0.033562113 8.36464e-05 0.16624172 2.578179e-06 9.2317606e-07 1.234865e-07 1.252547e-07 0.00057788333 0.001421485 1.103206e-06 1.3338946e-06 8.498317e-05 1.3340835e-07 3.7527434e-07 2.6005987e-06 0.96561015 0.038324878 4.483971e-06 0.5462301 0.0005671031 3.372128e-07 0.027407754 4.882761e-07 2.8971452e-05 3.3363478e-06 9.1371785e-06 2.1504563e-06 7.103436e-08 2.4832073e-07 0.0058632824 4.3912166e-08 1.932341e-06 1.0246406e-05 0.0005590065 0.0031675813 2.3917853e-05 5.71727e-07 3.2065566e-07 0.15414366 1.4131997e-06 5.1722726e-08 0.093945645 0.08317361 2.7611736e-07 1.1582452e-05 0.0001891532 1.3006156e-05 1.31668885e-05 0.0488638 7.0480896e-06 0.0133466 8.1532966e-07 0.00029469375 0.020317202 2.7038506e-05 0.00043245297 1.5401154e-09 6.2516587e-09 1.144012e-06 2.785201e-05 1.3783655e-05 2.9424007e-07 2.2924576e-05 1.4317335e-09 0.0035368868 1.9549313e-07 4.9432487e-07 3.7672587e-05 0.0046156724 0.037666917
