1.6631015e-26 0.7784996 0.9198206 0.77832294 0.82647055 0.33258942 0.7874488 0.90250474 0.88746244 0.24136649 0.90407586 0.9447526 0.90442085 0.93893075 0.9799316 0.510609 0.917623 0.87512696 0.5822364 0.60307926 0.9932443 0.9394493 0.98131734 0.8491111 0.926085 0.9983016 0.9479344 0.8345649 0.4930568 0.23357719 0.9245491 0.9662552 0.44606486 0.9660633 0.049269117 0.55038834 0.5348967 0.22880962 0.97274536 0.9921762 0.012237541 0.9851446 0.9978579 0.9353338 0.70580775 0.13593984 0.5393986 0.8011806 0.99289346 0.99305856 0.49547255 0.9712933 0.5628764 0.9882355 0.8877634 0.9946982 0.9818909 0.11279155 0.023804374 0.8986629 0.04637473 0.99979544 0.81966424 0.9992648 0.9885636 0.023468051 0.94675624 0.80264413 0.73310125 0.17156176 0.0034407699 0.0037856195 0.00023697247 0.9903918 0.74526066 0.059886023 0.9678554 0.088713616 0.5785627 0.0028196557 0.2987789 0.29728204 0.00035060153 0.1295678 0.0006281538 8.854439e-05 0.010486888 0.55607533 0.9738809 0.80207926 0.0015697721 0.5361649 0.9014798 0.00011884208 0.5357626 0.0013062449 5.9358652e-05 0.0379366 0.40843773 0.17283829 6.869222e-05
0.7784996 2.1008589e-14 0.8840011 0.9334256 0.9885408 0.4889967 0.046823807 0.004594598 0.03298102 0.23865125 0.05975336 0.047914598 0.022979653 0.0045160875 0.6340689 0.19809571 0.00010928468 7.783122e-05 0.0028597382 0.13095084 0.007016761 0.00017827297 0.00030743526 0.00012767148 0.0004657044 0.027204672 0.010062099 9.933563e-06 0.0014388742 0.27669296 3.3656427e-06 3.5863832e-06 0.051569298 1.3965448e-08 0.0052131284 1.21626e-06 0.0020554329 1.4033146e-05 3.12373e-05 4.500525e-06 0.0016351498 0.0002257081 0.0035082414 1.5137841e-06 7.4064985e-07 0.000112369016 0.0001756367 2.8477292e-08 6.8949294e-07 0.01113192 4.6295494e-07 0.0021959136 9.5120136e-08 1.6830303e-05 1.5491572e-05 0.00051980367 1.3160403e-06 9.701217e-07 7.4282966e-06 9.821664e-06 0.00091122556 0.0010891495 6.236383e-06 0.0023583698 7.665575e-07 2.2250985e-07 2.0960354e-07 3.8453072e-07 2.4755224e-07 3.823473e-05 9.694716e-07 2.6669406e-06 1.1843223e-05 1.5527196e-06 1.289511e-07 0.0003209284 0.0004264268 7.8026844e-08 1.1175173e-06 1.164412e-07 0.00010070504 1.1774802e-06 4.5264827e-07 1.9291823e-05 1.9201177e-06 4.6978707e-06 1.706549e-08 5.68205e-06 2.1763199e-06 2.8396045e-08 3.0852966e-06 5.38567e-09 5.3573448e-08 1.05303656e-07 1.3518525e-07 1.099918e-06 9.055123e-08 3.7626862e-06 2.6538676e-09 3.666222e-08 1.1397735e-06
0.9198206 0.8840011 7.1746486e-16 0.78826225 0.62210166 0.5252583 0.71841276 0.6171249 0.93957233 0.56579745 0.8963359 0.80757374 0.6534722 0.44262 0.8948336 0.56999093 0.049133282 0.024834057 0.21489437 0.2551956 0.37591907 0.05085362 0.077866785 0.02249701 0.09808843 0.04259423 0.010090872 0.001245765 0.09355177 0.018322697 0.00045883344 0.0007845141 0.35603082 1.053974e-05 0.0605609 0.00043365685 0.0014084578 0.0010314196 0.0014524887 6.097122e-05 0.006787139 0.0092125535 0.0024719522 1.5350419e-05 6.2349195e-06 0.0032727912 8.003868e-05 3.7289726e-07 2.5744714e-06 0.018522566 6.0069702e-05 0.00082450686 1.1126101e-07 0.0012621795 1.0923501e-05 0.0049613044 7.0540443e-07 5.577902e-06 5.3059925e-05 1.3649262e-05 0.022251962 0.0042120703 4.698001e-06 0.002592938 4.7168083e-07 1.1194459e-06 8.897919e-08 2.749344e-07 9.194177e-08 0.00011066255 3.278792e-06 4.635332e-05 0.004057204 6.8570284e-07 5.4541385e-08 5.3466752e-05 5.54196e-05 9.253882e-06 1.1047796e-07 8.736869e-06 8.61377e-06 3.0287929e-05 0.0008905714 1.149332e-06 0.0018322924 0.000898686 4.003184e-05 2.4740204e-06 1.0979921e-07 7.3361783e-09 4.431898e-07 3.4088657e-07 1.0779423e-08 4.7567963e-05 2.7615133e-07 0.001498275 0.0005324876 0.00012055516 2.9488194e-09 3.6787853e-06 0.00036014934
0.77832294 0.9334256 0.78826225 1.4390116e-15 0.089098595 0.9962863 0.19903739 0.032135677 0.057574254 0.55552334 0.036469217 0.031229116 0.107173204 0.012482983 0.17416605 0.44348347 0.00022781598 0.00016174473 0.042381313 0.019832416 0.00535482 0.00027558033 0.00035878542 0.0001231327 0.0023533048 0.005198827 0.0027362797 9.184705e-06 0.035511065 0.012543742 7.003903e-07 7.809497e-06 0.22891062 4.128305e-09 0.046816483 3.5132082e-06 0.00029764307 4.1872147e-05 2.733743e-05 2.5549093e-06 0.005618941 0.0017302763 0.0026653863 1.6678453e-06 1.195616e-07 0.0006451087 0.00014159344 8.819448e-09 3.047478e-07 0.020277731 1.4534635e-07 0.0028672097 9.0494385e-09 8.2099206e-05 8.513997e-07 0.0021306523 1.0181285e-06 3.1957373e-07 2.3826299e-06 2.7810297e-06 0.0056331 0.0049255765 6.489764e-07 0.0031535386 1.3565694e-06 2.090104e-06 1.4109959e-07 1.780036e-07 4.0189686e-08 4.929192e-05 8.789539e-07 4.618309e-07 0.0001970442 1.360281e-06 7.4721484e-08 0.00030193292 0.00012809774 7.981237e-07 1.8384201e-06 3.1908098e-07 0.00019047248 1.03803636e-07 5.7893353e-06 3.049401e-06 1.4462019e-05 1.6653048e-05 9.700504e-09 2.3521656e-05 4.2094678e-07 1.1341195e-07 2.2810182e-06 1.9873795e-08 3.5873458e-07 1.989453e-07 2.183385e-07 1.4350616e-06 3.4022194e-06 8.0198976e-07 9.0538016e-10 4.462955e-08 1.9486688e-06
0.82647055 0.9885408 0.62210166 0.089098595 1.976703e-16 0.021786373 0.013203109 0.00048011827 0.016994705 0.007295644 0.027956525 0.05267862 0.0005749805 0.0042585824 0.83852124 0.0046415413 5.390085e-05 8.315644e-05 0.00016162492 0.92962533 0.012897985 0.0002507513 0.00051627576 5.320125e-05 5.3756135e-05 0.16889802 0.09604077 4.3417513e-06 9.390735e-05 0.7979212 9.886671e-07 2.862801e-06 0.0020282604 3.4936372e-09 0.00038031934 5.9379374e-07 0.052644093 4.260065e-06 3.4411638e-05 1.2147565e-06 0.00026109314 0.001005619 0.039178163 1.1093528e-06 1.7737588e-06 1.12098905e-05 0.01412108 4.5844627e-07 2.9674868e-07 0.023353435 3.655807e-06 0.019734826 1.3584208e-06 5.8875325e-05 1.749367e-05 0.0008495801 6.3175565e-07 1.9271097e-07 5.5302814e-07 6.494169e-06 0.0006288842 0.0013563717 7.202451e-06 0.008118383 3.661304e-07 1.958206e-07 5.3281894e-08 6.318783e-08 5.1822564e-08 1.9279942e-05 3.811877e-07 8.281013e-07 3.1266092e-05 2.5615856e-07 3.738104e-08 0.00085537456 0.00029208104 3.254387e-08 7.799375e-06 4.6028333e-08 0.0002991165 5.0744383e-08 1.5363784e-06 3.1727188e-05 0.000113863294 7.214237e-05 3.1400076e-09 4.111269e-07 3.4302964e-08 1.7857908e-10 4.490664e-06 5.3986904e-09 5.707047e-10 2.483155e-07 1.2714904e-09 2.875671e-07 1.0092385e-06 3.739116e-08 1.6617414e-11 2.550871e-09 4.2353663e-06
0.33258942 0.4889967 0.5252583 0.9962863 0.021786373 6.50196e-17 0.23713985 0.030329164 0.021784777 0.9356846 0.00729818 0.0064520966 0.13976637 0.0044679902 0.02441114 0.56613106 0.00022011824 0.00019456088 0.058340028 0.003710401 0.0024010974 0.00026828924 0.00017837161 0.00020055052 0.0021410466 0.00062830717 0.0004720139 2.5158497e-05 0.028627241 0.0015127885 2.310439e-06 3.7954499e-06 0.18729015 8.936984e-09 0.05154496 8.004551e-06 0.00012755077 5.0606286e-05 9.296716e-07 3.9092458e-07 0.0047116256 0.00032313718 0.00038135351 2.3841153e-07 2.5907525e-07 0.00034425175 6.2268796e-06 1.0266242e-07 6.187389e-08 0.0022948992 1.9653585e-07 0.00043549552 5.9204112e-08 2.4228772e-05 6.0446127e-06 0.00077742746 5.637421e-07 9.952713e-07 5.647093e-06 3.312339e-06 0.004248958 0.0018155011 1.1305297e-06 0.00043137293 2.0799185e-07 1.2577281e-06 3.6185176e-07 1.18572125e-07 1.317176e-07 9.62256e-06 4.737754e-07 2.9779622e-07 0.0003164272 1.7499184e-06 4.0019795e-08 4.7646055e-05 4.0675903e-05 4.5352974e-07 1.4630643e-06 6.8728816e-08 1.48882145e-05 6.1888535e-08 4.5702386e-06 1.0930395e-06 3.217465e-05 3.7385624e-05 2.5898212e-09 2.1974038e-05 1.6278966e-07 4.653272e-08 3.2268093e-07 6.145879e-09 2.0289477e-08 1.9120218e-07 4.571232e-08 7.460844e-07 7.511e-06 1.2596516e-07 1.0367335e-09 1.0852162e-08 2.5199763e-06
0.7874488 0.046823807 0.71841276 0.19903739 0.013203109 0.23713985 2.1249523e-16 0.990086 0.59931284 0.34184575 0.08825514 0.040842555 0.940468 0.34571946 0.01878815 0.35516593 0.39604324 0.14237839 0.56362736 0.00047240884 0.05710705 0.04169028 0.0267059 0.49449876 0.6197181 0.00032182614 9.7822114e-05 0.02030493 0.37990123 6.52751e-05 0.0028353194 0.0025845848 0.2397597 1.1571843e-05 0.06927189 0.04268444 2.3628067e-05 0.044364892 0.00016380732 6.1459705e-06 0.0032090426 0.0009260632 5.722949e-05 4.8430147e-06 1.3455622e-06 0.05536938 1.0598559e-06 2.390912e-05 7.4151063e-07 0.0028325128 0.0009841054 4.576312e-05 2.3801611e-08 0.00013219198 3.118896e-07 0.0013126737 5.020825e-07 0.0017599781 0.0016871564 5.379608e-07 0.045349997 0.001414866 1.4399468e-07 8.058255e-05 1.7818058e-07 8.932851e-05 1.9875651e-08 2.9793782e-08 2.3783686e-08 3.0275425e-05 9.841763e-05 4.9971513e-05 0.0015315122 2.0114017e-07 9.374346e-10 1.7145474e-06 1.1366111e-05 2.8388908e-07 1.3626961e-08 6.2469244e-06 1.6164864e-06 3.848945e-08 6.65612e-05 8.316123e-08 0.00060781464 0.00013509845 3.360718e-07 3.0703004e-06 4.509779e-08 1.0406397e-10 5.353657e-08 1.7815697e-09 7.471488e-09 2.166874e-06 1.4220203e-09 1.339489e-05 6.545057e-05 4.4442274e-07 2.029534e-10 6.3759833e-09 0.000100296835
0.90250474 0.004594598 0.6171249 0.032135677 0.00048011827 0.030329164 0.990086 3.9350492e-21 0.61393315 0.06929673 0.06927422 0.0337633 0.760787 0.56112754 0.009826828 0.15517397 0.51090324 0.4846431 0.3827751 0.00026472897 0.05516975 0.09346357 0.034710627 0.5807772 0.5406812 0.00011502872 2.958721e-05 0.028549505 0.3019859 1.6879425e-05 0.0162326 0.0044152206 0.1639769 5.3644286e-05 0.05077825 0.06400416 2.968793e-06 0.07180623 0.0040444243 5.6977246e-05 0.001551682 0.005118862 7.096778e-05 1.2408821e-05 5.321104e-05 0.072418205 2.3618178e-07 0.00026546925 9.132083e-06 0.008909643 0.0019509692 7.948871e-05 3.575022e-08 0.00075918995 9.804411e-07 0.003626125 1.6918094e-06 0.006437376 0.0030288133 1.5619813e-06 0.09424044 0.0020874958 5.8528343e-07 0.00022418691 1.8622314e-06 0.00019504408 3.972849e-07 9.047096e-08 2.3775883e-08 0.000111825626 8.2576065e-05 1.3423931e-05 0.000121344354 2.308692e-06 1.1300681e-08 2.681834e-07 1.5242812e-06 1.6664303e-06 2.7068781e-08 4.336322e-06 1.09085946e-07 5.080678e-07 1.4933904e-05 2.0650347e-08 8.210766e-05 2.6000855e-06 8.4786365e-07 1.3402729e-06 3.5790316e-07 4.1694917e-10 1.6241809e-09 6.7038783e-09 4.594825e-08 4.4110178e-07 1.4483237e-08 2.573492e-06 1.1845984e-06 3.3837802e-07 1.5489208e-09 5.5248545e-08 3.5471335e-06
0.88746244 0.03298102 0.93957233 0.057574254 0.016994705 0.021784777 0.59931284 0.61393315 7.416812e-16 0.021745035 0.7909847 0.53255934 0.2273776 0.980345 0.16459005 0.0509573 0.3147639 0.13850668 0.054676116 0.0062207575 0.49674723 0.23358636 0.29959664 0.07016789 0.05989955 0.004341499 0.0014674354 0.0076248567 0.022010073 0.000831044 0.0068470472 0.021364478 0.01627941 0.00031454707 0.0031511527 0.0028525526 0.00012920599 0.0018721268 0.0035497376 0.00011793614 0.00028831474 0.0153395785 0.00038757088 4.3052794e-05 1.3011962e-05 0.002892088 2.5048083e-05 0.000190811 2.1915792e-05 0.015011075 0.00045938665 0.00046264823 5.210153e-07 0.0032731295 1.0692768e-05 0.00888782 6.5683894e-06 0.00022432594 0.00018250688 5.8219744e-06 0.0033129284 0.003972829 3.0715976e-06 0.0013121311 3.4723473e-06 1.3107266e-05 3.5217064e-07 1.7966322e-07 1.0097174e-07 0.00014325211 5.5086343e-06 1.1027859e-05 0.0024647384 4.7510453e-06 2.761687e-07 3.2424011e-06 1.9466497e-06 4.3636933e-06 3.220427e-07 4.230151e-06 4.1293842e-07 3.0368378e-06 2.3147517e-05 1.6827558e-07 0.0015241279 0.00040125143 1.3935755e-06 2.117874e-06 7.0085406e-07 2.1171196e-09 1.1047032e-08 1.4031754e-07 5.7301843e-09 3.462163e-06 1.0448791e-08 2.8766559e-05 0.0003758727 1.8972156e-06 4.8284826e-10 2.2719533e-07 0.00034123287
0.24136649 0.23865125 0.56579745 0.55552334 0.007295644 0.9356846 0.34184575 0.06929673 0.021745035 1.7865382e-16 0.007527361 0.006026474 0.52846235 0.007961882 0.012404392 0.99268425 0.0019918464 0.0014300648 0.43523654 0.0018381459 0.0028422433 0.00056261796 0.00050446315 0.0016345263 0.01533519 0.0003345521 0.0001706022 0.00016798064 0.1921454 0.00058193435 5.2594118e-05 2.327524e-05 0.58753216 8.228037e-08 0.28254575 6.989385e-05 0.0001812046 0.00029455274 3.0449203e-06 1.9863508e-06 0.021417916 0.00055118353 0.000761396 9.219874e-07 9.941698e-07 0.0024424728 1.2429227e-05 5.153821e-07 3.766946e-07 0.0033589224 6.412801e-06 0.0011353047 2.9631514e-07 8.706505e-05 1.2248031e-05 0.0015033783 7.0772144e-06 1.54645e-05 0.00012955753 2.4574247e-05 0.019019023 0.0023521995 5.377067e-06 0.0008086855 8.35226e-07 1.005547e-05 2.0969062e-06 7.4705343e-07 4.422757e-07 2.626677e-05 1.0064852e-05 1.6942853e-05 0.0006739207 1.6853608e-05 4.5353363e-07 0.00014697322 0.00013972951 1.5539463e-06 5.9428753e-06 6.424037e-07 7.25098e-05 6.7136364e-07 3.079651e-05 5.1277025e-06 0.00013330732 0.00013647409 2.0643269e-07 7.885365e-05 5.19426e-06 4.2561032e-07 5.1646625e-06 1.4721483e-07 1.1980559e-06 2.2410418e-06 2.3023256e-07 5.185233e-06 1.8327195e-05 4.9389416e-07 1.5090347e-08 4.097415e-08 1.7312319e-05
0.90407586 0.05975336 0.8963359 0.036469217 0.027956525 0.00729818 0.08825514 0.06927422 0.7909847 0.007527361 3.7002982e-17 0.9886568 0.016096357 0.63970864 0.6138601 0.007999992 0.020348575 0.010682353 0.0026701363 0.064058416 0.80241054 0.09791291 0.17559889 0.00441804 0.0027839406 0.030394372 0.006537547 0.0002842032 0.0015791212 0.0021477605 0.0009946253 0.0075185257 0.0020033005 0.0001672487 0.00030123602 6.553077e-05 0.0006536184 0.00013717948 0.017780598 0.00021866642 0.00017253026 0.08370165 0.0017858235 6.6140536e-05 3.6061863e-06 0.00021781764 0.00047201957 1.394473e-06 4.794333e-05 0.033686757 8.767016e-06 0.002207227 1.6406753e-07 0.0052435836 8.920112e-06 0.016279876 8.566035e-06 1.7244807e-05 2.9973799e-05 4.2433676e-06 0.0037357789 0.006503516 1.818368e-06 0.0049861716 2.519146e-05 1.2205721e-06 4.0465613e-07 2.1062732e-07 5.2722044e-08 0.00011935923 5.225056e-07 1.6387963e-06 0.0018835381 1.4864124e-05 2.1661602e-07 1.2084275e-05 1.2082316e-05 3.9657916e-06 9.980947e-08 1.6990385e-06 6.589263e-06 4.950849e-07 7.1313684e-06 3.838408e-07 0.0014968333 0.0005105228 4.8170193e-07 3.400085e-06 1.1539558e-06 9.729541e-09 3.6906993e-09 3.38337e-07 2.1568026e-08 4.1535063e-06 1.3048154e-08 1.8152292e-05 0.00046132054 5.0203203e-06 9.316183e-10 3.4008258e-07 0.0002167141
0.9447526 0.047914598 0.80757374 0.031229116 0.05267862 0.0064520966 0.040842555 0.0337633 0.53255934 0.006026474 0.9886568 1.3326855e-17 0.012930789 0.3869976 0.8449436 0.0051844 0.00870392 0.0059760176 0.001726086 0.18493265 0.8368079 0.06486678 0.10570801 0.0025776678 0.0016622435 0.06437889 0.016928706 0.0004396562 0.00090403744 0.0073929075 0.0009511589 0.0046746186 0.0013748386 8.5616455e-05 0.00026739904 2.0244204e-05 0.0011921062 3.0462897e-05 0.017516578 0.00018994877 3.7996204e-05 0.12001817 0.008112558 5.9450434e-05 1.0202152e-06 0.0001721964 0.0011177082 4.4647416e-07 3.5978508e-05 0.0956081 1.0814164e-06 0.0024873612 7.054842e-08 0.006718037 6.6129655e-06 0.027775425 1.0000699e-05 5.1060456e-06 1.6733635e-05 3.9368997e-06 0.0036288109 0.017761797 1.7701592e-06 0.018213462 1.6910279e-05 3.810125e-07 7.223303e-07 3.2319863e-07 6.523517e-08 4.5999008e-05 6.0007403e-07 1.3595717e-06 0.0013722994 1.8561403e-05 6.424217e-08 0.00023169327 0.00037037773 3.184634e-06 5.4987197e-08 1.0268234e-06 0.00022656235 4.786192e-07 9.763855e-06 7.040193e-05 0.00057549175 0.00039790297 3.2754338e-07 2.713544e-06 3.122174e-06 1.3868193e-08 1.5791588e-07 1.17628524e-07 2.7582337e-07 8.007834e-06 3.5069316e-08 5.0897466e-05 0.00015922525 4.2882225e-06 7.530146e-09 2.427248e-07 0.00018750069
0.90442085 0.022979653 0.6534722 0.107173204 0.0005749805 0.13976637 0.940468 0.760787 0.2273776 0.52846235 0.016096357 0.012930789 7.887833e-18 0.10176168 0.005387554 0.6915341 0.18258272 0.13019192 0.9589555 0.0007005872 0.014394726 0.009863952 0.009103128 0.49278447 0.9049565 9.570855e-05 7.750305e-06 0.024919007 0.79866594 3.605896e-05 0.025368815 0.0020113366 0.6193214 5.210243e-05 0.21396184 0.08137544 2.0860575e-06 0.0965111 0.00031424483 9.4781935e-06 0.013884366 0.0017858277 3.483042e-05 2.1012422e-06 1.8223188e-06 0.15188114 1.8242187e-07 1.1238214e-05 1.140959e-06 0.005626883 0.00019847394 5.440491e-06 2.6291753e-09 0.00016305792 2.9130615e-07 0.0018676257 3.3290107e-07 0.0050180997 0.008649632 7.792917e-07 0.252857 0.0018094764 2.8946815e-07 0.00016193982 3.785861e-07 0.00022998055 4.0658232e-08 2.1790653e-08 8.816774e-09 1.2509736e-05 0.00035609672 0.0004935536 0.00068875373 8.875338e-07 1.599477e-08 2.9905916e-06 1.0071689e-05 5.604293e-07 9.0563805e-09 1.7667298e-05 1.7260099e-06 3.3357971e-06 0.00019107397 6.3310516e-08 0.0016624883 0.0002389527 2.6649477e-06 1.4015498e-06 1.3314423e-07 3.8045367e-09 3.5681825e-08 3.058991e-09 1.2532853e-07 2.7812857e-05 1.3804201e-07 6.548147e-05 5.1068415e-05 1.5943541e-06 1.216217e-08 4.8996345e-08 0.00024813006
0.93893075 0.0045160875 0.44262 0.012482983 0.0042585824 0.0044679902 0.34571946 0.56112754 0.980345 0.007961882 0.63970864 0.3869976 0.10176168 1.6055025e-18 0.06921766 0.009670385 0.5342435 0.23677367 0.018997407 0.0029784723 0.5899976 0.842737 0.688902 0.04727214 0.040198684 0.0012386577 0.00047967047 0.008883253 0.009492328 0.00028587307 0.017884968 0.11704336 0.0015200706 0.004924257 0.0003364876 0.0035133641 0.00013349751 0.0023815704 0.07772081 0.0032732745 4.7985734e-05 0.10769748 0.0009918839 0.0007225753 0.00089520705 0.0019589048 3.843533e-05 0.001199127 0.0002865604 0.027412988 0.0010970708 0.0012796806 1.5831563e-05 0.02119133 0.00017763012 0.028280655 0.00010488767 0.00027328686 0.00016415214 5.4308577e-05 0.0046685482 0.009801865 7.0604525e-05 0.003678163 8.909939e-05 8.039997e-06 1.808537e-05 1.0269415e-05 1.7310692e-06 0.00053965324 1.991903e-06 2.0611508e-06 0.0029342368 0.00023113754 6.0746866e-06 2.2245924e-06 1.6378395e-05 1.6949189e-05 2.7629003e-06 1.2037569e-06 8.672251e-06 1.327634e-06 9.225729e-06 4.4682045e-07 0.0019556438 0.0016931088 8.5925484e-07 2.5165577e-05 5.9052574e-05 3.565842e-08 2.752979e-08 1.8682973e-06 1.15182675e-05 3.6229494e-06 1.4244955e-06 7.680903e-06 0.002211091 1.0150668e-06 4.6890062e-07 4.3485863e-07 0.0011393112
0.9799316 0.6340689 0.8948336 0.17416605 0.83852124 0.02441114 0.01878815 0.009826828 0.16459005 0.012404392 0.6138601 0.8449436 0.005387554 0.06921766 4.23651e-17 0.009803249 0.0016243671 0.0021591482 0.0006606782 0.85217965 0.5972638 0.007295348 0.018706772 0.001129444 0.0004658297 0.841928 0.33678618 0.00017399952 0.00018702779 0.12357557 0.00010812009 0.00045434927 0.0008550081 1.2808356e-06 0.00035059868 3.1822328e-06 0.018979587 8.4816975e-06 0.0057429955 4.583575e-05 0.00022395271 0.09778717 0.07553049 1.8091803e-05 1.7615504e-06 2.127795e-05 0.005699249 2.2692495e-06 9.632081e-06 0.20457226 9.094329e-06 0.019001763 8.260856e-08 0.00652038 3.5874677e-06 0.030959291 1.9335741e-06 2.083819e-06 8.2704655e-06 8.963047e-06 0.005038504 0.02471521 8.8246015e-06 0.061987884 1.1287127e-05 1.2969375e-06 4.4043016e-08 1.9103047e-07 4.6057842e-08 0.00018845352 1.0216022e-05 1.11334575e-05 0.0009834655 4.1675044e-06 4.1675065e-07 0.0001561822 0.0004709377 9.25442e-06 3.3569157e-07 9.284628e-06 0.00020562112 4.2371663e-05 0.00020422674 1.4364931e-05 0.00039935237 0.00027635487 4.181492e-07 7.682877e-07 1.09567836e-07 2.6561228e-08 9.521394e-07 1.1121732e-07 1.2434686e-08 2.524461e-05 3.5907874e-08 0.000255263 0.00010786654 0.00047040312 2.4488245e-09 5.5072815e-07 5.150902e-05
0.510609 0.19809571 0.56999093 0.44348347 0.0046415413 0.56613106 0.35516593 0.15517397 0.0509573 0.99268425 0.007999992 0.0051844 0.6915341 0.009670385 0.009803249 3.7745636e-16 0.0035819777 0.0061392435 0.67482036 0.0011221904 0.0032446582 0.00056032115 0.0003632256 0.004944013 0.06407135 0.0002523307 0.000108740955 0.00031803155 0.54354876 0.00068806997 0.00019406553 1.0695645e-05 0.962793 2.8802054e-07 0.53246725 8.0144244e-05 5.507298e-05 0.0009485233 8.050661e-06 1.986313e-06 0.1005043 0.0002232456 0.00029361597 1.0730907e-06 3.8221165e-07 0.014549914 1.9655376e-06 2.5758402e-07 6.955558e-07 0.0031159339 3.6452097e-06 0.00039780245 5.576551e-08 9.905032e-06 1.2153458e-05 0.00096750347 8.223771e-06 2.3861965e-05 0.00010142221 3.6378737e-05 0.08730048 0.0008738548 5.8396176e-06 0.0002444006 1.3391332e-06 5.041464e-06 1.6663985e-06 2.6100489e-07 3.0875054e-07 1.1989891e-05 1.03369575e-05 1.291909e-05 0.0015779554 2.1313654e-05 3.3105655e-07 1.7365364e-05 0.000102236285 6.3371135e-07 8.486961e-07 1.9586749e-07 1.52042285e-05 1.4844886e-07 5.93079e-05 8.627696e-08 0.00039725273 0.00023184577 3.875664e-08 8.86266e-05 1.642749e-06 4.089888e-08 5.200811e-07 1.5649544e-08 1.4224449e-07 1.5778785e-06 2.616192e-07 2.4835754e-06 3.3776032e-05 1.3364354e-07 1.9293422e-07 5.6998486e-09 6.539757e-06
0.917623 0.00010928468 0.049133282 0.00022781598 5.390085e-05 0.00022011824 0.39604324 0.51090324 0.3147639 0.0019918464 0.020348575 0.00870392 0.18258272 0.5342435 0.0016243671 0.0035819777 3.4184667e-20 0.9879971 0.04778567 0.00035190026 0.05715293 0.716069 0.19627096 0.67259675 0.28726324 0.00011028959 2.6483212e-05 0.48586988 0.058085427 4.7854505e-06 0.7497799 0.37383807 0.0030843834 0.1715732 0.0024128042 0.15537746 1.075014e-05 0.070001334 0.06219532 0.0065643108 1.1808532e-05 0.03775672 0.00038254482 0.0017715206 0.028349837 0.039032944 6.335597e-07 0.17054144 0.0011030894 0.01742886 0.11325645 0.0003076368 0.0013566861 0.0117550725 0.00034056182 0.022743847 0.00031352075 0.07655442 0.010585448 9.674628e-05 0.022992674 0.010008353 0.000102222744 0.001447572 0.00016594795 0.004802227 2.8705339e-05 1.2473949e-05 6.3069588e-06 0.0030549245 0.0016613567 0.00046940177 7.5237112e-06 0.00011729366 8.388962e-06 5.273334e-07 3.4035584e-05 0.0005390103 3.2431944e-05 0.00020532035 1.8196688e-06 0.00081226835 0.000117556934 1.2521396e-07 0.0003038776 1.07566514e-07 5.2894262e-05 5.4229182e-05 5.786336e-05 4.892715e-08 5.2997664e-09 2.6936575e-06 5.123931e-05 3.155584e-06 8.510113e-06 6.265946e-06 1.6100785e-06 5.01176e-05 6.816935e-07 2.041062e-06 1.5190938e-05
0.87512696 7.783122e-05 0.024834057 0.00016174473 8.315644e-05 0.00019456088 0.14237839 0.4846431 0.13850668 0.0014300648 0.010682353 0.0059760176 0.13019192 0.23677367 0.0021591482 0.0061392435 0.9879971 6.862171e-18 0.037074342 7.1221424e-05 0.022775928 0.2914403 0.11870198 0.7655453 0.2755178 2.2536924e-05 1.3334476e-05 0.73553646 0.041906375 6.882845e-06 0.8770865 0.27440995 0.0030040005 0.35833856 0.0014021333 0.22312671 3.908185e-06 0.098907895 0.019898163 0.003036114 6.5423985e-05 0.009091918 3.11543e-05 0.00066874246 0.060300022 0.036111318 2.3108784e-07 0.25341365 0.00026065804 0.0054282295 0.17240056 4.146456e-05 0.007530319 0.0035492738 8.228153e-05 0.010015337 5.993442e-05 0.10995969 0.013289813 7.0697635e-05 0.024793357 0.0028807959 7.476415e-05 0.00024000673 5.5421402e-05 0.006555186 3.6276617e-06 6.3221282e-06 3.655633e-06 0.0035316895 0.0015930388 0.0004787361 4.741904e-05 5.303686e-05 2.7314394e-05 2.4304933e-07 3.1031493e-06 0.0005718923 1.9231094e-05 0.00041848395 1.5243647e-07 0.0015654598 0.00019291208 1.6644114e-08 0.0007769454 2.730503e-06 0.00022063649 8.2354054e-05 1.5401993e-05 7.9622464e-07 4.02856e-09 4.029181e-06 1.3322044e-05 7.732844e-06 4.586743e-06 4.9840102e-05 1.9429024e-05 7.809448e-05 1.8177478e-07 4.241656e-06 6.6677465e-05
0.5822364 0.0028597382 0.21489437 0.042381313 0.00016162492 0.058340028 0.56362736 0.3827751 0.054676116 0.43523654 0.0026701363 0.001726086 0.9589555 0.018997407 0.0006606782 0.67482036 0.04778567 0.037074342 1.0532597e-18 0.00019265799 0.0021519503 0.0018676 0.0013988651 0.2535503 0.92093325 7.918246e-06 1.7218803e-06 0.0153825525 0.9718315 5.772757e-06 0.015781181 0.00024484922 0.58781135 4.9747126e-05 0.28362793 0.046096135 7.903983e-07 0.08411596 4.2956333e-05 1.7852223e-06 0.02512282 0.00028682285 1.655612e-05 1.3632069e-06 1.638609e-06 0.19421892 6.393059e-08 5.8000614e-06 2.7803415e-07 0.0014645881 0.00015028077 2.1337519e-06 1.5850656e-09 3.261087e-05 1.706387e-07 0.00050616934 2.436446e-07 0.0033088238 0.011331721 6.689453e-07 0.30660757 0.00066887384 1.4833861e-07 2.0950705e-05 1.241095e-07 0.00023514158 2.3515296e-08 3.4314418e-08 4.047816e-09 1.5021512e-06 0.0007966033 0.0007831959 0.001826919 1.4058132e-06 3.4217997e-09 1.9523984e-06 3.149572e-05 7.300839e-08 2.7803755e-09 9.146707e-06 1.5512987e-06 5.59783e-07 0.00035918888 3.309497e-08 0.0030085822 0.0005772069 8.5928195e-07 1.2264599e-06 3.503575e-08 3.2316039e-09 4.1072976e-08 1.8877773e-09 5.8357736e-09 0.00010204966 3.2246066e-07 0.00010633488 0.0001950865 4.4220965e-08 1.492356e-08 8.550221e-09 0.0004248656
0.60307926 0.13095084 0.2551956 0.019832416 0.92962533 0.003710401 0.00047240884 0.00026472897 0.0062207575 0.0018381459 0.064058416 0.18493265 0.0007005872 0.0029784723 0.85217965 0.0011221904 0.00035190026 7.1221424e-05 0.00019265799 1.7932098e-15 0.11386634 0.0005415996 0.001164892 3.6284597e-05 0.00010706345 0.81917727 0.983216 6.0014468e-06 3.5555076e-05 0.91198766 8.379031e-06 1.7725724e-05 0.0017885165 5.1136647e-07 0.00094126037 5.028159e-06 0.70177466 3.1069753e-06 0.0009187772 1.5221379e-05 0.0009017182 0.015071574 0.09976907 4.5298666e-06 6.2511376e-06 3.100802e-05 0.06403829 7.647318e-06 2.5163497e-06 0.040705573 1.5679385e-05 0.029678136 4.8325114e-07 0.0025355262 3.0586707e-05 0.0046959547 9.46956e-07 1.44263395e-05 7.914525e-06 4.1392e-06 0.007821688 0.0054789754 2.6893476e-06 0.025775915 1.1442099e-05 2.5957297e-06 2.2347831e-07 1.698775e-07 4.7068756e-08 5.202036e-05 1.008137e-06 4.104314e-06 0.0038454032 3.002391e-06 7.344695e-08 0.000315297 5.4635326e-05 1.7674753e-06 9.973112e-07 1.0348137e-06 3.3831995e-05 1.0920841e-06 2.7679756e-05 4.37067e-06 0.00449385 0.0015985745 1.8071972e-07 6.637452e-07 1.5801282e-08 5.3194134e-09 5.8566396e-08 2.0769621e-06 8.592002e-10 1.4038527e-05 8.209911e-09 1.227207e-05 0.000113530295 6.2673744e-06 5.600248e-11 4.0052078e-07 0.00031142638
0.9932443 0.007016761 0.37591907 0.00535482 0.012897985 0.0024010974 0.05710705 0.05516975 0.49674723 0.0028422433 0.80241054 0.8368079 0.014394726 0.5899976 0.5972638 0.0032446582 0.05715293 0.022775928 0.0021519503 0.11386634 1.7909327e-16 0.311133 0.78354275 0.009805198 0.0025143065 0.24944894 0.031784214 0.0018127805 0.0007255396 0.004873657 0.002194421 0.04231814 0.0017752126 0.0013500333 0.00015986766 8.742714e-05 0.0027814063 6.3043466e-05 0.33833668 0.026055396 0.00048395427 0.8415419 0.036763296 0.0017183624 0.00013989751 0.00015547541 0.0013189994 7.923587e-06 0.0017616077 0.5412077 3.942568e-05 0.010866435 5.236377e-06 0.19965832 0.00029869008 0.45739484 0.00018711432 2.0494238e-06 3.6181795e-05 0.00015141886 0.016147219 0.20946363 0.000120419005 0.08736624 0.00046433965 3.2768145e-07 1.3511397e-05 1.6497253e-05 6.372683e-05 0.00011251248 4.851793e-06 7.092596e-05 0.00019182418 0.00023392169 3.4137494e-05 0.0005009796 0.00089121156 1.1882944e-05 3.8465656e-05 9.376824e-06 0.00041709142 0.00040316253 6.323639e-05 0.00029769161 0.0014218049 6.200584e-05 1.112605e-05 5.8111047e-05 0.000114905044 5.9778386e-06 8.946284e-06 2.7060844e-07 0.00010243812 9.096259e-05 1.3810313e-05 0.00043707932 0.00013186938 0.0007201681 7.4567015e-06 8.299664e-07 0.00015720283
0.9394493 0.00017827297 0.05085362 0.00027558033 0.0002507513 0.00026828924 0.04169028 0.09346357 0.23358636 0.00056261796 0.09791291 0.06486678 0.009863952 0.842737 0.007295348 0.00056032115 0.716069 0.2914403 0.0018676 0.0005415996 0.311133 4.4159027e-19 0.9525547 0.05180617 0.012440631 0.00057389686 5.9253736e-05 0.021869281 0.0011154566 9.037709e-05 0.08682975 0.9512128 0.00010720087 0.3655019 1.9788982e-05 0.005935809 1.6969067e-05 0.0015750333 0.4202695 0.09121139 1.7022425e-05 0.22150849 0.000887085 0.020008182 0.021581529 0.00067698135 2.8178044e-06 0.012163796 0.009260151 0.030104315 0.010993487 0.00155297 0.0081759365 0.054688804 0.0132268965 0.06957448 0.002824748 0.0013714901 0.00014767869 0.0017919292 0.004626939 0.014018995 0.0010115608 0.004979723 0.0008824598 0.00012527985 0.00029092596 0.00023383404 8.350015e-05 0.0019227181 8.2216375e-06 5.45496e-06 0.00023356258 0.0011279489 0.0002624297 1.0833988e-07 2.2785518e-05 0.00032461915 0.00021292514 1.1829373e-05 4.1834164e-06 0.0001085414 9.090877e-06 1.0165078e-07 0.0025455665 0.00010560079 1.4803463e-05 0.00024498443 0.00037634416 9.11509e-06 8.445049e-09 2.5683274e-05 0.00020676892 1.4284202e-06 7.8989724e-05 2.9653513e-05 0.00056784 9.008354e-06 5.2562533e-05 2.5886462e-05 0.00090192375
0.98131734 0.00030743526 0.077866785 0.00035878542 0.00051627576 0.00017837161 0.0267059 0.034710627 0.29959664 0.00050446315 0.17559889 0.10570801 0.009103128 0.688902 0.018706772 0.0003632256 0.19627096 0.11870198 0.0013988651 0.001164892 0.78354275 0.9525547 3.2183473e-17 0.019698825 0.0056412527 0.0025744247 0.00021446624 0.008582484 0.00071051816 0.00020960407 0.01374469 0.7021859 3.8748312e-05 0.053595822 2.335756e-05 0.0016241573 0.00019683156 0.0005823452 0.64784557 0.08992805 9.039602e-06 0.6819455 0.0061764927 0.023771422 0.003019158 0.00023832664 6.602143e-05 0.0024835852 0.014823837 0.121947125 0.001780163 0.0034238517 0.0021483933 0.20041461 0.002234486 0.29626277 0.0027726125 0.000106053434 6.3933556e-05 0.0007266188 0.0026583301 0.06885032 0.00091804453 0.02026047 0.0023919463 5.104741e-06 0.00023759318 5.3943524e-05 6.675483e-05 0.00081382727 5.9675394e-06 2.4682654e-06 2.658258e-05 0.0015025878 0.00028447626 9.111386e-06 0.00047732217 0.0001091602 0.0001472336 7.594227e-06 6.849382e-05 5.8273596e-05 5.7904226e-06 3.8325725e-06 0.0010546021 7.817828e-06 9.008473e-08 0.00037138187 0.00047943607 9.904334e-06 8.585e-08 3.8536577e-06 0.0006320887 8.787658e-06 2.7843907e-05 1.1071349e-05 0.00012414 1.9372297e-05 0.00010652043 1.7099734e-06 0.00030143143
0.8491111 0.00012767148 0.02249701 0.0001231327 5.320125e-05 0.00020055052 0.49449876 0.5807772 0.07016789 0.0016345263 0.00441804 0.0025776678 0.49278447 0.04727214 0.001129444 0.004944013 0.67259675 0.7655453 0.2535503 3.6284597e-05 0.009805198 0.05180617 0.019698825 3.971066e-18 0.8285147 2.5621768e-05 5.929639e-06 0.97679186 0.18834406 2.5048669e-06 0.77418673 0.022528104 0.007949732 0.015124373 0.006212605 0.6850464 1.4473933e-06 0.28337288 0.0023508978 0.00052584667 6.532087e-05 0.0027502398 5.012711e-05 0.00027778145 0.0010750795 0.11091577 1.0839714e-07 0.04750804 4.8139013e-05 0.0017038553 0.2448892 9.805127e-06 7.0172224e-05 0.00039927717 8.795229e-06 0.0024093413 6.4388e-05 0.14004196 0.041662175 2.4866009e-05 0.07788119 0.0021866765 7.649083e-06 6.1352104e-05 3.0926305e-05 0.006007196 2.2521979e-06 5.1213027e-07 5.4136217e-07 0.00035843678 0.0030615334 0.002989367 0.00018571946 1.7582584e-05 2.413751e-07 5.76276e-07 7.40995e-06 9.0015485e-05 1.9272164e-07 0.00030388168 8.3255713e-07 0.00040042377 0.0004507862 1.33550335e-08 0.0015912986 1.496001e-06 0.00012332991 7.644853e-06 1.4218949e-06 7.666226e-09 1.3131467e-08 7.412596e-09 2.1794281e-07 2.934336e-05 2.0454843e-07 0.0001319694 1.8972203e-05 1.3264072e-05 5.786793e-09 4.429635e-08 7.235058e-05
0.926085 0.0004657044 0.09808843 0.0023533048 5.3756135e-05 0.0021410466 0.6197181 0.5406812 0.05989955 0.01533519 0.0027839406 0.0016622435 0.9049565 0.040198684 0.0004658297 0.06407135 0.28726324 0.2755178 0.92093325 0.00010706345 0.0025143065 0.012440631 0.0056412527 0.8285147 5.6580337e-18 4.9493215e-06 1.4097968e-06 0.38557947 0.9256667 1.9939282e-05 0.36456454 0.005007241 0.19141355 0.0038346567 0.0852458 0.80024284 5.7723025e-07 0.7117651 0.0004993274 9.0282774e-05 0.0053732432 0.000910278 1.0311122e-05 2.9809915e-05 0.00020994076 0.49364534 9.028582e-08 0.003971126 1.0483432e-05 0.0021200548 0.020667013 3.0226506e-06 9.599403e-07 0.00019247396 2.8391764e-06 0.0011769441 2.704816e-06 0.11015164 0.085238814 7.3695614e-06 0.47441816 0.0012018972 1.431206e-06 5.578937e-05 2.0179891e-06 0.0034522 1.128584e-06 2.6655562e-07 1.18657425e-07 0.00019736051 0.003863912 0.0052859196 0.00047753166 1.5065135e-05 9.3755524e-08 1.8517825e-06 8.443355e-06 2.006725e-05 9.775584e-08 0.00016837101 1.5487014e-06 0.00058208976 0.0022422348 4.297757e-08 0.006426112 6.112078e-05 6.955466e-05 2.728261e-05 3.130273e-07 3.350284e-08 2.7914936e-08 2.4022262e-08 1.4821092e-07 0.00018713715 1.4889685e-06 0.001297208 9.0090965e-05 2.199106e-05 1.941917e-07 1.7345816e-07 0.00054999633
0.9983016 0.027204672 0.04259423 0.005198827 0.16889802 0.00062830717 0.00032182614 0.00011502872 0.004341499 0.0003345521 0.030394372 0.06437889 9.570855e-05 0.0012386577 0.841928 0.0002523307 0.00011028959 2.2536924e-05 7.918246e-06 0.81917727 0.24944894 0.00057389686 0.0025744247 2.5621768e-05 4.9493215e-06 3.7228954e-17 0.94743484 2.4852127e-06 8.627829e-06 0.18106788 2.6790212e-06 1.0815324e-05 0.00012586509 1.9900358e-07 4.810321e-05 3.2043538e-08 0.13655116 3.262667e-07 0.010441153 5.635717e-05 0.00014116979 0.33988294 0.3753833 2.928387e-05 1.5705798e-07 1.7949018e-06 0.02147819 6.480435e-08 5.2295825e-05 0.6335734 1.9890793e-07 0.06682407 3.9142275e-08 0.04837478 4.104412e-06 0.15779756 6.508467e-06 3.3654956e-06 9.3492537e-07 1.6382668e-06 0.0024076912 0.08512433 2.091069e-06 0.22107206 8.716208e-05 1.6282825e-06 1.5674383e-06 1.8137132e-07 4.6363507e-08 2.1817574e-05 2.1676844e-06 1.2057493e-06 6.454545e-05 0.00010218083 5.978225e-08 0.00012194645 0.00037138385 1.5054435e-05 4.1074637e-07 4.5329475e-06 0.0008217914 9.911689e-05 1.1507858e-05 1.5579622e-05 0.00056146935 1.6864444e-05 4.947397e-06 1.5762586e-06 1.2450701e-05 2.3849736e-08 1.5256015e-06 1.1372626e-07 3.4148609e-06 5.8493497e-06 6.517025e-08 3.1528452e-05 1.9135887e-05 0.0005416957 2.6831364e-07 1.752822e-07 0.000107569234
0.9479344 0.010062099 0.010090872 0.0027362797 0.09604077 0.0004720139 9.7822114e-05 2.958721e-05 0.0014674354 0.0001706022 0.006537547 0.016928706 7.750305e-06 0.00047967047 0.33678618 0.000108740955 2.6483212e-05 1.3334476e-05 1.7218803e-06 0.983216 0.031784214 5.9253736e-05 0.00021446624 5.929639e-06 1.4097968e-06 0.94743484 1.1477085e-16 7.39297e-07 1.4142461e-06 0.74319625 1.6867571e-06 1.7840497e-06 7.2462586e-05 6.853285e-08 1.2757211e-05 1.0732074e-08 0.70710677 8.6160526e-08 0.00076935603 1.6163285e-05 2.6976253e-05 0.052327078 0.56939733 1.2160994e-05 4.859354e-08 3.195617e-06 0.10238749 3.683654e-08 1.2770539e-05 0.47121307 3.5281925e-08 0.1685091 1.1796273e-09 0.008796647 1.22677e-06 0.03898004 2.6000037e-06 2.8192173e-07 3.6115222e-07 4.5812064e-07 0.0007968639 0.04266352 1.3232699e-07 0.27277988 2.9852159e-05 5.479986e-07 6.855887e-08 2.3679213e-08 1.212004e-09 4.207808e-06 4.4274708e-07 2.6484955e-07 1.308678e-05 2.1541522e-05 1.0986641e-08 0.00210318 0.0044347863 8.2941483e-07 8.042645e-09 6.556608e-07 0.0038448311 3.1686673e-07 4.354481e-06 0.0002517478 0.00012306709 6.9118737e-06 1.07208066e-07 1.343342e-07 7.052127e-07 9.642429e-10 1.8048995e-05 2.1107974e-07 6.3675976e-09 1.5329902e-06 1.4613454e-09 1.82846e-05 3.61843e-06 2.1971815e-05 8.7199853e-10 4.5471268e-08 4.4771026e-05
0.8345649 9.933563e-06 0.001245765 9.184705e-06 4.3417513e-06 2.5158497e-05 0.02030493 0.028549505 0.0076248567 0.00016798064 0.0002842032 0.0004396562 0.024919007 0.008883253 0.00017399952 0.00031803155 0.48586988 0.73553646 0.0153825525 6.0014468e-06 0.0018127805 0.021869281 0.008582484 0.97679186 0.38557947 2.4852127e-06 7.39297e-07 1.836033e-18 0.025651475 8.6126977e-07 0.95051974 0.02312758 0.00040914977 0.04014385 0.0008901336 0.68065315 7.061657e-07 0.23209865 0.003492277 0.001150849 1.7121201e-05 0.0019840174 2.5000486e-06 0.00024261895 0.009168568 0.05902489 5.090025e-08 0.26039663 5.005522e-05 0.0011596861 0.40592575 2.6049177e-06 0.0005974582 0.00040543568 4.9553837e-05 0.0018065529 2.2737653e-05 0.32103315 0.06623739 2.3482478e-05 0.076430425 0.0011253052 2.3994273e-05 3.6344958e-05 1.5446607e-05 0.024845228 1.5932217e-06 1.1563354e-06 7.2962206e-07 0.0019438117 0.0052252715 0.003821988 3.55466e-05 2.4008192e-05 3.4534378e-06 5.789708e-07 6.3962493e-06 0.0001661503 2.6671291e-06 0.0010396023 7.4602036e-07 0.0025748105 0.0008807807 5.6444705e-08 0.0013195794 1.3750628e-06 0.0011740569 0.00010507088 9.808166e-06 9.536229e-08 1.0084467e-08 6.516084e-07 4.119777e-06 7.960025e-06 1.950026e-06 0.00027024187 6.074837e-06 3.3503246e-05 3.098183e-07 1.6181768e-06 3.5359593e-05
0.4930568 0.0014388742 0.09355177 0.035511065 9.390735e-05 0.028627241 0.37990123 0.3019859 0.022010073 0.1921454 0.0015791212 0.00090403744 0.79866594 0.009492328 0.00018702779 0.54354876 0.058085427 0.041906375 0.9718315 3.5555076e-05 0.0007255396 0.0011154566 0.00071051816 0.18834406 0.9256667 8.627829e-06 1.4142461e-06 0.025651475 3.3785182e-16 4.0988594e-05 0.046300042 0.0001601266 0.76614624 0.00023726077 0.51852983 0.17905807 1.8142281e-06 0.4471313 5.2565592e-05 1.2943916e-05 0.10376543 0.00037310892 3.3941513e-05 1.4113621e-05 1.5567459e-05 0.8908628 3.3276902e-07 0.000489574 1.1511514e-05 0.0017045835 0.0019066975 1.8043438e-05 2.0035542e-07 7.0528376e-06 6.9282464e-06 0.00058417907 1.6697813e-05 0.017308515 0.06836758 9.600598e-06 0.6248008 0.00018662852 2.7612195e-06 2.4614696e-06 3.2183564e-06 0.0013835194 5.2423184e-06 8.227712e-07 2.5318798e-07 4.9026006e-05 0.0032745877 0.0065961997 0.024009315 1.2921061e-05 3.3874153e-07 4.5809907e-06 3.1708318e-05 2.7908227e-06 4.3936865e-07 0.00014950213 4.5875354e-06 3.2152504e-05 0.01360723 4.8394128e-08 0.035826184 0.003127185 0.00011528834 1.5251398e-05 7.832222e-08 4.2943222e-07 3.3467603e-07 2.9491696e-08 2.2098076e-08 0.0013444617 9.858553e-06 0.0015713711 0.0014146758 1.995943e-05 3.5564295e-07 8.9430546e-07 0.0017694042
0.23357719 0.27669296 0.018322697 0.012543742 0.7979212 0.0015127885 6.52751e-05 1.6879425e-05 0.000831044 0.00058193435 0.0021477605 0.0073929075 3.605896e-05 0.00028587307 0.12357557 0.00068806997 4.7854505e-06 6.882845e-06 5.772757e-06 0.91198766 0.004873657 9.037709e-05 0.00020960407 2.5048669e-06 1.9939282e-05 0.18106788 0.74319625 8.6126977e-07 4.0988594e-05 1.4642161e-13 2.922036e-06 3.3484348e-06 0.0014509056 1.07637055e-08 0.00029817718 5.21157e-07 0.97610974 6.9378207e-06 5.9649145e-05 1.8953998e-06 0.012811118 0.0009815246 0.06533335 1.1635466e-06 1.1998583e-07 0.00014563628 0.30042306 8.118229e-08 6.3103613e-07 0.010070068 3.1991772e-07 0.042643864 2.1304517e-08 0.00034012512 2.3310993e-06 0.0020385098 5.996615e-07 5.5223234e-07 3.7161835e-06 9.881742e-07 0.006020416 0.0030563774 4.4369432e-07 0.008611865 3.2958982e-07 2.4017098e-07 1.746528e-07 4.292211e-08 1.4223684e-08 9.240821e-06 5.5190353e-06 7.0026486e-05 0.0002112881 6.8798823e-07 2.2199806e-08 0.18984647 0.00058606046 3.1919998e-07 3.297401e-07 9.441209e-07 0.00049653277 2.5323448e-06 2.7396898e-06 0.0002792218 9.667986e-05 0.0013284594 2.8447164e-06 4.9525138e-08 6.44541e-09 5.9060508e-09 0.0013997444 1.2046595e-08 2.1549172e-10 4.94542e-06 4.5380446e-09 1.1313368e-05 3.4121495e-06 7.85926e-07 1.3440704e-10 2.1761744e-08 4.571982e-06
