9.118082e-28 0.77515256 0.57329744 0.83969307 0.6351809 0.69153076 0.52380496 0.7717219 0.5201178 0.73989505 0.41040602 0.8245889 0.42502138 0.9469536 0.21686834 0.852829 0.9266803 0.6106863 0.8873248 0.5675811 0.95133364 0.6530409 0.7997585 0.95464605 0.8198169 0.71156216 0.74875075 0.25750947 0.18797468 0.07165134 0.36112702 0.8411584 0.9139263 0.97819287 0.97698176 0.8005586 0.10596112 0.4126385 0.40173313 0.194286 0.987208 0.0633707 0.62568176 0.9520491 0.9856081 0.017159903 0.4777283 0.19782034 0.0039003498 0.990814 0.00810156 0.03209531 0.010740826 0.66817534 0.4177103 0.001663114 0.08427273 0.47535938 0.01570843 0.99625885 0.048510697 0.0057138177 0.0015842846 0.022413881 0.04770253 0.0573037 0.11466732 0.00090559974 0.8044088 0.0011888981 0.9300837 0.25246304 0.8619863 0.0006492092 0.005769087 0.009835045 7.033972e-05 0.99879676 0.8587141 0.99971175 5.928392e-05 0.99974716 0.23542057 0.0006258517 4.260536e-06 0.0014040382 0.997699 0.9878729 0.9168008 2.2453632e-06 0.00040003544 0.7235427 4.2485928e-05 8.114097e-06 0.99995613 0.00015401222 0.9969305 3.1909362e-06 0.55486333 0.9756571 0.0014270158
0.77515256 7.558758e-19 0.988628 0.84610575 0.3904351 0.52755 0.3550651 0.07702868 0.26145977 0.0143337315 0.12242778 0.02698947 0.056123555 0.022685781 0.07552664 0.00038663246 0.30307373 0.010132573 0.01609282 0.07331543 0.35877854 0.0005400579 0.0048476425 0.006468645 0.00026955386 0.00010754852 0.00018063572 0.044512488 0.0003828121 2.6515914e-05 2.1205185e-05 2.722e-05 0.052387606 0.10089985 0.0010794598 0.0035000374 4.511716e-06 1.9842917e-05 4.5037664e-06 2.8927013e-06 0.08748038 0.01097583 0.00020392527 0.0011917315 0.00016245476 0.019207973 1.5880376e-05 1.7231984e-07 0.0010887103 0.03316045 0.00028739046 2.4167775e-05 0.002116676 8.754279e-05 1.6195765e-05 0.00093195395 1.4773663e-07 4.834339e-06 0.00030499132 0.009651742 4.111793e-06 3.5849096e-06 6.6588436e-05 2.66616e-06 3.975777e-08 2.8462575e-08 1.0653844e-07 1.3754574e-06 2.6369928e-05 3.168519e-05 3.7418115e-05 6.3807065e-08 1.7199648e-06 0.002554042 1.00038555e-07 1.5373546e-06 1.4375684e-06 0.001092467 2.7371318e-05 0.0077863736 2.5787163e-05 0.009048573 1.6416142e-07 0.00070592365 6.151723e-06 1.5109903e-06 0.01073025 6.1906336e-05 3.4723146e-06 3.0001697e-06 0.0009462971 3.9247766e-06 1.5859057e-06 0.00027611543 0.0013801695 1.2425039e-06 6.736482e-05 4.9972703e-05 3.260002e-05 2.0663221e-05 1.7198017e-05
0.57329744 0.988628 8.3940836e-19 0.6105775 0.61771834 0.7283142 0.535206 0.058296654 0.3792604 0.011948201 0.122820824 0.013867585 0.1305878 0.009525032 0.10344028 0.00021081875 0.16662331 0.025612706 0.080469705 0.09507027 0.28771353 0.00033187924 0.0029937576 0.025769806 0.00014740105 0.00017444848 6.207548e-05 0.101683974 0.0030942648 2.4927787e-05 0.00027669955 0.0002151595 0.03103704 0.13053589 0.0006485254 0.061833505 3.9771576e-06 0.00016947485 3.5703117e-05 1.715595e-05 0.046426117 0.01397046 0.0001660616 0.005710786 0.00018715321 0.043837905 4.110875e-06 4.1585718e-06 0.0028482643 0.026547967 0.00029655872 1.6146721e-05 0.0075154547 7.7345365e-05 0.00043967296 0.0037566663 1.395802e-06 5.0648734e-05 0.0014964705 0.025776599 1.6317925e-06 4.4232846e-05 6.295281e-05 4.679857e-05 2.1914894e-07 1.6775802e-07 7.880177e-07 1.8061124e-06 0.00043787496 3.2693573e-05 0.0005679927 1.6775753e-07 0.00016411237 0.0047272095 5.7223133e-08 1.0254373e-05 9.533497e-07 0.00069563976 2.2360879e-05 0.004096216 0.00025576836 0.016568253 2.4029825e-06 0.0006926932 4.7174726e-06 1.9809327e-06 0.007842115 0.0006793352 0.00030392632 7.5561265e-06 0.002446618 1.8823866e-06 2.5706192e-06 0.00033061724 0.0014814311 1.730384e-06 0.00051617384 9.146965e-05 4.566988e-06 0.00033352664 7.578329e-05
0.83969307 0.84610575 0.6105775 2.4698176e-15 0.22631076 0.3430815 0.22766702 0.82006633 0.42597985 0.5231383 0.31326392 0.76829135 0.028022187 0.7824791 0.11287675 0.063452765 0.85597295 0.008350087 0.016271602 0.2583737 0.23298028 0.024449816 0.10035822 0.003166536 0.016541049 0.008550341 0.0026836344 0.058390588 0.0012057195 0.0015728232 0.00021372834 0.00020603728 0.16468461 0.13896243 0.019205552 0.007209199 0.00054984866 0.00014198301 2.0111216e-05 1.2316261e-05 0.11702889 0.062343407 0.0016993497 0.002078404 0.0026242083 0.0201539 0.00030732213 1.6706106e-06 0.0020544766 0.07965866 0.0053857635 0.0010997645 0.005198857 0.0011786593 5.928782e-05 0.0011101646 3.3475121e-06 1.0597594e-05 0.0003611972 0.019773444 9.198542e-05 1.1738659e-05 0.0007427503 6.829807e-05 6.3503205e-07 5.082325e-07 1.3366905e-05 6.774325e-05 0.00020667962 0.00037398873 0.00068281527 2.5967574e-06 2.5628562e-05 0.008230361 2.1091435e-05 5.7537945e-06 9.3748295e-06 0.0045724213 0.0007836423 0.019312676 0.00036779014 0.015125231 6.917745e-07 0.023196874 2.1344267e-05 0.00011483843 0.04836282 0.0013315415 0.00036983384 1.119235e-05 0.0006871784 0.00024525492 6.2524377e-06 0.0036665178 0.0063874805 1.6504539e-05 0.00053760776 0.00046332926 0.00028069853 0.00023640679 0.0002996567
0.6351809 0.3904351 0.61771834 0.22631076 4.1983764e-19 0.8958695 0.9155954 0.010448116 0.8447851 0.0030907318 0.4782856 0.0026100727 0.90998244 0.003156779 0.51741946 0.00022185394 0.031604633 0.2826455 0.21433623 0.35768688 0.05555215 0.00036864926 0.001641468 0.028277783 0.00019735505 0.00025901265 9.512245e-05 0.53159523 0.0036734582 1.5557158e-05 0.00037019726 0.00034747957 0.0077504087 0.044639915 0.00071885 0.0056071137 2.8104912e-06 0.0002753633 0.0001229994 3.9529437e-05 0.012417837 0.037626088 0.00019239027 0.0028288686 0.0002636534 0.26050907 2.061952e-05 3.940803e-06 0.07075764 0.0049614916 0.0010227661 1.4454461e-05 0.13393222 0.00020025812 0.00020141478 0.062243484 1.2039448e-05 7.979411e-05 0.012906826 0.0031041396 2.5084887e-06 0.0006596759 0.00018989155 0.00016287717 4.8388614e-07 4.316667e-07 3.0592612e-06 4.6618984e-06 0.00016399942 8.29642e-05 0.00046435025 4.0366976e-07 3.137045e-05 0.038634084 1.155242e-06 7.930077e-07 0.00017357641 0.0006832824 4.179116e-05 0.0012591372 0.009535943 0.001416534 2.8958423e-06 0.0017850845 0.0002998016 1.1161481e-05 0.001072408 0.00029497102 0.00022479109 0.0006151715 0.031651642 1.6437136e-05 2.0909515e-06 0.0027245479 0.0003737589 2.7053452e-06 0.00094840024 0.000453792 1.2236292e-06 0.00014579901 0.000114685216
0.69153076 0.52755 0.7283142 0.3430815 0.8958695 7.372148e-19 0.97163343 0.004790533 0.4553992 0.0016560076 0.22493336 0.0025436992 0.6108413 0.0025178937 0.20335013 8.171832e-05 0.053244352 0.26364216 0.4902225 0.1194562 0.14726435 0.0001991115 0.0021775234 0.12855959 0.00016696517 0.0002105465 4.4002067e-05 0.3731221 0.01671245 5.659089e-06 0.0011611879 0.00060735777 0.009459155 0.16836135 0.00046513765 0.041472025 4.6343865e-07 0.0003391515 0.0002748614 0.00018377122 0.02107237 0.01585171 0.00010174655 0.01356243 0.00023179338 0.12411812 6.2958175e-06 0.00019236497 0.02844862 0.005155827 0.00026108845 1.2054803e-06 0.058053344 0.00011350713 0.0014154955 0.020701569 0.00021926804 0.0004022008 0.010736514 0.018617444 3.8604917e-06 0.0012026435 5.3533382e-05 0.00048263514 1.577613e-05 1.2403414e-05 2.7650869e-05 5.2744786e-06 0.000716594 7.842938e-05 0.00077145774 4.6296486e-06 0.0005748212 0.0040589087 5.8195205e-06 0.000104685205 5.085191e-05 0.00014024509 8.412972e-06 0.0008142166 0.0006988878 0.0065353494 1.6594831e-05 0.0005753609 5.3383905e-05 1.5167503e-05 0.0016546706 0.000768354 0.00024896156 5.8462407e-05 0.005877026 8.6111214e-07 1.5408486e-05 0.0008837589 0.00039942304 1.2133921e-05 0.0006398315 0.00021334428 1.03077596e-07 0.0003501897 0.00012822068
0.52380496 0.3550651 0.535206 0.22766702 0.9155954 0.97163343 1.4135193e-19 0.0022939746 0.36728635 0.00061272 0.13409413 0.0010472916 0.63496625 0.0011821158 0.13418375 3.0623774e-05 0.032865144 0.24042256 0.44585612 0.0963142 0.09142447 0.000112270565 0.0010281831 0.12539797 6.846476e-05 0.0001319153 1.9720745e-05 0.29884422 0.011609858 3.154967e-06 0.00075375434 0.00063219777 0.008574974 0.1413374 0.00026610572 0.061089408 3.7997359e-07 0.00032517654 0.00022176089 9.603341e-05 0.017727925 0.012473825 7.677787e-05 0.017358446 0.00013420636 0.09768559 2.9316661e-06 4.4228454e-05 0.022355815 0.0053153476 0.00022185183 9.410394e-07 0.07833769 9.661701e-05 0.001170591 0.021881426 8.532334e-05 0.00040640694 0.011517132 0.018993385 1.6403304e-06 0.00061692286 3.0815485e-05 0.00028792708 4.8905927e-06 4.9191544e-06 1.9388934e-05 3.0907977e-06 0.0006710065 2.8194727e-05 0.00093506096 2.5059542e-06 0.0005904635 0.005999593 2.205252e-06 3.7216294e-05 0.000116777446 0.00020084107 7.660391e-06 0.0009506519 0.0041319234 0.005225109 1.8497678e-05 0.00051853247 6.396911e-05 1.4136602e-05 0.0015390335 0.00086593634 0.0004977662 9.715606e-05 0.0094009815 1.2042393e-06 6.666306e-06 0.00081188115 0.0006302423 4.928353e-06 0.0008207748 0.00011862434 1.1675723e-07 0.00057114207 5.030248e-05
0.7717219 0.07702868 0.058296654 0.82006633 0.010448116 0.004790533 0.0022939746 1.1716609e-19 0.10207068 0.958618 0.12208795 0.8638436 0.0020794685 0.626439 0.03298864 0.5356537 0.2857672 0.0006432482 0.00054486206 0.28386018 0.09897256 0.18929544 0.45483032 3.4449167e-05 0.15135817 0.13728341 0.15526165 0.032076925 1.0436966e-05 0.0073522576 3.2669093e-06 1.0276218e-06 0.24450956 0.028050218 0.11298761 0.0008630747 0.00075929787 2.9358867e-07 6.20113e-08 3.6617912e-08 0.17253882 0.09464514 0.012124848 0.00011137266 0.022964967 0.017666364 0.0021061439 2.9931677e-08 0.0005063468 0.20794287 0.014131595 0.00075467647 0.0010581507 0.0019210895 2.363351e-06 0.00038231688 2.0187694e-07 7.0736455e-06 3.6223744e-05 0.00269631 7.070917e-05 3.582093e-06 0.0025547156 2.4673465e-05 2.3164594e-08 1.6303055e-08 8.652416e-08 0.0003146779 5.602511e-06 0.00048914534 1.8632414e-05 2.1206406e-08 1.1100396e-06 0.00704636 1.0539122e-06 2.8407786e-07 6.1692012e-06 0.019586435 0.00036890316 0.06254259 8.842802e-05 0.002859339 8.9802704e-08 0.003793377 1.0247569e-05 2.1040367e-05 0.007907807 3.2934946e-05 5.1267684e-06 7.649878e-06 0.00022533002 7.0999726e-05 2.7476362e-06 0.00082592736 0.002015561 1.443638e-06 0.0002009267 0.00027567364 0.0002981664 1.7555256e-05 1.36823e-05
0.5201178 0.26145977 0.3792604 0.42597985 0.8447851 0.4553992 0.36728635 0.10207068 3.7196535e-20 0.049295075 0.90845567 0.01945191 0.5377457 0.00830794 0.9511248 0.0007569748 0.04473651 0.13796924 0.018081015 0.67976 0.029434644 0.0008200002 0.015338867 0.002862341 0.00041980986 0.00031652322 0.0003514309 0.56015855 0.00052840146 3.742854e-05 4.5526707e-05 8.091106e-05 0.009122708 0.016543038 0.0010302577 0.0021883382 1.4855212e-05 3.133042e-05 5.4973716e-06 1.3551136e-06 0.011112425 0.12441733 0.0002838841 0.00024458152 0.00018253193 0.36589032 7.160437e-05 1.3418185e-07 0.031881586 0.0039169933 0.0016533961 7.049902e-05 0.06016901 0.00014106845 1.5116225e-05 0.040447764 1.0284788e-06 1.261828e-05 0.0043635485 0.0010694809 2.6243745e-06 6.9046626e-05 0.00020535618 2.0431196e-05 5.1622397e-08 4.2340574e-08 2.8557724e-07 1.1874652e-05 1.567094e-05 0.00014282105 6.401305e-05 1.057634e-07 1.5231128e-06 0.08456121 3.677976e-07 8.423638e-07 3.3821125e-05 0.00048673307 2.8325978e-05 0.0005187899 0.0036097942 0.00020674783 6.498695e-07 0.0032453341 7.057968e-05 5.152566e-06 0.0002771773 3.6695365e-05 1.5863028e-05 0.00016867573 0.07027957 8.863103e-06 2.2701197e-06 0.0044423444 5.7955418e-05 7.61981e-07 0.00031433508 0.00080976513 4.9031737e-06 3.1806263e-05 5.834934e-05
0.73989505 0.0143337315 0.011948201 0.5231383 0.0030907318 0.0016560076 0.00061272 0.958618 0.049295075 6.951063e-18 0.10705931 0.7976811 0.00036519114 0.4956401 0.023833035 0.8053226 0.06426628 0.00029220086 0.00015507558 0.34789038 0.020884125 0.12710088 0.74209166 5.82113e-06 0.15939929 0.14323385 0.18569005 0.024509575 6.0078833e-06 0.031437922 1.5556174e-06 1.2013109e-06 0.091695696 0.0035632434 0.15304086 1.0150925e-05 0.0042321407 3.953128e-07 8.9201116e-08 2.6782367e-08 0.05619133 0.16765238 0.024651527 3.11783e-06 0.03800002 0.02578848 0.008998047 1.0610725e-08 0.0005225662 0.09271755 0.041156687 0.009845916 0.0016467088 0.0046720067 2.2285663e-07 0.00041858974 1.8712848e-07 1.4680791e-06 8.5578904e-05 0.000379726 0.00031351025 1.2068284e-06 0.0114252865 3.64015e-05 6.390252e-09 4.865204e-09 2.5402976e-08 0.0013484108 1.8711619e-07 0.003563252 1.2075155e-06 6.0987957e-09 9.1832064e-08 0.007632379 3.641931e-07 1.8324144e-08 1.3583702e-06 0.02846723 0.0026138816 0.050739963 2.9667712e-05 0.0014746222 1.9389661e-08 0.006160036 1.7726121e-06 2.5508339e-06 0.0034170197 4.635339e-06 7.439479e-07 1.6976068e-06 0.00018895633 0.0011310339 5.993836e-07 0.00068364834 0.0020633144 1.8710011e-07 4.0769068e-05 0.00029400014 0.0028290518 2.405358e-06 1.2777995e-05
0.41040602 0.12242778 0.122820824 0.31326392 0.4782856 0.22493336 0.13409413 0.12208795 0.90845567 0.10705931 2.4505725e-20 0.036829073 0.12154529 0.016430948 0.9665946 0.0024359873 0.028863238 0.0261046 0.0016841181 0.9058424 0.011201979 0.00090286304 0.057073046 0.00014065912 0.00083548937 0.00062915316 0.0005990254 0.44435027 4.1837462e-05 5.40139e-05 6.6571197e-06 4.9233595e-06 0.007827329 0.0035761322 0.0017828058 9.567415e-05 2.2057517e-05 1.5136817e-06 3.0415228e-07 1.8028572e-07 0.007224127 0.22115573 0.00019715584 1.2686854e-05 0.0003324143 0.32845688 0.00013783966 5.058259e-09 0.01086054 0.0035692481 0.0046687797 0.00022123322 0.015894854 0.00029336743 5.415698e-07 0.012818364 5.716455e-08 7.4618686e-07 0.0004368772 0.00031534632 6.601655e-06 1.2959702e-05 0.00061357016 3.0227172e-06 4.5052825e-08 3.3567062e-08 6.943188e-08 9.350792e-06 6.009353e-07 0.0003154952 2.6184946e-06 2.0992672e-08 1.0352525e-07 0.06905473 4.157709e-07 3.9723906e-07 4.260634e-06 0.0006562495 5.65907e-05 0.00067806715 0.000635832 9.652252e-05 1.02509595e-07 0.009363889 2.233147e-05 3.3161537e-06 0.00026804398 2.461951e-06 1.8443028e-06 3.5194807e-05 0.05509585 3.518686e-05 9.321201e-07 0.0041241227 5.5085e-05 8.202046e-07 2.68978e-05 0.0008424068 1.9904648e-05 5.5466626e-06 6.410817e-05
0.8245889 0.02698947 0.013867585 0.76829135 0.0026100727 0.0025436992 0.0010472916 0.8638436 0.01945191 0.7976811 0.036829073 2.4188786e-16 0.00054063014 0.9264511 0.006836748 0.7564742 0.18486366 0.00042470518 0.00014735539 0.103148215 0.057697527 0.4345377 0.34980488 2.1227303e-05 0.28684202 0.2759538 0.40338343 0.0058576483 1.956444e-05 0.06197748 5.742168e-06 1.9743657e-06 0.2914122 0.0136033455 0.25802436 0.00027455046 0.009370972 1.2859688e-06 3.1112316e-07 1.8732347e-07 0.15134613 0.031552315 0.04131759 0.00013974284 0.053088933 0.0033438927 0.004955777 4.9343914e-08 0.0002166833 0.19308412 0.008335654 0.003798601 0.00082597736 0.0045505785 3.169122e-06 0.00011505636 2.0667339e-07 1.0710353e-05 5.8226822e-05 0.0024676737 0.00054513017 2.401395e-06 0.0020943843 2.630777e-06 5.4900525e-08 5.926309e-08 2.0415222e-07 0.00056745316 1.0729194e-05 0.0010758474 4.8259673e-05 1.0380186e-07 8.661493e-07 0.0005705492 3.5819787e-07 1.0516521e-06 2.4665123e-06 0.025868934 0.002450714 0.09059536 6.4544896e-05 0.003932594 4.010838e-07 0.0026042273 2.9554949e-05 1.0198228e-05 0.01740247 5.3642343e-05 1.4592065e-05 1.2753998e-05 2.861667e-05 0.0012757345 5.0386525e-06 0.0005312289 0.0027324322 5.083913e-06 5.1362895e-05 0.00013818039 0.0030991922 2.128489e-05 2.3636452e-05
0.42502138 0.056123555 0.1305878 0.028022187 0.90998244 0.6108413 0.63496625 0.0020794685 0.5377457 0.00036519114 0.12154529 0.00054063014 2.54625e-19 0.0002024742 0.2689148 4.4713463e-05 0.0058775023 0.9587223 0.6827954 0.11624627 0.012605574 2.1712915e-05 0.000386619 0.043578535 8.1565595e-06 1.1763134e-05 9.236663e-06 0.6018672 0.034401942 3.2533069e-06 0.0010672653 0.0022375365 0.001134647 0.022128215 3.660903e-05 0.006901046 6.712548e-07 0.0005344965 0.0002299957 7.0603506e-05 0.0018432498 0.017138036 1.5918236e-05 0.0034123596 2.8584676e-05 0.1230004 6.0558873e-06 1.8812785e-05 0.14335783 0.0011994656 0.0007251429 1.291776e-05 0.38655254 1.4534857e-05 9.2138536e-05 0.09342205 8.74857e-05 0.00016171295 0.119187914 0.0027818652 1.8388795e-06 0.004160788 3.9497707e-05 0.00058183307 1.1138524e-05 6.2872073e-06 1.2151835e-05 6.8406894e-06 0.00015029496 8.3283194e-05 0.0004044457 1.7816778e-06 8.149954e-05 0.01302641 8.19485e-06 5.235828e-06 0.0015098742 0.00024574847 7.791525e-06 0.0004911394 0.034599654 0.0005606552 4.118826e-06 0.00063227833 0.00041392256 2.0506057e-05 0.00010325653 0.0007240394 0.00031459326 0.00088632473 0.040025275 3.984572e-06 3.5358562e-06 0.00078689505 7.096317e-05 6.6631596e-06 0.0012417133 0.00012487189 7.9788464e-07 0.00022817278 0.00017376123
0.9469536 0.022685781 0.009525032 0.7824791 0.003156779 0.0025178937 0.0011821158 0.626439 0.00830794 0.4956401 0.016430948 0.9264511 0.0002024742 2.912366e-15 0.003617307 0.4519104 0.6071593 9.5378164e-05 0.00011056888 0.03192448 0.16998264 0.5392772 0.09269877 7.665174e-05 0.3381626 0.26426032 0.25857374 0.0009947239 1.0928076e-05 0.015358496 2.3115847e-06 1.2750965e-06 0.69982916 0.048310593 0.40948763 0.00040238895 0.0028894274 2.6982207e-06 6.867532e-07 1.41936e-06 0.35408956 0.012119518 0.035443716 0.0002057094 0.08360185 0.000699921 0.002577288 5.7116377e-08 0.0001097707 0.4017168 0.0029042019 0.0020207905 0.00038700318 0.0032970144 3.7766279e-06 2.7854185e-05 6.206514e-08 1.2854642e-05 2.5397709e-05 0.005651746 0.0004132883 1.8994189e-06 0.0012295876 6.0886845e-07 8.810876e-08 8.1186634e-08 2.5649004e-07 0.00041032204 2.4788369e-05 0.0007078646 7.1289985e-05 1.4131075e-07 5.2047076e-06 0.00013197758 2.0678657e-07 1.2246262e-06 7.868214e-07 0.033873193 0.0018780457 0.19455977 1.437114e-05 0.01734893 4.9049487e-07 0.002362843 4.0873147e-06 1.2137822e-05 0.106395125 0.00027862913 2.3238266e-05 1.8263066e-06 1.0235761e-05 0.00087731425 1.4917512e-06 0.00011954342 0.012975742 2.8694265e-06 0.0002085324 6.493064e-05 0.0018911355 0.00010510226 3.128226e-05
0.21686834 0.07552664 0.10344028 0.11287675 0.51741946 0.20335013 0.13418375 0.03298864 0.9511248 0.023833035 0.9665946 0.006836748 0.2689148 0.003617307 1.1678724e-19 0.00045652944 0.015019825 0.066289365 0.011251009 0.8362978 0.006368987 0.00017649455 0.015531841 0.001279505 0.00012960585 0.00015110482 0.00010921591 0.6416752 0.00036502138 1.8166978e-05 5.877592e-05 5.9640268e-05 0.0029245303 0.0035838177 0.00044070528 0.00028742882 4.2721726e-06 2.0252082e-05 4.9746577e-06 1.1605113e-06 0.0018926535 0.13109255 5.0009796e-05 6.191962e-05 9.549894e-05 0.31355268 2.9230105e-05 4.583577e-08 0.037139494 0.0016404096 0.00214236 8.4465966e-05 0.06407633 8.283241e-05 9.027593e-06 0.051440462 4.420421e-07 1.1950495e-05 0.0027127978 0.00037238732 3.3026017e-06 4.4287546e-05 0.00025276231 2.020875e-05 1.9776718e-07 1.09050156e-07 2.8200856e-07 7.0794827e-06 1.0607776e-05 0.0001296344 4.228342e-05 3.7610683e-08 4.7110793e-06 0.07797818 9.822548e-07 6.5647606e-07 2.2048664e-05 0.00042229987 3.2348173e-05 0.0004883162 0.004606866 0.000103082566 4.90572e-07 0.004110164 8.146768e-05 9.058155e-06 0.00020362444 2.302297e-05 1.8784282e-05 0.00014065912 0.0852253 1.2531898e-05 2.7249464e-06 0.004500238 0.00013437554 3.0201008e-06 0.00036782274 0.00061946944 2.9285725e-06 4.0975112e-05 8.1192724e-05
0.852829 0.00038663246 0.00021081875 0.063452765 0.00022185394 8.171832e-05 3.0623774e-05 0.5356537 0.0007569748 0.8053226 0.0024359873 0.7564742 4.4713463e-05 0.4519104 0.00045652944 1.5528294e-15 0.01571276 2.4004252e-05 2.1012345e-06 0.07742161 0.0017214648 0.49898604 0.89412665 1.3177722e-06 0.46971422 0.50597143 0.89582586 0.0007468341 1.5659143e-06 0.77547336 1.886825e-07 3.4066687e-07 0.067940556 0.0003365377 0.38223872 9.298897e-07 0.3722587 5.8681902e-08 8.754754e-09 1.1314852e-08 0.03479315 0.04283693 0.264508 8.713889e-07 0.22474837 0.0010208699 0.24894103 4.127124e-09 2.7459246e-05 0.11326018 0.037877303 0.09729517 0.00043011634 0.07110346 2.5266175e-08 6.2354935e-05 3.640891e-08 1.5574156e-07 2.179133e-05 6.979833e-05 0.007455383 3.3804548e-07 0.018106492 1.3905473e-06 3.072135e-09 2.5400928e-09 3.0224125e-09 0.0076854723 6.719936e-08 0.008760673 4.4571306e-07 1.1300202e-09 2.301037e-09 0.0001986275 3.403717e-07 2.146174e-08 1.6174718e-06 0.087459706 0.023683166 0.08337522 5.509777e-05 0.0002688186 6.113517e-09 0.002801926 1.3909871e-05 4.591943e-06 0.0039352826 3.3475312e-06 9.969527e-07 4.890905e-06 2.4653402e-05 0.008495036 3.2096084e-06 0.00017517016 0.001074352 3.2044838e-07 4.7949525e-06 0.000134741 0.027298955 3.5823888e-07 9.66465e-05
0.9266803 0.30307373 0.16662331 0.85597295 0.031604633 0.053244352 0.032865144 0.2857672 0.04473651 0.06426628 0.028863238 0.18486366 0.0058775023 0.6071593 0.015019825 0.01571276 8.1439994e-17 0.0023528188 0.030929778 0.038583647 0.94732744 0.061537772 0.014130114 0.023817917 0.040664155 0.015069289 0.0029900325 0.012471077 0.000547166 0.0022595848 0.0001297622 0.00090538635 0.71590936 0.4897302 0.046379536 0.118627936 0.00041767675 0.00062513916 0.00021530893 4.343807e-05 0.54992145 0.0039670663 0.0023834335 0.025946308 0.009834566 0.0012967176 0.00039282007 9.61507e-07 0.00014799392 0.23516963 0.0003917886 0.0005684135 0.0006713928 0.0013822395 0.0011070321 5.0878003e-05 1.0917145e-06 8.446742e-05 9.3992734e-05 0.1741236 9.048848e-06 6.141565e-06 7.324212e-05 6.0573484e-06 1.000745e-06 4.604838e-07 1.4970458e-06 3.5549938e-06 0.0032372028 4.0881783e-05 0.0040216297 5.564017e-07 0.0008275594 0.0007429271 4.8980088e-08 2.2389408e-05 3.0224908e-07 0.01354606 0.0017027298 0.06686612 3.3506345e-05 0.19726312 1.0332232e-06 0.00032542166 8.082621e-07 4.8147683e-07 0.34968624 0.018499203 0.0033163046 1.1794963e-06 0.00020640307 0.00044319595 1.0974766e-06 0.0005153234 0.065862015 4.172939e-07 0.0064586434 7.2256116e-05 0.0007908942 0.0047331485 3.8179874e-06
0.6106863 0.010132573 0.025612706 0.008350087 0.2826455 0.26364216 0.24042256 0.0006432482 0.13796924 0.00029220086 0.0261046 0.00042470518 0.9587223 9.5378164e-05 0.066289365 2.4004252e-05 0.0023528188 1.6585413e-17 0.8880196 0.031637955 0.0051513277 1.9705085e-05 8.209998e-05 0.1344464 9.791232e-06 1.0945472e-05 1.192695e-05 0.72259223 0.62644523 5.086464e-06 0.059565444 0.039905798 0.00047915906 0.014522735 7.377356e-05 0.013326684 5.730327e-07 0.018321322 0.010463991 0.0050229235 0.00071840105 0.014375499 1.6155425e-05 0.013648365 4.0568786e-05 0.061287805 6.073707e-06 0.0010213339 0.24527113 0.00054517965 0.0013292583 3.3566328e-06 0.6219158 9.08884e-06 0.0008292845 0.089457765 0.0030293316 0.0019487404 0.64303416 0.0047581536 1.1852171e-05 0.24692932 0.00014021675 0.028753411 0.00025869423 0.00016865433 0.00014087002 7.821273e-06 0.0026404795 5.210824e-05 0.0015651844 3.0028647e-05 0.0005661194 0.00776675 6.9569585e-05 3.6976257e-05 0.07467462 0.0002924035 4.5317345e-05 0.0004589684 0.09113836 0.0011666224 5.0215294e-05 0.0012002019 0.0077799936 0.0011982742 0.00010640082 0.0044490024 0.0020569223 0.013301396 0.02616514 1.5954622e-05 0.00024276336 0.002438979 9.5619966e-05 5.0829458e-05 0.002861607 0.0002208405 6.8354007e-06 0.0013402761 0.011658005
0.8873248 0.01609282 0.080469705 0.016271602 0.21433623 0.4902225 0.44585612 0.00054486206 0.018081015 0.00015507558 0.0016841181 0.00014735539 0.6827954 0.00011056888 0.011251009 2.1012345e-06 0.030929778 0.8880196 1.22431805e-17 0.0022138234 0.1744786 9.0959984e-05 1.8369525e-05 0.8126632 5.2849988e-05 2.3973551e-05 1.7764343e-05 0.18491091 0.8348985 3.70397e-06 0.48144493 0.36791006 0.001609008 0.3523489 5.3924137e-05 0.12368432 6.004426e-07 0.19405888 0.106709436 0.042763658 0.009812252 0.0005838717 7.390969e-05 0.17631929 5.066646e-05 0.007536789 1.0276169e-06 0.006244009 0.07167261 0.0005497225 0.00015996907 4.1732216e-07 0.35822222 9.047994e-06 0.0055468646 0.023197683 0.008886823 0.007209938 0.31227058 0.16983414 2.922404e-06 0.058931727 3.0291454e-05 0.008275049 0.00017047224 0.00014707391 0.00016504909 4.976406e-07 0.0116965575 2.1735677e-06 0.013994983 9.197594e-05 0.002470392 0.0007968346 5.5355744e-05 2.1799313e-05 0.0043025766 0.00045057302 1.4935128e-05 0.00036325608 0.01729604 0.019999504 6.3549734e-05 0.00028949647 0.0006583444 0.0001714062 0.0014357283 0.03206813 0.00565146 0.0011860698 0.0034472125 1.1889904e-05 1.3652503e-05 0.00017514093 6.774603e-05 1.1516168e-05 0.016894951 1.4858866e-05 4.779845e-06 0.010182291 0.0005366575
0.5675811 0.07331543 0.09507027 0.2583737 0.35768688 0.1194562 0.0963142 0.28386018 0.67976 0.34789038 0.9058424 0.103148215 0.11624627 0.03192448 0.8362978 0.07742161 0.038583647 0.031637955 0.0022138234 1.1936152e-15 0.0039094905 0.009429715 0.744039 0.00015350251 0.01185666 0.008433671 0.0076110787 0.6077204 0.0002612907 0.0014793939 2.8728451e-05 6.4975393e-06 0.008344833 0.0010407495 0.005716807 2.5018435e-05 0.0008679446 3.863037e-06 6.979406e-07 2.7509782e-07 0.0035954912 0.9440809 0.00074020575 6.320947e-06 0.0015910678 0.71025735 0.002877375 1.2908245e-08 0.060526628 0.0025023005 0.38575652 0.0015346535 0.05690349 0.0009403748 9.816645e-06 0.057068553 1.8791876e-07 3.0096253e-05 0.001085456 7.904579e-05 0.00021470056 1.9859026e-05 0.05665715 5.07009e-06 7.044783e-08 5.9576678e-08 2.1988565e-07 0.0007299443 6.9708685e-06 0.012063832 3.8884737e-06 7.105903e-08 2.1059266e-06 0.21483761 1.1409513e-06 7.794508e-07 2.9982275e-06 0.0016440594 0.00084891036 0.0026286454 0.0032788701 4.6850506e-05 3.6741585e-07 0.12446328 5.0660183e-05 7.5466855e-06 0.0004795019 1.5817128e-06 1.0417938e-06 0.0001537516 0.11778149 0.0004469837 2.04798e-06 0.036857173 4.3320833e-05 1.7268381e-06 2.0436108e-05 0.009736412 0.0003125514 1.697708e-05 0.00036798447
0.95133364 0.35877854 0.28771353 0.23298028 0.05555215 0.14726435 0.09142447 0.09897256 0.029434644 0.020884125 0.011201979 0.057697527 0.012605574 0.16998264 0.006368987 0.0017214648 0.94732744 0.0051513277 0.1744786 0.0039094905 2.6374116e-17 0.0081246095 0.0014911803 0.20125999 0.0043458734 0.0018490104 0.00076293584 0.0053160093 0.005967865 0.00026467897 0.0019369667 0.026451068 0.3843487 0.8574789 0.0065397974 0.42625877 8.364034e-05 0.004871796 0.0041905087 0.0016240611 0.50054324 0.0004924473 0.0010640706 0.08737505 0.0019010318 0.00039933942 8.300788e-05 7.166695e-05 0.00033123582 0.14781582 0.0004019274 0.00017216061 0.0018835812 0.00040329868 0.023664659 0.00013364515 3.5042423e-05 0.0019685044 0.0012211258 0.42594752 5.64691e-06 0.0002798304 0.000115953124 3.0645595e-05 5.7767804e-05 4.46429e-05 4.2679763e-05 9.681324e-06 0.010036832 3.424268e-05 0.008171072 8.484392e-06 0.0059577115 0.001055802 7.320929e-07 0.0013272063 7.83135e-06 0.0047546197 0.0004486643 0.04884514 0.00033557476 0.43437007 0.00020284839 0.0006944341 3.0373012e-06 9.268826e-06 0.5689883 0.041940082 0.007735796 4.980093e-06 0.0005084188 4.319332e-05 5.8040514e-06 0.00047063085 0.08806876 4.186562e-06 0.012494701 0.00014911483 6.8772846e-05 0.012670169 0.0001310376
0.6530409 0.0005400579 0.00033187924 0.024449816 0.00036864926 0.0001991115 0.000112270565 0.18929544 0.0008200002 0.12710088 0.00090286304 0.4345377 2.1712915e-05 0.5392772 0.00017649455 0.49898604 0.061537772 1.9705085e-05 9.0959984e-05 0.009429715 0.0081246095 7.553663e-17 0.11440182 5.2453843e-06 0.9284209 0.9257121 0.8456433 0.00036774052 1.0709976e-05 0.15960662 2.6655475e-06 6.223837e-07 0.31547043 0.00212151 0.7582796 2.1682954e-05 0.043473586 6.24464e-07 6.477839e-08 1.7409238e-07 0.06224124 0.0037734364 0.3730359 9.388483e-06 0.24718122 0.00020357668 0.020710384 1.8573166e-08 1.6093809e-05 0.17924243 0.0014705937 0.0067397556 0.00075036654 0.017440574 8.6589694e-08 5.116577e-05 1.2564531e-07 6.1409116e-07 0.00014176503 0.00056813355 0.0011125132 1.2955623e-05 0.00046219796 5.7840098e-06 1.656099e-08 9.418187e-09 1.2842553e-08 0.00053605495 1.1360091e-06 0.00046400187 4.6926407e-06 5.4147473e-09 2.836654e-08 8.703947e-05 7.684441e-08 9.581992e-08 8.244721e-06 0.059362635 0.0025463423 0.11419152 5.8330865e-05 0.0033895215 6.49298e-08 0.0008520105 9.6252315e-06 5.9093104e-06 0.015702236 4.0465693e-05 1.6697702e-05 8.2514625e-06 9.971704e-05 0.0012597863 7.171888e-06 0.0004899745 0.0060325055 7.18997e-07 9.2860566e-05 0.00023804973 0.0024227803 6.1059893e-07 0.00030509228
0.7997585 0.0048476425 0.0029937576 0.10035822 0.001641468 0.0021775234 0.0010281831 0.45483032 0.015338867 0.74209166 0.057073046 0.34980488 0.000386619 0.09269877 0.015531841 0.89412665 0.014130114 8.209998e-05 1.8369525e-05 0.744039 0.0014911803 0.11440182 1.7663923e-15 9.380692e-05 0.16095823 0.14241876 0.4398566 0.005924351 7.363582e-06 0.46191788 4.278941e-06 6.4520987e-06 0.026709309 0.00048735685 0.121017545 1.0671477e-05 0.39594203 1.0648242e-06 1.0755584e-07 3.234404e-07 0.006794862 0.7864484 0.06093805 6.098543e-06 0.084837295 0.03440751 0.22152364 1.9893363e-08 0.0006838684 0.016942896 0.8316022 0.6456598 0.003096238 0.04989273 2.2688905e-06 0.00047317875 9.579105e-08 0.0001354686 6.8970745e-05 0.00010161768 0.11384785 6.722474e-06 0.539265 6.494739e-06 9.2840146e-08 5.2683948e-08 2.1209209e-07 0.6702402 2.4756725e-06 0.54174525 2.6850077e-05 5.1035478e-08 8.731641e-07 0.03639392 3.879578e-07 1.3853182e-07 4.99189e-06 0.07769326 0.02883341 0.033162806 9.062523e-05 0.00040670455 1.7391632e-07 0.26896492 7.757059e-07 1.7819361e-06 0.0015301786 8.529784e-06 7.823876e-06 6.6845547e-07 0.0032318525 0.015397272 8.244576e-07 0.013441835 0.00042740983 3.0751784e-07 9.463214e-05 0.013328081 0.04110681 7.2862706e-05 0.0005900244
0.95464605 0.006468645 0.025769806 0.003166536 0.028277783 0.12855959 0.12539797 3.4449167e-05 0.002862341 5.82113e-06 0.00014065912 2.1227303e-05 0.043578535 7.665174e-05 0.001279505 1.3177722e-06 0.023817917 0.1344464 0.8126632 0.00015350251 0.20125999 5.2453843e-06 9.380692e-05 6.564993e-16 4.9364485e-06 2.4364983e-06 4.118842e-06 0.012498986 0.27389318 1.8414197e-07 0.45910487 0.8892056 0.0016264899 0.51823086 2.306772e-05 0.7890495 7.453658e-08 0.5397142 0.4524259 0.28503817 0.012022674 0.000693085 2.5860245e-06 0.42876875 3.5343696e-06 0.00022081754 1.9208218e-07 0.09467746 0.0044498877 0.00039837876 8.982313e-05 2.3917443e-07 0.03886808 7.8249917e-07 0.042834606 0.00086393405 0.052106112 0.049573947 0.054254718 0.50261664 2.897522e-06 0.049293794 6.2962977e-06 0.019411188 0.010973444 0.00906243 0.009376815 2.3791728e-07 0.08607216 4.3622003e-06 0.044353273 0.00744475 0.014122959 0.00032253895 0.0039385566 3.533357e-05 0.0024250192 5.3964624e-05 5.934337e-07 0.00045915254 0.000279237 0.20790176 0.00038251563 0.0003399578 3.3471595e-05 0.0008838389 0.028034473 0.12288192 0.009570268 2.2693439e-05 0.00072635245 6.0077485e-07 0.00015832388 0.0002834883 0.0016175383 0.00019573519 0.02271787 8.7138396e-05 2.815383e-07 0.017512834 0.001489516
0.8198169 0.00026955386 0.00014740105 0.016541049 0.00019735505 0.00016696517 6.846476e-05 0.15135817 0.00041980986 0.15939929 0.00083548937 0.28684202 8.1565595e-06 0.3381626 0.00012960585 0.46971422 0.040664155 9.791232e-06 5.2849988e-05 0.01185666 0.0043458734 0.9284209 0.16095823 4.9364485e-06 8.218279e-16 0.9536521 0.7233191 0.00011649136 2.6988744e-06 0.0873324 3.1225404e-06 8.6561096e-07 0.37602323 0.0018615071 0.8134298 2.7327345e-05 0.061202213 1.4941518e-06 3.0944565e-07 5.418942e-07 0.06660294 0.0037444574 0.38211527 1.3365936e-05 0.26291925 5.511569e-05 0.025140822 3.719314e-08 3.6951494e-06 0.24450557 0.0016659355 0.0069924616 6.351793e-05 0.01557222 3.0134188e-07 5.0317476e-06 5.3126023e-08 2.5144357e-06 1.7555358e-05 0.00057768443 0.0012015166 2.8393035e-06 0.0006691166 1.111353e-06 1.5721046e-08 9.048524e-09 1.513006e-08 0.0005623911 1.2171535e-06 0.00058159424 7.100104e-06 1.2741202e-08 1.0186464e-07 2.3155e-05 1.0523598e-07 6.335993e-08 9.974948e-07 0.06432252 0.0017694405 0.18819919 6.0164666e-06 0.0039991494 1.8078953e-07 0.00040347181 5.1240067e-06 3.7517468e-06 0.015479493 3.971959e-05 2.3374962e-05 2.8573813e-06 1.2144779e-05 0.00056231784 3.9477354e-06 0.00043776404 0.008720365 1.0506336e-06 0.00012702514 0.00021820144 0.0016737091 6.9244225e-06 7.711631e-05
0.71156216 0.00010754852 0.00017444848 0.008550341 0.00025901265 0.0002105465 0.0001319153 0.13728341 0.00031652322 0.14323385 0.00062915316 0.2759538 1.1763134e-05 0.26426032 0.00015110482 0.50597143 0.015069289 1.0945472e-05 2.3973551e-05 0.008433671 0.0018490104 0.9257121 0.14241876 2.4364983e-06 0.9536521 3.8735492e-16 0.78867584 5.9656537e-05 1.849386e-06 0.13927436 1.0542158e-06 5.243956e-07 0.15490773 0.00075075414 0.8035273 6.316608e-06 0.07872111 7.5643425e-07 1.4820654e-07 2.528e-07 0.034858067 0.0026199247 0.45492715 6.9306057e-06 0.30413988 2.644838e-05 0.035759516 8.0617815e-09 2.7756905e-06 0.15865545 0.0013697426 0.010485598 2.3721834e-05 0.017454702 7.298597e-08 3.4941522e-06 6.760325e-09 9.434575e-07 7.834337e-06 0.00029698297 0.0014427593 1.2682589e-06 0.00060478365 5.240066e-07 4.662545e-09 3.2371377e-09 5.1365925e-09 0.0005244364 2.3976364e-07 0.0005294362 1.8318782e-06 4.278029e-09 9.288651e-09 3.0579995e-05 2.8312972e-08 2.1953309e-08 4.946489e-07 0.06598412 0.0021106962 0.14476945 4.733629e-06 0.0026644357 4.2763585e-08 0.00030647687 5.68527e-06 3.8059902e-06 0.0073018763 1.4849389e-05 7.877334e-06 3.6510512e-06 6.3198318e-06 0.00082342204 4.2148326e-06 0.00061322184 0.0056122974 9.4415697e-07 3.9473493e-05 0.00038591688 0.0022784388 1.0008184e-06 4.289685e-05
0.74875075 0.00018063572 6.207548e-05 0.0026836344 9.512245e-05 4.4002067e-05 1.9720745e-05 0.15526165 0.0003514309 0.18569005 0.0005990254 0.40338343 9.236663e-06 0.25857374 0.00010921591 0.89582586 0.0029900325 1.192695e-05 1.7764343e-05 0.0076110787 0.00076293584 0.8456433 0.4398566 4.118842e-06 0.7233191 0.78867584 2.987545e-15 0.00015600729 7.0990686e-06 0.7634136 8.9725444e-07 3.0569876e-07 0.03202979 9.4456955e-05 0.6334735 1.40878e-07 0.56509995 6.5741176e-08 5.695415e-09 2.0514317e-08 0.013886624 0.007415234 0.870565 1.6157799e-07 0.4427608 9.831967e-05 0.5047406 4.5081947e-09 1.4497535e-05 0.055574242 0.0089812605 0.10280984 3.723227e-05 0.30056995 6.330686e-09 1.6798007e-05 6.039262e-09 7.982283e-08 8.334218e-06 4.668793e-05 0.021035433 6.2382475e-07 0.0031889377 4.924827e-07 8.343303e-09 3.854526e-09 6.2159646e-09 0.00482421 8.570468e-09 0.004594109 9.7970876e-08 4.017127e-09 2.5614462e-09 0.000110450004 1.3075209e-08 3.026268e-08 3.1116974e-07 0.12801968 0.023877675 0.078220785 4.3258347e-06 0.00016951525 2.0057689e-08 0.0014343228 6.1187376e-07 7.788986e-07 0.0038809017 2.0197874e-06 5.6685275e-07 4.99523e-07 7.259051e-06 0.0052837674 9.462627e-07 7.9462785e-05 0.0036056843 1.3233456e-07 4.077465e-06 3.6868547e-05 0.0119576845 6.676448e-08 5.692624e-05
0.25750947 0.044512488 0.101683974 0.058390588 0.53159523 0.3731221 0.29884422 0.032076925 0.56015855 0.024509575 0.44435027 0.0058576483 0.6018672 0.0009947239 0.6416752 0.0007468341 0.012471077 0.72259223 0.18491091 0.6077204 0.0053160093 0.00036774052 0.005924351 0.012498986 0.00011649136 5.9656537e-05 0.00015600729 6.9838876e-18 0.029094888 3.4910215e-06 0.00359693 0.0043753576 0.0007872302 0.0035820697 6.123432e-05 0.0011743166 8.528449e-06 0.0006883689 0.00018889146 9.844287e-05 0.00045968028 0.29286325 9.4943325e-06 0.0006471776 1.3106596e-06 0.89690787 4.708858e-05 2.4725378e-07 0.8447127 0.00021805396 0.006051737 1.526138e-05 0.8770986 1.8449855e-06 1.7814576e-05 0.64134705 1.096422e-06 0.00019076587 0.45189098 0.00031073962 2.6732432e-06 0.02998158 0.0006090087 9.286517e-05 6.541285e-08 5.2232796e-08 9.761852e-08 1.9200406e-06 1.9945826e-05 7.7771336e-05 2.7696158e-05 6.706965e-08 1.2521301e-05 0.05997045 1.3027862e-06 1.8495949e-09 0.0027345086 7.031571e-05 1.8149853e-05 0.00032028265 0.14685208 0.00070636714 3.6913487e-08 0.0029924645 0.0038746337 2.7219285e-06 0.00065391016 0.0001378616 8.194928e-06 0.012736654 0.12912816 1.8818457e-05 4.032519e-07 0.0064838105 8.849012e-05 2.0179898e-07 0.00014330185 0.000896669 4.0890104e-06 1.7913371e-05 0.0006233767
0.18797468 0.0003828121 0.0030942648 0.0012057195 0.0036734582 0.01671245 0.011609858 1.0436966e-05 0.00052840146 6.0078833e-06 4.1837462e-05 1.956444e-05 0.034401942 1.0928076e-05 0.00036502138 1.5659143e-06 0.000547166 0.62644523 0.8348985 0.0002612907 0.005967865 1.0709976e-05 7.363582e-06 0.27389318 2.6988744e-06 1.849386e-06 7.0990686e-06 0.029094888 7.408181e-18 2.5193972e-06 0.9826153 0.48422134 0.00013603551 0.019637818 2.0962716e-05 0.04803023 1.8151461e-07 0.36936194 0.17435582 0.16567019 0.00022448043 0.0012007355 1.0816913e-05 0.031989843 5.9612603e-06 0.002271179 5.8440473e-06 0.38565165 0.017814428 0.00020345207 0.00033419015 5.0544913e-06 0.32446894 7.315273e-06 0.010420398 0.003919837 0.41773415 0.02091933 0.4139052 0.010768292 1.4576814e-06 0.31021148 2.1182408e-05 0.36669263 0.014068073 0.00538991 0.0023939214 1.8607917e-06 0.011111835 1.7920018e-05 0.0078029986 0.00037646858 0.0032874413 0.00033190523 0.015178175 0.0001742355 0.11026981 0.000102761405 1.2941904e-05 0.0001385504 0.01936469 0.00121432 0.0002017866 0.00026148092 0.008107384 0.0055589387 0.00013957077 0.0083440095 0.0036477626 0.0062649394 0.00030564997 8.302003e-06 0.0010944963 0.00013913513 7.533904e-05 0.00018058957 0.0063666697 2.4116755e-05 1.0358683e-06 0.004091203 0.036339182
0.07165134 2.6515914e-05 2.4927787e-05 0.0015728232 1.5557158e-05 5.659089e-06 3.154967e-06 0.0073522576 3.742854e-05 0.031437922 5.40139e-05 0.06197748 3.2533069e-06 0.015358496 1.8166978e-05 0.77547336 0.0022595848 5.086464e-06 3.70397e-06 0.0014793939 0.00026467897 0.15960662 0.46191788 1.8414197e-07 0.0873324 0.13927436 0.7634136 3.4910215e-06 2.5193972e-06 1.3631434e-19 3.810114e-07 5.4085262e-08 0.013826188 0.00014574314 0.116479725 3.4133438e-06 0.98464274 3.5444145e-08 2.0958305e-08 2.3001737e-08 0.0050892886 0.0030137768 0.39279345 3.4584357e-07 0.12636986 3.1204374e-05 0.76828355 5.17548e-08 3.0779552e-06 0.03243333 0.005406433 0.24597897 4.7267746e-05 0.17315145 5.148343e-09 3.593991e-06 4.09686e-08 1.2647628e-07 1.6661173e-06 3.7834754e-05 0.047364853 8.133431e-07 0.0031221863 4.738204e-06 6.5572574e-09 9.453083e-09 4.617756e-08 0.013672909 2.133831e-08 0.00667613 1.9865335e-07 2.7078643e-08 2.2633242e-09 5.247781e-06 1.6581883e-08 1.3964863e-08 1.7652923e-06 0.11530805 0.057823174 0.043432552 3.7738375e-06 7.324701e-05 5.292759e-08 0.000430615 1.8426202e-06 4.314402e-06 0.0003683558 6.0438606e-07 3.462488e-07 6.489888e-07 1.6801299e-06 0.0077313483 1.7435019e-06 3.4752116e-05 0.00037191954 1.792294e-07 1.3869699e-06 1.2460571e-05 0.04967574 6.527733e-09 1.1226194e-05
0.36112702 2.1205185e-05 0.00027669955 0.00021372834 0.00037019726 0.0011611879 0.00075375434 3.2669093e-06 4.5526707e-05 1.5556174e-06 6.6571197e-06 5.742168e-06 0.0010672653 2.3115847e-06 5.877592e-05 1.886825e-07 0.0001297622 0.059565444 0.48144493 2.8728451e-05 0.0019369667 2.6655475e-06 4.278941e-06 0.45910487 3.1225404e-06 1.0542158e-06 8.9725444e-07 0.00359693 0.9826153 3.810114e-07 6.5995085e-19 0.71352583 2.5154202e-05 0.019326901 4.854672e-06 0.1302627 4.0129787e-08 0.6634517 0.5343686 0.5656529 6.890612e-05 0.0002013608 5.9898935e-07 0.1287642 2.537875e-07 0.00023608665 5.4669044e-07 0.47610736 0.0024221623 3.24163e-05 3.6618836e-05 1.5174476e-05 0.0826424 2.50186e-07 0.026178122 0.00044187478 0.36337757 0.062850095 0.1826447 0.019290274 5.460225e-07 0.23554178 2.0806615e-06 0.18387154 0.015644219 0.011799706 0.004828315 2.3147958e-07 0.026785687 3.3411873e-06 0.018664682 0.0011736074 0.0069282865 0.00015419445 0.018752843 0.0002007034 0.050635274 7.918164e-06 7.6996594e-07 6.976792e-05 0.0025990072 0.0016805347 0.00020466662 9.230133e-05 0.0018903842 0.0030222114 0.00031547897 0.01393684 0.0037330205 0.0011036593 4.4895016e-05 4.226741e-07 0.0004907583 7.084369e-05 6.3007516e-05 0.0004096175 0.00607986 1.798115e-05 5.8086805e-08 0.0054251663 0.032879267
