6.0477736e-30 0.9101141 0.91539013 0.72909576 0.8852365 0.7481665 0.743884 0.614177 0.9171005 0.33931047 0.116994455 0.029247861 0.501505 0.9163923 0.055543747 0.68809 0.9013023 0.41433257 0.8904812 0.6148199 0.811431 0.9027032 0.015395812 0.38361105 0.006073053 0.7006609 0.87451875 0.75637555 0.22758123 0.91371876 0.04885661 0.0016300591 0.96090025 0.43646458 7.6397475e-05 0.9044951 0.11845271 0.49966824 0.00022332673 0.000702392 0.8991836 0.52101964 0.093896575 0.94340956 0.9256318 0.50311905 0.0018371022 0.97393185 1.6500117e-05 0.91102415 0.15822475 0.8567364 0.6776459 4.662757e-06 0.88184124 0.8884207 8.919742e-05 2.2029567e-06 0.82943785 0.27037302 0.84501535 0.88136095 0.942209 0.87081534 0.23993906 0.047399368 0.9855526 0.00074189017 0.98116696 0.27996373 0.21176542 0.7289693 0.94022506 0.55629057 0.6470617 0.816149 0.98188955 0.980573 0.0013703037 0.4145183 0.97229 0.99751407 0.9739429 0.9817122 0.0016807887 0.9588097 0.00021666905 0.00069212564 0.9997219 0.00023656264 0.2844591 0.9987352 0.024949456 0.0008833717 0.9964818 0.044875618 0.00041060877 0.9996238 0.00013313186 0.9967343 0.7162092
0.9101141 7.775807e-16 0.7419388 0.55597293 0.1111944 0.9472325 0.2379993 0.04237905 0.0021269086 0.0033034603 0.008601146 0.7049844 0.3357804 0.01051556 0.50791144 1.8735867e-05 0.015405526 0.00015948893 0.23643534 0.0011845013 0.00022243889 1.9095036e-05 0.9529421 0.00022395827 0.16846345 2.1146993e-06 0.19526607 0.12227189 0.00032397278 0.05808529 0.015070755 0.015563676 1.3941956e-05 0.20548062 0.0025061131 0.00610273 4.4141274e-07 0.060849555 0.0006477936 9.565102e-08 1.3500204e-05 1.0094108e-06 6.505944e-07 0.0006196396 0.00029438199 3.9706842e-06 0.00038456434 0.043160155 0.00025354428 0.00036689558 4.4631747e-07 1.8167419e-06 2.9537816e-07 0.0022016212 0.00010272407 7.0470654e-05 0.00010927259 4.5399684e-08 2.2136828e-06 1.9112069e-05 5.0674047e-05 0.12596387 0.0003524613 7.1208177e-07 2.4145213e-06 1.1945739e-06 0.010421271 6.202204e-07 0.000325853 8.496801e-07 2.355633e-06 0.016768942 4.1565792e-05 2.2747434e-05 1.623413e-05 4.4353756e-06 6.5508734e-06 3.3320855e-05 0.00021467314 5.6372623e-06 2.5870925e-06 0.0029873408 1.8158308e-06 0.06870302 7.1393944e-05 0.053196337 3.835902e-05 2.6962969e-06 6.289393e-05 1.2080818e-07 9.553119e-07 2.6152054e-06 5.487365e-05 1.0370193e-05 1.238279e-05 1.6730267e-07 1.3756438e-06 0.0021825565 4.0038617e-06 0.027530473 1.6218841e-07
0.91539013 0.7419388 1.798195e-17 0.83548075 0.90863556 0.08341421 0.27407122 0.85970736 0.46909052 0.44761696 0.4533952 0.8304515 0.0027377314 0.43795258 0.8647395 0.03592111 0.12773696 0.032001164 0.12913795 0.0971117 0.062113814 0.016349362 0.14691515 0.036845077 0.22620133 0.0023518251 0.031607676 0.0040039592 0.10623173 0.005480773 0.26494905 0.010449386 0.0010836138 0.001964966 0.00068529916 0.022711063 4.4996515e-05 0.00096318574 0.0030051896 0.0050987783 0.00018305282 6.418614e-06 3.570613e-06 0.0033380094 0.0081539545 6.119254e-06 0.00828654 0.0035117494 0.0005976796 0.010763954 2.6035926e-07 0.0008046785 9.277855e-08 0.00047712037 0.0016096963 0.0036358845 0.0021338041 2.6354664e-05 0.00018992252 1.2273351e-06 9.65013e-06 0.004891925 0.003242895 2.3657787e-05 1.2297316e-07 1.1037413e-05 0.0023376034 0.0002581988 0.0012413663 2.2444458e-07 3.6218506e-08 0.00047344304 0.00096625305 1.7240476e-06 8.772489e-07 8.466779e-06 0.0001533853 0.0002602363 1.3300831e-05 5.5382275e-06 2.3436714e-06 0.0038354795 9.3420786e-05 0.005874955 7.5364287e-06 0.0034233949 2.4756962e-06 2.597779e-05 0.0004977479 4.5416988e-07 2.3200002e-07 1.5341902e-05 3.891412e-06 3.3933536e-06 3.579293e-06 1.7985641e-07 1.079539e-06 0.0018150597 1.2853766e-06 0.001986327 2.0802527e-06
0.72909576 0.55597293 0.83548075 1.5360354e-19 0.9717729 0.72743607 0.94913584 0.17385183 0.3333691 0.04700959 0.02094615 0.12370053 0.26024354 0.2539075 0.09174894 0.004412884 0.46544525 0.004290336 0.32050776 0.11375121 0.048087243 0.0011517203 0.011604671 0.008264076 0.0060179993 0.00063357333 0.1065106 0.039073836 0.007924786 0.026517814 0.018631548 0.0008614079 0.0007264362 0.015412596 1.6965167e-05 0.04396441 7.141842e-06 0.004018983 0.00030616048 9.732799e-05 1.152197e-05 2.0039965e-06 2.1979079e-06 0.010199663 0.017908907 1.12686175e-05 0.00064123096 0.02609403 1.9900737e-05 0.010342934 1.0780538e-07 0.0007982829 1.9407838e-07 7.6574615e-06 0.00041193014 0.00023169836 0.00011390771 2.413192e-05 9.3837065e-05 1.5691404e-06 1.37572315e-05 0.0072520734 0.0097765885 8.340818e-06 5.0240726e-07 9.840438e-07 0.012243436 1.9940062e-05 0.0065831617 1.2938312e-07 7.2579945e-07 0.0012738148 0.003059769 6.634095e-06 1.8915356e-06 7.1869786e-06 0.002287 0.002017714 7.164556e-05 4.987417e-06 1.0561554e-05 0.00781382 0.00052234175 0.0046943356 7.304258e-06 0.0046719355 1.5596303e-05 2.252562e-05 0.0031848121 3.8955574e-07 3.8095852e-08 1.2483649e-05 7.5040305e-07 2.8178288e-06 1.4096823e-06 5.4635713e-08 1.2725398e-07 0.0022362173 1.0328561e-07 0.0012248207 8.851471e-08
0.8852365 0.1111944 0.90863556 0.9717729 6.93575e-19 0.09430122 0.5104643 0.55569977 0.8729634 0.29545888 0.19194081 0.15783362 0.0018980979 0.69991374 0.2134943 0.068335816 0.4353093 0.03722932 0.07212566 0.18887869 0.13696803 0.030385599 0.004338273 0.074167706 0.011209811 0.008373032 0.011778756 0.0017576616 0.10905552 0.0036733127 0.091885805 0.00048975705 0.0039031946 0.0011738453 2.4375546e-05 0.037036285 0.0007463556 0.0008603684 0.00071199343 0.0019345925 0.00025005208 1.4269452e-05 5.711352e-05 0.009731376 0.022220206 5.1058585e-05 0.0015656375 0.007676363 3.112858e-05 0.028329642 4.6781076e-07 0.0038785413 6.9767975e-07 1.3097505e-05 0.0010761305 0.0009934114 0.00022646859 3.3017026e-05 0.00052560656 2.2340341e-06 2.2158274e-05 0.002241243 0.0123929465 0.00019759932 3.422142e-07 3.8053518e-06 0.0065187854 7.345697e-06 0.0065790294 2.441675e-07 1.4465577e-07 0.00036667925 0.005010924 6.131545e-06 1.6448654e-06 6.291901e-05 0.0050698486 0.0027345843 1.9571122e-05 6.8533377e-06 7.9174424e-05 0.008371591 0.0009550505 0.0023222296 4.5578595e-06 0.001953562 2.9472185e-06 2.0082093e-06 0.0019514521 1.1695403e-07 9.063781e-08 0.000299571 4.092389e-06 6.4066394e-06 3.4367724e-05 4.4443688e-08 1.010197e-07 0.0018942906 1.3808797e-07 0.000951465 4.1388736e-07
0.7481665 0.9472325 0.08341421 0.72743607 0.09430122 4.7243247e-19 0.6798962 0.0019185317 0.0014177395 0.0005664159 0.0005188069 0.011164586 0.980955 0.0012131468 0.0019062649 9.898007e-06 0.034247886 4.7926686e-05 0.3512554 0.0012619689 0.0003383027 1.0295435e-06 0.010871054 2.6856864e-05 0.0002619179 1.6028472e-06 0.28880477 0.43328077 4.4530925e-06 0.098833546 0.0004146873 0.00024262567 1.2783919e-05 0.2926054 8.201242e-05 0.06252203 7.980057e-07 0.060095884 0.00041440406 8.059322e-07 1.5491285e-06 6.696078e-07 4.9159206e-07 0.006286857 0.0074860933 2.5717427e-06 0.00017300047 0.05170668 1.6274867e-05 0.0030897106 2.6561732e-08 5.650646e-05 4.1827583e-08 0.000101670994 0.00026212432 2.409616e-05 0.00030369597 2.5102107e-05 8.077848e-06 7.053499e-07 3.1457014e-06 0.08128335 0.005954687 1.948708e-06 1.3699957e-06 5.100169e-07 0.027345408 1.4276269e-05 0.008196531 1.3820133e-08 9.4517176e-08 0.01337219 0.0012076707 3.5912913e-06 6.930444e-07 7.565157e-07 0.0008319924 0.0016905305 0.0004601686 6.009456e-07 3.22131e-06 0.0058972067 0.00043919653 0.025010133 2.6868202e-06 0.019030314 1.1466646e-05 1.3875554e-05 0.00056605757 3.00579e-07 6.9002644e-09 5.2557465e-05 1.0265423e-06 1.3770745e-06 2.2906122e-06 1.957699e-08 5.3040974e-08 0.0028329773 1.0950182e-07 0.0065495754 4.108065e-08
0.743884 0.2379993 0.27407122 0.94913584 0.5104643 0.6798962 2.028625e-17 0.019686526 0.05440163 0.005761249 0.0013900507 0.010931831 0.48514983 0.29298285 0.0056557786 0.0004134026 0.8329803 0.0011688279 0.96111846 0.3782837 0.13162106 0.00019225439 0.0014294704 0.00059544627 7.6778095e-05 1.0816727e-05 0.51770127 0.25495303 4.5725817e-05 0.158749 0.0014359496 2.8662884e-05 0.00019111749 0.024389094 1.431054e-05 0.4550614 4.4047246e-07 0.01613107 4.799477e-06 8.874682e-06 9.783171e-07 3.500656e-08 6.1509104e-07 0.06394134 0.12819655 4.721008e-07 0.0008521898 0.09032607 2.113253e-05 0.04676916 5.0516956e-08 0.0016755145 4.7204242e-08 1.2125164e-05 0.00050033693 0.00012370486 2.72043e-05 2.0456153e-05 0.00011897239 2.5690107e-07 9.951516e-07 0.03155263 0.039532784 7.5996686e-06 1.1967774e-07 4.6821916e-07 0.08567865 7.2440474e-05 0.033065014 1.4057818e-07 2.3069015e-07 0.0049716984 0.010917624 1.4879626e-07 2.413949e-07 6.443579e-07 0.0016551559 0.007912405 0.00025107 6.3548094e-07 1.5816977e-06 0.03377252 0.0015468771 0.013117507 2.306652e-06 0.022626186 4.6986056e-06 0.00015010001 0.0076596574 4.0447385e-06 3.5000334e-09 0.00014227565 2.0848077e-07 1.7511621e-06 1.2003128e-05 9.7824106e-08 6.980944e-07 0.0048085377 1.4048838e-07 0.0052938573 1.9179956e-07
0.614177 0.04237905 0.85970736 0.17385183 0.55569977 0.0019185317 0.019686526 4.8993504e-17 0.7227014 0.96505374 0.9801483 0.21865611 0.0003125195 0.40880236 0.50891006 0.36418265 0.06759063 0.27176285 0.004601577 0.08020643 0.03892966 0.1132535 0.0018802088 0.15001902 0.08196278 0.041958347 0.00069134025 3.568378e-05 0.11447362 0.000117389674 0.43433574 0.01825457 0.0069308314 3.090814e-05 0.00020614988 0.001021723 0.00012739806 1.6470482e-05 0.009838193 0.008602212 0.0030307926 7.6050333e-06 0.00010582793 0.00010157534 0.0021704857 0.00015697362 0.0075817923 1.21423245e-05 0.0007313933 0.0014954584 4.771863e-07 0.000319769 3.3969977e-07 0.00037024549 0.0018317455 0.0024592725 0.003205615 9.696648e-05 0.00024382185 1.3328304e-06 9.226264e-06 7.846769e-05 0.0002867482 3.125447e-05 5.573775e-08 1.4548295e-05 0.00018781997 0.00082918204 0.00025023552 8.225778e-08 3.851565e-09 5.4164184e-06 0.0001564501 1.1873468e-06 1.0915427e-06 2.3995464e-05 0.00018806232 4.415626e-05 2.5259721e-06 3.7600892e-06 2.6035914e-06 0.00058843417 2.8753944e-05 0.0004927214 7.578986e-07 0.00010774336 3.312429e-07 3.434159e-06 9.302881e-05 1.5719007e-08 1.5894168e-08 8.163563e-06 9.059905e-07 3.9265603e-07 4.2198967e-06 1.9471834e-07 1.2369557e-07 0.00048745214 8.3582954e-08 0.00043192765 1.8586242e-08
0.9171005 0.0021269086 0.46909052 0.3333691 0.8729634 0.0014177395 0.05440163 0.7227014 2.6126652e-19 0.72597986 0.4908391 0.05699444 7.9055666e-05 0.9451219 0.15811683 0.8430557 0.38797307 0.39242688 0.004412162 0.38521793 0.36038518 0.83657384 0.00019693823 0.33598638 0.0016104601 0.34404722 0.00072410394 0.00047740235 0.30966026 0.0007468548 0.16383682 0.00012735896 0.12409379 0.00018831948 1.5326474e-05 0.0053351233 0.013622325 0.00035939654 0.0011012448 0.0055625346 0.010719817 0.00067019556 0.011559623 0.0023684357 0.017413443 0.0017306806 0.004022403 0.00040412243 2.7117578e-05 0.037073202 0.00014532453 0.009725372 5.0831786e-05 2.046868e-05 0.009726087 0.018768374 0.0019401362 0.0003199304 0.003780354 0.00010321547 0.0001341471 0.00022467921 0.010746461 0.0019217932 2.4133298e-05 0.0008852355 0.0023616434 0.00016688112 0.0056243534 1.8093668e-05 4.759485e-06 8.6754146e-05 0.0065509775 4.847661e-05 4.6352794e-05 0.0006357614 0.012702611 0.0027682583 5.4511827e-05 0.00015685809 0.00042663523 0.0028367043 0.0021077162 0.0011938257 1.8381212e-05 0.00046680847 4.5189303e-05 3.2204532e-06 0.0011995422 9.930858e-07 5.4942296e-07 0.001004556 8.59259e-05 3.101272e-05 0.00016717613 4.452489e-06 2.7111407e-06 0.0006876704 7.8236644e-07 0.0008078688 1.2669653e-06
0.33931047 0.0033034603 0.44761696 0.04700959 0.29545888 0.0005664159 0.005761249 0.96505374 0.72597986 4.189178e-19 0.98787844 0.0149316415 0.00018170939 0.316116 0.19538982 0.64554864 0.028138557 0.7005589 0.0007314195 0.03383239 0.022534711 0.20817599 4.425525e-05 0.6714241 0.0055030794 0.30013904 9.8488505e-05 2.2693373e-05 0.43826815 2.971055e-05 0.44063225 0.00092610816 0.020865798 2.155379e-05 1.314389e-05 0.0007345756 0.0004795282 5.2578594e-06 0.0031824696 0.0077484204 0.006977357 4.4293844e-05 0.0006899788 0.00014066382 0.001997536 0.0010644747 0.003534904 9.02427e-06 0.00028446055 0.002545494 6.216852e-06 0.001341976 1.43629595e-05 0.00017561979 0.003204492 0.014554111 0.0016905974 7.9221325e-05 0.00055461645 3.0667496e-05 0.0001810531 3.9315742e-05 0.00048826146 0.00025308045 8.7740284e-07 0.00024916534 0.00026762942 0.0018725974 0.00086124276 4.468126e-06 2.04868e-07 5.256559e-07 0.00034295773 8.979209e-06 1.6266335e-05 0.0003845104 0.0010058068 0.00018540426 1.0555302e-05 2.370311e-05 0.00030170323 0.0004407639 0.00018152579 0.00018757276 2.8479737e-06 3.8550785e-05 3.726728e-06 4.4746947e-05 0.00010098056 2.9183252e-07 4.0743762e-07 0.000117903764 9.0885715e-06 3.2797675e-06 8.749429e-05 8.5602085e-07 2.3832183e-06 0.00016368253 4.1475786e-07 0.000194821 4.003928e-07
0.116994455 0.008601146 0.4533952 0.02094615 0.19194081 0.0005188069 0.0013900507 0.9801483 0.4908391 0.98787844 2.2336073e-18 0.08709434 0.00015698229 0.14927402 0.44334292 0.30781227 0.0044802637 0.41471633 0.0002642999 0.011578235 0.005192225 0.07554522 0.00086891354 0.4960881 0.075819716 0.12269579 4.5273635e-05 3.1438438e-05 0.45652643 1.0904246e-05 0.77482945 0.045605883 0.0032864574 3.939764e-05 0.00021318055 3.693749e-05 0.0002168069 3.1861062e-05 0.033317905 0.021237275 0.0036785118 1.1815494e-05 0.00027746824 2.0442772e-05 0.00033540442 0.0006145868 0.008806145 5.2623996e-06 0.0018778712 0.00021483473 1.6796894e-06 0.00017517869 1.6361199e-06 0.00041442201 0.001291478 0.0012834724 0.0058418415 0.00014713829 0.00025562305 1.1763656e-06 4.7419806e-05 5.302219e-05 0.0003136302 2.4192821e-05 1.8804158e-07 3.5956487e-05 0.0001038043 0.0005139842 0.00039439855 4.2932743e-07 4.597025e-08 6.6887224e-06 0.00021277231 7.8704625e-06 4.723176e-06 0.00013423004 0.00027262152 8.160197e-05 1.2804319e-05 2.5853526e-05 2.062601e-05 0.00033444585 4.603209e-05 0.00021225186 1.1380325e-06 0.00040237725 1.607274e-06 4.8307447e-06 0.00011996943 1.02891974e-07 2.0920165e-08 1.1165399e-05 5.7438665e-06 4.972208e-07 1.1465597e-05 5.004725e-07 3.6307023e-07 0.00036843834 1.1606558e-07 8.381113e-05 1.4372152e-07
0.029247861 0.7049844 0.8304515 0.12370053 0.15783362 0.011164586 0.010931831 0.21865611 0.05699444 0.0149316415 0.08709434 3.2120506e-20 0.00020389161 0.018565917 0.98354644 0.0028753344 0.0008806073 0.0010507616 0.001544046 0.00082657585 0.00014551272 0.000569146 0.585518 0.00060979713 0.77068514 0.00010549661 0.00029066528 1.5329162e-05 0.0011804597 6.6138324e-05 0.092997104 0.2050752 5.5831042e-05 4.2509313e-05 0.047905643 3.9430564e-05 1.3529453e-08 2.375986e-06 0.010638388 0.0001298403 1.1194287e-06 9.841639e-09 1.7119378e-08 1.0109431e-05 3.8401366e-05 6.854867e-08 0.00030765965 0.00011496325 0.006939624 5.869276e-06 2.0752247e-09 3.1806478e-05 1.2765302e-09 0.0065323273 0.0004232633 0.0013326651 0.00058039353 1.5021398e-06 4.9588067e-05 1.191915e-07 4.916363e-08 0.0003976642 8.6991924e-05 2.1516022e-05 1.0452932e-09 6.1664274e-09 0.0010106129 7.064358e-07 0.00022493282 3.0406964e-09 1.9484204e-11 8.715223e-06 1.528744e-05 2.0101812e-08 2.8334298e-07 3.806998e-05 0.00013728917 7.0218443e-06 4.715205e-08 2.5957087e-07 2.1598336e-05 0.0024245577 5.6070166e-06 0.0014830214 1.9543775e-09 0.0018160865 2.9266879e-08 2.6554807e-07 0.00022566551 3.4546412e-09 9.427905e-10 1.3632421e-06 1.1039954e-08 1.3257695e-09 3.1398363e-06 4.0977644e-09 9.775822e-09 0.0017109076 9.6636255e-09 0.0014755761 4.1653605e-09
0.501505 0.3357804 0.0027377314 0.26024354 0.0018980979 0.980955 0.48514983 0.0003125195 7.9055666e-05 0.00018170939 0.00015698229 0.00020389161 1.2462909e-17 0.00019934976 4.935641e-05 6.7090986e-07 0.007193565 4.7107287e-06 0.32887605 0.00021780685 3.2268035e-05 5.711199e-07 0.002734686 2.8031463e-06 6.422447e-06 3.8227984e-07 0.39447597 0.95872426 9.157159e-07 0.1628515 6.756408e-05 3.0510173e-05 1.1717023e-06 0.60043305 1.7406252e-05 0.029445373 1.6113819e-07 0.25035056 8.148924e-06 2.688477e-07 7.5148115e-08 1.1830963e-07 1.3471343e-07 0.0021313005 0.00039186692 9.713345e-07 0.00022330394 0.035069324 7.936384e-06 0.00027221962 1.8400215e-08 9.394591e-06 1.69998e-08 6.5318404e-06 3.6316513e-05 3.916659e-06 4.659776e-05 1.04525e-06 1.4136663e-06 7.839651e-08 3.6617863e-07 0.13318673 0.0011783092 9.027032e-08 1.8240898e-07 2.3253288e-06 0.029906292 2.960687e-06 0.0014928736 1.1351378e-09 1.00758385e-07 0.02322256 0.0003193244 2.894436e-07 1.2521897e-07 4.99054e-07 0.00012757885 0.00064238225 0.00023539756 5.4984987e-08 2.516176e-07 0.0055540497 6.905321e-05 0.031963952 3.1549157e-06 0.033949766 1.1963181e-06 1.5099799e-05 0.00043003593 1.9883491e-07 1.348914e-10 2.5336587e-06 6.0466743e-07 1.8059317e-06 1.6759243e-06 6.568361e-09 1.8492253e-08 0.0036817777 3.081791e-08 0.01109201 5.068999e-09
0.9163923 0.01051556 0.43795258 0.2539075 0.69991374 0.0012131468 0.29298285 0.40880236 0.9451219 0.316116 0.14927402 0.018565917 0.00019934976 8.275184e-17 0.042554557 0.30731878 0.88617504 0.12072697 0.034435593 0.8276333 0.8373699 0.5882221 7.632706e-05 0.12034479 0.0002352822 0.08439287 0.0019544684 0.00079060043 0.11054688 0.0011808071 0.028748218 3.0796684e-05 0.55662787 0.00024909503 3.697892e-06 0.053093217 0.015574478 0.00076839287 3.2661166e-05 0.00076030137 0.0077924277 0.0002883326 0.002766072 0.012833276 0.08022104 0.00058262516 0.00068925315 0.0017678415 8.377592e-06 0.2173338 3.590742e-05 0.08541813 4.6835004e-05 6.895203e-06 0.04537052 0.036757264 2.3894805e-05 1.7680293e-05 0.008954752 6.490328e-05 0.00013690034 0.00060645916 0.04864097 0.00485728 2.4316247e-05 3.314445e-05 0.008015991 3.091274e-05 0.028816255 7.49553e-06 1.4461542e-06 0.00017562564 0.046976205 4.5364737e-05 4.6042544e-05 0.00043291817 0.044657715 0.020277385 2.1497153e-05 0.00011895786 0.00066488114 0.0127302185 0.013026366 0.001404022 3.54185e-06 0.001235328 4.1124754e-06 1.7944636e-06 0.006091894 4.7239396e-07 6.404553e-07 0.0052661425 6.149069e-05 1.1714078e-05 0.00065237476 6.8020637e-07 3.958183e-07 0.0021227 6.176589e-08 0.0017146987 2.0609327e-06
0.055543747 0.50791144 0.8647395 0.09174894 0.2134943 0.0019062649 0.0056557786 0.50891006 0.15811683 0.19538982 0.44334292 0.98354644 4.935641e-05 0.042554557 1.3658299e-18 0.033530395 0.0015110654 0.025038045 0.0017670946 0.0018813066 0.0007242372 0.010036425 0.32514814 0.019202402 0.9049989 0.007263722 0.0007459479 8.170444e-05 0.027018648 0.00013823892 0.43368575 0.3628221 0.0012625123 5.975288e-05 0.06259754 0.00048531266 8.369698e-07 5.982355e-06 0.07303366 0.0038222375 0.00011015777 4.7763564e-07 2.242474e-06 0.000210471 0.00020987791 1.2983736e-05 0.004790396 5.0405153e-05 0.030078169 0.00013233097 1.1486542e-07 0.00029560126 7.128587e-08 0.022067636 0.00039829517 0.0025517417 0.005534289 4.9481823e-05 0.00020461157 2.0177602e-06 4.9633036e-06 0.00045472014 0.00024054934 0.00014014643 4.9069758e-08 1.0647825e-06 0.0022872812 1.6873373e-05 0.00085489714 3.2368726e-07 2.4075646e-09 1.4518621e-05 9.336459e-05 4.1744297e-06 4.4125194e-05 0.00052830414 0.00095557893 0.00014312034 1.0566486e-06 3.7856156e-05 0.0006147454 0.0022739442 0.00020563917 0.003098408 1.4290259e-07 0.0011188217 6.683465e-07 4.000636e-06 0.0004982169 4.1434927e-08 1.00318296e-07 0.00018211776 3.2964925e-07 9.815399e-08 0.00024642696 3.413555e-08 1.5065709e-07 0.0008349123 1.3933568e-07 0.0012488293 4.1757258e-07
0.68809 1.8735867e-05 0.03592111 0.004412884 0.068335816 9.898007e-06 0.0004134026 0.36418265 0.8430557 0.64554864 0.30781227 0.0028753344 6.7090986e-07 0.30731878 0.033530395 1.1724663e-18 0.004896235 0.9411448 0.00014394932 0.022738174 0.028247898 0.9640085 4.6266605e-06 0.5139266 0.0006705104 0.89007354 5.064385e-05 1.20275345e-05 0.2487181 2.6212918e-05 0.18115734 0.00015293062 0.13181661 6.728754e-06 5.5866967e-06 0.00014449879 0.09646087 1.3787638e-05 0.0025126727 0.008395073 0.08329732 0.014236367 0.015093235 0.00015549587 0.003193486 0.010016723 0.005142323 2.0993626e-05 3.357428e-05 0.010694952 0.0006289763 0.0073138434 0.00025445627 1.2841323e-05 0.011352981 0.039273098 0.0027067713 0.00019701468 0.003606515 0.0001408922 0.0008669229 1.2755349e-05 0.0017962033 0.0023520873 0.00011844506 0.004370852 0.00015907909 0.00036429873 0.0009806773 5.2574564e-05 4.813242e-06 1.2452869e-06 0.0019974255 0.00022200149 0.00025338304 0.0029598826 0.0053802296 0.0008738739 2.6072776e-05 0.00032846385 0.0013467864 0.00028426066 0.001234127 0.00014773782 7.861566e-06 3.8398106e-05 8.339967e-06 2.2248352e-05 9.286889e-05 8.3888847e-07 2.7264045e-06 0.000984096 0.0002013825 1.2187267e-05 0.0006189037 3.8052103e-06 5.5099267e-06 8.8940804e-05 9.332124e-07 0.00010943246 6.833954e-06
0.9013023 0.015405526 0.12773696 0.46544525 0.4353093 0.034247886 0.8329803 0.06759063 0.38797307 0.028138557 0.0044802637 0.0008806073 0.007193565 0.88617504 0.0015110654 0.004896235 2.6777598e-17 0.0022884137 0.48778635 0.94100434 0.9092883 0.019115856 1.2696572e-05 0.002336281 4.0221744e-06 0.0009537099 0.070733935 0.005035082 0.00035422097 0.020552007 0.00043244305 1.0745338e-06 0.015703382 0.0006655584 4.1617177e-06 0.6221935 4.3154494e-05 0.002905856 1.8769553e-06 1.4472795e-05 4.3475164e-05 5.302927e-07 7.17823e-06 0.13291666 0.29109022 1.4068636e-06 8.829985e-05 0.03626729 6.7696324e-06 0.22544241 1.0807674e-07 0.007761204 1.0662179e-07 6.6403927e-06 0.0017401715 0.00050380116 3.261446e-06 7.231567e-07 0.00070085906 6.327168e-07 1.712503e-06 0.0049514472 0.08831877 8.623095e-05 7.8418495e-08 2.4468056e-07 0.048634786 5.938977e-06 0.07235621 3.1882287e-08 1.1765966e-08 0.0009450917 0.04027418 3.9166568e-07 2.4895263e-07 1.5606063e-05 0.012590867 0.026587158 3.8256376e-06 1.4282376e-06 9.321197e-06 0.03971109 0.005269257 0.006693336 6.5606486e-07 0.009823637 7.997626e-07 1.640052e-06 0.034780394 6.4004894e-08 6.2510743e-09 0.00058787107 4.8600364e-06 4.6031874e-07 1.6816537e-05 4.330745e-07 1.1410607e-07 0.008676302 8.355788e-09 0.0047924477 3.1464843e-08
0.41433257 0.00015948893 0.032001164 0.004290336 0.03722932 4.7926686e-05 0.0011688279 0.27176285 0.39242688 0.7005589 0.41471633 0.0010507616 4.7107287e-06 0.12072697 0.025038045 0.9411448 0.0022884137 1.381138e-20 0.000264627 0.01101778 0.010345564 0.30882853 4.007605e-06 0.90115047 0.0005142372 0.97491354 7.71748e-05 2.1379826e-06 0.5321962 1.612424e-05 0.34822273 0.00020836222 0.0461438 9.154797e-06 3.0038454e-06 4.6879333e-05 0.25136468 1.9127643e-05 0.003341873 0.050784774 0.043988008 0.007182699 0.062589034 5.8356574e-05 0.00080317014 0.007219798 0.013238746 7.3613423e-06 0.00011113202 0.0019157097 0.00069117214 0.0010456842 0.0003096436 1.8091287e-05 0.0029306933 0.022489503 0.004672201 0.00043956295 0.0010467378 0.00021245945 0.0013401118 3.112043e-06 0.00038954633 0.00078612857 0.0001356452 0.019673983 7.665558e-06 0.005007222 0.00029390428 7.162548e-05 2.7909628e-05 7.9266634e-08 0.0003995169 0.00025177543 0.00019319319 0.0022974086 0.0010551502 0.0002364618 0.00012047459 0.00016842161 0.00058619207 7.202077e-05 0.00023886409 2.1720745e-05 4.014497e-05 1.5011739e-05 1.5062161e-05 6.541725e-05 3.3508804e-05 2.995844e-06 1.6172173e-06 0.0002930942 0.00014508399 1.5246542e-05 0.00034861956 3.0078818e-06 5.9006493e-06 3.442155e-05 1.791654e-06 2.6034213e-05 7.1763347e-06
0.8904812 0.23643534 0.12913795 0.32050776 0.07212566 0.3512554 0.96111846 0.004601577 0.004412162 0.0007314195 0.0002642999 0.001544046 0.32887605 0.034435593 0.0017670946 0.00014394932 0.48778635 0.000264627 1.02627875e-16 0.08165476 0.02664336 5.9864735e-05 0.0004418923 4.3247976e-05 5.9408403e-06 5.3989093e-06 0.9469626 0.29748857 3.356868e-05 0.50121325 0.00040955248 4.662877e-06 0.0002884135 0.058607195 6.904884e-06 0.8363701 1.3382318e-06 0.04955167 6.89256e-06 2.313305e-06 5.329933e-06 4.0338426e-07 1.5361022e-07 0.23726733 0.2783017 3.8239923e-06 0.00019700397 0.40704563 4.61059e-05 0.044528387 2.1201949e-07 0.002068085 1.5096745e-07 9.822188e-06 0.00051005126 0.00016716098 3.075187e-05 5.275213e-06 0.00029292042 7.3501e-07 3.9631636e-06 0.041339446 0.055382796 5.8282876e-05 1.6289744e-07 7.24773e-07 0.23347446 7.2623574e-05 0.06454657 2.1997519e-07 2.4904952e-07 0.014338464 0.021753615 4.3257955e-07 9.641221e-07 5.2259306e-06 0.007108117 0.022296134 0.00015494463 4.9560763e-06 3.0187808e-05 0.082865484 0.0042334204 0.027415719 1.1585277e-06 0.0898452 2.9008968e-05 0.0018533568 0.03651441 6.196044e-05 2.5355876e-08 0.00055819465 7.751114e-07 1.0988568e-06 1.0996384e-05 6.177744e-08 2.7828457e-07 0.031562336 2.0010262e-05 0.018710773 1.810771e-06
0.6148199 0.0011845013 0.0971117 0.11375121 0.18887869 0.0012619689 0.3782837 0.08020643 0.38521793 0.03383239 0.011578235 0.00082657585 0.00021780685 0.8276333 0.0018813066 0.022738174 0.94100434 0.01101778 0.08165476 2.634355e-17 0.9829565 0.18303886 1.2378067e-05 0.011670865 8.12708e-05 0.0057880334 0.005538365 0.0007644718 0.0025821852 0.0020485113 0.0023892242 4.6844474e-05 0.41650313 0.00020053865 5.238825e-06 0.10864256 0.0009590986 0.0007240042 3.4555214e-05 4.684228e-05 0.006184701 0.0001933189 0.00023668066 0.0227213 0.1706687 0.0004808384 0.00014503766 0.0025112368 7.050544e-06 0.32644117 2.3563778e-05 0.09498509 2.6849923e-05 2.9451337e-06 0.061650705 0.024801064 3.286601e-05 3.6959425e-06 0.008909019 7.756549e-05 0.0001919195 0.00032618784 0.054008584 0.007699583 1.8590614e-05 4.631967e-06 0.012920836 2.9122228e-05 0.03183043 4.3297846e-06 1.1815712e-06 0.00021033976 0.050273553 9.833235e-05 7.0479124e-05 0.0002894087 0.037096705 0.022800252 2.2400834e-05 7.521563e-05 0.0006899871 0.010981155 0.019647507 0.0011760213 6.1569294e-06 0.0018416632 2.9066775e-06 8.344836e-06 0.009038003 3.9052065e-07 4.102725e-06 0.015965117 6.889889e-05 1.2171447e-05 0.0022597963 4.463594e-06 5.228895e-07 0.0012359638 4.1488544e-08 0.0014304605 1.7774927e-06
0.811431 0.00022243889 0.062113814 0.048087243 0.13696803 0.0003383027 0.13162106 0.03892966 0.36038518 0.022534711 0.005192225 0.00014551272 3.2268035e-05 0.8373699 0.0007242372 0.028247898 0.9092883 0.010345564 0.02664336 0.9829565 7.167034e-19 0.23106554 1.1470107e-06 0.0057993317 4.798434e-06 0.0042280843 0.001396585 0.00015402058 0.00059060566 0.0006642144 0.0005683305 3.028777e-06 0.4942924 1.5959522e-05 1.117285e-06 0.046799157 0.0004894928 6.6351226e-05 1.4057182e-06 9.748065e-06 0.01085127 0.0001282832 1.5200735e-05 0.025624972 0.27848798 0.00031126934 4.3932927e-05 0.001474374 1.9665745e-06 0.4389879 3.8676885e-06 0.12159207 6.9751313e-06 2.328192e-07 0.070450015 0.051228967 1.4649492e-06 4.5449966e-07 0.013351783 4.6224024e-05 0.00012503863 0.00013583938 0.077990934 0.010340494 3.1762777e-06 1.751027e-06 0.012390434 2.1808744e-06 0.041162014 1.9393601e-06 1.2454751e-07 0.00018639372 0.07963426 0.0001385393 8.358492e-05 0.0013177868 0.06888961 0.038892534 5.0635085e-06 9.0328074e-05 0.0023903672 0.016249506 0.03565112 0.00077880226 1.6757102e-06 0.0017582962 1.0489567e-06 4.3786656e-07 0.010301423 8.73966e-08 8.873481e-06 0.01799159 2.9690553e-05 2.3024695e-06 0.003251887 1.5202713e-06 2.1471992e-07 0.0016973956 6.7401884e-09 0.0012812915 2.999466e-06
0.9027032 1.9095036e-05 0.016349362 0.0011517203 0.030385599 1.0295435e-06 0.00019225439 0.1132535 0.83657384 0.20817599 0.07554522 0.000569146 5.711199e-07 0.5882221 0.010036425 0.9640085 0.019115856 0.30882853 5.9864735e-05 0.18303886 0.23106554 1.0081993e-18 9.475852e-06 0.16922946 2.0834543e-05 0.39025927 3.396781e-05 8.562768e-06 0.051455095 1.6926058e-05 0.039806303 6.4888823e-06 0.9642446 5.734793e-07 2.2631098e-06 0.00042506744 0.020107398 5.7481893e-06 0.00020705031 0.0011759803 0.3920496 0.017306494 0.0034195152 0.00048717027 0.013722031 0.040407043 0.00073996576 8.430562e-06 9.752391e-06 0.04054268 0.00095366896 0.07429082 0.0007773767 1.9749832e-06 0.072497346 0.15522298 2.2197892e-05 1.5017051e-05 0.03952669 0.000238783 0.0009873995 6.731411e-06 0.006727259 0.022977404 0.00020572546 0.0009991082 0.000340651 1.9692687e-05 0.0025856916 5.9051054e-05 2.810691e-05 5.2767828e-06 0.017753253 0.0007201774 0.0005931395 0.0069567636 0.037056457 0.005065977 2.3073833e-05 0.00029704897 0.0037999758 0.0010951651 0.009520473 5.6233366e-05 9.837431e-06 6.432877e-05 6.484465e-06 5.32787e-06 0.00037458408 2.7624588e-07 4.150333e-05 0.010662806 0.00018364908 3.8693102e-05 0.0037764641 8.178767e-06 6.1494648e-06 0.00021860447 2.655202e-07 9.9292774e-05 4.7030237e-05
0.015395812 0.9529421 0.14691515 0.011604671 0.004338273 0.010871054 0.0014294704 0.0018802088 0.00019693823 4.425525e-05 0.00086891354 0.585518 0.002734686 7.632706e-05 0.32514814 4.6266605e-06 1.2696572e-05 4.007605e-06 0.0004418923 1.2378067e-05 1.1470107e-06 9.475852e-06 5.94253e-15 1.898556e-05 0.8796079 4.638875e-07 0.0007376424 0.0007109668 2.9942574e-05 0.00039126587 0.0022249194 0.45296216 0.00012841391 0.009686118 0.9752123 2.5534247e-05 2.4139478e-08 0.0008522864 0.025680922 4.8132534e-07 1.56578e-06 1.659852e-07 3.2946144e-08 6.2145104e-06 1.2925942e-05 1.985152e-06 0.00030618766 0.0003910456 0.023424124 3.8691423e-06 2.6738574e-08 9.659268e-07 2.7635787e-07 0.2276118 0.00010345158 9.643722e-05 0.0029199582 3.636602e-06 3.640308e-06 8.412446e-07 9.357634e-06 0.022715596 4.310382e-05 6.675503e-07 4.035393e-07 5.3374254e-08 0.0029263827 1.7702367e-06 3.3359833e-05 2.5581238e-07 1.8630084e-07 0.0024374013 1.8721417e-05 2.1120539e-07 1.5062009e-06 0.000101283316 3.0542808e-05 3.5000521e-06 1.0444379e-06 1.1685754e-06 0.00015011676 0.005277191 2.0086634e-06 0.05184044 3.2903708e-07 0.03271901 1.291332e-06 1.7039242e-06 0.00031291915 6.82895e-08 1.5540981e-07 4.8183466e-07 8.3795703e-07 2.4518835e-07 8.7040473e-07 3.2789355e-08 2.2273743e-07 0.0029063313 2.5946989e-07 0.012318382 1.2027189e-07
0.38361105 0.00022395827 0.036845077 0.008264076 0.074167706 2.6856864e-05 0.00059544627 0.15001902 0.33598638 0.6714241 0.4960881 0.00060979713 2.8031463e-06 0.12034479 0.019202402 0.5139266 0.002336281 0.90115047 4.3247976e-05 0.011670865 0.0057993317 0.16922946 1.898556e-05 3.2853773e-19 0.000935201 0.83198833 1.9295097e-05 2.4294632e-06 0.979528 6.4361993e-06 0.5435543 0.0009141764 0.018838106 1.0035706e-05 1.7595459e-06 2.2164193e-05 0.5809317 1.2586838e-05 0.010430539 0.27201784 0.079144694 0.04137295 0.2256479 1.4535647e-05 0.00019073497 0.02397539 0.07121322 5.835392e-06 0.00026332072 0.0004089085 0.003498609 0.00042500097 0.0031285512 1.934018e-05 0.004369099 0.014742504 0.013663297 0.00084166205 0.00076556654 0.00062332914 0.0076822373 4.2101124e-06 0.00018808614 0.00067192613 0.00018090845 0.17042932 3.2390093e-05 0.07312733 0.0003005459 0.00022519619 0.00019114121 9.490734e-07 0.00022697455 0.00057635707 0.00047223092 0.0029873024 0.0005553995 0.0001086659 0.0027465757 0.00053190824 0.001508035 0.0002300468 0.00012653171 0.00014697365 0.00082378055 5.727208e-05 0.0002769448 0.0017791708 7.2599265e-05 0.00016175027 3.6027883e-05 0.00024135913 0.0002730899 0.00017973376 0.0007318319 4.960803e-05 6.8016496e-05 0.0001325036 0.00010281248 6.260322e-05 0.00024508097
0.006073053 0.16846345 0.22620133 0.0060179993 0.011209811 0.0002619179 7.6778095e-05 0.08196278 0.0016104601 0.0055030794 0.075819716 0.77068514 6.422447e-06 0.0002352822 0.9049989 0.0006705104 4.0221744e-06 0.0005142372 5.9408403e-06 8.12708e-05 4.798434e-06 2.0834543e-05 0.8796079 0.000935201 3.9117375e-18 3.5492267e-05 1.3451933e-05 4.8561185e-07 0.00513907 1.8685085e-05 0.42286932 0.94047123 2.0799604e-05 1.50373735e-05 0.5926235 2.941597e-06 1.9107448e-08 4.0259562e-07 0.63850236 0.003927302 1.7388174e-06 1.0420634e-07 1.7716664e-07 4.394099e-06 1.4960674e-05 2.3545279e-06 0.02504639 3.2335745e-05 0.13722894 3.638243e-06 2.6702441e-08 4.341869e-05 4.580868e-08 0.1309129 0.00085232995 0.0033649486 0.07551634 0.00106733 0.00010803753 2.9776654e-06 1.872298e-06 0.00027162553 5.1858085e-05 6.200826e-05 1.1341189e-08 5.2901925e-07 0.00032962835 0.0004249683 9.262724e-05 2.8931702e-06 1.5987442e-09 2.9183486e-06 5.2044277e-05 1.8759138e-06 8.356247e-06 0.00046873634 0.0011643955 3.3273e-05 9.838327e-07 2.3144855e-06 0.00061869837 0.0004173427 0.0004221311 0.0010053322 3.6187846e-08 0.00018627165 8.0783747e-07 2.5267324e-05 0.00017500069 8.557927e-08 5.4546064e-08 6.3849557e-06 2.1752033e-08 6.096993e-09 5.169891e-06 2.5586544e-08 8.4135905e-08 0.00034953936 3.870004e-07 3.4402347e-05 3.320136e-07
0.7006609 2.1146993e-06 0.0023518251 0.00063357333 0.008373032 1.6028472e-06 1.0816727e-05 0.041958347 0.34404722 0.30013904 0.12269579 0.00010549661 3.8227984e-07 0.08439287 0.007263722 0.89007354 0.0009537099 0.97491354 5.3989093e-06 0.0057880334 0.0042280843 0.39025927 4.638875e-07 0.83198833 3.5492267e-05 1.2462089e-19 5.879632e-07 4.4314525e-06 0.48840585 4.7343852e-07 0.18012139 1.6755512e-05 0.047585323 2.2629263e-06 3.1731005e-07 5.2403266e-05 0.7513985 2.050012e-06 0.0006382716 0.027075207 0.23339334 0.42941684 0.28422955 5.3161075e-05 0.000811966 0.06319129 0.009125962 2.6391538e-07 1.0907626e-05 0.0023257814 0.03719362 0.0013092898 0.009863389 3.4096156e-06 0.007284839 0.05203747 0.002149993 0.00023053677 0.0015988048 0.00085919804 0.0065681585 1.308023e-05 0.00013654385 0.002211403 0.0004078323 0.11660985 3.2792064e-05 0.0052762046 0.0002748145 0.000204165 0.00012035401 3.7383907e-07 0.000300329 0.00080707134 0.0005138987 0.007767605 0.002397608 0.0001878816 0.00048114065 0.0005745535 0.001401215 0.00022524557 0.0005245575 3.9427443e-05 0.00039280008 2.160895e-05 7.470357e-05 0.0003805757 2.3582865e-05 3.828508e-05 3.4337874e-05 0.0008881613 0.0003687134 0.00014265321 0.0013138634 4.5589727e-06 3.233812e-05 4.692639e-05 2.7267e-05 5.862684e-05 0.00015951724
0.87451875 0.19526607 0.031607676 0.1065106 0.011778756 0.28880477 0.51770127 0.00069134025 0.00072410394 9.8488505e-05 4.5273635e-05 0.00029066528 0.39447597 0.0019544684 0.0007459479 5.064385e-05 0.070733935 7.71748e-05 0.9469626 0.005538365 0.001396585 3.396781e-05 0.0007376424 1.9295097e-05 1.3451933e-05 5.879632e-07 6.1120086e-18 0.69803894 1.2578439e-05 0.96366215 0.00054136536 5.3308636e-06 9.396853e-05 0.1487796 1.0950683e-05 0.5927991 1.9280105e-07 0.13852209 2.8423708e-06 4.738369e-07 1.5583004e-06 2.1984874e-07 1.2262757e-07 0.22095336 0.07556165 1.6623876e-06 0.00017349927 0.5712023 1.9164561e-05 0.008976877 4.2094975e-08 0.0016299248 8.959312e-08 1.157223e-05 0.00016140049 2.7014536e-05 4.1363925e-05 2.3270923e-06 0.000104012186 3.444223e-07 1.4503971e-06 0.06505216 0.020059701 6.9556017e-06 1.7053134e-07 6.585849e-07 0.34296924 0.00011636222 0.031121038 5.7208613e-08 8.925149e-08 0.022846559 0.0052291295 1.5039093e-07 3.936158e-07 5.320353e-07 0.0017620035 0.0078031174 0.00024698526 2.8411644e-06 6.2576028e-06 0.06313214 0.0016249465 0.04269599 8.0204484e-07 0.13276921 0.00011317833 0.0011897325 0.025225827 7.814172e-05 3.5928906e-08 5.8326306e-05 7.367231e-07 3.9333474e-07 3.7139955e-07 4.9677476e-07 7.0463057e-07 0.052278392 6.249591e-05 0.034892652 2.2456265e-06
0.75637555 0.12227189 0.0040039592 0.039073836 0.0017576616 0.43328077 0.25495303 3.568378e-05 0.00047740235 2.2693373e-05 3.1438438e-05 1.5329162e-05 0.95872426 0.00079060043 8.170444e-05 1.20275345e-05 0.005035082 2.1379826e-06 0.29748857 0.0007644718 0.00015402058 8.562768e-06 0.0007109668 2.4294632e-06 4.8561185e-07 4.4314525e-06 0.69803894 8.376307e-17 2.2478366e-07 0.57777697 1.5742075e-05 4.00988e-06 1.6406331e-05 0.9383291 8.946057e-05 0.07242131 7.308923e-07 0.8096963 3.484404e-05 5.961249e-08 3.325728e-06 1.4112011e-06 1.4277174e-06 0.011031842 0.0023053866 7.0227957e-06 6.129128e-05 0.2113162 2.6313228e-05 0.0007286729 1.00504266e-07 0.00014776531 5.4030924e-08 2.3096423e-05 0.00031969708 4.884661e-05 0.00025749797 6.9447515e-06 1.757058e-05 8.6668473e-07 9.542829e-07 0.33148426 0.0049563535 2.9256037e-07 7.836736e-08 3.7014323e-07 0.12944822 1.6299207e-05 0.0075042206 6.387157e-09 1.1957678e-07 0.11722398 0.0015165658 1.5687836e-07 3.0938395e-07 6.412538e-06 0.0006189442 0.0025852157 8.902448e-05 4.46505e-08 6.3145662e-06 0.020870728 0.0005138725 0.08666808 1.3619218e-06 0.14155273 2.6556188e-06 0.00047292068 0.0021708838 2.0081952e-05 3.3724637e-10 2.668022e-06 6.605437e-05 2.4243968e-06 2.3209704e-08 4.787988e-08 1.14985006e-07 0.016722819 9.56758e-07 0.0350751 1.1075577e-08
0.22758123 0.00032397278 0.10623173 0.007924786 0.10905552 4.4530925e-06 4.5725817e-05 0.11447362 0.30966026 0.43826815 0.45652643 0.0011804597 9.157159e-07 0.11054688 0.027018648 0.2487181 0.00035422097 0.5321962 3.356868e-05 0.0025821852 0.00059060566 0.051455095 2.9942574e-05 0.979528 0.00513907 0.48840585 1.2578439e-05 2.2478366e-07 6.601756e-17 8.614592e-06 0.923812 0.0063371444 0.003567965 2.5261938e-06 1.31504985e-05 2.7074923e-06 0.5986317 1.8917161e-06 0.050313305 0.6865783 0.030712703 0.044029508 0.38346696 1.4263145e-06 8.817939e-06 0.018878995 0.48406515 6.666173e-06 0.0015489247 1.0185203e-05 0.0060435035 6.817693e-06 0.00633722 3.5334717e-05 0.0005698393 0.0036395048 0.081826024 0.015444907 0.00012781292 0.00045761658 0.003502091 1.5916794e-05 2.0500072e-05 4.215438e-05 0.0002541897 0.31204605 4.4175933e-05 0.42179346 6.603724e-05 7.23312e-05 0.00016955003 6.771979e-07 2.3049313e-05 0.00012431451 8.822207e-05 0.0010767825 4.0590377e-05 1.4981135e-05 0.014110924 0.00042823053 0.0006660807 0.00013181216 1.0747874e-05 0.00049239164 0.004805127 1.1958545e-05 0.00079025864 0.012682396 5.119647e-05 0.0019012549 8.81297e-06 6.152987e-05 0.0002027946 0.00019989672 0.0007008153 3.9991428e-05 7.1400966e-05 0.00014823292 0.00080663466 1.8838118e-05 0.00023698762
0.91371876 0.05808529 0.005480773 0.026517814 0.0036733127 0.098833546 0.158749 0.000117389674 0.0007468548 2.971055e-05 1.0904246e-05 6.6138324e-05 0.1628515 0.0011808071 0.00013823892 2.6212918e-05 0.020552007 1.612424e-05 0.50121325 0.0020485113 0.0006642144 1.6926058e-05 0.00039126587 6.4361993e-06 1.8685085e-05 4.7343852e-07 0.96366215 0.57777697 8.614592e-06 5.2578172e-18 6.459779e-05 9.221312e-06 6.332378e-05 0.18530428 1.1987034e-05 0.4232484 2.8521228e-07 0.27276996 2.3705722e-06 5.2314283e-07 1.5392557e-06 2.537149e-07 1.43994e-07 0.17898305 0.037083853 1.2905207e-06 4.420729e-05 0.96390116 7.307372e-06 0.004254249 2.9257782e-08 0.0015849926 7.860823e-08 3.5268913e-06 0.00014895991 4.812721e-05 6.133902e-06 4.6929742e-07 9.843817e-05 1.514413e-07 7.907444e-07 0.086327806 0.016598932 2.0408197e-05 1.4193799e-07 3.1219702e-07 0.4817657 1.5569894e-05 0.027138025 3.7044252e-08 4.1518703e-08 0.040825274 0.0061873174 2.3462667e-07 2.0554651e-07 5.817481e-07 0.002153035 0.009810665 0.0002365534 1.5628216e-06 1.0751278e-05 0.081899785 0.0026113775 0.046433866 3.1351085e-06 0.19910073 5.596741e-05 0.0005288332 0.033676412 1.0781568e-05 2.2075202e-08 0.00014885694 1.769523e-06 2.442559e-06 4.1818387e-07 8.9066344e-07 7.6017665e-07 0.09165107 3.3130862e-05 0.061962955 2.2861013e-06
0.04885661 0.015070755 0.26494905 0.018631548 0.091885805 0.0004146873 0.0014359496 0.43433574 0.16383682 0.44063225 0.77482945 0.092997104 6.756408e-05 0.028748218 0.43368575 0.18115734 0.00043244305 0.34822273 0.00040955248 0.0023892242 0.0005683305 0.039806303 0.0022249194 0.5435543 0.42286932 0.18012139 0.00054136536 1.5742075e-05 0.923812 6.459779e-05 2.4043517e-13 0.51364523 0.0053938106 2.9726138e-05 0.003565062 7.726214e-05 0.010735091 2.8612099e-06 0.8395118 0.87413037 0.005894977 0.0015914132 0.0086326655 5.8963233e-06 3.5683475e-05 0.0029511505 0.91864514 1.2582302e-05 0.28750268 0.00010092356 0.00025610276 0.00014179463 7.93153e-05 0.010231931 0.00247849 0.012631886 0.8233517 0.2449562 0.00084003655 1.762052e-05 0.00049577665 0.0002338862 8.366897e-05 0.000430814 3.9677584e-06 0.0016905951 7.0112685e-05 0.37077177 0.00030085593 1.341116e-05 5.1564975e-06 2.9904118e-06 0.00017141453 3.525988e-05 0.0002180631 0.005567954 0.0004233969 7.1702634e-05 0.00020007142 0.0005412053 0.0021087464 0.0003527702 9.516538e-05 0.0004398659 6.3901334e-06 8.355097e-05 1.3738575e-05 0.0012193738 0.00020800406 3.2589138e-05 7.186152e-07 8.2301456e-05 3.5926478e-06 2.9872165e-06 0.0013257553 2.5141337e-06 1.7982786e-06 0.00026601536 4.941875e-06 1.9950125e-05 0.0002219714
