2.3821614e-29 0.8742484 0.3051217 0.8534132 0.9444194 0.12667732 0.83021617 0.85345745 0.26628417 0.837958 0.90158993 0.84964275 0.8713583 0.17105488 0.78176105 0.41984123 0.63746613 0.16254054 0.9046633 0.80540484 0.86191416 0.8956041 0.5162373 0.5610862 0.2093912 0.94756186 0.8189618 0.9008708 0.913294 0.97276384 0.95281035 0.961154 0.7762298 0.46325898 0.9296492 0.96528864 0.9306183 0.8234029 0.9654005 0.041334823 0.7910813 0.894523 0.97457117 0.016542122 0.9434179 0.94139457 0.10997585 0.93562424 0.80228996 0.014660465 0.92364264 0.88147295 0.9741123 0.07011929 0.001729764 0.21707404 0.87713313 0.0028350975 0.024965374 0.9682479 0.97486657 0.00096617563 0.053624228 0.7588046 0.00826765 0.7975968 0.56954104 0.951126 0.0025814625 0.070288636 0.061318077 0.9722287 0.9979189 0.9938397 0.97154653 0.24983488 0.26279202 0.0068721944 0.00069515035 0.99240786 0.9086911 0.048347235 0.99634755 0.0021036938 0.94189405 0.0005096734 4.0990977e-05 2.4652885e-05 0.993228 0.9960528 0.039335657 0.99973845 0.00043791273 4.9870247e-05 0.16990243 2.5805859e-05 0.5812665 0.9999575 5.7099744e-05 0.31843132 9.128194e-05
0.8742484 2.453394e-15 0.85024583 0.769364 0.8172936 0.28732076 0.5374472 0.81231797 0.07274952 0.64958537 0.12832054 0.028056672 0.0025782897 0.69765395 0.015176438 0.00018078773 0.00012352037 0.92009515 0.0006572015 0.0001593664 0.0763152 0.0011475207 5.798173e-05 0.012314858 0.074523956 0.008441983 1.0222513e-05 5.936629e-07 0.00048879534 2.2105867e-07 0.0004383999 0.016890125 3.3539413e-06 1.1682968e-06 0.022763968 0.002070506 1.8487945e-05 2.7163911e-05 1.8497238e-05 0.00020543589 1.042563e-06 1.8292908e-06 4.068277e-05 7.991237e-05 1.261002e-06 3.8844837e-07 4.136743e-05 0.009170269 9.392592e-08 0.00035441984 0.007529605 1.8429436e-08 0.00261446 7.9521e-07 0.0024022635 2.9098668e-08 0.0035701077 0.0017686281 6.306367e-05 2.1995466e-07 0.0048217075 0.0015948612 9.954564e-07 0.008164175 2.1197684e-05 1.7152396e-07 1.4159018e-06 1.994046e-07 0.0043466277 1.1500618e-05 5.3318754e-06 4.8850336e-07 0.0005522619 0.0025998997 0.0060112313 4.3332752e-06 6.9742896e-07 2.0504579e-06 3.489402e-07 2.1213043e-06 5.263431e-07 4.6072233e-07 0.00035136385 0.0017334814 1.2719532e-06 5.066015e-08 0.00024624768 3.056921e-05 2.5500017e-06 0.020450292 2.7792719e-06 1.7312765e-05 1.1266312e-06 2.3452678e-06 5.9506243e-07 5.2761312e-05 2.6457637e-05 0.000108304404 1.3421678e-05 3.6995885e-08 2.278333e-08
0.3051217 0.85024583 3.357512e-16 0.9143436 0.40131712 0.9810453 0.7258727 0.09863221 0.38778618 0.005965025 0.25339448 0.12487418 0.00094121497 0.019227272 0.0003385735 0.000116879724 2.4713285e-05 0.02109441 0.008646305 0.0001076302 0.15896519 0.0010814563 7.1294303e-06 0.02081776 0.0007069501 0.06798206 3.0816955e-05 4.735148e-07 0.0012195267 4.1380216e-07 0.0027964658 0.013940529 1.1962833e-05 1.4305782e-06 0.06894797 0.007816417 0.00024061243 7.947264e-05 0.00051327934 2.1861957e-05 7.1522713e-06 4.958615e-06 0.0021490483 5.034865e-05 1.0158081e-05 1.8917368e-05 1.1689626e-05 0.008063636 3.774811e-07 4.728059e-05 0.013735052 6.239428e-08 0.011559446 5.1605266e-08 3.26315e-05 4.734617e-08 0.002743429 2.0622787e-05 4.1819126e-06 2.1511548e-07 0.0066418787 0.000114237344 6.609371e-08 0.0022472593 5.30966e-06 3.8048924e-07 2.1690067e-07 1.2374078e-07 0.00024203656 9.688255e-07 3.6658008e-07 1.9963296e-05 0.003758643 0.0027641456 0.0018441105 1.6486116e-07 2.332638e-08 1.4588349e-07 8.060048e-08 6.433122e-05 8.0727216e-07 1.5006508e-08 0.0011951125 0.0007047176 6.339997e-07 3.8698342e-09 3.338326e-05 3.637034e-05 8.051705e-06 0.015948385 2.1157238e-08 0.0012801121 6.5406354e-08 2.7613037e-06 1.3091197e-09 4.8665785e-05 6.442451e-06 0.00083680794 1.3299201e-06 1.3498233e-09 4.485429e-10
0.8534132 0.769364 0.9143436 2.9189923e-17 0.9471094 0.13254268 0.95196813 0.60146904 0.1553697 0.16638935 0.62571746 0.6229303 0.016828274 0.041456763 0.00534728 0.0009604445 0.00034350093 0.026167076 0.15942825 0.0005282087 0.035206158 0.022125723 5.464163e-05 0.014162512 0.009761747 0.27817988 9.146371e-05 4.541965e-06 0.009815732 6.02866e-06 0.028906308 0.01282818 0.00020722314 8.2563665e-06 0.15879135 0.06789803 0.0015506902 8.491803e-05 0.0024464687 5.6571593e-05 1.7954557e-05 1.2863459e-05 0.01659963 8.9803434e-05 5.074315e-05 0.00012547127 2.0823281e-05 0.008962484 4.4521062e-08 0.00014552743 0.024650488 9.345238e-08 0.031009436 7.888534e-08 1.2712383e-05 1.3149865e-08 0.0026373349 3.709819e-05 5.788264e-06 6.8365416e-06 0.011361614 1.0005441e-05 6.491027e-07 0.0019325725 6.2215845e-06 1.6573512e-07 2.846886e-07 2.3170827e-08 0.00011149678 2.2284019e-06 5.582428e-07 0.00018360671 0.010565751 0.0042993343 0.0018301303 2.2475044e-07 5.813801e-08 7.111492e-07 1.0894242e-06 0.00016078414 1.8275552e-05 6.614075e-08 0.0021756033 0.0003056806 2.2673146e-07 7.792319e-08 5.116087e-06 1.7981321e-05 4.2095402e-05 0.022491863 2.8834484e-07 0.0028834706 1.7631882e-07 1.4264947e-05 4.39373e-08 0.00010257116 1.1252257e-06 0.0022980494 2.5017645e-05 7.9121016e-08 6.6223778e-09
0.9444194 0.8172936 0.40131712 0.9471094 1.6189774e-18 0.00960139 0.68468773 0.9451202 0.011768942 0.4360992 0.47543022 0.7707782 0.27946758 0.12842226 0.13117677 0.021729326 0.011318706 0.07146974 0.33023688 0.01336217 0.0042806724 0.18236144 0.0042850836 0.0025171854 0.11956693 0.19252321 0.0008244423 6.899318e-05 0.038270466 4.811239e-05 0.07646575 0.007715832 0.00021146792 0.00077369425 0.076111294 0.11003347 0.0036556125 3.8218983e-05 0.006464069 0.0027168095 1.6330683e-05 8.855238e-06 0.04666849 0.0018342268 0.00022734673 0.0001638234 0.00017410993 0.0034611071 2.409164e-08 0.0021042805 0.014183441 1.2849517e-07 0.027227035 1.1939194e-07 0.00046826608 7.317941e-09 0.0015433393 0.00021261389 3.113667e-06 3.522864e-06 0.012579838 0.00011951596 2.5812452e-07 0.0012676332 3.8918206e-06 6.491927e-08 4.0051866e-08 2.1732294e-08 9.796924e-05 3.6318417e-07 1.10367594e-07 0.0005242404 0.013322464 0.006658651 0.00097611785 6.223952e-08 3.463008e-08 2.6724874e-07 5.998417e-07 0.0004348757 2.629459e-05 1.2568767e-08 0.0020802857 8.542749e-05 6.971972e-08 3.1330877e-08 2.7733702e-06 8.9656205e-06 4.3240965e-05 0.022364346 9.5352824e-08 0.0017418159 4.041428e-07 1.835534e-05 2.1095627e-08 0.00010400069 4.6223585e-07 0.0034274242 1.982391e-05 1.1073829e-07 7.1925825e-09
0.12667732 0.28732076 0.9810453 0.13254268 0.00960139 7.6643883e-19 0.37841994 0.0010273235 0.98974466 0.00011535124 0.07965021 0.00082428777 2.818056e-05 0.0073381388 3.0168583e-05 1.8872724e-06 4.264985e-07 0.017919764 2.3843631e-05 3.932757e-06 0.4783801 5.6453428e-06 5.6009327e-07 0.05549036 6.800754e-05 0.0023385268 8.2194575e-08 2.4799611e-08 1.2430982e-05 2.7408067e-09 1.5753682e-05 0.03875549 6.479322e-08 1.1208767e-07 0.010003385 8.147988e-05 2.9295754e-06 4.3325e-07 2.2167776e-06 1.6633452e-06 2.293235e-08 1.402033e-07 8.833561e-06 2.9421187e-06 2.3015222e-07 6.916885e-08 2.8316174e-07 0.008587188 3.9423927e-08 5.7293767e-07 0.0023572443 3.48775e-10 0.00076764874 6.7646075e-09 8.484206e-06 6.982601e-09 0.0020379745 1.4842515e-06 2.0344827e-07 3.8330965e-09 0.0015456268 3.7172274e-05 9.11245e-09 0.0024365962 1.8329335e-06 7.3127964e-08 1.7494594e-08 1.1490053e-08 4.015335e-05 8.566532e-08 1.5813795e-08 3.917546e-07 0.00014569337 2.9452925e-05 0.0029685243 6.5245964e-09 1.3119144e-09 1.4066172e-09 8.087917e-09 3.243256e-07 7.440189e-09 9.116479e-10 3.1435632e-06 1.9020365e-06 4.4915204e-08 1.1093543e-09 6.9297304e-05 1.4470295e-05 7.482902e-08 0.0043582604 2.8251836e-09 6.321384e-05 2.6627e-09 2.263482e-07 1.0550877e-10 3.2824055e-06 7.7630936e-08 1.0665952e-05 2.5351824e-07 7.722941e-11 6.811742e-11
0.83021617 0.5374472 0.7258727 0.95196813 0.68468773 0.37841994 7.0158735e-19 0.38467854 0.65208864 0.026794381 0.9641303 0.53185016 0.0039936346 0.013924618 0.00070966483 0.00056544173 0.000118291304 0.009155182 0.23920903 0.0003382419 0.06916352 0.013702227 1.1397589e-05 0.026367998 0.0006055313 0.38925627 1.4366452e-05 9.4547966e-07 0.0108919535 1.3839561e-06 0.036054928 0.029305302 0.00012876207 5.097548e-07 0.24495119 0.08644006 0.0010311207 1.5686115e-05 0.0024184324 2.3198377e-06 8.317925e-06 2.8725096e-06 0.02653985 5.3757744e-06 6.843916e-05 0.00018046612 6.1195287e-06 0.018487928 2.9047708e-08 0.00032747266 0.04955467 2.5101324e-08 0.042486615 2.0592648e-08 3.8685684e-07 1.9399243e-08 0.0047536246 2.702019e-06 9.79714e-07 1.4566002e-06 0.028636172 1.0791314e-06 8.569508e-08 0.00455841 2.2091717e-06 1.7871598e-07 1.1449259e-07 5.500447e-09 3.8213988e-05 4.0660464e-07 1.3470458e-07 8.772172e-05 0.006628148 0.0018528957 0.0030977163 6.320542e-08 3.5349757e-08 1.3497906e-06 4.545785e-07 0.00013367944 2.7495988e-05 1.871531e-07 0.0016563922 0.0007211668 9.68328e-08 2.496815e-08 3.4275155e-05 1.2189592e-05 2.1550892e-05 0.018355642 1.3025775e-06 0.0027232738 1.7021117e-08 9.660945e-07 2.050575e-08 4.9431972e-05 6.9008433e-07 0.002222737 3.779433e-05 5.2188582e-08 6.204141e-10
0.85345745 0.81231797 0.09863221 0.60146904 0.9451202 0.0010273235 0.38467854 4.449622e-18 0.00052890787 0.9485004 0.050067145 0.3882028 0.79068655 0.30427745 0.64042443 0.13246235 0.10718327 0.17559929 0.060381822 0.08829944 0.0013783663 0.10034238 0.114625916 0.00047411764 0.43348265 0.02655217 0.006593133 0.0067559537 0.024555825 0.0010990383 0.022356328 0.0011486313 0.0032315862 0.024172828 0.005675822 0.013845451 0.0039533097 0.0005682918 0.0031529446 0.04484037 0.00015184602 0.000105156294 0.004209651 0.03630773 0.00022830989 0.00012864423 0.012754858 0.0013656814 1.9923107e-07 0.027013874 0.002465299 3.9570963e-07 0.0041226028 4.0767165e-05 0.009934776 2.3968303e-08 0.0006862351 0.00502352 0.0010072531 3.1518211e-06 0.002098514 0.00029275563 6.39904e-07 0.00070567935 0.00036669653 1.2032456e-07 3.32162e-08 7.783733e-08 0.0015925602 2.576855e-07 1.7115862e-07 0.00022163951 0.0014274296 0.0012128374 0.00050793943 4.896673e-08 1.4072593e-08 6.2642044e-07 2.6091693e-06 0.00016821324 6.1730916e-06 3.0953817e-08 0.0008307516 0.0012499904 5.781504e-07 5.3291956e-08 1.2696112e-05 2.0554928e-05 4.3125405e-05 0.008722146 2.6954032e-07 0.0005131036 3.172863e-08 1.104746e-05 2.6511017e-08 0.00010542953 2.652579e-06 0.00092504453 6.151674e-05 4.7490678e-07 1.7683394e-09
0.26628417 0.07274952 0.38778618 0.1553697 0.011768942 0.98974466 0.65208864 0.00052890787 1.9365474e-17 7.288467e-05 0.49470067 0.006894849 0.00024704039 0.001021611 1.9229463e-05 1.8947141e-05 6.62548e-07 0.0034221655 0.00057861593 1.0549163e-05 0.92397726 0.00013590197 3.3542344e-07 0.24614945 7.950974e-06 0.087578624 1.1254028e-06 2.0896076e-08 0.0006596532 5.2559765e-09 0.0010850849 0.13141082 6.2993877e-07 7.452492e-08 0.124417864 0.0064688637 0.00016485891 9.9586705e-06 0.0003672768 2.3220932e-06 2.1934402e-07 6.988051e-07 0.00013085315 5.148464e-06 4.4750213e-06 1.9007344e-06 1.3969499e-06 0.045037046 1.630667e-07 6.97414e-06 0.017427448 7.2530884e-09 0.0064203534 7.1682726e-09 2.990372e-06 4.0936495e-08 0.011740036 7.9669326e-07 1.079677e-06 4.6365987e-08 0.009694615 1.2854802e-05 3.2107152e-07 0.008570885 8.842098e-06 1.5135856e-07 3.145982e-07 1.2956166e-07 0.00014347251 2.9093576e-07 2.4932731e-07 4.2119477e-06 0.002514967 0.0004040477 0.007698992 3.2126476e-07 1.0466508e-07 8.6326175e-08 3.087557e-08 1.6103204e-05 1.0051879e-06 8.0833225e-09 5.983097e-06 9.4115785e-05 2.8780855e-07 4.529423e-09 5.504774e-06 1.7705079e-05 7.1097056e-06 0.013616292 1.9194155e-07 0.00019306445 9.908413e-08 3.472205e-06 2.5563116e-09 9.236609e-06 1.112198e-06 6.2529594e-05 2.9461253e-06 1.279941e-09 1.1943156e-09
0.837958 0.64958537 0.005965025 0.16638935 0.4360992 0.00011535124 0.026794381 0.9485004 7.288467e-05 4.8862456e-18 0.007634457 0.07415171 0.5869603 0.73321295 0.94236034 0.12757078 0.104030155 0.29452747 0.012032104 0.20451057 0.00036839812 0.03271744 0.21235824 5.944902e-05 0.8895005 0.0015786402 0.0042260843 0.016384412 0.006304076 0.0023715503 0.0029558602 0.00017163143 0.001612705 0.08388929 0.00053976825 0.0008706447 0.00073869905 0.0012023952 0.0007132732 0.3097384 0.00021908784 0.00032469688 0.00036481975 0.18566632 0.000118012314 3.594106e-05 0.06772694 0.0004063422 7.441083e-07 0.1107494 0.0004411108 1.2704597e-06 0.0006525366 0.00070146326 0.16536553 4.6286107e-08 9.787381e-05 0.06595833 0.0069516934 8.542857e-06 0.0005414263 0.0038939163 8.788706e-06 0.00015445128 0.0032330179 1.0861838e-07 1.02037724e-07 2.5679375e-07 0.034911625 1.4463637e-06 5.981028e-07 6.980305e-05 0.0003559891 0.00049315667 0.00026637028 1.12243214e-07 2.4334097e-08 5.306724e-06 4.470841e-06 3.7865833e-05 1.9344006e-06 8.795463e-08 0.00021248253 0.012668894 4.507262e-07 1.2377524e-07 0.00027249806 0.0001818151 6.422582e-06 0.0043749176 9.479987e-07 9.195691e-05 2.6365585e-08 3.1989268e-05 7.512146e-08 0.0013194003 1.6966453e-06 0.00032558336 0.00086211174 4.4555726e-08 3.7717487e-09
0.90158993 0.12832054 0.25339448 0.62571746 0.47543022 0.07965021 0.9641303 0.050067145 0.49470067 0.007634457 4.231185e-15 0.5204518 0.008936141 0.005257384 0.0012419039 0.0005219702 0.00010824751 0.0051752096 0.4564074 0.00031937985 0.07481605 0.046291184 1.3562881e-05 0.082394816 0.00015972761 0.9600276 0.00023134949 3.3918268e-06 0.03617001 8.013556e-06 0.2098103 0.08715405 0.00018241812 4.0182827e-06 0.54411703 0.29031682 0.0029370042 3.4116078e-05 0.0065720677 6.353098e-06 2.4991461e-05 1.3728345e-05 0.17525466 6.9343478e-06 0.0003285879 0.0004923812 2.327098e-05 0.056814063 4.968013e-07 7.578257e-05 0.16774952 3.1520483e-07 0.17521754 1.3331284e-07 1.9364263e-05 1.5157394e-07 0.018082421 6.954093e-05 1.9350085e-05 4.443793e-06 0.11029533 7.8306775e-06 1.00610904e-07 0.01817659 2.1119939e-05 1.1561667e-06 2.8901547e-07 2.4855885e-07 0.00014523847 4.4409566e-07 2.211734e-07 0.0005551032 0.08911054 0.02350672 0.018025527 2.782246e-07 5.1728353e-08 6.856819e-07 4.1219357e-07 0.00065023627 3.63813e-05 4.3087066e-08 0.0103121605 0.000885583 1.6694017e-06 2.1037516e-07 6.618723e-05 9.793613e-06 5.7027308e-05 0.0951658 1.1318457e-06 0.01633835 6.939414e-08 2.6112739e-05 1.5844506e-07 3.498502e-05 3.572732e-06 0.0128019815 6.8805e-05 6.247964e-07 2.0960025e-08
0.84964275 0.028056672 0.12487418 0.6229303 0.7707782 0.00082428777 0.53185016 0.3882028 0.006894849 0.07415171 0.5204518 5.076917e-19 0.5962897 0.010389284 0.043096364 0.07194261 0.05552016 0.0013666137 0.99055976 0.026531843 0.0017972057 0.82558835 0.011730059 0.0055398075 0.020078113 0.25520536 0.1242528 0.0035881184 0.29039904 0.0012873585 0.24674925 0.006851548 0.043624908 0.001358704 0.030648647 0.07500681 0.055094562 0.0047921804 0.035028744 0.0009526699 0.0012112757 0.00020940286 0.06574528 0.0005873669 0.009084581 0.0076832264 0.0002982901 0.0030180668 2.728733e-06 0.0002470505 0.00546768 1.6149974e-05 0.031637087 1.4669882e-05 0.00016106437 5.4739377e-07 0.0011022434 0.00081147207 1.0625333e-05 0.00011722578 0.009449538 1.1516114e-05 3.0214433e-06 0.00062584213 5.3506715e-06 1.5628142e-06 6.792431e-07 2.6939733e-06 0.00046981985 2.974875e-06 1.1190638e-06 0.0035669582 0.025129149 0.028579446 0.0014820591 3.247591e-06 3.2386617e-06 5.604945e-07 1.3112235e-06 0.0041349963 0.0002509738 1.3319122e-07 0.015354696 0.00014491336 5.1711686e-06 1.7829711e-08 9.497937e-06 4.1054438e-05 0.00043043785 0.013362056 4.2617486e-07 0.0029061371 1.3391127e-06 4.028991e-05 4.8032933e-07 3.2077616e-05 5.031359e-06 0.0034259064 3.2917221e-06 1.2780444e-07 7.155054e-08
0.8713583 0.0025782897 0.00094121497 0.016828274 0.27946758 2.818056e-05 0.0039936346 0.79068655 0.00024704039 0.5869603 0.008936141 0.5962897 1.1788051e-15 0.016081743 0.6882617 0.9348986 0.9437977 0.0026624596 0.18526843 0.8031828 0.00026465373 0.66376966 0.5378998 0.00020648201 0.3186246 0.00783686 0.15077715 0.19661228 0.104639806 0.15937278 0.04712763 0.00026072716 0.06712552 0.12869363 0.0009308543 0.009627641 0.05645948 0.011751518 0.022226246 0.08297111 0.008023345 0.0010793183 0.013010103 0.03991247 0.032377362 0.0077990484 0.019372987 0.00057754834 0.00014732293 0.021820739 0.0010146284 0.00030210026 0.0031727937 0.0020846738 0.0015104106 1.206788e-06 0.00026312916 0.0012453202 0.0021574923 0.00026982726 0.0009056605 1.01678315e-05 1.0918522e-05 0.0003774374 0.00021773393 2.7052886e-06 6.484846e-07 5.0594394e-06 0.00027333302 1.0445768e-05 1.5482909e-06 0.0004374106 0.0023913134 0.0016837841 0.00024286921 6.738634e-07 6.906947e-07 3.7360687e-06 1.4495737e-05 0.0014541908 8.818397e-05 2.1837181e-07 0.0009864233 0.000114635455 1.2736859e-05 5.691142e-07 2.8884149e-06 4.137189e-05 0.0002535813 0.004671726 4.084359e-07 0.0003831975 9.1229714e-07 1.6784108e-05 2.8148165e-07 0.00012168761 4.255813e-06 0.0016194569 2.5608699e-05 1.410743e-07 3.3130842e-08
0.17105488 0.69765395 0.019227272 0.041456763 0.12842226 0.0073381388 0.013924618 0.30427745 0.001021611 0.73321295 0.005257384 0.010389284 0.016081743 3.0798698e-19 0.22288771 0.0031987731 0.0014162207 0.9973399 0.0012816256 0.0034438523 0.001820051 0.0010619194 0.0060009435 0.00035057112 0.7974063 0.00064781425 0.00029176785 0.00012617238 0.0006853685 1.309296e-05 0.0004454609 0.0010248449 2.3818133e-05 0.0004253578 0.00069107587 0.00018761498 0.00027170166 0.000110320936 0.00025888253 0.04490111 2.1262129e-05 2.4179973e-05 7.3394162e-06 0.0038410819 1.3892211e-05 1.3378318e-05 0.001641685 0.0011151205 3.1049655e-07 0.02679843 0.0007479735 1.5907893e-06 0.0006542196 7.0938777e-06 0.26512226 6.967492e-08 0.00042116988 0.056964032 0.00031512926 6.3009924e-07 0.0008699915 0.05176671 5.4647415e-07 0.0009695997 0.00038628012 5.504887e-07 4.5775818e-07 5.7268767e-06 0.07157737 5.1551234e-07 5.994791e-07 1.64012e-05 0.00038589755 0.0003978116 0.0008935545 9.941793e-07 7.927937e-07 6.2992797e-07 1.0446878e-06 7.633059e-06 2.4013193e-06 5.8222435e-07 0.00019156768 0.008015093 8.01267e-06 2.6074677e-08 0.0007517425 0.00019556654 6.519161e-07 0.005925077 3.5786923e-06 5.715008e-05 1.496574e-07 0.00010008719 5.5186325e-07 0.00034560158 4.048198e-05 5.4673743e-05 0.00020107086 5.349207e-08 3.940806e-08
0.78176105 0.015176438 0.0003385735 0.00534728 0.13117677 3.0168583e-05 0.00070966483 0.64042443 1.9229463e-05 0.94236034 0.0012419039 0.043096364 0.6882617 0.22288771 3.771897e-18 0.38364053 0.40194923 0.039948665 0.008823428 0.7366782 0.000106037056 0.049614288 0.8935622 1.3757166e-05 0.92520577 0.0007094602 0.02367905 0.14692536 0.005075978 0.074254975 0.0026083048 3.1475007e-05 0.009426649 0.21264549 0.00016370704 0.00067768904 0.0015367381 0.008931902 0.0015684268 0.56577677 0.0015481045 0.0025532653 0.0003758917 0.24997807 0.00069714204 0.0002172281 0.12612098 5.263752e-05 9.2917886e-05 0.14282095 0.00040005817 0.000125956 0.00030519033 0.014347567 0.22933528 9.544554e-06 6.597253e-05 0.10370711 0.05037351 0.00014590667 0.00029913048 0.0014837668 3.826249e-05 9.487748e-05 0.022242378 1.7155975e-06 2.2609468e-07 5.33542e-06 0.06318772 3.453744e-06 2.759698e-06 0.0004180021 0.00025280425 0.00035470948 0.00011382877 6.553445e-07 1.8837794e-07 1.7042388e-05 0.00012090332 0.00029445498 1.8226901e-05 9.043077e-08 0.00023068348 0.026392208 3.6748052e-06 6.964619e-07 0.00018026453 0.00031754875 4.802561e-05 0.0033264372 2.178758e-06 0.000114672526 6.892034e-08 0.00039765204 1.0367305e-07 0.0013557211 2.587443e-06 0.00026436616 0.002207649 1.0024675e-07 3.104493e-08
0.41984123 0.00018078773 0.000116879724 0.0009604445 0.021729326 1.8872724e-06 0.00056544173 0.13246235 1.8947141e-05 0.12757078 0.0005219702 0.07194261 0.9348986 0.0031987731 0.38364053 5.257216e-18 0.9833159 0.00040146097 0.02465356 0.7407874 1.2312571e-05 0.3251041 0.44542444 1.9708186e-05 0.10523834 0.0008102877 0.24733992 0.3268504 0.030153053 0.5949216 0.008770822 1.8093513e-05 0.10784927 0.06777418 7.190691e-05 0.0014532328 0.02851134 0.03712339 0.009446624 0.02834 0.010575908 0.004136763 0.002433169 0.020801349 0.020911109 0.005839201 0.007192478 4.6141708e-05 0.0005900025 0.009057785 0.0002925184 0.0016376576 0.00035699236 0.002680817 0.00044351944 4.8896014e-05 5.592558e-05 0.0010384307 0.001298995 0.0026822858 0.0002030851 2.1977676e-06 0.00013739958 2.026118e-05 6.227744e-05 3.1263262e-05 7.966686e-06 8.0511185e-05 0.00016140527 5.3586613e-05 1.750784e-05 0.0012822393 0.00076448213 0.00055770355 4.78036e-06 9.339286e-06 4.7224305e-05 4.3802925e-06 4.663737e-05 0.0014997531 0.0010263291 2.3816813e-07 0.0013744211 0.00024665572 8.021107e-05 2.771087e-07 9.4289715e-07 2.2277738e-05 0.0009954028 0.001626504 2.1291826e-06 4.7119265e-05 6.0445727e-06 2.2434166e-05 6.737798e-07 8.9154564e-05 7.556772e-05 0.000632199 1.5558688e-05 3.548673e-06 4.3943416e-08
0.63746613 0.00012352037 2.4713285e-05 0.00034350093 0.011318706 4.264985e-07 0.000118291304 0.10718327 6.62548e-07 0.104030155 0.00010824751 0.05552016 0.9437977 0.0014162207 0.40194923 0.9833159 6.1014496e-20 0.00016007759 0.027441854 0.8322025 2.9622095e-06 0.5220675 0.5279987 2.303425e-06 0.07269423 0.0013859314 0.32651022 0.347631 0.044204026 0.658962 0.015621803 3.5981338e-06 0.142014 0.06650635 6.183765e-05 0.00248316 0.040585335 0.040173687 0.015680226 0.023332179 0.012227275 0.006367711 0.0042192047 0.013701913 0.037146304 0.012551843 0.006708002 3.3952878e-05 0.00039826933 0.0048755375 0.0002257516 0.0013086407 0.000299557 0.0016228892 0.00039664382 2.9148066e-05 2.2327678e-05 0.0016117193 0.001223306 0.0076925587 0.00016954436 1.3967207e-06 0.0001222231 2.8124043e-05 7.39056e-05 4.2529264e-05 4.2666234e-06 4.8271042e-05 0.00018666268 1.3486139e-05 6.149406e-06 0.003706942 0.001152058 0.001733912 3.6311508e-06 1.3324166e-05 1.5114509e-05 3.669545e-06 9.182235e-06 0.0028929927 0.0019564396 5.7086645e-08 0.0022594007 8.608116e-05 8.987626e-05 2.8391074e-07 1.411242e-07 9.5733885e-06 0.0010980892 0.0021516958 1.8021295e-06 9.1685186e-05 1.2056257e-05 8.300728e-06 2.8479832e-07 3.2742504e-05 0.00019626868 0.001345928 9.536275e-06 3.899888e-05 8.201213e-08
0.16254054 0.92009515 0.02109441 0.026167076 0.07146974 0.017919764 0.009155182 0.17559929 0.0034221655 0.29452747 0.0051752096 0.0013666137 0.0026624596 0.9973399 0.039948665 0.00040146097 0.00016007759 1.3095953e-15 7.5572476e-05 0.00028350236 0.0024587612 0.00028438162 0.0007935846 0.00033057373 0.4555783 0.00021927012 2.001847e-05 1.8605185e-06 0.00019757086 4.458627e-07 6.986486e-05 0.0010265935 5.895238e-06 1.4758427e-05 0.0006775478 1.9689774e-05 0.00010501949 8.319881e-05 8.959599e-05 0.024251007 1.0161966e-05 2.2579003e-05 2.4319784e-06 0.0018713449 5.9564354e-06 9.530284e-06 0.0002473945 0.0016209665 5.3104753e-08 0.011064203 0.0012131908 4.2871002e-07 0.0003775209 2.4858656e-07 0.42014915 6.364407e-08 0.0004739144 0.12158612 1.4132113e-05 4.7239823e-08 0.0024578634 0.4372556 1.5596213e-07 0.004173212 4.5246266e-05 1.8504162e-06 9.1392917e-07 5.0696112e-06 0.111505814 1.4486443e-06 7.817981e-07 1.179817e-06 2.9599405e-05 0.00015833958 0.0033973707 2.1359754e-06 8.4810057e-07 2.713548e-07 3.262933e-08 1.8484268e-06 2.3530956e-06 1.6833833e-07 7.872812e-06 0.0029780064 7.3473643e-06 3.6034031e-09 0.0020639028 0.00066859805 2.0197892e-06 0.014562504 1.2140523e-06 7.638513e-06 2.5882656e-09 6.7748533e-07 8.568441e-07 0.0007355343 8.160714e-06 1.1662919e-06 3.500805e-05 4.9047117e-08 3.0673267e-10
0.9046633 0.0006572015 0.008646305 0.15942825 0.33023688 2.3843631e-05 0.23920903 0.060381822 0.00057861593 0.012032104 0.4564074 0.99055976 0.18526843 0.0012816256 0.008823428 0.02465356 0.027441854 7.5572476e-05 8.9831715e-18 0.00966867 0.00080178597 0.87624913 0.0031443054 0.002149571 0.0017188155 0.4553939 0.1833842 0.0020232722 0.61150694 0.0020727448 0.6892673 0.0058322805 0.06434008 0.0006465847 0.042528618 0.19000754 0.17609808 0.016754052 0.16910273 7.6627766e-05 0.0037791338 0.0005966323 0.23489222 0.000109968525 0.02827977 0.037355147 4.7548965e-05 0.002975308 6.0794214e-06 4.195469e-05 0.018518336 6.602785e-05 0.11554537 3.2300927e-06 7.0238835e-05 6.0086364e-07 0.0014655933 0.00019013057 3.7503373e-06 0.0008348844 0.024215283 1.0496682e-06 1.1528075e-06 0.0013433895 2.7444728e-06 7.1793197e-06 4.089118e-07 5.324076e-06 8.5053216e-05 1.1872698e-06 1.224159e-06 0.011547844 0.06275899 0.093076296 0.0023120558 1.4009523e-06 9.0368485e-07 2.2728632e-07 2.4901507e-07 0.013224904 0.0010768106 8.513319e-08 0.035368964 9.248054e-05 1.2606095e-05 6.7277557e-09 1.0153775e-06 5.4760235e-06 0.0032385818 0.021836432 5.444973e-07 0.0067089517 1.2664115e-07 6.6609045e-06 8.678183e-08 3.9793562e-05 2.7402778e-06 0.019719746 1.792088e-06 3.4235393e-07 3.4881242e-09
0.80540484 0.0001593664 0.0001076302 0.0005282087 0.01336217 3.932757e-06 0.0003382419 0.08829944 1.0549163e-05 0.20451057 0.00031937985 0.026531843 0.8031828 0.0034438523 0.7366782 0.7407874 0.8322025 0.00028350236 0.00966867 1.2492515e-17 1.9246507e-05 0.18968603 0.96962345 6.9757966e-06 0.31602558 0.0007236573 0.23550464 0.6924422 0.022346715 0.514511 0.006200948 7.38054e-06 0.1067226 0.2600044 3.84383e-05 0.00065413944 0.018573323 0.037812293 0.0071597234 0.122996636 0.0153185995 0.0048606787 0.0010656853 0.083239116 0.016663624 0.0029855107 0.039662458 2.5168913e-05 0.0003455419 0.032893922 0.0002011046 0.0012462267 0.0003300319 0.009094325 0.0028115811 2.752495e-05 2.8714212e-05 0.0045344806 0.009501036 0.001561469 0.00015350047 3.317764e-06 0.000107552005 1.2907156e-05 0.0016143429 5.8614485e-05 6.4644473e-06 9.561905e-05 0.0005502518 3.8288556e-05 8.05875e-06 0.0012597191 0.0003379248 0.0005420403 5.1277757e-06 3.75194e-06 9.653222e-06 1.1198501e-05 7.647547e-05 0.0010670049 0.0004425002 1.5996382e-07 0.0004741988 0.0015506725 6.142276e-05 3.8616534e-07 7.8546594e-07 1.0674786e-05 0.00041518154 0.002410825 1.7771026e-06 7.17261e-05 3.170316e-06 2.4024795e-05 5.6787326e-07 6.948756e-05 3.939076e-05 0.00046590634 3.6840287e-05 3.8588064e-06 3.3402923e-08
0.86191416 0.0763152 0.15896519 0.035206158 0.0042806724 0.4783801 0.06916352 0.0013783663 0.92397726 0.00036839812 0.07481605 0.0017972057 0.00026465373 0.001820051 0.000106037056 1.2312571e-05 2.9622095e-06 0.0024587612 0.00080178597 1.9246507e-05 1.8770826e-15 5.6312147e-05 2.389413e-06 0.9875932 7.922908e-06 0.029898997 2.3653847e-06 4.882835e-07 0.00038177383 6.593648e-07 0.0010696998 0.8789507 1.2143685e-06 2.0939767e-06 0.11157836 0.005669047 0.0001720093 9.471561e-06 0.00036619118 1.981957e-06 1.2025993e-06 1.0145219e-06 0.0013358259 1.4433531e-06 7.5040844e-06 9.504424e-06 3.0523265e-07 0.4211386 3.4098215e-07 4.7716876e-06 0.03204368 6.2217413e-09 0.009531374 2.800978e-07 3.569253e-05 1.0031888e-07 0.15792154 4.231198e-05 7.31469e-07 8.049878e-08 0.025596654 0.00095461024 5.669306e-07 0.12531649 3.717747e-06 1.3987043e-06 5.88362e-07 3.263691e-07 0.0004033095 1.2332133e-06 5.100106e-07 2.3104818e-05 0.006344201 0.001992062 0.08388722 6.554533e-07 1.990529e-07 5.973515e-07 1.9277421e-07 2.1720953e-05 1.5329535e-08 4.851702e-09 0.00020557093 0.0001501232 9.947399e-07 1.9771974e-08 0.00034522623 9.468693e-05 5.656455e-08 0.04652897 4.3323e-08 0.0054157632 4.274344e-08 1.2516508e-06 1.6783633e-10 5.2880343e-05 2.0690689e-07 0.00037921505 2.4631931e-06 1.3301489e-09 7.4482065e-10
0.8956041 0.0011475207 0.0010814563 0.022125723 0.18236144 5.6453428e-06 0.013702227 0.10034238 0.00013590197 0.03271744 0.046291184 0.82558835 0.66376966 0.0010619194 0.049614288 0.3251041 0.5220675 0.00028438162 0.87624913 0.18968603 5.6312147e-05 1.8377296e-17 0.048123673 0.00019853242 0.018183403 0.057314467 0.91233975 0.026487557 0.903951 0.05337 0.41559777 0.00024036795 0.76305014 0.00971312 0.0024438477 0.02902075 0.54176617 0.32670566 0.21293476 0.0018457749 0.120058484 0.027233459 0.08756176 0.0018572521 0.19190077 0.17389569 0.0005413643 0.00043073925 0.0009365612 0.0006747071 0.0019012169 0.0049456377 0.01634612 4.8768416e-05 0.0010321813 0.0001540698 0.00052049116 0.00059694506 2.3688312e-05 0.047362123 0.0026917432 8.024576e-06 5.5732202e-05 0.00028827818 4.0754647e-05 6.0613333e-05 4.9680417e-05 0.00018977278 0.00087800686 0.0001564019 2.8192468e-05 0.041436195 0.029082196 0.04593759 0.00059112324 1.7151793e-05 0.00015386585 2.2944362e-06 6.1904205e-07 0.028896648 0.0048433384 1.1145021e-06 0.03455165 0.0008230004 0.0002960916 9.759185e-09 3.0829463e-06 1.5615458e-05 0.011541248 0.005974078 7.700155e-06 0.0012967342 1.3446487e-06 2.0513411e-05 4.268624e-05 0.000104440594 0.00024815372 0.013152783 4.528808e-06 9.3303925e-06 4.987017e-08
0.5162373 5.798173e-05 7.1294303e-06 5.464163e-05 0.0042850836 5.6009327e-07 1.1397589e-05 0.114625916 3.3542344e-07 0.21235824 1.3562881e-05 0.011730059 0.5378998 0.0060009435 0.8935622 0.44542444 0.5279987 0.0007935846 0.0031443054 0.96962345 2.389413e-06 0.048123673 1.06898883e-19 5.280052e-07 0.43868104 4.8058417e-05 0.08775509 0.89291096 0.0034007388 0.3715058 0.0007390556 5.7686157e-07 0.046172064 0.86525774 6.280017e-06 4.0394552e-05 0.0022987914 0.031746343 0.0010853752 0.29413998 0.011516632 0.023645101 8.078136e-05 0.28569216 0.0023922087 0.00041189283 0.29098368 3.7823552e-06 0.002697632 0.07036866 2.2510974e-05 0.0021591317 1.808744e-05 0.11560092 0.007930869 0.00010416626 5.3995377e-06 0.016431082 0.040656853 0.0006908904 2.801448e-05 1.27696385e-05 0.0005482877 2.5651301e-05 0.009122208 1.712316e-05 8.824445e-07 2.8765271e-05 0.0030886058 1.2671459e-05 8.209447e-06 0.00040864828 4.192469e-05 0.00011647781 4.7548892e-06 8.606146e-07 1.14822e-06 1.5462569e-05 0.00033943992 0.0003142964 0.00018635693 1.203684e-07 0.00013991233 0.0123082 6.3679625e-05 1.0281415e-06 3.3680253e-06 4.18547e-05 0.00020969345 0.0012626286 2.9519665e-06 1.1499366e-05 1.2064876e-06 9.191614e-05 2.756393e-07 0.00057047734 4.0616014e-05 0.00014612557 0.00032674923 4.165077e-06 4.3823306e-08
0.5610862 0.012314858 0.02081776 0.014162512 0.0025171854 0.05549036 0.026367998 0.00047411764 0.24614945 5.944902e-05 0.082394816 0.0055398075 0.00020648201 0.00035057112 1.3757166e-05 1.9708186e-05 2.303425e-06 0.00033057373 0.002149571 6.9757966e-06 0.9875932 0.00019853242 5.280052e-07 8.339801e-17 9.249439e-07 0.16911632 8.06101e-06 3.5820523e-08 0.0016389677 2.9152778e-08 0.00683239 0.98496765 8.91984e-06 1.287108e-07 0.70038176 0.0633209 0.000924403 2.59739e-05 0.001921413 3.8839946e-07 4.40086e-06 2.0839022e-06 0.004339551 1.0218009e-07 4.8210404e-05 8.5307e-05 1.3967501e-06 0.67434037 7.469669e-08 2.5592794e-06 0.2119283 1.2595044e-08 0.042168163 4.166213e-08 1.1380195e-06 4.7716146e-08 0.17973962 5.2359183e-06 4.9896835e-07 2.764102e-08 0.05346628 1.4955838e-05 5.641314e-07 0.07796596 2.4377195e-07 4.315523e-07 1.3373419e-07 3.418825e-07 0.00023038447 5.1236765e-07 1.706527e-07 3.7710586e-05 0.03345988 0.0016978651 0.03774517 4.437011e-07 5.7993372e-08 4.5462943e-06 1.4870022e-07 0.00017068682 1.1212048e-09 1.00001174e-07 0.00013333121 0.0004329568 5.987095e-07 1.2353719e-08 6.3247004e-05 2.8305698e-05 1.8527744e-07 0.07132911 6.977313e-06 0.009348234 1.5931775e-08 1.149395e-05 5.992965e-08 0.00010763778 1.027558e-06 0.0005169753 8.642788e-05 1.1503122e-08 3.573682e-10
0.2093912 0.074523956 0.0007069501 0.009761747 0.11956693 6.800754e-05 0.0006055313 0.43348265 7.950974e-06 0.8895005 0.00015972761 0.020078113 0.3186246 0.7974063 0.92520577 0.10523834 0.07269423 0.4555783 0.0017188155 0.31602558 7.922908e-06 0.018183403 0.43868104 9.249439e-07 1.7386927e-18 0.00015154453 0.007861143 0.049844716 0.0014218136 0.008334188 0.00027808733 9.659415e-07 0.00089649076 0.067500494 0.000365854 9.750145e-05 0.0006231541 0.0018511296 0.00051434705 0.91717935 0.00027481295 0.00036917962 7.074755e-05 0.5454656 8.147499e-05 4.2255848e-05 0.14588575 5.1904695e-05 1.4062061e-06 0.6168962 0.0006675509 8.774452e-06 0.0008943358 0.002597289 0.83939177 5.9019965e-07 9.167234e-05 0.6990158 0.018812802 3.737935e-05 0.00070825045 0.12614927 2.0545745e-06 0.00025896993 0.014563595 1.2887299e-06 1.144498e-07 2.9797645e-06 0.3811644 5.8980635e-07 4.563246e-07 0.00020354736 0.00038255393 0.00055151264 0.00025098 6.004827e-07 4.6414763e-07 2.7376996e-06 3.6718207e-06 1.4221196e-05 6.434589e-07 2.0703084e-07 0.00036937895 0.1228617 6.928355e-07 9.237947e-08 0.0032596786 0.0018576728 1.1449298e-06 0.004440781 1.4197554e-06 0.00012994645 5.001055e-09 0.00097575854 8.063589e-07 0.0039987317 2.8651527e-06 6.882652e-05 0.0038722658 3.114522e-08 5.2727747e-09
0.94756186 0.008441983 0.06798206 0.27817988 0.19252321 0.0023385268 0.38925627 0.02655217 0.087578624 0.0015786402 0.9600276 0.25520536 0.00783686 0.00064781425 0.0007094602 0.0008102877 0.0013859314 0.00021927012 0.4553939 0.0007236573 0.029898997 0.057314467 4.8058417e-05 0.16911632 0.00015154453 6.289211e-17 0.00079845416 2.5878637e-05 0.18603171 0.00015116823 0.6788586 0.2431264 0.00032356332 4.1934087e-05 0.72784233 0.94004244 0.02279941 0.00018031936 0.03856844 3.5436326e-05 0.000103316306 5.519949e-05 0.39158234 6.008253e-05 0.0025661385 0.0046261866 2.8070266e-05 0.113484435 9.948681e-07 3.6041904e-05 0.25748375 1.1561116e-06 0.3842357 1.8217281e-06 0.0005768377 3.4504896e-07 0.048702884 0.0005915369 7.779478e-05 2.5527233e-05 0.10113388 3.467164e-05 7.853214e-07 0.008562369 0.00010933627 1.9805889e-06 5.718061e-07 3.999322e-07 0.0011253916 5.3303347e-06 9.2769665e-07 0.001794552 0.13752145 0.11710622 0.017608376 1.3748648e-06 5.689639e-07 1.3672313e-06 4.499843e-06 0.004116973 1.4024557e-05 1.15069255e-07 0.010578355 0.0006983042 5.722504e-06 1.7107385e-06 1.4257168e-05 3.1540843e-05 5.9146525e-05 0.08583273 6.040133e-07 0.043760642 3.4615502e-07 0.000338823 4.907625e-07 8.629363e-05 5.723847e-06 0.015443448 3.060748e-05 3.496197e-07 2.4909514e-07
0.8189618 1.0222513e-05 3.0816955e-05 9.146371e-05 0.0008244423 8.2194575e-08 1.4366452e-05 0.006593133 1.1254028e-06 0.0042260843 0.00023134949 0.1242528 0.15077715 0.00029176785 0.02367905 0.24733992 0.32651022 2.001847e-05 0.1833842 0.23550464 2.3653847e-06 0.91233975 0.08775509 8.06101e-06 0.007861143 0.00079845416 3.9848986e-21 0.0804305 0.24035436 0.39946455 0.033063926 1.06021325e-05 0.9884386 0.01916888 4.4597542e-05 0.0040724576 0.45444873 0.3186053 0.056682102 0.002664221 0.2153128 0.028843047 0.023207983 0.0038673223 0.5367316 0.096355274 0.0014133676 3.4086224e-05 0.0012470768 0.0013862315 4.8440517e-05 0.04606725 0.0010164516 0.00028115636 0.00021517572 2.9571444e-05 2.5900414e-05 0.0003284162 3.0108109e-05 0.12715822 0.000118074466 4.5306937e-05 1.0680865e-05 1.01966725e-05 1.2794041e-05 1.6344504e-05 1.7571309e-06 3.2923297e-05 0.00024607094 9.243218e-06 1.359184e-06 0.01752376 0.0048172106 0.012542091 5.8477857e-05 1.5875142e-06 8.271498e-06 2.3843745e-07 2.044013e-06 0.022214971 0.0016362706 8.5535206e-08 0.017368289 4.7077803e-05 1.3509336e-05 1.1180924e-07 4.888909e-06 2.8377623e-05 0.0033164609 0.0010726944 2.0767968e-07 0.00036763458 2.0753315e-07 4.743236e-06 2.8062877e-07 0.00014588523 1.8484233e-06 0.0046478203 3.4597308e-06 1.2255519e-07 4.717551e-09
0.9008708 5.936629e-07 4.735148e-07 4.541965e-06 6.899318e-05 2.4799611e-08 9.4547966e-07 0.0067559537 2.0896076e-08 0.016384412 3.3918268e-06 0.0035881184 0.19661228 0.00012617238 0.14692536 0.3268504 0.347631 1.8605185e-06 0.0020232722 0.6924422 4.882835e-07 0.026487557 0.89291096 3.5820523e-08 0.049844716 2.5878637e-05 0.0804305 1.4121517e-17 0.004208148 0.95116353 0.0007181535 8.438902e-08 0.079752915 0.9590485 1.2388242e-06 2.3710321e-05 0.0047796676 0.15170354 0.0019451746 0.04874669 0.07401452 0.20516993 2.8319468e-05 0.16939202 0.010244819 0.0017929071 0.37677935 8.6427957e-07 0.6100507 0.046679884 6.458852e-06 0.044026844 5.947683e-06 0.47247073 0.00019401519 0.07884416 1.004311e-06 0.003621525 0.11580226 0.005747694 6.744597e-06 3.504516e-07 0.15899499 8.271261e-06 0.010458669 0.0010420014 0.0004104502 0.0034065752 0.00013388727 0.008621431 0.00072376255 0.0025852863 5.1275823e-05 0.00038049326 3.058055e-07 0.00026850603 0.00025691028 0.004031095 0.0019526613 0.0020682071 0.0032781528 2.9020563e-05 0.0002931563 0.0048668757 0.0009695318 9.0094836e-05 3.8366477e-07 4.8204543e-06 0.0023865632 0.0012971864 0.00013185115 1.16013125e-05 0.0002667961 0.00014409298 2.4286606e-05 7.834139e-05 0.00024833647 0.00028099073 0.00013319866 4.257906e-05 2.0074415e-06
0.913294 0.00048879534 0.0012195267 0.009815732 0.038270466 1.2430982e-05 0.0108919535 0.024555825 0.0006596532 0.006304076 0.03617001 0.29039904 0.104639806 0.0006853685 0.005075978 0.030153053 0.044204026 0.00019757086 0.61150694 0.022346715 0.00038177383 0.903951 0.0034007388 0.0016389677 0.0014218136 0.18603171 0.24035436 0.004208148 6.969892e-17 0.018847508 0.9571331 0.0011612095 0.15941976 0.0005477969 0.005828346 0.16824593 0.9313002 0.040065493 0.83908534 0.00010212305 0.01758257 0.0018205221 0.2412763 4.2839205e-05 0.2379015 0.32532418 5.953157e-05 0.0017833057 2.5858433e-05 0.00019309299 0.0027805895 0.0010325446 0.025425266 7.611368e-06 0.00071949884 3.728082e-06 0.0014763804 0.0005151089 1.8570041e-05 0.03097261 0.004520534 0.00017497115 2.4512385e-05 0.0009792035 5.275467e-05 2.5758405e-05 9.191434e-06 7.1341885e-05 0.0009787942 2.1765098e-05 1.2007445e-05 0.055611633 0.07143339 0.1081234 0.0016933664 4.6326745e-06 1.2101412e-05 2.4113297e-06 2.6405473e-06 0.043630328 0.0020348632 2.0561074e-06 0.1002343 0.0007312643 0.00016553729 3.0875262e-07 3.9993603e-05 4.077296e-05 0.0073399236 0.016539251 2.7881492e-06 0.008491054 1.1740544e-06 6.161884e-05 2.4130134e-06 0.0001237412 8.9356545e-05 0.0448077 3.8429138e-05 1.2739945e-05 1.2793394e-07
0.97276384 2.2105867e-07 4.1380216e-07 6.02866e-06 4.811239e-05 2.7408067e-09 1.3839561e-06 0.0010990383 5.2559765e-09 0.0023715503 8.013556e-06 0.0012873585 0.15937278 1.309296e-05 0.074254975 0.5949216 0.658962 4.458627e-07 0.0020727448 0.514511 6.593648e-07 0.05337 0.3715058 2.9152778e-08 0.008334188 0.00015116823 0.39946455 0.95116353 0.018847508 1.9845216e-17 0.0061512045 3.966432e-07 0.679921 0.3815396 3.223057e-05 0.0004792272 0.076586455 0.70062304 0.016510475 0.014447345 0.58820814 0.77699614 0.0012893766 0.08753923 0.18150848 0.051918972 0.100932844 1.3058281e-05 0.8612348 0.023875326 5.9595015e-05 0.50543875 0.00026251157 0.08168393 2.472696e-05 0.2014241 3.732244e-06 0.0006183335 0.021883171 0.27159378 0.00010067824 9.892037e-07 0.06732391 3.2062417e-05 0.0009995603 0.02050429 0.012510064 0.025457256 0.00010791962 0.006030737 0.0023272657 0.06938722 0.0010282606 0.0035468396 4.9441e-06 0.0026062808 0.003675859 0.0008096964 0.0002848368 0.050753888 0.061482683 5.192544e-05 0.0031425278 0.00044317674 0.0069324207 6.17285e-06 3.7054164e-07 1.00790585e-05 0.068984404 0.0013492958 0.0003830035 5.9569895e-05 9.096188e-05 3.152349e-05 9.893322e-05 6.9186164e-05 0.0015311412 0.0033441253 1.0477845e-05 0.00014338837 2.6099558e-06
0.95281035 0.0004383999 0.0027964658 0.028906308 0.07646575 1.5753682e-05 0.036054928 0.022356328 0.0010850849 0.0029558602 0.2098103 0.24674925 0.04712763 0.0004454609 0.0026083048 0.008770822 0.015621803 6.986486e-05 0.6892673 0.006200948 0.0010696998 0.41559777 0.0007390556 0.00683239 0.00027808733 0.6788586 0.033063926 0.0007181535 0.9571331 0.0061512045 2.8089886e-17 0.006834378 0.022677073 6.155482e-05 0.040896848 0.7004193 0.49626848 0.005089255 0.5970543 1.9175695e-05 0.0035521267 0.00085962296 0.7806934 6.8442528e-06 0.08596074 0.15888213 1.42625795e-05 0.00532234 2.2410677e-06 2.1127371e-05 0.014449563 0.00019233544 0.17428188 9.678438e-07 0.00023616997 5.731863e-07 0.0039547463 0.00013535791 3.4887216e-06 0.005118222 0.021501604 1.2956538e-05 4.2292595e-06 0.0017954052 1.3808824e-05 1.1690029e-05 3.1917427e-06 1.0070105e-05 0.0002363847 9.3303315e-06 6.0007596e-06 0.044435423 0.15494022 0.2726352 0.00872475 3.3371527e-06 1.0280296e-06 7.640483e-07 8.679329e-07 0.037755847 0.00078459416 4.8485805e-07 0.14799917 0.00027927585 5.869839e-05 5.2267378e-08 6.458901e-06 9.679635e-06 0.0048075793 0.033477016 2.9409657e-06 0.033230193 3.8001707e-07 4.8603448e-05 6.2285096e-07 8.863809e-05 1.9648507e-05 0.078405276 2.01648e-05 3.4771556e-06 5.4668657e-08
