1.2353424e-25 0.002492578 0.0044034016 0.0280289 0.05010069 0.35004538 0.69674945 0.0018819713 0.000112756316 0.0031298418 0.11728561 0.8704406 0.57292694 0.010548776 0.18946542 8.148004e-05 0.04836061 0.762941 6.259642e-05 0.94024014 0.5087254 0.0007253352 0.5010281 0.9262736 0.063845925 0.60163504 0.81307614 1.8463452e-05 0.7831175 0.944312 0.09772373 0.004122318 0.63584065 0.8332762 0.62560475 0.029364316 0.768493 0.88935226 0.00019321806 0.6295167 0.52417994 0.8641651 0.9008103 0.803782 0.6968146 0.2221016 0.61270446 0.8997435 0.020037767 0.0013842044 0.07278541 0.1567697 0.9454799 0.4394315 0.07577493 0.8808535 0.4457132 0.9266999 0.800262 0.90748364 0.22768229 0.87104696 0.004518931 0.40151334 0.21356966 0.47573173 1.7010092e-05 0.9247923 0.71145666 0.001195003 0.8479997 0.80397093 0.06939166 0.99743736 0.7417147 0.67529744 0.7836906 0.9460153 0.5590477 0.977651 0.89197886 0.65508944 1.910835e-05 0.9759339 0.99408376 0.98745215 0.99092144 0.0013886596 0.97569066 0.001542458 0.97927934 0.98856366 0.0028779171 0.9901107 0.99874645 0.9999308 0.99786395 0.99602866 0.99811035 0.99987566 0.00013191038
0.002492578 8.648033e-18 0.97416383 0.85292065 0.48757005 0.1403298 0.3844674 0.98657775 0.099250585 0.009824851 0.06206437 0.024578502 0.0074931895 0.03805256 0.0028412652 0.011927298 0.083702266 0.028461007 0.00742151 0.011396368 0.00060263387 0.0018879808 0.0045155487 0.017914783 0.00012266354 0.00025751197 0.0035086598 8.600341e-06 0.0022638114 0.011529 7.1568356e-06 0.006815373 0.00036450432 0.0018898904 0.0005871001 8.299407e-06 0.0012522191 0.0023930108 0.0007477891 0.000296117 0.0004978068 0.00039859232 8.8778695e-05 0.00062270736 7.374057e-05 2.7996625e-06 0.0001310772 0.000105201325 0.00019363663 1.5924083e-05 1.2919652e-06 8.462771e-05 0.0005115014 6.932982e-05 5.63187e-05 6.274859e-05 8.659924e-05 0.0001338961 3.467678e-06 0.00041893515 2.3274906e-05 0.0007100433 1.3813237e-05 0.0001290223 5.2359956e-05 0.00034834025 0.00017509953 6.9026573e-06 8.321586e-05 1.3927246e-05 0.00011905751 0.0023866645 9.599372e-06 1.9742856e-05 2.9321374e-05 3.1138912e-05 7.6571814e-05 0.0011914686 5.3890926e-05 3.1625903e-05 3.5808007e-05 2.3005787e-05 6.9504455e-07 7.3961896e-06 4.5252786e-05 0.000108867534 5.5065095e-07 1.52091025e-05 0.0007257933 1.2532484e-05 0.00044048825 0.0007742327 2.8985849e-05 0.00016107252 0.0005939866 0.00034971963 0.00022560869 0.00016704625 1.5040872e-05 0.00046725434 1.1877568e-06
0.0044034016 0.97416383 1.9004981e-16 0.7972068 0.8806596 0.32573047 0.17471981 0.007819719 0.68755245 0.4522594 0.6396273 0.13863666 0.09521075 2.100432e-05 0.056347623 8.152201e-05 0.00011694596 0.0060509806 5.278227e-06 0.005523549 0.02061598 0.017590737 4.4840613e-06 0.0025705853 0.004070091 0.005181862 0.010024725 0.00032760916 0.010552374 0.0050792177 0.0005234179 0.00011260459 0.0036531482 0.0029068163 0.0028283088 0.00017884618 0.0010794253 0.0060023577 9.4892275e-06 4.908341e-05 1.9784755e-05 8.377972e-05 0.00014631495 4.5516153e-05 6.877023e-05 8.070929e-05 8.10494e-06 0.00079189916 8.595093e-06 7.69723e-05 7.1785453e-06 6.9797425e-06 0.0011605597 0.00022159092 1.4359016e-05 0.00027930783 0.0002128202 0.00047624772 4.4810986e-06 0.00043552314 4.9738464e-06 0.000735441 2.9336404e-06 0.0004201551 0.0001905824 0.00045692318 1.0960782e-06 5.535682e-06 7.4065088e-06 6.984507e-05 0.0005649385 0.00023162986 4.1128715e-06 4.1920055e-05 5.568096e-06 9.845784e-06 3.227563e-05 0.0021671213 5.060402e-05 1.2379685e-05 1.6505497e-05 5.001084e-05 3.098941e-06 1.6823377e-06 0.00023470134 7.6304095e-06 5.1209753e-07 3.486708e-05 0.0007087505 1.5402169e-05 0.0025339492 0.00014899558 9.473299e-05 0.00052712375 0.00034336894 0.00235492 0.0003836004 4.668361e-05 6.250932e-05 0.0010424651 1.14337445e-05
0.0280289 0.85292065 0.7972068 1.2840395e-16 0.9626776 0.912671 0.95170665 0.21648782 0.009159296 0.004102487 0.13033195 0.18771762 0.034815013 0.00074027345 0.0070416816 0.002353897 0.007594695 0.108137816 6.452391e-05 0.05253788 0.0012447105 0.00017207049 0.00072720845 0.020788215 0.00010153747 0.0008534614 0.017943269 1.2976378e-06 0.013429272 0.015084293 5.6389377e-05 0.0006271554 0.0015011819 0.030738745 0.0025251424 2.2693113e-05 0.019855319 0.004278285 1.1893896e-05 0.00021892262 0.003141915 0.0069216597 0.003913834 0.00096074864 0.0019186746 1.48351355e-05 8.032658e-05 0.0007757847 6.5394697e-06 1.6666911e-06 3.587827e-06 2.4530766e-05 0.0016349471 8.8426175e-05 3.903704e-06 0.0012119632 0.000100819765 0.00052241073 0.00025031788 0.00013653707 4.0928653e-06 0.0021526893 1.4914321e-05 0.00027153874 0.0001911474 0.00018940719 2.4511742e-06 0.00083103933 0.00015232306 2.659976e-06 0.0015196148 0.0018022406 2.1320708e-05 0.00041514926 0.0003315528 9.8921526e-05 0.00012026498 0.0022212188 6.5706176e-05 0.0005287704 0.00016634073 5.051347e-05 3.2223255e-07 1.9637511e-05 0.0009790215 9.6009324e-05 5.824032e-05 3.7568723e-05 0.0011384445 1.856048e-05 0.001078741 0.00023404976 2.134386e-05 0.0010485312 0.00087304355 0.0015180048 0.0010672358 5.3595246e-05 0.0005629325 0.0014828813 4.0914583e-07
0.05010069 0.48757005 0.8806596 0.9626776 3.3854848e-16 0.9740234 0.4840902 0.01017501 0.043629505 0.13383344 0.5944551 0.411424 0.27639154 3.6220856e-06 0.10883895 9.823355e-05 8.079678e-05 0.025116522 1.1029211e-06 0.037447087 0.021745538 0.0011285832 5.6846566e-06 0.0020227628 0.0010179611 0.0032532269 0.047096163 7.783838e-06 0.053468347 0.0035659089 0.00029954183 2.909279e-06 0.004980086 0.03683479 0.0063442863 4.9017406e-05 0.016455041 0.02483378 8.1765944e-07 7.2229145e-06 0.00034515347 0.0021576085 0.012639075 3.0890755e-05 0.004479471 2.5479856e-05 1.5073102e-06 0.0025954936 1.7593536e-07 7.8461435e-06 1.5171228e-06 8.7655815e-07 0.0063828686 2.4235656e-05 3.1966454e-07 0.0013837524 2.5042516e-05 0.0036243773 1.561129e-05 0.0003012527 1.03838104e-07 0.0044921273 1.0974003e-06 4.9700746e-05 7.854862e-05 7.509486e-05 2.2693632e-07 0.00070851395 1.02135955e-05 1.0589698e-06 0.0014814382 0.0015665912 1.062999e-06 0.00022416833 2.5340662e-05 0.0010498405 0.00077197433 0.0017690522 2.6138177e-05 0.000100787365 0.0005105834 0.0005221669 4.964603e-07 0.00042354353 0.001506637 3.0566553e-05 0.0008801493 1.2385695e-05 0.00097334076 6.9563976e-06 0.0026757712 2.4694533e-05 1.815501e-05 0.00181152 0.00030543056 0.0009924914 0.0023246992 1.781235e-05 0.000960897 0.0015221437 1.1771084e-06
0.35004538 0.1403298 0.32573047 0.912671 0.9740234 4.4106038e-17 0.82893777 0.01856963 0.004893882 0.005200496 0.30346835 0.8262766 0.31613025 2.56676e-05 0.05165696 0.00066280906 0.00092484953 0.09186038 4.333259e-06 0.046878688 0.0065280236 0.000117116724 6.570247e-05 0.0062067606 9.63125e-05 0.0026086804 0.27956924 1.0593436e-06 0.17816703 0.004769575 9.278789e-05 4.268536e-06 0.003820195 0.30829123 0.006102122 3.1180516e-05 0.085092835 0.028116595 6.708462e-06 6.693741e-05 0.001421847 0.0054494883 0.057528686 0.0001485662 0.0082334075 1.3777412e-05 2.1511918e-05 0.0028475504 5.607525e-08 1.523534e-06 1.7211233e-06 1.4603612e-06 0.013044119 2.7642536e-05 1.1816462e-07 0.007483649 6.890125e-05 0.0067957947 0.00014293783 0.00019645256 1.848202e-07 0.012513268 1.5806919e-06 7.603463e-05 9.4409486e-05 0.00016516198 3.7002818e-07 0.0025410384 1.6375474e-05 3.6523028e-07 0.0046401406 0.0050636707 2.5558986e-06 0.0018707401 0.00017160311 0.0017871584 0.00018326452 0.011974317 1.4549461e-05 0.0008238898 0.004839591 0.00030380196 2.2923855e-07 0.00035255728 0.005560877 0.00013874291 0.0040392 3.323046e-06 0.0017248477 1.7284776e-06 0.005483591 6.501875e-05 1.3178842e-06 0.0057402253 0.0010347497 0.0030672776 0.0044016596 9.887959e-06 0.0043205414 0.0037617842 1.1830455e-07
0.69674945 0.3844674 0.17471981 0.95170665 0.4840902 0.82893777 2.2780978e-16 0.40410522 0.0013940859 0.0031869784 0.02475906 0.22318673 0.02954931 0.015865041 0.0044494104 0.012430195 0.10285513 0.97716916 0.002008673 0.5540807 0.00069583656 0.00013062872 0.0099121155 0.12898955 4.7022255e-05 0.0011441582 0.03712102 1.345616e-06 0.022784242 0.07450095 1.7615193e-05 0.0032936472 0.0018387841 0.20967297 0.004189266 1.8370014e-05 0.15624855 0.0071480237 0.00011669929 0.008556913 0.023364384 0.063844375 0.042026732 0.0046654996 0.050553076 5.9588447e-06 0.0026817336 0.0008168544 0.0001593524 3.2845066e-06 2.0056084e-06 0.00062995235 0.0043297955 0.00013559811 0.00015760917 0.04966885 8.589812e-05 0.0015156014 0.0063815783 9.185813e-05 8.419687e-05 0.004352103 0.00039745227 0.00029215822 0.00031751426 0.0002448144 9.747508e-06 0.014847762 0.0006530383 2.7271565e-06 0.026584558 0.0028420982 4.869378e-05 0.008407444 0.009724449 0.00017178881 1.024158e-05 0.040176224 3.6164718e-05 0.01636412 0.0021684694 1.9873807e-05 4.9511846e-07 4.955233e-05 0.017711708 0.004096265 0.0017435094 0.000111461486 0.0077352305 0.0002275606 0.015629338 0.0015000936 0.00026722313 0.009858403 0.003530218 0.013249773 0.008003556 0.00031733836 0.0055432497 0.0066574444 2.860341e-07
0.0018819713 0.98657775 0.007819719 0.21648782 0.01017501 0.01856963 0.40410522 8.2517186e-20 0.0005278411 4.0084713e-05 1.9787472e-05 0.004168745 0.0005684162 0.95514554 1.5942196e-05 0.94509095 0.29615295 0.048612133 0.8347468 0.027217945 5.7274724e-06 1.719518e-05 0.038048375 0.15844294 9.699478e-07 1.8260254e-05 0.0034604124 2.0604944e-08 0.00026503336 0.008919531 5.332102e-07 0.0035801658 2.1588905e-05 0.0009840392 7.125614e-05 4.845786e-08 0.00075787446 0.0002671406 0.0017960791 0.0017005032 0.00087323453 0.00032706288 0.00017326101 0.0012853332 0.00014674984 6.7519274e-08 0.00067839934 2.9262485e-05 0.001023803 1.8359549e-08 2.824807e-07 0.00083756953 0.00023111771 8.444563e-06 0.00037086193 0.00018347315 1.5244737e-05 2.3143277e-05 3.2087162e-05 1.5219752e-05 0.00021781411 0.0012429703 2.218462e-05 0.00013856731 3.2021595e-05 0.00043679075 0.00026858953 7.1086483e-06 0.0006285988 1.5866998e-08 7.852638e-05 0.001290159 2.985424e-05 2.377329e-05 5.492014e-05 0.000320695 0.0002724531 0.00021096958 4.1368635e-06 2.3595348e-05 0.00027524726 4.653037e-06 3.677399e-08 0.0005264277 3.306363e-05 0.00024788408 1.1160715e-05 4.1673076e-07 0.00022969779 3.9180202e-07 7.641439e-05 0.00015422284 1.8218151e-06 0.00018768497 0.000719318 0.00014310381 0.00016164634 9.223164e-05 1.6229766e-05 0.00026248378 4.1397957e-08
0.000112756316 0.099250585 0.68755245 0.009159296 0.043629505 0.004893882 0.0013940859 0.0005278411 1.9140426e-19 0.99368346 0.29864088 0.0030411896 0.0046839807 2.1778233e-06 0.016048878 3.640124e-06 2.718219e-06 3.0842828e-05 2.3765287e-07 1.5840233e-05 0.01222147 0.58371705 2.3053995e-07 1.15924095e-05 0.036579113 0.0010073803 0.00038670012 0.05650071 0.00063050736 8.946886e-05 0.0019461793 1.6120005e-06 0.0009746068 8.045354e-05 0.00043822397 0.0015750558 9.792418e-06 0.00051453325 7.861989e-07 5.566519e-06 3.3750287e-06 2.6120286e-05 4.1224534e-06 1.2622636e-05 1.7747689e-06 0.00019601842 3.3188653e-06 0.00015400178 4.2473812e-07 0.0013600951 1.0026455e-05 1.9700624e-06 2.5042613e-05 6.201306e-05 2.0339755e-06 3.7921905e-06 4.472344e-05 3.615041e-05 3.820772e-07 1.4905773e-05 1.3058973e-06 1.3967788e-05 8.814255e-08 6.4677064e-05 8.499516e-05 4.318211e-05 1.16819265e-07 9.688172e-07 1.5082751e-06 0.0007360163 1.1129838e-05 1.7304197e-05 1.2098019e-07 5.073858e-06 5.588213e-07 1.4872271e-06 4.2935917e-06 3.5845864e-05 8.488569e-06 9.344926e-06 6.9785676e-07 5.725021e-06 3.0728625e-05 9.65902e-07 1.419147e-05 1.5780636e-06 1.956595e-07 1.0128327e-05 6.395295e-05 1.2258664e-05 6.1044295e-05 2.1014179e-05 0.00011899961 8.971278e-05 5.621366e-06 7.5847274e-05 6.2794024e-05 7.528444e-07 2.0259877e-06 9.425673e-05 0.0001149251
0.0031298418 0.009824851 0.4522594 0.004102487 0.13383344 0.005200496 0.0031869784 4.0084713e-05 0.99368346 1.6928215e-17 0.85437167 0.027468028 0.13924168 2.6540047e-07 0.33455473 5.700058e-06 1.0195499e-06 0.00022382887 4.5140474e-08 6.91247e-05 0.36143604 0.7182256 3.7743933e-07 0.0001866634 0.5663798 0.03781057 0.004732329 0.17858931 0.0063634254 0.00044305628 0.07707057 2.5015474e-05 0.025506923 0.0006606949 0.009210973 0.027903516 0.00020308279 0.005469445 2.4648605e-07 0.00026434727 6.308216e-06 1.4372483e-05 3.1755586e-05 3.4164394e-05 8.300831e-06 0.0024668279 6.6689004e-06 0.0031145064 2.7026698e-07 0.005357951 0.000475115 1.3908836e-05 0.0006599981 0.0012137261 2.624545e-06 2.5877107e-05 0.0014346786 0.00040905047 7.0325234e-07 0.00048172878 1.4649644e-06 7.057611e-05 3.0217805e-06 0.00050617225 0.0007089275 0.00072599127 1.864088e-08 5.3729455e-06 4.3222717e-06 0.00090091355 0.0001368878 5.0905383e-05 5.212383e-06 3.5035504e-05 1.9183003e-06 2.3235141e-05 5.611171e-05 0.0006078752 0.00039843156 1.5233728e-06 9.417627e-06 0.00044555965 6.813589e-05 3.4474324e-06 4.8949765e-05 4.795078e-07 9.022088e-07 0.00022960317 0.00015604567 3.9733608e-05 1.726034e-05 2.066198e-05 0.0005670726 0.00091760815 9.538071e-05 0.0030167962 0.00029613593 1.3942607e-05 4.7514055e-05 0.0008699786 0.0002052254
0.11728561 0.06206437 0.6396273 0.13033195 0.5944551 0.30346835 0.02475906 1.9787472e-05 0.29864088 0.85437167 4.993559e-18 0.65815747 0.89364994 6.5227084e-08 0.980406 2.2449906e-06 1.16903955e-07 0.0010105388 1.3992006e-08 0.00049806846 0.72998565 0.13214655 9.222913e-08 9.442376e-06 0.54408485 0.111783914 0.07464525 0.010129906 0.10984841 5.029893e-05 0.15356508 1.1603775e-06 0.082829975 0.013526232 0.052302353 0.009953127 0.002153982 0.06971791 4.2643794e-07 1.0637596e-06 6.0353623e-06 3.5026987e-05 0.001514845 4.704749e-06 8.9719106e-05 0.004601788 1.4976234e-07 0.019313967 6.922018e-08 0.00094798167 0.0002516278 8.964167e-08 0.0049582683 0.0011127563 1.2628729e-07 0.00026324563 0.000826931 0.0064893775 3.9978727e-07 0.001915128 7.324919e-10 0.0025405027 7.8228067e-07 0.0004943638 0.0006444227 0.0009900207 8.515137e-08 8.618861e-05 9.673346e-07 0.00021413434 0.00023683059 0.00043925177 1.5217095e-07 2.6982712e-05 1.0910628e-06 0.0004606582 0.00027624922 0.00045863917 0.00016417123 4.3587734e-06 4.2461994e-05 0.00057273364 3.5116338e-06 4.4782424e-05 0.0008632508 7.9753096e-07 4.1091844e-05 1.0401096e-05 9.558277e-05 9.710998e-06 0.00044973847 4.257526e-06 1.4692801e-05 0.00069768506 4.35558e-05 0.00023146048 0.00082863856 5.0749975e-07 0.00017714714 0.00032066778 1.003762e-05
0.8704406 0.024578502 0.13863666 0.18771762 0.411424 0.8262766 0.22318673 0.004168745 0.0030411896 0.027468028 0.65815747 5.0169657e-19 0.97489035 2.9875113e-07 0.46583214 2.7360307e-05 1.2216569e-05 0.030639762 3.8052156e-07 0.01474782 0.15151966 0.00012803129 1.933281e-06 0.00031297674 0.00096599315 0.049508426 0.6229582 1.0583559e-06 0.69560057 0.00043635568 0.00015304353 1.8911677e-06 0.023702702 0.41120508 0.047618296 3.548052e-05 0.03880738 0.1812533 1.2042921e-06 1.0716877e-06 8.662535e-05 0.0010198592 0.08779237 3.025509e-06 0.0011240127 4.8615707e-06 1.321304e-07 0.011733848 2.4362516e-08 2.3960124e-06 7.20053e-07 1.4581256e-07 0.041032735 9.105454e-06 1.1732715e-07 0.0043938337 1.5982672e-05 0.0262644 2.0931331e-05 9.506895e-05 1.4103144e-08 0.029065192 1.4672484e-07 4.305801e-05 4.5888497e-05 5.147416e-05 1.7921744e-07 0.0016704258 1.1300456e-06 2.8363388e-07 0.0042273323 0.0076340167 3.1822765e-07 0.00037435946 6.0450275e-06 0.0022483 0.00011127084 0.02189212 2.3875134e-06 0.0001678711 0.009072197 0.00016676197 4.77217e-08 0.0007645276 0.005100313 1.3006188e-06 0.012436966 1.3827147e-06 0.00025025939 5.125876e-07 0.013739199 2.799884e-06 1.1367428e-06 0.0035762298 2.109413e-05 0.0013272702 0.0039822077 3.3485992e-07 0.008079782 0.0006350279 9.891476e-08
0.57292694 0.0074931895 0.09521075 0.034815013 0.27639154 0.31613025 0.02954931 0.0005684162 0.0046839807 0.13924168 0.89364994 0.97489035 4.1052224e-19 3.704517e-08 0.8985925 2.1211072e-05 1.3129302e-06 0.0015645404 2.2777478e-07 0.00070949976 0.5207261 0.0014001371 5.4248495e-08 7.152094e-06 0.027483378 0.12549384 0.38450935 2.3312472e-05 0.52420694 2.901605e-05 0.0058562965 4.4266494e-06 0.053319853 0.06322845 0.07102169 0.0004998662 0.0046179085 0.19355363 9.591222e-07 1.08933115e-07 2.0898182e-05 6.478776e-05 0.013598942 7.7937125e-07 0.00037076045 0.00012793487 1.559079e-08 0.010820629 2.4656842e-08 8.395484e-06 5.613844e-06 4.086325e-08 0.022397242 4.9902123e-05 3.6334544e-08 0.00063887937 8.654351e-05 0.018153574 2.634626e-06 0.0005331781 4.136092e-09 0.013533167 5.644511e-07 8.476301e-05 0.00011152412 0.00017607224 7.623128e-08 0.0005518475 3.7729146e-07 4.4485637e-06 0.0013359042 0.0051505347 2.0407477e-07 0.0001269452 2.6264252e-06 0.0044826292 0.0006257696 0.0018019853 3.4726574e-05 1.9271392e-05 0.0050267885 0.00050602865 3.7147927e-07 0.000756855 0.0028809211 2.0788991e-07 0.0033827848 6.2792196e-06 8.383263e-05 4.338336e-06 0.003689287 2.5279735e-07 4.3705404e-06 0.002494628 7.1936497e-06 0.0005965316 0.0022579415 2.468104e-07 0.0030016594 0.00044015673 3.3724493e-07
0.010548776 0.03805256 2.100432e-05 0.00074027345 3.6220856e-06 2.56676e-05 0.015865041 0.95514554 2.1778233e-06 2.6540047e-07 6.5227084e-08 2.9875113e-07 3.704517e-08 1.9397265e-17 4.377254e-07 0.86790913 0.98404896 0.011735525 0.7264105 0.008846156 7.58769e-08 1.6053943e-06 0.77992 0.31303573 1.7071635e-07 1.4432078e-07 1.6242215e-05 5.7326037e-08 2.7394457e-05 0.015958266 1.7318426e-07 0.25141668 2.1519766e-06 0.00011511915 1.5849471e-06 1.5989654e-07 0.00020569446 2.942576e-06 0.045970418 0.03272755 0.002651589 0.0023703384 2.828074e-05 0.012526098 0.00015412639 1.8606735e-07 0.008317517 2.6633368e-06 0.010130225 5.0950933e-07 2.0782389e-07 0.005414792 1.7082816e-06 2.153313e-06 0.0054821325 3.6410302e-06 9.877482e-07 8.656997e-06 0.00024167239 1.5804612e-06 0.0011361842 7.0689144e-05 6.6925095e-05 6.262965e-06 1.3497256e-05 6.7031283e-06 0.0009337265 2.5853526e-05 0.0018328587 7.7031626e-07 4.1081028e-05 9.750637e-05 7.1627735e-05 0.00012922288 0.00092765107 2.9602821e-05 1.6954339e-06 0.00012726533 9.222961e-07 0.0008198059 3.2632553e-05 7.73841e-07 1.8149332e-07 6.901815e-06 0.00010054065 0.0023389156 2.7501371e-06 3.2510616e-06 0.0008152955 2.4491064e-06 0.00026536192 0.00074151135 1.0038213e-05 0.0003718479 0.001976784 0.00086307386 0.00063481746 0.0004903686 0.00026083508 0.001624028 6.3547856e-07
0.18946542 0.0028412652 0.056347623 0.0070416816 0.10883895 0.05165696 0.0044494104 1.5942196e-05 0.016048878 0.33455473 0.980406 0.46583214 0.8985925 4.377254e-07 7.340362e-17 2.8482345e-06 4.9778328e-06 0.0003943162 9.247591e-08 0.0002640079 0.9628147 0.01935896 5.968815e-08 2.9504129e-06 0.3676348 0.3908897 0.126351 0.0013422613 0.29931358 6.0682218e-05 0.16532803 2.1503417e-06 0.21405302 0.016429538 0.14838128 0.015564062 0.00076497067 0.24384257 8.416258e-07 1.6062688e-06 2.1734462e-05 1.6050262e-05 0.0043978477 7.188205e-06 0.00014035616 0.00913261 1.1428337e-07 0.049296156 1.9252984e-07 0.00065973913 0.0004935157 1.3287728e-06 0.024427822 0.0019467847 1.0886888e-06 0.0009233505 0.0028637939 0.026852878 4.662601e-06 0.01209801 2.49307e-08 0.008813144 1.3140489e-06 0.000568837 0.000714804 0.0012603259 4.057232e-08 0.0004927319 1.7140585e-06 0.00039702796 0.001929246 0.0048944145 1.384576e-07 0.00032556537 7.938987e-06 0.005558761 0.0021618577 0.0021557964 0.0011805926 6.9863095e-06 0.0030696085 0.0037317427 1.2757794e-05 0.00060674036 0.002556551 6.9190185e-07 0.002479912 0.00018253055 0.00034687037 0.00010806051 0.0023329353 2.661133e-06 0.00019114903 0.0031922744 6.3231266e-05 0.0005106131 0.0029491785 3.1525608e-06 0.0021476499 0.0009554013 1.0645426e-05
8.148004e-05 0.011927298 8.152201e-05 0.002353897 9.823355e-05 0.00066280906 0.012430195 0.94509095 3.640124e-06 5.700058e-06 2.2449906e-06 2.7360307e-05 2.1211072e-05 0.86790913 2.8482345e-06 5.2784165e-18 0.11131113 0.0005887636 0.9824258 0.0006935578 6.9416856e-06 9.4437355e-06 0.0825837 0.022603124 3.8956227e-08 3.7650304e-06 3.000944e-05 1.2759472e-07 1.2001559e-05 0.0015771181 2.2908797e-07 0.07827435 2.4418985e-05 0.00013076159 2.4054189e-05 5.6512036e-08 9.831255e-05 1.9196592e-05 0.005980217 0.0013248371 0.0005178366 7.305934e-05 4.683221e-06 0.00036585936 1.0135341e-05 1.4565093e-07 0.00021583421 2.6050435e-05 0.09999501 7.959175e-08 6.1220703e-07 0.00045790517 1.0722321e-05 1.2607322e-05 0.0043175714 9.736048e-05 1.2915074e-05 9.931214e-06 2.0060266e-05 2.6474208e-06 7.8966754e-05 0.00015929407 4.4909106e-05 3.8301518e-05 3.3645698e-05 0.0003087578 0.00076215045 3.1616567e-06 0.00026022585 5.0143147e-08 5.2281066e-05 0.00028684747 0.00019738253 8.857273e-06 5.124405e-05 5.558088e-05 2.2979289e-06 9.9243356e-05 2.2548113e-06 1.244168e-05 4.9490227e-05 2.1803949e-07 2.4733538e-07 2.5447169e-05 8.177769e-06 0.00013565969 2.7751692e-06 1.5885063e-06 0.00015970065 1.1077913e-06 1.8173685e-05 2.8806286e-05 8.659847e-06 0.00010715079 0.00012856782 3.0272422e-05 3.691291e-05 2.0267578e-05 1.1702376e-05 3.797074e-05 6.940421e-08
0.04836061 0.083702266 0.00011694596 0.007594695 8.079678e-05 0.00092484953 0.10285513 0.29615295 2.718219e-06 1.0195499e-06 1.16903955e-07 1.2216569e-05 1.3129302e-06 0.98404896 4.9778328e-06 0.11131113 8.90568e-19 0.1390333 0.080201894 0.16873372 1.8215708e-07 1.3521516e-05 0.895165 0.85978955 2.9483473e-07 2.5563364e-07 0.00020354075 1.3623264e-07 7.464411e-05 0.3074399 4.2347784e-07 0.05080631 1.5034369e-06 0.0032312102 5.919005e-06 1.3638292e-07 0.017464317 3.0175834e-05 0.0051359273 0.46808952 0.17076851 0.06624265 0.0034257006 0.21720622 0.016954686 3.3946563e-07 0.1972112 4.792877e-06 0.014598149 8.1955996e-08 7.4781646e-08 0.0519311 2.9544426e-06 1.58466e-06 0.026751714 0.002483133 1.3561024e-06 3.8696093e-05 0.022425026 4.296491e-06 0.028358404 3.502064e-05 2.8893695e-05 3.8424682e-06 8.451846e-06 2.3046037e-05 0.00023706605 0.0022507135 0.045581177 1.8829476e-07 0.0011845144 0.00018378382 0.0006678658 0.004759933 0.050198395 2.2483084e-05 8.1784106e-07 0.0007728086 1.6434973e-07 0.022556724 0.00019246386 3.0064723e-07 4.201116e-08 2.8663935e-06 0.0009634015 0.040214192 4.337929e-05 1.094953e-06 0.013963374 9.970526e-07 0.0023954643 0.0053467136 1.3580826e-06 0.003040037 0.016410746 0.010164599 0.0021996486 0.0029616067 0.00175499 0.013769015 5.2844168e-08
0.762941 0.028461007 0.0060509806 0.108137816 0.025116522 0.09186038 0.97716916 0.048612133 3.0842828e-05 0.00022382887 0.0010105388 0.030639762 0.0015645404 0.011735525 0.0003943162 0.0005887636 0.1390333 8.7870925e-20 0.00030213685 0.98535824 5.285664e-05 2.864474e-05 0.073094904 0.19775209 3.2293185e-05 4.467484e-05 0.021239024 2.7867643e-06 0.0065171937 0.12849833 4.174876e-06 0.0014535829 2.4518578e-05 0.04657132 0.00012677051 9.274097e-06 0.14777741 0.00083587074 4.8419915e-05 0.0058591655 0.036866605 0.111005485 0.048741333 0.0045201117 0.12655367 1.7929257e-06 0.0011379805 2.5032321e-05 5.8253286e-06 4.374936e-06 3.3849304e-08 9.681347e-05 0.00037422648 2.3470309e-06 2.7626618e-05 0.09175706 6.7128008e-06 0.00020360017 0.029081924 1.1712895e-05 0.00017559552 0.0007200421 1.3329117e-06 1.414615e-05 2.8943696e-05 4.0581555e-05 4.1626586e-06 0.045056604 0.00081027305 9.074878e-06 0.03808452 0.00096516905 4.4843646e-06 0.08541183 0.032042924 0.0001632311 4.4881574e-05 0.028979667 6.305894e-06 0.043450676 0.003048942 4.4299035e-05 3.0760083e-07 0.00013903099 0.08918644 0.027689034 0.010132245 1.8544301e-06 0.04141554 4.0053433e-06 0.021619614 0.0011016098 1.0131021e-05 0.050829638 0.0151544325 0.047600426 0.044197362 0.0005024593 0.015043931 0.04308502 1.7128107e-07
6.259642e-05 0.00742151 5.278227e-06 6.452391e-05 1.1029211e-06 4.333259e-06 0.002008673 0.8347468 2.3765287e-07 4.5140474e-08 1.3992006e-08 3.8052156e-07 2.2777478e-07 0.7264105 9.247591e-08 0.9824258 0.080201894 0.00030213685 8.924801e-17 0.00018667906 6.927579e-08 8.503208e-08 0.28603044 0.014985636 4.023093e-09 9.238652e-08 3.2264816e-06 2.849439e-09 8.358133e-07 0.001012938 4.2872594e-09 0.35060027 1.0345997e-06 5.6466943e-06 1.2345901e-06 8.464078e-09 2.223462e-06 8.255288e-06 0.6009398 0.0028805037 0.00020929807 3.121175e-05 3.735269e-07 0.00045889468 2.2845484e-07 2.067272e-09 0.0003448603 8.3238325e-07 0.33288833 3.589165e-08 4.062738e-08 0.0030353875 1.8035668e-06 1.1368609e-06 0.04019234 1.5287359e-06 4.6888496e-07 3.849852e-06 6.041472e-06 4.6660105e-07 0.0014103813 1.7166685e-05 0.0017928183 2.9518092e-06 1.2025293e-06 2.8033069e-06 0.023905547 2.0513939e-07 0.0004273255 4.677938e-09 1.188036e-05 0.000116760406 0.0010859136 5.7393896e-07 4.443672e-05 3.84236e-07 5.3592863e-08 7.793587e-05 6.4861844e-08 9.885942e-06 1.6652793e-05 4.4857245e-08 1.1631217e-08 6.2008226e-08 4.3735528e-07 0.0004751415 1.195729e-07 9.572859e-08 0.00046390915 4.583743e-08 3.0478994e-05 0.00016229154 1.6472349e-07 6.4972264e-05 0.0003282888 0.000102731814 4.5035667e-05 0.0002929693 8.062363e-06 0.00030926615 1.2523539e-08
0.94024014 0.011396368 0.005523549 0.05253788 0.037447087 0.046878688 0.5540807 0.027217945 1.5840233e-05 6.91247e-05 0.00049806846 0.01474782 0.00070949976 0.008846156 0.0002640079 0.0006935578 0.16873372 0.98535824 0.00018667906 4.2120098e-20 1.9277384e-05 4.9157825e-06 0.12809823 0.35936964 2.1799158e-06 1.36791805e-05 0.015063851 2.882137e-07 0.0040961304 0.6885225 1.636443e-06 0.0029824844 2.3271556e-05 0.09154746 5.8498492e-05 6.69763e-07 0.71727145 0.00079682283 3.9286955e-05 0.043171838 0.43365878 0.69767964 0.123736374 0.05364204 0.44451734 2.0291704e-06 0.0086006215 1.5396823e-05 8.379491e-05 2.5002572e-07 1.8029734e-08 0.00035517963 0.0003718665 2.565601e-06 0.00014182304 0.20547903 3.9161732e-06 0.00021153729 0.16284846 3.1578857e-05 0.00044511902 0.0015006609 2.0658442e-06 3.8490552e-06 5.4097122e-06 1.6156582e-05 8.107185e-07 0.17842227 0.004163737 4.4550316e-07 0.13827729 0.0028710281 1.5088528e-05 0.23952676 0.13653724 0.00025882229 1.6217185e-05 0.10321252 3.7633324e-06 0.239458 0.0069495086 4.4238284e-05 1.2462444e-08 4.8486963e-05 0.16322348 0.07407531 0.012646477 2.017002e-06 0.11181447 1.1740002e-05 0.06290582 0.0044267937 3.794328e-06 0.15979068 0.029538665 0.23487711 0.13754182 0.0010219861 0.048992887 0.1836889 1.9120892e-09
0.5087254 0.00060263387 0.02061598 0.0012447105 0.021745538 0.0065280236 0.00069583656 5.7274724e-06 0.01222147 0.36143604 0.72998565 0.15151966 0.5207261 7.58769e-08 0.9628147 6.9416856e-06 1.8215708e-07 5.285664e-05 6.927579e-08 1.9277384e-05 4.933368e-18 0.04682842 2.710872e-08 1.6640055e-06 0.8012186 0.9783811 0.10797762 0.0054337275 0.23093116 1.8523682e-05 0.7856237 2.4436527e-05 0.54565406 0.010291083 0.42339906 0.1543017 0.00042838432 0.5189415 6.6547364e-07 7.7596195e-07 7.908383e-06 1.4140134e-05 0.0009748695 2.3891396e-06 1.7200082e-05 0.1615952 1.1040212e-07 0.19848076 1.630496e-07 0.0040672785 0.008995126 3.5960977e-07 0.043211605 0.025784532 1.9044293e-07 0.00019936477 0.022948524 0.08283291 1.4838948e-06 0.057703648 3.047623e-09 0.0112251565 8.015554e-07 0.002147482 0.0039232965 0.004031637 4.0713817e-07 0.00016683895 4.486683e-06 0.0012453998 0.0007132776 0.0035829442 4.0681252e-07 1.3545522e-05 8.910483e-07 0.0065464936 0.0030599453 0.0013337051 0.0021528113 2.8559455e-06 0.0017786552 0.0056141126 9.872845e-06 0.0011588625 0.0021707504 2.973385e-07 0.0019350356 0.000120100616 3.7091464e-05 7.064466e-05 0.0023795941 1.9894296e-06 0.0001436557 0.001078814 1.2740092e-05 0.00018126819 0.00080924126 9.3907335e-07 0.0005844274 9.5337884e-05 2.6108159e-05
0.0007253352 0.0018879808 0.017590737 0.00017207049 0.0011285832 0.000117116724 0.00013062872 1.719518e-05 0.58371705 0.7182256 0.13214655 0.00012803129 0.0014001371 1.6053943e-06 0.01935896 9.4437355e-06 1.3521516e-05 2.864474e-05 8.503208e-08 4.9157825e-06 0.04682842 1.5295001e-17 1.7700731e-06 7.6175806e-05 0.5713904 0.005497286 0.00011030968 0.99710053 0.00010651829 0.0005553129 0.07828668 9.390081e-05 0.0062502264 2.8924464e-05 0.001844231 0.18433255 1.2813957e-05 0.0008500177 1.4935919e-06 8.585759e-05 1.7233564e-05 3.6006757e-05 2.6759494e-06 9.1618764e-05 7.3489934e-07 0.0055299206 1.7958331e-06 0.00052629644 3.8044573e-07 0.18291393 0.0045573665 1.6563527e-05 5.513136e-05 0.0011245091 1.951948e-06 3.3674216e-06 0.0014119638 5.1355597e-05 4.47833e-06 0.00017932232 3.4704986e-05 2.3148332e-05 6.091263e-07 0.0007176841 0.0007197294 0.0005960459 6.1253e-07 1.4020429e-06 6.559107e-06 0.016199768 8.290124e-05 5.6224468e-05 4.772545e-07 8.4838985e-06 2.2663473e-06 2.8431837e-06 8.689023e-06 0.00075854437 0.0006932873 1.01247715e-05 1.6564354e-06 3.6128247e-05 0.0009793759 5.9874435e-07 2.3969037e-06 8.0848406e-07 3.3251777e-07 0.0001846022 7.3051604e-05 8.3079954e-05 1.5129406e-05 2.112562e-05 0.0009302761 8.068389e-05 1.3666365e-05 0.00012025626 3.670072e-05 1.4781887e-06 4.169878e-06 0.00013038638 0.0004234155
0.5010281 0.0045155487 4.4840613e-06 0.00072720845 5.6846566e-06 6.570247e-05 0.0099121155 0.038048375 2.3053995e-07 3.7743933e-07 9.222913e-08 1.933281e-06 5.4248495e-08 0.77992 5.968815e-08 0.0825837 0.895165 0.073094904 0.28603044 0.12809823 2.710872e-08 1.7700731e-06 1.3573463e-13 0.9383636 8.028211e-08 4.025956e-09 6.2057984e-06 3.3700687e-08 4.8858283e-06 0.6423664 1.6825414e-08 0.58540577 4.026519e-08 0.00042707086 5.528438e-08 2.691808e-08 0.0023646567 1.5412107e-06 0.062793 0.8819649 0.20273389 0.047282003 0.00015110437 0.6426969 0.0038124628 7.868874e-09 0.6976622 2.6940387e-07 0.30266482 3.1345582e-08 1.24042945e-08 0.44548804 1.0029319e-06 2.7628727e-07 0.3403289 0.00035350554 3.1627902e-08 2.7779363e-06 0.04141879 2.0840296e-06 0.29254538 1.1864476e-05 0.0053991084 6.079227e-07 8.8434854e-07 2.070989e-06 0.0028779511 0.0016116778 0.28004107 2.1855682e-07 0.0008269074 0.00018783448 0.0150428265 0.002476329 0.12766403 2.034833e-06 3.0733265e-08 0.0011395249 3.153514e-08 0.019018304 8.8537214e-05 1.7451245e-07 1.9379346e-08 4.0009034e-08 0.00040256185 0.20172474 4.3256549e-07 6.252679e-07 0.032267336 5.6386466e-07 0.0018003689 0.090710565 9.934581e-07 0.00080276 0.06305685 0.00928608 0.00069241115 0.058115195 0.0005293458 0.0263513 6.138583e-08
0.9262736 0.017914783 0.0025705853 0.020788215 0.0020227628 0.0062067606 0.12898955 0.15844294 1.15924095e-05 0.0001866634 9.442376e-06 0.00031297674 7.152094e-06 0.31303573 2.9504129e-06 0.022603124 0.85978955 0.19775209 0.014985636 0.35936964 1.6640055e-06 7.6175806e-05 0.9383636 7.594747e-14 3.0989013e-05 2.321688e-06 0.00025896006 1.9510184e-05 0.00017313763 0.95143485 5.920059e-07 0.050139878 7.5233816e-06 0.0020395142 1.05691815e-05 3.955502e-06 0.013728152 8.881951e-05 0.003435681 0.6480397 0.30220658 0.18931498 0.0022860742 0.50638396 0.025713854 2.8086225e-07 0.41134316 1.6564902e-05 0.0051049287 7.836572e-06 2.8143282e-07 0.04861844 2.102893e-05 6.4403876e-06 0.020485144 0.0060994164 2.6920495e-06 1.9773288e-05 0.07166756 3.7291345e-06 0.045776486 0.00015639073 0.0003016575 7.0427013e-06 1.8097619e-05 1.6690796e-05 0.00016220644 0.016644157 0.09670604 0.0001849416 0.0031819888 7.270264e-05 0.000287516 0.049089976 0.12373655 1.924924e-05 3.1289492e-06 0.0013871818 2.1904168e-06 0.055243757 7.172746e-05 7.014816e-06 1.080183e-05 2.2247898e-06 0.014371847 0.25251257 4.708903e-05 5.3805732e-05 0.127939 0.00011163191 0.0025940991 0.04187307 0.00037639876 0.005761329 0.08154554 0.07222856 0.0070364014 0.011750258 0.0014443721 0.088614285 6.3127477e-06
0.063845925 0.00012266354 0.004070091 0.00010153747 0.0010179611 9.63125e-05 4.7022255e-05 9.699478e-07 0.036579113 0.5663798 0.54408485 0.00096599315 0.027483378 1.7071635e-07 0.3676348 3.8956227e-08 2.9483473e-07 3.2293185e-05 4.023093e-09 2.1799158e-06 0.8012186 0.5713904 8.028211e-08 3.0989013e-05 1.8513377e-17 0.25903523 0.0029502208 0.27031478 0.0129314605 9.831344e-06 0.9937818 1.6734735e-07 0.2565093 0.00025635958 0.07993961 0.9298301 2.4587118e-05 0.039489202 7.182976e-08 1.8454253e-06 2.598713e-07 3.7727543e-06 7.314721e-06 1.4512799e-06 2.5164986e-06 0.30127576 6.154011e-08 0.086967744 6.1874964e-08 0.23276834 0.17864116 4.529056e-07 0.0019868766 0.06341712 1.8696188e-07 4.798466e-06 0.06354483 0.0066719735 1.000752e-07 0.044870526 1.7075843e-08 0.00093842356 8.1599154e-07 0.008848317 0.013396308 0.0075427177 2.3463406e-07 1.0374403e-06 5.984492e-07 0.016232003 1.5041374e-05 0.00027252795 8.3409205e-08 2.2401912e-06 1.5877906e-07 0.001065883 0.000811628 0.00011042493 0.011119517 3.6718575e-07 3.6730766e-05 0.0048469356 0.00090365595 0.00013632097 0.00025599825 1.2316247e-07 1.642103e-05 0.00047730582 4.5816305e-05 0.00039021805 0.00018440445 1.7805058e-06 0.0006404725 0.00012277356 3.0384701e-05 0.00016315079 6.206601e-05 1.02676324e-07 8.209364e-05 4.2392236e-05 0.00050259137
0.60163504 0.00025751197 0.005181862 0.0008534614 0.0032532269 0.0026086804 0.0011441582 1.8260254e-05 0.0010073803 0.03781057 0.111783914 0.049508426 0.12549384 1.4432078e-07 0.3908897 3.7650304e-06 2.5563364e-07 4.467484e-05 9.238652e-08 1.36791805e-05 0.9783811 0.005497286 4.025956e-09 2.321688e-06 0.25903523 3.0307348e-18 0.13592859 0.0006263446 0.35861525 3.0051397e-05 0.3296779 3.5396064e-05 0.9584844 0.010196021 0.72545326 0.038047522 0.00046252957 0.7319766 5.1760304e-07 2.196306e-07 4.3718705e-06 1.1204322e-05 0.0013970213 7.063509e-07 9.138381e-06 0.081292614 1.5360296e-08 0.51652527 1.294305e-07 0.001034684 0.0033355893 4.981209e-08 0.11384593 0.028027624 2.39561e-08 0.00025316325 0.023294386 0.21947011 1.5277404e-06 0.111547306 2.112106e-09 0.026457306 2.1627907e-06 0.0025341485 0.0026442998 0.005413176 1.9377859e-07 0.00034173258 2.6330824e-07 0.0006799059 0.00095275213 0.0073779547 2.6293284e-07 3.8189213e-05 1.8631392e-06 0.0105744 0.0022726306 0.002872418 0.0013809134 3.9413594e-06 0.0029560195 0.0043169707 7.036163e-06 0.0010917275 0.00185194 2.0330997e-07 0.0049415925 8.320253e-05 5.279156e-05 7.2922834e-05 0.0038297263 8.884442e-07 0.000114750306 0.0009537594 1.5012799e-05 0.00036263806 0.00087216846 4.881182e-07 0.00336281 0.00017910801 1.2941608e-05
0.81307614 0.0035086598 0.010024725 0.017943269 0.047096163 0.27956924 0.03712102 0.0034604124 0.00038670012 0.004732329 0.07464525 0.6229582 0.38450935 1.6242215e-05 0.126351 3.000944e-05 0.00020354075 0.021239024 3.2264816e-06 0.015063851 0.10797762 0.00011030968 6.2057984e-06 0.00025896006 0.0029502208 0.13592859 2.1346497e-19 2.5217626e-06 0.99443346 0.0003466688 0.0010884232 2.9674276e-05 0.100855 0.7702264 0.13163587 0.00059434504 0.059610154 0.32547256 6.015474e-06 1.5552761e-06 0.00013131481 0.0004291639 0.16856933 2.6027597e-06 0.0011100397 0.00025673193 3.384285e-08 0.026622703 5.66556e-07 1.3426876e-05 1.9045348e-05 7.020876e-07 0.11523875 0.0006037936 1.266967e-07 0.016983729 0.0014847039 0.04520318 6.367793e-05 0.0018072835 2.3607736e-08 0.05964693 8.5625845e-07 0.00048909796 0.0004186656 0.0005696806 1.7831055e-06 0.0023320725 9.2600214e-07 1.0753364e-06 0.016800437 0.04672819 8.076588e-07 0.0009937988 6.9740374e-05 0.0046555083 0.0003206378 0.15965323 0.0001428494 0.000353616 0.048449945 0.0005361334 1.090358e-07 0.003189847 0.019063262 2.2885029e-06 0.06939944 1.9079155e-06 0.00027673465 6.003914e-06 0.073522575 1.7727052e-06 5.8168794e-06 0.015073673 3.0990755e-05 0.0035400065 0.024288623 2.4843987e-07 0.085168324 0.0008191143 5.2604822e-08
1.8463452e-05 8.600341e-06 0.00032760916 1.2976378e-06 7.783838e-06 1.0593436e-06 1.345616e-06 2.0604944e-08 0.05650071 0.17858931 0.010129906 1.0583559e-06 2.3312472e-05 5.7326037e-08 0.0013422613 1.2759472e-07 1.3623264e-07 2.7867643e-06 2.849439e-09 2.882137e-07 0.0054337275 0.99710053 3.3700687e-08 1.9510184e-05 0.27031478 0.0006263446 2.5217626e-06 2.1199374e-19 1.0995378e-05 2.18752e-05 0.030290358 2.120474e-07 0.00057881215 2.4435117e-06 0.00023157397 0.2511687 4.047059e-07 0.00020178409 1.3536469e-07 2.401546e-06 3.385494e-07 1.5776603e-06 4.587218e-07 6.901413e-06 5.6649412e-08 0.0030511136 2.2709003e-07 0.00013364655 3.1104676e-08 0.5206284 0.004011162 6.647499e-07 6.1195815e-06 0.00047072783 6.6744775e-07 4.0361183e-06 0.0003230617 5.1459115e-06 2.7650682e-07 0.00014605174 1.6617827e-07 2.7679955e-06 9.99302e-09 0.00012628724 0.00014284557 0.00013244234 1.3432177e-07 3.2226302e-07 6.166957e-07 0.061698522 2.5094158e-05 3.2865496e-06 7.144608e-08 2.6007376e-06 4.2905728e-07 5.290526e-07 1.0862885e-05 0.00015357706 0.0003585973 1.3855765e-06 2.775877e-07 4.9880047e-05 0.0028807453 2.6199945e-07 5.7977277e-06 3.1516905e-07 1.07966514e-07 0.00020579161 1.4785728e-05 5.8246038e-05 3.8498834e-05 2.7845435e-06 0.00067200494 8.4640385e-05 1.6152597e-06 1.9080691e-05 3.717972e-05 1.2569294e-06 3.4217396e-06 9.035275e-06 0.0020463646
0.7831175 0.0022638114 0.010552374 0.013429272 0.053468347 0.17816703 0.022784242 0.00026503336 0.00063050736 0.0063634254 0.10984841 0.69560057 0.52420694 2.7394457e-05 0.29931358 1.2001559e-05 7.464411e-05 0.0065171937 8.358133e-07 0.0040961304 0.23093116 0.00010651829 4.8858283e-06 0.00017313763 0.0129314605 0.35861525 0.99443346 1.0995378e-05 8.624181e-18 0.00036895875 0.008699717 2.6447196e-05 0.199274 0.21192342 0.38907585 0.0012824864 0.013785399 0.7346027 1.6489599e-06 4.5310976e-06 2.608332e-05 0.00035115366 0.03507552 6.247824e-06 0.00050900696 0.003253495 1.3578321e-07 0.05137763 1.7659826e-06 3.0737123e-05 0.0001977705 1.140141e-06 0.24039812 0.002953437 7.6742793e-07 0.0043899175 0.0056490456 0.096355736 1.381084e-05 0.0070635 2.1840751e-08 0.10078837 6.614659e-07 0.0018173867 0.0031255677 0.00343942 2.6904826e-07 0.0012586785 2.4922844e-07 2.1116673e-05 0.009177754 0.07123092 1.8319959e-07 0.00050630333 1.5479263e-06 0.023641463 0.003243779 0.046150114 0.0010199016 0.00016190491 0.058725353 0.0026158006 6.291631e-07 0.013849235 0.014057948 5.5534304e-07 0.06999735 9.5844465e-05 9.254619e-05 0.00016996382 0.03952485 2.4918327e-07 4.990969e-05 0.012371088 5.2855257e-06 0.0011099693 0.015687605 3.5384904e-08 0.033774324 0.00027789912 4.5947135e-07
0.944312 0.011529 0.0050792177 0.015084293 0.0035659089 0.004769575 0.07450095 0.008919531 8.946886e-05 0.00044305628 5.029893e-05 0.00043635568 2.901605e-05 0.015958266 6.0682218e-05 0.0015771181 0.3074399 0.12849833 0.001012938 0.6885225 1.8523682e-05 0.0005553129 0.6423664 0.95143485 9.831344e-06 3.0051397e-05 0.0003466688 2.18752e-05 0.00036895875 1.5183642e-14 1.2199932e-05 0.017388433 3.5475074e-05 0.0038463203 9.1529066e-05 3.2828436e-06 0.08327849 0.00012411893 0.0017045933 0.55619824 0.90149164 0.6495778 0.008877603 0.43983716 0.15423675 3.9821784e-06 0.35211796 3.8254864e-05 0.0023939214 5.4650336e-05 3.410576e-07 0.022107525 6.691073e-05 1.811416e-05 0.008235195 0.019885818 1.00992165e-05 6.180948e-05 0.28968787 3.1862794e-05 0.034438413 0.00017897978 0.00046424355 1.0133427e-05 2.0120922e-05 3.6400805e-05 0.0003938748 0.09321102 0.101313755 8.051587e-05 0.029108973 0.0001300589 0.00048042997 0.19726595 0.38410264 4.7556714e-05 3.292322e-06 0.0088027995 3.1682473e-05 0.29121733 0.00013485529 4.6402773e-05 5.483839e-05 5.302368e-06 0.06754305 0.28425723 0.0003124283 3.528013e-05 0.2744602 0.00020491268 0.011228262 0.029505868 0.00061512133 0.037421208 0.12734176 0.31699252 0.03344454 0.012343306 0.0054700216 0.28133255 3.8011335e-06
