1.0129069e-24 0.005608202 0.0014397999 0.0007807856 0.0026950282 0.03140347 0.0057553733 0.062168308 1.8488437e-05 0.23951639 0.12047863 0.00046921422 0.64911443 0.008400515 0.119527884 0.035752475 1.923988e-07 0.47378814 0.00024872282 0.5675383 9.784428e-06 0.85040385 0.7335207 0.9245618 0.14031556 0.9521643 0.024634548 0.7071575 0.07719822 0.5202905 0.0072273104 0.72714657 0.94147223 3.7072088e-05 0.9785747 0.97778654 0.2261274 0.7792955 0.029505823 0.008513531 0.0001289047 0.9374837 0.0028719648 0.44191617 0.33630103 0.12482833 0.844529 0.03746653 0.88781035 0.5122089 0.09624998 0.92520726 0.9603591 0.62217355 0.6515632 0.92076135 0.9415121 0.011746751 0.45471662 0.71784973 0.55826604 0.0010484613 0.034632087 0.84870565 0.84371585 0.8749233 0.87373847 0.9690435 0.6074673 0.9139662 0.02317624 0.9606821 0.31997132 0.9372925 0.98033845 0.9117674 0.006609158 0.8521256 2.1385162e-05 0.925381 0.99139607 0.7832167 0.92007107 0.004761031 0.9921607 0.6945261 0.9403644 0.99784166 0.83505195 0.08614227 0.93835354 0.91100097 0.9999862 0.9986179 0.9981341 0.99957526 0.08390344 0.7322336 0.99459577 0.0016765472 0.9754074
0.005608202 2.0926593e-19 0.9711449 0.7813388 0.6299711 0.7073367 0.0058897403 0.24101841 0.002448106 0.40594256 0.37345606 0.005605144 0.12180227 0.003401462 0.10060116 0.0018530901 0.00041067283 0.29744685 3.90922e-05 0.054092918 1.7065027e-05 0.27891374 0.100316525 0.00011765854 0.00020485153 0.01553287 2.1304571e-05 0.0033323427 8.694416e-05 2.226457e-05 3.9745564e-06 0.038032986 0.008126439 1.2392507e-06 0.0034355351 0.050311506 1.7736589e-06 7.319554e-05 1.6532483e-09 1.522362e-08 2.4805905e-08 0.00027475762 4.0564583e-08 9.868994e-06 2.8244554e-06 9.159032e-08 0.0015639557 2.0552955e-06 0.02893197 1.1477356e-05 2.6943073e-06 5.7976482e-05 0.00033033706 2.1737222e-05 3.451299e-07 0.0023416253 0.00012232081 6.3857203e-07 7.34145e-07 4.846376e-05 2.1001595e-05 3.27874e-09 1.3102559e-06 0.0036897934 2.112209e-05 0.0002144137 0.0007121143 0.001511363 1.9821848e-05 0.0006486668 4.0581455e-08 0.0005057175 8.6831164e-08 1.9401565e-05 0.0001081138 7.981108e-05 2.7140914e-07 6.153733e-05 1.6948421e-08 0.00018303031 0.0009319615 7.2971843e-06 8.28129e-05 9.806173e-08 0.0003397387 1.20905925e-05 1.0579594e-06 9.610532e-05 9.038835e-06 2.3664101e-07 1.8337387e-05 0.00013623922 0.00043191423 8.326838e-06 4.378035e-07 5.7763944e-05 1.718621e-07 0.00010083102 0.00016605813 9.321876e-09 0.0009143359
0.0014397999 0.9711449 2.7590193e-19 0.011146691 0.96816456 0.018768616 0.00016276429 0.016328063 0.008152376 0.1121702 0.38817865 0.007815391 0.12750822 0.0050776703 0.0070540654 4.493631e-05 0.0012227008 0.19356874 3.815845e-05 0.004802978 1.181436e-06 0.08067465 0.038561236 0.0004578879 0.0014076493 0.027229484 8.038827e-07 0.00010663344 0.00039589914 3.7796995e-05 3.4497126e-07 0.005011509 0.0013229261 6.105017e-07 0.00038695394 0.024308033 2.2920979e-08 0.0005463775 2.5847963e-10 2.6706042e-09 5.4899028e-09 0.00062926515 9.90514e-09 1.260633e-06 4.2538613e-06 8.8506225e-09 0.001961642 2.8452753e-06 0.008111356 7.5497405e-07 1.5383702e-07 0.00010140847 7.618045e-05 5.9917306e-06 7.692037e-08 0.0009726471 0.00026239917 1.0674617e-06 6.011006e-08 9.776863e-06 2.0513673e-06 8.9940944e-10 2.9397822e-06 0.0007380558 2.1946278e-06 0.00011340921 0.0005504008 0.00076354615 2.3773582e-05 0.00016396907 1.5473409e-09 0.0002513007 6.7054393e-09 3.6571357e-06 4.510371e-05 4.2685504e-05 2.4796915e-08 8.163998e-06 3.226315e-08 1.7837205e-05 0.0003229662 3.7363502e-06 1.30001545e-05 3.03407e-08 0.00035076973 5.543226e-06 2.820855e-07 9.888973e-05 5.8602545e-06 1.3715487e-08 2.9947858e-05 0.00021553635 0.00013172723 2.7186131e-06 1.0600954e-06 8.523063e-05 2.080449e-08 0.0001737286 0.00042341914 2.829325e-09 0.0007915118
0.0007807856 0.7813388 0.011146691 1.565586e-17 0.005024387 0.9443035 0.8631085 0.0986549 0.0025201326 0.0293189 0.001329704 0.00070872135 0.00043710807 0.00013797867 0.036630727 0.3388409 0.00087223493 0.0022935623 9.411804e-05 0.011202577 0.06881445 0.0053144023 0.0007555471 7.691062e-06 4.283283e-05 0.00032447773 0.015214623 0.02036665 2.570361e-05 7.6251713e-06 0.010433747 0.0038882277 0.0020508424 0.0018500194 0.006347763 0.00026420763 0.00050371705 2.1232827e-05 6.3985617e-06 1.2126863e-05 1.139916e-06 1.0083338e-05 8.743204e-06 2.0341202e-05 1.9033037e-05 1.4094406e-06 9.220116e-06 1.5161024e-05 0.00014290417 5.9591225e-06 1.4036626e-05 6.1673545e-06 0.00010387777 1.4499222e-05 1.5665701e-06 1.0319902e-06 3.7088191e-06 1.479544e-06 2.1040173e-06 4.3201268e-05 2.5690988e-05 5.9748572e-06 6.4638834e-07 7.3656374e-05 4.1768253e-05 3.2709326e-05 6.629345e-06 1.5695692e-05 6.7490882e-06 1.0799154e-05 2.1626545e-06 2.6745884e-05 3.9564907e-06 3.2496155e-05 8.606586e-06 1.6241534e-05 4.4600242e-06 7.071365e-06 8.47089e-06 2.1422353e-05 9.6918135e-05 2.8174632e-06 2.290362e-05 6.8465506e-06 7.906253e-05 4.327151e-06 9.2199094e-05 3.0725896e-05 6.4411365e-06 2.3709385e-06 9.677059e-06 1.0531853e-05 0.00044591888 7.3724077e-06 2.6552934e-05 0.00010750443 5.1912093e-06 0.00014974971 0.00016719334 3.582418e-06 0.00053158903
0.0026950282 0.6299711 0.96816456 0.005024387 1.6051059e-16 0.004389769 0.000114930575 0.012011339 0.3982406 0.08207097 0.7968702 0.22637236 0.53832424 0.2136826 0.0027589337 4.8947055e-05 0.023045732 0.20749971 0.0016636612 0.0024521193 2.9703765e-06 0.06546983 0.034566175 0.009736537 0.014259949 0.08394014 2.2632328e-06 8.434997e-05 0.0050098775 0.00073801144 3.603577e-06 0.004083304 0.0006518005 8.81484e-07 0.00044077294 0.048881236 1.4250328e-07 0.004256447 7.6439555e-10 1.5347966e-08 1.35145735e-08 0.002773706 3.7501867e-08 3.4449738e-06 4.9573173e-05 1.4289896e-08 0.003958527 4.5506476e-05 0.0061875526 3.395011e-06 3.3422248e-07 0.00051306863 2.4779343e-05 1.03162765e-05 2.225644e-07 0.0008809777 0.00069869915 2.0906315e-05 5.0845824e-08 1.2140334e-05 4.8503034e-06 1.3199299e-07 9.060778e-05 0.00032283162 2.4019675e-06 5.171146e-05 0.00042873746 0.00030515774 0.0002369928 2.7574237e-05 1.424956e-08 0.00039529853 7.8337166e-08 7.147839e-06 0.00012707154 0.00012539017 1.2543532e-07 2.0476002e-05 1.4288486e-07 2.384884e-05 0.0002715548 2.9702546e-06 5.9665017e-05 2.424842e-07 0.000614167 4.155321e-06 3.7655113e-06 0.00023943474 5.672754e-06 6.166287e-07 0.00019956414 0.0005675882 0.00068947993 5.196589e-06 3.3047063e-06 0.00038013273 6.602092e-07 0.0012360658 0.0012535054 9.725742e-08 0.002321602
0.03140347 0.7073367 0.018768616 0.9443035 0.004389769 2.6148613e-17 0.7322718 0.85710967 0.0003836822 0.6840572 0.005733356 0.0004307902 0.0038515967 0.000110303794 0.65082026 0.43088782 2.1996746e-05 0.28393295 5.1885196e-05 0.4589067 0.0006508179 0.45958978 0.09344642 9.3220195e-05 9.177328e-05 0.006246124 0.0040901676 0.1567177 4.2114196e-05 7.207876e-05 0.00035911304 0.18887626 0.052045412 2.9923875e-05 0.03764789 0.036624424 0.00036025306 0.000101115 2.1084294e-07 3.7632154e-07 4.3846825e-07 0.00020856719 5.4736086e-07 2.4029172e-05 1.0245712e-05 3.38327e-07 0.00095111266 3.4413835e-05 0.04404597 1.3471818e-05 3.5902774e-06 5.748456e-05 0.0014824705 3.434449e-05 4.912265e-07 0.0010044755 0.0002192465 4.787788e-06 1.1276921e-06 0.00035063917 1.5071169e-05 7.8848296e-07 5.074656e-06 0.03042105 2.4874784e-05 0.0008739998 0.0015321579 0.0027802596 3.9113547e-06 0.0041450504 3.6548536e-07 0.00068498653 7.715764e-07 0.00013756676 0.00012801384 7.25904e-05 1.0537273e-06 5.0677525e-05 3.199888e-07 0.00042811254 0.0018984022 5.280266e-06 0.00010589457 1.7203012e-06 0.00062346767 8.407463e-06 3.604579e-05 0.00034260843 3.911836e-06 1.9378886e-06 9.448663e-06 0.00021327876 0.00074568833 2.4900986e-05 2.3856721e-06 0.0001706533 1.065701e-06 0.0003240701 0.0007074542 3.218902e-08 0.0020465658
0.0057553733 0.0058897403 0.00016276429 0.8631085 0.000114930575 0.7322718 9.3870276e-18 0.21492982 0.0007609292 0.02674067 0.00023763465 8.872875e-05 9.70093e-05 2.6675323e-05 0.18726905 0.9624109 0.0020273787 0.0016686824 8.5945576e-05 0.13002245 0.6540923 0.007897218 0.0034753114 1.0874327e-05 4.495787e-05 0.0003503654 0.57372767 0.45093945 2.1656253e-05 5.7758603e-05 0.35548744 0.013937723 0.034736663 0.1290206 0.14976439 0.00055064785 0.1586358 6.5924854e-05 0.00018401357 2.2845505e-05 1.8175851e-05 4.6504887e-05 1.3150975e-05 0.0025789193 2.1830518e-05 0.00015462651 4.2240095e-05 4.5331594e-06 0.0012773713 0.0002960261 9.1836235e-05 9.4177885e-06 0.004393582 0.002373187 5.5104763e-05 5.9763253e-05 2.6499356e-05 1.6325592e-07 2.1270382e-05 0.0021845358 0.0003074086 9.177879e-05 5.9016276e-08 0.0012501978 0.0005967631 0.002067647 8.038352e-05 0.0001891339 2.3759067e-06 0.00032070265 2.023327e-06 0.00023425813 1.6063355e-05 0.00025648065 2.0573952e-05 5.574815e-05 2.5124532e-06 0.0002101565 0.00010687074 0.0009657022 0.0009897418 5.1426763e-05 0.00083806494 5.8553046e-06 0.00011024301 6.8911315e-05 0.00030957453 4.8758233e-05 3.816253e-05 6.6045577e-06 2.7164351e-05 0.0002978066 0.00074770424 0.0004684135 4.1381838e-05 7.965474e-05 1.01069245e-05 0.0002244706 0.00087624445 3.0106826e-06 0.0018888679
0.062168308 0.24101841 0.016328063 0.0986549 0.012011339 0.85710967 0.21492982 1.1179695e-17 0.00055857596 0.94484705 0.0017503808 0.00042400465 0.0043154415 0.0001768914 0.95447266 0.08450721 2.2193446e-05 0.3006322 0.000101895996 0.69308156 8.591165e-05 0.62114006 0.13787718 9.1926835e-05 0.00014236671 0.013954395 0.0023321314 0.07263084 2.2161235e-05 1.7011456e-05 9.24659e-05 0.27655172 0.08744226 2.5051977e-05 0.020884303 0.06564166 0.00018890714 0.00028460246 6.369559e-07 8.615022e-07 2.9543423e-07 0.00086516165 1.7801169e-06 7.514121e-05 1.2383533e-05 2.3003416e-07 0.0035948537 2.0720134e-05 0.087435625 6.812728e-06 1.0193293e-06 0.00043172276 0.0060472284 0.00029173892 2.6495158e-07 0.005524278 0.0013167874 4.715408e-06 1.2365359e-07 0.00064426736 1.7054712e-05 7.8429525e-07 3.5732905e-06 0.08084048 0.00012966494 0.0017394961 0.0050837733 0.0138446465 3.8881346e-05 0.0154377865 1.404257e-07 0.0036822392 3.4309414e-06 0.0013780659 0.003475669 0.000678631 3.114316e-07 0.00202731 8.676908e-08 0.0029604684 0.005339081 1.8975803e-05 0.0021639317 1.6263161e-06 0.0023666464 2.2264887e-05 4.6531462e-05 0.001983673 2.5230986e-05 6.233632e-07 0.0001029251 0.0003466139 0.0065726386 0.00014735467 1.3922014e-05 0.0008324627 1.2509216e-06 0.0002951947 0.0023816624 4.609097e-08 0.0021356568
1.8488437e-05 0.002448106 0.008152376 0.0025201326 0.3982406 0.0003836822 0.0007609292 0.00055857596 6.888747e-16 0.0018662878 0.61102384 0.9771738 0.08888924 0.65855396 0.00028522767 0.000637817 0.7122594 0.006928138 0.61969167 0.0010607726 8.9824076e-05 0.0007478954 0.0016327346 0.0034453804 0.03876662 0.004696926 0.00012464573 0.0017641286 0.036614716 0.0011099328 0.0006188515 0.00014711177 0.00014538941 9.7787415e-05 0.0024976835 0.0015870556 6.4494874e-05 0.0015666934 1.1047126e-06 2.1635055e-05 5.4487473e-06 0.00032417427 1.745842e-05 0.00020512404 7.624267e-05 2.4865109e-05 0.00034515248 0.0002707844 0.00042731856 1.0930649e-05 8.7654145e-05 0.00023627606 4.639786e-05 4.5618148e-05 0.00012999121 6.127515e-05 0.00018192142 7.26145e-05 1.8794244e-05 0.00036077446 2.4182003e-05 8.654565e-05 8.8236724e-05 0.00026943436 0.00016737044 7.051677e-05 0.00043768957 3.1501284e-05 0.0008330111 7.088116e-06 4.962196e-06 0.00030172078 1.2955487e-05 5.3287645e-06 3.5071807e-05 0.00023753585 1.1335666e-06 7.4109776e-05 1.2995505e-05 0.00025462234 0.0002886405 6.45129e-05 0.00030807362 1.3720558e-05 0.0007003557 0.00020062379 7.109812e-05 0.00020479214 5.4089982e-05 3.6082383e-05 8.244537e-05 0.0005822247 0.0008285599 3.4281545e-06 8.829909e-07 0.00013648123 2.4916022e-05 0.00034075562 0.0007292127 3.299444e-06 0.0016030492
0.23951639 0.40594256 0.1121702 0.0293189 0.08207097 0.6840572 0.02674067 0.94484705 0.0018662878 1.340431e-16 0.0050197393 0.0007764317 0.01896022 0.00040464383 0.7223422 0.00689818 3.504339e-05 0.8001223 0.000116823336 0.49086893 1.6566828e-05 0.9073208 0.4399837 0.0003610331 0.0002051262 0.07146722 0.00020306942 0.0066712424 4.063004e-05 3.738812e-05 3.108927e-05 0.15610018 0.036957163 2.72689e-05 0.0017230415 0.22016221 2.1377227e-05 0.0005054053 1.5470268e-07 4.6496638e-07 9.958703e-07 0.0023300515 4.049084e-06 5.0667354e-06 9.262967e-06 2.401159e-08 0.016486418 4.6317262e-05 0.23570767 2.1395503e-07 4.502008e-07 0.0022840977 0.0011002129 1.9599831e-05 2.6712831e-08 0.016007539 0.003940645 4.5937497e-05 4.0665835e-08 9.77889e-05 7.479816e-07 3.229711e-06 3.0359011e-05 0.05276163 8.109572e-06 0.0011807411 0.016105961 0.02700314 7.33434e-05 0.0069745863 2.8397722e-08 0.01123905 1.794312e-07 0.0006644618 0.01314665 0.0007921012 1.0702848e-07 0.0012228825 1.5644494e-07 0.0017017232 0.004531662 5.543437e-06 0.001606934 1.7367842e-06 0.0048081707 4.923528e-06 1.637435e-05 0.0030164528 1.6216823e-06 7.46661e-07 0.0004389597 0.00080506614 0.0042243702 8.924273e-06 1.6162753e-06 0.0013163361 6.2167446e-06 0.0008430892 0.0019169463 9.8767714e-08 0.0039522373
0.12047863 0.37345606 0.38817865 0.001329704 0.7968702 0.005733356 0.00023763465 0.0017503808 0.61102384 0.0050197393 4.7229317e-14 0.73906004 0.9726141 0.914089 0.0006407166 3.104678e-05 0.06963036 0.037444107 0.52550787 0.00052292267 5.253123e-06 0.004654953 0.01273484 0.4866732 0.5616642 0.30319446 3.001014e-06 0.00010946733 0.21531783 0.13018245 2.2355633e-05 0.00013941592 0.00010814835 1.8128298e-05 0.00017640705 0.043322388 9.129914e-06 0.06842298 1.1808503e-06 1.1729242e-06 3.634662e-07 0.017062547 4.4939222e-07 1.0435995e-06 0.0032267554 7.332027e-08 0.014084108 0.008722533 0.0009697916 3.7038532e-08 1.6243902e-07 0.0064761876 2.6446412e-05 1.7126417e-06 8.104646e-08 0.00052222743 0.0014116709 0.0022611748 1.7726594e-08 4.462462e-06 5.811437e-07 9.158099e-06 0.0014140849 4.0090294e-05 2.5553966e-06 9.7155316e-05 0.00077930524 0.00031873325 0.004259921 4.7883197e-05 6.197426e-09 0.0002847982 2.6880118e-08 4.1445343e-05 0.0007164624 0.00058159424 6.467333e-08 4.383928e-06 1.2315021e-06 2.8581351e-05 0.0001136757 5.1502684e-07 2.5698584e-05 2.3502519e-06 0.00060003804 4.319019e-07 6.783679e-07 0.00047861447 3.6452082e-07 3.577851e-07 0.00034083915 0.00091812765 0.00035853023 1.1114728e-06 4.4166367e-07 0.0013147792 1.0874255e-05 0.0052280347 0.0020922862 3.838231e-06 0.0038361363
0.00046921422 0.005605144 0.007815391 0.00070872135 0.22637236 0.0004307902 8.872875e-05 0.00042400465 0.9771738 0.0007764317 0.73906004 2.121074e-15 0.2020302 0.8807957 0.0003124331 6.746276e-06 0.20855984 0.004109467 0.8255537 0.00023223281 3.1086558e-06 0.00038224287 0.0015972137 0.04458612 0.15877707 0.015316043 1.1485585e-06 0.00039694374 0.10058632 0.014484891 2.69623e-06 0.00015655052 0.00015216554 1.1648524e-06 0.0028079718 0.0031894348 6.7590267e-06 0.008474943 1.2489904e-08 1.1574922e-07 1.5576369e-07 0.001636078 1.4242164e-07 4.2116124e-05 0.00040260487 1.0822876e-07 0.00066245865 0.0007610479 0.0003731917 2.6288246e-05 2.0347086e-06 0.00057344494 0.00019010663 4.315988e-05 6.6470393e-06 0.000181647 0.00029993747 0.00021038129 2.0968444e-06 0.0001912236 9.486052e-06 9.547472e-07 0.00014920018 0.00020849182 5.3157677e-05 0.0002562513 0.00050298666 0.00019380069 0.00091470964 5.1209852e-05 8.745179e-08 0.000105461804 5.430909e-07 6.144514e-05 3.7092457e-05 0.00017181861 1.2546461e-07 0.00012566334 1.0859181e-06 0.00013907808 0.00011330834 3.7866015e-05 0.00024924902 3.6485326e-07 0.0002357004 7.107188e-05 8.936784e-06 0.00020760552 3.730421e-05 6.8763137e-07 0.00024362175 0.00077914837 0.00057263207 1.0295274e-05 7.846798e-07 0.00043414283 2.3545615e-06 0.00064151565 0.0018614804 7.1559e-08 0.0017085482
0.64911443 0.12180227 0.12750822 0.00043710807 0.53832424 0.0038515967 9.70093e-05 0.0043154415 0.08888924 0.01896022 0.9726141 0.2020302 3.0448727e-14 0.41120702 0.0023595004 4.7507307e-05 0.00413543 0.26415065 0.02524707 0.0017623218 3.7327784e-06 0.049908187 0.09669666 0.6952763 0.5794027 0.93068177 1.8400331e-05 0.00031271565 0.17937818 0.12128387 1.95457e-05 0.0042984285 0.0017697661 6.274835e-05 0.00031662793 0.36095297 7.764123e-06 0.31776732 2.2870354e-07 4.913408e-07 3.9632937e-07 0.2459521 9.950321e-07 6.694759e-06 0.012570273 1.9509083e-07 0.15505885 0.008845671 0.014971781 7.084964e-07 7.93013e-07 0.095993854 3.624396e-05 1.6937587e-05 7.3423e-08 0.010054698 0.028554654 0.0025171842 2.514679e-07 2.7051452e-05 6.0178436e-06 1.6910561e-06 0.0011470699 0.0027678174 1.0121133e-05 0.00067868823 0.01909642 0.0062842467 0.0649574 0.0013013681 1.0244622e-08 0.009386791 1.2842878e-07 7.8587065e-05 0.015439576 0.028899334 7.4005385e-07 3.209252e-05 4.17813e-06 0.00029125356 0.0006453588 7.665287e-06 0.00011590116 1.5111265e-05 0.010674756 1.2028717e-05 2.7475593e-05 0.0128647685 3.016428e-06 2.577214e-07 0.005958112 0.02498142 0.0007032648 2.0528782e-06 5.8871537e-06 0.010968411 9.905628e-06 0.033771653 0.012262455 5.0638273e-06 0.03256344
0.008400515 0.003401462 0.0050776703 0.00013797867 0.2136826 0.000110303794 2.6675323e-05 0.0001768914 0.65855396 0.00040464383 0.914089 0.8807957 0.41120702 1.9991895e-14 0.00010903961 2.5475808e-06 0.11111522 0.0034942662 0.845392 3.342617e-05 1.6380777e-06 0.0005021247 0.0018369692 0.42102543 0.663848 0.068478264 3.326992e-07 1.2682329e-05 0.49636757 0.20867774 1.0573673e-06 8.3640125e-06 3.743557e-05 6.2390955e-06 0.0004322509 0.015962841 1.8332622e-06 0.14335737 2.617718e-08 2.6480203e-07 1.1166027e-07 0.035141937 4.9161974e-07 3.896645e-06 0.016017556 1.038737e-08 0.007874889 0.015501661 0.0005721271 5.2261174e-07 5.620205e-07 0.0041057514 3.3419477e-05 1.931173e-06 3.4514375e-07 0.0010386709 0.0011894924 0.0046601635 6.1206954e-08 1.1916115e-05 7.108767e-07 1.0498975e-06 0.00109727 7.446123e-05 4.5569554e-06 2.5630836e-05 0.00035403777 5.0038132e-05 0.011186317 5.0353283e-06 1.4732486e-08 0.0002193065 5.082371e-08 2.3268417e-06 4.864272e-05 0.00042531718 1.7946783e-07 2.1505972e-05 1.4756013e-06 1.9250214e-05 3.5362424e-05 1.1170133e-06 6.9389025e-05 4.0779432e-06 0.00043079574 1.861956e-06 3.4495977e-07 0.00024897652 1.3720826e-06 2.9206498e-07 0.00043580006 0.0010795648 4.9450173e-05 1.0078901e-06 7.2591405e-08 0.0015069603 1.2394102e-06 0.0039121127 0.002318845 6.597095e-07 0.0040079057
0.119527884 0.10060116 0.0070540654 0.036630727 0.0027589337 0.65082026 0.18726905 0.95447266 0.00028522767 0.7223422 0.0006407166 0.0003124331 0.0023595004 0.00010903961 4.66247e-18 0.13066414 1.9351764e-05 0.19001827 0.0001308086 0.9656891 0.00018844793 0.64759326 0.11532792 6.219755e-05 8.583376e-05 0.0074403672 0.0049127555 0.1718084 2.0381065e-05 1.760055e-05 0.000831685 0.51466817 0.26702875 7.53172e-05 0.06994534 0.06541711 0.0008493452 0.00013377368 9.340569e-06 6.666535e-06 1.1623024e-06 0.0009348238 9.910031e-06 0.0005186153 1.1579736e-05 2.5095796e-06 0.0034264177 2.164917e-05 0.081313394 0.00012533482 7.5685894e-06 0.00065160036 0.030424481 0.0015600141 5.0746517e-06 0.0071825045 0.0012210198 1.2636945e-05 2.5125396e-06 0.0018435275 0.00034618346 3.0828905e-06 8.895349e-06 0.08175748 0.0015047474 0.0073129884 0.005519781 0.028508628 2.3971197e-05 0.015303552 2.3291491e-07 0.0027487741 5.35087e-06 0.004640696 0.0025800434 0.0008403475 6.0514736e-07 0.0034354941 4.790325e-07 0.0039062668 0.007234658 0.00014119296 0.0017256308 3.9598012e-06 0.0015912506 0.00017086613 0.00018158794 0.0012575927 9.433371e-05 8.1671334e-07 8.286251e-05 0.0004258004 0.0046470133 0.0002121096 6.8131914e-05 0.0005581992 5.2058645e-06 0.00022022617 0.0010028047 1.9888422e-07 0.0012201037
0.035752475 0.0018530901 4.493631e-05 0.3388409 4.8947055e-05 0.43088782 0.9624109 0.08450721 0.000637817 0.00689818 3.104678e-05 6.746276e-06 4.7507307e-05 2.5475808e-06 0.13066414 5.672078e-19 4.192889e-05 0.0013352534 4.9260998e-05 0.22292927 0.43324867 0.007120241 0.0023666793 1.3171905e-06 3.2729374e-06 8.928457e-05 0.8682678 0.8800391 1.2187309e-06 1.7935309e-06 0.6783775 0.034877274 0.23381655 0.08376881 0.61340225 0.0023707964 0.5167249 1.8676836e-05 0.001580665 0.00012049321 4.68472e-05 5.5683806e-05 9.379126e-05 0.023761867 1.3663919e-06 0.00030988257 0.00027085334 3.7027653e-06 0.007231069 0.0024515297 0.00013017579 1.4857903e-05 0.08486653 0.021066666 0.00013482777 0.00052718003 1.8004659e-05 2.2211273e-07 2.072454e-05 0.012018971 0.0016730005 6.248256e-05 1.4602826e-07 0.015232292 0.0048836977 0.02338578 0.0005963214 0.0018753691 2.1784723e-07 0.004867939 5.477339e-06 0.00088270224 2.0920017e-05 0.0093983365 0.0001996698 4.4030865e-05 6.994232e-07 0.0050616213 3.96683e-05 0.0037800097 0.003592336 0.0029946999 0.0034980068 7.6189457e-07 0.00034008603 0.0025224374 0.0022587103 8.927009e-05 0.00060595333 3.0995495e-06 5.9566773e-05 0.00035608688 0.0013347123 0.0022385684 0.0005412237 0.000118971126 3.1369088e-06 0.0002750198 0.0008418114 1.3854503e-07 0.0025275592
1.923988e-07 0.00041067283 0.0012227008 0.00087223493 0.023045732 2.1996746e-05 0.0020273787 2.2193446e-05 0.7122594 3.504339e-05 0.06963036 0.20855984 0.00413543 0.11111522 1.9351764e-05 4.192889e-05 1.689466e-18 7.3393356e-05 0.9224612 0.00015732987 3.8146703e-05 3.3303855e-05 5.1837123e-05 0.00030781902 0.011735543 0.0002495846 2.6165362e-05 0.00024348653 0.020550244 0.0010039632 6.636186e-05 1.3685758e-05 0.00018616277 1.4252981e-05 0.00028347154 3.2582146e-05 1.0114243e-05 0.00026727308 1.9907816e-07 8.877819e-07 2.5353035e-07 5.8122907e-05 9.396135e-07 2.579811e-05 1.45437025e-05 1.7626024e-06 8.5391235e-05 0.00026626996 5.016958e-05 4.076069e-06 6.255622e-06 0.00012534176 2.1080737e-05 1.9715086e-05 4.5582765e-06 1.0635613e-05 3.0333602e-05 0.0002582483 1.8189662e-06 8.3045095e-05 1.163848e-05 1.5271935e-05 4.9295493e-05 5.509359e-06 2.0050891e-05 1.9558807e-05 5.2806565e-05 9.243245e-06 5.0103215e-05 4.1772973e-06 2.213267e-06 8.6021915e-05 2.437479e-06 8.890058e-06 0.00012138093 7.453307e-05 9.1490494e-07 4.2493954e-05 5.733935e-07 7.007565e-05 2.7182621e-05 1.8097938e-06 3.8669936e-05 1.9921225e-07 0.00016533518 2.808723e-06 9.212092e-06 0.000107653184 1.1954371e-05 3.931e-07 1.4721666e-05 5.1592644e-05 0.00030193923 1.1019107e-06 5.6223496e-07 9.242377e-05 5.885708e-07 6.3339176e-05 0.00022988034 1.857592e-07 0.00025660812
0.47378814 0.29744685 0.19356874 0.0022935623 0.20749971 0.28393295 0.0016686824 0.3006322 0.006928138 0.8001223 0.037444107 0.004109467 0.26415065 0.0034942662 0.19001827 0.0013352534 7.3393356e-05 2.0302829e-16 0.00017924333 0.10505364 1.1627098e-05 0.76459306 0.96386874 0.014249264 0.002598861 0.69544494 5.1282866e-05 0.0008375979 0.00037676396 0.00026042596 7.631843e-06 0.020479603 0.016773628 5.800405e-06 0.0005235169 0.5775214 1.0498649e-05 0.0035583302 5.624055e-07 6.962201e-07 5.5417064e-07 0.025765348 1.2025682e-06 2.4249287e-06 6.620206e-05 1.5765737e-07 0.043962985 0.00027674861 0.095081836 2.2120334e-07 4.567896e-07 0.0094084395 0.0004093172 2.2418444e-05 5.6070544e-08 0.014658807 0.011269478 8.924473e-05 2.6724452e-08 3.091716e-05 9.4053786e-07 1.4486028e-06 3.7583846e-05 0.012684416 1.1458993e-05 0.00020756414 0.028800769 0.01667964 0.0011865172 0.0021863899 2.3604901e-08 0.016265173 9.113915e-08 0.000101204525 0.026509747 0.009112201 9.3675624e-08 0.0003847444 6.917478e-08 0.00068451936 0.0022098387 9.853172e-07 0.0005209217 9.228214e-07 0.0152554 1.4068432e-06 1.3999908e-06 0.013746139 7.797653e-07 4.5740688e-07 0.002586877 0.0027607263 0.005981543 2.5494817e-06 8.934142e-08 0.0064824778 4.027414e-06 0.0045204717 0.0031291584 6.131762e-08 0.010534536
0.00024872282 3.90922e-05 3.815845e-05 9.411804e-05 0.0016636612 5.1885196e-05 8.5945576e-05 0.000101895996 0.61969167 0.000116823336 0.52550787 0.8255537 0.02524707 0.845392 0.0001308086 4.9260998e-05 0.9224612 0.00017924333 8.945556e-14 0.00037206625 7.642346e-06 0.00010559264 0.00016629949 0.028814264 0.28223157 0.008713441 8.157493e-06 0.00014404654 0.5454299 0.042070545 8.9395755e-05 1.2016552e-05 3.739803e-05 7.346327e-06 0.00039883115 0.001766447 1.0087425e-05 0.012247716 7.413788e-08 2.099902e-06 1.0898939e-06 0.0025734983 2.5348431e-06 3.728383e-05 0.0038165844 7.371279e-07 0.00036208614 0.005367712 3.260263e-05 8.529662e-06 9.002214e-06 0.00025670527 9.270081e-06 4.655856e-06 1.6434487e-05 1.0697511e-05 0.00018857683 0.0051736427 5.2942587e-06 8.98766e-05 3.1956017e-06 5.5666602e-05 0.0018376614 2.5128202e-06 2.5648393e-05 3.4172065e-06 9.0396665e-05 3.8629005e-06 0.0034128444 3.7551595e-07 1.9818606e-06 2.5055897e-05 2.6600824e-06 9.136127e-07 2.5301842e-06 0.00015035775 8.9650865e-07 3.0163446e-06 1.352726e-06 2.798816e-06 3.3254423e-06 1.2548037e-06 8.164085e-06 9.894109e-06 0.00019645182 1.1923476e-06 4.4998e-06 6.679903e-05 1.4058201e-06 2.923862e-06 0.00011512333 0.00046134714 8.318294e-05 7.659141e-08 1.403212e-08 0.0002816558 1.2187052e-06 0.002318764 0.00097239815 2.2695947e-07 0.002933978
0.5675383 0.054092918 0.004802978 0.011202577 0.0024521193 0.4589067 0.13002245 0.69308156 0.0010607726 0.49086893 0.00052292267 0.00023223281 0.0017623218 3.342617e-05 0.9656891 0.22292927 0.00015732987 0.10505364 0.00037206625 1.660567e-17 0.0007797464 0.6594543 0.11784247 1.3181437e-05 6.0032475e-05 0.003701101 0.031266756 0.45281026 2.8098093e-05 3.9886872e-05 0.002446162 0.9084265 0.66327083 0.000102400125 0.27924803 0.1259736 0.004208102 1.5299049e-05 6.147855e-05 1.5951306e-05 3.4888944e-06 0.00013173601 1.070734e-05 0.002471989 1.0409867e-05 4.172271e-05 0.003767112 4.9496033e-05 0.20490752 0.0005284934 3.3424894e-05 0.0006031611 0.17073676 0.006801763 2.572227e-05 0.030352456 0.001109119 1.0351085e-05 1.0696981e-05 0.0058242376 0.0014540937 1.7391311e-06 8.79559e-06 0.37931985 0.0048356513 0.05673777 0.01656965 0.12074193 7.897975e-06 0.10510098 2.204885e-07 0.01408198 5.3345916e-06 0.024139268 0.012064573 0.0010700028 1.2964763e-06 0.034964435 1.5475351e-06 0.049537152 0.08419111 0.0010054378 0.02094762 3.808445e-06 0.0039668297 0.001019289 0.0002857951 0.0013358041 0.0007112473 5.477488e-07 5.9223286e-05 0.00047065484 0.0344099 0.0013809116 0.00013229476 0.00062050443 7.150259e-06 0.00032049837 0.00066334056 7.213824e-07 0.0025317315
9.784428e-06 1.7065027e-05 1.181436e-06 0.06881445 2.9703765e-06 0.0006508179 0.6540923 8.591165e-05 8.9824076e-05 1.6566828e-05 5.253123e-06 3.1086558e-06 3.7327784e-06 1.6380777e-06 0.00018844793 0.43324867 3.8146703e-05 1.1627098e-05 7.642346e-06 0.0007797464 3.834184e-21 7.138679e-05 2.594266e-05 7.6747965e-06 1.9788831e-05 2.2033623e-06 0.23441985 0.034913838 1.286714e-05 1.2697105e-05 0.63894904 2.9770223e-05 0.00016892815 0.9052497 0.0071273535 3.6867507e-06 0.024246143 1.2073171e-05 0.00087562203 5.877199e-05 0.00032620435 8.76018e-06 0.00010680411 0.0006448676 7.022032e-06 3.0369958e-05 1.0956606e-05 5.5401796e-07 8.864621e-05 4.5224268e-05 1.6608037e-05 6.574801e-06 0.00059615454 0.00029734007 1.4027592e-05 4.663548e-06 4.976788e-06 3.1082966e-08 3.3272224e-06 0.00038830584 6.340457e-05 0.000531003 5.717513e-08 6.823746e-05 7.470094e-05 0.00024775078 1.2133828e-05 1.0208512e-05 2.5945207e-07 1.2875794e-05 8.7513064e-07 6.8222296e-05 4.095079e-06 1.134336e-05 4.419146e-06 3.602096e-06 3.8005626e-07 6.702295e-05 0.00022272905 7.5516786e-05 0.00023535805 1.6273441e-05 8.741064e-05 3.1916832e-07 7.822269e-05 2.319863e-05 5.095133e-05 1.8392539e-05 4.688593e-06 2.7296295e-07 6.637392e-06 6.314804e-05 3.216314e-05 9.694397e-06 3.4750706e-06 1.235282e-05 1.219768e-06 6.241503e-05 0.00011206443 3.0049816e-07 0.00038971892
0.85040385 0.27891374 0.08067465 0.0053144023 0.06546983 0.45958978 0.007897218 0.62114006 0.0007478954 0.9073208 0.004654953 0.00038224287 0.049908187 0.0005021247 0.64759326 0.007120241 3.3303855e-05 0.76459306 0.00010559264 0.6594543 7.138679e-05 9.8880864e-18 0.8771565 0.00032629273 0.00022060241 0.08839191 0.00046892054 0.015606927 5.5260327e-05 4.1261206e-05 3.9113827e-05 0.36374536 0.081771776 3.2897653e-05 0.009662674 0.6171297 0.00014866174 9.835916e-05 2.8707402e-06 5.4917123e-06 1.965879e-06 0.0049922904 8.419201e-06 3.1681357e-05 9.31526e-06 4.0308814e-07 0.08369796 0.00013516238 0.6475731 1.887906e-06 8.918704e-07 0.008768719 0.008171213 0.0001582979 2.6720693e-07 0.13763574 0.018227564 2.506493e-05 1.352781e-07 0.00020108026 1.1194636e-05 2.2174925e-06 1.9140361e-05 0.23486187 8.090086e-05 0.0045356033 0.15489703 0.26870987 0.00019195062 0.026829781 3.9556035e-08 0.17603643 7.4401606e-07 0.0028624614 0.12400146 0.0076095355 1.6490472e-07 0.0058557354 8.735831e-07 0.005342404 0.0122990655 5.0645976e-05 0.003633304 1.2388939e-06 0.042097546 4.2534255e-05 1.941451e-06 0.022309849 4.2885684e-05 6.0660864e-07 0.0011282329 0.0024208704 0.02244148 5.753128e-05 3.0245888e-06 0.0049477248 6.9071875e-06 0.001464544 0.0016630789 3.4266523e-07 0.0075055454
0.7335207 0.100316525 0.038561236 0.0007555471 0.034566175 0.09344642 0.0034753114 0.13787718 0.0016327346 0.4399837 0.01273484 0.0015972137 0.09669666 0.0018369692 0.11532792 0.0023666793 5.1837123e-05 0.96386874 0.00016629949 0.11784247 2.594266e-05 0.8771565 4.8206866e-18 0.007583086 0.0016024928 0.62623 0.00015335107 0.0030345423 0.00025469423 0.00010525281 1.7239825e-05 0.09774617 0.044446878 1.2305353e-05 0.0015437322 0.8025081 6.773707e-06 0.0024441073 8.333904e-07 1.7059242e-06 5.6169955e-07 0.056010827 1.8149115e-06 7.850941e-06 5.847546e-05 2.8433453e-07 0.2143687 0.00047710395 0.39475417 3.0266241e-07 9.2028057e-07 0.03277283 0.0016709468 0.00010837074 1.4590938e-07 0.15552734 0.0558137 0.00017700614 1.6855375e-07 4.0953855e-05 2.155495e-06 1.0308394e-06 4.8303737e-05 0.10349851 1.52460325e-05 0.0011590963 0.15357047 0.113720626 0.0020371273 0.016698796 5.2520807e-08 0.13886358 6.832976e-08 0.00023677683 0.11510986 0.04209805 1.07194566e-07 0.0025708869 1.8519458e-07 0.0016459026 0.0066439374 4.0159994e-06 0.0018048809 1.2126153e-06 0.08537254 6.0418347e-06 7.180452e-07 0.050862778 1.459267e-06 1.2970544e-07 0.0066123796 0.008632957 0.014047387 6.4820297e-06 4.2093956e-07 0.01145036 3.890985e-06 0.005871995 0.0038741662 3.3527343e-07 0.018247504
0.9245618 0.00011765854 0.0004578879 7.691062e-06 0.009736537 9.3220195e-05 1.0874327e-05 9.1926835e-05 0.0034453804 0.0003610331 0.4866732 0.04458612 0.6952763 0.42102543 6.219755e-05 1.3171905e-06 0.00030781902 0.014249264 0.028814264 1.3181437e-05 7.6747965e-06 0.00032629273 0.007583086 1.1909551e-14 0.84778994 0.7818717 1.385529e-06 3.871375e-06 0.37549987 0.6965876 1.1882294e-06 0.000119839075 9.210893e-05 5.3684616e-05 6.6060256e-06 0.20093282 1.7686784e-07 0.8639101 3.452983e-08 1.14009474e-07 1.150777e-07 0.66077447 2.0614861e-07 4.8599848e-08 0.09580516 8.360379e-09 0.18808998 0.088122636 0.0025700154 4.028214e-09 3.1471448e-08 0.18471561 2.5370123e-06 3.2795876e-07 9.760488e-09 0.0051137507 0.032325402 0.01049284 8.888874e-09 6.003694e-07 3.5588776e-08 8.27282e-07 0.0016972006 0.00033560308 1.4196071e-07 4.9561877e-05 0.010854767 0.0007217206 0.29787895 5.7953264e-05 5.7819602e-09 0.004276516 8.829378e-09 2.4506624e-06 0.010594882 0.07968229 1.278482e-07 1.3049462e-06 2.6454345e-06 3.6723143e-06 7.345147e-05 3.686204e-07 3.752788e-06 6.9177054e-07 0.007955764 4.4622726e-07 3.2812128e-08 0.011139757 8.5487905e-08 7.020478e-08 0.032531127 0.10328699 4.6082077e-05 9.008662e-08 8.0430475e-08 0.0310237 4.5488237e-06 0.055632483 0.030637942 3.471561e-07 0.09609702
0.14031556 0.00020485153 0.0014076493 4.283283e-05 0.014259949 9.177328e-05 4.495787e-05 0.00014236671 0.03876662 0.0002051262 0.5616642 0.15877707 0.5794027 0.663848 8.583376e-05 3.2729374e-06 0.011735543 0.002598861 0.28223157 6.0032475e-05 1.9788831e-05 0.00022060241 0.0016024928 0.84778994 2.6408776e-15 0.35220972 4.7577428e-06 1.8793078e-05 0.9833558 0.8377298 9.652827e-06 0.00010069244 0.0001710569 1.7295322e-05 3.0228659e-05 0.024175625 7.0902627e-07 0.58455724 1.2940754e-07 4.2449034e-07 1.6502406e-06 0.16811979 6.39374e-07 1.7740412e-06 0.08611947 1.6135516e-07 0.026187059 0.20108788 0.00042887157 4.464939e-08 3.5220125e-07 0.025980655 1.3276309e-05 5.7246216e-06 1.6802363e-07 0.00032323212 0.0034024403 0.02696171 3.247919e-08 4.804272e-06 3.0375284e-07 1.380014e-06 0.0064858543 0.00015032392 4.4102813e-07 3.8858845e-05 0.00082602026 0.00016477087 0.15851827 1.9887608e-05 1.3081421e-08 0.00032699204 3.8962096e-08 4.5270244e-06 0.00050761836 0.0039627934 1.6447893e-07 8.0093264e-07 3.22041e-06 2.8140691e-06 3.7640737e-05 7.210233e-07 3.03405e-06 1.0004625e-06 0.0010403605 5.515039e-07 5.5900006e-08 0.0009991709 8.551677e-08 6.87233e-08 0.002597939 0.015685922 0.00012340533 7.808625e-08 3.5291873e-07 0.003569735 1.8486824e-06 0.034508973 0.0065774103 3.9420826e-07 0.020183938
0.9521643 0.01553287 0.027229484 0.00032447773 0.08394014 0.006246124 0.0003503654 0.013954395 0.004696926 0.07146722 0.30319446 0.015316043 0.93068177 0.068478264 0.0074403672 8.928457e-05 0.0002495846 0.69544494 0.008713441 0.003701101 2.2033623e-06 0.08839191 0.62623 0.7818717 0.35220972 4.8270365e-14 3.835419e-05 7.7343895e-05 0.04035645 0.15418276 7.1517155e-05 0.00550932 0.00094770273 0.00013065488 0.00011428529 0.9322168 2.1976763e-05 0.34365407 1.2248648e-07 1.8438446e-07 1.0667182e-07 0.76539105 1.3017187e-07 4.294173e-06 0.04210819 9.779687e-08 0.6003661 0.03589637 0.046320837 1.8465053e-07 2.2448867e-07 0.3694643 8.193455e-05 9.9434965e-06 5.294058e-09 0.059594706 0.16367155 0.012363086 2.2701782e-08 8.575191e-06 7.561277e-07 0.00024343593 0.0028409222 0.003866629 1.1636232e-06 0.00020769662 0.0754218 0.018201595 0.14767261 0.0029338282 1.8868889e-08 0.05083079 4.95155e-08 0.00011264605 0.074589446 0.16724707 3.110558e-07 0.00014351807 3.6009728e-06 0.0003266523 0.0013062591 1.46972725e-05 0.00028921996 4.86701e-05 0.06933844 8.178969e-06 5.4767884e-07 0.06975452 4.1302818e-07 3.0613637e-07 0.071036614 0.09378163 0.0019419458 2.2569098e-07 7.501679e-08 0.08499957 9.909473e-06 0.06365287 0.042435426 1.0394426e-06 0.12512636
0.024634548 2.1304571e-05 8.038827e-07 0.015214623 2.2632328e-06 0.0040901676 0.57372767 0.0023321314 0.00012464573 0.00020306942 3.001014e-06 1.1485585e-06 1.8400331e-05 3.326992e-07 0.0049127555 0.8682678 2.6165362e-05 5.1282866e-05 8.157493e-06 0.031266756 0.23441985 0.00046892054 0.00015335107 1.385529e-06 4.7577428e-06 3.835419e-05 1.7360672e-19 0.8137722 1.3225375e-06 2.338434e-06 0.96203804 0.0077823615 0.18510571 0.16185263 0.6434887 0.000107777276 0.9114765 3.8631324e-06 0.14943129 0.024338126 0.006316054 1.0099535e-05 0.010379687 0.2149078 1.4120466e-06 0.015039133 6.6668435e-05 2.0079988e-06 0.0020283407 0.014255694 0.0052957432 3.6752992e-06 0.14154819 0.066942416 0.0024342793 2.2934899e-05 1.1350041e-06 2.7334263e-08 0.00097612577 0.025825342 0.011619628 0.00275273 8.255169e-08 0.0055762036 0.017616935 0.04663007 6.05979e-05 0.0010237558 7.387532e-08 0.00221448 9.1050155e-05 0.00024816886 0.00017311962 0.013564249 2.8767658e-05 1.9228748e-05 8.097855e-06 0.005024068 0.0002941454 0.0024238478 0.0023717696 0.0072704065 0.0024570723 3.2985445e-06 0.00016330022 0.0061566834 0.007644635 6.197971e-05 0.0021269026 1.2130669e-05 9.284432e-06 7.177824e-05 0.00086315535 0.0023637502 0.0050323503 7.342045e-05 3.5936177e-06 2.8559307e-05 0.00047473636 1.9810743e-06 0.00074820535
0.7071575 0.0033323427 0.00010663344 0.02036665 8.434997e-05 0.1567177 0.45093945 0.07263084 0.0017641286 0.0066712424 0.00010946733 0.00039694374 0.00031271565 1.2682329e-05 0.1718084 0.8800391 0.00024348653 0.0008375979 0.00014404654 0.45281026 0.034913838 0.015606927 0.0030345423 3.871375e-06 1.8793078e-05 7.7343895e-05 0.8137722 4.94815e-16 9.8914015e-06 5.4809343e-06 0.41916707 0.14191967 0.5438495 0.008368601 0.9325568 0.0115160495 0.787712 3.390014e-05 0.029741405 0.0021124813 0.00016305294 3.520783e-05 0.00061288447 0.11258304 1.3839561e-06 0.008718765 0.0008103237 2.8638839e-05 0.041931972 0.020049404 0.002567113 1.747381e-05 0.4178965 0.069520175 0.0023286822 0.0037762267 8.7007116e-05 7.2942515e-07 0.0010925164 0.05813165 0.019857084 0.0006200549 1.1497102e-06 0.092357956 0.045471992 0.13252203 0.0021358298 0.038987488 2.5105562e-06 0.052536953 0.00014770079 0.0057411175 0.0010914002 0.09451915 0.005686634 0.00018299105 6.993565e-05 0.08012217 3.983833e-05 0.055708468 0.037717376 0.029111018 0.036410674 3.0107993e-05 0.0018786325 0.023084374 0.017532803 0.00024580283 0.013233476 3.0062805e-05 6.939531e-05 0.00047651058 0.022074234 0.01689703 0.015768558 0.00033763648 5.1677347e-05 7.894123e-05 0.0012548994 1.1644092e-06 0.0022742318
0.07719822 8.694416e-05 0.00039589914 2.570361e-05 0.0050098775 4.2114196e-05 2.1656253e-05 2.2161235e-05 0.036614716 4.063004e-05 0.21531783 0.10058632 0.17937818 0.49636757 2.0381065e-05 1.2187309e-06 0.020550244 0.00037676396 0.5454299 2.8098093e-05 1.286714e-05 5.5260327e-05 0.00025469423 0.37549987 0.9833558 0.04035645 1.3225375e-06 9.8914015e-06 1.5158279e-12 0.95818347 6.457983e-06 9.826471e-06 3.093875e-05 6.94756e-06 1.46102375e-05 0.0033133863 1.6713443e-07 0.19069488 9.841344e-08 7.28741e-07 1.882017e-06 0.029783377 1.1177933e-06 2.0186876e-06 0.16849427 3.560322e-07 0.0031290974 0.28173912 3.7810623e-05 3.3984772e-08 2.5167398e-07 0.005690133 3.485918e-06 6.994525e-07 2.4972197e-08 1.6463116e-05 0.00053504674 0.08087717 2.1731964e-08 6.111833e-07 1.457258e-07 3.3546485e-06 0.024486376 2.4615729e-06 2.276091e-07 3.6329036e-06 0.00016919548 1.7378088e-05 0.11388067 9.79385e-07 1.02672594e-07 8.285579e-05 7.096585e-08 7.2695843e-07 6.987965e-05 0.0008473109 1.036683e-07 5.8587483e-07 3.3978142e-07 1.1815848e-06 1.1386942e-05 1.3836956e-07 1.7904806e-06 2.9616967e-07 0.00036083415 1.9471354e-07 4.8313428e-08 0.0005174802 2.0862517e-07 6.1590136e-08 0.002582142 0.01024709 0.00038281892 1.314856e-08 8.128937e-08 0.0038218892 5.558583e-08 0.091710314 0.011774825 3.111957e-08 0.054099865
0.5202905 2.226457e-05 3.7796995e-05 7.6251713e-06 0.00073801144 7.207876e-05 5.7758603e-05 1.7011456e-05 0.0011099328 3.738812e-05 0.13018245 0.014484891 0.12128387 0.20867774 1.760055e-05 1.7935309e-06 0.0010039632 0.00026042596 0.042070545 3.9886872e-05 1.2697105e-05 4.1261206e-05 0.00010525281 0.6965876 0.8377298 0.15418276 2.338434e-06 5.4809343e-06 0.95818347 1.2606559e-15 7.5411244e-06 1.7534408e-05 4.3513737e-05 3.7286565e-05 4.262556e-06 0.0045247287 1.4156203e-07 0.77202564 8.2699835e-08 4.8385476e-07 1.4716298e-06 0.21616821 9.877002e-07 2.2820615e-07 0.46216103 2.5629525e-08 0.011957605 0.59159875 0.00045598077 8.148212e-09 4.9926324e-08 0.015441704 1.2026978e-06 2.8774792e-07 1.2948711e-08 0.00027363948 0.0019305756 0.14857782 7.608642e-09 4.0569867e-07 3.025702e-08 3.866654e-07 0.012465327 2.1343047e-05 1.5158955e-07 4.6507616e-06 0.00082189834 6.557571e-05 0.44596294 5.243593e-06 2.9801552e-09 0.0004710729 9.102567e-09 8.047494e-07 0.00032728346 0.0049106376 3.366227e-08 7.5924197e-07 8.460245e-07 1.0931594e-06 2.7899594e-05 1.8326652e-07 2.248346e-06 5.296695e-07 0.0011848928 1.1147088e-07 1.4492937e-08 0.0009561286 6.3017396e-08 3.5715324e-08 0.01652154 0.10646888 2.895278e-05 1.232771e-08 1.2025062e-08 0.008144501 1.1619328e-07 0.1408434 0.022732522 9.135356e-08 0.14427026
