7.406434e-24 0.8242251 0.87455666 0.8332299 0.9507623 0.88365585 0.92581946 0.9026571 0.46364433 0.9441439 0.6241298 0.8239097 0.7040232 0.8742084 0.908216 0.97876257 0.35922202 0.8417475 0.7995108 0.8306077 0.92624545 0.42455843 0.05473052 0.15365125 0.1546224 0.97037125 0.7828296 0.22007903 0.9342265 0.52380097 0.9336219 0.10565921 0.8809992 0.027378408 0.89405733 0.9411938 0.7507822 0.91606104 0.37504303 0.99083716 0.9643416 0.16204858 0.006603207 0.006650917 0.04095681 0.90487546 0.8494109 0.9945514 0.0036164513 0.96194595 0.9016231 0.0022375437 0.975716 0.19856696 0.9894181 0.78745806 0.0012620832 0.007928165 0.01929343 0.938414 0.54879624 0.006897956 0.8356528 0.8906761 0.9983425 0.9750934 0.022954928 0.5107844 0.0053350823 0.46840826 0.4015259 0.0046236217 0.998421 7.666863e-05 0.6803815 0.9587621 0.9861923 0.22923926 0.0823036 0.99434584 0.013273246 0.22774711 0.878238 0.82228065 0.015388053 0.00017061048 0.24641405 0.2743511 0.025497949 0.5640763 0.99997437 0.008942928 0.000370282 0.7769746 0.0050144494 0.8391154 0.99886084 0.001109564 0.9999992 0.99172616 0.16459781
0.8242251 6.58164e-17 0.9092855 0.90652025 0.7594255 0.6565618 0.9317413 0.29577237 0.46131334 0.45391184 0.46162942 0.59833276 0.5283601 0.026759038 0.030358065 0.21332212 0.07363164 0.0014379009 0.00055482937 0.0004920318 0.004226127 0.13397214 0.020121837 0.00040154406 0.00026041677 0.001015844 0.009996219 0.11659982 0.0002709903 7.8112964e-05 1.660685e-05 5.5051187e-05 3.721363e-07 0.032100767 0.00010732209 0.021462854 1.0334528e-06 0.00031818292 0.006662973 0.08693473 0.0019007373 0.0006257147 0.0024882355 0.0015870028 5.491747e-05 2.9241784e-07 6.716323e-08 0.011913304 0.00566202 0.0005362301 5.601632e-09 0.0006035129 0.019803088 4.1776552e-08 0.025219876 0.00031289467 0.0031270597 1.0412201e-05 9.982943e-05 2.8762677e-06 1.4992317e-08 5.500563e-07 2.080211e-08 2.3009898e-08 0.008880097 0.00053712836 4.248797e-08 2.0345503e-09 1.043293e-06 7.975244e-10 8.687954e-08 1.6529868e-05 0.004137929 0.00032740363 3.3121488e-08 1.4130874e-05 1.43977985e-08 3.7314294e-08 5.621958e-09 0.0002031808 1.2829804e-07 8.725219e-08 7.056645e-08 6.242821e-08 2.588256e-05 3.0895706e-05 1.6791823e-07 1.2812277e-06 7.3650676e-07 7.293559e-08 0.0024710048 2.0471987e-06 5.330266e-07 5.355641e-05 1.335592e-07 4.603426e-10 4.9907662e-08 1.0008485e-05 0.0025362496 2.9991701e-05 1.5945211e-08
0.87455666 0.9092855 5.6538327e-16 0.41859978 0.83998436 0.9594663 0.6211504 0.7401856 0.086772755 0.61826754 0.022880131 0.46855664 0.34463096 0.10798632 0.15065631 0.16089077 0.0012989844 0.017403748 0.010682201 0.010932289 0.012941726 0.28028703 0.0006692634 0.00011170454 7.60189e-05 0.004789857 0.0030042313 0.04506789 0.014360125 8.692325e-05 0.00037106537 8.931659e-05 1.5223947e-05 0.02220424 0.0007520139 0.011116123 4.7606813e-05 0.0015903868 0.04486181 0.10195788 0.0013981655 0.0034150619 0.0024316458 0.003554182 0.00077470904 8.80362e-06 9.555402e-06 0.00692438 0.005611316 0.002255132 8.7076586e-07 0.0008423265 0.026999967 8.788588e-06 0.033248886 0.00048862735 0.0022001194 6.248548e-05 0.0007688378 8.470821e-05 1.7772654e-06 1.0481803e-05 2.3903635e-06 5.712316e-07 0.017490761 0.00071868 8.2887635e-07 1.1701516e-07 7.05715e-06 6.0917536e-08 1.3371756e-06 0.00034537603 0.0027444952 0.00021159259 3.452392e-07 7.62367e-05 1.0061632e-06 2.8599726e-07 9.502312e-08 0.0007950027 1.1931052e-06 1.9195417e-07 1.8395108e-06 6.023192e-07 2.3680224e-05 5.81279e-05 2.4792756e-08 3.3059578e-06 4.393902e-06 7.439994e-08 0.006558406 3.7303762e-06 3.340012e-06 9.872106e-05 1.6505239e-06 1.0717892e-09 8.0228844e-08 1.2863006e-05 0.0024304818 1.1673974e-05 2.4427287e-08
0.8332299 0.90652025 0.41859978 2.2072492e-17 0.23907246 0.19101684 0.6523439 0.03416053 0.9635706 0.115955435 0.57306474 0.551758 0.858143 0.0010562456 0.0027907311 0.08774809 0.09221935 0.0001604138 0.000112929265 9.1432754e-05 0.0005932662 0.0784866 0.065733254 0.00082235824 0.0006377331 0.00011407339 0.035434384 0.34262726 3.608875e-05 0.00024244036 1.0155678e-05 0.0002649616 7.822679e-07 0.027546072 3.4323537e-05 0.10906185 2.4279996e-06 0.00022501155 0.002670634 0.08449535 0.009352265 3.3126722e-05 0.00083512964 0.0006609785 6.2292966e-06 7.3572465e-07 3.655169e-08 0.035013653 0.0037018387 0.0008192834 2.1787068e-09 0.00017613673 0.0065855104 1.2202955e-07 0.010255509 0.0010153947 0.0015341077 2.230496e-06 4.8671307e-05 1.9090855e-06 1.5016958e-08 5.8023437e-07 1.5303067e-08 6.668061e-08 0.0049530454 0.0016729296 3.5330277e-08 5.429753e-09 4.942626e-07 3.4621415e-09 4.7190376e-08 1.10979245e-05 0.0057388046 6.0749386e-05 1.9342158e-08 0.0002037204 4.7453035e-08 4.4253536e-08 2.3650509e-08 0.00036399852 5.129451e-07 9.755152e-08 1.6782042e-07 1.8324486e-07 1.7853357e-05 8.792948e-06 1.07884375e-07 2.882985e-06 1.8632973e-06 6.8292366e-08 0.0019382694 1.5799308e-06 8.270476e-07 9.738156e-05 5.47776e-07 5.3818914e-09 2.4562414e-07 3.6757374e-06 0.003127133 7.2762086e-05 6.2754125e-08
0.9507623 0.7594255 0.83998436 0.23907246 9.6566135e-15 0.639065 0.3388174 0.89557785 0.03957419 0.48812357 0.0013445443 0.91022927 0.25549597 0.9050794 0.5437292 0.047527328 0.00018675989 0.29829997 0.15042146 0.14273688 0.06635133 0.7798046 0.00023875955 2.3416105e-05 1.4471813e-05 0.026006028 0.00034753856 0.056732237 0.043625113 1.8309925e-06 0.0016546365 1.6864831e-05 0.00015693186 0.035184316 0.0030540288 0.0022677074 0.00021925964 0.0031115417 0.44851524 0.037171997 0.00038357664 0.039508045 0.058339216 0.07365748 0.012978384 7.457829e-05 0.00020669519 0.0013879683 0.0245477 0.0020729392 2.6336777e-05 0.02290382 0.01649727 0.00012219476 0.018838672 6.554889e-05 0.010812779 0.0018384308 0.029940097 9.027941e-05 2.442453e-05 0.0003573863 1.2421561e-05 3.3938586e-06 0.016180089 4.6625013e-05 1.461899e-05 2.9767045e-07 6.963616e-05 1.2866086e-07 4.2956353e-06 0.01663053 0.00050436094 0.0036641755 1.8340071e-06 1.6622732e-06 3.2033397e-06 6.5689505e-07 1.0557179e-06 0.00043827767 5.2411738e-06 4.2138897e-09 2.1714604e-06 2.0926452e-06 0.0018745798 0.00091823447 5.967161e-09 8.672987e-08 1.3004705e-05 7.691391e-08 0.007736046 7.667937e-07 9.6081e-06 8.541693e-06 2.8550987e-06 2.6988204e-08 1.2670693e-06 0.00085936725 0.0027254224 1.3888105e-05 6.218206e-09
0.88365585 0.6565618 0.9594663 0.19101684 0.639065 1.2579028e-16 0.654717 0.85649115 0.043282714 0.87606966 0.011532881 0.30106536 0.20951785 0.15701611 0.2588359 0.32814333 0.00039957542 0.022390889 0.019406917 0.020896096 0.02313891 0.18975584 0.00042331437 5.2920303e-05 3.551031e-05 0.007768676 0.0031264678 0.040458973 0.015466405 3.2793407e-05 0.00025973347 4.065593e-05 1.0135186e-05 0.010733735 0.00061432313 0.016076928 3.028735e-05 0.0011875865 0.036401957 0.1669121 0.0007211138 0.0020718887 0.0012498467 0.0016558103 0.00040910667 1.259904e-05 1.0640991e-05 0.006483288 0.0025448566 0.0017063832 8.1444523e-07 0.00043795697 0.050311625 4.8720135e-06 0.052185856 0.00032138816 0.0012747847 3.0750198e-05 0.00032912358 2.9157578e-05 2.1744902e-06 4.5262045e-06 2.4067483e-06 7.867727e-07 0.028170843 0.00055597204 5.650759e-07 2.5228076e-07 2.3181567e-06 7.518755e-08 1.009253e-06 4.341575e-05 0.0018579421 0.00010801837 2.017282e-07 5.2903244e-05 1.1205321e-06 3.8796892e-07 4.3619607e-07 0.0008836072 1.8836527e-06 1.14034165e-07 1.9204272e-06 1.7500502e-06 4.815701e-05 2.6953956e-05 9.677188e-08 1.3453132e-06 1.0173626e-06 6.721346e-08 0.008201184 1.2035538e-06 2.2534894e-06 5.3684616e-05 7.807162e-07 2.4973947e-09 2.776907e-07 2.9366188e-06 0.0021274057 1.1059022e-05 4.8889905e-09
0.92581946 0.9317413 0.6211504 0.6523439 0.3388174 0.654717 7.377367e-15 0.18999007 0.3062648 0.59582317 0.5433517 0.25990474 0.44645452 0.022140488 0.04859848 0.9146176 0.21636099 0.0018890912 0.0008261577 0.0008086342 0.005403147 0.07019679 0.0839833 0.0076597882 0.0051139016 0.0018521828 0.13493899 0.10126165 0.0003781504 0.0048895627 7.229451e-05 0.0020968034 1.911957e-06 0.014903054 0.00012036675 0.2969653 3.4098368e-06 0.0002520599 0.0005362051 0.25615296 0.022324774 4.246353e-05 0.0006172277 0.0004840992 1.0058817e-05 6.1083193e-07 5.4393e-07 0.07003481 0.0017144314 0.0011560604 2.3626162e-08 0.0002109229 0.045033418 2.275277e-07 0.0695785 0.007905926 0.0012083764 2.5688794e-06 1.2408585e-05 6.6591074e-06 2.1530984e-07 5.1319364e-07 3.3576427e-07 9.390013e-08 0.03249069 0.006856294 7.411766e-08 1.4304084e-07 1.1544876e-06 4.206552e-08 4.7603496e-07 1.5461661e-06 0.031323034 2.0221687e-05 1.5316932e-07 0.0005820417 2.9699896e-07 2.1339003e-08 3.529068e-08 0.0004763847 1.8267586e-07 3.5568097e-05 1.0010972e-06 2.4357465e-07 1.9771609e-05 2.5240674e-06 2.4164092e-05 0.000352821 2.1665787e-06 5.8368784e-08 0.009329242 0.00037997944 1.741045e-07 0.0008118869 1.2016723e-07 1.7715398e-09 8.3384386e-08 5.303547e-06 0.019155912 0.0002426194 1.9291637e-07
0.9026571 0.29577237 0.7401856 0.03416053 0.89557785 0.85649115 0.18999007 1.2625227e-16 0.0028618034 0.8251081 0.00055641314 0.19236071 0.040898956 0.72083503 0.94250405 0.09187785 0.00016909884 0.41691977 0.5042925 0.53310174 0.32290637 0.20820802 0.0001358351 2.6946966e-05 1.661347e-05 0.06679128 0.0011025673 0.0018409152 0.1649872 9.322229e-06 0.002365676 1.1276303e-05 0.00019728541 0.0034517983 0.007200806 0.0058888528 0.00043093666 0.014950222 0.28885385 0.2099523 0.0013667427 0.024422722 0.00527209 0.014850001 0.006672168 0.0002524164 0.00043110005 0.0039967736 0.0027885549 0.009387328 3.4060584e-05 0.0030660813 0.16069178 0.00010344803 0.16675788 0.00013931809 0.0011708406 0.0002665067 0.010337841 0.0006899486 3.9009075e-05 5.1009476e-05 5.6494446e-05 4.786012e-06 0.098348886 0.0008887163 5.111185e-06 5.065706e-06 1.4656946e-05 2.2497936e-06 9.466874e-06 0.0024711639 0.0025096901 0.0010094715 3.0433987e-06 3.7943664e-05 2.4840412e-05 1.1211703e-06 5.848349e-07 0.0037631856 2.8238787e-06 7.0260775e-08 3.5554327e-05 1.4782204e-05 8.387877e-05 8.91418e-05 1.5206933e-08 3.54148e-07 5.423872e-06 3.571013e-07 0.020107336 8.4361307e-07 1.0924559e-06 5.2015595e-05 1.0368626e-06 4.4768097e-08 1.3869991e-06 3.739197e-05 0.0020896578 1.7577588e-05 6.0807808e-09
0.46364433 0.46131334 0.086772755 0.9635706 0.03957419 0.043282714 0.3062648 0.0028618034 7.6175595e-16 0.023031859 0.69047326 0.25899267 0.9595007 0.00010791685 0.0005268918 0.02889361 0.14601307 3.070027e-05 2.9334882e-05 2.2044163e-05 8.8956156e-05 0.028633818 0.26378685 0.0027716924 0.00207446 1.7858225e-05 0.03172473 0.3389755 3.810854e-06 0.00065907754 4.3005252e-06 0.00083735836 9.877223e-08 0.022336217 2.106714e-06 0.043679234 4.592532e-07 7.31205e-06 4.183874e-05 0.015803017 0.0066884835 9.759358e-06 0.0004888613 0.00029475868 9.135483e-07 1.9340011e-07 2.0566544e-08 0.014895004 0.0029821259 6.0703984e-05 7.973606e-09 0.00015772648 0.0005073645 8.395635e-08 0.0012424721 0.0015656763 0.000993059 1.5222821e-06 5.3885706e-06 9.099303e-07 5.0213302e-08 4.5584966e-07 2.963814e-08 1.0942999e-07 0.0005251796 0.001754626 6.8665265e-08 9.719617e-09 1.4541755e-06 5.833325e-09 5.311691e-08 9.210177e-06 0.0038675377 3.9520164e-05 2.7478066e-08 0.0006024672 1.1649317e-07 9.3156025e-09 3.1429575e-08 1.2020781e-05 8.478257e-07 1.858916e-07 1.8609842e-07 1.88705e-07 7.3071355e-06 2.7408475e-06 4.0300242e-07 6.6244406e-06 2.8830427e-06 5.0983693e-09 0.001688812 6.2559034e-06 7.447501e-07 6.744819e-05 3.5014955e-07 3.3592872e-08 1.4321883e-07 1.1105933e-06 0.0021747132 8.9596935e-05 8.8597474e-08
0.9441439 0.45391184 0.61826754 0.115955435 0.48812357 0.87606966 0.59582317 0.8251081 0.023031859 5.969246e-16 0.01687574 0.1375931 0.07258903 0.20178613 0.6588028 0.9195982 0.0009131491 0.09057174 0.09740081 0.12975572 0.17185932 0.10090658 0.0014244604 0.00029335203 0.00018347139 0.034278665 0.003101509 0.016734188 0.02088142 0.00013682527 0.00062541733 3.8921342e-05 0.0001184751 0.004244845 0.0021082931 0.17242055 0.00012569537 0.013253596 0.018178202 0.69253045 0.0033372948 0.0040777684 0.0005087587 0.0007890484 0.00020794297 1.1879544e-05 1.9353574e-05 0.050662667 0.0011313823 0.017715495 1.4066421e-06 0.00047727872 0.31601965 1.5645568e-05 0.3334462 0.00065424363 0.0009298818 6.622745e-05 0.00088852603 6.684727e-05 6.6950116e-07 1.00003945e-05 2.5136635e-06 8.5490075e-07 0.09027997 0.0018148546 4.1518726e-07 6.52446e-07 5.180844e-06 3.1770517e-07 5.1981056e-06 0.00018220446 0.011964541 0.00014696887 9.391782e-07 0.00020883926 6.5768204e-06 4.362651e-07 3.380928e-07 0.0034634483 3.2378712e-06 8.4524544e-07 1.1812699e-05 1.8319735e-05 0.0001402229 6.417608e-05 8.1866517e-07 3.4912612e-06 4.1426038e-06 4.848391e-07 0.039060228 4.971096e-06 2.6833e-07 0.00020526083 3.917576e-07 4.4630063e-08 5.176613e-07 5.2871113e-05 0.0101992395 7.0366965e-05 7.966992e-09
0.6241298 0.46162942 0.022880131 0.57306474 0.0013445443 0.011532881 0.5433517 0.00055641314 0.69047326 0.01687574 3.632511e-16 0.010926363 0.3049734 2.4416075e-05 0.00023305748 0.105040886 0.9671486 1.1433003e-05 3.2596723e-05 1.21222265e-05 0.00017442551 0.0018505304 0.8724379 0.084798895 0.074054055 8.9099185e-06 0.5845678 0.18284841 5.3070075e-06 0.015903944 2.197761e-06 0.022490334 3.582522e-07 0.007770384 6.39028e-06 0.53692913 1.4235477e-06 4.155058e-05 2.8481368e-06 0.1420832 0.16028197 4.0896193e-06 2.3798219e-05 4.6732002e-06 5.3413595e-07 2.6732062e-07 2.6078805e-08 0.24005808 0.0006750247 0.00038338391 7.4142643e-09 2.5903214e-06 0.0070158807 2.6932513e-08 0.013726954 0.0425706 0.00017987266 1.6939356e-06 5.406755e-07 5.726557e-07 7.216621e-08 1.8948352e-07 2.2909527e-08 4.3775355e-08 0.002314051 0.023518363 2.0236762e-08 8.704072e-09 5.27604e-07 4.888524e-09 7.076363e-08 7.0772643e-07 0.06075106 1.2478434e-05 3.7989118e-08 0.007339588 2.8041674e-08 3.5706587e-09 2.2705333e-08 0.00046026672 3.5388837e-07 8.567861e-07 1.222307e-07 1.0510781e-07 0.0001064003 2.774854e-06 3.9811366e-07 2.277357e-05 2.96477e-06 3.400714e-08 0.0027058215 4.2804862e-05 8.2679335e-08 0.0006951036 4.5037385e-07 1.6387043e-08 3.2538733e-07 3.330489e-06 0.010206353 0.00092246686 1.02959696e-07
0.8239097 0.59833276 0.46855664 0.551758 0.91022927 0.30106536 0.25990474 0.19236071 0.25899267 0.1375931 0.010926363 2.0187835e-16 0.86532634 0.06634589 0.028567081 0.026492553 0.00023829413 0.0085215205 0.0028751544 0.0026522567 0.0055081253 0.9857284 0.00058487785 3.9560477e-05 2.8229408e-05 0.0015437102 0.00078984123 0.13790841 0.00086232554 1.8909279e-06 8.602979e-05 1.3685954e-05 1.183734e-05 0.097070746 0.00013140627 0.003109894 1.9378378e-05 0.0007854706 0.08937332 0.011789629 0.00040548402 0.001482933 0.031152528 0.019380087 0.00015409155 2.3941577e-06 4.090873e-07 0.0012753488 0.024485637 0.0011623922 7.62707e-08 0.0043683765 0.0023928988 1.1484949e-06 0.00421657 7.406605e-05 0.01441754 2.3683226e-05 0.0024407578 1.0326642e-05 7.367916e-08 4.820358e-06 4.513264e-08 3.5560225e-07 0.002934308 7.049217e-05 1.3838472e-07 1.0960038e-08 1.0371929e-06 1.02151e-08 2.0455525e-07 0.0010082847 0.00047584777 0.00104185 2.1261418e-07 4.4676444e-06 1.3197675e-07 2.805766e-07 9.861731e-08 0.00033847115 1.1215178e-06 1.2595423e-07 1.0233899e-06 4.2476954e-06 5.5903343e-05 0.00022422626 4.5918114e-08 3.5718543e-07 2.9116936e-06 2.990547e-07 0.0022686808 1.3717064e-07 3.0418303e-07 2.203937e-05 8.2744367e-07 6.5245494e-08 3.046513e-07 9.719294e-05 0.001186833 1.3217376e-05 1.8264126e-08
0.7040232 0.5283601 0.34463096 0.858143 0.25549597 0.20951785 0.44645452 0.040898956 0.9595007 0.07258903 0.3049734 0.86532634 1.1220556e-14 0.0021485307 0.0063897083 0.049016323 0.026742462 0.00024332406 0.00019729804 0.00018466279 0.0007999308 0.45588088 0.06265026 0.0007762537 0.0006626438 0.00019510007 0.016904138 0.816119 0.00016813146 0.0003937174 4.5315537e-05 0.00045560848 5.637066e-07 0.36988983 5.816696e-06 0.022109175 1.7320467e-06 1.5080242e-05 0.002351975 0.017018149 0.0040044882 0.00019788898 0.011639963 0.0053207288 3.4239412e-05 1.7910083e-06 1.0807659e-06 0.0071361517 0.036458302 0.00022668553 1.040032e-07 0.0022314228 0.0003482635 8.252792e-06 0.00068845524 0.00085990585 0.02045695 2.1363063e-05 0.00026532926 5.983725e-06 5.612305e-07 4.5066627e-06 4.8522674e-07 2.0696343e-06 0.000850572 0.00077532994 3.3702843e-06 9.640214e-08 8.895757e-06 6.8095964e-08 1.2724773e-06 0.00025839536 0.0022011523 0.000377973 1.0484397e-06 0.0002622308 6.231623e-07 3.3162567e-07 2.2360815e-07 2.846699e-05 3.1356644e-06 1.1467771e-07 9.0187933e-07 7.6078584e-07 8.913194e-05 5.173583e-05 4.985141e-07 4.6455484e-06 1.3780277e-05 1.02989944e-07 0.004583974 8.095407e-06 2.3761945e-06 9.577521e-05 2.0703687e-06 2.8907363e-07 1.6230406e-06 2.3374494e-05 0.0025367779 0.00023556218 2.8300678e-07
0.8742084 0.026759038 0.10798632 0.0010562456 0.9050794 0.15701611 0.022140488 0.72083503 0.00010791685 0.20178613 2.4416075e-05 0.06634589 0.0021485307 2.7006965e-18 0.7100411 0.008948136 3.986075e-05 0.96256787 0.66844356 0.59158695 0.34676993 0.11078445 2.9260978e-05 5.3679364e-06 2.8252716e-06 0.16753094 0.00014684586 9.5699615e-05 0.6548431 7.946823e-07 0.020299638 9.775897e-07 0.0013180533 0.000534232 0.012470964 0.0012674942 0.0012252325 0.014114496 0.58917224 0.033726346 0.00018306644 0.11334086 0.007984656 0.022802865 0.047507275 0.0003697663 0.0014201096 0.00064287806 0.0015289146 0.008509623 0.00011539219 0.0047500264 0.030960768 0.00083063083 0.030781992 6.0932154e-05 0.00037439604 0.0021879293 0.07755695 0.0006838714 7.50998e-05 0.0006669406 5.6068646e-05 4.9384917e-06 0.037836093 5.0831448e-05 6.069796e-05 2.9827586e-06 4.47548e-05 1.1032082e-06 3.2248805e-05 0.021196311 0.00034313294 0.0013368505 3.257815e-06 2.2007875e-06 4.5947927e-05 9.862977e-07 2.856335e-06 0.0016126549 4.460148e-06 2.410275e-09 1.8704804e-05 8.708659e-06 0.00022943421 0.00029444683 2.2820712e-10 5.512812e-08 2.0500238e-06 2.815132e-08 0.010798145 3.6022556e-07 4.685982e-06 1.186577e-06 1.2607196e-06 5.716618e-08 2.7588032e-06 0.0002384344 0.00072237273 5.85712e-06 3.6289138e-10
0.908216 0.030358065 0.15065631 0.0027907311 0.5437292 0.2588359 0.04859848 0.94250405 0.0005268918 0.6588028 0.00023305748 0.028567081 0.0063897083 0.7100411 2.7862373e-16 0.035169445 7.13565e-05 0.58533454 0.7090675 0.7301673 0.8604041 0.05304708 9.8984456e-05 3.8663336e-05 2.6785141e-05 0.34852877 0.0005114365 0.00018617413 0.22536609 7.709112e-06 0.009652588 1.1227157e-05 0.0011662708 0.00041454096 0.02361368 0.004967779 0.0007476397 0.042917185 0.17757459 0.15702842 0.00079434784 0.016017998 0.0009117516 0.003119109 0.0056272396 0.0005459106 0.0010619558 0.0032758773 0.0005086074 0.032263484 0.00016274753 0.0006673418 0.28328288 9.656083e-05 0.25193673 0.00012764141 0.00036382847 0.00035985527 0.009275782 0.001082962 0.00016338823 0.00016083152 0.0001925542 1.8964207e-05 0.19219294 0.0007534884 1.448953e-05 2.9714489e-05 2.3581155e-05 9.407429e-06 5.72069e-05 0.0008513969 0.001413892 0.00020219787 1.3812353e-05 2.3150144e-05 8.9682326e-05 9.007125e-06 2.9503485e-06 0.0074786334 3.713537e-06 2.4283082e-07 6.0577444e-05 6.7122535e-05 0.00019650243 2.707045e-05 1.027392e-07 3.518524e-07 7.80494e-06 2.449959e-06 0.039051633 2.2965496e-07 3.5930998e-06 4.792861e-05 5.3475082e-06 2.1922942e-07 1.7292403e-05 3.694534e-05 0.0026199573 3.2197637e-05 9.23664e-09
0.97876257 0.21332212 0.16089077 0.08774809 0.047527328 0.32814333 0.9146176 0.09187785 0.02889361 0.9195982 0.105040886 0.026492553 0.049016323 0.008948136 0.035169445 6.87719e-17 0.016413586 0.0018264347 0.0013867181 0.0017770943 0.006853757 0.008629393 0.01352369 0.0026646708 0.0017839631 0.001972729 0.045526896 0.0080053685 0.0021034428 0.0022277369 8.238116e-05 0.0005850101 4.833818e-06 0.0023915744 0.00027876682 0.6153403 7.873616e-06 0.0014355106 0.00040377746 0.9126567 0.011600483 0.00027277495 8.1591854e-05 7.148565e-05 2.7284092e-05 3.7129385e-06 3.610863e-06 0.22770868 0.0006624808 0.0011283443 1.407723e-07 0.000103160346 0.063897096 1.5396096e-06 0.16437471 0.0055699903 0.00025302687 4.0807445e-06 9.62585e-05 1.2810975e-05 9.579859e-07 8.7632833e-07 4.3554593e-07 1.12522514e-07 0.025677314 0.0033724224 2.3176054e-07 7.548067e-08 8.3853894e-07 2.4683615e-08 1.0782796e-06 3.565519e-06 0.061805747 4.8148697e-05 6.8226257e-07 0.0004992138 6.462657e-07 1.1842849e-07 2.354392e-07 0.0003814317 4.3764405e-07 7.88635e-05 1.3533635e-06 2.3297391e-06 5.601376e-05 1.05874615e-05 1.1595241e-05 0.000661552 4.720749e-06 8.254067e-08 0.012596819 0.00019231434 2.3737064e-07 0.0009319877 5.305132e-07 2.6920342e-08 1.3254889e-07 5.9280214e-06 0.045686603 0.00018655785 1.9394074e-07
0.35922202 0.07363164 0.0012989844 0.09221935 0.00018675989 0.00039957542 0.21636099 0.00016909884 0.14601307 0.0009131491 0.9671486 0.00023829413 0.026742462 3.986075e-05 7.13565e-05 0.016413586 1.4475839e-15 2.6190479e-05 2.1624492e-05 8.455668e-06 5.304222e-05 7.9941485e-05 0.9726192 0.48717296 0.45147654 2.3426771e-06 0.7936045 0.061533444 4.976888e-06 0.22197026 8.061102e-06 0.31207496 8.0061113e-07 0.002502433 2.643968e-05 0.51978445 3.9093447e-06 3.7359394e-05 9.122189e-07 0.040874366 0.24224903 1.0546196e-05 2.455753e-06 4.6208665e-06 5.1337256e-06 9.964793e-07 2.763016e-08 0.147945 0.00046663603 0.00022142762 6.156806e-08 5.0816834e-06 0.0030173846 2.866947e-07 0.0041643246 0.1398932 9.078059e-05 2.8857237e-05 4.941415e-07 1.2602989e-06 4.2656646e-07 6.0482976e-06 2.2045025e-07 1.7755053e-08 0.0005211424 0.038654115 1.1429977e-06 2.8240285e-07 8.362219e-06 2.9883915e-07 5.393818e-07 1.7124491e-06 0.07288481 1.8527111e-05 1.1478319e-07 0.02136062 6.9916936e-08 1.6040282e-09 1.673926e-06 0.0004966784 2.4544327e-06 2.752915e-05 6.014571e-07 1.3722716e-07 0.00020776734 1.180333e-05 9.49015e-06 0.00015178868 2.126223e-05 3.0485257e-08 0.0015968961 0.0008145688 8.459995e-07 0.0017649339 1.2348974e-06 1.4675303e-08 2.5879547e-07 1.1769451e-05 0.011583211 0.0016281002 6.918385e-07
0.8417475 0.0014379009 0.017403748 0.0001604138 0.29829997 0.022390889 0.0018890912 0.41691977 3.070027e-05 0.09057174 1.1433003e-05 0.0085215205 0.00024332406 0.96256787 0.58533454 0.0018264347 2.6190479e-05 9.310887e-18 0.9459183 0.9154217 0.50205404 0.019985065 1.1092739e-05 3.959359e-06 2.315075e-06 0.44555578 7.637555e-05 1.2767823e-05 0.82152057 1.2071748e-06 0.10226619 7.583302e-07 0.016814958 7.848932e-05 0.047710944 0.0011119405 0.009329397 0.04276425 0.50368685 0.035139993 7.220521e-05 0.13966481 0.0018711362 0.0064471937 0.081296675 0.0027563972 0.013423446 0.00069193396 0.00036235127 0.028977055 0.0012532233 0.0012622692 0.0620481 0.005311294 0.065747425 9.5537525e-06 0.00010578484 0.0043801926 0.061960153 0.004927235 0.00019438005 0.0014606066 0.00025001392 0.00011304898 0.09184734 2.441307e-05 0.00022658135 5.810939e-05 0.00010158173 1.9110537e-05 0.0002034961 0.0145768635 0.00020935574 0.00043309724 2.201622e-05 5.912534e-06 0.0007169853 1.112658e-05 3.7939793e-05 0.004993231 2.7185186e-05 4.165996e-09 0.0003202103 0.0003286227 0.0004325049 8.6746295e-05 1.7794767e-10 1.2765886e-07 4.2689308e-06 2.9428665e-07 0.023370061 2.104775e-07 6.5406357e-06 1.4344021e-06 3.4973962e-06 2.5977233e-06 4.6161073e-05 0.00022064008 0.0007347852 4.785898e-06 9.610445e-10
0.7995108 0.00055482937 0.010682201 0.000112929265 0.15042146 0.019406917 0.0008261577 0.5042925 2.9334882e-05 0.09740081 3.2596723e-05 0.0028751544 0.00019729804 0.66844356 0.7090675 0.0013867181 2.1624492e-05 0.9459183 1.5216148e-17 0.97676367 0.6966293 0.011444845 1.5548794e-05 3.9708093e-06 1.5119231e-06 0.68203735 0.00019660551 1.5068582e-05 0.65275735 8.063427e-07 0.098301284 9.333317e-07 0.02039313 4.8898906e-05 0.08625588 0.0014039986 0.008966541 0.102335975 0.3443536 0.06335078 0.00017918095 0.08364276 0.0009144227 0.0032022602 0.03651412 0.0036075315 0.008608425 0.0009138203 0.00058030087 0.044709027 0.0010401825 0.0006840305 0.16308108 0.0031135038 0.12160835 1.43000625e-05 0.00015821912 0.0028278837 0.03106834 0.0032540273 0.00019913162 0.0010387595 0.00027299358 0.00010580693 0.14816962 0.00014410507 0.0001789144 0.00012267688 7.418834e-05 2.1477972e-05 0.0001324518 0.010622719 0.000387733 0.00022180445 2.6893387e-05 4.0624436e-06 0.00031061337 1.7178068e-05 9.068662e-05 0.005764159 3.1720927e-05 1.3651233e-08 0.00017462774 0.00022124503 0.00037497224 5.7223326e-05 1.6139069e-09 8.2217625e-08 6.7959527e-06 2.035064e-06 0.03129567 3.9369e-08 4.075012e-06 3.617491e-06 8.995408e-06 6.8798004e-06 4.74517e-05 0.00024279741 0.0009415372 5.766583e-06 6.758194e-10
0.8306077 0.0004920318 0.010932289 9.1432754e-05 0.14273688 0.020896096 0.0008086342 0.53310174 2.2044163e-05 0.12975572 1.21222265e-05 0.0026522567 0.00018466279 0.59158695 0.7301673 0.0017770943 8.455668e-06 0.9154217 0.97676367 1.0561651e-17 0.7146893 0.007112918 1.2777495e-05 3.215282e-06 1.3451286e-06 0.72816324 9.32474e-05 3.4065102e-05 0.5730731 8.104844e-07 0.17276885 9.585791e-07 0.06410193 2.1928527e-05 0.13425446 0.0010310868 0.030873189 0.17817077 0.22605939 0.058753293 0.00012270648 0.07874861 0.00081181305 0.002325184 0.03760624 0.010181086 0.009588515 0.00085312 0.0006410255 0.08700318 0.0018577243 0.00058057456 0.2462233 0.0035668714 0.15796079 6.0618154e-06 9.048102e-05 0.0043246597 0.019420352 0.005591926 0.0002791667 0.0017365126 0.00029514352 0.0001928282 0.20397949 0.00010325662 0.00031537158 7.860266e-05 0.00012890581 2.2165503e-05 0.0001338426 0.0046438035 0.0003732499 0.00023563138 2.7650076e-05 2.9495072e-06 0.00036775958 1.8505283e-05 6.025502e-05 0.007921726 5.0728784e-05 2.6912794e-08 0.00024515393 0.00035314166 0.0006565857 6.2328836e-05 4.0096637e-09 1.0549986e-07 1.5308886e-05 1.0866615e-05 0.041869786 2.9487307e-08 4.8107504e-06 4.586586e-06 1.0283497e-05 1.288088e-05 8.704845e-05 0.0003428516 0.0010859572 5.0576737e-06 1.5222247e-09
0.92624545 0.004226127 0.012941726 0.0005932662 0.06635133 0.02313891 0.005403147 0.32290637 8.8956156e-05 0.17185932 0.00017442551 0.0055081253 0.0007999308 0.34676993 0.8604041 0.006853757 5.304222e-05 0.50205404 0.6966293 0.7146893 7.9353355e-18 0.009954869 3.442565e-05 1.8530698e-05 1.09957555e-05 0.9752997 0.00025419483 1.618504e-06 0.13811094 8.3111405e-07 0.024398841 1.5972304e-06 0.019411348 1.8827377e-05 0.0764729 0.009511357 0.007904629 0.17720954 0.052160602 0.2186833 0.00035382088 0.01882611 0.00019500968 0.0002553896 0.008213563 0.0033015264 0.0031801125 0.004320877 4.7739115e-05 0.15049863 0.00073099934 0.00010843959 0.5015594 0.00047977726 0.3591176 0.00016488625 4.5632114e-05 0.00056883617 0.0048909127 0.0046408484 0.00031301522 0.00020715006 0.00028830406 5.1605733e-05 0.33119544 0.0003885603 1.2172992e-05 3.174741e-05 3.9539656e-05 1.9895044e-05 3.7332713e-05 0.00025751934 0.0016359687 6.0531424e-05 7.879092e-06 1.5484866e-05 0.00026914722 5.3257263e-06 2.1426283e-06 0.021595545 1.17208165e-05 2.565233e-07 0.00014350192 0.00020179835 6.272717e-05 6.811886e-05 6.943519e-08 5.004825e-07 6.8795184e-06 4.089397e-06 0.11629648 2.606477e-07 3.1192963e-06 4.3663804e-05 1.8654326e-06 1.0431268e-06 8.131093e-06 7.115801e-05 0.0038773871 1.2579627e-05 1.0536388e-08
0.42455843 0.13397214 0.28028703 0.0784866 0.7798046 0.18975584 0.07019679 0.20820802 0.028633818 0.10090658 0.0018505304 0.9857284 0.45588088 0.11078445 0.05304708 0.008629393 7.9941485e-05 0.019985065 0.011444845 0.007112918 0.009954869 1.909604e-16 0.00036205043 1.9981178e-05 1.31327015e-05 0.0029538637 8.92055e-05 0.28865793 0.004492372 4.6667495e-07 0.00020275149 3.325723e-05 1.5202707e-05 0.5692608 0.00013883543 0.00015834229 2.8674533e-05 0.0003521438 0.6044694 0.0012308506 2.5843812e-05 0.008936735 0.8944195 0.80446184 0.001882984 8.18611e-06 6.5821473e-06 0.00010133713 0.5551042 0.0004965219 3.3592283e-07 0.359583 0.00021652383 8.749789e-05 0.00031654825 3.3385295e-05 0.3019203 0.0010533872 0.06844035 1.2196918e-05 3.0352048e-06 0.0003151434 9.271252e-07 1.3181348e-05 0.00076250016 1.9760677e-05 1.9203659e-05 2.4033733e-07 0.000145815 1.7405587e-07 1.674049e-06 0.04670263 9.711669e-05 0.046744626 4.5149004e-06 4.2168067e-06 2.6667271e-06 3.4246398e-07 2.5905723e-07 8.377981e-05 5.8109244e-06 2.8389815e-08 2.7960525e-06 9.126763e-06 0.00037745773 0.006120206 9.594702e-08 2.7470324e-07 8.474591e-06 6.673135e-07 0.00129744 4.236263e-06 2.7236788e-06 4.9428763e-07 1.5520416e-06 3.588958e-07 2.8312067e-07 0.0012825426 0.000545839 8.809156e-06 2.1297366e-08
0.05473052 0.020121837 0.0006692634 0.065733254 0.00023875955 0.00042331437 0.0839833 0.0001358351 0.26378685 0.0014244604 0.8724379 0.00058487785 0.06265026 2.9260978e-05 9.8984456e-05 0.01352369 0.9726192 1.1092739e-05 1.5548794e-05 1.2777495e-05 3.442565e-05 0.00036205043 7.4690086e-13 0.5109862 0.5787238 1.0568668e-05 0.3157732 0.13693441 9.8179735e-06 0.08432135 3.3337194e-05 0.42174652 1.566134e-06 0.0054051466 8.80305e-06 0.08820764 2.408969e-06 1.0964216e-05 4.8993547e-06 0.004137099 0.06032836 2.0384836e-05 2.1167505e-05 2.100576e-05 1.166258e-05 7.530146e-07 1.103867e-06 0.02510798 0.0005022744 2.7946488e-05 6.0324387e-06 3.79589e-05 0.00027195597 4.914423e-06 0.000675877 0.054178298 0.0001977805 9.327061e-05 6.9576913e-06 3.8434027e-06 1.5792943e-05 1.8750132e-05 1.5855163e-05 2.9436396e-06 0.00024212107 0.010474479 6.516292e-06 3.2373123e-06 8.701408e-05 1.228839e-06 2.6187217e-06 3.694552e-05 0.00846163 8.4465166e-05 2.2735778e-06 0.008487902 7.881387e-07 1.7416329e-07 9.962627e-07 1.7996488e-05 5.2968394e-06 1.1533018e-05 3.1892114e-06 3.4120321e-06 0.0011218596 5.1370243e-05 9.336472e-06 0.00021504216 1.5758116e-05 2.9831597e-08 0.0013832471 0.0015488345 9.404688e-07 0.001025123 1.1634191e-06 2.2066962e-07 4.36226e-07 4.4832977e-05 0.004858239 0.001425243 4.9211626e-06
0.15365125 0.00040154406 0.00011170454 0.00082235824 2.3416105e-05 5.2920303e-05 0.0076597882 2.6946966e-05 0.0027716924 0.00029335203 0.084798895 3.9560477e-05 0.0007762537 5.3679364e-06 3.8663336e-05 0.0026646708 0.48717296 3.959359e-06 3.9708093e-06 3.215282e-06 1.8530698e-05 1.9981178e-05 0.5109862 8.721598e-14 0.9972627 7.1562076e-06 0.53966033 0.0047326293 3.420898e-06 0.4088697 1.23473665e-05 0.89324516 7.4010825e-07 0.0003551732 3.0060168e-05 0.17319639 1.30145e-06 2.1312557e-05 3.0137323e-07 0.0038413126 0.16715643 4.0166873e-05 2.8351342e-06 6.9320536e-06 1.4074023e-05 1.4403581e-06 9.601792e-07 0.040801745 4.5637684e-05 2.7580707e-05 2.7997773e-06 2.9461014e-05 0.00038205663 3.3251888e-06 0.0005063518 0.14405274 1.0238758e-05 0.00010430394 5.5312415e-07 9.927649e-07 4.4058106e-06 5.402742e-06 2.6018042e-06 2.4065497e-07 0.00011182455 0.03796164 1.9524766e-06 7.694631e-07 1.526442e-05 3.4229421e-07 9.1238246e-07 1.5773663e-05 0.031903766 1.6899381e-05 2.4341097e-07 0.02982079 1.1166768e-06 9.0836316e-08 8.488928e-07 0.00014024242 1.5061728e-07 7.657736e-05 5.3812378e-06 1.9591093e-06 8.56412e-05 3.6958504e-06 5.8403425e-06 8.2399856e-05 7.5208163e-07 9.341953e-09 0.001209257 0.00052850676 4.2559748e-08 0.0028967513 9.767961e-08 4.3554553e-07 9.688237e-07 3.849786e-06 0.010627366 0.0014587878 2.1202688e-06
0.1546224 0.00026041677 7.60189e-05 0.0006377331 1.4471813e-05 3.551031e-05 0.0051139016 1.661347e-05 0.00207446 0.00018347139 0.074054055 2.8229408e-05 0.0006626438 2.8252716e-06 2.6785141e-05 0.0017839631 0.45147654 2.315075e-06 1.5119231e-06 1.3451286e-06 1.09957555e-05 1.31327015e-05 0.5787238 0.9972627 5.84185e-14 4.3767013e-06 0.5118119 0.0055052605 1.5530914e-06 0.3637427 6.270991e-06 0.904618 3.587093e-07 0.00038620643 2.4811312e-05 0.14690796 6.0798993e-07 2.215591e-05 2.0040262e-07 0.0031437732 0.1530358 2.0968973e-05 1.5076307e-06 4.5044712e-06 9.798827e-06 7.310749e-07 6.402416e-07 0.036291737 4.1404455e-05 2.1483524e-05 1.73932e-06 2.3337987e-05 0.0003370021 1.5858452e-06 0.00045826205 0.13076854 1.0555382e-05 6.111058e-05 3.72087e-07 6.9640544e-07 3.2252296e-06 3.814468e-06 1.5442535e-06 1.5728688e-07 0.0001041032 0.0352586 1.0664452e-06 2.9638045e-07 7.963176e-06 1.6126101e-07 2.9755805e-07 1.0210967e-05 0.028811192 1.4732608e-05 8.5779455e-08 0.027786428 6.83382e-07 3.9856776e-08 4.941787e-07 0.00011934033 1.0041382e-07 5.4540582e-05 2.3661157e-06 9.3004144e-07 6.322415e-05 3.901289e-06 4.4220974e-06 7.486803e-05 5.7146696e-07 4.3565436e-09 0.0013698732 0.00045095323 2.562527e-08 0.0029129297 6.091695e-08 1.6508977e-07 4.1122928e-07 3.854249e-06 0.010667957 0.0014685658 2.2007982e-06
0.97037125 0.001015844 0.004789857 0.00011407339 0.026006028 0.007768676 0.0018521828 0.06679128 1.7858225e-05 0.034278665 8.9099185e-06 0.0015437102 0.00019510007 0.16753094 0.34852877 0.001972729 2.3426771e-06 0.44555578 0.68203735 0.72816324 0.9752997 0.0029538637 1.0568668e-05 7.1562076e-06 4.3767013e-06 1.788085e-17 0.00010155365 1.4357528e-06 0.2198063 2.410066e-07 0.12259724 2.2163474e-07 0.31600866 2.2283805e-06 0.5462084 0.0018548069 0.12721702 0.43022504 0.029830486 0.11896473 0.00018426839 0.030626062 0.00016177204 0.00015484107 0.016768757 0.08112932 0.013833375 0.0010574083 7.2609337e-06 0.38459942 0.008297722 0.0001359052 0.469205 0.0029983977 0.2790008 2.0568516e-05 5.040791e-06 0.0018254265 0.004773798 0.06912218 0.0023290543 0.00096354634 0.0021628116 0.0043484066 0.60242385 0.00015430714 8.739623e-05 0.00015570644 0.00021511807 5.168952e-05 0.00014103792 0.00024344359 0.0005281173 5.8934933e-05 5.844736e-05 1.368985e-06 0.0019994564 1.8003046e-05 1.456958e-05 0.065273374 3.148056e-05 8.54243e-09 0.0006479109 0.0010838087 0.0004557734 0.00014920003 2.4537115e-08 3.6114983e-07 3.998628e-05 1.005315e-05 0.29197124 1.2312817e-07 1.6118183e-05 1.3343075e-05 3.2970286e-06 1.43213665e-05 0.00010150155 0.00033438974 0.0028351804 2.2877764e-06 1.0335079e-08
0.7828296 0.009996219 0.0030042313 0.035434384 0.00034753856 0.0031264678 0.13493899 0.0011025673 0.03172473 0.003101509 0.5845678 0.00078984123 0.016904138 0.00014684586 0.0005114365 0.045526896 0.7936045 7.637555e-05 0.00019660551 9.32474e-05 0.00025419483 8.92055e-05 0.3157732 0.53966033 0.5118119 0.00010155365 2.6799317e-13 0.03568781 9.582198e-05 0.96223426 3.1965632e-05 0.2653084 1.1035445e-05 0.00047072355 0.0002729639 0.85669285 7.5176645e-06 0.0011726039 2.0416199e-05 0.15115301 0.96612525 3.375648e-05 1.0820606e-05 4.358497e-05 1.1920309e-05 4.3449613e-06 1.458805e-06 0.31138217 3.670142e-05 0.00085940456 1.9195434e-07 2.9446215e-05 0.012193971 7.1054424e-06 0.028269965 0.291499 1.04694045e-05 1.19624465e-05 8.173044e-06 5.5118428e-05 1.9224556e-06 2.6810121e-06 1.8554692e-07 3.3754998e-07 0.003659273 0.16979945 4.281025e-07 1.5390685e-07 2.816765e-06 8.032056e-08 6.084801e-07 1.2230266e-05 0.21665406 1.4891594e-05 1.7740649e-06 0.033397574 6.177208e-06 3.6942805e-07 1.0824776e-07 0.0007322354 8.9636154e-07 0.002167106 1.4058039e-06 6.488402e-07 0.00033724547 2.342589e-05 0.0012001853 0.0077870567 7.540268e-06 1.0094176e-06 0.016924001 0.024377273 5.2958006e-07 0.0025637292 7.128787e-07 6.025877e-10 8.3916014e-08 0.0012635784 0.065466136 0.0041819573 9.782315e-05
0.22007903 0.11659982 0.04506789 0.34262726 0.056732237 0.040458973 0.10126165 0.0018409152 0.3389755 0.016734188 0.18284841 0.13790841 0.816119 9.5699615e-05 0.00018617413 0.0080053685 0.061533444 1.2767823e-05 1.5068582e-05 3.4065102e-05 1.618504e-06 0.28865793 0.13693441 0.0047326293 0.0055052605 1.4357528e-06 0.03568781 4.6575733e-14 0.00012542318 0.001690404 1.9481429e-06 0.0037027288 5.7319696e-08 0.99791604 1.6091404e-06 0.0030365482 5.1094776e-07 2.1044056e-07 6.759914e-05 0.001797342 0.002234028 1.011813e-05 0.006998469 0.0022540365 1.0905634e-06 1.10968344e-07 2.3690761e-06 0.0025832676 0.022393212 1.18334675e-07 2.0631006e-07 0.0008381565 5.4658904e-06 1.1965178e-06 2.95522e-06 0.0028349017 0.03347526 1.6808768e-06 5.4526226e-05 5.06781e-07 7.1750137e-06 7.1188344e-07 1.5045844e-06 9.234684e-07 6.210517e-06 0.0018472252 1.0704629e-06 2.9923245e-07 1.0700486e-06 2.0480685e-07 3.982017e-07 0.00015117486 0.005643365 0.000105416155 8.8935586e-08 0.0016869778 6.005265e-08 2.0275233e-09 3.577916e-07 3.6403097e-07 4.7177943e-07 4.957197e-06 2.019954e-07 1.8323376e-06 2.0238818e-05 5.192316e-05 1.4364849e-05 1.9957262e-05 8.921308e-07 1.1696863e-09 0.00014529197 3.763212e-05 1.2256255e-07 0.0015907576 1.5446798e-07 5.550298e-08 4.0721002e-07 8.347447e-06 0.0079218615 0.0007195894 3.7536884e-07
0.9342265 0.0002709903 0.014360125 3.608875e-05 0.043625113 0.015466405 0.0003781504 0.1649872 3.810854e-06 0.02088142 5.3070075e-06 0.00086232554 0.00016813146 0.6548431 0.22536609 0.0021034428 4.976888e-06 0.82152057 0.65275735 0.5730731 0.13811094 0.004492372 9.8179735e-06 3.420898e-06 1.5530914e-06 0.2198063 9.582198e-05 0.00012542318 6.4846735e-16 1.1944194e-07 0.89650637 2.398104e-06 0.22761837 2.2859105e-05 0.09959671 0.0007968806 0.08137052 0.08547354 0.618039 0.03325217 0.00015474143 0.87941945 0.0018342034 0.010336131 0.78840566 0.02372282 0.7619814 0.00034417282 0.00026362573 0.0739304 0.06572055 0.0022426252 0.028826954 0.6567046 0.019090066 5.6133653e-05 1.7729986e-05 0.36042002 0.057708338 0.003872338 0.016575063 0.19293378 0.0023172928 0.00059964927 0.09769903 4.8463062e-05 0.0640443 4.0077408e-05 0.018050564 1.9684425e-05 2.3116456e-05 0.007551517 0.0002745083 0.0005265236 5.79822e-06 3.423982e-06 0.00015113133 2.2637994e-07 0.00016941474 0.0031399173 1.7035401e-05 6.671165e-08 3.3616416e-05 4.0930277e-05 0.039377123 0.0003111147 2.5909639e-08 5.052939e-08 6.2231693e-06 1.07541894e-07 0.014566802 2.3085244e-08 4.9730377e-05 3.716545e-06 3.0111667e-05 7.80634e-06 5.7508736e-05 0.011886998 0.002095519 4.48485e-05 1.1149501e-09
0.52380097 7.8112964e-05 8.692325e-05 0.00024244036 1.8309925e-06 3.2793407e-05 0.0048895627 9.322229e-06 0.00065907754 0.00013682527 0.015903944 1.8909279e-06 0.0003937174 7.946823e-07 7.709112e-06 0.0022277369 0.22197026 1.2071748e-06 8.063427e-07 8.104844e-07 8.3111405e-07 4.6667495e-07 0.08432135 0.4088697 0.3637427 2.410066e-07 0.96223426 0.001690404 1.1944194e-07 2.4701943e-15 3.152179e-08 0.98645216 5.0622962e-08 0.00013409978 7.680646e-06 0.4005765 8.151822e-08 3.834168e-05 3.8151917e-08 0.017339475 0.4740532 6.6006317e-07 1.5213917e-07 1.8900037e-07 2.733068e-07 9.0316995e-08 1.8305665e-08 0.13158953 8.152145e-07 3.4913493e-05 8.675468e-08 7.3489304e-07 0.0064211553 7.7032105e-08 0.015217171 0.8860324 5.620822e-07 1.0011067e-06 1.244693e-08 4.2818493e-07 5.0960583e-08 5.4887727e-07 1.6976432e-07 2.0642432e-08 0.0008352858 0.37952164 1.170039e-07 5.5530514e-08 8.5354435e-07 7.711251e-08 9.6751386e-08 8.251407e-08 0.18919162 1.6303156e-07 6.82714e-08 0.47067174 1.08564734e-07 8.0728295e-09 6.679109e-08 0.00027927186 2.8521825e-07 0.0020179807 5.5136087e-07 9.8205675e-08 6.922692e-06 3.5748142e-06 0.00058829866 0.0052995454 2.9511816e-06 2.0195156e-08 0.0015153115 0.046911858 2.398097e-08 0.055676457 3.0376762e-07 1.3717336e-09 9.54176e-08 6.8944537e-06 0.040717192 0.009203013 6.642721e-05
0.9336219 1.660685e-05 0.00037106537 1.0155678e-05 0.0016546365 0.00025973347 7.229451e-05 0.002365676 4.3005252e-06 0.00062541733 2.197761e-06 8.602979e-05 4.5315537e-05 0.020299638 0.009652588 8.238116e-05 8.061102e-06 0.10226619 0.098301284 0.17276885 0.024398841 0.00020275149 3.3337194e-05 1.23473665e-05 6.270991e-06 0.12259724 3.1965632e-05 1.9481429e-06 0.89650637 3.152179e-08 8.183456e-17 4.948864e-06 0.7744171 1.7504825e-06 0.36777294 0.0005103137 0.85940164 0.09179084 0.039339356 0.0070412983 6.010735e-05 0.18646735 8.34691e-05 0.00058897317 0.16543688 0.30380565 0.9310377 0.0003285478 6.966811e-05 0.07050123 0.84900147 0.00036866506 0.020928131 0.35810462 0.018910958 2.6358337e-05 3.9303914e-06 0.09048066 0.008274671 0.06461434 0.29706615 0.10585431 0.35201406 0.054008946 0.1683168 1.0956982e-05 0.13228025 0.043669548 0.060563415 0.02443615 0.009587025 0.0016275538 0.00015514097 0.0002548254 0.0011331835 1.7905146e-06 0.006432933 0.00050495047 0.02043721 0.015104942 0.012851444 2.8598002e-09 0.0020124582 0.0018118368 0.06002347 0.0002487615 2.4622335e-09 1.09780785e-07 0.00028834856 5.648369e-06 0.05720167 1.1373685e-06 0.001138443 4.5910847e-06 0.0016536893 0.00014905738 0.0005590146 0.0033703411 0.0011322005 1.8518073e-06 3.5601044e-09
