7.7251433e-28 0.9311422 0.89756936 0.8951653 0.9377757 0.7799976 0.8912289 0.83518684 0.79805225 0.69348586 0.9080952 0.59698963 0.8551544 0.9603154 0.8136935 0.70175093 0.4853805 0.5875211 0.8705392 0.9098817 0.5509387 0.9581044 0.7687804 0.9180762 0.33020452 0.4939604 0.6257154 0.74996454 0.6364802 0.7079263 0.28066206 0.40848297 0.96979165 0.6053479 0.56498003 0.959943 0.988144 0.9345849 0.09975705 0.38345808 0.96127623 0.8032609 0.049605947 0.88208544 0.016620137 0.8892683 0.9817451 0.74915314 0.991719 0.28978825 0.95244294 0.18235163 0.0070434376 0.0018534567 0.9529645 0.99005604 0.08088462 0.9564414 0.0036337494 0.0063864975 0.52862614 0.015616948 0.008508028 0.9990633 0.86295617 0.9835781 0.0029558374 0.0022435023 0.98059934 0.00029024397 0.99191535 0.96876585 0.85727054 0.00069304305 0.00036270844 0.95103663 0.0003010241 0.87114555 0.7669533 0.25095046 0.00024568097 0.040984873 0.99898773 0.0009879472 0.0041896375 0.102345385 0.74181986 0.73302627 0.19101676 0.00013031304 0.4237253 0.7141585 0.9855834 0.9159605 0.9964745 0.0002075392 0.00062744075 7.477606e-05 0.6220066 0.0025496797 0.981599
0.9311422 5.3632545e-19 0.9611164 0.91480553 0.1766799 0.34231746 0.4668494 0.06515693 0.7478427 0.4097917 0.012137892 0.4602279 0.6437768 0.39448434 0.6797615 0.20912583 0.020118332 0.0054600746 0.04117404 0.061972313 0.4388973 0.013329315 6.343263e-05 1.1381394e-05 0.0019984622 0.013433384 0.00016063225 0.43868938 3.5805107e-05 0.37165132 0.022448687 0.005828269 0.0008863083 0.0005524921 4.3091173e-08 0.16555025 0.18474212 3.7848466e-05 0.010872426 0.014322754 0.049056165 7.7517754e-08 0.10462409 5.18218e-07 0.06634456 5.306724e-06 0.009602353 1.0615851e-07 0.0014178085 5.4522326e-07 0.014597397 8.81955e-05 0.019369358 0.0014952095 0.0107944235 0.009818794 1.4199566e-05 0.0004135858 0.002341499 0.010308105 1.4129968e-07 1.1274529e-05 5.8005153e-06 0.005155643 2.5196638e-08 0.003469544 8.594593e-06 1.8239976e-05 3.8569738e-06 0.00017630143 0.00016802165 4.5136454e-05 9.2555274e-07 2.1241314e-05 6.7396145e-06 7.392949e-07 2.4523595e-06 1.4424867e-07 2.930823e-07 1.0914484e-07 1.9111796e-05 2.1071189e-07 0.00071431434 3.7225254e-06 4.123918e-05 3.876076e-09 0.00042022983 1.1952576e-06 1.6494444e-06 5.785811e-05 1.1446546e-08 3.3169906e-07 3.0330622e-05 7.48458e-06 0.00025774783 1.9520226e-06 1.0342914e-05 1.6621394e-05 0.0004549127 3.8990906e-06 0.00011562417
0.89756936 0.9611164 6.6081275e-18 0.7266869 0.20117046 0.49775547 0.1786795 0.033589013 0.6559002 0.7342053 0.0059836935 0.28290573 0.18756385 0.111091524 0.83373135 0.08008583 0.05106095 0.00939117 0.02467833 0.019017871 0.77485055 0.00865737 0.00026770803 6.6203706e-05 0.0048411586 0.028926447 0.00060235686 0.7896931 0.00027301675 0.4603198 0.108240664 0.0019796232 0.00067219883 0.0005255985 6.9868514e-07 0.030249769 0.049241073 8.091931e-05 0.05801444 0.10440185 0.013057859 2.3181865e-07 0.41576824 7.576493e-07 0.31343514 7.2103194e-06 0.0026387828 6.39123e-08 0.0006435237 1.8032384e-06 0.0045955093 0.001345758 0.14390385 0.009671141 0.0035244941 0.004020297 4.343923e-05 0.00038001838 0.029285144 0.055116527 1.852732e-07 2.9942657e-05 5.4804013e-06 0.00388878 1.12689065e-07 0.0014555277 1.3552603e-05 2.762372e-05 4.0291674e-05 0.0007942123 0.00014621158 3.2843673e-05 6.1664246e-06 0.0002465518 2.8780336e-05 1.4097188e-06 1.3862448e-05 2.5196061e-06 2.0613397e-06 5.4964727e-07 0.00013845687 3.0123013e-07 0.00081221183 6.1003175e-06 3.975794e-05 4.946038e-08 0.00016980538 4.9355845e-07 8.503314e-06 0.00082778983 1.5959246e-07 1.7862278e-07 4.676627e-05 3.747665e-05 0.00022808422 3.8658964e-06 1.0180746e-05 0.00010186772 0.0004504783 4.1417743e-06 3.1946773e-05
0.8951653 0.91480553 0.7266869 3.5178904e-16 0.08536713 0.10119865 0.5133518 0.048513643 0.5879278 0.1242187 0.013880308 0.4376961 0.9293802 0.56743723 0.3529371 0.3140167 0.010347932 0.004504169 0.076864235 0.12929061 0.18166591 0.04158044 4.4980385e-05 1.4575195e-05 0.0016187032 0.0047873063 0.0001346403 0.10886701 4.3064214e-05 0.12309492 0.004746374 0.022469394 0.0008004948 0.001621425 1.0492953e-07 0.37211514 0.30074543 4.1297306e-05 0.0017231345 0.00045890434 0.10097003 4.0359396e-07 0.021119898 2.5001082e-06 0.016148519 7.5977982e-06 0.03560202 7.37642e-07 0.0045447974 1.5454143e-06 0.044090427 9.438864e-06 0.0054283747 0.00056421355 0.031391673 0.039447542 2.286666e-06 0.0019004927 0.0005750337 0.0004478785 4.369092e-07 1.1696664e-05 2.6960709e-06 0.023697535 9.514826e-08 0.01147094 8.441716e-07 5.7337247e-06 3.123766e-05 3.680791e-05 0.0003590223 8.673429e-05 3.5195496e-06 5.0570034e-06 3.1644288e-06 5.42062e-06 1.1490438e-06 3.843078e-07 5.663313e-07 1.644184e-07 3.352771e-06 1.6887249e-07 0.0017696344 1.7393398e-06 0.00020421992 5.4079243e-09 0.0022757493 5.146942e-06 9.143176e-06 9.749135e-06 1.8895433e-08 1.5026413e-06 0.0005427539 8.1056016e-05 0.00065104413 9.773819e-07 2.565254e-06 1.0026054e-05 0.004730569 3.0612223e-06 0.00036545645
0.9377757 0.1766799 0.20117046 0.08536713 1.8016184e-20 0.96198106 0.73472655 0.6582544 0.00044025728 0.6534626 0.23297472 7.194573e-05 0.044928975 0.03571368 0.00082457875 6.139003e-05 0.69852716 0.7803835 1.9902105e-05 0.09114323 0.0028456242 0.015215566 0.07571656 0.033758465 0.25379202 0.4751177 0.17472292 0.42074117 0.056507032 0.0022307367 0.43248314 0.00024673407 0.020678157 5.4286516e-05 0.0014810348 0.0019280355 0.069123074 0.0022032303 0.11163825 0.47492492 0.02118391 7.815178e-05 0.0022921115 0.00011079118 0.050544523 0.00013644557 0.02089409 3.5712754e-05 0.021814534 2.8743965e-05 0.004451798 0.09189529 0.023977943 6.3880075e-06 0.0024691427 0.014472815 0.021294508 5.4136635e-05 0.00082597334 0.033506397 3.1044162e-06 0.0047470126 0.0010338126 0.0039900173 7.223269e-07 0.00068284885 3.4063378e-05 0.0001471063 0.00013553916 0.00011433488 0.0024318998 0.0015395753 2.3997958e-05 0.00044599822 6.420436e-05 3.0007724e-05 4.5147433e-05 8.099925e-06 5.14105e-06 1.1081748e-06 0.00014968203 2.0809712e-06 0.0033509475 2.380638e-06 0.0005862977 1.02748224e-07 4.1511124e-05 0.000100801124 2.4641681e-06 1.4080427e-05 1.2112756e-06 3.5011588e-05 7.667231e-06 0.0006208824 0.0017008714 7.517496e-07 2.0490406e-06 3.5551617e-05 5.7959787e-05 2.6068523e-07 0.0007575782
0.7799976 0.34231746 0.49775547 0.10119865 0.96198106 2.2693948e-19 0.42554867 0.21142606 0.0022020203 0.91282123 0.05195675 0.00038063302 0.021745963 0.020835528 0.0042606625 0.00023769197 0.7470328 0.63098454 8.221108e-05 0.019603789 0.010443639 0.004846875 0.017639631 0.007369885 0.14137599 0.45932785 0.058075596 0.5650482 0.024166847 0.0062524797 0.44501364 0.00027818413 0.0027752488 0.00012060748 0.00037249192 0.0010991537 0.013151146 0.00033681607 0.117801085 0.44932863 0.0066246465 1.3400397e-05 0.012367967 3.3875e-05 0.095547006 3.3185566e-05 0.0030461242 4.8084753e-06 0.0017400194 6.6586117e-06 0.00054408266 0.078364946 0.05782662 3.4332148e-05 0.00058464304 0.0014050975 0.010774733 1.4628613e-05 0.002594782 0.051113654 2.7192885e-07 0.004296385 0.0003655767 0.0011359545 1.1677883e-07 0.00022361764 1.8161367e-05 8.442667e-05 1.3584409e-05 0.00015699022 0.00020571037 6.6542794e-05 1.3990779e-06 0.0006687294 4.8287384e-05 8.734573e-07 5.208673e-05 6.7397974e-07 5.367985e-07 5.2528503e-07 0.00020246589 1.8633193e-07 0.00023816645 2.7517703e-07 2.0792779e-05 1.343877e-08 4.4334897e-06 5.42933e-07 2.0777892e-07 0.00016003301 4.4179047e-09 6.007763e-08 9.328876e-07 3.2828466e-06 2.5357484e-05 4.699869e-08 3.257556e-07 0.0001408241 3.184056e-05 8.49849e-08 7.93055e-06
0.8912289 0.4668494 0.1786795 0.5133518 0.73472655 0.42554867 6.774227e-20 0.97495604 0.012890017 0.193098 0.5916561 0.0090511795 0.37127775 0.5231785 0.0031096523 0.014059328 0.16275677 0.18467252 0.0029981893 0.6953972 0.008160283 0.34567147 0.09388669 0.043731563 0.04241992 0.09491002 0.038567077 0.088184364 0.0074873646 0.0022073563 0.038318973 0.0084609315 0.02495132 0.0016210168 0.00038259864 0.016772348 0.08034205 0.0017938716 0.0067860223 0.019853242 0.043936692 2.5933137e-05 0.0010650681 2.1889515e-05 0.01607166 1.3162908e-05 0.04769286 2.112883e-06 0.026320351 4.1397248e-06 0.0060404213 0.00080321764 0.005519804 4.14675e-06 0.004846612 0.027694177 9.7234944e-05 0.00026856645 5.1195842e-05 0.002150669 4.1816517e-07 6.0527436e-05 1.559913e-05 0.0136554865 1.7938741e-07 0.002484752 3.2275832e-06 5.489372e-06 2.2959737e-05 0.00028193826 0.00068085484 0.00058676733 4.0755635e-06 6.001249e-05 4.0041232e-05 4.849647e-06 5.618713e-06 8.787117e-07 5.9427015e-07 4.9972243e-08 6.363082e-05 2.807566e-08 0.0017738037 2.4778622e-06 1.2588627e-05 1.1557415e-09 0.00040460424 1.171534e-05 2.5793187e-07 0.00015096294 2.376653e-09 2.0738032e-06 0.00010342712 0.0002169734 0.0010612159 9.047118e-07 9.0083574e-07 6.681339e-06 0.000100426994 1.1960741e-06 0.00046734215
0.83518684 0.06515693 0.033589013 0.048513643 0.6582544 0.21142606 0.97495604 2.8622016e-20 0.00026981518 0.06995929 0.97568005 0.00023930027 0.05493824 0.08240826 0.00017469656 0.00024578808 0.2067792 0.18914966 3.7693793e-05 0.6196127 0.0016415785 0.2078396 0.059756234 0.053012993 0.046298325 0.115395516 0.02561661 0.027675942 0.004483602 0.00046436395 0.050299317 0.00025824903 0.15216953 5.26888e-05 0.00049740955 0.004001379 0.022954267 0.044841286 0.007168856 0.023974972 0.02160992 0.00011419496 0.00014089205 0.0003456497 0.005407343 0.00029569006 0.030005384 0.00011151508 0.027998824 3.5629986e-05 0.0012234478 0.0021643722 0.0038880552 1.9764134e-06 0.0022737235 0.018959628 0.00035850224 9.3677285e-05 2.345958e-05 0.0022628047 1.3996004e-05 0.00015697647 9.621015e-05 0.0065644737 9.0385765e-06 0.0033889266 1.4446633e-05 1.5974902e-05 0.00021900282 0.00024652237 0.002312573 0.0010201988 2.6866317e-05 7.445762e-05 5.7461646e-05 3.628719e-05 7.970804e-06 1.4519854e-05 1.5895208e-05 8.33553e-06 5.12289e-05 2.9382827e-06 0.0024477078 1.4045731e-05 2.4676947e-05 1.6937247e-07 0.00010152459 0.00019074077 7.768053e-07 0.00017318304 2.2672357e-06 0.00019854872 9.165542e-06 0.00061386544 0.0014738524 4.4810126e-06 6.137612e-06 1.3366916e-05 1.828901e-05 6.5898416e-06 0.001344615
0.79805225 0.7478427 0.6559002 0.5879278 0.00044025728 0.0022020203 0.012890017 0.00026981518 7.148742e-18 0.012186008 0.00010684884 0.9873785 0.48681647 0.1148985 0.8472354 0.49605945 5.1886436e-05 0.00011387078 0.30821303 0.0033129647 0.61826414 0.0010858764 5.0740005e-07 1.0945651e-07 1.5690783e-05 1.2604858e-05 5.5287467e-07 0.13080263 1.1783737e-07 0.594298 4.7616028e-05 0.022229994 7.0051897e-06 0.013780902 2.030294e-09 0.5954708 0.113436565 2.053216e-07 5.972103e-05 4.1251474e-06 0.011387302 2.5169836e-08 0.19045042 9.808381e-08 0.020516584 1.2558271e-08 0.0011714565 1.1102374e-08 5.9688464e-05 1.5018726e-07 0.01936208 2.9252524e-07 0.003351202 0.003649734 0.013537103 0.0016778427 9.436785e-08 0.010187706 0.0011898566 9.0729955e-05 1.5570087e-07 1.9100307e-06 1.3589455e-06 0.004213296 1.2185785e-08 0.015071766 1.9858771e-06 1.075601e-06 2.5809957e-06 0.000108021886 8.649644e-06 1.6197409e-06 4.826197e-07 7.4756156e-07 6.1422463e-07 2.1394462e-07 7.5666044e-08 1.6385441e-07 2.1810665e-07 2.576064e-07 2.7611352e-06 5.9533747e-08 0.00035520608 7.723244e-07 3.6004866e-07 4.8137416e-10 0.0023539588 5.9601117e-08 3.5252313e-07 8.886459e-07 6.397188e-10 1.648265e-08 8.1813836e-05 2.4706392e-06 4.5928384e-05 4.2403936e-08 1.1756483e-07 2.0376477e-07 0.0028083413 1.7373976e-07 2.906988e-06
0.69348586 0.4097917 0.7342053 0.1242187 0.6534626 0.91282123 0.193098 0.06995929 0.012186008 3.4234012e-19 0.011586447 0.0009771256 0.016731195 0.029578645 0.03400532 0.0003460666 0.67372245 0.1892447 0.00016729366 0.013201175 0.11878341 0.0035481895 0.0036769737 0.0009907763 0.052729785 0.2906696 0.011193542 0.91397965 0.006638788 0.045050118 0.6306786 0.00036665806 0.00025046972 5.998795e-05 5.1788875e-06 0.00091512187 0.010942814 2.2020273e-05 0.3373142 0.37686592 0.003980506 2.2843565e-07 0.088372655 6.434325e-07 0.38857135 1.2540189e-06 0.00107303 5.9343957e-08 0.00027499907 8.333221e-07 0.0013902251 0.051508844 0.16878991 0.0021092924 0.0007066457 0.00043914138 0.0023091184 1.7763614e-05 0.019110339 0.11092923 9.568057e-08 0.0016724544 2.3668572e-05 0.0005509725 7.6218775e-08 0.0002510511 1.6892379e-06 1.6507844e-05 8.668382e-06 0.0012419614 4.4065902e-05 1.9239422e-05 1.8729497e-06 0.003395332 0.000150345 1.0272641e-06 0.00045841507 2.4766218e-06 2.610913e-07 4.8255135e-08 0.0022128448 1.4052797e-08 0.0001436731 1.1379961e-07 3.3482e-05 4.0460635e-09 5.765718e-05 3.3738665e-06 4.466262e-07 0.00087338075 9.17492e-09 1.9708826e-07 4.480697e-06 6.16819e-06 2.5549496e-05 3.8234017e-08 3.7657176e-07 0.0009091419 0.0002285528 2.9451112e-08 2.7907845e-05
0.9080952 0.012137892 0.0059836935 0.013880308 0.23297472 0.05195675 0.5916561 0.97568005 0.00010684884 0.011586447 9.535752e-20 8.37685e-06 0.019779518 0.06956869 9.678729e-06 1.2042973e-05 0.041169718 0.09258078 2.0575117e-06 0.6950238 9.820489e-05 0.38741136 0.21297224 0.46796146 0.023329789 0.027821675 0.04535135 0.0026642971 0.010695274 4.964177e-05 0.004827282 4.6173536e-05 0.69382435 8.515788e-06 0.006860891 0.0009567365 0.042223863 0.3076529 0.00057252694 0.005944074 0.050545413 0.00817931 8.947999e-06 0.034328073 0.0017681331 0.033168893 0.15285541 0.0056673926 0.27217758 0.0007989969 0.0044499086 0.0016347505 0.00029501828 5.5076754e-07 0.005116485 0.09279476 0.00043485142 4.7198148e-05 2.7110502e-06 0.0007587698 0.00019118078 0.00047334394 0.00033156291 0.016222712 0.0004588465 0.004541113 1.7604127e-05 4.7647096e-05 0.005158074 0.0001585744 0.033791967 0.018465603 0.0005918986 4.7718357e-05 4.302226e-05 0.0011734071 1.8401313e-05 0.0006762925 0.00043652405 0.00024752878 0.00026186544 0.0007199779 0.02055663 1.6437245e-05 7.181925e-05 9.7985416e-05 0.00020711587 0.0019157024 8.053318e-06 0.0019075489 0.00033508916 0.0025218178 7.510116e-05 0.00901978 0.015356241 1.2688862e-05 3.6840759e-06 5.387993e-05 0.0002157087 1.7148319e-06 0.013275899
0.59698963 0.4602279 0.28290573 0.4376961 7.194573e-05 0.00038063302 0.0090511795 0.00023930027 0.9873785 0.0009771256 8.37685e-06 2.0774822e-20 0.47549218 0.05541513 0.4735901 0.94781137 2.5226247e-05 1.5935599e-05 0.6283118 0.0023140633 0.27710208 0.00071151153 8.2530754e-08 1.2701434e-08 3.8551575e-06 3.4916006e-06 5.2067282e-08 0.0144451205 4.1591147e-08 0.2895401 9.136255e-06 0.09445946 2.9723685e-06 0.027961634 1.1911127e-09 0.6373056 0.093624525 7.2618825e-08 3.3516426e-06 5.0931266e-07 0.012898021 1.2904874e-08 0.019121256 4.3235328e-08 0.0023699496 2.3977573e-09 0.001929267 2.508016e-09 0.00010774357 5.7512217e-08 0.025430247 8.2673964e-08 0.00041211917 0.00084867066 0.021520266 0.0021003268 1.812635e-08 0.018411016 0.0001773265 9.35701e-06 1.7631269e-08 2.1916787e-06 9.538426e-07 0.007891436 8.033216e-09 0.03333397 5.965614e-07 1.874281e-06 1.098595e-06 2.9003462e-05 1.1133755e-05 1.8824621e-06 6.319132e-08 2.6625204e-07 2.8555547e-07 6.351226e-08 2.152816e-08 2.8189628e-08 3.703881e-08 1.4877942e-08 4.0148333e-07 1.193949e-09 0.0003259907 2.9550423e-08 2.7044576e-08 9.302413e-12 0.0060805236 7.609397e-09 9.466295e-08 4.4481002e-08 1.1861442e-11 2.9891725e-09 0.00056076754 1.6980828e-06 6.6187924e-05 1.0034848e-08 3.858876e-08 8.040038e-09 0.0045522214 8.05571e-09 4.5177435e-06
0.8551544 0.6437768 0.18756385 0.9293802 0.044928975 0.021745963 0.37127775 0.05493824 0.48681647 0.016731195 0.019779518 0.47549218 1.5755742e-16 0.97862226 0.076810464 0.52394974 0.0044188914 0.010530453 0.30505005 0.16646628 0.024217488 0.12123623 8.285951e-05 6.732583e-05 0.0010980279 0.0016487172 0.00037825882 0.020715589 5.773982e-05 0.012107665 0.0008112937 0.3138573 0.00056419714 0.05788544 1.3279423e-07 0.60163575 0.58948827 1.9120474e-05 0.00032933865 7.748343e-05 0.102841444 3.4810063e-07 0.0018429369 1.652477e-06 0.0013357431 1.96758e-06 0.035782985 1.40079e-07 0.0035280806 1.1153357e-06 0.07745006 1.1209377e-05 0.00048904575 5.6810833e-05 0.055598367 0.027824514 3.4656382e-06 0.012946719 8.8907225e-05 0.00042328125 1.7188847e-07 1.1476962e-05 3.0724182e-06 0.029593643 1.9504425e-08 0.019001266 3.7586155e-06 3.638585e-05 5.88945e-06 0.001240581 0.00010613965 5.758409e-05 7.286985e-07 0.00017738315 5.5859327e-05 5.2479334e-07 2.3104685e-05 8.5352674e-08 9.1248204e-08 8.439578e-08 1.8469935e-05 1.0991608e-08 0.0014080771 3.2692795e-05 8.064885e-06 7.3641854e-10 0.0010351306 1.851658e-07 2.4298572e-06 0.00038424227 2.303205e-10 4.4497465e-08 0.00043435072 2.9821458e-05 0.0002696022 3.5083062e-06 1.1101713e-05 1.2646252e-05 0.00076791673 3.8098037e-06 2.6257652e-05
0.9603154 0.39448434 0.111091524 0.56743723 0.03571368 0.020835528 0.5231785 0.08240826 0.1148985 0.029578645 0.06956869 0.05541513 0.97862226 1.3968609e-17 0.01299498 0.07523592 0.007481223 0.015396956 0.02915168 0.5202559 0.005785351 0.60227287 0.00088896125 0.00021694072 0.0011479136 0.0020688993 0.0006635721 0.025031907 4.3991495e-05 0.0020610783 0.0013118276 0.014334388 0.012127143 0.0015132221 3.1828745e-07 0.5303986 0.65501434 0.0007018761 0.00019074968 0.00013238814 0.4856952 3.3826718e-06 0.00031458365 1.8115923e-05 0.0031191716 3.0826013e-05 0.35399222 4.234938e-06 0.084157705 2.2569025e-06 0.19760741 1.3253476e-05 0.0018069692 1.1880429e-05 0.170371 0.31369555 5.3376443e-06 0.0026990268 7.438178e-06 0.0009440751 4.6158257e-07 1.407597e-05 3.8550543e-06 0.15478687 3.0409225e-07 0.080078065 9.803027e-07 8.5689935e-06 0.00013266216 0.0009892104 0.002901522 0.0010364053 1.360575e-05 0.0001821956 5.3744752e-05 2.6204345e-05 5.7570913e-05 7.6643955e-06 3.4996017e-06 1.1454803e-06 0.00029226133 1.3196712e-06 0.009678334 4.5363945e-06 0.00037866447 7.113103e-08 0.0075622513 9.759475e-05 3.4915408e-06 0.0013144858 1.9137657e-07 5.2746615e-05 0.0019564452 0.00093373546 0.0023991712 1.1120549e-06 1.652491e-06 0.00013547881 0.00760449 5.3490663e-07 0.0017981958
0.8136935 0.6797615 0.83373135 0.3529371 0.00082457875 0.0042606625 0.0031096523 0.00017469656 0.8472354 0.03400532 9.678729e-06 0.4735901 0.076810464 0.01299498 4.341578e-17 0.202359 6.2460516e-05 2.5010584e-05 0.11075392 0.00094782707 0.9726047 0.00019359066 6.909435e-08 8.7975565e-09 1.3652021e-05 1.2446701e-05 1.5384464e-07 0.34967917 4.8439567e-08 0.92568946 4.2760104e-05 0.010100032 1.0360362e-06 0.0071551134 6.140006e-10 0.12362839 0.04023745 6.293083e-07 0.0001571838 1.763443e-06 0.002117445 9.347835e-09 0.27648577 6.011866e-08 0.020903846 7.035166e-09 0.00018671324 8.431482e-09 2.385398e-05 3.4822428e-08 0.008021087 1.0183396e-07 0.0050312174 0.009192558 0.0037075412 0.00018960526 5.6244172e-08 0.0051942854 0.0064907833 0.0009696722 6.3923005e-07 6.22389e-07 3.732139e-07 0.0012813006 1.4161847e-07 0.006386619 9.035883e-07 2.1942617e-06 1.736587e-06 0.00012851364 5.0661793e-06 1.1642604e-06 4.3363363e-07 5.123909e-06 7.404281e-07 3.3093093e-07 1.5188706e-07 1.8388084e-07 1.1508462e-07 1.02028764e-07 1.5172355e-06 2.5234053e-08 0.00028483893 2.303269e-06 2.0601182e-07 5.512609e-09 0.002696314 3.4199857e-07 1.6434942e-07 4.5831384e-05 5.219027e-08 1.0870874e-07 0.0002290787 4.298664e-06 3.3882494e-05 1.3424309e-06 1.5722621e-06 1.6905175e-06 0.008566804 4.931392e-07 6.6372944e-05
0.70175093 0.20912583 0.08008583 0.3140167 6.139003e-05 0.00023769197 0.014059328 0.00024578808 0.49605945 0.0003460666 1.2042973e-05 0.94781137 0.52394974 0.07523592 0.202359 1.19963035e-17 4.2668573e-05 8.9782925e-06 0.992577 0.0041128895 0.089401305 0.0026653227 9.917036e-08 1.8785794e-08 1.804921e-06 2.2848762e-06 3.03292e-07 0.004803945 7.170082e-08 0.122281946 3.7323227e-06 0.13996929 1.6295189e-06 0.08460873 5.6496487e-09 0.54390454 0.1017621 8.8039263e-07 1.2213266e-06 2.1433875e-07 0.024532458 6.715679e-09 0.007604897 1.5651992e-08 0.00041265815 6.1784355e-09 0.0038286196 2.3066264e-09 0.00014849113 5.352799e-08 0.027085291 5.508933e-08 2.198324e-05 0.00021574386 0.022373434 0.0025025283 3.9301677e-09 0.034346476 4.3283457e-05 1.1311378e-06 3.631729e-08 1.5087303e-07 1.6211311e-07 0.012564532 6.269403e-09 0.06781849 3.1645482e-07 5.580959e-07 6.673583e-06 2.9083623e-05 1.0543581e-05 4.393119e-06 2.2714418e-07 9.860089e-07 2.6571982e-07 5.4048627e-07 1.0845443e-07 1.6836328e-08 2.7256638e-08 1.16422925e-08 2.150672e-06 1.3763201e-09 0.00021587887 1.921628e-07 5.5085135e-08 2.3257753e-11 0.009976596 7.229198e-08 1.2517874e-07 9.755524e-08 7.5086964e-11 2.6470042e-08 0.0019475124 4.6011223e-06 3.6988426e-05 9.827781e-08 2.2808105e-07 1.13815894e-07 0.008031847 2.329828e-08 9.4312105e-07
0.4853805 0.020118332 0.05106095 0.010347932 0.69852716 0.7470328 0.16275677 0.2067792 5.1886436e-05 0.67372245 0.041169718 2.5226247e-05 0.0044188914 0.007481223 6.2460516e-05 4.2668573e-05 7.704347e-18 0.92067987 8.632857e-06 0.009122434 0.00038135445 0.0019133736 0.01965066 0.020128336 0.7726827 0.9497886 0.22616725 0.2570705 0.057189506 0.0008139263 0.62636524 0.0001357921 0.0024977704 2.6472908e-05 0.002472431 7.224124e-05 0.0018992269 0.0006387715 0.26253542 0.6074634 0.00058304117 3.4169512e-05 0.00045539302 3.6466237e-05 0.033095077 0.00011634026 0.00033339433 1.07070855e-05 0.0005819493 6.1879895e-05 8.090218e-05 0.15525822 0.037648253 1.4428508e-06 3.4904006e-05 0.00011819849 0.023796871 1.7565932e-06 0.0004125039 0.06683683 1.5333205e-06 0.010080469 0.0023241905 0.00021169796 4.931627e-07 3.2350887e-05 0.00016243306 0.0005486536 1.68901e-05 0.00015089054 0.00022577292 4.65355e-05 2.9009007e-06 0.0016801534 0.00021490152 2.772709e-06 0.00070383976 1.4906591e-06 1.3102759e-06 3.4362375e-07 0.0015161536 5.408214e-07 0.00024124199 2.6961502e-06 0.0047200765 1.2844316e-08 1.7101676e-06 2.244571e-06 1.5686766e-06 0.0005079358 3.5441644e-08 4.4572283e-07 5.111022e-07 1.2664609e-05 6.338517e-05 6.40839e-07 7.567976e-06 0.0017241421 3.862081e-05 1.6386105e-06 1.351494e-05
0.5875211 0.0054600746 0.00939117 0.004504169 0.7803835 0.63098454 0.18467252 0.18914966 0.00011387078 0.1892447 0.09258078 1.5935599e-05 0.010530453 0.015396956 2.5010584e-05 8.9782925e-06 0.92067987 9.14987e-18 3.420438e-06 0.020548329 0.00013251106 0.0056131757 0.18164262 0.09764375 0.95208025 0.8961815 0.8876346 0.09846944 0.59150356 0.00036565188 0.24433488 0.0001600199 0.02254975 2.6780905e-05 0.07827595 4.3343764e-05 0.004407225 0.0070266314 0.11736447 0.51210725 0.00091794075 0.0008167862 0.00021663701 0.0005840691 0.01999087 0.0025271578 0.0012294638 0.0004823128 0.005024747 0.0012088743 0.0003020559 0.18477058 0.022148158 4.5118378e-07 8.816244e-05 0.00030072598 0.0716635 1.1730959e-05 0.00039437806 0.04539778 8.678684e-05 0.039536078 0.019978223 0.00021724922 5.6427296e-05 1.1203883e-05 0.008270155 0.0070608435 0.00025673932 0.000100065714 0.00036279854 0.00020883787 2.5957755e-05 0.0040037357 0.0020035333 1.045372e-05 0.003030482 1.2374774e-05 8.598274e-06 1.0326281e-06 0.0019454565 2.2112667e-06 0.00031928238 8.786531e-05 0.024461387 4.5277343e-07 6.6649875e-07 2.3780887e-05 2.2383472e-05 0.000323295 2.6086343e-06 6.904086e-06 3.9442148e-07 9.079219e-05 0.00025999566 7.4425707e-06 0.00018189766 0.004658913 4.5982382e-05 3.475654e-06 0.00057671696
0.8705392 0.04117404 0.02467833 0.076864235 1.9902105e-05 8.221108e-05 0.0029981893 3.7693793e-05 0.30821303 0.00016729366 2.0575117e-06 0.6283118 0.30505005 0.02915168 0.11075392 0.992577 8.632857e-06 3.420438e-06 6.170558e-16 0.0011785644 0.055784397 0.0004629422 1.4604859e-07 1.9888015e-08 2.3372345e-06 1.7124818e-06 1.4682688e-07 0.0015989137 7.1599004e-08 0.09225942 4.326955e-07 0.47795513 1.376544e-06 0.3198037 6.5751675e-09 0.83778644 0.20034544 7.2096276e-07 1.1240148e-06 4.8630983e-07 0.015470071 4.6164697e-08 0.0041013467 4.2250377e-08 0.0002698252 9.249986e-09 0.0023326417 4.8656776e-09 0.0001408793 3.722259e-08 0.075784594 1.3238707e-07 1.1434408e-05 6.918703e-05 0.061209783 0.0019083932 3.958162e-08 0.11434376 7.288112e-05 1.3895817e-05 8.601969e-07 6.1781802e-06 1.9207514e-06 0.025021782 4.7972936e-08 0.2939394 1.2143291e-06 6.648573e-06 5.1493234e-06 2.8994862e-05 5.653659e-05 1.20729055e-05 3.901614e-07 3.804855e-06 8.6095815e-06 1.6091773e-06 1.7142432e-06 2.6924912e-08 1.4184866e-07 1.5536557e-08 6.131814e-06 4.157915e-09 0.00091849064 3.3184567e-06 2.7131066e-06 1.3896669e-10 0.06221492 5.062154e-07 4.2429485e-07 8.400982e-07 7.587277e-10 2.7936284e-07 0.0059089446 2.8424383e-06 0.00012198786 7.5712126e-07 3.4201312e-06 1.4708314e-06 0.053923193 3.2331454e-07 5.6786375e-06
0.9098817 0.061972313 0.019017871 0.12929061 0.09114323 0.019603789 0.6953972 0.6196127 0.0033129647 0.013201175 0.6950238 0.0023140633 0.16646628 0.5202559 0.00094782707 0.0041128895 0.009122434 0.020548329 0.0011785644 1.4846552e-17 0.0014188738 0.9721252 0.025292521 0.057197805 0.0062677157 0.0046902993 0.0072022076 0.004780682 0.0013642416 0.00050934084 0.0021736755 0.0019199485 0.42129147 0.0004727532 0.0003592139 0.03454513 0.24289851 0.08281537 0.00032567282 0.0008227559 0.3600418 0.00070967665 7.486047e-05 0.00338214 0.00077795074 0.0051633483 0.41168255 0.00071460154 0.4458403 9.210085e-05 0.034718756 9.808761e-05 0.00045140652 2.0720569e-05 0.029335836 0.19022699 1.6835038e-05 0.00077890063 2.669423e-05 0.00061053206 1.2961258e-05 3.19667e-05 5.0362338e-05 0.04778517 0.000104895975 0.01882428 1.0348577e-05 3.0111754e-05 0.00094400084 0.00060681446 0.03172072 0.009742249 0.0002680647 0.0001198561 1.5483654e-05 0.00057379395 1.5269896e-05 0.0002230492 0.00013962148 4.936649e-05 0.00032756384 1.5100503e-05 0.028677946 1.2972343e-06 0.00011877819 1.138115e-06 0.00053299335 0.0013230619 4.1010976e-06 0.004432877 5.3250455e-06 0.0009218891 0.00023550961 0.0048007322 0.011526042 3.7198358e-06 9.943814e-07 0.00023948222 0.0011558967 4.2599774e-07 0.010294165
0.5509387 0.4388973 0.77485055 0.18166591 0.0028456242 0.010443639 0.008160283 0.0016415785 0.61826414 0.11878341 9.820489e-05 0.27710208 0.024217488 0.005785351 0.9726047 0.089401305 0.00038135445 0.00013251106 0.055784397 0.0014188738 3.6506376e-17 0.000503638 1.3199658e-06 2.7524434e-08 6.0499795e-05 9.571777e-05 1.6816367e-06 0.37500742 3.937052e-07 0.97067964 0.00040064592 0.004921907 4.153106e-06 0.0028630195 5.436565e-08 0.013778222 0.015108552 2.1990713e-06 0.0013808418 9.2539914e-05 0.0009455023 1.2644382e-07 0.32885826 3.1660002e-07 0.08359605 9.010724e-08 0.00041160284 2.8599876e-08 5.248719e-05 9.527411e-08 0.0028520278 8.209055e-06 0.010451021 0.02147821 0.001650594 0.00033511058 5.787975e-07 0.0029310428 0.016307037 0.0032668677 1.0361479e-06 1.1542414e-05 8.143548e-06 0.0010175733 9.902534e-07 0.0033344235 6.665207e-06 1.5106986e-05 7.293309e-06 0.00059956923 2.8388233e-05 8.0428945e-06 1.8565852e-06 6.030843e-05 5.934549e-06 2.407632e-06 1.0235569e-06 2.9911935e-06 5.420296e-07 1.4491216e-07 3.4788627e-05 5.011953e-08 0.000942096 6.5570675e-06 4.7789126e-07 5.6567218e-09 0.0004280788 4.277358e-06 3.707601e-07 0.00011788498 5.7594324e-08 8.584571e-07 3.1698673e-05 3.921288e-05 0.00025472313 1.8597007e-06 3.9484466e-06 9.785743e-06 0.0034365447 2.1494691e-07 7.134841e-05
0.9581044 0.013329315 0.00865737 0.04158044 0.015215566 0.004846875 0.34567147 0.2078396 0.0010858764 0.0035481895 0.38741136 0.00071151153 0.12123623 0.60227287 0.00019359066 0.0026653227 0.0019133736 0.0056131757 0.0004629422 0.9721252 0.000503638 8.821118e-19 0.0079928655 0.016619297 0.00085398083 0.0009986747 0.0012965061 0.00095268857 0.00016293264 9.8246004e-05 0.0003193125 0.0022157705 0.41331738 0.0003869805 1.7180542e-05 0.06664283 0.36614636 0.043905895 0.00012656418 6.3472755e-05 0.6464077 0.00012206687 1.6870525e-05 0.00048342266 0.0003016126 0.0010194106 0.692121 0.0002662029 0.5711267 7.639103e-06 0.092876986 1.1235214e-05 0.0002382998 1.3481863e-06 0.05734327 0.4847313 1.0433787e-06 0.0007434005 2.4444255e-06 0.0003984171 1.5636879e-06 1.7816352e-06 2.4269389e-06 0.1948727 6.7675087e-06 0.027943008 1.8925633e-07 3.975195e-07 0.0011740557 0.0009047516 0.04317011 0.015130158 0.00019512667 2.3327771e-05 1.9483268e-06 0.0010931101 2.0514885e-06 0.0002734905 0.00014520428 1.8124667e-05 0.00025746948 9.71756e-07 0.067226395 2.3269469e-07 3.830106e-06 3.7514482e-07 0.00733928 0.0016055605 5.9189125e-07 0.0012446067 3.8150574e-06 0.0010675152 0.004239147 0.007313177 0.020758232 2.5267008e-07 7.671715e-08 3.384981e-05 0.008941521 1.4980661e-07 0.022392385
0.7687804 6.343263e-05 0.00026770803 4.4980385e-05 0.07571656 0.017639631 0.09388669 0.059756234 5.0740005e-07 0.0036769737 0.21297224 8.2530754e-08 8.285951e-05 0.00088896125 6.909435e-08 9.917036e-08 0.01965066 0.18164262 1.4604859e-07 0.025292521 1.3199658e-06 0.0079928655 1.2064487e-19 0.9919815 0.10632031 0.04956624 0.5541124 0.0004944102 0.24915205 7.3272713e-07 0.012372587 1.1224803e-05 0.120761715 2.4047592e-06 0.6422721 6.6395856e-05 0.00080482854 0.10022366 0.0031571146 0.075990915 0.0017828058 0.7563841 1.2087958e-06 0.35667604 0.00021952852 0.04819964 0.0076682563 0.10637034 0.029810067 0.08741903 0.00012551434 0.049797468 0.00038790941 7.0598084e-08 0.00023373125 0.0070409793 0.035366215 2.0673579e-06 1.2492538e-06 0.0007620396 0.003633919 0.028097153 0.017087592 0.0020188226 0.0012162654 0.00025226647 0.011222808 0.0024069026 0.00044262322 1.2180423e-05 0.007717005 0.008229808 0.00012482391 8.269389e-05 0.0001348652 0.0005322015 1.46695465e-05 4.602779e-05 8.873494e-05 9.402881e-06 1.1034055e-05 4.3007713e-06 0.0036401416 0.0004362514 0.002075326 2.1463136e-06 7.215616e-06 0.00024962844 0.00026184547 1.4446888e-06 2.2882006e-05 0.00018186262 5.653338e-06 0.0025811042 0.0031865104 7.123352e-05 0.00027179287 2.403018e-05 3.0061856e-05 0.000111116446 0.0017335591
0.9180762 1.1381394e-05 6.6203706e-05 1.4575195e-05 0.033758465 0.007369885 0.043731563 0.053012993 1.0945651e-07 0.0009907763 0.46796146 1.2701434e-08 6.732583e-05 0.00021694072 8.7975565e-09 1.8785794e-08 0.020128336 0.09764375 1.9888015e-08 0.057197805 2.7524434e-08 0.016619297 0.9919815 3.6570573e-20 0.05419685 0.039471023 0.2876306 0.00013151497 0.14931892 1.9294303e-07 0.011245649 2.4661265e-06 0.4126274 1.9486677e-07 0.37874568 6.4894055e-05 0.0021410394 0.30889982 0.0026766795 0.052171823 0.0011271263 0.5821966 1.0804458e-07 0.40558365 0.00013065936 0.07139188 0.021918926 0.11329834 0.11037927 0.059630226 0.00026457122 0.028811524 0.00014359022 1.2721266e-08 0.00024110284 0.015551383 0.021107882 5.4970496e-07 7.50974e-08 0.00014401 0.0023811548 0.008042374 0.007700692 0.003092483 0.0008766481 0.00012707432 0.0025543552 0.00044783173 0.0022767198 5.17399e-06 0.025591575 0.023172317 0.00050293223 2.0724844e-06 2.4092575e-05 0.0011468467 2.2426668e-06 0.0003856514 0.0002215478 0.00011129631 2.6032985e-06 0.00022428314 0.017296286 0.00011043009 0.0004627824 4.825834e-05 1.787246e-06 0.000862534 0.00069361366 8.0550194e-07 0.0004145857 0.0011282904 4.598284e-06 0.012176615 0.012785742 1.4753656e-05 3.1563864e-05 1.5266306e-06 1.0747076e-05 2.7102607e-05 0.015827686
0.33020452 0.0019984622 0.0048411586 0.0016187032 0.25379202 0.14137599 0.04241992 0.046298325 1.5690783e-05 0.052729785 0.023329789 3.8551575e-06 0.0010980279 0.0011479136 1.3652021e-05 1.804921e-06 0.7726827 0.95208025 2.3372345e-06 0.0062677157 6.0499795e-05 0.00085398083 0.10632031 0.05419685 1.4306746e-16 0.945833 0.9301326 0.035244353 0.8968135 0.0002166015 0.12200108 3.05825e-05 0.011143301 6.263598e-06 0.17554475 1.9309382e-05 0.0004194173 0.0048113586 0.08027709 0.53537595 3.82749e-05 0.001458531 4.842998e-05 0.00068908883 0.0057965843 0.0019948795 7.804022e-05 0.0005105415 0.0008018755 0.0031319396 3.5245932e-05 0.3129864 0.00731968 9.020565e-07 1.8968638e-05 4.777751e-05 0.13116996 3.7147022e-06 0.00022031124 0.024973042 0.00014894926 0.056225557 0.03129952 8.70868e-05 7.739045e-05 1.629899e-05 0.008295795 0.0051429532 0.00013658019 7.890134e-05 0.00030960314 9.960347e-05 5.579065e-05 0.002485943 0.0025020333 1.1959593e-05 0.0027681831 3.7126327e-05 2.0457674e-05 4.4208787e-06 0.0008528861 2.5698057e-06 0.0004621719 0.000117331925 0.034199305 6.316551e-07 4.4523682e-07 7.809714e-06 5.0306848e-05 0.00030825115 6.258603e-07 3.2338346e-06 3.1521475e-07 5.5621338e-05 0.00027202498 1.1843573e-05 0.00015116938 0.0044133174 2.7665401e-05 1.4934915e-05 4.6290905e-05
0.4939604 0.013433384 0.028926447 0.0047873063 0.4751177 0.45932785 0.09491002 0.115395516 1.2604858e-05 0.2906696 0.027821675 3.4916006e-06 0.0016487172 0.0020688993 1.2446701e-05 2.2848762e-06 0.9497886 0.8961815 1.7124818e-06 0.0046902993 9.571777e-05 0.0009986747 0.04956624 0.039471023 0.945833 4.753906e-17 0.5006249 0.1584304 0.46690097 0.00018428208 0.72965693 4.560566e-05 0.003618839 1.0152909e-05 0.03407594 6.227103e-05 0.00068439066 0.0016047716 0.39120924 0.90270525 0.00014634259 0.00015903616 8.7885506e-05 0.00011384103 0.020350477 0.00024344497 9.989627e-05 7.129386e-05 0.0002904162 0.0002713557 3.9087467e-05 0.5103175 0.026331857 1.6528913e-06 2.1410648e-05 6.13607e-05 0.16845712 2.3213206e-06 0.00041274633 0.069930606 8.076954e-06 0.05127028 0.01260752 8.603668e-05 1.5276486e-06 5.3099568e-05 0.0020491874 0.0016192151 6.5983535e-05 0.0001239129 0.00043621563 0.0001138344 1.9772382e-05 0.006562201 0.00165331 1.0162731e-05 0.0019973712 9.38415e-06 5.6490107e-06 1.2433349e-06 0.0020510636 4.6513713e-07 0.00055087084 2.180869e-05 0.020875636 4.3671612e-08 1.8524875e-06 3.0441624e-06 4.740749e-06 0.00023910157 1.6474628e-07 8.5214214e-07 5.167128e-07 4.213404e-05 0.0001538104 3.147304e-06 3.6235426e-05 0.0037333518 7.7198354e-05 6.6527914e-06 1.7476212e-05
0.6257154 0.00016063225 0.00060235686 0.0001346403 0.17472292 0.058075596 0.038567077 0.02561661 5.5287467e-07 0.011193542 0.04535135 5.2067282e-08 0.00037825882 0.0006635721 1.5384464e-07 3.03292e-07 0.22616725 0.8876346 1.4682688e-07 0.0072022076 1.6816367e-06 0.0012965061 0.5541124 0.2876306 0.9301326 0.5006249 7.478541e-18 0.0051145824 0.9716956 1.5381884e-05 0.03582859 1.83954e-05 0.027168252 1.9158265e-06 0.69408417 5.8374185e-06 0.00022421066 0.019088998 0.029408574 0.28853 5.7221794e-05 0.013751639 3.4515442e-06 0.0034079792 0.002115102 0.0071914485 0.0006484456 0.0021746927 0.0047521517 0.020573137 6.242324e-05 0.17485988 0.0023368136 8.796353e-08 1.5321812e-05 0.00019537954 0.109600104 2.3278492e-06 3.15381e-05 0.011176394 0.00017102605 0.054839037 0.046868574 0.00017267445 0.000100046826 1.7796763e-05 0.021437094 0.006822985 0.00042771891 1.2450334e-05 0.001381545 0.00076807645 0.00011727386 0.0014016641 0.0015230954 4.3911477e-05 0.0016029841 5.512347e-05 2.3455328e-05 6.625009e-06 3.7949016e-05 7.0567025e-05 0.00094402826 0.00036057786 0.028252272 2.1536183e-05 3.681589e-06 6.337658e-05 0.0003796339 1.7360595e-05 3.363604e-05 5.8018184e-05 6.696697e-07 0.0004786341 0.0010212248 7.858564e-05 0.00059792504 0.0009581281 4.4225417e-05 4.7346286e-05 0.0019802256
0.74996454 0.43868938 0.7896931 0.10886701 0.42074117 0.5650482 0.088184364 0.027675942 0.13080263 0.91397965 0.0026642971 0.0144451205 0.020715589 0.025031907 0.34967917 0.004803945 0.2570705 0.09846944 0.0015989137 0.004780682 0.37500742 0.00095268857 0.0004944102 0.00013151497 0.035244353 0.1584304 0.0051145824 2.696508e-17 0.00079975236 0.37560987 0.49709836 0.0007105575 1.2908719e-05 0.00010130051 6.414187e-07 0.0006538123 0.0047533796 2.911209e-05 0.5456951 0.35637677 0.00046301348 1.5382894e-07 0.77812415 1.0210377e-06 0.96264005 3.4148609e-06 8.392767e-05 1.0337391e-07 3.8841434e-05 2.3094375e-07 0.0022666696 0.007794379 0.73014224 0.11115785 0.001254007 0.00017580495 0.00012586749 9.307415e-05 0.35174665 0.5413363 2.1306765e-07 0.00033455525 3.1769898e-06 0.00066752825 1.3589825e-07 0.0011358348 5.843804e-07 1.3605634e-05 5.950279e-05 0.032688115 0.00048775977 0.00045452788 3.7391665e-06 0.005119787 0.000978376 9.021869e-06 0.000498638 2.7137899e-06 1.3604847e-06 7.59594e-09 0.025793266 7.883841e-08 0.0010436424 9.167037e-08 0.0008180581 8.4345375e-09 0.0006761793 6.866563e-05 1.1792399e-06 0.0078171175 8.437652e-07 1.5474945e-05 3.031402e-05 0.00023754401 0.00043224535 6.6396417e-09 5.4298476e-07 0.001186528 0.002782579 5.2661143e-08 0.00039126756
0.6364802 3.5805107e-05 0.00027301675 4.3064214e-05 0.056507032 0.024166847 0.0074873646 0.004483602 1.1783737e-07 0.006638788 0.010695274 4.1591147e-08 5.773982e-05 4.3991495e-05 4.8439567e-08 7.170082e-08 0.057189506 0.59150356 7.1599004e-08 0.0013642416 3.937052e-07 0.00016293264 0.24915205 0.14931892 0.8968135 0.46690097 0.9716956 0.00079975236 2.3530848e-17 3.9496554e-06 0.031421393 3.99499e-06 0.011805481 1.6325179e-06 0.9202763 9.978683e-06 7.068456e-05 0.008922347 0.021589529 0.52826333 1.579463e-05 0.03930999 8.8594396e-07 0.0041063777 0.00055764476 0.0060990904 3.078394e-05 0.0025482408 0.00046144155 0.0472881 3.3142853e-06 0.48569357 0.0009771485 1.410755e-07 3.0393962e-06 7.2707706e-05 0.4477061 5.7519183e-06 1.3859593e-05 0.010576826 0.0002514606 0.37668777 0.38184416 2.641445e-05 0.00012600765 3.280589e-05 0.12622413 0.03841264 0.00010652062 6.6227917e-06 0.00053694524 0.00020257579 3.1928404e-05 0.0017523634 0.0016617418 1.5477794e-05 0.0010333267 1.0184018e-05 1.04379415e-05 8.915299e-06 5.4186017e-05 8.658826e-05 0.0007185172 0.0005218234 0.13968663 4.900995e-06 1.3116361e-06 4.2271627e-06 0.0002625241 3.3408578e-05 5.8173946e-06 4.6324667e-06 3.0813226e-07 6.4421474e-05 0.0002607023 5.7896974e-05 0.0010195947 0.0017475163 3.679029e-05 0.00010980179 0.00026879352
0.7079263 0.37165132 0.4603198 0.12309492 0.0022307367 0.0062524797 0.0022073563 0.00046436395 0.594298 0.045050118 4.964177e-05 0.2895401 0.012107665 0.0020610783 0.92568946 0.122281946 0.0008139263 0.00036565188 0.09225942 0.00050934084 0.97067964 9.8246004e-05 7.3272713e-07 1.9294303e-07 0.0002166015 0.00018428208 1.5381884e-05 0.37560987 3.9496554e-06 1.9146367e-16 0.0005947451 0.007531221 1.9529832e-06 0.006766819 1.0053801e-07 0.01163005 0.0038227167 1.1796667e-05 0.002094867 0.00011515923 0.00021294648 6.053058e-08 0.88073605 7.212365e-07 0.16357806 5.4551504e-07 0.00011974368 2.0560925e-07 7.8447636e-05 9.1584343e-07 0.0008379886 6.863685e-06 0.032873727 0.29738176 0.00069255906 8.429867e-05 9.628798e-07 0.005709566 0.06865441 0.014776652 2.842014e-07 5.618386e-06 7.3793713e-06 0.000341715 1.1577505e-07 0.0036617182 2.1403665e-05 6.374939e-05 0.00010303352 0.005112575 1.3289799e-05 5.636063e-06 5.7600096e-06 2.6438294e-05 2.9275227e-06 6.468036e-06 1.1659978e-05 2.6954677e-07 8.4925074e-07 3.955636e-07 0.00024785099 2.285423e-08 0.00045843582 8.537739e-07 3.8506414e-06 9.257982e-09 0.0028696677 4.838068e-07 2.2750363e-07 0.0011657077 7.7352624e-08 4.292664e-07 0.0001652964 4.527223e-06 3.4748573e-05 2.8490072e-07 8.677777e-06 3.828271e-05 0.026322592 2.1858058e-07 9.79112e-06
0.28066206 0.022448687 0.108240664 0.004746374 0.43248314 0.44501364 0.038318973 0.050299317 4.7616028e-05 0.6306786 0.004827282 9.136255e-06 0.0008112937 0.0013118276 4.2760104e-05 3.7323227e-06 0.62636524 0.24433488 4.326955e-07 0.0021736755 0.00040064592 0.0003193125 0.012372587 0.011245649 0.12200108 0.72965693 0.03582859 0.49709836 0.031421393 0.0005947451 7.511011e-20 3.959409e-06 0.00078117655 4.0419445e-07 0.00083418086 3.6159203e-05 0.0003093092 2.494296e-05 0.98282653 0.9094568 0.00017327422 5.5750943e-06 0.00048111682 1.0189216e-05 0.07582654 3.82678e-06 5.1413273e-05 1.4657568e-06 0.00011191129 4.6815107e-06 3.48869e-05 0.24704657 0.09468816 1.141095e-06 2.777935e-05 6.151996e-05 0.01876299 2.497888e-07 0.0011795976 0.2734624 8.398808e-08 0.0059657884 0.0008959019 4.641437e-05 9.020423e-08 5.5766657e-05 1.6161111e-05 0.00012329582 2.6161495e-05 0.00030374026 0.00016684245 7.773634e-05 3.4027807e-06 0.024278266 0.0036208725 1.1027975e-05 0.00477702 5.9519557e-06 1.1783596e-06 3.6525208e-08 0.01187155 2.159809e-07 0.00019208028 7.294425e-07 0.013524949 1.1391899e-08 1.044551e-05 1.0294076e-05 4.0919383e-07 0.00051067834 1.2603505e-08 2.4689105e-06 7.045089e-07 5.8045913e-05 0.00013703003 6.168513e-08 2.0469292e-06 0.0039503737 9.210726e-05 1.02052894e-07 2.6964139e-05
