6.891675e-28 0.094262645 0.12414606 0.055874914 0.8143835 0.08883833 0.012341993 0.1384168 0.4525584 9.986161e-05 0.34044594 1.1139024e-05 0.9180793 0.00038881367 0.8269977 0.05222134 0.0047009704 0.13245548 0.503403 0.0046514897 8.931723e-06 0.4216079 0.64747196 0.11371669 0.013136161 0.98675215 0.8404251 0.66343814 0.26595876 0.8723855 0.9394676 0.02241139 0.0015416174 0.66131765 0.8287581 0.043816485 0.25263408 1.858721e-05 0.06708065 0.46763912 0.055397723 0.00084849825 0.0059971996 0.027602911 0.8101621 0.7708555 0.26098934 0.03481631 9.7164075e-06 0.19452298 1.4495806e-05 0.0035210792 0.014086802 0.11694178 0.0019220765 0.90852773 0.7179826 0.59597063 0.0014398473 0.7510462 0.5613453 0.0046850396 0.9831017 0.7685754 0.9179944 0.54087365 0.9522195 0.42934573 0.9592546 0.05972088 5.2897036e-07 0.9905766 0.9294662 0.00010812257 0.9996124 3.344986e-07 0.8735084 0.9838501 0.857965 9.4827636e-05 0.9592293 0.24043109 0.48382157 0.65988135 0.30198628 0.7337438 0.88017786 0.9946766 0.94750726 0.8325263 5.375511e-05 0.089436844 0.9990906 0.9997048 0.2907082 0.99901074 3.2613265e-05 0.8205668 0.98920184 0.9682597 0.03061249
0.094262645 1.7449641e-19 0.97573626 0.41598114 0.4745271 0.70551133 0.6155435 0.113512665 0.4597752 0.32221764 0.06846919 0.07540638 0.05033973 0.18607078 0.18851855 0.017218262 0.016573887 0.020105572 0.0276419 0.044266682 0.0020900026 0.43571454 0.0027881947 0.00059447513 0.0002754148 0.07193042 0.00093997974 0.33153877 0.00068470865 0.32297027 0.011902425 0.0006736347 0.00029532285 0.00010197279 0.0015693246 1.4024102e-05 1.801096e-05 7.504063e-06 2.7111307e-06 1.2994105e-05 2.3928258e-05 1.1679744e-05 1.6276344e-05 4.025632e-06 0.079418585 9.060838e-05 9.651276e-05 5.249926e-07 6.531822e-06 5.652497e-06 0.0004663584 2.9408831e-05 4.3467924e-08 7.492771e-08 3.936973e-07 0.00013333606 0.0021721753 7.697912e-05 5.8215022e-08 3.9066297e-05 0.0006131838 1.9748069e-07 0.05503888 0.00037289408 0.01244231 5.936655e-06 0.0124430815 2.7992073e-05 5.9622645e-05 1.6249442e-06 2.0263598e-05 0.02227324 0.00028852327 3.5588166e-06 0.012586665 2.384786e-07 2.5638585e-05 0.0022236223 5.185888e-05 1.1845204e-06 0.0014447634 2.440823e-05 9.935624e-07 0.0001136473 9.397987e-06 0.00010192477 0.00011738385 0.0036558076 0.00015659876 9.4122215e-06 1.5294518e-06 2.1724745e-07 0.0018287067 0.00061439455 8.76348e-06 3.129367e-06 3.6063236e-06 4.023872e-05 0.0036225095 0.00078515 1.4677228e-07
0.12414606 0.97573626 4.6579503e-20 0.14304313 0.29918247 0.81350577 0.2931358 0.054475542 0.71575737 0.06156854 0.033011347 0.008109921 0.019764854 0.048508316 0.29902244 0.013975538 0.008280595 0.02571804 0.037958685 0.023072716 0.0005059191 0.6155914 0.0026280303 0.0010365072 0.0012855562 0.09607326 0.00096631626 0.48174003 0.00044988986 0.42280966 0.036836058 0.0004308461 0.00038971633 4.756456e-05 0.000940373 1.971926e-05 3.0045692e-05 1.9572579e-05 6.141717e-06 1.410805e-05 3.6620168e-05 1.992533e-05 6.272622e-05 1.4487057e-05 0.18863721 2.9867197e-05 3.789141e-05 6.9624443e-06 6.2161284e-06 1.1837768e-05 0.00023567116 3.823163e-05 1.5004547e-06 1.4083616e-06 2.2431157e-06 7.1032846e-05 0.0078006587 0.00023037262 3.8320437e-07 3.5514102e-05 0.00038536504 3.4176776e-07 0.11759449 0.000111937654 0.021099178 2.1009337e-06 0.04853956 7.0519665e-05 1.9740615e-05 6.7645215e-06 2.8679562e-05 0.041769173 0.0010316842 1.5436261e-06 0.024577532 2.1151037e-07 0.00010816155 0.01103863 9.9763936e-05 8.274745e-07 0.0051018405 3.0380126e-05 2.6827565e-06 6.3597756e-05 1.7448549e-05 5.234972e-05 5.3738553e-05 0.005454566 7.1085844e-05 1.953392e-05 1.0908703e-06 1.469648e-06 0.0027964793 0.00023681475 1.491641e-05 2.8590987e-06 2.1400165e-06 0.00013879903 0.0051046587 0.0006335594 1.0650538e-06
0.055874914 0.41598114 0.14304313 1.2807654e-18 0.925957 0.08139525 0.15415028 0.9275881 0.06025705 0.11552201 0.74861115 0.007975037 0.38518706 0.5756514 0.04472389 0.001394455 0.00047381548 0.0011601148 0.0026793038 0.61877334 3.7964655e-05 0.07341182 0.0006664495 1.0555664e-05 8.7850894e-05 0.16859204 0.0045284196 0.104931735 0.0020245963 0.26587185 0.0048822653 0.0011418571 0.001572811 0.00043345132 0.00030878076 3.5310662e-05 6.62804e-05 2.6855469e-06 7.4446857e-06 2.2569798e-06 4.786534e-07 2.2626803e-06 1.4194102e-06 6.168563e-07 0.020505756 8.863699e-05 0.00013462154 4.782829e-07 1.9915594e-06 1.6398244e-05 0.001058012 0.0001028725 1.124648e-07 1.2614164e-07 8.8886617e-07 8.107125e-05 0.001174203 0.00012952727 3.0183026e-07 3.6772926e-05 0.00013858819 1.815656e-06 0.0119702015 0.00025303435 0.019076318 2.665831e-05 0.0030675717 2.0202566e-05 4.9440976e-05 2.6861397e-05 7.0415135e-06 0.023294397 0.00012959894 4.0388855e-05 0.021031536 6.762846e-07 2.2146867e-05 0.00070881296 8.550353e-05 3.4759325e-06 0.00034747046 1.4653801e-05 4.316474e-07 0.00018199778 2.4832796e-06 0.000106551204 0.000102022495 0.0037755333 0.00025147237 2.6322778e-06 3.8218745e-06 5.806512e-07 0.0023813762 0.0008068417 7.1391323e-06 8.020211e-07 4.0965674e-06 2.7852751e-05 0.004284922 0.0010924436 5.3408496e-07
0.8143835 0.4745271 0.29918247 0.925957 2.1319562e-19 0.07676082 0.028784798 0.9064392 0.09979092 0.016422614 0.7886636 0.00065502967 0.756652 0.12361 0.041056152 0.000501836 0.00059222925 0.0007225064 0.0009512368 0.3993629 4.0630115e-05 0.2578849 0.00036986664 2.166491e-05 0.000100637255 0.6356909 0.01117169 0.15845338 0.0040453887 0.6910716 0.003074259 0.0036932314 0.0071121817 0.0007882715 7.227148e-05 0.00022381093 0.00022310897 1.1192136e-05 0.00018622226 8.2352165e-07 5.5221885e-06 1.3800557e-05 5.967984e-06 4.78264e-06 0.12257413 0.0002894106 0.0004274649 1.0615887e-06 8.679093e-06 6.407486e-05 0.0024215966 7.020114e-05 2.1627069e-07 3.5478726e-07 1.3651089e-06 0.0004755588 0.003352947 5.3124237e-05 5.1821155e-07 9.061361e-06 0.0021488955 2.034113e-06 0.16030002 0.0013985009 0.21055837 1.1397198e-05 0.045017455 8.780596e-06 0.0002656997 2.326463e-05 4.2023006e-05 0.34624562 0.0012619129 7.3080487e-06 0.22977032 5.93732e-07 0.00010949467 0.0155618265 0.0008406404 2.728189e-06 0.008439918 2.288155e-05 2.4913209e-06 0.0026593152 1.3063949e-05 0.0015141965 0.0009419185 0.02142712 0.0014187748 0.0001025742 8.532957e-06 1.06157e-05 0.022954347 0.0019853462 2.2904887e-05 3.8737373e-05 1.4117161e-05 0.00030274605 0.0069462094 0.0044066473 7.883714e-06
0.08883833 0.70551133 0.81350577 0.08139525 0.07676082 1.2662157e-18 0.86783016 0.019020349 0.9531636 0.28488407 0.0073879343 0.16684145 0.0023225187 0.07561257 0.53494656 0.62171674 0.5090114 0.427096 0.29058364 0.0056813816 0.045875512 0.26726106 0.06290807 0.0105376365 0.043377962 0.011406441 0.000118150594 0.2916698 9.92144e-05 0.12466368 0.07000998 8.9336274e-05 1.5624932e-05 1.52512375e-05 0.01786901 4.9298246e-06 4.5579727e-06 0.00048193373 1.79785e-06 0.0014682291 0.0006438883 0.0003366152 0.00024354903 0.00016697298 0.0958019 2.0221149e-05 2.3070448e-05 7.649334e-05 3.2885262e-05 2.689863e-06 5.081817e-05 9.5193645e-06 8.548343e-06 8.109324e-06 9.977874e-06 5.5251945e-05 0.015656907 0.0008888803 7.4950685e-07 0.0005980342 0.00023251315 1.0239333e-07 0.046192277 0.00028196248 0.003705929 6.7480676e-07 0.030341206 0.00026474815 4.3036907e-05 1.5961857e-06 1.6302394e-05 0.0110585075 0.0025086433 5.2095397e-06 0.007022685 3.08566e-07 0.00055326935 0.00522215 3.415664e-05 2.4986218e-07 0.0020082842 0.00019215942 2.1396421e-05 3.9966493e-05 3.889422e-05 3.504533e-05 4.1465464e-05 0.003228301 2.4976453e-05 0.00013989591 1.0331906e-06 8.382131e-06 0.0017265092 0.00015335063 7.044364e-05 3.4853514e-05 2.2299898e-06 6.556621e-05 0.003690302 0.0007079277 1.6119667e-06
0.012341993 0.6155435 0.2931358 0.15415028 0.028784798 0.86783016 1.610077e-19 0.020553758 0.49508104 0.82809037 0.0055214344 0.8498877 0.0035953368 0.39915225 0.20618123 0.5592892 0.69017744 0.30299136 0.17059505 0.009140578 0.48260975 0.062074777 0.060848527 0.023203744 0.18589069 0.002776509 0.0002089068 0.04867942 4.2908596e-05 0.019683545 0.0151333315 0.00026824165 1.1194966e-05 3.2580247e-05 0.014729962 1.6447642e-05 5.7776147e-06 0.002585651 1.42211e-05 0.0027464668 0.00059436343 0.002027135 0.00039564646 0.00014516372 0.021740524 9.027748e-06 1.8700308e-05 3.343433e-05 0.00061364094 6.360549e-06 0.001833899 0.0002667844 3.32536e-06 2.7282842e-05 3.6487402e-06 3.757562e-06 0.0012691459 0.00052911846 1.0313546e-06 0.00014193346 2.857481e-05 1.248123e-07 0.0019285956 6.0050854e-05 0.0011161558 4.63837e-07 0.0019188566 3.1726617e-05 8.154945e-07 1.4769204e-06 3.2237887e-05 0.0011925376 2.4678242e-05 0.0005015499 0.00087198924 6.10126e-06 2.4549443e-05 0.00090281013 2.2409298e-05 3.4322318e-07 0.0002174173 0.0008266003 9.352737e-06 7.8789335e-06 0.0001124625 1.0093361e-05 3.4123673e-06 0.0010788089 1.0801121e-05 1.7165246e-05 5.7075133e-05 7.37813e-05 0.002510487 0.00016266777 0.00032853088 1.755345e-05 4.9108485e-06 1.6488146e-05 0.004158854 0.0007290055 1.4781641e-05
0.1384168 0.113512665 0.054475542 0.9275881 0.9064392 0.019020349 0.020553758 7.168865e-19 0.022669392 0.01444158 0.9368688 0.00091326394 0.6468831 0.12624282 0.01372995 0.00035225632 7.015348e-05 0.00038025004 0.00076266844 0.48959064 2.7106937e-06 0.10841203 0.00021529518 1.8076619e-06 1.5379755e-05 0.3682227 0.06645479 0.057615753 0.024061957 0.2820715 0.002803883 0.008085811 0.00861425 0.0059874956 0.00020538711 0.0011326363 0.001326981 6.26071e-07 0.00031101357 1.5555474e-06 1.6214007e-06 4.84565e-07 7.2385495e-07 5.12614e-07 0.026248323 0.0015842045 0.0006385797 5.8305943e-07 1.400543e-07 0.00013927692 0.002978806 0.00066076295 4.961864e-08 1.1449658e-06 9.030421e-07 0.0018671654 0.00066962413 0.00011081695 1.7665914e-07 2.8129634e-06 0.0022406713 7.0840956e-06 0.023892818 0.0016440712 0.1339023 0.00027682623 0.0078722425 5.3460303e-06 0.000573591 7.420349e-05 9.972946e-06 0.06895099 0.00012382455 6.1740693e-06 0.06932938 7.802134e-08 1.37301e-05 0.0027045743 0.0010531306 9.560965e-07 0.0017248272 1.4258527e-05 1.3570392e-06 0.0018767038 1.7801323e-06 0.0010557984 0.0014372284 0.0072196196 0.0017378803 3.0711117e-06 6.4851673e-07 1.1389608e-06 0.009667961 0.0026344426 2.1098667e-06 1.193146e-06 3.3574265e-06 0.00044983928 0.0072663547 0.0038491823 1.3989504e-07
0.4525584 0.4597752 0.71575737 0.06025705 0.09979092 0.9531636 0.49508104 0.022669392 1.3561311e-19 0.056582272 0.0129996855 0.01995381 0.0028041103 0.028032297 0.8906268 0.38817504 0.1625897 0.47082594 0.47145462 0.0119790975 0.0041933567 0.6615811 0.06918961 0.011477105 0.019362044 0.023615535 0.0002744803 0.5820487 0.00012864657 0.35797083 0.19302173 0.00060465507 7.0413815e-05 2.33464e-05 0.021681463 2.9918738e-05 9.689665e-06 0.0002633777 1.1207271e-05 0.0009150752 0.0004991598 0.00047363702 0.00075743225 0.00019686029 0.3502115 2.7923392e-05 2.9399213e-05 0.0002826366 9.6559255e-05 7.380695e-06 0.00028210666 8.058124e-05 8.1226484e-05 3.6037814e-05 8.400182e-05 4.540556e-05 0.05381401 0.0023749135 1.020315e-05 0.00065606803 0.0002570752 2.9697233e-07 0.25094357 0.00014105446 0.01216451 1.824912e-06 0.17714253 0.00027036638 1.1454163e-05 2.7005608e-06 7.4096846e-05 0.06965799 0.012654692 3.4199045e-05 0.024556339 2.2854733e-06 0.0027059298 0.047942996 0.00010583782 1.1363765e-06 0.020393563 0.00045251858 3.6004905e-05 0.00015599212 9.730061e-05 0.00013071085 4.971663e-05 0.01630127 0.00015458994 0.000911932 1.1824207e-05 3.9566738e-05 0.0053129657 0.00035794024 0.000201366 0.000115691015 5.4884617e-06 0.00014405548 0.008829089 0.00062638044 5.6827603e-06
9.986161e-05 0.32221764 0.06156854 0.11552201 0.016422614 0.28488407 0.82809037 0.01444158 0.056582272 4.525676e-20 0.0023043018 0.89666367 0.0023423757 0.92366755 0.013510483 0.015694369 0.027750596 0.012495744 0.008149477 0.020134425 0.057451416 0.02036543 0.002914914 0.00031236903 0.0011418817 0.00061918655 0.0011003136 0.011152448 0.00016337656 0.010218751 0.0006859488 0.00011925035 8.8159584e-05 5.960968e-05 0.001229578 7.065528e-06 1.637282e-05 5.1646064e-05 1.8680596e-05 0.00024609815 0.00010916447 1.19824845e-05 4.057478e-05 1.4218808e-05 0.0018525018 5.5429333e-05 6.408409e-05 3.957574e-06 0.00010005111 7.678515e-06 0.0015066671 0.00019347326 1.8587608e-06 4.6981177e-06 3.3701767e-07 3.9939638e-05 8.1044185e-05 0.00037220801 3.5430155e-06 5.0166113e-06 9.319299e-05 5.4577885e-07 0.00057346356 9.1160495e-05 0.0009976213 8.271415e-07 0.0006139615 0.0002053174 1.2576418e-06 2.5321022e-05 1.5387825e-05 0.00058281433 7.4998843e-06 1.8261508e-05 9.790358e-05 1.3422235e-06 4.383941e-06 9.716208e-05 7.804409e-05 6.4012073e-07 2.6816195e-05 0.00031558308 1.023373e-05 2.721821e-05 8.091684e-05 7.42117e-05 1.04941755e-05 0.00082519354 1.8372399e-05 6.5728887e-06 1.330906e-06 1.5939816e-06 0.0005271778 9.954972e-05 2.8806506e-05 5.587528e-06 6.6814414e-06 2.7301307e-06 0.0017097796 0.00022698255 1.5682234e-06
0.34044594 0.06846919 0.033011347 0.74861115 0.7886636 0.0073879343 0.0055214344 0.9368688 0.0129996855 0.0023043018 2.4575679e-18 0.000113112175 0.93310696 0.052399535 0.0036692726 3.404532e-05 1.8178243e-05 8.4909116e-05 0.0003236914 0.7220335 2.0613277e-06 0.055440698 1.2051302e-05 9.671356e-08 4.4660937e-06 0.5616329 0.25395876 0.034877934 0.12144673 0.18934232 0.00010198301 0.04063568 0.03445602 0.051924247 9.73272e-06 0.010816672 0.00962029 5.0273894e-07 0.003400069 4.7524887e-07 1.7630923e-07 3.0008178e-07 3.1717389e-07 1.1563965e-07 0.0116296 0.008713183 0.0023917605 8.9626276e-08 2.1668443e-07 0.0011235155 0.0040062303 0.006282665 9.266991e-09 9.077016e-08 3.4036876e-07 0.010308542 0.00010303657 2.9119228e-05 3.944002e-08 1.7633641e-06 0.0084581245 0.00014024269 0.013418282 0.0052116197 0.24221922 0.0016263744 0.0035192042 6.087439e-06 0.003049797 0.0012097254 9.622391e-05 0.071327075 1.8898903e-05 2.8896243e-06 0.12937154 7.2232304e-08 6.836623e-07 0.0010067532 0.0028041692 1.5580024e-05 0.00031674243 2.4145395e-06 3.4238755e-07 0.0045373896 4.973574e-07 0.003163082 0.0076078884 0.007971927 0.004293086 9.1755163e-07 7.740883e-07 3.4227952e-07 0.011549551 0.008348557 4.30578e-07 1.9334276e-07 3.0608353e-05 0.0019987451 0.009316453 0.016112646 1.17490515e-07
1.1139024e-05 0.07540638 0.008109921 0.007975037 0.00065502967 0.16684145 0.8498877 0.00091326394 0.01995381 0.89666367 0.000113112175 8.001559e-21 0.0002086623 0.47435233 0.0065093394 0.045047294 0.1329407 0.017771622 0.007081371 0.0011955273 0.6102214 0.002852293 0.004835315 0.0031106682 0.021181816 6.0607086e-05 0.00011323316 0.0014734521 2.2992386e-05 0.0006261066 0.00092137617 1.7663895e-05 4.386726e-06 1.034175e-05 0.0012910526 2.955206e-06 1.8625102e-06 0.00049395993 2.350996e-06 0.00058743556 0.00018960092 0.00011372709 0.000106604966 4.31906e-05 0.00062473625 6.288449e-06 1.865841e-05 5.1423303e-06 0.00026397646 2.7656283e-06 0.00033661473 2.989022e-05 1.8612141e-06 6.7585174e-06 1.152492e-06 2.1308745e-06 5.7315134e-05 0.0001440449 6.6656007e-06 4.1953863e-06 2.008335e-05 2.094465e-07 0.00038912974 2.8216247e-05 0.00017768114 4.030255e-07 0.00042642353 4.427479e-05 6.9082716e-07 5.941906e-06 9.392423e-06 0.00039663797 1.2323356e-05 4.422002e-05 4.2617696e-05 6.4966225e-06 5.913854e-06 8.6125336e-05 1.2274657e-05 1.5557914e-07 2.5163776e-05 6.527559e-05 3.795099e-06 1.7172024e-05 3.570101e-05 3.851444e-05 4.5293737e-06 0.00065784325 5.334917e-06 1.9498382e-06 7.331015e-06 8.907068e-07 0.0004511434 4.5696175e-05 2.041507e-05 4.019122e-06 6.730567e-07 2.1068978e-07 0.0011183736 3.61164e-05 6.1842957e-07
0.9180793 0.05033973 0.019764854 0.38518706 0.756652 0.0023225187 0.0035953368 0.6468831 0.0028041103 0.0023423757 0.93310696 0.0002086623 5.7360306e-18 0.019299598 0.0010015351 0.00010113448 0.00012583629 0.00010411233 4.8450776e-05 0.38407493 3.208551e-05 0.040334202 1.9423485e-05 1.210727e-06 4.1624186e-05 0.83967584 0.448919 0.01782929 0.31586644 0.22465725 2.3601628e-05 0.16358064 0.107506916 0.12028292 2.438279e-06 0.11528203 0.050443023 1.1497591e-05 0.02246601 1.1974761e-07 2.2285322e-07 9.683346e-06 2.022189e-06 7.773618e-07 0.009951021 0.022423599 0.010885208 2.866209e-07 8.186297e-06 0.0018775479 0.0056898375 0.003642491 1.18496956e-07 7.483759e-08 1.7396137e-06 0.033972397 7.989149e-05 6.9031116e-06 1.07976184e-07 1.4124937e-06 0.028162185 3.234836e-05 0.067356534 0.0118352575 0.44844055 0.00041412414 0.013402569 5.1950674e-06 0.009362723 0.00035786055 0.00021398983 0.23550293 8.411428e-05 8.678771e-06 0.3305668 7.5886703e-07 1.791051e-06 0.004854693 0.004897865 2.033286e-05 0.0033019672 3.897154e-06 2.8212182e-07 0.009676234 7.877254e-07 0.006248405 0.0075849523 0.015685787 0.006145317 7.75151e-06 2.384311e-05 7.2092944e-06 0.025640862 0.011671655 1.787604e-06 6.037259e-07 2.9573135e-05 0.0020848764 0.0060657603 0.024941767 2.1248131e-06
0.00038881367 0.18607078 0.048508316 0.5756514 0.12361 0.07561257 0.39915225 0.12624282 0.028032297 0.92366755 0.052399535 0.47435233 0.019299598 1.3625053e-17 0.011493787 0.007961704 0.02203425 0.0047778836 0.0037343062 0.9561298 0.120781325 0.017486967 0.0014666806 0.00020787437 0.0039424775 0.0029922894 0.002187243 0.018022913 0.0006295199 0.014510359 0.0005326539 0.0030486686 0.006568719 0.00020423082 0.0005701257 0.00012534307 3.401601e-05 0.00028719482 4.616213e-05 0.00016857908 8.4679785e-05 6.662249e-05 7.239062e-05 7.199597e-05 0.0024486664 9.2258204e-05 2.2179587e-05 1.8750114e-05 0.0007305408 1.4011294e-05 0.07948139 0.0038677831 6.036156e-06 7.180069e-05 8.992363e-06 4.8439128e-05 2.211679e-05 0.00068345736 4.6210364e-05 5.323522e-06 4.479332e-05 1.04793335e-05 0.00024095965 4.3881504e-05 0.00090056617 6.061654e-06 0.0002479413 0.00016105654 1.2778025e-06 6.4973196e-05 0.00062736624 0.0010575872 3.8123878e-06 0.000602739 0.00011210313 5.3018954e-05 6.287987e-06 0.00010701619 0.00019602888 1.5823563e-05 1.0720696e-05 0.00023883017 3.6912134e-05 1.4283597e-05 5.4734628e-05 2.5676905e-05 1.5122698e-05 0.0011674722 6.7467777e-06 6.888815e-06 4.4096294e-05 6.0241773e-06 0.0006351127 5.650614e-05 2.2562299e-05 2.6478856e-06 0.000102756705 7.238713e-06 0.002797925 0.00047668625 9.055427e-06
0.8269977 0.18851855 0.29902244 0.04472389 0.041056152 0.53494656 0.20618123 0.01372995 0.8906268 0.013510483 0.0036692726 0.0065093394 0.0010015351 0.011493787 1.2433094e-16 0.37904438 0.08618303 0.614368 0.84149784 0.0047159325 0.0017710585 0.61599255 0.4043766 0.033499133 0.031181538 0.01428934 9.978002e-05 0.6787801 1.5979716e-05 0.322722 0.52461445 0.000118014104 6.9038756e-06 5.281928e-06 0.123758145 8.321471e-06 1.6858904e-06 0.00018368832 2.7920205e-06 0.0067015504 0.0026454171 0.0012184636 0.0023888312 0.00092798244 0.46115875 3.4580414e-06 5.8257733e-06 0.00040611424 0.0001383257 9.4378333e-07 0.00012031213 3.702792e-05 3.207924e-05 5.126077e-05 0.00010402519 1.0019248e-05 0.1864766 0.002023362 9.108016e-06 0.0014915986 8.182305e-05 1.6861613e-07 0.58784014 1.8020684e-05 0.0056057903 1.6738414e-06 0.4307417 0.00050393154 8.283853e-06 1.6329259e-06 8.989869e-06 0.15550452 0.07840703 2.6494454e-05 0.035054635 2.3639507e-06 0.010631238 0.1693574 5.1333656e-05 3.7219274e-07 0.16073617 0.00059382553 0.00011000503 0.00011036861 0.0001524921 0.00010604494 5.7904697e-05 0.05503468 0.00022286229 0.001042394 1.7708644e-05 6.566433e-05 0.013658162 0.00061217125 0.00025796032 0.00013994583 7.608741e-06 8.555076e-05 0.024472872 0.00035686165 5.297915e-06
0.05222134 0.017218262 0.013975538 0.001394455 0.000501836 0.62171674 0.5592892 0.00035225632 0.38817504 0.015694369 3.404532e-05 0.045047294 0.00010113448 0.007961704 0.37904438 2.9692579e-19 0.93924487 0.9133798 0.6128617 0.00018586457 0.37226966 0.045493398 0.435102 0.5848062 0.6765543 0.0010300587 3.1718573e-05 0.045013238 5.0929317e-05 0.0075027104 0.047606044 5.7832018e-05 3.973908e-06 1.03113e-05 0.08038828 1.0038213e-05 5.2258856e-06 0.033788323 5.09224e-06 0.04247927 0.015596959 0.01933571 0.004657835 0.0022726858 0.037176054 2.700516e-05 8.437004e-06 0.0005839181 0.0029523752 5.424322e-06 7.59639e-05 0.000120306395 0.00021136974 0.0002205955 7.493339e-05 2.6008207e-05 0.016263528 0.0044458066 3.6490237e-05 0.0019766632 6.569157e-05 4.6620428e-07 0.0073805405 4.2971496e-05 0.00027477284 2.5679217e-06 0.011969163 0.0016375764 4.016938e-06 1.9407219e-06 2.0767058e-05 0.0038795085 0.0031331568 0.0002639704 0.0011780142 9.279288e-06 0.00057546457 0.005220768 5.552234e-05 1.90495e-06 0.0015603475 0.0009480793 0.0005382826 5.7628866e-05 0.00063998863 5.685273e-05 1.6260317e-05 0.0027984842 4.550092e-05 0.000657372 3.2882253e-05 6.309868e-05 0.0019173018 0.0003196053 0.0003223434 0.00026008693 1.9181264e-06 2.4568086e-05 0.004691252 0.0022787321 5.3132567e-06
0.0047009704 0.016573887 0.008280595 0.00047381548 0.00059222925 0.5090114 0.69017744 7.015348e-05 0.1625897 0.027750596 1.8178243e-05 0.1329407 0.00012583629 0.02203425 0.08618303 0.93924487 6.5906314e-18 0.49125051 0.24927984 0.00017540387 0.8793642 0.010677184 0.15341613 0.3557428 0.7498856 0.0003520387 8.382536e-05 0.006487574 1.6433814e-05 0.0013082047 0.008862289 1.0174554e-05 1.8697857e-06 1.7293309e-05 0.034168355 5.1085053e-06 9.293867e-06 0.06220357 3.0229678e-06 0.04736165 0.023945889 0.024070157 0.008755725 0.0019985996 0.0034630038 4.3112414e-05 1.4962843e-05 0.00030133803 0.010484868 8.445876e-06 0.00029058795 0.0002985118 3.3871445e-05 7.384113e-05 3.2366966e-05 1.9365334e-05 0.0015733436 0.0011111683 2.7498028e-05 0.00035633965 3.98397e-05 1.392494e-06 0.0006471159 1.3361539e-05 0.00023812761 2.0015787e-06 0.0012194157 0.00039570194 1.4819178e-06 9.838284e-06 8.379686e-06 0.00061815546 6.5739456e-05 0.0003428194 0.0001743743 3.0619365e-05 4.2718322e-05 0.00020143935 2.6809445e-05 1.0483147e-06 9.5315605e-05 0.00023309463 0.00013501575 9.0245885e-06 0.00010773155 2.7622089e-05 1.2035969e-05 0.000942999 9.909804e-06 4.3567805e-05 2.8180992e-05 4.5105644e-05 0.00079100614 7.4475305e-05 6.147497e-05 4.0318584e-05 1.264029e-06 1.6628275e-05 0.0036038212 0.0010253543 4.6600317e-06
0.13245548 0.020105572 0.02571804 0.0011601148 0.0007225064 0.427096 0.30299136 0.00038025004 0.47082594 0.012495744 8.4909116e-05 0.017771622 0.00010411233 0.0047778836 0.614368 0.9133798 0.49125051 6.700949e-21 0.9507381 0.00020579809 0.058418803 0.20534968 0.6880105 0.58898294 0.4458199 0.0021829044 2.2357595e-05 0.14647456 2.1849575e-05 0.04376967 0.23723733 4.2249805e-05 8.7012586e-07 3.541428e-06 0.20435819 1.9230938e-06 8.630408e-07 0.011514814 5.292973e-07 0.059293628 0.0152773475 0.017839579 0.005917319 0.0033710445 0.12454744 5.1704783e-06 3.6786062e-06 0.0012512725 0.00088465656 1.1822069e-06 8.194506e-06 1.2161029e-05 0.00047282665 0.00033334506 0.0003407368 2.176759e-05 0.09341178 0.006865578 5.1232615e-05 0.0051170606 4.188349e-05 1.08026654e-07 0.042591218 0.00013911456 0.0011478271 5.6203663e-07 0.063177705 0.0018084843 9.846508e-06 1.5900129e-06 1.2106652e-05 0.016451238 0.019265663 9.941367e-05 0.0045412057 2.758259e-06 0.00547351 0.02140255 3.0849067e-05 3.4454058e-07 0.01726584 0.00048543623 0.00029819284 5.398223e-05 0.00029152224 3.760134e-05 1.9274425e-05 0.008318537 6.7367386e-05 0.0015582552 5.6458653e-06 5.2910967e-05 0.00573217 0.00060624 0.00027979678 0.00068063865 5.917597e-07 1.7359287e-05 0.013845723 0.0007246504 2.429227e-06
0.503403 0.0276419 0.037958685 0.0026793038 0.0009512368 0.29058364 0.17059505 0.00076266844 0.47145462 0.008149477 0.0003236914 0.007081371 4.8450776e-05 0.0037343062 0.84149784 0.6128617 0.24927984 0.9507381 1.22040854e-20 0.0007927711 0.0071727056 0.44506404 0.66673625 0.4024747 0.2199094 0.0020837276 8.711816e-06 0.43901613 5.073824e-06 0.12045519 0.6050164 5.1738938e-05 5.3276462e-06 1.124016e-06 0.35892785 3.801431e-06 7.064829e-07 0.004810058 5.4767673e-07 0.041573953 0.015626982 0.012827872 0.0070534023 0.0024105893 0.34242824 5.9508375e-06 3.4449083e-06 0.001203208 0.0008068859 1.9696433e-06 6.467035e-05 1.1242298e-05 0.00089876476 0.00035452974 0.00029421496 1.5931328e-05 0.27239078 0.010392426 9.212482e-05 0.009952415 2.1596874e-05 8.2186425e-08 0.20024829 4.2932254e-05 0.0012542162 2.0858042e-07 0.2224026 0.0011790011 3.6391662e-06 5.211739e-07 1.9298852e-05 0.051057342 0.09421522 0.00010902703 0.009804057 5.708028e-06 0.0194145 0.096898206 1.4878194e-05 8.3116396e-07 0.114050515 0.0007926694 0.0001714366 7.461016e-05 0.0003411237 5.6723075e-05 1.1511063e-05 0.022991082 8.331767e-05 0.0039519635 1.0560518e-05 0.00025332242 0.006856009 0.00044983733 0.00029234245 0.00063515775 1.5543894e-06 3.7798945e-05 0.01793687 0.0004358655 2.6323243e-05
0.0046514897 0.044266682 0.023072716 0.61877334 0.3993629 0.0056813816 0.009140578 0.48959064 0.0119790975 0.020134425 0.7220335 0.0011955273 0.38407493 0.9561298 0.0047159325 0.00018586457 0.00017540387 0.00020579809 0.0007927711 8.6422614e-18 3.3666078e-05 0.011339473 0.00016859935 3.7041675e-06 0.0001260847 0.09379887 0.107432745 0.01213928 0.21508959 0.049004417 0.00040902573 0.46333638 0.67186403 0.016847044 0.00028230823 0.08257154 0.03166183 1.4797896e-06 0.015554417 2.206139e-05 1.1205589e-06 1.1444992e-07 3.0608605e-06 3.3677522e-06 0.003641209 0.004986735 0.0014149442 6.05085e-07 2.3897755e-06 0.0012654107 0.24626811 0.03443956 4.9939825e-07 7.4618833e-07 1.9501235e-07 0.0019893546 4.54289e-05 0.0004833618 4.1106853e-07 2.677296e-05 0.0010220301 6.601488e-05 0.0006331475 0.0009737298 0.030102799 0.00023554264 0.00032307525 5.1373427e-05 0.00017272796 0.00024357479 0.00061548664 0.0079495795 8.8197675e-07 6.0847347e-06 0.010951385 2.0731477e-07 1.4422812e-06 0.00025597576 0.00047477894 1.4988535e-05 6.708046e-06 1.675457e-05 1.0393098e-06 4.098738e-05 6.450844e-06 2.311308e-05 0.00013235444 0.0014853646 2.2083344e-05 2.182135e-06 9.3366634e-07 3.4429883e-07 0.0013990091 0.0002462848 7.1241925e-07 1.0269038e-06 0.00012344323 0.000104714665 0.0014587446 0.0012997031 2.1810645e-07
8.931723e-06 0.0020900026 0.0005059191 3.7964655e-05 4.0630115e-05 0.045875512 0.48260975 2.7106937e-06 0.0041933567 0.057451416 2.0613277e-06 0.6102214 3.208551e-05 0.120781325 0.0017710585 0.37226966 0.8793642 0.058418803 0.0071727056 3.3666078e-05 5.242503e-23 0.00051218545 0.007827866 0.09933692 0.7810842 2.7725819e-06 6.310999e-05 0.0002433426 1.1222245e-05 3.0720126e-05 0.00067952694 2.2831564e-05 5.3563815e-07 1.0163207e-05 0.0021262362 4.125556e-06 1.2328663e-06 0.314778 2.941145e-06 0.0049746414 0.006251177 0.05527712 0.004934691 0.00036981708 4.2618754e-05 1.6991818e-05 6.1719197e-06 0.00017347149 0.21561019 7.74893e-06 0.00027041745 2.1622543e-06 4.6872874e-06 1.837343e-05 5.9121485e-05 4.630492e-06 2.1334845e-05 8.920602e-05 0.00027791288 1.968051e-06 9.594868e-06 5.0304976e-07 2.3870523e-05 1.3260783e-05 1.2340797e-05 2.6489224e-07 9.629087e-06 1.760804e-05 1.5984989e-07 3.578421e-07 2.5538618e-06 1.8253533e-05 8.919091e-06 0.0019364404 2.1938433e-06 0.00064601493 3.873728e-06 1.0215116e-05 1.296362e-05 9.546015e-09 1.5205889e-06 3.2692893e-05 5.308096e-06 3.9186466e-06 9.005554e-06 4.411466e-06 2.8278864e-06 0.00036479818 3.237485e-06 2.594401e-06 9.082805e-05 3.4861075e-06 0.000102870436 3.87151e-05 5.9302805e-05 1.0121156e-06 2.7599938e-07 1.1067099e-06 0.00049279584 1.8637168e-06 5.811836e-07
0.4216079 0.43571454 0.6155914 0.07341182 0.2578849 0.26726106 0.062074777 0.10841203 0.6615811 0.02036543 0.055440698 0.002852293 0.040334202 0.017486967 0.61599255 0.045493398 0.010677184 0.20534968 0.44506404 0.011339473 0.00051218545 2.1969326e-18 0.21386501 0.01381314 0.0046877884 0.037087515 0.0029871354 0.94907135 0.00069211406 0.8642416 0.32076114 0.0022307844 8.403026e-05 0.00030268048 0.05250799 0.00041410813 0.00017114486 0.00037908397 6.4239204e-05 0.023748845 0.008622923 0.00071634486 0.0016404298 0.0035953077 0.53145206 0.00012928304 5.7544454e-05 0.002733794 2.0414816e-05 3.737799e-05 9.117762e-05 8.678253e-05 0.00089340704 0.0025440594 0.00022632652 0.00027384624 0.06698083 0.005127654 1.8141423e-05 0.00804135 0.00023970501 5.9949766e-06 0.38501236 0.00021425466 0.050457098 9.8495975e-06 0.07145988 0.0014228689 0.00012477084 4.694212e-06 0.00017207935 0.103209294 0.014556131 0.0002223865 0.04076734 5.915755e-06 0.007305652 0.022067953 7.270264e-05 7.0855954e-06 0.017884398 0.00053170125 0.00031835987 0.0006056341 0.00034480623 0.00061315694 0.00029356306 0.03701905 0.000541003 0.000649701 1.069128e-05 1.0486762e-05 0.019020349 0.0013956616 0.00039191364 0.0026038622 2.6759737e-05 3.0364092e-06 0.010875626 0.00035089726 6.4988285e-06
0.64747196 0.0027881947 0.0026280303 0.0006664495 0.00036986664 0.06290807 0.060848527 0.00021529518 0.06918961 0.002914914 1.2051302e-05 0.004835315 1.9423485e-05 0.0014666806 0.4043766 0.435102 0.15341613 0.6880105 0.66673625 0.00016859935 0.007827866 0.21386501 8.419482e-19 0.95049006 0.30454227 0.0013468429 1.3163736e-05 0.16318776 6.3207053e-06 0.025791824 0.7844039 6.315714e-05 4.512748e-06 1.8933981e-06 0.7968305 4.3527752e-06 1.342966e-06 0.012677867 1.2322704e-06 0.34876716 0.17838213 0.038276352 0.045075625 0.06054401 0.25190857 6.615804e-06 3.741703e-06 0.015209553 0.005352221 6.0239677e-07 1.0879472e-05 4.7000332e-05 0.012599011 0.00787854 0.0043136394 2.7462938e-05 0.39366597 0.16412285 0.004993393 0.07781545 1.2408373e-05 3.959357e-07 0.20308287 3.7443692e-06 0.00041538672 2.6976818e-07 0.30280095 0.027950767 1.2382809e-06 1.91315e-06 1.3716804e-05 0.0553545 0.23372594 0.0016641784 0.002892307 0.0001180095 0.072871014 0.21375258 3.1136371e-06 4.770109e-06 0.23298287 0.004895091 0.0014443514 1.4043494e-05 0.0021843507 9.4010165e-06 3.3199794e-06 0.037128195 4.9244132e-05 0.03180052 0.00028193239 0.0010132834 0.011422988 0.00026257016 0.001222903 0.005637631 1.7245737e-06 1.4645755e-05 0.031690687 0.00019297867 8.01032e-05
0.11371669 0.00059447513 0.0010365072 1.0555664e-05 2.166491e-05 0.0105376365 0.023203744 1.8076619e-06 0.011477105 0.00031236903 9.671356e-08 0.0031106682 1.210727e-06 0.00020787437 0.033499133 0.5848062 0.3557428 0.58898294 0.4024747 3.7041675e-06 0.09933692 0.01381314 0.95049006 1.1516657e-21 0.91422135 5.7428555e-05 7.8050925e-07 0.008671537 6.5470607e-07 0.0011307594 0.06916333 6.9642726e-07 5.3903488e-08 3.5521654e-07 0.3724751 1.0748161e-07 6.001486e-08 0.25966924 2.7993206e-08 0.70821315 0.62363446 0.3680715 0.4220322 0.25678763 0.012766777 5.2591406e-07 3.8807237e-08 0.0284876 0.03434248 9.121916e-08 1.3960496e-06 3.726015e-07 0.008759984 0.0031262236 0.006340046 2.9307307e-07 0.051447395 0.030596957 0.005568559 0.011031921 4.3526688e-07 1.5789622e-08 0.004418354 5.906468e-07 2.0805712e-05 6.158873e-08 0.014131892 0.0072960197 2.478642e-08 4.5916124e-07 2.9662576e-06 0.0017587825 0.018623471 0.0040002707 0.00015788691 0.00022222793 0.0045700385 0.008985047 6.6407694e-07 1.16677406e-07 0.0046775104 0.0014211244 0.00045710124 1.7635792e-06 0.0005578347 1.0365125e-06 6.242996e-07 0.0022331886 4.323154e-06 0.0041627283 6.396064e-05 0.0001635694 0.00062983885 3.9704668e-05 0.00034158287 0.0011118604 2.7529805e-07 2.841823e-06 0.0029755165 0.00017439625 2.952758e-06
0.013136161 0.0002754148 0.0012855562 8.7850894e-05 0.000100637255 0.043377962 0.18589069 1.5379755e-05 0.019362044 0.0011418817 4.4660937e-06 0.021181816 4.1624186e-05 0.0039424775 0.031181538 0.6765543 0.7498856 0.4458199 0.2199094 0.0001260847 0.7810842 0.0046877884 0.30454227 0.91422135 1.4877498e-18 0.0003071027 5.769089e-05 0.0038206773 6.457214e-06 0.00059950113 0.012359921 3.3360535e-05 1.0564863e-06 1.2164636e-05 0.115920015 8.9238565e-06 2.655781e-06 0.84867984 3.8485045e-06 0.26002273 0.31230542 0.5547008 0.25534016 0.050072543 0.005726684 3.829034e-05 2.569862e-06 0.013970394 0.2443152 1.0835527e-05 0.0002528404 0.00039362506 0.0032009901 0.001330507 0.0011621834 2.192675e-05 0.004044571 0.014070562 0.0038197502 0.0020613645 1.4064685e-05 1.029467e-06 0.00050071144 9.327439e-06 0.00016067116 2.927576e-06 0.0008782594 0.0022976408 8.2609535e-07 4.7419133e-05 2.4213052e-06 0.0013837827 0.00043667768 0.002401069 0.00011096692 0.00058319105 0.00012105644 0.0006346515 3.1849973e-05 6.1472747e-07 0.00016230796 0.0012597935 0.0011280117 2.8803675e-05 0.0005333279 4.5417204e-05 6.2834464e-05 0.002191305 2.3001223e-05 0.0007821058 0.000120558376 9.155055e-05 0.001853213 0.00019523056 0.00015561961 0.00019114102 3.9761315e-07 7.5059485e-05 0.0031803548 0.004341199 6.5523354e-06
0.98675215 0.07193042 0.09607326 0.16859204 0.6356909 0.011406441 0.002776509 0.3682227 0.023615535 0.00061918655 0.5616329 6.0607086e-05 0.83967584 0.0029922894 0.01428934 0.0010300587 0.0003520387 0.0021829044 0.0020837276 0.09379887 2.7725819e-06 0.037087515 0.0013468429 5.7428555e-05 0.0003071027 1.648821e-16 0.68395853 0.018479476 0.2347306 0.31778112 0.0010323492 0.10770315 0.025185477 0.28538704 0.00010197105 0.08935114 0.07230893 5.181634e-06 0.056016248 1.2043133e-05 2.6869634e-06 2.5285137e-05 4.233184e-05 1.1782669e-05 0.03311743 0.12683985 0.021307725 1.7710332e-05 2.3408704e-06 0.017736616 0.0012321019 0.0029000766 1.4516426e-06 2.2871088e-06 7.801339e-06 0.073948756 0.0006140464 0.000104727456 1.1126691e-06 1.01242795e-05 0.022252616 0.0010630965 0.16567902 0.008308578 0.73807687 0.0013709735 0.03167845 3.1415013e-06 0.020269152 0.0012196593 4.0635696e-05 0.4007755 0.00025835348 5.0663515e-05 0.57795686 9.577585e-07 5.241279e-06 0.031358816 0.013041084 4.339617e-05 0.0023176344 2.9411945e-05 2.7545116e-07 0.021471545 2.36158e-06 0.015534077 0.010924774 0.083804905 0.01728233 1.9404647e-06 4.6255795e-06 2.7102997e-05 0.25070208 0.034679566 1.5221493e-05 8.5340344e-07 3.9928625e-05 0.0041407794 0.009227912 0.03831977 1.0160313e-06
0.8404251 0.00093997974 0.00096631626 0.0045284196 0.01117169 0.000118150594 0.0002089068 0.06645479 0.0002744803 0.0011003136 0.25395876 0.00011323316 0.448919 0.002187243 9.978002e-05 3.1718573e-05 8.382536e-05 2.2357595e-05 8.711816e-06 0.107432745 6.310999e-05 0.0029871354 1.3163736e-05 7.8050925e-07 5.769089e-05 0.68395853 2.2930767e-16 0.0010076974 0.84317046 0.037166554 2.3191e-05 0.31440026 0.10185253 0.97257483 3.7162297e-06 0.3547345 0.48987514 2.3493389e-05 0.32997176 2.0679306e-07 1.3084541e-06 2.6619035e-05 7.5962557e-06 2.9814505e-06 0.0024764545 0.20861307 0.09996427 1.1160231e-06 1.6958553e-05 0.05079713 0.0016786293 0.0065447227 8.6767585e-08 1.2207984e-07 3.3870683e-06 0.07492234 7.6308206e-05 3.175769e-06 2.5503508e-07 6.879305e-07 0.106448054 0.0021474266 0.009777688 0.08461667 0.53702706 0.013308649 0.0018716018 1.6059578e-06 0.031030763 0.0011372059 0.00026330087 0.06886467 3.597902e-05 0.00011116573 0.25751248 3.408383e-06 3.098527e-06 0.0011253948 0.0206311 7.25875e-05 0.0007040063 3.728957e-06 1.27029e-06 0.018927192 9.046566e-07 0.014181636 0.01237156 0.008162844 0.018070662 4.5108504e-06 4.18771e-05 7.740539e-06 0.016122459 0.017041031 3.6830045e-06 1.9752422e-07 0.000100799 0.007820693 0.0020383534 0.023874009 1.3866604e-06
0.66343814 0.33153877 0.48174003 0.104931735 0.15845338 0.2916698 0.04867942 0.057615753 0.5820487 0.011152448 0.034877934 0.0014734521 0.01782929 0.018022913 0.6787801 0.045013238 0.006487574 0.14647456 0.43901613 0.01213928 0.0002433426 0.94907135 0.16318776 0.008671537 0.0038206773 0.018479476 0.0010076974 4.4871415e-17 0.00024992312 0.62775284 0.44713452 0.0007204718 7.349744e-05 9.443199e-05 0.05776752 0.00012218066 5.141749e-05 0.00039681446 3.324937e-05 0.01045272 0.011490718 0.0007567319 0.0024376756 0.0029329206 0.7898946 5.777607e-05 2.5051164e-05 0.0017707833 5.2416708e-05 2.5278434e-05 7.239213e-05 7.793297e-05 0.0007480024 0.0016915587 0.00012038994 0.00013185819 0.24136065 0.009484971 3.8749273e-05 0.006481928 7.342927e-05 9.681296e-06 0.53581077 3.006223e-05 0.028263178 3.392189e-06 0.41643786 0.0017122786 7.70662e-06 1.0708934e-05 0.0003248338 0.12630327 0.03587245 0.00011630121 0.0481974 6.634917e-06 0.006749581 0.09030056 1.6848979e-05 4.058339e-06 0.0672093 0.0015605082 0.0002978495 0.00016491378 0.0006112737 0.00012264833 2.6572541e-05 0.08528248 0.00012145214 0.0012872444 1.026917e-05 0.00033712326 0.037842967 0.0004896562 0.00028065516 0.00056203234 2.2935728e-05 6.091051e-06 0.020006018 0.00012461422 3.0656323e-05
0.26595876 0.00068470865 0.00044988986 0.0020245963 0.0040453887 9.92144e-05 4.2908596e-05 0.024061957 0.00012864657 0.00016337656 0.12144673 2.2992386e-05 0.31586644 0.0006295199 1.5979716e-05 5.0929317e-05 1.6433814e-05 2.1849575e-05 5.073824e-06 0.21508959 1.1222245e-05 0.00069211406 6.3207053e-06 6.5470607e-07 6.457214e-06 0.2347306 0.84317046 0.00024992312 2.7607593e-17 0.0050015496 1.6984399e-05 0.6598457 0.24364254 0.6463296 1.866705e-06 0.67597145 0.95953697 5.5429828e-06 0.6550457 1.075341e-07 8.814273e-08 1.4013305e-06 1.1584933e-06 2.36609e-07 0.00052828755 0.11480384 0.13894807 2.8961696e-07 3.8134492e-06 0.12623449 0.0071459957 0.028032456 2.2051847e-08 1.5969652e-08 5.914184e-07 0.026295349 1.9560823e-05 6.9516295e-06 1.281508e-07 2.1902285e-06 0.060258374 0.0038702406 0.0012466992 0.058575246 0.22320515 0.008065455 0.00010979499 4.032925e-06 0.015150214 0.0013753796 0.0005155645 0.0060439967 1.0360432e-06 3.0062843e-06 0.049257822 3.4310605e-07 1.1800965e-07 0.00015346138 0.007847136 8.127484e-05 1.0026198e-05 1.3735471e-05 4.855707e-07 0.006767893 6.7992295e-07 0.0052487445 0.0052853725 0.0015970354 0.007960911 2.489842e-07 2.8450797e-06 1.6681079e-06 0.00252029 0.01060665 2.6951657e-06 8.440399e-08 0.00013727359 0.0043239733 0.0014419307 0.00879888 1.93821e-06
0.8723855 0.32297027 0.42280966 0.26587185 0.6910716 0.12466368 0.019683545 0.2820715 0.35797083 0.010218751 0.18934232 0.0006261066 0.22465725 0.014510359 0.322722 0.0075027104 0.0013082047 0.04376967 0.12045519 0.049004417 3.0720126e-05 0.8642416 0.025791824 0.0011307594 0.00059950113 0.31778112 0.037166554 0.62775284 0.0050015496 3.669738e-17 0.032301765 0.01158668 0.0027164079 0.0035528385 0.0037812248 0.0018275359 0.00090470153 5.501838e-05 0.000419763 0.0007040791 0.00090529834 7.954194e-05 0.000112969115 0.000200628 0.51873046 0.0013467497 0.00084884587 5.703422e-05 6.0499415e-06 0.00020556661 0.00035454103 0.00022732397 1.4761862e-05 2.9507888e-05 6.8451927e-06 0.0036624884 0.024605773 0.0005754624 1.2624905e-06 0.0006638836 0.0019437487 2.6472353e-05 0.6296259 0.0007266109 0.32825363 6.7321715e-05 0.13369077 0.00011348398 0.00075901113 2.8527267e-05 0.00015385632 0.86434513 0.0039905272 9.5801886e-05 0.31893674 2.124876e-06 0.00046476116 0.051093698 0.0010162141 1.640447e-05 0.01347114 7.5355136e-05 1.0910841e-05 0.0073579573 8.583442e-05 0.0053586075 0.0027720097 0.11851633 0.005651765 1.5349615e-05 3.4020948e-05 2.3392593e-06 0.21791393 0.010076041 5.2407115e-05 2.8015202e-05 6.623497e-05 8.489107e-05 0.012448619 0.0025496676 6.284761e-06
0.9394676 0.011902425 0.036836058 0.0048822653 0.003074259 0.07000998 0.0151333315 0.002803883 0.19302173 0.0006859488 0.00010198301 0.00092137617 2.3601628e-05 0.0005326539 0.52461445 0.047606044 0.008862289 0.23723733 0.6050164 0.00040902573 0.00067952694 0.32076114 0.7844039 0.06916333 0.012359921 0.0010323492 2.3191e-05 0.44713452 1.6984399e-05 0.032301765 3.969869e-18 2.4260169e-05 3.4919303e-06 1.3430981e-06 0.9058974 1.1660644e-05 5.357736e-07 0.001134579 2.056819e-06 0.34553787 0.21449716 0.008828479 0.018393021 0.05090732 0.50460386 2.5357727e-07 1.0053968e-06 0.024196936 0.00046764396 1.1414564e-06 2.799931e-05 0.00026454122 0.007204938 0.03643203 0.006366876 1.0565004e-06 0.53678274 0.14169006 0.0021273803 0.11839426 1.0794113e-06 2.7962645e-07 0.4536304 5.991848e-07 0.0016015912 2.5318218e-07 0.63364357 0.03489257 9.903728e-08 3.4873542e-06 7.786169e-06 0.1182742 0.3140014 0.0005162403 0.009897294 4.6422425e-05 0.052923948 0.5136516 1.4859568e-06 3.992286e-06 0.5391116 0.0042696823 0.0011248782 1.8060618e-05 0.0020839642 7.773348e-06 2.841052e-07 0.19952036 3.424794e-05 0.0098453015 5.034745e-05 0.0004919204 0.024867058 0.0001557776 0.00050197414 0.0059760693 3.3531837e-06 1.8667656e-06 0.1013563 1.2396567e-05 6.602445e-05
