1.7869686e-30 0.9670826 0.9480387 0.899189 0.84761214 0.9004772 0.9410383 0.9149564 0.9422665 0.8416198 0.9541442 0.91127217 0.689375 0.873776 0.91633177 0.7331467 0.8462398 0.9139862 0.91455925 0.78939307 0.91003245 0.9606781 0.14240047 0.93427646 0.2071438 0.020176815 0.14782856 0.9043959 0.908739 0.61642796 0.34078193 0.50831187 0.2582216 0.0048765624 0.028010234 0.948245 0.95773923 0.032429636 0.088105604 0.9391547 0.56525177 0.0042683915 0.7230556 0.90121406 0.93349963 0.9152713 0.98082423 0.98163956 0.9031035 0.012565324 0.0036752718 0.026056672 0.006487853 0.063248575 0.9403523 0.9947297 0.10356013 0.17182666 0.0015984883 0.00012353969 0.9816259 0.34810635 0.0018690476 6.469311e-05 0.0026950876 0.7300291 0.00013571844 0.07055148 0.022384899 0.0075532813 0.022786465 0.00028865918 0.95799446 0.52644426 0.0011146988 3.6628342e-05 0.9949778 4.734972e-05 7.226597e-05 4.1393636e-05 0.01378217 0.9680169 0.9984132 0.99954283 0.07084865 0.99856323 0.000146762 1.5070342e-06 0.0362134 0.49240133 0.064312845 0.9989725 0.00015381655 0.005065791 0.9774827 0.0009565823 0.18873881 8.0591335e-06 0.039468575 0.99544984 8.307872e-06
0.9670826 6.708142e-19 0.81918573 0.7931787 0.8610719 0.66694707 0.6572838 0.76210195 0.79909986 0.27001506 0.4981052 0.18887176 0.06994234 0.5378892 0.07105806 0.02811891 0.10972411 0.35832047 0.007321566 0.042337295 0.085962094 0.23404533 0.17062148 0.1266316 0.2319337 0.00044816392 0.0010530638 0.07662777 0.0067733983 0.06942673 0.014243517 0.0005123223 0.31692716 0.012526194 0.038488116 0.0027415445 0.050751384 0.00014555312 0.18301332 0.0057972143 0.0005114592 0.011429913 0.0009908259 0.0007199405 0.022057062 0.02383421 0.1760381 0.020786095 0.0011066694 0.039871603 0.017502893 0.0014338319 0.0142995175 0.0020690367 0.08139609 0.030407753 0.00064639177 2.5998064e-05 0.0024130966 0.00196666 0.05425131 0.00020243037 5.9290787e-06 0.0013167561 0.0039379816 1.1045616e-05 0.00064478174 2.322411e-05 3.3174729e-06 0.00026598392 6.243389e-07 0.0012903798 0.0006770811 0.00015879505 1.1974008e-07 0.001758188 0.076098606 0.0021078305 3.0473298e-05 0.00013729492 1.7703122e-05 0.00076358655 0.039598037 0.003044296 2.9757904e-05 0.04113059 1.9939987e-05 3.963362e-05 6.3820065e-05 7.368194e-05 5.6929554e-07 0.0032564767 3.3612952e-05 4.2697146e-05 0.009353334 1.3487181e-05 3.6733636e-05 0.00016455291 9.867051e-05 0.0238816 0.00023356167
0.9480387 0.81918573 1.5176422e-19 0.9598244 0.487427 0.15958834 0.021378882 0.026657555 0.040350053 0.00338389 0.6080385 0.0043849633 0.0019362934 0.26790145 0.58555704 0.0007160376 0.008367189 0.09495479 0.00023610983 0.58411926 0.0071990313 0.03205687 0.1097149 0.06677061 0.057888936 3.123504e-05 1.2391225e-05 0.00426353 0.0003656902 0.40583366 0.0009110653 5.4128945e-05 0.6722466 0.004000854 0.00498664 4.8978625e-05 0.046127543 2.0771e-05 0.46888682 0.02447429 0.007303228 0.002682891 0.0074987733 0.00015068117 0.041426763 0.03385411 0.026302405 0.038580272 0.008826858 0.059392028 0.014423301 0.0002212619 0.062860146 0.054585744 0.026778594 0.00059394026 0.007887983 0.0015679887 0.002798647 0.0004869218 0.013537128 0.0030987756 5.1278935e-06 0.00032088006 0.01743497 1.1680461e-06 0.00024525844 0.0012500936 1.5449176e-06 0.013155756 6.6026935e-08 0.00072053634 0.005683051 0.0011547508 1.89984e-07 0.0029188043 0.009786393 0.0044292537 7.645327e-06 6.82829e-05 0.00067107053 0.003026083 0.0067188763 0.009409879 0.0004064194 0.009792583 1.1937806e-05 8.314324e-06 0.0005397505 0.0007222538 4.0525684e-08 2.2430057e-05 0.00026673553 0.00018350045 0.0011751663 8.2479186e-05 0.0004962109 0.00029909424 0.0016677825 0.0020700058 0.0003382619
0.899189 0.7931787 0.9598244 8.522458e-21 0.8045782 0.65788704 0.07479271 0.041078456 0.029022604 0.013186963 0.12862146 0.0052765994 0.0024053305 0.49638742 0.0693829 0.00084612664 0.0097395545 0.050756916 0.0006831775 0.11768622 0.007845958 0.027001994 0.32670456 0.022738576 0.17393254 6.452176e-05 8.100772e-05 0.0051104818 0.000713558 0.18942608 0.0034890415 0.00012698116 0.6190225 0.029367516 0.03176807 0.00010799839 0.0155960815 3.9512437e-05 0.5413977 0.004935816 0.0012354169 0.014768743 0.0009849373 0.00022423887 0.01160826 0.014040764 0.027055396 0.012610214 0.0012107064 0.17922637 0.06859137 0.00085533754 0.15721285 0.005838093 0.020060325 0.0017935083 0.0007090104 4.9728576e-05 0.020006275 0.0021447036 0.00922123 0.0006295106 4.534184e-06 0.0011944253 0.021614222 2.14317e-06 0.00048682452 0.00021657877 6.0045154e-06 0.0035820287 3.263196e-07 0.0025610118 0.0013398442 0.000398472 2.394355e-07 0.0069632055 0.009502563 0.011784953 3.1299416e-05 0.00013320475 9.479399e-05 0.0018586803 0.007307691 0.005272351 0.0001183782 0.0079318965 1.6701668e-05 3.0483761e-05 5.1332332e-05 0.00020063968 1.5828e-07 0.00013152187 0.00033799603 6.0614548e-05 0.0018412373 1.8644252e-05 0.00011864142 0.00078798254 8.583868e-05 0.0035976162 0.001014387
0.84761214 0.8610719 0.487427 0.8045782 2.9873533e-21 0.93222755 0.5802392 0.18937562 0.07907049 0.11533309 0.030845938 0.017362064 0.01966718 0.73466396 0.012931159 0.0041466397 0.017080057 0.023442479 0.010224185 0.015633453 0.010679898 0.037201338 0.3100237 0.0060979654 0.4219708 0.0010394675 0.0016119406 0.009756428 0.0037059577 0.022086965 0.04539837 0.0007322539 0.14376144 0.028779214 0.097928174 0.0007073948 0.0030485464 0.00061175745 0.12717736 0.00047525906 0.000105299594 0.034768067 8.994485e-05 0.0012544963 0.0013087068 0.0020758228 0.024524488 0.0009471286 5.164478e-05 0.05618486 0.022512957 0.011849427 0.02458117 0.0006691881 0.006867441 0.005560874 6.419456e-05 3.4825716e-06 0.005079205 0.0052084373 0.00214615 8.982506e-06 4.653927e-05 0.0029748997 0.0052135736 1.4033132e-05 0.0018350614 1.5411322e-05 6.836304e-05 0.00033878878 5.2381806e-06 0.0026602552 6.993839e-05 1.5522022e-05 7.821165e-07 0.0035540075 0.0048189587 0.004755391 0.00022196169 0.00032426024 5.6529313e-07 4.9537113e-05 0.0038232324 0.00045521584 5.679783e-07 0.0020378141 0.0002341661 0.00016694018 3.204513e-06 2.855823e-06 5.845664e-06 0.0008710824 7.660717e-05 2.740547e-06 0.0012292744 7.495176e-07 3.5129033e-06 0.00023445323 1.6837223e-05 0.0054075313 0.00037208843
0.9004772 0.66694707 0.15958834 0.65788704 0.93222755 1.726588e-21 0.58035034 0.17926824 0.032971773 0.113745034 0.022509785 0.014883169 0.01858399 0.86425596 0.0023374942 0.0016171412 0.012975613 0.020677714 0.0044629453 0.0052326783 0.006591112 0.018606 0.7442526 0.00467247 0.6659274 0.00024494005 0.00044482388 0.007559126 0.00066013215 0.0096181715 0.025748441 7.099587e-05 0.0751187 0.13052353 0.13811503 8.503408e-05 0.0009652662 0.00011113054 0.11299367 4.5779398e-05 5.9639497e-06 0.13879845 5.4400034e-06 9.682178e-05 0.00033625777 0.00063322147 0.025710888 0.0005281936 3.8929597e-06 0.19130239 0.128381 0.0061693816 0.03170331 0.00017493528 0.0069192275 0.0043689967 1.4783825e-05 2.0054237e-07 0.09185661 0.0071003158 0.0024371236 6.5065988e-06 7.1125205e-06 0.0068513937 0.0014061815 2.0995076e-06 0.0029716105 9.145731e-06 8.544529e-06 0.00019404499 3.2079456e-07 0.035166193 2.8314445e-05 1.7549338e-06 3.060065e-07 0.00537557 0.00651982 0.0045261295 0.00011138402 0.009698157 2.4610588e-06 1.7908691e-05 0.0030322047 0.0006461878 1.4300558e-06 0.0032447632 0.00013819594 0.00037108466 4.1423586e-06 6.0129014e-07 7.971295e-07 0.0002692653 1.0900887e-05 1.1910645e-06 0.0019807203 2.5057042e-07 1.25511e-06 0.0054957187 7.283244e-06 0.004752546 0.00053694117
0.9410383 0.6572838 0.021378882 0.07479271 0.5802392 0.58035034 8.666319e-20 0.7255783 0.19996585 0.92590016 0.0040164883 0.16011684 0.2927487 0.72712153 0.0003630026 0.059253562 0.044758976 0.016962525 0.30008906 0.00029199666 0.029882269 0.04088867 0.30517554 0.0019702795 0.71494603 0.0690985 0.15757297 0.050774503 0.008254245 0.0016200762 0.5332713 0.011042152 0.026157165 0.036694027 0.37486753 0.0025415022 0.000105365805 0.0030833909 0.031536266 1.032356e-05 1.1387425e-06 0.18841958 1.2124891e-06 0.0020227109 4.8406295e-05 0.00011245659 0.05271469 5.3815944e-05 1.0313713e-06 0.032684337 0.02545917 0.1769663 0.005449299 6.297358e-05 0.0018666874 0.033933323 1.09638395e-05 8.838852e-08 0.009186484 0.013339793 0.0010130171 9.881439e-07 0.000115290764 0.0113996165 0.00036858226 3.0450467e-05 0.010429604 2.3464984e-06 6.9731796e-05 2.0333462e-05 4.7962108e-06 0.0047880276 1.8104946e-06 1.3106438e-07 3.0698584e-06 0.0017278169 0.011432001 0.0014618817 0.0012381977 0.0029888498 3.2807105e-07 8.551355e-07 0.0018276145 0.00013415799 2.008858e-07 0.0024838694 0.0055648927 0.0015585019 7.5923876e-06 5.497786e-08 4.411272e-06 0.008107727 5.1291745e-06 1.0329858e-06 0.0033345665 2.2043176e-07 4.5571275e-07 0.0003825364 1.6280334e-05 0.009310239 0.000101664205
0.9149564 0.76210195 0.026657555 0.041078456 0.18937562 0.17926824 0.7255783 9.9932074e-17 0.9179223 0.8482111 0.029567301 0.6035797 0.5432997 0.31143478 0.0018345296 0.2192419 0.26894256 0.06741328 0.35153276 0.0013363981 0.13868432 0.25453162 0.062852584 0.01115163 0.14641349 0.027764548 0.052671358 0.22300938 0.10396376 0.003217037 0.16771297 0.027053164 0.03151709 0.0018818467 0.044336975 0.02145962 0.0028465376 0.005880157 0.019370189 0.000510909 1.9100791e-05 0.010625014 3.998361e-05 0.026608622 0.0011372048 0.0021979867 0.16670962 0.0014470932 9.169419e-05 0.002377326 0.00068269455 0.014542193 0.0002553151 0.00026117783 0.013225101 0.105701156 3.159961e-05 8.217275e-07 7.224227e-05 0.0011008311 0.0044389796 6.748036e-05 0.0005673124 0.0008139806 0.00014072031 7.6838005e-05 0.00068335765 7.1157224e-06 0.00011625708 2.8244192e-05 1.2742814e-05 3.0216292e-05 0.00019812408 3.7477075e-05 1.7141638e-05 3.596897e-05 0.039456666 3.270287e-05 5.690198e-05 7.746957e-06 1.4814196e-07 5.430065e-05 0.0046023913 0.0003408614 1.9473832e-06 0.008026288 0.00025945716 9.6614285e-06 2.8733725e-06 1.7142595e-06 1.1368875e-05 0.02386511 4.7281287e-06 7.608758e-07 0.014439171 4.7043514e-07 1.5157791e-06 5.9218737e-06 3.7211896e-05 0.026212214 2.5481946e-05
0.9422665 0.79909986 0.040350053 0.029022604 0.07907049 0.032971773 0.19996585 0.9179223 5.3351005e-17 0.37604624 0.18801965 0.8119988 0.32543078 0.07675033 0.010297209 0.27401593 0.7198263 0.50053096 0.057739086 0.0028828052 0.61569655 0.81450546 0.0068256566 0.071292624 0.027490214 0.0016148988 0.0017275878 0.29282033 0.07643531 0.0048657088 0.0039401194 0.012399508 0.023520447 0.00020540769 0.0037126946 0.01860653 0.010643127 0.0012310982 0.0037687183 0.0014010204 7.5301476e-05 0.0008531566 0.000113471855 0.011719521 0.004907389 0.00760321 0.31493786 0.007045349 0.00020486071 0.00033272573 0.00016623385 0.00028158491 0.000119991055 0.00067367195 0.046456765 0.15315123 0.00029042835 1.3180746e-05 7.5548334e-05 0.00016339589 0.033441603 0.0001207905 0.00017912014 0.00011520371 6.554952e-05 6.0223017e-05 7.166866e-05 1.5580024e-05 3.095493e-05 1.5944444e-05 4.4133253e-06 3.0714094e-05 0.00017300872 5.613285e-05 3.914299e-06 8.832798e-05 0.14302869 0.000112794405 6.9320863e-06 1.0096578e-05 2.7222009e-06 0.00023668539 0.033484124 0.0018164355 5.582069e-06 0.04785355 2.0200581e-05 2.683688e-06 1.4366644e-05 1.4692368e-05 1.8200645e-06 0.023056762 2.1497879e-06 1.06764755e-05 0.032422505 2.2386623e-06 1.0819039e-05 5.29385e-06 3.3698103e-05 0.060021263 2.3246714e-05
0.8416198 0.27001506 0.00338389 0.013186963 0.11533309 0.113745034 0.92590016 0.8482111 0.37604624 1.3369519e-18 0.0012824613 0.4824226 0.7540111 0.30595917 0.00018181893 0.29382512 0.112769246 0.0076776226 0.87928265 9.536098e-05 0.051179916 0.06678287 0.08921422 0.00060800853 0.33225667 0.2608025 0.43486196 0.1115804 0.1011812 0.00055369205 0.5200333 0.13991483 0.013269931 0.0052628815 0.167013 0.019161567 0.00010797213 0.06945595 0.0074870214 1.6292555e-05 1.7458145e-06 0.041283507 1.8148077e-06 0.043509703 3.3334967e-05 6.614761e-05 0.06357252 6.0789545e-05 1.2142748e-06 0.0016736964 0.00040488894 0.1561857 0.00022466957 5.2484138e-05 0.0010832492 0.09474875 1.4991159e-06 4.1254573e-08 0.00013201409 0.004912083 0.00027402726 1.1504748e-06 0.0034335095 0.0031905759 0.000104742634 0.00023499494 0.0046233376 2.7430676e-06 0.0006337843 1.1308914e-05 0.00015243162 8.0646976e-05 3.0804013e-06 4.738258e-08 7.9046324e-05 3.8604278e-05 0.01083769 2.6427404e-05 0.0005419615 3.8277893e-05 1.588647e-08 3.0458304e-07 0.0011418964 3.0949403e-05 2.7505019e-08 0.0018449997 0.004945463 0.00016377731 1.5951691e-06 6.702281e-09 7.265156e-05 0.02498282 3.6018348e-06 6.6069255e-08 0.006396427 3.5713416e-08 3.915079e-08 1.3582739e-05 3.7021334e-06 0.01630892 4.6280842e-05
0.9541442 0.4981052 0.6080385 0.12862146 0.030845938 0.022509785 0.0040164883 0.029567301 0.18801965 0.0012824613 1.1657518e-15 0.0073332177 0.00081659417 0.0105060125 0.9527984 0.0002711886 0.020453522 0.74687856 8.194385e-05 0.16908535 0.021897303 0.20937707 0.0035733555 0.7547222 0.0007006032 1.1597043e-05 2.072863e-05 0.005735276 0.00070759316 0.106704965 4.037185e-06 5.6480112e-05 0.22036625 0.00046655303 0.00021694796 7.571257e-05 0.6024045 2.1691683e-05 0.03734127 0.36429858 0.36856815 0.00014115364 0.34691107 0.00011712365 0.30899438 0.23854537 0.14703856 0.2051558 0.15616466 0.0018344368 0.00067693327 6.862364e-06 0.001821664 0.057119876 0.29336706 0.006030633 0.05838679 0.019163763 0.00033282442 9.510024e-05 0.15002134 0.013982651 1.8761822e-06 8.0727834e-05 0.011013305 1.1839461e-07 2.301011e-05 0.011565897 2.3350454e-07 0.0055235513 2.2025407e-08 2.263059e-05 0.01784197 0.0032047164 7.423788e-09 0.00022806726 0.16551992 0.0005285804 1.0710139e-05 5.815221e-06 0.0006366308 0.014494853 0.12605049 0.039339148 0.0009215357 0.15461671 6.012377e-06 2.4338694e-06 0.0008012422 0.0016812986 1.4210144e-09 0.00031392643 0.00011005655 0.00011421926 0.019441372 0.00015326058 0.0004459829 4.86665e-06 0.0033923653 0.011040294 8.0306054e-05
0.91127217 0.18887176 0.0043849633 0.0052765994 0.017362064 0.014883169 0.16011684 0.6035797 0.8119988 0.4824226 0.0073332177 1.1097724e-18 0.9187321 0.10341226 0.00083245034 0.886951 0.699675 0.04829688 0.47260574 0.0013639067 0.32175952 0.3562834 0.004580827 0.0044953697 0.025648812 0.029136205 0.014548865 0.4994335 0.32497925 0.0031884254 0.17738077 0.20862088 0.010855891 0.00016527591 0.0038266983 0.09221025 0.0002335178 0.027479945 0.0019768027 9.108993e-05 1.03125085e-05 0.0006461699 6.069179e-06 0.119015574 0.00014003902 0.0006429964 0.11884142 0.00012380282 1.22219535e-05 6.708843e-05 6.557506e-06 0.0057131695 4.690585e-05 0.00084122876 0.001974748 0.3146064 0.00011278138 7.2475264e-06 3.999875e-05 6.5880165e-05 0.00133038 6.2313534e-06 0.0010174632 3.8589773e-05 0.00013810281 0.0006739586 8.3096435e-05 8.934833e-06 0.0005302804 0.0001316668 0.000108842425 1.3979476e-05 8.238724e-06 4.130847e-06 4.2268908e-05 3.157178e-05 0.019579694 4.3351745e-05 1.3060374e-05 6.039387e-06 1.0204652e-06 1.335864e-06 0.0026411228 0.000116285235 2.6905366e-07 0.0046978313 0.00014137417 6.609138e-06 2.7368447e-05 4.8623306e-08 7.01666e-05 0.036601376 6.338625e-05 8.3787467e-07 0.013943621 1.4036156e-07 2.5898768e-08 2.0261703e-05 6.444071e-05 0.044920847 0.00013897069
0.689375 0.06994234 0.0019362934 0.0024053305 0.01966718 0.01858399 0.2927487 0.5432997 0.32543078 0.7540111 0.00081659417 0.9187321 4.3284455e-18 0.13439962 0.00011205803 0.9077343 0.2563504 0.0057556396 0.84149987 3.9659484e-05 0.10780579 0.08188348 0.007893868 0.0006056731 0.06026383 0.20558627 0.19984794 0.2102503 0.37788886 0.000108138855 0.49446264 0.5774515 0.0034292685 0.00022101685 0.023383977 0.102207504 3.5611916e-05 0.12715258 0.00036999097 1.5853562e-05 3.5691558e-06 0.0025880625 1.1097039e-06 0.19058588 1.5724354e-05 4.8994927e-05 0.04980052 4.2486336e-05 5.9749516e-07 1.609014e-05 8.525116e-06 0.07345173 8.1788985e-06 3.6407644e-05 0.0005367581 0.1002692 1.3344398e-05 3.5104196e-07 1.2501864e-05 7.832482e-05 0.00023755897 2.3635278e-07 0.0114555955 3.6585472e-05 0.0001770865 0.0025696578 6.334854e-05 3.099062e-06 0.0034321423 0.000100754114 0.0003655694 1.1445811e-05 1.0831897e-06 4.1899128e-08 0.00017294355 4.6659756e-05 0.0097813355 4.65454e-05 1.5904563e-05 4.2728893e-06 3.6678305e-08 3.570511e-08 0.0011059641 9.636804e-06 1.1186315e-08 0.0021643012 0.0007018015 3.7741866e-06 2.3459704e-06 2.668663e-10 6.169775e-05 0.03585191 1.7546787e-05 6.684653e-08 0.007924503 4.0095567e-09 1.5681775e-09 8.949697e-06 6.746688e-06 0.023601511 8.0058904e-05
0.873776 0.5378892 0.26790145 0.49638742 0.73466396 0.86425596 0.72712153 0.31143478 0.07675033 0.30595917 0.0105060125 0.10341226 0.13439962 1.4842305e-17 0.0029825722 0.015209488 0.019017106 0.0108662285 0.07898098 0.0023215585 0.008000109 0.0127572715 0.81846243 0.0018629465 0.93617344 0.0013381816 0.0031736195 0.0056327404 0.001421205 0.00318994 0.10021415 0.0006023299 0.037081875 0.21222442 0.509882 9.477239e-05 0.00028504056 0.00054414495 0.034081537 1.8029745e-05 5.8240457e-06 0.337577 3.3777753e-06 0.00029712036 2.5015379e-05 8.35277e-05 0.0031556534 1.8040924e-05 9.2241487e-07 0.063254885 0.02709931 0.045218483 0.005056941 0.00016577457 0.001061641 0.0022769228 1.1548757e-05 9.500463e-08 0.0068070027 0.020209538 0.00017513442 2.271417e-06 3.678306e-05 0.012379407 0.0006092603 1.6730769e-06 0.008027428 6.00153e-07 4.604105e-05 0.00018847488 4.2306448e-07 0.009157221 9.53543e-06 1.5121802e-07 5.3454232e-06 0.0010445211 0.002287073 0.00068280916 0.00026556317 0.0067023044 6.1612843e-07 3.9233096e-06 0.0004694886 0.00015272919 1.181106e-06 0.0007596024 0.0005041224 0.0005149159 8.764625e-06 1.4624937e-06 2.7314954e-06 8.177928e-05 1.9000776e-05 2.7358412e-06 0.0009264969 3.1656302e-06 9.210862e-06 0.0006099477 0.000121539735 0.005075228 0.00023128242
0.91633177 0.07105806 0.58555704 0.0693829 0.012931159 0.0023374942 0.0003630026 0.0018345296 0.010297209 0.00018181893 0.9527984 0.00083245034 0.00011205803 0.0029825722 7.716413e-16 4.4110722e-05 0.0011237476 0.085569434 1.3156909e-05 0.82382154 0.00197342 0.017941386 0.0009796397 0.083473735 0.000122765 0.00027693028 8.109839e-05 0.00066731067 7.155877e-05 0.28206602 2.8882401e-05 3.7272323e-06 0.3234734 3.4483517e-05 0.00017296172 2.1738962e-05 0.20363761 2.1235704e-05 0.05772027 0.2329636 0.7931739 2.690552e-05 0.43835682 2.8385552e-05 0.17544633 0.18892154 0.018378729 0.17855701 0.16232032 0.0005127343 0.00018654077 1.37213565e-05 0.0019222175 0.46555564 0.08285689 0.00036182193 0.5362122 0.5064652 0.00013598194 0.00017068307 0.06126585 0.045575265 2.5583557e-05 0.00017875375 0.021771548 1.234395e-07 0.0003335139 0.13756624 3.1232028e-07 0.057686824 1.1861278e-08 0.00010888156 0.05936874 0.01596329 1.8831965e-06 0.0006657564 0.017672684 0.00093125564 6.695484e-05 5.888549e-05 0.002661487 0.030306777 0.020816011 0.07008391 0.0016061171 0.030180877 0.00013588292 5.377882e-06 0.010254041 0.004084455 1.3640248e-08 1.1931263e-05 0.00021939396 0.00084005104 0.003071727 0.0012206628 0.0009074143 0.00014363378 0.21875712 0.0033754038 0.00047987865
0.7331467 0.02811891 0.0007160376 0.00084612664 0.0041466397 0.0016171412 0.059253562 0.2192419 0.27401593 0.29382512 0.0002711886 0.886951 0.9077343 0.015209488 4.4110722e-05 4.955266e-18 0.25846067 0.00438794 0.6674308 5.4459808e-05 0.13760611 0.06558845 0.00026499518 0.00032701387 0.0030306536 0.066637136 0.023447944 0.37048328 0.8614936 8.9717316e-05 0.049540672 0.6592376 0.0009209018 1.8502566e-05 0.0005576389 0.373574 2.7983984e-05 0.10139972 1.9312072e-05 4.6995424e-06 1.6392052e-05 0.00014901035 1.0578927e-06 0.45648032 2.8063907e-06 6.5148006e-06 0.028618466 3.025916e-06 2.9529508e-07 1.0682291e-05 2.4683031e-06 0.0007130226 5.2487817e-06 5.106107e-05 8.2577564e-05 0.14675674 5.3540687e-05 2.9218993e-06 2.1185962e-05 2.642826e-05 5.6633835e-05 4.1217433e-07 0.011578417 3.0241314e-05 4.2201886e-05 0.0057512796 2.0011406e-05 5.70008e-06 0.009016506 7.4479944e-06 0.0014280464 4.6302275e-06 1.7857799e-07 4.5356412e-08 0.000308716 2.7591941e-05 0.006894964 3.5406156e-05 1.9712885e-05 2.592363e-06 1.1869738e-07 1.00789865e-08 0.0005594089 1.1147508e-06 6.364795e-08 0.0005682742 2.0882004e-05 3.4726554e-06 8.485873e-06 3.1001068e-09 0.00022089254 0.05203617 4.2268684e-06 5.234792e-07 0.005613483 5.8426146e-08 9.013695e-09 1.0079622e-06 6.069098e-06 0.012451504 2.453444e-05
0.8462398 0.10972411 0.008367189 0.0097395545 0.017080057 0.012975613 0.044758976 0.26894256 0.7198263 0.112769246 0.020453522 0.699675 0.2563504 0.019017106 0.0011237476 0.25846067 2.804041e-18 0.30844072 0.062153973 0.0004186991 0.9701775 0.74975514 0.0014147904 0.029482871 0.0028226797 0.0044355667 0.0031179567 0.7530545 0.18518142 0.000100384 0.014191228 0.04102264 0.0032982833 4.4473504e-06 0.0009410624 0.023365326 0.0016305621 0.0027441434 0.0002526076 0.0003318517 1.448279e-05 0.00012850114 1.4009692e-05 0.012191854 0.00043435133 0.00073464646 0.42183322 0.000867955 4.437595e-05 7.139983e-06 2.8288468e-06 0.00017248649 6.617331e-06 0.00012331699 0.009470803 0.26861426 0.00018394706 2.8961587e-05 1.8124909e-05 2.850063e-06 0.0047416105 3.4698082e-06 0.0013780941 6.1100704e-06 4.8178917e-05 0.0018157868 6.3606944e-06 4.678855e-06 0.00027463923 3.5477492e-06 8.265849e-05 7.130158e-06 5.1215033e-05 3.3698407e-06 1.7403912e-05 1.5560543e-05 0.12795147 1.4995385e-05 1.1594377e-05 3.0318226e-06 1.1188155e-07 4.549491e-06 0.017073134 0.0007628685 2.8701146e-07 0.03715096 2.9600871e-05 3.0491803e-06 1.4025204e-06 1.7813871e-08 8.50196e-06 0.022687512 2.4280478e-06 1.8913731e-06 0.09244718 1.2769218e-06 1.9009628e-08 1.6390582e-05 9.959189e-05 0.084526904 5.7483572e-05
0.9139862 0.35832047 0.09495479 0.050756916 0.023442479 0.020677714 0.016962525 0.06741328 0.50053096 0.0076776226 0.74687856 0.04829688 0.0057556396 0.0108662285 0.085569434 0.00438794 0.30844072 1.5785008e-20 0.0006652639 0.014533132 0.24182309 0.8008273 0.0014630692 0.9420869 0.00095054944 5.419584e-05 0.00014912835 0.11878921 0.012896257 0.006633589 0.00021876505 0.0006558951 0.016908983 4.755565e-06 7.693186e-05 0.0037299655 0.46065795 5.012295e-05 0.0014135813 0.044444185 0.0052695465 1.4809099e-05 0.005047635 0.00074164686 0.10937402 0.053743776 0.7710601 0.10333103 0.005918823 6.223879e-05 1.4060366e-05 4.3466976e-06 1.4223054e-05 0.0022228123 0.47899705 0.12876377 0.002886651 0.00084121386 6.178702e-05 7.313829e-06 0.2667594 0.00075613894 1.5734104e-05 3.66657e-05 0.0001674402 2.7457148e-05 1.5424674e-05 8.077844e-05 4.852913e-06 0.0002147749 4.966933e-07 8.272051e-06 0.0041298787 0.0005555205 9.328378e-07 3.6647107e-05 0.5646982 2.5132022e-05 1.8647638e-06 2.6811172e-06 6.132919e-06 0.0027926057 0.31129023 0.022788698 0.0001091065 0.3906031 6.2817953e-06 1.4582264e-06 2.7458069e-05 0.0005510634 1.2147976e-07 0.013052362 1.4343871e-06 3.0434092e-05 0.20963058 7.804762e-06 0.0001320083 2.4907162e-05 0.0011976813 0.108573586 7.591544e-05
0.91455925 0.007321566 0.00023610983 0.0006831775 0.010224185 0.0044629453 0.30008906 0.35153276 0.057739086 0.87928265 8.194385e-05 0.47260574 0.84149987 0.07898098 1.3156909e-05 0.6674308 0.062153973 0.0006652639 4.559471e-18 3.966941e-06 0.036791813 0.019679012 0.004421212 4.753885e-05 0.07684135 0.7737185 0.7409428 0.08704675 0.33503383 2.5040012e-05 0.5784073 0.83515495 0.0029535636 0.00026418822 0.05938682 0.11465012 1.52027205e-05 0.7018211 0.0002723284 3.9103925e-06 9.373832e-07 0.0051828055 4.0690293e-07 0.3490236 7.87131e-06 9.694878e-06 0.023795798 2.6332168e-06 1.72607e-07 3.052094e-05 1.02497e-05 0.13857897 1.8654586e-05 1.8305082e-05 0.00013436914 0.1903721 8.729065e-06 1.8647131e-07 2.7524085e-05 0.00066973426 3.482414e-05 8.188428e-08 0.054798126 0.000254253 0.0001435516 0.0030333456 0.0009929775 1.312505e-07 0.0062406403 5.255386e-05 0.00044128124 0.00012916473 2.8583827e-07 2.2934886e-08 0.000841112 3.463258e-05 0.0028963631 5.2448213e-05 0.00016042619 2.9956254e-05 5.035938e-08 1.7669267e-07 9.4802854e-05 7.776365e-06 5.1124918e-08 6.711441e-05 0.015041779 3.6445093e-05 9.1774064e-07 4.3335784e-09 0.00014761715 0.07106371 4.2545696e-05 1.1577527e-07 0.0026807273 9.2615885e-08 5.533291e-08 2.5715182e-05 1.1707177e-05 0.0064273034 0.00023991542
0.78939307 0.042337295 0.58411926 0.11768622 0.015633453 0.0052326783 0.00029199666 0.0013363981 0.0028828052 9.536098e-05 0.16908535 0.0013639067 3.9659484e-05 0.0023215585 0.82382154 5.4459808e-05 0.0004186991 0.014533132 3.966941e-06 1.5377338e-14 0.00076323276 0.0043659043 0.002458822 0.023540745 0.00048136627 5.1406287e-06 1.7080877e-06 0.00013543152 0.00017877371 0.936977 2.155045e-06 5.587872e-07 0.7210121 0.00015702347 7.2865e-05 1.3779988e-05 0.09130772 7.869089e-06 0.21703108 0.10814178 0.24985337 1.8590561e-05 0.12036086 3.789076e-05 0.10677992 0.096051686 0.0014476748 0.045117535 0.07421977 0.0029862595 0.0009589362 1.5491454e-05 0.02282175 0.87017214 0.022673486 3.8688384e-05 0.7574151 0.6080272 8.815462e-05 2.0863194e-05 0.008145619 0.030217838 1.0967793e-05 1.1796139e-05 0.14819606 1.3230459e-06 7.499684e-06 0.03460613 2.1474203e-07 0.2743523 1.0129523e-07 3.7569083e-05 0.017472098 0.008100139 1.3278208e-07 0.0003207528 0.0008814963 0.0019809545 2.0555483e-06 4.3251252e-06 0.0029816825 0.010622841 0.002507269 0.023548318 0.0014303096 0.0014376171 6.049359e-06 1.1281161e-06 0.007662185 0.005653282 1.9334625e-07 1.4346483e-06 0.0071099335 0.0011368421 0.0003690244 0.0011481867 0.0026599036 2.3466742e-05 0.20602116 0.0003419988 0.000116638206
0.91003245 0.085962094 0.0071990313 0.007845958 0.010679898 0.006591112 0.029882269 0.13868432 0.61569655 0.051179916 0.021897303 0.32175952 0.10780579 0.008000109 0.00197342 0.13760611 0.9701775 0.24182309 0.036791813 0.00076323276 1.808775e-18 0.8030774 0.0004636422 0.025867114 0.0014596394 0.0017447205 0.0021201689 0.8643172 0.10237787 0.0005309625 0.0023351682 0.030353578 0.0023503015 1.3604752e-05 0.0003138516 0.019230885 0.0021350835 0.0022280097 0.00012996914 0.00059967506 1.9310875e-05 7.569105e-05 5.102042e-05 0.008944718 0.0005109575 0.0011078421 0.5138289 0.0007249704 0.00011425913 6.602977e-06 1.5511641e-06 3.6155132e-05 1.1068203e-05 9.43185e-05 0.009747881 0.5143658 5.0899074e-05 1.2611771e-05 1.6918118e-05 3.0735848e-06 0.006155773 1.4730263e-05 0.0010310734 8.419065e-06 2.15268e-05 0.0014795759 1.2804966e-05 7.988871e-06 0.00026795067 5.2797423e-06 8.371551e-05 4.9592204e-06 7.453392e-05 4.180063e-06 1.5299123e-05 8.84543e-06 0.14563057 8.792252e-06 9.609373e-06 3.5426915e-06 5.8758764e-07 8.989542e-06 0.018134395 0.00053476804 3.3538772e-06 0.04731518 6.7137735e-06 2.2760812e-06 1.7043143e-06 1.1073343e-07 4.4897133e-06 0.02135582 2.674485e-06 7.2071805e-07 0.10889957 3.5739464e-07 1.0541458e-07 5.1227707e-06 6.7675894e-05 0.11560208 3.872086e-05
0.9606781 0.23404533 0.03205687 0.027001994 0.037201338 0.018606 0.04088867 0.25453162 0.81450546 0.06678287 0.20937707 0.3562834 0.08188348 0.0127572715 0.017941386 0.06558845 0.74975514 0.8008273 0.019679012 0.0043659043 0.8030774 7.2226425e-18 0.00091893924 0.25867525 0.0019006339 0.0014500723 0.0030596643 0.6594742 0.034259506 0.0013399471 0.0018496057 0.009506274 0.0052401894 2.3516273e-05 0.00019535812 0.009550606 0.022791343 0.0012430064 0.0005751647 0.0051499177 0.00065203954 1.9887191e-05 0.00088266854 0.0055562356 0.009627641 0.013588485 0.8332791 0.012069724 0.001400071 4.6447403e-05 1.25643755e-05 7.740367e-05 7.782256e-06 0.0017022581 0.08691158 0.35430083 0.0009016373 0.00024236065 0.00013214962 3.0262e-05 0.062428188 0.00016870968 0.00012690041 6.211753e-05 6.0355782e-05 0.0005538231 4.7117734e-05 2.7188635e-05 5.4556913e-05 9.870378e-06 3.1219613e-05 6.0012953e-05 0.000904253 0.00019715038 7.5579856e-06 3.132564e-05 0.5711618 1.9647496e-05 2.457453e-05 1.4419601e-05 2.95835e-06 0.00048830477 0.14351112 0.0060082334 2.7939906e-05 0.25037283 1.4559731e-05 8.202989e-06 7.282547e-05 0.00012528284 2.3447112e-06 0.022698902 6.115322e-06 2.797713e-05 0.24944666 1.0605126e-05 2.666993e-05 2.55649e-05 0.0007679735 0.23176803 9.122216e-05
0.14240047 0.17062148 0.1097149 0.32670456 0.3100237 0.7442526 0.30517554 0.062852584 0.0068256566 0.08921422 0.0035733555 0.004580827 0.007893868 0.81846243 0.0009796397 0.00026499518 0.0014147904 0.0014630692 0.004421212 0.002458822 0.0004636422 0.00091893924 1.2423587e-20 0.00028449742 0.6096331 0.00021625185 0.0012756048 0.0004886814 7.80548e-05 0.0019834149 0.0016003752 2.6903983e-05 0.010310952 0.9828126 0.21822724 1.2292404e-05 2.4607574e-05 2.5888165e-05 0.022421526 5.6776844e-06 2.4011704e-06 0.3477481 8.986417e-07 1.0462348e-05 6.111043e-06 3.5647492e-05 0.00044113756 1.9144323e-05 8.566382e-07 0.18313424 0.12904458 0.0035359224 0.006470511 1.3176509e-05 0.00083935197 0.00049965625 1.6614841e-06 3.012067e-08 0.052673977 0.05048346 0.00023205348 2.4597493e-06 2.6476785e-06 0.0343188 9.1273585e-05 7.852071e-08 0.0086581865 2.0040884e-06 3.1344864e-06 1.2238164e-05 4.025129e-08 0.06261677 9.240213e-06 4.8304766e-08 5.136402e-07 0.0016719903 0.0022320026 0.0007558394 0.000219436 0.069314405 1.7292005e-07 1.7650901e-06 0.00055383233 0.00017326149 6.11585e-07 0.0013376112 4.179742e-05 0.0011768319 1.1827279e-06 4.0155665e-08 4.3082488e-07 6.0755788e-06 1.7536717e-05 4.849496e-07 0.0012078123 1.02836e-06 5.878847e-07 0.0012145435 3.839798e-06 0.005710459 0.00020967485
0.93427646 0.1266316 0.06677061 0.022738576 0.0060979654 0.00467247 0.0019702795 0.01115163 0.071292624 0.00060800853 0.7547222 0.0044953697 0.0006056731 0.0018629465 0.083473735 0.00032701387 0.029482871 0.9420869 4.753885e-05 0.023540745 0.025867114 0.25867525 0.00028449742 7.1484354e-20 3.073328e-05 2.1126432e-06 1.0008838e-05 0.02052101 0.001386408 0.0124181695 5.8788614e-06 4.684202e-05 0.020698236 9.068912e-07 1.5561758e-05 0.00024433207 0.8503316 9.495673e-06 0.00083265925 0.19020942 0.018165108 3.472808e-06 0.027279142 7.314795e-05 0.2639759 0.19891265 0.37412095 0.29679316 0.02535424 3.2999997e-05 2.9975158e-06 2.4353344e-06 2.4969928e-05 0.0035041939 0.70362157 0.017396305 0.0052246205 0.002270472 1.7232971e-05 2.412121e-06 0.45983335 0.0023469417 4.076582e-06 8.621421e-06 0.00015446555 1.8324057e-06 2.037639e-06 0.00025389998 8.6231597e-07 0.0006086415 1.11227074e-07 2.6763398e-06 0.005270655 0.0017485849 7.707825e-08 9.8088585e-06 0.38961548 1.4432891e-05 1.5022673e-06 5.730365e-07 4.0554394e-05 0.00381758 0.33631858 0.028077472 0.0003557439 0.32886848 8.487395e-06 7.267685e-07 0.00011156422 0.00063145696 1.4506572e-08 0.0027578736 2.5018135e-06 3.174623e-05 0.13163155 5.3023227e-06 0.00024871525 5.6719364e-06 0.0013678354 0.056621473 2.7461943e-05
0.2071438 0.2319337 0.057888936 0.17393254 0.4219708 0.6659274 0.71494603 0.14641349 0.027490214 0.33225667 0.0007006032 0.025648812 0.06026383 0.93617344 0.000122765 0.0030306536 0.0028226797 0.00095054944 0.07684135 0.00048136627 0.0014596394 0.0019006339 0.6096331 3.073328e-05 6.401003e-19 0.007962786 0.046167955 0.0011229392 0.00091095536 0.00029507987 0.34966716 0.00077789737 0.0016938099 0.3204293 0.909795 3.075146e-05 1.4402221e-06 0.00228053 0.00094192073 8.1558153e-07 1.5615941e-06 0.6991545 2.5304217e-07 0.00017797892 3.419953e-07 1.2841342e-06 0.0003164363 8.8145043e-07 3.845349e-08 0.005676431 0.0035283247 0.4502411 9.211982e-05 6.286206e-06 6.8120746e-05 0.00045414068 6.486083e-07 1.4307569e-08 0.000923506 0.14062448 1.9411209e-05 4.0271888e-07 2.8214527e-05 0.07357301 7.991851e-06 3.4434563e-06 0.0812342 1.4742278e-07 4.872908e-05 8.326754e-07 6.446117e-07 0.0033286873 8.95672e-07 4.4905953e-08 2.3388554e-06 3.5120578e-05 0.0006785442 6.143638e-06 0.004463131 0.011531595 1.2748173e-07 9.70136e-08 5.0189392e-05 5.081194e-06 3.286949e-07 8.07069e-05 0.004926871 0.004714246 2.8326585e-06 8.649854e-09 1.0161918e-05 4.316758e-05 1.4362608e-06 1.899626e-07 0.00048059726 3.6635606e-07 8.057573e-08 0.00013221567 4.929302e-06 0.0028331815 1.100567e-05
0.020176815 0.00044816392 3.123504e-05 6.452176e-05 0.0010394675 0.00024494005 0.0690985 0.027764548 0.0016148988 0.2608025 1.1597043e-05 0.029136205 0.20558627 0.0013381816 0.00027693028 0.066637136 0.0044355667 5.419584e-05 0.7737185 5.1406287e-06 0.0017447205 0.0014500723 0.00021625185 2.1126432e-06 0.007962786 5.511624e-23 0.973475 0.009805548 0.041125555 9.290751e-05 0.42738575 0.47150126 0.0007622915 2.1529374e-06 0.01303458 0.008715469 3.88919e-06 0.7580236 1.2948187e-05 8.269585e-07 5.5810284e-07 0.00069091516 2.9175255e-06 0.10003355 1.8684648e-06 4.6440427e-06 0.0017981546 1.0128066e-05 6.155396e-08 4.94455e-07 4.226455e-07 0.041843668 4.6793907e-06 2.2266948e-05 2.411533e-05 0.022242557 1.2700732e-06 5.898466e-08 2.37342e-06 4.4418503e-05 4.827661e-05 2.2502903e-07 0.09393438 4.4120356e-05 1.4552736e-05 0.0004205171 0.00012566359 4.5849897e-06 0.0030595532 5.1020128e-05 0.00019153461 5.2174477e-07 2.8824243e-06 1.7931384e-07 0.0013437951 1.2424617e-05 0.00027353744 4.066714e-05 9.527571e-05 5.28318e-07 1.1404487e-08 3.602388e-06 5.6144414e-05 5.574289e-05 1.9791642e-07 4.032185e-05 0.0040196897 2.8499028e-06 1.5777249e-06 3.6920403e-07 0.0001821485 0.018851299 2.9504833e-06 7.1673746e-08 8.0113365e-05 5.542932e-09 1.7028675e-07 4.384277e-07 2.0431534e-08 0.003420404 7.016703e-06
0.14782856 0.0010530638 1.2391225e-05 8.100772e-05 0.0016119406 0.00044482388 0.15757297 0.052671358 0.0017275878 0.43486196 2.072863e-05 0.014548865 0.19984794 0.0031736195 8.109839e-05 0.023447944 0.0031179567 0.00014912835 0.7409428 1.7080877e-06 0.0021201689 0.0030596643 0.0012756048 1.0008838e-05 0.046167955 0.973475 5.1784844e-22 0.0073268595 0.0073652584 9.633864e-06 0.7846055 0.40710366 0.0001746744 0.00010907498 0.045299824 0.0046539414 1.19214355e-05 0.64638925 9.673857e-06 4.2140487e-06 2.8214104e-06 0.00546165 4.7960457e-06 0.013593844 1.2240989e-05 1.1378453e-05 0.0037117228 1.7313327e-05 2.8845483e-07 1.1403171e-06 6.234069e-06 0.14158078 6.0206312e-05 9.06822e-05 2.530533e-05 0.016427297 2.9489534e-06 1.9491195e-07 1.8201297e-05 0.00052990904 0.00013260447 2.0112434e-06 0.03552055 0.0003672922 4.9048223e-05 7.956948e-05 0.0007291 4.196013e-05 0.0002562083 1.5299136e-05 5.036606e-06 4.9035778e-05 4.600135e-06 8.25561e-08 0.00029188138 8.544076e-05 0.00055863033 5.387777e-05 0.00096040784 1.3240665e-05 4.8709006e-07 5.697262e-07 0.00010058362 3.1007192e-05 1.3347744e-07 2.8422503e-05 0.019221291 0.00012569308 1.1699001e-06 3.881797e-08 6.798786e-06 0.011560583 1.7598026e-06 7.096666e-08 0.0002606722 7.7569965e-08 1.1177065e-07 1.1299105e-05 9.098335e-08 0.0014946507 2.671137e-05
0.9043959 0.07662777 0.00426353 0.0051104818 0.009756428 0.007559126 0.050774503 0.22300938 0.29282033 0.1115804 0.005735276 0.4994335 0.2102503 0.0056327404 0.00066731067 0.37048328 0.7530545 0.11878921 0.08704675 0.00013543152 0.8643172 0.6594742 0.0004886814 0.02052101 0.0011229392 0.009805548 0.0073268595 3.4376148e-18 0.20946616 1.1959856e-05 0.004876156 0.08391875 0.0005826221 3.165144e-06 0.00021447323 0.06821814 0.0012701866 0.005196178 9.83616e-05 0.00026675593 1.6389457e-05 8.0027996e-05 2.4135e-05 0.01176526 0.00020406437 0.00031088394 0.47539517 0.00028419858 3.3694185e-05 1.74065e-05 4.2774886e-06 1.7319815e-05 1.10991095e-05 1.6376303e-05 0.004997023 0.92500985 5.675532e-05 5.9405006e-06 1.6895225e-05 1.6021404e-05 0.0028784082 2.157498e-06 0.00631513 3.0930907e-05 0.0001252937 0.005060079 2.1390504e-05 4.037285e-06 0.0009955984 5.1856404e-07 0.00046554857 2.7980955e-06 1.762857e-05 4.748799e-06 0.0001618637 2.1506914e-05 0.10193839 2.4117953e-05 1.4235728e-05 4.6500345e-06 8.775287e-08 2.0986988e-06 0.014544876 3.650461e-05 1.97663e-06 0.031005485 2.302618e-05 5.298835e-06 1.3415005e-06 8.3973326e-08 8.510953e-05 0.023288652 5.9725785e-06 1.4250974e-06 0.11176113 6.658101e-07 1.0252857e-07 3.3148983e-06 1.5798652e-05 0.14947039 2.9094303e-05
0.908739 0.0067733983 0.0003656902 0.000713558 0.0037059577 0.00066013215 0.008254245 0.10396376 0.07643531 0.1011812 0.00070759316 0.32497925 0.37788886 0.001421205 7.155877e-05 0.8614936 0.18518142 0.012896257 0.33503383 0.00017877371 0.10237787 0.034259506 7.80548e-05 0.001386408 0.00091095536 0.041125555 0.0073652584 0.20946616 6.965158e-18 0.0016722963 0.058936946 0.65604067 0.01144137 2.0714235e-06 0.000680149 0.9613778 6.1228886e-05 0.0580612 0.005244079 1.0125264e-05 1.8899563e-06 3.474665e-05 1.4348235e-06 0.73069566 1.1545024e-05 2.0214398e-05 0.035699308 2.4779507e-05 6.585912e-07 6.354483e-05 9.013407e-06 0.0027943223 0.00070253573 0.0008265443 0.0007003416 0.5107452 0.00027363424 1.3894424e-05 1.2083134e-05 2.928644e-05 0.000273345 6.9223654e-07 0.010868633 1.7831779e-05 0.005945925 0.03475566 2.0552125e-05 1.0040621e-06 0.008082704 0.0023537064 0.002266945 4.7341296e-06 7.9450575e-07 5.086297e-07 0.0005409556 7.403611e-05 0.022970658 0.00017131108 7.655462e-06 3.3037516e-06 3.033295e-08 3.8037914e-08 0.002131694 1.1004196e-06 5.7418805e-07 0.011262811 0.00019674863 5.5813155e-07 2.2348343e-07 7.170789e-09 0.00077356846 0.20668614 0.0004597973 2.1553336e-07 0.044429682 1.5151338e-07 6.430469e-08 1.2263904e-05 0.000209229 0.09874567 0.00034358236
0.61642796 0.06942673 0.40583366 0.18942608 0.022086965 0.0096181715 0.0016200762 0.003217037 0.0048657088 0.00055369205 0.106704965 0.0031884254 0.000108138855 0.00318994 0.28206602 8.9717316e-05 0.000100384 0.006633589 2.5040012e-05 0.936977 0.0005309625 0.0013399471 0.0019834149 0.0124181695 0.00029507987 9.290751e-05 9.633864e-06 1.1959856e-05 0.0016722963 4.519373e-15 0.00010157243 1.5725012e-05 0.9349532 9.2689006e-05 3.102843e-05 2.3452667e-05 0.023045305 0.00031022678 0.4092998 0.03418024 0.065663606 9.56047e-06 0.04713048 0.0001917969 0.025950735 0.022822643 0.00022749572 0.0135621 0.028403465 0.0031967205 0.0008543185 4.387757e-05 0.09628188 0.8027168 0.006559686 3.876069e-05 0.2853543 0.08971878 0.00021501734 2.2734139e-05 0.0022335507 0.016979953 0.0001154318 2.434906e-05 0.507649 1.1277627e-05 1.6449947e-05 0.0056832563 2.6922948e-05 0.6165022 4.850919e-06 0.00021157201 0.0062054913 0.0028275535 4.1081867e-06 0.004581087 0.0008615735 0.01508209 3.4470775e-06 1.1303781e-05 0.0015550879 0.0032927613 0.00075115595 0.0062364717 0.001637232 0.0011103726 6.215068e-06 2.9253904e-06 0.0008891482 0.0034634296 7.5828e-06 5.169043e-06 0.08995091 0.00064430357 0.00093666307 0.0007667916 0.0047516916 0.0006840886 0.05056126 0.00084516173 0.009293159
0.34078193 0.014243517 0.0009110653 0.0034890415 0.04539837 0.025748441 0.5332713 0.16771297 0.0039401194 0.5200333 4.037185e-06 0.17738077 0.49446264 0.10021415 2.8882401e-05 0.049540672 0.014191228 0.00021876505 0.5784073 2.155045e-06 0.0023351682 0.0018496057 0.0016003752 5.8788614e-06 0.34966716 0.42738575 0.7846055 0.004876156 0.058936946 0.00010157243 8.700541e-19 0.18009743 0.00038407394 7.9692734e-05 0.39591748 0.0023436216 6.3929924e-06 0.344088 1.7091133e-05 1.315906e-06 1.6052942e-05 0.08479687 1.1684706e-06 0.061086316 5.9500684e-07 3.9090205e-06 0.002607156 2.0806574e-06 1.3605853e-07 2.97167e-05 1.32477635e-05 0.9916352 1.5306703e-06 1.2656267e-05 8.210883e-05 0.008041757 5.07514e-06 2.4375242e-07 2.8108507e-06 0.004454161 7.756456e-06 1.5860676e-06 0.029893437 0.001071719 2.9257963e-05 7.735651e-05 0.0073762666 8.974501e-06 0.002376587 3.2955933e-05 0.00011956681 2.3104532e-05 1.21491e-05 6.427425e-07 0.0017068414 1.6075178e-06 0.002129143 8.6908005e-07 0.006059161 2.3375565e-05 8.381412e-06 6.2207187e-06 1.557582e-05 0.00015294811 3.2032665e-06 0.00029379915 0.079762444 0.00042245333 5.273686e-05 5.57682e-07 0.0002648959 0.016845727 2.399296e-06 6.1113637e-06 0.0017871337 1.5991125e-06 1.706318e-06 5.6750616e-07 8.80051e-05 0.015167012 8.249247e-07
