1.9059928e-25 0.99998647 0.99955064 0.9981789 0.9938934 0.99985826 0.99324274 0.9985996 0.97079706 0.8361578 0.99995464 0.5047807 0.99995667 0.9998822 0.91136694 0.39485753 0.6708716 0.17199844 0.9895964 0.9694858 0.9913302 0.3385045 0.98465335 0.9449119 0.995511 0.9617011 0.30039576 0.9955588 0.97681844 0.13769673 0.9809829 0.967983 0.98787427 0.9558746 0.981639 0.87981206 0.07408829 0.87062836 0.8871879 0.90631354 0.964739 0.84679 0.83726615 0.86159337 0.9310045 0.71956956 0.58801943 0.8396405 0.978231 0.7986826 0.79429966 0.77819574 0.61037034 0.5155711 0.8914959 0.70489585 0.6921253 0.7497182 0.68285894 0.5033566 0.4450397 0.9370157 0.8679348 0.39693955 0.09198832 0.15623513 0.48836827 0.40488067 0.75144124 0.46216244 0.58501655 0.5633317 0.6140695 0.4515832 0.38925153 0.29824033 0.8142356 0.021536231 0.10682717 0.24734117 0.011509632 0.09208664 0.009991025 0.003562299 0.087625 0.13108099 0.0052937437 0.013917653 0.008531161 0.0010699227 0.033854656 0.40989685 0.00066227256 0.033908084 0.021371758 0.23227474 0.00086213934 0.007841671 0.008104573 0.0012008602 0.03293849
0.99998647 1.7286947e-16 0.9299977 0.5289249 0.7404468 0.6916491 0.26149768 0.25641286 0.29363918 0.054758646 0.029982567 0.029326068 0.01921627 0.049444288 0.5548719 0.022146752 0.059296522 0.007266958 0.031255662 0.031981006 0.026695672 0.045505024 0.07206598 0.047198817 0.034179945 0.038230244 0.0053424854 0.04125375 0.75161266 0.016762499 0.11515537 0.09783123 0.08607547 0.374479 0.062378343 0.018340161 0.009740293 0.016832959 0.48960036 0.030687897 0.25336173 0.012866994 0.34098974 0.018254528 0.08030185 0.0057862448 0.004639966 0.021482887 0.034029476 0.011464067 0.026220763 0.05261004 0.005195343 0.0037553753 0.017466132 0.02695486 0.024376163 0.05158595 0.0038732516 0.012013866 0.007849011 0.020815324 0.06919716 0.0058609876 0.0013258116 0.0038303237 0.0032934214 0.0053481082 0.021545283 0.0073509323 0.012261162 0.013107742 0.006943242 0.003512572 0.007502886 0.0017799541 0.01202639 0.00038234677 0.0043746904 0.0037336007 0.0010406667 0.0025067357 0.0026539366 0.0006205042 0.0013899348 0.0057009067 0.0009410624 0.0008306411 0.00013107485 9.892369e-05 0.0007925836 0.0032524993 0.000117370306 0.00045805823 0.001163675 0.0024944271 0.00039688617 0.0022981777 0.0016519547 0.0010942734 0.044207387
0.99955064 0.9299977 6.678745e-14 0.41314563 0.94053125 0.19399835 0.08284589 0.02414222 0.1671581 0.02495203 0.00016764105 0.04909053 2.7776967e-05 0.0053940113 0.934505 0.04584386 0.24497052 0.0070631164 0.004459023 0.00076712517 0.0034310136 0.014492118 0.050212234 0.046973575 0.0009813607 0.0019302231 0.0045568952 0.0012220764 0.47225788 0.039137144 0.026598716 0.028140467 0.020784345 0.61663383 0.0076550203 0.010842585 0.029434064 0.0009686898 0.2489478 0.00961394 0.114449136 0.0023502253 0.1773716 0.0037288272 0.035825912 0.00062387827 0.0021466373 0.017063517 0.0010446308 0.00073893374 0.011092301 0.026248623 0.0007576703 0.00040579273 0.009542166 0.11448732 0.00073859934 0.037198406 0.00018548207 0.0016104272 0.0006849082 0.005522353 0.1146269 0.00030993903 0.00022246817 0.00018149219 0.000155847 0.0010734972 0.0035164512 0.00037121688 0.0004098277 0.00031643326 0.00043924048 0.0005854979 0.0008871023 0.00032663613 0.00039247563 3.3660601e-06 0.00031955834 0.00040675342 0.0024378418 0.00036182124 0.00330465 4.0819374e-05 3.097793e-05 0.0029255569 8.8875015e-05 2.999353e-05 3.1089846e-06 5.9506046e-06 1.4116986e-05 0.0007749315 9.975058e-06 0.00027834048 4.098926e-05 0.0005260483 0.0001404693 2.8101094e-05 0.00055173965 0.0003179257 0.002087021
0.9981789 0.5289249 0.41314563 1.6839352e-15 0.89289385 0.020885563 0.7766218 0.002276926 0.0070331814 0.6102407 0.00031921142 0.9708785 0.00089250354 0.0025655464 0.115270294 0.55561364 0.18181278 0.43175203 0.0019443671 0.0011435059 0.002167258 0.7565624 0.36133093 0.0010012041 0.00053540914 0.00028404035 0.44694722 3.8761726e-05 0.0007829871 0.014859895 0.00026791467 0.00019077642 0.00015983671 0.022426154 0.00015314032 0.07982835 0.09592705 0.00019949145 0.0008896219 3.1094518e-05 0.00023827617 5.6491126e-06 0.0011226806 1.1607986e-05 0.00010833519 0.00048564482 0.022171818 4.9499708e-05 1.9169825e-05 6.575331e-05 1.8032479e-05 2.6023294e-05 0.00026202408 4.2775378e-06 1.8722614e-05 0.006217629 2.5327313e-06 6.580745e-05 1.9846058e-05 3.3737315e-06 0.00029419985 5.2420437e-06 0.00036448534 1.2875089e-06 8.5667506e-07 1.9553546e-07 7.7191355e-05 4.0878274e-07 4.170908e-06 4.9025894e-06 2.347077e-05 8.032455e-06 1.9489467e-05 0.0051741037 4.3546285e-07 0.00031064835 1.8042903e-05 1.2919244e-06 1.0889936e-05 7.489999e-06 3.8102306e-05 0.00017992582 1.267494e-05 9.5049273e-07 2.8761815e-05 9.9813e-06 5.1065933e-07 2.9321245e-06 1.0995226e-06 3.4255496e-08 9.800461e-06 9.238781e-05 1.8298081e-07 1.9502475e-06 1.5098223e-06 0.00011546869 2.929018e-07 7.033811e-07 1.4807164e-05 1.4767684e-06 0.0001832156
0.9938934 0.7404468 0.94053125 0.89289385 1.9677962e-15 0.047571607 0.07299512 0.004564504 0.023080131 0.061321586 4.4706383e-05 0.8472093 3.1818003e-05 0.00048760697 0.9212182 0.6457663 0.7979037 0.025515517 0.0002932178 0.000105094536 0.0002910486 0.25326452 0.018626975 0.0010642604 0.000108067004 0.0001042379 0.031287797 7.692079e-05 0.013433691 0.12982194 0.0006490603 0.0007793103 0.00032908528 0.26253042 0.00030393875 0.0039560646 0.21024044 4.3842392e-05 0.009884868 6.834342e-05 0.002039516 1.0888389e-05 0.010432001 2.300989e-05 0.00074003387 7.6680546e-05 0.00088261924 8.649591e-05 5.0460458e-05 1.3932518e-05 4.5860237e-05 0.0004945295 0.0003035095 1.4521258e-06 1.7602366e-05 0.06708955 4.3013374e-06 0.00023083312 1.8769293e-05 6.7431183e-06 3.580466e-05 1.0215798e-05 0.0074693994 5.9606145e-07 2.7453981e-07 7.598595e-08 2.051561e-06 1.9550656e-07 1.2672294e-05 2.011466e-06 2.3947683e-05 1.485883e-06 1.4258391e-05 0.00010348582 7.3020506e-06 2.7264348e-05 2.3015618e-05 1.6492697e-06 2.650307e-05 4.927035e-05 0.00041777335 7.394882e-05 0.00016032418 2.3478683e-06 5.163222e-05 5.9999045e-05 5.057283e-06 3.1465925e-06 8.3235545e-07 2.994875e-08 1.7100983e-05 5.182175e-05 4.038346e-07 6.956338e-06 2.3638806e-06 0.00018220358 4.5922407e-06 2.2114239e-07 3.0162395e-05 1.3094584e-05 0.00013600943
0.99985826 0.6916491 0.19399835 0.020885563 0.047571607 8.812153e-16 0.005578791 0.8431824 0.9425161 0.0046209972 0.006569935 0.006350863 0.00029479526 0.00081876444 0.0601301 0.002342083 0.010234009 0.0006574253 0.0018140767 0.004278766 0.0009843424 0.0013059328 0.0033368985 0.39213017 0.0009869159 0.017283278 0.00038656793 0.038267165 0.6167274 0.0047588227 0.1434009 0.30553564 0.11136565 0.040617973 0.0680177 0.00062858674 0.00034522428 0.005695728 0.17201336 0.052805837 0.47311476 0.016068796 0.13382141 0.027247366 0.21633124 0.0003147469 0.00023917091 0.105392516 0.015142111 0.0014277796 0.07404391 0.05668311 0.0004190377 0.004479947 0.100864686 0.000231553 0.017797597 0.04443252 0.0017331787 0.0147357425 0.00054588716 0.03661265 0.023747835 0.0063693994 0.0026533029 0.0022494849 0.00010651321 0.007120366 0.041044563 0.001742012 0.0013143591 0.0023403617 0.0006275787 3.8073646e-05 0.011217741 0.00015557642 0.001915287 0.000113300244 0.004316149 0.0008264859 5.4993096e-05 0.00043372836 0.0003482816 9.887709e-05 0.00030841609 0.024698846 0.0006185078 0.0001220635 1.7925388e-05 2.133578e-05 4.8132442e-05 0.005739475 3.392019e-05 0.0014391156 0.00019050027 0.00071317627 0.00020514909 0.000111621055 0.0024910453 0.00041582584 0.03819836
0.99324274 0.26149768 0.08284589 0.7766218 0.07299512 0.005578791 2.1925594e-13 0.0009091805 0.0013988791 0.9948066 0.0012499045 0.08368578 0.002473379 0.002476328 0.00011029854 0.0044665225 0.000962878 0.22743315 0.0009564802 0.0024382616 0.0013321752 0.29311582 0.5998442 0.00015735088 0.00025855066 0.00062993466 0.20893861 0.00013289908 3.7172525e-05 0.00038115174 4.778507e-05 2.405499e-05 4.511778e-05 0.00028780295 1.2056497e-05 0.075985245 0.0024701317 0.00025846885 8.807879e-06 8.041821e-06 6.2726594e-06 8.887574e-06 1.2857414e-05 1.5551633e-06 6.0863417e-06 0.0003312437 0.0330755 8.098489e-06 8.572892e-06 6.304791e-05 1.07658e-06 1.3407018e-07 0.00022093803 7.8803276e-07 6.946046e-07 9.597124e-05 1.14340594e-07 4.5747342e-06 1.2181202e-05 4.8401517e-08 0.00012635929 3.5070133e-07 2.306751e-06 1.3047595e-06 2.229102e-07 4.004375e-07 7.6432385e-05 7.6555006e-07 1.74914e-07 3.175913e-07 8.972142e-07 1.2701089e-07 5.486224e-05 0.019138984 1.337803e-06 0.0012929476 3.4299646e-05 1.6356768e-06 7.396599e-06 1.9122295e-07 5.2626356e-06 0.00029682554 1.8390444e-06 2.4946803e-06 2.1297807e-05 1.0465795e-06 7.118407e-07 2.9281787e-06 2.4127396e-06 1.6495017e-07 2.29424e-05 0.00012677147 5.218669e-08 1.6895625e-07 3.2963632e-07 0.00015810161 9.698086e-08 4.3733594e-06 3.5531717e-05 1.0835745e-07 0.00023322848
0.9985996 0.25641286 0.02414222 0.002276926 0.004564504 0.8431824 0.0009091805 3.4651366e-15 0.8126773 0.0009973526 0.032250516 0.00048441833 0.0015292907 0.00018516327 0.021642093 0.00021038673 0.001145156 0.0001236321 0.0007609104 0.009429818 0.00031760722 4.581692e-05 0.00043643473 0.72794574 0.0012283802 0.025816636 7.995895e-05 0.0841911 0.09035539 0.0009344539 0.55738544 0.9249571 0.4060807 0.006450342 0.2326333 0.0001754261 5.0881696e-05 0.004799773 0.03882028 0.4671555 0.19654073 0.03510922 0.027601426 0.25087997 0.56701875 5.9630427e-05 0.00010567222 0.3463331 0.027797103 0.0005613159 0.029697735 0.007983575 0.00016031117 0.009657018 0.08750675 1.3527977e-05 0.024310626 0.004133283 0.0016359476 0.03701298 0.00038597078 0.13883762 0.0018810302 0.0080173565 0.0060593714 0.0015577952 2.4189936e-05 0.030358948 0.14248987 0.0011850557 0.0012788663 0.0015984097 0.0003855913 2.3807265e-06 0.02603588 9.31101e-05 0.0009645259 0.0003250736 0.011739796 0.00064519176 1.1415586e-06 0.00012623942 8.258106e-06 7.9548234e-05 7.148279e-05 0.0020588476 0.0014134836 0.00011335104 1.9222256e-05 4.5676177e-05 6.256813e-05 0.0026288887 0.00011505308 0.00013861794 8.45837e-06 0.00012289106 5.7435784e-05 0.00052158185 0.00023897029 7.668406e-05 0.005188951
0.97079706 0.29363918 0.1671581 0.0070331814 0.023080131 0.9425161 0.0013988791 0.8126773 1.4651968e-13 0.0010416473 0.0019597514 0.0021529098 1.637849e-05 1.9913667e-05 0.09237432 0.00037008346 0.00946985 0.0007765083 4.4844433e-05 0.0001166143 1.4895841e-05 7.203814e-05 0.00065907 0.9701112 6.421091e-05 0.0011777936 0.00010760781 0.0016117648 0.71774125 0.0022015972 0.048703138 0.40886724 0.019114675 0.051708918 0.008598779 6.625398e-05 5.8939142e-05 0.000105939616 0.1724113 0.02988225 0.69482976 0.001069411 0.15407221 0.009609663 0.38021135 1.067901e-05 7.457473e-05 0.08930003 0.0006695538 1.0066849e-05 0.14569324 0.078692496 1.9591589e-05 0.00025236464 0.12757623 6.3935084e-05 0.00023278095 0.043539267 3.4309625e-05 0.0054401834 2.0316502e-05 0.013688199 0.014294138 0.00023838348 0.0005924925 3.1274358e-05 5.754039e-07 0.0019518179 0.009579435 2.8150234e-05 1.6682488e-05 2.2538685e-05 2.6568689e-05 2.2237164e-06 0.002391335 7.5920693e-06 5.1869712e-05 1.7614882e-06 0.00057133136 2.0853167e-05 2.6033173e-05 4.405521e-06 0.00014351329 2.1476096e-06 4.3006935e-06 0.030017104 0.00021035141 7.821953e-06 1.0473873e-06 1.3783095e-06 4.9608097e-06 0.0071473313 1.3124489e-05 0.0017080546 1.9101544e-06 6.1063647e-06 0.00011550547 2.3042587e-05 1.4699263e-05 0.0003485873 0.00012459914
0.8361578 0.054758646 0.02495203 0.6102407 0.061321586 0.0046209972 0.9948066 0.0009973526 0.0010416473 9.099319e-13 0.0005765399 0.33546323 0.0012334486 0.0023961244 0.00076630805 0.015591486 0.00320374 0.70516825 0.0024146677 0.00051927817 0.003043557 0.5087017 0.9313459 0.00014688227 0.0002905921 0.0001718863 0.51372933 8.399877e-05 7.722148e-05 0.0019276019 2.0263058e-05 1.923988e-05 2.8377648e-05 0.0007747612 3.158301e-05 0.37891296 0.0059127184 0.00013062586 4.053309e-05 1.148651e-05 5.7246303e-05 1.0402231e-06 7.860685e-05 2.1012443e-06 1.6523594e-05 0.001177273 0.18600924 6.7107467e-06 2.622457e-05 0.00013153428 1.6557848e-06 7.67027e-07 0.000303784 2.8561377e-07 2.8219838e-06 0.00045173342 8.605361e-08 1.2038747e-05 1.5529396e-05 7.147361e-08 0.00018601032 2.245013e-07 2.2350687e-05 1.7962922e-06 1.1999751e-07 7.474158e-08 0.00034279146 3.8098486e-07 1.6593906e-06 1.2471933e-06 1.8372177e-06 3.562968e-07 9.568263e-05 0.05193918 8.8611005e-06 0.0071808053 0.000113769616 2.2511351e-06 2.1557595e-05 2.2987628e-07 4.3019736e-06 0.0007879438 1.949232e-06 1.4061532e-05 0.0002458122 1.8353544e-06 5.8625324e-07 1.1194911e-05 2.2630538e-06 7.883597e-07 5.1679515e-05 0.0009813856 6.6408455e-07 1.4005329e-06 3.2135993e-06 0.00041816756 2.3264445e-06 1.8374922e-05 5.2963213e-05 5.0471186e-07 0.00084526365
0.99995464 0.029982567 0.00016764105 0.00031921142 4.4706383e-05 0.006569935 0.0012499045 0.032250516 0.0019597514 0.0005765399 1.164626e-17 0.00018915303 0.43966246 0.0017811275 0.00023568666 8.8279136e-05 0.0002573551 0.0007015137 0.003760425 0.2921343 0.0051693637 1.553092e-05 0.0055973153 0.0032593461 0.10810374 0.96988654 0.00012317994 0.7780375 0.0012058011 3.0765626e-05 0.015235663 0.0042886646 0.06149105 0.00025627378 0.11128491 0.0021422557 6.597784e-06 0.55297065 0.0003006603 0.0022368836 0.00300876 0.018280389 0.0002473865 0.005855965 0.0014396566 0.0003543073 0.00010521518 0.0020960788 0.62700075 0.022561429 0.00029417936 0.0002946513 0.0012357746 0.00697801 0.0009670523 9.446519e-06 0.22199944 9.350814e-05 0.22707732 0.0069765723 0.00093189126 0.0068662097 5.8745376e-05 0.023155522 0.0014579992 0.0274953 0.004668199 0.00078269077 0.0002756192 0.11139006 0.06592659 0.08975917 0.004876549 6.442756e-05 1.8844694e-05 0.000559437 0.06170819 0.0012378128 4.2414882e-05 0.015070502 1.4476195e-06 0.00040331256 4.993085e-06 0.00229484 0.00013707552 0.00022952328 0.00015186399 0.002350649 0.0031344001 0.0005497281 0.0007029171 0.0011099232 3.9441675e-06 4.755132e-05 0.020916479 0.0005520986 8.614263e-06 0.00011769671 0.00014058485 9.842184e-05 0.0022683402
0.5047807 0.029326068 0.04909053 0.9708785 0.8472093 0.006350863 0.08368578 0.00048441833 0.0021529098 0.33546323 0.00018915303 2.7924383e-14 0.0002805746 0.0008404128 0.063551314 0.9884461 0.24562238 0.1252158 0.00078409346 9.163204e-05 0.0007523525 0.64443797 0.032889817 0.00041633513 0.00013889796 4.3492335e-05 0.18675934 3.9986127e-05 0.00035015613 0.05908938 1.1238964e-05 3.9879156e-05 1.1355276e-05 0.0075675137 2.177525e-05 0.0043812455 0.35668722 1.3277385e-05 0.00053324347 2.5240444e-05 0.0001433106 3.2711118e-06 0.0012260741 7.127792e-06 3.5215995e-05 0.00025767533 0.012731061 8.8244036e-05 7.835607e-06 3.5153516e-05 1.0933215e-05 8.395164e-06 0.00018557374 2.5306404e-06 9.788095e-06 0.006221244 9.400267e-07 0.00020607028 8.959778e-07 3.1829188e-06 2.775316e-05 4.236346e-07 0.0011147605 3.2136195e-05 7.57577e-07 5.3216667e-07 1.1355828e-05 6.191171e-07 3.7654718e-06 1.1343354e-06 1.7899957e-06 1.4989436e-07 0.00014676018 0.00067276985 4.7961234e-06 9.104902e-05 2.3148918e-06 3.6789638e-06 8.134591e-06 2.3261912e-08 4.382383e-05 0.00013483407 1.2561596e-05 3.1185702e-06 4.9665564e-06 4.4121134e-06 9.968452e-07 8.8733486e-07 1.2361322e-06 1.8719543e-07 2.6590933e-06 9.458882e-05 2.7618134e-07 1.1952849e-06 9.023328e-07 0.0002158758 9.000578e-07 2.6508922e-06 6.9388857e-06 1.123434e-06 0.00021195007
0.99995667 0.01921627 2.7776967e-05 0.00089250354 3.1818003e-05 0.00029479526 0.002473379 0.0015292907 1.637849e-05 0.0012334486 0.43966246 0.0002805746 1.5760972e-16 0.007150768 6.009233e-05 0.00015583911 0.00018042156 0.0024564513 0.0119002685 0.9815296 0.01870981 6.308785e-05 0.012112412 6.950857e-05 0.6747315 0.44578204 0.00027686768 0.076472275 2.21617e-05 1.43938e-05 0.0005329367 9.281975e-05 0.0024959808 4.537967e-05 0.0053079724 0.0031867186 8.889422e-06 0.6324333 2.103493e-05 0.00015756622 0.00015156694 0.0019068869 7.1929985e-06 0.00026938936 1.2476089e-05 0.00067889865 0.00020317943 5.4879984e-05 0.2300833 0.122336246 1.3390278e-05 7.969528e-06 0.0031897924 0.0006780498 8.542835e-06 1.45762515e-05 0.059869967 4.387069e-06 0.08445766 0.00017536656 0.0074135484 0.00044216905 7.913733e-06 0.003730716 0.00014233061 0.009329918 0.018894067 8.664815e-05 6.9029275e-06 0.14903253 0.20580053 0.20390545 0.03148881 0.00037481263 2.1656417e-07 0.0019531846 0.32746202 0.00017454801 3.1326115e-05 0.11717818 7.022222e-07 0.0011340196 2.8515667e-06 0.000508915 0.0034898717 5.6691224e-05 1.4421236e-05 0.01899032 0.0015300713 0.00010070973 0.011887649 0.00045065768 1.4688661e-06 2.7616516e-06 0.0109379515 0.003489702 1.7104286e-06 0.000153336 0.0003732524 8.571201e-06 0.0015546852
0.9998822 0.049444288 0.0053940113 0.0025655464 0.00048760697 0.00081876444 0.002476328 0.00018516327 1.9913667e-05 0.0023961244 0.0017811275 0.0008404128 0.007150768 3.850054e-15 1.6222724e-05 0.00022649861 0.00010484166 0.013663438 0.94713837 0.003847373 0.91827166 0.00017064776 0.41155964 3.6302192e-06 0.044851102 0.00014309441 0.0041340026 7.902484e-05 1.7086921e-06 1.7105942e-05 2.4623055e-06 3.708552e-07 1.4308492e-05 5.423104e-05 7.5437783e-06 0.08977094 0.000107403794 0.0005764585 4.115015e-07 8.980215e-07 1.4320798e-06 3.3560787e-06 4.308121e-07 8.5593916e-07 1.08150346e-07 0.68692225 0.009941416 4.0659415e-07 5.8191986e-06 0.010529283 9.908413e-08 5.4759244e-08 0.28070694 1.7503556e-06 3.6391086e-07 2.0279751e-06 1.1364707e-06 3.3622663e-07 2.897391e-05 1.4948324e-07 0.18580171 1.0797949e-07 1.8331854e-06 4.3221935e-06 5.51708e-07 1.0383686e-06 0.11764289 3.3236176e-07 3.640919e-08 4.8922087e-05 0.0002801185 0.00016384106 0.008303901 0.022451943 1.760352e-07 0.08169768 0.0026448837 3.2359544e-06 3.6051908e-05 0.00067563885 2.1271956e-06 0.08614582 2.9445916e-06 5.4275815e-06 0.009725534 5.983248e-07 2.7585494e-07 0.00017356878 2.5943304e-05 1.8498005e-06 0.0011327649 0.00039614234 1.970702e-07 3.7362096e-07 1.4704394e-05 0.20298053 2.1507383e-07 8.588841e-06 0.008467955 2.5493244e-07 0.0011603952
0.91136694 0.5548719 0.934505 0.115270294 0.9212182 0.0601301 0.00011029854 0.021642093 0.09237432 0.00076630805 0.00023568666 0.063551314 6.009233e-05 1.6222724e-05 2.1418392e-12 0.035773057 0.9618461 0.00086775137 3.25586e-05 8.133974e-05 7.091963e-06 0.004514204 0.0002179022 0.0066021364 4.3742475e-06 3.466427e-05 0.0001549297 7.419323e-05 0.07058407 0.72593486 9.5503216e-05 0.00020731745 0.00012737485 0.92393893 2.665973e-05 1.01714395e-05 0.17483269 2.7862501e-05 0.08981877 6.6249115e-05 0.0008171754 2.2615637e-05 0.09529435 1.712156e-05 0.0009138864 3.1264928e-05 0.0001407662 0.00011777283 1.8406972e-06 1.2246e-05 0.00018008857 0.0014749697 2.295781e-05 3.549499e-06 1.6801163e-05 0.7085734 1.0569449e-06 0.004514589 6.323594e-06 1.9326664e-05 9.703605e-07 2.2626457e-06 0.25499955 2.3136898e-05 1.1855941e-06 1.4783311e-06 6.744947e-07 1.8835036e-06 1.0842412e-05 7.1752635e-07 2.587818e-06 6.6826294e-07 8.0494145e-05 8.943758e-06 2.482291e-05 4.910719e-07 8.237272e-06 1.6526187e-06 0.0001268288 1.0575755e-05 0.021206457 1.1753816e-05 0.035648294 4.7834175e-07 2.9136493e-06 0.00015661519 6.3185657e-06 1.5111843e-05 3.9605774e-07 2.2769777e-08 1.9315461e-05 0.00014156372 3.7683364e-07 2.9885428e-05 1.6339151e-06 0.00033230585 9.410314e-05 5.9980143e-06 6.2989557e-07 0.00030304212 0.00011355661
0.39485753 0.022146752 0.04584386 0.55561364 0.6457663 0.002342083 0.0044665225 0.00021038673 0.00037008346 0.015591486 8.8279136e-05 0.9884461 0.00015583911 0.00022649861 0.035773057 1.9485392e-15 0.58760744 0.015130253 0.000304603 3.6530469e-06 0.00015299392 0.40413412 0.00077037845 0.00022375822 2.3927756e-05 2.8337445e-06 0.017891776 2.5620255e-05 0.00037101092 0.31344292 2.8075889e-05 3.4299122e-05 9.343795e-06 0.01328199 1.0199445e-05 0.0002511445 0.9890175 1.160517e-06 0.0002751368 3.2000603e-06 7.323206e-05 3.6419766e-07 0.00076197885 2.9083813e-07 5.80844e-05 2.5771255e-05 0.0013388352 7.31523e-06 1.0988863e-06 3.8227126e-06 2.9088933e-06 1.2963613e-06 6.8467925e-06 6.114812e-07 1.5189945e-06 0.0071959356 1.0417966e-08 0.00012902622 2.3196485e-07 1.8134486e-07 7.283522e-08 1.0114406e-07 0.00033541847 4.8664987e-07 5.7949915e-08 1.4417943e-08 4.7506642e-08 2.3556955e-08 8.761105e-08 3.706107e-08 4.1292438e-08 9.08286e-10 6.771851e-05 0.00020480953 8.52795e-07 8.044468e-06 1.4129316e-06 2.5662703e-07 1.4543412e-05 1.3305098e-08 2.4760113e-05 1.7019747e-05 1.7600014e-05 7.3179585e-08 7.965975e-07 9.249951e-07 3.271366e-07 2.1648654e-07 1.08649246e-07 1.9967073e-08 1.6265427e-06 5.5532985e-07 5.6830686e-08 2.974542e-07 1.4627315e-07 1.4174482e-05 9.426761e-07 7.5840614e-07 3.285404e-07 9.630156e-07 1.0111355e-06
0.6708716 0.059296522 0.24497052 0.18181278 0.7979037 0.010234009 0.000962878 0.001145156 0.00946985 0.00320374 0.0002573551 0.24562238 0.00018042156 0.00010484166 0.9618461 0.58760744 1.4941103e-12 0.0019060131 0.00012491657 9.854788e-05 0.00013798405 0.032610625 0.0017692884 0.0024195754 1.4016252e-05 1.42684985e-05 0.0016004675 2.256583e-05 0.0021555426 0.9939546 5.3847616e-05 0.00027858504 1.7676146e-05 0.30619213 3.3221095e-05 0.00026993174 0.8195834 4.6940262e-05 0.010475887 0.00010573835 0.00041725492 1.8971206e-05 0.017922165 3.3881366e-05 0.0010708092 4.849922e-05 0.0005307681 0.00041033086 2.5232564e-06 2.573017e-05 0.00031808068 0.0008123071 2.7866408e-05 3.091147e-05 2.1578204e-05 0.23783305 6.4367e-07 0.0056945547 2.3353437e-05 0.00012447526 4.639089e-06 2.369867e-06 0.01783042 0.0001704864 2.9745688e-06 1.477367e-06 3.4627906e-06 3.3162773e-06 9.209721e-06 5.4869274e-06 9.719558e-06 3.938738e-07 0.0005354873 8.6654014e-05 8.751875e-05 3.40818e-05 1.6375583e-05 6.0934103e-06 0.00013590041 3.9100155e-06 0.00075298274 9.356234e-06 0.0007446734 5.3007324e-07 2.907903e-06 0.00024342154 1.530309e-05 1.0213075e-06 2.1947137e-06 1.8707817e-07 2.6501618e-06 3.1804545e-06 1.578768e-06 3.4834754e-06 3.2376164e-07 1.0033907e-05 6.989324e-05 6.3058076e-07 9.7134e-07 0.00021506123 9.788524e-06
0.17199844 0.007266958 0.0070631164 0.43175203 0.025515517 0.0006574253 0.22743315 0.0001236321 0.0007765083 0.70516825 0.0007015137 0.1252158 0.0024564513 0.013663438 0.00086775137 0.015130253 0.0019060131 3.7266305e-14 0.006867405 0.0014301944 0.0045526735 0.99260974 0.11758607 0.00016240968 0.0004987917 0.00014002378 0.9949821 0.00014611235 0.00019897845 0.00083658844 5.1614996e-05 6.166228e-05 1.5119495e-05 0.0011239721 1.6676378e-05 0.052289147 0.00604715 0.00027989526 0.00034660913 2.1953321e-05 8.06462e-05 3.3727167e-05 0.0005355734 2.5158639e-05 7.263978e-05 0.0037312002 0.10315544 2.2602293e-05 9.935126e-06 0.0001287062 1.0833533e-05 3.819998e-06 0.0010307829 4.556949e-05 3.920863e-06 0.00010393565 6.007534e-06 3.408255e-05 0.000210576 5.9640268e-05 0.00018996326 2.3575005e-06 3.2214775e-05 0.0006100644 8.091344e-07 2.1878382e-06 8.0604754e-05 4.3896594e-06 1.4467136e-05 9.343661e-06 7.928101e-06 4.2107766e-07 0.00057910034 0.0067136246 1.4225007e-05 0.0010555801 0.0002216207 4.5804292e-05 5.6675708e-05 4.0328575e-07 1.3290668e-06 0.0005098426 9.24958e-07 2.3479379e-06 1.2575153e-05 3.6096303e-06 4.2368312e-05 1.7320334e-06 2.432651e-06 5.161179e-07 1.2259846e-05 7.238909e-07 1.8428312e-06 6.23612e-08 5.1752755e-07 0.00041578736 1.1138029e-06 2.1892898e-05 0.00014086076 1.5584526e-07 0.00089367887
0.9895964 0.031255662 0.004459023 0.0019443671 0.0002932178 0.0018140767 0.0009564802 0.0007609104 4.4844433e-05 0.0024146677 0.003760425 0.00078409346 0.0119002685 0.94713837 3.25586e-05 0.000304603 0.00012491657 0.006867405 1.5486214e-14 0.004824203 0.94126844 0.0002396136 0.21714748 9.853487e-06 0.031577684 0.00033041707 0.0019084542 0.00024530076 8.1875964e-07 4.9887134e-05 1.8192022e-06 6.7516976e-07 2.8912935e-05 4.8720256e-05 2.8109353e-05 0.044101916 0.00015377754 0.0008004166 1.6850795e-07 6.721247e-07 5.459694e-07 5.8728424e-06 1.00673674e-07 9.1356486e-07 8.068877e-08 0.90948063 0.010843897 2.1733135e-07 2.8726809e-05 0.011535681 3.2038834e-08 2.8702283e-08 0.7003926 2.5858617e-06 8.3707516e-07 1.5898331e-05 1.99948e-06 3.6309137e-07 0.00020921086 1.7010578e-07 0.7310071 6.4993856e-08 3.226849e-07 3.8096512e-06 3.7545044e-07 1.4917512e-06 0.3892609 3.1044297e-07 1.17833316e-07 0.00015823964 0.0005471169 0.0004650997 0.01905254 0.019013774 5.1344625e-07 0.103957914 0.0055768252 6.9931284e-06 2.5775358e-05 0.00047311402 7.523848e-06 0.2843949 1.1087821e-05 8.5770225e-06 0.07197267 9.373874e-06 7.793355e-07 0.00015711815 4.4422697e-05 5.396444e-06 0.0028811423 0.00022236402 9.0315746e-07 5.159651e-06 7.0382166e-06 0.6444666 3.5886071e-06 1.4370152e-05 0.027035233 2.8791605e-06 0.002014462
0.9694858 0.031981006 0.00076712517 0.0011435059 0.000105094536 0.004278766 0.0024382616 0.009429818 0.0001166143 0.00051927817 0.2921343 9.163204e-05 0.9815296 0.003847373 8.133974e-05 3.6530469e-06 9.854788e-05 0.0014301944 0.004824203 1.1430252e-15 0.0052465624 3.6075227e-05 0.0073368405 3.062912e-05 0.7470067 0.17418018 0.00013323016 0.020578992 5.264076e-06 3.2021487e-06 0.00025806684 5.61502e-05 0.001007537 7.4544832e-06 0.0020187062 0.0006164597 1.0519377e-05 0.76266223 6.459939e-07 2.2774697e-05 4.8737544e-05 0.0001726071 2.0220084e-07 6.768752e-05 2.1202666e-06 0.00028391634 5.4598404e-05 2.8504626e-06 0.06606491 0.57921076 8.165439e-08 4.0682746e-08 0.0009502975 2.4588877e-05 1.6156141e-06 3.0157748e-06 0.006798667 5.9630366e-07 0.13616838 7.737056e-06 0.0017705908 1.9924095e-05 1.075281e-06 0.00040166586 2.2630988e-06 0.0005453993 0.007398737 6.980824e-07 2.2197712e-06 0.7020356 0.8276763 0.7766358 0.051401403 5.956189e-05 4.4785455e-07 0.0001446382 0.8942304 1.2288138e-05 1.1355385e-05 0.7087052 1.3222362e-06 0.00018676756 6.6337685e-07 3.6375648e-05 0.0006101022 6.228352e-06 1.4401178e-06 0.18634564 0.0012658121 4.5927685e-05 0.034826837 9.747058e-05 1.8808282e-07 5.7550133e-06 0.011357574 0.0011509857 1.4248149e-06 4.0838354e-06 3.7272523e-05 4.3363466e-06 1.8316956e-05
0.9913302 0.026695672 0.0034310136 0.002167258 0.0002910486 0.0009843424 0.0013321752 0.00031760722 1.4895841e-05 0.003043557 0.0051693637 0.0007523525 0.01870981 0.91827166 7.091963e-06 0.00015299392 0.00013798405 0.0045526735 0.94126844 0.0052465624 7.0415746e-15 0.0004409451 0.18915156 2.085662e-06 0.05172207 0.0003539897 0.002482663 0.00024397559 3.1078034e-07 1.1091639e-05 1.5431418e-06 2.970423e-07 2.0760463e-05 1.8189654e-05 2.4949097e-05 0.04612211 3.915828e-05 0.0007830039 3.3373436e-08 9.7141736e-08 1.5858642e-07 2.3940047e-06 4.5251163e-08 1.2418054e-07 4.571256e-09 0.9468683 0.014251506 5.184629e-08 3.0619714e-05 0.022812376 7.0705184e-09 8.706063e-09 0.81653935 8.6759945e-07 1.0276586e-07 5.0574904e-06 8.907152e-07 6.3950715e-08 0.00021045432 2.1607308e-08 0.824419 3.22586e-08 3.156342e-08 2.095529e-06 6.5728386e-08 8.384693e-07 0.46066886 7.762295e-08 3.0457535e-08 0.000264759 0.0008082356 0.0008846522 0.03660246 0.033520985 5.7479536e-08 0.1311886 0.008178444 2.6580512e-06 1.3357366e-06 0.00042266608 1.3196221e-06 0.34206703 8.91146e-07 7.6724507e-07 0.092469074 2.3611926e-06 3.094501e-07 0.0001606822 1.1432523e-05 1.2072542e-06 0.0040752375 2.5055992e-05 7.453743e-08 1.0420104e-06 2.4342291e-06 0.6785234 6.5543696e-07 3.4762243e-06 0.036390096 5.316092e-07 0.003050626
0.3385045 0.045505024 0.014492118 0.7565624 0.25326452 0.0013059328 0.29311582 4.581692e-05 7.203814e-05 0.5087017 1.553092e-05 0.64443797 6.308785e-05 0.00017064776 0.004514204 0.40413412 0.032610625 0.99260974 0.0002396136 3.6075227e-05 0.0004409451 4.1845688e-16 0.0062651727 5.7612437e-05 4.381341e-06 2.925329e-06 0.87363553 4.3086247e-06 0.00017208427 0.0031472666 2.2129082e-06 1.2151285e-06 1.3733309e-07 0.0012385378 1.9551365e-07 0.003792355 0.14188522 2.88433e-06 1.7886228e-05 2.3549107e-07 7.702991e-06 3.6625178e-08 2.0536136e-05 5.9527387e-08 2.0247535e-06 0.00010532751 0.02934363 2.550537e-06 2.503946e-07 1.536963e-06 1.14807385e-07 2.956414e-07 0.00013815377 4.924498e-07 1.7651466e-07 0.00018622313 1.9467445e-08 1.8818807e-06 1.3811082e-06 8.036581e-07 3.9119554e-06 5.1733284e-08 6.0919574e-06 1.6016294e-06 2.1033364e-07 1.32659235e-08 3.2039445e-06 4.1541913e-08 7.7917133e-07 1.0034906e-06 2.3443108e-06 5.1477468e-08 1.3999554e-05 0.0013339322 1.7370953e-06 0.0004078472 7.1856795e-07 5.1541696e-07 7.597925e-05 2.0950552e-08 3.2340815e-06 0.0007447839 5.53107e-06 2.2518188e-07 7.736082e-06 1.0274944e-06 1.0525999e-05 2.489175e-07 2.5158687e-07 2.698168e-07 4.353499e-07 4.6317706e-07 1.1342835e-06 9.563774e-07 1.350887e-07 0.000787769 1.077406e-06 2.2907627e-06 0.00013947296 5.010923e-07 0.0003951353
0.98465335 0.07206598 0.050212234 0.36133093 0.018626975 0.0033368985 0.5998442 0.00043643473 0.00065907 0.9313459 0.0055973153 0.032889817 0.012112412 0.41155964 0.0002179022 0.00077037845 0.0017692884 0.11758607 0.21714748 0.0073368405 0.18915156 0.0062651727 8.37223e-14 0.00015021658 0.004762037 0.0007928849 0.28928775 0.00019249655 8.277066e-05 0.0009936658 6.2722293e-06 4.52214e-06 1.4947226e-05 0.0003924402 2.0305653e-05 0.97644335 0.0022850933 0.001843182 2.8009922e-06 1.5055632e-06 2.697849e-05 9.643019e-06 1.6015958e-06 1.9810782e-06 1.6836377e-06 0.062347762 0.7553568 1.0718041e-06 4.240499e-06 0.0008975805 2.956566e-07 2.943164e-07 0.009381215 2.0229827e-05 1.9342272e-06 9.307531e-05 1.1329996e-07 1.3321783e-06 0.00027402808 7.6749825e-07 0.002287048 8.554007e-07 2.9397572e-06 0.00010628369 4.270755e-06 2.1213975e-06 0.00095389545 1.7204322e-06 8.745625e-07 1.4623737e-06 8.967023e-06 2.9915584e-06 0.00065646454 0.2625014 2.3827708e-06 0.12727605 0.0004933606 4.945394e-05 5.910908e-05 7.466347e-05 3.1884267e-06 0.02225821 9.445838e-07 1.5798518e-05 0.00023394266 3.6162044e-06 4.3488044e-06 2.4299348e-05 1.4345485e-06 7.95315e-06 0.00019808742 0.00021922724 6.3291293e-07 1.0881356e-06 4.4639605e-06 0.005581971 1.86928e-07 4.8475962e-05 0.0008624226 1.7112442e-06 0.010130235
0.9449119 0.047198817 0.046973575 0.0010012041 0.0010642604 0.39213017 0.00015735088 0.72794574 0.9701112 0.00014688227 0.0032593461 0.00041633513 6.950857e-05 3.6302192e-06 0.0066021364 0.00022375822 0.0024195754 0.00016240968 9.853487e-06 3.062912e-05 2.085662e-06 5.7612437e-05 0.00015021658 1.0289322e-13 2.7885122e-05 0.00032418664 2.2577107e-05 0.00084317726 0.117073596 0.0015373538 0.03918665 0.76631063 0.014380051 0.00724646 0.004418232 2.9999235e-06 5.3712218e-05 9.35771e-05 0.039227907 0.12752783 0.7429636 0.0010805696 0.062282745 0.013699653 0.9049417 2.2519466e-06 2.3829891e-06 0.4178467 0.0002445363 3.7515679e-06 0.13611615 0.06878839 5.758483e-06 0.0004821749 0.37462887 8.35367e-05 8.8654575e-05 0.009458464 2.7132373e-05 0.008104192 5.0358346e-07 0.025989143 0.007487893 0.00021392004 0.0004379992 1.461701e-05 3.4107876e-07 0.007953903 0.06448015 3.1999123e-05 5.6958957e-06 5.099491e-06 6.4446704e-06 1.2094462e-06 0.019223716 6.630303e-07 1.4389536e-06 2.2609018e-05 0.002941753 4.5073736e-07 1.679996e-05 1.0027779e-06 0.0001509071 1.5610914e-05 3.1840907e-06 0.06979086 0.0013996998 5.1641996e-06 5.240129e-06 1.993528e-06 5.1723964e-06 0.07776826 0.00013214497 0.009769859 1.8973494e-06 7.406039e-07 0.0010058789 0.00018642998 2.97959e-07 0.00078294793 0.00012687864
0.995511 0.034179945 0.0009813607 0.00053540914 0.000108067004 0.0009869159 0.00025855066 0.0012283802 6.421091e-05 0.0002905921 0.10810374 0.00013889796 0.6747315 0.044851102 4.3742475e-06 2.3927756e-05 1.4016252e-05 0.0004987917 0.031577684 0.7470067 0.05172207 4.381341e-06 0.004762037 2.7885122e-05 2.2906642e-12 0.0080912905 8.812664e-05 0.0005604866 7.435394e-07 8.8547176e-07 4.1629388e-05 1.7867706e-06 0.00012806989 1.2197418e-05 0.00013525096 0.00420761 8.378208e-06 0.036849383 1.8747645e-07 5.771738e-06 1.7571435e-07 5.8622532e-05 3.4860426e-07 4.2310667e-06 7.725679e-08 0.0133727575 0.0005956402 2.409902e-06 0.0010998436 0.98864335 6.896571e-08 6.440461e-08 0.043330815 1.0914988e-06 1.389455e-06 2.2541467e-06 0.00055312 1.872621e-06 0.0039564455 1.5899816e-07 0.14405394 9.969318e-07 2.6464793e-06 2.3325794e-05 2.4701658e-08 0.00025194333 0.21047999 1.4091959e-06 1.8589513e-07 0.0120516885 0.06885647 0.04639413 0.5141208 0.00071897916 4.2141957e-07 0.001929508 0.58932245 1.7050702e-06 2.8529646e-06 0.20582831 2.3129772e-07 0.001376833 6.317147e-07 2.2196314e-06 0.054217618 1.736558e-07 6.556811e-08 0.042896066 9.8637305e-05 2.8225838e-06 0.07644528 0.0016949642 1.0173451e-08 9.940708e-08 0.00064311235 0.03667585 9.199734e-09 5.7358767e-07 0.00053540204 2.4134184e-08 0.00028164912
0.9617011 0.038230244 0.0019302231 0.00028404035 0.0001042379 0.017283278 0.00062993466 0.025816636 0.0011777936 0.0001718863 0.96988654 4.3492335e-05 0.44578204 0.00014309441 3.466427e-05 2.8337445e-06 1.42684985e-05 0.00014002378 0.00033041707 0.17418018 0.0003539897 2.925329e-06 0.0007928849 0.00032418664 0.0080912905 9.064254e-14 3.0338908e-06 0.21920648 1.6390459e-05 5.2063484e-07 0.0009763478 0.00025775915 0.0023465825 3.293485e-05 0.004502741 9.211683e-05 7.271304e-07 0.9743885 1.1966981e-06 0.00019754881 0.00011357296 0.0013105886 2.8586787e-06 0.00042912256 6.362611e-06 4.857856e-05 5.817692e-07 4.1590338e-05 0.78330296 0.0040025543 3.1515658e-06 1.4569378e-06 0.00013247645 0.000440471 2.7732895e-05 8.7654314e-07 0.26072106 1.8737486e-06 0.759234 8.384862e-05 3.6773312e-05 7.826814e-05 1.3158734e-06 0.0062151807 2.510749e-05 0.02483769 0.0002405521 1.1869059e-05 4.064269e-06 0.2870964 0.050740644 0.09950358 0.00020464044 2.4167846e-07 1.2012019e-06 6.2058334e-06 0.0071467184 9.460759e-05 1.6498991e-06 0.014721113 2.3187019e-07 4.7659532e-06 1.4883742e-07 0.00080958486 6.094244e-05 3.7223836e-06 3.9901392e-06 0.0010807947 0.008073609 0.00074152235 0.00022392753 0.00035730383 1.9260605e-07 1.3966916e-06 0.028882883 5.6376794e-05 6.945953e-07 1.44039595e-05 5.959902e-06 8.4712894e-07 1.0829608e-05
0.30039576 0.0053424854 0.0045568952 0.44694722 0.031287797 0.00038656793 0.20893861 7.995895e-05 0.00010760781 0.51372933 0.00012317994 0.18675934 0.00027686768 0.0041340026 0.0001549297 0.017891776 0.0016004675 0.9949821 0.0019084542 0.00013323016 0.002482663 0.87363553 0.28928775 2.2577107e-05 8.812664e-05 3.0338908e-06 2.2157721e-15 1.7858516e-05 4.520663e-05 0.0006234876 4.4273e-06 7.1978803e-07 3.128399e-07 0.00027560792 6.0693037e-07 0.13329522 0.010014769 3.0277977e-06 1.4327828e-05 8.3860607e-07 1.7746742e-06 3.9662243e-07 2.087826e-05 1.2466728e-07 3.0720548e-06 0.0011067585 0.5974649 6.636417e-06 2.396845e-07 1.4188358e-05 1.00850094e-07 9.357759e-08 0.0005069648 5.4970445e-07 1.7433746e-07 7.527239e-05 1.2014035e-08 1.2461553e-06 1.9455808e-06 1.992897e-06 3.445419e-05 2.1708722e-08 3.3479846e-06 7.957402e-07 3.968269e-08 3.138291e-08 5.4910663e-05 1.4023459e-07 8.253638e-07 5.601328e-07 1.4724033e-06 2.1273575e-08 6.996854e-05 0.0048857657 7.0234855e-06 0.0016593772 7.7201076e-07 1.3348796e-06 2.6883234e-05 7.727708e-09 1.3753689e-07 0.0007008819 1.1905437e-07 1.4250423e-07 9.045302e-06 3.1892492e-07 5.0878616e-06 1.1630331e-06 5.7323496e-07 8.587064e-08 2.6849627e-06 7.956666e-07 1.419924e-07 3.3947774e-08 2.293343e-07 0.0006097398 2.3966098e-07 1.6979969e-06 0.00010713852 6.0190374e-08 0.0009727413
0.9955588 0.04125375 0.0012220764 3.8761726e-05 7.692079e-05 0.038267165 0.00013289908 0.0841911 0.0016117648 8.399877e-05 0.7780375 3.9986127e-05 0.076472275 7.902484e-05 7.419323e-05 2.5620255e-05 2.256583e-05 0.00014611235 0.00024530076 0.020578992 0.00024397559 4.3086247e-06 0.00019249655 0.00084317726 0.0005604866 0.21920648 1.7858516e-05 2.303491e-17 4.244005e-05 1.1906323e-05 0.09571441 0.0031543146 0.23758475 3.007175e-05 0.8719724 2.0708338e-05 1.9190258e-05 0.044190034 5.444685e-06 0.006536146 0.00053644675 0.590214 2.3573286e-05 0.025415182 0.0001632655 1.662255e-05 5.08408e-05 0.00073162187 0.93422043 0.00040592763 3.6382484e-05 1.4778525e-05 0.00010310783 0.33907005 0.0003082535 1.3188025e-05 0.83996826 1.8737313e-05 0.12225181 0.03300101 3.1873915e-05 0.012427493 7.6021906e-06 0.8195876 0.013153573 0.35624918 0.00020318953 0.0010858343 0.00012483953 0.014132094 0.0017287241 0.008951602 0.0001074665 3.104795e-06 7.7524004e-05 8.155929e-06 0.00086158246 0.033242144 0.00010778654 0.0011094789 4.2164183e-07 4.0766167e-06 1.1457819e-06 0.025949664 7.633717e-05 3.0912386e-05 0.00011847228 5.0181116e-05 0.011891494 0.0110946605 2.2077678e-05 0.00052742695 1.6218084e-05 4.906263e-05 0.0024850068 1.16414e-05 1.5467576e-06 0.0001732103 3.4778886e-06 5.8352093e-06 4.0503415e-05
0.97681844 0.75161266 0.47225788 0.0007829871 0.013433691 0.6167274 3.7172525e-05 0.09035539 0.71774125 7.722148e-05 0.0012058011 0.00035015613 2.21617e-05 1.7086921e-06 0.07058407 0.00037101092 0.0021555426 0.00019897845 8.1875964e-07 5.264076e-06 3.1078034e-07 0.00017208427 8.277066e-05 0.117073596 7.435394e-07 1.6390459e-05 4.520663e-05 4.244005e-05 1.2709617e-13 0.01718269 0.00081404037 0.0022996753 0.000324945 0.42390248 0.0001424224 5.418862e-06 0.00033519464 8.896273e-06 0.93287987 0.000858153 0.8634077 4.6151257e-05 0.90483546 0.00016860514 0.03790917 8.55818e-06 2.9562787e-05 0.006474332 1.1235963e-05 1.9007834e-06 0.18589166 0.7183664 5.5343495e-05 1.21884295e-05 0.01133439 0.033959944 7.857129e-06 0.47879213 1.6428032e-05 9.256049e-05 1.1240375e-06 0.00011479278 0.39114332 3.878809e-05 1.1466122e-05 9.218288e-06 2.4324818e-06 0.00010598691 0.001264649 4.166845e-06 1.4383672e-05 3.0726937e-06 4.393194e-06 8.23202e-07 0.006177715 1.4443169e-06 3.3449178e-06 2.3073362e-06 0.0006681598 1.8130977e-05 0.0020899836 8.0937207e-07 0.012448048 2.8377606e-06 3.931128e-05 0.09963022 2.482078e-05 8.59218e-07 1.3104209e-06 4.10823e-08 1.5459598e-06 0.0044432785 2.241993e-06 0.009144035 3.7147965e-05 6.223861e-05 0.005159278 2.631043e-06 6.8097614e-07 0.007784848 0.00011591664
0.13769673 0.016762499 0.039137144 0.014859895 0.12982194 0.0047588227 0.00038115174 0.0009344539 0.0022015972 0.0019276019 3.0765626e-05 0.05908938 1.43938e-05 1.7105942e-05 0.72593486 0.31344292 0.9939546 0.00083658844 4.9887134e-05 3.2021487e-06 1.1091639e-05 0.0031472666 0.0009936658 0.0015373538 8.8547176e-07 5.2063484e-07 0.0006234876 1.1906323e-05 0.01718269 2.2144878e-15 5.145688e-05 0.00026322578 1.3661659e-05 0.8385939 1.6763648e-05 5.462522e-05 0.9811959 1.9491279e-06 0.077794895 0.00014329802 0.002401686 9.038309e-06 0.08934761 1.9134448e-05 0.0011802493 0.00013893968 0.00011853884 0.0002585381 3.1723623e-05 4.8587222e-05 0.00084743975 0.0030718618 6.760742e-06 1.976732e-06 4.0365285e-05 0.8156277 2.1440694e-06 0.0145914 8.1604185e-06 1.0985127e-05 1.230273e-06 2.5868442e-07 0.102467686 5.445578e-06 1.4384727e-07 2.7590679e-07 8.778753e-08 3.9684965e-06 5.702282e-06 2.2922666e-06 4.4936673e-06 1.9559756e-07 6.779915e-05 7.4665354e-06 3.2833996e-05 4.530938e-06 5.9364847e-06 4.1086312e-07 1.6673563e-05 5.8461932e-08 0.004944671 3.1566162e-06 0.0014574277 7.138833e-08 2.1120357e-07 0.00010747459 1.6608963e-06 4.869141e-07 4.931947e-07 7.905841e-08 3.6987825e-07 4.5646433e-07 1.1822672e-07 9.658499e-06 1.8371432e-07 3.7430768e-06 1.3800623e-05 1.8344821e-07 4.0682184e-07 9.5506046e-05 2.2254007e-06
