1.1791125e-27 0.71745706 0.18636802 0.27944863 0.7436577 0.013820525 0.78442496 0.0427005 0.008684133 0.034523077 0.00016027418 6.7944693e-06 0.0026099572 0.0022748045 0.0650447 0.7439962 0.027402606 0.081087336 0.84228885 0.0110317785 0.0052678427 0.6516575 0.0006421207 0.94808906 0.0009926135 0.6290576 1.3863835e-05 0.84528494 0.73749745 0.16072358 0.4730587 0.94500065 0.88167393 0.7887773 0.04123604 0.3785475 0.7999708 0.40046936 0.34841642 0.054934707 0.012078405 0.01095886 0.66375816 0.92155856 0.958506 0.82555795 0.48755887 4.892349e-05 0.78312784 0.014628845 0.018146003 0.81211156 0.45273727 5.570476e-06 0.055951282 0.6854377 0.017785382 0.85056496 0.9054126 0.95880353 0.18036753 0.9671179 0.88519096 0.33280978 0.9803648 0.11877544 0.9068301 0.8851209 0.027251346 0.777628 6.426341e-05 0.53357196 0.9909923 0.10535699 0.7576232 0.9125878 0.9553463 0.024389984 0.09482927 2.0199136e-07 4.438312e-08 0.7490392 0.39856905 0.33528763 0.9564469 0.97582394 0.014602785 0.83315194 0.002841246 0.001410599 0.8473878 0.011497608 0.9996207 8.121173e-08 0.89315677 0.96282774 0.9971072 0.96158576 0.9985484 0.999887 0.00032742205
0.71745706 1.7072294e-19 0.6529262 0.9340283 0.9763787 0.10254421 0.6447113 0.04783114 0.17777708 0.23998259 0.015690815 0.002774812 0.075851046 0.057311755 0.10492108 0.66788286 0.014031782 0.010843454 0.29812327 0.0020942884 0.012224425 0.023933856 0.0011779732 0.5268023 0.00069538807 0.12764166 0.000116737916 0.16386369 0.012181628 0.0043449034 0.021216359 0.016280258 0.22105587 0.014126099 0.007006697 0.00272516 0.07040231 0.0027864138 0.057641067 0.00047800277 0.0008286358 0.0012613335 0.03365095 0.022283286 0.007350333 0.055315137 0.018024093 4.044374e-05 0.01118494 8.900435e-05 2.2345828e-05 0.0074090525 0.00016887259 6.7499573e-06 0.00013463054 0.00071876805 6.8132863e-06 0.0047067124 0.016762516 0.0026017202 0.000118246855 0.016849486 0.00081216736 0.00034284638 0.008534171 0.00016628919 0.0035109827 0.004030815 1.875065e-05 0.0024698211 3.281535e-06 0.0026456327 0.005350575 9.536452e-05 3.1748834e-05 0.0010750279 6.476199e-05 3.3110675e-05 1.6372e-06 8.61577e-07 8.670439e-08 4.8149914e-06 1.07965484e-07 0.0008563769 0.0020006415 0.0017918532 6.060798e-06 0.0031175567 7.0279943e-06 4.2669362e-06 0.00028958815 2.2441503e-05 0.0034966078 2.2379065e-06 0.00013955306 0.00012659967 3.7275404e-05 6.950684e-07 0.0002809953 0.000634095 3.0618178e-06
0.18636802 0.6529262 8.404721e-19 0.93058616 0.19243412 0.8636714 0.89728427 0.62113863 0.93545455 0.844478 0.45111254 0.2706745 0.17160763 0.22074364 0.016610209 0.2376529 0.060761835 0.03457284 0.07819864 0.05096722 0.0073818713 0.026920673 0.08406325 0.23140159 0.013320763 0.011742707 0.007307914 0.056234524 0.011585591 0.0032398824 0.0032045485 0.011798239 0.0481991 0.0071124122 0.0001695911 0.002249589 0.021990849 0.00012742904 0.012222956 1.3427235e-05 0.0022044166 0.0018367643 0.01432763 0.0023966422 0.004232673 0.0048914165 0.0016057229 0.0030111165 0.0008821418 1.1237302e-05 3.1355628e-06 0.00018532862 5.3401116e-05 4.1672323e-05 7.5486505e-06 0.00021400145 1.0842615e-06 0.00016407623 0.0021744315 0.0011236098 1.5763962e-05 0.0003337761 0.00045841988 0.00013971566 0.00021774576 4.891873e-05 0.0003065473 5.9691254e-05 1.5997404e-05 0.00011791309 1.0363767e-05 0.00027155378 0.0003028436 1.2367754e-05 1.5160328e-05 4.7192658e-05 6.609104e-05 6.1054975e-06 2.1353724e-06 4.505186e-07 9.6727405e-08 3.9229576e-06 1.1453213e-07 0.0015210226 0.0017233235 0.000996344 1.484948e-06 8.911554e-05 5.037595e-06 4.963564e-06 0.000117464035 7.065372e-06 0.0009795361 6.0629604e-06 0.000290954 6.359206e-05 6.593956e-05 2.3196983e-06 0.0003272048 0.0005486395 3.1369942e-05
0.27944863 0.9340283 0.93058616 6.7797345e-20 0.90522283 0.29093948 0.5941723 0.087097675 0.72270626 0.9325516 0.28678992 0.04800408 0.5216917 0.5054208 0.3957718 0.19088414 0.0068438584 0.0023626133 0.06783067 0.0023733433 0.21269359 0.005248079 0.0028890031 0.4903364 0.00044826997 0.15311077 0.00021443966 0.059988573 0.0017970119 0.0009703476 0.025554657 0.03943262 0.09072318 0.02959518 0.015644928 0.00023303171 0.05270063 0.0035325992 0.013321074 0.0013131826 0.0004311161 0.0008727837 0.0057668258 0.003449692 0.005246295 0.005631196 0.001316832 5.380111e-05 0.0005089924 8.597648e-05 1.67435e-05 0.00030275903 0.00051392027 1.5095889e-06 6.408024e-05 6.829582e-06 3.3414933e-06 0.0003062247 0.0065726233 0.00016185614 9.721751e-05 0.0001952028 0.0010593018 0.00037776402 0.00022087252 4.269513e-06 0.00077274966 6.6986264e-05 3.3875756e-06 0.000117314805 7.062236e-07 9.616602e-05 0.00023814464 7.38293e-05 7.160335e-05 3.0700092e-05 0.0003125365 3.524568e-06 2.0269076e-06 1.2585945e-06 4.0265803e-08 1.3014098e-05 9.6576414e-08 0.00023782895 0.0018602384 0.00088988245 1.2322022e-06 5.162075e-05 3.7448049e-06 3.0221204e-06 0.00013615518 6.3105026e-06 0.0007076472 6.161314e-07 0.00028226138 3.7387456e-06 2.6667869e-05 4.765019e-07 0.00034833324 0.0003803059 9.153173e-06
0.7436577 0.9763787 0.19243412 0.90522283 4.5362383e-19 0.017414283 0.1635557 0.0033522083 0.05011357 0.28522727 0.0074563962 0.00084055384 0.11874416 0.07446584 0.32162622 0.20478673 0.0009086765 0.00043551959 0.13167235 0.00046145867 0.06505203 0.0003939807 0.00040111327 0.7828134 0.00015117473 0.45024046 2.4673676e-05 0.04824922 0.00011730329 0.00019671918 0.065351084 0.10579804 0.216497 0.073193856 0.07619559 0.00011341798 0.13705318 0.011998208 0.017729962 0.00831157 1.1571379e-05 3.6132762e-05 0.0071027568 0.009322585 0.008937603 0.025959164 0.0058634416 8.2013075e-06 0.005584066 0.0018420925 0.0006813108 0.0021393516 0.003043521 1.7697135e-06 0.0014505474 1.1648668e-06 4.596011e-05 0.0011189806 0.05581754 7.9139485e-05 0.00047662394 0.0033925741 0.008190468 0.0029040813 0.0015214332 2.6666103e-06 0.011509402 0.0009134042 1.6998877e-06 0.0010337594 2.684904e-06 0.0005371511 0.0020639165 0.00024445163 0.00041458962 0.00022255091 0.0020210957 1.5687813e-06 8.29981e-06 5.7245103e-07 3.7099262e-08 1.9375753e-05 1.6337685e-06 5.9752136e-05 0.0076287324 0.0025982028 9.1644625e-07 6.011056e-05 2.4853691e-06 1.6580618e-06 0.0018610732 1.8977513e-06 0.0072283098 8.857606e-07 0.00082069775 5.8392225e-06 0.0003674914 6.047729e-07 0.001515152 0.0012967639 3.297541e-06
0.013820525 0.10254421 0.8636714 0.29093948 0.017414283 4.190201e-19 0.7195835 0.95060366 0.8650651 0.19432376 0.34708494 0.39650464 0.007647574 0.01126228 0.00093771185 0.07644086 0.21056531 0.22637847 0.017472664 0.15445991 0.0004102821 0.08829051 0.2575415 0.023124505 0.059961304 0.0025451344 0.026360752 0.021971876 0.02321921 0.01790269 0.0002230377 0.00062925584 0.008212285 0.0003922982 1.5379213e-05 0.0072465595 0.0033793997 2.7347405e-06 0.0060829394 2.5715255e-07 0.0046648057 0.0035659939 0.0053983494 0.00061012345 0.00076768757 0.0024562406 0.000534339 0.009191133 0.00010012051 2.4134551e-06 2.5752237e-07 7.2223185e-05 1.12958505e-05 0.0002182439 5.1733236e-06 0.001126806 5.486078e-07 8.5502885e-05 0.00028078287 0.0010013221 3.2215976e-05 0.00022013273 4.053023e-05 7.7640165e-05 0.000217757 0.00013520285 3.1186584e-05 3.292251e-05 0.00020511563 1.1169223e-05 0.0001210644 4.627413e-05 9.53904e-06 7.787007e-06 5.1456072e-06 2.4592405e-06 1.2026548e-05 1.440947e-05 1.2541743e-06 6.14092e-06 5.067409e-07 9.610395e-07 1.6186213e-08 0.0004875979 0.0017968895 0.00028851556 1.5689917e-05 2.3519167e-05 1.2652477e-05 1.0405162e-05 4.6496683e-05 3.1637577e-05 0.0006811003 9.749897e-06 8.6957254e-05 1.1797342e-05 1.4943093e-05 1.1014306e-06 4.0983865e-05 0.00029380003 1.922189e-05
0.78442496 0.6447113 0.89728427 0.5941723 0.1635557 0.7195835 2.218625e-20 0.950347 0.56250745 0.38021645 0.03773219 0.01838718 0.029599752 0.032859128 0.0020615903 0.78584856 0.45419237 0.4940385 0.25636345 0.29888692 0.0002375148 0.62975323 0.037932675 0.3318903 0.04099254 0.003246419 0.0041366 0.4982924 0.3664862 0.107385345 0.0011768505 0.0012684579 0.19235176 0.0038512952 3.6490444e-05 0.07364823 0.044197883 5.142132e-05 0.15412684 1.1805306e-06 0.015011985 0.008919165 0.27589786 0.0327568 0.0032817954 0.17097773 0.028727263 0.0039188615 0.01843075 2.9694388e-06 8.5625925e-07 0.0045955093 3.7610094e-05 7.048867e-05 1.1024777e-05 0.020896794 5.188332e-07 0.0013267961 0.0075804363 0.013179767 2.7795702e-05 0.005353392 0.00017912014 0.00011528999 0.003774293 0.00151708 0.00054712605 0.000824972 0.00019006203 0.002182923 2.6591099e-05 0.0017671994 0.0024762996 9.06086e-06 3.5535222e-06 0.0005454368 3.0538158e-06 0.000111455214 6.3773336e-07 1.6616694e-06 2.3031295e-07 5.195858e-07 9.318717e-08 0.0017913765 0.0006759137 0.00046770327 5.135856e-06 0.0009789114 0.00011055992 7.28766e-05 5.122358e-05 6.764338e-05 0.0012275816 1.17778045e-05 8.524364e-05 0.00019795033 4.3560867e-05 2.8529143e-07 0.00011540781 0.00025686246 1.4148781e-05
0.0427005 0.04783114 0.62113863 0.087097675 0.0033522083 0.95060366 0.950347 6.806441e-23 0.47824422 0.035195816 0.021293007 0.09151014 0.00066756207 0.0013916771 1.7393375e-05 0.11655812 0.50493944 0.4368289 0.013837934 0.3344944 3.1406178e-06 0.16044103 0.16606146 0.007834614 0.09012599 2.135294e-05 0.014228936 0.023522718 0.025948785 0.020652503 1.4357097e-05 1.7908675e-05 0.004649487 5.6428213e-05 4.983644e-07 0.010947376 0.0017101123 1.0559368e-07 0.008120709 2.2789666e-09 0.0048519373 0.002509228 0.007042705 0.0002502687 0.00023195236 0.002017993 0.00038751896 0.004466712 4.3497934e-05 4.870192e-08 6.2250294e-09 1.3991026e-05 2.5397708e-07 8.459963e-05 1.3675098e-07 0.0015784241 4.3636037e-09 1.1523607e-05 6.169134e-05 0.00010879448 7.7554097e-07 0.00017027176 2.6546568e-06 3.2552375e-06 5.0040275e-05 0.00011003472 3.0292622e-06 2.4424703e-06 1.3005387e-05 7.8286496e-07 2.1677142e-05 1.5332893e-05 2.0185502e-05 1.0599058e-07 4.3199003e-07 1.3548175e-06 2.4177507e-07 6.7589817e-06 3.1600468e-08 4.1107518e-07 4.5174325e-08 3.5875633e-08 2.7565125e-10 0.0001392356 0.00014210005 5.1048504e-05 1.5337388e-06 2.0695506e-05 5.1434586e-06 2.2218148e-06 2.848286e-06 8.945968e-06 0.00013762292 2.2871088e-06 7.560617e-06 2.7771785e-06 1.0777635e-06 1.1105912e-08 2.7524384e-06 4.334414e-05 2.0843e-06
0.008684133 0.17777708 0.93545455 0.72270626 0.05011357 0.8650651 0.56250745 0.47824422 1.8382335e-18 0.89525574 0.9249498 0.7141992 0.27841178 0.45835018 0.016105201 0.044153597 0.051786814 0.01679278 0.009236737 0.041646484 0.010583677 0.010066865 0.199104 0.03721634 0.009936137 0.0029724804 0.016293272 0.015788624 0.004260378 0.002873451 0.0031763355 0.0017005049 0.0049595283 0.002228504 6.898646e-05 0.00089874427 0.0017943156 0.000162375 0.0044178762 3.333908e-06 0.00079020625 0.0009911312 0.0042189932 0.000310651 0.0006430675 0.0038426812 0.0003199331 0.002201281 0.00016940375 7.040207e-05 8.223488e-06 0.00014927148 2.3774583e-05 6.4486325e-05 4.4972578e-05 0.00019300684 9.945375e-06 0.00013165401 0.00025726258 0.0029372268 2.0813251e-05 0.00016469405 7.9283e-05 6.935409e-05 6.5921085e-05 5.7549612e-05 3.619805e-05 3.3433917e-05 0.00059810723 5.835997e-05 0.00032720325 5.802659e-05 6.6656835e-06 1.5449023e-05 8.801841e-06 5.4480815e-06 1.8548395e-05 2.0153053e-05 4.2565418e-05 2.4377963e-05 1.7295462e-06 1.4890686e-05 2.55767e-07 0.0012822779 0.0009233549 0.00021866559 2.5435571e-05 0.00025891387 3.407917e-05 4.0100273e-05 6.725402e-05 0.00035577748 0.0005279402 2.5559244e-05 0.00024530897 4.796194e-05 3.5600064e-05 9.619129e-06 8.0379534e-05 0.0019683393 0.00017217931
0.034523077 0.23998259 0.844478 0.9325516 0.28522727 0.19432376 0.38021645 0.035195816 0.89525574 1.363804e-19 0.72133577 0.37295 0.9220361 0.9157214 0.83178645 0.03324631 0.0009648645 0.00020095929 0.011365862 0.00017136158 0.6031221 0.0003847492 0.004143983 0.20452988 0.00028148718 0.050938576 0.00021125929 0.007854832 0.00018093539 0.00012667285 0.009744145 0.009462785 0.005262024 0.009383658 0.0089056585 2.390066e-05 0.0034180381 0.0015972123 0.0026802672 0.00040960638 2.0546831e-05 3.7208916e-05 0.0017702691 0.00021166081 0.0010126525 0.00081110495 0.000117064905 2.4091978e-05 0.0001569925 0.00075983093 0.00016833216 5.622757e-05 0.00013071133 5.3983845e-06 0.00029566017 1.965367e-06 3.2083673e-05 4.2326912e-05 0.00047783938 0.0006122156 2.466196e-05 6.928231e-05 0.00017530186 6.1988925e-05 6.0312508e-05 4.3672826e-06 0.00012702307 8.2624676e-05 0.00023448723 0.00017770808 0.00010979718 6.0084425e-05 9.573786e-05 1.6534614e-05 3.2488363e-06 5.432774e-05 0.00017419628 4.3177974e-06 1.551221e-05 1.2611542e-05 8.233975e-07 1.5541425e-05 6.39252e-07 0.0038823455 0.001071723 0.00055254134 3.895188e-06 0.00010203447 4.064831e-06 5.2267783e-06 0.00010195704 6.319064e-05 0.00062320277 1.3909339e-05 0.00023744775 9.3155846e-05 3.1013846e-05 2.8344895e-05 0.00016718873 0.0017797614 0.00017222448
0.00016027418 0.015690815 0.45111254 0.28678992 0.0074563962 0.34708494 0.03773219 0.021293007 0.9249498 0.72133577 5.0875776e-20 0.93918633 0.05123327 0.28531453 0.016690899 0.0083574485 0.0060089696 0.00032987678 0.00071261975 0.0028779267 0.011975807 0.001025188 0.014628887 0.0011017601 0.00020789776 0.0017681383 0.0012856347 0.0029467426 0.00078916387 0.0002942756 0.0014931072 2.2746806e-05 0.00010756483 0.00015509852 5.692971e-05 6.251183e-05 2.9919225e-05 0.0001820221 0.00039832425 1.05969475e-05 2.1276592e-05 1.056892e-05 0.00037261774 2.8422269e-06 1.2134805e-06 0.00056201196 2.3076147e-05 2.9900995e-05 4.6175035e-05 3.1631735e-06 1.0543625e-06 5.8759633e-06 1.2672065e-05 2.7520919e-06 1.62059e-05 7.612018e-05 2.8011605e-06 1.8293737e-05 8.769149e-06 0.00094483845 2.5175346e-05 3.551014e-05 2.9388434e-06 6.42711e-06 3.070999e-05 4.6132027e-05 1.3577673e-07 6.3827883e-06 2.8616207e-05 1.0233354e-06 4.1256723e-07 1.6726728e-05 2.4649663e-07 8.650858e-06 7.3598894e-06 8.575933e-08 7.625961e-07 9.4978503e-07 2.7555808e-07 4.6353367e-07 1.91061e-08 1.9840845e-06 1.212277e-07 7.2781545e-06 0.00017080292 8.364659e-06 5.2962528e-06 4.3009354e-06 4.3846745e-07 4.6595534e-07 1.6060307e-05 7.954887e-06 4.551776e-05 3.304544e-07 6.194768e-05 0.00014098843 8.094118e-06 9.531874e-06 1.9813288e-05 6.6871886e-05 2.6901992e-06
6.7944693e-06 0.002774812 0.2706745 0.04800408 0.00084055384 0.39650464 0.01838718 0.09151014 0.7141992 0.37295 0.93918633 1.30026354e-20 0.011040268 0.055406876 0.001269739 0.0013331824 0.011247569 0.0016460299 4.9715964e-05 0.01665717 0.0015968054 0.0008875563 0.38263947 0.00012140687 0.0059101223 3.8374677e-05 0.019615207 0.000113390066 0.0003547017 0.00026283748 4.153152e-05 1.2816798e-06 2.5241387e-05 1.4197114e-05 8.3347464e-07 6.753296e-05 5.2291616e-06 5.0984017e-06 7.96359e-05 5.589241e-07 0.00012879094 6.0909613e-05 5.919912e-05 4.266961e-06 7.022966e-07 8.2285675e-05 7.4811755e-06 0.0010712382 1.7734163e-05 6.61423e-07 1.8574431e-07 1.031912e-05 2.1713154e-06 6.692101e-05 7.974691e-06 7.372082e-05 1.6845307e-06 3.0120198e-05 1.5769366e-06 0.00016196251 1.1272411e-05 4.982509e-05 1.0854989e-06 4.216465e-06 4.7617028e-05 1.690504e-05 1.0822711e-07 1.0802079e-05 5.3179785e-05 2.2908764e-06 2.4136452e-05 2.8707502e-05 1.4990736e-07 3.29224e-06 2.6455332e-06 7.669418e-08 1.2159289e-07 4.0950054e-06 6.85488e-08 9.449546e-06 2.775345e-07 2.8830635e-07 5.291101e-09 1.8500475e-06 3.8054008e-05 1.2269845e-05 1.9871059e-05 9.651778e-06 3.3339843e-06 1.619117e-06 2.1989918e-06 8.825082e-06 1.6395883e-05 7.73916e-06 1.3162757e-05 1.635659e-05 4.920315e-07 7.526226e-07 2.8447432e-06 3.3386605e-05 5.2455994e-06
0.0026099572 0.075851046 0.17160763 0.5216917 0.11874416 0.007647574 0.029599752 0.00066756207 0.27841178 0.9220361 0.05123327 0.011040268 1.8823994e-19 0.9615536 0.7641965 0.046508837 0.00012609757 1.8305518e-05 0.009933143 3.1913867e-06 0.7891934 0.00044558218 3.8223647e-05 0.058653325 1.5553161e-06 0.08751145 3.5977014e-06 0.012216534 0.0001714639 7.547035e-05 0.030672953 0.0040826867 0.0018875642 0.0071375743 0.041228097 4.5068668e-05 0.0017082916 0.007117936 0.0026020538 0.005228396 3.0289675e-06 9.705239e-06 0.0017470246 3.4941873e-05 2.1804843e-05 0.0033732061 0.0009689032 7.005661e-07 0.0007848449 0.0010767265 0.00016443682 8.425077e-05 0.00092213834 1.9767544e-06 0.0024151881 0.00022808943 0.00019316521 0.000731274 0.00016174256 0.0049575395 0.00019335134 0.0002442338 9.661112e-05 0.0003839461 0.00027274326 0.00012498246 4.4520457e-05 0.00023122421 0.00017680452 0.0006969233 4.620007e-06 0.00072769856 3.149421e-06 0.00015644771 0.0002483796 8.989473e-06 0.00011083228 5.400202e-06 7.991077e-05 1.1662429e-06 2.0715913e-08 7.627648e-05 2.6701158e-05 0.00076966715 0.0015794082 0.0002968703 2.685589e-05 0.00040965498 6.8365574e-07 4.0162348e-07 0.0002681483 5.3648175e-05 0.00063293107 1.0379869e-07 0.0004972578 0.0018493959 0.00015205065 4.0138537e-05 0.0001426973 0.00047836258 2.1909784e-06
0.0022748045 0.057311755 0.22074364 0.5054208 0.07446584 0.01126228 0.032859128 0.0013916771 0.45835018 0.9157214 0.28531453 0.055406876 0.9615536 4.1027622e-20 0.4598849 0.016760373 9.252324e-05 1.5826023e-05 0.0017792361 4.983856e-06 0.6982395 0.0001911197 9.436241e-05 0.011217838 3.619113e-06 0.016289622 1.45119775e-05 0.0019644715 4.937515e-05 1.9687823e-05 0.012759511 0.00090118137 0.0004195619 0.005176458 0.005273337 7.3950464e-06 0.00023665607 0.003318245 0.00033412356 0.0006232224 1.7843865e-06 3.4541163e-06 0.00026219856 7.390732e-06 5.864671e-06 0.0005675111 0.00013972525 1.215504e-06 0.0001509032 0.00014499796 2.2711713e-05 2.3764902e-05 0.00021302408 1.4590568e-06 0.00044159213 2.819806e-05 4.2953056e-05 0.00019410237 4.7712714e-05 0.0008543193 7.251305e-05 0.000101808575 9.190365e-06 4.7484613e-05 0.00010311826 1.3745809e-05 2.2007971e-05 3.0330217e-05 1.2221929e-05 3.302682e-05 2.4322796e-06 0.00036735612 9.2640846e-07 3.0695293e-05 7.5251075e-05 8.7772173e-07 2.9510084e-05 5.0672645e-07 1.2549826e-05 1.0601409e-06 2.8218896e-08 3.2517917e-05 3.0957124e-06 4.0020044e-05 0.0012589883 0.0003124432 4.4963035e-06 0.00016127771 1.18207005e-07 9.980033e-08 0.000103537255 3.831852e-06 0.0004035022 8.691666e-08 0.00018309822 0.00011368187 4.8762828e-05 1.1031509e-05 3.7095393e-05 0.0006268746 5.170352e-07
0.0650447 0.10492108 0.016610209 0.3957718 0.32162622 0.00093771185 0.0020615903 1.7393375e-05 0.016105201 0.83178645 0.016690899 0.001269739 0.7641965 0.4598849 3.362015e-21 0.026183207 1.0356357e-05 3.0745198e-06 0.030378686 2.3099705e-07 0.98201865 1.8103807e-06 3.5622834e-06 0.33724743 1.1205861e-07 0.69400084 1.5192379e-06 0.011976516 1.6655057e-06 2.4915512e-06 0.19859432 0.015324393 0.008177103 0.11020097 0.5613383 1.6750312e-06 0.009086743 0.069218844 0.0025578155 0.08378297 1.6865472e-07 4.842365e-07 0.0008367273 0.00016937726 0.00025671165 0.0032361874 0.00084052666 3.2724176e-07 0.0008680406 0.021876708 0.0066887 0.0003492973 0.011823729 1.5505517e-06 0.009295392 6.68205e-07 0.0007299673 0.00065754226 0.009001519 0.00037035195 0.004600607 0.00024657036 0.0050279247 0.004333627 0.0005444992 3.3291772e-06 0.0029626729 0.000668577 9.269246e-07 0.0010679403 5.683673e-07 0.00020221216 0.00065868447 0.0020688018 0.001057076 5.9416143e-05 0.0020912967 1.1995752e-06 0.000432226 6.8907993e-06 5.5257395e-08 0.00034761927 8.288084e-05 0.0007815857 0.0047370363 0.0020699592 2.151244e-06 0.0002624112 1.5491875e-06 2.8819102e-06 0.0049596867 1.941752e-05 0.0021872232 4.305289e-08 0.004087315 0.0004513547 0.0012235062 2.4953595e-05 0.0019553718 0.0012939756 1.2699848e-06
0.7439962 0.66788286 0.2376529 0.19088414 0.20478673 0.07644086 0.78584856 0.11655812 0.044153597 0.03324631 0.0083574485 0.0013331824 0.046508837 0.016760373 0.026183207 9.2325014e-20 0.06592324 0.15110865 0.98286664 0.024570812 0.002940687 0.4349687 0.0029052007 0.18668728 0.008507822 0.025172142 0.00041796983 0.9403655 0.20808168 0.16005135 0.009605068 0.021169268 0.19442564 0.0054463944 0.0019901355 0.04773428 0.041976526 0.000878584 0.1321651 0.00038577704 0.013837479 0.021941133 0.06746191 0.095424235 0.02542731 0.13459377 0.0412506 0.0010548655 0.051266015 9.00621e-05 0.00013459678 0.016372839 0.0001372169 0.00026024968 0.00036063322 0.033715416 1.9387231e-05 0.0126594305 0.011577534 0.013757022 0.00011017186 0.02208082 0.0013256851 0.00016213546 0.014034184 0.003980142 0.002716145 0.008170185 0.00037068356 0.010592856 7.814605e-05 0.015779532 0.015808254 7.3018455e-05 8.6942324e-05 0.0060775084 0.00037485475 0.0015073003 1.692952e-06 1.636848e-05 1.8374963e-06 1.9637848e-05 2.2041704e-07 0.01075353 0.0036857827 0.0013515141 0.00042951232 0.008367756 0.00045501965 0.00025805083 0.00038685097 0.00067985203 0.0070618293 3.8188577e-06 0.00041483348 0.0022778881 6.108518e-05 1.794335e-06 0.00043602224 0.0012146506 3.8991777e-05
0.027402606 0.014031782 0.060761835 0.0068438584 0.0009086765 0.21056531 0.45419237 0.50493944 0.051786814 0.0009648645 0.0060089696 0.011247569 0.00012609757 9.252324e-05 1.0356357e-05 0.06592324 1.7917303e-18 0.9710211 0.013742614 0.93718034 2.5512776e-05 0.6065535 0.3877998 0.005715564 0.55971444 1.8761775e-05 0.15976252 0.023108175 0.12578996 0.20505652 1.701465e-05 8.313464e-05 0.004072705 2.6033222e-05 2.3541686e-06 0.109790236 0.00069939654 9.883015e-07 0.005631384 3.9083115e-08 0.12288262 0.05467196 0.014614092 0.00065052306 0.00034700538 0.0014994341 0.00052869605 0.1471946 7.0072376e-05 2.1474561e-06 1.7377184e-06 3.0132467e-05 5.2878704e-06 0.0040987777 5.3473864e-06 0.0048552677 8.5460647e-07 2.5317471e-05 0.00010347289 0.0010122175 3.8108064e-06 8.190409e-05 1.0888047e-05 6.0332036e-06 0.00013178565 0.0015529811 2.3371897e-06 2.086188e-05 0.0011702628 1.0161172e-05 0.0026446173 2.5861538e-05 4.2666008e-05 1.9908452e-06 1.6032326e-06 5.571884e-06 2.1917299e-07 0.00018215962 1.6883239e-07 2.0080268e-05 3.7002344e-06 9.830308e-07 3.103309e-08 0.0002622926 0.0011359324 0.00010891614 7.5244575e-06 2.6850435e-05 3.369386e-05 2.1960064e-05 5.0486474e-06 3.825158e-05 0.0006181281 0.00015329567 1.6329612e-05 1.1815719e-05 2.2746578e-06 6.0102417e-07 1.2036554e-05 4.191997e-05 8.7566164e-05
0.081087336 0.010843454 0.03457284 0.0023626133 0.00043551959 0.22637847 0.4940385 0.4368289 0.01679278 0.00020095929 0.00032987678 0.0016460299 1.8305518e-05 1.5826023e-05 3.0745198e-06 0.15110865 0.9710211 4.5827755e-22 0.028320227 0.8329845 2.1001426e-06 0.9210475 0.10858344 0.002983823 0.39057755 6.67218e-07 0.045524623 0.055786986 0.4516394 0.6077669 1.7027791e-06 1.984007e-06 0.009291838 3.4883024e-06 9.482107e-08 0.45944077 0.0017874397 4.2507263e-08 0.017625723 2.0118138e-09 0.29692674 0.14866287 0.046821073 0.001304708 0.00010570497 0.003579666 0.0013206427 0.16310668 0.0008578806 1.2413507e-07 4.0012388e-08 6.214377e-05 1.9119452e-07 0.0045658327 2.7714518e-07 0.04306999 2.007338e-08 2.9451156e-05 0.00010463092 0.0025305836 5.8955663e-07 0.0006415286 1.2754456e-06 1.4933597e-06 0.00017187466 0.0037390473 2.0623347e-06 8.816039e-06 0.0023614937 4.926821e-06 0.0030599078 2.963762e-05 7.6632954e-05 1.3175128e-07 4.549641e-07 4.5583074e-06 9.864985e-08 0.00074535765 3.9322316e-08 5.3664317e-06 2.1152541e-06 8.16709e-08 2.5082312e-09 0.0002861311 0.00024227744 6.246731e-05 1.4754078e-05 5.1970226e-05 0.00012802861 4.7056576e-05 1.7472604e-06 9.5560434e-05 0.0005345011 7.55129e-05 5.3427475e-06 1.4764269e-05 3.3631113e-06 3.256883e-08 3.3595823e-06 2.5359397e-05 0.00012424754
0.84228885 0.29812327 0.07819864 0.06783067 0.13167235 0.017472664 0.25636345 0.013837934 0.009236737 0.011365862 0.00071261975 4.9715964e-05 0.009933143 0.0017792361 0.030378686 0.98286664 0.013742614 0.028320227 1.4515347e-19 0.003706081 0.0003967475 0.049003456 7.664896e-05 0.67533123 0.0002516813 0.114892036 1.808649e-05 0.85688823 0.02892177 0.023208758 0.019099217 0.104114555 0.8496244 0.026882485 0.007470105 0.0069787647 0.30743653 0.0017423809 0.101447806 0.0003124897 0.0009753907 0.005269466 0.03653055 0.48344114 0.13884553 0.16294464 0.06581742 1.5801064e-05 0.102521084 0.00028755277 0.00034085088 0.043208618 0.00072434294 4.8640195e-06 0.00082653045 0.004413282 1.5895208e-05 0.027845716 0.10134719 0.0030434472 0.00013682854 0.12710103 0.0110969255 0.0012930031 0.057395097 0.0003719701 0.018868245 0.034511525 6.6334906e-05 0.023387386 4.3358586e-06 0.015338457 0.03206745 5.7845205e-05 4.407809e-05 0.010485043 0.0012360751 0.00022173255 6.2609547e-07 3.012843e-06 1.2466704e-07 5.3205636e-06 6.2673976e-08 0.0054050363 0.046472553 0.014378076 3.541237e-05 0.0040200045 3.6735633e-05 1.5537262e-05 0.00094463077 5.1045725e-05 0.06882318 5.9275436e-07 0.0012732586 0.0039774445 0.0007224123 1.1691856e-07 0.004140823 0.009228114 6.854037e-06
0.0110317785 0.0020942884 0.05096722 0.0023733433 0.00046145867 0.15445991 0.29888692 0.3344944 0.041646484 0.00017136158 0.0028779267 0.01665717 3.1913867e-06 4.983856e-06 2.3099705e-07 0.024570812 0.93718034 0.8329845 0.003706081 1.31928934e-20 3.898793e-06 0.43081307 0.6534436 0.0022577401 0.8661574 2.3302036e-06 0.36433482 0.008704725 0.08896152 0.17683718 5.691628e-06 7.5418216e-06 0.0016558678 9.0239255e-06 9.1282324e-08 0.08721086 0.00044851023 9.73517e-08 0.0030931523 3.4394472e-09 0.124774806 0.05354046 0.0035264713 0.00016011942 1.4831499e-05 0.0018458858 6.522382e-05 0.22573218 1.0775461e-05 6.304965e-07 2.3489712e-07 2.6387975e-06 4.4094463e-08 0.018080741 3.4498606e-07 0.0070230747 7.49786e-08 1.1932548e-05 3.5146713e-05 0.001166123 2.3391172e-07 2.2357422e-05 1.8189888e-06 1.545558e-07 6.412811e-05 0.0020935035 6.6547426e-07 1.0085415e-05 0.00081487227 4.3262553e-06 0.005482177 8.266767e-06 3.8100654e-06 8.218548e-08 1.7816376e-07 4.9218454e-07 9.6197894e-08 8.65511e-05 2.457285e-08 2.8257016e-05 4.922834e-06 5.189457e-08 3.3116865e-09 5.686357e-05 0.00070690556 6.318925e-05 4.623798e-06 9.480227e-06 1.778382e-05 1.0719162e-05 1.2034918e-06 2.0938101e-05 0.00028476532 0.0001314035 6.5014815e-06 1.9789644e-05 4.4183453e-06 2.5755799e-07 7.5153353e-06 3.259591e-05 0.0002341335
0.0052678427 0.012224425 0.0073818713 0.21269359 0.06505203 0.0004102821 0.0002375148 3.1406178e-06 0.010583677 0.6031221 0.011975807 0.0015968054 0.7891934 0.6982395 0.98201865 0.002940687 2.5512776e-05 2.1001426e-06 0.0003967475 3.898793e-06 2.5274038e-15 7.2716407e-06 8.236097e-05 0.013335793 1.6293511e-06 0.44884184 7.928349e-06 0.0010581053 1.38462765e-05 2.6326354e-05 0.16334493 0.0016602085 0.0008871057 0.009591375 0.619932 1.2027947e-05 0.00047133313 0.09427139 0.0005220711 0.118890494 1.863053e-05 1.7871464e-05 0.0015685562 0.0001313117 8.126131e-06 0.0014848746 0.00012468958 2.502367e-06 0.0018787893 0.12047762 0.028600147 0.0005967802 0.008520654 1.0223702e-05 0.034048416 1.9398089e-05 0.005775252 0.0018962309 0.0004935691 0.0077741565 0.0044114427 7.891481e-05 0.0012574566 0.0018354089 0.00036550386 3.076613e-05 0.0006817404 0.00088535785 0.00092324667 0.0007505548 1.9520663e-05 0.0015238133 1.2434279e-05 0.0028744445 0.0011331484 8.133373e-06 0.0014639791 5.0965104e-06 0.007721559 9.645309e-06 9.186338e-07 0.000834091 0.00096742454 0.015346798 0.0012111048 0.00051310536 4.2425927e-05 0.0027175571 1.3469552e-06 1.5734561e-06 0.0020929608 8.83568e-05 0.0003838738 1.1864928e-05 0.0029195335 0.0011308553 0.00057098956 0.00042868982 0.0010999795 0.0017110682 5.161669e-06
0.6516575 0.023933856 0.026920673 0.005248079 0.0003939807 0.08829051 0.62975323 0.16044103 0.010066865 0.0003847492 0.001025188 0.0008875563 0.00044558218 0.0001911197 1.8103807e-06 0.4349687 0.6065535 0.9210475 0.049003456 0.43081307 7.2716407e-06 2.5233103e-22 0.020297877 0.013734548 0.121558875 3.071144e-06 0.009165525 0.29893938 0.9335817 0.9277445 2.1025933e-06 4.329089e-05 0.03432705 5.5292057e-05 2.9028143e-07 0.7291519 0.004753065 7.3658086e-08 0.114832506 1.0168272e-08 0.3983957 0.3648128 0.2914875 0.004974203 0.00042068798 0.023429237 0.008641309 0.06780007 0.0019370979 2.2195911e-06 5.544493e-07 0.00046100144 1.0133103e-06 0.0026544621 3.3520676e-06 0.08558343 2.6663568e-07 0.00037771574 0.0016364157 0.01536616 1.2943083e-06 0.00097542646 9.266899e-06 3.8078347e-06 0.0005395174 0.0064651943 2.4847328e-05 0.00016255736 0.0019749496 0.0001493206 0.0021708799 0.00018710255 0.0005592743 5.117045e-07 1.688963e-07 4.0980816e-05 2.081369e-07 0.00069436483 9.273003e-07 1.917658e-06 2.9370486e-07 6.101204e-09 7.7023586e-08 0.0045920727 0.0011291474 0.00020821621 2.4799767e-05 0.00019520838 0.00010730295 4.9254984e-05 1.0371716e-05 7.420957e-05 0.0016554993 6.2982705e-05 2.3604982e-05 0.00018572512 7.0864608e-06 6.806583e-08 2.402026e-05 0.0001401459 6.4123764e-05
0.0006421207 0.0011779732 0.08406325 0.0028890031 0.00040111327 0.2575415 0.037932675 0.16606146 0.199104 0.004143983 0.014628887 0.38263947 3.8223647e-05 9.436241e-05 3.5622834e-06 0.0029052007 0.3877998 0.10858344 7.664896e-05 0.6534436 8.236097e-05 0.020297877 8.543127e-21 0.00011578451 0.94239247 1.6879923e-05 0.89378023 0.0007558095 0.0024149416 0.00590704 2.5545207e-05 2.7720122e-07 4.6714135e-06 2.596698e-06 2.5370545e-07 0.0020351368 1.8102081e-06 6.1679214e-07 0.0001520415 1.5541188e-07 0.002593466 0.0013802737 0.0003724651 8.3413704e-07 4.94784e-08 0.00063937705 1.0626406e-05 0.06515738 8.970957e-06 2.6169255e-07 7.183099e-08 7.264453e-06 3.9889937e-06 0.0004324521 7.329372e-06 5.720946e-05 2.2758088e-07 6.8573395e-06 4.6417267e-06 0.00014610676 2.3267985e-05 1.8862278e-05 4.4957806e-06 8.209931e-06 4.9175524e-05 1.7105762e-05 1.17310584e-07 5.6986723e-06 6.0777547e-05 2.6379684e-07 6.5666274e-05 2.392115e-06 7.672798e-08 9.233262e-06 5.6687736e-06 2.1068244e-08 8.552835e-08 3.7818447e-07 7.1041136e-08 2.8073986e-05 2.773247e-07 7.658013e-07 4.0197506e-08 1.15074745e-05 0.00056492887 3.2872784e-05 1.3621737e-06 5.1536317e-06 9.243178e-07 1.4544321e-06 1.4567191e-05 1.8823122e-05 0.00012807318 6.0574407e-06 0.00015771038 1.8626783e-05 8.263299e-06 3.1015767e-07 1.5778942e-05 0.00010862435 3.1411495e-05
0.94808906 0.5268023 0.23140159 0.4903364 0.7828134 0.023124505 0.3318903 0.007834614 0.03721634 0.20452988 0.0011017601 0.00012140687 0.058653325 0.011217838 0.33724743 0.18668728 0.005715564 0.002983823 0.67533123 0.0022577401 0.013335793 0.013734548 0.00011578451 3.4069878e-18 0.00021743971 0.8908682 1.086105e-05 0.19078818 0.012397029 0.0036888805 0.58438134 0.9031764 0.7019707 0.63487995 0.15119939 0.0012122043 0.86312705 0.119116 0.025787989 0.02420321 0.0001008239 0.000413098 0.0029368417 0.22893238 0.3236393 0.033447962 0.01359109 4.7359767e-06 0.012973602 0.00073366903 0.0024794214 0.018477317 0.022629691 1.565633e-05 0.009644027 0.00012588827 0.00097512087 0.0150419725 0.25737113 0.00027221546 0.0053609437 0.1961364 0.08059907 0.020932661 0.053382438 3.59569e-05 0.11268751 0.022266986 0.00058742124 0.0058505055 4.5344368e-05 0.002631007 0.025743889 0.0011430753 0.0026901495 0.00525236 0.018696927 8.484437e-05 0.00016210994 0.00012369506 7.87442e-06 0.00036518992 1.5953252e-05 0.0010712004 0.08613087 0.07072042 8.085354e-06 0.0051802085 2.0743807e-06 3.1462985e-06 0.013707508 0.00021581836 0.07662343 1.4637769e-05 0.01520226 0.0013765482 0.006042939 4.5539342e-05 0.02872791 0.046154827 6.024878e-06
0.0009926135 0.00069538807 0.013320763 0.00044826997 0.00015117473 0.059961304 0.04099254 0.09012599 0.009936137 0.00028148718 0.00020789776 0.0059101223 1.5553161e-06 3.619113e-06 1.1205861e-07 0.008507822 0.55971444 0.39057755 0.0002516813 0.8661574 1.6293511e-06 0.121558875 0.94239247 0.00021743971 6.285778e-18 7.688891e-06 0.7929943 0.002647175 0.02465017 0.054745838 3.5270845e-05 4.6030817e-07 2.1656417e-05 6.307681e-06 1.4789197e-07 0.027649209 3.0052927e-06 1.183414e-06 0.00036224263 1.7858165e-08 0.08260085 0.021821696 0.0010372509 4.8639636e-06 5.107407e-07 0.0012556141 5.79955e-05 0.350293 2.7274204e-05 3.484643e-07 1.2107093e-07 2.3327175e-05 1.643959e-06 0.011433129 2.813586e-06 0.0024787392 1.10015144e-07 5.150858e-05 6.0705106e-06 0.00096099457 3.5851729e-06 3.8154525e-05 3.0390715e-06 9.861685e-06 7.688309e-05 0.0005240564 1.2177206e-07 2.6667998e-05 0.0008213801 4.4299272e-06 0.0019249399 2.1185093e-05 5.3448216e-06 9.451254e-07 2.1006092e-06 8.8737295e-07 2.1667304e-07 5.897693e-05 1.2136638e-07 7.051301e-05 2.2229913e-06 2.4206065e-07 1.0660836e-07 5.697817e-05 0.00015027016 3.0503334e-05 1.2039793e-05 3.7826063e-05 3.711436e-05 5.069459e-05 3.416845e-06 7.7983816e-05 0.00013329841 4.532591e-05 2.7812273e-05 9.962294e-05 3.2108421e-06 2.0116067e-07 1.8855742e-06 8.0376994e-05 0.00031460344
0.6290576 0.12764166 0.011742707 0.15311077 0.45024046 0.0025451344 0.003246419 2.135294e-05 0.0029724804 0.050938576 0.0017681383 3.8374677e-05 0.08751145 0.016289622 0.69400084 0.025172142 1.8761775e-05 6.67218e-07 0.114892036 2.3302036e-06 0.44884184 3.071144e-06 1.6879923e-05 0.8908682 7.688891e-06 4.5992405e-21 1.4723718e-05 0.008555728 1.914223e-06 6.741935e-06 0.9636075 0.3682125 0.106486574 0.80923647 0.81839865 1.349945e-06 0.18290015 0.6127391 0.0017243673 0.25722843 2.5629063e-06 7.36888e-06 2.1280548e-05 0.011179053 0.03527548 0.0025822008 0.0010299325 2.5906502e-06 0.00082540716 0.09275698 0.016153479 0.00090715906 0.05599107 2.8156878e-06 0.022953829 1.4778932e-07 0.0014956909 0.0014025847 0.08851568 3.3105957e-06 0.0058963746 0.02221761 0.043831524 0.019172817 0.0028750175 5.171575e-07 0.0406373 0.0022944496 8.853527e-07 0.0013226001 6.345169e-07 0.0006593711 0.004119797 0.0017806798 0.004510367 0.00046033037 0.022591481 2.9857338e-07 6.810964e-05 2.9780263e-06 3.524796e-08 0.00089314464 1.8159062e-05 1.0685021e-05 0.012188385 0.028444652 2.2890813e-06 7.777408e-05 8.994927e-06 6.62271e-06 0.009525572 1.7395001e-05 0.010371233 1.0634461e-06 0.0118143335 1.1574293e-05 0.012940874 3.5354635e-05 0.012518592 0.015385794 7.1043783e-06
1.3863835e-05 0.000116737916 0.007307914 0.00021443966 2.4673676e-05 0.026360752 0.0041366 0.014228936 0.016293272 0.00021125929 0.0012856347 0.019615207 3.5977014e-06 1.45119775e-05 1.5192379e-06 0.00041796983 0.15976252 0.045524623 1.808649e-05 0.36433482 7.928349e-06 0.009165525 0.89378023 1.086105e-05 0.7929943 1.4723718e-05 2.5416988e-19 0.0001046368 0.0016588419 0.0050583975 3.2610542e-06 1.497058e-07 5.8723385e-06 2.001216e-06 7.657239e-07 0.0014231023 1.1746649e-06 1.0848013e-06 6.746511e-05 3.273992e-08 0.012921359 0.0022620633 6.5242486e-05 3.3001143e-06 2.0685876e-07 6.878255e-05 3.7464947e-06 0.14365967 6.137747e-06 4.6774608e-07 5.0486232e-08 8.715323e-06 2.4988258e-06 0.0025877256 7.0070537e-06 0.0002382362 5.491778e-07 1.220618e-05 1.5861236e-06 6.5384564e-05 4.735566e-06 1.6245978e-05 3.6511974e-06 2.483919e-06 8.599911e-05 4.9216433e-05 1.5291201e-07 6.2248137e-06 0.00069302553 7.9925326e-07 0.0007010817 8.895654e-06 1.8004553e-07 7.888403e-07 1.0338125e-06 9.124734e-08 2.644992e-07 2.1883756e-05 1.2443109e-08 5.8050227e-05 1.0839998e-06 1.739324e-07 3.4140434e-08 1.680698e-05 8.273002e-05 2.54322e-05 3.628591e-05 1.5507847e-05 3.472952e-05 3.1504136e-05 5.092876e-06 2.0643092e-05 6.263703e-05 5.115528e-05 2.482452e-05 2.1055783e-05 1.9554936e-06 3.726331e-07 4.8254497e-06 5.4472952e-05 0.000112249596
0.84528494 0.16386369 0.056234524 0.059988573 0.04824922 0.021971876 0.4982924 0.023522718 0.015788624 0.007854832 0.0029467426 0.000113390066 0.012216534 0.0019644715 0.011976516 0.9403655 0.023108175 0.055786986 0.85688823 0.008704725 0.0010581053 0.29893938 0.0007558095 0.19078818 0.002647175 0.008555728 0.0001046368 1.1780209e-18 0.24323794 0.13140847 0.0015418653 0.0045761247 0.5367759 0.0017982222 0.00040374394 0.0676817 0.04322625 0.00026477946 0.9203363 1.780337e-05 0.005797256 0.016073707 0.87150955 0.5041421 0.014436478 0.74702823 0.49429137 0.00021672114 0.6002618 0.00020069555 8.2661085e-05 0.24239646 0.00012128223 8.291642e-05 0.00033702346 0.08141992 4.1869766e-06 0.10845501 0.027743347 0.038299568 6.250968e-05 0.11170755 0.0013472866 0.00043678842 0.072957695 0.008457701 0.0027991766 0.06453524 0.0009763493 0.07527264 6.901391e-05 0.08130283 0.041848857 6.528051e-05 2.522413e-05 0.02206157 4.027554e-05 0.0019190846 7.2775197e-07 1.0833265e-05 4.6437214e-07 5.760553e-06 8.371314e-08 0.03667701 0.014685876 0.004370287 0.0011229997 0.007820894 0.00059241423 0.00030557066 0.0003462406 0.0014445994 0.024667118 4.7390536e-06 0.00033324302 0.005930705 6.432485e-05 3.6256196e-07 0.00065837457 0.0021287622 3.2274034e-05
0.73749745 0.012181628 0.011585591 0.0017970119 0.00011730329 0.02321921 0.3664862 0.025948785 0.004260378 0.00018093539 0.00078916387 0.0003547017 0.0001714639 4.937515e-05 1.6655057e-06 0.20808168 0.12578996 0.4516394 0.02892177 0.08896152 1.38462765e-05 0.9335817 0.0024149416 0.012397029 0.02465017 1.914223e-06 0.0016588419 0.24323794 1.8180478e-22 0.92777586 4.2049724e-06 0.000119307224 0.058211114 3.348312e-05 7.652939e-07 0.955035 0.003854408 2.760152e-07 0.18785015 3.044836e-08 0.2933754 0.2728222 0.5175543 0.015457204 0.00034384837 0.15225044 0.04681812 0.02741112 0.018524988 3.1108145e-06 2.0609996e-06 0.0028129744 1.3264254e-06 0.0015638147 4.328212e-06 0.30910695 1.2013853e-06 0.002250576 0.0032545656 0.09581457 1.7501904e-06 0.004462484 1.0561242e-05 2.2468498e-06 0.0031763448 0.030683551 2.4126743e-05 0.0020529882 0.02935373 0.004230502 0.005511843 0.005365125 0.0035662863 9.73758e-07 1.1825233e-07 0.0010698726 9.811112e-08 0.0050417194 5.556959e-07 3.8459034e-06 4.5538295e-07 1.7407652e-08 2.2409658e-07 0.02709611 0.0017438139 0.00015697136 0.00014559463 0.0025762694 0.00043978725 0.00015719925 5.077077e-06 0.00015382037 0.0050526774 0.00013103522 1.12583375e-05 0.0020692875 2.6486507e-06 2.8399183e-08 2.5063568e-05 7.2382056e-05 0.00021268001
0.16072358 0.0043449034 0.0032398824 0.0009703476 0.00019671918 0.01790269 0.107385345 0.020652503 0.002873451 0.00012667285 0.0002942756 0.00026283748 7.547035e-05 1.9687823e-05 2.4915512e-06 0.16005135 0.20505652 0.6077669 0.023208758 0.17683718 2.6326354e-05 0.9277445 0.00590704 0.0036888805 0.054745838 6.741935e-06 0.0050583975 0.13140847 0.92777586 7.783232e-22 5.375498e-06 8.5033635e-06 0.014399916 9.1728625e-06 1.0634876e-06 0.9603805 0.0015882823 1.826102e-07 0.06860893 2.2013312e-08 0.63175 0.7071799 0.15872784 0.0042422493 0.0007618449 0.01390712 0.007075764 0.08854384 0.0021343862 7.66308e-06 1.3654383e-06 0.0013513608 5.991013e-07 0.0083851265 8.733453e-06 0.24179803 4.2946868e-07 0.001074828 0.0006713887 0.0683631 2.114901e-06 0.0014422426 9.816945e-06 1.5531803e-06 0.00083444425 0.045628276 4.192011e-06 0.00047983037 0.06591156 0.00038519784 0.009625163 0.0011548164 0.0010283964 4.5810972e-07 4.801759e-07 0.00023623485 3.3186103e-07 0.005400051 8.62372e-07 2.71008e-05 3.8006442e-06 2.5421395e-08 2.4798242e-08 0.016262054 0.0031491686 0.00046277972 0.0005804273 0.0010458009 0.00079779344 0.00030950631 7.8274215e-06 0.0015571387 0.0022475927 0.00020965304 6.922366e-05 0.0019701575 1.6240937e-06 3.1810933e-07 2.6792959e-05 0.0001481778 0.0002997456
0.4730587 0.021216359 0.0032045485 0.025554657 0.065351084 0.0002230377 0.0011768505 1.4357097e-05 0.0031763355 0.009744145 0.0014931072 4.153152e-05 0.030672953 0.012759511 0.19859432 0.009605068 1.701465e-05 1.7027791e-06 0.019099217 5.691628e-06 0.16334493 2.1025933e-06 2.5545207e-05 0.58438134 3.5270845e-05 0.9636075 3.2610542e-06 0.0015418653 4.2049724e-06 5.375498e-06 9.600836e-19 0.3858999 0.046073213 0.81860083 0.74112517 1.4461797e-05 0.083494835 0.89516616 0.00048858003 0.55477685 1.6850368e-06 1.2628971e-05 7.3576266e-05 0.0057014446 0.04906164 0.0014070211 0.0005950693 2.6402688e-07 0.0007180802 0.11953364 0.049975544 0.0006441165 0.40403962 6.981873e-06 0.1067738 3.795969e-07 0.015707351 0.0014270701 0.11313729 2.1630989e-05 0.093623236 0.0062139393 0.18268429 0.12355508 0.002740175 3.0598957e-07 0.11867026 0.0022835901 1.1053193e-05 0.00064992654 8.613831e-07 0.0017772258 0.0025002323 0.04504607 0.028777555 0.00044714723 0.070062496 5.6971857e-07 0.0012849262 5.2557543e-06 5.865784e-08 0.005576591 0.0022481456 2.2687489e-05 0.017835056 0.031276632 3.7136647e-06 9.310932e-05 3.662591e-06 4.353672e-06 0.02656027 3.140871e-05 0.00820086 4.485342e-07 0.018293975 1.41654955e-05 0.015796803 0.0010266737 0.02908612 0.030546378 2.4164633e-06
