6.261619e-29 0.85472035 0.9635143 0.84143114 0.5948278 0.63307637 0.62336385 0.45372987 0.89142805 0.9325243 0.11463769 0.6641171 0.793035 0.39434278 0.94939286 0.34203315 0.8919267 0.86829036 0.8271939 0.41045544 0.97043896 0.2173095 0.9634826 0.888194 0.89243895 0.8077812 0.12699601 0.34817332 0.71251565 0.6875542 0.9324468 0.99167323 0.6808841 0.49367934 0.6528642 0.4983173 0.88709843 0.37829167 0.99435693 0.0035167835 0.08677775 0.33983922 0.30206448 0.20142266 0.025451977 0.9972953 0.0012073005 0.47305208 0.69415885 0.38353914 0.017606966 0.99573785 0.016009232 0.0003747463 0.6922231 0.22856262 0.023080368 0.023303634 0.013134113 0.1030033 0.00048122305 0.45378032 0.95848054 0.00048335557 0.00045115518 0.00026917263 0.94940615 0.9973115 0.0003486656 0.007805857 0.9998595 0.0005181506 0.004499828 0.001342915 0.76737136 0.002102457 0.02751217 0.9889515 0.0006308421 0.0009789772 0.99994475 0.36742118 5.331024e-05 0.37485388 0.5601255 0.00025040287 0.9997401 0.0012033376 0.55613023 0.99453634 7.765442e-06 0.000409841 0.00852491 0.28723216 0.00064636185 0.9301138 1.4761721e-05 1.1798575e-06 0.00037355185 0.74546844 0.9988799
0.85472035 1.9759868e-16 0.9461368 0.71614563 0.54761344 0.87553203 0.7620701 0.32435593 0.39473018 0.23855217 0.555333 0.12387092 0.33214968 0.49192378 0.022406686 0.17813802 0.004827473 0.021061063 0.022242574 0.024736997 0.101155125 0.110539205 0.0054505956 0.13237245 0.00015565255 0.012025638 0.16944829 0.014747588 0.00019249949 0.0050578117 0.005883475 0.07697065 0.00018841647 2.103483e-05 5.6899753e-05 6.567679e-05 0.001454507 6.513751e-06 0.02314664 0.014046315 0.0003823564 0.00015949456 9.555032e-07 0.0002901017 0.0035996563 0.005140965 0.007911239 4.425896e-07 0.00024191912 2.3387684e-06 5.019102e-05 0.10258687 0.00067858107 0.002531081 5.2206705e-08 1.3337985e-05 3.113562e-05 4.0270348e-07 2.7768647e-07 5.909251e-07 0.0002638619 0.00022196273 0.015855785 4.3703676e-05 0.00033490098 9.181591e-05 0.00017203423 0.00042505123 0.00010292588 0.007990171 0.008708337 0.00015223157 9.4646396e-07 2.213268e-05 0.00022213363 4.1867276e-07 3.047164e-07 0.0017409556 2.3264379e-06 1.353878e-05 0.00035259294 0.0014389283 6.686758e-06 0.0018941244 0.0011528488 0.00034355596 0.007108781 2.7367e-06 7.062412e-05 0.0011001084 2.550953e-06 4.1178832e-06 1.8481694e-06 1.52095e-06 3.61186e-05 2.6693491e-05 1.4790834e-05 6.2945446e-06 1.4574811e-06 4.2896812e-05 0.00019729878
0.9635143 0.9461368 3.6984254e-15 0.87493074 0.16680197 0.41707292 0.2790922 0.06337553 0.076778896 0.8011915 0.16822095 0.2777044 0.05063049 0.26145238 0.004371273 0.17738049 0.0050721844 0.021592151 0.11966909 0.0034154577 0.3067246 0.018559685 0.0064422586 0.38431424 4.725003e-05 0.015740955 0.05093214 0.03193712 0.00013879241 0.041286774 0.013520956 0.33578283 8.132058e-05 6.456155e-06 4.924543e-06 2.1848264e-05 0.006650432 4.8152533e-06 0.110859536 0.009292928 2.131394e-05 0.00066572183 9.13138e-07 0.00088164426 0.0099451095 0.015958412 0.003062744 4.5099793e-07 0.0011508096 1.8103807e-06 6.3446396e-06 0.4237747 0.00017355454 0.0011504606 1.712048e-07 4.2051124e-06 0.00015717855 2.4453534e-06 7.1487074e-07 2.070981e-06 0.00011692431 0.00039098784 0.11332357 0.0001954789 7.847756e-05 0.0004457084 0.00096962653 0.0037622505 0.0003695609 0.0058918777 0.14887604 5.3754393e-05 1.4875064e-06 1.6126487e-05 0.0042838985 4.40023e-06 6.533532e-07 0.014138254 2.5837073e-06 2.6565776e-05 0.0035560385 0.0065140775 4.6461378e-06 0.0049411166 0.0036259552 0.00070383836 0.05274617 2.5713134e-06 4.1383806e-05 0.0050922986 3.2278697e-06 4.2870533e-06 1.2202537e-05 1.6929279e-06 0.00014313807 6.960761e-05 3.1032823e-06 3.5833746e-06 1.1135629e-06 2.0760166e-05 0.0004607516
0.84143114 0.71614563 0.87493074 2.271425e-16 0.023538815 0.51978266 0.2025297 0.011060257 0.011128364 0.6937741 0.44059712 0.91210496 0.04321604 0.64657795 0.0009836277 0.9217201 0.000396679 0.0027847278 0.35613623 0.0029927872 0.2355285 0.05411691 0.0003855321 0.034732167 2.6254422e-05 0.0015065623 0.17559338 0.15507445 0.00021732009 0.07668637 0.0009212589 0.05063304 0.00028327803 8.6451124e-05 4.7449303e-05 2.7245633e-05 0.0075901835 9.240733e-06 0.0070202514 0.0733007 3.838079e-05 0.0016447526 9.837885e-07 0.0028894038 0.041684788 0.001329813 0.00796734 2.0615735e-06 0.00010190863 6.299409e-06 3.4357923e-05 0.21226726 0.00025519409 0.0021847694 1.0715736e-07 4.1560244e-05 0.0002355952 6.351529e-06 1.7796467e-06 4.3706864e-06 0.000903591 0.0011764487 0.08104582 0.0005722188 0.00027345167 0.000584645 0.00013161181 0.0002387614 0.00035119336 0.016768157 0.009997634 0.00016549877 1.9485453e-05 0.00013880419 0.00145747 2.6340043e-05 3.0440765e-07 0.01035942 2.6349539e-05 2.3963743e-05 0.00059191306 0.0042572 6.971723e-05 0.0029016577 0.0024787723 0.0010003748 0.023768984 9.612453e-06 2.1382252e-06 0.0025759095 3.1034822e-05 2.1111116e-05 1.1363282e-05 5.6879134e-07 0.00031791537 1.4391087e-06 4.2963584e-05 3.1322474e-05 3.9810548e-06 9.530497e-07 8.352093e-05
0.5948278 0.54761344 0.16680197 0.023538815 7.594977e-18 0.21863669 0.327434 0.9696242 0.9409446 0.018546937 0.043081015 0.0040565324 0.2942944 0.019386476 0.49843898 0.0044817016 0.5535064 0.5551502 0.0013243874 0.082103364 0.017842948 0.07181592 0.05710461 0.40522432 0.035808485 0.13831997 0.045865502 0.00084836513 0.015831988 0.0010920196 0.060979147 0.097303174 0.004940782 0.0013674538 0.0048433105 0.0018148598 0.00030924488 0.001052243 0.14694145 0.0010497354 0.031438656 1.3025805e-05 0.00079875154 5.2846914e-05 0.00036636408 0.060996797 0.0048666717 0.00010033557 0.02253785 0.00040061306 0.0024375895 0.03659265 0.008131796 0.0021226401 3.309912e-05 0.0028597736 8.583175e-06 0.000486896 0.00012563808 0.00012463526 0.00093880796 1.7783583e-05 0.0033095225 1.09717785e-05 0.0011308958 3.610779e-05 0.0053435327 0.008355551 2.3731e-05 0.0014270403 0.008193254 0.0016845566 0.0006787662 0.0003893794 0.00020906107 0.00033833398 1.5770481e-06 0.00086746004 0.00028933169 0.00028790813 0.0030329335 0.00021571569 0.00016291943 0.00018897922 0.00012605681 0.0002496189 0.0033726126 0.0001919951 0.0008840291 0.00075943436 4.156877e-05 9.584091e-05 5.4419364e-05 0.00012199204 1.1415724e-05 0.0010867072 9.790397e-05 8.201109e-05 4.6020283e-05 0.0002990726 0.0025598593
0.63307637 0.87553203 0.41707292 0.51978266 0.21863669 9.502567e-19 0.9419216 0.12529351 0.20088547 0.045656744 0.86003053 0.013663238 0.66957605 0.6612725 0.013390018 0.11462583 0.0039585307 0.018594485 0.0040464094 0.055855032 0.026193228 0.3282789 0.0013980515 0.04124061 0.00036383347 0.0027069405 0.3719435 0.0020646174 0.00014120534 0.0014816431 0.0016822834 0.019970942 0.00029874648 3.5076024e-05 6.663099e-05 2.8162745e-05 0.0007272029 6.9069447e-06 0.002942992 0.023863517 0.0018700078 4.9253576e-05 5.646255e-07 0.00010382251 0.0011122352 0.0012990538 0.015499746 4.4848113e-07 6.920161e-05 8.623892e-07 0.00023941646 0.022031857 0.0033129647 0.0051356284 3.3222835e-07 1.520549e-05 1.1973198e-05 5.4592384e-08 4.9930705e-08 3.2915102e-07 0.0008968123 2.033034e-05 0.002469311 3.2334014e-05 0.00053763366 5.269996e-05 0.00010617295 0.00021526437 4.088389e-05 0.0053603686 0.001806124 0.00026458813 8.79663e-06 5.1417755e-06 3.8959257e-05 4.0700015e-06 5.7051807e-08 0.00022962573 3.6373218e-05 6.4061323e-06 0.00010150514 9.753102e-05 1.9489578e-05 0.00020865294 0.00020518663 5.899555e-05 0.0026697554 5.3758363e-06 3.590425e-06 0.0003606733 9.405958e-06 1.5502848e-05 2.4655576e-06 6.901199e-07 7.726872e-06 1.2032651e-05 0.00015317394 1.09072835e-05 4.974579e-07 9.98597e-07 0.00035402074
0.62336385 0.7620701 0.2790922 0.2025297 0.327434 0.9419216 2.9443194e-19 0.19398841 0.4021432 0.02513167 0.71552134 0.0066573867 0.8415282 0.41546997 0.07576931 0.034713324 0.03466658 0.055964977 0.0025428212 0.15012553 0.023446584 0.39227518 0.008536413 0.08636523 0.007128258 0.013724755 0.28995386 0.0005537826 0.0019839068 0.0010764123 0.009122817 0.0389934 0.0010799248 0.00014111704 0.00040937655 0.00032740866 0.00039571457 6.2305124e-05 0.011456966 0.01270756 0.012097443 1.8319017e-05 9.04827e-06 3.8078695e-05 0.00025286598 0.0053399666 0.019560529 3.664871e-05 0.0012196256 7.645058e-06 0.0007529669 0.018300807 0.016257418 0.0080287075 6.1400765e-06 0.00018868512 5.1820193e-06 1.3675717e-06 5.617891e-07 1.2359105e-06 0.0016940618 1.7769697e-05 0.0017868899 2.1874033e-05 0.0010576927 2.5610041e-05 0.00071844837 0.00106197 1.1266296e-05 0.0034838775 0.0020524685 0.0007593261 4.150024e-05 2.0099733e-05 6.238908e-05 1.0638848e-05 1.4712417e-07 0.00025381788 9.6587435e-05 1.6316051e-05 0.000910756 0.00013409877 5.269086e-05 5.2761716e-05 4.755209e-05 0.0001014788 0.0028442973 1.891093e-05 6.715584e-05 0.00035607652 1.3069882e-05 3.272945e-05 1.7379214e-05 5.9937593e-06 1.3783957e-05 0.00023735585 0.00029184495 2.738717e-05 4.243064e-06 1.4864522e-05 0.0012689666
0.45372987 0.32435593 0.06337553 0.011060257 0.9696242 0.12529351 0.19398841 4.369403e-19 0.9420166 0.008393955 0.028470496 0.0011100408 0.26901188 0.0089453375 0.61849964 0.0009583502 0.5688668 0.46811825 0.00044596693 0.099138536 0.006311246 0.06546511 0.046556383 0.24304917 0.04856095 0.10742368 0.03196091 8.958582e-05 0.018261876 0.00060065545 0.046366923 0.07737014 0.004593203 0.0015231901 0.003832969 0.0024373457 0.0002074559 0.00084354164 0.10505972 0.00087407813 0.031688586 6.096444e-06 0.00047071566 1.0718272e-05 9.677442e-05 0.055130128 0.0044445987 0.00015912279 0.020288946 0.00057012716 0.0024310905 0.022950113 0.007560698 0.0014353985 6.4017695e-05 0.0033544232 4.310943e-06 0.0005923089 0.00011235465 0.0002472839 0.0015776732 9.289896e-06 0.0020514147 1.0325154e-05 0.00089078286 1.29802465e-05 0.004866175 0.009050554 4.401514e-06 0.0006008548 0.007219292 0.0015107759 0.00065574306 0.00028479795 7.784844e-05 0.00041007577 2.405452e-06 0.00046334387 0.0004309562 0.00014796274 0.0033716785 0.00014074123 0.00033254334 4.707951e-05 3.893114e-05 0.0001217294 0.0027412307 8.943917e-05 0.0007908523 0.00050562224 0.00011709862 9.9785546e-05 3.634021e-05 0.00014413532 5.3538415e-06 0.0013247991 5.9739494e-05 9.975671e-05 1.5558806e-05 0.0003955159 0.0035393129
0.89142805 0.39473018 0.076778896 0.011128364 0.9409446 0.20088547 0.4021432 0.9420166 1.6985388e-18 0.017665345 0.052246206 0.001265925 0.71717274 0.022803519 0.8965118 0.0011776363 0.5532464 0.29997408 0.00073162524 0.5456084 0.022953516 0.30316037 0.06310235 0.22263806 0.14393143 0.09370439 0.087426476 6.819043e-05 0.015836617 0.0006988131 0.062025897 0.12091155 0.010184064 0.0033852556 0.0069944994 0.005558584 0.00067785644 0.0020537989 0.10550449 0.001204086 0.124415666 7.5299995e-06 0.0002866238 1.6080674e-05 8.1022314e-05 0.05378037 0.00688806 0.0006642033 0.011638764 0.00046917822 0.019144705 0.03607022 0.07837692 0.0019714627 0.00012559243 0.007369389 3.1188113e-06 0.00024209406 4.685479e-05 0.00021360528 0.0026398476 2.47226e-05 0.002323695 5.3357944e-05 0.006979231 0.00010016329 0.0047452836 0.006805254 4.62384e-05 0.0006685483 0.010868875 0.009228232 0.0026206484 0.00022114294 8.884451e-05 0.0010069039 6.1113233e-06 0.00038365385 0.0041990275 7.7264645e-05 0.0045103887 0.00025956336 0.000671511 0.00018821713 0.00014333014 3.9825907e-05 0.0040463535 0.00030749303 0.00042835 0.00089536636 0.00033660975 0.0007573221 3.4338987e-05 2.8502682e-05 4.7123513e-06 0.0013543224 0.0013700769 0.000341004 1.097384e-05 0.00026563258 0.0052800626
0.9325243 0.23855217 0.8011915 0.6937741 0.018546937 0.045656744 0.02513167 0.008393955 0.017665345 1.3335411e-15 0.023984553 0.77875525 0.012470727 0.059574805 0.00033917054 0.21593711 0.00040688764 0.00402589 0.7504072 0.00028806383 0.9336743 0.0060032653 0.0004527882 0.14657356 3.8865646e-06 0.0041675726 0.02080501 0.19927204 3.3342338e-05 0.31388557 0.002364837 0.337379 4.725922e-05 5.1039183e-06 5.691085e-06 1.3888596e-05 0.03982181 1.969683e-06 0.10682361 0.0086342245 1.0861668e-06 0.007722516 3.1883522e-07 0.0064896042 0.03689029 0.0073423637 0.0015041482 1.9571569e-07 0.00041185808 9.394344e-07 1.7827145e-06 0.5544014 8.8134526e-05 0.00044705984 5.1071e-09 1.9332701e-06 0.00044000562 4.1094856e-07 1.8737761e-07 8.08582e-07 1.2218701e-05 0.0017900736 0.37421688 0.0007192501 5.040599e-06 0.0018897381 0.00034020084 0.0032666994 0.0015239412 0.011272526 0.23438796 5.601645e-06 1.4324992e-06 5.057399e-06 0.010092122 1.6321426e-06 1.8879103e-07 0.04403041 3.4663885e-06 6.197223e-06 0.0067835473 0.019325508 3.036441e-06 0.008752781 0.005747905 0.001808474 0.15214008 1.1080015e-06 2.8306872e-06 0.012063292 7.241754e-07 1.6420786e-06 8.202078e-07 1.2579038e-07 0.00027612306 3.23795e-05 9.0243253e-07 1.3203321e-06 8.0781433e-07 2.6348296e-06 0.00038278112
0.11463769 0.555333 0.16822095 0.44059712 0.043081015 0.86003053 0.71552134 0.028470496 0.052246206 0.023984553 2.231528e-19 0.015457675 0.6677323 0.9814651 0.015148032 0.21245654 0.009394963 0.013398813 0.0056937127 0.082606405 0.016040232 0.6980116 0.0004162258 0.011187762 0.0008221156 0.00037025465 0.6423669 0.0012371471 0.00015867123 0.0013959546 0.00024388604 0.00691614 0.00030243784 3.2121454e-05 4.970179e-05 3.251798e-05 0.0004704175 5.1828697e-06 0.0019857571 0.11239372 0.0006522196 9.156146e-05 1.4268443e-07 0.0001455144 0.0009820503 0.00068716373 0.086038366 1.7201239e-06 2.4928313e-05 4.8025015e-07 0.000112653244 0.012150607 0.005628785 0.03143079 8.6492314e-08 2.7651293e-05 6.014866e-06 1.871524e-07 4.8001315e-08 1.1395899e-06 0.005489747 6.029848e-05 0.0017084698 3.2529828e-05 0.00022187342 4.137051e-05 0.00010177159 0.00026749595 1.2140252e-05 0.007636084 0.0011107693 0.00014316758 9.0360345e-06 3.7340455e-06 5.7987705e-05 3.3627427e-06 1.0731282e-07 0.00026561457 2.9750867e-05 1.7797637e-06 0.00037489805 0.00011549303 2.6332556e-05 6.7967405e-05 8.431683e-05 5.4789725e-05 0.0020421671 3.384166e-06 1.3707171e-06 0.0003743675 1.59113e-05 5.023582e-06 2.4546925e-06 5.6364746e-07 1.10107085e-05 6.0290795e-06 0.00031547868 1.6285116e-05 2.0473851e-07 1.4722852e-06 0.00020047517
0.6641171 0.12387092 0.2777044 0.91210496 0.0040565324 0.013663238 0.0066573867 0.0011100408 0.001265925 0.77875525 0.015457675 1.9907328e-16 0.0013959784 0.067374475 2.6661206e-05 0.9625555 1.898411e-05 0.00046507086 0.8695733 0.00012736199 0.5307313 0.0009983453 0.00012750125 0.018911049 1.4027116e-06 0.0010948998 0.010937691 0.5902878 4.619371e-05 0.57776713 0.0014605005 0.06480403 1.5723019e-05 5.466704e-06 4.4773265e-06 2.0240489e-06 0.16405022 2.7701674e-07 0.010330791 0.011676096 4.2505685e-06 0.036737863 2.1481104e-07 0.06771555 0.20831862 0.0019740365 0.0025507207 2.060916e-07 0.00013048816 7.927219e-07 5.7853697e-07 0.4094946 5.4812217e-06 0.0003564353 5.1429183e-08 1.5900962e-06 0.0009837928 1.0056472e-06 3.25837e-07 1.4204095e-06 0.00019340613 0.016805772 0.34179112 0.0023321416 8.747982e-06 0.005924699 0.00023142494 0.00047643352 0.0059794104 0.015250838 0.043036018 2.4555762e-05 1.4956858e-06 2.0238085e-05 0.041595764 5.4158994e-07 4.2500963e-07 0.1270164 5.3927192e-06 1.5494844e-06 0.0006881911 0.04383517 3.73057e-05 0.022810431 0.017448476 0.0059226565 0.12621811 1.5287154e-06 9.967807e-07 0.026887069 6.7816645e-06 7.3600863e-06 3.977351e-06 5.7825457e-07 0.0010908829 2.2800614e-06 7.9034635e-07 2.7902959e-06 1.0642435e-06 5.32287e-07 9.828443e-05
0.793035 0.33214968 0.05063049 0.04321604 0.2942944 0.66957605 0.8415282 0.26901188 0.71717274 0.012470727 0.6677323 0.0013959784 6.3918833e-17 0.12759237 0.6165029 0.006194378 0.16324496 0.09070006 0.0009455297 0.950959 0.0054882187 0.9361717 0.009624493 0.03862539 0.03544881 0.0064204843 0.36800098 3.0338895e-05 0.002186567 0.00031019302 0.0060227304 0.023419635 0.011304083 0.0009340414 0.00305086 0.0050400225 7.6367316e-05 0.00085061335 0.018477907 0.008675892 0.05351291 6.1066276e-06 5.935311e-05 1.4286662e-05 4.763474e-05 0.007844503 0.029148871 5.1679464e-05 0.0009847678 3.974418e-05 0.011161307 0.0243677 0.15075886 0.015845347 6.782415e-06 0.0018857865 1.0954835e-06 2.7709208e-05 7.672813e-06 4.2078507e-05 0.020537034 1.27567355e-05 0.0017889625 6.1186474e-06 0.0131700905 0.000109749024 0.0010736678 0.0030857516 5.9673384e-05 0.0043623955 0.007050087 0.010913804 0.000954137 0.00017861725 4.8864087e-05 0.000157318 1.6820569e-06 0.00016506593 0.0048489347 5.337393e-05 0.0022255762 0.0004235924 0.00057490094 6.113297e-05 6.2415325e-05 0.00020319321 0.0030573204 0.0001152801 1.1689639e-05 0.00046137685 0.00026962816 0.00017642773 1.7830282e-05 7.057231e-06 8.413181e-06 4.3080352e-05 0.010965353 0.00028902612 6.3748803e-06 4.1122044e-06 0.0010880169
0.39434278 0.49192378 0.26145238 0.64657795 0.019386476 0.6612725 0.41546997 0.0089453375 0.022803519 0.059574805 0.9814651 0.067374475 0.12759237 1.4174672e-18 0.00032987303 0.6485051 0.000114765746 0.0014493761 0.014946473 0.002638511 0.028765507 0.25286245 3.3844226e-05 0.0050510825 1.7332068e-06 0.00018748119 0.6945389 0.00998951 9.2414375e-06 0.0028361403 7.2763476e-05 0.0031965254 1.787893e-05 4.0228188e-06 4.464601e-07 5.9598074e-07 0.0018480541 7.658455e-08 0.00047626477 0.3422019 4.0222776e-06 0.00031957362 3.808588e-09 0.00039533922 0.0067038415 0.00018833368 0.04768527 1.0197546e-07 2.2084732e-05 4.345823e-08 1.9988165e-06 0.022006111 0.00029198301 0.012413149 1.1594272e-08 2.674088e-07 9.213006e-06 1.2783973e-08 1.1753309e-09 7.755132e-08 0.00051026384 0.00018128012 0.0034366166 1.3898281e-05 1.793561e-05 2.6072426e-05 7.8052275e-05 5.5127155e-05 1.7985849e-05 0.029912984 0.0017635415 1.1140234e-05 3.6015652e-07 1.0858778e-06 0.00034905222 1.4212408e-07 5.6404886e-08 0.0013102229 7.6268225e-06 6.6221e-07 6.357659e-05 0.00044278722 1.22413285e-05 0.00041052618 0.00041712445 0.00014188596 0.003207317 5.84517e-07 1.9473693e-07 0.0009716802 3.602759e-06 9.685355e-07 3.6929703e-07 4.6016833e-08 3.8976017e-05 1.1425182e-06 2.7407157e-05 3.0950362e-06 1.4093054e-07 3.1836882e-07 6.628906e-05
0.94939286 0.022406686 0.004371273 0.0009836277 0.49843898 0.013390018 0.07576931 0.61849964 0.8965118 0.00033917054 0.015148032 2.6661206e-05 0.6165029 0.00032987303 4.7729624e-19 5.7967914e-05 0.7769726 0.26236197 2.9131366e-05 0.89027315 0.0005534833 0.20091082 0.02386766 0.09053698 0.80528307 0.047723938 0.034539316 2.5515502e-07 0.020702768 5.1828225e-05 0.036916133 0.031830944 0.054014508 0.0063711065 0.08553184 0.046105094 4.660094e-06 0.010407576 0.12016654 0.00034451054 0.52229315 2.2734032e-07 0.00833112 1.433827e-07 1.1820356e-06 0.063816115 0.007708881 0.000537658 0.018961197 0.0010286593 0.18211628 0.0140957255 0.15114012 0.0015284838 5.0534574e-05 0.095791265 1.1493189e-06 0.0019766549 0.0006325277 0.0005025847 0.0041106134 6.2383874e-06 0.00032114703 1.3651648e-06 0.02733305 5.288707e-06 0.025507215 0.022447467 4.0149466e-06 0.00015974956 0.014158689 0.032188863 0.033819303 0.004637537 1.9965979e-05 0.015909988 5.4641736e-05 4.6842953e-05 0.040291093 0.0011280726 0.017242761 0.00010953771 0.005267951 2.0935864e-05 3.3393226e-05 5.1195348e-05 0.001134823 0.0027165217 0.001179929 0.0003074667 0.0027863937 0.009515898 0.00014765121 0.00010593285 1.8518602e-06 0.002418566 0.004642252 0.001861018 0.00021244424 0.00053046393 0.015191571
0.34203315 0.17813802 0.17738049 0.9217201 0.0044817016 0.11462583 0.034713324 0.0009583502 0.0011776363 0.21593711 0.21245654 0.9625555 0.006194378 0.6485051 5.7967914e-05 1.2128276e-16 2.680285e-05 0.00015430464 0.25958464 0.00011720979 0.05641454 0.006676318 4.0247818e-05 0.0043341145 1.7323772e-06 5.9424245e-05 0.16164286 0.804376 7.431676e-06 0.04891807 8.731241e-05 0.0077725076 1.4974807e-05 2.552189e-06 2.213096e-06 1.0848717e-06 0.027399542 8.633508e-08 0.0006322898 0.36075604 4.452232e-07 0.019974366 3.0696125e-08 0.031198509 0.4969575 0.000139695 0.011176597 5.2056083e-07 3.833055e-06 3.3606378e-07 8.7556066e-07 0.05112878 2.3104376e-05 0.0037793284 1.7426888e-08 4.6700507e-06 0.00066563865 2.1693833e-07 1.3843904e-08 3.9651158e-07 0.00039751592 0.0030170237 0.021730186 0.0015574803 5.428995e-06 0.0027619838 4.0105206e-05 0.000113643175 0.0022397707 0.17514473 0.0036377278 1.3534991e-06 3.6067587e-07 2.330865e-05 0.0061027794 4.0618335e-07 1.2843503e-07 0.012559879 4.50712e-07 3.975417e-06 0.000492591 0.004080778 1.6220706e-06 0.0032604593 0.0059195254 0.0063623087 0.008720953 2.4515845e-07 8.377224e-08 0.0034977666 2.0407524e-06 3.2042485e-07 6.8395184e-07 1.7203668e-08 0.00048901385 9.426634e-07 5.4323795e-07 2.420765e-06 8.369542e-08 1.3160823e-07 2.8365852e-05
0.8919267 0.004827473 0.0050721844 0.000396679 0.5535064 0.0039585307 0.03466658 0.5688668 0.5532464 0.00040688764 0.009394963 1.898411e-05 0.16324496 0.000114765746 0.7769726 2.680285e-05 5.8525536e-19 0.9288479 9.268265e-05 0.071748815 0.0014295854 0.03214355 0.24700733 0.33386618 0.7885881 0.2751781 0.007852979 1.9861677e-07 0.19161189 0.00012055125 0.10862902 0.14317206 0.3831659 0.138278 0.5417383 0.36303908 1.2771866e-05 0.12029808 0.4288396 1.4644945e-05 0.102344744 1.6339164e-06 0.18620133 1.5846781e-06 1.3482378e-06 0.24705867 0.0017227565 0.0042548436 0.06755456 0.022514772 0.016370354 0.03979328 0.018194748 0.00012632915 9.305142e-05 0.066718005 4.6910188e-07 0.030767897 0.002310419 0.0020912967 0.00013724231 2.1198764e-06 0.0018704555 4.5428665e-06 0.000602242 8.177624e-05 0.08070887 0.22611824 4.176634e-05 3.5574205e-05 0.032460384 0.0011118238 0.013902307 0.002134827 6.5565146e-05 0.0027506726 1.021421e-05 0.00018804382 0.0025074412 0.0003126817 0.09973903 1.5138153e-05 0.00010556403 1.4524577e-05 1.5551686e-05 1.7128274e-05 0.0011339894 0.0003790077 0.00055733457 0.00025605806 0.000100432066 0.00024855116 1.4476174e-05 3.6994003e-05 6.6847076e-07 0.0037083668 3.893775e-05 6.172565e-05 2.8520439e-05 0.00095825276 0.04090761
0.86829036 0.021061063 0.021592151 0.0027847278 0.5551502 0.018594485 0.055964977 0.46811825 0.29997408 0.00402589 0.013398813 0.00046507086 0.09070006 0.0014493761 0.26236197 0.00015430464 0.9288479 8.688369e-19 0.00027290324 0.025046904 0.0046667233 0.025713963 0.8842466 0.34188554 0.21030118 0.2963439 0.008411241 4.0293864e-05 0.64019454 0.00022573568 0.16724743 0.12137941 0.4855073 0.2848333 0.33763948 0.36406404 8.21212e-05 0.16614336 0.25361845 9.000415e-05 0.04152018 6.1105943e-06 0.035821732 9.246207e-06 4.1844603e-05 0.15835764 0.0014761123 0.014902947 0.10467184 0.019059831 0.0034240591 0.032497276 0.00039956684 0.00013421288 0.0011986314 0.01925959 1.4640071e-05 0.01586996 0.002375626 0.0031795665 0.00021741357 1.1645036e-06 0.0025242036 3.0150406e-05 0.0003065146 4.8537346e-05 0.073404916 0.111279026 5.6449368e-05 0.00025283752 0.02149056 0.00027326628 0.0024502373 0.0009635564 5.6621146e-05 0.0017310586 3.3350992e-05 0.00020311803 0.00020689852 0.00024092793 0.03674167 1.7801842e-05 8.7856846e-05 5.5931825e-05 3.4590066e-05 2.8359116e-05 0.000916959 0.00067176524 0.00333849 0.00022445798 7.471027e-05 0.0003061993 9.5449315e-05 0.00017456482 2.1202697e-05 0.008918624 8.370668e-06 5.2571308e-05 2.1769105e-05 0.0021420994 0.023716565
0.8271939 0.022242574 0.11966909 0.35613623 0.0013243874 0.0040464094 0.0025428212 0.00044596693 0.00073162524 0.7504072 0.0056937127 0.8695733 0.0009455297 0.014946473 2.9131366e-05 0.25958464 9.268265e-05 0.00027290324 1.09854436e-16 4.8840928e-05 0.7506073 0.00066106673 6.9758666e-05 0.029323094 7.0259102e-06 0.00092719035 0.0072921207 0.6388027 7.798222e-06 0.8940019 0.00095230347 0.07676955 1.2179529e-05 3.952056e-06 5.4327033e-06 1.8031095e-06 0.4776985 3.8203018e-07 0.010399356 0.012437215 2.2715696e-05 0.14222339 1.0790367e-06 0.15481098 0.10736783 0.0019578123 0.0027145615 2.917187e-07 4.8977872e-05 4.60551e-07 1.0223893e-06 0.43745735 2.3296136e-05 0.00021219438 1.2964502e-08 2.8537675e-06 0.01225942 1.0499896e-06 6.7803666e-07 1.0641207e-06 8.467963e-05 0.0019177891 0.4748704 0.0032066868 2.8170027e-05 0.0068115946 0.00017595608 0.00082229 0.0055088475 0.017179765 0.11497319 9.639938e-06 2.6702696e-06 9.11176e-06 0.021862706 3.8127223e-06 1.720206e-06 0.17997414 4.055016e-06 1.1398056e-05 0.0011804012 0.0155508425 2.0378695e-05 0.014266111 0.01205181 0.003963054 0.16757421 1.0770284e-05 1.7717848e-07 0.025267458 6.788789e-06 8.358256e-06 1.8000606e-05 7.7226923e-07 0.0005760881 1.7128606e-06 4.2704987e-06 6.3839757e-06 7.703207e-07 4.224287e-07 4.2224263e-05
0.41045544 0.024736997 0.0034154577 0.0029927872 0.082103364 0.055855032 0.15012553 0.099138536 0.5456084 0.00028806383 0.082606405 0.00012736199 0.950959 0.002638511 0.89027315 0.00011720979 0.071748815 0.025046904 4.8840928e-05 1.7233607e-17 0.00015855716 0.9059966 0.0018696226 0.0041541723 0.33872065 0.00238309 0.17679223 3.0392976e-06 0.0022207752 5.8462632e-05 0.0011428583 0.003040244 0.013762601 0.0016982554 0.023466568 0.009899712 1.8972927e-05 0.0027758998 0.008596635 0.0016226732 0.6278025 3.0294254e-07 0.00076536444 1.2890065e-06 1.2152438e-05 0.004527055 0.015918717 9.996403e-05 0.0007104829 0.00036583515 0.513531 0.004031914 0.77563936 0.005570211 1.9414458e-06 0.025773859 1.5871979e-06 0.00030778054 0.00010572575 0.00013279126 0.041805748 1.1451815e-05 0.00051754684 2.4555015e-05 0.1377227 9.8261655e-05 0.0015106979 0.0040334873 0.00010200119 0.0007635717 0.0031200908 0.11790286 0.021866528 0.0008074055 3.28652e-05 0.010956907 7.049384e-05 9.6989694e-05 0.1146181 0.00030988318 0.0027948886 0.00012495303 0.01278231 1.7799583e-05 4.8753674e-05 0.0008314594 0.00056609535 0.0012965525 6.951116e-05 0.0005583715 0.0056127496 0.0059066373 5.469768e-05 3.9895665e-05 1.8208138e-05 0.00014079642 0.023308322 0.007031934 9.575603e-05 3.2682383e-05 0.0022987202
0.97043896 0.101155125 0.3067246 0.2355285 0.017842948 0.026193228 0.023446584 0.006311246 0.022953516 0.9336743 0.016040232 0.5307313 0.0054882187 0.028765507 0.0005534833 0.05641454 0.0014295854 0.0046667233 0.7506073 0.00015855716 7.4221864e-17 0.0014686764 0.000753482 0.15220939 2.29225e-05 0.0046078633 0.003973926 0.18027808 1.498605e-05 0.42203313 0.0021544339 0.31269264 5.3945994e-05 1.3199193e-06 7.4357104e-06 5.735108e-06 0.106189646 6.10677e-07 0.08070534 0.0027356122 2.1911205e-06 0.05205643 2.4819215e-07 0.02477544 0.021677721 0.008693521 0.0005969442 5.7937097e-08 0.00050285214 1.9162971e-07 8.5480536e-07 0.8301967 1.3536134e-05 0.00010387441 2.8240092e-09 3.849681e-07 0.00071864884 7.6708666e-08 5.5072633e-08 1.508503e-07 7.999579e-05 0.00066561904 0.51238734 0.00017338136 3.1995291e-06 0.00044981609 0.00052543764 0.00324298 0.0006128383 0.0030770134 0.415958 5.44564e-06 1.2827718e-06 1.1005055e-06 0.0043623103 3.3858057e-06 8.881184e-08 0.054514095 8.0543657e-07 9.624529e-07 0.012497978 0.00725684 2.4578994e-06 0.0053060334 0.0039388607 0.0012844001 0.2782133 1.6273092e-06 8.352789e-06 0.008194288 7.7585383e-07 3.5004093e-06 9.972113e-07 7.1164145e-08 0.00011833644 4.970738e-05 1.14941695e-05 1.2159398e-06 2.2850897e-06 8.067208e-06 0.0005464273
0.2173095 0.110539205 0.018559685 0.05411691 0.07181592 0.3282789 0.39227518 0.06546511 0.30316037 0.0060032653 0.6980116 0.0009983453 0.9361717 0.25286245 0.20091082 0.006676318 0.03214355 0.025713963 0.00066106673 0.9059966 0.0014686764 1.9502113e-16 0.0014098702 0.0013468602 0.022854054 0.00022551641 0.96632546 3.133481e-05 0.0015534404 8.2574574e-05 0.0002171469 0.0019319855 0.0029783857 0.00041834608 0.0027296806 0.0015100915 0.00010413517 0.00020646548 0.0011498518 0.084922366 0.045171715 1.2248352e-06 8.734753e-06 7.35582e-06 4.7800477e-05 0.00053621933 0.5046786 0.00013364795 2.5258387e-05 1.1928088e-05 0.040128205 0.0025771908 0.6008379 0.32099956 6.692678e-06 0.0011767455 3.4881627e-06 1.0400183e-05 1.5144512e-06 1.9323752e-05 0.56526005 1.2373417e-05 0.0007052434 8.372688e-06 0.08308577 1.5192112e-05 0.0004535823 0.0015368159 6.1525448e-06 0.010745595 0.001116202 0.035372935 0.00047527067 9.5219846e-05 3.6996295e-05 0.00015280551 1.1444915e-05 0.00021459657 0.008738956 5.2351417e-05 0.0010178387 5.4433276e-05 0.0010207939 6.589254e-05 0.00011870967 0.00013103372 0.0008039084 0.00019750193 1.37441575e-05 0.00016397986 0.00034611035 0.00016236292 1.2183897e-05 4.921167e-06 1.3342387e-05 1.2655519e-05 0.15545687 0.0011831262 1.6345519e-05 7.876394e-06 0.0010418117
0.9634826 0.0054505956 0.0064422586 0.0003855321 0.05710461 0.0013980515 0.008536413 0.046556383 0.06310235 0.0004527882 0.0004162258 0.00012750125 0.009624493 3.3844226e-05 0.02386766 4.0247818e-05 0.24700733 0.8842466 6.9758666e-05 0.0018696226 0.000753482 0.0014098702 8.2041407e-19 0.37156746 0.021374423 0.705955 0.0018712388 1.7170796e-05 0.9265378 6.0678514e-05 0.43538076 0.07757185 0.28240088 0.21723111 0.16008309 0.14896497 2.1047601e-06 0.06283896 0.4905114 1.373289e-05 0.0017504818 4.1474127e-07 0.022092242 6.062645e-07 2.3883527e-05 0.5574246 0.00016601094 0.015225429 0.20017537 0.018875388 0.000437947 0.02807873 4.8472953e-05 2.3272865e-05 0.0035454952 0.004931967 9.4764073e-07 0.0056473603 0.00069239765 0.0034743058 1.5106066e-05 1.2199239e-06 0.0015182872 4.463624e-06 2.6855812e-05 7.168476e-06 0.11144743 0.30137485 5.5185405e-06 0.00026004302 0.047448836 3.8748534e-05 0.00019078352 0.00028148826 2.8582006e-05 0.00018903473 7.769186e-05 8.376654e-05 3.43199e-05 0.00021439795 0.12041408 2.4312549e-06 9.631153e-06 6.156295e-06 3.5682099e-06 1.978469e-06 0.0005592641 8.566587e-05 0.0019257074 4.2311494e-05 5.106177e-06 1.6768061e-05 1.8843328e-05 0.00026039965 2.3547748e-06 0.00582691 2.8917552e-06 2.6543428e-06 4.087383e-05 0.00096247456 0.027659629
0.888194 0.13237245 0.38431424 0.034732167 0.40522432 0.04124061 0.08636523 0.24304917 0.22263806 0.14657356 0.011187762 0.018911049 0.03862539 0.0050510825 0.09053698 0.0043341145 0.33386618 0.34188554 0.029323094 0.0041541723 0.15220939 0.0013468602 0.37156746 1.6238056e-21 0.021433052 0.6893613 0.00045689382 0.0008394068 0.14798746 0.01766579 0.47701856 0.9399813 0.112254515 0.022135435 0.031958617 0.025732389 0.0050960225 0.0047361804 0.78391594 0.00012840143 0.0008123404 0.0003657647 0.0008004841 7.844135e-05 0.00010453636 0.49428803 0.00052119256 0.0005690247 0.105306715 0.0011588073 9.875416e-06 0.27125767 1.1922129e-05 0.00011469801 0.0002422906 0.00038890174 6.955615e-06 8.910815e-05 1.7386874e-05 0.00028915904 6.4683176e-05 3.9550114e-06 0.113711074 1.0342816e-05 2.9480267e-05 1.7687276e-05 0.023072407 0.10940196 1.3822171e-05 0.00011107915 0.3774496 2.7532144e-05 9.938889e-06 1.6458265e-05 0.00071733445 2.4102916e-05 7.6384356e-07 0.009306546 4.4948288e-06 6.720417e-06 0.13313863 0.00017712232 1.8279927e-05 0.000955378 0.001108952 1.3186404e-05 0.05961163 3.219675e-05 0.0046255714 0.0043382915 6.458248e-06 5.2874995e-05 5.7949865e-06 1.9612487e-05 3.0087915e-06 0.0075339405 4.2754377e-06 3.3444808e-06 8.9437714e-07 0.0027252198 0.021973837
0.89243895 0.00015565255 4.725003e-05 2.6254422e-05 0.035808485 0.00036383347 0.007128258 0.04856095 0.14393143 3.8865646e-06 0.0008221156 1.4027116e-06 0.03544881 1.7332068e-06 0.80528307 1.7323772e-06 0.7885881 0.21030118 7.0259102e-06 0.33872065 2.29225e-05 0.022854054 0.021374423 0.021433052 2.3594306e-17 0.03401554 0.0028814075 4.3223395e-07 0.05016567 1.0627207e-05 0.036438096 0.01277807 0.2818389 0.08891987 0.6859497 0.38781178 1.3003471e-06 0.222668 0.06066854 3.6182846e-06 0.61909765 1.8626734e-08 0.61622334 4.030568e-08 1.7383898e-06 0.043243725 0.001620819 0.0014758708 0.0161169 0.045932982 0.40730003 0.002043723 0.08771962 0.00016991844 6.605103e-05 0.9384778 1.4499906e-06 0.06485115 0.053222932 0.0020005798 0.0027930087 8.626414e-06 0.00010784935 4.85803e-06 0.02371325 2.6250942e-05 0.03308101 0.028218687 1.3529887e-05 0.00021999443 0.004197082 0.056733105 0.18972097 0.0441181 1.3890264e-05 0.10498138 0.00012890631 0.00012753421 0.09801219 0.00936643 0.013002548 6.507424e-06 0.020207305 8.703362e-06 2.0444684e-05 1.6346015e-05 0.0010535364 0.024629315 0.00031667628 0.00015490176 0.012559249 0.060685873 0.0003893641 4.432596e-05 1.0119342e-06 0.0010247618 0.0011442931 0.00793377 0.00067028217 0.00028452644 0.01115954
0.8077812 0.012025638 0.015740955 0.0015065623 0.13831997 0.0027069405 0.013724755 0.10742368 0.09370439 0.0041675726 0.00037025465 0.0010948998 0.0064204843 0.00018748119 0.047723938 5.9424245e-05 0.2751781 0.2963439 0.00092719035 0.00238309 0.0046078633 0.00022551641 0.705955 0.6893613 0.03401554 5.43613e-19 5.9399714e-05 6.3572166e-05 0.47928265 0.0013675204 0.96647185 0.12971632 0.3536632 0.11958021 0.09044628 0.07852492 0.0002725191 0.022476394 0.5472347 7.8609355e-06 0.0024968514 5.8490596e-06 0.0067809634 2.6419588e-07 1.06501775e-05 0.6389383 0.00024946328 0.014283958 0.56294113 0.010174123 3.1051994e-05 0.041961156 8.933205e-06 3.4466975e-05 0.0049940855 0.0013715661 9.4591894e-07 0.001530585 0.00010703323 0.0036683837 9.266188e-05 2.1703878e-08 0.010423016 3.4533484e-06 1.27320145e-05 3.7471304e-06 0.0660697 0.2851881 1.4119537e-06 2.5522806e-05 0.09370942 1.4993941e-05 2.3931407e-05 3.0867846e-05 2.486001e-05 4.1542848e-05 4.0275732e-05 0.0018205752 2.6325993e-06 2.7523438e-06 0.13450171 1.8302497e-07 7.07851e-06 4.7852905e-06 1.1954347e-05 9.3163493e-07 0.013281388 7.125664e-06 0.006760429 0.00015728067 3.9370425e-06 1.2976582e-05 1.8655332e-05 0.00025626767 3.1077738e-07 0.016298713 1.60024e-06 1.0749529e-06 7.561889e-07 0.0041567245 0.03110496
0.12699601 0.16944829 0.05093214 0.17559338 0.045865502 0.3719435 0.28995386 0.03196091 0.087426476 0.02080501 0.6423669 0.010937691 0.36800098 0.6945389 0.034539316 0.16164286 0.007852979 0.008411241 0.0072921207 0.17679223 0.003973926 0.96632546 0.0018712388 0.00045689382 0.0028814075 5.9399714e-05 7.80585e-17 0.0064402097 0.00065652904 0.0005552287 6.177311e-05 0.0003840547 0.001360544 3.7867387e-05 0.00066271174 0.00040780037 0.0004919957 2.7816279e-05 0.00071062014 0.9161493 0.0044760695 1.2079124e-05 9.071083e-07 2.21966e-05 0.009661932 0.00051365176 0.78943706 7.953701e-05 0.00014736298 4.8937463e-06 0.0008274619 0.0045705573 0.12427697 0.7054001 5.1079816e-05 0.00021554295 6.146419e-05 4.765019e-07 2.5578433e-07 9.109892e-06 0.6127789 2.2979035e-05 0.0025567766 0.00032209232 0.0055143507 0.00037674492 0.004095521 0.004935044 0.00022025977 0.18740286 0.0024975776 0.001126496 9.328636e-05 6.371e-05 7.369094e-05 1.6130054e-05 6.9184484e-06 0.00034859547 0.0026038922 0.00022876257 0.0008120755 0.0002665802 5.2422656e-05 0.00045039 0.00040078693 0.00045679772 0.0013581696 0.0001245205 8.198356e-05 0.00031148226 6.9412154e-06 6.414083e-05 7.2590476e-05 0.00013102072 0.00012578841 8.922499e-05 0.041156087 2.7002869e-05 8.318298e-06 4.5637076e-05 0.001415567
0.34817332 0.014747588 0.03193712 0.15507445 0.00084836513 0.0020646174 0.0005537826 8.958582e-05 6.819043e-05 0.19927204 0.0012371471 0.5902878 3.0338895e-05 0.00998951 2.5515502e-07 0.804376 1.9861677e-07 4.0293864e-05 0.6388027 3.0392976e-06 0.18027808 3.133481e-05 1.7170796e-05 0.0008394068 4.3223395e-07 6.3572166e-05 0.0064402097 2.0062544e-16 1.138223e-05 0.48078635 5.3919717e-05 0.0065787565 1.089659e-06 3.5993162e-07 2.1468387e-07 1.00305094e-07 0.3814657 1.307935e-08 0.0006294908 0.0144905625 4.5552025e-07 0.21261032 3.0319282e-07 0.33957094 0.98685044 0.000105930325 0.0027022848 1.9912507e-07 6.291034e-06 4.4918547e-08 1.3209096e-07 0.16444628 1.3987723e-06 0.00010045803 2.9410765e-07 6.653755e-08 0.1353298 2.940235e-07 2.767726e-08 1.8345116e-07 5.411888e-05 0.08694257 0.192009 0.016550468 1.5932123e-06 0.03998137 0.00030626153 0.00081949483 0.043957178 0.1390608 0.00987172 3.0450651e-06 1.3962793e-07 9.05854e-07 0.07514457 1.4426986e-07 1.9615536e-07 0.16024326 1.119004e-06 2.7222623e-07 0.0005831724 0.06407267 2.990848e-06 0.04439855 0.04299834 0.052325457 0.06868508 8.496606e-07 1.4278713e-06 0.033969272 4.5009088e-07 7.7675935e-07 1.975377e-06 2.5795993e-07 0.002193224 8.2700274e-07 1.6238512e-07 3.4492194e-07 2.3504325e-07 4.4500907e-06 6.546105e-05
0.71251565 0.00019249949 0.00013879241 0.00021732009 0.015831988 0.00014120534 0.0019839068 0.018261876 0.015836617 3.3342338e-05 0.00015867123 4.619371e-05 0.002186567 9.2414375e-06 0.020702768 7.431676e-06 0.19161189 0.64019454 7.798222e-06 0.0022207752 1.498605e-05 0.0015534404 0.9265378 0.14798746 0.05016567 0.47928265 0.00065652904 1.138223e-05 2.1970437e-16 3.498919e-05 0.3021024 0.031416755 0.6225997 0.92216176 0.45993575 0.45933828 1.1921577e-06 0.40933758 0.12011535 6.264192e-05 0.00365854 8.069812e-07 0.18087682 3.6681894e-07 8.627208e-05 0.32271153 0.0004306688 0.19029139 0.5577303 0.14262716 0.00039727494 0.0015848966 6.86223e-05 0.00014484428 0.094465986 0.01763286 2.2857853e-06 0.061839253 0.010503713 0.055350494 0.00027102855 1.6632137e-06 3.257562e-05 3.4745954e-05 0.00010608794 0.00011945135 0.21649025 0.21381518 6.215218e-05 0.0011995612 0.0054846318 0.00016767814 0.0011922356 0.0015790054 6.6106327e-06 0.0014554389 0.00080496474 2.6672767e-06 3.0411751e-05 0.0014389941 0.05624096 6.6840255e-07 5.8890266e-05 1.4055975e-06 1.4127053e-06 1.182917e-05 0.00010622014 0.00086891354 0.019289099 5.277336e-06 2.4899467e-05 0.00016127617 0.0011511751 0.0016865409 8.887192e-06 0.014265927 2.7363201e-05 1.3508936e-05 0.00023760133 0.0061847945 0.049121287
0.6875542 0.0050578117 0.041286774 0.07668637 0.0010920196 0.0014816431 0.0010764123 0.00060065545 0.0006988131 0.31388557 0.0013959546 0.57776713 0.00031019302 0.0028361403 5.1828225e-05 0.04891807 0.00012055125 0.00022573568 0.8940019 5.8462632e-05 0.42203313 8.2574574e-05 6.0678514e-05 0.01766579 1.0627207e-05 0.0013675204 0.0005552287 0.48078635 3.498919e-05 5.90817e-16 0.0017000281 0.04877484 5.2410587e-06 7.933708e-07 2.6972482e-06 1.2360843e-07 0.9788478 6.605615e-08 0.007582591 0.003340189 3.0818146e-06 0.29762295 1.8076521e-07 0.18837658 0.053602405 0.0025130466 0.00037742493 8.438054e-07 5.572604e-05 2.3022159e-07 6.998202e-07 0.286885 9.112039e-06 7.9141966e-05 3.142812e-09 1.6539037e-06 0.07421322 1.07705084e-07 2.4263048e-08 1.7478602e-06 2.5244875e-05 0.0065542366 0.57497615 0.009520024 2.0168955e-05 0.017281448 0.00031946297 0.0006576862 0.013766715 0.008552934 0.09164568 1.7022529e-06 2.0583007e-06 1.0409481e-05 0.043963153 1.4432774e-06 2.3915345e-07 0.36784568 6.0864754e-06 8.355037e-06 0.0013131852 0.028340014 1.6434346e-05 0.020313065 0.019067032 0.0029142858 0.14771046 7.151012e-07 1.2305388e-07 0.040510498 1.4843139e-06 2.4083533e-06 3.2296985e-06 2.5862892e-07 0.0019871646 4.840909e-06 3.804528e-06 4.489196e-06 7.1397545e-07 5.785331e-07 0.00014451452
0.9324468 0.005883475 0.013520956 0.0009212589 0.060979147 0.0016822834 0.009122817 0.046366923 0.062025897 0.002364837 0.00024388604 0.0014605005 0.0060227304 7.2763476e-05 0.036916133 8.731241e-05 0.10862902 0.16724743 0.00095230347 0.0011428583 0.0021544339 0.0002171469 0.43538076 0.47701856 0.036438096 0.96647185 6.177311e-05 5.3919717e-05 0.3021024 0.0017000281 3.002175e-18 0.12231725 0.13849056 0.04449802 0.076918885 0.04570613 0.00020259395 0.018549312 0.49583015 1.115182e-05 0.0012017349 9.180887e-06 0.0068050013 2.0164268e-06 8.7738745e-06 0.77025527 4.1636813e-05 0.004121884 0.54415274 0.010864949 3.9669772e-05 0.035794165 8.513595e-06 2.259324e-05 0.0018299237 0.00065850926 7.2647254e-07 0.0014375381 0.000104309605 0.0028865451 1.39224385e-05 2.8195126e-07 0.0058184364 2.3229793e-06 2.1610947e-05 2.1611143e-06 0.046012934 0.30920178 1.1486669e-06 1.0162926e-05 0.118694395 9.6087315e-06 2.26165e-05 1.8666937e-05 5.8333928e-05 3.400301e-05 1.0318933e-05 0.0012097917 1.3402166e-06 6.8838303e-06 0.22812766 9.0960407e-07 5.477794e-06 1.7202692e-05 1.4117968e-05 1.2416344e-06 0.012775309 1.2051015e-05 0.0037758413 0.00019010299 1.6029848e-06 9.771558e-06 5.399239e-06 0.0001087368 2.3036841e-06 0.0077433246 3.6962242e-06 2.347837e-06 3.047465e-06 0.0025294437 0.025730265
