3.31256e-19 0.036052074 0.011739225 0.28055188 0.5399483 0.02184797 0.051214557 0.8866139 0.5809752 0.8730436 0.48842868 0.17920908 0.9365233 0.7477743 0.95486826 0.59722656 0.91861403 0.08357851 0.079872265 0.054760702 0.90980273 0.9649442 0.9808191 0.0007714459 0.8823517 0.99018025 0.20667502 0.9720612 0.95337665 0.054034375 0.9356634 0.09101928 0.9471434 0.41233099 0.95220715 0.5415554 0.98442364 0.95271754 0.9299213 0.93816036 0.24754503 0.9579292 0.18938534 0.8241864 0.97540295 0.7158523 0.95751506 0.79282784 0.97943664 0.8111004 0.91118866 0.9979017 0.92168826 0.7943553 0.8182642 0.03362813 0.99825656 0.9392452 0.93548936 0.7931027 0.92410856 0.085639074 0.006171459 0.82231116 0.9396196 0.83990765 0.96796274 0.95854676 0.8031718 0.99901253 0.32029793 0.02680842 0.8125711 0.97609997 0.89140975 0.9994239 0.32491544 0.5467138 0.0017853883 0.13352458 0.78303266 0.9784488 0.9461104 0.5176436 0.99994594 0.89001006 0.989058 0.83094656 0.10425956 0.00013072779 0.93642867 0.12050166 0.96149653 5.075869e-05 0.99740607 0.17031807 0.52613837 0.019245265 0.999976 0.03710376 0.6020973
0.036052074 2.7155532e-17 0.9990867 0.9513979 0.8297199 0.71682 0.0051439125 0.6096635 0.01699463 0.7844949 0.1556103 0.60633725 0.007859449 0.0010887565 0.48781186 0.001859801 0.00022057423 0.0006165635 0.0007043373 0.00010722019 0.028527815 0.12176949 0.079310425 1.8462397e-05 0.0002982375 0.14455563 0.0003339245 0.026645795 0.0041366867 0.00044205243 0.00011933157 2.2569798e-06 0.0020024427 1.6450875e-05 0.00045403457 5.409813e-05 0.0021841994 0.019741205 1.7892304e-05 4.2058848e-05 3.735116e-07 1.4208885e-05 4.0367036e-06 8.949052e-07 0.00022169342 3.3586466e-06 0.002377149 2.0229872e-06 0.0025486213 2.5980393e-07 1.442418e-05 0.00426632 1.0387201e-06 2.9016119e-06 2.853585e-06 5.145884e-07 0.002365878 0.00054336473 3.6994425e-05 1.4546922e-07 4.7390166e-08 3.4460433e-07 1.06003945e-05 7.5430114e-07 1.299974e-06 1.883475e-06 0.00061060896 6.7232822e-06 3.046551e-07 1.2621981e-06 9.7636956e-08 1.6016584e-06 1.185425e-07 4.7559934e-05 7.9136146e-07 0.00077825016 4.1019914e-07 3.5194972e-07 5.0113727e-07 2.0151035e-07 1.198733e-07 3.8524027e-05 8.426294e-06 2.9913258e-07 0.00019942905 6.151424e-06 1.0706314e-06 1.9316556e-06 2.4934301e-09 4.407456e-07 2.1645793e-08 3.862066e-07 3.9554663e-05 1.416101e-07 3.9557435e-06 4.8518505e-09 3.3247431e-07 1.312626e-06 2.055822e-05 5.0796192e-08 2.2882451e-08
0.011739225 0.9990867 1.954599e-15 0.5816323 0.4130091 0.9858395 0.036547624 0.4045959 0.08912983 0.15460579 0.002595459 0.012152526 0.013072014 0.00577161 0.06773254 0.0066404915 0.00074537867 0.000113759204 9.255801e-05 0.0007820062 3.7725708e-06 0.037498213 0.0152480975 0.00029706882 8.215395e-05 0.0024939335 4.0280305e-05 0.00018242632 0.0051082573 2.6270176e-05 3.749467e-05 1.1775054e-05 1.842755e-05 1.0561761e-06 0.00046266895 2.904595e-05 2.5776393e-05 0.00022373561 8.8580375e-05 1.8218002e-07 4.232447e-06 4.748762e-08 3.2203486e-06 8.0050575e-07 1.7975174e-06 1.5491092e-06 0.0008800532 9.1068995e-07 0.0004171921 9.803056e-07 4.370797e-05 7.822373e-05 1.257863e-07 7.8379804e-07 5.754517e-07 1.8418808e-06 0.0011687349 4.4899148e-06 2.0851528e-06 1.289001e-07 1.3479158e-07 4.7141913e-07 1.1448071e-05 5.1989906e-07 1.4757912e-06 3.1250963e-06 3.752554e-05 5.54983e-07 4.8584536e-07 2.9030994e-07 4.938619e-08 9.060264e-06 9.342313e-08 1.326471e-06 2.6658793e-07 3.7320217e-05 8.7415816e-07 2.151917e-06 1.3102872e-06 3.6400698e-07 7.364558e-08 1.6140804e-06 6.48813e-07 8.309052e-08 1.1323764e-05 1.9384206e-06 1.1910401e-05 7.904966e-08 1.0972511e-07 5.8216875e-07 2.1522504e-07 3.0131517e-07 1.350802e-05 2.6313276e-07 1.3895517e-06 1.3379025e-08 2.5295975e-08 3.954627e-06 1.4193013e-05 1.2191317e-08 3.458307e-07
0.28055188 0.9513979 0.5816323 3.1308737e-14 0.9920109 0.22325766 0.10417439 0.89510614 0.065611355 0.51907367 0.020783478 0.007290525 0.09887697 0.015354616 0.60837483 0.004774196 0.00094231794 0.00010687911 0.00012087198 0.0002694739 0.0004669975 0.46671826 0.29729047 0.00011201497 6.0315564e-05 0.07578695 1.630067e-05 0.0030186828 0.055470936 2.4134288e-05 9.5221745e-05 2.4578878e-06 0.00019886425 4.919348e-07 0.004299099 1.8344427e-06 0.00032198604 0.0042446894 7.323171e-05 5.4604357e-06 4.157344e-07 4.13784e-07 9.1581376e-07 7.015485e-08 7.506067e-06 3.565898e-07 0.019232338 4.5126123e-07 0.01646921 3.6020322e-07 1.96495e-05 0.0059766388 1.7788348e-07 8.812759e-08 4.653876e-08 4.1574907e-07 0.009011079 3.956408e-06 1.519025e-06 7.1080137e-09 6.620651e-08 2.493623e-07 1.4071137e-05 8.097936e-09 1.6400988e-06 2.6670567e-05 0.0010515635 5.7480365e-06 1.6099286e-09 6.2587787e-06 1.0973134e-06 4.059919e-06 5.8623106e-10 2.2294229e-05 7.3769473e-07 0.00080332137 2.9650568e-07 7.476311e-08 8.819368e-06 4.859686e-07 8.000528e-08 7.346198e-05 9.123524e-06 7.6404465e-09 0.0005582093 2.9532523e-05 5.2926105e-05 2.4267981e-06 2.653562e-07 2.488341e-06 4.128882e-08 1.05784785e-07 0.00047874273 1.2943254e-06 4.8340307e-06 2.2315905e-09 3.7911212e-07 6.9641945e-05 0.0017452713 2.8443771e-06 7.782086e-06
0.5399483 0.8297199 0.4130091 0.9920109 9.071964e-15 0.07236931 0.02343976 0.91839373 0.021795928 0.8187998 0.04171242 0.018785488 0.06523414 0.0054914304 0.8767454 0.00037203057 0.00092951796 0.00042948575 0.00056900195 0.00015532869 0.00290805 0.7627055 0.574797 5.1559153e-05 5.4504497e-05 0.23349777 5.4400116e-05 0.012338709 0.06272946 0.0001305052 8.24854e-05 6.4525602e-06 0.00063978566 7.473959e-06 0.006015627 7.0797323e-06 0.0011389875 0.02734956 8.335864e-06 1.6580943e-05 7.332503e-08 4.336041e-06 2.9618195e-06 9.081254e-07 0.00010560311 1.9871445e-06 0.032686487 1.3372241e-06 0.021310806 7.6241605e-08 2.2192166e-06 0.01863698 1.3026968e-06 1.807086e-06 5.430241e-07 1.6780322e-06 0.015328259 5.046378e-05 2.1764601e-05 1.812935e-07 1.7558686e-07 1.2088568e-06 3.9253588e-05 5.6261978e-08 1.1829932e-06 1.5231529e-05 0.0019132359 2.8040033e-05 7.311708e-08 3.5682165e-06 1.479333e-05 1.7413698e-06 4.5020854e-09 0.00017459776 5.283077e-06 0.0036954384 3.5075907e-06 5.5768675e-07 7.9669135e-06 5.8213077e-06 2.9192356e-07 0.0005755535 4.922451e-05 1.992853e-08 0.0035144167 0.0002117844 4.1647894e-05 4.4659722e-05 9.27651e-08 3.7051145e-06 1.2057406e-07 7.8278214e-07 0.0009143411 2.2751653e-06 1.13790165e-05 3.203132e-08 3.3424815e-06 0.00025255483 0.0016158323 2.9507466e-05 1.8610045e-06
0.02184797 0.71682 0.9858395 0.22325766 0.07236931 1.495376e-12 0.9951761 0.63180476 0.7739028 0.004902456 0.00013443091 0.00018106449 0.14132048 0.16664279 0.019175008 0.30286998 0.0116468975 4.887543e-06 4.2824195e-06 0.011455235 1.2199646e-06 0.03991329 0.040912002 0.0006772975 0.0022343295 0.0005648165 2.6572225e-06 6.0532744e-05 0.022057183 2.438895e-06 0.00041516672 3.421676e-05 1.5201655e-06 6.146339e-08 0.0027668779 6.9021444e-06 2.289008e-05 2.1562199e-05 2.8523948e-05 3.854637e-07 2.6535708e-06 9.8601134e-08 3.0135914e-07 2.7895508e-08 1.1877001e-06 5.3975225e-07 0.0024884038 1.1401306e-07 0.0010235922 3.346901e-07 3.3285723e-05 0.000117170675 1.5836484e-07 3.2340617e-07 1.6485363e-07 6.202881e-06 0.002011164 8.031914e-07 5.5312785e-07 3.503428e-08 1.7344238e-06 8.71861e-07 7.335469e-06 1.5916476e-07 2.4618078e-06 5.06433e-06 1.650715e-05 1.5104299e-06 6.6183155e-08 5.1737925e-06 2.2296102e-07 0.00018613365 1.9704247e-08 9.647632e-07 6.428357e-07 8.4579304e-05 3.6934242e-07 9.351532e-08 5.078457e-06 4.7067434e-07 3.1443622e-07 3.7799357e-06 1.4711737e-06 5.365835e-07 1.7626218e-05 9.551575e-06 1.2760934e-05 2.4507287e-07 1.7634876e-07 4.740387e-06 1.9203584e-07 2.0378167e-07 5.5249598e-06 4.860746e-06 8.429681e-07 2.113703e-08 1.7078579e-08 5.4096377e-05 3.5957586e-05 3.8756607e-06 1.1214751e-06
0.051214557 0.0051439125 0.036547624 0.10417439 0.02343976 0.9951761 5.4697278e-14 0.8353797 0.959155 0.0052675037 0.00010750925 0.0001272504 0.26437137 0.4834539 0.0140397465 0.4497798 0.076805554 1.6179602e-05 1.6982196e-05 0.029269187 1.8500095e-05 0.025117122 0.03241426 0.0004958374 0.03911656 0.00089050806 9.809382e-06 0.00016914948 0.026145734 5.212049e-06 0.004283192 3.4706543e-05 6.108054e-06 1.7168502e-07 0.0052758674 0.00047914952 1.3115955e-05 6.261839e-05 0.00055058196 2.6351086e-06 8.035822e-05 4.0031912e-07 9.4775373e-07 5.0863554e-07 2.7906312e-06 1.338865e-06 0.0030263315 1.2918443e-06 0.0016946015 7.066767e-06 0.00045071787 8.897033e-05 5.550666e-07 1.2035848e-06 3.2498724e-07 5.9223707e-06 0.0036713395 2.5166214e-06 1.4376408e-06 2.2755751e-08 2.1952735e-07 1.5288161e-06 7.292822e-06 1.8462976e-07 0.000129781 0.0001258214 0.00013761308 1.6171309e-06 1.4130279e-07 0.00016113505 5.3086956e-07 3.2614756e-05 1.04050436e-07 7.820438e-06 5.5524293e-07 0.00014817285 2.5013794e-06 7.162745e-07 1.4726925e-06 2.4360058e-06 8.584497e-07 8.131566e-06 1.2701889e-05 6.3357e-07 7.789738e-05 0.00015887973 8.9463305e-05 1.7805124e-06 2.555282e-06 9.78e-07 1.9953768e-06 1.5368576e-06 0.000101590165 3.1417935e-07 2.797175e-06 8.328981e-08 1.2604033e-06 2.7616874e-05 0.00018516733 4.4448885e-07 3.227702e-05
0.8866139 0.6096635 0.4045959 0.89510614 0.91839373 0.63180476 0.8353797 5.3141424e-12 0.8516622 0.12267373 0.012874481 0.0016279543 0.9734707 0.44063705 0.5888932 0.15544602 0.08934227 5.49995e-05 7.251609e-05 0.007866452 0.00035268712 0.77507204 0.5857723 0.00014251845 0.003115515 0.023805197 1.3222531e-05 0.0013659563 0.45195082 4.8416496e-05 0.002429101 9.631067e-05 0.00011864867 1.2890353e-05 0.035868064 8.2948376e-05 0.00036432777 0.0029511056 0.00019953617 7.464037e-06 1.7453676e-05 3.9461847e-06 1.671904e-05 1.5227525e-06 0.00011777014 7.840654e-06 0.060254812 1.7990592e-06 0.043685555 8.144029e-06 0.000116511685 0.007408127 3.3847728e-06 2.5032073e-06 1.1256571e-06 1.66268e-05 0.06544944 6.901233e-05 3.1122407e-05 2.5984232e-07 3.7757022e-06 4.562039e-06 2.1804886e-05 2.1773172e-07 6.021176e-05 0.00026561713 0.0019176017 2.4897994e-05 7.5937706e-08 0.00014053845 4.36339e-06 1.1287064e-05 1.29631665e-08 7.001246e-05 2.9678919e-05 0.0028047655 1.0781254e-06 2.8959846e-07 4.6889974e-05 5.459811e-06 5.792599e-06 0.0002460296 9.160334e-06 3.842305e-07 0.001725064 0.00025562866 0.00050576834 2.2503389e-06 7.766583e-06 5.286242e-06 1.1112306e-05 1.3700767e-06 0.00070258236 1.8793331e-05 6.9499793e-06 4.559381e-08 3.0540168e-06 0.0029476671 0.0016708042 0.00030509432 0.00011811309
0.5809752 0.01699463 0.08912983 0.065611355 0.021795928 0.7739028 0.959155 0.8516622 3.3330713e-14 0.0018004685 0.00018202157 5.7823472e-05 0.62655175 0.94731987 0.016480932 0.9246758 0.4707455 1.20848745e-05 2.3644523e-05 0.41819963 8.628907e-06 0.13290255 0.119971044 0.021323852 0.21055683 0.0007568633 2.4610963e-06 7.024386e-05 0.27354535 4.613427e-05 0.13759348 0.01257058 1.1952268e-06 8.070559e-07 0.10958215 0.002724122 5.5414343e-06 6.431736e-05 0.0042261793 1.5660951e-06 0.00018989282 1.1835318e-07 8.1018754e-07 1.1672376e-08 4.5671445e-06 1.1881896e-06 0.041900873 5.450301e-08 0.031709634 4.93282e-06 0.0004925708 0.00063097145 2.6659808e-07 4.9641676e-07 7.464171e-08 3.390567e-05 0.048396587 6.052605e-07 2.8556147e-07 2.4778338e-08 3.4412943e-07 5.0468566e-06 2.9456158e-05 3.2713768e-08 0.00012326807 0.00031111264 6.2120664e-05 4.749299e-07 2.9060048e-09 0.0002715455 2.5593818e-06 0.0003788626 1.0632558e-09 4.148065e-07 6.9474305e-07 0.00013107635 1.4047465e-06 7.56861e-08 5.2631454e-05 2.5546776e-06 1.9772418e-07 8.113401e-06 1.6225949e-06 6.4556005e-08 0.00014885723 3.246657e-05 0.00012749396 2.775455e-06 2.3502676e-06 4.0476093e-06 2.1460864e-06 7.260065e-07 0.00027381413 5.553481e-06 1.1343051e-06 8.354164e-09 1.2349662e-05 0.0029052545 0.0005783244 0.00012520567 0.00021989417
0.8730436 0.7844949 0.15460579 0.51907367 0.8187998 0.004902456 0.0052675037 0.12267373 0.0018004685 6.263764e-12 0.9564349 0.3277417 0.0073116086 0.00084975874 0.96386063 0.0005453416 0.00044673527 0.07620986 0.073857374 3.5175046e-05 0.33658904 0.39656165 0.17571025 1.7888899e-06 8.901972e-05 0.9189151 0.013690125 0.65461224 0.018618815 0.005985146 8.626953e-05 7.797204e-06 0.17610496 0.005176382 0.004470119 1.1463321e-05 0.14267266 0.23151217 0.000104403654 0.0013943192 5.2592713e-07 0.00079077954 0.0005391355 0.00019828361 0.004980428 0.00040742953 0.028704273 8.675332e-05 0.025302973 9.1408424e-07 8.404689e-06 0.1145611 9.8838536e-05 0.0001868185 5.110764e-05 4.7944566e-05 0.012962892 0.0027949791 0.0018327048 2.14792e-05 4.803026e-06 1.7712444e-05 0.000104685605 1.4832688e-05 4.237043e-06 4.6343444e-06 0.02589307 0.0006072173 4.1732314e-06 5.282122e-05 1.6809689e-05 9.415996e-07 1.1040555e-06 0.003118889 0.00014100767 0.017077612 1.119299e-05 3.878611e-06 4.5916977e-06 2.4400899e-05 2.9061248e-05 0.0027355193 0.00014937615 8.117263e-06 0.004473654 0.000116244315 0.00020360365 2.6758066e-06 8.4890655e-07 4.5328935e-07 2.611041e-06 2.4629287e-07 0.00014501857 5.464231e-07 1.2800058e-05 2.024931e-08 1.12078e-06 2.4185807e-05 0.0014704716 2.48501e-05 2.2408996e-05
0.48842868 0.1556103 0.002595459 0.020783478 0.04171242 0.00013443091 0.00010750925 0.012874481 0.00018202157 0.9564349 8.238023e-16 0.995917 0.0010289075 0.00020478609 0.53030604 1.1092421e-05 3.5615107e-05 0.05823971 0.051121455 5.205105e-06 0.83458453 0.18502486 0.11374601 1.7767707e-06 1.5401713e-05 0.64195406 0.036522504 0.52307713 0.010638326 0.05006933 4.865562e-05 3.4004302e-07 0.069627434 0.0035279663 0.0010149807 1.2273925e-06 0.027238715 0.052390188 2.9854737e-06 0.0008410402 1.1332536e-07 0.00015016386 0.0022443775 0.00012404757 0.000752265 3.381838e-05 0.021209769 1.3256269e-05 0.0113310935 5.4646765e-08 1.2807621e-06 0.0724233 7.1603313e-06 1.0536985e-05 3.3247163e-06 0.00021520857 0.016291402 0.00011816525 0.00010364819 8.504178e-07 3.2724802e-07 2.7128895e-06 0.0006692689 5.897327e-07 2.6692944e-06 3.550697e-06 0.002198103 6.8365975e-05 1.2821855e-07 9.0514895e-06 6.4254095e-07 5.2824794e-07 4.2581185e-08 7.213019e-05 2.0128532e-06 0.001039079 3.524529e-07 1.09203974e-07 2.178699e-05 6.3939893e-07 9.1950415e-07 4.98134e-05 9.755869e-06 7.7090014e-08 0.0001576203 0.00041603314 0.00015248482 3.352408e-07 3.691407e-05 5.66669e-07 1.1096971e-05 9.348518e-08 9.000922e-05 3.1393228e-07 1.1974362e-05 1.5878464e-09 8.7028965e-08 5.334825e-06 0.00017636146 1.1949293e-06 3.8038223e-05
0.17920908 0.60633725 0.012152526 0.007290525 0.018785488 0.00018106449 0.0001272504 0.0016279543 5.7823472e-05 0.3277417 0.995917 9.9660745e-15 0.00041540014 0.00011990183 0.02284932 4.2197876e-06 1.15478315e-05 0.9187684 0.89177805 2.9606885e-05 0.28346798 0.007870531 0.0037812106 1.514938e-06 1.0196137e-05 0.067653194 0.12597872 0.066745296 0.0006642122 0.2957377 5.9105896e-06 4.8902957e-09 0.005731219 0.015833858 7.9146266e-05 1.0424595e-06 0.001489754 0.0051543303 6.3643165e-06 1.4951247e-05 5.6840634e-07 1.0237063e-06 0.0008464794 3.7855978e-05 2.3084003e-05 1.18877615e-05 0.00012689945 1.4277952e-06 0.0001664004 1.5164375e-09 1.4423775e-06 0.000937162 5.224747e-07 2.2002566e-06 6.4570503e-07 0.00027395933 0.00057766866 9.700153e-07 4.65735e-07 2.378778e-07 7.732564e-06 2.8962459e-06 0.0028800091 7.167522e-07 3.820768e-07 3.7067204e-07 2.5501271e-05 4.891134e-06 6.335062e-08 9.685216e-07 5.377039e-07 1.4297033e-05 5.1955972e-08 1.9709494e-06 1.0855879e-06 7.652983e-05 3.3770263e-07 1.826574e-07 0.00024680066 1.9832814e-07 2.5913408e-07 1.9621682e-06 5.703024e-07 1.5942271e-07 1.434333e-05 1.7581828e-05 7.445811e-05 8.0809707e-07 5.192271e-07 6.94154e-06 8.139964e-07 3.3639164e-08 2.1425406e-06 9.257351e-06 1.4093278e-06 2.0897621e-09 9.631667e-08 0.0005872695 3.4612636e-05 1.3309382e-07 1.9613622e-06
0.9365233 0.007859449 0.013072014 0.09887697 0.06523414 0.14132048 0.26437137 0.9734707 0.62655175 0.0073116086 0.0010289075 0.00041540014 5.7885803e-13 0.89564705 0.1586411 0.17644279 0.50136226 1.7472978e-05 3.1489926e-05 0.014318348 0.00016813225 0.6176512 0.70046365 0.000253657 0.024878588 0.00913772 1.1183857e-05 0.0010702634 0.9313498 5.640077e-05 0.015937446 0.00033147217 5.0337127e-05 9.1820075e-06 0.43271273 0.0003085529 0.00028763036 0.0028650134 0.0009985076 2.6023677e-06 4.613176e-05 5.940367e-07 2.124495e-06 1.0389119e-07 1.6819777e-05 3.6412177e-06 0.19136678 2.2844415e-07 0.12671933 9.977789e-06 0.00024484127 0.017042626 4.950835e-07 1.2954974e-06 1.699856e-07 1.2517772e-06 0.16583769 1.3886318e-05 1.29077e-05 1.8564657e-07 1.4228771e-06 4.8494853e-06 8.8166894e-07 9.582832e-08 9.562981e-05 0.0004336537 0.003666581 7.3195847e-06 1.8154445e-08 0.00028452103 4.6070368e-06 8.954735e-06 1.6553537e-08 3.4318524e-05 4.522304e-06 0.004578595 9.088428e-07 5.886561e-07 1.2888818e-05 3.865421e-06 1.4430269e-06 0.00020677802 3.7757707e-06 2.2265228e-07 0.0021277699 0.0009798551 0.00054035336 1.4436916e-06 6.5725166e-05 1.1206625e-06 1.6238962e-05 1.2471053e-06 0.0029026899 2.9234882e-06 1.6520529e-06 1.5772857e-08 5.74497e-07 0.0015190252 0.0037711037 7.1571936e-05 7.69381e-05
0.7477743 0.0010887565 0.00577161 0.015354616 0.0054914304 0.16664279 0.4834539 0.44063705 0.94731987 0.00084975874 0.00020478609 0.00011990183 0.89564705 7.553412e-15 0.014075616 0.73790544 0.9845438 1.0761002e-05 1.945372e-05 0.25765288 3.2726985e-05 0.10249076 0.15169951 0.008592632 0.30891436 0.0014464108 2.1876735e-06 0.00035907945 0.40621987 1.1412794e-05 0.24723756 0.0061208275 2.888379e-06 1.8624755e-07 0.3124535 0.016894404 4.210484e-05 0.00031617685 0.011925905 2.2103475e-06 0.0026404466 1.3639307e-07 3.5427652e-06 4.0540296e-08 4.5389734e-06 1.2990444e-06 0.09303185 5.981305e-08 0.05135511 2.5005744e-05 0.0015162404 0.001651105 3.601955e-08 2.725803e-07 1.3171377e-08 1.0532124e-05 0.099254675 1.0236174e-06 3.8556848e-07 8.315088e-09 1.1424539e-06 1.45086815e-05 2.1988242e-06 8.913169e-09 0.00024407357 0.0008968114 0.00027950766 1.0448103e-06 2.9705076e-09 0.0006369211 7.1517666e-06 7.5596836e-05 2.6596851e-09 7.3858735e-07 1.7678464e-06 0.0007879528 2.4433078e-07 4.3345974e-08 4.4140434e-05 4.602035e-06 1.521933e-07 1.2421989e-05 3.6034754e-07 9.3381814e-08 0.00052819535 0.00021937156 0.00016918773 1.1816479e-06 1.04127275e-05 3.6160598e-06 2.6657915e-06 2.9134338e-07 0.0006407917 6.2248137e-06 5.7099165e-08 1.7349844e-08 1.6726111e-06 0.0005567905 0.001194807 2.5590389e-05 5.9633785e-05
0.95486826 0.48781186 0.06773254 0.60837483 0.8767454 0.019175008 0.0140397465 0.5888932 0.016480932 0.96386063 0.53030604 0.02284932 0.1586411 0.014075616 1.08480065e-11 0.0018168045 0.0040750415 0.006074079 0.006095459 0.0005174457 0.016944254 0.9294316 0.58841306 2.295632e-05 0.00028563925 0.89129347 0.00093073095 0.11821722 0.050083082 0.000335658 0.0005483638 9.909964e-06 0.016540773 0.000625997 0.010365186 6.0667353e-05 0.021386258 0.25066727 0.00024586826 0.00048656925 1.6708424e-05 9.523592e-05 9.170565e-05 1.6010988e-05 0.00080565875 9.813326e-05 0.13529147 1.12418575e-05 0.10215241 6.939164e-06 0.00010189328 0.27693546 3.1484433e-05 4.6544952e-05 8.0073305e-06 1.0658947e-05 0.042375494 0.0012210564 0.0009053531 4.7793937e-06 7.0770047e-06 3.571798e-06 2.7313588e-05 9.591895e-06 2.5836296e-05 5.7853147e-05 0.043154333 0.0006127004 2.4142748e-06 0.00017075699 5.8957326e-06 1.4090024e-06 3.6906502e-07 0.0034306145 3.9093506e-05 0.044248175 9.80652e-06 2.4495175e-06 3.4793056e-06 7.33591e-06 1.480965e-05 0.002428105 0.00024866353 4.3278897e-06 0.008018702 0.0010404232 0.00094208255 6.3649845e-06 2.9967026e-05 1.564971e-06 9.645668e-06 9.697009e-07 0.0022273087 2.7860758e-06 5.3912416e-05 6.212353e-08 8.2333867e-07 0.00030016352 0.0049579605 3.9865885e-05 9.983513e-05
0.59722656 0.001859801 0.0066404915 0.004774196 0.00037203057 0.30286998 0.4497798 0.15544602 0.9246758 0.0005453416 1.1092421e-05 4.2197876e-06 0.17644279 0.73790544 0.0018168045 2.3371122e-13 0.62951577 1.0552997e-05 1.0948261e-05 0.9866199 8.2338465e-06 0.017690051 0.04715811 0.07586969 0.8770051 0.0005997113 2.1904898e-06 0.00028712008 0.070671946 1.5230119e-05 0.421966 0.32104197 4.6582722e-06 1.9024324e-07 0.10501319 0.2819638 9.478681e-06 2.6450602e-05 0.02724077 5.175433e-07 0.004265295 1.6886845e-07 1.2586293e-06 8.6313e-08 1.7351632e-06 5.3950853e-06 0.021488674 9.390621e-08 0.016357705 0.00039657234 0.010669601 0.00026668646 8.523033e-08 6.3661525e-07 1.2980357e-07 0.00018009098 0.040138345 6.158121e-06 7.6011423e-07 1.4476768e-07 7.349428e-07 3.8282345e-05 0.0001992918 2.751196e-07 0.00095442554 0.001960475 8.419068e-05 4.711093e-06 2.4368669e-07 0.0023400828 1.8872454e-06 0.004238098 1.2635209e-07 1.9826753e-06 5.2109563e-06 0.00044210008 8.161002e-06 7.6214747e-07 3.2519565e-05 8.880651e-06 7.004585e-07 1.9168847e-06 1.3554844e-06 1.746494e-06 9.809087e-05 0.00095258356 0.0006756598 2.4547663e-07 7.729181e-06 2.635684e-06 6.064053e-06 3.3744393e-06 0.00078256987 2.6799235e-06 5.444833e-07 1.8358989e-08 8.9978823e-07 0.00016467176 0.00074687327 7.1995484e-05 0.00012168018
0.91861403 0.00022057423 0.00074537867 0.00094231794 0.00092951796 0.0116468975 0.076805554 0.08934227 0.4707455 0.00044673527 3.5615107e-05 1.15478315e-05 0.50136226 0.9845438 0.0040750415 0.62951577 7.8773154e-16 1.0314191e-05 1.7548207e-05 0.17143452 1.7070268e-05 0.06856056 0.13918367 0.0042794556 0.8870193 0.00040174878 1.1644458e-06 0.000111738635 0.37442943 1.0233154e-05 0.8877586 0.022240534 9.865169e-07 1.5288386e-07 0.61736685 0.25377852 2.4930761e-05 0.00032755197 0.29355252 1.8254595e-07 0.060592614 1.21531025e-08 1.4817425e-06 2.0184066e-08 5.0891344e-07 3.925512e-07 0.13607258 9.6952185e-08 0.07639963 0.0004588472 0.027026217 0.0028658456 1.33759634e-08 6.23944e-08 2.2798154e-08 7.6051997e-06 0.2066911 3.1595962e-07 1.6876686e-07 5.8590723e-09 2.5188552e-07 1.4873513e-05 6.399901e-07 5.8535767e-09 0.0016787702 0.019044202 0.000525798 1.7669487e-07 1.0966725e-09 0.0019308416 1.0989943e-06 4.056271e-05 1.3305143e-09 2.2343365e-06 2.4707842e-07 0.0012453427 2.5300886e-07 5.405123e-08 2.9264927e-06 1.7806535e-06 5.3559454e-08 5.289764e-05 1.5159648e-07 2.969716e-08 0.0011619411 0.0023874044 0.0016959886 2.6202991e-07 0.00011004909 1.4889285e-06 8.9204914e-05 1.934761e-07 0.004431565 2.3822186e-06 3.1504675e-07 1.7506245e-08 2.414582e-07 0.0005405005 0.006015767 5.193356e-05 0.0002961783
0.08357851 0.0006165635 0.000113759204 0.00010687911 0.00042948575 4.887543e-06 1.6179602e-05 5.49995e-05 1.20848745e-05 0.07620986 0.05823971 0.9187684 1.7472978e-05 1.0761002e-05 0.006074079 1.0552997e-05 1.0314191e-05 7.505617e-15 0.99906504 2.1201082e-05 0.5213256 0.0017385384 0.00077704096 1.0535183e-06 3.1203064e-05 0.05379433 0.6211262 0.16956587 0.00015135821 0.90046614 8.463082e-06 3.3168226e-07 0.066057175 0.06357288 1.8338455e-05 1.4030563e-05 0.016574929 0.017059749 1.0953461e-05 0.00143987 7.850908e-07 0.00030913256 0.0063630547 0.0008842516 0.00057407044 0.0004401773 0.00032494994 0.00013965425 0.00020191519 1.793425e-08 2.3590108e-05 0.0026779794 1.2051579e-05 2.6067106e-05 4.235348e-05 0.0012938011 0.0005139457 7.4386924e-05 5.8905705e-05 2.0791263e-06 2.853566e-06 2.726284e-05 0.0023740656 3.818515e-06 5.229261e-06 2.3177104e-06 0.00016711891 6.993949e-06 4.80388e-07 1.4477017e-05 1.4064382e-06 5.69305e-06 2.9149845e-07 1.5043254e-05 6.989364e-07 0.0002021246 1.1033478e-05 3.8978415e-06 0.00010670271 3.2726564e-06 6.6749743e-07 1.9948735e-05 1.3481484e-05 7.413431e-07 0.0001083104 3.1780368e-05 4.988499e-05 1.444131e-06 2.130719e-07 6.9314387e-06 3.863892e-06 4.443011e-07 3.1150674e-05 1.7828726e-06 3.0080728e-05 2.127962e-08 2.1432567e-07 2.3104289e-05 0.00013669356 1.5623158e-07 2.48467e-06
0.079872265 0.0007043373 9.255801e-05 0.00012087198 0.00056900195 4.2824195e-06 1.6982196e-05 7.251609e-05 2.3644523e-05 0.073857374 0.051121455 0.89177805 3.1489926e-05 1.945372e-05 0.006095459 1.0948261e-05 1.7548207e-05 0.99906504 1.7139085e-15 1.8611156e-05 0.5375559 0.0022216106 0.000740883 6.953688e-07 3.8091846e-05 0.050738536 0.69047374 0.15500595 0.00019606962 0.9387102 8.95698e-06 1.9248836e-07 0.065843314 0.06373044 1.6585815e-05 1.0524764e-05 0.016636003 0.014951562 8.298529e-06 0.0032770508 7.7266844e-07 0.00067325705 0.009899552 0.0011430148 0.00096304837 0.0008370509 0.00045385992 0.00027529924 0.00029263672 1.7675747e-08 1.862305e-05 0.0026891965 2.4546303e-05 7.50698e-05 6.5384e-05 0.0019910203 0.00042262475 0.00016519491 0.00010046168 5.9764593e-06 3.0957185e-06 2.766812e-05 0.0020127 6.9072607e-06 6.329935e-06 1.9074205e-06 0.00029195435 1.081942e-05 1.4964705e-06 1.2323815e-05 1.9406257e-06 4.0380824e-06 9.759418e-07 2.3506429e-05 1.4421794e-06 0.00019797563 1.4520462e-05 5.092371e-06 0.000117865864 4.2416596e-06 1.1885579e-06 2.6186606e-05 1.8034663e-05 8.9451095e-07 0.00011336856 3.0450843e-05 2.7192938e-05 1.1681632e-06 2.8139712e-07 5.613341e-06 5.2437836e-06 5.632815e-07 3.985566e-05 2.3719472e-06 3.06489e-05 2.4858382e-08 3.089685e-07 1.999441e-05 0.00014133212 2.8738478e-07 3.2461542e-06
0.054760702 0.00010722019 0.0007820062 0.0002694739 0.00015532869 0.011455235 0.029269187 0.007866452 0.41819963 3.5175046e-05 5.205105e-06 2.9606885e-05 0.014318348 0.25765288 0.0005174457 0.9866199 0.17143452 2.1201082e-05 1.8611156e-05 1.202701e-16 6.675827e-07 0.001181056 0.005785213 0.99233484 0.7493213 8.219823e-05 9.914105e-06 4.514412e-05 0.0065879356 2.391643e-06 0.13429154 0.18361996 1.4035152e-05 2.3817756e-06 0.011346607 0.40646347 1.0094903e-05 3.4982102e-06 0.009515463 1.0402756e-06 0.0013056577 5.723205e-07 2.1716893e-05 1.7873756e-06 7.770613e-06 8.250377e-06 0.0024022758 1.6408044e-06 0.0013182531 0.00046632663 0.004190199 3.671537e-06 2.0960555e-07 8.600357e-06 5.4724495e-07 0.00047036272 0.004380955 4.636159e-05 6.7722217e-06 9.664446e-07 1.0035897e-05 3.0884803e-05 3.6778572e-05 1.1148961e-05 0.00016184889 0.00013171429 0.00012403562 7.5173925e-06 7.076722e-06 0.00044561664 2.7028942e-05 0.0077111498 5.130348e-06 2.3858838e-06 3.585925e-06 6.270773e-05 7.544987e-06 2.8821382e-06 1.5952248e-05 1.9787472e-05 6.5621e-07 1.4815759e-06 7.980267e-06 2.8954366e-06 6.8450856e-05 0.0005839251 5.2289448e-05 4.0392224e-06 5.4975374e-07 2.0032649e-06 7.782527e-07 4.0032944e-07 0.000215531 1.98909e-06 2.5477752e-06 4.053705e-08 3.5293118e-07 2.1686325e-05 0.00018919958 3.2446624e-06 1.5929817e-06
0.90980273 0.028527815 3.7725708e-06 0.0004669975 0.00290805 1.2199646e-06 1.8500095e-05 0.00035268712 8.628907e-06 0.33658904 0.83458453 0.28346798 0.00016813225 3.2726985e-05 0.016944254 8.2338465e-06 1.7070268e-05 0.5213256 0.5375559 6.675827e-07 3.502235e-14 0.0031325847 0.0011955695 2.0827557e-08 7.0289193e-06 0.17710866 0.882433 0.97531426 0.00011528482 0.42729405 9.394555e-06 6.444996e-08 0.7415326 0.7708218 6.2585794e-05 1.693771e-06 0.57551146 0.17737292 9.362928e-06 0.104055986 8.8388985e-09 0.065951504 0.061016213 0.09472086 0.01799938 0.0391086 0.0005228324 0.043550104 0.00031505895 2.7977672e-08 2.7763062e-07 0.06691069 0.0031359177 0.0062848516 0.004961948 0.018347409 0.0013885987 0.0023013558 0.0012837271 0.001113826 0.00089744193 0.0013853865 0.02107168 0.00021562375 1.4331462e-07 5.1262964e-07 0.015334904 0.00034348655 4.0850526e-05 2.0263471e-06 5.820406e-05 0.00011249071 1.2468399e-06 0.00075022277 4.7403213e-05 0.007877218 1.0657798e-05 1.1028233e-06 0.00028450286 3.824532e-06 1.8488809e-05 0.00064217584 1.1662958e-05 2.993739e-06 0.0020970374 3.1915022e-06 4.3233e-05 1.7816325e-07 1.64748e-07 6.630654e-06 6.4440333e-09 1.9128133e-07 1.8344192e-05 1.1455902e-05 1.8194486e-06 5.4999305e-10 8.996935e-08 0.0010745088 0.0007265354 1.0370292e-05 2.35429e-06
0.9649442 0.12176949 0.037498213 0.46671826 0.7627055 0.03991329 0.025117122 0.77507204 0.13290255 0.39656165 0.18502486 0.007870531 0.6176512 0.10249076 0.9294316 0.017690051 0.06856056 0.0017385384 0.0022216106 0.001181056 0.0031325847 6.035228e-14 0.9818634 1.6510836e-05 0.0036706815 0.5750631 0.0004279264 0.040522233 0.47240946 0.0001869823 0.01114057 6.3703796e-05 0.0037353444 0.0006234435 0.024297768 0.00013318392 0.015149058 0.10662763 0.00090944156 0.00030175474 0.000102952385 4.4407956e-05 2.4248488e-05 1.2470155e-05 0.00040928167 6.076016e-05 0.1965529 2.6856724e-06 0.13536493 0.00011287198 6.793267e-05 0.21044862 4.405819e-06 3.053439e-05 7.77627e-06 8.49307e-06 0.09443538 0.0004173594 0.000134929 1.7422003e-06 1.1014967e-06 1.1436531e-06 1.8989234e-05 1.2708438e-06 7.18755e-05 0.00034939742 0.034272995 4.0369177e-05 2.7919128e-07 0.00018728677 9.3107093e-07 1.3988309e-06 5.3121767e-08 0.0008025923 7.999216e-06 0.04895688 4.151071e-06 4.7069764e-07 1.1221315e-05 2.3554194e-06 1.2747839e-06 0.0029462196 0.00013158534 8.759564e-07 0.010729246 0.0009475708 0.00069012895 7.7478467e-07 8.546701e-05 2.9797036e-05 1.2489995e-05 6.3197626e-07 0.00694364 5.9091726e-05 1.6318261e-05 8.647714e-08 3.6230443e-07 0.00015331335 0.011545433 4.4992635e-06 4.5692603e-05
0.9808191 0.079310425 0.0152480975 0.29729047 0.574797 0.040912002 0.03241426 0.5857723 0.119971044 0.17571025 0.11374601 0.0037812106 0.70046365 0.15169951 0.58841306 0.04715811 0.13918367 0.00077704096 0.000740883 0.005785213 0.0011955695 0.9818634 6.663464e-14 0.00013064318 0.0033395025 0.2524995 0.000118524375 0.0067290883 0.9299933 9.442848e-05 0.08167614 6.61753e-05 0.0012956804 0.00020047308 0.1113763 0.00057896366 0.003000469 0.04143478 0.024169086 1.9954578e-05 0.0005815108 3.983105e-06 1.540947e-05 1.8501039e-06 0.00012912408 5.132933e-06 0.5943733 5.6404804e-07 0.29274786 3.4192228e-05 0.0010909006 0.28192836 4.724791e-07 2.8989205e-06 1.1676652e-06 2.69225e-06 0.24774764 0.00012919787 5.4607826e-05 3.403068e-07 3.445907e-06 1.52859e-06 4.534997e-06 1.8837038e-07 0.0013033244 0.00461198 0.031267665 1.3112141e-05 1.0666485e-08 0.0011205563 7.5562593e-07 9.597939e-07 4.8488165e-09 0.00072334305 1.6356579e-06 0.056868184 2.428349e-06 3.1207585e-07 3.0362703e-06 3.4655325e-06 2.546268e-07 0.0022033174 4.6302604e-05 9.97208e-08 0.014136859 0.0041551054 0.0018719072 4.6430523e-07 0.00083862385 2.4457288e-06 0.00031769415 2.2035293e-07 0.026279839 1.2005246e-05 5.9087133e-06 1.1957934e-08 2.5553916e-08 0.00024162029 0.019059882 1.7666396e-06 0.00024075405
0.0007714459 1.8462397e-05 0.00029706882 0.00011201497 5.1559153e-05 0.0006772975 0.0004958374 0.00014251845 0.021323852 1.7888899e-06 1.7767707e-06 1.514938e-06 0.000253657 0.008592632 2.295632e-05 0.07586969 0.0042794556 1.0535183e-06 6.953688e-07 0.99233484 2.0827557e-08 1.6510836e-05 0.00013064318 8.875356e-20 0.25074 8.027515e-06 5.811298e-07 3.973423e-06 0.00011295156 7.529245e-08 0.0022232872 0.9988658 5.4663053e-07 6.909961e-08 0.00016499226 0.037317254 4.963632e-07 1.4765501e-06 0.00023139936 6.194806e-08 0.0002849854 1.953596e-08 2.0070454e-06 6.1329865e-07 1.7299048e-07 4.0661396e-07 7.31363e-05 1.5992003e-07 6.269541e-05 0.00020220828 0.000106029576 1.250924e-06 1.5272741e-08 2.6501502e-07 1.4024116e-07 2.3201133e-05 0.00021532494 4.5521692e-06 2.617834e-07 5.7177957e-08 3.2016032e-07 3.6460442e-06 1.3338259e-06 2.0847916e-07 8.969965e-06 6.826844e-05 7.058893e-06 2.2624288e-07 1.016248e-07 2.4904572e-05 9.407491e-08 0.00019608853 1.1381372e-07 1.8013003e-07 1.4643295e-07 2.072269e-06 6.7972263e-07 1.333091e-06 1.5938493e-06 2.1285722e-07 3.6918537e-09 5.727978e-07 2.1271153e-07 1.0705992e-07 1.1675411e-05 3.664193e-05 1.6163085e-05 4.1014396e-09 4.2613587e-07 1.3279588e-07 4.067908e-07 5.007663e-08 7.2016264e-06 1.5419216e-07 7.989229e-08 3.5029788e-09 1.0694817e-09 1.58973e-05 1.2514711e-05 3.7417327e-09 5.689777e-06
0.8823517 0.0002982375 8.215395e-05 6.0315564e-05 5.4504497e-05 0.0022343295 0.03911656 0.003115515 0.21055683 8.901972e-05 1.5401713e-05 1.0196137e-05 0.024878588 0.30891436 0.00028563925 0.8770051 0.8870193 3.1203064e-05 3.8091846e-05 0.7493213 7.0289193e-06 0.0036706815 0.0033395025 0.25074 1.3666699e-13 0.00022704554 1.1869648e-05 1.2574961e-05 0.018428229 0.00021996861 0.94093484 0.8378708 1.2106791e-07 3.160092e-06 0.16861907 0.9437149 2.3658745e-06 1.6376225e-05 0.46592882 2.857508e-07 0.5399251 6.008072e-08 3.4807288e-06 4.9970606e-07 5.674953e-07 1.1685331e-06 0.018290391 3.0909288e-07 0.014584351 0.044618696 0.07640831 0.00033128 2.844738e-08 5.3600667e-07 1.0136132e-07 0.00017198107 0.039099388 9.327964e-08 4.7403187e-08 5.0933373e-08 2.7197152e-06 4.126373e-05 8.1384904e-05 4.782694e-08 0.006884881 0.025894767 4.493091e-05 2.5229158e-07 1.575184e-08 0.0033668696 1.806539e-05 0.00019604832 1.6121132e-09 7.906762e-08 3.2602688e-07 0.0002713076 1.9673548e-06 7.0674105e-07 0.00021148263 2.0090725e-05 1.7691035e-07 3.0687431e-06 4.9839553e-08 7.198447e-08 0.0002861139 0.00091623096 0.0011573527 1.2726181e-06 8.424771e-05 2.5866422e-05 3.9641483e-05 1.8028928e-06 0.0023039503 3.984141e-05 1.0137215e-07 3.9026208e-08 5.6027297e-06 0.0038491604 0.0030127598 3.6397894e-05 0.00060526375
0.99018025 0.14455563 0.0024939335 0.07578695 0.23349777 0.0005648165 0.00089050806 0.023805197 0.0007568633 0.9189151 0.64195406 0.067653194 0.00913772 0.0014464108 0.89129347 0.0005997113 0.00040174878 0.05379433 0.050738536 8.219823e-05 0.17710866 0.5750631 0.2524995 8.027515e-06 0.00022704554 1.4063199e-12 0.02940936 0.8697314 0.016809763 0.004594239 0.00030672952 1.1901085e-06 0.2364 0.011262849 0.0031388183 1.5014575e-05 0.33760715 0.90583754 0.0002038162 0.004624806 2.9246482e-06 0.0014187412 0.0011115896 0.0020248964 0.010630118 0.000787798 0.20891652 0.00053876615 0.10384468 7.9422773e-07 3.8536888e-05 0.65803707 0.0001353942 0.00035060805 0.00010740799 0.00011539196 0.05149503 0.0067617935 0.0024013172 7.80109e-05 4.956844e-05 7.023569e-05 0.00081310235 4.957204e-05 3.6698024e-05 9.046786e-06 0.13932922 0.0010256339 5.3432577e-06 0.00045439063 6.3164393e-06 1.4877718e-06 7.3723197e-07 0.008903056 2.9854753e-05 0.11907867 1.2584102e-05 3.1023592e-06 5.4776265e-06 1.006087e-05 2.8533199e-05 0.010962806 0.0008595193 1.2198163e-05 0.021228867 0.0018494655 0.0025064992 2.3291639e-06 1.5568054e-05 2.539675e-06 2.4915475e-05 1.0549993e-06 0.0049032234 1.9336794e-06 0.00016529797 5.1185317e-08 1.7459136e-07 0.0001855633 0.012507476 2.5898511e-05 8.299997e-05
0.20667502 0.0003339245 4.0280305e-05 1.630067e-05 5.4400116e-05 2.6572225e-06 9.809382e-06 1.3222531e-05 2.4610963e-06 0.013690125 0.036522504 0.12597872 1.1183857e-05 2.1876735e-06 0.00093073095 2.1904898e-06 1.1644458e-06 0.6211262 0.69047374 9.914105e-06 0.882433 0.0004279264 0.000118524375 5.811298e-07 1.1869648e-05 0.02940936 5.4684177e-16 0.4213533 3.4918758e-05 0.9810998 5.154772e-06 2.8024846e-07 0.448965 0.9736504 8.029407e-06 8.9488e-06 0.1162562 0.03101503 1.899908e-06 0.08049252 2.4788227e-07 0.0099886665 0.18465766 0.11901722 0.0071640504 0.017696759 0.00012179443 0.00451599 8.065074e-05 1.7029957e-07 6.599653e-06 0.0032551696 0.0007860011 0.00071189535 0.00025150258 0.044757277 0.00025559159 0.001242501 0.0012860646 5.967896e-05 0.00016148255 0.001988176 0.029387336 9.161286e-06 1.9017897e-06 6.2957333e-06 0.0011011855 9.647577e-05 2.3275916e-06 1.2893262e-06 3.2172928e-05 0.00013645117 3.3435288e-07 0.000117059884 1.1172962e-05 0.00062134356 6.681158e-05 2.6886079e-05 0.0009033833 4.38554e-05 8.724837e-06 0.00015764241 3.5816818e-05 4.4621765e-06 0.00031162816 8.858938e-06 4.991038e-06 1.0327174e-05 3.143145e-07 3.4426736e-05 2.845989e-06 4.6200867e-06 8.619415e-06 3.123132e-05 1.598325e-05 1.4925759e-07 4.5157576e-06 0.0008972387 5.258013e-05 4.395254e-05 6.6577672e-06
0.9720612 0.026645795 0.00018242632 0.0030186828 0.012338709 6.0532744e-05 0.00016914948 0.0013659563 7.024386e-05 0.65461224 0.52307713 0.066745296 0.0010702634 0.00035907945 0.11821722 0.00028712008 0.000111738635 0.16956587 0.15500595 4.514412e-05 0.97531426 0.040522233 0.0067290883 3.973423e-06 1.2574961e-05 0.8697314 0.4213533 4.639332e-12 0.0008241621 0.05609909 3.284292e-05 3.213204e-06 0.87717026 0.35967362 0.00027747062 4.550546e-06 0.768314 0.6711357 5.473661e-05 0.075394996 2.1343178e-06 0.03872767 0.029677426 0.06633192 0.025793456 0.02414471 0.0051387446 0.01736414 0.0030240032 8.053548e-08 1.3747205e-06 0.36353144 0.0018212039 0.00417666 0.00197133 0.0018874472 0.004538227 0.0038256273 0.0011530616 0.0010421829 0.0010649427 0.0007914744 0.0017202134 0.0002469716 9.102675e-06 3.7892405e-06 0.046753027 0.00034084177 4.1456373e-05 5.4761884e-05 0.0001230847 4.528443e-05 5.918656e-06 0.00146937 2.3078479e-05 0.031083677 0.00018760479 4.8077116e-05 3.7108377e-05 7.2804774e-05 3.10019e-05 0.0030020361 0.00036032402 1.0853617e-05 0.008831072 0.00012527734 0.00022372323 2.0947496e-06 2.7376136e-06 1.5270507e-05 1.4992261e-06 2.940287e-06 0.0008261999 7.249324e-06 1.9532414e-05 2.336188e-07 3.301029e-07 2.314107e-05 0.0050067017 6.72445e-06 6.3162765e-06
0.95337665 0.0041366867 0.0051082573 0.055470936 0.06272946 0.022057183 0.026145734 0.45195082 0.27354535 0.018618815 0.010638326 0.0006642122 0.9313498 0.40621987 0.050083082 0.070671946 0.37442943 0.00015135821 0.00019606962 0.0065879356 0.00011528482 0.47240946 0.9299933 0.00011295156 0.018428229 0.016809763 3.4918758e-05 0.0008241621 7.4012503e-13 9.229886e-05 0.40801373 0.00022393712 0.000105399566 3.6809874e-05 0.9645418 0.0017181124 0.0003512332 0.0016901154 0.1638896 7.572769e-06 0.0049375244 1.0895676e-06 1.0652687e-05 3.0763954e-07 3.079877e-05 1.0180611e-05 0.72955406 3.3264084e-07 0.42220223 0.0002753846 0.003318981 0.03567962 6.3980275e-07 4.163465e-06 1.0183004e-06 1.9746085e-06 0.3375627 2.4500278e-05 1.16730625e-05 4.4600645e-07 3.869703e-06 6.0035363e-06 4.6571795e-06 4.771335e-07 0.005060791 0.008023203 0.0062391222 7.3047527e-06 3.1706907e-08 0.0040475246 4.0493505e-06 1.2183143e-05 1.6217145e-08 0.0001548111 2.098941e-06 0.011765922 1.0485377e-06 3.3617823e-07 1.8551296e-05 1.0258481e-05 7.4730565e-07 0.00071598805 2.432107e-05 2.3065937e-07 0.0029982594 0.0027943093 0.0013978202 9.626631e-07 0.0003288763 2.6987766e-06 0.00020369863 6.1519665e-07 0.013796196 6.72613e-06 2.4865449e-06 1.9325638e-08 6.9473714e-07 0.00019678785 0.01056078 4.9782248e-05 0.00011001111
0.054034375 0.00044205243 2.6270176e-05 2.4134288e-05 0.0001305052 2.438895e-06 5.212049e-06 4.8416496e-05 4.613427e-05 0.005985146 0.05006933 0.2957377 5.640077e-05 1.1412794e-05 0.000335658 1.5230119e-05 1.0233154e-05 0.90046614 0.9387102 2.391643e-06 0.42729405 0.0001869823 9.442848e-05 7.529245e-08 0.00021996861 0.004594239 0.9810998 0.05609909 9.229886e-05 4.6745416e-12 1.6367121e-05 1.356858e-08 0.0268692 0.96155316 7.051307e-05 6.3755374e-06 0.009938847 0.0060305125 6.3955995e-05 0.0073574414 8.0522847e-07 0.00064567954 0.42752737 0.08285349 0.00015072312 0.0029243557 3.1611846e-05 0.0010991363 3.7737133e-05 3.1822992e-08 5.0143776e-06 0.00029996893 0.00017700142 0.00033102074 0.00017188811 0.22885485 0.00065818935 2.9216839e-05 2.0520005e-05 2.943105e-05 8.559784e-05 0.0071776495 0.3426793 4.0152354e-05 6.5061827e-06 6.7090887e-06 2.035135e-05 4.992783e-05 6.9270573e-06 1.9006193e-05 2.3715931e-05 0.0017274446 3.4810712e-06 1.0447411e-05 2.8396113e-05 0.00019644995 1.1650629e-05 3.8858825e-06 0.0028902874 1.7982642e-05 1.0738489e-05 1.5274993e-05 7.4866284e-06 6.798792e-06 0.0001276867 1.4191781e-05 2.0351406e-05 3.3079257e-06 5.617601e-07 5.6767993e-05 4.716748e-06 3.55723e-07 6.183683e-07 6.959307e-05 1.0830098e-06 1.3362933e-08 1.0642293e-06 0.0012777331 5.0172403e-05 1.0956679e-05 7.030236e-07
