5.9423995e-28 0.1667462 0.8360878 0.06100292 0.007154755 0.18294625 0.00011814721 0.014727748 0.0002504435 0.872848 0.0014645867 5.86487e-07 0.2863697 3.70103e-05 0.0034237015 0.8382997 0.12454021 0.21412858 0.62818974 1.3860623e-07 3.7917147e-05 0.029604377 0.019714227 0.92213625 0.4556652 0.08927911 0.0017006143 0.24128065 0.96902937 0.4459035 0.023518754 0.8461638 0.89927924 0.044127245 0.00028384486 0.9560547 0.9051644 0.876447 0.005564816 0.87674296 0.8975199 0.10613062 0.7931772 0.87712127 0.54161483 0.0015784724 8.5613846e-07 0.9072796 0.75026864 0.9604053 0.94373196 0.5210151 0.034616653 0.00057141116 0.9312818 0.78457445 0.023916129 0.8727822 0.9510095 0.65592146 0.07678363 0.87940687 0.98178387 0.9212187 0.85266525 0.18052123 0.35593143 0.40462083 0.75753874 0.5992872 9.777445e-07 0.6142473 0.8240092 0.97184443 0.27037522 0.70797974 0.002159561 0.64591175 0.9949377 0.9444761 0.8193455 0.89353615 0.9996198 0.006441125 0.00013978069 2.5635407e-05 1.9280364e-05 0.027378175 0.0020733476 0.8561067 0.41840592 0.35047436 0.79179376 0.5439398 0.005657594 0.9997456 0.9884899 0.99054635 0.95105004 0.99951273 0.9998132
0.1667462 3.4979754e-14 0.8247144 0.68039834 0.9213977 0.22658217 0.54189384 0.23444556 0.8850339 0.74370104 0.49926308 0.4091442 0.14033936 0.59332234 0.24778417 0.3319575 0.06271437 0.05873706 0.08470927 0.059092984 0.031864442 0.0114936065 0.0056616124 0.34453413 0.017340014 0.00598356 0.0036612626 0.014708849 0.17773704 0.0032125728 0.0031810934 0.28943604 0.004125458 0.0004333604 9.382713e-05 0.19632143 0.0011292727 0.09336743 4.785633e-06 0.0068312995 0.019091465 9.281302e-05 0.02386145 0.028255975 2.2661992e-05 4.9311034e-06 2.9326168e-06 0.0085662445 0.0059336387 0.002129077 0.0047873063 0.0065907883 0.00030901466 9.438545e-05 0.0011318696 0.0036304467 7.5939015e-06 0.0030574908 0.0022701635 2.8229812e-05 0.00016230083 0.0023225828 0.0028546331 0.001591678 0.0008614835 1.7997893e-07 0.00011765417 6.082611e-06 0.0006372522 2.3651369e-06 1.7431694e-06 0.0026615101 3.4794168e-05 0.0003473818 8.670241e-08 2.3517744e-06 9.638808e-06 7.944285e-07 0.0010820447 0.00027182425 2.2827731e-05 0.0002444332 0.0006072845 4.8488696e-06 1.2304384e-06 8.590435e-07 4.291381e-06 1.7818035e-06 1.0285719e-06 0.0025419362 1.3624851e-05 7.44705e-06 0.002900421 1.7022677e-06 2.2343174e-06 0.025304144 0.008463761 0.006740026 0.0067217154 3.8412886e-06 0.00096623786
0.8360878 0.8247144 1.8698227e-14 0.8277417 0.55517685 0.7777503 0.027496617 0.42253935 0.2784952 0.87949574 0.024804797 0.011142068 0.04682488 0.16052695 0.0027920983 0.8743836 0.010749982 0.01887156 0.007303886 0.0071915686 0.00095816416 0.0037706576 0.0025529023 0.36162996 0.2724503 0.0030298503 0.00041649918 0.14086418 0.6815047 0.0011062489 0.034821317 0.38866904 0.0017724915 0.007147356 2.859111e-05 0.43237662 0.00023257657 0.1738026 3.226443e-05 0.26895717 0.01792514 2.4204406e-05 0.03800733 0.053252265 2.1815356e-06 1.6327771e-05 8.880795e-06 0.059153486 0.012757528 0.002149327 0.012932177 0.13695788 0.0029818602 1.35623395e-05 0.0009145177 0.0814747 3.880165e-06 0.0145465275 0.017515624 1.2361115e-05 0.0020330963 0.096076556 0.03642714 0.00020203288 0.03020338 5.5602047e-08 3.5793295e-05 2.1665621e-06 0.015490531 4.0944715e-07 7.0938845e-06 0.028601484 2.3278524e-05 2.1904385e-05 1.5836109e-07 1.2669362e-06 1.3929549e-06 1.4274779e-06 0.01473743 1.8195587e-05 5.473997e-06 2.9905674e-05 0.00040790267 1.308277e-06 5.17548e-06 4.8163556e-06 8.556817e-06 4.6793234e-06 4.2547217e-06 0.016805165 9.828598e-06 7.1972254e-06 0.006771141 2.2548695e-06 7.691077e-06 0.007668055 0.039741002 0.025549168 0.06725663 2.8436857e-06 0.00043881385
0.06100292 0.68039834 0.8277417 3.9076978e-17 0.71337646 0.9321194 0.013916201 0.96538144 0.42429283 0.3513098 0.0041916715 0.036330458 0.0011079996 0.37955144 9.775152e-05 0.47595966 0.0003428809 0.00084883097 9.995432e-05 0.037581645 9.661526e-05 0.00021939584 2.8720944e-05 0.018799745 0.14945073 0.00027888914 8.604111e-05 0.12497931 0.13088945 9.484907e-05 0.02650555 0.035344988 4.7397563e-05 0.0059457067 1.8940394e-06 0.05032152 9.565494e-06 0.008894989 6.1029624e-07 0.10078623 0.0001585254 3.5761202e-06 0.00027145952 0.00044426406 7.812949e-07 1.0189347e-06 4.767831e-06 0.0010835705 0.00020452104 1.550968e-05 0.0001280225 0.0075341663 0.0011663527 6.1221494e-06 6.288425e-06 0.0022274232 2.6458142e-07 0.00028989484 0.00034740963 4.2777497e-06 0.0004949032 0.0039532795 0.00050898246 2.2707683e-05 0.00044321502 7.0310776e-08 9.7387465e-06 8.603397e-07 0.0011194417 1.5717785e-07 9.0535826e-07 0.0013534941 5.4678776e-06 5.4538552e-05 1.2050733e-08 1.5074389e-07 3.4207653e-07 1.2793602e-07 0.0001640565 1.8903967e-05 7.750944e-07 4.9594096e-06 3.1567895e-05 1.12459425e-07 4.3618985e-07 1.4416815e-06 8.326997e-06 5.030363e-07 4.6237074e-07 0.0010690369 3.167921e-07 1.2016218e-07 0.0009847363 1.969629e-07 5.5069665e-07 0.0009651949 0.009621634 0.004708946 0.005184744 1.8463346e-07 2.1483462e-05
0.007154755 0.9213977 0.55517685 0.71337646 3.4690647e-15 0.25406912 0.147014 0.4449618 0.87702477 0.16708067 0.059865247 0.592134 0.003685264 0.80762374 0.0048990143 0.12521853 0.001735122 0.00038843066 0.00025420307 0.16465996 0.0030630769 0.0003768885 0.00012244066 0.033297677 0.01643724 0.00026070653 0.0002208664 0.01752717 0.057581004 3.2432563e-05 0.008505891 0.019556394 1.5996473e-05 0.0006812673 1.5459759e-06 0.021433214 7.2775442e-06 0.007180724 2.6141768e-07 0.0065965354 0.0006275697 2.7940025e-06 0.0011252837 0.0010262033 5.6199883e-06 1.5288285e-07 1.8586758e-06 0.00015438367 0.0002483412 2.6695605e-05 0.00023426929 0.0017094559 0.0003003789 8.707273e-06 0.00024621366 0.0006945957 1.5112317e-07 0.0005802605 9.3500115e-05 5.9377307e-06 0.00043565253 0.0007991607 0.00014280117 6.985113e-05 6.186544e-05 4.311551e-08 1.2132752e-05 5.1965044e-06 0.00045278564 1.5955601e-06 5.736643e-07 0.0024530336 1.4211541e-05 4.6283752e-05 1.3159424e-08 7.576926e-07 2.0552552e-07 6.613782e-07 9.575064e-05 5.3384665e-05 8.249212e-06 0.000116711744 6.546012e-05 2.638117e-07 9.591405e-07 3.867615e-06 1.0601425e-05 8.030865e-07 8.0814726e-07 0.00080228515 4.2447355e-06 2.6612954e-06 0.0017231961 7.94158e-07 6.6162994e-07 0.0055632135 0.0040788325 0.0032885375 0.002963515 2.9116438e-06 6.992018e-05
0.18294625 0.22658217 0.7777503 0.9321194 0.25406912 1.1850269e-15 0.000314054 0.9401761 0.054526392 0.16008681 0.00032711402 0.000735061 0.00023757188 0.07501145 6.0422444e-06 0.72400963 9.5553056e-05 0.00027709987 8.088598e-05 0.00492942 7.791922e-05 0.00014065871 5.253885e-06 0.0019045132 0.6239761 0.00016268561 3.4564182e-05 0.6336902 0.25374955 4.8909027e-05 0.29493523 0.013620466 1.0170789e-05 0.038976934 1.4112597e-05 0.077146955 4.2151623e-06 0.005205644 2.1311691e-06 0.44021496 0.00033315373 7.4177586e-07 0.0007198647 0.00046197147 6.962075e-07 1.4121301e-06 4.73158e-06 0.0022248374 0.00046710513 3.9425545e-06 0.00011542994 0.07039174 0.017197888 7.340123e-06 1.0739278e-05 0.017071093 4.820089e-07 0.0012110892 0.0002500323 8.3007717e-07 0.005975653 0.08612962 0.0020752882 4.2452452e-06 0.0072440514 3.1162397e-08 2.3107848e-06 1.2567892e-06 0.019034743 1.7632352e-07 1.342842e-06 0.023093723 5.5426364e-07 2.090746e-06 1.5974617e-08 3.1959917e-08 4.187694e-07 5.5276892e-08 0.0018343984 1.121199e-06 1.02965586e-07 1.1702025e-06 1.1323115e-05 2.9105595e-07 2.3307416e-06 5.7923558e-06 9.010269e-06 5.899875e-07 1.0734593e-06 0.01112952 3.7614322e-07 1.3812182e-07 0.006100504 9.115097e-08 1.2145805e-06 0.0034783967 0.0536862 0.032371845 0.07104521 1.9265623e-07 0.000331094
0.00011814721 0.54189384 0.027496617 0.013916201 0.147014 0.000314054 3.460361e-19 0.0011541855 0.11046144 0.052685563 0.83740485 0.08826593 0.028872848 0.0009835376 0.44141468 0.0013461771 0.038257338 0.008048052 0.017113293 0.045609433 0.29221833 0.0018729992 0.0031411555 0.04206273 5.8878218e-06 0.0004668087 0.0034180137 1.1032109e-05 0.003971607 0.00025695068 4.8767233e-06 0.0028329492 0.0014981619 4.0919576e-07 6.393675e-06 0.00053479016 2.8629362e-05 0.000834974 1.0061838e-07 1.2045132e-05 0.0019230095 1.2300701e-06 0.001276934 0.00028605282 4.568393e-07 1.8604366e-08 3.107261e-07 3.6241156e-05 3.8060723e-05 3.3419125e-05 1.2588555e-05 2.378337e-06 6.4852197e-06 1.4207048e-06 6.9352604e-06 5.2081566e-07 2.7769797e-08 1.7293904e-05 1.991377e-06 3.369781e-07 2.9232973e-07 2.3957324e-05 1.4681723e-05 4.7314265e-06 6.998535e-07 1.1694706e-08 2.1252933e-06 1.4940358e-07 1.5292586e-05 1.4816683e-07 5.9553052e-08 5.107448e-06 1.6018204e-06 4.370274e-06 3.7789512e-08 3.466764e-07 3.0940065e-08 1.5319664e-07 1.2667641e-05 4.409514e-06 1.5826015e-06 2.0310001e-06 7.667623e-05 1.1194554e-08 8.775388e-08 7.787148e-08 1.5444765e-07 2.0127198e-09 5.7344707e-09 9.76949e-06 9.507135e-08 3.7658626e-08 6.2586216e-05 7.564959e-08 1.1756656e-08 0.00032567375 0.000111078836 5.6476398e-05 0.00025498052 3.057148e-07 5.728841e-05
0.014727748 0.23444556 0.42253935 0.96538144 0.4449618 0.9401761 0.0011541855 5.1718157e-13 0.11695896 0.015567395 0.00059146417 0.018964669 4.5319124e-05 0.32652155 3.8132697e-05 0.13554974 2.6091058e-05 6.3043284e-05 1.8064338e-05 0.047833446 7.248263e-05 6.020459e-05 9.3653925e-06 0.0004157753 0.22901408 3.0999774e-05 1.8196264e-05 0.33991393 0.017097529 1.2470368e-05 0.13265936 0.0014784454 1.2174861e-05 0.026470708 1.29566e-05 0.007964662 5.164229e-06 0.00046381584 3.168954e-07 0.042952336 2.1403728e-05 5.239562e-07 7.8447e-06 2.2331276e-05 1.177544e-06 1.1164234e-06 1.713883e-05 0.0002379948 2.3247645e-05 5.6760143e-07 7.323907e-06 0.0021273673 0.0034220794 1.1060416e-05 6.2591585e-07 0.00051692384 5.480691e-07 5.8256872e-05 1.8411125e-05 4.4076473e-06 0.00100009 0.0038189709 0.00019676045 2.0248538e-06 0.0001934847 7.327763e-08 3.2816793e-06 3.314369e-07 0.0023196975 7.1573204e-08 5.709187e-06 0.0020581183 9.4739494e-07 3.7173247e-06 9.738806e-09 7.099319e-08 1.2663588e-06 8.8567745e-08 0.00021306165 1.0672428e-06 7.769345e-08 4.536284e-07 2.9059998e-05 1.5138498e-07 4.109895e-06 1.4662175e-05 1.4348091e-05 2.1942458e-07 9.247878e-07 0.0014128186 5.2225822e-08 2.3248827e-08 0.001093328 1.0209184e-07 2.497988e-07 0.0021344544 0.01106643 0.006853201 0.021161536 2.9608367e-08 6.3142805e-05
0.0002504435 0.8850339 0.2784952 0.42429283 0.87702477 0.054526392 0.11046144 0.11695896 1.4938821e-16 0.110087946 0.06360078 0.76490885 0.012911412 0.46614745 0.009952989 0.011837646 0.0032323967 0.003800822 0.0018527155 0.2674606 0.007860558 0.0007437827 0.00015337097 0.019428318 0.002369769 0.0005217615 0.00030042185 0.0011793165 0.010463911 0.00034044852 0.00059280306 0.009392571 0.0010195344 3.734856e-05 2.0321404e-05 0.0042363424 0.00015417137 0.0026753612 1.0613346e-06 0.0005149176 0.0013320602 7.759756e-06 0.0011739387 0.00094270264 6.580415e-06 3.8216973e-07 5.0293966e-06 0.005582839 0.00074524607 0.00027987364 5.85595e-05 0.0005753436 0.00016964076 0.00010788567 0.0010816671 0.00019093697 7.275025e-08 0.0007785631 6.656114e-05 7.9183636e-05 8.038958e-05 0.0017720892 0.00037736882 4.491831e-05 4.0907955e-05 2.2340075e-07 3.9762836e-05 1.7231e-05 0.0006808308 5.1966185e-06 2.0149766e-07 0.0012079132 3.500331e-05 6.567766e-05 1.0626159e-06 5.9593845e-06 1.6590592e-07 9.211376e-07 9.839772e-05 3.357582e-05 1.7586053e-05 6.0597842e-05 0.0002774198 8.7603375e-08 1.9060839e-06 2.1336625e-06 4.7929866e-06 2.5315973e-07 8.593781e-08 0.0008667605 4.410414e-06 7.1975683e-06 0.0045949332 2.8819557e-05 2.6313853e-07 0.006370441 0.0018023034 0.0015520024 0.0012349257 1.5537447e-06 0.00019346553
0.872848 0.74370104 0.87949574 0.3513098 0.16708067 0.16008681 0.052685563 0.015567395 0.110087946 1.1500142e-15 0.124674685 0.006253849 0.6715076 0.017572803 0.024736607 0.5089874 0.24093299 0.5137946 0.30138758 0.0010947996 0.0007424047 0.027589886 0.011710164 0.8909176 0.023827875 0.019134754 0.0017134392 0.0072338795 0.83022213 0.0041453885 0.004094359 0.73590755 0.0071293083 0.00023744458 6.420117e-05 0.5296236 0.00024935981 0.34680808 6.393026e-05 0.03994861 0.104215756 1.3320914e-05 0.13735755 0.18744989 1.7449149e-07 1.6717828e-05 5.797352e-06 0.115738645 0.056793243 0.012195651 0.06992552 0.059308074 0.0006234694 6.233326e-06 0.002670695 0.04970732 1.08271e-05 0.053783737 0.03589237 1.1139692e-05 0.00055186154 0.02452346 0.04486922 0.0010004034 0.015481811 8.372096e-08 3.0067364e-05 9.942884e-07 0.0074887215 2.1444978e-07 1.7327341e-06 0.012544645 4.3123553e-05 0.0002556284 3.6934896e-08 2.055714e-07 5.408627e-07 2.2556726e-07 0.015484373 9.822671e-05 8.431841e-06 2.3215849e-05 0.0017954574 1.2357397e-06 7.938355e-07 1.2954924e-06 5.421979e-06 2.0840753e-06 2.603579e-06 0.008473537 8.657369e-06 6.3277807e-06 0.0047799866 2.7850865e-07 3.1386712e-06 0.011424764 0.013690516 0.013532625 0.024825007 7.8698804e-07 0.0008130756
0.0014645867 0.49926308 0.024804797 0.0041916715 0.059865247 0.00032711402 0.83740485 0.00059146417 0.06360078 0.124674685 2.6833018e-17 0.016788078 0.1450239 0.0007622289 0.8817486 0.0036343315 0.29267582 0.040565636 0.120017484 0.014733277 0.47344267 0.02983627 0.07828106 0.11114282 3.5923415e-05 0.007110673 0.052210156 1.0812066e-05 0.0069126454 0.006871778 1.2311892e-05 0.012631518 0.015577098 6.0728235e-07 0.00011067363 0.002045823 0.0010015604 0.0034707738 5.0884e-06 2.3694138e-05 0.015471687 2.8968909e-05 0.010637303 0.0021486497 4.26797e-06 1.5881692e-07 4.7339586e-06 0.00014414561 0.0005345548 0.0011992271 8.45343e-05 5.82223e-06 8.773702e-05 9.465081e-07 0.00046007519 2.2659863e-06 3.1725074e-07 0.0002235413 1.1098432e-05 1.6950517e-05 8.163501e-06 1.9687128e-05 5.9483387e-05 2.7155284e-05 3.7242514e-06 1.10174526e-07 3.117118e-05 2.397043e-06 9.989285e-05 1.5315683e-06 3.691474e-07 0.00015906483 2.4909441e-05 4.3141616e-05 7.2013273e-07 3.5074268e-06 2.2441954e-07 1.0963896e-06 5.485921e-05 3.3482e-05 6.727349e-06 2.2518274e-05 0.00041110095 2.7163182e-07 1.2635138e-07 6.743046e-08 2.8884463e-07 3.7068634e-08 3.5096548e-08 0.00018781406 1.0444269e-06 7.2077927e-07 0.00045893056 2.4514545e-06 2.291828e-07 0.0013313383 0.0009275658 0.00035704143 0.0017902647 1.4599158e-06 0.00015685106
5.86487e-07 0.4091442 0.011142068 0.036330458 0.592134 0.000735061 0.08826593 0.018964669 0.76490885 0.006253849 0.016788078 1.963459e-18 0.0012878584 0.03996935 0.0012407876 0.0008972036 0.00080013386 0.0008689741 0.0005451183 0.35868615 0.0031553719 0.00018557056 1.618224e-05 0.0018535885 6.646276e-05 4.4486205e-05 0.00010589123 8.0047146e-05 0.0005146523 6.683688e-05 5.6451678e-05 0.00046637043 8.875245e-05 1.3715731e-05 1.5093348e-05 0.00029364286 4.4511413e-05 0.00080516405 5.740977e-07 4.541907e-05 0.00035278537 2.6525763e-06 0.00038930768 0.00022749986 1.7591396e-06 1.1863508e-06 2.8204959e-06 0.00018595393 0.00020886716 4.7877944e-05 2.020426e-05 3.8108086e-05 2.1273123e-05 2.3363486e-05 0.00032376492 3.0054475e-06 1.277289e-07 0.00020731468 2.6420725e-05 1.1392015e-05 6.275197e-06 8.395768e-05 4.3432025e-05 1.7558337e-05 6.014109e-06 1.5159222e-06 1.708799e-05 1.086188e-05 0.00013717505 1.0627786e-05 7.125721e-07 0.00019026187 8.9197465e-06 2.033249e-05 1.6862522e-06 1.5364743e-05 2.9753692e-06 5.074504e-07 3.4295135e-05 4.2989283e-05 1.4423231e-05 5.38677e-05 5.7766425e-05 2.4891563e-07 4.47053e-06 1.9129075e-06 5.5422056e-06 3.022436e-07 4.1736394e-07 0.00011319754 3.837429e-06 4.1444846e-06 6.966326e-05 2.34529e-06 7.2457675e-07 0.00038603027 0.0002311263 0.00024380673 0.0004593194 1.5984997e-06 1.6288612e-05
0.2863697 0.14033936 0.04682488 0.0011079996 0.003685264 0.00023757188 0.028872848 4.5319124e-05 0.012911412 0.6715076 0.1450239 0.0012878584 2.116931e-19 0.00021204994 0.110621765 0.0077794893 0.8299401 0.9781123 0.90400183 0.00020811736 0.0021912525 0.16787912 0.15329784 0.8878296 3.5423756e-05 0.0674813 0.0057543577 4.6523342e-05 0.0842832 0.033572003 3.6585086e-05 0.2759521 0.07327265 2.397211e-07 0.00048312586 0.09725389 0.0074516195 0.09298737 0.00015907803 0.000119042634 0.22745462 0.00065270497 0.21588142 0.1457571 4.720382e-05 1.4542803e-05 2.8967954e-06 0.010877269 0.040026978 0.01396342 0.054863717 0.0011544034 4.8693593e-05 4.2891224e-06 0.007247769 0.0012272426 2.2203607e-05 0.014893307 0.0045753107 6.6036795e-05 9.744729e-06 0.00094564527 0.0044470364 0.0008727063 0.00053740194 3.8538225e-08 4.0468512e-05 4.93333e-07 0.00015510622 9.336953e-08 4.4040857e-07 0.0003124584 3.0098661e-05 0.00021351139 1.8634152e-09 1.7749896e-07 9.716579e-07 1.554886e-08 0.0010327051 9.555902e-06 1.6830952e-06 2.1566395e-05 0.0027513274 1.4889173e-06 4.0898902e-07 2.0258024e-06 1.8506138e-06 1.4481623e-06 3.1789748e-06 0.00041788816 9.262088e-07 5.0669354e-07 0.0007818675 9.7487536e-08 1.4604615e-06 0.0017744999 0.0011186488 0.0017332927 0.0034520896 1.3571149e-07 0.00045418923
3.70103e-05 0.59332234 0.16052695 0.37955144 0.80762374 0.07501145 0.0009835376 0.32652155 0.46614745 0.017572803 0.0007622289 0.03996935 0.00021204994 2.080398e-15 2.3541137e-05 0.019911515 0.00014582167 9.36646e-05 0.00022204785 0.6160355 0.000105502855 8.2543476e-05 1.8712066e-05 0.0021327676 0.009213995 8.6909e-05 5.098438e-05 0.010577335 0.0071437503 0.0003835611 0.0073929075 0.00090710714 0.00013594526 0.00087495014 1.5628947e-06 0.0009998807 0.00017164582 0.0003689779 5.753962e-07 0.0009795268 0.00013748294 1.2651946e-05 7.8936035e-05 3.899256e-05 1.3618355e-05 1.4485047e-06 1.3863121e-07 0.000112022026 0.00016837809 4.7852723e-06 1.4417565e-05 0.00019645444 0.00024551724 7.3843917e-06 1.7320097e-05 3.0218367e-05 8.3445775e-07 0.0002598618 6.5961167e-06 3.2159628e-06 0.00038485727 0.0004601362 8.129158e-05 4.678003e-06 1.6831924e-05 1.1346947e-06 6.492435e-06 1.0340349e-05 0.00037777607 9.674549e-06 4.420958e-08 0.0002247362 4.981656e-06 2.3092105e-05 3.917839e-06 2.61803e-06 4.000974e-07 1.7306368e-06 0.00014842601 3.2350854e-05 2.6652094e-06 7.308355e-06 1.4134714e-05 1.953148e-07 1.3650152e-06 1.7258411e-07 6.0611484e-07 1.542115e-06 2.5050088e-07 0.00015266016 1.1155973e-06 9.796653e-07 0.00022086281 2.2178563e-06 1.2441034e-06 0.0015645219 0.0013643205 0.0010504664 0.003716292 1.03286595e-07 6.797085e-05
0.0034237015 0.24778417 0.0027920983 9.775152e-05 0.0048990143 6.0422444e-06 0.44141468 3.8132697e-05 0.009952989 0.024736607 0.8817486 0.0012407876 0.110621765 2.3541137e-05 2.0740307e-19 0.0005666182 0.32899937 0.029918812 0.1075582 0.0016514309 0.8048579 0.13049616 0.492069 0.05649814 3.7983507e-06 0.022742651 0.56271356 4.747483e-07 0.0015194895 0.01359087 1.0812864e-06 0.0057532713 0.031453464 1.06218664e-07 0.0017685667 0.0008570175 0.0039508804 0.0009052746 5.0729315e-05 8.019489e-06 0.011832797 0.00022122414 0.005002876 0.000855621 2.7962562e-05 5.3292086e-07 1.8103297e-05 7.763965e-05 0.000676901 0.00080931844 6.8677095e-05 3.4937413e-05 8.6961234e-05 1.3816405e-06 0.0012278393 6.306309e-06 2.3517035e-07 0.00018930336 3.0559528e-05 5.783125e-05 1.0226189e-05 3.229697e-05 5.7267054e-05 7.4112955e-05 1.3821908e-05 2.1666229e-07 9.602388e-05 5.5009223e-06 0.00025602095 3.4885186e-06 7.019009e-07 0.00015407921 5.1630603e-05 7.5645665e-05 1.00317e-06 1.3025272e-05 6.5344636e-08 4.330668e-06 5.942827e-05 3.4031527e-05 2.1606846e-05 8.944036e-05 0.00030973693 6.069069e-08 2.904422e-08 2.8364862e-08 2.0552338e-07 2.638445e-08 3.371014e-08 0.00014295446 5.5611868e-06 3.7116251e-06 0.0006105571 2.192584e-06 8.3323656e-08 0.00054662355 0.001242933 0.00042907058 0.0012289773 9.488901e-06 0.00013021888
0.8382997 0.3319575 0.8743836 0.47595966 0.12521853 0.72400963 0.0013461771 0.13554974 0.011837646 0.5089874 0.0036343315 0.0008972036 0.0077794893 0.019911515 0.0005666182 6.06804e-15 0.0008409888 0.0033414299 0.00031913718 0.00056588434 0.00019403055 0.0004931033 0.00013651859 0.04476456 0.74968576 0.0002546828 0.00013775975 0.51373297 0.9255789 1.5200996e-05 0.07830008 0.22781923 9.18016e-06 0.019944083 2.5748508e-05 0.36221457 2.894509e-06 0.07327243 8.037252e-06 0.68006724 0.0011026652 2.4899216e-06 0.004775993 0.020464309 9.8703495e-08 4.9362743e-06 3.138818e-06 0.092214875 0.0055389195 0.00019895661 0.011320071 0.23832625 0.0037916678 5.7563143e-06 1.2686333e-05 0.13117099 7.258528e-07 0.012161564 0.02030164 9.469461e-07 0.0018566864 0.22138175 0.070135966 7.199051e-06 0.0900182 1.1751387e-08 3.0222068e-06 1.8470777e-07 0.046448037 1.1481816e-08 2.0466464e-06 0.053800642 1.5683056e-06 1.5126052e-06 3.5039878e-09 1.6063712e-08 7.037716e-07 2.2453865e-08 0.057959948 1.3876805e-06 1.2180075e-07 4.554116e-07 0.00013349281 1.08750015e-07 2.2867075e-06 2.4874723e-06 3.997463e-06 3.4833005e-07 1.9193121e-06 0.047341928 1.447714e-07 7.252677e-08 0.018411517 1.2869478e-08 8.3019984e-07 0.015588202 0.041707356 0.036313556 0.06182307 1.2052622e-07 0.00043098538
0.12454021 0.06271437 0.010749982 0.0003428809 0.001735122 9.5553056e-05 0.038257338 2.6091058e-05 0.0032323967 0.24093299 0.29267582 0.00080013386 0.8299401 0.00014582167 0.32899937 0.0008409888 9.024696e-18 0.53775424 0.93549305 0.00015966897 0.036776055 0.93849295 0.7565321 0.4731738 3.3513887e-05 0.7517495 0.14640823 1.085285e-05 0.013030137 0.5223119 1.0030233e-05 0.07906167 0.50446206 3.725333e-07 0.029938905 0.026905581 0.07116728 0.03865358 0.0019679987 3.9997817e-06 0.20939064 0.002675239 0.09026714 0.03741336 0.00012599913 2.4074221e-05 5.7635757e-06 0.00201633 0.009946741 0.011753312 0.0073696603 0.00025758467 1.593344e-05 6.900447e-06 0.019151248 0.0004523831 2.3052764e-05 0.002225204 0.0009061167 0.00017718162 7.0941283e-06 0.0003658189 0.0012444446 0.0023742954 0.00023504134 6.6866784e-07 0.00020058553 9.457156e-06 1.5392052e-05 6.0870557e-06 1.1139996e-06 6.373419e-05 0.00020710402 0.0007373698 4.198128e-08 5.1184975e-06 3.342784e-06 5.336008e-07 0.0002622581 0.00031419809 2.7988895e-05 0.0002933772 0.0022885369 2.425773e-06 6.393782e-07 4.8569757e-07 1.4764994e-06 5.5092835e-07 2.432913e-06 2.306376e-05 7.722122e-06 6.961409e-06 0.00032417304 1.4866258e-06 2.6365162e-06 0.00039348824 0.0005466123 0.00039036316 0.0011631829 1.98166e-06 7.112144e-05
0.21412858 0.05873706 0.01887156 0.00084883097 0.00038843066 0.00027709987 0.008048052 6.3043284e-05 0.003800822 0.5137946 0.040565636 0.0008689741 0.9781123 9.36646e-05 0.029918812 0.0033414299 0.53775424 3.678296e-20 0.9185833 0.00025417373 0.0011355558 0.105963334 0.061927762 0.82752985 8.6310174e-05 0.05888572 0.002364562 0.00017727153 0.099894166 0.045191392 0.00017938255 0.3084145 0.14050227 1.7510387e-06 0.00039392096 0.11032124 0.022897147 0.13477777 0.00041115304 0.00013181305 0.43349352 0.0008324444 0.33080402 0.17280623 0.0002885538 4.591485e-05 4.7221492e-06 0.023261225 0.092306904 0.051517736 0.078123696 0.0019595458 6.1963096e-05 8.286769e-06 0.016851014 0.0023873406 1.8560533e-05 0.027518876 0.01261845 0.000280664 2.043102e-05 0.0012253143 0.008904796 0.0014537512 0.001147095 8.5779504e-07 0.00021296962 1.6427999e-05 0.00020235144 1.2460971e-06 2.6191603e-07 0.00018132612 0.000122067926 0.00052961195 5.9448077e-08 1.0037672e-06 3.1552647e-06 1.9585478e-07 0.0015242129 9.841415e-05 4.2754433e-05 0.0001576564 0.004568956 2.7738672e-06 8.368948e-07 4.0172754e-06 3.1335987e-06 9.8694745e-06 7.799509e-06 0.00022516912 7.841094e-06 4.6671034e-06 0.0006216787 7.7608405e-07 8.89456e-06 0.0018827999 0.0005958772 0.0007577003 0.0017186155 5.037141e-07 0.0009151899
0.62818974 0.08470927 0.007303886 9.995432e-05 0.00025420307 8.088598e-05 0.017113293 1.8064338e-05 0.0018527155 0.30138758 0.120017484 0.0005451183 0.90400183 0.00022204785 0.1075582 0.00031913718 0.93549305 0.9185833 1.5169072e-19 0.00011713928 0.00668467 0.5806375 0.4452847 0.8276997 1.019149e-05 0.48205453 0.01976685 5.533476e-06 0.020178787 0.4457208 7.996395e-06 0.18232945 0.599489 8.554793e-08 0.0025364794 0.045236286 0.15959384 0.11124977 0.0021559806 4.751893e-06 0.624236 0.005022198 0.38188246 0.21408507 0.0015952035 0.00013079887 2.751042e-06 0.005161649 0.11119142 0.120497085 0.12006094 0.0014586236 3.2904445e-06 3.5503756e-06 0.10968035 0.001387203 0.00014259337 0.024674077 0.0090341475 0.0011842293 6.839222e-06 0.00074834307 0.003794808 0.016468395 0.0007402163 3.3950598e-06 0.0014330642 4.219311e-05 6.3036605e-05 1.386533e-05 3.8580646e-07 0.00021861824 0.0015224187 0.003472613 2.6218217e-07 2.4212255e-05 3.967009e-06 3.1618044e-06 0.00054388266 0.0014237635 0.0005352152 0.0013400933 0.015807163 8.941558e-06 3.8016861e-07 1.0376173e-06 1.5761971e-06 1.50150045e-05 5.827929e-06 0.0002198734 0.00016229016 0.00012095891 0.0007758958 1.053121e-05 5.0784133e-06 0.001049151 0.0011245023 0.0012361641 0.0011173118 4.8845327e-06 0.00041951792
1.3860623e-07 0.059092984 0.0071915686 0.037581645 0.16465996 0.00492942 0.045609433 0.047833446 0.2674606 0.0010947996 0.014733277 0.35868615 0.00020811736 0.6160355 0.0016514309 0.00056588434 0.00015966897 0.00025417373 0.00011713928 1.4045537e-19 0.010284637 0.0002726496 4.6384765e-05 0.000328956 0.00054468075 0.00012888087 0.0014202594 0.00069701404 0.0008447987 0.000114849936 0.0010672633 0.00029460245 0.00025956385 0.00011261973 0.00034242225 0.0013488564 0.00027805235 0.0008939725 6.645299e-07 6.238159e-05 0.00043844196 9.351023e-06 0.00017107042 0.0002332992 3.4548113e-06 9.066258e-07 0.00017499903 0.00019310351 0.00048179177 0.00011794379 0.0005910207 0.00044949513 2.6761038e-05 0.00011915474 3.979713e-05 0.0001377654 6.577779e-08 0.00041050834 0.00031755905 3.9243087e-06 1.9493782e-05 0.00013657603 0.00013131418 2.3283475e-05 5.8505524e-05 5.4219925e-07 7.191373e-06 5.5162573e-06 4.847351e-05 4.957055e-06 7.8900775e-06 0.00023479176 6.3878797e-06 1.6134547e-05 3.976704e-07 6.2442587e-07 5.553939e-07 1.5279247e-07 9.226604e-05 5.4182867e-05 7.67541e-06 2.1680016e-05 0.00020684741 1.801151e-07 2.960337e-06 1.6913077e-06 2.9416137e-06 8.279373e-08 2.2463557e-07 0.00024834194 1.186954e-06 5.6242374e-07 0.00021712454 1.8468937e-06 2.2032457e-07 0.0012303301 0.00064739055 0.0018263885 0.00043682844 4.3659642e-07 0.000103296705
3.7917147e-05 0.031864442 0.00095816416 9.661526e-05 0.0030630769 7.791922e-05 0.29221833 7.248263e-05 0.007860558 0.0007424047 0.47344267 0.0031553719 0.0021912525 0.000105502855 0.8048579 0.00019403055 0.036776055 0.0011355558 0.00668467 0.010284637 3.304423e-17 0.030991897 0.30891684 0.0021605087 2.4790686e-05 0.006905137 0.7297913 2.3696205e-06 4.864625e-05 0.0026907383 8.69461e-06 7.4484815e-05 0.0035419702 3.2674154e-07 0.032985628 6.510959e-05 0.0011445866 0.00013125384 0.00097114284 2.9111857e-06 0.00062928884 0.00042452294 0.0002144176 0.00013804367 0.00014276714 5.0759903e-05 0.00077926833 5.554723e-05 0.00019272469 0.0002834807 4.957776e-05 1.379953e-05 4.9675014e-05 5.41748e-05 0.00017902844 9.151855e-06 2.9430264e-05 0.0002333059 5.2658812e-05 2.0007303e-05 9.721351e-07 2.4395942e-05 6.261254e-05 0.00014370406 6.98515e-06 8.0108924e-07 7.05428e-05 1.3397463e-06 0.0001435089 1.9718798e-06 4.9464412e-05 0.00018366483 8.9942114e-05 0.00020792888 3.755253e-07 1.0584796e-05 4.7145627e-06 1.2583064e-06 8.695626e-05 0.00020575765 2.8070508e-05 8.669675e-05 0.00066626107 2.9057571e-06 5.509979e-06 5.1005854e-06 1.8350245e-05 5.80381e-07 1.865655e-06 1.2973947e-05 3.3287488e-06 3.2403145e-06 0.00017058804 5.6180165e-06 2.229622e-06 0.0005242634 8.1375045e-05 4.0649455e-05 0.00031230884 5.3353347e-06 4.2758187e-05
0.029604377 0.0114936065 0.0037706576 0.00021939584 0.0003768885 0.00014065871 0.0018729992 6.020459e-05 0.0007437827 0.027589886 0.02983627 0.00018557056 0.16787912 8.2543476e-05 0.13049616 0.0004931033 0.93849295 0.105963334 0.5806375 0.0002726496 0.030991897 2.5071017e-17 0.83954316 0.06636875 7.67975e-05 0.9628571 0.27608627 7.822385e-06 0.0017291446 0.7904309 8.159095e-06 0.019299148 0.53207844 1.1169494e-06 0.30602056 0.0032280502 0.18506014 0.008926491 0.09437808 9.044112e-06 0.06827962 0.07498299 0.028804243 0.011961814 0.0025554541 0.0005533896 0.00019131975 0.0007724895 0.0035491134 0.007405136 0.0022829706 6.011687e-05 2.748728e-05 5.053954e-05 0.024300149 6.309206e-05 0.00017585442 0.0015861933 0.00037934672 0.0011775896 5.22184e-06 8.482366e-05 0.00047561005 0.0064243316 6.300854e-05 2.7331072e-05 0.0013026006 0.00012653317 2.8073317e-05 0.00016455402 7.6047136e-06 0.00014189164 0.0011784525 0.0019002624 3.968186e-06 0.0002588403 1.4897233e-05 6.421513e-05 0.00019906367 0.00077008095 0.00031569024 0.0005961878 0.0033495226 9.467786e-06 2.4586286e-06 2.905059e-06 6.3033813e-06 9.38512e-07 5.464077e-06 6.512053e-05 4.331364e-05 4.796098e-05 0.00034710695 3.70288e-05 3.2516973e-06 0.00057838723 0.001107804 0.0005027157 0.0017162366 3.271313e-05 7.228465e-05
0.019714227 0.0056616124 0.0025529023 2.8720944e-05 0.00012244066 5.253885e-06 0.0031411555 9.3653925e-06 0.00015337097 0.011710164 0.07828106 1.618224e-05 0.15329784 1.8712066e-05 0.492069 0.00013651859 0.7565321 0.061927762 0.4452847 4.6384765e-05 0.30891684 0.83954316 4.169727e-19 0.05646714 0.00014931918 0.622067 0.9765513 1.0433274e-05 0.00026374168 0.51579165 1.7752411e-06 0.00203323 0.3402039 5.9925276e-07 0.6199854 0.00026987947 0.16945255 0.0009330932 0.27713796 1.0156506e-06 0.032807965 0.0873377 0.0031859693 0.00022723486 0.0021356945 0.0008930233 0.0017874897 9.4954285e-06 9.835231e-05 0.0025721916 3.2450695e-05 9.1210195e-06 3.911914e-06 4.3191954e-05 0.010987015 1.8198424e-06 1.3593546e-05 9.379154e-05 5.7735383e-06 8.1986684e-05 2.0646125e-05 1.2686023e-06 1.0734148e-05 0.002262511 1.6258664e-06 1.505796e-06 1.0929868e-05 1.7026881e-06 6.331849e-06 3.1667444e-06 6.9507014e-06 0.00010244701 1.8299705e-05 0.00026788886 7.149662e-07 1.5292272e-06 8.6506543e-07 9.1678544e-07 2.1613298e-05 0.00010271262 2.6379498e-06 2.7439848e-05 0.00046009515 3.4378206e-07 4.5562945e-08 1.2491024e-08 2.1542033e-07 1.4641913e-07 7.710266e-08 1.8610286e-05 6.437216e-07 3.74947e-07 4.4137145e-05 2.0685798e-07 2.2664584e-07 0.0005089007 0.00026454628 0.00019319504 0.00056162145 8.2368655e-07 0.00010987134
0.92213625 0.34453413 0.36162996 0.018799745 0.033297677 0.0019045132 0.04206273 0.0004157753 0.019428318 0.8909176 0.11114282 0.0018535885 0.8878296 0.0021327676 0.05649814 0.04476456 0.4731738 0.82752985 0.8276997 0.000328956 0.0021605087 0.06636875 0.05646714 1.8971425e-18 0.0007275757 0.052855115 0.0018683393 0.00042830998 0.4630034 0.035796583 0.00012055665 0.87819874 0.04867862 3.3709546e-07 9.418116e-05 0.47703955 0.004658906 0.5975342 6.6925924e-05 0.00022035012 0.69588363 0.00031230022 0.78353214 0.76608235 1.5763811e-05 6.019021e-06 1.3632524e-06 0.22878641 0.4707174 0.080203824 0.48403975 0.011619018 3.5343594e-06 4.433122e-06 0.007905907 0.013404904 3.408071e-06 0.28110722 0.090833075 3.5054654e-05 5.2410587e-06 0.0024192256 0.07876118 0.0012965716 0.0035004846 6.240368e-08 1.0786977e-05 4.1087804e-07 0.0009011521 1.2011235e-07 7.4818175e-08 0.0006203012 1.3448034e-05 0.0006240027 2.0634037e-09 1.8505485e-08 3.1185791e-06 9.451298e-09 0.01160879 0.00023984724 1.7282906e-05 4.9819148e-05 0.013224677 2.4948824e-06 3.1839946e-07 1.838419e-07 8.7275986e-08 1.0018995e-06 4.991464e-07 0.000954137 3.940064e-07 2.5347185e-07 0.0018318581 1.4935804e-08 8.5964366e-08 0.035111815 0.002470576 0.0027089664 0.0027070113 3.5761693e-07 0.0035471218
0.4556652 0.017340014 0.2724503 0.14945073 0.01643724 0.6239761 5.8878218e-06 0.22901408 0.002369769 0.023827875 3.5923415e-05 6.646276e-05 3.5423756e-05 0.009213995 3.7983507e-06 0.74968576 3.3513887e-05 8.6310174e-05 1.019149e-05 0.00054468075 2.4790686e-05 7.67975e-05 0.00014931918 0.0007275757 6.9295723e-16 0.00012898157 0.00029696457 0.9407729 0.5270984 1.3703808e-05 0.40729836 0.015126479 1.7705637e-05 0.16208617 0.00020821583 0.086689614 4.18633e-06 0.0035147818 7.047812e-05 0.9270586 0.0007347305 4.0891355e-06 0.0011828449 0.0040705497 1.8439072e-06 3.8098962e-05 2.2500351e-05 0.06947707 0.0023191345 0.00041236114 0.0026260472 0.3088271 0.008966541 8.306886e-05 0.00010400208 0.0995578 2.0311413e-06 0.0033007157 0.0064345957 4.704955e-06 0.010460933 0.5170962 0.039123267 6.31637e-05 0.10762683 2.0664254e-08 1.859712e-05 1.0300778e-06 0.12371814 3.4648863e-07 1.5182648e-06 0.21537378 1.1557572e-05 1.9128955e-05 3.419492e-08 4.1866593e-07 1.2362053e-06 8.92503e-08 0.04680027 9.216275e-06 2.5187603e-06 1.9067029e-05 0.0005193391 3.8828466e-07 3.9398374e-06 1.4194463e-05 1.43819025e-05 3.1762052e-06 4.570038e-06 0.08787729 1.7925548e-06 1.0054333e-06 0.024492403 4.4899124e-07 5.5818455e-06 0.0070721544 0.048605468 0.038662236 0.07827919 4.885793e-07 0.00025855954
0.08927911 0.00598356 0.0030298503 0.00027888914 0.00026070653 0.00016268561 0.0004668087 3.0999774e-05 0.0005217615 0.019134754 0.007110673 4.4486205e-05 0.0674813 8.6909e-05 0.022742651 0.0002546828 0.7517495 0.05888572 0.48205453 0.00012888087 0.006905137 0.9628571 0.622067 0.052855115 0.00012898157 2.8732648e-18 0.10429429 1.6947733e-05 0.0019153362 0.95481044 7.5685452e-06 0.012099809 0.75212926 9.887228e-07 0.20171505 0.0033547895 0.5894447 0.008608036 0.2924847 2.9142577e-06 0.08935658 0.3692861 0.031767055 0.010228267 0.04214831 0.009777558 0.0006777226 0.00044912854 0.005736203 0.019293651 0.0025334887 0.00025507488 4.670877e-05 0.0006064222 0.07059177 0.00013057851 0.0022603017 0.002539461 0.0003571088 0.009448853 7.1985987e-06 0.00021983041 0.0003407725 0.019909661 6.954862e-05 0.0004551223 0.004587256 0.0010590048 2.5862206e-05 0.0006713307 5.1937775e-05 0.00061344384 0.0054863556 0.0060369144 7.377342e-05 0.0017105086 0.0001414845 0.0010431961 0.00012304714 0.0049289293 0.0024867728 0.0020593777 0.0074599492 6.918169e-05 1.2220437e-05 1.0735172e-05 2.6100788e-05 4.8159254e-05 2.8275725e-05 0.00015626132 0.0009880263 0.000687538 0.00051672175 0.00035036655 1.4522124e-05 0.0005366931 0.0009908193 0.0006885475 0.0025387288 0.00012416061 8.661675e-05
0.0017006143 0.0036612626 0.00041649918 8.604111e-05 0.0002208664 3.4564182e-05 0.0034180137 1.8196264e-05 0.00030042185 0.0017134392 0.052210156 0.00010589123 0.0057543577 5.098438e-05 0.56271356 0.00013775975 0.14640823 0.002364562 0.01976685 0.0014202594 0.7297913 0.27608627 0.9765513 0.0018683393 0.00029696457 0.10429429 7.321824e-16 1.0854093e-05 0.00012083175 0.06302034 3.025004e-06 5.1032686e-05 0.03260415 3.9906166e-07 0.7080704 3.0632797e-05 0.015712332 7.287841e-05 0.35393497 6.033302e-06 0.0010510536 0.022432374 0.00013018907 7.162664e-05 0.0018280093 0.0076703704 0.031742916 2.9656057e-05 0.00016969966 2.12601e-05 1.2198524e-05 1.7935714e-05 3.142195e-05 0.0047402927 0.0007661115 7.948365e-06 4.717043e-05 0.00030206426 1.816436e-05 5.0781204e-05 4.2887013e-06 1.4495737e-05 1.581329e-05 8.142946e-05 2.3146278e-05 3.1753784e-06 5.201902e-05 5.162644e-06 5.2901574e-05 8.26489e-06 0.0009682141 0.00046179965 6.117583e-05 0.0001947376 2.282916e-06 1.101615e-05 8.538761e-06 7.744106e-06 2.4965402e-05 0.00015271564 4.062853e-05 0.00015125952 0.00020844034 3.4417856e-06 7.741949e-06 2.0713514e-05 0.000149841 2.290636e-06 2.139982e-06 2.0982456e-05 9.244629e-06 1.10971405e-05 0.00019971511 9.426712e-06 2.0596633e-06 0.00094355934 0.00015876234 0.00010774172 0.00049163145 5.268898e-06 1.3615032e-05
0.24128065 0.014708849 0.14086418 0.12497931 0.01752717 0.6336902 1.1032109e-05 0.33991393 0.0011793165 0.0072338795 1.0812066e-05 8.0047146e-05 4.6523342e-05 0.010577335 4.747483e-07 0.51373297 1.085285e-05 0.00017727153 5.533476e-06 0.00069701404 2.3696205e-06 7.822385e-06 1.0433274e-05 0.00042830998 0.9407729 1.6947733e-05 1.0854093e-05 2.0699556e-16 0.2389964 6.73784e-06 0.974646 0.006698352 1.6119566e-05 0.5306592 6.2879385e-06 0.02602585 2.4034248e-06 0.0030765908 8.4821875e-07 0.83662903 0.00021929898 1.406559e-06 0.0007253639 0.0019025508 6.9942587e-07 2.3988496e-06 6.75072e-07 0.014852195 0.00078910374 0.00044470385 0.0008477913 0.12791426 0.013890311 7.1885065e-06 3.2814056e-05 0.049631182 2.2021891e-07 0.0031229127 0.0038329419 8.121739e-06 0.021463877 0.3753138 0.009921501 3.2155476e-05 0.04022238 1.5333958e-07 6.3529765e-06 1.3928486e-06 0.15825795 2.3307048e-07 2.871006e-08 0.25795254 1.8254779e-06 1.0339699e-05 2.0767105e-08 8.639899e-08 5.2621985e-08 6.059096e-09 0.0198229 2.1920487e-06 1.409616e-07 1.1511277e-06 0.00024175191 1.1386855e-07 5.7856152e-08 8.727482e-08 6.661717e-08 9.1737874e-08 1.02531686e-07 0.079356164 4.979701e-07 1.3078534e-07 0.018722028 6.463313e-08 9.9838786e-08 0.008323663 0.033797644 0.035824805 0.12913407 5.6554946e-08 0.00026588398
0.96902937 0.17773704 0.6815047 0.13088945 0.057581004 0.25374955 0.003971607 0.017097529 0.010463911 0.83022213 0.0069126454 0.0005146523 0.0842832 0.0071437503 0.0015194895 0.9255789 0.013030137 0.099894166 0.020178787 0.0008447987 4.864625e-05 0.0017291446 0.00026374168 0.4630034 0.5270984 0.0019153362 0.00012083175 0.2389964 1.0010343e-15 0.00019795714 0.03405682 0.7370544 0.00029935592 0.0031049922 4.7591428e-05 0.8328152 1.7296807e-05 0.33905518 1.4581076e-05 0.52815473 0.00522982 1.7049305e-06 0.020939095 0.07148808 1.0587017e-07 7.944425e-06 1.4778413e-05 0.26637208 0.029471358 0.0004962457 0.05288491 0.3097911 0.002395078 1.0618616e-05 4.9333867e-05 0.17207251 1.012247e-06 0.076676585 0.073844925 1.0709724e-06 0.0010214834 0.19760144 0.18298584 6.6422836e-05 0.14352828 3.9009908e-08 1.1442727e-06 6.6934024e-07 0.041870747 3.4008437e-08 1.4913799e-06 0.026477829 5.736429e-07 1.4798102e-05 6.3632752e-09 1.1232539e-08 4.0170931e-07 1.2799953e-08 0.18919855 1.1068012e-05 6.248232e-07 2.5610884e-06 0.0016676872 4.9665067e-07 2.4911285e-06 1.4658001e-06 8.4035463e-07 1.4950818e-07 1.6526802e-06 0.048479408 8.5933216e-08 7.502524e-08 0.02402775 1.686454e-09 3.1230275e-07 0.15318596 0.08827117 0.06897411 0.09782175 1.6947807e-08 0.002643503
0.4459035 0.0032125728 0.0011062489 9.484907e-05 3.2432563e-05 4.8909027e-05 0.00025695068 1.2470368e-05 0.00034044852 0.0041453885 0.006871778 6.683688e-05 0.033572003 0.0003835611 0.01359087 1.5200996e-05 0.5223119 0.045191392 0.4457208 0.000114849936 0.0026907383 0.7904309 0.51579165 0.035796583 1.3703808e-05 0.95481044 0.06302034 6.73784e-06 0.00019795714 1.8923235e-16 1.052643e-05 0.006212262 0.8997908 6.6172896e-07 0.13275363 0.0009465534 0.8440113 0.0034393624 0.42927992 2.2717895e-06 0.14217304 0.5164883 0.033541504 0.011132688 0.1660374 0.048609383 0.0011350681 0.00014718052 0.007544869 0.033467494 0.0038189364 0.00030049062 4.2581796e-06 0.002618431 0.17391598 5.292454e-05 0.017714404 0.0031022085 0.0003330861 0.03648618 3.234754e-06 0.00023674117 0.000100910576 0.058214154 2.5856434e-05 0.0011155976 0.016214708 0.0019198926 5.1862808e-06 0.0012350188 9.62833e-05 0.00034295334 0.013883061 0.018088596 0.00033386046 0.0025310388 0.00091245346 0.0022056226 2.3492894e-05 0.022702375 0.008481602 0.0075331605 0.024797836 0.0006348329 5.0975774e-05 2.9319415e-05 4.2930285e-05 0.00042735582 6.966141e-05 7.457622e-05 0.00206035 0.0015602931 0.00014256603 0.0006031936 2.1976992e-05 0.00018608343 0.00017019188 0.00038714515 0.0012469763 0.000272884 8.951442e-05
