1.1292085e-23 0.8005173 0.69369316 0.9133276 0.83839 0.92451894 0.67006487 0.49010378 0.1951705 0.09414941 0.13268462 0.90861076 0.89724094 0.7873869 0.16924724 0.007030908 0.013395637 0.041992642 0.45900154 0.9917349 0.96803325 0.99248964 0.113979906 0.44423735 0.58307207 0.97613096 0.7678024 0.0018536363 0.8888105 0.9835823 0.015657153 0.157218 0.00064205367 0.7634222 0.93851024 0.0028199474 0.9989616 0.09832816 0.00031568692 0.9876149 0.033491354 0.0040512397 0.0021619485 0.08170292 0.9959897 0.9505472 0.8997249 0.040220607 0.23969278 0.6436436 0.89741623 0.0017890342 0.93202406 0.9797287 0.9636361 0.93919307 0.0037250812 0.000791325 0.9428388 0.8389452 0.92653036 0.9454773 0.03518877 0.63164943 0.78997654 0.023449032 0.54122543 0.025332212 0.71355647 0.93356097 0.9815684 0.9225992 0.9124168 0.9989856 0.6022958 0.45847934 0.5487429 0.83980787 0.9715957 0.92316884 0.7841223 0.5905031 0.9708894 0.19763966 0.70037526 0.80238914 0.828922 0.006375109 0.8568306 0.083707415 0.9744341 0.4592585 0.5834217 0.78170085 0.7834702 0.9285592 0.5198916 0.6702163 0.69036674 0.99982756 0.9999565
0.8005173 5.4704806e-17 0.98479015 0.9148377 0.8923682 0.73860884 0.3869127 0.16964476 0.46973684 0.6590955 0.6110928 0.069414206 0.109600455 0.047237545 0.46903092 0.07232305 0.17063463 0.032623686 0.0089616375 0.14913735 0.03978965 0.015301989 0.112459764 0.013228404 0.004981663 0.0026103368 0.0015536076 0.0023638313 0.003473711 0.0047590765 0.0027954606 0.0045167548 0.00022778142 0.00052656356 0.00071389484 0.00016206047 0.054988462 0.00013538478 0.006449848 0.0005661453 0.00044539143 9.6446465e-06 3.6737943e-05 0.00016407529 0.0024129238 2.342934e-06 3.260168e-06 4.0744017e-06 1.4339315e-06 0.00075822655 4.463492e-06 2.9608873e-06 1.7957972e-06 0.00019908018 2.0528607e-06 2.9079598e-05 1.9942145e-06 6.055168e-07 2.9249998e-06 5.972245e-07 0.00281745 1.3588225e-06 9.2143455e-05 1.0497439e-05 3.7205362e-07 3.772391e-06 1.3477966e-08 1.4861517e-05 2.861435e-07 1.0106592e-06 5.1453546e-05 0.000867609 5.709579e-08 0.0020574813 3.4560202e-08 1.2800363e-05 1.1481351e-07 3.9211844e-08 9.318641e-05 3.4449112e-08 3.6146666e-08 3.4983135e-08 1.436413e-06 9.932345e-07 5.2132673e-06 4.1348063e-09 1.8185438e-07 1.2128003e-06 1.03473525e-07 6.0948415e-09 3.7552957e-07 1.7409779e-08 5.2118923e-09 1.9422706e-09 9.954331e-08 3.162017e-07 8.8221566e-07 7.6765154e-08 4.291196e-08 0.00028776616 0.00069724105
0.69369316 0.98479015 3.10261e-16 0.70055574 0.972378 0.40747064 0.6901565 0.36147505 0.58339196 0.5032427 0.24242996 0.012684573 0.02632345 0.0071136677 0.04062396 0.0075565637 0.1115541 0.004593669 0.001716311 0.05037274 0.014557339 0.025003737 0.2223347 0.024046414 0.0009080112 0.0051520374 0.0003521337 0.0041695563 0.0010269597 0.0016535 0.006537397 0.0088615995 0.0005215893 0.00086563657 0.0004144886 0.0005307063 0.03440418 0.00019935319 0.003742638 0.0015962064 0.00030492852 6.537166e-05 7.453939e-05 5.451786e-05 0.0014358802 2.0278445e-05 9.495302e-06 1.602981e-05 8.552477e-06 0.0002722422 7.812521e-06 2.4317522e-05 1.9798733e-06 0.0001342116 1.387142e-06 7.940248e-05 5.3060357e-06 2.776236e-06 6.997391e-06 8.1303045e-07 0.0028532438 6.2320837e-06 3.472836e-05 3.0654188e-05 6.524031e-07 3.6716334e-05 3.5231093e-08 1.2822319e-05 5.7860706e-07 1.0824989e-06 7.909421e-05 0.0008166678 9.8788064e-08 0.0029497072 9.876432e-08 1.6173724e-05 2.0102318e-07 6.655913e-08 0.00016239652 9.61977e-08 1.053784e-07 5.9518307e-08 4.40774e-06 2.2123236e-06 4.9197265e-06 1.2135868e-08 7.9141057e-07 6.0615444e-06 3.126168e-07 6.0263545e-08 1.1485628e-06 5.859589e-08 1.9774049e-08 5.7290372e-09 2.66237e-07 6.246498e-07 2.4241285e-06 1.3017583e-07 1.01886414e-07 0.0007457814 0.00090837927
0.9133276 0.9148377 0.70055574 1.0679872e-17 0.79604435 0.9768398 0.45256147 0.27679494 0.4788464 0.4324819 0.47499487 0.24718727 0.49642226 0.14600527 0.2416524 0.0146009885 0.05567696 0.011416166 0.013916439 0.7189966 0.28686446 0.36409038 0.07508518 0.03817113 0.007069815 0.011330029 0.0024641391 0.00052142894 0.010555112 0.018361421 0.0028759046 0.016969983 5.0839346e-05 0.0014925183 0.0037815152 7.994103e-05 0.21671303 0.000108861415 0.00041004864 0.043228436 0.000574049 9.661028e-05 8.997205e-05 5.650517e-05 0.004814785 1.371823e-05 7.131215e-05 4.0953267e-07 2.2730965e-06 0.0022355272 3.0771847e-05 5.3443323e-06 1.6467073e-05 0.00070306554 6.59318e-06 0.00097587076 5.1331435e-06 1.577603e-06 0.00082488585 1.049349e-06 0.032950185 2.2518449e-05 8.015215e-06 2.2561719e-05 4.6035822e-07 4.251166e-07 8.2850455e-08 7.792564e-06 1.3769354e-06 6.98163e-07 1.8514145e-05 0.0023626063 3.0342596e-07 0.039011333 4.6622628e-08 3.999952e-05 2.8766257e-07 8.558514e-08 0.0016388997 8.6992294e-08 8.623435e-08 3.7118923e-07 5.9650905e-05 9.85876e-06 2.6345265e-07 5.1361906e-09 1.295823e-07 3.073488e-06 1.2643646e-07 2.2150395e-07 1.4079406e-05 1.2035004e-07 6.0713035e-08 2.1932802e-08 5.970087e-07 2.3840346e-06 6.6185333e-07 3.466641e-07 3.0954834e-07 0.0019080646 0.011967735
0.83839 0.8923682 0.972378 0.79604435 8.714468e-17 0.4333578 0.9086958 0.8656718 0.6698131 0.3847997 0.10863847 0.015913198 0.028800705 0.0049097696 0.0080595035 0.0011922624 0.08661485 0.0003284848 0.00068832724 0.120300606 0.012999846 0.36773953 0.44209674 0.110775135 0.00052987743 0.0205692 0.00021242257 0.009125741 0.0007855601 0.0012643733 0.019785069 0.04218166 0.0012404362 0.0034977084 0.00040043716 0.001345699 0.03133601 0.0005883306 0.0017503167 0.012137914 3.8646787e-05 0.00017290909 0.00019248555 2.4858718e-06 0.00079579494 0.00022022343 9.396548e-05 1.792347e-05 3.0943473e-05 0.00035760846 7.264415e-05 2.1973745e-05 1.1201256e-05 0.00013879665 1.0604621e-05 0.00059708394 3.5712908e-06 8.6737435e-07 0.00013639366 2.6958057e-06 0.009637085 3.0468535e-05 4.643108e-06 8.957754e-05 1.4346373e-06 7.945267e-06 1.8448331e-07 1.204917e-06 3.457966e-06 2.505696e-06 4.8391134e-06 0.00067639374 7.036924e-07 0.006570013 1.5096012e-07 1.7731963e-05 6.6883104e-07 5.8970346e-07 0.00057748443 6.394117e-07 7.998976e-07 2.53964e-07 6.603843e-05 4.5576817e-06 1.921562e-07 5.017357e-08 1.4611805e-06 1.0122899e-05 1.4025807e-06 9.8332755e-08 3.9665614e-05 1.0430398e-07 5.5721706e-08 3.852948e-08 4.47665e-07 3.435027e-06 2.6293171e-06 1.668554e-07 1.4248617e-07 0.0005674082 0.0008974085
0.92451894 0.73860884 0.40747064 0.9768398 0.4333578 2.3389741e-15 0.23016414 0.12167182 0.34376913 0.45433047 0.538921 0.62921363 0.88246024 0.3815138 0.42899173 0.050824523 0.05335064 0.10826631 0.075242236 0.79596996 0.6282015 0.051553942 0.055815466 0.010651484 0.07425779 0.001859935 0.02222972 0.00036496343 0.042546462 0.07743627 0.0016559729 0.004653149 4.663048e-05 0.0005690516 0.010845046 0.00027606724 0.31365293 0.00014330732 0.001077942 0.004202874 0.0058336016 3.0158542e-05 0.00010104414 0.0010531812 0.0385933 8.271467e-06 2.2147291e-05 9.324886e-06 7.848494e-06 0.011499341 6.2428326e-06 3.7430589e-06 2.9413807e-06 0.0028035329 2.019354e-06 0.00021447935 4.8381444e-06 6.2975405e-06 0.00026107696 4.9252634e-07 0.011251137 1.792925e-05 0.00042262682 1.0629862e-05 5.251252e-07 3.4527034e-06 2.3991904e-08 0.00019445791 6.5852464e-07 1.2886671e-06 0.00043343933 0.009446254 2.8397548e-07 0.0150387585 3.1956322e-08 1.3880757e-05 2.0359792e-07 4.8643713e-08 0.0011478517 3.3634482e-08 9.799685e-08 8.561763e-08 1.9178293e-05 5.6962594e-06 7.450301e-05 6.256168e-09 3.0484955e-07 7.1540853e-06 7.6941355e-08 1.7631176e-07 2.389625e-06 1.60173e-08 6.5853967e-09 1.2580584e-09 6.2414756e-08 2.6429947e-07 3.168628e-07 2.201734e-08 2.3771351e-08 0.0014776017 0.009722572
0.67006487 0.3869127 0.6901565 0.45256147 0.9086958 0.23016414 2.662847e-17 0.9883677 0.88418204 0.18981044 0.02449352 0.0035235598 0.010681116 0.001072801 0.000600948 0.0002834826 0.06915561 0.00031852175 0.000108638545 0.022510447 0.006368844 0.0844963 0.58304805 0.17340843 0.00018814698 0.019134002 6.70899e-05 0.049650073 0.0005250992 0.00066879985 0.05896043 0.04907907 0.007182305 0.0030103987 0.00019458795 0.005645906 0.021556137 0.001259384 0.0044063446 0.0026676496 3.531248e-05 0.00015191338 0.00024968106 1.1289103e-06 0.0009611207 3.3888926e-05 1.7759094e-05 4.0235613e-05 2.5703266e-05 0.0001408476 1.2877599e-05 4.2802167e-05 4.9581135e-06 3.7250917e-05 2.3952196e-06 0.00015705237 4.089139e-06 1.3140789e-06 1.630011e-05 4.0015078e-07 0.004289767 7.0530527e-06 2.3505241e-05 0.0001429741 5.337774e-07 1.9028883e-05 3.2797235e-08 5.5251945e-07 3.7237048e-06 1.1084243e-06 1.0827419e-05 0.00035050476 6.6211435e-08 0.0022517901 1.2657739e-07 5.4349865e-05 2.7601178e-07 8.2137994e-08 0.00012478334 9.7069126e-08 7.8559516e-08 2.8562954e-07 7.5441167e-06 1.2568186e-05 4.982817e-07 8.938416e-09 3.4703564e-07 7.914585e-06 1.18635015e-07 4.0090693e-08 4.9562987e-06 8.9286054e-08 3.2798987e-08 1.8708308e-08 6.866448e-08 1.507047e-06 1.8207277e-06 7.430889e-08 2.6290715e-08 0.0006968436 0.0006550737
0.49010378 0.16964476 0.36147505 0.27679494 0.8656718 0.12167182 0.9883677 4.5823373e-15 0.91417706 0.09865437 0.010426073 0.0015465298 0.0027379387 0.0014720755 0.00039342968 0.0001669768 0.09043206 0.00012857077 0.00013374511 0.0074149095 0.0025540204 0.19468153 0.7588822 0.4753602 7.586102e-05 0.07957083 2.775221e-05 0.10471398 0.0003085173 0.00031960316 0.18771178 0.11036588 0.022673678 0.00793369 0.00019233544 0.01940723 0.0045605516 0.0067249504 0.007917765 0.005664531 5.0812378e-06 0.00062980305 0.0011360153 4.6661037e-07 0.00043307533 0.00034295264 0.00017282453 0.00015400282 0.00020410097 0.00026246553 0.00012915832 7.336648e-05 2.6969614e-05 3.492635e-05 2.8990467e-05 0.000332661 2.0035142e-05 6.443502e-06 9.2236034e-05 4.942822e-06 0.0018713708 3.9649123e-05 9.007392e-06 0.0005148739 2.834353e-06 3.5930094e-05 2.59996e-07 3.2581025e-07 1.631112e-05 5.0968797e-06 7.912442e-06 3.455808e-05 1.2163933e-06 0.0014918908 3.8652678e-07 9.394935e-05 2.0350894e-06 4.0223753e-07 0.0001385286 1.5625549e-06 6.856505e-07 1.5749604e-06 3.2235523e-05 3.3004308e-05 1.5002622e-07 4.005301e-08 1.1180045e-06 2.0298065e-05 8.752818e-07 1.8180616e-07 1.1818614e-05 2.4015745e-07 9.4247504e-08 2.9567786e-08 1.886335e-06 1.2513685e-05 1.4793896e-05 9.2462466e-07 9.077877e-07 0.0006729104 0.00031975194
0.1951705 0.46973684 0.58339196 0.4788464 0.6698131 0.34376913 0.88418204 0.91417706 7.2476703e-12 0.8983182 0.3388035 0.0048484104 0.00929015 0.0018703057 0.02550905 0.01120256 0.84235847 0.0011190552 0.00034520583 0.016606241 0.0051903655 0.021740764 0.95246303 0.08307842 0.00072594424 0.007933278 0.000100835634 0.6452691 0.00020307428 0.00055496406 0.20933418 0.028708717 0.16623421 0.0006502834 0.00010022444 0.038373098 0.0027514833 0.0024120507 0.38015193 0.0005607362 6.653997e-06 0.00033189097 0.00070426415 2.5065037e-06 0.00054565555 8.776556e-05 5.7533864e-05 0.00011988217 7.55466e-05 4.7555353e-05 2.6667718e-05 0.0001484638 4.746007e-05 2.6577356e-05 9.909426e-06 9.996203e-05 2.587348e-05 1.1052454e-05 0.00020699405 2.7126243e-05 0.0012270133 9.341482e-05 0.00017133575 0.00057787093 1.7343898e-05 0.00014392995 1.6015224e-06 1.616518e-05 1.4287587e-05 2.9180415e-05 2.1172207e-05 0.00014004715 1.0685343e-06 0.00092699577 1.113871e-06 9.671021e-05 1.4206501e-05 1.4749414e-06 0.00026028743 6.142973e-07 1.7837519e-06 3.0786524e-07 0.0003137364 0.00010665978 6.9979646e-06 1.6006254e-07 1.505969e-05 0.00022018143 3.950398e-06 5.3569668e-08 2.2173126e-06 1.5786769e-07 6.5142416e-08 1.6190406e-09 9.680386e-07 7.8820636e-07 6.3137144e-05 1.8182428e-06 5.222505e-07 0.0008104041 0.000105188796
0.09414941 0.6590955 0.5032427 0.4324819 0.3847997 0.45433047 0.18981044 0.09865437 0.8983182 4.56536e-15 0.8472347 0.046835657 0.04090077 0.059331845 0.117157586 0.031821072 0.99098563 0.0073493836 0.002966986 0.03501136 0.025956044 0.00079114386 0.0659691 0.0010725528 0.0036765353 0.00014597263 0.0014856055 0.0015099361 0.0009835208 0.0028415045 0.00025596994 0.0006241387 0.00011126682 5.3982072e-05 0.0003873006 0.00018314151 0.0034731196 0.00013250031 0.2438598 2.2145938e-05 4.11347e-05 6.7090186e-06 1.5140389e-05 0.0001219889 0.0010774471 8.390237e-07 2.378312e-06 1.19022825e-05 3.3454853e-06 0.00025480645 3.5856888e-06 1.086579e-06 3.0912327e-07 0.00013442988 1.2364846e-06 7.569859e-06 1.845267e-06 3.8269494e-07 1.0393238e-06 2.3270248e-05 0.00016850916 4.191242e-05 0.00016087478 7.853911e-05 1.3075391e-05 4.83211e-07 8.0242506e-07 6.704522e-06 9.859494e-06 2.611026e-06 8.987909e-05 0.0002895901 7.1439644e-07 0.00018753539 1.1458715e-06 4.4702592e-05 7.156078e-06 6.1613906e-07 0.00014696944 1.1212723e-07 6.176386e-07 4.0880767e-07 7.857425e-05 2.6153825e-06 7.75135e-07 4.8263263e-07 4.0564473e-06 5.9115956e-07 3.1811371e-06 1.7407444e-07 3.667584e-07 1.804922e-07 1.8371712e-07 1.5798419e-08 7.1372835e-07 2.0746559e-06 5.401644e-06 5.668754e-07 2.4073807e-07 0.0002432925 7.357332e-05
0.13268462 0.6110928 0.24242996 0.47499487 0.10863847 0.538921 0.02449352 0.010426073 0.3388035 0.8472347 2.6277223e-16 0.26553795 0.22170348 0.7213308 0.74052805 0.9951887 0.19655997 0.3680344 0.008632312 0.110505775 0.12934345 0.00791989 0.0024859654 0.0005797239 0.05332936 2.2268627e-05 0.022371503 0.0001748684 0.015419572 0.017573424 0.00017508901 3.1268926e-05 4.967549e-05 1.3906493e-06 0.0034826705 2.8822718e-05 0.005459143 9.990295e-07 0.11240514 0.00021083282 0.00019355761 1.512396e-06 7.1695723e-07 9.935255e-05 0.0025843012 7.732622e-08 5.286116e-06 3.155903e-08 9.2224205e-08 0.0015986371 1.8855219e-06 1.9797382e-07 1.8493295e-06 0.00070636877 3.94419e-06 3.5809524e-06 6.741495e-07 3.1559705e-07 3.0521143e-05 4.7623225e-06 0.0002947525 2.418553e-05 2.0859872e-05 8.9275284e-07 7.2923276e-06 4.0159726e-08 1.4165311e-06 4.0647806e-06 1.5993932e-06 2.2706179e-06 0.00014583851 0.00037179896 2.743222e-06 0.0006419774 3.3818494e-06 2.5981717e-06 6.2444346e-06 6.6918365e-06 8.27945e-05 1.8787388e-06 3.6195997e-06 4.1400506e-07 1.1330925e-05 5.596992e-07 2.9737902e-07 7.312353e-07 6.0760945e-06 2.1759348e-07 6.2444524e-06 3.5022122e-08 5.2769237e-06 7.035249e-08 1.1163578e-07 2.1244826e-08 3.4068864e-07 2.486301e-06 2.479436e-08 2.3408521e-08 1.5135344e-08 0.00019511832 0.00046264625
0.90861076 0.069414206 0.012684573 0.24718727 0.015913198 0.62921363 0.0035235598 0.0015465298 0.0048484104 0.046835657 0.26553795 3.8307134e-13 0.94719774 0.9645774 0.5307786 0.035544056 0.0024960644 0.36033323 0.5946885 0.6465236 0.73155576 0.0047006253 0.0012921179 0.00041133698 0.6471819 2.0870737e-05 0.30880585 6.8324785e-05 0.5468079 0.3552913 2.4744793e-05 0.00021477553 4.6127916e-06 2.367196e-05 0.120106496 1.0808312e-05 0.25347206 5.4015104e-06 0.0001826831 0.00035910687 0.009175811 5.128079e-06 4.216423e-05 0.0011539801 0.067653574 9.492576e-06 1.08305385e-05 2.2461502e-07 1.405497e-06 0.04488224 8.670275e-06 4.19776e-06 4.468842e-06 0.014642341 2.7591086e-06 0.000119320764 2.3429607e-06 7.094331e-06 4.8273847e-05 3.2798505e-07 0.006504127 7.0508336e-06 0.0003079864 8.085578e-06 1.7326589e-07 1.9307983e-05 1.2824561e-08 9.360039e-05 3.290669e-07 4.686822e-06 0.0009224405 0.010574047 7.677603e-07 0.012136191 4.4149665e-08 5.8731453e-06 1.7816224e-07 1.6688055e-07 0.0012156832 1.958262e-07 2.8313147e-07 6.7622246e-08 2.4456787e-05 4.068131e-06 5.67274e-05 1.6646814e-08 7.3814795e-07 3.6754136e-05 5.2028787e-07 9.847971e-08 5.995137e-06 8.785855e-08 3.145482e-08 2.509078e-09 6.516867e-07 3.3847825e-06 7.4838977e-07 9.1402325e-07 6.6573386e-07 0.002195834 0.008630862
0.89724094 0.109600455 0.02632345 0.49642226 0.028800705 0.88246024 0.010681116 0.0027379387 0.00929015 0.04090077 0.22170348 0.94719774 5.3407317e-13 0.7793818 0.32674533 0.016117647 0.003022893 0.11123253 0.2481703 0.7464879 0.9343133 0.017135227 0.0009291425 0.0010649305 0.21543519 0.00034405582 0.22119054 9.267093e-06 0.24510886 0.30813098 4.323449e-05 0.00037392735 9.836868e-06 8.4444706e-05 0.05990695 8.152686e-06 0.26170558 1.9493667e-05 1.7360431e-05 0.0033841871 0.013810755 2.4328206e-06 1.9963238e-05 0.00057409646 0.04378907 2.673794e-06 2.0812779e-05 7.7854816e-07 2.5325016e-06 0.013010407 1.4144707e-05 1.8349589e-06 1.3888067e-05 0.006149231 9.719131e-06 0.0003703302 1.7119659e-06 2.196812e-06 0.00051392027 1.5890972e-06 0.008943563 4.503202e-05 0.00023371699 2.2482495e-06 5.620602e-07 1.0865982e-05 7.616733e-08 5.2068204e-05 2.3463953e-08 4.7723247e-06 0.0005651676 0.007982048 3.574985e-06 0.020026071 1.4839578e-07 1.496736e-06 1.1655135e-06 5.6867697e-07 0.0020889386 1.3660662e-06 4.6649737e-07 9.7433436e-08 0.0002512976 2.2598897e-06 7.4945754e-05 1.3909491e-08 6.123093e-07 5.7686075e-06 6.5706354e-07 1.8727883e-07 4.6279423e-05 9.210677e-08 4.670977e-08 1.0781679e-09 2.9133519e-06 4.450133e-06 5.279876e-07 1.1517657e-06 1.9236734e-06 0.0020348118 0.01509608
0.7873869 0.047237545 0.0071136677 0.14600527 0.0049097696 0.3815138 0.001072801 0.0014720755 0.0018703057 0.059331845 0.7213308 0.9645774 0.7793818 5.8571435e-15 0.85034215 0.29403695 0.0029809617 0.8042807 0.91450155 0.40844783 0.5134582 0.0014302442 0.00070024485 0.00020861514 0.793164 2.7398506e-05 0.5140419 0.00065086066 0.5943518 0.26540107 2.2361775e-05 0.000114171875 3.21606e-05 2.2410151e-05 0.11304354 4.2979078e-05 0.18794413 1.6364827e-05 0.00043684323 0.00011892632 0.21057513 8.716986e-06 0.00010117113 0.012975563 0.09638326 1.8004315e-05 6.56673e-06 1.1278418e-06 1.5124999e-06 0.0690854 1.0321148e-05 4.979105e-06 1.6839315e-06 0.014497493 2.4507956e-06 5.069599e-05 1.074956e-06 3.4151672e-06 4.2418036e-05 1.5087053e-06 0.0033038808 2.3684039e-05 0.00076279655 1.1183559e-05 3.9458624e-07 2.5284486e-05 1.0088915e-07 0.0007294213 1.4061828e-05 4.0820755e-06 0.003434518 0.009483962 9.775393e-07 0.004355047 2.465943e-08 2.7913888e-05 9.9556985e-08 1.235441e-07 0.00094637467 4.595428e-07 8.538948e-08 7.077643e-07 5.461814e-05 0.00019520838 0.0005846417 6.149561e-09 4.0762302e-07 5.42817e-05 3.3796903e-07 3.8854637e-08 3.7796506e-06 6.921174e-08 3.9267306e-08 7.32536e-08 9.925831e-07 5.321512e-06 2.7200888e-06 5.8070935e-07 1.2809241e-07 0.0021846965 0.006822839
0.16924724 0.46903092 0.04062396 0.2416524 0.0080595035 0.42899173 0.000600948 0.00039342968 0.02550905 0.117157586 0.74052805 0.5307786 0.32674533 0.85034215 2.661515e-18 0.9925735 0.0039152233 0.9321074 0.0689601 0.10659916 0.1747373 2.6525246e-05 0.0006802895 8.0696545e-06 0.16693601 2.1834892e-07 0.04932154 7.7434015e-05 0.040945914 0.034835007 1.1518839e-05 5.204703e-06 1.3972545e-05 3.7219948e-07 0.006366059 6.5515605e-06 0.02090282 4.657552e-08 0.010772379 2.1183861e-05 0.0010385881 4.493215e-07 2.2856226e-07 0.0005953239 0.010924494 3.8964696e-08 1.0122995e-05 7.702104e-09 1.1234816e-07 0.005666187 4.731169e-06 2.819974e-08 1.0522957e-07 0.003586452 4.2019633e-07 4.0846844e-06 3.9284777e-07 1.961245e-07 9.959407e-07 4.1614024e-07 0.0002993962 5.211823e-05 0.00045007828 1.6262472e-07 3.277265e-07 2.5000304e-09 1.4377773e-07 0.00017882671 1.0030695e-06 1.5700161e-06 0.0050407695 0.0036846611 5.517359e-07 0.0003221842 2.1685474e-07 5.3961224e-07 6.525483e-08 8.221971e-07 7.224082e-05 1.7531264e-07 3.8809475e-07 5.6715685e-08 7.1259906e-06 1.9538783e-07 2.7624905e-05 3.7092877e-07 2.1284293e-06 6.771734e-09 4.963902e-07 3.390688e-08 4.3138112e-07 2.7209216e-08 4.0416612e-08 2.3236325e-08 2.5179533e-08 6.0919723e-07 1.3670356e-08 4.593999e-09 3.533242e-09 0.0002374387 0.0019382344
0.007030908 0.07232305 0.0075565637 0.0146009885 0.0011922624 0.050824523 0.0002834826 0.0001669768 0.01120256 0.031821072 0.9951887 0.035544056 0.016117647 0.29403695 0.9925735 6.1085353e-18 0.0040597757 0.16978307 0.0060485983 0.0036051255 0.0062395507 7.4744935e-06 0.000990893 5.002427e-06 0.0042898143 2.3546053e-07 0.0009434257 5.150092e-05 0.00048462028 0.0006208042 4.601513e-06 4.923233e-06 3.4785023e-06 4.9249627e-07 0.00022396787 2.8436368e-06 0.0005124894 2.4024246e-07 0.03284518 7.9622606e-07 0.0001362435 1.955915e-08 8.9786425e-08 9.023482e-05 0.0005721092 2.437172e-08 4.6865026e-07 1.2254357e-08 9.1737014e-08 0.00015682593 2.4557872e-07 9.265294e-09 4.836645e-08 0.00024403122 3.07899e-07 8.8106714e-07 1.9982883e-08 1.4710916e-07 2.0206987e-06 4.0068235e-07 3.1620955e-05 6.6052125e-06 4.5459237e-05 5.838073e-07 1.2133672e-06 9.182251e-10 4.9603057e-07 1.0418409e-05 2.8210688e-06 1.4233508e-06 0.00015571328 9.807938e-05 4.1630813e-07 5.6630866e-05 3.054301e-07 1.6100569e-06 1.9302413e-06 4.969705e-07 5.3948057e-05 8.5131234e-08 5.157533e-07 3.8824913e-07 1.2038575e-05 1.3744878e-07 1.1790645e-06 1.21625e-07 1.309725e-06 7.3246573e-09 3.5022404e-07 1.0095551e-08 1.5947076e-07 4.4454797e-08 5.4023296e-08 3.2412416e-08 7.205755e-08 2.446269e-07 4.7928395e-08 9.090767e-09 7.574846e-09 5.542024e-05 5.7580517e-05
0.013395637 0.17063463 0.1115541 0.05567696 0.08661485 0.05335064 0.06915561 0.09043206 0.84235847 0.99098563 0.19655997 0.0024960644 0.003022893 0.0029809617 0.0039152233 0.0040597757 2.1000668e-13 0.00041209714 0.0002625714 0.0014357187 0.0008438562 0.0002680877 0.11794908 0.000796421 0.00011752879 0.0001783859 2.9723727e-05 0.023106644 4.739558e-05 8.3442275e-05 0.0016182488 0.000263877 0.0014115222 2.2384924e-05 4.4823955e-05 0.0011028985 0.00015677464 3.273735e-05 0.8589726 4.8773322e-06 1.7347793e-06 5.258148e-07 2.004229e-05 1.6167469e-06 0.0002136768 1.3961217e-06 8.9753945e-07 1.2581072e-06 2.212219e-07 4.1695977e-05 3.9328206e-06 1.9858479e-07 8.770397e-07 1.4648701e-05 9.2805055e-07 2.8905283e-06 8.220931e-08 1.8889551e-07 5.4714765e-06 5.8573914e-05 4.5525052e-05 4.2985183e-05 3.1005432e-06 0.00017406409 4.023638e-05 2.3870342e-07 1.8465855e-06 2.726124e-06 3.3549415e-05 2.0442443e-05 3.441782e-06 1.7937306e-05 3.6006022e-06 0.0001302867 1.0065533e-05 5.9643742e-05 6.923019e-05 2.076667e-06 0.00025384792 1.2616661e-06 1.8868044e-06 6.1731237e-07 0.00014799886 9.482275e-07 5.4156874e-07 5.089805e-07 2.0810594e-05 3.9308912e-07 1.9395942e-05 1.0051941e-07 2.9721912e-07 3.641518e-07 2.387043e-07 2.592328e-08 2.6377486e-06 2.0573077e-06 1.2374526e-05 2.2521788e-06 5.378618e-07 0.00017263723 1.48477475e-05
0.041992642 0.032623686 0.004593669 0.011416166 0.0003284848 0.10826631 0.00031852175 0.00012857077 0.0011190552 0.0073493836 0.3680344 0.36033323 0.11123253 0.8042807 0.9321074 0.16978307 0.00041209714 2.5469923e-16 0.99652237 0.025341969 0.046498984 0.0002680575 0.00024090472 7.483623e-06 0.13863158 6.5292e-06 0.030559154 9.997324e-06 0.038279008 0.008744605 6.701323e-07 1.9772553e-05 6.8873564e-06 4.100163e-06 0.002488086 9.122942e-06 0.003234805 3.5498222e-05 0.0021961902 4.1111343e-06 0.002300964 1.625457e-06 2.419064e-06 0.0013027142 0.0028039538 5.6643603e-07 1.543964e-07 8.7179915e-06 2.7955323e-06 0.003303865 1.5133577e-05 1.5152198e-06 6.098124e-08 0.001099604 3.472222e-06 4.008616e-07 2.4735393e-06 6.8141894e-06 2.0344157e-06 4.2683605e-06 6.302423e-05 1.240675e-05 8.706255e-05 6.789582e-05 6.9146495e-06 4.5887316e-07 9.1218105e-08 0.0003088809 1.01915575e-05 1.009654e-05 0.0003857134 0.00051711616 1.509537e-06 0.00034300564 3.2694745e-06 3.0218886e-05 1.6583165e-06 1.5351237e-07 0.00010728719 1.5699031e-07 8.662588e-08 1.3133992e-07 4.300423e-06 2.006096e-06 6.771179e-05 2.8296708e-07 9.104195e-06 1.0466704e-06 1.2157834e-06 1.73021e-07 2.4820164e-07 2.2612231e-07 1.7749338e-07 3.95823e-08 1.044393e-06 3.7822448e-07 2.8779252e-06 5.954672e-07 1.5528033e-07 0.00016061663 0.00039675317
0.45900154 0.0089616375 0.001716311 0.013916439 0.00068832724 0.075242236 0.000108638545 0.00013374511 0.00034520583 0.002966986 0.008632312 0.5946885 0.2481703 0.91450155 0.0689601 0.0060485983 0.0002625714 0.99652237 1.0717471e-15 0.09082217 0.16323373 7.923493e-05 0.00017725329 7.0546403e-06 0.69633186 1.0776308e-06 0.29752016 3.9643302e-05 0.18104357 0.10008188 9.865141e-07 8.590742e-06 1.6962441e-06 4.8767693e-06 0.040555928 9.343678e-06 0.068774335 1.165144e-05 0.00037207725 7.64357e-06 0.21407764 2.0886457e-06 2.8195625e-06 0.02209441 0.052934866 1.2866956e-07 2.2935742e-06 3.2797893e-06 6.8856775e-07 0.07769069 1.0031309e-06 2.96809e-07 1.848045e-07 0.02154388 4.7445272e-07 5.929763e-06 2.22677e-06 4.3904987e-07 1.2233257e-06 6.7294184e-07 0.00047759857 1.9334904e-05 0.004614147 6.797684e-06 6.5477974e-07 8.7356426e-08 3.1529364e-08 0.0049350085 3.4325708e-06 1.9206873e-06 0.0039421427 0.0065975892 6.7767405e-07 0.0009126097 5.2571096e-07 3.5019116e-06 2.4936563e-07 9.4953194e-08 0.00010672714 6.228132e-08 6.80256e-08 2.9585276e-08 4.2199767e-06 4.6213577e-07 0.00079719874 4.183973e-07 5.485489e-06 8.753205e-08 1.1374943e-06 1.0804597e-08 1.4795792e-06 2.4688326e-08 2.9435443e-08 5.3604694e-09 1.3511318e-07 2.3511914e-06 1.875936e-07 3.5438333e-08 1.3584273e-08 0.0002959832 0.003360864
0.9917349 0.14913735 0.05037274 0.7189966 0.120300606 0.79596996 0.022510447 0.0074149095 0.016606241 0.03501136 0.110505775 0.6465236 0.7464879 0.40844783 0.10659916 0.0036051255 0.0014357187 0.025341969 0.09082217 1.2248056e-14 0.91262096 0.20676255 0.0035702817 0.006279544 0.04130477 0.004872179 0.05605108 7.8682904e-05 0.09638112 0.18249878 0.001898451 0.0040809177 3.541467e-05 0.00073131867 0.03900004 5.8218047e-05 0.8486917 4.824016e-05 0.00016845838 0.19721395 0.0007717109 8.528414e-05 0.00016464977 0.00030376256 0.04233069 1.7817689e-05 0.0024999355 4.027352e-06 1.0711886e-05 0.0073552974 0.0004481633 3.8067876e-05 0.0003032786 0.0022302005 4.3372755e-05 0.0074538435 3.594219e-05 2.2712034e-05 0.004483929 5.157956e-07 0.08739353 0.00027193705 6.9633134e-06 3.935168e-05 1.5132805e-06 1.1531479e-05 5.821405e-07 3.9453735e-05 1.3021423e-05 4.189681e-06 5.6748395e-05 0.0131200915 4.3538334e-06 0.12620111 2.6174723e-07 3.3387078e-05 2.703055e-06 5.512105e-07 0.006566571 1.7329291e-06 5.2000667e-07 2.7109807e-06 0.0005052347 2.8525119e-05 8.48903e-06 3.692088e-08 4.4119304e-07 7.335585e-05 5.691147e-07 8.761863e-07 0.00016677007 1.103476e-07 6.197312e-08 8.2627265e-09 4.445391e-06 4.5383178e-05 2.7221672e-06 1.2402202e-06 1.355628e-06 0.0072812974 0.037567586
0.96803325 0.03978965 0.014557339 0.28686446 0.012999846 0.6282015 0.006368844 0.0025540204 0.0051903655 0.025956044 0.12934345 0.73155576 0.9343133 0.5134582 0.1747373 0.0062395507 0.0008438562 0.046498984 0.16323373 0.91262096 1.9524847e-13 0.027840102 0.0010854622 0.0015246969 0.28359234 0.00060033565 0.479903 3.3013974e-05 0.60088605 0.8535494 0.00034293253 0.002024411 2.2189024e-05 0.00030224118 0.15949698 4.387054e-05 0.66886646 5.0109764e-05 5.423673e-05 0.014750697 0.011656471 2.5226873e-05 0.00021246997 0.0013344532 0.097916484 5.7811585e-06 8.817127e-05 2.9443136e-06 1.39231415e-05 0.016494157 4.4253982e-05 2.7525843e-05 4.6877947e-05 0.0046650884 8.222939e-06 0.0017104205 3.5480858e-05 3.138119e-05 0.001399982 1.0304148e-06 0.03528186 8.635422e-05 8.997806e-05 2.950077e-05 7.947172e-07 1.541122e-05 6.7632783e-07 0.00010302998 2.4043738e-06 1.936841e-06 0.00018775584 0.0234186 3.3915778e-06 0.0661608 1.7358228e-07 2.7956537e-05 2.8685838e-06 7.05134e-07 0.005128258 1.3804879e-06 4.99233e-07 2.0300436e-06 0.00043251566 6.9369045e-05 5.1666902e-05 1.8087256e-08 1.89176e-07 7.047502e-05 5.600761e-07 3.145535e-07 0.000100215264 4.866571e-08 2.0502114e-08 5.681754e-09 1.0544148e-06 8.779859e-06 9.946478e-07 3.633827e-07 3.6233556e-07 0.0048546772 0.030660108
0.99248964 0.015301989 0.025003737 0.36409038 0.36773953 0.051553942 0.0844963 0.19468153 0.021740764 0.00079114386 0.00791989 0.0047006253 0.017135227 0.0014302442 2.6525246e-05 7.4744935e-06 0.0002680877 0.0002680575 7.923493e-05 0.20676255 0.027840102 5.287453e-15 0.06692488 0.3049497 0.00021377299 0.94410396 0.00058080413 8.877442e-06 0.0024239877 0.0071292985 0.028335625 0.28425184 4.4468772e-05 0.6185752 0.0010884574 0.0013273797 0.35537288 0.10000068 1.0953472e-05 0.8768466 7.2354655e-05 0.00638302 0.0012746673 6.5804124e-05 0.01420363 0.41497898 0.1653827 0.030658754 0.06299054 0.0005815934 0.11277841 0.00090216036 0.012302098 0.0005868247 0.014326816 0.10139238 0.0027389168 0.0004696843 0.012764805 0.0007613731 0.20064396 0.0040493086 1.0856702e-05 0.122789435 0.010173536 0.00048211258 0.00017578903 7.034891e-07 0.04527419 0.00023706559 1.8256806e-05 0.02702362 1.4866819e-05 0.104917124 8.318381e-05 0.019652268 0.00066569267 1.4920821e-05 0.011207182 4.6443615e-06 2.05221e-05 7.3116076e-05 0.0013243867 0.00012232151 5.838287e-06 3.0903968e-06 2.063516e-05 0.0007029784 6.6798552e-06 4.4742706e-06 0.00017158626 1.035731e-06 4.14242e-07 2.5052143e-09 1.0559997e-06 6.0377224e-06 0.000105858715 9.68673e-07 1.7174144e-06 0.013114975 0.022203224
0.113979906 0.112459764 0.2223347 0.07508518 0.44209674 0.055815466 0.58304805 0.7588822 0.95246303 0.0659691 0.0024859654 0.0012921179 0.0009291425 0.00070024485 0.0006802895 0.000990893 0.11794908 0.00024090472 0.00017725329 0.0035702817 0.0010854622 0.06692488 1.9724379e-14 0.74655294 0.000103998114 0.10354165 9.8624514e-05 0.81331605 0.000105785046 0.00012670064 0.97405195 0.30362266 0.66220087 0.0070757773 0.00014222831 0.48084557 0.0013522174 0.012663634 0.116630755 0.0010744754 7.5637186e-06 0.002621307 0.018593604 7.9484073e-07 0.0008506766 0.0001586154 0.00017540704 0.001076784 0.00010237004 0.0004631645 1.2574553e-05 0.0001720508 9.620248e-06 0.00022310832 6.5361837e-06 0.00024266429 3.400116e-05 4.0440307e-05 7.207347e-05 5.3709628e-06 0.001564339 0.00018977694 0.000493716 7.969402e-05 1.1011974e-06 8.125441e-06 6.821188e-07 1.8003062e-05 1.530601e-05 1.767146e-05 0.00016684899 0.00050714926 8.634743e-06 0.0008825982 5.5247887e-07 2.1031961e-05 4.1555404e-07 4.4696517e-06 0.00069401966 2.0164443e-06 3.2321975e-06 3.3465275e-07 0.00016594415 6.3644443e-06 4.31662e-06 2.7247998e-07 7.008069e-06 2.2148402e-06 8.582668e-06 7.819203e-09 7.908572e-06 3.134249e-07 4.1519874e-07 2.0643414e-08 9.077583e-07 4.460532e-07 1.5248539e-06 2.9438826e-07 7.02719e-08 0.0009393686 4.045913e-05
0.44423735 0.013228404 0.024046414 0.03817113 0.110775135 0.010651484 0.17340843 0.4753602 0.08307842 0.0010725528 0.0005797239 0.00041133698 0.0010649305 0.00020861514 8.0696545e-06 5.002427e-06 0.000796421 7.483623e-06 7.0546403e-06 0.006279544 0.0015246969 0.3049497 0.74655294 6.6409315e-17 2.2869635e-05 0.6546649 3.1086336e-05 0.006757004 0.00020767345 0.00022820977 0.59138477 0.99203634 0.019081166 0.22715819 7.142071e-05 0.12846343 0.0025669571 0.14386424 0.00046689846 0.0042535416 4.734252e-06 0.045549814 0.107640475 2.459813e-06 0.00044075405 0.001471037 0.000108032895 0.0036420499 0.0013971806 0.00021287502 8.58295e-05 0.004213372 4.6159644e-06 7.768216e-05 5.6348813e-06 0.0001384788 0.00055632956 5.8907895e-05 4.4341516e-05 3.420981e-05 0.0018075887 4.9386497e-05 2.1062631e-05 0.000606092 1.7052987e-05 0.00014498731 1.7342037e-06 3.204198e-06 8.714653e-05 5.470469e-06 1.0460023e-05 0.0003632606 9.906236e-07 0.0021938013 2.2154443e-06 8.811176e-05 5.942931e-06 1.7385422e-06 0.0005236188 8.2864005e-07 1.7159017e-06 3.5129446e-07 0.0001011285 6.4597116e-05 6.8463355e-06 3.2841697e-07 6.901295e-06 1.8318215e-05 4.411264e-06 4.0134758e-08 2.6250104e-06 3.4791543e-07 1.87877e-07 4.9716387e-09 1.8099276e-07 6.4972136e-07 3.141064e-06 1.10455e-07 5.159995e-08 0.0009596063 0.00022148105
0.58307207 0.004981663 0.0009080112 0.007069815 0.00052987743 0.07425779 0.00018814698 7.586102e-05 0.00072594424 0.0036765353 0.05332936 0.6471819 0.21543519 0.793164 0.16693601 0.0042898143 0.00011752879 0.13863158 0.69633186 0.04130477 0.28359234 0.00021377299 0.000103998114 2.2869635e-05 3.037244e-15 8.9345685e-06 0.9828991 8.616407e-06 0.629277 0.314225 1.8817299e-06 5.962071e-05 1.2316418e-06 5.813449e-05 0.3909419 4.3938144e-06 0.047025785 7.76952e-05 1.432254e-05 1.1908754e-05 0.89070183 4.0717177e-06 4.0085456e-06 0.19097194 0.109866545 5.961681e-06 9.917262e-08 5.6129984e-06 8.927662e-06 0.24481472 5.780803e-07 8.018946e-06 1.510072e-07 0.06378387 1.4755273e-07 1.0953895e-06 2.5932271e-05 1.2525128e-06 5.8948613e-06 1.611846e-07 0.0012243739 2.8532708e-07 0.002339188 2.7466172e-06 4.240598e-07 9.345269e-07 3.1599185e-09 0.009646763 8.186023e-08 5.567674e-07 0.009401999 0.01041992 1.1413197e-07 0.005379501 8.113242e-09 2.5290915e-06 1.3340656e-07 2.2963643e-08 0.00016784339 1.3792194e-08 1.942542e-08 6.089253e-09 3.5258422e-06 7.629881e-07 0.001943365 1.0671649e-09 1.2945063e-07 1.3821201e-06 4.6782166e-08 5.8631855e-09 3.4226762e-08 3.1226282e-09 1.8847046e-09 5.587991e-10 5.273462e-08 6.9498096e-09 4.564384e-08 6.2637495e-09 3.7830747e-09 0.0008172771 0.008722654
0.97613096 0.0026103368 0.0051520374 0.011330029 0.0205692 0.001859935 0.019134002 0.07957083 0.007933278 0.00014597263 2.2268627e-05 2.0870737e-05 0.00034405582 2.7398506e-05 2.1834892e-07 2.3546053e-07 0.0001783859 6.5292e-06 1.0776308e-06 0.004872179 0.00060033565 0.94410396 0.10354165 0.6546649 8.9345685e-06 2.4783777e-15 8.047168e-06 0.00021859094 7.274043e-05 9.4582516e-05 0.07903643 0.69109046 0.0002486019 0.9746602 7.833153e-05 0.0048562908 0.021676237 0.2970953 3.8697683e-05 0.26954365 3.989283e-06 0.04612714 0.025712138 7.194328e-08 0.000734492 0.25970778 0.026907962 0.06272064 0.05017806 0.00070920924 0.011955256 0.0056253136 0.0021625897 0.00020089163 0.0016894926 0.031397495 0.008071218 0.0006430246 0.003829058 0.00041198122 0.040512264 0.0017441913 5.865197e-06 0.012387545 0.00022751177 0.004122487 0.0001211576 8.4328974e-07 0.0035028458 6.951128e-05 9.678596e-05 0.0011784869 6.117084e-06 0.032366768 3.989032e-06 0.0010978347 5.578847e-05 1.1447524e-05 0.0049095987 3.6101092e-06 2.1946184e-05 6.139632e-06 0.00054702273 0.00038057385 7.742895e-06 2.4441258e-07 7.4248474e-06 0.0011243027 4.634128e-06 1.3842684e-07 4.1601168e-05 4.852443e-07 2.1704469e-07 3.11262e-09 2.3361624e-06 7.5965168e-06 8.1172475e-06 8.629454e-07 1.5597172e-06 0.0027445124 0.0017939385
0.7678024 0.0015536076 0.0003521337 0.0024641391 0.00021242257 0.02222972 6.70899e-05 2.775221e-05 0.000100835634 0.0014856055 0.022371503 0.30880585 0.22119054 0.5140419 0.04932154 0.0009434257 2.9723727e-05 0.030559154 0.29752016 0.05605108 0.479903 0.00058080413 9.8624514e-05 3.1086336e-05 0.9828991 8.047168e-06 3.060982e-16 2.4490933e-05 0.9217735 0.46178386 7.2678827e-06 7.580562e-05 2.0735974e-06 1.2280078e-05 0.6740486 6.3404177e-06 0.16145813 2.9407329e-06 5.906944e-06 0.00013056931 0.15358813 1.6620792e-05 2.4034742e-05 0.048312943 0.27454665 1.1123853e-05 3.6551517e-06 1.3723123e-07 1.2203998e-06 0.60867226 6.4772433e-07 6.195657e-06 4.4715957e-06 0.08012118 1.406192e-07 7.1159775e-05 2.2162185e-05 7.941171e-07 8.3713516e-05 2.229643e-08 0.0064034974 8.0152295e-06 0.00105236 3.925776e-06 1.0307917e-07 3.0344147e-06 5.59926e-09 0.0025882327 1.8337937e-06 1.1153681e-07 0.009259555 0.02002343 9.3251174e-08 0.012026767 1.1998486e-08 1.8922257e-05 3.1638162e-08 9.249703e-09 0.0010817219 2.623326e-08 8.013597e-09 1.208091e-07 1.7996248e-05 1.21414205e-05 0.00064094603 1.2540409e-09 5.110795e-08 1.6763968e-05 6.4438886e-08 8.721791e-08 7.3085507e-06 1.511388e-08 8.763375e-09 1.3765282e-08 2.3561641e-07 1.1126712e-06 5.0534527e-07 7.1460114e-08 4.107274e-08 0.0040345164 0.010448943
0.0018536363 0.0023638313 0.0041695563 0.00052142894 0.009125741 0.00036496343 0.049650073 0.10471398 0.6452691 0.0015099361 0.0001748684 6.8324785e-05 9.267093e-06 0.00065086066 7.7434015e-05 5.150092e-05 0.023106644 9.997324e-06 3.9643302e-05 7.8682904e-05 3.3013974e-05 8.877442e-06 0.81331605 0.006757004 8.616407e-06 0.00021859094 2.4490933e-05 3.467768e-15 1.8780986e-05 6.742944e-06 0.01105557 0.00032272204 0.97695047 1.0718661e-05 3.026096e-05 0.06026774 0.00018280439 3.3337892e-05 0.90716827 2.48838e-05 1.629303e-06 8.494707e-06 0.00024559125 8.107642e-07 0.00024350025 5.669376e-07 4.2259155e-05 2.0679152e-05 1.2466818e-06 3.2456206e-05 2.2395132e-05 1.268865e-06 1.3934771e-06 2.4714322e-05 3.0442666e-06 3.262465e-05 6.764666e-07 7.459059e-07 1.6167377e-06 4.2330626e-05 0.00014680078 0.00012740573 3.5421388e-05 4.836647e-05 3.7787988e-05 5.4638317e-08 1.4729742e-05 6.4907763e-06 7.935661e-05 2.2851911e-05 4.9172077e-06 3.2603843e-05 1.16415895e-05 1.0153268e-05 0.00023787885 8.71881e-05 8.222527e-05 1.3667406e-05 0.00030220114 4.625421e-06 1.9650344e-05 4.110174e-06 0.0002548813 1.6612528e-06 1.135193e-07 4.5926066e-05 4.895714e-05 6.0749755e-08 2.4430841e-05 1.1134651e-06 3.813273e-07 1.7354885e-05 1.8249375e-05 1.5755943e-06 5.387636e-06 1.9860438e-06 5.606274e-06 2.4215522e-06 1.1857027e-06 0.00023539465 6.686078e-07
0.8888105 0.003473711 0.0010269597 0.010555112 0.0007855601 0.042546462 0.0005250992 0.0003085173 0.00020307428 0.0009835208 0.015419572 0.5468079 0.24510886 0.5943518 0.040945914 0.00048462028 4.739558e-05 0.038279008 0.18104357 0.09638112 0.60088605 0.0024239877 0.000105785046 0.00020767345 0.629277 7.274043e-05 0.9217735 1.8780986e-05 8.6914694e-15 0.9472313 7.2990675e-05 0.0007766635 7.5204257e-06 0.00014076206 0.9372335 9.555233e-05 0.2021583 2.048653e-05 1.681899e-05 0.0016759965 0.32060027 1.2493318e-05 0.00044990235 0.023162913 0.34312057 9.107409e-06 1.8884435e-05 1.1054884e-06 6.981167e-06 0.25732592 8.004994e-06 3.4593133e-05 1.5661228e-05 0.042508096 3.2094645e-06 0.00050822657 1.266449e-05 2.7316297e-05 0.00031602551 2.7162693e-07 0.01063719 2.1089161e-05 0.0003297607 1.2724392e-05 1.5026735e-07 1.3891113e-05 2.2973634e-08 0.00070696493 1.8858761e-06 5.5558456e-07 0.0040670745 0.022626838 1.938565e-06 0.020208301 1.1054957e-08 4.072924e-05 4.2312884e-08 2.5001986e-08 0.003792252 2.4179718e-07 1.4088706e-08 3.2298883e-07 0.00013433967 3.23791e-05 0.00065375405 8.4370755e-10 1.8087498e-08 9.662254e-05 5.4783264e-08 4.2845556e-08 1.6780874e-05 4.656484e-09 2.588098e-09 1.4352449e-08 2.9586025e-07 2.709191e-07 5.8340074e-06 5.4068757e-08 8.4442796e-08 0.0058323387 0.018674893
0.9835823 0.0047590765 0.0016535 0.018361421 0.0012643733 0.07743627 0.00066879985 0.00031960316 0.00055496406 0.0028415045 0.017573424 0.3552913 0.30813098 0.26540107 0.034835007 0.0006208042 8.3442275e-05 0.008744605 0.10008188 0.18249878 0.8535494 0.0071292985 0.00012670064 0.00022820977 0.314225 9.4582516e-05 0.46178386 6.742944e-06 0.9472313 4.8171485e-14 4.2979078e-05 0.00034801234 9.489155e-06 4.91287e-05 0.78206 3.2478216e-05 0.8027081 7.769931e-06 2.8181394e-05 0.010683815 0.0073894816 1.9479192e-05 9.7242264e-05 0.0027954697 0.5915043 3.9777456e-06 0.000112289 4.2426007e-07 3.6570661e-06 0.12198668 1.7025965e-05 1.3967788e-05 4.9633723e-05 0.017031692 5.9970644e-06 0.0028446894 6.9298917e-06 8.157695e-06 0.0011687337 3.7938736e-07 0.0716843 9.290973e-05 5.7527282e-05 7.679248e-06 9.954786e-08 8.108017e-06 1.6986228e-07 9.216359e-05 1.2397661e-06 2.1709782e-06 0.0003091308 0.09273911 5.6976723e-06 0.11520177 8.778184e-08 6.876147e-06 6.5040825e-07 7.081964e-07 0.006109173 2.3187317e-06 5.101137e-07 4.2215967e-07 0.00041025082 1.64569e-05 3.158223e-05 1.2865992e-08 1.7568989e-07 3.1485455e-05 1.0782508e-06 1.2516502e-07 0.00016038932 2.9359354e-08 2.4186855e-08 5.782611e-09 2.2337251e-06 2.3691451e-05 3.2122435e-07 4.7677275e-07 3.9239285e-07 0.009564808 0.06461681
