4.88579e-29 0.9445047 0.6226279 0.31949157 0.15751849 0.22979657 0.91437936 0.5163826 0.8575019 0.62905777 0.9708894 0.8862607 0.034778185 0.022527862 0.47120476 0.85750043 0.5371601 0.45115346 0.008623408 0.8033526 0.018515594 0.659781 0.072344154 0.8461312 0.89243364 0.032045584 0.6534856 0.1331273 0.88499826 0.21493092 0.9495265 0.9348866 0.36404714 0.759572 0.4800614 0.016760604 0.5987739 0.056429483 0.69591314 0.015531894 0.0028954546 0.83686554 0.899722 0.0029169885 0.14317207 0.94163203 0.25425562 0.016877737 0.8234643 0.9765703 0.90579385 0.8329791 0.3597623 0.77422637 0.8948414 0.20753358 0.9082243 0.9738012 0.9584347 0.7175958 0.029597744 0.9137767 0.06601844 0.76724935 0.7281732 0.98886025 0.0012510333 7.4542666e-05 0.01667731 0.60898054 0.895733 0.9085942 0.916674 0.8760983 0.033572156 0.9832618 0.022990588 0.9741061 0.99616325 4.7655234e-05 0.9972332 0.008011131 0.99639654 0.95298725 0.99776083 0.0002290088 0.00024556406 0.0044043176 0.99216884 0.02526769 0.86553746 0.3110911 0.000110290435 0.406879 0.011262247 0.9970296 0.9994984 8.4062805e-05 1.966613e-05 1.1467028e-05 0.9999705
0.9445047 2.562975e-17 0.49278098 0.19115654 0.19701785 0.03177658 0.43694437 0.85236615 0.005311876 0.8342226 0.9591447 0.92253566 0.30592796 0.3758678 0.6341632 0.34955803 0.008109317 0.0027483967 0.1611829 0.02061829 0.12560943 0.4380372 0.029701142 1.40749635e-05 0.0453891 0.022811316 2.6663394e-05 0.20650703 0.19221191 1.4709016e-06 0.063448794 6.215877e-05 0.06687699 0.24360499 0.05326167 0.036117252 0.03057602 0.0020067662 0.010674806 0.03562487 0.06689317 7.911147e-07 0.018339122 0.029974595 0.004773768 7.190941e-06 1.3857927e-05 2.5813466e-05 0.001981155 0.013275056 0.0005361381 0.00087181793 9.582956e-09 0.0016531257 0.004410244 1.6224928e-06 0.0017257099 0.0008328709 1.7367534e-05 0.0016812736 1.8573459e-05 8.2672983e-07 0.0010751843 5.916432e-06 1.1366061e-06 0.041248713 0.00016116623 0.0014840938 1.4580172e-05 0.000106110194 9.80515e-07 0.0047099655 0.003918731 0.00042837512 2.1218302e-06 0.025062334 2.0318662e-06 0.048824865 0.02184374 1.8622697e-05 0.039412707 3.5868347e-06 0.0050876704 8.7923394e-07 0.005700466 4.61121e-05 8.2731276e-05 4.0991523e-07 6.5090906e-05 1.04931e-06 1.0534911e-06 1.682312e-06 7.137202e-05 5.1993084e-07 1.2521617e-06 0.000106714615 0.0019395193 6.681279e-05 7.711068e-06 7.471301e-06 0.0012622643
0.6226279 0.49278098 1.9166298e-18 0.6128995 0.99463165 0.45756128 0.6306508 0.39047197 0.794026 0.12361599 0.017036678 0.07475074 0.63019246 0.13874662 0.15792657 0.24335063 0.23033282 0.14087656 0.08375127 0.23785134 0.4443138 0.0024309154 0.19849975 0.04536744 0.014585848 0.05727031 0.011762764 0.000614649 0.007063621 0.0033594526 0.006660839 0.02301552 0.00053692015 0.00043465116 0.0006135795 0.09190382 0.00068429543 0.0060112854 0.00014923733 3.129297e-05 0.020092834 0.00030797083 0.021495776 0.00028048232 1.0228289e-06 0.00062842557 0.0006862753 0.010527732 4.2447053e-05 0.011186504 0.0036582819 1.0908178e-05 6.392465e-07 4.2005413e-05 0.000112974936 9.49354e-07 4.0159823e-05 0.00510213 0.00053480297 1.2484087e-05 1.9184712e-05 1.2264746e-05 1.3962394e-07 1.2756602e-05 3.136774e-06 0.002466522 8.2531267e-07 0.0009224026 5.9278404e-06 6.7251455e-07 5.8699143e-06 9.258768e-05 7.792947e-05 1.0619244e-05 6.884273e-07 0.0021330279 3.485168e-07 0.0015796522 0.00074539357 7.155714e-05 0.0015099748 9.480791e-07 0.000695092 6.0412185e-06 0.00063546316 3.2951786e-05 0.00019106975 2.421706e-07 0.00026852754 3.957519e-07 3.2195903e-06 5.0349485e-08 6.3140695e-05 3.913188e-09 1.3850197e-07 0.00055846066 0.00077709026 8.10249e-06 3.2066177e-07 1.5145011e-07 0.0007056823
0.31949157 0.19115654 0.6128995 4.2104858e-19 0.25926396 0.9890006 0.8906196 0.20554687 0.6809649 0.018095195 0.00044234828 0.006276735 0.1603253 0.027891781 0.097725615 0.23915806 0.5052494 0.375859 0.021413872 0.45694247 0.14588805 0.0007177988 0.11069696 0.1025135 0.02005606 0.03648897 0.008857693 0.0004676857 0.00073286373 0.0020641184 0.0024769206 0.12753323 0.00025808407 3.088024e-05 0.00035124412 0.059907157 3.698176e-05 0.010335529 0.00020036717 3.3356955e-06 0.0036089646 0.00018197349 0.020457983 6.7104236e-05 1.06125935e-05 0.0004655836 0.00084745785 0.0056188987 2.5413749e-05 0.00695964 0.0039485963 9.705211e-06 2.2124987e-06 3.8692626e-05 9.991744e-05 7.579587e-05 6.174219e-05 0.007013934 0.00025602194 4.0856976e-06 0.00010583116 2.4672287e-05 2.9845767e-06 3.7866776e-05 9.640495e-07 0.011318738 3.141166e-06 0.00017900812 0.00012971727 1.917544e-05 1.3078771e-05 2.575708e-05 2.5460058e-05 5.040157e-06 8.4601525e-06 0.0014375204 3.952704e-06 0.0023934147 0.0004862786 3.8718367e-06 0.00123993 1.7943601e-05 0.0028056095 6.177679e-06 9.585974e-05 0.00027077354 0.00013793037 2.0692416e-06 0.0002143495 0.00021155163 1.293373e-06 5.794591e-07 7.3197494e-05 2.983427e-08 1.2263454e-06 0.00036345635 0.00054033066 0.00019377167 3.698756e-06 2.2789116e-06 0.0006003643
0.15751849 0.19701785 0.99463165 0.25926396 6.8774232e-18 0.16819479 0.27231538 0.509901 0.5046676 0.022940245 0.0073551126 0.013725704 0.86526585 0.31948447 0.03211875 0.034868676 0.0883162 0.047524024 0.31609315 0.061609726 0.8527417 0.0018520779 0.4577949 0.022474127 0.0026573834 0.18615578 0.011643328 0.0006876538 0.0005733394 0.010874724 0.0010131263 0.0067843236 0.00020380123 0.00027518193 5.8064572e-05 0.3533719 9.214241e-05 0.03696078 2.4142e-05 6.6678294e-05 0.058193684 0.0014198978 0.0018233259 0.00046481437 5.4988614e-06 0.0004582918 0.0013537058 0.016629077 6.899084e-06 0.0010763019 0.0007260699 1.332402e-06 9.086383e-07 1.1838773e-05 5.254073e-05 7.3184824e-06 1.08102095e-05 0.00088743615 0.00019754165 1.2760137e-06 3.8060396e-05 1.3964832e-05 2.4199364e-06 7.743504e-05 1.3332098e-05 0.00041576874 1.085652e-06 0.005181059 1.6947752e-05 3.502767e-06 4.944437e-05 6.9118005e-06 4.78561e-06 1.8349958e-06 4.35559e-06 3.6444817e-05 2.190141e-06 0.00017247317 1.8194061e-05 0.00045965615 4.681433e-05 2.588262e-06 0.0003337128 7.89451e-06 1.9396091e-05 8.360437e-05 0.00053231267 4.9742304e-08 2.6201722e-05 1.1609565e-06 1.1419811e-06 3.578201e-08 8.1087324e-05 5.7440164e-09 3.9056127e-07 7.57628e-06 0.0003083902 2.2433502e-05 1.1744274e-06 6.435491e-07 0.00020178371
0.22979657 0.03177658 0.45756128 0.9890006 0.16819479 2.0430925e-18 0.8346817 0.052637544 0.8038054 0.005437974 4.85292e-05 0.0005785227 0.08105803 0.006755664 0.01732321 0.10756404 0.6959807 0.39413884 0.0043356484 0.4616809 0.09004305 0.0001264901 0.058499526 0.2614615 0.009729042 0.019858215 0.025619183 6.458363e-05 0.00017724193 0.0065768864 0.0014081267 0.18541208 3.2138738e-05 4.846422e-05 6.6889166e-05 0.052217454 7.521832e-06 0.008901218 5.45333e-05 1.7144165e-06 3.9779563e-05 0.00062680204 0.011948223 2.8586448e-05 6.6169616e-07 0.001202268 0.0010244555 0.0041840496 4.7110702e-06 0.0043762736 0.0055332994 3.409853e-06 1.5490288e-05 1.2294901e-05 6.321191e-05 0.00012844967 3.9411203e-05 0.008576552 0.00055023213 2.483734e-06 4.2475236e-05 0.00016396189 4.622711e-07 0.00019064058 2.4487292e-05 0.008203968 1.3575063e-06 0.0002599798 2.7125388e-05 2.2749398e-06 0.00013225402 8.776854e-06 7.4484424e-06 3.1645252e-06 4.4656572e-05 0.00045590076 1.5206012e-05 0.0024373094 0.00021479376 1.0244847e-06 0.00040659014 1.5575033e-05 0.0036697276 0.00014917101 3.668959e-05 4.878167e-05 6.7341694e-05 2.1173892e-06 0.0012980866 6.783046e-05 3.568882e-05 1.1890585e-05 2.4861787e-05 9.534369e-09 2.5068503e-06 0.00055365905 0.0007006552 6.0286293e-05 5.4617326e-06 6.593859e-06 0.0011326595
0.91437936 0.43694437 0.6306508 0.8906196 0.27231538 0.8346817 2.9145974e-17 0.21503162 0.43293864 0.3271657 0.00067848247 0.10255528 0.17528616 0.02584947 0.56439006 0.874506 0.6580205 0.58199376 0.014059229 0.9230881 0.07165969 0.0023736795 0.030125538 0.044278827 0.29707143 0.014178863 0.0015200251 0.00027621232 0.0055254553 0.0012581559 0.037141766 0.41487238 0.0004951159 0.00015696014 0.00090254017 0.01764955 6.8356974e-05 0.004375064 0.0005013936 3.3316771e-06 7.190896e-05 0.000112811715 0.2749369 4.3565436e-05 2.9731864e-05 0.0004933761 0.0002840474 0.000331928 3.531588e-05 0.05340197 0.0055990266 1.2064526e-05 2.6809125e-06 3.0440971e-05 0.00018784471 1.7537886e-05 8.215818e-05 0.018530976 0.00050604047 5.2051746e-06 2.595892e-05 0.00010770227 1.114525e-05 7.4040974e-05 8.674918e-07 0.06100827 6.75422e-06 5.3259424e-05 2.936315e-05 7.947289e-06 2.2617192e-05 8.903314e-05 7.271353e-05 8.185758e-06 2.6654714e-06 0.0028674298 1.3377215e-06 0.016366217 0.0009539887 4.9225304e-07 0.0057094167 6.5181634e-06 0.01289587 1.2688038e-05 0.00020651687 1.1807079e-05 1.1395014e-05 2.6154626e-06 0.00032644553 8.586438e-05 8.012547e-06 1.6922983e-06 2.4859533e-05 1.2644045e-07 1.0191825e-06 0.00024690165 0.0024533554 1.4735054e-05 4.712162e-06 4.967381e-06 0.0022130802
0.5163826 0.85236615 0.39047197 0.20554687 0.509901 0.052637544 0.21503162 2.1950332e-16 0.06820494 0.20771669 0.5933401 0.24353428 0.8507931 0.9700354 0.2483123 0.14512353 0.018235527 0.008523072 0.90040964 0.020424644 0.43190196 0.38654336 0.0064164544 0.0011654369 0.007741219 0.0049996465 0.00021083704 0.49315584 0.046023086 5.125585e-06 0.007975494 8.976096e-05 0.028430888 0.20886517 0.017575284 0.041442916 0.035132896 0.002030372 0.0028498895 0.08314165 0.62260675 1.4210749e-06 0.0039387555 0.14717042 0.008892521 9.6374115e-06 2.5266734e-06 0.0027673834 0.008851578 0.000432401 0.0008851118 0.0026054448 4.969574e-08 0.00092683313 0.0007793914 2.0232555e-08 0.00034930612 3.0580784e-05 7.728063e-05 0.0013959053 3.8170464e-07 4.990874e-07 0.0014556026 3.848736e-06 7.885056e-07 0.0005360215 0.003892032 0.028870692 4.728663e-07 0.00012361852 1.2550687e-07 0.0005142735 0.00052490627 0.00027623656 7.936587e-08 0.0018982275 4.4510536e-08 0.0010640635 0.0012503021 0.0046691294 0.0028260627 1.09589564e-07 0.0005426457 1.924421e-07 0.0012230553 7.2464655e-07 4.8507824e-05 1.8748029e-08 1.1760184e-05 1.4486581e-08 1.5614206e-07 2.8359437e-09 5.3183187e-05 1.5604455e-07 2.1567697e-08 4.881341e-05 0.0011665784 7.536303e-07 6.004417e-08 1.308688e-07 0.0010381113
0.8575019 0.005311876 0.794026 0.6809649 0.5046676 0.8038054 0.43293864 0.06820494 1.8886519e-17 0.00081446127 2.9390199e-06 0.00010189241 0.17595662 0.015619675 0.002757148 0.0043528937 0.6762989 0.52506465 0.003970306 0.37462655 0.34138814 2.5215318e-06 0.8471719 0.9184736 0.00075162173 0.690811 0.87905085 6.0483785e-06 6.210925e-06 0.85699844 7.164392e-05 0.31390277 6.7589235e-06 3.795495e-07 3.947363e-06 0.52537805 3.976877e-06 0.5389206 1.2940318e-06 5.5166123e-07 6.1439487e-06 0.16954225 0.0012471089 3.5359793e-05 3.381098e-06 0.050751384 0.24507101 0.4345584 2.328222e-06 0.0015898295 0.042915393 1.7811767e-06 0.0030388618 2.029254e-06 7.661779e-06 0.008635807 2.5244624e-06 0.024406375 0.011499906 1.3343882e-06 0.007772504 0.0014117404 2.5804936e-06 0.002198641 0.00014186335 0.00417173 3.2286853e-06 0.000107761865 0.0012150822 6.3267817e-07 0.00093640934 9.019546e-06 7.33107e-06 1.4722052e-06 0.00030636467 0.00023745501 0.0002304605 0.000566591 0.00012615278 1.2569876e-07 0.00019287896 0.00015126816 0.0034317777 0.0002926557 9.4447576e-05 0.0013661588 0.00041346412 0.00010264466 0.0071608503 0.00063064205 0.0002561543 8.5547814e-05 0.0004007363 2.4702597e-08 0.00014364198 0.0013292077 0.000967916 0.00093743607 0.00024016584 0.00016674829 0.00061531406
0.62905777 0.8342226 0.12361599 0.018095195 0.022940245 0.005437974 0.3271657 0.20771669 0.00081446127 1.429272e-17 0.30581468 0.9671159 0.0251875 0.010769371 0.95154446 0.64026713 0.0025666452 0.002583408 0.001999158 0.058312528 0.0022550148 0.034287885 0.001857719 2.198848e-05 0.27491647 0.0016387942 2.5667112e-05 0.0038596694 0.38501677 8.083689e-06 0.32395816 0.00060272723 0.06024236 0.014138605 0.06885248 0.0006462562 0.02875751 0.00032194675 0.027912466 9.783713e-05 0.000222728 4.6687283e-06 0.07985894 0.00017446726 0.0003723426 3.261902e-05 2.2536837e-05 1.0390864e-05 0.0006458277 0.030093418 0.00033979735 0.00069522625 2.8464817e-07 0.00078469934 0.001971565 1.5185e-05 0.0017352784 0.0031496265 6.839219e-05 0.00065336004 7.888783e-06 2.4764115e-06 0.00042263546 1.7593351e-05 2.0972243e-06 0.045125745 4.572327e-06 7.6728094e-05 1.279043e-05 0.00014372462 3.246659e-06 0.0013866585 0.0014344276 0.00030279916 1.8922346e-05 0.029938024 1.553418e-05 0.049758006 0.016191581 9.2340764e-07 0.031268362 1.2906689e-05 0.013370941 5.0128906e-06 0.0039721164 6.976299e-05 8.756592e-05 4.83656e-07 0.00011031294 1.7311031e-05 2.7858516e-07 1.877033e-07 0.00017560119 9.851406e-07 1.2216948e-06 0.00011766529 0.004867669 5.4725806e-05 3.967611e-06 1.1149773e-06 0.0038373235
0.9708894 0.9591447 0.017036678 0.00044234828 0.0073551126 4.85292e-05 0.00067848247 0.5933401 2.9390199e-06 0.30581468 5.0864792e-17 0.702557 0.0148683805 0.057256386 0.12198755 0.004844015 5.685625e-05 7.1600093e-06 0.01314672 8.760998e-06 0.0014257494 0.88479984 3.9820705e-05 7.902898e-09 0.0035021526 3.4859433e-05 1.4435106e-07 0.4924576 0.40447226 1.3851776e-08 0.06869911 7.251488e-08 0.58850175 0.89323866 0.21608692 0.00017895435 0.6908078 8.334107e-06 0.12003905 0.102307625 0.021893263 8.000238e-08 0.0049106916 0.03813031 0.13054475 3.2475614e-07 2.6833797e-07 5.840796e-07 0.20267239 0.0020282506 1.6753578e-05 0.08710648 1.8437126e-09 0.08983169 0.11006002 1.3531512e-07 0.061404828 8.414714e-06 5.449909e-07 0.24074088 1.5474112e-06 7.0454824e-08 0.026463294 8.483942e-07 8.659316e-08 0.0061410493 0.003096439 0.00014831084 1.7800744e-06 0.0020140556 3.4856054e-08 0.079320095 0.06484367 0.053628705 2.7156113e-07 0.18226416 3.4962872e-07 0.061646014 0.21396944 4.4989547e-06 0.10902198 8.407803e-07 0.001114498 1.8615593e-07 0.0951898 3.790688e-05 1.4284986e-05 2.5200205e-07 1.0571838e-06 5.7135685e-07 3.080363e-08 3.1346522e-07 5.0636365e-05 8.449562e-05 1.1493632e-07 2.1196663e-06 0.00037455122 4.3858287e-05 6.695466e-05 1.6709588e-05 0.0005034303
0.8862607 0.92253566 0.07475074 0.006276735 0.013725704 0.0005785227 0.10255528 0.24353428 0.00010189241 0.9671159 0.702557 4.3412275e-18 0.013319777 0.011148732 0.83002985 0.48873264 0.00074338313 0.00030106227 0.0018013358 0.0019059351 0.0016938284 0.13963194 0.0013494155 1.5135402e-06 0.26983216 0.001498963 1.8007414e-06 0.019022834 0.72509724 2.760847e-07 0.4863845 3.726271e-05 0.37956572 0.12090015 0.27724406 0.00033535386 0.20944704 0.00016663685 0.15453264 0.00064082624 3.562292e-05 1.4750799e-07 0.039475597 0.0004231777 0.003173022 1.2113264e-06 5.4610446e-06 1.3326091e-06 0.016339675 0.014805406 6.3695414e-05 0.0043471665 1.8575646e-08 0.009396208 0.026051031 1.409212e-06 0.011089456 0.00026363126 6.5118566e-06 0.0022987456 3.7408784e-06 2.5622109e-07 0.002899229 1.0952089e-06 4.0611363e-07 0.043835692 3.765145e-06 3.0529234e-05 7.0874135e-06 0.0015661162 9.585557e-08 0.007856979 0.0073400047 0.0011183011 2.6919367e-06 0.14482118 3.5313744e-06 0.11107498 0.08588108 8.436923e-08 0.119553104 1.4452056e-06 0.00909178 2.1335595e-07 0.016516104 3.3655226e-05 1.7047152e-05 6.9292305e-08 9.051748e-06 1.2037455e-06 2.3058401e-08 6.1504637e-09 2.828457e-05 5.745444e-06 1.6810442e-07 3.2776272e-05 0.0053663454 7.1048325e-06 1.2534904e-06 7.6231976e-07 0.0033835205
0.034778185 0.30592796 0.63019246 0.1603253 0.86526585 0.08105803 0.17528616 0.8507931 0.17595662 0.0251875 0.0148683805 0.013319777 3.2469688e-17 0.8969278 0.029714314 0.01765438 0.020278867 0.010903852 0.9508994 0.015038731 0.92576873 0.00820729 0.015413381 0.002495474 0.00076320075 0.0077192397 0.0016936952 0.009173545 0.0004996188 0.00088211225 0.00011978216 0.00039696833 0.00029422174 0.0022314708 0.00015837522 0.1665547 0.000499046 0.002305968 7.963188e-05 0.0005754229 0.31983978 0.00011303884 0.00078916847 0.013856216 2.7800024e-05 0.00043489246 8.009083e-05 0.0074403994 3.926216e-05 0.00010353735 0.00027284442 1.2912255e-05 1.2074638e-06 2.1394768e-05 3.100642e-05 9.1073076e-07 1.451912e-05 9.812138e-05 3.0976895e-05 1.5883723e-05 7.80308e-06 2.2771135e-05 3.2718748e-05 5.9691025e-05 2.9575871e-05 9.8918965e-05 4.9255035e-05 0.043974 2.0961825e-06 1.8156326e-05 9.831128e-06 9.121536e-05 8.045262e-05 6.0204187e-05 7.915827e-07 0.0004375391 4.0973936e-07 0.00025362964 6.353598e-05 0.005417548 0.00072875345 4.025655e-06 0.00014085404 8.333408e-06 0.00028940014 2.6692678e-05 0.00032979657 1.9883244e-07 5.5644363e-05 1.580609e-06 2.0869213e-06 2.0167992e-07 0.0002471469 1.0900004e-07 6.6032254e-07 1.0954757e-05 0.00018549783 9.208249e-05 2.4231092e-06 9.594808e-07 0.001176047
0.022527862 0.3758678 0.13874662 0.027891781 0.31948447 0.006755664 0.02584947 0.9700354 0.015619675 0.010769371 0.057256386 0.011148732 0.8969278 5.170582e-17 0.012924539 0.0046896776 0.0012527029 0.0002513774 0.96748704 0.00041171472 0.591072 0.041926347 0.0005526813 7.6022305e-05 0.00015613559 0.00071248866 5.330927e-05 0.087702446 0.00019587656 1.099347e-05 3.5862828e-05 6.855273e-06 0.000539201 0.007836042 9.164725e-05 0.026016353 0.00048183263 0.00018306139 2.812166e-05 0.01216393 0.54640067 2.19436e-06 9.074303e-05 0.06828354 9.159893e-05 9.313119e-06 1.8516132e-06 0.0012404858 0.00010091115 2.3875124e-05 4.8820533e-05 2.9162557e-05 5.274055e-08 2.9952225e-05 3.4890792e-05 1.45652095e-08 3.56056e-05 1.0761987e-05 7.925348e-06 2.9008414e-05 3.8400702e-07 1.9187246e-06 2.5590536e-05 3.1286208e-06 1.5356466e-07 3.164542e-05 0.00021929627 0.05361801 2.4775915e-07 5.952441e-05 1.8801286e-07 8.7841596e-05 8.4855536e-05 2.5743255e-05 1.4500424e-07 0.00028597942 3.815854e-08 0.0001493998 0.00013458023 0.0060862377 0.00023178961 3.525275e-07 0.00012226809 3.4187534e-07 0.00029653724 7.935195e-06 7.0390255e-05 1.3902143e-08 9.677678e-06 2.5072804e-08 5.5762744e-08 3.25351e-09 7.356294e-05 2.9279608e-08 6.1420735e-08 1.1123412e-06 0.00021739326 1.8050805e-05 2.8369934e-07 7.6452025e-08 0.00049428246
0.47120476 0.6341632 0.15792657 0.097725615 0.03211875 0.01732321 0.56439006 0.2483123 0.002757148 0.95154446 0.12198755 0.83002985 0.029714314 0.012924539 3.7551893e-16 0.9450387 0.015332615 0.011605895 0.0014810469 0.109713934 0.0012723998 0.015484225 0.003481063 0.0005217063 0.81064487 0.002433844 0.00019037495 0.0012172958 0.5390341 8.0591686e-05 0.6265956 0.00801807 0.04023795 0.00460925 0.09948349 0.0017994343 0.010870203 0.0002765331 0.04997078 2.8719112e-05 3.0755316e-06 0.00012643305 0.29828137 1.4799343e-05 0.00016547825 0.00027265144 8.553616e-05 1.9061403e-06 0.0020229924 0.07969363 0.0022575515 0.0014921526 9.679094e-07 0.0019850195 0.0031355738 3.393336e-05 0.0023219374 0.0052688424 0.0010212924 0.00061683194 9.360875e-06 8.671461e-05 8.106328e-05 0.00015247407 1.1426811e-05 0.05437535 1.5063403e-06 1.4417071e-05 6.9361204e-06 6.617076e-05 0.00012648467 0.0023013437 0.001903372 0.000690414 1.8391767e-05 0.021579724 1.6450434e-05 0.052398145 0.0071035014 3.7995857e-08 0.030272879 1.0412747e-05 0.020149125 0.00011060706 0.0028599345 0.00044454783 0.00027563315 8.78614e-08 0.00027293578 2.000221e-05 1.390308e-05 1.0705467e-06 2.4456742e-05 3.3318122e-07 8.768375e-07 0.000246434 0.0060244426 1.333244e-05 5.992939e-07 7.908704e-07 0.006199552
0.85750043 0.34955803 0.24335063 0.23915806 0.034868676 0.10756404 0.874506 0.14512353 0.0043528937 0.64026713 0.004844015 0.48873264 0.01765438 0.0046896776 0.9450387 3.6550006e-16 0.12793997 0.10968189 0.00071506714 0.47830826 0.00064628484 0.0020602206 0.0030852305 0.00080304564 0.946068 0.0014926429 9.6074255e-05 0.00010987596 0.16006397 8.234321e-05 0.3346929 0.11646463 0.0015236868 0.00031849442 0.011019709 0.0007552366 0.00044315305 0.00016050316 0.0023586273 3.1388063e-06 8.5086145e-07 2.5408901e-05 0.6480913 5.8396736e-06 1.135571e-05 0.00017399555 6.4122236e-05 7.4357763e-07 0.00013477055 0.08508513 0.0056716073 0.00011088716 7.7150213e-07 0.00023272433 0.00069440797 4.3509945e-06 0.00052385475 0.02570126 0.0038770512 1.8552995e-05 1.85169e-05 0.00028121457 6.7468427e-06 6.774163e-05 4.3783666e-06 0.09032829 2.2095594e-06 5.5431833e-06 1.746335e-05 4.6161535e-06 5.7960668e-05 0.0006901098 0.00062879274 4.3970733e-05 8.371482e-06 0.010357889 5.899709e-06 0.05947743 0.0038476058 3.787522e-07 0.024489803 1.3227413e-05 0.027501913 4.4616427e-05 0.0009473991 4.4837852e-05 3.3222932e-05 9.186023e-07 0.0009895449 2.7192162e-05 1.872017e-05 4.455488e-06 8.1264996e-05 2.8342313e-08 1.3145627e-06 0.0004463967 0.009744596 8.904698e-05 1.6309548e-05 2.1417745e-06 0.01061476
0.5371601 0.008109317 0.23033282 0.5052494 0.0883162 0.6959807 0.6580205 0.018235527 0.6762989 0.0025666452 5.685625e-05 0.00074338313 0.020278867 0.0012527029 0.015332615 0.12793997 1.5926688e-17 0.9628648 0.000875891 0.8361107 0.037361756 4.434608e-05 0.057748638 0.6863878 0.011937353 0.023768062 0.13623753 2.1084235e-05 0.00023059658 0.015157454 0.0009583369 0.69700086 9.2941904e-05 3.966493e-05 0.00017077067 0.037820797 2.9696668e-05 0.00991855 0.00014781281 2.4909289e-06 2.8451737e-05 0.0014612941 0.015774408 3.468156e-05 2.5700926e-06 0.005014947 0.0014876755 0.004019107 6.166819e-06 0.0060094 0.019613095 4.0284776e-06 0.00016646656 1.1426627e-05 5.426348e-05 0.0001990143 4.915138e-05 0.0145298615 0.0027983545 1.1582636e-06 0.00012548325 0.00031198972 4.2498064e-06 0.00033571196 5.9349795e-06 0.009822948 6.675296e-06 4.9348175e-05 0.000117095384 1.9445208e-05 0.00011288942 2.2113689e-05 2.71287e-05 3.9646757e-06 6.432589e-05 0.00073549006 3.1852007e-05 0.0023668495 0.00032990982 2.8056068e-06 0.001260151 6.087454e-05 0.007891275 0.00016079195 6.143079e-05 6.931271e-05 7.7164565e-05 1.17582995e-05 0.0022549792 0.00034006467 2.1884676e-05 3.6891001e-06 0.000100034136 4.0595392e-08 5.6287367e-06 0.0014977605 0.0017843766 9.403765e-05 1.20993e-05 6.2593103e-06 0.0019373657
0.45115346 0.0027483967 0.14087656 0.375859 0.047524024 0.39413884 0.58199376 0.008523072 0.52506465 0.002583408 7.1600093e-06 0.00030106227 0.010903852 0.0002513774 0.011605895 0.10968189 0.9628648 1.8881611e-18 0.00012592044 0.917301 0.006894504 1.46185985e-05 0.034167144 0.62724906 0.021498324 0.010982772 0.08296143 4.710828e-06 0.00024176319 0.019871363 0.001749152 0.9065532 3.991062e-05 3.7613216e-05 0.00015416901 0.0069234916 3.748081e-06 0.005632354 7.810998e-05 3.0950468e-07 1.9071922e-07 0.0022736886 0.034652084 4.4159233e-06 9.1143846e-08 0.0078018117 0.0016204981 0.0004823471 2.9299301e-06 0.013742901 0.02430733 1.2897307e-06 0.0003127288 7.338226e-06 8.128957e-05 0.00019546677 4.4950797e-05 0.023721522 0.0053614136 3.2974702e-07 4.1868072e-05 0.0009459722 1.7611312e-07 0.0004948022 5.0674196e-05 0.013370705 1.5473705e-07 9.265123e-06 4.44249e-05 2.6492594e-06 0.00026553782 2.0397885e-05 2.0891905e-05 1.3117375e-06 8.407547e-05 0.0005803554 4.4684344e-05 0.0037585392 0.00036824532 1.7792351e-07 0.0007894014 5.5282093e-05 0.012959789 0.00018175409 3.1820946e-05 1.8516725e-05 1.3334513e-05 3.3105862e-06 0.004146189 9.3140654e-05 0.00017351797 1.3023856e-05 9.056454e-06 2.0523154e-09 4.5719516e-06 0.0036659604 0.0034878887 1.2464483e-05 1.9566298e-06 4.2226416e-06 0.002778759
0.008623408 0.1611829 0.08375127 0.021413872 0.31609315 0.0043356484 0.014059229 0.90040964 0.003970306 0.001999158 0.01314672 0.0018013358 0.9508994 0.96748704 0.0014810469 0.00071506714 0.000875891 0.00012592044 5.618955e-17 0.00019446368 0.8637585 0.016383098 0.0012450168 8.0279215e-06 1.5433163e-05 0.00094590406 3.818004e-05 0.057377573 1.7365017e-05 1.2660341e-06 3.0870917e-06 7.265467e-07 3.075668e-05 0.0034944708 6.884204e-06 0.078412354 4.248034e-05 0.00012863282 1.390721e-06 0.009473179 0.82319033 1.8048936e-06 3.7469983e-06 0.10166616 6.331683e-05 8.745404e-06 4.804522e-07 0.0010165103 1.603498e-05 2.5728464e-06 2.5967935e-05 1.6458507e-06 1.08742695e-08 4.826871e-06 7.977413e-06 2.4372929e-08 3.3835008e-06 7.072774e-06 2.4545216e-06 9.451213e-06 8.0193854e-07 8.0197975e-07 7.954523e-06 5.8632004e-06 8.027473e-07 8.91785e-06 0.00022997879 0.2276284 1.9499488e-07 3.8241986e-05 2.3040785e-07 5.4642365e-05 4.3946293e-05 8.502965e-06 1.7326406e-07 7.961981e-05 8.573987e-08 0.00019262933 5.2585194e-05 0.047078237 0.00019831028 3.940511e-07 0.00018161321 2.8540424e-06 0.00014306016 3.2749624e-05 0.00059959013 2.7542082e-08 2.0285464e-05 7.974035e-08 8.386721e-08 2.5519869e-08 0.00030002557 9.592269e-08 9.57779e-08 7.745129e-07 0.00034406665 0.00010729517 1.1865703e-06 1.08559355e-07 0.00048699699
0.8033526 0.02061829 0.23785134 0.45694247 0.061609726 0.4616809 0.9230881 0.020424644 0.37462655 0.058312528 8.760998e-06 0.0019059351 0.015038731 0.00041171472 0.109713934 0.47830826 0.8361107 0.917301 0.00019446368 7.6954755e-18 0.005282221 1.6361628e-05 0.015815713 0.2589277 0.10072545 0.0044870796 0.02071765 2.3508796e-06 0.00058914226 0.0023714632 0.0077181687 0.94476604 5.1713632e-05 1.5741743e-05 0.0002596495 0.0015715164 7.2080234e-06 0.0011912116 0.00015255291 3.391757e-07 2.190994e-07 0.00025235838 0.13493684 2.5319775e-06 2.6384515e-07 0.0011799026 0.0002988328 1.4178471e-05 4.8224083e-06 0.029633895 0.025218468 1.8697215e-06 1.875471e-05 6.346418e-06 3.3489603e-05 1.4076789e-05 3.0555682e-05 0.024178546 0.0030189478 1.0582772e-06 1.2340256e-05 0.0004521101 4.529365e-06 0.00014685077 2.0666837e-06 0.03184592 1.2266927e-06 4.052095e-07 2.7773733e-05 5.861791e-06 4.4447108e-05 5.901057e-05 5.080145e-05 3.397003e-06 5.0656868e-06 0.0017915543 1.2613389e-06 0.012334028 0.00059338706 1.3562222e-07 0.002744587 6.278633e-06 0.030322237 4.684577e-05 0.00018539315 6.789999e-06 3.7746113e-06 1.3978695e-06 0.0017637367 1.8770957e-05 1.3417903e-05 2.396088e-06 1.4055701e-05 3.9687382e-08 4.6401178e-07 0.0021268295 0.01100204 7.2090616e-06 8.2821504e-07 4.7666188e-07 0.006637269
0.018515594 0.12560943 0.4443138 0.14588805 0.8527417 0.09004305 0.07165969 0.43190196 0.34138814 0.0022550148 0.0014257494 0.0016938284 0.92576873 0.591072 0.0012723998 0.00064628484 0.037361756 0.006894504 0.8637585 0.005282221 1.9528671e-18 0.0040649534 0.37149933 0.004583663 1.4829859e-05 0.27770513 0.0041278764 0.004578187 7.657195e-05 0.0014535926 1.6508686e-06 1.6264257e-05 1.5395222e-05 0.0003803545 1.008077e-05 0.9297221 1.6020029e-05 0.117658004 1.3558362e-06 0.00054794404 0.529806 0.00017995587 2.1433712e-07 0.007635964 1.1718234e-05 0.00018892929 0.0008500566 0.3238981 5.3012987e-05 2.3148331e-07 8.6645094e-05 1.132795e-06 1.7304872e-07 1.0042565e-06 2.4336186e-06 1.2613984e-05 1.2527283e-07 4.384359e-06 5.5779475e-07 1.4350999e-06 3.8639228e-05 1.6348674e-06 9.148932e-06 8.109862e-05 8.180604e-05 3.5679172e-06 5.758175e-06 0.50776666 1.1490837e-05 3.0339022e-06 2.1883714e-05 1.9551803e-06 5.527603e-07 3.2125513e-06 6.080335e-07 2.4674982e-06 4.4560764e-07 2.6589247e-05 8.581395e-07 0.082459144 1.4484131e-05 1.9067094e-06 8.688075e-05 5.880658e-07 6.7175138e-06 0.00034959806 0.006280652 8.966916e-07 3.5135834e-06 8.819785e-07 4.4257698e-07 8.67656e-08 0.0018161731 4.3770828e-07 4.3027015e-07 2.7682226e-08 0.00011409863 0.000239469 5.6954123e-06 1.6305394e-07 0.0003461148
0.659781 0.4380372 0.0024309154 0.0007177988 0.0018520779 0.0001264901 0.0023736795 0.38654336 2.5215318e-06 0.034287885 0.88479984 0.13963194 0.00820729 0.041926347 0.015484225 0.0020602206 4.434608e-05 1.46185985e-05 0.016383098 1.6361628e-05 0.0040649534 3.4444142e-18 1.2715002e-05 5.31296e-07 0.0030621786 2.3727107e-05 1.6856878e-06 0.9804321 0.08932769 3.305972e-07 0.008415649 5.997662e-07 0.15809675 0.9459428 0.05939921 0.0010225814 0.2920164 3.4332996e-05 0.030726822 0.4842811 0.09546046 7.365784e-07 0.0037352769 0.17935304 0.6075643 2.3376624e-06 3.6735665e-07 2.142804e-06 0.16015695 0.0017267518 1.1183355e-05 0.097537026 1.3787466e-07 0.03829273 0.02853293 9.920214e-08 0.016606526 2.1644608e-05 7.1130835e-06 0.29016706 1.1603321e-06 1.199573e-06 0.044686027 1.09940466e-07 9.996189e-08 0.0007542005 0.15771388 7.216962e-05 3.934877e-06 0.0008998669 4.437584e-08 0.02363259 0.018595207 0.070051305 8.439225e-08 0.0386888 3.2177052e-08 0.009011581 0.036810677 0.00012831549 0.012894812 1.3034362e-06 0.00034165062 3.5888243e-07 0.021297479 2.2959111e-06 3.2467426e-06 1.9995264e-07 1.0993282e-05 6.8679833e-07 3.7584988e-07 1.2879798e-07 1.1274756e-05 0.00017503591 1.7209551e-07 4.559301e-05 0.000620558 6.901552e-06 3.1248726e-06 4.7030818e-07 0.0012605856
0.072344154 0.029701142 0.19849975 0.11069696 0.4577949 0.058499526 0.030125538 0.0064164544 0.8471719 0.001857719 3.9820705e-05 0.0013494155 0.015413381 0.0005526813 0.003481063 0.0030852305 0.057748638 0.034167144 0.0012450168 0.015815713 0.37149933 1.2715002e-05 2.415263e-17 0.10983616 0.000879999 0.9918374 0.14575608 1.4721219e-05 5.841916e-05 0.5180178 6.5946166e-05 0.009697486 0.00013814021 3.666196e-05 3.3635206e-05 0.61364895 0.000115927476 0.9265182 1.5436652e-05 7.300675e-07 3.2170014e-05 0.022552626 0.0013546641 4.450409e-06 6.2235963e-06 0.0063479994 0.2544107 0.5053243 2.4591174e-05 0.00031412346 0.005099771 3.5332e-06 0.00063028437 1.2681011e-05 2.8849146e-05 0.00064066856 8.879296e-06 0.0013382008 0.000592486 7.6364984e-07 0.001324333 0.0008658121 8.09806e-07 0.00097069284 0.00041077405 0.00029682074 3.28667e-07 0.001672337 0.00026685742 3.1284795e-05 0.0007994496 7.162045e-06 6.172656e-06 8.094875e-06 7.721794e-05 0.00014815517 1.8436636e-05 4.3123433e-05 8.343877e-05 7.741001e-05 0.00011508084 5.6152337e-05 0.00065230357 0.00014994235 7.535822e-05 0.0029496944 0.0023562575 2.5266843e-05 0.0004842373 2.5660895e-05 2.0070367e-05 3.1237732e-06 0.0013539265 5.3106163e-08 9.633165e-06 0.00032703852 0.00028269726 0.00077845016 9.194376e-05 8.0622434e-05 0.00021843027
0.8461312 1.40749635e-05 0.04536744 0.1025135 0.022474127 0.2614615 0.044278827 0.0011654369 0.9184736 2.198848e-05 7.902898e-09 1.5135402e-06 0.002495474 7.6022305e-05 0.0005217063 0.00080304564 0.6863878 0.62724906 8.0279215e-06 0.2589277 0.004583663 5.31296e-07 0.10983616 2.18926e-19 0.00061677606 0.060323965 0.957624 5.679983e-07 7.515759e-06 0.30606177 4.765782e-05 0.75295395 1.1271718e-06 5.244716e-07 3.3510703e-06 0.027798388 1.0026626e-07 0.058230046 4.920597e-07 3.623682e-08 1.7362689e-08 0.34829667 0.0043040253 1.03129906e-07 8.89456e-08 0.5088866 0.045834545 0.026926149 2.5448526e-07 0.003719907 0.19131985 1.4391203e-07 0.01757423 7.0111815e-07 8.262858e-06 0.0033541066 2.5643417e-06 0.08850871 0.04851014 4.6741942e-08 0.001707031 0.01434245 7.232698e-07 0.012689396 0.0007606165 0.011510533 2.7483506e-07 5.259359e-06 0.00036178654 1.7576463e-07 0.0016527198 6.5580684e-06 6.6776834e-06 1.6480944e-07 0.00045160766 0.00026295832 0.00024225294 0.0017684146 5.3544e-05 1.966235e-08 0.0003852952 0.00018722552 0.016827753 0.0004981165 1.2346495e-05 0.0001295673 4.73773e-06 1.6006332e-05 0.04096677 0.00028436616 0.00052107824 0.0001845869 8.197617e-06 1.9164013e-09 3.707488e-05 0.0073876567 0.004373908 2.875005e-05 1.2587114e-05 2.3702953e-05 0.002121881
0.89243364 0.0453891 0.014585848 0.02005606 0.0026573834 0.009729042 0.29707143 0.007741219 0.00075162173 0.27491647 0.0035021526 0.26983216 0.00076320075 0.00015613559 0.81064487 0.946068 0.011937353 0.021498324 1.5433163e-05 0.10072545 1.4829859e-05 0.0030621786 0.000879999 0.00061677606 2.5645413e-16 0.00021447035 0.00013957768 0.00012728706 0.2637735 7.803295e-06 0.903625 0.067605816 0.008720862 0.0014412479 0.069182135 9.4452174e-05 0.003074784 8.807882e-05 0.029355483 3.3075091e-06 1.9538e-07 4.5058223e-05 0.93489254 2.3055743e-06 4.93999e-06 0.00036731813 1.5777017e-05 9.0354035e-08 0.0008672938 0.22344963 0.013729532 0.00057604414 1.3191188e-06 0.0013393913 0.0046329726 4.5922893e-06 0.0029503587 0.08518127 0.010633753 0.000104649574 5.6828932e-05 0.0007591791 7.904974e-06 0.00048509167 4.0303126e-05 0.33069247 6.6331586e-06 1.4341476e-06 3.86647e-05 7.367699e-06 0.00025702888 0.0042145415 0.004172228 0.000143729 1.9148594e-05 0.04758406 2.9909239e-05 0.24664834 0.047191016 1.0345827e-08 0.13696176 9.332084e-06 0.1788144 0.00026594 0.010675856 1.7081895e-05 1.5465901e-05 1.4400518e-06 0.014419567 8.455191e-06 0.00010991777 5.5928003e-06 4.2912892e-05 3.00779e-08 1.0643541e-06 0.0061442624 0.14592445 3.789159e-05 2.6794048e-06 2.6141367e-07 0.105728924
0.032045584 0.022811316 0.05727031 0.03648897 0.18615578 0.019858215 0.014178863 0.0049996465 0.690811 0.0016387942 3.4859433e-05 0.001498963 0.0077192397 0.00071248866 0.002433844 0.0014926429 0.023768062 0.010982772 0.00094590406 0.0044870796 0.27770513 2.3727107e-05 0.9918374 0.060323965 0.00021447035 2.7236869e-17 0.1045874 4.1959106e-06 3.11241e-05 0.4303698 2.8737963e-05 0.003476329 4.347782e-05 9.9266734e-05 4.73234e-05 0.6806703 3.5426354e-05 0.96358293 3.132035e-05 3.0096264e-06 6.607157e-05 0.02615372 4.9701557e-05 6.498537e-06 1.14980185e-05 0.008979933 0.23683318 0.56341386 3.579889e-05 9.29497e-05 0.0025708575 1.549062e-06 0.0014854178 3.1578295e-06 7.657024e-06 0.0028493362 3.1882837e-06 0.0005503945 0.0004414372 7.499859e-07 0.0057778168 0.00062228285 1.3848341e-06 0.0012962427 0.00082555634 0.00015669467 2.9380237e-07 0.0016748245 0.000673103 0.00014947548 0.0008413904 7.784334e-06 6.229273e-06 1.1573939e-05 6.653169e-05 0.00014692837 2.369208e-05 4.520409e-05 8.258536e-05 6.0106544e-05 0.0002453932 0.00012367159 0.0008178529 0.0003644923 0.00062900054 0.0054213856 0.003551414 5.2901432e-05 0.0017456681 2.8422122e-05 0.00011703365 1.8678527e-05 0.0024339207 5.5394554e-07 8.776645e-06 0.000605413 0.00029350846 0.002720203 0.00077485974 0.0008992677 0.0003132132
0.6534856 2.6663394e-05 0.011762764 0.008857693 0.011643328 0.025619183 0.0015200251 0.00021083704 0.87905085 2.5667112e-05 1.4435106e-07 1.8007414e-06 0.0016936952 5.330927e-05 0.00019037495 9.6074255e-05 0.13623753 0.08296143 3.818004e-05 0.02071765 0.0041278764 1.6856878e-06 0.14575608 0.957624 0.00013957768 0.1045874 2.4333042e-18 2.2164966e-06 2.4813003e-06 0.8425996 9.758549e-06 0.16187114 1.8481694e-06 2.0874886e-06 1.71225e-06 0.03367724 1.9696722e-07 0.17653431 7.8029944e-07 1.6914647e-07 4.4702122e-07 0.92800033 0.0009616019 1.6218709e-06 1.499193e-06 0.5725039 0.21098198 0.10220182 1.4893902e-06 0.0015758815 0.07623489 1.0344448e-06 0.17855197 2.1725293e-06 1.75265e-05 0.051140442 7.1441377e-06 0.032137707 0.032246016 1.8931406e-07 0.031686872 0.022921896 2.0053483e-06 0.031802036 0.011683877 0.0027458945 9.245929e-07 2.9312483e-05 0.003691131 9.636974e-07 0.009424303 4.8142333e-06 3.7317316e-06 2.3129717e-06 0.0028759101 0.00016220799 0.0022404734 0.00043805494 4.5053155e-05 1.9657091e-07 0.00023944455 0.0005277764 0.007955431 0.0013788053 1.5701875e-05 0.0005461582 5.5770804e-05 0.00017200536 0.028856441 0.0017486208 0.00078406313 0.000260665 5.29309e-05 5.3873137e-09 0.00030830406 0.0052902894 0.0021442587 0.0002587744 0.00010285749 0.0008433075 0.0012477757
0.1331273 0.20650703 0.000614649 0.0004676857 0.0006876538 6.458363e-05 0.00027621232 0.49315584 6.0483785e-06 0.0038596694 0.4924576 0.019022834 0.009173545 0.087702446 0.0012172958 0.00010987596 2.1084235e-05 4.710828e-06 0.057377573 2.3508796e-06 0.004578187 0.9804321 1.4721219e-05 5.679983e-07 0.00012728706 4.1959106e-06 2.2164966e-06 2.2853985e-18 0.001879532 7.1925695e-07 0.00020167425 3.7772887e-07 0.018286327 0.65413356 0.0012258964 0.004472315 0.03670397 2.1083551e-05 0.00063838455 0.9584586 0.42342046 7.2544412e-06 0.00013549534 0.65896624 0.7635762 3.1565592e-06 9.0524776e-07 4.1523363e-05 0.0063020927 0.000105530424 6.736061e-06 0.003906466 1.1913285e-07 0.0019658979 0.0015146796 2.680142e-07 0.0011820194 4.0711197e-06 4.229522e-06 0.035777606 5.310283e-06 2.67137e-06 0.011718415 1.0557037e-06 5.5505234e-07 0.0001096487 0.44199884 0.0019459501 2.8618101e-06 0.0001399202 3.3881426e-07 0.0012242281 0.0009885833 0.0027052255 4.2226212e-08 0.0015679616 4.6153254e-08 0.00045339356 0.0013756143 0.0036964165 0.00055250025 7.1250423e-07 8.853502e-05 1.1525041e-06 0.0016138488 1.1971348e-05 1.7130022e-05 7.13901e-08 5.7235357e-06 5.349822e-07 3.0362196e-07 1.04849114e-07 9.399972e-05 2.1235217e-05 5.5568364e-07 7.0019803e-07 7.312849e-05 3.3637643e-05 3.7314721e-06 3.365799e-07 0.00032899805
0.88499826 0.19221191 0.007063621 0.00073286373 0.0005733394 0.00017724193 0.0055254553 0.046023086 6.210925e-06 0.38501677 0.40447226 0.72509724 0.0004996188 0.00019587656 0.5390341 0.16006397 0.00023059658 0.00024176319 1.7365017e-05 0.00058914226 7.657195e-05 0.08932769 5.841916e-05 7.515759e-06 0.2637735 3.11241e-05 2.4813003e-06 0.001879532 2.3318724e-16 4.7219757e-07 0.97299176 0.00017193762 0.6967403 0.13312311 0.84664994 0.00032707 0.42702588 5.1517913e-05 0.61959654 3.697086e-05 2.4557228e-06 9.487394e-07 0.20421198 2.8566443e-05 0.00039321798 4.74064e-06 6.2001964e-06 1.9018224e-06 0.17193298 0.13969812 0.0002430455 0.08506572 2.4026974e-07 0.11261343 0.13474691 7.0862404e-07 0.0711489 0.0018817972 0.0001895156 0.009879443 3.414734e-06 2.5635466e-06 0.00015306968 2.4854758e-06 1.1585242e-06 0.08125261 2.5634713e-06 5.3171852e-06 1.1271358e-05 0.000497044 2.5704333e-06 0.03417843 0.029873693 0.0060599837 1.8936564e-06 0.34622347 4.307651e-06 0.19960862 0.1913292 9.0853865e-07 0.19678548 1.3274276e-06 0.017143562 2.6811426e-06 0.03971078 0.00012170339 0.00013812611 3.6037193e-07 0.00021730497 6.43115e-06 1.164347e-06 7.170943e-08 0.00014672114 3.4542973e-06 1.0212222e-07 6.328001e-05 0.020976007 4.9449274e-05 1.7320344e-05 2.0852622e-06 0.014510386
0.21493092 1.4709016e-06 0.0033594526 0.0020641184 0.010874724 0.0065768864 0.0012581559 5.125585e-06 0.85699844 8.083689e-06 1.3851776e-08 2.760847e-07 0.00088211225 1.099347e-05 8.0591686e-05 8.234321e-05 0.015157454 0.019871363 1.2660341e-06 0.0023714632 0.0014535926 3.305972e-07 0.5180178 0.30606177 7.803295e-06 0.4303698 0.8425996 7.1925695e-07 4.7219757e-07 6.316494e-19 5.946506e-07 0.008347081 1.909162e-06 1.2761505e-07 1.3252394e-06 0.050231162 3.766648e-07 0.5358385 3.268282e-07 2.687909e-08 5.2862415e-08 0.86140984 5.7644527e-05 7.2369104e-08 3.6482234e-05 0.28286895 0.95346993 0.2502807 5.9649767e-07 9.66843e-05 0.024515139 9.324761e-08 0.5273866 3.8178757e-07 2.3994721e-06 0.6511679 4.2863317e-07 0.007907516 0.009003206 4.6574097e-08 0.2525509 0.014866153 3.5967116e-07 0.043377053 0.038265806 0.0002952544 6.129245e-07 5.8627893e-07 0.087634355 9.173154e-07 0.032095704 3.0156843e-07 2.0433727e-07 1.1644808e-07 0.0120375715 1.0400818e-05 0.0062297643 2.044562e-05 1.0367583e-05 2.4998825e-09 1.2137983e-05 0.0013762154 0.001898004 0.0014953971 1.48892805e-05 0.005256138 2.6681862e-05 0.002883784 0.009204492 0.005630995 0.0010190767 0.0005600476 8.26689e-05 4.0985636e-08 0.00053289445 0.0027793103 0.00053748034 0.0021844474 0.0013700776 0.0085603725 0.0001737677
0.9495265 0.063448794 0.006660839 0.0024769206 0.0010131263 0.0014081267 0.037141766 0.007975494 7.164392e-05 0.32395816 0.06869911 0.4863845 0.00011978216 3.5862828e-05 0.6265956 0.3346929 0.0009583369 0.001749152 3.0870917e-06 0.0077181687 1.6508686e-06 0.008415649 6.5946166e-05 4.765782e-05 0.903625 2.8737963e-05 9.758549e-06 0.00020167425 0.97299176 5.946506e-07 5.466812e-16 0.004261146 0.056404382 0.007855541 0.3111494 2.7107855e-05 0.038947735 1.6387005e-05 0.27381903 4.8967154e-06 2.0392925e-07 2.3952607e-06 0.7021289 7.5297053e-06 1.1102572e-05 8.053798e-05 2.459093e-06 2.6216716e-07 0.010044708 0.35424164 0.006789149 0.005951982 5.3924856e-07 0.010356808 0.030028135 1.326614e-06 0.01581127 0.03488061 0.0065065715 0.0015081278 7.8917255e-06 0.00012960154 0.00013466856 6.679209e-05 9.202925e-06 0.36728904 4.8992893e-06 1.2265594e-06 1.8225997e-05 6.679757e-05 6.65126e-05 0.013510232 0.012862173 0.0017450107 9.838904e-06 0.3038908 1.5016709e-05 0.47771835 0.19484499 1.5158666e-07 0.448284 3.099086e-06 0.16762821 0.00014453215 0.03956943 5.4127446e-05 0.00010578303 1.6217472e-06 0.0070078894 3.5136238e-06 4.0873907e-05 4.4945546e-06 0.00013739591 3.688159e-07 9.1155886e-07 0.0029305115 0.22006135 5.8881054e-05 1.9179464e-05 1.1326988e-06 0.18115255
