2.8e-44 0.31018353 0.6905828 0.7348881 0.04007428 0.829363 0.052422438 0.84987897 0.86083096 0.02571557 0.5529676 0.017454052 0.33758003 0.25403363 0.8082548 0.88356435 0.012658984 0.8758755 0.46819472 0.01106412 0.9300622 0.014307209 0.013426422 0.9424321 0.013798683 0.86743504 0.8814621 0.04349147 0.016911369 0.0062397625 0.9273331 0.87239933 0.017841162 0.2003235 0.37124616 0.16141593 0.58422387 0.7073093 0.7664559 0.56977445 0.023222152 0.21737826 0.019305017 0.19044128 0.011438992 0.68554926 0.17885518 0.0057437816 0.5702624 0.9385441 0.7413925 0.02583599 0.7181056 0.81755394 0.03325099 0.013484127 0.009865218 0.12830038 0.002467702 0.48490074 0.001357348 0.011596663 0.04813614 0.9688607 0.001774516 0.9776548 0.97700083 0.85041744 0.0031882352 0.0021717092 0.9479047 0.02258653 0.99399143 0.76072997 0.0038208778 0.0029219387 0.0012240108 0.92459285 0.8965205 0.11130546 0.7443473 0.0008349792 0.00031321205 0.9286795 0.86088073 0.006821326 0.00044431599 0.9834953 0.00015447543 0.72094333 0.00018612761 0.83197916 0.00039267514 0.049104247 0.0076841568 0.997929 0.009707368 0.00014162612 0.94741195 0.99732566 0.95996565
0.31018353 5.78471e-23 0.8551372 0.19458228 0.39695925 0.28490064 0.15768085 0.103148215 0.030687641 0.12776224 0.08437985 0.055367216 0.081830405 0.061558858 0.009622452 0.029802652 0.061464168 0.0067093675 0.006970271 0.040476497 0.04766914 0.027998643 0.027181467 0.055731427 0.028871145 0.012024113 0.0054407255 0.010039422 0.034413673 0.055003185 0.0021384582 0.019246306 0.036970556 0.004689045 0.005602696 0.0016592809 0.0010583041 0.0016562992 0.0009123191 0.00029074427 0.026292637 0.0006332581 0.006077961 0.0010512407 0.02309794 0.008083616 0.00075077027 0.00819711 0.00029890236 0.0034614385 0.0016445047 0.0051587904 0.0014724812 0.0078064604 0.00036272052 0.0019188419 0.009258685 1.7745042e-05 0.00075939053 0.0009982771 0.001171442 0.00021976438 6.502443e-06 0.067256466 0.00020603609 0.0036411332 0.056083657 0.0013944231 8.23232e-05 0.00410076 0.0015788202 1.8391278e-05 0.036999434 0.0028701671 5.4778542e-05 5.488171e-05 0.00046374815 0.00040939177 0.028586293 3.7328066e-06 0.00014330882 9.224396e-05 0.00033466952 0.029782644 0.0012341805 2.5594001e-05 9.798644e-05 0.02050141 5.2564432e-05 0.0013496691 0.00015829547 0.00039452928 1.9271503e-05 0.00012066835 1.1058865e-05 0.010756781 1.03767325e-05 0.00029875615 0.0015189933 0.00703716 0.0014043113
0.6905828 0.8551372 3.904352e-21 0.7789446 0.11553804 0.113795884 0.031555265 0.19776182 0.17309384 0.037891522 0.02827874 0.017491661 0.06940604 0.010359015 0.053886484 0.06739555 0.014190226 0.0042649307 0.0016261024 0.0077080065 0.17989442 0.0033287061 0.0034552135 0.29508805 0.0036147828 0.025200354 0.005656628 0.007695667 0.015086335 0.010367575 0.0013622552 0.09499802 0.004192995 0.004515394 0.0072209723 0.0001227395 0.006669429 0.007274786 0.00013074538 0.0008597463 0.0042433315 3.821133e-05 0.00022815798 0.0006915147 0.004503342 0.013484881 0.0004962949 0.0029683434 0.0006409916 0.025342837 0.006683685 0.00024774534 0.004054193 0.024856815 1.5085219e-05 0.002374473 0.0026621395 1.1563988e-05 0.0004752915 0.0023812423 0.0003219913 2.0451196e-05 3.7296235e-07 0.29794517 3.648171e-05 0.022831561 0.2699273 0.00052516634 7.539305e-06 0.001793261 0.013106328 3.7142347e-06 0.20141134 0.0011047988 3.2624257e-06 0.00054444594 6.9003145e-06 0.0010833447 0.06668614 5.7405555e-07 3.7917491e-06 2.6827054e-06 8.520666e-05 0.09883767 7.955939e-05 3.8707498e-05 0.00020305741 0.110868454 3.3035087e-06 0.00034356152 7.4568045e-05 0.005328752 3.303153e-06 0.0004498616 3.6514427e-07 0.048511215 6.9606216e-07 7.080857e-05 0.013878348 0.030269008 0.000693404
0.7348881 0.19458228 0.7789446 5.931194e-19 0.0789241 0.06917379 0.047748517 0.06279772 0.31021377 0.06389515 0.05168987 0.06413527 0.27711892 0.026796704 0.14370859 0.032971736 0.04639999 0.0035180782 0.0031124128 0.049671967 0.08507148 0.010018581 0.012143281 0.115236275 0.014483683 0.011657682 0.0037087225 0.038075857 0.09232687 0.03867174 0.0009825955 0.058611818 0.016492715 0.052109774 0.052473206 0.00016987551 0.024236655 0.017344214 0.0002931823 0.006845569 0.008105293 3.422466e-05 0.000460992 0.0136466855 0.018276615 0.008267442 0.01153248 0.023070866 0.006527541 0.025520207 0.014390753 0.001753425 0.009576909 0.0097727105 4.044845e-05 0.021142328 0.0030170553 0.0015293732 0.011586863 0.007229314 0.0074777454 2.6766884e-05 1.3400831e-05 0.1278731 0.0011931281 0.029065045 0.117901884 0.0016584883 1.3692625e-05 0.0026301264 0.017427292 2.0086914e-05 0.08178806 0.0030188267 5.0697513e-06 0.0016251744 9.226194e-06 0.0064127375 0.020875616 1.2969852e-05 2.9369845e-05 4.3789346e-06 0.0003413813 0.03154229 0.00057463156 0.00059265725 0.0011545921 0.018586325 1.6957298e-06 0.0010312898 0.00063088245 0.012306992 2.9966898e-06 0.0025696552 3.2431217e-06 0.022778096 8.081314e-06 6.3971675e-05 0.02550692 0.006292604 0.00056346506
0.04007428 0.39695925 0.11553804 0.0789241 1.8566612e-27 0.15082054 0.7596768 0.110467255 0.042831153 0.56301725 0.092080176 0.24222693 0.049580976 0.13688664 0.014595407 0.060236886 0.24754477 0.012668459 0.009887832 0.18707293 0.05323405 0.12163814 0.13844879 0.029646331 0.16373096 0.017179625 0.008001636 0.007040926 0.05757377 0.25849512 0.0047606295 0.007768117 0.22636378 0.0010951698 0.00129725 0.00116157 0.0013978982 0.001269072 0.00120902 0.00045377118 0.21650054 0.00058767904 0.0015950591 5.5647226e-05 0.1520302 0.00511913 3.3166332e-05 0.023728551 0.00025006448 0.002125845 0.0009839252 0.0049805683 0.00053787365 0.0062078205 0.000215994 0.00036261659 0.08967253 3.0455575e-07 0.00017450472 0.0001698426 0.0005332974 7.745137e-05 3.9062625e-06 0.0046238997 0.00058969005 0.00060676434 0.0031977908 0.00044492996 3.732136e-05 0.0110815065 9.025264e-05 8.53054e-06 0.0010986832 0.0006317443 1.170616e-05 1.2618664e-05 0.0006183748 1.556363e-05 0.00067500834 4.6648693e-06 6.9012596e-05 7.212524e-05 0.00011615944 0.00079762074 0.00048479522 2.9176e-06 7.17012e-05 0.00023704502 5.1412047e-05 0.00015945092 2.1617914e-05 0.00012961018 1.2555876e-06 4.7725865e-05 3.946024e-07 0.0002166959 2.6986467e-07 0.0004770134 0.000290919 0.00024856252 0.00014491184
0.829363 0.28490064 0.113795884 0.06917379 0.15082054 1.2223375e-20 0.1714654 0.41456646 0.030929292 0.047927633 0.6675447 0.021171726 0.0631437 0.50428957 0.020519108 0.26869985 0.027815334 0.3916352 0.35498923 0.022663465 0.18426237 0.13537195 0.11663531 0.034854263 0.11904614 0.1655841 0.1245393 0.0019406759 0.007637822 0.022144342 0.14547296 0.006725765 0.12916104 0.00086170074 0.0029142802 0.13694824 0.00041792082 0.0006015919 0.054693658 0.00010659734 0.067205034 0.032244418 0.0861615 0.0002940792 0.0039459853 0.09283718 0.00013798985 0.0019815858 9.090291e-05 0.0024073191 0.00086956634 0.053733896 0.0005875073 0.090674326 0.016315354 0.00017880781 0.012319004 6.164191e-06 7.0621085e-05 0.0001640936 0.00010610108 0.007710367 0.0010729384 0.10494347 7.187599e-05 0.001125828 0.08019025 0.023091635 0.0029051786 0.0007887358 0.00041806986 0.0022058203 0.049730632 0.035296895 0.0008192108 3.4495424e-05 8.109228e-05 6.5422864e-05 0.11054208 0.000559521 0.0056094243 0.0007600107 0.00018079807 0.10161316 0.014139521 2.3191045e-05 4.047766e-05 0.115221635 9.91986e-05 0.06853723 3.872219e-05 0.00062718376 2.6898593e-05 6.697177e-05 2.3345334e-05 0.03389723 2.9547315e-05 0.0001605762 0.002336851 0.08628172 0.03883525
0.052422438 0.15768085 0.031555265 0.047748517 0.7596768 0.1714654 2.2839413e-27 0.07448956 0.012227082 0.42760116 0.13474375 0.18397097 0.041281752 0.25970954 0.006124054 0.045077074 0.21220998 0.013118396 0.010954179 0.1571422 0.031783145 0.27854127 0.30680218 0.012006502 0.37791312 0.014617554 0.008189635 0.0058312765 0.04293238 0.20896602 0.0037230747 0.0041355267 0.46665913 0.00030910486 0.00036605695 0.001539554 0.00019207534 0.00026771033 0.0011044404 4.483366e-05 0.3754134 0.00045341882 0.0057044122 1.6151791e-05 0.115095444 0.0035185867 7.367916e-06 0.0177128 4.9296625e-05 0.0013222671 0.00040926997 0.011666102 0.0001358342 0.0036977245 0.00017818376 9.5116644e-05 0.14163446 9.994377e-08 0.00017527978 5.5140506e-05 0.00076908496 6.485347e-05 2.3167447e-06 0.0015077309 0.00064850843 0.00023626212 0.0011697613 0.0004308463 1.5474254e-05 0.011080407 2.05663e-05 8.831859e-06 0.000390438 0.000604106 3.6361373e-06 5.1186144e-06 0.0033460807 2.0527295e-06 0.00010774726 3.775155e-06 3.0273492e-05 0.00068268995 0.00025477243 0.0001345901 0.00035033413 1.0840154e-06 6.76941e-05 8.597984e-05 0.0003521114 1.7699238e-05 2.7464876e-05 2.5020916e-05 5.5731534e-06 1.5972008e-05 3.286369e-07 4.8830545e-05 3.6451004e-07 0.0012493595 8.2250845e-05 8.231212e-05 5.7836656e-05
0.84987897 0.103148215 0.19776182 0.06279772 0.110467255 0.41456646 0.07448956 2.2929824e-22 0.09169716 0.03717647 0.1214836 0.024468292 0.043492205 0.11216653 0.049057234 0.7648919 0.017406546 0.042479616 0.027377391 0.012413747 0.7512554 0.035685975 0.034947537 0.10148102 0.030587576 0.25469786 0.094611704 0.0025283752 0.003700863 0.0069843545 0.041880447 0.028618045 0.013849876 0.0018148295 0.0019677416 0.00782911 0.0016654336 0.0013550413 0.010341919 0.000326228 0.0059784087 0.0021762187 0.008075056 0.000481971 0.0015611846 0.06269941 0.00021180538 0.0018212665 0.0003584159 0.0038443431 0.0009825088 0.0059122057 0.0004095939 0.06478812 0.0010420666 0.00037650947 0.003139483 1.931325e-05 7.8901416e-05 0.00012706427 0.0001794657 0.0008114291 0.00018938046 0.28012297 0.00011181656 0.0020620094 0.23329931 0.00283961 0.00018153182 0.0006042216 0.0005594052 4.6104014e-05 0.12352784 0.0047906726 4.6342495e-05 0.00016379215 8.904707e-05 9.232219e-05 0.12477924 6.195258e-05 0.00054701226 9.089243e-05 0.00060658413 0.13559218 0.0035857866 3.51937e-05 0.00040538987 0.115276694 7.689643e-05 0.0055826255 0.00040068358 0.0007797159 7.547453e-05 7.646709e-05 1.2944138e-05 0.04482415 1.0692483e-05 0.00044318434 0.0022581578 0.04897927 0.0044502164
0.86083096 0.030687641 0.17309384 0.31021377 0.042831153 0.030929292 0.012227082 0.09169716 3.0055538e-19 0.01940195 0.025920808 0.031661287 0.26106024 0.005756523 0.6964806 0.046505533 0.012261818 0.0018162145 0.0017232018 0.010457282 0.09889902 0.0012880203 0.0022015676 0.5636949 0.003032624 0.019187342 0.0056803655 0.03310353 0.03670432 0.0046184943 0.00059259054 0.42926168 0.0018240248 0.07879468 0.12952237 0.0001658081 0.1748099 0.15421113 0.0001507319 0.045838226 0.0006986339 5.3774078e-05 0.00067765254 0.034952812 0.0008161512 0.015051112 0.030799536 0.0053247693 0.042705774 0.20539509 0.110434085 0.001436057 0.06785644 0.02178991 0.00033286444 0.0152816465 0.00047293465 0.004993995 0.0034910766 0.034909353 0.0018843672 0.0003748796 8.320952e-05 0.19181074 0.00046745047 0.13508551 0.22577778 0.0014599191 0.00016062382 0.00041004055 0.07438231 0.000114592185 0.17852253 0.0022595807 4.4339864e-05 0.0028085501 1.1230649e-05 0.03287916 0.011691462 6.0779927e-05 7.215241e-05 3.7379847e-05 0.00055572775 0.024195958 0.0004843019 0.0023358818 0.001971898 0.015447402 4.3286924e-05 0.00046526894 0.0017660881 0.025817191 4.3289318e-05 0.0073756822 2.488546e-05 0.031900346 4.589104e-05 0.00014009872 0.031799387 0.006174991 0.00051819487
0.02571557 0.12776224 0.037891522 0.06389515 0.56301725 0.047927633 0.42760116 0.03717647 0.01940195 2.565739e-28 0.019597415 0.78125346 0.105478264 0.034975745 0.009008119 0.014212783 0.75494885 0.004723219 0.0020895733 0.5758309 0.016400654 0.022071723 0.027307 0.014405506 0.03453601 0.004977078 0.0023793455 0.015674349 0.22283001 0.5299877 0.0010603701 0.0047507156 0.06479991 0.0014890898 0.0012808107 6.233293e-05 0.0009172482 0.00030603848 0.00015047281 0.00049479963 0.09492412 1.13691685e-05 0.00026426936 8.418507e-05 0.2391468 0.0012532006 4.704419e-05 0.05898591 0.0001338043 0.00075902307 0.00034038068 0.0018934578 0.00013805236 0.0017777513 2.4086783e-05 0.0003865189 0.07912167 7.715588e-07 0.0007124424 6.144221e-05 0.002087666 2.0901749e-05 9.884163e-07 0.001401638 0.0019491654 0.00013202101 0.0012624866 0.00010619837 1.18057615e-05 0.029053302 1.8276178e-05 1.582911e-06 0.0003231643 0.00014454304 6.9142006e-06 2.9303928e-05 0.0009017156 3.4689747e-06 2.8626007e-05 2.5185348e-06 7.6746055e-06 2.6287367e-05 0.0010457371 4.0837323e-05 4.8410315e-05 2.5219717e-06 0.00021850255 1.770221e-05 2.045978e-05 3.2907803e-06 9.930726e-05 3.4767167e-05 3.9705046e-07 2.3126531e-05 1.4371174e-06 1.8900038e-05 1.6681668e-06 0.0009811493 0.000115711315 2.488043e-05 4.477365e-06
0.5529676 0.08437985 0.02827874 0.05168987 0.092080176 0.6675447 0.13474375 0.1214836 0.025920808 0.019597415 2.6249601e-21 0.011995206 0.02973303 0.8244069 0.008202283 0.13222717 0.014992649 0.18287441 0.60357493 0.01703256 0.08983966 0.19063571 0.15689287 0.022877889 0.15048985 0.09053358 0.075691454 0.0019429405 0.0057432447 0.012513841 0.086232334 0.0047532436 0.16952881 0.00095389585 0.0019213451 0.4050713 0.0004803599 0.00052097044 0.05770102 0.00014738728 0.098053336 0.13531695 0.2145519 0.00021757038 0.0077171894 0.06293535 0.00011721638 0.0031580362 9.90482e-05 0.0014741736 0.0018819409 0.16989186 0.001165487 0.056717582 0.03753774 0.00026311635 0.036668256 4.951135e-06 5.278109e-05 0.00027811146 0.00011975259 0.0057216343 0.000719377 0.036961507 0.00020450953 0.000714685 0.023898887 0.012662208 0.003347803 0.0015481805 0.00017565579 0.0034771876 0.009342921 0.017152622 0.0016194353 3.0579322e-05 0.0007990948 2.5673036e-05 0.034147445 0.00060248474 0.0077496585 0.0020036031 8.843191e-05 0.031994384 0.010438232 2.523284e-05 6.850525e-05 0.027404755 0.00065900054 0.054901373 6.2304585e-05 0.0005702304 0.00019121524 3.5816684e-05 0.00012798881 0.0032212876 7.608135e-05 0.00015591762 0.0011472104 0.012844828 0.027301885
0.017454052 0.055367216 0.017491661 0.06413527 0.24222693 0.021171726 0.18397097 0.024468292 0.031661287 0.78125346 0.011995206 2.693297e-27 0.18289647 0.020289605 0.024787836 0.008990032 0.7409784 0.0014928123 0.00069300504 0.65072244 0.011641118 0.0099579925 0.012429099 0.017566219 0.017293805 0.0027162577 0.0011698595 0.052475948 0.44846272 0.46917492 0.00046768007 0.007195276 0.028401293 0.008312374 0.0062590446 2.8491351e-05 0.0033917523 0.0013415044 8.6050146e-05 0.0019172175 0.04903767 7.102414e-06 0.00010367429 0.00035010203 0.22611238 0.0007521893 0.00020526318 0.124782 0.00073955016 0.0012005363 0.000506283 0.00091469614 0.00030601132 0.0011720858 1.0960201e-05 0.002950889 0.040955275 8.525555e-06 0.0039066058 0.00022508368 0.008625221 1.892058e-05 1.3924196e-06 0.0015955406 0.0066327224 0.00027779152 0.0012744395 6.846972e-05 1.2144212e-05 0.03516638 5.9562568e-05 1.2773321e-06 0.00036693268 9.334439e-05 5.166111e-06 0.00017087265 0.0006913413 2.1444712e-05 2.1354834e-05 3.9579777e-06 4.0649707e-06 1.6389098e-05 0.004460646 4.9495557e-05 2.1740452e-05 7.953317e-06 0.0005767078 2.122309e-05 7.2919042e-06 9.835635e-07 0.00016705962 0.00021780332 1.718613e-07 0.00020606282 1.390693e-06 2.3748002e-05 1.2056457e-06 0.00096597534 0.0005541704 2.5919711e-05 1.4787879e-06
0.33758003 0.081830405 0.06940604 0.27711892 0.049580976 0.0631437 0.041281752 0.043492205 0.26106024 0.105478264 0.02973303 0.18289647 1.9405865e-23 0.022870021 0.22729146 0.014280486 0.1365058 0.0024059329 0.011376897 0.1717806 0.01950002 0.0052539255 0.0075486368 0.096972436 0.011608148 0.005195021 0.002741193 0.763841 0.42122403 0.072858855 0.0016792779 0.07232841 0.015082034 0.62563187 0.48723128 0.00067637797 0.09760272 0.071651995 0.00031681583 0.09365809 0.016244818 0.0008053288 0.0004984538 0.1659307 0.055425674 0.003067279 0.17078002 0.23335904 0.039289787 0.022905208 0.022043616 0.001431903 0.019435475 0.0032781013 0.00021855488 0.3842696 0.013704703 0.013002351 0.11760356 0.016399091 0.06465264 9.855174e-05 2.068432e-05 0.016786542 0.020562826 0.013230814 0.01337261 0.0012250444 0.00010634807 0.012402322 0.00941888 1.8068593e-05 0.0055472744 0.001547002 2.4391662e-05 0.027859734 0.00018458514 0.0050420105 0.0023206356 4.9702074e-05 8.48786e-05 3.0740346e-05 0.0018812473 0.0018010808 0.00040652286 0.012588712 0.018430807 0.00081338617 4.1243525e-06 3.979512e-05 0.00829447 0.005593423 2.3160908e-06 0.0033510132 3.3980818e-06 0.000699613 3.748092e-06 3.696642e-05 0.0100344 0.0017660359 0.00017476737
0.25403363 0.061558858 0.010359015 0.026796704 0.13688664 0.50428957 0.25970954 0.11216653 0.005756523 0.034975745 0.8244069 0.020289605 0.022870021 6.1293874e-23 0.0014468806 0.13110621 0.034218166 0.12312533 0.6452798 0.039135892 0.05173497 0.60069704 0.53396857 0.006589421 0.50858116 0.0751834 0.06686435 0.0017215961 0.008631006 0.022552319 0.04481693 0.0010915042 0.49677512 0.00040374277 0.0015055713 0.5931764 0.00025862586 0.00018937647 0.02470461 0.00013480501 0.27354717 0.09147633 0.57287073 0.00018501234 0.009979392 0.027876172 6.326601e-05 0.0024842476 5.817004e-05 0.00021842693 0.0005460335 0.47922617 0.00020196795 0.017273441 0.09745892 7.263168e-05 0.077860355 9.008314e-07 4.6178884e-06 1.4095004e-05 3.5492398e-05 0.009154659 0.00030164886 0.004790344 0.00028260425 0.00010122508 0.003142303 0.006489811 0.004220764 0.003961456 3.0639138e-05 0.0016568583 0.0010849659 0.0081802495 0.0009939207 1.6907166e-05 0.004903083 3.453174e-06 0.005074964 0.00017683218 0.0014328846 0.011368756 7.557449e-05 0.004575882 0.002464325 6.305528e-06 4.1806747e-05 0.0033276572 0.0035484938 0.005084752 3.9189137e-05 6.2593856e-05 0.0022207792 1.0075147e-05 2.5555e-05 0.00041621088 2.0341044e-05 0.0005645174 0.00027380185 0.0018519902 0.0045949616
0.8082548 0.009622452 0.053886484 0.14370859 0.014595407 0.020519108 0.006124054 0.049057234 0.6964806 0.009008119 0.008202283 0.024787836 0.22729146 0.0014468806 1.2796673e-17 0.013271944 0.0151318535 0.0005403997 0.0007969403 0.020449445 0.04407196 0.00020271476 0.00035725767 0.25476268 0.0011124756 0.0053071263 0.002102772 0.06072234 0.052246097 0.0056030536 0.00045282298 0.28407678 0.0023939898 0.17882763 0.22337976 9.9445824e-05 0.41060117 0.44280738 8.498722e-05 0.2327041 0.0010458294 3.7046993e-05 0.0004887816 0.109218806 0.0011282947 0.0058963858 0.08851631 0.011191508 0.21037897 0.23680821 0.24162096 0.0020168521 0.18993552 0.00778526 0.0001408969 0.05550229 0.0004098482 0.062988006 0.013496317 0.14128229 0.007564444 0.00021325925 2.6692373e-05 0.12686601 0.0011683961 0.23333184 0.14546414 0.0007728398 0.0001242518 0.00040231604 0.18515073 2.6490387e-05 0.13184951 0.0010968724 2.1885175e-05 0.015122751 1.5089851e-05 0.113491125 0.0051040864 2.7133148e-05 7.555882e-06 3.4854875e-05 0.00039976675 0.006902164 0.000116826566 0.015553207 0.008246126 0.0035899235 2.4730803e-05 0.0001305449 0.006394301 0.10592123 3.9391027e-05 0.032520287 1.4225142e-05 0.01687401 3.9030212e-05 6.112428e-05 0.13394691 0.0022764788 6.191466e-05
0.88356435 0.029802652 0.06739555 0.032971736 0.060236886 0.26869985 0.045077074 0.7648919 0.046505533 0.014212783 0.13222717 0.008990032 0.014280486 0.13110621 0.013271944 4.2835258e-23 0.0075913393 0.1605058 0.045873255 0.005694919 0.77792835 0.036965262 0.036697127 0.046776466 0.035084467 0.72528756 0.48971528 0.0012042555 0.0015743455 0.002388511 0.2257588 0.007056155 0.014457172 0.0006876728 0.0010318826 0.011739965 0.00044518695 0.00017740394 0.041864928 0.00017994265 0.0064625097 0.00515821 0.01005374 0.00024045438 0.00082248804 0.15489037 0.00010472894 0.00058163557 0.00011888947 0.00091548066 0.000112936475 0.007673234 5.1911233e-05 0.12354845 0.0013215215 0.00015648232 0.0026211294 1.2500481e-05 7.278271e-05 4.556419e-05 0.00018094262 0.0010738894 0.00061938167 0.16606064 0.0002146547 0.00058803137 0.12508182 0.0065931077 0.00025114018 0.00048554226 0.00013651338 0.00021913047 0.062724486 0.009621565 7.365974e-05 0.00026482696 0.00015029739 2.9150404e-05 0.12537405 0.0002810671 0.0032085422 0.00010604686 0.0007066545 0.10874265 0.0073759216 3.401653e-05 0.0007036874 0.101867706 0.00011991305 0.015450572 0.00058574724 0.00050581153 0.00015376229 3.73848e-05 3.7189897e-05 0.03973455 2.1376067e-05 0.0009516379 0.0015561894 0.06196518 0.015667077
0.012658984 0.061464168 0.014190226 0.04639999 0.24754477 0.027815334 0.21220998 0.017406546 0.012261818 0.75494885 0.014992649 0.7409784 0.1365058 0.034218166 0.0151318535 0.0075913393 4.4088654e-27 0.0019296193 0.00091750844 0.75999004 0.006658841 0.013884603 0.017236933 0.00834685 0.023896614 0.002438429 0.0011193184 0.03959948 0.44792935 0.621622 0.00040765377 0.0030876456 0.040073756 0.005692098 0.0033771603 1.9678044e-05 0.0017980927 0.00053048093 6.451401e-05 0.0012123287 0.07540583 5.1634756e-06 0.00011730764 0.00016181754 0.33094922 0.000559362 0.00012348291 0.15375246 0.00023672603 0.0007780828 0.0003378782 0.0014468192 0.00010807257 0.00083098136 1.1482435e-05 0.0022460518 0.08198621 3.8156068e-06 0.0052036634 5.389766e-05 0.010634994 1.1249816e-05 2.8083157e-06 0.00061965495 0.009229676 0.00018202278 0.0005947346 8.048286e-05 8.625468e-06 0.06547547 3.179043e-05 1.3126747e-06 0.00011290524 7.098165e-05 3.9792785e-06 0.00010035155 0.0025590416 5.1373304e-06 2.6464706e-05 4.2991883e-06 1.2330509e-06 2.5496967e-05 0.01344206 2.822448e-05 1.9914349e-05 3.7755797e-06 0.0004378647 5.5378155e-06 3.2238902e-05 5.805305e-07 7.893882e-05 7.448269e-05 7.728623e-07 9.562069e-05 1.3257729e-06 9.125387e-06 8.4798006e-07 0.0023933428 0.00021678933 5.554217e-06 6.3007275e-07
0.8758755 0.0067093675 0.0042649307 0.0035180782 0.012668459 0.3916352 0.013118396 0.042479616 0.0018162145 0.004723219 0.18287441 0.0014928123 0.0024059329 0.12312533 0.0005403997 0.1605058 0.0019296193 5.173985e-21 0.23482083 0.0013656495 0.07327669 0.03422901 0.028662477 0.002079537 0.027076565 0.17783807 0.371691 0.00013438272 0.00018907763 0.0008848687 0.7854707 0.00030810127 0.014120319 0.00027008212 0.00023958755 0.12152874 2.7162821e-05 5.064984e-05 0.6559263 2.5120904e-05 0.0027706868 0.17175834 0.06524579 0.0001022913 0.0001174833 0.13429871 3.7113263e-05 0.00014473865 1.6655875e-05 0.0002955897 8.352085e-05 0.03043575 4.0681218e-05 0.105047375 0.03495031 5.57732e-05 0.00068829773 1.6564435e-06 7.440026e-05 1.9671475e-05 0.00020368387 0.030015195 0.015649645 0.05533321 9.4881456e-05 0.00029188558 0.029725362 0.12676457 0.009885396 3.558574e-05 4.55067e-05 0.010888863 0.010578864 0.17046288 0.0054785 0.00046733898 1.5812386e-05 8.080183e-06 0.2640692 0.005423425 0.03964666 0.0004144732 0.00021294161 0.23687156 0.08878386 7.3096206e-05 0.0007846963 0.26256117 0.0002496301 0.21715625 0.0006392484 7.7901685e-05 0.00041597086 1.5929232e-05 0.0016636485 0.008324937 0.0020082162 7.057678e-05 0.0005670031 0.16993791 0.12134335
0.46819472 0.006970271 0.0016261024 0.0031124128 0.009887832 0.35498923 0.010954179 0.027377391 0.0017232018 0.0020895733 0.60357493 0.00069300504 0.011376897 0.6452798 0.0007969403 0.045873255 0.00091750844 0.23482083 7.947044e-22 0.00090579013 0.013022684 0.08722244 0.059464738 0.00093494466 0.05236163 0.034732867 0.05776514 0.000402979 0.00015183343 0.0005606413 0.13954145 0.00041466914 0.045464035 0.00044641626 0.0015635896 0.69779474 0.00015373986 9.358389e-05 0.25732085 0.00015415534 0.022938734 0.5963276 0.4866423 0.00035970518 0.00023073165 0.038331456 0.00015027274 0.00029554544 5.3814758e-05 0.00015428256 0.00039375367 0.2696425 0.0002213535 0.023510018 0.32091364 6.6986395e-05 0.009830774 3.6163185e-06 3.1524483e-05 4.363625e-05 7.727275e-05 0.11686696 0.005587523 0.0076070433 6.60773e-05 0.00010431747 0.004056403 0.023634432 0.052447718 0.001211192 2.4065223e-05 0.015645606 0.00095198513 0.02792147 0.018285839 5.7492507e-05 0.00010708827 2.4806757e-06 0.017847372 0.0036162618 0.009204931 0.0036601473 0.00010851439 0.015084471 0.010095675 2.4868523e-05 0.00017463008 0.012520377 0.0022965858 0.025132535 0.00021015991 0.00010584256 0.001011016 2.324217e-05 0.001880702 0.0005087394 0.0022572803 6.874163e-05 0.00039314805 0.009251822 0.022985984
0.01106412 0.040476497 0.0077080065 0.049671967 0.18707293 0.022663465 0.1571422 0.012413747 0.010457282 0.5758309 0.01703256 0.65072244 0.1717806 0.039135892 0.020449445 0.005694919 0.75999004 0.0013656495 0.00090579013 2.0713205e-25 0.004421501 0.014608142 0.01834862 0.006642569 0.025371658 0.0017216866 0.00062382064 0.09274335 0.59259796 0.638818 0.0002561487 0.003013008 0.042209703 0.012526515 0.0068946644 2.4109859e-05 0.0036636046 0.0007893965 4.8330738e-05 0.0024279705 0.07675831 3.5575374e-06 0.00023392503 0.00047786857 0.3788777 0.00035551802 0.0005949212 0.26963973 0.00037791466 0.0005935181 0.00036660756 0.002284167 0.00013045629 0.00041624682 1.479446e-05 0.008879034 0.08619571 9.711332e-06 0.018017113 5.1499836e-05 0.029965688 8.942079e-06 3.369934e-06 0.00051486114 0.02358122 0.00026256416 0.00051965966 4.847601e-05 6.766089e-06 0.09168461 5.617168e-05 1.241033e-06 9.131172e-05 6.361329e-05 2.3365546e-06 0.00027976208 0.0031666388 5.834597e-06 2.550244e-05 6.2764957e-06 5.719146e-07 3.148515e-05 0.028216545 3.899866e-05 1.8124925e-05 5.9759855e-06 0.0011325071 6.125718e-06 4.7921025e-05 3.8865628e-07 0.00015309258 0.00024021235 1.5976827e-06 0.00019170986 9.5174175e-07 1.0862045e-05 6.278426e-07 0.002655034 0.0005534904 8.332327e-06 5.32741e-07
0.9300622 0.04766914 0.17989442 0.08507148 0.05323405 0.18426237 0.031783145 0.7512554 0.09889902 0.016400654 0.08983966 0.011641118 0.01950002 0.05173497 0.04407196 0.77792835 0.006658841 0.07327669 0.013022684 0.004421501 9.760233e-23 0.012345454 0.011307233 0.08972094 0.009568128 0.6082522 0.2037645 0.0016640746 0.0013379238 0.0017425263 0.100974284 0.019239288 0.004428221 0.0010362334 0.0009911672 0.0031233865 0.0020064896 0.0009585426 0.014618454 0.00029866642 0.0028871042 0.0015209654 0.0024796566 0.0002930674 0.000861658 0.15221372 0.00011629167 0.00061065576 0.000340897 0.0023639158 0.00069344474 0.0030800228 0.00044800687 0.16649413 0.00053625443 0.00026658198 0.0017272906 1.7202708e-05 5.5064524e-05 0.00022627406 0.00023701992 0.0008486999 0.00021927785 0.33985072 0.00030575928 0.0019642522 0.2530899 0.003639753 0.00019777447 0.001188248 0.00081338076 6.1771934e-05 0.11983548 0.00604865 4.7492445e-05 0.00020301442 0.00020702662 0.00014824735 0.1039083 9.397275e-05 0.0008428006 6.148682e-05 0.0015299049 0.118249744 0.0041189655 2.5126703e-05 0.0006050395 0.12027082 4.3049797e-05 0.004880285 0.00046164467 0.0016049139 6.125154e-05 9.965669e-05 1.3621017e-05 0.051925804 1.1787165e-05 0.0009693492 0.0050210506 0.0648871 0.004163866
0.014307209 0.027998643 0.0033287061 0.010018581 0.12163814 0.13537195 0.27854127 0.035685975 0.0012880203 0.022071723 0.19063571 0.0099579925 0.0052539255 0.60069704 0.00020271476 0.036965262 0.013884603 0.03422901 0.08722244 0.014608142 0.012345454 1.7350204e-27 0.7961379 0.0008572304 0.71259695 0.01792915 0.014546951 0.0006301086 0.007296614 0.013871415 0.008460456 9.2725175e-05 0.56356424 3.9986397e-05 0.00014481002 0.06370942 5.247673e-05 2.0168454e-05 0.0026938384 3.804124e-05 0.40662208 0.0034615623 0.20382167 1.4834811e-05 0.020489002 0.0029450324 4.8060133e-06 0.0029487791 1.9262261e-05 6.392655e-05 0.00014335406 0.30553558 2.8604667e-05 0.0033096124 0.015064332 1.0480513e-05 0.20478195 2.904199e-07 3.1383454e-06 2.8300879e-06 2.1836287e-05 0.0005382146 2.9023606e-05 0.0008341686 0.00020346488 5.193208e-05 0.0006894856 0.00079209096 0.00021277921 0.004918362 4.7785e-06 8.165155e-05 0.00017185188 0.0008706904 7.251485e-05 1.0941137e-06 0.006867762 4.1408873e-07 0.00032113877 1.4307223e-05 5.0656552e-05 0.013014774 6.619304e-05 0.00036874032 0.0001200531 4.7300526e-07 7.3720566e-06 0.0001347008 0.004287918 5.5023473e-05 4.334271e-06 5.940045e-05 0.0012965426 3.8830817e-06 2.1673835e-05 1.1592399e-05 9.63606e-06 0.0025162566 0.00016829059 0.00011259074 0.0001021779
0.013426422 0.027181467 0.0034552135 0.012143281 0.13844879 0.11663531 0.30680218 0.034947537 0.0022015676 0.027307 0.15689287 0.012429099 0.0075486368 0.53396857 0.00035725767 0.036697127 0.017236933 0.028662477 0.059464738 0.01834862 0.011307233 0.7961379 1.7441394e-26 0.0010270404 0.7298807 0.018067176 0.012720231 0.0009475442 0.008725824 0.01710994 0.007465586 0.00013465686 0.5657013 4.6151563e-05 0.00016940117 0.042703107 8.3088664e-05 2.7339414e-05 0.0019217831 5.3709246e-05 0.4164088 0.0024541707 0.12741685 1.49083335e-05 0.024752084 0.0034216926 4.1627936e-06 0.0041956794 2.176242e-05 9.9565004e-05 0.00017149643 0.22523123 3.335678e-05 0.0036504006 0.010455498 1.6339283e-05 0.21090414 3.0434174e-07 5.1530324e-06 3.2248665e-06 2.7051221e-05 0.000409868 2.2369964e-05 0.00093071937 0.0002905719 7.542394e-05 0.00078626274 0.00073843735 0.00015405423 0.0068284203 6.4439814e-06 5.6413526e-05 0.00020015748 0.00095971924 5.4886947e-05 1.3790775e-06 0.008342333 7.177761e-07 0.00033680192 1.1200563e-05 3.132952e-05 0.012283904 0.00010409019 0.00041083124 9.988838e-05 6.303529e-07 7.819118e-06 0.0001530466 0.0043408014 3.5119472e-05 4.147553e-06 5.764035e-05 0.0012904985 4.759839e-06 1.5840835e-05 1.5336915e-05 8.264922e-06 0.0031417005 0.00016928118 0.000100112484 6.462941e-05
0.9424321 0.055731427 0.29508805 0.115236275 0.029646331 0.034854263 0.012006502 0.10148102 0.5636949 0.014405506 0.022877889 0.017566219 0.096972436 0.006589421 0.25476268 0.046776466 0.00834685 0.002079537 0.00093494466 0.006642569 0.08972094 0.0008572304 0.0010270404 1.9388275e-21 0.0015489461 0.018607387 0.005188624 0.008002296 0.0087891 0.0019830961 0.0010578132 0.864234 0.0013697008 0.021993674 0.03473769 0.0005139558 0.089140534 0.06339256 0.00042656105 0.017239021 0.0010615685 6.262371e-05 0.0012531803 0.008368754 0.0006516575 0.008936069 0.007511374 0.0016501029 0.018445313 0.47499678 0.099285744 0.0017146447 0.056794036 0.014222065 0.000528284 0.0035281447 0.0010292466 0.0037768928 0.001105991 0.01732518 0.0012124476 0.00035067814 5.7785768e-05 0.30770108 0.0006827079 0.13276133 0.3260482 0.0012853852 9.363486e-05 0.00066826626 0.055362627 3.547518e-05 0.2964171 0.0024259142 1.3865833e-05 0.0025651085 6.8693334e-05 0.02358879 0.0145533485 3.1125343e-05 5.2023137e-05 8.012742e-05 0.00042206715 0.029615536 0.0009282312 0.0013126167 0.0018064005 0.030011116 5.9816964e-05 0.00056205055 0.0023607 0.018705016 6.716564e-05 0.0038591747 1.3094108e-05 0.06990358 3.4600493e-05 0.000276171 0.024051225 0.021791318 0.0012734176
0.013798683 0.028871145 0.0036147828 0.014483683 0.16373096 0.11904614 0.37791312 0.030587576 0.003032624 0.03453601 0.15048985 0.017293805 0.011608148 0.50858116 0.0011124756 0.035084467 0.023896614 0.027076565 0.05236163 0.025371658 0.009568128 0.71259695 0.7298807 0.0015489461 1.3600494e-24 0.015727594 0.011429227 0.0023186037 0.012212423 0.024167722 0.0063729445 0.00029484023 0.62360436 0.00011206145 0.0003832079 0.03939261 0.00026785207 6.7590365e-05 0.0018034535 0.00018383203 0.4674925 0.0026722262 0.11650236 3.4523397e-05 0.031447187 0.0027027265 1.0055383e-05 0.007759583 4.3267526e-05 0.000121428864 0.00018017138 0.24194142 4.511339e-05 0.002476531 0.01095769 5.904221e-05 0.23261599 7.571003e-07 2.2115863e-05 5.7918314e-06 7.923931e-05 0.0005012248 2.4314439e-05 0.00071183936 0.00090605154 0.00017975808 0.0005921033 0.0006251219 0.00022546781 0.011610955 1.7379263e-05 7.8665194e-05 0.00012022645 0.0008959616 6.366184e-05 2.9714784e-06 0.014179141 2.12313e-06 0.0003743509 2.8209626e-05 3.121128e-05 0.01573845 0.00032221276 0.00040813454 9.271367e-05 2.0629561e-06 1.3753835e-05 0.00015057501 0.0081878435 3.193876e-05 9.4739635e-06 8.574131e-05 0.002647209 1.5770353e-05 2.9033627e-05 2.0891666e-05 1.6204758e-05 0.0051094973 0.00028194417 0.00012773859 6.763899e-05
0.86743504 0.012024113 0.025200354 0.011657682 0.017179625 0.1655841 0.014617554 0.25469786 0.019187342 0.004977078 0.09053358 0.0027162577 0.005195021 0.0751834 0.0053071263 0.72528756 0.002438429 0.17783807 0.034732867 0.0017216866 0.6082522 0.01792915 0.018067176 0.018607387 0.015727594 7.6671766e-24 0.7871721 0.00091141846 0.0005139622 0.00062473 0.37272465 0.003311709 0.0067324745 0.0002988516 0.00031425353 0.007958815 0.00027932884 7.567734e-05 0.06941871 0.00012669872 0.0028813086 0.0040102517 0.0066070217 8.4195264e-05 0.00032268604 0.39115408 3.550364e-05 0.0002482631 8.582885e-05 0.00031060865 5.735051e-05 0.005388721 3.4255943e-05 0.30619174 0.001343847 0.0001141106 0.0018371268 7.8955045e-06 8.393735e-05 2.6241556e-05 0.00023097164 0.0009112773 0.00043618216 0.07395118 0.00038232454 0.00016173255 0.051554807 0.008318703 0.00016661285 0.001122162 4.775068e-05 0.00028560465 0.022349244 0.010794429 4.8452202e-05 0.00025024268 0.00014343325 1.2843357e-05 0.09375 0.00044705515 0.0036774015 8.029602e-05 0.0008002799 0.08191185 0.0067848405 2.6208194e-05 0.00095296255 0.07973031 8.854119e-05 0.016436778 0.0004523456 0.00026491992 0.00011292571 1.8941377e-05 4.5756442e-05 0.030949807 3.2416698e-05 0.0007969882 0.0010154677 0.049221557 0.018668406
0.8814621 0.0054407255 0.005656628 0.0037087225 0.008001636 0.1245393 0.008189635 0.094611704 0.0056803655 0.0023793455 0.075691454 0.0011698595 0.002741193 0.06686435 0.002102772 0.48971528 0.0011193184 0.371691 0.05776514 0.00062382064 0.2037645 0.014546951 0.012720231 0.005188624 0.011429227 0.7871721 1.1054135e-23 0.00033433808 0.0002151037 0.00030487613 0.7684706 0.001232562 0.004149704 0.00018724124 0.0001419486 0.011791775 9.4013616e-05 3.692766e-05 0.153771 5.548952e-05 0.0016471926 0.0093293665 0.009297436 5.928466e-05 0.00020978026 0.365999 1.8567951e-05 0.00016858953 4.5081862e-05 0.00014086773 3.5912934e-05 0.004806603 2.2565398e-05 0.24644206 0.002193927 5.8163056e-05 0.001076893 6.5764375e-06 5.666609e-05 1.3962395e-05 0.00014445029 0.0016387592 0.0008517998 0.041405376 0.00026005667 8.678038e-05 0.027585723 0.032418698 0.00029001432 0.00046830426 2.74309e-05 0.0005463132 0.013238621 0.03775438 0.00011389641 0.00045182285 5.6926136e-05 4.9999185e-06 0.113579325 0.0006994889 0.00597923 8.177039e-05 0.0003409518 0.09452179 0.012242046 3.6496225e-05 0.0012008344 0.09567443 7.1161e-05 0.031757835 0.00055752776 0.00014427312 0.000101331236 1.0928159e-05 0.00013544367 0.016235797 0.00011779181 0.00047744744 0.0006701202 0.062144045 0.030759387
0.04349147 0.010039422 0.007695667 0.038075857 0.007040926 0.0019406759 0.0058312765 0.0025283752 0.03310353 0.015674349 0.0019429405 0.052475948 0.763841 0.0017215961 0.06072234 0.0012042555 0.03959948 0.00013438272 0.000402979 0.09274335 0.0016640746 0.0006301086 0.0009475442 0.008002296 0.0023186037 0.00091141846 0.00033433808 7.206081e-24 0.4882101 0.034476604 0.0001753771 0.007542678 0.0026749827 0.7021588 0.37698513 2.7855885e-05 0.044968978 0.016083175 5.1937575e-05 0.037223194 0.0041114697 1.7794797e-05 4.4534427e-05 0.15811858 0.02826497 0.00023652337 0.19311576 0.3284711 0.0073619364 0.0024997815 0.003192052 0.00013638065 0.0032917785 0.00046473657 1.0377148e-05 0.62736493 0.003624797 0.005594743 0.37035504 0.0028832299 0.16711372 8.465907e-06 3.819058e-06 0.00076025684 0.041906077 0.0023168654 0.0007858796 0.00015193482 9.078644e-06 0.023269402 0.0014424147 2.271911e-06 0.00033355175 0.00018699623 1.6665813e-06 0.061753154 3.9210037e-05 0.00050983945 1.9349496e-05 5.4262314e-06 3.403524e-06 7.79527e-06 0.012624003 5.068299e-05 7.441821e-05 0.01957285 0.051534012 2.4892344e-05 1.358989e-05 7.7703345e-07 0.025592284 0.0012261273 1.4233617e-06 0.0017044072 2.9360897e-06 1.6247233e-05 3.0171816e-06 7.7691126e-05 0.0021505973 1.9329134e-05 2.7862845e-07
0.016911369 0.034413673 0.015086335 0.09232687 0.05757377 0.007637822 0.04293238 0.003700863 0.03670432 0.22283001 0.0057432447 0.44846272 0.42122403 0.008631006 0.052246097 0.0015743455 0.44792935 0.00018907763 0.00015183343 0.59259796 0.0013379238 0.007296614 0.008725824 0.0087891 0.012212423 0.0005139622 0.0002151037 0.4882101 1.4271095e-24 0.42075878 0.00014231024 0.0045275367 0.012425033 0.05822226 0.03163463 3.7323405e-06 0.012558459 0.0018281653 2.0475807e-05 0.007552615 0.016528852 5.4031517e-07 1.4068427e-05 0.0040972084 0.41242695 0.00016365039 0.004304609 0.551936 0.0012657052 0.0004445175 0.0003154916 0.00015014784 9.1617796e-05 0.00014985599 2.031283e-06 0.08109288 0.015406488 6.0592352e-05 0.14568542 3.0317115e-05 0.15817326 1.0964179e-06 1.7272499e-06 0.00025576568 0.108817935 0.00017333159 0.00024192281 1.5871396e-05 1.94554e-06 0.16564542 5.0626273e-05 6.329455e-07 5.3965243e-05 4.4680342e-05 2.2123119e-07 0.0031926793 0.0013852529 1.1879817e-05 4.23076e-06 5.3503704e-06 1.3975476e-07 9.792026e-06 0.054372918 1.0173234e-05 2.975962e-06 0.00010716397 0.006491513 6.3830867e-06 1.20551185e-05 4.5476124e-08 0.0010064921 0.00028450857 5.4673006e-07 0.00030529892 8.0290846e-08 1.9369028e-05 1.6154239e-07 0.00090584025 0.0010255371 1.5606598e-05 1.135409e-08
0.0062397625 0.055003185 0.010367575 0.03867174 0.25849512 0.022144342 0.20896602 0.0069843545 0.0046184943 0.5299877 0.012513841 0.46917492 0.072858855 0.022552319 0.0056030536 0.002388511 0.621622 0.0008848687 0.0005606413 0.638818 0.0017425263 0.013871415 0.01710994 0.0019830961 0.024167722 0.00062473 0.00030487613 0.034476604 0.42075878 2.8949945e-25 0.00022629093 0.000393702 0.0344581 0.0038632045 0.0018138528 1.04941455e-05 0.0008384346 0.000120251105 5.5436994e-05 0.0005678874 0.08124184 2.244481e-06 0.00011904399 0.00012932904 0.506067 9.697314e-05 9.431319e-05 0.22418319 5.2156818e-05 0.00011057479 0.00016456077 0.0007692699 5.634137e-05 0.00010856635 4.9169967e-06 0.0031682942 0.09425668 2.2359502e-06 0.0063997246 1.187617e-05 0.016203074 3.0509952e-06 3.1164623e-06 5.343566e-05 0.026688416 9.814319e-05 5.4365217e-05 3.256804e-05 5.6433078e-06 0.17089228 2.7734877e-05 1.4360938e-06 8.67393e-06 5.759205e-05 2.7398858e-06 3.9097158e-05 0.0106446445 2.74853e-06 9.7248985e-06 9.086161e-06 9.54515e-07 6.0325052e-05 0.037290838 2.1337632e-05 3.1899854e-05 4.4697586e-06 0.0001467928 4.3425957e-06 0.00012507546 5.65395e-07 5.5411365e-05 5.5960423e-05 4.449348e-06 2.4761293e-05 1.1366159e-06 4.066801e-06 7.9985034e-07 0.007129315 0.0002480158 1.5319896e-05 2.7028282e-06
0.9273331 0.0021384582 0.0013622552 0.0009825955 0.0047606295 0.14547296 0.0037230747 0.041880447 0.00059259054 0.0010603701 0.086232334 0.00046768007 0.0016792779 0.04481693 0.00045282298 0.2257588 0.00040765377 0.7854707 0.13954145 0.0002561487 0.100974284 0.008460456 0.007465586 0.0010578132 0.0063729445 0.37272465 0.7684706 0.0001753771 0.00014231024 0.00022629093 4.5494913e-21 0.00039569644 0.0014458 0.0002292472 0.00020487496 0.045742277 0.00012466095 4.7125464e-05 0.7520063 6.79783e-05 0.0005002148 0.07491829 0.020931365 8.7351065e-05 0.000112325404 0.25662073 2.8507988e-05 6.21979e-05 2.2447539e-05 0.0002460524 0.00010729026 0.005228743 8.3352e-05 0.16741526 0.009077359 8.331855e-05 0.00029035332 4.3462915e-06 4.739693e-05 2.193794e-05 0.000107083164 0.007814955 0.019673372 0.027205769 7.924854e-05 0.00015594898 0.014647061 0.23966467 0.0027851677 0.00024716766 3.4004403e-05 0.0071139517 0.0038894494 0.25881463 0.0022149005 0.00048738587 4.1894236e-05 7.643774e-06 0.24976443 0.0066237496 0.06631287 0.00024156846 0.0001767327 0.19803096 0.10789511 3.9518432e-05 0.0017621891 0.22774427 0.00011978469 0.19823769 0.0021201365 0.000112239104 0.0004906593 1.7454626e-05 0.0009798799 0.0042148265 0.0012379787 0.0002046426 0.0005891175 0.1478931 0.11406425
