1.0880983e-36 0.8601953 0.6991714 0.83215225 0.90163213 0.93745226 0.50514 0.97772866 0.8182323 0.67522895 0.9813493 0.6495585 0.98945427 0.7354638 0.9257346 0.32326475 0.7463697 0.8764993 0.25493076 0.5754173 0.8242713 0.6636832 0.73580456 0.98565996 0.40772608 0.61392826 0.22489615 0.83037716 0.7534449 0.4142209 0.21160097 0.98992753 0.13679707 0.048547607 0.9929051 0.042298477 0.059304226 0.031124583 0.7562021 0.029262802 0.022058986 0.033479724 0.97560024 0.008819794 0.025417376 0.019528862 0.94276667 0.053840175 0.012232344 0.00962101 0.0045518116 0.019452665 0.023972873 0.026698276 0.0040038866 0.6354989 0.34134346 0.0030291986 0.53628206 0.33401647 0.0021074596 0.0028072353 0.0028565137 0.9989077 0.014965484 0.2918674 0.99848354 0.0039037718 0.0014353943 0.07616042 0.99353606 0.96410996 0.0050659096 0.04249696 0.08937634 0.049819186 0.25205794 0.98135716 0.99410486 0.8714619 0.81994724 0.63636285 0.9996598 0.00033650463 0.00054779195 0.016904177 0.00028343935 0.002155962 0.111713976 0.5339621 0.000640133 0.00034335814 0.00016104638 0.63495886 0.000435208 0.0032264297 0.9910872 0.40708917 0.0020756493 0.0011063692 0.0004327184
0.8601953 6.3194004e-22 0.9273343 0.58971167 0.432252 0.24127313 0.85950655 0.04124471 0.01476004 0.020757198 0.089378886 0.20179245 0.011458666 0.114077255 0.0042384556 0.0939381 0.0174188 0.003232551 0.046174627 0.0014863891 0.00010472046 0.011214152 0.00018110042 0.08516563 0.054607425 0.001106172 0.028600322 0.00022923933 0.000101980186 0.007817448 0.0002783447 0.00092788157 0.0276059 0.021165548 0.17351587 0.010916552 0.0028317915 0.020556824 0.0018470568 0.008999969 0.015926894 0.0045437072 0.0009252656 0.008051757 0.0014016146 0.003568047 0.002233618 0.0011598184 0.00063913775 0.0068058767 0.0063496036 0.00066314515 0.00023127845 0.00076280406 0.004806108 7.230782e-05 8.8920415e-06 0.003072231 2.7052458e-05 0.00012650118 0.0015370981 0.00018301007 0.0031676267 0.02551146 0.004681036 4.940411e-07 0.0956748 0.0018943358 0.002039746 1.3746956e-06 0.0012922628 0.0007863741 0.0015242593 2.872344e-05 1.3629704e-06 8.971125e-05 7.805983e-06 0.0138532175 0.0110946605 0.0008788538 0.0011363412 0.00019617623 0.027475929 0.00012409539 5.7947404e-05 3.2978478e-05 6.40858e-05 5.282689e-06 0.00082112045 0.0010059848 8.754909e-06 0.00012323385 1.2599244e-05 0.0012682885 0.00020092344 3.1362956e-06 0.015756885 0.00039791648 0.00010006142 4.489487e-06 3.2461034e-05
0.6991714 0.9273343 4.686909e-22 0.26232803 0.5462876 0.059624452 0.9060046 0.053253558 0.030672602 0.04424871 0.023784244 0.35200578 0.0013218655 0.042891182 0.009672775 0.14095284 0.0041431696 0.00040284434 0.071566485 0.0062854816 0.0002677075 0.027783925 0.000501794 0.14915591 0.022642383 9.9604615e-05 0.045488656 0.00062261854 0.00046552945 0.01430509 3.6629564e-05 0.0028502264 0.036737263 0.026720718 0.15080266 0.015814753 0.0013248371 0.011452766 0.00012367655 0.013763735 0.008157396 0.0032722398 0.0024078025 0.010964364 0.0008359381 0.0023594194 0.00054643536 0.0039196974 0.00023896481 0.0072313026 0.0033248274 0.0022697682 7.236956e-05 0.0026511857 0.006389964 1.1787188e-05 0.00011802087 0.0026680997 0.00042955947 1.0525086e-05 0.00064073794 5.84181e-05 0.0043006404 0.039763913 0.010044918 5.685904e-06 0.043157954 0.0012101772 0.0011724832 1.3286061e-05 0.0032886674 0.0002588783 0.0040634517 4.5382117e-06 1.3502226e-05 7.3668702e-06 4.9649818e-05 0.003991736 0.0029678338 0.0003700007 0.00036734494 1.5054233e-05 0.010316361 0.00032843594 0.0003651008 3.5399592e-06 0.00012294193 5.7259847e-05 0.002067728 6.753341e-05 3.7737387e-05 0.00025675987 2.8327115e-05 0.00013578315 2.9089031e-05 1.2821292e-05 0.0033260551 1.7410004e-05 0.0005213049 9.568797e-06 5.899589e-05
0.83215225 0.58971167 0.26232803 6.5799663e-22 0.8395077 0.27120546 0.07254026 0.05363315 0.06522871 0.04908607 0.886888 0.060639687 0.13190132 0.12703697 0.024378082 0.019850712 0.21284005 0.08793595 0.017757053 0.0034643796 0.0006955054 0.00669183 0.001052739 0.055703864 0.038139436 0.018450283 0.009305951 0.00028013106 0.00063800375 0.005506844 0.002509872 0.00035400348 0.011184663 0.0039843195 0.13086645 0.004960623 0.0038319675 0.0076955864 0.01041241 0.0028991627 0.005934442 0.003356681 0.0010023592 0.0006770162 0.002387714 0.001565341 0.0055045546 0.0020651433 0.0012138094 0.0003462424 0.0008440594 0.0017704302 0.001601072 0.0015454292 0.00016410784 0.004162909 0.000115505034 0.0019932752 0.0003727535 0.0015873834 0.0011741011 0.0001697835 5.9693815e-05 0.029255144 6.646149e-05 5.929062e-06 0.20922452 0.0001441397 0.0012154612 2.2807062e-05 0.00057532004 0.006932027 8.762348e-05 0.00045919503 3.0930518e-05 0.00075482903 1.8133172e-05 0.057823174 0.04416567 0.007554268 0.0071881306 0.0046349503 0.056026466 0.00014022892 6.0397637e-05 0.00022571371 0.00012662853 0.00015285567 0.00023118185 0.009420026 0.00016569602 0.00020698617 8.675489e-05 0.0150069315 0.0008225002 5.71023e-05 0.04038469 0.0067723906 0.0010028832 9.0091744e-05 0.00024512396
0.90163213 0.432252 0.5462876 0.8395077 2.2410461e-21 0.08633795 0.07614527 0.7785902 0.15016286 0.18222307 0.116082646 0.08241749 0.008662201 0.04755274 0.051999666 0.026276533 0.033560634 0.0052053193 0.024694491 0.017328368 0.003341317 0.025065165 0.0035394684 0.25148135 0.013608944 0.0006559336 0.017327087 0.00091132993 0.002149977 0.012427333 9.2577786e-05 0.0025006616 0.015134524 0.0035280287 0.37157282 0.005146361 0.00015720866 0.0045893737 0.00039508013 0.0026396813 0.0036911662 0.0006009787 0.0021952288 0.00064943865 0.0001810474 0.0003738229 0.0010526365 0.003521358 0.00011393769 0.00030336107 0.0006591017 0.0021342975 0.00024632545 0.0017805356 0.00014156845 0.00058257487 0.00030145244 0.0011004186 0.0023060408 0.00023795373 0.00038851547 2.8221251e-05 7.093652e-05 0.1424407 0.00023484418 1.1528783e-05 0.24975526 7.558617e-05 0.0019911237 2.8239181e-05 0.003498189 0.0019719196 0.00033314325 6.447704e-05 7.06448e-05 0.00019239156 4.5984834e-05 0.042440455 0.029760221 0.0029744953 0.002664639 0.0010599323 0.063054025 0.00028358158 0.00037169654 7.241982e-05 0.0002405186 0.0005981172 0.0023245485 0.0030596014 0.00045353023 0.00047394203 0.00011944759 0.004248796 0.0004314634 0.00018302837 0.031777825 0.00097477174 0.0013392387 0.00021149736 0.00047220124
0.93745226 0.24127313 0.059624452 0.27120546 0.08633795 2.3294963e-18 0.12219801 0.0140006235 0.016316116 0.02488284 0.5338483 0.048278216 0.7986084 0.73733515 0.0010768949 0.022090524 0.68954736 0.37960836 0.01248547 9.540063e-05 2.8619099e-05 0.0016881132 3.8193404e-05 0.087382816 0.30330244 0.2021745 0.018064454 2.4853798e-05 2.9741566e-05 0.0011857401 0.076352015 0.00032198365 0.018260516 0.02433408 0.27533355 0.008963408 0.12734723 0.050928194 0.035697125 0.0061858245 0.05302777 0.14838572 0.00010170145 0.008299075 0.089661784 0.11163775 0.031494204 0.0004285533 0.041930504 0.007367134 0.022633985 0.0007533602 0.012097353 0.0009297409 0.0027285228 0.0068567246 6.458183e-07 0.042085253 1.5262514e-05 0.0033722618 0.02321258 0.009938241 0.0013971092 0.056837227 0.00043539685 7.743393e-07 0.2741118 0.0054129492 0.015389587 3.5250687e-06 0.0034379852 0.05079563 0.0005965728 0.0007423541 1.1530477e-05 0.0012335633 5.006247e-07 0.12228462 0.0912284 0.039418444 0.031775024 0.0051384233 0.07448211 3.032319e-05 2.0472662e-05 0.0043689115 3.9986473e-05 1.4264592e-05 0.00017575467 0.008087642 9.477958e-06 0.00020701734 1.9265917e-05 0.01589005 0.008050749 1.4364425e-05 0.061265774 0.008453427 0.0003796931 2.081766e-05 5.931452e-05
0.50514 0.85950655 0.9060046 0.07254026 0.07614527 0.12219801 3.6625406e-22 0.014745753 0.012354287 0.019317811 0.021892099 0.8707539 0.009065442 0.10944951 0.0042498596 0.6065686 0.020911722 0.003277018 0.26135802 0.0033847147 0.00019579793 0.018597461 0.00031888223 0.014370763 0.08482528 0.0013635029 0.1410955 0.0005645523 0.0002776535 0.027328838 0.00049405417 0.00088495476 0.1329888 0.17119001 0.017030805 0.057323482 0.0070490185 0.094609514 0.00070502824 0.044626806 0.06971383 0.01141518 0.0017289913 0.042488936 0.0033956864 0.00971582 0.0020254345 0.006391292 0.001173209 0.041513763 0.020894747 0.00600275 0.00084366906 0.0066383993 0.029333718 0.00011419802 1.5622429e-05 0.013076976 0.00020830918 0.00016599163 0.004834088 0.00035774676 0.021532247 0.0040316507 0.021602148 7.139759e-06 0.009442808 0.0062637655 0.005802198 1.6569546e-05 0.00047858842 0.0004267376 0.012555172 2.930337e-05 2.3099748e-05 3.358799e-05 2.9835126e-06 0.002334776 0.0017681838 0.00022358503 0.00024912902 0.00012186692 0.0029057853 0.00092804356 0.00077821454 0.00030592352 0.00039072297 8.067589e-05 9.254407e-05 0.00018668546 7.263507e-05 0.0008915784 7.65697e-05 0.00033299462 0.0011264476 2.182521e-05 0.00206031 4.9258506e-05 0.00044857743 3.0812727e-05 0.00022398175
0.97772866 0.04124471 0.053253558 0.05363315 0.7785902 0.0140006235 0.014745753 3.104391e-20 0.60391086 0.53292215 0.026658978 0.05063461 0.00062616455 0.022904247 0.44625318 0.011445915 0.0024785383 0.00017462358 0.022517122 0.10184724 0.071594305 0.07805847 0.044651177 0.5473808 0.002889094 2.3893435e-05 0.01702289 0.028254405 0.023837693 0.044453703 8.498418e-06 0.06353454 0.019751268 0.0035713934 0.5088739 0.009019547 7.0492635e-05 0.0027596864 1.4776426e-05 0.0048135957 0.0015874214 0.00012960933 0.011473615 0.0007379295 7.9222766e-05 3.653481e-05 8.655128e-05 0.011865258 0.00011147967 0.00036222517 0.00023573433 0.004943699 0.00034415608 0.0040775393 0.00013447244 3.229808e-05 0.0007684354 5.393e-05 0.028838895 9.124674e-06 5.5807996e-05 1.0538242e-05 0.0001025077 0.23257495 0.00065557455 8.771954e-05 0.14310177 7.9760706e-05 0.00028777908 0.00026636544 0.007597633 0.0001405453 0.0005701046 3.8498997e-06 0.0015238939 9.398202e-06 0.00023481707 0.009471525 0.005233886 0.000402224 0.0003522197 3.8524908e-05 0.044065885 0.000116986674 0.0002527059 3.995499e-05 7.412335e-05 0.0008092324 0.0076290676 0.0002082772 0.00049900817 7.561234e-05 4.269499e-05 0.0003727595 0.00071327796 0.00079062046 0.01460546 4.3852342e-05 0.0028608933 0.00060929457 0.0008044368
0.8182323 0.01476004 0.030672602 0.06522871 0.15016286 0.016316116 0.012354287 0.60391086 2.3515636e-21 0.8035942 0.054935176 0.040271387 0.00023476042 0.0146354865 0.35065094 0.01010045 0.0012168976 5.8598052e-05 0.019616058 0.19176264 0.024388783 0.30768022 0.020177627 0.30406758 0.0038187671 1.2522495e-05 0.031437118 0.018880526 0.025141403 0.08289002 7.3311744e-06 0.04972382 0.053956553 0.004170111 0.30120197 0.026156822 4.585613e-05 0.0026843615 7.5794887e-06 0.01569368 0.0017259354 0.0002032091 0.017574346 0.0014215045 6.526918e-05 6.6394656e-05 4.3578606e-05 0.028565185 2.371661e-05 0.0005201659 0.0006152909 0.015811821 4.5607754e-05 0.015226527 0.00052909 6.0160423e-06 0.0012460514 0.00033688897 0.04518073 4.1692138e-06 0.00015069784 8.860297e-06 0.0003515266 0.06938834 0.0056983684 8.750031e-05 0.039938446 0.00021247666 9.472794e-05 0.00056234415 0.008368318 3.0456014e-05 0.001353924 7.999621e-06 0.0022570707 1.9149837e-05 0.0011587222 0.002456961 0.0015179933 5.4006123e-05 0.00010128311 3.7200416e-06 0.006833023 0.00018212036 0.000377283 1.9769448e-06 0.000112674854 0.0041489815 0.010707607 1.203838e-05 0.0015115209 0.000112075344 8.1583756e-05 0.0001465701 1.8596857e-05 0.0013799473 0.0026317846 4.9171326e-06 0.010243173 0.00093066605 0.0013541171
0.67522895 0.020757198 0.04424871 0.04908607 0.18222307 0.02488284 0.019317811 0.53292215 0.8035942 2.5110976e-21 0.031390633 0.076870516 0.0002959496 0.027492585 0.32083645 0.019305503 0.0019658743 8.897635e-05 0.038484536 0.3146116 0.023027837 0.3735793 0.020031247 0.19135134 0.0067325 2.0079058e-05 0.05111403 0.01354059 0.03176186 0.12183978 1.3164365e-05 0.029657545 0.08382366 0.010095184 0.17718083 0.05377615 6.21471e-05 0.0061136116 1.0945818e-05 0.03433729 0.003629943 0.0003582835 0.013584248 0.0023411664 7.814187e-05 0.00013942123 4.7434463e-05 0.061754595 2.4629946e-05 0.0011282915 0.0011691061 0.034469683 5.3360487e-05 0.03542658 0.0014898889 4.8213738e-06 0.0009915443 0.00040170128 0.06753847 4.0493737e-06 0.00022108304 1.0529964e-05 0.0007483745 0.03281705 0.012047972 0.00014182914 0.020879941 0.00021137962 0.0001243125 0.00088396785 0.0048043253 4.238225e-05 0.0033920745 1.6247977e-05 0.0038311202 4.0569677e-05 0.001017033 0.0018558551 0.00071422075 4.2940934e-05 6.877311e-05 3.7304437e-06 0.0031112924 0.00032389525 0.0005949269 5.3189606e-06 0.00012182777 0.009111865 0.005607662 1.0233866e-05 0.0030560363 0.00014092591 8.460069e-05 9.9104895e-05 4.9195412e-05 0.0018143313 0.0012271124 4.6505043e-06 0.0143109495 0.0013663126 0.0023798323
0.9813493 0.089378886 0.023784244 0.886888 0.116082646 0.5338483 0.021892099 0.026658978 0.054935176 0.031390633 6.008888e-22 0.022172775 0.29087624 0.17480914 0.0140113635 0.006852257 0.36436486 0.27425686 0.0058396994 0.0009320371 0.00046213623 0.0014352861 0.00060666486 0.043720577 0.037716433 0.09744337 0.0049740793 0.00012003662 0.00012790193 0.0024774938 0.009941677 0.00016876955 0.0059855347 0.002362619 0.19732931 0.0026723603 0.011766625 0.0089437 0.05876212 0.0015579646 0.006590294 0.006076095 0.00049344084 0.0003969191 0.005131724 0.0030974639 0.030700257 0.0015037361 0.0033215429 0.00021608219 0.001143029 0.00095613184 0.0047197817 0.00049500185 7.20139e-05 0.016735168 6.294584e-05 0.0036594127 6.515593e-05 0.0039220774 0.002733269 0.0010162002 4.3743243e-05 0.07477637 2.2983726e-05 4.2008577e-07 0.48784202 0.0002892194 0.0021947129 2.3680368e-06 0.00041638542 0.04380925 3.0370247e-05 0.0011821333 2.7180442e-05 0.001396298 8.921866e-06 0.20130771 0.21513712 0.05000653 0.039230548 0.019690908 0.22688988 0.00027731532 0.00010489808 0.0006534747 0.00020937032 0.000116566145 0.00030362819 0.03960961 5.6797995e-05 0.0001577152 8.9481226e-05 0.1029445 0.0026802877 2.3846065e-05 0.23224153 0.027007261 0.00029661306 4.3595068e-05 0.00019118679
0.6495585 0.20179245 0.35200578 0.060639687 0.08241749 0.048278216 0.8707539 0.05063461 0.040271387 0.076870516 0.022172775 7.56327e-23 0.00086848525 0.0620989 0.008238784 0.87189454 0.003997955 0.00023334105 0.6666657 0.0072122873 0.00021339313 0.13592908 0.00024268811 0.03373623 0.0782546 6.6809414e-05 0.40851325 0.0003737049 0.0004634575 0.11947777 6.7873225e-05 0.00059414725 0.28889868 0.32226592 0.03555568 0.09086371 0.0006883991 0.041644715 7.1305044e-06 0.06552499 0.023571918 0.0014916424 0.00052967534 0.055040635 0.00051876664 0.002362228 6.5490654e-05 0.010746845 0.00022001268 0.04500694 0.012006135 0.011884146 7.4451294e-05 0.013238917 0.040844854 1.1497892e-06 6.7694426e-05 0.010880185 0.00018874437 1.2827903e-06 0.001514564 0.000100418474 0.020347716 0.006312764 0.059301075 1.1738301e-05 0.003387558 0.00409277 0.0034601348 1.4423342e-05 0.0010169292 1.9594102e-06 0.029223662 2.6844996e-06 3.0107762e-05 1.6332826e-06 1.5546116e-06 0.00062728993 0.0003550899 1.1218965e-06 2.1804979e-06 1.296561e-07 0.0022561227 0.0014991817 0.0018509637 2.2989614e-06 0.0007462069 0.00018786151 9.298516e-05 6.5936354e-07 4.407784e-05 0.0018218883 0.0005207099 4.5695106e-06 0.00022909792 2.3173357e-05 0.0021738322 6.711456e-08 0.00122544 1.5536905e-05 6.7775945e-05
0.98945427 0.011458666 0.0013218655 0.13190132 0.008662201 0.7986084 0.009065442 0.00062616455 0.00023476042 0.0002959496 0.29087624 0.00086848525 1.1484956e-18 0.29708755 2.4109007e-05 0.0006136152 0.5154803 0.84286314 0.00023776069 8.721201e-06 2.2958193e-06 8.126975e-06 4.121883e-06 0.015631542 0.03981923 0.34549475 0.00020878253 4.6887626e-06 1.0495752e-06 5.380591e-06 0.11099262 7.554934e-05 0.00023429566 0.00030366093 0.101344936 7.275681e-05 0.08847934 0.0043840897 0.35682073 5.277082e-05 0.004497241 0.051941976 2.8051963e-05 0.00018637096 0.049471103 0.01839387 0.06225758 4.3335913e-05 0.028884944 0.00016161027 0.0010960256 0.00016815166 0.032340527 0.00014387933 5.8624653e-05 0.015430332 8.026363e-07 0.0053506973 2.6470232e-07 0.0064422153 0.0073717157 0.0051814816 5.1045725e-05 0.030773884 3.1150867e-06 3.7427074e-07 0.33418685 0.00035819277 0.0038859923 5.920787e-07 0.0012647405 0.06645123 5.2444084e-06 0.0012824057 3.6744072e-07 0.0013435971 4.2011783e-07 0.17615345 0.17867567 0.06348569 0.043119784 0.020534448 0.13038929 5.2384526e-05 5.6195946e-05 0.006618218 9.685844e-05 1.3670926e-05 0.00031705704 0.019795401 8.1352655e-06 0.00044956972 0.00013152776 0.040754713 0.004878726 4.5918378e-06 0.112453036 0.022881938 0.0005214098 8.06447e-06 8.454455e-05
0.7354638 0.114077255 0.042891182 0.12703697 0.04755274 0.73733515 0.10944951 0.022904247 0.0146354865 0.027492585 0.17480914 0.0620989 0.29708755 8.7628e-18 0.0016964084 0.03138699 0.79666424 0.25330448 0.02239169 0.00016162462 3.062199e-05 0.0034804025 3.150197e-05 0.017478378 0.769088 0.19017349 0.024481058 7.91471e-05 3.4345016e-05 0.0016091084 0.20790903 0.0002203558 0.020696225 0.035586856 0.033240836 0.0068367375 0.40818948 0.08373911 0.030890513 0.006733097 0.08731585 0.37228817 4.6046054e-05 0.019142922 0.30849707 0.4234505 0.019165866 0.0003025613 0.3048392 0.019688701 0.071758226 0.00054398616 0.2432315 0.0011104738 0.009844729 0.0039356407 7.23034e-07 0.18788804 1.9182335e-05 0.0049730497 0.25954568 0.111947834 0.00733739 0.0076384223 0.0014314716 4.1562342e-07 0.025413986 0.022877825 0.10668202 1.0778971e-06 0.0006276155 0.009816903 0.0017201151 0.00186627 1.0136166e-06 0.0023721522 7.92858e-07 0.018444149 0.013492218 0.005576714 0.0048024603 0.005459252 0.007715504 6.1144274e-05 2.3775172e-05 0.032726295 0.00015515962 6.0514043e-07 4.3304142e-05 0.008018823 8.323356e-07 0.000584715 1.2559488e-05 0.0046479288 0.035012502 4.8631196e-06 0.011594788 0.005924877 0.00023740066 6.285457e-06 3.980237e-05
0.9257346 0.0042384556 0.009672775 0.024378082 0.051999666 0.0010768949 0.0042498596 0.44625318 0.35065094 0.32083645 0.0140113635 0.008238784 2.4109007e-05 0.0016964084 4.397709e-21 0.0024423064 0.00029428766 2.9993644e-05 0.007869244 0.86031413 0.5335535 0.29340068 0.41193256 0.51857316 0.0005524238 1.7548593e-05 0.011634036 0.15851153 0.34734625 0.039658543 9.234839e-06 0.17553596 0.019770356 0.001246905 0.36040905 0.01120412 3.8896032e-05 0.0011792975 2.397226e-06 0.00873719 0.00048180833 0.00013649934 0.0813674 0.0005751113 5.1704457e-05 5.7036556e-05 9.596255e-07 0.03451954 1.5247863e-05 0.00016464411 0.00037215304 0.016629927 3.8928465e-05 0.013218959 0.00011923 9.585863e-07 0.013839696 9.399112e-05 0.22995873 2.0226614e-06 0.00020454817 3.390745e-05 6.106421e-05 0.10208625 0.0017105975 0.01200353 0.015584566 0.0001617458 7.773841e-05 0.01648116 0.01152767 4.6560712e-07 0.00045953647 1.0059047e-05 0.01957993 7.3597766e-06 0.005535677 0.0012711572 0.00055353023 1.7474218e-06 1.8056509e-06 2.1585404e-07 0.0049476824 0.000102589845 0.0003953502 1.6336221e-06 4.812923e-05 0.025867485 0.023062196 1.2474859e-06 0.009533502 0.0001364979 0.000107809145 1.98933e-05 6.0961975e-05 0.018508576 0.0028364419 5.0874706e-07 0.025572784 0.009039168 0.010388269
0.32326475 0.0939381 0.14095284 0.019850712 0.026276533 0.022090524 0.6065686 0.011445915 0.01010045 0.019305503 0.006852257 0.87189454 0.0006136152 0.03138699 0.0024423064 2.975728e-22 0.0040225713 0.00020615598 0.8777882 0.0023714632 6.249377e-05 0.032446064 7.4366566e-05 0.006795692 0.05154543 5.3158743e-05 0.65474963 9.776224e-05 0.00012871761 0.077219516 6.4164444e-05 0.00011640829 0.48321566 0.6701061 0.008976641 0.15038477 0.00035774743 0.06475481 8.113261e-06 0.15989642 0.04334957 0.0010265161 6.8826186e-05 0.19438782 0.00028729948 0.0017834816 4.698178e-05 0.005190401 0.00016565826 0.17075056 0.032083165 0.0067068534 4.5384517e-05 0.008841096 0.12396844 3.1010343e-06 1.605559e-05 0.013993977 1.117017e-05 1.6273705e-05 0.0013021658 7.81702e-05 0.052604295 0.001006767 0.12702025 3.4751931e-06 0.00063481263 0.010785013 0.0040022316 4.9966384e-06 1.9506519e-05 2.4542687e-06 0.054451417 8.972669e-06 5.114813e-06 1.5716229e-05 3.8530231e-07 0.0003895159 0.00019215979 1.8295594e-06 5.541503e-06 2.3128375e-06 0.00071816857 0.0025774871 0.0031368223 8.798617e-06 0.0011681917 4.9550014e-05 8.594421e-06 6.2086046e-06 2.6782383e-05 0.002341517 0.0005222937 7.847954e-06 0.0012629646 5.168427e-06 0.00060601457 2.1703115e-06 0.00043628598 4.779321e-06 5.617082e-05
0.7463697 0.0174188 0.0041431696 0.21284005 0.033560634 0.68954736 0.020911722 0.0024785383 0.0012168976 0.0019658743 0.36436486 0.003997955 0.5154803 0.79666424 0.00029428766 0.0040225713 5.420912e-18 0.73772573 0.0013267861 8.07445e-06 2.4789388e-05 1.6055881e-05 1.8815728e-05 0.016381435 0.29354745 0.63747853 0.00088602514 3.222378e-05 1.0199842e-05 1.0324662e-05 0.54781914 0.00019141009 0.00052259414 0.0031551358 0.05120179 0.00015252802 0.47771108 0.010836614 0.10423809 0.00010453387 0.010670872 0.29068953 9.4880554e-05 0.0023155853 0.32307532 0.17693016 0.027735634 6.290983e-05 0.29498962 0.001409803 0.007411989 0.00042581456 0.21729241 0.00059805845 0.00041007283 0.005312272 3.4702634e-07 0.030238874 3.8862977e-06 0.008934161 0.074394986 0.06950202 0.00013637714 0.0071026213 2.3283721e-05 7.8732137e-07 0.033176187 0.0013424234 0.022728836 3.0593544e-06 0.0005824918 0.027216993 1.19242095e-05 0.00524927 1.5434907e-06 0.003067171 2.7808146e-06 0.034187164 0.024571834 0.0116663305 0.009141951 0.01765657 0.010049953 2.7671103e-05 1.9521332e-05 0.06137434 3.6725054e-05 7.10156e-06 0.000120842815 0.013297673 6.2618174e-06 8.2405204e-05 2.2063763e-05 0.009846245 0.013963367 2.252515e-05 0.020809129 0.0146782305 0.00049711246 1.3780777e-05 5.0973587e-05
0.8764993 0.003232551 0.00040284434 0.08793595 0.0052053193 0.37960836 0.003277018 0.00017462358 5.8598052e-05 8.897635e-05 0.27425686 0.00023334105 0.84286314 0.25330448 2.9993644e-05 0.00020615598 0.73772573 1.0633976e-17 3.460815e-05 1.7470437e-06 5.037475e-06 2.6135574e-06 4.9993077e-06 0.0048953593 0.03713527 0.7077168 6.0958886e-05 6.3032066e-06 1.4775487e-06 2.1284475e-06 0.43700466 1.4992855e-05 6.806808e-05 0.00053349376 0.034360465 1.916036e-05 0.252092 0.0024202375 0.33822215 5.2100468e-06 0.0021986428 0.1260295 1.4135658e-05 0.00016375155 0.15733968 0.043118007 0.06741218 1.5958896e-05 0.12178091 0.00015011347 0.00090547407 4.8878763e-05 0.15421756 5.8989925e-05 4.0821047e-05 0.015015529 8.548746e-07 0.0060206433 3.7930454e-07 0.010366349 0.012230704 0.01918376 1.782673e-05 0.008290307 2.585864e-06 1.6936352e-06 0.07316735 0.00018387075 0.0044586128 9.602497e-07 0.0006348117 0.08755257 2.646396e-06 0.01717794 3.1136386e-07 0.00690096 1.41057e-06 0.0791864 0.06640533 0.055198 0.049280785 0.047494773 0.036492087 3.34248e-05 1.6203738e-05 0.048387755 3.2629378e-05 7.0121546e-06 0.00016899503 0.031696107 6.236376e-06 4.509188e-05 1.8737368e-05 0.05691812 0.0027898438 2.9540308e-06 0.04624674 0.036252785 0.00041620576 8.600037e-06 3.590937e-05
0.25493076 0.046174627 0.071566485 0.017757053 0.024694491 0.01248547 0.26135802 0.022517122 0.019616058 0.038484536 0.0058396994 0.6666657 0.00023776069 0.02239169 0.007869244 0.8777882 0.0013267861 3.460815e-05 2.8122926e-23 0.0077278134 0.00017680672 0.1785261 0.00022714215 0.009065965 0.0370267 1.3198218e-05 0.80872107 0.00022127753 0.0005073645 0.46585822 1.41729815e-05 0.00048222704 0.7031084 0.55491465 0.010221992 0.30552357 0.00014844173 0.026248643 6.2009207e-07 0.29177925 0.02180297 0.0006530558 0.0002360153 0.1602972 0.0001703156 0.00072715775 8.255697e-06 0.033749003 7.439381e-05 0.11370157 0.018738443 0.038163815 2.6134812e-05 0.054135934 0.08634153 6.685422e-07 6.252363e-05 0.008751028 0.00032286797 1.297081e-06 0.00066422176 4.7090285e-05 0.04550619 0.001083555 0.18039612 8.3652185e-06 0.00018832558 0.009211675 0.0033242775 1.839854e-05 4.9518785e-05 5.571567e-07 0.06782059 2.121278e-06 2.593388e-05 4.3245855e-06 2.218019e-06 0.00022678716 9.670495e-05 7.0291566e-07 1.9009373e-06 4.3132226e-07 0.00043290667 0.0037346818 0.0043818993 1.244133e-06 0.0017289385 0.0003873841 1.4742981e-05 7.8170785e-07 0.00016332873 0.0036492206 0.0010691261 1.046937e-06 0.00065162213 3.3907803e-05 0.00018064003 1.4103084e-07 0.0038254338 1.7323962e-05 0.00011054579
0.5754173 0.0014863891 0.0062854816 0.0034643796 0.017328368 9.540063e-05 0.0033847147 0.10184724 0.19176264 0.3146116 0.0009320371 0.0072122873 8.721201e-06 0.00016162462 0.86031413 0.0023714632 8.07445e-06 1.7470437e-06 0.0077278134 1.2801683e-20 0.12692046 0.6089438 0.23792942 0.12457734 3.4277673e-05 6.1349294e-07 0.014556922 0.045557152 0.5418689 0.07685173 8.246683e-07 0.046429165 0.029688723 0.00081862154 0.06847703 0.021775112 4.400054e-06 0.00021249632 2.0696096e-07 0.01413361 0.00012500297 3.9968632e-05 0.025921647 0.0008012601 1.950639e-05 1.6673675e-05 6.483859e-08 0.114482194 5.427913e-06 0.00021124257 0.0001414319 0.055658054 5.533278e-05 0.046895843 0.00033334695 7.264251e-08 0.010421063 2.7544984e-05 0.69812226 5.261496e-08 7.067944e-05 6.101568e-06 0.0002388928 0.018736914 0.0051017264 0.01848479 0.00048668197 4.5377034e-05 3.7735765e-05 0.051818486 0.008138464 9.813447e-09 0.0011353318 4.319128e-06 0.15647577 3.142646e-06 0.005777836 1.2843895e-05 6.084357e-06 9.720544e-09 1.24590205e-08 2.6636819e-08 0.00023664454 0.00012676555 0.00035069283 2.1106996e-06 3.6720186e-05 0.27172452 0.0071080388 9.693624e-09 0.1305319 2.713835e-05 5.176554e-05 1.4059527e-08 5.354457e-05 0.11870778 4.948135e-05 1.2678318e-08 0.071079 0.08867961 0.10537463
0.8242713 0.00010472046 0.0002677075 0.0006955054 0.003341317 2.8619099e-05 0.00019579793 0.071594305 0.024388783 0.023027837 0.00046213623 0.00021339313 2.2958193e-06 3.062199e-05 0.5335535 6.249377e-05 2.4789388e-05 5.037475e-06 0.00017680672 0.12692046 1.627333e-22 0.038742974 0.8869798 0.33668196 1.5748124e-05 7.6380354e-07 0.00036395667 0.82860756 0.56082875 0.0033628857 4.5659843e-07 0.29495913 0.0008563133 1.9207579e-05 0.2131136 0.0002783094 3.4990912e-06 3.5437846e-05 1.682446e-07 7.236238e-05 1.2943386e-05 8.770537e-06 0.16395172 1.784692e-05 2.983922e-06 8.198508e-06 6.1076e-08 0.0025956866 2.5658242e-06 1.1532247e-05 6.792995e-05 0.00064998824 7.791495e-06 0.0005340206 6.1512656e-06 5.9095125e-08 0.045474764 0.00010406537 0.0864132 7.0566315e-08 0.00015347837 1.838025e-05 4.947623e-06 0.08985562 1.4473042e-05 0.043550365 0.005091519 4.3723267e-05 6.5137545e-05 0.036252744 0.010059839 6.54354e-09 7.63375e-06 5.051506e-07 0.012701411 1.2470017e-06 0.0054818 0.00010059244 7.990818e-05 2.7607191e-08 2.7187376e-08 3.0872254e-09 0.003793151 1.1255299e-05 1.5784226e-05 4.579676e-06 9.891647e-06 0.004445385 0.009547878 6.9002644e-09 0.0020469627 5.0909315e-05 1.1784197e-05 9.054191e-08 5.983271e-05 0.0106400065 0.00086214097 2.1847784e-09 0.0042652767 0.0045850207 0.0022804933
0.6636832 0.011214152 0.027783925 0.00669183 0.025065165 0.0016881132 0.018597461 0.07805847 0.30768022 0.3735793 0.0014352861 0.13592908 8.126975e-06 0.0034804025 0.29340068 0.032446064 1.6055881e-05 2.6135574e-06 0.1785261 0.6089438 0.038742974 2.228076e-18 0.03954261 0.08663804 0.00023925943 1.058241e-06 0.20236495 0.00886097 0.13457485 0.8265909 4.754805e-07 0.020239778 0.32915604 0.0028920367 0.04562648 0.17793936 4.5158395e-06 0.0012276215 6.51368e-07 0.13635783 0.00079763297 2.4796385e-05 0.004545818 0.0017111301 1.2882758e-05 1.6103173e-05 4.231666e-07 0.41458204 9.787685e-06 0.0011327356 0.00062590867 0.2797738 8.421823e-05 0.29060936 0.001865368 1.3098493e-07 0.002015937 8.055857e-05 0.51508373 4.849223e-07 6.516376e-05 9.051713e-06 0.0018392829 0.013289193 0.04736885 0.0012663917 0.00056082476 0.00010987795 7.1444694e-05 0.020723356 0.0035737513 6.795532e-08 0.013382167 2.9435191e-06 0.036470585 3.0581411e-06 0.0010025499 8.3016435e-05 5.1308063e-05 1.0138627e-07 1.8344925e-07 2.1447555e-07 0.0008307291 0.0013098449 0.005288395 9.551922e-06 0.0006109127 0.21662742 0.0030448579 8.8554906e-08 0.05366184 0.00052689784 0.00057933544 7.8909983e-07 2.5182573e-05 0.02881696 0.00036020752 7.6124635e-08 0.09835106 0.014854207 0.026390873
0.73580456 0.00018110042 0.000501794 0.001052739 0.0035394684 3.8193404e-05 0.00031888223 0.044651177 0.020177627 0.020031247 0.00060666486 0.00024268811 4.121883e-06 3.150197e-05 0.41193256 7.4366566e-05 1.8815728e-05 4.9993077e-06 0.00022714215 0.23792942 0.8869798 0.03954261 3.9981306e-21 0.20092024 3.4040582e-05 7.0065624e-07 0.0004150812 0.63564146 0.877253 0.003151111 6.2302564e-07 0.20723793 0.0007015031 4.113725e-05 0.117559604 0.0004278154 5.376923e-06 0.000110512156 3.0751573e-07 0.00019593113 8.3758474e-05 1.4870732e-05 0.123479344 6.037374e-05 4.1954067e-06 2.3019064e-05 3.7308883e-08 0.0055183913 5.0787476e-06 3.328179e-05 0.00012179883 0.0014179889 2.5035619e-05 0.0009390014 2.1817033e-05 6.9271294e-08 0.09435905 0.00014920544 0.17403263 7.401015e-08 0.00024705497 5.1130555e-05 1.3779041e-05 0.06531777 4.018511e-05 0.13868383 0.002242083 7.819972e-05 0.00018244945 0.08433255 0.010960569 2.3675952e-09 1.1119875e-05 2.0525533e-06 0.03580731 2.5983675e-06 0.014752369 1.35265855e-05 2.4472794e-05 1.0573388e-08 1.4752057e-08 6.1321206e-09 0.0016291905 1.4326064e-05 2.6373424e-05 6.5162676e-06 1.30000435e-05 0.010747783 0.013153322 1.024048e-08 0.0042615114 6.152243e-05 1.8965346e-05 1.0197502e-08 8.3528175e-05 0.023744771 0.00020535852 3.3463743e-09 0.005696111 0.012800687 0.0059091104
0.98565996 0.08516563 0.14915591 0.055703864 0.25148135 0.087382816 0.014370763 0.5473808 0.30406758 0.19135134 0.043720577 0.03373623 0.015631542 0.017478378 0.51857316 0.006795692 0.016381435 0.0048953593 0.009065965 0.12457734 0.33668196 0.08663804 0.20092024 1.0731119e-18 0.0048395293 0.0013259917 0.004753414 0.26939204 0.109047346 0.009755322 0.0001095634 0.43054312 0.0054126107 0.0013126092 0.7396837 0.0033550884 0.000757229 0.0037289164 0.00092282373 0.0033796395 0.003176119 0.0007964722 0.18804213 0.0007347109 0.00080471725 0.00036597683 0.0023750553 0.004567067 0.0016792747 0.00070731185 0.0024364195 0.0035007054 0.004873153 0.0028381532 0.00025666266 0.0021920667 0.019696105 0.009573047 0.032146387 0.0014103106 0.0057383315 0.0015414983 0.00026373088 0.6903117 0.0011393862 0.0017483772 0.20558728 0.00229413 0.03344364 0.004731641 0.080896325 0.0062607797 0.0029609613 0.00019324831 0.0036875315 0.00040331445 0.0022746797 0.019537967 0.00978202 0.008759424 0.0075128744 0.0039276807 0.068582855 0.0017437075 0.0014428701 0.0023794614 0.0020135737 0.0026328228 0.015667856 0.00513202 0.0015634702 0.002678632 0.0011004169 0.007915827 0.013677056 0.001888832 0.029169338 0.0030375794 0.0041949414 0.002304881 0.0028279782
0.40772608 0.054607425 0.022642383 0.038139436 0.013608944 0.30330244 0.08482528 0.002889094 0.0038187671 0.0067325 0.037716433 0.0782546 0.03981923 0.769088 0.0005524238 0.05154543 0.29354745 0.03713527 0.0370267 3.4277673e-05 1.5748124e-05 0.00023925943 3.4040582e-05 0.0048395293 1.0104554e-18 0.043907665 0.03213447 3.9074344e-05 2.121095e-05 0.0005575605 0.047281813 3.099386e-05 0.022997783 0.11238416 0.010336706 0.0068245763 0.4400878 0.5288843 0.0047458406 0.006794424 0.5279255 0.5863142 4.1794156e-05 0.067214176 0.3741021 0.68844897 0.0019245103 0.00013549211 0.3201305 0.06924207 0.40138638 0.00021750835 0.052440315 0.00043989928 0.021445166 0.00034151366 2.8146342e-05 0.5496556 6.0202033e-06 0.00062210957 0.60036594 0.35528693 0.0090388395 0.0008471796 0.0002798181 1.0005026e-06 0.0020188275 0.08100801 0.46035084 8.6252237e-07 0.00012973965 0.00035849644 0.00044083263 0.00014733685 5.4678014e-07 0.00023796347 2.7999658e-05 0.0025022482 0.002173661 0.00019449224 0.00016604007 0.00013328367 0.0019278886 0.00087162043 6.971909e-05 0.008471707 0.0017170951 1.3224038e-06 4.2119216e-05 0.00010020973 2.5536572e-06 0.0032106356 0.00016369126 0.00014601636 0.17756577 2.6983007e-06 0.0031907826 3.5714154e-05 4.016239e-05 8.195961e-06 3.4494926e-05
0.61392826 0.001106172 9.9604615e-05 0.018450283 0.0006559336 0.2021745 0.0013635029 2.3893435e-05 1.2522495e-05 2.0079058e-05 0.09744337 6.6809414e-05 0.34549475 0.19017349 1.7548593e-05 5.3158743e-05 0.63747853 0.7077168 1.3198218e-05 6.1349294e-07 7.6380354e-07 1.058241e-06 7.0065624e-07 0.0013259917 0.043907665 4.193527e-19 7.869096e-06 8.0001354e-07 3.4417997e-07 5.2728916e-07 0.95525277 1.648768e-06 9.50466e-06 3.9631996e-05 0.006046516 2.2292306e-06 0.31603932 0.00078684336 0.4013109 6.138417e-07 0.0006027568 0.1143107 4.068424e-07 1.4282316e-05 0.16842589 0.038888413 0.044971574 6.881047e-06 0.122065835 2.9965795e-05 0.00021781347 1.0342934e-05 0.31064004 1.4396875e-05 6.6851953e-06 0.0069104866 7.5086325e-07 0.0010563233 4.0225785e-07 0.0075307717 0.008234448 0.022025097 2.1973945e-06 0.0015136226 2.1328273e-07 4.5350941e-07 0.01758235 6.69772e-05 0.0008980777 8.378902e-08 5.695975e-05 0.04442811 7.91112e-08 0.012645289 2.8965605e-08 0.003284344 1.4609881e-06 0.036554564 0.03190777 0.013920945 0.012278188 0.02948886 0.0072255875 8.381991e-07 6.511692e-07 0.09496063 1.797809e-06 6.2946737e-07 9.4179544e-05 0.019297473 5.3205656e-07 3.5083333e-06 2.568556e-06 0.01640093 0.0023389102 3.1925023e-07 0.018692559 0.020476643 2.649041e-05 5.994385e-07 1.9265246e-06
0.22489615 0.028600322 0.045488656 0.009305951 0.017327087 0.018064454 0.1410955 0.01702289 0.031437118 0.05111403 0.0049740793 0.40851325 0.00020878253 0.024481058 0.011634036 0.65474963 0.00088602514 6.0958886e-05 0.80872107 0.014556922 0.00036395667 0.20236495 0.0004150812 0.004753414 0.03213447 7.869096e-06 3.2486351e-21 0.00017614126 0.0007624565 0.6354018 6.5445047e-06 0.00026221358 0.92272615 0.54786754 0.0050988393 0.53335243 2.6846647e-05 0.013936394 6.1061323e-06 0.5118499 0.010534285 0.00021108206 5.152627e-05 0.13189064 6.592265e-05 0.00023662785 1.0319484e-05 0.0959481 3.1890944e-05 0.0804604 0.010803178 0.07809906 4.3996493e-05 0.12370616 0.07665368 8.4406537e-07 0.00014473699 0.0039042854 0.0006283051 6.007998e-06 0.00040432383 4.2641277e-05 0.04315881 0.0007843149 0.25321105 1.4967125e-05 0.0001806607 0.009297054 0.0009487051 4.8344158e-05 9.77994e-06 8.6705927e-07 0.102964185 4.539181e-06 2.7599888e-05 1.720983e-05 3.956106e-06 0.00029046353 0.000116467585 1.2728694e-06 2.5623247e-06 1.8496063e-06 0.0005496256 0.006677492 0.013977497 6.475029e-06 0.004346721 0.00047093257 2.4559746e-05 1.5597382e-06 0.0002370744 0.01005327 0.0037684217 1.503282e-06 0.00041795988 5.1811916e-05 0.00019309466 4.757767e-07 0.0061312383 2.3261171e-05 0.00015633107
0.83037716 0.00022923933 0.00062261854 0.00028013106 0.00091132993 2.4853798e-05 0.0005645523 0.028254405 0.018880526 0.01354059 0.00012003662 0.0003737049 4.6887626e-06 7.91471e-05 0.15851153 9.776224e-05 3.222378e-05 6.3032066e-06 0.00022127753 0.045557152 0.82860756 0.00886097 0.63564146 0.26939204 3.9074344e-05 8.0001354e-07 0.00017614126 9.039016e-21 0.42041484 0.0005955933 5.8619e-07 0.8215189 0.00020053658 8.331627e-06 0.15253304 6.638192e-05 9.413365e-07 1.3082464e-05 3.635338e-07 1.8812858e-05 7.3757483e-06 6.698667e-06 0.8300507 2.0776883e-05 5.372438e-06 2.254064e-05 1.5608012e-07 0.0005467526 1.3397828e-05 2.3570767e-05 7.87609e-05 0.0001944047 2.331912e-05 0.00015995336 5.7252446e-06 1.16395675e-07 0.45407966 0.00011929596 0.035675254 1.8483976e-07 0.00037802113 3.9313152e-05 7.547391e-06 0.10423991 4.2806882e-06 0.18011446 0.0069709327 7.610994e-05 0.000120861136 0.03820939 0.0238192 7.6232446e-08 8.066392e-06 3.2401306e-07 0.008585734 1.2146824e-06 0.01449997 0.00021903249 0.00012448477 4.801366e-07 4.270227e-07 5.0367735e-08 0.0074039456 1.8640127e-05 1.6870685e-05 4.598622e-06 2.51153e-05 0.00114531 0.010492064 8.185789e-08 0.000774998 0.00011590814 2.1818028e-05 3.671661e-07 3.932609e-05 0.004349087 0.0016886381 1.9857955e-08 0.0016177712 0.0017756241 0.0012985906
0.7534449 0.000101980186 0.00046552945 0.00063800375 0.002149977 2.9741566e-05 0.0002776535 0.023837693 0.025141403 0.03176186 0.00012790193 0.0004634575 1.0495752e-06 3.4345016e-05 0.34734625 0.00012871761 1.0199842e-05 1.4775487e-06 0.0005073645 0.5418689 0.56082875 0.13457485 0.877253 0.109047346 2.121095e-05 3.4417997e-07 0.0007624565 0.42041484 2.9781384e-20 0.0044934535 1.3357646e-06 0.099675246 0.0021542255 5.447986e-05 0.06071208 0.0011601308 1.0038922e-05 0.00032642065 7.2272235e-07 0.000599378 0.00030068497 0.00011108646 0.092858344 5.218319e-05 4.359711e-05 0.000108523185 1.8180462e-07 0.0086092865 9.239292e-05 5.538336e-05 0.00013041674 0.0034923854 0.00016986109 0.00226513 4.272183e-05 3.5513235e-08 0.15756625 0.00022126759 0.66165197 5.729248e-08 0.00054357905 0.00014876599 2.7454456e-05 0.029326374 5.852505e-05 0.8041697 0.00033715897 8.79879e-05 0.00088534947 0.5354003 0.011621396 3.536667e-09 5.5862547e-06 8.302573e-06 0.39897233 6.9212133e-06 0.043658435 1.3012093e-06 1.7354479e-06 7.974015e-09 9.53888e-09 6.016911e-09 0.00030391035 1.8162023e-05 2.0976055e-05 1.3774391e-05 1.6540276e-05 0.07125767 0.019325431 5.7970553e-09 0.04104008 6.947087e-05 2.08477e-05 1.4069472e-09 4.7251924e-05 0.21015152 1.0583384e-05 2.834608e-09 0.018528314 0.13736863 0.05912201
0.4142209 0.007817448 0.01430509 0.005506844 0.012427333 0.0011857401 0.027328838 0.044453703 0.08289002 0.12183978 0.0024774938 0.11947777 5.380591e-06 0.0016091084 0.039658543 0.077219516 1.0324662e-05 2.1284475e-06 0.46585822 0.07685173 0.0033628857 0.8265909 0.003151111 0.009755322 0.0005575605 5.2728916e-07 0.6354018 0.0005955933 0.0044934535 1.1721699e-20 2.8656459e-07 0.0010078031 0.7621804 0.010438828 0.0072893393 0.5674936 6.5463985e-07 0.001586527 2.2367617e-07 0.5394949 0.0013101661 7.9327065e-06 0.00028878613 0.0046753297 4.4866274e-06 9.503246e-06 1.4759131e-07 0.6855063 4.1101616e-06 0.0024345198 0.0011625142 0.517693 1.6453305e-05 0.5791425 0.0032274714 1.729484e-07 0.00015888562 0.00020109156 0.044539887 1.1802152e-06 4.6500896e-05 1.3471139e-05 0.0028452538 0.0016904274 0.2000915 4.1040224e-05 4.5659497e-05 0.00041894475 0.00029126465 0.00030619846 6.5285305e-05 1.3806565e-08 0.04359284 5.0774984e-06 0.00056012534 1.1182407e-05 1.0557808e-05 2.1240769e-05 8.244053e-06 2.0880101e-08 6.04565e-08 2.5549642e-07 0.0002564119 0.002257145 0.00939628 1.4036538e-06 0.000953262 0.037899155 7.222322e-06 6.457226e-08 0.0052664094 0.0018199572 0.0010493455 2.638703e-07 5.6278594e-05 0.0013226871 0.00012981602 3.9135706e-08 0.05361355 0.00072645425 0.0025552078
0.21160097 0.0002783447 3.6629564e-05 0.002509872 9.2577786e-05 0.076352015 0.00049405417 8.498418e-06 7.3311744e-06 1.3164365e-05 0.009941677 6.7873225e-05 0.11099262 0.20790903 9.234839e-06 6.4164444e-05 0.54781914 0.43700466 1.41729815e-05 8.246683e-07 4.5659843e-07 4.754805e-07 6.2302564e-07 0.0001095634 0.047281813 0.95525277 6.5445047e-06 5.8619e-07 1.3357646e-06 2.8656459e-07 1.3326441e-18 3.3385837e-07 6.875288e-06 1.614914e-05 0.00059645245 1.8494777e-06 0.6780232 0.0017977731 0.19741896 1.3455467e-06 0.001694992 0.37040383 3.1498877e-07 1.2710783e-05 0.53289074 0.1371984 0.0093195755 4.765939e-06 0.5061949 1.8381459e-05 0.00013223168 1.1439143e-05 0.6453046 1.7615968e-05 7.766813e-06 0.0025828858 1.3310355e-06 0.0010453138 6.1998685e-07 0.00415613 0.021562751 0.10380841 1.6963605e-06 0.00031341193 1.1964316e-07 4.4490912e-07 0.0020361745 3.4686855e-05 0.0012214216 2.3568609e-07 1.3146486e-05 0.005912194 5.276158e-08 0.023524037 1.1948775e-07 0.0061167115 9.2162793e-07 0.002864079 0.0020341785 0.0012299336 0.0009808354 0.0036693637 0.0011041694 1.0549298e-06 1.2651469e-06 0.28099653 2.908929e-06 9.796729e-07 1.6927623e-05 0.0030585774 3.3759104e-06 1.0846022e-05 4.3112227e-06 0.0017061426 0.0021817877 1.5143256e-06 0.00451192 0.002716452 2.9924417e-05 3.7431948e-06 9.8947885e-06
