2.8103137e-27 0.00032756888 0.05304125 0.01839994 0.01821474 0.00096363766 0.0010716008 0.26561204 0.17734413 0.06339135 0.5151384 0.80486274 0.007573601 0.975795 0.009578039 0.2862462 0.001809864 0.0008941866 0.3024868 0.006899059 7.667298e-06 0.24136451 0.66696584 0.009943982 0.7400843 0.0011872009 1.6779324e-05 0.8758459 0.012448103 0.7840856 0.000711268 0.4786853 0.87705517 0.9464983 0.92368776 0.7802682 0.44936284 0.73246115 0.7592339 3.5063197e-06 0.7685659 0.7974444 0.8558672 2.821841e-06 3.826457e-05 0.41105726 0.14509968 0.9254189 0.93216705 0.6003073 0.16469342 0.85353756 0.7817311 0.79917175 0.81739885 0.07476596 0.0008838574 0.0594723 0.9665803 0.8544071 0.9122781 0.8058936 0.056779128 0.020533495 0.0788683 0.0025476466 0.8252413 0.71128994 0.9346711 0.2519736 0.47855088 0.78403115 0.81577533 0.7783691 0.92381495 0.9839947 0.90223116 0.9404044 0.015259874 0.09090338 0.90183574 0.9846376 0.99157596 0.7562094 0.9982537 0.99904406 0.8177908 0.91155756 0.9881644 0.37878215 0.9908093 0.25514442 0.9994089 0.99935067 0.9977196 1.9283676e-05 0.047387514 0.51747024 0.49880326 0.99645966 0.99996144
0.00032756888 1.1457995e-19 0.8448243 0.7169507 0.89187855 0.89011115 0.85547936 0.06612131 0.18369937 0.16740873 0.0071340823 0.0034179273 0.033486463 0.0008905531 0.023651611 0.016543614 0.0047705304 0.0024356865 0.0004625889 0.0014502796 0.026008824 0.00022495579 0.0005832464 9.5759955e-05 0.00017726459 0.05521284 0.000533007 0.00010169339 4.480524e-05 7.543947e-05 0.0014070943 4.6229357e-05 1.0864075e-05 2.4988769e-05 6.282553e-07 3.2019703e-05 1.1625978e-05 6.099509e-06 7.903634e-06 7.043863e-06 3.541983e-07 4.6221732e-07 5.3759875e-05 0.01523958 1.2012398e-06 5.871325e-06 6.9111675e-06 0.00039255628 1.7093369e-05 2.994387e-06 9.247353e-06 1.15436144e-07 1.1638159e-05 6.1885466e-06 9.985375e-06 2.5371273e-05 0.0016423983 7.438898e-07 4.4244338e-08 2.0513528e-07 0.0028568488 7.3686366e-05 2.4711258e-07 1.3838117e-05 6.6212638e-06 6.571729e-06 9.1982256e-05 4.789e-07 1.568049e-05 6.108264e-06 5.8121386e-06 2.7617685e-07 7.927585e-06 2.4807443e-06 3.0347808e-05 1.5532602e-06 2.746341e-07 0.00012299893 3.0982508e-05 2.3755454e-05 1.7706972e-05 1.6421422e-05 4.7115038e-05 9.911623e-05 1.4438692e-06 9.888199e-07 0.00010474653 1.0557284e-05 0.00011143077 7.417787e-07 7.5226315e-05 5.0108015e-06 3.7377886e-05 1.7989316e-05 3.5759885e-07 0.00013099836 5.1357233e-08 8.731208e-07 1.713993e-08 1.431103e-07 0.00048233723
0.05304125 0.8448243 1.7684325e-18 0.97509223 0.4984866 0.45024088 0.38686273 0.8318805 0.4406305 0.05528439 0.7646049 0.3937936 0.19313428 0.31846094 0.00014514793 0.0030350962 6.337709e-06 0.009496783 0.24072634 4.989986e-06 0.0025759563 0.108629815 0.008244117 4.5552198e-07 0.057157923 3.845522e-06 0.00013893902 0.11035441 3.4779364e-07 0.044542648 0.000115814764 0.00024834287 0.024944408 0.043767422 0.020665407 0.0075459555 0.00012041268 0.011362742 0.025515871 1.04794135e-05 0.015727535 0.018573811 0.00080624054 7.862608e-06 2.914641e-06 0.00022664966 6.968386e-07 0.0013093323 0.0012517952 0.0011001615 0.00020792888 0.0010441676 0.0018659256 1.5807107e-05 0.0010373582 8.019122e-06 3.1644317e-06 2.1360844e-05 0.0007198502 0.00083328877 8.139259e-05 0.00045366996 6.489165e-05 1.1924414e-05 7.372605e-06 2.2835084e-06 0.00031507306 0.0011553048 0.0005945653 2.3001364e-06 2.0082412e-05 4.8072856e-05 0.00010217898 0.00054926955 0.00046212348 0.00083148124 0.00015412946 0.00014466178 4.0199e-06 8.642409e-07 0.0005293739 0.00031024008 0.0012298948 0.00010974223 0.0007346034 0.0009024021 0.0002206016 9.041952e-05 0.0005582476 5.8554665e-08 0.0008136406 1.1487491e-06 0.0019119016 0.0007387794 0.00017901664 3.4727e-07 1.5307512e-07 3.2182945e-06 1.0504308e-07 3.284079e-05 0.0008592799
0.01839994 0.7169507 0.97509223 9.192023e-19 0.13245328 0.75342005 0.68119913 0.37773332 0.16713181 0.00887107 0.42121413 0.12192468 0.65049297 0.100879535 2.4771496e-05 0.00073496206 3.629664e-07 0.093500525 0.113184206 5.798328e-07 0.030265585 0.10825901 0.0012807618 3.2740232e-08 0.007607453 1.2040859e-07 0.002990455 0.049041864 6.325825e-08 0.0043149414 0.0030281143 6.6266686e-05 0.02041735 0.01163694 0.006180199 0.00023447916 9.43333e-06 0.0005037644 0.0012584078 0.00033710254 0.000836531 0.0019639602 3.47798e-05 3.5607277e-06 2.7771695e-05 0.00050629367 9.855474e-07 0.0002038568 7.244448e-05 0.0011196162 0.00015807523 2.8267177e-05 0.00016848698 2.5466993e-06 7.049445e-05 1.8326452e-06 1.4590061e-05 3.2347863e-05 6.487184e-05 0.00027883754 5.5306777e-05 2.3459535e-05 4.244515e-05 7.159512e-06 8.317283e-06 6.5380823e-07 1.8012404e-05 8.316564e-05 6.7927554e-05 1.5980319e-06 2.5493891e-06 5.4443086e-07 9.465862e-06 1.0791298e-05 4.864003e-05 0.00027846894 4.3139764e-05 2.5508592e-05 1.3384661e-05 1.4940719e-06 0.0004061948 9.765946e-05 0.0008143044 3.5479945e-05 0.00053995126 0.00036063342 0.00016602597 0.00015337447 0.0004770771 1.4475732e-07 0.0004954033 2.6902221e-06 0.0006607834 0.00063127873 0.00017221972 4.258121e-07 2.444957e-06 8.73886e-06 4.319546e-07 1.1550927e-05 0.00050273084
0.01821474 0.89187855 0.4984866 0.13245328 6.01326e-17 0.017520193 0.00865106 0.59234416 0.93943757 0.96680236 0.12016978 0.19042417 0.004038279 0.050284874 0.054140225 0.14902851 0.006830413 0.000115385694 0.029169811 0.0060636285 6.053633e-05 0.0063046413 0.13849163 0.0019875523 0.06183383 0.002396105 4.1844182e-06 0.012493015 0.00064269785 0.043003954 1.2536176e-05 0.01703104 0.00034112146 0.018106218 0.0007993067 0.013261454 0.002882617 0.022578351 0.0028612919 1.246402e-07 0.0021713083 0.0039167004 0.0068464763 8.9560366e-05 2.7621782e-08 4.8785605e-06 0.00012644885 0.010377342 0.0012185577 2.0633704e-05 4.002848e-05 4.119677e-05 0.0007285141 0.00077134627 0.00076721876 0.00011218239 2.371713e-05 3.2063351e-06 9.422892e-06 1.7363907e-05 0.0066293897 0.0016123671 6.3946055e-07 4.4975368e-05 4.673927e-06 7.4810973e-06 0.0010261779 1.345908e-05 0.00023684413 0.00016331082 7.09332e-05 0.00015378135 4.877865e-05 7.620116e-05 0.00010675544 6.645309e-06 3.8131334e-06 0.00054293865 2.1113774e-05 3.367809e-05 2.4554336e-05 7.090513e-05 0.00011287188 0.0008979621 3.1915344e-05 2.3194472e-05 0.0006668211 7.093374e-05 0.0002302147 8.21735e-06 0.0001394872 4.292783e-07 0.0002081799 9.077514e-05 1.5864618e-05 9.325024e-07 1.4021754e-06 1.8653713e-05 1.4307924e-06 1.0354491e-05 0.00012094208
0.00096363766 0.89011115 0.45024088 0.75342005 0.017520193 2.8882637e-19 0.9406875 0.07916469 0.015091573 0.00019141263 0.10552392 0.009159636 0.42195788 0.009345164 3.0080166e-06 0.00015855112 1.9081872e-07 0.02359766 0.019233711 1.6052527e-07 0.02713585 0.01853644 0.00035096516 1.11781304e-07 0.0015594935 6.7101604e-07 0.0008102009 0.0037348722 4.642769e-07 0.0009246521 0.0013561952 9.134943e-05 0.0026952776 0.00067121803 0.0001544093 9.9218276e-05 1.3550858e-05 0.00014665189 0.00026283148 2.1960735e-05 0.00014343912 6.527983e-05 0.00010746465 6.215204e-06 9.989466e-07 0.0006325401 2.4448684e-06 0.00016931945 7.7379234e-05 7.5074095e-05 0.00020861991 8.513701e-06 4.662701e-05 2.0033194e-05 8.804821e-06 1.8384402e-05 2.087003e-06 5.2392523e-05 2.5690265e-06 2.6307107e-05 0.0003805929 5.92736e-06 6.212541e-05 2.5566946e-05 2.164727e-05 4.3125607e-07 4.1377298e-05 9.820558e-06 2.72036e-05 7.1316335e-06 1.23353375e-05 4.859573e-06 2.062253e-05 4.180105e-05 0.00012744572 3.1509397e-05 3.6175911e-06 0.00015434246 3.650637e-06 5.6535646e-06 8.0599835e-05 3.777177e-05 0.00013303921 9.139405e-05 4.192669e-05 1.891194e-05 0.0002960707 9.284578e-05 0.0001180927 1.6068449e-06 0.00021239725 2.1918042e-06 0.00021715889 9.5982316e-05 2.1311947e-05 3.656766e-08 4.767781e-06 5.3882372e-06 3.613262e-07 7.020344e-06 0.00024768442
0.0010716008 0.85547936 0.38686273 0.68119913 0.00865106 0.9406875 2.6299056e-18 0.035868343 0.0035925265 6.7483e-05 0.062503524 0.0035813 0.7086992 0.0049477112 5.0357335e-07 3.480661e-05 4.4071342e-08 0.12698793 0.013877044 3.6486494e-08 0.1764125 0.029335704 4.9796392e-05 3.0557093e-08 0.00064525235 1.218521e-07 0.0036369236 0.0034167084 6.254286e-08 0.00017065964 0.0031952227 0.00013881054 0.0056204014 0.00044308338 0.00014367446 3.0355133e-05 7.80145e-06 3.4095654e-05 5.764228e-05 0.00010606689 2.769967e-05 2.0243799e-05 6.200613e-05 6.8278046e-06 8.207357e-06 0.002279232 1.4660379e-06 8.9363966e-05 7.530664e-05 0.00022188335 0.0007009774 1.5328511e-06 3.8874416e-05 2.9713045e-05 1.4703216e-05 6.3743937e-06 1.0349647e-06 0.00017366234 7.873612e-07 3.398129e-05 0.0002846741 6.7889637e-06 0.00016839284 4.9660453e-06 9.6116964e-05 1.1974464e-07 3.4229197e-05 2.6446148e-06 2.9407318e-05 4.9416913e-06 9.506156e-06 6.07683e-06 1.21923595e-05 4.5920087e-06 6.608235e-05 7.0455535e-05 2.4995477e-06 0.0001158278 6.5931573e-07 7.293931e-07 0.00013013286 1.5197082e-05 8.2052626e-05 9.663405e-05 6.746325e-05 6.6495436e-06 0.00014269375 7.160738e-05 6.603919e-05 5.9749624e-07 9.068256e-05 1.1616646e-05 4.7066358e-05 0.00022964852 4.856455e-06 2.4589637e-08 1.7651468e-05 1.2880099e-06 1.9500465e-06 1.1623367e-06 4.318846e-05
0.26561204 0.06612131 0.8318805 0.37773332 0.59234416 0.07916469 0.035868343 1.0121462e-16 0.83228517 0.23565167 0.8370014 0.97400063 0.09029791 0.7335438 0.0014825045 0.003719774 0.00012044001 0.0099270195 0.1781482 0.00031292808 0.0008741719 0.07972723 0.012417459 9.765219e-05 0.1234715 9.5142417e-07 0.0003327032 0.098967865 1.5351168e-05 0.048007485 0.000591454 0.0019425042 0.019537212 0.18908232 0.025673436 0.022091692 0.00052781944 0.02245373 0.02901687 1.9102448e-05 0.020735988 0.037580784 0.003149487 1.4065415e-06 4.8910824e-06 0.00014032779 3.2678909e-06 0.011402249 0.0125962 0.0020103147 0.00034077873 0.004957878 0.00545667 5.4404994e-05 0.0055178283 5.3475775e-05 6.6820785e-06 3.384229e-05 0.0039432445 0.0036231154 0.0008854596 0.0023533541 9.040498e-06 0.00013992221 1.6393788e-05 6.641878e-07 0.0018494435 0.003344419 0.0022429095 2.5340538e-05 1.3583801e-05 3.5933692e-05 0.001949973 0.0034941775 0.001633472 0.0023840098 0.0022926282 0.0013068991 1.2823138e-05 5.3747085e-06 0.00015797863 0.0011195244 0.0066746147 0.00043235213 0.002720565 0.0020538154 0.00085002376 0.002450243 0.002429446 4.718098e-06 0.0070611797 1.3842447e-05 0.002735599 0.0007975036 0.0017028304 1.1362126e-08 1.6306842e-05 8.0672355e-05 5.968673e-06 0.00042371926 0.0018717053
0.17734413 0.18369937 0.4406305 0.16713181 0.93943757 0.015091573 0.0035925265 0.83228517 9.143067e-18 0.92685103 0.16904108 0.7960731 0.005327703 0.22909935 0.030691914 0.3456443 0.004327717 0.00033942374 0.027948009 0.005076632 9.312468e-05 0.0051445425 0.40446085 0.0012986413 0.3737239 0.00022063419 6.332903e-05 0.014521003 0.00045549052 0.24248241 0.0002966385 0.03130295 7.824865e-05 0.14695065 0.0028940507 0.092995636 0.0065475265 0.13199173 0.011088457 9.490441e-06 0.008726119 0.024227947 0.034131277 5.093301e-05 3.485825e-06 5.3431145e-06 9.834021e-05 0.07007165 0.019767223 0.00023118516 6.2400264e-05 0.0016049444 0.014098669 0.0005994357 0.012676018 0.00019562211 2.9035842e-05 1.2113456e-05 0.0011231491 0.00023230434 0.031298142 0.0106577175 1.6237266e-06 0.00022443978 1.1785581e-05 0.00016794702 0.0073423637 0.000322479 0.004403696 0.00010921538 0.0004813908 0.0017035272 0.0025314372 0.0011656577 0.00271152 0.00013547584 0.0018398165 0.0038972062 0.000103947146 0.00010655791 0.00012944837 0.002792961 0.0020268848 0.0013353596 0.0006608635 0.0012100853 0.0019979267 0.0034969696 0.005324642 5.163015e-05 0.0040012565 1.9849675e-05 0.004100746 0.00042942856 0.0033984594 8.443472e-07 5.6566523e-07 0.00025296872 5.5260114e-07 0.0017318075 0.006911663
0.06339135 0.16740873 0.05528439 0.00887107 0.96680236 0.00019141263 6.7483e-05 0.23565167 0.92685103 7.1423265e-21 0.025058294 0.15535092 0.00011649536 0.028980996 0.42844093 0.7590837 0.0939857 4.53565e-06 0.0026776395 0.075895324 1.4535834e-06 6.258472e-05 0.6432078 0.019437157 0.24122718 0.007365567 4.1820823e-07 0.0011171568 0.009775297 0.19373554 6.6964867e-07 0.16701022 8.129735e-06 0.03023576 0.00014280471 0.046276394 0.026493797 0.09811757 0.004573145 2.900082e-08 0.0040281652 0.006034689 0.042183295 0.000120103374 5.4280034e-09 8.074277e-07 0.0007013338 0.039662432 0.0020196824 7.250184e-07 7.3810115e-06 0.00023133117 0.0018670177 0.0033765323 0.0022963637 0.00040551342 1.4025092e-05 1.738402e-07 0.00021163336 3.1776958e-06 0.03339919 0.0027652278 1.7626738e-07 0.0001525606 1.4536978e-07 1.450178e-05 0.0024846985 1.1172802e-05 0.000405928 0.00053262827 0.0002863421 0.0009552678 0.00024470937 0.000375882 0.00048132605 8.089538e-07 6.668052e-05 0.00076433044 4.5406858e-05 0.00010972276 1.176407e-06 0.00046475098 0.0002765708 0.00076571625 2.8172579e-05 9.7081596e-05 0.00070930755 0.00019463974 0.00076632487 4.5231034e-05 0.00063824176 3.454274e-08 0.0009893347 3.308107e-05 0.00013034661 7.441988e-06 3.411988e-07 0.00012573444 1.523038e-07 0.00016223088 0.00059803505
0.5151384 0.0071340823 0.7646049 0.42121413 0.12016978 0.10552392 0.062503524 0.8370014 0.16904108 0.025058294 8.092313e-17 0.66431326 0.3653528 0.96791583 0.00012335886 0.00011031536 6.9245897e-07 0.042800914 0.7417344 6.0391963e-06 0.0029081888 0.39440125 0.0011946069 4.4162033e-07 0.0462576 1.590822e-07 0.0029736217 0.46953145 1.5145372e-07 0.0140392585 0.0044245 7.72984e-05 0.12726907 0.19979237 0.13889654 0.004688369 8.421931e-06 0.0027206533 0.054104578 0.0001208767 0.040369414 0.060015306 8.742606e-05 1.2579314e-07 3.1943175e-05 0.00054936385 1.4874192e-07 0.0014716347 0.0055593997 0.022451341 0.0015716925 0.008705663 0.0022735184 1.2426235e-06 0.0012897099 2.5671627e-06 1.9450354e-06 0.0007377275 0.0040525245 0.044603843 1.8567614e-05 0.00030133055 0.00044597246 6.3124107e-06 0.0003172833 1.8868593e-07 0.00013309593 0.023270903 0.0016376968 1.9682257e-06 3.496017e-07 5.7145934e-07 0.0006381231 0.009501589 0.0013667791 0.021641279 0.0006191776 9.5387535e-05 2.435411e-06 5.539762e-07 0.001619287 0.001069763 0.019430436 3.8232327e-05 0.019201225 0.016455991 3.3872253e-05 0.0010979556 0.0012461513 9.926559e-07 0.012548175 2.5318679e-05 0.008809077 0.0089795 0.0010567001 2.2573369e-08 5.6182493e-05 6.181156e-06 1.67767e-05 2.196107e-05 0.0018519585
0.80486274 0.0034179273 0.3937936 0.12192468 0.19042417 0.009159636 0.0035813 0.97400063 0.7960731 0.15535092 0.66431326 1.6527868e-18 0.04418351 0.9447511 0.000746309 0.0035180196 5.117558e-05 0.0026897467 0.10040864 0.00018010626 9.128647e-05 0.030278524 0.03775846 7.084451e-05 0.5107652 6.331242e-07 2.8212964e-05 0.15146035 8.96132e-06 0.21760169 9.839735e-05 0.0021993904 0.0023979328 0.6003477 0.04317507 0.06296993 0.00045538455 0.074215084 0.062026575 5.75351e-06 0.04387445 0.108825065 0.0038768419 6.354949e-07 3.1839688e-06 1.50458e-06 2.0362754e-06 0.048124347 0.08071913 0.0012822247 0.00010620778 0.033463277 0.024929138 1.0668313e-05 0.025534758 3.649911e-05 5.0593235e-06 6.8323898e-06 0.035684902 0.004102585 0.0065458156 0.013720906 3.909874e-06 2.7301114e-05 4.0711043e-06 5.8063492e-06 0.007883477 0.011780008 0.009448528 1.1434344e-05 5.9066e-06 0.000116072166 0.00493813 0.023057047 0.01198509 0.0020962146 0.009081073 0.003162346 6.0719813e-06 3.7959787e-06 0.00011858045 0.0131308995 0.01950912 0.00042134666 0.00714789 0.027127022 0.00083630683 0.011676876 0.016197117 3.805675e-06 0.03950084 1.0388461e-06 0.025567278 0.0015384371 0.016533867 7.728464e-08 2.3002376e-06 0.00019996706 1.8055589e-07 0.0017399598 0.02148933
0.007573601 0.033486463 0.19313428 0.65049297 0.004038279 0.42195788 0.7086992 0.09029791 0.005327703 0.00011649536 0.3653528 0.04418351 2.4513016e-20 0.07978263 3.023762e-07 5.0846115e-06 3.304331e-08 0.9706323 0.40451148 3.465658e-08 0.65985453 0.59575737 0.00012151586 1.0419874e-08 0.008893471 1.7896081e-08 0.2378972 0.21754682 1.389989e-08 0.003552799 0.771488 1.5814541e-05 0.6079762 0.0097633805 0.014262479 0.0003002852 9.767631e-05 0.00013231393 0.0047612446 0.0021764883 0.0035973073 0.0043188957 0.00047160898 8.2967676e-07 0.0019277828 0.31241724 4.909057e-07 0.00018810158 0.00012653353 0.022941008 0.017029742 0.000391142 0.00010245482 2.6943548e-05 5.607282e-05 5.636294e-06 4.021722e-06 0.006184857 0.00010095581 0.006739419 0.00032709463 3.4080047e-05 0.004642309 1.7330216e-06 0.001586725 1.2041911e-06 0.00029876156 0.0005246024 0.00013235408 1.3732948e-06 2.6087922e-05 4.1569918e-05 0.000111165835 0.000192998 0.00049971417 0.010074866 8.930058e-05 0.0010553566 1.2342804e-06 9.87364e-07 0.0035155546 0.0007013338 0.0016338809 0.0002927693 0.0016296668 0.0011095334 0.001955933 0.00081645325 0.0017009372 2.3155862e-07 0.0006031407 2.2280628e-05 0.0036055986 0.004323897 0.00089387153 2.6270312e-08 8.207935e-06 1.9887286e-05 2.303838e-06 0.00015837763 0.00097018667
0.975795 0.0008905531 0.31846094 0.100879535 0.050284874 0.009345164 0.0049477112 0.7335438 0.22909935 0.028980996 0.96791583 0.9447511 0.07978263 2.7535953e-18 0.0002928263 0.0003689227 6.6547773e-06 0.0062125465 0.38976058 5.8444406e-05 0.00036859684 0.13695288 0.0072597233 9.175688e-06 0.20380543 1.7243326e-07 0.00036337838 0.50377226 3.190513e-06 0.04566673 0.0008379271 0.00018799631 0.081452094 0.6558607 0.35421383 0.022434883 7.118658e-05 0.014475804 0.2210785 1.688596e-05 0.1798433 0.2641262 0.0006736945 2.3495268e-07 4.2087613e-05 0.00011144853 4.143222e-07 0.011256331 0.054735716 0.012027273 0.0013839174 0.13031095 0.012101639 1.890979e-07 0.010777333 1.9376492e-05 7.1132736e-06 0.00077987433 0.09387422 0.07734007 0.00044638544 0.0044823107 0.0004246748 1.247038e-05 0.00020015442 6.0519847e-06 0.0018091684 0.1106979 0.011520257 4.5587026e-06 1.3770824e-06 9.714461e-06 0.0059072543 0.11136107 0.022927592 0.042052746 0.0139598185 0.0008441448 4.646333e-06 8.389101e-07 0.005387297 0.019473528 0.118548684 0.00010613591 0.070743695 0.1736107 0.00024651556 0.02040236 0.022397952 1.1253286e-06 0.116107814 2.1561818e-06 0.09849331 0.020202896 0.030081764 1.08630395e-07 2.1844327e-05 4.5454253e-05 2.517238e-06 0.00038360374 0.038747758
0.009578039 0.023651611 0.00014514793 2.4771496e-05 0.054140225 3.0080166e-06 5.0357335e-07 0.0014825045 0.030691914 0.42844093 0.00012335886 0.000746309 3.023762e-07 0.0002928263 1.0125588e-17 0.91720414 0.94839084 3.868945e-07 1.3337578e-05 0.93751675 6.7982114e-07 1.0337445e-06 0.29599974 0.58448184 0.0043304353 0.6226543 4.300909e-07 6.688949e-05 0.35483056 0.0075329845 2.725118e-06 0.19168465 6.8222066e-06 0.0030629542 1.4151911e-05 0.0013176932 0.03972045 0.009152227 1.2597155e-05 9.7290025e-09 1.3375613e-05 0.00014541241 0.024959262 0.0009441174 7.907149e-09 3.2351905e-05 0.0039910376 0.0028156196 6.374282e-05 2.6629405e-06 1.3616848e-05 2.2158063e-05 0.00014370831 0.008210958 8.539141e-05 0.00084876746 0.00014268068 8.841579e-07 4.181518e-06 2.0538691e-06 0.007713356 7.9194135e-05 3.1231494e-07 0.00017510286 7.6552385e-07 3.109769e-05 0.00016283059 2.072202e-06 6.9986425e-05 0.00041479841 0.0005085284 0.00062410656 4.628728e-05 1.8228884e-05 6.701764e-05 2.166118e-06 7.746869e-06 0.00012619777 0.0001279722 0.00016266653 8.0464883e-07 2.1878726e-05 5.5442277e-05 0.0002498516 1.5512818e-05 1.4668418e-06 0.000106400104 9.276727e-05 8.083747e-05 5.5659857e-05 0.00010371573 4.257043e-06 3.4827663e-05 1.2802817e-05 9.296411e-06 9.450308e-05 1.7163077e-06 2.6076259e-05 6.9031347e-07 2.7735196e-05 0.00014835257
0.2862462 0.016543614 0.0030350962 0.00073496206 0.14902851 0.00015855112 3.480661e-05 0.003719774 0.3456443 0.7590837 0.00011031536 0.0035180196 5.0846115e-06 0.0003689227 0.91720414 3.9305884e-16 0.7040376 2.5490342e-06 2.6094092e-05 0.8717342 4.302035e-06 1.5236133e-05 0.96903086 0.80073065 0.02547515 0.5243359 8.371814e-07 4.3990025e-05 0.6971229 0.023338286 1.4672162e-07 0.5347658 2.2669861e-05 0.005249458 8.5030515e-05 0.009556902 0.16555704 0.033670302 6.5946355e-05 4.3042135e-08 0.000118818396 0.00076729635 0.109797016 0.0013081834 3.1454224e-08 2.1647911e-05 0.020014621 0.02632384 0.0012334362 8.468985e-06 9.248473e-06 0.0005108491 0.0016079932 0.027226903 0.0017302143 0.0024217926 0.00050174154 3.2775117e-07 0.0006680177 3.0317478e-06 0.085503556 0.0024750035 7.342496e-08 0.0009490657 1.0269772e-06 0.000891842 0.0033366585 6.7605097e-06 0.0016628506 0.0012626562 0.0017243971 0.0020054642 0.0011837726 0.00017581401 0.0008008049 1.3013248e-06 0.0014033928 0.0016362589 0.00024300428 0.00044427888 3.325422e-05 0.000930845 0.00030631703 0.00092158356 4.696852e-05 9.695113e-05 0.00086403533 0.0013896975 0.0013190832 0.0006149263 0.0006068557 4.572567e-06 0.0008592754 2.7078502e-05 0.0016750912 0.00037372985 9.418736e-07 0.0003931816 3.0153825e-07 0.0014816931 0.0012039867
0.001809864 0.0047705304 6.337709e-06 3.629664e-07 0.006830413 1.9081872e-07 4.4071342e-08 0.00012044001 0.004327717 0.0939857 6.9245897e-07 5.117558e-05 3.304331e-08 6.6547773e-06 0.94839084 0.7040376 7.215015e-18 1.2066033e-07 8.14986e-07 0.92470884 5.317755e-07 8.131681e-08 0.08699789 0.55957526 0.0006393545 0.7860335 6.384454e-07 4.8575807e-06 0.36993915 0.0010284734 2.319947e-07 0.10387943 1.2732129e-06 8.0386126e-05 3.9672418e-07 0.00021018236 0.014740192 0.0013941844 7.166243e-07 1.0482706e-08 6.94008e-07 9.3194234e-07 0.006403946 0.0039813416 3.564623e-09 1.0409917e-05 0.003080193 0.00090542744 4.9261025e-06 5.0064335e-07 1.7201593e-05 5.590726e-08 1.9169882e-05 0.0057809167 7.1998406e-06 0.00015267049 0.00045118466 8.9346753e-07 2.4140029e-08 1.9098167e-07 0.001366744 6.6627595e-06 5.029337e-07 0.00010570285 6.3120103e-07 5.587563e-05 5.6291233e-06 1.11256135e-07 1.190428e-05 0.00019218709 0.00014426802 0.00019693955 1.94701e-06 3.535534e-07 7.2684024e-06 6.380753e-07 3.0813283e-07 1.5885193e-05 0.00016860335 0.00015131058 7.1452655e-07 4.2270094e-06 1.1428414e-05 9.8246375e-05 3.9289744e-06 2.9873888e-07 5.2918986e-05 1.1341748e-05 2.0747777e-05 4.0117906e-05 1.9319108e-05 2.3452488e-07 1.3058281e-05 7.506897e-06 3.559069e-07 7.644434e-05 2.9197977e-07 7.1485065e-06 9.056627e-08 9.053125e-07 2.5196097e-05
0.0008941866 0.0024356865 0.009496783 0.093500525 0.000115385694 0.02359766 0.12698793 0.0099270195 0.00033942374 4.53565e-06 0.042800914 0.0026897467 0.9706323 0.0062125465 3.868945e-07 2.5490342e-06 1.2066033e-07 1.5549812e-15 0.08769883 2.0139545e-07 0.6301324 0.26693273 2.1885302e-05 5.1088655e-08 0.0005112088 3.6676295e-07 0.16199487 0.040332142 1.7703896e-07 0.00029135717 0.45614108 2.836493e-05 0.28121454 0.0010909371 0.0029280575 6.3567924e-05 5.728262e-05 5.1903804e-05 0.0003320768 0.0017495248 0.00029070905 0.0008156602 0.00047591203 2.971742e-06 0.0011071624 0.17719273 2.4204742e-06 7.9612284e-05 0.00016122819 0.0073428783 0.01601159 0.00021511868 0.000116472365 3.8504928e-05 8.016051e-05 6.570451e-06 1.7850376e-05 0.006107411 0.00014802243 0.0025281487 0.000818497 9.525781e-05 0.0042113797 5.8495e-06 0.0035635375 5.531629e-06 0.00023535783 0.0002212638 8.144127e-05 3.1949069e-06 5.986976e-05 3.3433505e-05 0.00012134563 0.00039191064 0.0006755509 0.0021387264 1.9455038e-05 0.0006011615 2.5346812e-06 6.625786e-06 0.0014417828 0.0008798346 0.0020157448 0.00055899186 0.0010558247 0.00045523953 0.0016866641 0.0013003132 0.0014315323 4.431562e-06 0.0016735129 0.000180489 0.0016526156 0.0033861224 0.0005127314 8.4221836e-07 3.9001785e-05 9.0530175e-06 1.402386e-05 3.2751543e-06 0.0007172065
0.3024868 0.0004625889 0.24072634 0.113184206 0.029169811 0.019233711 0.013877044 0.1781482 0.027948009 0.0026776395 0.7417344 0.10040864 0.40451148 0.38976058 1.3337578e-05 2.6094092e-05 8.14986e-07 0.08769883 4.5001113e-20 4.6073487e-06 0.0012001338 0.9891049 9.32105e-05 7.9639693e-07 0.012827016 1.2503324e-06 0.0017561386 0.7668586 7.6218447e-07 0.0034118032 0.019771907 0.0001398443 0.27251825 0.03398954 0.13255939 0.00085428427 2.678228e-05 0.0002437284 0.0261078 0.00016768133 0.019454021 0.019610733 0.00011450173 5.1240926e-07 7.712263e-05 0.008869975 1.0206365e-06 0.0001552111 0.00036335376 0.06176062 0.0112211965 0.004591832 0.00015759538 4.338179e-06 0.00019588199 1.0983399e-05 1.3870925e-05 0.005768379 0.00092858134 0.09254668 4.9405885e-06 4.444037e-05 0.002720974 1.1119007e-05 0.0013438843 1.4215113e-06 2.894585e-05 0.022819865 0.00030635853 3.535799e-06 1.334387e-06 4.993778e-07 0.0002893532 0.007238299 0.00041693813 0.031653397 9.267938e-05 3.5414836e-05 4.580986e-06 1.1665122e-06 0.015544333 0.00034107734 0.01558346 2.712945e-05 0.03002047 0.023390135 3.045796e-05 0.0006261138 0.0008820871 4.200912e-06 0.010746472 3.6730165e-05 0.010715821 0.023753626 0.0005435181 5.542657e-09 2.2650325e-05 3.0776089e-06 1.914895e-06 9.760094e-06 0.0026477037
0.006899059 0.0014502796 4.989986e-06 5.798328e-07 0.0060636285 1.6052527e-07 3.6486494e-08 0.00031292808 0.005076632 0.075895324 6.0391963e-06 0.00018010626 3.465658e-08 5.8444406e-05 0.93751675 0.8717342 0.92470884 2.0139545e-07 4.6073487e-06 3.7452145e-18 3.8737846e-07 4.2752762e-07 0.2515005 0.86172813 0.0019857516 0.7990187 2.6984924e-07 1.8133502e-05 0.71301264 0.0037507277 2.1388199e-07 0.32878664 1.1267829e-06 0.0002665878 9.5175085e-07 0.0012304438 0.07055525 0.0056814603 5.8652195e-06 9.268441e-09 7.5196517e-06 1.1579272e-05 0.03308983 0.0022223673 5.966057e-09 0.00010101717 0.022907512 0.0032548916 2.8741142e-05 1.13483e-06 9.591154e-06 8.432138e-06 0.00015537372 0.028034816 4.7611262e-05 0.0012911645 0.0010805944 4.9931447e-07 2.5536524e-06 1.3862666e-06 0.014816198 5.8644e-05 3.7747355e-07 0.00044408173 1.1984153e-07 0.00013454069 0.0001277677 1.3973191e-06 8.708124e-05 0.00064984197 0.0014397539 0.0012789462 2.631629e-05 2.7101185e-05 0.00018492996 2.207354e-06 1.5278009e-05 0.00016013224 0.0004561776 0.00072656997 8.378251e-07 0.000118189135 5.930128e-05 0.00058757374 2.1455493e-05 3.852195e-06 0.00028617476 9.460371e-05 0.0002862845 0.00041261842 0.00019358456 2.9096896e-06 0.00017250591 1.1350133e-05 2.7131597e-05 0.00033324683 1.2694314e-06 0.00012926948 2.0111368e-07 8.1211e-05 0.00055279117
7.667298e-06 0.026008824 0.0025759563 0.030265585 6.053633e-05 0.02713585 0.1764125 0.0008741719 9.312468e-05 1.4535834e-06 0.0029081888 9.128647e-05 0.65985453 0.00036859684 6.7982114e-07 4.302035e-06 5.317755e-07 0.6301324 0.0012001338 3.8737846e-07 6.460525e-16 0.007540348 8.899108e-06 5.264008e-07 8.6522465e-05 6.0083476e-06 0.4199298 0.00044232572 1.0573885e-06 5.130334e-06 0.1188831 3.4722732e-05 0.0025837861 4.586951e-05 8.26946e-05 5.3284493e-06 1.1958328e-05 1.6237838e-06 2.2404489e-05 0.02015707 1.1925551e-05 9.536084e-06 6.114894e-05 2.9774656e-05 0.002841074 0.011210288 3.1794116e-06 2.2099483e-05 1.8022594e-05 0.00029552457 0.0013799742 1.3893352e-05 7.8068315e-06 2.5692703e-05 6.224795e-06 3.0974456e-06 1.6146554e-05 0.00064657675 5.4781076e-06 5.7504847e-05 0.00012033898 8.514764e-06 0.00021274897 3.1608124e-06 0.00046030933 1.1105092e-05 3.529524e-05 8.67489e-06 3.0445994e-05 6.188647e-06 1.1288839e-05 8.094543e-06 2.4187675e-05 2.2122804e-05 3.4662185e-05 0.000111392095 7.2454395e-06 0.0002503814 6.002603e-06 2.8705351e-06 0.000133406 2.866865e-05 0.00013163906 0.00018994698 6.070665e-05 1.3286874e-05 0.00059965585 6.706821e-05 0.00015046634 5.893403e-07 0.00021335058 4.106305e-05 8.354714e-05 0.0005385309 1.4983091e-05 3.211429e-05 1.5154981e-05 7.4762573e-07 4.6195755e-06 5.121874e-07 6.010385e-05
0.24136451 0.00022495579 0.108629815 0.10825901 0.0063046413 0.01853644 0.029335704 0.07972723 0.0051445425 6.258472e-05 0.39440125 0.030278524 0.59575737 0.13695288 1.0337445e-06 1.5236133e-05 8.131681e-08 0.26693273 0.9891049 4.2752762e-07 0.007540348 9.000557e-19 7.757729e-06 5.0331533e-08 0.0033314866 2.8936682e-07 0.017981503 0.6636632 4.7868195e-08 0.00044622386 0.14330338 6.566984e-05 0.885569 0.010262665 0.10999617 0.00011581487 7.1062686e-06 4.270615e-05 0.014971986 0.00088460883 0.010190461 0.010710217 3.8578364e-05 8.6271416e-07 0.0018015876 0.10422677 3.48446e-07 2.196769e-05 9.318064e-05 0.16220278 0.0692794 0.0010587851 8.910839e-05 1.1564125e-06 4.7826426e-05 1.9678314e-06 9.9959225e-06 0.039221887 0.0001097485 0.1312567 9.80285e-07 1.5916097e-05 0.037841454 5.673197e-06 0.011521977 5.905319e-07 4.9053815e-06 0.019721588 0.00022282233 1.7033411e-06 2.3714662e-07 5.4302742e-08 0.00010239094 0.0037254666 0.00015026012 0.06712504 1.8451887e-05 2.6653808e-05 3.7300774e-06 2.2671343e-06 0.04548031 0.00013947656 0.013331921 3.0640775e-05 0.03765654 0.019091168 4.6091835e-05 0.00034771892 0.0003363821 2.4932745e-06 0.00871507 0.00036431995 0.007455532 0.05164118 6.4956905e-05 1.86951e-09 0.0004960228 2.7346675e-06 5.303494e-05 4.0261867e-07 0.00048794606
0.66696584 0.0005832464 0.008244117 0.0012807618 0.13849163 0.00035096516 4.9796392e-05 0.012417459 0.40446085 0.6432078 0.0011946069 0.03775846 0.00012151586 0.0072597233 0.29599974 0.96903086 0.08699789 2.1885302e-05 9.32105e-05 0.2515005 8.899108e-06 7.757729e-06 4.5908206e-16 0.23469208 0.40851632 0.011854462 1.0507504e-05 2.7570873e-05 0.15108168 0.50403243 0.000429749 0.9089794 2.8273834e-07 0.03413372 1.075259e-05 0.31760153 0.33940598 0.49797335 0.00036387047 1.8998319e-06 0.00054661935 0.0053887153 0.5176622 4.1666284e-05 7.0872984e-06 2.3344397e-07 0.02201626 0.37192005 0.009615149 1.3555983e-06 1.4330778e-05 0.00075760955 0.014449026 0.07241299 0.02753466 0.00731362 0.00017629168 2.964924e-07 0.0006851626 4.335152e-06 0.41016585 0.043233775 5.452773e-07 0.0022373102 4.9045393e-06 0.00017322003 0.05631822 9.347605e-05 0.004958022 0.0018526361 0.01163457 0.018932743 0.005351177 0.0022807315 0.0024336362 1.6418187e-06 0.0054377895 0.016061272 0.00043650635 0.0010585907 4.880431e-06 0.001708206 0.00064490753 0.0084490385 5.785574e-05 0.00022842381 0.0069119595 0.004958819 0.0022470502 0.0014115808 0.0029437537 1.6935414e-06 0.0017131802 8.932124e-06 0.011577507 5.6741417e-05 1.6224487e-07 0.0027004748 1.9594688e-07 0.014647585 0.0048647253
0.009943982 9.5759955e-05 4.5552198e-07 3.2740232e-08 0.0019875523 1.11781304e-07 3.0557093e-08 9.765219e-05 0.0012986413 0.019437157 4.4162033e-07 7.084451e-05 1.0419874e-08 9.175688e-06 0.58448184 0.80073065 0.55957526 5.1088655e-08 7.9639693e-07 0.86172813 5.264008e-07 5.0331533e-08 0.23469208 3.6516224e-19 0.004258522 0.827415 6.411743e-08 1.01033975e-05 0.98015684 0.006521574 3.2347874e-08 0.49318492 5.3563053e-07 0.00029389863 1.4450127e-06 0.0024580625 0.11588711 0.01076609 4.5640013e-06 1.03874696e-08 4.217772e-06 1.966193e-05 0.034368403 0.003026395 7.0569377e-09 1.449309e-06 0.13649523 0.005127632 6.324417e-05 1.3430058e-06 2.7702508e-06 3.5185294e-06 0.00066402066 0.07101891 0.00020982846 0.008722437 0.0033109935 2.6812677e-08 2.3305504e-06 2.0661861e-07 0.022382088 0.00027920582 1.3015368e-08 0.0022347984 3.4767095e-07 0.002452776 0.00055439404 3.4709453e-07 0.0006667117 0.0038391866 0.004060378 0.0038341153 0.00017695838 5.610285e-06 0.000109976594 2.55767e-07 0.000101550926 0.0004527487 0.00074629934 0.001889222 2.4667654e-07 0.00014511611 9.585562e-05 0.0017167327 6.372145e-06 1.049872e-05 0.0009908964 0.00012870939 0.00045820305 0.002799493 9.997024e-05 1.5190077e-06 0.00024295421 6.284312e-06 0.00010092011 0.00031969065 1.1392692e-06 0.00054261077 1.2997253e-07 0.00043158446 0.0002488265
0.7400843 0.00017726459 0.057157923 0.007607453 0.06183383 0.0015594935 0.00064525235 0.1234715 0.3737239 0.24122718 0.0462576 0.5107652 0.008893471 0.20380543 0.0043304353 0.02547515 0.0006393545 0.0005112088 0.012827016 0.0019857516 8.6522465e-05 0.0033314866 0.40851632 0.004258522 1.8415735e-19 6.6137727e-06 3.346448e-05 0.0107462 0.0014162214 0.99462783 0.00061162794 0.050956633 0.00012949601 0.42064583 0.0030777543 0.44819203 0.0163361 0.32545042 0.007529907 3.8511484e-06 0.0047794417 0.02729356 0.08595999 1.8726535e-06 7.2739153e-06 4.242392e-06 7.189607e-05 0.20925334 0.2145006 0.00020146318 0.00011090567 0.028790325 0.091558 0.00018343536 0.10628595 0.0006681286 2.8853436e-05 5.7776033e-06 0.029957814 0.0013311034 0.028780999 0.049355183 2.1026253e-06 0.0008388026 5.7128364e-06 9.831837e-05 0.022913333 0.0034365887 0.04890402 0.0003858267 8.805967e-05 0.0014100678 0.0413343 0.019180443 0.047747847 0.00024369074 0.023102753 0.009165199 0.00013323347 0.000127453 0.00013300875 0.024225714 0.012919473 0.0013478213 0.0011851579 0.0063064396 0.0025785135 0.042492073 0.03621238 0.00010349481 0.03174982 1.1917621e-06 0.015985746 0.0006600242 0.039742187 8.4559005e-08 5.7961216e-07 0.0008468766 4.405262e-07 0.01410583 0.0335169
0.0011872009 0.05521284 3.845522e-06 1.2040859e-07 0.002396105 6.7101604e-07 1.218521e-07 9.5142417e-07 0.00022063419 0.007365567 1.590822e-07 6.331242e-07 1.7896081e-08 1.7243326e-07 0.6226543 0.5243359 0.7860335 3.6676295e-07 1.2503324e-06 0.7990187 6.0083476e-06 2.8936682e-07 0.011854462 0.827415 6.6137727e-06 1.9724678e-18 4.77719e-07 4.317293e-07 0.8514622 4.642575e-05 8.573039e-08 0.084117256 2.603661e-06 2.9115104e-06 7.591305e-07 1.9187422e-05 0.023173636 4.59634e-05 2.6838222e-07 1.1703632e-08 1.6731656e-07 4.323531e-07 0.0032106435 0.84566635 1.4241301e-08 3.5262992e-06 0.05827908 6.887255e-05 7.352106e-07 2.5254678e-05 1.7661723e-05 9.072446e-08 9.995093e-06 0.02419977 4.078526e-06 0.008740115 0.17941403 7.747485e-07 1.1242205e-08 1.9262434e-06 0.00034227548 1.0960861e-05 7.448133e-07 0.010948879 7.459457e-07 0.018018736 3.0658239e-06 2.0683784e-07 7.832754e-06 0.0022175782 0.0006955863 0.00072941644 1.7507881e-06 5.676008e-07 2.3883867e-05 1.7121191e-06 1.7009732e-07 6.8161097e-07 0.0037771503 0.0021594437 3.7150443e-07 4.7267677e-06 1.0732776e-05 0.00032053597 7.625946e-07 3.752824e-06 1.7191442e-05 5.2036607e-06 1.0175145e-05 0.0002408652 1.8538643e-06 2.8738876e-08 0.00010555216 6.104988e-05 6.2653453e-07 0.006135989 1.2506383e-07 4.067142e-06 7.846667e-08 1.6752315e-07 4.713722e-06
1.6779324e-05 0.000533007 0.00013893902 0.002990455 4.1844182e-06 0.0008102009 0.0036369236 0.0003327032 6.332903e-05 4.1820823e-07 0.0029736217 2.8212964e-05 0.2378972 0.00036337838 4.300909e-07 8.371814e-07 6.384454e-07 0.16199487 0.0017561386 2.6984924e-07 0.4199298 0.017981503 1.0507504e-05 6.411743e-08 3.346448e-05 4.77719e-07 3.858812e-18 0.0019446228 1.4028274e-07 2.3448196e-05 0.94018507 4.469091e-05 0.03781438 0.00013913075 0.00033704418 1.4360589e-05 4.536911e-05 1.0305843e-05 7.604334e-05 0.043270797 3.2111868e-05 3.970914e-05 0.0002491687 1.5603242e-06 0.005595559 0.25906247 3.446768e-06 1.1256405e-05 4.7433743e-05 0.0009144955 0.0057330336 9.747653e-05 2.7998027e-05 4.566755e-05 8.649388e-06 7.686846e-06 1.2142063e-06 0.002699185 4.856235e-05 0.00027293473 0.00014946051 1.7408343e-05 0.00091379107 2.0050559e-06 0.0036688491 8.2043465e-07 0.00014491253 0.00014493284 7.067377e-05 1.3583613e-06 1.986507e-05 8.694311e-06 0.00032436973 0.00046681365 0.0003047744 0.00036763007 4.526366e-05 0.00056114845 2.0800724e-06 3.7663735e-06 0.00015838095 0.00022343731 0.00017132334 0.00021585253 0.00012552596 9.142029e-05 0.0006974293 0.0006518984 0.00045140827 2.120748e-06 0.0007298594 0.00017613689 0.0010607939 0.0009264969 0.00016234108 1.627531e-06 3.2786102e-06 2.1905128e-06 4.649145e-07 1.0252597e-06 0.00067144533
0.8758459 0.00010169339 0.11035441 0.049041864 0.012493015 0.0037348722 0.0034167084 0.098967865 0.014521003 0.0011171568 0.46953145 0.15146035 0.21754682 0.50377226 6.688949e-05 4.3990025e-05 4.8575807e-06 0.040332142 0.7668586 1.8133502e-05 0.00044232572 0.6636632 2.7570873e-05 1.01033975e-05 0.0107462 4.317293e-07 0.0019446228 9.490586e-17 3.903633e-06 0.0006166146 0.079888344 3.9413044e-05 0.77959335 0.07078395 0.9475632 0.00035400552 3.6185747e-06 5.155694e-05 0.1642863 0.00029654827 0.13529213 0.09711848 1.100801e-05 3.3018756e-07 0.00068753865 0.0143546285 1.09089e-06 9.2807095e-05 0.00034904573 0.33339167 0.060667068 0.04883692 0.00018408797 7.725572e-07 0.00018097369 6.850763e-06 8.551911e-05 0.02322599 0.008003147 0.45671865 9.379778e-07 5.9560352e-05 0.01932325 6.418645e-06 0.0015181178 2.0171281e-05 1.3471986e-05 0.14859334 0.00015212926 7.319951e-07 8.4483366e-07 3.035435e-07 2.780074e-05 0.071805164 0.00150131 0.2808475 2.8710238e-05 6.571203e-06 3.89923e-05 1.8007802e-05 0.098672286 0.0011403385 0.15493134 5.268878e-06 0.26430532 0.25833514 1.942733e-06 0.00057238335 0.0013298473 9.184481e-07 0.058576625 0.0002051939 0.09213615 0.119938634 0.0005832419 8.6823843e-07 8.025973e-05 2.016506e-06 2.9098213e-05 4.625443e-06 0.00614571
0.012448103 4.480524e-05 3.4779364e-07 6.325825e-08 0.00064269785 4.642769e-07 6.254286e-08 1.5351168e-05 0.00045549052 0.009775297 1.5145372e-07 8.96132e-06 1.389989e-08 3.190513e-06 0.35483056 0.6971229 0.36993915 1.7703896e-07 7.6218447e-07 0.71301264 1.0573885e-06 4.7868195e-08 0.15108168 0.98015684 0.0014162214 0.8514622 1.4028274e-07 3.903633e-06 2.351799e-19 0.0025599091 7.446539e-08 0.5745128 6.4654984e-07 0.0001703978 7.886049e-07 0.0020693908 0.17898013 0.0073585953 4.8852366e-06 1.8742023e-08 3.5138748e-06 8.2779225e-06 0.033205673 0.0070874137 1.04606155e-08 1.8627198e-06 0.43312007 0.003314741 3.863875e-05 5.416762e-07 4.934712e-06 2.0044536e-06 0.00051988225 0.12227555 0.00019721413 0.04587821 0.014980463 1.0211774e-07 2.85139e-06 6.1535886e-08 0.014695284 0.00046315987 3.7597843e-08 0.016266126 1.4503792e-06 0.012042147 0.0009448993 4.327322e-07 0.0003123157 0.015088386 0.013327301 0.007316194 5.889526e-05 9.457417e-06 0.00017468554 2.9711654e-07 3.9595503e-05 0.0007673149 0.002738908 0.008086423 3.4746873e-07 0.0001507707 2.352538e-05 0.0032976954 2.544296e-06 1.1427051e-05 0.0011186674 9.55188e-05 0.00024484805 0.006734998 2.3772316e-05 2.1848138e-07 0.0006278882 5.092842e-06 9.550768e-05 0.0011870124 4.2991676e-08 0.0010788506 4.334639e-08 0.0005809501 0.00023434346
0.7840856 7.543947e-05 0.044542648 0.0043149414 0.043003954 0.0009246521 0.00017065964 0.048007485 0.24248241 0.19373554 0.0140392585 0.21760169 0.003552799 0.04566673 0.0075329845 0.023338286 0.0010284734 0.00029135717 0.0034118032 0.0037507277 5.130334e-06 0.00044622386 0.50403243 0.006521574 0.99462783 4.642575e-05 2.3448196e-05 0.0006166146 0.0025599091 4.953468e-19 6.3425374e-05 0.08766595 3.602596e-05 0.15498097 0.00024291553 0.58467597 0.035445523 0.30687308 0.0012849311 2.45925e-06 0.0012290219 0.011878798 0.10009575 8.079577e-07 4.5287693e-06 1.1812175e-06 0.0010655293 0.17082196 0.13910145 1.8989978e-05 7.412469e-05 0.01204271 0.07810977 0.0010950695 0.06762047 0.00082693575 4.2553773e-05 2.1363173e-06 0.019859063 0.00019519836 0.052102666 0.032084484 2.4521864e-06 0.00043214438 1.0558115e-06 9.2031485e-05 0.026920123 0.0013437535 0.057229184 0.00057552906 0.0005231364 0.0022022997 0.03175539 0.011975037 0.042347014 3.5678917e-05 0.029878799 0.015600195 5.5345765e-05 0.00025506903 1.6746535e-05 0.03550151 0.007833969 0.0034434453 0.0006216162 0.0033282472 0.008829071 0.03381142 0.04128713 0.0007496556 0.026885882 9.300144e-08 0.016220275 0.00012433917 0.043800503 1.1121179e-07 4.2258142e-07 0.0019243525 1.3979607e-07 0.017460212 0.031578016
