5.9306948e-27 0.0742545 0.89460325 0.8867298 0.20588776 0.39242622 0.4139668 0.8921586 0.011501957 0.007960895 0.84250057 0.4195615 0.009259316 0.6601468 0.94184536 0.89158 0.9022956 0.9315123 0.8913201 0.77136165 0.8687846 0.58364457 0.3764612 0.11776033 0.96306413 0.929585 0.51797247 0.8695694 0.8494132 0.8433544 0.31960025 0.58737355 0.8775174 0.003687347 0.86017 0.8058175 0.9805005 0.89938074 0.13816072 0.93746597 0.95291865 0.98377854 0.9350038 0.027752535 0.00013081796 0.888759 0.4843236 0.95702416 0.9327006 0.004031126 0.92724496 0.0010061404 0.9722096 0.9504236 0.7967452 0.06564031 0.8884602 0.0029400631 0.88168377 0.9862989 0.77581835 0.6169551 0.5348606 0.9881122 0.7634672 0.9826511 0.0055908468 0.9772837 0.9441733 0.88016874 0.9985895 0.0009846602 0.5187079 0.22506036 0.99862665 0.7740836 0.9557358 0.17640418 1.0492824e-05 0.99572283 0.21945415 0.001559846 8.954422e-05 0.6099437 0.8423176 0.99997306 0.00057258375 0.38153818 0.0012855502 0.7246621 0.0033431544 0.16951957 0.9967581 0.024343232 0.9561398 0.0005678289 0.01131942 0.03865488 0.9999704 2.0025876e-05 0.57260543
0.0742545 1.3600349e-15 0.4906205 0.6728884 0.91892576 0.86756915 0.07776563 0.1293209 0.92912596 0.13888565 0.020002771 0.02136225 0.011656488 0.004040889 0.0072176917 0.019696299 0.0017833753 0.0036339122 0.005324531 0.0041266447 0.00061877246 0.00035942416 0.0009200753 0.01214986 0.0007198039 0.0005326854 0.00018963347 0.00026615415 1.4424188e-06 3.3502285e-05 0.000107314096 9.1726906e-05 9.720555e-05 0.0025178986 0.012337157 0.005655269 0.006960297 1.6125963e-05 6.13857e-05 2.2339329e-05 1.4503965e-05 0.0016453802 9.057603e-06 0.00012903483 5.7277597e-05 0.00011118969 5.9174085e-06 0.0010427521 6.8470104e-07 7.029191e-05 6.05451e-07 0.0034197746 0.00018665253 0.002230241 0.00012446387 3.5383018e-06 0.00019487116 8.9173096e-05 1.3342858e-05 0.00021680981 1.6641823e-07 8.1576395e-08 0.0015632713 0.007853249 1.2304009e-06 0.0005286706 1.2767501e-06 0.002127083 1.7934995e-05 6.2254367e-06 9.841781e-05 4.5319875e-06 7.982683e-07 4.597348e-07 0.00072548224 2.0405986e-08 0.013961883 1.1687442e-05 5.163983e-06 1.3199489e-05 1.8234073e-06 2.4667218e-06 5.577091e-05 2.4800372e-06 5.91808e-06 0.004649418 8.676643e-06 4.2399267e-07 9.2372076e-08 1.6353904e-05 2.5936646e-07 0.003275342 1.3772735e-05 2.8815334e-06 0.010578339 1.289871e-06 2.4808708e-07 8.5708765e-09 0.0074016796 4.0099698e-07 1.4782365e-08
0.89460325 0.4906205 7.103725e-18 0.9300524 0.6486066 0.023580123 0.8818029 0.06991959 0.0032856427 0.00032417427 0.03160464 0.71918625 0.00020880504 0.0029464124 0.14433154 0.88011295 0.00059060147 0.0040004686 0.0021006784 0.20099112 0.00017895368 8.294276e-05 0.030208848 0.00018856693 0.4436003 0.0075970455 4.499214e-05 0.01630148 2.5057795e-06 1.1159491e-05 5.0927642e-06 5.180824e-06 0.0006622663 0.0035336989 0.25576556 0.114270665 0.24917151 0.0006391045 1.4536402e-06 0.00012282837 0.0054534446 0.072870456 0.00037370776 8.11895e-06 0.0001938249 2.8571265e-05 4.5755394e-07 0.20267059 2.3997938e-05 8.17923e-07 2.1388523e-07 1.5151201e-06 0.050965622 0.012783085 0.00010759714 4.7185254e-06 0.002425624 6.181262e-06 1.5706495e-06 0.06111053 3.2500589e-07 2.2103444e-07 0.0008927627 0.00962357 6.08434e-06 0.0069425236 1.9633804e-07 0.020253448 0.0019060277 0.000110946916 0.002006147 1.8297155e-07 2.5900385e-07 2.44702e-07 0.022029497 1.2275785e-08 0.025872301 1.4902008e-05 5.203085e-08 0.00097412174 4.905096e-06 6.3612373e-07 0.00013806317 1.11101235e-05 1.5045939e-05 0.018850202 2.3349953e-06 1.9279591e-07 3.192618e-07 1.0708336e-06 5.850281e-06 0.0016968801 0.00011308391 7.1689883e-06 0.013541487 2.3986895e-06 4.8624656e-06 2.8694444e-07 0.049564008 2.057026e-09 5.1028346e-09
0.8867298 0.6728884 0.9300524 8.3681037e-16 0.21565111 0.61574274 0.08179322 0.84821105 0.15745758 0.07031825 0.68190265 0.053060353 0.022217117 0.09532745 0.78724515 0.68040013 0.032046173 0.14510128 0.062693305 0.0016701312 0.031468425 0.025954027 0.00034961008 0.065188974 0.109279655 0.06860774 0.0027223171 0.04300714 0.00014641377 0.00051833567 0.0016386169 0.0012598939 0.0040552733 3.6547248e-05 0.03503185 0.005767395 0.03423411 0.0020083294 0.0005171948 0.0009696154 0.003792507 0.0050574234 0.0011300091 0.0002479628 1.5088362e-06 0.00042909532 0.00010080919 0.018296218 4.0879055e-05 1.3018193e-05 1.1108847e-06 0.00026618564 0.0066839657 0.0021478762 0.00060820224 2.6912963e-05 0.0011909544 4.3956814e-05 2.0937541e-05 0.009045566 4.8924045e-07 1.5211923e-06 1.218629e-05 0.0015042551 1.2601876e-05 0.00040091254 3.8365583e-06 0.004814195 0.00045658258 3.272761e-05 0.00075744267 1.3366184e-06 2.2311671e-07 1.8951116e-07 0.0054039094 1.9020181e-08 0.0076266928 5.9269394e-05 1.1728335e-06 0.00048714006 5.9857734e-06 9.332146e-06 0.00011632261 3.63868e-06 1.5781537e-06 0.0074471715 6.0777056e-06 7.8322785e-07 2.6808294e-07 2.921217e-06 2.8858046e-06 0.0006853685 3.983894e-05 8.8986116e-07 0.0027310972 2.1820767e-06 9.741008e-07 2.8662853e-07 0.011655743 1.0023452e-07 4.140867e-09
0.20588776 0.91892576 0.6486066 0.21565111 1.0323807e-16 0.009022282 0.8531379 0.0028302323 0.0030314892 0.0006878731 0.0015516761 0.31163612 0.00017130683 0.0001286192 0.0012542851 0.023718907 4.2026088e-05 0.00028872583 0.0005018463 0.42272976 6.212093e-06 6.194965e-06 0.5061257 0.00027320295 0.006954342 4.5389366e-05 5.271049e-06 0.00011117093 6.684982e-07 3.0267367e-07 1.5776723e-06 5.7949865e-06 0.00012192099 0.79052705 0.093121216 0.0864057 0.050276276 1.1624336e-05 1.6144251e-06 9.377082e-06 1.559596e-05 0.01653653 4.4486355e-06 8.364843e-06 0.001392536 4.0567702e-05 9.3871876e-07 0.002444365 2.459597e-06 2.2418092e-06 3.1321886e-06 3.437005e-05 0.00091605925 0.00049690297 0.009072119 3.3870006e-06 7.15089e-05 8.379311e-06 5.8908877e-06 0.0013148142 2.8345355e-07 1.2124353e-07 0.016514406 0.0019180077 2.6938321e-06 0.013422217 1.4927118e-06 0.001525681 4.7219895e-05 9.155307e-07 6.114224e-05 2.5278039e-06 8.979413e-08 3.6925034e-08 0.000842302 7.2374036e-09 0.015980808 0.0012188337 1.3314246e-05 1.9376233e-05 0.002543082 4.29282e-05 2.8844717e-05 2.189268e-06 9.209342e-06 0.0031944746 3.3246766e-07 5.809988e-06 2.4828557e-06 7.5052895e-07 4.12889e-06 0.0046942956 1.4072298e-06 0.0001575904 0.014486411 7.91528e-06 0.0008683826 5.5429776e-08 0.023668284 3.2975568e-06 6.09984e-10
0.39242622 0.86756915 0.023580123 0.61574274 0.009022282 5.281098e-17 0.0019051027 0.9643796 0.72197074 0.62544805 0.49631062 0.00049290323 0.8797953 0.2833089 0.106667444 0.011989715 0.2912095 0.05028474 0.08040739 8.202489e-06 0.21164761 0.26713344 1.3187297e-07 0.5827988 0.00040039304 0.0071392823 0.049790792 0.0032009901 0.00031594955 0.001598855 0.015043147 0.005967626 0.0005069336 2.73446e-07 0.0004278505 4.9235496e-05 0.000204143 0.00017856207 0.017123146 0.00031485528 0.00015874916 2.2737175e-05 4.274938e-05 0.014434145 9.053491e-10 0.0060823536 0.0003685376 0.00035492735 7.980682e-05 0.0016586457 0.00015511553 0.057600547 0.00016996091 0.00015293893 0.0034764616 0.000558229 8.155653e-05 0.0021796415 9.188836e-05 0.000255895 8.83161e-07 2.6108767e-06 1.8123811e-06 0.00056798296 3.309584e-05 9.585908e-07 0.0004886688 0.00060782704 6.155588e-05 2.7348022e-05 4.763047e-05 0.00034650994 1.4045436e-07 8.698632e-08 0.0007105781 1.752542e-08 0.000527748 3.542632e-05 0.0021538371 0.00013756006 3.1206498e-06 8.901956e-05 2.251221e-06 2.9463895e-06 1.5184891e-06 0.0010824928 3.573892e-07 8.8877556e-07 9.1046326e-07 1.710249e-06 5.0591396e-08 0.00090082036 8.761792e-06 2.5139573e-07 0.001492312 4.135629e-06 1.980013e-06 1.4778385e-07 0.0010490603 1.1190963e-05 1.3739523e-08
0.4139668 0.07776563 0.8818029 0.08179322 0.8531379 0.0019051027 1.3953736e-19 0.00062898104 0.00022319835 8.413234e-05 0.0008607324 0.9758727 9.13476e-05 0.00015969333 0.0019218032 0.3863922 2.5908072e-05 0.0003854955 0.00031678745 0.53811276 1.8951431e-06 8.791116e-07 0.33147997 1.2122995e-06 0.11399089 0.00016328155 6.8998503e-07 0.0005947513 1.588126e-06 1.4364335e-06 3.057979e-07 5.1564507e-07 0.00017763453 0.02901096 0.13862957 0.16651794 0.076484405 0.00014947177 1.3430757e-07 4.7786714e-05 0.00027762944 0.025268476 4.5800753e-05 1.4320647e-06 0.0007906162 9.17245e-06 2.1637672e-07 0.023939157 1.3084035e-05 6.3353827e-06 7.0913785e-07 2.597814e-05 0.004335185 0.0008927951 0.00040177847 1.4982712e-06 0.000371855 1.2856616e-05 6.6475086e-06 0.0063760267 1.1748491e-07 1.5755936e-07 0.013667276 0.0011060674 7.0559586e-06 0.013564785 2.3621456e-06 0.00186875 0.00046188774 9.697745e-06 0.0003427184 2.2782638e-06 1.0908257e-06 6.687332e-08 0.0046194503 1.3490339e-08 0.02213609 0.001340156 2.5812604e-05 0.00017837282 0.0009302029 0.00010013674 0.00032310822 3.5685582e-07 2.2779693e-07 0.0037574456 2.9278217e-06 2.1768357e-05 9.084585e-06 5.257463e-08 0.00030010857 0.0037156807 9.123112e-07 0.00049064524 0.0082586985 1.8875811e-05 0.0008656432 2.7645723e-07 0.0362349 9.351697e-07 7.0157893e-09
0.8921586 0.1293209 0.06991959 0.84821105 0.0028302323 0.9643796 0.00062898104 1.8307196e-16 0.17998861 0.16220006 0.8653815 0.00054206484 0.17110218 0.65325147 0.55635375 0.0903623 0.45461473 0.32182136 0.15598483 1.5899863e-05 0.2704559 0.35616755 2.605888e-07 0.37776402 0.0046425 0.09550341 0.1567103 0.061604008 0.0032054516 0.005886289 0.07349427 0.05881994 0.014572438 2.0720724e-07 0.00047646012 8.0391335e-05 0.0004497393 0.006244384 0.045943506 0.00384217 0.0022354922 5.407802e-05 0.0017834594 0.021069804 7.742152e-09 0.011986479 0.016475061 0.0023815795 0.0005259149 0.0018983298 0.00030746197 0.009477181 0.0019159482 0.00043716058 0.012540094 0.002925304 0.00021370064 0.0048308717 0.0001115523 0.0021468124 5.9199056e-07 1.2595724e-05 1.467799e-06 0.0009028454 2.6582898e-06 3.633326e-06 0.00089274696 0.001974412 0.00032505873 3.0943647e-05 0.0017336202 0.00031530243 3.287805e-07 1.8104592e-07 0.00385438 6.1212533e-09 0.0008594988 3.9403123e-05 5.7737616e-05 0.0018941668 2.3465386e-06 2.5777106e-05 8.258721e-06 1.1979542e-06 4.9256533e-07 0.004713149 5.6919205e-08 1.15800454e-07 5.3133346e-07 1.2774893e-06 1.9806879e-07 0.000108178574 1.8409088e-05 8.7044896e-08 0.0007519308 7.944717e-07 2.9227454e-07 5.3871624e-08 0.0066657853 8.155824e-07 8.281376e-09
0.011501957 0.92912596 0.0032856427 0.15745758 0.0030314892 0.72197074 0.00022319835 0.17998861 3.282584e-19 0.96820015 0.042366304 0.00014608545 0.64943177 0.009756669 0.0073306616 0.0008273163 0.003352079 0.0016118246 0.0022331397 0.00015967384 0.00059086963 0.0022010545 1.1082282e-05 0.053948347 0.000360473 0.00026889273 0.000102767975 0.00015760995 5.6999716e-06 1.655841e-05 3.8941314e-05 1.6278547e-05 7.64703e-05 9.3143933e-07 0.0010453113 8.4742474e-05 0.00020670326 3.5261226e-05 8.683733e-05 0.00010953029 2.1551756e-05 2.4893412e-05 4.0076535e-05 0.00015263804 3.9145785e-08 0.00027460832 2.2616578e-06 0.00044862108 5.246645e-06 2.1707368e-05 9.223687e-06 0.0021466701 0.00027116635 0.0005464734 8.2237355e-05 4.0469185e-06 0.00030078564 5.1354225e-05 1.3910679e-05 0.00022523636 3.4923298e-06 1.4843463e-06 4.91342e-06 0.0041202684 2.5285824e-06 9.327928e-06 1.131509e-06 0.0014416137 0.00022072194 3.9439103e-05 0.0007994755 1.0030557e-05 3.4472218e-06 2.0792215e-06 0.0015135201 2.2980765e-07 0.0006381152 1.1843059e-06 3.175899e-06 0.00015267298 1.7413673e-07 7.5091344e-07 3.5228723e-07 1.7296995e-06 6.0746693e-06 0.0011233726 1.2028434e-08 3.1334957e-07 5.8441525e-08 3.6649042e-06 5.9755806e-08 7.5534575e-05 2.7386437e-05 8.512698e-07 0.00080274086 1.8379019e-07 3.726825e-09 7.917834e-09 0.00083449 5.271192e-07 2.2471816e-08
0.007960895 0.13888565 0.00032417427 0.07031825 0.0006878731 0.62544805 8.413234e-05 0.16220006 0.96820015 1.2881292e-19 0.05028895 1.30511235e-05 0.9789338 0.018328656 0.0029989916 0.00049226836 0.007297526 0.001092293 0.002259628 1.5180033e-05 0.0016461414 0.0090587875 2.2432828e-06 0.3695344 0.000170199 0.00016305839 0.0006412572 9.217606e-05 1.2481825e-05 1.4310417e-05 0.0002516609 5.9294434e-05 1.8528965e-05 1.8080505e-07 0.0006339094 1.694523e-05 3.333627e-05 1.33422345e-05 0.0006175268 3.4514833e-05 9.087427e-06 7.396351e-06 1.8537448e-05 0.0008742511 4.4976844e-08 0.00030483835 9.374078e-06 0.00034564192 1.4101463e-06 0.00011224382 2.6807465e-06 0.011406626 0.00018392724 0.00013587772 4.788868e-05 2.3239487e-05 8.953218e-05 0.00016025125 4.103191e-06 9.353366e-05 2.2555296e-06 4.2206426e-07 4.6488523e-07 0.0014001684 1.4402893e-06 1.4216496e-06 4.4743897e-06 0.0015775971 0.00023548827 3.085925e-05 0.0005737155 5.0207345e-05 1.7393555e-07 2.2308757e-07 0.0019578058 1.7945653e-07 0.00034705893 7.836411e-07 3.186714e-05 0.0002841444 3.2023942e-07 1.1079101e-05 1.5856267e-07 2.49332e-06 6.5683525e-06 0.0012260454 9.643937e-10 1.011211e-07 3.390182e-07 3.7494685e-06 7.6180704e-08 1.9408524e-05 6.5702974e-05 3.0865516e-07 0.00034216727 8.197644e-07 2.9095268e-09 1.2934289e-09 0.0012255912 9.154091e-06 1.1196604e-08
0.84250057 0.020002771 0.03160464 0.68190265 0.0015516761 0.49631062 0.0008607324 0.8653815 0.042366304 0.05028895 1.2869228e-16 0.000813418 0.042871594 0.9334367 0.69881123 0.061533306 0.77727526 0.7133128 0.83316875 5.4116557e-05 0.51345223 0.22500019 7.878689e-07 0.2293143 0.0064846426 0.16171378 0.15902187 0.08470079 0.051328912 0.07182747 0.07858279 0.09508315 0.057358414 6.792366e-07 0.002068423 0.0006812868 0.0008583389 0.035542324 0.07386144 0.041775964 0.0102509465 0.000404721 0.011815438 0.019937498 1.03952836e-07 0.054811887 0.036195528 0.0029685555 0.013484133 0.0034840275 0.006546796 0.009977123 0.002464922 0.0026655896 0.05607459 0.010817384 0.004513431 0.005822394 0.0022184805 0.0024458468 0.00012308998 0.00028934662 1.3247479e-06 0.0025983616 0.0014007535 9.151114e-06 0.0052285157 0.0025450275 0.0034699135 0.0014499257 0.0042077103 0.00021872019 7.562337e-05 3.980104e-05 0.0029131297 2.4324704e-06 0.0008535823 0.0019243122 8.4445106e-05 0.002997666 0.00077737967 0.0007354803 4.5982688e-05 6.0248985e-05 4.6787325e-05 0.0023368946 2.2302493e-06 0.00019532179 0.00034686388 3.060611e-05 0.00010874905 0.0006270995 0.00020757702 1.9135286e-05 0.0012078093 9.8110424e-05 5.9590297e-05 4.048084e-06 0.0050002383 4.4658805e-06 1.2422508e-07
0.4195615 0.02136225 0.71918625 0.053060353 0.31163612 0.00049290323 0.9758727 0.00054206484 0.00014608545 1.30511235e-05 0.000813418 4.130864e-17 8.476208e-06 6.5662134e-05 0.006706492 0.692454 3.3281915e-05 0.0009537885 0.00045393175 0.81953716 2.0428145e-06 7.0221824e-07 0.6934244 4.9504104e-07 0.58225584 0.0009866374 5.047634e-07 0.0021030256 4.4574263e-06 3.624781e-06 1.6114907e-07 4.787251e-07 0.0006268355 0.028667893 0.5408726 0.6137397 0.34259906 0.0006184406 7.568957e-08 0.00015619457 0.0018342435 0.21733855 0.00018941007 5.7258154e-07 0.0007908542 8.636085e-06 7.6360216e-08 0.30231854 6.771111e-06 2.456451e-06 5.655611e-07 8.3749677e-07 0.012590531 0.0037697249 6.938148e-05 1.6894425e-06 0.00074167905 2.370161e-06 1.9009593e-06 0.022841234 1.0263027e-06 3.2911805e-07 0.10485361 0.0018291714 3.2726846e-06 0.01611654 9.642141e-07 0.0033744946 0.0008988934 2.7008662e-05 0.00027983973 7.221271e-07 8.3174444e-07 2.2003092e-06 0.00663234 1.6052618e-07 0.016428065 0.00039178657 1.1813629e-06 0.0001111282 0.00015735628 2.3376411e-05 0.00033964086 5.319845e-07 1.6840305e-07 0.0033456695 3.29546e-06 9.936894e-07 7.4494045e-07 2.5787432e-07 2.1175016e-05 0.0059552463 7.996871e-07 2.805889e-05 0.0108095985 1.0713623e-05 0.0004480428 6.108535e-07 0.073907435 3.2901305e-08 4.5224844e-08
0.009259316 0.011656488 0.00020880504 0.022217117 0.00017130683 0.8797953 9.13476e-05 0.17110218 0.64943177 0.9789338 0.042871594 8.476208e-06 7.308757e-18 0.0323345 0.004555957 0.00045089738 0.027512716 0.0025425665 0.008893102 5.272032e-05 0.008653746 0.058593683 9.935376e-07 0.9215456 0.00021920989 0.00081834715 0.0075044073 0.00034976128 0.00027238997 0.0003590536 0.0026994385 0.0012533244 7.687246e-05 5.602193e-07 0.00038213568 8.512012e-06 3.581846e-05 2.9815314e-05 0.0014411346 9.091904e-05 6.254057e-05 1.126694e-05 7.243474e-05 0.0032855172 2.0013465e-07 0.008422768 9.4809824e-05 0.0002694847 1.6105598e-05 0.00018529929 0.00027537014 0.03316054 6.6931854e-05 0.00019526835 0.0008379331 0.00037512515 0.00011026089 0.0003474552 0.00010290537 5.8545877e-05 6.583055e-05 5.652405e-06 6.4095633e-07 0.0008460968 1.0653195e-05 5.3415865e-06 4.490581e-05 0.0007986583 0.00031161268 0.00010837394 0.00021926884 0.0002543978 8.227002e-06 4.8539036e-06 0.00049085636 1.4030836e-06 0.00023161151 1.7447559e-06 7.916899e-05 0.00040522346 2.573109e-06 4.629064e-05 4.187011e-07 4.5783985e-05 4.581067e-05 0.00076897605 6.7538553e-09 2.692088e-06 2.7430622e-06 3.4409044e-05 3.5948457e-07 5.259688e-05 0.00012372917 2.0909722e-07 0.00045128068 7.758395e-06 4.4081172e-08 1.418064e-08 0.0009541092 1.1507145e-05 2.6973265e-07
0.6601468 0.004040889 0.0029464124 0.09532745 0.0001286192 0.2833089 0.00015969333 0.65325147 0.009756669 0.018328656 0.9334367 6.5662134e-05 0.0323345 8.398896e-17 0.27251542 0.011174092 0.94159067 0.52146435 0.85205835 6.8005434e-06 0.5748078 0.27088484 9.8134706e-08 0.12775114 0.0007167228 0.07629827 0.14641644 0.024958238 0.048774954 0.10504981 0.09593359 0.11789117 0.022535298 3.3658725e-07 0.00089523825 0.00017717705 5.2769763e-05 0.0138178365 0.043690924 0.017315762 0.002821248 4.7545247e-05 0.00505393 0.017513143 9.4790146e-08 0.08498617 0.03616954 0.0006954829 0.009765765 0.0045070197 0.013638372 0.008569697 0.00050154584 0.0010721937 0.042974696 0.018590176 0.0017384097 0.0054404764 0.0025968864 0.00094465143 0.00037802727 0.00047128816 5.833281e-07 0.0016053201 0.0011265143 1.37444e-06 0.005664356 0.001386295 0.0023519136 0.002195412 0.0019434335 0.000975855 0.00019974561 7.738949e-05 0.0017695231 6.9308503e-06 9.777287e-05 0.0019437885 0.00017034094 0.0015667742 0.0037388958 0.00075585453 1.7428809e-05 0.00013287197 0.00010171202 0.0011362633 1.0036581e-06 0.00059143 0.00062774925 8.797884e-05 0.00018150725 0.00011832774 8.309976e-05 5.5475233e-05 0.00016064174 0.00011908713 0.00012001131 1.722952e-05 0.0020019014 5.213108e-06 8.657967e-07
0.94184536 0.0072176917 0.14433154 0.78724515 0.0012542851 0.106667444 0.0019218032 0.55635375 0.0073306616 0.0029989916 0.69881123 0.006706492 0.004555957 0.27251542 2.6217633e-17 0.7526306 0.26635206 0.8757408 0.44528535 0.00011359929 0.3284226 0.060144924 2.0796091e-05 0.024595728 0.3023677 0.75465006 0.02815677 0.57385206 0.07121584 0.109923445 0.009288316 0.016025554 0.35541213 2.4443812e-06 0.011618997 0.0018502373 0.009928791 0.15724528 0.0011807844 0.1436416 0.08970632 0.0012599485 0.047530487 0.00034220124 1.9915326e-06 0.013187492 0.002470544 0.0584034 0.01655362 4.845932e-05 0.0011112132 0.00035606057 0.04440061 0.04767357 0.008264619 0.00046690178 0.027815007 0.00013311637 0.0010032228 0.030214451 1.6794114e-05 7.275528e-05 1.1140467e-05 0.02663655 0.00034500373 0.0002255618 2.3203898e-05 0.021772234 0.01794308 0.0037174139 0.023144277 1.9514976e-06 4.3647276e-05 8.3459345e-06 0.013739067 2.472439e-07 0.0007598697 0.00014384832 5.2845435e-06 0.008007475 7.531374e-05 5.305408e-06 7.591393e-05 6.740755e-05 7.096994e-05 0.014383507 4.926666e-06 4.050585e-05 3.6304305e-06 3.2094784e-05 9.951911e-06 0.0005042602 0.0008059526 6.726746e-06 0.0008624144 6.597853e-06 1.0593955e-05 1.2752581e-06 0.010839762 8.315299e-08 1.5486734e-08
0.89158 0.019696299 0.88011295 0.68040013 0.023718907 0.011989715 0.3863922 0.0903623 0.0008273163 0.00049226836 0.061533306 0.692454 0.00045089738 0.011174092 0.7526306 7.475465e-17 0.0035222513 0.10716172 0.015841978 0.03918745 0.0027882783 0.0014204185 0.011153421 0.00046032536 0.9550899 0.17120193 0.0014023868 0.31516132 0.0002796834 0.0002916001 0.00085045595 0.00069014635 0.054273527 0.000739705 0.12070368 0.037220538 0.20751007 0.024497734 8.401415e-05 0.0063991724 0.05837166 0.0387823 0.0087784575 5.6029625e-05 8.507853e-05 0.00044601693 2.187664e-05 0.16450788 0.00016723243 8.912476e-06 9.708775e-06 1.4596532e-05 0.08803268 0.032669783 8.247415e-05 6.5932736e-06 0.009487884 5.0687195e-05 4.7647238e-05 0.06802273 7.0265132e-06 2.392779e-06 7.444178e-05 0.025270032 5.0226306e-05 0.0026825585 2.4289502e-05 0.031118188 0.0036396035 0.00036495266 0.007648614 3.268176e-05 2.1361036e-06 8.8487155e-07 0.022952905 1.435117e-07 0.0049113333 6.754584e-05 4.6577793e-06 0.0031617715 3.7846086e-05 1.8216857e-05 0.00022993342 6.4711644e-06 1.3363896e-05 0.019955616 8.638564e-06 1.1794183e-05 3.8103815e-06 1.2726751e-06 1.42186045e-05 0.00071127067 0.00030898105 4.861738e-06 0.0038741624 3.127795e-06 1.8385201e-06 1.3538961e-07 0.050644692 1.4826706e-07 3.2590874e-09
0.9022956 0.0017833753 0.00059060147 0.032046173 4.2026088e-05 0.2912095 2.5908072e-05 0.45461473 0.003352079 0.007297526 0.77727526 3.3281915e-05 0.027512716 0.94159067 0.26635206 0.0035222513 2.4834695e-15 0.54956144 0.8328785 6.6319753e-06 0.8971679 0.6666362 3.683001e-08 0.21568964 0.0003815869 0.119315736 0.4830644 0.03762485 0.11147127 0.21497501 0.43367362 0.49959263 0.023132887 5.1020685e-08 0.0003057479 2.9989524e-05 4.15583e-05 0.013033834 0.08157494 0.015740754 0.0021013906 6.6990897e-06 0.003891984 0.029899122 1.2493811e-08 0.23169936 0.07381016 0.000877308 0.018348709 0.0075311707 0.03223929 0.014100632 0.00087839173 0.0011565704 0.08628299 0.02749828 0.0016846989 0.009504879 0.0050507286 0.001871212 0.00061332353 0.0007361431 8.102526e-07 0.0016622767 0.0012385631 4.4270274e-07 0.009057094 0.001524439 0.0039508934 0.0030449552 0.003698998 0.0017018107 0.00020156984 9.8042336e-05 0.0030148062 1.02550375e-05 0.00023844077 0.004894375 0.00025332096 0.0030243536 0.005421419 0.0010927676 2.5392816e-05 0.00017847304 0.00013512345 0.0009198363 1.7824857e-07 0.0005533719 0.0014133642 0.00015552466 0.0003929848 0.00010075959 0.00011018803 0.00012835086 0.00014340725 0.00015290013 0.000118120406 3.363161e-05 0.001975558 2.240406e-05 5.480958e-07
0.9315123 0.0036339122 0.0040004686 0.14510128 0.00028872583 0.05028474 0.0003854955 0.32182136 0.0016118246 0.001092293 0.7133128 0.0009537885 0.0025425665 0.52146435 0.8757408 0.10716172 0.54956144 2.7843234e-17 0.88727814 5.380717e-05 0.54070365 0.14337738 6.944854e-07 0.023460494 0.017153636 0.7886228 0.1225772 0.53157735 0.62720096 0.56939673 0.08097909 0.12379696 0.4221951 4.7436115e-06 0.001519562 0.0005560694 0.00046747853 0.21842717 0.012666471 0.2971479 0.0723813 0.00016299372 0.10244357 0.0026964424 1.6715172e-06 0.14026858 0.035328038 0.012192029 0.16366464 0.0012744758 0.03528545 0.00080484356 0.010585347 0.032129746 0.07843977 0.0066982787 0.03168116 0.00059395126 0.018136892 0.009220588 0.0036246278 0.0025930852 1.8377434e-06 0.027808713 0.007621836 1.3076725e-05 0.00035858995 0.01010576 0.038690325 0.038190585 0.03550455 3.814961e-05 0.0013759339 0.0003267399 0.00798744 2.0375817e-05 0.00019651066 0.0009788328 1.5636171e-05 0.021303337 0.0015865617 0.000116791256 1.6015494e-05 0.00061808474 0.00051045534 0.0037766157 1.4855515e-06 0.0017307597 3.7177702e-05 0.00051352335 0.00012002253 0.00014003701 0.0017695307 8.0341364e-05 0.00035800034 8.85227e-05 7.1856586e-05 6.2892555e-05 0.0031524394 6.187759e-07 9.781772e-07
0.8913201 0.005324531 0.0021006784 0.062693305 0.0005018463 0.08040739 0.00031678745 0.15598483 0.0022331397 0.002259628 0.83316875 0.00045393175 0.008893102 0.85205835 0.44528535 0.015841978 0.8328785 0.88727814 1.084935e-15 3.5330264e-05 0.6247087 0.25346893 4.5290128e-07 0.0791245 0.003131133 0.32597136 0.2326589 0.13891177 0.6629338 0.6598268 0.19514787 0.30782485 0.17239046 2.8482618e-06 0.0018550467 0.0007913703 0.00030311724 0.12509552 0.06532857 0.2603256 0.033958998 0.00015138723 0.07069746 0.010523726 4.4697302e-07 0.29347214 0.117507994 0.0042221695 0.12787984 0.0051053306 0.0978966 0.0015885519 0.004461626 0.010817421 0.2108668 0.03923441 0.029355355 0.0045033186 0.03656744 0.004442211 0.00780809 0.006541104 4.1734784e-06 0.009406169 0.012299851 1.51359445e-05 0.010484488 0.0049280715 0.026139544 0.027322475 0.014977287 0.0007942388 0.0023168928 0.000947852 0.0059388243 0.0001633236 0.0005379447 0.026856277 4.877023e-05 0.013591369 0.013903578 0.0017603086 2.1100286e-05 0.0007321208 0.0009681093 0.0031514624 1.2283257e-06 0.0046011903 0.0021055816 0.0014705874 0.001446848 0.00048757278 0.0013270285 0.0009831954 0.00083015044 0.00055111124 0.00038533213 0.00027524438 0.0028163835 6.053122e-06 2.1063131e-05
0.77136165 0.0041266447 0.20099112 0.0016701312 0.42272976 8.202489e-06 0.53811276 1.5899863e-05 0.00015967384 1.5180033e-05 5.4116557e-05 0.81953716 5.272032e-05 6.8005434e-06 0.00011359929 0.03918745 6.6319753e-06 5.380717e-05 3.5330264e-05 1.458002e-16 1.8722839e-06 5.2433506e-07 0.9886718 2.0140679e-07 0.056714483 5.020064e-05 1.9896854e-06 0.00020721742 2.227964e-06 2.9917978e-06 9.406563e-07 6.800828e-06 6.5980894e-05 0.058174428 0.4823941 0.80124754 0.16357087 7.654947e-05 2.2582425e-07 0.000119849465 0.00033586437 0.38108715 0.00016421289 4.963957e-06 0.00977775 4.4946937e-05 1.3647145e-06 0.027134951 1.3121886e-05 2.4480822e-05 6.5081445e-06 5.5844466e-05 0.0018486324 0.0007323356 0.00059176935 8.763839e-06 0.0005092986 4.9660048e-05 9.96727e-06 0.007598231 4.278394e-06 1.1246807e-06 0.21357742 0.0006233229 1.4127519e-05 0.06517238 3.1848118e-05 0.0018597662 0.0003949366 1.8571476e-05 0.00013940342 6.980954e-06 1.9303676e-05 4.0502873e-05 0.0037345374 2.1190276e-06 0.031265866 0.00034939806 9.6185926e-05 0.0001142939 0.0027201006 0.00011407752 0.00076970906 1.962101e-06 3.349877e-07 0.0022012747 3.145667e-05 0.00037160882 1.3262445e-06 1.5503255e-06 7.3578085e-05 0.0069239605 9.591541e-07 0.0022019153 0.016480727 5.26449e-05 0.003170203 1.9373536e-05 0.16436867 6.303116e-06 1.7692784e-06
0.8687846 0.00061877246 0.00017895368 0.031468425 6.212093e-06 0.21164761 1.8951431e-06 0.2704559 0.00059086963 0.0016461414 0.51345223 2.0428145e-06 0.008653746 0.5748078 0.3284226 0.0027882783 0.8971679 0.54070365 0.6247087 1.8722839e-06 4.0253134e-19 0.9638061 1.8511699e-08 0.26079684 6.596906e-05 0.06136378 0.66208845 0.010805269 0.12297259 0.16805655 0.43483233 0.5119451 0.0037438374 4.841031e-07 0.0001458552 3.8137111e-06 1.3205733e-05 0.0016533645 0.13388437 0.001650872 0.00021652445 3.1780306e-07 0.0004239074 0.031015245 9.720921e-08 0.3786643 0.098226696 0.00026519442 0.008945303 0.004399379 0.058215573 0.011923131 0.0001336468 0.0001083418 0.095002346 0.015048414 0.0004092167 0.008285876 0.0050458373 0.00037511264 0.00019120648 0.00041759392 3.185225e-07 0.000109593406 0.00043356398 7.044421e-08 0.009246437 0.000193391 0.0011628025 0.0010685221 0.00038391608 0.0039508296 1.895945e-05 1.6416816e-05 0.00066743157 4.122148e-07 0.0003248158 0.0006979067 0.00041939566 0.0012561586 0.0005393666 0.0012103439 2.1163769e-05 5.01307e-05 2.942634e-05 9.241222e-05 5.192328e-08 4.3360385e-05 0.0002969844 9.628211e-05 6.0589693e-05 0.00027277783 3.994733e-05 2.7949914e-06 0.00013447244 5.1940155e-05 3.3076718e-05 2.1209848e-06 0.0009117124 1.0690383e-05 1.18261285e-08
0.58364457 0.00035942416 8.294276e-05 0.025954027 6.194965e-06 0.26713344 8.791116e-07 0.35616755 0.0022010545 0.0090587875 0.22500019 7.0221824e-07 0.058593683 0.27088484 0.060144924 0.0014204185 0.6666362 0.14337738 0.25346893 5.2433506e-07 0.9638061 3.4931883e-18 1.0468799e-08 0.79899234 0.00016643418 0.011196184 0.9190123 0.006760907 0.005281961 0.016285209 0.78593045 0.6811582 0.0003423617 5.6164307e-08 6.6872075e-05 6.301542e-06 1.6899945e-05 7.0086484e-05 0.44034865 0.00043490657 2.9496523e-05 1.8901002e-06 7.830838e-05 0.13299799 4.8058293e-08 0.10453081 0.09822214 4.202577e-05 0.00030291034 0.010625136 0.008801351 0.052179955 7.309649e-05 9.3138886e-05 0.031899463 0.015772594 5.8376834e-05 0.021069475 0.00045385858 0.00012947046 9.3340595e-06 2.3750945e-05 2.7161988e-07 0.0001927802 3.5115885e-05 1.4689202e-07 0.0048347223 0.00020556309 0.00011945659 3.9721483e-05 0.00018351917 0.0058628186 9.009621e-07 9.358969e-07 0.0002356325 1.4739156e-07 0.00014551009 0.00018667051 0.0005531572 0.00026987257 9.8218654e-05 0.00043467642 1.489719e-05 3.6160147e-06 2.9327703e-06 0.00013063221 6.7165146e-08 1.9512072e-06 0.0001539294 2.4990093e-06 5.4470424e-06 2.7736703e-05 4.757801e-06 3.453149e-07 1.9344754e-05 8.6216105e-06 1.8696644e-06 1.3422996e-07 0.00022896471 2.0907598e-06 5.3653793e-09
0.3764612 0.0009200753 0.030208848 0.00034961008 0.5061257 1.3187297e-07 0.33147997 2.605888e-07 1.1082282e-05 2.2432828e-06 7.878689e-07 0.6934244 9.935376e-07 9.8134706e-08 2.0796091e-05 0.011153421 3.683001e-08 6.944854e-07 4.5290128e-07 0.9886718 1.8511699e-08 1.0468799e-08 7.6032025e-20 1.1271878e-08 0.012304315 1.759402e-07 5.0499427e-08 3.7441764e-06 1.115342e-08 1.1045789e-08 1.5495598e-08 7.256939e-08 5.952486e-07 0.39928585 0.36443904 0.87248427 0.26057366 4.2008853e-07 4.2323194e-09 6.533532e-07 7.668979e-06 0.40641108 1.099593e-06 2.2332617e-07 0.06792894 1.557963e-06 1.18618495e-07 0.0065596667 6.611855e-08 2.546562e-07 1.4617568e-07 6.641719e-07 0.0003500032 1.2063791e-05 0.00010246782 4.7229167e-07 3.768488e-05 7.667583e-06 5.7634907e-07 0.0019701817 3.218749e-08 1.0826194e-08 0.38780615 3.4518194e-05 8.7687255e-07 0.105419785 9.659678e-06 0.00035009917 8.375085e-06 1.3478346e-07 8.958185e-06 9.997518e-07 2.650299e-07 2.4903132e-08 0.0012692215 3.2639087e-09 0.030092156 9.370194e-05 5.7006123e-06 2.3916473e-06 0.0020755394 1.7441995e-05 0.0031609377 4.551431e-08 3.4985533e-08 0.0010001439 2.6744838e-05 0.0003062224 5.96752e-07 2.5535534e-09 8.899134e-06 0.0047331164 6.6370967e-09 0.0003817769 0.011465733 3.1980314e-06 0.00014622023 1.0126837e-07 0.1676781 6.5488365e-08 3.7231804e-09
0.11776033 0.01214986 0.00018856693 0.065188974 0.00027320295 0.5827988 1.2122995e-06 0.37776402 0.053948347 0.3695344 0.2293143 4.9504104e-07 0.9215456 0.12775114 0.024595728 0.00046032536 0.21568964 0.023460494 0.0791245 2.0140679e-07 0.26079684 0.79899234 1.1271878e-08 1.17123315e-17 4.3423265e-06 0.00033454984 0.46810415 2.8474726e-05 0.00023117303 0.0007377578 0.54490715 0.15619233 1.0142887e-06 1.9608494e-08 5.40183e-06 9.1479116e-08 4.045973e-06 4.828702e-07 0.8500746 2.6046296e-06 1.8219356e-07 3.5594016e-07 3.315001e-07 0.8300237 1.4741848e-08 0.0050303205 0.008459253 3.6683643e-05 2.4419984e-07 0.24522994 0.0010245752 0.91235936 2.8334207e-06 8.808542e-06 0.004782718 0.008816519 4.7187323e-06 0.093431845 6.2422645e-05 1.7481547e-05 2.6348332e-07 1.8425965e-07 3.2113613e-07 8.7222616e-05 3.62014e-07 1.3851755e-07 0.0017593588 0.00032750668 2.4403678e-06 4.0957838e-07 1.6114418e-05 0.0024729993 2.476356e-07 5.7431535e-08 0.0006455204 5.987874e-10 0.0008006719 2.735708e-06 0.002064384 2.0001084e-05 1.18634105e-07 7.072529e-05 3.3221949e-07 9.6520765e-09 5.8126446e-09 0.0002463029 1.7161325e-08 4.1376328e-08 3.469643e-06 8.4702506e-08 7.140752e-08 5.793663e-05 7.286742e-07 2.8384509e-08 0.00013312233 7.2697335e-06 9.360257e-08 5.9477077e-09 0.0006032764 3.0640788e-06 3.361069e-08
0.96306413 0.0007198039 0.4436003 0.109279655 0.006954342 0.00040039304 0.11399089 0.0046425 0.000360473 0.000170199 0.0064846426 0.58225584 0.00021920989 0.0007167228 0.3023677 0.9550899 0.0003815869 0.017153636 0.003131133 0.056714483 6.596906e-05 0.00016643418 0.012304315 4.3423265e-06 8.239032e-15 0.09277996 0.00018420002 0.36919796 0.00068047765 0.00043208236 7.826635e-05 6.806724e-05 0.093024775 0.0016711692 0.16904363 0.045637634 0.3316439 0.047699027 1.1396534e-05 0.00922767 0.22787444 0.039719906 0.008818666 3.2565837e-05 0.0005054422 0.00017919 1.4974334e-05 0.87599754 0.0009899127 5.00551e-06 1.2673913e-05 1.5833232e-06 0.47498387 0.23023659 0.00013839641 8.894034e-06 0.017374428 3.4085704e-05 0.00018197054 0.39695358 1.2925389e-05 2.4473818e-05 0.0015319124 0.06155186 0.00017559384 0.0064001 1.8386543e-05 0.09129151 0.007696291 0.0008683382 0.011994301 2.5022475e-06 1.567686e-05 1.163949e-05 0.054030526 2.042679e-07 0.0052828933 4.9288912e-05 3.255155e-07 0.002231942 9.166391e-06 7.3508545e-06 0.0006050932 1.8387103e-05 2.9299792e-05 0.040524043 2.6301159e-05 7.2063044e-06 1.1006389e-06 1.3499019e-05 3.3820703e-05 0.001685897 0.00066062086 3.670693e-06 0.008381297 5.601758e-06 3.0443423e-06 1.0668562e-06 0.11944658 1.2093375e-08 2.942785e-09
0.929585 0.0005326854 0.0075970455 0.06860774 4.5389366e-05 0.0071392823 0.00016328155 0.09550341 0.00026889273 0.00016305839 0.16171378 0.0009866374 0.00081834715 0.07629827 0.75465006 0.17120193 0.119315736 0.7886228 0.32597136 5.020064e-05 0.06136378 0.011196184 1.759402e-07 0.00033454984 0.09277996 3.712994e-18 0.0070343185 0.9629335 0.3731206 0.3109761 0.00255993 0.004827993 0.87362915 4.0556192e-06 0.0011442369 0.00028871125 0.0006881228 0.5558416 0.00016818999 0.6460019 0.33892307 0.00010870186 0.31750232 0.00019271439 6.4599516e-07 0.024572065 0.0013909895 0.02390827 0.19203259 6.9410475e-05 0.005047353 6.402245e-05 0.037643537 0.13875799 0.014273209 0.00028022536 0.14743172 0.0001283571 0.0024184068 0.015138082 0.0010558524 0.00040769772 3.3657102e-06 0.08256925 0.0030195569 4.56507e-05 1.30258195e-05 0.05231153 0.08385825 0.07566411 0.0779027 6.551286e-06 8.705026e-05 5.301643e-05 0.021544 8.5902675e-06 0.00010136796 0.00039544483 6.395779e-06 0.04369364 0.00082430046 9.741551e-06 2.4396024e-06 0.00017839544 0.00034864867 0.011840446 2.7042875e-08 0.00066072826 1.4840498e-05 0.00014962866 4.50715e-05 5.2783354e-05 0.0032814373 3.0598287e-05 0.00028050906 2.283579e-05 8.6046115e-05 2.863593e-06 0.009078007 9.320241e-07 3.3450215e-07
0.51797247 0.00018963347 4.499214e-05 0.0027223171 5.271049e-06 0.049790792 6.8998503e-07 0.1567103 0.000102767975 0.0006412572 0.15902187 5.047634e-07 0.0075044073 0.14641644 0.02815677 0.0014023868 0.4830644 0.1225772 0.2326589 1.9896854e-06 0.66208845 0.9190123 5.0499427e-08 0.46810415 0.00018420002 0.0070343185 6.671798e-20 0.0033895473 0.018337283 0.031427916 0.9367257 0.9098215 0.00030764265 4.1349563e-07 3.2002423e-05 5.503971e-06 1.2794139e-05 4.9797014e-05 0.6596204 0.00020932619 5.9438207e-06 7.3500587e-07 2.3870274e-05 0.3141031 2.1470434e-07 0.3125073 0.41143823 0.0001785052 0.0009338423 0.03496351 0.02832813 0.06878507 2.9427936e-05 4.3017786e-05 0.112757005 0.1700258 6.7615e-05 0.051878855 0.0015393352 6.794641e-05 5.5932673e-05 0.00030984092 1.2897338e-07 9.233241e-05 4.8537488e-05 5.4787655e-08 0.028432962 8.8993664e-05 0.0003568324 0.00026853982 0.00010886006 0.0170984 4.9880637e-06 1.6800906e-05 0.00042424267 2.1572748e-07 0.00014273555 0.0008279185 0.0017626118 0.0005489509 0.00017693812 0.0027316194 6.779698e-06 3.1687094e-05 1.1635883e-05 0.00013729218 5.2990416e-08 4.7491203e-06 0.00097955 3.8841692e-05 3.429991e-05 9.582574e-05 3.2825916e-05 1.9524655e-06 0.00016303133 0.00020519781 3.2608972e-05 3.9992875e-07 0.0010312874 1.4889222e-05 8.4225285e-09
0.8695694 0.00026615415 0.01630148 0.04300714 0.00011117093 0.0032009901 0.0005947513 0.061604008 0.00015760995 9.217606e-05 0.08470079 0.0021030256 0.00034976128 0.024958238 0.57385206 0.31516132 0.03762485 0.53157735 0.13891177 0.00020721742 0.010805269 0.006760907 3.7441764e-06 2.8474726e-05 0.36919796 0.9629335 0.0033895473 4.9741857e-18 0.08283907 0.067534894 0.0012488794 0.0015401839 0.95559496 8.705546e-06 0.0042746 0.00070744037 0.005280027 0.51543605 2.8695158e-05 0.439537 0.47992486 0.0008759737 0.27907342 2.3249506e-05 1.0227047e-05 0.005843256 0.00010402112 0.14468522 0.035195366 4.0743353e-06 0.0004955205 5.375954e-06 0.10156818 0.34317613 0.0021436964 1.5709724e-05 0.18817995 9.108494e-06 0.00053309556 0.04484176 0.00010235775 0.00014450762 6.232726e-06 0.113635845 0.0006744331 0.00018742238 1.6620214e-06 0.06400973 0.0426786 0.016097909 0.05378714 1.1997777e-06 2.36287e-05 5.0778348e-05 0.021321246 8.193499e-06 0.0008464519 4.7705118e-05 9.03223e-07 0.025454326 0.00022174268 1.1803075e-06 2.341798e-05 6.886985e-05 7.518895e-05 0.016129196 7.066946e-07 6.8144334e-05 7.445513e-07 5.5638633e-05 4.6514356e-06 0.00010068256 0.0016839977 4.1283743e-06 0.00088253175 2.1570888e-06 6.182819e-06 1.5526499e-06 0.014971902 3.5959214e-08 6.7066445e-08
0.8494132 1.4424188e-06 2.5057795e-06 0.00014641377 6.684982e-07 0.00031594955 1.588126e-06 0.0032054516 5.6999716e-06 1.2481825e-05 0.051328912 4.4574263e-06 0.00027238997 0.048774954 0.07121584 0.0002796834 0.11147127 0.62720096 0.6629338 2.227964e-06 0.12297259 0.005281961 1.115342e-08 0.00023117303 0.00068047765 0.3731206 0.018337283 0.08283907 1.3950437e-19 0.98967505 0.0060002427 0.031002745 0.10385793 3.42383e-07 0.00011095666 8.236081e-05 3.262644e-06 0.101870745 0.0020886818 0.28281248 0.026596 9.990928e-06 0.05097799 0.0004730754 2.8859446e-08 0.18279812 0.02150142 0.0016988054 0.56377983 0.00028308065 0.19810829 2.0429638e-05 0.0005094929 0.011475305 0.06518957 0.0071725417 0.029116858 0.00014134223 0.29144964 0.0010855776 0.14446671 0.043624844 7.9646986e-07 0.008345286 0.0815447 7.849687e-07 0.0012306029 0.0024334623 0.062380534 0.14263484 0.03210147 0.00052803877 0.012945059 0.004162214 0.0032150864 0.0003136987 0.00013995063 0.005696483 2.8331124e-06 0.06385722 0.01629962 0.00011004616 3.300936e-06 0.008165667 0.007757996 0.00082648353 2.5408949e-07 0.006906043 7.076496e-05 0.0067259157 0.00025718284 7.610645e-05 0.011420902 0.000317936 9.615768e-05 1.3174965e-05 2.356926e-05 0.00043137523 0.0013416437 2.3394432e-07 7.823602e-06
0.8433544 3.3502285e-05 1.1159491e-05 0.00051833567 3.0267367e-07 0.001598855 1.4364335e-06 0.005886289 1.655841e-05 1.4310417e-05 0.07182747 3.624781e-06 0.0003590536 0.10504981 0.109923445 0.0002916001 0.21497501 0.56939673 0.6598268 2.9917978e-06 0.16805655 0.016285209 1.1045789e-08 0.0007377578 0.00043208236 0.3109761 0.031427916 0.067534894 0.98967505 2.0616465e-19 0.02610269 0.10199117 0.105078466 7.291664e-07 6.285495e-05 2.6430327e-05 3.400977e-06 0.10119691 0.0044894917 0.2569976 0.017677875 1.0819244e-05 0.059113894 0.0011513688 4.3911914e-08 0.4102625 0.05150011 0.0014609457 0.4515261 0.0008041764 0.30766267 1.8526243e-05 0.00035674428 0.006139413 0.12433426 0.013547357 0.024995612 0.00048401617 0.2420982 0.0008542411 0.28163752 0.04468315 3.5631072e-07 0.0063585113 0.07742722 1.8295795e-07 0.003713178 0.003048353 0.060678653 0.12314606 0.030757561 0.0006841929 0.007191559 0.0048209694 0.0036548488 0.00041930212 0.00011805216 0.014279935 4.028036e-06 0.060808137 0.03101816 0.00029213453 1.958958e-06 0.010706907 0.0069635403 0.0019710236 6.7450145e-08 0.009503274 0.0005382254 0.006608367 0.0008755962 2.5819227e-05 0.009428587 0.00082902506 4.2770873e-05 3.1690543e-05 8.766117e-05 0.00018255283 0.0011121891 1.4193994e-06 1.3532894e-05
0.31960025 0.000107314096 5.0927642e-06 0.0016386169 1.5776723e-06 0.015043147 3.057979e-07 0.07349427 3.8941314e-05 0.0002516609 0.07858279 1.6114907e-07 0.0026994385 0.09593359 0.009288316 0.00085045595 0.43367362 0.08097909 0.19514787 9.406563e-07 0.43483233 0.78593045 1.5495598e-08 0.54490715 7.826635e-05 0.00255993 0.9367257 0.0012488794 0.0060002427 0.02610269 7.5996686e-19 0.95484704 0.0001205639 8.063985e-08 4.185526e-05 1.3227949e-06 4.801652e-06 1.8183879e-05 0.79619277 0.00010140654 8.123876e-06 4.4585803e-07 1.4898355e-05 0.46283248 5.1488463e-08 0.30962467 0.48109868 5.950279e-05 0.00051163876 0.13446692 0.021613188 0.1431378 1.555262e-05 7.327118e-05 0.16570188 0.24753766 0.000109464716 0.14651433 0.0013988091 5.9454742e-05 5.23628e-05 0.00025661592 3.0176838e-07 0.00018851462 4.9820905e-05 4.4420297e-08 0.03090275 0.00016667723 0.00027125143 0.00012399848 0.00022459714 0.028441098 2.796228e-06 1.0451827e-05 0.00060361944 3.8935522e-07 7.238509e-05 0.00094955595 0.0027148346 0.00082896894 0.00019899437 0.002805235 1.096989e-06 3.122399e-05 1.0685613e-05 0.00037792366 8.426401e-09 3.987058e-06 0.0011647836 1.1514643e-05 1.8833842e-05 2.5001234e-05 2.2530861e-05 1.7289739e-06 6.027916e-05 9.4955045e-05 1.4742586e-05 1.372413e-07 0.0006699355 1.4896524e-05 2.2658002e-08
