3.1740737e-19 0.8325918 0.8917334 0.7292679 0.82050174 0.04931592 0.038033992 0.21115008 0.08917507 0.85490376 0.3936354 0.98197746 0.14902495 0.952174 0.18773513 0.9235487 0.024148468 0.93136764 0.9809292 0.03324238 0.7647898 0.9545613 0.987788 0.85307956 0.14043769 0.55332255 0.9866298 0.016926253 0.9235945 0.8114507 0.4717103 0.95173424 0.9316419 0.954075 0.7955358 0.7599997 0.91616625 0.88901854 0.9683619 0.9451399 0.30270997 0.007888528 0.9905242 0.046999868 0.0028687469 0.838125 0.81236434 0.91815215 0.9659596 0.97454983 0.9267611 0.986719 0.8839217 0.8918739 0.89360404 0.3927992 0.27166617 0.7982073 0.838214 0.16952193 0.94977707 0.56847477 0.8512426 0.9254106 0.8621207 0.8725043 0.99434084 0.87726885 0.83263004 0.0016689841 0.8768956 0.89084345 0.3379076 0.99195796 0.8421822 0.77237076 0.07066495 0.97952664 0.9637422 0.037939433 0.17267458 0.058893275 0.9925465 0.8941918 0.89991975 0.022373678 0.9921586 0.0037678971 0.12519373 0.004341178 0.050583426 0.75430423 0.8731172 0.9991306 0.8935967 5.254845e-05 0.2364261 0.41132292 0.98562944 0.9999986 0.00612399
0.8325918 6.9123325e-16 0.72641265 0.9943437 0.46007928 0.61383873 0.28469297 0.173242 0.33196267 0.13235109 0.02873717 0.30466154 0.49916106 0.025317764 0.0075286683 0.007872487 0.0013530566 0.76425225 0.7903485 0.0008374597 0.00067470165 0.11157274 0.00050250057 0.0019465376 0.00023882995 0.00015181764 0.32093674 9.006021e-05 8.8249e-05 0.0008878832 2.8644357e-05 5.2845204e-05 1.5120073e-05 2.6253547e-05 6.86712e-05 0.0024318905 8.159578e-06 4.560842e-06 0.018927999 0.004354295 5.0000875e-07 2.3801622e-05 0.029908758 1.52177345e-05 5.5803033e-09 4.4512646e-05 1.9109482e-05 3.5199694e-06 2.5055094e-06 2.2557544e-05 1.2137699e-06 0.001780753 0.0016094337 0.0021024833 1.1124097e-05 1.5138803e-05 9.486694e-06 3.5624143e-07 2.603955e-07 2.121868e-05 0.0028555985 8.715668e-07 2.639662e-07 6.392563e-07 3.768184e-08 1.2567875e-07 0.0013509073 8.993967e-06 2.1234285e-07 7.787698e-06 4.057476e-06 0.027718924 1.3526925e-06 0.016725156 9.656902e-07 4.9085397e-08 1.1897539e-05 0.006509886 0.005057462 2.1768742e-06 2.9854465e-07 2.012737e-07 0.002434941 1.7907993e-05 1.7635708e-06 3.9254573e-06 0.00017893215 1.400939e-06 1.1437473e-07 1.9497739e-07 1.6679376e-06 3.3207507e-05 1.0065347e-06 0.00043023427 3.3500097e-08 7.8656287e-10 1.1468292e-06 9.947304e-07 4.1205863e-06 0.01225825 5.685226e-08
0.8917334 0.72641265 1.9544574e-15 0.7564073 0.97473025 0.61884767 0.866107 0.0007202331 0.9428581 0.00038460703 0.0002572962 0.004512284 0.21232629 0.5448714 0.8931623 7.395728e-05 0.27573812 0.707703 0.6631422 0.09809369 2.4789695e-05 0.50490654 6.2922016e-05 0.037327047 3.025884e-06 0.01026456 0.018189432 0.00015694712 0.0016841968 0.0066043665 2.5852216e-05 9.132787e-06 7.494611e-07 1.1998739e-06 2.0438708e-06 0.007481515 0.000116751944 3.7742277e-07 0.00036524166 4.816059e-05 0.0019964506 0.008378464 0.038780004 0.00018204465 1.6656908e-05 2.705224e-06 1.3554081e-06 1.1693982e-06 0.00012964713 3.94743e-06 1.0284542e-06 0.0033619974 7.347046e-05 0.001870732 7.0340225e-06 4.5277735e-05 8.244057e-05 1.5821072e-07 1.8967107e-08 4.6534653e-05 1.8295306e-05 8.778803e-08 3.6932782e-08 1.7743804e-07 4.4858613e-08 2.1404358e-07 0.0015164806 9.5924566e-05 1.0563941e-07 1.1351065e-05 2.4655773e-07 0.011420614 9.3671384e-05 0.00407113 1.5476193e-06 6.5497865e-08 5.020909e-06 0.0024631864 0.0010224278 0.0003015807 1.2876794e-06 1.8733356e-06 0.00056406023 4.0144583e-05 1.4671008e-06 3.4100327e-07 3.6734525e-06 6.5209424e-06 1.0709939e-06 2.0938438e-07 5.5187197e-06 9.0801103e-07 8.5060276e-07 0.0019770782 1.2731498e-06 3.534556e-09 2.4914338e-05 4.2397936e-05 1.5569427e-06 0.0029810667 1.5627247e-06
0.7292679 0.9943437 0.7564073 8.356169e-17 0.9575293 0.16842769 0.102837496 0.0051382445 0.12800168 0.00962296 0.00096184044 0.012578014 0.022681573 0.23030216 0.056082934 0.00048266948 0.009341648 0.67365146 0.63447136 0.00093355426 3.6070305e-05 0.19244088 2.6995995e-05 0.014600613 2.9452378e-06 0.00020014851 0.07676966 1.3745796e-05 0.00070560665 0.0024198268 1.177054e-05 4.189254e-06 5.359893e-07 2.8605823e-06 8.255579e-06 0.008172475 1.9832569e-05 3.0427267e-07 0.0036781207 0.0010487888 5.934719e-06 5.7740046e-05 0.057769243 6.359569e-07 5.004092e-08 3.0157578e-06 2.398939e-06 3.2024002e-07 1.7491935e-05 1.602621e-06 6.2162025e-07 0.0059167515 0.00051269325 0.0030831452 1.8340141e-06 4.627252e-06 2.075973e-05 2.9674345e-08 1.5157445e-08 1.22534175e-05 0.00070710387 6.6517124e-08 2.9577826e-08 1.1172759e-07 8.402119e-09 1.8839078e-08 0.0018779679 2.3075332e-05 3.023279e-08 1.1270922e-06 4.2033943e-07 0.01482181 6.6585803e-06 0.011323431 8.8730744e-08 2.814579e-08 1.8876109e-06 0.004962324 0.003237768 1.2952071e-06 1.1036797e-06 1.8185283e-07 0.0015459408 7.644167e-06 1.8526559e-07 4.0475186e-07 1.0487493e-05 1.355758e-07 6.592098e-08 4.9756533e-08 1.5860555e-06 1.5880776e-06 9.350193e-08 0.00053766725 9.475033e-09 9.3011987e-10 4.780084e-07 6.928438e-08 1.0546466e-07 0.00859491 1.3652586e-08
0.82050174 0.46007928 0.97473025 0.9575293 1.1112107e-14 0.031669788 0.17148322 0.00017660568 0.27990448 0.0006787834 0.00012015733 0.0006823867 0.003233371 0.8929833 0.48422068 7.4003205e-05 0.112014875 0.86190856 0.67010814 0.050677944 5.695227e-06 0.66112906 4.9894056e-06 0.28340396 2.736238e-06 0.0025497419 0.023558237 2.9436724e-05 0.010839969 0.02026602 2.955591e-07 2.9144078e-06 2.0250864e-07 2.4280478e-06 2.1619965e-06 0.019819226 0.00028833977 4.607153e-07 0.00088444434 0.0002297162 0.0013605491 0.000659718 0.11875305 5.0965565e-07 4.0777584e-05 2.9225657e-06 2.951871e-06 4.2474989e-07 0.00026015512 5.793502e-07 4.2097528e-07 0.016114628 5.2812306e-05 0.004691476 1.4982497e-06 2.3985854e-07 0.00023877413 3.2201797e-08 2.9222699e-08 0.00013654411 7.164057e-05 5.7104717e-08 3.177253e-08 2.3789526e-07 4.8044067e-09 3.67477e-08 0.0023303283 0.00014386134 5.9451697e-08 4.127768e-06 4.4033595e-07 0.009647081 0.00015168451 0.0059208386 1.0764018e-07 1.0602166e-08 3.5712517e-05 0.0012351059 0.0012222704 8.5650674e-07 1.1350177e-05 1.853933e-08 0.00041065828 1.1072973e-05 3.3993732e-07 1.0734343e-05 3.8225958e-06 1.15372536e-07 1.0933444e-07 1.8559215e-08 1.9122333e-05 1.0164025e-06 3.6119462e-07 0.0012100097 5.4533686e-08 3.0850886e-09 2.022971e-05 1.3432043e-06 2.249849e-08 0.008225382 3.578126e-08
0.04931592 0.61383873 0.61884767 0.16842769 0.031669788 4.001984e-17 0.6723276 0.7220812 0.47788906 0.17851919 0.01715617 0.019624146 0.9992367 0.00022836043 4.1308613e-05 0.0030821718 2.084802e-05 0.0055833147 0.012218171 3.6505048e-06 0.00054069486 0.0010427828 0.000525473 0.00021094522 0.00036301572 1.2318368e-06 0.0022315367 0.004347546 2.7227272e-05 4.4097935e-05 0.0003743259 3.382967e-05 1.4219527e-05 2.54511e-05 5.2659212e-05 0.000121459096 2.380132e-06 1.792119e-06 0.00020231091 0.00013187692 5.2356006e-07 1.5517522e-05 0.00015806498 6.662547e-05 4.049924e-09 2.3204251e-05 9.025311e-06 6.503025e-06 0.00017200437 1.573601e-05 8.122815e-06 3.1170377e-05 4.3501623e-05 6.913334e-05 7.643141e-06 2.6248529e-06 1.0171672e-05 1.3815904e-06 3.495099e-06 4.5224415e-06 1.3872987e-05 3.858412e-06 1.4672869e-06 5.697015e-06 6.0507006e-07 9.045479e-07 2.7781418e-05 6.050046e-06 5.550585e-06 9.386463e-05 8.004711e-06 0.00056038715 1.270777e-06 7.21033e-05 2.2365228e-05 1.0878057e-06 1.8283927e-06 0.00010717726 0.00016884826 9.368778e-06 1.2649485e-07 5.589689e-07 0.00032857945 0.00021635373 3.882573e-07 3.220628e-06 2.9189084e-06 2.8682598e-05 9.004287e-07 8.425473e-08 2.111484e-07 2.3209684e-06 1.7583423e-05 0.00033072507 2.368265e-06 1.1520266e-07 5.622827e-07 5.759241e-06 7.65913e-07 0.0007603217 5.952168e-09
0.038033992 0.28469297 0.866107 0.102837496 0.17148322 0.6723276 2.4789412e-18 0.0010104149 0.99988145 0.00028186434 3.85531e-05 0.0015903958 0.026498001 0.044002663 0.0011219105 1.598473e-05 0.0014208716 0.020188875 0.027147356 0.00014372476 1.5215601e-05 0.0049575022 6.7422106e-06 0.0002845867 1.5515901e-06 1.8475905e-05 0.0006233214 0.00016669677 1.0233994e-05 1.7395681e-05 2.332674e-06 8.064408e-06 5.254481e-06 2.5315817e-06 2.409163e-05 3.3261294e-05 2.4257242e-06 2.7833073e-07 2.8912908e-05 2.8513273e-06 1.03803636e-07 0.00099668 6.539835e-05 4.335793e-06 9.814808e-10 8.368665e-06 2.7497754e-06 7.946209e-07 1.5251178e-05 1.900748e-05 1.0646181e-06 5.213491e-06 1.2517588e-05 8.865064e-06 2.3110117e-06 1.7092128e-07 2.889875e-06 3.9277737e-07 2.921848e-07 2.3327718e-06 1.3181575e-05 1.3129791e-06 6.2119597e-07 6.9885846e-07 9.1997215e-08 4.229207e-06 8.4910625e-06 1.7116051e-06 4.6921937e-06 4.33844e-06 5.535381e-06 0.00017458313 4.2878648e-07 7.5766744e-05 2.6494807e-05 2.5834274e-07 3.2330252e-07 4.1026567e-05 2.9144678e-05 3.4162879e-06 2.0618625e-08 4.830318e-09 6.743687e-05 1.2357886e-05 6.0435605e-07 2.6428685e-07 3.991947e-06 2.4562823e-06 3.3214585e-06 2.0916335e-08 1.8229674e-08 6.649604e-07 5.969788e-06 0.000112696114 3.8684857e-06 1.3502281e-08 6.533092e-08 1.0643842e-05 4.191657e-07 0.00043148693 2.4860565e-08
0.21115008 0.173242 0.0007202331 0.0051382445 0.00017660568 0.7220812 0.0010104149 2.868121e-16 0.00053621526 0.89912236 0.99191093 0.39383373 0.9300386 5.569894e-05 1.2464144e-06 0.52982694 2.8651706e-07 0.003207586 0.015030449 5.3062655e-07 0.23573188 0.00039009968 0.046801668 9.320095e-06 0.4220696 7.1150566e-08 0.03350038 0.6659822 2.3134903e-06 5.051937e-06 0.005960391 0.00033761555 0.00027966284 0.00020325987 0.0005415391 1.9875986e-05 3.2608256e-07 3.1665164e-05 0.00473362 0.0016926915 3.2591696e-08 9.243064e-07 0.00027129284 0.0048907027 6.727319e-09 3.2337037e-05 1.3883086e-05 1.4054534e-05 3.3118429e-06 2.20404e-05 3.3506965e-06 5.6311714e-05 7.163408e-05 1.28018155e-05 1.2651271e-05 0.00037790978 7.7325376e-07 7.6822835e-07 9.111947e-07 4.2786166e-07 9.428766e-05 7.215523e-07 4.1953524e-07 1.1738172e-06 4.045697e-07 2.9532436e-07 3.519706e-05 3.6766282e-06 4.4939347e-07 0.00017261386 2.002283e-06 0.00072208274 1.132996e-06 0.00056472875 1.3324693e-06 1.338068e-07 6.419945e-07 0.00028127627 0.0002923444 0.00036591696 3.7596354e-07 3.3882766e-06 0.00045829374 8.962953e-06 3.253422e-06 2.0447587e-07 2.2646285e-05 0.00020416969 2.2269933e-06 6.325207e-07 9.0074985e-07 2.5107765e-06 3.993596e-06 0.0004019105 5.5407263e-06 1.2040796e-06 7.97361e-06 1.7104849e-05 5.942495e-06 0.0005625801 4.146507e-07
0.08917507 0.33196267 0.9428581 0.12800168 0.27990448 0.47788906 0.99988145 0.00053621526 1.6882492e-17 0.00019986488 2.1333219e-05 0.00054342276 0.009734291 0.057431467 0.026764417 2.8366501e-05 0.04618871 0.027951317 0.026752207 0.0044336594 4.895191e-07 0.0067048324 1.6171396e-05 0.0010070042 1.164281e-07 0.0012034386 0.00021431639 3.1082865e-05 0.00012841233 0.00025327917 1.2843992e-07 1.3504028e-05 2.7040164e-06 1.7503941e-06 6.4881765e-06 0.00032889764 1.1747697e-05 3.6584422e-07 7.3171564e-06 7.348948e-06 3.2178235e-05 0.08100545 0.0003380221 1.6812246e-06 5.128177e-06 7.066282e-06 2.0452824e-06 1.9530166e-06 8.159582e-05 1.0896179e-05 6.360664e-06 8.291294e-05 2.1728309e-05 0.00013377969 4.872116e-06 4.1428997e-08 2.1770516e-05 1.9962665e-07 8.142468e-08 1.6885913e-05 4.5688785e-06 8.401903e-07 6.185546e-07 5.274103e-07 3.1146826e-08 3.8524868e-07 6.0392053e-05 8.161575e-05 1.5730645e-06 2.850369e-07 7.464571e-06 0.00021031791 5.41771e-06 3.9214752e-05 5.8283047e-05 3.849275e-08 1.5277258e-06 4.634709e-05 5.6171033e-05 1.648302e-07 6.770093e-07 2.6359023e-10 0.00011131565 2.6056792e-05 2.0705188e-06 9.183308e-07 2.2634206e-06 1.4534649e-07 1.7091827e-06 8.827959e-10 1.4937093e-07 8.611162e-07 5.7550074e-06 0.0011308294 8.783276e-06 1.2393984e-08 3.195026e-06 3.4017942e-06 1.4026628e-07 0.00025322096 1.2403016e-08
0.85490376 0.13235109 0.00038460703 0.00962296 0.0006787834 0.17851919 0.00028186434 0.89912236 0.00019986488 6.864037e-16 0.95305085 0.9641285 0.5406685 0.00020716271 7.4769036e-06 0.89694303 1.9871009e-06 0.026796909 0.105917014 4.9470924e-07 0.6802898 0.0027851954 0.26527533 9.791003e-05 0.2770873 9.096786e-09 0.43310165 0.25230336 1.7566947e-05 5.0603874e-05 0.032330114 0.016486559 0.008555398 0.005345916 0.005672276 0.00018445423 4.9155875e-07 0.0012928995 0.19314577 0.0953883 1.10831266e-07 6.745269e-07 0.006084135 0.0077409092 2.0637193e-08 0.0012927589 0.00047667124 0.00012450671 7.995376e-07 0.0010366061 1.9586862e-05 0.0004755518 0.009277998 0.00015728996 0.00013577966 0.0025793915 4.4635746e-07 2.8494613e-05 1.6876977e-05 1.0167292e-06 0.008480461 1.7886621e-05 1.8785562e-06 9.387399e-06 1.9138517e-05 9.014232e-06 0.00026574 1.5550521e-06 1.0253536e-06 8.86884e-05 2.0672882e-05 0.027270345 1.6471258e-06 0.012328142 1.9854371e-05 5.345375e-07 3.9863906e-07 0.010362019 0.010110768 0.0002380872 1.1919866e-07 0.00014527244 0.0043756957 7.602623e-05 4.5452803e-06 2.0228782e-07 0.00018525016 0.00010608156 5.813882e-07 1.5709402e-06 2.5690265e-06 6.536904e-05 2.2525717e-06 0.0003883895 8.08727e-07 4.5306328e-07 4.0119226e-06 3.5451721e-06 1.3652581e-05 0.0029901185 2.095465e-06
0.3936354 0.02873717 0.0002572962 0.00096184044 0.00012015733 0.01715617 3.85531e-05 0.99191093 2.1333219e-05 0.95305085 2.0647111e-16 0.41890272 0.27129382 6.074991e-05 5.875066e-06 0.777341 1.1455382e-06 0.0020021496 0.007869851 8.7409425e-08 0.5492981 0.00036415496 0.16839068 2.7023863e-05 0.72374785 1.1999076e-07 0.049774405 0.41106653 1.39232225e-05 2.5732894e-05 0.01880298 0.0052293786 0.0037195575 0.0024701117 0.008730684 0.00013133111 2.0100131e-07 0.0006139533 0.021192346 0.0070912004 9.512921e-08 2.3545962e-07 0.0006197732 0.010406831 2.9070042e-08 0.00070459966 0.00027735476 0.00012062141 1.0021154e-06 0.00016639182 5.8263482e-05 0.00023617603 0.0018822092 0.00014597751 7.534615e-05 0.0016070626 1.9592849e-06 2.6660828e-05 9.245377e-06 5.5914643e-07 0.0013574361 5.2503437e-06 3.5667908e-06 9.70983e-06 9.626792e-06 5.3831413e-06 5.4780525e-05 2.6692373e-05 2.6658322e-06 0.00020457334 1.9901856e-05 0.0044276253 9.810481e-07 0.0015111346 1.8367438e-05 5.7261886e-06 5.7848507e-07 0.0015897916 0.0016548268 0.000573947 1.0439315e-05 0.0001867437 0.0009830487 0.00011639607 1.126966e-05 9.279577e-07 8.426579e-05 0.00015656083 1.10292485e-05 8.591128e-06 3.1330595e-07 6.245009e-05 2.1962704e-05 0.0007369537 7.938093e-06 2.420691e-06 1.7061992e-06 1.8972238e-05 4.770441e-06 0.0007466646 4.819583e-07
0.98197746 0.30466154 0.004512284 0.012578014 0.0006823867 0.019624146 0.0015903958 0.39383373 0.00054342276 0.9641285 0.41890272 3.402501e-14 0.1769928 0.0007840388 2.716826e-05 0.6836273 6.874003e-06 0.1056365 0.3784825 2.1208957e-06 0.15592898 0.011077639 0.13096645 0.0001568346 0.033224266 1.6715579e-07 0.92736965 0.017130733 3.3947115e-05 0.0002916563 0.00693975 0.011386145 0.0045481427 0.005022217 0.0033058822 0.0010173665 1.7780775e-06 0.0004345935 0.57344043 0.33199736 4.2169816e-07 4.5455337e-07 0.059124455 0.0019856358 1.1844752e-08 0.005264536 0.0010211255 8.525169e-05 9.878745e-07 0.0015802715 3.0056843e-05 0.0021458154 0.062322687 0.0015966548 0.00013018548 0.0016694074 3.6326092e-06 8.0055515e-06 1.0965501e-05 4.8301963e-06 0.072487645 8.50763e-06 8.7563575e-07 7.2290813e-06 1.5368552e-05 2.7635615e-06 0.0006106462 1.51037875e-05 1.2545067e-06 2.0678282e-05 1.5799602e-05 0.23692651 3.5737714e-06 0.09490997 1.4332966e-05 2.2046993e-06 7.732132e-07 0.09116672 0.08257518 9.205992e-05 7.7087776e-07 4.1732976e-05 0.035075292 0.0003239082 2.1292005e-06 9.325216e-06 0.0013097825 4.211574e-06 7.044686e-07 1.3459663e-06 6.6113757e-06 0.00038485322 2.6720886e-06 0.00053161586 1.3722279e-06 7.5751814e-08 7.09448e-06 3.4365556e-07 1.938128e-05 0.029408863 1.6915826e-07
0.14902495 0.49916106 0.21232629 0.022681573 0.003233371 0.9992367 0.026498001 0.9300386 0.009734291 0.5406685 0.27129382 0.1769928 7.4755533e-16 0.00015856669 8.2890365e-06 0.1389074 3.0832493e-06 0.0030267343 0.029861197 2.351476e-06 0.013630076 0.0004910043 0.0074265087 2.0903246e-05 0.078788266 2.0328798e-06 0.015824681 0.8842357 1.3940374e-05 3.9676943e-06 0.0011111534 8.0025246e-05 0.00013529185 0.0002349629 9.10848e-05 1.3543275e-05 2.992363e-08 5.040169e-05 0.0033185696 0.0010440336 3.0305378e-07 8.752313e-06 7.496292e-05 0.0007362045 8.4094903e-10 3.0726747e-05 1.003318e-05 1.3548713e-05 3.5941677e-05 4.650604e-05 1.1297099e-05 4.7476053e-05 0.00012364412 6.0997278e-05 2.391213e-05 2.4992298e-05 1.7830478e-06 3.134851e-06 6.1131473e-06 4.3900695e-06 0.00013168842 6.5071076e-06 1.2373883e-06 2.1673063e-06 8.3372663e-07 1.9915879e-06 0.00010240159 9.481493e-06 8.718199e-06 0.00015092797 1.0871994e-05 0.00063589873 5.805421e-07 0.0012300274 3.1665586e-05 2.2684144e-06 3.293108e-07 0.00041654406 0.0003833161 2.1506012e-05 1.5132379e-07 2.1976878e-06 0.0007613611 7.3096344e-05 6.570811e-07 3.4749593e-07 0.00024973034 0.00012912211 4.722505e-06 5.500773e-07 2.3460013e-08 1.5499863e-05 6.985976e-06 0.0019516671 1.1260372e-06 6.402871e-06 1.02060106e-07 4.8208176e-06 4.3513264e-06 0.0012044897 1.9958514e-07
0.952174 0.025317764 0.5448714 0.23030216 0.8929833 0.00022836043 0.044002663 5.569894e-05 0.057431467 0.00020716271 6.074991e-05 0.0007840388 0.00015856669 6.775874e-11 0.8438086 2.1771513e-05 0.35063463 0.30412045 0.12620763 0.5318851 1.9904189e-07 0.8385246 7.48473e-06 0.966633 4.022111e-07 0.8634704 0.0062765838 1.3077735e-05 0.79441744 0.34124103 4.2488464e-06 6.248044e-06 1.9607467e-06 1.7504592e-06 4.822358e-06 0.13626969 0.2761741 3.8945697e-07 0.00033132837 2.8373348e-05 0.094081864 0.019488256 0.19470495 2.2493582e-06 0.0004749306 3.7610216e-06 6.487855e-06 1.2378239e-06 0.025368426 7.476661e-06 4.3630422e-07 0.07222899 1.06182415e-05 0.03675095 8.173527e-06 7.005397e-06 0.0064644665 4.144828e-08 4.533807e-08 0.005500414 7.5899596e-05 5.363431e-07 8.4665196e-08 4.259571e-07 5.298344e-08 1.2512204e-07 0.032929745 0.005453325 1.7905258e-07 0.00013914455 1.4595217e-06 0.008494699 0.00806329 0.012043881 1.8926607e-07 1.2739373e-07 0.0037859192 0.0035164836 0.00045870108 6.673835e-05 0.000108741166 2.4210515e-06 8.900471e-05 4.4634367e-06 4.5326105e-06 0.00032423766 6.7569454e-06 1.0622617e-05 1.79625e-07 3.2158786e-07 0.0009764493 9.782985e-07 6.464389e-07 0.02270192 2.6728645e-07 1.2220775e-07 0.0005625662 3.1104228e-06 1.6396288e-07 0.02308305 3.5745888e-06
0.18773513 0.0075286683 0.8931623 0.056082934 0.48422068 4.1308613e-05 0.0011219105 1.2464144e-06 0.026764417 7.4769036e-06 5.875066e-06 2.716826e-05 8.2890365e-06 0.8438086 1.2527802e-14 8.598569e-06 0.9969238 0.12316114 0.037291218 0.6978687 7.729555e-08 0.24659939 4.3137783e-07 0.18645258 2.159577e-08 0.2174941 0.0023447 4.9935654e-08 0.14343017 0.031955328 5.109216e-08 8.607725e-06 1.6764847e-07 1.7201879e-06 1.583493e-05 0.025565954 0.031337142 4.0061536e-06 0.00020164406 3.6576017e-05 0.00066911126 0.049551792 0.01931473 1.5792085e-07 4.309186e-07 1.7596548e-06 1.070814e-06 1.2720853e-06 0.00086110394 1.8052946e-06 7.1613755e-08 0.006426319 8.714936e-05 0.0039776852 1.1548773e-06 9.435723e-08 0.0008578822 6.505547e-07 4.15131e-07 0.00092688267 1.8372957e-05 7.730429e-07 1.5153708e-07 3.0762195e-07 6.1040126e-08 2.8532082e-07 0.0019746567 0.00084841944 8.245307e-07 1.1104255e-05 4.502526e-06 0.0039540883 0.0013181577 0.0018141442 2.0478834e-05 3.3061926e-07 0.00021369515 0.0006782583 0.0004956873 6.3586017e-06 9.179258e-06 1.6980883e-07 0.0006478266 7.91231e-05 2.2442114e-06 0.0002676169 4.0185705e-06 2.8887453e-06 2.2051704e-06 5.930433e-07 7.7617515e-05 2.5879895e-05 4.2886354e-06 0.004012476 2.479142e-07 3.088187e-08 0.00010496823 1.5310761e-06 2.0678174e-06 0.0042305104 8.2542876e-08
0.9235487 0.007872487 7.395728e-05 0.00048266948 7.4003205e-05 0.0030821718 1.598473e-05 0.52982694 2.8366501e-05 0.89694303 0.777341 0.6836273 0.1389074 2.1771513e-05 8.598569e-06 7.209221e-15 2.4615447e-06 0.0021592872 0.0072046807 1.800216e-06 0.94460565 0.0003773283 0.98489416 1.4690266e-05 0.4839709 1.3315102e-08 0.38428918 0.2125157 2.0292093e-06 8.920027e-06 0.28336015 0.2060428 0.12550221 0.049344413 0.07613372 5.7150464e-05 3.0161388e-07 0.024463823 0.32872042 0.32213098 3.5826793e-07 1.3813005e-06 0.0018913066 0.028585818 1.4739823e-08 0.011281274 0.0032705988 0.0014540744 5.267383e-07 0.0057256734 0.00061937515 0.00023979692 0.04211398 0.00014116346 0.00066959765 0.02874686 1.0656481e-06 0.0011511905 0.00036575232 2.9715607e-06 0.03314356 0.0002100441 2.0946849e-05 9.700709e-05 0.0034691023 0.00024623194 0.000117931864 1.0478949e-06 1.7002225e-05 0.00010280169 0.0001576158 0.039882984 2.1842359e-06 0.015012258 0.00011210324 5.8756694e-05 1.6527054e-06 0.021657413 0.024511091 0.002475353 2.1340784e-07 0.0022122131 0.013534527 0.0007701125 4.5057794e-05 1.4147653e-06 0.0027196547 0.0016520484 5.6224385e-06 9.460389e-05 4.1972635e-06 0.0011386351 3.3554694e-05 0.00017716287 6.9294497e-06 1.025559e-06 1.919594e-06 1.8380371e-05 0.0001953233 0.0054209125 2.6608323e-05
0.024148468 0.0013530566 0.27573812 0.009341648 0.112014875 2.084802e-05 0.0014208716 2.8651706e-07 0.04618871 1.9871009e-06 1.1455382e-06 6.874003e-06 3.0832493e-06 0.35063463 0.9969238 2.4615447e-06 3.3340678e-15 0.025568353 0.008640041 0.9970399 5.2314753e-08 0.06801934 4.662012e-07 0.056437407 6.2323984e-08 0.079733334 0.0003526185 4.0961237e-07 0.04202948 0.009459798 5.184276e-07 5.664072e-06 3.3710364e-06 1.7131139e-06 9.715601e-06 0.007379221 0.009197336 6.206784e-07 1.26257555e-05 3.309175e-06 0.009723519 0.55438155 0.0043662 5.0770115e-07 1.805325e-05 2.1459064e-06 5.1844836e-07 1.4628381e-06 0.0008678021 3.940927e-06 2.2211052e-06 0.0016177542 6.8382305e-06 0.0014169832 1.0146293e-06 1.942618e-06 0.0003111168 1.144967e-06 6.650117e-07 0.00033388785 7.5993203e-06 1.2659182e-06 4.87487e-07 1.8222033e-07 4.9448846e-07 2.9289524e-06 0.000895998 0.00085251086 4.68327e-06 1.471394e-06 1.1259685e-06 0.00021430965 0.0013506238 0.00019807043 1.0141509e-05 3.0868665e-07 0.0001012639 8.038628e-05 0.0001056305 3.0369205e-05 7.4554496e-06 1.6225508e-07 0.0003196568 2.9663338e-06 2.5736417e-06 3.6445825e-05 4.062316e-06 1.0267382e-06 2.27576e-06 6.463707e-08 1.4228902e-05 1.73803e-06 1.23398795e-05 0.0022983935 1.9881702e-06 6.4122414e-09 0.00013415235 5.5049263e-06 1.2048302e-07 0.0010192763 6.539625e-08
0.93136764 0.76425225 0.707703 0.67365146 0.86190856 0.0055833147 0.020188875 0.003207586 0.027951317 0.026796909 0.0020021496 0.1056365 0.0030267343 0.30412045 0.12316114 0.0021592872 0.025568353 1.1774477e-15 0.9779493 0.012296543 0.0005329882 0.9557593 0.00065430044 0.18201843 1.29508535e-05 0.008131679 0.2776774 1.6474723e-05 0.008727741 0.0202818 1.0434876e-05 7.390813e-05 5.6130757e-05 8.252781e-05 0.00016166315 0.035123296 0.0008283438 8.876511e-06 0.025948087 0.0038358779 0.00019260876 0.000109488516 0.48541948 3.94063e-06 5.599047e-07 1.3960438e-05 1.0985253e-05 2.5991085e-06 9.6370575e-05 1.1868516e-05 3.742188e-06 0.02645864 0.002102369 0.0044050906 5.346616e-06 2.5248282e-06 0.00020803063 1.7000652e-07 2.809378e-07 0.0001507907 0.0032236155 4.0753827e-07 5.738489e-08 1.4856045e-07 2.6828381e-08 4.024791e-08 0.006425189 0.00011787599 1.337632e-08 5.539838e-06 1.2337968e-06 0.122478075 2.5446197e-05 0.090734966 1.12530024e-07 5.747285e-08 8.072592e-05 0.027220892 0.021326968 1.2805534e-06 4.062035e-07 4.530136e-07 0.0035631878 1.6096817e-05 7.082521e-08 5.061867e-06 5.997605e-05 6.6208696e-07 4.2594834e-08 1.5187099e-07 1.47823885e-05 7.368865e-06 2.3042706e-08 0.0009879273 5.028283e-10 4.301415e-08 2.3433383e-06 8.349707e-08 2.106516e-07 0.078771636 1.0882346e-07
0.9809292 0.7903485 0.6631422 0.63447136 0.67010814 0.012218171 0.027147356 0.015030449 0.026752207 0.105917014 0.007869851 0.3784825 0.029861197 0.12620763 0.037291218 0.0072046807 0.008640041 0.9779493 2.1878368e-15 0.0039880206 0.0013539201 0.4302976 0.0017899703 0.017306278 0.00013827492 0.0060361596 0.8261888 8.699225e-05 0.0011979 0.003536524 4.930005e-05 0.00062309316 0.0004896751 0.00057635707 0.0006117922 0.013316056 0.00027825258 2.3875715e-05 0.20114018 0.036280792 6.0184153e-05 7.612439e-05 0.5579295 8.6650965e-05 1.691768e-07 0.00020831672 7.608077e-05 6.290386e-06 1.6380754e-05 7.794069e-05 1.461531e-05 0.014201814 0.012673721 0.004757836 1.660088e-05 1.0523941e-05 3.9681578e-05 9.907228e-07 2.3451785e-06 4.2605992e-05 0.012391823 3.7118907e-06 2.2941066e-07 5.7425376e-07 2.5455276e-07 8.28427e-08 0.0064799376 1.7870645e-05 1.5480731e-07 1.0797671e-05 7.1808663e-06 0.36551216 5.3097056e-06 0.2141561 9.905415e-07 5.387777e-07 4.3253538e-05 0.07300971 0.059232928 8.924197e-06 1.3431332e-07 4.8347542e-06 0.0138700325 0.00036924667 6.772373e-07 3.7964853e-06 0.0007187965 3.5762805e-06 8.295636e-07 9.665636e-07 4.464735e-06 0.00047322005 4.1451983e-07 0.00039959847 1.7561458e-08 1.9004344e-07 1.7556293e-07 8.8158066e-07 2.1354917e-05 0.11414957 1.0140054e-06
0.03324238 0.0008374597 0.09809369 0.00093355426 0.050677944 3.6505048e-06 0.00014372476 5.3062655e-07 0.0044336594 4.9470924e-07 8.7409425e-08 2.1208957e-06 2.351476e-06 0.5318851 0.6978687 1.800216e-06 0.9970399 0.012296543 0.0039880206 6.376541e-17 2.2348585e-08 0.065477654 4.9283926e-07 0.13070086 1.130135e-08 0.77225137 0.00014010367 1.2083001e-06 0.21272315 0.0189892 4.5747404e-07 3.4586421e-06 1.1107893e-06 1.1406739e-06 5.0633544e-06 0.012735184 0.078138635 3.7489208e-08 1.1774071e-06 7.224047e-07 0.08031508 0.74708873 0.001449703 2.826316e-07 5.0213905e-05 6.70622e-07 1.5273768e-07 4.0133096e-07 0.0012063889 1.4725395e-06 1.8293798e-06 0.002412113 3.095901e-06 0.0020345866 4.1941922e-07 1.0611333e-06 0.0014371345 2.2149021e-07 2.7364453e-07 0.0021370687 8.965906e-07 3.7002962e-07 2.425987e-07 9.504578e-08 3.509648e-08 2.8268144e-07 0.000622751 0.00030829024 1.0503661e-06 1.2717572e-07 2.8661242e-07 8.344434e-05 0.003093523 9.491883e-05 4.6360088e-07 1.6566077e-08 0.00027818204 1.144295e-05 1.8326618e-05 9.445393e-06 4.0623567e-05 2.2356699e-07 0.00011406001 5.145342e-06 2.0496437e-07 0.00038358066 1.2018712e-06 3.225259e-07 1.0791417e-06 1.9279067e-08 0.0001900729 1.35336355e-08 2.7438682e-06 0.002044374 4.1407964e-07 4.2821002e-10 0.0007728698 1.9847846e-06 1.8309602e-07 0.0010700756 5.3796434e-09
0.7647898 0.00067470165 2.4789695e-05 3.6070305e-05 5.695227e-06 0.00054069486 1.5215601e-05 0.23573188 4.895191e-07 0.6802898 0.5492981 0.15592898 0.013630076 1.9904189e-07 7.729555e-08 0.94460565 5.2314753e-08 0.0005329882 0.0013539201 2.2348585e-08 1.731025e-15 2.1333992e-05 0.613877 4.976506e-07 0.9965466 5.83601e-08 0.043354232 0.31299365 9.2041795e-08 1.564985e-07 0.52891856 0.15094745 0.27953252 0.024317833 0.45187172 1.0411412e-06 1.2908813e-08 0.020327857 0.053603534 0.036180165 7.844453e-08 4.3630882e-07 5.6387278e-05 0.10303049 2.8913758e-09 0.0044913865 0.002247057 0.0018337135 2.995671e-07 0.001007082 0.0002405732 1.6735088e-05 0.010791002 8.346499e-06 0.0007268184 0.058383685 4.1411087e-07 0.0007785155 0.00011864922 5.343917e-07 0.007462233 0.00011430665 1.610031e-06 2.8379707e-05 0.0012428518 0.0001363337 9.358758e-06 6.7297907e-07 2.971558e-06 0.00035600387 3.616444e-05 0.012242923 4.410935e-08 0.0014661959 6.748577e-05 7.346948e-05 1.8663313e-06 0.005182756 0.0068470873 0.0059314775 6.1993205e-08 0.0009205374 0.0049906457 0.0006876702 2.51779e-06 1.1764956e-06 0.00046668877 0.0026981363 1.1788582e-05 5.591396e-05 6.9565266e-07 0.0004136347 9.487526e-06 0.001054169 5.8846695e-07 2.4246108e-05 1.9807947e-08 4.9945093e-06 1.2560925e-05 0.00066767796 1.1983873e-06
0.9545613 0.11157274 0.50490654 0.19244088 0.66112906 0.0010427828 0.0049575022 0.00039009968 0.0067048324 0.0027851954 0.00036415496 0.011077639 0.0004910043 0.8385246 0.24659939 0.0003773283 0.06801934 0.9557593 0.4302976 0.065477654 2.1333992e-05 2.3026511e-14 7.445833e-05 0.9044366 3.2638668e-06 0.081861235 0.088878 6.494621e-06 0.28325367 0.6377219 3.3644815e-06 3.6427686e-05 3.2728344e-06 2.9381836e-05 5.7080688e-05 0.6661056 0.0080995485 3.0416172e-06 0.0050897007 0.00059970166 0.0050315987 0.00022940773 0.826705 5.410804e-07 2.950471e-05 1.3163348e-05 5.5016567e-06 2.6906816e-06 0.0020315244 2.4842293e-06 7.2653743e-06 0.13921686 0.000986462 0.028324112 2.7844503e-06 3.1119273e-06 0.0012146599 5.352731e-07 1.4328463e-06 0.0009897691 0.00049787085 1.6985184e-06 2.2761539e-07 3.723362e-07 7.0672186e-08 1.0171651e-07 0.017336499 0.00084798265 9.391213e-08 1.5267915e-05 1.4914953e-06 0.0804112 0.00065867224 0.06785948 1.629038e-07 5.086539e-07 0.0007985897 0.01964881 0.007790823 2.7567437e-06 1.6910166e-05 1.4049541e-06 0.0014055822 8.866561e-06 3.4336495e-07 5.271262e-05 1.1810356e-05 2.0692663e-07 1.8826964e-07 2.4147917e-07 7.914339e-05 6.3161083e-06 2.6210967e-07 0.004026951 4.801796e-09 1.9744284e-07 2.5941199e-05 2.5939914e-07 2.658988e-07 0.09054041 1.18057386e-07
0.987788 0.00050250057 6.2922016e-05 2.6995995e-05 4.9894056e-06 0.000525473 6.7422106e-06 0.046801668 1.6171396e-05 0.26527533 0.16839068 0.13096645 0.0074265087 7.48473e-06 4.3137783e-07 0.98489416 4.662012e-07 0.00065430044 0.0017899703 4.9283926e-07 0.613877 7.445833e-05 1.3660072e-14 4.1016415e-06 0.16417915 7.615455e-08 0.5951658 0.046389148 1.0518216e-06 4.361701e-06 0.25228333 0.603155 0.26175824 0.1886641 0.100164935 2.149334e-05 2.3898176e-07 0.07824155 0.673805 0.75796247 4.8048514e-07 3.2078947e-06 0.0014017429 0.027199205 1.7118987e-08 0.06502299 0.010132331 0.0026237352 4.1894592e-07 0.019667052 0.0016423983 0.0001751583 0.1874628 0.00028396453 0.0011082859 0.045192562 1.1634402e-06 0.0020894676 0.00046353196 9.492847e-06 0.1357457 0.00032304905 1.0401363e-05 4.8572445e-05 0.0063527687 0.00026075947 6.817892e-05 3.5068279e-06 1.11165255e-05 0.00010891282 9.106969e-05 0.11291377 8.168617e-06 0.024637243 5.617966e-05 0.0004140722 1.8415225e-06 0.07300008 0.08631892 0.0060324105 8.2858793e-07 0.0038901416 0.06364234 0.002242546 1.2686793e-05 2.1380918e-05 0.01060323 0.0012705864 2.1843347e-05 0.00026180752 5.219934e-06 0.0025770913 1.4319931e-05 0.00013341478 1.3472288e-06 9.87688e-07 2.4440385e-06 1.6255811e-06 0.00029650104 0.005863788 5.896155e-06
0.85307956 0.0019465376 0.037327047 0.014600613 0.28340396 0.00021094522 0.0002845867 9.320095e-06 0.0010070042 9.791003e-05 2.7023863e-05 0.0001568346 2.0903246e-05 0.966633 0.18645258 1.4690266e-05 0.056437407 0.18201843 0.017306278 0.13070086 4.976506e-07 0.9044366 4.1016415e-06 1.2198456e-12 5.876274e-07 0.36350152 0.0050896015 4.9546065e-06 0.9350442 0.9490557 1.766429e-06 5.626241e-06 3.823256e-06 2.4762228e-06 1.5860956e-05 0.27118158 0.19493711 4.0658796e-07 0.000270881 1.9216373e-05 0.041753292 0.0014522104 0.20779204 6.7897753e-07 0.00012340122 2.4589895e-06 1.1488444e-06 5.9615815e-07 0.027080584 3.2771004e-06 5.056542e-07 0.09278502 1.5014732e-05 0.12425127 7.454088e-07 2.9748258e-05 0.0042882087 1.0891634e-06 1.3979714e-07 0.0028959946 0.00012960375 3.321761e-07 1.15856565e-07 1.7126898e-07 2.1653611e-07 1.9399686e-06 0.020495612 0.003196007 3.4932876e-07 5.503056e-05 6.961743e-07 0.003868211 0.0036853205 0.007386752 2.5868962e-07 2.5856826e-07 0.002178806 0.0011542289 0.00031826124 3.46452e-05 8.9180154e-05 1.101648e-06 0.00013526282 3.956894e-06 2.6175085e-06 0.000119053984 3.8695666e-06 1.4151149e-06 7.793861e-07 1.4143356e-07 0.00013651143 5.1512293e-06 2.2791637e-06 0.015067643 2.2774993e-06 1.4244017e-06 0.00024306361 2.6466749e-05 1.02721565e-07 0.01630605 7.430878e-07
0.14043769 0.00023882995 3.025884e-06 2.9452378e-06 2.736238e-06 0.00036301572 1.5515901e-06 0.4220696 1.164281e-07 0.2770873 0.72374785 0.033224266 0.078788266 4.022111e-07 2.159577e-08 0.4839709 6.2323984e-08 1.29508535e-05 0.00013827492 1.130135e-08 0.9965466 3.2638668e-06 0.16417915 5.876274e-07 1.4915468e-17 4.6106603e-09 0.002956396 0.9271179 1.304602e-07 8.2316944e-08 0.84613866 0.0086005265 0.026059149 0.0018078903 0.22335513 2.0144981e-07 4.5529067e-08 0.0018844857 0.001183093 0.0010681369 1.5585364e-10 7.091259e-10 6.8113695e-06 0.38941243 8.9376095e-10 0.00030832583 0.00016307301 0.00032184852 1.5526174e-06 0.00015549379 0.00016553192 4.095368e-06 3.093592e-05 1.2370562e-07 7.694506e-05 0.24185298 2.6019742e-07 0.0003468174 3.107795e-05 6.6165356e-08 0.00011792828 1.5664575e-05 2.8224197e-06 1.0309431e-05 0.002251876 0.00013745292 2.2162365e-06 1.1160253e-06 1.1736079e-06 0.004835937 4.304317e-06 6.234905e-05 1.3834303e-07 8.339931e-05 3.3577562e-06 3.502368e-05 1.6686965e-08 6.635009e-05 6.1880724e-05 0.024331154 6.4181025e-09 0.008263914 9.597572e-05 2.8883073e-06 8.222793e-07 9.886831e-09 2.1388637e-06 0.018884126 8.82796e-06 0.0001059287 5.745473e-09 4.7174676e-06 1.4298527e-06 0.00014496781 9.4954146e-07 8.539059e-05 4.5666482e-08 1.5331678e-05 4.9268425e-07 0.00026073089 2.2296761e-05
0.55332255 0.00015181764 0.01026456 0.00020014851 0.0025497419 1.2318368e-06 1.8475905e-05 7.1150566e-08 0.0012034386 9.096786e-09 1.1999076e-07 1.6715579e-07 2.0328798e-06 0.8634704 0.2174941 1.3315102e-08 0.079733334 0.008131679 0.0060361596 0.77225137 5.83601e-08 0.081861235 7.615455e-08 0.36350152 4.6106603e-09 3.7622583e-16 5.813818e-06 2.481467e-07 0.75775236 0.08597681 1.8578065e-07 2.7398636e-07 2.8942464e-08 5.707129e-08 6.519835e-08 0.0651974 0.6152947 1.6603023e-08 3.32783e-07 1.5666933e-07 0.9444014 0.97224426 0.008225078 1.3296956e-06 0.00016348551 1.0802639e-08 7.770868e-09 1.3400357e-07 0.0072656004 1.0407366e-07 1.4682611e-08 0.060819723 1.0720786e-07 0.033297185 3.4759904e-07 3.201115e-07 0.011930695 9.106369e-09 3.4014988e-08 0.013927711 4.662396e-08 6.3721814e-08 1.108143e-08 1.2002766e-08 6.9636887e-09 9.444882e-09 0.01294272 0.004719692 2.6470394e-08 9.535169e-07 3.1192798e-07 0.00021016852 0.032955717 0.00015852103 3.435772e-07 3.322239e-09 0.0019809094 5.8332145e-05 3.8454396e-05 4.0534032e-06 0.00032239535 3.7268627e-08 8.629285e-06 3.5434564e-07 2.3430411e-08 0.0011321723 2.9336292e-08 9.09259e-07 5.01361e-07 4.60848e-09 0.0008834855 8.880117e-08 4.9664944e-08 0.0058175097 1.423828e-07 6.1349046e-09 0.0012973069 1.3822334e-06 2.6746328e-08 0.0038082416 2.13678e-08
0.9866298 0.32093674 0.018189432 0.07676966 0.023558237 0.0022315367 0.0006233214 0.03350038 0.00021431639 0.43310165 0.049774405 0.92736965 0.015824681 0.0062765838 0.0023447 0.38428918 0.0003526185 0.2776774 0.8261888 0.00014010367 0.043354232 0.088878 0.5951658 0.0050896015 0.002956396 5.813818e-06 4.1243693e-13 0.0010651274 0.00016176247 0.0019538254 0.0059089107 0.072486766 0.025231844 0.14852898 0.0024686034 0.009942956 3.798566e-05 0.02125045 0.8929717 0.61183685 2.7626274e-05 5.7215195e-05 0.42591158 0.0005800198 1.0590895e-07 0.037175346 0.010857334 0.0024658435 7.957783e-05 0.018103663 0.0023337677 0.018646862 0.16599827 0.0026117286 0.0019867392 0.00051369093 0.00019568349 0.00027133373 0.00031954737 5.659204e-05 0.16617641 0.00014958043 7.4362455e-05 0.0002130261 0.00018478435 2.487324e-05 0.0036763952 0.0002896865 4.0242212e-05 6.319021e-05 0.00026483578 0.5134188 5.583006e-06 0.27356797 7.3865216e-05 3.272568e-05 2.2765491e-05 0.28785983 0.1483515 0.00013132683 9.133745e-06 0.00040904267 0.07157903 0.0027039293 4.5498797e-05 0.00011667825 0.007834854 0.000111266294 2.6876796e-07 1.6339516e-05 0.000101254336 0.0014183008 5.5094647e-06 0.0023002026 2.1517826e-07 4.129069e-07 1.6172598e-05 8.8999775e-07 0.00034959204 0.14315164 6.971562e-07
0.016926253 9.006021e-05 0.00015694712 1.3745796e-05 2.9436724e-05 0.004347546 0.00016669677 0.6659822 3.1082865e-05 0.25230336 0.41106653 0.017130733 0.8842357 1.3077735e-05 4.9935654e-08 0.2125157 4.0961237e-07 1.6474723e-05 8.699225e-05 1.2083001e-06 0.31299365 6.494621e-06 0.046389148 4.9546065e-06 0.9271179 2.481467e-07 0.0010651274 5.6002505e-14 7.4919666e-07 1.0587094e-06 0.63145834 0.00039941483 0.000524845 6.4622196e-05 0.009198789 6.951537e-06 1.5529091e-06 1.8770563e-05 3.79957e-05 4.7264904e-05 3.3797012e-10 6.86037e-07 0.00012398265 0.99643236 8.971102e-10 2.0036767e-05 9.160448e-06 6.2019026e-05 0.0001847727 2.4195799e-05 2.3023236e-05 4.661574e-06 1.23905165e-05 1.511244e-06 6.703729e-06 0.07969048 6.5959756e-07 1.17703385e-05 7.3728093e-06 3.5008798e-06 2.9772555e-05 3.9283937e-06 1.5154828e-06 2.8722905e-06 0.00013878645 1.6862708e-05 3.510022e-05 1.8133018e-05 6.6704583e-06 0.34543818 3.3991722e-07 0.0002743934 0.00025434612 0.00017843865 5.5379105e-06 3.5976005e-05 6.9506286e-06 0.00024082891 0.000119494536 0.00832612 2.0916225e-07 0.0010513003 0.00040761003 1.6812311e-06 3.9169013e-08 9.0280616e-07 1.6042733e-05 0.0030684317 1.559709e-05 4.5270437e-05 1.7212209e-07 3.2129833e-08 9.375338e-08 0.0012281713 4.86021e-07 0.0041524335 1.986526e-07 1.1822549e-05 4.852397e-07 0.0021030107 6.6425055e-05
0.9235945 8.8249e-05 0.0016841968 0.00070560665 0.010839969 2.7227272e-05 1.0233994e-05 2.3134903e-06 0.00012841233 1.7566947e-05 1.39232225e-05 3.3947115e-05 1.3940374e-05 0.79441744 0.14343017 2.0292093e-06 0.04202948 0.008727741 0.0011979 0.21272315 9.2041795e-08 0.28325367 1.0518216e-06 0.9350442 1.304602e-07 0.75775236 0.00016176247 7.4919666e-07 3.771822e-12 0.9542342 4.195723e-06 3.5757962e-06 4.1114768e-07 1.7253074e-06 6.736298e-06 0.2749398 0.9472846 8.805635e-08 6.110766e-05 3.0598799e-06 0.31415096 0.0008728852 0.11320021 6.568674e-07 0.0017760762 4.1925473e-06 1.9666365e-06 3.5447542e-07 0.7934732 1.6549844e-06 1.1783686e-06 0.20940323 3.7546747e-06 0.8762026 1.1603796e-06 2.8182469e-05 0.22237563 9.579909e-08 2.1241867e-08 0.14613883 3.8313756e-05 1.2242378e-07 4.680189e-08 1.0182347e-07 2.4524482e-08 1.7869775e-07 0.20666847 0.107558146 1.382937e-07 6.0665494e-05 4.792788e-07 0.0012052689 0.036157332 0.006885206 1.9879643e-07 5.1119526e-09 0.03808585 0.0009832204 0.00012092085 1.8295674e-05 0.007849489 1.004518e-06 3.1223484e-05 6.362766e-07 5.4756185e-07 0.0033094168 8.464216e-07 2.8329083e-07 5.596989e-08 8.210006e-09 0.0015715029 6.8990937e-07 1.1506964e-06 0.16163287 2.3880793e-07 6.350136e-08 0.0034153662 3.1346688e-06 8.206283e-08 0.036229223 2.1611843e-08
0.8114507 0.0008878832 0.0066043665 0.0024198268 0.02026602 4.4097935e-05 1.7395681e-05 5.051937e-06 0.00025327917 5.0603874e-05 2.5732894e-05 0.0002916563 3.9676943e-06 0.34124103 0.031955328 8.920027e-06 0.009459798 0.0202818 0.003536524 0.0189892 1.564985e-07 0.6377219 4.361701e-06 0.9490557 8.2316944e-08 0.08597681 0.0019538254 1.0587094e-06 0.9542342 2.0642587e-12 2.9402477e-06 1.9237112e-05 1.4451973e-06 1.0220582e-05 2.4365856e-05 0.9861343 0.11004761 7.782779e-07 0.00035839726 1.7834891e-05 0.016796919 0.00025594674 0.5889664 1.8979583e-07 8.288093e-05 2.6226983e-06 2.7495078e-06 2.775852e-06 0.07288478 1.107016e-06 1.182402e-06 0.2951823 2.8289183e-05 0.83445483 3.174606e-06 4.372181e-05 0.014823801 2.881094e-06 2.0161067e-07 0.004976848 7.847607e-05 5.6874904e-07 3.8097252e-07 1.3798095e-07 1.6119768e-07 4.3674427e-07 0.07899273 0.0039035408 4.9846994e-07 3.94805e-05 3.0125038e-06 0.0102075115 0.0022012715 0.011781373 4.7785755e-07 1.2680042e-07 0.0026463296 0.00244066 0.00039824634 4.791414e-06 0.0001867339 1.689361e-07 8.639944e-05 5.6284684e-06 3.062811e-06 9.74361e-05 5.5306504e-07 1.9076377e-07 3.2461773e-07 4.0716257e-09 0.00021463158 6.0726184e-06 2.2688514e-06 0.009769486 3.0234017e-07 1.13991e-07 0.00025494158 9.512468e-06 1.3031831e-07 0.048183087 8.045779e-08
