3.91715e-37 0.13683572 0.13792087 0.08398484 0.23956253 0.12282096 0.83954096 0.0871744 0.13569978 0.029977841 0.67227507 0.021005137 0.03718547 0.24909174 0.023586582 0.2751948 0.038792606 0.65419424 0.013101517 0.026311435 0.2963349 0.46500525 0.3229398 0.55858386 0.0012440198 0.016053272 0.038979508 0.3139204 0.00090978504 0.02707249 0.2620118 0.34626436 0.17401342 0.00089066866 0.0070973565 0.13200046 0.97402287 0.17564973 0.007978338 0.15752068 0.013309341 0.0050198324 0.00085542555 0.26720124 0.0031368013 0.0078021055 0.048656415 0.028942559 0.03601638 0.084300704 0.0561859 0.0115869725 0.8829289 0.23273021 0.0007113596 3.9658403e-06 0.080697946 0.07535117 0.048096888 0.16681722 0.014520111 0.0033854733 4.7497157e-05 0.1421098 0.0016241712 0.4087504 1.6921481e-06 0.000648433 0.008973084 0.0001391626 3.876535e-05 0.26959088 4.6089943e-07 0.0004999072 1.9493973e-06 1.801311e-05 0.014361522 0.44947222 4.8961807e-05 0.38294607 5.268096e-05 0.85405713 3.838829e-07 5.768572e-05 0.9983918 0.70916575 0.87767226 0.16596805 3.3011864e-05 0.5174305 0.96816504 0.9990454 0.9962276 4.222314e-05 0.0078010755 0.99265146 0.99592435 2.5499932e-07 0.94775116 0.49710208 0.16907376
0.13683572 6.508019e-23 0.82742983 0.14184162 0.21513528 0.43987173 0.5806152 0.12409879 0.07508835 0.069286704 0.18488768 0.053161006 0.07145111 0.07555589 0.017360134 0.040641136 0.022831492 0.029111639 0.0032140133 0.031786103 0.044090405 0.022932999 0.005810961 0.10798476 0.0026220107 0.032138586 0.026817814 0.008974646 0.0030903441 0.026104636 0.0041922014 0.0033633749 0.0025340721 0.0014252177 0.028751997 0.0065134997 0.13855451 0.0012659195 0.019192528 0.004416311 0.020127375 0.01150308 0.0026708469 0.0012604941 0.0021291715 0.012580371 0.0053656953 0.008140106 0.063034765 0.00034458085 0.0015564016 0.008057701 0.04559247 0.0007362206 0.00040968115 7.5522476e-05 0.000107497974 3.5539444e-05 0.11171225 0.0002128206 0.0006207808 0.0030477704 3.4964673e-05 3.440555e-06 0.0018282987 0.044446804 1.7180508e-05 0.00076105475 0.0042255186 0.0003343199 1.3184467e-05 4.8816646e-06 2.2500972e-05 0.0010967156 9.413065e-06 6.7724766e-05 1.2578535e-05 5.9595182e-05 0.00016377482 5.3770487e-05 0.00020049045 0.04050449 1.6008988e-05 0.0001490382 0.041574225 0.04765474 0.00032801463 9.56e-05 4.840163e-05 0.0002479323 0.04699629 0.017749857 0.00066603365 0.00011974459 3.7592035e-06 0.00053588575 0.0005924306 6.385029e-08 2.8279905e-05 3.0007404e-05 0.10011224
0.13792087 0.82742983 1.3970598e-22 0.14163034 0.390456 0.18518826 0.76992506 0.05775738 0.08874472 0.014163375 0.32081634 0.011235305 0.026000394 0.124384224 0.0023277542 0.06254181 0.009304354 0.052877776 0.00039886477 0.050567605 0.0677299 0.039816447 0.01157828 0.07251 0.00060023286 0.04053615 0.046974402 0.018344339 0.0003853312 0.007287702 0.011287225 0.007336547 0.004201171 0.000103740065 0.029400967 0.015234093 0.1399393 0.0021501204 0.021169903 0.007239894 0.033434954 0.008781669 0.00057681074 0.002668502 0.0010124358 0.013044704 0.012103554 0.018376172 0.026264954 0.0017480613 0.0041245436 0.017481497 0.033994623 0.0025785097 0.00014257175 2.5322688e-05 0.000303537 0.00023199861 0.046730854 0.0003322349 0.0014010346 0.0040772785 2.6024707e-05 8.558857e-06 0.0019278905 0.017767038 8.9265795e-06 0.0004537279 0.0001836242 0.00035183076 1.5715808e-05 1.4228818e-05 5.3502176e-06 0.0008183651 6.232393e-06 0.00011899599 3.711514e-05 0.0001526424 7.74906e-05 0.00013660964 0.0003115779 0.027357576 1.2682739e-05 0.00022834975 0.055416256 0.040237613 0.0007080623 0.00014755323 6.71267e-05 0.000366675 0.04102264 0.0187548 0.0018534119 0.00015280466 2.1813454e-05 0.0007265128 0.00083032233 2.5503374e-08 3.7954374e-05 3.1160926e-05 0.049112752
0.08398484 0.14184162 0.14163034 2.3772832e-24 0.768245 0.14658085 0.15215261 0.3633291 0.7832473 0.119396016 0.16831718 0.0151111875 0.015296255 0.09930606 0.011273994 0.055719335 0.094052054 0.0123834815 0.0022100357 0.08409488 0.08921993 0.030153744 0.0036941946 0.04271932 0.003901367 0.12715395 0.056543566 0.020904763 0.009286633 0.009095097 0.008838951 0.009505821 0.0073004183 0.007695274 0.08801293 0.008156198 0.044439416 0.0035664544 0.062076475 0.013107029 0.058526654 0.057112902 0.019986562 0.0015381092 0.016408306 0.05011236 0.0148583865 0.020002484 0.014908419 0.0019656578 0.0045536715 0.016838692 0.01572719 0.0024943915 0.004741319 5.8091267e-05 0.00049219397 0.00029808338 0.017026493 0.000383665 0.0020569311 0.0145376595 0.0002673998 1.2859387e-05 0.008769789 0.00908605 3.0416539e-05 0.0052662883 0.0017072653 0.0020605556 5.1961502e-05 7.2623543e-06 2.7214135e-05 0.0029095386 5.8491296e-05 0.0005045062 1.2060754e-05 0.00013160556 0.0006766593 0.00012861466 0.0005900264 0.02372655 3.7180645e-05 0.0004050664 0.01301094 0.02203826 0.0005664605 9.225521e-05 6.7305285e-05 0.0005685661 0.023676218 0.008096806 0.0002691349 0.00024020755 9.203004e-06 0.00061824836 0.0004321172 4.0021186e-07 7.333521e-05 6.90536e-05 0.021216784
0.23956253 0.21513528 0.390456 0.768245 3.8867366e-24 0.047563456 0.35337168 0.08724747 0.6694248 0.015247422 0.42148733 0.0030730604 0.003222252 0.21882167 0.0012185577 0.13522026 0.018514778 0.0666124 4.5694913e-05 0.15647556 0.1799683 0.08277047 0.014284558 0.018892579 0.00031158506 0.1133843 0.1149121 0.059080657 0.0006474344 0.0008201539 0.027360838 0.022919435 0.018295266 0.00029793842 0.077601254 0.03116725 0.054704558 0.009926045 0.050511476 0.02795241 0.087895535 0.031816598 0.0032203628 0.0057046567 0.004748034 0.03631149 0.035457067 0.052073684 0.0029431474 0.008835888 0.014394569 0.051938705 0.00930011 0.0101427585 0.0005173702 1.6905893e-05 0.002674554 0.0024676537 0.0040761316 0.0014161956 0.014609599 0.024965601 3.8882197e-05 4.7881917e-05 0.003972753 0.0032943587 5.237411e-06 0.0012599239 1.2624189e-05 0.0006071365 1.0069836e-05 4.013084e-05 4.460122e-06 0.0018387211 1.0262121e-05 0.00020310158 9.3496725e-05 0.00029439013 0.0003094219 0.0002229046 0.0005100418 0.024550546 8.065438e-06 0.00043384565 0.02186779 0.025201386 0.0006425927 0.00012991882 9.576653e-05 0.00038573216 0.030448368 0.014141288 0.0005866392 0.00023388599 1.7503833e-05 0.000804138 0.0006217321 2.5518945e-08 4.0963663e-05 5.223293e-05 0.014218037
0.12282096 0.43987173 0.18518826 0.14658085 0.047563456 1.308741e-23 0.30868235 0.3521257 0.09423559 0.31220824 0.06854968 0.8114327 0.74968195 0.017994242 0.35159177 0.006678378 0.05683548 0.0044370177 0.27213335 0.023059726 0.0036627748 0.0010135312 0.00028982907 0.39995313 0.026382187 0.044338517 0.009636865 9.9583245e-05 0.006922181 0.43995348 0.00021220531 9.560775e-05 9.034392e-05 0.0011856587 0.025204416 0.00026764907 0.09735803 4.086756e-05 0.017732574 0.000205688 0.015428838 0.003816504 0.0018421463 1.4171386e-05 0.0018572921 0.0065004528 0.00012681405 0.00028083107 0.28443062 1.2927718e-05 5.2199113e-05 0.00037855128 0.074544765 7.298295e-05 0.00017619856 0.00013112735 4.432661e-06 2.5072472e-06 0.15983689 4.495258e-06 3.5884892e-05 0.0035965648 2.0828682e-05 1.09941716e-07 0.0034856123 0.028516289 1.0306306e-05 0.0016412969 0.013849326 0.0013005071 1.3534662e-05 2.3579106e-07 9.048995e-06 0.0030116078 1.3768245e-05 0.00065689604 1.0246215e-06 9.007525e-07 0.0033526404 2.948402e-06 0.0020508845 0.022534745 0.000121297264 0.0010943825 0.011935423 0.01736926 1.2921554e-05 4.4776914e-07 0.00012576058 9.000085e-06 0.03127241 0.005205441 4.130552e-06 0.0030745422 1.4320668e-07 6.300791e-06 8.3875775e-06 1.4587284e-06 8.109501e-08 2.975206e-07 0.045888998
0.83954096 0.5806152 0.76992506 0.15215261 0.35337168 0.30868235 1.4628362e-18 0.03790132 0.1419147 0.0055453945 0.6687983 0.011670429 0.16707744 0.23467347 0.00072568434 0.15537243 0.0007196017 0.37456346 0.00036940447 0.086773284 0.20482072 0.061991666 0.03072839 0.13735086 0.00010135771 0.036875777 0.1008716 0.050562054 1.7489918e-05 0.004194261 0.01822448 0.009573107 0.006924026 1.6973946e-06 0.019363472 0.016540641 0.43033233 0.002278377 0.00819167 0.0056733517 0.012006735 0.0017343262 3.862086e-06 0.0027584366 1.4618586e-05 0.0032128487 0.007320591 0.009408744 0.047974654 0.00074086915 0.002184734 0.0054764 0.06711489 0.0013254557 2.9211835e-06 2.0636695e-05 0.0001037849 6.8116264e-05 0.13619028 0.00028049594 0.0006887314 0.001085825 2.7596795e-06 5.0593717e-06 0.00040196074 0.053348474 5.2956295e-07 5.6406367e-05 0.0006979307 6.0939772e-05 6.076155e-07 5.0581104e-05 6.3567495e-07 0.0003358405 5.706816e-07 1.0260829e-05 6.0680595e-05 0.000297605 8.638927e-06 0.00013577059 7.4331685e-05 0.0862511 1.8135083e-06 0.00022410056 0.44565073 0.13331619 0.001429387 3.4202898e-05 0.00025219188 0.00012842739 0.17765914 0.38646597 0.008668544 6.717121e-05 1.1667697e-05 0.0011786819 0.0018364681 1.4598613e-08 2.7488277e-05 1.5806354e-05 0.20778811
0.0871744 0.12409879 0.05775738 0.3633291 0.08724747 0.3521257 0.03790132 8.2204044e-25 0.33756438 0.7777003 0.11991096 0.03267129 0.020468643 0.06262424 0.18057348 0.039328482 0.48038778 0.0041294675 0.01314749 0.065105304 0.041894708 0.014712658 0.0016972903 0.027356582 0.019521624 0.117664985 0.029653061 0.0042041223 0.07366735 0.007717524 0.0034670038 0.003158601 0.002507819 0.06357277 0.07671872 0.0056590317 0.015675701 0.0021158322 0.06381052 0.0023633253 0.03885146 0.050877392 0.045403946 0.00051414577 0.041497573 0.041684207 0.0019373472 0.0021076587 0.008218549 0.0006075408 0.0010338984 0.0019424031 0.0058493614 0.0016712296 0.016559929 0.00045531115 0.0003450539 0.00035575594 0.0077187577 0.00017503457 0.00017811901 0.0074523725 0.0016309355 8.820975e-06 0.009719142 0.0017389371 0.00024579067 0.007559464 0.0050951308 0.0070746336 0.0004939138 7.4599943e-06 0.00013214131 0.002719631 0.00015108753 0.0012910691 1.556449e-05 5.632676e-05 0.0014193655 6.134192e-05 0.00078475924 0.013853713 7.1678434e-05 0.00036415408 0.005961576 0.011591604 0.00021796206 3.6062498e-05 0.000117697724 0.00029508525 0.013537496 0.0035786657 0.00014139601 0.00049227424 2.685397e-05 0.00065863365 0.00040808553 9.028273e-06 0.00013228606 0.00012590435 0.027837738
0.13569978 0.07508835 0.08874472 0.7832473 0.6694248 0.09423559 0.1419147 0.33756438 1.8680021e-24 0.09055272 0.17666654 0.004507456 0.0058805663 0.09968119 0.0049720565 0.060103107 0.13587655 0.008431632 0.00094036036 0.1486944 0.12766151 0.029878084 0.003430629 0.024565063 0.0015453171 0.23032448 0.10592068 0.03305891 0.007078852 0.0027815243 0.012596266 0.016522737 0.012622006 0.0062672193 0.15857182 0.012305043 0.028408553 0.0061832205 0.11251298 0.021393318 0.103671074 0.088706195 0.025186656 0.0022174174 0.03197142 0.08901525 0.019697815 0.02271207 0.005363802 0.004267999 0.008283376 0.022591395 0.011756759 0.004634599 0.0056378758 1.4307782e-05 0.0011319905 0.0004889842 0.0076149004 0.0009367737 0.0057062893 0.04206246 0.00016283586 3.519961e-05 0.02734913 0.0034199976 1.3689804e-05 0.012282954 0.0010823369 0.0040987367 6.6610475e-05 1.9836561e-05 1.0163933e-05 0.008410916 1.3792517e-05 0.0006428774 5.755112e-06 0.00020362307 0.001093233 0.00018607722 0.0009467656 0.018813694 1.6243934e-05 0.0005505969 0.013461387 0.016520059 0.0010540374 7.44883e-05 4.484897e-05 0.00051053765 0.022052951 0.004128922 0.0004044378 0.00018109869 4.307047e-06 0.000969387 0.0005847011 2.527082e-07 8.277618e-05 8.581051e-05 0.0052484893
0.029977841 0.069286704 0.014163375 0.119396016 0.015247422 0.31220824 0.0055453945 0.7777003 0.09055272 1.2537238e-26 0.014135477 0.063361734 0.011194192 0.011716566 0.569332 0.008645658 0.49379122 0.0012087458 0.1251374 0.014542838 0.004831459 0.0021488033 0.0002641749 0.028319133 0.1756454 0.050336678 0.0043922337 0.00034397363 0.3269245 0.013486379 0.00045962675 0.00020486714 0.00015072025 0.1803469 0.01876687 0.0010907497 0.009805558 6.456355e-05 0.014410852 0.0001729551 0.006152674 0.015514165 0.067633934 0.00010535866 0.03971764 0.008161263 3.9879462e-05 4.7981066e-05 0.006662865 1.8894416e-05 1.933092e-05 3.1912878e-05 0.0053487536 0.00012028872 0.019109296 0.004488036 1.7417711e-05 1.6581766e-05 0.006654048 1.4393276e-05 6.255029e-07 0.00017493711 0.0034484519 2.7661443e-07 0.0011479114 0.0013354374 0.0012386707 0.0015268214 0.006916516 0.0028258094 0.0011468752 4.286405e-07 0.0009911387 0.0001435983 0.00015361675 0.00028092455 8.993336e-07 5.7168636e-06 3.444634e-05 1.03925295e-05 9.264345e-06 0.0093128 1.5602553e-05 7.973511e-06 0.0015392089 0.006821033 0.000112592774 3.182002e-06 3.02997e-06 2.5050284e-05 0.008373676 0.0009932437 8.67068e-06 1.0293918e-05 6.6548e-07 0.0001848954 6.739656e-05 1.3603393e-06 2.7707658e-06 9.889817e-06 0.012832485
0.67227507 0.18488768 0.32081634 0.16831718 0.42148733 0.06854968 0.6687983 0.11991096 0.17666654 0.014135477 4.1086868e-18 0.0028752438 0.022099495 0.8146901 0.0008535338 0.5283154 0.002462415 0.7044724 0.00030839877 0.11213907 0.37124464 0.19512153 0.08982755 0.04892098 0.0005413308 0.06372407 0.17405523 0.19654712 0.0001191253 0.0014774016 0.07754185 0.07542554 0.046677567 3.895402e-05 0.03914804 0.039500386 0.124529436 0.019521507 0.022424104 0.049302243 0.025833465 0.00932555 2.3641052e-05 0.014051198 0.00016376731 0.01097167 0.04576499 0.05625601 0.008532778 0.014437422 0.022905622 0.029646195 0.032796357 0.014819358 9.200037e-06 0.00012437535 0.0050035417 0.002541569 0.036288694 0.005162095 0.0024501097 0.0017640875 4.7786734e-06 0.0012099093 0.0011631929 0.025211623 2.315163e-06 0.00017358187 9.623235e-05 3.001751e-05 2.1447013e-06 0.0018895689 1.0600116e-06 0.0008023016 6.190362e-07 5.947388e-06 0.00045500966 0.003191308 1.2020632e-05 0.0021232264 6.556483e-05 0.047112457 6.6933994e-06 0.00015753 0.22464664 0.051787924 0.010595902 0.00083723495 6.804808e-05 0.0012857683 0.061290815 0.16326101 0.03256463 2.900634e-05 2.2693373e-05 0.020928958 0.014829931 3.9057464e-09 0.0003199563 8.0233716e-05 0.0147048505
0.021005137 0.053161006 0.011235305 0.0151111875 0.0030730604 0.8114327 0.011670429 0.03267129 0.004507456 0.063361734 0.0028752438 1.5540312e-24 0.7805573 0.0002819923 0.22441155 5.6507863e-05 0.008499833 0.00017994693 0.4215562 0.00086957926 5.2901323e-05 4.8635393e-05 1.2748684e-05 0.35757607 0.02898255 0.0017201019 0.00035342752 1.0640888e-05 0.0022029276 0.569904 2.9515966e-05 6.5195363e-06 3.916965e-06 0.00018612797 0.0017383501 4.099258e-05 0.03196858 1.5174395e-06 0.0011388572 1.6164673e-05 0.0010231877 0.00015733961 7.1381764e-05 3.482087e-06 9.0461086e-05 0.0006049152 8.984991e-06 1.9487776e-05 0.37842268 8.118474e-07 2.3842983e-06 2.6772985e-05 0.054149136 5.7117686e-06 2.459481e-05 4.3107106e-05 1.1224166e-06 1.7539858e-07 0.23784779 1.5724286e-06 1.6147992e-06 0.0004955987 1.2050004e-05 2.8744742e-08 0.0011356485 0.04222453 8.168236e-06 0.000399443 0.051769298 0.0002461268 1.469503e-05 9.4452474e-08 3.5596247e-06 0.0014999805 6.8670374e-06 0.0006046092 1.6643257e-08 9.804617e-07 0.0023801138 6.172553e-07 0.000556986 0.016364275 4.9399456e-05 8.6956425e-05 0.00351532 0.011910879 2.6509617e-05 1.3088378e-07 5.846728e-06 4.6790402e-07 0.01581191 0.00088584813 1.1707048e-06 0.0006590015 3.1989984e-08 4.1648164e-07 4.484093e-07 9.397193e-09 2.254711e-09 8.898423e-09 0.016065402
0.03718547 0.07145111 0.026000394 0.015296255 0.003222252 0.74968195 0.16707744 0.020468643 0.0058805663 0.011194192 0.022099495 0.7805573 7.9754085e-22 0.0031572157 0.02760582 0.0009301523 0.00409368 0.005618973 0.0843744 0.0022197766 0.00012398785 0.0005803941 0.00013672393 0.54741526 0.0034984942 0.00234074 0.0020560338 3.9935214e-05 0.00052338344 0.58417547 0.00011965453 0.00020228699 3.4297518e-05 6.969868e-05 0.0022768 0.00022155393 0.09195083 5.729836e-05 0.002183427 7.850557e-05 0.0050964844 0.00027064033 3.4740322e-05 1.5081622e-05 0.00011656047 0.00095738325 0.000106419684 0.00014583419 0.45345786 6.377906e-05 7.130188e-05 0.00015248396 0.16964264 0.00020818823 4.3126023e-05 2.3547716e-05 2.781201e-05 9.659402e-06 0.3240787 1.3922943e-05 5.4401567e-05 0.004184279 1.9292062e-05 5.6970555e-07 0.0042028716 0.11381175 7.353757e-06 0.00093432155 0.0132573005 0.00064410357 2.1762608e-05 1.5959238e-06 4.1151197e-06 0.007356066 1.7069357e-05 0.001731407 7.503035e-07 1.3828236e-05 0.024810681 1.2544261e-05 0.008130387 0.02834909 0.0001605128 0.0027267132 0.011873329 0.03825952 2.1790334e-05 3.2905043e-06 5.7987818e-05 4.0207302e-05 0.0427282 0.0020689736 5.0303706e-06 0.012307866 1.0726304e-06 1.3021248e-05 8.373918e-06 5.625798e-07 5.36308e-08 3.2665838e-07 0.06554008
0.24909174 0.07555589 0.124384224 0.09930606 0.21882167 0.017994242 0.23467347 0.06262424 0.09968119 0.011716566 0.8146901 0.0002819923 0.0031572157 6.119795e-20 0.00079309737 0.7825554 0.0040856823 0.13613963 0.00018151832 0.08362457 0.20616451 0.1657115 0.087541856 0.01356179 0.00046843066 0.06312188 0.11162351 0.16692325 0.00023994927 0.00042685482 0.08383201 0.07919179 0.049982764 9.009552e-05 0.042995837 0.04488239 0.061881844 0.026950901 0.03355128 0.056005638 0.0385126 0.015037353 0.00012235767 0.018055694 0.0011449518 0.021221483 0.05510981 0.06075343 0.0008831805 0.016595285 0.030994467 0.043307062 0.011317763 0.021875788 3.8055714e-05 8.1397084e-05 0.0074788537 0.0039649257 0.0033118606 0.009528321 0.005430337 0.0033415002 1.07851665e-05 0.0018364243 0.0021438347 0.0039400402 6.3677526e-06 0.000334435 2.5943033e-05 7.082086e-05 5.8355376e-06 0.0032675548 1.553875e-06 0.0010740898 1.9202314e-06 1.6011049e-05 0.0006939667 0.0057710954 3.286056e-05 0.004372742 0.000129408 0.022315184 1.1443377e-05 0.00022531927 0.07541604 0.022771215 0.015097346 0.0022672792 0.00016997842 0.0023889656 0.027110985 0.047023498 0.03186254 2.8839162e-05 5.911252e-05 0.018187461 0.016481284 6.3029626e-09 0.0006508672 0.00023682763 0.0068028336
0.023586582 0.017360134 0.0023277542 0.011273994 0.0012185577 0.35159177 0.00072568434 0.18057348 0.0049720565 0.569332 0.0008535338 0.22441155 0.02760582 0.00079309737 1.3034185e-25 0.0006372237 0.13024138 0.00015108738 0.79706526 0.0013800735 0.000103402854 0.00042505164 9.929618e-05 0.023967097 0.74499124 0.0036903585 0.00022604373 2.7779006e-05 0.32898945 0.14398462 0.00010307068 2.2647648e-05 1.8545796e-05 0.07010419 0.0016291875 0.00014498703 0.01089642 9.533246e-06 0.0018738469 3.0408877e-05 0.00041923273 0.0021579182 0.01639214 1.2612818e-05 0.005879882 0.0008621718 2.1574704e-05 2.3085018e-05 0.01335931 3.0247704e-06 7.816404e-06 1.3799399e-05 0.006431552 3.5074787e-05 0.0035375631 0.12232032 6.1675423e-06 2.7740973e-06 0.00866192 5.959959e-06 4.2140468e-07 2.5959416e-05 0.0013883227 3.8197644e-08 7.9181824e-05 0.0034477517 0.0020168647 0.000118131895 0.06230425 0.0009343051 0.00063886016 3.3851094e-07 0.006772759 3.3586035e-05 0.0010979363 0.00016286397 2.6056966e-07 6.2065674e-06 5.4154607e-05 4.119596e-06 1.416959e-05 0.0048254156 2.8646024e-05 9.599471e-06 0.001934127 0.0029042503 0.0001249018 1.3747808e-06 1.9167019e-06 4.910113e-06 0.007348143 0.0007119646 5.018238e-06 1.0393123e-05 1.2138086e-07 3.8092825e-05 3.580623e-05 3.0610238e-06 7.868004e-07 5.751065e-07 0.020318795
0.2751948 0.040641136 0.06254181 0.055719335 0.13522026 0.006678378 0.15537243 0.039328482 0.060103107 0.008645658 0.5283154 5.6507863e-05 0.0009301523 0.7825554 0.0006372237 4.903064e-20 0.0035386344 0.099850096 7.540639e-05 0.05254458 0.17859732 0.40222117 0.18518488 0.005128434 0.00031478534 0.04187232 0.077152 0.13765173 0.00015870376 0.00011652213 0.08952571 0.07244465 0.048895456 5.1575873e-05 0.02916096 0.054187775 0.045002844 0.030916544 0.023870459 0.041900173 0.032758866 0.014830427 0.00010190358 0.022345813 0.0009265733 0.018111657 0.042082604 0.04840138 0.00021925777 0.016431754 0.02613634 0.035381958 0.006382631 0.025514647 5.000321e-05 4.727793e-05 0.008117898 0.0052604987 0.0005946212 0.01546243 0.0049522994 0.0035918308 1.14557815e-05 0.0020181567 0.0019142113 0.001258525 3.6930778e-06 0.000328121 1.2400422e-05 9.6261996e-05 6.432052e-06 0.006718418 1.5573287e-06 0.00093040126 2.1178357e-06 2.1957005e-05 0.00084609154 0.010965917 2.7108063e-05 0.0077130073 0.00010684986 0.021297025 7.324641e-06 0.00026585787 0.06126046 0.020831639 0.02763798 0.0025928267 0.00018777914 0.004063281 0.0197789 0.04211961 0.043430053 5.980305e-05 5.764002e-05 0.026059443 0.018433865 2.2996606e-08 0.0011695103 0.0005975983 0.0034652485
0.038792606 0.022831492 0.009304354 0.094052054 0.018514778 0.05683548 0.0007196017 0.48038778 0.13587655 0.49379122 0.002462415 0.008499833 0.00409368 0.0040856823 0.13024138 0.0035386344 4.8956742e-23 0.00016198384 0.022155896 0.039965432 0.0144611085 0.0009015088 0.00023049259 0.0026188744 0.0627113 0.14254138 0.023092104 0.0006680789 0.36546308 0.0027665836 0.00016368035 0.00022451598 0.00068415416 0.48220485 0.08619873 0.00063866406 0.0008329181 0.00020361354 0.097359285 0.001122216 0.037965402 0.13529202 0.48978066 7.433239e-05 0.3792068 0.080775924 0.001173997 0.0016341271 0.0019870945 3.024016e-05 0.00026860388 0.0014599101 0.0006738194 2.839568e-05 0.14786506 0.003232056 5.669038e-06 2.6390444e-06 0.0052280948 3.0759995e-05 1.0293879e-05 0.006435921 0.04511888 1.5490937e-07 0.015466272 0.0010809706 0.007583987 0.0358439 0.0055815075 0.040084712 0.013554278 1.8724088e-06 0.0035180063 0.003326534 0.0042925766 0.007883763 9.010343e-07 3.0165676e-05 0.0019441381 3.526469e-05 0.0005666639 0.002338512 0.0009706419 5.9573533e-05 0.0014248285 0.0023649158 6.6227134e-05 5.5306587e-06 1.3998179e-05 0.00012009604 0.0018213356 0.0021219773 0.00012614111 7.3877905e-05 4.3430657e-07 0.0002360153 0.00022968007 8.820239e-05 4.9267903e-05 3.736776e-05 0.0011736208
0.65419424 0.029111639 0.052877776 0.0123834815 0.0666124 0.0044370177 0.37456346 0.0041294675 0.008431632 0.0012087458 0.7044724 0.00017994693 0.005618973 0.13613963 0.00015108738 0.099850096 0.00016198384 3.1162253e-17 0.00014193765 0.010313395 0.085247435 0.044278353 0.8797491 0.029839605 0.00014947461 0.0035144016 0.018079689 0.06114072 4.721021e-05 0.0005399397 0.029758248 0.023908818 0.006432135 5.9283043e-06 0.00238754 0.011421795 0.11722844 0.0020847702 0.001923812 0.004760221 0.0022758816 0.00051731686 7.0122146e-06 0.0033554728 4.299076e-05 0.0009882661 0.0032439898 0.0027676248 0.0094909305 0.0008910322 0.0015583131 0.0011567645 0.024784515 0.0024485379 6.5304453e-06 1.3417736e-05 0.00036981585 0.00020318934 0.046767354 0.0007876414 0.00033762245 0.00037086886 1.8483104e-06 3.877045e-05 0.0005478542 0.03768435 2.481403e-07 0.00024630057 5.9988237e-05 3.344234e-05 8.864054e-07 0.00013184009 2.1112463e-07 0.00013952538 1.0608498e-08 3.427945e-06 1.6192012e-05 0.000517649 1.38729365e-05 0.00020690307 1.2512145e-05 0.021792945 6.3750167e-07 4.881997e-05 0.28228664 0.05763439 0.0038402118 0.00021254677 5.9973652e-05 0.00021296211 0.049842656 0.24488907 0.016588734 7.713017e-06 1.27628555e-05 0.010334869 0.010612805 6.1746747e-10 0.00013658435 3.2560154e-05 0.033823118
0.013101517 0.0032140133 0.00039886477 0.0022100357 4.5694913e-05 0.27213335 0.00036940447 0.01314749 0.00094036036 0.1251374 0.00030839877 0.4215562 0.0843744 0.00018151832 0.79706526 7.540639e-05 0.022155896 0.00014193765 1.4609316e-22 4.9389466e-05 4.457713e-05 3.9037586e-05 4.0242485e-05 0.028713815 0.4780106 0.00024676323 7.2126095e-06 4.2789066e-05 0.06888118 0.46521237 3.0429941e-05 2.0491669e-05 2.1398646e-05 0.009346277 0.00010390006 5.9789763e-05 0.011321659 1.2693655e-05 0.00026153002 1.8358227e-05 3.4660596e-05 0.00019214989 0.0014413415 1.0105094e-05 0.00090297154 0.000106206986 3.2276541e-06 3.5918495e-06 0.15781136 1.9320555e-06 3.172624e-06 3.576195e-06 0.0066756816 1.3417378e-05 0.00046022484 0.10160119 2.4363706e-06 1.664445e-06 0.059006102 5.1825627e-06 3.5485965e-07 3.860687e-06 0.00062673923 7.990113e-08 2.5760737e-05 0.004893343 0.00063653674 0.00010285897 0.57802665 0.0007768368 0.00031174227 4.5626496e-07 0.0026258256 5.7939255e-06 0.00021452783 0.00090270594 1.2996472e-07 1.4585102e-06 3.090207e-05 1.545628e-06 7.6581154e-07 0.0041747564 0.00015133513 3.4168986e-07 0.002941855 0.002314465 3.0536003e-06 4.885211e-07 1.722367e-07 1.2509956e-06 0.007678648 0.0011253986 9.983761e-07 5.1190125e-07 9.338551e-09 1.3570657e-07 4.8262685e-08 4.7842505e-06 2.3840492e-09 6.2449584e-10 0.02098706
0.026311435 0.031786103 0.050567605 0.08409488 0.15647556 0.023059726 0.086773284 0.065105304 0.1486944 0.014542838 0.11213907 0.00086957926 0.0022197766 0.08362457 0.0013800735 0.05254458 0.039965432 0.010313395 4.9389466e-05 4.647953e-22 0.27456036 0.042347975 0.0073026773 0.007565753 0.00073651207 0.40259635 0.48871058 0.08549207 0.0023760938 0.0008315744 0.024433862 0.05288997 0.048310775 0.002170876 0.30324733 0.01652697 0.007206807 0.03440341 0.19946246 0.09021851 0.35248515 0.19349314 0.017161245 0.003912407 0.045353144 0.17409147 0.12706994 0.1535469 0.003425408 0.03523721 0.064494096 0.15596151 0.0072431606 0.018655272 0.0071308482 3.914764e-05 0.0065361005 0.009267122 0.004974286 0.0035872215 0.103896506 0.116016306 0.0002280938 0.0013152732 0.053835247 0.0035984996 6.5307136e-06 0.034037672 0.00010611182 0.0087081455 0.00013299215 0.00020164657 1.5002636e-05 0.032281753 1.761113e-05 0.0018648681 0.000104233135 0.0009811623 0.004324439 0.00093032274 0.008858963 0.06418883 6.372246e-05 0.0074724597 0.0053688944 0.13877268 0.0029219917 0.00083092874 0.0007513956 0.0012670332 0.115124494 0.0020868648 0.0009688524 0.002344688 3.146522e-05 0.001514567 0.0013359622 6.39502e-07 0.0008583098 0.00046676598 0.012134755
0.2963349 0.044090405 0.0677299 0.08921993 0.1799683 0.0036627748 0.20482072 0.041894708 0.12766151 0.004831459 0.37124464 5.2901323e-05 0.00012398785 0.20616451 0.000103402854 0.17859732 0.0144611085 0.085247435 4.457713e-05 0.27456036 7.1331775e-21 0.22375818 0.04734215 0.0014851005 0.000118901495 0.15450345 0.3877672 0.5901505 0.0001962627 2.506811e-05 0.15758815 0.48313624 0.4035482 0.0001372639 0.12913446 0.07063867 0.011520125 0.29752705 0.10312609 0.43216002 0.18328938 0.07252151 0.0034853367 0.030724686 0.009484736 0.084586166 0.27093124 0.2705051 2.3547873e-05 0.12770402 0.15745752 0.21523675 0.0020618292 0.1534133 0.0008839688 1.1974842e-05 0.030051908 0.03798563 0.0001397667 0.036193896 0.064726375 0.04693539 4.834072e-06 0.011948076 0.016597524 0.0008708851 9.588698e-07 0.0043017296 7.3507814e-05 0.001299392 4.7163117e-06 0.014248824 1.0130967e-06 0.007900051 1.1188578e-06 3.351155e-05 0.00048472083 0.02922865 6.000425e-05 0.023188835 0.0005150259 0.008372889 3.5140324e-06 0.0017228477 0.009786355 0.010059596 0.044025876 0.0051201894 0.0002467164 0.02144763 0.012341145 0.0069186105 0.02051114 5.2578875e-05 4.5085133e-05 0.031923898 0.0202939 1.01227435e-07 0.006872748 0.0012401582 0.001530571
0.46500525 0.022932999 0.039816447 0.030153744 0.08277047 0.0010135312 0.061991666 0.014712658 0.029878084 0.0021488033 0.19512153 4.8635393e-05 0.0005803941 0.1657115 0.00042505164 0.40222117 0.0009015088 0.044278353 3.9037586e-05 0.042347975 0.22375818 2.9509312e-19 0.61534244 0.001286251 0.0002942276 0.01991495 0.08282786 0.20385621 0.00016251116 8.537129e-05 0.76609814 0.1421017 0.07898061 4.876102e-05 0.020439554 0.6072311 0.016185606 0.057148956 0.015505689 0.06965406 0.02348947 0.010190728 2.1695321e-05 0.4649583 0.00043013523 0.010209521 0.05339729 0.054031022 0.00012628386 0.032063663 0.037156764 0.031364772 0.003245178 0.057187606 1.2896969e-05 2.046583e-05 0.017589185 0.008985972 0.00025837886 0.035638086 0.0035561114 0.0035574678 6.7598003e-06 0.0061928425 0.0028964006 0.0011047893 3.7394127e-06 0.000351912 1.0932256e-05 0.000101652 4.3354285e-06 0.019027907 5.487307e-07 0.0015435129 1.0658493e-06 1.5012256e-05 0.0019213206 0.027348954 4.6922134e-05 0.014619932 0.00027525332 0.014149031 6.482684e-06 0.0003685104 0.042430513 0.011818925 0.057627607 0.005214446 0.0004180153 0.008085891 0.011372334 0.0426418 0.083101675 0.000100035286 0.00025025054 0.048694037 0.033668336 2.880116e-08 0.0040180916 0.002748314 0.0009440445
0.3229398 0.005810961 0.01157828 0.0036941946 0.014284558 0.00028982907 0.03072839 0.0016972903 0.003430629 0.0002641749 0.08982755 1.2748684e-05 0.00013672393 0.087541856 9.929618e-05 0.18518488 0.00023049259 0.8797491 4.0242485e-05 0.0073026773 0.04734215 0.61534244 3.7938328e-17 0.0035102598 0.0001613634 0.0026907872 0.013560265 0.042473033 1.1927713e-05 0.00013668377 0.057688747 0.018347112 0.007959666 3.0639005e-06 0.0028781092 0.25252277 0.020356717 0.0041669486 0.0029758841 0.005262335 0.002967923 0.00073104183 8.305203e-06 0.45169294 6.0117836e-05 0.0015056746 0.004968684 0.0036767703 0.00042994512 0.002672215 0.0033070142 0.002048401 0.0047305087 0.0053729024 1.2531181e-05 1.5863166e-05 0.0020700935 0.0012565455 0.002596995 0.0051290034 0.00036877496 0.00029573488 6.688059e-06 0.00048184805 0.0009225099 0.0032114473 3.860254e-07 0.0002519212 1.546819e-05 3.2762273e-05 2.4430503e-06 0.0014866987 5.944082e-08 0.00044342346 4.1687088e-08 1.2630102e-05 7.511627e-05 0.0030119196 4.363367e-05 0.0016660984 8.239365e-05 0.011080931 2.3909245e-06 0.00017613002 0.09937709 0.021246918 0.013893844 0.0010288354 0.00018599117 0.00072354724 0.016148418 0.12216465 0.033199 4.1121522e-05 2.9491994e-05 0.01851386 0.014714467 1.0323317e-08 0.0006425229 0.00026426307 0.0052412366
0.55858386 0.10798476 0.07251 0.04271932 0.018892579 0.39995313 0.13735086 0.027356582 0.024565063 0.028319133 0.04892098 0.35757607 0.54741526 0.01356179 0.023967097 0.005128434 0.0026188744 0.029839605 0.028713815 0.007565753 0.0014851005 0.001286251 0.0035102598 5.2218187e-18 0.0038605032 0.0128638465 0.008936891 0.00020011015 0.00066274864 0.5012877 0.00033353074 0.00025429908 7.259304e-05 0.00036843534 0.01765721 0.0007458682 0.58709663 9.347605e-05 0.021461466 0.00019470027 0.020727547 0.010154595 0.0010992731 0.00019246001 0.0019415994 0.021995358 0.0004235027 0.0011094777 0.59670496 0.00017503975 0.00031126963 0.0033408024 0.73892826 9.557721e-05 0.0010227399 0.00050926674 8.196718e-06 1.3696635e-05 0.5738968 2.404749e-05 0.00045066327 0.02347784 0.00012522216 1.3942614e-06 0.038796928 0.5188934 6.342289e-05 0.02417465 0.019845806 0.0053127273 0.00047702773 1.3684797e-06 1.3572885e-05 0.062334202 2.4588408e-05 0.012755168 1.8722392e-06 7.220504e-06 0.084860764 2.3670323e-06 0.06370878 0.30736437 0.00069229427 0.029084332 0.16279337 0.36421752 8.308582e-05 1.237652e-05 0.00070960564 8.60276e-06 0.5104187 0.07925224 0.00057264353 0.063483015 1.4094788e-07 2.8645449e-05 5.7352805e-05 9.7091586e-05 1.1562212e-07 2.4186315e-07 0.1517219
0.0012440198 0.0026220107 0.00060023286 0.003901367 0.00031158506 0.026382187 0.00010135771 0.019521624 0.0015453171 0.1756454 0.0005413308 0.02898255 0.0034984942 0.00046843066 0.74499124 0.00031478534 0.0627113 0.00014947461 0.4780106 0.00073651207 0.000118901495 0.0002942276 0.0001613634 0.0038605032 1.2687096e-20 0.0032393339 0.00040619794 7.6676086e-05 0.44608408 0.013062823 0.0001701792 2.6928907e-05 3.532666e-05 0.06084595 0.0018209475 0.00010078362 0.0026866791 2.474654e-05 0.0019151618 5.977004e-05 0.00080114667 0.0017050118 0.010052335 3.0532527e-05 0.00597279 0.0011044585 3.1875952e-05 4.3024225e-05 0.0011441212 7.007181e-06 1.6289092e-05 5.802721e-05 0.0021368922 3.449256e-05 0.005955891 0.6456355 3.824525e-06 7.0397004e-06 0.0013627171 9.703462e-06 7.341624e-07 0.00012647128 0.003317497 2.5730193e-07 0.00023570286 0.00051567046 0.008093031 0.00017883048 0.0242195 0.0022335837 0.0035370318 2.7041638e-06 0.029101083 0.00013114135 0.0031054618 0.00059407926 3.4754365e-07 9.029014e-06 8.97542e-05 2.8263537e-05 4.7886027e-05 0.0016019692 0.0002988237 1.4714648e-05 0.00031005612 0.0012472308 4.4774224e-05 1.6576532e-05 3.5936346e-06 0.000103699604 0.002453917 0.00029848018 1.3359754e-05 1.3125126e-05 1.6156426e-07 4.6637288e-05 1.0440997e-05 0.00016337905 5.473371e-06 2.6635664e-07 0.009674536
0.016053272 0.032138586 0.04053615 0.12715395 0.1133843 0.044338517 0.036875777 0.117664985 0.23032448 0.050336678 0.06372407 0.0017201019 0.00234074 0.06312188 0.0036903585 0.04187232 0.14254138 0.0035144016 0.00024676323 0.40259635 0.15450345 0.01991495 0.0026907872 0.0128638465 0.0032393339 1.7413773e-22 0.28064698 0.04702412 0.00804712 0.004889686 0.012933337 0.025987253 0.038915657 0.011794104 0.56935185 0.008553114 0.0027429909 0.024557715 0.53600717 0.06125234 0.4304287 0.54503936 0.05109161 0.0012278439 0.21969755 0.4845628 0.073492765 0.08769682 0.0053634928 0.025120396 0.044354483 0.098800264 0.0053317994 0.008070271 0.023547111 1.9477484e-05 0.002909784 0.0050719283 0.017229611 0.00048109432 0.06764038 0.21561106 0.0007134392 5.6764417e-05 0.16553502 0.013460879 1.44894775e-05 0.112784974 0.00024299245 0.025348542 0.00031731473 1.3268424e-05 1.0781485e-05 0.06325499 2.928482e-05 0.0033534635 5.673135e-05 0.00011617693 0.010771666 0.00010214293 0.017860144 0.064519405 6.6708126e-05 0.006815262 0.0029635418 0.082650155 0.0006390753 0.00013908856 0.0006914049 0.00039313285 0.07210912 0.002124947 0.00027010712 0.0031451017 3.43004e-05 0.00087658665 0.0006774684 1.5448751e-06 0.00037616224 0.0001307041 0.108137585
0.038979508 0.026817814 0.046974402 0.056543566 0.1149121 0.009636865 0.1008716 0.029653061 0.10592068 0.0043922337 0.17405523 0.00035342752 0.0020560338 0.11162351 0.00022604373 0.077152 0.023092104 0.018079689 7.2126095e-06 0.48871058 0.3877672 0.08282786 0.013560265 0.008936891 0.00040619794 0.28064698 7.408283e-21 0.14661369 0.0006167105 0.00030133486 0.058953755 0.115683936 0.105843864 0.00036192234 0.26020074 0.035837743 0.008198779 0.08428475 0.16327514 0.17419215 0.3874474 0.13110295 0.007355319 0.010175768 0.02893215 0.15753599 0.23965904 0.25585482 0.0008947521 0.07104441 0.11866681 0.23002127 0.010944452 0.05995378 0.0032342393 4.880815e-05 0.028773108 0.042786594 0.0008801015 0.013809892 0.13724706 0.15712193 6.410316e-05 0.007284999 0.05421007 0.00094090006 2.3340513e-06 0.026733663 2.4585757e-05 0.0077953977 6.3610554e-05 0.0025521491 8.61981e-06 0.032648988 1.37088e-05 0.0025066787 0.0010456418 0.0040753754 0.0039969985 0.0030200018 0.008521942 0.024860367 6.4143154e-05 0.010502366 0.005404085 0.07839972 0.0076968665 0.00233759 0.0022699262 0.0021354053 0.038556825 0.001624856 0.0015452944 0.0058791754 0.0003817563 0.003574613 0.0027107184 1.1981232e-06 0.0018444929 0.0026426837 0.00032636398
0.3139204 0.008974646 0.018344339 0.020904763 0.059080657 9.9583245e-05 0.050562054 0.0042041223 0.03305891 0.00034397363 0.19654712 1.0640888e-05 3.9935214e-05 0.16692325 2.7779006e-05 0.13765173 0.0006680789 0.06114072 4.2789066e-05 0.08549207 0.5901505 0.20385621 0.042473033 0.00020011015 7.6676086e-05 0.04702412 0.14661369 4.530268e-21 2.5093463e-05 1.0646725e-05 0.27389485 0.67350626 0.4847625 5.462368e-06 0.041419692 0.11410993 0.0034064385 0.38582274 0.029529829 0.31035057 0.06330195 0.019060705 5.9670878e-05 0.044331986 0.00081346487 0.027705872 0.14290746 0.14213575 4.7239873e-06 0.11633014 0.09950366 0.09073551 0.0006054158 0.22567947 3.513729e-05 1.8191164e-05 0.0655843 0.06753382 1.04384e-05 0.08445036 0.028395357 0.015611959 3.7855198e-06 0.02679475 0.003914346 5.2057338e-05 1.1438439e-06 0.00046247907 8.066185e-06 0.00023418441 2.7533467e-06 0.043333687 1.1665956e-06 0.002271062 2.492533e-06 3.2947417e-05 0.0008577939 0.049727038 1.2209102e-05 0.041811865 8.66927e-05 0.0053169094 6.90144e-06 0.0003385638 0.005698847 0.0059477966 0.07442005 0.010921577 0.00027627952 0.020678094 0.0046477583 0.0043075015 0.04259214 0.00010943894 0.00032351704 0.054930255 0.029918151 7.6769254e-08 0.01056566 0.0037429484 0.00020486362
0.00090978504 0.0030903441 0.0003853312 0.009286633 0.0006474344 0.006922181 1.7489918e-05 0.07366735 0.007078852 0.3269245 0.0001191253 0.0022029276 0.00052338344 0.00023994927 0.32898945 0.00015870376 0.36546308 4.721021e-05 0.06888118 0.0023760938 0.0001962627 0.00016251116 1.1927713e-05 0.00066274864 0.44608408 0.00804712 0.0006167105 2.5093463e-05 3.3051838e-22 0.0004940252 3.46892e-05 7.0678793e-06 2.8987757e-05 0.7422926 0.0043708496 3.4498284e-05 0.00018999913 1.1271175e-05 0.007594221 8.0900245e-05 0.001264318 0.0069538984 0.15602347 4.668617e-06 0.03894508 0.0035597333 2.540219e-05 2.4413632e-05 0.00014149975 2.3130358e-06 5.532426e-06 1.8406508e-05 0.00031940299 4.960663e-06 0.043274526 0.45488447 4.6828168e-07 5.0889554e-07 0.00012078601 1.7546678e-06 1.8057948e-07 3.5354064e-05 0.048334606 2.80763e-08 0.00022160001 6.944848e-05 0.088231154 0.00059870584 0.006359269 0.0044442895 0.0123228235 3.6085578e-07 0.1996464 7.8664e-05 0.019760022 0.001313524 2.279611e-08 6.093386e-06 5.0397743e-05 1.1067886e-05 9.16119e-06 0.0005093418 0.0009631452 4.747408e-06 9.873075e-05 0.00037035724 3.393443e-05 1.9022758e-06 1.5231898e-06 3.630038e-05 0.00030523253 5.738952e-05 6.1709957e-06 7.954752e-06 4.779147e-08 0.00012483416 2.137305e-05 0.00014392831 3.0387659e-05 2.3252433e-07 0.00037510996
0.02707249 0.026104636 0.007287702 0.009095097 0.0008201539 0.43995348 0.004194261 0.007717524 0.0027815243 0.013486379 0.0014774016 0.569904 0.58417547 0.00042685482 0.14398462 0.00011652213 0.0027665836 0.0005399397 0.46521237 0.0008315744 2.506811e-05 8.537129e-05 0.00013668377 0.5012877 0.013062823 0.004889686 0.00030133486 1.0646725e-05 0.0004940252 1.5257283e-19 1.5251674e-05 8.255572e-06 9.00442e-06 0.000119595665 0.004044768 5.1420433e-05 0.016246654 6.0458287e-06 0.0036151703 2.1029455e-05 0.0026985763 0.0010443851 0.00025397117 1.1914343e-05 0.00040761934 0.0022664308 2.9172763e-05 7.402142e-05 0.69523245 2.130208e-06 1.4174374e-05 0.00014492856 0.09919858 7.450069e-06 0.0002281247 0.00017188155 1.5868317e-06 4.864801e-07 0.54954964 7.2671025e-07 1.7257065e-05 0.002449326 0.0005506366 5.5455683e-08 0.007278152 0.18754594 0.00025273892 0.0073780385 0.42116985 0.010002317 0.00045526968 5.552943e-07 8.477044e-05 0.010751602 0.00016865836 0.01640228 3.1368759e-06 1.0819982e-06 0.022295471 1.4362691e-06 0.010822187 0.017592859 0.0022376794 0.0011227995 0.0035802068 0.018532993 4.1055473e-06 1.7224345e-07 0.0001418647 3.416024e-06 0.017099401 0.0013012137 4.2222996e-06 0.00062869495 1.214098e-07 2.769375e-07 9.917949e-07 8.1390255e-07 1.0179793e-09 1.0443233e-08 0.0687795
0.2620118 0.0041922014 0.011287225 0.008838951 0.027360838 0.00021220531 0.01822448 0.0034670038 0.012596266 0.00045962675 0.07754185 2.9515966e-05 0.00011965453 0.08383201 0.00010307068 0.08952571 0.00016368035 0.029758248 3.0429941e-05 0.024433862 0.15758815 0.76609814 0.057688747 0.00033353074 0.0001701792 0.012933337 0.058953755 0.27389485 3.46892e-05 1.5251674e-05 1.0872944e-19 0.29458976 0.13441937 6.0387756e-06 0.013617025 0.5553533 0.005715074 0.12347177 0.009968031 0.095191486 0.024156043 0.008575245 7.660617e-06 0.43927228 0.000139257 0.008441093 0.07374684 0.071270384 1.1434987e-05 0.07063748 0.06180008 0.040109474 0.0009429278 0.25927383 1.0894693e-05 1.18487815e-05 0.05925801 0.044251833 1.5908736e-05 0.20464712 0.011522465 0.0033774115 2.217175e-06 0.029565616 0.0015351935 8.569488e-05 2.2683216e-06 0.00015921918 1.0747105e-05 5.9147085e-05 2.091851e-06 0.0737345 1.4681617e-06 0.0010680839 1.5042142e-06 1.2868294e-05 0.0012315544 0.062930465 3.654223e-05 0.060051918 0.00018018477 0.016400412 8.433384e-06 0.00046074612 0.011228353 0.021800777 0.100602515 0.017332738 0.00079944887 0.016207658 0.00976502 0.0125267785 0.09775302 0.00021800115 0.00028328344 0.088915244 0.04759189 1.6324907e-07 0.014450515 0.0036222418 3.6932382e-05
