1.167466e-21 0.12519059 0.03634769 0.018743206 0.24992555 0.11859463 0.6457469 0.011164804 0.7069894 0.75918573 0.5352647 0.8139653 0.26755673 0.80383426 0.94096285 0.9478594 0.74575275 0.5123681 0.902379 0.0004478907 0.17488386 0.00143062 0.48681715 0.13978174 0.9772404 0.989518 0.000925909 0.84254146 0.87386656 0.015216416 0.97453165 0.8178208 0.75303704 0.0032185588 0.9386423 0.9501954 0.9886702 0.16966441 0.2723002 0.42212483 0.8297744 0.9190393 0.9992101 0.96766764 0.13036962 0.9769447 0.0026621053 0.8800687 0.0036603864 0.9492434 0.98822707 0.0021065355 0.12236929 0.38955745 0.3336004 0.9505727 0.005502623 0.9440545 0.9039795 0.0010758555 0.9308136 0.9240593 0.81838334 0.92058814 0.95820653 0.93719065 0.025938112 0.024619529 0.90409523 0.999511 0.6115605 0.73749393 0.34364286 0.7055342 0.9826152 0.6676997 0.93259037 0.51973057 0.8701147 0.9729165 0.9999866 0.31602594 0.13190949 0.40073574 0.82461524 0.91069263 0.4709523 0.56067675 0.45742628 0.006441279 0.80620587 0.74106836 0.8937188 0.9849752 0.7466393 0.99991214 0.8726183 0.92516667 0.94019264 0.9993986 0.7408524
0.12519059 7.5562316e-16 0.9984281 0.96529365 0.41223225 0.04992444 0.40314507 0.010260835 0.12294074 0.10928833 0.01178969 0.3093294 0.047258787 0.0020999264 0.34846014 0.12091081 0.00012117552 0.0001122131 0.24453644 0.11529085 0.061806854 0.00026292974 0.021250637 0.0007238771 0.115213916 0.07919934 7.531368e-05 0.05774491 0.0011444752 4.8278358e-05 0.022595085 0.00080585235 5.150163e-06 7.971968e-06 0.00449316 7.008637e-08 1.7554835e-07 2.628678e-06 0.00013367906 6.735884e-05 2.6819188e-07 0.00074807485 0.006469907 0.002787425 1.2025035e-07 0.0005960738 8.358503e-08 7.065248e-05 2.9625187e-07 0.00020803203 2.3055634e-06 5.8537437e-09 1.2535106e-08 7.7585835e-05 6.912492e-08 1.7387146e-08 6.975231e-08 0.0012738671 2.0919906e-06 1.3526441e-07 5.546369e-07 4.5083773e-08 1.4000923e-06 2.3436737e-06 4.5257315e-07 8.567007e-08 1.0056717e-05 7.490234e-10 4.5596857e-06 3.5137225e-05 2.1324247e-07 7.170848e-08 7.446965e-08 1.6261889e-06 1.5915353e-05 6.17375e-08 3.888641e-06 5.4705893e-08 5.2540327e-07 6.8568684e-06 0.0018511472 1.2708661e-07 6.963566e-10 9.987746e-08 1.6652729e-07 0.0023612843 1.2875271e-08 1.910221e-07 4.846352e-07 1.4613872e-09 8.435616e-09 1.8581918e-08 0.00079200714 6.128917e-07 1.9372757e-09 2.5746298e-05 7.4916195e-10 4.646235e-06 3.3499777e-08 0.0011360309 3.8405587e-10
0.03634769 0.9984281 1.3091445e-17 0.36733496 0.014174139 0.9131531 0.46291718 0.3499266 0.67577195 0.5133371 0.20268112 0.23286463 0.46457958 0.031151345 0.6873886 0.27015135 0.0120736025 0.0024481127 0.32803756 0.11170708 0.0080820825 3.1303236e-05 0.005516952 0.0012562171 0.10924272 0.07796393 9.2863975e-06 0.028611086 0.00042401312 2.6658206e-05 0.015747827 7.844704e-05 1.9599942e-05 1.0498229e-05 0.0015430913 1.9495146e-06 0.00085286907 1.7574688e-05 3.7491432e-06 9.0168066e-07 2.5251714e-07 0.00018329982 0.002001178 0.0032479381 3.1428664e-07 0.0005218468 1.0086882e-06 1.1145165e-05 1.0273763e-07 8.7245986e-05 8.133632e-05 1.730601e-09 5.53466e-09 4.8373804e-05 2.8544996e-08 9.737542e-09 8.789992e-09 0.00058827654 1.1333952e-05 2.4982487e-08 1.237527e-05 3.2770567e-06 2.254807e-06 1.4354537e-05 5.5831492e-06 9.203121e-07 2.2349952e-06 2.660029e-10 1.2504512e-05 0.00013768513 1.5680977e-08 8.635937e-06 1.9236055e-08 2.3485827e-06 0.00012364601 3.8265895e-08 2.4349778e-05 2.940106e-07 1.7296665e-06 1.3864179e-05 0.00038514534 1.4274206e-08 9.515238e-09 1.3207717e-06 3.3066718e-07 0.00020964866 9.819888e-09 1.5797847e-06 1.080281e-07 4.392276e-10 9.545537e-10 5.4377445e-09 2.752873e-05 6.508181e-06 8.080115e-09 0.00029288296 6.9829076e-09 1.6295968e-06 6.5351735e-08 7.1487695e-05 1.0738539e-09
0.018743206 0.96529365 0.36733496 1.6644174e-16 0.9969494 0.009371876 0.8552315 0.000616969 0.012713524 0.021711325 0.0015501127 0.20302616 0.002070464 9.089408e-05 0.13011034 0.004080196 0.00014074768 3.0699448e-05 0.16387647 0.0018734726 0.1713285 2.9293256e-05 0.055458058 7.945028e-05 0.057903573 0.008048186 9.336855e-06 0.08644553 0.013938175 1.1119627e-06 0.008456359 0.0006876918 8.670589e-06 3.148628e-06 0.0008449522 3.52963e-06 3.3777976e-06 6.662169e-06 0.00017384012 2.737231e-05 1.792606e-06 0.0005275254 0.0003314614 0.0008749559 8.9625127e-07 0.00011217768 4.7086152e-07 0.00025688723 1.5681702e-07 0.00042087157 3.1543534e-06 7.0341365e-08 7.207511e-07 0.00026576992 1.3356971e-06 1.3579098e-07 9.227083e-08 0.00019398652 8.3748165e-07 2.770939e-07 1.7848529e-06 1.1222651e-07 9.134173e-06 1.3332669e-05 8.9099643e-07 9.810949e-07 3.859509e-06 3.4972526e-08 2.994724e-06 1.8545777e-05 5.4022676e-06 5.072433e-07 5.8602595e-08 3.8358853e-06 1.2836217e-05 2.741334e-06 5.544654e-06 9.560943e-08 1.0938352e-06 5.4065454e-06 0.00045754676 4.995178e-07 3.9390404e-08 4.476963e-08 2.4035646e-08 2.8296929e-05 1.9114601e-07 7.729875e-09 9.858511e-07 6.2800187e-09 1.8880264e-08 3.0522376e-08 7.467351e-05 1.5899445e-08 1.4351814e-07 1.164322e-05 3.8429956e-08 8.123908e-06 3.2776978e-08 3.7132664e-05 7.566055e-08
0.24992555 0.41223225 0.014174139 0.9969494 1.4389066e-16 0.0016410527 0.9513806 0.00031507277 0.0011476586 0.0028022828 0.00024340436 0.23189251 0.00029608482 8.273736e-05 0.028025614 0.005948032 9.3782e-06 8.707712e-06 0.16990972 0.00076866674 0.6686501 2.904166e-05 0.3425557 1.6937895e-05 0.18763514 0.052387696 4.2911597e-06 0.27841076 0.6556199 6.7668464e-07 0.084823884 0.14178617 3.2337946e-06 1.6649548e-06 0.021367744 1.0126316e-07 1.078042e-06 7.46613e-06 0.0008875339 0.00043490718 2.9874886e-07 0.06968048 0.012117547 0.019620363 1.0649919e-06 0.009404219 2.8960965e-06 0.0004611395 2.22178e-07 0.0058026514 1.3257198e-06 5.5614883e-08 2.1108046e-06 0.00093445706 2.2536406e-07 4.7772605e-08 9.422558e-08 0.0035346611 1.1328057e-06 7.338852e-07 3.9009983e-06 3.7417347e-08 9.872962e-07 8.3969375e-05 1.6460336e-07 1.7743346e-07 0.00015144008 1.6374418e-08 2.8055583e-06 4.5762725e-05 2.1129817e-06 1.2914163e-07 8.558788e-07 2.6546806e-07 4.6065315e-06 2.6259556e-07 4.768567e-06 2.2054035e-08 3.369566e-07 1.3805958e-06 0.001688258 2.7220364e-07 2.3316762e-09 5.6601458e-08 4.4015285e-09 0.0019437348 4.426704e-08 3.96553e-08 1.1249804e-07 1.8556948e-08 3.37902e-09 5.2924327e-09 0.00062973495 9.926024e-08 5.001496e-08 1.0176076e-05 1.2302852e-09 7.810559e-05 5.636735e-08 0.0010979598 9.812375e-10
0.11859463 0.04992444 0.9131531 0.009371876 0.0016410527 5.510637e-15 0.027950268 0.9852166 0.6206033 0.39120454 0.396197 0.057647765 0.8690163 0.1766196 0.44539475 0.44810444 0.043938525 0.024903454 0.07145758 0.3920823 0.0011267867 0.0009791387 0.001322303 0.032977622 0.038699623 0.07395205 9.520477e-05 0.002513465 1.0932464e-05 0.00030875308 0.0040093833 0.00014533021 0.0005227898 0.00010274602 0.0002382639 6.5926893e-06 1.5845899e-05 0.0005176737 4.618298e-06 1.5292081e-06 1.6123204e-06 0.000117485986 0.00501565 0.00032491246 1.1527453e-05 6.08418e-05 6.0760794e-05 4.5951827e-05 2.1244748e-06 1.2046855e-05 3.808677e-06 4.668367e-08 4.3273266e-07 6.167366e-06 7.740547e-08 6.818109e-08 5.0946294e-08 0.00041406133 3.4969526e-06 1.3688054e-07 1.8989354e-06 2.504099e-07 1.0559384e-06 2.1346426e-05 2.1591622e-07 1.8229196e-07 1.0027785e-05 4.5362988e-08 4.1861067e-06 7.83976e-05 1.6064126e-06 3.3197466e-07 2.8329893e-07 5.771053e-07 1.767886e-05 9.25694e-07 3.6326887e-06 2.7801438e-08 7.475181e-07 2.1349702e-05 0.0008817721 4.5349773e-07 5.445002e-08 1.8152924e-06 2.1869212e-07 0.0001440747 8.9049145e-08 6.5166614e-07 5.953145e-07 1.4875673e-08 2.2511446e-09 4.7433307e-08 0.00028246414 1.8852963e-07 1.041805e-07 0.0001388014 2.1218382e-08 4.370403e-06 1.9704933e-07 0.00031177883 2.0579884e-08
0.6457469 0.40314507 0.46291718 0.8552315 0.9513806 0.027950268 1.5499925e-14 0.0012665452 0.011326072 0.02451511 0.001743438 0.97444373 0.0014702979 0.00032588193 0.26357648 0.045547552 0.00022211052 0.00011534795 0.63282835 0.00051377673 0.6297035 7.000672e-05 0.3541014 7.965186e-05 0.5450651 0.2621546 4.5620304e-06 0.62740177 0.15665805 1.4874015e-06 0.34139475 0.007268868 2.8372697e-05 6.475668e-07 0.09180837 3.9139964e-06 0.00010517264 1.705738e-05 0.00031044698 0.00019634243 5.1299276e-06 0.023934279 0.06367518 0.054479465 6.329394e-07 0.006708283 4.100136e-06 0.00013884391 1.1522826e-07 0.002413428 2.4646584e-05 7.67899e-08 3.96927e-07 7.911133e-05 2.130646e-07 2.4633364e-06 1.959384e-08 0.012175256 5.864568e-07 1.4420522e-07 9.087852e-06 3.1178192e-07 6.072934e-07 0.0004214475 7.644758e-06 3.369068e-07 1.2783564e-05 1.2015778e-06 9.115441e-07 0.0011864115 8.422819e-07 5.63634e-07 1.8696544e-07 3.6427198e-07 0.00021950195 1.1524854e-06 3.125937e-06 2.1209027e-07 2.7977848e-07 4.3687987e-06 0.004482065 4.549066e-06 2.2389075e-08 5.787831e-07 7.562391e-08 0.00028723673 8.611581e-09 3.245967e-07 5.2284726e-08 6.6205723e-07 1.2583519e-08 2.0404352e-08 0.00015769144 5.899026e-07 1.4828706e-08 0.00045245967 1.3496438e-08 2.3999879e-05 2.328241e-07 0.0011671643 7.038887e-08
0.011164804 0.010260835 0.3499266 0.000616969 0.00031507277 0.9852166 0.0012665452 6.0984026e-12 0.17541535 0.046674788 0.11225263 0.004966578 0.8230298 0.06197825 0.041334428 0.034277104 0.04096063 0.06356358 0.0061829584 0.92897147 1.7719167e-05 0.026670434 2.42502e-05 0.11184902 0.0013456033 0.0042983587 0.0014102131 9.1334536e-05 4.031458e-07 0.0013882186 6.0831415e-05 3.4435354e-06 0.0013919411 0.00091917336 1.1788436e-05 4.346256e-05 0.00015494786 0.00072093913 7.627691e-07 9.261235e-08 9.910664e-06 6.852639e-06 0.0001076616 5.2271145e-05 1.872783e-05 6.8733275e-06 0.0005418902 4.1486826e-05 8.195892e-07 3.507651e-06 2.2332426e-05 1.6462338e-06 5.239749e-06 4.679707e-06 1.1183291e-07 7.741075e-07 7.4819596e-08 0.000111247515 6.926126e-06 5.8974564e-07 1.823742e-05 4.2542833e-06 2.0352463e-06 1.0629883e-05 4.143161e-06 5.970224e-07 7.096608e-07 2.1398412e-06 2.2749799e-05 0.00023155607 4.864337e-05 4.270034e-06 2.2586495e-07 1.2797104e-05 0.00019113044 3.3685042e-06 8.5902175e-06 3.294173e-07 9.85088e-07 0.00022057486 0.002125088 3.3110078e-07 2.2810075e-06 5.564317e-06 8.296475e-07 6.278067e-05 2.5487049e-07 3.956453e-06 4.928992e-06 5.0431066e-07 1.0909087e-08 7.034244e-08 1.1586209e-05 1.6211541e-07 6.8897634e-07 0.00047675258 7.540372e-07 5.6905066e-07 2.238247e-07 4.506643e-05 4.1827743e-06
0.7069894 0.12294074 0.67577195 0.012713524 0.0011476586 0.6206033 0.011326072 0.17541535 1.0923775e-14 0.98283684 0.9581946 0.026030382 0.5528858 0.7648791 0.6630154 0.7937877 0.25323918 0.18518804 0.07997168 0.004275589 0.00060351 0.0016418603 0.0005531158 0.062419213 0.062259313 0.3372263 0.00031138898 0.003945673 4.470766e-05 0.0031929407 0.0038734423 2.2125418e-05 0.0066899224 0.00022267662 0.00093278626 0.0012545722 0.01547148 0.0033325986 2.1049598e-05 2.0055415e-06 0.0003519432 0.00031427873 0.029018871 0.0016972143 7.472665e-05 0.0001264158 0.00010906749 6.834117e-06 1.570977e-05 0.00010351978 0.0033401253 4.705579e-06 7.47788e-06 6.2277763e-06 5.8596115e-06 9.076885e-06 2.0158618e-06 0.0015109509 4.6165744e-05 4.5461256e-06 0.00010103287 2.485618e-06 2.608169e-06 0.0012303082 1.8509661e-05 1.0847507e-06 1.1611706e-05 6.4955693e-06 2.6878556e-06 0.0014090172 3.7668403e-06 1.2124544e-06 1.085882e-06 1.3569329e-06 3.558771e-05 2.8998397e-07 2.1304904e-06 3.0294785e-08 3.9832136e-07 6.020513e-06 0.0018296713 1.4406824e-06 2.1564193e-07 1.3608053e-06 3.0174218e-07 0.00011192154 1.266932e-07 2.428291e-06 1.5959945e-07 3.6526478e-07 1.6283126e-09 3.789287e-08 3.329106e-05 2.9495325e-06 4.8678777e-07 0.0002564129 1.8000452e-07 1.2253649e-05 5.164409e-07 0.0003979311 5.930105e-07
0.75918573 0.10928833 0.5133371 0.021711325 0.0028022828 0.39120454 0.02451511 0.046674788 0.98283684 4.738643e-17 0.75152373 0.048132963 0.34654093 0.66947675 0.91777736 0.9458097 0.20624341 0.16453911 0.196863 0.0018932503 0.0018958068 0.0009904418 0.0017704566 0.04213033 0.11602128 0.5268699 0.00020969364 0.01051735 2.3714076e-05 0.0021400065 0.0072486713 1.19226515e-05 0.0072585423 0.00016928537 0.0012096803 0.0012495548 0.03246579 0.0032168436 3.3266447e-06 1.1691974e-06 0.00042728533 0.0005690264 0.056443438 0.004962277 3.9631017e-05 0.0001219732 5.4134e-05 1.8399004e-06 4.022972e-06 4.5203138e-05 0.00395018 1.4811746e-06 1.4301321e-06 4.27125e-07 2.141364e-06 4.0540067e-06 3.676528e-07 0.0023462258 1.4795561e-05 1.349546e-06 0.00013171605 1.1900505e-06 5.0818505e-07 0.0038104106 1.7366905e-05 1.4558218e-07 1.2322487e-05 5.865051e-06 9.633601e-07 0.005081587 2.150672e-06 6.1900374e-07 1.7953528e-07 3.4993826e-07 4.611421e-05 2.1597164e-07 7.4795946e-07 1.7347958e-08 1.1442961e-07 4.453619e-06 0.0024740596 7.955058e-07 8.4261e-08 1.0325444e-06 7.123503e-08 9.353516e-05 7.497059e-08 1.0701598e-06 1.3296025e-07 4.002546e-07 1.0744932e-09 1.535672e-08 4.0011957e-05 2.7436421e-05 9.7239436e-08 0.00031043336 3.3363634e-08 2.5956444e-05 2.8194765e-06 0.00035936778 2.2749539e-07
0.5352647 0.01178969 0.20268112 0.0015501127 0.00024340436 0.396197 0.001743438 0.11225263 0.9581946 0.75152373 4.394419e-15 0.0068292213 0.670802 0.985209 0.4131566 0.57959604 0.46360016 0.37629297 0.023212576 0.0018527934 0.00013564415 0.0026408231 0.00023454403 0.13025467 0.017012851 0.20835534 0.00041338982 0.0011721198 2.1532032e-05 0.003742765 0.0012371895 9.844376e-06 0.015115822 0.00032090396 0.00040309067 0.0019396137 0.025052147 0.0049139177 9.138058e-06 3.4317247e-07 0.00048000936 0.00020800365 0.018473754 0.0010310872 0.00010580381 6.14319e-05 9.429413e-05 3.301871e-06 3.3786117e-05 2.5063544e-05 0.0043677534 1.6262673e-05 1.6728289e-05 1.787522e-06 1.26827035e-05 1.106852e-05 3.2643775e-06 0.001097271 4.5773813e-05 2.6944203e-06 0.00018499399 2.6730368e-06 2.8709321e-06 0.0009839467 1.8633036e-05 5.153752e-07 1.7514238e-05 1.9274334e-05 4.072362e-06 0.0010847647 9.839505e-06 1.0964013e-06 1.6721431e-07 8.984301e-07 4.278417e-05 1.1394551e-06 1.9168008e-06 6.503652e-08 3.1170316e-07 8.060825e-06 0.0015129948 7.0593783e-06 7.067161e-07 1.454586e-06 2.442907e-07 3.9743387e-05 1.0588107e-07 2.6046694e-06 1.2978624e-07 2.268397e-06 3.6447245e-09 2.8111076e-08 2.0924326e-05 4.774251e-06 3.042933e-07 0.00028819186 6.389293e-08 9.699437e-06 1.2192121e-06 0.00019040983 5.0456026e-07
0.8139653 0.3093294 0.23286463 0.20302616 0.23189251 0.057647765 0.97444373 0.004966578 0.026030382 0.048132963 0.0068292213 3.740129e-12 0.011531364 0.0053045964 0.43219766 0.097184904 0.0021134808 0.00096935756 0.95730305 0.000500626 0.67074984 3.476806e-05 0.41900647 0.0011688859 0.7757835 0.5105561 9.822094e-06 0.67327607 0.023095243 8.3273135e-06 0.5595428 0.0011462562 0.00025624814 6.556849e-06 0.104343645 3.776392e-05 0.00088852184 0.000116406285 0.0002595371 0.00012028047 2.162975e-05 0.013205647 0.08335678 0.06224421 2.6963764e-06 0.00419221 1.696431e-05 0.00025742358 2.4005763e-07 0.0023145992 0.00033688062 3.8939453e-07 2.4419685e-07 0.00016574391 7.557571e-07 3.4955656e-06 1.4808955e-07 0.017360995 1.21750345e-05 9.3961535e-07 3.4135086e-05 1.2774345e-06 1.397355e-06 0.0029526833 7.4332706e-06 9.965449e-07 6.218805e-05 5.0179983e-06 1.1512013e-06 0.005219043 2.6568423e-06 8.633832e-07 9.0082494e-08 1.0946835e-06 0.00014488296 1.4853468e-07 3.4916875e-06 6.742211e-08 2.0593313e-06 6.386478e-06 0.013743248 8.4157926e-07 4.752815e-07 4.2365377e-06 8.278218e-07 0.0009390112 1.9780283e-07 5.5882097e-06 3.1011422e-07 3.7265322e-06 1.166363e-08 5.3253345e-08 0.00037397834 2.193998e-06 8.7017474e-07 0.00080665277 5.0713834e-07 4.03981e-05 2.4260482e-06 0.0019103916 1.3597155e-06
0.26755673 0.047258787 0.46457958 0.002070464 0.00029608482 0.8690163 0.0014702979 0.8230298 0.5528858 0.34654093 0.670802 0.011531364 4.347903e-12 0.7496391 0.3365422 0.47960204 0.73775 0.8972933 0.024822645 0.44197258 8.528707e-05 0.5649096 0.0004025323 0.9146166 0.013172007 0.0944713 0.13732055 0.0008604037 1.0486832e-05 0.12852763 0.0012786741 2.0305179e-06 0.12577783 0.039385077 8.4931955e-05 0.00567457 0.014458965 0.057528768 6.43914e-06 1.03573434e-07 0.0010602007 0.00013902491 0.0033561126 0.00022092876 0.0035015228 1.2964486e-05 0.002774505 1.31939505e-05 0.0006175224 4.449745e-05 0.0014610293 0.00013855266 0.00021995163 4.104772e-06 0.00014710981 8.2697356e-05 5.085271e-06 0.00037986386 0.00012797283 7.792846e-06 0.00017160294 4.418533e-05 4.5234124e-06 0.0005768196 7.877773e-05 1.4259485e-06 2.641877e-06 0.00036210206 3.397484e-05 0.0005534994 7.706109e-05 2.6777556e-05 1.6957321e-07 1.1277057e-05 0.0004208854 1.5788945e-06 4.4406264e-05 2.4241124e-06 8.1926885e-07 0.00021642886 0.0012205245 2.7179743e-05 8.4548003e-07 1.0719254e-05 8.352602e-07 1.9716457e-05 2.4191158e-07 5.927332e-06 1.7965133e-06 1.5638496e-05 4.917064e-09 4.4604448e-08 6.7370374e-06 1.5595031e-06 2.4162014e-07 0.0013129472 1.3113629e-07 1.2908148e-06 1.5044402e-07 6.830074e-05 8.740439e-07
0.80383426 0.0020999264 0.031151345 9.089408e-05 8.273736e-05 0.1766196 0.00032588193 0.06197825 0.7648791 0.66947675 0.985209 0.0053045964 0.7496391 5.098351e-16 0.37246087 0.70859367 0.82310814 0.7775358 0.020891408 0.0012524264 4.105749e-05 0.003198163 0.00011368762 0.29085773 0.023359366 0.29782292 0.0005979669 0.0008131779 9.195353e-06 0.009571076 0.0009769555 8.720394e-06 0.08293585 0.0008541648 0.00025434446 0.007872648 0.17717095 0.022670474 3.0379602e-05 5.76221e-07 0.001458315 0.00019136646 0.021385117 0.00067038415 0.00024388488 6.0956685e-05 0.00032080236 2.5884226e-06 7.9828744e-05 5.040219e-06 0.018678514 1.7063596e-05 5.3670487e-05 8.226947e-06 3.5626184e-05 0.00010545315 1.3970325e-06 0.00059894746 0.00016636374 4.4325574e-07 0.00093755533 2.288288e-05 1.0322989e-05 0.0071086623 0.00022979398 5.49787e-06 3.616339e-06 4.775967e-06 3.455874e-05 0.0046334807 3.4506018e-05 4.8767924e-06 4.9502468e-08 1.0574198e-06 0.00029696658 5.4670168e-06 5.360974e-06 4.0161964e-07 1.2487143e-06 5.9529124e-05 0.0012180988 7.1873205e-06 1.6918174e-06 7.673377e-06 9.947219e-07 2.2196875e-05 7.6659194e-07 7.008424e-06 4.4000515e-07 1.8441939e-06 1.650272e-08 6.219217e-08 7.4803265e-06 4.9081493e-05 3.8170717e-07 0.00048209878 1.1529807e-07 1.4385267e-06 3.5966686e-06 5.492108e-05 6.6411616e-07
0.94096285 0.34846014 0.6873886 0.13011034 0.028025614 0.44539475 0.26357648 0.041334428 0.6630154 0.91777736 0.4131566 0.43219766 0.3365422 0.37246087 3.6300054e-15 0.96687883 0.27109042 0.12167579 0.8378875 0.0014056352 0.02199606 0.00036253844 0.018167803 0.035171 0.6790653 0.9050366 5.8429858e-05 0.06617094 0.00038866108 0.0017002543 0.093515776 0.00025826754 0.009796963 0.00016609803 0.0081319 0.0011073957 0.013766952 0.0030471454 8.957488e-05 4.4567314e-05 0.0009345488 0.0030152185 0.21741545 0.039624337 0.00010786345 0.00046916207 0.00015735628 1.2319936e-05 1.14370705e-05 0.0005020756 0.0023095016 2.7391854e-06 2.2440743e-06 2.4161278e-05 2.640424e-06 1.4128615e-06 1.2353531e-06 0.012241988 2.813161e-05 5.5439764e-06 0.00030658385 1.9620318e-06 5.876633e-07 0.009161572 7.891398e-05 6.633459e-07 2.314789e-05 8.625669e-07 4.109994e-06 0.013084193 2.5092995e-06 7.539991e-07 1.3423048e-07 4.9775974e-07 0.0003185254 9.9834416e-08 1.2438044e-06 1.4181504e-08 4.2770134e-07 9.440385e-06 0.0085637 5.3289955e-07 7.512114e-07 1.333045e-06 2.221229e-07 0.00059539144 1.998522e-07 1.9743468e-06 1.3429603e-07 3.6644025e-07 3.0402787e-09 9.233574e-09 0.00020518333 7.1160343e-06 1.3953928e-07 0.00058110413 4.753347e-08 8.4819934e-05 5.037881e-07 0.0012318088 8.9094165e-08
0.9478594 0.12091081 0.27015135 0.004080196 0.005948032 0.44810444 0.045547552 0.034277104 0.7937877 0.9458097 0.57959604 0.097184904 0.47960204 0.70859367 0.96687883 1.5040888e-16 0.41247866 0.289429 0.40000954 0.00088986504 0.0036576402 0.0006755715 0.0036832155 0.06297778 0.405883 0.86963177 0.00012370545 0.017528716 7.8910074e-05 0.0033483587 0.02917959 6.603528e-05 0.03330772 0.00013212039 0.0030916722 0.0049754316 0.21885933 0.011683711 1.8026256e-05 1.5683601e-05 0.0016916532 0.0015113659 0.23524387 0.014511646 0.0001519854 0.00021137558 0.00019719495 1.2284458e-05 6.125622e-05 7.549843e-05 0.065758914 4.401334e-06 1.9510808e-06 1.0576472e-05 2.6619707e-06 1.7768207e-05 2.1238327e-06 0.008398856 0.00013221492 1.3955984e-06 0.0017513135 7.0679744e-06 2.3898688e-06 0.059941288 0.0008537915 1.3108184e-06 4.9433265e-06 5.643187e-07 1.5018985e-05 0.04871997 2.272429e-06 1.3027776e-06 6.958913e-08 3.3140844e-07 0.0017998102 2.0559632e-07 6.1778707e-07 8.552199e-08 6.8594613e-07 5.864518e-05 0.011426757 1.119621e-06 4.780823e-07 1.7541709e-06 1.2506096e-07 0.0003854806 3.2161606e-07 2.1392739e-06 2.09106e-07 2.0801248e-07 7.149934e-09 8.181039e-09 6.558628e-05 3.0593415e-05 5.392501e-07 0.0018315577 9.459472e-08 1.1538002e-05 7.618019e-06 0.0006454222 6.4603306e-08
0.74575275 0.00012117552 0.0120736025 0.00014074768 9.3782e-06 0.043938525 0.00022211052 0.04096063 0.25323918 0.20624341 0.46360016 0.0021134808 0.73775 0.82310814 0.27109042 0.41247866 2.7202838e-15 0.99347425 0.011398846 0.002109562 3.3361557e-05 0.015289729 5.5889643e-05 0.39217585 0.015088018 0.12366273 0.0034892461 0.00075007183 2.1545497e-06 0.027992858 0.0011956778 2.5514933e-06 0.16166812 0.0038105235 8.91873e-05 0.0068372665 0.15493639 0.04607931 1.6343694e-05 1.3127525e-06 0.0014941056 0.00015437059 0.03376042 0.0010863446 0.0009865824 1.6397478e-05 0.0006465182 4.110499e-06 0.00012168679 2.5625936e-06 0.011965488 3.1163985e-05 5.0694154e-05 6.1069877e-06 1.45704835e-05 5.9148217e-05 3.0929916e-06 0.0010400892 0.00014524 6.908409e-07 0.0010104863 4.8289526e-06 4.8020956e-06 0.004818862 6.685671e-05 4.224811e-07 7.2380217e-06 5.308435e-06 5.067412e-06 0.0025286996 2.8607092e-05 9.4113364e-07 6.5613776e-08 4.8900444e-07 0.000113424256 1.658576e-06 9.709122e-07 4.4407084e-08 2.4270926e-07 8.7179415e-06 0.0016631567 4.0060313e-06 9.026055e-07 2.802013e-06 1.2077821e-07 8.3585954e-05 5.9854024e-08 2.0711211e-06 9.914917e-08 2.9662024e-07 4.6713664e-09 1.0885268e-08 6.6826746e-05 9.817253e-06 9.950382e-08 0.0006487277 4.571415e-08 1.8971787e-05 2.2067352e-06 0.0006074962 7.692756e-08
0.5123681 0.0001122131 0.0024481127 3.0699448e-05 8.707712e-06 0.024903454 0.00011534795 0.06356358 0.18518804 0.16453911 0.37629297 0.00096935756 0.8972933 0.7775358 0.12167579 0.289429 0.99347425 1.844816e-14 0.005147458 0.0022456492 1.0300184e-05 0.04471629 4.11489e-05 0.6901724 0.0054410207 0.06125544 0.013395784 0.00047893752 2.2733857e-07 0.11784607 0.00028526143 2.1318796e-07 0.5534319 0.01315388 0.00010406031 0.0319281 0.1925788 0.12134607 8.48173e-06 6.4151465e-07 0.004623033 0.00013354233 0.00620864 0.0002528204 0.0069497707 9.488865e-06 0.0030861872 3.8270828e-06 0.00046987672 2.6378013e-06 0.017490452 6.656679e-05 0.00042095865 2.9713508e-06 0.00017102362 0.00071476895 1.423156e-05 0.000153598 0.00042106325 1.8387726e-06 0.0010021847 2.3105127e-05 3.729478e-05 0.0035158212 0.0001231978 3.1291584e-06 1.6080805e-06 1.043613e-05 1.5775211e-05 0.0017583087 0.00012863123 2.0667349e-06 1.7299254e-08 1.7544133e-06 9.670734e-05 6.971746e-06 3.7863972e-06 2.3758398e-07 8.557866e-07 2.5821491e-05 0.00016733387 1.4343564e-05 6.68554e-06 7.210499e-06 7.09828e-07 2.0892763e-05 4.6456523e-07 6.2963454e-06 2.512138e-07 1.3542633e-06 2.5816602e-08 4.633213e-08 2.059695e-06 3.8424518e-05 7.07667e-07 0.0006985676 1.8049477e-07 7.938128e-07 9.958766e-06 7.153338e-05 4.425415e-07
0.902379 0.24453644 0.32803756 0.16387647 0.16990972 0.07145758 0.63282835 0.0061829584 0.07997168 0.196863 0.023212576 0.95730305 0.024822645 0.020891408 0.8378875 0.40000954 0.011398846 0.005147458 1.8235895e-12 0.000102123835 0.49203032 5.2328058e-05 0.41555157 0.001497492 0.93899053 0.75225145 2.1161912e-05 0.36583167 0.0064517423 7.339363e-05 0.43804964 0.0011954178 0.0019140105 1.2248182e-05 0.07854636 0.0007009146 0.0039083217 0.00036666504 0.00015993415 6.7010355e-05 0.00014068354 0.0065776487 0.19194894 0.064110585 2.0414718e-05 0.0023822812 2.2388576e-05 0.00013091892 6.468224e-07 0.001321071 0.0022708 1.9040073e-06 2.4598528e-06 7.359809e-05 9.5380765e-06 3.133865e-06 6.2407935e-07 0.015420682 0.00010415413 1.4102473e-06 0.00053924473 2.5176616e-05 3.6224383e-06 0.008741465 0.00037425396 4.0731434e-06 1.9209758e-05 8.827009e-06 3.1111962e-05 0.020369371 3.9968154e-06 1.5692915e-06 1.2172637e-06 1.2363103e-06 0.0012733394 1.5816713e-07 4.812705e-06 6.463818e-08 4.773163e-06 0.00017084168 0.015980473 5.6161923e-07 9.2021924e-07 4.9566343e-06 1.7603161e-06 0.0008395265 1.3766097e-06 8.189272e-06 2.7077842e-06 1.2253096e-06 5.7046448e-09 1.0224501e-07 0.00041290672 6.5784414e-05 3.2739017e-06 0.0016612236 9.214081e-07 4.8421207e-05 4.1534313e-06 0.002018614 3.09157e-06
0.0004478907 0.11529085 0.11170708 0.0018734726 0.00076866674 0.3920823 0.00051377673 0.92897147 0.004275589 0.0018932503 0.0018527934 0.000500626 0.44197258 0.0012524264 0.0014056352 0.00088986504 0.002109562 0.0022456492 0.000102123835 2.7059688e-16 2.6378793e-06 0.910508 3.8273165e-06 0.15765607 2.804594e-05 7.2495415e-05 0.36143264 3.4764347e-05 1.4516419e-05 0.0021525752 1.860457e-05 3.7696614e-06 0.00028790426 0.15683343 1.5866644e-05 3.5866928e-05 4.569776e-06 0.00023138303 9.577676e-07 5.2569114e-08 3.281673e-06 0.000114617644 0.00019319117 0.00016516814 4.5275014e-05 0.0003181277 0.000771432 0.00016741993 1.0455805e-05 9.697361e-05 4.3084998e-05 4.538549e-06 1.2524663e-06 0.00018678306 1.7483194e-07 1.1176676e-06 8.666587e-08 0.000394559 3.508064e-05 7.520361e-06 0.00013498486 1.3276462e-05 1.724828e-05 1.8915529e-05 2.4923653e-05 1.546125e-06 7.513604e-07 1.0910633e-07 5.4869986e-05 0.00012695683 1.2723287e-05 3.082035e-06 5.018178e-07 0.00015262174 0.00013552325 6.0885685e-07 5.5663863e-06 4.1309323e-07 5.7273655e-07 6.3308384e-05 0.0013816314 2.9326011e-07 6.9305095e-09 9.797877e-07 1.0392231e-07 8.145144e-05 3.7510475e-07 3.7621692e-06 4.695423e-05 2.1489136e-07 1.4752001e-08 3.2318445e-07 3.9544895e-05 9.854714e-07 2.346119e-07 0.0001852189 4.5346116e-08 4.1773845e-08 1.7039184e-07 3.151742e-05 5.5331515e-07
0.17488386 0.061806854 0.0080820825 0.1713285 0.6686501 0.0011267867 0.6297035 1.7719167e-05 0.00060351 0.0018958068 0.00013564415 0.67074984 8.528707e-05 4.105749e-05 0.02199606 0.0036576402 3.3361557e-05 1.0300184e-05 0.49203032 2.6378793e-06 6.5800616e-16 2.933036e-06 0.99798006 6.728279e-06 0.34130806 0.01670848 1.1147508e-06 0.5195087 0.83853155 2.3045797e-07 0.29213566 0.17885208 2.5357206e-06 1.4842296e-07 0.21406935 2.5314491e-06 2.117674e-06 5.3715007e-06 0.0030455273 0.00075316016 5.1890565e-06 0.2752572 0.009986114 0.05947013 8.876176e-07 0.017697088 3.5325631e-06 0.00034537684 1.4948623e-07 0.0060216016 2.4280478e-06 3.4176122e-07 1.4108828e-07 0.0003281066 1.3655485e-07 1.440286e-07 5.8956005e-07 0.008533405 8.820915e-08 1.4269341e-07 1.06523814e-07 3.2125666e-08 1.5363922e-07 6.389327e-05 3.725262e-07 2.5209085e-08 5.4352095e-05 1.5321869e-07 2.2350545e-08 0.00036943762 1.2664495e-06 6.311724e-08 4.631342e-07 5.592062e-07 3.4541556e-06 2.8757427e-07 3.058755e-07 2.3437103e-09 2.1995233e-07 7.156092e-08 0.0062920274 4.119095e-07 1.2006521e-08 1.841446e-07 1.688463e-08 0.00075806095 8.884184e-08 9.78215e-08 1.2582319e-08 9.073969e-08 1.5147168e-10 1.871133e-09 0.00037655816 1.1675783e-08 1.1450717e-08 6.178089e-05 3.7234218e-09 0.00024150718 8.534234e-10 0.0016659459 2.7495735e-08
0.00143062 0.00026292974 3.1303236e-05 2.9293256e-05 2.904166e-05 0.0009791387 7.000672e-05 0.026670434 0.0016418603 0.0009904418 0.0026408231 3.476806e-05 0.5649096 0.003198163 0.00036253844 0.0006755715 0.015289729 0.04471629 5.2328058e-05 0.910508 2.933036e-06 4.693611e-14 3.3584176e-05 0.7974422 4.0201976e-05 7.6378536e-05 0.98935086 7.924937e-05 0.00013000595 0.015540628 1.14637705e-05 6.119888e-05 0.0028227188 0.053430565 9.955518e-06 4.3970987e-05 7.2091194e-07 0.0005630055 9.057983e-06 3.2173527e-06 2.6332896e-06 0.00015232088 2.3092902e-05 0.00033275998 1.2296625e-05 5.2361705e-05 0.0016084962 0.0005247673 1.47617775e-05 2.410496e-05 3.4703466e-05 5.3815043e-06 3.2964832e-05 0.00022109781 2.5433096e-07 2.017201e-07 6.6468584e-07 0.00065390894 6.909234e-05 3.6124954e-06 3.722705e-05 1.0158813e-06 6.010863e-06 5.0429622e-05 1.5489261e-06 2.3636487e-06 4.791051e-07 3.5601045e-07 8.258599e-05 0.00011260641 2.0765334e-05 2.4348641e-05 5.032004e-07 2.2667266e-05 0.000236172 3.7570853e-06 7.900901e-05 2.511876e-06 8.435443e-06 8.995326e-05 0.0005677095 2.566979e-06 1.5314588e-06 4.2898653e-05 5.0501644e-06 8.399961e-06 4.221796e-06 4.248151e-05 2.104695e-05 4.9355204e-08 1.1966004e-07 3.3555282e-06 1.514868e-05 1.3392474e-07 1.3214545e-06 0.00018303902 6.1360697e-07 3.3777025e-07 8.925523e-08 2.9898301e-06 9.882779e-07
0.48681715 0.021250637 0.005516952 0.055458058 0.3425557 0.001322303 0.3541014 2.42502e-05 0.0005531158 0.0017704566 0.00023454403 0.41900647 0.0004025323 0.00011368762 0.018167803 0.0036832155 5.5889643e-05 4.11489e-05 0.41555157 3.8273165e-06 0.99798006 3.3584176e-05 8.06809e-16 7.51688e-05 0.426024 0.024812 3.191128e-06 0.8897256 0.66151524 4.275034e-06 0.36577186 0.14354187 4.158566e-05 3.8669492e-07 0.40708935 9.571563e-06 5.9563194e-05 3.892676e-05 0.003740631 0.0022047951 1.7522423e-05 0.57321054 0.05154239 0.16760705 1.3193648e-05 0.033944983 1.6099302e-05 0.00059259107 1.08853e-06 0.021212095 2.7476375e-05 1.024348e-06 5.549261e-06 0.0012209028 1.0885581e-06 1.446195e-05 3.6811014e-06 0.02886641 3.0442434e-06 3.162249e-07 1.4224668e-05 1.0898773e-06 2.0253542e-06 0.0013947735 1.4935314e-05 3.4362375e-07 0.00018021003 1.5739544e-06 1.4986513e-06 0.0029729994 3.66678e-05 2.2887853e-07 2.368168e-06 1.618052e-06 0.00019295789 2.7805736e-06 2.1607125e-06 1.7688158e-08 1.2117551e-06 3.2808127e-06 0.01174842 4.032779e-06 1.0875873e-07 2.2094266e-06 1.3758819e-07 0.0017294381 3.867082e-07 6.8912027e-07 1.2872749e-07 1.9724139e-06 5.268673e-09 3.897607e-08 0.0015160388 3.3258707e-06 2.1013074e-07 0.0007465216 4.6757815e-08 0.0011861745 3.121208e-07 0.0030655623 5.9956716e-07
0.13978174 0.0007238771 0.0012562171 7.945028e-05 1.6937895e-05 0.032977622 7.965186e-05 0.11184902 0.062419213 0.04213033 0.13025467 0.0011688859 0.9146166 0.29085773 0.035171 0.06297778 0.39217585 0.6901724 0.001497492 0.15765607 6.728279e-06 0.7974422 7.51688e-05 8.1412314e-14 0.0011119733 0.0054289987 0.717254 8.464749e-05 1.8053697e-05 0.98187643 0.00014504691 7.3411447e-06 0.8294712 0.5411064 1.1010688e-05 0.07794769 0.03470854 0.41326106 1.6058852e-05 3.4758525e-06 0.004548182 0.00012783047 0.0006980488 0.00010945073 0.008293105 2.3289651e-05 0.06987788 0.00010581492 0.0026566158 3.8026403e-05 0.0010447179 0.0003074728 0.00073119736 3.3449685e-06 3.789025e-05 7.860609e-05 1.1839993e-05 0.000153032 4.950835e-05 3.1348918e-05 0.00027993903 2.5820939e-06 1.580612e-06 0.0005883901 1.0387971e-05 1.6281583e-06 7.640837e-06 2.9989167e-06 4.0521977e-06 0.00047138863 3.1549083e-05 1.7031558e-06 6.0525184e-07 5.571945e-07 0.00030603586 2.5303048e-06 5.523838e-06 3.0091945e-07 1.2067052e-06 9.359388e-05 0.00086419604 1.4849339e-06 6.020771e-08 1.4747052e-06 3.7433213e-07 0.0001128538 1.8440802e-07 3.5905842e-07 1.3364863e-07 2.434757e-07 1.7157856e-08 4.7338496e-08 6.6214816e-05 1.561344e-06 1.3996142e-08 0.00086598337 3.4507245e-08 7.1876843e-06 7.2064005e-08 0.0001503318 1.1989171e-07
0.9772404 0.115213916 0.10924272 0.057903573 0.18763514 0.038699623 0.5450651 0.0013456033 0.062259313 0.11602128 0.017012851 0.7757835 0.013172007 0.023359366 0.6790653 0.405883 0.015088018 0.0054410207 0.93899053 2.804594e-05 0.34130806 4.0201976e-05 0.426024 0.0011119733 5.3380098e-14 0.903175 1.301427e-05 0.5504051 0.016587248 0.00041780467 0.9049755 0.008114803 0.00375247 1.8949147e-05 0.13571063 0.0026012687 0.009724167 0.0016520856 0.00045531438 0.00044814064 0.00074175326 0.019199979 0.58532345 0.17416021 4.5646782e-05 0.0043232245 8.5763066e-05 0.00033035374 1.2609908e-05 0.002522631 0.015507353 5.00805e-06 3.2782198e-06 0.00043453448 1.0785804e-05 8.611905e-06 7.639723e-06 0.04534279 0.0002858995 7.921374e-06 0.0028918507 5.102801e-05 7.205226e-06 0.045475535 0.0021382887 3.838981e-06 9.264438e-05 3.1357486e-06 0.00010043015 0.07457335 5.5780774e-06 1.2308774e-06 1.2726775e-06 6.3416667e-07 0.0030961703 6.142927e-07 2.0837792e-06 1.1932786e-07 6.433021e-06 0.00037141907 0.058213018 3.7852167e-06 1.8972971e-06 4.1348007e-06 8.9981484e-07 0.0017032599 4.4629493e-07 2.6979326e-06 2.8908025e-07 3.8442604e-06 1.1357165e-08 1.5939008e-08 0.0009749921 0.00016250154 6.4542064e-07 0.005518465 1.1184614e-07 0.0002538104 5.5122714e-06 0.0044710673 6.252783e-08
0.989518 0.07919934 0.07796393 0.008048186 0.052387696 0.07395205 0.2621546 0.0042983587 0.3372263 0.5268699 0.20835534 0.5105561 0.0944713 0.29782292 0.9050366 0.86963177 0.12366273 0.06125544 0.75225145 7.2495415e-05 0.01670848 7.6378536e-05 0.024812 0.0054289987 0.903175 4.0346395e-14 3.539701e-05 0.06424111 0.00024243898 0.0010956848 0.15055506 0.0004160998 0.015255421 6.332075e-05 0.014384119 0.01104221 0.11083346 0.004254799 4.0759624e-05 3.60679e-05 0.0022772779 0.0027866808 0.85073614 0.057051312 0.00017273208 0.00063377613 0.00057350186 2.6313026e-05 0.00016825944 0.00024472363 0.17480877 2.6412537e-05 1.8394117e-05 3.8655264e-05 3.7835838e-05 9.2865615e-05 2.1729242e-05 0.007350256 0.0026843639 1.7942199e-05 0.015315362 0.00024972297 7.592587e-05 0.12589155 0.004659872 1.4243606e-05 3.3598099e-06 3.097363e-06 0.0002021572 0.13438478 3.1120682e-05 3.5569094e-06 1.0206068e-07 4.0171335e-06 0.0063649854 3.495274e-05 3.4979096e-06 1.988849e-06 1.1770842e-05 0.0006271279 0.019874305 1.3878281e-05 2.5920897e-05 2.3473613e-05 4.046787e-06 0.00021409291 2.1650008e-06 1.34624825e-05 2.295745e-06 6.3649295e-06 3.3377526e-07 1.12352225e-07 0.00017669344 0.00022215799 2.1995183e-06 0.011171375 6.7451333e-07 3.2147564e-05 5.0217404e-05 0.0003491191 8.2276097e-07
0.000925909 7.531368e-05 9.2863975e-06 9.336855e-06 4.2911597e-06 9.520477e-05 4.5620304e-06 0.0014102131 0.00031138898 0.00020969364 0.00041338982 9.822094e-06 0.13732055 0.0005979669 5.8429858e-05 0.00012370545 0.0034892461 0.013395784 2.1161912e-05 0.36143264 1.1147508e-06 0.98935086 3.191128e-06 0.717254 1.301427e-05 3.539701e-05 2.9033257e-15 1.3850488e-05 1.4595823e-05 0.33140767 9.770376e-06 1.6452576e-06 0.013033966 0.93203086 4.5145884e-05 0.00014668112 1.1835816e-05 0.0043456038 7.0272235e-06 2.4346133e-07 5.1764553e-05 0.000119153716 4.7580556e-06 2.3258799e-05 0.00024198808 3.8835726e-05 0.0069905785 6.437105e-05 8.854e-05 7.2871208e-06 3.4194938e-05 4.3826047e-05 4.7422203e-05 4.482981e-05 9.297195e-07 4.262198e-06 4.3877553e-06 9.047773e-05 2.4537974e-05 1.5242383e-05 4.577822e-05 8.485245e-07 1.0750909e-05 1.3646996e-05 1.9468904e-05 8.9973423e-07 6.8236645e-08 2.1179113e-07 4.4231285e-05 8.6206695e-05 3.65806e-06 5.6805e-06 4.8043724e-08 1.7262595e-05 0.0002775818 4.0529167e-06 2.7603257e-05 3.0304786e-06 3.3107538e-06 0.0001790327 0.0003595251 2.6444798e-07 2.775493e-07 1.5026249e-05 1.8353562e-06 4.358802e-06 7.0816526e-07 1.1594698e-05 1.837147e-05 3.8141074e-08 1.6569205e-08 9.013609e-07 3.9322094e-06 3.9131288e-07 1.142199e-06 0.00022887191 2.5099973e-07 2.6150031e-08 3.5263747e-07 4.3440787e-06 1.3867505e-06
0.84254146 0.05774491 0.028611086 0.08644553 0.27841076 0.002513465 0.62740177 9.1334536e-05 0.003945673 0.01051735 0.0011721198 0.67327607 0.0008604037 0.0008131779 0.06617094 0.017528716 0.00075007183 0.00047893752 0.36583167 3.4764347e-05 0.5195087 7.924937e-05 0.8897256 8.464749e-05 0.5504051 0.06424111 1.3850488e-05 2.3570579e-15 0.4402489 1.6514254e-05 0.96994644 0.10313944 0.0004621041 1.1796218e-05 0.944241 0.00019234038 0.00030618793 0.0006035518 0.006004882 0.0062234043 0.00015845921 0.21393226 0.105005786 0.34701243 1.6510268e-05 0.023198634 7.511706e-05 0.00041894175 3.6538415e-06 0.0048583527 0.00090609776 2.0426207e-05 6.809164e-07 0.0003668597 2.5668323e-06 1.1212313e-06 1.6952819e-06 0.042780317 7.079158e-06 4.257092e-06 0.00010896404 1.3458317e-06 4.685282e-07 0.0049425517 3.6644135e-05 7.627393e-07 0.00015061593 6.1743513e-06 3.5502574e-06 0.011757287 7.042047e-07 5.7515757e-07 3.748303e-06 3.2111103e-07 0.0008427286 3.2049118e-07 4.7139983e-07 1.544735e-08 1.023391e-06 6.1374565e-05 0.022078529 1.2268565e-06 8.157002e-08 4.217424e-07 7.679371e-08 0.0012582296 9.2213824e-08 1.8332858e-07 3.0331964e-08 1.4821708e-06 1.5172832e-08 7.445938e-09 0.001013768 5.5529886e-06 1.1957631e-07 0.0026544456 3.0402393e-08 0.00096523855 1.4320109e-07 0.0041733417 4.1445816e-07
0.87386656 0.0011444752 0.00042401312 0.013938175 0.6556199 1.0932464e-05 0.15665805 4.031458e-07 4.470766e-05 2.3714076e-05 2.1532032e-05 0.023095243 1.0486832e-05 9.195353e-06 0.00038866108 7.8910074e-05 2.1545497e-06 2.2733857e-07 0.0064517423 1.4516419e-05 0.83853155 0.00013000595 0.66151524 1.8053697e-05 0.016587248 0.00024243898 1.4595823e-05 0.4402489 1.2608424e-17 8.93197e-06 0.08965445 0.99420625 2.5279508e-06 2.0792788e-06 0.37688982 1.3053108e-06 5.026579e-07 0.0001151957 0.16865626 0.08538376 1.28450465e-05 0.8026413 0.038672045 0.22712784 1.6240558e-05 0.22154698 2.798301e-06 0.008974291 1.3846315e-05 0.075730376 1.4324672e-05 6.1987447e-07 2.0877981e-07 0.0010160794 4.661127e-07 1.939289e-07 3.0696006e-06 0.07892825 3.042209e-06 3.48863e-07 2.953655e-05 3.7472321e-07 2.9896362e-06 0.0022795366 7.120438e-05 3.076284e-07 3.6615227e-06 3.058755e-07 1.9969597e-05 0.006512751 6.7728575e-07 1.4392754e-07 1.1139012e-07 2.277674e-07 0.00013744926 8.3419593e-07 5.8151625e-07 7.443031e-08 2.057487e-07 2.2805649e-05 0.0287066 3.1074758e-06 1.1824285e-07 8.207946e-07 9.608548e-08 0.0070254556 6.893348e-08 8.3620074e-07 1.834789e-08 1.6564837e-07 1.11202825e-08 1.4028373e-08 0.0031368046 1.3166845e-06 4.6592118e-07 0.00058409723 2.3892545e-07 0.00025903835 4.461389e-08 0.0060706735 6.657548e-09
0.015216416 4.8278358e-05 2.6658206e-05 1.1119627e-06 6.7668464e-07 0.00030875308 1.4874015e-06 0.0013882186 0.0031929407 0.0021400065 0.003742765 8.3273135e-06 0.12852763 0.009571076 0.0017002543 0.0033483587 0.027992858 0.11784607 7.339363e-05 0.0021525752 2.3045797e-07 0.015540628 4.275034e-06 0.98187643 0.00041780467 0.0010956848 0.33140767 1.6514254e-05 8.93197e-06 9.572181e-16 6.4763044e-05 4.9069513e-05 0.65361285 0.99394107 1.8712388e-05 0.041447554 0.014580381 0.61765367 1.0791823e-05 3.0798037e-05 0.008250074 0.0005180243 0.00020082324 3.9115585e-05 0.024223754 0.000138823 0.45760426 0.00021792734 0.0047783777 2.126444e-05 0.002267462 0.0009931357 0.0017159568 4.6806912e-05 0.00017619821 0.00027710726 0.00022040853 9.53067e-05 0.00011252118 8.073231e-05 0.00014576857 5.421328e-06 1.2930604e-05 0.00025843998 4.590415e-06 8.443033e-06 8.2181833e-07 3.0127669e-05 1.3578891e-05 0.00010631724 8.767425e-06 2.589704e-06 5.311511e-07 7.826978e-07 7.506707e-05 9.76231e-06 6.030523e-06 2.7359155e-07 4.157882e-06 5.478826e-05 0.00014550009 4.063881e-06 6.195878e-07 5.422315e-06 1.742644e-06 9.0839916e-05 1.9117628e-07 2.6980276e-06 4.1621564e-07 4.7605994e-07 3.4898232e-08 5.13649e-07 5.368602e-06 5.0615486e-06 7.560271e-08 0.00014892042 2.4569934e-07 1.3539541e-07 3.971315e-07 3.0453251e-05 9.2021786e-08
