5.4439215e-23 0.89072675 0.9638629 0.9307959 0.98103553 0.95265305 0.9922929 0.6045586 0.99958265 0.94095874 0.96748114 0.9055042 0.9805943 0.40318778 0.9971634 0.7783565 0.4744667 0.94957715 0.2592827 0.98003155 0.7325488 0.13207033 0.95632744 0.37585083 0.78103006 0.8335668 0.99995214 0.74491554 0.9851737 0.5677013 0.9999366 0.6327251 0.9531685 0.85370004 0.9596035 0.09674045 0.119859286 0.8395473 0.14061414 0.99760944 0.9994259 0.99558616 0.98582083 0.99981946 0.8216659 0.98692244 0.96445906 0.7831112 0.9993434 0.8976165 0.73244387 0.7753279 0.9519665 0.9638167 0.048859686 0.011336466 0.11274002 0.8902862 0.05125789 0.9719232 0.13633631 0.8306518 0.9723368 0.7867305 0.6517155 0.5908037 0.007375365 0.40495366 0.0037529676 0.16072492 0.7445524 0.6278625 0.061555166 0.092524216 0.5557983 0.71482766 0.022797402 0.05747096 0.80502844 0.114713855 0.9341236 0.2950969 0.06465175 0.003464527 0.0968739 0.00082336273 0.5004534 0.63734967 0.18963262 0.55393964 0.23306774 0.022328852 0.30064285 0.6741819 0.008850654 0.9271075 0.06419399 0.04090773 0.015378144 0.2031825 0.004384612
0.89072675 4.025581e-12 0.96187097 0.61979985 0.636776 0.063680194 0.5101575 0.9894121 0.09340243 0.003996042 0.020713268 0.528522 0.0006669741 0.33892903 0.029563861 0.008792979 0.04220859 0.03577787 0.06447229 0.19668938 0.015063995 0.008290045 0.002556077 0.00948617 0.33436334 0.0009398588 0.050158653 0.06565709 0.00050303276 0.43055776 0.002794076 0.64022535 2.2938748e-05 4.412742e-05 8.8388646e-05 0.059324943 0.0033137451 0.002828836 0.011804311 0.00018260018 0.000105882034 4.2095322e-05 0.00043501897 5.5847606e-05 2.0385867e-05 2.290705e-05 5.0172234e-06 0.000707386 8.240064e-05 3.296585e-06 0.0005323129 0.00017609827 4.802593e-05 8.092012e-06 0.00012124592 0.00029824857 0.00026008594 1.0733626e-05 0.00010690684 1.970191e-05 2.292965e-05 1.1704341e-05 6.6920907e-06 5.5859215e-07 1.3821267e-08 1.2499175e-08 4.1230764e-05 8.143921e-06 0.00012944553 6.8971855e-07 4.6654185e-07 2.6317792e-07 1.3134417e-07 1.0725368e-07 7.08718e-07 3.5729804e-06 7.650323e-08 6.203816e-06 1.3748496e-07 9.620972e-06 2.5308958e-08 1.3418759e-07 3.1960388e-07 1.5053845e-05 6.4379526e-07 5.5015043e-06 1.1120855e-08 1.19144104e-07 4.702189e-09 2.463757e-08 1.5063812e-07 1.486713e-05 1.7192243e-09 9.207779e-08 1.2038162e-05 1.6917271e-06 5.7496205e-08 9.398918e-08 1.9206975e-05 1.6347947e-09 1.3338171e-06
0.9638629 0.96187097 4.595256e-15 0.88384944 0.95058954 0.58904696 0.86493003 0.47634226 0.33130863 0.06736444 0.039222192 0.23881616 0.01669121 0.32349166 0.020322802 0.053060353 0.07030129 0.051366158 0.084332325 0.34051993 0.014148823 0.029164247 0.008327212 0.02739973 0.15168306 0.0076207705 0.117543936 0.029285736 0.0030796395 0.27135321 0.0075464346 0.47241357 0.00024259026 0.0005235014 0.00027197623 0.07894579 0.001304772 0.005196562 0.005821328 0.005822588 0.00020774556 0.0001228047 0.0024393979 0.00010627841 0.00014715471 2.1853766e-05 1.2503092e-05 0.0014837867 0.0005145676 7.861821e-06 0.0005738435 0.00056057394 0.00017044834 2.8618828e-05 5.6684086e-05 0.00019432869 0.00053514855 1.2461001e-05 0.00033833398 3.893474e-05 5.3766697e-05 0.0003098731 1.1703002e-05 1.0681042e-06 5.4844428e-08 4.5618254e-08 2.9133173e-05 8.718985e-05 0.00016283338 3.1151283e-06 2.6623803e-07 1.4557129e-06 8.3566255e-07 1.795131e-06 1.1919685e-05 1.6569727e-06 2.1652433e-07 4.8775737e-06 6.266645e-08 0.00010012509 1.953161e-07 1.286454e-05 6.4793124e-07 1.908777e-05 1.000473e-06 3.4699476e-06 3.8979283e-07 3.051529e-07 1.47752885e-08 4.2987887e-07 6.7971846e-06 1.18099615e-05 3.2644473e-07 5.43649e-07 1.0645883e-05 1.6941545e-05 3.2574687e-07 3.6366384e-07 1.5701322e-05 3.6545416e-08 6.661371e-07
0.9307959 0.61979985 0.88384944 2.6801091e-14 0.8334781 0.9536271 0.4103635 0.6633096 0.63136697 0.37699077 0.0006736293 0.0043130815 0.06314841 0.6648249 0.0012051333 0.6341508 0.7751964 0.00045788704 0.4606495 0.059687633 0.00031887004 0.28159562 3.4649296e-05 0.54062724 0.013149591 0.1304973 0.050107725 0.0016193703 0.0007382698 0.042867403 0.0023810265 0.17681193 0.00010445046 0.00039734688 0.000258369 0.5099522 3.7839156e-05 9.023689e-05 0.00019289329 4.75369e-05 4.559666e-05 3.3015545e-05 2.5183474e-06 9.816569e-06 0.0001409422 6.5782383e-06 8.7905795e-07 1.44333035e-05 3.3187737e-06 2.8080092e-07 7.7029355e-05 1.0061484e-05 9.705326e-07 9.766709e-07 3.219532e-06 9.912033e-06 0.010585742 4.808949e-07 6.3790276e-06 1.7417585e-06 8.8441936e-07 0.002726815 1.1498298e-06 3.014688e-08 9.6076995e-09 1.0773441e-08 4.5774314e-06 2.5985137e-06 0.0012975117 1.1735535e-07 2.6366392e-08 6.906654e-08 1.7196032e-07 8.2115434e-08 5.8962055e-06 1.7133532e-07 1.0099982e-08 2.0961355e-07 2.4010767e-08 0.00016272423 3.0687286e-08 3.1448544e-05 1.5631652e-07 2.7028142e-05 1.13238606e-07 6.4635105e-06 1.96735e-07 8.182401e-08 9.387948e-09 8.766823e-08 1.4345252e-06 7.689602e-06 7.914286e-09 1.4860538e-07 2.3095079e-07 3.705498e-05 5.961249e-08 8.153222e-08 3.4791574e-07 9.114479e-10 2.636643e-07
0.98103553 0.636776 0.95058954 0.8334781 5.943066e-14 0.7268647 0.96094096 0.2762779 0.8368103 0.24497093 0.008918961 0.030313883 0.06880342 0.18360871 0.008891852 0.09170859 0.08193524 0.002750392 0.074812636 0.37606093 0.0016654113 0.03651687 0.0009128943 0.050037682 0.025084637 0.02276465 0.22528552 0.0048051407 0.02440975 0.043643266 0.025656894 0.13665548 0.0015221669 0.0047970316 0.003772868 0.06866129 0.00013225226 0.00079401385 0.00037359833 0.002616982 0.0006080984 0.0015163829 0.0009114647 0.00025944258 0.0010368637 0.00051235355 0.00012410639 0.00027608642 0.0005280876 9.47912e-05 0.00028144478 0.00037609556 0.00016880623 0.0001049303 8.098458e-06 5.9802936e-05 0.0010942245 3.1754676e-05 8.332673e-05 3.5252688e-05 1.8626552e-05 0.0025692913 9.859184e-06 4.9299015e-05 1.8659467e-06 1.911669e-06 3.391605e-05 6.207169e-05 0.00016031087 2.7074705e-07 1.1053672e-06 2.3322577e-06 1.2776045e-05 1.7681812e-05 2.463824e-05 2.6157043e-06 1.685638e-06 5.3203353e-06 2.3146457e-07 0.00017075228 4.690379e-07 0.00045403806 1.8656692e-06 1.6153932e-05 1.9272265e-06 3.330635e-06 2.4271264e-06 1.1186326e-06 2.2388681e-07 2.0653142e-06 1.8029641e-05 5.1997768e-06 2.867144e-07 8.5937126e-07 5.6821636e-06 3.32057e-05 1.0485657e-06 7.2692444e-07 6.076923e-06 2.4760807e-08 6.524484e-07
0.95265305 0.063680194 0.58904696 0.9536271 0.7268647 1.6679214e-14 0.2109553 0.13655634 0.8521198 0.92862463 0.0011983033 0.0021085304 0.43749994 0.277424 0.00071549485 0.55249006 0.4257383 0.0002504855 0.1842066 0.04615133 0.00037327714 0.21756303 4.914735e-05 0.509252 0.0023449003 0.34345648 0.05540225 0.00039133526 0.009345857 0.0036193307 0.006725614 0.010625506 0.0019948166 0.009952615 0.004767988 0.17894198 1.567112e-05 4.8447168e-05 8.636336e-05 7.201753e-05 0.00010774819 0.00048645507 4.300443e-06 2.3452043e-05 0.002492047 8.59668e-05 3.9788247e-05 2.670233e-05 5.9746294e-06 3.216262e-05 1.5800868e-05 1.9475645e-05 3.270469e-06 1.0423875e-05 8.591811e-07 9.39727e-06 0.02401134 5.385442e-06 1.2929197e-05 4.7820063e-06 3.379586e-06 0.010779539 1.984658e-06 6.163691e-06 1.2543106e-06 1.2985478e-06 4.7882924e-05 2.8451368e-06 0.0009732507 6.902532e-08 1.0902079e-06 1.3307879e-06 1.14105105e-05 5.6875448e-05 4.028176e-05 4.5264397e-07 1.8967669e-06 4.5312186e-06 4.4243177e-07 0.0010477286 6.861548e-07 0.0005794229 1.1219811e-06 6.242306e-05 2.7498356e-06 6.5802774e-06 5.195256e-06 2.2162915e-06 9.079851e-07 1.4027278e-06 3.5601934e-05 7.1309055e-06 3.9347448e-08 1.7743339e-06 1.6318594e-06 3.268204e-05 3.5160988e-07 3.3180692e-07 2.3987147e-06 5.6439e-08 5.539968e-07
0.9922929 0.5101575 0.86493003 0.4103635 0.96094096 0.2109553 3.439904e-14 0.12401343 0.72777206 0.06612174 0.013560076 0.058480468 0.020677121 0.035076287 0.12513839 0.0129606845 0.010108459 0.016480869 0.0105644865 0.91717315 0.005608983 0.0053401934 0.0032262665 0.006315545 0.03712053 0.00481911 0.42855576 0.011511822 0.0107494695 0.053093452 0.032191623 0.10059753 0.00041580107 0.0009790313 0.00081319886 0.019930573 0.0007966386 0.0020271717 0.0015839183 0.010748649 0.00037569206 0.00061932026 0.0070509613 0.00058061775 0.0006428385 0.00027617914 0.000113012975 0.0010211834 0.0017709335 0.00012883625 0.00044255948 0.0014882431 0.00120676 0.00015552405 9.739392e-05 0.0001483902 0.00034929012 7.8141275e-05 0.0002712626 0.00020279191 9.036891e-05 0.0012230633 8.996468e-05 2.6876107e-05 7.191194e-06 1.4579018e-05 7.5184435e-05 0.00018899508 8.456801e-05 9.56934e-07 7.462798e-06 1.5012169e-05 3.877437e-05 2.128952e-05 3.4357825e-05 1.7053444e-05 3.733241e-06 1.6953878e-05 2.4230123e-06 0.00025193876 5.4710954e-06 6.6435314e-05 9.550427e-06 2.1834683e-05 1.0589915e-05 6.7909705e-06 8.713404e-06 3.7517007e-06 6.240749e-08 7.0422584e-06 9.17665e-06 4.1324653e-05 3.2998532e-06 2.8152408e-07 1.8168885e-05 3.9254595e-05 5.42957e-06 1.1157836e-06 7.70302e-06 6.067229e-08 4.26429e-07
0.6045586 0.9894121 0.47634226 0.6633096 0.2762779 0.13655634 0.12401343 9.701994e-11 0.01955271 0.015246609 0.008952481 0.084737636 0.00094438303 0.987481 0.0047813137 0.0052291914 0.15462044 0.0023517173 0.3770471 0.03824138 0.0028292814 0.088351436 0.0008285185 0.035464626 0.352188 0.0015159938 0.015681764 0.05464895 0.00015988764 0.48552752 0.0017298267 0.5790517 3.7013055e-05 2.8073104e-05 2.0642148e-05 0.445342 0.00060341303 9.456177e-05 0.0018409282 3.4806377e-05 1.7012997e-05 9.65489e-06 2.1337082e-05 1.6955302e-05 0.00010050911 1.6827446e-05 2.087622e-06 0.00012516508 4.173994e-05 2.5775654e-07 0.00037068463 4.4599074e-05 1.29281125e-05 3.970938e-06 5.7219015e-05 0.00015154672 0.00057217054 2.312288e-06 1.4586972e-05 2.58481e-05 3.03462e-06 1.1458469e-05 1.0867361e-05 1.7771061e-06 1.3446918e-07 2.1534947e-07 8.1687185e-06 2.0678626e-06 0.0019237469 3.5850545e-07 9.614012e-06 1.2681016e-06 7.060543e-06 2.1626586e-06 2.237866e-06 1.1064804e-05 1.4982198e-06 1.1358417e-05 2.5477314e-06 8.866714e-06 2.577803e-06 1.272998e-06 2.832302e-06 2.416531e-05 4.845907e-06 1.242771e-05 3.1237705e-06 3.5380083e-06 3.2700933e-07 5.0610224e-06 8.4746034e-07 4.2807435e-05 5.6211352e-08 2.0675009e-07 1.25924935e-05 6.3329634e-07 1.1659172e-06 3.617636e-06 0.00012217238 1.9545959e-07 6.9215434e-06
0.99958265 0.09340243 0.33130863 0.63136697 0.8368103 0.8521198 0.72777206 0.01955271 7.907717e-14 0.8491438 0.00036795728 0.004120435 0.85483754 0.015485436 0.0010569157 0.27086702 0.052728333 0.0006938347 0.015943741 0.5497341 0.0006602376 0.011362498 0.00010929082 0.056602497 0.0048158984 0.18227795 0.7033922 0.0011936896 0.40168542 0.0010333691 0.4475536 0.0025099402 0.016442806 0.056441873 0.04544985 0.0058951825 4.1962932e-05 0.00022658006 0.00015540529 0.0006235042 0.0052559474 0.010419136 4.7136342e-05 0.00034836915 0.010621155 0.00086705026 0.0011564381 5.218483e-05 0.00027849528 0.0010689236 3.156627e-05 0.00010723676 7.026142e-05 0.00025418852 7.470035e-07 6.090348e-06 0.01126642 0.00010702425 1.3545665e-05 5.5744753e-05 2.2529864e-06 0.06270938 2.8055974e-05 0.00046169286 9.624612e-05 0.00010675524 9.39099e-06 2.2709632e-05 0.000308452 9.481289e-09 2.2993e-05 1.8443241e-06 0.00030133603 0.00027038698 0.0022156558 5.9107474e-06 2.9817988e-05 6.697914e-06 5.698795e-07 0.0052790884 4.1071275e-05 0.006832622 1.0052329e-06 0.0001633834 0.00010600186 9.45171e-06 1.9856227e-05 5.535175e-06 4.4607473e-06 2.3551172e-05 0.00017214386 1.5686279e-05 2.4298179e-06 6.4380816e-05 6.775736e-06 0.0002012456 1.6517614e-06 1.0366955e-06 2.0768096e-06 1.1971461e-07 4.1033395e-06
0.94095874 0.003996042 0.06736444 0.37699077 0.24497093 0.92862463 0.06612174 0.015246609 0.8491438 1.4175836e-14 0.00022068134 0.00012811081 0.96522766 0.04267764 0.00025830272 0.9129128 0.23863155 5.504378e-05 0.053729407 0.051804747 0.000112689566 0.044509277 3.4942557e-06 0.3111868 0.00057407643 0.68962866 0.07845494 8.4935855e-05 0.02715833 0.000793349 0.020202331 0.003380007 0.012532126 0.13572507 0.006409424 0.03171196 5.325528e-06 2.9226408e-06 4.744367e-06 1.26303075e-05 0.0006741514 0.00084853923 1.8386312e-07 5.578469e-05 0.008300293 9.284427e-05 0.00013483767 5.871305e-07 2.7280616e-06 6.6029424e-05 5.588095e-07 2.4728622e-06 1.1007355e-06 1.3800149e-05 8.3909725e-07 2.207651e-06 0.07436583 9.763543e-07 3.0292807e-07 9.631323e-07 2.5953298e-07 0.12146522 6.106566e-07 4.946717e-06 2.343227e-06 3.2318214e-06 1.0963698e-06 3.6903825e-07 0.0019058478 4.6500936e-09 4.1420725e-07 1.4552408e-08 2.7296815e-05 3.235777e-05 0.00267048 1.068494e-07 5.204465e-06 1.8549757e-07 3.8680334e-09 0.013577177 1.2641561e-07 0.006807139 6.512378e-08 0.0001981974 1.6241338e-06 1.3675958e-05 1.518807e-07 6.6977606e-08 4.006302e-08 1.1982884e-07 0.00021025495 1.4696305e-07 3.294575e-09 2.7861226e-05 2.1710306e-07 0.00017208363 1.7595355e-08 2.6391952e-08 3.9560565e-08 1.023331e-09 6.446351e-07
0.96748114 0.020713268 0.039222192 0.0006736293 0.008918961 0.0011983033 0.013560076 0.008952481 0.00036795728 0.00022068134 7.6076396e-13 0.6650065 0.0005699434 0.0016892236 0.9704317 6.2084066e-05 8.265123e-05 0.880342 0.00025446646 0.24740046 0.6630019 9.89118e-05 0.93779325 5.8069778e-05 0.039678555 3.569328e-05 0.08698461 0.097625196 0.0027183138 0.009424307 0.005305535 0.008479846 0.0010333513 0.00066388387 0.00053418335 0.00011552838 0.04347307 0.34488544 0.039873686 0.07346248 0.00012420809 5.07281e-05 0.12674333 0.00073133723 0.0003900227 4.66279e-05 1.775652e-05 0.10170822 0.0021154226 1.5286565e-05 0.080011785 0.0125636095 0.004854094 5.19195e-05 0.014139528 0.0057979445 3.254508e-06 9.487938e-05 0.016136657 0.00025270035 0.0056557734 4.0054754e-05 5.16113e-05 5.5520877e-06 1.5253324e-06 1.4551451e-06 0.0036247123 0.004217736 9.784175e-06 0.0015855981 6.1701426e-06 0.00021604035 2.8100435e-06 2.0442199e-06 1.0180581e-05 2.9124034e-05 5.712125e-07 0.00024210375 5.7199697e-05 7.1001245e-06 1.4613058e-06 1.767972e-05 8.91882e-06 1.3371163e-05 5.009158e-06 4.3157806e-06 2.409502e-06 1.8372352e-06 1.1745064e-07 1.5779491e-06 1.7078864e-05 0.00033635335 1.0398218e-07 7.613509e-06 0.00034572356 1.3267132e-05 5.380737e-07 2.1835735e-06 1.7604076e-05 1.0346682e-07 5.982783e-06
0.9055042 0.528522 0.23881616 0.0043130815 0.030313883 0.0021085304 0.058480468 0.084737636 0.004120435 0.00012811081 0.6650065 1.5733791e-12 5.1077383e-05 0.0095301345 0.4706711 2.8397006e-05 0.00021252126 0.885553 0.0012817087 0.2871225 0.8932218 0.00045540146 0.13958348 1.5729258e-05 0.8864776 3.5494718e-06 0.07327945 0.9783654 0.00036452693 0.4198682 0.0036260367 0.3909383 7.2586525e-05 0.00013119302 0.00017568511 0.0015128246 0.71859676 0.11858649 0.6719515 0.0007261273 8.9257745e-05 2.2224898e-05 0.00647098 7.846746e-05 8.5187734e-05 2.3647362e-05 1.9904865e-06 0.015724707 7.888599e-05 6.537259e-07 0.03606387 0.00015952058 1.986886e-05 2.160216e-06 0.48765072 0.42545733 1.5155588e-05 3.3039782e-06 0.019087031 3.638472e-06 0.00084840483 6.8446275e-07 3.1253364e-07 2.0789626e-07 5.896247e-09 1.6785314e-08 0.0055880854 6.992828e-06 1.4175305e-05 7.4553755e-05 8.581988e-08 2.0392095e-08 9.778042e-07 2.7671894e-07 6.915067e-07 2.61579e-07 3.4197544e-07 9.2568877e-07 5.3795134e-08 5.139876e-07 6.8554684e-08 5.540911e-06 2.9968825e-07 4.226663e-06 6.093587e-07 9.592886e-07 4.4723546e-08 1.623831e-07 5.8525973e-08 2.7618634e-07 1.7019023e-06 0.0007076472 8.2044835e-08 2.7837098e-06 1.7863088e-06 4.881988e-05 1.4616356e-07 6.4756995e-07 5.6694137e-07 3.4011812e-08 3.1586055e-07
0.9805943 0.0006669741 0.01669121 0.06314841 0.06880342 0.43749994 0.020677121 0.00094438303 0.85483754 0.96522766 0.0005699434 5.1077383e-05 1.5192332e-14 0.000795314 0.0004113048 0.5565022 0.025705503 8.848991e-06 0.0031586087 0.056444068 1.8238778e-05 0.002094754 8.579959e-06 0.071683764 4.016641e-05 0.91820335 0.19458544 1.1952879e-05 0.41633692 4.5512246e-05 0.18999666 0.00010599812 0.3790111 0.7659201 0.23194423 0.00030718296 1.4853376e-06 2.5433715e-06 9.622858e-07 2.1339647e-05 0.006990542 0.013963807 2.099034e-07 0.00027939706 0.19546539 0.0002431408 0.0026017746 4.8044666e-07 2.6241856e-05 0.0009528798 9.826737e-07 4.8314905e-06 3.9868373e-06 0.00011430142 3.2789123e-07 6.499321e-07 0.08695607 3.458607e-05 6.3231204e-07 3.8310377e-06 3.208597e-07 0.5043135 2.8983623e-06 0.00021085773 3.6883102e-05 7.141887e-05 1.2924876e-06 5.874672e-07 0.001094035 1.6752492e-09 5.5517385e-06 6.180054e-08 0.00024338045 0.00023539622 0.043246835 2.2804745e-06 6.2101295e-05 6.077534e-07 1.2450539e-08 0.08212078 1.1410416e-06 0.094441146 7.211719e-07 0.0010843629 2.636965e-05 1.4278176e-05 9.239204e-07 3.9266985e-07 6.638949e-08 7.516076e-07 0.00021486914 1.6331323e-07 9.758627e-09 3.4743138e-05 3.7910797e-06 0.0023037381 3.8610236e-07 9.98327e-08 3.1651697e-07 1.0103527e-08 1.0506436e-06
0.40318778 0.33892903 0.32349166 0.6648249 0.18360871 0.277424 0.035076287 0.987481 0.015485436 0.04267764 0.0016892236 0.0095301345 0.000795314 2.7773064e-13 0.000497578 0.056317635 0.53153837 0.0005450629 0.9698967 0.011304537 0.0011248568 0.5991142 0.0004111133 0.12272574 0.013007584 0.0013857683 0.0066650487 0.0013777215 5.8138543e-05 0.058260098 0.00047976148 0.3750136 9.917235e-06 1.5293419e-05 4.005634e-06 0.62196183 0.00028906058 1.4466528e-05 0.00025269843 1.8437207e-06 1.5887335e-06 6.911972e-06 1.0982624e-05 3.809182e-06 3.8599195e-05 1.3908292e-05 4.4540542e-07 3.783975e-06 9.565358e-06 1.2980493e-07 5.3623313e-05 5.878435e-06 5.4453603e-06 2.1518865e-06 2.1282132e-05 6.7399196e-05 0.0007610374 3.5730998e-06 1.0534349e-06 9.097156e-06 1.4148429e-05 9.737934e-05 1.6156188e-06 5.026416e-07 1.166813e-07 1.05638804e-07 6.128044e-06 3.3062997e-07 0.0029643674 9.2272103e-07 8.320027e-06 5.9510216e-07 4.3310233e-06 1.4106736e-06 4.5384063e-06 4.9989976e-06 1.3639183e-06 5.42708e-06 2.5736683e-06 1.2640018e-05 7.2079065e-06 1.9046846e-06 2.7423537e-06 2.9419098e-05 8.6589125e-06 2.1008947e-05 8.70172e-06 2.4380173e-05 2.7420805e-07 4.4313592e-06 6.659085e-07 1.0180134e-05 2.3569765e-08 2.3455307e-07 1.25210145e-05 7.2549533e-06 4.945331e-06 5.9604868e-06 4.8917234e-05 5.5510634e-07 2.0925415e-06
0.9971634 0.029563861 0.020322802 0.0012051333 0.008891852 0.00071549485 0.12513839 0.0047813137 0.0010569157 0.00025830272 0.9704317 0.4706711 0.0004113048 0.000497578 2.7038327e-16 0.00012182336 0.00019783106 0.45304587 0.00022501027 0.85402346 0.124200195 5.7424997e-05 0.7753118 6.947825e-06 0.045543555 2.5051548e-05 0.16623041 0.06304496 0.00034557207 0.012537857 0.0009020502 0.010940111 0.00031003245 0.0002815715 5.6290246e-05 0.00016957476 0.014403288 0.20924854 0.013139844 0.59059334 2.719688e-05 1.532912e-05 0.6395386 0.0011833555 0.00012720819 3.2885702e-05 8.568356e-06 0.1315448 0.07414868 3.892752e-06 0.044582695 0.16287974 0.20360751 0.0003820224 0.001574067 0.0005863718 5.0308313e-06 0.0009015844 0.0061704996 0.0037420741 0.0030575534 9.267717e-05 0.0011874279 9.824665e-07 2.1419787e-06 2.1895667e-06 0.00039261076 0.12980808 1.7201126e-06 0.0011634442 2.4149565e-06 0.006874649 7.2539535e-07 1.14947504e-07 2.1905296e-06 0.00013317517 3.3423635e-08 0.00059446355 0.00096418743 6.6229304e-06 8.8054895e-07 3.1025575e-06 0.000109849665 9.69131e-06 1.2275065e-07 1.0118912e-05 1.0055172e-05 1.1268129e-06 1.6332429e-07 6.016624e-07 4.7214558e-06 0.00013957782 6.1707164e-05 8.050588e-07 4.097124e-05 1.5998257e-05 9.178252e-06 2.2759946e-06 2.5324052e-06 1.0881869e-07 1.6083987e-07
0.7783565 0.008792979 0.053060353 0.6341508 0.09170859 0.55249006 0.0129606845 0.0052291914 0.27086702 0.9129128 6.2084066e-05 2.8397006e-05 0.5565022 0.056317635 0.00012182336 5.934302e-13 0.8991144 7.384631e-06 0.19307466 0.010602347 2.2069931e-05 0.098014235 1.0250828e-06 0.78499615 0.00014462756 0.97768086 0.020236477 2.5840583e-05 0.0034892194 0.00030827467 0.0025050978 0.0015651218 0.0016925083 0.0072642737 0.00080647314 0.18801111 1.5384257e-05 5.3789057e-07 5.2765613e-06 4.104271e-06 0.0001443875 0.00015525347 4.0252382e-07 1.7447086e-05 0.003073094 1.5363088e-05 1.632964e-05 7.8432373e-07 1.2593448e-06 2.5221857e-06 5.0003734e-07 3.8139513e-06 1.2855139e-06 2.4429316e-06 5.716932e-07 1.14467e-06 0.10611707 7.1022066e-07 3.4654946e-07 1.4520925e-06 8.8728495e-07 0.046120353 7.7947084e-07 1.2304585e-06 2.512864e-07 4.1424755e-07 4.049737e-06 2.9055343e-07 0.005215697 6.281088e-08 3.4933125e-06 2.2585613e-07 2.3431274e-05 4.1714848e-06 0.00052170997 5.4463053e-06 2.3161613e-06 1.265824e-06 1.0658322e-06 0.004112723 9.766691e-07 0.00033554007 4.5628545e-07 0.0005347353 1.3546413e-05 7.891285e-05 4.403177e-06 2.8197076e-06 1.9160154e-07 1.365359e-06 2.5366437e-05 1.1790903e-06 1.4661504e-07 4.8158595e-06 9.1225803e-07 0.00042647088 2.376972e-06 2.1910957e-06 4.935914e-07 3.3213618e-07 1.9820307e-06
0.4744667 0.04220859 0.07030129 0.7751964 0.08193524 0.4257383 0.010108459 0.15462044 0.052728333 0.23863155 8.265123e-05 0.00021252126 0.025705503 0.53153837 0.00019783106 0.8991144 6.091418e-15 1.4264838e-05 0.8976012 0.004508645 6.731094e-05 0.79466015 3.0766314e-06 0.98909193 0.000799974 0.25449878 0.006065937 7.845803e-05 0.0003423506 0.00038092534 0.0005961883 0.0073271077 0.00017069855 0.0007945233 0.00021549444 0.6013404 2.3805234e-05 2.0638633e-06 1.5115345e-05 9.072969e-07 2.8813867e-05 4.0432944e-05 8.4837166e-07 2.3127677e-05 0.00048049638 6.8524623e-06 2.87882e-06 1.0040416e-05 1.825758e-06 2.8820682e-07 1.4528572e-06 1.151119e-06 1.6215462e-06 5.579112e-07 5.1558732e-08 1.9773229e-07 0.05326138 1.5980759e-06 4.8662372e-08 9.867493e-07 7.2902867e-07 0.0010799556 4.768524e-07 5.2890048e-08 5.2577242e-08 5.2642363e-08 4.7501686e-07 3.5179065e-07 0.017905636 2.7961014e-09 2.51451e-06 3.1075987e-07 9.976935e-07 1.8383226e-07 2.656071e-05 3.0599645e-06 1.4252979e-07 2.603856e-07 4.7219464e-06 0.00013416566 1.0241721e-06 3.4533848e-06 9.745784e-07 0.00013436003 1.6175936e-06 0.00014457681 1.3037308e-06 4.56539e-06 3.1927337e-07 6.7966954e-07 5.160239e-07 8.324809e-07 2.6353382e-07 8.451451e-08 1.118773e-07 0.00017922214 6.998255e-07 6.7548086e-07 5.649428e-07 1.0458347e-07 4.161533e-07
0.94957715 0.03577787 0.051366158 0.00045788704 0.002750392 0.0002504855 0.016480869 0.0023517173 0.0006938347 5.504378e-05 0.880342 0.885553 8.848991e-06 0.0005450629 0.45304587 7.384631e-06 1.4264838e-05 6.261258e-15 5.0069684e-05 0.34559697 0.98944193 8.794873e-05 0.5118043 1.0343387e-05 0.07828823 1.5332167e-06 0.15157808 0.24824253 0.0007137872 0.0049990555 0.005973052 0.0042874827 1.0809601e-05 1.9355566e-05 3.857156e-05 8.100586e-05 0.123246394 0.43013903 0.15240811 0.0046537127 0.00028213733 4.6106034e-05 0.026221702 0.00031494658 1.7474364e-05 3.5168403e-05 1.3726212e-05 0.0574066 0.00021389718 3.431049e-06 0.09796393 0.0010961546 0.00010644273 8.722191e-06 0.10665951 0.042812347 4.4754265e-06 7.969193e-06 0.024755398 2.0900614e-05 0.00397486 5.855341e-07 1.8969533e-06 1.2934956e-07 2.9875096e-08 3.243827e-08 0.0071083982 2.3579176e-05 8.963569e-06 0.00021591676 3.2102284e-07 4.066235e-06 4.566494e-07 1.1139251e-06 3.2520273e-07 4.9728365e-06 3.026939e-07 5.1989216e-05 9.4881915e-07 7.4539815e-07 1.9281972e-08 2.3214322e-07 1.5702302e-06 1.633471e-06 8.675473e-07 5.259392e-07 3.4114983e-08 2.0842947e-07 1.3589371e-07 1.3133547e-08 2.1362064e-07 0.00024356226 3.3827877e-08 2.8378432e-07 0.0002029695 2.7730473e-06 1.12185425e-07 7.453782e-07 8.964286e-06 5.2512497e-08 6.577953e-07
0.2592827 0.06447229 0.084332325 0.4606495 0.074812636 0.1842066 0.0105644865 0.3770471 0.015943741 0.053729407 0.00025446646 0.0012817087 0.0031586087 0.9698967 0.00022501027 0.19307466 0.8976012 5.0069684e-05 7.477211e-15 0.006232694 0.00034405958 0.9874466 4.7200985e-05 0.5579482 0.0020567263 0.018543465 0.0060497285 0.00020130262 0.00010373621 0.0036379013 0.00047071298 0.03032482 3.3146694e-05 6.4197564e-05 4.6522614e-06 0.6538293 5.225669e-05 4.285549e-06 4.2837735e-05 6.9521826e-07 1.062592e-05 8.412547e-06 2.9209327e-06 1.0005336e-05 6.9156544e-05 1.3564402e-06 5.676414e-07 3.3167612e-06 3.959023e-06 1.592251e-08 4.8583447e-06 2.4608569e-06 1.6483625e-06 2.0691122e-07 3.4038172e-07 4.1025414e-06 0.002959174 2.1147466e-07 2.893986e-07 1.7872067e-06 8.8167906e-07 0.00049720024 2.6334567e-07 7.8333734e-08 1.673819e-08 1.5870206e-08 3.200776e-07 5.096362e-07 0.005678611 2.3220377e-08 5.2470773e-07 4.0626549e-07 5.6324495e-07 1.9172732e-07 9.0395415e-06 5.3169165e-06 2.414072e-08 1.131829e-07 1.3397604e-06 2.6852204e-05 3.346288e-07 1.0232554e-06 1.724984e-07 4.3968932e-05 1.8598378e-07 0.00012818705 2.3375607e-07 7.833758e-07 3.7166248e-07 1.6948024e-07 2.328665e-07 4.9889417e-07 7.2706555e-08 3.1279406e-08 2.1947669e-07 9.459455e-06 4.4338807e-07 2.824535e-07 3.2106814e-07 6.619502e-08 2.4004905e-08
0.98003155 0.19668938 0.34051993 0.059687633 0.37606093 0.04615133 0.91717315 0.03824138 0.5497341 0.051804747 0.24740046 0.2871225 0.056444068 0.011304537 0.85402346 0.010602347 0.004508645 0.34559697 0.006232694 1.0046256e-13 0.06157551 0.0018134608 0.28767684 0.0019296994 0.04474536 0.0038482647 0.96388555 0.047140706 0.123309456 0.030623404 0.09903295 0.024922634 0.043686576 0.015696427 0.02895729 0.0010936043 0.007148487 0.0680212 0.008041768 0.44890592 0.012388999 0.013805614 0.43828067 0.055183902 0.007477649 0.010144959 0.010008076 0.04595702 0.16787286 0.0046957866 0.010762275 0.06545023 0.23895323 0.015783204 0.00056799 0.00047437902 0.0003434775 0.012797319 0.001958014 0.0317665 0.0032389169 0.012981337 0.022298269 0.00039358527 0.00036944164 0.00035957893 0.00016642832 0.026094059 4.950297e-05 0.0029282782 0.0005090825 0.014349366 0.00019044179 3.31576e-05 0.00038465802 0.0024675336 2.821603e-05 0.0003096421 0.00885553 0.00045942407 0.00028810368 0.0010384866 0.00034726373 7.07466e-05 6.2020976e-05 2.0870577e-05 0.0015487666 0.000498005 1.6758055e-05 0.00041787475 0.00015966136 0.0004078984 0.000781743 2.974562e-05 3.2509237e-05 0.00028150275 0.0002708048 7.0320944e-05 0.00010690031 2.3010922e-05 3.076762e-05
0.7325488 0.015063995 0.014148823 0.00031887004 0.0016654113 0.00037327714 0.005608983 0.0028292814 0.0006602376 0.000112689566 0.6630019 0.8932218 1.8238778e-05 0.0011248568 0.124200195 2.2069931e-05 6.731094e-05 0.98944193 0.00034405958 0.06157551 1.0653248e-12 0.00025563716 0.59698147 5.5201544e-05 0.17024931 1.036608e-05 0.029137475 0.45911178 0.0001361909 0.0090759 0.001061315 0.0071444586 7.041228e-05 2.031249e-05 7.5687044e-06 0.0003287995 0.41280046 0.9071279 0.47719103 0.009712458 7.2817274e-05 5.291094e-06 0.043865196 0.00029360704 1.3206137e-05 1.4812417e-05 1.5778236e-05 0.42944476 0.0005788803 4.2743548e-07 0.37490624 0.0028290777 0.0005521373 4.8322443e-05 0.5890697 0.36227486 2.9065599e-05 7.922515e-06 0.4681712 0.00016448654 0.036348976 8.0469235e-06 3.399344e-05 1.8917665e-06 1.09979894e-07 1.5671446e-07 0.14317936 0.00022037786 0.00013784016 0.0009327039 2.135401e-06 4.2093197e-05 8.6124965e-06 7.232192e-06 3.5845437e-06 6.612606e-06 2.332861e-06 0.00032365252 2.9044609e-06 1.570911e-05 6.1470695e-07 7.987363e-06 2.2056885e-05 1.8109515e-05 1.012623e-05 6.2356808e-06 2.675014e-07 5.232965e-07 7.294978e-08 3.6723088e-07 2.2550564e-06 0.002304403 1.2180192e-07 2.9363498e-06 0.0016315127 1.0153102e-05 1.1522184e-06 6.6212824e-06 0.00023618144 1.750001e-07 1.4809485e-06
0.13207033 0.008290045 0.029164247 0.28159562 0.03651687 0.21756303 0.0053401934 0.088351436 0.011362498 0.044509277 9.89118e-05 0.00045540146 0.002094754 0.5991142 5.7424997e-05 0.098014235 0.79466015 8.794873e-05 0.9874466 0.0018134608 0.00025563716 5.6334993e-12 2.192541e-05 0.94127005 0.0009974911 0.020637922 0.0022349912 0.00016466265 5.0657858e-05 0.0017060025 0.00027939546 0.035507873 0.00010155113 5.182022e-05 8.363415e-06 0.9687234 8.188776e-05 1.6564554e-05 4.8094455e-05 6.0487364e-06 1.2124042e-05 1.5894732e-06 6.0804705e-06 2.2258944e-05 0.00013641226 1.3254525e-05 3.037414e-06 3.867202e-06 1.3524236e-05 1.1349387e-07 6.545169e-05 9.4805306e-05 1.5125973e-05 3.140444e-06 1.8369286e-06 4.186346e-06 0.02056698 1.9137815e-06 1.3369028e-06 3.260008e-05 1.3062248e-06 0.0004853191 6.9393295e-06 6.076172e-07 3.381962e-08 6.353443e-08 1.8261804e-05 7.668789e-06 0.025972294 2.1721696e-07 2.263017e-06 5.655568e-07 7.75467e-07 1.8554726e-07 1.91761e-05 2.0672624e-05 6.938518e-07 9.181885e-06 2.7285585e-06 4.052173e-05 5.6150463e-07 3.5778392e-06 8.362453e-07 0.0007672755 3.949219e-06 0.00070244534 1.1842353e-07 1.6085697e-06 2.9694118e-07 3.1999275e-07 1.3577111e-06 4.4196117e-05 8.8701853e-07 2.2190376e-07 1.7550494e-06 9.555871e-05 7.375779e-07 1.2445876e-06 6.3492973e-07 7.0926596e-08 2.652555e-07
0.95632744 0.002556077 0.008327212 3.4649296e-05 0.0009128943 4.914735e-05 0.0032262665 0.0008285185 0.00010929082 3.4942557e-06 0.93779325 0.13958348 8.579959e-06 0.0004111133 0.7753118 1.0250828e-06 3.0766314e-06 0.5118043 4.7200985e-05 0.28767684 0.59698147 2.192541e-05 1.5158968e-13 3.7305324e-06 0.009514905 2.0362481e-06 0.19007291 0.022095572 0.0002500349 0.0010737891 0.002320899 0.00087027234 1.4375361e-05 2.6135636e-05 4.9401053e-05 7.177133e-05 0.016646126 0.96932274 0.012852615 0.18146782 0.00024337928 6.497902e-05 0.752689 0.0032013368 2.93046e-05 0.00028934106 3.3105815e-05 0.8509157 0.0071455394 2.0094194e-05 0.587935 0.039019823 0.008378008 0.00020649856 0.046118308 0.011428855 1.9207055e-06 0.00024508845 0.149036 0.00050384726 0.08494201 2.6163577e-06 4.213633e-05 5.1629166e-07 1.8947158e-07 1.6748196e-07 0.039769977 0.026538692 1.318695e-06 0.027492277 2.7304197e-06 0.00045012485 9.080042e-07 5.8723697e-07 4.781055e-07 2.188338e-05 2.680351e-07 0.0035792678 6.244521e-05 3.3757688e-06 6.3557195e-07 2.0779073e-06 3.3558757e-05 3.5356406e-06 2.6525056e-06 5.6632643e-07 2.9302153e-06 1.5561395e-06 1.06775644e-07 1.7570981e-07 9.1542256e-07 0.007575659 2.837773e-07 2.4704718e-06 0.023386927 4.2260176e-06 8.362669e-07 1.15977e-06 2.6054606e-05 8.603178e-08 1.0449698e-06
0.37585083 0.00948617 0.02739973 0.54062724 0.050037682 0.509252 0.006315545 0.035464626 0.056602497 0.3111868 5.8069778e-05 1.5729258e-05 0.071683764 0.12272574 6.947825e-06 0.78499615 0.98909193 1.0343387e-05 0.5579482 0.0019296994 5.5201544e-05 0.94127005 3.7305324e-06 6.681344e-14 0.00054303324 0.83529294 0.004575398 0.00021958549 5.4703578e-05 0.00038851955 0.00054412807 0.0028989234 0.00014825059 0.00020024473 1.4214362e-05 0.8960711 0.00012927996 8.740902e-06 4.1983505e-05 1.3807074e-05 8.160231e-06 7.562503e-07 5.629617e-06 1.1418042e-05 0.00047488717 3.677091e-06 6.8631255e-07 1.0025303e-06 3.7693271e-06 1.0490452e-07 2.6961463e-05 0.0001319704 2.4846167e-05 1.156299e-06 4.05327e-07 1.4175178e-06 0.784273 1.4387122e-06 2.539799e-06 2.4042238e-05 1.2660824e-06 0.009732211 3.667009e-06 4.45824e-07 5.4345016e-08 6.722487e-08 6.536392e-05 2.482292e-06 0.33487886 1.4414265e-07 1.3773516e-06 5.00294e-07 2.6215007e-06 7.659999e-07 0.0001595857 1.38363885e-05 2.0034577e-06 4.7337276e-06 2.3900946e-06 0.0011741829 3.411759e-06 0.00012630675 9.586522e-07 0.046170138 1.397465e-05 0.012965748 2.7912938e-06 1.9137897e-05 1.5782065e-06 3.957272e-06 2.0388141e-05 3.920282e-05 4.6154383e-07 1.466647e-05 1.6534867e-05 0.0005998458 3.5503522e-06 8.9718003e-07 5.5310807e-06 6.732897e-07 3.7427021e-06
0.78103006 0.33436334 0.15168306 0.013149591 0.025084637 0.0023449003 0.03712053 0.352188 0.0048158984 0.00057407643 0.039678555 0.8864776 4.016641e-05 0.013007584 0.045543555 0.00014462756 0.000799974 0.07828823 0.0020567263 0.04474536 0.17024931 0.0009974911 0.009514905 0.00054303324 1.3828714e-14 9.6668855e-06 0.015589055 0.97263217 0.00040998549 0.9872643 0.002460517 0.7995803 1.2229122e-05 1.08364475e-05 4.1695384e-05 0.0171006 0.08479191 0.0021591955 0.25814927 8.485351e-05 0.00027119298 5.6774657e-05 0.0028757018 0.00012225572 8.977731e-05 0.0006462814 5.3446743e-06 0.001437957 4.9572132e-05 2.4802548e-06 0.003829204 1.4982962e-05 5.6818146e-05 3.5949442e-06 0.0026649437 0.0037757817 0.0003103567 7.996166e-06 0.0003310763 2.1520722e-05 0.00017914455 2.368423e-06 8.852637e-06 6.5366326e-06 2.056879e-07 3.6463868e-07 7.1341e-05 2.7398569e-06 0.00011129547 1.7468869e-06 1.5956584e-05 1.2045419e-07 6.785316e-07 1.0062804e-06 8.307769e-08 1.2525761e-06 1.32373e-06 5.267431e-06 1.5904131e-06 1.2043752e-07 3.4478696e-06 9.3699036e-08 2.4785663e-06 2.0783897e-05 1.3121141e-06 3.2667128e-06 1.1672254e-06 1.0606957e-05 1.6649657e-06 1.0656867e-06 3.9563113e-07 6.0370403e-05 5.3455555e-08 1.3902893e-07 3.728466e-06 1.980451e-06 3.9516016e-07 2.7394924e-07 1.4775156e-05 1.3506738e-08 4.3311766e-06
0.8335668 0.0009398588 0.0076207705 0.1304973 0.02276465 0.34345648 0.00481911 0.0015159938 0.18227795 0.68962866 3.569328e-05 3.5494718e-06 0.91820335 0.0013857683 2.5051548e-05 0.97768086 0.25449878 1.5332167e-06 0.018543465 0.0038482647 1.036608e-05 0.020637922 2.0362481e-06 0.83529294 9.6668855e-06 5.415183e-12 0.02376465 7.7817e-06 0.017255273 8.032294e-06 0.009715069 5.927448e-05 0.022010956 0.1759348 0.0046867826 0.00796244 1.3853566e-05 5.903018e-06 6.5726317e-06 3.6551655e-06 0.00020437363 0.00012364812 7.841233e-07 6.2681156e-06 0.08983876 1.438433e-05 2.530808e-05 1.2925024e-06 2.478004e-06 2.8214968e-06 2.7576421e-05 0.00010588477 7.223961e-06 6.2133545e-06 1.2879854e-06 5.9654863e-06 0.8916209 1.3517215e-06 5.905812e-06 2.1689653e-05 9.155426e-06 0.80498785 6.5593504e-06 1.0195806e-05 1.1360557e-06 1.574645e-06 6.237213e-05 3.6612153e-06 0.04079949 1.109322e-06 4.405569e-05 8.505978e-07 7.8993115e-05 1.8600635e-05 0.13915353 2.6738946e-05 1.0095808e-05 1.1326745e-05 1.6112981e-06 0.2465466 8.562478e-07 0.02062928 1.3279887e-06 0.0248928 1.704993e-05 0.0007024805 3.561638e-06 3.6810557e-06 1.601805e-06 7.2272235e-07 0.0001712784 4.0685678e-05 2.0799581e-07 2.0041716e-05 9.634272e-05 0.008280224 2.5443153e-06 3.4287432e-06 0.00014870711 1.659647e-06 1.2418636e-05
0.99995214 0.050158653 0.117543936 0.050107725 0.22528552 0.05540225 0.42855576 0.015681764 0.7033922 0.07845494 0.08698461 0.07327945 0.19458544 0.0066650487 0.16623041 0.020236477 0.006065937 0.15157808 0.0060497285 0.96388555 0.029137475 0.0022349912 0.19007291 0.004575398 0.015589055 0.02376465 2.934423e-16 0.019919422 0.31216514 0.007461773 0.46008593 0.009403448 0.12795292 0.05512938 0.10899374 0.0018901544 0.002808841 0.033614285 0.005401563 0.40491635 0.103901245 0.09353655 0.46978766 0.21546777 0.039608337 0.05244612 0.0807584 0.035661113 0.33784124 0.026492896 0.009203943 0.07688382 0.238806 0.10805372 0.00041068436 0.00046513492 0.0012048339 0.06292985 0.0013548618 0.084364586 0.0039588157 0.08269658 0.06239475 0.012875164 0.008184728 0.00866413 0.00026778644 0.04343335 9.578992e-05 0.0067280363 0.0057828547 0.027739171 0.0018878415 0.0006623724 0.03755573 0.0111144325 0.0002146586 0.0018713708 0.028172132 0.008089968 0.025152704 0.0104345875 0.0029377325 0.00027117436 0.0005528877 2.4567451e-05 0.014197069 0.008066305 0.0020890164 0.009767703 0.0043638377 0.00200143 0.016325539 0.0025313802 4.8386308e-05 0.034617055 0.0035800037 0.0011307443 0.0004618199 0.0050728545 0.00017644036
0.74491554 0.06565709 0.029285736 0.0016193703 0.0048051407 0.00039133526 0.011511822 0.05464895 0.0011936896 8.4935855e-05 0.097625196 0.9783654 1.1952879e-05 0.0013777215 0.06304496 2.5840583e-05 7.845803e-05 0.24824253 0.00020130262 0.047140706 0.45911178 0.00016466265 0.022095572 0.00021958549 0.97263217 7.7817e-06 0.019919422 1.661105e-14 0.0002114879 0.325539 0.0018789497 0.4754813 1.8930652e-05 2.563736e-05 0.00019066894 0.0029781414 0.7677242 0.0064858887 0.8625848 0.00010798099 2.9838184e-05 2.7894832e-05 0.0021516988 3.219491e-05 4.912748e-05 0.00018920968 6.8087485e-07 0.0014174732 4.0820505e-05 2.0757125e-06 0.01034622 7.906004e-05 2.6103677e-05 8.918917e-07 0.5305461 0.5444229 0.00018396953 1.08747945e-05 0.001966858 6.0635734e-06 0.00016289053 3.0431522e-06 1.5422753e-06 1.756558e-06 1.1656053e-07 1.3888157e-07 0.0014557837 7.1622463e-07 0.00041781817 1.8397977e-05 3.0531578e-06 3.2478013e-08 1.5480968e-05 5.3920307e-06 2.854509e-07 7.7793135e-07 2.3437074e-06 4.1827307e-06 3.805045e-07 1.1577433e-06 1.1441767e-06 5.6007852e-06 1.053671e-06 1.5329075e-05 1.724831e-05 6.465403e-06 2.3085336e-06 2.3328696e-06 6.213032e-07 3.2223302e-06 2.09223e-06 0.000539063 1.0468166e-07 1.1252654e-06 6.761083e-06 3.6935426e-06 4.300556e-07 1.3660388e-06 2.248465e-05 2.8668307e-08 2.2652443e-05
0.9851737 0.00050303276 0.0030796395 0.0007382698 0.02440975 0.009345857 0.0107494695 0.00015988764 0.40168542 0.02715833 0.0027183138 0.00036452693 0.41633692 5.8138543e-05 0.00034557207 0.0034892194 0.0003423506 0.0007137872 0.00010373621 0.123309456 0.0001361909 5.0657858e-05 0.0002500349 5.4703578e-05 0.00040998549 0.017255273 0.31216514 0.0002114879 2.1487705e-16 0.000131146 0.9514377 0.00015930273 0.9115205 0.49765453 0.95550936 0.00040231296 3.2030817e-05 4.9293423e-05 2.6128708e-05 0.00039058994 0.036652718 0.26909533 2.0430494e-05 0.00077490637 0.30508563 0.0068922485 0.020146979 5.3168686e-05 0.000716638 0.021396881 5.1247443e-06 0.00013307424 0.0006340472 0.0036424021 2.0375119e-05 1.1025504e-05 0.00044521457 0.0010799252 2.4166417e-05 0.0005043684 4.8421552e-06 0.20733097 0.00061440107 0.07736327 0.0047462117 0.005999067 1.8304714e-05 3.5141347e-05 1.9992121e-05 1.9381526e-08 0.0013257097 3.2594687e-06 0.0015383234 0.0058140513 0.11956006 1.9493315e-05 0.00014323668 8.4616005e-07 1.5630661e-06 0.027499003 0.0017924139 0.061059102 2.213841e-06 6.03017e-05 0.00017098953 1.1862869e-05 0.00040402127 1.7449232e-05 4.3717846e-05 0.0002449919 0.024007335 3.1735287e-06 1.6712695e-05 0.022155805 3.351639e-08 0.20705602 2.881196e-06 9.639367e-08 2.647854e-07 5.317492e-07 2.2477081e-05
0.5677013 0.43055776 0.27135321 0.042867403 0.043643266 0.0036193307 0.053093452 0.48552752 0.0010333691 0.000793349 0.009424307 0.4198682 4.5512246e-05 0.058260098 0.012537857 0.00030827467 0.00038092534 0.0049990555 0.0036379013 0.030623404 0.0090759 0.0017060025 0.0010737891 0.00038851955 0.9872643 8.032294e-06 0.007461773 0.325539 0.000131146 1.4043637e-15 0.00027435596 0.99879014 4.6465675e-06 2.3797209e-06 4.750982e-06 0.06500236 0.0049716705 0.00023858246 0.018233648 1.5729769e-05 3.926433e-05 1.6249496e-05 4.2532833e-05 7.145538e-05 1.0062985e-06 8.80619e-06 2.6700657e-06 0.00015332036 2.1900896e-05 3.2502075e-07 0.00029892827 1.0076296e-06 2.697246e-06 1.4440574e-05 8.8317785e-05 0.00018021606 4.678063e-05 1.6242733e-06 9.64004e-06 3.119482e-05 1.08375425e-05 2.1560604e-06 4.58999e-06 8.331147e-07 4.641474e-08 7.57904e-08 2.232192e-06 3.909833e-06 7.218194e-05 5.1583125e-08 1.6458736e-07 3.0447296e-07 2.4487431e-07 2.4653917e-07 1.5679518e-07 4.2246134e-07 1.3750385e-07 1.3026278e-07 2.2918575e-06 1.3680902e-07 6.976997e-07 2.9620836e-07 1.2706148e-06 1.0935014e-06 2.5632448e-07 1.2638639e-06 3.7705334e-07 8.1180633e-07 4.900698e-07 1.8677868e-07 4.5564494e-07 1.5690132e-06 1.8479877e-08 2.5574149e-08 5.5709698e-08 1.7322094e-07 1.8496657e-07 5.358223e-08 1.4163103e-07 4.525736e-09 1.4447259e-08
