4.8840975e-35 0.95180565 0.8493534 0.9542977 0.8900429 0.68629515 0.6582197 0.78885573 0.4509084 0.8674142 0.4976531 0.8683387 0.7205836 0.40099683 0.5206081 0.42859268 0.8056075 0.4853236 0.78028893 0.31313387 0.60236037 0.38389486 0.2637313 0.31567276 0.9748217 0.67028606 0.50336784 0.24903424 0.8817144 0.7681323 0.24101636 0.43615782 0.3978631 0.7712353 0.34060714 0.02097529 0.17370771 0.9759513 0.6069741 0.7952208 0.32972732 0.9926964 0.05069086 0.0098734535 0.014999083 0.20300762 0.06779048 0.0016873551 0.7962629 0.09047512 0.15917784 0.3056354 0.8076036 0.99430466 0.53349084 0.99860024 0.9995315 0.01024036 0.033507887 0.98256505 0.12693635 0.003884086 0.0065520834 0.96376187 0.99967384 0.0010683677 0.0015108442 0.0015498607 0.68827784 0.0014108849 0.0035050127 0.0006355525 0.7960638 0.012793054 0.112048335 0.005902122 0.9991224 0.0005017712 0.33796978 0.0001952028 0.0004034462 0.0008443316 0.0037082802 0.0001263377 0.001683251 0.50440097 0.011686925 0.00034940493 0.9775931 0.033901576 0.52008617 0.00010579292 7.2670344e-05 0.13897024 0.052205876 0.40259454 3.442545e-05 0.00790746 3.8375445e-05 0.534539 3.4834254e-06
0.95180565 2.9518688e-17 0.9362944 0.60613906 0.26860648 0.2825413 0.51614106 0.51926756 0.38458228 0.6289588 0.013091201 0.11290028 0.022989329 0.020866795 0.01695502 0.0041908664 0.05796271 0.006954229 0.14075829 0.018457908 0.088751405 0.31320646 0.005443523 0.009108168 0.38012847 0.18409242 0.005934547 0.006635972 0.004608678 0.0077127973 0.02647368 0.008149127 0.010769334 0.010678855 0.116598725 0.042517483 0.012357793 0.121879384 0.0028412961 0.03647375 0.003923106 0.037415564 0.011245472 0.011727615 0.008727471 0.0009816579 0.0012047344 0.0023632734 0.0004805569 0.0008668158 0.0008684492 0.00073449087 0.0050264862 0.15563242 0.00021681476 0.079227686 0.17349263 0.00034066825 0.00016240473 0.062362093 0.00015116016 1.7778799e-05 1.9921074e-05 0.029399442 0.15137136 0.00028043124 6.0667928e-05 2.412536e-05 0.0012742309 0.00070903875 0.0010285185 1.2065884e-05 0.0037610491 0.00011046317 4.4895874e-05 0.00018344358 0.018007588 7.0038004e-06 0.00073332735 6.0964903e-06 2.2307577e-06 6.6260077e-06 0.00071749557 0.00023502855 0.00017289507 0.00042302822 1.7264652e-05 4.0895648e-06 0.010459516 2.2745722e-05 0.00015665732 1.6603484e-06 3.2466867e-06 0.00065558584 3.0647087e-05 4.183666e-05 1.5567036e-06 4.6334186e-05 6.2933746e-06 3.4924884e-05 1.88458e-06
0.8493534 0.9362944 1.4607578e-16 0.183134 0.27287498 0.34295836 0.5824478 0.8727094 0.16499068 0.30152252 0.004163594 0.0316 0.00943164 0.0076346756 0.0053662555 0.0016032533 0.21283916 0.0031305451 0.084627725 0.0130834505 0.4139536 0.4207659 0.0028994489 0.0063208207 0.2226255 0.0667019 0.0017196231 0.0019053789 0.0022634338 0.01890869 0.1285383 0.007905819 0.018050013 0.015951306 0.24178162 0.08353156 0.023433115 0.04669795 0.005408377 0.052490678 0.0020857197 0.017794518 0.03326922 0.03627695 0.014359544 0.00010951442 0.00077575113 0.0031189988 0.0028147108 0.00022715947 0.00026036808 0.0021609415 0.0093047 0.117349885 0.0004617316 0.033597715 0.07102081 0.0002124724 1.6355389e-05 0.06408179 3.9889008e-05 7.238395e-06 7.850687e-06 0.043167107 0.04522504 0.00013194876 1.0773818e-05 4.462722e-06 0.003674942 0.0014945153 0.0020085718 7.6065675e-07 0.01036845 0.00039132967 0.00026405122 0.0010809917 0.010138126 2.2483447e-07 0.0001996222 5.0960074e-07 4.6309486e-07 1.8483775e-06 0.0014875405 0.00046637954 1.974746e-06 0.00025072787 0.00013788408 1.0221942e-06 0.019788953 6.801526e-05 0.0006751622 1.3648936e-07 2.2017733e-07 0.00053470454 0.00010250966 0.00032791734 8.592191e-08 0.00010778263 2.6528863e-07 0.0003368946 9.2603344e-08
0.9542977 0.60613906 0.183134 9.232928e-19 0.025078122 0.016831942 0.2704968 0.02517941 0.5388059 0.73876935 0.79214585 0.84118575 0.7197626 0.46725366 0.41133577 0.33230457 0.001053102 0.24612449 0.4645525 0.27279177 0.007612682 0.14692965 0.08236005 0.071172364 0.15205872 0.39677465 0.014972787 0.018747842 0.010541671 0.00012165976 0.0021564309 0.018665288 0.00014711247 0.00021377971 0.09945188 0.01687961 0.016090149 0.15300843 9.612013e-06 0.00075516605 0.024481088 0.09186206 0.0022711658 0.00903376 0.003679366 0.0050874758 0.0027893926 0.0009432215 3.843969e-05 0.0021177188 0.0023492211 2.734589e-06 2.7550319e-05 0.012966736 2.32112e-07 0.07523788 0.021506818 0.0007527756 0.0010286825 0.004256786 0.0004853374 0.00012544471 5.5951772e-05 0.0007019595 0.07105338 0.0004946821 4.010249e-05 2.229302e-05 1.4591556e-06 0.00093561853 0.00061547867 3.1169577e-05 8.2935285e-06 1.650125e-05 8.727329e-07 0.0001090888 0.019597145 1.5870533e-05 0.00090564677 1.2778531e-05 3.0246463e-06 6.137387e-05 0.00070808094 0.00011167216 7.628718e-05 0.00024912498 6.1142936e-07 8.772067e-06 0.0004993136 4.280892e-06 1.4112159e-06 1.1980045e-06 3.2973303e-06 0.0014431445 2.3101722e-06 8.805615e-07 1.2839897e-06 1.0390904e-05 7.3449123e-06 5.6945623e-07 6.6043157e-07
0.8900429 0.26860648 0.27287498 0.025078122 5.655356e-19 0.9483097 0.03187747 0.5436321 0.009955733 0.4872768 0.0009600566 0.017880714 0.0010559913 0.0018269471 0.00048813314 7.4095435e-05 0.49403957 0.00031232313 0.0042613246 0.0013613525 0.24491902 0.057518326 0.00017423916 0.0003947675 0.66107863 0.042340614 0.00031186955 0.00026038248 0.0002974257 0.09469981 0.029064655 0.00011253373 0.11743809 0.07745183 0.010453218 0.018698683 0.0005499302 0.034978304 0.018108299 0.27045083 7.179583e-05 0.012465054 0.008981668 0.0057380875 0.000541683 6.328363e-05 2.6748014e-06 0.000116456475 0.015830327 8.049755e-06 1.9757603e-05 0.0029730476 0.030649625 0.39731213 0.0033942668 0.056841023 0.37597707 2.9414064e-06 3.7481097e-06 0.15399748 4.157695e-06 1.4281586e-06 5.2757383e-07 0.09209864 0.1836358 1.5936374e-05 8.747869e-07 5.0493287e-07 0.009377164 0.00074695057 0.0014537824 9.729912e-07 0.0276102 0.00031360507 0.0009074086 0.0006388154 0.005768066 4.7241356e-06 3.8388e-05 3.7497546e-06 5.021127e-07 1.2765157e-05 0.00023427645 3.8883907e-05 1.1384591e-06 2.936346e-05 7.581726e-05 2.7705257e-06 0.05584045 0.00018894281 0.0011652852 6.6801573e-07 1.4223303e-06 3.1982436e-05 5.9895337e-05 0.00026162583 1.1972706e-07 0.00022785962 5.708047e-07 0.0001803536 1.921868e-07
0.68629515 0.2825413 0.34295836 0.016831942 0.9483097 4.347274e-19 0.033203535 0.83706975 0.009885781 0.17803432 0.00033549542 0.00705234 0.000528409 0.00086995953 0.00038101507 0.00010778283 0.786287 0.0003015151 0.008380182 0.001056098 0.5790816 0.12799379 0.00018574603 0.00031019657 0.25225592 0.021021511 0.00030369277 0.00014481637 0.00028679523 0.13601783 0.08516223 0.00066295255 0.110761344 0.061436195 0.015809469 0.04095885 0.0009389584 0.018839885 0.028176265 0.13778232 6.550802e-05 0.006014204 0.027218848 0.018556027 0.0016512782 2.7413535e-05 4.216256e-06 0.00046361174 0.01533922 7.4677455e-06 3.489542e-05 0.00441843 0.023476465 0.20100252 0.0025532155 0.020561071 0.12631384 5.4119987e-06 7.178422e-06 0.09029537 4.3272876e-06 7.694286e-07 5.8829744e-07 0.06270427 0.04782489 4.289732e-06 3.0250283e-07 1.8621238e-07 0.010440311 0.00041589348 0.0014364617 2.537437e-07 0.02290093 0.0007385976 0.0006541104 0.0017420583 0.0026304824 3.899226e-07 2.0513842e-05 2.691345e-07 1.2110013e-07 1.9830877e-06 0.00052340736 8.784009e-05 1.1529373e-06 4.0544764e-05 0.00016330676 1.7012094e-06 0.037614793 0.000121724865 0.0016370331 6.973954e-08 1.1676179e-07 2.7998174e-06 0.00010844932 0.00096980925 1.0048183e-07 0.00021494969 6.5025354e-08 0.000876501 3.3595626e-08
0.6582197 0.51614106 0.5824478 0.2704968 0.03187747 0.033203535 1.1156496e-21 0.19127546 0.97836167 0.15237254 0.016449003 0.02420813 0.027505718 0.0071016797 0.010529775 0.0057757837 0.021485852 0.009457918 0.4400551 0.025512438 0.06233262 0.70844597 0.0054543577 0.008087063 0.077310316 0.036533903 0.0007681526 0.0028291221 0.0007652669 0.0029423558 0.036986835 0.021542037 0.0021541885 0.002118577 0.37085354 0.13828276 0.05214147 0.01597965 0.0003685065 0.0057101296 0.0048026303 0.0054979073 0.03080418 0.06075923 0.04147702 0.00036503913 0.006115993 0.008172289 0.00033218073 0.0021278479 0.0016853375 7.006978e-05 0.00038541466 0.01793782 1.1322577e-05 0.008272975 0.007454057 0.002972954 0.00011706557 0.004960167 1.5499818e-05 4.3836917e-05 8.4374515e-05 0.002092785 0.009066566 0.0019046203 0.00057261076 0.000104197454 6.1531464e-05 0.005634285 0.0035480235 7.252156e-05 0.00022523658 0.00013043838 1.1337605e-05 0.0006101743 0.0035007535 1.6804175e-05 1.9101539e-05 1.5254118e-05 1.753976e-05 2.4587915e-05 0.012575003 0.0027718234 7.5962016e-05 1.2751384e-05 7.4090167e-06 2.2716975e-05 0.0013564551 1.7494387e-05 4.189935e-05 1.4109395e-05 2.194254e-05 0.00015403997 8.291108e-06 2.0591842e-06 3.9186766e-06 4.293827e-05 8.8240795e-06 2.2584138e-06 3.4276477e-06
0.78885573 0.51926756 0.8727094 0.02517941 0.5436321 0.83706975 0.19127546 2.7252547e-18 0.0499 0.22910112 0.0018717481 0.011370649 0.0025944777 0.0015448957 0.00029635715 0.00015063088 0.85253406 0.0013826225 0.07157353 0.008554284 0.90165174 0.33282527 0.0009566134 0.0015221525 0.30080462 0.035375286 0.00020842045 0.00011961927 0.00021009978 0.19090134 0.47158742 0.0016715908 0.12302086 0.10099312 0.2246353 0.15970908 0.0087004965 0.038421433 0.035295196 0.16368839 2.2926435e-05 0.007086454 0.11618728 0.082770586 0.00802928 8.005505e-06 9.21914e-06 0.0020655363 0.0332885 1.2394664e-05 1.0588552e-05 0.008984477 0.03843972 0.29618552 0.004123374 0.033147868 0.21923938 1.0405461e-05 1.8294235e-06 0.20949118 4.2146817e-07 7.92443e-07 5.082534e-07 0.12840284 0.05800823 7.794066e-06 2.956645e-07 1.4234587e-07 0.016241048 0.0016974288 0.0025660847 3.226717e-07 0.03448614 0.001318318 0.0006804082 0.005185997 0.004820264 3.2669982e-07 6.2801564e-07 2.0771195e-07 2.954906e-07 4.371887e-06 0.001779131 0.00010946513 3.5901736e-05 6.390868e-07 0.0001239129 1.135029e-06 0.06251614 0.0006647848 0.0011080961 2.0611559e-07 2.3011997e-07 6.881103e-05 7.708601e-05 0.00064024254 9.4535565e-08 0.0005110567 9.641574e-08 0.00046773918 6.365439e-08
0.4509084 0.38458228 0.16499068 0.5388059 0.009955733 0.009885781 0.97836167 0.0499 7.032664e-22 0.080684885 0.06864402 0.02712754 0.1256073 0.00916193 0.016029084 0.017469848 0.0032354656 0.028159905 0.7120628 0.11120362 0.013112423 0.54074293 0.020978052 0.021504182 0.032632913 0.018109914 0.0010475412 0.0027016806 0.0007696536 0.00025000153 0.007879227 0.039942563 0.00021539787 0.00030930626 0.46397477 0.08050158 0.08193175 0.008449949 0.00010915396 0.001159156 0.015385925 0.003999202 0.006242795 0.026360517 0.051402662 0.0009978336 0.015766347 0.007238327 8.5209096e-05 0.0039401455 0.0024149325 1.8351628e-05 0.00010310763 0.0058416184 2.8086988e-06 0.0057717725 0.003127497 0.0072859307 0.0006177235 0.0013045095 8.109375e-05 0.00019517954 0.00024848763 0.00045652577 0.008029212 0.0022732234 0.0012468657 0.0002913191 3.4468014e-06 0.0032861454 0.0009107243 0.00017043957 2.3262128e-05 2.4409232e-05 1.057341e-06 7.8007106e-05 0.0024246466 7.974831e-05 0.00025803363 2.9847577e-05 4.166195e-05 7.468925e-05 0.00508916 0.0010896478 0.00025148698 8.196112e-05 1.5198423e-06 5.5099037e-05 0.000537538 1.4097243e-06 5.4078296e-06 2.1133475e-05 1.9272571e-05 0.00086668937 1.4147532e-06 8.9964584e-07 1.4462736e-05 9.597632e-06 1.650147e-05 9.000251e-07 5.5964824e-06
0.8674142 0.6289588 0.30152252 0.73876935 0.4872768 0.17803432 0.15237254 0.22910112 0.080684885 6.316476e-17 0.027545724 0.6771003 0.023718234 0.16254455 0.036950793 0.013679594 0.04792231 0.008092093 0.0141245155 0.006461736 0.1080757 0.076635964 0.0035062933 0.0025649688 0.8540777 0.81764287 0.030893577 0.009659661 0.039049584 0.0058932826 0.009051305 0.0016195187 0.010628632 0.010650681 0.009640059 0.0073531726 0.0006462506 0.40045214 0.00090196496 0.034059294 0.0023407144 0.15189153 0.0019559928 0.0021350174 0.0009180953 0.0076986724 6.6796674e-05 5.858151e-05 0.0009504294 0.00028064122 0.0011518961 0.00036307404 0.003318948 0.1345941 5.4938217e-05 0.2519325 0.21735626 1.2125962e-05 0.0004019866 0.039758753 0.0020039855 1.8093235e-05 1.0254579e-05 0.01934702 0.35205793 1.6145214e-05 8.691369e-06 8.693458e-06 0.0004742691 0.00023514537 0.0004760021 2.4114813e-06 0.001971426 6.4026666e-05 2.070285e-05 0.00025175765 0.026603771 1.5679743e-05 0.0030806246 1.4118157e-05 2.0301268e-06 1.4231004e-05 0.0001955906 3.955976e-05 5.498205e-06 0.0039888457 8.639463e-06 1.08840395e-05 0.011040572 1.1205861e-05 0.00012881229 6.7856456e-07 1.5529403e-06 0.0023091251 6.157217e-06 3.9947405e-05 4.2129258e-07 1.7291131e-05 1.7619385e-06 4.2290274e-05 2.3722987e-07
0.4976531 0.013091201 0.004163594 0.79214585 0.0009600566 0.00033549542 0.016449003 0.0018717481 0.06864402 0.027545724 7.1586615e-22 0.07760189 0.88022053 0.12922019 0.32925373 0.9047334 2.6274236e-05 0.69058245 0.36140832 0.39424613 0.00023182918 0.0135775525 0.3262464 0.2453232 0.009603456 0.014502271 0.0056534978 0.016258132 0.0021522888 6.4330575e-06 0.00016649913 0.20519337 8.049271e-06 6.2944246e-06 0.06696935 0.0024302502 0.0543189 0.005187157 9.1117033e-07 4.742969e-06 0.0756615 0.008064255 0.00057855 0.0017360249 0.008016921 0.0032053508 0.016379334 0.0013289775 1.9640574e-06 0.014231114 0.014930118 5.9659095e-07 6.7438026e-07 0.00063392933 2.8121912e-08 0.0028021068 0.0007113046 0.0038817478 0.0015440878 0.00013171718 0.00023745387 0.00092236476 0.0005707163 1.1072806e-05 0.0047109895 0.0006642148 0.0010823121 0.00047994548 4.3635392e-08 0.00049026054 0.0003348729 0.00019540769 6.6139336e-07 1.7712822e-06 1.8908655e-07 2.738649e-05 0.0032821898 0.0018138769 0.0006050897 0.00095539674 0.0002447806 0.0010301446 0.0005712374 9.651009e-05 0.00044266565 7.4508906e-05 7.582062e-08 0.00029223514 1.4671827e-05 6.730054e-07 8.6109765e-08 0.00011906217 0.00012522812 0.00088308443 4.850269e-07 1.3920327e-07 8.094478e-05 1.2899724e-05 0.00010796018 9.811318e-08 3.215023e-05
0.8683387 0.11290028 0.0316 0.84118575 0.017880714 0.00705234 0.02420813 0.011370649 0.02712754 0.6771003 0.07760189 2.6218746e-16 0.038159374 0.85337424 0.42740968 0.080148295 0.0004461607 0.014558512 0.015703307 0.012376847 0.0037079535 0.019042213 0.0057151886 0.0037416567 0.0902636 0.847509 0.3734762 0.17263933 0.5120983 3.993049e-05 0.0006880162 0.0017272015 0.000118354714 0.00022452799 0.009345801 0.0044676317 0.0011283093 0.34136623 9.813172e-06 0.00076361647 0.0073092342 0.64007926 0.0017139965 0.0028973178 0.0010476487 0.02265794 0.0002532067 0.00010971335 1.735189e-05 0.00041224985 0.005321647 2.3804926e-06 2.062717e-05 0.016717462 4.8415853e-07 0.21598187 0.029615331 0.0001571084 0.0024441783 0.0034962157 0.0023501164 0.00010198534 2.0921432e-05 0.0006851829 0.16072096 2.6126838e-05 8.0352975e-06 7.2525604e-06 5.821683e-07 0.0012879486 0.0009905284 2.2952974e-05 3.0084843e-06 4.3853226e-05 1.3923573e-06 0.0018571903 0.03747921 8.880922e-06 0.0008109143 4.2744464e-06 4.943114e-06 3.254665e-05 0.0028930176 3.552088e-05 0.00027097893 0.0007604889 3.1060479e-06 2.3358787e-05 7.974193e-05 3.1142547e-06 8.17815e-06 2.4698502e-06 6.576087e-06 0.0074351253 6.5624417e-06 2.7552906e-06 5.280057e-07 8.151539e-05 3.1653012e-06 3.0086103e-06 5.5418013e-07
0.7205836 0.022989329 0.00943164 0.7197626 0.0010559913 0.000528409 0.027505718 0.0025944777 0.1256073 0.023718234 0.88022053 0.038159374 8.2999163e-22 0.057210315 0.15192962 0.6532429 3.8128954e-05 0.8033958 0.64418256 0.6519493 0.0004617052 0.022977768 0.43463072 0.39898604 0.00565982 0.013904023 0.0013736748 0.005657812 0.0007534558 1.0889178e-05 0.00045397851 0.42137793 7.3112974e-06 5.592507e-06 0.24520369 0.0032804436 0.13743912 0.0041521303 1.7515212e-06 1.8348112e-05 0.11231786 0.0031396043 0.0005588011 0.004279666 0.018459853 0.000765286 0.048100457 0.002077392 1.5739919e-06 0.02813372 0.010611819 4.891089e-07 9.885257e-07 0.0006596988 4.5572943e-08 0.0024032118 0.0003499877 0.011376158 0.00094978965 0.00019570795 6.961797e-05 0.0014994778 0.001252792 2.02311e-05 0.0028561472 0.0011793023 0.0020201285 0.0009765345 3.1587994e-08 0.0010555045 0.0003539029 0.00066158705 5.579272e-07 2.5403317e-06 3.7832515e-07 1.5209393e-05 0.0011086622 0.0016979299 0.00024700127 0.00086578564 0.00040024112 0.0008499836 0.00072884216 0.0003657141 0.00018671129 3.426117e-05 3.3762433e-07 0.0006367037 3.3424578e-05 4.2386046e-07 8.89517e-08 0.00023975897 0.00025173582 0.00047513607 4.2466445e-07 6.677199e-08 0.00011226007 5.472609e-06 0.00013575183 6.700738e-08 2.8586473e-05
0.40099683 0.020866795 0.0076346756 0.46725366 0.0018269471 0.00086995953 0.0071016797 0.0015448957 0.00916193 0.16254455 0.12922019 0.85337424 0.057210315 3.702386e-18 0.98168343 0.22426541 5.164872e-05 0.039004542 0.053874794 0.031634297 0.001033308 0.014033943 0.018675208 0.025889542 0.022026688 0.22152776 0.26181647 0.40573052 0.18620984 3.5432302e-05 0.0004410391 0.025157668 9.798242e-05 7.182932e-05 0.014375006 0.0052701295 0.008597284 0.10402007 8.389528e-06 0.00024650077 0.053944845 0.2233113 0.0024138447 0.005115065 0.0027975794 0.08604358 0.0018697304 0.00097016664 2.4294735e-05 0.0036657623 0.04543597 7.606963e-06 1.1788234e-05 0.0042648986 1.07456394e-07 0.05737619 0.0073660132 0.00011578472 0.024867278 0.0011438943 0.0070190765 0.0003940816 0.00012344866 0.0003020029 0.042523745 6.303997e-05 6.478028e-05 3.78072e-05 1.7905471e-06 0.0013019424 0.0016378824 1.0049305e-05 5.6199724e-06 1.6224503e-05 1.5203178e-06 0.0009801144 0.05606312 0.000757645 0.0010500898 0.0002082063 7.0237998e-06 0.00059844105 0.0048888093 0.00029370672 3.3551813e-05 0.001027348 1.3576113e-06 1.785317e-05 5.3261912e-05 8.723522e-06 2.3337398e-06 2.9805094e-06 7.962614e-06 0.008656837 9.855452e-06 3.105534e-07 4.3505424e-06 0.00018345076 2.5063042e-05 3.233984e-07 5.2188734e-06
0.5206081 0.01695502 0.0053662555 0.41133577 0.00048813314 0.00038101507 0.010529775 0.00029635715 0.016029084 0.036950793 0.32925373 0.42740968 0.15192962 0.98168343 7.794509e-18 0.6080605 3.734694e-06 0.14596273 0.07604026 0.07013047 0.0006181525 0.013010319 0.05949495 0.051558804 0.0076551414 0.08544974 0.38325948 0.5881318 0.21861994 4.2433917e-06 0.00050785125 0.04737329 1.0500753e-05 2.94275e-06 0.031305265 0.0063339695 0.031150587 0.054231647 1.0206201e-06 2.4356028e-05 0.20538877 0.2001219 0.0037136918 0.0052076033 0.0035088975 0.51380694 0.013346461 0.000731858 1.4018499e-05 0.020923302 0.20722078 4.2768096e-07 2.754502e-06 0.0016579299 6.417077e-08 0.055179045 0.0028400298 0.00034457658 0.108499154 0.0005363861 0.068196595 0.002092367 0.00038185174 0.00014732826 0.028025726 5.012238e-05 8.192408e-05 9.1600414e-05 1.1858026e-07 0.0020989452 0.00093858514 1.2019405e-05 3.4424104e-07 1.5038141e-06 1.1987821e-07 0.0005725319 0.07895742 0.00055357435 0.0074112117 0.0003698887 3.313399e-05 0.004163554 0.0033825962 0.00045250476 2.6802954e-05 0.0047659418 2.497164e-07 4.5556626e-05 2.9384975e-05 2.4915491e-06 3.6693262e-07 8.1952485e-06 1.50185715e-05 0.026524963 2.1444457e-06 1.277731e-07 2.0201167e-06 9.757604e-05 1.4480801e-05 7.76043e-08 2.640157e-06
0.42859268 0.0041908664 0.0016032533 0.33230457 7.4095435e-05 0.00010778283 0.0057757837 0.00015063088 0.017469848 0.013679594 0.9047334 0.080148295 0.6532429 0.22426541 0.6080605 2.6022513e-19 8.046704e-07 0.8894181 0.19908561 0.27833733 1.9343e-05 0.004439653 0.32584053 0.22206178 0.004923799 0.015620254 0.021183996 0.076787435 0.006937752 1.0091818e-06 9.277192e-06 0.15844305 4.7440144e-06 5.9114205e-07 0.029748375 0.0018393269 0.056078024 0.008651563 6.93443e-07 1.2761159e-06 0.166902 0.016373992 0.00022133261 0.0007081522 0.007889608 0.04112514 0.022611128 0.00081301003 6.5994544e-07 0.039320994 0.09297152 3.0784648e-07 4.6313025e-07 0.00026413283 1.3907051e-08 0.0047563934 0.0005121979 0.005512721 0.025244722 0.00012240879 0.003323257 0.007028374 0.003156874 7.40547e-06 0.007124442 0.00023788771 0.002809547 0.0021247647 1.08601546e-08 0.0005482155 0.00016025003 5.4823126e-05 1.452125e-07 7.5553083e-07 2.091801e-08 9.924738e-06 0.016152585 0.0024017927 0.0015537803 0.0020538184 0.0010356165 0.0042766635 0.00026007823 9.658412e-05 1.4879783e-05 0.00044788298 1.689349e-08 0.00041317797 3.4448214e-05 1.08659e-07 4.219449e-08 0.00014463901 0.00014663175 0.005348759 6.557599e-08 6.1122726e-08 4.263288e-06 3.4640489e-06 4.9100876e-05 3.8676294e-08 5.1162624e-06
0.8056075 0.05796271 0.21283916 0.001053102 0.49403957 0.786287 0.021485852 0.85253406 0.0032354656 0.04792231 2.6274236e-05 0.0004461607 3.8128954e-05 5.164872e-05 3.734694e-06 8.046704e-07 7.728749e-18 6.669304e-05 0.00077604485 0.00011916838 0.8039266 0.09694837 2.135848e-05 1.6747044e-05 0.27392873 0.007305885 1.115515e-05 6.3704497e-06 5.7020266e-06 0.739013 0.3548978 1.4601768e-05 0.4661802 0.25971496 0.0066125593 0.036617238 2.5462097e-05 0.008963506 0.2437574 0.31677228 4.597657e-06 0.0010983876 0.047624845 0.011795961 0.00017945011 1.6089026e-06 1.8290344e-06 5.9460017e-05 0.46707267 3.0151914e-06 2.6603868e-06 0.10651222 0.13607585 0.37743586 0.11626262 0.006500878 0.22291073 3.5395133e-06 2.0983987e-06 0.2771598 1.6027869e-07 1.2263454e-06 7.1805476e-07 0.24389516 0.027930597 3.2493722e-06 2.0077681e-07 3.9503885e-07 0.07841655 0.00033541402 0.0033323301 5.230121e-07 0.10216364 0.014444417 0.008300602 0.008153744 0.0009005078 1.1722555e-06 4.2013962e-08 5.537892e-07 2.226096e-07 7.881594e-06 0.0009165927 1.7116645e-05 4.872088e-06 2.3896877e-07 0.0018936583 2.3795144e-06 0.13767692 0.004028964 0.007184025 2.2213159e-07 5.0635543e-07 2.0387695e-05 0.0006697631 0.0053105494 9.963867e-08 0.002105217 1.908109e-07 0.003961649 1.4151101e-07
0.4853236 0.006954229 0.0031305451 0.24612449 0.00031232313 0.0003015151 0.009457918 0.0013826225 0.028159905 0.008092093 0.69058245 0.014558512 0.8033958 0.039004542 0.14596273 0.8894181 6.669304e-05 1.7244899e-19 0.5219799 0.68589604 0.00016646786 0.013940077 0.8807135 0.6612203 0.0023392707 0.004338625 0.004019303 0.015322106 0.001124685 1.510144e-05 0.00029637327 0.5632107 2.2294995e-05 1.1846736e-05 0.15177388 0.006014998 0.18146136 0.0029285378 2.8306304e-06 1.6114542e-05 0.45788577 0.002428282 0.0006860653 0.0033855962 0.04066954 0.0048758904 0.124621645 0.004681786 4.21288e-06 0.12182717 0.11292978 2.5155366e-06 4.6306154e-06 0.00055397913 2.3700058e-07 0.0032573466 0.0004697383 0.03786338 0.017574202 0.00017645753 0.0007028678 0.021580968 0.014192243 4.8149384e-05 0.0042637493 0.0010324337 0.015198555 0.009924247 1.0598371e-07 0.0009278528 0.00031042355 0.0013028788 1.3065163e-06 2.5356483e-06 3.417332e-07 1.8643434e-05 0.0035643124 0.01182326 0.00072668015 0.006962166 0.002912495 0.0121603105 0.0019801047 0.00012462898 0.00049220683 0.00029769275 1.8549738e-07 0.0024537062 6.0878425e-05 3.456164e-07 1.4736213e-06 0.0013711187 0.0015233642 0.0039428854 1.0312406e-06 1.0527871e-06 0.00016171388 6.236121e-06 0.00055528217 9.442335e-07 8.348454e-05
0.78028893 0.14075829 0.084627725 0.4645525 0.0042613246 0.008380182 0.4400551 0.07157353 0.7120628 0.0141245155 0.36140832 0.015703307 0.64418256 0.053874794 0.07604026 0.19908561 0.00077604485 0.5219799 3.7502304e-19 0.8874637 0.008317033 0.49656498 0.6041427 0.6959446 0.004414475 0.0071499837 0.0036935944 0.0082603255 0.0013553656 5.5434724e-05 0.0047349543 0.73406225 3.133505e-05 2.2788972e-05 0.79668444 0.13044606 0.85903525 0.0038881074 1.2367861e-05 5.0050876e-05 0.1837704 0.0033947637 0.011704409 0.096488476 0.41753137 0.0017468806 0.22880317 0.059514113 2.369285e-05 0.037921138 0.012093107 1.7046184e-06 6.086992e-06 0.0006134128 1.0031882e-06 0.0029424934 0.0004446922 0.11334334 0.00069032965 0.0004732471 0.00013007973 0.0011505362 0.0013217508 0.00021271243 0.0026612005 0.008271191 0.006325642 0.0023737678 7.092312e-07 0.01434035 0.0012410005 0.00036470214 3.9240877e-06 1.7392917e-06 1.9070701e-07 6.789466e-05 0.005455325 9.3165974e-05 0.0001462463 7.7367426e-05 0.00036678885 0.00046248874 0.004346555 0.004426507 0.002354828 8.057033e-05 3.2793972e-07 5.587073e-05 0.00043583557 1.4268286e-06 4.8693987e-06 6.440563e-05 6.8905065e-05 0.0009376962 9.429157e-06 1.3169055e-06 2.7528442e-05 7.3702854e-06 1.4732748e-05 1.3953562e-06 3.1275054e-06
0.31313387 0.018457908 0.0130834505 0.27279177 0.0013613525 0.001056098 0.025512438 0.008554284 0.11120362 0.006461736 0.39424613 0.012376847 0.6519493 0.031634297 0.07013047 0.27833733 0.00011916838 0.68589604 0.8874637 2.0303088e-21 0.0013313885 0.030630352 0.87704957 0.8866236 0.0018808786 0.0036191808 0.001164872 0.0048792795 0.0006099259 3.3033495e-05 0.0011161631 0.6081584 1.4520837e-05 1.2644095e-05 0.35983917 0.009616474 0.33809727 0.0016510058 3.42838e-06 3.056801e-05 0.15408683 0.0012855121 0.0018199995 0.009928667 0.045181673 0.00035652335 0.1203359 0.006107163 1.4140026e-05 0.031310663 0.011930323 2.7105305e-06 7.965865e-06 0.00032920958 2.545129e-07 0.0020101133 0.00022695896 0.028000945 0.0005230147 0.00016794236 1.9599493e-05 0.0027617612 0.0027356162 3.8516424e-05 0.0015077726 0.0017769318 0.0050804284 0.0023030802 1.3874839e-07 0.0029408257 0.0002573065 0.00093851524 5.538151e-07 2.7226943e-06 3.3425917e-07 3.2083855e-05 0.0008269156 0.0017407356 0.00013724426 0.0008997665 0.00071670604 0.0011426485 0.0020552692 0.0011754495 0.00020433858 1.0488052e-05 2.5586604e-07 0.001175981 3.807176e-05 1.5159483e-06 7.2274923e-07 0.00055061036 0.0005858112 0.0005652934 1.0964096e-06 2.2727593e-07 0.00033603032 1.0721268e-05 0.00011445848 2.921221e-07 8.413442e-05
0.60236037 0.088751405 0.4139536 0.007612682 0.24491902 0.5790816 0.06233262 0.90165174 0.013112423 0.1080757 0.00023182918 0.0037079535 0.0004617052 0.001033308 0.0006181525 1.9343e-05 0.8039266 0.00016646786 0.008317033 0.0013313885 2.280115e-16 0.1113945 6.852505e-05 0.00017496698 0.3058099 0.012708452 0.00052155973 0.0010015828 0.0003959203 0.33285287 0.9581421 5.75337e-05 0.16149661 0.11514643 0.049360275 0.039866973 0.00039052442 0.011761272 0.13321395 0.22303726 1.8281407e-05 0.003476001 0.120168746 0.040263638 0.0006137262 6.215711e-05 1.4548144e-05 0.00019122215 0.4561247 8.805535e-06 2.4406692e-05 0.05880564 0.076176114 0.23511657 0.07726049 0.008031078 0.082032 1.8058709e-05 7.781974e-06 0.14492986 8.584755e-06 8.257063e-07 1.9231563e-06 0.10686661 0.012614191 2.3137496e-05 1.1626947e-06 7.2918516e-07 0.05300584 0.00038196647 0.015832456 6.495349e-07 0.05513349 0.020426685 0.005752215 0.013482855 0.001592763 5.476984e-06 9.0193356e-07 5.651947e-06 4.1017373e-07 5.416821e-06 0.00538092 0.00034531773 0.000117290074 5.3373087e-06 0.0032455786 1.2717531e-06 0.075659305 0.008403059 0.016692108 5.8252255e-07 1.1117803e-06 9.410314e-05 0.0014170333 0.02175764 2.0479565e-06 0.0055437866 2.1048563e-06 0.016368676 1.0626898e-06
0.38389486 0.31320646 0.4207659 0.14692965 0.057518326 0.12799379 0.70844597 0.33282527 0.54074293 0.076635964 0.0135775525 0.019042213 0.022977768 0.014033943 0.013010319 0.004439653 0.09694837 0.013940077 0.49656498 0.030630352 0.1113945 6.746409e-18 0.009088177 0.010945433 0.063846916 0.014273731 0.0025848928 0.005414609 0.0009612371 0.017794952 0.24881476 0.008521203 0.011117904 0.004430646 0.67093885 0.9523838 0.059220046 0.0065601678 0.0032702293 0.008282005 0.0026294428 0.0052265893 0.2751335 0.5143883 0.08057863 0.00071777863 0.0012879614 0.041243903 0.005449992 0.0012727445 0.0003917703 0.00052391074 0.0015506664 0.018312372 0.0001635047 0.0061556348 0.006261839 0.001764647 2.8978442e-05 0.011370096 4.7224217e-05 2.6307132e-05 2.6881644e-05 0.0059284857 0.0060258326 0.01138703 0.00034539693 5.0975483e-05 0.0004168455 0.035256844 0.030709876 4.2482407e-05 0.0017109239 0.0011521629 2.7197892e-05 0.00896687 0.007262212 1.0712428e-05 1.7941786e-05 7.649805e-06 3.6612398e-06 1.614058e-05 0.11532839 0.018858923 0.0041101817 1.362693e-05 9.156785e-05 3.0395122e-06 0.006621877 0.00012755282 0.00060201547 3.3697602e-06 3.4554935e-06 0.0006418262 0.00013578315 0.00012958706 4.9998466e-06 0.00025842938 7.891883e-06 0.00012096561 3.1627783e-06
0.2637313 0.005443523 0.0028994489 0.08236005 0.00017423916 0.00018574603 0.0054543577 0.0009566134 0.020978052 0.0035062933 0.3262464 0.0057151886 0.43463072 0.018675208 0.05949495 0.32584053 2.135848e-05 0.8807135 0.6041427 0.87704957 6.852505e-05 0.009088177 3.5116067e-21 0.9257816 0.0017915661 0.002027053 0.0012456777 0.0060554347 0.0004552486 7.1748086e-06 0.00014772205 0.74524546 1.008933e-05 1.0207111e-05 0.11425143 0.003442347 0.2710949 0.0019769338 1.6360465e-06 8.174914e-06 0.43587932 0.0015025991 0.00021594088 0.0017523218 0.034190994 0.0012215008 0.15747769 0.003882077 1.544271e-06 0.10511088 0.065863416 1.1300165e-06 4.9659975e-06 0.0004765996 8.2115754e-08 0.0029254898 0.0003073916 0.029577496 0.0060704653 0.00021114609 0.0001420602 0.017062888 0.01415221 5.024504e-05 0.0023252426 0.0006792377 0.017210487 0.010756043 9.4380795e-08 0.0008596423 7.0017864e-05 0.0014807595 6.5658185e-07 3.1667003e-07 9.583857e-08 5.2751275e-06 0.0017782327 0.010020788 0.00039108418 0.0033704855 0.003062827 0.0057081426 0.00038810182 6.25507e-05 0.0001509697 0.00012917693 2.97013e-08 0.0035245784 3.2350825e-05 1.9719445e-07 2.9423109e-07 0.0013897367 0.0014315118 0.0011023629 2.959579e-07 2.738923e-07 0.00026755492 3.0747162e-06 0.00037860256 1.765852e-07 0.00011841151
0.31567276 0.009108168 0.0063208207 0.071172364 0.0003947675 0.00031019657 0.008087063 0.0015221525 0.021504182 0.0025649688 0.2453232 0.0037416567 0.39898604 0.025889542 0.051558804 0.22206178 1.6747044e-05 0.6612203 0.6959446 0.8866236 0.00017496698 0.010945433 0.9257816 5.9885255e-21 0.0015088484 0.0015055977 0.0014405245 0.003217887 0.0006173825 8.3393625e-06 0.000248091 0.8239627 6.532956e-06 1.1028627e-05 0.22270317 0.004867716 0.4007193 0.0017993416 3.2924254e-06 1.1630036e-05 0.44056916 0.0016106208 0.00033967211 0.0027472202 0.06702447 0.0006656793 0.29113856 0.0077909636 5.2629416e-06 0.14112866 0.064111575 2.3244995e-06 9.932039e-06 0.0005436519 1.9794719e-07 0.003312557 0.00037536278 0.06318242 0.0035550653 0.00015188355 5.8876838e-05 0.018920755 0.021283915 4.6274567e-05 0.0023970045 0.0010652626 0.033453774 0.019666333 9.6872526e-08 0.0009970499 4.1670934e-05 0.006795079 7.14898e-07 7.173088e-07 1.10378544e-07 6.209155e-06 0.0012990488 0.0121658435 0.00019120684 0.003201778 0.0044700527 0.005493895 0.0003277779 7.932763e-05 0.0012302878 2.966426e-05 6.638088e-08 0.0060963985 3.4079138e-05 5.12815e-07 9.3064295e-07 0.002367958 0.0019822274 0.0010106708 4.633273e-07 3.5052176e-07 0.00086744357 2.9531946e-06 0.0006134441 4.370326e-07 0.00027074464
0.9748217 0.38012847 0.2226255 0.15205872 0.66107863 0.25225592 0.077310316 0.30080462 0.032632913 0.8540777 0.009603456 0.0902636 0.00565982 0.022026688 0.0076551414 0.004923799 0.27392873 0.0023392707 0.004414475 0.0018808786 0.3058099 0.063846916 0.0017915661 0.0015088484 1.5953296e-20 0.46722716 0.008139922 0.0029723786 0.012345548 0.08212015 0.022041002 0.0001770772 0.08994244 0.107708886 0.0020690248 0.0038280229 0.00016056868 0.2432052 0.009296394 0.26616904 0.00030965186 0.014013133 0.0030509897 0.0010885873 0.00039846328 0.0013487902 1.7134482e-05 0.0003344376 0.0058805915 6.6868444e-05 0.00048069624 0.0025014428 0.012804517 0.75420856 0.0029042074 0.10704378 0.8070497 4.928917e-06 8.41467e-05 0.21243109 0.00055822986 2.1494838e-05 5.997184e-06 0.06462832 0.48928332 4.5832472e-05 3.3141177e-06 2.584787e-06 0.0029014281 0.0005580688 0.0006964765 4.7573158e-06 0.008054586 0.00027259605 0.0002968703 0.0006658025 0.00958448 2.3372422e-05 0.0007883575 2.31717e-05 5.900069e-06 4.0304472e-05 0.00070666894 8.651307e-05 1.3996431e-05 0.0012377243 8.878504e-05 6.944275e-06 0.024680609 0.00012154808 0.00039858322 1.8726856e-06 5.4946568e-06 0.0013377223 2.4758814e-05 0.00021074938 2.3602529e-07 0.00013482134 2.8525865e-06 0.00034821618 2.979164e-07
0.67028606 0.18409242 0.0667019 0.39677465 0.042340614 0.021021511 0.036533903 0.035375286 0.018109914 0.81764287 0.014502271 0.847509 0.013904023 0.22152776 0.08544974 0.015620254 0.007305885 0.004338625 0.0071499837 0.0036191808 0.012708452 0.014273731 0.002027053 0.0015055977 0.46722716 6.5764664e-18 0.09198911 0.032966264 0.13216007 0.0013657948 0.0005438637 0.0006133722 0.0021689904 0.0033928882 0.0009932081 0.00038975553 0.00016594383 0.92557895 0.00022415635 0.0064148908 0.000889091 0.33800897 0.00021395594 0.0004542451 0.00011574531 0.011252633 8.036677e-06 2.1041791e-05 4.4133612e-05 0.00012997298 0.0011905354 0.00013993861 0.0011598698 0.061429374 8.631466e-06 0.48034626 0.12920585 1.794763e-06 0.0012241439 0.021616222 0.0036621147 9.486956e-06 2.1251778e-06 0.008856057 0.42304865 1.1540862e-05 2.0100144e-06 1.4172853e-06 3.240424e-05 0.00029177257 0.00042353765 9.546105e-07 0.00021091587 3.0743453e-05 1.1454361e-05 0.0005946912 0.0072682505 1.0082001e-05 0.0010958264 1.0234804e-05 2.6166847e-06 3.835942e-05 0.00033236895 4.8772647e-05 2.3426035e-06 0.0010027206 2.4997887e-06 1.6743148e-05 0.0022606615 1.3789242e-05 5.063043e-05 1.7308217e-06 2.5194138e-06 0.0038715936 6.8189894e-07 4.704399e-06 3.7751494e-07 7.974329e-05 1.9709041e-06 4.250431e-06 2.3967948e-07
0.50336784 0.005934547 0.0017196231 0.014972787 0.00031186955 0.00030369277 0.0007681526 0.00020842045 0.0010475412 0.030893577 0.0056534978 0.3734762 0.0013736748 0.26181647 0.38325948 0.021183996 1.115515e-05 0.004019303 0.0036935944 0.001164872 0.00052155973 0.0025848928 0.0012456777 0.0014405245 0.008139922 0.09198911 2.021687e-18 0.9478267 0.91394955 1.2124412e-05 0.00018116638 0.0019926329 2.1784099e-05 5.1686562e-05 0.0016542879 0.001046193 0.00066842267 0.09928374 4.381623e-07 0.00012269583 0.006913298 0.61921024 0.0029645283 0.0056379344 0.00028456908 0.2521247 0.00014587885 0.0001469536 3.8682347e-06 0.00052886625 0.016683552 3.158349e-07 1.1313763e-06 0.00362409 3.9920074e-08 0.09978015 0.0077751684 7.835324e-06 0.038353425 0.00038177488 0.05674029 8.16782e-05 1.6413327e-05 4.3700424e-05 0.046257798 0.00010611293 1.3707036e-05 5.439231e-06 3.4867005e-09 0.002410564 0.0069272267 7.1434297e-06 6.305804e-08 7.932116e-06 5.470994e-07 0.005269815 0.33202398 0.00020597324 0.010475827 0.00016963283 3.3251633e-06 0.0005200895 0.019214327 0.0014120608 1.5834477e-05 0.010560348 4.3892305e-07 1.5900789e-05 1.1462408e-06 1.1689883e-05 9.3669016e-08 4.706306e-06 1.459986e-05 0.02501751 2.979374e-07 9.906047e-09 8.781006e-06 0.00056101516 1.106433e-05 8.672122e-09 3.4003933e-06
0.24903424 0.006635972 0.0019053789 0.018747842 0.00026038248 0.00014481637 0.0028291221 0.00011961927 0.0027016806 0.009659661 0.016258132 0.17263933 0.005657812 0.40573052 0.5881318 0.076787435 6.3704497e-06 0.015322106 0.0082603255 0.0048792795 0.0010015828 0.005414609 0.0060554347 0.003217887 0.0029723786 0.032966264 0.9478267 7.786748e-19 0.85736287 3.9537713e-06 0.00015967293 0.006358948 3.9956603e-06 5.8011683e-06 0.005229284 0.0020254864 0.0019507692 0.033126693 3.595508e-07 1.9967807e-05 0.026199903 0.4900783 0.0038920878 0.005728325 0.00042159262 0.78683615 0.00039185534 0.00016571846 4.3364503e-06 0.0018546856 0.08382983 7.280481e-08 1.462136e-07 0.0014715042 1.4288806e-08 0.05131363 0.0015028034 3.1521387e-05 0.13524857 9.485169e-05 0.26944986 0.00019467948 2.2827779e-05 6.3673883e-06 0.019557875 6.119508e-05 2.0573812e-05 7.443287e-06 4.9362686e-10 0.0013554704 0.00597201 8.812365e-06 3.5573284e-09 4.1992033e-07 4.3734378e-08 0.0036559016 0.35502592 0.00037711966 0.038468942 0.0003409645 4.197548e-06 0.003453771 0.021848455 0.0010196974 8.225712e-05 0.026053136 3.579614e-08 1.1267457e-05 1.2609306e-07 3.0658823e-06 3.0621038e-08 2.1971157e-06 4.9482364e-06 0.11152731 2.6574199e-08 8.835843e-10 3.994944e-06 0.00092635956 1.2045408e-05 6.134411e-10 4.6372625e-06
0.8817144 0.004608678 0.0022634338 0.010541671 0.0002974257 0.00028679523 0.0007652669 0.00021009978 0.0007696536 0.039049584 0.0021522888 0.5120983 0.0007534558 0.18620984 0.21861994 0.006937752 5.7020266e-06 0.001124685 0.0013553656 0.0006099259 0.0003959203 0.0009612371 0.0004552486 0.0006173825 0.012345548 0.13216007 0.91394955 0.85736287 2.5109015e-17 7.269768e-06 8.300749e-05 0.00042496162 3.11146e-05 2.99444e-05 0.0008137563 0.00041841433 7.659665e-05 0.1706196 3.6151232e-07 0.00015618547 0.0019578123 0.90793383 0.0007904994 0.0032409686 0.00019871049 0.17310865 1.3891364e-05 6.108412e-05 1.0607923e-06 0.00020663923 0.0026828602 6.123782e-07 3.5011674e-06 0.006415402 2.4332333e-08 0.24603687 0.011518125 1.916625e-06 0.013887789 0.0010591841 0.02346219 3.9738534e-05 3.891728e-06 0.00010402092 0.0878696 7.104565e-05 2.6001921e-06 2.378616e-06 3.2393505e-08 0.0011902375 0.0057096616 1.4940676e-06 1.2810487e-07 1.0985457e-06 1.1218563e-07 0.008381297 0.49929515 1.6674534e-05 0.012912342 1.5640391e-05 3.333994e-06 7.590147e-05 0.011848071 0.00079813023 6.711556e-07 0.01444136 2.2690926e-07 2.5151887e-06 1.9871711e-06 9.79331e-07 1.8612717e-07 8.992213e-07 1.7249437e-06 0.004890187 2.9831014e-07 1.4788456e-08 9.13196e-08 0.00031531233 7.6391063e-07 1.165787e-08 1.7411148e-07
0.7681323 0.0077127973 0.01890869 0.00012165976 0.09469981 0.13601783 0.0029423558 0.19090134 0.00025000153 0.0058932826 6.4330575e-06 3.993049e-05 1.0889178e-05 3.5432302e-05 4.2433917e-06 1.0091818e-06 0.739013 1.510144e-05 5.5434724e-05 3.3033495e-05 0.33285287 0.017794952 7.1748086e-06 8.3393625e-06 0.08212015 0.0013657948 1.2124412e-05 3.9537713e-06 7.269768e-06 5.8394716e-16 0.096915096 1.8548113e-05 0.8940686 0.5466865 0.0032254388 0.004550624 1.1404395e-05 0.0013931111 0.7554264 0.4451583 2.6906418e-05 0.0006714104 0.013002164 0.0020107566 9.234007e-05 1.871865e-05 2.8844786e-06 7.056494e-05 0.46124655 1.910755e-05 9.138424e-06 0.2716061 0.3505493 0.23453692 0.31533825 0.0025059101 0.101494275 5.561221e-05 1.5047249e-06 0.17666717 9.515765e-07 4.151776e-06 3.0724095e-06 0.3120772 0.009076311 5.7450467e-05 2.9506045e-06 2.2440765e-06 0.14851923 0.00021107604 0.0015480688 6.6344173e-06 0.14807065 0.013336524 0.03160701 0.0040057045 0.00010358812 2.4786398e-06 7.278949e-07 2.4844378e-06 2.4523338e-06 4.0301957e-06 0.00040717726 6.164553e-05 0.00023058034 2.643509e-07 0.0034051249 1.1690186e-05 0.12747674 0.003947982 0.008226749 9.4811077e-07 1.7143461e-06 7.2587186e-06 0.0012889218 0.005569669 1.0979246e-06 0.0014083247 5.454146e-07 0.0052077197 6.6121424e-07
0.24101636 0.02647368 0.1285383 0.0021564309 0.029064655 0.08516223 0.036986835 0.47158742 0.007879227 0.009051305 0.00016649913 0.0006880162 0.00045397851 0.0004410391 0.00050785125 9.277192e-06 0.3548978 0.00029637327 0.0047349543 0.0011161631 0.9581421 0.24881476 0.00014772205 0.000248091 0.022041002 0.0005438637 0.00018116638 0.00015967293 8.300749e-05 0.096915096 7.513577e-16 0.0002502458 0.043736067 0.019588433 0.07372162 0.17963684 0.0010068535 0.00032441365 0.048216708 0.024883265 1.7169077e-05 0.00045518868 0.858698 0.2431835 0.0012375667 4.445376e-05 1.9885674e-05 0.00059127156 0.7108377 2.7214002e-05 2.9556444e-05 0.02016311 0.013770543 0.012999232 0.05820673 0.0008458701 0.0038487583 0.00049090903 3.8336434e-06 0.012920532 5.991799e-06 3.2484058e-06 5.2343403e-06 0.011207225 0.0008578933 6.0381117e-05 8.9763835e-06 2.0686043e-06 0.011738766 0.009955586 0.21961333 7.83365e-06 0.01606219 0.22095184 0.030661428 0.36713606 7.806239e-05 4.08139e-06 2.1662056e-07 1.3383767e-05 2.249502e-06 9.293645e-06 0.14933158 0.0056850207 0.00030748046 6.9653424e-07 0.075901285 8.604016e-06 0.019401638 0.10449214 0.014865331 2.7160372e-06 4.776737e-06 0.00019544031 0.012705671 0.0076189325 9.094337e-06 0.10641999 9.150128e-06 0.008084237 7.3695114e-06
