5.254044e-27 0.8788385 0.9408867 0.6204519 0.8891776 0.8141153 0.82080805 0.91960484 0.8827314 0.94754195 0.9190081 0.97374517 0.895856 0.94721735 0.87992984 0.83073574 0.9242848 0.9405448 0.94055617 0.6918314 0.62196684 0.9704699 0.9335169 0.9824423 0.958635 0.6234449 0.9878499 0.5270514 0.93748754 0.87178737 0.21678367 0.95140004 0.83418274 0.9766037 0.8655412 0.3181505 0.34089243 0.9796725 0.53436524 0.8118452 0.38707015 0.27455434 0.988418 0.29259 0.53128797 0.22748971 0.78013736 0.030910982 0.7770569 0.04117402 0.6450454 0.005633315 0.6469899 0.21956533 0.040556043 0.13513151 0.047688983 0.17636773 0.02091431 0.99626744 0.9894929 0.55508375 0.847768 0.9954779 0.0013524528 0.0007329819 0.0002650038 0.9979143 0.48319134 0.93033403 0.005050998 0.042542078 0.9644999 0.0003003694 0.000490869 0.98342115 0.25274494 0.11613531 0.9548245 1.6553515e-05 0.08118957 0.5863532 0.004362286 0.9998934 0.0021033979 0.00015511642 0.010439555 0.00023888072 0.052524414 0.0006034433 2.4410244e-06 0.9881811 0.9688475 8.168551e-05 0.120053194 0.5844695 0.9769843 0.99673975 0.011257093 2.9062161e-05 0.107336104
0.8788385 3.4994716e-17 0.92640436 0.9112659 0.80325437 0.43741167 0.69315886 0.36511248 0.33135575 0.5864599 0.59892696 0.18203028 0.25640166 0.21460198 0.047713492 0.14311099 0.015568553 0.0168785 0.02802962 0.11290184 0.19906808 0.05574722 0.0035161348 0.022941912 0.007620058 0.1362172 0.0020239032 0.10997538 0.010405427 0.030828588 0.048252843 0.0024791588 0.00013411883 1.647425e-05 0.018840116 0.10231653 0.060535926 0.006037444 1.2997241e-05 0.0025061946 0.00060699496 0.028214293 0.01452374 0.044960186 2.047108e-05 0.00011446483 1.2272122e-06 0.013023596 0.0003294932 0.0012194337 0.00023742783 0.0012563323 3.052315e-05 0.011463957 0.004598039 0.0041375956 0.0061605154 0.0037892945 0.0001088554 0.0064771944 0.00010785131 2.1635115e-05 5.3431297e-08 0.0029520697 0.00033209837 0.00014917273 0.00011228193 0.0021011424 2.5211782e-06 0.0025019592 0.00018708219 6.502443e-06 0.00214566 0.00021853445 8.261901e-05 0.006353083 5.445326e-07 7.375007e-05 0.0025009979 7.2727606e-05 8.479632e-05 2.8927457e-06 0.00022394184 0.002070046 3.387177e-05 2.9348343e-05 1.4691792e-05 3.6616254e-07 1.2767775e-07 6.34779e-05 8.594384e-07 0.0010719392 1.5423895e-05 3.6386314e-06 1.9565242e-07 1.1660766e-07 8.4428115e-07 1.10658375e-05 9.925216e-07 9.709534e-06 1.6949487e-08
0.9408867 0.92640436 1.5515769e-19 0.6022821 0.6268716 0.31341022 0.3435253 0.0851655 0.2960451 0.8654183 0.8582011 0.20566256 0.10400474 0.06469354 0.0034297048 0.34563252 0.0022901264 0.013614636 0.023757903 0.29606432 0.4746105 0.03204339 0.0011197246 0.020402353 0.011109488 0.18316871 0.0021729406 0.32402146 0.007996399 0.034347165 0.22745182 0.00057983916 5.6130655e-05 1.413179e-05 0.027393578 0.25904265 0.24662513 0.0035039734 5.117995e-06 0.0003525114 0.0001243298 0.039018556 0.013772055 0.07593101 5.8491714e-06 1.1987697e-05 6.005624e-07 0.05263117 0.00011050436 0.0023191865 1.4411888e-05 0.0049479613 9.4992726e-07 0.04923434 0.018804317 0.006103181 0.021946851 0.015231087 3.9697907e-06 0.004687332 8.120922e-05 6.208924e-06 3.846734e-09 0.0015681301 0.0020098288 0.0018734171 0.0009055367 0.0031960104 3.4617617e-07 0.00075058197 0.0009531289 1.3643638e-07 0.0007154918 0.0008605954 0.000818145 0.001662038 9.374391e-08 4.0665855e-05 0.0009234646 0.00028235884 0.0001084547 2.2845104e-06 0.00061863166 0.0013004346 0.00034342724 0.00043225012 2.2063849e-05 3.9127317e-06 3.9009013e-08 0.00012872732 1.2323768e-05 0.00080466317 2.1801268e-05 1.1843408e-06 2.4087333e-07 1.2536572e-07 3.006812e-06 2.9455203e-05 4.654269e-07 9.642486e-06 7.2448483e-09
0.6204519 0.9112659 0.6022821 4.9498493e-16 0.89686954 0.8866104 0.91055965 0.2274293 0.061247155 0.19682132 0.27123222 0.30652055 0.48959365 0.30049917 0.05616157 0.102017745 0.021170843 0.05326373 0.06983854 0.04816714 0.04763444 0.11403048 0.0050876434 0.033060826 0.03171357 0.030517638 0.009668919 0.020893795 0.014603002 0.0113347145 0.007887283 0.0018343669 0.0007138084 0.0001329072 0.028777404 0.014923918 0.008183819 0.005618585 0.00016800115 0.0015882315 0.0005707353 0.028133089 0.011836212 0.0140578 0.00024695016 7.736625e-05 5.686173e-05 0.0012023769 0.0013397209 0.00034648238 0.00029925688 0.00040908615 6.0474755e-05 0.003970984 0.00080418447 0.004017948 0.001016598 0.0018631553 0.0001708192 0.009818255 0.0010232936 0.00041002556 4.465157e-06 0.0039777705 0.00010684436 0.00011157879 3.9038514e-05 0.0026506546 2.6895823e-05 0.0018214572 3.3714754e-05 1.490495e-05 0.0015736452 0.00013393875 4.2050466e-05 0.008327788 6.078494e-06 0.00028300856 0.0018938661 0.00010201374 0.0005006962 5.0807215e-05 0.0016396533 0.0032172042 2.8959796e-05 4.917862e-05 0.00010376233 5.3279255e-08 4.426871e-07 0.0006136498 1.4949385e-06 0.0017396603 0.0001687586 2.4204082e-05 5.653136e-07 9.163585e-06 2.5030366e-05 0.00030323636 1.0007473e-05 8.8127046e-05 7.7475185e-08
0.8891776 0.80325437 0.6268716 0.89686954 6.455894e-16 0.881119 0.5952215 0.011889882 0.024020955 0.23122536 0.32818574 0.7491721 0.6197838 0.25166845 0.010140576 0.26274455 0.0036958123 0.45416343 0.27803645 0.12747823 0.06825471 0.16319478 0.0024316318 0.12087072 0.31171092 0.027576936 0.0641645 0.021568805 0.007154062 0.0017657378 0.008523804 0.00046839227 0.01370975 0.002545602 0.10102749 0.015542199 0.005247048 0.0061822236 0.001185453 0.00022795875 2.7094931e-05 0.07024868 0.008988222 0.07039867 0.0010494041 5.2700234e-06 0.00022119292 0.0025698121 0.004283284 0.000116738905 4.5583183e-05 0.00039070117 8.204777e-07 0.015598252 0.00036249007 0.006912721 0.0082834 0.007895798 3.7000813e-05 0.032466438 0.012734911 0.00065886736 3.6802958e-05 0.016153678 0.00017125293 0.00014008589 9.8961136e-05 0.014778471 6.878498e-05 0.0007810823 4.8611284e-05 2.6445039e-06 0.0020404665 0.0003156165 3.4857767e-05 0.0011839886 0.00010835307 0.00013752622 0.001556133 2.8384093e-05 0.00047637743 0.0002480548 0.005774514 0.003932823 0.00010471677 2.2598908e-05 0.0003393166 2.4372477e-07 2.4464834e-05 0.00046794754 4.9822944e-07 0.0014574465 0.00088127854 1.5232284e-05 3.0436848e-05 8.052472e-06 0.00030896897 0.0008676776 1.7197344e-05 8.266873e-05 1.6454004e-06
0.8141153 0.43741167 0.31341022 0.8866104 0.881119 1.0768205e-15 0.92088974 0.028351026 0.012492319 0.05100925 0.07031238 0.48230782 0.8825131 0.5072586 0.030425677 0.085288666 0.03436197 0.48706567 0.44635373 0.024687707 0.009504884 0.33397657 0.007892674 0.19164711 0.110180296 0.007615162 0.07960537 0.0032287703 0.03522385 0.001686533 0.0017455824 0.00083744334 0.0050948733 0.0028332667 0.046371523 0.005058333 0.00056711695 0.0055072615 0.0005303405 0.0012154775 6.8724985e-05 0.025208784 0.012175193 0.006823668 0.0006183058 5.9433337e-06 0.00021078375 4.4897926e-05 0.0021365194 5.187174e-05 9.3084e-05 4.6054047e-05 1.3630906e-05 0.0020995738 3.3287695e-05 0.0042495937 0.00065421994 0.00074094406 5.2360552e-05 0.037137605 0.008917617 0.00058462104 2.3637263e-05 0.014102454 1.1937875e-05 1.1487092e-05 1.1952194e-05 0.008750261 2.1131218e-05 0.0009620662 1.413652e-05 5.0916083e-06 0.0016698445 7.474511e-05 3.8407247e-06 0.0044174823 2.484465e-05 0.0001594088 0.0018359603 7.256324e-06 0.00033637852 0.0002061092 0.0014235111 0.0045680166 3.936254e-06 3.9617125e-06 0.0002171846 4.187322e-09 2.5973308e-05 0.00022890662 1.1106214e-07 0.0016567698 0.00060197414 3.5634523e-06 5.131467e-05 6.922798e-06 0.00060758716 0.00079525285 1.6130487e-05 2.4307761e-05 1.3318531e-06
0.82080805 0.69315886 0.3435253 0.91055965 0.5952215 0.92088974 5.985895e-15 0.59943235 0.07379434 0.07699644 0.054317076 0.12961774 0.8150603 0.86578226 0.5408284 0.047607847 0.28671864 0.014176754 0.10388403 0.007874135 0.008661424 0.44180235 0.10679035 0.08271255 0.0040404364 0.009927991 0.006786999 0.0027934364 0.1344406 0.012638019 0.0009815292 0.009752404 0.00021135462 7.171549e-05 0.0127254175 0.0023509483 0.00030533766 0.037071913 7.042282e-05 0.004907822 0.0023143557 0.005597099 0.034821656 0.0013885795 5.2424057e-05 0.00019125591 1.1281574e-05 8.674485e-06 0.00033580832 0.00016039498 0.00058746943 6.325512e-06 0.00028726357 0.00038128058 4.371118e-05 0.0013272094 4.7158104e-05 0.00019077098 0.00021087546 0.014404979 0.00030589636 0.0001484294 1.0668012e-06 0.004912629 6.379478e-06 1.0509379e-05 7.2731177e-06 0.0018102203 4.0274253e-06 0.008108323 2.9535284e-05 1.7357748e-05 0.0036754715 2.4762781e-05 8.806005e-06 0.02292195 3.170044e-06 0.00019046884 0.0041610994 4.471242e-06 9.100883e-05 1.3411262e-05 0.000249772 0.005444704 8.173593e-07 1.6402693e-06 3.3884335e-05 8.292931e-09 4.1129715e-07 6.120145e-05 1.4569885e-07 0.0026119067 6.0858114e-05 2.2311174e-06 5.0849144e-07 1.7300706e-06 1.3705963e-05 0.00016325414 2.5943884e-06 6.4983756e-06 4.926567e-08
0.91960484 0.36511248 0.0851655 0.2274293 0.011889882 0.028351026 0.59943235 5.7903545e-18 0.9727235 0.14523326 0.012046977 0.00028568855 0.023799043 0.21614154 0.8268002 0.0017136926 0.2574711 0.00024794176 0.0012024835 0.00032994917 0.0009532938 0.03642672 0.13938233 0.0024317226 3.184077e-05 0.04776882 8.372973e-05 0.0052794404 0.05267458 0.30118963 0.0015972806 0.5596 2.1334752e-06 3.4129874e-07 0.00043981898 0.0020333154 0.00011987474 0.07222212 1.0852706e-07 0.27861044 0.56802243 0.0011632051 0.049699 0.00026195537 1.0507253e-07 0.02284468 1.8191926e-07 1.0299182e-05 9.637195e-07 0.003866 0.013785425 3.9191644e-05 0.014745773 3.6763882e-05 0.00021093237 0.0002538789 1.2731504e-05 8.166822e-05 0.0013145414 0.008021448 3.7025957e-06 2.5996715e-06 2.2174784e-09 0.0009714495 5.4709235e-06 8.6428946e-07 1.2218509e-06 0.00029488606 8.1449066e-08 0.050288312 0.0002420906 0.00034528383 0.04413627 4.036402e-05 6.499312e-06 0.059014987 6.281121e-09 0.0009922055 0.017780768 1.1525695e-05 7.285471e-05 1.0579791e-05 0.0002769488 0.0033210423 2.948253e-06 1.3200515e-06 1.8512344e-05 2.850798e-09 9.397717e-08 0.0009020644 5.560831e-08 0.0064849234 8.9186915e-06 2.5235777e-05 1.3122979e-08 4.6812065e-08 4.070052e-06 0.00010706601 8.059306e-07 1.04085475e-05 3.5108785e-09
0.8827314 0.33135575 0.2960451 0.061247155 0.024020955 0.012492319 0.07379434 0.9727235 1.1159237e-18 0.7775637 0.13151501 0.000552715 0.007890451 0.02432852 0.094439864 0.010182883 0.019612929 0.0001645035 0.0007295382 0.009089291 0.025970165 0.0102387 0.011329166 0.0018782812 8.105493e-05 0.6720154 0.00010500388 0.08829033 0.010737897 0.8425379 0.018002806 0.115338534 4.8188367e-06 5.2902533e-07 0.00053443504 0.13629323 0.006635512 0.009813496 7.600316e-07 0.07888752 0.61725473 0.0021078256 0.02083562 0.0013586237 2.8039256e-07 0.10659403 8.50879e-08 0.002311389 3.6403844e-06 0.097059384 0.0078289425 0.00081575196 0.0051086936 0.00023998453 0.022839759 0.0007332381 0.00024111274 0.00017378909 0.0026057428 0.0027043484 8.395652e-06 9.267342e-06 3.9969352e-09 0.00051166234 0.00030688517 7.987802e-05 7.13915e-05 0.00046198422 1.0017312e-06 0.015048478 0.0121657625 0.0006188842 0.010794305 0.005144381 0.00059583224 0.015301465 1.6855358e-07 0.024707645 0.0052415663 0.00069265615 9.1101225e-05 6.004942e-07 0.0006467679 0.002994046 2.3778892e-05 6.141339e-05 2.967006e-05 9.496845e-07 1.3456705e-07 0.0021523698 7.033791e-07 0.0023783927 8.772427e-06 0.00024112331 1.1610897e-07 1.6405016e-07 2.0304044e-07 7.437001e-06 1.3541395e-06 6.891341e-05 7.045899e-08
0.94754195 0.5864599 0.8654183 0.19682132 0.23122536 0.05100925 0.07699644 0.14523326 0.7775637 2.2265283e-19 0.92734134 0.04272494 0.028543128 0.021002173 0.009336148 0.15488237 0.0021170767 0.0016124503 0.0036020258 0.121989354 0.5747362 0.00888271 0.0014180997 0.003042263 0.00038521655 0.72464055 0.0002196791 0.7103939 0.0021611836 0.12198037 0.3870199 0.0035033517 2.3225073e-06 1.4153213e-06 0.002154926 0.50150627 0.3115165 0.0018959956 1.0125491e-06 0.0026653353 0.000903777 0.01235156 0.005771778 0.026586384 1.8788949e-06 0.0007108045 5.5492716e-08 0.068044156 3.0668327e-06 0.011272133 0.0002588756 0.007077398 0.00014157817 0.012794731 0.03956978 0.0016644262 0.009588306 0.0037195787 0.00021577945 0.0016937016 1.0616545e-06 8.137337e-06 1.8722897e-09 0.00045741937 0.0017914526 0.0006757848 0.00052565616 0.00039325136 5.9417577e-08 0.0042032986 0.004307321 2.4324609e-06 0.003839106 0.0034485739 0.0020362067 0.005520773 7.860283e-08 0.0012651809 0.003630341 0.001016901 1.2919312e-05 4.3689462e-07 0.000147162 0.0011000928 0.00031342328 0.0007189765 5.0951303e-06 1.8297568e-06 3.2805747e-08 2.888893e-05 1.6216816e-05 0.002082349 6.678024e-07 2.2683084e-06 4.815535e-07 4.3658974e-07 1.0901985e-06 2.8768632e-06 1.14017304e-07 2.5581935e-06 4.35381e-09
0.9190081 0.59892696 0.8582011 0.27123222 0.32818574 0.07031238 0.054317076 0.012046977 0.13151501 0.92734134 1.2573833e-18 0.10679927 0.02261831 0.013067999 0.0022115032 0.45962098 0.00042301737 0.00993798 0.006376714 0.51326597 0.84951854 0.005503822 0.00020844888 0.00334962 0.016825296 0.24151796 0.0005971625 0.7390302 0.0014136622 0.021610945 0.693769 0.0005818419 0.0002440077 1.40300945e-05 0.011590172 0.5843258 0.6692217 0.0010686317 4.7278158e-05 0.00045291346 5.1961946e-05 0.024221033 0.0021769295 0.05258313 0.000108220775 6.697758e-05 6.529589e-07 0.22635327 0.00038055333 0.0016635302 2.1751672e-05 0.024955062 8.391417e-06 0.044587504 0.039267205 0.012241457 0.028269876 0.03990013 2.0645652e-05 0.0018028681 0.00017055095 1.9103942e-05 1.72917e-08 0.0009044565 0.0072891344 0.0036344544 0.002149213 0.00074807904 8.079854e-07 0.0009586851 0.0006471097 9.978421e-07 0.00041851026 0.0021285452 0.0030713025 0.0007493043 7.0066153e-07 0.00041474408 0.0007979837 0.0022692597 7.714948e-05 1.2253983e-06 0.0019209265 0.0004280658 0.0056515085 0.0012234886 6.763734e-06 4.540816e-05 1.9687202e-07 0.0001246002 0.00016022909 0.00071817945 7.3116253e-06 8.607546e-06 4.382808e-06 1.0140527e-06 2.3491784e-06 1.0686989e-05 1.5906196e-06 4.3319636e-05 9.90031e-08
0.97374517 0.18203028 0.20566256 0.30652055 0.7491721 0.48230782 0.12961774 0.00028568855 0.000552715 0.04272494 0.10679927 8.0373283e-19 0.26716664 0.053103484 0.001701874 0.7697024 0.002022131 0.8089083 0.27566868 0.32501957 0.08138693 0.057753734 0.0015349427 0.084543705 0.8667414 0.00054119685 0.10174778 0.01121696 0.01772102 0.00014724048 0.01604881 0.0010591316 0.20905101 0.024314227 0.82077974 0.0050759614 0.016559904 0.010152537 0.0834503 0.00075312814 1.0962909e-05 0.59679294 0.022056758 0.40193558 0.04895848 1.7441222e-06 0.0042010625 0.0073643737 0.19356322 2.8859547e-05 7.8152756e-05 0.00025572738 2.9797504e-06 0.1417492 9.732725e-05 0.33334628 0.034233477 0.18174812 1.1773054e-05 0.10067662 0.26254827 0.006227741 0.00032985696 0.10899263 0.00022487727 0.0003551034 3.665958e-05 0.110659026 0.00027184575 0.009867462 1.5578866e-05 4.3528226e-07 0.004570422 1.0148466e-05 6.5491186e-06 0.004250324 4.940878e-05 8.437419e-05 0.009402538 1.7688785e-06 0.014168969 0.0077838865 0.011613811 0.0076359576 0.000562703 1.36647e-06 0.0008655755 1.2985359e-07 2.7123966e-05 0.0011821929 6.850501e-08 0.002526887 0.019537058 2.5902045e-05 5.4422712e-06 3.2030148e-05 0.0074252128 0.00820808 2.6771275e-05 1.5427644e-05 4.2785268e-07
0.895856 0.25640166 0.10400474 0.48959365 0.6197838 0.8825131 0.8150603 0.023799043 0.007890451 0.028543128 0.02261831 0.26716664 7.0370597e-16 0.83012736 0.035812296 0.046238687 0.06677251 0.42140645 0.8561724 0.0078062583 0.0030834952 0.7621708 0.02841037 0.62608784 0.11608948 0.00090402964 0.25301394 0.00041474227 0.12538601 0.0010331696 0.0004851717 0.0028922383 0.008837421 0.009453225 0.035620026 0.0002716719 0.000100299796 0.042894922 0.00062139804 0.0015211061 0.00017166237 0.01831884 0.067937866 0.0026038203 0.00046295984 1.3730022e-05 0.00029038044 1.4551196e-05 0.0008920818 4.0340194e-05 0.00018237047 2.144682e-05 3.9325376e-05 0.0005347728 1.5540136e-05 0.0064465916 0.00016536939 0.0008971248 0.0002692525 0.13189785 0.014128584 0.00012891505 1.0672729e-05 0.08207138 1.5670836e-05 6.241535e-06 8.147324e-06 0.048783034 6.259015e-05 0.0074108476 4.183822e-05 5.4151762e-05 0.0073744906 9.639212e-06 3.1116513e-06 0.012088299 5.7055055e-05 9.357844e-05 0.0144938035 5.1832944e-06 0.0002329935 0.00026219458 0.00029637103 0.032506667 1.4485568e-05 7.967894e-06 0.000594223 3.580015e-07 7.578597e-05 4.0883268e-05 6.998089e-07 0.008570628 0.0020654376 2.4957249e-06 4.3277843e-05 1.596858e-05 0.0007399047 0.004307395 3.9572547e-05 4.965524e-06 2.506896e-06
0.94721735 0.21460198 0.06469354 0.30049917 0.25166845 0.5072586 0.86578226 0.21614154 0.02432852 0.021002173 0.013067999 0.053103484 0.83012736 9.563827e-15 0.6126211 0.011684869 0.5057374 0.028772704 0.19988413 0.001615059 0.0013439765 0.87865525 0.27007073 0.27831805 0.0045272303 0.0018283325 0.021556599 0.0003194898 0.58829486 0.009393476 0.00031567368 0.027123965 0.00029420207 0.00023079349 0.0062911604 0.00026546064 5.814675e-05 0.30877292 4.461094e-05 0.0076947357 0.004505984 0.0035036257 0.31075943 0.00043235067 5.8837435e-05 0.00023881624 1.4823171e-05 6.278484e-06 0.00027666448 0.00027596773 0.00078301405 7.286663e-06 0.0005759085 0.000508653 1.814395e-05 0.0012085106 0.00015392779 8.534622e-05 0.0005157192 0.08367473 0.00075516105 0.00014411358 3.1341042e-06 0.021964174 5.1769116e-06 1.9764889e-06 5.2330925e-06 0.005641764 6.7669466e-06 0.032650024 0.00020473122 5.985155e-05 0.016429411 2.2504964e-05 9.94436e-06 0.038311623 8.485363e-06 0.00035860637 0.023619935 1.7146756e-05 0.00023534796 4.4845976e-05 4.861786e-05 0.032800544 8.948093e-06 5.7419484e-06 5.63151e-05 1.4620412e-07 5.177149e-06 1.2448694e-05 5.945706e-07 0.014935173 0.0003937516 2.6856492e-06 2.9818855e-06 3.811761e-05 0.00010869596 0.001448746 2.2407117e-05 5.041296e-06 1.122582e-07
0.87992984 0.047713492 0.0034297048 0.05616157 0.010140576 0.030425677 0.5408284 0.8268002 0.094439864 0.009336148 0.0022115032 0.001701874 0.035812296 0.6126211 3.4429693e-18 0.0008345342 0.9468785 0.00045653796 0.005504121 4.6561378e-05 8.002051e-05 0.09699951 0.9428989 0.00836942 0.00026197536 0.0017148018 0.00024106837 3.4463363e-05 0.20759045 0.021655122 3.524978e-06 0.70148426 5.659304e-06 7.5303155e-06 0.0010357721 7.630111e-06 3.79302e-07 0.21794885 3.0169401e-06 0.24114434 0.26635465 0.00042285884 0.17271714 4.3880205e-05 3.408065e-06 0.008069321 6.362614e-07 1.7423375e-07 1.1802756e-05 0.00012758592 0.024245577 1.0346845e-06 0.010566038 5.112039e-06 7.3218894e-06 2.5773543e-05 9.5698454e-08 1.0339265e-05 0.0056167846 0.033520147 1.3412645e-05 1.9780588e-05 2.7451506e-08 0.005558891 3.9501415e-06 1.643918e-06 1.6198089e-06 0.00058422977 1.760013e-07 0.09269443 3.2310003e-05 0.0024349876 0.07368341 1.5071111e-05 1.2905743e-05 0.08767847 5.750991e-08 0.0005058598 0.043160304 1.636947e-06 6.223956e-05 9.709066e-07 0.00012686774 0.027001144 7.811009e-06 1.3554767e-06 4.373962e-05 2.5441476e-08 2.6649829e-08 0.00056168705 2.0969821e-08 0.028837569 8.358312e-06 4.691457e-05 1.1740113e-09 7.518984e-08 1.0009506e-07 1.701978e-05 7.454348e-06 1.4452533e-05 8.321799e-09
0.83073574 0.14311099 0.34563252 0.102017745 0.26274455 0.085288666 0.047607847 0.0017136926 0.010182883 0.15488237 0.45962098 0.7697024 0.046238687 0.011684869 0.0008345342 9.77004e-21 0.0005773457 0.08959284 0.027728712 0.97437894 0.59242165 0.0046204682 9.448947e-05 0.005559116 0.34597784 0.005550082 0.003108715 0.043553606 0.0005269521 0.0026803592 0.045815673 5.7943813e-05 0.011382215 0.0005035362 0.20645142 0.014158615 0.14772756 0.00090059626 0.0040206253 0.00015094753 1.3516648e-06 0.102472305 0.0008369615 0.2393568 0.003966624 3.3213666e-06 0.000118566546 0.044003043 0.005484242 0.00033551655 6.426702e-05 0.0016183592 3.1337333e-06 0.08579574 0.00046884004 0.03337251 0.07014123 0.07439002 2.339026e-05 0.0033836917 0.004412299 0.0022613064 5.9676768e-06 0.0017790317 0.0010376273 0.0012404793 0.0002797765 0.0021410955 1.3669186e-06 0.001977456 5.4237717e-05 1.7326374e-07 0.0021592707 7.8123914e-05 0.00014192262 0.0024027594 2.3976238e-06 0.00014652175 0.0015198214 6.2863895e-05 0.0030275641 0.00020500201 0.01705313 0.00040433332 0.0044998797 9.370078e-05 6.905163e-05 1.7250959e-05 7.69064e-07 0.0007370608 1.5566777e-05 0.00080121466 0.00022414565 8.489755e-05 8.183588e-06 3.4628963e-06 8.694067e-05 0.0003284967 1.2187849e-05 0.00042309277 9.884932e-08
0.9242848 0.015568553 0.0022901264 0.021170843 0.0036958123 0.03436197 0.28671864 0.2574711 0.019612929 0.0021170767 0.00042301737 0.002022131 0.06677251 0.5057374 0.9468785 0.0005773457 1.0088377e-18 0.0024793018 0.01607984 3.686858e-05 4.4611963e-05 0.25894022 0.9079286 0.038944766 0.0006867801 0.00058831775 0.00084433466 1.2361988e-05 0.4750751 0.011951927 2.37173e-06 0.13231932 3.8065224e-05 5.345255e-06 0.00059949374 3.2123064e-06 2.0842909e-07 0.4485876 2.5173724e-06 0.038545124 0.039921843 0.00055108813 0.34644908 3.560346e-05 1.5573123e-06 0.0013696427 1.942592e-06 3.4501403e-07 1.1788604e-05 0.00029218913 0.0024814284 2.5586849e-07 0.0017258555 3.5445937e-06 4.6323316e-07 3.580951e-05 3.5870553e-07 8.868514e-06 0.00065665424 0.07353704 0.00041179464 1.5206955e-05 3.7682987e-08 0.01356589 5.7325e-06 1.3377279e-06 3.8910744e-06 0.0020440328 1.2615795e-06 0.082381226 6.2160725e-05 0.00047588657 0.050026253 3.9527117e-06 1.8203615e-06 0.056531463 2.054888e-06 0.00027909054 0.047685143 1.1105722e-06 0.000119435856 1.67273e-05 0.00020843535 0.04517921 1.2687536e-06 6.273052e-07 4.1329317e-06 2.6500958e-08 4.329634e-07 0.00032668255 2.2226232e-07 0.017824946 0.00021706118 6.844142e-06 2.2680024e-07 1.2962333e-07 5.228558e-06 0.0003958263 4.4319825e-07 1.0714388e-05 3.4320422e-09
0.9405448 0.0168785 0.013614636 0.05326373 0.45416343 0.48706567 0.014176754 0.00024794176 0.0001645035 0.0016124503 0.00993798 0.8089083 0.42140645 0.028772704 0.00045653796 0.08959284 0.0024793018 1.7733117e-16 0.81984246 0.013070356 0.0025252379 0.07048794 0.0020878424 0.35376433 0.7868896 6.0451635e-05 0.90514934 4.409764e-05 0.012305295 5.392157e-05 0.00026444235 0.000334436 0.74134165 0.7321048 0.24881558 4.052196e-05 0.00017892363 0.0061219344 0.16137174 3.5145436e-05 7.1662266e-06 0.17050427 0.016636232 0.020774793 0.057889316 2.1022886e-06 0.1978446 3.2457163e-05 0.06421961 2.9879488e-06 4.1598352e-05 1.6198113e-05 2.0904351e-06 0.0031903707 7.100457e-06 0.05147658 0.00035545358 0.008915707 8.997322e-06 0.13344234 0.29903492 0.0099716205 0.010530092 0.16796799 4.1254327e-05 3.6204987e-05 3.0995394e-05 0.15960334 0.011702461 0.005240977 1.1118687e-05 1.9408608e-06 0.0028999937 6.6912235e-06 1.5120997e-05 0.0020700619 0.0031926031 2.6129057e-05 0.0077853524 1.794354e-06 0.0071830694 0.015032572 0.0007102929 0.021766653 8.902295e-05 9.396679e-06 0.0005956857 9.4266704e-07 0.00088743155 9.501629e-05 8.7546124e-07 0.0031128018 0.03092886 1.9114457e-05 0.000509183 0.00022618411 0.00897436 0.020609496 4.3670803e-05 7.538334e-06 3.087467e-05
0.94055617 0.02802962 0.023757903 0.06983854 0.27803645 0.44635373 0.10388403 0.0012024835 0.0007295382 0.0036020258 0.006376714 0.27566868 0.8561724 0.19988413 0.005504121 0.027728712 0.01607984 0.81984246 4.6030206e-18 0.0039761527 0.0013059055 0.50437933 0.006140124 0.9333282 0.18907127 3.3076245e-05 0.84083927 7.841375e-05 0.08099813 8.9493005e-05 5.849922e-05 0.0010037909 0.06920897 0.08371746 0.05519694 6.615007e-05 4.7424783e-05 0.027017592 0.00441601 0.00050701166 0.00012012204 0.01700591 0.08626666 0.002408077 0.0025178506 7.989968e-06 0.0049026343 6.973628e-06 0.004844812 7.482649e-07 6.307353e-05 2.907326e-06 3.4041375e-06 0.0004907218 4.279398e-06 0.0032518185 8.67257e-05 0.0010785254 1.5716589e-05 0.2986089 0.1898586 0.00041380967 0.00024633482 0.2646862 6.124789e-06 8.3683535e-06 4.899415e-06 0.21306361 0.0011400227 0.0118586905 2.1523596e-05 4.9211294e-06 0.0074430034 2.081634e-06 5.007859e-06 0.007585701 0.00050684734 4.6719665e-06 0.017470665 4.8002967e-06 0.0015821119 0.004033364 0.0001215787 0.07564146 0.00010144398 8.540699e-06 0.00020950435 9.296654e-07 9.880639e-05 3.783465e-05 4.2266646e-07 0.008881846 0.0114027215 8.102652e-06 3.201234e-05 6.2159384e-06 0.0056288363 0.013309105 3.3562566e-05 2.0084575e-05 1.1033313e-06
0.6918314 0.11290184 0.29606432 0.04816714 0.12747823 0.024687707 0.007874135 0.00032994917 0.009089291 0.121989354 0.51326597 0.32501957 0.0078062583 0.001615059 4.6561378e-05 0.97437894 3.686858e-05 0.013070356 0.0039761527 2.2342121e-18 0.92778236 0.0008822027 1.6008575e-05 0.001774269 0.044943895 0.017340947 0.00040088498 0.3980842 0.00010673752 0.0023236386 0.51734746 1.7222012e-05 0.0013420399 6.378867e-05 0.06923784 0.15576653 0.7262567 0.00013486994 0.0005321137 1.0974666e-05 1.5344273e-07 0.11097603 0.00022614464 0.43784446 0.0007795981 2.5532248e-07 1.9538653e-05 0.35270023 0.0023210985 7.695035e-05 0.000121266145 0.04622501 1.8964992e-06 0.49340427 0.0085333 0.0315338 0.5376778 0.10332021 4.22081e-06 0.0016478683 0.00076097896 0.0003371326 8.058296e-08 0.001207666 0.029584007 0.03448099 0.014315632 0.0016211111 9.853952e-07 0.0003178975 0.00020498618 7.627404e-08 3.954942e-05 0.00038579287 0.0024329773 6.190911e-05 1.9398262e-06 1.8299617e-05 0.00038768086 0.0005636333 0.00044722186 2.8277948e-06 0.014926864 0.0009274958 0.045763887 0.005221732 0.00032362537 0.0018735046 6.2114026e-07 0.0004430572 0.0004416747 0.0001871311 1.7780445e-05 4.0066443e-05 1.8639478e-06 1.0943121e-06 3.357502e-05 3.0921965e-05 1.1113319e-06 0.00016332732 3.514406e-07
0.62196684 0.19906808 0.4746105 0.04763444 0.06825471 0.009504884 0.008661424 0.0009532938 0.025970165 0.5747362 0.84951854 0.08138693 0.0030834952 0.0013439765 8.002051e-05 0.59242165 4.4611963e-05 0.0025252379 0.0013059055 0.92778236 2.8581896e-18 0.0006852541 4.427034e-06 0.00054603664 0.011970731 0.04558932 5.954309e-05 0.8474492 9.376077e-05 0.003110407 0.91039973 8.343209e-05 8.340369e-05 1.1946878e-06 0.0037023898 0.38385642 0.8351753 3.394268e-05 3.4635355e-05 7.444292e-05 3.363891e-06 0.0038086616 0.00013524502 0.016495712 1.7613867e-05 7.2083058e-06 1.0126727e-06 0.4306185 8.4318046e-05 0.00020703177 4.528346e-06 0.053956643 2.2763949e-07 0.050267104 0.01318753 0.0014039564 0.05127561 0.0077021057 5.3830495e-06 0.00087065296 9.027498e-06 1.6444255e-05 8.138427e-09 0.00037119846 0.01678499 0.009009051 0.00602427 0.00034804852 1.6845509e-07 0.00031547804 0.00027338645 2.3521275e-07 6.841443e-05 0.0013259741 0.004322233 0.00031035254 1.4674387e-07 0.00031747064 0.00043189674 0.00089624024 6.742556e-05 3.2557236e-07 0.0027409878 0.0008511095 0.003816382 0.005491996 3.2376395e-06 0.00046648984 3.447817e-08 0.00021909055 0.00034579067 0.00027680327 2.058181e-06 6.380056e-06 4.8246854e-08 1.1828859e-06 1.1698766e-06 5.933191e-06 3.2263168e-07 2.0481843e-05 9.808525e-09
0.9704699 0.05574722 0.03204339 0.11403048 0.16319478 0.33397657 0.44180235 0.03642672 0.0102387 0.00888271 0.005503822 0.057753734 0.7621708 0.87865525 0.09699951 0.0046204682 0.25894022 0.07048794 0.50437933 0.0008822027 0.0006852541 2.4586018e-16 0.22915335 0.8591466 0.025204312 0.00018608235 0.114480585 4.9830738e-05 0.83115345 0.00089434476 3.850467e-05 0.010928338 0.0032182767 0.00482554 0.0050632386 3.451273e-05 3.904449e-06 0.493134 0.00011931758 0.006356677 0.0023463408 0.0013705357 0.62088317 0.00016138249 0.00010631125 9.212079e-05 0.00021621017 5.214662e-07 0.00014155103 5.141499e-05 0.0006432043 1.2773079e-06 0.0007673187 6.911383e-05 1.0513162e-06 0.00031850778 2.1209149e-05 7.020717e-05 0.00047360992 0.48048106 0.013573921 4.0249353e-05 3.6013575e-06 0.15313084 1.8055217e-06 1.05496e-06 4.2750053e-06 0.054308593 3.7226233e-05 0.04828867 3.7462927e-05 9.6398704e-05 0.031812537 1.2420009e-05 5.8800274e-06 0.04505496 3.090195e-05 0.00011690447 0.052847125 1.2439213e-05 0.00015044051 0.0004619622 4.7221736e-05 0.11189284 1.6944601e-05 1.3858825e-05 6.296895e-05 1.6273472e-07 3.9399594e-05 1.0826851e-05 1.0353369e-06 0.029954476 0.0028761993 1.453923e-06 5.6659196e-06 9.98368e-06 0.0009621634 0.005084372 3.3266908e-05 2.739243e-06 4.2734297e-07
0.9335169 0.0035161348 0.0011197246 0.0050876434 0.0024316318 0.007892674 0.10679035 0.13938233 0.011329166 0.0014180997 0.00020844888 0.0015349427 0.02841037 0.27007073 0.9428989 9.448947e-05 0.9079286 0.0020878424 0.006140124 1.6008575e-05 4.427034e-06 0.22915335 2.2959291e-17 0.024807826 0.0011875938 0.00011024132 0.00079604733 2.27322e-06 0.60025823 0.0064109704 7.190978e-07 0.27922016 0.00014433834 2.2200527e-06 0.00020294804 1.9770135e-07 1.4364417e-08 0.84651726 5.1994143e-06 0.067891985 0.06354027 0.00010653118 0.49695095 3.0304468e-06 2.7791314e-06 0.0022354047 2.2489849e-06 4.66301e-08 3.924675e-06 4.1829284e-05 0.010194129 7.820534e-08 0.005944751 9.5326413e-07 1.0016673e-06 5.5142846e-06 1.9569123e-07 1.1322646e-06 0.0014991903 0.13097939 0.0002611975 2.0802974e-05 2.4152603e-08 0.007619059 5.9935023e-06 2.2351637e-06 3.3565045e-06 0.0017126821 5.5455102e-06 0.17736013 1.530277e-05 0.0015816126 0.14159283 2.4151454e-06 1.6754481e-06 0.23591611 8.6383425e-06 0.00013097213 0.07712693 1.0244378e-06 2.1239997e-05 2.5133317e-05 3.874728e-05 0.084001146 1.1859628e-06 1.940384e-07 1.0351158e-06 1.1415694e-08 8.6071884e-07 3.0445763e-05 6.62669e-08 0.04637403 0.00014164463 6.447458e-07 3.6975374e-07 3.0913887e-07 1.1756634e-06 0.00039927126 3.2933434e-07 1.1491677e-06 8.225052e-09
0.9824423 0.022941912 0.020402353 0.033060826 0.12087072 0.19164711 0.08271255 0.0024317226 0.0018782812 0.003042263 0.00334962 0.084543705 0.62608784 0.27831805 0.00836942 0.005559116 0.038944766 0.35376433 0.9333282 0.001774269 0.00054603664 0.8591466 0.024807826 8.985017e-19 0.1276795 2.4413352e-05 0.7473556 8.5417545e-05 0.26859137 7.211389e-05 3.2387714e-05 0.0015011734 0.023326175 0.049857177 0.020366684 1.1343382e-05 4.392608e-06 0.10484566 0.0019424728 0.00150302 0.00023781399 0.0033533776 0.2793142 0.0004695905 0.0011408101 1.0666532e-05 0.0025618863 6.2027425e-07 0.0007791491 1.4491168e-06 0.00013833467 5.709413e-07 2.6222018e-05 5.037305e-05 1.5768751e-06 0.00026286356 4.7011945e-05 6.690123e-05 5.453892e-05 0.6771828 0.16511789 0.00022481658 5.937507e-05 0.41051906 3.6545835e-06 3.123702e-06 3.6776978e-06 0.29105604 0.0019716364 0.020285454 2.5322854e-05 2.5349507e-05 0.016935345 2.8607267e-06 5.3602225e-06 0.021049455 0.0006329181 1.8632422e-06 0.034481764 7.5324488e-06 0.00011041504 0.0051490907 4.67048e-05 0.14529948 1.852393e-05 2.8136667e-06 0.00034554917 2.1647105e-07 0.00018891723 1.4337983e-05 2.855318e-07 0.018170793 0.012057149 1.0448533e-06 0.00010519059 3.4574978e-06 0.0054025752 0.018548477 1.1015981e-05 4.633642e-06 2.1660542e-06
0.958635 0.007620058 0.011109488 0.03171357 0.31171092 0.110180296 0.0040404364 3.184077e-05 8.105493e-05 0.00038521655 0.016825296 0.8667414 0.11608948 0.0045272303 0.00026197536 0.34597784 0.0006867801 0.7868896 0.18907127 0.044943895 0.011970731 0.025204312 0.0011875938 0.1276795 1.6426553e-17 6.243702e-06 0.19996312 0.0002516398 0.003725966 2.863657e-05 0.0031220834 0.00030744702 0.3807584 0.14392768 0.89690405 2.3318364e-05 0.0015507663 0.0024923785 0.5822819 0.0001297748 2.9538097e-07 0.5618129 0.010498691 0.3017573 0.48041195 1.0069868e-06 0.05947152 0.00010240676 0.6170966 9.1242946e-05 0.0001634626 1.4072359e-05 4.7132276e-06 0.057250623 4.101139e-05 0.39178002 0.016182443 0.18288064 1.6285363e-05 0.06487276 0.11801309 0.17152014 0.035493378 0.15345906 3.317481e-05 8.261356e-05 1.0562492e-05 0.29600024 0.0015171205 0.011678362 3.691611e-05 5.998314e-07 0.01593572 9.235006e-06 1.5578642e-05 0.004114145 0.00017657537 0.00022580587 0.01235589 4.1627854e-06 0.0767669 0.024598287 0.019485055 0.011751838 0.0005425896 1.2813231e-06 0.007063349 3.88521e-07 9.7235585e-05 0.0032800934 1.1368897e-07 0.0070722117 0.02823174 0.0003081994 7.028132e-05 0.0013099968 0.041136626 0.025554761 0.00017848803 4.264518e-05 1.2057959e-05
0.6234449 0.1362172 0.18316871 0.030517638 0.027576936 0.007615162 0.009927991 0.04776882 0.6720154 0.72464055 0.24151796 0.00054119685 0.00090402964 0.0018283325 0.0017148018 0.005550082 0.00058831775 6.0451635e-05 3.3076245e-05 0.017340947 0.04558932 0.00018608235 0.00011024132 2.4413352e-05 6.243702e-06 1.3536929e-17 7.8861467e-07 0.66674256 0.0001313534 0.9508293 0.15982781 0.0035606076 1.4003699e-06 4.1107775e-08 0.00017428285 0.9136963 0.06582568 7.915684e-05 2.0344342e-07 0.008681379 0.007944165 0.00056576595 0.00019674543 0.0003435686 5.0294297e-08 0.019119004 3.7369844e-08 0.03016726 6.773232e-07 0.42589352 0.0009037727 0.008767468 0.0007864625 0.00029945388 0.53455657 3.1784246e-05 0.00080672157 5.2507166e-05 0.00017938527 0.00040329315 5.642477e-07 4.2150637e-05 6.337052e-09 7.061072e-05 0.0010868699 0.00025425546 0.00017827503 0.0002413971 9.2273815e-08 0.0030145904 0.26450402 8.307879e-06 0.0028592926 0.07248927 0.0278582 0.002336927 2.8528774e-08 0.082637906 0.0035800308 0.0088490965 5.7321362e-05 3.1716056e-07 0.00073023536 0.0024926246 0.0003636068 0.0036798469 8.44228e-07 1.4560635e-05 2.0680194e-07 0.00050102547 6.8131594e-05 0.002861468 9.2303173e-07 3.1065308e-06 2.4323134e-07 1.5896163e-05 6.005821e-06 1.16433985e-05 3.457878e-07 7.0526153e-06 2.2598886e-07
0.9878499 0.0020239032 0.0021729406 0.009668919 0.0641645 0.07960537 0.006786999 8.372973e-05 0.00010500388 0.0002196791 0.0005971625 0.10174778 0.25301394 0.021556599 0.00024106837 0.003108715 0.00084433466 0.90514934 0.84083927 0.00040088498 5.954309e-05 0.114480585 0.00079604733 0.7473556 0.19996312 7.8861467e-07 4.3336804e-19 5.0624853e-06 0.02418103 3.2458756e-06 1.2644191e-05 0.00013473086 0.28423718 0.8125907 0.061902713 1.1677832e-06 9.651524e-07 0.0092132 0.025917428 8.293683e-05 3.2417287e-05 0.008422482 0.040395964 0.0009156749 0.012495881 1.7892821e-06 0.091263086 6.968552e-07 0.00911749 2.7441757e-07 9.2134105e-06 2.2792406e-07 7.374928e-07 0.00021985179 2.0224165e-06 0.0016603414 4.394793e-05 0.00042553528 1.9980476e-05 0.35670662 0.6699093 0.0026065283 0.0077936617 0.52595216 5.0072e-06 6.045772e-06 5.3223853e-06 0.6660956 0.0313955 0.0064158854 3.4919738e-06 2.398136e-06 0.0066096433 4.190125e-06 1.2600638e-05 0.004932162 0.018377108 1.2610502e-06 0.012289234 4.829837e-06 0.00021476099 0.06504285 0.00016538329 0.084515296 3.0827803e-05 8.343112e-07 0.0004614316 2.7755544e-07 0.0014556936 9.008083e-05 8.890099e-08 0.0057053342 0.07825645 8.097339e-06 0.0013535639 4.6073113e-05 0.034146354 0.07548007 4.0942028e-05 1.9671214e-05 3.611464e-05
0.5270514 0.10997538 0.32402146 0.020893795 0.021568805 0.0032287703 0.0027934364 0.0052794404 0.08829033 0.7103939 0.7390302 0.01121696 0.00041474227 0.0003194898 3.4463363e-05 0.043553606 1.2361988e-05 4.409764e-05 7.841375e-05 0.3980842 0.8474492 4.9830738e-05 2.27322e-06 8.5417545e-05 0.0002516398 0.66674256 5.0624853e-06 3.0113807e-21 3.4815046e-05 0.00988929 0.94089854 0.00010454722 2.213742e-06 2.6911832e-07 0.00050832686 0.8760903 0.75995076 1.09146085e-05 5.0349746e-07 1.3753245e-05 1.3166995e-06 0.0005477599 7.6592914e-05 0.0008485946 1.6049113e-07 3.637452e-06 1.07499446e-07 0.41345856 4.317064e-08 0.00088736805 1.4314565e-05 0.07212863 1.9961904e-07 0.0020241812 0.36610505 4.6053588e-06 0.0062691383 1.9911444e-05 2.8865009e-06 0.00022064724 9.311889e-07 9.735853e-07 1.2889768e-08 8.493553e-05 0.017873911 0.00484673 0.0028547705 0.0002871891 9.3342805e-08 0.00069811137 0.0013373975 3.9170583e-08 0.00020830023 0.01040832 0.036155116 0.00030015752 2.4469207e-08 9.078206e-05 0.00030694078 0.0034180267 3.1891156e-07 5.953545e-08 6.0921462e-05 0.00082179846 0.00054750236 0.015974125 1.698997e-07 5.0663657e-05 5.6190097e-09 1.4773172e-05 0.00016816416 0.00045741262 5.133816e-07 1.1127678e-06 6.6071246e-09 2.4535632e-07 9.0267275e-07 6.409075e-07 5.5578305e-08 1.6388083e-05 1.9321242e-09
0.93748754 0.010405427 0.007996399 0.014603002 0.007154062 0.03522385 0.1344406 0.05267458 0.010737897 0.0021611836 0.0014136622 0.01772102 0.12538601 0.58829486 0.20759045 0.0005269521 0.4750751 0.012305295 0.08099813 0.00010673752 9.376077e-05 0.83115345 0.60025823 0.26859137 0.003725966 0.0001313534 0.02418103 3.4815046e-05 5.1833202e-17 0.0016768519 1.5706473e-05 0.04417514 0.00066407066 0.00043660853 0.0011740793 7.869622e-06 1.5834077e-06 0.9274594 1.1392992e-05 0.012587626 0.008582959 0.0003193183 0.7268472 4.8751113e-05 9.513792e-06 0.00057286804 7.071247e-05 2.708168e-07 6.660457e-05 0.00011645814 0.00093151856 1.6366256e-06 0.0010114185 2.628406e-05 4.5082575e-06 4.6157642e-05 7.257106e-06 3.622768e-05 0.00081193185 0.3179368 0.0034143731 2.5604135e-05 6.1918024e-07 0.06450813 5.177267e-06 3.551263e-06 7.3145256e-06 0.011822956 3.1019346e-05 0.08422808 0.0001918593 0.000388567 0.050270233 2.10851e-05 2.1300264e-05 0.048505448 2.614284e-05 5.834333e-05 0.06091479 8.288459e-06 0.00034215473 0.0002050546 6.0884875e-05 0.08724322 5.4247284e-05 5.9647004e-06 5.2471925e-05 5.2058965e-07 2.9223693e-05 7.752209e-05 6.624014e-07 0.026064945 0.0011979012 4.5248103e-06 5.8369956e-06 2.3309328e-06 0.00013163731 0.0022162558 3.6963138e-05 8.670499e-06 2.0578932e-07
0.87178737 0.030828588 0.034347165 0.0113347145 0.0017657378 0.001686533 0.012638019 0.30118963 0.8425379 0.12198037 0.021610945 0.00014724048 0.0010331696 0.009393476 0.021655122 0.0026803592 0.011951927 5.392157e-05 8.9493005e-05 0.0023236386 0.003110407 0.00089434476 0.0064109704 7.211389e-05 2.863657e-05 0.9508293 3.2458756e-06 0.00988929 0.0016768519 2.672047e-16 0.004098944 0.13156243 5.6219073e-06 5.77336e-07 0.00024055003 0.0857272 0.00031037768 0.0025808297 2.7972538e-07 0.18139145 0.6589648 0.0003139986 0.0025319029 5.818725e-05 3.8352465e-07 0.8246084 2.5102102e-07 2.56688e-05 7.328745e-07 0.6855144 0.012271516 9.38002e-05 0.009859194 0.00010085554 0.03622997 0.0003806058 0.00010816238 0.00031653556 0.0011646854 0.00090736244 3.991536e-06 0.000111939466 3.2517313e-08 0.00022819845 2.2332533e-05 5.2579953e-06 2.436863e-06 0.0004523387 9.3791795e-07 0.014865565 0.13925186 0.00040639183 0.012952314 0.005370807 0.0011258328 0.02586421 1.9071102e-07 0.7660082 0.008286634 0.0007535491 0.010532934 5.3895855e-07 0.0127469525 0.0030375982 0.0001754211 9.1873546e-05 0.00023030868 4.5667e-08 1.2644269e-06 0.020084243 1.5255406e-06 0.006972834 7.2422754e-06 0.0002311812 1.3687728e-07 5.8720678e-05 1.5719592e-06 1.9515468e-05 2.020636e-05 0.00019876867 2.071047e-07
0.21678367 0.048252843 0.22745182 0.007887283 0.008523804 0.0017455824 0.0009815292 0.0015972806 0.018002806 0.3870199 0.693769 0.01604881 0.0004851717 0.00031567368 3.524978e-06 0.045815673 2.37173e-06 0.00026444235 5.849922e-05 0.51734746 0.91039973 3.850467e-05 7.190978e-07 3.2387714e-05 0.0031220834 0.15982781 1.2644191e-05 0.94089854 1.5706473e-05 0.004098944 8.873253e-21 5.207163e-05 1.171781e-05 1.1948256e-06 0.0016911837 0.7339532 0.94764936 3.7954103e-06 2.8613679e-06 2.6715788e-06 4.1602075e-07 0.00079047226 3.5103996e-05 0.0017939385 5.5477454e-07 3.7521065e-07 3.757578e-07 0.623779 1.8769292e-07 0.00015902691 5.2629516e-06 0.20477593 2.929771e-08 0.0079929875 0.20332071 1.1464819e-05 0.010802832 0.000121993675 2.0506066e-06 0.0001968864 5.088662e-06 1.2349516e-06 1.5787574e-08 0.000108430395 0.04239041 0.012089699 0.007401567 0.0003377669 9.985313e-07 5.442352e-05 0.0005833279 1.8011553e-08 9.846376e-06 0.0038380316 0.025099197 3.915675e-05 9.1737014e-08 1.5781787e-05 6.686672e-05 0.0018947016 5.199942e-07 1.9301999e-07 0.00026929769 0.0010010857 0.00074075826 0.031072266 8.806345e-07 0.00031892234 2.6568776e-08 1.7028351e-05 0.00037052238 0.00017239143 1.431281e-06 1.1215874e-06 7.3620123e-09 3.6998338e-07 8.635768e-07 2.4647043e-06 4.4713055e-08 1.7138143e-05 5.7291785e-09
