8.5382065e-36 0.17857094 0.18599936 0.37349376 0.19027777 0.6187435 0.15377481 0.13109832 0.10049762 0.7545014 0.62871075 0.106850065 0.15205951 0.07612232 0.061377928 0.11137782 0.15655112 0.05254973 0.055334702 0.10462295 0.08095523 0.60730976 0.547129 0.08952927 0.6037527 0.029086737 0.719469 0.62280935 0.62417877 0.84733385 0.030486992 0.01593069 0.39538696 0.004528001 0.65316856 0.5953033 0.002071957 0.7996618 0.026275199 0.3900189 0.4376437 0.0024124258 0.0008238607 0.0021135523 0.0007788341 0.019732764 0.6666251 0.93279386 0.010462968 0.089715585 0.3963739 0.32956105 0.38163126 0.27369907 0.23078835 0.000645642 0.00010855268 0.26208025 0.00025159423 0.010601659 0.16223279 5.7665725e-06 0.6001185 0.0015039948 9.550988e-05 0.002114999 0.25852942 0.37346214 0.4689435 0.0005816358 0.9380724 0.8984549 0.007651462 0.028111968 4.1047565e-06 0.35845697 1.9711465e-06 0.62495804 0.986047 0.0010101886 0.9324196 0.47404432 0.0065809772 0.0008898773 6.553298e-06 3.3611075e-06 0.9840955 3.7008498e-09 7.584413e-06 0.8724417 5.0553175e-09 0.9916017 0.5494738 0.9977273 4.956083e-09 0.01946348 0.9989986 0.9926924 0.9973567 0.0024982695 0.15287231
0.17857094 1.8292341e-22 0.74962884 0.6585107 0.4009808 0.43174896 0.5529709 0.4394145 0.082663365 0.14189495 0.16026878 0.05860842 0.08377126 0.0707629 0.09840981 0.08595478 0.14938056 0.070950225 0.046673648 0.077653855 0.03221976 0.043583415 0.04845861 0.042133205 0.14202888 0.02129079 0.05276965 0.036950245 0.06206428 0.11235201 0.012976918 0.015577648 0.019487714 0.0077755614 0.03626087 0.031392433 0.0028548553 0.029839577 0.012070592 0.024885008 0.021804687 0.0035076863 0.0012707936 0.0032199835 0.0021605056 0.0025267506 0.017245764 0.015880186 0.014376534 0.021015031 0.03376182 0.0010041278 0.021198178 0.015159883 0.01523958 0.0007270719 0.00017630699 0.022275938 1.6685224e-05 0.0005780258 0.008879683 1.8480452e-05 0.01421252 0.001547798 3.9518263e-06 0.0002388067 0.00023518485 0.0014242558 0.0014225482 0.0001687602 0.010781532 0.01812862 0.00037459552 0.002079633 3.636053e-05 0.003765334 6.708085e-06 0.0036412305 0.011179476 0.00017784082 0.008209176 0.0029411595 4.731329e-05 0.00024331477 0.0005631876 2.7256265e-05 0.0016174535 4.2607368e-07 1.912246e-05 0.0078103277 1.0832114e-06 0.011956203 3.826059e-05 0.0061135003 7.183671e-07 0.0005019777 0.004459538 0.0022916086 0.0034139317 0.00011149583 0.0012216541
0.18599936 0.74962884 1.831686e-21 0.5926574 0.21957822 0.44927093 0.2940354 0.26312527 0.059780795 0.17531854 0.22771393 0.04569594 0.06953022 0.052833464 0.07512642 0.06456673 0.08126684 0.057893585 0.03763794 0.06294616 0.026639022 0.05414202 0.058592755 0.036052056 0.15760414 0.017949175 0.07130286 0.05234368 0.0845897 0.13280667 0.012182284 0.012946527 0.024111649 0.0080301 0.05080824 0.050831657 0.0026527222 0.043030027 0.01086928 0.042654403 0.023797825 0.0026795682 0.00050852395 0.0030178681 0.0014722369 0.0028213167 0.022087539 0.02144287 0.008011849 0.017627439 0.051962227 0.0013779746 0.027199717 0.013185656 0.020736046 0.00021391657 7.474554e-05 0.037588295 2.11341e-05 0.00094822986 0.006906833 1.384856e-05 0.018230753 0.0010633564 1.7177535e-06 0.00016722157 0.00030134348 0.0015834094 0.0014978729 9.5444775e-05 0.01230058 0.030349098 0.0005350769 0.0016801092 3.139724e-05 0.0036982452 5.9344306e-06 0.0040312107 0.016291983 0.00011958951 0.011758979 0.0035200198 3.398897e-05 6.057623e-05 0.0003072181 1.9217068e-05 0.0015556656 2.7068097e-07 4.664678e-06 0.008418435 1.2042898e-06 0.013584074 1.901426e-05 0.0057107178 9.277647e-07 0.0008066893 0.0046626725 0.0026075612 0.003944725 6.0094164e-05 0.0009611046
0.37349376 0.6585107 0.5926574 4.7465414e-20 0.26104587 0.8162548 0.2681117 0.20028713 0.09531509 0.44065234 0.5172477 0.07838544 0.09583653 0.087597586 0.10888577 0.094312124 0.08295499 0.07844933 0.05291217 0.11507072 0.047189362 0.114880204 0.11827425 0.058553364 0.2756668 0.02383671 0.16330926 0.096688524 0.15659928 0.21675791 0.015096683 0.015685517 0.046963163 0.008343293 0.10469938 0.11085653 0.0030727056 0.08699623 0.01403729 0.080385536 0.038423713 0.002913427 0.0003754419 0.0038278913 0.0011643983 0.0041162465 0.028699597 0.042690687 0.00663719 0.021551358 0.08714978 0.002020145 0.043147687 0.019114636 0.032321487 0.00017619622 0.00010364117 0.06690043 1.5391113e-05 0.0011784575 0.009120633 2.405304e-05 0.02741153 0.0011274865 1.3932472e-06 0.00024735578 0.00034714848 0.0022066357 0.0026007255 9.6538904e-05 0.024298059 0.058410935 0.0007725116 0.002375745 8.526812e-05 0.005679908 1.2126007e-05 0.0047974917 0.032053508 0.00020013668 0.023075588 0.0047551505 4.2081996e-05 0.00013766899 0.00029028938 5.4333854e-05 0.0018493967 2.875534e-07 7.0674614e-06 0.010518233 8.31397e-07 0.02200227 5.599608e-05 0.010931763 7.1878384e-07 0.0011498583 0.0099979825 0.004207421 0.0057966313 0.00013271582 0.0008874218
0.19027777 0.4009808 0.21957822 0.26104587 1.2720327e-22 0.180891 0.71659946 0.22637343 0.6895698 0.1016337 0.14485858 0.6082478 0.47189876 0.57595855 0.4787188 0.5953558 0.1771218 0.47011614 0.40845957 0.43404958 0.43389916 0.047452547 0.05260423 0.42493775 0.19952948 0.2611225 0.06298637 0.031219691 0.05070822 0.124379896 0.100537166 0.1493466 0.049299657 0.043513995 0.022052996 0.020738114 0.020583102 0.012464799 0.040404037 0.02372889 0.07495604 0.011030033 0.0038643174 0.008764492 0.002923511 0.004365719 0.035874877 0.009136107 0.047447782 0.054315206 0.030478012 0.0030078893 0.027560998 0.037057802 0.015638968 0.0018833044 0.00051321986 0.014952397 7.0640155e-05 0.001593933 0.022273019 8.255134e-05 0.014223881 0.001370507 0.00038850916 0.0011394607 0.00016593511 0.0019043933 0.0018032637 0.0029713537 0.0031461397 0.012504798 0.00035170247 0.004302901 7.644427e-05 0.007269627 0.00011894232 0.0030647747 0.0013796169 0.00056517514 0.012202213 0.003964606 4.2163945e-05 9.43922e-05 0.0002140243 8.453946e-05 0.00059910794 2.5952362e-05 6.996281e-05 0.00555666 1.2007593e-05 0.012583023 5.3532367e-05 0.0024209311 7.685724e-06 0.0011260217 0.0033918512 0.0012930579 0.001360799 0.00020754474 0.00093966076
0.6187435 0.43174896 0.44927093 0.8162548 0.180891 6.3972923e-19 0.16638869 0.08832136 0.069358565 0.7308215 0.588488 0.05723275 0.079903655 0.074992724 0.06383916 0.06757613 0.044375427 0.05248725 0.03827565 0.051772267 0.031740274 0.14657581 0.11609649 0.03888561 0.20565458 0.011395638 0.17752954 0.08641504 0.12065858 0.2540346 0.008274857 0.0081614815 0.046548046 0.004266306 0.10292339 0.094599366 0.0015914238 0.096617065 0.012083088 0.06946615 0.016443213 0.0019197782 0.00020353532 0.0017808566 0.0004931943 0.0033131556 0.012945466 0.053656638 0.0031475818 0.011097762 0.07019725 0.0015646591 0.029718326 0.00800628 0.021518359 7.148722e-05 7.0842885e-05 0.06652572 7.914948e-06 0.0005794594 0.0043896935 1.9364927e-05 0.016617782 0.00097050815 8.1126996e-07 0.00015211503 0.0007508383 0.0030066345 0.0047798594 5.3968743e-05 0.051588707 0.06525926 0.00054813374 0.000744942 7.605226e-05 0.0019814875 6.4523074e-06 0.0021123262 0.057006244 0.00016592737 0.016661009 0.0014763502 6.1862665e-05 0.00019952304 0.00020061899 3.8232687e-05 0.0034310922 1.5322264e-07 6.66323e-06 0.00458873 4.0089947e-07 0.01806328 0.00017454632 0.015266038 5.0213475e-07 0.0005006883 0.010666996 0.006005449 0.007515322 7.73419e-05 0.00024521374
0.15377481 0.5529709 0.2940354 0.2681117 0.71659946 0.16638869 2.630101e-22 0.5265904 0.4343974 0.101862945 0.19830677 0.31528997 0.188739 0.59408224 0.6406679 0.36566654 0.44365814 0.5596396 0.4046861 0.58001554 0.17076707 0.053109713 0.06812176 0.2129705 0.33910796 0.10743116 0.07997753 0.042712007 0.0910109 0.12892912 0.07816114 0.04758132 0.037082363 0.029177615 0.032340907 0.033464164 0.012294333 0.02814436 0.017140849 0.028970618 0.16359995 0.014771241 0.004091818 0.016024316 0.0064443722 0.0034550223 0.06716878 0.012221068 0.014924608 0.07563117 0.035267856 0.004899033 0.03897367 0.08032873 0.026506852 0.00056030037 0.0014483391 0.016084334 0.00013369143 0.0025218804 0.04475534 0.0002369815 0.025355468 0.001652778 8.639372e-06 0.0024038677 0.00056471175 0.0017487691 0.0011849211 0.00032344242 0.0030706683 0.012625056 0.0007666965 0.011206187 0.00025778642 0.02584766 9.140599e-05 0.014079568 0.0031398542 0.0012065442 0.0129526965 0.015479073 0.00015790648 0.00036116017 0.00090690854 0.00020007943 0.00054210465 3.0159733e-06 0.000102063954 0.016615951 5.8489204e-06 0.016771613 5.8311678e-05 0.0027801213 9.6590065e-06 0.0031169113 0.0033967195 0.0009103909 0.0013328266 0.0004097972 0.00502886
0.13109832 0.4394145 0.26312527 0.20028713 0.22637343 0.08832136 0.5265904 2.6180602e-21 0.069759026 0.0905874 0.17536116 0.051767133 0.048595283 0.10502093 0.22019444 0.07229924 0.70218617 0.12560962 0.07461641 0.23634832 0.026585864 0.07279829 0.08397385 0.045164306 0.34589574 0.020023631 0.074780904 0.0825538 0.1643172 0.094861105 0.017596005 0.009179618 0.014240849 0.0068950523 0.052541424 0.04983666 0.0023780707 0.028325597 0.0087671 0.05448269 0.113891646 0.004761408 0.00026374895 0.00644087 0.00074065157 0.0036993262 0.07461616 0.02174872 0.001833015 0.039803974 0.07615136 0.0038876806 0.062960364 0.09504488 0.04709052 3.652265e-05 0.00024860873 0.03994393 1.860404e-05 0.0021845496 0.029918162 8.2727805e-05 0.052177582 0.0004450658 3.5955696e-07 0.0006425345 0.0004173037 0.0010056242 0.00053716573 1.4974993e-05 0.0026236114 0.027590543 0.0004218762 0.008994932 0.000101853926 0.026357654 1.7268145e-05 0.025416944 0.009407546 0.0004481306 0.034851298 0.021308104 5.5446566e-05 0.00010567554 0.00040966517 5.7280544e-05 0.000517786 4.2137227e-08 9.953638e-06 0.03281327 2.852079e-07 0.037316043 1.4655269e-05 0.005442145 5.590345e-07 0.0025583412 0.00479507 0.00066576723 0.0010261999 0.00030626502 0.0074984757
0.10049762 0.082663365 0.059780795 0.09531509 0.6895698 0.069358565 0.4343974 0.069759026 5.7711905e-26 0.043759026 0.061731186 0.74506 0.254223 0.6151184 0.3395864 0.48450246 0.08332493 0.4488893 0.5368258 0.33813924 0.60108924 0.01995602 0.024354711 0.46522686 0.064208984 0.6125251 0.018731691 0.010548695 0.014979693 0.024314592 0.3208465 0.40917647 0.005098351 0.2093602 0.008504977 0.008495473 0.12860401 0.002917168 0.00931249 0.011328333 0.052726343 0.03730566 0.03715301 0.02655326 0.023582892 0.00053857994 0.013315269 0.0046515362 0.04541979 0.1325368 0.013455014 0.00035662553 0.013434549 0.018004892 0.008132481 0.03390203 0.002087654 0.00889038 0.007911299 0.00023366371 0.025428157 0.0002782351 0.0058863256 0.00029032366 0.004445771 0.0038664576 3.3402815e-05 0.00076398393 0.0005228862 0.016569413 0.0011279021 0.008441395 5.388918e-05 0.0056185606 0.00020227734 0.001886747 0.0007142817 0.00089699053 0.00031460015 0.0016629212 0.0037504558 0.0009043047 2.2976615e-06 1.4795843e-05 8.704628e-05 8.6256536e-05 0.00025640606 0.00022752263 2.8247532e-05 0.001624028 0.00011571839 0.0036787626 1.5617363e-05 0.0015178507 7.821576e-05 0.0020179423 0.002195415 0.0006799435 0.00066812383 0.0006657958 0.00047104753
0.7545014 0.14189495 0.17531854 0.44065234 0.1016337 0.7308215 0.101862945 0.0905874 0.043759026 2.0423063e-17 0.76168925 0.03328521 0.05596794 0.06433828 0.043137286 0.046247903 0.037449047 0.037570626 0.019683674 0.036396768 0.015504995 0.54434 0.29490963 0.019244177 0.27258635 0.0048327423 0.5532228 0.29052833 0.1937796 0.3418222 0.004145464 0.0028695348 0.049007736 0.0018242021 0.17602819 0.18523185 0.00064116425 0.15330489 0.01147049 0.09151342 0.014047085 0.0010317556 9.852195e-05 0.0010338521 0.0001757493 0.0022315101 0.012559077 0.11498966 0.000646299 0.0100983605 0.08583397 0.0025253545 0.0343261 0.00459225 0.023624582 5.312271e-05 5.332585e-05 0.09726013 1.3305233e-05 0.0005042977 0.00388739 2.809094e-05 0.016627142 0.0006156774 9.335898e-07 0.00013188107 0.0008573862 0.0045687854 0.012002992 3.2899472e-05 0.12876415 0.10738516 0.0005986191 0.0006263622 0.0001932929 0.0009961036 4.3417845e-06 0.00094097364 0.17730595 0.0002343484 0.029787261 0.0004994586 0.00016634264 0.0002995573 0.000274858 4.668575e-05 0.007591451 5.868384e-07 8.877899e-06 0.0035712793 9.931721e-07 0.027308961 0.00030372723 0.04420151 1.2979472e-06 0.00036124184 0.02869457 0.015637394 0.017574305 0.00015011504 0.00013679788
0.62871075 0.16026878 0.22771393 0.5172477 0.14485858 0.588488 0.19830677 0.17536116 0.061731186 0.76168925 8.797733e-18 0.0372369 0.04395679 0.10050181 0.07923364 0.04307971 0.0866614 0.061784342 0.040165585 0.08863436 0.015419446 0.5669085 0.49741846 0.018357495 0.46231645 0.011118944 0.20083295 0.33397046 0.36661482 0.17452821 0.0068953224 0.0032755712 0.02517641 0.0031034928 0.1068821 0.13034576 0.0011171583 0.09100804 0.008480171 0.103465214 0.03213113 0.0017311799 0.00019080646 0.0016639492 0.0003110094 0.0019045697 0.028715719 0.08079761 0.00046456177 0.02241667 0.10934476 0.0011343026 0.053893372 0.013576879 0.03701777 3.9888324e-05 8.278937e-05 0.095823 1.5226591e-05 0.00042410532 0.007529928 3.3429453e-05 0.030071335 0.00032454083 7.6773983e-07 0.00020253098 0.00032867532 0.0016278441 0.0023910124 2.241062e-05 0.029700669 0.09538636 0.00035471198 0.0027284482 0.00016080207 0.0043842923 4.5373113e-06 0.0032877754 0.051237393 0.00037676576 0.05453129 0.002889396 6.084308e-05 0.00015427874 0.0003236831 5.1147475e-05 0.0017886315 1.8712493e-07 6.2782797e-06 0.008386402 5.3773823e-07 0.040446185 9.695113e-05 0.0164634 4.6792988e-07 0.00095485477 0.013419582 0.004640386 0.00849713 0.00043002306 0.00081567426
0.106850065 0.05860842 0.04569594 0.07838544 0.6082478 0.05723275 0.31528997 0.051767133 0.74506 0.03328521 0.0372369 5.35655e-26 0.37765893 0.46661755 0.27442327 0.61617315 0.06048242 0.33931142 0.36619744 0.2652801 0.7660684 0.013014905 0.015596571 0.6495522 0.03814011 0.53397894 0.017128494 0.0060347784 0.0086448295 0.036126554 0.24383083 0.54432935 0.009728796 0.22076099 0.0057116873 0.0047964873 0.18862104 0.0018910262 0.021691933 0.0045871944 0.03269124 0.032912068 0.05046996 0.021373017 0.022301856 0.00095715316 0.005872149 0.0026897725 0.16130762 0.09609885 0.007035761 0.0003749517 0.0075299027 0.008286548 0.0038715883 0.07338384 0.00080908585 0.006171182 0.010440193 0.00017370706 0.016913248 0.0001978537 0.0032605242 0.00048656153 0.01607232 0.0023928098 1.589797e-05 0.0005243334 0.00033521448 0.04737706 0.0009174852 0.005940841 3.3623466e-05 0.0022634834 0.00015017648 0.00041442417 0.0008895129 0.00019194733 0.00015608824 0.0010558015 0.0015243809 0.00033196344 6.705503e-07 1.6425383e-05 0.00013574433 9.276886e-05 0.00037249245 0.00082271284 0.00012085641 0.0005449961 0.00034376574 0.0016050539 1.0111658e-05 0.0013121424 0.00013019814 0.0009548374 0.0014450843 0.00045266686 0.0005650194 0.00020640288 3.8615395e-05
0.15205951 0.08377126 0.06953022 0.09583653 0.47189876 0.079903655 0.188739 0.048595283 0.254223 0.05596794 0.04395679 0.37765893 1.5069296e-19 0.103264846 0.07146824 0.7924886 0.036853213 0.061072133 0.03883685 0.073462285 0.4140637 0.021538442 0.022911381 0.69134575 0.037026394 0.043454196 0.08231426 0.015273931 0.017183099 0.28206006 0.014049189 0.05842226 0.52819896 0.00857427 0.025512949 0.01562868 0.006636038 0.02151286 0.25248152 0.016195627 0.021330703 0.00233679 0.0021533575 0.0027104563 0.00095198967 0.11613627 0.0155039895 0.010319342 0.22723582 0.024506046 0.02365044 0.03140439 0.016746424 0.013226594 0.010670074 0.0062912144 0.00017952766 0.013384343 0.00021787311 0.035619516 0.010910182 0.00013984762 0.011080264 0.040471204 0.0019530113 0.0003335791 0.0038223867 0.009904085 0.011261142 0.009623663 0.010574617 0.012720849 0.007872978 0.00097110064 7.258466e-05 0.0038700157 2.218568e-05 0.0055998196 0.003966389 0.0002573394 0.011798936 0.0055997227 0.0014050105 0.019751022 0.00840954 6.0528644e-05 0.0060325805 3.0846273e-05 0.003621466 0.0035964171 8.728523e-06 0.004897975 0.0011342095 0.013727078 8.908899e-06 0.00036785536 0.012853216 0.0026750106 0.0013238469 0.00042408673 0.0001286408
0.07612232 0.0707629 0.052833464 0.087597586 0.57595855 0.074992724 0.59408224 0.10502093 0.6151184 0.06433828 0.10050181 0.46661755 0.103264846 1.032246e-25 0.6081102 0.3149957 0.11216864 0.7526227 0.825743 0.5776692 0.32848233 0.03017344 0.037436467 0.28876343 0.1676055 0.38315734 0.0225962 0.020735262 0.031653572 0.026026528 0.5330762 0.12332597 0.0025190262 0.087166995 0.019059442 0.019919068 0.03688981 0.006800891 0.004678298 0.022536991 0.123156 0.044992168 0.013158109 0.042034794 0.022605173 0.0015760454 0.033776756 0.010541581 0.016547605 0.22331564 0.019571288 0.00143065 0.022020768 0.048353575 0.01541871 0.006311388 0.002729246 0.014162787 0.0021511489 0.0013487639 0.04250088 0.00026932362 0.011745328 0.00096930994 0.00029825 0.0053956653 0.0001470537 0.0013428971 0.0006992469 0.0018405473 0.0022158776 0.013183092 0.0002214745 0.012177904 0.00026042524 0.009988896 0.000113883165 0.008159618 0.0012439534 0.0021836038 0.009717886 0.0052479664 3.2957254e-05 9.240949e-05 0.0001922694 7.335682e-05 0.00064331625 3.4621517e-05 2.2216549e-05 0.005261888 2.7242984e-05 0.0093457345 1.3407132e-05 0.0051691253 5.5823857e-05 0.0039987164 0.006061088 0.000765333 0.0014044787 0.0018079834 0.0041719344
0.061377928 0.09840981 0.07512642 0.10888577 0.4787188 0.06383916 0.6406679 0.22019444 0.3395864 0.043137286 0.07923364 0.27442327 0.07146824 0.6081102 6.0607256e-24 0.2160369 0.25954 0.68204993 0.5775814 0.7153985 0.17416334 0.033279207 0.042470258 0.18971473 0.22042814 0.15330891 0.028920585 0.028433057 0.05724227 0.036160465 0.26660025 0.05562911 0.008274332 0.036909394 0.016311284 0.016606005 0.012605465 0.009701648 0.0076489993 0.025282934 0.18774816 0.021772929 0.0016146293 0.03007049 0.0052171573 0.0027027873 0.075151876 0.008858588 0.007267076 0.19205052 0.027389562 0.0032629508 0.038114574 0.1007769 0.02543533 0.00021436873 0.001250756 0.011783092 0.000109074565 0.001649159 0.07782118 0.00019447647 0.023821501 0.0014835029 8.957492e-06 0.0055464758 0.00033392065 0.0016219593 0.00060744927 5.2135034e-05 0.0016006262 0.009471097 0.00018509652 0.027721751 0.0001839527 0.035088457 4.2210177e-05 0.0260559 0.0013829569 0.002353135 0.014732145 0.02796 4.9734932e-05 0.000103146485 0.00012298695 4.0382536e-05 0.00062531594 8.12839e-07 6.6307675e-06 0.0211675 2.2657941e-06 0.019105168 2.4522906e-05 0.002491358 4.8118422e-06 0.007497239 0.0048843985 0.00062370225 0.0010651194 0.0013529327 0.015579179
0.11137782 0.08595478 0.06456673 0.094312124 0.5953558 0.06757613 0.36566654 0.07229924 0.48450246 0.046247903 0.04307971 0.61617315 0.7924886 0.3149957 0.2160369 2.9772123e-24 0.06213806 0.19195364 0.18363473 0.17170072 0.7166843 0.013713529 0.016256457 0.84408844 0.03374371 0.23720889 0.03455163 0.0075259437 0.009377204 0.13714667 0.056872882 0.3304175 0.115260266 0.0490219 0.009466346 0.0058164033 0.03573483 0.005880045 0.13579948 0.005120251 0.018501732 0.007981078 0.0051214374 0.0044412683 0.0029150513 0.02464805 0.0037040124 0.0026883043 0.32190105 0.02012954 0.00820073 0.0052372245 0.0050704675 0.0043065567 0.0022711637 0.013964633 0.00017502639 0.0055354056 0.00054541806 0.0031651913 0.003935836 0.00011543841 0.0022889166 0.012181023 0.0058298195 0.0005555603 0.00014739264 0.0015754879 0.0010408772 0.038726535 0.0015571588 0.005971685 0.00016641784 0.00036792606 9.585168e-05 0.0004976326 0.00013771036 0.0004256839 0.00024662088 0.00014148005 0.00086056616 0.00074743544 8.546501e-06 0.0006786061 0.0019727547 9.1066046e-05 0.0010075375 0.00025436506 0.0020539605 0.0004063467 8.0752325e-05 0.0011313176 2.448757e-05 0.002319714 3.7969145e-05 0.00024151454 0.0029691318 0.0005603065 0.00044704595 0.00012099307 3.3564742e-05
0.15655112 0.14938056 0.08126684 0.08295499 0.1771218 0.044375427 0.44365814 0.70218617 0.08332493 0.037449047 0.0866614 0.06048242 0.036853213 0.11216864 0.25954 0.06213806 1.9899141e-22 0.15149549 0.09756293 0.43930972 0.029156787 0.033833522 0.047557272 0.044075754 0.25296926 0.027363596 0.03499671 0.034709137 0.101029485 0.034283407 0.02625553 0.01501767 0.0030353598 0.007621897 0.02414597 0.02543323 0.0036254276 0.012902888 0.0054203286 0.033418916 0.14839168 0.009370057 0.000673008 0.012000549 0.0018194676 0.0021619988 0.10222414 0.010720455 0.0028353033 0.108787976 0.05078398 0.0013741715 0.054140434 0.10791932 0.04470013 3.680475e-05 0.0005493542 0.025074773 1.9799534e-05 0.0004799418 0.06179837 0.00015056394 0.051539015 0.0005849727 4.4660533e-07 0.003277973 9.659683e-05 0.0008465637 0.0003803362 1.20366585e-05 0.0009759471 0.015231225 0.00012458797 0.020004233 0.00012433705 0.053174075 1.069076e-05 0.050750274 0.0023780072 0.0026078832 0.027524538 0.04685723 1.6321188e-05 4.190359e-05 0.00048567704 9.299918e-05 0.00024531994 1.2298254e-07 2.1207168e-05 0.05874314 2.5890384e-07 0.0374862 1.291718e-05 0.0017527789 9.029792e-07 0.007678681 0.0018368579 0.0005020869 0.0006847668 0.0017225627 0.037998326
0.05254973 0.070950225 0.057893585 0.07844933 0.47011614 0.05248725 0.5596396 0.12560962 0.4488893 0.037570626 0.061784342 0.33931142 0.061072133 0.7526227 0.68204993 0.19195364 0.15149549 8.000439e-26 0.76004046 0.6190789 0.21564882 0.029315988 0.03514208 0.19346178 0.15142772 0.23087248 0.015561947 0.017435271 0.029937001 0.021787858 0.44145694 0.06735078 0.0025822897 0.052573875 0.012865172 0.012603939 0.017681332 0.0051110913 0.0034587989 0.020720664 0.14923723 0.030363241 0.003916644 0.036311954 0.0095805405 0.0010416994 0.046875563 0.00868434 0.0089077605 0.19812618 0.018755091 0.0010381232 0.025496842 0.071949 0.018535415 0.002362068 0.0019187168 0.0130151035 0.00043853727 0.000615751 0.058824398 0.0002456599 0.014815613 0.0007805622 7.405312e-05 0.0054708356 8.59518e-05 0.0011797884 0.00045161584 0.000273992 0.001322892 0.013077338 9.985114e-05 0.019028746 0.00025425496 0.020209711 5.3831754e-05 0.015635561 0.0010919821 0.002443873 0.01263794 0.013248061 3.241058e-05 6.38851e-05 0.000107084685 7.5184005e-05 0.00062569475 4.858405e-06 8.799281e-06 0.011615278 7.93111e-06 0.016475666 1.6059741e-05 0.0043073967 2.7413744e-05 0.006275347 0.0054744314 0.0007182631 0.0015605356 0.0022904475 0.0075889025
0.055334702 0.046673648 0.03763794 0.05291217 0.40845957 0.03827565 0.4046861 0.07461641 0.5368258 0.019683674 0.040165585 0.36619744 0.03883685 0.825743 0.5775814 0.18363473 0.09756293 0.76004046 2.282426e-27 0.57522166 0.24843264 0.015330188 0.01978554 0.17393726 0.091937914 0.39920038 0.008246464 0.00933529 0.012736947 0.011340526 0.76324993 0.11671218 0.0005603532 0.15296985 0.01044466 0.010001702 0.06207147 0.004615232 0.0013178956 0.014853719 0.103971444 0.08112512 0.03283578 0.08341137 0.058985382 0.00033170427 0.021587536 0.00952407 0.008629504 0.32370785 0.011615595 0.0008343225 0.015239006 0.039930858 0.009587057 0.013647121 0.00802914 0.011723937 0.005683392 0.00035367734 0.054602843 0.00081074884 0.007855091 0.00022378127 0.00030822263 0.016443048 4.2502626e-05 0.00087247544 0.0004037031 0.0008818667 0.0011394161 0.012596891 3.4854875e-05 0.022204796 0.0006711877 0.00848574 0.00015175887 0.006376459 0.0007814929 0.0036605576 0.008876439 0.0046728533 1.8879771e-05 1.5678084e-05 5.6533627e-05 0.00014268029 0.0006688305 1.5381413e-05 4.6597074e-06 0.0041822526 1.2759401e-05 0.008198098 4.565669e-06 0.0057158205 3.654882e-05 0.007054923 0.0052826866 0.0006823867 0.001350242 0.0035114367 0.004888733
0.10462295 0.077653855 0.06294616 0.11507072 0.43404958 0.051772267 0.58001554 0.23634832 0.33813924 0.036396768 0.08863436 0.2652801 0.073462285 0.5776692 0.7153985 0.17170072 0.43930972 0.6190789 0.57522166 1.3200533e-22 0.15310785 0.027643662 0.03944214 0.14035027 0.30002296 0.15852305 0.029729046 0.023651168 0.06161364 0.02364789 0.33233598 0.046404272 0.004249452 0.036243703 0.021957556 0.02194943 0.013198369 0.013915624 0.0047232895 0.026132714 0.3254946 0.034490407 0.0013372223 0.04473124 0.0066128145 0.0013374684 0.114209466 0.008501499 0.004112927 0.45841306 0.03461043 0.0019454104 0.04436762 0.16074015 0.031082025 0.00012677377 0.0029952026 0.012738799 7.186296e-05 0.0005336808 0.16450396 0.0003690339 0.038634703 0.00024623453 1.022011e-06 0.011517539 6.9731264e-05 0.0006629532 0.0005275105 9.033509e-06 0.0008510061 0.009918282 7.676228e-05 0.06306857 0.0005550167 0.06467109 2.244418e-05 0.052295 0.0011301567 0.0064380546 0.021654924 0.049864843 1.152773e-05 9.397924e-06 7.551852e-05 0.00011651946 0.00022819998 2.2041513e-07 3.9450742e-06 0.045022458 3.88e-07 0.025580386 1.8907502e-05 0.002364633 1.5047307e-06 0.019662865 0.004841382 0.0005187926 0.0007273381 0.004125708 0.05977437
0.08095523 0.03221976 0.026639022 0.047189362 0.43389916 0.031740274 0.17076707 0.026585864 0.60108924 0.015504995 0.015419446 0.7660684 0.4140637 0.32848233 0.17416334 0.7166843 0.029156787 0.21564882 0.24843264 0.15310785 9.612378e-27 0.0055280016 0.0066024205 0.83738804 0.0122059425 0.4721565 0.007932127 0.0025885375 0.0026982378 0.018979121 0.17041306 0.6819154 0.007150096 0.25123218 0.003585202 0.0029184283 0.3043476 0.0015543672 0.023715578 0.0018400172 0.012024497 0.0429765 0.1207093 0.019196687 0.037030306 0.00090323214 0.0011117873 0.00203285 0.33905238 0.06058769 0.0025494075 0.00030064312 0.0026811198 0.0015434562 0.0010939193 0.22062565 0.0008256241 0.004327915 0.03124033 7.6922035e-05 0.0082680015 0.00013324007 0.0009194504 0.00032146936 0.058892094 0.0013004675 1.4928563e-05 0.00074728474 0.00035192104 0.14488359 0.001057502 0.0052566947 1.1293889e-05 0.00079443917 8.358356e-05 5.921696e-05 0.001819125 5.026958e-05 8.769294e-05 0.00048523743 0.00045453067 6.568707e-05 1.2236256e-06 1.5402244e-05 9.7193966e-05 3.1699157e-05 0.0005092776 0.0036014405 0.00034395396 4.8971335e-05 0.002018714 0.0006101874 7.412324e-06 0.0012833991 0.0006960356 0.0005176893 0.0014723865 0.00039391775 0.0004998703 0.00013167234 3.7240209e-06
0.60730976 0.043583415 0.05414202 0.114880204 0.047452547 0.14657581 0.053109713 0.07279829 0.01995602 0.54434 0.5669085 0.013014905 0.021538442 0.03017344 0.033279207 0.013713529 0.033833522 0.029315988 0.015330188 0.027643662 0.0055280016 2.0098075e-17 0.79819614 0.008894188 0.32409474 0.0054870984 0.19786546 0.78793424 0.47314727 0.1369981 0.0042301896 0.00091361284 0.013523406 0.0020202077 0.1244443 0.306169 0.0005610831 0.085091904 0.00282007 0.25323465 0.015741317 0.0013917227 0.00012197739 0.0016993618 0.00017063685 0.001766639 0.012966509 0.08615408 9.815422e-05 0.013630564 0.1331755 0.0009371281 0.03228811 0.0052419263 0.024069576 1.9196554e-05 0.000109945555 0.127117 8.286476e-06 0.000421337 0.007158393 4.503408e-05 0.019119695 0.0002792133 3.8150554e-07 0.000153266 0.00012524711 0.00052926736 0.0011787133 3.6139583e-05 0.0214712 0.09289505 0.00029137495 0.001535263 0.0001794508 0.0015708985 2.5044371e-06 0.001591061 0.07086378 0.00017393897 0.04272664 0.0010949192 4.176435e-05 0.00012572113 0.0002332 4.629245e-05 0.0014980055 6.313831e-08 2.4033745e-06 0.00447886 3.0965228e-07 0.0326179 2.9942488e-05 0.018109197 4.447547e-07 0.00042731184 0.015633347 0.007011346 0.010383109 0.00013381884 0.00038665882
0.547129 0.04845861 0.058592755 0.11827425 0.05260423 0.11609649 0.06812176 0.08397385 0.024354711 0.29490963 0.49741846 0.015596571 0.022911381 0.037436467 0.042470258 0.016256457 0.047557272 0.03514208 0.01978554 0.03944214 0.0066024205 0.79819614 2.0696544e-17 0.010639453 0.41998762 0.0067573385 0.11481474 0.69794405 0.5526608 0.10076415 0.0041043577 0.001146053 0.012160033 0.0025715467 0.084504895 0.1300584 0.0008167699 0.07341275 0.0028945645 0.16759081 0.022809701 0.0016230895 0.00019247342 0.0020024169 0.00023680777 0.0022800204 0.019907393 0.06054332 0.00017280012 0.017067796 0.1306191 0.0009566485 0.038835898 0.008697294 0.028596083 2.62698e-05 0.00018692919 0.09664999 1.2789443e-05 0.00045173473 0.009142156 7.579876e-05 0.024519904 0.0002876334 7.7767544e-07 0.00020603728 0.00013907875 0.00044723164 0.00073761 5.465675e-05 0.013656573 0.08358004 0.00033947182 0.0027250652 0.00025192025 0.0029334198 3.2588903e-06 0.002826715 0.041440625 0.0003111346 0.04893657 0.0021761605 4.4633958e-05 0.00013383775 0.00035774402 0.000105337065 0.0011683999 7.297079e-08 3.4190482e-06 0.0068461206 3.1214998e-07 0.04399018 2.868528e-05 0.018258078 3.226575e-07 0.00065735634 0.013596958 0.0053318986 0.0096497955 0.00027909642 0.0010154333
0.08952927 0.042133205 0.036052056 0.058553364 0.42493775 0.03888561 0.2129705 0.045164306 0.46522686 0.019244177 0.018357495 0.6495522 0.69134575 0.28876343 0.18971473 0.84408844 0.044075754 0.19346178 0.17393726 0.14035027 0.83738804 0.008894188 0.010639453 1.2644074e-23 0.011987005 0.33215362 0.011758245 0.00554959 0.004290348 0.07997474 0.03965558 0.49042216 0.107656665 0.058016825 0.0070955865 0.0034085265 0.052267503 0.0045838337 0.18618059 0.0034857222 0.013602526 0.0093541695 0.010224512 0.003675361 0.003206794 0.033653546 0.0026299406 0.0039977133 0.613414 0.01879563 0.004244102 0.013236038 0.0036997634 0.004286608 0.002510116 0.061219227 0.00021503828 0.0087201465 0.0028004905 0.007173047 0.008008908 4.1234656e-05 0.0022522165 0.017843256 0.045507554 0.0005514811 0.00040807718 0.0039432147 0.0029026596 0.16076523 0.0038889376 0.010515159 0.0003533195 0.0011570011 4.4367953e-05 0.0007146591 0.0002318051 0.00078520505 0.00027215423 0.00013556398 0.00066296424 0.0005463583 4.2399555e-05 0.0013340804 0.0062987157 2.0943133e-05 0.002234599 0.0019576957 0.01638732 0.00016547067 0.0006577693 0.0004134708 0.00015088638 0.002377761 0.0004086834 0.0002466094 0.0024949329 0.00054945995 0.00034468985 0.00013983683 5.999241e-05
0.6037527 0.14202888 0.15760414 0.2756668 0.19952948 0.20565458 0.33910796 0.34589574 0.064208984 0.27258635 0.46231645 0.03814011 0.037026394 0.1676055 0.22042814 0.03374371 0.25296926 0.15142772 0.091937914 0.30002296 0.0122059425 0.32409474 0.41998762 0.011987005 2.0638438e-17 0.015569748 0.16681941 0.3800002 0.775885 0.12367314 0.019080555 0.0025052147 0.0132270735 0.0039393357 0.14132743 0.1943971 0.00085748883 0.11719535 0.0049838424 0.22649984 0.30002978 0.0023051172 3.7830898e-05 0.0039669964 0.0002646434 0.0043992847 0.22232084 0.09405546 0.00062250067 0.09706811 0.37262443 0.0016530287 0.29156247 0.15598287 0.21232414 9.7731376e-05 9.104729e-05 0.20255698 2.8962555e-05 0.0011012321 0.07289007 1.605749e-05 0.25120556 0.00066564087 5.9054764e-07 0.000518375 0.0004145163 0.0022803585 0.0014794087 1.22251e-05 0.013285549 0.20602265 0.0003341497 0.014594822 0.00013200087 0.07182106 1.7681244e-06 0.07667925 0.05229516 0.00060658646 0.34341 0.071021505 2.94586e-05 5.034889e-05 0.00010068631 2.7148191e-05 0.001571617 4.943258e-07 9.692862e-06 0.13624895 4.3093746e-07 0.26016167 1.6663598e-05 0.047735933 3.535443e-07 0.008077424 0.03517992 0.00305593 0.008890762 0.0015404747 0.03015566
0.029086737 0.02129079 0.017949175 0.02383671 0.2611225 0.011395638 0.10743116 0.020023631 0.6125251 0.0048327423 0.011118944 0.53397894 0.043454196 0.38315734 0.15330891 0.23720889 0.027363596 0.23087248 0.39920038 0.15852305 0.4721565 0.0054870984 0.0067573385 0.33215362 0.015569748 2.239517e-28 0.0067191683 0.003666623 0.0045971973 0.0027849139 0.51635337 0.6633033 2.8441265e-05 0.68260074 0.0014644422 0.0014804637 0.4855988 0.0005850865 0.00030680263 0.00057919207 0.033397917 0.16055699 0.2525267 0.0919768 0.25100145 1.1155565e-05 0.0064726747 0.00084422523 0.012356032 0.16826344 0.0018000118 3.172574e-05 0.0029874404 0.012181894 0.0014264145 0.09652738 0.019295504 0.0011644883 0.03218599 4.6114633e-06 0.017645225 0.0031706535 0.00072900025 1.8480294e-05 0.011328696 0.016899657 2.914405e-06 0.00022495362 8.703084e-05 0.009989196 0.00037042683 0.0011300248 2.174847e-06 0.0058871657 0.0010429629 0.00066615624 0.0019045867 0.00012415789 6.9237714e-05 0.0034722965 0.0019312837 0.0002458985 1.1246539e-06 4.5295124e-06 4.774237e-06 0.00024710447 3.0172896e-05 0.0027536121 1.727946e-05 0.00064762554 0.0017594754 0.0014318415 2.9172859e-06 0.0004139354 0.0009895293 0.0019163018 0.00048468242 6.1109065e-05 7.8787874e-05 0.001639909 0.00015619262
0.719469 0.05276965 0.07130286 0.16330926 0.06298637 0.17752954 0.07997753 0.074780904 0.018731691 0.5532228 0.20083295 0.017128494 0.08231426 0.0225962 0.028920585 0.03455163 0.03499671 0.015561947 0.008246464 0.029729046 0.007932127 0.19786546 0.11481474 0.011758245 0.16681941 0.0067191683 1.9249765e-17 0.15558808 0.121853225 0.49224678 0.0035839216 0.0029767815 0.10641385 0.0010225088 0.7695122 0.52855974 0.0003444626 0.5002279 0.022875778 0.06984138 0.013214043 0.00048212725 5.4061882e-05 0.001263309 0.00017416304 0.0073102764 0.01849656 0.33448932 0.0009881892 0.013887345 0.033183496 0.009953995 0.024400467 0.0026166863 0.015737271 3.5892044e-05 5.9913335e-05 0.06605648 1.6126887e-05 0.0034645002 0.0032064223 1.4698674e-05 0.011953402 0.0012578584 1.5591833e-06 0.000103010825 0.0047735567 0.012476567 0.027308185 6.847246e-05 0.18591446 0.07174731 0.004123153 0.0002498969 0.00010436762 0.0007222915 2.1689978e-06 0.0010131061 0.20864868 0.0001018414 0.022720888 0.0005243001 0.0021905077 0.0008556895 0.00043040502 8.158768e-06 0.024394555 7.750297e-06 3.348098e-05 0.002485239 4.751009e-06 0.021279162 0.0014584942 0.10632977 6.3132834e-06 0.0005728836 0.07006108 0.03844076 0.040270876 0.00016409282 0.00010736407
0.62280935 0.036950245 0.05234368 0.096688524 0.031219691 0.08641504 0.042712007 0.0825538 0.010548695 0.29052833 0.33397046 0.0060347784 0.015273931 0.020735262 0.028433057 0.0075259437 0.034709137 0.017435271 0.00933529 0.023651168 0.0025885375 0.78793424 0.69794405 0.00554959 0.3800002 0.003666623 0.15558808 2.7537752e-17 0.7745642 0.11502287 0.0034423652 0.0004874549 0.01024311 0.0014442743 0.15784892 0.47511342 0.00023744412 0.10047743 0.0028964737 0.59455395 0.01888463 0.0009490888 5.4978675e-05 0.0011909403 7.257137e-05 0.002321334 0.015513454 0.09826422 9.01293e-05 0.014074433 0.25655878 0.0012606162 0.044768486 0.007359364 0.030673517 1.0932975e-05 6.128362e-05 0.19765471 5.4091192e-06 0.00049062097 0.008603246 3.0360688e-05 0.02298706 0.0004384827 3.5274005e-07 0.000117059324 0.00010921945 0.00039935694 0.000679192 1.6456554e-05 0.012878675 0.10856005 0.00031300331 0.0017266464 0.00017696682 0.0019880063 2.375807e-06 0.002821225 0.082882635 0.00024133336 0.058393072 0.0016415888 4.6985457e-05 0.000105510604 0.00014246831 4.1865318e-05 0.0011908419 7.959661e-08 2.2162324e-06 0.005180651 1.9624441e-07 0.0519013 1.7883995e-05 0.024914207 1.7304328e-07 0.00039175033 0.022491744 0.005908995 0.008376783 0.00019621628 0.000468611
0.62417877 0.06206428 0.0845897 0.15659928 0.05070822 0.12065858 0.0910109 0.1643172 0.014979693 0.1937796 0.36661482 0.0086448295 0.017183099 0.031653572 0.05724227 0.009377204 0.101029485 0.029937001 0.012736947 0.06161364 0.0026982378 0.47314727 0.5526608 0.004290348 0.775885 0.0045971973 0.121853225 0.7745642 1.4823689e-17 0.101142205 0.0027695587 0.00047107472 0.007543545 0.0011380196 0.1419603 0.17435423 0.00022337658 0.101362936 0.0027344448 0.42788154 0.0619668 0.0007881542 3.3127068e-05 0.001213004 7.1601644e-05 0.002011425 0.066189095 0.084472805 0.00015741766 0.01960503 0.42116 0.0013505445 0.12862009 0.028084017 0.09275669 7.624161e-06 4.547455e-05 0.23791297 5.6597523e-06 0.00059065357 0.013181645 1.0233087e-05 0.09520187 0.00040077855 2.435707e-07 0.00016189566 0.00016079932 0.00051471876 0.00059759576 1.0618586e-05 0.008803026 0.16000381 0.00039435475 0.0032843626 7.9799436e-05 0.01005749 1.241606e-06 0.016530823 0.050205037 0.00019673043 0.1430499 0.012701042 5.4849163e-05 6.513301e-05 0.00010833851 1.5086211e-05 0.0011116272 8.044766e-08 1.5038097e-06 0.028629668 1.6542279e-07 0.120073065 1.5564505e-05 0.027984582 1.3072037e-07 0.00074435293 0.025858173 0.003607915 0.0068708905 0.00040801568 0.0033161936
0.84733385 0.11235201 0.13280667 0.21675791 0.124379896 0.2540346 0.12892912 0.094861105 0.024314592 0.3418222 0.17452821 0.036126554 0.28206006 0.026026528 0.036160465 0.13714667 0.034283407 0.021787858 0.011340526 0.02364789 0.018979121 0.1369981 0.10076415 0.07997474 0.12367314 0.0027849139 0.49224678 0.11502287 0.101142205 5.863439e-18 0.0008116589 0.0006651583 0.7337116 0.0009882968 0.25471136 0.16077696 0.00023544628 0.35584685 0.16094887 0.05424327 0.012650826 0.0010211011 1.1472771e-05 0.0004801622 8.211878e-05 0.05850372 0.0063272617 0.12304465 0.012497943 0.0054409667 0.034704335 0.29301962 0.03011929 0.0017747614 0.015343236 1.6306158e-05 6.3275365e-05 0.05495353 4.4803633e-06 0.079393364 0.0006480961 6.283982e-06 0.008740324 0.0068003912 2.1824668e-07 0.00015256905 0.1570918 0.20042333 0.27827945 2.7511882e-05 0.5963814 0.07285665 0.066198155 7.0726834e-05 3.8957434e-05 0.00029412212 8.1364954e-07 0.00030824527 0.2983029 7.425205e-05 0.018746182 8.894725e-05 0.014184375 0.011815623 0.0009194043 5.2166542e-06 0.28956202 1.2489737e-06 0.00019496003 0.00019333698 4.866527e-07 0.007895531 0.043174844 0.2613578 7.7474556e-07 8.246503e-05 0.14895274 0.18941756 0.07181176 0.00011698712 8.723767e-07
0.030486992 0.012976918 0.012182284 0.015096683 0.100537166 0.008274857 0.07816114 0.017596005 0.3208465 0.004145464 0.0068953224 0.24383083 0.014049189 0.5330762 0.26660025 0.056872882 0.02625553 0.44145694 0.76324993 0.33233598 0.17041306 0.0042301896 0.0041043577 0.03965558 0.019080555 0.51635337 0.0035839216 0.0034423652 0.0027695587 0.0008116589 6.5452806e-26 0.22402027 1.795084e-05 0.4640872 0.0059461608 0.003968287 0.24642007 0.0030193075 0.00049237144 0.003332208 0.042933993 0.58760977 0.13448574 0.546044 0.3612867 1.8064597e-05 0.011029164 0.002799461 0.0006283677 0.6410713 0.0020741872 0.00019534993 0.004617955 0.01894348 0.0016826291 0.03199519 0.15799257 0.005068173 0.01609288 4.707381e-05 0.08233498 0.012890976 0.0012041217 9.612408e-06 0.00075293315 0.17394046 6.2989166e-06 0.00082492677 0.00015860541 0.00032193633 0.00042880347 0.0041903504 4.922341e-06 0.07733217 0.011342381 0.0024702768 0.0008427765 0.0017641548 0.0001729053 0.042695712 0.0013329925 0.0015844319 2.9698015e-06 1.0074027e-06 5.7557045e-06 0.0016273435 0.00017748128 0.00017385805 7.4323026e-07 0.0008504179 9.4176845e-05 0.0012802458 1.38279e-06 0.0012815645 7.231857e-05 0.02981177 0.001540648 0.0001233245 0.00036347855 0.014128295 0.0032645941
0.01593069 0.015577648 0.012946527 0.015685517 0.1493466 0.0081614815 0.04758132 0.009179618 0.40917647 0.0028695348 0.0032755712 0.54432935 0.05842226 0.12332597 0.05562911 0.3304175 0.01501767 0.06735078 0.11671218 0.046404272 0.6819154 0.00091361284 0.001146053 0.49042216 0.0025052147 0.6633033 0.0029767815 0.0004874549 0.00047107472 0.0006651583 0.22402027 1.1513591e-27 2.765878e-05 0.6025737 0.0009507403 0.0005811083 0.64848083 0.00036973454 0.0010024452 0.00025109874 0.0068542045 0.09911402 0.376019 0.052000646 0.21160558 9.318406e-06 0.0011119982 0.00047534815 0.051171705 0.038389158 0.000759305 1.6656002e-05 0.0010342657 0.0040396713 0.00050446147 0.31797776 0.011053303 0.0010369758 0.106177464 1.7189711e-06 0.0045052427 0.0057920967 0.00028277223 2.4790736e-05 0.0899892 0.0095549105 9.107091e-07 9.534761e-05 4.4456854e-05 0.11087337 0.00056311 0.0009616864 8.0302067e-07 0.0015027683 0.00081092975 9.536625e-05 0.0049323402 4.3367047e-05 9.038175e-05 0.0018291776 0.00021331213 8.0002355e-05 7.4420984e-07 1.8355084e-06 1.0469135e-05 0.00014661539 7.091724e-05 0.0067451997 0.00010986904 4.6007997e-05 0.0034758633 0.00028498378 4.40107e-06 0.00027056088 0.0074358527 0.00070383714 0.0002456819 3.74794e-05 5.8106387e-05 0.0009859715 1.5702586e-06
