3.7496114e-36 0.015191078 0.1318057 0.02269201 0.67901665 0.025892092 0.017149957 0.35967243 0.022597348 0.27592054 0.8197619 0.8773044 0.91085607 0.18266195 0.01379413 0.42251262 0.22197412 0.1263978 0.74973065 0.9100566 0.75690126 0.01966119 0.0003131708 0.1353097 0.18968871 0.23172963 0.39745843 0.7721701 0.81523025 0.1753422 0.8769099 0.34025484 0.96842605 0.44459164 0.019279962 0.0004719876 0.122266695 1.09382945e-05 0.12616533 0.98984474 0.000774377 0.47978202 0.03969955 0.30499515 0.043299813 0.10602981 0.9968797 0.20598646 0.015647538 0.25969663 0.23413567 0.03437287 0.0008111486 0.2927746 0.1149808 0.07125947 0.0026907718 0.045459494 0.0013455744 0.0010582734 0.040900387 0.00068190164 0.0009163804 5.3025326e-07 0.0033197168 0.02906639 0.99336606 0.0014503447 1.477887e-06 3.2192267e-05 0.08126159 0.005569549 0.017145582 0.0028708351 0.0067094443 0.98787475 0.0032068458 0.07085133 0.91404694 0.9985612 0.018438151 0.07167734 0.0428517 0.2582623 0.14506578 1.3796891e-06 5.382616e-05 0.12269245 0.0007647763 0.26909003 0.0018868676 0.9996799 0.9992652 0.00053024525 0.9976186 1.5802994e-05 0.0001319689 0.93355453 0.5186996 0.9602564 0.9996141
0.015191078 2.3259484e-22 0.25574982 0.8331474 0.53779685 0.16781984 0.6673736 0.40388778 0.0691024 0.044833187 0.19461831 0.017905166 0.0047335005 0.007293724 0.009319637 0.006291554 0.0020070532 0.4938238 0.046189968 0.03389271 0.025908679 0.0023940515 0.0033320966 0.0039545083 0.006135828 0.00044246792 0.0015002831 0.00038809757 0.01685218 0.0019748816 0.00401252 7.4180556e-05 0.016290328 1.6532138e-05 0.0014261382 0.00018529892 2.1789481e-05 0.0004191214 0.00886526 0.0009670154 1.9056994e-05 1.9270787e-05 0.009164359 1.5273625e-05 0.0010756017 8.107739e-06 0.021665744 1.2576442e-06 0.00028189956 7.645691e-06 1.0514351e-05 0.0011645881 1.2399997e-05 0.02298283 0.008698832 3.6563617e-06 0.0006668647 3.1915783e-06 0.00012773895 0.00027771364 1.2921228e-06 0.00010442706 0.00012097034 5.892428e-06 0.00034335747 2.006054e-06 0.024877254 0.00041861666 1.6139302e-05 1.0580971e-05 5.0672525e-06 9.427187e-06 3.1712156e-07 3.9296287e-05 2.3070347e-06 0.023940556 5.7449648e-05 3.2858836e-07 1.3470489e-06 0.017189417 1.6038985e-07 4.6041572e-07 2.3978376e-07 8.853143e-08 2.57592e-08 6.354458e-07 7.950091e-05 1.7901849e-08 0.0011473111 5.6594118e-08 8.1730555e-05 0.00832967 0.0020471297 0.0013822896 8.319135e-05 0.00030943696 0.002834214 1.5286075e-06 2.2202684e-08 4.871886e-07 0.0031299032
0.1318057 0.25574982 3.5970224e-21 0.09691262 0.7094423 0.8023867 0.023992268 0.07213618 0.076248564 0.7689071 0.121333726 0.07489034 0.11311316 0.08294449 0.05334503 0.13364956 0.028756337 0.04568665 0.010559078 0.010095414 0.0060657286 0.015180615 0.0041875686 0.018542008 0.04608919 0.0074950624 0.021012785 0.0106736105 0.010335667 0.027665908 0.032697104 0.0046547023 0.0068994593 0.0021284893 0.008026976 0.0007046938 0.0012548228 5.3649455e-05 0.0018981271 0.011697334 0.00019491262 0.00019303852 0.0046521747 0.00046189086 0.014719752 4.6347355e-05 0.019403625 3.002527e-05 0.0048421905 2.834603e-05 0.00016949521 0.0068599135 0.00014290825 0.044155616 0.0095724445 0.00013508002 0.002796355 0.00010591516 0.00013619725 0.00090969435 5.3727792e-05 0.00018986745 0.0005355547 2.1544079e-06 0.0013480843 0.00011210505 0.025518777 0.0011331467 2.247764e-05 2.3965687e-05 0.00016829782 0.00029103446 1.971879e-05 0.00048372173 7.930569e-05 0.014265105 0.00042862582 1.3459753e-06 6.619821e-05 0.018155549 1.9901932e-05 5.3451126e-06 5.093359e-05 5.8082924e-06 2.0350117e-06 2.826905e-06 3.561426e-05 1.0104925e-06 0.0009490444 1.7743728e-06 0.00052700634 0.0070801415 0.0029212853 0.0017538507 0.00021841006 0.00047198083 0.0012915279 0.00014525207 2.4502183e-06 1.6249574e-05 0.0028935445
0.02269201 0.8331474 0.09691262 5.3531986e-19 0.4172175 0.032574955 0.3236005 0.70592487 0.01052954 0.016555293 0.24773088 0.032720935 0.007990164 0.005400164 0.002545274 0.0051878546 0.0024221 0.6571958 0.11179671 0.07075769 0.060129587 0.0006221648 0.00064769475 0.0018083593 0.0032254297 0.00080423773 0.0017411085 0.0006997288 0.08356366 0.0015046468 0.007214275 0.00011118376 0.033947397 3.7924816e-05 0.00035358412 3.2783806e-05 3.624669e-05 3.9943596e-05 0.027461678 0.0010534375 1.0874888e-05 3.862022e-05 0.02249633 2.9424345e-05 0.0010057614 1.5727053e-05 0.03036125 1.6013453e-06 0.0003007518 1.1908765e-05 1.8458011e-05 0.0014193055 8.304514e-06 0.19385405 0.027425978 6.675983e-06 0.00084841583 3.753654e-06 0.00021720902 0.0006981054 1.908243e-06 8.2759056e-05 0.0006104267 1.5143588e-06 0.0018569103 3.6579067e-06 0.029618584 0.0029514336 5.025585e-06 6.042169e-06 1.7018123e-05 1.6171472e-05 6.749941e-07 8.344012e-05 2.8406744e-06 0.06401573 0.00028174557 1.0653757e-06 1.2712874e-06 0.027034698 2.1491176e-06 1.1110723e-06 1.6101092e-06 1.2126667e-07 4.965367e-08 1.1479135e-06 0.00023101766 2.3106405e-07 0.008124629 9.328248e-08 0.0005748494 0.010856765 0.001447503 0.0097881425 0.000108826636 0.00047809054 0.011507865 1.5123744e-06 3.274242e-08 1.5962511e-06 0.0042101606
0.67901665 0.53779685 0.7094423 0.4172175 1.8750016e-21 0.30355412 0.03758848 0.57841533 0.022626027 0.40044442 0.6843682 0.50354147 0.27000356 0.08803878 0.012485488 0.10262145 0.046037376 0.25684303 0.18443416 0.14112866 0.07964746 0.0069151768 0.0013193178 0.020708444 0.089003265 0.029527323 0.07598259 0.021151649 0.07365487 0.0314425 0.16609569 0.0020585265 0.06359285 0.00089443097 0.0013933716 0.000100530204 0.0033396014 1.8783421e-05 0.0028706968 0.0391916 5.076668e-05 3.4665027e-05 0.0039732945 9.497135e-05 0.0041534947 1.0272133e-06 0.1500179 1.4231038e-06 0.00079726795 2.861035e-06 1.630745e-05 0.001771883 0.00010588588 0.57273453 0.013273513 2.7925082e-06 0.001111386 1.765075e-06 8.611721e-05 0.00028485173 9.512408e-07 8.549595e-05 0.00016621576 2.9887138e-07 0.00043472744 2.1553985e-06 0.12530929 0.00049855624 4.3123674e-07 9.0759595e-06 2.5339561e-06 1.162508e-05 5.738032e-07 7.0738366e-05 2.6408015e-06 0.13175 7.204412e-05 2.1503035e-07 1.7988594e-05 0.103591785 5.0142455e-07 8.9746024e-08 2.4811277e-06 2.439559e-07 3.0474617e-08 2.2012023e-07 2.2335037e-06 6.332029e-08 0.0004176714 5.999049e-08 6.840537e-05 0.047671173 0.008406168 0.00035650737 0.00083588745 4.105643e-05 0.00024175674 2.8386987e-05 1.4400167e-07 2.2849636e-06 0.020735476
0.025892092 0.16781984 0.8023867 0.032574955 0.30355412 7.459741e-24 0.13069572 0.012239626 0.5230158 0.839709 0.017453128 0.0055916435 0.013668645 0.03470086 0.3731794 0.06759962 0.0070489547 0.020322762 0.0019226741 0.0031256916 0.002235005 0.074115984 0.023702424 0.03057176 0.012932022 0.00088566355 0.0031848985 0.0017588749 0.0014156805 0.0063244025 0.0037850437 0.00019589788 0.0018402577 4.433479e-05 0.020413412 0.006508986 5.8485104e-05 0.0028410512 0.0005347246 0.00095632154 0.002139739 8.56914e-06 0.0013880598 1.5268235e-05 0.00408164 1.2732967e-06 0.0115705095 6.398357e-07 0.0027856657 1.6661857e-06 2.7921005e-06 0.000993651 0.0004415717 0.0020801844 0.0017771248 6.1233493e-07 0.00033264956 3.1642432e-07 0.00015527567 6.962985e-05 1.786889e-07 0.00013654477 6.129e-05 3.1002994e-05 7.29597e-05 4.121708e-07 0.017004011 7.618496e-05 0.00017760895 4.782583e-05 2.8085299e-06 1.2655042e-06 6.996243e-08 2.4189649e-06 1.325374e-07 0.0018558332 6.6636558e-06 1.7041184e-07 4.7374786e-07 0.010453842 1.1678829e-07 1.5446224e-07 2.8305158e-07 1.3980427e-08 9.360378e-09 1.0794298e-06 9.745007e-06 4.961796e-09 7.4093885e-05 1.0540247e-08 1.2999647e-05 0.0026139114 0.0011981908 0.00014229967 7.06512e-05 1.875344e-05 4.109063e-05 7.022155e-07 1.7790814e-08 2.2052616e-07 0.0011594351
0.017149957 0.6673736 0.023992268 0.3236005 0.03758848 0.13069572 6.243443e-22 0.028269956 0.7123121 0.018156676 0.003342348 0.00047908368 2.2880631e-05 0.00064919837 0.042724464 0.00086378155 7.5967735e-05 0.6659046 0.001652421 0.0020023568 0.0016502636 0.004160173 0.03641658 0.0018586272 0.0015586 1.6099455e-05 0.00010160935 1.7021142e-05 0.0008890193 0.00027251936 0.00011537336 1.0084799e-05 0.0045789992 3.9419265e-06 0.004143118 0.0026298794 7.583639e-06 0.021413518 0.01784671 4.2603067e-05 0.00036065385 4.0119107e-06 0.012077818 4.568513e-06 0.00032155676 3.8768673e-07 0.010137285 2.5517593e-07 0.000173719 1.2181486e-06 8.8432995e-07 0.000482305 0.00012376609 0.036540944 0.012475318 1.1057215e-06 0.0006802337 1.3820872e-06 0.00042121808 0.00010803485 5.4317997e-07 0.0005713414 9.737246e-05 0.00077509857 0.00022648176 6.5265885e-07 0.01605755 0.00029249387 0.000898183 0.00064254954 6.368925e-08 4.737463e-06 2.573947e-07 7.1348645e-06 1.2369494e-06 0.013839941 1.8817971e-05 1.7362757e-08 1.9670499e-07 0.01720938 9.574825e-09 6.740539e-08 1.5906938e-08 1.592752e-08 3.429418e-09 0.00017288965 0.00071680074 6.594958e-10 2.6720007e-05 5.6391087e-09 5.67442e-06 0.005134649 0.00038978358 4.6866502e-05 1.4647611e-05 0.00032969247 8.471032e-05 1.4392754e-07 7.8408696e-10 4.1349423e-08 0.0013965989
0.35967243 0.40388778 0.07213618 0.70592487 0.57841533 0.012239626 0.028269956 1.00446444e-17 0.0039711334 0.013064698 0.4832446 0.122039825 0.012709651 0.0065765446 0.0006698601 0.005582612 0.0021952435 0.6364377 0.34328374 0.23958924 0.2267005 0.00014157535 0.00013092006 0.000932262 0.0037091114 0.0018875786 0.004572471 0.0014604958 0.20462875 0.0015676927 0.05446274 0.00016762377 0.16808267 7.928096e-05 0.00052455114 3.5028886e-05 5.753567e-05 1.0789755e-05 0.019428596 0.003976261 3.6631624e-05 1.2911417e-05 0.013072082 1.0588532e-05 0.0018646102 1.101336e-06 0.20435607 3.828475e-07 0.00025338063 2.0591037e-06 1.779758e-05 0.0009807217 4.2542288e-05 0.5676012 0.030335233 5.6112963e-06 0.0010449829 5.8662263e-06 6.0926406e-05 0.00050948217 1.9272559e-06 9.460308e-05 0.0003501339 1.182763e-06 0.0009969922 3.5105788e-06 0.16578762 0.0015500447 1.2871749e-06 7.804256e-06 3.4953555e-06 2.7490609e-05 4.963415e-07 0.00013588576 5.08291e-06 0.15439393 0.0003740301 1.6477502e-07 2.2929573e-06 0.13188235 3.708365e-07 3.390423e-08 9.4466577e-07 1.3080603e-07 2.8090014e-08 1.1156656e-06 4.629055e-05 1.0208386e-07 0.0050492645 6.55156e-08 0.00018568845 0.05151858 0.0048214546 0.0052409265 0.00012644209 0.0004090259 0.010247375 8.964167e-06 3.21603e-08 7.783447e-07 0.019700855
0.022597348 0.0691024 0.076248564 0.01052954 0.022626027 0.5230158 0.7123121 0.0039711334 2.0244011e-20 0.31603897 0.003618059 0.0005661202 0.0008723003 0.0021095108 0.823586 0.0042742025 0.00061406626 0.018833835 0.001198008 0.0014218402 0.00076686323 0.041021742 0.2788523 0.007506343 0.0028680903 2.6388216e-05 0.0005019404 0.0002866544 0.00037044164 0.002474345 0.0002757491 8.655763e-05 0.0014790714 3.2256034e-05 0.018721558 0.021287344 6.001962e-06 0.12380664 0.005004711 6.615492e-05 0.010367337 1.6844593e-05 0.0062074536 4.594698e-06 0.0005069058 2.893525e-07 0.009782678 5.6588374e-07 0.00046231257 3.8164253e-06 7.0423886e-07 3.2108685e-05 0.0020938772 0.0036607492 0.006551834 1.4313254e-07 4.159922e-05 1.5134731e-07 0.00083324313 1.2573844e-05 4.243241e-08 0.0014884027 2.48213e-05 0.0037460625 1.3373974e-06 1.4905959e-07 0.015359845 1.1058549e-05 0.0024685152 0.0020354541 1.4575917e-07 2.3801259e-07 2.3694849e-08 3.8774553e-07 4.052592e-08 0.0036213642 3.725827e-07 2.7555467e-07 1.3197557e-06 0.010086128 1.8339879e-08 5.907899e-07 1.1702202e-08 5.2627705e-08 2.3080489e-08 0.0001644108 3.194805e-05 2.509566e-09 2.5944505e-06 2.8362265e-08 6.4085856e-07 0.0026310508 0.00073735294 8.550715e-06 8.2350285e-05 3.4374967e-05 4.931216e-06 6.5246686e-06 1.5994733e-07 6.8058307e-06 0.0015456341
0.27592054 0.044833187 0.7689071 0.016555293 0.40044442 0.839709 0.018156676 0.013064698 0.31603897 9.4995034e-23 0.03351296 0.018689876 0.10556091 0.36154035 0.5017691 0.7013918 0.09504158 0.020436289 0.0043669557 0.0046502915 0.0036653571 0.26213658 0.022558283 0.1848638 0.16040333 0.004625329 0.05315789 0.013251518 0.0013705887 0.06421598 0.010192089 0.004087674 0.0011871341 0.002433713 0.05173595 0.01075971 0.002137617 0.0013392891 0.00043605425 0.0056764665 0.0057664816 3.8604754e-05 0.00097467884 0.00080266007 0.037224285 2.9149107e-06 0.011090472 6.9791568e-06 0.014001512 2.7457004e-06 3.77208e-05 0.012217187 0.002788636 0.0030858205 0.0016658729 1.0420049e-05 0.0047308533 5.2631176e-06 0.001058519 0.00096084207 1.8251192e-06 0.0011683943 0.00069563417 2.4955905e-05 0.0003635517 6.8348404e-06 0.022050655 0.00044809023 0.0003746768 0.0003435715 3.2444503e-05 1.9344736e-05 7.817071e-07 3.8221824e-05 2.5249606e-06 0.001897242 6.1203435e-05 2.0874339e-07 1.5561105e-05 0.011427684 3.460595e-06 4.222511e-07 4.56701e-06 3.8712332e-07 1.5719435e-07 9.9626695e-06 3.1831023e-05 6.665339e-08 0.0001159068 1.5931752e-07 3.785638e-05 0.0023205061 0.0028655038 0.00012786363 0.0003209376 2.260488e-05 4.7899823e-05 5.5102395e-05 3.1770762e-07 1.0554093e-05 0.0015893694
0.8197619 0.19461831 0.121333726 0.24773088 0.6843682 0.017453128 0.003342348 0.4832446 0.003618059 0.03351296 2.5465149e-17 0.5416155 0.14215207 0.046589766 0.0010423702 0.031613894 0.027519919 0.20850149 0.38686824 0.3272919 0.19997638 0.00024440643 9.5258176e-05 0.001769335 0.022648377 0.023545496 0.033644594 0.031108461 0.13887823 0.0071797073 0.34744227 0.0045598014 0.11872337 0.0017322865 0.00018475138 0.0001066667 0.004397814 1.19567885e-05 0.0031085403 0.07229612 4.610819e-05 6.323036e-05 0.004319287 0.00015781977 0.0026316869 1.1991595e-05 0.17940013 1.1352017e-05 0.00032195967 6.5050353e-06 2.5132045e-05 0.0020880534 2.1367507e-05 0.25433347 0.011067428 2.36255e-05 0.00033071687 3.260695e-05 0.000114454444 0.00015636909 1.637802e-05 3.101793e-05 0.00012368303 1.7168692e-06 0.0009296544 1.598688e-05 0.1379749 0.0012503708 6.1666724e-06 8.627335e-06 7.24967e-06 6.632327e-05 8.5067695e-06 0.00014118757 2.219715e-05 0.15348026 0.00043894126 1.2319379e-06 2.7093098e-05 0.11452631 3.9157735e-06 2.2762843e-07 1.2686477e-05 4.033654e-07 1.1346853e-07 1.2633698e-06 5.1061892e-05 1.0143507e-06 0.0046832305 8.362107e-08 0.00068493496 0.063358195 0.011040905 0.007834592 0.0006030826 0.00015282228 0.0050849877 1.5819474e-05 4.9282963e-08 1.0335227e-06 0.03735911
0.8773044 0.017905166 0.07489034 0.032720935 0.50354147 0.0055916435 0.00047908368 0.122039825 0.0005661202 0.018689876 0.5416155 5.6853414e-17 0.6647377 0.08500289 0.0004887047 0.0357494 0.11027409 0.0865264 0.15125269 0.16832052 0.08136116 9.7030956e-05 6.50164e-05 0.0017877406 0.043260213 0.24445558 0.15480343 0.23194839 0.08857679 0.013282515 0.7911387 0.07979935 0.08428716 0.05655872 0.00010407232 3.5265868e-05 0.068267 4.4120986e-07 0.0020355037 0.47153562 9.379828e-06 0.018910315 0.006567006 0.0059414078 0.004834609 0.0015789202 0.1608883 0.0035326781 0.0003106371 0.00057358283 0.0018549997 0.0023336376 7.625055e-06 0.40611166 0.020309268 0.00042066732 0.00042312226 0.00049922377 1.3387136e-05 0.00018117245 0.00033050912 5.5474834e-06 8.7008266e-05 3.917482e-09 0.00049573125 0.00020694076 0.13607985 0.00025801564 1.2119105e-07 8.314589e-07 4.1968015e-05 0.00035741 4.215297e-05 0.00040303476 0.00011506865 0.30222136 0.0004926579 1.3312253e-05 0.0028551396 0.16484678 1.06868865e-05 6.413823e-06 2.932495e-05 9.610514e-05 9.44188e-06 2.923619e-08 6.0050193e-06 2.4699702e-06 0.00031098063 3.601069e-06 0.00016087678 0.12518637 0.08926472 0.00014597223 0.009912848 2.973388e-05 0.00015317743 0.00082804257 7.580407e-06 0.0002779863 0.10790584
0.91085607 0.0047335005 0.11311316 0.007990164 0.27000356 0.013668645 2.2880631e-05 0.012709651 0.0008723003 0.10556091 0.14215207 0.6647377 1.4088682e-19 0.54999113 0.00060512836 0.41164225 0.8230601 0.022318982 0.030563103 0.028513568 0.01778266 0.0012295084 0.00016599163 0.013330065 0.1929 0.3333977 0.590181 0.6656704 0.026316255 0.07868534 0.49712798 0.21874395 0.01367109 0.15048738 0.00027729393 1.984604e-05 0.07352625 7.3122865e-06 0.0013787436 0.33323884 5.8320325e-06 0.05890961 0.00377683 0.11316203 0.043223 0.0053196456 0.025504127 0.0021847172 0.004499071 0.0020290043 0.017973026 0.044707306 1.4507562e-05 0.09539291 0.018169293 0.0019610068 0.0028413597 0.0036091437 4.739499e-05 0.0006897769 0.0011237935 1.2881063e-05 0.0005383478 2.6795039e-08 0.0023221122 0.0019872044 0.027532684 0.00083316554 3.6576535e-07 2.209766e-06 0.00020544413 0.0018385245 0.00012655248 0.0030447228 0.00035209177 0.044701654 0.0024108388 6.769016e-05 0.0040737553 0.029746424 2.6305324e-05 0.00033123326 0.000104606166 0.00049329706 0.0001589355 1.1224342e-07 5.1792476e-06 1.9988681e-06 0.001595822 7.233016e-05 0.0013748648 0.022432556 0.051428307 0.0010507661 0.015497661 0.00012721353 0.0006414967 0.002487125 0.00037615222 0.0013362999 0.0152401095
0.18266195 0.007293724 0.08294449 0.005400164 0.08803878 0.03470086 0.00064919837 0.0065765446 0.0021095108 0.36154035 0.046589766 0.08500289 0.54999113 2.1374493e-22 0.008107256 0.8197012 0.732659 0.023822939 0.0035650316 0.004161083 0.0032210634 0.0388917 0.00079128426 0.10810838 0.25492525 0.02826787 0.25162446 0.1365068 0.0029336745 0.10815112 0.040893536 0.040141486 0.002542826 0.018217571 0.014411738 0.0003697596 0.008059319 4.0892548e-05 0.0003850779 0.023047062 0.0005445781 0.0070483494 0.0019562251 0.03122149 0.031406898 0.00060103793 0.009016799 0.0003520466 0.025912188 0.00041435426 0.002505817 0.023914702 0.0005632408 0.011698773 0.010422381 0.00021916037 0.01397242 0.00021265505 0.00074329204 0.004932705 5.628568e-05 0.00039024776 0.0029974517 9.1346556e-07 0.0033536956 0.00038106448 0.013816228 0.0025293014 1.5846215e-05 7.324212e-05 0.00018253889 0.00037223077 6.1356222e-06 0.0010640665 3.1103686e-05 0.0042899386 0.001588695 9.184127e-06 0.00062178815 0.009696243 8.306723e-06 3.1888325e-05 1.5709966e-05 6.0386523e-05 9.529756e-06 3.9852293e-06 3.4333323e-05 5.309607e-07 0.00061237963 1.5063209e-05 0.00046119292 0.0033979719 0.003370048 0.0005095172 0.0011106167 0.00010527158 0.0002934332 0.0007113501 1.3229254e-05 0.00016274783 0.0015158978
0.01379413 0.009319637 0.05334503 0.002545274 0.012485488 0.3731794 0.042724464 0.0006698601 0.823586 0.5017691 0.0010423702 0.0004887047 0.00060512836 0.008107256 7.114637e-23 0.043187484 0.0025697118 0.004478745 8.1437e-05 0.00022669484 3.7844824e-05 0.62075365 0.594913 0.14784233 0.011629844 4.7078072e-05 0.0024953634 0.0005774613 3.522943e-05 0.0077299327 0.0002552457 0.00058165967 0.00010834161 0.00040719102 0.12430094 0.19306411 2.0811229e-05 0.22091281 0.0005369583 0.00028348315 0.06246648 1.4190768e-05 0.0011444179 7.5519805e-05 0.005247448 4.6848714e-07 0.003587497 2.3394955e-06 0.005438067 2.5295737e-06 3.4270317e-05 0.0017372745 0.010785774 0.0021227263 0.00096006447 1.6115455e-06 0.0011312885 2.1383926e-06 0.008519748 0.00035810005 6.7502697e-07 0.005960741 0.0007094233 0.011878957 0.00014519418 2.3807404e-06 0.0075561097 0.00026445065 0.0071070557 0.006120635 4.1643437e-07 3.7298532e-06 1.4443657e-07 9.6948415e-06 4.2074768e-07 0.0010050657 3.5861285e-05 4.7899338e-08 2.0755285e-06 0.005219009 1.0902998e-07 3.8320326e-07 6.355737e-07 7.9814e-08 2.3090664e-08 0.001926252 0.0012366241 7.073904e-09 6.314913e-05 7.4216814e-08 3.7635673e-05 0.001607728 0.011122279 8.63277e-05 0.00055656757 0.00019731064 4.727166e-05 5.3646436e-05 1.5111661e-06 4.0065224e-05 0.0016225007
0.42251262 0.006291554 0.13364956 0.0051878546 0.10262145 0.06759962 0.00086378155 0.005582612 0.0042742025 0.7013918 0.031613894 0.0357494 0.41164225 0.8197012 0.043187484 1.313468e-22 0.57658714 0.015765002 0.003983003 0.004208559 0.003814585 0.24634558 0.0030811552 0.4696663 0.6020854 0.010966205 0.47097024 0.13013798 0.002482258 0.37486705 0.02583365 0.055409 0.0020837297 0.023746572 0.07889943 0.002411753 0.004781728 6.707199e-05 0.0002034451 0.0139374975 0.0017069431 0.005070245 0.002094626 0.038583394 0.067159615 0.00033075252 0.010086407 0.00046479152 0.068547115 0.00033489047 0.0033202127 0.043774877 0.004194891 0.0020683145 0.00519598 0.00014356694 0.037694156 0.00020343908 0.0069936053 0.014444583 2.205066e-05 0.0020500682 0.008980023 1.1969092e-06 0.006346952 8.124896e-05 0.018934648 0.0070218784 2.1444857e-05 0.00015080652 0.00010523143 8.233152e-05 6.247565e-07 0.00042338905 3.291449e-06 0.0015845657 0.00052632054 7.3227416e-06 0.00064378884 0.011366605 1.6351652e-06 2.0416606e-05 2.9067774e-06 7.838459e-05 1.4055781e-05 8.329372e-06 5.996186e-05 1.4074183e-07 0.00032372848 9.321899e-06 9.763674e-05 0.0029923632 0.003864817 0.00028934795 0.0013488655 0.00012663832 0.00015318619 0.00077647134 1.14391105e-05 0.00020383834 0.0018127045
0.22197412 0.0020070532 0.028756337 0.0024221 0.046037376 0.0070489547 7.5967735e-05 0.0021952435 0.00061406626 0.09504158 0.027519919 0.11027409 0.8230601 0.732659 0.0025697118 0.57658714 2.5754755e-21 0.0111099705 0.0018397471 0.0018138476 0.0016809291 0.007827042 0.00070180884 0.04597968 0.21130082 0.056798186 0.41574916 0.31254765 0.0013730121 0.0907724 0.04681608 0.07818671 0.0015287104 0.03301596 0.0045355293 0.00025972654 0.014040047 3.3175886e-05 0.00020381405 0.02819461 0.00019866256 0.0155504495 0.00061098376 0.029673656 0.03354558 0.0016819151 0.0062564462 0.0009931049 0.015925353 0.0010377041 0.0064092865 0.030913819 0.00035507348 0.005794799 0.005094183 0.00086256734 0.011471289 0.001412432 0.00045986546 0.0034019505 0.0004949006 0.0003937311 0.0028874262 6.664625e-07 0.0051189573 0.0021589072 0.009314219 0.0023487834 2.114384e-05 6.4136424e-05 0.0005626891 0.0015532648 6.690971e-05 0.0031664066 0.00020812351 0.0031295435 0.0030931882 5.1739138e-05 0.0012693316 0.0069126384 7.772729e-05 6.620888e-05 0.00018183228 9.310878e-05 2.6093172e-05 5.4573698e-06 7.179625e-05 4.7921185e-06 0.0008420117 2.8920906e-05 0.0010785796 0.0027231348 0.0052210046 0.00062701246 0.0022805717 0.00024178186 0.00037988558 0.00093241764 3.8258e-05 0.0002668824 0.0012454941
0.1263978 0.4938238 0.04568665 0.6571958 0.25684303 0.020322762 0.6659046 0.6364377 0.018833835 0.020436289 0.20850149 0.0865264 0.022318982 0.023822939 0.004478745 0.015765002 0.0111099705 1.7000232e-18 0.25673994 0.19421841 0.28331247 0.0019077398 0.0030548675 0.010237767 0.049109343 0.0015206442 0.028131189 0.0023407834 0.39406347 0.022117088 0.00846798 0.00050066155 0.19148917 0.00024037389 0.012894953 0.00032033765 0.00020433914 0.00034820123 0.52966696 0.00025937654 0.00021478637 6.502967e-05 0.6140098 0.0012983046 0.055990625 2.6288648e-05 0.092893355 5.498211e-06 0.0521898 2.9414527e-05 0.0001457801 0.060052793 0.0022265455 0.7039966 0.506985 1.3415587e-05 0.13366652 3.38656e-05 0.034346662 0.053452786 2.2064344e-06 0.0072081923 0.020126486 3.1579035e-05 0.14039256 0.00013724466 0.11881666 0.05954851 0.00012892217 0.00138527 1.6302054e-05 0.000555014 1.4957799e-06 0.0038632746 4.6049172e-05 0.40077317 0.017864197 3.3125e-06 1.4818875e-07 0.18232991 1.209287e-06 2.3115835e-07 1.0780565e-06 2.155972e-08 7.927506e-09 3.0977368e-05 0.019546922 1.9056593e-07 0.33436882 2.0233289e-08 0.0089533515 0.016597439 0.0018940269 0.16565372 0.0001450649 0.012724976 0.06443707 6.732073e-08 1.8622178e-09 6.372765e-08 0.0065599233
0.74973065 0.046189968 0.010559078 0.11179671 0.18443416 0.0019226741 0.001652421 0.34328374 0.001198008 0.0043669557 0.38686824 0.15125269 0.030563103 0.0035650316 8.1437e-05 0.003983003 0.0018397471 0.25673994 3.0808426e-13 0.8003636 0.8431632 2.0907351e-05 6.250449e-05 0.00025654837 0.0047013853 0.008091002 0.008516223 0.006055316 0.477621 0.0034981053 0.14326337 0.0010634635 0.41591477 0.0003471826 1.8898272e-05 4.2699608e-06 0.0031124738 2.3815996e-05 0.0077072824 0.011649236 3.3871652e-06 3.0991436e-05 0.0033086012 0.00013615545 0.0025798245 4.2158237e-05 0.45112142 1.4734645e-05 0.00013773295 7.090269e-05 7.079229e-05 0.0036358705 2.4266174e-06 0.36303052 0.00946747 5.1187395e-05 0.00083677075 3.469913e-05 1.6239535e-05 0.0009032342 2.6661919e-05 1.4019729e-05 0.0005263095 1.7316273e-06 0.0036729993 4.1781797e-05 0.43229908 0.0039525293 3.4916675e-06 3.6120684e-06 9.932488e-05 0.0005409249 3.135143e-05 0.0012538127 0.00025890378 0.30519843 0.0025043215 4.7530984e-06 1.3653714e-05 0.38583288 1.416959e-05 9.750386e-07 9.268309e-05 4.009094e-07 1.8329064e-07 2.3747243e-06 0.0003004582 2.9966725e-06 0.021647533 8.478689e-08 0.00784347 0.1995673 0.015680164 0.0147445565 0.0012129947 0.00070421875 0.009806311 2.6758626e-06 2.3759428e-08 3.068124e-07 0.052927155
0.9100566 0.03389271 0.010095414 0.07075769 0.14112866 0.0031256916 0.0020023568 0.23958924 0.0014218402 0.0046502915 0.3272919 0.16832052 0.028513568 0.004161083 0.00022669484 0.004208559 0.0018138476 0.19421841 0.8003636 2.8924844e-13 0.6617404 3.3572807e-05 0.000107064974 0.00016718602 0.0052180057 0.008485008 0.010242016 0.0055972855 0.3553709 0.004511703 0.2244618 0.0012046236 0.33287206 0.0007848 6.645337e-05 8.450137e-06 0.0033848197 1.5192502e-05 0.0044646184 0.030593883 3.1090856e-06 4.5013643e-05 0.0020589086 0.00032245775 0.0034891644 3.153221e-05 0.43752846 4.320761e-05 0.00033135302 3.811459e-05 0.00023631845 0.0055389805 4.4677336e-06 0.23470283 0.005922036 7.69825e-05 0.0038858128 0.00013603603 1.5920074e-05 0.0023239974 9.709798e-05 2.0814545e-05 0.0009675117 1.0543746e-06 0.0063535045 0.00023088904 0.4037332 0.008679637 2.8161176e-06 6.4399023e-06 7.40462e-05 0.00075619906 8.607919e-05 0.0015853229 0.0003661823 0.26230934 0.0034544491 8.595299e-06 3.2559223e-05 0.36187392 1.2871448e-05 3.266448e-06 5.9469654e-05 1.2051469e-06 6.0292956e-07 3.48217e-06 0.0004718044 2.0984448e-06 0.009798131 3.648171e-07 0.003069595 0.3079163 0.023430841 0.009170873 0.0006190297 0.00059915165 0.00875998 4.7889844e-06 4.9018315e-08 4.0123493e-07 0.08958602
0.75690126 0.025908679 0.0060657286 0.060129587 0.07964746 0.002235005 0.0016502636 0.2267005 0.00076686323 0.0036653571 0.19997638 0.08136116 0.01778266 0.0032210634 3.7844824e-05 0.003814585 0.0016809291 0.28331247 0.8431632 0.6617404 1.3418865e-12 3.1335378e-05 7.016312e-05 0.00023145057 0.0063230935 0.006952651 0.0080388775 0.005066434 0.6439789 0.002901457 0.09513476 0.0010592759 0.462629 0.00047836144 2.1134503e-05 2.4359476e-06 0.002034552 2.737474e-05 0.009702177 0.008317795 2.9205094e-06 3.5416593e-05 0.0044845683 0.00022051451 0.0026051763 3.1945732e-05 0.530656 8.700441e-06 0.00016006277 5.2976808e-05 6.4603024e-05 0.004149168 2.7310134e-06 0.42047507 0.010609062 5.373117e-05 0.0015505594 6.774292e-05 1.1323623e-05 0.00073750236 4.4904864e-05 5.829041e-06 0.00034149413 6.9716094e-07 0.0038283789 4.7084897e-05 0.50661814 0.00370597 2.2090917e-06 3.932569e-06 8.33679e-05 0.00044681583 3.4411274e-05 0.0008164611 0.0001869199 0.3337104 0.0015340219 5.3135655e-06 1.9383977e-05 0.5012805 1.1077591e-05 8.2587644e-07 5.5510267e-05 1.1082731e-06 2.730408e-07 2.1635126e-06 5.8160054e-05 1.6230515e-06 0.011668588 1.02229215e-07 0.0041123955 0.2373578 0.011324164 0.0074165887 0.00055238145 0.0002619339 0.0038951123 9.160894e-06 4.9082587e-08 7.60939e-07 0.04976198
0.01966119 0.0023940515 0.015180615 0.0006221648 0.0069151768 0.074115984 0.004160173 0.00014157535 0.041021742 0.26213658 0.00024440643 9.7030956e-05 0.0012295084 0.0388917 0.62075365 0.24634558 0.007827042 0.0019077398 2.0907351e-05 3.3572807e-05 3.1335378e-05 1.5170298e-25 0.075289235 0.843951 0.15123875 0.000119312914 0.021267515 0.0037805976 4.371766e-06 0.07356019 0.00012861652 0.0022767556 1.2574709e-05 0.0022810108 0.6670927 0.22200409 0.0001249031 0.0065489444 2.9672236e-05 0.00013049325 0.20119438 2.1958012e-05 0.00016388966 0.0017030179 0.034874406 2.8660163e-06 0.0015778592 2.2777967e-06 0.057600435 1.442204e-06 1.1707255e-05 0.013852676 0.04962781 0.0001541158 7.0955255e-05 4.7203952e-07 0.009763167 2.6798557e-07 0.025209399 0.0020651857 1.0639629e-07 0.019499334 0.0033303367 0.0020657084 0.00020249833 7.365555e-08 0.004971021 0.0008371104 0.0058962423 0.010444654 9.225275e-07 1.3885814e-07 4.355754e-09 4.8627555e-07 6.151684e-09 4.141338e-05 2.9344378e-06 5.4181182e-08 4.018164e-06 0.0030343195 1.9073111e-08 1.0279565e-07 3.9914365e-08 1.3391964e-07 3.0178633e-08 0.0006514208 0.0011298868 4.3454287e-10 9.783121e-06 2.8418526e-08 4.8784436e-06 0.00062074384 0.0030173475 2.6605381e-05 0.000223478 0.0001923004 7.759053e-06 1.5706968e-05 6.96259e-08 4.612145e-06 0.00046074545
0.0003131708 0.0033320966 0.0041875686 0.00064769475 0.0013193178 0.023702424 0.03641658 0.00013092006 0.2788523 0.022558283 9.5258176e-05 6.50164e-05 0.00016599163 0.00079128426 0.594913 0.0030811552 0.00070180884 0.0030548675 6.250449e-05 0.000107064974 7.016312e-05 0.075289235 3.3926643e-21 0.009698564 0.0010751719 2.438123e-06 0.00024272378 1.4416576e-05 0.00010687137 0.0009808317 7.652779e-05 1.5475536e-05 0.0001594328 4.7395324e-06 0.03548511 0.1915372 1.7775925e-06 0.77558047 0.0010559979 8.8571345e-05 0.034460753 2.1192935e-05 0.0008992102 2.2502838e-05 0.0009876061 2.5175177e-07 0.0026642298 5.0330743e-07 0.0016180251 9.043775e-06 8.459805e-06 0.0005796258 0.0057239835 0.008726532 0.0014238756 5.2213027e-06 0.0002144904 7.3155234e-06 0.0058090994 0.00016663923 2.4374024e-06 0.004535525 0.0003441211 0.005196059 3.1568285e-05 1.9094023e-06 0.0091289785 3.447559e-05 0.0016841085 0.002606569 5.014188e-07 1.8545874e-06 3.078476e-07 2.611265e-06 4.2524962e-07 0.00082587416 2.8506965e-06 1.2856023e-06 3.264004e-06 0.0037466933 2.8805707e-07 1.1114124e-06 3.8632007e-07 1.868738e-07 1.0307681e-07 0.00041497592 0.00029319737 2.4358336e-08 7.730853e-06 7.413155e-07 6.150339e-06 0.00027342376 0.0012306633 1.2843442e-05 0.00063546526 0.00015373692 6.4253322e-06 4.00107e-05 5.8031155e-06 4.3489516e-05 0.00010142917
0.1353097 0.0039545083 0.018542008 0.0018083593 0.020708444 0.03057176 0.0018586272 0.000932262 0.007506343 0.1848638 0.001769335 0.0017877406 0.013330065 0.10810838 0.14784233 0.4696663 0.04597968 0.010237767 0.00025654837 0.00016718602 0.00023145057 0.843951 0.009698564 6.1311386e-24 0.42346868 0.0014407656 0.1129858 0.022907877 5.1771658e-05 0.3014092 0.0015297575 0.018701874 5.582663e-05 0.018988091 0.48833224 0.03277316 0.0016998182 0.00074725336 8.696181e-05 0.00096951926 0.054277256 0.0011544448 0.00032113108 0.025052283 0.115610234 0.0001181683 0.0030174034 8.226088e-05 0.1408981 3.0230645e-05 0.0010582667 0.056329757 0.031682227 0.0012334086 0.000887638 1.9520774e-05 0.048542537 1.809893e-05 0.032898504 0.015500028 5.1117463e-06 0.015587658 0.0134607125 0.00022877545 0.0062654708 2.7384163e-05 0.007910006 0.011425254 0.0015006737 0.0061523747 2.4671795e-05 2.209495e-05 7.1175043e-07 8.451303e-05 9.547654e-07 0.0002180735 0.00024081352 1.1278966e-06 4.9225167e-05 0.0053413445 2.1992603e-06 1.0042542e-05 4.4150893e-06 2.0677721e-06 9.002681e-07 0.00055325957 0.0020049738 4.334349e-08 0.00026090647 1.3630068e-06 3.973698e-05 0.0009121586 0.005408465 0.0006547133 0.00086063234 0.0008819449 0.00020120628 0.000113134935 2.539014e-06 2.1491576e-05 0.0010012863
0.18968871 0.006135828 0.04608919 0.0032254297 0.089003265 0.012932022 0.0015586 0.0037091114 0.0028680903 0.16040333 0.022648377 0.043260213 0.1929 0.25492525 0.011629844 0.6020854 0.21130082 0.049109343 0.0047013853 0.0052180057 0.0063230935 0.15123875 0.0010751719 0.42346868 3.3327207e-22 0.020181447 0.7787596 0.23065437 0.00423072 0.78904045 0.025584094 0.11835643 0.003482031 0.06529424 0.13419837 0.0014009966 0.011136724 0.0001034646 0.0013730612 0.013025633 0.00392415 0.02720203 0.005187988 0.09531598 0.17266735 0.0032245594 0.013901099 0.001982527 0.20803264 0.00392634 0.016742896 0.0894209 0.018931912 0.039994255 0.029134002 0.00164736 0.11308185 0.0036077963 0.024873873 0.037259642 0.0007957244 0.008028181 0.028790727 1.889028e-06 0.028821519 0.0032768603 0.02038875 0.023653513 2.8307833e-05 0.00046650675 0.0016510773 0.0017822939 2.2364953e-05 0.0045019467 0.00019092404 0.003815212 0.0074872863 8.0640355e-05 0.0014773614 0.014004964 2.2893268e-05 8.558609e-05 3.9362145e-05 0.0001257173 4.449919e-05 3.3291377e-05 0.0004425842 1.4117599e-06 0.0019318897 3.083386e-05 0.00040323002 0.0020492852 0.01449037 0.0014498482 0.0033444792 0.0006417421 0.00068790663 0.0027183334 7.856323e-05 0.0011761637 0.0014686947
0.23172963 0.00044246792 0.0074950624 0.00080423773 0.029527323 0.00088566355 1.6099455e-05 0.0018875786 2.6388216e-05 0.004625329 0.023545496 0.24445558 0.3333977 0.02826787 4.7078072e-05 0.010966205 0.056798186 0.0015206442 0.008091002 0.008485008 0.006952651 0.000119312914 2.438123e-06 0.0014407656 0.020181447 2.037993e-19 0.092549354 0.39200413 0.0100469785 0.0071653384 0.2353784 0.16474803 0.0060375556 0.12719606 7.7905555e-05 1.0803134e-06 0.69815916 8.531016e-07 0.00059248286 0.12869535 5.5454393e-07 0.112120464 0.0017714521 0.045510095 0.0063849594 0.008721407 0.02571064 0.0067614582 0.00032292615 0.011537524 0.021516267 0.009397522 1.8074757e-06 0.00782609 0.006047263 0.0044442234 0.00042392118 0.0033724355 2.399765e-06 0.00012621644 0.0016283246 3.4018071e-06 6.313468e-05 2.0659003e-09 0.00035086682 0.0024223758 0.024812182 0.00021010562 2.2873245e-08 4.1842924e-07 0.0016820828 0.0009312539 0.00019464309 0.0006876639 0.00036588262 0.021954916 0.0006169037 0.0009188126 0.010116777 0.020849641 0.00016172082 0.00067024387 0.00018762519 0.00039360928 0.00019787879 2.1521467e-08 2.4929418e-06 2.4475594e-05 0.0005837578 0.00012235335 0.00078001566 0.031576037 0.060574654 0.00044524323 0.025185494 1.2855316e-05 0.0002263194 0.0042293807 0.0006654721 0.0031944884 0.026094725
0.39745843 0.0015002831 0.021012785 0.0017411085 0.07598259 0.0031848985 0.00010160935 0.004572471 0.0005019404 0.05315789 0.033644594 0.15480343 0.590181 0.25162446 0.0024953634 0.47097024 0.41574916 0.028131189 0.008516223 0.010242016 0.0080388775 0.021267515 0.00024272378 0.1129858 0.7787596 0.092549354 6.214107e-19 0.64972883 0.008742565 0.68638897 0.06820258 0.3020612 0.007794829 0.19288972 0.02836898 0.00023551723 0.046546537 5.162149e-05 0.00043885777 0.07543883 0.00074254844 0.14877027 0.000737609 0.3257757 0.29037315 0.016479958 0.013914734 0.0064600077 0.13106327 0.018686963 0.05224788 0.27809572 0.0031734868 0.10341829 0.0088602565 0.009815031 0.070389256 0.014294956 0.006147445 0.031244462 0.0068827076 0.0030359388 0.019426914 2.2863542e-06 0.04972199 0.02555288 0.02485421 0.016829165 1.5984364e-05 0.00011018426 0.0039379215 0.015193042 0.0006412365 0.02236207 0.0025943168 0.01098801 0.032896787 0.0012269052 0.006790874 0.020472752 0.00029995636 0.0023091526 0.0007387255 0.0010845822 0.0007557201 3.6954225e-05 0.00021468071 6.2848245e-05 0.0039789374 0.00072683673 0.0059885294 0.0024503774 0.009414232 0.0011589532 0.0044181137 0.00053477514 0.001343273 0.0049474984 0.0003901445 0.002329867 0.0008866562
0.7721701 0.00038809757 0.0106736105 0.0006997288 0.021151649 0.0017588749 1.7021142e-05 0.0014604958 0.0002866544 0.013251518 0.031108461 0.23194839 0.6656704 0.1365068 0.0005774613 0.13013798 0.31254765 0.0023407834 0.006055316 0.0055972855 0.005066434 0.0037805976 1.4416576e-05 0.022907877 0.23065437 0.39200413 0.64972883 5.919215e-19 0.0059365057 0.104470596 0.23405327 0.84363395 0.005294559 0.65516263 0.0018477255 1.4968495e-05 0.20444076 1.1007155e-06 1.24015805e-05 0.24915555 7.5143457e-06 0.31401345 0.00017202488 0.28809902 0.054152556 0.04896561 0.011560549 0.019232407 0.012091331 0.02699691 0.10933918 0.057992205 1.2493842e-05 0.005067313 0.00090086507 0.01915984 0.0087509025 0.024829576 3.962765e-05 0.0019737086 0.0073681143 2.9528579e-05 0.00057105627 5.0143438e-08 0.0031181767 0.017327467 0.014705785 0.00059216603 7.555971e-07 2.2557342e-06 0.0037740972 0.00725465 0.0008061502 0.0067845336 0.0019131858 0.005712627 0.0039903866 0.0021059248 0.023570323 0.008656135 0.00045728916 0.0033461016 0.00046401314 0.0028431066 0.0015719789 2.1364592e-07 2.6215443e-05 0.00016187018 0.00028230768 0.0011346386 0.00046375435 0.008068186 0.06888149 0.00015278629 0.041364804 3.1748925e-05 6.444489e-05 0.010854695 0.002812812 0.007676802 0.0059111966
0.81523025 0.01685218 0.010335667 0.08356366 0.07365487 0.0014156805 0.0008890193 0.20462875 0.00037044164 0.0013705887 0.13887823 0.08857679 0.026316255 0.0029336745 3.522943e-05 0.002482258 0.0013730121 0.39406347 0.477621 0.3553709 0.6439789 4.371766e-06 0.00010687137 5.1771658e-05 0.00423072 0.0100469785 0.008742565 0.0059365057 8.767967e-14 0.0019622564 0.064151175 0.0011200439 0.80175394 0.0005676231 1.07473825e-05 7.896619e-06 0.002299753 1.343214e-05 0.030619152 0.009441782 5.280644e-06 1.5614369e-05 0.014349091 6.194538e-05 0.0015405865 3.341965e-06 0.6156514 9.441152e-06 5.283462e-05 5.7490392e-06 2.3669272e-05 0.0018892245 6.4978735e-06 0.6099556 0.030432498 1.5618138e-05 0.0004296088 3.1567623e-05 1.9664594e-05 0.0002065027 1.7142538e-05 2.320151e-05 8.1752776e-05 4.955974e-07 0.0012954815 3.1363154e-05 0.6122201 0.0006047182 1.0068687e-06 7.0906244e-06 2.7138636e-05 0.0005803866 1.7672792e-05 0.0021484038 9.768554e-05 0.47335574 0.003112722 9.343522e-07 1.1037254e-05 0.60206145 1.9335845e-05 1.7112988e-07 7.271824e-05 1.4969407e-07 4.142165e-08 6.2254634e-07 5.3111267e-05 3.212061e-06 0.00947377 1.56482e-08 0.005102543 0.29478592 0.017773138 0.0031521402 0.0006485041 6.5317625e-05 0.0021395616 6.0777427e-07 2.636346e-09 2.897765e-08 0.08062093
0.1753422 0.0019748816 0.027665908 0.0015046468 0.0314425 0.0063244025 0.00027251936 0.0015676927 0.002474345 0.06421598 0.0071797073 0.013282515 0.07868534 0.10815112 0.0077299327 0.37486705 0.0907724 0.022117088 0.0034981053 0.004511703 0.002901457 0.07356019 0.0009808317 0.3014092 0.78904045 0.0071653384 0.68638897 0.104470596 0.0019622564 1.2338009e-20 0.014411002 0.07247127 0.0018392954 0.049756024 0.15396346 0.0011157485 0.004628747 7.494347e-05 0.00021072928 0.007493383 0.0041047623 0.03051846 0.0010320729 0.11678325 0.3160476 0.0023715368 0.0075342343 0.0010691576 0.34472 0.003704325 0.021339925 0.17834139 0.026786504 0.001736694 0.007825464 0.003101382 0.1999762 0.0059550502 0.045181863 0.07982996 0.001972656 0.014763399 0.05370472 4.427127e-06 0.072375916 0.0067761894 0.009574924 0.06610778 4.1421954e-05 0.0005749127 0.0021696773 0.0038115936 7.145492e-05 0.008808526 0.00040287932 0.0004033135 0.013156251 0.0001381667 0.0015766949 0.0073571918 4.6684632e-05 0.000119816104 7.8766985e-05 0.0001622999 7.935517e-05 6.423779e-05 0.002672809 2.9297848e-06 0.00721848 3.5081077e-05 0.0014803445 0.00080509955 0.0090914285 0.010210281 0.0031381315 0.0035429178 0.005574103 0.0024636255 7.3596966e-05 0.0010299737 0.0006046297
0.8769099 0.00401252 0.032697104 0.007214275 0.16609569 0.0037850437 0.00011537336 0.05446274 0.0002757491 0.010192089 0.34744227 0.7911387 0.49712798 0.040893536 0.0002552457 0.02583365 0.04681608 0.00846798 0.14326337 0.2244618 0.09513476 0.00012861652 7.652779e-05 0.0015297575 0.025584094 0.2353784 0.06820258 0.23405327 0.064151175 0.014411002 8.395977e-18 0.07962629 0.08210637 0.06903246 0.00013000447 7.680844e-06 0.12797675 8.828465e-06 0.00038598076 0.7854155 1.3906745e-06 0.029828535 0.0016398949 0.0065196273 0.006255659 0.0038983289 0.114340246 0.007160424 0.0009037228 0.0018650879 0.0033772537 0.005153443 2.4859332e-06 0.040360544 0.006151506 0.000606986 0.00033516108 0.0005345686 1.0416809e-05 8.9324e-05 0.00019312321 3.3547572e-06 3.1298165e-05 1.2057469e-08 0.0013185776 0.00024452043 0.082349315 0.00035642038 5.798621e-07 2.2534355e-06 0.0001316815 0.00031673908 2.6282582e-05 0.00029702776 9.491775e-05 0.07608691 0.0012769559 1.9326904e-05 0.001248013 0.074082986 7.3595943e-06 1.336756e-06 5.6105342e-05 2.340876e-05 3.5973515e-06 2.235981e-07 7.2800985e-06 9.605448e-07 0.001069204 8.417558e-07 0.002472886 0.17905134 0.1619759 0.0016618622 0.010897828 4.7788126e-05 8.2221195e-05 0.00012818059 1.8001369e-06 4.7842346e-05 0.21585384
