6.0215324e-37 0.75546736 0.69039744 0.42400038 0.36535946 0.56494033 0.7644368 0.78047717 0.84432447 0.8563424 0.8710225 0.80368024 0.54618305 0.7347498 0.7356625 0.73269963 0.631787 0.59914 0.55682176 0.7033122 0.84686023 0.085264 0.9225088 0.10157291 0.8763522 0.8463438 0.7519315 0.7100388 0.08940553 0.23747806 0.38730204 0.67364144 0.78099984 0.6054651 0.6393058 0.9064455 0.5392883 0.59228534 0.038038854 0.8949715 0.017099736 0.66801655 0.05171181 0.13522024 0.9471282 0.052520968 0.048457872 0.536142 0.2262757 0.06456239 0.8130925 0.023663238 0.8169584 0.97359806 0.031445317 0.39540696 0.9669216 0.36864477 0.19710429 0.41571686 0.112262316 0.08637108 0.0053080097 0.99224895 0.004207963 0.9763823 0.028028686 0.013143961 0.4278068 0.0065416284 0.60918677 0.0068288827 0.9991173 0.99119776 0.008784629 0.00803974 0.0014865614 0.0016306827 0.0037497443 0.0007614904 0.002758634 0.0018676205 0.0006845027 0.67951185 0.00104089 0.009457657 0.0042004515 0.0005648941 0.7914023 0.0003921989 0.0005057867 0.0035956337 0.07413453 0.0070349257 0.00088633026 0.0004318671 0.04032546 0.00023175424 0.22228946 0.09656764 0.7410347
0.75546736 3.9765165e-21 0.34243757 0.18656124 0.1500698 0.3261486 0.6128024 0.12336181 0.07312002 0.56825924 0.050570533 0.064624436 0.74921644 0.25368857 0.08069011 0.13015711 0.07245454 0.033627033 0.028059335 0.04798926 0.029908437 0.2653573 0.34757125 0.08108324 0.0052804984 0.004316022 0.001986385 0.00075023563 0.13850228 0.0873962 0.0703231 0.00036966262 0.0011606509 0.04730277 0.00038170008 0.0069997115 0.009635109 0.004777286 0.15018642 0.047334578 0.08465979 0.04067089 0.14303654 0.019688923 0.23136838 0.005042484 0.035821635 0.0004430124 0.00042704906 0.019516 0.08883634 0.012461655 0.00017088145 0.06793533 0.025958916 3.6581456e-05 0.024868732 3.1847812e-05 8.155517e-06 1.4747425e-05 0.0075287977 0.049887538 0.011981874 0.118058145 0.011905563 0.1872085 0.00013775344 0.0014423514 0.014280928 0.013002394 0.00010045659 0.003663872 0.0072627077 0.062029943 0.0017589369 0.0045206165 1.8743696e-05 6.8389185e-05 0.00054704206 0.0030881327 0.00032027168 0.0002520503 0.0015382147 0.0012516646 0.0016244687 2.1399033e-05 3.9976905e-05 6.192866e-05 0.0011921583 4.5728742e-05 3.1330506e-05 0.00035695493 2.3798673e-07 1.2123939e-05 2.3315863e-06 7.925647e-05 0.0012582266 8.513965e-05 0.043331683 6.768748e-06 0.000489178
0.69039744 0.34243757 4.604434e-22 0.6655207 0.6747731 0.7619742 0.0626763 0.4594851 0.24415864 0.31552556 0.09675387 0.09223455 0.07394071 0.021333328 0.06628441 0.002883113 0.0067318003 0.002395935 0.0013338209 0.0036491281 0.027781386 0.044993624 0.10241798 0.035135012 0.0058389255 0.005110331 0.00426177 0.002466569 0.045073655 0.033020053 0.037008267 0.00063864124 0.00119274 0.0016305165 0.00047245773 0.007368096 0.0069622053 0.0051964726 0.018107954 0.05426168 0.015715532 0.0015197344 0.023523033 0.0001994456 0.028527377 0.0049002822 0.0014110276 0.0011132722 0.001002124 0.00026036886 0.004094181 0.0005687578 0.00046421695 0.081338525 0.0062177978 8.724657e-05 0.048785746 7.049687e-05 3.618466e-05 3.3382814e-05 3.6416657e-06 0.023819324 0.00080908 0.03791999 0.0009320392 0.010702529 0.0007218893 2.617632e-05 0.00044375658 0.0040155845 0.00010759592 0.00038025097 0.018524747 0.0068008164 0.0014288067 0.00072950136 4.8398892e-06 5.487365e-05 0.0003878062 0.00030073285 0.00024563624 3.0012387e-05 0.00015526649 0.0016383575 0.00012441224 1.875031e-05 2.9665418e-05 0.00018835666 0.0012599647 0.000121269746 1.6760514e-05 4.0851814e-05 1.3308488e-06 9.3140784e-08 6.464417e-06 0.0003097452 1.1207881e-05 0.00027073067 0.0038504233 5.394818e-06 0.00025304113
0.42400038 0.18656124 0.6655207 6.744877e-22 0.76796055 0.1764928 0.051746704 0.18965985 0.15789379 0.38321528 0.13425428 0.04706112 0.02667135 0.014850523 0.023955543 0.0039308206 0.0027954967 0.0009621964 0.0009218478 0.0011889979 0.03240201 0.014111185 0.124889545 0.014156421 0.004227044 0.0022273639 0.00083101547 0.0005523635 0.01672128 0.010706524 0.0111466 0.00013176781 0.00024984372 0.0015553045 0.00010565419 0.011415511 0.002209136 0.0008347124 0.0070219953 0.06856049 0.006525204 0.00076234416 0.008395872 0.000113307804 0.021980297 0.0016134441 0.00073800684 0.00017467789 0.00013058352 8.718477e-05 0.0029269732 0.00020871365 0.0001513702 0.09901988 0.0013117626 1.7273564e-05 0.055676773 1.3200797e-05 9.625212e-06 5.516183e-06 4.7595895e-06 0.007297109 0.0002597327 0.06491916 0.00050376315 0.013991994 0.00010717051 2.5145566e-05 0.00030865445 0.0023743783 8.1179554e-05 0.00066594157 0.038075168 0.014469544 0.0006139011 0.00078830606 5.051961e-06 3.1735817e-05 0.0002588719 0.00013689276 0.00028673533 5.8932343e-05 0.0001091449 0.0030021062 9.196051e-05 1.3124264e-05 3.7028873e-05 0.00019735147 0.0028023685 0.00011544876 1.9317082e-05 0.00010840257 1.693564e-06 3.5148182e-07 6.533591e-06 0.00024625685 1.9567762e-05 0.00012689171 0.0061882935 3.5419175e-06 0.0009224813
0.36535946 0.1500698 0.6747731 0.76796055 3.2358338e-21 0.1852867 0.035761796 0.22543743 0.22287767 0.43105882 0.23667619 0.04667048 0.017838176 0.010116033 0.024227057 0.0020497486 0.0021560895 0.00056273234 0.0006592721 0.00088165514 0.042249817 0.009846039 0.114968166 0.0122920945 0.00657874 0.002638121 0.0008246086 0.0006057355 0.012317035 0.009429548 0.009722934 0.00013602164 0.00022796376 0.0010278694 9.837727e-05 0.017343894 0.0017208682 0.00068254286 0.004681013 0.10244655 0.004688897 0.00051845284 0.0058182194 5.9390535e-05 0.019623926 0.0010855518 0.00053078734 0.00013766703 9.525308e-05 5.2227497e-05 0.0021534713 0.00011722231 0.00015182198 0.12945454 0.0009367308 1.4559857e-05 0.07839252 8.871763e-06 6.686822e-06 4.3131186e-06 3.1597003e-06 0.0052457997 9.7201e-05 0.07222607 0.0003229095 0.0137740765 6.5117485e-05 1.589868e-05 0.00027326343 0.0016017532 0.00017447842 0.00039807856 0.058874 0.016711988 0.00044900095 0.0005462954 2.708014e-06 2.6553795e-05 0.000193114 8.914419e-05 0.00026590555 3.665007e-05 6.142147e-05 0.0072752065 4.8354577e-05 1.2731201e-05 4.383408e-05 0.00019209711 0.007064231 8.607139e-05 1.2815974e-05 7.112524e-05 2.518847e-06 2.1008024e-07 5.5554356e-06 0.00020223799 1.3989904e-05 7.858834e-05 0.0055795014 5.7428033e-06 0.0027952457
0.56494033 0.3261486 0.7619742 0.1764928 0.1852867 7.8604776e-23 0.042056024 0.71533525 0.30045703 0.21200612 0.09513602 0.33212504 0.118744604 0.011991071 0.423679 0.00088615867 0.004924372 0.0017184778 0.00045137815 0.0036790047 0.031573437 0.072425194 0.054853138 0.16418396 0.011970133 0.012981622 0.02978491 0.015501669 0.13820481 0.27116832 0.31574658 0.0029105374 0.0050534746 0.00044483112 0.0022166597 0.012460086 0.07903019 0.051472932 0.022546211 0.040581703 0.029598001 0.0009667803 0.052080784 4.4500124e-05 0.01293175 0.04591199 0.0012339234 0.010956237 0.016622523 9.702227e-05 0.0017702397 0.00032546633 0.0014430481 0.055243123 0.037282445 0.00031050295 0.034886174 0.0001712036 0.002533316 9.086842e-05 1.9978463e-06 0.1115142 0.00083641533 0.0126589 0.00057686516 0.0045439224 0.0047716107 5.877471e-06 7.8728845e-05 0.008945879 0.00019912592 0.000205952 0.0061966944 0.0019680343 0.015149658 0.004416789 3.6657096e-07 0.0012231001 0.006705645 0.00089038286 0.0063664145 7.1559693e-06 0.00031779174 0.0014268294 0.00017546744 6.969695e-05 9.489765e-05 0.0038571896 0.0009870336 0.0034166744 0.00011455852 8.343953e-06 3.8516882e-06 1.6982689e-08 1.2603006e-05 0.0071004643 9.882891e-07 0.00084824464 0.0014008996 2.6104573e-05 0.00019536466
0.7644368 0.6128024 0.0626763 0.051746704 0.035761796 0.042056024 5.327301e-21 0.012838582 0.005804816 0.5495081 0.0047790273 0.0027809115 0.48833942 0.6193362 0.0018109818 0.71661854 0.36640936 0.2754786 0.31010747 0.257289 0.0036313143 0.097721756 0.3511955 0.0053787804 0.0008437041 0.00045227614 2.374037e-05 1.5563837e-05 0.01567192 0.0011360542 0.00064371055 3.6387897e-05 0.00014607234 0.25754127 5.715978e-05 0.0015502111 7.46958e-05 3.7914328e-05 0.09049093 0.015699938 0.032555398 0.17953448 0.019274464 0.045387227 0.40697098 1.5757363e-05 0.040172305 9.645585e-06 7.1125546e-06 0.05415887 0.30120957 0.028751932 3.4477926e-05 0.030673442 0.00043464432 4.417882e-06 0.0050772224 3.7744892e-06 3.1251473e-06 1.980755e-06 0.02707464 0.0029006202 0.007383075 0.16287817 0.01288695 0.41560054 9.960941e-06 0.009849072 0.032474443 0.0013764221 1.2348626e-05 0.0023233208 0.0037019306 0.12365628 0.0003230355 0.00039313437 0.0005773627 4.3221685e-06 8.54314e-05 0.0005784937 1.4666889e-05 0.000925221 0.0004082928 0.00052229466 0.0008317493 7.1974996e-06 1.6991318e-05 3.4845852e-06 0.0005935659 8.885344e-06 1.7814551e-06 0.0007958143 3.474363e-07 0.00033862208 1.3415427e-06 8.442051e-06 0.0046692765 1.3341153e-05 0.061737075 3.7627365e-06 0.00016700466
0.78047717 0.12336181 0.4594851 0.18965985 0.22543743 0.71533525 0.012838582 1.3962667e-21 0.8156696 0.22038457 0.39369687 0.59695137 0.057505492 0.0039874464 0.5111675 0.0004091767 0.002533503 0.0008126942 0.0003867763 0.0013696427 0.12761848 0.0304838 0.041434992 0.053556558 0.04886757 0.046447724 0.04609354 0.033583626 0.042716525 0.10151235 0.17053317 0.010766799 0.011441424 0.0003032916 0.0063065807 0.050642855 0.059215344 0.03882268 0.0074304184 0.15004113 0.012614725 0.0004901991 0.02200448 2.648435e-05 0.0049248417 0.027220147 0.0010970905 0.011021784 0.013532127 0.000100094345 0.00096126 0.00028380723 0.002685474 0.16624603 0.008245493 0.0007303875 0.1439336 0.000555148 0.0027692234 0.00036451285 2.233506e-06 0.04315313 0.00026648538 0.023128629 0.0005173391 0.0028064365 0.0031405147 1.7602499e-05 7.337425e-05 0.0041083912 0.0033257236 0.00024439034 0.03530988 0.0017538958 0.0065178713 0.002869736 3.5688938e-06 0.00088931783 0.0021926656 0.0004573583 0.001269357 9.7767654e-05 0.000310107 0.012223451 0.00023729517 0.00046399678 0.00060528505 0.0015566333 0.010109191 0.0010008318 0.00019244588 8.5557534e-05 3.736128e-05 8.9630376e-08 0.00013187894 0.0020026453 6.991335e-06 0.00094999984 0.0014464769 0.000111095884 0.0046291063
0.84432447 0.07312002 0.24415864 0.15789379 0.22287767 0.30045703 0.005804816 0.8156696 7.081231e-21 0.22974911 0.79577225 0.5158385 0.026520997 0.0013245692 0.35486573 0.0002365861 0.0006913386 0.00022592435 0.00011226565 0.0004954191 0.2659714 0.014765779 0.036938816 0.029018067 0.11250534 0.09712068 0.03751608 0.040628754 0.020196663 0.045512103 0.11044954 0.015129718 0.018921908 0.00020199956 0.007943911 0.099803396 0.04382775 0.030046871 0.0019792248 0.25197655 0.007009434 0.00025061623 0.009252542 1.1631834e-05 0.0041477117 0.014855821 0.00077822607 0.009292755 0.010056449 5.1005438e-05 0.0005484867 0.00020500357 0.0021216867 0.25748387 0.0026822402 0.0004969025 0.26367894 0.00038372425 0.0017602658 0.00028630826 4.0648074e-06 0.020946328 0.00010971073 0.034112014 0.00017618293 0.0037921814 0.0018457257 1.0005183e-05 6.839826e-05 0.002513954 0.0047682896 0.00015820826 0.08463591 0.004239626 0.0030342715 0.002135054 2.377355e-06 0.00052930013 0.0017150561 0.00012917607 0.0006480357 7.2425486e-05 0.00014103497 0.02550643 8.244938e-05 0.00027439444 0.0003133145 0.0009699455 0.024682151 0.00066266523 0.00016045006 6.7302724e-05 2.5900488e-05 1.08386594e-07 8.166775e-05 0.0010339665 8.603869e-06 0.0006218895 0.0019141128 4.378394e-05 0.014174011
0.8563424 0.56825924 0.31552556 0.38321528 0.43105882 0.21200612 0.5495081 0.22038457 0.22974911 3.3401954e-20 0.24704283 0.12915422 0.23926398 0.4918675 0.09723553 0.051519934 0.23329164 0.08064717 0.030862972 0.11822914 0.047080122 0.047441144 0.7112306 0.012498568 0.009624943 0.006516367 0.0009803327 0.0009092833 0.020319428 0.012375785 0.010312353 0.0010082222 0.0020432337 0.015337106 0.00077910785 0.017459871 0.0012882183 0.0005717415 0.018924285 0.17427155 0.014044219 0.02167396 0.0070915855 0.01031107 0.2975487 0.00021909809 0.0063660746 6.3747066e-05 7.742434e-05 0.008483111 0.06389403 0.0046834312 0.00027939174 0.23795484 0.001141333 5.4908203e-05 0.07660899 5.0422794e-05 1.5324515e-05 4.048654e-05 0.0048645185 0.0049403645 0.001302872 0.34760946 0.0010693034 0.2478109 0.0001064869 0.00034948022 0.003988047 0.0022009423 0.0002520248 0.000379016 0.15292688 0.20182154 0.0011162712 0.0030254673 7.373448e-06 1.7260092e-05 0.00048262178 0.00038682704 0.0008441584 7.986133e-05 0.000201512 0.013073865 0.00016408577 3.7269303e-06 1.6493712e-05 0.00033167202 0.015292946 0.00032618258 3.130996e-05 7.522489e-05 6.822496e-07 2.1860686e-05 2.988379e-06 0.0002544289 0.00032430046 7.000519e-05 0.10277758 1.4547579e-06 0.004823492
0.8710225 0.050570533 0.09675387 0.13425428 0.23667619 0.09513602 0.0047790273 0.39369687 0.79577225 0.24704283 1.3945693e-20 0.28022984 0.009545939 0.0008698235 0.16153808 0.00018955157 0.0005940657 0.00017127774 7.510374e-05 0.00037010922 0.63000244 0.005370625 0.03343725 0.013617272 0.22572486 0.15556896 0.03549974 0.04623886 0.010005069 0.023406954 0.060584385 0.020443259 0.028444443 0.00019922851 0.011226933 0.22902444 0.022317734 0.016818168 0.00064301695 0.5123393 0.002243283 0.00031406837 0.0027928825 9.5971645e-06 0.0047096824 0.005813721 0.00031513555 0.0054542306 0.0048904764 2.1293703e-05 0.00059211487 6.543659e-05 0.0021719744 0.41495192 0.0009269821 0.00037258875 0.44736016 0.00029701355 0.00057308987 0.00021862928 3.908446e-06 0.010595695 3.3152577e-05 0.055474997 6.908555e-05 0.0047200625 0.00077762885 3.7188213e-06 8.116802e-05 0.0010002202 0.005018667 6.346452e-05 0.16485998 0.008945785 0.0012746673 0.0011233409 1.4648009e-06 0.00016017807 0.00056448695 3.983848e-05 0.00021888045 2.141755e-05 3.3229207e-05 0.030967116 1.983219e-05 0.00012554631 0.00022622402 0.0001450736 0.029913729 0.00012781864 4.3880416e-05 4.188912e-05 1.1089777e-05 7.589397e-08 1.9065848e-05 0.0002013564 1.3388695e-05 8.6574466e-05 0.0020345713 1.075258e-05 0.024558675
0.80368024 0.064624436 0.09223455 0.04706112 0.04667048 0.33212504 0.0027809115 0.59695137 0.5158385 0.12915422 0.28022984 5.891118e-21 0.031014958 0.0009593894 0.8494884 0.00011465361 0.0005369242 0.00017273471 9.893407e-05 0.0005574744 0.20486228 0.018498663 0.016759988 0.0377864 0.1373443 0.16850442 0.14556533 0.13720529 0.025331728 0.11380536 0.28676805 0.07002105 0.06842101 6.190628e-05 0.043303758 0.09808062 0.15072346 0.107107915 0.0020018795 0.17213546 0.008953646 7.332605e-05 0.018064635 6.0212365e-06 0.0016148764 0.048835624 0.00070639537 0.04849388 0.047234178 3.4276498e-05 0.00010991579 9.649168e-05 0.0074634855 0.17174608 0.0072894786 0.0032944405 0.20017017 0.001873403 0.017869761 0.0011902658 4.4047076e-07 0.046473946 8.9940826e-05 0.014937907 0.0001075757 0.0019031786 0.0082401 1.7552234e-06 1.2402646e-05 0.004050942 0.009162332 0.00010045239 0.03094045 0.0011514161 0.008495246 0.0030164442 5.7285024e-07 0.002161502 0.003299125 0.00021658662 0.0014117954 5.1178024e-05 0.00016906063 0.027497418 0.00012727408 0.0012376665 0.0012566707 0.0015801585 0.022323858 0.0009589233 0.00040712135 6.906605e-05 7.101375e-05 4.7517155e-08 0.00032653243 0.002069376 1.0624325e-06 0.0010395705 0.0007686806 0.00012916632 0.013000099
0.54618305 0.74921644 0.07394071 0.02667135 0.017838176 0.118744604 0.48833942 0.057505492 0.026520997 0.23926398 0.009545939 0.031014958 1.7509225e-22 0.11241691 0.046458855 0.20113389 0.034155592 0.020969812 0.026236465 0.022278382 0.0033150236 0.6797619 0.09688483 0.07350058 0.0004369843 0.0002166114 0.00010928572 2.896413e-05 0.14286706 0.08017098 0.02645286 3.2241333e-05 0.00016447714 0.046667166 4.5095923e-05 0.001324652 0.0013101473 0.00043434388 0.6255817 0.008218682 0.43928775 0.022537563 0.3551994 0.08775973 0.07078445 0.0019637914 0.22578411 9.087111e-05 0.00019865819 0.08903576 0.03323455 0.061065614 2.1410913e-05 0.00762643 0.042768907 1.7752454e-05 0.0021035452 1.0051576e-05 1.7333621e-06 1.7927804e-06 0.01047835 0.049289126 0.08139987 0.018151766 0.072825804 0.039610565 9.2535465e-06 0.007004048 0.021507552 0.04306292 3.2549007e-05 0.026229855 0.00058346445 0.011282888 0.0007270454 0.019623972 0.0015578852 7.4334616e-06 0.00015419959 0.018519673 0.0007028923 0.0061094356 0.01934107 0.00040324967 0.022414977 3.793731e-06 2.2383888e-06 0.00012161754 0.000391068 8.421759e-05 2.2460679e-06 0.007345764 3.357015e-07 5.9032078e-05 6.142692e-07 2.1564501e-05 0.0021256423 1.6261898e-05 0.029278371 5.2397095e-06 0.00054310285
0.7347498 0.25368857 0.021333328 0.014850523 0.010116033 0.011991071 0.6193362 0.0039874464 0.0013245692 0.4918675 0.0008698235 0.0009593894 0.11241691 4.059574e-21 0.00039278658 0.6570165 0.6409183 0.54854244 0.5533075 0.513818 0.0010606821 0.01816729 0.37128422 0.0013206842 0.0001803615 4.4361906e-05 7.292022e-06 7.850964e-06 0.00526772 0.0003857305 0.00021678211 1.7525522e-06 1.2228539e-05 0.32602945 3.759537e-06 0.0006954166 2.7211436e-05 1.4202072e-05 0.025392916 0.0058142785 0.008643139 0.18568577 0.0027779206 0.016172763 0.4250576 1.040687e-05 0.007829547 6.7263095e-06 1.9046265e-06 0.013578019 0.25269538 0.006200652 6.3359143e-06 0.014968198 2.2989689e-05 4.0428196e-07 0.0031100765 3.3699547e-07 4.5295616e-07 1.63579e-07 0.009388424 0.001009448 0.0009457517 0.15618917 0.0031142656 0.27547485 1.4398068e-05 0.0039211162 0.008828778 0.00044569248 1.7774281e-06 0.0008096632 0.0036254523 0.10357907 0.00049501535 0.0011001028 0.00016745648 1.9098734e-05 0.00027761303 0.00094295485 0.0004962227 0.00068161456 0.0009651328 0.00047902061 0.0011719884 2.8344907e-06 5.9993013e-06 9.062999e-05 0.00054822623 0.00020257618 9.14581e-06 0.0008882896 3.9429696e-07 8.287081e-05 1.5314748e-06 4.206631e-05 0.0017402294 3.613569e-05 0.061118357 4.9622173e-07 2.668171e-05
0.7356625 0.08069011 0.06628441 0.023955543 0.024227057 0.423679 0.0018109818 0.5111675 0.35486573 0.09723553 0.16153808 0.8494884 0.046458855 0.00039278658 3.438029e-21 5.9018115e-05 0.00018612636 8.4312815e-05 4.990107e-05 0.0001751097 0.13099706 0.026573673 0.0066238535 0.0590666 0.08953015 0.114591934 0.25908723 0.22153617 0.037374135 0.23784007 0.48606998 0.0687689 0.06299661 2.3364599e-05 0.04461053 0.056957584 0.36393017 0.2928466 0.0022074617 0.09371421 0.010694912 5.2783253e-05 0.029720457 4.267714e-06 0.0011152657 0.10743508 0.00042737558 0.13597043 0.12066379 2.7654218e-05 7.9258505e-05 8.42249e-05 0.008161128 0.08375399 0.014771073 0.0032056689 0.10554587 0.0017441298 0.0585015 0.0009616006 2.8586172e-07 0.08033115 8.060398e-05 0.0075964956 6.582013e-05 0.0010784786 0.022494791 8.047463e-07 2.5119193e-06 0.0065751905 0.006986799 7.306359e-05 0.012887983 0.00057001243 0.017190369 0.004623 3.0311332e-07 0.0044603413 0.008150724 0.00038342178 0.0031640867 4.6258952e-05 0.00020691115 0.013621351 0.00016125388 0.0027586864 0.0025484182 0.0032755653 0.010832291 0.0016405737 0.0011857062 3.054135e-05 7.360651e-05 3.7062343e-08 0.0008729727 0.005817809 4.5801627e-07 0.0021935997 0.00024279786 0.00019217299 0.005139661
0.73269963 0.13015711 0.002883113 0.0039308206 0.0020497486 0.00088615867 0.71661854 0.0004091767 0.0002365861 0.051519934 0.00018955157 0.00011465361 0.20113389 0.6570165 5.9018115e-05 2.670807e-21 0.49114537 0.5188865 0.74526316 0.38532683 0.00034975162 0.028342271 0.1565708 0.000101980964 9.18294e-05 3.354759e-05 5.6938047e-06 2.5426002e-06 0.0006107696 3.7417365e-05 2.5526284e-05 1.7173195e-06 1.1869319e-05 0.7463073 3.583706e-06 0.0001842768 5.576402e-06 2.984446e-06 0.05732349 0.0017091056 0.009076082 0.3156642 0.0009719809 0.15113598 0.42903855 3.1978457e-06 0.035891406 6.101263e-07 1.4076801e-07 0.12484494 0.39487487 0.05444525 3.4651557e-06 0.0051384578 5.502785e-06 3.9154543e-07 0.0011555314 2.1602725e-07 4.2473545e-08 4.764221e-08 0.102036886 0.00018053137 0.0008516381 0.08898027 0.008350903 0.4006113 3.084514e-06 0.04901967 0.089225054 8.481589e-05 5.525236e-07 0.0006227124 0.00034138619 0.110926226 4.117701e-05 9.028096e-05 0.0014662966 1.3941976e-06 2.9453655e-05 0.00018474784 1.535928e-05 0.0011835953 0.00032624387 0.00024777584 0.00073744263 1.0886515e-06 8.965941e-07 2.9997977e-06 0.0002684492 6.799661e-06 4.9886415e-07 0.0004944079 1.2856137e-07 0.004381861 5.4799546e-07 3.30297e-06 0.01695321 1.8850797e-06 0.073027655 8.674331e-07 8.073565e-06
0.631787 0.07245454 0.0067318003 0.0027954967 0.0021560895 0.004924372 0.36640936 0.002533503 0.0006913386 0.23329164 0.0005940657 0.0005369242 0.034155592 0.6409183 0.00018612636 0.49114537 6.9871856e-20 0.70938814 0.5496652 0.7225941 0.00048533973 0.0057378826 0.33152652 0.0006365058 9.2553164e-05 3.5438083e-05 1.4759187e-05 1.1601777e-05 0.0021573526 0.0003694346 0.0002763459 3.900954e-06 1.37289235e-05 0.29792017 6.732207e-06 0.00026783676 5.506132e-05 2.4136729e-05 0.007868658 0.001697118 0.0027838957 0.10851052 0.0015278884 0.0050083464 0.54718226 2.7450476e-05 0.0027298538 8.265568e-06 3.0191763e-06 0.003421071 0.13268375 0.0022331406 5.622996e-06 0.0049017905 8.7539614e-05 7.8291356e-07 0.0012196628 6.179149e-07 4.159073e-07 2.205632e-07 0.006216274 0.0030532952 0.00032528263 0.12653212 0.0013192554 0.116678 3.7259335e-05 0.0013788389 0.006703292 0.00066702714 3.3501024e-06 0.00070566824 0.0032767367 0.069956385 0.0004324814 0.0022254605 9.521539e-05 2.00284e-05 0.00032410256 0.00096763583 0.000693055 0.000291293 0.0011024869 0.0005621037 0.0014350754 1.0162427e-06 3.1888098e-06 0.00024340853 0.0006508507 0.00031640395 1.0350314e-05 0.00070772006 6.3603756e-07 8.775133e-05 5.9103445e-07 0.00010744027 0.0011794002 3.922825e-05 0.052540485 8.908478e-07 2.3772587e-05
0.59914 0.033627033 0.002395935 0.0009621964 0.00056273234 0.0017184778 0.2754786 0.0008126942 0.00022592435 0.08064717 0.00017127774 0.00017273471 0.020969812 0.54854244 8.4312815e-05 0.5188865 0.70938814 1.2870185e-20 0.7588434 0.72889596 9.161981e-05 0.0037717298 0.1817837 0.0002631555 1.4366849e-05 8.7872395e-06 8.669928e-06 4.793782e-06 0.0007607024 0.0002726192 0.0002564926 1.8432689e-06 6.179517e-06 0.47979015 3.2352352e-06 5.9152615e-05 4.875204e-05 1.6548716e-05 0.0058493167 0.0008299977 0.0017945792 0.16075118 0.00052585395 0.0110437 0.4673659 4.3894728e-05 0.0030239252 6.0197376e-06 2.907107e-06 0.005649108 0.15551695 0.002858923 1.6797599e-06 0.0017202955 9.166998e-05 7.7478467e-07 0.00062510517 5.223691e-07 4.0508237e-07 8.364691e-08 0.01316891 0.0029348216 0.00017206852 0.07698978 0.0011252059 0.106103465 3.6461224e-05 0.0026694792 0.01105596 0.000991688 1.860215e-06 0.0005968286 0.0014840761 0.053591903 0.00020830003 0.0010459679 0.00022163444 3.0545776e-05 0.00014442536 0.00065658067 0.0002618577 0.0007474002 0.00068667793 0.00035177023 0.0010136607 1.3038116e-06 3.6089832e-06 0.00013128514 0.00039027756 0.00012343781 2.116827e-05 0.0011795516 5.526781e-07 0.0003516681 1.2335049e-06 0.000117568256 0.0019380263 5.5145614e-05 0.050184395 7.024962e-07 6.2131826e-06
0.55682176 0.028059335 0.0013338209 0.0009218478 0.0006592721 0.00045137815 0.31010747 0.0003867763 0.00011226565 0.030862972 7.510374e-05 9.893407e-05 0.026236465 0.5533075 4.990107e-05 0.74526316 0.5496652 0.7588434 3.2949e-21 0.5169997 0.00011377579 0.0045167655 0.11111758 6.790702e-05 1.3231778e-05 7.5245584e-06 5.3224153e-06 3.2362382e-06 0.00018374911 7.8983634e-05 0.00017811937 7.013843e-07 2.487105e-06 0.7514678 9.940078e-07 7.3483425e-05 2.4917665e-05 8.269652e-06 0.009700135 0.0009386652 0.0018117022 0.24097088 0.00026502225 0.02408376 0.37888446 1.5018585e-05 0.0062935217 1.2747475e-06 5.2106947e-07 0.014885752 0.2580665 0.007014289 7.5025986e-07 0.0023309507 3.4322882e-05 1.5741323e-07 0.0008968836 1.0097926e-07 6.244607e-08 2.2572165e-08 0.031305034 0.0016885463 0.00025817959 0.060400844 0.0024331547 0.14516895 2.178684e-05 0.008876236 0.024261722 0.0010103914 6.133788e-07 0.00061871635 0.00078545365 0.059432145 0.00014830814 0.00070426246 0.00066973304 3.3858219e-06 5.827693e-05 0.0003115574 4.4853507e-05 0.00069245114 0.00036898584 0.0002459325 0.00055056176 4.2878565e-07 1.3217128e-06 2.253849e-05 0.00022710793 2.7092916e-05 1.987878e-06 0.0008733903 5.0045596e-08 0.0016417414 2.7463278e-07 2.1987054e-05 0.0038064374 1.0215028e-05 0.058688864 1.4699542e-07 1.6265969e-06
0.7033122 0.04798926 0.0036491281 0.0011889979 0.00088165514 0.0036790047 0.257289 0.0013696427 0.0004954191 0.11822914 0.00037010922 0.0005574744 0.022278382 0.513818 0.0001751097 0.38532683 0.7225941 0.72889596 0.5169997 9.122955e-20 0.00016166252 0.0032976686 0.3175243 0.00045227635 3.118224e-05 2.3520917e-05 1.9595513e-05 1.1075065e-05 0.0011566775 0.00046650475 0.00032368803 5.525445e-06 1.3451907e-05 0.3124937 6.9094745e-06 8.76254e-05 6.262449e-05 3.5257293e-05 0.004099288 0.00097623526 0.0016980448 0.16244729 0.00061357603 0.0060821157 0.7249206 7.241022e-05 0.002239651 1.1926155e-05 9.656335e-06 0.003183886 0.15872078 0.0017592874 2.9146274e-06 0.002792817 0.00014994707 8.603831e-07 0.00073795125 5.661115e-07 9.2648185e-07 1.4098876e-07 0.005481356 0.0028559675 0.00012740753 0.1272575 0.00073427166 0.106422134 5.0250794e-05 0.0013147196 0.0065868297 0.00097339693 3.8230373e-06 0.0006372626 0.005231374 0.079525225 0.00020940446 0.0022947066 0.00015000571 2.0059595e-05 0.00012369106 0.000987536 0.00055832486 0.00062970637 0.0009408085 0.0007622188 0.0012556051 2.4952203e-06 4.3838613e-06 0.00024617466 0.00089121703 0.00017949138 3.0420684e-05 0.0011417456 9.798513e-07 0.00011698455 1.3385522e-06 0.00013767806 0.0011909999 7.397357e-05 0.076780476 1.6123063e-06 2.9428667e-05
0.84686023 0.029908437 0.027781386 0.03240201 0.042249817 0.031573437 0.0036313143 0.12761848 0.2659714 0.047080122 0.63000244 0.20486228 0.0033150236 0.0010606821 0.13099706 0.00034975162 0.00048533973 9.161981e-05 0.00011377579 0.00016166252 2.6731934e-20 0.0012989014 0.017334698 0.005882863 0.69049525 0.3317925 0.0662861 0.08567466 0.004405704 0.013566 0.06798764 0.05813985 0.10588452 6.48063e-05 0.04960336 0.7551937 0.039196655 0.032833826 0.00035333165 0.6156079 0.0006743408 0.00021654324 0.0005867276 1.2249351e-05 0.0035788757 0.0037254705 0.00019667865 0.013113162 0.0076320325 4.7730875e-05 0.00085866754 0.00013563561 0.012733467 0.5079904 0.00024580167 0.0022461365 0.5873933 0.0020368076 0.0020039375 0.0015335445 7.751225e-05 0.003821346 4.4453296e-05 0.06563999 4.5889552e-05 0.00791102 0.0008403383 2.4005398e-05 0.00048726832 0.0019957547 0.0032124887 0.00034715098 0.24850298 0.021408847 0.0016114333 0.002190955 1.508168e-05 0.0002533896 0.00044143482 0.000580048 0.0007621592 0.00011300501 0.00033196632 0.022330876 0.00026098313 0.00041175282 0.00045549788 0.00043747982 0.022517448 0.0004171857 5.9103448e-05 0.0006495501 0.00023613167 5.899687e-06 0.00011985736 0.00030510043 0.00034487346 9.079479e-05 0.0032123248 0.00027763 0.031091059
0.085264 0.2653573 0.044993624 0.014111185 0.009846039 0.072425194 0.097721756 0.0304838 0.014765779 0.047441144 0.005370625 0.018498663 0.6797619 0.01816729 0.026573673 0.028342271 0.0057378826 0.0037717298 0.0045167655 0.0032976686 0.0012989014 7.308317e-24 0.010025094 0.039225936 0.00042147646 0.0005153384 0.00063493673 0.00020127844 0.16215993 0.03163622 0.01263611 0.00020391747 0.00062349497 0.006208928 0.000274673 0.00030973458 0.001280636 0.0009879213 0.7267861 0.002200065 0.75310636 0.0013922385 0.6381307 0.009066596 0.008317288 0.0027634155 0.068704024 0.00036499964 0.0003705337 0.012333286 0.001905606 0.017236967 6.498646e-05 0.0023308916 0.06599701 0.00012800249 0.00051226513 4.544719e-05 9.29384e-06 1.4316585e-05 0.00077251974 0.05961659 0.26688814 0.0020234901 0.08497981 0.004582601 2.5229037e-05 0.0007463488 0.0015865043 0.09924062 1.9481737e-05 0.14927505 0.00012454306 0.0007520394 0.0016766824 0.06391276 0.002038236 6.4549663e-06 0.0009898985 0.06221876 0.006909172 0.011211602 0.053015433 0.0006552136 0.06901497 7.653391e-07 6.9750645e-06 0.0011295038 0.0006978811 0.0009805271 2.4792992e-06 0.06222373 2.3651369e-06 1.8515636e-06 4.9156864e-07 0.00020895361 0.000284852 5.7428504e-05 0.0018629057 1.5431993e-06 0.0014680891
0.9225088 0.34757125 0.10241798 0.124889545 0.114968166 0.054853138 0.3511955 0.041434992 0.036938816 0.7112306 0.03343725 0.016759988 0.09688483 0.37128422 0.0066238535 0.1565708 0.33152652 0.1817837 0.11111758 0.3175243 0.017334698 0.010025094 4.5250715e-20 0.0031166233 0.003517419 0.0018465162 0.0004925335 0.00023920057 0.009108359 0.0014261173 0.0012821109 0.0002240807 0.00035060977 0.05018249 0.00015318034 0.010464175 0.00017977729 0.00012725963 0.007724597 0.068335496 0.0041081305 0.10095195 0.0021664333 0.0060428237 0.76013565 5.1454677e-05 0.00405689 2.1250737e-05 1.1007916e-05 0.0053028488 0.17741376 0.0023741585 8.092718e-05 0.13038355 0.00024684466 8.432668e-06 0.044701546 6.543992e-06 1.996989e-06 2.3113357e-06 0.004797483 0.001134056 0.00028775248 0.7105184 0.0007167652 0.39729628 2.8084458e-05 0.0008474252 0.018200085 0.0033056915 1.6643506e-05 0.0004857458 0.25401032 0.47173363 0.0004083666 0.0023375677 5.0298837e-05 1.5343905e-05 0.00017409315 0.0013068436 0.0040115197 0.00013209015 0.00040738622 0.0030715792 0.00047121785 1.1432539e-06 5.8440864e-06 0.00016841968 0.00501214 0.00016828738 8.149997e-06 0.00026036912 7.810409e-07 0.00012629146 2.5571055e-06 6.174772e-05 0.0024164012 2.2185868e-05 0.30150774 1.0923736e-06 0.0002887754
0.10157291 0.08108324 0.035135012 0.014156421 0.0122920945 0.16418396 0.0053787804 0.053556558 0.029018067 0.012498568 0.013617272 0.0377864 0.07350058 0.0013206842 0.0590666 0.000101980964 0.0006365058 0.0002631555 6.790702e-05 0.00045227635 0.005882863 0.039225936 0.0031166233 9.194971e-26 0.0022164355 0.0016898551 0.0078026233 0.0037296864 0.6338433 0.5532675 0.07045103 0.00071639 0.0011478551 0.0001323503 0.0004864029 0.0020663233 0.009526785 0.004298209 0.0058307564 0.004219867 0.024508905 4.4746266e-05 0.23980285 1.7314895e-05 0.0007024832 0.039036907 0.00027128484 0.0005150161 0.0010223055 1.2416161e-05 7.456541e-05 9.186093e-05 5.9374222e-05 0.0025871987 0.43125907 5.604598e-05 0.0012820071 2.3227742e-05 0.000241483 5.066982e-06 3.2078594e-07 0.43229795 0.0021223447 0.0007998359 0.00017981914 0.00043878538 0.0030842922 1.2049217e-06 1.8798464e-06 0.05890272 1.450889e-05 0.0020387014 0.00010764117 0.00030550832 0.040146247 0.06988836 8.4802053e-07 0.0023756362 0.031663522 0.008364118 0.05425834 6.0565285e-06 0.0046273493 0.0010813635 0.00343174 8.1594575e-05 0.00013213676 0.032768253 0.00091349526 0.026496766 0.0007755388 2.2013743e-05 1.9176307e-06 2.2638996e-08 5.7776806e-06 0.02674816 9.984975e-06 0.0052937088 0.000339315 3.3048482e-06 0.00045694236
0.8763522 0.0052804984 0.0058389255 0.004227044 0.00657874 0.011970133 0.0008437041 0.04886757 0.11250534 0.009624943 0.22572486 0.1373443 0.0004369843 0.0001803615 0.08953015 9.18294e-05 9.2553164e-05 1.4366849e-05 1.3231778e-05 3.118224e-05 0.69049525 0.00042147646 0.003517419 0.0022164355 1.3327758e-19 0.7976808 0.11133799 0.17860712 0.00095737266 0.009149465 0.07166932 0.18444794 0.3764379 1.7602046e-05 0.18581872 0.5947667 0.06711509 0.06734186 0.00012964405 0.26080924 0.00029638852 4.128089e-05 0.0002744015 1.5323865e-06 0.00044015967 0.003297565 9.060138e-05 0.03965912 0.020790515 6.335479e-06 0.00016546783 3.0356521e-05 0.08385773 0.31841347 0.000108461514 0.0139505705 0.58694017 0.00912853 0.005466381 0.0077423044 8.692033e-06 0.0020291572 2.1685475e-05 0.025355965 2.8896093e-05 0.0018793689 0.0007621995 3.4707487e-06 5.4207463e-05 0.0007941581 0.01769211 0.00021533565 0.21016318 0.0066304905 0.0007217633 0.00070780277 2.5255674e-06 0.00016307131 0.00021627577 6.716608e-05 0.00022499547 5.6509587e-05 7.911042e-05 0.08229846 6.9966205e-05 0.0009719796 0.00068236154 0.00011277643 0.08178436 9.396888e-05 2.1512495e-05 0.00038961653 0.0005856964 6.865082e-07 9.649545e-05 0.00016082768 0.000102088976 3.6473153e-05 0.00041920273 0.00034283084 0.063507006
0.8463438 0.004316022 0.005110331 0.0022273639 0.002638121 0.012981622 0.00045227614 0.046447724 0.09712068 0.006516367 0.15556896 0.16850442 0.0002166114 4.4361906e-05 0.114591934 3.354759e-05 3.5438083e-05 8.7872395e-06 7.5245584e-06 2.3520917e-05 0.3317925 0.0005153384 0.0018465162 0.0016898551 0.7976808 2.6943242e-20 0.17271839 0.29163712 0.00044606667 0.009916933 0.1140083 0.47226498 0.7887109 7.788538e-06 0.5466071 0.24536212 0.12538101 0.117190585 0.00018997268 0.13457221 0.0004995719 1.3127932e-05 0.00022826702 2.010325e-06 0.00015961827 0.0057411226 0.00014131177 0.07204064 0.04057296 6.3312755e-06 6.2124986e-05 3.4797384e-05 0.20773135 0.1449198 9.792003e-05 0.047026232 0.31336215 0.030151766 0.013014235 0.02507121 7.208133e-06 0.002157799 1.9126255e-05 0.009441431 3.963381e-05 0.0009079562 0.0015940759 2.8591749e-06 4.1137366e-05 0.00060618535 0.041479662 0.00016935673 0.08760943 0.0027683903 0.0005089779 0.0008312327 4.5278753e-06 0.00013707748 0.00018886679 0.0001527723 0.00016801395 9.271262e-05 0.00016268996 0.08085167 0.00019225493 0.0013487536 0.0005528898 0.00013822323 0.074027024 9.788184e-05 5.0664672e-05 0.00038643283 0.0010007335 9.806589e-07 0.00019537825 0.0001998746 0.00022992067 6.489294e-05 0.00022235574 0.00093798205 0.0703149
0.7519315 0.001986385 0.00426177 0.00083101547 0.0008246086 0.02978491 2.374037e-05 0.04609354 0.03751608 0.0009803327 0.03549974 0.14556533 0.00010928572 7.292022e-06 0.25908723 5.6938047e-06 1.4759187e-05 8.669928e-06 5.3224153e-06 1.9595513e-05 0.0662861 0.00063493673 0.0004925335 0.0078026233 0.11133799 0.17271839 2.2870607e-21 0.7127014 0.0016280543 0.10995487 0.46207568 0.20554551 0.16526866 1.8541116e-06 0.15318722 0.03567168 0.5415888 0.5892684 0.00010545576 0.025388237 0.00056753465 1.507168e-06 0.00057798554 5.553192e-07 1.734079e-05 0.10448579 4.2110623e-05 0.5770793 0.38641483 1.5506183e-06 3.1004872e-06 1.2940212e-05 0.06526939 0.02399545 0.0010605294 0.05694976 0.036439277 0.041580953 0.24641491 0.027703201 7.637999e-07 0.0353606 3.1691675e-06 0.0011658482 7.65314e-06 4.6860467e-05 0.038762894 1.3716117e-06 2.052618e-06 0.00045128344 0.0358633 1.2448053e-05 0.00393089 0.0001056706 0.013372376 0.0009218236 4.2542163e-07 0.006066787 0.003795045 0.00010664269 0.00027892346 7.3720534e-05 0.00026668215 0.03950503 0.00021611124 0.031378787 0.012361529 0.0021323569 0.032291707 0.0012746102 0.0022427577 0.00012522753 0.0009313107 2.89604e-07 0.0068524433 0.0017785568 3.0458816e-06 0.0019185665 2.299653e-05 0.0016270767 0.03661551
0.7100388 0.00075023563 0.002466569 0.0005523635 0.0006057355 0.015501669 1.5563837e-05 0.033583626 0.040628754 0.0009092833 0.04623886 0.13720529 2.896413e-05 7.850964e-06 0.22153617 2.5426002e-06 1.1601777e-05 4.793782e-06 3.2362382e-06 1.1075065e-05 0.08567466 0.00020127844 0.00023920057 0.0037296864 0.17860712 0.29163712 0.7127014 4.730542e-21 0.00074339693 0.0521898 0.3105082 0.3776652 0.30059364 8.586593e-07 0.29592547 0.05810935 0.41663325 0.46285203 5.573741e-05 0.03626462 0.0002724547 9.032557e-07 0.00016417296 3.7908936e-07 1.122899e-05 0.04461406 3.901183e-05 0.49917373 0.25077927 9.99302e-07 3.5844753e-06 8.158325e-06 0.11626631 0.037121955 0.00021779271 0.10310797 0.07095288 0.07145631 0.13602753 0.050170172 2.6704134e-07 0.024397183 1.9545112e-06 0.0011969551 5.3078475e-06 4.1802123e-05 0.023338377 9.58239e-07 1.368014e-06 0.00023978982 0.056425095 1.155583e-05 0.008039395 7.6876044e-05 0.0068951943 0.00026269615 3.046725e-07 0.002654247 0.0011442826 3.2482956e-05 7.8133155e-05 3.7169262e-05 7.514149e-05 0.07698337 6.9928115e-05 0.02000356 0.006747802 0.0003369123 0.068060346 0.00016014508 0.0008810967 0.0001004246 0.0016321694 1.3308481e-07 0.004143598 0.00033446596 2.5711026e-06 0.0003230469 1.16600895e-05 0.0022065977 0.06757568
0.08940553 0.13850228 0.045073655 0.01672128 0.012317035 0.13820481 0.01567192 0.042716525 0.020196663 0.020319428 0.010005069 0.025331728 0.14286706 0.00526772 0.037374135 0.0006107696 0.0021573526 0.0007607024 0.00018374911 0.0011566775 0.004405704 0.16215993 0.009108359 0.6338433 0.00095737266 0.00044606667 0.0016280543 0.00074339693 2.821776e-27 0.22320202 0.024368243 0.00012491693 0.00041308813 0.00025108678 0.00010483947 0.0021995225 0.0015545385 0.0005312178 0.015874615 0.005114902 0.092153065 0.00010389194 0.5217267 7.428824e-05 0.0017808328 0.010285416 0.0008260506 0.00010171152 0.00011015304 3.7634596e-05 0.00023188736 0.00036223105 2.3575962e-05 0.004202357 0.4834277 7.006466e-06 0.0015840958 2.7926706e-06 9.152178e-06 9.154137e-07 1.1308165e-06 0.27773726 0.0074744374 0.0012266191 0.00062976853 0.00091467303 0.00024581177 1.6986415e-06 1.9741622e-06 0.10411725 3.4911711e-06 0.0037930603 5.8195183e-05 0.00039517018 0.017117694 0.10093298 1.926938e-06 0.0004710208 0.01082832 0.01904199 0.050933145 9.134146e-06 0.010501926 0.0002754878 0.009315289 8.672598e-06 2.72938e-05 0.018746499 0.00018238873 0.019659385 0.00012914564 0.000119513905 3.100941e-07 1.2418355e-08 1.2603577e-06 0.011681978 1.2434053e-05 0.0012841502 0.0007260224 3.6100556e-07 0.000111093235
0.23747806 0.0873962 0.033020053 0.010706524 0.009429548 0.27116832 0.0011360542 0.10151235 0.045512103 0.012375785 0.023406954 0.11380536 0.08017098 0.0003857305 0.23784007 3.7417365e-05 0.0003694346 0.0002726192 7.8983634e-05 0.00046650475 0.013566 0.03163622 0.0014261173 0.5532675 0.009149465 0.009916933 0.10995487 0.0521898 0.22320202 1.550213e-23 0.7947292 0.008400237 0.008113305 0.00034238046 0.006163736 0.00422754 0.45556167 0.35020342 0.0031362316 0.00795485 0.011276279 0.00015479943 0.14971308 7.937557e-06 0.0008743354 0.7707364 0.00017517536 0.1312251 0.20126595 3.0108828e-05 0.00012027588 0.000117648226 0.0026302051 0.006620851 0.2833844 0.0016767462 0.004463301 0.0010226263 0.11508642 0.0004171676 3.075115e-06 0.61091477 0.0004187079 0.0016739774 0.00011372785 0.000325444 0.22958693 1.1134408e-06 3.2005897e-05 0.050689407 0.0007498505 0.00031412346 0.00068405626 0.00027141522 0.23215409 0.050834216 1.3769943e-06 0.069849156 0.13002196 0.0020082574 0.06851919 1.3016095e-05 0.0010101862 0.002041796 0.0006085425 0.004559632 0.008817229 0.07387415 0.0017319659 0.049574986 0.020945517 1.3224336e-05 0.0001381327 2.223465e-07 0.0014498322 0.07272993 0.00011167769 0.03742301 0.0004985615 0.000114376 0.0012636157
0.38730204 0.0703231 0.037008267 0.0111466 0.009722934 0.31574658 0.00064371055 0.17053317 0.11044954 0.010312353 0.060584385 0.28676805 0.02645286 0.00021678211 0.48606998 2.5526284e-05 0.0002763459 0.0002564926 0.00017811937 0.00032368803 0.06798764 0.01263611 0.0012821109 0.07045103 0.07166932 0.1140083 0.46207568 0.3105082 0.024368243 0.7947292 1.2612088e-23 0.15322767 0.12360598 0.00084699213 0.11565617 0.03022296 0.73424166 0.66601646 0.0007713672 0.032789316 0.0040642964 5.9650225e-05 0.031599622 7.836124e-06 0.00021781784 0.6847771 0.00014853093 0.5044292 0.52252215 1.2025116e-05 2.4258434e-05 6.3347456e-05 0.032052472 0.022840312 0.029353451 0.021884486 0.016306166 0.015351314 0.43644765 0.007973299 1.4616787e-05 0.24738598 0.00015093357 0.0015248053 5.689259e-05 0.00030165087 0.35097533 2.2068702e-06 0.00013386633 0.008604358 0.006912137 0.0001691353 0.0015191467 0.00036992005 0.1334293 0.013558732 3.8218977e-07 0.05024471 0.05990998 0.00023595564 0.011108948 1.6312597e-05 0.00022587866 0.009362353 0.00016665051 0.055771317 0.06270006 0.016795013 0.006191136 0.010741312 0.024180649 4.0584455e-05 0.00017468572 1.1823987e-06 0.014150812 0.027174134 5.4013486e-05 0.01685737 0.00062882126 0.00023564398 0.004908316
