1.4340336e-33 0.24700457 0.22147933 0.4559448 0.88005525 0.5051962 0.78234565 0.793759 0.5685845 0.36721098 0.3384639 0.5877861 0.42150465 0.3606561 0.3922039 0.46184015 0.7133283 0.43200657 0.46022838 0.3927856 0.4390415 0.136301 0.7214268 0.12770909 0.15250614 0.25855124 0.11969982 0.713055 0.10668901 0.11707567 0.20377065 0.6203807 0.42852172 0.31743473 0.22005552 0.082466036 0.08386059 0.9830353 0.17814115 0.05704967 0.7288106 0.03009573 0.012231672 0.045354065 0.019120509 0.0075084623 0.15361838 0.9934678 0.67835855 0.0124610895 0.10949002 0.007958156 0.011755532 0.9909429 0.020393113 0.9986122 0.96133244 0.012126073 0.011213414 0.050404575 0.9985289 0.01222899 0.005621101 0.01006649 0.18884675 0.0008408329 0.0007929704 0.00060187513 0.57379055 0.9719971 0.0009056787 0.001732858 0.0002881696 0.00047830897 0.00038797382 0.0007487975 7.794353e-05 0.0013026415 0.94687194 0.99735636 5.9454578e-05 0.0012423162 0.99843395 3.798338e-05 0.99029016 2.2594339e-05 3.13222e-05 1.7728437e-06 7.084376e-05 0.9992167 0.0005117954 3.735629e-05 0.002720979 3.7482528e-06 1.091337e-05 1.1925188e-05 6.0726444e-07 0.0060864906 0.1251761 0.006187748 0.6356319
0.24700457 5.832761e-19 0.8958904 0.895453 0.08438967 0.120702915 0.09165799 0.3497247 0.04257419 0.64073783 0.030098028 0.06527919 0.3326488 0.014280084 0.03286605 0.048418093 0.021120498 0.13098617 0.03739644 0.017913835 0.014442972 0.010843268 0.11004415 0.0050937245 0.012683938 0.01553013 0.006986936 0.00523464 0.007066862 0.005455817 0.021373108 0.009151377 0.009548201 0.0027195078 0.0059373723 0.0052106557 0.0047102845 0.10391879 0.0068551623 0.0047818925 0.0009868073 0.0033624014 0.0016082462 0.010106656 0.0004784205 0.0005703971 0.00046697035 0.07874482 0.0014228534 0.0011346979 0.00010927321 0.0002976845 0.00051976246 0.019937169 5.94417e-05 0.031687725 0.010296031 0.00031217068 0.00021820665 0.00028062117 0.10339231 7.16906e-05 3.2616717e-05 4.5713696e-05 7.880568e-05 3.683716e-05 0.00027941013 2.5903772e-05 0.0007185347 0.012522622 0.00011817495 3.0683757e-05 2.7266091e-05 0.00030293892 2.9383376e-05 0.0008450162 1.0237595e-05 3.7227794e-05 0.0058888556 0.03578151 4.0947885e-05 6.601022e-05 0.031077446 0.00024456895 0.0011575243 1.3389998e-05 0.00036189798 8.494468e-07 1.963652e-05 0.025056385 4.906216e-05 0.00020770296 9.565827e-05 5.6419303e-06 1.5216908e-05 3.825957e-05 4.1422263e-07 6.15272e-08 0.0005912115 9.53517e-05 4.0136965e-07
0.22147933 0.8958904 9.40512e-20 0.7399316 0.10839083 0.0754246 0.10208668 0.09994555 0.053144645 0.78206265 0.037628043 0.07461445 0.21799536 0.019164033 0.037380606 0.04473673 0.02255417 0.13815877 0.022401618 0.012874426 0.0065180985 0.012883914 0.29159424 0.006732882 0.014385518 0.007510954 0.007168743 0.0027455592 0.007114807 0.007283398 0.00828186 0.013010697 0.011463213 0.0010271271 0.005547913 0.0033798765 0.00314267 0.08398304 0.0035833581 0.002754634 0.00033960002 0.0015268034 0.0006507009 0.003606484 0.00018706739 0.00021345621 0.0004501339 0.09647696 0.003532353 0.00055301347 4.6773854e-05 9.338035e-05 0.0001680074 0.015901655 9.471258e-05 0.02245421 0.0076831602 0.00017742816 0.00020289287 0.00020873634 0.14021648 0.00011057362 1.43626985e-05 3.2167347e-05 4.2989777e-05 2.5917514e-05 0.00017258374 8.689289e-06 0.003798253 0.022204425 5.1647934e-05 9.929149e-06 7.000461e-06 0.00020090984 7.075203e-06 0.00015646353 3.5238618e-06 2.1781336e-05 0.01800036 0.04966461 8.690134e-06 1.9569032e-05 0.03312569 4.6267553e-05 0.0007856844 3.3528192e-06 0.00010282993 8.967501e-08 9.609346e-06 0.03188833 2.9184033e-05 4.240748e-05 6.4878026e-05 1.110009e-06 8.035704e-06 4.206512e-06 3.7303618e-08 1.3558697e-08 0.0016374578 9.904045e-05 1.7303982e-07
0.4559448 0.895453 0.7399316 9.140412e-19 0.043334603 0.1833611 0.07414169 0.79678094 0.022795947 0.5430647 0.019259958 0.054435134 0.67375076 0.0063465764 0.022288617 0.040538006 0.009196245 0.31194454 0.05440718 0.012068958 0.02261564 0.0066424613 0.06803069 0.0033554519 0.0047489144 0.020224143 0.005447309 0.01770283 0.005751387 0.0021203528 0.017541751 0.0045239087 0.0045776106 0.007847211 0.0028611063 0.0046056863 0.0032937478 0.3232523 0.0073258677 0.0025312994 0.0012049022 0.0013825414 0.0008585705 0.010923353 0.00022434346 0.00031607616 0.00034590194 0.066554554 0.00034840254 0.00054723903 0.00012834181 9.5680625e-05 0.0003451859 0.02412744 1.4502319e-05 0.045516364 0.010844199 0.00013684799 6.129374e-05 0.00015030988 0.0854366 1.8016854e-05 1.0418876e-05 9.45327e-06 0.0001123942 6.5464774e-06 0.00017764725 3.7054817e-06 2.5476551e-05 0.0033563192 5.2938016e-05 8.408424e-06 3.6214574e-06 0.00016250202 5.258843e-06 0.000279525 1.7133278e-06 2.4659019e-05 0.0009912963 0.0136488 3.4373572e-06 1.0620975e-05 0.03543179 0.00011659372 0.0014937315 1.53931e-06 0.0002746523 9.876225e-08 7.1348645e-06 0.015069058 2.9044482e-05 0.00011195282 1.9453963e-05 1.0315542e-06 4.3388036e-06 2.1043696e-05 7.941236e-08 3.745955e-08 3.9122297e-05 2.0963394e-05 1.0149535e-06
0.88005525 0.08438967 0.10839083 0.043334603 1.4250651e-15 0.22906968 0.5351435 0.058062997 0.80672926 0.109101236 0.34481472 0.18253277 0.016231693 0.31442624 0.21014997 0.21820931 0.43611068 0.02556671 0.045260947 0.060271867 0.0051006805 0.077587545 0.17108814 0.049624838 0.12182585 0.011366117 0.039285533 0.0036747514 0.033598907 0.06508773 0.039113235 0.09359256 0.0819416 0.00093982875 0.020823564 0.021072917 0.017627364 0.15369684 0.002909365 0.008427447 0.00034039072 0.0050104507 0.0036715583 0.013468365 0.001238366 0.0005968923 0.006784747 0.577903 0.016340492 0.0035274934 9.227923e-05 0.0007783518 0.0005482783 0.005193089 0.0044454145 0.0119441515 0.0024663585 0.000845044 0.0010124971 0.00019121742 0.46063688 0.0021640917 0.00024553764 0.0005602511 2.297233e-05 0.00029181375 0.000530114 7.946832e-05 0.02212435 0.13397542 0.000273622 0.00023058978 2.9375195e-05 0.0003491459 2.292919e-05 0.0012378494 2.0557574e-05 4.3918557e-05 0.10885234 0.30412892 4.233785e-05 0.00014963465 0.037042633 0.00018662777 0.0012217734 1.3630231e-05 0.00028868124 1.7590793e-06 1.0424273e-05 0.123148344 7.119548e-05 0.0002768669 0.00035845113 2.0131443e-05 2.1552638e-05 4.9487866e-05 1.2250338e-06 2.834135e-07 0.0029483726 0.00038231758 6.801691e-06
0.5051962 0.120702915 0.0754246 0.1833611 0.22906968 3.989487e-16 0.6614641 0.7009632 0.18798259 0.06690862 0.20526804 0.6319632 0.04193307 0.044328053 0.29877523 0.47830942 0.03990088 0.025312101 0.52886915 0.21542363 0.40139198 0.052830838 0.03654064 0.023380289 0.049282055 0.3343484 0.039076094 0.1333366 0.031007903 0.012884473 0.4341019 0.009459344 0.017077198 0.060882423 0.01348922 0.05140341 0.026104178 0.26582155 0.19953027 0.029200455 0.04264918 0.014034138 0.012275933 0.11112522 0.0012739393 0.001980659 0.0015528789 0.13542302 0.00051117904 0.08158365 0.011865092 0.00021846694 0.0024612902 0.19530717 6.0937502e-05 0.22318822 0.14276193 7.283887e-05 6.721856e-05 0.035394758 0.13957244 3.9980026e-05 0.00013927292 1.0064075e-05 0.005011125 0.00024973057 0.004597283 0.0001032264 0.00041671967 0.017515065 0.0033069355 0.00017949172 3.90533e-05 0.0015240697 3.531891e-05 0.0004940334 1.9449177e-05 0.004552204 0.008503506 0.038905583 1.7527522e-05 4.227225e-05 0.035218406 0.00023297704 0.027735602 9.28886e-06 0.0001569874 2.500506e-06 2.6731846e-06 0.016034307 0.0013202813 0.00018903725 4.303892e-05 1.4733803e-05 8.957135e-06 3.1185333e-05 4.7386966e-06 0.000120540324 0.0003750951 0.00010707622 0.0029476292
0.78234565 0.09165799 0.10208668 0.07414169 0.5351435 0.6614641 1.1428776e-14 0.24430123 0.5086677 0.116151445 0.45007956 0.68504435 0.028116284 0.16600595 0.5954701 0.6136136 0.12918356 0.03005999 0.21870498 0.32918692 0.044512045 0.10211421 0.12640566 0.05833394 0.06474203 0.115606725 0.079027265 0.029230287 0.06579362 0.023437489 0.36373276 0.02542962 0.025931804 0.0038153452 0.07203825 0.0845451 0.0626531 0.1499404 0.03569313 0.06574498 0.0020188729 0.04071657 0.03656535 0.15978014 0.01728604 0.011603793 0.01565904 0.15669744 0.0018925128 0.04194454 0.0003299397 0.0041044964 0.017528884 0.013688618 0.0007903288 0.027973695 0.01560651 0.0014774589 0.00091371615 0.0020871891 0.14821228 0.00024382373 0.0038758789 4.255783e-05 9.4387884e-05 0.0028298763 0.001803801 0.0012132752 0.0035020942 0.030004954 0.0013764373 0.004906481 0.00035445785 0.00050728396 0.0004312736 0.0054781055 0.00021468398 0.00031337337 0.030269474 0.10647294 0.00059866504 0.00034278492 0.02204314 0.001358844 0.007881467 0.00021961855 0.000549368 3.684009e-06 1.10147e-05 0.02420761 0.00014748966 0.00031500577 0.00014183318 0.0002246404 2.2760367e-05 9.388684e-05 5.304235e-06 4.290315e-07 0.00078375137 0.0001617225 0.00020737934
0.793759 0.3497247 0.09994555 0.79678094 0.058062997 0.7009632 0.24430123 2.885062e-17 0.0444794 0.06639885 0.03403144 0.21315275 0.30701387 0.008175222 0.039491393 0.097904645 0.016030766 0.033502728 0.23659486 0.019568667 0.4083653 0.00882815 0.019925822 0.003316559 0.0062198946 0.107828125 0.005407268 0.5663901 0.004542384 0.0027749853 0.056770623 0.0044971835 0.004115791 0.32594287 0.0009667997 0.0038672802 0.002373031 0.5814106 0.035602912 0.0027263921 0.03824352 0.0016427515 0.00083312066 0.014946985 0.0001170754 0.00020791996 0.00017117243 0.0746247 0.00014688396 0.0045070588 0.0068496536 0.00010073884 0.00023335907 0.2851799 2.4651215e-05 0.38497132 0.110191956 0.00012276338 0.0001309082 0.0031781083 0.14963877 3.599361e-05 4.8193306e-05 1.8342862e-05 0.0025461565 0.00011558393 0.00057948567 3.7457856e-05 3.3577675e-05 0.0040015853 0.00064835104 0.00012430016 5.276443e-05 0.00033046308 4.5467434e-05 0.00076919794 3.6077294e-05 0.0013459524 0.0016291781 0.027955914 4.4148303e-05 6.995413e-05 0.10066927 0.00030217806 0.019878529 2.543642e-05 8.905785e-05 1.3248951e-05 1.0662587e-05 0.029674925 0.0003921916 5.4854292e-05 3.7744765e-05 1.8042096e-05 3.2451964e-05 5.409287e-05 8.5140255e-06 1.5732003e-05 0.00030622561 0.00014907928 0.0004073716
0.5685845 0.04257419 0.053144645 0.022795947 0.80672926 0.18798259 0.5086677 0.0444794 6.087045e-17 0.050430037 0.6243274 0.19643463 0.01000864 0.7265426 0.33765 0.24106956 0.20605697 0.014406468 0.03307699 0.09263375 0.0030748632 0.1383378 0.03999144 0.08900796 0.18312366 0.009461117 0.07109912 0.0015103508 0.061408944 0.11046795 0.05647962 0.062227476 0.09795047 0.00044323065 0.04909011 0.04280415 0.033898067 0.04006176 0.004868452 0.022548556 0.00019188656 0.010393413 0.007194862 0.023537822 0.0041181548 0.0018571222 0.008430691 0.18876563 0.009705827 0.0056206696 4.277687e-05 0.0017804933 0.0010581013 0.0016460824 0.0023402758 0.0024844357 0.000728913 0.0011729192 0.001524769 0.000398351 0.084987186 0.0010430503 0.00027538722 0.00021919631 2.0928457e-05 0.00042816743 0.0008776875 0.00010248102 0.01363111 0.04646008 0.0005795821 0.00021045594 2.6716032e-05 0.00057699176 1.8125807e-05 0.0011671371 3.1722833e-05 6.350684e-05 0.043218367 0.06979516 3.2497832e-05 0.00011530176 0.009353571 0.000337118 0.0008944041 1.5538742e-05 0.00039620697 3.0071506e-06 3.8041126e-05 0.023926666 6.333495e-05 0.00041083695 0.00028413223 5.2051124e-05 3.350861e-05 5.853293e-05 2.5560744e-06 3.3679567e-07 0.001888324 0.00025267602 1.921302e-05
0.36721098 0.64073783 0.78206265 0.5430647 0.109101236 0.06690862 0.116151445 0.06639885 0.050430037 1.1635912e-17 0.040687915 0.068778574 0.5507531 0.020096987 0.033851095 0.046023164 0.027164662 0.6099547 0.024958609 0.008856222 0.005483141 0.008741366 0.89808583 0.004906306 0.009223429 0.0076184156 0.004873829 0.0020352155 0.005348736 0.0042545763 0.006010328 0.012528374 0.0059124334 0.0011786654 0.0044642673 0.00310275 0.003458736 0.16105768 0.0025246057 0.0018113289 0.00045098248 0.00091198063 0.0004621001 0.0025691455 0.0001905846 0.000116552146 0.00091904006 0.15034525 0.0043087667 0.00058762974 4.643075e-05 0.0001239642 0.00018497654 0.01228132 0.00023830142 0.020571847 0.0046393354 0.00031068182 0.00029720739 4.1717376e-05 0.19032463 0.00013170249 2.3848477e-05 5.791381e-05 7.402749e-05 2.484356e-05 0.00030598682 1.5716783e-05 0.0069671944 0.03167599 6.222288e-05 1.5030162e-05 1.3368306e-05 0.00021554808 1.0876402e-05 0.00039962475 4.8515803e-06 3.115409e-05 0.018685697 0.06451884 7.943698e-06 1.9981753e-05 0.047251318 6.610674e-05 0.00032060017 2.4270987e-06 0.00016323499 1.3392602e-07 6.730673e-06 0.036810104 4.5047007e-05 7.838138e-05 9.279373e-05 1.3817354e-06 1.7354454e-05 7.004916e-06 6.916779e-08 3.263188e-08 0.004075426 0.0001467658 6.251101e-08
0.3384639 0.030098028 0.037628043 0.019259958 0.34481472 0.20526804 0.45007956 0.03403144 0.6243274 0.040687915 1.7912852e-19 0.1615552 0.006852842 0.80178815 0.4983399 0.27591312 0.088279426 0.010917098 0.032398243 0.23239827 0.0027286992 0.42424098 0.034415852 0.2868707 0.11886695 0.012188749 0.20289129 0.0009897432 0.16154328 0.05768501 0.07289684 0.04572712 0.05946843 0.0005033492 0.15165344 0.10428704 0.07724014 0.013782021 0.007463923 0.063969545 0.00014965933 0.03894984 0.034084924 0.046770547 0.024618423 0.013260279 0.032360587 0.039901786 0.007426541 0.0069275894 2.1209897e-05 0.011806308 0.014326824 0.0010666859 0.0023101724 0.0012046185 0.00082589383 0.0034303511 0.0037841937 0.0007295612 0.027217556 0.0011552222 0.003822538 0.00046963277 7.879339e-06 0.0028385934 0.00039713286 0.0013107979 0.016177157 0.021108849 0.00037261698 0.0010172502 0.00048539753 0.0001907295 0.00024652143 0.0010881186 0.00018590056 4.962582e-05 0.024659922 0.02893164 0.00013986083 0.00034338562 0.006272547 0.00021541533 0.0010517805 4.8994876e-05 0.00016558102 9.917718e-06 7.095295e-05 0.011115137 3.6945134e-05 0.00022337594 0.00036468983 0.00011280914 3.3849647e-05 4.669327e-05 6.57477e-06 4.6249397e-08 0.0013114223 0.00029928828 3.9277813e-05
0.5877861 0.06527919 0.07461445 0.054435134 0.18253277 0.6319632 0.68504435 0.21315275 0.19643463 0.068778574 0.1615552 5.2462975e-18 0.02035253 0.055652663 0.5816025 0.7831148 0.0366931 0.01672137 0.23323663 0.68313307 0.057887204 0.0909571 0.049603134 0.040856875 0.019194592 0.09228323 0.07959495 0.044180386 0.05821377 0.011886017 0.3780783 0.011227309 0.013749069 0.0054032193 0.047561053 0.10875082 0.061743345 0.0411307 0.04651685 0.062148638 0.0021398445 0.034756985 0.022541892 0.15852071 0.008418326 0.0073283026 0.0016262613 0.038440716 0.00020620889 0.071994774 0.00019380696 0.002551856 0.020898642 0.009439487 1.9483055e-05 0.008145401 0.0068289875 0.00017850453 0.00016136403 0.00073516194 0.026005128 1.3383372e-05 0.0013731326 6.351093e-06 0.00010266697 0.00046960977 0.0011291931 0.0002804331 0.00084514235 0.011995641 0.0006122188 0.0010764693 8.721629e-05 0.00046084955 5.2004983e-05 0.0062263873 8.157831e-05 0.00010248091 0.0052102157 0.01836844 4.3152973e-05 6.792581e-05 0.005640067 0.0006403735 0.0065660635 3.884184e-05 0.00017988982 1.0584373e-05 1.8682233e-05 0.0042469264 9.9087316e-05 0.00038267457 2.5700178e-05 0.000102458056 1.33850435e-05 7.16973e-05 1.6425713e-05 4.6149802e-07 0.00016765592 2.3400791e-05 0.00015731216
0.42150465 0.3326488 0.21799536 0.67375076 0.016231693 0.04193307 0.028116284 0.30701387 0.01000864 0.5507531 0.006852842 0.02035253 2.6479565e-17 0.0025210413 0.0072073815 0.0128367515 0.003624225 0.6662487 0.016721847 0.0033672547 0.006482296 0.0016895016 0.22541626 0.00092144957 0.001179812 0.0049751448 0.0013705122 0.006093067 0.0014982735 0.00041550418 0.0027769418 0.0016315265 0.0005561187 0.0014091039 0.0017017833 0.001072789 0.0008265466 0.5650009 0.0016021779 0.00038357664 0.00041189123 0.00018922736 0.00018853207 0.0029994086 0.00010260218 4.1941927e-05 0.00035911202 0.055939883 0.0002255917 0.00021813861 1.9953055e-05 9.304708e-05 8.65299e-05 0.0077838306 8.6331875e-06 0.020597806 0.0034988495 0.000104780505 5.9533835e-05 3.651913e-05 0.07292735 9.290145e-06 1.1398154e-05 9.676349e-06 1.6340795e-05 1.5986012e-05 0.00017008201 1.2859216e-05 0.00011908783 0.0016349446 3.9907765e-05 8.979723e-06 2.3322878e-05 4.5104352e-05 2.239885e-05 0.00016234511 1.2775948e-05 8.564133e-06 0.00070502853 0.011711258 1.5391772e-05 9.372451e-06 0.0348841 0.00014224552 0.00023379925 1.1194976e-05 3.44948e-05 7.87149e-08 2.5608101e-06 0.0106079895 6.8749596e-06 2.8145216e-05 4.2440715e-06 5.322898e-06 4.580296e-06 2.3730185e-05 9.1577746e-08 1.7125943e-08 5.8109665e-05 9.054528e-06 2.4849944e-08
0.3606561 0.014280084 0.019164033 0.0063465764 0.31442624 0.044328053 0.16600595 0.008175222 0.7265426 0.020096987 0.80178815 0.055652663 0.0025210413 7.455574e-20 0.20115572 0.106236674 0.18532476 0.004355896 0.007363797 0.087505706 0.00057206576 0.42432153 0.0236015 0.34879774 0.513059 0.0022870032 0.18693435 0.0001651012 0.15187828 0.3149932 0.027257048 0.09632346 0.21365772 0.0001269244 0.12766139 0.07999796 0.059917025 0.005931769 0.001423133 0.035116013 2.392723e-05 0.019422775 0.014417986 0.014919321 0.012755173 0.005336955 0.027588004 0.051633246 0.016351374 0.002607259 5.307949e-06 0.0062329285 0.0037153708 0.00039897874 0.0056056376 0.00061151537 0.000192387 0.002906072 0.0034517243 0.0003002955 0.027181866 0.0024823055 0.0018991419 0.00077621435 1.7534231e-06 0.0016243649 0.0002491549 0.00056383974 0.03232988 0.03552669 0.00018605236 0.00029401414 0.00014662575 0.00022365221 7.987031e-05 0.00053772854 8.6836924e-05 2.2675527e-05 0.044060152 0.030534357 5.2209867e-05 0.00019466777 0.00660338 8.497004e-05 0.00061169185 4.0567782e-05 0.0001282701 1.3054609e-05 0.00013157957 0.01472145 1.8683517e-05 0.00025166382 0.00043721253 6.56503e-05 3.5087367e-05 2.2232445e-05 6.0019447e-06 4.4765276e-08 0.0056030005 0.00048864644 2.7435164e-05
0.3922039 0.03286605 0.037380606 0.022288617 0.21014997 0.29877523 0.5954701 0.039491393 0.33765 0.033851095 0.4983399 0.5816025 0.0072073815 0.20115572 4.288274e-20 0.78670186 0.06241185 0.009482901 0.05828437 0.7805868 0.0077602235 0.46579805 0.027351106 0.20305704 0.05077955 0.030963572 0.3464881 0.0016629124 0.25437784 0.0297603 0.19887541 0.024434969 0.035500385 0.0012890926 0.12930077 0.27274185 0.15852539 0.007075322 0.018599672 0.12181351 0.0005610136 0.054231025 0.03972087 0.080100805 0.020301014 0.014949545 0.010550784 0.013532224 0.0021466147 0.018484825 0.000106535445 0.009462813 0.02411384 0.0012697257 0.000631087 0.0008550223 0.001363594 0.0010751934 0.0012956384 0.0009951437 0.011134924 0.00036471154 0.0052024852 0.00016376404 3.7205045e-05 0.0018167871 0.00050834357 0.0016062674 0.006475909 0.005346074 0.00055322336 0.0017874993 0.0007317373 0.00019969 0.00045943324 0.0027529662 0.0003719912 6.28196e-05 0.010081137 0.017212836 0.0002518165 0.00035559465 0.0026128746 0.00035298557 0.001064771 0.00011293453 6.558428e-05 1.6919264e-05 4.47802e-05 0.0056232032 5.576591e-05 9.3399416e-05 0.00011391304 0.00022349099 3.024948e-05 4.2148873e-05 1.7856335e-05 4.1268272e-08 0.00032150894 9.816836e-05 1.4122319e-05
0.46184015 0.048418093 0.04473673 0.040538006 0.21820931 0.47830942 0.6136136 0.097904645 0.24106956 0.046023164 0.27591312 0.7831148 0.0128367515 0.106236674 0.78670186 3.3310351e-19 0.055713054 0.012330564 0.15210904 0.8350143 0.028208964 0.20417331 0.03144838 0.08595353 0.028652461 0.07608127 0.18052521 0.008932406 0.13231434 0.017639866 0.31527072 0.015872631 0.020557854 0.0023274035 0.1016437 0.20852317 0.105090395 0.0137313 0.039500657 0.1264854 0.0014918788 0.070047766 0.0492088 0.17558587 0.025215348 0.016655201 0.007874074 0.027870504 0.0010537636 0.051677734 0.00038864202 0.010077186 0.03822254 0.004318603 0.00018262911 0.0031349787 0.0037417263 0.00095146557 0.0010319427 0.0011427515 0.017777903 0.00010609431 0.0075788093 5.4009313e-05 0.00012915069 0.0015968877 0.00086509774 0.0013121205 0.0025930246 0.008571564 0.0007205714 0.006236534 0.00044487862 0.00048705112 0.00038635585 0.014179371 0.0002827563 0.00013605758 0.0069957566 0.020781487 0.00025004757 0.0005437388 0.0033886149 0.0016540772 0.0025241387 0.0001305652 0.0001644086 4.7865073e-05 3.6084657e-05 0.005442638 0.000103785685 0.00031290628 7.37578e-05 0.00027099522 4.414784e-05 0.00015858802 6.3463376e-05 2.904401e-07 0.00029491165 7.1452654e-05 4.6692425e-05
0.7133283 0.021120498 0.02255417 0.009196245 0.43611068 0.03990088 0.12918356 0.016030766 0.20605697 0.027164662 0.088279426 0.0366931 0.003624225 0.18532476 0.06241185 0.055713054 7.035929e-17 0.0068262066 0.0072042644 0.017212218 0.0012685765 0.031218372 0.04535418 0.028510721 0.108126104 0.0022911585 0.015603981 0.0005217279 0.015722234 0.081519604 0.0057441923 0.9133947 0.3654546 0.00015377313 0.02073098 0.008117395 0.008283312 0.019146323 0.001891231 0.0050317645 5.056239e-05 0.0033223664 0.0022420404 0.007599303 0.0009993626 0.0003521373 0.018173149 0.2956846 0.09217731 0.0039275005 1.6421813e-05 0.00072433776 0.00027653782 0.0013212449 0.013834773 0.0021346468 0.0012207836 0.0013712312 0.0031412633 0.00045137148 0.17034735 0.0071359505 0.00016735255 0.0017807027 1.3374938e-05 0.00027893225 0.0025759563 8.93137e-05 0.12168205 0.22403242 0.0008781957 0.0001590656 4.7331025e-05 0.00078301283 4.0467778e-05 0.0006487834 4.1828684e-05 8.27301e-05 0.2688933 0.23909406 5.9291782e-05 0.0001741481 0.018946426 0.00017009777 0.00032255804 2.1777494e-05 0.0008286022 2.5245126e-06 3.2355914e-05 0.08938841 0.00011621218 0.0008606241 0.00067820755 2.9159384e-05 4.066508e-05 2.5224637e-05 1.6714599e-06 1.4497639e-06 0.04024438 0.0010647604 1.1066756e-05
0.43200657 0.13098617 0.13815877 0.31194454 0.02556671 0.025312101 0.03005999 0.033502728 0.014406468 0.6099547 0.010917098 0.01672137 0.6662487 0.004355896 0.009482901 0.012330564 0.0068262066 2.1230238e-16 0.016479218 0.0030487108 0.005429079 0.0018410186 0.7328435 0.0012178026 0.0028563992 0.0041534435 0.0015189013 0.0021764364 0.0018126 0.0011896405 0.0038195811 0.003168861 0.0011019676 0.00038331168 0.0016182096 0.0009624075 0.000977772 0.15551397 0.0011974437 0.0005206416 0.00014792407 0.00034190764 0.00030037542 0.002523046 0.0001491935 5.3616306e-05 0.0006329824 0.075754605 0.00040686532 0.00048711424 9.575215e-06 0.00017534148 0.00016818695 0.0029933169 2.0022135e-05 0.009417946 0.0011307043 0.00021053564 0.00018876072 0.00015231478 0.098119475 3.146195e-05 2.7539705e-05 2.3493658e-05 7.93951e-06 7.9632184e-05 0.00027834787 3.17393e-05 0.0008662035 0.0058211894 6.785006e-05 3.637284e-05 7.6319855e-05 9.812708e-05 6.16403e-05 0.00021978073 8.860927e-05 2.8735578e-05 0.0035362984 0.015799928 4.6590118e-05 8.562014e-05 0.048354845 0.0001618015 0.00015659384 2.5012709e-05 2.6340243e-05 7.342842e-07 1.1806291e-05 0.01811671 1.3877488e-05 5.956433e-05 5.5637676e-05 2.3824176e-05 2.5065194e-05 2.6902724e-05 3.42241e-07 2.2183679e-08 0.00045644498 6.153516e-05 8.574903e-08
0.46022838 0.03739644 0.022401618 0.05440718 0.045260947 0.52886915 0.21870498 0.23659486 0.03307699 0.024958609 0.032398243 0.23323663 0.016721847 0.007363797 0.05828437 0.15210904 0.0072042644 0.016479218 5.9203926e-18 0.08400408 0.6783139 0.010533672 0.019423796 0.0032974186 0.0034000727 0.76675445 0.009544924 0.16333987 0.0067733754 0.001563738 0.27237365 0.0009360206 0.0011461327 0.1239278 0.0017165736 0.01825767 0.0042336266 0.14028747 0.34943378 0.01205596 0.10355361 0.0047472864 0.0036196657 0.11460956 0.00023714385 0.00043378441 0.00016107636 0.018248044 5.0466864e-05 0.10685 0.03543189 0.00013032783 0.0022651062 0.15562983 1.6075523e-05 0.10373493 0.1584159 0.00010772755 7.017971e-05 0.10760391 0.02233584 1.5042177e-05 7.34089e-05 1.0973347e-05 0.011608464 0.00018161409 0.011197626 4.219154e-05 3.4084016e-05 0.0030770514 0.012292142 0.0003513136 1.8271629e-05 0.004952113 1.4205851e-05 0.0032762839 1.6366044e-05 0.014417394 0.00027042336 0.008358262 2.0605605e-05 6.247857e-05 0.008512833 0.00046950183 0.032287512 1.5884314e-05 0.00030718822 2.786849e-06 1.8435836e-06 0.0029181263 0.007589848 0.0012781823 3.3435033e-05 3.7216403e-05 1.1090804e-05 5.593945e-05 3.2241715e-06 0.0011342053 0.00012605598 2.2209557e-05 0.009952629
0.3927856 0.017913835 0.012874426 0.012068958 0.060271867 0.21542363 0.32918692 0.019568667 0.09263375 0.008856222 0.23239827 0.68313307 0.0033672547 0.087505706 0.7805868 0.8350143 0.017212218 0.0030487108 0.08400408 1.3338474e-21 0.00818657 0.41950175 0.0055385055 0.15525723 0.031390496 0.044832297 0.5021951 0.0013388715 0.32897162 0.01691054 0.55259097 0.0054888967 0.017485648 0.00096215063 0.11392733 0.65109897 0.24840946 0.0045778924 0.03266547 0.26159725 0.00043163917 0.09908971 0.07514888 0.20274064 0.034340695 0.02513216 0.006884727 0.0054384973 0.00070058217 0.057155848 7.158996e-05 0.011404239 0.05727124 0.0012281777 0.00014111245 0.0010651499 0.0016051074 0.00075760344 0.0007707793 0.0006779411 0.004089655 0.00010412653 0.007656488 5.8309288e-05 4.741909e-05 0.0031260578 0.00068674836 0.0028197644 0.0009978912 0.0030681116 0.00043221342 0.0060631665 0.0011988954 0.0007617039 0.0009049427 0.026007064 0.0005710211 5.5924404e-05 0.0013730284 0.007129754 0.00065302127 0.00033829463 0.0011243746 0.0025313694 0.0015540234 0.00043296156 0.00033784728 2.7845581e-05 5.421072e-05 0.0027834016 3.6292317e-05 0.000804033 5.4592827e-05 0.0005751179 2.3573779e-05 0.0004744899 2.1018346e-05 1.7891703e-07 0.000117933334 3.287598e-05 2.0386158e-05
0.4390415 0.014442972 0.0065180985 0.02261564 0.0051006805 0.40139198 0.044512045 0.4083653 0.0030748632 0.005483141 0.0027286992 0.057887204 0.006482296 0.00057206576 0.0077602235 0.028208964 0.0012685765 0.005429079 0.6783139 0.00818657 9.163672e-17 0.0015736484 0.0025178553 0.00024093964 0.0005043895 0.74263877 0.0013644962 0.5772383 0.0008422141 0.00017440024 0.050035484 0.00015680815 0.00016021749 0.57894015 4.8707057e-05 0.0018757903 0.00053864566 0.050603073 0.5311803 0.0008707667 0.64581203 0.00021713032 0.00012583424 0.01886766 6.468746e-06 2.024857e-05 7.189405e-06 0.0029321595 3.843293e-06 0.033655558 0.13724913 5.3106123e-06 5.4830547e-05 0.24957353 1.9546135e-06 0.10820405 0.2328619 1.2179704e-05 8.141327e-06 0.44627562 0.0063084965 2.052489e-06 7.860786e-06 3.3372355e-06 0.033878893 1.8000641e-05 0.004507409 1.3393037e-05 5.5916807e-06 0.00015782683 0.012603554 1.7846365e-06 8.586662e-06 0.0018981098 7.297853e-06 1.4252273e-05 5.750547e-06 0.01927157 1.6611586e-05 0.0020903167 5.2758264e-06 4.383853e-06 0.0025974424 1.4291403e-05 0.030185217 2.8645952e-06 1.6038022e-05 5.0453576e-07 1.2441674e-06 0.0010035342 0.00538297 6.200814e-05 4.8606253e-06 4.015567e-06 2.6057028e-06 9.343054e-06 5.1373127e-07 0.00079894427 4.889942e-05 3.8155995e-06 0.01577917
0.136301 0.010843268 0.012883914 0.0066424613 0.077587545 0.052830838 0.10211421 0.00882815 0.1383378 0.008741366 0.42424098 0.0909571 0.0016895016 0.42432153 0.46579805 0.20417331 0.031218372 0.0018410186 0.010533672 0.41950175 0.0015736484 4.03416e-23 0.005696608 0.766076 0.052014746 0.0066318624 0.72318155 5.3309068e-05 0.61252564 0.03308154 0.0622011 0.014982185 0.025256539 0.00023877162 0.20386809 0.33663446 0.16523458 0.0014110768 0.005833212 0.09273785 4.4506745e-05 0.039288014 0.028282408 0.037973985 0.022633413 0.012885137 0.010687091 0.0038425382 0.0020285633 0.007537494 1.5793727e-05 0.010309491 0.018048817 0.0003577239 0.0004340946 0.00027404845 0.00037283238 0.0013633709 0.00113646 0.00028689727 0.0035956695 0.00029699178 0.0056583253 6.062114e-05 5.0838453e-06 0.0028682463 0.00010834078 0.0012292294 0.007855473 0.0042778915 7.442134e-05 0.001775387 0.0006919992 8.147289e-05 0.00043986717 0.002136284 0.00034957172 1.1268328e-05 0.0059461407 0.009461138 0.00032228007 0.0001870697 0.0017026705 0.0002605226 0.00043243088 0.00013910142 7.1848364e-05 5.307207e-05 0.000115750045 0.004834017 1.22459405e-05 0.000117076845 5.6624816e-05 0.000292292 3.5006848e-05 0.00012855875 2.6484548e-05 4.6478437e-08 0.00015920629 4.9562488e-05 3.4381667e-06
0.7214268 0.11004415 0.29159424 0.06803069 0.17108814 0.03654064 0.12640566 0.019925822 0.03999144 0.89808583 0.034415852 0.049603134 0.22541626 0.0236015 0.027351106 0.03144838 0.04535418 0.7328435 0.019423796 0.0055385055 0.0025178553 0.005696608 7.4830246e-17 0.0039011291 0.013122313 0.0037380992 0.003040801 0.0003580229 0.0035707974 0.0070105135 0.0036808015 0.02932242 0.015480777 9.6093776e-05 0.004832915 0.0018736128 0.0025858607 0.105735056 0.0013327192 0.0012151656 7.6858385e-05 0.0007983666 0.00039394427 0.0006721405 0.00018734715 5.836887e-05 0.001554537 0.49994323 0.0059510795 0.0003213241 7.817753e-06 7.58624e-05 4.7412213e-05 0.0032255126 0.00017396486 0.0080504045 0.0012755222 0.00043146798 0.00039467492 2.7018426e-05 0.383982 0.00020343461 1.091793e-05 6.9314556e-05 8.625106e-06 3.9264818e-05 5.0249448e-05 1.5142728e-05 0.013762042 0.052612927 7.0075616e-06 9.486023e-06 2.4264844e-05 4.56255e-05 1.689258e-05 3.6825393e-05 1.16551755e-05 9.26811e-06 0.045435276 0.08433192 9.966699e-06 2.6252295e-05 0.09798692 1.8479413e-05 0.00021305394 3.1339844e-06 1.4764932e-05 4.3678884e-07 1.1463671e-05 0.05945784 1.01799205e-05 1.0587724e-05 0.000100141704 3.0213425e-06 1.6339347e-05 1.5030255e-06 2.8063036e-07 2.8925799e-08 0.004504448 0.00013251687 9.901725e-08
0.12770909 0.0050937245 0.006732882 0.0033554519 0.049624838 0.023380289 0.05833394 0.003316559 0.08900796 0.004906306 0.2868707 0.040856875 0.00092144957 0.34879774 0.20305704 0.08595353 0.028510721 0.0012178026 0.0032974186 0.15525723 0.00024093964 0.766076 0.0039011291 1.8234228e-23 0.100383244 0.0017634248 0.5231134 9.314391e-06 0.60706675 0.06823901 0.039890427 0.022510102 0.046274412 0.00010373968 0.54539055 0.23995982 0.2833687 0.0007226166 0.0009571591 0.14711064 6.3572074e-06 0.073993266 0.052180417 0.028887596 0.061098322 0.02589537 0.04345332 0.0028337976 0.008027738 0.003096111 1.2396763e-06 0.030755825 0.026269577 0.00013764839 0.0012065805 0.000117902746 0.0001207495 0.0024076898 0.0020984588 2.4699619e-05 0.0042733587 0.0010932559 0.010237728 0.00013809148 4.9063703e-07 0.0072521144 3.0107705e-05 0.003605822 0.017006509 0.0054020756 1.0734803e-05 0.0053216675 0.0016890746 3.331326e-05 0.00081697747 0.0064069307 0.0006144497 1.0990341e-06 0.009767163 0.008296269 0.00058266707 0.0006027114 0.001919294 0.00036262232 0.00030556283 0.00022657898 7.731351e-05 4.6381843e-05 0.00018243604 0.004688882 2.7356402e-06 8.326675e-05 8.881579e-05 0.00020935795 5.835479e-05 6.674999e-05 2.1078968e-05 9.642655e-09 0.0018854251 0.00013730304 2.5859972e-06
0.15250614 0.012683938 0.014385518 0.0047489144 0.12182585 0.049282055 0.06474203 0.0062198946 0.18312366 0.009223429 0.11886695 0.019194592 0.001179812 0.513059 0.05077955 0.028652461 0.108126104 0.0028563992 0.0034000727 0.031390496 0.0005043895 0.052014746 0.013122313 0.100383244 1.0651852e-22 0.001442222 0.04364566 1.8328314e-05 0.05169666 0.82364106 0.022977043 0.16109723 0.6240315 0.000107826214 0.15695715 0.029938929 0.037736084 0.0060498184 0.0011552537 0.035494383 1.147589e-05 0.027168464 0.021219414 0.03172572 0.045089062 0.006947137 0.31825104 0.040757723 0.07870251 0.005061735 7.125957e-06 0.024983399 0.008120334 0.0003173686 0.048693784 0.0005785839 0.00024977225 0.008479754 0.018279597 9.065799e-05 0.03605516 0.025702367 0.0070251143 0.0035635394 2.7007204e-06 0.006857497 0.00072215474 0.0031579686 0.08478274 0.057819042 0.0001464301 0.0025890907 0.0007127883 0.0009268438 0.0002434631 0.002990054 0.00013530024 1.8570183e-05 0.06578404 0.04449477 0.00012594207 0.0023910876 0.0056446358 0.0004554004 0.0002851042 6.859174e-05 0.00052000274 2.6056296e-05 0.00020780062 0.020480711 4.30182e-05 0.00040432502 0.0013437662 4.8262664e-05 0.00024861444 5.6476398e-05 3.3691547e-05 2.0909505e-07 0.046908382 0.0021953178 4.055973e-05
0.25855124 0.01553013 0.007510954 0.020224143 0.011366117 0.3343484 0.115606725 0.107828125 0.009461117 0.0076184156 0.012188749 0.09228323 0.0049751448 0.0022870032 0.030963572 0.07608127 0.0022911585 0.0041534435 0.76675445 0.044832297 0.74263877 0.0066318624 0.0037380992 0.0017634248 0.001442222 3.3352454e-18 0.0054560406 0.12397057 0.004336281 0.0007282827 0.22790451 0.0004813958 0.00051341666 0.0998243 0.00047539556 0.010646523 0.002461071 0.027871054 0.67820936 0.007968977 0.11550987 0.0026575965 0.0015234543 0.102360494 5.915538e-05 7.210784e-05 1.810936e-05 0.006102238 2.0629474e-05 0.1706612 0.04713379 2.05777e-05 0.0008724513 0.053538952 8.908405e-06 0.030370025 0.082005054 3.926965e-05 4.9326532e-05 0.26677248 0.008048251 5.154654e-06 1.5379548e-05 6.1020573e-06 0.020797282 7.700541e-05 0.02436893 3.4119657e-05 1.292683e-05 0.0007627183 0.031367343 4.4666667e-05 2.0253685e-05 0.008740531 1.3634963e-05 0.004072485 2.1936767e-05 0.029192142 2.360559e-05 0.0035494347 1.7661401e-05 3.1290645e-05 0.0024672372 0.00043045956 0.02398592 1.9520587e-05 0.0003992821 5.5801206e-06 2.1521737e-06 0.0010823297 0.010800072 0.0018068276 2.9142815e-05 7.4398566e-05 9.360125e-06 6.395655e-05 7.5977255e-06 0.002226867 3.924131e-05 1.3936825e-05 0.014095529
0.11969982 0.006986936 0.007168743 0.005447309 0.039285533 0.039076094 0.079027265 0.005407268 0.07109912 0.004873829 0.20289129 0.07959495 0.0013705122 0.18693435 0.3464881 0.18052521 0.015603981 0.0015189013 0.009544924 0.5021951 0.0013644962 0.72318155 0.003040801 0.5231134 0.04364566 0.0054560406 2.7808741e-24 5.5407552e-05 0.77804905 0.027195353 0.07883916 0.008669089 0.025041476 0.00046180672 0.3666533 0.58465236 0.5046697 0.0013684389 0.004201301 0.33615935 4.412183e-05 0.14392468 0.0722951 0.062124755 0.04594427 0.027262429 0.01778522 0.0029475547 0.00307085 0.008945721 7.3505466e-06 0.016327858 0.045039807 0.00034726987 0.0003445921 0.0004102395 0.00030423253 0.0012403894 0.0010623909 0.00010049866 0.0028193505 0.00027137282 0.00782428 4.2348314e-05 4.1121853e-06 0.0035839868 8.541127e-05 0.0018991816 0.0050058393 0.0031682008 5.78686e-05 0.005430472 0.0012390676 0.00013217016 0.0011221224 0.011705413 0.000659176 4.0440477e-06 0.002882331 0.006588636 0.00079811574 0.00025978027 0.0010213276 0.0007080438 0.00044266693 0.000553269 0.00027598246 5.016604e-05 0.000112996706 0.00328702 6.4787664e-06 0.00037534971 3.0471992e-05 0.00041566647 4.3228716e-05 0.00028053476 4.5019824e-05 4.832928e-08 0.00019094041 4.5636378e-05 3.672395e-06
0.713055 0.00523464 0.0027455592 0.01770283 0.0036747514 0.1333366 0.029230287 0.5663901 0.0015103508 0.0020352155 0.0009897432 0.044180386 0.006093067 0.0001651012 0.0016629124 0.008932406 0.0005217279 0.0021764364 0.16333987 0.0013388715 0.5772383 5.3309068e-05 0.0003580229 9.314391e-06 1.8328314e-05 0.12397057 5.5407552e-05 2.7781126e-20 4.474178e-05 6.733986e-06 0.012891552 2.9353858e-05 6.6524867e-06 0.70376974 7.3911586e-05 9.84027e-05 5.0371127e-05 0.16058612 0.03981053 0.00010790974 0.2382395 4.7410675e-05 2.5417701e-05 0.00320907 2.0909225e-05 6.6203793e-06 1.5347434e-05 0.0006707535 1.4953312e-07 0.0013365624 0.020976022 1.0987998e-05 3.648878e-05 0.3838599 4.0727176e-07 0.32650363 0.13996221 7.4789286e-06 4.220701e-06 0.011666864 0.0041867695 3.0151466e-07 1.2039068e-05 4.871184e-07 0.0041569797 1.2920138e-05 8.9424066e-05 3.0086638e-05 2.5578333e-07 7.297386e-06 0.00014408129 6.35581e-05 6.1073006e-05 7.7857265e-05 9.6676646e-05 0.00012746478 1.9515694e-05 0.00040910064 3.5632245e-06 0.000723225 4.5976023e-05 6.4855108e-06 0.021833431 0.0002259489 0.0074780453 3.4722863e-05 1.3035151e-05 2.4403178e-07 2.5784973e-07 0.0017175545 5.2555817e-05 1.7272163e-05 6.913973e-07 2.1533288e-05 1.3289223e-06 2.9639996e-05 3.5804416e-07 1.4946992e-06 9.67161e-07 5.415171e-07 1.7968721e-05
0.10668901 0.007066862 0.007114807 0.005751387 0.033598907 0.031007903 0.06579362 0.004542384 0.061408944 0.005348736 0.16154328 0.05821377 0.0014982735 0.15187828 0.25437784 0.13231434 0.015722234 0.0018126 0.0067733754 0.32897162 0.0008422141 0.61252564 0.0035707974 0.60706675 0.05169666 0.004336281 0.77804905 4.474178e-05 1.8446767e-24 0.034873035 0.057075668 0.009785351 0.03232218 0.0006356505 0.51126117 0.5174034 0.54341984 0.001425922 0.0036472061 0.34733978 4.4791992e-05 0.19247392 0.11174444 0.05467166 0.07238331 0.041808967 0.033409655 0.0028742703 0.005461559 0.0075626224 5.947382e-06 0.02975529 0.053214304 0.00042092355 0.0006958843 0.0005506261 0.00025226863 0.0020861407 0.0016586322 4.079423e-05 0.003663093 0.00054983137 0.011842557 7.562215e-05 2.6809894e-06 0.0051324507 6.388065e-05 0.0030411547 0.0074527673 0.0042097773 3.5576137e-05 0.0071958434 0.0020387287 0.00011407468 0.0016784109 0.012183143 0.00086079526 2.227692e-06 0.004191508 0.006327268 0.0011772702 0.0005624396 0.0018284739 0.0008034121 0.000420551 0.0007615354 0.00025827615 5.583568e-05 0.00013338959 0.0039492496 5.3070935e-06 0.00031734048 5.344952e-05 0.00046354544 5.4767053e-05 0.00018152579 3.9878698e-05 4.40505e-08 0.0006445196 8.379882e-05 3.6589986e-06
0.11707567 0.005455817 0.007283398 0.0021203528 0.06508773 0.012884473 0.023437489 0.0027749853 0.11046795 0.0042545763 0.05768501 0.011886017 0.00041550418 0.3149932 0.0297603 0.017639866 0.081519604 0.0011896405 0.001563738 0.01691054 0.00017440024 0.03308154 0.0070105135 0.06823901 0.82364106 0.0007282827 0.027195353 6.733986e-06 0.034873035 3.5927266e-23 0.0119874 0.16821322 0.7915588 2.8850189e-05 0.09659447 0.019450704 0.027324697 0.0029496918 0.00056798133 0.02219883 2.3207383e-06 0.016470317 0.014770692 0.013497528 0.032204315 0.0053969384 0.20777862 0.021433301 0.09943642 0.0034480258 1.1952839e-06 0.015884882 0.0046613277 0.00018806105 0.06749153 0.00024889366 0.00012158832 0.007398208 0.018120823 3.3417247e-05 0.025169076 0.03638745 0.004128609 0.0045476435 6.28057e-07 0.003419533 0.00029210473 0.0017886359 0.08454448 0.051739834 4.0013103e-05 0.0015098654 0.00052801607 0.0005945265 0.0001734212 0.0026639123 0.000169812 3.996484e-06 0.062126756 0.028685568 7.301093e-05 0.002553695 0.007015085 0.00039303352 0.00019610647 4.7036745e-05 0.00041875325 3.6680878e-05 0.00027151286 0.017708551 9.007727e-06 0.0002899698 0.00091577927 4.750178e-05 0.00017125538 3.1754465e-05 4.1283252e-05 6.24188e-08 0.05571747 0.0017836695 2.8583749e-05
0.20377065 0.021373108 0.00828186 0.017541751 0.039113235 0.4341019 0.36373276 0.056770623 0.05647962 0.006010328 0.07289684 0.3780783 0.0027769418 0.027257048 0.19887541 0.31527072 0.0057441923 0.0038195811 0.27237365 0.55259097 0.050035484 0.0622011 0.0036808015 0.039890427 0.022977043 0.22790451 0.07883916 0.012891552 0.057075668 0.0119874 9.776349e-19 0.0019929104 0.008755052 0.0022031819 0.030612065 0.18811074 0.056064308 0.013466156 0.2612636 0.15923977 0.0045552705 0.0787888 0.06866594 0.83177644 0.014732455 0.012711463 0.004538816 0.012548906 0.0007603039 0.63846344 0.0014974428 0.003932649 0.08604942 0.0049848165 0.00015612577 0.006132131 0.0072092577 0.00014230373 0.00023231766 0.01709549 0.0063003046 7.514314e-05 0.0033541163 4.344052e-05 0.0012473277 0.00047875024 0.027527258 0.00047273719 0.0004271778 0.0028789754 0.014197063 0.007474287 0.00012430361 0.03450563 0.00020662718 0.16410403 9.516192e-05 0.0013956503 0.00030033587 0.016918445 0.00028176626 0.00027339274 0.0012594974 0.0050781835 0.013031722 0.00015849835 0.003348579 2.0484069e-05 4.4352215e-05 0.0025919797 0.0018448317 0.008806581 6.458603e-05 0.00013260322 1.9011088e-05 0.000985033 2.9321203e-05 1.9733521e-05 0.00059813773 0.00020309829 0.0011491994
