2.888378e-31 0.293476 0.043214943 0.5427617 0.7186321 0.22167982 0.010566321 0.0014755718 0.7497771 0.0004445917 0.0015257217 0.0024899445 0.4183781 0.016523642 0.6195002 0.00029370334 0.26676196 0.005084687 0.8023801 0.05821231 0.047377832 0.54022753 0.906423 0.2976296 0.8147248 0.73947656 0.70065665 0.9523724 0.6698531 0.0071543423 4.6771398e-05 0.6338372 0.2895261 0.082360856 0.06860112 0.41460657 0.00024718037 0.8465317 0.54635024 0.6199405 0.9145488 0.0041507287 0.0017713542 0.64154404 0.5454333 0.90477204 0.59317255 0.65980655 0.024252856 0.684281 2.0669548e-05 0.84497464 0.6163927 4.4026245e-07 3.7241396e-05 0.001951415 0.0001642359 0.26634535 0.037020735 1.6251798e-06 3.7272906e-07 0.58259934 0.8132016 0.260498 0.3788519 0.34000584 0.7906203 0.75524265 0.633963 7.140031e-08 0.7638982 0.003368787 0.5929769 0.7259817 0.827327 0.8309312 0.12214755 0.67796963 0.7996573 0.9231323 0.99433196 0.9095845 0.9476643 0.984005 0.94809884 0.981951 0.92590225 0.02408509 0.00024664137 0.00013146343 0.99697924 0.9994924 0.9976906 0.99503195 0.7702927 0.9999034 0.99540704 0.99807066 0.99708855 0.022556482 0.9787842
0.293476 8.9552374e-21 0.7087143 0.034856092 0.04028712 0.9666189 0.08614188 0.34283987 0.80605257 0.13858248 0.08633255 0.5081604 0.062326863 0.034794983 0.05388095 0.058042593 0.0058396743 0.011736466 0.06574178 0.45222253 0.005114497 0.32092476 0.020806493 0.000161467 0.26538673 0.010817152 0.008826299 0.006004656 0.015548669 0.021190042 0.0042793946 0.03384251 0.030100638 6.6224864e-05 0.013335266 0.024148082 0.0015717427 0.0031282199 0.0012723955 0.0019045442 0.0003274452 0.002122467 0.00011902651 1.6293612e-05 0.003385538 0.03252551 2.1744e-05 0.0010658926 0.0025323534 0.013658312 1.5127097e-05 0.023496341 0.0024987354 1.9082965e-05 0.0004698615 0.00035625437 0.00017624763 0.003675559 1.4832095e-05 3.8154525e-05 2.5383955e-05 0.00030468026 0.00084846234 1.1889241e-06 0.0032919655 5.1627314e-08 0.0093310485 0.00038332562 4.805456e-05 4.184805e-06 0.00044091418 4.2091247e-06 0.0034360858 0.005135983 0.0008821989 0.0015347654 0.002390357 6.2503213e-06 0.0030549245 0.00058582105 0.0001924903 0.0004393932 0.0008226845 9.602224e-05 0.0014302933 0.00069099065 0.0011625391 0.0014817547 0.0001281097 2.9265277e-07 0.00014715415 0.00025155584 3.0918312e-05 0.0009803637 0.0019370858 0.00046537677 0.00051402097 4.0100676e-06 0.0006591124 1.7146554e-06 0.0012027891
0.043214943 0.7087143 9.6463105e-21 0.13973969 0.19038822 0.361747 0.8970496 0.66077214 0.37967235 0.8357609 0.86172587 0.49637267 0.1343212 0.2966898 0.11386452 0.634436 0.037427813 0.24973899 0.11236618 0.022123817 0.042224422 0.03857716 0.084783226 7.770372e-05 0.30652 0.0040530814 0.0032026528 0.06789956 0.014897063 7.590219e-05 0.071957245 0.028905913 0.007647147 1.1983158e-05 1.20756695e-05 0.0056343116 0.018855263 0.0011152268 0.0011788616 0.0017487941 0.0005285166 1.7657535e-06 0.000830331 1.4729335e-05 0.0007889006 0.010840615 8.1029075e-06 0.0001327748 9.442483e-06 0.0023183397 2.3465085e-05 0.003544547 0.0010058093 0.00089841994 8.1993685e-06 1.8288251e-06 5.8251617e-06 1.50676915e-05 2.1246572e-06 0.00026118956 1.7753266e-05 0.00016309027 4.6774207e-05 3.8911242e-07 6.0015584e-05 2.4501912e-07 0.0021006954 0.00013411602 3.5257476e-06 2.2657225e-06 6.525792e-05 1.2990078e-07 0.00010613063 0.00030881492 0.00011147892 0.00013626026 3.2829237e-05 1.05738586e-07 0.00027889395 7.686967e-05 1.8035284e-05 7.774204e-05 0.00014569907 3.177634e-05 0.000120422555 0.00011152337 7.6677185e-05 2.3423878e-05 1.3022334e-06 6.683115e-07 5.7862748e-05 1.5228086e-05 1.603524e-05 0.00034339726 1.4389379e-05 1.4002425e-05 0.00016263225 3.4436304e-08 8.387678e-05 4.5791726e-08 0.00011319052
0.5427617 0.034856092 0.13973969 1.9034618e-20 0.98895323 0.008195746 0.109659486 0.002534246 0.042276774 0.0018013737 0.008629832 0.00077747944 0.34773916 0.21819825 0.46067613 0.00096822943 0.19350618 0.040876117 0.12471279 0.00079298473 0.06037427 0.00087789685 0.24774797 0.036018457 0.036453545 0.054951385 0.04779163 0.25094742 0.04056306 7.23054e-05 5.7821676e-06 0.02472669 0.00014421024 0.0073246835 3.2298234e-05 0.0005157506 0.0018600934 0.017701384 0.0284704 0.027242439 0.0066686883 2.923961e-05 0.018631864 0.004542594 0.01434165 0.019852066 0.0035757471 0.007963412 3.2348635e-05 0.00030550105 0.00050523033 0.0028735837 0.027572885 1.23800155e-05 2.4070847e-05 1.4342414e-05 1.5063051e-05 2.00507e-05 0.0010515801 2.4893413e-07 0.000112481815 0.011554431 0.012064718 0.00040146458 2.5178611e-05 9.564103e-05 0.002150713 0.006954213 0.0091876015 0.00010803981 0.0067223306 6.767919e-05 0.00026943846 0.0016534914 0.0044755745 0.003336146 0.00018620893 0.0018216581 0.0025945855 0.0051162727 0.0054718945 0.0045028846 0.005103113 0.010738347 0.0008258903 0.0022717225 0.004205217 2.649559e-05 2.7595308e-07 3.5509227e-05 0.009016008 0.006918805 0.0029769614 0.007356554 0.00037905434 0.00572518 0.0050073196 0.00047511002 0.0021576209 2.4630346e-05 0.0032320993
0.7186321 0.04028712 0.19038822 0.98895323 1.6777377e-19 0.009291196 0.18149653 0.0040297844 0.05027558 0.004179802 0.021010602 0.0016275258 0.26427615 0.32375932 0.3772416 0.0029182239 0.4265344 0.07776855 0.13189375 0.00044704828 0.13850789 0.0005153047 0.31256148 0.14052321 0.0440973 0.066968225 0.043634433 0.62236863 0.043095462 5.1121046e-05 1.34689935e-05 0.027798532 0.00025253292 0.037606195 3.301956e-06 0.0007125909 0.011618924 0.027801668 0.09183614 0.085404925 0.03305847 1.7704286e-05 0.0676787 0.023187093 0.018528873 0.011539802 0.020439114 0.010736924 1.15392995e-05 8.692342e-05 0.003960916 0.00040318083 0.05218987 0.0003329705 0.00016096994 1.4934958e-05 6.170658e-05 2.2851987e-06 0.0063924477 1.294965e-06 0.0015287235 0.016752565 0.01867105 0.0010904674 1.0004925e-05 0.0003314513 0.00017163814 0.009901738 0.032144293 0.00073045894 0.009467705 0.0004478027 5.2310294e-05 0.00038077717 0.0024954895 0.0031493846 0.00011579279 0.00560636 0.00029025422 0.00828556 0.0064588343 0.0075790123 0.0037735947 0.02826423 0.0006181009 0.0017805721 0.002356253 2.8042894e-05 8.5114635e-07 0.0006590992 0.025995037 0.008292173 0.011579897 0.005238868 9.516873e-05 0.006054609 0.003403745 0.0025350004 0.0011709796 0.00010691142 0.0007376983
0.22167982 0.9666189 0.361747 0.008195746 0.009291196 2.3281234e-22 0.024532992 0.09260416 0.9432259 0.031179776 0.021479936 0.19529848 0.03502947 0.00858772 0.027805885 0.009213423 0.0014178167 0.002811809 0.06234806 0.42845032 0.0010735148 0.5504548 0.010428773 3.0964642e-05 0.46479854 0.0057404162 0.004575219 0.0015201431 0.012448523 0.017066877 0.00051926484 0.04289962 0.092317775 4.4467693e-06 0.016475132 0.05631085 4.0674313e-05 0.0027125028 0.00033567817 0.00062631775 0.00010200529 0.0016456556 1.8385474e-05 2.3287796e-06 0.0024816697 0.03169621 5.111298e-06 0.0010938421 0.0023162677 0.015993303 1.1917844e-05 0.032511115 0.0019407332 1.6178328e-06 0.0002606302 9.022975e-05 0.00011121684 0.0032811663 5.7535312e-06 7.3021615e-06 2.354255e-05 0.0002075214 0.0011735827 7.544882e-07 0.0027656197 4.0670255e-08 0.011117024 0.0003218022 3.6354562e-05 2.647841e-05 0.0005039104 9.136276e-07 0.0033211121 0.0049262927 0.0014369872 0.001334076 0.0017885036 2.91083e-06 0.004491318 0.0004905793 0.00020165213 0.00067269197 0.0013421942 0.00011268796 0.00143753 0.0009406779 0.0013029962 0.0006037628 3.65974e-05 1.4328647e-07 0.0001304471 0.00013314799 2.6098924e-05 0.0016581125 0.002931311 0.00035760846 0.00087825605 1.5436733e-06 0.0009786411 1.1016407e-06 0.0019068258
0.010566321 0.08614188 0.8970496 0.109659486 0.18149653 0.024532992 3.92212e-19 0.019273542 0.07012346 0.048227437 0.58591616 0.0046882313 0.039431673 0.9267874 0.05497348 0.08626805 0.34733778 0.9370477 0.03513217 0.00042541293 0.51349497 0.0011689044 0.031806163 0.04977153 0.022247018 0.009361023 0.006276735 0.027605228 0.0072818184 6.615659e-06 0.00058769976 0.005337953 0.0011095555 0.026947053 2.1771275e-06 0.0023592561 0.19226319 0.0037653302 0.00072832376 0.0011933197 0.0032114808 1.6835038e-05 0.11074706 0.0014604805 0.0017399648 0.0023356904 0.0010288899 0.0009014821 2.4790095e-05 0.0013231148 0.028880902 0.0051474823 0.0030826647 0.028704233 2.91226e-06 2.066874e-05 2.5385614e-06 2.7887118e-05 0.0024723567 1.3446321e-06 0.0039657536 0.0003415842 0.00051647594 6.0900897e-05 8.152317e-05 6.220001e-06 0.0012422954 0.0009007314 7.1888426e-06 0.00085491384 0.00030838198 0.00023645414 0.0010778592 0.0047358777 5.373809e-05 9.4601906e-05 4.1947245e-05 5.3151675e-06 0.0002453775 0.00021136428 3.8307837e-05 5.8125843e-05 0.00032382758 1.4319071e-05 0.00035307326 0.00018574992 7.331158e-05 0.0001336384 7.6038833e-07 4.1378167e-05 4.8630016e-05 2.3423834e-05 0.0001869365 0.0004982162 0.0004765374 5.6799403e-05 0.00022837741 1.9338444e-05 0.0002268921 5.3404325e-05 0.00020785553
0.0014755718 0.34283987 0.66077214 0.002534246 0.0040297844 0.09260416 0.019273542 5.2731123e-22 0.031163173 0.69414717 0.31027585 0.95879996 0.001990592 0.00013312526 0.002206625 0.36343694 2.640361e-06 0.00037453425 0.0016926327 0.09619195 2.730774e-06 0.033281006 8.349824e-05 4.498894e-08 0.008229605 2.8606355e-05 4.673974e-05 0.00016351732 0.00015369148 0.0020290208 0.2291477 0.0006286719 0.004579807 4.0778985e-09 0.00077972707 0.0022845182 1.02965205e-05 2.6048745e-05 2.6422576e-06 3.384498e-06 7.013783e-05 0.00029004808 2.0809638e-09 3.0218627e-07 3.7826598e-05 0.00017587791 7.150562e-07 1.0225584e-05 0.00059722207 0.001295358 1.0572093e-09 0.0004424278 2.3633545e-05 4.1977054e-07 0.00039987447 3.6453508e-05 4.3814096e-05 0.0005203636 1.41759875e-08 0.0055956207 2.1586587e-08 1.1287471e-05 5.909761e-06 8.85341e-09 0.00029851322 4.71158e-09 8.02822e-06 1.9742083e-05 2.463287e-08 3.374964e-08 7.2864887e-06 1.9195692e-09 0.00014848901 3.8077058e-05 1.3461519e-05 1.325967e-05 0.00010416288 1.298581e-08 1.2366788e-05 3.1488275e-05 3.623029e-06 1.886928e-05 3.887089e-05 2.7810374e-06 1.9072068e-05 2.9021945e-05 1.3529875e-05 6.661188e-05 2.0337011e-05 6.598469e-10 5.275726e-06 7.6656846e-07 1.5542441e-06 0.00012100749 2.336618e-05 3.4543336e-06 3.248897e-05 1.784332e-08 3.0048788e-05 1.2067821e-08 6.134744e-06
0.7497771 0.80605257 0.37967235 0.042276774 0.05027558 0.9432259 0.07012346 0.031163173 1.2729514e-20 0.01636362 0.028929224 0.06428314 0.35650408 0.04451319 0.2895649 0.004408221 0.010663533 0.018894723 0.53950197 0.20589308 0.0100173615 0.4432735 0.29653823 0.000394692 0.8639217 0.05949622 0.054432765 0.04459566 0.17011094 0.005413545 4.488838e-05 0.27776974 0.077702865 6.9055386e-05 0.005361608 0.08557766 0.0005770297 0.018226234 0.0032631108 0.00825903 0.00058628793 0.0005648682 0.0013324975 6.889784e-05 0.020668902 0.24895568 0.00012362479 0.00720766 0.0015383152 0.02091759 7.0731825e-05 0.07926945 0.014163045 2.2948618e-05 0.00022231165 0.0001917651 0.00013885756 0.0032037478 3.9215534e-05 4.276265e-06 2.2252174e-05 0.0038357098 0.0074566873 5.3059193e-06 0.0039159404 2.5318968e-07 0.06481572 0.0038466356 0.0005549428 5.4266846e-05 0.0071599255 4.1342882e-06 0.0061057545 0.014760884 0.008282542 0.009331747 0.0023310776 1.6517435e-05 0.01552098 0.005099107 0.0021890304 0.007872692 0.008080326 0.00044737116 0.006802901 0.0071131485 0.009697329 0.00068307907 3.9209775e-05 4.6076892e-07 0.00029181739 0.00032395672 6.254301e-05 0.0075437934 0.0043951767 0.0021718945 0.004440915 4.865722e-06 0.003922855 5.102439e-06 0.01290517
0.0004445917 0.13858248 0.8357609 0.0018013737 0.004179802 0.031179776 0.048227437 0.69414717 0.01636362 2.0159088e-20 0.73563313 0.5881781 0.0013393766 0.0027054846 0.0018221237 0.7914754 0.00018842278 0.0037955663 0.00097270653 0.019330002 7.7429955e-05 0.011496895 0.00019697692 4.168407e-06 0.003600432 6.68098e-05 7.781222e-05 0.00031982697 0.0002645735 0.0005701086 0.08588267 0.000388311 0.0015469746 1.6561236e-07 0.00021327367 0.00078464847 0.00034476543 8.66042e-05 9.0011235e-06 1.4156028e-05 0.00022583023 0.00017908307 6.170981e-07 1.7575125e-05 9.032652e-05 0.00024374352 2.1715008e-05 4.223317e-05 0.00024333567 0.0003593256 1.8972772e-06 0.00023709657 2.8842102e-05 5.997702e-05 7.8833575e-05 6.212203e-05 2.6264439e-05 0.00021968894 1.4257071e-07 0.0017878726 2.9102027e-06 1.3627034e-05 6.523863e-05 3.697971e-07 0.00011532221 3.8030805e-08 1.354662e-05 1.553953e-05 1.6533737e-06 3.6623817e-06 1.824137e-05 6.290308e-08 0.00020332637 6.729265e-05 9.010463e-05 7.688023e-05 0.000118546755 6.6427738e-06 2.594162e-05 0.00014833488 1.8663357e-05 7.2699666e-05 0.00022475184 6.4164386e-05 1.8886381e-05 0.00016948067 0.00012249824 0.00026584952 2.2120483e-05 6.3543396e-08 3.7597936e-05 1.30710905e-05 0.00012456243 0.00039180284 8.376566e-05 2.3302558e-05 0.00027104974 1.2598902e-06 0.00023108067 1.9071447e-07 5.819862e-05
0.0015257217 0.08633255 0.86172587 0.008629832 0.021010602 0.021479936 0.58591616 0.31027585 0.028929224 0.73563313 5.700186e-20 0.107369885 0.007764325 0.050464593 0.010058972 0.85525274 0.006144541 0.05452956 0.0052467347 0.00051277224 0.007778688 0.00067960925 0.0016832367 0.0001794212 0.004446299 0.000118710006 0.00014054636 0.0038568014 0.00060660206 1.2581306e-05 0.06438472 0.00094859797 0.00022534956 1.2297001e-05 8.2581187e-07 0.00019742489 0.004226476 0.00020181604 0.00017364016 0.00017684147 0.0013754825 2.8801958e-06 0.0006988965 8.5539665e-05 0.00019163969 0.00048863504 6.35192e-05 6.631233e-05 9.660084e-06 0.00020853616 4.5628025e-05 0.00021575313 0.00022406338 0.0031141038 1.5413805e-05 5.0456583e-06 2.7421913e-06 1.1191453e-05 3.3866809e-06 0.00083083793 4.434811e-05 3.635914e-05 0.00017265764 6.845587e-07 6.163301e-05 1.1225798e-07 6.895023e-05 3.6156165e-05 1.48203735e-05 1.524846e-05 5.2625674e-05 4.4813098e-07 0.00030528323 0.00019472535 7.4017815e-05 4.6342182e-05 1.24180315e-05 1.0405818e-05 1.4515977e-05 0.0003337882 7.001974e-05 0.00013802064 0.00029011306 6.536143e-05 1.4452256e-05 0.00026143927 3.8504597e-05 1.4749548e-05 4.2513773e-07 5.833988e-07 3.540589e-05 1.1056523e-05 0.000112742986 0.0007596527 3.4854475e-05 2.9492528e-05 0.00030725004 2.0831403e-05 0.0002637613 2.23377e-06 1.07937785e-05
0.0024899445 0.5081604 0.49637267 0.00077747944 0.0016275258 0.19529848 0.0046882313 0.95879996 0.06428314 0.5881781 0.107369885 8.3687484e-22 0.0012980674 2.7121148e-05 0.0010817104 0.20599838 3.6227837e-06 4.910195e-05 0.0012658102 0.4002119 1.7051385e-06 0.12624916 8.8816505e-06 8.944918e-08 0.012641544 2.0792064e-05 1.1459724e-05 2.6464073e-05 3.2994958e-05 0.012742814 0.20570675 0.00016306524 0.020372173 6.2306955e-09 0.0077075763 0.0097138 6.3451023e-07 8.268163e-06 3.8136878e-07 1.2009363e-06 3.279172e-05 0.0024762948 2.181364e-09 1.6601194e-07 1.9512678e-05 4.9174632e-05 4.5158328e-07 5.882305e-06 0.001958816 0.0049582208 8.02181e-09 0.0004492326 4.833215e-06 1.737035e-07 0.00456813 0.00023369871 0.0011212853 0.0023020855 9.972894e-09 0.014602521 1.4927432e-08 5.888804e-06 2.031714e-05 7.718104e-09 0.0006750656 1.42861e-09 9.100064e-06 6.4151013e-06 5.60483e-08 2.3090575e-08 1.0340014e-05 2.1454694e-09 0.00019398134 2.644432e-05 1.666962e-05 9.0282465e-06 0.00028833345 3.7265927e-08 8.80614e-06 1.3935138e-05 2.2160295e-06 1.0309038e-05 4.204509e-05 2.9711669e-06 8.3384875e-06 3.0017165e-05 4.687752e-06 0.0003178793 0.00016720356 1.2509163e-09 1.7802773e-05 3.3605195e-07 6.8223308e-06 0.0001376056 4.6000143e-05 2.4935218e-06 5.212738e-05 5.011683e-09 3.2297557e-05 9.76812e-10 2.9964613e-06
0.4183781 0.062326863 0.1343212 0.34773916 0.26427615 0.03502947 0.039431673 0.001990592 0.35650408 0.0013393766 0.007764325 0.0012980674 1.3643177e-21 0.059426658 0.9779637 0.00066209293 0.04382469 0.017737428 0.9315889 0.0013732151 0.025286304 0.0011168014 0.41478997 0.007723415 0.2814671 0.24763778 0.29010662 0.094219126 0.24566934 0.00012876156 7.2013786e-06 0.13719876 0.000549574 0.00071144366 7.393809e-05 0.0014463679 0.000366143 0.055389017 0.020318354 0.03655894 0.0018260273 5.6526078e-05 0.0015638826 0.00041087868 0.040831838 0.09055687 0.0006912954 0.023437813 0.00011945328 0.0005698471 8.968284e-05 0.008034703 0.052749228 3.3707663e-06 3.0846448e-05 1.8237577e-05 1.376357e-05 8.86277e-05 0.00017453618 2.2255524e-07 0.00017068957 0.02341043 0.037315443 3.1405172e-05 0.00012644149 1.990519e-06 0.011877513 0.016456485 0.0050363373 4.1358206e-05 0.016687151 1.4168684e-05 0.0007598592 0.004067672 0.0153098935 0.0153214475 0.00027536412 0.00063677714 0.014273473 0.01322911 0.012375242 0.011964421 0.016615834 0.0035555314 0.0028363527 0.009693959 0.011315419 3.5181318e-05 5.6934977e-07 1.4913928e-06 0.0037068625 0.005833827 0.00046426122 0.013360228 0.000602925 0.008354515 0.009988452 7.931299e-06 0.0063943136 1.29742e-06 0.0125563815
0.016523642 0.034794983 0.2966898 0.21819825 0.32375932 0.00858772 0.9267874 0.00013312526 0.04451319 0.0027054846 0.050464593 2.7121148e-05 0.059426658 8.587371e-20 0.084946394 0.0031502242 0.65068316 0.9332663 0.041061874 4.387682e-05 0.82143325 0.000322455 0.06996028 0.21362923 0.022416903 0.016758958 0.01188056 0.13064091 0.013420951 2.1887815e-06 3.340254e-06 0.0074713547 0.00049891224 0.2574952 6.9600907e-07 0.0025502343 0.12432123 0.004821756 0.001624973 0.0019879446 0.0120795695 1.2710752e-06 0.34266827 0.012659141 0.0023836654 0.003716124 0.0075541423 0.0017827052 3.4150955e-06 0.0022731347 0.06392379 0.009193132 0.006645265 0.0111008845 1.5213998e-06 1.6100985e-06 1.1243118e-06 1.36253175e-05 0.02946345 4.0472692e-08 0.0045511774 0.00054375536 0.0019793788 0.003846107 0.00030216252 0.00061181345 0.004296887 0.00038277652 0.00044744049 0.0015586185 0.00043521466 0.0031940786 0.0017323971 0.00770287 0.00046981176 0.00040587145 1.2017962e-05 0.00030036367 0.0016976829 0.00018332362 0.00011129334 0.00015972927 0.0015949418 0.0003455182 0.0003534907 0.0011122634 0.0011195901 6.0336675e-05 6.509298e-08 0.0006725396 0.0011489617 0.0003644845 0.0005977497 0.0019230178 0.00029523668 0.00047928336 0.0015178326 7.340434e-05 0.0007358142 9.144941e-05 0.0007413604
0.6195002 0.05388095 0.11386452 0.46067613 0.3772416 0.027805885 0.05497348 0.002206625 0.2895649 0.0018221237 0.010058972 0.0010817104 0.9779637 0.084946394 2.370215e-21 0.00084074744 0.06500523 0.030283527 0.8285181 0.0011268007 0.043798972 0.0008952629 0.56588656 0.018061586 0.28547263 0.29385912 0.25670698 0.2153996 0.24540563 7.760286e-05 8.087614e-06 0.13338378 0.00042240816 0.0008887256 2.9024271e-05 0.0008680066 0.0007282685 0.0689401 0.0681518 0.11366459 0.003949089 5.6392437e-05 0.004090905 0.0014931341 0.05604687 0.095278986 0.0016196035 0.04210992 3.685705e-05 0.00023523733 0.0002625336 0.006525786 0.09451629 1.0860326e-05 3.2651384e-05 1.972176e-05 2.2623706e-05 2.1083853e-05 0.00037172437 3.1515734e-07 0.0003104822 0.028980538 0.060615733 4.9461585e-05 4.480374e-05 7.4271625e-06 0.0071314746 0.020069422 0.009583693 0.00012816311 0.022922419 2.3091423e-05 0.00041268766 0.0026530952 0.016389208 0.017089482 6.682363e-05 0.0010538676 0.011679294 0.012853337 0.012033359 0.016983462 0.020443823 0.006839957 0.0025229906 0.011272402 0.014718026 1.3399987e-05 2.6153734e-07 6.3306834e-06 0.006148492 0.0074681384 0.0014616029 0.013229698 0.0003933635 0.00747649 0.010883559 3.2734944e-05 0.0067358078 4.567698e-06 0.01122633
0.00029370334 0.058042593 0.634436 0.00096822943 0.0029182239 0.009213423 0.08626805 0.36343694 0.004408221 0.7914754 0.85525274 0.20599838 0.00066209293 0.0031502242 0.00084074744 9.604599e-21 0.0002810765 0.008548976 0.0003088258 0.0013067669 0.00019205938 0.00083607563 0.00011781878 1.0926763e-05 0.000362802 1.4752854e-05 1.4612969e-05 0.00022717941 2.867609e-05 2.9902421e-05 0.15900484 4.9732134e-05 4.705514e-05 2.1879643e-07 1.2156854e-05 3.100536e-05 0.0010162297 3.600803e-05 3.3999424e-06 1.7927197e-05 0.00025960148 3.3241347e-05 1.7034637e-05 1.0467487e-05 1.0279821e-05 5.348251e-05 1.0744185e-05 7.0361025e-06 2.576005e-05 6.383267e-05 1.0248009e-05 4.8359736e-05 1.6060123e-05 0.00039106424 4.220301e-05 1.7762242e-05 6.9329258e-06 1.440477e-05 3.6295978e-07 0.005368098 2.5508714e-05 4.140412e-06 4.5650617e-05 4.5985098e-07 1.2394096e-05 3.028872e-08 4.897799e-06 1.1537022e-05 2.5994234e-06 8.725219e-06 1.3561808e-05 2.4378986e-07 6.875763e-05 2.4036783e-05 5.072612e-05 4.256213e-05 1.1503601e-05 3.856407e-06 4.4560065e-06 5.4942197e-05 1.5989777e-05 6.7296685e-05 0.00014257053 4.7982438e-05 4.0685736e-06 0.00012826655 2.6113887e-05 3.7133017e-05 3.1632221e-06 7.112123e-07 3.4502133e-05 8.481471e-06 0.0001301187 0.0002173178 1.3823489e-05 2.101584e-05 0.0002118072 1.5069407e-06 0.0001014969 6.1001055e-07 1.2594944e-05
0.26676196 0.0058396743 0.037427813 0.19350618 0.4265344 0.0014178167 0.34733778 2.640361e-06 0.010663533 0.00018842278 0.006144541 3.6227837e-06 0.04382469 0.65068316 0.06500523 0.0002810765 2.8181394e-20 0.36466828 0.03568767 1.5747704e-05 0.8910298 2.6737136e-05 0.13775034 0.9278917 0.011219009 0.014229961 0.0112307845 0.5154951 0.009416994 1.9149097e-06 1.1741912e-06 0.002537706 0.0001717652 0.6429299 1.4098512e-07 0.0005169169 0.0301797 0.004033964 0.043381553 0.021443877 0.068468094 3.5503265e-07 0.38479933 0.1568741 0.0023635011 0.0010390439 0.13515651 0.0011919702 1.6882642e-07 0.00014938784 0.04563599 0.0010843463 0.0072234487 0.0016983218 5.402417e-06 1.7512708e-06 2.333437e-06 9.997376e-07 0.08462421 2.0959554e-07 0.0042688437 0.0026362487 0.000480249 0.10127166 9.966548e-06 0.039666425 0.000387667 0.0010316705 0.03324424 0.0009928037 0.00045161237 0.007967237 0.00012126673 0.0013870097 5.261805e-05 0.00013258854 5.158544e-06 0.024757337 6.294109e-05 0.00025291854 0.00063290965 0.0001237254 0.0006195734 0.014939582 7.9176316e-05 0.000389175 0.00028137796 6.62877e-06 1.6695346e-07 0.012797264 0.020646721 0.0018574578 0.0142267505 0.0014273608 1.7293738e-05 0.0012332987 0.000804819 0.0065196026 0.00038491123 0.00023254486 5.1281942e-05
0.005084687 0.011736466 0.24973899 0.040876117 0.07776855 0.002811809 0.9370477 0.00037453425 0.018894723 0.0037955663 0.05452956 4.910195e-05 0.017737428 0.9332663 0.030283527 0.008548976 0.36466828 2.5578084e-17 0.007317495 0.00011672846 0.7889271 0.0003309548 0.0032357692 0.098940864 0.0040981467 0.0010873318 0.0009901496 0.006238593 0.0017866539 7.5091666e-06 2.2660868e-05 0.0014359487 0.00090918445 0.17449866 1.3224852e-05 0.0023631316 0.8296135 0.0016363814 0.00024157214 0.00030892037 0.0010321508 2.0476666e-05 0.6128267 0.0010616819 0.0007653155 0.0021699131 0.00094728346 0.000553497 6.0365684e-05 0.0018093409 0.15539214 0.0075241243 0.0010615534 0.22747947 9.32663e-06 1.1587027e-05 1.2121474e-05 3.5146542e-05 0.015309866 8.1202006e-07 0.008969697 0.00023812854 0.0003441298 0.0016218532 0.00015800785 0.00017417684 0.001997577 0.00033752024 3.5863064e-05 0.003590985 0.00020268826 0.002346889 0.0018067105 0.0063064964 6.42016e-05 0.00017731651 2.4698253e-05 0.00014110976 0.0008380514 0.0001003661 2.612761e-05 8.064604e-05 0.00083627895 0.00013509214 0.00059240917 0.00040454697 0.00045649835 2.2080796e-05 1.472274e-06 0.001418225 0.00048266555 0.0001606134 0.0008617822 0.0008076889 0.00062446255 0.00014543808 0.0004033364 0.00011129505 0.00032923344 0.00084624963 0.00033709823
0.8023801 0.06574178 0.11236618 0.12471279 0.13189375 0.06234806 0.03513217 0.0016926327 0.53950197 0.00097270653 0.0052467347 0.0012658102 0.9315889 0.041061874 0.8285181 0.0003088258 0.03568767 0.007317495 7.127333e-20 0.0016415574 0.010884342 0.0032400538 0.47324273 0.0023355444 0.6494016 0.440531 0.596675 0.050001133 0.72892225 0.00024619978 6.883456e-06 0.4581682 0.0012617661 7.841361e-05 0.00027199255 0.0024170892 0.0006220876 0.13790081 0.011198928 0.027909592 0.0011666775 8.598131e-05 0.0005774302 0.00021382765 0.10026315 0.24322033 0.00032734836 0.047845762 0.00022208957 0.0008751537 2.564113e-05 0.012928212 0.06166207 6.293344e-06 8.0273516e-05 4.84322e-05 3.5351568e-05 0.00019868245 4.8581293e-05 5.533679e-07 3.1559466e-05 0.025590979 0.06887282 7.6894785e-06 0.00022698665 2.6747156e-07 0.018444324 0.0187771 0.002811592 2.3885783e-05 0.027583582 5.2019636e-06 0.0014356489 0.0040087737 0.03422614 0.037064224 0.0006733845 0.00021506718 0.015970675 0.025950463 0.020069527 0.025937686 0.04878221 0.0021433407 0.00532802 0.035390783 0.043440707 8.1647966e-05 2.3006676e-06 1.6034968e-06 0.0024462144 0.0077833105 0.00023544248 0.035144072 0.00082863064 0.013345163 0.024765123 1.2769589e-05 0.022023479 3.41411e-07 0.03195487
0.05821231 0.45222253 0.022123817 0.00079298473 0.00044704828 0.42845032 0.00042541293 0.09619195 0.20589308 0.019330002 0.00051277224 0.4002119 0.0013732151 4.387682e-05 0.0011268007 0.0013067669 1.5747704e-05 0.00011672846 0.0016415574 4.888683e-20 6.1961173e-06 0.9138697 0.0002834983 5.9762624e-07 0.110322 0.00011063586 0.00023446554 0.00028195334 0.0006665207 0.93644255 0.010410743 0.003354983 0.25520563 5.786807e-08 0.6686816 0.118017726 5.8254955e-06 0.00016788823 6.0039715e-06 1.4747144e-05 1.5965032e-05 0.5611693 1.6742285e-07 1.794288e-07 0.00023871766 0.0039145565 3.337218e-07 7.796136e-05 0.28492117 0.08833395 7.739188e-08 0.02156343 2.4105995e-05 8.2636454e-08 0.04390268 0.040041357 0.06363013 0.11537599 2.4829987e-07 0.0036926202 8.502738e-08 1.4276433e-05 4.2989614e-05 5.6627375e-08 0.015476609 5.084124e-09 0.0028358374 8.814785e-06 4.615874e-07 3.6379618e-08 1.0911601e-05 6.25678e-08 0.003323715 0.0009864662 1.6704616e-05 3.545495e-05 0.011899768 3.2036436e-07 8.615541e-05 5.1768802e-05 2.6635844e-05 2.3127215e-05 5.4985914e-05 2.1161338e-06 0.00054516166 9.642416e-05 3.0240999e-05 0.0023201555 0.00387094 3.7194112e-09 1.8717474e-05 4.1150847e-06 2.1588546e-06 0.00045721023 0.0024137732 2.5975214e-05 0.00022294476 9.9181136e-08 0.00027516697 8.913376e-08 0.00031416933
0.047377832 0.005114497 0.042224422 0.06037427 0.13850789 0.0010735148 0.51349497 2.730774e-06 0.0100173615 7.7429955e-05 0.007778688 1.7051385e-06 0.025286304 0.82143325 0.043798972 0.00019205938 0.8910298 0.7889271 0.010884342 6.1961173e-06 1.1508475e-16 4.6987243e-05 0.05580731 0.82417494 0.0107924165 0.006027318 0.004454284 0.13319683 0.0044227997 2.3691496e-07 2.2183362e-06 0.0027155764 0.00018536167 0.900965 1.9199628e-07 0.0013327808 0.22408968 0.0036812278 0.0030103317 0.0011882192 0.021736067 1.5240906e-06 0.7739899 0.046199746 0.001494174 0.0020483162 0.031901546 0.00055853894 5.3078656e-07 0.00053391594 0.3018247 0.005806751 0.0026870635 0.023980102 2.9803216e-06 1.1435603e-06 1.3192347e-06 1.6534101e-06 0.25828698 2.1335993e-06 0.056774415 0.0003668128 0.0011458552 0.11085872 3.0960742e-05 0.020813582 0.0023100788 0.00014783537 0.0018914519 0.021234967 0.0001747547 0.070214115 0.00034394837 0.003354729 0.00054404663 0.0008175975 6.0901857e-06 0.0026609988 0.0014312908 8.137125e-05 7.564984e-05 5.5807464e-05 0.0011346157 0.0012324515 0.00020873216 0.0011888125 0.0011049495 1.2267471e-05 1.8370906e-07 0.14312401 0.00311906 0.0005481784 0.003002928 0.0011903696 2.7671684e-05 0.00026847736 0.0007785304 0.00600398 0.00096537534 0.0026991875 0.0002874549
0.54022753 0.32092476 0.03857716 0.00087789685 0.0005153047 0.5504548 0.0011689044 0.033281006 0.4432735 0.011496895 0.00067960925 0.12624916 0.0011168014 0.000322455 0.0008952629 0.00083607563 2.6737136e-05 0.0003309548 0.0032400538 0.9138697 4.6987243e-05 1.3223628e-20 0.0014306773 2.7822324e-07 0.6700892 0.0005772251 0.0007900246 0.0003282947 0.0021746915 0.45266068 9.436241e-05 0.018610379 0.86821806 1.8722399e-07 0.8691057 0.64864427 2.487483e-05 0.0006495006 7.105591e-06 5.1785042e-05 2.2096108e-05 0.11401553 1.5607336e-06 1.8825024e-07 0.0010417665 0.07727139 2.755171e-07 0.00020891317 0.29017448 0.52582324 4.5033775e-07 0.1642694 0.00034586797 1.0416287e-06 0.0039448263 0.010081594 0.0056552524 0.35867342 2.880826e-07 1.0994665e-05 4.8896385e-07 9.174493e-05 0.000518686 9.0408335e-08 0.07779436 3.883239e-09 0.043223765 9.108689e-05 3.2581695e-06 1.5623337e-07 0.00016178221 3.7930127e-07 0.0118858535 0.007618253 0.0011456803 0.0015836259 0.013615077 4.896844e-07 0.0048918687 0.000330992 6.664034e-05 0.00017930745 0.000517498 1.9538923e-06 0.00313381 0.00064381585 0.0015586088 0.0016520729 0.00055227085 1.5403335e-08 2.5725238e-05 1.3596244e-05 3.0888646e-06 0.0005599112 0.008475436 0.00012779488 0.0003095491 1.3022452e-07 0.00034436208 1.8641903e-07 0.0026048857
0.906423 0.020806493 0.084783226 0.24774797 0.31256148 0.010428773 0.031806163 8.349824e-05 0.29653823 0.00019697692 0.0016832367 8.8816505e-06 0.41478997 0.06996028 0.56588656 0.00011781878 0.13775034 0.0032357692 0.47324273 0.0002834983 0.05580731 0.0014306773 7.545427e-17 0.056946963 0.123757765 0.89892095 0.616769 0.66808426 0.42299092 1.0818098e-05 1.6504759e-05 0.20069437 0.00025569252 0.0019655293 7.679614e-06 0.001200115 0.00089450175 0.6159595 0.5454666 0.676039 0.09489264 3.2706517e-05 0.006935648 0.01755309 0.2279658 0.1240575 0.0160157 0.24314088 6.1165415e-06 2.5355166e-05 7.3272364e-05 0.0027903374 0.5194921 8.627117e-05 3.125748e-05 2.5464211e-05 6.185234e-05 1.0090248e-06 0.00012612005 1.2983465e-05 4.8217902e-05 0.26425096 0.32355103 8.612124e-05 1.75347e-06 1.5894375e-05 0.0037786295 0.19182532 0.20528527 3.4092627e-05 0.18610132 6.492633e-06 1.0255909e-05 0.00034836965 0.038679272 0.031132374 0.00020078821 0.0024615452 0.0014285387 0.1688728 0.18628861 0.17749922 0.11725209 0.17521405 0.0013079988 0.0654871 0.06184663 5.1207408e-05 4.0026643e-07 1.8536282e-05 0.04715304 0.42314363 0.0066162464 0.1491125 5.5258556e-06 0.34218928 0.14648326 0.0006933422 0.0551726 8.292282e-07 0.021419201
0.2976296 0.000161467 7.770372e-05 0.036018457 0.14052321 3.0964642e-05 0.04977153 4.498894e-08 0.000394692 4.168407e-06 0.0001794212 8.944918e-08 0.007723415 0.21362923 0.018061586 1.0926763e-05 0.9278917 0.098940864 0.0023355444 5.9762624e-07 0.82417494 2.7822324e-07 0.056946963 2.582787e-20 0.00045550353 0.0051138923 0.0016990693 0.6090408 0.0007696778 2.3697571e-07 8.069431e-08 0.00028329802 9.487454e-06 0.9354558 5.1270588e-09 2.865698e-05 0.004824527 0.0019473583 0.05640756 0.025870126 0.17976658 1.1285384e-07 0.39571348 0.44903126 0.0009787886 0.00013989392 0.38208327 0.00045699705 3.8254075e-08 2.65832e-06 0.075722344 2.7703445e-05 0.009328441 0.00018807861 2.4004014e-06 2.539473e-07 5.773205e-07 5.8261787e-08 0.42162108 8.417185e-08 0.0046792394 0.0040081334 0.0009959483 0.38196987 4.4119304e-07 0.12145616 2.6062608e-05 0.0012761226 0.08445334 0.001279159 0.00058476464 0.05230066 3.1705458e-06 0.0001026892 0.000100265264 0.00024759633 4.8231925e-07 0.08354014 4.0307317e-05 0.00048209348 0.0008613073 0.00033441494 0.00040186837 0.04220846 1.1716156e-05 0.00027486956 5.985691e-05 1.4630278e-06 6.6405576e-08 0.07106457 0.047212835 0.003123209 0.042086072 0.001930874 8.236599e-07 0.0016997956 0.001315932 0.027181927 0.0002935835 0.0018920427 5.61067e-06
0.8147248 0.26538673 0.30652 0.036453545 0.0440973 0.46479854 0.022247018 0.008229605 0.8639217 0.003600432 0.004446299 0.012641544 0.2814671 0.022416903 0.28547263 0.000362802 0.011219009 0.0040981467 0.6494016 0.110322 0.0107924165 0.6700892 0.123757765 0.00045550353 7.3883364e-19 0.16902836 0.22747779 0.003016565 0.5915111 0.011245114 5.274101e-06 0.8787979 0.574921 4.425681e-05 0.043005414 0.65148216 0.0017264489 0.059797008 0.00059861655 0.0013889093 0.00043483544 0.0015085859 0.00072180154 5.2156665e-05 0.13453682 0.88638216 0.00016548093 0.036453128 0.008246582 0.28892282 1.9297471e-05 0.5278407 0.008105919 5.159777e-05 3.666493e-05 0.00046679337 0.0001640717 0.019775772 4.599913e-05 2.569002e-06 3.306568e-05 0.0049229157 0.029964942 5.609857e-06 0.035812862 4.7558775e-08 0.35973793 0.0056707337 0.00017980403 1.3621109e-05 0.014816693 1.8368814e-06 0.033930104 0.048087083 0.05089283 0.05293959 0.011873843 2.0189584e-05 0.09357046 0.010171397 0.0038493439 0.017657353 0.050139096 0.00030454635 0.036719766 0.046797603 0.062307466 0.0024573205 1.4214552e-05 2.4486098e-07 0.00046749169 0.0009517977 2.9776102e-05 0.023550933 0.018368278 0.00550424 0.021634225 2.9569639e-05 0.028909843 8.9354586e-07 0.08799988
0.73947656 0.010817152 0.0040530814 0.054951385 0.066968225 0.0057404162 0.009361023 2.8606355e-05 0.05949622 6.68098e-05 0.000118710006 2.0792064e-05 0.24763778 0.016758958 0.29385912 1.4752854e-05 0.014229961 0.0010873318 0.440531 0.00011063586 0.006027318 0.0005772251 0.89892095 0.0051138923 0.16902836 3.2960875e-18 0.9647086 0.086989924 0.5086949 7.8293444e-05 5.135552e-06 0.24280298 0.00021693495 6.5026936e-05 1.3266766e-05 0.00041979703 0.00010695833 0.62951434 0.100036666 0.27363682 0.0034741578 3.060611e-05 0.00011402629 0.0012195093 0.27775997 0.10490033 0.0014218199 0.22829269 2.483347e-05 5.2952913e-05 2.61728e-05 0.0022586717 0.40169498 3.8980197e-06 4.5231034e-05 4.007015e-05 3.9619412e-05 2.6037753e-06 6.777943e-05 3.1169213e-07 3.210302e-05 0.119488366 0.3049542 3.4383458e-05 5.149819e-06 2.5655156e-06 0.0054219672 0.08612506 0.015093013 1.9163337e-05 0.12855338 1.2133596e-05 5.5460103e-05 0.0009000042 0.03931445 0.036128595 0.00010381459 0.0007140406 0.006071458 0.072967835 0.049674932 0.08810516 0.093410574 0.009724626 0.0027668145 0.050399408 0.04858707 1.653015e-05 2.715373e-07 1.6381823e-06 0.0056268135 0.04081567 0.0008769291 0.075200126 5.995255e-05 0.05662488 0.08766925 3.4843873e-05 0.037616856 1.170553e-06 0.023305884
0.70065665 0.008826299 0.0032026528 0.04779163 0.043634433 0.004575219 0.006276735 4.673974e-05 0.054432765 7.781222e-05 0.00014054636 1.1459724e-05 0.29010662 0.01188056 0.25670698 1.4612969e-05 0.0112307845 0.0009901496 0.596675 0.00023446554 0.004454284 0.0007900246 0.616769 0.0016990693 0.22747779 0.9647086 2.4652378e-19 0.026899725 0.84687847 5.6836463e-05 8.756388e-06 0.3445832 0.00022245184 8.8037e-05 2.0046456e-05 0.0005219434 5.598354e-05 0.61863655 0.024275562 0.08501288 0.0014854304 5.7164965e-05 0.00011318124 0.0005429671 0.3545515 0.16660897 0.00090467685 0.24168332 3.6410012e-05 0.00024319251 1.8000675e-05 0.0031266946 0.22511207 1.5702421e-06 2.4009976e-05 3.2483826e-05 2.2403226e-05 1.7851753e-05 0.00013025913 2.5023945e-07 1.898726e-05 0.058750886 0.19623993 3.7213566e-05 2.7837907e-05 1.2807977e-06 0.0073510166 0.051349748 0.003959286 1.3869325e-05 0.08209355 5.35257e-06 0.00033479754 0.0022705065 0.045359027 0.040120926 0.00033051288 0.0003120933 0.012907478 0.050480537 0.042644627 0.056977503 0.09396061 0.0036423763 0.004221903 0.051798496 0.059464358 2.0002686e-05 4.612908e-07 5.247378e-07 0.00403346 0.015314509 0.0005211856 0.062302466 0.00021216199 0.032694004 0.07522674 1.2956056e-05 0.04103704 6.761499e-07 0.034608994
0.9523724 0.006004656 0.06789956 0.25094742 0.62236863 0.0015201431 0.027605228 0.00016351732 0.04459566 0.00031982697 0.0038568014 2.6464073e-05 0.094219126 0.13064091 0.2153996 0.00022717941 0.5154951 0.006238593 0.050001133 0.00028195334 0.13319683 0.0003282947 0.66808426 0.6090408 0.003016565 0.086989924 0.026899725 1.828827e-17 0.013405146 4.672757e-05 3.6464495e-05 0.002655966 0.00015156838 0.106421255 8.193764e-06 0.00068068184 0.00087346404 0.05517396 0.644458 0.29341546 0.93214613 7.4517393e-06 0.0150908325 0.6508355 0.011729852 0.0009674582 0.623401 0.00673964 1.8904022e-05 8.209364e-05 0.0026897376 0.00029799782 0.15503357 8.4921354e-05 0.00016434997 1.9628074e-05 0.00019547254 1.1669822e-05 0.041400254 1.9229152e-05 0.0004592526 0.12338363 0.023629738 0.10253362 6.4376545e-06 0.045771383 7.089756e-05 0.04294834 0.5640849 0.00037751766 0.01752345 0.001872807 8.702807e-06 6.3610976e-05 0.0008891804 0.0010753057 0.00015328382 0.11820695 8.309057e-05 0.053351402 0.09305153 0.026308456 0.0043366966 0.39323166 3.493011e-05 0.002359434 0.0015379163 0.00011836184 8.172143e-07 0.0008873693 0.40356857 0.4769076 0.08378411 0.027528955 3.9891115e-06 0.26275322 0.015568114 0.0086629065 0.0018469247 0.0005537797 0.00068377843
0.6698531 0.015548669 0.014897063 0.04056306 0.043095462 0.012448523 0.0072818184 0.00015369148 0.17011094 0.0002645735 0.00060660206 3.2994958e-05 0.24566934 0.013420951 0.24540563 2.867609e-05 0.009416994 0.0017866539 0.72892225 0.0006665207 0.0044227997 0.0021746915 0.42299092 0.0007696778 0.5915111 0.5086949 0.84687847 0.013405146 8.410426e-20 0.0001165786 1.0143512e-05 0.9397052 0.0014347784 5.1065737e-05 0.00026439442 0.0033738026 0.00020551762 0.39532372 0.008235359 0.027864557 0.0007383902 6.8310444e-05 0.00017054558 0.00025605294 0.42217043 0.50790226 0.0004332701 0.2485846 0.00022877591 0.0011942151 2.216356e-05 0.016791603 0.09413715 2.4813855e-06 1.4609973e-05 3.6149067e-05 3.193699e-05 0.0002500442 0.0005415324 6.522979e-07 1.7363096e-05 0.030230599 0.1502997 4.5474288e-05 0.00025255725 1.0272764e-07 0.040798474 0.024332644 0.0022832917 1.1525717e-05 0.061252687 3.1787386e-06 0.0016285249 0.008037326 0.08663938 0.082167804 0.00091467384 0.00014997409 0.03715401 0.03828291 0.028363077 0.046311747 0.1132505 0.0008537377 0.011484935 0.07662025 0.10408809 6.6059845e-05 9.565362e-07 3.2476913e-07 0.0016718011 0.004329636 0.00019929616 0.072157994 0.0008965519 0.023109304 0.071510054 9.647452e-06 0.07183753 5.2626024e-07 0.09364746
0.0071543423 0.021190042 7.590219e-05 7.23054e-05 5.1121046e-05 0.017066877 6.615659e-06 0.0020290208 0.005413545 0.0005701086 1.2581306e-05 0.012742814 0.00012876156 2.1887815e-06 7.760286e-05 2.9902421e-05 1.9149097e-06 7.5091666e-06 0.00024619978 0.93644255 2.3691496e-07 0.45266068 1.0818098e-05 2.3697571e-07 0.011245114 7.8293444e-05 5.6836463e-05 4.672757e-05 0.0001165786 1.7028059e-20 0.00030859056 0.0012706057 0.061638817 2.202927e-08 0.68405885 0.022531943 2.222936e-06 6.3213716e-05 4.978984e-07 2.0793918e-06 8.4173225e-06 0.7627597 2.3224231e-08 1.0549986e-07 8.492791e-05 0.0014728592 1.8208031e-07 4.9485083e-05 0.44576982 0.023279935 2.3058844e-08 0.004966161 6.6040284e-06 6.4630505e-09 0.018429574 0.11785171 0.045890555 0.12576458 2.2460516e-07 0.00039785536 3.1657135e-07 5.397916e-06 3.054872e-05 3.1187471e-07 0.009244987 1.4115981e-08 0.0009994035 5.579988e-06 3.6152592e-08 4.5602942e-08 7.953607e-06 4.6152353e-09 0.0019743412 0.0007103871 4.3831984e-05 8.6812666e-05 0.014848867 1.2897854e-07 0.00017995946 3.8913695e-05 7.789414e-06 3.0366105e-05 5.592222e-05 2.5757288e-06 0.00039283265 8.8404e-05 2.750157e-05 0.0038214573 0.01581937 9.57378e-10 4.4694725e-06 1.7892942e-06 3.206801e-07 0.00034798894 0.0030744337 2.4433264e-05 0.00016247304 9.883814e-09 0.00015590109 2.822724e-08 0.00013115675
4.6771398e-05 0.0042793946 0.071957245 5.7821676e-06 1.34689935e-05 0.00051926484 0.00058769976 0.2291477 4.488838e-05 0.08588267 0.06438472 0.20570675 7.2013786e-06 3.340254e-06 8.087614e-06 0.15900484 1.1741912e-06 2.2660868e-05 6.883456e-06 0.010410743 2.2183362e-06 9.436241e-05 1.6504759e-05 8.069431e-08 5.274101e-06 5.135552e-06 8.756388e-06 3.6464495e-05 1.0143512e-05 0.00030859056 1.5354643e-23 2.661851e-06 2.9182766e-06 2.8084656e-08 4.9419996e-05 1.3807843e-06 3.0968788e-06 4.7374968e-05 8.082425e-06 6.7596843e-06 8.504916e-05 0.0008500671 1.1708772e-07 1.1434961e-06 9.262764e-06 8.3058086e-07 8.0762027e-07 2.0268285e-06 8.7597895e-05 2.982841e-06 3.0596404e-08 3.488675e-06 3.6158304e-05 9.509791e-06 0.0056900033 2.4383986e-05 0.0008806065 1.3681691e-06 9.134049e-08 0.43698254 1.9384409e-08 8.502131e-06 6.697273e-05 1.3168739e-08 7.2212225e-07 3.002604e-07 2.0055826e-05 5.6885942e-06 3.1417007e-05 3.3149803e-08 1.746215e-05 2.2826784e-08 3.5756634e-06 3.9098218e-06 1.9642832e-05 1.931056e-05 1.5498843e-05 2.0795626e-06 8.22847e-06 3.6115744e-05 3.84023e-06 1.4889293e-05 0.00028283533 7.6174456e-06 4.1966732e-07 7.486332e-05 1.28260735e-05 2.0825762e-05 3.092191e-05 1.0064841e-09 4.1270673e-06 2.869904e-07 8.036823e-06 5.7485762e-05 1.4391196e-06 1.6473679e-06 9.997705e-06 5.4396224e-07 1.0375852e-05 3.0943426e-08 7.405986e-08
