2.6609e-41 0.13044706 0.069706686 0.19034089 0.2970491 0.22132961 0.041186508 0.15542278 0.65471625 0.7482371 0.43993533 0.77075344 0.04008206 0.036389045 0.16387725 0.055328276 0.08177633 0.37543935 0.06777117 0.45518205 0.50145817 0.5187168 0.76917475 0.03883647 0.5374076 0.6058026 0.79374766 0.017838942 0.7274073 0.61681765 0.6126513 0.77422297 0.5973383 0.019693138 0.89807063 0.79189605 0.37597954 0.1112927 0.05838647 0.4253843 0.84679246 0.009636392 0.5938355 0.9065739 0.007366572 0.7849133 0.67897767 0.38691655 0.8986435 0.07438592 0.0069623883 0.087806016 0.006735304 0.006617685 0.4514864 0.11017041 0.006864013 0.98264414 0.0022008612 0.8419659 0.01226677 0.03240893 0.43318507 0.0013873895 0.00234051 0.37576318 0.95747787 0.0010509569 0.022228254 0.994151 0.9490123 0.00037381044 0.00024367006 0.98794806 0.0016198376 0.9906988 0.00056629325 0.009362412 0.880316 0.9824917 0.5696323 0.40499923 0.02630013 0.9929533 0.99373233 0.0045821355 0.97936636 9.466607e-05 0.9774207 0.00022164437 1.5114011e-06 0.0019247332 0.0008932388 0.031939697 0.0031173888 2.9635754e-07 0.38337442 0.989532 0.88278747 0.018956583 0.0012807581
0.13044706 4.7842836e-26 0.7540346 0.721216 0.48184407 0.6555266 0.3881814 0.30252057 0.053599402 0.070801914 0.038009245 0.08285294 0.14799368 0.025944969 0.068443514 0.042383507 0.024894347 0.019650428 0.062335607 0.006361071 0.004604382 0.0041287723 0.019120758 0.055354293 0.007336012 0.029567147 0.040561013 0.032993045 0.010103905 0.021578843 0.003714253 0.012530685 0.0037664706 0.031799085 0.01308113 0.013521581 0.000985962 0.00056834106 0.0002454405 0.00016012126 0.01720545 0.032042712 0.0036430191 0.024220318 0.0014861447 0.00061839074 0.0035144368 0.00018416875 0.025814323 0.00021656224 0.0040704077 0.0003482288 0.027542349 0.00057090895 0.001904011 5.240464e-06 1.6179325e-05 0.012304896 0.0047334395 0.0005649248 0.00019110876 7.91751e-07 8.661163e-05 0.0014667322 0.000301667 0.00028718935 0.003139164 0.000967784 4.607175e-07 0.018012794 0.0036166343 0.00015474569 0.00013531857 0.0092177605 1.1556414e-05 0.0044491813 5.859525e-05 1.1126357e-07 0.0012535861 0.0027861027 0.00032858006 0.00015265681 9.632981e-06 0.002569611 0.0018912011 4.3267632e-06 0.00033712346 8.876934e-06 0.002753733 1.4071869e-06 5.920214e-06 1.43472835e-05 1.8384227e-07 3.0742692e-07 4.3887744e-07 3.022736e-05 2.3114944e-06 0.00092933926 9.495397e-05 7.796273e-08 3.3263987e-07
0.069706686 0.7540346 2.484012e-28 0.48478058 0.501871 0.45754123 0.7477871 0.4488685 0.05886187 0.08713523 0.062162716 0.05846353 0.42154047 0.030929048 0.11508636 0.060540333 0.02623277 0.04217788 0.10830432 0.015362752 0.010524659 0.008489681 0.014748888 0.1477171 0.008576282 0.024390772 0.021263717 0.06591673 0.0069292816 0.0171287 0.002379762 0.016607951 0.0023582338 0.08710027 0.009193539 0.007175172 0.001599861 0.0006297956 0.00040448256 0.00018712431 0.0050859335 0.049684707 0.0018312591 0.0106672 0.0022083493 0.0006771247 0.001970959 0.0002758388 0.008888129 0.00027292693 0.014803382 0.00033696851 0.060946997 0.0009589828 0.0006651272 7.0483857e-06 1.3864445e-05 0.0062338435 0.011934853 0.00037208755 0.0006879332 1.0115791e-06 0.00010110583 0.0031734954 0.0012023292 0.00025436847 0.0013392041 0.0020213656 4.6706583e-07 0.005297133 0.0018641887 0.0006849885 0.00063684146 0.0027260126 4.2470033e-06 0.0012569326 0.000110761495 2.1007504e-07 0.0008232108 0.0014595713 0.00022728625 0.00018200003 4.4918634e-06 0.00045900932 0.00044972022 3.3056485e-06 8.265099e-05 1.9443834e-05 0.00055423466 3.5250687e-06 1.5704676e-05 8.144884e-06 8.0679236e-08 9.786354e-07 3.869155e-07 7.467373e-05 9.033595e-06 0.000453506 3.525827e-05 2.2653003e-07 7.417805e-08
0.19034089 0.721216 0.48478058 2.7714264e-25 0.407336 0.7431617 0.22729263 0.2041622 0.0529163 0.10007176 0.031572398 0.12977606 0.089670815 0.01699635 0.037315916 0.030575573 0.017596392 0.009609328 0.0370063 0.0034866098 0.0023679526 0.0024109574 0.024785046 0.039201178 0.0073678363 0.05522863 0.0739102 0.016574716 0.016113397 0.024293493 0.004094074 0.007472324 0.0043587033 0.013146011 0.010955773 0.02658316 0.00027343782 0.00031554638 0.00010787291 3.0046955e-05 0.043392844 0.022545561 0.0037986855 0.023185365 0.0006043671 0.0003816249 0.003921182 5.280057e-05 0.05616552 0.00011006117 0.00093997485 0.00025235355 0.014734816 0.000110359346 0.0038668355 1.6740826e-06 3.7961488e-06 0.019057756 0.001255055 0.0010772395 2.9253057e-05 3.258376e-07 4.9093007e-05 0.00023344989 2.458857e-05 0.00010925216 0.0061404607 0.00012925357 2.149625e-07 0.037771035 0.004156451 1.9828485e-05 1.7547036e-05 0.021415515 3.3419237e-06 0.007828416 1.9611029e-05 4.9598206e-08 0.0009845494 0.0031440703 0.00023604656 7.60147e-05 6.5547106e-06 0.006685595 0.0050579803 3.792201e-06 0.0009120167 2.3735174e-06 0.0077114766 2.0963394e-07 1.9483307e-06 6.8065315e-06 7.8305646e-08 1.4660903e-07 1.297913e-07 4.006463e-06 1.1883075e-06 0.001440793 0.0002538651 3.212395e-08 2.5540237e-07
0.2970491 0.48184407 0.501871 0.407336 6.4116627e-25 0.22983561 0.43639222 0.74258626 0.37105012 0.065882206 0.037814595 0.3555067 0.305982 0.15760055 0.056016207 0.18831082 0.20251365 0.021834567 0.054631975 0.011390994 0.00838915 0.0072195334 0.09774405 0.17298236 0.08674605 0.044468064 0.095552385 0.034660693 0.0583226 0.02045373 0.020037742 0.0033666273 0.02061 0.024815958 0.003231771 0.01883102 0.00027515832 0.0064629223 0.002496313 2.2642485e-05 0.050682873 0.077092 0.010959101 0.004546833 0.00017485804 0.00019859661 0.01007426 4.704836e-05 0.047496315 0.0014545881 0.0019491467 0.0020096751 0.03795523 2.7984894e-05 0.015054479 4.85489e-06 2.39261e-06 0.005427112 0.015872102 0.0027637542 8.982425e-05 6.0476543e-07 1.7070579e-05 0.00067752745 4.3816188e-05 8.636525e-05 0.011334164 0.00016593591 4.2863067e-07 0.028788108 0.0013511727 0.00018078944 0.0001426973 0.02188194 1.6629092e-06 0.0018542622 0.00011040356 9.7455185e-08 0.00053086854 0.0011613634 8.24445e-05 3.4331326e-05 3.146459e-05 0.0056213425 0.0046488596 3.291083e-05 0.0016021933 2.8408094e-06 0.005113295 1.2151277e-07 6.770265e-06 6.6830515e-05 4.3840533e-08 2.1851473e-07 4.8649838e-08 0.00019983017 1.4394656e-06 0.00028044512 0.0010637759 5.874215e-08 2.1314342e-07
0.22132961 0.6555266 0.45754123 0.7431617 0.22983561 1.8490707e-26 0.19558811 0.13340837 0.021839513 0.4825274 0.17344391 0.08872455 0.082060106 0.008490487 0.07533439 0.02097704 0.009583648 0.032273564 0.060752682 0.010426367 0.006373121 0.005111973 0.010116492 0.031256624 0.003533726 0.084065475 0.057744298 0.028679114 0.0055926433 0.043233797 0.0009639006 0.014289627 0.001070562 0.024574174 0.02177687 0.031864747 0.0019582913 0.000107317166 5.5268283e-05 0.000254016 0.015527493 0.015055182 0.0014621268 0.05836713 0.0032633971 0.0015591551 0.0019119263 0.00035153682 0.040003866 6.177594e-05 0.0031494421 9.680017e-05 0.011970817 0.0008764997 0.00059627334 4.7903404e-06 3.700716e-05 0.033940975 0.00027229154 0.00014658157 7.743527e-05 1.0489787e-06 0.0003304401 0.00037905993 4.921925e-05 0.00041355204 0.0022444632 0.00024407706 6.0488657e-07 0.033130456 0.008442655 9.437145e-06 6.9218536e-06 0.016012073 7.831193e-06 0.012058178 8.448945e-06 1.2158928e-07 0.001566202 0.005724409 0.000287567 0.00014816267 1.7701999e-06 0.0031384425 0.002272321 6.850256e-07 0.00021256058 3.6474594e-06 0.0057984255 4.1089058e-07 8.8227034e-07 2.1587723e-06 1.8758769e-07 2.663493e-07 2.3177732e-07 9.822932e-07 7.913317e-06 0.0036289995 3.2719996e-05 3.964426e-08 3.613648e-07
0.041186508 0.3881814 0.7477871 0.22729263 0.43639222 0.19558811 8.004404e-27 0.52838796 0.06869916 0.06928452 0.059713848 0.045520578 0.7835027 0.062326744 0.09960363 0.15699844 0.038985107 0.03997518 0.1500247 0.01770699 0.014592554 0.012140942 0.014527819 0.37080637 0.008700833 0.01614012 0.013317687 0.13188745 0.007101053 0.013679241 0.003082197 0.014822092 0.0026447638 0.16514622 0.0058523994 0.0032926549 0.00092828524 0.00046346983 0.00033346427 0.00020615874 0.0033075318 0.10146096 0.0021679886 0.0052193715 0.0018867947 0.0007517737 0.0017432376 0.00038661584 0.0035121413 0.00030520724 0.028777668 0.00031057963 0.13627546 0.00072557013 0.0012002472 5.565569e-06 7.835862e-06 0.0028326844 0.02354254 0.00040971907 0.0022106068 7.025029e-07 0.00014013586 0.0048742006 0.002634292 0.0001874374 0.00045992428 0.004370293 3.503473e-07 0.0030837273 0.0012186717 0.0018001097 0.0019846743 0.0013029124 1.9121085e-06 0.00039219274 0.0006039759 1.5893843e-07 0.0004220752 0.000664178 0.00017116344 0.00020673896 1.1415582e-05 0.00036051634 0.0003088093 8.119229e-06 2.4659821e-05 3.8024915e-05 0.00027714268 5.619072e-06 6.772025e-05 4.171465e-06 2.8806763e-08 1.8979123e-06 7.3206394e-08 0.00020047404 2.369477e-05 0.00015617491 4.1844403e-05 4.100685e-07 2.2800545e-08
0.15542278 0.30252057 0.4488685 0.2041622 0.74258626 0.13340837 0.52838796 4.549234e-27 0.39241228 0.0601781 0.051717475 0.20215864 0.5675448 0.6464865 0.084143214 0.67527384 0.649456 0.045511134 0.078477256 0.024513965 0.018490665 0.01450194 0.11656007 0.5542029 0.32198033 0.023578325 0.039366856 0.072820365 0.057054654 0.0122039 0.040685933 0.0026936587 0.028663233 0.086952046 0.0020176256 0.0077026165 0.000275247 0.02314929 0.0127999615 3.2801163e-05 0.02035256 0.18986547 0.011247039 0.000905086 0.00016937079 0.00025617288 0.00889052 9.906104e-05 0.016403282 0.006331122 0.0077827065 0.0046380367 0.10916009 3.376286e-05 0.011639879 1.0867019e-05 3.6202212e-06 0.0015603899 0.043018363 0.0018697449 0.0007213906 1.8481024e-06 2.0605938e-05 0.005257404 0.00136263 9.538344e-05 0.0050985646 0.0023750258 1.1048023e-06 0.009173142 0.00088718865 0.003950031 0.0037633828 0.007238668 1.7368254e-06 0.00048518518 0.0040273145 4.0253497e-07 0.00037167402 0.00060796103 7.3630734e-05 7.612221e-05 5.6788405e-05 0.0018076205 0.0018761491 5.4194596e-05 0.0012022565 2.538962e-05 0.0014925197 8.9357485e-07 0.0007934515 0.00019534491 8.479966e-08 8.041326e-07 1.7215852e-07 0.003404899 1.3934141e-05 0.00021604469 0.0011842259 6.4164436e-07 1.9073592e-07
0.65471625 0.053599402 0.05886187 0.0529163 0.37105012 0.021839513 0.06869916 0.39241228 7.667627e-21 0.0399528 0.018768908 0.7297118 0.0481553 0.18278171 0.024348151 0.16970387 0.36713338 0.013956145 0.020116989 0.0058714603 0.0039044623 0.0027312457 0.555367 0.08107891 0.5102002 0.059779447 0.21711987 0.009602302 0.3681266 0.033050086 0.23705381 0.0014134167 0.20041347 0.0025793952 0.0020693308 0.034585156 0.00023256968 0.09181472 0.053244792 2.0537234e-05 0.19209439 0.044075992 0.08393112 0.0069583524 0.00066166976 0.00013681431 0.08396298 6.953165e-05 0.14566031 0.02919865 0.0001834191 0.033048026 0.009375617 0.0004327568 0.101272136 2.052024e-05 0.00012307495 0.009952942 0.0147944195 0.033206146 0.00022387713 2.019534e-05 0.0001512259 0.0017487548 0.00051601505 0.00015887957 0.12647536 0.00076187577 1.3006169e-05 0.177966 0.0021041431 0.0004936503 0.001111544 0.22454703 5.8480084e-05 0.005506923 0.0022368794 7.381293e-06 0.00016324977 0.0020478247 0.00011283378 0.00015017891 0.007149595 0.13979214 0.11903361 0.004936051 0.035187513 2.1110996e-05 0.076957785 6.1936303e-06 0.00050825416 0.005540317 9.0281865e-06 4.705305e-06 2.6079106e-06 0.001587388 5.5312317e-05 0.0011787926 0.013819544 2.368656e-06 2.1848617e-05
0.7482371 0.070801914 0.08713523 0.10007176 0.065882206 0.4825274 0.06928452 0.0601781 0.0399528 2.8162853e-24 0.84028965 0.16612628 0.03769509 0.009367582 0.11982017 0.019665616 0.010607166 0.09407917 0.08162849 0.054863606 0.046485517 0.04032946 0.014631336 0.017079534 0.003725211 0.33895952 0.18131797 0.03013267 0.011891805 0.3694116 0.0021331438 0.06531131 0.0030195985 0.022361098 0.10881892 0.13802372 0.010433305 0.0010849029 0.00051646214 0.0020579938 0.03799167 0.008567654 0.005611174 0.29559517 0.012830895 0.005117427 0.006958794 0.0019722346 0.0966376 0.00032064176 0.0060311104 0.00047083266 0.0096273245 0.010516231 0.0011723327 0.00019252591 0.0017439958 0.15147538 0.0008384195 0.0013087905 0.0009967099 6.927854e-05 0.0029081402 0.00091734866 0.0002288933 0.0037282177 0.0046157446 0.00029139995 4.179555e-05 0.17257148 0.048318785 7.609594e-05 8.024243e-05 0.068593465 0.000117447904 0.12918131 0.00010793321 8.708518e-06 0.007947942 0.03614109 0.001971943 0.001663674 2.6827118e-05 0.007659734 0.0037431484 8.419201e-06 0.00045931872 6.4952346e-06 0.018981835 4.591829e-06 7.363589e-06 1.1602033e-05 3.7213151e-06 3.5284186e-06 3.6587019e-06 2.3891375e-06 5.205291e-05 0.03688236 0.0003693085 3.8980326e-07 1.5329374e-06
0.43993533 0.038009245 0.062162716 0.031572398 0.037814595 0.17344391 0.059713848 0.051717475 0.018768908 0.84028965 8.255571e-25 0.06261852 0.03941021 0.013911231 0.2245766 0.02606094 0.01161493 0.28571004 0.13408099 0.20642973 0.15389687 0.11501928 0.00698557 0.019689914 0.0011038288 0.0638966 0.03418049 0.05021113 0.0053075263 0.11745788 0.0008657494 0.11288739 0.0010876512 0.029693734 0.13893493 0.03290535 0.01849715 0.0008357926 0.0005076809 0.006269566 0.011750207 0.008209459 0.0021496653 0.25923964 0.026650883 0.008405743 0.0029809205 0.0040564165 0.025201656 0.00027901313 0.009220852 0.0004571516 0.0057755774 0.021402126 0.00038271394 0.00058001676 0.0048145372 0.12735085 0.00061177 0.00039662738 0.0020476638 0.00031097527 0.0054972656 0.0014603718 0.0006753628 0.00777154 0.0012098501 0.0005704086 0.00019206177 0.062885545 0.05509159 7.923886e-05 0.00010707928 0.02234995 0.0005051179 0.086270645 9.472026e-05 4.1759173e-05 0.010771322 0.037179273 0.0033734313 0.0037906412 5.1331576e-06 0.0018097111 0.0012268373 4.4605176e-06 9.522883e-05 1.3814397e-05 0.005184276 1.46302455e-05 4.8676297e-06 8.394675e-06 1.0054041e-05 1.5125049e-05 5.7304833e-06 8.119156e-07 0.00034555708 0.018196594 0.00012549917 9.2148287e-07 2.2983168e-06
0.77075344 0.08285294 0.05846353 0.12977606 0.3555067 0.08872455 0.045520578 0.20215864 0.7297118 0.16612628 0.06261852 6.0956264e-22 0.026933033 0.06354985 0.031982597 0.06598797 0.14719455 0.020443862 0.013939085 0.01020792 0.008791766 0.00636202 0.4971141 0.035584893 0.22457801 0.15303585 0.53269356 0.008389453 0.43858233 0.10130517 0.13848893 0.0063667907 0.14975306 0.0036080906 0.0064479443 0.16276997 0.00062154 0.032658976 0.021842862 0.00019374395 0.38537893 0.028649222 0.085751854 0.012828925 0.0016188762 0.00078039884 0.12173164 0.00040842075 0.35193446 0.018681273 0.00053959043 0.014312873 0.007313142 0.0008843499 0.06610669 8.637218e-05 0.00029587594 0.033552233 0.0031962146 0.034629464 0.00013882022 7.692284e-05 0.0004287231 0.00061557704 0.00015823708 0.0006330926 0.14303243 0.00040502855 4.029813e-05 0.3416673 0.005093192 0.0002967415 0.00032121286 0.37616354 8.176743e-05 0.023031179 0.00027011664 1.2075336e-05 0.0012982383 0.0055920333 0.00044285142 0.00042906404 0.0017569753 0.2539888 0.17265885 0.0016986312 0.03764988 1.0889303e-05 0.17462707 5.413903e-06 3.662492e-05 0.00082154386 5.9969043e-06 7.5823373e-06 4.358233e-06 0.00016158269 0.00011977201 0.0045009637 0.010322606 7.470602e-06 8.7585e-06
0.04008206 0.14799368 0.42154047 0.089670815 0.305982 0.082060106 0.7835027 0.5675448 0.0481553 0.03769509 0.03941021 0.026933033 6.744168e-26 0.1486738 0.0890021 0.39336526 0.090255104 0.042221263 0.14361615 0.01951971 0.01288137 0.009708465 0.013592991 0.61835027 0.0101976115 0.007488396 0.0037407414 0.22333778 0.0043699075 0.004260246 0.0019757315 0.003310686 0.0012730783 0.30040732 0.0011954686 0.0013499084 0.00043188175 0.0012144735 0.00051354006 4.6373618e-05 0.0009968687 0.34886846 0.0004955091 0.00019145991 0.0037758031 5.2145475e-05 0.00045479514 3.873604e-05 0.0013330872 0.00046120965 0.075274356 0.00035317178 0.35355183 0.0025262279 0.00030747196 3.3473143e-06 3.24658e-05 0.0005011249 0.051652186 5.8584024e-05 0.006908108 5.0240055e-07 2.246915e-05 0.014534962 0.0060361573 3.1165324e-05 6.005246e-05 0.018514024 4.8219556e-07 0.00088811055 0.00020326975 0.008676268 0.008679716 0.00028713292 5.1042293e-06 8.1722996e-05 0.005773407 1.535178e-07 0.000108114415 8.7290515e-05 4.819919e-05 1.8609611e-05 1.4356398e-05 0.00024860402 0.00017005413 1.6187149e-05 1.0599403e-05 0.00028641257 0.00011775936 3.281496e-05 9.9105455e-05 1.7616136e-05 1.4545853e-07 1.3859466e-06 4.7896305e-07 0.00046200937 9.851156e-06 0.00017693103 1.3404511e-05 2.7109715e-07 3.305606e-07
0.036389045 0.025944969 0.030929048 0.01699635 0.15760055 0.008490487 0.062326744 0.6464865 0.18278171 0.009367582 0.013911231 0.06354985 0.1486738 6.4180536e-24 0.013893314 0.7586995 0.7180378 0.0058293887 0.01946791 0.002802859 0.0021823132 0.0015862008 0.084559724 0.43383637 0.2238955 0.0075574354 0.012071745 0.02329741 0.040112834 0.0038891512 0.05410605 0.0006625095 0.03923773 0.03431753 0.0005936477 0.0025985066 7.7394136e-05 0.051958088 0.050405093 3.4492856e-05 0.012572401 0.16616976 0.013007292 0.00019019964 0.00011907124 0.00016029635 0.008043152 6.861719e-05 0.0072700363 0.019174166 0.0061312127 0.008720981 0.0726327 9.824403e-05 0.020842543 1.3331868e-05 1.563298e-05 0.00029017226 0.045817077 0.003446277 0.0007304175 2.6806672e-06 0.00015260748 0.0021837382 0.0010207084 4.0617564e-05 0.0055571394 0.0008568748 1.5672141e-06 0.004625719 0.00017402177 0.0025841373 0.00273526 0.004179718 8.710072e-06 0.00021542293 0.010658667 4.953196e-07 6.8133486e-05 0.00022210462 4.347724e-05 5.70278e-05 0.0007824113 0.002537603 0.0022036661 0.00035193062 0.0028470356 4.116837e-05 0.0006469931 4.239903e-07 0.0023142751 0.0039485865 2.4273362e-07 3.7732186e-06 2.665968e-07 0.012932066 2.9932266e-05 5.6536104e-05 0.0014158722 1.1572399e-06 1.3063831e-06
0.16387725 0.068443514 0.11508636 0.037315916 0.056016207 0.07533439 0.09960363 0.084143214 0.024348151 0.11982017 0.2245766 0.031982597 0.0890021 0.013893314 1.9322974e-24 0.03162055 0.009029009 0.77636313 0.76024127 0.5454642 0.43347973 0.40304878 0.0016229441 0.051810425 0.0019947358 0.02802151 0.012375856 0.44107717 0.0010157669 0.056728423 0.00030245454 0.16678934 0.00037873833 0.23911685 0.09920658 0.009074684 0.2868332 0.00025365554 8.894912e-05 0.0292696 0.0012723331 0.02373276 0.0004990769 0.12746778 0.13690381 0.019952929 0.00064700795 0.015146652 0.0026968333 5.3094398e-05 0.16347691 6.668326e-05 0.039571494 0.10239589 9.872049e-05 0.003252977 0.012429424 0.02354916 0.0014635778 7.315144e-05 0.08219106 0.0012833514 0.0057409503 0.010124927 0.016259 0.0066655665 0.00016061064 0.0035957762 0.00078577315 0.0033374827 0.012438857 0.00012403043 0.00013605782 0.0008812046 0.0006245049 0.009814904 2.1275395e-05 0.00019605708 0.0076095317 0.0098423585 0.003117472 0.0031901654 6.7613763e-07 0.00029967586 0.00025173125 2.5528025e-06 2.4709987e-05 0.00013427228 0.00026711 0.00020877416 1.3220665e-05 7.761762e-06 1.3304281e-05 5.637771e-05 2.5600495e-05 9.702426e-06 0.0014512937 0.0016544623 0.0002535639 2.381191e-05 8.199518e-06
0.055328276 0.042383507 0.060540333 0.030575573 0.18831082 0.02097704 0.15699844 0.67527384 0.16970387 0.019665616 0.02606094 0.06598797 0.39336526 0.7586995 0.03162055 1.4825849e-23 0.656935 0.012850636 0.041851185 0.005621007 0.0037072727 0.002680983 0.072846346 0.5993735 0.15993929 0.010036655 0.009417852 0.053567123 0.032320544 0.0050986134 0.03895423 0.0009364553 0.0290749 0.082934916 0.0004919643 0.0026254752 0.00014244333 0.036337927 0.038158946 3.716196e-05 0.009871438 0.32873416 0.008767093 0.00015889805 0.00043070395 0.00013965744 0.0056220503 6.319497e-05 0.0057125506 0.016513815 0.023209786 0.0056737363 0.16808818 0.00030291727 0.01604541 1.2192697e-05 4.144519e-05 0.00068492873 0.089111514 0.0024295165 0.0024391918 3.5657336e-06 8.783213e-05 0.005913415 0.0030632452 8.592344e-05 0.0043875654 0.00342917 2.5279844e-06 0.004714271 0.0003843176 0.008543861 0.010320401 0.0034795862 1.2122781e-05 0.00036640026 0.026530055 5.3288835e-07 0.00020329653 0.00041301546 9.1211805e-05 4.7914124e-05 0.00033294634 0.0035431965 0.0025226634 0.0004383686 0.001288024 9.426652e-05 0.000997847 3.2513126e-06 0.0034293467 0.0035751674 3.9147787e-07 3.2049225e-06 5.108157e-07 0.015397222 2.6618402e-05 0.00020950155 0.00063848286 1.2225105e-06 1.9618315e-06
0.08177633 0.024894347 0.02623277 0.017596392 0.20251365 0.009583648 0.038985107 0.649456 0.36713338 0.010607166 0.01161493 0.14719455 0.090255104 0.7180378 0.009029009 0.656935 5.3141836e-23 0.0032434515 0.010993844 0.0027766796 0.0025165158 0.0020171609 0.21455888 0.2971606 0.5183216 0.0097072525 0.027159158 0.010370422 0.11357953 0.0060614785 0.15617841 0.0015193867 0.107085645 0.010881426 0.0011244391 0.004723992 0.00013299912 0.16629648 0.13404384 0.00011609254 0.04544185 0.1323982 0.041669995 0.00035412912 0.00041804218 0.00019112407 0.022526547 0.00011388675 0.01957334 0.06532622 0.0013666059 0.049997017 0.040146206 0.00028793502 0.053874522 6.822145e-05 2.1327949e-05 0.0004231418 0.023639807 0.008635765 0.0005830334 4.9216414e-06 5.152597e-05 0.00085017335 0.00017999586 8.188893e-05 0.018171571 0.00032750296 2.725898e-06 0.017474564 0.00037763038 0.0014495814 0.0013243387 0.01628664 5.187127e-06 0.00034853112 0.005422797 1.8552967e-06 9.3149974e-05 0.00032490317 5.4582262e-05 6.543746e-05 0.0023562927 0.009382751 0.011283491 0.0016843302 0.0065730964 6.455127e-06 0.0025887797 2.1666973e-07 0.002265778 0.009681407 5.4322913e-07 1.2219423e-05 1.0114363e-06 0.010670817 4.036548e-05 0.00032730095 0.0057330336 9.644269e-06 1.8808526e-06
0.37543935 0.019650428 0.04217788 0.009609328 0.021834567 0.032273564 0.03997518 0.045511134 0.013956145 0.09407917 0.28571004 0.020443862 0.042221263 0.0058293887 0.77636313 0.012850636 0.0032434515 3.3383028e-24 0.49445736 0.7915674 0.6853952 0.6479314 0.0013759792 0.023511209 0.0012761421 0.021376649 0.011871721 0.19576582 0.0008326247 0.053024285 0.0002002963 0.24430363 0.0002334225 0.12400631 0.15754013 0.0099210525 0.42411327 0.00023520055 0.00013255111 0.03949887 0.0014381203 0.009661914 0.00039255514 0.29628527 0.08369378 0.030443145 0.00053437165 0.019020496 0.004637486 7.089756e-05 0.06860098 7.295894e-05 0.016833955 0.06417443 0.00020223123 0.0023854335 0.01009167 0.056579627 0.0004211853 8.855773e-05 0.048530906 0.0008752856 0.0069846804 0.00406761 0.006416059 0.010683209 0.00021613928 0.0006865385 0.00065811846 0.0040996554 0.026422383 7.518859e-05 7.41119e-05 0.001198349 0.0007429816 0.01952163 1.5455464e-05 0.00015882534 0.012608188 0.01858098 0.0037166306 0.003819712 1.9836286e-06 0.00030762592 0.00028720716 3.5364599e-06 3.2495784e-05 8.3630286e-05 0.0002465393 4.5093002e-05 1.2810964e-05 1.2748843e-05 1.8553279e-05 6.407902e-05 2.9602905e-05 1.921477e-06 0.0013434209 0.002706153 0.00017788731 1.6642824e-05 1.0202761e-05
0.06777117 0.062335607 0.10830432 0.0370063 0.054631975 0.060752682 0.1500247 0.078477256 0.020116989 0.08162849 0.13408099 0.013939085 0.14361615 0.01946791 0.76024127 0.041851185 0.010993844 0.49445736 5.4053676e-24 0.23780403 0.15980063 0.12820719 0.0016154294 0.09561237 0.00038152395 0.01253518 0.0027807592 0.6851245 0.000862321 0.023155479 0.00020316045 0.08330295 0.00026190167 0.41010925 0.049876563 0.002746002 0.059393857 0.00017131255 7.5440985e-05 0.010702824 0.00035904846 0.046850655 0.0003055267 0.021174492 0.17305855 0.005574629 0.0003389305 0.003959794 0.00061420246 5.414206e-05 0.32299247 9.336681e-05 0.09426822 0.16904977 5.7645022e-05 0.0012239777 0.015581036 0.0052223965 0.0055093574 7.428966e-05 0.25173223 0.00066600187 0.0010891064 0.023246415 0.0428861 0.0016724828 2.2449938e-05 0.01421628 0.00024587012 0.0012604534 0.003600932 0.00031869556 0.0005034412 0.00057131203 0.00041281187 0.0024480615 5.3146778e-05 4.1161384e-05 0.0014817497 0.0019562568 0.0009879792 0.0008461412 3.1663578e-06 0.00037762246 0.00020115238 2.129089e-06 6.653194e-05 0.00070556224 0.0001306823 0.00085887854 0.00012789754 2.4668641e-05 3.516077e-06 3.27258e-05 4.5990255e-06 6.337133e-05 0.0008004296 0.00089430815 9.2202696e-05 4.817982e-06 3.3786225e-06
0.45518205 0.006361071 0.015362752 0.0034866098 0.011390994 0.010426367 0.01770699 0.024513965 0.0058714603 0.054863606 0.20642973 0.01020792 0.01951971 0.002802859 0.5454642 0.005621007 0.0027766796 0.7915674 0.23780403 1.3993146e-24 0.85761803 0.79762995 0.00069268094 0.00845845 0.0006609867 0.011871159 0.007368803 0.0825663 0.0004980485 0.036572885 8.804221e-05 0.30602464 0.00011911259 0.054728404 0.16399187 0.0066772923 0.39012092 0.00025742454 0.00012315584 0.049367208 0.0008808383 0.0050007217 0.00014295078 0.28274363 0.053559896 0.039372217 0.00016731616 0.022183562 0.0036014796 6.9887516e-05 0.02993411 8.0381295e-05 0.007831082 0.04336701 7.0637056e-05 0.0022520488 0.011607538 0.07320124 0.00017977078 3.13633e-05 0.026250882 0.00040709996 0.0064884285 0.0019286408 0.0033323427 0.012140959 0.0001482523 0.0003189996 0.00032223028 0.00468531 0.039649818 5.401009e-05 5.1108716e-05 0.0016261868 0.0010827059 0.02813156 1.6178537e-05 9.21387e-05 0.018027527 0.027141297 0.0050631226 0.0037478276 3.0496453e-06 0.00039905083 0.0003306488 1.4432485e-06 2.2441205e-05 6.3232656e-05 0.00024325697 2.2976976e-05 8.5857055e-06 1.2325272e-05 2.7323485e-05 5.817465e-05 5.9972273e-05 1.641966e-06 0.0011887888 0.0040778248 7.88738e-05 9.996771e-06 1.5520645e-05
0.50145817 0.004604382 0.010524659 0.0023679526 0.00838915 0.006373121 0.014592554 0.018490665 0.0039044623 0.046485517 0.15389687 0.008791766 0.01288137 0.0021823132 0.43347973 0.0037072727 0.0025165158 0.6853952 0.15980063 0.85761803 4.9696166e-25 0.87905395 0.00059961784 0.00534806 0.000384473 0.009799519 0.0065979133 0.055394657 0.00040839525 0.034457773 7.23637e-05 0.38846064 9.90945e-05 0.03314992 0.19567662 0.006773462 0.36660373 0.00029567062 0.00012542497 0.0613681 0.000731642 0.003691182 0.00010886796 0.32360643 0.04392063 0.06041456 0.00010485227 0.03733173 0.003512428 6.2669285e-05 0.018382248 9.350582e-05 0.005702614 0.03629737 5.1497675e-05 0.0027939745 0.011392259 0.0827023 0.00012260168 1.8249879e-05 0.01678459 0.0003397204 0.0078094047 0.0010074769 0.0020088102 0.016808135 0.000112281494 0.00017225306 0.00029784866 0.0052161524 0.051019523 3.669806e-05 3.405912e-05 0.0018897651 0.0011110803 0.03198921 1.1186514e-05 8.722495e-05 0.022421783 0.033145174 0.007038278 0.0045741545 3.9903366e-06 0.00040753832 0.00031456028 8.4386414e-07 1.5802314e-05 3.9762795e-05 0.00020239793 1.1777647e-05 6.639405e-06 8.473241e-06 2.5805564e-05 7.099106e-05 7.893295e-05 9.379439e-07 0.0014415628 0.0048460364 4.68054e-05 8.308355e-06 1.6659576e-05
0.5187168 0.0041287723 0.008489681 0.0024109574 0.0072195334 0.005111973 0.012140942 0.01450194 0.0027312457 0.04032946 0.11501928 0.00636202 0.009708465 0.0015862008 0.40304878 0.002680983 0.0020171609 0.6479314 0.12820719 0.79762995 0.87905395 1.1590596e-24 0.00051966606 0.003046117 0.00029850868 0.008133789 0.0048262547 0.04465704 0.0003844085 0.02893117 7.447764e-05 0.44293612 9.554103e-05 0.022721121 0.20777354 0.0060150274 0.42064875 0.00036266158 0.00013933152 0.07896785 0.00059484266 0.0025005518 0.00012755951 0.32400444 0.043804415 0.08029672 0.00012072278 0.056930657 0.0029557883 7.132073e-05 0.013159295 0.0001148438 0.0039266003 0.034888472 4.555715e-05 0.004908833 0.013692339 0.07779914 8.418426e-05 2.06126e-05 0.013717727 0.00045476397 0.009744001 0.00056083413 0.0011483488 0.022218728 0.00013063158 0.00012192435 0.0003609594 0.004674795 0.05577997 3.0174135e-05 2.6047253e-05 0.0018285811 0.0012059535 0.03315596 8.518769e-06 0.00011627159 0.02910265 0.037865493 0.009451048 0.0054637883 4.006417e-06 0.0003595368 0.00029296734 9.498973e-07 1.7424223e-05 2.9760035e-05 0.00018780332 8.646453e-06 7.433689e-06 9.90971e-06 3.4978715e-05 9.6209136e-05 0.00010256873 1.271964e-06 0.0019085478 0.0049563535 4.228451e-05 1.2552219e-05 1.938503e-05
0.76917475 0.019120758 0.014748888 0.024785046 0.09774405 0.010116492 0.014527819 0.11656007 0.555367 0.014631336 0.00698557 0.4971141 0.013592991 0.084559724 0.0016229441 0.072846346 0.21455888 0.0013759792 0.0016154294 0.00069268094 0.00059961784 0.00051966606 8.058596e-21 0.024402035 0.55998224 0.025447832 0.115207896 0.0020676125 0.73663497 0.014670939 0.5646047 0.00026650698 0.52683043 0.0005002067 0.00056400266 0.023364207 0.00024808795 0.14710891 0.07877008 1.4477046e-05 0.24934034 0.013539699 0.20484781 0.0015386585 0.00034019016 3.103379e-05 0.17750862 2.192769e-05 0.1228263 0.052060835 7.934896e-05 0.08275569 0.0028680563 0.00041524865 0.22748385 1.5565085e-05 0.0002913213 0.0017463102 0.0051786853 0.06836435 0.00031245395 9.393122e-06 4.962975e-05 0.00038436046 0.00018126698 6.532878e-05 0.21177398 0.00017825139 6.3674006e-06 0.09674882 0.00047968805 0.00033142854 0.00042986497 0.14687853 7.18483e-05 0.0004714475 0.0010623459 2.3003076e-06 5.175409e-05 0.00043074644 4.486634e-05 5.4617612e-05 0.006288548 0.11595573 0.12101079 0.004142721 0.050839934 1.769517e-05 0.038842835 1.2486528e-05 0.00069731625 0.0056057954 2.039668e-05 2.6188916e-06 4.760547e-06 0.0013370769 6.2397376e-06 0.0002871228 0.017953334 3.040318e-06 3.032721e-05
0.03883647 0.055354293 0.1477171 0.039201178 0.17298236 0.031256624 0.37080637 0.5542029 0.08107891 0.017079534 0.019689914 0.035584893 0.61835027 0.43383637 0.051810425 0.5993735 0.2971606 0.023511209 0.09561237 0.00845845 0.00534806 0.003046117 0.024402035 1.1048492e-22 0.035336804 0.0058210227 0.0034841518 0.11296262 0.012278533 0.0039745984 0.009830586 0.00046914126 0.007829412 0.18487337 0.00030853966 0.0010673905 0.0001529738 0.013161346 0.012396415 7.711601e-05 0.0018153411 0.5368184 0.0015579558 2.1289785e-05 0.0009147589 7.306129e-05 0.0011302182 5.4186738e-05 0.0011866151 0.0063454537 0.031086043 0.0028828587 0.36585537 0.00088248384 0.0017323673 4.1828684e-05 1.9797175e-05 0.00010064685 0.15209362 0.0002708526 0.0031943968 5.7976395e-06 8.3837265e-05 0.016619097 0.005683408 8.488144e-05 0.0003513692 0.017655224 4.305684e-06 0.00050400966 0.0002487079 0.040151678 0.0450213 0.00036182586 1.5443328e-06 4.8547347e-05 0.05392763 8.2923054e-07 0.00015550878 0.00015663955 0.00010514415 4.292468e-05 5.8138765e-05 0.00070870656 0.00067374296 9.205896e-05 3.2966618e-05 0.00032277222 0.00025642852 1.7761531e-05 0.0027099599 0.00020307986 1.2732572e-07 5.7824213e-06 1.9465003e-07 0.010459231 9.378903e-05 0.00012588908 0.00035970463 1.7322831e-06 6.008906e-07
0.5374076 0.007336012 0.008576282 0.0073678363 0.08674605 0.003533726 0.008700833 0.32198033 0.5102002 0.003725211 0.0011038288 0.22457801 0.0101976115 0.2238955 0.0019947358 0.15993929 0.5183216 0.0012761421 0.00038152395 0.0006609867 0.000384473 0.00029850868 0.55998224 0.035336804 4.6126308e-20 0.0051520695 0.019014336 0.0007747154 0.41863096 0.002134086 0.5832574 5.9000562e-05 0.49193537 0.0004448451 0.00020912965 0.0031987822 0.0002314669 0.50044006 0.33757478 3.2769774e-05 0.1286937 0.01904136 0.15990587 0.00040937343 0.00012852713 1.6667887e-05 0.12638023 3.3140717e-05 0.044057295 0.2051334 4.7506262e-05 0.28712317 0.004341534 0.00012707227 0.4162852 8.711783e-06 5.140565e-06 7.002829e-05 0.0044184425 0.08166673 0.00027751506 2.7519868e-06 3.3812674e-05 8.083516e-05 5.665366e-05 2.7196493e-05 0.12109608 1.8641318e-05 2.073639e-06 0.020616954 0.000107283195 4.215112e-05 0.00012083383 0.041980997 2.7434521e-06 0.00010636916 0.00077848474 7.260058e-07 1.7155737e-05 9.059301e-05 1.8710729e-05 3.17163e-05 0.027162578 0.04978208 0.062283203 0.0073521696 0.059666947 1.4419195e-06 0.008310809 2.587493e-07 0.001911516 0.100888625 1.4729088e-06 8.147646e-07 2.1000231e-07 0.00401886 9.466982e-06 8.902567e-05 0.02924635 3.978593e-07 8.963108e-06
0.6058026 0.029567147 0.024390772 0.05522863 0.044468064 0.084065475 0.01614012 0.023578325 0.059779447 0.33895952 0.0638966 0.15303585 0.007488396 0.0075574354 0.02802151 0.010036655 0.0097072525 0.021376649 0.01253518 0.011871159 0.009799519 0.008133789 0.025447832 0.0058210227 0.0051520695 5.6503443e-22 0.5628013 0.004520237 0.015137576 0.84529716 0.0028307547 0.014833242 0.0035391038 0.0030225848 0.027900847 0.81438345 0.0034670038 0.0022071353 0.0018492582 0.0008730776 0.02812649 0.0051282286 0.0036329974 0.05982108 0.0033545224 0.0027113454 0.004462424 0.0008943895 0.06508829 0.0010756667 0.0010236431 0.0012487512 0.0029940817 0.0016386153 0.0022254158 0.00016572051 0.0004815763 0.10040699 0.003345773 0.0012533058 0.00072691095 8.3286526e-05 0.0012485454 0.0009863867 0.0004979136 0.002127508 0.009425647 0.0010183849 5.3265874e-05 0.21602194 0.022254068 0.0011025951 0.0012841888 0.12727325 0.00014923149 0.10546083 0.0010851868 3.5660007e-05 0.0053740223 0.02232815 0.0019759377 0.00111471 0.00037479043 0.036158297 0.017397633 0.0002817184 0.0026050012 9.011005e-05 0.048720494 1.6101008e-05 9.627218e-05 9.7269905e-05 2.2633072e-05 4.090647e-05 4.8783745e-06 3.580987e-06 0.00021753075 0.037310928 0.0015958761 5.941719e-06 1.7197066e-05
0.79374766 0.040561013 0.021263717 0.0739102 0.095552385 0.057744298 0.013317687 0.039366856 0.21711987 0.18131797 0.03418049 0.53269356 0.0037407414 0.012071745 0.012375856 0.009417852 0.027159158 0.011871721 0.0027807592 0.007368803 0.0065979133 0.0048262547 0.115207896 0.0034841518 0.019014336 0.5628013 5.4925563e-19 0.0012452466 0.10809477 0.09705043 0.01395906 0.0044890847 0.020128503 0.000509066 0.00491384 0.73604965 0.0005156931 0.0066307653 0.0065604146 0.0001263506 0.24829893 0.0054376335 0.013199288 0.0090419175 0.0007426341 0.00071746414 0.026253475 0.00029618564 0.4324546 0.0055700936 8.397346e-05 0.005148405 0.0017384762 0.0004335262 0.009388796 5.0344235e-05 9.112277e-05 0.036782436 0.0010523149 0.005413248 7.5696684e-05 5.646423e-05 0.00046920349 0.00034604548 0.00010580987 0.00060400466 0.08653988 0.0006182436 4.2306252e-05 0.49570426 0.008855995 0.00042478603 0.000393644 0.4847964 8.9153196e-05 0.063577734 0.00042121607 1.790123e-05 0.0021502934 0.008795855 0.00089015486 0.00033527074 0.0005070042 0.24212377 0.12327089 0.0007323656 0.011610938 3.015975e-05 0.26711378 5.263047e-06 3.6082212e-05 0.00036342273 1.2078146e-05 1.359269e-05 4.2112447e-06 4.1992316e-05 0.00017553457 0.02641616 0.0051274486 4.039785e-06 1.4452642e-05
0.017838942 0.032993045 0.06591673 0.016574716 0.034660693 0.028679114 0.13188745 0.072820365 0.009602302 0.03013267 0.05021113 0.008389453 0.22333778 0.02329741 0.44107717 0.053567123 0.010370422 0.19576582 0.6851245 0.0825663 0.055394657 0.04465704 0.0020676125 0.11296262 0.0007747154 0.004520237 0.0012452466 9.829046e-25 0.0015984068 0.006089933 0.00067120075 0.024608796 0.00063478894 0.5771644 0.010067719 0.0008723797 0.025188765 0.00018356749 9.388558e-05 0.0056845034 0.00012110089 0.07796918 0.00031669138 0.0020663205 0.11759192 0.0012761963 0.0003354057 0.0013231748 0.00012153534 0.00010497354 0.46884656 0.00017668484 0.1387681 0.15204225 6.7003966e-05 0.00038560893 0.0120941335 0.00078861316 0.006822604 5.3480875e-05 0.28354248 6.7361994e-05 0.0003957929 0.04777204 0.087726414 0.00020583342 3.566837e-05 0.03701916 5.7645295e-05 0.00038203804 0.001223655 0.0011234217 0.0007296565 0.00016306603 0.00012847946 0.0005517415 0.00011280806 6.857889e-06 0.00038522962 0.0007182247 0.00022492491 0.00038270664 1.3944995e-06 0.00010316182 7.6567434e-05 8.912854e-07 1.2981979e-05 0.0040266514 5.1459778e-05 0.005488404 1.3162732e-05 1.3024527e-05 1.7304222e-06 2.3208258e-05 2.6373687e-06 2.0431116e-05 0.0005728278 0.0006819098 9.831508e-05 2.7190097e-06 1.7591882e-06
0.7274073 0.010103905 0.0069292816 0.016113397 0.0583226 0.0055926433 0.007101053 0.057054654 0.3681266 0.011891805 0.0053075263 0.43858233 0.0043699075 0.040112834 0.0010157669 0.032320544 0.11357953 0.0008326247 0.000862321 0.0004980485 0.00040839525 0.0003844085 0.73663497 0.012278533 0.41863096 0.015137576 0.10809477 0.0015984068 1.21261705e-20 0.009274923 0.66338646 0.00018410482 0.7194661 0.0011923278 0.0003064836 0.017613802 0.00036036025 0.14397354 0.073930025 8.67671e-06 0.35114434 0.008062102 0.39210096 0.0005810484 0.00042250007 1.9352909e-05 0.3417264 1.1672104e-05 0.13583127 0.055360064 0.0002958037 0.09358194 0.0022494313 0.000344653 0.3761428 7.771057e-06 0.00020220174 0.0005671621 0.0018645836 0.10569972 0.0005643023 3.930822e-06 1.2664561e-05 0.00014396744 0.0001456428 1.2795285e-05 0.23742482 4.903793e-05 3.4683696e-06 0.08122099 0.00013505426 0.00010052847 9.6190415e-05 0.12553756 4.2316497e-05 0.00022141538 0.00022581665 8.862727e-07 1.7313787e-05 0.00020198336 9.9867275e-06 1.5337953e-05 0.010275867 0.109880686 0.12031741 0.004564844 0.075766206 1.0106163e-05 0.05289079 4.6200867e-06 0.00035463675 0.0045761485 1.1726015e-05 1.527704e-06 3.9775177e-06 0.0010679811 2.2615368e-06 0.00022988034 0.022313455 1.5032949e-06 1.8961058e-05
0.61681765 0.021578843 0.0171287 0.024293493 0.02045373 0.043233797 0.013679241 0.0122039 0.033050086 0.3694116 0.11745788 0.10130517 0.004260246 0.0038891512 0.056728423 0.0050986134 0.0060614785 0.053024285 0.023155479 0.036572885 0.034457773 0.02893117 0.014670939 0.0039745984 0.002134086 0.84529716 0.09705043 0.006089933 0.009274923 1.3386384e-22 0.0015673249 0.08203754 0.0020284655 0.0033243138 0.14288646 0.621129 0.013210352 0.0013626437 0.00089420704 0.004736942 0.015195194 0.0028440992 0.0024955738 0.42118555 0.007873417 0.014596895 0.0035372425 0.0035859048 0.039669737 0.00084433635 0.0020482682 0.00076674443 0.0013807383 0.0043332344 0.0013072224 0.00088076433 0.0016695061 0.26495126 0.0017384272 0.0009575841 0.0016380363 0.00034998087 0.0049069514 0.0007702341 0.0003791409 0.0077403486 0.006583812 0.0008329912 0.00024199732 0.19094194 0.10378033 0.00044557604 0.000471844 0.10768904 0.00034504177 0.23558354 0.0005210989 0.00010561861 0.022562228 0.0776645 0.0059556887 0.0036510793 7.795512e-05 0.014361425 0.006611922 9.616868e-05 0.0007125002 9.784908e-05 0.045410734 1.6110747e-05 5.320084e-05 6.0771814e-05 3.5421017e-05 0.00023223745 2.1036914e-05 8.130085e-06 0.0021238176 0.104186215 0.0006110065 1.7911509e-05 1.7558523e-05
0.6126513 0.003714253 0.002379762 0.004094074 0.020037742 0.0009639006 0.003082197 0.040685933 0.23705381 0.0021331438 0.0008657494 0.13848893 0.0019757315 0.05410605 0.00030245454 0.03895423 0.15617841 0.0002002963 0.00020316045 8.804221e-05 7.23637e-05 7.447764e-05 0.5646047 0.009830586 0.5832574 0.0028307547 0.01395906 0.00067120075 0.66338646 0.0015673249 2.8590248e-21 2.8215654e-05 0.8533717 0.00028526277 4.3826716e-05 0.0025126056 0.00020023173 0.37847424 0.21125606 6.076303e-06 0.12847255 0.005413282 0.31737557 8.5694555e-05 0.00032596366 5.856176e-06 0.2223701 5.741374e-06 0.041950822 0.15701361 4.0578885e-05 0.37608632 0.000920332 0.00033123515 0.61159456 2.746782e-06 7.576226e-05 2.2880065e-05 0.00073901867 0.15327534 0.00027745555 1.2987731e-06 3.6615784e-06 3.1936594e-05 3.785103e-05 1.4157317e-06 0.16324067 9.364858e-06 1.1732319e-06 0.022429444 8.707987e-06 5.206766e-05 8.053237e-05 0.04727729 2.664992e-05 1.5995587e-05 0.00042551884 4.8226127e-07 2.3010232e-06 2.9473382e-05 1.1128112e-06 1.1697495e-06 0.033897307 0.07223992 0.09070079 0.007550757 0.07820927 4.972101e-06 0.016860876 3.4536583e-06 0.000877022 0.018915473 1.2241433e-05 1.4386868e-07 9.855277e-07 0.0022883986 2.2051395e-07 2.7586679e-05 0.037102725 4.4448973e-07 1.2081578e-05
