1.5909815e-31 0.8449941 0.37071103 0.9110325 0.4897892 0.84678465 0.9009808 0.8954056 0.6944595 0.79525244 0.80897987 0.004651441 0.0034608478 0.00028352858 0.45263672 0.0689526 0.8331665 0.0036624447 0.8630475 0.117009714 0.26153412 0.9220088 0.023610434 0.8504116 0.90901756 0.93735003 0.063088335 0.9825206 0.87068206 0.23324233 0.92411745 0.003841745 0.7127525 0.93480974 0.27104297 0.95270693 0.0015134399 0.94370824 0.73732483 0.9679286 0.8482749 0.90950894 0.011409928 0.55959344 0.17384191 0.9561765 0.00017876619 0.938073 0.00067678513 0.7288102 0.23991103 0.97054887 0.0018792956 0.7454621 0.3637934 0.06575251 0.000118763906 0.9785857 0.9420446 0.78854 0.6848018 0.007816357 0.0005220825 0.60351324 0.9923158 0.90803874 0.11701449 0.9685796 0.0007332123 1.7158821e-06 0.0015939679 0.04068778 0.61363226 0.7127814 0.0057293638 0.010071373 9.523019e-05 0.3569728 0.059271634 0.9928515 0.9164065 0.14799641 0.98801476 0.027112551 0.99807113 0.0013565399 0.015391613 0.021404913 0.9996103 0.00045466633 0.9915802 0.0045295903 0.9983804 0.9906754 9.769365e-07 0.0017678575 0.005547611 0.00128327 0.99978346 0.0005811842 0.9977123
0.8449941 6.2015323e-19 0.9433398 0.7255161 0.6123598 0.7317752 0.5494416 0.8045499 0.33185795 0.3196098 0.37266067 0.007548561 0.0071543283 0.0032208667 0.22054207 0.002272611 0.05602116 0.0022104795 0.023162307 0.04432523 0.07562012 0.019726919 0.049736597 0.06307336 0.06525559 0.03682845 0.009100667 0.020191243 0.030370394 0.04048432 0.023438908 0.0014946914 0.031203773 0.012584648 0.005296249 0.003104606 0.00065098575 0.0045414465 0.00034446176 0.016989512 0.00012286926 0.008150685 0.0014755077 0.0009908434 0.0011674147 0.008320393 0.000299274 0.0069661303 0.0002519073 2.5790556e-05 2.0482867e-06 8.676134e-05 3.7597718e-05 9.1095404e-07 0.0020875458 0.0016662413 1.1969852e-05 0.0029153044 0.0060370723 0.0065899617 3.4592454e-06 0.001885585 3.836787e-05 0.0054498003 0.0035811493 0.0066071567 0.00042485748 0.0008136938 2.1030877e-05 9.268013e-06 6.746511e-05 2.4746467e-07 3.6608853e-05 1.77092e-05 0.0007791212 4.2860906e-05 5.67218e-06 5.046936e-09 1.8608227e-05 0.0023293165 2.0903943e-05 0.0033231666 0.0067899195 3.563454e-07 0.0034892044 6.809308e-05 6.0821036e-05 6.5096647e-06 0.002031379 2.2701122e-05 9.852776e-09 1.10825134e-07 0.0010944525 0.0020088304 5.255761e-07 3.8042558e-06 1.6868351e-07 4.0719216e-05 0.004417954 0.00024505687 0.00034894983
0.37071103 0.9433398 1.6189394e-19 0.19680001 0.3819982 0.91952634 0.61172575 0.8448192 0.30616176 0.10554183 0.2705107 0.007830588 0.0022801617 0.002481354 0.18049462 0.00041464283 0.08765669 0.00057878863 0.03828589 0.057940196 0.08162264 0.004911364 0.07836302 0.016098546 0.04320348 0.12378054 0.021723865 0.06689235 0.013638763 0.036264308 0.009355414 0.002579651 0.039499108 0.0014952052 0.00073862297 0.0069888816 0.0011774786 0.009855 0.001185483 0.006162578 0.0006566724 0.005812216 0.0018609551 0.00017822454 0.0005511988 0.0036038437 0.00048386498 0.0032900823 0.0005536208 0.00020267781 1.4305039e-05 0.00027259812 0.0002815342 1.7195081e-05 0.0069000884 0.0068970746 5.418033e-05 0.0019781634 0.002954213 0.0015082707 3.6304777e-05 0.00040951945 0.00016152723 0.0011806359 0.0008376235 0.001535575 0.00072120666 0.0013923248 0.00017072931 1.0726044e-05 0.000176251 9.2709433e-07 8.368182e-05 9.618794e-05 6.160427e-05 5.3625306e-05 3.4306846e-05 5.472165e-08 5.7668225e-05 0.002180499 5.406358e-05 0.00062776246 0.0017046477 6.252512e-07 0.001879309 8.911333e-05 2.8047176e-05 1.321362e-05 0.0014087815 1.3029857e-05 4.026624e-07 1.141796e-06 0.0013359411 0.00032188845 1.0597255e-06 8.09513e-06 7.1889076e-07 4.3184093e-05 0.0015650382 7.484905e-05 0.0004134925
0.9110325 0.7255161 0.19680001 7.6196445e-18 0.817882 0.11728131 0.13629691 0.1600247 0.028192377 0.7074443 0.32654336 0.0052080723 0.038645804 0.005487797 0.0083597675 0.5543032 0.0076065757 0.114177465 0.004520543 0.0024247856 0.005579406 0.835706 0.022610981 0.7736538 0.13041192 0.0027297223 4.9909548e-05 0.00013410248 0.1287357 1.1530885e-05 0.1064974 6.576178e-05 0.000899004 0.33909813 0.5503986 8.204982e-05 7.2424414e-06 0.0012125772 1.695603e-05 0.017827054 9.335093e-06 0.025898814 1.9014778e-06 0.10589215 0.14997633 0.015771626 3.1318945e-05 0.035338826 1.35421515e-05 4.029058e-06 4.268961e-07 1.6752188e-05 7.770746e-06 1.5311528e-07 0.00024636587 1.9448842e-05 4.6685855e-06 0.0056838472 0.030643893 0.14396061 6.0104935e-07 0.027589478 4.0230087e-05 0.10166315 0.08853969 0.08434604 0.0004397732 0.0004462271 2.3627244e-06 2.4188125e-06 4.026133e-05 5.2394665e-07 1.6773307e-05 1.271767e-05 0.019451993 8.337223e-06 8.826091e-06 1.9695642e-08 5.884307e-06 0.0023078776 8.383522e-06 0.027758008 0.09305624 1.0744641e-06 0.017635249 9.760322e-05 0.000117731055 2.6282794e-06 0.0035225335 4.233099e-05 1.1618347e-06 2.182215e-07 0.0016344739 0.028429186 1.0178793e-07 1.957827e-05 2.2469942e-07 0.00034687115 0.025001382 0.0010770382 0.0008619432
0.4897892 0.6123598 0.3819982 0.817882 4.407975e-19 0.35786143 0.14991497 0.15256049 0.24328735 0.058697093 0.046376545 0.95446414 0.84191084 0.5971787 0.06414382 0.19733602 0.009102741 0.5098805 0.0010461595 0.028705081 0.014535906 0.06970049 0.63214594 0.010032774 0.002386801 0.0045610103 0.013629985 0.00022976856 0.0010641589 0.000990739 0.0002779802 0.004587081 0.0030431757 0.00059400336 0.01082422 8.8132176e-05 0.00077549374 2.8698249e-05 2.9394994e-06 8.2937775e-05 1.8726141e-06 2.7817736e-05 3.8614067e-05 0.0005147502 0.014393553 4.9338574e-05 0.030781677 9.1606176e-05 0.00047309772 1.6801076e-06 1.2317622e-07 7.398348e-06 2.0325222e-05 3.664502e-08 1.3593675e-05 3.9965773e-05 1.6043574e-05 8.317187e-06 0.00016366194 0.0020735 5.99745e-07 0.0010454389 4.5032364e-05 0.0022697065 0.0031556173 0.0007810801 2.1192005e-05 3.0952062e-05 4.3798327e-06 0.00026047765 4.4830135e-06 9.325326e-09 4.8646316e-06 1.2104159e-05 0.0046628774 3.1072372e-07 1.0025767e-05 1.1211584e-08 3.4336333e-07 3.663575e-05 2.336225e-06 0.0076929186 0.0027161036 5.0081784e-08 0.00016767622 2.8765325e-07 1.3714442e-06 4.537103e-08 6.0822316e-05 1.829459e-07 1.4516321e-07 2.0190216e-09 9.7584605e-05 0.0026095454 1.3292887e-06 4.402444e-07 1.8941765e-08 3.522152e-06 0.00029809703 2.7722239e-05 0.00019864416
0.84678465 0.7317752 0.91952634 0.11728131 0.35786143 4.0883015e-17 0.88994914 0.88660926 0.6264807 0.066783816 0.13429596 0.014008645 0.002537061 0.0030272265 0.4947276 0.00015482778 0.2450249 0.0001794876 0.11802084 0.27098495 0.3309257 0.002643212 0.23224309 0.013077898 0.071170434 0.31442285 0.08595075 0.18978845 0.036079396 0.106641516 0.035821076 0.010737134 0.08514542 0.0013699372 0.00038885782 0.027614314 0.0063800137 0.035049364 0.005341981 0.015822666 0.00196546 0.016280381 0.008945201 7.219378e-05 0.0005509391 0.012888321 0.0025734564 0.0068597733 0.0027788135 0.0004481915 8.459374e-05 0.0009230573 0.0031776808 3.0946365e-05 0.024341846 0.040873 0.0003760507 0.0039591934 0.004669492 0.002149033 4.778083e-05 0.00037703212 0.0012141753 0.0014119821 0.0013181714 0.0030536968 0.0021921273 0.005605814 0.0013908073 5.5300443e-05 0.0013682091 1.9705938e-06 0.0005940323 0.00045086877 5.626445e-06 0.00046094364 0.00017672699 1.1483378e-07 5.8125683e-05 0.0038801373 0.00011633715 0.00055649405 0.003340189 3.2712146e-06 0.0029503177 0.00030718412 0.000112137786 1.7611414e-05 0.0023879916 4.737289e-05 1.1864299e-06 1.4600479e-06 0.0033626244 0.00070758816 1.486708e-06 1.0514672e-05 8.4826075e-07 0.0001378173 0.002429036 0.00016541514 0.001227293
0.9009808 0.5494416 0.61172575 0.13629691 0.14991497 0.88994914 1.0132577e-18 0.6451776 0.95160186 0.04638595 0.14463392 0.0077747093 0.00080545084 0.0016115087 0.6627438 0.00015195903 0.32632214 0.00028060726 0.16977856 0.21160534 0.33419544 0.0026335812 0.15098365 0.0088776 0.044857692 0.6013483 0.099252686 0.47236738 0.01158573 0.11882799 0.0101192035 0.01223288 0.11853886 0.00052070443 0.00044657083 0.06452301 0.004974748 0.013137651 0.0087419115 0.0062418454 0.0013897757 0.0036887696 0.0042334343 2.0455487e-05 0.0005803634 0.004082247 0.0018395119 0.0016991552 0.0023447918 0.0002918324 3.970406e-05 0.0007255919 0.0037002275 5.5442724e-06 0.018887343 0.025048355 0.0004915771 0.00070770056 0.0014369419 0.0017890752 5.44642e-06 4.9575912e-05 0.0023728104 0.0018055642 0.0010941811 0.0015333814 0.0007818313 0.0029819184 0.0015010079 7.591863e-05 0.0014628425 6.1198233e-07 4.2423413e-05 2.9043154e-05 8.4654595e-05 0.0006845941 0.00015575145 1.8997774e-08 3.046528e-05 0.00073590234 9.597156e-06 0.0020203425 0.002499945 5.323388e-07 0.0003874454 0.00027788745 3.1294017e-05 5.1322036e-06 0.00016893314 6.178861e-05 1.7146151e-07 6.108896e-07 0.0008201848 0.0011088203 3.9315305e-06 2.0711599e-05 1.7152324e-06 0.0001234364 0.00044564955 0.0005853329 0.0007863954
0.8954056 0.8045499 0.8448192 0.1600247 0.15256049 0.88660926 0.6451776 3.6697944e-17 0.25912094 0.2942629 0.8568988 0.001309029 0.001119171 0.00081098697 0.28888962 0.000768349 0.6146554 0.0004374949 0.57838035 0.10148571 0.1912643 0.0053657205 0.028651109 0.026764102 0.29802495 0.2650371 0.005095106 0.23548964 0.07346265 0.03616767 0.059719983 0.0024263412 0.07889909 0.0053703077 0.0039017953 0.04885319 0.0008593156 0.24057001 0.009314888 0.12970215 0.006323326 0.03266581 0.002826246 0.00092373765 0.004534924 0.022799212 0.0005344554 0.021830896 0.00036070202 0.0021433153 0.0005299346 0.0033691085 0.00017170527 0.00030055482 0.018575117 0.007914805 9.050958e-05 0.015222803 0.011954144 0.008593763 0.00085480016 0.00041841433 0.0012195861 0.0034028655 0.0019283289 0.0077983974 0.005956348 0.021393297 0.00014051795 1.5176314e-05 0.00038057764 6.9471665e-05 0.0014838383 0.001069202 0.000108676984 0.0002714362 0.00014649017 2.2996367e-06 0.0009100918 0.009503483 0.00042005014 0.0019966094 0.0048350035 7.645951e-05 0.005867662 0.0003922473 0.0013418269 0.0009359612 0.0050205123 7.4260475e-05 5.8542308e-05 4.7591016e-05 0.009575485 0.0005992551 2.9532396e-06 0.00014931748 5.572875e-05 0.00031867003 0.003786809 0.002037003 0.0031899903
0.6944595 0.33185795 0.30616176 0.028192377 0.24328735 0.6264807 0.95160186 0.25912094 4.7265448e-18 0.004553446 0.03372443 0.035025235 0.0030472893 0.005359014 0.908742 1.1506662e-05 0.096249364 0.00014664979 0.022838607 0.7433784 0.6867021 0.00025858544 0.67136455 0.0004662103 0.0024684682 0.12328882 0.4715637 0.028335614 0.00068232545 0.31569418 0.00045344414 0.046719097 0.05420088 8.5275315e-06 8.667935e-06 0.0042651123 0.013968237 0.0004886777 0.00020803759 0.0022915923 4.6727168e-05 8.295494e-05 0.018771773 2.8158502e-07 9.9279525e-05 0.0012372386 0.014050295 4.9103353e-05 0.0061151832 3.5141263e-06 3.1130213e-07 1.2585759e-05 0.0075308117 1.3071151e-07 0.005687518 0.014685763 0.0015551954 7.605174e-05 7.646249e-05 4.502493e-05 3.6662237e-07 4.943275e-06 0.0037140527 0.00016710727 9.348353e-05 0.0001951142 4.583217e-05 2.597908e-05 0.0014003239 0.00014934238 0.0011212303 8.500334e-09 9.153195e-07 6.2250655e-07 5.156849e-07 0.00030474272 0.00010774799 1.5338943e-09 1.0265258e-06 7.8433644e-05 1.7978559e-07 0.00010965132 0.00043185928 1.3303576e-08 0.00028024943 2.8892291e-05 3.7309542e-07 9.444995e-08 0.0001479832 1.0673527e-06 6.4716237e-09 6.0953305e-09 0.00013418576 0.00015412946 1.0815107e-05 2.1591232e-07 1.4304268e-08 3.06764e-06 0.00032831603 6.2038605e-05 2.7934526e-05
0.79525244 0.3196098 0.10554183 0.7074443 0.058697093 0.066783816 0.04638595 0.2942629 0.004553446 4.5555984e-16 0.97163475 0.00015016273 0.0005039104 6.345079e-05 0.004505844 0.0048656208 0.056622688 0.00048363593 0.071 0.0005345569 0.0013409014 0.22616465 5.2193787e-05 0.82253224 0.529277 0.012985169 2.9429102e-06 0.0058047986 0.45845845 8.107453e-06 0.19395852 1.559814e-06 0.0014390643 0.2558424 0.041874956 0.0026390948 6.6772407e-07 0.01684453 0.00054152333 0.07918901 0.0004008179 0.07305734 1.6973897e-06 0.04106913 0.0029784963 0.038564812 7.948635e-07 0.09157274 2.1427938e-06 1.579683e-05 1.8028773e-06 0.00065077905 1.1320325e-06 5.679699e-06 0.00038176362 3.3481667e-06 5.056046e-07 0.026236087 0.05154333 0.08910108 5.2480564e-06 0.008625016 2.461836e-06 0.037090868 0.026639644 0.06408431 8.587863e-05 0.0025729593 1.0887928e-06 3.2594795e-07 2.5638133e-06 1.328757e-07 0.00015470292 6.779424e-05 0.0033660848 1.24188955e-05 5.238288e-07 4.94264e-09 7.048574e-06 0.01046197 2.832725e-05 0.016607294 0.044505082 9.6608474e-08 0.0272604 1.1716445e-05 4.4088687e-05 9.749387e-06 0.009020136 2.91108e-06 9.3365074e-08 2.452026e-07 0.0024941892 0.009643066 1.684018e-08 1.755616e-05 3.3905408e-07 5.8427545e-06 0.014080616 7.458494e-06 0.001925746
0.80897987 0.37266067 0.2705107 0.32654336 0.046376545 0.13429596 0.14463392 0.8568988 0.03372443 0.97163475 3.155124e-17 0.00013703016 0.00037979832 8.1110215e-05 0.02837199 0.0007010924 0.25195906 0.000109576045 0.5159803 0.0068921763 0.014515514 0.019620731 0.0005581761 0.20156375 0.66713613 0.08186129 9.9310004e-05 0.07488641 0.31250682 0.0005777251 0.18126741 1.2718119e-05 0.008034279 0.048413295 0.004838939 0.019029208 2.5349977e-06 0.35817462 0.0050164657 0.15401767 0.007952575 0.09365681 5.7750778e-05 0.0034148337 0.00072258385 0.053352684 1.5057033e-05 0.058913007 2.7339606e-06 0.00049459183 0.00011998934 0.014600043 4.3538794e-06 9.780281e-05 0.001690824 1.08776885e-05 9.2120337e-07 0.03396409 0.02841539 0.037280668 7.85159e-05 0.0010322965 7.5972334e-06 0.0070476537 0.0052207257 0.022087384 0.00031439323 0.035796188 2.7627234e-06 6.3443036e-07 3.000021e-06 7.3817014e-06 0.0015203541 0.00082803145 0.00024386348 1.8436733e-06 1.493978e-06 4.960265e-08 0.00012304749 0.037130523 0.0006710644 0.0028613384 0.015655853 5.226374e-06 0.025245892 2.5267045e-06 0.00010185112 2.5218551e-05 0.013453814 6.9832737e-07 3.9906413e-06 3.3233816e-06 0.01508391 0.0016726225 4.511336e-08 1.6246428e-05 3.4941925e-06 2.1457774e-06 0.007183111 6.23187e-06 0.006392063
0.004651441 0.007548561 0.007830588 0.0052080723 0.95446414 0.014008645 0.0077747093 0.001309029 0.035025235 0.00015016273 0.00013703016 4.2251416e-20 0.7745638 0.9125271 0.0063128388 9.3186594e-05 7.2516996e-05 0.020683674 3.4982484e-05 0.0042901332 0.0014655459 0.00017254656 0.895722 7.691418e-05 4.2966945e-05 0.0015923505 0.0022836272 0.00018669704 8.141133e-06 0.0001991641 7.1505588e-06 0.001586098 0.00054852647 1.3742022e-05 4.602454e-05 0.00013591842 0.00069991435 4.2811375e-06 8.498459e-06 3.4313194e-05 1.6483084e-05 2.4157328e-06 0.00017633775 1.0762392e-06 0.00031217752 2.1177319e-05 0.011708724 2.2835127e-06 0.00093045 1.112013e-05 4.5843035e-06 1.2601714e-06 8.990155e-05 4.6629793e-06 8.8452566e-07 4.580136e-07 0.00065841974 2.4636876e-05 3.6544112e-05 0.000107562875 1.7288965e-06 0.00021505488 6.266762e-05 0.00016498489 0.00010621255 0.0003029641 2.82544e-07 3.217247e-05 3.7340922e-06 3.712073e-05 1.3322361e-07 3.5653e-07 5.1078628e-06 7.2588114e-07 1.2579458e-05 3.09521e-08 3.542279e-06 4.3340125e-07 2.0105406e-07 2.0449774e-05 4.0875508e-05 0.00023605872 0.00014299835 9.432556e-08 0.00028738854 9.2322225e-08 7.526015e-08 3.679806e-08 0.00023955508 4.309216e-08 3.907481e-06 6.626282e-09 0.00025304715 0.0001807748 1.0708345e-06 1.19921255e-08 2.8930433e-08 3.7716067e-08 0.00018535883 2.8587495e-08 9.292196e-05
0.0034608478 0.0071543283 0.0022801617 0.038645804 0.84191084 0.002537061 0.00080545084 0.001119171 0.0030472893 0.0005039104 0.00037979832 0.7745638 1.0505596e-17 0.9020892 0.00040313412 0.0077840053 0.0001174805 0.9707266 1.8048135e-05 0.00014929211 0.00011634857 0.0032394421 0.06918689 0.0009346989 0.00018819039 0.0009250141 5.8706002e-05 8.88162e-05 2.5472955e-05 6.8715517e-06 5.4264157e-05 8.192135e-05 0.00026651306 0.0001665158 0.0008907706 0.00058290805 3.2570093e-05 0.00011006693 6.370981e-05 0.0031507188 5.6287074e-05 1.7295288e-05 1.1222726e-05 7.897466e-05 0.0027014345 0.00023798959 0.0037040175 2.5160536e-05 5.9865928e-05 0.00014727475 2.7105452e-05 1.9014007e-05 2.1112284e-05 5.706855e-05 1.6521562e-05 1.0155867e-06 8.3456915e-05 0.00080287637 0.00038132042 0.00057181646 2.7745353e-05 0.0009607111 5.361948e-05 0.0025766576 0.0003469668 0.00045410692 1.5867947e-05 8.883112e-05 2.5012193e-06 5.9477793e-06 1.649059e-06 2.2783572e-06 1.3728686e-05 3.7691834e-06 0.00041486867 6.9907105e-07 3.7761954e-06 6.3792645e-06 0.00010332843 0.0006495083 7.570109e-05 0.0009893053 0.0004769268 1.9796598e-06 0.0008298208 8.6508527e-07 1.0059997e-05 2.985482e-06 0.0012175819 6.2273756e-07 4.20567e-06 2.9294594e-07 0.00078959647 0.00021114731 2.51884e-06 3.3014823e-07 9.170897e-07 6.047458e-07 0.0011316926 4.870583e-06 0.00034105344
0.00028352858 0.0032208667 0.002481354 0.005487797 0.5971787 0.0030272265 0.0016115087 0.00081098697 0.005359014 6.345079e-05 8.1110215e-05 0.9125271 0.9020892 1.1523306e-19 0.0011413667 0.00032203645 3.8711376e-05 0.21051086 7.0688975e-06 0.00038504248 0.00023994195 0.00018236543 0.31993353 7.6566546e-05 2.5749612e-05 0.00020169772 0.0003127324 1.3244643e-05 5.3241874e-06 2.0857007e-05 1.1687876e-05 0.0003415397 0.00014961067 1.0569857e-05 0.00040662987 3.9537357e-05 0.00011987039 4.5014176e-06 1.3427619e-05 0.000134409 9.446915e-06 4.5943434e-06 9.961881e-06 2.0862926e-06 0.0007711995 1.8864312e-05 0.0071536666 4.372963e-06 0.00019880147 1.063107e-05 3.7806744e-06 2.8803552e-06 1.3904194e-05 2.6037753e-06 1.6486943e-06 3.2967438e-07 0.00017097747 0.00016048235 8.938937e-05 5.941563e-05 4.1793032e-07 0.00022887147 1.9188921e-05 0.00027032255 4.563081e-05 0.000104965024 1.3736826e-06 2.2900998e-05 1.8263466e-06 6.501357e-06 8.8221566e-07 2.6652538e-07 5.27476e-06 3.0133728e-07 3.869796e-06 1.2792809e-07 1.657431e-06 7.550227e-08 1.8938298e-06 0.00043311474 1.663984e-05 6.59429e-05 0.00015748538 5.1518327e-08 0.00054403284 9.005519e-08 6.822662e-08 1.8809071e-07 0.00075945066 3.029733e-08 7.5907553e-07 3.4018885e-08 0.0006127591 4.3215936e-05 2.495839e-06 2.684425e-08 3.3871267e-08 1.3581572e-07 0.00048654975 4.6729397e-07 0.00032132716
0.45263672 0.22054207 0.18049462 0.0083597675 0.06414382 0.4947276 0.6627438 0.28888962 0.908742 0.004505844 0.02837199 0.0063128388 0.00040313412 0.0011413667 2.5481555e-18 1.0196914e-05 0.12429652 8.17643e-05 0.04969829 0.94780433 0.86796325 2.2700884e-05 0.43879 0.0006470159 0.00093035074 0.61768204 0.5655137 0.36097276 0.00022866727 0.51883256 0.00019952055 0.08568897 0.22546965 2.2615335e-05 1.75201e-05 0.029476954 0.033362933 0.0006513947 0.0022250817 0.0015375965 0.00082134677 5.1504943e-05 0.083444715 6.087152e-07 0.00012613606 0.00037624603 0.014235498 3.9649614e-05 0.011645303 5.8302838e-05 1.07145015e-05 2.6627005e-05 0.016989447 1.3752344e-06 0.011145118 0.016820155 0.0022587932 4.66914e-05 6.6132845e-05 0.00014931704 5.857137e-06 1.0049066e-05 0.004798647 0.000118940276 9.642793e-05 0.00010621781 0.00045413742 0.0001688262 0.0028425998 0.00021604818 0.0019247445 5.853535e-08 1.1647385e-05 3.418905e-06 6.5113227e-06 0.0005126407 0.00031765355 1.6174847e-09 4.107611e-06 9.755129e-05 1.511618e-05 0.0002629064 0.00055353635 6.0813754e-08 0.000116121664 6.877101e-05 7.058563e-06 4.047009e-07 0.00013293533 2.0291202e-06 7.37136e-08 5.0250858e-08 0.00087337405 0.00020183202 2.7766426e-05 2.6801586e-06 5.9512622e-08 1.6713107e-05 0.0002045306 0.00024475582 0.0004275505
0.0689526 0.002272611 0.00041464283 0.5543032 0.19733602 0.00015482778 0.00015195903 0.000768349 1.1506662e-05 0.0048656208 0.0007010924 9.3186594e-05 0.0077840053 0.00032203645 1.0196914e-05 1.1398845e-17 9.9010285e-06 0.9868972 1.4900124e-06 1.2005239e-06 1.6072265e-06 0.5317614 1.3008353e-05 0.014452484 0.00036032192 3.8730206e-05 5.3108624e-07 1.432989e-05 0.00069787976 7.2590566e-08 0.00028465292 1.9652452e-06 7.60878e-05 0.004676547 0.40203065 8.028863e-06 5.723276e-07 1.4329016e-05 3.6270496e-06 0.0001570169 8.131643e-06 7.31783e-05 4.2098186e-08 0.019411769 0.9424738 0.00010334824 5.3335484e-06 0.00041427443 2.2304578e-06 7.723543e-06 2.8188742e-06 5.7033476e-06 3.4613555e-07 3.9799766e-06 0.0001350696 1.0621741e-06 7.9375144e-07 0.00022746754 0.0015856564 0.002808987 3.5149342e-06 0.010860452 7.375411e-06 0.028597062 0.0127053615 0.0016814765 0.00024581715 3.5210756e-05 2.4602773e-06 9.726147e-07 2.1819944e-05 5.437387e-07 1.3293514e-05 1.2311632e-05 0.013772086 3.0637163e-06 6.4557235e-06 4.8884914e-07 2.9098741e-05 0.0001775678 8.042005e-06 0.0091619035 0.0018503026 8.306029e-07 0.0013183343 3.575467e-05 0.00225993 4.9203394e-05 0.00052943523 2.036752e-05 3.7194102e-06 1.2031212e-06 0.00015215347 0.0060195467 1.12518e-07 0.001908444 1.3198354e-07 0.0012121707 0.001530515 1.5173651e-05 5.3844586e-05
0.8331665 0.05602116 0.08765669 0.0076065757 0.009102741 0.2450249 0.32632214 0.6146554 0.096249364 0.056622688 0.25195906 7.2516996e-05 0.0001174805 3.8711376e-05 0.12429652 9.9010285e-06 2.0329157e-18 1.38588e-05 0.99309593 0.049059946 0.16044742 0.00020200456 0.0025822923 0.0030990222 0.15726185 0.45643684 0.008596497 0.4479091 0.035958134 0.07991342 0.042288374 0.0014987371 0.05766455 0.00095125276 0.00047860146 0.1820675 0.0013752924 0.6507957 0.102530465 0.12925811 0.25056878 0.04207482 0.0028364472 8.289294e-05 1.4128299e-05 0.05328202 4.1449533e-05 0.01871854 0.00022122162 0.004045229 0.0016907257 0.09073817 0.00032496947 0.00095610257 0.03784987 0.029434936 0.00010617133 0.031155707 0.011744896 0.0044196965 0.0063302135 2.2771073e-05 0.000115311654 0.00063115504 0.00031607857 0.0029851834 0.0118505 0.16791646 0.00027106344 1.0694726e-05 0.00024368563 0.00031733926 0.010288884 0.0026593166 4.0289137e-07 0.0009721163 2.1898495e-05 6.89281e-06 0.00062503834 0.05260728 0.018868718 6.512562e-05 0.0020232848 3.9693423e-05 0.010142362 0.00021056214 0.0016952965 0.00022987464 0.012361317 3.116705e-05 0.00012893704 1.5408325e-05 0.039214946 0.00013873908 5.4852774e-07 0.00010010628 3.0008164e-06 7.307794e-05 0.0039777798 3.0634492e-05 0.025608385
0.0036624447 0.0022104795 0.00057878863 0.114177465 0.5098805 0.0001794876 0.00028060726 0.0004374949 0.00014664979 0.00048363593 0.000109576045 0.020683674 0.9707266 0.21051086 8.17643e-05 0.9868972 1.38588e-05 1.7757933e-19 8.0211214e-07 2.3713917e-05 5.747269e-06 0.041614506 0.0063763093 0.0009955324 0.00017087949 0.00017773418 2.06126e-05 6.1613086e-05 6.599895e-05 5.954763e-07 5.4480643e-05 3.194738e-05 0.00019870538 0.0003015988 0.04151503 5.2009593e-05 2.1039514e-06 1.5371163e-05 6.713018e-06 0.00013702363 9.185371e-06 2.9317513e-05 1.3570806e-06 0.0014644582 0.59378415 5.045796e-05 0.0048135887 3.0578245e-05 8.841769e-06 1.0097271e-05 1.8715536e-06 3.1906762e-05 1.7094231e-07 2.1540218e-06 6.016645e-06 6.9396535e-08 1.5053486e-05 0.00013153754 0.00047946852 0.00037666375 5.84466e-06 0.0020370767 6.151148e-06 0.003963098 0.0022799345 0.001216223 2.3119694e-05 8.361808e-05 2.2666056e-07 1.9507728e-05 2.1594589e-07 4.683777e-07 9.246013e-06 2.0409541e-05 0.0041840435 3.4073383e-07 1.2526943e-06 5.149802e-07 6.132656e-06 0.00040271258 4.3243144e-05 0.002624306 0.00058553333 2.4670192e-07 0.0009698754 1.0143864e-06 0.00012919097 4.002392e-06 0.00089390104 1.5271388e-06 2.8932668e-06 1.09741016e-07 5.9442948e-05 0.0012660191 6.095842e-07 4.090411e-06 1.4046923e-07 4.257672e-06 0.0011978293 5.315801e-06 2.5854462e-05
0.8630475 0.023162307 0.03828589 0.004520543 0.0010461595 0.11802084 0.16977856 0.57838035 0.022838607 0.071 0.5159803 3.4982484e-05 1.8048135e-05 7.0688975e-06 0.04969829 1.4900124e-06 0.99309593 8.0211214e-07 6.8455394e-19 0.01716109 0.06607814 0.00010681145 0.00049119117 0.003638927 0.19779946 0.19172767 0.0012359779 0.26213917 0.04486108 0.028400064 0.047094144 6.450853e-05 0.017726935 0.0028064244 0.00017645973 0.14961399 8.032435e-05 0.7020951 0.05537646 0.20059209 0.1289587 0.045312878 0.00016455306 6.4035645e-05 1.1553036e-06 0.055051778 1.8459464e-06 0.022423344 2.3904628e-05 0.0032828124 0.0006613811 0.095001124 1.0995944e-05 0.00024577611 0.015142883 0.0029514164 1.5237476e-06 0.041422922 0.014386938 0.006851342 0.003358386 2.1682872e-05 3.1009097e-06 0.0010981902 0.0007033412 0.005829347 0.006166061 0.19785418 2.0644431e-05 1.282655e-07 9.849785e-06 8.085706e-05 0.0056590056 0.002616649 7.155484e-06 5.8876733e-05 1.394647e-06 2.1145722e-06 0.0003489249 0.07600478 0.012564569 0.00055696897 0.006020413 2.3318653e-05 0.01207866 1.3203593e-05 0.0005328714 0.00024798268 0.012527729 9.2461664e-07 5.6570945e-05 1.212972e-05 0.084227175 0.0002927185 7.3281927e-09 1.4192851e-05 2.7684337e-06 6.1797177e-06 0.0036397942 1.0783741e-06 0.037627004
0.117009714 0.04432523 0.057940196 0.0024247856 0.028705081 0.27098495 0.21160534 0.10148571 0.7433784 0.0005345569 0.0068921763 0.0042901332 0.00014929211 0.00038504248 0.94780433 1.2005239e-06 0.049059946 2.3713917e-05 0.01716109 1.2934364e-20 0.96690106 1.0627105e-05 0.5349198 0.0001679864 0.00027248816 0.41783112 0.835011 0.1489004 6.068974e-05 0.7003206 0.00014857386 0.20716065 0.25398824 1.9731731e-05 1.5238605e-05 0.011016361 0.09848213 0.0004242967 0.003991399 0.0008327604 0.00061805436 2.7034304e-05 0.160391 2.970726e-07 1.5972282e-05 0.0003925499 0.030367265 2.402539e-05 0.029710757 5.8352394e-05 1.8707908e-05 6.8526056e-06 0.059233703 1.8009115e-06 0.0047181477 0.016527718 0.0066214097 7.7954974e-05 5.8079193e-05 4.612211e-06 3.5351516e-06 4.542674e-05 0.016709477 3.8895996e-05 5.177087e-05 5.6430203e-05 0.00013589431 7.9764206e-05 0.002842986 0.00069499295 0.00085516373 2.3500199e-07 1.0124859e-05 2.570345e-06 9.1057444e-07 0.00014219507 0.00025361637 1.0763432e-09 1.3793879e-06 0.00014804644 2.6116602e-05 1.597752e-05 0.00020261346 6.180408e-08 0.00015373692 1.8855697e-05 2.3461694e-06 1.5599426e-07 0.00028439486 2.967504e-07 5.2747694e-08 1.5814035e-08 0.0011206113 9.462302e-05 7.853652e-06 2.533759e-07 3.4665966e-08 1.8885651e-06 0.00043570073 2.833133e-05 0.00025240867
0.26153412 0.07562012 0.08162264 0.005579406 0.014535906 0.3309257 0.33419544 0.1912643 0.6867021 0.0013409014 0.014515514 0.0014655459 0.00011634857 0.00023994195 0.86796325 1.6072265e-06 0.16044742 5.747269e-06 0.06607814 0.96690106 3.37058e-21 3.9896067e-06 0.24913612 0.00037421292 0.0005308058 0.71123314 0.5542637 0.4261007 0.00020015119 0.6082004 0.00043749777 0.094470516 0.44968957 1.7081342e-05 8.929552e-06 0.029126363 0.04277426 0.0015586282 0.00838306 0.0005669344 0.0018627184 0.00010367569 0.13745463 3.5937356e-07 1.4638047e-05 0.00040705514 0.014081825 3.721878e-05 0.012934933 0.00038893087 0.00011600665 0.00020702268 0.029259615 2.4798774e-05 0.008847004 0.020501712 0.0034931446 7.285117e-05 5.2748983e-05 3.1655786e-06 5.936273e-05 9.914701e-06 0.012103346 2.541923e-05 5.1852894e-05 1.664157e-05 0.00048673907 0.000527754 0.0021600162 0.00042579003 0.0012635657 3.659084e-07 1.2101517e-05 4.873255e-06 6.601469e-07 0.00012945231 0.00029175755 2.7568974e-09 8.239517e-06 0.00011385927 1.4175158e-05 3.0153092e-06 8.064051e-05 2.1528109e-07 4.712344e-05 2.9650035e-05 1.4119464e-05 7.166175e-07 8.2843384e-05 2.0407233e-06 2.4280824e-08 5.5162307e-08 0.00022317792 1.6404409e-05 8.87211e-06 1.4105015e-06 7.49786e-08 8.467199e-06 7.513311e-05 0.00015051544 0.0001894444
0.9220088 0.019726919 0.004911364 0.835706 0.06970049 0.002643212 0.0026335812 0.0053657205 0.00025858544 0.22616465 0.019620731 0.00017254656 0.0032394421 0.00018236543 2.2700884e-05 0.5317614 0.00020200456 0.041614506 0.00010681145 1.0627105e-05 3.9896067e-06 1.1925132e-16 0.00089745695 0.75051683 0.02655934 0.0004068871 1.2859467e-06 6.0396836e-05 0.045585815 4.5497316e-07 0.024067804 2.2572597e-06 0.0011123811 0.3077624 0.91290665 1.3299652e-05 2.6137566e-06 0.00020663449 9.325664e-07 0.0009624025 3.6960516e-06 0.006859815 9.354694e-07 0.65203035 0.4848034 0.0036067867 7.663525e-06 0.0226565 5.8260066e-06 5.2467124e-07 9.113463e-08 4.184494e-06 3.2176379e-06 9.6534066e-08 0.00021292434 3.6623119e-06 3.0237177e-06 0.0041998527 0.032783423 0.17710888 1.2426419e-07 0.063599125 0.00012294098 0.2504981 0.2091689 0.11530199 0.0013526676 0.00019223038 2.9724931e-06 5.3100193e-06 9.2605515e-05 1.2233998e-07 1.324441e-06 1.9519834e-06 0.06965076 2.892005e-05 2.105508e-05 6.5155676e-09 2.7005503e-06 0.0019733447 5.035662e-07 0.06407757 0.1431812 4.9308375e-07 0.013698072 0.0010859515 0.014952425 3.5617945e-06 0.0021511654 0.0020370719 4.0083506e-08 3.1657119e-06 0.0007301507 0.049609866 1.7735134e-06 0.006918083 7.532689e-07 0.014218239 0.021990502 0.004784511 0.00012590135
0.023610434 0.049736597 0.07836302 0.022610981 0.63214594 0.23224309 0.15098365 0.028651109 0.67136455 5.2193787e-05 0.0005581761 0.895722 0.06918689 0.31993353 0.43879 1.3008353e-05 0.0025822923 0.0063763093 0.00049119117 0.5349198 0.24913612 0.00089745695 4.8337535e-21 1.7835078e-05 1.4592274e-05 0.012101621 0.8804136 0.010226317 1.5849457e-06 0.06686625 5.0348867e-06 0.58852154 0.0021922768 1.1792483e-07 1.4479137e-06 0.00083448645 0.27807936 5.475402e-06 2.129804e-06 5.304855e-05 4.978784e-07 1.2296549e-06 0.04576313 3.774089e-08 1.7209322e-05 3.812562e-06 0.84250224 6.998402e-07 0.082075275 1.4651029e-06 7.648349e-09 1.3463213e-07 0.012767094 5.907109e-09 2.3555765e-06 1.6406473e-05 0.0057187104 1.08489385e-05 7.9948964e-05 1.1704229e-05 1.5741202e-07 2.2048232e-06 0.0029216532 0.00011398585 0.00016306975 0.000107958644 3.8066943e-08 4.3955665e-06 9.768853e-05 0.0021672673 4.9237843e-07 9.064065e-10 1.4446626e-08 3.3406409e-09 5.061613e-07 1.0174698e-07 2.41028e-05 1.3748082e-10 1.16995915e-08 8.367316e-06 8.321201e-08 1.5713606e-05 0.00030590832 3.2239128e-10 0.0009505418 1.712878e-07 8.779234e-09 1.503644e-09 0.0005393692 2.8670003e-08 3.6896646e-09 2.1270755e-10 0.0001696618 8.084125e-05 2.2585096e-05 1.3883296e-09 8.7694235e-10 1.2671792e-08 0.0001302472 9.05041e-08 1.7063692e-05
0.8504116 0.06307336 0.016098546 0.7736538 0.010032774 0.013077898 0.0088776 0.026764102 0.0004662103 0.82253224 0.20156375 7.691418e-05 0.0009346989 7.6566546e-05 0.0006470159 0.014452484 0.0030990222 0.0009955324 0.003638927 0.0001679864 0.00037421292 0.75051683 1.7835078e-05 9.984634e-17 0.1861905 0.0037431484 1.5030751e-05 0.00046490345 0.38560098 5.280105e-06 0.07117532 8.782707e-06 0.00060039724 0.9589547 0.47931087 0.00019716448 7.372176e-06 0.0010792791 1.8054643e-05 0.012397851 0.000115953895 0.021856092 4.817102e-07 0.7346404 0.014510504 0.013626678 3.8238577e-06 0.036658872 9.118889e-06 1.80272e-05 1.1060527e-06 0.00019286093 3.1460402e-06 2.2536356e-06 5.1106083e-05 1.6615862e-05 1.302413e-05 0.010790009 0.027181279 0.08881641 1.2537491e-05 0.036544133 3.4470097e-05 0.11152339 0.09480739 0.05414827 5.70729e-05 0.00073443487 1.8157365e-05 1.0928733e-05 4.703427e-05 5.7473426e-07 8.648373e-06 2.963009e-06 0.018234693 1.3239479e-05 2.7473689e-06 1.7674804e-08 2.1180185e-05 0.005165496 1.7492102e-05 0.028366253 0.05123454 3.9850295e-07 0.024955016 0.00059858884 0.00027537358 9.0028785e-05 0.009045583 0.0005296422 2.9540548e-09 6.1525916e-06 0.0020847702 0.028504808 4.051585e-07 0.001242956 1.2492795e-05 0.000983294 0.023262111 0.0004192671 0.00071171677
0.90901756 0.06525559 0.04320348 0.13041192 0.002386801 0.071170434 0.044857692 0.29802495 0.0024684682 0.529277 0.66713613 4.2966945e-05 0.00018819039 2.5749612e-05 0.00093035074 0.00036032192 0.15726185 0.00017087949 0.19779946 0.00027248816 0.0005308058 0.02655934 1.4592274e-05 0.1861905 3.167654e-17 0.019608073 1.64063e-05 0.017172255 0.92760473 2.236958e-05 0.8384243 5.3784646e-05 0.0023732178 0.08184966 0.00038033436 0.00825096 2.3300048e-05 0.61096776 0.0026616433 0.67567784 0.008205013 0.44414198 1.1885019e-05 0.007718905 0.00020233868 0.23566185 2.9729257e-05 0.13418464 5.4173874e-05 0.00012432922 2.2655315e-05 0.016050538 3.954861e-06 0.00010803784 0.0003409666 9.660775e-06 3.3044496e-05 0.14527665 0.07947945 0.043593373 9.433739e-05 0.0009419217 3.375616e-05 0.0047196485 0.009154261 0.039220586 6.077077e-05 0.094404444 1.1396329e-05 2.545751e-05 7.707877e-06 1.3060293e-06 0.0012115987 0.00077530666 0.0002988428 4.7388386e-07 4.374692e-05 4.5646865e-07 1.4306064e-05 0.11649612 0.0014917337 0.0017889172 0.03417041 2.5344782e-06 0.08042049 2.778209e-06 2.0060415e-05 7.2666044e-05 0.06379896 1.5821526e-05 6.1449036e-06 2.4489229e-05 0.051859554 0.0024568355 4.597828e-06 3.5777866e-05 6.078801e-06 5.3099768e-05 0.028151834 4.0310813e-05 0.016219052
0.93735003 0.03682845 0.12378054 0.0027297223 0.0045610103 0.31442285 0.6013483 0.2650371 0.12328882 0.012985169 0.08186129 0.0015923505 0.0009250141 0.00020169772 0.61768204 3.8730206e-05 0.45643684 0.00017773418 0.19172767 0.41783112 0.71123314 0.0004068871 0.012101621 0.0037431484 0.019608073 9.467475e-18 0.04372951 0.8810431 0.0066807065 0.54314876 0.0069010686 0.01307369 0.8642128 0.00047288413 0.00014688662 0.36800316 0.01251932 0.071810886 0.06499468 0.011723215 0.012463765 0.006469536 0.15529974 2.0512021e-05 0.00010273494 0.0064989 0.0011411353 0.0048191445 0.004534124 0.042078 0.0072780517 0.0061380165 0.022756876 0.0008813369 0.6388202 0.7115212 0.00067403086 0.0043727197 0.0054840827 0.0010046061 0.024376998 3.327303e-05 0.0034984539 0.0029304 0.0019663093 0.00413098 0.37532035 0.02669881 0.035004973 2.2869943e-05 0.08993824 0.00043283482 0.0009902478 0.0009965051 4.042186e-06 0.22517028 0.0014735461 2.982982e-05 0.008525751 0.007487625 0.0007422663 0.0034232691 0.0022845953 0.00038360356 0.0022908875 0.056430064 0.057830498 0.0073701027 0.0023849683 0.023105359 0.00033807821 0.001060535 0.005562142 0.0018447007 7.021557e-06 0.009044039 0.00029561817 0.013758775 0.0020279936 0.019042898 0.007735478
0.063088335 0.009100667 0.021723865 4.9909548e-05 0.013629985 0.08595075 0.099252686 0.005095106 0.4715637 2.9429102e-06 9.9310004e-05 0.0022836272 5.8706002e-05 0.0003127324 0.5655137 5.3108624e-07 0.008596497 2.06126e-05 0.0012359779 0.835011 0.5542637 1.2859467e-06 0.8804136 1.5030751e-05 1.64063e-05 0.04372951 1.6466294e-21 0.009169193 3.721099e-06 0.897247 1.8892992e-05 0.9462674 0.102210134 2.2793904e-07 2.7783865e-06 0.0013708873 0.74525934 2.973765e-05 2.4504321e-05 8.10078e-05 3.7723444e-06 3.2373741e-06 0.63919616 8.670439e-08 2.5516879e-06 3.3768508e-06 0.34502608 1.6502721e-06 0.41486993 1.9792767e-06 1.6619666e-07 2.1964168e-07 0.21971314 6.235668e-08 5.5788412e-05 0.0031052441 0.03206355 8.0089185e-06 2.9311142e-05 5.2503888e-06 7.812503e-07 5.8554388e-06 0.024491899 3.849685e-05 1.3871347e-05 9.214231e-05 6.9680397e-07 1.6889762e-05 0.0023354655 0.0026574002 0.00017098057 4.0255257e-09 1.2118481e-07 4.593677e-08 1.2357496e-07 1.843604e-05 0.00022384361 3.5395246e-11 2.989904e-08 5.6574943e-05 8.060447e-08 1.6108124e-06 0.00012589461 2.2455897e-10 0.00014141962 1.2125897e-06 5.388722e-09 2.3391642e-09 0.00018563111 2.9010499e-08 4.6987108e-09 1.4435758e-10 0.00048162224 2.11963e-06 2.1780152e-05 2.3540372e-09 9.962222e-10 1.2137721e-08 8.367385e-05 1.5996875e-06 0.00014257379
0.9825206 0.020191243 0.06689235 0.00013410248 0.00022976856 0.18978845 0.47236738 0.23548964 0.028335614 0.0058047986 0.07488641 0.00018669704 8.88162e-05 1.3244643e-05 0.36097276 1.432989e-05 0.4479091 6.1613086e-05 0.26213917 0.1489004 0.4261007 6.0396836e-05 0.010226317 0.00046490345 0.017172255 0.8810431 0.009169193 8.1746885e-17 0.0027654257 0.41864684 0.005323507 0.0027758244 0.6547802 0.00015662058 0.00014317126 0.8099879 0.0033676755 0.25813276 0.42925894 0.01552317 0.15641315 0.00421591 0.06628649 1.0486091e-05 0.0001892835 0.005940691 0.00070070534 0.0033006845 0.0033095446 0.307991 0.07692826 0.10567449 0.0111669125 0.010927296 0.705492 0.6767433 0.0013924396 0.004160409 0.001918896 0.00073874416 0.40136272 6.772736e-05 0.0070525687 0.0014197399 0.0010081785 0.00260779 0.66357297 0.17891619 0.041421097 1.1285922e-05 0.10132885 0.010740554 0.009247142 0.0072241756 6.3766556e-06 0.2889857 0.0076111793 0.00026487265 0.07324403 0.016009958 0.015320988 0.0010411371 0.0024798906 0.0029818385 0.001621193 0.10840853 0.22958028 0.06020947 0.0029561843 0.036465097 0.0029104764 0.009352648 0.032667316 0.000704724 8.377935e-06 0.03491219 0.0012535723 0.043297417 0.0017364895 0.054205142 0.04396054
0.87068206 0.030370394 0.013638763 0.1287357 0.0010641589 0.036079396 0.01158573 0.07346265 0.00068232545 0.45845845 0.31250682 8.141133e-06 2.5472955e-05 5.3241874e-06 0.00022866727 0.00069787976 0.035958134 6.599895e-05 0.04486108 6.068974e-05 0.00020015119 0.045585815 1.5849457e-06 0.38560098 0.92760473 0.0066807065 3.721099e-06 0.0027654257 6.261855e-15 4.759426e-06 0.9206472 4.1257686e-06 0.0010890404 0.41228226 0.009325354 0.0022710501 5.7180716e-07 0.1180037 0.0011574873 0.3667816 0.0013668033 0.5215108 1.6816062e-06 0.03085445 0.00074226165 0.21760876 6.9331445e-06 0.48135543 4.2348615e-06 3.9726903e-05 9.655286e-06 0.0024712794 1.1656335e-06 2.2767877e-05 0.0001058574 2.421222e-06 2.6572452e-06 0.15484615 0.22710593 0.19816914 4.116794e-05 0.003099769 6.355152e-06 0.014048157 0.012987392 0.098613776 4.2538028e-05 0.017317547 1.9548522e-06 1.2578055e-05 2.2749095e-06 2.9822166e-07 0.00022067229 9.646758e-05 0.0016769205 6.150265e-07 2.990965e-06 1.144421e-08 1.0726524e-05 0.0740395 0.00014522519 0.0046821074 0.07242342 2.0941373e-07 0.09716264 1.2644172e-06 1.8272875e-06 9.732126e-06 0.055385396 1.8337851e-06 9.8727405e-08 2.447556e-06 0.018947966 0.004212844 6.952077e-07 4.7687718e-06 4.84286e-07 1.3732646e-06 0.048872046 1.2190767e-05 0.0050168196
0.23324233 0.04048432 0.036264308 1.1530885e-05 0.000990739 0.106641516 0.11882799 0.03616767 0.31569418 8.107453e-06 0.0005777251 0.0001991641 6.8715517e-06 2.0857007e-05 0.51883256 7.2590566e-08 0.07991342 5.954763e-07 0.028400064 0.7003206 0.6082004 4.5497316e-07 0.06686625 5.280105e-06 2.236958e-05 0.54314876 0.897247 0.41864684 4.759426e-06 3.4726706e-20 1.3937277e-05 0.29882777 0.80922145 2.92133e-07 3.6638871e-06 0.056100413 0.28443283 0.0005154286 0.008213867 6.878459e-05 0.0023106418 2.4987755e-06 0.94716704 2.0940533e-07 1.7920993e-05 3.4380587e-06 0.034969345 4.857346e-07 0.13116854 0.00022816558 3.3797747e-05 2.8365187e-06 0.3777243 7.5030215e-07 0.022219762 0.16157006 0.027969448 1.0323662e-06 2.2980428e-06 8.181138e-06 9.439513e-06 4.730736e-06 0.064439975 1.3265981e-05 3.022311e-06 2.0283667e-05 0.00034284376 3.3594268e-05 0.016835634 0.0009559111 0.004309194 9.788607e-08 1.1116042e-06 5.1896575e-07 1.2334185e-07 0.001910879 0.0018266178 3.5895376e-10 8.664881e-07 3.6848545e-05 2.7040412e-07 1.0137135e-06 6.744851e-05 5.004882e-09 2.9742754e-05 8.025729e-05 1.009236e-07 1.5485522e-08 5.3041415e-05 7.421424e-07 4.460564e-08 1.4349759e-09 0.00027275676 5.0288354e-06 2.9900995e-05 2.3325482e-07 1.3666309e-09 7.3054036e-07 2.4470832e-05 0.00023675786 0.00017952528
0.92411745 0.023438908 0.009355414 0.1064974 0.0002779802 0.035821076 0.0101192035 0.059719983 0.00045344414 0.19395852 0.18126741 7.1505588e-06 5.4264157e-05 1.1687876e-05 0.00019952055 0.00028465292 0.042288374 5.4480643e-05 0.047094144 0.00014857386 0.00043749777 0.024067804 5.0348867e-06 0.07117532 0.8384243 0.0069010686 1.8892992e-05 0.005323507 0.9206472 1.3937277e-05 4.737633e-16 3.3246686e-06 0.0010182266 0.19046254 0.0017935731 0.0027511357 6.7602025e-07 0.28088066 0.0020665056 0.6523218 0.0031992323 0.8198932 3.1655818e-06 0.00837061 0.0006374984 0.6306156 2.671867e-06 0.6080167 6.064678e-06 9.3957235e-05 2.231712e-05 0.005338411 4.9995174e-06 5.120468e-05 0.00015279531 2.891474e-06 1.8000924e-06 0.24313408 0.18742149 0.10666991 6.8712536e-05 0.0009497924 1.1014858e-05 0.0055512893 0.006473974 0.047941778 9.2048154e-05 0.051244117 3.745823e-06 1.3626474e-05 9.503672e-06 1.680271e-06 0.0006599304 0.00049317314 0.00033770746 5.5258005e-07 4.8032275e-06 4.7615323e-08 2.8628761e-05 0.10466928 0.0003577643 0.0016106677 0.034422103 1.938957e-06 0.09626745 1.7068664e-06 1.669062e-05 2.9870926e-05 0.07054518 2.8247623e-06 1.0781747e-06 5.708681e-06 0.04817434 0.0010481614 2.5181623e-06 8.921261e-06 1.2643269e-06 1.4813623e-06 0.03488129 2.5648784e-05 0.008490524
