3.794241e-38 0.030738708 0.04607807 0.029190375 0.13060175 0.07435881 0.32009718 0.21239772 0.34450558 0.53951097 0.009590601 0.007251755 0.023810856 0.69168776 0.0062404405 0.018775327 0.038027562 0.67066526 0.7732652 0.0043868665 0.2401291 0.8193696 0.025638612 0.010383307 0.6231453 0.34149364 0.0059631835 0.90189606 0.6370442 0.61948115 0.08666043 0.045675796 0.72192895 0.91963917 0.53595823 0.89395547 0.01534772 0.9264175 0.92836744 0.63315153 0.91672105 0.07103267 0.81539917 0.8743225 0.92867714 0.28668335 0.90934706 0.91526186 0.8202424 0.9437257 0.824046 0.971409 0.80070555 0.9218254 0.000214771 0.0031570739 0.33784258 0.63682705 0.035115916 0.04354499 5.0085036e-06 0.9564312 0.67158973 0.5181557 0.8557215 0.032132413 3.0967576e-06 0.45631027 0.46617568 0.00011438679 0.050153784 0.98514277 0.006246683 0.13283327 2.2257639e-06 0.9049385 0.10967917 0.9957968 4.7845133e-05 0.9961701 2.9911635e-05 0.89162195 0.52916986 0.002290939 0.9952723 0.0001863555 0.86010087 0.22649194 5.3753592e-08 0.9998405 0.04088711 0.0050095217 0.8500643 0.9992927 0.9996896 3.370594e-09 0.23412892 0.50554985 0.16212271 0.96331006 0.5416809
0.030738708 8.668824e-22 0.71025777 0.7610185 0.46997252 0.35314617 0.08495897 0.50761986 0.022443255 0.12765165 0.10516884 0.18302652 0.05064516 0.03773838 0.061801773 0.030720944 0.004488183 0.029893864 0.13262695 0.079022154 0.0018272736 0.034388732 0.003794267 0.01972575 0.0019083014 0.007927542 0.0823016 0.046202626 0.008250405 0.004925332 0.0011639303 0.00011694617 0.007838668 0.040559962 0.0037846505 0.021224348 0.00089851324 0.028398553 0.013809761 0.008284944 0.013838686 0.0001853744 0.0029608256 0.011177284 0.00767063 0.00022950445 0.005084069 0.004845431 0.00245007 0.002240935 0.00046499327 0.0029780576 0.0018041339 0.0021519728 0.00014569589 4.1973497e-05 0.0018900086 7.543725e-05 7.404884e-06 9.713053e-06 6.1562714e-06 0.001242052 0.00029454345 8.0328115e-05 0.00022097766 3.1120773e-05 0.0003957372 8.7919194e-05 5.136466e-05 0.000161667 2.9802324e-05 0.0007196769 2.0361858e-06 3.5464214e-05 1.3857292e-05 0.00019895264 6.134677e-05 0.0013703037 5.036332e-06 0.0034704346 5.8260343e-06 0.0004501568 0.0006194576 4.7106294e-08 0.0016367225 1.2412105e-06 0.0012233644 8.754888e-05 9.589557e-05 0.00032957963 7.0916317e-06 3.2925524e-05 0.000214736 0.00062199094 0.00020329768 2.3634952e-06 1.5894117e-05 0.0002940551 5.101006e-05 0.00020722534 8.7785826e-05
0.04607807 0.71025777 2.4989233e-21 0.6704931 0.8747645 0.29950985 0.08058293 0.6798524 0.026656143 0.25319177 0.094040535 0.12064232 0.051497832 0.08287426 0.045265168 0.026103176 0.0047020447 0.061877865 0.19845429 0.054584723 0.0022993155 0.061252125 0.0024995506 0.014090873 0.0027842596 0.008404397 0.05676193 0.084603556 0.011330192 0.006152305 0.0009992525 0.00022076911 0.01088891 0.06039526 0.0032344398 0.042603236 0.00078781 0.04247505 0.024063615 0.008925312 0.02088472 0.00020478746 0.004351024 0.021989208 0.012894327 0.0006093082 0.0085620135 0.010780381 0.004356224 0.0032504094 0.0010203748 0.006527601 0.0035189474 0.004281589 2.9522555e-05 1.9635545e-05 0.0039670607 0.00014315665 1.0123199e-05 1.07803135e-05 6.464386e-06 0.0017905609 0.0005446709 0.00017199272 0.0004270291 5.471688e-05 7.06025e-05 0.00015592058 8.408725e-05 2.3953968e-05 6.357259e-05 0.0013309289 2.5341471e-06 0.00016637596 1.603244e-05 0.00024883053 4.9655406e-05 0.0018704126 4.793393e-06 0.006838466 3.0780109e-06 0.0009678439 0.00086751627 8.0774385e-08 0.005599208 1.0459459e-06 0.0017533632 0.00024113778 5.9981485e-05 0.0011586393 8.525522e-06 5.637873e-05 0.0004523113 0.001622278 0.0007279137 2.1631104e-06 3.6564124e-05 0.0006328813 0.00010869243 0.0004374542 0.0001656404
0.029190375 0.7610185 0.6704931 1.0632534e-21 0.44978824 0.32615003 0.07333747 0.57351786 0.020594496 0.1346121 0.11283346 0.2033834 0.12111487 0.040276844 0.06234312 0.07415346 0.0026028345 0.028363567 0.1731405 0.082374625 0.0011551941 0.03693323 0.008191694 0.045469522 0.0006659546 0.01871937 0.17153534 0.051027533 0.0063051675 0.0034616948 0.002273229 5.839042e-05 0.006054225 0.05306728 0.007212294 0.010619823 0.0029284987 0.03174414 0.017453618 0.007301818 0.01658198 0.00023298236 0.0037337542 0.0091555845 0.009747742 8.351217e-05 0.0057609994 0.00430484 0.0020699366 0.0029695523 0.00097313704 0.0031532121 0.0014349378 0.0022579317 9.6923584e-05 0.0004374813 0.0012771636 0.00011268076 1.0396751e-05 9.233448e-06 1.1198607e-05 0.0011697463 0.0004537558 0.00010610757 0.0004650771 5.2804902e-05 0.00073098467 0.0001169242 7.48165e-05 0.0012426089 1.1986998e-05 0.00071264594 2.882397e-06 1.5653537e-05 3.2975237e-05 6.20943e-05 4.7552996e-05 0.001259584 2.9426536e-05 0.0028712787 2.7732922e-05 0.0007140433 0.00058037083 1.231439e-07 0.00082893774 2.5707177e-06 0.0014227083 8.4167084e-05 0.00015431817 0.00020800228 1.0425466e-05 7.8516305e-06 0.00020142784 0.0004202104 8.630104e-05 2.5129348e-06 1.4701646e-05 9.9160956e-05 3.0057874e-05 8.3865416e-05 7.881937e-05
0.13060175 0.46997252 0.8747645 0.44978824 3.0952456e-23 0.29329807 0.08407967 0.85745895 0.036567904 0.7881479 0.090341434 0.066335686 0.065332495 0.2597319 0.033176262 0.027066061 0.0023260997 0.17320175 0.50138354 0.028431185 0.0022921944 0.16624612 0.00252148 0.0059630973 0.002731897 0.013581742 0.019269738 0.2454689 0.019548852 0.009081892 0.00091063185 0.00011353138 0.021617984 0.131539 0.0034397577 0.12137486 0.00012117021 0.11211146 0.060941093 0.010728459 0.06352467 4.1559455e-05 0.0036717423 0.0780848 0.032948077 0.00047850562 0.02277198 0.036871757 0.009309929 0.008086307 0.0010924472 0.02896534 0.0075909444 0.011681493 1.2932829e-06 5.524045e-07 0.004314499 0.00017521011 3.1227607e-06 4.6907257e-06 6.507719e-07 0.002494576 0.00093250914 0.00015199409 0.0008880686 2.3360877e-05 6.397317e-06 0.000112017755 4.2425603e-05 9.380745e-07 1.4041861e-05 0.0023643386 2.5565262e-07 0.00016686012 2.6695006e-06 0.00067350845 1.6750023e-06 0.0026024398 4.8286694e-07 0.011538261 3.6106167e-07 0.0022134476 0.00034751455 1.941079e-08 0.011904451 5.387674e-07 0.0015019852 5.0339673e-05 1.4907281e-05 0.0013496182 1.3412395e-06 2.3742341e-05 0.00048397668 0.0038087831 0.001598108 1.3302893e-06 4.0618083e-06 0.000703461 2.1442607e-05 0.0008149018 0.00011005917
0.07435881 0.35314617 0.29950985 0.32615003 0.29329807 1.9970788e-21 0.61875784 0.39359105 0.32924592 0.15325165 0.82343376 0.5725495 0.15244204 0.06784969 0.6696613 0.035850756 0.3419129 0.061867166 0.17035858 0.45633307 0.13281678 0.06611647 0.0051663183 0.035885915 0.054538064 0.02124787 0.24479835 0.040768664 0.03980126 0.033126883 0.0044843825 0.056873683 0.022688761 0.027208071 0.0032259298 0.031992894 0.0005549878 0.0119325025 0.010642919 0.013270342 0.011904428 0.0005743631 0.0056871762 0.011008695 0.006895776 0.017520452 0.0049781394 0.0054845326 0.0055076447 0.0022699838 0.0076204287 0.0029029017 0.0034331295 0.003922571 0.10085931 0.00012959559 0.0048081046 0.0011461 0.00019981703 0.00010819271 0.006749417 0.0019541348 0.0041227345 0.0009839492 0.001259336 0.0018267719 0.0038942269 0.00088386383 0.00038100418 8.436751e-05 0.003447786 0.0016266233 1.24751505e-05 0.0020828326 0.0051172166 0.000688237 5.5381985e-05 0.0018524373 2.9438292e-05 0.000933703 3.0125424e-05 0.00038695446 0.00086766237 1.8935427e-06 0.0010714818 0.00088363077 0.002072048 0.00024748134 0.0013242168 0.0016651088 0.00047510889 0.00045733803 0.00055218185 0.0005856403 0.0007248384 0.0008533861 0.00019612572 0.0023680462 2.3186954e-05 0.0015565263 6.316057e-05
0.32009718 0.08495897 0.08058293 0.07333747 0.08407967 0.61875784 1.660171e-21 0.071173236 0.9258552 0.0458858 0.40091825 0.082494415 0.0061082235 0.043370616 0.31272897 0.0029296903 0.5415268 0.05078667 0.035445943 0.060145073 0.578575 0.08455431 0.00018880233 0.0040070666 0.37423158 0.0011440312 0.03314227 0.037741564 0.10165313 0.13154154 0.00027638834 0.21582283 0.07201677 0.0056547727 0.00084650243 0.08581646 0.00021634302 0.009106641 0.0017893643 0.12515289 0.0016738136 0.0001625541 0.00070969394 0.0102804145 0.0006042556 0.10907785 0.00050683523 0.007964184 0.013801426 0.00035786943 0.00018186853 0.0017117488 0.007510346 0.004734848 0.015734032 8.7885586e-05 0.033859726 6.7251654e-05 7.124465e-05 6.993672e-05 0.0015246616 0.018515494 0.00029619524 7.464482e-05 0.00013885954 0.0068829446 1.6472899e-05 4.8130518e-05 2.3704422e-05 3.1678742e-06 0.0018975957 0.009218135 9.335947e-06 0.0049112816 0.0037279262 0.006526166 3.27604e-05 0.008855686 6.9839814e-05 0.003076519 7.0439746e-05 4.8568e-05 0.000174237 2.8501283e-06 0.0073653003 0.0069698957 0.00057375047 7.737348e-05 0.0002919159 0.004711691 7.317377e-05 0.00039703216 0.000106893174 0.000928596 0.00068904605 0.00020826489 3.3185916e-05 0.008168929 5.9610275e-06 0.0035548024 4.2198302e-05
0.21239772 0.50761986 0.6798524 0.57351786 0.85745895 0.39359105 0.071173236 2.0073495e-23 0.02281859 0.57699996 0.12123937 0.15006347 0.65499806 0.18505502 0.024254695 0.5605242 0.00012068848 0.15343161 0.6423666 0.054559812 0.00020341152 0.13001898 0.2426334 0.28252888 0.00017082506 0.3846809 0.31470808 0.22432427 0.008258002 0.0025272495 0.0813709 3.4022682e-06 0.0075575868 0.25712478 0.1353973 0.011397454 0.017053861 0.09029685 0.13400963 0.0019467261 0.08594972 0.0033030573 0.03749602 0.018708244 0.06839405 8.2430734e-07 0.039061997 0.0062851873 0.0027009037 0.024740785 0.010912774 0.007458085 0.0021302204 0.0028933347 1.416896e-06 0.0017003403 0.00023289796 0.0026774367 8.81339e-06 7.481711e-06 4.139636e-07 9.343665e-05 0.0032821207 0.0008054332 0.0028244797 1.9464921e-06 2.1410668e-05 0.0004217929 0.00016674367 8.063105e-05 8.0959904e-07 0.0002954496 1.6602693e-06 2.0353084e-06 8.892364e-06 1.19721235e-05 1.3363552e-05 0.0005129302 6.4870605e-05 0.0068300515 3.3229175e-05 0.0047221878 0.00094705087 7.093512e-08 0.0017166908 7.611023e-07 0.0023993074 0.00018838253 7.397586e-06 0.00054601737 2.7843312e-06 2.2381648e-06 0.0006046095 0.0031243162 0.00043517398 4.8732056e-07 1.9863119e-05 5.122612e-05 5.4662796e-05 5.471401e-05 0.0002437744
0.34450558 0.022443255 0.026656143 0.020594496 0.036567904 0.32924592 0.9258552 0.02281859 2.0553947e-20 0.023831675 0.17102137 0.022315962 0.0013984056 0.020828635 0.10729767 0.00070691365 0.3483824 0.025863588 0.013256182 0.013108391 0.6230848 0.050101474 6.2527215e-05 0.00067266275 0.47245735 0.0003797188 0.007855683 0.017608695 0.124613106 0.14874679 0.00011196819 0.18309534 0.09040016 0.0033962321 0.00042216762 0.08434441 5.2271793e-05 0.006966935 0.00137126 0.13440105 0.0020270722 9.455735e-05 0.00047978116 0.0095310295 0.00084965175 0.18249878 0.0009858225 0.0106588965 0.023420459 0.00046632419 0.00014307612 0.001806757 0.015702229 0.0068750917 0.0032175523 1.2734126e-05 0.06716481 7.22974e-05 6.550914e-05 5.571711e-05 0.0009504506 0.0449288 0.000175095 8.8602595e-05 6.1964696e-05 0.010556385 3.124986e-06 6.263106e-05 3.1182746e-05 2.561263e-07 0.003821689 0.0112832375 1.0045999e-05 0.010357148 0.0029135786 0.012057511 1.7146527e-05 0.012104732 2.61732e-05 0.0030726807 2.437706e-05 5.1147137e-05 0.00014515805 6.7507386e-07 0.010954701 0.0025495363 0.00039943308 5.8044363e-05 0.00014115458 0.0064906157 5.1751224e-05 0.0010200485 0.00012163042 0.0009882713 0.001497877 3.1537504e-05 9.592691e-06 0.019450571 5.464056e-06 0.007997135 2.3324792e-05
0.53951097 0.12765165 0.25319177 0.1346121 0.7881479 0.15325165 0.0458858 0.57699996 0.023831675 2.4961498e-22 0.052776955 0.032211732 0.034548305 0.86181647 0.00855681 0.019202484 0.0006976185 0.5877405 0.8012915 0.010772925 0.00150691 0.3873449 0.009025798 0.010575167 0.0037688694 0.041733187 0.012631911 0.5876325 0.01584136 0.0057707266 0.006499818 2.70107e-05 0.018131584 0.3012732 0.020088647 0.14473756 0.00096394785 0.2030486 0.16894968 0.012402392 0.13514581 0.00065760245 0.012860107 0.13190241 0.09246766 0.00020696857 0.06076404 0.08182805 0.021051759 0.025537273 0.0048646694 0.07978443 0.01961439 0.03391068 3.7723444e-06 4.3146305e-05 0.0041297884 0.0009727603 1.4847718e-05 4.6968205e-05 5.897358e-06 0.0054434943 0.0035070141 0.000548369 0.004638869 5.256759e-05 2.5703903e-05 0.0004393737 0.00025306043 2.7297012e-06 8.6048574e-05 0.008606306 5.780977e-06 0.00021698792 8.066369e-06 0.00029883906 1.6174203e-05 0.014319864 7.1214863e-06 0.076210976 5.133491e-06 0.015848188 0.0011347878 5.992099e-07 0.034511216 5.3397625e-06 0.006285577 6.890356e-05 4.84462e-05 0.0060685263 2.876778e-06 7.690963e-05 0.0010958954 0.01767926 0.0067146616 1.5908485e-06 1.07442875e-05 0.00082428666 4.4155928e-05 0.00055037905 0.00024419324
0.009590601 0.10516884 0.094040535 0.11283346 0.090341434 0.82343376 0.40091825 0.12123937 0.17102137 0.052776955 3.6730235e-20 0.3507693 0.019005965 0.027696304 0.75618327 0.0065315883 0.372318 0.021216951 0.033700045 0.3233918 0.10587695 0.024110608 0.00094376045 0.006489867 0.04287438 0.009452855 0.041076902 0.016106268 0.014615848 0.014441229 0.0022495417 0.059411496 0.0097190635 0.010970661 0.004230367 0.015331306 0.00030763296 0.0052701775 0.0044287466 0.0061355554 0.003875641 0.0005919102 0.0067371987 0.0037815494 0.003950903 0.008919645 0.0021763586 0.00417405 0.004219583 0.0022547364 0.008382924 0.0007638728 0.0024003822 0.0016771621 0.17010961 8.647965e-05 0.0014107458 0.0022547448 0.00012395391 9.045574e-05 0.017994028 0.0016023935 0.0031087005 0.0010105171 0.0013439489 0.0021212369 0.006987239 0.0007548788 0.00040883385 0.00021489723 0.0017127367 0.0008561487 1.2073527e-05 0.0008393175 0.012385485 0.00043939194 6.680999e-05 0.0011506054 7.945513e-05 0.00020661755 5.663421e-05 0.0002328398 0.0009654025 2.1354701e-06 0.00012475395 0.012222187 0.0015108889 0.0002461134 0.00209342 0.00014374971 0.00027519555 0.00069931016 0.0008457095 4.753649e-05 0.00013155234 0.0010722021 9.776476e-05 0.0006937857 2.2933236e-05 0.00031867943 6.0587725e-05
0.007251755 0.18302652 0.12064232 0.2033834 0.066335686 0.5725495 0.082494415 0.15006347 0.022315962 0.032211732 0.3507693 8.174664e-23 0.020825919 0.010319328 0.37766835 0.010996697 0.021584531 0.006537796 0.009618768 0.75176185 0.0016853575 0.009805764 0.00016741385 0.004917234 0.0011924353 0.00375443 0.36238074 0.0067187543 0.0027796894 0.0015204926 0.00090274983 0.00012458369 0.0021714475 0.0024218748 0.0007545365 0.00055333815 7.4763935e-05 0.0014099563 0.00078115385 0.0023665763 0.0007157324 0.00014856507 0.0008976521 0.0003035978 0.00043881487 0.00058386667 0.00016887145 0.00033187895 0.00069172547 0.00019415622 0.0008229259 0.00012412686 0.00079960667 0.0005230406 0.047392495 1.5052841e-05 0.00016299714 0.000112072456 2.9505525e-05 1.305355e-05 0.0031594972 0.00023739567 0.00061031 7.8003606e-05 0.00027164572 0.00029369217 0.113391355 5.6565983e-05 2.5314115e-05 0.043661773 5.638357e-05 0.00023900854 1.0313808e-05 0.00016384528 0.00038413913 9.48711e-06 1.15642315e-05 0.0005733061 0.00011677232 0.000182704 0.00010122817 0.00016736564 0.00028822842 5.68658e-07 9.8053e-05 5.254875e-05 0.0017473071 0.00019915403 0.0068246084 0.000106609856 0.00031589353 0.00044188116 0.00034426487 0.00020015461 3.1398915e-05 0.0012426284 3.39165e-05 0.00025286936 7.8792014e-05 0.0005571448 0.00019521064
0.023810856 0.05064516 0.051497832 0.12111487 0.065332495 0.15244204 0.0061082235 0.65499806 0.0013984056 0.034548305 0.019005965 0.020825919 2.2521088e-22 0.01148999 0.0045169275 0.899355 4.080513e-05 0.008607588 0.176559 0.016840065 3.879845e-05 0.0056509427 0.73585737 0.68336296 1.9710988e-05 0.43103847 0.5663659 0.019384325 0.00020267745 0.00013703501 0.32987973 1.1760167e-06 0.00032035203 0.05100953 0.12815717 0.00040613828 0.2894106 0.0057580657 0.022395557 0.0004344545 0.010156896 0.07788452 0.03426143 0.00046706013 0.0083854785 1.37249035e-05 0.0039891596 0.00015038114 6.957868e-05 0.003910613 0.01281974 0.0004500508 9.84439e-05 0.00012431889 1.7435607e-07 0.027231926 5.0876355e-05 0.0031906278 0.00015142074 0.00015715053 2.4247052e-07 3.77416e-05 0.0027814314 0.0014380434 0.0021432294 5.8435235e-06 1.3551225e-06 0.0009121755 0.0006064918 0.0027549558 1.8075704e-06 2.0648093e-05 3.2275788e-05 3.16109e-06 9.928652e-07 3.775173e-06 0.00022813426 0.0003505788 0.00085854717 0.0051722904 0.0007129093 0.0011043093 0.0016761019 1.1593653e-06 0.00017727508 2.0875295e-07 0.0017385292 0.0005487491 2.0474076e-06 0.00010451204 2.8234226e-05 4.2815557e-07 0.0005348042 0.0009736694 2.3797744e-05 2.6169926e-09 0.00016438242 2.5017192e-05 0.00030735292 1.5813863e-05 0.00018076807
0.69168776 0.03773838 0.08287426 0.040276844 0.2597319 0.06784969 0.043370616 0.18505502 0.020828635 0.86181647 0.027696304 0.010319328 0.01148999 3.4558407e-24 0.0043633133 0.006676582 0.0008980785 0.914171 0.52632 0.001916874 0.0020220974 0.698092 0.0020211884 0.0025413826 0.003519872 0.01208344 0.0040620547 0.77211684 0.021909738 0.007978518 0.00209192 0.0001189447 0.028196484 0.2765016 0.005701578 0.33127698 0.00035313994 0.3274832 0.16006006 0.013568143 0.17059505 0.00023440538 0.002919581 0.23825751 0.09254275 0.00062515016 0.07397363 0.15008849 0.043550365 0.018828234 0.0012195738 0.17463122 0.045660205 0.07668248 1.5290296e-05 7.429802e-05 0.0049346974 0.00023626638 4.6271994e-06 2.0204743e-05 9.690866e-06 0.0071845665 0.0017821726 0.00021201577 0.0024323068 0.00012481143 9.9498364e-05 0.00018544814 9.5328694e-05 1.3284345e-06 0.00012383741 0.02513421 2.1427713e-06 0.00043378794 2.1753147e-05 0.00054654427 6.8386285e-06 0.04373948 5.644395e-06 0.14113122 5.5580003e-06 0.023628255 0.00076261244 2.2569197e-06 0.073422045 1.2498645e-05 0.0059850207 2.3571441e-05 0.0005610797 0.016343696 1.5717554e-06 0.0001319017 0.0007675485 0.029884458 0.018237945 1.9509412e-06 3.0450187e-06 0.0011750762 6.740411e-06 0.00045691818 8.230059e-05
0.0062404405 0.061801773 0.045265168 0.06234312 0.033176262 0.6696613 0.31272897 0.024254695 0.10729767 0.00855681 0.75618327 0.37766835 0.0045169275 0.0043633133 3.9460544e-20 0.0013617941 0.4408058 0.0040205447 0.001513489 0.48826993 0.08080241 0.0050540073 7.8197554e-05 0.0012155562 0.017125227 0.0011625335 0.0136100855 0.003007469 0.003532476 0.003452047 0.00040848754 0.053548872 0.002207065 0.0010519451 0.0007098507 0.0031338907 7.383184e-05 0.00065711816 0.00027212643 0.0018540411 0.0004666583 0.00011750223 0.0010695063 0.001083555 0.0006386189 0.002611106 0.0004670641 0.0010513825 0.0013041879 0.0009542794 0.0022986159 0.0003028078 0.00085129985 0.0011469249 0.54464775 1.430414e-05 0.0006401351 0.000279477 2.8808592e-05 3.162892e-05 0.09478038 0.00032278174 0.002560946 6.522488e-05 0.0005757385 0.0006403332 0.050434995 4.736408e-05 1.7755163e-05 0.0006440594 0.00030223312 0.0015055189 1.8565481e-06 0.00076745846 0.033467226 8.6545406e-05 8.26806e-06 0.0015634733 9.469131e-06 0.0002573902 6.3132834e-06 0.0010270253 0.00018318903 1.5699846e-06 0.0002920529 0.02158774 0.0039823027 4.8391757e-05 0.004638791 0.00033605643 0.0002238974 0.00012212695 0.00052125443 0.0001205678 0.0001649207 0.002131643 5.974869e-06 0.00067663443 6.717662e-06 0.00035949957 4.3120348e-05
0.018775327 0.030720944 0.026103176 0.07415346 0.027066061 0.035850756 0.0029296903 0.5605242 0.00070691365 0.019202484 0.0065315883 0.010996697 0.899355 0.006676582 0.0013617941 3.798993e-22 3.5037574e-05 0.0045040417 0.12537804 0.008601852 3.44309e-05 0.0033721894 0.816628 0.60198325 1.587276e-05 0.44855222 0.37715843 0.013697903 0.00010800272 6.899166e-05 0.42221457 1.3736446e-06 0.00020143551 0.048357923 0.1461577 0.00023478504 0.38969913 0.005395861 0.020093247 0.00038732754 0.008773006 0.16461696 0.043008532 0.0003036056 0.008378116 1.6293752e-05 0.0038509243 9.434153e-05 3.3732216e-05 0.0034804125 0.016069172 0.00049427967 5.5385157e-05 8.119722e-05 1.1486006e-07 0.035669018 4.1291125e-05 0.003261042 0.000432886 0.00040677417 2.1878789e-07 3.691886e-05 0.002285273 0.0015718589 0.0016403619 2.840528e-06 6.70131e-07 0.0011040062 0.00083591294 0.0025433414 2.5649604e-06 1.4361248e-05 0.000110638815 1.7116391e-06 1.0684689e-06 2.5704185e-06 0.0005370302 0.00026960013 0.001964553 0.0047082994 0.0015476829 0.0013355176 0.0012958244 8.173737e-06 0.00017953519 2.793676e-07 0.0016124503 0.0004877995 1.7600173e-06 6.584794e-05 4.867214e-05 6.5447887e-07 0.00043882077 0.0009805851 2.9098272e-05 4.6130793e-09 0.00022821478 1.2699611e-05 0.0003108499 1.0982006e-05 0.00017483038
0.038027562 0.004488183 0.0047020447 0.0026028345 0.0023260997 0.3419129 0.5415268 0.00012068848 0.3483824 0.0006976185 0.372318 0.021584531 4.080513e-05 0.0008980785 0.4408058 3.5037574e-05 1.2936098e-19 0.0014918951 0.00010473993 0.04486504 0.54908204 0.0019025353 3.4901861e-06 7.909987e-05 0.18879071 2.5099664e-05 0.00018858099 0.0004469236 0.012162137 0.01791239 1.646412e-05 0.7405891 0.0077325576 8.990249e-05 3.097604e-05 0.0022066494 6.888105e-06 0.000104334176 7.063988e-05 0.015688846 7.38574e-05 2.6039268e-06 6.539653e-05 0.00034244754 4.1962532e-05 0.10516255 4.0294555e-05 0.0007934049 0.0022016065 5.097665e-05 0.00012336274 0.00013448886 0.0013306402 0.0007274339 0.3159991 2.0102216e-06 0.013586743 3.020828e-05 4.2757515e-06 1.1857841e-06 0.13756391 0.0016753124 0.00039432163 3.1255033e-05 4.3900804e-05 0.040412135 1.687408e-05 1.981136e-05 6.4360215e-06 3.3767925e-08 0.001877401 0.0010018793 8.7660504e-07 0.0024161038 0.198059 0.001743881 5.860229e-07 0.00074931 3.7034472e-06 0.00010839524 2.5898942e-06 2.9936147e-05 7.231285e-05 1.3719864e-07 0.000105827625 0.17732929 0.00016656566 3.9187435e-06 0.00043095066 0.0002750515 6.455551e-06 0.00042278945 4.615892e-05 7.590184e-05 6.0782826e-05 0.00034565857 8.7695787e-07 0.005495643 5.5507775e-07 0.0011534477 2.3379432e-06
0.67066526 0.029893864 0.061877865 0.028363567 0.17320175 0.061867166 0.05078667 0.15343161 0.025863588 0.5877405 0.021216951 0.006537796 0.008607588 0.914171 0.0040205447 0.0045040417 0.0014918951 1.2835746e-23 0.39996964 0.0017537059 0.0036148701 0.90490335 0.001489317 0.0015208117 0.005519047 0.008664312 0.0027690886 0.74027884 0.051277015 0.02295968 0.0018490492 0.00027340106 0.08487934 0.23592433 0.0042470437 0.42173713 0.0003265343 0.33561626 0.11910607 0.026588267 0.15766463 0.00022124313 0.0015324919 0.311154 0.079705164 0.0022704806 0.06693835 0.1657263 0.067550555 0.014154949 0.00067428354 0.18031609 0.055664737 0.08546899 1.461641e-05 3.6688052e-05 0.009533116 0.00013756359 7.1426057e-06 3.120095e-05 1.6162285e-05 0.013867884 0.0017024943 0.00016093186 0.0018065479 0.00020807289 0.000107035885 0.00014367461 7.1479444e-05 2.0244995e-07 0.0003231307 0.042230006 3.1082939e-06 0.0012982339 5.318217e-05 0.0021873119 4.85564e-06 0.06881857 9.96039e-06 0.117091514 1.2433981e-05 0.018198313 0.00037002342 5.262716e-06 0.09242515 1.9488314e-05 0.005045346 1.424859e-05 0.00060575886 0.018917583 1.5980165e-06 0.00015241795 0.00029515757 0.024146212 0.017955534 2.3638065e-06 1.5173541e-06 0.0028099716 3.643882e-06 0.0017550152 2.6758002e-05
0.7732652 0.13262695 0.19845429 0.1731405 0.50138354 0.17035858 0.035445943 0.6423666 0.013256182 0.8012915 0.033700045 0.009618768 0.176559 0.52632 0.001513489 0.12537804 0.00010473993 0.39996964 2.5675385e-22 0.0039430116 0.00010046465 0.36964938 0.045829125 0.03416646 0.00023290419 0.50747937 0.024483856 0.5900078 0.005927041 0.0013614246 0.07519978 4.3443606e-06 0.007751507 0.77820426 0.4710115 0.03536811 0.0069957203 0.36466828 0.5362025 0.0024997494 0.36514908 0.0068627666 0.372035 0.15209846 0.31465212 3.0512061e-05 0.16353153 0.05331621 0.014971986 0.14790125 0.11121145 0.09737619 0.014993299 0.031246275 9.4078183e-07 0.000488773 0.001050484 0.016527725 0.0003346255 0.0011838418 1.9809308e-06 0.0016806887 0.047888923 0.007326692 0.057976086 1.710351e-05 2.0894795e-05 0.0055439877 0.0031258704 1.2851499e-06 4.0029776e-05 0.009663507 9.633124e-05 9.262812e-05 1.6405158e-05 9.85868e-05 0.002379485 0.016943244 2.552222e-05 0.3081392 2.5801233e-05 0.122616895 0.0119655095 4.1859448e-07 0.06840252 4.18885e-06 0.06308817 0.0020824394 2.7117241e-05 0.0039956 9.1315505e-06 1.8085439e-05 0.014275815 0.10230377 0.023624267 1.3651083e-07 0.00031845708 5.8155732e-05 0.0006699972 0.0002673373 0.0034504489
0.0043868665 0.079022154 0.054584723 0.082374625 0.028431185 0.45633307 0.060145073 0.054559812 0.013108391 0.010772925 0.3233918 0.75176185 0.016840065 0.001916874 0.48826993 0.008601852 0.04486504 0.0017537059 0.0039430116 1.6159833e-20 0.0026992224 0.0034723924 0.00037089395 0.0038463036 0.0012241954 0.0024003591 0.23075666 0.0020099666 0.0022521876 0.0013468165 0.0007682922 0.0015059884 0.0017336921 0.0013344049 0.00082375034 0.0004946348 0.000211037 0.00044227066 0.0005420752 0.0008866895 0.0008534671 0.00016581506 0.0005634836 0.00044480714 0.00070680614 0.00036768123 0.00031064806 0.00048793096 0.0009999265 0.00029938988 0.0007319704 0.00014264669 0.00065603614 0.00062236324 0.14453882 0.00016144852 6.353762e-05 0.0001385615 2.284836e-05 1.4353991e-05 0.0062257997 0.00017374086 0.0013043446 7.0552225e-05 0.00033822318 0.00035802444 0.2141473 6.230845e-05 3.2539727e-05 0.04517395 0.00031060926 0.00062076695 9.440449e-06 0.00010237132 0.00093420834 2.0247373e-05 5.117643e-06 0.0011333684 8.2875704e-05 0.0004000713 7.2334435e-05 0.0004204724 9.967712e-05 2.814893e-06 0.0009561455 0.00011345985 0.0012400507 3.4051394e-05 0.004608553 0.00024314313 0.00027667687 0.0011527092 0.0001715406 0.00035709978 0.00015678273 0.0015240464 1.0094701e-05 0.00016478328 6.934401e-06 9.806038e-05 8.2236416e-05
0.2401291 0.0018272736 0.0022993155 0.0011551941 0.0022921944 0.13281678 0.578575 0.00020341152 0.6230848 0.00150691 0.10587695 0.0016853575 3.879845e-05 0.0020220974 0.08080241 3.44309e-05 0.54908204 0.0036148701 0.00010046465 0.0026992224 3.3887049e-22 0.0065670907 3.1093614e-06 0.00011859821 0.74067956 1.1403959e-05 0.0010477955 0.0015755936 0.057644356 0.09208061 1.7662918e-05 0.7952379 0.039469827 0.00014333439 4.3594406e-05 0.02270782 7.770005e-06 0.00020184567 8.1188155e-05 0.11616279 0.00013757344 8.812306e-06 7.524806e-05 0.0012920193 6.2432526e-05 0.6615674 6.00544e-05 0.0024951075 0.008397279 4.8652186e-05 1.2669261e-05 0.00024840614 0.006243476 0.0022317867 0.0032267359 1.2605927e-05 0.18291575 6.292162e-06 5.4872053e-06 4.4189774e-06 0.0007262842 0.048153244 6.281673e-05 1.5503854e-05 1.1130146e-05 0.23867635 3.1671445e-07 1.5052612e-05 7.45154e-06 5.9201742e-08 0.030063258 0.006545295 9.169786e-07 0.04799813 0.004146877 0.04485614 2.0264865e-06 0.0048356354 9.990233e-06 0.00012213628 1.0811034e-05 5.379242e-06 3.5708465e-05 6.072708e-07 0.00073868356 0.05330593 8.7457505e-05 6.024723e-06 6.341878e-05 0.0020433515 1.0102492e-05 0.004699415 1.3815543e-05 4.699585e-05 8.526047e-05 4.530454e-06 1.2669207e-06 0.039719403 4.2177862e-07 0.0146948295 9.260437e-07
0.8193696 0.034388732 0.061252125 0.03693323 0.16624612 0.06611647 0.08455431 0.13001898 0.050101474 0.3873449 0.024110608 0.009805764 0.0056509427 0.698092 0.0050540073 0.0033721894 0.0019025353 0.90490335 0.36964938 0.0034723924 0.0065670907 7.1587235e-20 0.00039331603 0.0009984304 0.010312927 0.0034678255 0.0028471458 0.6490054 0.19995736 0.093487486 0.0006391237 0.000859709 0.24626945 0.16577755 0.000886422 0.70224816 9.13341e-05 0.3261207 0.06136283 0.08217496 0.096894525 6.5930195e-05 0.0003408481 0.4727601 0.04362763 0.0032155032 0.049759135 0.29846728 0.1380548 0.009915968 0.00016638722 0.22761329 0.1034435 0.14390428 1.2196174e-05 6.1817277e-06 0.0125313485 4.5191588e-05 7.2947487e-06 1.4258758e-05 2.4834297e-05 0.041738894 0.0013236537 8.418161e-05 0.0012757345 0.000292678 0.00011762658 7.485576e-05 2.8153243e-05 2.1507628e-07 0.00074199203 0.09891042 1.1012678e-06 0.0026133968 6.633668e-05 0.004499822 1.3530034e-06 0.15032165 1.1109943e-05 0.1018521 1.3003949e-05 0.008955686 0.00011428627 5.2139285e-06 0.15913825 1.513808e-05 0.0026677654 4.0697064e-06 0.00074851007 0.046810668 1.8872074e-06 0.00030496457 0.000101776546 0.02067139 0.03098854 2.441186e-05 4.9089164e-07 0.0067214915 3.488081e-07 0.004918786 2.932256e-06
0.025638612 0.003794267 0.0024995506 0.008191694 0.00252148 0.0051663183 0.00018880233 0.2426334 6.2527215e-05 0.009025798 0.00094376045 0.00016741385 0.73585737 0.0020211884 7.8197554e-05 0.816628 3.4901861e-06 0.001489317 0.045829125 0.00037089395 3.1093614e-06 0.00039331603 3.2317196e-25 0.6786248 8.820908e-06 0.57307357 0.2614144 0.004699003 3.0990755e-05 1.950092e-05 0.7701049 8.751452e-08 8.6898974e-05 0.017206483 0.2846827 3.3241915e-05 0.70107925 0.0023764565 0.010749418 0.00013076482 0.0045944843 0.67044294 0.06515432 6.251624e-05 0.003492507 6.0497687e-06 0.0019892515 5.0616763e-05 3.26569e-05 0.002043833 0.031187123 7.815745e-05 3.559029e-05 3.826807e-05 6.3604118e-09 0.12124202 2.2766946e-05 0.0106076 0.0033332503 0.004520892 2.7009214e-08 1.4587445e-05 0.0027076725 0.0024624101 0.00182846 5.9578247e-07 6.866995e-09 0.0013476895 0.00088759774 0.0009869094 2.3008784e-06 9.11841e-06 0.00065040647 1.8955915e-06 3.473687e-07 3.8453277e-06 0.0009228192 4.3046144e-05 0.0034125077 0.0019283675 0.0025231424 0.00086873374 0.0010211888 0.00016090792 1.915663e-05 6.659672e-08 0.0018419423 0.00074132404 3.6033292e-08 9.0448275e-06 0.00014838934 6.810197e-07 0.0005733042 0.0003784309 1.1071148e-05 1.5714526e-10 0.00030546056 7.6219e-06 0.00016485513 1.2989182e-06 0.00017269846
0.010383307 0.01972575 0.014090873 0.045469522 0.0059630973 0.035885915 0.0040070666 0.28252888 0.00067266275 0.010575167 0.006489867 0.004917234 0.68336296 0.0025413826 0.0012155562 0.60198325 7.909987e-05 0.0015208117 0.03416646 0.0038463036 0.00011859821 0.0009984304 0.6786248 4.1542843e-24 0.0003285155 0.1717209 0.834738 0.0032658847 0.00062031596 0.00038784966 0.24222729 6.127161e-06 0.00051501434 0.012959382 0.037595652 6.0250422e-05 0.69820976 0.00088660547 0.004074719 0.00070791855 0.0019922976 0.19919372 0.014811748 5.5747838e-05 0.0017205261 0.00010649319 0.0009967736 0.00012130548 0.00012338709 0.0013244258 0.005613513 0.00021220835 9.375718e-05 0.00010598418 1.2176706e-07 0.32383946 0.00012056722 0.001080783 0.00042900842 0.0003937501 2.0965253e-07 2.9156297e-05 0.0014244636 0.00042780867 0.0017110804 5.9680465e-06 8.102791e-08 0.00029502614 0.00019967016 0.07219124 6.309164e-05 1.4232158e-05 0.00018615389 5.886601e-05 8.82932e-07 1.3156206e-05 0.00014391597 2.3681172e-05 0.009445038 0.00067978975 0.0075475387 0.00046156146 0.0006232215 0.00025064658 9.498354e-06 7.6269345e-07 0.000726324 0.00023689608 1.0658804e-07 4.6526247e-06 0.00025080415 1.3411187e-05 0.00041634825 6.943748e-05 3.396507e-06 1.6579408e-09 0.00013048852 3.4063865e-05 6.9025824e-05 1.5334734e-05 9.0288275e-05
0.6231453 0.0019083014 0.0027842596 0.0006659546 0.002731897 0.054538064 0.37423158 0.00017082506 0.47245735 0.0037688694 0.04287438 0.0011924353 1.9710988e-05 0.003519872 0.017125227 1.587276e-05 0.18879071 0.005519047 0.00023290419 0.0012241954 0.74067956 0.010312927 8.820908e-06 0.0003285155 4.1200638e-19 2.907899e-05 0.0010307952 0.0033004358 0.1850287 0.36492303 2.8515382e-05 0.37028995 0.13411768 0.00010012328 2.5992485e-05 0.06426397 2.4803267e-05 0.0009676543 4.739069e-05 0.3542547 0.00015770391 1.6863223e-05 4.273112e-05 0.0049630865 6.369506e-05 0.88368535 7.3862335e-05 0.009336505 0.051353052 4.4922814e-05 2.146843e-05 0.0012009348 0.036647055 0.010430858 1.5133144e-05 7.801934e-06 0.499718 7.260276e-06 1.2150955e-05 1.918874e-05 9.2991555e-05 0.25986353 6.421905e-05 1.068334e-05 1.9681533e-05 0.11895685 4.940345e-07 8.014152e-06 2.755574e-06 7.974508e-08 0.07506356 0.07373806 2.2686827e-06 0.19993281 0.000974242 0.1865447 1.7422453e-06 0.055781968 9.4473035e-06 0.00059364655 7.259847e-06 5.9031678e-05 1.2213983e-05 1.7721119e-06 0.00465129 0.006402758 0.00020109673 2.1690348e-06 1.5447506e-05 0.0423413 7.3874553e-06 0.007587832 3.7591788e-06 0.00026361994 0.00036154012 7.949601e-06 8.847517e-07 0.12516525 6.7491975e-08 0.093270555 4.006266e-07
0.34149364 0.007927542 0.008404397 0.01871937 0.013581742 0.02124787 0.0011440312 0.3846809 0.0003797188 0.041733187 0.009452855 0.00375443 0.43103847 0.01208344 0.0011625335 0.44855222 2.5099664e-05 0.008664312 0.50747937 0.0024003591 1.1403959e-05 0.0034678255 0.57307357 0.1717209 2.907899e-05 5.0801812e-23 0.06903223 0.023730915 7.423244e-05 2.4551364e-05 0.79156774 1.0067257e-06 0.00019797412 0.24554588 0.91298044 0.00035519642 0.14007708 0.013054006 0.105041735 0.00016890769 0.031262673 0.40317574 0.4848671 0.0024438256 0.031039685 8.084013e-06 0.012085919 0.00069306983 8.384414e-05 0.023334118 0.17053428 0.0019687146 0.000113530084 0.00036055624 2.5317457e-08 0.010901129 9.949012e-05 0.050528966 0.00642475 0.014124124 1.5431618e-07 0.00017588309 0.04244722 0.018018547 0.026978005 4.4031262e-06 6.1860067e-07 0.013452127 0.009006413 1.6037822e-05 1.9239755e-05 0.00024227954 0.0003825479 6.5444797e-06 5.706748e-06 5.576407e-06 0.00917029 0.00087292277 0.00048273298 0.026576364 0.00034882393 0.027035221 0.0073380903 9.272505e-06 0.0014748579 1.91809e-06 0.033736024 0.00505154 5.2844746e-07 0.00041461713 7.6106175e-05 4.313986e-06 0.0061408 0.013192204 0.0007701077 1.0057511e-09 0.0010228783 3.8773927e-05 0.0007023093 4.8264777e-05 0.001126885
0.0059631835 0.0823016 0.05676193 0.17153534 0.019269738 0.24479835 0.03314227 0.31470808 0.007855683 0.012631911 0.041076902 0.36238074 0.5663659 0.0040620547 0.0136100855 0.37715843 0.00018858099 0.0027690886 0.024483856 0.23075666 0.0010477955 0.0028471458 0.2614144 0.834738 0.0010307952 0.06903223 1.353986e-19 0.002448963 0.0010168878 0.00023003605 0.04989254 4.084005e-05 0.0005928085 0.0066251047 0.011656271 0.00014385751 0.33479115 0.0011216094 0.0026283509 0.00038548379 0.0022290342 0.024463322 0.0065280613 0.00021291054 0.0017857308 0.0005666369 0.0012449658 0.0001156758 6.7438225e-05 0.0012886385 0.0028852543 0.000175164 0.00010489027 0.00021142981 0.00011180185 0.31697118 0.00022646836 0.0004029496 0.00012331369 9.9315315e-05 2.3554812e-05 0.00027416923 0.0011175814 0.00028099798 0.00053830264 8.559021e-06 0.0018712252 0.00026220508 0.0001851689 0.5439091 0.00019752131 8.3677114e-05 4.6992307e-05 0.0002752764 3.307656e-05 2.900872e-05 0.000121236546 0.00020740388 0.012726164 0.0003576599 0.011807553 0.0003847116 0.0008204938 0.00022074892 7.934753e-05 4.166718e-06 0.0018413627 0.00064051006 0.0001164155 6.329854e-05 0.0017797037 9.616611e-05 0.000703678 0.00040415864 0.000131446 1.1160507e-06 0.00048985466 0.00013496504 0.00034239562 0.00023210705 0.0005464262
0.90189606 0.046202626 0.084603556 0.051027533 0.2454689 0.040768664 0.037741564 0.22432427 0.017608695 0.5876325 0.016106268 0.0067187543 0.019384325 0.77211684 0.003007469 0.013697903 0.0004469236 0.74027884 0.5900078 0.0020099666 0.0015755936 0.6490054 0.004699003 0.0032658847 0.0033004358 0.023730915 0.002448963 1.33818024e-20 0.017239047 0.00873295 0.0043760943 0.00011118938 0.025722139 0.5352085 0.012342411 0.36606318 0.0003048317 0.75039005 0.4181611 0.010679435 0.4576638 0.00047683058 0.0068706837 0.4898195 0.3004044 0.00020562622 0.23812282 0.22631021 0.036079254 0.09715609 0.0016658284 0.3818297 0.040128965 0.089284815 1.8927725e-05 1.10901055e-05 0.0019908105 0.0007266171 3.264404e-05 4.600541e-05 4.3082287e-05 0.007840329 0.0049882997 0.00071822404 0.007495681 9.716569e-05 0.0012943966 0.00054913963 0.00028311112 4.4020032e-07 0.00012364612 0.022638535 1.0122108e-05 0.0003399688 6.3824635e-05 0.0006230456 1.7625545e-05 0.050951187 3.3609296e-05 0.3312294 2.3180739e-05 0.046410374 0.00080843095 4.9239793e-06 0.21450727 3.255065e-05 0.014063512 2.8609275e-05 0.0016652906 0.013079577 3.3685847e-06 0.00010852194 0.0012988792 0.051010597 0.037676807 3.2364558e-05 3.8197973e-06 0.0010036571 1.2630849e-05 0.001698312 0.00016664845
0.6370442 0.008250405 0.011330192 0.0063051675 0.019548852 0.03980126 0.10165313 0.008258002 0.124613106 0.01584136 0.014615848 0.0027796894 0.00020267745 0.021909738 0.003532476 0.00010800272 0.012162137 0.051277015 0.005927041 0.0022521876 0.057644356 0.19995736 3.0990755e-05 0.00062031596 0.1850287 7.423244e-05 0.0010168878 0.017239047 3.688284e-21 0.9140408 5.8318627e-05 0.00510545 0.87686914 0.001529439 6.8913614e-05 0.4785918 4.8751397e-05 0.010117727 0.000825384 0.7737023 0.0026632873 4.2342057e-05 6.725929e-05 0.059674498 0.0009464364 0.03033539 0.0015239302 0.098196365 0.17029963 0.0005974001 2.6312653e-05 0.010229053 0.12941526 0.08585657 7.041701e-06 1.3719432e-05 0.1324142 5.00551e-06 1.0518383e-05 1.9689738e-05 1.64948e-05 0.34720507 0.00015197265 1.6958762e-05 0.0001912931 0.0012283236 5.445438e-06 1.5465179e-05 8.195592e-06 1.6089524e-07 0.0013326695 0.18124229 3.1444238e-06 0.008719909 6.435074e-05 0.048248824 3.7232073e-06 0.20667386 2.6716898e-05 0.015864195 2.3312183e-05 0.0010776361 6.4752174e-05 3.4535133e-06 0.05444937 2.1090029e-05 0.0011005555 4.4273884e-06 5.078421e-05 0.10448549 2.5228135e-06 0.00029938793 3.433712e-05 0.0037739996 0.011968118 7.864888e-06 7.7613583e-07 0.030212693 3.036975e-07 0.014806417 2.8619058e-06
0.61948115 0.004925332 0.006152305 0.0034616948 0.009081892 0.033126883 0.13154154 0.0025272495 0.14874679 0.0057707266 0.014441229 0.0015204926 0.00013703501 0.007978518 0.003452047 6.899166e-05 0.01791239 0.02295968 0.0013614246 0.0013468165 0.09208061 0.093487486 1.950092e-05 0.00038784966 0.36492303 2.4551364e-05 0.00023003605 0.00873295 0.9140408 1.9805709e-20 4.8650654e-05 0.012895291 0.83507675 0.00078259374 4.5879926e-05 0.4816374 2.8187951e-05 0.0065195938 0.0005096559 0.8996506 0.0016789727 2.8606544e-05 5.103074e-05 0.027675485 0.0005544712 0.10797878 0.00087075273 0.080787286 0.17830049 0.00031232287 1.6074986e-05 0.005388738 0.13666347 0.07647922 1.0251366e-06 2.6248529e-06 0.29568225 2.624172e-06 6.3292227e-06 1.2503116e-05 7.3217498e-06 0.4329753 0.00012498723 6.725758e-06 9.2211674e-05 0.0035002828 1.0476391e-06 5.6746203e-06 2.729144e-06 6.621863e-08 0.006042481 0.19649975 1.0440674e-06 0.035400007 3.78323e-05 0.15268295 1.6480906e-06 0.22201487 7.40043e-06 0.007774757 9.03556e-06 0.00036054832 2.4974737e-05 2.8648412e-06 0.044538945 2.353375e-05 0.0007531615 1.2620271e-06 2.9608156e-05 0.12277328 5.7796893e-07 0.00092593953 1.514465e-05 0.0015476578 0.008446903 2.4593296e-06 3.370861e-07 0.07335701 8.8129106e-08 0.047784165 5.949614e-07
0.08666043 0.0011639303 0.0009992525 0.002273229 0.00091063185 0.0044843825 0.00027638834 0.0813709 0.00011196819 0.006499818 0.0022495417 0.00090274983 0.32987973 0.00209192 0.00040848754 0.42221457 1.646412e-05 0.0018490492 0.07519978 0.0007682922 1.7662918e-05 0.0006391237 0.7701049 0.24222729 2.8515382e-05 0.79156774 0.04989254 0.0043760943 5.8318627e-05 4.8650654e-05 2.3436625e-23 7.7200554e-07 0.00013921954 0.036695115 0.6358983 2.4888024e-05 0.46106315 0.0026917534 0.020624042 0.00025294774 0.006102305 0.8557574 0.28471956 0.00015164242 0.0057563693 1.9163976e-05 0.0032039112 7.745336e-05 3.3570952e-05 0.0046491567 0.11143461 0.00024639405 4.1183845e-05 6.074747e-05 2.1352847e-08 0.07075416 5.2086034e-05 0.042226292 0.03885005 0.055150818 6.783488e-08 4.907106e-05 0.015618527 0.017084552 0.0073759914 4.426139e-06 8.922885e-08 0.0108262235 0.008060842 6.146806e-05 5.2014675e-06 3.6792746e-05 0.0039295293 2.0696048e-06 2.246087e-06 2.5197023e-06 0.00826324 0.00022978414 0.00144049 0.005339613 0.001099528 0.006287316 0.0074264016 0.00149756 7.048719e-05 1.6228487e-06 0.012714191 0.0034614322 2.8879836e-07 7.538662e-05 0.00036575788 3.6427703e-06 0.0056444174 0.003617405 6.184804e-05 9.71724e-10 0.0012307748 1.1982393e-05 0.00078500697 8.200823e-06 0.0011369467
