2.0358694e-21 0.95459634 0.9235121 0.97433084 0.934425 0.9189573 0.95499593 0.9403365 0.97746927 0.8907039 0.9203161 0.88707626 0.9258143 0.8988825 0.9177813 0.99386257 0.95080554 0.9373864 0.9443331 0.7441184 0.98476136 0.86384773 0.50083095 0.9722601 0.94687563 0.6006465 0.7689066 0.73542637 0.9670002 0.49775282 0.8780379 0.55532837 0.99041814 0.8709132 0.9405444 0.30315146 0.34583247 0.92669785 0.84686023 0.74361485 0.4145077 0.94229984 0.57970387 0.76633877 0.931775 0.6802122 0.7295642 0.97003174 0.2630899 0.17954768 0.3574751 0.9771524 0.06739386 0.05061723 0.094538786 0.97199917 0.02859271 0.042625535 0.06326151 0.013033996 0.016030002 0.0030087456 0.96739703 0.3584142 0.9887795 0.91814256 0.879978 0.3581206 0.014249522 0.00249447 0.37057054 0.17965221 0.7845617 0.95766574 0.020261774 0.93309534 0.65440774 0.9984878 0.62936836 0.95961326 0.85592085 0.9959366 0.061317902 0.09341136 0.94348675 0.00041551646 0.9903195 0.0011532545 0.04549074 0.060732167 0.94058007 0.999496 0.92500305 0.95346665 0.93464726 0.02634005 0.057488203 0.00030777854 0.019981638 0.54098445 0.00021012285
0.95459634 1.5193751e-18 0.9717517 0.60536444 0.57423276 0.023430152 0.62073565 0.3385867 0.32304716 0.00076193636 0.3819855 0.2924914 0.69406515 0.048504937 0.75812805 0.006838616 0.37105745 0.24763004 0.062406804 0.043256674 0.34032205 0.04247641 0.23317556 0.012695114 0.011884838 0.04702105 0.000100877565 0.013636577 0.0013994736 0.36378044 0.00869023 2.4291356e-05 0.0001986347 0.0020951675 0.00015961888 0.00033232488 4.655907e-05 9.387112e-06 0.0018794013 0.00040394827 0.012221761 0.047420345 0.0014230856 0.00017212481 6.499476e-05 8.170437e-05 0.00018812616 0.004900937 1.9870117e-06 0.017115187 0.00025989674 0.00084664894 0.07567484 0.0001729891 0.045143485 0.019466218 0.00036900607 0.00024489476 4.6240293e-05 0.0036867983 0.00011699783 8.273629e-06 6.901805e-05 2.9883977e-05 0.031620584 1.687408e-05 7.543249e-07 3.2243282e-08 1.73552e-05 0.0001064941 9.025892e-07 1.7231104e-06 3.4863072e-06 4.468449e-08 0.00026241745 1.5505074e-06 7.249348e-07 0.05213504 0.0008814101 0.0009516266 0.00032043847 0.012407532 1.2045252e-06 1.0526565e-08 0.00035128449 1.2008063e-05 0.00035815572 4.205604e-05 1.4990366e-07 3.9573607e-07 2.9481756e-05 0.027746335 9.933443e-09 0.0004386858 5.048626e-05 9.400872e-08 9.680432e-07 1.9599108e-08 1.8313959e-06 1.06993774e-07 9.9060435e-06
0.9235121 0.9717517 3.5975786e-17 0.11596987 0.7443943 0.0014831069 0.6039756 0.5128542 0.48975947 6.398516e-05 0.64428294 0.065864764 0.75642824 0.17853615 0.62499386 0.0002999429 0.19158354 0.07261207 0.0075652087 0.14496048 0.252301 0.12648208 0.31924802 0.032835726 0.036625795 0.0128582055 8.0808595e-06 0.0038072867 0.019681962 0.3104652 0.030986376 1.6386433e-06 2.5406358e-05 0.0043942444 0.001478903 0.0001327571 6.2861945e-06 5.7878315e-05 0.0040262733 0.00097446836 0.032899585 0.011679805 0.005030126 3.5360772e-05 1.3960624e-05 1.1669422e-05 0.00033114484 0.012140676 1.1864384e-07 0.0026140087 0.00087828835 0.0016119152 0.07320878 0.00058360526 0.06931598 0.0050758524 0.0007592431 0.0012836097 5.75066e-05 0.0039067864 0.00035784265 1.1122469e-06 0.00018021141 4.0860814e-05 0.008717227 0.00013377202 9.395106e-07 1.16271856e-07 5.1151135e-05 0.00039520997 1.0989571e-05 3.8349012e-06 1.7823771e-05 1.812292e-07 0.0010370071 8.749125e-06 1.3813427e-06 0.021758264 0.0003087148 0.0014685511 0.0013790453 0.0046353573 1.1299992e-06 3.190145e-08 0.0014548774 4.3588832e-05 0.001275583 1.5067937e-05 6.810742e-07 1.0137118e-07 6.647639e-05 0.008961685 2.2228743e-08 0.0009973394 0.00014616948 2.0337048e-07 4.5662e-06 7.630955e-08 3.438344e-06 2.5956878e-08 1.7005728e-05
0.97433084 0.60536444 0.11596987 6.4953125e-18 0.0070522157 0.96549565 0.032779276 6.412994e-05 1.2967861e-05 0.255933 0.00023649586 0.7245402 0.0039995834 1.5314494e-05 0.79482925 0.44524714 0.094560124 0.2521024 0.3794781 2.2146698e-05 0.008579191 2.4303981e-05 0.10335431 3.355626e-05 8.2029936e-07 0.7672996 0.003905462 0.7843825 1.5308535e-05 0.15943573 4.960509e-07 0.0008107999 0.0023361226 1.8236516e-07 3.6620356e-06 0.56959605 0.00090604153 1.5768073e-08 1.28406e-07 1.7300648e-07 6.659974e-05 0.2842615 2.4893613e-06 0.0017661208 0.00016758876 0.026897807 1.3167006e-06 0.0015048907 2.8895018e-05 0.5583469 7.854817e-07 0.00015573927 0.0128799835 1.105588e-05 0.00097351294 0.086838245 1.815468e-05 1.7771477e-05 5.303289e-06 0.0055737467 2.1082466e-05 0.006575338 1.1651551e-05 1.9659408e-06 0.062415414 3.4267523e-06 2.0285725e-06 7.2494447e-07 1.5362955e-05 6.671095e-06 1.4649846e-07 5.571086e-08 1.1198703e-05 1.3692721e-06 0.00012425016 2.0134707e-05 7.943547e-06 0.037148535 0.004721949 0.0018678762 0.0011757617 0.021344539 6.438594e-06 4.918258e-06 0.0005732492 2.2814545e-05 0.0007618855 0.0020962616 1.1238491e-05 1.6285153e-08 0.00027654838 0.041456133 1.1021377e-06 0.00028902447 0.00010988591 3.5690198e-06 0.00011336488 3.4423235e-06 0.00035879517 3.5544966e-07 7.100291e-05
0.934425 0.57423276 0.7443943 0.0070522157 3.460602e-17 6.991718e-05 0.9625076 0.67433316 0.7748369 9.480381e-06 0.4339601 0.03956709 0.32253203 0.26074007 0.07768528 6.420528e-05 0.2861579 0.057463787 0.005068444 0.102181375 0.7178783 0.08134855 0.05924503 0.2599758 0.11781421 0.00081103685 4.829284e-06 0.00032156994 0.447035 0.03123741 0.051409982 3.248074e-06 1.0347284e-05 0.026139067 0.04013899 9.908064e-06 2.4924946e-06 0.0011647076 0.012136896 0.004085511 0.017446855 0.007916119 0.004629166 2.3609417e-05 1.0188954e-05 3.059156e-06 0.0011780226 0.1174946 2.1622161e-07 0.00030098876 0.0012413705 0.01349709 0.0055987085 0.0005788339 0.0082341805 0.003569313 0.0006668812 0.00059946236 8.3016595e-05 0.00044063258 0.00033707908 1.4840081e-06 0.0065975077 0.00015560017 0.007093719 0.0025264542 0.00027538353 2.3898983e-06 0.0001291444 0.0002993962 7.933095e-05 4.59308e-05 0.0006741954 4.39315e-05 0.0013382358 0.00020049355 4.010282e-06 0.034786355 9.6957236e-05 0.0064211925 0.0034098548 0.0026525261 4.8945676e-06 3.0919225e-07 0.0023726928 8.020341e-05 0.0014711709 1.3692612e-05 4.4229578e-06 1.3115904e-07 0.00085746706 0.01136854 1.5143263e-07 0.0012280717 0.00028329613 6.905735e-07 1.5117637e-05 4.2979195e-07 1.9096075e-05 4.1747956e-08 3.3136486e-05
0.9189573 0.023430152 0.0014831069 0.96549565 6.991718e-05 3.9385373e-19 0.0010095731 4.160043e-06 1.5881049e-06 0.956787 7.895798e-06 0.40448073 0.0003847872 2.4779213e-06 0.15510286 0.6068246 0.015539546 0.0645556 0.19896081 1.3182699e-06 0.00046902162 8.7071436e-07 0.007788379 8.403394e-07 4.7875773e-08 0.6164734 0.060079962 0.7351964 3.471015e-07 0.020628346 1.6679582e-08 0.02710816 0.01297815 2.7163011e-08 8.2960824e-08 0.73779124 0.07526461 3.9697436e-09 3.3006315e-09 5.023646e-09 2.6339756e-06 0.18453828 2.6858078e-08 0.003707071 0.0011107137 0.39856657 1.9484764e-07 2.8628241e-05 0.00085435883 0.45491937 3.3522912e-08 1.3326357e-06 0.00093792105 2.4383448e-07 0.00017124607 0.09876561 6.767692e-07 1.1135991e-06 9.569226e-08 0.000250891 1.0149864e-06 0.015206036 5.6949693e-07 2.1373883e-07 0.06903248 1.1006677e-07 4.3421608e-08 1.1839557e-08 1.0543768e-06 2.1463474e-07 4.7011245e-08 3.9549473e-08 1.6362485e-07 3.0575052e-08 5.7698315e-07 3.7191808e-07 3.964065e-07 0.031007685 0.0032325385 0.0004182922 7.415213e-05 0.029337278 3.181142e-07 1.8481332e-07 9.177433e-05 3.3211023e-07 0.00027269588 0.00025420863 2.0327604e-07 1.2583189e-05 1.692187e-06 0.02746025 1.7482552e-08 4.920808e-05 7.659858e-06 8.23248e-08 9.887407e-07 8.60516e-09 0.0030738632 1.8658436e-06 1.056893e-05
0.95499593 0.62073565 0.6039756 0.032779276 0.9625076 0.0010095731 4.0888493e-16 0.24682388 0.43663332 0.00016707937 0.14295985 0.27289227 0.16455357 0.052617718 0.06656802 0.00084928033 0.72282636 0.31503463 0.029412774 0.020705763 0.8123126 0.019017562 0.028214332 0.13789494 0.032410786 0.0019730595 3.8314745e-05 0.0006451896 0.0736775 0.018285787 0.013384738 2.0041467e-05 0.00015863325 0.010397273 0.009859255 1.1906824e-05 4.4537057e-05 0.0005108418 0.0024980386 0.0012188797 0.005837205 0.04607062 0.0010398537 0.00021837339 7.490375e-05 9.216705e-06 0.0008985853 0.14672536 3.6529077e-06 0.0012049311 0.00021800342 0.011960268 0.0039367103 0.00022170653 0.0045706052 0.01746864 0.000300613 0.0003187059 3.1102732e-05 0.0004646209 0.00025665754 5.0580597e-06 0.0062434403 0.00020191442 0.032613285 0.0025380377 0.0004739257 1.1334337e-06 3.521663e-05 0.00030930093 0.00016712895 0.00011544368 0.0007816196 0.00010169272 0.000296998 0.0004199492 1.20664145e-05 0.094641864 0.0006846701 0.012725121 0.0053915833 0.01005875 3.8715307e-06 1.4880754e-06 0.0026553115 7.9645935e-05 0.0024900655 2.0965255e-05 6.325998e-05 3.8313462e-07 0.00091299706 0.06743326 1.1149518e-06 0.0019749175 0.001255298 2.7070614e-06 1.3597228e-05 9.062415e-08 5.2684504e-06 1.3840439e-07 6.896739e-05
0.9403365 0.3385867 0.5128542 6.412994e-05 0.67433316 4.160043e-06 0.24682388 2.0588989e-16 0.9536581 1.9413808e-06 0.8818978 0.0063588484 0.108014725 0.9554219 0.007077583 3.78587e-06 0.036688317 0.020013042 0.0005545484 0.546506 0.21766922 0.39764413 0.016537761 0.08471885 0.5301511 6.7797344e-05 1.9100844e-07 4.6644955e-06 0.2511024 0.0056111896 0.46728706 5.0194725e-08 2.5896647e-06 0.12188307 0.038075875 1.988832e-06 4.0763624e-07 0.0010545285 0.14761712 0.022404822 0.05539521 0.00079103035 0.07760407 1.7748298e-06 4.4961666e-06 3.2689084e-07 0.0020865921 0.027497713 9.827351e-08 0.00013174619 0.020950962 0.0029864688 0.003081101 0.006995019 0.012545792 0.0006434592 0.006543394 0.006856758 0.005024284 0.00015279182 0.0056217904 4.0012505e-06 0.00039606795 0.00032020814 0.0012277719 0.00022055594 6.1109095e-06 1.3147452e-05 0.0029316032 0.00013533933 4.1019e-06 2.0889245e-06 1.5017174e-06 5.8144417e-07 0.0052407915 3.6428464e-06 2.2495171e-06 0.010424941 0.00020397312 0.00069464935 8.169883e-05 0.0021952498 0.00063406595 1.5518351e-07 2.870901e-05 0.00016759995 7.37908e-05 2.4422383e-07 2.0158618e-06 3.1427234e-08 2.7332193e-05 0.004291911 4.4208313e-08 1.5851112e-05 4.639041e-06 8.1652836e-08 0.000107888445 7.475609e-07 6.266245e-06 1.785687e-08 1.763559e-06
0.97746927 0.32304716 0.48975947 1.2967861e-05 0.7748369 1.5881049e-06 0.43663332 0.9536581 2.0945072e-16 4.7231913e-07 0.82408607 0.014247267 0.059685625 0.8417437 0.005199199 5.475527e-06 0.06851886 0.03653032 0.0005025847 0.3864432 0.43687865 0.25531426 0.01619667 0.30806208 0.712076 3.0094614e-05 2.6916632e-07 2.6559278e-06 0.715436 0.005748829 0.43235368 1.0243064e-07 3.4398263e-06 0.3744298 0.14340848 1.2708995e-06 6.938234e-07 0.004993626 0.2464171 0.07162668 0.043404702 0.0012662902 0.07973543 3.6010829e-06 3.7449333e-06 1.3894564e-06 0.011278444 0.10318376 2.2110717e-07 0.00031815743 0.036810677 0.017961547 0.00198985 0.011711527 0.014393731 0.0008974393 0.009790649 0.0065009147 0.00837433 0.00028524315 0.007931628 2.13639e-05 0.0016935803 0.0010833918 0.0022037555 0.0027477664 4.6285473e-05 3.258171e-05 0.0049391026 0.00020991193 3.266951e-05 2.5871479e-05 4.3609332e-05 7.868579e-06 0.0057338066 2.465521e-05 1.9398994e-05 0.020316731 0.00021871166 0.0053692325 0.0010615732 0.0039646705 0.0019056833 1.3173438e-06 0.00038365967 0.0001341145 0.0009207157 1.7700772e-07 8.8031455e-05 8.68802e-08 0.00033489335 0.0047807912 9.70428e-07 0.00033440185 0.00013706951 8.642623e-07 0.00029599786 1.4117529e-06 2.3962855e-05 5.6752913e-08 3.8697585e-06
0.8907039 0.00076193636 6.398516e-05 0.255933 9.480381e-06 0.956787 0.00016707937 1.9413808e-06 4.7231913e-07 7.463611e-17 2.2544114e-06 0.087852746 6.357601e-06 8.541819e-07 0.012407207 0.8413183 0.0017763996 0.008361231 0.04364869 1.6324736e-07 4.5443638e-05 5.517038e-07 0.00061565917 1.1119107e-06 4.141217e-08 0.19964352 0.4945082 0.50528294 3.9227763e-07 0.0017276958 1.631525e-08 0.5423453 0.1618862 1.8030113e-08 5.414926e-08 0.7058095 0.8641185 6.7115553e-09 4.110595e-09 7.475565e-09 9.90917e-08 0.10913247 2.1410553e-08 0.034089454 0.007832194 0.77652866 3.0733133e-07 6.0672755e-06 0.13138868 0.20814054 4.2293273e-08 3.621673e-07 1.4706443e-05 4.346874e-07 4.3778175e-07 0.08411997 5.9493533e-07 2.0637165e-07 6.3173125e-08 2.3458528e-05 1.8086972e-07 0.01118116 2.5835666e-06 8.888285e-08 0.04658994 1.3944349e-07 1.30477e-07 3.3751636e-08 1.9926792e-07 6.8252646e-08 4.0393817e-07 5.39443e-07 4.836227e-07 4.6988185e-07 2.0038915e-08 1.0767895e-06 3.227694e-06 0.019765042 0.005140362 0.00013514419 1.63205e-05 0.041846532 1.8577391e-07 1.2450328e-06 5.9267015e-05 1.145341e-07 0.00020880302 7.1392176e-05 3.4223956e-06 0.0021495873 2.2667848e-07 0.034815323 1.1517311e-07 6.381641e-05 4.522878e-06 1.3577571e-07 8.773627e-07 7.7912704e-10 0.0347793 5.325267e-05 1.2842848e-06
0.9203161 0.3819855 0.64428294 0.00023649586 0.4339601 7.895798e-06 0.14295985 0.8818978 0.82408607 2.2544114e-06 3.0665068e-18 0.0052770777 0.47631934 0.91037005 0.0046779364 2.6302316e-05 0.02644287 0.021701349 0.00045337997 0.92640126 0.10792206 0.885928 0.055243637 0.022242934 0.27481648 5.1173676e-05 3.0140512e-07 1.4025511e-06 0.035425372 0.0052283537 0.48607415 7.708413e-08 9.269917e-07 0.009359278 0.01000842 1.1723716e-06 1.2199e-07 0.00010110796 0.04555113 0.0019554945 0.2675092 0.00076089805 0.15573737 3.991509e-06 3.095659e-06 6.200917e-08 8.041664e-05 0.011274412 3.5594816e-08 0.0005118561 0.01634888 0.0006962663 0.0052148914 0.005583949 0.021889828 0.0010539866 0.008371475 0.008886371 0.0020033538 0.00022171352 0.0070863594 3.4331472e-06 3.1317868e-05 2.3464325e-05 0.00094521826 2.4056228e-05 6.7615116e-07 3.6978474e-07 0.0017288354 0.00022809443 2.4202247e-06 1.8851874e-06 3.2442617e-07 1.2451817e-07 0.011056034 5.0927423e-07 4.172923e-07 0.007050995 0.0005631317 0.00053394475 2.162878e-05 0.0028067122 5.7703604e-05 6.322412e-08 1.1433821e-05 0.00034543697 2.3076322e-05 6.093916e-08 1.4301077e-06 2.7047621e-08 2.153109e-05 0.002798082 6.193423e-08 3.488056e-06 9.3113835e-07 1.0617998e-07 2.624118e-05 1.3180802e-06 3.2928021e-06 2.244316e-08 2.3814418e-06
0.88707626 0.2924914 0.065864764 0.7245402 0.03956709 0.40448073 0.27289227 0.0063588484 0.014247267 0.087852746 0.0052770777 7.429317e-19 0.014642698 0.0010940084 0.06903483 0.5407127 0.4961407 0.95974624 0.9834548 0.0003528018 0.065814875 0.0004038273 0.0064771795 0.0055214735 0.0008845173 0.016151406 0.032016825 0.039453555 0.004723632 0.0018296059 2.2997383e-05 0.004857078 0.02422991 0.00031752876 0.0017884005 0.0024133173 0.0024163285 0.00013654228 2.5546633e-06 1.2680514e-05 1.9087152e-05 0.6290233 1.581445e-05 0.0016037105 0.0010089013 0.0004106235 6.34999e-06 0.07965642 0.00023144727 0.0028929336 9.637359e-07 0.007845063 0.00043523393 2.596938e-06 0.00022656751 0.120620206 3.1796328e-06 2.1554467e-07 2.3778483e-07 6.0428178e-05 7.3584897e-07 8.270454e-05 0.0035240604 5.2708606e-07 0.12672423 0.00032474054 0.00013148223 3.9684583e-08 4.1843563e-07 6.325268e-07 2.386754e-05 1.4045357e-05 0.00032782074 3.2445232e-06 2.5012587e-05 0.00017829901 1.3110497e-06 0.15943252 0.0017859888 0.022670463 0.0020150286 0.024209516 2.2301077e-07 4.3624135e-09 0.0012900052 5.5155465e-06 0.0014624227 9.672294e-05 6.9254486e-07 0.00014041882 9.646905e-05 0.08704545 2.7795341e-08 0.00042339365 0.0001884713 1.8076634e-08 5.281315e-07 1.2156511e-08 0.00012265243 3.4740137e-06 1.6403954e-05
0.9258143 0.69406515 0.75642824 0.0039995834 0.32253203 0.0003847872 0.16455357 0.108014725 0.059685625 6.357601e-06 0.47631934 0.014642698 3.982124e-18 0.038562495 0.4755421 4.537218e-05 0.016729169 0.02142998 0.00057873403 0.14413254 0.03188098 0.75108373 0.9864818 0.0031118637 0.0025765065 0.0007265291 5.0285735e-07 2.0349718e-05 0.0018629625 0.36123872 0.0052984715 7.971466e-08 1.0775513e-05 2.0208423e-05 0.0015667009 4.2121823e-07 1.0759544e-07 5.482364e-07 6.5377644e-05 1.3366382e-05 0.43947592 0.0012103601 0.0016720347 2.1580527e-05 2.032589e-06 3.2263415e-07 1.8577667e-06 0.0027257774 2.8739809e-08 0.00047554047 4.6082256e-05 4.5120316e-05 0.18774211 0.00048270126 0.39886597 0.00041863805 0.00072307786 0.045996662 2.7122984e-05 0.008659595 0.0010714502 1.0515167e-06 0.0001340039 8.711396e-07 0.0006029526 1.2110643e-06 4.9448213e-06 1.0728962e-08 5.6062767e-05 0.01827923 1.9267422e-07 7.810457e-08 2.9621202e-07 2.386307e-06 0.063419946 1.5739499e-06 3.5838189e-06 0.004922118 0.007918524 0.0011787453 0.00012893655 0.006123073 3.6021697e-07 2.430345e-07 5.053749e-06 0.00031249478 1.8569086e-05 7.543684e-06 2.8813772e-06 9.290352e-09 1.823803e-05 0.002701227 1.2854084e-06 1.5154337e-06 3.8084684e-07 1.2753445e-06 1.4433338e-06 1.2299749e-06 1.2098199e-06 6.745925e-09 5.850664e-05
0.8988825 0.048504937 0.17853615 1.5314494e-05 0.26074007 2.4779213e-06 0.052617718 0.9554219 0.8417437 8.541819e-07 0.91037005 0.0010940084 0.038562495 5.379471e-16 0.0014040375 8.459564e-06 0.010878023 0.0053169345 0.00010127809 0.71314836 0.07808228 0.4848747 0.011373198 0.04763367 0.89626265 8.307643e-06 4.2426896e-07 4.170532e-07 0.2988879 0.0018915863 0.75189006 8.2834966e-08 4.3983887e-06 0.43507475 0.04098167 6.5996056e-07 5.5247887e-07 0.0019790845 0.48712575 0.09574552 0.083909325 0.00029313698 0.23904927 2.251833e-06 6.746784e-06 3.9495256e-07 0.0053227386 0.0270819 1.4066279e-07 5.8312125e-05 0.07704859 0.0034712038 0.0006602225 0.014364016 0.006111857 0.0001415929 0.012502158 0.003910544 0.009758401 3.738837e-05 0.011483839 1.417592e-06 0.000627415 0.0024004427 0.00035847435 0.0017364505 2.714459e-05 9.574347e-06 0.0038293193 8.176158e-05 1.1848544e-05 6.7056926e-06 1.2867761e-06 3.9056e-06 0.004096226 3.2832695e-06 8.741503e-06 0.006212265 0.00016079043 0.001976734 0.00016244051 0.0017951672 0.0009877437 2.4942935e-07 4.4011806e-05 0.0003085391 7.4753596e-05 3.904095e-08 1.4083395e-05 5.1389762e-08 7.068935e-05 0.0021938276 4.307571e-07 3.6510915e-05 1.1261066e-05 3.706473e-07 0.00015354248 6.5995714e-06 3.2435332e-06 3.3957427e-08 1.186619e-06
0.9177813 0.75812805 0.62499386 0.79482925 0.07768528 0.15510286 0.06656802 0.007077583 0.005199199 0.012407207 0.0046779364 0.06903483 0.4755421 0.0014040375 2.1769036e-17 0.0039204354 0.022868358 0.05191723 0.015186753 0.00070306694 0.015282368 0.0040818015 0.9056046 0.00044945828 5.743009e-05 0.5832682 0.00015256948 0.03817294 0.00017196732 0.9777537 2.9425019e-05 4.778398e-05 0.00026660052 3.0921717e-06 0.00010767855 0.0018456588 4.796977e-05 3.3598255e-08 1.5438425e-06 6.217969e-07 0.00096483494 0.007882448 6.536078e-06 0.00056141394 0.00012469139 9.515984e-05 6.6165893e-07 0.00050119613 2.3613302e-06 0.16383728 7.586846e-07 6.9913544e-06 0.40516198 2.7055763e-05 0.21512929 0.0042512417 8.0406135e-05 0.00044630113 4.3862156e-06 0.24921507 5.886382e-05 0.00048356096 2.4780808e-05 1.1189266e-07 0.013521511 3.1702132e-06 4.3141404e-07 2.5430028e-08 1.6308319e-05 0.00742157 2.5249764e-07 3.19065e-08 1.156541e-07 4.8148553e-07 0.006922891 4.7105195e-07 2.0590428e-06 0.007463051 0.0047431616 0.0010525412 6.7520465e-05 0.013817587 8.398503e-08 4.121596e-08 4.6202036e-05 3.963241e-05 6.328278e-05 0.005656593 3.533692e-06 8.8905395e-08 3.653244e-05 0.0074062096 3.9051096e-07 1.4792343e-05 6.6755565e-06 6.629029e-08 1.2403427e-05 2.2694086e-07 1.2431942e-05 2.3223112e-07 0.0029112273
0.99386257 0.006838616 0.0002999429 0.44524714 6.420528e-05 0.6068246 0.00084928033 3.78587e-06 5.475527e-06 0.8413183 2.6302316e-05 0.5407127 4.537218e-05 8.459564e-06 0.0039204354 3.7849143e-13 0.008661705 0.052659422 0.46684432 9.682173e-06 0.00019768093 5.3136693e-05 0.0005540505 4.9603605e-06 2.0788268e-06 0.011240273 0.915429 0.05619582 1.1402454e-06 0.0003407235 3.4394427e-06 0.46045664 0.6183411 6.5707303e-07 7.5731475e-07 0.06963342 0.48364145 2.2748802e-07 2.1693472e-06 1.916691e-06 8.357575e-05 0.7464284 2.6044036e-06 0.009873618 0.0053251223 0.40492937 1.1026555e-05 0.0005125056 0.07299099 0.0021427288 2.8018126e-06 0.00011260438 9.631728e-05 2.1936095e-05 9.1265756e-05 0.5652113 1.3090339e-05 3.8270115e-05 1.4730374e-05 0.0002569627 1.0882742e-05 0.0003228341 1.4483219e-05 5.2346626e-05 0.2790158 0.00034653425 1.1603896e-06 1.8964314e-05 8.373135e-06 3.6995236e-05 2.116949e-06 3.0075867e-06 8.378843e-05 3.450049e-05 0.00046346584 0.0001878284 6.117683e-05 0.2076362 0.0044107633 0.007072826 0.0020621233 0.04267486 0.00020900564 0.000105996405 0.0028356723 2.931747e-06 0.0032984046 3.1467473e-05 2.8495238e-05 0.0006167996 0.00025169263 0.2771963 2.879748e-06 0.00238348 0.0014159898 1.1050989e-05 0.0002506057 8.070463e-08 0.0012436266 0.00026243672 6.948183e-06
0.95080554 0.37105745 0.19158354 0.094560124 0.2861579 0.015539546 0.72282636 0.036688317 0.06851886 0.0017763996 0.02644287 0.4961407 0.016729169 0.010878023 0.022868358 0.008661705 1.2562916e-16 0.96218157 0.111807175 0.0018981732 0.9122332 0.0018418415 0.0032535745 0.12643376 0.0056643104 0.0011650213 0.00060774415 0.0017273069 0.05379433 0.0014480656 0.0010909386 0.00015274287 0.0012873511 0.004652417 0.017905705 4.8447077e-05 8.8724955e-05 0.0016151783 0.00022744539 0.00036850895 0.0002388764 0.25679475 0.00014916618 0.0003155229 7.297292e-05 4.538724e-05 0.00018058786 0.47020426 3.109526e-05 0.0005386973 4.195413e-05 0.120158724 0.00025389125 4.4130287e-05 0.00043382889 0.05145064 3.34292e-05 1.5008233e-05 6.1702603e-06 0.000113858296 1.2114553e-05 0.00018664221 0.051004346 1.1101682e-05 0.08544045 0.0025227033 0.008460717 3.879177e-06 3.7109846e-06 1.700096e-05 0.00030616543 4.885141e-05 0.02838553 0.00091247825 0.0001064613 0.0055920063 5.1034927e-05 0.36492056 0.00042661536 0.13049774 0.026646608 0.006732661 9.332569e-07 6.309928e-07 0.01302598 1.3636056e-05 0.015437117 1.3393089e-05 2.6821057e-05 9.710391e-07 0.0036410585 0.10368177 3.6868628e-06 0.006537805 0.0048982063 4.2947934e-07 1.4396956e-05 1.2026204e-07 2.0151168e-05 3.0727125e-07 1.1792922e-05
0.9373864 0.24763004 0.07261207 0.2521024 0.057463787 0.0645556 0.31503463 0.020013042 0.03653032 0.008361231 0.021701349 0.95974624 0.02142998 0.0053169345 0.05191723 0.052659422 0.96218157 3.2913176e-15 0.55567604 0.00094843056 0.41321614 0.0007202244 0.0028492329 0.045776784 0.005323439 0.0029355187 0.0015393198 0.005617851 0.009660992 0.0015606234 0.00069523917 0.00055156526 0.0026779114 0.0028349059 0.0035040586 0.00017960592 0.0004368901 0.00075057516 8.999171e-05 0.00013911018 4.2549673e-05 0.66361374 6.4571555e-05 0.0007175935 0.00025619534 0.00012775857 0.00014735412 0.17009997 6.775694e-05 0.0010135119 5.9099248e-06 0.024516562 0.0004048399 1.0908033e-05 0.00018129274 0.16691741 1.5028027e-05 1.1715614e-06 1.6529717e-06 6.277355e-05 5.3211925e-06 6.339913e-05 0.00950666 7.1002064e-06 0.11680238 0.0021211964 0.0010170902 1.703129e-07 8.4173416e-07 4.306111e-06 0.00025676598 0.00015765896 0.0016645651 0.00020843258 8.44123e-06 0.0011526323 2.731872e-05 0.3232289 0.00059383654 0.07499123 0.0103708515 0.018006824 2.4922298e-07 6.3295786e-08 0.0072710062 3.228673e-06 0.007576064 9.876447e-05 2.9351337e-05 1.2220274e-05 0.0016589446 0.1790895 1.943298e-06 0.0030393514 0.0022182073 8.295703e-08 1.0401899e-05 8.169159e-09 1.8024812e-05 8.154914e-07 2.0604895e-05
0.9443331 0.062406804 0.0075652087 0.3794781 0.005068444 0.19896081 0.029412774 0.0005545484 0.0005025847 0.04364869 0.00045337997 0.9834548 0.00057873403 0.00010127809 0.015186753 0.46684432 0.111807175 0.55567604 3.4997122e-17 2.0798034e-05 0.008337622 7.01923e-05 0.0028522997 0.0005241369 2.1913578e-05 0.005089296 0.026674809 0.010835256 0.00063485856 0.0009647591 2.16485e-06 0.0036514853 0.029993918 5.296637e-06 0.00021323505 0.0012479791 0.0030008168 1.1966325e-05 3.602685e-07 1.0861015e-06 6.401311e-07 0.92715645 3.0496135e-06 0.0027424598 0.00085498637 0.0006081617 1.203617e-06 0.0690322 0.00024546133 0.0013593968 3.7426463e-07 0.0024802822 2.2966482e-05 2.4619671e-06 1.8283936e-05 0.5411611 2.356844e-06 8.3775797e-07 4.773938e-07 6.3267944e-05 4.586225e-07 0.00013061352 0.0034032792 3.223432e-07 0.26859728 7.5303906e-05 0.00022431245 4.0942822e-08 4.6257452e-07 1.3441488e-06 5.1211322e-05 4.8429796e-05 0.00063367095 1.5375856e-05 2.96964e-06 0.00036048004 6.397597e-06 0.32002935 0.005461286 0.032718845 0.00325968 0.08033217 3.1554802e-07 2.0019966e-08 0.0026895336 3.010769e-06 0.0033255443 3.122381e-05 1.6629727e-06 0.0008438984 0.00019730687 0.17746754 2.0746646e-07 0.0005860031 0.0004161468 1.0171962e-07 4.97661e-07 2.602974e-09 0.00014823602 1.2158652e-05 1.7900034e-05
0.7441184 0.043256674 0.14496048 2.2146698e-05 0.102181375 1.3182699e-06 0.020705763 0.546506 0.3864432 1.6324736e-07 0.92640126 0.0003528018 0.14413254 0.71314836 0.00070306694 9.682173e-06 0.0018981732 0.00094843056 2.0798034e-05 1.4532695e-18 0.018460205 0.979385 0.014609451 0.0076206685 0.31510037 5.1656675e-06 3.2449424e-07 1.1073e-06 0.018929264 0.0010588573 0.7519959 2.5971929e-08 9.3802703e-07 0.008736053 0.006634576 1.6583314e-07 1.0097443e-07 0.00014302756 0.09009528 0.0035970586 0.28775758 2.5460107e-05 0.347557 3.8115496e-07 1.8062744e-06 4.589701e-08 5.5815868e-05 0.0014750786 9.7323625e-09 7.69067e-05 0.034443002 0.00012254591 0.0016542074 0.010011431 0.012358884 3.4509932e-05 0.009192746 0.009983814 0.0025484716 2.8194296e-05 0.008241162 8.218188e-08 2.7405222e-05 3.4067827e-05 9.455303e-05 3.7249036e-05 1.2689956e-06 7.749661e-08 0.003400082 0.00011668205 4.1539734e-06 2.02103e-06 1.6744075e-07 1.893471e-07 0.014327657 2.8699836e-07 7.87811e-07 0.0010980802 0.00012510434 0.00015364648 4.675612e-06 0.0004724129 9.926721e-05 1.5874772e-07 5.08726e-06 0.00044878473 8.833393e-06 4.638536e-08 5.5522435e-07 2.5447687e-08 2.173209e-06 0.00095592526 2.9967254e-07 1.674643e-06 1.05754516e-07 7.160273e-07 1.8607163e-05 5.495511e-06 1.4663692e-06 3.2292643e-08 2.9441523e-07
0.98476136 0.34032205 0.252301 0.008579191 0.7178783 0.00046902162 0.8123126 0.21766922 0.43687865 4.5443638e-05 0.10792206 0.065814875 0.03188098 0.07808228 0.015282368 0.00019768093 0.9122332 0.41321614 0.008337622 0.018460205 1.3618772e-16 0.013907431 0.005301236 0.8254329 0.0482552 0.00033248338 1.411844e-05 0.00013794405 0.373697 0.0009800014 0.009695997 9.254102e-06 0.00013587435 0.036794554 0.20611767 7.683519e-06 1.5890813e-05 0.059229534 0.0038416442 0.003937413 0.0013154965 0.026428167 0.0015323098 4.759124e-05 7.730219e-06 2.5405754e-05 0.0030485159 0.8417242 1.5200793e-05 0.0005342901 0.00031133732 0.31374645 0.00055519136 0.00021244162 0.0006892666 0.0074021807 0.00025803832 0.00012081816 0.00010686046 0.00019191165 0.00024692167 8.21599e-05 0.13168506 0.00026066674 0.025604976 0.06309787 0.054885443 5.5521916e-05 8.648477e-05 8.350906e-05 0.0015976814 0.0006836868 0.052447516 0.0075701056 0.0039685913 0.011498606 0.00015583257 0.2940873 0.00014871334 0.1420273 0.043377716 0.002050076 1.9772666e-05 2.7875883e-06 0.023610359 9.9807485e-06 0.030473303 2.0468553e-06 0.00023537331 5.901893e-06 0.005598097 0.055438295 1.6733875e-05 0.0077169943 0.0043430827 8.485933e-07 8.656968e-05 5.4090624e-08 5.7916903e-05 1.4175805e-07 8.110863e-06
0.86384773 0.04247641 0.12648208 2.4303981e-05 0.08134855 8.7071436e-07 0.019017562 0.39764413 0.25531426 5.517038e-07 0.885928 0.0004038273 0.75108373 0.4848747 0.0040818015 5.3136693e-05 0.0018418415 0.0007202244 7.01923e-05 0.979385 0.013907431 7.079629e-16 0.22517386 0.0030320068 0.12252244 2.226421e-05 2.5180736e-06 1.6708289e-06 0.0050400347 0.004359412 0.64484763 7.078898e-07 4.627799e-06 0.0010573139 0.0010057949 9.949013e-07 5.9326055e-07 1.9880024e-05 0.028428297 0.0002591204 0.75131273 4.382446e-05 0.5110959 2.3939372e-05 4.5308796e-05 2.5499787e-07 1.3092723e-05 0.00062994094 2.1718343e-07 0.00041700032 0.017852547 4.8764647e-05 0.0027385654 0.019702867 0.03371429 0.00010116737 0.023361648 0.091593266 0.0013911529 8.0505575e-05 0.026367547 7.958306e-07 6.9231146e-06 8.0788805e-06 0.0003407524 7.007061e-06 6.7360156e-06 1.6271407e-07 0.0038009253 0.0003006692 4.4430008e-06 7.7956827e-07 6.661353e-07 6.140677e-07 0.069435835 6.6072823e-07 5.681373e-06 0.0010960809 0.00071826164 0.00011117188 1.6748021e-05 0.0017636577 2.0930434e-05 2.337349e-07 6.2876093e-06 0.001665424 5.7374855e-05 2.674541e-08 7.522724e-07 5.8911237e-08 2.2819972e-06 0.0016923501 8.885526e-07 8.296522e-07 5.7780166e-08 1.7687703e-06 7.711525e-06 1.1378394e-06 1.1137132e-05 9.628288e-08 2.9465582e-06
0.50083095 0.23317556 0.31924802 0.10335431 0.05924503 0.007788379 0.028214332 0.016537761 0.01619667 0.00061565917 0.055243637 0.0064771795 0.9864818 0.011373198 0.9056046 0.0005540505 0.0032535745 0.0028492329 0.0028522997 0.014609451 0.005301236 0.22517386 1.00823326e-19 0.0021095602 0.0012369895 0.07458217 1.0254129e-05 0.0014159126 0.002276608 0.85984385 0.0014041231 8.7300805e-06 3.0288824e-05 0.0003393985 0.0010595871 0.00011315468 3.4977397e-06 6.777801e-05 0.0002778559 6.637629e-05 0.23713024 7.399185e-05 0.0011444623 1.3717046e-06 4.2736094e-05 7.0104653e-07 3.2928852e-05 8.29248e-05 1.8187015e-07 0.018109819 0.000525684 5.0474778e-06 0.6865985 0.0005881057 0.85363346 0.0002987391 0.001124426 0.0334993 0.0002615597 0.27405903 0.0013605972 4.6857185e-06 4.5906316e-05 1.3076326e-05 0.0009900803 9.291172e-06 3.4991295e-05 3.483658e-08 0.0005423906 0.088548146 1.5520859e-06 2.3651175e-07 4.091203e-06 5.8036694e-06 0.1961042 9.549544e-06 5.254346e-06 0.00063349295 0.0008827628 0.00021958421 2.067087e-05 0.0015330064 4.6449154e-06 1.3565054e-07 2.8961147e-05 0.0017920259 3.6755573e-05 0.00029154282 8.568711e-07 1.3341489e-08 2.2205344e-05 0.0019707596 1.00003845e-05 7.426625e-06 1.5397086e-07 9.82373e-07 3.0354477e-06 2.4330026e-05 1.0819012e-06 5.045283e-08 0.00066922384
0.9722601 0.012695114 0.032835726 3.355626e-05 0.2599758 8.403394e-07 0.13789494 0.08471885 0.30806208 1.1119107e-06 0.022242934 0.0055214735 0.0031118637 0.04763367 0.00044945828 4.9603605e-06 0.12643376 0.045776784 0.0005241369 0.0076206685 0.8254329 0.0030320068 0.0021095602 3.065785e-16 0.06644961 4.378394e-05 5.4738695e-07 9.168834e-07 0.939779 0.000258058 0.013819833 6.658602e-07 3.0234899e-06 0.10933303 0.8155547 3.6137671e-06 8.9618294e-07 0.5715652 0.016295923 0.029948661 0.00094079814 0.003100283 0.0026127065 5.750202e-06 2.4791125e-06 7.829894e-06 0.037175443 0.8469175 1.6531476e-07 0.0006070549 0.0027793513 0.4558632 2.2330809e-05 0.0009640164 0.00027152966 0.002208664 0.0015552413 6.788792e-05 0.0016259294 2.7095344e-05 0.0011328204 1.5027553e-05 0.14342706 0.0052284864 0.009630195 0.16220644 0.04998071 0.0009451615 0.0009088139 4.342401e-06 0.0013113805 0.0017597598 0.008458644 0.004787357 0.0003075074 0.0013717086 9.284383e-05 0.07171177 6.754571e-05 0.05392111 0.020976532 0.0012505807 0.0020437033 7.0075216e-06 0.01581624 1.7178183e-05 0.016243905 1.14075e-06 0.00065906526 2.4590258e-07 0.011094581 0.022938171 2.9495312e-05 0.0062895343 0.005436701 2.2210502e-06 0.00037750058 7.995082e-08 1.3268651e-05 1.2612906e-08 3.2293356e-06
0.94687563 0.011884838 0.036625795 8.2029936e-07 0.11781421 4.7875773e-08 0.032410786 0.5301511 0.712076 4.141217e-08 0.27481648 0.0008845173 0.0025765065 0.89626265 5.743009e-05 2.0788268e-06 0.0056643104 0.005323439 2.1913578e-05 0.31510037 0.0482552 0.12252244 0.0012369895 0.06644961 3.8011338e-17 3.4403496e-07 9.766732e-08 7.118695e-08 0.69929254 0.00017484039 0.90760165 8.7638135e-08 2.2047065e-07 0.80227685 0.2347557 1.8076678e-07 1.5964832e-07 0.024259012 0.914392 0.48597652 0.058854565 2.6872904e-05 0.4557253 2.6795055e-07 5.610411e-07 1.4499524e-07 0.016491018 0.03328005 8.024981e-08 9.583652e-05 0.3161236 0.0048036585 7.586269e-05 0.052611683 0.0005931472 3.5235276e-05 0.027894184 0.0010555136 0.049012385 1.7640394e-05 0.016098568 8.1698596e-07 0.001542694 0.007802586 0.00012426141 0.0026161685 4.1246378e-05 5.455921e-05 0.0093159145 8.995177e-06 4.7173937e-05 2.2527533e-05 5.7713646e-06 2.243024e-06 0.0015947298 4.4615217e-06 8.934262e-06 0.0018049238 5.9035116e-05 0.002073573 0.00023862501 0.0008766895 0.022580467 1.6501052e-06 8.709751e-05 0.00014355504 0.0002146238 5.9148807e-08 1.3979144e-05 3.529539e-08 5.037391e-05 0.0014492143 2.482589e-07 3.085154e-05 6.2201725e-06 1.4876199e-06 0.00020118497 3.3191818e-06 2.5404348e-05 8.531687e-08 1.3563049e-07
0.6006465 0.04702105 0.0128582055 0.7672996 0.00081103685 0.6164734 0.0019730595 6.7797344e-05 3.0094614e-05 0.19964352 5.1173676e-05 0.016151406 0.0007265291 8.307643e-06 0.5832682 0.011240273 0.0011650213 0.0029355187 0.005089296 5.1656675e-06 0.00033248338 2.226421e-05 0.07458217 4.378394e-05 3.4403496e-07 3.6156804e-19 0.0010307727 0.97366804 2.5742296e-05 0.499495 2.3929167e-07 0.00064951635 0.00086074724 1.6151897e-07 1.5506872e-05 0.48897424 0.0002112343 3.3177022e-07 1.2786917e-07 1.9280915e-07 4.686447e-06 0.0017964833 4.3609543e-07 0.0019754148 0.0003681298 0.021305878 2.1604344e-06 4.6850368e-05 2.1138394e-05 0.965109 1.0944461e-07 6.5317286e-06 0.05548042 6.088496e-06 0.00040414633 0.0004819496 3.100741e-06 5.837457e-06 1.6767028e-06 0.11141712 4.052561e-06 0.26350522 0.00014470868 3.8799415e-05 0.0034086665 8.3916384e-05 5.7670153e-05 2.5746776e-06 5.5144947e-06 5.7801826e-06 1.9913807e-06 2.564175e-06 8.331333e-06 7.0260813e-07 3.4195098e-05 4.1327626e-06 9.10218e-06 0.001546285 0.0003841745 0.0010778822 0.00030798552 0.0029292249 1.737625e-05 1.2201491e-05 0.0006232224 3.5272427e-07 0.00023643566 0.1107466 0.00013444078 3.808743e-08 1.254815e-05 0.0049840654 3.8695944e-07 1.4861631e-05 3.8826136e-07 1.3650946e-06 0.000110081324 8.3606714e-08 0.023041865 3.5039847e-07 0.013111066
0.7689066 0.000100877565 8.0808595e-06 0.003905462 4.829284e-06 0.060079962 3.8314745e-05 1.9100844e-07 2.6916632e-07 0.4945082 3.0140512e-07 0.032016825 5.0285735e-07 4.2426896e-07 0.00015256948 0.915429 0.00060774415 0.0015393198 0.026674809 3.2449424e-07 1.411844e-05 2.5180736e-06 1.0254129e-05 5.4738695e-07 9.766732e-08 0.0010307727 1.17230774e-14 0.014044091 3.590786e-07 1.9009909e-05 6.9639185e-08 0.93387055 0.9467305 9.196265e-08 1.3711649e-07 0.014447242 0.5739629 5.1234544e-08 3.1062996e-08 4.6531213e-08 1.7838292e-07 0.18593562 2.213022e-08 0.67278427 0.090275735 0.38874695 1.9838109e-07 1.1363336e-05 0.39467907 0.00074161787 7.912042e-08 2.4323704e-06 5.6886404e-07 4.695727e-07 4.4128183e-07 0.21561278 9.908551e-07 3.640256e-06 1.1853025e-06 1.071093e-06 1.0384499e-06 0.00014076057 3.455768e-07 4.491437e-07 0.06599792 1.6460635e-05 8.09073e-08 1.9265044e-06 1.7283029e-06 1.026707e-06 4.037364e-07 6.248849e-08 2.0991552e-06 3.902829e-06 4.922333e-07 9.899999e-06 2.5518448e-05 0.025270062 0.006118097 0.0004980637 0.00013512139 0.022112457 3.7892257e-06 5.0604235e-06 0.00046760784 7.533784e-08 0.00047703343 8.9276557e-07 3.490477e-07 0.029307123 2.9670398e-05 0.0430218 2.7316332e-06 0.0003995817 0.0001340742 1.4958334e-07 1.6757102e-06 5.787256e-09 0.001369975 0.0010328129 1.3063674e-07
0.73542637 0.013636577 0.0038072867 0.7843825 0.00032156994 0.7351964 0.0006451896 4.6644955e-06 2.6559278e-06 0.50528294 1.4025511e-06 0.039453555 2.0349718e-05 4.170532e-07 0.03817294 0.05619582 0.0017273069 0.005617851 0.010835256 1.1073e-06 0.00013794405 1.6708289e-06 0.0014159126 9.168834e-07 7.118695e-08 0.97366804 0.014044091 4.291179e-16 2.3157947e-06 0.035911694 3.5914248e-08 0.0139896525 0.008845464 1.13301155e-07 3.969931e-06 0.9650935 0.005230945 7.686142e-08 8.943242e-09 4.461219e-08 5.769523e-07 0.013125698 1.2119123e-08 0.01508686 0.0019315802 0.0720678 1.265112e-06 0.00017291255 0.00037416245 0.5510612 5.875156e-08 3.9826386e-06 0.002015337 7.357043e-07 7.240926e-05 0.006870399 1.3530009e-06 8.1444676e-07 1.3145952e-06 0.0033065712 2.3520008e-06 0.19045639 0.0003156767 1.1595616e-05 0.006826216 0.0001908021 0.0001291502 5.5544233e-06 1.5159844e-06 5.5578494e-07 5.1974388e-05 4.104144e-05 1.2163859e-05 1.7654e-06 8.386338e-06 4.302051e-06 4.5977158e-05 0.0062993825 0.0061747967 0.0019195265 0.0004466356 0.009069645 2.3008399e-05 4.1376392e-05 0.00034892274 1.5487412e-06 0.0004321852 0.0051835175 0.00013468269 2.2268774e-05 4.2791024e-05 0.012378938 3.174806e-06 3.142381e-05 5.569046e-06 1.785643e-06 7.059725e-05 1.5966782e-07 0.02264748 8.142554e-06 0.00045053908
0.9670002 0.0013994736 0.019681962 1.5308535e-05 0.447035 3.471015e-07 0.0736775 0.2511024 0.715436 3.9227763e-07 0.035425372 0.004723632 0.0018629625 0.2988879 0.00017196732 1.1402454e-06 0.05379433 0.009660992 0.00063485856 0.018929264 0.373697 0.0050400347 0.002276608 0.939779 0.69929254 2.5742296e-05 3.590786e-07 2.3157947e-06 9.1947326e-17 0.00018156681 0.13301651 1.6702815e-07 1.373955e-06 0.8637797 0.90974087 6.659602e-06 8.960197e-07 0.36581928 0.27194512 0.6110145 0.0017958838 0.0010517018 0.017726723 2.1370347e-06 2.2414715e-06 4.6531486e-06 0.6678795 0.39954174 2.2386227e-07 0.0007775747 0.017614298 0.10356892 0.00033510482 0.007137584 0.0009616488 0.00068476907 0.0034065605 5.4690227e-05 0.00582298 3.461805e-05 0.002106223 7.648485e-06 0.05317435 0.071583636 0.0021489633 0.12117951 0.0022200488 0.029339982 0.0010064518 1.537999e-05 9.751307e-05 0.00013577862 0.0010671234 0.00012003226 0.00010462862 0.0002574346 3.0251325e-05 0.017126044 4.287023e-05 0.0064650676 0.002635179 0.0021919382 0.032899085 6.052117e-06 0.001947635 4.044941e-05 0.0017192254 4.1528827e-05 4.8209717e-05 5.4052258e-08 0.0040147207 0.008359987 1.2380629e-05 0.00076787063 0.00033844888 4.227711e-06 0.001078991 7.8231494e-07 2.691286e-05 1.5459884e-07 5.9270774e-06
0.49775282 0.36378044 0.3104652 0.15943573 0.03123741 0.020628346 0.018285787 0.0056111896 0.005748829 0.0017276958 0.0052283537 0.0018296059 0.36123872 0.0018915863 0.9777537 0.0003407235 0.0014480656 0.0015606234 0.0009647591 0.0010588573 0.0009800014 0.004359412 0.85984385 0.000258058 0.00017484039 0.499495 1.9009909e-05 0.035911694 0.00018156681 5.685865e-16 0.00011991521 2.1996746e-05 0.0001947976 3.2879558e-05 6.0234972e-05 0.0024201614 1.0729204e-05 1.6080221e-06 1.14919785e-05 3.2110106e-06 0.007734685 0.00047940155 8.545886e-05 1.4145448e-05 8.737814e-05 0.00011591664 2.0719026e-05 0.0004009869 1.2377093e-06 0.32554007 1.250834e-05 4.6637506e-05 0.9122881 8.226418e-05 0.7439575 0.00087176845 0.00022331205 0.0023529578 7.395826e-05 0.7859486 0.0002517769 0.0035749117 0.0006010841 2.1917342e-05 0.0035048707 7.015502e-05 2.6987267e-05 2.2362233e-06 8.2522856e-05 0.093203135 9.978193e-07 2.4040025e-06 5.5772316e-06 5.4253205e-06 0.05686769 6.970503e-06 4.597276e-06 0.001740524 0.0023211327 0.0020713338 0.00016956052 0.0016296963 2.1799644e-05 2.7624733e-06 0.00042218366 0.00016994195 0.00032025154 0.046937224 3.3735756e-05 7.683137e-08 2.832934e-06 0.0051197405 7.697453e-08 1.112137e-05 5.806717e-07 9.111008e-07 1.9880783e-05 7.0051565e-06 2.3812248e-05 2.0635375e-07 0.043635536
0.8780379 0.00869023 0.030986376 4.960509e-07 0.051409982 1.6679582e-08 0.013384738 0.46728706 0.43235368 1.631525e-08 0.48607415 2.2997383e-05 0.0052984715 0.75189006 2.9425019e-05 3.4394427e-06 0.0010909386 0.00069523917 2.16485e-06 0.7519959 0.009695997 0.64484763 0.0014041231 0.013819833 0.90760165 2.3929167e-07 6.9639185e-08 3.5914248e-08 0.13301651 0.00011991521 8.487209e-17 1.04933084e-08 2.2464717e-07 0.15250528 0.030104248 6.4485974e-08 4.6989285e-08 0.00047426505 0.9028884 0.11216674 0.30998266 4.7727895e-06 0.96325725 2.6526814e-07 1.2982592e-06 4.18639e-08 0.0014411024 0.001696538 5.2269673e-08 3.4631357e-05 0.4660797 0.0002234292 0.00012300185 0.17690052 0.00143992 1.7850478e-05 0.10768236 0.0117575945 0.061674185 7.059627e-06 0.076988675 1.9084038e-07 4.7843576e-05 0.0011314665 6.3540705e-05 0.00014251139 1.2313424e-06 3.3863578e-06 0.04118967 2.0957958e-05 2.0226867e-06 1.7869714e-06 1.8045449e-07 3.0523617e-07 0.00854035 4.0587165e-07 8.360348e-07 0.0007085963 0.0004449533 0.00028684092 1.3104554e-05 0.0004514005 0.0059093414 3.0042398e-07 1.2099889e-05 0.0015827504 2.8453635e-05 5.109779e-09 2.597793e-06 2.859131e-08 1.6170801e-06 0.00069619564 1.2837761e-07 1.2510649e-06 1.076638e-07 2.954968e-07 4.267195e-05 7.747585e-06 1.04169885e-05 3.8034067e-08 2.0543912e-07
