1.27347e-14 0.9998927 0.99934375 0.9810342 0.990607 0.97077334 0.95464826 0.91727185 0.99588466 0.98387927 0.9046347 0.9767093 0.7887645 0.9961031 0.86921996 0.93313557 0.90614694 0.94787574 0.9128089 0.5657304 0.98827887 0.9814303 0.9997938 0.9920625 0.49240276 0.35164544 0.55587167 0.79259706 0.7422512 0.66607416 0.98087096 0.999797 0.065550536 0.9943143 0.8604349 0.10818488 0.731033 0.5679426 0.7198754 0.7667431 0.6731303 0.9818017 0.1413198 0.38054234 0.5272865 0.99991953 0.0062688566 0.5408955 0.053252976 0.1566054 0.98403305 0.8602227 0.0012659472 0.0053193714 0.055692215 0.9234289 0.9773354 0.91815937 0.9610354 0.3005985 0.992851 0.73890775 0.77057374 0.8235824 0.39059547 0.99940133 0.9956225 0.95940816 0.65300214 0.9842419 0.9552421 0.9622153 0.9625731 0.9072732 0.8517434 0.1113188 0.5424508 0.29709148 0.96364045 0.41016734 0.7328345 0.9345511 0.10765838 0.5472965 0.000269225 0.3827932 0.54194605 0.17077656 0.7519341 0.8091676 0.4905892 0.43530196 0.675524 0.00045914287 0.17706673 0.15307829 0.02299419 0.92210853 0.09785774 0.0071459925 0.0006057014
0.9998927 1.1101258e-11 0.06331522 0.98307973 0.10415606 0.004245501 0.3050405 0.1776241 0.1088296 0.87800467 0.8257314 0.11637641 0.004689917 0.0025375704 0.65097404 0.09019022 0.040541854 0.0066983234 0.7649838 0.19670872 0.018337766 0.040939532 0.07204386 0.005149822 0.0352113 0.07393121 0.2732074 0.22075334 0.20589724 0.06728094 0.010260121 0.027455842 0.0066307713 0.0037074387 0.13226365 0.011237025 0.013290803 0.16692984 0.007919153 0.003670851 0.0008746544 0.0018032877 0.0008109715 0.0015842031 0.004713158 0.011351326 0.00043584223 0.0002992192 0.0005493253 0.00047900053 0.0066069835 1.3266855e-05 8.925332e-07 8.4657506e-05 0.00022585152 0.0017395774 0.00028192537 0.0045326604 0.014597592 0.0007909112 0.0007085632 0.0013814732 0.0016988337 0.0005249495 0.0008940779 0.00010666475 0.00018700656 9.824723e-05 0.0023871993 3.7993996e-05 0.00020620592 0.0006617142 9.944379e-06 0.00027087764 1.1960723e-05 0.0002710575 1.8300761e-06 2.0387974e-06 1.3594298e-05 0.00010969535 3.9247916e-06 0.000496867 9.4898925e-05 0.00028095965 2.4360163e-05 9.033501e-06 8.0070065e-05 1.6332584e-05 3.0011242e-05 4.9079852e-05 1.4264117e-05 4.8287155e-05 1.0111739e-06 1.8415218e-05 3.7613467e-05 2.045706e-06 2.3951201e-05 1.1771342e-06 1.4610738e-05 4.0873326e-07 1.7363384e-08
0.99934375 0.06331522 1.408583e-12 0.20760591 0.88394254 0.98306185 0.32970658 0.40263572 0.010599086 0.0032788843 0.018772785 0.004522472 0.50618243 0.6442294 0.003349082 0.26346424 0.30773976 0.83850855 0.07257489 0.0010105349 0.832559 0.0011033914 0.017006647 0.5534603 0.00015480739 0.00031626734 0.001381329 0.015830379 0.008875475 0.00097017083 0.12676568 0.13886388 0.00013799644 0.0007261955 0.019382883 0.00042604434 0.007762207 0.00011930041 0.07437949 0.12288974 0.00028498136 0.50616693 0.000396672 0.00037853865 0.0033750513 0.008646483 9.808891e-05 0.00012566612 0.0007981683 0.001436183 0.32660764 5.9282615e-07 2.5639193e-07 1.794484e-06 0.00027541874 0.2899005 0.039213985 0.063813 0.0031916746 0.0105305435 0.04705119 0.076628365 0.00094179506 0.15549484 0.003387663 0.00025544563 0.0012344024 2.8095603e-05 0.013268646 0.0021105972 0.017405873 0.05121811 3.0450288e-05 0.0066988315 0.00024121623 0.00065981335 2.0834046e-05 5.195739e-05 3.8169917e-05 0.00075288257 5.901203e-07 0.009333905 0.00014286806 0.0017894565 2.5695324e-05 8.254269e-05 0.0010032557 0.00036577828 0.00035503233 0.00017368502 0.00017134327 0.000132409 1.1882264e-07 5.7251655e-05 0.00011046381 6.1879546e-05 2.2642485e-05 6.109717e-07 5.226661e-05 3.2570667e-06 3.0964976e-08
0.9810342 0.98307973 0.20760591 5.711263e-13 0.1307371 0.0040186318 0.47030297 0.39803424 0.110365145 0.49666622 0.99079204 0.050681192 0.00499581 0.0044687465 0.6173454 0.061813165 0.0284793 0.002757583 0.92160004 0.29604805 0.034716595 0.006581197 0.06545755 0.00043245297 0.038090013 0.3202698 0.615225 0.31214914 0.065675594 0.0054767863 0.01236131 0.022759458 0.021684876 0.0011839118 0.02018675 0.025537651 0.005469075 0.0858022 0.0008096571 0.00022764265 0.00020227386 0.00030317393 3.556301e-05 7.2636525e-05 0.0017410851 0.0020716973 0.0028117434 0.00040050017 0.0004188493 0.00016366351 0.00017943488 5.2301016e-07 1.9313671e-07 2.439044e-06 7.67098e-05 0.00010093146 5.9115904e-05 5.448823e-05 0.001978368 8.160453e-05 2.427174e-05 4.3331776e-05 0.00085572014 3.5410865e-06 3.3818804e-05 1.1343803e-05 1.7818418e-05 3.6887115e-05 1.3534985e-05 3.2781104e-06 1.2050797e-05 1.1650963e-05 1.1952005e-06 8.347064e-06 5.008432e-06 9.346757e-07 5.549973e-07 1.99899e-06 3.3267368e-06 3.4479256e-06 3.2967972e-07 5.9965837e-06 7.95326e-07 8.431623e-06 2.9325705e-07 3.711701e-07 1.4818188e-06 1.09295456e-07 7.018225e-07 1.3681164e-07 2.0355162e-06 8.432069e-07 3.9847883e-08 1.5029667e-06 3.5435764e-06 6.874691e-08 4.865585e-07 5.4153073e-08 1.3033306e-06 1.3557914e-09 6.2853245e-10
0.990607 0.10415606 0.88394254 0.1307371 9.385472e-14 0.64232975 0.95896953 0.97102934 0.00033487575 0.00042236526 0.0066556223 0.00043045287 0.87582934 0.019737877 0.0006919075 0.85163075 0.71010965 0.13982576 0.24918103 0.0002995798 0.13266519 0.00015373515 0.006029627 0.036827873 4.180077e-05 0.0001953678 0.0018757834 0.14828473 0.05629695 0.0002803526 0.024296256 0.05158473 0.00013777577 0.00020984428 0.12444679 0.0012746875 0.0018739245 0.0008393018 0.1437141 0.1446155 7.4261116e-05 0.0060155634 2.5828092e-05 8.851096e-05 0.021329263 0.002966013 7.219515e-05 0.00013625235 0.0024234469 0.001905706 0.014596701 2.1615276e-07 3.86555e-08 1.752122e-07 0.000800362 0.006024342 0.00079913135 0.0069642346 0.0019276331 0.0016788136 0.0005043862 0.0026860642 0.0009165316 0.0016477694 0.0021825982 2.4823881e-05 2.6867316e-05 3.0108367e-05 0.0006888536 9.850395e-06 0.00020118708 0.00058009196 1.332496e-06 0.00025520092 1.5337315e-06 8.9040695e-05 5.5344362e-06 2.168013e-06 3.0787185e-06 2.9250099e-05 1.18735535e-07 0.0003541141 2.5184156e-07 2.468443e-05 2.7870115e-06 5.3092015e-07 2.0751615e-05 3.5063613e-07 2.127295e-06 2.9201126e-07 8.8953107e-07 2.6883436e-07 1.9997792e-08 3.059877e-06 2.2917682e-06 9.137727e-08 4.975723e-07 3.736683e-09 1.1779383e-06 5.2921396e-09 7.6929685e-10
0.97077334 0.004245501 0.98306185 0.0040186318 0.64232975 2.7242655e-12 0.22969154 0.3043852 7.082829e-05 0.0001004361 0.0009779506 0.000102678634 0.97874343 0.3030311 0.0001731454 0.4131489 0.48725253 0.9521956 0.0126186535 0.00018215441 0.7123639 3.017123e-05 0.003531755 0.49689585 4.360532e-06 6.706329e-05 0.00046682655 0.008305378 0.0054104044 0.00015917455 0.0786241 0.08237218 1.6246815e-05 9.324437e-05 0.01601803 0.00030531813 0.00094236864 5.0463732e-05 0.13695744 0.25890148 5.3361713e-05 0.089422606 1.4698666e-06 3.3563445e-06 0.0078202225 0.0013970926 1.5239738e-05 0.000111488705 0.0014912563 0.0030726087 0.09262268 2.1398479e-07 1.4128857e-08 2.2774554e-08 0.0007258144 0.0804967 0.0037514754 0.020181702 0.0011061255 0.007715839 0.0028552567 0.08753881 0.00077939214 0.03807808 0.0027426782 5.0286362e-05 0.000100194055 1.8815514e-05 0.0024978444 0.00012692898 0.0010018718 0.0051913615 6.0702037e-06 0.000536336 1.4079796e-05 0.00065961934 2.3380648e-05 3.0345407e-05 3.5549324e-06 0.00039421054 3.5736159e-07 0.0018271711 1.6268164e-07 0.00017757475 3.437418e-05 3.0303572e-06 6.90542e-05 4.4664944e-06 1.49195275e-05 4.748932e-07 9.319009e-06 1.3370761e-06 6.087723e-08 2.2739865e-05 1.2399251e-05 4.5529958e-07 1.0906643e-06 1.4943327e-08 4.8670217e-06 1.3189596e-09 1.3363556e-10
0.95464826 0.3050405 0.32970658 0.47030297 0.95896953 0.22969154 6.4027473e-12 0.9919789 0.00081281044 0.0006568102 0.04671028 0.00089331635 0.6155641 0.007827635 0.0015080487 0.9544237 0.7667287 0.025089988 0.6518856 0.0002294215 0.009277595 0.00022566486 0.006498665 0.008209153 7.483106e-05 0.00045125073 0.005339096 0.6181692 0.34175342 0.00029768056 0.0037284363 0.015663126 0.00022239433 0.00020680187 0.45633894 0.007320476 0.0023954094 0.005736933 0.22898707 0.21995999 0.00013000135 0.0008666919 2.8249286e-05 8.965822e-05 0.060519002 0.000917823 0.00021487121 6.1679515e-05 0.0042974385 0.0030547613 0.015796222 2.805865e-07 3.4157355e-07 7.2809457e-06 0.0005134233 0.0006814625 0.00026469288 0.010906016 0.0011537161 0.0013051908 0.00026787608 0.00031254633 0.0011025215 0.00048866763 0.0029625285 2.4232908e-05 7.871318e-06 2.545792e-05 0.000256049 6.2753284e-06 0.00016239699 0.00032824054 9.95859e-07 0.00013447399 9.023706e-07 4.9594644e-05 3.186908e-07 1.971674e-07 5.1388397e-06 8.107515e-06 9.77203e-07 0.00025067668 3.692785e-08 4.9087694e-06 1.7523432e-06 2.1147264e-07 1.3101329e-05 5.3483114e-07 1.3464266e-07 1.3858839e-07 1.479918e-06 9.762691e-08 3.55309e-09 1.0344851e-06 7.375727e-06 7.3352e-07 2.1078195e-06 4.368367e-09 3.6348445e-06 1.8199021e-09 4.0461923e-10
0.91727185 0.1776241 0.40263572 0.39803424 0.97102934 0.3043852 0.9919789 2.4177002e-14 0.00081454945 0.00030328467 0.031194607 0.0004241646 0.9092114 0.008240553 0.0006526137 0.9534405 0.8162226 0.063508056 0.52627707 0.0001621322 0.027996374 0.00020275517 0.006095828 0.0038219274 2.8001714e-05 0.00028984758 0.0030037244 0.50235456 0.07751781 0.00013224734 0.004577995 0.015142773 0.00013148675 0.00027137512 0.07835603 0.002129211 0.0010255313 0.00089499453 0.08107651 0.05195488 5.663875e-05 0.0011620187 5.142678e-06 3.168377e-05 0.014875272 0.0007877556 6.262377e-05 2.4011442e-05 0.0013919438 0.0011010448 0.0025881378 8.4123535e-08 6.6977215e-08 5.6812837e-07 0.00014846778 0.00046421937 0.0004256534 0.0010380464 0.0002608117 0.00032864776 0.0001184438 0.00025927217 0.00034315698 0.000118522 0.000114608796 3.0502606e-05 1.5380283e-05 1.3967988e-05 3.763618e-05 4.3946065e-06 3.137482e-05 4.6425925e-05 5.705157e-07 3.2987788e-05 3.5454136e-07 1.5211118e-05 4.6107857e-08 2.1897188e-08 9.637589e-07 5.638413e-06 6.066396e-08 7.7585835e-05 1.6523025e-09 7.697134e-07 2.3030393e-07 2.2676769e-08 1.7980815e-06 1.2291231e-07 9.8246325e-08 3.888785e-08 4.1475272e-07 4.9585346e-08 2.5103405e-10 6.080665e-07 5.1536045e-07 8.3415564e-08 9.465627e-08 1.8541901e-09 4.0036954e-07 1.3012358e-09 3.4256296e-11
0.99588466 0.1088296 0.010599086 0.110365145 0.00033487575 7.082829e-05 0.00081281044 0.00081454945 1.4159428e-11 0.7820841 0.023787212 0.98099804 0.00013131731 0.0002004637 0.45247087 0.00037695715 0.00020944321 8.6420456e-05 0.0060912697 0.3265073 0.016644366 0.96987915 0.79151595 1.7782853e-05 0.10507689 0.02611467 0.010481604 0.00027590536 0.0002688935 0.7381548 0.009480092 0.022920886 0.030226368 0.042095266 0.00034286766 0.0003184932 0.6191295 0.0025102142 3.5350116e-05 5.893872e-06 0.02635748 9.2691225e-05 0.22590949 0.48715279 5.0602765e-05 0.052733436 0.03175572 0.010559849 2.841998e-05 3.1251697e-05 3.400758e-05 0.0018878856 0.00038305024 0.0031086723 1.1487649e-05 0.0001151309 8.056333e-05 7.296461e-06 0.02190733 3.100571e-05 2.8518072e-05 0.00011707997 0.009068153 1.4823164e-06 1.8026623e-06 6.510631e-05 0.00013855449 0.0007070961 4.3248758e-05 1.4182668e-06 1.4453234e-05 3.1587936e-06 1.3942129e-05 4.464399e-06 1.7369504e-05 7.3815846e-07 3.500648e-05 1.1614098e-05 2.5066747e-05 3.4982531e-06 2.5807114e-05 9.2439274e-07 8.4481435e-05 2.4630699e-05 5.869086e-06 1.23121845e-05 1.0498549e-05 1.8702939e-06 1.5219985e-05 1.0582213e-05 0.0001600237 1.8200639e-05 1.7880591e-06 1.11524e-06 1.7191753e-05 1.0438433e-06 1.8363078e-05 1.4421643e-06 3.5652436e-06 9.193915e-08 3.6897156e-08
0.98387927 0.87800467 0.0032788843 0.49666622 0.00042236526 0.0001004361 0.0006568102 0.00030328467 0.7820841 2.4614952e-10 0.12511002 0.89907765 6.2049614e-05 0.000103366765 0.9953218 0.00036626472 9.270236e-05 1.9584006e-05 0.006618423 0.91029406 0.000772449 0.21581624 0.13555895 1.7778597e-05 0.47786352 0.35938495 0.27356303 0.0012786351 0.0016604871 0.30063948 0.0011726788 0.006732198 0.10892651 0.0021213195 0.00188315 0.0020267426 0.008313516 0.08544618 3.1894077e-05 3.58898e-06 0.0002861491 9.395773e-06 0.003618095 0.00220986 7.27979e-05 0.0026150285 0.008944962 0.0005343719 1.552094e-05 1.9718264e-05 3.139529e-05 0.00018622616 7.1416657e-06 0.00028595896 3.188982e-05 2.0847361e-05 3.6629146e-05 1.4823879e-05 0.0032118117 1.0787882e-05 1.9565281e-05 1.2786673e-05 0.0012721037 2.5887239e-06 3.6707475e-05 3.5818695e-05 1.0361524e-05 9.909695e-05 2.6011283e-05 3.2585579e-06 4.8335e-06 2.0365335e-06 1.3293799e-06 5.1591346e-06 8.614948e-07 4.6591143e-07 1.5968473e-07 5.0885888e-08 3.8305184e-06 2.8526014e-07 9.700709e-07 5.129446e-05 2.559062e-06 1.655928e-05 3.9746773e-08 1.0545868e-06 1.0130374e-05 6.973272e-07 1.6895053e-06 3.503714e-07 1.4858292e-06 9.451731e-07 2.7034199e-07 1.4004856e-07 3.1433203e-06 1.5779393e-07 1.9024845e-06 6.660676e-08 3.7846173e-06 2.2474937e-09 4.5418436e-10
0.9046347 0.8257314 0.018772785 0.99079204 0.0066556223 0.0009779506 0.04671028 0.031194607 0.023787212 0.12511002 3.6348366e-10 0.023085356 0.00072840403 0.0008782862 0.31224462 0.0076699317 0.004575479 0.00037340334 0.9696982 0.1185108 0.0021401064 0.0031952895 0.012850978 0.00026222557 0.033744458 0.52167565 0.9690738 0.59019154 0.50188637 0.0076925224 0.0013011914 0.0037720622 0.09649986 0.0010418529 0.46887118 0.24790207 0.0012003598 0.7274566 0.004685547 0.0016895217 9.50598e-05 9.1505426e-05 3.4567016e-05 8.410923e-05 0.016675051 0.00050215604 0.00083690044 0.00016597232 0.00092024996 0.00038194645 0.00083945924 3.0217645e-05 2.2201553e-07 1.166979e-05 0.0004921723 0.0001410215 9.0115806e-05 0.0008348299 0.0012597167 8.851307e-05 0.00014002432 0.00015071234 0.00050537277 8.294094e-05 0.0011717079 1.9843362e-06 6.4346164e-06 9.0263915e-05 0.00017434503 1.6670623e-05 0.00027327123 6.272143e-05 3.6250248e-07 0.00018286944 3.4261675e-06 3.1565483e-05 1.306846e-07 2.8106265e-07 1.7881443e-06 9.622799e-06 7.402971e-06 0.00037858522 2.1409952e-07 0.00010327031 3.7385087e-07 2.7156136e-07 1.6652816e-06 1.0280963e-06 6.6126216e-07 1.799091e-07 2.1671582e-05 2.9318448e-06 6.7114536e-07 5.1519487e-07 7.958477e-06 6.8326665e-07 9.429494e-07 2.862079e-07 5.4767104e-05 9.411179e-10 2.9622755e-09
0.9767093 0.11637641 0.004522472 0.050681192 0.00043045287 0.000102678634 0.00089331635 0.0004241646 0.98099804 0.89907765 0.023085356 2.6263522e-10 9.828368e-05 0.00016080913 0.6454529 0.0005746156 0.000111173475 3.256618e-05 0.0044972776 0.57556295 0.0052048797 0.8974669 0.39838892 3.9606417e-05 0.44004092 0.09790579 0.044038013 0.00044551078 0.00059308275 0.98317415 0.0043789917 0.0116764875 0.12922636 0.027334888 0.0009911987 0.00064847415 0.09230429 0.020313384 9.3147944e-05 4.6057535e-06 0.0059472662 6.346331e-05 0.40068874 0.2244664 0.0001035652 0.010058152 0.057685148 0.0014247762 2.2779042e-05 5.101001e-05 0.00025016227 0.0023654562 0.00021302569 0.007730051 1.7941205e-05 0.00019968332 6.53865e-05 8.1327715e-05 0.011845076 3.053244e-05 0.00012959128 8.1146354e-05 0.0022309632 3.4512282e-06 6.778228e-05 3.992128e-05 5.8570728e-05 0.0006878597 7.008547e-05 2.42757e-05 3.0755888e-05 5.198388e-06 1.1137429e-05 2.7709682e-05 6.8566133e-06 4.8883167e-06 1.0689903e-05 2.1997216e-06 4.959497e-05 3.5847797e-06 5.9911046e-05 5.073043e-05 4.295295e-06 4.3859458e-05 4.5621584e-07 1.1573791e-06 4.805287e-07 9.4421193e-07 3.7339532e-06 5.509385e-06 1.0584796e-05 1.2564172e-05 1.9011966e-06 4.1184234e-07 8.42112e-06 1.5689533e-06 6.103e-06 6.2256804e-06 1.3118445e-05 1.8343902e-08 1.2778121e-08
0.7887645 0.004689917 0.50618243 0.00499581 0.87582934 0.97874343 0.6155641 0.9092114 0.00013131731 6.2049614e-05 0.00072840403 9.828368e-05 4.0315624e-14 0.043083336 0.000153639 0.853195 0.97260016 0.98008126 0.010226638 6.378027e-05 0.06401409 2.621689e-05 0.0006633972 0.30688885 2.9962066e-06 5.970959e-05 0.00026823243 0.024854392 0.0053222408 9.428249e-06 0.010087898 0.010203604 1.1470188e-05 7.83772e-05 0.016959483 0.00025626572 0.00022776144 7.665905e-05 0.14060622 0.20086256 5.2432533e-06 0.01992265 2.9480675e-06 3.2484613e-06 0.010500769 0.0004878686 1.0585564e-05 4.6717078e-06 0.0016603778 0.0028734836 0.012695829 8.339011e-08 2.3514353e-08 4.385366e-08 0.00045380992 0.007395844 0.001778705 0.0048277234 0.00016760746 0.0019724735 0.0006440492 0.0060906857 0.00023988818 0.0027673857 0.00045477107 4.6833753e-05 6.204636e-05 5.6510416e-06 0.00020079357 0.00015834154 0.000300903 0.00046703249 1.2628843e-06 0.00010639848 4.5497645e-06 6.6603105e-05 1.7656433e-07 7.3382853e-07 8.3740093e-07 1.2735039e-05 1.3964011e-06 0.00025767583 1.9838715e-09 9.2349137e-07 7.4765643e-07 1.6399292e-07 9.555077e-07 8.945852e-07 7.853723e-07 3.6033518e-07 1.8034275e-06 7.704738e-08 3.2213145e-09 2.5625067e-07 1.1828769e-06 1.0632524e-06 4.4194913e-08 8.8450925e-08 3.848391e-06 2.495452e-09 3.2274444e-10
0.9961031 0.0025375704 0.6442294 0.0044687465 0.019737877 0.3030311 0.007827635 0.008240553 0.0002004637 0.000103366765 0.0008782862 0.00016080913 0.043083336 4.711846e-14 7.755204e-05 0.023238719 0.031162785 0.8052457 0.0037556207 1.7015169e-05 0.9107864 0.00011476191 0.0017311675 0.3970636 2.7702085e-06 1.0569333e-05 4.071545e-05 0.0020254885 0.0016692386 1.5174924e-05 0.19521056 0.19569695 1.6045785e-06 0.00010512902 0.0039840573 4.8802976e-05 0.00026973954 2.1095257e-05 0.04442846 0.11294271 1.2977956e-05 0.9547949 5.9647577e-06 1.6644046e-05 0.0007976082 0.0012100606 3.347046e-06 2.161678e-05 0.0002803593 0.001328785 0.82695776 7.4948716e-08 7.414607e-08 6.5666455e-07 6.771431e-05 0.9153691 0.17405769 0.28932735 0.0006403 0.021170242 0.3336551 0.7106372 0.0005366475 0.7753717 0.008747599 0.0002092328 0.0006872293 1.6232274e-05 0.30644053 0.003619643 0.24683395 0.7066663 3.9231054e-05 0.17202698 0.00013832371 0.008748134 4.1397448e-06 1.5369931e-05 2.6257027e-05 0.009069757 2.0078063e-07 0.72697634 6.457867e-06 0.012735446 3.6204332e-05 1.4403891e-05 0.003632429 0.0008674745 0.0008871112 5.118915e-05 0.0001050264 6.0503546e-05 3.086113e-07 0.0001850187 9.153641e-05 6.609583e-05 2.4452123e-05 2.246253e-05 0.00058440585 2.5481359e-07 2.3852328e-08
0.86921996 0.65097404 0.003349082 0.6173454 0.0006919075 0.0001731454 0.0015080487 0.0006526137 0.45247087 0.9953218 0.31224462 0.6454529 0.000153639 7.755204e-05 4.754179e-09 0.00059158966 0.00030571612 0.00011248395 0.024296185 0.9944854 0.0014426762 0.12992238 0.03106804 4.6680583e-05 0.5929769 0.6768978 0.5401548 0.003084151 0.004857989 0.307716 0.0011138504 0.002559005 0.2003909 0.0019035508 0.0045433003 0.0032588392 0.002543977 0.21198997 0.00019338196 1.8646706e-05 0.00024595737 7.822322e-05 0.0018253336 0.0022103034 0.00018794183 0.0009074689 0.005806485 0.00031956658 4.400543e-05 1.7453876e-05 0.00021907175 9.419823e-05 1.2120405e-06 7.8229634e-05 5.7563666e-05 0.00016642197 0.00018040795 0.00015078897 0.0014812842 3.3796103e-05 3.6564783e-05 9.1640875e-05 0.00041576358 3.353073e-05 0.00017753581 1.4282153e-05 1.0498639e-05 4.7736656e-05 0.00028586516 1.25920615e-05 9.5993026e-05 2.6176693e-05 1.2820038e-06 6.546761e-05 3.4136237e-06 4.073637e-06 1.5215093e-07 4.731126e-07 6.1532073e-06 1.5938826e-06 1.8838988e-06 0.0002486237 1.899734e-06 4.7790407e-05 3.4857383e-08 3.7268946e-06 2.6361078e-05 1.0610491e-06 5.123753e-06 1.7817915e-06 8.644862e-06 2.6571236e-06 5.160805e-07 1.5430778e-07 7.8351295e-06 1.1128889e-06 2.7456063e-06 1.4432656e-07 8.331524e-06 5.5027978e-09 2.5997393e-09
0.93313557 0.09019022 0.26346424 0.061813165 0.85163075 0.4131489 0.9544237 0.9534405 0.00037695715 0.00036626472 0.0076699317 0.0005746156 0.853195 0.023238719 0.00059158966 3.2340672e-11 0.9896991 0.08612872 0.31632626 0.000109077155 0.008227772 0.00012320178 0.0025468378 0.014491129 2.5001307e-05 0.00021186924 0.002217557 0.4997202 0.24434796 6.682751e-05 0.0040087583 0.013914356 5.4350076e-05 0.00022955393 0.7118984 0.007416564 0.00023807063 0.0030891919 0.6435033 0.6672302 1.3761301e-05 0.0016835256 1.5186955e-05 5.4775413e-05 0.18535954 0.00043859045 4.07125e-05 1.8815837e-05 0.011157391 0.015226396 0.043270435 3.577261e-07 2.9758243e-07 2.0859006e-06 0.0027751718 0.0011874641 0.0003964415 0.034044895 0.00036595762 0.004099024 0.000780621 0.0010472471 0.00025636714 0.0011366995 0.022319863 6.0099005e-06 2.9149303e-06 2.4500478e-06 0.0020269253 2.4748428e-05 0.00032438146 0.0014969066 1.1303134e-07 0.0007430666 9.739837e-07 0.0008999622 1.11992584e-07 1.6485724e-07 3.5237358e-07 2.1898475e-05 9.851603e-07 0.0023488034 2.3418292e-09 1.9542213e-05 8.336174e-06 2.1309465e-07 1.7553991e-06 2.111014e-06 5.0271404e-07 2.8281008e-07 1.5681292e-06 3.6898018e-07 4.8038775e-08 1.312004e-06 7.607326e-06 2.2821584e-06 4.251965e-07 4.8458137e-08 2.4672947e-05 1.5969126e-09 2.948998e-10
0.90614694 0.040541854 0.30773976 0.0284793 0.71010965 0.48725253 0.7667287 0.8162226 0.00020944321 9.270236e-05 0.004575479 0.000111173475 0.97260016 0.031162785 0.00030571612 0.9896991 1.02935584e-10 0.6935512 0.3779236 7.081654e-05 0.013947485 2.2494558e-05 0.0008511631 0.095035374 4.7283e-06 0.00014681071 0.0008178498 0.7873807 0.4391973 2.8319659e-05 0.0026049516 0.00851559 0.000113680144 6.801688e-05 0.44112667 0.015248056 0.00015100195 0.00069722056 0.86270267 0.8506529 1.5483995e-05 0.0050373026 4.8432656e-07 4.284605e-06 0.13331048 0.0001830914 3.0402443e-05 7.652078e-05 0.009939296 0.022859886 0.018741079 1.886539e-07 4.053378e-07 1.7798867e-07 0.0013050925 0.003005912 0.00034180057 0.0043632407 5.8874153e-05 0.0026871162 0.00025492508 0.0031349487 0.00013508118 0.0012286569 0.0028828755 2.8943984e-06 5.194181e-06 7.1203312e-06 0.0003265682 1.5490199e-05 0.00014563392 9.742383e-05 1.0194342e-06 7.325196e-05 1.4409585e-06 0.00020856858 1.1395458e-07 8.8661164e-07 1.5641166e-07 1.5007259e-05 1.2734266e-06 0.0004922589 2.8781046e-09 7.3443725e-06 1.2527255e-06 4.6192253e-07 8.704694e-07 8.4549856e-07 3.6329882e-07 1.9114091e-07 4.2259475e-05 1.0495711e-06 6.237084e-08 9.2046486e-07 1.2939892e-05 1.9889912e-06 1.1680028e-06 4.8745443e-07 5.656196e-06 1.943523e-09 5.6513155e-10
0.94787574 0.0066983234 0.83850855 0.002757583 0.13982576 0.9521956 0.025089988 0.063508056 8.6420456e-05 1.9584006e-05 0.00037340334 3.256618e-05 0.98008126 0.8052457 0.00011248395 0.08612872 0.6935512 6.3681916e-13 0.0032785106 1.904911e-05 0.80724615 1.45108415e-05 0.0007787866 0.9613759 9.429619e-07 1.18085545e-05 7.0222966e-05 0.00782793 0.0032467754 1.5527781e-05 0.102832325 0.05273617 5.7262546e-06 4.193157e-05 0.007271169 0.00015320913 7.198183e-05 1.7500828e-05 0.41935825 0.67844856 3.3047031e-06 0.72035617 3.9902207e-07 7.726058e-07 0.004684995 0.00026976858 7.009153e-06 2.9157895e-06 0.0020868448 0.009892167 0.5746507 9.523464e-09 7.574155e-08 3.7490214e-08 0.000540326 0.45775762 0.03106712 0.04360699 0.00012967027 0.028713308 0.0062239114 0.41973734 0.00018155831 0.2844339 0.0043640914 6.828244e-05 0.00011897828 3.359584e-05 0.004014543 0.00018298125 0.0014233284 0.011670964 9.230428e-06 0.00045549334 8.388842e-06 0.0013110129 6.208892e-07 5.1669385e-06 1.527482e-05 0.0003098297 1.2839909e-06 0.0033953611 4.7883262e-08 2.9874316e-05 7.036039e-05 2.8769605e-07 2.1772259e-05 3.5015112e-06 1.2052445e-06 2.329677e-06 6.092068e-06 1.9103102e-07 2.2688157e-07 5.086835e-05 6.912097e-06 2.0390269e-06 3.0037097e-07 1.2814434e-07 7.5221046e-06 3.821227e-09 3.5676362e-09
0.9128089 0.7649838 0.07257489 0.92160004 0.24918103 0.0126186535 0.6518856 0.52627707 0.0060912697 0.006618423 0.9696982 0.0044972776 0.010226638 0.0037556207 0.024296185 0.31632626 0.3779236 0.0032785106 3.2395787e-12 0.0029013879 0.0031183625 0.0005218563 0.0076276488 0.0004974651 0.003972099 0.019102756 0.54438055 0.99569345 0.73409206 0.00069185835 0.0017761515 0.0030706185 0.0027178642 0.0003427184 0.3971718 0.39588723 0.0002156034 0.59132135 0.011400036 0.0075710365 3.5259043e-05 3.0606283e-05 3.9936644e-06 6.306325e-05 0.0120860515 0.00029356332 0.00033509842 4.7240384e-05 0.0010813794 0.0012698546 0.00046227928 3.146396e-07 1.9263675e-07 2.7128065e-06 0.0005150026 1.751071e-05 1.3040436e-05 0.0004621378 0.0002029521 9.331314e-05 4.5951756e-06 3.0398674e-05 0.00029321163 1.9228673e-05 0.00034845437 1.5380077e-07 3.9887064e-07 4.758219e-06 4.176634e-05 9.014219e-07 7.470061e-06 1.5895049e-06 1.4808383e-08 2.414238e-06 2.5195388e-06 3.39237e-06 8.2236244e-09 4.159258e-08 2.409122e-07 2.2643563e-07 1.2874467e-07 3.0558916e-05 3.515765e-08 4.8224683e-06 4.458378e-08 5.2227218e-08 8.825481e-07 1.4324944e-07 1.360126e-07 4.74936e-08 6.315503e-07 1.6775482e-07 2.3145506e-09 9.9225225e-08 1.539597e-07 3.209149e-08 1.12513225e-08 3.908921e-09 1.7493111e-06 8.630036e-11 1.01177094e-10
0.5657304 0.19670872 0.0010105349 0.29604805 0.0002995798 0.00018215441 0.0002294215 0.0001621322 0.3265073 0.91029406 0.1185108 0.57556295 6.378027e-05 1.7015169e-05 0.9944854 0.000109077155 7.081654e-05 1.904911e-05 0.0029013879 1.6079247e-09 0.000720356 0.172674 0.01120147 2.2527802e-06 0.9970887 0.80238676 0.27766415 0.00017412403 0.00016370534 0.43431473 0.0005954678 0.00059318566 0.48778367 0.0008820963 0.00018996636 0.00044510205 0.0014739198 0.020580987 2.3554161e-05 1.4389069e-06 0.00014041345 2.3494867e-05 0.0029879378 0.003168465 4.152859e-05 0.00038342248 0.014829762 0.00021981385 8.462671e-06 1.912496e-05 2.8553752e-05 0.00017902057 9.852223e-07 6.0340237e-05 4.615555e-06 2.3235209e-05 3.1908952e-05 2.5081694e-05 0.00038442458 1.0970806e-05 3.4431246e-06 3.3765016e-05 0.00013805671 2.4522053e-06 2.1825148e-05 1.0582479e-06 4.771151e-06 2.8894863e-06 2.653848e-05 1.0017885e-06 3.6657361e-06 2.3051787e-06 5.981716e-08 7.1927925e-06 9.276555e-06 1.2772373e-06 6.112797e-08 2.5552882e-07 2.5686697e-07 3.3757058e-07 9.3815413e-07 7.5472795e-05 5.8505208e-08 1.05566805e-05 7.107119e-09 7.8636907e-07 7.633164e-07 4.8589493e-07 1.62043e-06 1.142223e-06 1.4882953e-06 8.2264955e-07 1.13496355e-07 8.487328e-08 7.3351856e-07 2.4312396e-07 2.9377827e-07 1.2921572e-08 8.6518264e-07 1.5839715e-09 1.1605987e-10
0.98827887 0.018337766 0.832559 0.034716595 0.13266519 0.7123639 0.009277595 0.027996374 0.016644366 0.000772449 0.0021401064 0.0052048797 0.06401409 0.9107864 0.0014426762 0.008227772 0.013947485 0.80724615 0.0031183625 0.000720356 9.8095855e-14 0.0008715016 0.04893208 0.04153723 6.2583854e-06 7.2182076e-05 0.00046689954 0.0011902862 0.00035823174 0.00012683327 0.97437495 0.7368225 2.939241e-06 0.004631959 0.00029942047 7.1829904e-06 0.017542947 4.1440894e-06 0.005056343 0.008787781 0.0012209046 0.87826097 2.775046e-05 7.7961064e-05 3.995815e-05 0.10893022 2.3431262e-06 0.0005757231 4.7041718e-05 0.0011652776 0.05977033 6.618858e-08 1.4988922e-07 7.765419e-08 5.4599723e-06 0.61696124 0.85484916 0.0024360477 0.0038436141 0.0019743214 0.43138352 0.5255496 0.016266327 0.75945795 4.3180714e-07 0.003341129 0.07876493 0.0005595319 0.0010519993 0.15578505 0.13149552 0.120979756 0.001288303 0.02260149 0.008175637 1.7533813e-06 0.00036928206 0.00051129336 0.000463286 0.0025300372 2.2640488e-06 0.008095432 0.00046412932 0.011305858 5.909122e-07 9.215826e-06 0.011024806 0.001487232 0.0028236383 0.00018900265 4.4952554e-05 0.0001254726 3.486962e-08 5.74034e-06 0.00015162014 0.00011231459 5.9239014e-06 1.9666252e-06 8.201116e-05 3.875077e-06 1.8266348e-07
0.9814303 0.040939532 0.0011033914 0.006581197 0.00015373515 3.017123e-05 0.00022566486 0.00020275517 0.96987915 0.21581624 0.0031952895 0.8974669 2.621689e-05 0.00011476191 0.12992238 0.00012320178 2.2494558e-05 1.45108415e-05 0.0005218563 0.172674 0.0008715016 1.2671282e-12 0.828517 7.5367316e-06 0.103604056 0.009243911 0.0027047945 2.0918362e-05 3.227228e-05 0.9097673 0.0017054421 0.011865055 0.063248836 0.084360525 4.03701e-05 1.1898548e-05 0.89904666 0.00046353703 5.210141e-06 1.6268498e-06 0.093703724 5.226255e-06 0.8500787 0.9607976 2.4307867e-06 0.031006373 0.06217444 0.02953511 3.6786813e-07 3.175757e-06 1.9130488e-05 0.16356874 0.005735374 0.009635606 4.4095617e-07 1.2172121e-05 5.9471702e-05 3.1127763e-06 0.014777786 2.8013635e-06 9.364794e-06 2.1971438e-05 0.007206501 4.5190788e-08 2.595554e-08 2.7168599e-05 6.671678e-05 0.0011018745 1.3871631e-06 3.0208641e-06 1.5703065e-06 7.0919434e-08 1.1694845e-05 2.7098756e-07 1.8738512e-05 8.7824205e-08 9.92753e-06 2.3102823e-06 3.7320857e-05 3.487161e-08 1.9732466e-05 1.4296195e-06 1.0762926e-06 4.4267726e-06 2.3836549e-08 2.2004801e-07 3.0209332e-08 3.678836e-07 1.5629074e-07 2.3087252e-06 7.9475046e-07 8.962094e-07 3.8110736e-07 4.4186567e-08 1.089922e-06 1.34751135e-08 6.316373e-08 2.6617178e-07 6.712049e-07 3.945221e-08 2.6335165e-09
0.9997938 0.07204386 0.017006647 0.06545755 0.006029627 0.003531755 0.006498665 0.006095828 0.79151595 0.13555895 0.012850978 0.39838892 0.0006633972 0.0017311675 0.03106804 0.0025468378 0.0008511631 0.0007787866 0.0076276488 0.01120147 0.04893208 0.828517 6.1842393e-12 0.00030075523 0.004047415 0.0012577858 0.0016390999 0.00095944427 0.00067422696 0.11446639 0.0076931873 0.020987391 0.00074482936 0.90994203 0.00096442143 8.750715e-05 0.9676756 0.0006590637 0.00055221264 0.0001194657 0.6712964 0.0025346933 0.041651394 0.48960644 0.0004288456 0.29047298 0.0003743623 0.5101267 0.00018459448 0.00016887774 0.0006606171 0.9339192 0.0018444122 0.0004381264 3.4254256e-06 0.0021926772 0.00083518826 0.00045099691 0.14123258 0.00030491335 0.0017207508 0.0019784842 0.009791056 0.00013183555 5.0868548e-05 0.00044274205 0.00078944693 0.00017596279 0.00052541605 0.00022727693 0.0004466654 0.0003252144 0.00028458564 0.00030178696 0.00015477979 4.7701473e-05 0.00032622178 0.00014418921 0.00082070753 8.326024e-05 0.0020568143 0.0002943362 0.00037176636 0.0006145112 2.3420816e-07 0.00016305684 7.896359e-05 0.00022274755 0.0003481954 0.00041118934 9.4143536e-05 0.00048181816 0.00022815102 8.9628884e-07 9.6709475e-05 4.1314877e-05 0.0003388361 2.6692576e-05 9.719401e-06 2.9739067e-07 9.807903e-10
0.9920625 0.005149822 0.5534603 0.00043245297 0.036827873 0.49689585 0.008209153 0.0038219274 1.7782853e-05 1.7778597e-05 0.00026222557 3.9606417e-05 0.30688885 0.3970636 4.6680583e-05 0.014491129 0.095035374 0.9613759 0.0004974651 2.2527802e-06 0.04153723 7.5367316e-06 0.00030075523 1.6491249e-10 3.4185791e-06 5.075513e-06 1.5911937e-05 0.0016791706 0.0011491437 1.0764087e-06 0.0048316643 0.009610478 1.386478e-06 7.872238e-05 0.008425222 0.00011788521 1.1047175e-05 1.4879032e-05 0.67682904 0.95920783 5.714201e-07 0.11004604 8.361465e-07 2.3298346e-06 0.07530037 5.408957e-05 7.3793713e-06 5.171338e-07 0.004627976 0.11909877 0.9092624 6.161246e-08 5.796285e-08 1.3561453e-06 0.005527232 0.12495959 0.00088189903 0.7604423 5.42862e-05 0.37043035 0.0018659319 0.06439456 2.8210085e-05 0.049918227 0.6309857 1.1300687e-05 8.778879e-06 3.4890624e-07 0.2648803 8.0203645e-05 0.0007787261 0.021588601 4.8417604e-07 0.0007615329 2.2013828e-07 0.027377203 2.074525e-08 1.4783556e-07 2.3403904e-06 0.00022607435 7.3728216e-08 0.04636193 2.0271143e-08 0.00020606282 0.00016164912 9.84863e-08 2.9872412e-05 1.231404e-05 9.280714e-06 7.0087674e-07 2.064698e-06 8.387569e-06 2.2091938e-07 8.667972e-05 2.6522692e-05 1.6339931e-06 3.5672708e-06 1.340416e-06 7.209941e-06 5.316989e-09 2.8096105e-09
0.49240276 0.0352113 0.00015480739 0.038090013 4.180077e-05 4.360532e-06 7.483106e-05 2.8001714e-05 0.10507689 0.47786352 0.033744458 0.44004092 2.9962066e-06 2.7702085e-06 0.5929769 2.5001307e-05 4.7283e-06 9.429619e-07 0.003972099 0.9970887 6.2583854e-06 0.103604056 0.004047415 3.4185791e-06 6.2641315e-13 0.9529131 0.2986952 0.00034065652 0.00044259048 0.60238767 1.1666729e-05 3.955142e-05 0.9889897 0.001778852 0.0009772029 0.0017680498 0.0038255302 0.050778084 2.098635e-06 2.946405e-07 0.000160135 3.546651e-07 0.027068514 0.009026922 4.692952e-05 6.4550135e-05 0.09024194 0.00013142858 3.0815004e-06 1.8654922e-05 6.996443e-06 0.0021295664 3.7759219e-06 0.00028242913 5.535244e-06 4.254736e-07 2.0563623e-06 2.769605e-05 0.00055281277 2.8820448e-06 2.073645e-06 1.401781e-06 6.4004875e-05 1.8038875e-07 0.00013125622 2.8451666e-08 2.8537443e-07 1.4109408e-05 1.5001078e-05 2.5510099e-07 6.8170684e-06 1.3639572e-06 1.3866922e-08 2.520422e-05 5.9629286e-07 2.0905178e-05 1.1781028e-09 3.5650651e-09 8.022246e-07 1.1705668e-07 1.5736737e-06 0.00018264756 3.1233842e-09 6.736247e-06 7.034938e-09 2.2056852e-08 2.5077304e-06 9.360129e-07 2.1204892e-06 2.1518154e-07 5.350414e-07 8.0246906e-08 1.162125e-06 1.18792105e-08 8.8278334e-08 6.5527075e-07 1.7728885e-07 3.6580285e-08 1.4700133e-05 7.8775465e-11 2.3920588e-11
0.35164544 0.07393121 0.00031626734 0.3202698 0.0001953678 6.706329e-05 0.00045125073 0.00028984758 0.02611467 0.35938495 0.52167565 0.09790579 5.970959e-05 1.0569333e-05 0.6768978 0.00021186924 0.00014681071 1.18085545e-05 0.019102756 0.80238676 7.2182076e-05 0.009243911 0.0012577858 5.075513e-06 0.9529131 3.7317813e-10 0.9930188 0.0025788122 0.0038297863 0.050849006 4.2498374e-05 0.00016493312 0.99530023 0.0004178953 0.0035347792 0.0015098958 0.00029344438 0.23316234 0.00025243082 1.8984147e-05 3.3984237e-05 1.2343834e-05 0.000644783 0.0005435449 0.00029585478 6.543746e-05 0.0129543515 2.1294027e-05 0.00013431518 5.2668605e-05 1.974747e-05 0.0001270942 4.361919e-07 2.4982099e-05 2.7281516e-05 2.1477746e-05 9.791279e-06 0.000101854224 0.00013089346 4.227725e-05 1.2543711e-05 2.1970412e-05 0.00011894527 5.708142e-06 0.00021669302 5.6124605e-07 2.8407878e-06 7.231895e-06 0.000509759 8.4473703e-07 1.1366783e-05 1.7427835e-06 1.4442625e-07 0.00032380814 1.3443097e-05 3.0435685e-05 2.1499673e-07 8.330721e-06 1.0950981e-06 3.4428194e-06 1.2606714e-06 0.00044140496 1.4952543e-07 0.00013290263 7.736086e-07 9.3967543e-07 3.1411644e-05 0.00014667778 6.4098946e-05 1.2353031e-05 7.427174e-05 1.6364625e-05 6.5706326e-06 1.6786325e-06 1.2354982e-06 2.2852522e-05 3.5966382e-06 1.6079392e-06 1.2735353e-05 1.6918802e-08 5.8377747e-10
0.55587167 0.2732074 0.001381329 0.615225 0.0018757834 0.00046682655 0.005339096 0.0030037244 0.010481604 0.27356303 0.9690738 0.044038013 0.00026823243 4.071545e-05 0.5401548 0.002217557 0.0008178498 7.0222966e-05 0.54438055 0.27766415 0.00046689954 0.0027047945 0.0016390999 1.5911937e-05 0.2986952 0.9930188 8.9386745e-12 0.12114875 0.061417468 0.0047699977 0.00031055888 0.0004546384 0.7885111 0.00039244117 0.016836766 0.17943424 0.00013831897 0.9880614 0.0004655024 3.0087238e-05 9.597082e-06 2.6442101e-05 2.2401668e-05 0.00010068467 0.00070241257 6.187659e-05 0.0013895392 7.728819e-06 0.00025305728 7.570506e-05 4.051164e-05 8.41959e-07 3.4927663e-08 3.3118397e-06 0.00011786284 1.1630636e-05 9.208825e-06 6.0783896e-06 3.7936028e-05 7.1056725e-06 1.2880106e-05 4.033554e-05 2.8318173e-05 5.2601217e-06 0.00012623318 2.3567215e-07 1.945564e-06 4.1765261e-07 3.0174308e-05 2.0209202e-06 4.1766716e-06 4.6677997e-07 1.0552e-07 3.951372e-05 3.6152803e-06 1.4344165e-05 2.4845631e-08 4.0276805e-07 1.7343716e-07 2.6710705e-07 3.325799e-07 0.0002803181 2.1911182e-08 5.4983026e-05 9.5737125e-09 1.3466565e-07 3.455856e-06 5.3057145e-05 4.1492282e-07 5.125724e-07 7.344892e-06 2.3998803e-07 4.0514882e-07 8.732644e-08 1.8936058e-08 3.879127e-07 5.262058e-08 5.2094503e-08 1.3121166e-06 5.5327676e-10 1.14348106e-11
0.79259706 0.22075334 0.015830379 0.31214914 0.14828473 0.008305378 0.6181692 0.50235456 0.00027590536 0.0012786351 0.59019154 0.00044551078 0.024854392 0.0020254885 0.003084151 0.4997202 0.7873807 0.00782793 0.99569345 0.00017412403 0.0011902862 2.0918362e-05 0.00095944427 0.0016791706 0.00034065652 0.0025788122 0.12114875 1.4592459e-12 0.99708855 4.2608674e-05 0.00037859354 0.000758036 0.0005189965 0.00013705525 0.6978318 0.75925094 2.5741387e-05 0.56022465 0.086127385 0.026906958 2.391303e-06 4.971483e-05 4.3481342e-07 5.5237265e-06 0.037025936 1.575523e-05 3.5346613e-05 2.9277403e-06 0.0017144419 0.0023291907 0.0005372362 3.7663803e-08 1.6990538e-07 6.339695e-07 0.00043761983 8.35434e-05 4.133058e-06 0.00021282854 1.0872721e-05 0.0002389158 4.6756745e-06 6.442928e-05 1.0626112e-05 2.2883709e-05 0.0003190541 4.9357844e-08 5.477645e-07 3.0177011e-07 3.5803263e-05 5.793497e-07 7.773652e-06 1.1154847e-06 1.4829327e-08 8.5946995e-06 2.8365407e-06 4.1320136e-06 3.8004027e-09 4.2482053e-08 3.7007318e-08 6.7977965e-07 1.2857119e-07 2.9121646e-05 1.7263547e-09 2.5947547e-06 3.5557292e-08 2.277955e-08 6.504021e-07 1.3361283e-07 2.1408788e-07 8.518191e-08 2.9685298e-06 3.3410998e-07 1.1786316e-08 1.3727639e-07 2.8162827e-07 3.3517544e-08 7.475769e-08 4.914026e-09 2.6039763e-06 7.312618e-11 6.7457e-11
0.7422512 0.20589724 0.008875475 0.065675594 0.05629695 0.0054104044 0.34175342 0.07751781 0.0002688935 0.0016604871 0.50188637 0.00059308275 0.0053222408 0.0016692386 0.004857989 0.24434796 0.4391973 0.0032467754 0.73409206 0.00016370534 0.00035823174 3.227228e-05 0.00067422696 0.0011491437 0.00044259048 0.0038297863 0.061417468 0.99708855 6.670426e-12 6.0026065e-05 0.00021812756 0.0005722799 0.00070033426 0.00017511255 0.98224294 0.9722589 1.9319643e-05 0.88667655 0.16466415 0.037147224 6.864392e-06 7.3115305e-05 2.2321143e-07 2.6797904e-06 0.11684207 1.0434517e-05 2.0991181e-05 3.6744934e-06 0.005915457 0.006752398 0.0009087917 2.5357906e-08 3.9416952e-07 2.6804164e-06 0.002007238 6.988438e-05 9.555201e-06 0.0004574054 3.9803563e-06 0.0007242648 1.4836084e-05 0.00010609987 1.4076278e-05 1.6089174e-05 0.0016999958 1.4540589e-08 2.66235e-07 7.219364e-07 0.00011000439 3.4370983e-06 2.4933448e-05 8.7428987e-07 3.8504924e-09 2.0759393e-05 1.2515493e-06 3.0630083e-05 8.728376e-09 5.6881436e-08 2.1759877e-08 1.688022e-06 2.2321845e-07 0.00021591307 7.512468e-10 2.5828387e-05 3.7257024e-07 1.9765979e-08 1.0259434e-06 3.0897175e-07 6.3501574e-07 3.2621614e-08 8.860023e-07 3.6726203e-07 1.3023911e-08 4.0597035e-07 1.8880321e-06 8.340348e-08 2.5891225e-07 7.462388e-09 1.9044513e-05 2.2589025e-10 1.2188049e-10
0.66607416 0.06728094 0.00097017083 0.0054767863 0.0002803526 0.00015917455 0.00029768056 0.00013224734 0.7381548 0.30063948 0.0076925224 0.98317415 9.428249e-06 1.5174924e-05 0.307716 6.682751e-05 2.8319659e-05 1.5527781e-05 0.00069185835 0.43431473 0.00012683327 0.9097673 0.11446639 1.0764087e-06 0.60238767 0.050849006 0.0047699977 4.2608674e-05 6.0026065e-05 1.4374736e-10 0.00083407067 0.0021386598 0.87190044 0.014212132 3.3866243e-05 5.5778994e-05 0.026612911 0.0020052767 2.33946e-06 3.396436e-08 0.006783508 9.588373e-06 0.9775165 0.13887517 2.5757927e-06 0.0027058886 0.9733773 0.00069773797 8.072122e-07 1.2039453e-06 1.488494e-06 0.00037408734 0.00020442081 0.0121033415 2.6714372e-07 8.4172297e-07 1.3049418e-05 1.8474707e-07 0.0014301282 2.2186114e-06 8.603347e-07 9.033151e-07 0.00069411594 2.4888319e-08 2.9406153e-06 8.240597e-07 4.822344e-06 9.439995e-05 2.0988777e-07 8.1826005e-07 3.2551273e-07 2.009284e-08 5.1652955e-07 7.091304e-07 1.4198699e-05 1.5211045e-07 2.8518658e-08 1.3775317e-06 2.1871583e-06 5.989731e-08 1.5644039e-06 7.9314685e-07 5.383896e-08 1.923479e-06 1.4498412e-08 1.604274e-08 1.3508337e-08 1.06589866e-07 8.326039e-09 8.153984e-08 5.1452264e-07 8.896188e-08 1.8380123e-07 3.9958528e-07 1.6674151e-07 6.0413885e-07 1.3623245e-08 1.6103193e-08 3.668065e-06 5.3194005e-10 5.352873e-11
