4.609758e-15 0.9508611 0.9957241 0.8367186 0.9729501 0.94082 0.94553274 0.8812727 0.982718 0.5676417 0.4028004 0.2682537 0.9263694 0.5193083 0.7764922 0.9998664 0.8857217 0.7759579 0.9769695 0.6052365 0.9735466 0.99427575 0.053307932 0.65414596 0.07159129 0.979881 0.9972091 0.96052784 0.7903037 0.5312829 0.9926803 0.67072207 0.74202746 0.99644554 0.63485456 0.19912715 0.0066418876 0.06112392 0.36700556 0.22309002 0.9998295 0.98553294 0.09344258 0.0023164346 0.7653506 0.97646815 0.97435147 0.0007398182 0.9944554 0.6513534 0.8752384 0.97634256 0.99975735 0.8966599 0.4190596 0.5612424 0.92232823 0.99991477 0.6484051 0.8411156 0.92461306 0.9853927 0.9924205 0.9712096 0.7132961 0.66637737 0.96442753 0.99929214 0.99430937 0.9655353 0.9587973 0.9733628 0.90500563 0.81916785 0.8337265 0.4708168 0.9781195 0.21829027 0.8080398 0.7235685 0.8655831 0.2238143 0.39633143 0.106753826 0.49478862 0.92927015 0.74498016 0.011902215 0.4463483 0.5582592 0.12155439 0.8566864 0.4229664 0.18236193 0.4244723 0.009687425 0.83189476 0.03687211 0.09844298 0.10507869 0.00014414439
0.9508611 8.651846e-10 0.98202974 0.422066 0.22885354 0.9640429 0.122429736 0.07668739 0.031165404 0.2092145 0.9634998 0.5038484 0.016533418 0.09699938 0.6348001 0.6578005 0.007707613 0.0012620037 0.047628134 0.64597493 0.002748664 0.03314454 0.09432186 0.007852792 0.3367923 0.00500913 0.039678287 0.00077636284 0.64923936 0.81523687 0.00021732714 0.004460225 0.0022689588 0.00092328584 0.030621279 3.0484722e-05 0.00036142566 0.0010345326 3.7596677e-05 0.0006755715 0.014356765 0.00576792 0.001476903 1.2873573e-05 0.0017585368 0.000100777375 0.0003035118 1.1631556e-07 0.000946251 9.028872e-05 3.8960334e-05 0.0018089517 0.004767256 0.00038961024 4.6181856e-05 0.000290853 6.872263e-05 0.00047683535 0.00055426266 8.04158e-05 8.9706875e-05 6.3161475e-05 4.8750047e-05 0.0022244824 0.000823537 0.000153989 3.251953e-05 5.329293e-06 3.3567914e-05 7.572246e-05 0.0001895982 6.291979e-05 8.260009e-05 0.00032506153 3.0129693e-06 2.0491141e-05 0.00014309071 8.774946e-06 3.8476715e-06 7.5967226e-05 0.00034641926 3.1091922e-06 3.2567077e-05 1.2157723e-07 5.4011243e-06 0.00012663602 3.8428916e-05 2.2824513e-07 4.2960853e-08 1.1642343e-05 7.2150115e-06 1.6465424e-07 7.399424e-07 5.6471283e-05 7.800286e-07 3.4884154e-06 3.3185628e-07 1.876845e-05 9.64226e-07 2.429455e-07 3.7654537e-08
0.9957241 0.98202974 1.0547908e-12 0.796706 0.9285891 0.8129104 0.4254166 0.25507542 0.25931668 0.42077044 0.27248156 0.12552676 0.15024136 0.070139796 0.1989472 0.88437396 0.046414077 0.0077992715 0.11445779 0.12495236 0.0063613956 0.16077165 0.01140363 0.06922283 0.00841536 0.0475587 0.06587766 0.007108605 0.11277604 0.16275142 0.005646913 0.008529638 0.0054047727 0.0041600256 0.006009709 0.0011574912 0.0002314426 0.000653423 0.000470017 0.0006301975 0.06298231 0.010627826 0.0005341362 5.2444113e-05 0.022629032 0.0010735188 0.009077359 3.7655525e-07 0.0031522815 0.0012182575 4.2282212e-05 0.008149644 0.02958258 0.002885963 0.00063620054 0.0004612728 0.000885097 0.0045943153 8.238422e-05 0.00045815433 0.00043610085 0.00063340657 0.0005590609 0.009332801 0.0020895922 0.0002541495 6.0872917e-05 5.494377e-05 8.706197e-05 0.00012213488 9.9090525e-05 0.000111558154 1.7160384e-05 0.0004017264 1.9713195e-06 7.694529e-05 0.0002078363 7.709891e-06 5.9412373e-06 0.000119097815 0.00026270215 2.618246e-05 4.4090993e-05 1.11841665e-07 3.4491652e-06 0.00024410593 1.0225818e-05 1.2769899e-06 1.8422486e-07 0.0003931499 3.5000653e-06 2.655592e-07 3.6863972e-07 1.1382404e-05 1.7637365e-05 1.1592504e-06 1.3282552e-07 0.00022110455 1.5327357e-06 1.6876976e-07 1.6452558e-08
0.8367186 0.422066 0.796706 8.1012214e-10 0.99512655 0.03569797 0.001681038 0.00069483323 0.00065526983 0.99458283 0.42871013 0.5944215 0.000601396 0.59242594 0.0012773019 0.29374057 0.00030610999 0.0001541999 0.5630127 0.0013705004 0.00012719496 0.40012708 0.1786576 0.30851886 0.002617723 0.10675668 0.0029678266 7.894959e-05 0.002061735 0.124256074 1.6920298e-05 0.00010062717 2.0281675e-05 4.9076625e-05 9.897511e-05 0.0025020463 0.007730253 2.0415577e-05 0.0012603162 1.8016028e-05 0.020497607 0.0012216261 2.7493024e-05 5.853047e-05 0.002502168 6.7844165e-05 9.688384e-05 1.8461118e-06 0.0012474556 0.00021531223 0.000296434 0.00089321664 0.002019183 1.20249315e-05 1.1610555e-05 0.0002885238 6.267372e-05 0.00042378934 3.1300853e-05 4.1728756e-05 9.666959e-06 9.797178e-05 9.821252e-06 0.0012846781 0.00038976056 1.043815e-05 3.4885586e-06 4.28264e-06 3.1038402e-05 5.724944e-06 0.000108840446 2.3517576e-05 6.21974e-06 7.729431e-06 1.4534864e-06 1.148449e-06 2.4562625e-05 7.846795e-06 6.893211e-06 1.6832357e-05 2.3583852e-05 6.8056715e-07 1.10720775e-05 4.3539035e-08 2.8411063e-07 6.156744e-05 3.1291675e-06 6.932797e-07 1.8177835e-06 2.66385e-06 5.4536704e-06 7.296324e-07 6.4538614e-07 3.6654757e-05 1.049415e-06 2.0448154e-07 7.332629e-08 3.5492785e-06 6.5746104e-07 3.2344533e-07 2.2410566e-08
0.9729501 0.22885354 0.9285891 0.99512655 1.4097348e-10 0.012733405 0.0011671787 0.0004965692 0.0004123446 0.84837645 0.15223745 0.25489023 0.00039993986 0.46664414 0.00080298324 0.5006401 0.0001218524 7.9951555e-05 0.9031537 0.0006398757 9.808742e-05 0.7239531 0.07692265 0.33051947 0.001396669 0.16586573 0.0023366918 1.8258286e-05 0.00080145616 0.06381995 9.498453e-06 1.9819336e-05 1.3001387e-06 7.8033365e-05 5.0841438e-05 0.005914309 0.01365772 5.637311e-06 0.0012372988 8.27497e-06 0.07967023 0.00085380854 1.14693685e-05 0.0001576128 0.013368352 6.6227476e-06 8.729523e-06 5.880123e-06 0.0018278271 0.0005266175 0.0007366041 0.00094620767 0.005058851 1.8968736e-06 1.742423e-06 0.00065615313 5.89118e-06 0.0012328295 2.6270313e-06 8.098937e-06 2.8511533e-06 2.3108034e-05 3.754818e-06 0.0036254695 0.002506821 1.0320571e-06 2.246707e-07 2.8611266e-05 2.1852162e-05 4.7587926e-07 0.00019716035 5.554985e-06 1.1052143e-06 7.216913e-07 1.1779372e-06 1.0370212e-07 5.2438836e-06 5.937796e-07 2.9113326e-06 2.1139472e-06 8.350568e-06 8.814217e-07 5.3032077e-06 2.6444255e-08 4.9373875e-07 9.452232e-06 5.154253e-07 7.2695144e-07 2.801004e-07 1.9716938e-06 1.2653943e-06 2.4958402e-07 8.482765e-08 1.341116e-05 7.0499146e-07 3.7723908e-08 2.1083638e-08 4.5517786e-06 1.3615484e-07 4.9174794e-08 1.8074772e-08
0.94082 0.9640429 0.8129104 0.03569797 0.012733405 2.0346067e-11 0.7384866 0.59232503 0.2829015 0.0050246986 0.7220636 0.051208682 0.4333675 0.0050487034 0.9941519 0.58936816 0.46934518 0.008166126 0.0056607057 0.7719917 0.008513113 0.007166678 0.0072223297 0.00082755345 0.51280826 0.0004183 0.077377744 0.002691076 0.42360213 0.69681597 0.00031775265 0.015144117 0.009440027 0.0030630915 0.014932767 8.705272e-06 0.00034194888 0.0012694859 4.2019594e-05 0.0018624021 0.0052186223 0.0032282996 0.0009749466 3.351323e-06 0.000907725 3.8968363e-05 0.00027713267 7.464214e-08 0.00019141028 4.307567e-05 5.608442e-07 0.0013794228 0.0024171274 0.00027239957 5.918591e-05 8.653187e-05 1.4043735e-05 0.00011734624 0.00020645188 3.5053585e-05 2.0040015e-05 6.8642944e-06 1.738433e-06 0.00028154574 0.0007253608 3.6318244e-05 1.5885366e-06 2.26343e-07 3.1222083e-07 7.199123e-07 7.548636e-06 2.5496931e-06 1.1223384e-06 4.311673e-05 1.412625e-07 1.8327063e-06 6.386813e-06 3.393442e-07 4.797928e-07 6.929376e-06 1.4616467e-05 5.70542e-08 3.0954882e-06 7.1894686e-09 2.6520981e-08 5.8353758e-06 6.203257e-07 3.5642508e-08 4.904204e-09 5.8138844e-06 8.978417e-07 1.0593838e-08 7.624752e-09 2.3459859e-06 3.0760697e-07 8.397862e-08 9.168151e-09 3.0617916e-06 1.4504634e-08 7.082359e-08 4.3731108e-09
0.94553274 0.122429736 0.4254166 0.001681038 0.0011671787 0.7384866 2.1476852e-12 0.9914124 0.9532451 0.00033297492 0.0101891 0.0005067847 0.9419023 4.721692e-05 0.5026834 0.86003727 0.7414649 0.5366963 0.0011021479 0.22549865 0.1588437 0.0010994336 0.00020554171 0.0002517464 0.008269633 0.00019544123 0.25115752 0.01871643 0.4013965 0.010439376 0.0060163666 0.24030635 0.21920228 0.005544244 0.05205838 3.3347842e-05 0.00025922296 0.0037784635 1.2114957e-05 0.0056318142 0.0044797617 0.005250402 0.0020953072 3.4846216e-06 0.0025365627 0.0005532957 0.016177844 1.4396502e-07 0.0002520957 9.995784e-05 6.578749e-07 0.0015713531 0.0092009595 0.005335261 0.0018730342 6.522258e-05 0.0002889969 0.00029412238 0.0005909975 0.00014501731 0.0003609928 0.00018031576 0.00012227507 0.0009597615 0.0020019559 0.0003319714 0.00010940272 7.756286e-06 7.224381e-06 4.2842352e-05 1.212979e-05 4.758196e-06 2.7027963e-05 0.0007791796 1.6572533e-07 9.778434e-05 8.687445e-05 8.926597e-06 1.0939551e-06 2.782669e-06 0.00027378695 7.696583e-07 1.0267113e-05 6.9194705e-08 1.2924365e-07 3.3610995e-05 3.4563356e-05 4.969574e-08 1.376229e-08 6.9186826e-05 1.208979e-06 2.5183857e-08 3.2791483e-08 1.2324826e-05 5.268124e-06 5.3580214e-07 3.713889e-09 1.2317153e-05 8.4365337e-07 2.2998196e-07 9.218547e-09
0.8812727 0.07668739 0.25507542 0.00069483323 0.0004965692 0.59232503 0.9914124 2.2373969e-15 0.967346 0.00022916129 0.007021038 0.00030840904 0.94543195 9.386808e-06 0.29909328 0.806879 0.79072356 0.8845829 0.00044347375 0.041049518 0.22167116 0.0011049352 0.00016143329 7.357388e-05 0.00207885 0.00013236784 0.2590882 0.046159346 0.04799995 0.0015042509 0.002354419 0.06851782 0.050539855 0.005234842 0.0071570855 5.1654556e-06 4.0573388e-05 0.000834192 7.710656e-06 0.0013861668 0.004240677 0.015140002 0.00043585844 2.6728188e-07 0.0011257469 0.0010163077 0.0036590777 2.44196e-08 0.00026995697 4.8739123e-05 1.2055635e-07 0.0018931039 0.008949554 0.00055776606 0.0005042491 3.0347172e-05 0.00036952356 0.0003962272 7.15518e-05 0.00018480937 9.060613e-05 0.00032719295 8.63781e-05 0.00030958102 0.00062006107 0.00013770038 4.0097406e-05 8.368409e-06 1.4449294e-05 7.940123e-06 5.513323e-06 3.5374312e-06 1.0427752e-05 9.292063e-05 6.1075184e-08 2.6019843e-05 1.482679e-05 1.2459236e-06 1.313063e-06 7.688521e-07 2.1277137e-05 1.2443282e-07 3.0850258e-06 3.871074e-09 8.7270955e-09 1.5008275e-05 1.2071679e-06 1.8425913e-09 1.7192143e-09 1.0178028e-05 5.7921045e-07 1.6724341e-08 4.161271e-09 3.9171982e-07 5.6023373e-07 3.270497e-08 1.6289556e-09 4.9562396e-07 3.9064485e-08 6.2258756e-08 2.6884803e-10
0.982718 0.031165404 0.25931668 0.00065526983 0.0004123446 0.2829015 0.9532451 0.967346 1.3307324e-13 0.0002138621 0.0020980686 0.00020580318 0.8494544 2.3321723e-05 0.12079832 0.9474473 0.6925297 0.8798891 0.00053810555 0.042829093 0.6601632 0.0005352134 9.389096e-05 9.313027e-05 0.0016103665 0.00015548758 0.8362273 0.15077145 0.1098188 0.002024744 0.043068804 0.16631533 0.18246736 0.023185628 0.026261149 1.1888352e-05 1.9858478e-05 0.0023098255 1.0213274e-05 0.003552281 0.0066285837 0.08231317 0.002109197 1.1778356e-07 0.0017911332 0.0046008527 0.026807778 3.032161e-08 0.00021122587 8.403755e-05 3.6738956e-07 0.012174044 0.036794268 0.005840571 0.002512964 0.00016780243 0.0032834874 0.0012812748 0.0007984268 0.0013552617 0.0017341576 0.0005762771 0.0002900475 0.0017544931 0.0011859952 0.00060317403 0.00029123688 3.6165202e-05 3.361218e-05 8.0303296e-05 3.4587094e-05 2.049896e-05 7.9845864e-05 0.00033889362 8.2334884e-07 0.00014407223 0.000109666056 1.3928933e-05 3.918553e-06 1.737721e-05 0.00038508084 5.8396013e-06 2.8726456e-05 3.2336523e-08 5.7002424e-08 8.938886e-05 7.4872064e-06 6.15973e-08 1.01799586e-07 4.0847994e-05 9.08679e-07 2.5758231e-07 7.1044624e-09 4.220009e-06 6.096656e-07 3.2145294e-07 2.983444e-08 5.1878988e-06 3.6333657e-07 6.74764e-08 2.4285548e-08
0.5676417 0.2092145 0.42077044 0.99458283 0.84837645 0.0050246986 0.00033297492 0.00022916129 0.0002138621 8.6447205e-10 0.32449663 0.75145626 0.000104880164 0.9972215 0.00010479258 0.078895874 7.636267e-05 4.2378935e-05 0.50815594 5.141553e-05 0.00011128655 0.2827723 0.4437572 0.4127097 0.0005187394 0.1272787 0.00088876707 1.4371001e-05 0.00013538722 0.015470418 1.0341744e-06 1.1562478e-05 7.152478e-07 9.418003e-06 1.6615515e-05 0.003230044 0.020288907 3.5104015e-06 0.0014724511 1.0086665e-05 0.006832166 0.0005446368 1.6432394e-06 3.2247237e-05 0.0018714573 2.0944071e-05 2.0061201e-05 6.599568e-07 0.00047931122 0.00010031798 0.0003712429 0.00045436338 0.0005210807 1.1739106e-05 2.7865221e-06 0.00019264071 7.035901e-06 0.00015240938 8.2629995e-06 1.0764472e-05 8.5216004e-07 1.0722832e-05 7.388163e-07 0.00037070233 0.00018126938 3.0061642e-06 5.4147836e-07 4.3125692e-07 6.9762154e-06 3.3396157e-07 1.231592e-05 9.295232e-06 2.0009145e-06 7.8648907e-07 1.8964042e-07 5.123767e-08 2.7003239e-06 1.6270701e-06 6.5920854e-06 2.3875955e-06 2.451048e-06 3.449139e-08 8.3572473e-07 1.8342327e-08 6.381705e-08 2.1559206e-06 9.34866e-08 5.5012684e-08 2.3282566e-07 1.9360118e-06 3.0570152e-06 3.850944e-07 2.0179792e-08 5.184501e-06 4.5465526e-07 3.77763e-09 3.7305824e-08 1.7350258e-06 1.633421e-08 1.6771433e-07 1.1219301e-09
0.4028004 0.9634998 0.27248156 0.42871013 0.15223745 0.7220636 0.0101891 0.007021038 0.0020980686 0.32449663 2.0743914e-11 0.9940002 0.0024565042 0.32097432 0.23103143 0.043723006 0.0017109573 0.00038637294 0.025879584 0.08371388 0.00043418922 0.009565847 0.7474052 0.008192835 0.23727055 0.0021742126 0.0011015479 0.00011177658 0.018057829 0.98458856 1.5555217e-05 0.0006419811 8.466461e-05 4.365373e-05 0.00063034595 5.902999e-05 0.0020772445 0.00022803465 8.853874e-05 0.00014626599 0.0005479386 0.0006193903 9.112807e-05 1.0050154e-06 0.00012469827 4.2484025e-05 5.8119196e-05 7.888033e-09 0.00012243014 5.495773e-06 3.4946786e-06 0.00018381537 0.00042095405 2.4224611e-05 9.92311e-06 6.01731e-06 2.0355463e-05 1.837189e-05 0.000103914936 7.31968e-05 1.8181277e-05 1.0970522e-05 8.926094e-06 1.9378213e-05 1.5757063e-05 9.82261e-06 5.0797353e-06 5.7336095e-08 1.9047792e-06 1.3449655e-06 7.24011e-07 9.76799e-06 8.566513e-05 5.2107796e-05 3.2870883e-08 5.6163394e-06 1.3706708e-05 8.224202e-06 3.581745e-06 1.1816957e-05 6.8878326e-05 1.9029406e-07 7.3751255e-07 2.1292911e-07 3.7610537e-08 0.00018857054 6.715522e-06 2.1108215e-07 9.4690904e-07 4.2150838e-05 3.3951907e-05 1.0938952e-07 4.050598e-08 0.00016727723 2.826797e-08 4.1407452e-07 3.3697795e-08 2.7333078e-07 3.3489982e-09 1.1678434e-06 2.3600782e-10
0.2682537 0.5038484 0.12552676 0.5944215 0.25489023 0.051208682 0.0005067847 0.00030840904 0.00020580318 0.75145626 0.9940002 1.2470771e-11 0.00017046965 0.909457 0.0025321227 0.010089038 0.00013457726 3.1585692e-05 0.06889284 0.0017064377 2.8732644e-05 0.016502792 0.99593806 0.07633225 0.0031671748 0.006992639 0.00018147576 5.579115e-06 0.0022236435 0.2675631 2.4396977e-06 0.00017278531 1.3973878e-05 6.3562193e-06 0.00014308757 0.0007522923 0.0271684 8.157598e-05 0.0004691317 4.4460754e-05 0.0005637502 3.302452e-05 7.546952e-06 1.4583981e-05 0.00024651227 1.23649725e-05 2.3791865e-05 1.8401556e-07 0.0002066418 1.0264538e-05 0.00020003479 1.7229273e-05 0.00010950856 4.2006453e-05 4.9381597e-05 6.795746e-06 7.3267574e-06 1.2452601e-05 5.7125122e-05 1.8112969e-05 4.5459524e-06 4.2806514e-06 4.1517164e-06 3.44447e-05 7.0498616e-05 2.3333336e-05 2.6985579e-06 9.611848e-08 7.2391504e-07 3.3370893e-06 2.5039235e-06 7.3210927e-06 0.00014781705 0.00012799393 4.0777756e-08 5.461793e-05 5.077239e-05 6.466609e-05 4.301212e-05 2.3057337e-05 0.00017772758 3.8544823e-07 6.2660174e-06 6.193509e-07 1.287392e-08 0.00029273247 1.2868767e-06 1.817014e-08 3.291284e-05 0.00010852215 3.3729546e-05 6.6436864e-06 1.7254242e-06 9.603862e-05 3.4795457e-07 7.07032e-08 3.5336362e-07 7.912434e-06 9.447856e-09 1.44826945e-05 3.4300458e-09
0.9263694 0.016533418 0.15024136 0.000601396 0.00039993986 0.4333675 0.9419023 0.94543195 0.8494544 0.000104880164 0.0024565042 0.00017046965 1.2553606e-11 8.1508515e-06 0.4336316 0.38707587 0.99097747 0.842226 0.0005607253 0.1842217 0.38794312 0.00028946775 3.7305486e-05 3.0405254e-05 0.009017603 7.515368e-05 0.23406845 0.083659835 0.6238387 0.0052675516 0.016575396 0.6370509 0.67202353 0.02418456 0.19758429 5.767716e-06 2.0024178e-05 0.0135619445 7.732534e-06 0.033444006 0.0020850864 0.006317973 0.009042353 4.5653962e-07 0.00021342833 0.0015778312 0.045133974 7.157511e-08 0.00016279735 7.720921e-06 4.5923915e-07 0.0022765787 0.009320291 0.023634449 0.007237637 1.3756341e-05 0.00070435146 0.00022030262 0.013239454 0.0006384226 0.001101676 0.00038836323 0.00049240806 0.0002508283 0.00042793681 0.0026840442 0.0006262932 5.1130337e-06 2.8661284e-06 0.000109211 4.5420109e-07 1.3473168e-05 0.0002586641 0.006245763 2.3742576e-08 0.0005292275 0.00056604086 2.6885207e-05 5.883962e-07 1.5750496e-05 0.0009339804 8.9061885e-08 1.3868087e-06 1.1091707e-08 1.7035998e-07 7.3756186e-05 3.0858984e-05 4.3752544e-09 4.02639e-07 0.00047913942 1.1504435e-05 6.926139e-08 1.169962e-07 4.4842214e-05 1.2485749e-06 3.4034558e-06 2.2698707e-08 1.1824015e-05 6.338951e-07 1.6657559e-07 2.6601128e-08
0.5193083 0.09699938 0.070139796 0.59242594 0.46664414 0.0050487034 4.721692e-05 9.386808e-06 2.3321723e-05 0.9972215 0.32097432 0.909457 8.1508515e-06 1.4330365e-13 0.00010943246 0.007459647 1.4176758e-06 9.1267486e-07 0.4475278 5.7819445e-05 1.7959187e-06 0.06967196 0.9916802 0.65864974 0.0014326208 0.058550633 0.00010439331 1.4392343e-07 0.00024852034 0.044049405 1.8965608e-06 1.5639914e-07 2.2428054e-08 8.252859e-07 1.5114739e-05 0.027872989 0.12432599 2.8845568e-07 0.0070068836 3.2668813e-06 0.002766614 1.4423994e-06 1.5630535e-07 0.0001309323 0.00313603 2.7261876e-07 1.517496e-06 4.7144144e-06 0.00077380496 7.193448e-05 0.0045692236 1.588841e-06 3.3845194e-05 2.9220892e-06 3.8839687e-07 6.0447775e-05 1.2761615e-07 2.298035e-05 8.974787e-05 5.244883e-08 7.509421e-09 7.5249267e-07 3.8183495e-07 0.0004617274 2.961457e-05 1.1153868e-06 1.1848882e-07 1.757969e-08 1.06843075e-07 2.9216363e-07 1.6837871e-06 1.0142955e-06 2.6599153e-06 1.2921141e-06 5.2331792e-09 1.1527431e-07 7.968494e-06 1.9019538e-07 5.22965e-08 1.63236e-07 8.0649e-06 3.3000923e-08 3.928716e-08 2.2000929e-08 3.5032144e-08 5.6993786e-06 2.6720258e-07 9.6654414e-11 2.9147218e-08 8.3198404e-07 4.19062e-06 2.1523881e-07 2.4271518e-08 6.5853055e-06 1.1645447e-08 3.799062e-09 7.9786915e-08 3.9415187e-07 2.3846143e-08 9.94922e-09 1.5372392e-09
0.7764922 0.6348001 0.1989472 0.0012773019 0.00080298324 0.9941519 0.5026834 0.29909328 0.12079832 0.00010479258 0.23103143 0.0025321227 0.4336316 0.00010943246 2.721091e-13 0.057736095 0.6947094 0.013721627 0.00022639237 0.9946285 0.0050699282 0.00010933159 0.00029479104 6.5782638e-06 0.80912983 4.29053e-06 0.01214986 0.003517003 0.73531836 0.57414716 0.0004631718 0.16491231 0.058531646 0.0017130405 0.035638947 9.916582e-08 3.941468e-06 0.0014066147 5.771846e-07 0.003144241 0.00038986668 0.0003750965 0.0006225328 7.3459695e-08 1.06084235e-05 2.8628241e-05 0.00014021595 2.7910675e-08 3.25773e-05 8.7072937e-07 8.161542e-09 0.00012049447 0.00060693396 0.0001404799 0.00013693716 2.3010975e-06 2.7671365e-05 2.2121105e-06 0.00023530533 5.9288675e-05 1.0155776e-05 2.9968896e-06 1.0788248e-06 1.0005946e-05 8.574626e-06 1.5206275e-05 2.993986e-07 4.1042664e-08 1.4550793e-07 3.6360558e-07 6.872419e-07 4.3638536e-07 1.9507327e-06 3.3938606e-05 3.619869e-08 3.2009668e-06 4.2026186e-06 1.2663605e-07 4.1542606e-07 1.4712874e-06 2.6352943e-06 5.7216436e-09 3.0091485e-07 5.0056737e-09 2.137382e-09 1.5617995e-06 2.2433373e-07 1.6927704e-09 4.79449e-10 7.545109e-06 5.7681865e-07 7.1526354e-09 4.1891117e-09 4.946977e-06 3.155006e-08 3.234905e-08 2.1884192e-09 1.6624905e-06 7.531927e-09 7.8824876e-08 2.6235047e-09
0.9998664 0.6578005 0.88437396 0.29374057 0.5006401 0.58936816 0.86003727 0.806879 0.9474473 0.078895874 0.043723006 0.010089038 0.38707587 0.007459647 0.057736095 8.3392244e-14 0.17506087 0.28747955 0.15340434 0.0193159 0.65116996 0.4915219 0.0009868934 0.014767474 0.0036883159 0.057140306 0.800583 0.08274647 0.020448865 0.0046155048 0.016570637 0.011138971 0.008265266 0.045116555 0.0035294031 0.00109407 0.0006912572 0.00093927555 0.000910868 0.0009155749 0.14409764 0.41145408 0.00025260905 7.3961264e-06 0.16400382 0.031807423 0.010303398 6.5583095e-07 0.009592746 0.0012963868 7.3586684e-06 0.058939036 0.07000671 0.0029057106 0.0013394495 0.00043493684 0.012044105 0.0141621055 4.8781694e-06 0.005985089 0.0014859405 0.0034864885 0.0013094173 0.02172535 0.0045244764 0.00043057353 0.000938632 0.00027842328 0.0007246518 0.00039481156 0.00017293151 0.0004211914 0.00018404605 9.983866e-05 2.2433544e-05 0.0005331769 0.00022601873 0.000106706386 0.00012326677 0.000486955 0.00073515903 9.01593e-05 0.00073203916 4.6792297e-06 4.9923183e-06 0.0018491321 2.3925244e-05 1.610867e-05 4.7028534e-05 0.0018552899 3.119809e-05 5.1073923e-05 5.3330855e-06 1.4705881e-05 0.00013459254 1.3339252e-06 1.3071214e-05 0.0012914601 8.79154e-06 9.4774705e-06 1.8480442e-08
0.8857217 0.007707613 0.046414077 0.00030610999 0.0001218524 0.46934518 0.7414649 0.79072356 0.6925297 7.636267e-05 0.0017109573 0.00013457726 0.99097747 1.4176758e-06 0.6947094 0.17506087 3.6536232e-11 0.97946256 0.00015381949 0.28748965 0.42269865 0.00019878118 8.9215966e-05 1.7044713e-05 0.02729445 1.3512376e-05 0.2566602 0.7535079 0.30098334 0.00082896417 0.07299143 0.8659557 0.8653173 0.032343306 0.094810374 2.5580945e-07 1.6179447e-05 0.008082341 1.0174635e-06 0.0313179 0.00064148207 0.009140404 0.002641414 2.2831662e-08 0.00020645799 0.0057998495 0.024694392 9.268994e-08 4.7505317e-05 1.48833315e-05 1.5889024e-07 0.0013744775 0.0067876563 0.0058714547 0.0055688163 0.00012367466 0.0034929216 0.000103136554 0.0017429475 0.0032042353 0.0015680328 0.00034116875 0.00025125398 4.347504e-05 0.00019826659 0.00056326465 0.00030405037 3.7634004e-06 6.2187073e-06 7.181158e-05 8.159612e-07 1.2204144e-05 5.4274507e-05 0.00033838852 9.598748e-08 0.00025116245 4.564774e-05 1.5760641e-05 2.5221186e-06 6.3702396e-07 0.00011930585 3.7917562e-06 4.808544e-06 2.4558105e-07 2.0714658e-07 4.9548973e-05 1.6072396e-05 2.9586857e-08 6.905745e-08 0.00035370231 1.5643836e-05 9.738309e-08 5.260741e-07 5.478905e-05 1.2753968e-06 7.759453e-06 3.558414e-07 9.6603275e-05 2.2343056e-07 3.0658794e-06 1.7796925e-08
0.7759579 0.0012620037 0.0077992715 0.0001541999 7.9951555e-05 0.008166126 0.5366963 0.8845829 0.8798891 4.2378935e-05 0.00038637294 3.1585692e-05 0.842226 9.1267486e-07 0.013721627 0.28747955 0.97946256 8.094514e-15 0.00010697068 0.0024085294 0.9799224 9.113703e-05 3.8314142e-06 3.1482073e-06 0.0002845848 1.2372473e-05 0.5445628 0.9792861 0.010091313 6.315738e-05 0.14913353 0.14604515 0.22919963 0.047658775 0.0062968205 4.963822e-07 5.4904344e-06 0.0011066484 4.5740953e-07 0.0042004297 0.00051124336 0.04693663 0.00097420544 4.3534785e-09 8.654351e-05 0.016742919 0.022958068 5.457122e-09 6.9488626e-05 1.29197e-06 7.807732e-08 0.007063999 0.0102888355 0.0050301044 0.0029683618 2.9913617e-06 0.005353834 0.00023913554 0.00014801792 0.0044837533 0.0026559546 0.0014139283 0.00051903335 6.0861184e-05 0.0003787889 0.00027266808 0.0006372492 2.6480964e-05 5.9803333e-05 0.00015306308 1.0826042e-06 6.105059e-05 7.139912e-05 0.00028393124 1.6898784e-07 0.00010711656 0.00014393545 3.9510687e-06 4.635052e-06 1.3874118e-06 9.568246e-05 3.7739888e-08 9.648979e-06 9.284523e-09 7.385969e-08 3.3426426e-05 1.0025054e-06 2.1490898e-09 1.4838842e-07 6.0080467e-05 3.3062604e-06 5.294751e-07 1.1945129e-07 1.6346787e-06 8.1050604e-07 1.8759323e-07 8.195893e-09 4.076996e-07 2.5139272e-08 3.8260333e-07 1.192902e-09
0.9769695 0.047628134 0.11445779 0.5630127 0.9031537 0.0056607057 0.0011021479 0.00044347375 0.00053810555 0.50815594 0.025879584 0.06889284 0.0005607253 0.4475278 0.00022639237 0.15340434 0.00015381949 0.00010697068 4.436505e-10 0.00015964553 0.000101481026 0.9804975 0.08540187 0.9784662 0.00046334678 0.8931536 0.0030469666 3.4079818e-05 0.00046088165 0.012478751 3.117674e-05 7.0322014e-05 6.486352e-06 9.850372e-05 9.258441e-05 0.57113063 0.06873576 1.740159e-05 0.23331365 4.0998602e-05 0.33528683 0.003169991 1.2074057e-05 0.0038581535 0.14222851 4.3640077e-05 4.600317e-05 0.00026419328 0.02097626 0.008646075 0.008526324 0.004124915 0.012127431 1.5858686e-05 4.3094657e-05 0.0016543684 9.749745e-05 0.004638875 1.7124843e-05 3.687108e-05 1.5263278e-06 6.919277e-05 1.4926699e-05 0.011287516 0.0024929228 1.9871379e-05 4.39248e-07 3.369325e-05 7.98002e-05 5.2342807e-06 0.0010322945 3.125903e-05 5.96972e-06 3.779087e-05 6.1388064e-06 5.983719e-06 1.1882581e-05 2.0194177e-06 2.1566662e-05 4.9064197e-06 2.8980294e-05 4.4861164e-05 4.4892575e-05 6.7433206e-07 3.2645752e-05 1.6143675e-05 1.232268e-06 9.649058e-07 3.6378802e-07 2.2247144e-05 1.5827616e-06 1.5479559e-06 3.5540445e-06 1.2324638e-05 1.2594294e-05 1.9653736e-07 1.8306511e-07 2.2603044e-05 4.5128968e-07 6.093082e-07 2.0346718e-08
0.6052365 0.64597493 0.12495236 0.0013705004 0.0006398757 0.7719917 0.22549865 0.041049518 0.042829093 5.141553e-05 0.08371388 0.0017064377 0.1842217 5.7819445e-05 0.9946285 0.0193159 0.28748965 0.0024085294 0.00015964553 1.743849e-12 0.0028366325 7.689416e-05 0.0002534024 2.7156252e-06 0.96666723 2.716164e-06 0.005558051 0.0014427537 0.97587013 0.83279353 0.00020659134 0.1941172 0.06145769 0.00081767427 0.09839135 4.2978886e-08 1.2499271e-06 0.005872448 2.2434571e-07 0.009238323 0.0001151712 0.0001057214 0.0017771572 1.4918984e-07 3.7783786e-06 2.050418e-05 8.7285516e-05 6.712442e-08 2.7081962e-05 4.401917e-06 2.9661484e-09 4.2231073e-05 0.00023743304 5.720254e-05 0.00022914207 1.2461244e-06 1.2011613e-05 9.80443e-07 0.00089660013 3.2623717e-05 2.5441211e-06 6.0624575e-06 1.1344923e-06 1.1230676e-06 5.625039e-06 4.096503e-05 1.5645702e-07 1.7826787e-08 4.4726786e-08 3.470204e-07 3.0146606e-07 5.0448716e-07 1.3752306e-06 5.1935844e-05 3.9926222e-09 2.2024296e-06 4.1346784e-06 3.2716997e-07 4.1026448e-07 1.4309726e-06 4.356903e-06 4.494734e-08 6.21379e-07 4.2500674e-09 7.4639965e-09 8.7550425e-06 5.7943475e-07 5.796345e-10 1.5516352e-09 1.2824386e-05 1.4146048e-06 6.938948e-09 5.7999645e-09 2.4886054e-05 3.1674208e-08 5.808168e-07 2.343661e-09 3.4278376e-06 2.7662693e-08 4.3659284e-08 1.10879625e-08
0.9735466 0.002748664 0.0063613956 0.00012719496 9.808742e-05 0.008513113 0.1588437 0.22167116 0.6601632 0.00011128655 0.00043418922 2.8732644e-05 0.38794312 1.7959187e-06 0.0050699282 0.65116996 0.42269865 0.9799224 0.000101481026 0.0028366325 1.7514825e-12 6.8839516e-05 7.79588e-06 5.2929787e-05 0.0002586878 2.2494558e-05 0.9787396 0.95197874 0.00963635 7.689915e-05 0.5319117 0.14898662 0.28250512 0.27153936 0.008861959 5.274033e-07 3.4195084e-06 0.0011860365 5.678754e-07 0.005810457 0.0027221923 0.5499987 0.0025607652 5.8061076e-09 0.00049799716 0.07451683 0.20315841 8.706496e-09 9.954773e-05 5.4101383e-05 1.8305185e-07 0.047013685 0.062161706 0.02611969 0.016730301 0.00014624714 0.06001403 0.00091275247 0.0009016223 0.045399792 0.03100726 0.0022799636 0.0014945895 0.001068679 0.0008925406 0.0028993879 0.0042983936 6.621684e-05 0.00014489042 0.0004524817 3.4317152e-05 0.00020331494 0.00025536012 0.0038202843 3.0057513e-06 0.00077680347 0.0014205939 0.000106081054 2.7194104e-05 7.793951e-05 0.0020957359 8.244289e-06 5.9293707e-05 1.3268208e-07 1.3688238e-07 0.0007598437 6.0535865e-05 1.6290319e-07 1.8120726e-07 0.0010409025 2.0893688e-06 1.306727e-06 6.0462156e-08 1.0459769e-06 1.1512265e-06 4.9620612e-05 3.6220564e-07 0.00010384488 1.1614491e-06 2.743129e-07 2.4894743e-07
0.99427575 0.03314454 0.16077165 0.40012708 0.7239531 0.007166678 0.0010994336 0.0011049352 0.0005352134 0.2827723 0.009565847 0.016502792 0.00028946775 0.06967196 0.00010933159 0.4915219 0.00019878118 9.113703e-05 0.9804975 7.689416e-05 6.8839516e-05 9.980979e-13 0.02483722 0.7327558 0.000107325875 0.97305065 0.007312525 4.198643e-05 0.00018083048 0.0018721553 7.3137035e-06 1.811264e-05 2.4438498e-06 0.00011840982 1.1182897e-05 0.25160965 0.027496964 4.8636293e-06 0.3315728 2.4923356e-06 0.75797176 0.007589192 1.0170482e-06 0.0007945593 0.7933942 5.6578017e-05 1.3956724e-05 0.00017150544 0.029367214 0.02958239 0.004294362 0.0091532525 0.02354148 1.2558296e-06 6.0955895e-06 0.008628089 2.556953e-05 0.047642868 1.0799822e-07 3.452751e-05 6.8853234e-07 6.496013e-05 4.1419403e-06 0.02140728 0.011761475 1.982645e-06 3.161084e-08 6.218076e-05 0.00010783774 8.6527336e-07 0.0011876454 4.9308915e-06 4.0171212e-08 6.1804514e-07 4.1477156e-06 5.5723118e-05 2.3363987e-06 1.2454703e-07 1.0654983e-05 2.5742023e-07 1.4825906e-06 1.1197347e-05 9.189651e-05 2.8248203e-07 3.8301573e-06 8.9814785e-06 1.7027067e-07 4.8603164e-07 1.6541615e-07 1.747507e-06 3.4660018e-06 3.2230464e-06 3.225874e-07 1.992781e-06 5.6922954e-06 1.6807451e-08 2.1544851e-07 0.00012048653 6.9190444e-09 3.2886985e-07 3.1745075e-09
0.053307932 0.09432186 0.01140363 0.1786576 0.07692265 0.0072223297 0.00020554171 0.00016143329 9.389096e-05 0.4437572 0.7474052 0.99593806 3.7305486e-05 0.9916802 0.00029479104 0.0009868934 8.9215966e-05 3.8314142e-06 0.08540187 0.0002534024 7.79588e-06 0.02483722 5.981811e-14 0.83003795 0.0072822897 0.055316024 3.8970775e-05 3.631137e-06 3.9439517e-05 0.7680323 1.1840043e-06 4.4484186e-06 5.22842e-07 1.1282118e-06 1.2030483e-05 0.012276829 0.6700328 2.156663e-06 0.0010943335 1.4378878e-06 0.00023071011 1.185662e-06 3.09322e-07 0.00013797116 0.00024235486 1.6648666e-05 5.344287e-06 4.1752517e-07 0.00015757688 3.718942e-06 6.2363266e-05 9.193455e-07 5.6010845e-06 1.0319272e-06 9.119806e-07 4.146762e-06 5.6597355e-06 1.0193575e-06 1.629505e-06 6.03401e-06 3.1227353e-07 2.6534597e-06 2.2792251e-07 9.0733073e-07 7.2996622e-06 1.308519e-06 6.3281306e-08 3.1997917e-08 1.4233379e-07 1.8847028e-07 1.4125138e-08 2.707512e-07 6.6836367e-07 3.147568e-06 1.6567688e-08 1.3591477e-06 1.3572695e-08 7.7325376e-07 1.2181138e-06 6.7105994e-08 4.1509998e-06 6.650098e-09 1.2191265e-07 2.7472089e-08 2.9973253e-09 1.2301945e-06 1.2436217e-06 3.915605e-10 1.2683877e-07 7.2622737e-07 9.275369e-06 5.6520868e-08 1.5074352e-08 1.9467863e-05 3.1501592e-08 1.992586e-09 2.7114613e-08 4.8030284e-07 3.849947e-10 4.4283703e-07 1.2012001e-11
0.65414596 0.007852792 0.06922283 0.30851886 0.33051947 0.00082755345 0.0002517464 7.357388e-05 9.313027e-05 0.4127097 0.008192835 0.07633225 3.0405254e-05 0.65864974 6.5782638e-06 0.014767474 1.7044713e-05 3.1482073e-06 0.9784662 2.7156252e-06 5.2929787e-05 0.7327558 0.83003795 7.785369e-11 3.197274e-05 0.9002111 0.00038555893 4.3279147e-06 5.3503345e-06 0.00083571445 2.6871592e-07 4.793391e-07 5.223347e-09 1.3330438e-06 1.3076295e-06 0.97876525 0.96852696 2.944245e-07 0.06747903 2.344095e-07 0.08205386 4.296932e-05 8.6383494e-08 0.0058126682 0.028674373 3.0239512e-06 5.396375e-07 0.00013043763 0.007794397 0.0046218145 0.00068042637 0.0003217936 0.0014757885 4.587268e-08 1.0086593e-06 0.0005535078 1.8481437e-07 0.00092786655 5.204482e-07 5.1973495e-07 3.1759203e-08 1.059486e-06 1.4398863e-07 0.0012581667 0.00071285834 5.2536638e-08 1.6882014e-09 1.5224215e-06 4.0321447e-06 2.4696144e-08 3.099383e-05 4.2163724e-06 1.4336737e-07 6.7596325e-08 3.8122838e-07 4.525824e-08 1.17384225e-07 3.5414004e-08 3.0357576e-06 1.8267496e-09 6.5496647e-07 6.948647e-08 2.3234888e-06 2.5733224e-08 7.738377e-08 5.3568947e-08 6.9746284e-09 2.0522066e-08 1.9405755e-08 1.5930144e-07 9.17781e-07 8.514077e-09 3.053552e-09 4.1552735e-06 5.170951e-08 2.3636428e-09 9.1849667e-10 9.595269e-08 8.5144464e-10 6.732676e-08 7.185198e-11
0.07159129 0.3367923 0.00841536 0.002617723 0.001396669 0.51280826 0.008269633 0.00207885 0.0016103665 0.0005187394 0.23727055 0.0031671748 0.009017603 0.0014326208 0.80912983 0.0036883159 0.02729445 0.0002845848 0.00046334678 0.96666723 0.0002586878 0.000107325875 0.0072822897 3.197274e-05 2.0063072e-13 4.643126e-06 0.00041590002 0.00010671879 0.9800098 0.9997973 3.8624676e-05 0.30939767 0.037880745 3.915552e-05 0.4939627 3.7113256e-07 7.924959e-05 0.3278853 1.8421795e-06 0.026321424 3.5599383e-05 3.6904444e-06 0.17777234 2.3138972e-07 2.21953e-06 4.1173726e-06 3.4310342e-05 4.4897024e-09 2.4358256e-05 1.5383504e-06 6.9447374e-08 1.146605e-06 1.10969195e-05 0.00015842264 0.0013884994 9.466764e-08 1.7545857e-06 3.3366263e-07 0.014572111 1.2489065e-05 1.6281599e-06 1.2975512e-06 6.0501753e-07 3.9894426e-06 6.157317e-06 0.00017282864 2.0876867e-07 2.0526844e-08 5.5864195e-08 1.1776631e-06 2.0673756e-08 1.3962007e-07 7.586055e-06 0.0013883292 7.749416e-10 0.00019788972 1.0482712e-05 1.7259452e-05 1.3887866e-07 3.0108768e-05 5.4388187e-05 2.0605809e-08 1.7792046e-07 1.4798671e-08 6.5974115e-10 7.5188305e-05 1.0414068e-05 1.0927845e-09 4.5750897e-07 1.430257e-05 1.8555702e-05 3.341186e-07 9.2190044e-07 0.0017864768 6.266274e-08 1.6559689e-07 2.6646615e-07 2.7109897e-07 5.8633795e-08 6.859206e-07 1.931391e-09
0.979881 0.00500913 0.0475587 0.10675668 0.16586573 0.0004183 0.00019544123 0.00013236784 0.00015548758 0.1272787 0.0021742126 0.006992639 7.515368e-05 0.058550633 4.29053e-06 0.057140306 1.3512376e-05 1.2372473e-05 0.8931536 2.716164e-06 2.2494558e-05 0.97305065 0.055316024 0.9002111 4.643126e-06 3.6063933e-13 0.0011054542 8.058558e-06 8.720045e-06 0.00029433004 1.8661478e-06 1.4961024e-06 4.9004035e-07 3.6528258e-05 1.9608308e-06 0.8846878 0.049722336 1.9489167e-07 0.92655754 1.2600416e-06 0.7151966 0.00050657714 3.2280587e-07 0.0032183365 0.9150562 3.055902e-06 2.5998052e-06 0.0024309154 0.058499437 0.09071483 0.20112033 0.00096337503 0.0145607665 3.6043514e-07 4.949503e-07 0.03309361 1.7697828e-06 0.018249324 2.6136469e-08 3.6582696e-06 5.040281e-08 1.935638e-05 6.702313e-07 0.011286387 0.006932368 4.3696465e-07 6.971782e-09 1.5942333e-05 4.984871e-05 2.2063428e-07 0.0007763369 4.119808e-06 2.3641308e-08 7.7263564e-08 6.18919e-06 4.5137227e-07 1.5945858e-07 5.0341393e-09 4.0013674e-05 2.390443e-08 7.5982723e-07 5.8370347e-06 5.551037e-05 4.6775654e-08 8.110735e-07 1.5196539e-06 1.0305272e-09 4.670104e-08 3.3663106e-08 3.1882092e-07 5.088514e-07 5.3791336e-08 1.1747555e-08 2.996085e-07 3.4637847e-06 8.819398e-09 2.6753966e-09 4.2159745e-06 1.5977314e-10 2.0420197e-08 1.7636294e-10
0.9972091 0.039678287 0.06587766 0.0029678266 0.0023366918 0.077377744 0.25115752 0.2590882 0.8362273 0.00088876707 0.0011015479 0.00018147576 0.23406845 0.00010439331 0.01214986 0.800583 0.2566602 0.5445628 0.0030469666 0.005558051 0.9787396 0.007312525 3.8970775e-05 0.00038555893 0.00041590002 0.0011054542 3.8154822e-12 0.8597786 0.012549341 0.000216523 0.6074908 0.062374033 0.12303333 0.6252825 0.0027850468 0.00021348064 2.128733e-05 0.00064643647 3.990217e-05 0.0020085296 0.00972816 0.87884134 0.000684581 4.7145872e-07 0.0065833726 0.49069047 0.41902256 3.7350745e-08 0.0005802613 0.00037137888 3.7533232e-07 0.10768654 0.1464103 0.05794248 0.014044775 0.00016091036 0.27917123 0.008418889 0.0006359831 0.117467955 0.28127512 0.0359574 0.037167422 0.004601728 0.002401994 0.008835658 0.07171205 0.0005101115 0.001435085 0.016734116 0.00011054579 0.0042018616 0.005058241 0.007617904 3.509105e-05 0.00073619286 0.009615728 0.00029546287 0.00012389968 0.003375787 0.0055826814 5.045839e-05 0.00025237378 7.498471e-07 1.2659749e-06 0.010920764 0.00033390184 9.987431e-06 0.000113348884 0.006467392 4.02019e-05 3.472558e-05 5.8852165e-06 8.371926e-05 7.005748e-05 8.0406826e-05 1.0526595e-06 0.0008056456 2.457338e-05 1.2872553e-05 8.968156e-07
0.96052784 0.00077636284 0.007108605 7.894959e-05 1.8258286e-05 0.002691076 0.01871643 0.046159346 0.15077145 1.4371001e-05 0.00011177658 5.579115e-06 0.083659835 1.4392343e-07 0.003517003 0.08274647 0.7535079 0.9792861 3.4079818e-05 0.0014427537 0.95197874 4.198643e-05 3.631137e-06 4.3279147e-06 0.00010671879 8.058558e-06 0.8597786 3.571748e-13 0.004327857 8.385409e-06 0.9440149 0.55733526 0.79739857 0.7421234 0.0042107427 8.962679e-08 2.5817762e-06 0.0018285114 8.9129685e-08 0.016588332 0.00076041126 0.74418235 0.001687175 7.401378e-09 4.195685e-05 0.70664066 0.6810061 2.1042341e-08 4.9411137e-05 1.9282893e-06 6.523352e-09 0.090567656 0.046805102 0.08799977 0.104109734 6.1143483e-06 0.52067494 0.00017970598 0.0015150739 0.37239885 0.20826295 0.023657043 0.0031234638 0.00011553103 0.00028817923 0.025710512 0.008043916 3.0120229e-05 0.00013458497 0.00054493506 1.867746e-05 0.00015386262 0.00024515926 0.0028058824 1.2659224e-05 0.0033941646 0.003072158 8.312243e-05 2.52319e-05 8.196277e-05 0.0024552967 7.1270915e-06 3.806421e-05 1.2681589e-07 1.919842e-07 0.00030464798 9.205431e-05 8.146103e-08 2.865526e-07 0.003089142 5.2706314e-06 2.6751442e-07 2.7579995e-07 1.2083341e-05 9.1221636e-07 0.00033756468 6.5797245e-08 4.8273574e-05 4.993254e-07 7.947763e-07 1.1860578e-06
0.7903037 0.64923936 0.11277604 0.002061735 0.00080145616 0.42360213 0.4013965 0.04799995 0.1098188 0.00013538722 0.018057829 0.0022236435 0.6238387 0.00024852034 0.73531836 0.020448865 0.30098334 0.010091313 0.00046088165 0.97587013 0.00963635 0.00018083048 3.9439517e-05 5.3503345e-06 0.9800098 8.720045e-06 0.012549341 0.004327857 1.02583574e-10 0.611481 0.0044638305 0.9209423 0.62785035 0.0021167668 0.98233914 2.1586743e-07 1.14609165e-05 0.2346943 1.2782048e-06 0.40441307 0.00031130319 0.00017710643 0.11082561 3.1100538e-07 2.4181425e-05 6.716147e-05 0.0018145223 1.4980975e-07 3.302087e-05 1.1965925e-05 1.1692314e-07 5.6000354e-05 0.0002930048 0.0012241049 0.0028850425 4.473686e-06 2.3145196e-05 1.2227023e-05 0.18210573 3.6685815e-05 2.6787415e-05 6.7000933e-06 1.01978e-05 3.191108e-05 6.8568947e-06 0.00053403585 1.2498521e-06 3.8550354e-08 1.16316116e-07 2.0032303e-06 1.4095731e-05 3.5828928e-06 3.4248165e-05 0.007254089 4.7157183e-08 0.00022149055 9.961696e-05 3.8991708e-05 8.2218287e-07 6.8590402e-06 0.0011221727 1.2356467e-06 1.9503682e-06 6.615665e-08 1.5473145e-07 4.507318e-05 9.25295e-05 3.338399e-09 4.9005627e-07 0.00048386937 1.8337423e-05 6.394642e-07 2.6808175e-08 0.00040323928 2.0987078e-07 0.00020723166 4.5637748e-08 1.4145866e-05 5.840596e-07 8.5283e-07 2.655706e-07
0.5312829 0.81523687 0.16275142 0.124256074 0.06381995 0.69681597 0.010439376 0.0015042509 0.002024744 0.015470418 0.98458856 0.2675631 0.0052675516 0.044049405 0.57414716 0.0046155048 0.00082896417 6.315738e-05 0.012478751 0.83279353 7.689915e-05 0.0018721553 0.7680323 0.00083571445 0.9997973 0.00029433004 0.000216523 8.385409e-06 0.611481 1.3677253e-14 5.7517923e-06 0.0004550153 1.0461161e-05 1.8303668e-05 0.011420244 1.50453925e-05 0.048316166 0.00476596 1.1064034e-05 0.00087140145 0.0003835785 2.2426175e-06 0.0019124551 1.6326294e-05 1.7684508e-05 3.0060867e-06 5.0590634e-06 1.3179739e-07 5.6644367e-05 4.35837e-06 4.0985174e-06 4.856953e-07 7.900694e-06 8.353674e-06 1.6311742e-05 7.663032e-07 1.491794e-06 1.9566428e-06 0.00016775682 8.459556e-06 5.698028e-07 1.2361393e-06 5.652818e-07 9.2547025e-06 3.3814624e-06 1.900805e-06 1.0783802e-08 1.1369931e-08 3.101995e-08 8.017759e-08 3.3059194e-08 7.540627e-08 9.71769e-07 6.246373e-05 1.8682305e-09 4.5386634e-05 2.4633658e-07 1.8947151e-06 3.6521777e-07 4.5657682e-08 2.3752214e-05 1.9791822e-08 1.826183e-08 2.1637042e-08 2.1642221e-10 3.0652159e-06 1.4088278e-06 3.6162764e-10 1.208749e-07 6.509737e-05 2.3711138e-05 1.2476208e-09 8.208701e-10 0.000354146 5.155054e-09 2.5998708e-07 8.0124923e-10 2.1237248e-08 5.3689186e-10 4.8169884e-08 6.7949796e-10
