3.151302e-15 0.90877736 0.87663776 0.9448488 0.9827896 0.9557302 0.9937405 0.95710295 0.5787497 0.9199382 0.8973193 0.96913576 0.9960951 0.95076054 0.9731248 0.9643708 0.81645185 0.2450342 0.9959282 0.4950446 0.08524306 0.59708875 0.076239415 0.78286844 0.96517307 0.90618604 0.92486644 0.9830037 0.85374665 0.91091895 0.9027072 0.9401113 0.9809573 0.9931547 0.99791145 0.7137282 0.7148836 0.85513955 0.93746346 0.2784891 0.6482113 0.9569846 0.9999432 0.96177834 0.9755233 0.88932014 0.99594337 0.8952965 0.6348218 0.4028675 0.94012266 0.15918992 0.88321936 0.9829839 0.999878 0.5099995 0.63612854 0.8452289 0.5213224 0.9858245 0.018296976 0.88225806 0.98330986 0.9716407 0.99126875 0.6386478 0.82083774 0.7518728 0.83281624 0.85177386 0.17950048 0.5966122 0.7319069 0.9394748 0.81077635 0.9159042 0.5094032 0.9997662 0.7668297 0.4694183 0.46546525 0.07520366 0.0010556303 0.011721455 0.4784392 0.20073748 0.0051699583 0.007905809 0.042405784 0.9992453 0.0036876881 0.9661251 0.015305654 0.056501113 0.9343438 0.9960131 0.4679356 0.43825912 0.00018705313 0.82372445 0.026306557
0.90877736 5.3389466e-14 0.99316776 0.5059664 0.95430475 0.7884809 0.7828044 0.19570161 0.2481382 0.88465834 0.031704027 0.66821676 0.019354606 0.52636045 0.8054524 0.021816807 0.005130968 0.012207253 0.7452165 0.0010074456 0.008826302 4.563429e-05 3.7645153e-05 0.006053197 0.021966299 0.0035903258 0.0015626601 0.0018978682 0.08366922 0.00071243057 0.0002000823 0.00045987868 0.8302937 0.6823465 0.13119586 0.16660418 7.678841e-05 1.5563883e-05 8.424783e-06 6.163074e-06 0.1411222 0.16067651 0.0022249322 8.158279e-06 0.6766633 1.126316e-05 8.5687774e-05 0.010007741 5.485248e-06 5.904505e-06 0.46557748 1.3721532e-06 4.3659682e-07 2.1855432e-07 0.037286144 2.519199e-07 0.00023267773 0.00017224978 1.8456557e-08 0.39894602 4.3968012e-07 0.1832999 0.000105421575 4.4243558e-07 1.6296246e-06 0.10829719 0.013934382 0.005096795 0.001995184 2.9081042e-05 0.0011104245 6.4219016e-08 0.03107154 7.1148804e-08 0.0760729 0.20418298 2.4501212e-05 0.00022212115 9.519751e-07 0.015961692 0.008764635 5.4259235e-05 3.7403058e-07 0.0013373075 0.0020942416 1.2922787e-05 4.5999925e-05 0.00024458198 7.021305e-07 0.0006227207 1.4829485e-06 1.7485598e-05 0.00016828353 3.1858235e-05 1.8006975e-09 0.0009682728 6.3821612e-06 6.8435543e-06 5.3760868e-08 0.000117170224 6.871594e-07
0.87663776 0.99316776 4.6196533e-14 0.5041988 0.50969714 0.9876971 0.59876764 0.1445473 0.1276116 0.44755462 0.0073839133 0.21834993 0.041897457 0.50783116 0.7832259 0.00599927 0.022735536 0.022623185 0.74617714 0.0018357118 0.03243631 2.0489539e-05 6.042619e-06 0.0047133537 0.019137247 0.0048797424 0.00082550244 0.0013918437 0.0111428425 0.0006489916 0.00026782014 0.00017990782 0.12803179 0.58537996 0.104358606 0.048507355 8.440969e-05 1.1598879e-05 1.4235444e-05 3.2954754e-06 0.025613494 0.20169902 0.006872129 0.00012728792 0.09746856 7.6166907e-06 0.00020104401 0.005683362 1.1859714e-05 3.0398469e-05 0.037991215 1.607284e-05 1.2537278e-05 1.1719424e-06 0.036932137 2.5159804e-06 5.382806e-05 8.5044536e-05 2.1707399e-08 0.029316993 5.665017e-06 0.026478952 0.00034783265 1.7938844e-05 2.583457e-05 0.011596885 0.008628336 5.0945306e-05 5.542658e-05 2.3181074e-05 0.00012808821 5.3556107e-07 0.00319514 4.81181e-06 0.0036153824 0.007509655 1.0439514e-05 0.00059354526 7.797377e-07 0.0005243709 0.0037632913 5.0348817e-06 2.2475943e-07 8.98658e-05 6.736452e-06 1.7584009e-05 6.560861e-05 2.0094156e-05 7.217942e-08 0.0005805123 8.603552e-07 2.7513177e-06 1.6704456e-05 1.868931e-05 1.8013544e-08 0.00014365665 2.8330542e-05 1.7259327e-06 7.326422e-08 5.5783625e-05 3.333878e-07
0.9448488 0.5059664 0.5041988 1.1814831e-12 0.077846885 0.6162203 0.015023191 0.97454417 0.9246131 0.9137348 0.8063172 0.0016515206 0.9804563 0.60053724 0.007595427 0.0002890443 0.2779635 0.32761043 0.67571145 0.024146488 0.52679026 0.0016502768 0.0019485911 0.016414182 0.08830287 0.035690997 0.024115529 0.015480889 0.5206259 0.0043145586 0.0025256714 0.00918715 0.22627524 0.050721373 0.2642618 0.0015453879 0.00015691824 0.00013964945 0.000113492526 3.5768317e-05 0.17745914 0.021297636 0.004324185 8.264903e-05 0.21023764 2.9925872e-05 0.0013054492 0.00011091751 2.3112267e-05 1.7134938e-05 0.039523304 5.883056e-06 8.533071e-06 1.720928e-06 0.026364245 2.696271e-06 0.00016582597 0.00016074702 3.5547475e-07 0.42507678 9.909902e-07 0.011250219 2.306684e-05 1.0218613e-05 2.0529948e-05 0.008239719 0.00036943547 0.18218713 7.283929e-05 8.4780953e-07 0.0060929367 1.2872749e-07 0.039009556 2.7462688e-06 0.09043651 0.17019777 5.7212134e-07 0.0007391941 6.5333325e-07 0.0051038456 0.0016183684 0.000742959 2.8711443e-07 0.00089585315 0.00012202253 1.6881525e-06 0.00021146267 0.00010702303 2.8830937e-07 0.00037345107 2.1309497e-06 6.7812995e-05 0.00045471883 3.3024282e-06 3.6010668e-09 0.0009754562 3.4055614e-05 3.5362336e-06 7.4703244e-08 1.1350805e-05 1.2172869e-06
0.9827896 0.95430475 0.50969714 0.077846885 3.8288047e-14 0.33108142 0.8818397 0.006400882 0.01064062 0.52952766 0.00055470236 0.8784967 0.002766143 0.018495182 0.48581687 0.15800883 0.00015050393 0.0007386293 0.65807736 3.8354665e-05 0.00035681552 7.5339567e-06 4.790155e-07 0.001027943 0.006196942 0.00024044176 0.00045438242 0.0004274398 0.052984465 4.046334e-05 2.8141563e-05 6.223985e-05 0.9563423 0.21341312 0.05258264 0.8626277 1.789342e-06 4.386632e-07 1.2141276e-06 1.4881002e-07 0.082806826 0.07333837 0.0009905638 5.385519e-06 0.6529048 3.5003193e-06 5.8615205e-05 0.10654197 3.1030325e-07 2.572351e-06 0.8852103 7.2465696e-07 3.8236334e-07 2.4768411e-08 0.1122318 1.0895827e-07 0.0100592645 0.0055672205 8.327325e-09 0.12411602 4.8305435e-07 0.71944344 0.00039342747 1.1599166e-07 6.3723365e-07 0.26336542 0.0056428374 0.00045958644 0.11243144 1.9829296e-05 0.0010094951 4.3891315e-08 0.012680956 1.3667666e-07 0.03456006 0.112528026 0.00010513404 0.0003228402 4.1447297e-06 0.01197719 0.005673214 4.1018353e-05 6.734461e-08 0.0006552377 0.03272201 6.226458e-06 9.271305e-05 0.0007886049 3.3209247e-07 0.0007174976 8.692856e-05 1.6231314e-05 0.0002725568 0.00026423082 1.816171e-09 0.0022422508 1.3152004e-05 2.5106642e-06 1.3662876e-08 4.2771648e-05 1.0243684e-06
0.9557302 0.7884809 0.9876971 0.6162203 0.33108142 6.244139e-13 0.43906617 0.089480065 0.117830195 0.11295022 0.0008793996 0.078188166 0.080257945 0.8013653 0.7862657 0.013775983 0.13443358 0.04575951 0.9773687 0.011112954 0.01083447 0.00021327348 0.0001044925 0.018010182 0.043607008 0.009042923 0.0020968616 0.0065416694 0.002693389 0.0028563295 0.0012436112 0.00092984684 0.035350557 0.92084 0.4251738 0.024623545 0.00023639124 8.440735e-05 9.890925e-05 2.4105962e-06 0.0045900936 0.46226302 0.021217898 0.00022842948 0.015077166 8.058192e-05 0.00029159064 0.0058885408 3.5674304e-06 3.431113e-05 0.0151960105 8.765194e-06 5.085724e-05 5.9680756e-06 0.12826818 2.2372398e-05 6.748377e-05 0.00029896107 9.887779e-08 0.009644537 3.809985e-06 0.010674033 0.0013390522 5.023613e-05 3.7532125e-05 0.0033493484 0.012089936 4.6265966e-05 8.338206e-05 0.00055144617 4.0318046e-05 1.8169428e-06 0.0016325641 2.2555889e-05 0.0019645868 0.0021991953 8.751399e-05 0.0009920163 3.4396806e-05 0.00014370229 0.0076310975 7.8550335e-07 4.744206e-07 4.01653e-05 1.4847668e-06 4.8577866e-05 5.1265774e-06 3.0659494e-06 2.8547979e-07 0.005082818 8.975266e-07 4.480066e-05 4.6555073e-07 2.257758e-05 1.3545558e-09 0.0012684731 0.00013760402 1.1249623e-05 7.077615e-09 5.6147786e-05 1.0658017e-06
0.9937405 0.7828044 0.59876764 0.015023191 0.8818397 0.43906617 7.7009364e-11 0.0049917763 0.0020489334 0.028347636 0.0015220762 0.94506055 0.0012706397 0.013040709 0.9078013 0.91303146 0.0011518324 0.00030570012 0.22657375 0.000298248 0.00019504073 9.081809e-05 9.782216e-06 0.0013274981 0.0022816646 0.0005954565 0.00073445094 0.00025340845 0.011510456 0.0002657499 0.00093799137 0.00026110664 0.5808907 0.43898126 0.027147194 0.7207316 0.0001987793 2.8901632e-05 1.2008086e-05 1.1641822e-05 0.00348524 0.3306739 0.0016869954 2.3517037e-05 0.17894535 3.3537002e-05 0.00016372421 0.59840477 1.2422295e-05 9.4374145e-06 0.4045483 4.1641792e-06 2.0382163e-06 1.2244753e-06 0.30664173 2.707347e-07 0.30545774 0.36193267 1.3794293e-07 0.04196644 3.0504933e-07 0.3418677 0.48931226 4.470726e-06 6.709492e-06 0.0471301 0.08465949 0.00022804114 0.26721472 0.033913232 0.00013219399 1.0258745e-07 0.0059974133 6.8576236e-07 0.011197567 0.055105835 0.015138933 0.0004442984 0.006693177 0.00410693 0.005806416 2.801528e-05 2.3031117e-07 0.00014678888 0.012487917 0.00013638547 0.00017761115 0.0007365697 1.3324814e-07 0.002748917 0.00028578204 1.9999005e-05 0.00011509181 0.0015783774 1.6104444e-09 0.0067141815 6.846737e-05 1.2536111e-06 6.514949e-08 0.00029992833 3.3715525e-05
0.95710295 0.19570161 0.1445473 0.97454417 0.006400882 0.089480065 0.0049917763 3.536763e-12 0.9886375 0.8993911 0.84079254 0.00012859161 0.7334342 0.078597486 0.0014980679 5.9088852e-05 0.010506525 0.031819608 0.14447656 0.00452017 0.40126425 0.000259703 0.00028854443 0.002260763 0.0114619555 0.007645353 0.012910623 0.0026966326 0.4049682 0.0007154526 0.00036788834 0.0022003932 0.008468867 0.0038900878 0.033623263 0.0009634641 8.296119e-05 5.948874e-06 2.4152294e-05 4.630327e-05 0.1278952 0.0026519948 0.0008134517 1.2848906e-05 0.018159514 8.022407e-05 0.0005885265 6.6907633e-06 2.0896827e-05 1.03293505e-05 0.004939993 9.008946e-06 2.4704955e-06 2.4835387e-07 0.0041366 8.4728975e-07 8.400935e-05 1.4667476e-05 9.735927e-07 0.16331549 6.486559e-07 0.0012568907 7.870661e-07 2.2757522e-05 1.2710597e-06 0.0037114648 4.162895e-05 0.20445251 0.00033420228 4.0167328e-07 0.013386417 1.12273824e-07 0.049364004 3.4944605e-07 0.051843677 0.056617465 2.8211483e-07 0.00038965463 6.909975e-08 0.0005852665 0.000559763 0.0034434013 4.3557607e-06 0.0005610058 0.00021157847 9.247754e-07 9.485305e-05 0.00037189652 6.093256e-07 0.00013884153 1.5452022e-06 3.5944282e-05 0.00022815341 5.654076e-06 4.5810028e-10 0.00033766354 7.0015035e-06 4.6626965e-07 2.3350687e-08 3.1947712e-07 3.0500917e-07
0.5787497 0.2481382 0.1276116 0.9246131 0.01064062 0.117830195 0.0020489334 0.9886375 3.5885411e-12 0.83392334 0.9819148 0.0001501348 0.53342414 0.23830324 0.0014868563 4.645307e-05 0.11629701 0.25259346 0.07312685 0.018702973 0.9525606 0.014191736 0.020432962 0.0067946734 0.026162688 0.02695561 0.016250225 0.0056336806 0.21796621 0.0021611392 0.015723584 0.0048186756 0.03107309 0.008104482 0.040091157 0.0005568296 0.0006628103 0.00015769158 9.341847e-05 0.00074625487 0.05032181 0.004839107 0.003924374 3.55244e-05 0.033349276 0.00010947296 0.00061781076 5.814342e-07 8.6059736e-05 1.6663247e-05 0.0053545004 4.6607096e-05 2.2709393e-05 2.701483e-06 0.0027464775 3.89116e-06 6.577921e-05 2.6950192e-06 1.034501e-06 0.11566697 9.497456e-08 0.002940325 4.7754503e-07 2.206442e-05 2.0906275e-05 0.00233545 6.472093e-05 0.07595853 3.7293183e-05 6.6947585e-08 0.0025902428 7.296356e-08 0.013470562 1.1303486e-06 0.019598668 0.019889342 6.388476e-08 0.00059224025 2.3700442e-09 0.0003544518 0.0010333667 0.00021960474 4.3413846e-07 0.0002011399 9.522112e-05 4.505335e-06 6.206867e-05 0.0005662447 1.99487e-05 6.475341e-05 3.4276295e-07 4.759832e-05 0.0001418359 2.203981e-07 1.4476996e-08 0.000663203 3.0044243e-06 3.8618764e-06 1.330494e-07 1.9028575e-05 7.888124e-09
0.9199382 0.88465834 0.44755462 0.9137348 0.52952766 0.11295022 0.028347636 0.8993911 0.83392334 2.0786409e-11 0.9383413 0.034985375 0.08056046 0.045783374 0.02544962 0.0022941367 0.006441297 0.018122181 0.2989301 0.0017417097 0.55641294 0.0030451424 0.0018783485 0.0011802154 0.0054960228 0.0020844282 0.0036700894 0.0017206164 0.9908802 0.000928318 0.0042675226 0.0011335688 0.2836912 0.0061866534 0.019072259 0.050353456 0.00040683796 6.019092e-05 5.2143936e-05 0.00046710332 0.48799762 0.007660428 0.0018891416 3.1576175e-05 0.39598572 3.979823e-05 0.0004929881 0.0021674233 0.00018331381 1.4057792e-05 0.13489042 7.4115605e-06 1.5970712e-05 1.3398716e-06 0.015170318 1.0248287e-06 0.0009787648 0.00067511934 4.8952563e-07 0.33984482 7.887289e-07 0.052941933 2.6409905e-06 5.275809e-05 1.5218839e-05 0.21273743 0.0011398481 0.17148371 0.0008087449 2.5847917e-06 0.0020514927 3.139613e-07 0.028855367 2.673646e-06 0.08601979 0.054327317 6.0857934e-07 0.0014856075 3.8665473e-07 0.0046224226 0.01264582 0.0011348398 1.3292214e-06 0.002113765 0.00030972715 1.794805e-05 9.328227e-05 4.1078874e-05 1.2912759e-05 0.00032151904 3.339155e-06 0.00011052492 4.8861617e-05 1.07335345e-05 1.9372287e-08 0.019940255 1.6797496e-05 4.0730363e-05 6.1877677e-06 0.00034464037 6.931726e-07
0.8973193 0.031704027 0.0073839133 0.8063172 0.00055470236 0.0008793996 0.0015220762 0.84079254 0.9819148 0.9383413 2.7960932e-11 1.1097553e-05 0.9009263 0.0013812525 1.2941805e-05 8.743223e-05 0.01149854 0.09428888 0.015713885 0.0061377883 0.86830807 0.1765923 0.006565482 0.00034976428 0.0013680605 0.00223785 0.015725914 0.0015462643 0.92007816 0.00024157627 0.12130185 0.0015153586 0.005788072 9.8171595e-06 0.003293815 0.00027298156 0.0014277413 0.00011122395 0.000120561715 0.0018380206 0.551625 9.60612e-06 5.8457448e-05 3.6422769e-06 0.016243758 0.00072593795 0.00015244541 5.264626e-07 5.794884e-05 9.53176e-05 0.0036000132 7.620494e-05 8.7316825e-05 7.115987e-06 0.00017651626 2.6163292e-05 0.0011771192 0.00020359474 0.00024294216 0.51925486 2.3257278e-06 0.00048021355 6.7746306e-08 0.00010955275 4.2496363e-06 0.0026795927 1.08037275e-05 0.74267447 0.0005373274 7.258033e-08 0.1529892 1.4759165e-06 0.19719796 8.2049024e-07 0.19443582 0.19714426 7.636433e-07 0.00030661075 2.0027795e-08 0.0016364235 0.00053442235 0.0099816965 5.1948646e-06 0.0015701735 0.00064052996 2.258315e-06 9.051882e-05 0.00011876097 7.609488e-06 6.0527004e-06 4.5689485e-06 3.895309e-05 0.00018234596 5.1630723e-06 1.8759367e-08 0.0003121415 1.5069481e-06 3.319283e-06 8.555557e-07 9.754324e-06 1.3802418e-06
0.96913576 0.66821676 0.21834993 0.0016515206 0.8784967 0.078188166 0.94506055 0.00012859161 0.0001501348 0.034985375 1.1097553e-05 2.1845293e-12 0.00013058724 0.0016851993 0.9383039 0.97215664 1.5734644e-05 4.3591743e-07 0.23945747 3.933541e-06 6.652132e-06 5.0548383e-08 2.1019396e-08 0.00035123958 0.0013880498 0.0001772181 0.00015285873 0.00026032442 0.0007103061 5.19294e-05 9.676931e-06 0.00013711945 0.021098781 0.121485256 0.022201631 0.7691025 6.70671e-06 7.1629705e-07 6.571911e-06 2.3733148e-07 0.0006552252 0.27088293 0.00092340074 1.03358925e-05 0.0030805513 2.8058863e-05 0.00013078004 0.9414833 3.0919193e-07 1.887213e-06 0.015395768 6.504461e-07 3.5649273e-06 1.3663412e-06 0.31079155 7.929654e-07 0.047274206 0.112597086 1.9608598e-07 7.448667e-05 2.0253569e-07 0.04586525 0.48618126 1.0938461e-05 8.1183925e-06 0.0021471584 0.4971381 4.0997935e-07 0.011714247 0.028363138 4.4807496e-07 1.4140619e-07 6.1876676e-06 1.1012189e-05 5.174595e-05 9.460461e-05 0.031752136 0.0005380725 0.0039260066 3.2733387e-05 0.09604595 4.8088094e-08 1.588232e-08 5.25907e-07 8.0431986e-05 0.000509368 2.1743626e-05 4.8730617e-05 2.1263514e-08 0.0011285712 4.52373e-05 7.941301e-05 1.6899984e-06 0.017356625 8.279828e-09 0.03944111 5.563921e-05 3.404696e-06 4.9172353e-08 0.0017327936 0.00021706778
0.9960951 0.019354606 0.041897457 0.9804563 0.002766143 0.080257945 0.0012706397 0.7334342 0.53342414 0.08056046 0.9009263 0.00013058724 1.6801473e-10 0.83308697 0.0008669411 0.00026861925 0.9583098 0.2278757 0.36428314 0.31665674 0.0061495122 0.02056893 0.0012424269 0.081146225 0.28551665 0.047698297 0.0070004025 0.011565533 0.019365584 0.0014236617 0.0033275413 0.0014724862 0.00507172 0.012135142 0.5693867 0.00027144994 0.0002929042 0.00025793695 0.00014466634 9.1086375e-05 0.00201795 0.0025469325 0.007655327 7.132038e-05 0.0065898863 8.173398e-05 0.0011808544 4.3841348e-05 1.178802e-05 6.4578917e-06 0.0035696581 9.149267e-07 1.2651923e-05 4.007212e-06 0.012451349 2.7629227e-07 3.0767507e-05 6.345859e-05 1.6260215e-06 0.015932407 1.6476136e-07 0.00046109775 4.7400776e-05 1.7528491e-05 1.1796571e-06 0.0019576135 2.0856172e-05 0.010933102 4.4592987e-05 3.3548935e-05 0.0001330604 1.6681945e-07 0.0020295132 6.2014584e-07 0.0037563136 0.00469892 3.1726435e-05 7.366445e-05 4.0753075e-06 0.00022481638 0.00031944533 0.00015227107 6.473964e-07 0.00029736472 3.0719835e-05 1.979656e-06 2.760289e-05 1.35257715e-05 1.0158095e-06 0.00021370329 9.3959386e-07 7.1270544e-05 0.00024595927 5.2095497e-06 7.8650935e-09 0.00015062283 6.6779253e-06 3.7956326e-07 8.857306e-10 8.684036e-06 8.162091e-08
0.95076054 0.52636045 0.50783116 0.60053724 0.018495182 0.8013653 0.013040709 0.078597486 0.23830324 0.045783374 0.0013812525 0.0016851993 0.83308697 3.4125033e-14 0.059735466 0.000186385 0.824864 0.17860664 0.76017463 0.25997168 0.0024840934 0.0037667833 0.0026368585 0.98233914 0.97001326 0.61670685 0.05200965 0.11532627 0.0013508641 0.020882137 0.019992834 0.008256572 0.0028218492 0.7355969 0.84498197 0.00080690015 0.0027401855 0.0023090676 0.0017517036 8.0209305e-05 0.0007746082 0.16529717 0.054723542 0.0014256303 0.0027529323 0.00021824078 0.0040630815 2.2674963e-05 1.951305e-05 2.0780193e-05 0.00017632784 1.086602e-06 4.4880762e-05 8.6117825e-06 0.07775343 2.1229373e-06 6.7536143e-06 8.213322e-06 7.778568e-08 0.0010322162 3.125891e-07 3.0586746e-06 4.9894654e-05 5.652074e-05 3.042936e-05 0.00016059059 0.00052595575 0.00055047695 1.4585191e-07 7.1563445e-06 1.3958892e-05 3.8886574e-07 0.00085239054 1.22532065e-05 0.000301652 0.0003886298 2.4959974e-07 0.00027286788 2.6175382e-08 1.6549633e-05 0.0012594974 1.5811607e-06 7.178416e-08 1.4450713e-05 1.1417062e-07 7.464741e-06 2.208148e-06 7.120111e-07 1.2158412e-08 0.0016817083 2.6780822e-07 4.4860866e-05 1.4390189e-07 3.552834e-08 4.86228e-10 0.00020097826 3.749102e-05 3.4140126e-07 4.834774e-11 4.561232e-05 8.04447e-09
0.9731248 0.8054524 0.7832259 0.007595427 0.48581687 0.7862657 0.9078013 0.0014980679 0.0014868563 0.02544962 1.2941805e-05 0.9383039 0.0008669411 0.059735466 1.2528503e-09 0.26749626 0.0011662502 0.0007213531 0.19429591 0.00032753262 6.0776158e-05 4.4524854e-06 1.2070165e-05 0.0022940303 0.006104791 0.0013099118 0.0009305147 0.0017807478 0.0009819875 0.001939242 6.389808e-05 0.00045019828 0.018024838 0.9059201 0.062377647 0.101001285 0.00016796366 6.18439e-05 8.942075e-05 4.013733e-06 0.0019119346 0.96358293 0.009077333 0.00066832936 0.0045692474 8.614662e-05 0.0007052027 0.27500355 1.3701442e-05 4.1865995e-05 0.015591337 2.5614781e-05 0.00010839244 4.0987696e-05 0.50436103 4.9378537e-05 0.0014192194 0.013798696 1.1352413e-06 7.6317454e-05 1.0763066e-05 0.02566534 0.333308 0.00017840326 0.00029921037 0.0012425863 0.87851006 6.4303003e-07 0.0018572151 0.17135186 4.739551e-06 7.637399e-06 1.2529926e-05 0.00029560042 1.253087e-05 0.00013245067 0.03293229 0.0020863204 0.044084225 0.00015126023 0.5199909 7.2033873e-07 1.5224985e-06 6.511059e-07 1.705529e-06 0.0036919585 2.4540032e-05 8.210957e-06 3.3444169e-06 0.022164293 9.897875e-06 0.00037163254 8.381856e-07 0.0015248148 3.2141354e-08 0.09544594 0.0012957075 0.00020154504 1.1235416e-07 0.011400552 0.00095381984
0.9643708 0.021816807 0.00599927 0.0002890443 0.15800883 0.013775983 0.91303146 5.9088852e-05 4.645307e-05 0.0022941367 8.743223e-05 0.97215664 0.00026861925 0.000186385 0.26749626 3.1983485e-10 1.1618043e-05 6.519546e-07 0.071429715 1.9504873e-06 2.86356e-06 4.1099584e-06 1.3276326e-08 0.00012858058 0.0004246663 5.60073e-05 0.00016017257 0.0001012106 0.00018294687 2.1422557e-05 0.00024711483 3.267815e-05 0.033463612 0.025085324 0.0040874984 0.99496573 9.824146e-06 1.7207441e-06 6.316695e-07 2.3654818e-06 0.00015898248 0.05061199 0.00021373245 3.8259458e-07 0.011670871 7.2830226e-06 1.0733452e-05 0.73557436 1.8793006e-07 3.999621e-06 0.065927245 2.8041836e-06 3.526338e-07 5.8970485e-08 0.07658864 2.1908396e-07 0.70228165 0.657514 7.275646e-07 0.0026238302 8.018417e-08 0.06792827 0.037434895 1.7719024e-06 6.603449e-08 0.010700048 0.0040907506 1.9725543e-05 0.3079611 0.002508704 5.498211e-06 1.5861274e-07 0.00058339466 1.2019554e-07 0.00059871614 0.0035924423 0.0013213854 0.0001645027 0.00027180766 0.00063991715 0.008375436 2.3899806e-06 4.5782538e-09 7.934284e-05 0.011109551 4.3228672e-05 2.659001e-05 0.0007038468 4.154207e-08 0.0006366132 0.0015057472 3.1295106e-06 5.6071745e-05 0.0046009365 5.394488e-10 0.013622981 2.9390998e-07 2.0515776e-07 8.976245e-08 7.912815e-05 2.2202908e-05
0.81645185 0.005130968 0.022735536 0.2779635 0.00015050393 0.13443358 0.0011518324 0.010506525 0.11629701 0.006441297 0.01149854 1.5734644e-05 0.9583098 0.824864 0.0011662502 1.1618043e-05 6.873453e-13 0.84263957 0.2278682 0.99788314 0.010287211 0.5897707 0.05884777 0.21164146 0.28710288 0.8991991 0.6979825 0.3228908 0.00018066225 0.06742423 0.16322327 0.25786424 1.7238017e-05 0.0196628 0.22947937 2.7400374e-06 0.024051933 0.008403933 0.010370522 0.005178843 1.0873125e-05 0.008490172 0.008841492 0.00010610068 1.1658253e-05 0.0006424411 0.009198557 8.618572e-07 1.2831261e-05 4.450929e-05 4.0681157e-06 6.5650574e-06 1.0713756e-05 5.732776e-07 0.009279569 1.2997644e-06 4.6631058e-07 1.5814511e-07 2.6562342e-08 1.4258622e-05 2.1757958e-07 5.349355e-06 1.7498218e-06 2.622947e-05 3.6587821e-06 2.6087612e-06 2.868971e-05 0.00020046582 1.6860046e-06 1.2050135e-08 1.416746e-06 5.775997e-09 2.0921156e-05 1.373139e-06 2.882577e-05 9.6750795e-05 4.3777195e-08 0.0004847268 1.3529292e-09 6.556936e-08 0.0004372744 1.3531991e-07 4.6024806e-07 8.03278e-07 4.6832633e-07 9.02275e-07 1.1138959e-05 3.3718338e-06 5.8450556e-08 0.00036003254 3.5972178e-08 7.288887e-06 6.05723e-07 3.7757864e-09 2.3504567e-09 3.5685927e-05 3.214272e-05 1.03835326e-07 1.0952217e-09 1.9720942e-06 7.557268e-09
0.2450342 0.012207253 0.022623185 0.32761043 0.0007386293 0.04575951 0.00030570012 0.031819608 0.25259346 0.018122181 0.09428888 4.3591743e-07 0.2278757 0.17860664 0.0007213531 6.519546e-07 0.84263957 4.2786603e-15 0.011124491 0.95392 0.9961628 0.91880107 0.96773016 0.010247658 0.012114474 0.24882783 0.073366016 0.0063935355 0.0074464194 0.00324405 0.2042586 0.009419401 4.0297746e-05 0.009401882 0.013601658 4.4743597e-06 0.007782673 0.0011012946 0.0014164577 0.012224163 0.0007007662 0.004999718 0.0021987099 1.8079782e-05 0.0001567606 0.00018788752 0.0007816986 1.7394129e-06 0.00057109137 1.7226068e-05 6.2084895e-05 3.2748747e-05 5.000986e-06 5.411985e-07 0.0016637294 2.8649055e-07 3.5984856e-05 7.89144e-06 2.3882126e-06 0.00016074718 1.47063e-07 0.00018495748 4.888026e-07 1.3600612e-05 3.3807058e-07 2.7636605e-05 5.1390552e-06 0.008579285 2.2955423e-05 2.0279767e-08 0.00021036022 4.1351946e-08 0.0003020611 2.0352095e-06 0.000211037 0.0024135762 5.985037e-08 2.255548e-05 2.5086713e-09 3.2083353e-06 0.00014384804 3.96033e-06 6.218586e-07 1.1357389e-05 7.037552e-06 2.179394e-06 5.7671143e-05 5.7822226e-06 7.762295e-08 1.3532339e-05 3.1089033e-07 1.5314537e-05 1.8741694e-05 3.8448267e-09 2.8418619e-09 6.322659e-06 1.701804e-07 2.151605e-08 9.137723e-09 1.2303757e-07 8.125801e-09
0.9959282 0.7452165 0.74617714 0.67571145 0.65807736 0.9773687 0.22657375 0.14447656 0.07312685 0.2989301 0.015713885 0.23945747 0.36428314 0.76017463 0.19429591 0.071429715 0.2278682 0.011124491 5.7840143e-12 0.018333582 0.00021551951 0.0011136555 0.00030999817 0.071495436 0.2519344 0.06816192 0.030700002 0.0439127 0.054690644 0.012045558 0.010073814 0.008161229 0.66560173 0.8643072 0.6803285 0.020584648 0.0027508535 0.0055679586 0.0054234457 0.0002170024 0.01652872 0.20110798 0.03507457 0.0038457222 0.4456428 0.00049203046 0.002593372 0.02046307 7.2697585e-05 1.931848e-05 0.2649363 7.5664743e-06 1.7168455e-05 2.9366709e-05 0.16981865 2.1642163e-06 0.0012245385 0.0069499463 6.3868407e-07 0.4050977 3.3926045e-07 0.11297309 0.028174914 5.9643964e-05 6.3232415e-05 0.02475352 0.0011507525 0.010543501 0.006188084 0.0025534823 0.0006330814 8.1845286e-07 0.041197773 1.688886e-05 0.08606736 0.2241365 0.0004836403 0.00069182535 0.0014517715 0.005824307 0.0025465318 8.363267e-05 3.58501e-07 0.00023693156 0.0017587271 6.9005815e-05 7.898747e-05 0.00013019441 5.2653587e-07 0.003361637 5.2225782e-06 2.1365144e-05 0.00013840909 3.3647044e-05 1.8459902e-08 0.0011585995 0.0002616181 2.1470692e-06 2.8737874e-09 3.534088e-05 6.1158885e-06
0.4950446 0.0010074456 0.0018357118 0.024146488 3.8354665e-05 0.011112954 0.000298248 0.00452017 0.018702973 0.0017417097 0.0061377883 3.933541e-06 0.31665674 0.25997168 0.00032753262 1.9504873e-06 0.99788314 0.95392 0.018333582 4.2143193e-15 0.012213529 0.9559991 0.2979054 0.08612071 0.0739798 0.79860824 0.45189187 0.10228857 0.00010787744 0.061187882 0.69672567 0.1341596 1.89742e-06 0.004034678 0.029397 5.3945377e-07 0.10781996 0.025034586 0.009071734 0.027502164 5.1592283e-06 0.0016456295 0.0059990296 0.00048452066 4.1107223e-06 0.0016705493 0.0026290768 1.6133653e-07 0.00196781 0.00023610512 1.081305e-06 5.999418e-05 7.796032e-05 1.5007532e-05 0.0019584247 1.30792705e-05 6.1404313e-07 9.78866e-07 5.0699083e-07 9.14747e-07 5.786026e-07 1.1309544e-06 6.457513e-07 0.00016928876 1.2747687e-05 8.0139347e-07 9.42605e-07 2.6451733e-05 1.7059698e-06 4.0782734e-08 3.2370173e-07 1.1262579e-07 1.703877e-06 3.7380435e-06 2.935136e-07 2.5783877e-06 1.8585604e-08 0.00015221995 6.0685656e-10 1.1683557e-08 5.8067173e-05 2.882875e-08 2.4640249e-06 3.5001702e-07 3.1838415e-08 7.806656e-07 7.430531e-07 1.9770034e-06 1.509404e-07 3.546374e-05 1.0549604e-07 2.287583e-05 6.221769e-08 1.4370911e-08 2.8788787e-09 4.604454e-06 2.1311318e-05 5.998983e-07 2.555148e-08 1.4473862e-06 8.3830504e-10
0.08524306 0.008826302 0.03243631 0.52679026 0.00035681552 0.01083447 0.00019504073 0.40126425 0.9525606 0.55641294 0.86830807 6.652132e-06 0.0061495122 0.0024840934 6.0776158e-05 2.86356e-06 0.010287211 0.9961628 0.00021551951 0.012213529 1.3483345e-15 0.03126437 0.9761876 0.00077006407 0.0010328725 0.0033936454 0.004480193 0.0012674615 0.016031966 0.00046100255 0.26551348 0.0012290541 0.00023620442 7.843237e-05 0.0006679514 3.5262372e-05 0.010531588 0.0011467127 0.0007291595 0.043620884 0.0011674276 9.282095e-06 0.00022474265 3.4700886e-05 0.00025470587 0.00021477389 0.000108925386 2.8888678e-07 0.0021260243 9.488757e-06 1.6682534e-05 2.2362574e-06 1.7068087e-05 1.9422419e-06 1.5484306e-05 1.4536237e-06 4.916608e-06 5.7583234e-06 9.953083e-07 2.7417955e-05 2.0253164e-07 2.3236748e-06 2.1237938e-08 2.2295806e-05 1.293574e-06 3.0737722e-06 6.661324e-06 0.002279216 1.0927378e-05 5.3689757e-08 2.0255213e-05 2.711027e-08 3.1947864e-05 1.1292645e-06 2.9877396e-05 0.00012640013 1.2971452e-08 4.673448e-07 1.6637475e-09 4.979549e-07 0.00028653222 2.1656645e-07 5.282774e-08 3.0261566e-07 2.2378222e-07 5.683608e-07 1.7747656e-06 6.644279e-07 2.3983532e-08 4.7385493e-07 5.472301e-08 3.1238121e-06 3.9779234e-08 4.7313464e-09 1.2043081e-08 7.5890466e-07 1.404543e-08 2.6019828e-08 9.2726035e-11 4.326949e-06 3.3805736e-09
0.59708875 4.563429e-05 2.0489539e-05 0.0016502768 7.5339567e-06 0.00021327348 9.081809e-05 0.000259703 0.014191736 0.0030451424 0.1765923 5.0548383e-08 0.02056893 0.0037667833 4.4524854e-06 4.1099584e-06 0.5897707 0.91880107 0.0011136555 0.9559991 0.03126437 1.8907561e-14 0.99575526 0.0058073346 0.004059466 0.24388851 0.15276653 0.02979393 0.0022710296 0.019937426 0.96319455 0.063311376 6.476085e-06 0.00045821312 0.0056123002 6.7816645e-06 0.065205425 0.017489227 0.011218045 0.12505607 6.130695e-05 0.00020893489 0.0046111867 0.0009233346 3.7795842e-05 0.0036517985 0.002294665 1.3006237e-06 0.099825196 0.00038094044 1.6629481e-05 7.908614e-05 0.000106936706 2.5930416e-05 0.00029759994 1.4536298e-05 0.000939408 6.630803e-05 1.2185745e-05 0.0003667362 1.117731e-05 1.3527965e-05 1.200567e-07 7.963735e-05 8.581711e-06 1.4807785e-05 1.4230874e-08 0.0006918132 3.7467253e-05 1.1502712e-07 3.312694e-05 3.637169e-07 0.0005036519 1.1507244e-05 0.0002933115 0.0007092701 5.246803e-07 0.00031631498 3.2562664e-09 3.4191562e-06 1.634516e-05 1.6675734e-06 3.0288318e-06 2.1567166e-06 3.0409037e-06 7.222911e-07 6.8317684e-05 2.9286328e-05 1.2860914e-06 0.00010296064 2.0873274e-06 0.00012345726 2.0969123e-06 6.9703496e-08 1.5539728e-08 5.237561e-06 1.0446107e-05 3.0290903e-07 1.556219e-07 4.386205e-07 1.999703e-08
0.076239415 3.7645153e-05 6.042619e-06 0.0019485911 4.790155e-07 0.0001044925 9.782216e-06 0.00028854443 0.020432962 0.0018783485 0.006565482 2.1019396e-08 0.0012424269 0.0026368585 1.2070165e-05 1.3276326e-08 0.05884777 0.96773016 0.00030999817 0.2979054 0.9761876 0.99575526 5.9746615e-18 0.0010194655 0.0007024761 0.012286462 0.010488049 0.0017240156 0.00038685335 0.00047734994 0.43780687 0.0020912478 7.642185e-08 0.0001249087 0.0015169744 1.0986003e-06 0.0040788455 0.00037000843 0.0006051974 0.041921485 4.308703e-06 2.4302848e-05 0.0010544279 1.4559121e-05 3.850966e-07 0.00013717347 0.0001692589 7.550471e-08 0.0068023046 1.1638247e-05 5.836486e-07 1.23030995e-05 1.4108009e-05 7.44547e-07 2.8322276e-05 4.2756474e-07 3.82132e-06 4.0785694e-06 9.978986e-08 3.0940697e-07 1.7977393e-07 1.1658009e-07 5.714231e-08 1.3940068e-05 7.9969925e-07 3.1183204e-06 1.0120176e-07 1.2134904e-05 9.896605e-07 3.1670403e-08 7.040632e-08 2.189606e-08 9.652656e-07 2.7157148e-07 1.2795896e-07 2.5328204e-06 9.113233e-09 1.831163e-05 5.087817e-10 3.2023482e-09 2.5215038e-05 1.5616298e-08 6.44035e-08 2.0261336e-07 1.3260858e-07 8.036266e-07 6.1710875e-07 1.3674947e-06 1.915229e-08 2.0662452e-07 3.245038e-09 7.883101e-07 4.0832995e-09 2.875113e-10 9.562439e-08 8.2319296e-08 2.993632e-07 9.623784e-09 8.512449e-10 1.1479676e-07 2.4226213e-10
0.78286844 0.006053197 0.0047133537 0.016414182 0.001027943 0.018010182 0.0013274981 0.002260763 0.0067946734 0.0011802154 0.00034976428 0.00035123958 0.081146225 0.98233914 0.0022940303 0.00012858058 0.21164146 0.010247658 0.071495436 0.08612071 0.00077006407 0.0058073346 0.0010194655 1.45411e-14 0.9696444 0.9811142 0.8606328 0.89195365 0.00014251588 0.8308241 0.017849494 0.47628668 8.34691e-05 0.060267903 0.58017045 3.4417706e-05 0.0043571945 0.0064176503 0.0035840396 0.00030423253 1.7310404e-05 0.015038486 0.1995366 0.0047778175 3.7173482e-05 0.0005434259 0.004609542 6.373643e-07 0.00010315072 5.3044852e-05 9.317784e-06 5.3533513e-06 0.00016205353 9.357461e-05 0.023349466 9.352968e-06 1.0046067e-05 2.7894992e-05 7.877337e-07 1.8410756e-05 3.8925572e-07 2.762273e-08 2.4176723e-05 0.00011846968 7.5103024e-05 2.5730685e-07 0.00011255918 3.2828953e-05 8.67656e-08 2.298904e-06 6.9812705e-07 5.932696e-07 6.8345994e-06 1.3206792e-05 1.0184431e-06 1.8097568e-05 5.4835436e-08 0.00049535907 1.9836907e-08 7.942009e-08 0.0004467295 7.758402e-08 2.2885342e-07 1.680872e-06 8.657711e-09 3.9891383e-06 4.1477054e-07 1.4747593e-07 1.6912802e-08 0.0027592191 3.6475308e-07 0.00013700339 8.054958e-09 1.0591663e-07 3.1335405e-09 0.00024233566 5.252943e-06 1.0199565e-06 4.6686205e-10 2.6248264e-05 4.4986255e-09
0.96517307 0.021966299 0.019137247 0.08830287 0.006196942 0.043607008 0.0022816646 0.0114619555 0.026162688 0.0054960228 0.0013680605 0.0013880498 0.28551665 0.97001326 0.006104791 0.0004246663 0.28710288 0.012114474 0.2519344 0.0739798 0.0010328725 0.004059466 0.0007024761 0.9696444 1.927399e-12 0.3926341 0.20461725 0.56085974 0.0010865568 0.12643535 0.017789308 0.090830326 0.0017219838 0.40680832 0.9811696 0.0007965079 0.0051858514 0.007353495 0.0072647133 0.00028966824 0.00020638024 0.08365513 0.482026 0.0031730449 0.0010840434 0.00070802524 0.005964076 0.00037430268 8.143218e-05 0.00014835215 0.0002354382 9.75027e-06 0.00012027094 8.210977e-05 0.08357749 4.2267413e-05 4.3919816e-05 2.7455108e-05 1.0735904e-06 0.00084407156 2.641837e-06 5.43395e-05 6.607951e-05 0.00012605044 0.00010498504 0.0003636517 0.00033369302 0.0003093877 2.9479253e-07 2.5912346e-05 3.9084944e-06 1.7172292e-06 0.00048095646 4.6050096e-05 0.00040460486 0.00021762289 3.2127704e-07 0.0013069097 6.7707944e-08 1.680738e-05 0.0012774504 1.0995258e-06 2.4357584e-07 1.6920667e-05 4.234711e-08 4.9970104e-06 3.387873e-06 1.7552276e-07 8.677665e-09 0.006715251 1.5733397e-07 7.5847274e-05 1.0770154e-08 6.533451e-07 1.652542e-09 0.00049762405 0.0019425802 6.7543615e-06 1.2785015e-09 1.525959e-05 4.5728893e-08
0.90618604 0.0035903258 0.0048797424 0.035690997 0.00024044176 0.009042923 0.0005954565 0.007645353 0.02695561 0.0020844282 0.00223785 0.0001772181 0.047698297 0.61670685 0.0013099118 5.60073e-05 0.8991991 0.24882783 0.06816192 0.79860824 0.0033936454 0.24388851 0.012286462 0.9811142 0.3926341 8.187885e-11 0.9894173 0.7467374 0.0004645985 0.7674974 0.6442477 0.6180815 8.9272486e-05 0.01283794 0.246137 0.000107313586 0.43855417 0.6725591 0.416141 0.0384042 8.0954815e-05 0.003355377 0.12527645 0.012894929 7.909466e-05 0.004602547 0.022300756 2.591725e-06 0.0015985556 0.00034231532 1.7887994e-06 2.4560799e-05 0.00024795075 0.00016808929 0.0124640195 1.4413662e-05 7.22214e-05 2.4170751e-05 1.8667016e-06 1.2218072e-05 3.881812e-06 3.233426e-07 4.1879393e-06 7.189635e-05 0.00013637454 2.0124983e-06 4.436863e-05 0.00034803507 6.869143e-07 7.479374e-07 7.757322e-06 8.426354e-07 6.1451497e-06 1.9028357e-05 1.0240935e-05 9.5828655e-05 7.8510084e-08 0.00029508074 3.800845e-09 5.266489e-07 0.00041402777 2.924587e-06 2.2141874e-06 3.3447968e-06 1.9004263e-08 8.428616e-06 1.0773914e-06 5.3999474e-07 2.832733e-07 0.00092788954 9.693402e-07 0.0002031498 1.4060996e-07 1.5917158e-07 1.7021368e-09 0.00019235488 5.853566e-05 2.1764838e-06 2.8193686e-10 0.0001029951 5.0941342e-08
0.92486644 0.0015626601 0.00082550244 0.024115529 0.00045438242 0.0020968616 0.00073445094 0.012910623 0.016250225 0.0036700894 0.015725914 0.00015285873 0.0070004025 0.05200965 0.0009305147 0.00016017257 0.6979825 0.073366016 0.030700002 0.45189187 0.004480193 0.15276653 0.010488049 0.8606328 0.20461725 0.9894173 4.7219455e-12 0.87770396 0.0017176415 0.95431286 0.77710474 0.9412382 0.0004386243 0.009460156 0.19496192 0.00014206834 0.36099496 0.45451275 0.40238878 0.05396027 0.00019560887 0.0055824392 0.3728095 0.038025334 0.00022092414 0.012621674 0.07677037 1.2509486e-05 0.018026866 0.0010655451 1.4232158e-05 4.837888e-05 0.00027015732 0.00017683218 0.014266738 1.5242892e-05 0.000102286416 7.294864e-05 2.9315095e-06 5.856866e-05 2.106509e-06 1.1596904e-06 7.398782e-05 0.00026028743 0.0002481291 9.642022e-07 1.5459798e-05 0.00025161004 2.5571421e-06 3.364499e-07 3.0101692e-06 1.2394563e-06 2.7359394e-05 2.7482063e-05 2.4098868e-05 7.7884375e-05 2.3613559e-07 0.0016134741 4.1489074e-09 8.222856e-07 0.00016485811 3.248229e-06 1.073917e-06 3.904959e-06 3.1613126e-08 2.646954e-06 7.0358274e-06 5.354707e-07 1.0871296e-06 0.00097504974 2.0267007e-06 0.00017746657 2.9616967e-07 7.777311e-07 3.1581127e-08 0.00016973462 8.128507e-05 1.6565683e-06 1.5014237e-08 3.476017e-05 7.816926e-08
0.9830037 0.0018978682 0.0013918437 0.015480889 0.0004274398 0.0065416694 0.00025340845 0.0026966326 0.0056336806 0.0017206164 0.0015462643 0.00026032442 0.011565533 0.11532627 0.0017807478 0.0001012106 0.3228908 0.0063935355 0.0439127 0.10228857 0.0012674615 0.02979393 0.0017240156 0.89195365 0.56085974 0.7467374 0.87770396 3.354942e-14 0.00019230151 0.97046447 0.22361597 0.9506371 0.00010464768 0.09667056 0.69751996 3.054674e-05 0.09504054 0.20049982 0.38395655 0.005409089 1.1563723e-05 0.057409152 0.9486868 0.10978864 2.7943477e-05 0.016504407 0.12755705 2.7243894e-05 0.005886183 0.0013564953 1.965428e-05 8.2678824e-05 0.00063811033 0.00062073115 0.07123898 0.00017957836 3.136022e-05 5.062043e-05 1.2696063e-05 9.232435e-06 3.141323e-05 9.201503e-06 5.149738e-05 0.00048529063 0.0006052412 2.529095e-05 4.5177458e-05 3.0384338e-06 7.6085584e-08 2.6127077e-06 1.2157815e-07 9.0495305e-06 5.0400176e-06 0.00014721561 2.107101e-05 8.243274e-06 1.1826332e-06 0.0029871042 2.6375746e-08 1.7603655e-07 0.00028996123 4.392019e-07 2.407088e-06 1.3377571e-06 1.4794599e-09 1.0490788e-06 1.0913865e-06 2.8842114e-08 9.899343e-07 0.0050349543 2.5534915e-08 0.00022308726 1.29416495e-08 2.4343836e-07 3.3907334e-08 0.00010454155 0.0011560703 6.4982582e-06 1.4466066e-08 1.0448867e-05 4.815627e-09
0.85374665 0.08366922 0.0111428425 0.5206259 0.052984465 0.002693389 0.011510456 0.4049682 0.21796621 0.9908802 0.92007816 0.0007103061 0.019365584 0.0013508641 0.0009819875 0.00018294687 0.00018066225 0.0074464194 0.054690644 0.00010787744 0.016031966 0.0022710296 0.00038685335 0.00014251588 0.0010865568 0.0004645985 0.0017176415 0.00019230151 7.88986e-15 0.0001254276 0.0028681764 0.00016265614 0.07108478 0.00032844942 0.0076819328 0.0052717705 7.6145734e-05 9.673313e-06 4.8572056e-06 4.0177292e-05 0.99769384 0.00017463922 0.0005653932 5.9766303e-06 0.3780505 2.6114458e-05 0.00012108714 6.6176776e-06 1.8414698e-06 1.688617e-05 0.022732858 7.76565e-06 1.3600815e-06 5.2786245e-08 0.0006813332 7.9813515e-07 6.18642e-05 1.515368e-05 3.3426759e-06 0.33277103 1.6786613e-06 0.0070115896 1.3452739e-09 1.0432517e-05 2.5669938e-06 0.10404782 6.859481e-05 0.31307885 2.3542842e-05 2.900281e-08 0.014456015 2.2150796e-07 0.070662275 6.580857e-07 0.08509406 0.04624254 1.6060336e-07 0.00033226973 1.4344594e-08 0.003187401 0.0023026674 0.0054056365 1.3999627e-06 0.0052682827 0.00020130703 1.9627448e-06 0.00029877012 0.00018070896 2.6916439e-06 0.00010546422 5.8981786e-06 1.7876833e-05 0.00045019932 2.2424206e-06 9.369411e-10 0.0024615168 3.984053e-07 8.135157e-06 7.5010746e-07 3.8689323e-06 3.3098834e-07
0.91091895 0.00071243057 0.0006489916 0.0043145586 4.046334e-05 0.0028563295 0.0002657499 0.0007154526 0.0021611392 0.000928318 0.00024157627 5.19294e-05 0.0014236617 0.020882137 0.001939242 2.1422557e-05 0.06742423 0.00324405 0.012045558 0.061187882 0.00046100255 0.019937426 0.00047734994 0.8308241 0.12643535 0.7674974 0.95431286 0.97046447 0.0001254276 5.604978e-16 0.11777667 0.9938333 1.943312e-05 0.022064116 0.19155894 2.0603324e-05 0.09775912 0.37094754 0.5603002 0.009209173 6.391822e-06 0.005196104 0.82211804 0.46840727 6.773539e-06 0.08040323 0.10746003 7.3978646e-07 0.0029500234 0.0030709319 6.733411e-07 0.00015439944 0.0006083717 0.00026176384 0.017603794 9.537016e-05 4.369919e-06 7.101825e-06 5.7548923e-06 7.4438583e-07 2.8520793e-05 1.1333124e-08 4.5901306e-06 0.00039406636 0.00066882634 5.935155e-08 3.7032685e-05 5.7348757e-07 3.3791505e-08 2.1233899e-07 1.5533683e-08 7.4407253e-06 1.7257342e-07 0.00012207945 1.9846871e-07 1.8250007e-06 7.1904567e-09 0.0034739645 2.1296218e-09 5.5469718e-09 0.00020643791 2.5280107e-08 3.780134e-06 8.9485525e-08 4.57565e-10 6.5449694e-07 1.5302682e-07 4.5255824e-08 2.3958821e-06 0.0022294817 4.3832756e-08 0.0001989274 1.8155545e-09 5.9208367e-09 7.609251e-09 2.606231e-05 0.0011988394 3.3284123e-06 3.3012173e-09 1.36560575e-05 1.3074923e-10
0.9027072 0.0002000823 0.00026782014 0.0025256714 2.8141563e-05 0.0012436112 0.00093799137 0.00036788834 0.015723584 0.0042675226 0.12130185 9.676931e-06 0.0033275413 0.019992834 6.389808e-05 0.00024711483 0.16322327 0.2042586 0.010073814 0.69672567 0.26551348 0.96319455 0.43780687 0.017849494 0.017789308 0.6442477 0.77710474 0.22361597 0.0028681764 0.11777667 2.8172548e-11 0.5167373 7.91371e-06 0.0013113049 0.035659038 0.00029683093 0.9709309 0.65698284 0.507851 0.98116064 0.00065665424 0.00048186095 0.018886577 0.0110890055 0.00010786819 0.26805574 0.07431372 3.231179e-05 0.46496195 0.0115875155 6.0067632e-05 0.0011607577 0.0018010868 0.00077108585 0.0014549752 0.0001666289 0.007339402 0.0018156994 0.0005564179 0.0005109002 1.66581e-05 0.00067441375 4.5605034e-06 0.0011938957 0.00028119178 0.0001588511 3.7937964e-06 0.00555896 0.0025515007 6.039165e-07 5.3302963e-05 4.5320958e-06 0.00044329403 0.0001008238 6.32297e-05 0.00038643964 8.714393e-06 0.00039370276 1.01879415e-07 5.2869727e-06 0.00021935985 8.393022e-07 1.561699e-05 1.2442795e-05 2.9355115e-05 3.8130606e-06 1.8275865e-05 7.6239867e-06 7.903423e-06 0.00014924358 6.3817965e-06 0.0006536749 3.033347e-06 3.2772164e-06 5.025153e-08 0.00030555873 2.2854787e-05 4.0270606e-06 5.912704e-08 1.7919045e-05 6.46282e-08
