1.9093649e-11 0.02462757 0.6650759 0.6830229 0.003180135 9.337785e-05 0.009107769 0.0003442652 0.8691636 0.09101648 0.78779846 0.0008275219 0.9466904 0.92205125 0.014031059 0.7584452 0.9275892 9.5077785e-06 0.12675478 2.8310316e-05 0.60175794 0.06856247 0.96830875 0.89439404 0.84565663 0.0009664078 0.7378148 0.4503847 0.73092556 0.63497794 0.7959638 0.3838424 0.99317586 0.9373569 0.47519818 0.9809194 0.6442845 0.009501385 0.7839115 0.96329975 0.99521554 0.98617446 0.99727786 0.85479504 0.08371648 0.0047264546 0.9974572 0.6954886 0.6254133 0.887999 0.67111015 0.9902877 0.8318349 0.99225974 0.67811733 0.03339837 0.7553333 0.97362804 0.7394536 0.9152772 0.84052414 0.9506801 0.83985406 0.92221457 0.97376615 0.9423172 0.5976209 0.74771744 0.96704495 0.9449953 0.9155915 0.91528726 0.9609252 0.9812893 0.99995923 0.9239574 0.10955391 0.88919014 0.7770145 0.92732334 0.99924666 0.9947266 0.92802364 0.90897876 0.41939646 0.9707857 0.89216346 0.9650184 0.94945836 0.0004343559 0.99835926 0.99714 0.9084445 0.0014690021 0.5221103 0.9799517 0.77118343 0.985497 0.9769475 0.55702204 0.9996283
0.02462757 6.1993945e-11 0.90751666 0.9956184 0.6229325 0.039185025 0.99773204 0.12796897 0.0030902927 0.00043612975 0.114271246 0.013259482 0.13859259 0.016857708 3.7395519e-06 0.011526422 0.006563018 1.1129387e-06 0.0012720661 2.5876338e-07 0.00032860984 0.00031315855 0.004120783 7.931061e-05 7.800026e-05 5.1325287e-07 6.6407347e-06 4.5005722e-06 5.891273e-05 1.0815767e-05 2.0493799e-07 7.788998e-06 0.005743524 8.017605e-05 3.2543048e-07 0.00020645958 7.7911636e-07 3.1360787e-07 1.2186302e-05 0.00037257504 1.9806295e-05 1.6575346e-05 0.001861469 1.1572423e-06 1.1223288e-08 4.0295536e-06 7.826078e-06 1.06892806e-07 9.808732e-07 6.965496e-05 2.7446364e-07 2.403841e-05 7.797464e-06 5.394337e-07 1.1143263e-05 3.8035117e-10 1.0622693e-06 9.697827e-06 6.455887e-07 3.992143e-07 9.875505e-07 4.4779304e-07 2.512112e-07 1.3170566e-07 2.447291e-05 5.299671e-07 7.125538e-07 4.383928e-06 6.5940816e-07 8.617713e-08 3.1818562e-08 8.7093446e-07 5.4291894e-07 3.0312705e-08 0.0005840284 1.9316076e-06 7.1727038e-09 2.7746094e-07 3.6953853e-08 1.6189348e-06 7.437331e-05 1.95391e-05 1.6258191e-07 1.09006486e-07 2.0553082e-07 1.817572e-06 9.86096e-08 2.6496662e-06 8.2069374e-07 7.0917907e-09 1.7957972e-06 1.4443935e-05 1.4735389e-07 2.3807227e-09 2.2286035e-06 3.057157e-07 2.7962257e-08 4.412707e-06 1.2310483e-07 2.034341e-09 1.9603978e-07
0.6650759 0.90751666 3.2026916e-12 0.9658462 0.9897752 0.01371447 0.028724704 0.0060922196 0.91271454 0.22811183 0.035585385 0.026230613 0.21146779 0.96995795 0.0018433684 0.5246272 0.35319385 1.3357876e-06 0.0006065937 1.0781407e-06 0.00022139741 2.0095842e-05 0.076144844 0.0006151137 0.17878759 1.6983411e-05 0.0136323245 0.0034400003 0.028277855 0.009479635 0.0041245674 3.5649492e-07 0.85249877 0.066414624 0.00027591325 0.23062654 0.00032056076 3.6979977e-06 8.3666055e-06 0.03151413 0.07163139 0.01019084 0.051685117 0.0008342163 7.817746e-08 9.638675e-05 0.0006826737 0.00019660701 1.0451248e-07 0.0047922353 5.8817186e-05 0.00017948111 0.000109460125 0.0027449182 3.917311e-05 1.9654802e-09 1.3204978e-05 2.4957749e-06 4.5518e-06 7.111503e-06 2.551246e-07 4.3445343e-06 4.448544e-07 7.173532e-07 0.0005189309 1.709829e-07 6.7011556e-09 6.978561e-07 4.897285e-06 4.0206116e-05 1.47406665e-08 7.574271e-08 6.008276e-07 4.610421e-06 0.008157618 2.3425373e-07 2.2166453e-09 2.3230433e-08 9.284688e-08 1.2135158e-07 0.0018739345 0.0005382254 2.9165528e-07 1.7302654e-08 1.7839099e-08 1.0777635e-06 1.270923e-07 5.7483624e-07 5.525816e-07 1.5037902e-09 1.069131e-05 1.9139976e-05 4.7024676e-07 7.046859e-10 1.4239542e-07 1.4326405e-07 1.6367168e-05 3.2609657e-07 4.9932014e-09 5.6156857e-10 1.4889492e-05
0.6830229 0.9956184 0.9658462 7.753464e-11 0.054805472 0.0002974098 0.94899434 0.0073851906 0.0012674313 1.0041977e-05 0.9741065 0.0004000276 0.9279071 0.48554966 4.4916297e-07 0.49270067 0.45402828 8.674774e-08 0.009233347 1.14905525e-07 0.00956774 0.002771465 0.30783695 0.005626974 0.0050774813 5.1829903e-07 0.00037736451 0.000101801976 0.004835603 0.0006665273 8.198638e-05 7.110849e-05 0.371619 0.005595701 1.3397418e-05 0.055046123 2.4157143e-06 7.471821e-06 0.0005141345 0.11236506 0.0030496295 0.00091369735 0.246536 2.079871e-05 1.3666344e-08 9.64937e-07 6.563084e-05 1.2304543e-05 2.754425e-05 0.027368823 3.4312927e-07 0.002962831 0.0006192435 5.2316682e-05 0.00015001802 5.457944e-09 0.0001362942 0.00029586468 0.00019568164 0.0001693309 1.748473e-05 0.00014682906 2.15796e-05 9.512477e-06 0.0019179014 3.1618406e-06 3.2815714e-07 1.3701494e-05 9.2625036e-05 3.4464133e-06 4.5525616e-07 2.391248e-06 1.8266715e-05 2.2009199e-06 0.011488807 1.5123073e-05 4.1422337e-09 8.329375e-07 4.2404827e-06 2.6701016e-06 0.0048154374 0.0009846052 5.5790906e-07 1.2343875e-06 1.5667495e-06 9.015629e-05 6.3432058e-06 3.6063993e-06 4.5861336e-05 1.530592e-07 5.437522e-05 0.00022060896 7.5798935e-06 4.0991658e-08 2.667849e-06 1.7910304e-06 1.7966435e-06 5.7031903e-06 3.794181e-07 2.1140367e-09 4.0003677e-05
0.003180135 0.6229325 0.9897752 0.054805472 2.585209e-11 0.999939 0.5327651 0.7418232 0.08290793 0.111626424 0.0010602401 0.8952305 0.013334356 0.02178953 0.0027905994 0.014155732 0.0014436588 4.4451557e-05 3.6894467e-05 1.3721676e-06 3.6667065e-05 1.4570748e-05 0.00088938605 2.5582971e-05 0.0012270643 8.720769e-06 6.201288e-05 0.00030644998 8.706804e-05 8.366383e-06 5.730384e-06 5.560935e-07 0.008938605 0.00013601087 2.5076681e-06 0.0001786774 7.781729e-06 1.2843154e-06 3.161441e-07 3.6368052e-05 0.00015250097 2.0053647e-05 0.00013817329 1.7615387e-06 1.5034662e-07 7.515332e-07 3.411928e-06 4.1085335e-07 9.738903e-08 2.963362e-06 9.613296e-06 4.5417532e-06 5.8736526e-07 2.1668557e-06 3.9086305e-07 4.2623032e-08 5.819168e-07 3.0902731e-06 3.0664245e-07 1.4375449e-06 4.7533202e-08 3.0142178e-07 7.675945e-08 4.4719275e-08 1.0492208e-06 3.2635197e-07 2.2021679e-07 2.0295458e-06 6.9261915e-08 1.2887901e-06 1.707783e-08 1.4317705e-07 2.1200108e-07 1.0972154e-07 5.308306e-05 6.212558e-07 5.2163376e-09 1.063727e-06 8.476033e-09 3.6333867e-07 3.113235e-05 6.1798182e-06 8.385617e-08 5.979477e-09 1.1330521e-06 3.9198892e-07 1.6320135e-08 1.5303856e-06 1.696028e-07 2.4732772e-08 4.403817e-07 2.4180224e-07 1.1987118e-08 1.268808e-10 1.2362041e-06 1.884925e-08 2.5006612e-08 3.1016714e-07 1.81158e-07 4.544157e-10 4.9744298e-08
9.337785e-05 0.039185025 0.01371447 0.0002974098 0.999939 3.039813e-14 0.0069225337 0.9933759 0.0002769477 0.0036283885 0.000203519 0.91425365 0.0001797989 0.00014947362 0.00028633064 4.3392116e-05 1.56105e-05 0.0003520006 5.927869e-06 1.369489e-06 1.1663998e-06 3.5097537e-07 3.2739456e-06 1.1694907e-06 5.1275556e-06 1.2824661e-06 5.696001e-07 2.5979329e-05 1.6120388e-06 2.691531e-06 1.398208e-08 1.6366457e-08 6.486262e-05 8.817884e-07 1.41102205e-08 5.582761e-06 1.1593299e-06 1.101535e-07 1.140965e-07 6.033057e-07 1.1435352e-06 6.594315e-07 1.6640497e-06 1.5446297e-07 8.123116e-10 2.5504617e-06 6.6343256e-07 4.741076e-09 2.2523254e-09 6.61218e-07 1.3301452e-07 1.6839895e-06 5.377171e-09 6.560201e-08 7.947827e-08 4.0771025e-10 9.7488595e-09 1.6264488e-07 3.127814e-09 7.3201183e-09 6.002033e-09 1.0756604e-08 1.172617e-09 7.078435e-10 2.0244029e-07 2.3432646e-08 9.777784e-08 1.2627675e-06 5.3938423e-09 1.266075e-08 1.4479577e-10 3.739908e-08 6.959931e-09 2.3516888e-10 1.6972352e-05 9.956663e-07 1.7559708e-09 4.690761e-08 1.2621539e-09 8.393458e-08 4.7926487e-06 2.1250267e-07 7.618658e-10 3.2631786e-10 7.713855e-08 1.4971143e-08 1.1617309e-09 1.819713e-07 2.3975972e-09 1.2150918e-09 4.61815e-09 3.7998808e-07 2.7013564e-10 2.4312255e-11 9.821803e-08 1.316361e-09 3.0449954e-10 1.4600284e-08 3.7596124e-08 1.1890873e-10 1.8884254e-09
0.009107769 0.99773204 0.028724704 0.94899434 0.5327651 0.0069225337 1.1066148e-10 0.95302117 1.9852134e-05 3.4410832e-06 0.9737431 0.0017503384 0.1436306 0.0004230555 6.6830506e-07 0.00024969224 0.0021867778 1.8433867e-06 0.023301972 8.523733e-08 0.016162446 0.013661928 0.0019377602 0.0030632287 2.6693237e-07 2.9955766e-07 2.7794556e-07 8.541081e-08 2.0378243e-07 1.7801644e-06 5.2141993e-09 0.00014919775 0.00024245589 1.5466853e-06 1.0734127e-07 4.2484957e-05 4.8923784e-08 5.456209e-08 0.00022324134 0.004097277 5.782477e-06 5.2718688e-06 0.002359229 3.3868855e-07 1.7315157e-09 6.7906495e-07 3.2171781e-06 3.2983896e-10 2.9483797e-06 0.0009395523 3.231866e-07 0.0006984 3.4909e-05 2.111486e-07 1.1148301e-05 5.348173e-09 1.0423114e-06 3.1923533e-05 6.977094e-06 4.2662364e-06 5.830756e-07 1.449296e-05 3.608221e-07 1.8661363e-07 5.0199684e-05 5.0499403e-07 3.3593562e-07 6.0841944e-06 1.0410349e-06 2.5960009e-07 6.921992e-08 1.3308729e-06 2.516495e-07 1.5658314e-09 4.830445e-06 1.0450744e-06 3.417979e-08 7.8815606e-07 4.773153e-08 1.526236e-06 9.867701e-05 7.796935e-06 1.5050041e-07 3.4351854e-07 1.2852455e-06 1.46504335e-05 1.14169204e-07 4.7030576e-06 2.0278067e-06 7.1606785e-08 9.66118e-08 2.0699335e-05 1.6350606e-08 7.1782607e-09 4.0855416e-06 3.8561534e-08 4.3662842e-09 4.604276e-07 1.5677433e-06 7.050605e-08 2.327897e-07
0.0003442652 0.12796897 0.0060922196 0.0073851906 0.7418232 0.9933759 0.95302117 3.9827457e-11 1.5249319e-05 0.0004062384 0.0037797918 0.995532 0.0053453166 0.00018058938 1.5373113e-05 0.00020579259 0.00013589289 0.062962204 0.00011478665 6.0602343e-07 8.645986e-05 6.4933054e-05 4.0916733e-05 7.367984e-05 1.8201504e-07 1.175006e-07 8.6037524e-08 7.59209e-08 9.00387e-08 4.679165e-07 1.0525255e-09 5.71709e-07 0.0001685392 1.7567608e-06 9.769074e-09 9.575709e-06 4.617571e-08 7.785471e-08 8.070205e-07 1.5098157e-05 4.817832e-07 2.2831175e-07 2.515816e-05 9.952166e-08 1.3552853e-08 2.651007e-07 5.0218404e-07 1.1662062e-10 4.7919966e-09 9.422779e-07 1.06167626e-07 8.2861525e-06 3.2609438e-07 3.662825e-08 2.0371465e-07 8.091046e-10 5.5257476e-07 5.1465025e-07 1.05523014e-07 4.9684445e-07 5.756687e-08 3.472445e-07 5.4613942e-08 2.5968413e-08 3.275849e-07 4.274393e-08 1.9760654e-07 1.2222331e-06 1.2045143e-07 5.0373767e-09 2.1899401e-08 2.7500468e-07 9.655598e-08 2.4579483e-10 9.593678e-06 2.6670018e-06 5.4460816e-08 2.5569483e-07 9.725589e-09 5.378675e-07 2.629775e-05 1.5151217e-06 3.259852e-09 1.950565e-08 5.3819633e-07 1.0391265e-06 3.385363e-08 9.426131e-07 2.3009076e-07 5.571076e-08 1.9805114e-08 1.0944498e-06 1.899936e-09 2.4354934e-09 2.486411e-07 5.240571e-09 7.616707e-11 6.3898895e-08 1.6189857e-06 4.621014e-09 9.57546e-10
0.8691636 0.0030902927 0.91271454 0.0012674313 0.08290793 0.0002769477 1.9852134e-05 1.5249319e-05 9.4701455e-11 0.99979675 0.00047614262 0.004204832 0.029966066 0.9775966 0.0765329 0.2675383 0.058221187 1.0481397e-06 1.8121227e-05 3.6629634e-05 2.9742416e-05 4.755739e-07 0.0009592531 0.00013240582 0.71596503 0.003733489 0.51724994 0.23926666 0.050274882 0.3291792 0.1515939 5.816027e-09 0.8094669 0.3435515 0.024262937 0.54357845 0.03759908 0.0016315749 3.452573e-07 0.002174167 0.7521644 0.4751815 0.020203773 0.017839793 8.059661e-05 0.006308629 0.04090907 0.004138395 2.1714843e-07 0.00064115453 0.005887505 0.000107574255 1.2972153e-05 0.04081635 4.0575574e-06 2.8038778e-05 7.2364624e-06 5.882327e-06 4.4669265e-05 2.5000689e-05 5.291328e-07 5.37417e-06 8.973597e-07 3.1280422e-08 0.0007233189 4.176781e-07 1.2636305e-09 2.4789283e-06 1.2123638e-05 0.005783713 1.4280142e-08 4.213667e-08 9.838806e-07 0.0005427867 0.020261168 1.575085e-06 9.172349e-07 2.2627934e-07 8.672275e-08 2.2505694e-07 0.0067386604 0.0010586331 0.00023104565 8.048188e-08 3.8321352e-07 1.7718482e-06 1.1829923e-07 1.1672311e-06 9.4640075e-07 5.128254e-08 1.4711057e-05 7.165855e-05 5.7914093e-07 1.5284398e-08 3.1920865e-06 2.4534086e-07 0.0003135611 7.5083256e-07 2.648322e-08 8.550793e-09 0.0024644798
0.09101648 0.00043612975 0.22811183 1.0041977e-05 0.111626424 0.0036283885 3.4410832e-06 0.0004062384 0.99979675 1.2604656e-12 4.3024943e-06 0.0571065 0.00024313523 0.15010388 0.9999408 0.0021133758 0.0006343472 1.9256144e-05 4.530095e-06 0.0004038456 3.0880487e-06 3.17452e-07 1.7983704e-05 2.6212729e-06 0.018485367 0.002593084 0.008925359 0.035335097 0.0006677665 0.007889525 0.000839482 9.851842e-08 0.036862835 0.0023375165 0.0001235047 0.0050824713 0.00011694506 3.6500292e-05 7.2519725e-08 1.1183057e-05 0.038447883 0.0042439 0.000109802844 0.00029734915 4.0274217e-06 0.00032822927 0.00043835523 1.8973795e-05 5.1508803e-08 3.1128354e-06 0.00020028008 5.1288907e-06 6.132209e-07 0.00023776204 1.2845691e-06 1.6702696e-06 9.351492e-07 1.9512574e-06 1.7427536e-06 1.5615686e-06 3.0993945e-07 9.192105e-07 1.961576e-07 1.9017026e-08 1.3155045e-06 4.098736e-08 3.8768025e-08 8.5038937e-07 3.930359e-07 0.00034873263 1.5282707e-08 8.351761e-08 2.2253806e-07 4.41237e-06 0.00038748904 9.087743e-07 1.2927218e-06 3.1801744e-07 6.980941e-08 5.513898e-07 0.00013750746 8.765787e-06 3.7981783e-05 1.7763115e-08 1.0158022e-07 7.5689525e-07 6.320169e-08 2.0308646e-06 4.157267e-08 8.832498e-08 3.509054e-07 1.6311407e-06 2.0587857e-08 2.1441448e-08 1.935921e-06 8.5707335e-08 1.0117572e-05 4.3187634e-07 3.7028922e-08 7.967566e-10 4.9301907e-06
0.78779846 0.114271246 0.035585385 0.9741065 0.0010602401 0.000203519 0.9737431 0.0037797918 0.00047614262 4.3024943e-06 2.0372162e-11 4.845752e-05 0.98663133 0.017954437 1.4292541e-06 0.21122551 0.12410421 6.972185e-08 0.97469014 3.543686e-07 0.48678738 0.08038761 0.28824273 0.32417944 0.00041162304 1.396926e-06 9.4325966e-05 7.6984565e-05 0.0013142539 5.1498315e-05 6.1380165e-06 0.00066488975 0.0075368253 0.0005299285 2.3419811e-07 0.00962912 2.6741384e-06 1.8724229e-06 0.004996156 0.47722644 0.0006577254 0.0006879007 0.51421076 1.3149275e-06 3.5200357e-10 7.7424675e-06 1.6053431e-05 7.1765777e-07 0.00029183045 0.21889286 9.560943e-08 0.030654892 0.0042589847 1.0794797e-05 0.0014594458 6.840043e-08 0.00023213627 0.0006383185 0.0005799454 0.00031382617 9.223973e-05 0.0011369576 4.705348e-05 0.00018287728 0.0035614346 1.1481955e-05 2.3706387e-05 0.00013392673 0.00026945875 7.2430557e-06 1.5023289e-06 8.518882e-06 1.3895299e-05 3.3565735e-07 0.006797483 7.843694e-05 1.1367899e-07 3.0070817e-06 1.3445834e-06 9.801472e-06 0.021188067 0.0028592078 1.7843576e-06 1.9139e-06 7.237215e-06 0.00017136926 4.666761e-06 9.832718e-05 4.0438958e-05 1.5706122e-06 9.338498e-05 0.00051587535 2.0478415e-06 2.8314375e-08 9.506069e-05 4.1159205e-06 2.9825026e-06 6.672136e-05 9.854704e-05 1.2017802e-07 7.709925e-05
0.0008275219 0.013259482 0.026230613 0.0004000276 0.8952305 0.91425365 0.0017503384 0.995532 0.004204832 0.0571065 4.845752e-05 4.304211e-13 0.00033704322 0.002050289 0.06712682 0.0005163803 0.0002073036 0.9999875 5.6467725e-05 0.025488988 4.8868515e-05 8.861025e-06 4.2700853e-05 3.424516e-05 0.00020162521 6.283746e-05 0.00018111769 0.00032426024 1.1874199e-05 2.9961653e-05 2.4095202e-06 4.110797e-06 0.00011924932 1.4179147e-05 1.3186982e-05 3.4853845e-05 8.961479e-05 9.8558885e-05 1.7244774e-05 5.722395e-06 2.4559065e-05 8.853853e-06 1.4316094e-05 5.9906392e-06 1.9106867e-06 2.6442958e-05 4.271036e-06 2.3561383e-06 3.580034e-06 1.4010151e-06 3.806822e-06 2.0475327e-06 4.5572708e-07 4.440417e-06 3.2108268e-08 8.903895e-08 2.1954652e-06 4.1088082e-05 1.9253969e-06 7.4690206e-06 2.1939102e-06 9.964695e-06 1.86482e-05 2.1677515e-05 2.4418867e-07 1.3853936e-05 0.00025755347 0.0013342783 2.5340415e-07 4.69099e-06 2.0378102e-06 3.1009158e-06 7.747393e-06 1.13322116e-07 3.721665e-05 0.00026634306 4.0138224e-07 3.0917396e-05 1.5606926e-07 7.6745804e-05 0.00010227988 3.0047555e-05 2.6093431e-08 4.7873243e-07 1.4744063e-05 7.1793947e-06 3.2611618e-07 4.1139327e-05 8.8676813e-07 7.1137642e-09 7.400758e-07 7.7039783e-07 1.02112425e-08 1.4921182e-10 3.2011456e-05 3.686881e-08 2.8502762e-09 8.273534e-06 3.2436228e-06 9.644269e-10 2.7581034e-08
0.9466904 0.13859259 0.21146779 0.9279071 0.013334356 0.0001797989 0.1436306 0.0053453166 0.029966066 0.00024313523 0.98663133 0.00033704322 3.2444034e-11 0.24264517 1.0315297e-06 0.92580837 0.8874508 5.9177944e-07 0.5518075 1.0881749e-06 0.5846385 0.011583741 0.9584698 0.6486208 0.025391147 4.7698563e-07 0.0013172766 0.00070558547 0.030366845 0.0012773201 0.0013041905 0.0013569565 0.12801163 0.0097619705 2.8755737e-06 0.107852295 2.9101571e-05 5.01526e-05 0.0023884282 0.59622616 0.0050650546 0.0026720467 0.76965284 7.626666e-05 4.738213e-08 5.6284734e-06 0.00035056425 0.00050172355 0.00087475736 0.09745588 1.5568359e-06 0.007130349 0.0091518 0.00023756192 0.0012909232 9.894797e-08 0.0005023623 0.00052652287 0.0018268094 0.0015536024 0.0002063521 0.000665492 9.239469e-05 9.05006e-05 0.013586309 3.7091006e-05 6.737677e-05 0.00028668778 0.00041602342 0.0003362087 3.0310568e-06 1.556348e-05 0.00022272205 5.3282132e-05 0.083794534 0.00037950592 2.5999216e-06 3.5290311e-06 8.509309e-06 4.8239353e-06 0.043706078 0.016287426 2.9231414e-05 2.8757163e-06 5.31162e-06 0.00019763211 4.0630115e-05 2.3464278e-05 0.00010860487 1.0229119e-06 0.0007274713 0.0008126338 0.00013152162 3.8388436e-07 2.0217387e-05 9.282811e-06 0.00040806257 1.41910505e-05 7.5974395e-07 2.7005456e-06 0.00015965223
0.92205125 0.016857708 0.96995795 0.48554966 0.02178953 0.00014947362 0.0004230555 0.00018058938 0.9775966 0.15010388 0.017954437 0.002050289 0.24264517 3.2504039e-12 0.0065084025 0.9406367 0.348207 5.9429544e-06 0.0012637452 3.1393676e-05 0.0013625976 6.8097984e-06 0.02670258 0.0010750596 0.90025014 0.00018353458 0.09031683 0.03191345 0.7627648 0.012485113 0.06683246 2.392844e-07 0.9820425 0.453199 0.00051288074 0.6252323 0.0016894451 0.0001581182 6.5396002e-06 0.006593246 0.25518644 0.04030338 0.040244512 0.00041493695 6.5075105e-06 0.0001329309 0.0011748107 0.0041696737 2.549478e-07 0.0013148751 2.773517e-05 4.9462906e-05 0.00025747958 0.0015821994 2.4859082e-05 1.7214056e-06 8.3066084e-07 1.885387e-06 0.00018921834 2.2407855e-06 4.801988e-07 6.519161e-07 7.306801e-08 8.3336374e-08 0.00047763778 8.25221e-08 2.1101411e-07 5.5014027e-07 1.5968435e-06 0.00030363485 4.323218e-09 6.5610237e-09 4.424149e-07 0.0006513233 0.15289645 1.16504175e-07 3.9605774e-07 5.5663598e-08 1.0001543e-08 1.2692691e-08 0.0022623136 0.0011900676 4.6861987e-05 1.180683e-09 2.994578e-08 9.1148884e-08 1.4078117e-07 1.9036548e-08 1.1389342e-07 1.9347103e-08 4.235239e-05 1.2650112e-07 1.0605504e-06 7.406321e-09 6.212377e-08 2.477627e-07 0.00032935655 6.94005e-08 9.507329e-09 1.797322e-08 0.00055751344
0.014031059 3.7395519e-06 0.0018433684 4.4916297e-07 0.0027905994 0.00028633064 6.6830506e-07 1.5373113e-05 0.0765329 0.9999408 1.4292541e-06 0.06712682 1.0315297e-06 0.0065084025 1.7384772e-14 3.9433762e-05 5.775527e-06 0.00016237886 6.2338046e-07 0.06652811 1.4828676e-08 2.5135675e-08 1.4851854e-07 1.4179321e-07 0.0017572318 0.9996254 0.003557334 0.043038573 2.8661872e-05 0.0034609982 0.00013073179 2.610875e-09 0.003730225 0.00014497446 7.216948e-05 0.00026905508 0.00019678108 7.6350574e-05 9.900282e-10 1.6442112e-08 0.01348479 0.0021131604 3.7737996e-07 3.479553e-05 2.4372524e-05 0.0017202422 0.0016972232 5.822846e-06 5.905882e-09 4.0815575e-08 4.2943964e-05 1.7632539e-07 4.410773e-09 3.6324447e-05 1.1602235e-08 2.5400943e-06 3.2934523e-08 8.101257e-09 4.1009727e-08 9.304454e-08 4.2411354e-09 3.1246074e-08 9.114693e-09 2.2664994e-09 7.344201e-09 6.561127e-08 7.371922e-08 3.067817e-07 2.5959188e-09 1.07860715e-05 1.319775e-09 2.6070288e-09 7.2127087e-09 8.9135176e-07 3.3059623e-05 2.0796417e-06 1.4971286e-06 4.4860666e-08 3.1173732e-09 5.438222e-07 1.4226878e-05 7.8980156e-07 8.716495e-06 1.1502416e-09 1.818568e-07 2.5612716e-08 1.4607155e-09 6.797816e-07 1.6440609e-08 4.598891e-09 4.0958287e-08 6.236096e-08 5.043183e-09 4.7820603e-10 3.6546237e-07 6.9354154e-09 6.682929e-07 8.3417e-08 1.00787794e-07 2.6689684e-10 6.8345565e-07
0.7584452 0.011526422 0.5246272 0.49270067 0.014155732 4.3392116e-05 0.00024969224 0.00020579259 0.2675383 0.0021133758 0.21122551 0.0005163803 0.92580837 0.9406367 3.9433762e-05 1.5286217e-14 0.9956616 4.7735654e-07 0.0047730445 5.723216e-07 0.042288024 0.000112368376 0.6099719 0.019364325 0.8153673 1.7855874e-07 0.01242805 0.006710222 0.95091474 0.0014715358 0.021282103 5.0635736e-05 0.8010355 0.32350218 4.896279e-05 0.36083233 0.00039650276 5.8493497e-06 0.00012364682 0.029409528 0.046848513 0.008257198 0.17016855 0.00019741849 1.5130068e-07 2.0878151e-06 0.0025077558 0.0032621322 6.744214e-07 0.007870159 2.0485093e-06 0.00071612495 0.00090165663 0.0012839965 5.642913e-05 1.5421746e-07 4.3999025e-06 1.0712672e-05 0.0004423586 0.00013332283 8.9314e-06 1.1484397e-05 2.6085235e-07 2.1122776e-07 0.0023633805 4.001842e-08 8.2141135e-08 1.03262764e-07 2.8830113e-05 0.0003042546 4.385943e-08 7.69213e-07 8.9882815e-06 0.00028618868 0.5827172 8.763576e-07 9.164305e-09 5.717379e-07 5.53136e-08 4.2892157e-08 0.006199124 0.0026525222 4.706364e-06 1.3302333e-08 1.2334444e-07 1.7559836e-06 1.1058337e-07 1.8373781e-07 1.0055417e-06 1.0776416e-09 0.00013206068 6.9822527e-06 7.906396e-07 1.4337687e-10 7.835342e-07 9.8383964e-08 4.912153e-05 1.4297606e-07 3.6779625e-07 1.7454322e-09 0.00015125562
0.9275892 0.006563018 0.35319385 0.45402828 0.0014436588 1.56105e-05 0.0021867778 0.00013589289 0.058221187 0.0006343472 0.12410421 0.0002073036 0.8874508 0.348207 5.775527e-06 0.9956616 1.2871315e-12 7.3516924e-07 0.019148828 4.944144e-07 0.04817468 0.0015119432 0.99068075 0.03391155 0.17863715 3.2863662e-07 0.0009705845 0.002826591 0.48758146 0.00019247177 0.00041011898 0.001165661 0.5255792 0.05636626 1.6754705e-06 0.17513087 1.1565091e-05 6.396679e-05 0.0028217754 0.123346135 0.004150537 0.000897703 0.4397145 7.4338595e-06 3.2393938e-08 7.9516445e-07 0.00011816423 6.097401e-05 0.00041315844 0.044257775 3.7378453e-07 0.0022195226 0.004054978 7.375393e-05 0.00028936562 2.5332286e-08 8.898993e-05 0.00022080638 0.0010533376 0.0002542627 6.0399143e-05 4.961361e-05 1.216471e-06 1.1121043e-05 0.011874739 7.5745925e-07 5.665363e-06 2.9686457e-06 0.00026179853 9.211037e-06 8.276402e-07 2.1469748e-06 8.496773e-06 8.072803e-06 0.43464726 0.00011814091 7.936825e-09 5.084854e-06 9.67091e-07 3.7508826e-07 0.015813533 0.003998659 8.871517e-08 1.6154516e-07 5.6624594e-07 2.82682e-05 7.6093643e-06 4.444219e-07 6.9509966e-05 5.448222e-08 0.0008212332 0.00013307271 5.4891834e-06 2.8314485e-08 3.2813352e-06 8.547376e-07 1.9219551e-06 3.4046744e-07 5.1246367e-08 1.9121549e-09 1.48532135e-05
9.5077785e-06 1.1129387e-06 1.3357876e-06 8.674774e-08 4.4451557e-05 0.0003520006 1.8433867e-06 0.062962204 1.0481397e-06 1.9256144e-05 6.972185e-08 0.9999875 5.9177944e-07 5.9429544e-06 0.00016237886 4.7735654e-07 7.3516924e-07 6.2054947e-16 7.0919873e-07 0.9999962 5.0599308e-08 1.9836311e-07 4.7010346e-08 1.9403156e-07 1.4926313e-07 5.3837502e-05 1.2373864e-07 1.0357284e-07 1.912619e-08 8.940261e-08 6.8639308e-09 6.7739464e-08 7.634355e-06 9.686088e-08 1.4805411e-07 5.726263e-07 1.1328084e-07 9.913026e-08 4.3836292e-07 1.3049117e-07 2.480069e-07 1.1200732e-07 9.798377e-08 6.8059215e-08 1.8802783e-08 1.3453112e-07 8.287669e-08 6.4635928e-09 2.557943e-07 3.66409e-08 3.3134083e-07 1.4537962e-07 7.3457734e-08 2.9988477e-08 1.1107288e-08 4.00242e-09 1.08027e-08 1.0045765e-06 6.36505e-08 9.0298734e-08 8.913836e-08 1.1084649e-07 2.9737507e-07 4.6162393e-07 2.708861e-08 2.8212852e-07 1.0655282e-06 3.814999e-06 1.7209204e-07 4.323434e-08 1.2201791e-07 5.4950284e-08 4.8961592e-08 4.4928097e-10 3.204487e-07 1.3412415e-05 1.0690641e-08 8.59836e-07 7.385334e-08 7.0141677e-06 1.3386722e-06 3.9971943e-07 1.2533012e-10 3.6803396e-08 7.1287873e-09 3.9339176e-07 1.039566e-07 6.8580844e-06 4.828054e-08 2.9340066e-10 3.1595873e-09 1.535178e-07 5.418898e-10 7.129184e-12 9.6028685e-08 9.109179e-10 1.4024722e-10 2.8682745e-08 8.818678e-08 2.2121617e-11 4.463181e-10
0.12675478 0.0012720661 0.0006065937 0.009233347 3.6894467e-05 5.927869e-06 0.023301972 0.00011478665 1.8121227e-05 4.530095e-06 0.97469014 5.6467725e-05 0.5518075 0.0012637452 6.2338046e-07 0.0047730445 0.019148828 7.0919873e-07 8.228534e-13 1.3781853e-07 0.9793631 0.99958146 0.117244035 0.49666968 0.00034651806 4.1855674e-08 0.00011114433 2.4028109e-06 0.0027258983 4.4574404e-05 1.2422698e-05 0.023000728 0.0029256947 0.0007298653 1.9533715e-07 0.0016710146 3.486854e-05 5.9393446e-06 0.01112186 0.31194448 0.0003099905 0.00013939718 0.091291666 5.414167e-06 5.109665e-08 1.6975346e-07 7.881478e-05 2.1800602e-07 0.00034182286 0.13710015 4.2894903e-06 0.047524482 0.006487175 6.234138e-05 0.0012349235 1.3819685e-08 0.0009408762 0.0012397573 0.0009375952 0.0009132087 0.0005128148 0.0008544171 0.0001964966 0.00034756126 0.0033195587 5.5889326e-05 7.137298e-05 0.0021476867 0.00032734493 2.9317262e-05 8.209701e-05 0.00028796413 0.00012374262 1.227139e-07 0.00361601 7.962489e-05 9.17984e-09 3.332441e-05 6.0982816e-06 5.16179e-05 0.0054742876 0.00057398336 1.9428476e-06 1.7406584e-05 5.5303635e-06 0.00010043685 8.515922e-05 8.1388236e-05 1.995079e-05 5.9565323e-08 7.7855635e-05 6.394843e-05 5.1500306e-06 1.5753515e-09 0.00010795607 1.5088987e-05 3.7425286e-07 4.0478895e-05 8.786209e-06 3.0927847e-08 3.0878516e-06
2.8310316e-05 2.5876338e-07 1.0781407e-06 1.14905525e-07 1.3721676e-06 1.369489e-06 8.523733e-08 6.0602343e-07 3.6629634e-05 0.0004038456 3.543686e-07 0.025488988 1.0881749e-06 3.1393676e-05 0.06652811 5.723216e-07 4.944144e-07 0.9999962 1.3781853e-07 1.1866774e-16 1.198206e-07 8.9179856e-08 1.1967808e-07 8.714338e-07 9.292971e-06 0.99999255 1.9480289e-05 1.5732947e-05 2.0048712e-07 3.0738647e-05 2.6345418e-07 3.3957025e-07 6.4921725e-05 1.9701072e-06 1.3878193e-06 9.34326e-06 3.605588e-06 2.078583e-06 4.382668e-07 2.4654868e-08 2.9408018e-05 1.8901768e-05 9.299203e-08 2.87095e-07 1.3172835e-06 8.1608276e-05 1.0789908e-05 2.4821901e-08 1.5789585e-07 1.6822653e-08 1.8743078e-06 3.0895954e-08 3.28105e-08 6.984673e-07 6.133021e-09 2.1054758e-07 1.1893714e-09 5.5227025e-07 3.1208252e-08 2.0505947e-08 6.392278e-08 6.536034e-08 1.18889744e-07 8.8868944e-08 2.8110275e-08 2.993332e-07 7.129909e-07 2.198587e-06 9.743618e-09 6.916195e-07 2.2118021e-08 7.769756e-09 1.1541693e-08 6.4885324e-09 9.835503e-07 2.0044068e-05 6.953764e-08 1.0071535e-07 4.757617e-09 2.4650778e-06 1.920224e-06 2.0967352e-07 9.83412e-08 1.0787135e-08 2.5157354e-08 5.5741154e-08 5.5386415e-09 1.4411152e-06 3.1433892e-08 2.2559446e-10 4.452971e-09 6.759929e-08 4.393946e-09 1.2437348e-11 1.2828262e-07 1.7550198e-09 4.027822e-09 5.128783e-08 1.9535076e-07 1.5478627e-10 3.7265124e-09
0.60175794 0.00032860984 0.00022139741 0.00956774 3.6667065e-05 1.1663998e-06 0.016162446 8.645986e-05 2.9742416e-05 3.0880487e-06 0.48678738 4.8868515e-05 0.5846385 0.0013625976 1.4828676e-08 0.042288024 0.04817468 5.0599308e-08 0.9793631 1.198206e-07 1.4238256e-12 0.97157913 0.470122 0.9942714 0.00035523318 2.3599453e-08 4.3247705e-06 3.0236586e-07 0.0031286557 6.8902273e-06 3.7946065e-06 0.16530465 0.0054710596 0.0006269174 1.146496e-07 0.0036805468 7.13872e-07 4.1553665e-07 0.04213676 0.74092746 0.00034197906 6.717171e-05 0.47941667 4.1323977e-07 2.3868896e-08 1.8856045e-06 5.406435e-05 3.7997214e-07 0.004921231 0.47383422 4.995679e-07 0.12368903 0.016569374 6.648618e-06 0.0038512533 4.18286e-09 0.0005672825 0.00071553414 0.0010892565 0.0006144497 0.0003761344 0.0007212944 4.206286e-05 6.7802124e-05 0.0107081225 1.5330172e-05 4.5377157e-05 3.180311e-05 0.0007775862 5.476462e-06 4.7545445e-06 4.3609747e-05 5.043919e-05 2.1586958e-08 0.016419772 0.0001862091 2.2765391e-08 2.5667307e-05 5.7134084e-06 1.1131249e-05 0.04037771 0.0037823445 1.234188e-07 1.1809151e-05 6.1100404e-06 0.0003758757 2.7385078e-05 2.0329679e-05 9.135579e-05 3.631632e-08 0.00024020456 0.00035706945 3.4506622e-06 9.670244e-09 7.732247e-06 1.3726383e-05 2.5207464e-07 1.8634562e-05 1.3719387e-06 3.4595885e-08 4.3411715e-06
0.06856247 0.00031315855 2.0095842e-05 0.002771465 1.4570748e-05 3.5097537e-07 0.013661928 6.4933054e-05 4.755739e-07 3.17452e-07 0.08038761 8.861025e-06 0.011583741 6.8097984e-06 2.5135675e-08 0.000112368376 0.0015119432 1.9836311e-07 0.99958146 8.9179856e-08 0.97157913 6.285027e-13 0.0026184823 0.53680605 6.013042e-06 4.9967955e-08 1.2392661e-06 4.5501288e-08 1.1579924e-05 8.0727614e-07 1.2199156e-08 0.9717485 0.000109116896 1.5676336e-05 1.3656123e-07 0.00021566324 1.7386416e-08 1.9777915e-06 0.18337964 0.11367101 5.434694e-06 2.5223853e-06 0.007167963 6.8531016e-08 2.2797067e-08 4.0933998e-08 2.306608e-06 1.2844384e-09 0.0132346125 0.11666 2.068989e-08 0.09124762 0.08066177 8.8889334e-07 0.030421486 1.074505e-10 0.003957319 0.03647879 0.005693127 0.0026875082 0.011844048 0.00926762 0.001689748 0.0020849383 0.0067955162 0.001512094 0.0003016474 0.002746903 0.0021033245 1.8070611e-07 0.00019686705 0.00044364657 0.0006307056 1.4750089e-08 8.287342e-05 0.00016565195 4.5425126e-09 8.2949955e-05 1.9152885e-05 8.5192034e-05 0.006744122 0.0020149297 1.05418945e-08 2.1131622e-05 2.0916586e-05 0.00080070633 1.75954e-05 0.00019275096 7.918961e-05 2.673493e-06 0.00031477094 0.0007580729 6.186859e-06 5.169647e-07 4.4763423e-05 1.77927e-06 1.4793547e-10 2.1339994e-05 2.9527087e-05 3.046657e-06 5.6441554e-09
0.96830875 0.004120783 0.076144844 0.30783695 0.00088938605 3.2739456e-06 0.0019377602 4.0916733e-05 0.0009592531 1.7983704e-05 0.28824273 4.2700853e-05 0.9584698 0.02670258 1.4851854e-07 0.6099719 0.99068075 4.7010346e-08 0.117244035 1.1967808e-07 0.470122 0.0026184823 4.8708353e-11 0.6511878 0.07283053 1.8631107e-08 0.0017538974 0.0004147765 0.5139661 0.00036350626 0.0006996967 0.021899503 0.26596746 0.018863373 4.7637127e-06 0.08197062 4.0934137e-05 4.9003265e-06 0.055577308 0.77130944 0.0015717278 0.0011516104 0.96814203 7.691751e-06 9.329191e-08 3.347113e-06 9.40598e-05 0.00026298716 0.008483701 0.38265666 9.888935e-07 0.029557033 0.08922497 4.118573e-05 0.008019238 8.854786e-07 0.00272843 0.0014486223 0.0706798 0.0065628556 0.0010418345 0.00081757724 0.00021102974 0.00055142137 0.19721475 1.5885662e-05 0.00017970496 9.1414495e-06 0.0015419829 2.109061e-05 3.7188514e-05 4.3551147e-05 0.0004429057 4.7388978e-05 0.70251334 0.0002129024 1.9172283e-08 4.542778e-05 0.00013091206 6.091649e-06 0.099655315 0.051357854 2.946547e-06 5.717622e-06 1.0810633e-05 0.0005123785 0.00032113568 3.7763107e-06 0.00054400426 1.5814277e-06 0.0033366315 0.00027584142 0.000147092 2.4510797e-07 9.388245e-05 6.0228078e-05 9.980934e-05 4.1188712e-05 3.6310612e-06 1.2748034e-08 4.1808384e-05
0.89439404 7.931061e-05 0.0006151137 0.005626974 2.5582971e-05 1.1694907e-06 0.0030632287 7.367984e-05 0.00013240582 2.6212729e-06 0.32417944 3.424516e-05 0.6486208 0.0010750596 1.4179321e-07 0.019364325 0.03391155 1.9403156e-07 0.49666968 8.714338e-07 0.9942714 0.53680605 0.6511878 5.741505e-10 0.00027848888 2.367366e-08 1.1138577e-05 4.0065794e-07 0.0051329406 4.1866395e-05 2.2753748e-05 0.7986933 0.0071067032 0.0038481893 3.591827e-07 0.014078905 1.8455311e-06 4.6451478e-05 0.34088576 0.98140204 0.00032359545 0.00021020281 0.6897334 9.766249e-06 7.1073765e-09 1.4276956e-06 4.4333607e-05 1.6563179e-05 0.029644758 0.8753723 1.1556877e-07 0.4231177 0.113322794 7.1165414e-05 0.021155903 5.1135352e-08 0.003954224 0.0055107786 0.013732255 0.0073291166 0.0021607713 0.004349499 0.0010260699 0.0012808692 0.08381665 0.000121464655 0.00025043965 0.000343282 0.0056646178 7.647631e-06 3.3473512e-05 0.00033301744 0.0009036581 1.7673135e-06 0.022893716 0.0005452272 9.924927e-08 0.00011218153 7.455282e-05 5.8530248e-05 0.14946729 0.0141555425 5.509364e-06 8.552824e-05 1.8034802e-05 0.001312121 0.0004974151 0.00015412654 0.0017911108 1.4263783e-06 0.0020464924 0.001195035 0.0007037449 4.0244267e-06 0.00033268827 0.00040373873 1.03374405e-05 0.00026089704 1.809427e-05 2.38797e-07 1.6035712e-05
0.84565663 7.800026e-05 0.17878759 0.0050774813 0.0012270643 5.1275556e-06 2.6693237e-07 1.8201504e-07 0.71596503 0.018485367 0.00041162304 0.00020162521 0.025391147 0.90025014 0.0017572318 0.8153673 0.17863715 1.4926313e-07 0.00034651806 9.292971e-06 0.00035523318 6.013042e-06 0.07283053 0.00027848888 5.1342092e-14 0.0009984866 0.97129035 0.17468512 0.9634909 0.18945192 0.96681285 2.6820925e-07 0.21975923 0.8863985 0.02513017 0.51281446 0.015783602 0.0003091308 2.6378314e-06 0.002063463 0.88085425 0.47296533 0.01648122 0.016456712 0.00018456983 0.00011669305 0.024955079 0.20245889 3.2113842e-08 0.0016178107 0.0008530448 0.00035514357 0.0003394725 0.02806457 0.00011493902 4.5122557e-05 1.3602947e-05 3.4161249e-06 0.0010328667 0.00010681552 7.1382635e-07 2.0453812e-05 9.1971117e-07 1.0460097e-06 0.0011652258 6.760574e-08 1.3741829e-08 1.1604417e-06 2.4530087e-05 0.0055172388 2.5264043e-07 3.988193e-07 1.16166575e-05 0.020311292 0.23147148 1.9080917e-06 2.1819603e-06 6.990534e-08 2.7575263e-07 2.7849948e-08 0.004749741 0.0028482997 3.431306e-05 8.3541084e-07 7.0446625e-08 8.2168117e-07 1.9504816e-06 5.422318e-07 4.878951e-06 8.727307e-10 0.0001643437 6.0421635e-06 3.9015194e-06 8.263826e-10 1.3466187e-06 7.9250793e-07 0.00031280218 1.3063482e-06 2.0564278e-07 4.8692983e-09 0.0004112336
0.0009664078 5.1325287e-07 1.6983411e-05 5.1829903e-07 8.720769e-06 1.2824661e-06 2.9955766e-07 1.175006e-07 0.003733489 0.002593084 1.396926e-06 6.283746e-05 4.7698563e-07 0.00018353458 0.9996254 1.7855874e-07 3.2863662e-07 5.3837502e-05 4.1855674e-08 0.99999255 2.3599453e-08 4.9967955e-08 1.8631107e-08 2.367366e-08 0.0009984866 3.553027e-14 0.004979462 0.558042 2.1114488e-06 0.008745309 0.00025163474 5.955055e-08 0.00012408933 5.0185274e-05 0.00045641564 3.7580834e-05 0.0073253475 0.013278988 7.621176e-09 1.0896049e-08 0.0021907063 0.0008974603 1.1925573e-07 0.0007097221 0.0029252218 0.58359987 0.0014390313 2.8269227e-05 6.442439e-08 4.8817988e-08 0.0076448396 2.1846057e-07 4.2217355e-08 8.21317e-05 1.0650628e-08 0.0009943999 3.185354e-08 2.9493272e-08 5.147845e-08 6.458901e-08 5.9207124e-09 2.0724528e-08 1.4140369e-08 5.314971e-09 3.4217102e-08 1.8794179e-08 3.7115186e-08 3.6498307e-07 9.136223e-09 0.0007290497 2.3464837e-09 3.0634923e-09 1.2330109e-08 3.2363696e-05 8.574765e-06 1.4497265e-06 0.0001275404 2.064763e-08 2.1460216e-09 2.1626039e-07 1.2232395e-06 7.838978e-08 0.00015974528 7.9062135e-09 8.670572e-08 1.4836373e-08 7.820531e-09 7.299112e-08 5.6988485e-09 2.43276e-08 1.2088372e-08 4.6814814e-09 3.3918701e-09 3.6609424e-10 5.1106e-08 4.4961723e-09 6.0748193e-06 2.0746674e-08 2.6616608e-08 4.1411177e-10 2.8867527e-05
0.7378148 6.6407347e-06 0.0136323245 0.00037736451 6.201288e-05 5.696001e-07 2.7794556e-07 8.6037524e-08 0.51724994 0.008925359 9.4325966e-05 0.00018111769 0.0013172766 0.09031683 0.003557334 0.01242805 0.0009705845 1.2373864e-07 0.00011114433 1.9480289e-05 4.3247705e-06 1.2392661e-06 0.0017538974 1.1138577e-05 0.97129035 0.004979462 8.495767e-12 0.70513546 0.083895825 0.9952552 0.96183085 6.00398e-07 0.005694047 0.17263572 0.66222143 0.09131685 0.33848846 0.008271085 3.728386e-07 0.00020323836 0.7995589 0.83341515 0.0018300641 0.10463863 0.0041547725 0.000488146 0.24471563 0.22350557 7.112805e-08 0.00010644253 0.01498771 5.3515316e-05 1.5022151e-05 0.060583733 8.264953e-06 0.00062162534 1.6703285e-06 8.100833e-07 2.4187055e-05 7.498118e-06 4.4722224e-06 7.6898925e-07 5.615188e-08 2.3205624e-07 0.00029802482 1.6407652e-08 1.7144417e-07 3.0289702e-06 2.7299031e-05 0.0028667515 2.4383251e-08 1.6977135e-06 5.1060456e-06 0.002709061 0.037481844 8.6325974e-07 2.4778742e-06 1.8289062e-07 4.263371e-07 7.488056e-08 0.0013612603 0.00076192734 3.0327932e-05 1.7676095e-07 2.88282e-06 1.4256787e-07 1.6299931e-06 7.027046e-07 1.6874716e-06 5.1307567e-09 8.1861675e-05 1.9676541e-05 9.873329e-07 7.05056e-09 4.032114e-06 4.1618824e-07 0.00012240786 3.800689e-07 6.53652e-08 1.3645967e-09 0.00023893769
0.4503847 4.5005722e-06 0.0034400003 0.000101801976 0.00030644998 2.5979329e-05 8.541081e-08 7.59209e-08 0.23926666 0.035335097 7.6984565e-05 0.00032426024 0.00070558547 0.03191345 0.043038573 0.006710222 0.002826591 1.0357284e-07 2.4028109e-06 1.5732947e-05 3.0236586e-07 4.5501288e-08 0.0004147765 4.0065794e-07 0.17468512 0.558042 0.70513546 1.222551e-14 0.006618837 0.86350024 0.3547224 2.8728955e-08 0.004213796 0.052322373 0.6529573 0.052817624 0.9764086 0.9988662 5.8791993e-09 2.2465872e-05 0.4157967 0.7889675 0.0020149567 0.65143585 0.015419975 0.11543818 0.8316276 0.05289557 3.1091922e-08 2.78066e-05 0.84588057 1.2519295e-05 6.399925e-07 0.23465332 7.180291e-08 0.015484668 2.4868498e-07 4.496031e-07 1.5584684e-06 4.6634173e-07 5.2211384e-08 7.2795183e-07 2.3812227e-07 9.011738e-08 0.000118740114 4.0936166e-09 1.0648373e-08 1.7737485e-06 2.046258e-06 0.048271425 4.475518e-09 1.9413418e-08 9.0487866e-08 0.0015585524 0.006468712 3.0267887e-07 6.166804e-05 3.7348875e-09 3.6767522e-09 3.380451e-09 0.0009838004 0.00025168326 0.0003324786 1.2445572e-09 1.7106265e-07 3.8520884e-08 1.3358779e-08 7.1818076e-09 3.0400134e-08 4.9024274e-09 1.5930354e-05 9.276868e-07 2.389741e-08 1.7255878e-09 7.480757e-09 3.482914e-08 2.522803e-05 2.1495211e-08 2.0487416e-08 1.0635235e-09 0.0004281652
0.73092556 5.891273e-05 0.028277855 0.004835603 8.706804e-05 1.6120388e-06 2.0378243e-07 9.00387e-08 0.050274882 0.0006677665 0.0013142539 1.1874199e-05 0.030366845 0.7627648 2.8661872e-05 0.95091474 0.48758146 1.912619e-08 0.0027258983 2.0048712e-07 0.0031286557 1.1579924e-05 0.5139661 0.0051329406 0.9634909 2.1114488e-06 0.083895825 0.006618837 5.159564e-11 0.010058295 0.54256546 2.195799e-05 0.9489971 0.98262024 0.0011936948 0.922866 0.0006902576 1.5774565e-05 0.00045011347 0.018340388 0.40684503 0.11672036 0.1453717 0.0013654717 2.945909e-06 7.40122e-06 0.0070500975 0.04275864 2.1653776e-05 0.051648766 7.8950114e-05 0.0062887277 0.009008823 0.0025067849 0.0005730937 2.8396773e-06 0.0003791044 0.00015817053 0.0122203035 0.0015295781 8.074571e-05 0.00021083945 3.549927e-05 4.868217e-05 0.019224945 7.396087e-07 1.966462e-06 4.4157887e-06 0.00077038066 0.0051382273 8.1250155e-06 1.8532643e-05 0.0008027883 0.031188115 0.80223286 1.6062121e-06 1.7688361e-08 9.162623e-06 1.1270295e-05 3.3123831e-06 0.00801973 0.016273845 1.6763792e-05 3.006342e-06 1.10636115e-07 0.00012702694 7.56842e-05 7.733787e-06 0.00016493234 8.323942e-09 0.0019552999 0.00011194577 0.00020814296 5.383819e-10 1.2718247e-06 1.8776527e-05 0.00053774565 2.061667e-05 1.4535599e-06 1.0804488e-09 2.1762069e-05
0.63497794 1.0815767e-05 0.009479635 0.0006665273 8.366383e-06 2.691531e-06 1.7801644e-06 4.679165e-07 0.3291792 0.007889525 5.1498315e-05 2.9961653e-05 0.0012773201 0.012485113 0.0034609982 0.0014715358 0.00019247177 8.940261e-08 4.4574404e-05 3.0738647e-05 6.8902273e-06 8.0727614e-07 0.00036350626 4.1866395e-05 0.18945192 0.008745309 0.9952552 0.86350024 0.010058295 9.159839e-11 0.7152445 1.8740137e-07 0.0012061656 0.032617223 0.99009615 0.01982956 0.9289724 0.042574663 8.14109e-07 2.796926e-05 0.43454108 0.80983603 0.00024893708 0.52498704 0.028759869 0.0021633725 0.74365807 0.34988838 2.8404264e-07 1.5878693e-05 0.28021973 3.7887326e-05 5.095971e-06 0.17929654 4.771483e-06 0.013482528 8.843873e-07 1.2519683e-06 1.0989549e-05 4.2448405e-06 5.054619e-07 1.0286337e-06 1.6705397e-07 9.509347e-08 0.00011315598 9.173124e-08 1.348673e-07 1.832916e-06 9.613794e-07 0.03662514 4.2028308e-08 1.4786518e-07 7.004819e-07 0.0106665585 0.014553785 4.861404e-06 3.0998086e-05 1.6139117e-07 7.0110566e-08 7.491942e-08 0.0004983578 0.00023090864 0.0005310633 1.2408147e-07 2.6064486e-06 2.018726e-08 3.5496728e-07 2.2374745e-07 5.6133916e-07 1.6808055e-07 1.7196475e-05 1.8302245e-06 6.5940753e-07 4.4790367e-09 1.3723469e-06 2.846547e-07 0.0003066277 1.2979157e-07 4.3531152e-08 7.187303e-09 0.0012949064
