2.2157883e-12 0.9359907 0.84499115 0.8759688 0.18657857 0.926758 0.12598068 0.88243866 0.0031222622 0.96731836 0.55027425 0.00018443399 0.91653454 0.96398276 0.9072173 0.022380896 0.45514187 0.9623638 0.8000614 0.27512914 0.81134236 0.9901369 0.9642547 0.36641523 0.02188728 0.835464 0.31177497 0.0003639364 0.9864046 0.5422583 0.87730557 0.7659882 0.17059776 0.8569336 0.9706922 0.98730445 0.94035554 0.9753497 0.057778027 0.7849622 0.8984665 0.97437495 0.9381359 0.9371008 0.99171364 0.80223995 0.87383664 0.007945738 0.58413535 0.25900665 0.93961847 0.9927937 4.1813864e-06 0.9098102 0.991734 0.000106911524 0.9295278 0.21038945 0.93718076 0.67272455 0.9785681 0.15351789 0.81059945 0.38795084 0.9780098 0.99147654 0.98124266 0.13567638 0.4511625 0.17580228 0.8773604 0.9195296 0.3905316 0.57521796 0.9911481 0.9419214 0.83530605 0.8915136 0.9973875 0.26648557 0.89952314 0.48510742 0.8619889 0.9638883 0.978189 0.92006 0.99944896 0.9976897 0.45070237 0.9905694 0.8389347 0.9669036 0.52510065 0.059981145 0.9995693 0.95979434 0.9140191 0.9999604 0.5324842 0.99951595 0.009957485
0.9359907 6.4546875e-16 0.9632044 0.503082 0.9817381 0.95037186 0.17924818 0.95643985 0.069891654 0.3426544 0.42275098 0.0022070513 0.13743745 0.33625326 0.11167771 0.67946166 0.6465173 0.25312284 0.018277844 0.50577164 0.0031169057 0.054244213 0.27650082 0.00027651992 0.012015315 3.7317837e-05 0.071512185 0.023224888 0.42253312 0.002160888 0.0012562891 0.004045636 0.00041719427 0.0016007966 8.041158e-05 0.08330667 0.00012644968 0.0018930426 1.3993227e-07 1.8078323e-08 0.0017223525 0.0002878271 6.9991563e-07 0.02987746 2.8659397e-06 0.0009970422 2.2314002e-06 8.269269e-09 4.2959363e-07 9.433042e-08 0.00051799294 7.140671e-08 1.5932612e-06 0.000468346 0.05783532 1.8674617e-08 6.1964926e-07 2.5050207e-07 0.0013358041 0.00020862508 0.005177658 1.958475e-09 5.5556755e-09 7.667453e-09 0.0002441539 8.239345e-08 0.00015294549 1.6412481e-05 1.0967966e-06 1.0345528e-05 9.485264e-10 2.3342949e-07 1.5363072e-07 5.9414638e-06 0.0004294149 0.00014088627 1.0409099e-06 2.1611895e-05 0.123010166 2.6766234e-06 7.977493e-07 1.2372751e-06 1.0874976e-06 2.372318e-06 4.7996215e-05 7.557348e-07 0.00033986833 2.2866996e-07 1.1006106e-06 0.00016137988 7.37921e-08 4.3546245e-07 4.1350056e-08 7.3805327e-06 0.00047727095 4.127189e-08 1.257279e-09 0.0008728058 2.8103048e-07 1.1720071e-08 3.7886383e-07
0.84499115 0.9632044 1.2794258e-13 0.99733675 0.39478868 0.82759136 0.07672801 0.27203766 0.0038594562 0.32429713 0.05396616 0.00012796464 0.01467807 0.90089816 0.13783562 0.06221946 0.02478682 0.30917034 0.018177291 0.04848113 0.0020670102 0.035393577 0.9287333 0.0045651835 0.009891657 9.1727954e-05 0.0015157389 0.0014425702 0.5541129 0.051627994 0.0099528795 0.16397943 0.0040893196 0.009551071 0.00020059623 0.22588244 0.00070126465 0.004233923 4.224454e-06 7.64743e-09 0.0284637 0.0030533096 5.637394e-07 0.067323476 1.1023459e-06 0.006110269 5.361411e-07 1.8241566e-08 2.309758e-06 1.1763526e-07 0.0028814913 6.033992e-08 7.868579e-08 0.00037778093 0.10868721 1.2278735e-08 1.9509977e-07 1.2810987e-07 0.0013587404 0.0005306972 0.0068900674 5.8075444e-10 1.0067208e-08 9.810864e-09 0.0030457394 3.7359012e-08 0.0022543396 1.1757279e-05 1.0384286e-05 1.3691259e-06 9.726178e-10 3.6432286e-06 1.0444597e-06 1.4006345e-06 0.0013134019 4.6063884e-05 2.1198188e-07 6.67078e-07 0.054731682 3.8010012e-07 1.2006477e-06 1.6423793e-06 9.641685e-06 1.156829e-05 7.864359e-07 1.3353697e-06 0.00032875338 1.1042356e-06 7.658546e-07 0.0007664213 1.5419144e-07 4.5770516e-06 8.233877e-08 2.5067462e-07 0.0007448702 4.5476646e-08 8.865283e-10 0.00062767114 2.0978103e-08 3.9985842e-08 1.1665716e-07
0.8759688 0.503082 0.99733675 2.6395279e-15 0.14850402 0.05528648 0.092474826 0.022353968 0.0012115358 0.008365877 0.001196353 9.754199e-05 0.0008035961 0.9935416 0.0066653755 0.0011696927 0.0046027424 0.6949189 0.00064640754 0.18144704 0.0001702706 0.004626822 0.369841 0.00013609689 0.019010663 7.4639865e-06 9.6157215e-05 8.638944e-06 0.30368134 0.0054781265 0.16408998 0.65030265 0.113594234 0.001887818 0.011036057 0.6954721 0.03017029 0.037295133 0.00021116441 8.029632e-07 0.0076994696 0.13101895 1.6486809e-05 0.08162322 0.00014734962 0.0058274847 7.15959e-05 5.604796e-07 5.6826053e-07 4.2669546e-07 0.004288059 2.4416202e-06 3.7909408e-07 0.000120094315 0.37907234 9.888552e-08 7.730134e-07 1.3074157e-07 0.00049247075 0.00095238735 0.006846548 9.829656e-08 3.4440916e-07 6.1465855e-08 0.0109994225 7.637363e-06 0.062456623 6.802431e-06 4.3539167e-06 3.3377098e-06 2.0591113e-08 8.039501e-07 1.9232662e-06 2.550058e-06 0.0013604428 8.984884e-05 5.3456245e-07 1.9936422e-06 0.11534614 2.5792007e-05 5.174491e-07 1.1172306e-06 1.5095522e-05 1.5586354e-05 9.965948e-06 1.7144665e-05 0.0046186023 1.6100262e-06 8.127289e-07 0.0046116086 3.678552e-07 3.6276583e-06 1.4653773e-07 4.8083723e-07 0.0013752511 3.4497507e-08 8.789158e-08 0.004905302 8.4097074e-08 4.053937e-08 2.4615505e-07
0.18657857 0.9817381 0.39478868 0.14850402 1.4211166e-14 0.28517652 0.3288039 0.69978577 0.9993086 0.005824915 0.19687322 0.00833722 0.019700114 0.029921224 0.0067892815 0.93102455 0.39977568 0.11168069 0.0028956658 0.43605688 0.002683993 0.0021978924 0.006876974 0.00046337038 0.015407378 8.9841546e-05 0.039704747 0.8664148 0.011157688 0.000187581 0.00016418047 0.0002563637 0.0001833549 3.6815352e-05 3.8917333e-05 0.0033637243 4.3100325e-05 0.00019159654 7.106916e-07 3.548974e-08 8.340718e-05 2.0071402e-05 3.822961e-06 0.00013890617 2.8786824e-06 0.00019475356 5.2502253e-07 1.1108062e-06 3.593299e-06 1.0945228e-06 0.00024532274 2.2549091e-07 5.4755585e-08 0.00055107207 0.0008016205 3.7146915e-08 1.7435948e-06 8.085689e-07 0.00032251436 1.0883021e-05 0.00020779787 9.47283e-09 1.687514e-07 2.1341924e-07 3.2455122e-05 3.9549647e-07 1.660308e-05 6.029704e-07 1.8299521e-06 2.7541766e-06 6.8874606e-08 1.0492358e-06 3.5095832e-07 3.1722154e-06 0.000101776735 1.7648303e-05 3.8729686e-07 2.618141e-07 0.0004900579 2.6307818e-08 2.2302834e-06 7.687149e-07 1.96318e-05 1.2722582e-05 7.805454e-06 3.572115e-06 5.148712e-05 4.8121497e-06 6.0977084e-07 3.1620835e-05 9.094679e-07 9.863843e-07 1.0743795e-07 1.5323067e-07 6.540652e-05 3.47124e-07 1.8064269e-07 0.00013245168 4.8859605e-09 4.5325187e-08 3.3731236e-08
0.926758 0.95037186 0.82759136 0.05528648 0.28517652 1.3636247e-15 8.089994e-05 0.93049395 0.00013616141 0.98277724 0.8946184 1.0008462e-06 0.9285529 0.17541797 0.81243116 0.09364679 0.34175065 0.010029741 0.09811603 0.0047724163 0.11018365 0.21998248 0.7658985 0.006664769 7.755654e-05 7.912876e-05 0.1220126 0.0014026049 0.57457364 0.01293877 0.00021157847 0.0015224116 2.3208479e-05 0.0020382493 8.322535e-06 0.08381397 1.472677e-06 0.0008516665 1.1272723e-07 4.561031e-09 0.0051042764 0.00010535876 1.2793615e-07 0.03247199 6.4137e-08 0.0036534008 4.1480074e-08 7.1616626e-08 5.408708e-09 9.688614e-09 0.002599597 7.125446e-08 3.8911374e-08 0.0006931951 0.03815971 2.1289527e-08 1.1309646e-07 1.5288881e-09 0.0025789905 0.0008269614 0.01687026 1.3117017e-09 1.4606313e-10 6.404721e-10 0.0016764504 1.07510104e-07 0.00025550995 1.3688452e-06 5.447614e-06 9.732399e-07 1.14833386e-10 1.0913511e-06 3.3202312e-07 1.9607037e-06 0.0016245259 2.1897535e-05 1.3562881e-07 3.7262248e-07 0.09003178 1.9779897e-08 1.17166685e-07 1.3296373e-06 1.7226702e-06 1.421176e-05 5.725315e-06 8.2153866e-07 0.0002949125 8.1146965e-07 2.6881796e-07 0.0010099068 1.2873411e-07 7.707615e-07 7.067498e-09 3.128836e-06 0.0006480401 2.5292502e-08 1.0601095e-08 0.0012019505 1.4930885e-07 7.208587e-08 4.7958395e-08
0.12598068 0.17924818 0.07672801 0.092474826 0.3288039 8.089994e-05 2.5529734e-17 0.00039253102 0.12424464 4.4823255e-06 1.5112045e-05 0.9999608 1.3626558e-06 0.006704929 2.1380051e-06 0.001760459 4.303379e-05 0.37768167 7.6278513e-07 0.38647336 1.7853704e-06 4.4961366e-06 0.00010547619 3.2371762e-08 0.99558085 1.7578909e-09 8.3858686e-07 0.0011308695 0.0006843248 3.213227e-07 0.0047021275 0.00061844353 0.0019289358 1.385564e-07 0.000157983 0.0018174188 3.5316963e-05 0.0007603536 3.143779e-06 5.4757595e-07 4.3432833e-06 4.1787658e-05 2.937057e-07 5.4061722e-05 1.7320815e-06 6.299162e-06 1.3843503e-07 2.757931e-07 1.2158459e-08 5.0156064e-08 2.9794808e-06 3.80531e-07 6.480234e-07 7.081958e-05 0.0018875677 1.1996975e-08 2.400336e-07 1.7329265e-07 5.0727234e-05 9.129932e-06 1.7558119e-05 2.7115726e-10 2.3794688e-10 5.7638587e-09 2.2816405e-06 2.959198e-07 3.1741035e-06 4.3482711e-07 4.2157535e-06 1.6762169e-06 1.2861765e-09 2.6491357e-08 2.3210358e-09 3.137751e-07 1.269817e-05 1.4978825e-08 1.9825324e-09 3.3233798e-09 7.254418e-05 1.581126e-08 1.0823057e-08 3.551759e-07 7.9806125e-07 1.031515e-08 7.202031e-06 1.05501066e-07 5.6802e-05 4.2481143e-09 2.5890078e-08 1.1928116e-06 1.2569727e-08 8.826684e-09 2.225668e-10 2.5979213e-08 3.43991e-07 2.1636239e-10 7.5523764e-07 8.075829e-06 3.2838654e-09 1.3372321e-11 1.6582737e-08
0.88243866 0.95643985 0.27203766 0.022353968 0.69978577 0.93049395 0.00039253102 6.2323563e-10 0.0048109526 0.67124754 0.9715671 2.1270767e-05 0.576707 0.04340395 0.5400998 0.7357224 0.9776099 0.0062955027 0.38187826 0.038464166 0.09254563 0.39998743 0.215464 0.0038050343 0.0007280491 0.0003851707 0.83508533 0.017688137 0.18447918 0.0049347733 0.0002543066 0.00029899727 8.668088e-05 0.006813839 1.4317119e-05 0.016418142 2.5561253e-06 0.0004076872 5.45432e-06 7.999074e-09 0.0019502866 3.1694228e-05 5.745397e-07 0.009369132 2.5237616e-06 0.0006558582 2.3325115e-06 5.1783064e-07 1.4895592e-06 2.163949e-07 0.0010367781 3.825103e-07 1.4604065e-07 0.0015716769 0.012882607 2.1234466e-07 5.249828e-06 3.4385192e-07 0.003218487 0.00086214504 0.012984815 2.1331964e-08 1.1028e-08 4.987702e-08 0.00012375701 7.709344e-07 3.3130833e-05 4.95524e-06 9.061103e-06 2.8733686e-05 1.9341199e-08 1.170818e-05 6.896357e-07 0.00017997216 0.00081281696 4.7942693e-05 5.8573573e-07 4.8265033e-06 0.061854605 3.191e-06 7.2565176e-06 7.63081e-06 7.3938054e-06 4.5176785e-06 7.9332014e-05 7.475819e-06 0.00024966866 4.510891e-07 6.361292e-07 8.174552e-05 1.6966378e-07 1.3466597e-06 4.4713055e-08 0.0001211895 0.00017447426 5.273492e-08 1.17931684e-07 0.00031479076 1.8922988e-06 3.5297293e-07 1.2368309e-05
0.0031222622 0.069891654 0.0038594562 0.0012115358 0.9993086 0.00013616141 0.12424464 0.0048109526 2.7159796e-16 1.4924293e-05 8.358317e-05 0.99991864 1.0615488e-05 0.00020750199 1.8378468e-06 0.07460184 0.0019899448 0.0033922782 6.935274e-06 0.010509305 4.8668244e-07 1.0535842e-05 5.796752e-05 4.5731852e-08 0.009461987 1.4595112e-07 0.0043372093 0.3630823 0.00022440188 7.0159433e-07 8.289657e-07 2.2793296e-07 5.726792e-07 2.2228076e-07 5.7430634e-07 2.8718701e-05 1.2270728e-08 5.173388e-06 1.4520163e-08 8.353574e-09 1.05318925e-07 6.2947754e-07 5.961249e-08 4.7352202e-07 1.08450905e-07 9.699214e-08 1.1889132e-09 2.0607331e-09 2.0189563e-09 2.2452096e-09 1.272234e-07 1.4659098e-07 3.143488e-10 3.049023e-06 1.560337e-05 4.554657e-10 2.4774567e-07 1.1856416e-08 4.4937187e-06 2.9976356e-08 3.359159e-06 5.535035e-11 2.913835e-10 3.6053122e-10 2.1536223e-07 1.9866509e-07 7.88701e-09 6.2941535e-10 1.3230497e-08 3.955015e-08 1.0708876e-10 5.940327e-09 1.0107286e-08 9.1815915e-09 4.2051847e-06 1.6786341e-08 1.241385e-09 7.64174e-10 1.0122542e-05 2.649384e-11 1.27802675e-08 7.214938e-09 1.8435529e-07 3.0104587e-08 5.073551e-07 1.13457396e-07 5.1218867e-06 1.1712295e-08 2.6677889e-09 2.1215184e-08 1.2278447e-09 7.8672535e-09 8.47019e-11 2.006671e-09 2.9166753e-07 9.83216e-10 4.702519e-10 1.6063692e-07 1.518061e-09 3.1727945e-09 2.4138117e-10
0.96731836 0.3426544 0.32429713 0.008365877 0.005824915 0.98277724 4.4823255e-06 0.67124754 1.4924293e-05 3.5580083e-12 0.5373719 1.8421062e-07 0.7936705 0.04029313 0.9813788 0.036512826 0.23444694 0.002211884 0.29005265 0.0004245438 0.044697702 0.5557124 0.91337657 0.010988754 7.545541e-06 0.00027968606 0.091400966 0.00076125655 0.6996534 0.024031691 9.97667e-05 0.0010618931 1.0429682e-05 0.008393256 4.913823e-06 0.11311865 3.543722e-06 0.00044786104 2.8949753e-08 2.290328e-08 0.012593666 0.00010989115 3.5661277e-08 0.11302099 3.732659e-07 0.008931063 4.5432255e-08 2.6146304e-07 3.9144723e-09 8.0857625e-08 0.0041143117 3.4908616e-08 1.1733051e-07 0.0037878405 0.055102464 1.2621571e-06 5.490419e-08 1.6363678e-08 0.0062690666 0.0053959815 0.07518016 1.880672e-09 6.3534367e-10 3.3469356e-09 0.003498207 4.2159495e-08 0.0004399217 4.1003255e-05 1.8683697e-05 1.0887433e-05 5.3642e-10 5.3812378e-06 1.9169698e-05 5.948571e-05 0.0026089703 0.00019710508 1.3884668e-06 1.1436367e-06 0.28111514 7.4058335e-07 4.5649113e-06 9.050031e-06 3.0191579e-05 7.1156996e-05 1.8313077e-07 1.0765293e-05 0.000187367 3.9768806e-06 7.756438e-07 0.0021227493 2.142563e-06 1.0444547e-06 1.0435751e-07 6.5832806e-05 0.0014116757 1.7800582e-07 3.5398997e-09 0.0019340549 3.3193922e-07 1.2676487e-07 2.8421658e-07
0.55027425 0.42275098 0.05396616 0.001196353 0.19687322 0.8946184 1.5112045e-05 0.9715671 8.358317e-05 0.5373719 3.8396436e-10 2.518459e-07 0.9955367 0.0019922738 0.54832053 0.43261966 0.90007776 0.0004318671 0.27934852 0.001953726 0.5642994 0.15232794 0.09445503 0.008154701 9.1832815e-05 0.0002651719 0.9387415 0.074831314 0.03710335 0.004707543 4.431708e-05 6.571639e-05 3.8054808e-05 0.003134393 6.590696e-06 0.0025985215 6.632889e-07 0.0001259978 1.110979e-06 2.315055e-08 0.0006455949 5.1519414e-06 2.7892142e-07 0.0008524852 6.639668e-07 0.00021205681 4.424879e-07 1.1578713e-08 7.8035185e-08 7.054411e-08 0.00021902287 3.522412e-07 4.2237247e-08 0.0015039712 0.0010073981 2.9950138e-07 1.6737395e-06 5.3175498e-08 0.0009844479 0.00025110354 0.0014620217 2.9854634e-09 1.0611089e-08 1.4012357e-08 4.3633503e-05 1.5270413e-06 6.991374e-06 4.937406e-07 2.4163652e-05 7.4746144e-06 1.126869e-09 8.739022e-07 1.799042e-06 2.7962164e-05 0.0003241684 4.0626414e-06 5.310019e-08 4.3947506e-07 0.0037811995 1.03692635e-07 1.1191886e-06 4.6776727e-06 1.0965078e-06 2.2169575e-06 8.319916e-06 4.076271e-06 4.368813e-05 6.589543e-07 2.8170723e-07 1.0038491e-05 5.0056762e-08 4.738649e-07 2.2294088e-08 6.0871224e-07 7.563607e-05 5.347799e-08 6.6156107e-09 0.00012434369 7.4120237e-07 2.7966774e-07 1.67284e-07
0.00018443399 0.0022070513 0.00012796464 9.754199e-05 0.00833722 1.0008462e-06 0.9999608 2.1270767e-05 0.99991864 1.8421062e-07 2.518459e-07 4.537262e-18 1.15558414e-07 1.1035308e-05 9.4898326e-08 0.00021453743 6.908054e-07 0.0028005491 2.0947639e-06 0.003823074 9.980751e-09 4.4059934e-07 2.0847094e-06 1.5938363e-09 0.41287398 6.6801e-09 2.686524e-05 0.005865466 4.44545e-06 2.3012565e-09 8.659656e-06 2.004054e-06 2.7187258e-05 1.04259765e-08 5.987626e-07 5.180844e-06 1.018547e-08 9.423502e-06 4.611674e-08 1.0345458e-07 1.586258e-08 1.5870971e-07 6.8613253e-09 3.0347298e-08 3.7244753e-08 1.6469606e-08 3.6274403e-10 1.8980342e-09 2.6524394e-10 9.2162555e-10 9.374922e-09 7.3950744e-08 5.08911e-09 2.9119517e-06 1.2494581e-05 8.37694e-11 2.1737966e-07 3.3472998e-09 3.0119938e-07 1.5053178e-08 1.0106766e-06 3.9506138e-11 1.7010802e-11 5.5563937e-10 1.0764917e-08 5.282119e-08 6.4214203e-09 4.669618e-10 1.7280678e-09 8.8328267e-10 2.0612892e-11 4.6151426e-11 5.578716e-10 4.0587605e-10 2.8510487e-07 6.2730994e-09 1.8965558e-11 5.9598443e-10 1.2074287e-07 1.307512e-10 8.0011153e-10 7.1275047e-10 8.7537355e-09 3.3991604e-10 1.2092362e-06 1.1223993e-08 4.410033e-07 3.3427282e-11 3.422697e-11 3.8154884e-09 3.6675312e-11 3.986715e-10 1.1705995e-12 6.581999e-11 1.76723e-09 3.5951524e-12 1.5980828e-09 3.4137293e-09 1.3552226e-09 8.739729e-11 1.2629384e-10
0.91653454 0.13743745 0.01467807 0.0008035961 0.019700114 0.9285529 1.3626558e-06 0.576707 1.0615488e-05 0.7936705 0.9955367 1.15558414e-07 9.936323e-13 0.0029355003 0.9372826 0.09042866 0.31089258 0.0009015114 0.66592586 0.0031391731 0.88311416 0.71838886 0.2409074 0.041227125 6.000646e-06 0.0039252127 0.6318953 0.018648379 0.089181714 0.023222743 1.9191759e-05 8.492297e-05 2.955978e-06 0.018433053 1.8341104e-06 0.007448827 5.59059e-07 0.00041209284 9.985136e-08 1.3282525e-09 0.0041975845 1.281397e-05 1.8387794e-08 0.007132028 2.4488642e-07 0.0003372987 5.0206694e-08 6.003261e-08 2.679344e-09 6.818469e-09 0.00077008095 7.6639786e-08 9.500459e-09 0.019904807 0.0082477 5.810634e-07 2.8606436e-07 1.9372426e-09 0.009612357 0.0026061581 0.049927186 2.7086364e-10 4.978307e-10 5.1022875e-10 0.000514509 1.1283542e-07 2.5647658e-05 9.176738e-06 6.488075e-05 7.845688e-06 2.6502345e-10 2.8298182e-06 4.220287e-06 9.837258e-05 0.0023598962 2.8655368e-05 4.7991886e-08 1.1952643e-08 0.120377965 5.634088e-09 1.6021809e-06 1.5126825e-05 2.8346178e-06 3.8408765e-05 8.381056e-07 2.1854173e-06 8.461593e-05 5.861188e-06 7.0973925e-07 0.00018276431 5.1515013e-07 1.4233236e-06 1.8662324e-07 4.4425556e-06 0.00043342382 2.0178359e-07 2.4102247e-09 0.00022684687 1.7518512e-07 1.4050601e-06 1.0236242e-08
0.96398276 0.33625326 0.90089816 0.9935416 0.029921224 0.17541797 0.006704929 0.04340395 0.00020750199 0.04029313 0.0019922738 1.1035308e-05 0.0029355003 3.3803005e-14 0.03215183 0.009612627 0.0043579573 0.2804114 0.002006176 0.007995079 0.0009830538 0.0118645225 0.84552085 0.00045096382 0.000586574 2.1178286e-05 0.00019463194 5.000641e-05 0.95961034 0.025410963 0.018444877 0.4270954 0.0050570737 0.0038497532 0.0045832545 0.9015829 0.0063210432 0.022638327 7.508089e-05 2.5348527e-06 0.06593723 0.062832415 8.073527e-06 0.22042722 8.805565e-05 0.019094983 5.528056e-05 1.4431671e-06 5.922792e-07 1.0141374e-05 0.008234354 4.3508994e-06 5.733465e-07 0.00047449121 0.544884 4.2111196e-08 3.581564e-06 1.1473247e-06 0.006290899 0.002890137 0.040304128 1.8839328e-08 1.4683969e-06 5.286597e-07 0.038719907 7.181695e-06 0.036025465 0.00013618881 0.00013566214 5.1992556e-06 1.7706311e-07 5.981123e-06 1.6303871e-05 1.3211767e-05 0.0072204457 0.0006216924 3.8512767e-06 1.7901493e-06 0.42132232 1.2083675e-05 1.7425586e-05 3.253982e-05 7.6014185e-05 0.0002357955 9.2048776e-07 9.096969e-05 0.0022124832 3.922159e-05 1.6917934e-06 0.010541104 8.904551e-06 1.4026563e-05 6.179261e-07 3.6467468e-06 0.0042143706 1.6753724e-07 3.4779563e-07 0.013654796 1.3619992e-07 5.649433e-07 2.8775078e-06
0.9072173 0.11167771 0.13783562 0.0066653755 0.0067892815 0.81243116 2.1380051e-06 0.5400998 1.8378468e-06 0.9813788 0.54832053 9.4898326e-08 0.9372826 0.03215183 1.4820403e-14 0.08606073 0.30761072 0.00036669528 0.98467845 4.4561995e-05 0.6568033 0.8466081 0.87461954 0.41617775 6.157695e-07 0.028583486 0.3994476 0.0061681257 0.45431492 0.14353813 1.894006e-05 0.00036727238 3.147673e-06 0.017778294 2.8821864e-07 0.06346383 3.2423193e-07 0.00019851519 3.6801902e-09 2.4590656e-09 0.02496822 7.4026786e-05 1.0231011e-08 0.07943019 1.7307405e-08 0.009451481 8.586273e-09 3.3836912e-08 8.645136e-09 5.1549094e-08 0.0066317613 4.147428e-09 5.8302135e-08 0.01852917 0.026411293 2.7897796e-08 6.306078e-09 8.047924e-09 0.011576292 0.008584261 0.07149897 9.915355e-11 3.9719983e-10 1.3967812e-09 0.0066193957 7.4319484e-09 0.00010919581 1.7758142e-05 1.04874225e-05 1.3300387e-05 1.1744054e-09 1.37835905e-05 3.6167564e-06 8.038874e-05 0.0027238724 0.00030970087 1.6558756e-07 7.109319e-08 0.14395009 6.2591874e-09 6.458729e-06 8.669886e-06 9.7421e-06 0.00015406261 3.629693e-08 1.0194659e-05 4.5895064e-05 7.799472e-06 2.9956495e-06 0.0017789418 1.0226476e-06 4.5890183e-06 5.4712285e-07 1.2816829e-05 0.0024455064 2.0578717e-07 8.831361e-10 0.0012155736 7.166199e-08 2.7908692e-07 7.87425e-09
0.022380896 0.67946166 0.06221946 0.0011696927 0.93102455 0.09364679 0.001760459 0.7357224 0.07460184 0.036512826 0.43261966 0.00021453743 0.09042866 0.009612627 0.08606073 5.1332002e-14 0.9928419 0.0075873 0.052257206 0.20524307 0.002285343 0.04470096 0.008434028 0.0015543859 0.012176504 3.606171e-05 0.23698977 0.9866219 0.005662701 0.00017484504 1.1733578e-05 8.624123e-05 7.60413e-05 9.0132045e-05 2.4040737e-06 0.0006086165 2.3736091e-05 1.6006285e-05 8.0963144e-07 5.440016e-09 3.358972e-05 0.00013498653 2.3772937e-08 2.8376326e-05 3.6402355e-06 5.6241734e-05 4.8447323e-08 4.3247763e-07 4.1098676e-08 1.6949505e-06 7.65426e-05 1.2673428e-07 7.84828e-07 1.8042732e-05 0.00032316337 2.9287483e-08 1.3256895e-06 2.0704823e-07 5.517344e-05 5.2906173e-05 6.426261e-05 1.6998827e-08 1.2987977e-10 6.728709e-08 1.5184985e-05 2.6157053e-07 2.4569854e-06 4.0130726e-07 2.6782712e-07 2.4689209e-07 8.562032e-10 3.0446554e-08 1.16921015e-07 2.1441339e-07 2.8312747e-05 9.938722e-07 3.0726756e-08 2.6189653e-07 4.761485e-05 6.821474e-09 4.1523796e-07 1.8606558e-07 1.620012e-07 3.7008235e-08 4.136627e-06 5.154543e-07 2.2747e-05 1.6658852e-08 8.431952e-08 7.2509415e-06 8.79415e-09 3.1999365e-09 1.7085087e-09 6.1875554e-08 8.042891e-07 5.817833e-10 1.4478053e-07 5.9691397e-06 8.1195073e-10 7.372769e-11 6.9020816e-09
0.45514187 0.6465173 0.02478682 0.0046027424 0.39977568 0.34175065 4.303379e-05 0.9776099 0.0019899448 0.23444694 0.90007776 6.908054e-07 0.31089258 0.0043579573 0.30761072 0.9928419 1.6484305e-13 0.0015049848 0.32787555 0.03192912 0.059181593 0.4501199 0.053037193 0.009187733 0.0005534788 0.0032056596 0.94036925 0.9201336 0.021426903 0.005271374 4.9163123e-06 8.056551e-06 5.780174e-07 0.0016399355 1.8117762e-06 0.0014902512 1.7756103e-06 1.9997404e-05 2.396002e-07 4.956442e-09 0.00030930803 1.7805345e-06 2.1383372e-08 0.000875021 1.7033117e-06 0.00017655297 7.055286e-08 1.9515727e-07 7.751845e-09 5.1493504e-07 0.00010418176 2.4625507e-07 1.3114604e-07 0.00086293265 0.00093480374 1.2288435e-08 9.5247174e-07 2.510828e-07 0.000965617 0.00043035104 0.002959826 1.1234424e-08 8.370391e-11 8.699959e-08 8.229729e-05 1.10678336e-07 2.3435061e-06 1.8132247e-06 1.4525247e-06 4.9427115e-07 1.1857404e-09 2.1704678e-07 3.6878e-07 3.3488598e-06 0.00016987372 6.3748803e-06 1.2728814e-08 5.471692e-09 0.0069199703 3.742625e-09 7.2639847e-07 4.0503164e-06 1.9729443e-06 1.321263e-06 7.755295e-08 2.1863718e-06 5.3887356e-06 6.253872e-07 5.6961024e-08 1.0218399e-05 1.03795536e-07 5.930337e-07 2.4006965e-08 9.734721e-07 1.9784606e-05 6.6127505e-08 6.034786e-08 8.151077e-06 2.4335025e-08 7.715985e-09 3.50356e-09
0.9623638 0.25312284 0.30917034 0.6949189 0.11168069 0.010029741 0.37768167 0.0062955027 0.0033922782 0.002211884 0.0004318671 0.0028005491 0.0009015114 0.2804114 0.00036669528 0.0075873 0.0015049848 3.3810228e-14 0.00030199744 0.99855036 5.050292e-05 0.0002844619 0.01424684 9.072589e-05 0.1376709 4.9821306e-06 7.542962e-05 0.00041355225 0.12531044 0.00020289305 0.946442 0.8385507 0.6075747 0.00013418563 0.35646072 0.47619042 0.073539756 0.5091571 0.0058248937 0.00091471785 0.0027752898 0.084467635 0.000499571 0.011054785 0.002832652 0.0029449472 0.0015209595 0.00013815956 3.1505515e-05 7.507703e-05 0.0020366854 0.00025364032 0.000117511314 0.0007149465 0.7198988 1.0138637e-05 0.0005069826 1.8500203e-05 0.00056675985 0.0057758335 0.002362273 1.1279068e-07 7.883481e-06 7.1755544e-06 0.002265335 0.00024216494 0.016759196 4.6742192e-05 0.00029727115 0.00016376076 1.5992208e-06 7.921959e-05 5.9414386e-05 9.530597e-05 0.00095489115 0.00077226624 9.484627e-05 0.00049698027 0.07802277 2.5810756e-05 0.00020659134 0.00022099515 0.0001798013 0.00045439045 0.00022077102 0.000383665 0.009103289 5.6685818e-05 2.8684322e-05 0.001999888 4.151463e-06 1.9003855e-05 1.2306449e-06 0.00045962082 0.004061123 7.196027e-07 2.3611792e-06 0.008617369 2.3174716e-06 1.35101e-06 6.180199e-05
0.8000614 0.018277844 0.018177291 0.00064640754 0.0028956658 0.09811603 7.6278513e-07 0.38187826 6.935274e-06 0.29005265 0.27934852 2.0947639e-06 0.66592586 0.002006176 0.98467845 0.052257206 0.32787555 0.00030199744 1.3260437e-15 7.426154e-05 0.98693013 0.9578919 0.43338922 0.92734283 5.047439e-06 0.46282423 0.65566826 0.014848045 0.054245804 0.35222653 1.667786e-05 0.00016123203 1.497133e-06 0.025121141 1.356598e-06 0.0076047657 5.7390032e-08 0.00012449817 4.7558113e-09 7.9139195e-10 0.011571282 2.4101582e-05 6.538474e-09 0.018870585 5.279739e-09 0.0034613002 1.4825079e-09 1.32322135e-08 1.8087947e-08 1.3612413e-08 0.0020363084 1.8088729e-09 1.2007834e-07 0.030300723 0.0035597316 5.012725e-09 6.2182026e-10 1.1420747e-08 0.00970373 0.002340086 0.016384458 7.9254416e-11 6.5752986e-11 3.1603224e-09 0.001826313 1.1584009e-09 7.030271e-05 0.00013138396 7.023389e-05 2.9073333e-05 6.759954e-12 6.3963594e-06 4.6601563e-06 0.00027819502 0.0014177241 0.00021265748 6.924246e-09 6.818856e-10 0.033662003 1.2473679e-10 2.058662e-06 5.70815e-05 6.5152044e-06 2.5296882e-05 1.9221751e-08 1.9332121e-05 6.545253e-06 4.363436e-06 4.413161e-06 0.0003692805 1.1732726e-07 1.7388093e-06 1.6252208e-07 1.6581007e-05 0.00052390725 6.223451e-07 4.2617546e-10 0.00016380448 3.9911893e-06 1.7528437e-07 7.7853215e-08
0.27512914 0.50577164 0.04848113 0.18144704 0.43605688 0.0047724163 0.38647336 0.038464166 0.010509305 0.0004245438 0.001953726 0.003823074 0.0031391731 0.007995079 4.4561995e-05 0.20524307 0.03192912 0.99855036 7.426154e-05 1.204937e-09 0.0011667899 0.00018663277 0.000873896 1.0958101e-05 0.9948696 2.352906e-05 0.0018260377 0.055898484 0.0026783803 0.00010797141 0.64360553 0.09822515 0.77726805 0.00022549705 0.14135353 0.010482993 0.0013611065 0.09722294 0.06474863 0.02069118 0.00017251313 0.004353016 0.00048475267 0.00038403453 9.153309e-05 9.760704e-05 0.000108337874 0.09001278 0.00088182633 7.829307e-05 0.00010040479 8.2925275e-05 0.0023344567 0.027462535 0.01585757 0.0007941263 0.00022961304 4.7918693e-05 0.0010244364 0.0015472181 0.00026300998 0.0010641649 1.2587715e-05 4.6598918e-05 0.0005244069 0.00016321724 0.00087312836 0.00021834923 0.0005726009 0.0035974 6.2738235e-07 4.1060386e-05 0.00026313416 0.008722737 0.00042659292 0.00014674955 8.011538e-06 2.263523e-05 0.0011033661 1.164904e-05 8.786027e-05 0.00091199466 0.00040514368 0.00012209552 0.0003679687 0.0009501561 0.002499511 2.021355e-05 7.31416e-05 0.0002519222 1.626604e-05 4.1074447e-05 6.671423e-07 6.88128e-05 0.0005143323 5.526525e-06 1.0262915e-05 0.0014660797 9.189081e-05 3.8996295e-06 7.512781e-05
0.81134236 0.0031169057 0.0020670102 0.0001702706 0.002683993 0.11018365 1.7853704e-06 0.09254563 4.8668244e-07 0.044697702 0.5642994 9.980751e-09 0.88311416 0.0009830538 0.6568033 0.002285343 0.059181593 5.050292e-05 0.98693013 0.0011667899 3.1888076e-11 0.86243427 0.037915252 0.9910385 1.3554251e-06 0.26697752 0.8783031 0.08023772 0.0054439306 0.1275383 1.6670081e-05 1.4385674e-05 3.4385124e-07 0.026411928 3.415946e-06 0.00036668184 1.3171861e-07 2.2500113e-05 1.1165687e-07 6.805356e-10 0.004348166 5.166067e-06 1.9318986e-06 0.0020234901 2.808882e-07 0.00035878152 9.38333e-09 5.1225946e-08 1.7364445e-06 1.38591485e-08 0.0005520199 2.3155936e-08 1.4340136e-08 0.12048601 0.00048770834 3.252066e-08 8.206835e-07 2.4704022e-07 0.042035013 0.0023429152 0.044437934 3.8903206e-08 3.3079173e-09 4.4499927e-08 8.8916466e-05 4.2835896e-07 1.0934534e-06 6.3102016e-06 5.510161e-05 3.1294448e-06 4.5706106e-09 1.2110037e-05 2.2743282e-06 0.0002053779 0.006566208 3.064013e-05 3.2841476e-07 2.8730165e-08 0.013539504 1.3458623e-08 8.289274e-06 2.1929322e-05 1.6920185e-05 5.035218e-06 3.47271e-05 5.7433375e-05 1.4591335e-06 5.4973407e-06 1.7214927e-06 8.711426e-06 7.287722e-07 3.218355e-05 2.3104796e-07 2.5603435e-06 7.089918e-05 1.1795769e-05 4.083017e-10 6.7363494e-06 2.0470582e-06 0.00013684641 3.5944126e-08
0.9901369 0.054244213 0.035393577 0.004626822 0.0021978924 0.21998248 4.4961366e-06 0.39998743 1.0535842e-05 0.5557124 0.15232794 4.4059934e-07 0.71838886 0.0118645225 0.8466081 0.04470096 0.4501199 0.0002844619 0.9578919 0.00018663277 0.86243427 3.498131e-13 0.9400753 0.8134119 5.0759536e-06 0.8212417 0.77606803 0.01633845 0.42343014 0.7755349 1.6150741e-05 0.0008775147 1.6943299e-06 0.27058706 1.0699893e-06 0.16343875 1.8444894e-06 0.00059379725 1.7907317e-08 1.5335619e-08 0.117546156 0.00016591628 2.9669929e-08 0.23793693 2.893573e-08 0.037681308 1.2529465e-08 1.0059684e-08 1.6699095e-08 3.6497422e-08 0.025496941 4.6090336e-09 1.7796697e-07 0.20678023 0.069310494 4.9733952e-08 4.29819e-09 9.308587e-09 0.080510534 0.05267831 0.29545343 3.426515e-09 1.5013477e-10 1.1941113e-08 0.020572837 1.752562e-08 0.00050502684 0.00013834561 9.894434e-05 4.994559e-05 1.0866842e-09 5.097607e-05 4.1469815e-05 0.00036022507 0.011158284 0.0016191796 1.0134818e-07 1.5124992e-07 0.51636785 6.895216e-08 4.0875042e-05 0.00013570057 6.209158e-05 0.0011585945 6.440153e-08 0.00030568434 4.2594496e-05 4.5649784e-05 2.5316287e-05 0.0035596641 7.415378e-06 5.7113415e-05 2.4148276e-06 5.063347e-05 0.012135357 6.4702454e-06 9.101919e-10 0.0013448523 1.1735681e-05 7.3162214e-06 1.12906044e-07
0.9642547 0.27650082 0.9287333 0.369841 0.006876974 0.7658985 0.00010547619 0.215464 5.796752e-05 0.91337657 0.09445503 2.0847094e-06 0.2409074 0.84552085 0.87461954 0.008434028 0.053037193 0.01424684 0.43338922 0.000873896 0.037915252 0.9400753 1.8173107e-13 0.17817137 0.000113405746 0.06968015 0.02147669 0.00016652897 0.97604054 0.85682374 0.0008995726 0.020096457 7.440232e-05 0.29896426 7.225308e-05 0.48947227 0.00016084287 0.0020033156 3.2829956e-07 9.239938e-08 0.1570338 0.0060376483 1.4795306e-07 0.37646258 1.0492329e-06 0.057971332 4.4270214e-06 2.4137924e-07 2.2938924e-07 2.519194e-07 0.037093293 9.375392e-08 8.547486e-08 0.008308844 0.13995932 1.4151115e-07 2.4168654e-07 3.6542907e-08 0.01046406 0.012669007 0.10713596 1.954359e-09 1.5411564e-08 1.6504946e-07 0.035791382 4.7099223e-07 0.010030512 0.00047719953 0.0002946283 4.645923e-05 2.3872628e-08 6.2703846e-05 3.998598e-05 7.6467164e-05 0.007235935 0.0033800052 2.785162e-06 3.266906e-06 0.36983907 8.839969e-07 9.5993484e-05 6.0907292e-05 0.00015760543 0.0017342402 1.0322059e-06 0.00059393316 0.00012927182 0.00013320183 2.7130031e-06 0.011443722 1.734031e-05 0.00013252812 9.662521e-07 9.1831635e-06 0.010325505 1.48695835e-05 1.9531525e-08 0.0068001417 5.162486e-06 1.4231092e-06 8.1706776e-07
0.36641523 0.00027651992 0.0045651835 0.00013609689 0.00046337038 0.006664769 3.2371762e-08 0.0038050343 4.5731852e-08 0.010988754 0.008154701 1.5938363e-09 0.041227125 0.00045096382 0.41617775 0.0015543859 0.009187733 9.072589e-05 0.92734283 1.0958101e-05 0.9910385 0.8134119 0.17817137 5.361831e-16 1.856464e-07 0.99889475 0.27379385 0.015104928 0.014131764 0.26297003 9.893185e-06 0.000118574455 1.9344964e-06 0.023825068 1.1721704e-06 0.014285048 1.8685886e-07 3.3187152e-05 8.093323e-08 3.7631827e-09 0.0056826654 6.741356e-06 3.7708944e-08 0.0061756684 1.374744e-08 0.0010679561 1.08662865e-08 1.016863e-10 5.8139533e-09 6.3975083e-09 0.00059473346 7.3521994e-10 1.0859664e-07 0.06139482 0.0005037768 4.4340203e-09 2.4693492e-09 5.595033e-09 0.0063862563 0.0036450971 0.011198501 3.5057574e-10 1.040811e-09 2.9495323e-10 0.0016417548 1.5653843e-08 4.2820925e-06 9.281696e-06 0.00013696941 7.6161523e-06 1.1351739e-10 2.75646e-06 1.5948406e-06 3.398297e-05 0.000988605 0.0001681459 6.1339894e-10 7.55875e-10 0.0041235485 1.1009558e-10 1.6532886e-06 2.6272921e-06 3.0977296e-06 2.1945765e-05 2.4992973e-08 2.853203e-05 1.7262124e-06 4.777145e-07 2.82149e-07 5.35197e-05 5.2448037e-08 1.936368e-06 4.549346e-09 2.5960676e-07 6.081976e-05 1.15257826e-07 5.0616705e-11 9.040016e-06 1.4340383e-06 4.997511e-06 1.0063959e-09
0.02188728 0.012015315 0.009891657 0.019010663 0.015407378 7.755654e-05 0.99558085 0.0007280491 0.009461987 7.545541e-06 9.1832815e-05 0.41287398 6.000646e-06 0.000586574 6.157695e-07 0.012176504 0.0005534788 0.1376709 5.047439e-06 0.9948696 1.3554251e-06 5.0759536e-06 0.000113405746 1.856464e-07 3.2161323e-13 1.3723993e-06 0.00015233192 0.012575098 0.00035768893 6.4062547e-06 0.07393722 0.0037629595 0.95015794 1.0463895e-05 0.0020153353 0.00071590947 3.4494766e-05 0.003980588 0.0016474306 0.0002058927 7.736809e-07 7.290816e-05 9.264884e-06 4.5350552e-07 3.0296694e-06 6.377151e-07 1.4979884e-06 0.0010560659 6.5645445e-06 1.096189e-06 1.9508471e-07 1.4560238e-06 0.0005429653 0.00020524046 0.00094289955 6.3124708e-06 2.6653172e-05 6.4853157e-07 9.751882e-05 4.2574657e-06 1.0500372e-05 4.6101766e-07 1.6110114e-07 4.9173457e-07 1.4447949e-06 4.2915326e-06 5.8077e-06 3.8741803e-07 3.8036503e-06 1.4246988e-05 2.1237694e-08 1.2093867e-07 7.279928e-07 7.932956e-06 6.0998054e-06 3.0382976e-06 3.8534975e-07 8.64959e-07 9.959345e-06 7.6580456e-08 1.4157655e-06 2.1792683e-05 1.112327e-05 5.038333e-07 0.00011676964 5.144381e-06 9.497063e-05 1.267106e-07 1.3423534e-07 7.306205e-07 1.132494e-07 6.7196004e-07 8.218101e-10 1.4185428e-06 5.6310887e-06 1.2250711e-08 1.8250608e-07 9.602045e-06 1.9801836e-07 1.3774888e-07 2.79507e-07
0.835464 3.7317837e-05 9.1727954e-05 7.4639865e-06 8.9841546e-05 7.912876e-05 1.7578909e-09 0.0003851707 1.4595112e-07 0.00027968606 0.0002651719 6.6801e-09 0.0039252127 2.1178286e-05 0.028583486 3.606171e-05 0.0032056596 4.9821306e-06 0.46282423 2.352906e-05 0.26697752 0.8212417 0.06968015 0.99889475 1.3723993e-06 9.04238e-13 0.054076977 0.00018046128 0.0026853434 0.9933765 2.757767e-06 8.71896e-05 1.30654e-06 0.17159827 3.17737e-07 0.0017827114 3.485526e-08 4.34313e-06 6.113007e-08 2.596289e-10 0.063456915 2.849578e-07 3.032369e-08 0.0152012445 2.5236833e-09 0.00053052086 4.7934207e-10 7.0095427e-09 2.8125076e-08 7.855247e-08 0.00032223918 4.4373175e-10 3.841259e-08 0.44990632 0.00024412014 1.4435149e-07 6.747938e-11 2.8386853e-07 0.08912479 0.045436963 0.2114085 3.043191e-09 7.4282736e-10 4.221985e-08 0.0004256948 3.5738201e-09 1.7484119e-06 0.0008996236 0.001345869 0.00028828863 1.5528943e-08 6.1201215e-05 4.2112268e-05 0.0017630734 0.011782031 0.0012785377 3.8225226e-10 7.6323836e-11 0.12354629 6.903981e-08 1.1225231e-05 0.0006963334 0.00014475908 9.984075e-05 2.3000698e-07 0.0006797872 3.943795e-06 5.189695e-06 9.235596e-06 1.7343073e-05 6.65262e-06 5.4953514e-05 1.9949343e-07 0.0009554859 0.0012671986 7.403645e-07 1.0993159e-08 5.919779e-06 4.6436617e-06 4.7384277e-05 8.94717e-08
0.31177497 0.071512185 0.0015157389 9.6157215e-05 0.039704747 0.1220126 8.3858686e-07 0.83508533 0.0043372093 0.091400966 0.9387415 2.686524e-05 0.6318953 0.00019463194 0.3994476 0.23698977 0.94036925 7.542962e-05 0.65566826 0.0018260377 0.8783031 0.77606803 0.02147669 0.27379385 0.00015233192 0.054076977 9.269746e-17 0.99999905 0.0027788745 0.093989715 1.4881812e-07 2.6033506e-06 2.7656642e-07 0.03059676 9.08228e-08 0.00022731788 1.1971192e-08 1.4384062e-06 4.1811749e-10 2.8429e-11 0.0025346284 9.575178e-08 1.1677648e-09 0.00015878293 1.7767848e-09 1.6224163e-05 1.4381214e-09 2.6899025e-09 5.22187e-10 9.573985e-09 2.1072578e-05 1.434683e-09 6.0150973e-09 0.022498544 1.8707426e-05 2.9553338e-09 1.8309531e-09 4.1874876e-10 0.011946668 0.001248974 0.01918231 3.0452915e-10 9.574478e-13 1.4440255e-09 2.2880193e-05 1.0739584e-09 3.391736e-08 1.9617194e-06 1.0456982e-05 2.7412358e-07 9.679424e-11 2.1145802e-06 3.4589483e-08 7.3601313e-07 0.0013832768 5.6859284e-07 2.2889948e-09 1.855301e-09 0.00046287905 1.9610344e-10 6.0626945e-08 1.3516261e-06 4.6204894e-07 5.8127473e-08 6.715887e-08 2.3033579e-07 1.6321505e-06 1.2666844e-07 2.4449427e-08 2.4611515e-07 2.8706499e-08 1.5437534e-07 5.8910983e-09 1.2182132e-07 7.5936146e-07 2.8121963e-08 5.9196886e-08 1.7941812e-08 8.835835e-08 2.9110717e-08 9.200848e-11
0.0003639364 0.023224888 0.0014425702 8.638944e-06 0.8664148 0.0014026049 0.0011308695 0.017688137 0.3630823 0.00076125655 0.074831314 0.005865466 0.018648379 5.000641e-05 0.0061681257 0.9866219 0.9201336 0.00041355225 0.014848045 0.055898484 0.08023772 0.01633845 0.00016652897 0.015104928 0.012575098 0.00018046128 0.99999905 3.00315e-17 9.8513214e-05 0.00012250549 1.7635035e-06 2.9074786e-06 7.6646764e-05 0.000117294774 9.401406e-07 1.2234837e-05 1.05417996e-07 1.1611114e-06 3.691699e-09 1.9021686e-10 2.730063e-06 1.8291992e-07 6.428378e-10 1.095565e-06 7.8314905e-08 4.956626e-07 8.2341245e-09 1.9841555e-07 3.7422485e-08 1.8589008e-08 4.1733887e-07 7.581291e-09 5.759246e-08 0.00023413393 1.3854557e-05 2.6501615e-08 2.4430362e-08 2.639487e-08 2.9159995e-05 1.0406037e-05 2.6766937e-05 1.28492905e-08 7.066355e-12 1.4456936e-08 6.5124306e-07 2.0181592e-09 1.6141817e-08 1.2749524e-07 1.6489263e-07 8.262719e-07 2.4970732e-11 9.987607e-09 1.485271e-08 2.0734214e-08 6.3959137e-06 5.0368506e-08 5.2021396e-09 3.329674e-09 9.4946625e-07 1.5998079e-10 7.3913196e-09 4.980066e-09 5.701091e-08 1.9160833e-09 1.0545782e-07 2.999184e-09 2.5524773e-07 1.6267169e-09 7.955392e-09 3.7074223e-08 1.394633e-09 1.1131079e-09 2.1356573e-10 2.9772294e-09 5.027854e-09 8.074793e-11 9.534205e-09 2.5757074e-09 3.5977255e-08 1.0541462e-10 6.194944e-09
0.9864046 0.42253312 0.5541129 0.30368134 0.011157688 0.57457364 0.0006843248 0.18447918 0.00022440188 0.6996534 0.03710335 4.44545e-06 0.089181714 0.95961034 0.45431492 0.005662701 0.021426903 0.12531044 0.054245804 0.0026783803 0.0054439306 0.42343014 0.97604054 0.014131764 0.00035768893 0.0026853434 0.0027788745 9.8513214e-05 1.3198923e-14 0.50885916 0.0023030406 0.18668014 0.000837108 0.13434729 0.0003681189 0.9333521 0.0025702128 0.0038427948 4.284674e-06 2.9801186e-07 0.2961697 0.046284188 1.7437154e-07 0.5894098 6.897946e-06 0.110075265 1.2472318e-05 5.117807e-07 3.375022e-08 2.5592462e-07 0.073255025 1.0068361e-06 3.8980286e-07 0.0035545856 0.45103955 4.0870555e-07 4.107268e-07 1.3886397e-07 0.010899154 0.01106728 0.18460043 2.1591323e-08 6.748965e-08 9.1408424e-07 0.08618243 9.3338144e-07 0.04651706 0.00016143113 4.5887493e-05 3.425663e-05 1.0898071e-07 1.33279655e-05 5.1628926e-05 5.0157123e-06 0.008795881 0.0031449385 4.222618e-06 1.5928205e-06 0.48401445 3.3620774e-05 7.490832e-05 2.3768824e-05 0.00014940949 0.0016947534 1.070216e-06 0.0005284634 0.0006078523 0.00013610286 1.1781102e-06 0.022053331 5.4267985e-05 5.4801374e-05 5.4348106e-07 1.1613145e-05 0.017691089 3.0054962e-06 3.1935482e-08 0.018089106 4.3092488e-08 2.5268396e-06 3.2317384e-06
0.5422583 0.002160888 0.051627994 0.0054781265 0.000187581 0.01293877 3.213227e-07 0.0049347733 7.0159433e-07 0.024031691 0.004707543 2.3012565e-09 0.023222743 0.025410963 0.14353813 0.00017484504 0.005271374 0.00020289305 0.35222653 0.00010797141 0.1275383 0.7755349 0.85682374 0.26297003 6.4062547e-06 0.9933765 0.093989715 0.00012250549 0.50885916 9.663683e-16 7.835066e-05 0.0032273328 1.6776066e-06 0.99884313 4.0504165e-06 0.07300493 0.00012411254 0.0001144895 6.532507e-08 1.0563104e-09 0.36800304 0.0012159719 1.049986e-07 0.049879268 1.3780513e-07 0.009529063 4.993444e-07 4.3480344e-09 1.5525952e-08 3.2980406e-08 0.010540842 1.0933621e-09 4.9378276e-08 0.23718372 0.0023918187 2.4917055e-08 2.393089e-08 1.7221328e-08 0.063780025 0.019692443 0.10514466 1.8218148e-10 6.298552e-09 3.5211525e-09 0.00959654 1.5952277e-07 0.0009969285 0.0005952731 0.0007884113 1.7868208e-05 2.426507e-09 7.092244e-05 9.311375e-05 0.0003586869 0.0063596847 0.0007953185 1.0303631e-07 2.2092041e-07 0.018743534 1.5725544e-08 8.285081e-05 0.00021782264 0.00013799682 0.00023729904 2.00483e-06 0.000546463 4.8170008e-05 0.00010870384 9.44488e-06 0.00056900247 1.747381e-05 0.000118474316 2.0460238e-06 3.4996265e-05 0.002527171 5.125182e-05 7.956434e-10 0.00026206355 1.1575768e-06 4.7039885e-05 4.1158518e-07
