5.506817e-21 0.9824371 0.95838016 0.97506833 0.9784738 0.83639205 0.9575383 0.7141757 0.91875273 0.9387872 0.2548533 0.7273546 0.73328143 0.9088865 0.5934119 0.6848377 0.7183888 0.8063543 0.21205795 0.80185217 0.96839035 0.83360505 0.29972893 0.9159321 0.978191 0.30650055 0.22050211 0.8107346 0.112007506 0.8883971 0.014295393 0.8774552 0.8519858 0.84149814 0.74748415 0.07289272 0.95725274 0.023341924 0.98670924 0.19296427 0.031716894 0.45844933 0.9185146 0.94065636 0.8568931 0.0061197975 0.2768222 0.79211795 0.96956784 0.004262369 0.90848875 5.224506e-06 1.5584408e-05 0.8070524 0.9461471 3.8419606e-05 0.963836 2.865467e-06 0.014750831 0.88904136 0.9640403 0.6610843 0.8485986 0.94590336 0.98553205 0.36938033 0.029297115 0.75006235 0.3328949 0.55794984 0.30305156 0.0145165585 0.4425001 0.99988484 0.99750614 0.9006565 0.9588657 0.9522759 0.63967556 0.43851238 0.9492215 0.20613155 5.312317e-05 0.0005310281 0.06609829 0.0059628556 2.3670695e-05 0.7161404 0.8529072 0.15788049 0.002280525 9.363593e-05 0.21056986 0.7350996 0.108271115 0.00207609 0.9957488 0.99978775 0.99999917 0.9987352 0.00012309727
0.9824371 7.394413e-15 0.82480514 0.82678485 0.5174847 0.7904253 0.057039175 0.86761636 0.04023165 0.2837812 0.20967786 0.008931358 0.9449712 0.025098503 0.026614508 0.0025010754 0.55082077 0.03791935 0.34831026 0.11003995 0.044060707 0.0005561211 0.63853693 0.0005504174 0.19067658 0.024414644 0.5101286 0.016527167 0.33799627 0.035416503 0.18478876 3.0532527e-05 0.0013280394 0.00057272735 0.13346748 0.008724376 0.03046648 0.062395114 0.009914607 0.0012585394 0.045934383 0.04713119 0.005560657 0.00242578 0.0003227713 0.19303082 0.09675877 0.00024387627 0.0126548195 0.019940035 0.0002616273 0.00042207883 0.00045732406 1.2024307e-06 2.7700023e-06 0.00029132437 0.0025162 0.00033836305 0.0014924066 0.003074998 0.001101465 0.00032113906 0.0045845266 0.0021057632 0.002505529 6.494947e-05 0.0003147031 2.935626e-05 5.036181e-05 5.7583373e-05 0.00013261789 0.0001515772 1.9892428e-05 0.0068941517 0.0005551845 2.1348663e-07 0.00013937085 0.00025268493 0.00015633421 4.5966724e-09 0.0028494357 2.419964e-06 7.896405e-05 8.0777434e-05 9.34137e-08 1.5405916e-05 0.0004335551 0.000135121 0.0006597416 2.5288308e-08 9.231475e-06 1.5542715e-05 6.8946115e-08 0.00018607508 2.4421894e-07 5.2218156e-06 0.00019289918 0.0059592174 0.00019889134 8.392271e-05 3.1517583e-08
0.95838016 0.82480514 1.1535247e-15 0.9677757 0.85074544 0.48718852 0.86802715 0.40648285 0.7043184 0.39085808 0.043406535 0.38448128 0.3770816 0.18661006 0.010232053 0.083407104 0.70353496 0.24119098 0.37894446 0.013942025 0.034303706 0.021201488 0.28448945 0.010057658 0.12310408 0.17121787 0.04701642 0.002801094 0.27162915 0.12736112 0.08389479 0.00161465 0.00043501917 0.010860986 0.0076342933 0.042861167 0.04338582 0.017822012 0.003968383 0.016668368 0.0008315311 0.07933367 0.008324214 0.019623216 0.0014005863 0.030788679 0.091989234 0.0030360664 0.03215059 0.015299204 5.277132e-05 0.00015185618 3.715941e-05 6.815623e-05 7.612039e-05 0.00017844018 0.0048813717 4.1946205e-05 0.0033197077 5.0520746e-05 0.0047471668 4.2238404e-05 0.016394516 0.01512239 0.014895778 9.605071e-07 0.0012565455 6.356641e-05 1.2679275e-06 2.0640878e-06 0.000750625 3.4686834e-06 7.157682e-06 0.018571528 0.00057958986 5.099992e-06 0.0006706173 0.00016957396 0.0008622322 2.63544e-06 0.011952993 1.3907429e-07 2.3152916e-06 3.2173832e-06 5.3541336e-09 1.3747074e-06 3.859568e-06 2.6297348e-05 0.004834358 2.1843566e-06 1.2414634e-05 1.4949927e-06 2.1135107e-05 0.00010884678 4.4272045e-07 5.9905537e-06 0.002749903 0.02527915 0.0030522642 4.1219755e-05 1.4006766e-07
0.97506833 0.82678485 0.9677757 1.8691014e-15 0.519458 0.7488704 0.55441993 0.62029725 0.23363881 0.8215752 0.29887357 0.15285629 0.480896 0.15621577 0.113454446 0.025803665 0.2953858 0.05366329 0.099404894 0.05390846 0.1571321 0.006285823 0.20145294 0.004339429 0.5918758 0.023025967 0.14627558 0.016647913 0.08024444 0.4094619 0.024479143 0.00031038924 0.0044333762 0.0016828338 0.04724958 0.007364036 0.226943 0.0070460676 0.015013481 0.002071937 0.0047469498 0.025091635 0.040416233 0.028695302 0.0009942525 0.022799725 0.014406401 0.000707954 0.06453818 0.0026869536 0.0002553538 6.0844013e-05 2.491158e-05 1.6763392e-05 1.8218003e-05 7.4586574e-06 0.01660161 6.3270563e-06 0.00024680726 0.000709646 0.02595328 0.00032486877 0.03553274 0.026924055 0.033449795 8.151901e-06 8.0814345e-05 2.3489354e-05 1.3468787e-05 3.0607687e-05 0.00012714996 3.5898393e-06 2.8632832e-05 0.061703082 0.0021968477 5.069594e-07 0.0006663491 0.0009516629 0.0006673634 2.805196e-07 0.02078266 1.4261864e-06 2.0423101e-06 5.310789e-06 1.8016157e-08 8.362453e-07 2.6779023e-06 0.0001592365 0.004258406 2.5879746e-07 6.6273947e-07 1.8136536e-06 5.0637664e-07 0.00030114097 1.9902065e-07 9.784833e-07 0.0024356542 0.030850086 0.0045899753 0.0001313018 3.3943504e-08
0.9784738 0.5174847 0.85074544 0.519458 2.1356874e-16 0.012614394 0.6786544 0.036996376 0.7202935 0.005997803 0.0011991699 0.04137819 0.15440086 0.04192099 0.00014670687 0.018283973 0.96552736 0.4346425 0.6662701 0.00470878 0.00087814423 0.00644079 0.27201846 0.0007570433 0.017999157 0.41454914 0.04053714 0.00017054836 0.48154497 0.012948177 0.121261396 0.00023554152 3.9060822e-05 0.0057129455 0.0029896367 0.07293598 0.0013825494 0.10105784 8.290247e-06 0.018166427 0.0011063581 0.24291426 7.013469e-05 0.00058528327 9.20013e-05 0.021534296 0.57436407 0.002394119 0.0008501823 0.0886534 6.9402363e-06 0.0003044032 7.859021e-05 1.9799961e-06 3.0089177e-06 0.0012775474 2.6287858e-06 0.0004362801 0.024442058 1.7766715e-05 1.21401135e-05 2.050946e-05 0.00038884743 0.00022794877 7.852982e-05 6.8659766e-08 0.0012602989 1.0897552e-05 3.212266e-08 3.4767396e-07 0.00035045246 1.6942474e-06 6.5110115e-08 5.0667477e-05 1.0720501e-05 1.1819572e-07 1.9067174e-05 1.4961095e-06 9.46672e-06 4.8714044e-10 0.00041780644 5.3303854e-08 1.4109468e-06 3.9113002e-07 9.969793e-09 1.2529256e-07 5.0661823e-05 4.8808147e-07 2.4890873e-05 2.9580185e-09 2.1608677e-05 7.5999833e-07 3.626598e-09 1.9168647e-06 2.0171646e-07 9.338761e-06 5.99862e-06 0.00092822633 1.08234135e-05 3.3237922e-07 6.5293024e-09
0.83639205 0.7904253 0.48718852 0.7488704 0.012614394 8.328868e-16 0.0012759882 0.9747148 0.0003927778 0.8528347 0.9270485 0.00034026723 0.3353114 0.00035315694 0.37320235 6.31162e-05 0.0021294984 0.0006032066 0.0018462309 0.30286175 0.44297644 1.8463365e-05 0.033909004 6.4276737e-06 0.23155795 0.00088890316 0.19198628 0.07210826 0.0038588617 0.009792508 0.0029017557 1.6221115e-07 0.034762744 0.00012568434 0.17162633 0.00016675513 0.017552253 0.00041872484 0.045416836 6.412089e-05 0.01995813 0.0011474577 0.01544054 0.0001445615 4.493042e-06 0.009060502 0.00060951227 3.3643403e-06 0.0009842475 2.2628257e-05 0.0005719684 7.059853e-05 2.8131182e-05 3.6880218e-07 6.530651e-08 1.7864485e-06 0.0028173842 1.8422155e-05 1.5648493e-05 0.0058755097 0.0013294826 0.00047398763 0.00092488574 0.00040887322 0.0008106243 1.8337669e-05 5.528565e-06 2.2744864e-06 3.181943e-05 4.4611024e-05 2.2635035e-05 0.00021408699 7.7905215e-06 0.0074436325 0.00073554413 3.0216533e-08 2.606947e-05 0.000622528 1.8488914e-05 1.4757989e-09 0.00070533017 4.2884512e-06 0.00017694842 0.00016010599 1.695897e-07 0.00010425471 6.474983e-05 9.198191e-05 5.8334866e-05 1.1194425e-08 9.999635e-07 0.00019042344 3.040396e-08 3.5605295e-05 2.4108629e-06 1.5115402e-05 1.3617731e-05 0.00096826995 0.000113708986 2.0763531e-05 7.224636e-08
0.9575383 0.057039175 0.86802715 0.55441993 0.6786544 0.0012759882 8.26157e-14 0.0034252906 0.95521486 0.011213703 0.0006032675 0.8562582 0.018436313 0.63392943 8.2625775e-05 0.75429577 0.4118983 0.5647109 0.16124117 0.0004998593 0.0006632906 0.4219558 0.02712798 0.08801517 0.024309138 0.30956525 0.003735467 3.0008494e-05 0.21161442 0.17701879 0.03546606 0.061862636 6.75421e-05 0.07119455 0.00052770576 0.14316913 0.02305984 0.012815602 2.5697653e-05 0.09895061 0.00010759037 0.21295108 0.000490111 0.020173231 0.002339083 0.004844782 0.21600735 0.02391406 0.022331275 0.02426317 2.2463815e-05 0.00019146614 1.3120171e-05 0.0002531316 0.00021776759 0.0004608797 0.00020825236 0.00014274985 0.012520651 5.5847577e-06 0.001165875 5.8823636e-05 0.007892494 0.0055911 0.0027530296 2.800115e-07 0.0026863974 0.00012150856 2.7844928e-06 1.0797531e-06 0.00495845 1.2784545e-06 1.6808591e-06 0.001072738 0.000110140965 0.00019163163 0.00058951176 1.3102741e-05 0.0006566017 5.680606e-07 0.014763714 1.1447999e-06 2.9815785e-06 1.5834077e-06 1.5938825e-08 1.537306e-06 2.1681402e-05 4.881056e-07 0.0021052521 5.8885433e-07 6.122445e-05 1.0438538e-05 1.0203875e-06 1.8513323e-06 1.0475456e-05 4.6809415e-05 0.0005559188 0.02077909 0.00053756055 1.2321528e-06 1.0774501e-06
0.7141757 0.86761636 0.40648285 0.62029725 0.036996376 0.9747148 0.0034252906 3.4883975e-16 0.0010565816 0.5518303 0.7685784 0.00055353815 0.8821191 0.0007514823 0.30008766 0.00015094149 0.010063664 0.00085792964 0.006731707 0.72018754 0.15341498 1.6315942e-05 0.23949704 1.0227076e-05 0.15647054 0.0011803984 0.82447326 0.20968744 0.021700537 0.011440972 0.01548913 7.659452e-07 0.01525404 0.00016822753 0.52737254 0.00026206332 0.008727355 0.0031917477 0.009612385 0.00014781604 0.21343108 0.0027854918 0.0037850167 0.0001775573 1.146798e-05 0.06977208 0.000727803 1.7951893e-06 0.00073628133 0.00034478024 0.0011071593 0.00023027004 0.00033084874 1.383142e-06 2.7913885e-07 1.4743376e-05 0.0010102439 0.00013073403 3.893077e-05 0.009137444 0.00081318064 0.0004885747 0.00030908157 0.00027353692 0.0011932668 0.00019729503 6.861094e-06 7.4293093e-06 0.00035111097 0.00031095394 2.8703722e-05 0.0006828651 3.0122208e-05 0.0050573945 0.00018991147 2.1790291e-07 1.8589055e-05 0.00016920306 4.6011355e-06 1.6823318e-09 0.00040768489 1.1624415e-05 0.0013638554 0.00021390045 4.4770596e-07 5.591774e-05 0.00076511625 0.00013602125 3.5705503e-05 5.3449103e-09 2.7720176e-05 0.000312274 1.1966033e-08 2.6647276e-05 1.7175947e-06 5.188737e-05 5.7011923e-05 0.0006552408 0.00022667041 5.339541e-05 1.3713375e-07
0.91875273 0.04023165 0.7043184 0.23363881 0.7202935 0.0003927778 0.95521486 0.0010565816 2.8298967e-17 0.0029697914 7.4996955e-05 0.5106223 0.0058028535 0.21703015 4.0998857e-06 0.57549983 0.6836033 0.964453 0.265724 0.00011501271 0.00022161816 0.48284224 0.008333023 0.17266521 0.0070199235 0.58540136 0.0008514331 1.0937173e-06 0.18236564 0.032522876 0.024073392 0.1196095 1.4068943e-06 0.21562174 2.543232e-05 0.34416026 0.0031034767 0.011900194 6.4276796e-06 0.24533677 7.1342315e-06 0.29167193 8.388493e-05 0.007324914 0.0027747643 0.00090627314 0.28188503 0.037870195 0.009433507 0.021936022 7.458582e-07 0.00016924583 3.6972394e-06 0.0004734717 0.0007765313 0.000586106 5.2941647e-05 0.00018447198 0.026962996 2.8204164e-07 0.000355768 3.6541621e-06 0.0012633771 0.0017511765 0.0007659178 7.544598e-08 0.007864738 0.00045265755 3.2074007e-07 1.9360033e-07 0.013770124 5.5916004e-08 5.314609e-08 9.11665e-05 1.6492675e-05 3.3822933e-05 0.00053232204 3.1646734e-06 0.00068149273 7.195551e-06 0.0042213174 7.799545e-08 6.776107e-07 3.680685e-07 3.2394478e-09 2.0335536e-07 9.623436e-07 2.081744e-07 0.0012401394 2.0482826e-06 0.00018690992 2.1664691e-06 1.1105812e-05 8.2116895e-07 6.801029e-06 0.00012237237 0.0006787436 0.003928484 7.6564356e-05 3.0090683e-07 2.168316e-07
0.9387872 0.2837812 0.39085808 0.8215752 0.005997803 0.8528347 0.011213703 0.5518303 0.0029697914 1.2372204e-16 0.7788209 0.0033390264 0.057777975 0.0038721084 0.7204539 0.0010029072 0.0026460467 0.0012608338 0.0011119092 0.26290083 0.9274693 8.635965e-05 0.0052867113 9.181338e-05 0.9265983 0.000509361 0.03197088 0.2863914 0.00033848567 0.2631258 0.0004594659 4.6332266e-06 0.16656697 0.00030912075 0.085310325 0.00017960198 0.43023717 1.8576366e-05 0.09162642 0.00018343939 0.0018633088 0.0005332209 0.4730805 0.0030957938 6.640079e-05 0.00026603212 2.3826356e-05 4.3711636e-05 0.023692835 5.4176785e-06 0.0044351034 3.6312758e-06 4.6976693e-06 2.592017e-06 4.1832945e-07 8.08377e-07 0.09577927 6.022104e-06 1.7516591e-05 0.007375225 0.0568928 0.002024911 0.040171903 0.014298188 0.026289491 0.0002742239 2.4149908e-06 1.3482513e-05 0.0004733114 0.0003477547 0.00018652192 0.00030796113 0.0002323766 0.08651424 0.023357883 1.17131066e-07 0.00025686127 0.003680849 0.00021172984 4.825249e-07 0.0052518337 0.00013310177 3.5585076e-06 2.8731714e-05 2.9000722e-07 4.57766e-05 1.9821741e-06 0.00016783702 0.0007097042 1.2605884e-06 1.6369095e-06 2.7614346e-05 1.3719512e-05 0.0005908218 5.595196e-06 5.3860535e-06 0.0009047645 0.0062032067 0.0041222787 0.00016713038 4.4847903e-07
0.2548533 0.20967786 0.043406535 0.29887357 0.0011991699 0.9270485 0.0006032675 0.7685784 7.4996955e-05 0.7788209 9.228355e-18 0.00014191153 0.03402369 0.00011357979 0.98290396 4.209697e-05 5.2864358e-05 6.3212756e-05 5.5656892e-05 0.56829816 0.6792788 3.0671283e-06 0.0023304773 6.843346e-06 0.1242387 0.000118852615 0.028162414 0.4284161 0.000104622435 0.008387726 0.000110400404 2.9036077e-08 0.39006487 2.0486432e-05 0.120218955 1.3368637e-05 0.013364528 3.1696105e-05 0.055267904 1.6990685e-05 0.0022752448 5.468777e-05 0.055668324 0.00020832923 9.915817e-06 9.5141324e-05 2.692743e-06 3.1156392e-06 0.0009931859 7.004785e-07 0.0060405247 2.724988e-06 6.992551e-07 1.8276255e-06 1.0436387e-07 9.1800715e-08 0.00768404 8.389865e-06 2.5200916e-06 0.01342625 0.00122937 0.0027437168 0.0015448426 0.0018185865 0.0013016686 0.00019926272 1.3963771e-06 3.7133015e-07 0.00035071673 0.0001306023 1.5697578e-05 0.00038429868 0.00018348488 0.0038598096 0.003778125 3.045103e-08 8.04499e-06 0.0012309843 5.540721e-06 5.4551963e-09 0.000466693 5.162474e-05 1.07039305e-05 0.00019250096 1.8866461e-06 0.0002872677 2.6159462e-06 0.00080764573 1.0900825e-05 8.301397e-09 9.720049e-08 0.00019823445 3.591411e-08 0.00029382663 6.757338e-06 4.9371693e-06 1.17478985e-05 0.0004220408 0.00024361128 0.00017920863 1.1422512e-08
0.7273546 0.008931358 0.38448128 0.15285629 0.04137819 0.00034026723 0.8562582 0.00055353815 0.5106223 0.0033390264 0.00014191153 8.799057e-15 0.0020473658 0.96666557 2.3039314e-05 0.95801795 0.021873932 0.1201499 0.008892656 0.00013911827 0.00051954197 0.46363518 0.003821 0.7615011 0.0042875134 0.031061783 0.00045459284 7.153349e-06 0.010102338 0.2869481 0.003377526 0.1078632 2.5495752e-05 0.058200095 0.00025509408 0.01879576 0.01635351 0.001257191 4.2996908e-05 0.022935404 2.2017668e-05 0.022157585 0.000625551 0.1499571 0.060397357 0.00011730618 0.009262831 0.015553794 0.020725051 0.0006202293 9.062468e-06 5.5534838e-05 4.055875e-06 0.0048921653 0.0059088767 4.544039e-05 0.00025465898 8.785994e-05 0.0012662455 1.352305e-05 0.0020203886 2.9807154e-05 0.013664956 0.01661371 0.0029259585 4.808138e-07 0.00040492372 0.0007643443 4.95343e-06 4.6651786e-07 0.00782814 4.926015e-07 6.7038704e-06 0.00021467784 7.074202e-05 0.00049236487 0.0035204077 1.640982e-05 0.0027589668 0.0004112299 0.010544678 1.469948e-06 3.85012e-06 4.7311464e-06 7.379899e-08 1.1040624e-05 3.1335032e-06 1.4448887e-06 0.0050025894 0.000103960134 1.3985277e-05 1.294373e-05 0.00027815206 2.7427743e-06 3.4388013e-05 5.916909e-05 0.001436522 0.004438461 0.0007704867 2.3523128e-06 2.740726e-07
0.73328143 0.9449712 0.3770816 0.480896 0.15440086 0.3353114 0.018436313 0.8821191 0.0058028535 0.057777975 0.03402369 0.0020473658 1.9553e-15 0.004831676 0.004450931 0.0006437999 0.04653992 0.0013695114 0.05122401 0.07020168 0.007201723 0.00016359826 0.97706 6.211427e-05 0.04232691 0.0008848738 0.9399392 0.007656586 0.079699524 0.005317518 0.16004345 8.620521e-07 0.00014944925 8.5876e-05 0.15612626 0.00035696855 0.001476189 0.036466643 8.265509e-05 0.00010041004 0.2525661 0.0018597734 0.00012398843 0.00020934676 2.0735888e-05 0.32706404 0.0010437947 1.5656053e-06 0.00055805285 0.004897608 0.00010332291 0.003999208 0.0064521213 2.8534273e-06 5.122392e-07 0.00026028743 2.3068886e-05 0.0013782143 8.610366e-05 0.00010841033 3.6069207e-05 3.5473757e-05 0.00016167502 0.00015985638 0.0002760209 7.1513705e-06 6.0699435e-06 2.1967311e-05 2.4798277e-05 1.2654372e-05 1.49721645e-05 0.00023811196 4.0191316e-07 0.00018083912 9.3294675e-06 1.9793946e-07 1.3151616e-05 2.4123428e-05 8.519167e-06 4.0860908e-08 0.00066133915 7.3987007e-06 0.0020831753 0.00012569907 7.481147e-08 9.377176e-07 0.0055157975 5.7688712e-06 8.452633e-05 8.3995724e-07 3.6361619e-06 0.00010139716 7.784861e-08 5.2056416e-06 2.9772977e-07 1.5420657e-05 1.4956595e-05 0.0004458721 2.6649666e-05 1.6652039e-06 1.5786182e-07
0.9088865 0.025098503 0.18661006 0.15621577 0.04192099 0.00035315694 0.63392943 0.0007514823 0.21703015 0.0038721084 0.00011357979 0.96666557 0.004831676 5.335635e-15 8.644102e-06 0.49370247 0.011883314 0.06345152 0.008032096 0.0001650801 0.00040024222 0.35847202 0.006031105 0.8591289 0.02819493 0.009268363 0.0005885711 1.9468057e-06 0.0091971345 0.9314192 0.003698312 0.07414298 1.646032e-05 0.03672755 0.00011935217 0.0052419915 0.13889116 0.0011890302 2.035597e-05 0.0058292914 2.095758e-05 0.016046291 0.0012959584 0.590684 0.08739024 0.00046387198 0.0047734543 0.01384654 0.15452658 9.132209e-05 2.8847921e-06 2.6280861e-06 1.2719132e-06 0.0063866433 0.0148458015 3.971533e-06 0.000383481 3.2058945e-06 0.00014824297 3.9090837e-06 0.01072428 8.918947e-06 0.07877635 0.058024388 0.0128215505 1.5332233e-07 6.690729e-05 0.00048943603 3.8463804e-06 1.1031473e-06 0.0023539006 2.1457538e-07 4.4622707e-06 0.00046599878 4.963117e-05 0.0008643089 0.006925875 1.5104668e-05 0.0014452614 0.0004715914 0.03856517 2.063088e-06 6.0858747e-07 1.00779914e-07 1.9631022e-08 1.3931934e-07 1.6786469e-06 1.229316e-06 0.0042717475 0.00013659243 7.980091e-06 2.6884784e-06 0.0005502387 1.4308055e-05 1.26451905e-05 1.0508375e-05 0.0017690785 0.01650329 0.0029617026 3.4805496e-06 7.8966156e-07
0.5934119 0.026614508 0.010232053 0.113454446 0.00014670687 0.37320235 8.2625775e-05 0.30008766 4.0998857e-06 0.7204539 0.98290396 2.3039314e-05 0.004450931 8.644102e-06 1.0299968e-16 6.7730352e-06 2.726514e-06 3.6269214e-06 7.2314742e-06 0.6034101 0.88161874 5.615582e-07 0.00010103181 2.9933693e-07 0.16130735 1.6026752e-05 0.007836438 0.8768137 6.907548e-05 0.0015445607 0.00014165152 8.173428e-09 0.846126 5.9917134e-06 0.1107469 4.4800004e-06 0.007005331 9.673368e-06 0.270768 1.1525509e-05 0.0005905451 6.852576e-05 0.12525876 3.93967e-05 7.5353614e-07 3.3385436e-06 1.6050836e-06 5.231882e-07 0.00021572145 2.8879424e-07 0.029678382 2.688032e-06 1.0159162e-06 1.3095201e-06 9.113203e-08 4.3793753e-07 0.018524447 2.3731474e-05 1.513504e-06 0.06312821 0.0018385105 0.014732708 0.00062398723 0.00087887736 0.0005690046 0.0006577837 1.0456367e-06 6.5265915e-08 0.004783498 0.00077761547 4.0136565e-06 0.0024506846 0.0006978607 0.0067204977 0.02424768 6.1459176e-08 2.351514e-06 0.007011112 3.406945e-07 2.7539544e-09 0.00023162388 0.00013378134 4.206286e-05 0.0010598662 1.8198434e-05 0.0013316971 4.004133e-06 0.0049652425 2.5832119e-06 4.0285446e-09 1.3559779e-07 0.00052895077 5.0995363e-09 0.002272998 9.1195925e-06 5.195132e-06 3.0733884e-06 0.00023966616 0.00016597926 0.0006821963 3.796599e-09
0.6848377 0.0025010754 0.083407104 0.025803665 0.018283973 6.31162e-05 0.75429577 0.00015094149 0.57549983 0.0010029072 4.209697e-05 0.95801795 0.0006437999 0.49370247 6.7730352e-06 2.6407552e-16 0.01907387 0.22970816 0.008813206 0.00011184898 0.00024932317 0.96283185 0.00084420224 0.83304185 0.002373227 0.07142862 0.0001541164 7.6067677e-06 0.011088245 0.08298595 0.003470441 0.39809045 9.235059e-06 0.22901258 0.00019331982 0.04405132 0.00860584 0.0011207551 3.2279266e-05 0.06693894 2.5883264e-06 0.05323565 0.0002889338 0.058090348 0.06679244 8.638074e-05 0.01864701 0.0810153 0.01369243 0.00040763515 2.8563338e-05 3.536809e-05 1.1870015e-06 0.004314071 0.01145883 2.7588756e-05 0.00018787623 0.00042142582 0.0008966831 2.4996884e-06 0.001014595 1.7872248e-05 0.0059926654 0.008358178 0.0017769029 4.0782444e-07 0.0008102626 0.0010965529 1.8209327e-06 5.726167e-08 0.01360341 2.6850896e-07 1.7378941e-06 0.00042220016 8.752551e-05 0.00063428766 0.004561413 9.546412e-06 0.0034562962 0.00014509549 0.010736745 2.4371224e-07 5.08757e-06 8.400461e-07 3.0427674e-09 6.341152e-07 1.1820977e-06 3.1101695e-07 0.007064359 3.7180285e-05 2.9869103e-05 9.1214235e-07 0.00013666044 5.6039084e-07 6.2653635e-05 7.2951836e-05 0.0032680235 0.0074752504 0.0006668847 1.4024348e-06 1.5840571e-06
0.7183888 0.55082077 0.70353496 0.2953858 0.96552736 0.0021294984 0.4118983 0.010063664 0.6836033 0.0026460467 5.2864358e-05 0.021873932 0.04653992 0.011883314 2.726514e-06 0.01907387 1.4493672e-17 0.5346954 0.991267 0.00017493745 2.3712064e-05 0.007426781 0.19521019 0.0004194499 0.00055812096 0.665419 0.0018910425 1.312119e-06 0.57012033 0.0024833414 0.20383175 7.1662915e-05 9.007885e-07 0.004438635 0.00012010542 0.03342317 0.00010208742 0.12340437 5.302391e-07 0.005158074 5.4452903e-05 0.122735195 6.3714033e-06 0.00041410892 2.7483611e-05 0.014807468 0.33902678 0.00038340385 0.00011403423 0.10276274 4.470146e-06 0.0003783513 6.647043e-05 1.0726698e-05 1.8925237e-05 0.0010107446 4.513527e-06 0.0009436282 0.011986531 6.159287e-07 4.7185254e-06 5.615389e-07 5.63554e-05 7.463777e-05 1.2410478e-05 6.195137e-08 0.0010731068 5.3930075e-06 1.471615e-07 1.558429e-07 0.0001281146 1.3854074e-08 6.96174e-08 1.4448494e-05 2.2532206e-06 1.2715209e-07 1.9950981e-05 1.9649096e-06 1.6983526e-05 3.4407478e-08 0.00040647323 7.0549595e-07 3.0946937e-06 4.077418e-08 9.332373e-09 2.2958466e-07 8.583748e-06 5.1935984e-07 4.7143494e-05 2.2092442e-07 7.014746e-07 7.462481e-07 7.250119e-08 1.7341961e-07 8.23733e-07 5.5254743e-05 6.528198e-06 0.00031983794 3.6237927e-06 9.13186e-07 2.8351339e-08
0.8063543 0.03791935 0.24119098 0.05366329 0.4346425 0.0006032066 0.5647109 0.00085792964 0.964453 0.0012608338 6.3212756e-05 0.1201499 0.0013695114 0.06345152 3.6269214e-06 0.22970816 0.5346954 5.122622e-16 0.1693235 0.00015870587 0.00020528196 0.21886343 0.0046233907 0.15456934 0.0024625992 0.98503256 0.0009958248 1.8321332e-06 0.1990364 0.011939322 0.021633906 0.08054158 9.286916e-07 0.43891165 0.000108620094 0.6675375 0.0007548986 0.018498387 1.43205325e-05 0.4952668 4.3362743e-05 0.56137043 2.0016158e-05 0.004333416 0.0023574163 0.00016904564 0.57805187 0.19716635 0.0022345479 0.041839324 1.7217176e-06 0.00012786913 1.3698411e-05 0.00058347866 0.004020397 0.0014418432 3.3222994e-05 0.00030194878 0.09303725 2.0110735e-07 4.3813176e-05 5.062722e-06 0.00032612192 0.00058549986 0.00018850384 2.2345253e-07 0.029761655 0.0004013754 1.5440877e-07 1.934656e-07 0.027444681 1.0758313e-07 1.031539e-07 0.00013981735 6.9091648e-06 2.2210428e-05 0.00034397776 1.1818124e-06 0.00025612622 1.7809005e-05 0.0013900794 2.150195e-07 1.8394012e-07 5.8902472e-08 5.140611e-09 1.1057388e-07 4.134958e-06 1.8798643e-06 0.00096975925 1.9953843e-06 8.162687e-05 1.2353215e-06 1.8175366e-05 2.5309298e-06 2.3160654e-05 0.00032462968 0.0006487141 0.0018954029 3.942635e-05 6.2222493e-06 3.9077918e-07
0.21205795 0.34831026 0.37894446 0.099404894 0.6662701 0.0018462309 0.16124117 0.006731707 0.265724 0.0011119092 5.5656892e-05 0.008892656 0.05122401 0.008032096 7.2314742e-06 0.008813206 0.991267 0.1693235 4.794631e-16 0.0005174412 8.950512e-05 0.0032377478 0.3105088 0.00047517117 0.00018139773 0.4321954 0.0062409258 1.1789773e-05 0.980958 0.00028201006 0.6384688 7.234168e-05 1.2936247e-06 0.0031127394 0.00044110534 0.018242283 2.7407837e-05 0.29422176 2.0436155e-06 0.0026400578 0.0001735855 0.0825016 1.4917725e-06 0.0001693309 2.4248282e-05 0.030968755 0.36235198 0.0008110241 6.101682e-05 0.24456687 1.1643432e-05 0.0017433706 0.00024002709 1.9824154e-05 5.0408948e-05 0.00241886 2.9503062e-06 0.0036832297 0.0068185553 7.3881915e-07 1.0539795e-06 1.8359848e-06 2.796534e-05 2.6628099e-05 1.9631612e-05 6.7035086e-07 0.00064198574 1.57057e-06 2.78902e-07 1.8022283e-07 0.00059860427 5.674133e-08 5.3933103e-08 9.754111e-06 4.8787692e-06 2.6154657e-07 2.199876e-05 6.8696545e-07 1.9608626e-06 2.173755e-07 5.3484244e-05 7.949283e-08 5.602569e-06 2.946023e-07 2.4632811e-09 3.977872e-07 1.6422237e-05 1.313589e-06 2.5163534e-05 5.0133804e-07 1.4317876e-06 1.0374629e-06 1.6859056e-07 8.794138e-08 8.33175e-07 8.574041e-05 1.0829185e-05 0.00047177248 4.3964924e-06 1.9448962e-06 2.6824697e-08
0.80185217 0.11003995 0.013942025 0.05390846 0.00470878 0.30286175 0.0004998593 0.72018754 0.00011501271 0.26290083 0.56829816 0.00013911827 0.07020168 0.0001650801 0.6034101 0.00011184898 0.00017493745 0.00015870587 0.0005174412 1.4008018e-13 0.33676735 1.6630891e-05 0.014886675 2.1139472e-06 0.21532956 0.00022024865 0.2830373 0.98728037 0.0008762832 0.0014888583 0.00055014266 4.8710496e-07 0.2658904 0.00018183766 0.94037294 0.00010718073 0.0053183823 0.00027222428 0.17116557 8.257725e-05 0.100117505 0.00036350157 0.03526039 3.7566002e-05 4.595327e-07 0.005664545 9.576594e-06 2.024682e-06 6.8285306e-05 2.512541e-05 0.02526158 7.539934e-05 0.00012486297 5.1197594e-07 3.3984492e-07 1.3131286e-05 0.008066794 9.6407064e-05 9.638408e-05 0.37157044 0.0013565917 0.0078086 0.0005393545 0.0002825843 0.00093357783 0.0030337449 1.9550005e-05 3.7367709e-06 0.03235473 0.0022503338 4.2994943e-05 0.040437497 0.0001755128 0.015060791 0.010104103 7.2378947e-07 7.576258e-06 0.004031124 5.381045e-07 6.2122667e-09 0.00018172774 0.00013624337 0.0042387205 0.008221846 0.001972668 0.012008179 0.0003989293 0.0026479475 1.4614766e-05 2.723876e-08 0.00026313344 0.0030703403 9.831583e-09 0.0007329805 2.1117863e-05 0.0003049259 1.7758719e-05 0.0008158326 0.0013938247 0.0019832323 6.441047e-07
0.96839035 0.044060707 0.034303706 0.1571321 0.00087814423 0.44297644 0.0006632906 0.15341498 0.00022161816 0.9274693 0.6792788 0.00051954197 0.007201723 0.00040024222 0.88161874 0.00024932317 2.3712064e-05 0.00020528196 8.950512e-05 0.33676735 1.4386986e-15 7.340546e-05 0.00015168739 1.13955675e-05 0.7553397 4.7455324e-05 0.005662685 0.49270606 6.885173e-05 0.045700405 3.7688867e-05 5.977642e-07 0.69086945 0.00033606155 0.088102974 6.591718e-05 0.27063075 6.0817297e-06 0.5752454 0.0003448077 0.00016359576 7.824844e-05 0.8761059 0.00055854715 7.25099e-06 1.913764e-05 6.915487e-06 2.2899036e-05 0.008792031 7.456324e-06 0.061623137 1.5343863e-05 1.6189196e-06 3.4051343e-06 3.2794722e-07 1.6463345e-06 0.36830294 0.00019102967 6.8113535e-05 0.04625116 0.08289293 0.02053792 0.02701772 0.0094603775 0.026620625 0.002070999 4.473946e-06 2.247619e-06 0.0054955664 0.0007767424 0.00018013976 0.0006185119 0.0018702253 0.24318703 0.19034776 1.5052732e-06 9.1487535e-05 0.03875926 1.4751405e-05 1.2730058e-07 0.0040887673 0.00024341966 1.2674469e-05 5.8650436e-05 6.445721e-06 0.00011386947 2.511203e-06 0.00047749697 0.00021119583 1.5672889e-06 5.2585565e-06 6.700729e-05 4.1688142e-07 0.002714239 1.7173586e-06 1.5065665e-05 0.00014765558 0.007504768 0.019448182 0.00045391705 1.3748831e-06
0.83360505 0.0005561211 0.021201488 0.006285823 0.00644079 1.8463365e-05 0.4219558 1.6315942e-05 0.48284224 8.635965e-05 3.0671283e-06 0.46363518 0.00016359826 0.35847202 5.615582e-07 0.96283185 0.007426781 0.21886343 0.0032377478 1.6630891e-05 7.340546e-05 6.0207664e-17 0.00035391355 0.93201995 0.000681485 0.07544642 5.1551237e-05 4.697407e-07 0.009018919 0.04891849 0.0021024693 0.96945196 5.0335876e-07 0.5870459 3.650416e-05 0.13453132 0.0026205084 0.00092103396 4.2354272e-06 0.2271084 1.3990831e-06 0.1144146 7.0145055e-05 0.06594856 0.20729153 3.673798e-05 0.032963466 0.29897577 0.010686817 0.00056201307 2.1214782e-06 3.4581983e-05 1.7987676e-06 0.121409826 0.2894052 2.9335499e-05 7.1782204e-05 0.00039853912 0.0035461443 8.2648896e-08 0.00052062696 4.68335e-06 0.004174243 0.005390599 0.0009049345 6.6431916e-08 0.003973613 0.008450836 1.083248e-07 2.9304358e-08 0.2570568 3.933454e-08 1.8832567e-07 0.00037028058 1.0914797e-05 0.0040718424 0.010065372 8.50031e-07 0.008422654 0.0015619091 0.009357916 3.773823e-08 8.4044996e-07 1.4608523e-07 4.1246273e-10 2.451505e-07 6.0563696e-07 3.692377e-08 0.012449972 0.00012310735 0.0008008182 8.8948093e-07 0.0007364949 1.2980765e-07 0.00051911926 0.00011617915 0.00294197 0.007807584 0.0004722332 1.0182813e-07 5.7522966e-06
0.29972893 0.63853693 0.28448945 0.20145294 0.27201846 0.033909004 0.02712798 0.23949704 0.008333023 0.0052867113 0.0023304773 0.003821 0.97706 0.006031105 0.00010103181 0.00084420224 0.19521019 0.0046233907 0.3105088 0.014886675 0.00015168739 0.00035391355 6.4352645e-16 0.000110061796 0.001468696 0.0040399204 0.6526139 0.00014378152 0.64177626 0.0011679014 0.9427754 2.1463484e-06 5.1158993e-05 0.00014460136 0.061528664 0.0001972258 4.093578e-05 0.5768689 1.7179174e-06 0.00016427867 0.29089612 0.0035777101 6.8082522e-06 3.0859956e-05 7.2721464e-06 0.9593415 0.004492046 3.0062674e-06 3.4940476e-05 0.02133068 2.074277e-05 0.15675426 0.10579872 3.717467e-06 4.6838036e-07 0.0023463978 2.2186791e-06 0.016997704 0.0002083952 3.1948355e-05 2.0247826e-06 1.9888652e-05 8.465212e-06 4.449815e-06 9.398112e-06 8.372125e-07 7.531989e-06 1.0451403e-06 5.096255e-07 5.3034125e-07 2.89767e-05 5.5283226e-06 1.01306e-06 1.1816496e-05 3.2172746e-05 9.69252e-08 5.097779e-06 2.4440337e-06 1.5494629e-07 2.5814768e-09 0.00017957784 2.179267e-06 0.00077144627 7.5028174e-06 1.3034423e-08 2.1179697e-07 0.012606577 1.2808367e-06 1.9121924e-06 4.7246306e-08 4.02935e-06 3.84051e-05 1.6212809e-09 3.53884e-07 1.0003776e-06 2.220655e-05 1.8633472e-06 0.00055089133 7.892407e-05 2.290908e-05 9.686712e-09
0.9159321 0.0005504174 0.010057658 0.004339429 0.0007570433 6.4276737e-06 0.08801517 1.0227076e-05 0.17266521 9.181338e-05 6.843346e-06 0.7615011 6.211427e-05 0.8591289 2.9933693e-07 0.83304185 0.0004194499 0.15456934 0.00047517117 2.1139472e-06 1.13955675e-05 0.93201995 0.000110061796 7.953462e-17 0.00023970136 0.006171962 6.2269983e-06 8.2990105e-08 0.0007336414 0.2453833 0.00067914376 0.82988983 1.7100835e-07 0.4810201 2.5827452e-05 0.015892254 0.0086276075 0.0005359568 9.735927e-07 0.09214455 7.787112e-06 0.027808743 0.0001301923 0.50716025 0.93851936 3.0382053e-06 0.0016743853 0.24205506 0.030621521 6.273986e-05 8.1720725e-07 1.1767396e-05 1.2516317e-06 0.43815964 0.33264136 7.999346e-06 9.044858e-05 9.618018e-06 0.0005476159 2.2058127e-07 0.001872073 2.022918e-06 0.030349288 0.035480928 0.00176808 1.2312648e-08 0.00021090037 0.037813567 3.5174487e-08 3.12815e-08 0.022326903 1.5468608e-08 7.3253005e-07 0.00014337184 2.0304202e-05 0.010088778 0.11279946 2.6356815e-06 0.084256336 0.013266223 0.04431764 1.0904018e-07 7.063395e-07 3.3885593e-07 1.7136063e-09 5.040125e-07 4.4089776e-07 3.8805553e-07 0.04566539 0.0010832844 0.000109589535 4.2443303e-06 0.0026830216 1.2255205e-05 0.00015201034 0.00012102469 0.009940463 0.013970907 0.0011321827 7.9223366e-07 9.895733e-06
0.978191 0.19067658 0.12310408 0.5918758 0.017999157 0.23155795 0.024309138 0.15647054 0.0070199235 0.9265983 0.1242387 0.0042875134 0.04232691 0.02819493 0.16130735 0.002373227 0.00055812096 0.0024625992 0.00018139773 0.21532956 0.7553397 0.000681485 0.001468696 0.00023970136 2.7975597e-15 0.00018420002 0.018508798 0.14962852 0.000282228 0.5206718 0.0001332651 3.1154064e-05 0.18807136 0.00071772037 0.09871297 0.00015059525 0.85185355 2.243427e-05 0.32394978 0.00019894485 0.0005838789 0.00053570693 0.7302202 0.017874967 0.00011960844 2.623032e-05 5.3452804e-06 5.9492686e-05 0.100889966 2.5143552e-07 0.020609777 1.2820822e-06 7.3368085e-07 3.142159e-05 9.726838e-06 3.865045e-06 0.2463753 2.153616e-05 2.3681057e-05 0.0022334484 0.30264342 0.008089459 0.12065734 0.026045304 0.19800988 0.0006522659 2.3584134e-06 1.8231787e-05 0.00087594945 0.000496267 0.00016869792 6.422652e-05 0.00051421026 0.40245286 0.037364215 5.318742e-06 0.0012690029 0.01283322 0.00015027603 1.476807e-05 0.012362527 3.6577134e-05 6.4605183e-07 2.1666697e-06 1.3233469e-07 2.5650925e-06 4.930995e-06 0.0007701499 0.0009878388 9.373117e-05 6.3589114e-06 2.1033746e-05 0.00014845545 0.0013757101 1.0413934e-06 2.077715e-06 0.0015192678 0.037210084 0.044210088 0.00045002464 1.2600711e-07
0.30650055 0.024414644 0.17121787 0.023025967 0.41454914 0.00088890316 0.30956525 0.0011803984 0.58540136 0.000509361 0.000118852615 0.031061783 0.0008848738 0.009268363 1.6026752e-05 0.07142862 0.665419 0.98503256 0.4321954 0.00022024865 4.7455324e-05 0.07544642 0.0040399204 0.006171962 0.00018420002 1.5619123e-16 0.00023543506 8.977462e-06 0.28015372 0.0005361493 0.037510086 0.012923226 1.6960727e-06 0.29903528 0.00018869953 0.9254083 5.505985e-05 0.03360395 2.0730122e-06 0.5951832 4.9601265e-05 0.87903816 1.8022567e-06 0.00049305917 0.00038145663 0.00021218284 0.764627 0.082251534 0.00032381585 0.20822969 6.17268e-06 0.00022153175 1.1030279e-05 0.0004924806 0.0006431896 0.007888784 7.046665e-06 0.00087919587 0.28020096 1.354804e-07 8.8319175e-06 7.3694346e-06 6.3547195e-05 4.6886886e-05 2.126142e-05 5.826587e-07 0.014726759 0.000120774144 6.613858e-07 1.7979684e-06 0.0073036943 4.4051066e-07 1.2088684e-06 1.1384085e-05 1.0801141e-05 6.063493e-06 0.0001737508 2.0186858e-06 0.000194616 5.5881937e-06 0.0005585722 2.8303525e-06 8.667943e-08 7.216194e-08 2.0728075e-09 3.7806743e-08 2.8810116e-06 1.1056597e-05 0.0001820641 1.2519754e-06 3.0240104e-05 5.580949e-07 2.0863938e-06 2.0378818e-06 2.2798852e-06 0.00026582237 0.00029262138 0.00059632026 2.9669776e-05 2.373668e-05 1.7485728e-07
0.22050211 0.5101286 0.04701642 0.14627558 0.04053714 0.19198628 0.003735467 0.82447326 0.0008514331 0.03197088 0.028162414 0.00045459284 0.9399392 0.0005885711 0.007836438 0.0001541164 0.0018910425 0.0009958248 0.0062409258 0.2830373 0.005662685 5.1551237e-05 0.6526139 6.2269983e-06 0.018508798 0.00023543506 8.6973025e-16 0.040317424 0.018542215 0.0004366885 0.037901748 3.173996e-07 0.00016860127 8.514143e-05 0.7662477 7.5269374e-05 0.00013227167 0.013840481 0.0002666084 2.5803769e-05 0.99538505 0.0006436074 3.4433564e-05 2.6898208e-05 7.041442e-07 0.23795097 5.1688785e-05 8.4582035e-07 3.6655212e-05 0.0009912971 0.0004433139 0.0011498409 0.009277918 3.684731e-07 6.0471297e-07 0.00046873323 1.0816974e-05 0.0019793683 1.9256751e-05 0.0023528894 1.0907346e-05 4.0748714e-06 6.431037e-05 6.6734334e-05 9.033522e-05 0.00016232095 3.3618671e-06 5.3230576e-07 0.0004858663 0.0003260709 5.459387e-07 0.0021584462 8.4566875e-07 0.00013584533 9.813874e-06 3.9949953e-07 1.206421e-06 1.3129409e-05 6.266463e-07 2.0520776e-08 0.00015559689 2.249282e-05 0.018127287 0.0013467517 4.168536e-07 4.0231163e-05 0.041458286 6.590778e-06 2.2678814e-05 2.0812318e-07 1.0579028e-06 0.0011561079 2.803483e-08 3.4873025e-07 3.2903927e-07 7.741448e-06 7.6145943e-07 0.00041146568 1.6024584e-05 3.3327317e-06 1.9015575e-08
0.8107346 0.016527167 0.002801094 0.016647913 0.00017054836 0.07210826 3.0008494e-05 0.20968744 1.0937173e-06 0.2863914 0.4284161 7.153349e-06 0.007656586 1.9468057e-06 0.8768137 7.6067677e-06 1.312119e-06 1.8321332e-06 1.1789773e-05 0.98728037 0.49270606 4.697407e-07 0.00014378152 8.2990105e-08 0.14962852 8.977462e-06 0.040317424 3.5430213e-16 0.00010738617 0.00025255265 0.00015771805 9.931512e-09 0.81181985 1.4030468e-05 0.8386834 1.2834039e-05 0.0016049674 3.2021442e-05 0.25761896 8.344406e-06 0.019051282 7.362181e-05 0.050404146 6.9722782e-06 3.6093205e-08 4.1104307e-05 3.31004e-06 1.7114213e-07 8.4797575e-06 7.091852e-07 0.16592623 4.0935406e-06 9.830355e-07 3.9693688e-07 4.521062e-08 1.0182847e-06 0.018403491 4.9013855e-05 7.704026e-06 0.7808537 0.0006317479 0.049239323 0.00012185705 0.00014154159 0.00019527225 0.02453057 8.612225e-06 1.1933469e-07 0.4302256 0.009570104 4.1915155e-06 0.22419545 0.0031008185 0.00958341 0.06487769 7.876086e-08 1.6201982e-06 0.019369593 5.7492255e-08 2.954083e-09 3.1764765e-05 0.0013839878 0.00066575705 0.019229658 0.0068350625 0.04808291 2.0749834e-05 0.02357751 4.994807e-07 1.4898779e-09 2.5293157e-06 0.0019939682 2.4754643e-10 0.011101752 9.414582e-06 7.26144e-06 8.646992e-07 0.00016297445 0.00013967328 0.0034743568 3.8399914e-08
0.112007506 0.33799627 0.27162915 0.08024444 0.48154497 0.0038588617 0.21161442 0.021700537 0.18236564 0.00033848567 0.000104622435 0.010102338 0.079699524 0.0091971345 6.907548e-05 0.011088245 0.57012033 0.1990364 0.980958 0.0008762832 6.885173e-05 0.009018919 0.64177626 0.0007336414 0.000282228 0.28015372 0.018542215 0.00010738617 8.2162543e-13 0.00023064078 0.96724933 9.6261996e-05 1.1894384e-05 0.0029949571 0.0029281063 0.0065994207 2.3120003e-05 0.94187546 1.885514e-05 0.002654991 0.0021488473 0.063648 3.482894e-06 0.00011626538 3.5548328e-05 0.29129893 0.40273127 0.0002846597 2.696815e-05 0.45777604 5.9621387e-05 0.02868576 0.002134676 4.2972846e-05 0.00012315114 0.022736333 9.361946e-06 0.06014133 0.020976366 5.3510903e-06 3.8670287e-06 1.8515715e-05 8.894055e-05 0.00017964208 4.1711886e-05 3.5703645e-06 0.00058189745 5.903469e-06 4.6949708e-07 4.772216e-06 0.00023566262 4.0321538e-07 6.609233e-06 0.00016249287 3.3885048e-05 2.2873127e-07 5.551699e-05 5.8983874e-06 1.7499877e-05 2.5472735e-07 0.00011434579 6.644941e-06 3.867659e-06 1.2560362e-07 1.462069e-07 1.002298e-06 9.390689e-05 8.0139525e-06 2.038017e-05 1.753654e-06 2.6453035e-06 3.8150065e-06 3.987147e-07 8.076338e-06 9.885291e-06 8.182032e-05 2.6974581e-05 0.00040294137 5.2923682e-05 2.8558325e-05 1.906752e-07
0.8883971 0.035416503 0.12736112 0.4094619 0.012948177 0.009792508 0.17701879 0.011440972 0.032522876 0.2631258 0.008387726 0.2869481 0.005317518 0.9314192 0.0015445607 0.08298595 0.0024833414 0.011939322 0.00028201006 0.0014888583 0.045700405 0.04891849 0.0011679014 0.2453833 0.5206718 0.0005361493 0.0004366885 0.00025255265 0.00023064078 3.3607905e-17 0.00019848833 0.016331408 0.00053652114 0.0077288086 0.0009576613 0.0007867788 0.8929148 1.5740572e-05 0.007040758 0.000546961 2.3805812e-06 0.0005575129 0.12456075 0.63185227 0.14949213 3.9382463e-05 9.027992e-05 0.0016386396 0.96220326 6.9282864e-06 8.872926e-05 3.7156592e-06 3.9070933e-06 0.020900536 0.0065777153 1.0423412e-06 0.03798051 2.0979985e-06 1.766189e-05 0.0005481727 0.2841356 0.00026855187 0.21647352 0.17972474 0.14191742 2.2825949e-05 2.4590492e-05 0.007334935 1.0550184e-06 4.4409885e-06 0.0017475721 3.0838507e-07 2.8489437e-06 0.034400795 0.0056139138 9.365255e-05 0.112135224 0.0010638707 0.014509113 0.004797247 0.10437432 5.4739843e-07 4.0454e-05 1.5126389e-07 5.501916e-09 2.7028707e-07 3.1781653e-06 8.10365e-06 0.011595728 0.0061207665 0.00022670781 8.539877e-06 0.008980756 0.0006500493 1.4247802e-05 2.8978454e-06 0.019549504 0.042141788 0.02161626 1.35161e-05 7.601121e-07
0.014295393 0.18478876 0.08389479 0.024479143 0.121261396 0.0029017557 0.03546606 0.01548913 0.024073392 0.0004594659 0.000110400404 0.003377526 0.16004345 0.003698312 0.00014165152 0.003470441 0.20383175 0.021633906 0.6384688 0.00055014266 3.7688867e-05 0.0021024693 0.9427754 0.00067914376 0.0001332651 0.037510086 0.037901748 0.00015771805 0.96724933 0.00019848833 1.7723158e-14 3.5680005e-05 1.3914594e-05 0.0010000076 0.008395237 0.0019378619 1.7989007e-05 0.9870205 1.529918e-05 0.0017802988 0.019799164 0.015510253 4.6427363e-06 8.821198e-05 5.2978117e-05 0.67765677 0.0767973 0.00016613083 3.1329822e-05 0.27999893 5.6121127e-05 0.201643 0.061541125 2.685351e-05 2.6246938e-05 0.008889304 1.7017703e-05 0.114589304 0.0075102746 1.6261278e-05 4.0129025e-06 6.692385e-06 2.1458216e-05 0.00020525928 2.8544384e-05 1.0073044e-05 0.00013808766 6.227126e-07 1.3963438e-06 4.0824066e-06 8.1602746e-05 3.4917454e-07 1.7119723e-06 4.7944523e-05 6.350078e-05 2.034286e-06 9.718307e-06 1.0418956e-05 1.6693126e-06 1.7246205e-07 0.0002092805 4.7173244e-06 8.018455e-06 1.2537288e-07 4.4162493e-07 5.5149496e-07 0.00056251796 2.5518471e-05 6.9339644e-06 9.2315005e-08 3.6710082e-06 5.42125e-06 3.6277275e-08 3.7459624e-06 1.3786824e-05 2.934294e-05 2.971143e-05 0.00020705705 4.0820774e-05 7.290913e-05 2.1676894e-07
