1.6510492e-16 0.95819014 0.9561148 0.96728545 0.91487306 0.8597148 0.9714073 0.77182436 0.9340666 0.68499875 0.9350646 0.69015795 0.90600777 0.95605534 0.96634585 0.767551 0.84354365 0.7821986 0.92055154 0.84140444 0.9751931 0.97195506 0.9696456 0.7806594 0.85678995 0.9496414 0.87237173 0.66422886 0.84870976 0.8664008 0.86051744 0.9451739 0.9227715 0.95899 0.19497746 0.77053165 0.9695404 0.8157695 0.81357056 0.7587062 0.949942 0.26449895 0.8758095 0.91406536 0.9259459 0.648051 0.9979444 0.9595577 0.22511263 0.04433859 0.9710303 0.99977624 0.7598374 0.7703348 0.4786596 0.9552095 0.8995337 0.03453074 0.9496662 0.9923094 0.9113365 0.9754972 0.024404835 0.4915341 0.8523452 0.69772255 0.025832854 0.93934184 0.22347833 0.22173686 0.9750764 0.79505235 0.99644357 0.03103094 0.10128943 0.5967338 0.5537537 0.011869122 0.009493097 0.00457253 0.00030001497 0.0022386047 0.9999953 0.0131857 0.0070131687 0.007817341 0.99205214 0.8047849 0.99997336 0.011589658 0.007938701 0.050534327 0.000741811 0.0049570934 0.24536598 0.6044485 0.80310637 0.17464665 0.35072306 0.75162107 0.99893767
0.95819014 1.4343094e-15 0.9435888 0.9601955 0.8719008 0.7031556 0.91956663 0.40130767 0.9641433 0.057153698 0.4988628 0.00656034 0.5609779 0.0031864224 0.030193537 0.21157472 0.0010160668 0.0005195685 0.05355389 0.029737998 0.59565073 1.8043092e-05 0.015375996 6.9874186e-05 4.1479627e-05 0.0010837824 0.0005687247 0.47716838 3.1888296e-05 0.0012766217 9.735124e-06 0.055998567 0.055511966 0.011762248 0.27460495 2.5238376e-05 0.0029172888 0.00018287223 0.34635955 7.988293e-06 0.013956525 0.031834114 4.9403174e-05 1.2542041e-06 0.017603692 6.144843e-05 0.008968396 0.0012792975 3.449746e-05 0.0022273716 0.0002813138 0.06632008 3.756141e-07 0.00011511037 0.0019641812 7.85917e-07 8.2085336e-07 0.062326774 7.217141e-05 0.0015518848 0.00033831174 0.015122801 0.011600821 8.333113e-06 2.6805417e-06 1.0305362e-05 3.081502e-05 2.3767736e-05 0.054243825 0.25276107 0.0006441985 7.008979e-06 6.116539e-05 0.00010349223 8.426298e-05 6.418072e-07 1.5069337e-06 0.007964297 0.00013611934 1.0271902e-07 1.0498479e-07 9.3428804e-05 0.003347514 0.019368244 1.6858365e-07 0.026578855 6.699815e-07 2.1314057e-09 0.0034185434 8.577799e-06 6.227408e-08 3.560373e-07 0.0006116837 1.7895579e-07 7.388928e-08 1.2541819e-09 3.920955e-05 6.2405704e-08 1.4910288e-06 3.1228723e-05 2.090213e-05
0.9561148 0.9435888 1.5692568e-14 0.73661673 0.9465263 0.87026876 0.93367076 0.008446319 0.55910903 0.0011035904 0.91644794 0.00017570658 0.75715446 0.39295757 0.010588452 0.15894067 0.0001547162 7.971584e-05 0.5030205 0.22533186 0.035030004 0.0057173227 0.0112012355 2.7125373e-06 0.0048353057 0.0005979966 0.030362234 0.07980317 0.0048429114 7.245948e-05 0.00044924935 0.19195512 0.3147732 0.10760524 0.07369815 2.4545639e-06 0.028179064 3.0943884e-05 0.018747667 1.6479208e-06 0.030447913 0.09421239 0.00049867254 9.745877e-05 0.057842094 0.0019779643 0.0045748046 0.00053978316 2.5321274e-06 0.011564795 9.374118e-05 0.046785545 3.4820558e-05 2.5221509e-05 0.00021695728 5.3277763e-05 1.8419643e-05 0.051283915 1.966583e-05 0.014199744 0.0030891965 0.043714304 0.016222332 3.6866277e-06 8.824059e-05 3.658458e-06 1.877195e-06 0.0008210719 0.00074994663 0.020751532 0.006241411 5.4936434e-05 0.0017122714 0.0008168887 2.6873172e-06 6.574306e-06 8.642578e-06 0.0009140251 0.00033003822 2.829405e-06 7.850642e-06 0.000104727456 0.009273787 0.0027721182 2.093152e-06 0.0058912393 6.3017374e-05 4.7168964e-08 0.0018439874 8.337839e-07 2.7881622e-08 1.0073015e-05 0.000197822 9.407416e-07 6.0782645e-07 2.1818383e-09 0.00036688 1.2714111e-06 1.6512236e-05 0.00031962967 0.0002488913
0.96728545 0.9601955 0.73661673 6.0492044e-15 0.68026644 0.5200409 0.6523896 0.019350024 0.97904265 0.0066356896 0.15461886 0.0013018772 0.28643963 0.00087344064 0.0048439805 0.023792803 0.00011581873 9.41412e-05 0.035770696 0.00753149 0.7626771 1.1716391e-05 0.0043408824 8.089226e-06 1.3477603e-05 0.0001697445 0.0008485801 0.7712208 1.2943867e-05 0.00020143764 1.1235619e-05 0.02314348 0.2120752 0.006184226 0.5502449 2.6764626e-06 0.00068186724 3.0988776e-05 0.719036 1.3832595e-06 0.002103537 0.08029915 4.0374798e-05 1.3165223e-06 0.0040015522 0.00011216196 0.001622162 0.00021111066 9.156964e-06 0.0031426821 2.845578e-05 0.023357479 5.000769e-07 2.0633901e-05 0.0012193221 3.261093e-07 1.5939047e-07 0.17767687 2.891794e-06 0.0005471125 0.000102059865 0.009119333 0.027908413 9.319668e-06 4.3334776e-06 4.253462e-07 1.9140378e-05 5.584976e-06 0.06152688 0.5867001 0.0005936655 7.610688e-07 1.659784e-05 4.482904e-05 0.00010132408 4.092551e-07 3.1997915e-06 0.008287797 0.00025900503 1.739709e-07 8.46728e-08 0.00010908091 0.0014051305 0.059440713 1.2806426e-06 0.09647833 1.2363084e-07 1.7332239e-09 0.00055847666 1.5131376e-06 8.6844736e-08 4.884125e-07 0.002071237 3.4350907e-07 7.267054e-07 8.7305374e-10 6.8873364e-06 4.5138066e-08 5.518417e-07 2.4064764e-07 1.5024679e-06
0.91487306 0.8719008 0.9465263 0.68026644 2.6293864e-16 0.98936623 0.43195757 0.0003436769 0.56311417 0.00012314973 0.35193565 4.549411e-05 0.19522251 0.03634336 0.000377142 0.006326517 2.3390103e-05 1.472331e-05 0.7034609 0.019150728 0.029552093 0.0012804864 0.00056015793 1.2835746e-06 0.0008317263 4.3209755e-05 0.031055551 0.20732449 0.0013937582 1.1306402e-05 0.0001253384 0.06695569 0.65450406 0.025812542 0.2713059 2.1121849e-07 0.0085591 1.36270855e-05 0.0792041 3.280548e-07 0.0030725575 0.35874727 0.00034385885 1.7277698e-05 0.009251818 0.00182921 0.00036752364 8.276284e-05 6.229876e-07 0.051253002 5.4667353e-06 0.0075271064 2.0184309e-05 7.0977753e-06 0.000102299986 1.8062272e-05 1.3886397e-05 0.21417534 7.760248e-07 0.0019009185 0.0005568192 0.012696229 0.051962838 1.5207614e-06 7.207436e-05 1.00489885e-07 8.670312e-07 7.600114e-05 0.000356615 0.05088248 0.0014001584 1.0570674e-05 0.00012270415 0.0017181607 4.8747904e-07 8.69709e-06 9.953762e-06 0.00024283052 0.0024167607 2.0948455e-06 7.6450823e-07 0.00027699288 0.0018609869 0.0031744959 3.5732019e-06 0.020837476 8.143842e-06 5.109723e-08 0.00032180126 1.5080701e-07 9.255793e-09 2.176459e-06 0.00047242822 8.110473e-07 7.867097e-07 1.4379677e-09 3.6094047e-05 2.7761791e-07 4.2956312e-06 8.714276e-06 3.0524927e-05
0.8597148 0.7031556 0.87026876 0.5200409 0.98936623 6.286767e-16 0.16823432 3.879305e-05 0.49751782 2.1633587e-05 0.15287995 8.719414e-06 0.094708204 0.054145817 8.3748404e-05 0.0032186727 3.1143766e-06 4.893434e-06 0.9325406 0.00860668 0.013439124 0.008985707 0.00054428476 9.9515965e-08 0.0012097016 1.1999991e-05 0.18321949 0.3123255 0.0153531 1.5277973e-06 0.00012783962 0.035935935 0.73964524 0.027486948 0.25962704 1.2162819e-08 0.008669391 1.4266654e-06 0.033774562 2.3509198e-08 0.0016831901 0.6424235 0.00092187367 3.7663896e-05 0.0045371624 0.008322912 0.0002068143 1.3212096e-05 2.3099382e-08 0.15515499 1.8026005e-06 0.0064105545 9.625691e-06 9.1709416e-07 0.00038873102 1.4467687e-05 3.624885e-06 0.39004177 1.5812911e-07 0.0018097127 0.00036515735 0.007839361 0.12575574 1.096649e-06 9.8573735e-05 4.1944944e-08 1.4500824e-07 7.167645e-05 0.000109883294 0.016430257 0.000986693 6.536053e-06 0.00018534911 0.008030828 5.5002825e-08 6.5057645e-07 1.4242286e-05 0.00020978985 0.00971582 7.5992334e-06 3.6905708e-06 0.001501623 0.0013949185 0.002538254 1.0210178e-05 0.019853974 5.1563848e-06 7.774426e-09 0.00023752701 3.8378094e-08 1.0423844e-09 4.3996906e-07 0.00058196514 6.083066e-07 5.609715e-07 1.7463813e-09 5.090441e-05 1.6366606e-07 2.8226352e-06 4.0433847e-06 3.2036744e-05
0.9714073 0.91956663 0.93367076 0.6523896 0.43195757 0.16823432 3.2464845e-14 0.5530508 0.31667563 0.028529359 0.9117171 0.04031336 0.9608948 0.09515946 0.20345299 0.91272575 0.0047542593 0.0015876181 0.027908716 0.28315324 0.17869355 0.0016331759 0.09006664 0.0005007202 0.00051112904 0.002717465 0.0021646665 0.038921308 0.00035496106 0.00047035646 8.1127706e-05 0.13938174 0.008434925 0.073818594 0.016824415 0.0001421769 0.012171529 0.0003033214 0.041327346 1.445205e-05 0.15760055 0.00152306 4.7856494e-05 7.2837934e-06 0.08396134 0.00019810877 0.023516163 0.0032008877 2.2805994e-05 0.0002411095 0.00060560583 0.21462712 4.9358227e-06 0.00019688676 0.00037350378 1.1383825e-05 1.8828248e-06 0.0043605305 0.00011649281 0.006057049 0.000466541 0.055923 0.00046822213 4.9993243e-05 4.3356707e-05 4.9482883e-06 8.587424e-06 4.6752666e-05 0.002634165 0.014478834 0.0027088448 8.620098e-06 0.0005951485 2.9383684e-05 8.093281e-05 3.133025e-06 1.7108077e-05 0.000586555 1.1871187e-05 2.7560527e-06 5.420741e-07 3.2896336e-05 0.014238262 0.0015535144 6.0325107e-07 0.0028001806 2.32274e-06 1.3656864e-07 0.010948372 8.388817e-06 4.0849588e-07 3.035775e-06 0.00016142374 9.896662e-07 1.1454968e-06 4.1783007e-08 3.1180545e-05 1.0926439e-07 4.2790307e-06 3.1655063e-06 2.8558246e-05
0.77182436 0.40130767 0.008446319 0.019350024 0.0003436769 3.879305e-05 0.5530508 9.112073e-19 0.013011263 0.9882915 0.0029375337 0.8970431 0.031981334 1.4164576e-05 0.92007244 0.5787932 0.74934703 0.32909936 2.020978e-06 0.0009998234 0.38825276 3.1171356e-07 0.26400396 0.008055599 4.443132e-06 0.19701055 1.0585861e-06 0.007065559 5.059461e-07 0.17909546 1.6938016e-06 0.007867766 4.888942e-06 0.00025121323 0.00075039844 0.005944692 6.190333e-05 0.001437299 0.055379324 0.000101639096 0.027764242 2.948994e-05 6.885701e-08 3.262129e-07 0.0072065494 8.016074e-07 0.053912714 0.004932367 0.0005844976 8.522433e-08 0.0011705335 0.18188272 6.503763e-08 9.3736264e-05 0.005380104 5.38404e-08 6.970669e-08 0.00021813382 0.00050631515 0.00047132795 3.27039e-05 0.005887322 1.7796297e-06 0.00015550863 3.9404097e-07 1.7664552e-05 2.6217367e-05 8.995317e-07 0.10485588 0.0507784 6.230055e-05 4.9422914e-07 1.9611272e-05 5.1467725e-07 0.014058437 1.09070335e-07 1.8907157e-07 0.005035492 7.2202786e-09 1.5316733e-08 2.5778418e-08 3.2893072e-07 0.0047606817 0.003642701 5.011695e-08 0.00024843003 3.8899967e-07 2.0471196e-09 0.0053243884 4.421302e-09 1.2443437e-07 1.3119207e-07 7.6271353e-06 6.82245e-09 7.953423e-08 5.6963356e-10 4.5459087e-06 3.7699955e-08 1.5936805e-06 6.1381684e-06 2.5486843e-06
0.9340666 0.9641433 0.55910903 0.97904265 0.56311417 0.49751782 0.31667563 0.013011263 3.1234838e-14 0.006560221 0.04991637 0.0040364326 0.1293292 0.00077995274 0.0037106597 0.008972785 0.0001948548 0.00016528064 0.023667887 0.0030202332 0.81306326 2.8902543e-05 0.0028157686 1.3485072e-05 1.0358372e-05 0.00027152838 0.00036993576 0.9568478 1.4338243e-05 0.00028749925 1.549101e-05 0.022315908 0.14887911 0.0064907703 0.70184785 5.3267727e-06 0.0006157699 4.9249164e-05 0.7292458 2.4375697e-06 0.0011817624 0.0993815 1.2177265e-05 1.0512772e-06 0.0024022541 6.6650064e-05 0.0013549379 0.00014902967 1.6769804e-05 0.012510887 2.8955677e-05 0.016723761 2.7637424e-07 1.6472302e-05 0.006847292 2.0302187e-07 3.229072e-07 0.32579455 2.0034959e-06 0.00018176639 4.6354828e-05 0.004526276 0.045575947 4.1898006e-06 1.077633e-06 2.0330583e-06 2.0520847e-05 8.447914e-06 0.120316096 0.62624216 0.00038263257 3.6113056e-07 5.3155677e-06 3.5498797e-05 0.00012122326 4.542933e-07 4.850664e-06 0.032234434 0.0016502013 1.4060996e-07 1.4478495e-07 0.0015699996 0.0005172261 0.11629013 4.818719e-07 0.22733451 1.3563249e-06 4.3409637e-10 0.00052046933 3.9773792e-07 1.0258231e-08 1.5570434e-06 0.010819989 4.678672e-08 4.6648e-07 1.4907847e-09 9.750167e-06 2.017815e-07 1.9235771e-05 4.0433115e-06 4.5822794e-06
0.68499875 0.057153698 0.0011035904 0.0066356896 0.00012314973 2.1633587e-05 0.028529359 0.9882915 0.006560221 3.4818553e-17 0.00039194763 0.995368 0.0035483418 1.8564541e-06 0.45258456 0.062178295 0.41071698 0.4709604 2.8754039e-06 0.0003574122 0.50631684 1.7922699e-07 0.04310778 0.028334195 1.3460216e-06 0.0973552 6.2090367e-06 0.0083249165 6.6688335e-07 0.40165836 9.992028e-07 0.0014086834 1.0230851e-05 9.14121e-05 0.0008312001 0.023602722 9.178514e-06 0.003305378 0.085174784 0.00047860763 0.002920238 0.00019377295 4.7394172e-07 1.795666e-07 0.00065174454 2.1300677e-06 0.030479746 0.004547353 0.006446394 6.107917e-07 0.0011434252 0.052576233 1.0483211e-07 0.0002808391 0.056280896 7.68837e-08 3.0595583e-08 0.0003678308 0.00085602625 5.363661e-05 9.985498e-06 0.0011729372 9.474271e-06 0.00069549325 1.4159883e-06 3.6025685e-05 0.00041134364 9.562616e-07 0.16920029 0.094744846 1.3850779e-05 1.9212047e-07 3.901285e-06 9.073221e-07 0.05121152 6.717806e-07 1.7613725e-06 0.007587532 1.7577545e-08 2.7252685e-08 1.2529106e-08 1.8764595e-06 0.0018807173 0.0025544502 3.3904097e-08 0.0009483745 1.6079868e-08 3.5188965e-09 0.0030166253 3.048818e-07 1.8921869e-06 1.7650808e-07 3.3726494e-05 8.89045e-09 3.20348e-08 2.1402662e-09 1.9247725e-06 5.3209785e-08 2.8920076e-07 1.3420328e-06 2.2580025e-06
0.9350646 0.4988628 0.91644794 0.15461886 0.35193565 0.15287995 0.9117171 0.0029375337 0.04991637 0.00039194763 1.3349169e-13 0.00031843307 0.97126126 0.88511205 0.0059274035 0.1949694 0.00023926237 9.2936054e-05 0.14536299 0.9487968 0.00414949 0.04585753 0.005432974 7.317561e-06 0.049140368 0.00029711303 0.022858284 0.0043460554 0.0140212 1.2990611e-05 0.009479342 0.46211126 0.037391882 0.40771687 0.0030438085 3.4311247e-06 0.119458914 3.0764073e-05 0.0020869493 2.342085e-06 0.16195607 0.0076976125 0.0008456999 0.005135844 0.18309645 0.0016693812 0.0037065744 0.0005021628 1.6058644e-06 0.0010809129 0.00010941201 0.058517244 0.0016990378 3.642216e-05 9.324447e-05 0.00021405086 0.00023750098 0.004502225 7.269574e-06 0.07153065 0.019990353 0.096907414 0.0007089299 2.4105857e-05 0.00016014675 5.8122407e-07 1.6118282e-06 0.0063268365 2.332577e-05 0.00096319674 0.016597772 8.8014e-05 0.0068740724 0.00036759023 1.3825988e-06 0.00012042738 2.5016023e-05 2.1812539e-05 1.7838021e-05 2.3514927e-05 1.7303504e-05 3.4791545e-05 0.03088231 0.00041542886 1.1221581e-05 0.0020538175 0.00026995182 3.094083e-06 0.0016632472 4.9082377e-07 1.4604886e-07 0.00016511946 0.00014854256 1.436813e-06 6.0109955e-06 4.1987846e-08 0.00043825468 4.6592363e-06 7.361796e-05 0.00015151736 0.00076082366
0.69015795 0.00656034 0.00017570658 0.0013018772 4.549411e-05 8.719414e-06 0.04031336 0.8970431 0.0040364326 0.995368 0.00031843307 7.5381517e-16 0.0017336351 4.067809e-06 0.6666441 0.115831666 0.7409117 0.8796382 1.2152553e-05 0.00023288286 0.29130718 5.58549e-07 0.06009201 0.13860445 6.823918e-06 0.25013527 3.482353e-06 0.0047993655 1.3003731e-06 0.63813573 2.1550736e-06 0.001535846 2.0228264e-05 4.9900413e-05 0.00055529806 0.09540269 3.062716e-05 0.026665444 0.0436972 0.006497741 0.0041044923 6.939339e-05 4.700894e-07 9.46093e-07 0.001276788 6.0840557e-06 0.054262683 0.018519145 0.023460886 2.544399e-07 0.0076056975 0.10076874 3.4674648e-07 0.007265894 0.10334803 4.7772176e-07 1.217723e-07 0.00023588972 0.0021160543 9.83345e-05 4.7184465e-05 0.001981341 3.2284282e-05 0.004651015 3.59062e-06 0.00030309442 0.0032378128 6.0323755e-06 0.14221698 0.054808926 3.3119675e-05 3.7442496e-07 4.6211003e-06 1.4151067e-06 0.058519088 1.3067045e-06 7.760793e-06 0.007169033 3.3519587e-08 6.157662e-08 3.464211e-08 7.633084e-07 0.0014274928 0.0022514723 7.786019e-08 0.00024328553 4.9848584e-08 6.3682775e-09 0.007117936 0.00012793195 5.166214e-06 1.878892e-07 1.681405e-05 2.107142e-08 1.385083e-07 5.880167e-08 1.5044682e-06 5.5350224e-08 2.5196698e-07 5.7194626e-07 4.2713905e-06
0.90600777 0.5609779 0.75715446 0.28643963 0.19522251 0.094708204 0.9608948 0.031981334 0.1293292 0.0035483418 0.97126126 0.0017336351 2.1779824e-14 0.20728074 0.047811616 0.8927782 0.00056143344 0.00023302459 0.033600446 0.91632736 0.03412589 0.0047524665 0.045834936 6.93709e-05 0.0036835987 0.0006722729 0.004217179 0.007718132 0.00068029604 0.00022572213 0.00071368896 0.37902784 0.0077876286 0.12856951 0.004839965 1.7587296e-05 0.015117508 0.00019356869 0.008663114 8.620715e-06 0.53212327 0.0008350608 0.00020433232 0.0003530475 0.23183352 0.00040441292 0.008460274 0.0019675116 2.4101018e-06 4.1010335e-05 0.0005188139 0.09397264 0.00013492155 0.00017400451 0.00011682111 3.8423343e-05 3.2580032e-05 0.001076244 6.2701576e-05 0.03008902 0.005238771 0.12529416 0.00021741503 3.6349396e-05 5.4228716e-05 4.472453e-06 3.0705726e-06 0.000996285 0.00049805536 0.0019768216 0.007013429 2.0379199e-05 0.0027747406 3.7825197e-05 3.0196775e-06 3.208019e-05 3.2805403e-06 6.3585925e-05 1.7992669e-06 1.9306021e-06 3.9062604e-07 1.0939525e-05 0.045227777 0.00033471483 2.0583066e-06 0.0033059658 6.325944e-05 5.324327e-07 0.008462203 1.1306218e-05 5.1592764e-08 2.6180365e-05 0.00018365435 1.5968837e-07 3.1516802e-06 1.4577988e-07 0.00018811502 8.928499e-07 6.306526e-06 1.182574e-05 0.00034474867
0.95605534 0.0031864224 0.39295757 0.00087344064 0.03634336 0.054145817 0.09515946 1.4164576e-05 0.00077995274 1.8564541e-06 0.88511205 4.067809e-06 0.20728074 1.2597426e-15 0.00020011645 0.023377305 3.494139e-06 1.490288e-06 0.3148236 0.586689 6.7075152e-06 0.86532235 0.0006591907 2.5530433e-08 0.9536781 2.0189353e-05 0.31207764 5.123491e-05 0.51896536 6.455807e-07 0.50481224 0.33917817 0.090008214 0.8599177 0.0005341316 3.345323e-08 0.9272996 6.093137e-06 1.3721815e-05 2.1434631e-07 0.05514756 0.009640537 0.056146547 0.039494283 0.21607462 0.087418266 0.0014192879 0.0004192771 8.0167965e-08 0.0030057842 2.119451e-05 0.017731307 0.005357905 1.0172448e-05 1.2796324e-05 0.011490588 0.0021817607 0.0012180157 1.0869512e-06 0.27607527 0.11905646 0.08742112 0.00012017715 1.366878e-06 0.0027672488 4.4078257e-07 2.3366427e-07 0.006139135 2.9279934e-07 3.434279e-05 0.04560362 7.09236e-05 0.009540514 0.004451159 8.995008e-09 1.8647383e-05 0.00039081185 1.5622584e-06 1.734742e-05 0.00033317631 3.2604246e-05 1.8430177e-06 0.029338766 1.1091983e-06 0.00016449267 0.00019878196 8.8195404e-05 8.918397e-07 0.0009650729 1.93103e-07 4.5480636e-08 3.8416274e-05 3.7977309e-06 3.3544995e-05 3.1029555e-05 1.563057e-08 0.00022471156 3.4359326e-07 7.3032834e-06 0.0003045321 0.00021134352
0.96634585 0.030193537 0.010588452 0.0048439805 0.000377142 8.3748404e-05 0.20345299 0.92007244 0.0037106597 0.45258456 0.0059274035 0.6666441 0.047811616 0.00020011645 3.7989305e-17 0.8893518 0.95809233 0.5860521 7.046961e-06 0.00596766 0.07842068 6.0097054e-06 0.8397634 0.17227657 2.1809316e-05 0.78342 3.2208787e-05 0.0010806263 9.57901e-07 0.067517124 7.0592296e-06 0.0067068925 8.587613e-06 0.0012196332 0.000112170506 0.05009186 3.2687214e-05 0.036484748 0.0041966015 0.007074903 0.13386606 3.623366e-05 1.8377197e-07 1.4748093e-06 0.019775279 2.3862044e-06 0.38021594 0.21167648 0.0013149766 1.5536616e-06 0.016857056 0.7170808 3.5278345e-07 0.00694262 0.0052243294 9.920503e-07 5.9079348e-08 2.2363096e-05 0.002240789 0.0010328745 0.00010549822 0.028031327 7.956925e-07 0.0018530671 7.0553557e-07 9.2753035e-05 0.0002181284 4.792e-06 0.009573052 0.002285126 0.0006573171 4.7837005e-07 0.0001777423 1.7386899e-06 0.0034490852 1.8345642e-07 6.3048935e-07 0.0004653231 1.7037584e-08 1.1149082e-08 1.7604386e-08 1.6438389e-07 0.02377585 0.0004188155 9.628876e-08 6.879869e-05 2.4923415e-07 8.957804e-09 0.0346125 1.0153664e-05 1.1058976e-06 2.7035773e-07 1.4135805e-05 2.2153036e-07 2.5168407e-07 8.814003e-08 9.276873e-06 2.3091752e-07 1.1254274e-06 8.190411e-08 1.0144842e-06
0.767551 0.21157472 0.15894067 0.023792803 0.006326517 0.0032186727 0.91272575 0.5787932 0.008972785 0.062178295 0.1949694 0.115831666 0.8927782 0.023377305 0.8893518 7.433293e-17 0.04621428 0.014845419 0.00045421932 0.5982032 0.022784999 0.00047133176 0.99346566 0.003601459 0.0013867638 0.040116303 0.00016446192 0.00093872345 5.0859668e-05 0.0016737211 0.000115581955 0.10205003 4.239013e-05 0.014734541 0.00025938815 0.00049644144 0.004220881 0.0018018762 0.0019046122 0.0001361191 0.5137041 2.0783382e-05 4.4641624e-07 0.00011034283 0.12867872 1.3499605e-06 0.083932854 0.030037701 1.6142489e-05 1.00112246e-07 0.0039451406 0.23016207 1.7972407e-05 0.0014681185 0.00010226193 1.4743507e-06 5.171351e-06 5.8546935e-05 0.00055970246 0.011484813 0.0018281591 0.06029203 1.898776e-06 2.4198498e-05 1.2258694e-06 3.824341e-05 4.7187004e-06 0.00022613214 0.0005271069 0.00089773646 0.0012497724 2.1643918e-06 0.000947574 1.0201189e-06 7.0854294e-05 3.1511584e-07 6.4416156e-08 7.010226e-05 2.231864e-08 2.5794845e-08 2.1087661e-08 1.1985638e-07 0.034595635 0.0005481685 3.933377e-09 0.0017044258 1.3656579e-05 3.81765e-09 0.017124536 1.34445845e-05 1.6405993e-08 4.997482e-08 4.3966833e-05 3.3094447e-09 2.4125473e-09 3.9915736e-08 4.5519846e-05 2.0025608e-09 9.134136e-08 7.174572e-07 1.8504614e-05
0.84354365 0.0010160668 0.0001547162 0.00011581873 2.3390103e-05 3.1143766e-06 0.0047542593 0.74934703 0.0001948548 0.41071698 0.00023926237 0.7409117 0.00056143344 3.494139e-06 0.95809233 0.04621428 5.5557857e-15 0.9301177 3.130933e-07 0.00024195002 0.018157072 1.1679347e-06 0.04496452 0.7334116 1.9384818e-06 0.96698433 2.6955588e-06 0.0001522265 5.250801e-07 0.3361802 3.1217512e-06 0.0007204003 4.364815e-07 5.456748e-05 1.7898617e-05 0.4276805 4.8835736e-06 0.3266256 0.0008963634 0.1596574 0.0053306273 2.134049e-06 9.273746e-07 3.80404e-07 0.0013613227 3.610424e-07 0.20659524 0.17605026 0.03387796 1.3777411e-07 0.07969247 0.111075975 2.1944153e-07 0.033441797 0.015249997 3.0374184e-07 2.4844175e-07 5.6225696e-07 0.008442043 0.00037033518 5.506368e-05 0.003895896 1.1753742e-06 0.017305568 7.817791e-06 0.00039678175 0.0021371185 4.7191506e-06 0.0022094015 0.00021536788 9.619876e-05 2.7161175e-06 6.5421705e-06 2.4875115e-07 0.0032620528 1.1745304e-06 1.015209e-06 0.00014277012 5.320512e-08 3.2183236e-09 1.0792135e-08 7.64755e-08 0.0048180833 4.7270263e-05 1.5733644e-08 4.1729513e-07 5.057864e-07 7.662177e-09 0.020866804 5.0923492e-05 3.994127e-05 1.4428218e-06 5.547904e-07 6.868622e-08 1.4625265e-07 1.1747042e-06 4.6227574e-06 9.159098e-07 1.2216673e-05 1.6659004e-07 3.6487538e-06
0.7821986 0.0005195685 7.971584e-05 9.41412e-05 1.472331e-05 4.893434e-06 0.0015876181 0.32909936 0.00016528064 0.4709604 9.2936054e-05 0.8796382 0.00023302459 1.490288e-06 0.5860521 0.014845419 0.9301177 3.119569e-16 1.3437675e-07 0.00015267618 0.038650103 2.3744037e-07 0.019439798 0.99199927 2.1390513e-06 0.6566636 2.3543426e-07 0.00018531024 2.8350058e-07 0.7529391 5.5606375e-07 0.00049898605 1.513777e-06 1.8829462e-05 5.239537e-05 0.57332236 1.4061478e-05 0.47952667 0.0029816625 0.4913095 0.0038084835 2.8844233e-06 8.3011635e-08 2.5524872e-07 0.00064281956 1.9247673e-06 0.1466157 0.10196573 0.19829121 2.3319363e-07 0.08736203 0.08731888 4.6596583e-08 0.16748852 0.09630931 1.1753232e-07 1.9047155e-08 1.5641464e-05 0.012583088 6.849101e-05 1.433693e-05 0.00198298 3.7926948e-05 0.046102554 7.235016e-07 0.0032439528 0.013181351 4.08695e-07 0.020365559 0.0017364414 2.0230482e-05 6.171911e-07 1.76463e-05 4.0071444e-07 0.019734537 3.903548e-06 4.980226e-06 0.00044826246 1.8121622e-07 7.7328e-08 4.0325904e-08 8.3488e-06 0.001954665 0.00021602263 3.420289e-07 2.0246143e-06 2.9072373e-08 3.6262935e-09 0.01527136 8.616132e-05 0.00082690414 9.4679524e-07 8.5528845e-06 2.8469947e-07 8.42647e-06 2.889248e-07 1.2936838e-06 3.797914e-07 3.423685e-06 8.594261e-07 2.724731e-06
0.92055154 0.05355389 0.5030205 0.035770696 0.7034609 0.9325406 0.027908716 2.020978e-06 0.023667887 2.8754039e-06 0.14536299 1.2152553e-05 0.033600446 0.3148236 7.046961e-06 0.00045421932 3.130933e-07 1.3437675e-07 4.23958e-18 0.0018668654 9.354418e-05 0.47808203 3.9664134e-05 8.3657187e-10 0.024491923 1.6434901e-06 0.97763085 0.0047772 0.33331037 1.3659744e-07 0.016244663 0.052552033 0.9729619 0.10571704 0.008242596 8.4194085e-10 0.04869795 6.097627e-07 0.00015993354 5.17837e-09 0.00034297424 0.5369599 0.10161689 0.0002203873 0.003838277 0.3542001 5.4584136e-05 1.2429903e-05 1.0983413e-08 0.09396054 4.873373e-07 0.0019661188 5.454214e-05 2.6484597e-07 1.9851502e-06 3.798443e-05 9.45381e-06 0.04221839 6.8122495e-07 0.005022032 0.00084844127 0.0044607515 0.013399413 1.2156539e-07 0.0017609332 2.2302439e-07 3.6183224e-08 0.00011957559 3.232017e-07 6.418685e-05 0.003642944 2.1467251e-06 0.00011233837 0.21277714 5.6160895e-11 1.0337288e-06 7.5896845e-05 8.040368e-07 0.010885614 0.0001591867 5.216794e-06 0.00018833745 0.0011144633 1.7101702e-05 0.00082786055 0.00376888 2.625034e-05 2.1494678e-08 0.0005311912 9.402446e-09 6.6050707e-09 4.7032145e-06 3.9157607e-05 1.44594815e-05 1.7413723e-07 1.0115863e-09 0.00038653958 5.3924673e-08 7.4251545e-07 0.00019100255 3.395155e-05
0.84140444 0.029737998 0.22533186 0.00753149 0.019150728 0.00860668 0.28315324 0.0009998234 0.0030202332 0.0003574122 0.9487968 0.00023288286 0.91632736 0.586689 0.00596766 0.5982032 0.00024195002 0.00015267618 0.0018668654 1.00263276e-13 0.0003621145 0.004615025 0.014609681 1.028444e-05 0.01889963 0.0006595626 0.0009795341 0.00022580932 0.0011945477 2.5391171e-05 0.009292462 0.9564271 0.0010708296 0.79279274 0.00043544505 3.2927799e-06 0.25206906 0.00010153902 0.00012317982 9.282864e-06 0.46879837 0.00014814502 0.00013388945 0.0068551265 0.4664654 7.238689e-05 0.003873418 0.0008619925 1.8899281e-07 7.561537e-05 0.00032310298 0.030782456 0.00079231797 8.9829555e-05 8.844261e-05 0.00016047867 0.00024617845 0.00012788328 1.4132394e-05 0.2813988 0.05889906 0.13405332 0.00014415373 4.127922e-06 3.6288886e-05 5.641949e-07 6.258126e-07 0.0110556865 4.771422e-07 0.00028499737 0.025647998 8.374489e-05 0.016159842 1.071909e-05 4.9404466e-08 8.549041e-05 1.0628738e-05 8.864093e-06 8.262688e-07 4.2674384e-07 6.599392e-07 1.1792449e-05 0.039446976 0.00042063725 8.6661075e-08 0.00053631293 0.00053422333 4.2904705e-07 0.0017909085 9.054023e-07 3.4130978e-09 3.0464493e-05 1.6390944e-05 1.1177762e-08 1.865414e-07 3.0835196e-08 0.00029572137 3.7107507e-06 4.169359e-05 0.0001696833 0.00048319565
0.9751931 0.59565073 0.035030004 0.7626771 0.029552093 0.013439124 0.17869355 0.38825276 0.81306326 0.50631684 0.00414949 0.29130718 0.03412589 6.7075152e-06 0.07842068 0.022784999 0.018157072 0.038650103 9.354418e-05 0.0003621145 7.31178e-15 1.9236936e-06 0.043826964 0.013528682 4.9691033e-07 0.018596299 1.1903791e-05 0.72454417 8.005508e-07 0.16963409 2.8064712e-06 0.020281516 9.640421e-05 0.0017045477 0.098813914 0.006335543 0.00010025552 0.010332243 0.98131305 0.00024751603 0.0013624163 0.00035146324 9.050319e-07 1.0438712e-06 0.002125762 5.763741e-06 0.06596976 0.006723549 0.007547607 1.15713465e-05 0.0023147594 0.41437817 1.6240867e-07 0.0014796471 0.77886003 9.804303e-08 3.4182412e-07 0.00749996 0.0010460558 0.00015854204 0.000105814404 0.0065870835 0.00041475391 0.00018754647 2.3226314e-06 0.0001624969 0.008730918 7.711282e-06 0.7223915 0.5725285 0.00037752377 6.648818e-07 6.8618226e-07 1.0320438e-05 0.088690735 4.421576e-07 3.4975226e-06 0.15161178 1.0034586e-05 2.1228704e-08 6.0774326e-08 0.00033585844 0.0003829752 0.11813636 6.4716117e-09 0.041466713 7.549899e-07 9.480686e-10 0.0092655 9.846743e-06 4.5811216e-06 3.1255165e-06 0.0048785005 1.1405243e-07 2.557614e-07 5.7458243e-09 6.585959e-06 1.1287153e-06 2.1795486e-05 2.9551316e-05 3.2957505e-05
0.97195506 1.8043092e-05 0.0057173227 1.1716391e-05 0.0012804864 0.008985707 0.0016331759 3.1171356e-07 2.8902543e-05 1.7922699e-07 0.04585753 5.58549e-07 0.0047524665 0.86532235 6.0097054e-06 0.00047133176 1.1679347e-06 2.3744037e-07 0.47808203 0.004615025 1.9236936e-06 1.0207702e-15 1.5965063e-05 1.3977787e-08 0.9370432 3.838937e-06 0.796162 1.0260858e-05 0.98173773 8.4606404e-07 0.56384677 0.055543873 0.24717632 0.23871696 0.00025591938 1.729358e-08 0.50360507 1.2217996e-06 1.1749545e-05 2.3565103e-07 0.0010958295 0.013808266 0.63478494 0.0827102 0.011839391 0.7865512 0.00021621163 2.3452243e-05 4.6061692e-07 0.0038760917 4.99193e-07 0.0047075027 0.008291983 7.7600635e-07 6.3701577e-06 0.117411226 0.017814469 0.0005238341 4.6512426e-07 0.06953712 0.033182375 0.009429783 0.0001451824 2.8482276e-07 0.2331113 8.271608e-08 2.62352e-07 0.004287918 2.3347671e-07 2.5364136e-05 0.051146027 0.00025540276 0.0009637591 0.07177822 2.232408e-09 4.9120263e-05 0.035980236 8.024021e-07 0.00012266249 0.0051191812 0.00029513476 7.249759e-06 0.0035484058 4.22082e-07 0.0020811814 2.191945e-05 0.00033101032 1.6941376e-06 0.00028263766 4.8935917e-08 4.0056527e-08 1.1069416e-05 1.976604e-06 0.0024613535 0.00034086776 5.4338143e-09 0.0003924874 1.4559328e-07 3.5454864e-06 0.00080203 0.0001046388
0.9696456 0.015375996 0.0112012355 0.0043408824 0.00056015793 0.00054428476 0.09006664 0.26400396 0.0028157686 0.04310778 0.005432974 0.06009201 0.045834936 0.0006591907 0.8397634 0.99346566 0.04496452 0.019439798 3.9664134e-05 0.014609681 0.043826964 1.5965063e-05 5.335017e-14 0.006950327 6.4083964e-05 0.13005841 6.375279e-05 0.00051622896 1.7227622e-06 0.004971225 4.771699e-05 0.035810314 2.426806e-05 0.009651465 0.00017966675 0.0027769948 0.0013638638 0.006399932 0.0031532708 0.00019199036 0.73717207 1.2544645e-05 3.2367998e-06 6.535616e-06 0.2046268 4.0899726e-05 0.5904748 0.35330632 9.227246e-05 3.1359934e-06 0.010690058 0.88498604 4.3848772e-06 0.001809283 0.0002942245 5.683516e-07 1.0438056e-06 7.0564e-05 0.0015374843 0.009002789 0.0009418346 0.17494692 1.2261436e-05 0.000147757 4.310758e-06 5.2887808e-05 2.4724317e-05 0.00011433249 0.0048527494 0.005462546 0.0036270102 4.2942547e-06 0.0007869318 4.352426e-06 0.0006967499 9.562671e-07 1.3509117e-05 0.00066753087 2.2915175e-07 1.2087226e-07 2.080478e-07 2.9355925e-07 0.11610712 0.00035047 4.4044664e-06 0.00019725853 1.3428758e-05 5.7434058e-08 0.10098834 9.78613e-05 2.5426973e-06 1.2307489e-05 1.11356985e-05 3.065059e-07 1.2489298e-06 5.5763383e-08 0.00011518944 3.3783886e-07 5.1509096e-06 3.139321e-06 2.3958821e-06
0.7806594 6.9874186e-05 2.7125373e-06 8.089226e-06 1.2835746e-06 9.9515965e-08 0.0005007202 0.008055599 1.3485072e-05 0.028334195 7.317561e-06 0.13860445 6.93709e-05 2.5530433e-08 0.17227657 0.003601459 0.7334116 0.99199927 8.3657187e-10 1.028444e-05 0.013528682 1.3977787e-08 0.006950327 2.0035152e-17 1.2830635e-07 0.52007365 1.4462341e-08 2.0663794e-05 5.6798366e-09 0.8206585 3.1214984e-08 2.5807483e-05 4.3598035e-08 1.1965554e-06 2.8688603e-06 0.9296561 1.8220747e-07 0.57188904 0.00044822312 0.93301755 0.0005598367 2.53033e-07 1.6272393e-08 7.05504e-09 5.7128444e-05 4.2640433e-08 0.15685645 0.13112102 0.34107083 1.3387576e-08 0.12630582 0.037889253 3.620578e-09 0.3094875 0.055119984 1.0228846e-08 4.809624e-09 2.4287277e-07 0.044172443 1.945746e-06 3.5186716e-07 0.0005851926 6.787788e-07 0.10522026 5.175315e-07 0.009323362 0.022808086 1.8342503e-08 0.003306502 8.837171e-05 8.195346e-07 5.4551474e-08 2.7368318e-07 3.3063234e-08 0.0061946176 1.568996e-07 4.9675674e-07 7.008535e-05 1.4463526e-08 2.9826401e-09 4.259335e-09 1.0704298e-07 0.0006059591 1.1565335e-05 1.7133718e-08 2.3354261e-07 9.414393e-10 3.5103676e-10 0.01601576 3.253659e-05 0.017480196 1.8539694e-07 9.1493206e-07 2.0638652e-08 2.914729e-07 1.2123255e-07 2.7097414e-07 1.473986e-07 9.4835235e-07 4.97056e-08 6.4859836e-07
0.85678995 4.1479627e-05 0.0048353057 1.3477603e-05 0.0008317263 0.0012097016 0.00051112904 4.443132e-06 1.0358372e-05 1.3460216e-06 0.049140368 6.823918e-06 0.0036835987 0.9536781 2.1809316e-05 0.0013867638 1.9384818e-06 2.1390513e-06 0.024491923 0.01889963 4.9691033e-07 0.9370432 6.4083964e-05 1.2830635e-07 6.278089e-17 5.403098e-06 0.14938194 3.1833526e-06 0.73199505 4.0998913e-07 0.9877876 0.023128845 0.005839552 0.21727319 3.714373e-06 7.241729e-08 0.77052194 1.2350304e-06 2.4941878e-06 1.2418292e-07 0.004226147 0.0011022771 0.24999405 0.19730683 0.016565014 0.16311035 0.00011835969 8.2923696e-05 1.488404e-07 0.00030389527 2.0324687e-06 0.0015552962 0.023795068 2.8524585e-06 6.645211e-05 0.37282172 0.020645909 3.2159493e-05 2.598661e-07 0.097837865 0.22267875 0.010896571 1.7622486e-05 4.153063e-06 0.07262905 9.347715e-08 2.3748021e-07 0.031837348 2.805755e-07 3.2028695e-06 0.032235198 0.00037272825 0.007771347 0.0033407914 1.0113552e-08 0.0003547186 0.005136944 2.8183783e-07 3.299655e-06 0.002086451 5.4104326e-05 1.366637e-06 0.015465593 4.51311e-06 0.0002722373 2.988914e-05 0.00024235624 3.218103e-05 0.00021207379 1.1991422e-07 2.9721924e-08 0.00016160565 6.389966e-07 0.00070195505 0.0011837917 1.6016017e-08 0.00045178662 3.7219788e-06 2.2066608e-05 0.00034841712 0.00022089275
0.9496414 0.0010837824 0.0005979966 0.0001697445 4.3209755e-05 1.1999991e-05 0.002717465 0.19701055 0.00027152838 0.0973552 0.00029711303 0.25013527 0.0006722729 2.0189353e-05 0.78342 0.040116303 0.96698433 0.6566636 1.6434901e-06 0.0006595626 0.018596299 3.838937e-06 0.13005841 0.52007365 5.403098e-06 2.4288024e-14 1.1087577e-05 0.00012991944 6.0370513e-07 0.13881786 3.8268854e-06 0.0009452931 4.3253153e-06 0.00014519667 3.5099714e-05 0.2842917 1.180789e-05 0.57589453 0.00079185533 0.12126951 0.04227417 5.6375147e-06 2.4446967e-07 1.6400895e-06 0.0036966864 2.5709653e-06 0.8497242 0.9395352 0.0099835 5.750383e-06 0.27663904 0.23477763 6.3202265e-07 0.039754525 0.0050087213 2.7979289e-07 2.6458343e-07 9.449505e-07 0.007395946 0.00056971516 4.2311658e-05 0.013725166 9.47329e-07 0.013667316 3.7097743e-06 0.0012748046 0.00075329945 5.099972e-06 0.00147441 0.00035163356 0.00060990907 8.900597e-07 3.4236084e-05 1.1519942e-06 0.0028012423 1.8189617e-07 3.0219621e-06 0.00012659135 3.9036035e-08 3.6101377e-09 7.716971e-09 6.950635e-08 0.020165654 2.9145456e-05 1.235732e-07 3.372131e-07 7.669254e-07 8.015023e-08 0.076667175 0.00010431996 0.00012009364 1.5218075e-06 4.7099834e-06 5.2836278e-09 2.0831114e-06 5.779295e-06 1.4079716e-05 1.15085e-06 8.504068e-06 3.5297948e-08 2.9733e-07
0.87237173 0.0005687247 0.030362234 0.0008485801 0.031055551 0.18321949 0.0021646665 1.0585861e-06 0.00036993576 6.2090367e-06 0.022858284 3.482353e-06 0.004217179 0.31207764 3.2208787e-05 0.00016446192 2.6955588e-06 2.3543426e-07 0.97763085 0.0009795341 1.1903791e-05 0.796162 6.375279e-05 1.4462341e-08 0.14938194 1.1087577e-05 7.6190995e-16 0.000100415215 0.8279527 8.7009516e-07 0.12754963 0.023292396 0.69213414 0.065213434 0.0006081306 2.7149547e-08 0.08242563 2.1950905e-06 7.711778e-05 5.994119e-08 0.00020804889 0.11348058 0.7706831 0.0074525536 0.0034633274 0.9814513 8.8057575e-05 1.5603637e-05 9.393421e-07 0.062639005 6.7761914e-07 0.0010434996 0.0020909128 1.5183023e-06 1.1378057e-06 0.010629301 0.0018011101 0.004439168 1.9783915e-06 0.008457665 0.0029403195 0.0044627734 0.004314686 2.5568139e-07 0.052504916 6.886279e-08 3.3849886e-08 0.00075975165 2.1108599e-07 2.2040085e-05 0.010359756 5.7359975e-05 0.00058922905 0.63931715 1.4389089e-09 0.00015791069 0.005351787 6.92355e-08 0.008947786 0.0017384829 0.0017411085 6.6265035e-05 0.0013009624 2.6258645e-06 0.009786924 0.00023712937 0.00065211044 1.2344888e-06 0.00037970408 5.1360956e-08 2.4694138e-10 8.759854e-06 9.924047e-06 0.00037006137 9.871211e-05 4.24843e-09 0.0012198088 7.0171615e-07 3.189397e-06 0.00020646372 0.0004332817
0.66422886 0.47716838 0.07980317 0.7712208 0.20732449 0.3123255 0.038921308 0.007065559 0.9568478 0.0083249165 0.0043460554 0.0047993655 0.007718132 5.123491e-05 0.0010806263 0.00093872345 0.0001522265 0.00018531024 0.0047772 0.00022580932 0.72454417 1.0260858e-05 0.00051622896 2.0663794e-05 3.1833526e-06 0.00012991944 0.000100415215 2.8434353e-16 1.3903305e-05 0.0008164225 7.769939e-06 0.0019257652 0.011929994 0.00038064353 0.99245965 1.4966583e-05 0.00017992119 0.000107143744 0.8579783 7.455108e-06 0.00013003075 0.0366287 1.419989e-05 3.9617672e-07 0.00030960314 1.9308369e-05 0.00022779444 0.00026954588 0.0003003786 0.011285712 4.147777e-05 0.0032588283 1.1921662e-07 0.00015130425 0.03185952 2.9301273e-07 5.151064e-07 0.6394959 0.00012143582 0.000110331355 0.0001968295 0.0007708084 0.07855189 6.6724315e-06 4.028593e-06 2.3268803e-05 1.225337e-05 0.00012676495 0.10920884 0.6368766 0.0011840124 9.166802e-06 1.11356885e-05 3.672689e-06 0.00020001647 3.7865166e-06 3.207104e-07 0.1266836 0.0036798536 1.0453974e-08 1.14162454e-07 0.08197144 4.318747e-05 0.3850925 3.5183933e-07 0.5444141 4.34693e-06 2.3577003e-08 0.0005619946 4.956182e-07 1.6108908e-08 4.2994016e-06 0.05784107 4.9321137e-08 2.2223e-06 2.4770067e-08 3.852847e-05 4.1636827e-06 2.0189122e-05 7.183816e-05 2.7512693e-05
0.84870976 3.1888296e-05 0.0048429114 1.2943867e-05 0.0013937582 0.0153531 0.00035496106 5.059461e-07 1.4338243e-05 6.6688335e-07 0.0140212 1.3003731e-06 0.00068029604 0.51896536 9.57901e-07 5.0859668e-05 5.250801e-07 2.8350058e-07 0.33331037 0.0011945477 8.005508e-07 0.98173773 1.7227622e-06 5.6798366e-09 0.73199505 6.0370513e-07 0.8279527 1.3903305e-05 6.6496295e-16 7.383908e-07 0.6488991 0.0072833914 0.05985218 0.060058318 6.290335e-05 2.0194657e-08 0.1962121 1.05259275e-07 1.2169533e-05 1.5661003e-07 0.00040792578 0.009168734 0.9821554 0.042743918 0.0027701003 0.54264086 3.6441256e-06 2.6975235e-06 1.06358755e-07 0.0015442388 4.805399e-08 0.0003186764 0.03253876 1.8469731e-06 9.6477794e-05 0.45718578 0.06776628 0.00010516823 3.011049e-07 0.019269137 0.01852936 0.0032622241 8.329368e-05 1.5197902e-06 0.19699441 8.235303e-07 1.2566059e-06 0.0061760894 1.2740382e-07 7.8593877e-07 0.022517145 0.00052838854 0.0017982739 0.055465538 1.9635403e-08 0.0003448108 0.031257223 5.718279e-07 8.185348e-05 0.016425675 0.0006736293 6.073811e-06 0.002653548 3.6145082e-06 0.003740153 1.2088391e-05 0.0008211424 3.4774792e-05 0.00018275106 5.6098997e-08 2.6955215e-07 5.5252414e-05 1.0276469e-05 0.009686298 0.01858408 8.082936e-09 0.00048362877 9.857421e-07 8.47491e-05 0.0005557153 0.00030330347
0.8664008 0.0012766217 7.245948e-05 0.00020143764 1.1306402e-05 1.5277973e-06 0.00047035646 0.17909546 0.00028749925 0.40165836 1.2990611e-05 0.63813573 0.00022572213 6.455807e-07 0.067517124 0.0016737211 0.3361802 0.7529391 1.3659744e-07 2.5391171e-05 0.16963409 8.4606404e-07 0.004971225 0.8206585 4.0998913e-07 0.13881786 8.7009516e-07 0.0008164225 7.383908e-07 1.452807e-14 9.902582e-07 4.7298672e-05 3.483198e-05 4.0307104e-06 0.00052610924 0.9662829 1.2181974e-06 0.13341095 0.02099917 0.18882193 0.00020189556 1.5054578e-05 2.6306316e-06 1.1978445e-06 8.351344e-05 1.457197e-05 0.09769274 0.023834154 0.9845881 2.605407e-06 0.024587706 0.017203268 3.1040773e-07 0.031920537 0.8890317 1.3960456e-06 2.6215739e-07 8.57185e-05 0.020805843 8.248387e-06 4.7503113e-06 0.00068061496 6.133724e-05 0.3596205 8.064716e-06 0.0033596512 0.53794956 2.2595923e-06 0.36095262 0.021197332 6.6788205e-05 1.2221765e-05 6.610969e-07 3.449251e-06 0.30628535 1.9369647e-06 2.4849745e-05 0.013667746 2.6470207e-07 6.9938814e-08 4.0611903e-07 1.1549831e-06 0.0005789361 0.0040216073 1.6216381e-07 2.1059197e-05 1.0043897e-06 7.582597e-08 0.008081801 2.356526e-05 0.013732446 7.162141e-06 0.00023750098 1.6826971e-06 1.1226757e-06 8.946279e-07 2.8320766e-05 4.3581913e-06 2.2218223e-05 3.007542e-07 3.7847979e-06
0.86051744 9.735124e-06 0.00044924935 1.1235619e-05 0.0001253384 0.00012783962 8.1127706e-05 1.6938016e-06 1.549101e-05 9.992028e-07 0.009479342 2.1550736e-06 0.00071368896 0.50481224 7.0592296e-06 0.000115581955 3.1217512e-06 5.5606375e-07 0.016244663 0.009292462 2.8064712e-06 0.56384677 4.771699e-05 3.1214984e-08 0.9877876 3.8268854e-06 0.12754963 7.769939e-06 0.6488991 9.902582e-07 9.88814e-15 0.017845593 0.010125338 0.20032418 2.317663e-05 3.9734342e-08 0.7237636 1.7858359e-07 2.8683435e-06 1.6090523e-07 0.0025696184 0.0005083259 0.4908249 0.9281717 0.0092974845 0.2645203 3.481707e-05 9.338654e-06 6.0908825e-08 8.391062e-05 3.1387538e-07 0.0007326779 0.53578836 5.699055e-07 5.163887e-05 0.80773723 0.725797 3.417942e-05 1.2319913e-07 0.16902368 0.49923608 0.00673654 6.0004655e-05 6.9985555e-07 0.45242518 1.6714646e-08 1.2126753e-06 0.38438532 1.080143e-07 1.5734238e-05 0.07873399 0.03273758 0.0350353 0.004561002 7.096201e-09 0.008993256 0.13782729 4.0613354e-08 4.3596465e-06 0.008886925 0.00036235855 9.058972e-07 0.010180403 2.7707001e-06 0.0006408681 1.2590265e-06 0.004445862 0.008078199 0.0001275645 3.1997354e-07 2.775877e-09 0.0005061582 1.2850572e-07 0.0025344058 0.019709203 2.9371634e-07 0.002421862 3.6707057e-05 0.0002697377 0.0021300793 0.001730986
