1.9921748e-17 0.9572754 0.9550217 0.8995946 0.9694365 0.8137853 0.96877736 0.83349 0.9655495 0.6256377 0.84385085 0.61328197 0.99656403 0.95231754 0.49467152 0.57614875 0.93692714 0.4879348 0.25450316 0.55153155 0.9689077 0.7922039 0.999264 0.9786859 0.96316206 0.9738833 0.84277916 0.88830435 0.8229373 0.17279425 0.9289442 0.90409094 0.9690993 0.9601034 0.96192133 0.8558834 0.7156351 0.22197706 0.46319014 0.89401567 0.9541066 0.9916708 0.9594327 0.1726969 0.001674699 0.8568764 0.0005381166 0.38732514 0.9664453 0.9821122 0.98121506 0.93612474 0.79783875 0.008660169 0.9356327 0.003583141 0.81135446 0.491656 0.9934088 0.22385472 0.9486787 0.9671949 0.80608267 0.9935831 0.66462106 0.7403687 0.91022176 0.88757765 0.9503206 0.7430925 0.9987719 0.9907143 0.15257886 0.091503315 0.9167539 0.45349133 0.9951135 0.9945078 0.3349601 0.008890965 0.95096934 0.16537209 0.25645733 0.3960198 0.93404096 0.7842851 0.22849774 0.0016687135 0.7223404 0.6800216 0.0012167409 0.87243783 0.023695763 0.13187651 0.57591194 0.35411745 0.8256377 0.011659468 0.50403017 0.002210975 0.007458067
0.9572754 3.487814e-15 0.23351873 0.97019374 0.9290607 0.1384859 0.9544302 0.75308 0.011283738 0.066582285 0.8048864 0.20894562 0.317919 0.0057962607 0.0048490833 0.0007469723 0.0007825632 0.00063249783 0.3109594 0.26087564 3.1636097e-05 0.36779127 0.024012791 0.672721 1.8457114e-05 0.002144585 0.024524879 2.5671368e-05 0.00060640194 0.019392181 1.0369149e-06 0.20750639 0.1207616 0.00010258163 2.7001142e-05 0.00011334586 0.00011324904 0.23316893 6.6111716e-05 6.504902e-07 0.0011628247 0.011623519 9.346299e-06 0.018350156 3.5655004e-05 0.00016608504 3.2085023e-05 0.058604848 4.7273554e-07 0.0062155984 1.7184295e-05 1.3797076e-06 9.765848e-06 2.7761748e-06 0.0007024095 0.0003626235 3.870318e-05 1.5168442e-07 0.1309751 0.0078291735 6.332314e-06 1.5301068e-06 8.4308624e-07 0.08896667 1.2724888e-07 5.901819e-08 6.674996e-08 6.416891e-07 1.2281906e-05 1.7837765e-07 0.025710132 5.0997656e-05 7.037723e-05 3.729329e-05 7.680207e-06 9.417917e-09 0.001462816 0.0009365519 1.2981243e-06 9.3517326e-07 1.05700074e-07 3.302455e-07 3.4072212e-07 4.012083e-08 3.2027765e-05 0.00016387856 3.6032827e-07 2.1864053e-06 8.43589e-05 5.107487e-06 0.00015341032 1.562467e-08 3.7751402e-08 7.3065882e-09 5.611587e-09 6.0202745e-09 3.6479e-05 3.7366565e-08 1.9250726e-07 9.773493e-07 7.443144e-08
0.9550217 0.23351873 1.6110457e-14 0.07152147 0.012318663 0.9758406 0.9536297 0.0042594094 0.49346632 0.7995875 0.58335483 0.7476419 0.91775656 0.079027995 0.45750117 0.24626403 0.0067279497 0.17519404 0.0059956317 0.5321071 0.00019924733 0.00038512473 0.17299378 0.0196925 8.614986e-06 0.001930003 0.468423 1.3001617e-05 8.214811e-06 0.042523827 1.228724e-06 0.0033266132 0.0024453315 3.4978915e-05 1.0946851e-05 0.00067680894 0.0010858608 0.00039008688 1.5380657e-06 1.3697941e-05 0.00099583 1.8737996e-05 2.2549941e-06 5.030279e-06 3.6951332e-07 0.0010536154 3.495404e-07 0.03656587 7.723896e-08 0.0016066941 1.2809675e-06 3.681998e-07 4.68354e-05 6.665006e-09 0.08386151 0.00034810643 0.00043206976 4.243072e-06 0.070542075 0.13046175 1.0719401e-06 3.9146553e-07 8.004237e-08 0.015704663 1.2032227e-07 3.859052e-08 3.8943746e-08 5.2818854e-07 2.1185144e-06 7.0877505e-08 0.0057907803 3.8083106e-06 0.00034706705 0.00016973252 6.568988e-07 1.8702206e-08 6.6725996e-05 0.0003205742 7.6822545e-07 1.7086612e-06 1.635935e-07 3.156028e-07 3.3410743e-07 2.6538439e-08 4.2958445e-06 1.666892e-05 2.5053066e-06 3.1451193e-06 4.4588396e-05 6.83295e-06 0.00015530987 1.0481747e-08 3.7820595e-08 1.2680248e-07 2.5420266e-09 2.7720372e-08 8.414778e-06 9.991004e-08 2.1474548e-07 1.0815922e-05 6.526666e-08
0.8995946 0.97019374 0.07152147 1.247834e-14 0.94865125 0.011065539 0.4218701 0.9660958 0.0006176985 0.02070858 0.9628541 0.17479895 0.060882844 0.00027883332 0.00030616487 2.9673542e-05 5.8900936e-05 3.5693618e-05 0.47784564 0.1552066 1.6472294e-06 0.30626684 0.0032253556 0.43333435 2.908244e-06 0.00021793193 0.0075727734 1.160269e-06 0.00025844935 0.027964266 1.0725981e-07 0.20899738 0.050577275 6.106907e-06 2.710611e-06 3.2815726e-06 3.83609e-06 0.5831641 6.203926e-05 5.2717116e-08 0.00018167576 0.021624118 1.135094e-06 0.0011090599 8.1271855e-06 5.3711983e-06 3.8878607e-05 0.048148073 1.9355326e-07 0.0005216774 1.0850165e-06 1.14381386e-07 1.9525967e-07 3.1299792e-06 5.7705853e-05 0.00055696955 6.748393e-06 6.213147e-08 0.018855194 0.00389343 7.49755e-07 8.4345623e-07 1.2834246e-07 0.009319402 7.800929e-08 3.4889243e-08 4.022143e-08 1.2599375e-07 3.5097034e-07 1.3187433e-07 0.0037501857 4.2592037e-06 3.846519e-06 1.302036e-06 7.6873187e-07 1.7558579e-08 0.00012749786 0.00016692602 4.5001622e-07 3.230934e-06 4.636725e-07 2.3980294e-07 1.8382325e-06 1.1578035e-07 1.1736398e-05 2.5312569e-05 1.5269879e-07 6.272478e-07 3.0984284e-05 2.3528679e-05 0.00012825346 3.668922e-08 6.775584e-07 7.0956196e-09 1.427946e-08 2.3774355e-07 2.9571556e-05 9.636592e-08 1.15616054e-07 6.3884676e-07 6.8616565e-08
0.9694365 0.9290607 0.012318663 0.94865125 3.0935231e-15 0.010640144 0.5949854 0.97254634 0.00030540608 0.009759056 0.76037496 0.08656486 0.048946492 0.00019157518 0.00052491773 8.482455e-05 2.5341094e-05 6.16704e-05 0.628462 0.13310559 1.4893886e-06 0.75583106 0.00096719625 0.9341567 8.470781e-07 0.00011495898 0.02456982 5.4047337e-07 0.015755208 0.019682327 7.590541e-08 0.77454805 0.28783917 3.0220945e-06 6.7172107e-07 3.1776685e-06 2.3939156e-06 0.45860523 0.0005960522 5.915185e-08 0.00012955247 0.1352215 3.4287018e-07 0.1355602 0.00030579895 5.227167e-06 0.00030277894 0.079844356 4.2832482e-08 0.001111012 4.6266183e-07 4.307433e-08 3.3199115e-07 5.526191e-05 0.00034249082 0.0006364217 4.747979e-06 3.9275545e-08 0.0919016 0.0027194796 7.7862984e-07 1.537713e-07 2.991861e-08 0.10258976 1.7704124e-08 8.375063e-09 1.9180357e-09 3.7300484e-08 4.3567657e-06 3.725441e-08 0.021307569 1.188266e-05 1.1937385e-05 3.883756e-06 8.554626e-07 1.3384607e-09 0.0030415563 0.0008280824 4.3989567e-07 1.8595924e-06 2.815959e-08 3.266338e-07 5.3594192e-08 7.964668e-09 8.420089e-05 0.0003205742 1.2536165e-07 6.51885e-07 7.3158415e-05 1.2273193e-05 3.8672926e-05 3.3077028e-09 4.1149345e-08 1.1208355e-08 8.485717e-10 4.0127315e-09 5.3513122e-05 4.4970147e-08 1.6331251e-08 9.4762e-07 1.4433896e-07
0.8137853 0.1384859 0.9758406 0.011065539 0.010640144 2.5936244e-15 0.5295754 0.0004950382 0.9302965 0.97056866 0.3817318 0.8884425 0.5228369 0.27446607 0.7819603 0.6991492 0.038202703 0.5041098 0.0005587731 0.5157268 0.0009605663 1.4486713e-05 0.17725472 0.0064596287 6.4932e-05 0.0026587131 0.48327968 2.0321693e-05 7.228669e-06 0.04377839 1.8230421e-06 0.0016959927 0.0015535484 0.00012551903 5.5367305e-05 0.0006818438 0.0014278516 0.00018047955 2.1564285e-06 6.4736837e-06 0.0015869271 3.9707167e-05 6.518847e-06 1.451988e-07 2.9045104e-08 0.00058937515 3.3020378e-08 0.011713442 4.2993722e-08 0.0010731134 5.6684297e-07 2.0645827e-07 3.1936837e-05 5.6350313e-10 0.12254374 0.0019802179 0.000859112 1.3756306e-06 0.019664861 0.11212373 6.2304946e-07 1.151148e-07 2.6927529e-08 0.004518468 2.5215435e-08 2.7064651e-08 2.174353e-08 1.2158627e-07 1.9968053e-07 3.8324185e-08 0.0018865581 1.1331309e-06 0.0011616675 0.0004174657 1.1678963e-07 2.3758011e-09 3.202199e-05 5.6477857e-05 1.5567726e-07 2.9632802e-06 1.5267847e-08 9.431781e-08 3.6203156e-07 3.5299614e-09 4.7347953e-07 2.3032537e-06 2.0249166e-07 7.282376e-06 5.7778765e-05 2.6666537e-06 0.0015333111 4.183977e-09 1.9251507e-08 1.4667467e-08 8.742106e-09 3.0281197e-07 4.9610417e-06 4.836645e-08 6.7786603e-09 2.0375759e-05 3.2430844e-08
0.96877736 0.9544302 0.9536297 0.4218701 0.5949854 0.5295754 3.1635514e-15 0.1547941 0.19827436 0.19314301 0.40595627 0.22846836 0.9648353 0.092372164 0.013907563 0.00475382 0.009710716 0.0034947207 0.05315621 0.16973653 0.00024100629 0.017274315 0.08634468 0.76152223 6.079471e-05 0.015316363 0.027759414 0.00010369665 5.462887e-05 0.010605116 3.8906255e-06 0.21933089 0.105366535 0.00029665887 6.848049e-05 0.00024434304 0.0002239147 0.007951763 1.0249592e-05 3.7848126e-06 0.0037086357 0.002351189 2.2809823e-05 0.0011423309 4.356903e-06 0.00017052965 1.4723661e-05 0.01323157 2.0695168e-07 0.015006373 4.1771877e-05 8.0138574e-07 6.5243507e-06 1.2755153e-07 0.0031126712 0.000142051 2.3718283e-05 3.2232766e-08 0.27211747 0.00562245 3.1877473e-05 5.265447e-06 8.815681e-07 0.20283823 1.8269033e-07 1.3022998e-07 4.6096513e-08 3.3708804e-07 0.00012846144 2.9977946e-07 0.0394384 0.00015610864 8.6223714e-05 4.748108e-05 6.8567206e-05 2.0326084e-08 0.0023767862 0.0024224683 7.319847e-07 7.9480355e-07 9.820829e-08 4.8122575e-07 5.772903e-07 1.2077539e-08 0.00014916618 0.00023517564 7.013301e-07 1.4298771e-06 0.00042655287 6.340784e-05 0.000102853766 2.5985047e-09 5.011542e-08 2.0705365e-08 3.9627452e-09 2.925726e-09 0.00010066758 4.5232177e-08 9.973963e-08 7.5534754e-06 1.5178455e-07
0.83349 0.75308 0.0042594094 0.9660958 0.97254634 0.0004950382 0.1547941 1.6750018e-18 9.274591e-06 0.00081467687 0.716561 0.012371177 0.011412072 1.1729829e-05 1.07341275e-05 6.4198537e-07 7.452546e-07 1.1427165e-06 0.963498 0.03958134 2.1417904e-08 0.89626753 0.0001849714 0.5755709 4.6408985e-08 9.032091e-07 0.0017892065 2.2294431e-08 0.029140797 0.013425449 1.9055284e-09 0.6777827 0.09512604 9.534901e-08 3.9613795e-08 3.0975432e-08 1.689726e-08 0.69095796 0.0017750661 2.3698135e-09 6.905726e-06 0.11009193 8.129181e-09 0.13914041 0.00014850672 5.5549158e-08 0.0038839544 0.015667945 2.786959e-09 3.505626e-05 7.423108e-09 5.0614055e-09 3.365938e-08 0.0001115871 5.2719333e-06 0.0007215798 9.901858e-08 4.8603996e-09 0.008390411 0.0008886133 9.616262e-09 4.967079e-09 1.857684e-09 0.008603295 3.973091e-09 9.792706e-10 3.1267222e-09 4.2565738e-09 8.303234e-09 9.054631e-10 0.0021593932 3.2519995e-07 3.0680496e-06 4.9788053e-08 4.8626254e-09 1.2136135e-10 9.0183465e-05 3.682778e-05 1.01505265e-07 6.5525137e-07 1.1695681e-09 4.2187008e-08 2.8143947e-09 3.1243377e-09 2.5729827e-07 3.80964e-06 1.6350358e-08 3.9326142e-08 2.7824249e-06 3.944258e-08 1.6434957e-05 1.2621738e-08 1.4917376e-09 1.3926207e-09 9.2765007e-10 9.291681e-09 1.7605041e-06 6.1057563e-09 6.412648e-08 4.898467e-08 6.2533165e-09
0.9655495 0.011283738 0.49346632 0.0006176985 0.00030540608 0.9302965 0.19827436 9.274591e-06 1.3850504e-16 0.7778746 0.039656393 0.53086466 0.7006442 0.94985324 0.7819712 0.9518142 0.64502317 0.6822375 0.0001378198 0.16263378 0.08798097 7.4636446e-06 0.8015053 0.005321543 0.0086810645 0.08258609 0.321784 0.0015147929 6.3192743e-07 0.0069451192 0.0006051976 0.0010058889 0.00085965695 0.0042288927 0.0006395853 0.27666724 0.14981923 2.4192383e-05 8.8963745e-08 0.013842085 0.014790385 2.1276499e-06 3.8295017e-05 2.8781775e-08 2.2425017e-08 0.11472527 4.2111097e-09 0.0012811362 1.2658234e-07 0.009867127 1.693363e-05 2.222296e-06 0.006771328 8.9910407e-10 0.63043904 0.00018902753 0.0412249 0.0013445201 0.0817344 0.21082905 3.889928e-06 1.4124505e-06 7.882879e-08 0.013208354 3.6886303e-07 8.689495e-08 1.6596384e-07 3.5811613e-06 4.6028076e-06 5.350278e-08 0.0048807985 1.3453717e-05 0.038551766 0.024067516 2.504308e-06 7.7298905e-09 6.568506e-05 0.00030401125 6.9439175e-06 1.3812921e-05 6.792551e-08 4.132881e-06 2.3519861e-07 3.0879278e-08 2.4343196e-06 3.9161287e-06 1.1031142e-05 2.593331e-05 3.0533894e-05 4.6936702e-06 0.00042986884 1.9092438e-08 7.238149e-09 9.955332e-07 1.8737296e-09 1.1654047e-08 1.2924778e-06 1.0342696e-07 3.498889e-07 0.00041325323 4.8532576e-07
0.6256377 0.066582285 0.7995875 0.02070858 0.009759056 0.97056866 0.19314301 0.00081467687 0.7778746 1.7660207e-16 0.41810048 0.9885018 0.19659665 0.057598844 0.8783274 0.30606717 0.0061761513 0.5111123 5.813283e-05 0.34479785 0.00015566369 4.2069896e-06 0.04862224 0.003203815 4.6221954e-05 0.00039981995 0.58677804 1.9183688e-05 1.562213e-05 0.06893561 4.1430103e-06 0.0014443115 0.0007128944 2.3762024e-05 1.1323526e-05 8.331147e-05 0.00024047754 0.00016619168 5.614224e-06 2.336688e-06 0.0005292038 2.029545e-05 2.8302259e-06 8.409643e-08 1.9560606e-08 8.350405e-05 8.40095e-09 0.022593344 1.7272599e-06 0.00033883643 3.1495182e-07 4.304183e-07 2.9134257e-05 1.02752765e-10 0.055129666 0.0013864292 0.00024587414 2.6875505e-06 0.008966562 0.14319879 2.1838694e-06 1.9308995e-07 1.5494956e-07 0.0023618843 1.2264978e-07 4.067126e-08 7.0105095e-08 3.8794565e-07 4.811688e-07 4.284408e-08 0.000913173 1.0661604e-06 0.00084953714 0.00037028536 1.06550026e-07 2.961603e-09 1.2811463e-05 4.3774213e-05 3.9340625e-06 7.5213297e-06 6.2828974e-08 4.8443144e-07 2.1150451e-07 2.994584e-08 2.1727778e-06 2.1555054e-06 1.4138273e-07 3.0798656e-05 6.8546647e-06 2.4945552e-07 0.0015975938 1.9902538e-07 2.4118847e-09 3.7195765e-08 1.4739963e-08 5.4309474e-08 2.6614605e-06 6.2768486e-08 8.2151786e-08 0.0001268473 7.022222e-07
0.84385085 0.8048864 0.58335483 0.9628541 0.76037496 0.3817318 0.40595627 0.716561 0.039656393 0.41810048 2.701356e-14 0.96801144 0.11938528 0.0009300765 0.0017880875 6.8709e-05 0.00015111765 0.0002907335 0.11090044 0.9828629 3.3112426e-06 0.015082178 0.004949523 0.07966715 4.105077e-06 2.2395303e-05 0.27745035 5.5323704e-07 0.00038594558 0.4634829 1.309572e-07 0.030074602 0.00944378 2.2076867e-06 2.675309e-06 3.1167242e-06 9.349507e-06 0.84132534 0.00025601557 1.0586754e-07 6.7809815e-05 0.0008754943 2.4740757e-07 0.0006455496 6.394218e-06 4.8619877e-06 2.1127713e-05 0.18418787 2.0051445e-07 0.00023994631 1.5991455e-07 1.1343013e-07 1.5272028e-06 5.607276e-07 0.00025666584 0.0071360874 1.6685311e-06 8.2635815e-08 0.017205501 0.01786189 2.6441407e-06 3.1728568e-08 1.0819637e-07 0.0038967305 9.18226e-08 5.5315397e-08 3.5675566e-08 1.733677e-07 1.8190235e-06 3.1289076e-08 0.00139067 5.6255485e-06 4.794603e-05 2.1787278e-05 5.758513e-07 2.2951031e-08 0.00012664012 9.647972e-05 1.5666993e-07 2.0600366e-06 1.0330433e-07 1.1650234e-06 1.5918956e-06 7.0856416e-08 2.35977e-06 1.678904e-05 1.1106337e-06 6.033431e-07 4.3258122e-05 4.199698e-06 0.00018911029 3.0651236e-07 6.254191e-08 5.7280896e-08 2.2344196e-08 2.7372791e-06 6.6031407e-06 3.135108e-08 4.3564066e-07 5.02368e-07 1.4386489e-08
0.61328197 0.20894562 0.7476419 0.17479895 0.08656486 0.8884425 0.22846836 0.012371177 0.53086466 0.9885018 0.96801144 1.3668163e-16 0.123082414 0.020809138 0.1636318 0.007359101 0.0029684014 0.044813424 0.0010938707 0.9550368 3.6745514e-05 7.253933e-05 0.014455359 0.006142631 2.5873625e-05 0.00015510723 0.7456607 1.8882822e-06 2.0631225e-05 0.4712013 5.4568204e-07 0.002481013 0.001068355 3.533183e-06 6.663942e-06 2.0577678e-05 6.51826e-05 0.014533278 3.2869445e-06 1.5795865e-07 0.00013137556 1.42157705e-05 8.348995e-07 2.7140007e-07 5.8647995e-08 4.5532437e-05 7.017707e-08 0.12871984 4.3382724e-07 0.00020374332 2.9101318e-07 1.0468246e-07 1.7069258e-05 6.658767e-09 0.030127289 0.004863296 4.890702e-05 7.7115124e-07 0.0064243493 0.19106783 1.0395726e-06 1.6722674e-07 3.315942e-08 0.0011374608 9.248403e-08 1.3704792e-08 3.3087584e-08 2.3347345e-08 3.9785246e-07 1.5838244e-08 0.00038298214 3.867163e-07 0.00030879106 0.00013024645 7.1575656e-08 1.9556492e-09 5.3164504e-06 7.5517387e-06 1.2801668e-07 7.307505e-06 1.5394054e-08 2.4405597e-07 3.0705948e-07 5.1090407e-08 4.915325e-07 1.0820746e-06 5.928039e-08 2.5727028e-05 3.829547e-06 1.0702949e-07 0.002978035 7.92373e-08 4.0919144e-09 1.9651887e-08 5.0906444e-09 4.7021377e-08 1.5488877e-06 1.2120486e-08 5.5270995e-08 2.1631566e-05 6.429672e-08
0.99656403 0.317919 0.91775656 0.060882844 0.048946492 0.5228369 0.9648353 0.011412072 0.7006442 0.19659665 0.11938528 0.123082414 1.5873769e-13 0.52973604 0.090321906 0.046596512 0.09142758 0.03268644 0.01035815 0.09333551 0.02054752 0.0007434912 0.7449291 0.41338152 0.0011807238 0.22516866 0.16364293 0.00045154197 8.730472e-06 0.0125259245 0.00022497593 0.067696705 0.05548601 0.001589208 0.00023165504 0.007693773 0.0031245456 0.00016780771 3.2573957e-06 0.0005099003 0.0319218 9.2755596e-05 0.00012454484 0.00017251461 6.1768837e-06 0.0043925475 3.29985e-06 0.012646959 1.2990636e-05 0.08588019 0.000100310026 2.929183e-05 0.00039834896 6.422293e-08 0.14663231 0.0002576682 0.0011210891 6.835451e-05 0.5421435 0.14079596 5.506137e-05 1.3743738e-05 3.245213e-06 0.23988655 3.3827491e-06 9.634584e-07 2.003947e-06 1.1397599e-05 0.0004643343 2.9129294e-06 0.07154394 0.0005056128 0.001775431 0.0005703588 8.3339764e-05 2.9864574e-07 0.0009772533 0.0034561974 2.0078398e-06 6.7482133e-06 8.266116e-07 7.1532195e-06 2.5641725e-06 1.5101412e-07 0.0002995807 0.00019382304 1.3164633e-06 6.4622815e-05 0.00014566934 3.7444246e-05 0.0002304047 1.357518e-08 1.1246667e-06 1.9361991e-07 1.4002328e-09 1.1939382e-08 1.675994e-05 3.459082e-07 1.2587905e-07 0.0002703277 3.4787347e-06
0.95231754 0.0057962607 0.079027995 0.00027883332 0.00019157518 0.27446607 0.092372164 1.1729829e-05 0.94985324 0.057598844 0.0009300765 0.020809138 0.52973604 1.1682747e-13 0.23445612 0.60120714 0.9819635 0.16019306 0.00028160267 0.0030935714 0.63683295 7.405223e-06 0.9448035 0.018603358 0.1783213 0.77778476 0.019618023 0.056718335 1.2340362e-05 0.00017419561 0.013362565 0.0037387693 0.0042466144 0.08729453 0.009936127 0.28734758 0.14557418 4.288554e-06 1.4094809e-06 0.052024726 0.08238466 5.785163e-06 0.0015256432 7.14624e-07 1.947804e-07 0.15192212 7.766337e-08 3.161598e-05 1.8423034e-05 0.03639327 0.00020120415 0.00013727999 0.019207869 6.789724e-09 0.5068419 3.161176e-05 0.05309501 0.007928566 0.19816414 0.012402137 4.8228525e-05 2.1576105e-05 2.0121643e-06 0.02373232 1.3279475e-05 3.6352048e-06 1.8515918e-06 4.8130973e-05 0.0001939993 1.8570316e-06 0.011974192 0.00016894104 0.019531973 0.01019153 8.40879e-05 4.335555e-07 0.00022154993 0.0011163984 0.00014788317 2.65235e-05 1.9706954e-06 2.9426055e-05 1.4455419e-06 7.812126e-08 0.00024551092 5.738886e-05 1.009189e-05 1.7773324e-05 0.00019468932 8.054529e-05 0.00017638467 7.217557e-08 2.0690493e-07 1.8902969e-06 2.482989e-09 1.4886432e-08 4.0384657e-05 3.1163358e-07 5.7168368e-08 0.0014466321 6.5563363e-06
0.49467152 0.0048490833 0.45750117 0.00030616487 0.00052491773 0.7819603 0.013907563 1.07341275e-05 0.7819712 0.8783274 0.0017880875 0.1636318 0.090321906 0.23445612 7.636991e-17 0.906411 0.05082874 0.9975059 8.316989e-06 0.015805738 0.006117776 3.4150614e-07 0.14176883 0.0015063123 0.0003658917 0.0015485754 0.2539121 0.00013726103 1.1088387e-06 0.0049662064 1.4598119e-05 0.00039913662 0.00013188699 0.00013889543 0.0001377336 0.001416484 0.0022324072 1.4796675e-05 5.758447e-07 2.18058e-05 0.002368883 2.0412235e-06 3.4798843e-05 1.2478427e-08 3.122354e-09 0.00079595513 6.026625e-10 0.00034015335 1.1400187e-05 0.0008241286 2.5179415e-06 8.8182543e-07 0.00010520575 1.7646953e-11 0.3438452 0.00019949354 0.0034451338 4.792966e-05 0.011315064 0.14221072 1.2575345e-05 2.7902531e-06 4.4993257e-07 0.0013822152 9.1166925e-07 1.4477928e-07 4.7886093e-08 5.6296817e-06 5.2002824e-06 2.0585077e-07 0.0010957031 5.9947656e-06 0.012717228 0.0037790185 5.1502093e-07 6.2944814e-09 4.576589e-06 7.9302976e-05 8.167188e-05 1.1085041e-05 1.5637518e-08 2.0384066e-06 2.2373536e-08 1.750551e-08 1.27601e-06 6.858421e-07 3.5571895e-07 0.000108361644 1.4565543e-06 3.1583237e-08 0.0017326516 4.5659167e-08 8.9531876e-10 2.7005726e-07 1.1536256e-08 2.6856437e-08 1.5077651e-07 8.545987e-08 5.0066245e-07 0.0015614304 1.4249385e-06
0.57614875 0.0007469723 0.24626403 2.9673542e-05 8.482455e-05 0.6991492 0.00475382 6.4198537e-07 0.9518142 0.30606717 6.8709e-05 0.007359101 0.046596512 0.60120714 0.906411 4.6317317e-18 0.57625896 0.9949122 1.1899348e-06 0.0008833355 0.22101057 1.6817305e-07 0.27936497 0.00030556633 0.016548134 0.02298117 0.021501247 0.0022394909 3.8582593e-07 0.00023920534 0.0013957535 4.0780036e-05 2.9115703e-05 0.0021526562 0.0014809613 0.1349981 0.21860719 5.398369e-06 1.6526998e-07 0.0019731112 0.00847481 3.9509007e-07 0.000106495834 2.0433229e-10 3.5992523e-10 0.017158734 4.811713e-10 8.173846e-06 1.5730862e-05 0.00239369 2.3671868e-05 5.70965e-06 0.0010962205 1.8806783e-10 0.33832657 3.7002785e-05 0.012705888 0.00036647558 0.012263841 0.016487226 3.764598e-05 2.3224165e-06 1.5508032e-06 0.001585447 6.6565863e-06 1.5070759e-06 3.572866e-07 1.6297234e-05 5.7831414e-05 2.3366023e-07 0.0011181075 1.5187854e-05 0.01683301 0.008494343 2.9000462e-06 9.142708e-09 3.0361948e-06 0.0001262605 8.782334e-05 3.9565908e-05 5.0286335e-08 5.709906e-06 4.449223e-07 3.6508563e-08 4.6499413e-06 1.9599398e-07 5.474026e-07 6.226645e-05 8.750218e-06 3.0525044e-07 0.0010645537 4.9575885e-08 9.901263e-10 3.9884023e-07 2.1330985e-08 5.6960044e-08 1.7235746e-07 1.9966464e-08 1.0150139e-07 0.0018743536 1.118996e-05
0.93692714 0.0007825632 0.0067279497 5.8900936e-05 2.5341094e-05 0.038202703 0.009710716 7.452546e-07 0.64502317 0.0061761513 0.00015111765 0.0029684014 0.09142758 0.9819635 0.05082874 0.57625896 1.7353764e-14 0.056789346 3.4128378e-05 0.00021668 0.9547776 2.6175558e-06 0.814375 0.0017303374 0.8391932 0.81453925 0.0025662475 0.50064015 1.3743718e-06 9.964228e-06 0.23327546 0.00058994064 0.00029156453 0.18127184 0.04048876 0.59927756 0.25714785 3.9963998e-06 8.063815e-08 0.2939874 0.06419325 3.6302103e-07 0.010121756 5.557944e-09 5.3120317e-09 0.25029904 9.773784e-10 1.3514508e-06 8.519748e-05 0.021992123 0.00045867174 0.0037507024 0.0638333 3.132027e-10 0.29185683 2.6618298e-05 0.08092019 0.021429114 0.104472965 0.0007704247 9.9911995e-05 7.023783e-05 9.940785e-06 0.00865146 9.666355e-05 1.7406368e-05 7.057453e-06 0.00034486956 7.802853e-05 9.187456e-06 0.006077199 0.00019053297 0.020038426 0.017051136 2.9725486e-05 2.9142313e-07 7.328746e-05 0.00066267664 0.0008023157 9.251089e-05 6.0112217e-07 7.94518e-05 5.798931e-07 2.3507864e-07 1.9162186e-05 5.6544163e-06 3.3429995e-05 5.766473e-06 3.2513766e-05 5.218366e-06 4.890856e-05 8.2796426e-08 4.415287e-08 2.0364512e-05 3.007794e-09 4.8015942e-09 6.2878667e-06 1.9088479e-07 2.169727e-07 0.0008570873 1.4428969e-05
0.4879348 0.00063249783 0.17519404 3.5693618e-05 6.16704e-05 0.5041098 0.0034947207 1.1427165e-06 0.6822375 0.5111123 0.0002907335 0.044813424 0.03268644 0.16019306 0.9975059 0.9949122 0.056789346 8.484203e-16 6.542329e-07 0.0076875794 0.01608319 1.17208494e-07 0.11497093 0.00023774186 0.0009174327 0.002475748 0.2320988 0.00019586051 7.4475787e-07 0.0020574431 6.1163e-05 3.6247384e-05 3.2715252e-05 0.00024972606 0.00023052227 0.015161306 0.03125056 7.299948e-06 6.110842e-07 0.0002861169 0.0028076933 3.37021e-08 3.4035453e-05 7.1342104e-10 1.275637e-09 0.0060215704 1.9819414e-10 4.8656453e-05 2.952313e-06 0.00056470453 2.0253985e-06 7.640345e-07 0.0004257959 7.4189675e-11 0.6514365 0.0001657074 0.015010833 0.00033575034 0.0054985755 0.15400785 5.197759e-06 2.9251894e-06 2.5420874e-07 0.00027306413 6.824539e-07 5.586465e-07 5.7567533e-08 4.2128313e-06 7.026255e-07 1.100025e-06 0.00023700274 6.6462726e-06 0.04585654 0.011985349 2.9702954e-07 2.2518542e-08 5.7332136e-07 1.8270237e-05 3.0288853e-05 7.788453e-05 1.5330595e-07 3.818905e-06 6.546274e-07 3.5039964e-08 2.016883e-06 7.7992624e-08 8.6774094e-07 0.00011535697 8.8536456e-07 1.9159444e-07 0.0026661006 2.875571e-08 8.585896e-09 1.393408e-06 4.9420557e-09 1.1192574e-07 3.231558e-07 2.4109294e-08 1.1672538e-07 0.004211492 4.6091063e-06
0.25450316 0.3109594 0.0059956317 0.47784564 0.628462 0.0005587731 0.05315621 0.963498 0.0001378198 5.813283e-05 0.11090044 0.0010938707 0.01035815 0.00028160267 8.316989e-06 1.1899348e-06 3.4128378e-05 6.542329e-07 4.513633e-16 0.0009790107 9.567032e-07 0.9988517 0.0012846022 0.34237176 2.7868573e-06 5.9795122e-05 5.9971326e-06 6.5786617e-07 0.0021785619 0.004774754 2.2291404e-07 0.33445302 0.05292544 5.590433e-06 1.9433721e-06 2.822569e-07 1.2325201e-07 0.94601244 0.0010264696 7.7126305e-09 0.0002604697 0.0019799762 1.8193098e-06 0.0026382406 9.465967e-05 1.0952856e-07 0.001377097 0.00256937 2.5975473e-06 0.0004930092 1.9323982e-06 7.5790254e-08 8.289598e-08 2.9933579e-05 1.6835381e-06 0.0008358122 4.230322e-07 6.764014e-09 0.0077379686 0.00025443762 9.7695e-06 1.4517402e-05 5.6357544e-07 0.012010636 1.760859e-07 8.921694e-08 1.2753488e-07 1.17398784e-07 1.6147385e-05 3.617082e-07 0.0032326465 0.0001659193 2.5281172e-06 5.190546e-08 2.301722e-05 3.739095e-08 0.00040145023 0.0003034768 1.3752175e-06 1.3080336e-06 5.8881045e-07 3.7306765e-07 2.921883e-06 9.559484e-08 1.8206194e-05 2.833965e-05 2.2825492e-07 4.4569664e-08 6.528475e-05 2.1227108e-06 2.3767328e-05 1.4404233e-07 1.1311507e-06 3.2060825e-09 2.8065273e-08 3.3797838e-07 1.541075e-05 2.8585479e-08 3.0336173e-07 5.277459e-07 6.224083e-08
0.55153155 0.26087564 0.5321071 0.1552066 0.13310559 0.5157268 0.16973653 0.03958134 0.16263378 0.34479785 0.9828629 0.9550368 0.09333551 0.0030935714 0.015805738 0.0008833355 0.00021668 0.0076875794 0.0009790107 4.2000192e-15 1.4654934e-05 9.228249e-05 0.0037869483 0.003659512 4.771824e-06 3.5553443e-05 0.98267037 7.197743e-07 5.83637e-05 0.96670663 3.36559e-07 0.0011618083 0.0004706012 1.8416507e-06 6.9908907e-07 3.05321e-06 1.2329822e-05 0.5253719 0.00013307233 3.5966428e-07 2.0322452e-05 2.7776805e-05 1.6747268e-07 1.7695735e-06 1.075622e-07 5.95622e-06 2.8615535e-08 0.08152329 4.693019e-07 8.64503e-05 2.153513e-07 1.1812361e-07 6.789329e-07 9.585314e-09 0.0012652654 0.082679585 2.1404523e-05 2.3715886e-07 0.0036485891 0.123957 5.668246e-07 5.696754e-08 9.688009e-08 0.00050223246 5.2064003e-08 1.2753488e-07 1.580743e-08 5.4228014e-08 1.0728437e-07 6.4060714e-08 0.00028813884 2.8746567e-07 0.00011493014 1.2593311e-05 8.911558e-08 1.593217e-08 2.8161794e-06 6.418375e-06 1.0933481e-06 4.6632413e-06 2.305386e-09 2.434553e-07 2.8482236e-06 2.654906e-07 1.2025264e-07 4.9833346e-07 1.009741e-06 9.019675e-06 4.7510477e-07 6.244131e-08 0.0009815915 5.4962527e-07 4.011905e-09 7.1205555e-08 5.7363003e-08 1.5193742e-06 1.5486876e-07 1.4507208e-08 1.7281084e-06 5.9906135e-05 1.393733e-07
0.9689077 3.1636097e-05 0.00019924733 1.6472294e-06 1.4893886e-06 0.0009605663 0.00024100629 2.1417904e-08 0.08798097 0.00015566369 3.3112426e-06 3.6745514e-05 0.02054752 0.63683295 0.006117776 0.22101057 0.9547776 0.01608319 9.567032e-07 1.4654934e-05 1.0493962e-13 2.0268139e-07 0.4859691 0.00027098926 0.8933057 0.45469266 0.00023197249 0.3781842 4.0360703e-07 2.0852622e-06 0.66942537 3.4588746e-05 4.6911e-05 0.37738454 0.41022265 0.96168375 0.7275565 1.5270538e-05 2.5227905e-07 0.9154559 0.079042934 2.9462571e-08 0.06382477 2.9127585e-09 2.3537417e-08 0.67562693 2.8371883e-09 2.5926201e-06 0.00057665235 0.00936995 0.0009397324 0.013997947 0.46831253 4.3998836e-09 0.3995558 9.187714e-05 0.34145796 0.24743682 0.039519206 0.00014558379 0.00019556483 4.6363188e-05 1.4207686e-06 0.0019033775 3.9673632e-05 4.4032695e-06 1.0727123e-06 0.002493093 4.1008927e-05 1.0193594e-06 0.0013302405 6.235506e-05 0.040252417 0.111297734 1.455225e-05 2.2642377e-07 3.4803675e-06 0.00010545808 0.015915431 0.00096595084 5.221081e-07 0.0003996606 2.9896162e-06 5.100699e-07 1.2308511e-05 8.005806e-07 0.0004754087 1.1489249e-05 1.5280157e-06 4.803163e-06 3.6452445e-06 1.8780769e-07 7.726106e-08 0.001983958 2.0199924e-09 4.4985935e-08 1.1222678e-06 5.836656e-06 5.7839056e-06 0.0020004127 0.00038334425
0.7922039 0.36779127 0.00038512473 0.30626684 0.75583106 1.4486713e-05 0.017274315 0.89626753 7.4636446e-06 4.2069896e-06 0.015082178 7.253933e-05 0.0007434912 7.405223e-06 3.4150614e-07 1.6817305e-07 2.6175558e-06 1.17208494e-07 0.9988517 9.228249e-05 2.0268139e-07 3.1714294e-15 3.592286e-05 0.6614533 3.7721193e-07 2.4742822e-06 4.222274e-05 2.4990652e-07 0.024220156 0.00043668144 8.357339e-08 0.6832829 0.23720682 1.3581073e-06 1.0058054e-06 3.3765026e-08 1.366444e-08 0.914317 0.009778598 5.0473594e-09 4.170087e-05 0.027411202 1.0959444e-06 0.83794296 0.01296223 6.2754246e-08 0.38946125 0.0002109255 3.1793402e-07 0.0003261378 8.930441e-07 1.6530882e-08 3.056327e-08 0.076753296 1.196163e-06 9.0847796e-05 1.5066944e-07 3.8632852e-09 0.0064971647 0.00019020346 2.5345723e-06 1.2531975e-06 2.6895464e-07 0.011022009 2.3387948e-08 5.7723626e-09 6.6630015e-08 1.9583677e-08 1.1304736e-06 1.6554136e-08 0.0041357456 5.0065148e-05 2.7896957e-07 3.6976765e-08 4.2744177e-06 6.0785306e-09 0.0009247923 0.0004003734 5.5428427e-07 5.8716194e-07 4.982313e-07 5.903168e-07 1.445806e-07 1.3585743e-07 3.4550583e-06 0.0003910564 1.5317092e-07 1.2362931e-09 5.789101e-05 1.569564e-06 2.9791709e-06 1.01689935e-07 3.5811522e-07 6.0607146e-09 1.7342045e-07 1.6750464e-07 1.203799e-05 1.3758878e-08 4.8093483e-07 7.940452e-07 1.6084837e-08
0.999264 0.024012791 0.17299378 0.0032253556 0.00096719625 0.17725472 0.08634468 0.0001849714 0.8015053 0.04862224 0.004949523 0.014455359 0.7449291 0.9448035 0.14176883 0.27936497 0.814375 0.11497093 0.0012846022 0.0037869483 0.4859691 3.592286e-05 1.443403e-13 0.075652935 0.20718384 0.95159894 0.039680522 0.0659148 4.8102734e-06 0.0003704671 0.055074323 0.021030247 0.018770844 0.060154982 0.0169538 0.13201366 0.048429973 3.9210972e-05 5.6901245e-06 0.06419778 0.16473863 2.773263e-05 0.0075675175 7.234382e-05 6.6766897e-06 0.08136962 2.8283341e-06 0.0003469405 0.002183634 0.32338572 0.0013992686 0.004086446 0.036736477 8.377576e-08 0.6217488 0.00010277708 0.04225461 0.0070910514 0.63351655 0.16954404 0.0001890524 0.00013431083 3.4374374e-05 0.261501 7.427357e-05 4.282916e-05 7.977037e-05 0.002032127 0.001018029 6.702515e-06 0.09807669 0.0014432787 0.12438064 0.0072920816 0.0003566172 2.81232e-06 0.0015737293 0.007861083 0.0001239888 0.000110990404 6.1596193e-06 8.749046e-05 1.2813517e-05 2.6507073e-06 0.0005253868 0.00023851288 0.00010351554 0.0005768853 0.00018423516 0.00012513799 0.00055067963 1.0576153e-06 6.226413e-07 2.2763905e-05 3.073303e-08 4.07727e-08 2.803458e-05 7.845904e-06 7.751949e-07 0.0045248065 3.693858e-05
0.9786859 0.672721 0.0196925 0.43333435 0.9341567 0.0064596287 0.76152223 0.5755709 0.005321543 0.003203815 0.07966715 0.006142631 0.41338152 0.018603358 0.0015063123 0.00030556633 0.0017303374 0.00023774186 0.34237176 0.003659512 0.00027098926 0.6614533 0.075652935 2.9506603e-12 0.0003620803 0.12632655 0.001521265 0.00040742953 0.023951478 0.00024558822 8.84497e-05 0.7302096 0.9808645 0.003590449 0.0006607866 0.00037163327 0.00012485322 0.10783657 0.0015282067 4.0764364e-05 0.011748466 0.02301447 0.0005715973 0.049688164 8.387581e-05 0.00019871238 4.762629e-05 0.010365591 0.00010507039 0.21773244 0.0047439104 9.3167844e-05 0.00012407715 1.9344292e-05 0.0012943682 2.0421536e-05 0.00020222855 4.2022743e-06 0.6191301 0.0008198458 0.0022540719 0.0016387388 5.5377925e-05 0.8526729 1.5029073e-05 1.0924284e-05 2.569535e-05 0.00014191207 0.01409721 1.6569104e-05 0.3529795 0.019934027 0.00022004647 0.00028412786 0.0053304094 7.197342e-06 0.24267888 0.032709327 3.330843e-05 3.404899e-05 2.5866104e-05 6.789336e-05 9.027188e-06 7.7109246e-07 0.00839508 0.013101456 3.883899e-05 3.6404506e-06 0.0019682623 0.0008414779 1.2028579e-05 6.547382e-06 2.0331678e-05 2.5717916e-06 6.476051e-07 3.2133678e-07 0.00083486567 3.753225e-06 8.938967e-06 0.00012291191 3.8504872e-06
0.96316206 1.8457114e-05 8.614986e-06 2.908244e-06 8.470781e-07 6.4932e-05 6.079471e-05 4.6408985e-08 0.0086810645 4.6221954e-05 4.105077e-06 2.5873625e-05 0.0011807238 0.1783213 0.0003658917 0.016548134 0.8391932 0.0009174327 2.7868573e-06 4.771824e-06 0.8933057 3.7721193e-07 0.20718384 0.0003620803 1.6227159e-13 0.635155 6.2584484e-05 0.90292645 8.1228336e-07 1.3344875e-06 0.9401406 5.2866228e-05 4.9991388e-05 0.6197177 0.7129834 0.77533656 0.4059859 1.7290307e-05 8.1050985e-07 0.89546716 0.092318594 9.7820376e-08 0.26316464 2.169113e-08 2.6479017e-07 0.56466925 2.8584495e-08 1.2592462e-06 0.004109449 0.016161436 0.0032760992 0.20325902 0.5308554 9.777947e-09 0.12305677 6.422683e-05 0.2790068 0.43441018 0.040867142 2.5322037e-05 0.00048968 0.00020332559 3.896004e-05 0.0022331174 0.0024744524 0.00013246141 4.9998922e-05 0.019627392 0.00031571888 2.8961893e-05 0.002699634 0.00023343274 0.007836232 0.05801412 5.5190016e-05 9.402998e-06 1.3215586e-05 0.00044980666 0.07066539 0.00075134006 1.0896216e-06 0.0011385401 1.667075e-05 5.5876717e-06 3.105549e-05 4.40384e-06 0.0014590326 1.1925847e-05 8.364057e-05 3.978992e-05 3.848626e-06 6.3488583e-06 9.125557e-07 0.00350178 5.646764e-08 2.3528276e-07 6.523754e-06 1.8485036e-05 2.5046915e-05 0.00119421 0.000320821
0.9738833 0.002144585 0.001930003 0.00021793193 0.00011495898 0.0026587131 0.015316363 9.032091e-07 0.08258609 0.00039981995 2.2395303e-05 0.00015510723 0.22516866 0.77778476 0.0015485754 0.02298117 0.81453925 0.002475748 5.9795122e-05 3.5553443e-05 0.45469266 2.4742822e-06 0.95159894 0.12632655 0.635155 6.2566254e-15 7.260945e-05 0.83939785 1.2753774e-06 4.3828745e-06 0.2610654 0.022122357 0.029614683 0.96829534 0.6503046 0.044357993 0.014960384 2.7137576e-05 5.608549e-07 0.06907103 0.89133245 8.503598e-06 0.1797726 1.855012e-06 6.357671e-07 0.009483376 7.6288885e-08 3.2122202e-06 0.005643085 0.4065025 0.040315174 0.017987814 0.010114365 5.5763383e-08 0.0032189675 8.146554e-06 0.0009892185 0.0017622698 0.4469939 9.863325e-05 0.0013324356 0.0015601354 0.00096552167 0.10766714 0.00029311798 0.0002257865 0.00026646504 0.000456041 0.0031128372 0.0002219369 0.042058863 0.0021186671 0.00049193116 0.00074761873 0.0011681553 6.2354484e-06 0.0010620905 0.0041898335 0.00036325085 4.2752887e-05 5.0537105e-06 0.00012070806 2.3885235e-05 7.422249e-06 0.0002450716 0.00024386837 0.00023493219 1.1402665e-05 0.00025736098 0.00062310265 4.9578135e-05 2.4228111e-06 5.816327e-07 2.0600024e-05 7.2161114e-08 2.232887e-07 0.0001384141 2.7114927e-06 3.4220918e-06 0.0027579356 1.7172695e-05
0.84277916 0.024524879 0.468423 0.0075727734 0.02456982 0.48327968 0.027759414 0.0017892065 0.321784 0.58677804 0.27745035 0.7456607 0.16364293 0.019618023 0.2539121 0.021501247 0.0025662475 0.2320988 5.9971326e-06 0.98267037 0.00023197249 4.222274e-05 0.039680522 0.001521265 6.2584484e-05 7.260945e-05 3.640642e-15 4.7411736e-06 4.8619393e-05 0.9907384 1.7935703e-06 0.0003113177 0.00014414616 8.785127e-06 1.5685038e-05 0.00030313115 0.0005670387 0.032466445 4.3191627e-05 3.9252595e-06 0.00013422978 7.362754e-06 2.095531e-06 1.0682371e-07 4.8041454e-07 0.00030558437 2.1036202e-08 0.29326248 1.6668881e-06 0.000118297176 3.8987414e-06 5.054228e-07 2.1488093e-05 4.0725388e-07 0.28063953 0.42720082 0.0018500459 7.907531e-06 0.00446216 0.92405474 3.469557e-06 1.0873047e-06 3.1943644e-06 0.00019771843 3.907628e-07 2.0112864e-07 1.0525963e-06 3.8423473e-06 3.6129518e-07 3.132299e-06 0.000115685936 9.529102e-06 0.019313805 0.00086039264 1.1263874e-06 1.17317974e-07 1.8853429e-07 1.5179295e-05 2.8955208e-05 0.00011563862 3.741449e-08 3.0522276e-07 1.5394018e-05 6.55986e-07 9.063656e-07 1.8130389e-07 3.5498797e-05 0.0024759124 2.0543237e-06 1.9884828e-06 0.037529144 2.4025449e-06 6.257123e-07 9.762034e-07 5.533489e-07 7.858956e-06 3.7762402e-07 5.6678378e-08 9.201459e-06 0.005268745 2.0407776e-06
0.88830435 2.5671368e-05 1.3001617e-05 1.160269e-06 5.4047337e-07 2.0321693e-05 0.00010369665 2.2294431e-08 0.0015147929 1.9183688e-05 5.5323704e-07 1.8882822e-06 0.00045154197 0.056718335 0.00013726103 0.0022394909 0.50064015 0.00019586051 6.5786617e-07 7.197743e-07 0.3781842 2.4990652e-07 0.0659148 0.00040742953 0.90292645 0.83939785 4.7411736e-06 1.1004292e-13 1.8563286e-06 3.8794306e-07 0.95221084 8.768793e-05 0.00012615808 0.8650212 0.9556946 0.14809287 0.033754088 6.2582835e-06 1.6513944e-06 0.51292115 0.1161883 3.1887933e-07 0.88163215 1.3690155e-09 4.8048673e-08 0.051392876 1.8895243e-09 2.8576767e-07 0.11534535 0.025560902 0.04851854 0.65056163 0.1749086 5.7427096e-10 0.00543905 2.8769264e-06 0.013369371 0.12011467 0.043854687 2.1098334e-05 0.0025677506 0.0021138887 0.0034803092 0.004169091 0.064682856 0.015291887 0.0065588416 0.022045841 0.002262756 0.0007514529 0.0034335635 0.0010076248 0.00030308779 0.0039584064 0.00061014964 0.0003978032 5.4212738e-05 0.0010304089 0.041208707 0.000196229 3.477675e-05 0.0031700216 9.822774e-05 3.3341545e-05 0.00018444262 7.920157e-06 0.0038150086 1.1113244e-06 0.00025647844 0.00021677135 4.904888e-07 6.1294286e-06 4.66608e-06 0.0013603254 5.018719e-07 1.0862994e-06 5.391524e-05 4.9419523e-05 7.359795e-05 0.0005981871 0.00024350094
0.8229373 0.00060640194 8.214811e-06 0.00025844935 0.015755208 7.228669e-06 5.462887e-05 0.029140797 6.3192743e-07 1.562213e-05 0.00038594558 2.0631225e-05 8.730472e-06 1.2340362e-05 1.1088387e-06 3.8582593e-07 1.3743718e-06 7.4475787e-07 0.0021785619 5.83637e-05 4.0360703e-07 0.024220156 4.8102734e-06 0.023951478 8.1228336e-07 1.2753774e-06 4.8619393e-05 1.8563286e-06 2.1495579e-12 0.00023571115 6.3805396e-07 0.703219 0.1252948 2.5207152e-07 2.084909e-07 2.3679588e-07 1.2080225e-06 0.0026466195 0.9955447 1.6927324e-06 1.238592e-05 0.9915768 1.3701133e-06 0.08337714 0.0013153178 7.130389e-06 0.00052041723 0.0002821217 1.6154677e-06 3.113437e-05 6.630088e-07 1.3483561e-06 1.0044213e-06 0.01182678 6.921843e-05 6.910262e-05 8.264355e-06 3.080118e-07 0.0027309996 0.00039057076 7.929812e-07 1.6777179e-07 4.229263e-06 0.020976976 2.7217466e-06 1.1277106e-06 6.975599e-07 3.181676e-07 4.0356645e-06 5.4588686e-06 0.011264853 3.3826058e-05 0.00014431617 1.250271e-05 1.7867407e-05 1.6566552e-06 0.029269611 0.0003172412 2.667288e-05 0.00020674408 7.663266e-07 9.73188e-07 8.802709e-05 2.5698142e-05 8.203158e-05 0.0027969738 2.2890124e-05 1.2226038e-06 0.0009894926 0.00015003103 1.8483985e-06 9.029052e-07 1.8829558e-06 5.9321096e-08 5.195833e-07 1.0980141e-05 8.0702055e-05 9.36141e-06 3.691808e-05 1.3144392e-05 2.8150675e-06
0.17279425 0.019392181 0.042523827 0.027964266 0.019682327 0.04377839 0.010605116 0.013425449 0.0069451192 0.06893561 0.4634829 0.4712013 0.0125259245 0.00017419561 0.0049662064 0.00023920534 9.964228e-06 0.0020574431 0.004774754 0.96670663 2.0852622e-06 0.00043668144 0.0003704671 0.00024558822 1.3344875e-06 4.3828745e-06 0.9907384 3.8794306e-07 0.00023571115 5.2396682e-14 2.1330999e-07 0.0004539153 0.0002997113 3.4766762e-07 5.895606e-07 2.016855e-05 2.0932332e-05 0.8852327 0.00037676955 3.157172e-07 7.457384e-06 3.911435e-05 1.229673e-07 7.711215e-06 2.5509603e-06 8.5333035e-05 1.751401e-06 0.910693 2.0636202e-07 5.208886e-05 2.772628e-07 1.8576657e-06 5.322081e-06 1.7030503e-06 0.011732515 0.9097096 0.00019951658 6.3854395e-07 0.0006294389 0.77253747 1.3529016e-06 7.4744685e-07 4.2491115e-07 0.00016895216 1.7192997e-07 1.1234216e-07 5.656075e-07 1.0295121e-06 2.3300468e-07 6.622052e-08 6.241706e-05 2.0443563e-06 0.0014997745 0.00013520918 4.470359e-08 8.21051e-08 1.1665801e-06 3.5845162e-06 8.604739e-06 0.00010267177 1.2075535e-08 4.6362056e-06 3.4861907e-06 3.9052043e-06 2.0384444e-07 1.4295554e-06 2.8938342e-05 0.0009527799 4.2886745e-07 8.360814e-08 0.008307446 2.8461761e-06 4.572913e-07 1.9225243e-07 2.4237966e-07 1.4489456e-06 4.567744e-07 7.82344e-07 5.075573e-05 0.0033601911 6.3997695e-06
