2.1206523e-16 0.11533537 0.15110034 0.045547076 0.55704993 0.23538435 0.635018 0.82116 0.8377861 0.8095495 0.13694385 0.77113813 0.981099 0.6335506 0.605288 0.039966147 0.91922486 0.96424127 0.71089107 0.77948946 0.99312 0.78611386 0.7793813 0.9585604 0.54197496 0.9775121 0.9829577 0.9790387 0.8858465 0.70229775 0.85410583 0.8768506 0.8700493 0.8002123 0.89360505 0.919238 0.13815159 0.19592404 0.11152026 0.98365194 0.95446175 0.96582055 0.9840323 0.7510563 0.9882013 0.94496626 0.9199706 0.9456115 0.915531 0.8768897 0.89911187 0.6372185 0.0056687035 0.8238662 0.85472184 0.508061 0.7562968 0.0145292105 0.93328595 0.75345105 0.9129914 0.74900824 0.9287867 0.00030134668 0.42514512 0.7037868 0.8761728 0.867452 0.89735407 0.00013818937 0.938978 0.12816095 0.8518487 0.9174272 0.8337255 0.92876095 0.022950226 0.908616 0.09866017 0.61376613 0.97234637 0.75559497 0.93375695 0.9307253 0.9300656 0.9799714 7.410497e-05 0.87134147 0.99881244 0.9995966 0.97426003 4.094618e-06 0.820233 0.0076817973 0.84056854 0.97614676 0.9912985 0.9992376 0.9997774 0.6108477 0.0014515894
0.11533537 2.080366e-15 0.9434441 0.99736714 0.87726814 0.0047017885 0.80086493 0.14045982 0.7791143 0.8097326 0.060798045 0.0017621446 0.16997811 5.266258e-05 0.001014563 0.00031186093 0.035829183 0.0083807735 3.068218e-05 6.6002067e-06 0.00067265827 0.0017711269 4.7421436e-05 0.00025680542 0.00022790744 0.0028723183 0.00013457239 0.0032785689 7.773429e-06 1.2969593e-05 7.938472e-06 5.2053288e-06 7.4755408e-06 1.9820156e-06 3.974568e-06 3.502137e-07 1.3258152e-05 3.161821e-07 4.5701076e-06 0.00013310775 0.0009688768 1.5426747e-05 1.4192823e-05 7.1902406e-08 7.485765e-06 0.00014021555 2.159117e-05 5.779491e-07 0.00016188531 1.5072305e-05 2.1128093e-07 1.9453917e-06 4.0797656e-07 9.273499e-07 1.1145489e-06 9.419351e-06 3.4735363e-06 2.7208267e-07 5.751063e-06 2.3035832e-06 3.2258142e-06 1.3385828e-06 1.3762749e-06 5.651063e-08 1.021193e-07 7.367523e-08 1.7714866e-06 1.8492405e-05 2.0409686e-06 3.255678e-08 5.5727764e-06 4.8560634e-07 7.9908176e-07 4.3463865e-06 2.8557918e-07 3.780166e-06 1.3328887e-06 1.710661e-05 2.3161978e-07 2.7257795e-07 4.5455445e-06 8.417635e-08 5.200404e-05 9.924142e-06 1.8281182e-05 9.5565265e-05 1.0605362e-08 3.8666635e-06 4.5217927e-05 1.4372373e-05 1.9229453e-06 3.2331144e-09 4.154152e-08 1.2283702e-08 6.283291e-07 4.9862496e-07 2.2158013e-06 9.49412e-05 1.6264303e-05 4.333091e-09 1.1681373e-08
0.15110034 0.9434441 3.8058048e-14 0.6642764 0.85192215 0.9869819 0.9344846 0.9462479 0.3044526 0.064271994 0.00026865047 0.83267444 0.038086444 0.20020087 6.721106e-05 8.468394e-06 0.006716455 0.0047311066 8.3964806e-05 2.164787e-05 0.010973612 0.00029379973 2.4243956e-05 5.5608605e-05 1.0733841e-05 0.03783185 1.6080092e-05 0.005259726 0.00010296044 5.241021e-05 4.4707194e-05 2.2543501e-05 3.981907e-05 3.5874662e-05 9.602425e-05 4.699394e-06 7.5630436e-07 0.00018512053 0.0004830577 0.0009205541 0.00091334677 0.00015889412 2.7313641e-05 1.3084704e-06 1.2204913e-05 0.00018730108 2.1792765e-05 1.261988e-05 0.00012987558 6.836832e-05 7.4325726e-07 5.174984e-05 1.5202607e-05 2.215124e-05 9.471651e-06 0.000111343456 1.3739047e-05 5.4644573e-08 6.739807e-06 2.1056455e-06 8.998862e-07 1.3794798e-06 1.1795008e-06 1.7182481e-08 1.2480118e-06 3.037094e-07 2.454709e-06 1.9774514e-05 2.666272e-06 7.8246046e-07 1.0486142e-05 2.3679986e-06 1.9899342e-06 3.4403547e-06 1.2168366e-06 8.993856e-06 5.8422786e-05 3.8623057e-05 1.2378361e-07 1.1434414e-06 1.2685861e-05 7.20222e-07 7.365806e-05 3.1059044e-05 5.6240395e-05 0.00016662906 4.4669557e-09 3.5227329e-06 0.00011721045 2.2382277e-05 5.34694e-07 2.4201531e-08 4.6976556e-08 1.240158e-07 1.4797345e-06 2.2816362e-06 3.968875e-06 0.00019829003 1.9152285e-05 6.019436e-09 2.6404287e-08
0.045547076 0.99736714 0.6642764 8.0465365e-14 0.33009657 0.0014089165 0.07661097 0.005421011 0.41966358 0.8767544 0.9569147 0.00064803363 0.121658914 2.8530899e-06 0.04668447 0.085048094 0.10714793 0.011389191 6.226125e-06 1.9128581e-06 1.6174867e-05 0.004381755 0.00086520123 0.00031446337 0.00548231 0.0003002365 0.00027375564 0.0030416201 1.2415101e-06 1.339598e-06 7.0395413e-07 3.2972093e-05 1.8875478e-06 3.3912391e-07 3.7851643e-07 3.8053824e-07 0.00032599413 6.328031e-07 1.2950577e-06 1.0956072e-05 0.00077680574 2.4850278e-06 1.5368896e-06 2.2526136e-07 2.3604587e-06 7.046783e-05 6.54013e-06 5.3954847e-07 3.4275414e-05 1.2821414e-05 3.2932256e-08 3.6326796e-07 1.7571854e-07 2.4407112e-07 1.7926666e-05 1.04893425e-05 1.5601845e-06 2.0642099e-06 2.8062638e-07 2.6988407e-06 1.0854212e-06 4.6370081e-07 3.5071204e-07 2.203193e-07 4.814006e-07 3.8701604e-08 1.305134e-06 2.9933408e-05 3.7218936e-06 7.482673e-08 3.6704516e-06 8.474579e-07 9.000423e-07 1.8207372e-07 2.3510128e-07 3.9335973e-06 2.386983e-06 4.111597e-06 2.957756e-07 5.4065896e-07 9.906605e-07 1.3101766e-07 2.6363365e-05 8.979329e-06 6.560686e-05 0.00010429319 3.8100993e-09 1.7615101e-06 3.4229557e-05 1.8166302e-05 5.745912e-07 3.4995946e-08 2.308956e-08 3.613991e-08 4.2534862e-07 2.004876e-06 2.1009778e-06 0.00018383097 1.1296841e-05 6.814032e-10 2.0535262e-08
0.55704993 0.87726814 0.85192215 0.33009657 1.6290844e-11 0.24420857 0.9872616 0.84666353 0.9862325 0.22997904 0.005098842 0.04423985 0.3470843 0.010913481 0.00015127654 0.00011290095 0.02229894 0.018875062 5.8926224e-05 3.0370391e-05 0.04094581 0.0018307936 1.591467e-05 0.00014564532 3.2822038e-05 0.20347768 5.4965934e-05 0.044739943 0.000109068205 2.982379e-05 7.0449455e-06 2.4483345e-05 1.3377795e-05 2.1340034e-05 0.00010135578 4.3573355e-06 8.1448954e-05 7.6130986e-05 0.0004960266 0.026373407 0.021989003 0.0039450563 9.474212e-05 1.2629952e-06 1.38528e-05 0.009008694 0.0002663972 3.0412025e-06 0.002557874 0.0020793474 6.2836557e-07 4.0355244e-05 3.1575632e-07 1.1293028e-05 4.679228e-05 1.3880213e-05 3.7498103e-05 1.03519135e-07 5.4580072e-05 1.9228472e-05 7.398204e-05 4.7848505e-05 4.3840073e-06 8.413333e-08 4.958743e-06 3.0632302e-07 1.2454644e-05 5.073551e-05 5.3489925e-06 1.4291362e-07 5.6801837e-05 4.280227e-06 9.76507e-07 1.2211227e-06 3.3413148e-06 9.361473e-06 6.471276e-06 0.00038083596 1.4698394e-07 7.063358e-06 1.332655e-06 1.9841269e-07 0.000779093 2.5764277e-05 0.00046997846 0.0011337457 2.0624249e-08 1.7834023e-05 0.00015163417 0.0003147262 3.56977e-07 3.9711843e-08 1.3688172e-07 2.266756e-06 6.1986293e-06 6.090749e-06 5.3070806e-05 0.00063738227 0.000154541 9.392305e-08 5.1874085e-08
0.23538435 0.0047017885 0.9869819 0.0014089165 0.24420857 5.3805024e-14 0.6482814 0.94392353 0.04471579 0.004169391 3.1898395e-05 0.9825354 0.011157906 0.8378215 3.040102e-05 9.996337e-07 0.0024875237 0.0018270724 0.0019903958 0.0012972297 0.028832756 3.764034e-05 3.180206e-06 1.8977958e-05 1.1750285e-05 0.05520742 4.170061e-06 0.00377939 0.0019167779 0.00037039397 0.00020568605 1.0958581e-05 0.00022999746 0.00019190085 0.006567391 4.1283565e-05 4.3114628e-07 0.003173034 0.013933067 0.0033841047 0.00052578497 0.0005077501 0.00033749448 9.3706285e-06 8.593238e-05 0.00040840634 6.5737135e-05 9.905141e-05 0.0005937615 0.00021413906 2.790309e-06 0.0002811816 0.0002068569 0.00023369603 4.8691477e-06 0.00044343274 1.5088442e-05 2.760814e-08 7.251927e-05 1.3167296e-06 7.2853317e-07 6.4763944e-06 9.773255e-06 1.0087313e-08 2.3002387e-05 1.9950848e-07 1.417284e-06 5.8553305e-05 5.1449447e-06 1.6751661e-05 1.4396106e-05 3.631814e-05 3.7568598e-06 2.9513926e-06 5.1777265e-06 6.8230524e-06 0.00015899098 0.00030177776 2.1672948e-07 5.933961e-06 1.1658811e-05 7.4098745e-07 0.00014182304 3.031067e-05 0.00015846691 0.00041401555 2.935178e-09 6.054952e-06 9.585388e-05 8.9764224e-05 3.9947995e-06 9.470286e-08 8.797808e-07 5.5446407e-07 2.0698042e-06 2.3239743e-06 8.560465e-06 0.00023989026 7.33613e-05 4.592048e-08 5.6010975e-07
0.635018 0.80086493 0.9344846 0.07661097 0.9872616 0.6482814 2.0920032e-13 0.9712327 0.8789581 0.102156766 0.0010636023 0.12342579 0.27517968 0.121970735 3.0020257e-05 5.9505765e-06 0.01827753 0.021197999 0.0008240885 0.00027940428 0.1472364 0.0010544914 7.9299184e-07 3.8671304e-05 1.0025078e-05 0.48941207 3.0992155e-06 0.035003897 0.0006947384 0.00021202344 0.000103632585 7.369979e-07 4.7819583e-05 0.00013327006 0.00086812756 1.6761842e-05 1.7571887e-07 0.00018264164 0.000663712 0.05881388 0.03114652 0.022140916 0.0010062867 2.2338754e-05 0.00040379536 0.018977648 0.0011023533 3.0728213e-05 0.0073623154 0.010402272 7.3938336e-06 0.0002826967 3.6816523e-06 3.3706587e-05 3.3172153e-05 1.7103624e-05 0.00046049457 2.0875722e-08 0.001759326 2.2211634e-05 1.7359967e-05 4.6205776e-05 5.882392e-05 3.7992887e-08 8.309155e-06 3.2502945e-07 4.5626957e-06 8.08967e-05 5.7611775e-05 5.518675e-07 0.00010891729 4.6780874e-06 4.043186e-07 2.409155e-06 3.2544708e-06 9.1768205e-05 7.509511e-06 0.0020286753 1.4960773e-07 1.0368027e-05 6.508907e-06 7.365566e-07 0.0013029025 0.00024519413 0.00070010225 0.0023195914 1.0900929e-09 1.8626675e-05 0.00012858082 0.0008868237 2.504148e-06 3.5092447e-09 1.0878274e-06 1.1565791e-06 2.5342013e-05 2.8361674e-06 4.690482e-05 0.0008061841 0.0003562353 4.3807958e-07 1.3822974e-07
0.82116 0.14045982 0.9462479 0.005421011 0.84666353 0.94392353 0.9712327 6.1494368e-15 0.38343337 0.011054874 6.113028e-05 0.60961515 0.107311375 0.88372904 7.1332073e-07 6.1953497e-06 0.0046013226 0.0068256306 0.025115611 0.00956748 0.47830155 0.0004841163 3.9299375e-06 2.23356e-05 1.685666e-05 0.7226664 5.7110055e-06 0.040488396 0.01997872 0.0016983566 0.0009198354 5.2807616e-07 0.00094592205 0.00078684214 0.10687607 0.0005085851 3.670621e-09 0.023891645 0.0724629 0.14671615 0.025044026 0.04026957 0.003593683 0.00011333006 0.0015475713 0.017171673 0.0012301875 0.0012152016 0.011408486 0.021658756 1.0508466e-05 0.0093146525 0.000723244 0.012447746 4.426183e-05 0.013084373 0.00037037084 1.0841135e-08 0.0014356147 6.5904514e-06 1.8915727e-05 3.4962974e-05 0.00014534408 4.8951864e-07 0.00037785948 7.524235e-08 1.3393643e-06 1.5915808e-05 7.474526e-05 5.4316653e-05 5.6952143e-05 0.0017734689 1.2513482e-07 1.7381271e-05 4.7716585e-05 6.0415814e-06 0.00055077573 0.0008963326 1.3084123e-07 0.0010067599 2.8506573e-05 3.8526926e-07 0.0009296784 9.878982e-05 0.0011916463 0.0022825352 3.5711425e-09 6.2479544e-06 5.4827095e-05 0.0015613656 1.4982484e-06 3.4068297e-08 4.387362e-06 1.7866837e-06 3.6148926e-05 9.054796e-06 3.7097056e-05 0.000703779 0.00025603268 5.843526e-07 2.1818064e-06
0.8377861 0.7791143 0.3044526 0.41966358 0.9862325 0.04471579 0.8789581 0.38343337 8.7423547e-13 0.6838132 0.05099354 0.01293729 0.9873435 0.0028458224 0.0032965853 0.000553231 0.24612068 0.3020449 2.5066556e-05 1.6347714e-05 0.027258735 0.011408427 3.0476322e-05 0.00061059435 0.000100377976 0.3129198 5.5302662e-05 0.2744712 2.2375127e-05 9.267023e-06 3.6233746e-06 2.4285308e-05 8.140388e-06 5.7183306e-06 6.86917e-05 1.3032547e-06 5.583637e-05 3.885364e-06 0.00011478346 0.09064482 0.09178408 0.017655669 0.00011334466 3.0256058e-07 1.8926356e-05 0.052378736 0.0041338746 3.0692202e-06 0.0184996 0.016242107 1.5115228e-07 4.5521647e-06 1.9244945e-07 2.051078e-06 7.988647e-05 7.87357e-06 0.00010210669 1.0686161e-07 0.00020837475 5.2089857e-05 0.00035614733 0.00033892968 4.548307e-06 5.233584e-07 1.7900982e-06 7.062475e-08 5.852726e-06 2.16929e-05 3.4701197e-06 1.1487051e-08 0.00013016672 1.323985e-06 2.6029198e-07 2.9245214e-07 6.559335e-07 3.5199875e-05 3.1031018e-06 0.00053613906 1.5540462e-07 5.076399e-06 4.80029e-07 3.856624e-08 0.0016152267 4.361174e-05 0.0005876311 0.0031919118 6.774873e-09 9.8880255e-06 0.00012567641 0.0011992184 3.144602e-07 5.7369864e-09 2.885352e-07 6.3713645e-07 4.529434e-06 3.875376e-06 4.1944768e-05 0.00069978985 0.0003414415 5.476603e-08 3.3042237e-08
0.8095495 0.8097326 0.064271994 0.8767544 0.22997904 0.004169391 0.102156766 0.011054874 0.6838132 1.1080191e-14 0.9646381 0.0002989066 0.8884303 1.2454454e-05 0.8233379 0.24574345 0.9642103 0.6438977 5.9526483e-06 3.028202e-06 0.002139831 0.2990363 0.019743513 0.012946941 0.021166224 0.0224775 0.010223689 0.2452492 3.7657842e-06 2.897312e-06 1.6688182e-05 0.00075735204 3.2532046e-06 6.819159e-07 5.0822916e-07 1.17466755e-07 0.001573469 7.270922e-07 1.12296746e-07 0.009597362 0.09006051 0.0008087556 4.9894414e-05 2.767779e-08 1.45544855e-05 0.022145638 0.008053622 8.146426e-07 0.011221192 0.0018209486 3.002305e-08 7.537489e-07 1.2257928e-07 1.4155731e-07 0.00029014598 5.131934e-06 1.6210553e-05 1.2926847e-06 4.836869e-05 0.00017854641 0.0004951116 0.00046786387 2.9162736e-06 2.6582009e-06 5.0509277e-07 7.90937e-08 6.5032054e-06 3.6194186e-05 5.970213e-07 1.1837208e-08 0.00039375533 2.2424325e-07 2.1983072e-07 2.7456258e-07 6.1607085e-07 0.000114068265 1.5045371e-06 0.0005011426 1.3647764e-07 1.81991e-06 2.5638144e-07 1.2248514e-08 0.0024004243 1.2899602e-05 0.00038750493 0.0047669876 1.7860983e-09 1.0745681e-05 0.00031709665 0.0009820863 1.9175822e-07 1.2327422e-09 9.030407e-08 4.7008193e-08 1.0272599e-05 7.183483e-06 7.286396e-05 0.0007882347 0.00038584182 2.6277778e-08 5.8113844e-08
0.13694385 0.060798045 0.00026865047 0.9569147 0.005098842 3.1898395e-05 0.0010636023 6.113028e-05 0.05099354 0.9646381 9.237597e-15 6.5272384e-06 0.08807396 1.074292e-06 0.9351901 0.9676576 0.676071 0.23097904 3.6521099e-06 7.034844e-07 6.169634e-05 0.31611922 0.09073131 0.0027364339 0.07447078 0.00096750853 0.012486089 0.014496569 2.215028e-06 1.8098939e-06 6.059732e-07 0.0024912115 1.6200114e-06 1.4620844e-07 1.6947878e-07 4.2195802e-07 0.00097229984 4.949912e-06 8.8015376e-08 0.00011876345 0.002604076 7.985398e-06 4.475798e-06 2.5801896e-07 2.755398e-06 0.00025876402 0.00027717202 5.6013782e-06 0.00047300328 5.6193534e-05 3.7474486e-08 1.9683448e-07 2.3950117e-06 4.124012e-07 3.7224672e-05 2.0198077e-05 8.729618e-07 6.547039e-06 5.433512e-06 7.536695e-06 3.9608e-05 3.4265548e-05 3.636937e-07 1.0276718e-06 4.0829086e-06 4.7168672e-07 2.4122943e-05 2.891933e-05 3.2205068e-07 6.6159046e-08 2.0643583e-05 3.0956724e-07 4.2251636e-06 3.2666117e-07 1.1185409e-06 2.7826387e-05 8.734156e-05 3.4229197e-05 3.0197165e-07 1.0858606e-05 1.1461966e-05 3.7745878e-07 0.00035565568 4.9404657e-06 0.00010518337 0.00046519152 2.6885038e-08 1.08188115e-05 7.392646e-05 0.00015551709 2.165544e-06 2.3459075e-08 8.83548e-08 2.8251693e-08 3.7027706e-07 1.08070235e-05 2.2684177e-05 0.0006438536 0.00010521658 1.677709e-08 3.22004e-07
0.77113813 0.0017621446 0.83267444 0.00064803363 0.04423985 0.9825354 0.12342579 0.60961515 0.01293729 0.0002989066 6.5272384e-06 1.2387499e-13 0.0065533333 0.9981143 1.1161493e-05 4.0288404e-07 0.0003388387 0.0002867066 0.00960624 0.017182067 0.27908432 9.341072e-07 3.0785995e-07 2.9201652e-07 1.4960074e-07 0.1451387 1.5792115e-07 0.00041595576 0.032605726 0.0004398963 7.805197e-05 3.1845277e-06 0.00037424453 9.697666e-05 0.1923245 4.3704633e-05 3.5974715e-08 0.06599698 0.540007 0.0029480185 0.00015540174 0.00024171891 5.4826465e-05 2.6070512e-07 7.346748e-06 7.154028e-05 1.5816606e-07 6.561478e-06 1.3556106e-05 2.4649475e-05 4.469743e-07 0.0004745802 0.005340158 0.001546869 1.0036653e-05 0.006486256 5.393792e-07 7.605613e-08 8.667055e-07 4.4449457e-08 5.631072e-08 1.4487735e-07 2.0343235e-07 8.183006e-09 2.7420698e-05 2.2994949e-07 1.5063179e-07 2.5593488e-07 1.3892688e-07 0.001271236 8.0378754e-07 0.0005848656 5.985916e-08 2.551078e-07 3.3335027e-07 1.0841099e-07 0.0019615623 4.829335e-06 7.001129e-08 3.4117622e-06 8.436244e-07 6.209652e-08 3.327893e-05 3.9591683e-07 0.00021458183 0.000991812 7.074093e-09 1.6564861e-06 1.4719827e-05 0.00026436517 6.842418e-08 1.0169199e-05 2.925079e-09 1.8146388e-07 4.262108e-08 4.107756e-06 6.391243e-06 0.00021873754 9.341487e-06 9.1331004e-10 8.129347e-06
0.981099 0.16997811 0.038086444 0.121658914 0.3470843 0.011157906 0.27517968 0.107311375 0.9873435 0.8884303 0.08807396 0.0065533333 3.830284e-12 0.002066277 0.036972016 0.0014685818 0.63164145 0.81475693 0.00016399146 0.00011394498 0.016666172 0.10145218 0.00022819279 0.004615584 0.0003273109 0.41484737 0.00054365967 0.85632354 3.7210015e-05 3.6754413e-05 6.565913e-05 0.00011498594 2.4538886e-05 9.677991e-06 7.919738e-05 2.8218087e-06 0.00016685948 4.558725e-06 2.4840812e-05 0.23161721 0.50772744 0.04494376 0.0001632216 1.1628323e-06 8.230004e-05 0.23094006 0.034848563 3.5939602e-06 0.13902654 0.051161394 5.148093e-07 1.5102959e-06 9.524849e-08 3.0881313e-06 6.212949e-05 4.585646e-06 0.0019949605 4.900623e-07 0.007717499 0.00017741429 0.00092880364 0.004813447 1.953163e-05 1.6026803e-08 2.1846295e-06 1.946195e-06 1.0727354e-05 3.8172577e-05 1.8744913e-05 9.340724e-09 0.0015181889 1.2497221e-06 5.94958e-07 7.6439454e-07 1.9672912e-06 0.000462192 4.629883e-06 0.0032985243 1.8388586e-06 6.5636373e-06 1.927938e-06 2.9733704e-07 0.0066181268 0.00021098006 0.0032850143 0.027128063 1.9552837e-09 4.0011917e-05 0.00050164654 0.010556002 3.093965e-06 4.4764317e-09 6.25106e-06 4.227876e-06 1.3322083e-05 2.3686569e-05 0.00035918274 0.004046896 0.0022722783 5.5224393e-07 2.4565483e-07
0.6335506 5.266258e-05 0.20020087 2.8530899e-06 0.010913481 0.8378215 0.121970735 0.88372904 0.0028458224 1.2454454e-05 1.074292e-06 0.9981143 0.002066277 5.0484993e-15 4.9297814e-08 1.196378e-07 0.00010833209 0.00018385114 0.64206207 0.7258158 0.41889748 1.6163902e-05 7.747604e-07 5.730403e-07 9.669725e-06 0.3107204 4.857425e-07 0.00073744194 0.79163855 0.039064683 0.0027399606 8.32506e-06 0.017200725 0.02523409 0.8631699 0.022660566 4.8443513e-07 0.41827548 0.49197066 0.06338872 0.0011268812 0.012691629 0.010095626 0.002516805 0.0032015014 0.0010310125 0.00025418878 0.00036397076 0.000625534 0.0025474974 2.5905478e-05 0.0238175 0.0028141255 0.012383246 1.431191e-06 0.023991376 3.9505696e-05 9.178934e-08 0.00021416887 1.9628608e-06 1.5451549e-06 1.2257864e-06 7.223042e-05 1.2380469e-08 5.1637642e-05 1.9509878e-06 6.594777e-06 8.615482e-07 5.0998045e-05 0.0002523194 0.00013882086 0.00042794066 1.5377437e-07 5.658886e-05 1.4152871e-05 5.7023607e-07 0.001099903 0.0002824426 3.8696828e-07 2.386472e-05 3.1535037e-05 1.7327026e-06 0.00021082173 1.5602358e-05 0.0005963174 0.00038221205 4.996117e-09 3.8572364e-07 6.770979e-05 0.0005499929 8.550968e-06 2.823618e-06 2.2245522e-06 4.582114e-06 8.030838e-06 1.6348619e-07 1.6478988e-06 0.00047788015 7.94649e-05 4.566491e-08 1.0590704e-05
0.605288 0.001014563 6.721106e-05 0.04668447 0.00015127654 3.040102e-05 3.0020257e-05 7.1332073e-07 0.0032965853 0.8233379 0.9351901 1.1161493e-05 0.036972016 4.9297814e-08 6.8645826e-17 0.9906236 0.8546478 0.47617182 3.5728013e-07 2.1339402e-07 7.458483e-05 0.83750093 0.81341857 0.06254946 0.1624269 0.00070073747 0.54719007 0.10435518 1.9760025e-06 3.182141e-08 1.13872886e-07 0.20706001 5.0694076e-08 1.0473718e-07 3.4120194e-06 1.8411097e-08 0.021206178 2.199929e-08 1.16495066e-07 0.0004735417 0.052183054 4.372452e-05 2.699567e-06 3.734505e-08 4.1070666e-06 0.0077934717 0.01328982 1.1988256e-07 0.008130055 0.0004956899 2.8548033e-07 9.914879e-08 2.2062291e-07 2.1389646e-07 0.0048888004 2.7048614e-07 3.9661412e-05 0.00014465667 1.5022939e-05 0.0020787744 0.0042766673 0.0049525923 2.9566154e-06 0.00023104213 1.1180621e-06 2.8502848e-07 0.00035470573 0.0011408846 9.886785e-07 1.4546191e-08 0.0008826218 4.0166388e-08 0.00010489037 9.040244e-07 4.0827e-09 0.0010674989 1.1449756e-06 0.00011596905 3.43244e-06 2.4688314e-05 3.3722392e-06 2.4037146e-09 0.0010561977 2.4210997e-06 0.00025987794 0.0044539673 3.988864e-06 0.00037592917 0.00091866194 0.000216355 2.694924e-06 1.2904865e-09 8.165964e-07 1.38595e-07 1.2295469e-06 0.0005733774 0.0008827826 0.0004089514 0.00047783187 1.9601352e-08 1.3487103e-07
0.039966147 0.00031186093 8.468394e-06 0.085048094 0.00011290095 9.996337e-07 5.9505765e-06 6.1953497e-06 0.000553231 0.24574345 0.9676576 4.0288404e-07 0.0014685818 1.196378e-07 0.9906236 4.1705128e-16 0.111281335 0.008844068 2.1088729e-06 9.869295e-08 7.748841e-06 0.021951571 0.55515635 0.0012592206 0.9484655 6.348916e-05 0.08214425 0.0030271786 1.5054054e-06 1.0184343e-06 1.9821687e-06 0.11289339 6.5767796e-07 6.690011e-08 1.180355e-06 7.14821e-07 0.019797795 9.456447e-07 1.6622543e-08 4.5929482e-05 0.0013499715 2.7190954e-06 3.3007757e-06 3.4740182e-07 1.6830808e-06 0.00019164005 0.00011493178 3.876354e-05 0.00013458356 2.5573776e-05 1.9954578e-07 7.7786535e-07 8.8220133e-07 3.8021173e-07 0.0008843288 1.3150022e-05 9.109653e-07 0.0014017215 2.1817127e-06 0.00012009729 0.00024958723 1.979795e-05 4.5648738e-07 0.0009579623 1.3436451e-06 2.6506268e-06 0.00015908896 0.0002627603 1.7088902e-07 2.393179e-09 6.284249e-05 2.752508e-07 2.5065194e-05 7.439827e-07 4.048061e-06 4.816509e-05 2.316768e-05 7.073706e-06 1.0136023e-06 3.5114697e-06 3.0651765e-05 3.3809056e-07 4.4301487e-05 2.536531e-06 1.9607758e-05 0.00017065997 4.1486192e-07 1.3123575e-05 0.00015643143 4.0039515e-05 6.0109573e-07 1.0288113e-08 1.2115424e-08 8.0226625e-10 3.811366e-08 8.490147e-06 8.711426e-06 0.00018857126 8.331635e-06 4.4676884e-09 1.6633048e-07
0.91922486 0.035829183 0.006716455 0.10714793 0.02229894 0.0024875237 0.01827753 0.0046013226 0.24612068 0.9642103 0.676071 0.0003388387 0.63164145 0.00010833209 0.8546478 0.111281335 5.632115e-15 0.97335035 1.5967804e-05 1.6924316e-05 0.0005565545 0.7366344 0.04611855 0.27564678 0.013897136 0.01516234 0.16287318 0.73831785 3.2442847e-06 1.4202057e-05 1.5049511e-05 0.016730206 1.4020371e-05 2.1951198e-06 3.8096764e-06 6.403448e-07 0.022079162 4.0973723e-06 4.8319972e-08 0.0049409256 0.42486387 0.0011808088 2.4142484e-05 3.3083813e-07 1.6951082e-05 0.110393465 0.061675694 2.5701306e-07 0.07195663 0.0027150612 3.2749557e-07 2.7600703e-07 6.659901e-08 5.4393945e-07 0.0028138105 1.9929425e-06 0.0001854782 4.666153e-05 0.00088231335 0.0014497059 0.0037677854 0.009094655 5.495532e-06 2.8761635e-06 8.9756605e-07 1.0683809e-05 0.0001501222 0.00029037189 2.2970391e-06 1.05186775e-08 0.007962193 4.953985e-07 9.821889e-06 4.0661897e-07 4.2653514e-07 0.0013605057 6.1163487e-06 0.0019186398 3.9309063e-07 3.5938506e-06 3.6825003e-07 8.2089724e-07 0.008133106 3.166133e-05 0.0012515942 0.02853136 1.3976775e-08 8.685258e-05 0.0020759671 0.002824566 3.1581549e-06 3.842439e-08 1.0381162e-06 2.9867024e-07 1.1631778e-05 2.3634988e-05 0.00065998454 0.0054287505 0.004985867 6.692052e-08 4.3547826e-07
0.96424127 0.0083807735 0.0047311066 0.011389191 0.018875062 0.0018270724 0.021197999 0.0068256306 0.3020449 0.6438977 0.23097904 0.0002867066 0.81475693 0.00018385114 0.47617182 0.008844068 0.97335035 6.0182928e-15 5.6000998e-05 5.0135528e-05 0.00080835546 0.76888305 0.0101943435 0.4467004 0.008606147 0.06540488 0.06557788 0.96110255 6.9498333e-06 3.1328058e-05 4.4883844e-05 0.0036782082 2.5323436e-05 6.2229497e-06 4.3124687e-06 2.690062e-07 0.002292971 6.3776047e-06 2.3481358e-07 0.030389814 0.81088096 0.0034681268 2.4808096e-05 9.742558e-07 4.1949806e-05 0.27617893 0.14872286 6.4263895e-07 0.11693381 0.017196797 9.265613e-07 2.1694454e-07 9.133405e-08 1.3763747e-06 0.0016394539 2.5469785e-06 0.001604662 1.8414918e-05 0.008826842 0.0012881745 0.004442713 0.023355065 2.5636411e-05 3.5962505e-06 1.3937375e-06 7.909326e-06 0.00015073923 0.0004401349 2.9732713e-05 3.8227306e-08 0.013042755 1.1944918e-06 9.011671e-06 9.1934635e-07 3.6273264e-06 0.0025258653 1.2226895e-05 0.006491263 1.0168534e-06 3.6404329e-06 1.4175326e-06 5.0025966e-07 0.017313227 0.00052784313 0.002603465 0.058701064 1.03854285e-08 0.00013147182 0.0012671317 0.010555695 4.4587974e-05 1.1104498e-07 2.5810536e-05 5.0608824e-06 5.9784914e-05 4.3296917e-05 0.0007336106 0.0099626845 0.009565336 1.6761233e-07 3.6620267e-07
0.71089107 3.068218e-05 8.3964806e-05 6.226125e-06 5.8926224e-05 0.0019903958 0.0008240885 0.025115611 2.5066556e-05 5.9526483e-06 3.6521099e-06 0.00960624 0.00016399146 0.64206207 3.5728013e-07 2.1088729e-06 1.5967804e-05 5.6000998e-05 4.375043e-14 0.9970093 0.89202183 1.1218516e-06 9.3291425e-07 7.7319434e-08 5.5708474e-06 0.744746 1.3255433e-07 0.0018411372 0.7067629 0.8923083 0.51718897 3.2975e-06 0.53695786 0.47627658 0.14806806 0.115732096 6.9070524e-07 0.022415634 0.0096261455 0.3030142 0.0018285062 0.22979788 0.24434799 0.03597274 0.058396984 0.004855701 4.597486e-06 0.029715724 0.00036977508 0.043269508 0.003685292 0.08356024 7.10952e-05 0.022242155 4.0921532e-07 0.023707088 0.0018961729 3.4073966e-07 0.0011680446 1.0149442e-07 5.66836e-07 1.400669e-06 0.0020139413 1.3581682e-06 0.0009523683 2.6024645e-06 7.24038e-07 4.3658645e-07 0.00096273667 1.1340017e-05 2.5226993e-05 0.0026747338 2.1486021e-07 0.00015146896 0.0005938105 5.311187e-07 0.00024683477 0.0016494846 4.4395697e-06 0.00032271558 9.7117525e-05 5.970734e-06 0.0010200542 0.00036828168 0.0035101557 0.0009361705 1.5316266e-08 1.5380627e-06 3.3073597e-05 0.004149197 1.3506932e-06 1.3894669e-06 9.269259e-06 4.5504244e-06 1.2186117e-05 1.1045305e-06 0.00012491751 0.00094930344 9.1964896e-05 6.622151e-07 4.7191147e-06
0.77948946 6.6002067e-06 2.164787e-05 1.9128581e-06 3.0370391e-05 0.0012972297 0.00027940428 0.00956748 1.6347714e-05 3.028202e-06 7.034844e-07 0.017182067 0.00011394498 0.7258158 2.1339402e-07 9.869295e-08 1.6924316e-05 5.0135528e-05 0.9970093 5.0581377e-15 0.82368684 1.8375225e-06 5.1631287e-07 1.330743e-07 2.6117584e-06 0.43957648 1.0239372e-07 0.0014883757 0.89240956 0.72907794 0.18944502 1.010984e-06 0.60831106 0.6695339 0.44632986 0.24092105 3.7036392e-07 0.1681364 0.026402524 0.25462663 0.0016008447 0.138741 0.15744686 0.028700436 0.040034316 0.004180434 5.519385e-07 0.032044705 0.00035920672 0.0241147 0.0011221647 0.18441354 0.0004491718 0.07538582 2.9931894e-07 0.094819464 0.0011712208 9.93976e-08 0.0009417043 6.007244e-09 9.6374e-08 6.509298e-08 0.0010292236 5.2339577e-09 0.0010944405 6.2765245e-08 1.5000663e-07 3.0391785e-08 0.0006328294 4.6541714e-05 7.625157e-06 0.008649942 4.8219224e-09 7.0689144e-05 0.00033122537 1.3720642e-08 0.0011021809 0.0005681457 4.791341e-08 0.00026449 6.7461e-05 4.4255918e-07 0.0005821511 0.00011479234 0.002512916 0.0006626362 1.1075127e-09 2.774162e-07 1.1076323e-05 0.004715696 5.317839e-06 3.1597785e-06 7.632535e-06 5.675145e-06 5.9220315e-06 1.6068012e-07 2.9046878e-06 0.0012478399 0.00011300219 1.1451619e-07 1.9941546e-05
0.99312 0.00067265827 0.010973612 1.6174867e-05 0.04094581 0.028832756 0.1472364 0.47830155 0.027258735 0.002139831 6.169634e-05 0.27908432 0.016666172 0.41889748 7.458483e-05 7.748841e-06 0.0005565545 0.00080835546 0.89202183 0.82368684 3.6486005e-12 3.2638436e-05 2.0877564e-05 1.6120674e-05 4.722291e-05 0.76438326 2.215757e-06 0.022003697 0.5388316 0.73346287 0.93369615 1.2836481e-06 0.6448762 0.5284972 0.46472958 0.47386616 5.034872e-06 0.11166032 0.008980242 0.8321373 0.015763521 0.6415675 0.06591794 0.16162272 0.09405315 0.030634508 6.809236e-05 0.4313879 0.0031995038 0.27057365 0.12014619 0.15777355 1.4572999e-05 0.36060435 3.087479e-07 0.33980912 0.029165814 9.8551304e-08 0.059848756 5.751274e-07 8.329872e-06 2.4012154e-05 0.011402466 2.0273166e-07 0.0627325 1.0946506e-07 5.0613284e-07 7.2489435e-08 0.0026071498 2.5054665e-06 8.021474e-05 0.018228484 2.2603013e-08 0.0069243764 0.024732603 7.719319e-07 0.00381159 0.03276208 6.669832e-07 0.0136177195 0.0003240216 0.0018030966 0.0065619918 0.0031842594 0.05986692 0.0044711544 3.682165e-08 5.313269e-07 4.9673738e-05 0.100858025 9.533179e-05 1.9675292e-06 5.3591004e-05 4.012338e-05 5.7034926e-05 1.16147405e-07 2.4247158e-06 0.009286359 0.0012987523 1.9908273e-05 8.669782e-05
0.78611386 0.0017711269 0.00029379973 0.004381755 0.0018307936 3.764034e-05 0.0010544914 0.0004841163 0.011408427 0.2990363 0.31611922 9.341072e-07 0.10145218 1.6163902e-05 0.83750093 0.021951571 0.7366344 0.76888305 1.1218516e-06 1.8375225e-06 3.2638436e-05 1.624871e-14 0.13985275 0.99779123 0.042618077 0.0037697046 0.9367548 0.58364403 4.6867417e-06 9.760229e-07 2.0017962e-06 0.20177937 7.823609e-06 1.2233736e-06 1.0244896e-06 3.871857e-07 0.116985895 4.8305253e-07 8.353048e-09 0.00052922574 0.5320218 0.000118903416 6.511493e-07 2.1439455e-07 2.4913875e-06 0.10515229 0.2539674 3.8713586e-07 0.06514895 0.0016420679 2.59412e-07 7.8083275e-08 7.2797306e-08 8.161998e-08 0.413375 9.026477e-07 0.00027797278 0.0040536085 0.0003608144 0.05325163 0.23908797 0.12107263 1.0661772e-05 4.7695106e-05 1.0541856e-06 7.241189e-05 0.0055140094 0.0035389806 1.8311009e-06 2.064558e-08 0.024539426 1.7961352e-07 0.00033686252 1.3354742e-06 1.6141172e-06 0.014699075 5.2480834e-07 0.00046031148 1.17903355e-05 1.6238273e-06 3.9335973e-06 1.5410828e-08 0.008853052 3.993811e-05 0.00027631587 0.03479826 5.98282e-07 0.00058413955 0.014691044 0.0009954679 9.560068e-06 9.006992e-09 1.8299748e-06 3.331021e-07 1.5314961e-05 0.00057698373 0.005252698 0.007999233 0.015151269 3.205263e-09 6.2007395e-08
0.7793813 4.7421436e-05 2.4243956e-05 0.00086520123 1.591467e-05 3.180206e-06 7.9299184e-07 3.9299375e-06 3.0476322e-05 0.019743513 0.09073131 3.0785995e-07 0.00022819279 7.747604e-07 0.81341857 0.55515635 0.04611855 0.0101943435 9.3291425e-07 5.1631287e-07 2.0877564e-05 0.13985275 5.491997e-13 0.028561449 0.979567 4.3425025e-05 0.5047256 0.0033141684 2.2937008e-06 2.3679972e-07 4.1542924e-07 0.98786837 5.437024e-07 1.7896978e-07 7.304983e-06 7.2601966e-07 0.96028125 6.05587e-06 2.7507653e-07 0.00022791311 0.009132749 1.7050892e-05 1.6437002e-06 3.4159655e-08 6.8109016e-06 0.0011838436 0.009693862 6.503928e-05 0.003435917 0.00018051501 8.226621e-07 1.6487287e-06 1.4651546e-06 3.865808e-06 0.23595494 1.5312537e-05 7.650301e-06 0.14685202 1.5961043e-05 0.019656096 0.028638376 0.0032815733 6.7585825e-06 0.003436063 2.6709255e-05 0.00091462024 0.044180386 0.026060326 5.137301e-06 2.8050424e-06 0.004433974 1.1876967e-06 0.0025643427 1.2692752e-06 2.5557597e-06 0.022921655 0.00013873393 4.826285e-05 0.00030273967 0.000103948034 2.0288968e-05 3.3826151e-07 0.0005187909 2.1440267e-06 5.0787407e-05 0.008596529 7.788965e-05 0.0021038782 0.009592124 0.00043379478 1.2175685e-05 6.551536e-08 4.2617572e-07 6.076572e-07 0.0005256283 0.0046408237 0.0038133224 0.0004608542 0.0008413426 8.001429e-08 1.1756415e-07
0.9585604 0.00025680542 5.5608605e-05 0.00031446337 0.00014564532 1.8977958e-05 3.8671304e-05 2.23356e-05 0.00061059435 0.012946941 0.0027364339 2.9201652e-07 0.004615584 5.730403e-07 0.06254946 0.0012592206 0.27564678 0.4467004 7.7319434e-08 1.330743e-07 1.6120674e-05 0.99779123 0.028561449 5.3822594e-17 0.0059849955 0.0009107031 0.44885662 0.5641812 1.0005389e-06 5.755611e-08 2.2270898e-07 0.07195299 1.4944673e-07 5.0501832e-08 4.3903103e-07 1.3832734e-07 0.008682605 1.4180788e-06 7.321351e-08 0.00087720464 0.8115247 2.6860987e-05 1.1976623e-07 6.0078054e-09 2.867125e-07 0.27521193 0.7617607 1.9352566e-08 0.2323705 0.00092377904 2.132329e-09 6.6227566e-09 7.5872556e-08 4.365562e-08 0.32618982 3.1668907e-07 0.000116678595 0.0024217013 0.0020820065 0.06648744 0.38619146 0.5075323 7.431218e-07 2.4325594e-05 2.4396127e-07 4.335249e-05 0.0043384754 0.004567204 4.110395e-07 2.3688205e-08 0.11074306 1.2401438e-07 0.00051015295 4.112785e-08 1.4637928e-06 0.060645066 1.3138508e-06 0.0021351874 0.000106366926 5.332666e-07 6.4421477e-07 3.2162575e-08 0.031191649 0.00024574145 0.0006546967 0.27315307 8.131011e-07 0.0013285398 0.027950529 0.0051051965 2.7257963e-06 4.811098e-10 6.6789185e-06 1.9756e-07 1.8128098e-06 0.0018485901 0.009945143 0.0128821265 0.027201053 5.437443e-09 1.6263743e-07
0.54197496 0.00022790744 1.0733841e-05 0.00548231 3.2822038e-05 1.1750285e-05 1.0025078e-05 1.685666e-05 0.000100377976 0.021166224 0.07447078 1.4960074e-07 0.0003273109 9.669725e-06 0.1624269 0.9484655 0.013897136 0.008606147 5.5708474e-06 2.6117584e-06 4.722291e-05 0.042618077 0.979567 0.0059849955 5.5463128e-14 3.8412025e-05 0.13031036 0.0032091725 4.6270843e-06 3.0438227e-06 2.8529755e-06 0.36024982 5.711131e-06 2.1213975e-06 1.653269e-05 3.1372022e-06 0.99408036 2.5249944e-06 4.8107726e-08 0.00013037308 0.0015941709 2.3232307e-05 6.0126517e-06 4.66229e-06 6.944394e-06 0.0011537061 0.0012013722 5.7646837e-05 0.0017833166 0.00013911801 5.6777603e-06 1.5010243e-06 1.3523011e-07 1.0026809e-05 0.018880174 1.8898398e-05 3.0125684e-05 0.005890779 1.34372385e-05 0.0015200258 0.001004953 0.0002184165 1.6136179e-05 0.012559298 2.8811368e-05 0.00032982585 0.0035633608 0.004309973 0.00011531011 1.6691637e-07 0.0013077437 5.097964e-06 0.00015461825 6.118251e-06 1.5230911e-06 0.0010564325 1.7390837e-05 0.00015065659 1.9890406e-06 3.2781072e-06 0.00019646494 1.4313398e-06 0.00061003177 3.7224567e-05 0.00044096677 0.003600154 1.3007048e-05 0.00031876637 0.0012808271 0.0012392815 1.0518624e-05 1.886701e-07 3.8620584e-07 4.4702986e-08 6.078508e-05 0.00014164638 0.00023938245 0.003709398 0.0009032803 5.1786936e-10 1.063801e-06
0.9775121 0.0028723183 0.03783185 0.0003002365 0.20347768 0.05520742 0.48941207 0.7226664 0.3129198 0.0224775 0.00096750853 0.1451387 0.41484737 0.3107204 0.00070073747 6.348916e-05 0.01516234 0.06540488 0.744746 0.43957648 0.76438326 0.0037697046 4.3425025e-05 0.0009107031 3.8412025e-05 8.985747e-13 4.9341634e-05 0.29879567 0.16204093 0.3920726 0.90506876 7.4838513e-06 0.15191817 0.17474036 0.073544145 0.063208304 2.3862354e-05 0.0061520142 0.00043836166 0.9306178 0.1329764 0.9519226 0.13617577 0.031449955 0.30397415 0.15029886 0.0042697126 0.039738595 0.024239497 0.50541717 0.049160756 0.027821194 1.4748401e-06 0.011515802 7.631981e-06 0.019858126 0.10659062 8.771691e-06 0.11438007 3.5451605e-05 0.00049622176 0.0009509135 0.040750783 1.3241075e-06 0.0005287193 7.932157e-07 8.028281e-06 2.4204971e-06 0.010318315 6.320112e-07 0.0014122035 0.0015844569 5.078551e-07 0.003776909 0.0057323007 7.712006e-05 0.00042263587 0.092601545 2.7731926e-06 0.0012980247 0.00081841 0.000604604 0.025905725 0.02241293 0.11022441 0.010958296 4.828653e-08 5.4201468e-05 0.0009377678 0.115974896 0.00044030722 6.2574124e-08 0.0007145931 8.5331405e-05 0.000101439226 3.4215861e-06 0.00027007284 0.022583792 0.007210482 9.54268e-06 1.637852e-05
0.9829577 0.00013457239 1.6080092e-05 0.00027375564 5.4965934e-05 4.170061e-06 3.0992155e-06 5.7110055e-06 5.5302662e-05 0.010223689 0.012486089 1.5792115e-07 0.00054365967 4.857425e-07 0.54719007 0.08214425 0.16287318 0.06557788 1.3255433e-07 1.0239372e-07 2.215757e-06 0.9367548 0.5047256 0.44885662 0.13031036 4.9341634e-05 5.461932e-13 0.1424399 2.9082702e-07 1.3789175e-07 3.353956e-07 0.99235 4.5842486e-07 2.276636e-07 1.7931899e-07 5.066054e-08 0.06092336 1.1225788e-05 1.7248377e-07 0.0002789644 0.22949211 9.232911e-06 8.029498e-08 8.073722e-09 2.8258714e-07 0.029216947 0.3819332 4.0447766e-08 0.16855392 0.00057914754 1.6059149e-08 2.5034767e-08 3.5314733e-07 4.9608445e-07 0.56379277 1.6003414e-05 0.000116134506 0.119665295 0.00049378193 0.29000193 0.5749382 0.2962342 1.9952017e-06 0.000115913324 4.3824417e-07 0.00068640953 0.06857756 0.11642487 2.1323117e-06 4.4646944e-07 0.17871009 3.628317e-07 0.0037977041 7.8910475e-08 4.7779463e-07 0.41823676 5.1898853e-05 0.0009101586 8.990095e-05 1.542852e-06 5.6910176e-07 6.177485e-08 0.017360415 0.00017118026 0.0007562175 0.27335614 1.8087196e-05 0.006698378 0.10358519 0.0032015718 1.216408e-05 5.788029e-09 6.9372445e-06 3.206434e-07 2.1340014e-05 0.016389247 0.032016948 0.010137086 0.022744387 3.6252494e-09 3.6952092e-06
0.9790387 0.0032785689 0.005259726 0.0030416201 0.044739943 0.00377939 0.035003897 0.040488396 0.2744712 0.2452492 0.014496569 0.00041595576 0.85632354 0.00073744194 0.10435518 0.0030271786 0.73831785 0.96110255 0.0018411372 0.0014883757 0.022003697 0.58364403 0.0033141684 0.5641812 0.0032091725 0.29879567 0.1424399 6.785972e-12 0.00018627945 0.00028469178 0.00061113003 0.00395705 0.00016994389 0.00012056919 2.1604415e-05 2.4696723e-05 0.0028133595 6.3315533e-06 8.2807287e-07 0.31051117 0.9642987 0.03092603 0.00019988298 2.5039653e-05 0.00057061174 0.5858039 0.13814464 2.0652249e-05 0.25118124 0.15662012 5.8583714e-06 7.907772e-06 5.945613e-08 4.7905555e-06 0.00032930693 4.1000676e-05 0.010000176 6.4702916e-05 0.07788158 0.00042580278 0.0062631173 0.031248465 0.00014727909 2.4127487e-06 6.196153e-06 7.030623e-06 0.00012399683 0.00018395146 7.235859e-05 4.6799724e-07 0.012167096 1.3793787e-06 5.3496665e-06 2.1224709e-05 4.8672515e-05 0.00311877 9.35312e-06 0.04726518 1.2824661e-06 2.2656568e-05 5.913536e-05 1.3450566e-06 0.07463669 0.0006587888 0.011875989 0.1176803 5.2055094e-07 2.9513629e-05 0.0031396148 0.08155296 0.00021784945 2.3543245e-07 3.8705395e-05 6.2731087e-06 5.7289613e-05 5.6838686e-05 0.0008091657 0.03407355 0.02224986 2.0512394e-07 8.3452056e-07
0.8858465 7.773429e-06 0.00010296044 1.2415101e-06 0.000109068205 0.0019167779 0.0006947384 0.01997872 2.2375127e-05 3.7657842e-06 2.215028e-06 0.032605726 3.7210015e-05 0.79163855 1.9760025e-06 1.5054054e-06 3.2442847e-06 6.9498333e-06 0.7067629 0.89240956 0.5388316 4.6867417e-06 2.2937008e-06 1.0005389e-06 4.6270843e-06 0.16204093 2.9082702e-07 0.00018627945 1.06498496e-13 0.3158224 0.06947704 4.2410633e-05 0.49294728 0.86905617 0.9558219 0.9398528 4.486818e-07 0.32318994 0.061245903 0.16487128 0.0002525551 0.053034246 0.06705309 0.045044854 0.013944704 0.0013207543 1.927199e-06 0.14616212 0.00012088431 0.010332662 0.00672938 0.62365454 0.0030381184 0.19316293 5.2154355e-06 0.35420048 0.00032895285 3.2850252e-07 0.00036107097 1.1326355e-07 7.5846366e-08 3.7250366e-08 0.00064706005 1.7889299e-07 0.0025498562 4.2237633e-07 2.6308862e-07 8.133248e-08 0.00047214268 0.00016218556 2.674605e-06 0.039334882 7.108614e-08 0.0007818701 0.002679277 6.3458614e-08 0.0054952945 0.00017952065 5.689764e-07 0.0007883316 0.00016091391 1.6115693e-05 7.97884e-05 1.3296392e-05 0.0020580261 0.0006182651 8.2070417e-10 1.0227231e-07 2.6669752e-05 0.0045401817 2.97166e-06 4.62836e-06 1.2455577e-06 4.9060054e-05 2.771074e-05 3.4672794e-07 2.593765e-06 0.0005094212 4.1573247e-05 3.046266e-07 2.2151515e-05
0.70229775 1.2969593e-05 5.241021e-05 1.339598e-06 2.982379e-05 0.00037039397 0.00021202344 0.0016983566 9.267023e-06 2.897312e-06 1.8098939e-06 0.0004398963 3.6754413e-05 0.039064683 3.182141e-08 1.0184343e-06 1.4202057e-05 3.1328058e-05 0.8923083 0.72907794 0.73346287 9.760229e-07 2.3679972e-07 5.755611e-08 3.0438227e-06 0.3920726 1.3789175e-07 0.00028469178 0.3158224 2.7809203e-14 0.98773324 3.1930215e-06 0.9828282 0.8238697 0.04604712 0.27733427 3.3678313e-07 0.0017941839 8.3816325e-05 0.17499474 0.00025799155 0.1200985 0.4292158 0.10567248 0.09513415 0.00092076487 6.988794e-06 0.24177198 5.1772207e-05 0.014752757 0.016898159 0.09662759 2.221354e-07 0.013159827 1.0685108e-06 0.006630136 0.0013422242 2.321391e-08 0.0014084819 2.42854e-07 1.6728474e-06 2.343104e-06 0.0054797935 1.2942292e-08 0.0024863142 5.5902884e-08 2.9533817e-07 3.6892564e-07 0.0034686609 3.9455838e-07 1.0451687e-05 0.00076077576 2.5835925e-07 0.00058438804 0.004435812 4.2539605e-07 0.00012033255 0.0030575332 8.9439624e-08 0.0033538204 0.00016681955 9.409834e-06 0.00060205796 0.0008017745 0.0051869494 0.00040912634 4.6007795e-08 2.8040338e-06 5.075346e-05 0.0032915466 5.636201e-05 3.8816398e-07 5.3250427e-05 6.239901e-05 5.1019502e-05 1.1700864e-06 1.5041446e-05 0.00058109 0.00013532616 1.489822e-06 8.727758e-06
