3.0048232e-17 0.8271407 0.9886878 0.92609584 0.9388542 0.97904885 0.13566744 0.99026585 0.002721258 0.9481028 0.77742463 0.00018528603 0.8173707 0.0038685063 0.2839896 0.9749494 0.9371856 0.18807974 0.9962654 0.93536115 0.9985722 0.84099585 0.76226777 0.9225909 0.92601657 0.9901664 0.9941839 0.75040907 0.9775733 0.99369824 0.65572435 0.9085172 0.9628012 0.48575467 0.9896389 0.97690475 0.9993395 0.70062834 0.49112856 0.6247563 0.3093085 0.9317903 0.85642594 0.99672323 0.9172056 0.80687666 0.9402033 0.067796655 0.95880723 0.329946 0.9938694 0.9818338 0.86924815 0.95207053 0.95863515 0.9640362 0.95705485 0.96115047 0.9690835 0.97283465 0.054575633 0.9680306 0.90726197 0.8720841 0.8993857 0.5516254 0.0009524469 0.8290616 0.9392985 0.9317483 0.93021655 0.18827215 0.7721128 0.81266725 0.67117333 0.010331936 0.33986107 0.2442622 0.7308509 0.3485428 0.7754582 0.72087586 0.881242 0.09974964 0.55617654 0.656787 0.058963113 0.12113128 0.008419033 0.42578173 0.09448522 0.12850039 0.26500478 0.103332624 0.22515514 0.7925569 0.07626042 0.02174831 0.060017083 0.0008206159 0.006210565
0.8271407 1.1385951e-11 0.98864317 0.6060468 0.0002289088 0.15311141 0.98804134 0.069249794 0.093717724 7.1623253e-06 0.00061982137 0.0008064547 7.950989e-06 0.8314849 0.0067222477 6.2649985e-07 2.6055911e-06 0.00025686497 1.5648395e-06 1.384333e-07 5.177803e-07 2.3936176e-05 9.099325e-08 8.946568e-09 4.9705153e-07 0.030220129 0.00014335748 2.9235441e-06 6.5071504e-08 0.029833391 7.896879e-07 4.351662e-08 1.7280904e-06 0.0005090764 1.4344951e-06 1.1326771e-08 0.017407142 1.7361292e-05 4.3881798e-07 1.6425486e-06 4.8356094e-07 9.441483e-08 0.008323369 0.00015342144 1.884755e-07 4.461526e-08 4.5431634e-07 0.0006071032 2.4865534e-07 1.7269593e-05 2.3839243e-07 1.5586369e-07 2.930675e-07 8.309049e-07 5.1358927e-07 1.3868121e-05 8.946794e-08 6.837901e-09 4.067536e-05 0.00045940327 0.00033250463 1.2068099e-06 8.307334e-06 2.7699826e-07 3.2346982e-06 5.342615e-06 8.5036913e-07 1.3629686e-05 5.790862e-07 4.792109e-06 2.5422464e-06 6.692729e-06 7.5882e-05 3.174853e-07 2.6192127e-05 3.0093365e-06 4.1650687e-06 4.5343178e-08 3.131871e-05 0.000118536474 5.503404e-06 6.3283837e-06 1.3796807e-05 1.6870791e-06 8.695986e-06 2.3725928e-05 2.7618569e-08 1.6043796e-06 1.6680664e-08 6.2762624e-06 8.547581e-05 1.6886395e-05 7.0058604e-07 2.3173467e-05 1.7173741e-07 1.0172463e-06 1.079119e-06 3.2554968e-07 4.799761e-06 1.1840545e-07 9.572361e-07
0.9886878 0.98864317 3.7578385e-17 0.9414548 0.142602 0.38211098 0.40292096 0.01910865 0.0018295762 0.018837878 0.15771635 8.7494715e-05 0.029415483 0.002258542 0.059453454 0.0024522254 0.0004976646 0.009349107 0.00020138327 2.7211436e-05 4.0838648e-05 0.0013384848 2.8110986e-05 3.8362055e-07 2.5707974e-05 0.2588976 0.0020563495 2.9661034e-05 1.2570392e-05 0.81438994 4.0511448e-05 8.2548974e-07 3.8654616e-06 0.0040215915 2.9791214e-05 5.545217e-07 0.047831602 8.356778e-05 2.3867382e-05 1.00090765e-05 1.3879253e-06 7.6343065e-07 0.07232938 0.0011561828 6.060928e-07 2.3734679e-06 9.5029236e-07 0.00011727833 1.2617605e-07 1.6622956e-06 6.1043743e-06 7.0750167e-07 2.4474545e-07 1.3148077e-05 1.2078238e-05 0.0006486699 3.0202173e-07 8.814075e-07 0.0007527444 0.0058466285 0.00079689734 4.426079e-08 6.416793e-05 1.8394004e-06 7.6164537e-07 4.323871e-08 1.1166139e-06 5.4321677e-05 7.284745e-08 1.2063749e-06 3.8777733e-07 3.5627963e-08 0.00017389785 2.6539857e-08 5.7783254e-06 3.2535816e-05 3.0053056e-07 8.672569e-07 8.599862e-05 2.054554e-05 2.0116252e-06 5.3303427e-07 6.358453e-07 1.3766818e-06 3.2104703e-07 6.8444815e-06 3.818786e-09 3.5987723e-06 5.79524e-06 5.9878835e-07 1.4939466e-06 1.6742088e-06 2.5872896e-06 1.2914747e-06 2.095477e-06 1.5411573e-05 1.4631989e-07 3.4194656e-08 9.715874e-05 1.0504754e-06 8.123791e-06
0.92609584 0.6060468 0.9414548 3.7439465e-16 0.78562915 0.9945686 0.7065573 0.66457933 0.0035515614 0.31132323 0.7496842 0.00028656257 0.19787608 0.00072325405 0.628423 0.105123945 0.021332681 0.5565598 0.01775933 0.0019377065 0.0073278174 0.012853583 0.00041879076 0.00013696433 0.001462463 0.30208957 0.07264607 0.0020678719 0.0017531799 0.5103078 0.0005460751 9.88968e-05 0.0008112307 0.07385262 0.006375215 4.3603344e-05 0.050827935 0.002091588 9.6881355e-05 6.16497e-05 3.1075102e-05 3.3240998e-05 0.034348637 0.0082444865 2.193796e-05 1.4033894e-05 2.6564585e-05 0.0006129523 5.152501e-06 0.0002081382 0.00045095477 0.00032113752 2.4680135e-06 0.0004530869 0.0002487952 0.0012246688 0.000103881735 3.4768193e-05 0.0010817802 0.0025177256 0.003500977 1.0564098e-06 0.00014975586 7.5872165e-05 6.3228163e-06 1.3438111e-05 1.8844954e-06 3.5617486e-05 5.5664127e-06 2.15541e-05 3.7629143e-05 1.0065731e-06 0.00010531175 7.7190656e-08 6.0567013e-06 8.7895105e-06 1.7872733e-06 2.9095827e-05 0.0001451835 3.343156e-05 9.273326e-06 2.6550046e-07 2.0248385e-06 6.700553e-06 1.3594303e-08 6.7917867e-06 5.94231e-09 7.053813e-06 1.332405e-07 1.0356751e-07 1.5389284e-06 3.9403552e-08 1.597001e-05 2.9407735e-07 6.154105e-08 8.3562907e-07 6.2268256e-08 1.8801109e-07 8.52627e-06 4.714581e-06 2.0404275e-06
0.9388542 0.0002289088 0.142602 0.78562915 3.92584e-15 0.2600238 0.01466926 0.9575764 4.592427e-05 0.94644344 0.9554298 0.00027341515 0.9207313 1.7781182e-06 0.3857802 0.3847055 0.59248364 0.49860054 0.027965985 0.008889837 0.0006135716 0.5877716 0.009133503 7.2095805e-05 6.4839674e-05 0.048699804 0.07149861 0.08452747 4.9648443e-05 0.004739088 0.0074593583 5.437218e-06 8.4230516e-05 0.48777118 0.0005006699 2.02587e-06 0.010856201 0.13939475 0.00051129947 0.00022608838 0.00015128852 5.4749813e-07 0.0011205238 0.000883076 1.2374745e-06 5.9488315e-07 1.5568341e-06 0.030186536 2.5357824e-07 0.009140274 3.4159684e-06 2.19772e-07 1.3783838e-07 4.037131e-06 1.7041016e-06 4.09251e-06 8.703976e-08 1.9657586e-08 4.9051215e-07 1.1100031e-05 0.015561762 2.6951835e-08 2.8609165e-07 2.30433e-06 1.0793794e-06 7.994557e-06 9.2596776e-05 4.864365e-07 3.435548e-08 4.9196956e-07 5.1765784e-07 6.983534e-07 3.332322e-06 4.6961035e-09 1.0206318e-06 7.85387e-06 8.8391346e-07 2.3260705e-05 3.006494e-06 2.3867212e-06 5.38252e-08 8.474222e-09 6.649708e-08 5.3200176e-07 1.6157529e-08 5.210901e-08 6.3419535e-08 9.6716334e-08 4.4571703e-08 8.210146e-09 1.6546444e-07 1.6731943e-07 9.061361e-08 1.10396435e-07 2.6970861e-08 2.2529014e-09 7.5572146e-08 1.0794324e-07 6.6761545e-06 4.8322e-06 1.1782051e-07
0.97904885 0.15311141 0.38211098 0.9945686 0.2600238 3.755838e-14 0.081478834 0.94769025 0.00022963253 0.14826214 0.06813174 2.789217e-05 0.022349788 2.6012449e-05 0.09337867 0.0725022 0.012607665 0.05197577 0.03577026 0.0019149126 0.017325524 0.0027916068 0.00037720616 0.0002655872 0.001871394 0.79018235 0.3836712 0.0011038256 0.0046370593 0.49962023 0.00013806975 0.00010673305 0.0010349728 0.011900949 0.016324364 4.873164e-05 0.16283526 0.00039629973 3.8879458e-05 2.2180222e-05 1.7703796e-05 4.195825e-05 0.04561417 0.036705755 2.2090357e-05 2.2543845e-05 4.675378e-05 0.00041898593 2.9578523e-05 2.0007628e-05 0.002736259 0.00052556867 3.5233816e-06 0.001838985 0.00068482396 0.0037955155 0.00017040333 4.8884962e-05 0.0040453365 0.0029170439 0.0009408071 1.40689635e-05 0.0012504613 6.203542e-05 3.4089587e-06 1.777768e-05 5.437934e-06 9.0166606e-05 1.1320719e-05 3.1617034e-05 1.0766114e-05 4.2800675e-06 0.00034270613 8.707791e-07 4.4641114e-05 5.101232e-06 9.50587e-07 1.219871e-05 0.000117973264 3.9847846e-06 2.0605357e-06 2.2926632e-07 1.0918612e-06 2.897616e-06 1.410155e-07 7.4786533e-07 4.5893334e-08 7.5214183e-07 1.14007086e-07 3.278265e-07 2.7765682e-07 4.5715746e-07 5.035364e-07 3.4267603e-07 5.9289768e-08 9.113338e-09 4.7185584e-09 5.510626e-08 1.9070305e-05 7.28872e-06 1.8133026e-06
0.13566744 0.98804134 0.40292096 0.7065573 0.01466926 0.081478834 1.500548e-15 0.066716924 0.9935935 0.0016521044 0.041188326 0.7128949 0.0014752953 0.71778107 0.67904866 0.00021489293 0.00010018679 0.005176236 0.00013312564 2.6227058e-06 6.176004e-05 0.00045072733 5.6059713e-07 4.8077734e-08 5.362063e-06 0.012788285 0.0039218864 2.1430931e-05 2.280592e-06 0.00544283 1.507776e-06 9.850827e-08 3.7812408e-06 0.0026711803 0.00029371062 5.476749e-08 0.002697106 1.964819e-05 4.3946693e-06 5.060373e-07 1.6074083e-07 3.567999e-08 0.0015353386 0.00026576992 4.7860162e-08 1.1964703e-09 4.854778e-08 0.00018750873 4.2270372e-08 8.8092855e-07 5.0216247e-05 3.0500019e-07 7.3570434e-09 4.8819926e-05 1.9560674e-05 2.1959331e-05 1.161309e-07 4.3377568e-08 4.7510115e-05 4.683643e-05 0.00018288512 5.5609233e-09 1.090809e-06 2.0788901e-08 1.9665527e-09 3.2566951e-09 5.9308204e-06 5.5531336e-07 2.612062e-08 8.036346e-08 6.578441e-09 1.0122956e-07 7.062512e-07 1.4044269e-09 4.952324e-08 1.943615e-06 6.980325e-07 2.1507198e-07 2.6361943e-06 1.9737406e-06 2.2295251e-07 5.5193277e-07 8.88742e-08 1.8010575e-06 5.3248673e-08 7.284054e-07 1.3265696e-08 4.242216e-07 2.70261e-09 4.6999477e-07 3.777172e-06 1.3200703e-06 1.1075102e-06 2.5799042e-07 1.9869711e-07 7.447387e-07 1.772859e-08 5.8556543e-07 7.6144346e-07 7.5725243e-06 3.3028115e-05
0.99026585 0.069249794 0.01910865 0.66457933 0.9575764 0.94769025 0.066716924 3.9389425e-12 0.00015101607 0.87019986 0.65977925 2.3265364e-05 0.3839877 1.1097057e-05 0.3596876 0.8144863 0.28881812 0.37749246 0.5763952 0.017004376 0.25778237 0.07117422 0.0033828544 0.0017825251 0.011034262 0.58143175 0.5859145 0.005450258 0.071150854 0.25770116 0.0017634492 0.00080775097 0.017862817 0.23689641 0.08694496 0.0022239988 0.15027556 0.009039646 0.0007477898 0.00019811105 0.00018631677 0.00033723164 0.0577847 0.10239371 0.00016923177 0.00021147478 8.855377e-05 0.00045262044 0.00023080407 0.00035374583 0.016092312 0.005841738 3.0309917e-05 0.009340838 0.0020064954 0.015267669 0.00204357 0.0007925473 0.004489288 0.0039981576 0.0018067476 7.5893004e-05 0.0038675177 0.0003377115 8.906746e-05 2.8946539e-05 1.9686528e-05 5.7305893e-05 8.660726e-05 0.000115779425 0.00017429017 4.2604974e-05 0.00044839006 4.2750744e-06 5.5994158e-05 2.2661796e-05 3.9266128e-05 5.1681785e-05 0.00032126953 0.0001472638 1.0819275e-05 3.3025985e-06 4.001281e-06 7.802593e-05 6.234239e-07 1.3643522e-05 5.2475076e-07 2.0876609e-05 6.490838e-06 2.067843e-06 1.5772173e-05 4.91567e-06 6.421985e-05 1.4324398e-05 1.3037483e-06 4.4405183e-06 6.668837e-06 4.1074736e-06 0.0007713312 1.142825e-05 1.1230617e-05
0.002721258 0.093717724 0.0018295762 0.0035515614 4.592427e-05 0.00022963253 0.9935935 0.00015101607 8.3941236e-17 1.4031688e-05 0.000146172 0.9873554 1.7324788e-05 0.84513706 0.0059161847 1.3420839e-06 1.3242262e-06 0.00023346592 1.347784e-06 7.162168e-08 1.3011831e-06 7.931269e-06 1.1741462e-08 6.2001573e-09 1.27402e-07 0.00038204258 0.0001024947 1.5727959e-06 9.2766875e-08 0.0003003448 6.343236e-08 2.1660775e-09 7.262977e-08 0.00015476842 6.9229623e-06 1.4803526e-08 0.00014166218 1.0244436e-06 1.18082944e-07 2.4194873e-07 6.564582e-08 5.9825913e-09 0.00011388631 4.3993114e-06 3.5716617e-08 1.0426807e-09 4.956208e-08 2.2706665e-05 4.7998454e-09 1.8019928e-07 5.874593e-07 8.824024e-09 1.8974308e-08 4.5114763e-07 9.933392e-08 1.0795966e-06 5.436697e-09 1.4199821e-09 2.0573234e-06 3.498375e-07 7.603996e-06 5.9873173e-09 7.1947404e-08 1.1941039e-09 1.8084764e-09 1.0777239e-09 3.7340544e-07 5.9635314e-09 1.8017978e-08 2.2638778e-08 2.7830938e-08 3.270784e-08 4.7984905e-09 9.962146e-10 7.397356e-09 1.0542458e-06 1.6853687e-07 1.568313e-08 1.9283857e-07 2.979938e-06 5.710813e-07 3.6083995e-07 9.7340006e-08 2.0546598e-07 4.0597946e-08 1.7365446e-07 4.878899e-10 2.0715042e-08 6.379739e-10 3.3636775e-07 7.712168e-07 1.1912382e-06 3.1154223e-06 5.3376084e-08 9.764571e-08 1.5584949e-06 7.844961e-08 4.1050026e-08 4.2728144e-07 3.227794e-07 2.088743e-06
0.9481028 7.1623253e-06 0.018837878 0.31132323 0.94644344 0.14826214 0.0016521044 0.87019986 1.4031688e-05 1.7931698e-14 0.758495 5.3784646e-05 0.9384581 2.0705276e-07 0.11958176 0.9235181 0.9552358 0.3173081 0.343876 0.266865 0.022280453 0.6183075 0.08399435 0.013860863 0.0033682843 0.07694138 0.17261004 0.19651839 0.0017308291 0.0033419908 0.055554815 0.00036860284 0.0007487018 0.2650674 0.004516008 0.00012370085 0.020819932 0.3000082 0.0037646608 0.0008611479 0.00088763254 2.8580886e-05 0.0010436021 0.0015015369 3.7776346e-05 1.1755475e-05 4.4518336e-05 0.05455135 3.507731e-06 0.013381796 4.070365e-05 7.328197e-06 1.6953999e-06 6.050314e-05 3.2465923e-05 2.5662019e-05 2.1782907e-06 1.7627492e-07 2.7034419e-06 1.9334166e-05 0.018939009 5.8764925e-07 1.9790311e-06 4.83147e-05 6.6777725e-06 7.951016e-05 9.370328e-05 1.9228262e-06 6.342676e-07 3.3038837e-06 3.0712258e-06 4.9155196e-06 1.9773672e-06 2.92666e-08 1.4996536e-06 2.5087724e-05 4.7497183e-06 0.0001359752 6.7348884e-07 6.532651e-06 6.2378547e-07 2.1222387e-08 5.736519e-08 6.6655974e-07 2.0107677e-08 1.4743289e-07 3.947291e-08 1.7300977e-07 5.8860103e-09 1.3480255e-08 5.025189e-07 3.2198218e-07 5.850039e-07 1.3964964e-07 9.204228e-09 8.288281e-09 3.273424e-08 1.6503814e-07 4.9022776e-07 1.4821128e-06 1.6856822e-07
0.77742463 0.00061982137 0.15771635 0.7496842 0.9554298 0.06813174 0.041188326 0.65977925 0.000146172 0.758495 3.04507e-18 0.013562024 0.98817444 8.424727e-06 0.7846709 0.23794962 0.320721 0.93456453 0.013955654 0.005072448 9.6857606e-05 0.7045649 0.000725246 3.2062308e-06 6.3899442e-06 0.007752372 0.007794219 0.012981993 5.033348e-07 0.00023521087 0.0017509134 2.576e-07 8.95854e-07 0.63965744 2.6588994e-05 2.6622647e-08 0.0011291801 0.03254788 2.8541419e-05 6.0553907e-06 2.5221523e-06 2.5655593e-08 5.7479956e-05 5.9352828e-05 3.6351317e-08 1.5680557e-08 7.8521616e-08 0.020270992 2.6727445e-09 0.0009724167 6.0021044e-08 5.3469087e-09 6.8378876e-09 2.5938217e-08 1.1851622e-08 1.7715365e-07 1.8185247e-09 8.3142593e-10 2.7003031e-08 5.5955564e-07 0.008012349 5.9172134e-09 2.5695739e-09 1.3426518e-07 1.2078046e-08 1.1134933e-07 0.0001833007 3.1122818e-09 1.2946086e-09 1.279468e-08 2.4083082e-09 1.0359161e-07 1.2604579e-07 4.427975e-10 8.579958e-08 7.650804e-06 5.1586863e-08 8.1814306e-07 8.6245416e-07 1.9240449e-07 1.6883826e-08 4.404375e-09 7.725336e-09 7.0086204e-09 1.3705542e-09 3.4234464e-08 1.3646826e-09 5.455696e-09 1.8206624e-09 6.9284567e-10 3.722726e-07 3.7209816e-08 3.4238646e-08 1.7356001e-08 1.0817401e-08 9.53973e-10 3.8591995e-08 6.9569315e-09 5.1299793e-07 4.9971794e-07 4.9291042e-08
0.00018528603 0.0008064547 8.7494715e-05 0.00028656257 0.00027341515 2.789217e-05 0.7128949 2.3265364e-05 0.9873554 5.3784646e-05 0.013562024 1.9375559e-21 0.00017251511 0.9999553 0.3844369 1.7360016e-05 1.2049326e-05 0.0026435244 7.783971e-06 1.9582993e-07 5.0412577e-06 0.000109327724 7.712016e-08 1.15744525e-08 3.77204e-07 6.917779e-05 3.296807e-05 3.0486071e-06 7.1784285e-08 2.467078e-05 1.709348e-07 4.5694515e-09 9.2873313e-07 0.0024394945 4.9180803e-06 5.3519593e-09 2.9981204e-05 6.3328876e-06 4.977324e-08 5.549645e-07 1.8631319e-08 8.617824e-09 1.9867288e-05 2.835187e-07 3.779225e-08 3.9337076e-09 1.529128e-08 7.6394565e-05 4.723592e-09 2.3279125e-07 2.7820322e-08 1.4151727e-08 1.0427031e-08 2.6338006e-07 6.492262e-08 5.657113e-08 1.36783385e-08 7.799467e-09 1.6588409e-07 1.6008177e-07 2.7387689e-05 5.0405284e-09 1.8799879e-08 8.7790335e-09 9.1185015e-09 4.403987e-10 5.5642556e-07 1.6566826e-09 1.5902083e-08 2.7340676e-08 5.0978077e-08 1.1748519e-08 4.5618407e-09 7.570913e-10 1.2506949e-08 2.8236713e-08 1.4124789e-08 2.6538223e-09 3.0479445e-08 2.6588256e-07 2.089025e-07 4.327435e-08 1.0037533e-07 3.8124983e-09 6.53517e-09 1.7202083e-07 4.8262335e-11 1.0261612e-09 1.1237628e-10 4.383635e-08 1.683767e-07 3.0004042e-08 4.0962973e-08 1.7455254e-09 4.770272e-10 2.330588e-08 6.0947755e-08 9.682384e-10 3.7791348e-10 2.2587324e-08 9.4635695e-08
0.8173707 7.950989e-06 0.029415483 0.19787608 0.9207313 0.022349788 0.0014752953 0.3839877 1.7324788e-05 0.9384581 0.98817444 0.00017251511 1.4354643e-15 3.23917e-07 0.11861182 0.38372743 0.89576876 0.48832676 0.031292804 0.10771476 0.0017190927 0.91396075 0.03426663 0.0013831751 0.0001522156 0.00417617 0.017154586 0.19259655 0.00019674169 0.00017361912 0.032847207 1.9598392e-05 3.8981034e-05 0.44315943 0.0003471149 7.17912e-06 0.001759858 0.1348989 0.00020085888 4.3046268e-05 6.762518e-05 1.3749185e-06 0.00018945741 0.00018285793 2.814917e-06 4.3991201e-07 2.3127602e-06 0.027589956 1.5717981e-07 0.005324099 1.5178535e-06 1.9776738e-07 2.0593973e-07 5.303048e-07 3.6610558e-07 1.9236882e-06 5.355802e-08 3.223584e-08 2.7969043e-07 3.6735053e-06 0.012141531 7.5531936e-08 4.485048e-08 4.40437e-06 2.6048517e-07 1.177155e-05 0.00014888762 2.6226917e-07 4.583848e-08 1.1982014e-07 2.8544124e-08 1.6311345e-06 2.0202574e-06 5.581464e-09 2.2025492e-06 1.8268092e-05 2.0733701e-08 1.7964472e-05 4.5081737e-07 5.0763506e-06 7.041089e-08 1.1002648e-07 3.0692158e-07 2.2105615e-09 3.0514578e-08 6.879951e-08 1.7453e-08 5.4753124e-10 4.5249907e-10 1.752004e-08 6.841127e-08 4.6026493e-08 6.6727903e-09 4.1891116e-07 5.939648e-09 3.0506615e-11 1.6946342e-07 2.6263749e-08 1.0013606e-06 1.3249487e-06 3.178744e-08
0.0038685063 0.8314849 0.002258542 0.00072325405 1.7781182e-06 2.6012449e-05 0.71778107 1.1097057e-05 0.84513706 2.0705276e-07 8.424727e-06 0.9999553 3.23917e-07 1.0299761e-18 0.0052608848 1.817728e-08 9.998114e-08 3.3134587e-05 2.5251e-08 6.8031922e-09 5.5480335e-08 4.9038255e-07 1.1843458e-09 1.2351193e-09 1.1595908e-08 0.00012963293 1.0716565e-05 7.68324e-08 2.1938908e-08 7.2628354e-05 7.752403e-10 4.726897e-10 5.6911503e-08 0.00014971016 4.7850307e-08 3.8163033e-09 9.2977716e-05 2.197913e-07 1.2044086e-09 1.40907215e-08 8.402259e-10 4.2835135e-10 4.4519013e-05 6.080514e-07 2.115489e-09 1.2633986e-10 1.0267039e-08 6.187765e-05 5.384425e-10 2.9216807e-07 1.0883291e-09 2.2367381e-09 5.1548843e-10 1.1260108e-07 4.6460357e-08 4.361116e-07 3.7511296e-09 5.653138e-10 1.7067769e-06 7.96648e-08 2.1669673e-06 1.4562627e-08 1.2173014e-07 1.1043361e-09 3.1236942e-09 4.848305e-10 4.6708255e-08 2.1421531e-09 1.5541595e-08 5.258677e-08 1.5113641e-09 5.1499733e-09 6.8840955e-09 5.2340454e-10 1.2489809e-08 1.0476535e-07 1.967867e-08 2.31585e-08 1.0403153e-08 9.727709e-08 1.2116864e-07 5.66169e-08 4.8285402e-09 2.3970257e-09 1.5494148e-08 1.2188569e-07 4.402798e-12 3.68604e-10 1.3580067e-09 2.866847e-08 1.1530747e-06 1.7780748e-07 2.6960896e-07 1.3168331e-09 4.17383e-09 8.502365e-08 1.9012518e-09 1.1996696e-09 4.460558e-07 1.272306e-08 1.382809e-07
0.2839896 0.0067222477 0.059453454 0.628423 0.3857802 0.09337867 0.67904866 0.3596876 0.0059161847 0.11958176 0.7846709 0.3844369 0.11861182 0.0052608848 5.799314e-16 0.0107864225 0.037723057 0.9995728 0.00040841824 0.00015621453 2.6766858e-05 0.016627634 3.77235e-05 4.379223e-06 1.4165252e-05 0.0025663 0.0017213253 6.6918205e-05 6.1141213e-06 0.00031099722 5.6057925e-06 6.15155e-07 3.7014097e-06 0.9296085 7.670637e-05 3.4444877e-06 0.0004374329 0.00031278637 1.1123699e-06 2.204985e-06 9.423633e-07 6.872367e-07 0.00013984216 0.00012219966 2.3087526e-07 1.2840587e-07 1.2400184e-07 0.0015065128 2.0295894e-07 0.00014783522 1.0690703e-06 7.548582e-07 1.5534032e-07 5.956802e-07 1.1094343e-06 8.79783e-06 9.597655e-07 6.40204e-08 8.14168e-07 1.1152688e-06 0.0005648394 7.557949e-08 3.660269e-08 2.3491223e-08 4.2849475e-08 3.3917424e-08 5.3725693e-05 3.3583984e-07 1.944413e-07 4.2558315e-07 9.061926e-09 1.5031652e-07 8.740239e-07 1.756156e-08 1.9213769e-07 4.088418e-06 1.7622023e-08 1.0439972e-07 1.7329795e-07 3.7443945e-06 2.9900565e-07 5.418524e-07 1.4275847e-07 1.0367221e-08 2.6575972e-08 2.3589578e-06 1.1598668e-09 1.9057804e-08 3.336519e-10 4.2636435e-07 5.8973974e-06 3.549057e-07 4.3950357e-07 1.409298e-06 2.9621695e-08 4.0705487e-08 3.976469e-07 2.1288798e-08 1.9764583e-08 2.7486834e-07 6.9588486e-07
0.9749494 6.2649985e-07 0.0024522254 0.105123945 0.3847055 0.0725022 0.00021489293 0.8144863 1.3420839e-06 0.9235181 0.23794962 1.7360016e-05 0.38372743 1.817728e-08 0.0107864225 3.0688946e-14 0.8395473 0.051857784 0.960066 0.9516684 0.13413616 0.29744163 0.46531874 0.23999158 0.091582455 0.15470862 0.459902 0.28963602 0.014099732 0.0039521055 0.21949457 0.007738477 0.0010209706 0.0066408236 0.010979604 0.00029508976 0.035073142 0.1831762 0.026539335 0.0129112145 0.008198279 4.55545e-05 0.0008388866 0.0033675036 0.000129927 7.4174546e-05 0.00034642685 0.033592656 1.647612e-05 0.031045381 7.041557e-05 4.90909e-05 1.1151447e-05 0.0001258688 4.3719396e-05 5.959263e-05 2.5833288e-05 7.0529677e-07 1.2333902e-05 3.404899e-05 0.006034666 2.9036866e-07 1.180181e-05 0.0006136 2.1608474e-05 0.00024671407 2.109584e-05 1.7675986e-06 6.464975e-07 2.8126149e-06 7.837095e-06 1.4198157e-05 5.6856707e-06 3.7265853e-08 3.6062615e-06 1.3702514e-05 5.358464e-06 0.001128355 3.5918578e-07 1.6917233e-05 1.403172e-06 1.4754422e-08 3.1865998e-08 6.7296753e-07 1.0586829e-08 1.09162535e-07 5.4534517e-08 1.310006e-06 4.5500568e-09 6.8981856e-09 2.7060327e-07 6.070563e-08 1.7048654e-06 5.0105577e-08 1.6284718e-08 5.3880536e-09 2.6366088e-08 8.388401e-08 1.2372113e-06 4.238904e-07 2.5180603e-07
0.9371856 2.6055911e-06 0.0004976646 0.021332681 0.59248364 0.012607665 0.00010018679 0.28881812 1.3242262e-06 0.9552358 0.320721 1.2049326e-05 0.89576876 9.998114e-08 0.037723057 0.8395473 1.00365456e-13 0.13542446 0.53057414 0.5229234 0.017415859 0.9507717 0.34122875 0.0096313795 0.0010536138 0.013993784 0.07109473 0.69595754 0.00026602324 0.00038696724 0.42479023 4.8883336e-05 0.00014170988 0.3560106 0.0007286124 1.3475713e-05 0.0056057204 0.7610679 0.016082471 0.0015645277 0.0019455922 5.0651656e-06 0.00014229504 0.00021636943 1.0534887e-05 3.773553e-06 2.9920991e-05 0.19706637 9.65111e-07 0.15764986 3.854929e-06 1.0567342e-06 5.8973666e-07 1.3478573e-06 8.699574e-07 5.2490196e-07 3.8816435e-07 1.1825886e-07 1.7445953e-07 5.331974e-07 0.05105389 2.0971211e-07 1.5443137e-08 0.00012930462 7.797821e-06 8.409768e-05 0.0002232799 1.03035916e-07 1.7398881e-07 2.4230064e-07 2.5937452e-06 3.2197673e-05 4.0275845e-07 1.09389875e-08 3.0515176e-07 0.0001984834 1.361137e-05 0.002361978 1.1518728e-07 0.00014347975 2.0573282e-07 1.0396885e-08 6.478815e-08 8.830499e-07 3.467668e-08 4.9328264e-07 8.017664e-07 1.8360677e-07 1.5836513e-09 7.705632e-09 2.6267546e-07 1.1653506e-07 1.539213e-06 9.771875e-08 2.8237633e-08 8.100253e-09 1.6361282e-07 3.1850215e-07 4.5057018e-07 8.83244e-06 6.179485e-07
0.18807974 0.00025686497 0.009349107 0.5565598 0.49860054 0.05197577 0.005176236 0.37749246 0.00023346592 0.3173081 0.93456453 0.0026435244 0.48832676 3.3134587e-05 0.9995728 0.051857784 0.13542446 1.3240824e-15 0.006803781 0.0029226604 0.0016491802 0.14463456 0.00025182852 4.6892656e-05 0.0002570448 0.008139422 0.0069575566 0.00074321654 0.0001455048 0.00013539265 4.88081e-05 1.539512e-05 0.000115722905 0.9364301 0.0010161706 1.508447e-05 0.00166875 0.0023368702 7.675324e-06 3.7697582e-06 1.1482332e-06 4.6645623e-06 0.00018685167 0.00031433327 1.6231088e-06 2.0607447e-07 8.3043506e-07 0.012335668 7.870315e-07 8.8258595e-05 0.00014382992 1.0763378e-06 3.9633733e-07 6.882816e-05 3.578114e-05 5.61923e-05 2.8198183e-06 2.4203473e-06 1.2799815e-05 1.245063e-05 0.004689613 3.0655433e-06 1.0026885e-05 3.0934325e-07 1.6154225e-07 2.0837602e-07 0.00078402576 1.4994227e-05 1.4779602e-06 1.0363688e-05 9.743214e-08 6.078624e-07 2.2953413e-05 8.0477896e-08 5.8430664e-06 3.580435e-05 8.890252e-08 3.948545e-06 1.8058455e-06 9.3183e-06 3.086203e-06 4.9116256e-06 2.592568e-06 1.3957268e-07 7.337778e-08 7.0225674e-06 5.8202105e-09 2.3156103e-07 2.1389848e-09 3.883137e-06 2.5650887e-05 1.3804762e-06 6.522634e-08 6.053693e-06 7.2426275e-08 4.1605034e-08 3.0939061e-06 7.438947e-07 1.2251691e-08 2.2816232e-06 6.6885656e-07
0.9962654 1.5648395e-06 0.00020138327 0.01775933 0.027965985 0.03577026 0.00013312564 0.5763952 1.347784e-06 0.343876 0.013955654 7.783971e-06 0.031292804 2.5251e-08 0.00040841824 0.960066 0.53057414 0.006803781 1.1225112e-11 0.9403546 0.7103276 0.073226936 0.5377128 0.74605215 0.5268892 0.15353197 0.6322043 0.2642213 0.23230676 0.0019913495 0.2753718 0.084296525 0.016641675 0.00084036996 0.04719473 0.0033404967 0.047633152 0.19697343 0.15868606 0.106691964 0.06029886 0.00049645564 0.0010044482 0.0056666336 0.002937141 0.00084114284 0.036214896 0.030738987 0.00030825264 0.12002343 0.00041446017 0.00038241735 0.0004130639 0.0005197687 0.00014533172 0.0002892809 0.0001237202 1.1354053e-05 0.00017061847 4.1439966e-05 0.0023809867 7.065854e-05 3.6169273e-05 0.02179982 0.0021025545 0.005257993 5.2235762e-05 6.743556e-06 6.885715e-06 1.3747015e-05 0.00084244023 0.00084483135 1.0512195e-05 1.2567762e-06 4.7850717e-06 0.00013177874 0.0002884891 0.013939167 2.6558098e-07 0.00015589739 3.2663127e-05 3.3363463e-07 1.5347916e-07 1.2375966e-05 3.7060525e-07 5.458301e-06 8.731854e-06 9.244355e-06 3.3758653e-08 2.7295044e-07 2.6383423e-06 4.419736e-06 2.058761e-05 6.2311e-07 2.3645536e-07 5.733391e-08 1.2227454e-07 4.9993145e-07 1.9708956e-05 1.09768125e-05 1.040165e-05
0.93536115 1.384333e-07 2.7211436e-05 0.0019377065 0.008889837 0.0019149126 2.6227058e-06 0.017004376 7.162168e-08 0.266865 0.005072448 1.9582993e-07 0.10771476 6.8031922e-09 0.00015621453 0.9516684 0.5229234 0.0029226604 0.9403546 2.9088036e-14 0.3125658 0.2794873 0.9671539 0.75090677 0.1004534 0.01235572 0.097895615 0.64151174 0.004896403 0.00010617406 0.6556385 0.009115259 0.00062162156 0.00057898136 0.0016425721 9.480882e-05 0.004404828 0.4567765 0.40824902 0.36843377 0.19469048 6.4548494e-06 0.00010228564 0.00030191996 3.6163892e-05 1.1382805e-05 0.00090099144 0.05500691 1.6667435e-06 0.2682299 4.0960826e-06 2.6731004e-06 4.6683413e-06 2.564855e-06 1.56783e-06 1.3121592e-06 6.15803e-07 9.985136e-08 3.2625925e-07 5.708531e-07 0.0073537445 1.3394123e-07 2.1935993e-07 0.0031054986 0.000103244995 0.0022761791 6.3989435e-05 1.7172398e-07 2.73127e-07 6.171476e-07 1.3843212e-05 0.0002524867 4.2973662e-07 2.5012003e-08 8.079022e-07 0.00043689116 1.8303248e-05 0.024546212 2.4174495e-08 0.00016236679 7.431849e-07 2.1016389e-08 1.4474284e-07 1.3161508e-06 2.2312168e-08 2.931768e-07 1.3044211e-06 4.2462756e-07 5.3530186e-10 1.9608567e-08 1.2052703e-07 4.3675943e-08 7.106987e-06 1.2252015e-07 1.0156603e-08 3.095677e-08 8.222343e-08 2.2896455e-07 1.8458574e-07 2.1007875e-06 4.795938e-07
0.9985722 5.177803e-07 4.0838648e-05 0.0073278174 0.0006135716 0.017325524 6.176004e-05 0.25778237 1.3011831e-06 0.022280453 9.6857606e-05 5.0412577e-06 0.0017190927 5.5480335e-08 2.6766858e-05 0.13413616 0.017415859 0.0016491802 0.7103276 0.3125658 8.5859445e-13 0.0056961486 0.16060358 0.8287998 0.95228285 0.10394222 0.53564125 0.04194391 0.782434 0.0014971944 0.058705937 0.83660024 0.17312573 8.0911515e-05 0.17277697 0.06832746 0.050874397 0.020334255 0.19100928 0.33801222 0.11347789 0.05586791 0.0008846135 0.012447295 0.31329447 0.1933228 0.63619435 0.0013150575 0.020954682 0.035710756 0.0016846376 0.0023330958 0.10436158 0.001672948 0.0005420426 0.0005311494 0.00033853375 9.929003e-05 0.00014241398 1.0431016e-05 0.00039662226 0.021164877 8.929453e-05 0.32435963 0.13671201 0.09625101 6.171829e-05 1.1986211e-05 9.097767e-05 3.8011753e-05 0.026536843 0.023332838 3.2408277e-06 1.38562755e-05 9.774224e-06 0.00026233087 0.0057788575 0.14598107 5.6335193e-07 0.025919572 0.0008898909 1.6257704e-06 8.671303e-07 4.384386e-05 2.4349117e-06 7.93358e-05 0.00017469871 5.5242723e-05 5.130123e-08 3.6292556e-07 8.126651e-06 5.690591e-06 0.00048533553 2.2663992e-06 1.3799456e-06 1.3919524e-06 1.1423193e-07 3.6406204e-06 1.26706145e-05 2.147959e-05 2.5872294e-05
0.84099585 2.3936176e-05 0.0013384848 0.012853583 0.5877716 0.0027916068 0.00045072733 0.07117422 7.931269e-06 0.6183075 0.7045649 0.000109327724 0.91396075 4.9038255e-07 0.016627634 0.29744163 0.9507717 0.14463456 0.073226936 0.2794873 0.0056961486 7.3671944e-13 0.18562864 0.016191034 0.00043741186 0.0031731583 0.01801464 0.92640096 3.9324626e-05 7.485026e-05 0.3191953 7.252723e-05 3.4054086e-05 0.86701936 0.00022502831 2.4805834e-06 0.0012270602 0.97746897 0.0018214695 0.00013919738 0.00027121935 1.9056696e-06 0.00021810073 0.00030134292 4.722343e-06 7.204446e-07 4.369949e-06 0.49305272 4.7169348e-07 0.22688995 1.5295387e-05 1.5702518e-07 6.6640337e-07 1.5811496e-05 1.3192479e-05 1.4437364e-05 1.5938181e-07 2.0889622e-08 1.8037354e-06 1.9815657e-06 0.1505827 1.189084e-06 7.920644e-07 5.4061798e-06 2.2522408e-06 9.775259e-06 0.002844369 3.712873e-07 3.5026744e-07 8.771653e-07 1.18613066e-07 7.278321e-06 3.5873686e-06 2.755418e-07 1.1431935e-05 0.00092803244 1.9405293e-06 0.00047361394 3.3615802e-07 3.0139681e-05 6.58757e-07 2.1520106e-07 1.6038625e-06 1.342475e-07 6.462364e-08 1.3683245e-06 1.7142177e-07 3.4770343e-07 2.0380993e-10 4.6356683e-07 2.9087462e-06 8.4551397e-07 3.2896742e-07 5.9176737e-06 9.3770603e-07 1.5248126e-07 6.1031337e-06 3.1419762e-07 3.5879174e-07 1.1326626e-05 2.8026827e-07
0.76226777 9.099325e-08 2.8110986e-05 0.00041879076 0.009133503 0.00037720616 5.6059713e-07 0.0033828544 1.1741462e-08 0.08399435 0.000725246 7.712016e-08 0.03426663 1.1843458e-09 3.77235e-05 0.46531874 0.34122875 0.00025182852 0.5377128 0.9671539 0.16060358 0.18562864 5.274479e-15 0.93449444 0.18525913 0.0034391773 0.035464693 0.7915408 0.0029416434 5.7254332e-05 0.9531702 0.025039744 0.0005080596 0.00018462527 0.00091132347 0.00016854356 0.0011057775 0.20507018 0.7942512 0.8304883 0.46034962 3.4176253e-05 1.19355755e-05 0.00014213962 0.00010258398 2.7590679e-05 0.0011353892 0.018442187 1.2201921e-05 0.18177652 4.4760413e-06 1.9801091e-06 1.5106007e-05 1.119621e-06 1.832411e-06 3.7020112e-07 1.3187301e-06 4.1946862e-08 1.7404639e-07 1.6477989e-07 0.0029830076 1.4603606e-07 3.8759747e-08 0.0024129965 4.1504794e-05 0.0017778784 0.00024966773 2.1375055e-08 1.6322012e-07 5.736298e-07 3.1643715e-06 0.00057474995 9.861994e-08 2.3977082e-08 2.0056666e-07 0.00061314553 4.3017866e-05 0.030253349 1.9053225e-08 0.0005920257 2.4492616e-07 1.7474418e-08 4.2056558e-07 1.9259504e-07 1.7447576e-08 5.094588e-07 7.0574896e-07 2.1732743e-07 1.3781075e-11 1.1086186e-08 1.1067368e-07 2.5346303e-08 1.0124116e-05 2.4695825e-07 4.8269307e-08 2.4554486e-08 2.1149907e-07 5.0172996e-08 1.420249e-07 5.7249495e-06 2.4143e-06
0.9225909 8.946568e-09 3.8362055e-07 0.00013696433 7.2095805e-05 0.0002655872 4.8077734e-08 0.0017825251 6.2001573e-09 0.013860863 3.2062308e-06 1.15744525e-08 0.0013831751 1.2351193e-09 4.379223e-06 0.23999158 0.0096313795 4.6892656e-05 0.74605215 0.75090677 0.8287998 0.016191034 0.93449444 3.2213216e-16 0.94260967 0.008343846 0.06299545 0.4093119 0.12089476 5.0657858e-05 0.68597126 0.7488513 0.005800695 8.525198e-06 0.0059043 0.0061033005 0.002969766 0.08847578 0.7457105 0.95706564 0.60549384 0.00036065042 4.5738376e-05 0.00019816677 0.017377941 0.0027562883 0.24292348 0.006702119 3.7466714e-05 0.24651663 1.1744549e-05 1.1653529e-05 0.0026727603 4.329252e-06 5.4815405e-06 1.2023033e-06 1.1840348e-06 1.2020551e-07 3.113357e-07 1.8918449e-07 0.0007539305 1.7049913e-07 9.8333686e-08 0.53058094 0.032802247 0.25281024 5.8483263e-05 5.990153e-08 2.2621613e-07 1.9712789e-07 7.9701706e-05 0.039611805 8.83538e-08 2.5602604e-08 3.452382e-07 0.0013334221 0.003556669 0.25259247 3.1079632e-09 0.030833261 3.068667e-06 1.9363643e-08 1.3595218e-07 2.6131486e-06 4.7054187e-09 1.835959e-07 4.5833694e-05 2.505837e-06 8.2696704e-11 2.1113216e-08 1.1695971e-07 3.44279e-08 0.00012905305 3.0722262e-07 1.7057484e-08 7.784831e-08 5.876703e-08 3.196103e-07 3.334886e-07 4.8888996e-06 1.624412e-05
0.92601657 4.9705153e-07 2.5707974e-05 0.001462463 6.4839674e-05 0.001871394 5.362063e-06 0.011034262 1.27402e-07 0.0033682843 6.3899442e-06 3.77204e-07 0.0001522156 1.1595908e-08 1.4165252e-05 0.091582455 0.0010536138 0.0002570448 0.5268892 0.1004534 0.95228285 0.00043741186 0.18525913 0.94260967 6.814646e-13 0.0121236835 0.15194532 0.023932006 0.8138238 0.00019591748 0.043532506 0.95405436 0.062098645 9.583456e-06 0.032518774 0.14943008 0.0060029556 0.004643485 0.21211351 0.59005135 0.15102884 0.011159758 0.0002863626 0.0015443781 0.16399667 0.03992212 0.7263732 0.00041832635 0.0027122584 0.021449547 0.00016286211 0.000285821 0.024936033 0.00025488032 0.00011185933 3.3603657e-05 5.4000047e-05 1.4082454e-05 4.02842e-06 4.441819e-06 7.1028444e-05 5.7225836e-05 1.09808125e-05 0.48790672 0.09724515 0.27405167 2.4886243e-05 3.7913223e-06 3.0036251e-06 1.4392164e-05 0.0027380704 0.048867896 9.727612e-07 5.1664483e-07 2.594272e-06 0.0002779365 0.011133018 0.16809784 2.541703e-08 0.060746565 9.7646414e-05 4.993197e-07 2.2670098e-07 1.2399547e-05 5.432929e-07 8.5526034e-07 0.0004940716 1.4655352e-05 3.324857e-09 2.1614821e-07 2.7466117e-06 9.25521e-07 7.4834774e-05 4.513568e-07 4.7284082e-08 9.1454115e-09 6.293176e-08 3.8542765e-07 4.2446545e-06 1.6260303e-05 8.7022876e-05
0.9901664 0.030220129 0.2588976 0.30208957 0.048699804 0.79018235 0.012788285 0.58143175 0.00038204258 0.07694138 0.007752372 6.917779e-05 0.00417617 0.00012963293 0.0025663 0.15470862 0.013993784 0.008139422 0.15353197 0.01235572 0.10394222 0.0031731583 0.0034391773 0.008343846 0.0121236835 4.552585e-12 0.9340472 0.00064160285 0.06655764 0.70884544 0.0010568997 0.007223745 0.047578577 0.0037703842 0.27331978 0.032261472 0.9690219 0.0012700594 0.00055317086 0.0011767825 0.00012350823 0.0071937325 0.3167507 0.5476504 0.0019704427 0.0033125083 0.0017187755 0.00013732008 0.0072193686 0.00017400584 0.3351236 0.042478457 0.0007303513 0.03257312 0.040635474 0.13563251 0.029469455 0.05349922 0.0656633 0.16382585 0.00023225584 0.0025353292 0.036044925 0.0016224978 0.0005966007 0.00027802156 8.233187e-06 0.005493285 0.0046151634 0.0029382787 0.0014110996 6.180293e-05 0.0017857495 0.002718056 0.0005490574 6.993092e-05 0.00015691899 0.00039620206 0.00042102012 0.0002429447 0.0021290518 0.009954694 0.0005419943 0.00013514124 0.0030913316 0.0018041735 2.2653403e-06 0.00027886123 8.400137e-06 0.003634626 0.0003561407 0.00023013435 5.9675487e-05 0.00010549752 3.386954e-05 5.929766e-05 0.00024335073 1.5116685e-05 7.3377116e-05 2.753079e-06 2.8437333e-05
0.9941839 0.00014335748 0.0020563495 0.07264607 0.07149861 0.3836712 0.0039218864 0.5859145 0.0001024947 0.17261004 0.007794219 3.296807e-05 0.017154586 1.0716565e-05 0.0017213253 0.459902 0.07109473 0.0069575566 0.6322043 0.097895615 0.53564125 0.01801464 0.035464693 0.06299545 0.15194532 0.9340472 2.6973279e-08 0.012753537 0.4110666 0.051485244 0.012031265 0.06818719 0.2644687 0.0063118483 0.9513838 0.24033669 0.62503135 0.010577744 0.010824963 0.012424548 0.0046658707 0.0871051 0.03225177 0.43772253 0.023846988 0.0276186 0.025271658 0.0011790202 0.12617631 0.0030427284 0.6008159 0.4826402 0.016476054 0.19977777 0.072017096 0.110360675 0.27837726 0.35409218 0.032564506 0.026882015 0.0017446171 0.1010283 0.03263784 0.020486072 0.010840749 0.0022074608 0.00010718809 0.0026227648 0.0607563 0.020130787 0.02868929 0.00054906844 0.0003947182 0.022646617 0.000578084 0.0015127098 0.001688916 0.0073763854 9.8606826e-05 0.0032003843 0.012529186 0.01373007 0.00049564266 0.00080692203 0.002971619 0.009710841 0.00017913876 0.0033042717 1.2633487e-05 0.0018639497 0.0005450889 0.00052186125 0.0005005675 9.603844e-05 0.00032469872 0.00039156753 6.072031e-05 0.00011942937 0.00048576592 0.000121807774 0.00016141958
0.75040907 2.9235441e-06 2.9661034e-05 0.0020678719 0.08452747 0.0011038256 2.1430931e-05 0.005450258 1.5727959e-06 0.19651839 0.012981993 3.0486071e-06 0.19259655 7.68324e-08 6.6918205e-05 0.28963602 0.69595754 0.00074321654 0.2642213 0.64151174 0.04194391 0.92640096 0.7915408 0.4093119 0.023932006 0.00064160285 0.012753537 1.962616e-15 0.0006505634 5.1505904e-06 0.9886165 0.0027403487 8.3829116e-05 0.043524735 0.00050201366 4.5025838e-05 0.00034881543 0.9532665 0.11904439 0.0070175533 0.018268162 8.447197e-06 1.0567065e-05 7.4064985e-05 3.4749268e-05 1.930501e-06 0.0001144072 0.3908831 2.6051762e-06 0.78394556 5.960982e-06 5.5841156e-07 3.3374836e-06 9.0195645e-06 2.951066e-06 2.4325282e-06 3.4155397e-07 9.3465566e-08 1.7200787e-07 8.083619e-08 0.07552368 1.1722242e-06 5.0831662e-08 4.6830624e-05 5.5577725e-06 0.00012527795 0.0018659754 8.959774e-08 4.827297e-07 5.9991146e-07 8.177003e-08 4.60841e-05 2.342057e-07 2.9275254e-08 2.7667485e-07 0.0054744077 6.2162535e-06 0.065577455 4.4113218e-08 0.00010991861 1.0565145e-06 6.632202e-08 9.1717374e-07 1.4350361e-07 1.5934024e-08 5.3927783e-07 1.8833339e-07 3.4813134e-08 1.7028154e-09 8.2501955e-08 4.2455392e-07 5.3991647e-07 1.8216178e-07 7.5547314e-07 6.553794e-09 6.791482e-10 4.4204037e-07 7.236041e-08 4.4475236e-08 3.0985375e-05 8.535912e-06
0.9775733 6.5071504e-08 1.2570392e-05 0.0017531799 4.9648443e-05 0.0046370593 2.280592e-06 0.071150854 9.2766875e-08 0.0017308291 5.033348e-07 7.1784285e-08 0.00019674169 2.1938908e-08 6.1141213e-06 0.014099732 0.00026602324 0.0001455048 0.23230676 0.004896403 0.782434 3.9324626e-05 0.0029416434 0.12089476 0.8138238 0.06655764 0.4110666 0.0006505634 1.3141242e-15 0.0008490143 0.0009612119 0.84086615 0.94233054 4.883704e-06 0.33544555 0.9431211 0.030277846 0.00014577719 0.0032114962 0.04328911 0.0051194187 0.7733841 0.0007664754 0.0075509227 0.6220674 0.8820701 0.5848933 2.4700916e-05 0.37113932 0.00014033595 0.0025014295 0.055188756 0.3976689 0.0023775967 0.0012785047 0.0006215655 0.0015002746 0.0008938076 0.00018602221 4.5276396e-05 1.0177785e-05 0.015017806 0.0003830601 0.22161503 0.17893937 0.060068414 1.6644909e-06 6.91097e-06 0.0006438994 9.4951065e-05 0.039966118 0.012212214 8.8455346e-07 4.5257835e-05 4.2331434e-05 8.554695e-06 0.016325211 0.0037757293 8.471899e-08 0.012145359 0.0029193053 3.9610927e-06 1.3699683e-06 0.00056715857 1.4991595e-07 1.4754177e-05 0.0011299693 0.0016094222 9.284005e-10 4.030566e-07 8.9265246e-05 2.875116e-06 0.001355038 7.573379e-07 1.6930343e-06 4.717756e-06 2.8764266e-08 1.7334738e-05 3.8343564e-06 2.9248658e-06 2.0622e-05
0.99369824 0.029833391 0.81438994 0.5103078 0.004739088 0.49962023 0.00544283 0.25770116 0.0003003448 0.0033419908 0.00023521087 2.467078e-05 0.00017361912 7.2628354e-05 0.00031099722 0.0039521055 0.00038696724 0.00013539265 0.0019913495 0.00010617406 0.0014971944 7.485026e-05 5.7254332e-05 5.0657858e-05 0.00019591748 0.70884544 0.051485244 5.1505904e-06 0.0008490143 9.599569e-16 2.852668e-06 5.5221022e-05 0.0007655414 0.0009731467 0.0008039061 0.00029897445 0.2158577 2.7339702e-05 2.757593e-06 1.6883063e-05 1.9659915e-06 3.079084e-05 0.99316245 0.050864756 2.856632e-06 1.3021645e-05 2.378051e-06 1.3043987e-06 4.656471e-05 1.0377163e-06 0.0025420757 0.00016523067 2.8179525e-06 0.0005554411 0.0016871402 0.016593797 0.00015646381 0.0010588387 0.06581563 0.13187373 7.627608e-06 6.992108e-06 0.011708768 3.2312298e-06 3.2428711e-06 3.1695348e-07 1.7616738e-07 0.012725036 1.3370219e-05 0.00029235528 3.2606126e-06 9.30087e-08 0.022149848 3.0788287e-05 0.002013782 1.9392899e-06 1.7679795e-06 2.6070302e-06 0.026037531 7.0000806e-06 2.7695482e-06 0.00010712034 0.0014362666 6.3687276e-07 3.7288097e-05 2.8580725e-05 3.4026524e-09 6.050106e-07 5.1873223e-05 0.0001570449 4.0066476e-07 2.807531e-06 9.4628646e-08 4.6701443e-06 6.42924e-07 1.8837318e-06 5.3495237e-06 2.1710536e-09 0.00019409627 5.378249e-07 2.4990246e-07
