1.9228181e-18 0.9615029 0.94205916 0.47080982 0.13018426 0.5814775 0.831203 0.95748144 0.9755979 0.9747446 0.9756489 0.04343111 0.3321397 0.9124602 0.042130034 0.06784788 0.9395933 0.26907754 0.96831876 0.90026927 0.866139 0.9329473 0.9662044 0.8643132 0.19940038 0.9617631 0.98297274 0.8687039 0.114160076 0.03211275 0.7747236 0.8193006 0.7314128 0.91941136 0.30651197 0.92938495 0.2666066 0.008209313 0.011449534 0.857445 0.40068796 0.31570137 0.006801909 0.9521873 0.95550007 0.59964097 0.0042364453 0.006543185 0.919276 0.02257908 0.28330684 0.95296776 0.013235061 0.64963734 0.78816354 0.83214915 0.67817444 0.93785435 0.92572474 0.34705228 0.97267735 0.84778196 0.035525072 0.6809059 0.93823826 0.24497624 0.0035617284 0.9912957 0.83508384 2.6547366e-05 0.314904 1.0302021e-05 0.8190978 0.06448632 0.925127 0.8689289 0.9260496 0.5510408 0.9919493 0.9209458 0.93219274 0.8348661 0.02110674 0.057513285 0.0021443835 0.24855995 0.98236525 0.85265577 0.33348298 0.010610034 0.0011214591 0.2233846 0.9999042 0.89384556 0.00031686175 0.9890178 0.998983 0.013528147 0.9999792 0.96734136 0.9999564
0.9615029 2.5541085e-13 0.66389453 0.9549069 0.81760013 0.8032949 0.47166213 0.7952917 0.6988526 0.68962014 0.572882 0.3141338 0.09763087 0.92046165 0.21902893 0.50788367 0.0839112 0.5087219 0.10679708 0.008314935 0.0023394648 0.0025446285 0.00054457504 0.0010467204 0.009812878 6.379019e-05 0.57458794 0.00042688314 0.58729476 0.0056279134 6.2906896e-05 2.126079e-05 6.811419e-05 0.00027496682 0.00070297474 3.429389e-05 0.0012285784 0.0013498281 0.009571464 0.00043203373 0.048462678 0.012815381 0.00012302566 0.02137646 0.08531255 9.119458e-05 0.017360002 0.0001092802 0.0003181996 3.585667e-05 0.00015537372 0.0021967827 0.028989274 2.6893515e-05 5.435072e-06 0.003147412 0.007876283 4.2884578e-05 4.354201e-05 1.9850117e-06 5.845455e-05 0.010055548 3.1762686e-06 2.644297e-06 1.0380246e-05 3.702317e-06 3.3760973e-06 6.282961e-05 0.0005060426 7.393908e-05 1.6142829e-05 1.4122454e-05 1.2395812e-05 0.00012440499 3.621787e-05 1.2535442e-06 0.00037105192 1.20737e-05 4.1104677e-06 0.0044696415 0.0003023095 0.000987965 5.639136e-07 4.6763813e-07 2.6116948e-07 2.8426768e-06 0.0066945464 1.7455957e-05 6.7295656e-07 4.5152618e-08 7.520246e-08 5.709914e-07 4.3121418e-05 1.3012142e-06 3.7910365e-08 8.863614e-09 0.0009954422 4.7704253e-07 0.003702635 3.2880852e-08 0.0040275464
0.94205916 0.66389453 1.8682326e-14 0.23909292 0.14806756 0.8341779 0.97474986 0.95839876 0.94339716 0.010636151 0.005779318 0.10312648 0.5976063 0.44340876 0.123427354 0.033893604 0.0026455598 0.030675892 0.0046473476 0.5093728 0.19373845 9.405078e-06 0.077648394 9.505448e-06 0.41319636 1.9608449e-07 0.26325762 0.01891899 0.12584583 0.06098166 4.780381e-07 1.0098118e-07 2.015455e-07 0.003576279 9.643957e-06 0.00076997187 0.15930068 0.049825188 0.028991498 0.0017930559 0.0004911092 5.7616744e-06 0.0039800946 0.0066930554 0.029228665 1.3280228e-06 0.0013947688 0.017709058 0.0037529622 0.008451122 8.600153e-06 0.03647587 0.00034226535 0.0052697547 9.266324e-08 0.01772626 0.014666546 0.00025517048 3.848259e-06 1.1002556e-08 0.0011350941 0.024208935 1.2282366e-08 7.647624e-08 0.00021868288 2.0718828e-07 0.00074715645 0.0036380803 3.3926663e-05 1.1635073e-05 0.00019959822 2.9087613e-07 0.00014596902 4.2495108e-06 1.4519153e-06 2.527518e-05 0.00017568025 9.623116e-05 5.095599e-07 0.0023715333 8.115324e-05 0.0021862064 1.8507612e-07 3.0627846e-06 2.370008e-05 1.12043435e-05 0.0046003875 0.0001907355 9.412257e-06 4.4587335e-07 5.603822e-09 3.5925932e-06 0.0013106285 7.754496e-06 1.4449092e-06 8.386024e-10 0.00055354 5.6186376e-08 0.0029000752 1.054958e-06 0.015326569
0.47080982 0.9549069 0.23909292 3.5372837e-15 0.9915816 0.6523975 0.021308562 0.23079062 0.14613445 0.83433795 0.53572387 0.59276843 0.00093042117 0.10792486 0.21601392 0.68952906 0.023733903 0.77265716 0.01789408 0.00020086099 5.5276243e-05 0.005751011 1.5042164e-05 0.0009636709 4.8503753e-05 3.09376e-05 0.017440375 1.2413189e-05 0.56919706 0.00017291997 6.4572414e-05 1.9464225e-05 1.4954541e-05 8.001413e-06 0.0010095355 1.8915057e-07 2.1506062e-06 5.8349306e-06 0.010279307 1.8644554e-05 0.03460436 0.005244169 1.1058221e-05 0.00065333326 0.0017903313 5.8755126e-05 0.019507427 1.6384136e-06 1.0402018e-05 1.8482687e-07 0.00037172082 3.1058036e-05 0.04489335 1.796976e-06 1.3024633e-06 0.00023511845 0.000528871 2.3203486e-06 6.3821346e-05 1.6906916e-06 2.1309497e-06 0.00038629153 8.574335e-07 7.0331134e-07 1.9540973e-06 5.260769e-06 1.7042867e-06 5.514921e-06 8.7093445e-05 0.0006769084 2.7712072e-06 9.834256e-05 3.5399134e-07 4.4821438e-05 1.6143504e-05 7.157497e-08 3.9940627e-05 4.0498217e-06 1.4241111e-06 0.00034260645 6.788307e-05 7.620116e-05 7.537026e-06 4.230723e-08 7.2761185e-07 2.5794357e-06 0.00050924707 5.2357907e-05 1.9717238e-06 1.7058468e-07 1.7981596e-07 1.1914724e-06 1.4356139e-05 4.4393287e-06 5.302957e-07 6.487966e-08 7.551333e-05 1.6125261e-06 0.00020013459 1.5446835e-06 9.654406e-05
0.13018426 0.81760013 0.14806756 0.9915816 1.3665754e-14 0.91102225 0.086019024 0.12261133 0.07939261 0.433834 0.16213037 0.9094305 0.010597741 0.053476375 0.63647765 0.66334385 0.005487023 0.6738664 0.0062349737 0.0011480937 0.00024182246 0.00268157 0.00030305743 0.00035017732 0.0014921163 1.8007713e-05 0.012806018 0.0002649649 0.38664374 0.0015969928 8.0011894e-05 8.221159e-06 1.086248e-05 6.381605e-05 0.00047764138 9.171349e-06 8.175753e-05 9.903308e-05 0.027435737 0.00011220956 0.00741235 0.0004974143 3.161405e-05 0.000796014 0.0015206051 2.4981286e-05 0.011265507 1.9859408e-05 5.3863027e-05 3.9090614e-06 0.00033251924 0.00010010036 0.012334398 5.975199e-06 3.0166078e-07 0.00045199846 0.0007054596 2.0145693e-05 3.6540245e-05 5.044535e-07 1.1175339e-05 0.0005477165 1.0711078e-07 6.2831583e-07 1.8387842e-05 2.9027383e-06 3.1112506e-06 2.6338788e-05 2.5080259e-05 0.00041310664 3.3372242e-05 8.732091e-05 3.2970634e-06 1.4788267e-05 1.6972618e-06 9.821669e-07 3.080544e-05 7.88218e-06 1.6217842e-06 0.00024775762 2.1914459e-05 4.719518e-05 3.7852274e-06 2.3078852e-07 6.1133835e-07 1.5527017e-06 0.0002722051 3.2402884e-05 1.3366374e-06 2.7819047e-08 1.5569879e-07 2.5982613e-06 3.0367699e-05 1.1033582e-05 4.913376e-07 2.6974872e-08 6.561725e-05 2.0691479e-07 0.00015038213 2.0664038e-06 0.00020436935
0.5814775 0.8032949 0.8341779 0.6523975 0.91102225 6.777456e-13 0.97460175 0.6646328 0.49935448 0.16279748 0.033142637 0.9309395 0.9367454 0.048839945 0.8956095 0.44854474 0.0019505944 0.29819444 0.0016634763 0.01979728 0.0058665737 0.00015438147 0.005339552 5.6457553e-05 0.34543592 8.570423e-06 0.014178802 0.0021144343 0.76624984 0.5147274 1.136545e-05 4.489649e-06 3.1419881e-07 0.0011173773 2.1398686e-05 0.00015452612 0.004403732 0.028974721 0.6764174 0.0016947567 0.0023914252 2.9154711e-05 0.009107583 0.00032326786 0.0006076822 4.645469e-06 0.055105254 0.0028466461 0.00018096989 0.0012403475 9.5007315e-05 0.0005749997 0.0073515424 0.00054763554 3.6965537e-07 0.00053420704 0.0006478059 5.18347e-05 3.6655963e-06 1.7120611e-07 1.3987197e-05 0.0004814916 1.14354776e-07 5.4718626e-08 7.965421e-05 1.3114123e-06 0.0007155208 9.789892e-05 2.6474413e-06 0.00070881634 0.00010389432 1.9193872e-06 5.960485e-05 0.00010444359 2.307804e-07 3.6891174e-06 1.1184731e-05 3.3373868e-05 4.9694864e-07 0.00010025561 4.1855237e-06 8.305737e-05 6.591897e-06 1.4568461e-06 6.24778e-05 7.6608585e-06 0.00039899244 5.7671587e-05 6.749307e-06 6.731247e-07 2.1482055e-08 2.6199434e-06 5.2833315e-05 1.2475721e-05 5.8045935e-06 9.768012e-09 1.6205158e-05 1.3847371e-07 0.00027429656 1.947151e-06 0.0005807739
0.831203 0.47166213 0.97474986 0.021308562 0.086019024 0.97460175 7.4657896e-13 0.8580222 0.77620804 0.015128073 0.0064899316 0.12705652 0.93889064 0.08046742 0.18797554 0.004635589 0.0009991763 0.0013597709 0.001052463 0.36241478 0.13104413 1.0690872e-05 0.08260331 5.0636486e-06 0.8117523 3.1303955e-07 0.046359472 0.043989833 0.069884785 0.23556775 5.698327e-07 3.8383897e-07 2.1023045e-08 0.0054697846 2.5561815e-06 0.00055654 0.14479306 0.092357755 0.121979475 0.0033014086 8.8003675e-05 1.1236407e-06 0.017456131 0.0006634196 0.004583475 1.3442353e-07 0.00078094786 0.02629092 0.0041400865 0.008890546 8.377537e-06 0.01869042 0.00019909517 0.0036752787 1.4496263e-07 0.003645304 0.0023276142 0.00035822063 6.2099602e-06 5.613785e-08 0.0009279582 0.0029838597 5.49292e-07 2.6259002e-07 0.00027208336 2.259868e-06 0.0014717891 0.0012961347 4.683728e-05 4.175503e-05 0.00033001302 1.0481916e-06 0.00015319235 1.9096374e-06 1.073059e-06 4.4016637e-05 2.12289e-05 0.00010628104 3.4061426e-07 0.0007827012 1.2650475e-05 0.0007530283 1.1664254e-06 2.3452043e-05 6.2163155e-05 5.8499776e-05 0.0010196725 0.00036415894 4.091603e-05 1.5526767e-06 3.7584936e-08 9.992882e-06 0.00086068315 7.321698e-05 7.161485e-06 2.2431852e-09 4.9565937e-05 1.2387178e-06 0.00039404724 3.4371308e-06 0.0012977109
0.95748144 0.7952917 0.95839876 0.23079062 0.12261133 0.6646328 0.8580222 3.8408756e-13 0.97193074 0.012586299 0.007883275 0.07538058 0.425014 0.7725709 0.07425276 0.033463873 0.0033822008 0.03738047 0.01263326 0.5297055 0.25789267 6.777039e-05 0.14403684 9.853539e-05 0.2020632 8.276643e-06 0.57601124 0.029363308 0.08990659 0.024299182 8.184532e-06 3.4174675e-06 3.2480802e-06 0.0056993626 2.7013917e-05 0.0017929217 0.11955072 0.031732377 0.010242274 0.005665091 0.00069701107 2.673479e-05 0.0019468181 0.023666622 0.08221343 1.1642898e-05 0.0015703981 0.006272487 0.0049741673 0.00399584 1.5546866e-05 0.035149973 0.0010536363 0.0029467954 4.967373e-07 0.067248896 0.045492023 0.00017885522 1.9609533e-05 9.3231435e-08 0.0010712602 0.066842034 4.7889564e-08 2.2735506e-07 0.00034559006 2.2176425e-06 0.000558446 0.005984205 0.0002858567 1.0275489e-05 0.00032874118 1.3789498e-06 0.00030174552 4.1095195e-06 2.8402462e-06 7.200922e-05 0.0006552136 0.0001848559 1.6930458e-06 0.0066939555 0.00028489955 0.0063205585 1.0755441e-07 9.224558e-06 1.6026295e-05 2.4239494e-05 0.0075242147 9.529097e-05 9.15464e-06 3.6045822e-07 2.4385436e-08 1.7826764e-05 0.00079332094 6.537917e-06 1.2148029e-06 4.609165e-09 0.0016030949 5.244596e-07 0.008267225 1.1571489e-05 0.024876866
0.9755979 0.6988526 0.94339716 0.14613445 0.07939261 0.49935448 0.77620804 0.97193074 2.2685417e-12 0.007313564 0.0056826817 0.05013056 0.38359132 0.82664466 0.05698075 0.027095161 0.0016396729 0.036630765 0.009100015 0.6680225 0.28864062 3.0345062e-05 0.15801495 3.4467997e-05 0.1430662 2.929648e-06 0.7611129 0.054399643 0.103035495 0.017134229 1.6793547e-06 1.9050227e-06 4.2851484e-06 0.010253558 2.2456661e-05 0.0036736424 0.11928551 0.010069295 0.0071940413 0.010137149 0.0006840136 2.7508047e-05 0.0008389021 0.014084531 0.09903515 8.916888e-06 0.0010326233 0.0022913485 0.013590262 0.0039325682 8.604394e-06 0.04862377 0.0002625872 0.007702973 8.0760634e-07 0.075367935 0.03950256 0.00028431515 1.749457e-05 2.7184382e-07 0.0020629808 0.084916644 2.7727313e-07 1.2985099e-07 0.0006257511 5.5303317e-06 0.0004194577 0.00719066 0.00043242963 2.974457e-05 0.00046216845 1.9444308e-06 0.000663788 1.0407252e-06 1.8750981e-06 7.855762e-05 0.00015460586 0.00031140947 2.0370513e-07 0.0073500634 8.417318e-05 0.008056706 5.9459046e-07 2.0894435e-05 1.5753983e-05 6.759024e-05 0.0059280084 0.00020346158 6.635522e-05 5.757302e-06 2.950689e-08 3.0911913e-05 0.0030490335 2.894618e-05 1.7597262e-05 6.778026e-09 0.0009323785 1.0467272e-06 0.008080021 3.8613223e-05 0.025122361
0.9747446 0.68962014 0.010636151 0.83433795 0.433834 0.16279748 0.015128073 0.012586299 0.007313564 6.9200665e-15 0.968167 0.132737 0.0107211415 0.45631674 0.071438715 0.6352061 0.6029295 0.8459123 0.44974542 0.00034797034 5.3055322e-05 0.38444236 3.2975113e-05 0.08290129 0.0006476141 0.018636987 0.08463214 8.392374e-05 0.59351647 0.0003026695 0.00074539747 0.0012771082 0.022508482 7.5316657e-06 0.03971377 1.7017256e-06 9.409444e-05 0.00015603525 0.00034552807 1.9425597e-05 0.8097628 0.78949344 3.2129483e-05 0.08494548 0.056406196 0.021410018 0.022650516 2.4601966e-05 2.7285314e-05 1.543534e-05 0.0022427684 0.00030952608 0.2477338 3.89931e-06 7.3994283e-06 0.0013151641 0.0045771394 1.5694652e-06 0.00030738456 5.5044957e-06 1.7484303e-06 0.0057941577 1.941955e-06 2.1417938e-05 1.2842855e-05 3.3999862e-05 2.0362218e-05 9.002493e-05 0.0037830935 0.00016351124 1.8402823e-05 5.604721e-05 5.4394955e-06 0.02932959 0.00039736016 1.3852688e-06 0.005293113 1.02048525e-05 0.0003088673 0.006999781 0.0041748923 0.0004909837 1.4196755e-06 5.072544e-07 7.4845084e-06 4.527355e-07 0.016307747 9.0675115e-07 1.4847011e-07 2.4413512e-07 2.4144954e-08 7.2052154e-07 1.5615531e-05 1.2828288e-07 9.738733e-07 1.0209749e-07 0.0069344407 4.6315057e-07 0.0066031385 1.915546e-07 0.0046726577
0.9756489 0.572882 0.005779318 0.53572387 0.16213037 0.033142637 0.0064899316 0.007883275 0.0056826817 0.968167 5.5882435e-15 0.034740977 0.0031976097 0.5894493 0.014609744 0.35842133 0.9274539 0.6037645 0.82155097 0.00019041871 1.6061838e-05 0.6701337 1.1948159e-05 0.24417081 0.00027714003 0.06837051 0.0866115 2.3961551e-05 0.23446874 2.107336e-05 0.0024300264 0.0040062796 0.0246142 1.1482146e-06 0.03182253 3.106165e-07 0.00013003372 7.805897e-05 3.1249816e-05 4.729694e-06 0.716692 0.6958853 1.161996e-05 0.17698951 0.07862221 0.025079364 0.0020343917 3.888487e-05 2.6842294e-05 2.5721485e-05 0.003784793 9.607838e-05 0.18435386 4.1103895e-06 4.2754393e-05 0.0007363635 0.00536656 5.5829975e-07 0.0009974154 3.917673e-05 8.6180216e-07 0.006251803 1.2961172e-05 4.2600994e-05 3.3418885e-06 0.00013677102 2.1602315e-05 1.3232485e-05 0.007428435 4.0421994e-05 1.3401803e-05 3.514111e-05 4.2656384e-06 0.015708288 0.0010059364 3.0861867e-07 0.0052591744 3.9237734e-06 0.00019025407 0.0143370135 0.008578667 0.00084845425 2.22378e-06 1.0721539e-06 8.96686e-06 4.1520903e-07 0.027593648 7.4230843e-06 3.5324213e-08 1.5164305e-07 1.805428e-07 2.3625655e-07 5.6155393e-05 1.7836898e-07 2.9752953e-06 1.4653871e-07 0.011214179 4.017455e-06 0.013672974 2.1553583e-07 0.006035239
0.04343111 0.3141338 0.10312648 0.59276843 0.9094305 0.9309395 0.12705652 0.07538058 0.05013056 0.132737 0.034740977 1.1375971e-14 0.19062223 0.007134332 0.99705255 0.8082777 0.00046262526 0.2565391 0.0003398249 0.00067253574 0.00012185763 6.195643e-05 0.0001641277 4.6126e-05 0.0010027139 4.603071e-06 0.0012797869 0.00013964053 0.42976314 0.011832402 1.5084586e-05 1.509514e-06 5.412688e-07 7.636943e-05 4.116774e-05 1.0973798e-05 3.2465614e-05 2.7197142e-05 0.20828336 0.00012378297 0.00030402892 7.508286e-06 5.498418e-05 3.0554635e-05 1.728167e-05 4.727457e-06 0.02472702 7.5662215e-06 1.4495558e-05 1.0550752e-05 1.4338093e-05 1.6084325e-05 0.008950949 1.4054219e-06 4.8553505e-07 6.138628e-05 1.2976224e-05 3.12859e-05 5.0402914e-06 1.813409e-07 6.564006e-06 5.370054e-05 1.3733742e-07 1.2605013e-07 1.883706e-05 5.4078737e-07 1.1382099e-05 6.9477187e-06 1.380022e-06 0.000551882 6.1718674e-06 1.3709376e-05 4.783128e-06 2.7221256e-06 2.1182163e-07 5.4557904e-07 1.4407482e-06 8.464713e-06 3.4825337e-07 2.064319e-05 4.9753266e-06 1.815494e-05 8.3269606e-07 4.899305e-07 2.2467234e-06 2.991253e-06 2.2745591e-05 2.9792263e-05 3.584928e-07 4.146275e-08 1.2256747e-07 5.1564193e-06 1.0822309e-05 1.978602e-05 1.539763e-07 2.9446278e-08 6.729422e-06 1.1646302e-06 8.4682775e-05 6.330098e-06 4.4683748e-05
0.3321397 0.09763087 0.5976063 0.00093042117 0.010597741 0.9367454 0.93889064 0.425014 0.38359132 0.0107211415 0.0031976097 0.19062223 8.366111e-12 0.0030916482 0.4482642 0.0006288728 7.650662e-05 0.00015499604 0.00011061687 0.039724037 0.013867757 3.4237273e-06 0.012887479 4.2459396e-07 0.98821384 7.037438e-08 0.002891397 0.0148872305 0.041513458 0.90332544 2.4065957e-07 3.134624e-08 9.243565e-09 0.00091693195 5.0390247e-07 5.861219e-05 0.046238963 0.27237177 0.68355125 0.0010420298 1.8382692e-06 1.9914994e-07 0.17522223 9.2525315e-06 6.186868e-05 1.7665164e-08 0.0007757008 0.027238024 0.00012386967 0.005051959 1.7224779e-06 0.00053605804 5.4019514e-05 0.0004117214 5.392364e-08 0.00029731568 4.672347e-05 3.0148447e-05 9.636533e-07 5.0040157e-08 1.6231328e-05 9.430105e-05 4.4870934e-08 2.1355167e-08 4.6113288e-05 2.3388318e-07 0.0022244623 3.8672373e-05 5.742697e-07 4.4028387e-05 0.00011907408 1.1006251e-08 1.4451127e-05 1.2869858e-06 7.475412e-08 2.06776e-06 7.2123026e-07 1.7576498e-05 9.3950106e-08 5.703532e-06 9.828274e-07 3.1984295e-05 3.486423e-06 9.69307e-07 4.4549844e-05 5.67848e-06 0.0005251228 3.9280363e-05 9.899056e-06 4.7742823e-08 3.4686818e-07 5.656811e-06 0.00019678821 2.2403034e-05 3.5644905e-07 2.8837219e-08 1.3799281e-05 1.2658754e-07 0.0006004556 1.1771051e-06 0.00047151497
0.9124602 0.92046165 0.44340876 0.10792486 0.053476375 0.048839945 0.08046742 0.7725709 0.82664466 0.45631674 0.5894493 0.007134332 0.0030916482 2.2037767e-15 0.0020842634 0.007892242 0.31481093 0.02092927 0.8354677 0.38721818 0.069364205 0.006512652 0.0075421245 0.0038730137 0.001759149 0.0013001409 0.986051 0.0009686787 0.012410273 3.0369116e-05 0.00013904666 0.00013475874 2.5101555e-05 0.0014612837 1.6367683e-05 0.0003913381 0.0011599815 0.0007895019 1.3701787e-06 0.0001158689 0.0035482738 0.00020153332 4.99641e-06 0.46581972 0.604776 3.2696364e-06 8.804204e-05 5.955627e-05 0.007352142 2.8713168e-05 5.8604555e-06 0.015208937 0.0009279967 5.559654e-06 9.156107e-06 0.062059388 0.23971857 0.0003779943 0.00041373845 3.907879e-08 0.0008760685 0.18068805 5.1870296e-07 8.1463595e-06 0.00021087102 1.6185018e-05 8.3605084e-07 0.006203183 0.004190121 4.826266e-07 5.7701673e-05 7.8847694e-07 6.7490173e-06 7.917303e-06 0.00014985785 0.00015879945 0.002033389 6.4905194e-05 5.884098e-05 0.038221035 0.004370785 0.011871857 9.5986564e-08 3.6929916e-07 7.224647e-07 3.0229219e-06 0.028193835 0.00033916975 1.5737368e-06 5.7191265e-08 2.935146e-08 1.6806091e-06 0.0028763036 7.638484e-06 2.643839e-07 3.404816e-08 0.014421864 1.1549863e-06 0.029159775 3.6578172e-07 0.029026223
0.042130034 0.21902893 0.123427354 0.21601392 0.63647765 0.8956095 0.18797554 0.07425276 0.05698075 0.071438715 0.014609744 0.99705255 0.4482642 0.0020842634 5.5691895e-14 0.8742817 0.00013554601 0.2092528 0.00011120688 0.00059152115 9.369649e-05 2.9574207e-05 0.00025829655 7.346369e-06 0.011129812 5.810443e-06 0.0008832795 0.00032734306 0.81637406 0.39418924 2.4743613e-05 1.9979855e-06 2.3016485e-06 7.931764e-05 6.565171e-06 4.0656745e-05 0.00012959831 0.0003186223 0.91420466 0.00020180721 0.00026876605 1.7095228e-05 0.00108904 1.1509384e-05 2.4797082e-06 4.9227583e-06 0.12972027 7.8382574e-05 6.5027216e-06 7.300682e-05 0.000104934195 3.28741e-05 0.016699903 2.0573183e-05 2.8659463e-07 6.210964e-05 5.479657e-05 2.182675e-05 5.47921e-06 1.1144942e-07 2.6470598e-06 0.00035420663 3.145874e-07 9.889005e-08 2.100576e-05 1.8026434e-06 0.00013085465 1.3161024e-05 2.1444384e-07 0.005119416 3.969903e-05 1.5538833e-05 1.4144449e-05 1.9731693e-05 7.851458e-08 4.376517e-06 1.4085081e-06 1.3953262e-05 5.472173e-07 3.7537368e-06 6.386871e-07 1.6154116e-05 6.8629456e-06 5.702274e-07 1.3296335e-06 4.760629e-06 8.67731e-05 0.00010414788 9.306629e-06 1.9220552e-07 1.0247441e-07 7.5097905e-06 2.5302576e-05 0.00019357978 6.3789946e-07 4.626748e-08 1.1462118e-05 8.327468e-07 0.00039455242 3.7737043e-06 0.000120477576
0.06784788 0.50788367 0.033893604 0.68952906 0.66334385 0.44854474 0.004635589 0.033463873 0.027095161 0.6352061 0.35842133 0.8082777 0.0006288728 0.007892242 0.8742817 1.4461972e-13 0.0066021113 0.9932391 0.0012135246 9.241654e-05 1.2709341e-05 0.0062511917 3.0065243e-05 0.0003865552 6.1812476e-05 5.4602483e-06 0.0010751991 2.947965e-05 0.95874023 0.00011163648 3.4892957e-05 2.0562525e-06 1.8701861e-05 4.5947204e-06 0.00048553367 7.4831837e-07 3.2669034e-06 2.450653e-06 0.16017184 8.916795e-06 0.014181372 0.005626942 1.3886663e-05 8.285843e-06 3.4794266e-05 0.00016556571 0.10518037 4.5013468e-07 8.871408e-06 2.7692934e-07 0.0001373684 2.204181e-05 0.15791124 1.6099332e-07 4.278243e-08 9.517853e-05 5.1381998e-05 5.96655e-06 1.33287285e-05 9.692834e-08 4.9648565e-06 0.00018152526 9.663945e-08 2.9897228e-07 9.51935e-07 6.2189775e-07 3.919622e-06 1.1799019e-05 2.806388e-06 0.0067925197 2.9358937e-06 0.00022703277 4.0028286e-07 0.0005213742 9.5199135e-07 3.5881502e-07 8.2530605e-06 4.7162353e-06 6.5254125e-07 3.0326688e-05 7.4838663e-06 2.986879e-05 3.927068e-06 2.162406e-07 1.2655851e-06 6.1348733e-06 0.00013390643 2.9089337e-05 6.736135e-07 2.4364935e-08 2.4287e-07 1.8254029e-06 1.6626738e-05 7.0139467e-06 1.489155e-07 6.2780425e-09 5.2709354e-05 2.6710885e-07 0.00022557407 2.799063e-07 0.00012523743
0.9395933 0.0839112 0.0026455598 0.023733903 0.005487023 0.0019505944 0.0009991763 0.0033822008 0.0016396729 0.6029295 0.9274539 0.00046262526 7.650662e-05 0.31481093 0.00013554601 0.0066021113 1.7746321e-15 0.036767446 0.9887972 5.2322215e-05 6.1016212e-06 0.74183077 9.29955e-06 0.72904444 8.569362e-06 0.7842208 0.038335294 3.938346e-06 0.0035259465 6.090499e-06 0.08822671 0.22226591 0.092912845 1.9460595e-06 0.0347513 2.7541674e-07 9.005675e-06 8.549117e-06 4.1256503e-06 5.4812112e-06 0.28099096 0.25653803 1.0636784e-06 0.53899634 0.14313881 0.04566577 3.6143858e-05 4.8037173e-06 2.048104e-05 9.269926e-07 0.0093688285 8.339597e-05 0.004103099 1.130604e-06 0.0025254786 0.0011072004 0.010677383 4.6042322e-07 0.05236454 0.0010717977 1.5552761e-06 0.00800987 0.00010405615 0.0021269706 1.0730907e-06 0.0004894041 2.7812603e-06 1.4546645e-05 0.197894 1.2189069e-05 1.2727747e-06 2.9513714e-05 9.203841e-07 0.005055475 0.011101323 3.3678506e-07 0.04964014 6.634025e-06 0.006393706 0.07053808 0.07241225 0.00097171403 1.0147827e-05 6.16943e-08 4.991852e-06 5.3843974e-07 0.15649793 8.452854e-06 2.1012221e-08 1.8368911e-07 4.918821e-06 4.594004e-07 9.287527e-05 3.2587553e-07 9.266426e-07 6.384274e-06 0.046624724 7.048679e-05 0.030082151 5.2641767e-06 0.013550187
0.26907754 0.5087219 0.030675892 0.77265716 0.6738664 0.29819444 0.0013597709 0.03738047 0.036630765 0.8459123 0.6037645 0.2565391 0.00015499604 0.02092927 0.2092528 0.9932391 0.036767446 3.428178e-15 0.012145782 1.2433295e-05 1.067477e-06 0.08250846 5.8992055e-07 0.010414705 2.9453358e-06 0.00027872217 0.0032001615 5.4125458e-06 0.9324526 3.9252423e-05 0.00040493725 2.0318226e-05 0.00030239456 2.5463883e-06 0.03734478 2.0702296e-07 6.6745474e-07 2.6001619e-08 0.038172953 1.2649039e-05 0.2926434 0.08813129 7.64532e-06 1.7583423e-05 0.00017346603 0.0057794782 0.09460917 1.9427986e-07 2.9324517e-06 6.094926e-08 0.0068554766 2.8552618e-06 0.3873021 2.2421821e-07 2.43461e-06 8.498835e-05 0.000115639275 1.8171017e-05 0.00037053268 2.1245091e-06 9.784833e-07 7.067849e-05 2.3392724e-06 4.6233704e-06 1.4434908e-06 3.978299e-06 2.4885164e-06 4.4383737e-07 7.482342e-05 0.012472231 2.9482095e-07 0.0031521118 1.4528337e-06 0.010195258 4.4458804e-05 3.9197585e-07 3.765984e-05 2.0580633e-06 8.3850655e-06 3.4680936e-05 5.335469e-05 6.723456e-06 7.6895114e-05 1.15765e-07 7.1236535e-08 5.142713e-06 0.0002511876 3.5780733e-05 2.4066592e-06 2.3774387e-08 7.8268283e-07 3.780478e-07 1.0356169e-05 2.7382703e-05 1.1288795e-07 3.5141696e-08 2.6509566e-05 4.435833e-06 0.0001957815 5.0449074e-08 0.00016510514
0.96831876 0.10679708 0.0046473476 0.01789408 0.0062349737 0.0016634763 0.001052463 0.01263326 0.009100015 0.44974542 0.82155097 0.0003398249 0.00011061687 0.8354677 0.00011120688 0.0012135246 0.9887972 0.012145782 6.5767995e-16 0.00070758245 6.38538e-05 0.4410972 4.1623472e-05 0.43127924 1.8369701e-05 0.45010877 0.15277483 1.6072749e-05 0.0021820706 4.9477835e-06 0.0128084915 0.064048626 0.00724277 4.738401e-05 0.005441265 1.090475e-06 8.375085e-06 1.3481921e-05 1.4687976e-06 2.0262187e-05 0.055885132 0.029344076 7.713852e-07 0.90427965 0.47805697 0.0069881654 2.0699237e-05 2.032463e-06 0.0005948321 2.8263858e-07 0.00074098655 0.0017845008 0.0024608371 2.3002582e-07 0.00041653274 0.005872286 0.07191019 4.697369e-06 0.01954249 0.00011544347 1.1601357e-05 0.03174829 7.901603e-05 0.0005270516 2.5452084e-06 0.0005758253 6.274556e-06 0.00015846404 0.2234896 3.3747356e-06 5.930962e-06 8.206001e-06 9.779609e-07 0.0012112554 0.004979013 4.6010234e-07 0.032595295 6.7065816e-06 0.0023359174 0.21030146 0.104674436 0.0050217696 2.6094579e-06 5.074748e-08 2.3136072e-06 5.3677184e-07 0.2690337 0.00015664924 3.989762e-08 8.540088e-08 2.4015446e-07 1.4432703e-06 0.00061230146 5.0169842e-06 2.6268972e-07 2.1195581e-07 0.09718151 5.134419e-05 0.09187529 1.1258901e-06 0.030802343
0.90026927 0.008314935 0.5093728 0.00020086099 0.0011480937 0.01979728 0.36241478 0.5297055 0.6680225 0.00034797034 0.00019041871 0.00067253574 0.039724037 0.38721818 0.00059152115 9.241654e-05 5.2322215e-05 1.2433295e-05 0.00070758245 6.546865e-15 0.994506 1.82654e-06 0.82931983 5.2455644e-06 0.17308308 3.2333244e-07 0.30186468 0.47667137 0.001029144 0.002555732 6.2500493e-07 1.8006459e-07 7.2302706e-09 0.4894683 1.14941145e-07 0.31913772 0.56990683 0.04216029 7.374824e-05 0.10083828 3.0358244e-06 2.442483e-07 0.001064638 0.0048018787 0.08837349 1.7188242e-07 2.8680111e-05 0.02497718 0.5216749 0.06491394 1.4416025e-07 0.76169443 0.00018735912 0.06295341 2.2578766e-07 0.40525064 0.06880231 0.015688008 3.6943636e-06 5.0735768e-08 0.14392091 0.087559 4.8022564e-08 9.457123e-09 0.017685816 5.397352e-07 0.0025889883 0.12658374 0.00014839515 1.65601e-05 0.007899595 1.1463436e-06 0.008942813 1.9937855e-07 3.8309662e-07 0.0007965915 6.895227e-05 0.0010124522 3.3127287e-07 0.0075478484 0.00017035588 0.029777752 2.1158036e-07 0.00040341984 8.8664136e-05 0.00026018987 0.0039553987 0.001502771 5.6270223e-05 2.164308e-05 2.2757316e-08 8.018254e-05 0.012169957 4.8141945e-05 4.504587e-06 1.8703707e-08 0.0010313144 8.5323995e-07 0.010690379 6.0294224e-05 0.03780548
0.866139 0.0023394648 0.19373845 5.5276243e-05 0.00024182246 0.0058665737 0.13104413 0.25789267 0.28864062 5.3055322e-05 1.6061838e-05 0.00012185763 0.013867757 0.069364205 9.369649e-05 1.2709341e-05 6.1016212e-06 1.067477e-06 6.38538e-05 0.994506 7.0157007e-15 8.176879e-08 0.90003586 2.408297e-07 0.076654196 2.535984e-08 0.11177981 0.3187894 0.00020252615 0.00047618846 8.670522e-08 6.3343734e-08 5.7368443e-09 0.8464962 2.9530197e-08 0.44757476 0.30288738 0.01385888 1.731004e-05 0.14774056 9.1630557e-07 9.439269e-08 0.00037488606 0.0008166222 0.020580396 2.1480388e-07 1.7542772e-05 0.012020191 0.6015406 0.02469225 7.433196e-09 0.78407735 0.00016926503 0.046596188 1.2752282e-07 0.213976 0.029761968 0.016629491 5.299449e-07 2.9918436e-08 0.2765766 0.04055936 1.0820786e-08 8.9199836e-10 0.02329586 2.2169604e-07 0.0015225633 0.16908546 9.181166e-06 3.5018336e-05 0.009157981 4.663197e-06 0.009091771 2.4053475e-07 2.853117e-08 0.0025556772 2.8810143e-06 0.0041498938 2.2057094e-09 0.0037017507 8.757715e-06 0.018853433 5.7674132e-08 0.0003848659 0.00011617185 0.0008111548 0.0016104539 0.0064444826 0.00043206092 9.6307915e-05 9.228908e-09 0.0002741933 0.03354344 0.00013380966 7.684112e-06 3.4236602e-09 0.00032630953 1.96854e-07 0.0074874572 0.00030436052 0.029554157
0.9329473 0.0025446285 9.405078e-06 0.005751011 0.00268157 0.00015438147 1.0690872e-05 6.777039e-05 3.0345062e-05 0.38444236 0.6701337 6.195643e-05 3.4237273e-06 0.006512652 2.9574207e-05 0.0062511917 0.74183077 0.08250846 0.4410972 1.82654e-06 8.176879e-08 1.7719314e-17 2.2780084e-07 0.98507786 8.773836e-07 0.41119456 0.00245187 1.4310244e-06 0.0045090104 1.1910428e-06 0.26456973 0.023950867 0.78977937 2.2140065e-07 0.8750706 4.7200913e-08 9.648662e-07 5.2091644e-07 1.16153715e-05 8.0648573e-07 0.8685086 0.84422 1.3334685e-06 0.07743337 0.01740485 0.5614259 0.00010236839 2.1159227e-07 1.9708297e-07 5.6402836e-08 0.2596014 1.6096869e-06 0.043781538 3.946777e-07 0.00058272964 2.36676e-05 0.00086146296 2.3121613e-07 0.03216037 0.003715702 2.7451401e-08 0.000703203 0.0002920702 0.0070008663 2.2180538e-07 0.00012540571 5.6176677e-06 6.964539e-07 0.021637823 1.4896367e-05 8.1261504e-07 0.00022571223 8.0588954e-08 0.40958947 0.017357618 5.0033954e-08 0.033302296 1.1845725e-06 0.007829264 0.011105797 0.004066171 1.4712839e-05 1.333244e-05 7.443031e-08 1.7105573e-06 6.55602e-07 0.03231483 9.020389e-06 5.1803884e-08 9.50844e-08 3.14876e-08 3.2701183e-07 1.3352189e-05 6.897699e-07 5.792129e-08 1.0418448e-07 0.016098106 2.9787361e-06 0.0041280617 1.3779837e-08 0.00023605919
0.9662044 0.00054457504 0.077648394 1.5042164e-05 0.00030305743 0.005339552 0.08260331 0.14403684 0.15801495 3.2975113e-05 1.1948159e-05 0.0001641277 0.012887479 0.0075421245 0.00025829655 3.0065243e-05 9.29955e-06 5.8992055e-07 4.1623472e-05 0.82931983 0.90003586 2.2780084e-07 1.635816e-15 2.850834e-07 0.21309468 2.8051623e-08 0.034686975 0.9664967 0.0016626255 0.00211364 2.0408838e-07 2.751614e-08 2.9364283e-08 0.67340773 1.1140313e-06 0.71992505 0.77649194 0.101959854 0.0006803044 0.53192914 1.4142661e-06 6.265079e-08 0.004783936 0.00015746766 0.004256163 8.62763e-08 9.170618e-05 0.13571814 0.3332707 0.34482664 5.566113e-07 0.61900216 0.00018357554 0.38853347 1.3296379e-07 0.03573505 0.009477286 0.06843228 5.779872e-07 9.047354e-08 0.22759338 0.014252568 7.4753835e-08 1.1207457e-08 0.05146452 5.334207e-07 0.0345384 0.061563652 1.6021297e-05 3.0910884e-05 0.05718191 2.0986788e-06 0.029786658 8.308431e-07 5.072967e-08 0.0043585305 5.4994744e-06 0.0042110705 8.158258e-09 0.003264328 9.775007e-06 0.0126313325 5.9441527e-07 0.0022872626 0.0021523463 0.0011630143 0.0028032146 0.0037707689 0.00025312896 0.00033091436 4.4459714e-08 0.00045177393 0.028519247 0.00011939042 0.00010223639 3.152227e-08 0.0002533606 1.0574681e-06 0.00471528 0.000107458814 0.04501925
0.8643132 0.0010467204 9.505448e-06 0.0009636709 0.00035017732 5.6457553e-05 5.0636486e-06 9.853539e-05 3.4467997e-05 0.08290129 0.24417081 4.6126e-05 4.2459396e-07 0.0038730137 7.346369e-06 0.0003865552 0.72904444 0.010414705 0.43127924 5.2455644e-06 2.408297e-07 0.98507786 2.850834e-07 3.740417e-18 6.0998694e-08 0.961691 0.0027914324 3.5729188e-06 0.0002493705 8.6825827e-07 0.6464245 0.30351025 0.68193144 9.444942e-08 0.544892 2.9485339e-08 2.6841806e-07 3.4313027e-07 4.313585e-07 8.7489036e-07 0.42071077 0.36112213 1.15801e-07 0.10705067 0.011775094 0.40384722 5.134578e-06 3.0745153e-07 2.659007e-06 5.7662476e-08 0.22949846 9.152231e-06 0.008144621 4.0839247e-08 0.043633237 0.00013055486 0.0022233254 4.8104425e-08 0.24602173 0.032602657 1.58449e-07 0.0016319912 0.005797366 0.07663773 1.9072284e-07 0.004398697 3.7175747e-07 1.6177187e-06 0.1545997 4.2668202e-07 3.5472349e-06 0.00013745188 1.2023187e-07 0.07699736 0.11365315 8.157733e-08 0.12962046 2.507301e-07 0.048708677 0.01823203 0.037605148 0.00016238228 0.00015775491 1.04809914e-07 1.7113633e-06 2.487617e-08 0.066940546 4.416245e-05 1.27164625e-08 2.5416014e-08 4.00529e-06 2.7956855e-07 0.00016947922 1.3587927e-06 2.5039494e-08 8.847332e-07 0.023570968 0.00014729623 0.008933657 1.0968765e-07 0.00052557845
0.19940038 0.009812878 0.41319636 4.8503753e-05 0.0014921163 0.34543592 0.8117523 0.2020632 0.1430662 0.0006476141 0.00027714003 0.0010027139 0.98821384 0.001759149 0.011129812 6.1812476e-05 8.569362e-06 2.9453358e-06 1.8369701e-05 0.17308308 0.076654196 8.773836e-07 0.21309468 6.0998694e-08 1.6110748e-16 1.8366238e-08 0.0023389347 0.57179815 0.00059704663 0.54705036 1.17912684e-07 2.4115502e-08 1.5286176e-08 0.00907176 7.3964706e-08 0.002118946 0.6779494 0.9724032 0.09226626 0.03318154 8.782772e-08 1.1970096e-08 0.4125352 2.0386362e-06 1.9254254e-05 1.6592956e-08 9.7802156e-05 0.6358824 0.0008733266 0.20993909 7.652486e-07 0.0017861864 1.5906157e-07 0.012776393 1.890895e-08 0.00024771158 0.00022421792 0.00019712707 5.116152e-07 8.6233604e-10 0.00036118823 0.0003086088 6.8788153e-10 1.07945235e-08 0.000116467694 2.1393502e-07 0.22491089 6.20505e-05 5.260681e-07 6.4087108e-06 0.00043865235 1.1455567e-08 9.358223e-06 2.4073142e-07 8.1878504e-08 3.1653553e-06 2.9725967e-05 3.5334677e-05 3.4221998e-06 7.672842e-06 9.427305e-06 5.228067e-05 3.3035058e-06 4.5038504e-07 0.00083237654 1.1356424e-05 0.000585185 2.9460258e-05 9.976851e-07 7.662165e-08 3.61315e-08 2.9765e-07 0.000102799044 6.035586e-06 3.6166116e-06 2.5922342e-08 1.9481067e-05 9.528446e-08 0.0001889302 1.4739584e-06 0.0004799807
0.9617631 6.379019e-05 1.9608449e-07 3.09376e-05 1.8007713e-05 8.570423e-06 3.1303955e-07 8.276643e-06 2.929648e-06 0.018636987 0.06837051 4.603071e-06 7.037438e-08 0.0013001409 5.810443e-06 5.4602483e-06 0.7842208 0.00027872217 0.45010877 3.2333244e-07 2.535984e-08 0.41119456 2.8051623e-08 0.961691 1.8366238e-08 2.2211267e-17 0.0013874285 6.299108e-08 0.00011831162 2.3711814e-07 0.7165685 0.9573034 0.5343169 7.430237e-08 0.22492315 3.5894505e-09 7.4071444e-08 1.1192617e-07 1.1200801e-06 1.1817306e-07 0.09710353 0.08019103 7.1122787e-07 0.2565664 0.01017569 0.29203147 5.895314e-07 1.4999159e-07 4.86558e-07 4.7770694e-08 0.12071839 2.9085963e-06 0.0014227611 4.0723873e-07 0.23514861 0.00010444927 0.0027040197 8.3208036e-08 0.83885026 0.07651171 2.456128e-08 0.0014257269 0.021199679 0.43122196 5.601838e-08 0.013465437 3.4365016e-06 3.9475412e-07 0.8301801 2.493586e-06 4.5073736e-07 3.7208843e-05 6.000983e-08 0.055803273 0.4708057 8.096658e-08 0.60765 1.2898924e-07 0.31236777 0.047471397 0.15631682 0.00019337995 6.860038e-05 5.313018e-08 2.0262041e-06 1.3092404e-06 0.15582547 9.517977e-06 5.779712e-07 1.3770659e-07 7.601273e-07 4.1302073e-07 1.9298226e-05 2.1287317e-06 1.6226888e-07 2.622178e-06 0.053153746 3.2427524e-05 0.018580593 1.7648588e-07 0.001189257
0.98297274 0.57458794 0.26325762 0.017440375 0.012806018 0.014178802 0.046359472 0.57601124 0.7611129 0.08463214 0.0866115 0.0012797869 0.002891397 0.986051 0.0008832795 0.0010751991 0.038335294 0.0032001615 0.15277483 0.30186468 0.11177981 0.00245187 0.034686975 0.0027914324 0.0023389347 0.0013874285 1.4775563e-13 0.0066793333 0.0028426636 2.831191e-05 4.001871e-05 5.627822e-05 6.8489085e-06 0.011702601 3.6894748e-05 0.0057604965 0.003587885 0.0004980943 9.027037e-05 0.0045910347 0.00044887717 0.0001895154 1.3056464e-05 0.5533994 0.8487502 3.7724578e-05 2.9200835e-06 9.8635894e-05 0.02044079 6.27875e-05 5.6735757e-06 0.059847943 0.000447429 0.00010752236 1.4944946e-05 0.53523374 0.61730134 0.0009972876 5.1016625e-05 5.319031e-06 0.00090869464 0.55455303 7.0325336e-06 8.3322504e-07 0.00030536883 0.00011687036 3.5224926e-05 0.02288849 0.0016476123 8.805119e-05 0.00021471243 5.817384e-06 0.000604253 2.5334137e-05 2.43159e-05 0.00032339522 0.00037800058 0.0004807455 1.0422474e-05 0.11799103 0.0012443752 0.05521603 4.8327715e-06 2.3760233e-05 3.9258357e-06 0.00017300031 0.07294214 0.0002825983 4.5968154e-06 3.2360606e-07 6.9304335e-08 7.6229976e-06 0.0059508067 3.4928747e-05 5.560595e-07 1.5802269e-07 0.02138863 7.3681446e-07 0.13810688 1.0817955e-05 0.106291875
0.8687039 0.00042688314 0.01891899 1.2413189e-05 0.0002649649 0.0021144343 0.043989833 0.029363308 0.054399643 8.392374e-05 2.3961551e-05 0.00013964053 0.0148872305 0.0009686787 0.00032734306 2.947965e-05 3.938346e-06 5.4125458e-06 1.6072749e-05 0.47667137 0.3187894 1.4310244e-06 0.9664967 3.5729188e-06 0.57179815 6.299108e-08 0.0066793333 9.1876634e-14 3.3627348e-05 0.0015648985 1.1355553e-06 5.3383722e-08 9.2018047e-07 0.27931392 4.881502e-06 0.3591021 0.9489022 0.42129412 0.00021052058 0.96230626 1.9945788e-05 7.1479036e-07 0.011822985 2.8084723e-05 0.0004517082 1.8193218e-06 2.135341e-05 0.4773474 0.052270904 0.73100203 7.747789e-05 0.1190189 2.639169e-05 0.7594684 2.0402611e-07 0.0023536007 0.0005708828 0.030890329 2.6126652e-06 3.6871637e-07 0.027844733 0.0014521556 4.0581898e-07 1.3040186e-07 0.096081235 3.320274e-06 0.162119 0.00583272 1.9266341e-05 4.4633134e-06 0.44039407 4.4748865e-07 0.09805501 1.0036605e-05 2.4515398e-07 0.003202054 7.0532915e-05 0.0043617967 5.2955994e-07 0.00034200435 1.3842367e-05 0.001503356 2.0357269e-05 0.011576832 0.010920149 0.0014197765 0.003034979 0.002331742 0.0002200116 0.0015633288 7.4355785e-07 0.00029546596 0.015695179 9.630405e-05 0.001261437 1.2980517e-07 0.00016993433 1.962786e-06 0.002219945 0.00019489217 0.008906445
0.114160076 0.58729476 0.12584583 0.56919706 0.38664374 0.76624984 0.069884785 0.08990659 0.103035495 0.59351647 0.23446874 0.42976314 0.041513458 0.012410273 0.81637406 0.95874023 0.0035259465 0.9324526 0.0021820706 0.001029144 0.00020252615 0.0045090104 0.0016626255 0.0002493705 0.00059704663 0.00011831162 0.0028426636 3.3627348e-05 5.367703e-13 0.0024387196 3.5456436e-05 6.654219e-06 2.7753587e-05 0.00014818966 0.0006042101 4.2690654e-06 3.5079735e-05 1.405101e-05 0.8887299 6.966991e-05 0.006839846 0.02134633 0.00024513167 2.2290233e-05 0.00018630111 0.0005022945 0.97585607 1.44473515e-05 5.8578044e-05 9.254243e-06 0.00074865855 0.0021362698 0.40584144 1.6078804e-05 2.5339716e-07 0.0011410418 0.0006220431 0.0006784388 5.311805e-05 3.6070085e-06 0.0005808263 0.0009396473 5.453335e-07 1.2941983e-06 0.00022236232 3.1875632e-06 4.108581e-05 0.0004189008 2.4230896e-05 0.042060956 5.4337743e-05 0.00039400437 6.241612e-06 0.0014244876 8.2363397e-07 0.00014426307 1.927132e-05 5.9238035e-05 4.458793e-05 0.00020443232 1.4888689e-06 0.00021067423 1.9653662e-05 5.5970795e-06 1.5523849e-06 0.00020281182 0.0014931221 3.3236243e-05 8.945482e-06 9.666143e-07 5.735795e-07 4.3152022e-07 0.00021050652 7.010734e-05 6.568681e-07 2.2535201e-07 0.00016045985 3.7599563e-08 0.00094829034 2.7101198e-06 0.006076668
0.03211275 0.0056279134 0.06098166 0.00017291997 0.0015969928 0.5147274 0.23556775 0.024299182 0.017134229 0.0003026695 2.107336e-05 0.011832402 0.90332544 3.0369116e-05 0.39418924 0.00011163648 6.090499e-06 3.9252423e-05 4.9477835e-06 0.002555732 0.00047618846 1.1910428e-06 0.00211364 8.6825827e-07 0.54705036 2.3711814e-07 2.831191e-05 0.0015648985 0.0024387196 1.9491246e-13 8.9700467e-07 6.83501e-08 2.5396968e-08 6.4559827e-06 2.459373e-07 1.241545e-05 0.002849865 0.02540648 0.9989174 0.00018166173 3.6282205e-07 1.8938107e-07 0.9731593 2.5126499e-06 2.2476427e-06 1.5729363e-07 0.0016731905 0.008425206 3.5261712e-06 0.0008139992 7.3064837e-07 8.166452e-06 9.458405e-05 9.6886615e-05 7.912475e-09 7.551462e-05 2.1046408e-05 1.3085365e-06 3.042038e-06 2.0574271e-08 4.009467e-06 7.743623e-05 4.485782e-09 8.792611e-08 8.748349e-06 8.6975874e-08 0.0010244271 5.7257303e-06 1.0076334e-06 0.00055318937 5.1022464e-05 1.128455e-06 5.025827e-07 1.0541182e-06 6.276094e-08 6.43577e-08 4.5300888e-07 2.6912592e-06 6.08324e-07 4.656771e-06 2.929124e-07 8.8941147e-07 3.960175e-06 2.0674614e-07 8.823107e-05 6.0362718e-06 0.00021063727 2.3393707e-06 1.5310346e-07 2.8428818e-07 7.849571e-08 1.0164025e-06 4.014156e-05 4.940388e-07 2.8559197e-07 1.9465846e-08 4.6633127e-06 8.954272e-08 0.00017467939 6.5361837e-06 0.00019856669
0.7747236 6.2906896e-05 4.780381e-07 6.4572414e-05 8.0011894e-05 1.136545e-05 5.698327e-07 8.184532e-06 1.6793547e-06 0.00074539747 0.0024300264 1.5084586e-05 2.4065957e-07 0.00013904666 2.4743613e-05 3.4892957e-05 0.08822671 0.00040493725 0.0128084915 6.2500493e-07 8.670522e-08 0.26456973 2.0408838e-07 0.6464245 1.17912684e-07 0.7165685 4.001871e-05 1.1355553e-06 3.5456436e-05 8.9700467e-07 3.4959794e-15 0.9882134 0.9795378 5.027828e-08 0.6653808 1.8525394e-07 1.8812013e-07 4.883885e-08 3.5733246e-06 3.682848e-07 0.21396123 0.21642086 3.741155e-07 0.008302642 0.00042687642 0.6201026 3.0063793e-06 3.052222e-07 3.8888723e-07 1.2409282e-07 0.48141688 5.471297e-07 0.00075202185 4.0869406e-08 0.32759905 1.8967083e-05 0.00072650035 3.340434e-07 0.4715291 0.4170319 1.0713135e-08 0.00052972895 0.109914385 0.21423124 1.7297589e-06 0.0389578 4.4864605e-06 7.0751724e-07 0.120537974 1.0096578e-05 1.5034411e-06 6.3480744e-05 3.3471593e-07 0.118003294 0.1898153 3.7102433e-07 0.22397502 1.4350876e-06 0.15504692 0.0019003485 0.017069977 1.9464735e-06 0.0011319382 1.2632631e-07 2.583158e-06 1.0240876e-07 0.00897963 1.4399968e-06 2.1820613e-07 4.2558533e-08 1.108131e-05 1.1828092e-06 3.0957185e-06 1.5752714e-06 1.9628054e-07 1.4890372e-05 0.006526035 0.00030933574 0.00087763224 1.3565236e-07 3.8965314e-05
