2.340058e-19 0.6712942 0.19334571 0.81186306 0.9536725 0.3126294 0.86097217 0.023830421 0.97866887 0.9267646 0.79480475 0.9299927 0.8523868 0.9702251 0.8203029 0.124142885 0.9857975 0.3824637 0.62805676 0.9838372 0.8898687 0.9501689 0.12863064 0.8235629 0.9345397 0.9224327 0.284501 0.92179716 0.9699878 0.41036394 0.15295547 0.9865047 0.9330169 0.55984104 0.9001691 0.8178524 0.1198974 0.7753651 0.8752305 0.76599264 0.0040428084 0.9051657 0.68037087 0.96584177 0.8531089 0.9737932 0.9489646 0.015850713 0.6413256 0.85111004 0.8603727 0.9480126 0.7598678 0.59624916 0.94783235 0.01961742 0.008505829 0.96345353 0.0015828975 0.96333736 0.98460054 0.977369 0.8983974 0.8526742 0.8645586 0.39046574 0.004335828 0.15709268 0.9572239 0.30007184 0.9914732 0.0025955145 0.91057247 0.55575246 0.030170217 0.9598885 0.22907114 7.109465e-07 0.97352135 0.9620769 0.82093287 2.1421226e-07 0.87019736 0.9654748 0.7370238 0.80430883 0.9772877 4.3151263e-06 0.9999731 0.83497655 0.84722733 0.9952174 0.8389943 0.9560691 0.031018376 0.05170641 0.13547449 0.54782516 0.9967609 0.0048144246 0.99998075
0.6712942 4.38534e-16 0.9961507 0.41452673 0.94762677 0.54457796 0.101545006 0.6260056 0.8641662 0.6672789 0.019264799 0.30638388 0.40012312 0.011534273 0.14375603 0.47330493 0.09624094 0.2544966 0.00284698 0.39063847 0.01977998 0.0027800924 0.0074650263 0.005817576 0.0011508953 0.0026722609 0.000618376 8.8620254e-05 0.009602283 0.00057871494 0.0005561789 0.00079331495 0.000740397 0.0029396496 0.00026058123 0.00032147704 0.00063504814 9.4838666e-05 0.00012192296 4.4589375e-05 0.00047564902 0.00013417922 4.6645513e-05 0.01564122 3.2419357e-05 1.2066839e-05 0.0009616135 0.00075812236 1.0211649e-05 1.6597429e-05 0.00016230547 2.056279e-05 3.6737715e-06 1.747936e-05 0.00047118904 6.592919e-05 0.00011976755 7.207391e-06 1.401036e-05 1.30581575e-05 1.5334472e-05 9.967203e-06 0.00017146014 1.81453e-05 5.989208e-07 7.0489733e-07 9.979245e-06 1.7897294e-06 7.726877e-05 1.7418315e-06 4.508266e-06 0.0003398364 2.285201e-06 1.2544776e-07 0.00012686968 0.0022756734 3.5963822e-07 4.9082047e-07 2.167672e-06 0.00633991 0.00072599755 3.0632197e-08 6.320115e-06 0.00030966397 2.3023375e-08 6.786174e-06 7.631377e-06 5.57658e-07 0.00079587766 1.8562251e-07 7.1451495e-07 8.719014e-08 1.7824782e-06 0.0016737044 2.5722049e-05 1.1288855e-06 9.416952e-08 4.260364e-05 4.9609258e-05 2.2444519e-07 0.0005715973
0.19334571 0.9961507 4.557767e-14 0.008059597 0.29500213 0.099067405 0.0017658827 0.99666315 0.060904913 0.16730109 0.00018560754 0.0070276936 0.047225505 2.184414e-05 0.008420731 0.22678563 0.00031195165 0.33030012 0.00016199218 0.02274376 0.0003669083 0.00016642659 0.0007632808 0.005003129 3.5543835e-06 7.554862e-07 1.7526575e-06 2.0134273e-08 0.0041047507 0.0017657791 1.4362068e-05 1.0731031e-06 3.79153e-07 2.6691558e-05 1.589229e-06 4.917782e-07 3.0516153e-06 0.00018035789 4.7736285e-07 2.5562023e-05 0.0018550447 6.4643736e-08 7.333199e-07 0.00037018914 1.495748e-05 7.362869e-09 7.843962e-07 5.9357695e-05 0.00019055478 2.8260652e-07 6.2262654e-05 2.8295008e-07 5.409612e-07 1.3611739e-06 9.3721343e-07 1.5379801e-05 0.00020959128 6.2264277e-10 5.907355e-06 3.2701664e-08 4.062227e-06 2.2857053e-07 6.0427945e-05 5.628098e-08 1.5320583e-07 2.9437631e-08 3.1299683e-07 5.718279e-07 4.031983e-08 8.751841e-07 8.077831e-10 3.1912894e-06 2.911058e-06 5.345319e-07 6.670411e-05 0.000100438876 2.004357e-07 1.9279626e-07 8.6393555e-08 0.0004962339 0.0001316023 2.142992e-08 1.5830844e-08 3.4606033e-05 1.7050221e-09 2.5455117e-08 5.199613e-08 5.609236e-08 0.0006126899 2.7374435e-08 1.15346575e-05 8.510879e-09 5.62991e-07 0.00011685487 7.786239e-05 8.4810625e-07 1.4500264e-08 7.528775e-05 6.0844588e-05 8.7932625e-07 9.785141e-05
0.81186306 0.41452673 0.008059597 1.8573483e-12 0.8148311 0.95201755 0.9678189 0.019436885 0.9708702 0.0043415213 0.6898305 0.69852513 0.077723816 0.92381376 0.023974279 0.071015865 0.8717662 0.000447519 0.2327624 0.41621906 0.015252192 0.0018158214 0.049780216 0.0003770814 0.09565997 0.07722225 0.1818623 0.0027948034 0.00031403423 2.3503875e-05 0.022618743 0.008593025 0.07817367 0.14687042 0.007734084 0.0058012153 0.033536334 5.9813283e-06 0.000765701 1.0229363e-06 5.671999e-05 0.00037700424 0.0014998001 0.005294923 0.005788519 0.00014444217 0.0033993754 0.009184421 3.8979283e-07 0.00011947813 1.0867777e-05 1.3492623e-05 0.001944494 0.0033105866 0.00071400893 0.0047599147 8.52262e-06 0.000676219 8.1930564e-05 1.0572921e-05 3.4283473e-06 4.184985e-06 2.3192215e-05 9.317411e-06 2.6502855e-06 0.00010939155 0.00023551343 0.00057794724 0.00027973967 1.1797287e-05 0.00014161991 0.001554471 1.817125e-06 4.4467797e-05 3.627205e-06 0.0008752756 1.1445946e-06 1.6195224e-07 8.381552e-07 0.0018168018 6.001015e-05 8.260588e-08 1.8847948e-05 1.9654673e-05 5.9040094e-06 9.764455e-05 3.4293367e-05 2.084267e-05 0.00019846903 6.196472e-06 1.2732531e-06 1.4719483e-06 2.7998788e-06 0.00058912794 8.556695e-06 1.1486843e-06 3.564946e-07 3.444506e-05 1.6307418e-05 9.8889495e-06 0.00014367721
0.9536725 0.94762677 0.29500213 0.8148311 2.567637e-14 0.48405167 0.39964172 0.09857762 0.9423059 0.8276848 0.09761898 0.9382833 0.8850309 0.0737502 0.7902877 0.08376283 0.47545442 0.079496704 0.028885957 0.73971075 0.27299786 0.024387676 0.0029889706 0.01178307 0.0065317196 0.024009682 0.0128389485 0.00065692957 0.005444076 0.0005091157 0.0011595202 0.0002515611 0.004283498 0.004636993 0.0021978514 0.0007035005 0.0022979355 0.0006237977 5.8177644e-05 0.0001270112 6.615971e-05 1.0302826e-05 0.00045248342 0.045894038 0.00015702183 1.1657876e-05 0.008098761 0.00029919553 5.1734205e-05 1.0505841e-05 0.0001859151 6.55167e-07 0.00035206205 5.4217395e-05 0.010025973 2.2548209e-05 8.277393e-06 0.001697373 8.616863e-07 6.4455985e-06 0.00011550602 2.2206297e-07 7.652348e-05 5.738812e-06 2.0471714e-06 7.3298884e-06 3.7836505e-06 2.6473008e-05 0.0003452261 3.3152085e-06 0.00017024885 5.4173768e-05 1.7317336e-07 1.7310873e-06 8.152592e-06 0.0082327165 2.0564514e-07 5.4287515e-08 6.59108e-08 0.016102253 0.00014152552 5.351061e-09 4.6012983e-06 0.00055857864 5.8282876e-07 7.745989e-06 3.0540534e-05 4.937585e-07 0.0019951258 3.1549806e-07 1.0089734e-05 1.9861433e-07 2.3124855e-07 0.0049921214 4.0146764e-07 1.3553442e-07 1.1520618e-07 0.00012564489 0.00010834646 2.0838077e-07 0.0026565106
0.3126294 0.54457796 0.099067405 0.95201755 0.48405167 6.9249745e-16 0.97659 0.36043188 0.66110885 0.0021112738 0.97482324 0.10487667 0.008325374 0.3786579 0.002229787 0.82624835 0.30912837 0.0001995339 0.85842407 0.091349535 0.0023965999 0.0010256603 0.51587605 9.393511e-05 0.0074288957 0.018128948 0.2359624 0.00075783796 3.461676e-05 8.04421e-07 0.053910594 0.0022555008 0.03016573 0.3137127 0.00032358774 0.0012317076 0.10834885 1.1869586e-06 0.0003458368 1.1271901e-06 1.3431019e-06 4.1595296e-05 0.00017197993 0.0005021791 0.004274989 1.7545899e-05 0.00028523692 0.04007968 2.1659186e-07 8.0098165e-05 6.8621675e-06 2.7763115e-05 0.0004385281 0.00031798636 7.7016724e-05 0.00060035713 5.4205856e-07 3.4191253e-05 3.2660355e-05 1.1689108e-06 3.460351e-06 1.925454e-06 6.2619492e-06 1.15037e-07 1.1723471e-06 1.3429898e-05 4.2478638e-05 1.662807e-05 9.073709e-06 1.7667979e-06 5.036659e-06 0.00026126506 7.5861163e-07 2.2450988e-05 3.6528484e-06 3.2951186e-05 5.293173e-08 3.2231708e-07 4.80487e-07 0.00011659805 1.5977406e-06 2.566734e-08 2.2501756e-06 2.8478476e-05 6.441014e-08 4.4008954e-07 1.7750288e-05 1.6112825e-06 4.0313123e-05 1.6387098e-07 3.6480455e-07 1.4814203e-08 1.314633e-06 0.00016049627 2.6384918e-05 3.611295e-07 2.8422824e-07 2.3688261e-07 1.3574922e-06 5.43544e-06 0.00013503533
0.86097217 0.101545006 0.0017658827 0.9678189 0.39964172 0.97659 1.8795565e-13 0.029410468 0.85298175 0.0010093988 0.92977506 0.20731992 0.017514315 0.8753901 0.0022741754 0.30603534 0.53601927 2.8990686e-05 0.6331803 0.2142423 0.0048878537 0.0010168103 0.4088421 0.000230801 0.04546349 0.024841715 0.6622684 0.0016209156 7.311935e-05 2.1570272e-06 0.2100754 0.014187838 0.15122801 0.786656 0.0056002755 0.01099894 0.41291988 5.0598783e-06 0.00039850434 4.2832013e-07 6.5110376e-06 0.00012239479 0.0005211093 0.0006080912 0.09585574 6.883158e-05 0.0012881126 0.08836136 9.45756e-08 9.1844995e-05 2.31986e-06 1.6768636e-05 0.0014492172 0.0035739795 5.5241773e-05 0.023490796 1.4707219e-06 0.0001349868 0.0008356392 2.0185973e-06 3.0168897e-07 1.734948e-06 7.3641727e-06 1.4873845e-06 1.235643e-06 0.00011361663 0.00011255369 0.0005355238 3.4878783e-05 6.1938545e-06 3.094182e-05 0.003973181 7.21013e-07 0.00016094046 1.2795591e-07 0.00017709564 5.651869e-07 2.7075765e-07 2.7881427e-07 0.00050752016 2.2919953e-06 6.139403e-08 9.282662e-06 1.5258178e-05 3.8100977e-06 6.517392e-06 1.292625e-05 1.4846543e-05 1.1115794e-05 2.238086e-06 5.497065e-07 2.8300812e-07 4.3989985e-07 0.00028985145 2.7369192e-06 5.1534323e-07 3.0271323e-07 8.3531995e-07 4.062955e-06 1.7492252e-05 6.746524e-05
0.023830421 0.6260056 0.99666315 0.019436885 0.09857762 0.36043188 0.029410468 3.0168156e-16 0.041455407 0.0021898071 0.008790198 0.005226943 0.0020444742 0.0010923658 0.00078500994 0.9962568 0.0025608519 0.0019004346 0.014024804 0.0070724622 0.00042387567 0.00031597246 0.01880688 0.00093410275 3.3936758e-05 4.0157334e-05 0.0002910153 2.342954e-06 0.00014488654 2.2669257e-05 0.00058393483 8.323463e-06 0.00026569213 0.0028754359 2.3313427e-05 2.544086e-05 0.00049057254 5.6335347e-07 2.6464945e-06 9.381603e-07 2.5897436e-06 7.016505e-07 2.8819761e-06 0.0002923628 1.7690227e-05 5.415047e-07 5.170882e-06 0.004037164 2.4700548e-06 3.629321e-07 3.6970812e-06 8.5465615e-07 4.498785e-07 2.3397722e-06 4.0317445e-06 8.187253e-05 1.196763e-06 3.822091e-07 0.0003889663 8.079966e-08 3.6852617e-07 3.4432543e-07 6.0820685e-07 9.898285e-09 1.677261e-08 1.9878799e-08 1.1584336e-06 5.749532e-06 2.0190594e-06 1.13093776e-07 3.346374e-07 1.2932303e-05 2.718657e-06 5.689259e-07 3.3209596e-07 9.2009985e-05 1.0105204e-08 2.3468679e-06 4.2550846e-07 7.960986e-05 2.1383232e-06 1.7045296e-07 2.813126e-07 1.6847557e-06 5.397911e-08 4.563551e-07 1.3103096e-06 5.476394e-06 8.802709e-05 3.808946e-08 1.2288776e-06 2.4666392e-08 4.3948512e-07 0.0001633831 9.972865e-07 4.6338133e-08 6.2757714e-08 7.328854e-06 8.591922e-06 2.3057997e-07 0.00025473235
0.97866887 0.8641662 0.060904913 0.9708702 0.9423059 0.66110885 0.85298175 0.041455407 8.083387e-12 0.0081253685 0.5079547 0.8878398 0.28748798 0.6305701 0.07017352 0.19078785 0.62410367 0.00017983766 0.23262797 0.61240035 0.0601937 0.00708694 0.052206073 0.0006753357 0.07907424 0.049386445 0.10234431 0.00074954156 0.00017293399 1.9215475e-05 0.025505742 0.0011751978 0.117699586 0.4400557 0.032056037 0.017093273 0.081685625 3.971622e-05 0.00012371311 6.2152867e-06 8.044759e-06 3.3277378e-05 0.0051701656 0.011358467 0.030194366 3.876461e-05 0.007898257 0.010059158 1.1247354e-06 0.00017646023 9.521934e-06 3.722799e-06 0.0059306375 0.0025802995 0.0017524455 0.00096000213 7.1621923e-07 0.0019824419 1.5782554e-05 2.7186508e-05 3.1173156e-06 7.159344e-07 1.21840485e-05 7.595184e-06 1.0261759e-05 0.000121173216 1.631557e-05 0.00022440233 0.00042394074 5.6768265e-05 0.0003062852 0.00024210077 2.8003794e-07 6.6929366e-05 9.4891317e-07 0.0031269123 2.385977e-06 1.2120996e-06 8.2791374e-08 0.010580085 1.1077135e-05 7.633648e-08 7.186375e-06 2.6852918e-05 1.4726925e-06 2.2696771e-05 3.1049953e-05 6.217445e-06 0.00034946005 8.8921723e-07 4.386623e-07 4.5650936e-06 3.740256e-07 0.0026564866 8.614427e-08 1.4180437e-06 1.12784434e-07 4.931637e-05 1.0218536e-05 2.6557987e-06 0.0008744166
0.9267646 0.6672789 0.16730109 0.0043415213 0.8276848 0.0021112738 0.0010093988 0.0021898071 0.0081253685 8.2285063e-16 0.00015663326 0.01488148 0.8796749 0.0003980856 0.7732888 0.0011870605 0.0009613846 0.9990436 3.2506243e-06 0.036628924 0.036016982 0.0014785378 3.0223959e-05 0.49385348 1.7118931e-05 0.0009333873 1.0340522e-06 4.381861e-05 0.7912546 0.041323233 2.6217844e-05 2.8177577e-05 4.663891e-06 0.000113197435 6.9655125e-06 1.1603387e-06 3.2039875e-06 0.00995756 3.9125578e-07 0.017174892 0.00329941 6.4671514e-07 1.9105646e-06 0.32564256 1.1568395e-06 1.0600681e-06 0.015750153 1.2530691e-05 0.003049512 1.8765766e-07 0.013833573 2.3818812e-07 5.7679363e-06 2.5209713e-06 0.12565306 1.0963939e-06 0.0015764496 0.0063825916 1.0318829e-06 2.7148033e-05 0.0031784766 2.1996882e-06 0.006275817 3.5916814e-06 2.32118e-07 1.7059347e-07 7.6174774e-07 0.0002321748 0.001006361 2.0864557e-06 0.0009888308 3.3399116e-05 8.1769764e-07 0.00014842713 0.00029330057 0.055284485 1.8389548e-08 5.8429124e-09 8.455583e-07 0.16002014 0.009184453 1.97903e-09 1.38389605e-05 0.0043774215 2.4375733e-05 8.777762e-05 2.9973973e-05 2.479253e-07 0.012258415 4.423761e-07 0.0003516032 3.0476116e-05 1.8037149e-06 0.03150377 0.00039868453 1.1808356e-06 9.110473e-08 0.009468852 0.0005946535 1.0112164e-08 0.0021300397
0.79480475 0.019264799 0.00018560754 0.6898305 0.09761898 0.97482324 0.92977506 0.008790198 0.5079547 0.00015663326 1.2694716e-13 0.027393369 0.0019083777 0.7886147 0.00031131535 0.32019818 0.28751233 4.5246247e-06 0.98363996 0.0690242 0.00052004016 0.00028963952 0.5846343 5.4571123e-05 0.045697555 0.023250325 0.7722516 0.0012969556 1.15627745e-05 2.8562656e-07 0.21212158 0.014554042 0.089471534 0.6417647 0.0008470915 0.005791815 0.43372762 1.2394149e-06 0.00071836234 9.532064e-08 1.09344965e-05 0.00024887492 0.000266226 0.00044644694 0.057873998 8.630483e-05 0.0011455049 0.12606037 4.812462e-08 0.00012747305 6.3753816e-07 3.268603e-05 0.00025450726 0.00092095137 1.9850053e-05 0.022507172 7.3048255e-07 0.00022395975 0.0016912103 1.2858474e-06 6.4829685e-08 2.0682432e-06 4.3727086e-06 9.624684e-07 1.0880246e-06 2.1769345e-06 0.00016824726 0.0005024452 8.0166785e-05 2.1170986e-06 4.2121264e-05 0.002723009 8.035098e-06 8.9139845e-05 5.7372057e-07 0.00010650569 3.0571684e-07 8.3091356e-07 1.4266001e-06 0.00047979446 9.570381e-07 2.0468951e-07 1.8413319e-05 2.9114576e-06 1.0493849e-06 2.2873628e-05 2.418092e-05 1.4052136e-05 4.0457624e-05 2.3617085e-06 2.4333227e-07 1.0298096e-06 2.0198202e-06 0.00029015262 3.6232639e-06 2.457604e-06 2.711212e-07 6.026424e-06 2.4502697e-06 1.1784445e-05 0.00022981086
0.9299927 0.30638388 0.0070276936 0.69852513 0.9382833 0.10487667 0.20731992 0.005226943 0.8878398 0.01488148 0.027393369 1.8391203e-15 0.7581773 0.14589472 0.774359 0.011916542 0.8639986 0.0007653155 0.012740676 0.9763202 0.8058761 0.48533478 0.00068596256 0.0012649619 0.062577255 0.6043546 0.004569781 0.07252046 0.00047479974 3.4236215e-05 0.0005398267 0.012507476 0.010868767 0.0039701015 0.006707938 0.0005510064 0.0015574581 0.000107257416 0.0009980644 1.8007955e-05 4.788126e-06 0.00093957427 0.0008653016 0.046767246 0.00027487296 0.0008310369 0.0414263 0.00044738562 2.9134549e-06 0.0006453065 6.0476894e-05 3.3343866e-05 0.0006127074 9.477963e-05 0.017131664 7.0612805e-05 1.0489207e-06 0.022150788 1.2934481e-06 0.00013459126 2.1837348e-05 1.7592396e-05 1.8168712e-05 0.00017982203 6.7960045e-06 2.3927276e-05 3.9219253e-06 1.3895684e-05 0.0017990123 1.05872095e-05 0.0044378536 0.00012427491 6.6233606e-06 1.0046297e-05 2.9439543e-06 0.009879948 1.8500916e-06 1.17791856e-07 4.0241766e-06 0.016701296 0.000276761 9.92494e-09 5.663248e-05 0.00010401924 3.5155594e-05 0.00029693116 0.00030256447 3.2999523e-07 0.0008025862 5.712044e-05 3.474027e-06 5.9852802e-05 1.5231514e-05 0.0072408365 4.583514e-07 6.4255744e-07 2.999842e-07 0.0002005595 9.365075e-05 6.198869e-07 0.0036052426
0.8523868 0.40012312 0.047225505 0.077723816 0.8850309 0.008325374 0.017514315 0.0020444742 0.28748798 0.8796749 0.0019083777 0.7581773 1.4041034e-12 0.009455358 0.9951745 0.0025133796 0.07004564 0.041334335 0.00059269567 0.6707073 0.77036804 0.27365902 6.063311e-05 0.020518404 0.0013787625 0.030994387 8.617973e-05 0.00050687534 0.049861442 0.00047997042 9.182432e-05 0.00054315984 0.0001624721 0.0004939842 0.00015537372 1.4987565e-05 0.00034747046 0.0014517506 7.373586e-05 0.00023986257 0.00015521186 2.9550949e-05 5.354533e-05 0.29825678 1.7162087e-05 4.1723026e-05 0.036452025 1.7936347e-05 0.00027347982 2.9576748e-05 0.00077789737 4.296262e-06 2.1707987e-05 2.1037688e-06 0.045374632 1.3778437e-05 0.00028304203 0.006797551 4.057873e-07 2.2771419e-05 0.0007893962 3.884823e-06 0.00041295754 2.2097816e-05 3.0736844e-06 3.0181513e-06 2.5532624e-06 4.2431816e-06 0.00097567623 1.5430396e-05 0.000438024 7.083809e-05 1.7714984e-06 4.7707777e-06 0.00010476971 0.042998247 5.0578063e-07 5.823254e-07 7.764231e-07 0.06090711 0.0005690424 3.798446e-09 8.373679e-06 0.0013010339 9.651175e-07 3.623228e-05 5.113587e-05 7.261955e-07 0.013715393 3.439915e-06 0.0002083813 2.8835997e-05 3.2370654e-06 0.0101693645 0.00013855252 5.2492595e-07 5.2200903e-07 0.001470288 0.0010892575 3.9472928e-07 0.0039368835
0.9702251 0.011534273 2.184414e-05 0.92381376 0.0737502 0.3786579 0.8753901 0.0010923658 0.6305701 0.0003980856 0.7886147 0.14589472 0.009455358 3.063761e-13 0.00091381196 0.029923242 0.9618037 1.7946708e-06 0.4809853 0.17279485 0.003039524 0.00054178445 0.11192212 5.943615e-05 0.8544192 0.1190524 0.89475775 0.008687856 2.5344647e-05 5.465158e-07 0.32890818 0.105849266 0.7874037 0.7862967 0.3263781 0.26804557 0.421366 1.3640392e-06 0.011246571 8.7457124e-08 5.2324235e-06 0.00405959 0.07778783 0.0005656974 0.5475843 0.0011738028 0.0061262297 0.04795096 3.4688785e-08 0.0015888897 5.4788154e-07 0.00019174918 0.045461096 0.079335906 0.00011469058 0.075731084 2.4562272e-07 0.0026838353 0.00027310607 0.00019999033 4.5320115e-07 2.685817e-05 4.6889636e-06 5.566119e-05 1.1650918e-05 0.0010124976 0.00071499497 0.008471222 0.000816328 5.114001e-05 0.00024360779 0.022506239 1.6043857e-06 0.011117691 8.476376e-08 0.0015814127 5.761922e-06 2.4022435e-07 1.6300459e-06 0.0011553749 2.5521695e-06 9.944007e-08 0.0001563503 1.8238708e-05 5.2866577e-05 0.000312179 0.00012678948 3.047516e-05 2.8736154e-05 1.0520338e-05 2.6141242e-07 1.6375787e-05 2.6111718e-07 0.00044422146 8.5174156e-07 5.1876614e-06 1.7966681e-07 4.6555497e-06 8.965296e-06 5.2115844e-05 6.833585e-05
0.8203029 0.14375603 0.008420731 0.023974279 0.7902877 0.002229787 0.0022741754 0.00078500994 0.07017352 0.7732888 0.00031131535 0.774359 0.9951745 0.00091381196 8.4349625e-15 0.0005243831 0.023316583 0.017880134 3.575556e-05 0.73860866 0.9380905 0.5403014 7.941608e-06 0.01595295 0.0002401773 0.03786073 2.2181819e-06 0.0005636099 0.07890816 0.001137529 1.5389849e-05 8.735481e-05 2.3551634e-06 6.9291025e-05 2.7826707e-05 2.120485e-06 1.742517e-05 0.004242085 1.0186059e-05 0.00028604025 0.00024006487 1.3893907e-05 1.5886722e-05 0.35733628 1.8916745e-06 1.9158877e-05 0.028610457 4.0677314e-06 0.00039557397 7.22942e-06 0.00095258316 9.159342e-07 5.667395e-06 6.1788666e-07 0.068672895 2.6529433e-06 0.0003147445 0.007136131 7.888369e-08 1.09969615e-05 0.0007066787 6.8119505e-07 0.00045772418 4.8183124e-06 8.56617e-07 4.55132e-07 1.8062866e-06 2.666422e-06 0.0009923537 2.2859792e-06 0.00056093896 7.0629714e-05 4.9374484e-07 2.0176965e-06 8.5665626e-05 0.049931325 2.7124847e-07 4.2890438e-08 6.162689e-07 0.050965328 0.00054448575 1.5025889e-09 5.067359e-06 0.0021421127 9.414918e-07 3.3956185e-05 1.3351182e-05 6.144487e-08 0.013233035 3.2659843e-06 0.0002382737 1.1922572e-05 5.084597e-06 0.008064909 2.7718219e-05 2.1675221e-07 1.1211355e-07 0.0019293968 0.00059079216 4.5163986e-08 0.0035515511
0.124142885 0.47330493 0.22678563 0.071015865 0.08376283 0.82624835 0.30603534 0.9962568 0.19078785 0.0011870605 0.32019818 0.011916542 0.0025133796 0.029923242 0.0005243831 1.9073115e-15 0.015707936 0.00015865821 0.67129236 0.057525538 0.00020072215 0.00031385757 0.9867173 0.0002744664 0.00026351862 0.00033871512 0.030399073 9.363009e-06 0.0001965637 1.4161624e-06 0.1749395 0.00010104039 0.0019589106 0.54358697 8.199842e-05 0.00036508145 0.28983578 1.6061983e-06 6.129546e-06 6.2992353e-06 7.875361e-07 8.033185e-07 4.892062e-06 5.5783523e-05 0.002858135 2.1787123e-06 5.439111e-06 0.637743 2.9708497e-06 1.851643e-06 3.7370812e-06 1.621775e-06 4.204246e-06 3.4493314e-05 9.799381e-07 0.01980481 1.5149149e-06 1.9833853e-07 0.021837467 2.969511e-07 9.974206e-07 6.417356e-07 3.292893e-06 4.4766814e-08 2.1318156e-06 3.0885835e-07 4.5282355e-05 4.3014792e-05 1.1258569e-06 1.1585132e-06 2.4906137e-07 0.00069169013 1.25883635e-05 1.9820986e-06 2.2414424e-07 3.8481325e-05 3.2498605e-07 0.00038654672 1.6327656e-06 0.00010768522 1.6208689e-06 3.578017e-06 8.75906e-06 3.847987e-06 1.2920539e-06 4.1977195e-08 9.486128e-05 4.5924484e-05 0.00017939416 3.7836483e-07 6.0228617e-06 3.0462182e-08 2.0982366e-06 5.707671e-05 8.1750113e-07 1.04337204e-07 2.4196004e-07 2.0161279e-07 7.83853e-06 1.1365835e-06 0.00023086657
0.9857975 0.09624094 0.00031195165 0.8717662 0.47545442 0.30912837 0.53601927 0.0025608519 0.62410367 0.0009613846 0.28751233 0.8639986 0.07004564 0.9618037 0.023316583 0.015707936 1.908387e-13 1.0297454e-05 0.11717024 0.64750063 0.050171226 0.014200542 0.005866873 0.00014508067 0.9355233 0.6624836 0.19780889 0.1030582 0.00017065312 4.6175314e-06 0.016431669 0.30915394 0.43588388 0.17636119 0.32571653 0.061980955 0.046748217 1.0876185e-05 0.025340341 3.4277525e-06 1.4552118e-06 0.009989758 0.08773735 0.012419258 0.028121311 0.006150436 0.044896264 0.003402604 8.0223526e-07 0.007969924 2.2165439e-05 0.0009092615 0.06667499 0.025497718 0.0026504614 0.003072905 3.604417e-07 0.022493836 4.98522e-06 0.002259627 7.810726e-06 0.00011670775 4.720067e-05 0.00063333893 0.00037143976 0.0008660227 0.00010179751 0.0006439242 0.0047156783 0.00023422505 0.0038093426 0.0011755128 8.811525e-06 0.0007918021 6.7477845e-07 0.0057114013 3.853766e-05 2.6210403e-08 1.7389959e-05 0.0062451526 5.516218e-05 7.757051e-09 0.00048593554 0.0001413483 0.0001279067 0.0007320071 0.0006085092 1.1275895e-05 0.00092243956 5.0868257e-05 1.8526119e-07 0.00041953227 1.9068957e-05 0.0028131513 3.447092e-07 3.0859967e-06 3.9750543e-07 0.00012664871 2.4150177e-05 1.2645077e-06 0.0009862715
0.3824637 0.2544966 0.33030012 0.000447519 0.079496704 0.0001995339 2.8990686e-05 0.0019004346 0.00017983766 0.9990436 4.5246247e-06 0.0007653155 0.041334335 1.7946708e-06 0.017880134 0.00015865821 1.0297454e-05 2.505344e-16 6.099904e-08 0.0011574394 0.0017785949 0.00026841235 2.0261944e-06 0.98621804 2.1118089e-08 1.366659e-06 3.1461468e-07 4.381152e-08 0.5253722 0.42420197 3.3741271e-06 6.341833e-08 2.713284e-07 2.28811e-06 2.4539378e-07 3.3318294e-08 1.1068282e-06 0.07598163 1.1247567e-08 0.0193166 0.1070644 2.979604e-09 2.0577255e-08 0.029607369 4.826915e-07 4.272076e-09 0.00011150071 5.7222264e-06 0.009344322 1.2925639e-08 0.018000763 1.4352339e-08 3.7961792e-07 4.7156906e-08 0.021685934 9.4443885e-07 0.0027273751 1.2106941e-05 1.2669418e-07 1.9689445e-08 0.008019306 1.294831e-07 0.004697741 2.0117181e-09 2.9721187e-08 2.0122064e-08 3.917865e-08 1.7827588e-06 5.002656e-06 1.5523042e-07 2.6183673e-06 1.3410445e-05 1.0743262e-07 1.3957674e-06 0.0007421499 0.004354629 6.613844e-09 6.956829e-08 8.306545e-09 0.00999335 0.002069159 3.825814e-09 2.7795286e-08 0.0039415 1.4836882e-08 5.6419413e-08 1.1047859e-07 1.3757389e-07 0.006322572 5.2638793e-10 0.00051403546 9.938642e-08 6.18457e-08 0.0015096308 0.00012756961 1.10577254e-07 1.1458255e-08 0.0020147508 0.0006452059 2.724893e-09 0.0014265464
0.62805676 0.00284698 0.00016199218 0.2327624 0.028885957 0.85842407 0.6331803 0.014024804 0.23262797 3.2506243e-06 0.98363996 0.012740676 0.00059269567 0.4809853 3.575556e-05 0.67129236 0.11717024 6.099904e-08 2.3904496e-14 0.033099305 0.0001828977 0.00016632804 0.9289559 3.6915124e-05 0.014716095 0.021346495 0.94899 0.0009064931 3.5687815e-06 8.1379035e-08 0.6869802 0.012730213 0.08502868 0.76253855 0.00061098725 0.0070423665 0.6266634 1.6312674e-07 0.00041124248 1.7475486e-08 5.0569793e-06 0.0001723533 0.00019322305 0.00020177198 0.06134646 5.739351e-05 0.0011520184 0.3237283 3.7890535e-09 5.208906e-05 3.4718556e-07 1.2134523e-05 8.379242e-05 0.0007420058 1.826953e-06 0.06462608 4.5029506e-06 1.1818322e-05 0.006347397 2.6484715e-06 1.7377108e-07 1.977771e-06 7.8151623e-07 3.394983e-07 9.81546e-07 3.5173853e-06 0.000899013 0.00021350672 1.4952589e-05 4.6972056e-07 4.848944e-06 0.005964602 7.844258e-06 8.313147e-05 3.1269911e-07 5.1761985e-05 6.8168085e-08 1.7855671e-05 7.696705e-06 0.0011353112 1.5936662e-07 1.0321221e-06 3.9395136e-06 9.3000324e-07 4.0533124e-07 7.0327906e-07 1.2461285e-05 3.0704836e-05 9.482533e-06 1.25628785e-05 3.4156312e-07 9.453011e-07 2.2106342e-06 0.0001273434 3.83534e-06 3.1855816e-06 3.9694558e-07 2.4707288e-06 1.1007407e-06 1.2303533e-05 6.778532e-05
0.9838372 0.39063847 0.02274376 0.41621906 0.73971075 0.091349535 0.2142423 0.0070724622 0.61240035 0.036628924 0.0690242 0.9763202 0.6707073 0.17279485 0.73860866 0.057525538 0.64750063 0.0011574394 0.033099305 3.1807755e-12 0.9081689 0.60163397 0.0033584035 0.0019088864 0.057150576 0.42150155 0.0047321892 0.0437197 0.0007165013 8.20556e-05 0.0020749003 0.020168297 0.01276973 0.04049486 0.0065152207 0.00082236255 0.009841435 9.537662e-05 0.00032719513 2.1419757e-05 1.6549964e-05 0.0002501587 0.00062145526 0.10558703 0.0032256157 0.00025326828 0.07138043 0.0005734012 8.930982e-06 0.0005338403 3.4064582e-05 2.0244977e-05 0.0011729081 6.5491906e-05 0.023731703 0.00011803832 1.5818056e-05 0.022763642 4.8411302e-06 3.0821044e-05 2.3229204e-05 3.9116494e-06 3.7635673e-05 4.1382154e-05 1.4281077e-05 8.8944624e-05 3.8867056e-06 3.514768e-05 0.001011447 1.0753451e-05 0.001807398 2.8671904e-05 4.4833982e-06 3.8785074e-06 5.1368597e-06 0.017520579 1.9045667e-06 3.7962682e-06 1.866616e-06 0.035263743 5.3834472e-05 1.2121579e-07 1.8250923e-05 6.2128725e-05 2.3197836e-05 6.35789e-05 7.469722e-05 2.889135e-07 0.0012136855 4.3615324e-05 2.0363344e-05 1.8556038e-05 9.4237175e-06 0.008523593 2.8889906e-06 6.62331e-06 7.047146e-07 0.000132884 0.0001321631 8.555284e-06 0.0023523264
0.8898687 0.01977998 0.0003669083 0.015252192 0.27299786 0.0023965999 0.0048878537 0.00042387567 0.0601937 0.036016982 0.00052004016 0.8058761 0.77036804 0.003039524 0.9380905 0.00020072215 0.050171226 0.0017785949 0.0001828977 0.9081689 9.086168e-14 0.99101835 4.503032e-06 0.0021591184 0.0013759785 0.6397727 3.751613e-05 0.11865207 0.006784543 0.0003823947 6.762338e-05 0.002227875 1.0207744e-05 5.138754e-05 2.698773e-05 2.0588247e-06 0.00011600423 0.00090393785 0.00018021914 0.00011380217 3.0441262e-05 0.00050034584 9.454801e-06 0.5641403 2.1846568e-06 0.0008928313 0.29012293 1.9443119e-06 4.3504326e-05 7.225012e-05 0.0006402063 2.7967417e-05 4.525583e-06 4.2883877e-07 0.13497847 1.4363144e-06 2.3307224e-05 0.10605683 5.724958e-07 0.0001412576 0.00050951523 1.7957998e-05 0.0001759477 0.00039769243 2.3836938e-06 3.0394483e-06 3.3483374e-07 1.129034e-06 0.0031833425 4.8830057e-06 0.006472714 1.4171987e-06 4.788322e-06 3.131554e-07 2.5505773e-05 0.078527525 1.3621354e-07 9.819594e-08 9.766527e-06 0.07865862 0.0005753691 2.1416188e-08 3.2265234e-05 0.0015114899 4.819804e-05 0.00051414577 0.0002530399 1.5241612e-07 0.013114281 3.4487162e-05 0.00016816096 5.4492906e-05 9.018197e-06 0.021569667 3.1798376e-05 1.6429127e-07 1.2060028e-07 0.0012487036 0.00063765893 5.445498e-07 0.008744505
0.9501689 0.0027800924 0.00016642659 0.0018158214 0.024387676 0.0010256603 0.0010168103 0.00031597246 0.00708694 0.0014785378 0.00028963952 0.48533478 0.27365902 0.00054178445 0.5403014 0.00031385757 0.014200542 0.00026841235 0.00016632804 0.60163397 0.99101835 4.7930996e-14 3.81869e-06 0.002451351 0.00026410865 0.9249824 8.3136265e-06 0.60181344 0.0024768864 5.1049134e-05 1.31539855e-05 0.0017117113 3.972184e-06 4.77622e-05 4.8618513e-05 1.5405334e-06 2.0112617e-05 0.0005594415 3.8845246e-05 6.420736e-05 3.971349e-05 0.00073286454 1.8937946e-05 0.9128304 3.9147617e-06 0.0050610034 0.8133653 1.1815132e-05 1.1745781e-05 3.311497e-05 0.00024628715 1.678883e-05 4.970238e-06 7.935634e-08 0.28827083 2.2117288e-06 2.0303563e-05 0.31828973 4.5172973e-07 0.0007248201 0.00033104725 1.5823654e-05 0.00017742967 0.00065723975 3.1111322e-06 3.3225797e-06 5.3655517e-06 2.059129e-06 0.029467784 2.740973e-06 0.067081876 3.301868e-06 7.4352415e-06 2.497987e-06 3.0245843e-05 0.3327862 1.5148737e-07 5.8329164e-08 2.9933806e-05 0.24067289 0.0012261157 5.168868e-09 0.00019075534 0.0013472983 0.0003676581 0.0012564472 0.000614845 5.7685224e-07 0.018101927 0.00027254538 9.244192e-05 0.00044184466 6.141866e-05 0.05529954 3.3491775e-05 5.6078215e-07 3.3274236e-07 0.0025352845 0.0005105814 1.8444865e-07 0.012107439
0.12863064 0.0074650263 0.0007632808 0.049780216 0.0029889706 0.51587605 0.4088421 0.01880688 0.052206073 3.0223959e-05 0.5846343 0.00068596256 6.063311e-05 0.11192212 7.941608e-06 0.9867173 0.005866873 2.0261944e-06 0.9289559 0.0033584035 4.503032e-06 3.81869e-06 4.0694298e-16 6.4536066e-06 0.00066471915 0.00021757204 0.5919444 7.7109837e-07 7.546769e-05 1.8010933e-08 0.9826284 0.00016685583 0.020430082 0.9146357 0.000447211 0.0030050075 0.734424 2.988319e-08 1.3980756e-05 3.5057543e-08 3.82924e-08 1.4171893e-06 0.00019221623 0.00041605695 0.02549201 3.9051077e-08 1.6495553e-05 0.5502071 1.8050837e-07 7.175075e-06 6.2736984e-07 6.643038e-07 4.3815475e-05 7.513641e-05 2.617662e-07 0.081358664 4.0551743e-08 2.9048207e-08 0.013262246 9.253184e-08 3.278998e-08 3.64347e-07 5.302773e-06 1.31961455e-08 5.829071e-07 1.7675048e-07 0.0014210864 2.9344086e-05 3.7444318e-07 8.461165e-07 3.594488e-08 0.00070890895 1.6628759e-06 2.4505525e-06 1.7692132e-07 3.9212842e-05 5.9135357e-07 3.6095153e-05 3.101865e-08 0.0002648484 4.7018082e-07 1.2231076e-06 1.4045128e-07 1.6829218e-06 2.6187004e-09 3.833208e-08 1.1142895e-06 1.3558098e-05 1.0908656e-05 9.96207e-10 6.520693e-08 1.193751e-09 6.522099e-08 4.6857207e-05 2.4346793e-06 3.5146304e-09 4.3520836e-09 1.5727741e-07 5.4980245e-07 1.9566467e-06 3.9550025e-05
0.8235629 0.005817576 0.005003129 0.0003770814 0.01178307 9.393511e-05 0.000230801 0.00093410275 0.0006753357 0.49385348 5.4571123e-05 0.0012649619 0.020518404 5.943615e-05 0.01595295 0.0002744664 0.00014508067 0.98621804 3.6915124e-05 0.0019088864 0.0021591184 0.002451351 6.4536066e-06 1.9963557e-13 2.3115243e-05 0.00013388535 6.4124833e-06 8.785257e-05 0.94821364 0.98789406 3.4369947e-05 1.2365536e-05 1.8504577e-05 2.4441073e-05 2.2577195e-05 2.6131349e-05 1.2418303e-05 0.21690984 1.3420834e-05 0.17431016 0.06181484 2.6172602e-05 5.0926064e-05 0.0797786 9.363843e-05 4.0028594e-05 0.001827929 3.8109465e-05 0.07086409 1.51318445e-05 0.081101336 8.867762e-06 5.291424e-05 2.3504346e-05 0.039790936 6.7659574e-05 0.00560065 0.0023951558 6.8986633e-06 2.0869145e-05 0.04194292 2.0046666e-05 0.05415833 1.4727664e-05 7.1963736e-06 1.1484457e-06 2.7374383e-06 3.5531823e-05 0.0010060952 6.69213e-06 0.0011065154 0.00012425016 2.5144152e-05 8.705715e-05 0.003116265 0.009247935 2.900948e-06 6.6184285e-08 4.7487058e-05 0.031477507 0.012799052 5.359907e-09 4.8470967e-05 0.009508129 1.592466e-05 0.00013466162 0.00019214145 1.4298847e-07 0.014993649 3.7849063e-06 0.0022469903 3.3323937e-05 3.8673737e-05 0.008146919 0.00062197435 2.8112541e-05 4.5616406e-07 0.008126288 0.001426052 2.9708764e-07 0.0031940695
0.9345397 0.0011508953 3.5543835e-06 0.09565997 0.0065317196 0.0074288957 0.04546349 3.3936758e-05 0.07907424 1.7118931e-05 0.045697555 0.062577255 0.0013787625 0.8544192 0.0002401773 0.00026351862 0.9355233 2.1118089e-08 0.014716095 0.057150576 0.0013759785 0.00026410865 0.00066471915 2.3115243e-05 7.6427073e-16 0.35687378 0.29436624 0.045110617 1.2612047e-05 1.0848546e-07 0.013395567 0.95116377 0.8717494 0.011366339 0.9622621 0.43775505 0.0122053735 3.0224533e-07 0.55652905 1.3355907e-07 3.8123299e-06 0.14033544 0.72302234 0.0028840685 0.028817875 0.012112307 0.028774902 0.0002606824 3.7576335e-08 0.27641803 7.5216917e-07 0.035162847 0.3766472 0.18150781 4.6081022e-05 0.0013518841 1.4401946e-06 0.0032227563 2.5492068e-06 0.0031276876 3.3275825e-07 0.0020733743 2.2200877e-05 0.0018700667 0.0017156196 0.029377146 0.0016466029 0.01846463 0.0037560328 0.006469993 0.00087752804 0.0023180156 0.00035158911 0.014871421 3.6445613e-07 0.004234547 0.00072015135 1.5002392e-07 0.00014381883 0.0023304462 1.7983586e-05 7.660251e-08 0.00070972275 1.6644537e-05 0.0002824278 0.00076078845 0.00019436132 5.433222e-06 5.5197437e-05 0.00014703281 3.7801264e-08 0.00026381612 2.69726e-05 0.0014088164 5.0159053e-07 3.464067e-05 1.7060951e-06 1.7569459e-05 1.3759896e-05 7.237591e-05 0.0007848176
0.9224327 0.0026722609 7.554862e-07 0.07722225 0.024009682 0.018128948 0.024841715 4.0157334e-05 0.049386445 0.0009333873 0.023250325 0.6043546 0.030994387 0.1190524 0.03786073 0.00033871512 0.6624836 1.366659e-06 0.021346495 0.42150155 0.6397727 0.9249824 0.00021757204 0.00013388535 0.35687378 3.0138938e-16 0.028554326 0.99334055 0.00021814172 3.5232806e-06 0.0033651267 0.76920676 0.090531 0.012763904 0.088809125 0.005285423 0.0044575073 6.8836193e-06 0.12216678 5.160918e-07 9.619674e-07 0.29643172 0.01703134 0.27041975 0.00059063156 0.44910303 0.75136745 6.400927e-05 1.6182764e-07 0.017814249 1.500092e-05 0.035474766 0.010196819 0.00015556486 0.105413 4.4626646e-05 9.879466e-08 0.25055513 3.3880696e-08 0.10011257 1.6320642e-05 0.0028286607 1.7526016e-05 0.019652005 0.00078727753 8.123187e-06 1.7963658e-06 5.8860394e-05 0.26597798 2.4423854e-05 0.13941237 1.085901e-05 6.162554e-05 1.6187967e-05 2.3295335e-07 0.082636185 2.7543723e-05 9.623858e-09 0.00018186732 0.054849587 6.842801e-05 2.8339753e-09 0.00059769157 0.00027446353 0.0009857003 0.022321967 0.009038405 1.6790711e-06 0.003994887 0.0010119125 3.892498e-05 0.013186398 6.224703e-05 0.025253505 3.4115718e-07 2.5992833e-07 3.1512443e-06 0.0006760613 0.00070455734 2.2292403e-07 0.014867081
0.284501 0.000618376 1.7526575e-06 0.1818623 0.0128389485 0.2359624 0.6622684 0.0002910153 0.10234431 1.0340522e-06 0.7722516 0.004569781 8.617973e-05 0.89475775 2.2181819e-06 0.030399073 0.19780889 3.1461468e-07 0.94899 0.0047321892 3.751613e-05 8.3136265e-06 0.5919444 6.4124833e-06 0.29436624 0.028554326 2.2195365e-15 0.000821456 1.662558e-05 1.4555296e-08 0.9922013 0.070582144 0.7382382 0.45193598 0.025849791 0.5111717 0.65355957 2.9382588e-07 0.013582085 3.1671487e-08 2.7220415e-07 0.0017406736 0.016146 0.00021636902 0.66184926 0.00017264085 0.0011316694 0.17377934 5.814563e-09 0.0007763284 5.3260436e-07 0.00033731433 0.002299548 0.02031763 5.4797243e-07 0.22970888 6.1161415e-07 2.139887e-05 0.0019316889 1.7019114e-05 5.6393272e-08 1.1395666e-05 7.501107e-08 2.4104236e-06 1.29867585e-05 4.4652057e-05 0.10656082 0.011558266 4.982889e-05 2.050233e-06 1.2421384e-05 0.09022497 3.63334e-06 0.00061185984 5.778513e-08 0.00010936465 8.310591e-06 4.448037e-06 6.9228867e-07 0.00076516916 4.3744853e-06 1.2044471e-06 4.6538853e-06 2.1441758e-06 7.4051275e-07 2.1392505e-05 1.6673834e-05 0.00036571865 1.2079188e-06 8.591442e-07 2.2904896e-08 3.020134e-07 1.2450719e-06 7.043384e-05 2.008444e-07 3.5512935e-06 3.4485993e-08 4.1780157e-07 1.0797289e-07 0.0011638547 3.426238e-05
0.92179716 8.8620254e-05 2.0134273e-08 0.0027948034 0.00065692957 0.00075783796 0.0016209156 2.342954e-06 0.00074954156 4.381861e-05 0.0012969556 0.07252046 0.00050687534 0.008687856 0.0005636099 9.363009e-06 0.1030582 4.381152e-08 0.0009064931 0.0437197 0.11865207 0.60181344 7.7109837e-07 8.785257e-05 0.045110617 0.99334055 0.000821456 2.2468737e-15 9.567086e-05 5.81369e-08 0.00024996718 0.50122577 0.024745032 0.00057195965 0.02123226 0.0029888966 0.00080796354 1.4466231e-06 0.070925325 4.1609297e-07 5.458197e-08 0.44740736 0.0047556083 0.18100819 0.00018781835 0.93133223 0.9399113 2.0202613e-06 1.4184123e-07 0.008557819 1.7726925e-05 0.032317862 0.0021017345 2.9228959e-05 0.06578026 1.1020342e-05 2.1827177e-08 0.44541785 7.621805e-08 0.28935456 5.044908e-06 0.025784686 4.890236e-05 0.100165665 0.0012072406 5.460639e-06 9.208948e-06 4.5471552e-05 0.57719845 3.1509844e-05 0.26725018 1.7680757e-06 0.0004092852 1.353962e-05 7.4768917e-07 0.07047043 2.5176521e-05 7.021381e-10 0.0013631746 0.025666079 0.00025893585 2.6278255e-10 0.0035586166 0.00031461965 0.0028518334 0.06733774 0.06016156 1.2525272e-06 0.0014759125 0.008100278 6.1781034e-06 0.024022644 0.00013806041 0.014879281 8.961944e-08 4.9725634e-07 2.5233455e-06 0.00096365606 0.00048435922 9.721119e-09 0.012395919
0.9699878 0.009602283 0.0041047507 0.00031403423 0.005444076 3.461676e-05 7.311935e-05 0.00014488654 0.00017293399 0.7912546 1.15627745e-05 0.00047479974 0.049861442 2.5344647e-05 0.07890816 0.0001965637 0.00017065312 0.5253722 3.5687815e-06 0.0007165013 0.006784543 0.0024768864 7.546769e-05 0.94821364 1.2612047e-05 0.00021814172 1.662558e-05 9.567086e-05 9.08966e-16 0.90943533 2.6599746e-05 9.551648e-06 2.166589e-06 4.9509486e-05 3.667236e-06 7.939097e-07 7.641581e-06 0.9693428 1.5867439e-06 0.9073221 0.0655474 1.3116493e-05 4.262987e-06 0.5792503 0.00013806448 4.05496e-05 0.014433003 0.0009792297 0.35295588 3.5490657e-06 0.30487528 1.6871836e-06 3.1342282e-05 2.068269e-06 0.4975206 3.368522e-05 0.010419747 0.017943978 1.0754056e-05 0.00010208811 0.17847313 3.0036192e-06 0.080562025 2.2675134e-05 1.2921874e-05 2.6320997e-06 5.4873175e-07 4.4724464e-05 0.0019566289 3.7458958e-07 0.0029254255 0.0032116051 3.6432984e-06 1.7728651e-05 0.0042718695 0.110872306 4.1402853e-08 4.16786e-07 9.232391e-06 0.3086367 0.11940677 9.1115115e-09 2.9357214e-05 0.060419686 7.669638e-06 0.00021297389 0.00031828124 7.280106e-08 0.088754304 2.6554592e-06 0.00034856304 1.458753e-05 9.757055e-05 0.077879146 0.00051999034 3.6089007e-06 4.996274e-07 0.043176513 0.0008258973 2.599876e-07 0.0098437285
0.41036394 0.00057871494 0.0017657791 2.3503875e-05 0.0005091157 8.04421e-07 2.1570272e-06 2.2669257e-05 1.9215475e-05 0.041323233 2.8562656e-07 3.4236215e-05 0.00047997042 5.465158e-07 0.001137529 1.4161624e-06 4.6175314e-06 0.42420197 8.1379035e-08 8.20556e-05 0.0003823947 5.1049134e-05 1.8010933e-08 0.98789406 1.0848546e-07 3.5232806e-06 1.4555296e-08 5.81369e-08 0.90943533 9.0668346e-17 5.1137498e-08 3.0242091e-07 5.7950245e-08 3.8679116e-07 1.4677529e-06 5.446806e-09 1.5557663e-07 0.498441 3.2986257e-08 0.43472528 0.97760195 3.5766657e-08 1.18878e-08 0.024982493 3.9597197e-07 2.3339732e-08 0.00017798251 6.794517e-07 0.22406265 1.3225446e-07 0.23372208 4.20591e-08 7.204188e-08 8.1574065e-08 0.018148106 1.2345142e-05 0.028290179 8.734143e-06 3.2465334e-07 6.227835e-08 0.025831426 8.8764764e-08 0.17720158 1.6872141e-08 1.2625887e-07 8.529457e-08 8.58087e-09 3.445774e-07 1.32076475e-05 2.705154e-08 1.2377477e-05 2.1636715e-06 6.754036e-07 1.8196731e-07 0.006840286 0.002517932 2.0685007e-07 4.702546e-10 3.2107673e-07 0.0062671476 0.030875478 5.761885e-11 2.344106e-07 0.015144003 9.4977274e-08 3.88964e-07 1.5731634e-06 3.149114e-08 0.008431842 6.472007e-09 0.0024679608 2.7366437e-07 5.267968e-06 0.0011404157 0.0005248572 5.0845433e-08 6.033348e-08 0.006817769 0.00062332966 4.84902e-09 0.0004988992
