6.02658e-17 0.5717821 0.48996925 0.7273407 0.8675593 0.09314287 0.73874336 0.012387481 0.62925184 0.7744741 0.9078234 0.23462601 0.020415723 0.039448798 0.96157813 0.9462569 0.96522695 0.5668409 0.7862189 0.15847954 0.9452829 0.8017566 0.77708876 0.94130623 0.8639901 0.95237225 0.9781878 0.7624726 0.49829775 0.8726492 0.9308393 0.99531597 0.08605474 0.71120596 0.43719038 0.916325 0.08279889 0.9566519 0.92040616 0.87744206 0.8401146 0.979393 0.85471165 0.9734038 0.9812433 0.061634332 0.11366537 0.50328034 0.91178024 0.9806886 0.8090281 0.8570485 0.7305069 0.4364619 0.9442948 0.9381738 0.9414893 0.8428372 0.0053616674 0.22912687 0.92599463 0.16314922 0.51808256 0.445772 0.7301195 0.42611027 0.9399716 0.046934783 0.8998804 0.21440522 0.036786005 0.98546 0.46041885 0.66561675 0.07557391 0.7568158 0.004258398 1.3790636e-05 0.7880612 0.9153209 0.87267107 0.5232676 0.9833991 0.7076567 0.098936684 0.116664164 0.99756706 0.008496454 0.0019822898 0.54858387 0.58077925 0.99873686 0.99997336 0.99876976 0.91694325 0.99699134 5.170811e-05 0.9984631 0.8967051 0.95780265 0.9983104
0.5717821 1.3889823e-15 0.9996103 0.96317905 0.6769959 0.5446618 0.4332323 0.042981036 0.18092576 0.18843566 0.032308258 0.0025991746 0.0011134978 0.5462368 0.0022062517 0.10581667 0.2896471 0.0008861291 1.6105876e-05 0.00016893943 0.732813 0.07767845 1.3644238e-05 0.41339964 2.2391308e-07 0.0008609139 0.0010239203 1.8499372e-07 1.3823357e-05 3.977726e-08 3.2116062e-05 0.028972136 2.9987124e-05 0.00032968842 0.00012601426 2.558458e-07 0.00067665894 0.110022165 2.2438316e-09 4.9400297e-09 2.0715161e-08 1.8971008e-05 0.0009752548 7.6439085e-07 0.040183514 0.0005116021 1.4133992e-06 6.536882e-06 0.0010436105 2.385363e-06 1.2394213e-09 0.0023576254 0.0008108431 7.272233e-05 9.137047e-08 2.3244204e-09 1.1447506e-08 6.6019346e-09 7.739322e-06 0.00042111505 0.000965809 1.7225238e-08 3.1643832e-08 8.033163e-07 0.0016133325 0.00013912028 0.00025098908 1.9074093e-08 0.00083272235 5.143627e-07 3.3592264e-06 0.0017140039 9.178829e-08 1.5655202e-06 1.8345162e-08 2.366722e-07 1.5065278e-05 2.8869357e-08 0.00031763295 0.00015611356 4.3446272e-07 2.3625262e-08 1.5859505e-05 2.282696e-06 2.4015517e-07 3.2391462e-08 8.82767e-05 1.8266749e-07 5.9170926e-08 1.1138603e-08 5.5893046e-09 0.00095001486 0.0008338591 1.0756153e-06 1.5792957e-05 0.00035674204 3.207907e-08 0.00038421425 4.9723405e-07 2.4916091e-09 1.5584945e-05
0.48996925 0.9996103 9.057539e-16 0.76883084 0.34525958 0.5724805 0.1678304 0.09473481 0.07009705 0.069016434 0.020515697 0.0024833533 0.009406658 0.9848886 0.003162708 0.07082742 0.14369617 0.0017105975 4.8964233e-05 0.00032820457 0.4001077 0.04437825 3.3554727e-05 0.1878497 4.899366e-07 0.0022038196 0.003566909 2.4855694e-07 3.3104458e-05 3.471738e-08 0.00043326247 0.025011564 1.9880952e-05 0.00045535 0.00046135485 6.3460675e-08 0.0006047814 0.07283535 5.750034e-09 2.3339911e-08 1.1099812e-08 2.2453149e-05 0.0013140489 7.5664923e-07 0.030413734 0.00020081578 7.591461e-06 4.089274e-05 0.0023680497 6.9012094e-06 8.4758345e-10 0.0010917614 0.00086282234 0.00017199371 8.335164e-08 1.7176576e-09 1.7948382e-08 3.0360077e-09 8.212269e-05 0.0012672916 0.0011977737 9.236322e-09 1.4663216e-08 4.0213055e-07 0.0009907475 0.0003174116 0.00030012545 4.7202957e-09 0.00075560226 2.6297132e-08 1.4989344e-06 0.0016489334 3.4031082e-08 5.3632128e-08 8.337227e-09 1.4755611e-07 3.87458e-05 2.8463322e-07 0.00034524337 0.00026335637 6.97547e-08 7.833011e-09 1.7995044e-05 5.249675e-07 2.255353e-08 8.509905e-09 0.00018829918 2.3802191e-07 8.399624e-08 2.8081373e-09 1.3824799e-08 0.0011073916 0.0016451259 1.9186589e-06 8.429524e-06 0.00018844541 5.4263396e-08 0.00037068658 1.05696856e-07 1.021568e-09 3.946839e-06
0.7273407 0.96317905 0.76883084 2.7364994e-15 0.9950287 0.0061472077 0.94680625 0.00050200545 0.00074337784 0.40777445 0.000629438 0.13568121 2.6873799e-05 0.012385024 2.5812824e-05 0.0060549816 0.03350554 0.005084299 2.3972852e-06 0.00038362437 0.7128196 0.31779444 1.282767e-06 0.5676342 4.9030557e-08 0.00013278582 0.00029726038 1.4576e-07 4.1399397e-07 2.1660249e-08 1.2956253e-05 0.104453444 1.3579349e-06 0.0011639453 1.0645831e-05 1.333754e-07 6.3471365e-05 0.13402867 6.7707133e-09 5.5617297e-09 1.7835834e-08 1.0435333e-05 0.0009795706 5.873321e-07 0.048840523 0.00029275898 1.00851636e-07 2.5204665e-06 0.0009893534 2.1343076e-06 2.158806e-09 0.0016544512 0.0011366535 0.00011966091 1.3975716e-07 6.473685e-09 1.6482586e-08 5.504456e-09 2.5355976e-06 0.0003954982 0.0016626897 7.058044e-08 1.3439128e-08 1.2080807e-07 0.0016709883 0.00020966025 0.0001687364 6.4316428e-09 0.0012800712 6.148494e-07 4.371614e-07 0.0013065527 8.612619e-08 1.8634633e-07 1.7060673e-08 7.901444e-07 8.576793e-06 2.008667e-08 0.0003239536 0.00042482367 1.728419e-07 1.32004e-08 8.30137e-06 2.8238816e-08 2.3884787e-08 3.2876697e-09 8.7732595e-05 5.478295e-08 1.0531324e-08 2.2707487e-09 4.6483732e-09 0.0006302213 0.0017510988 3.577131e-07 6.21582e-06 0.0003416138 5.6142238e-08 0.0003488748 4.418294e-08 4.910801e-10 1.5783819e-05
0.8675593 0.6769959 0.34525958 0.9950287 1.7887076e-15 0.006713864 0.9621744 0.0007071159 0.0017310322 0.5270029 0.0020954101 0.056015503 0.000114658316 0.007901166 0.00010571576 0.016723562 0.10262293 0.0038687163 1.1650763e-05 0.00048269524 0.907615 0.42845228 1.1774347e-05 0.79477614 3.036442e-07 0.00019418383 0.0005582447 3.067688e-07 5.127426e-07 1.18935894e-07 8.1979335e-05 0.18543874 1.6449594e-06 0.0008076277 1.6843822e-05 3.0959382e-07 7.353671e-05 0.33509704 3.6300946e-08 1.052888e-07 1.1885347e-07 4.9328177e-05 0.0031910643 1.3875838e-06 0.1678545 0.0008836898 1.4558066e-07 4.265551e-07 0.0033463952 7.856319e-06 4.4862953e-09 0.003892448 0.0066365665 0.00020865494 3.1694165e-07 2.6273018e-08 1.9864775e-08 9.783862e-09 5.2119453e-06 0.0017239795 0.0054323394 5.1908923e-08 3.938182e-09 5.449594e-08 0.00611223 0.00033953285 0.000639653 1.7027123e-08 0.0027494254 1.9857976e-06 1.0970152e-06 0.0026637486 2.0045003e-07 6.2939836e-07 2.3432063e-08 1.8490915e-06 5.1098774e-05 9.005724e-08 0.00060172443 0.000578502 1.9460661e-07 1.7237825e-08 8.198864e-05 2.1052317e-06 6.222632e-07 3.6814978e-08 0.00024445352 3.4144458e-07 2.2030868e-08 2.4526074e-08 5.5949393e-08 0.0020049727 0.002226884 1.6015284e-06 1.5774534e-05 0.000594932 6.760947e-08 0.0011537545 1.1690067e-06 8.120317e-09 3.089818e-05
0.09314287 0.5446618 0.5724805 0.0061472077 0.006713864 2.759455e-16 6.409387e-05 0.99454975 0.9808599 5.7473597e-05 0.571509 3.4022646e-06 0.61330515 0.66342294 0.44716838 0.39840373 0.30656254 3.0723288e-07 0.029480895 5.8223677e-08 0.07257283 0.0001049447 0.006774732 0.003540363 0.00019108142 0.034255832 0.025937753 4.9652706e-05 0.005266808 9.595061e-06 0.0009379006 3.646206e-05 0.00070970657 1.1397286e-05 0.009292631 1.5870792e-05 0.0143227605 0.00084473146 1.1096225e-06 1.4934715e-05 5.88799e-06 1.2675775e-05 0.00077922083 6.5901113e-06 0.00038966446 2.1967426e-06 2.119362e-05 0.0013795972 0.00010776752 5.582473e-06 9.8841774e-08 1.0162161e-05 8.159123e-05 8.952859e-07 1.2429175e-06 5.607811e-07 9.2654055e-08 8.173433e-08 0.0028370426 3.5785985e-07 1.2227664e-05 2.6408807e-07 4.2367233e-08 6.335482e-07 5.024327e-05 3.836116e-06 1.2134349e-05 1.9215959e-08 9.827248e-06 1.6048081e-06 1.7832144e-06 3.3770004e-05 2.2608802e-07 3.9154727e-07 5.565001e-08 5.5873784e-06 0.00021032151 8.9891427e-07 1.9567453e-06 1.0055767e-05 2.8459928e-07 4.7385265e-09 8.482289e-06 1.4002719e-05 3.2411444e-07 8.595974e-09 3.3598144e-07 2.0316577e-07 1.072206e-06 1.1968002e-07 4.012173e-07 7.1347866e-05 8.129178e-06 8.591409e-07 4.8144816e-06 5.871328e-05 4.296852e-06 2.4028004e-05 2.995441e-08 3.4241041e-09 4.737942e-06
0.73874336 0.4332323 0.1678304 0.94680625 0.9621744 6.409387e-05 3.5642266e-14 1.3025608e-05 3.4685181e-06 0.9737336 1.0617624e-05 0.96441096 1.3854443e-06 0.0019470417 2.1954882e-06 0.00014338961 0.0013816761 0.045267228 1.1619012e-06 0.013665889 0.6216388 0.7044997 1.4170906e-06 0.6980681 1.2487017e-07 2.6347228e-05 2.1263852e-05 1.9502761e-07 1.9255177e-08 8.409675e-08 3.2976352e-06 0.31397632 2.4408556e-07 0.023180354 1.7831192e-06 1.4843528e-07 4.848611e-06 0.13914041 2.573072e-08 1.3284178e-08 5.8213466e-08 4.677008e-06 0.00027894313 3.5755268e-06 0.032138318 0.0025461542 3.9520273e-07 7.544807e-06 0.00043598568 9.935383e-06 8.888975e-09 0.027801754 0.002796539 0.0003027954 3.134829e-07 5.564715e-08 6.644257e-08 2.3953495e-08 1.0836784e-06 0.00270772 0.0020401925 3.4514176e-07 4.0221417e-09 2.3498026e-07 0.014254137 0.00092172413 0.00010937538 2.191319e-08 0.0055627865 7.316437e-08 5.912433e-06 0.008532104 7.019875e-08 7.7479956e-07 3.6825444e-08 7.2670963e-07 3.3522898e-05 9.300569e-08 0.0012524538 0.0013101373 1.5484453e-07 9.237666e-08 1.32792975e-05 8.6154495e-07 1.5130964e-07 4.687781e-09 0.00087563327 2.2412695e-07 4.6371028e-08 1.07968505e-08 2.5661015e-07 0.000674099 0.001919543 1.8856524e-07 0.00021045456 0.00030130558 1.01702945e-07 0.0004019011 3.0615784e-08 3.5694534e-09 2.7639004e-05
0.012387481 0.042981036 0.09473481 0.00050200545 0.0007071159 0.99454975 1.3025608e-05 1.3075978e-16 0.852872 4.15194e-05 0.24500866 2.1832673e-06 0.97703606 0.78677475 0.17930904 0.08286065 0.05631844 7.4859105e-07 0.07748691 7.2445854e-09 0.007990426 1.1994558e-05 0.04307128 0.0003806733 0.0019519258 0.008293328 0.00931798 0.0013954222 0.038091637 0.0010968714 0.0006718703 1.8194773e-05 0.013444765 2.0291918e-06 0.022270879 0.00017969417 0.12860169 5.9764454e-05 2.831569e-05 2.3470948e-05 2.3213193e-05 3.793306e-05 0.00020476068 2.2073364e-05 8.38719e-05 3.2160565e-07 0.0010484633 0.0026210546 4.549589e-05 8.065885e-06 5.211212e-07 4.8557463e-06 7.3630345e-06 2.4967662e-07 1.8245187e-06 5.940849e-07 6.893622e-07 3.2249097e-06 0.003295955 3.1470051e-07 6.2023073e-06 2.783075e-06 2.372644e-06 0.00012433561 7.73851e-06 6.833911e-07 5.963273e-06 9.1767595e-07 1.7388408e-06 6.316828e-07 1.1551841e-05 9.461639e-06 4.6889477e-07 3.0800545e-06 9.954806e-08 1.8949029e-06 0.0003464437 1.7171785e-06 2.6863012e-07 7.775942e-06 1.1877829e-06 1.18397104e-07 7.455101e-06 6.9534863e-06 1.0310281e-06 1.1538309e-07 4.987236e-08 3.7663299e-06 6.93532e-06 2.1139167e-08 3.8084052e-06 6.838554e-05 3.7992056e-06 2.622667e-07 7.6858595e-07 5.9705944e-05 1.8169428e-06 1.1390938e-05 1.4829209e-07 2.3878503e-08 2.2108766e-06
0.62925184 0.18092576 0.07009705 0.00074337784 0.0017310322 0.9808599 3.4685181e-06 0.852872 1.1949266e-16 8.1583485e-06 0.9810006 2.7806144e-07 0.45311403 0.121781774 0.8942389 0.7853706 0.61455834 1.6076157e-08 0.6057602 5.3293892e-08 0.045438804 5.3522817e-05 0.25714317 0.0024756643 0.20147204 0.2429005 0.2293096 0.022407584 0.22133565 0.012022204 0.022622056 5.6153356e-05 0.047037866 9.4146134e-07 0.15190099 0.000320014 0.12768456 0.0055255448 2.173301e-05 1.1238845e-05 2.5836911e-05 0.0016733205 0.010685349 2.1331243e-05 0.0027579567 6.545678e-06 0.025965935 0.05415288 0.0011721365 0.00050644745 8.452052e-07 8.943366e-06 0.00029080224 1.299781e-07 9.197739e-06 1.8561551e-06 7.222721e-08 2.7863456e-07 0.011616049 1.023393e-06 5.5839086e-05 1.5196408e-06 1.3093678e-06 3.535706e-05 0.00021582331 7.3807684e-07 0.0001760301 5.597461e-07 1.6331103e-05 1.2407011e-05 1.0552609e-06 3.7142476e-05 1.8831103e-06 9.160653e-07 2.3687221e-07 2.9689789e-05 0.00015933311 6.357528e-08 3.0444935e-06 2.4612407e-05 9.177884e-06 9.5506806e-08 0.00018014148 8.126084e-06 2.6156505e-07 1.4069131e-08 6.191183e-07 3.942917e-07 1.5665671e-06 4.3559496e-07 2.2116444e-06 0.00025346887 5.7278303e-05 2.2286035e-06 5.2325106e-07 0.0004365744 2.1748664e-07 7.685244e-05 9.945354e-08 1.2285764e-08 4.5803416e-05
0.7744741 0.18843566 0.069016434 0.40777445 0.5270029 5.7473597e-05 0.9737336 4.15194e-05 8.1583485e-06 5.289773e-15 4.0406154e-05 0.9615018 2.8734043e-05 0.0016275911 6.533205e-06 0.00019777597 0.0013514884 0.3836643 1.0436199e-05 0.040391486 0.70307875 0.9674456 1.0301579e-05 0.724969 3.4132864e-07 0.00012430089 0.00020296313 3.5212227e-07 1.5911012e-07 6.629588e-07 9.6827134e-05 0.4907558 3.9213214e-07 0.032310538 8.815173e-06 1.6047499e-06 8.72081e-06 0.22695293 9.929337e-08 9.837829e-07 1.1761041e-06 0.00026952478 0.006173981 4.184582e-06 0.071003966 0.0039728815 1.8151495e-07 3.791731e-06 0.0037596019 0.00014152526 1.9758942e-07 0.027471233 0.0125002675 0.0029398233 3.0464246e-06 5.1030884e-07 1.06730226e-07 4.5697175e-07 3.0006433e-07 0.0037395004 0.008678636 4.963098e-07 1.927061e-08 4.1841804e-07 0.04245578 0.0012636393 0.0010405128 3.230133e-08 0.033198666 5.699694e-06 6.34059e-07 0.03198311 1.8834104e-06 2.5513618e-06 1.9610243e-07 1.3468748e-05 4.8172096e-06 1.7484988e-08 0.0024604783 0.0019902873 8.11214e-06 4.4214556e-08 7.7872945e-05 2.4604897e-05 2.959232e-07 2.8466305e-09 0.0013378243 1.3065986e-08 1.4635826e-07 8.0332467e-07 9.829324e-07 0.0015443567 0.004389166 4.7517706e-06 0.0013404462 0.0008604037 8.225809e-08 0.0008494367 1.8188568e-06 5.8897303e-08 0.00010389046
0.9078234 0.032308258 0.020515697 0.000629438 0.0020954101 0.571509 1.0617624e-05 0.24500866 0.9810006 4.0406154e-05 1.950828e-13 2.0527136e-06 0.2728229 0.07273924 0.66563535 0.9671238 0.9580095 6.7115815e-07 0.6950718 3.6522003e-08 0.12653565 1.4430167e-05 0.49515906 0.0039156973 0.3490241 0.6686849 0.80468845 0.11943075 0.34206963 0.08229257 0.12351364 9.672183e-05 0.072256364 1.5124291e-06 0.55230504 9.779235e-05 0.38849857 0.019371571 5.143286e-06 2.9917257e-05 4.086401e-05 0.019187683 0.04710564 4.1382877e-06 0.013550737 2.2172037e-05 0.0730436 0.13303082 0.011549501 0.008655187 3.84066e-07 1.2111665e-05 0.00033401462 1.387019e-06 5.477609e-05 2.8539537e-07 5.037081e-08 7.1950393e-07 0.004211984 6.2083706e-07 0.00046887316 2.0422597e-06 5.0725807e-06 0.0010945939 5.1204042e-05 7.717674e-06 0.0006304969 1.2606918e-06 1.2159892e-05 4.596587e-06 2.0723532e-05 5.3137555e-05 1.8359732e-07 3.395592e-07 1.11918915e-07 8.289337e-06 0.0001915474 1.83884e-07 4.6331647e-06 5.26182e-05 2.6938562e-05 3.7636514e-08 0.00028639866 2.852362e-07 1.548672e-06 1.3112103e-07 1.7121641e-07 2.094316e-06 2.5075377e-07 5.9862245e-08 1.7751573e-07 0.00043382993 8.352675e-05 2.5407374e-07 2.9987635e-07 0.00050456636 1.4050305e-06 0.0003205106 2.8391347e-07 5.0232916e-09 9.366442e-05
0.23462601 0.0025991746 0.0024833533 0.13568121 0.056015503 3.4022646e-06 0.96441096 2.1832673e-06 2.7806144e-07 0.9615018 2.0527136e-06 9.455213e-16 1.1761838e-06 0.00041297803 7.566456e-07 1.1826631e-05 6.265788e-05 0.9888516 1.1928195e-06 0.6764934 0.06274089 0.7678512 2.004249e-06 0.30216363 1.0744225e-07 1.4994942e-05 2.5223675e-05 4.4534996e-08 1.0085698e-08 1.0063124e-07 3.2796174e-06 0.29567432 5.113194e-08 0.20562972 2.1115475e-06 2.7422607e-07 3.038463e-06 0.02278628 4.6321702e-08 6.2407937e-09 1.2387443e-07 7.146009e-05 0.00023673326 7.966442e-06 0.004960089 0.006758538 1.3303743e-06 1.7957193e-05 0.00031262028 6.4766346e-06 1.17916e-08 0.065129444 0.0022397686 0.0011424546 1.2119962e-07 3.0770686e-08 1.6660036e-07 3.5029338e-08 4.5020747e-06 0.00815175 0.0012277432 3.7961973e-07 7.5791554e-08 2.0326318e-06 0.02553596 0.002450125 0.000113860464 2.1104398e-08 0.030737456 1.1192632e-08 3.6989709e-06 0.0137245115 1.0643073e-08 1.5439302e-07 1.8589316e-09 1.7272293e-07 4.4198056e-05 2.6283193e-08 0.005413958 0.00356092 1.4855635e-07 5.5831176e-08 3.8707108e-06 3.2886393e-07 3.435954e-08 1.848513e-08 0.0013731719 5.7558527e-06 3.3111494e-09 3.261654e-10 1.6017768e-07 0.0005370308 0.001487891 2.2229633e-08 0.0004423274 0.00020906026 2.5687962e-08 0.00035238737 6.6799974e-09 1.2120572e-09 1.6644155e-05
0.020415723 0.0011134978 0.009406658 2.6873799e-05 0.000114658316 0.61330515 1.3854443e-06 0.97703606 0.45311403 2.8734043e-05 0.2728229 1.1761838e-06 4.4278181e-16 0.9987163 0.22427008 0.11150248 0.07930661 1.0219778e-06 0.15180734 2.1578849e-08 0.0034295542 7.873961e-06 0.22595786 0.00010736467 0.0060454067 0.010680861 0.02381306 0.00528111 0.57211703 0.004001363 0.0007508243 5.589735e-06 0.43949977 9.289214e-06 0.21529806 0.0003022781 0.5778573 5.3552434e-05 2.5949885e-05 9.055367e-06 1.2761286e-05 7.6201744e-05 7.387347e-05 1.09779e-05 0.00019485927 5.362771e-07 0.009361572 0.009442606 0.00015743404 1.2155984e-05 3.285501e-07 2.4663686e-06 4.253277e-06 2.2170482e-06 1.2491097e-06 9.922736e-07 8.9692975e-08 1.0212047e-07 0.011917065 5.8200953e-07 6.409249e-06 5.0534836e-06 1.0493534e-07 9.698346e-06 2.7620358e-06 6.538871e-06 1.9548384e-05 7.078945e-07 4.553265e-07 2.104473e-06 3.5590574e-06 1.4516875e-05 1.5462841e-06 2.4574376e-06 8.5361144e-08 1.0685372e-06 0.0032714286 1.1988542e-05 1.5919329e-07 4.391904e-06 6.8417364e-07 4.973993e-08 8.591931e-06 1.9179563e-06 1.5148188e-07 2.5498815e-07 1.0397366e-07 3.75779e-05 6.940656e-07 4.6964278e-08 1.9473693e-07 0.00018555287 8.851413e-06 3.8190157e-07 1.6630099e-07 0.00017593427 1.6654484e-06 1.606677e-05 4.7663935e-08 4.9291614e-08 1.6367565e-06
0.039448798 0.5462368 0.9848886 0.012385024 0.007901166 0.66342294 0.0019470417 0.78677475 0.121781774 0.0016275911 0.07273924 0.00041297803 0.9987163 7.1740467e-16 0.034373622 0.033731595 0.049140453 9.361289e-05 0.0015127443 2.1979842e-05 0.016564287 0.00027144683 0.0015597933 0.0027195106 3.8158414e-05 0.0013021788 0.004514374 6.0744525e-05 0.022239476 9.875439e-05 2.4215675e-05 0.00011287015 0.010627558 5.681636e-05 0.0947978 1.2354458e-05 0.6160941 0.0018853844 5.0321505e-06 3.0088418e-05 1.2515905e-05 1.9940624e-06 0.00033848424 1.4236976e-05 0.0015751723 0.00011189987 0.014225036 0.0055567394 0.00014797572 4.8041093e-05 5.732582e-06 9.7984106e-05 6.334099e-05 8.40303e-06 5.268385e-06 2.1802837e-06 1.0982021e-06 1.7730223e-05 0.3193004 0.0015029303 5.6399294e-06 0.00013234145 3.0513866e-05 0.00019239176 0.00022972474 0.00025800656 7.133338e-05 2.0415888e-05 0.00016521996 1.8891595e-06 0.00012693056 0.00032191855 5.5252126e-06 3.227625e-05 4.0172717e-06 1.948602e-06 0.015868561 0.0005446675 0.00014141516 4.4971206e-05 9.397578e-07 1.9167961e-05 1.1038329e-05 0.00027605906 4.1575266e-05 1.351012e-07 2.8396815e-05 6.5479376e-06 3.5304227e-05 1.4127733e-07 0.00020200842 0.00015079645 0.00019527208 4.661765e-06 0.00050750026 2.9059498e-05 4.4880122e-05 4.405527e-05 1.1668776e-07 1.7752149e-07 2.199339e-07
0.96157813 0.0022062517 0.003162708 2.5812824e-05 0.00010571576 0.44716838 2.1954882e-06 0.17930904 0.8942389 6.533205e-06 0.66563535 7.566456e-07 0.22427008 0.034373622 1.6621634e-14 0.9394996 0.8892545 1.4644915e-07 0.8952389 3.888679e-09 0.041562665 9.94628e-07 0.753208 0.00037421615 0.7541175 0.8815195 0.8957897 0.31544092 0.56126815 0.21663849 0.2605148 3.832231e-05 0.16603088 3.7727503e-08 0.69610775 0.0021909976 0.485315 0.013154908 0.00014859569 0.00024220906 0.00030375563 0.048564497 0.061796743 8.065143e-05 0.011615734 6.868753e-06 0.120389834 0.18928973 0.01403723 0.030228062 5.4138413e-06 3.6682611e-06 0.0004894288 5.0021765e-07 0.0003068272 5.750838e-06 2.3931793e-07 5.049854e-05 0.0068490817 4.977068e-08 0.0005677614 2.7959204e-05 7.99405e-05 0.003910898 2.0594955e-05 2.595299e-06 0.00071545085 4.7814456e-06 1.2038081e-05 0.00013768855 4.549849e-05 2.307705e-05 9.442133e-06 9.734753e-06 8.7680064e-07 6.656291e-05 0.0004631539 6.878766e-07 7.2170434e-07 2.3087217e-05 5.6954264e-05 4.809445e-07 0.001600937 7.0817787e-06 2.8814484e-06 1.3855117e-06 2.7085873e-08 1.7606344e-05 1.2936492e-06 1.7213958e-06 1.0000828e-06 0.00085545663 2.5069688e-05 6.4554833e-06 4.627684e-08 0.0009093149 2.5174902e-06 0.00039726507 1.1050446e-06 5.377882e-08 0.00011190425
0.9462569 0.10581667 0.07082742 0.0060549816 0.016723562 0.39840373 0.00014338961 0.08286065 0.7853706 0.00019777597 0.9671238 1.1826631e-05 0.11150248 0.033731595 0.9394996 2.2895916e-14 0.9706833 2.3071732e-06 0.5200211 2.2157968e-08 0.5017306 4.227439e-05 0.29155254 0.01492685 0.29147214 0.7076578 0.7959649 0.07173398 0.13671498 0.0450027 0.18186751 0.0002152913 0.018781792 2.0980985e-06 0.3268839 0.00072057964 0.16759644 0.041332893 5.6041063e-05 0.00019866292 0.00015541952 0.032161605 0.16856724 1.3140394e-05 0.040226985 3.4027144e-05 0.018368356 0.021753669 0.050292756 0.007218614 3.5442185e-06 2.6936048e-05 0.0016212432 3.0249898e-06 0.00014326086 1.6418562e-06 7.343644e-08 6.271117e-06 0.0011871455 4.8683e-07 0.0028174901 1.6030177e-05 1.1495638e-05 0.0006377654 0.00021572986 1.0226326e-05 0.0032499214 3.6392908e-06 4.3111264e-05 4.0749906e-05 1.9808467e-05 0.0001707723 2.0740722e-06 3.437813e-06 1.5445862e-06 8.8695924e-05 0.000100959565 4.7660595e-07 8.641605e-06 8.7908724e-05 6.4232954e-05 3.361308e-07 0.00090312696 3.599326e-07 3.3598772e-06 3.6760966e-07 7.547232e-08 1.9467666e-06 1.133573e-06 9.108892e-08 4.6797268e-07 0.0014464728 0.00010789514 3.5423616e-07 5.6758864e-08 0.0014087257 1.723352e-06 0.0014055325 7.423137e-07 3.1655606e-08 0.00018125557
0.96522695 0.2896471 0.14369617 0.03350554 0.10262293 0.30656254 0.0013816761 0.05631844 0.61455834 0.0013514884 0.9580095 6.265788e-05 0.07930661 0.049140453 0.8892545 0.9706833 1.4154006e-14 6.356292e-06 0.29409692 1.5281914e-07 0.9106294 0.00053577486 0.18704525 0.08308591 0.08042219 0.70333534 0.6982123 0.022538913 0.039109368 0.021409312 0.21133767 0.0006571523 0.0046523768 3.6337853e-05 0.107771076 0.00025359433 0.11357797 0.10299401 1.7557231e-05 3.1189113e-05 6.0703052e-05 0.03457193 0.24646544 1.1665505e-05 0.08210623 7.278672e-05 0.0017264696 0.0035024015 0.065189704 0.0032764787 1.0086997e-06 3.3376004e-05 0.0026181329 9.03506e-06 0.00012080686 1.153254e-06 6.1536355e-08 6.791077e-07 0.00062994874 3.3968863e-06 0.0039543468 4.2720626e-06 9.245753e-07 2.5093606e-05 0.00047362276 2.1654727e-05 0.006580118 8.060805e-07 4.7609356e-05 8.484445e-05 4.56056e-06 0.00043068116 1.7822435e-06 1.0842231e-06 1.1077194e-06 4.5754692e-05 6.5715765e-05 1.92763e-07 4.6004883e-05 0.00018919451 4.717079e-05 2.10929e-07 0.000735957 1.1692007e-06 8.5733944e-07 8.799742e-08 1.5383694e-06 6.605341e-07 3.3848323e-07 9.3522766e-07 3.9110282e-07 0.0015878369 0.00037267848 1.2665245e-06 1.0496212e-06 0.0015357023 1.3383212e-06 0.0020350167 3.570829e-07 3.694878e-08 0.00031215104
0.5668409 0.0008861291 0.0017105975 0.005084299 0.0038687163 3.0723288e-07 0.045267228 7.4859105e-07 1.6076157e-08 0.3836643 6.7115815e-07 0.9888516 1.0219778e-06 9.361289e-05 1.4644915e-07 2.3071732e-06 6.356292e-06 2.368892e-16 1.15202106e-07 0.99817705 0.0010325938 0.6910542 1.329541e-06 0.008908793 3.3724847e-09 1.2397448e-06 4.943656e-06 5.125077e-08 5.2806355e-09 8.0957925e-08 4.662505e-07 0.39145023 9.251697e-09 0.20775218 5.3994558e-08 5.5973196e-08 2.1006021e-07 0.012310613 7.0689135e-09 5.1016013e-08 2.321266e-07 5.945573e-06 0.00015073735 3.8584376e-06 0.0045189527 0.020917375 1.6109675e-08 9.9651395e-08 0.00017060041 1.1974795e-05 2.6903437e-09 0.2757247 0.0016761874 0.0026460895 9.988265e-07 5.933499e-07 1.5196145e-08 1.6785708e-07 4.2663154e-07 0.033791 0.0006550393 1.781648e-07 3.9401353e-09 2.3870804e-08 0.09838127 0.0054188655 4.59029e-05 3.757309e-09 0.06271023 2.32578e-07 3.0538175e-07 0.016244454 1.3526441e-07 4.2739066e-07 8.0810525e-10 2.3624958e-07 1.4851386e-05 5.5557315e-08 0.01686254 0.009979208 1.109196e-08 1.1097463e-08 2.638005e-06 2.1930355e-06 1.1236825e-06 5.1941877e-09 0.0046751066 3.6065217e-07 2.1220123e-08 4.8418665e-09 1.2923348e-06 0.00090619235 0.0048062014 4.2120058e-07 0.0046805292 0.00020668356 7.495944e-08 0.00063323264 1.7810923e-07 3.5346777e-09 4.626383e-06
0.7862189 1.6105876e-05 4.8964233e-05 2.3972852e-06 1.1650763e-05 0.029480895 1.1619012e-06 0.07748691 0.6057602 1.0436199e-05 0.6950718 1.1928195e-06 0.15180734 0.0015127443 0.8952389 0.5200211 0.29409692 1.15202106e-07 1.7558047e-15 1.4781378e-08 0.0022348696 4.540874e-06 0.98091954 1.7038668e-05 0.9712547 0.53381217 0.5306068 0.7677924 0.75351477 0.5012908 0.104678884 1.2055429e-05 0.29911616 1.4679812e-06 0.509081 0.016419694 0.29080433 0.0014007882 0.0010828226 0.0011083467 0.00079428003 0.008136942 0.0050283824 0.0005952498 0.0015868917 9.1651435e-07 0.11898232 0.27179992 0.0015308288 0.014263119 4.2589498e-05 8.999372e-06 0.00011122979 3.7572335e-07 0.0005361759 5.2529307e-05 1.2267845e-05 1.7625714e-05 0.016480561 2.154671e-06 5.960189e-05 5.809753e-05 6.211989e-05 0.004287745 2.6065218e-05 6.233956e-06 0.0001342189 6.418819e-05 4.3443233e-06 9.7193035e-05 0.00012379691 5.0162977e-05 2.4057928e-05 2.3610588e-05 2.46062e-06 3.6295638e-05 0.0016706664 4.824904e-07 2.7412395e-06 1.0744041e-05 8.2778155e-05 4.7486057e-07 0.0003477164 5.9540645e-05 1.834217e-06 2.4884048e-06 6.0696857e-07 1.8311577e-05 3.1297195e-06 7.1351127e-07 8.0390254e-07 0.00017313533 1.34318325e-05 2.3177656e-06 5.104553e-07 0.00032700735 2.5914633e-06 4.6897483e-05 5.3725023e-07 1.9545473e-07 7.0502385e-05
0.15847954 0.00016893943 0.00032820457 0.00038362437 0.00048269524 5.8223677e-08 0.013665889 7.2445854e-09 5.3293892e-08 0.040391486 3.6522003e-08 0.6764934 2.1578849e-08 2.1979842e-05 3.888679e-09 2.2157968e-08 1.5281914e-07 0.99817705 1.4781378e-08 2.0390368e-17 5.7084606e-05 0.038365934 2.6062345e-08 0.000352713 3.9928946e-10 3.1925174e-09 4.4939172e-09 1.5485213e-10 1.6249401e-09 2.828752e-10 1.513343e-09 0.05811165 4.4204393e-10 0.9744516 2.0636012e-08 4.879032e-09 1.8924466e-08 0.00041888643 3.389516e-09 2.8181538e-10 3.6825143e-09 2.4890502e-08 1.1002113e-05 4.528095e-08 0.00016143221 0.37521002 8.202633e-09 9.706228e-08 1.6760201e-06 7.6310815e-09 3.000151e-09 0.24406634 8.561662e-05 0.01603481 6.922094e-09 1.8551986e-09 1.2816639e-08 1.6596337e-07 2.8103852e-07 0.19564167 0.0001429906 3.109382e-08 3.0159068e-08 3.466712e-10 0.032658055 0.0659783 1.920115e-05 1.13031176e-08 0.038494024 3.8354827e-08 3.0226683e-08 0.009955112 1.9141261e-08 8.047463e-07 7.608525e-09 1.1371797e-08 5.589436e-06 7.1958763e-09 0.054543264 0.01941519 1.2576056e-08 5.043539e-09 4.1657838e-08 6.8887673e-10 5.485904e-09 4.3339152e-10 0.017832879 9.5786845e-08 1.146894e-09 3.6835662e-10 7.1284743e-09 0.00085935893 0.010567047 3.7222716e-09 0.022514803 9.292325e-06 2.7554308e-09 5.736807e-05 5.315466e-10 2.780951e-11 6.906414e-07
0.9452829 0.732813 0.4001077 0.7128196 0.907615 0.07257283 0.6216388 0.007990426 0.045438804 0.70307875 0.12653565 0.06274089 0.0034295542 0.016564287 0.041562665 0.5017306 0.9106294 0.0010325938 0.0022348696 5.7084606e-05 1.0280387e-15 0.1447302 0.0013676874 0.9838673 0.0002134721 0.13706681 0.29244077 0.0001534087 0.000383904 0.000111347705 0.05003317 0.115093224 6.353229e-05 0.002160002 0.00028345804 9.334162e-05 0.0005958763 0.8598536 5.5632445e-06 2.590292e-06 1.0779542e-05 0.0419144 0.2544027 1.4453372e-05 0.38036618 8.3835985e-05 5.5279987e-05 4.1710733e-05 0.107731916 0.0014309699 3.4255447e-07 0.00015190816 0.0544824 5.7267272e-05 4.1355324e-05 1.8388356e-06 5.8875408e-08 1.0737259e-07 0.00016867944 1.8771585e-05 0.041004952 9.844503e-07 3.8973783e-07 5.6728836e-06 0.0056721563 9.2340415e-05 0.022812879 1.3121974e-07 0.0027414348 1.8176077e-05 2.0474115e-06 0.004573393 1.4520274e-06 1.5071055e-07 8.4877165e-08 0.00011789083 2.7062264e-05 3.234493e-07 0.0002791989 0.0010239652 5.2178684e-06 3.3730526e-08 0.0007260793 2.1198462e-06 6.640175e-07 3.203333e-08 3.2830267e-05 9.205101e-06 1.366588e-07 2.9447838e-07 1.9551885e-07 0.009247478 0.0019809545 5.8816346e-07 7.119863e-06 0.0031363529 4.230151e-06 0.004975925 7.386811e-07 2.485459e-08 0.00035106041
0.8017566 0.07767845 0.04437825 0.31779444 0.42845228 0.0001049447 0.7044997 1.1994558e-05 5.3522817e-05 0.9674456 1.4430167e-05 0.7678512 7.873961e-06 0.00027144683 9.94628e-07 4.227439e-05 0.00053577486 0.6910542 4.540874e-06 0.038365934 0.1447302 4.4500302e-14 4.6277064e-06 0.79518276 5.1743843e-08 1.4373853e-05 3.8219237e-05 1.13539116e-07 6.609989e-08 2.2192768e-07 7.965379e-06 0.99012923 1.9286754e-08 0.41295248 4.3630754e-07 3.7897405e-07 5.892964e-07 0.41801244 3.1952236e-08 5.3869673e-08 1.5804048e-07 4.270077e-05 0.0034597078 4.618366e-07 0.13150409 0.009422011 4.5056632e-07 1.1884707e-06 0.007175384 2.5286258e-06 1.1528403e-08 0.018736016 0.025084866 0.0007695024 1.1958824e-06 9.116784e-08 1.8067912e-08 1.4706349e-08 1.4823156e-07 0.0012734048 0.017955465 6.896216e-08 1.1600111e-08 8.1359053e-07 0.07262434 0.0018416535 0.0021446196 2.460338e-08 0.0491384 2.709868e-07 3.0301013e-07 0.04227159 1.04536e-07 1.4604405e-08 7.815102e-09 1.3907621e-06 9.803897e-07 1.1052074e-07 0.007169771 0.0069627506 1.14086916e-07 2.461919e-09 3.766016e-05 1.5847324e-06 6.9811e-08 8.142538e-10 0.0020727296 3.6662934e-07 9.032617e-07 2.3879562e-07 1.3538858e-07 0.0042917663 0.006754369 2.4223755e-07 0.0005137083 0.0008938034 3.1024317e-07 0.0016548866 8.9119783e-07 1.984759e-07 6.437191e-05
0.77708876 1.3644238e-05 3.3554727e-05 1.282767e-06 1.1774347e-05 0.006774732 1.4170906e-06 0.04307128 0.25714317 1.0301579e-05 0.49515906 2.004249e-06 0.22595786 0.0015597933 0.753208 0.29155254 0.18704525 1.329541e-06 0.98091954 2.6062345e-08 0.0013676874 4.6277064e-06 1.0724782e-13 4.9154984e-05 0.8507929 0.3855792 0.53060883 0.78950477 0.969684 0.65824956 0.047177866 1.7735685e-05 0.66051006 2.7404528e-06 0.81294805 0.0031003333 0.59350073 0.0010385248 0.0002555823 0.0006131274 0.00021704627 0.003937747 0.0018068071 0.0003050326 0.0030625788 5.9182207e-06 0.32926333 0.5706806 0.00089070044 0.007968559 1.9236762e-05 3.3256314e-05 3.246961e-05 1.0533373e-06 0.00023775343 3.400664e-05 2.4495175e-06 3.4043955e-05 0.056738786 3.328285e-06 5.2367996e-05 9.8151526e-05 6.25318e-05 0.015692124 1.0915015e-05 1.09847615e-05 6.145241e-05 4.7471258e-05 4.8738775e-06 3.5815214e-05 0.00017428334 8.340536e-05 9.129609e-06 2.7100099e-05 1.9065092e-06 2.7405196e-05 0.0032247314 3.850891e-06 1.1190135e-06 2.2231661e-05 3.5294033e-05 1.3818961e-06 0.00030431262 4.2906548e-05 5.758911e-06 2.6301086e-05 1.251276e-06 0.00011289545 2.8325627e-05 7.1097126e-08 1.0791262e-06 0.00028704616 2.3040016e-05 1.2245217e-05 7.1636737e-07 0.00048140803 1.36672115e-05 0.000120264056 7.4586814e-07 2.8009296e-07 1.6750528e-05
0.94130623 0.41339964 0.1878497 0.5676342 0.79477614 0.003540363 0.6980681 0.0003806733 0.0024756643 0.724969 0.0039156973 0.30216363 0.00010736467 0.0027195106 0.00037421615 0.01492685 0.08308591 0.008908793 1.7038668e-05 0.000352713 0.9838673 0.79518276 4.9154984e-05 1.2495912e-15 4.4168223e-07 0.003919979 0.007935907 5.1513125e-06 1.5867801e-06 7.9062147e-07 0.0057065045 0.52658546 3.4578488e-07 0.1369467 6.199744e-05 1.7611875e-06 3.8273804e-05 0.9516405 6.401283e-08 1.5388176e-07 3.3311258e-07 0.0069760634 0.08369851 9.98298e-07 0.32941258 0.0018895741 1.2068255e-05 1.1822481e-05 0.06022818 0.00017679558 2.5806116e-08 0.0026153228 0.09192444 0.00018603091 9.564656e-06 1.5658121e-07 8.855418e-09 1.1208334e-08 2.5403715e-05 0.00014748023 0.054144345 1.2939991e-07 5.200307e-08 1.8667193e-06 0.05310841 0.0001721253 0.020071888 5.130622e-08 0.014832371 2.2514616e-06 2.4516721e-06 0.030575061 1.9785074e-07 7.7751714e-08 1.5832294e-08 1.7854683e-05 8.803721e-06 3.5010987e-07 0.0011727341 0.002312273 3.031664e-06 1.4067198e-08 0.0001581734 5.0810263e-07 6.8013503e-07 4.7335696e-08 0.0002099592 7.5844414e-06 8.659069e-08 8.651194e-08 2.2746892e-07 0.014399428 0.0051311664 7.893426e-08 2.3064287e-05 0.0035867752 1.5517559e-06 0.006303505 4.4940035e-07 1.2462609e-08 0.00042041906
0.8639901 2.2391308e-07 4.899366e-07 4.9030557e-08 3.036442e-07 0.00019108142 1.2487017e-07 0.0019519258 0.20147204 3.4132864e-07 0.3490241 1.0744225e-07 0.0060454067 3.8158414e-05 0.7541175 0.29147214 0.08042219 3.3724847e-09 0.9712547 3.9928946e-10 0.0002134721 5.1743843e-08 0.8507929 4.4168223e-07 2.9059712e-17 0.7791205 0.64102566 0.97029537 0.36386213 0.91160756 0.3432344 2.771941e-07 0.17431717 7.8175816e-08 0.20266296 0.5787012 0.053286683 0.00056349754 0.21355906 0.10694781 0.12983327 0.09970545 0.016927496 0.056114055 0.0010609719 2.2733141e-07 0.12677938 0.2867467 0.0020555938 0.28764102 0.0024833994 6.1224966e-07 1.0311053e-05 3.515757e-07 0.013914443 0.00063196395 0.00021380684 0.00023627156 0.0076865493 9.9253235e-08 4.769638e-05 0.00051725295 0.0062525305 0.062441915 1.3952691e-05 3.8325044e-07 0.00023364612 0.00040895803 3.737156e-06 0.00040346585 0.0011043926 2.5725326e-06 5.7545876e-05 9.231229e-06 5.769873e-06 0.0005615802 0.002833295 6.1343434e-07 3.364435e-07 3.4433908e-06 0.0012456652 1.9131244e-06 0.008340588 5.4720273e-05 1.7363684e-06 0.00012702077 2.6306526e-07 0.000333339 1.2498198e-06 2.4373003e-06 1.8952409e-06 0.0004549253 1.0037601e-05 5.6524404e-05 5.8852727e-08 0.001624031 4.2239953e-06 0.00018380694 3.5683132e-07 2.942618e-08 0.00044206405
0.95237225 0.0008609139 0.0022038196 0.00013278582 0.00019418383 0.034255832 2.6347228e-05 0.008293328 0.2429005 0.00012430089 0.6686849 1.4994942e-05 0.010680861 0.0013021788 0.8815195 0.7076578 0.70333534 1.2397448e-06 0.53381217 3.1925174e-09 0.13706681 1.4373853e-05 0.3855792 0.003919979 0.7791205 5.7829054e-14 0.96684283 0.34123123 0.15476236 0.23124957 0.97022265 4.2802574e-05 0.012171616 2.0027032e-06 0.13409597 0.08987715 0.03823184 0.008853921 0.026535423 0.010993178 0.0070682443 0.3006194 0.18817869 0.006315624 0.009486133 2.800111e-06 0.010367747 0.024139723 0.04113092 0.095778234 0.00041407396 4.5981174e-06 0.0017121423 3.8935577e-06 0.0027762265 0.00016779362 7.769242e-06 0.00043206854 0.00056389265 6.9424466e-08 0.002592786 8.655614e-05 0.00058122445 0.0029914803 7.204673e-05 2.3254663e-06 0.00903621 4.9667673e-05 3.5210116e-05 0.00067154487 0.00012489465 0.000108745924 0.00010585205 0.0001855764 1.6588978e-05 0.0010092728 0.0004426173 5.881881e-07 3.4263503e-06 9.851895e-05 0.0005393124 2.7207761e-06 0.009073992 5.789385e-06 7.779638e-06 1.2816304e-05 7.887677e-08 3.6617024e-05 3.2549706e-06 1.5502399e-06 2.6078112e-06 0.0032036698 0.000119032076 1.4172325e-06 1.783182e-08 0.012089255 4.4757126e-06 0.0049707172 4.1033904e-06 1.6178645e-07 0.0023562622
0.9781878 0.0010239203 0.003566909 0.00029726038 0.0005582447 0.025937753 2.1263852e-05 0.00931798 0.2293096 0.00020296313 0.80468845 2.5223675e-05 0.02381306 0.004514374 0.8957897 0.7959649 0.6982123 4.943656e-06 0.5306068 4.4939172e-09 0.29244077 3.8219237e-05 0.53060883 0.007935907 0.64102566 0.96684283 7.5626744e-13 0.3187335 0.19950126 0.35659644 0.9389919 5.1516734e-05 0.038289513 2.4465257e-05 0.3312868 0.02277306 0.17037201 0.020329561 0.004648898 0.0069990633 0.003863446 0.38318905 0.47767344 0.0020929677 0.019614782 4.8755763e-05 0.02525968 0.043403834 0.08942258 0.082245894 0.00016757214 0.00010083371 0.0017297796 1.549719e-05 0.0022769368 0.0001194983 4.622608e-06 8.3405124e-05 0.0015153089 3.920063e-06 0.0035386262 7.632407e-05 9.4154035e-05 0.0012580641 0.00023940137 1.1720078e-05 0.015929423 5.4286098e-05 9.508681e-05 0.00063341716 0.000115781964 0.00029693742 0.00011218206 4.1254127e-05 2.732148e-05 0.0010044059 0.0004961167 3.7850293e-06 4.7904345e-05 0.00021800905 0.0005734942 7.933068e-06 0.007882708 1.3346689e-05 4.507496e-06 4.0593495e-06 1.066556e-06 4.686203e-05 3.3307558e-06 5.4063084e-06 1.2717943e-06 0.004427193 0.00035924386 3.507052e-06 1.8356468e-06 0.012398395 2.5671248e-05 0.005691734 5.8837913e-06 3.2151456e-07 0.0024013289
0.7624726 1.8499372e-07 2.4855694e-07 1.4576e-07 3.067688e-07 4.9652706e-05 1.9502761e-07 0.0013954222 0.022407584 3.5212227e-07 0.11943075 4.4534996e-08 0.00528111 6.0744525e-05 0.31544092 0.07173398 0.022538913 5.125077e-08 0.7677924 1.5485213e-10 0.0001534087 1.13539116e-07 0.78950477 5.1513125e-06 0.97029537 0.34123123 0.3187335 6.2504176e-17 0.45290527 0.99080366 0.1392452 2.2814534e-06 0.32651478 2.0589573e-07 0.093649484 0.38618228 0.029984502 0.0005161118 0.080945656 0.089709096 0.19869831 0.040609647 0.0027158898 0.032092966 0.00072206656 1.2603631e-07 0.13253015 0.281457 0.0003169612 0.13753077 0.0025405344 1.48197e-06 7.5643165e-06 1.9473767e-07 0.0058655725 0.0011021284 0.0003509759 0.00063703104 0.0023573108 8.8484335e-08 2.7165905e-05 0.0017525874 0.016933529 0.09829547 1.1408268e-05 2.2346295e-07 5.3255968e-05 0.0008305908 2.831627e-06 0.00028410103 0.0013786429 7.333504e-06 0.0001919261 5.862175e-05 2.748238e-05 6.9285474e-05 0.004657322 5.4806414e-06 2.5678742e-07 7.245481e-06 0.00016194151 2.6749456e-05 0.0024426323 0.00011245874 1.3394685e-05 0.00046599034 6.7180105e-07 0.0005085749 1.535837e-05 1.1428506e-06 3.3825816e-06 0.0005933557 4.137406e-05 6.758483e-05 3.0302604e-07 0.0011295539 1.3628412e-05 0.000262621 1.3675717e-06 8.319344e-08 0.00019197936
0.49829775 1.3823357e-05 3.3104458e-05 4.1399397e-07 5.127426e-07 0.005266808 1.9255177e-08 0.038091637 0.22133565 1.5911012e-07 0.34206963 1.0085698e-08 0.57211703 0.022239476 0.56126815 0.13671498 0.039109368 5.2806355e-09 0.75351477 1.6249401e-09 0.000383904 6.609989e-08 0.969684 1.5867801e-06 0.36386213 0.15476236 0.19950126 0.45290527 9.138823e-16 0.8620387 0.011649102 6.358726e-07 0.9933219 8.848096e-08 0.75798607 0.011635862 0.5654841 0.00050596613 0.0005128757 0.0011072104 0.0033553045 0.0004393762 0.00029507367 0.00014599213 7.746525e-05 3.1023043e-07 0.18519579 0.27791116 6.0957987e-06 0.00087704905 1.5703987e-05 9.698781e-06 1.4000349e-06 4.0534495e-08 2.51828e-06 7.593412e-07 3.0248668e-07 2.9451508e-06 0.043157533 9.791918e-07 2.093067e-07 0.00010079141 3.882958e-05 0.0441917 1.8771987e-06 3.274478e-07 6.281499e-05 0.00017167645 9.34513e-08 4.642333e-08 0.00023615285 2.2221042e-07 5.3580294e-08 2.422819e-07 3.6034457e-08 4.0260868e-05 0.0050338022 2.644862e-06 9.091639e-08 7.8493053e-07 3.2057036e-05 1.0025341e-06 0.0009976666 5.332895e-07 5.24974e-07 1.6693865e-07 3.5024507e-07 8.387142e-05 2.0702138e-05 1.4160105e-07 8.0296627e-07 0.00020030719 7.854243e-06 1.7557005e-06 1.494493e-07 0.00043316704 0.00013232732 0.000119406825 4.2001783e-08 5.309965e-09 3.9944356e-05
0.8726492 3.977726e-08 3.471738e-08 2.1660249e-08 1.18935894e-07 9.595061e-06 8.409675e-08 0.0010968714 0.012022204 6.629588e-07 0.08229257 1.0063124e-07 0.004001363 9.875439e-05 0.21663849 0.0450027 0.021409312 8.0957925e-08 0.5012908 2.828752e-10 0.000111347705 2.2192768e-07 0.65824956 7.9062147e-07 0.91160756 0.23124957 0.35659644 0.99080366 0.8620387 1.331555e-13 0.0558709 3.1423524e-06 0.89794636 9.9983815e-08 0.5818183 0.2803371 0.21456611 0.00092230365 0.030207822 0.12235243 0.21056512 0.014191208 0.0013499078 0.021185622 0.0007831413 1.2861638e-06 0.59722 0.8616433 0.00015356459 0.14060068 0.0016199689 4.3134764e-06 6.951371e-06 1.0807328e-06 0.003282074 0.0013888218 0.00042156712 0.0008423687 0.02898482 6.545687e-07 8.4893254e-05 0.005567067 0.05478396 0.52852756 1.0453262e-05 3.206011e-06 2.8387907e-05 0.0067950687 1.0030018e-06 7.21022e-05 0.020374965 5.9200866e-05 5.7371624e-05 0.00010995615 1.4189455e-05 1.853105e-05 0.037143547 1.1672728e-05 1.257923e-07 5.4145175e-06 7.853537e-05 3.508827e-05 0.002956699 0.0002065618 9.730915e-05 0.004267411 1.8039324e-07 0.004228383 9.6333635e-05 1.2048653e-06 7.2834387e-06 0.00046581126 1.5899652e-05 0.00013158296 6.9702065e-07 0.00092960696 0.00010295377 0.00016531814 1.3537275e-06 1.9622533e-07 0.00013175287
