1.5768122e-17 0.9964115 0.95452225 0.9258245 0.9359677 0.9528201 0.90648496 0.9012589 0.99881935 0.88454866 0.98864955 0.6428595 0.9813829 0.86659265 0.97768074 0.98177403 0.9557328 0.8461488 0.9604353 0.88823223 0.93562984 0.78945786 0.9500429 0.9681428 0.47155192 0.4450761 0.8650541 0.30484515 0.99125695 0.99084246 0.6859094 0.16887723 0.8538548 0.89431244 0.9822312 0.9627816 0.99457467 0.8573051 0.97355175 0.56248236 0.9303792 0.97320354 0.8282895 0.22740366 0.9897987 0.609152 0.9061397 0.54050493 0.9370745 0.9534766 0.030026387 0.99959666 0.9951073 0.38878813 0.010073726 0.95761526 0.88300765 0.3651239 0.9972204 0.99573064 0.12635489 0.0054962533 0.85069627 0.5843387 0.8438052 0.00096779916 0.1836496 0.90395427 0.96420336 0.019363973 0.4824501 0.77608556 0.14894374 0.9316263 0.77570105 0.010008677 0.86165947 0.71987987 0.00263151 0.05976141 0.5916355 0.7354209 0.87674046 0.28604403 0.41494343 0.72034556 0.8781054 0.5757925 0.00017275035 0.09324211 0.93153274 0.00033662966 0.006533218 0.0005648362 0.50249594 0.29306132 0.2628989 0.22238201 0.06999205 0.046216402 0.105183356
0.9964115 1.5383778e-12 0.60852534 0.98080975 0.10004476 0.65768474 0.558463 0.73995 0.71650517 0.117336184 0.36353377 0.4110382 0.0765427 0.06017893 0.0024473344 0.060809534 0.015500552 0.013055953 0.009952273 0.0050175996 0.00072558806 0.0014137457 0.043241207 0.00041829803 0.0712598 0.10481741 0.00046653082 0.07063301 0.00034058912 0.046835016 0.16397727 0.031112995 0.07303723 6.423228e-05 0.00040575847 6.6747e-05 0.61103535 0.024571555 5.938583e-05 0.012868197 0.007956721 1.7926941e-05 0.0012943354 0.05819465 0.20376304 0.0062922733 0.00028330882 9.472328e-06 4.737621e-06 0.00019890198 0.009722298 0.06294769 0.0003144538 0.0027082858 0.0025014952 7.603543e-05 1.8111249e-06 0.0013465314 0.003210564 0.0007405284 0.00022806357 1.2583767e-05 1.7885452e-06 1.550693e-05 3.822421e-06 1.0527635e-05 0.0011675367 9.558436e-06 0.000118736614 8.879356e-06 5.723953e-07 0.0002892023 0.0010243988 0.00013088298 1.1080675e-05 3.4944102e-07 3.7576893e-07 1.9332323e-05 9.177031e-05 0.00032313965 2.6077402e-07 1.0408914e-07 2.3777486e-05 4.6446644e-07 4.6542024e-07 8.116357e-08 1.9962295e-06 3.0604616e-07 2.0188093e-06 1.8032632e-07 7.490727e-08 4.66418e-06 1.2185013e-05 1.2116166e-06 3.6636754e-07 2.2448537e-06 1.6583125e-07 8.167885e-06 5.8304135e-08 3.5866378e-07 1.3481792e-07
0.95452225 0.60852534 1.6764659e-14 0.53943133 0.95658123 0.9761174 0.012406284 0.029900702 0.0474105 0.0009558428 0.88613087 0.06559827 0.003555082 0.92037565 0.00018217438 0.39215866 0.48992655 0.6797748 0.0013122286 8.8621186e-05 3.3411256e-05 3.0997497e-05 8.215857e-05 6.570476e-06 0.00077043637 0.033066858 4.179361e-06 0.0041226284 0.08873924 0.012284845 0.0838051 0.00096588227 0.46321794 0.0029781812 2.1751464e-05 8.705143e-07 0.26705968 8.219509e-05 6.2301046e-06 0.19841541 1.722602e-05 6.260656e-07 0.15338853 0.14227751 0.1723612 7.22668e-05 9.952552e-07 8.978673e-05 2.8975012e-07 7.372672e-05 0.0017576315 0.04167396 7.8649224e-05 4.727685e-05 0.0055112704 1.4440629e-05 1.13077924e-07 0.011525372 0.0019280338 0.0032304598 4.598738e-07 2.4902816e-05 1.6251084e-08 8.4096314e-07 1.6124494e-08 4.502506e-05 0.24246998 5.2800547e-06 6.674026e-05 2.889284e-07 1.0378874e-08 0.0004809505 1.6609669e-05 5.2576717e-05 3.505046e-06 1.5134824e-06 1.0728396e-07 8.305835e-08 0.00044344098 4.488001e-06 2.8217281e-08 4.0093294e-08 2.5962263e-05 5.344798e-09 7.5763225e-08 5.1120113e-09 7.4489544e-06 1.3046387e-08 1.9311767e-06 5.0753455e-09 5.6751507e-08 1.7162372e-06 1.5044273e-07 2.058545e-07 1.2488441e-06 1.4553693e-07 6.000802e-07 5.9640604e-07 7.3642916e-08 4.785377e-08 3.743819e-08
0.9258245 0.98080975 0.53943133 3.223384e-14 0.02951219 0.7095121 0.18372856 0.83167213 0.4287571 0.02093358 0.04210372 0.9828112 0.012745957 0.18943559 0.00023713658 0.011044706 0.004657304 0.009833966 0.0009721084 0.00013098012 1.1856489e-05 4.4153778e-05 0.0032285685 4.2868037e-06 0.36739138 0.43617156 6.4696965e-06 0.3513013 0.0001239991 0.0032934023 0.54640275 0.17508392 0.34676972 2.2513743e-05 8.27819e-06 3.1355614e-07 0.1185286 0.010451325 7.021934e-07 0.0072308136 0.00057595654 1.3882622e-07 0.00024392466 0.32075965 0.019972783 0.003550623 2.4261408e-06 8.6288276e-07 1.3832152e-07 1.9752883e-06 0.057208937 0.005450018 6.0415236e-06 0.0015356923 0.008273582 3.0291508e-07 1.1437462e-07 4.550717e-05 0.000320922 7.414138e-05 2.9905188e-05 2.1048996e-07 4.3180606e-08 8.093335e-07 9.508876e-08 5.348475e-07 0.0017525457 8.714745e-07 2.671036e-06 1.0191475e-06 1.5601143e-08 3.724651e-05 0.00037853303 2.9592052e-06 5.5649025e-07 1.2364752e-08 5.4011654e-08 3.4352973e-07 0.00017241445 0.0006840041 1.7798724e-08 3.3983667e-08 2.729735e-06 8.933082e-09 1.3056843e-08 2.2114985e-08 4.9066557e-07 7.033398e-08 1.0526977e-06 1.3856796e-08 2.7254249e-08 5.9643935e-06 1.3823654e-06 6.173842e-07 1.8975695e-07 3.3712757e-07 6.7659656e-08 5.7444106e-07 3.723381e-08 1.9976339e-07 3.1607297e-07
0.9359677 0.10004476 0.95658123 0.02951219 1.17304585e-14 0.60654217 0.0003449886 0.00038571635 0.0022542204 4.9912593e-05 0.962765 0.0071993745 0.00021865993 0.93704766 8.954845e-06 0.54578936 0.7429559 0.9367755 0.00038755647 4.433942e-06 1.5106747e-06 1.6318656e-06 4.291798e-06 6.9796596e-07 9.461598e-05 0.0064853225 3.115519e-07 0.0006976528 0.29703498 0.0032567342 0.055836592 0.00020690108 0.5026464 0.023532476 1.9224153e-06 1.4794206e-07 0.1229373 4.3747145e-06 3.029174e-07 0.48454216 2.8302065e-06 6.959669e-08 0.5108806 0.05696315 0.10710998 9.061206e-06 5.443288e-08 0.0007011469 3.2481235e-08 4.5095303e-06 0.0007575009 0.02235685 3.162023e-05 6.2396784e-06 0.00393092 4.0146633e-06 2.5483242e-08 0.078332365 0.001985225 0.0045665833 1.4656973e-07 0.0003049026 5.5231237e-09 1.4674065e-07 1.5219837e-09 0.0010867 0.49054685 1.8667762e-06 5.0570106e-05 3.2392128e-07 2.5872784e-09 0.00044751304 3.568499e-06 2.0921036e-05 1.8489221e-06 6.7889505e-06 2.0579963e-08 1.4802171e-08 0.00045468265 6.072285e-07 1.4139936e-08 8.661856e-09 1.3038918e-05 2.515787e-09 9.12983e-09 4.847781e-09 5.015645e-06 8.2327265e-09 1.6775842e-06 8.393213e-09 4.974762e-08 1.1594361e-06 3.078855e-07 2.3301601e-07 7.4820423e-07 1.13621105e-07 3.22433e-07 1.1997246e-07 4.033744e-08 4.6259455e-08 9.7864984e-08
0.9528201 0.65768474 0.9761174 0.7095121 0.60654217 3.5913726e-14 0.00283328 0.012860553 0.02900657 0.00020794655 0.3019569 0.3313664 0.0003562647 0.8587192 2.4780193e-05 0.050717406 0.043571413 0.3215396 0.000226273 2.186771e-05 1.1671192e-05 1.0403556e-05 6.3497515e-05 4.997492e-06 0.0014820789 0.3106203 1.8466931e-06 0.02551924 0.0010751836 0.00093009736 0.62072223 0.0032701187 0.9567356 9.4413e-05 1.2174844e-06 3.511227e-07 0.11856387 0.00012277227 5.4295106e-07 0.17314622 2.4716539e-05 1.603692e-07 0.11460844 0.63028514 0.028377427 0.00011063439 8.356937e-07 1.4507064e-05 7.569765e-08 5.147808e-07 0.022671705 0.009583593 2.9462742e-06 0.00014564572 0.026465435 2.517568e-07 5.072967e-08 0.0013073896 0.00024710776 0.00020673896 3.8152757e-06 7.711752e-06 5.0598924e-08 4.680156e-07 1.3903815e-08 1.8851902e-05 0.30106655 5.528082e-07 1.4729974e-06 5.344167e-07 2.7483607e-09 4.7583842e-05 0.00012871025 2.7164515e-06 1.1835498e-07 2.0964832e-07 1.00302984e-07 2.9202573e-07 0.0014494577 0.00011162531 4.6958886e-09 8.485091e-09 1.9648543e-07 1.9580911e-08 1.0334093e-08 2.4602302e-08 5.679973e-07 1.7730313e-08 1.479374e-05 4.035058e-09 8.83983e-08 4.8199345e-06 6.257696e-07 7.843809e-08 1.2740844e-07 8.363143e-08 1.5678465e-08 3.1163852e-06 2.0783182e-07 3.0188424e-08 5.2888332e-08
0.90648496 0.558463 0.012406284 0.18372856 0.0003449886 0.00283328 2.1854794e-12 0.9448958 0.95543927 0.966613 0.027960608 0.14777224 0.83029175 0.000758292 0.15941422 0.0066260174 0.003132492 0.00013640303 0.04566601 0.16511199 0.012641618 0.03682766 0.730833 0.0037424418 0.5641827 0.031992935 0.027734749 0.17112404 5.9406113e-05 0.028315414 0.018742232 0.1126774 0.00087919465 2.9678833e-05 0.0005437001 7.851559e-05 0.13768783 0.42761078 5.1221086e-05 0.00042288404 0.18411449 3.2952637e-05 6.247043e-06 0.004887933 0.016225984 0.25175798 0.0009261373 2.5823867e-06 2.3467444e-06 0.0002734806 0.0050114063 0.0070766653 0.00024332151 0.17990874 8.5224696e-05 0.00013997144 3.3796603e-06 2.9024324e-05 0.001523131 0.00015785919 0.022855617 6.7543647e-07 2.5435438e-06 7.260362e-05 9.856353e-06 9.641855e-07 8.433095e-06 3.0233068e-05 7.555403e-05 0.0002935331 4.9070866e-07 0.00016435796 0.03755179 5.3224485e-05 2.2711127e-05 1.9853713e-08 8.956685e-07 4.1862564e-05 3.185571e-05 0.031993296 1.0400624e-06 7.2641166e-07 1.4900445e-05 5.8385268e-08 6.4129455e-07 3.2407675e-07 3.4751336e-06 2.6699374e-07 7.117959e-07 8.500355e-08 8.9795506e-08 3.4612833e-05 7.620726e-05 1.5935924e-06 8.087394e-07 1.8598317e-06 2.0600396e-07 3.7013902e-07 2.3733669e-07 9.634276e-08 4.5928647e-07
0.9012589 0.73995 0.029900702 0.83167213 0.00038571635 0.012860553 0.9448958 1.3671352e-15 0.850288 0.788713 0.0010610028 0.9409924 0.11247224 0.004335111 0.0069442517 0.00077549554 0.00023715041 3.0791867e-05 0.0046792747 0.01622821 0.00065306446 0.0031095338 0.29589033 6.9961934e-05 0.9568243 0.48434916 0.002905306 0.69771194 2.8660354e-06 0.0059904824 0.32735088 0.55337054 0.010862513 1.1268623e-06 1.79319e-05 3.6446065e-07 0.05574466 0.5380327 1.2654269e-06 8.400935e-05 0.051695086 4.1164012e-07 2.768328e-06 0.08913934 0.008634238 0.2498998 8.672271e-05 4.813278e-08 7.956048e-08 2.4082133e-06 0.06111933 0.0024697362 1.1435358e-05 0.16640553 0.0013001568 1.1452149e-06 1.9821563e-07 1.8669905e-07 0.00019465068 9.417483e-06 0.0088785775 7.3634445e-09 7.5121426e-07 8.1145845e-06 2.8002473e-06 1.2070192e-08 1.0216275e-05 5.7338747e-07 1.4299399e-06 1.7362516e-05 3.6362692e-08 3.7691902e-06 0.038525216 1.7476085e-06 3.2904336e-07 2.166152e-09 5.4277677e-08 2.4321558e-05 0.00010038353 0.031390592 9.82015e-09 5.159936e-08 1.8764638e-07 2.1637785e-08 1.7654656e-08 5.4589155e-08 3.799122e-08 1.5666858e-07 7.068651e-07 1.8489043e-08 1.00182156e-07 2.72467e-05 8.690623e-06 1.7058892e-07 4.3554817e-08 6.8315256e-07 8.084772e-09 1.1892286e-05 1.981845e-08 1.524452e-07 5.943127e-07
0.99881935 0.71650517 0.0474105 0.4287571 0.0022542204 0.02900657 0.95543927 0.850288 5.2752995e-13 0.8612657 0.22923672 0.11830434 0.8167496 0.0031853984 0.07224987 0.039410576 0.008245556 0.00033152846 0.1474841 0.25296888 0.05207315 0.16419685 0.70226586 0.02473675 0.25597268 0.033620883 0.10519996 0.10008803 6.288302e-05 0.20033449 0.034848016 0.07818619 0.0064548254 2.7985318e-05 0.0030059007 0.008156236 0.59735024 0.3462584 0.000302347 0.00264086 0.22852536 0.00016187188 6.912833e-05 0.005859881 0.15104966 0.1345444 0.013170889 2.464227e-06 6.337319e-05 0.0030127983 0.0026510945 0.08054095 0.0024117818 0.121242486 0.00012454603 0.00083524996 2.7193095e-05 0.00042710954 0.014291411 0.0012746715 0.005733378 6.253302e-06 9.568136e-05 0.00022714864 0.00024876292 8.906078e-06 4.4633238e-05 4.5576664e-05 0.00070314767 0.00014457089 9.166434e-06 0.0004905157 0.034894694 0.00045354126 9.299527e-05 1.9362636e-07 1.3350889e-05 0.0006147187 3.376772e-05 0.009226434 3.6990486e-06 1.231757e-06 1.904435e-05 1.175201e-05 3.4936859e-06 2.221728e-06 5.387836e-06 7.122182e-07 3.5999358e-06 1.0878897e-06 9.0949743e-07 8.654719e-06 8.8283516e-05 8.796672e-06 1.0659378e-06 9.368081e-06 8.8621135e-08 1.377841e-05 4.3607542e-07 1.6219064e-06 1.289708e-07
0.88454866 0.117336184 0.0009558428 0.02093358 4.9912593e-05 0.00020794655 0.966613 0.788713 0.8612657 4.4248993e-15 0.0010117379 0.033029076 0.84727794 0.00018036098 0.24930513 0.00052374316 0.0003051016 1.0988062e-05 0.053192433 0.9202601 0.04259698 0.42859358 0.9655409 0.010180247 0.53308004 0.0046948167 0.37290037 0.051484056 2.0617704e-06 0.02350428 0.002302449 0.051410314 0.00011559551 5.3975764e-06 0.00069076 0.0001274649 0.063412316 0.5840929 4.47656e-05 2.4198036e-05 0.29571608 3.13566e-05 1.9013787e-07 0.00064826326 0.0076102726 0.29854876 0.0062277294 1.5352484e-07 2.2093802e-06 0.00013539253 0.0009005601 0.0032476778 0.00017733003 0.22496806 5.501788e-06 3.62225e-05 3.82594e-06 1.5024158e-07 0.00091517996 2.5464138e-05 0.057931952 4.322525e-09 1.3189297e-05 0.00026821197 3.0733107e-05 2.0310456e-09 1.3879107e-06 1.1554728e-05 1.960355e-05 0.0007595502 1.0435149e-06 1.2246618e-05 0.037414294 1.166199e-05 1.7126745e-06 3.9069886e-10 5.19789e-07 0.00017001326 4.00277e-06 0.011124693 1.10399604e-07 8.92864e-08 7.2877185e-08 1.0734618e-07 8.938812e-08 2.4841546e-07 2.4051982e-07 3.2682834e-08 1.9576534e-07 1.082925e-08 9.7313084e-08 1.1798175e-05 4.6113422e-05 3.0055378e-07 6.4578536e-08 2.353245e-07 3.4551753e-09 1.952309e-06 1.865831e-08 1.5589334e-08 5.422832e-08
0.98864955 0.36353377 0.88613087 0.04210372 0.962765 0.3019569 0.027960608 0.0010610028 0.22923672 0.0010117379 1.3611391e-13 0.0016136596 0.035473835 0.339575 0.0015160779 0.951955 0.5864035 0.56182414 0.012136358 0.00018268607 0.00048122878 0.0002705224 0.00020622404 0.0001523094 6.2354935e-05 0.0008635543 2.088828e-05 0.0004937739 0.014175943 0.1034208 0.0018154795 0.00014029178 0.0587037 0.10401885 0.0075570894 2.2939688e-05 0.6030749 0.0003153006 0.001851381 0.38702357 0.00013845727 0.0005289023 0.6025709 0.002910485 0.6632142 9.88489e-05 5.9629463e-05 0.00839707 4.9527287e-05 0.00792088 3.220117e-05 0.26689032 0.008938379 0.00022459586 5.7794587e-05 0.0010432249 1.812674e-05 0.23091845 0.064729355 0.12616134 1.7788672e-05 0.00039653567 1.3406966e-05 2.448533e-05 7.677344e-06 0.00010635456 0.11972125 0.000108898275 0.0028776824 2.3320354e-06 9.547545e-07 0.01592776 5.8176312e-05 0.0019528344 0.0009163896 3.8382732e-05 6.1173055e-06 0.00013136855 5.5995974e-05 3.1232073e-06 6.070745e-07 4.9590076e-06 0.00096421875 1.1443623e-06 4.630413e-06 6.3730414e-07 7.010065e-05 1.5159787e-06 1.5664656e-06 3.3583345e-07 6.9326084e-06 2.8167042e-07 1.3964145e-06 3.0461777e-06 3.864127e-06 4.7789013e-06 1.8396628e-05 2.047405e-05 1.0703394e-06 5.3136495e-07 7.380544e-07
0.6428595 0.4110382 0.06559827 0.9828112 0.0071993745 0.3313664 0.14777224 0.9409924 0.11830434 0.033029076 0.0016136596 4.4190797e-15 0.0023526326 0.01984596 0.00017103013 0.0007086592 0.00041911742 0.00075060775 0.000320079 0.000103492035 3.201011e-05 3.2368323e-05 0.002017164 6.141846e-06 0.86955684 0.9416549 1.36662975e-05 0.78253394 1.9832494e-05 0.0006922669 0.84952915 0.46841452 0.2559842 1.0027344e-05 1.8674637e-06 2.2437693e-07 0.027627267 0.006004301 3.700458e-07 0.00045590752 0.00014388369 7.130341e-08 1.4192486e-05 0.29423058 0.0035918655 0.0026794353 1.2818241e-06 1.4765908e-06 6.234503e-08 1.8043795e-07 0.07475979 0.00081319734 1.2014025e-06 0.0020758098 0.00746371 9.52801e-08 6.971586e-08 1.0645967e-06 5.7889687e-05 3.2059922e-06 2.738372e-05 8.6793035e-09 1.1443446e-08 2.7676063e-07 1.2631764e-07 2.4532484e-08 0.00034823394 2.9114867e-07 1.5567875e-07 5.48112e-07 4.773478e-09 4.213468e-07 0.0005630557 4.8750974e-07 7.5065174e-08 1.4805213e-09 6.791255e-08 5.6416644e-07 0.0012133603 0.0024372144 1.46970685e-08 1.3506481e-08 2.6347826e-09 1.0514144e-08 1.5900262e-08 2.8999713e-08 1.0181488e-08 4.263035e-08 1.6189171e-05 1.3587744e-08 1.0805056e-07 3.34241e-05 1.1510432e-06 7.706561e-08 1.2093867e-07 2.1392563e-07 1.8937827e-08 3.8808607e-06 4.014102e-09 9.6957926e-08 7.6157124e-07
0.9813829 0.0765427 0.003555082 0.012745957 0.00021865993 0.0003562647 0.83029175 0.11247224 0.8167496 0.84727794 0.035473835 0.0023526326 6.5601114e-16 0.00048265426 0.9211728 0.0062427167 0.0010552584 3.0194988e-06 0.9463543 0.6501527 0.81639266 0.8897871 0.6336223 0.36859304 0.04051588 0.000690147 0.42893365 0.0034303167 1.93583e-05 0.36491624 0.0003230136 0.004916552 3.7397745e-05 4.3795862e-06 0.047272347 0.0136384815 0.4471714 0.1965439 0.00069343706 0.00014997681 0.2487659 0.00057366624 2.9175392e-06 0.00015316182 0.07927383 0.06229637 0.051716276 1.679775e-07 0.00016557549 0.0025890525 5.3583648e-05 0.035645053 0.0026221345 0.049447995 5.921411e-06 0.0013770569 9.994431e-05 2.8401514e-06 0.009671124 0.00038299855 0.024104545 7.3328955e-08 0.0012723889 0.0010827834 0.00273387 1.07347404e-07 6.76236e-06 6.5003565e-05 0.00051428896 0.00037228153 6.300788e-05 0.00050852593 0.005282747 0.0005871852 0.00020624488 5.058725e-08 5.5566065e-06 0.001535362 6.993995e-06 0.00025061693 2.535057e-07 7.2746852e-06 6.2123625e-05 3.2800303e-06 4.5067613e-06 4.1986805e-06 1.3789144e-06 2.3843518e-07 2.7179868e-07 1.2191447e-06 3.9417776e-07 9.2950233e-07 9.179421e-05 3.557985e-06 2.1147014e-06 1.5538794e-06 2.6692359e-08 5.0480245e-05 2.123712e-07 1.4030314e-06 4.7827857e-08
0.86659265 0.06017893 0.92037565 0.18943559 0.93704766 0.8587192 0.000758292 0.004335111 0.0031853984 0.00018036098 0.339575 0.01984596 0.00048265426 4.547319e-15 3.5814395e-05 0.08078196 0.28038454 0.98836684 0.00014428452 1.9594185e-05 8.456055e-06 3.2049193e-06 9.467723e-06 1.8161253e-06 5.0408275e-05 0.045278594 1.00892e-06 0.000352982 0.086467266 0.0007636754 0.120735176 7.3875155e-05 0.8342473 0.006504093 2.266127e-06 4.9440973e-07 0.024489174 9.97716e-06 2.8066518e-07 0.44570485 4.40629e-06 1.8881246e-07 0.14643466 0.10506296 0.008400963 1.6579235e-05 9.6517496e-08 0.00011157581 1.3890477e-07 1.7383749e-06 0.0010484688 0.004087676 4.0528703e-06 2.2752534e-05 0.0049374565 1.0072386e-06 6.539401e-08 0.009152415 0.00028454166 0.00021169573 6.208551e-08 6.860561e-05 1.5249688e-08 3.2480386e-07 8.720855e-09 0.00018442237 0.5448963 5.290319e-07 1.029386e-05 1.0016854e-06 3.828939e-09 7.031444e-05 5.0785343e-06 1.0384781e-05 1.7859035e-06 2.255975e-06 1.1078774e-07 4.2396557e-09 0.0012330123 8.138991e-06 2.6869966e-08 8.211153e-08 3.9595784e-06 2.0271057e-07 5.4441294e-08 1.4597554e-08 2.114062e-06 9.7689856e-08 7.431959e-06 2.8788747e-08 5.659658e-07 1.6735381e-06 9.663152e-08 4.85298e-07 2.1890091e-06 1.1536885e-06 7.2232484e-07 2.8113946e-06 4.6703175e-08 1.10348225e-07 1.8663011e-06
0.97768074 0.0024473344 0.00018217438 0.00023713658 8.954845e-06 2.4780193e-05 0.15941422 0.0069442517 0.07224987 0.24930513 0.0015160779 0.00017103013 0.9211728 3.5814395e-05 1.4816051e-14 0.00012667793 4.9059545e-05 5.2991004e-07 0.9366373 0.53643876 0.9555028 0.87205964 0.5286121 0.80126286 0.002789064 7.340749e-05 0.51864743 0.00031125272 1.4264599e-06 0.4053991 5.0436403e-05 0.0015121856 5.2369915e-06 9.871184e-07 0.44799632 0.14432625 0.27120635 0.22119959 0.008453427 6.962378e-06 0.43072817 0.005705585 1.1508314e-06 7.747208e-06 0.040243525 0.06434323 0.31621674 2.2265958e-08 0.0025572435 0.0048612 1.5385902e-05 0.02454774 0.0037838419 0.060466994 1.6149054e-06 0.0016638405 0.00048525824 1.1876089e-07 0.0063997065 0.00020901878 0.04641175 2.0769205e-08 0.011036815 0.008020346 0.020705795 2.0406766e-08 1.9027476e-06 0.00036823706 0.0007013445 0.0008852899 0.0007577703 0.0004878128 0.009102312 0.0011914759 0.00022895858 1.5180358e-08 0.00022360486 0.036052134 2.2111676e-06 0.00016589477 1.5210465e-05 4.753563e-05 0.00013637962 3.1084055e-05 2.6943037e-05 2.5607942e-05 2.5113597e-05 1.0712171e-05 8.3960646e-07 4.252166e-06 2.847072e-06 4.72198e-07 0.0002729821 4.7070957e-06 1.315016e-05 8.605174e-06 8.279742e-07 0.000100751044 1.1017131e-06 2.6060882e-06 3.3234087e-07
0.98177403 0.060809534 0.39215866 0.011044706 0.54578936 0.050717406 0.0066260174 0.00077549554 0.039410576 0.00052374316 0.951955 0.0007086592 0.0062427167 0.08078196 0.00012667793 3.6609208e-14 0.9827217 0.1986319 0.002054359 9.816518e-05 0.00017377666 0.00014640986 0.00024851822 7.954156e-05 7.120043e-05 0.00044052984 1.1171172e-05 9.8823075e-05 0.5697822 0.033686515 0.00129053 6.98002e-05 0.008036379 0.40961713 0.0011770716 1.921161e-05 0.46663386 0.00030254948 0.00031439503 0.10494217 0.00012393831 0.0002546153 0.32609236 0.0008071399 0.8442647 0.0001525222 0.00010344191 0.041953634 3.747004e-05 0.0018035766 1.890696e-05 0.2549137 0.0041679326 0.00066603365 0.00018864033 0.0007777271 1.4871201e-05 0.4930111 0.03173163 0.43204972 4.3859727e-06 0.0016437921 1.1556844e-05 1.5376294e-05 2.7226672e-05 0.00041687686 0.0359451 6.0383474e-05 0.0028624502 2.6783891e-05 1.0214263e-06 0.015901996 0.00018857306 0.0036167258 0.0012268467 0.0003983493 7.671269e-06 1.0347451e-05 9.041339e-05 4.0998406e-05 5.610298e-07 3.8179032e-06 0.0030721503 2.5119945e-07 1.1057668e-06 6.3355424e-07 0.000108187756 3.5950948e-06 2.8069985e-06 4.914913e-07 2.259575e-06 2.3200512e-07 6.5460176e-07 3.22582e-06 1.9961868e-05 3.8746257e-06 3.543166e-05 3.2318756e-05 2.1183335e-07 3.6972236e-07 6.533155e-08
0.9557328 0.015500552 0.48992655 0.004657304 0.7429559 0.043571413 0.003132492 0.00023715041 0.008245556 0.0003051016 0.5864035 0.00041911742 0.0010552584 0.28038454 4.9059545e-05 0.9827217 1.0222577e-17 0.54132766 0.00082049344 6.112335e-05 4.1437637e-05 3.5233934e-05 0.00010097093 1.7645963e-05 8.147833e-05 0.0004747567 3.3127874e-06 0.0002992363 0.95951766 0.011573489 0.0018562039 2.8876422e-05 0.014890957 0.81443065 0.00030779844 1.3986762e-06 0.15588401 0.0002803665 5.8088386e-05 0.46500486 7.145492e-05 4.7569734e-05 0.734727 0.0013142508 0.596222 4.157059e-05 7.2159644e-05 0.19037877 3.5332168e-06 0.00029135912 4.3964697e-05 0.15442312 0.0012156925 0.0004789382 0.00016803126 9.021408e-05 5.628283e-07 0.846573 0.006581228 0.55257607 1.6722348e-06 0.0067436164 6.1889745e-07 2.3204639e-06 1.970019e-06 0.0017060831 0.08146283 7.4577465e-06 0.0013114318 2.9667299e-06 3.2622484e-08 0.011369202 4.0834595e-05 0.0014263152 5.2332543e-05 0.0041531757 3.2387145e-06 2.5285452e-05 0.00021068247 7.5054722e-06 1.7724192e-08 5.6125725e-07 0.0018030262 3.535635e-09 2.3417088e-07 1.5374827e-07 1.1650485e-05 1.0660268e-07 2.9061953e-06 4.6359794e-08 1.0164395e-06 5.802615e-07 9.5314505e-07 6.075054e-07 1.6811323e-07 1.5258817e-07 1.883942e-06 2.2429671e-05 1.1876769e-07 3.0703225e-07 4.2224762e-08
0.8461488 0.013055953 0.6797748 0.009833966 0.9367755 0.3215396 0.00013640303 3.0791867e-05 0.00033152846 1.0988062e-05 0.56182414 0.00075060775 3.0194988e-06 0.98836684 5.2991004e-07 0.1986319 0.54132766 4.221394e-17 5.241803e-06 2.92775e-07 3.62207e-07 2.6200243e-07 6.0132e-07 5.6887735e-08 1.8504543e-05 0.0052910135 3.3055414e-08 0.00010538359 0.27912745 0.00012971157 0.024765937 1.37760735e-05 0.71045816 0.13376859 7.853195e-08 4.9587328e-08 0.013551234 2.160894e-06 4.0481417e-08 0.9437788 2.367268e-07 1.2522106e-08 0.87711775 0.018122137 0.01355656 1.2382264e-06 3.679139e-08 0.0025346149 2.555645e-08 1.172275e-07 0.00034380556 0.0027510189 5.568184e-07 1.406274e-05 0.003645078 1.7625888e-08 1.9086066e-08 0.075458586 0.00014742145 0.0004813185 4.092356e-07 0.0007825571 3.245603e-08 3.7357946e-08 1.9681185e-08 0.0063784444 0.6340669 8.3588375e-08 4.7668577e-06 6.09293e-07 5.8137313e-09 2.314149e-05 7.0852034e-06 5.923264e-06 1.1243306e-07 1.9729305e-05 5.1061864e-08 7.511501e-08 0.0020810456 7.824806e-07 7.3441027e-09 1.8910143e-08 1.2082373e-07 7.5782594e-08 1.3415229e-07 1.0781381e-07 3.3867064e-08 1.9014811e-08 1.1115582e-05 1.4484536e-08 1.7408682e-08 1.000276e-05 5.45959e-07 8.1784424e-07 1.5963494e-07 6.6022274e-08 1.326331e-07 1.07127535e-05 1.5043426e-07 8.3285806e-07 1.5122683e-07
0.9604353 0.009952273 0.0013122286 0.0009721084 0.00038755647 0.000226273 0.04566601 0.0046792747 0.1474841 0.053192433 0.012136358 0.000320079 0.9463543 0.00014428452 0.9366373 0.002054359 0.00082049344 5.241803e-06 2.422768e-11 0.06624819 0.43870685 0.19177449 0.11867782 0.3569448 0.003441285 0.00021020923 0.08729981 0.000848049 1.32910545e-05 0.9822265 7.2203075e-05 0.0016305818 3.334263e-05 3.665539e-05 0.48368028 0.055606376 0.32414517 0.047664657 0.042579573 0.00012464251 0.089863904 0.024568083 1.9993101e-06 1.0394134e-05 0.06309337 0.016167171 0.031419933 7.307031e-06 0.0042111427 0.013674617 3.42497e-05 0.040946532 0.015045552 0.016635612 6.5971294e-06 0.0035423455 0.0016656639 1.1718044e-05 0.021684078 0.00067880447 0.012190918 1.2328505e-07 0.0068625477 0.002315624 0.008149406 9.835306e-07 0.0002039665 0.0008522995 0.0041765827 0.00040694818 0.00063262426 0.00077272346 0.0021452303 0.0030947397 0.0011849742 6.275125e-08 0.0007627976 0.0037717836 2.4874703e-06 0.00013344623 0.00014895409 0.00027806291 8.6667904e-05 3.1003558e-05 2.2926282e-05 7.749281e-05 0.00025257244 6.343366e-05 3.7078185e-06 6.025689e-06 6.106753e-05 4.7320395e-06 0.00019528529 1.5736774e-05 0.0001657907 7.706198e-05 4.6667474e-06 3.6149682e-05 1.8069619e-06 4.1699896e-06 2.1448243e-06
0.88823223 0.0050175996 8.8621186e-05 0.00013098012 4.433942e-06 2.186771e-05 0.16511199 0.01622821 0.25296888 0.9202601 0.00018268607 0.000103492035 0.6501527 1.9594185e-05 0.53643876 9.816518e-05 6.112335e-05 2.92775e-07 0.06624819 1.6724808e-13 0.45900333 0.93475384 0.9270887 0.16955611 0.009469899 4.723944e-05 0.9825751 0.00028644508 5.2349617e-07 0.012468633 4.3539105e-05 0.0017698708 4.8132697e-06 2.765961e-06 0.004121005 0.003376951 0.026609853 0.5745377 0.00035817464 1.0704343e-06 0.7610844 0.0001865849 5.5161046e-08 1.5987489e-05 0.0029780634 0.264736 0.07404389 5.7666745e-07 3.4603723e-05 0.00045929637 2.3659184e-05 0.0015710602 0.00023775772 0.305137 3.582042e-06 0.00013876807 4.234165e-05 5.630449e-08 0.00060908915 1.5009056e-06 0.19610453 3.0005072e-08 0.00010791139 0.0027926613 0.0005760999 1.964844e-08 2.9983592e-06 4.954874e-05 2.2553242e-05 0.0067515224 5.7166922e-05 2.0713799e-06 0.07909555 1.4743121e-05 3.147397e-06 6.383442e-09 1.94183e-05 0.008988103 2.2408472e-06 0.0047775577 6.100789e-06 2.1813112e-06 3.905823e-08 1.5383906e-05 6.4546834e-06 8.775113e-06 1.035178e-06 1.0361944e-06 5.8868756e-07 8.2929154e-07 7.628812e-07 2.855883e-06 0.0019139787 3.3734857e-05 1.2966007e-07 2.905929e-06 1.1880631e-09 0.00018205265 9.950373e-06 5.530988e-07 1.7879859e-06
0.93562984 0.00072558806 3.3411256e-05 1.1856489e-05 1.5106747e-06 1.1671192e-05 0.012641618 0.00065306446 0.05207315 0.04259698 0.00048122878 3.201011e-05 0.81639266 8.456055e-06 0.9555028 0.00017377666 4.1437637e-05 3.62207e-07 0.43870685 0.45900333 1.176197e-12 0.95439005 0.39767012 0.95448476 0.002174617 2.0078429e-05 0.60787725 0.00021958465 1.0798232e-06 0.07388085 1.0359745e-05 0.0009695318 1.6147377e-06 2.2909005e-06 0.22437716 0.18751937 0.099266276 0.23574428 0.005082673 3.807951e-06 0.66955245 0.0044866772 2.7720517e-07 2.0754335e-06 0.011493547 0.071154445 0.7411633 6.456253e-08 0.0015854056 0.004741398 4.713452e-06 0.008092518 0.0029896249 0.09536335 1.2926232e-06 0.0017951801 0.00026927868 2.168567e-08 0.003150127 3.2674812e-05 0.12273967 9.294854e-09 0.02338656 0.04439623 0.05923771 1.518143e-08 1.3496309e-06 0.00021207501 0.00015939178 0.004919019 0.0014858923 8.62099e-05 0.024026947 0.0002686049 3.5238838e-05 2.9654412e-09 8.193745e-05 0.17657207 1.2693647e-06 0.00060394447 7.965819e-06 1.165294e-05 4.085058e-06 0.00010530031 1.3114718e-05 0.000117257085 3.5259093e-06 5.0449803e-06 5.862437e-07 1.7107694e-06 3.3667732e-06 4.7140566e-07 0.0016399276 4.1497195e-05 9.933548e-07 6.435469e-06 1.926936e-08 0.0011801895 9.013686e-07 3.4622988e-06 4.082509e-07
0.78945786 0.0014137457 3.0997497e-05 4.4153778e-05 1.6318656e-06 1.0403556e-05 0.03682766 0.0031095338 0.16419685 0.42859358 0.0002705224 3.2368323e-05 0.8897871 3.2049193e-06 0.87205964 0.00014640986 3.5233934e-05 2.6200243e-07 0.19177449 0.93475384 0.95439005 1.9320576e-13 0.48253268 0.8944245 0.0023327842 5.646854e-05 0.95899785 0.00012770266 2.9961693e-06 0.028805606 1.2711268e-05 0.000345838 1.2413207e-06 5.2763244e-06 0.05175931 0.0784138 0.02534314 0.11122682 0.002448874 3.1314522e-07 0.3389819 0.0013023429 3.8414417e-08 1.7353801e-06 0.003898533 0.03530165 0.51871747 6.0937265e-07 0.0006347103 0.0023622145 5.7255284e-06 0.002125103 0.0011354383 0.03916783 9.1208324e-07 0.0006251272 0.00018762608 4.6365343e-09 0.0014502037 1.8198434e-05 0.09245814 1.6641504e-09 0.002410346 0.033007286 0.0078875655 2.434504e-09 5.1168746e-07 0.00020175563 0.00012528976 0.003770449 0.0002035691 1.3203138e-05 0.007140447 0.00017825293 4.388138e-05 7.2377454e-10 4.207923e-05 0.03872011 7.7990137e-07 0.00034171663 6.5517233e-06 6.840253e-06 1.7104293e-07 3.1847783e-05 3.0346246e-05 1.8123717e-05 5.5378946e-06 7.4951154e-06 1.07526915e-07 1.381083e-06 3.6517858e-06 1.5723857e-07 0.0026950785 0.0002082738 1.5813267e-06 4.5464635e-06 2.389208e-08 0.00048937585 8.064215e-08 5.000855e-07 1.0763501e-06
0.9500429 0.043241207 8.215857e-05 0.0032285685 4.291798e-06 6.3497515e-05 0.730833 0.29589033 0.70226586 0.9655409 0.00020622404 0.002017164 0.6336223 9.467723e-06 0.5286121 0.00024851822 0.00010097093 6.0132e-07 0.11867782 0.9270887 0.39767012 0.48253268 5.2949263e-13 0.07521384 0.16371456 0.00039878473 0.72107387 0.00655569 4.3779468e-07 0.011869314 0.00012036847 0.010111191 4.2832203e-06 4.4967323e-06 0.0016267515 0.001762548 0.03681759 0.967239 0.00033114673 9.32056e-07 0.92836064 7.399156e-05 8.2712134e-08 3.5132063e-05 0.0031849395 0.6189456 0.01190084 2.1380448e-07 4.1773765e-06 0.00012228242 0.00012373023 0.0014936298 0.00016120913 0.47359183 2.8205334e-06 5.6404377e-05 2.44785e-06 7.4021407e-09 0.00017706928 5.3645585e-06 0.22856909 2.0420355e-08 9.4512177e-07 0.00036459902 1.5324078e-05 1.5797001e-08 7.786169e-06 3.5746914e-06 7.4538148e-06 0.008448466 4.0936166e-07 4.2602818e-07 0.15443268 1.7550501e-05 2.1842545e-06 1.2348819e-08 2.5283398e-07 0.0006581674 3.7313935e-06 0.015053244 8.050768e-08 3.6835065e-08 1.1466296e-07 9.439813e-07 6.077375e-08 7.2307535e-07 2.4813382e-06 1.1596877e-07 1.910794e-06 2.9983674e-08 2.48437e-07 1.0559419e-05 0.001461644 1.1160087e-05 1.5376705e-07 2.7917808e-06 2.1137263e-09 0.00012679565 2.8834427e-07 1.3945327e-06 3.513585e-07
0.9681428 0.00041829803 6.570476e-06 4.2868037e-06 6.9796596e-07 4.997492e-06 0.0037424418 6.9961934e-05 0.02473675 0.010180247 0.0001523094 6.141846e-06 0.36859304 1.8161253e-06 0.80126286 7.954156e-05 1.7645963e-05 5.6887735e-08 0.3569448 0.16955611 0.95448476 0.8944245 0.07521384 3.0035015e-12 0.00022419012 7.1051036e-06 0.51082313 9.904924e-05 1.7167422e-07 0.13428926 3.0941776e-06 0.0002510444 3.3186453e-07 2.397313e-06 0.83566296 0.9078438 0.14752324 0.07294522 0.06969306 1.93186e-06 0.3586 0.042788908 1.7378501e-07 4.4993126e-07 0.010130191 0.013120703 0.9197843 8.28533e-08 0.042693578 0.023249809 1.9828306e-06 0.008650998 0.014447868 0.017489351 1.0067823e-06 0.0072238413 0.0071003656 1.04458815e-08 0.004667108 2.773377e-05 0.101141535 1.2452202e-08 0.38234934 0.3078313 0.37727427 7.9614635e-09 1.3216147e-06 0.0005839134 0.00062462635 0.0046920865 0.022490194 0.00023531409 0.004374863 0.00107505 0.00021147841 4.6413122e-09 0.0008162812 0.5426634 1.7654826e-06 8.6781045e-05 0.00010874998 7.297202e-05 2.8369368e-05 0.0014446566 0.00021843151 0.00031502798 3.0197049e-05 4.8829752e-05 7.806991e-07 1.3647492e-05 1.322986e-05 4.934422e-07 0.0036367083 0.00030428419 1.5312464e-05 1.662439e-05 3.1984538e-07 0.004726495 5.9160316e-06 9.514192e-06 6.926651e-07
0.47155192 0.0712598 0.00077043637 0.36739138 9.461598e-05 0.0014820789 0.5641827 0.9568243 0.25597268 0.53308004 6.2354935e-05 0.86955684 0.04051588 5.0408275e-05 0.002789064 7.120043e-05 8.147833e-05 1.8504543e-05 0.003441285 0.009469899 0.002174617 0.0023327842 0.16371456 0.00022419012 6.851431e-15 0.13647106 0.0016067675 0.60020477 5.4627535e-06 0.0016632066 0.009687129 0.9972853 6.6191526e-05 9.433698e-06 0.00023986347 5.4600794e-05 0.010835401 0.19845253 2.8672452e-05 7.897977e-07 0.013668352 9.668756e-06 9.554667e-07 0.00078531995 0.00092686457 0.29859704 1.1861477e-05 1.0690958e-06 2.0276693e-06 0.00010528484 0.016272364 0.0007273885 3.778078e-05 0.11426077 0.0001985205 4.1388346e-05 3.596103e-06 5.3436315e-07 0.00021105971 2.3517161e-06 0.005471571 3.7942354e-07 6.193114e-07 2.0935624e-05 7.3612932e-06 4.5057834e-07 1.4165029e-06 5.9409056e-05 9.193696e-06 0.0002513194 5.222505e-07 6.960336e-07 0.016798697 2.5600737e-05 8.338472e-06 5.0236867e-08 2.741237e-06 3.7539335e-06 3.7824004e-05 0.026504539 3.7929297e-07 7.7736325e-07 4.989786e-08 2.108877e-06 2.1940377e-06 4.2822458e-07 1.0683942e-05 2.380327e-06 1.4469707e-06 1.269688e-06 4.5371257e-06 5.1638526e-05 3.1777854e-05 8.72633e-07 1.8800113e-06 2.8321925e-05 8.193536e-08 2.3957964e-05 4.783151e-06 8.344187e-07 6.870765e-06
0.4450761 0.10481741 0.033066858 0.43617156 0.0064853225 0.3106203 0.031992935 0.48434916 0.033620883 0.0046948167 0.0008635543 0.9416549 0.000690147 0.045278594 7.340749e-05 0.00044052984 0.0004747567 0.0052910135 0.00021020923 4.723944e-05 2.0078429e-05 5.646854e-05 0.00039878473 7.1051036e-06 0.13647106 4.2052413e-17 1.5928563e-05 0.9599906 7.1873346e-06 0.00024104583 0.9936875 0.443652 0.4808938 5.1760406e-05 1.0732914e-06 5.731609e-06 0.0067893686 0.00020118899 7.709512e-07 9.465659e-05 5.9901115e-05 6.9595366e-08 3.7322263e-06 0.25150037 0.0007925031 0.00060390274 2.9086461e-06 1.7630277e-06 4.9583144e-07 9.618858e-07 0.25387937 0.0002801388 6.6021425e-07 0.00028698292 0.04500267 1.2762065e-07 7.115044e-08 1.4979169e-06 2.3415794e-05 1.2808856e-06 4.1795447e-06 9.62333e-08 5.0368598e-08 2.3895532e-07 4.3065704e-08 5.4833865e-08 0.000810229 3.6721198e-07 1.1032419e-06 2.7979943e-06 2.4426168e-08 1.6006162e-07 0.00065641786 2.0749812e-07 7.3548165e-08 1.1633674e-09 3.4126128e-07 7.0508026e-09 0.0012834376 0.0025469738 1.6533888e-07 7.645567e-08 7.239951e-11 1.1020163e-07 5.320951e-07 4.1307626e-07 4.263306e-07 1.1555729e-07 4.927613e-05 2.969025e-08 8.856424e-07 0.00012276537 2.6034998e-06 3.3871507e-07 2.0304228e-08 2.7415142e-06 7.688875e-10 4.8712633e-07 1.8174983e-07 5.6294716e-08 3.4864267e-06
0.8650541 0.00046653082 4.179361e-06 6.4696965e-06 3.115519e-07 1.8466931e-06 0.027734749 0.002905306 0.10519996 0.37290037 2.088828e-05 1.36662975e-05 0.42893365 1.00892e-06 0.51864743 1.1171172e-05 3.3127874e-06 3.3055414e-08 0.08729981 0.9825751 0.60787725 0.95899785 0.72107387 0.51082313 0.0016067675 1.5928563e-05 8.93662e-14 6.672575e-05 3.6433782e-08 0.014441325 4.342087e-06 0.00031001648 3.930614e-07 2.893394e-06 0.011701965 0.042579077 0.015847722 0.53255737 0.0016109378 1.07336554e-07 0.9210453 0.0006632346 2.0960744e-08 3.9565734e-06 0.0011632585 0.13669555 0.6792706 5.158109e-07 0.00024033288 0.0007682274 2.4979179e-06 0.0007296283 0.000616192 0.12318801 1.6997565e-06 0.00024773658 0.00010548886 3.925104e-09 0.0004023694 1.7741985e-06 0.32042047 1.4755379e-08 0.0011736526 0.06054696 0.0103707975 3.6857326e-09 1.6735685e-06 4.960519e-05 1.033819e-05 0.011444682 0.00011636211 6.311896e-07 0.028536046 1.1566326e-05 6.936775e-06 1.5250611e-09 6.3325197e-06 0.11634069 1.950476e-06 0.00061389856 1.1092851e-06 1.7927257e-06 6.4661e-08 6.9081405e-05 3.7264651e-06 2.1493914e-05 2.8024378e-06 2.4549572e-06 4.1647567e-07 7.972808e-07 5.8898268e-06 1.1049983e-06 0.012907701 0.0009229508 8.765565e-07 4.1285043e-06 2.939144e-09 0.00034987507 7.167186e-07 1.4181045e-06 4.5623628e-07
0.30484515 0.07063301 0.0041226284 0.3513013 0.0006976528 0.02551924 0.17112404 0.69771194 0.10008803 0.051484056 0.0004937739 0.78253394 0.0034303167 0.000352982 0.00031125272 9.8823075e-05 0.0002992363 0.00010538359 0.000848049 0.00028644508 0.00021958465 0.00012770266 0.00655569 9.904924e-05 0.60020477 0.9599906 6.672575e-05 8.884452e-16 6.145519e-06 0.0005637862 0.17620376 0.9988939 0.0027003048 1.933448e-05 1.911845e-05 4.9070026e-05 0.008418117 0.003359866 1.6809434e-05 1.2041066e-05 0.0002570095 7.1009918e-06 1.1604582e-06 0.021333281 0.0006065439 0.0060858 7.6808155e-06 1.7471303e-06 1.650878e-06 2.2530841e-05 0.14701939 0.00041917435 2.7432729e-05 0.0065653096 0.002512849 4.4116887e-06 1.0217118e-06 6.919293e-06 0.00016294305 1.7803783e-06 0.0002154106 1.8509058e-07 5.625654e-07 8.949954e-06 9.757501e-07 2.9936132e-08 2.3670042e-05 9.762365e-06 8.6665295e-06 1.7071116e-05 1.95633e-07 8.227634e-07 0.0052348874 4.3915106e-06 7.598055e-07 1.3244762e-08 2.1932115e-06 6.1844844e-07 0.0001880501 0.031825405 1.051941e-06 1.1911769e-06 3.0505132e-09 7.7312245e-07 3.1846646e-06 2.6507237e-07 6.169984e-06 5.909567e-07 2.2199943e-05 1.9986003e-07 2.1539827e-06 0.00013764233 4.976556e-06 4.3827134e-07 1.3431895e-07 8.150891e-06 2.2241458e-09 3.189292e-05 1.1586895e-05 5.02581e-06 1.7202085e-05
0.99125695 0.00034058912 0.08873924 0.0001239991 0.29703498 0.0010751836 5.9406113e-05 2.8660354e-06 6.288302e-05 2.0617704e-06 0.014175943 1.9832494e-05 1.93583e-05 0.086467266 1.4264599e-06 0.5697822 0.95951766 0.27912745 1.32910545e-05 5.2349617e-07 1.0798232e-06 2.9961693e-06 4.3779468e-07 1.7167422e-07 5.4627535e-06 7.1873346e-06 3.6433782e-08 6.145519e-06 9.564834e-18 3.4301283e-05 4.8357662e-05 1.1375371e-07 0.00177574 0.9751922 2.7657263e-06 3.477068e-07 0.0016567816 3.0297274e-06 5.511443e-07 0.0028073923 3.1079385e-06 2.3715038e-06 0.028810045 1.4127545e-05 0.52378136 1.7446851e-07 3.949842e-07 0.61817026 1.8031669e-07 1.4655927e-05 7.516894e-07 0.11438291 1.5245509e-05 8.068986e-06 2.520499e-05 1.4396654e-05 1.279459e-07 0.023105856 0.0017918175 0.76626563 3.1050497e-08 0.0002453052 2.3694318e-07 9.671688e-08 1.2748185e-07 5.0293173e-05 0.0027170829 4.014506e-06 0.0010455416 1.5170944e-07 5.757291e-08 0.034616303 2.2613976e-05 0.0023418688 9.14796e-05 0.0006453329 2.9569046e-07 3.4807027e-08 7.964411e-05 2.4982944e-06 6.118117e-08 1.9964361e-07 0.0013818053 2.0032722e-08 1.2600872e-06 4.2859966e-07 6.212821e-06 1.3548821e-06 1.8747788e-07 1.1684444e-07 8.887034e-07 2.7886423e-07 4.1491333e-07 6.126419e-08 1.846649e-06 3.4399852e-07 1.0362003e-06 9.783199e-07 4.1652992e-08 3.6334264e-08 6.214605e-08
0.99084246 0.046835016 0.012284845 0.0032934023 0.0032567342 0.00093009736 0.028315414 0.0059904824 0.20033449 0.02350428 0.1034208 0.0006922669 0.36491624 0.0007636754 0.4053991 0.033686515 0.011573489 0.00012971157 0.9822265 0.012468633 0.07388085 0.028805606 0.011869314 0.13428926 0.0016632066 0.00024104583 0.014441325 0.0005637862 3.4301283e-05 1.7152061e-12 0.00028373144 0.00079383515 0.00018432514 3.2779993e-05 0.72977567 0.029499108 0.9532918 0.0062079267 0.2606526 0.0009143965 0.01243042 0.41668054 0.0001627452 6.5696455e-05 0.4165622 0.0016641498 0.013192272 1.4192715e-05 0.026539614 0.20619756 0.00011764958 0.14787403 0.13004632 0.0015364627 0.00015873903 0.05903276 0.01851783 0.00081523595 0.06815883 0.0009874993 0.0028920549 9.653766e-06 0.019300532 0.0029938233 0.008399714 7.178032e-06 0.0005017473 0.0069968007 0.013029013 0.00036189007 0.0021439898 0.0006613429 0.0014454758 0.004200706 0.0050035752 1.0354441e-07 0.0071315486 0.0052167047 4.8981306e-06 0.00037789048 0.008313655 0.008187906 0.000105156694 0.00019845842 0.0018351113 0.0002883758 0.0005599819 0.00014995593 2.6648851e-05 0.00028139862 0.00014327643 1.4262511e-05 0.00021012605 0.00011673102 0.0002598606 8.374466e-05 6.45176e-06 6.459607e-05 1.0694441e-05 1.1462326e-05 3.3911572e-06
