7.468698e-20 0.24733515 0.6625255 0.2354929 0.90404725 0.61644226 0.9409666 0.0051072077 0.42688635 0.0025186862 0.33318427 0.96615934 0.9612803 0.78008807 0.3516041 0.9549116 0.9728403 0.06066115 0.38640454 0.96561515 0.9298563 0.021490907 0.00501302 0.0022469978 0.900467 0.16462478 0.9484375 0.07486995 0.98644143 0.9854444 0.2724855 0.010709563 0.9095152 0.00028315434 0.8468283 0.020450898 0.8021798 0.644573 0.98006713 0.9658577 0.8839758 0.9910273 0.0009561902 6.0178932e-05 0.037452754 0.27739635 0.8760184 0.91135603 3.5026187e-05 0.90071255 0.7741625 0.85114044 0.8987958 0.22830577 0.8609684 0.3756226 0.92785746 0.0032190534 0.976989 0.793028 0.93965346 0.8665626 0.2729826 0.66862583 0.5210254 0.018505951 0.87095386 0.47525766 0.42157045 0.9794943 0.9598856 0.18082456 0.8307653 0.9289696 0.9556875 0.9841382 0.6902873 0.2585785 0.85947216 0.35681042 0.001903531 0.0030781303 0.003298062 0.0555491 0.043981913 2.1080818e-05 0.99990493 0.5854591 0.9999899 0.9942192 0.8770087 0.97043383 0.985495 0.8901519 0.9993331 0.98168343 5.400468e-05 0.9884192 0.0033297634 0.9922951 0.021458408
0.24733515 1.6182635e-15 0.8851901 0.9925908 0.74041796 0.9232588 0.41031662 0.06887017 0.5320182 0.4103936 0.025509357 0.2585025 0.19196309 0.005555926 0.0062906924 0.36324045 0.039122112 0.110414386 0.009267386 0.01148086 0.19487631 0.00052307325 0.0011564271 0.054584555 0.001095748 0.012549293 0.031728808 0.0032227945 0.2888808 0.0154186515 4.1701267e-05 4.44636e-05 0.020960644 0.0015602479 2.7558857e-05 3.5900928e-06 0.00043738662 7.039099e-05 0.008504135 0.0010119043 8.341391e-06 0.04645053 3.9464894e-06 0.00075415126 0.0011534829 8.1485905e-06 2.6999416e-05 4.7518383e-06 3.8470425e-05 0.0002864153 7.778191e-06 8.314951e-06 1.2836358e-06 3.8294447e-06 1.5194321e-06 7.673128e-06 4.026027e-06 9.365361e-07 0.0007511158 3.7508419e-06 0.00012037123 1.5938857e-06 1.0606881e-06 2.2742835e-05 7.950573e-06 1.6606618e-06 7.797099e-06 6.200089e-08 1.826946e-06 0.00034907585 2.6553782e-06 2.5359782e-07 2.5743536e-06 5.7896144e-05 1.6485268e-05 0.00013424348 1.3551039e-07 3.6671836e-06 1.4347222e-06 1.4315418e-06 8.184758e-08 3.5268812e-08 6.179685e-09 3.3617166e-08 8.0072647e-07 2.0456512e-06 2.8614118e-06 2.1547234e-05 0.00033092796 2.5760382e-06 4.950821e-05 2.04321e-06 0.00010768409 4.4803186e-05 4.2540764e-06 6.957197e-05 1.03692834e-07 4.2302014e-05 6.733597e-09 4.532135e-06 1.13531215e-07
0.6625255 0.8851901 3.0502453e-13 0.77052534 0.9726868 0.24551442 0.1092316 0.70455736 0.46720967 0.55928946 0.9662787 0.57901835 0.027397782 0.0010737758 0.0013193353 0.49765572 0.6591661 0.029731868 0.0093049705 0.004106544 0.12955153 0.4639425 0.47233537 0.01644283 0.062994264 0.0042723687 0.0085401675 0.0018201896 0.4478799 0.22285905 0.050501026 0.05876616 0.020143284 0.00048720837 5.9423506e-05 0.011576391 0.00041276775 6.6792854e-05 0.015868636 0.023508865 2.6942802e-05 0.2258427 0.001091817 6.311132e-05 0.00018944495 0.00030138774 0.00012058609 6.381045e-05 8.593626e-06 0.003271031 0.00048616316 0.00046522322 4.067596e-06 1.1791815e-06 4.2825295e-06 8.076681e-05 0.00010019854 0.0002263004 0.0024260809 6.0943432e-05 0.00034435128 9.842541e-05 8.352598e-06 0.00027694664 0.00021522352 4.5452344e-07 0.00015900038 3.4884638e-07 5.495595e-06 0.002573962 0.00023027949 6.230726e-07 2.548238e-05 0.0010724448 8.501267e-05 0.001093209 3.1575464e-08 4.6913276e-05 2.3096269e-05 2.0794545e-05 2.5214329e-06 1.2751954e-07 5.4461826e-09 2.84608e-07 6.925812e-07 1.2770898e-06 0.00016619438 1.5688374e-05 0.0009874494 3.2092657e-06 0.00026276053 7.842074e-06 0.00016045035 4.895023e-05 0.00073660654 0.00012859823 7.460002e-08 3.052385e-05 6.0872327e-07 0.0003230432 1.9299073e-07
0.2354929 0.9925908 0.77052534 1.8442398e-13 0.38892502 0.858484 0.26431382 0.16597787 0.91841257 0.8647904 0.026650114 0.10590414 0.09794107 0.0052121514 0.008268742 0.21732806 0.05600167 0.5268911 0.0277193 0.020756809 0.08486997 0.00031085018 0.002299559 0.26945016 0.0009776448 0.08047768 0.016333085 0.007404049 0.1358513 0.013792448 5.947811e-05 8.2098966e-05 0.010473395 0.02111151 0.00028482318 9.3577055e-06 0.0002839786 6.268059e-05 0.0072152317 0.0006847971 3.6478545e-05 0.0320119 2.6992493e-05 0.0051474236 0.005667501 3.4147208e-06 0.0002849343 1.519733e-05 0.000337001 2.4602856e-05 8.024431e-06 3.9516144e-06 1.0019162e-05 2.5516501e-05 5.8876976e-06 8.772938e-06 2.012104e-05 2.6074306e-06 0.00034802197 2.2480178e-06 3.7807884e-05 7.926701e-06 2.2648865e-06 9.38138e-07 7.4379445e-06 4.948666e-06 1.4041794e-05 1.8843527e-07 3.4134644e-06 0.0001240412 1.0131214e-05 1.6680982e-06 1.9660774e-06 8.017597e-05 3.5519217e-05 9.865e-05 3.466754e-07 2.6019234e-06 4.414704e-05 2.6529306e-06 7.3351225e-07 3.267138e-07 4.715275e-09 4.135731e-08 8.5670274e-07 3.246933e-05 4.6359273e-06 8.412255e-05 0.0013814362 6.116495e-06 3.821417e-05 6.028625e-06 3.1128107e-05 3.2148208e-05 6.498912e-05 0.00014978813 1.3591679e-07 2.71353e-05 7.3143575e-08 2.6052843e-05 1.6895399e-07
0.90404725 0.74041796 0.9726868 0.38892502 1.5447863e-14 0.34963208 0.18651453 0.04642591 0.22552578 0.055303697 0.36384252 0.9535744 0.07227663 0.00835532 0.004400164 0.7909765 0.35300136 0.015079071 0.014339502 0.0032185756 0.3584096 0.050045505 0.027482105 0.0062311427 0.02086353 0.003967891 0.021076895 0.0037051942 0.67017573 0.17045069 0.0073296726 0.011179603 0.052826013 0.00048554293 0.00019258045 0.002723883 0.0013474781 0.00016234169 0.033454698 0.0046517556 3.0177242e-05 0.25391364 0.0002131897 0.00023274009 0.0014725451 0.00051261403 0.00040436393 7.6853255e-05 9.419486e-06 0.007942967 0.00024886185 0.00034723146 1.3891681e-05 2.7820931e-06 1.0924438e-05 9.450191e-05 5.7696616e-05 0.00013800141 0.016910417 0.00023570714 0.004359917 3.2321346e-05 2.8476954e-05 0.0022211964 0.00013475308 3.037414e-06 6.982316e-05 6.306096e-07 2.8600436e-05 0.0049016476 7.037918e-05 2.972527e-06 2.6314758e-05 0.0022154297 0.0005051487 0.0063611013 1.4381064e-07 2.2823575e-05 6.0711354e-06 7.420904e-06 6.511611e-07 3.00626e-07 1.0374698e-08 5.720019e-07 4.7755367e-07 4.786238e-07 0.0009775264 0.00018847687 0.0018089915 1.3531642e-05 0.00058722385 1.6840353e-05 0.0017742274 0.0005858313 0.00025075654 0.0003779121 2.2000688e-07 0.0005560795 1.8930017e-07 0.00013605705 8.486843e-08
0.61644226 0.9232588 0.24551442 0.858484 0.34963208 4.248247e-15 0.98521847 0.0039343517 0.85010016 0.23157439 0.0041194647 0.11022723 0.78171194 0.68893975 0.50624865 0.35075188 0.011872677 0.49563023 0.53542376 0.34376353 0.33035347 0.0003651692 0.00047710212 0.10652591 0.00021892514 0.22581354 0.22912039 0.21443473 0.34116805 0.0058693048 1.8301065e-05 4.5977824e-05 0.1226297 0.016075969 0.012282462 1.124137e-06 0.008494185 0.0031939216 0.048498496 0.00023196255 0.0012648419 0.07226729 3.98107e-06 0.011926035 0.038458984 3.2595975e-07 0.0013119434 0.00046340397 0.0006791823 0.000116993695 1.18195285e-05 3.861479e-06 0.00014782634 0.00015516332 0.00010198817 1.4204652e-06 3.9001693e-06 1.3785843e-06 0.0042820605 0.00024070377 0.001719828 2.8039535e-06 6.708536e-05 4.2005337e-05 9.24805e-06 1.4844108e-05 1.1988565e-05 3.9012925e-06 5.00598e-07 0.00089549785 0.00012588814 2.5928142e-05 2.8298682e-05 0.0001676999 0.0003918368 0.0030447838 6.487605e-07 4.127699e-07 4.1315016e-06 1.1470763e-06 5.962556e-08 6.154892e-08 6.5769196e-10 2.976873e-08 2.9673737e-07 1.286957e-05 3.622433e-05 0.00012707626 0.0009926609 1.1642421e-05 0.00012520066 3.574499e-05 0.00058921194 0.0001415779 2.0723452e-05 0.0002554544 1.8908275e-07 0.0001344772 5.851983e-08 2.3450677e-05 1.0224891e-07
0.9409666 0.41031662 0.1092316 0.26431382 0.18651453 0.98521847 4.5875842e-15 0.001682906 0.5133749 0.007008973 0.005065649 0.2313791 0.9111175 0.49449226 0.15872595 0.6213622 0.016884457 0.1147143 0.22448346 0.41337714 0.6350612 0.00043461466 0.00043030546 0.022842105 0.00034246893 0.058289688 0.53132504 0.053584453 0.6609151 0.008786209 1.39608765e-05 7.095309e-05 0.40935874 0.0016111714 0.026418623 5.748754e-06 0.019593898 0.0058752773 0.22831346 0.00017787052 0.0008627393 0.18745631 2.8168255e-05 0.0014445513 0.048356447 2.674628e-06 0.0013763801 0.00057971093 0.00018712306 0.0006029992 2.4383999e-06 1.9518066e-06 8.259159e-05 0.00010529287 5.137754e-05 2.3342584e-06 5.878449e-07 3.7964019e-06 0.038147803 0.0004291688 0.015658151 7.352681e-07 1.3858667e-05 0.00025642852 6.489241e-06 8.12655e-06 9.926455e-07 9.285003e-07 4.7317894e-07 0.0025261831 0.00088595005 2.1530122e-05 3.5242236e-05 0.0006821638 0.00239644 0.022614809 6.65524e-08 4.7878535e-07 2.6680043e-06 7.5429874e-08 2.6290877e-07 8.027324e-08 1.8798758e-09 4.8510202e-08 4.075536e-08 1.5409801e-06 6.862989e-05 0.00011141452 0.0024404586 1.3965324e-05 0.0001859135 3.0235953e-05 0.0015745851 0.0013919 1.6446089e-05 0.001110234 4.1033665e-08 0.0010435946 1.3716664e-08 9.846489e-06 3.203364e-08
0.0051072077 0.06887017 0.70455736 0.16597787 0.04642591 0.0039343517 0.001682906 1.4605001e-14 0.037758794 0.99261624 0.54375 0.006562173 0.00045564517 4.3763444e-05 8.209497e-05 0.004814299 0.014388124 0.002898578 4.0996725e-05 5.6307986e-06 0.0008593733 0.017708264 0.96936315 0.011883943 0.0010420159 0.0004354372 8.836505e-05 0.00012844503 0.00061666407 0.0016850675 0.0009940405 0.006088226 3.0476642e-05 0.0007185926 2.5769854e-05 0.0008912362 1.5367748e-05 4.457137e-06 1.3080368e-05 0.00010338432 2.8393283e-06 0.00036120322 0.003490228 0.00012197425 2.8232178e-05 3.2304306e-05 2.7245165e-05 1.3182323e-06 3.328954e-05 4.9908164e-07 1.3858165e-05 3.1592544e-06 3.51155e-06 1.4230901e-06 2.355123e-06 8.333384e-06 5.199851e-06 0.000147541 7.464962e-06 1.2075934e-07 1.1530944e-06 1.2344789e-05 2.8318752e-06 1.3357702e-07 3.2844155e-06 2.6771338e-06 3.4622722e-06 2.2592283e-06 1.3880339e-06 7.2339054e-07 2.1628946e-07 2.5971426e-07 3.357444e-07 2.8277339e-07 5.894268e-07 8.3748716e-07 7.4594993e-07 4.285631e-06 2.342189e-05 5.0151953e-06 2.6957117e-05 2.219533e-07 1.05523155e-08 1.8840488e-07 1.6638214e-06 1.1431422e-05 3.921725e-07 1.009755e-05 0.00047906928 1.7620697e-06 1.3133778e-05 5.555933e-06 2.4167398e-06 2.7488773e-05 1.02499e-06 1.8952778e-05 1.7181891e-08 3.5258622e-06 8.805165e-08 7.712193e-06 5.7470217e-08
0.42688635 0.5320182 0.46720967 0.91841257 0.22552578 0.85010016 0.5133749 0.037758794 9.59385e-14 0.90927297 0.003164174 0.11481679 0.32452714 0.09255586 0.10913812 0.22589715 0.04017151 0.98627687 0.30020145 0.0829706 0.10744289 0.00024601672 0.0017716549 0.59485203 0.00019932295 0.6738152 0.049251057 0.15339974 0.12935613 0.007236942 6.5568645e-05 2.786508e-05 0.012203481 0.108378775 0.0043617655 1.042558e-06 0.0011989847 0.00077746937 0.006626425 0.001432541 0.0011094 0.043219045 1.6896247e-06 0.0100373095 0.004605473 5.5572737e-06 0.00023499674 5.850329e-05 0.00057581917 2.878366e-05 1.2311434e-05 4.0543855e-06 0.00013533288 1.3137563e-05 1.3347656e-05 1.4964172e-05 9.959411e-06 4.8948084e-07 0.0001987685 1.860861e-06 7.533595e-05 5.081136e-06 9.3748295e-06 7.668368e-07 1.3634669e-06 1.7620267e-05 9.450902e-07 1.1487622e-06 3.8483816e-07 7.953306e-05 1.9575405e-06 1.8334022e-06 2.7641308e-06 3.2215316e-06 2.723645e-06 2.922885e-05 3.5186883e-07 2.3047787e-06 0.00024379091 3.7240065e-06 1.7812027e-07 3.3170107e-08 1.228768e-09 8.8663576e-08 5.8604164e-06 9.667171e-06 8.906312e-07 1.04993505e-05 0.0022193321 1.5688889e-06 5.1019593e-05 1.7507198e-06 0.0003172155 6.500642e-05 7.2594867e-06 0.0005436218 2.5112769e-08 6.58725e-05 1.6943741e-07 4.7247326e-05 1.1288354e-07
0.0025186862 0.4103936 0.55928946 0.8647904 0.055303697 0.23157439 0.007008973 0.99261624 0.90927297 4.012993e-16 0.05274401 0.009501285 0.005017064 0.00029949297 0.0012031461 0.0064896964 0.004011556 0.5685376 0.0018427032 0.00023209974 0.0014351417 0.003429237 0.5739406 0.8766415 0.00037298995 0.053990036 0.0004609665 0.0019452388 0.0009390676 0.00073430216 0.000117865864 0.0007162158 0.00011743066 0.06745414 8.104372e-05 0.00021618337 6.451348e-06 2.8926186e-06 6.778034e-05 0.00018977966 7.419099e-06 0.0007828311 0.0011267158 0.0018089906 0.00021474336 4.9738348e-05 0.00010697629 9.4660385e-07 0.00067074894 1.8504788e-07 2.1430822e-06 2.3448486e-07 1.4025868e-05 1.6413412e-06 1.584808e-06 1.3482088e-05 2.2488293e-05 1.7133076e-05 1.3130073e-05 1.2640899e-07 7.046964e-07 1.5559119e-05 1.582668e-06 8.254524e-08 1.663726e-06 1.1726082e-05 2.427087e-06 8.1702495e-07 1.2557792e-06 2.9160954e-06 2.5098655e-07 1.5898043e-07 7.3468004e-07 1.5319343e-07 6.3090016e-07 1.1183191e-06 1.2134046e-07 2.0780676e-06 2.7706777e-05 1.3772202e-06 1.3893357e-06 4.4753946e-07 1.0329856e-08 1.1648706e-07 1.7965201e-06 0.00047093633 2.0099378e-06 8.522116e-06 0.0011776485 2.9685723e-06 2.1273203e-05 3.333948e-07 2.769238e-07 1.5654291e-06 7.3719298e-06 2.4629067e-06 5.146105e-09 8.435556e-06 3.561159e-08 6.1831493e-06 5.2628007e-08
0.33318427 0.025509357 0.9662787 0.026650114 0.36384252 0.0041194647 0.005065649 0.54375 0.003164174 0.05274401 7.1881783e-17 0.24124059 0.005180898 4.0554085e-05 0.0001814157 0.17739917 0.827457 0.00019452041 5.358569e-05 0.00012798051 0.028880812 0.9712858 0.927332 0.0011827394 0.49775302 0.00050873985 0.0015797811 0.00039324723 0.12097072 0.3404143 0.662055 0.6355639 0.004800544 5.46172e-05 6.0018447e-05 0.10613624 0.00014771009 2.0778605e-05 0.002892925 0.2652589 2.2235934e-06 0.123879425 0.026504563 4.430185e-06 1.698764e-05 0.020941153 8.895582e-05 5.1584066e-06 1.8115888e-07 0.004801293 0.00032379854 0.0005760757 5.0362047e-07 1.4215179e-06 5.9936474e-07 0.00088936655 5.939852e-05 0.0008711696 0.000683691 2.4375477e-05 0.00043939066 3.235262e-05 2.7527558e-06 0.00023771489 3.176004e-05 2.7668408e-05 5.950279e-05 2.1278152e-07 1.0404215e-06 0.0010075129 2.6337304e-05 4.6129696e-07 5.9177924e-06 0.0004410126 1.142826e-05 0.00025590332 5.464059e-07 2.0173252e-06 0.0007451124 1.10050605e-05 0.000120658566 8.7466795e-08 1.5973749e-10 1.6045432e-08 1.5241206e-07 4.3204193e-07 2.5015403e-05 5.689129e-05 0.0024471467 8.949671e-06 0.00018888677 0.00012378948 0.001504956 0.00017582306 8.67266e-05 0.00065440306 6.400877e-09 4.4000557e-05 2.3635123e-07 0.00016159409 3.5184687e-08
0.96615934 0.2585025 0.57901835 0.10590414 0.9535744 0.11022723 0.2313791 0.006562173 0.11481679 0.009501285 0.24124059 1.789217e-14 0.08246549 0.0078953095 0.004783895 0.94572157 0.61267287 0.011928294 0.015039068 0.002621182 0.45631894 0.041874487 0.010011803 0.0018892372 0.049355473 0.0038580536 0.013528212 0.004010852 0.8270382 0.5416775 0.015157764 0.019188078 0.06563398 0.00020711549 0.0006515637 0.0054551223 0.000986891 0.00015935377 0.07285288 0.027076816 1.0407207e-05 0.60107213 0.000299583 0.00021437096 0.001121064 0.0020847362 0.00032938828 2.0719302e-05 2.1722279e-05 0.034175925 0.0018547539 0.0012643606 8.718175e-06 5.3156336e-06 9.664055e-06 0.00056514493 0.00048703462 0.00027859648 0.09859918 0.00016222747 0.008205693 0.00018198356 7.34466e-06 0.013584534 0.0005368828 5.42898e-06 0.0003377363 1.2421809e-07 0.00012863577 0.052983098 4.372027e-05 3.3970516e-06 1.4578059e-05 0.0150985615 0.0013996292 0.02194808 1.911875e-08 9.588214e-05 2.2534311e-06 2.1843429e-05 2.5540055e-06 5.255844e-06 1.6258393e-07 5.0649523e-06 2.8598267e-06 1.749755e-06 0.005659221 5.490365e-05 0.007114763 1.328401e-05 0.0011317972 1.7015705e-05 0.0057310793 0.0025959949 0.0017963472 0.0025199656 2.3713364e-06 0.0028431625 1.4917434e-07 0.00028751435 2.1814846e-07
0.9612803 0.19196309 0.027397782 0.09794107 0.07227663 0.78171194 0.9111175 0.00045564517 0.32452714 0.005017064 0.005180898 0.08246549 3.575239e-16 0.879079 0.45128968 0.51016134 0.003432601 0.07363394 0.3668175 0.90216565 0.79675734 0.0003487218 0.00040583566 0.010979065 0.00011144757 0.07644324 0.9035116 0.18234062 0.58019346 0.001735079 2.5846055e-05 0.0001214446 0.6591629 0.0011949915 0.06130374 3.1476837e-05 0.29217422 0.059390355 0.45845807 3.394621e-05 0.020562777 0.1236755 1.4436002e-05 0.0021253636 0.115000345 7.430074e-06 0.058153823 0.0075566103 0.00038975757 0.00037712688 1.6718233e-06 1.6540267e-06 0.00093113934 0.0017196231 0.0005298896 6.9178086e-06 3.8915273e-06 2.2632985e-05 0.069515556 0.0017829833 0.048167277 4.053274e-07 0.00015828673 0.0004264941 2.2545726e-06 2.4127086e-05 2.8909337e-06 2.0280939e-05 8.0622124e-07 0.0047204434 0.0072747315 6.804516e-05 0.00037516915 0.00076240266 0.015796477 0.07134894 5.6088595e-07 1.9367477e-07 2.0414202e-06 1.4453798e-07 1.2024719e-06 1.413807e-07 1.0198047e-08 1.1588987e-08 1.5740046e-07 7.4975173e-06 0.0003028159 0.00027127966 0.0023223239 0.00018068103 0.00012543322 0.0002525298 0.0052428185 0.0049617253 4.197462e-05 0.0045117866 1.2418742e-07 0.0015851228 9.619935e-08 2.3066762e-06 2.072371e-07
0.78008807 0.005555926 0.0010737758 0.0052121514 0.00835532 0.68893975 0.49449226 4.3763444e-05 0.09255586 0.00029949297 4.0554085e-05 0.0078953095 0.879079 7.273358e-16 0.9920733 0.14699455 0.0004630424 0.027995067 0.4531935 0.94472015 0.3854126 3.2233936e-06 3.7651254e-05 0.0074965814 9.745668e-06 0.14590652 0.5516769 0.2183032 0.2571163 0.00018978183 2.2285538e-07 1.8931544e-06 0.2813111 0.0025376077 0.23743011 2.398567e-07 0.114936486 0.07738049 0.19551371 4.7574654e-06 0.045924023 0.04947746 1.2172551e-05 0.0040945522 0.16160464 2.5726476e-06 0.031159123 0.0053281924 0.0007508945 2.365932e-05 2.0597133e-07 4.3845713e-08 0.0028400216 0.0026980115 0.0008876414 8.011237e-07 2.2012075e-06 2.5878821e-06 0.011858838 0.0010779044 0.022835456 7.202523e-07 0.00011261694 1.0974489e-05 5.276931e-07 0.00036096288 1.482105e-07 9.580723e-06 9.916278e-08 0.00041800272 0.002540201 0.00033107284 0.000107134125 7.1380227e-06 0.0047178934 0.016860433 1.4252619e-06 1.02316804e-07 1.5400317e-05 2.5104495e-07 7.9503184e-07 1.04318694e-07 1.684118e-08 1.5574681e-08 2.9460395e-07 5.819463e-05 5.202021e-07 0.00014247089 0.0009015316 0.00011841591 4.5066132e-05 0.00012108265 0.0008924346 0.00083766103 1.5549009e-06 0.00035480602 4.2115718e-07 0.00084189523 3.1342772e-08 5.694489e-06 1.0538905e-07
0.3516041 0.0062906924 0.0013193353 0.008268742 0.004400164 0.50624865 0.15872595 8.209497e-05 0.10913812 0.0012031461 0.0001814157 0.004783895 0.45128968 0.9920733 3.590782e-15 0.053537678 0.0011515946 0.07232706 0.9831405 0.5838071 0.088658094 2.1881751e-05 5.796736e-05 0.013084205 8.20916e-05 0.30418295 0.18743405 0.7254155 0.08132916 0.00047917597 1.2233887e-06 8.519849e-06 0.05181611 0.0090960115 0.38522413 1.6227947e-06 0.023887726 0.02638857 0.04564509 2.1368485e-05 0.021695357 0.021661637 2.7125736e-06 0.015984274 0.16229628 1.531073e-06 0.034560353 0.002184688 0.00309665 5.037682e-06 1.1185185e-06 4.4604602e-07 0.0020117674 0.0055091633 0.0010416333 6.30744e-06 1.5312988e-05 2.726241e-06 0.002367879 0.00065526855 0.0021860043 4.2243718e-07 0.00016385388 1.5001342e-06 9.965633e-08 0.0003746509 9.950967e-07 1.4456323e-05 5.879761e-07 0.00012078497 0.0009885909 0.0002395599 0.00012105793 1.4524396e-05 0.0005585728 0.002209689 6.0672755e-06 2.581093e-07 5.1673796e-05 1.1945203e-06 6.526706e-07 2.603754e-07 4.810091e-09 1.3750719e-08 2.732844e-07 0.0005781857 5.9457207e-06 8.194229e-05 0.001149473 0.00012772641 1.8220193e-05 0.00013306306 0.00041173064 0.0001612019 1.4987507e-05 0.00016829862 2.2924053e-07 0.000103220584 1.8866587e-08 4.6054506e-06 1.5352336e-07
0.9549116 0.36324045 0.49765572 0.21732806 0.7909765 0.35075188 0.6213622 0.004814299 0.22589715 0.0064896964 0.17739917 0.94572157 0.51016134 0.14699455 0.053537678 2.4883416e-13 0.102402285 0.036136743 0.10589309 0.059337012 0.89470315 0.012287442 0.003911771 0.0030123775 0.0151023865 0.024294972 0.2441135 0.019290142 0.8308709 0.0818726 0.006481665 0.005122632 0.37413394 0.00019382009 0.0070161982 0.00059410307 0.008488969 0.00091347523 0.19199902 0.0029611266 0.00020458094 0.3686843 6.232206e-05 0.00029035137 0.0068244035 0.00073735113 0.004171491 0.0002805409 1.9852154e-05 0.0067289886 0.000151801 0.00016753716 0.00022225887 6.894431e-05 0.00024365449 0.00048421763 0.0002932891 6.424454e-05 0.103098474 0.00029668602 0.011748656 2.4996873e-05 8.380961e-05 0.0056274063 9.50248e-05 5.440294e-06 4.952422e-05 6.182825e-06 7.860723e-05 0.023635348 7.0381866e-05 2.5903995e-05 3.3947763e-05 0.004822397 0.0031471555 0.020218229 3.2659295e-07 2.020376e-05 6.24791e-07 6.08228e-06 1.7993303e-06 2.775704e-06 1.7857151e-07 6.884962e-07 2.4733974e-06 5.497739e-06 0.0034122441 1.5224688e-05 0.010431608 2.3619417e-05 0.00044839198 5.64963e-06 0.008489917 0.0054849484 0.00032615708 0.003919243 6.890112e-07 0.0024500971 1.02468164e-07 4.2367625e-05 1.4537547e-07
0.9728403 0.039122112 0.6591661 0.05600167 0.35300136 0.011872677 0.016884457 0.014388124 0.04017151 0.004011556 0.827457 0.61267287 0.003432601 0.0004630424 0.0011515946 0.102402285 5.417486e-16 0.0011955217 0.00282071 9.561048e-05 0.023857122 0.61897653 0.08625411 0.00033705655 0.97122556 0.0006497425 0.00039758225 0.00054132455 0.3016517 0.8978679 0.61478233 0.32406837 0.003534481 3.6129626e-05 5.4755095e-05 0.18815927 0.00053342734 9.2479655e-05 0.010455975 0.6200308 3.125308e-06 0.56652564 0.003904235 1.6199967e-05 2.708974e-05 0.102294184 0.0004728188 6.7062165e-06 2.6947955e-06 0.19332956 0.008198681 0.014012004 3.848262e-06 3.669678e-06 2.5068339e-06 0.03192904 0.007597857 0.0045638382 0.05104166 3.9593706e-06 0.0013754931 0.0011548983 1.0558231e-05 0.0504275 0.0011902265 2.1018154e-06 0.0014211198 8.5802816e-07 0.001709627 0.08317989 9.1700225e-05 9.539381e-07 4.5648244e-06 0.04943494 0.00024849095 0.005061042 3.064108e-08 0.00021387414 4.1450503e-06 0.00029993543 3.783479e-05 5.538637e-05 7.877438e-06 2.7690716e-05 1.8964152e-05 1.7278588e-05 0.013007242 8.951011e-06 0.012794835 1.9434805e-05 0.003073825 8.186789e-06 0.006182389 0.002253253 0.010380342 0.0029582204 3.9763386e-06 0.000773395 1.2302096e-06 0.0013575273 2.1891896e-05
0.06066115 0.110414386 0.029731868 0.5268911 0.015079071 0.49563023 0.1147143 0.002898578 0.98627687 0.5685376 0.00019452041 0.011928294 0.07363394 0.027995067 0.07232706 0.036136743 0.0011955217 8.5991334e-14 0.3932499 0.03481274 0.014238995 1.1759142e-05 0.00073398533 0.9800171 6.7945504e-05 0.8560726 0.013321417 0.1418209 0.015546266 0.00042260785 3.1040818e-06 8.123575e-06 0.0013630713 0.6049427 0.0032588392 1.5670677e-06 0.00029074567 0.00044106267 0.0022284102 5.741098e-05 0.0006556787 0.006879181 2.7908866e-06 0.02904083 0.011987977 2.2313875e-06 0.00033904426 1.14342465e-05 0.0018585615 1.2726346e-05 5.1566262e-06 5.3522206e-07 3.9793602e-05 1.716279e-05 1.3591212e-05 1.6807998e-06 2.666366e-06 6.4537755e-07 0.00019849703 2.3611071e-06 4.3312193e-05 2.2976688e-07 2.3790403e-06 4.840468e-07 1.717415e-07 1.5475049e-05 6.127798e-08 6.962457e-08 8.338249e-08 1.4859136e-05 4.599986e-06 1.2741543e-06 2.2266536e-06 3.223317e-06 4.302946e-06 4.757899e-05 1.13684095e-07 1.6821187e-07 0.00011718107 1.2158593e-07 2.0558073e-06 4.0014296e-08 1.8683167e-08 3.3045644e-08 2.912167e-07 0.00044911442 9.108828e-07 6.9036614e-05 0.0022502101 3.0428155e-06 5.91665e-05 6.8971826e-06 6.445528e-05 7.154854e-05 9.70884e-06 0.0003953762 5.4442747e-08 3.5099813e-05 2.2988942e-07 1.0562582e-05 2.6405143e-08
0.38640454 0.009267386 0.0093049705 0.0277193 0.014339502 0.53542376 0.22448346 4.0996725e-05 0.30020145 0.0018427032 5.358569e-05 0.015039068 0.3668175 0.4531935 0.9831405 0.10589309 0.00282071 0.3932499 4.3655926e-13 0.47167885 0.104613714 3.047334e-06 0.0001463797 0.10284659 9.712197e-05 0.9121046 0.2563504 0.979715 0.14978506 0.00074041006 3.095789e-06 8.88199e-06 0.054152805 0.11977435 0.56982815 3.8102303e-07 0.023969166 0.022824172 0.056740787 0.00015277027 0.020059466 0.019350143 6.2585523e-06 0.09375152 0.510646 5.8995065e-06 0.02714552 0.0010846804 0.013138597 2.3593235e-05 3.0132912e-06 1.2727145e-07 0.0010748834 0.0047966954 0.0007522474 3.5823257e-06 1.779125e-05 8.2869855e-07 0.0011333169 0.0001018381 0.0011842432 7.962899e-07 8.220458e-05 1.9188383e-06 2.6607103e-07 0.00061364303 3.690972e-06 5.421617e-06 8.5586817e-07 0.00011915223 0.00014579471 0.000102324666 1.8834668e-05 2.5689444e-05 0.00016981021 0.0009356064 1.7037326e-06 1.9147653e-06 1.8351193e-05 4.055851e-06 1.3918275e-06 5.274749e-08 4.85174e-09 2.141371e-07 7.021767e-07 0.0003698091 3.8487324e-06 3.086764e-05 0.0014078607 2.2640153e-05 3.514728e-05 2.4689021e-05 0.00056924886 0.00026135825 1.011541e-05 0.00048828078 9.814856e-08 0.00014581723 4.3442064e-08 5.8315512e-05 3.3171358e-07
0.96561515 0.01148086 0.004106544 0.020756809 0.0032185756 0.34376353 0.41337714 5.6307986e-06 0.0829706 0.00023209974 0.00012798051 0.002621182 0.90216565 0.94472015 0.5838071 0.059337012 9.561048e-05 0.03481274 0.47167885 2.2387875e-16 0.36250892 2.113241e-05 2.2416158e-05 0.003712585 3.4884167e-07 0.15053514 0.8807741 0.2579863 0.29463765 4.5368593e-05 1.1489342e-06 6.378298e-06 0.4400343 0.00069287524 0.51916766 1.7622915e-06 0.62357455 0.44553658 0.43858305 1.521489e-07 0.3850232 0.04634344 1.0697414e-06 0.0017490092 0.30182713 9.723011e-07 0.4719703 0.09093002 0.00028692186 1.531824e-06 8.205167e-09 3.5418581e-09 0.025172023 0.026595617 0.011378731 1.13083416e-07 7.7519374e-08 4.170218e-07 0.03576484 0.009831346 0.06288104 1.5840872e-08 0.001081776 2.948059e-06 1.07136255e-08 0.0011085385 2.3903153e-08 0.00011501292 2.3696836e-08 0.00015714856 0.04321894 0.00056286965 0.0012344565 1.9023602e-05 0.032539204 0.06182986 1.2658065e-05 3.0715668e-09 3.790225e-05 3.7856727e-09 3.9092012e-07 4.8877155e-08 4.053185e-09 1.0362042e-08 1.08722995e-08 3.8202365e-05 1.1591055e-06 0.0003587259 0.0041132327 0.000705093 2.5148627e-06 0.0006075634 0.0019059178 0.0066039916 1.768444e-07 0.00864553 6.0194245e-09 0.0015897476 2.7712971e-08 5.2889845e-08 4.7203947e-09
0.9298563 0.19487631 0.12955153 0.08486997 0.3584096 0.33035347 0.6350612 0.0008593733 0.10744289 0.0014351417 0.028880812 0.45631894 0.79675734 0.3854126 0.088658094 0.89470315 0.023857122 0.014238995 0.104613714 0.36250892 4.2766063e-14 0.0010815728 0.0005268267 0.0011212335 0.0035138668 0.010904799 0.7695094 0.02916208 0.8077025 0.015411015 0.00043482322 0.000511252 0.9403109 0.00016219483 0.012334593 6.9727736e-05 0.09111796 0.0072644707 0.5238086 0.00033392129 0.0012046575 0.25180987 1.4418844e-05 0.0003504837 0.012158067 0.00016288433 0.0100734485 0.005259179 1.1625534e-05 0.0017241627 3.455515e-05 4.249829e-05 0.00040576485 0.00032337793 0.0004370812 0.00013160391 3.0791194e-05 2.6018008e-05 0.2512755 0.0013826811 0.07812856 1.2922011e-05 0.00014345991 0.0036479943 2.9684436e-05 9.089681e-06 2.0610025e-05 3.550496e-05 3.6858386e-05 0.01904452 0.00046525896 5.4286982e-05 0.00013737142 0.0035666467 0.012583413 0.067366585 2.477392e-06 1.7033427e-06 9.676971e-07 1.1771162e-06 1.7230168e-06 1.30491e-06 4.6400046e-08 8.451918e-08 7.671667e-07 1.4253184e-05 0.0025460545 0.00016065844 0.016634462 0.00020339328 0.0004039469 5.703835e-05 0.026172016 0.01751986 0.00012819747 0.012757314 3.04208e-07 0.005359052 8.3398874e-08 8.6145255e-06 2.5254698e-07
0.021490907 0.00052307325 0.4639425 0.00031085018 0.050045505 0.0003651692 0.00043461466 0.017708264 0.00024601672 0.003429237 0.9712858 0.041874487 0.0003487218 3.2233936e-06 2.1881751e-05 0.012287442 0.61897653 1.1759142e-05 3.047334e-06 2.113241e-05 0.0010815728 1.2007847e-16 0.90111804 8.745367e-05 0.63516396 4.1251453e-05 4.3400145e-05 3.867191e-06 0.0036650111 0.12988143 0.9302033 0.9756336 0.00018542339 1.1740707e-05 1.8825564e-05 0.14669043 8.553171e-06 1.8450048e-06 0.0001563497 0.08805629 2.1405003e-06 0.010925587 0.16836475 2.5466397e-07 1.1087373e-06 0.12465002 0.00012785767 1.1130268e-06 3.0004287e-07 0.0010197461 0.0006561563 0.001127758 9.1735956e-08 8.0381715e-06 5.245771e-07 0.010534572 0.001518152 0.0011803664 9.9207406e-05 2.6170005e-07 7.4311196e-05 0.00034263555 2.8529848e-07 0.00020625745 6.5096676e-05 8.201429e-05 0.0010369917 1.9303905e-06 3.8414404e-05 0.00014834451 1.3555218e-06 2.6268896e-07 2.1694218e-06 0.00010602502 2.252125e-06 4.774378e-06 2.414868e-07 1.0794807e-05 0.00011946353 5.9500682e-05 0.00056588894 2.7011558e-06 8.551363e-09 4.6891422e-08 2.3300859e-06 6.7180554e-07 3.478564e-05 4.5830768e-07 0.0004657706 3.7940567e-06 0.00030720347 6.723904e-06 0.00026798696 5.3498632e-05 1.0470243e-05 0.00016612941 4.414083e-08 1.442454e-05 9.177008e-08 7.149464e-05 1.0802232e-07
0.00501302 0.0011564271 0.47233537 0.002299559 0.027482105 0.00047710212 0.00043030546 0.96936315 0.0017716549 0.5739406 0.927332 0.010011803 0.00040583566 3.7651254e-05 5.796736e-05 0.003911771 0.08625411 0.00073398533 0.0001463797 2.2416158e-05 0.0005268267 0.90111804 1.2001156e-13 0.0072051515 0.055893052 0.0010137435 0.00026795478 0.00015756486 0.0034172542 0.011493619 0.49152792 0.94336826 0.00022090496 0.0015555396 0.000559971 0.09051725 2.2466666e-05 4.1898447e-06 0.00029289586 0.0036194567 7.624663e-06 0.0016054412 0.8338248 0.00021810096 0.0011268957 0.10275392 0.00037459497 3.0690535e-06 0.0007397678 1.0792172e-05 1.9696574e-05 4.9274015e-05 6.768838e-06 1.6267009e-06 3.5831558e-06 0.0007698456 0.00011532814 0.0028525093 0.00023972239 3.8194892e-07 1.2709922e-05 0.00024807942 8.163579e-06 6.928474e-07 1.6991398e-05 5.63697e-05 0.00029028964 2.0057241e-05 2.5868767e-05 7.5696867e-06 6.1108453e-06 5.32154e-07 1.1479884e-05 8.53859e-06 1.9141773e-06 1.5776159e-05 3.4400344e-07 2.0948946e-05 0.00031047597 5.2727883e-06 0.003579884 4.1974457e-05 2.290423e-07 7.8344044e-08 3.7076345e-06 0.0006174193 7.455497e-05 3.2899283e-05 0.006252429 2.00904e-05 9.8758355e-05 1.0158315e-05 5.5999944e-06 2.3479835e-05 6.859206e-05 3.969759e-05 1.0860103e-06 3.237399e-06 4.5278253e-07 1.5112276e-05 6.7966845e-08
0.0022469978 0.054584555 0.01644283 0.26945016 0.0062311427 0.10652591 0.022842105 0.011883943 0.59485203 0.8766415 0.0011827394 0.0018892372 0.010979065 0.0074965814 0.013084205 0.0030123775 0.00033705655 0.9800171 0.10284659 0.003712585 0.0011212335 8.745367e-05 0.0072051515 1.3555999e-13 4.5630986e-05 0.37346518 0.0010288075 0.024113873 0.0011759859 0.00054642704 3.3991826e-05 1.8518136e-05 9.985751e-05 0.9929296 0.002010168 3.0648325e-06 1.0272834e-05 2.7237122e-06 7.4879106e-05 0.00028496204 2.0926422e-05 0.00027543714 6.249346e-05 0.0021804138 0.0014852193 0.000104062296 0.00029411988 1.6982497e-06 0.00022204276 2.033895e-05 3.819732e-06 2.8234291e-08 1.1502262e-05 3.8879793e-05 1.8254134e-06 2.0939198e-05 7.064537e-06 1.7466771e-06 8.624349e-06 4.603073e-07 4.3630153e-06 4.3225955e-05 5.344386e-07 3.6996346e-06 1.8712325e-06 0.00016034939 3.751509e-05 1.809818e-06 6.1186474e-06 0.00045634815 1.1047096e-06 2.7868373e-07 7.111828e-06 4.577213e-06 5.9011194e-07 1.373008e-06 1.3691906e-07 4.3773234e-06 3.531312e-05 4.3971363e-07 2.9859078e-07 4.4991324e-07 2.4964518e-07 2.5673864e-07 3.8696257e-06 0.00040631316 2.5774636e-06 4.679986e-07 0.0013144419 1.6224295e-06 4.156187e-05 5.1067593e-07 5.591934e-07 3.5529723e-05 4.2310667e-06 1.1921425e-05 3.3404195e-08 5.703816e-06 1.8059472e-08 3.43364e-05 2.1750657e-07
0.900467 0.001095748 0.062994264 0.0009776448 0.02086353 0.00021892514 0.00034246893 0.0010420159 0.00019932295 0.00037298995 0.49775302 0.049355473 0.00011144757 9.745668e-06 8.20916e-05 0.0151023865 0.97122556 6.7945504e-05 9.712197e-05 3.4884167e-07 0.0035138668 0.63516396 0.055893052 4.5630986e-05 4.917183e-14 6.562614e-05 9.992477e-05 0.00021705477 0.022648161 0.7764216 0.94255716 0.5996985 0.0003659377 3.3026063e-05 5.474778e-05 0.4686655 1.8576082e-05 1.5540159e-06 0.00024420395 0.9096016 6.7721146e-07 0.15895158 0.025023581 2.02788e-06 3.732529e-06 0.59123504 0.0001319645 4.154538e-07 4.6423708e-07 0.119592614 0.031903476 0.050118227 8.2858634e-07 6.6077797e-07 5.4459287e-07 0.29031405 0.2764545 0.051113237 0.0021200506 4.106726e-06 0.00012400368 0.023773812 1.2979374e-06 0.015486272 0.0052143293 1.2253509e-05 0.004249009 3.4068896e-07 0.02577712 0.03427456 7.839491e-07 6.758772e-07 2.0744321e-06 0.017948626 9.857801e-06 0.00068922585 1.2634389e-07 0.004923982 3.4643148e-05 0.0012325444 0.0007703281 0.003999523 0.00018687088 0.00024277379 9.994269e-05 3.2682524e-06 0.0049390364 8.468835e-05 0.002368585 1.1941694e-06 0.0056590806 4.2310708e-06 0.001012273 0.00026322654 0.013978617 0.0002832875 0.00028792486 6.52181e-05 2.1995056e-06 0.0065687597 7.0382805e-05
0.16462478 0.012549293 0.0042723687 0.08047768 0.003967891 0.22581354 0.058289688 0.0004354372 0.6738152 0.053990036 0.00050873985 0.0038580536 0.07644324 0.14590652 0.30418295 0.024294972 0.0006497425 0.8560726 0.9121046 0.15053514 0.010904799 4.1251453e-05 0.0010137435 0.37346518 6.562614e-05 1.1604109e-13 0.026177714 0.9855304 0.02314324 0.00052020163 2.793732e-05 1.9416613e-05 0.0043735723 0.89736617 0.5710026 6.594391e-07 0.0013335596 0.002929506 0.0062819966 0.00019846183 0.006689954 0.003152154 7.4090705e-05 0.76180595 0.84738755 2.1745804e-05 0.034443345 0.00010918935 0.21094841 2.6210992e-05 3.812935e-07 3.841171e-08 0.0013718479 0.008956503 0.00041202226 2.6301086e-05 3.2784308e-05 3.7329184e-07 4.2468593e-05 1.0418191e-05 2.521795e-05 1.9741631e-07 1.5409425e-05 8.1135204e-07 4.5208026e-08 0.00670319 8.0648425e-07 2.010529e-07 5.0998045e-07 5.3346856e-05 5.6696954e-05 1.8786252e-05 3.496159e-06 2.401788e-05 5.3138397e-06 0.00015093054 3.3400454e-07 3.9615213e-07 0.00014346048 1.4398397e-07 4.6071686e-06 1.4071064e-06 1.6363959e-08 8.710881e-09 7.123323e-07 0.024126565 8.030004e-06 3.9008464e-06 0.0012408444 2.357044e-06 2.980353e-06 5.7161715e-06 0.00011157805 2.1846765e-05 1.6387818e-05 0.00019973838 3.7502442e-08 3.928345e-06 3.6435569e-07 5.657154e-05 2.5153096e-07
0.9484375 0.031728808 0.0085401675 0.016333085 0.021076895 0.22912039 0.53132504 8.836505e-05 0.049251057 0.0004609665 0.0015797811 0.013528212 0.9035116 0.5516769 0.18743405 0.2441135 0.00039758225 0.013321417 0.2563504 0.8807741 0.7695094 4.3400145e-05 0.00026795478 0.0010288075 9.992477e-05 0.026177714 6.6427915e-14 0.08593722 0.37222725 0.00023696637 3.787154e-05 4.866165e-05 0.9474051 0.0001732587 0.11801199 1.1621002e-05 0.72080696 0.21741113 0.7341418 2.6882528e-06 0.16241291 0.0684159 6.25307e-06 0.00077699433 0.09125545 4.7168043e-05 0.14380401 0.16496564 0.00014926508 6.1062696e-05 3.0386846e-07 5.2179547e-07 0.011210956 0.0055200364 0.004207584 6.8667696e-06 1.2736672e-06 1.385177e-05 0.15766515 0.0102352295 0.22325177 2.6251365e-07 0.00057797175 0.00020553527 5.124718e-07 9.1631e-05 7.417603e-07 0.00011586746 9.688819e-07 0.0035341978 0.016893115 0.00022961393 0.00070613273 0.00071800966 0.043449827 0.18013713 2.1462021e-05 3.8867906e-08 7.474044e-06 2.2016124e-08 3.3971098e-06 1.5103514e-07 1.276767e-08 9.828658e-09 1.8175035e-07 2.1699027e-05 0.00032143196 0.0007960364 0.008887349 0.0017736219 5.1222458e-05 0.0011225226 0.032097623 0.043592334 8.757782e-06 0.039282203 8.130766e-08 0.008850709 4.847247e-08 1.7607097e-07 8.593486e-08
0.07486995 0.0032227945 0.0018201896 0.007404049 0.0037051942 0.21443473 0.053584453 0.00012844503 0.15339974 0.0019452388 0.00039324723 0.004010852 0.18234062 0.2183032 0.7254155 0.019290142 0.00054132455 0.1418209 0.979715 0.2579863 0.02916208 3.867191e-06 0.00015756486 0.024113873 0.00021705477 0.9855304 0.08593722 3.6560083e-14 0.034504276 0.0002482477 1.1117002e-05 5.3998315e-06 0.0123636825 0.1556396 0.90023607 2.6565522e-07 0.01613999 0.023159575 0.018770147 0.00012219559 0.047845107 0.0065836175 9.964389e-06 0.28413415 0.6782136 5.0499284e-06 0.3268733 0.0018520592 0.10226117 3.7303922e-05 5.297721e-07 3.4341048e-09 0.018313246 0.0473403 0.0042090067 2.3958191e-05 8.498065e-05 8.5023606e-07 0.0003327968 0.0006508104 0.0008223512 2.4754422e-07 0.0005071222 5.2762794e-06 5.236157e-08 0.029960485 4.276033e-06 7.4465286e-05 1.0023075e-06 0.00012555614 0.0007356399 0.00022451233 0.00012657518 5.7938836e-05 9.669573e-05 0.00059294474 1.6432341e-05 5.6743385e-08 0.00045509823 1.5506405e-06 1.3672561e-06 1.1397349e-07 6.58697e-08 9.091392e-09 2.1029223e-06 0.015161278 2.953665e-06 9.043132e-05 0.0015552021 0.00023887184 5.1701798e-05 0.00022154758 0.00051327865 0.00013021403 2.4738187e-05 0.00042270924 2.1493285e-08 0.00024906296 3.706109e-07 1.7167225e-05 4.0516948e-08
0.98644143 0.2888808 0.4478799 0.1358513 0.67017573 0.34116805 0.6609151 0.00061666407 0.12935613 0.0009390676 0.12097072 0.8270382 0.58019346 0.2571163 0.08132916 0.8308709 0.3016517 0.015546266 0.14978506 0.29463765 0.8077025 0.0036650111 0.0034172542 0.0011759859 0.022648161 0.02314324 0.37222725 0.034504276 4.7917653e-14 0.2166734 0.0018880917 0.001938519 0.6240374 0.00015917061 0.01540333 0.00015657129 0.03571784 0.0065999306 0.45187736 0.017279875 0.00091491983 0.83636713 0.00034135947 0.00015173976 0.008693484 0.00042348797 0.004661806 0.0005215493 1.6018577e-05 0.07197408 0.00082868716 0.00042699612 0.00023758004 0.00012364164 0.0006000277 0.00013904386 0.00044304028 1.9098003e-05 0.69211763 0.00020600918 0.114626125 8.0496204e-05 5.5576e-05 0.0845828 6.825074e-05 8.546721e-06 8.087741e-05 3.7183427e-06 8.9753e-05 0.2644502 8.7403976e-05 2.4817156e-05 3.361805e-05 0.037035014 0.00893457 0.089513786 1.995311e-07 1.876167e-05 5.2536143e-06 1.4683122e-05 3.5015444e-06 2.8306442e-06 4.2798998e-08 3.0181916e-06 1.0235716e-06 2.0266323e-05 0.010429768 2.4908255e-05 0.1150091 2.3373468e-05 0.00041975346 1.944363e-05 0.10237865 0.08891183 0.0006186848 0.050707337 1.7568412e-06 0.013891272 1.1169472e-08 8.395897e-05 6.4327236e-07
0.9854444 0.0154186515 0.22285905 0.013792448 0.17045069 0.0058693048 0.008786209 0.0016850675 0.007236942 0.00073430216 0.3404143 0.5416775 0.001735079 0.00018978183 0.00047917597 0.0818726 0.8978679 0.00042260785 0.00074041006 4.5368593e-05 0.015411015 0.12988143 0.011493619 0.00054642704 0.7764216 0.00052020163 0.00023696637 0.0002482477 0.2166734 7.241938e-15 0.16918145 0.058544695 0.0019109818 2.5229449e-05 8.441089e-05 0.038169887 0.00027054976 3.5430545e-05 0.0021896127 0.88677144 2.9798243e-06 0.82945186 0.00047654283 4.841636e-05 2.8815106e-05 0.057143904 9.655934e-05 4.4846597e-06 3.3527792e-07 0.7212836 0.12769201 0.12845312 1.6840922e-06 5.3904414e-06 5.333188e-06 0.02909896 0.07020598 0.0009187806 0.16967763 2.613733e-05 0.0053694425 0.012182998 1.4029204e-06 0.3773264 0.0061752414 2.4268684e-05 0.0015977133 1.5248357e-07 0.003288089 0.39852995 6.128117e-05 8.48061e-07 1.2024485e-05 0.13108182 0.00034775955 0.0072874697 8.844535e-08 0.0032019608 3.169716e-05 0.00058363203 1.595214e-05 0.00021272502 2.3668032e-05 0.00014338388 3.6902242e-05 1.6885415e-05 0.046758946 6.5697095e-05 0.058651112 4.5710385e-05 0.010851532 4.3827513e-05 0.026226498 0.0046456996 0.0154066 0.0033155992 9.772891e-06 0.0018369692 3.1439308e-07 0.002399836 1.0643771e-05
0.2724855 4.1701267e-05 0.050501026 5.947811e-05 0.0073296726 1.8301065e-05 1.39608765e-05 0.0009940405 6.5568645e-05 0.000117865864 0.662055 0.015157764 2.5846055e-05 2.2285538e-07 1.2233887e-06 0.006481665 0.61478233 3.1040818e-06 3.095789e-06 1.1489342e-06 0.00043482322 0.9302033 0.49152792 3.3991826e-05 0.94255716 2.793732e-05 3.787154e-05 1.1117002e-05 0.0018880917 0.16918145 3.0963567e-15 0.95798737 2.9776444e-05 9.606752e-06 2.0142294e-05 0.9239524 5.571613e-06 1.59812e-06 1.8142688e-05 0.53408045 5.6111253e-06 0.021360753 0.17659879 2.3109709e-07 3.0674425e-07 0.76035863 8.1771796e-05 7.374823e-07 1.8533751e-07 0.015942857 0.008096548 0.012392656 1.7394832e-07 8.436469e-07 3.0008566e-06 0.18520848 0.053895168 0.026156945 0.000112462934 3.7785805e-06 1.0615052e-05 0.009979359 1.7136399e-06 0.001267956 0.0050328467 4.2699183e-05 0.0016133803 2.5543062e-07 0.0036318924 0.0042059068 2.0731625e-06 1.1812728e-06 1.6948776e-06 0.001564612 1.4431728e-06 9.165753e-06 8.1325385e-07 0.0037914836 0.00062551635 0.0004856923 0.0038347717 0.0014418797 6.913125e-08 1.1447753e-05 2.1202233e-05 3.618126e-06 0.00026601233 4.074505e-05 0.00062743603 1.3377763e-06 0.0017212284 1.4217779e-05 0.00030444123 6.244408e-05 0.0014546929 0.0001415011 1.6326776e-05 9.63187e-06 8.432495e-07 0.001807431 4.250917e-06
