5.6916616e-15 0.939492 0.9610141 0.9761131 0.89895415 0.9853502 0.30505994 0.97994614 0.9859233 0.95962316 0.88722956 0.8452454 0.95096385 0.7747317 0.47537807 0.97304785 0.9980179 0.990331 0.92844456 0.65622085 0.93769956 0.80544364 0.99065644 0.9970897 0.9915722 0.9939165 0.9997048 0.9751642 0.75423396 0.99899554 0.9997293 0.6432426 0.99346614 0.9872878 0.9977841 0.93788314 0.8665941 0.89369416 0.9849217 0.9442209 0.19258901 0.9837978 0.8860816 0.99663144 0.9180432 0.99046457 0.98495305 0.96801686 0.9563456 0.53821754 0.09798988 0.74670506 0.97632277 0.9961566 0.98998964 0.99913025 0.99393916 0.99858373 0.9548073 0.92358536 0.99977136 0.73652107 0.7780333 0.9749949 0.99999577 0.99987006 0.9999826 0.27006713 0.9990388 0.002957608 0.94895643 0.72622895 0.8712761 0.9535387 0.3713306 0.9159374 0.46725008 0.97654015 0.951197 0.31836352 0.99203247 0.9478218 0.76139975 0.9099459 0.18387504 0.00017199585 9.908632e-06 0.40800762 0.7156893 0.20901789 0.16726598 0.056672726 0.018953076 0.6550579 0.9060362 0.6785428 0.00039434628 0.47995764 0.00096773834 0.0048511503 0.038883355
0.939492 1.5710439e-15 0.2391338 0.11806433 0.8623091 0.82122064 0.098861665 0.046177074 0.32841808 0.3898238 0.042339392 0.9562548 0.006381581 0.7047633 0.37305865 0.096962795 0.5616664 0.0006699723 0.4920267 0.26499423 0.000100848236 0.000235984 0.016851608 0.033704598 0.048632443 0.410138 0.10348252 0.15061815 5.7088496e-06 0.0016434487 0.12975836 0.00010185286 0.00022887124 0.00013597975 0.00040106164 0.00028307087 2.7996185e-07 2.9745166e-07 4.26304e-06 1.5116029e-06 2.6770098e-05 0.00027961913 0.0109857945 0.00092466746 4.7595804e-06 5.422724e-06 1.0499766e-06 5.875344e-07 1.1385123e-06 1.3409389e-06 2.2193574e-07 3.8035571e-07 3.5864912e-05 0.08742206 2.1486453e-07 2.5270143e-05 5.737862e-07 6.610276e-05 2.2578904e-06 2.2363521e-07 8.9835645e-05 1.6196708e-07 0.19681236 6.837901e-09 0.0068765967 0.17571393 0.0059418497 1.1633848e-06 6.3415782e-06 1.3803557e-07 1.2708292e-08 9.555232e-09 2.0491724e-07 3.8237863e-07 1.3220947e-10 2.012955e-08 1.0308029e-08 1.2696995e-07 3.0669785e-08 2.1355716e-10 8.448357e-08 2.79781e-08 4.885075e-09 2.9221585e-08 0.0033240444 2.1040092e-08 1.0233568e-08 6.582876e-08 1.7691424e-09 4.5135586e-11 2.419336e-08 1.710988e-08 1.0126466e-08 6.377935e-11 9.1664944e-08 2.8228125e-10 2.6379382e-07 1.6854754e-10 1.0375425e-09 5.1236766e-09 1.168893e-08
0.9610141 0.2391338 3.274888e-14 0.94993937 0.45236415 0.52416766 0.8463898 0.84766525 0.59901935 0.62771386 0.8489222 0.008164884 0.74666965 0.00063595176 0.09742979 0.3176452 0.15611516 0.40379268 0.001918702 0.00041396558 0.21551356 0.33106735 0.0020648171 0.18251744 0.040022176 0.005489299 0.12824705 0.004435042 0.095843196 0.0017446805 0.013403068 0.09918647 0.0007176629 0.0015066528 0.0024885284 0.008264336 0.011508205 0.004308475 4.1111714e-05 0.0049416116 0.032876894 0.0015938677 0.00020779429 0.00031976964 0.0011571205 8.648729e-06 2.2677017e-05 0.0001412308 0.0006135304 0.01621998 0.0125848055 0.00028906553 0.0004761971 0.010208987 9.846262e-08 0.00030778733 2.406063e-07 0.00027106472 6.352962e-05 5.6445465e-06 0.00035195684 0.004846998 0.006088061 3.3164778e-07 0.0131208105 0.009905459 0.014603496 0.006107728 2.024327e-06 5.8821504e-05 7.113049e-08 0.00034583404 3.7851572e-05 9.4892485e-09 3.9221925e-07 1.6937587e-09 5.7656266e-06 3.460273e-09 3.4885414e-10 9.2505593e-07 5.359774e-09 4.1741066e-10 1.9755718e-07 9.792791e-08 0.00046174965 9.160269e-05 9.803891e-08 1.237209e-06 5.408165e-08 3.8960312e-08 1.35169e-07 1.4729987e-06 8.6874036e-07 1.769949e-09 2.355973e-09 1.1438558e-08 8.677972e-07 7.7703195e-09 0.00033960378 4.1316093e-07 1.5790549e-07
0.9761131 0.11806433 0.94993937 5.2597842e-14 0.20579594 0.47592717 0.7330872 0.8781557 0.623529 0.6741322 0.73044485 0.003665918 0.743175 0.00014214599 0.03127964 0.46484116 0.14803505 0.52789766 0.0007110337 0.00010496352 0.21851704 0.26220927 0.003421719 0.25653005 0.081999466 0.002909612 0.15296398 0.0014285177 0.088661015 0.0043106675 0.015384796 0.10870152 0.0020977487 0.003955163 0.0038397268 0.03072004 0.015314968 0.0057388865 0.00015220471 0.008365379 0.0062431847 0.0036255924 6.563521e-05 0.0016607651 0.00343898 2.6036101e-05 4.1216965e-05 0.00035661057 0.0011580455 0.030857522 0.007569874 0.0015732363 0.0006785669 0.010395108 2.6261733e-07 0.0004205716 4.771581e-07 0.00034158106 0.0002731097 4.8584818e-05 0.00038234037 0.011819039 0.003892784 4.355908e-07 0.021042034 0.008454144 0.018057605 0.003111079 2.3904663e-06 2.910321e-05 6.655317e-08 0.0014144233 9.163571e-05 1.3762264e-08 8.876227e-07 2.9657412e-09 4.1646977e-05 5.735433e-09 6.017998e-10 1.0213805e-06 1.206223e-08 6.834024e-10 8.7071106e-07 5.0409085e-07 0.00029797136 0.00015052216 1.6944355e-07 2.9435446e-06 6.2208905e-08 3.6052263e-08 3.3122802e-07 6.4213195e-06 1.6681046e-06 1.8615255e-09 6.898116e-10 2.137224e-08 1.0201268e-06 1.02145545e-08 0.0010130302 2.3801726e-06 6.8291877e-07
0.89895415 0.8623091 0.45236415 0.20579594 1.2792664e-18 0.5867103 0.1669763 0.05105988 0.30847913 0.08657724 0.43127736 0.05877295 0.0037309171 0.27398917 0.9899671 0.052360695 0.3022893 0.00083094416 0.16337578 0.18470402 0.0018807817 0.09841575 0.0005347083 0.110181056 0.024544451 0.116461396 0.103655495 0.099604845 0.0021199526 0.00019271072 0.022341391 0.005174232 7.367077e-05 3.2168973e-05 4.8474853e-05 0.00020550388 0.00033145794 9.371884e-05 1.3660374e-08 2.9105886e-06 0.17354697 8.422345e-05 0.043643385 2.9023304e-05 6.382265e-06 6.148356e-08 1.6021356e-09 1.5639868e-07 1.5182306e-07 2.4873836e-05 0.0056120167 6.3915326e-07 6.9590255e-06 0.091857836 9.527814e-11 6.6141447e-06 1.1231398e-09 1.2550107e-06 4.7175176e-06 5.239852e-07 1.7917711e-05 1.3299549e-05 0.022701407 9.621852e-10 0.0140141025 0.042172983 0.0041989135 0.00015763714 3.0530064e-08 2.5061201e-05 7.969159e-11 3.2254877e-06 9.412045e-09 9.113918e-11 4.412919e-09 1.3876453e-11 8.628108e-08 2.995899e-11 5.618884e-12 5.7204437e-09 1.03577626e-10 9.65486e-12 2.0545174e-08 3.906646e-10 0.013663001 5.572434e-05 3.1188097e-07 9.376281e-09 4.716316e-10 4.2555243e-10 1.9023545e-09 5.1295586e-07 1.1560618e-08 2.1138572e-11 6.424841e-12 4.203191e-12 4.1714593e-05 1.08995035e-11 6.441588e-07 2.8293143e-09 2.0632147e-09
0.9853502 0.82122064 0.52416766 0.47592717 0.5867103 3.4601436e-15 0.2329229 0.41508362 0.9020507 0.74353343 0.10519442 0.31621653 0.057536393 0.06438976 0.084713496 0.2828837 0.8181623 0.016801277 0.051903997 0.026277263 0.0052101463 0.00825037 0.14213404 0.29783413 0.20412312 0.13336287 0.2730667 0.038884725 0.0030901171 0.018991062 0.25469497 0.01061107 0.00020258564 0.00090799824 0.00037715404 0.010023062 0.0029730445 0.00117107 2.890238e-05 0.001453598 0.0018912895 0.002836826 0.0064720414 0.0034679084 0.000602373 2.9144524e-06 9.621432e-06 8.330861e-05 0.00014069762 0.0009968368 0.00012442196 2.1067051e-05 0.0004092727 0.07415956 2.5258853e-08 9.7406366e-05 2.6486555e-08 6.6811204e-05 5.144555e-05 3.357241e-06 0.00010930584 0.00029985595 0.027320443 8.792779e-08 0.02195221 0.06153462 0.020733088 9.383036e-05 7.163313e-07 1.5391348e-07 4.1931805e-09 3.141003e-05 1.9034372e-06 2.329045e-09 1.7710203e-08 5.392472e-10 2.4870217e-06 9.84062e-10 1.8002398e-10 1.1361136e-07 2.3042783e-09 1.4859665e-10 2.6545996e-07 1.6823007e-08 0.0024589205 2.1507578e-06 1.6322595e-08 7.1635476e-08 1.2445341e-08 1.8114763e-09 1.7554894e-08 1.1903689e-07 2.4749994e-08 5.962493e-10 6.455766e-10 5.4896407e-09 2.2818983e-07 3.325948e-09 4.9816248e-05 1.2897496e-07 4.4376943e-08
0.30505994 0.098861665 0.8463898 0.7330872 0.1669763 0.2329229 2.03474e-17 0.6557019 0.2283319 0.67421746 0.94569206 0.0011371495 0.804843 0.0007697391 0.022949785 0.20409766 0.03804211 0.08351226 0.00036514102 0.00029092262 0.037458207 0.024980128 6.765873e-05 0.015333829 0.0051300847 0.0006703835 0.011718834 0.00057486125 8.466364e-05 0.00011100661 0.0010794614 0.007743944 0.0005601857 0.00035085206 0.00081805646 0.00036894926 3.2489788e-06 6.494281e-06 1.558805e-05 7.227535e-05 1.9723171e-05 6.862923e-05 0.00035788005 8.752493e-05 5.4051793e-06 3.011836e-05 6.3384227e-06 6.0553015e-07 1.6123826e-05 6.6570974e-05 1.5987267e-08 2.2631819e-05 9.997142e-06 0.00042638267 7.657239e-07 9.661798e-06 8.0070816e-07 2.1942938e-05 2.4529281e-06 4.0054792e-07 1.6743339e-05 9.684528e-06 0.000906657 9.509954e-10 0.00019435836 0.00062023615 0.00025151626 1.8035952e-07 1.0779042e-06 4.5062624e-08 1.455848e-09 1.17030446e-07 1.1242533e-07 4.8797534e-07 1.0831662e-09 2.2949707e-09 2.391418e-07 1.7673491e-08 1.1818912e-08 1.6184167e-09 1.2995233e-07 1.446314e-08 2.305796e-08 3.700864e-09 2.0247508e-05 1.1079766e-07 3.0494371e-09 2.8481312e-08 1.603763e-08 2.529711e-10 2.0538318e-08 8.313329e-09 1.6495324e-08 8.9285065e-11 1.746996e-07 2.4925967e-10 1.7752512e-08 7.803138e-10 1.3324424e-08 6.6936066e-09 1.1623765e-08
0.97994614 0.046177074 0.84766525 0.8781557 0.05105988 0.41508362 0.6557019 2.7496422e-15 0.5897516 0.89183056 0.73431 0.0007630293 0.88710415 1.52452185e-05 0.007306592 0.7409379 0.121447384 0.7923329 0.00024535012 1.02966e-05 0.27361897 0.16253491 0.004534407 0.45169783 0.22615157 0.0010545662 0.2248231 0.00036952356 0.08060976 0.008500506 0.01202194 0.23248744 0.018565346 0.03226576 0.018726759 0.12500063 0.036918968 0.015855966 0.0022176914 0.030768938 0.0013119865 0.008325369 9.405549e-07 0.0028643606 0.009208711 0.0012704107 0.0009854691 0.003022602 0.004355873 0.077071905 0.007367366 0.0033483857 0.0030255353 0.006766396 9.763846e-06 0.0048292503 3.1263622e-05 0.00280136 0.0011898022 0.00039765987 0.003132894 0.022744903 0.0007291876 1.46074235e-05 0.07148574 0.0054041855 0.058443308 0.0044339914 6.5715634e-05 7.310119e-06 3.940686e-08 0.001476025 0.00021259057 1.032218e-07 9.4843e-07 7.638844e-09 5.830478e-05 2.5394014e-08 1.1404677e-09 3.5451265e-07 5.3707982e-08 9.618972e-10 1.5958834e-05 1.863115e-07 2.6804611e-05 0.00019042761 1.2318974e-07 4.569831e-07 5.035016e-08 1.2274879e-07 1.00499854e-07 1.918015e-06 7.164098e-07 7.324151e-10 2.1592013e-09 5.2693463e-09 1.06187876e-07 2.009996e-09 0.0006204432 2.5101434e-07 9.716787e-08
0.9859233 0.32841808 0.59901935 0.623529 0.30847913 0.9020507 0.2283319 0.5897516 1.499656e-14 0.8381519 0.17311807 0.025660204 0.15694419 0.0031651717 0.02511351 0.61558396 0.61876214 0.11563761 0.0044363895 0.0021615836 0.015072471 0.013714307 0.09377297 0.40963352 0.33164853 0.017494982 0.20917057 0.0067873327 0.0052621216 0.05244448 0.18778597 0.038887195 0.0012554225 0.009651245 0.0012188704 0.067413814 0.008749322 0.003977112 0.00048825817 0.013211812 0.0006203263 0.013665497 0.00090614695 0.012148006 0.0043735993 4.713904e-05 0.00010428544 0.0012305283 0.0016557259 0.010442264 0.00016589477 0.0010390874 0.00085812114 0.030767882 7.033978e-07 0.000108599495 4.2050902e-07 5.1200965e-05 0.00045736876 8.5288615e-05 0.000107506676 0.0057338593 0.014741282 1.8437735e-06 0.020307587 0.028543185 0.016915046 0.00021710258 9.69676e-07 7.037514e-07 1.2459027e-07 0.00071053405 6.6798515e-05 8.762706e-09 6.312338e-08 4.019812e-08 3.849516e-05 4.5778457e-08 5.5945306e-09 1.1294303e-06 3.5388328e-09 5.2173625e-09 2.0868895e-06 2.1787777e-07 0.0011963177 2.3457824e-06 6.376705e-08 7.6146887e-07 1.3224347e-07 2.8654459e-09 1.4630774e-07 5.0060896e-07 9.50447e-08 8.929947e-09 8.0425033e-10 7.787921e-08 1.3472802e-06 2.3995337e-08 8.380721e-05 1.432508e-07 1.0409728e-07
0.95962316 0.3898238 0.62771386 0.6741322 0.08657724 0.74353343 0.67421746 0.89183056 0.8381519 1.9791713e-15 0.11834279 0.04548236 0.3835045 0.007001974 0.007021644 0.9438676 0.5374158 0.199564 0.009763115 0.003253208 0.008000976 0.001733597 0.091759175 0.32138106 0.5272007 0.033615608 0.22886485 0.009478854 0.00031911707 0.059859198 0.11389702 0.040159896 0.021360341 0.007837895 0.01912827 0.0640972 0.00091867294 0.0013492843 0.0010626195 0.0063425284 1.4076507e-05 0.017387671 0.0027168032 0.017636972 0.0013879697 0.0013650194 0.0005252006 0.00012591528 0.0006727106 0.0009783751 1.314099e-06 0.000436292 0.016658919 0.036888868 4.0611558e-05 0.0038166842 0.00026586902 0.0034424108 0.001391977 0.000101316255 0.0015108953 0.00047726237 0.032428496 9.2473493e-07 0.019424312 0.021001028 0.017761549 2.157732e-05 0.00013178389 2.9609993e-07 1.1757329e-06 2.2708158e-05 2.6743639e-05 1.3873622e-05 4.4759986e-08 5.616053e-07 7.328882e-06 5.1853613e-06 1.4421175e-06 1.4162833e-07 4.141083e-06 1.4409969e-06 4.4428734e-06 2.288433e-06 0.00011782102 3.0641795e-07 3.4269596e-07 8.011271e-06 3.6908807e-06 4.2803796e-09 2.129353e-06 2.6012535e-06 7.4017385e-07 8.975745e-07 4.818588e-06 1.1624724e-07 6.766356e-07 2.9024602e-07 1.8785498e-07 2.4096042e-07 3.1395425e-06
0.88722956 0.042339392 0.8489222 0.73044485 0.43127736 0.10519442 0.94569206 0.73431 0.17311807 0.11834279 5.337773e-15 0.0016177774 0.89631635 0.00036888907 0.23376596 0.12874341 0.034205128 0.54977894 0.0020161485 0.0004871078 0.7740767 0.8162538 0.00013568155 0.09195083 0.03587194 0.0033808534 0.037095297 0.0032019943 0.29120922 0.00018588886 0.0023696104 0.28361043 0.007976957 0.024497574 0.004566699 0.006773592 0.038078908 0.010337191 0.0008047199 0.010783239 0.11170316 0.00023469975 7.650809e-05 4.0469513e-05 0.0005925445 0.0005382174 0.00050743803 0.000985585 0.0013708534 0.031485945 0.06519723 0.00029160292 0.00014896489 0.0052027158 5.0346154e-07 0.0007730942 3.3174413e-06 0.0005696103 4.5746758e-05 2.6664055e-05 0.00074669486 0.013019288 0.00070588564 2.8677825e-06 0.0077407435 0.0025222376 0.0046168035 0.013885206 1.4102413e-05 0.00034271562 9.161059e-08 0.0009535485 0.00045910588 7.6819686e-07 1.612967e-07 8.413553e-09 7.2041125e-06 6.503664e-08 1.3145074e-08 2.088499e-07 1.4062564e-07 9.332978e-09 9.559087e-07 2.307038e-07 0.0005311585 0.00077739597 5.256436e-06 3.9821257e-06 1.668745e-07 7.5462815e-08 1.1019013e-06 3.8122823e-06 2.4263684e-07 1.9421345e-08 4.5187686e-08 6.3819236e-08 1.1696652e-05 2.7106134e-08 0.0001875193 1.0490658e-06 5.2227244e-07
0.8452454 0.9562548 0.008164884 0.003665918 0.05877295 0.31621653 0.0011371495 0.0007630293 0.025660204 0.04548236 0.0016177774 3.6075438e-16 6.1857056e-05 0.82498825 0.021811467 0.018699681 0.29723245 7.468035e-05 0.9467721 0.45636332 3.952071e-06 2.6384467e-05 0.08151744 0.020550014 0.019914106 0.7949622 0.040282104 0.5953178 1.3276708e-06 0.003993459 0.20200527 5.986022e-07 1.1215184e-05 1.720466e-05 0.00012365969 1.8856199e-05 2.4948347e-08 1.9327851e-08 4.95953e-07 4.953704e-08 5.596578e-06 0.00014987645 0.036515333 0.00068394153 2.2301013e-07 1.5453635e-07 6.174611e-08 4.9459338e-08 2.546109e-08 2.2899972e-07 3.3444214e-09 1.3120209e-07 2.235607e-06 0.2023883 1.0659749e-09 9.206023e-06 2.1201107e-08 1.6335006e-06 5.7282455e-07 2.541154e-09 2.2731474e-05 4.2614335e-08 0.44958815 3.1818045e-10 0.0067040687 0.2672098 0.0018520734 8.7671246e-08 8.456123e-09 9.22647e-11 4.3511743e-11 3.6680333e-08 2.102929e-09 1.2537371e-09 9.913877e-12 8.9580635e-12 3.670768e-09 8.836719e-10 2.4803798e-10 6.3707095e-12 6.17181e-11 3.000035e-10 1.221277e-09 4.762372e-10 0.0005720052 5.7997096e-09 1.4513766e-12 2.9697303e-10 1.01281164e-10 8.8994236e-13 5.6503753e-11 3.216642e-09 6.604323e-10 2.5573524e-11 3.1094735e-10 2.5347266e-12 7.104916e-11 2.7289733e-11 8.4236007e-10 3.1056015e-11 9.212068e-11
0.95096385 0.006381581 0.74666965 0.743175 0.0037309171 0.057536393 0.804843 0.88710415 0.15694419 0.3835045 0.89631635 6.1857056e-05 5.3336333e-14 5.8895426e-07 0.0046953564 0.3534156 0.026404196 0.88205546 4.9539904e-05 1.1918405e-06 0.70710784 0.4763524 0.00057220215 0.14995065 0.032809194 0.00032282915 0.05551666 5.120868e-05 0.3167564 0.00076445466 0.0020154668 0.35039413 0.023481058 0.039664038 0.011281479 0.047732234 0.11308541 0.032794718 0.0011376789 0.042957924 0.0041428255 0.002146328 4.558157e-07 0.0004396082 0.00531839 0.002128557 0.00080791424 0.0031746926 0.010890483 0.13910197 0.042360265 0.0055523454 0.00094745023 0.0012526289 6.0173843e-06 0.003943762 6.9294e-05 0.0038727901 0.0004931678 0.0004340257 0.004499358 0.02893064 2.662147e-05 1.3938633e-05 0.03556768 0.0017312295 0.019151295 0.01174893 0.0001267618 4.698935e-05 3.526237e-07 0.0054135504 0.0017227565 9.4130556e-08 5.0829967e-06 3.0154126e-08 0.00044664985 4.8992707e-08 5.063192e-09 9.5109535e-06 5.6817026e-08 3.211952e-09 2.4558233e-06 4.2992764e-07 2.629795e-05 0.00015126789 5.360051e-07 1.9128233e-06 1.3627384e-07 3.0476957e-07 4.587791e-07 5.2000596e-06 3.319408e-07 7.933557e-09 1.6818794e-09 4.1661096e-08 4.506961e-07 1.8930605e-08 9.163082e-05 2.5012469e-07 1.3048881e-07
0.7747317 0.7047633 0.00063595176 0.00014214599 0.27398917 0.06438976 0.0007697391 1.52452185e-05 0.0031651717 0.007001974 0.00036888907 0.82498825 5.8895426e-07 6.2663377e-18 0.24062113 0.0038889137 0.04436606 6.9328867e-06 0.6840422 0.99289286 1.3890534e-06 4.945451e-05 0.0042743264 0.0017737647 0.0026810993 0.32005855 0.004544208 0.48287207 3.0828817e-06 0.00038157453 0.028706565 5.187755e-06 4.2345174e-08 1.2502001e-06 4.5315165e-08 2.1811791e-05 1.8774655e-06 3.50708e-07 3.0501583e-09 1.60376e-08 0.0027875153 7.9483325e-05 0.4247578 0.00010068496 7.8838076e-07 1.6270706e-09 1.181938e-09 4.6794483e-08 8.60475e-09 1.5206767e-07 5.525371e-06 4.6494222e-08 1.7285723e-07 0.14452569 1.4381811e-10 5.9700183e-09 5.2653024e-11 1.536949e-09 1.8920416e-07 7.780141e-08 1.1098712e-08 3.4747274e-07 0.1581223 3.0509192e-10 0.0015177046 0.10941638 0.00012125261 6.542906e-08 1.2206336e-10 2.5716984e-08 3.4312778e-12 5.884181e-07 8.082173e-11 2.9413787e-11 1.9768676e-10 6.145635e-12 2.7460985e-08 9.508044e-11 9.7661905e-12 1.548598e-10 1.0209299e-11 2.4664801e-11 1.9214264e-09 2.037633e-10 0.026428817 1.1080126e-07 1.5912882e-12 1.578536e-10 4.530239e-11 2.2342373e-11 3.3177714e-11 1.905165e-09 3.4863017e-09 4.2103083e-12 1.903525e-11 3.5689104e-12 3.6347487e-07 1.3972863e-11 3.8302317e-09 5.363397e-12 1.1836385e-10
0.47537807 0.37305865 0.09742979 0.03127964 0.9899671 0.084713496 0.022949785 0.007306592 0.02511351 0.007021644 0.23376596 0.021811467 0.0046953564 0.24062113 1.8081863e-13 0.0027442963 0.025863865 0.0003094966 0.04023974 0.15512177 0.002903482 0.040918414 0.00012431356 0.0053888154 0.00044324755 0.01668498 0.007472883 0.024209838 0.0053787446 3.6189387e-05 0.0024338858 0.00068694324 1.5361e-06 3.5058136e-05 3.5049522e-06 4.1655617e-06 0.00082084874 0.00035044574 2.6416566e-07 1.1004168e-05 0.9205708 1.4962358e-05 0.031086124 3.1583236e-06 4.7468174e-07 1.5509968e-08 1.5281374e-07 1.5544604e-06 6.370234e-07 6.4123915e-06 0.021180177 7.8003603e-07 2.6446563e-07 0.021966984 4.144384e-09 1.6673276e-07 5.4052407e-10 2.8690695e-07 1.2992693e-07 9.2217874e-08 5.8795035e-07 1.2716336e-05 0.015950697 4.9474526e-08 0.0012243005 0.018613968 0.0001896105 6.8283676e-05 7.8901145e-08 0.00039010996 5.918748e-09 5.120968e-06 7.2346744e-08 2.019978e-08 8.533213e-09 1.9305404e-09 5.7975865e-07 1.0207757e-08 3.014876e-09 1.1426848e-08 3.7307316e-08 4.9374673e-09 2.3472815e-08 9.345322e-09 0.097485274 0.0002221006 6.207278e-06 8.9859924e-08 1.4849395e-08 5.0728555e-10 1.5937639e-08 8.138179e-07 2.2939043e-08 1.7431401e-09 5.7083316e-10 1.5574555e-09 0.00034477958 1.2765496e-09 6.405479e-06 6.4957426e-08 2.1879236e-08
0.97304785 0.096962795 0.3176452 0.46484116 0.052360695 0.2828837 0.20409766 0.7409379 0.61558396 0.9438676 0.12874341 0.018699681 0.3534156 0.0038889137 0.0027442963 4.866057e-13 0.40895167 0.70014787 0.011523004 0.0030662378 0.009059439 0.001580084 0.22877637 0.74938875 0.8896489 0.050691474 0.42581505 0.015827851 0.0010050868 0.5192631 0.16559714 0.24701306 0.15210447 0.09511787 0.12247442 0.74753255 0.006433782 0.014867863 0.020563604 0.119285196 2.3884233e-05 0.24710101 0.003068126 0.2820207 0.09541085 0.03686524 0.008563839 0.0060036285 0.041340075 0.023501735 1.4313432e-05 0.009576202 0.16993392 0.0427723 0.0060476433 0.03878764 0.010011292 0.03460853 0.06517494 0.0134348115 0.023146717 0.0069013485 0.0073253126 0.0002995644 0.06944818 0.028492361 0.07143964 0.00014909293 0.007956428 4.5383476e-07 1.7246684e-05 0.0004964007 0.00017567238 0.0007140218 1.3072828e-06 3.206147e-05 9.208723e-05 0.00014163395 3.460927e-05 5.838538e-06 0.0003560852 3.116895e-05 0.00045738666 6.1059745e-06 0.0008192596 1.8326486e-06 6.82204e-07 2.3121295e-06 0.00091351714 1.7782793e-06 5.8676727e-07 1.6968411e-06 2.1913193e-06 6.480472e-06 9.874724e-05 1.9013879e-07 5.758719e-06 9.0463493e-07 1.3851043e-07 2.4977356e-07 1.6528677e-06
0.9980179 0.5616664 0.15611516 0.14803505 0.3022893 0.8181623 0.03804211 0.121447384 0.61876214 0.5374158 0.034205128 0.29723245 0.026404196 0.04436606 0.025863865 0.40895167 1.1971635e-14 0.03077111 0.07910649 0.02199489 0.00356226 0.0044348114 0.8383272 0.39057726 0.3580367 0.22701961 0.5300792 0.07623388 0.0013284885 0.20323333 0.6261005 0.011775116 0.0036044314 0.012611321 0.002010304 0.042648915 0.001690749 0.0009702185 0.0011385472 0.0039879326 0.0005850497 0.02996786 0.008993684 0.045886617 0.005492111 0.00022343878 0.00016591961 0.0011746336 0.0010634767 0.00215234 2.2240376e-05 0.0006461878 0.0036103004 0.115281075 4.4748977e-06 0.0007643771 6.873596e-06 0.00042179233 0.0021746014 0.0009765844 0.0006050816 0.0011373225 0.032342393 6.948206e-07 0.08203355 0.11071467 0.053595465 8.353937e-06 1.0382197e-05 1.8446e-08 2.9838933e-08 0.00018277722 7.8167095e-06 1.3967654e-07 1.0723389e-06 6.179249e-09 8.482423e-05 2.407616e-08 2.7345668e-09 3.364435e-07 1.01715735e-07 3.3587473e-09 1.0339058e-05 1.3839185e-07 0.014800028 2.1191256e-07 4.6980477e-09 5.0781363e-08 4.792402e-08 1.2414165e-08 3.919388e-09 9.3409604e-08 5.5600463e-08 1.2178691e-09 1.3976393e-09 6.2844846e-10 1.2497573e-07 2.0412438e-09 6.0576053e-07 3.1752525e-09 3.4042948e-09
0.990331 0.0006699723 0.40379268 0.52789766 0.00083094416 0.016801277 0.08351226 0.7923329 0.11563761 0.199564 0.54977894 7.468035e-05 0.88205546 6.9328867e-06 0.0003094966 0.70014787 0.03077111 1.7539078e-14 6.0866645e-05 5.487171e-07 0.78943664 0.34085795 0.0015333338 0.43260953 0.18270372 0.00027831786 0.1572117 0.00020587503 0.38447094 0.0075681317 0.0029136355 0.8734938 0.4134713 0.6333055 0.21121565 0.60336494 0.5297725 0.4986524 0.13798755 0.39982265 0.00051942805 0.03150584 3.682195e-07 0.0041678054 0.11224521 0.07128185 0.028008372 0.10289869 0.13799632 0.5513101 0.019340446 0.05552895 0.0072449422 0.0038030955 0.0021007415 0.074673444 0.0038637426 0.0437992 0.002827563 0.0064415704 0.044077296 0.34674922 0.0002460918 0.0038930646 0.15733097 0.0062447744 0.13202809 0.099021904 0.0050782925 0.00014937672 9.808873e-05 0.09070579 0.056627765 3.5824713e-05 0.00034169675 1.9759225e-05 0.013285182 8.221065e-06 9.0516494e-07 0.00021346945 6.789724e-05 6.0698767e-07 0.00015468137 0.00031255468 1.0775451e-05 0.00019195119 3.223915e-07 0.000244764 6.9651137e-06 1.2364735e-05 3.529319e-05 0.0005800035 3.9905404e-05 2.310082e-06 1.91014e-06 4.4369244e-06 4.8389325e-08 1.1341148e-06 0.000633082 1.1144484e-05 3.9076226e-06
0.92844456 0.4920267 0.001918702 0.0007110337 0.16337578 0.051903997 0.00036514102 0.00024535012 0.0044363895 0.009763115 0.0020161485 0.9467721 4.9539904e-05 0.6840422 0.04023974 0.011523004 0.07910649 6.0866645e-05 3.520941e-11 0.43937415 5.8796042e-05 0.00030851408 0.03475881 0.0028054062 0.004367316 0.90864986 0.0077790963 0.94157344 0.00012020788 0.0034542351 0.1095397 5.6349214e-05 1.3786973e-06 0.00010191253 1.7254317e-05 0.00056917424 4.2439366e-05 9.240953e-06 1.113343e-06 5.5946442e-05 0.0006804997 0.0002966722 0.58352417 0.0008534537 1.6795813e-05 1.7808029e-08 1.6214433e-07 2.6924385e-05 1.0993251e-05 7.5322905e-06 1.4872312e-06 2.830023e-06 2.123061e-06 0.20826662 1.6861387e-09 4.1845436e-07 1.264841e-09 1.06107706e-07 1.0603448e-05 8.168909e-07 9.2112735e-08 5.8590565e-05 0.3048264 2.7853345e-08 0.0019488363 0.19761208 0.00042901537 6.4665845e-05 9.086291e-10 8.009949e-08 1.7652625e-09 0.00030334687 9.930291e-07 1.817474e-09 8.430746e-08 1.0705837e-09 2.0671185e-05 3.039403e-09 1.2490613e-09 2.2754203e-07 1.5186664e-09 1.8492878e-09 2.0520237e-07 7.056739e-08 0.021944948 5.7996607e-07 1.8760028e-10 2.8957484e-08 5.2639656e-08 8.7421675e-10 2.3402307e-09 1.08209576e-07 7.457679e-09 1.1736166e-10 1.3831175e-09 1.2568202e-10 3.311901e-07 2.7532282e-10 3.679022e-07 3.5755383e-09 5.0191926e-09
0.65622085 0.26499423 0.00041396558 0.00010496352 0.18470402 0.026277263 0.00029092262 1.02966e-05 0.0021615836 0.003253208 0.0004871078 0.45636332 1.1918405e-06 0.99289286 0.15512177 0.0030662378 0.02199489 5.487171e-07 0.43937415 1.6205678e-15 3.6099643e-06 6.752105e-05 0.0019093299 0.0006138409 0.0007900778 0.12811558 0.001647778 0.31844294 6.0698335e-06 0.00054510246 0.010262802 4.607788e-06 7.530965e-09 3.7903115e-07 3.4922934e-08 1.8059087e-05 8.0587115e-06 2.0641942e-06 4.499175e-09 7.2089165e-08 0.0028505472 0.00020088647 0.86017215 7.921507e-05 1.0639675e-06 4.459709e-10 3.987698e-09 3.5253272e-08 1.576248e-08 8.225037e-07 2.5216734e-06 6.159472e-08 1.9852874e-07 0.13404022 2.571225e-10 1.5405413e-09 2.737998e-11 7.1222866e-10 8.5072764e-07 4.2525164e-07 2.8350513e-09 4.817993e-07 0.2426877 1.1046626e-09 0.00068435253 0.17577879 1.8791054e-05 4.095071e-08 6.7302254e-11 2.0339859e-07 1.4367005e-10 7.204886e-07 3.2172618e-09 3.1072622e-10 3.8135797e-10 1.4009055e-10 1.27814355e-08 2.7692176e-10 9.719256e-11 3.402644e-10 3.2012656e-10 1.7775297e-10 9.557255e-09 7.78922e-10 0.060678393 2.4595126e-06 1.0447281e-11 1.1390959e-09 3.3508174e-10 4.7565844e-12 2.2854296e-10 5.8433027e-09 2.4077893e-09 1.096239e-10 1.8023723e-11 6.000001e-11 1.2793695e-06 1.7300719e-10 2.0875481e-08 8.0245706e-11 4.1612208e-10
0.93769956 0.000100848236 0.21551356 0.21851704 0.0018807817 0.0052101463 0.037458207 0.27361897 0.015072471 0.008000976 0.7740767 3.952071e-06 0.70710784 1.3890534e-06 0.002903482 0.009059439 0.00356226 0.78943664 5.8796042e-05 3.6099643e-06 2.5805904e-13 0.949068 0.000119548225 0.0274089 0.0016223753 0.00011564799 0.011415789 9.620996e-05 0.89137524 0.000113928465 0.0001373667 0.8942185 0.011452609 0.07147528 0.0066245263 0.0038594634 0.6064268 0.27813157 0.0054896846 0.016843101 0.009065771 0.0003927555 2.4710257e-06 6.476107e-05 0.0007078304 0.0018618053 0.0031651186 0.005571988 0.005222847 0.16827293 0.28603858 0.0018655475 0.00024846845 0.0015073642 4.4580145e-05 0.0010447617 2.4794801e-05 0.0012741957 0.00010710174 0.00014668448 0.0005414384 0.053577557 5.7190486e-05 1.511546e-05 0.0044390834 0.0011919322 0.0027579616 0.13295348 3.1121246e-05 0.0070695383 6.859631e-07 0.011223702 0.0018629973 3.676721e-07 6.8024656e-07 8.032776e-08 0.00082956685 8.6713996e-08 8.492474e-09 2.4754247e-06 7.5345565e-07 7.455929e-09 1.2745128e-06 1.1393856e-06 6.2993427e-06 0.00044891314 2.6378013e-06 5.481243e-06 3.6653844e-07 6.6955124e-08 7.369318e-07 0.00020631295 6.4588056e-07 1.2800612e-08 2.4413268e-08 5.475318e-08 2.2204274e-06 2.3325446e-08 0.00023983855 1.9870006e-06 1.5516997e-06
0.80544364 0.000235984 0.33106735 0.26220927 0.09841575 0.00825037 0.024980128 0.16253491 0.013714307 0.001733597 0.8162538 2.6384467e-05 0.4763524 4.945451e-05 0.040918414 0.001580084 0.0044348114 0.34085795 0.00030851408 6.752105e-05 0.949068 7.8351014e-13 9.003578e-06 0.00916428 9.1961556e-05 0.00023891352 0.0045655733 0.00036113503 0.97328746 1.0570442e-05 3.705459e-05 0.44617772 0.0012468615 0.019503837 0.0018360539 0.00023697542 0.26547116 0.050973445 0.002098926 0.0019427303 0.3350999 3.9706752e-05 1.0379445e-05 2.8685538e-06 5.6945188e-05 0.00012365037 0.0015437994 0.0025937466 0.00068452355 0.007563084 0.7174594 0.00025417542 5.8656556e-06 0.0006967559 4.284511e-06 3.3434266e-05 1.859157e-07 3.2613698e-05 3.0568874e-06 1.1921162e-05 2.4465888e-05 0.003996452 8.125616e-05 3.2013054e-06 0.0022651127 0.0007595064 0.0008387826 0.081307 2.013076e-06 0.02476466 2.676525e-07 0.0012069003 0.001192562 2.6194874e-07 3.0240622e-07 6.899583e-08 3.7267797e-05 4.041322e-08 1.5084707e-08 1.1585032e-06 3.0366914e-07 1.3049373e-08 3.0179572e-07 3.5826346e-07 6.189668e-06 0.001014061 4.3434342e-05 4.833648e-06 3.3509826e-07 1.464028e-07 1.3424655e-06 0.00010043274 1.672371e-07 1.4549938e-08 2.632112e-08 5.2838118e-08 3.2111286e-05 2.390311e-08 0.00012544877 1.1361651e-06 2.8120705e-06
0.99065644 0.016851608 0.0020648171 0.003421719 0.0005347083 0.14213404 6.765873e-05 0.004534407 0.09377297 0.091759175 0.00013568155 0.08151744 0.00057220215 0.0042743264 0.00012431356 0.22877637 0.8383272 0.0015333338 0.03475881 0.0019093299 0.000119548225 9.003578e-06 3.2250456e-13 0.34545252 0.57283044 0.25849384 0.7832716 0.04967668 2.6389914e-06 0.5792796 0.93638635 0.00014016942 0.009170304 0.001318211 0.025063194 0.0072539644 5.0041112e-06 2.5778507e-05 0.0006255155 0.00033725094 8.569802e-08 0.0612766 0.0021863347 0.38687602 0.00038502744 0.0015361095 0.00032551136 8.707363e-06 4.4137734e-05 4.6056022e-05 2.3062436e-09 1.2838495e-05 0.081107326 0.17431428 0.00014087821 0.0119539 0.00054638146 0.005904027 0.008263961 5.7547582e-05 0.007231089 1.7219885e-06 0.07286667 5.6893947e-07 0.11681279 0.38412738 0.07585591 2.4054724e-08 0.00032559116 3.7209513e-09 6.940513e-08 1.5747005e-08 6.7422874e-08 0.00017214795 7.561868e-09 1.07140814e-07 7.80743e-09 6.036087e-06 1.3041238e-06 2.2982857e-10 8.24304e-06 1.1507227e-06 2.5737141e-05 2.346497e-09 0.00026783955 7.738531e-10 2.0022617e-10 1.3111214e-09 3.895398e-07 6.3116246e-09 6.7898626e-10 1.6607385e-09 1.224529e-08 9.790642e-08 2.742534e-06 1.3044439e-09 8.134562e-09 1.596627e-08 1.1945338e-10 7.620646e-11 5.94012e-10
0.9970897 0.033704598 0.18251744 0.25653005 0.110181056 0.29783413 0.015333829 0.45169783 0.40963352 0.32138106 0.09195083 0.020550014 0.14995065 0.0017737647 0.0053888154 0.74938875 0.39057726 0.43260953 0.0028054062 0.0006138409 0.0274089 0.00916428 0.34545252 7.648782e-14 0.8794954 0.009065092 0.55828214 0.005973311 0.008863333 0.68228155 0.24376278 0.04933022 0.2861702 0.24022788 0.23598199 0.34972367 0.029291602 0.032816507 0.09203011 0.13158765 2.5023204e-05 0.24138638 0.00013371451 0.3025482 0.06477086 0.055834927 0.05800253 0.08702586 0.040967654 0.032689404 6.334945e-05 0.014670135 0.0427332 0.01998996 0.004584177 0.015209163 0.0060113315 0.009476671 0.011950411 0.012294018 0.016336363 0.014457233 0.005527532 0.0025546646 0.20072155 0.020975921 0.20474553 0.0016508105 0.0006446053 2.7832914e-07 0.00010776351 0.0013492785 0.001750512 1.52555585e-05 0.00016198754 7.2880184e-06 0.00032282853 9.741096e-06 1.3591439e-06 1.109018e-05 1.2144559e-05 1.1416828e-06 0.0011179326 8.333051e-06 0.00024213214 4.698238e-06 3.8506045e-08 3.965428e-06 1.44467995e-05 1.2449431e-05 1.9182005e-07 2.6500857e-06 5.2043777e-07 3.111662e-07 2.7173803e-07 1.9513496e-07 4.145819e-07 2.3859872e-07 4.1823816e-05 1.5604753e-07 6.180089e-08
0.9915722 0.048632443 0.040022176 0.081999466 0.024544451 0.20412312 0.0051300847 0.22615157 0.33164853 0.5272007 0.03587194 0.019914106 0.032809194 0.0026810993 0.00044324755 0.8896489 0.3580367 0.18270372 0.004367316 0.0007900778 0.0016223753 9.1961556e-05 0.57283044 0.8794954 4.595234e-13 0.021436375 0.6973955 0.009503252 5.267589e-05 0.82536113 0.47007805 0.016932582 0.34068963 0.042405907 0.4209241 0.5445938 0.000603464 0.0012628585 0.017339552 0.04415963 3.290407e-08 0.47410238 0.0003813886 0.717571 0.06238105 0.048855517 0.0062977937 0.002098592 0.00625386 0.0065989736 1.8495666e-07 0.0057659163 0.39300308 0.032425426 0.0028844096 0.1003191 0.017141838 0.057149924 0.10330083 0.014571957 0.090651095 0.0018988983 0.0048321276 7.99001e-05 0.27158308 0.034806658 0.29435334 9.410583e-05 0.008573437 2.352889e-08 1.98343e-06 2.3998531e-05 6.205038e-05 0.00032376027 9.889897e-07 1.7952628e-06 4.716433e-06 2.3295583e-05 6.891298e-06 2.4453357e-07 0.00017232289 3.1298148e-06 0.001615371 2.3128229e-07 8.301434e-06 8.083847e-07 2.318307e-08 1.1486192e-07 6.993279e-05 1.5430174e-07 2.2995069e-08 5.7588534e-07 3.1448405e-06 3.7715938e-07 6.458754e-06 1.1839811e-07 1.0792621e-06 1.611471e-07 3.9946525e-07 3.7973905e-08 2.6172835e-08
0.9939165 0.410138 0.005489299 0.002909612 0.116461396 0.13336287 0.0006703835 0.0010545662 0.017494982 0.033615608 0.0033808534 0.7949622 0.00032282915 0.32005855 0.01668498 0.050691474 0.22701961 0.00027831786 0.90864986 0.12811558 0.00011564799 0.00023891352 0.25849384 0.009065092 0.021436375 2.0115166e-11 0.010987617 0.88145167 9.022123e-05 0.031706024 0.39509088 0.00038689948 3.104708e-05 0.0010516027 4.2955715e-05 0.0029320228 0.00011297202 3.0490333e-05 1.8358789e-05 0.0006860721 0.0002582796 0.003213529 0.22204435 0.011216218 0.0001469536 5.861079e-07 8.44034e-07 0.00018014903 5.9529517e-05 0.00015920583 5.179383e-07 6.6280336e-05 4.2529227e-05 0.45392743 3.2084635e-08 3.8610738e-06 2.576092e-08 4.5882678e-07 0.00019944769 7.9553465e-05 6.43875e-07 0.00093611924 0.27592513 8.8508465e-08 0.0025197086 0.52184165 0.0005392823 6.287384e-05 4.2596193e-09 5.8893374e-08 1.3769196e-08 0.00039384284 1.5550231e-05 1.4399523e-09 7.875962e-07 1.1543888e-09 4.6906793e-05 1.0780328e-08 1.7343614e-09 1.6367417e-07 2.3727476e-10 2.4612288e-09 1.0936427e-05 6.9514435e-08 0.043580063 3.4817651e-06 5.3891586e-11 1.7482918e-08 2.8994558e-07 4.643998e-08 2.2591624e-09 3.624458e-07 6.7623795e-08 7.07777e-11 8.7285723e-10 1.2914833e-10 1.0598629e-08 6.2770664e-11 2.192839e-06 8.747839e-10 3.602221e-09
0.9997048 0.10348252 0.12824705 0.15296398 0.103655495 0.2730667 0.011718834 0.2248231 0.20917057 0.22886485 0.037095297 0.040282104 0.05551666 0.004544208 0.007472883 0.42581505 0.5300792 0.1572117 0.0077790963 0.001647778 0.011415789 0.0045655733 0.7832716 0.55828214 0.6973955 0.010987617 3.0134212e-13 0.011118461 0.0029309073 0.69028443 0.42908022 0.015556308 0.08058718 0.10934938 0.08596363 0.17767827 0.016945595 0.013060685 0.02472627 0.047145836 5.2615993e-05 0.15053001 0.001449213 0.3591563 0.03586959 0.01425674 0.012696864 0.04177179 0.018497353 0.006765709 2.531059e-05 0.00468271 0.019910136 0.012163396 0.0018141866 0.0060725063 0.0027497127 0.00481911 0.010653892 0.0061116936 0.008297778 0.002667101 0.0025418573 0.0004212936 0.28843787 0.024836622 0.31867933 0.0004677831 0.0002912405 2.3244584e-07 7.9825195e-06 0.00021145986 0.00043748572 2.8836217e-05 2.0256874e-05 7.2889105e-07 7.3140414e-05 2.9925627e-06 2.8326087e-07 6.4556807e-06 1.40845095e-05 1.9225078e-07 0.00064667326 6.7184374e-06 0.0019405027 4.2832116e-06 3.1214388e-08 3.2435144e-06 4.466873e-06 2.1655542e-06 1.7840979e-07 8.393195e-06 8.8646374e-07 1.0042224e-07 1.1999568e-07 3.3206712e-07 2.0255743e-06 5.2480054e-08 4.2194235e-05 3.537507e-07 2.0719378e-07
0.9751642 0.15061815 0.004435042 0.0014285177 0.099604845 0.038884725 0.00057486125 0.00036952356 0.0067873327 0.009478854 0.0032019943 0.5953178 5.120868e-05 0.48287207 0.024209838 0.015827851 0.07623388 0.00020587503 0.94157344 0.31844294 9.620996e-05 0.00036113503 0.04967668 0.005973311 0.009503252 0.88145167 0.011118461 8.95057e-11 0.00012523911 0.008312306 0.1787158 0.0006241747 2.0330417e-05 0.00082790124 1.5356409e-05 0.0023937216 7.7035016e-05 1.3873953e-05 4.702802e-06 0.00029161846 0.0021344686 0.00079132424 0.9109903 0.0018470489 0.00014040248 1.6709745e-07 1.7869041e-07 6.796572e-05 8.175932e-05 0.0006353256 8.786354e-05 0.0001493753 7.203236e-07 0.8709024 3.825143e-09 4.4337835e-07 1.4348143e-09 3.5847176e-08 1.3787928e-05 6.0680773e-05 3.6418914e-08 0.0029855263 0.9500306 4.4217236e-07 0.0018064822 0.69102997 0.00012815125 0.0046704765 1.7575179e-10 7.2367725e-06 2.8410179e-08 0.0018368553 0.00023726033 4.01313e-09 7.489353e-07 1.4443284e-09 0.00015251333 2.0062854e-08 1.1626864e-09 9.8184316e-08 3.7852882e-10 2.6535893e-09 2.4343905e-07 4.9580876e-07 0.107469276 3.82106e-05 3.3512584e-10 7.8452004e-08 5.8870125e-08 5.3032045e-09 1.8888045e-08 3.3035496e-06 3.264513e-07 3.6050304e-10 1.9090746e-10 1.8827313e-10 4.023488e-07 8.684151e-10 2.2924871e-06 5.7673994e-09 9.646995e-09
0.75423396 5.7088496e-06 0.095843196 0.088661015 0.0021199526 0.0030901171 8.466364e-05 0.08060976 0.0052621216 0.00031911707 0.29120922 1.3276708e-06 0.3167564 3.0828817e-06 0.0053787446 0.0010050868 0.0013284885 0.38447094 0.00012020788 6.0698335e-06 0.89137524 0.97328746 2.6389914e-06 0.008863333 5.267589e-05 9.022123e-05 0.0029309073 0.00012523911 1.1353206e-11 4.920107e-06 1.9955092e-05 0.56493956 0.003094095 0.0553964 0.003962975 0.00014286752 0.6753263 0.2429689 0.017079234 0.0029903238 0.03818745 3.2605116e-05 2.2072068e-06 1.7985393e-06 3.8882903e-05 0.00090420776 0.009177579 0.0078546 0.0014307442 0.028976966 0.9269917 0.00045884328 1.4099145e-05 0.00037626346 0.00021867412 0.00022969561 4.104874e-06 0.00034380442 1.2920704e-05 2.6567524e-05 0.00040644553 0.023158452 6.61307e-05 3.0045665e-05 0.0024562206 0.0004345104 0.00109856 0.39044484 2.8124314e-05 0.10072523 6.379484e-06 0.00470441 0.0069405115 3.1950349e-06 9.211288e-07 2.6177068e-07 0.00017690928 1.4732775e-07 4.5475517e-08 2.9448076e-06 5.2057158e-06 3.8860716e-08 2.3465366e-06 3.3780811e-06 1.6069552e-06 0.0040755854 0.000153292 1.9256513e-05 2.2436657e-06 1.8995502e-07 4.480893e-06 0.00060377055 4.3158852e-07 6.9736075e-08 2.7228904e-07 3.3415682e-07 2.8075408e-05 1.2273509e-07 0.0014217872 9.934236e-06 8.193811e-06
0.99899554 0.0016434487 0.0017446805 0.0043106675 0.00019271072 0.018991062 0.00011100661 0.008500506 0.05244448 0.059859198 0.00018588886 0.003993459 0.00076445466 0.00038157453 3.6189387e-05 0.5192631 0.20323333 0.0075681317 0.0034542351 0.00054510246 0.000113928465 1.0570442e-05 0.5792796 0.68228155 0.82536113 0.031706024 0.69028443 0.008312306 4.920107e-06 9.695384e-12 0.4633223 0.0010936016 0.11305169 0.006781571 0.3918921 0.08674858 5.0461374e-05 0.00015041455 0.0026552177 0.0058882376 1.5778785e-08 0.6904126 0.00037689318 0.9338051 0.0050306586 0.014512455 0.0013909333 4.9888655e-05 0.0011458764 0.00041708187 8.0859435e-09 0.0001664115 0.5895083 0.057396337 0.0020467218 0.20776846 0.011082124 0.103670634 0.16954279 0.00216491 0.12321407 5.879234e-05 0.012526642 1.7016484e-05 0.5093775 0.09873553 0.45357358 3.61996e-07 0.0069043767 1.4535292e-08 1.5332329e-06 1.3287703e-06 4.2445286e-06 0.0018803324 5.355922e-07 6.0996485e-06 6.5287423e-07 4.287926e-05 3.2209155e-05 2.7072693e-07 0.0006037714 2.3302828e-05 0.002122535 1.5355295e-07 1.8346065e-05 2.2613145e-08 8.110363e-09 5.541794e-08 0.00012774699 2.5075199e-06 2.492794e-08 6.50065e-08 6.774176e-07 5.590241e-06 4.785202e-05 9.807931e-08 4.2029512e-08 5.0121133e-07 2.5555753e-09 2.6366325e-09 3.8712438e-09
0.9997293 0.12975836 0.013403068 0.015384796 0.022341391 0.25469497 0.0010794614 0.01202194 0.18778597 0.11389702 0.0023696104 0.20200527 0.0020154668 0.028706565 0.0024338858 0.16559714 0.6261005 0.0029136355 0.1095397 0.010262802 0.0001373667 3.705459e-05 0.93638635 0.24376278 0.47007805 0.39509088 0.42908022 0.1787158 1.9955092e-05 0.4633223 8.3342355e-13 0.00018819938 0.009958444 0.0013735674 0.02805354 0.033971176 9.4883135e-06 7.884369e-06 0.00018304739 0.00082480646 4.7528465e-07 0.09748659 0.0055364217 0.35091498 0.0030200535 0.00083289034 7.5515054e-05 7.247679e-06 0.0002697148 7.035932e-05 5.326076e-08 4.143412e-05 0.039333183 0.25939974 1.8128005e-05 0.003463293 0.00021722975 0.0019094709 0.016894355 0.00010887097 0.0020766582 0.00010328715 0.216333 3.576367e-07 0.11958883 0.41390547 0.04902837 2.601049e-05 4.1811894e-05 3.4535017e-07 1.03546185e-07 1.2792661e-05 4.1704527e-05 7.774468e-06 1.8452519e-07 1.5370385e-07 3.0864705e-06 5.457888e-07 2.4200597e-07 4.567613e-07 1.9755963e-07 4.413134e-07 0.0001377374 2.3742724e-07 0.0002281247 2.0564003e-07 7.4849424e-08 2.0119502e-07 1.534183e-05 2.3624597e-07 5.8329945e-08 3.8484512e-07 4.3939002e-07 1.4266183e-07 2.493335e-07 1.9874818e-08 2.5646252e-06 3.2976256e-08 3.2243608e-07 6.846113e-08 6.2947485e-08
