7.6449583e-22 0.9844096 0.9446405 0.9847694 0.9845068 0.988749 0.98543584 0.9918454 0.9743269 0.77185524 0.98943835 0.9946217 0.987609 0.96837914 0.95655453 0.7118114 0.99099016 0.76654893 0.9805268 0.06252429 0.9245461 0.6080104 0.899842 0.9798255 0.8769015 0.9312556 0.9849015 0.9985286 0.9879514 0.96553123 0.157694 0.93470114 0.96968526 0.8766444 0.76134866 0.99903554 0.98410535 0.81492096 0.055094402 0.98820055 0.99954796 0.99590325 0.9813809 0.3227517 0.99545366 0.9977577 0.005798049 0.99617434 0.6432528 0.85021114 0.886587 0.9987923 0.9923056 0.19538394 0.5912865 0.5238343 0.2667984 0.97638303 0.021905245 0.98456067 0.9989801 0.46695238 0.5585186 0.87040055 0.4849938 0.027311519 0.20129502 0.0012424453 0.9996998 0.00811411 0.8862988 0.20492597 0.9997419 0.047422122 0.99868304 0.070428304 0.95729595 0.8592633 0.00042067375 0.08671636 0.9999277 0.00025757827 0.90537524 0.0046668323 0.99881876 0.0126293255 0.9963851 0.037316922 0.8337092 0.0001190264 0.0021602893 0.00033511472 0.00079266 0.9998752 0.003306322 9.9314464e-05 4.5517543e-05 0.20712508 0.95463926 0.0033498483 0.99999774
0.9844096 3.7542877e-12 0.38392064 0.7568563 0.52181506 0.37211314 0.32845598 0.8653691 0.6024234 0.039256923 0.28152493 0.38517666 0.27351373 0.53094333 0.33793 0.03273299 0.030252159 0.13051844 0.012923498 0.10576353 0.05506139 0.0075271283 0.19832169 0.37296984 0.18736692 0.11046613 0.019205257 0.15838048 0.030573677 0.024482705 0.06765619 5.559281e-05 0.00028764052 0.16396518 0.009011864 0.014125847 0.00013375175 0.077373855 0.03942163 2.1542548e-05 0.085550465 0.0055246097 0.0075520496 0.0447601 0.011010632 0.0020122943 0.16135994 0.0036581825 0.028914165 0.00029158982 0.022472449 0.01224823 0.0025740284 0.033511985 0.013286759 0.0070573697 0.004249801 0.0035486005 0.008897378 5.3645108e-05 0.011292302 0.00092297286 1.1601883e-06 0.00031165904 2.3611736e-05 0.0052323695 0.0022208046 5.32333e-06 0.07771433 0.0007333458 0.00034067748 6.9010184e-08 0.016284807 9.892473e-05 0.0031170987 6.600009e-05 1.8632075e-07 0.00064007286 5.4948116e-05 2.343849e-07 0.020538224 5.492844e-06 8.735926e-08 7.95891e-06 0.0073459637 2.403214e-06 0.012283281 6.961325e-07 4.8781228e-08 4.7751387e-06 0.0008431435 3.8210724e-06 4.348634e-06 0.011674978 0.00038267838 2.662637e-07 6.6130883e-07 0.00013403829 0.0006741054 0.001208611 0.02224879
0.9446405 0.38392064 7.2297744e-20 0.8526138 0.029855104 0.07924716 0.03955651 0.34127447 0.05229526 0.8383507 0.29156658 0.787348 0.37804088 0.041343298 0.024491182 0.049358025 0.14119661 0.039062798 0.77863866 0.04812675 0.27455392 0.002867297 0.0046229362 0.018841768 0.009037388 0.033414375 0.280037 0.4652461 0.13448787 0.042725865 0.0007254255 0.00048567913 0.000501888 0.00039196687 0.06945338 0.243448 7.91847e-05 0.00068420044 6.733784e-05 0.00028992028 0.41778794 0.050111737 0.2539808 3.2400567e-05 0.09121245 0.118250124 3.326421e-05 0.011257523 1.9184092e-05 7.5590024e-06 0.00030759512 0.20329633 0.1118831 7.889803e-05 2.030546e-05 6.910555e-06 2.5695729e-06 0.07112623 5.0293464e-05 0.0010579494 0.13564761 4.5241154e-06 9.440223e-08 0.007433162 4.957019e-07 2.6754492e-06 0.02081539 1.2389469e-08 0.07534663 4.020504e-07 0.004432662 3.962226e-08 0.17658992 3.9681953e-07 0.003847896 2.288709e-07 1.0954062e-06 0.00012341663 2.616324e-07 1.1937601e-09 0.033388026 3.0364784e-08 1.4787479e-05 6.914164e-07 0.06251836 4.1684938e-08 0.102929 8.930968e-09 1.9550826e-05 1.0335985e-08 2.5506902e-06 8.040134e-08 4.5315662e-09 0.1014778 6.2991654e-07 8.770029e-09 1.0674443e-08 4.061855e-06 0.03692922 8.445284e-07 0.07148259
0.9847694 0.7568563 0.8526138 1.9455108e-13 0.45625353 0.5579691 0.47133008 0.5830517 0.25321436 0.4154723 0.64875656 0.7613803 0.63841236 0.20347245 0.1993601 0.14626944 0.17357895 0.19755799 0.09744496 0.037278183 0.06724925 0.04229501 0.11911779 0.16946304 0.071124114 0.05318702 0.022615612 0.2778957 0.013360915 0.023984365 0.04056493 0.00039345937 0.0011307248 0.07117091 0.0203682 0.014639178 0.00039203922 0.0784316 0.012473485 8.796449e-05 0.26676747 0.023599874 0.01240442 0.020426217 0.12271334 0.004108734 0.018307004 0.014612427 0.038234662 0.0032698924 0.037923224 0.029532567 0.0042161434 0.035368793 0.017515581 0.012135442 0.0046048453 0.0150071755 0.003407566 0.0005043552 0.040472172 0.004778079 7.8961625e-07 0.00033981807 6.755508e-06 0.0025683164 0.0028720635 8.421e-06 0.10794395 0.00032447616 0.00019761761 3.981901e-08 0.025521582 9.4611736e-05 0.00624865 0.00015091989 1.9810922e-07 0.0036074196 3.244958e-05 8.900686e-08 0.024642954 2.2995293e-06 3.0960696e-06 3.1445452e-05 0.0183308 2.1259602e-06 0.013525225 1.2352112e-07 2.5599163e-06 2.8963755e-06 3.1305e-05 5.1028283e-06 1.2447804e-05 0.02640373 0.00011221373 4.024847e-07 1.0947671e-06 5.953471e-06 0.0005020828 0.00026841948 0.013339589
0.9845068 0.52181506 0.029855104 0.45625353 2.659194e-16 0.74926746 0.7487037 0.42601937 0.45325375 0.044717375 0.49354443 0.43527284 0.44587398 0.5361298 0.6999237 0.18201797 0.035889775 0.8226724 0.004285478 0.13732286 0.008438224 0.033405 0.6255299 0.038315054 0.03496317 0.01805945 0.0012122106 0.07058162 0.00078747876 0.0025599154 0.5828663 0.0062530343 0.004808244 0.24404137 0.0011482562 0.0024513896 0.002429731 0.47171435 0.17236173 0.0008963855 0.059829023 0.0002737452 0.0020200976 0.059135757 0.0071875677 0.0007711094 0.052202277 0.05386189 0.28673747 0.02136664 0.3746464 0.012510369 0.0010101409 0.33726442 0.12823935 0.12014255 0.08935741 0.00037144613 0.11210307 0.0010327622 0.005284987 0.022945592 7.2280716e-05 1.1697533e-05 0.0006628002 0.030717734 0.00036178983 0.0003712496 0.14628857 0.022225602 5.8583046e-06 1.0787496e-06 0.015099037 0.013129698 0.014811924 0.007892754 4.4350168e-06 0.0002990814 0.0039314227 6.4016893e-07 0.05982888 0.0004334189 7.647449e-06 0.0030149326 0.0019923763 6.9060654e-05 0.0189512 8.485371e-06 8.331691e-06 0.0008668299 6.298571e-05 0.0010226063 0.00038848104 0.0047502145 0.0010065554 0.000114534705 0.00015128967 1.640192e-05 0.00028684747 0.0008770307 0.022889446
0.988749 0.37211314 0.07924716 0.5579691 0.74926746 4.8448403e-13 0.85833895 0.27484477 0.14299655 0.38257965 0.63283634 0.51930165 0.5635073 0.15786129 0.21076459 0.63703126 0.13561742 0.68662155 0.013727078 0.027215168 0.009042819 0.15680502 0.1968529 0.022557957 0.021691095 0.0120495 0.0014773579 0.058162 0.000469481 0.0035181704 0.14175163 0.057848897 0.071366444 0.07282383 0.0019313316 0.0015977545 0.03708286 0.21107769 0.024255898 0.0055901054 0.09926299 0.0013976549 0.0012724646 0.029505696 0.081391856 0.000564199 0.010244214 0.23712336 0.11747441 0.08427982 0.23254773 0.0075305277 0.00044524047 0.17904265 0.08013813 0.068942845 0.027768645 0.00081512413 0.1284425 0.0069412827 0.011711113 0.04556466 0.0002406122 1.9293038e-05 0.0034112255 0.00836131 0.00029750317 0.00063853676 0.29374227 0.022511637 8.751996e-06 6.367237e-06 0.014587523 0.009007616 0.046059687 0.010545156 4.4360128e-05 0.0043136063 0.0077056875 7.264751e-06 0.12558272 0.0012653655 0.000107686654 0.0038759878 0.003786349 0.00050987303 0.008356204 2.8036342e-05 0.00014580347 0.00020266487 4.619807e-05 0.00035646878 0.0008779918 0.007311541 0.00040436085 6.407144e-05 5.130596e-05 4.111628e-06 0.00021712059 0.000791042 0.009320206
0.98543584 0.32845598 0.03955651 0.47133008 0.7487037 0.85833895 7.7525646e-14 0.19800979 0.08270271 0.16304328 0.5730165 0.5162998 0.5547649 0.105141945 0.20001742 0.5303376 0.08154979 0.80262536 0.0044708713 0.017737783 0.003998682 0.15357353 0.2450356 0.0064123184 0.01566043 0.008756013 0.00011202137 0.022476606 0.00012680244 0.0017933123 0.15803449 0.09435695 0.12861091 0.064081825 0.0003823991 0.00044044666 0.045843497 0.26838356 0.033724222 0.010390141 0.05342854 0.0003367486 0.00012700733 0.025171347 0.03633383 7.476965e-05 0.009021358 0.33190763 0.17931867 0.16948631 0.35789514 0.003351109 4.2547927e-05 0.25298578 0.11630488 0.12172381 0.053705204 0.00023177039 0.14824516 0.009964789 0.0054720384 0.08350312 0.00029408818 3.2360515e-07 0.009659564 0.012040924 7.865057e-05 0.00079720514 0.30284056 0.033724718 1.9687971e-07 7.644117e-06 0.0060930066 0.018187644 0.07250858 0.018401222 3.6643956e-05 0.0022666934 0.027197763 9.005176e-06 0.16792397 0.0016911152 0.00019167276 0.005706518 0.0017347399 0.0011446199 0.0036991285 2.4528334e-05 8.654054e-05 0.00035851574 1.646332e-05 0.0008904996 0.0016255333 0.0038801674 0.00030505037 0.00011743804 0.00010341647 3.1212258e-07 1.0754652e-05 0.0005399708 0.011179252
0.9918454 0.8653691 0.34127447 0.5830517 0.42601937 0.27484477 0.19800979 2.1954415e-14 0.49078164 0.032069486 0.157356 0.3210799 0.19033386 0.45215145 0.2641182 0.032809116 0.051355224 0.18725686 0.02238475 0.18679236 0.283039 0.0051606214 0.16813083 0.59452826 0.38967502 0.34242317 0.09568016 0.37853992 0.46054065 0.15029895 0.04040796 4.2593765e-05 0.00018901976 0.223352 0.055170365 0.12717393 4.2760064e-05 0.05940647 0.029188398 9.44514e-06 0.19133961 0.016840266 0.05144538 0.056426037 0.019727355 0.0310492 0.067388006 0.002770938 0.014804243 0.000118985656 0.00653309 0.07253652 0.029297337 0.025051786 0.005980145 0.0020288525 0.0012857831 0.017835557 0.0015717008 2.7150596e-05 0.021711407 0.0002331306 2.2117035e-06 0.0039165 2.6280099e-05 0.0026408723 0.008116613 4.241243e-06 0.050592262 0.00010476451 0.004771445 2.1575474e-08 0.053020757 3.975639e-05 0.003684865 2.2341097e-05 1.2394007e-08 0.00040050666 1.3021478e-06 2.2544025e-08 0.016301192 2.4153735e-06 5.926049e-08 2.090804e-06 0.030984256 6.5388616e-07 0.05891584 1.2229042e-07 2.4543668e-08 5.498874e-07 0.0014632932 6.0252313e-07 1.6673015e-06 0.035197202 0.0003025082 5.8058777e-08 9.643321e-08 0.0029853627 0.007925496 0.00068754127 0.052886967
0.9743269 0.6024234 0.05229526 0.25321436 0.45325375 0.14299655 0.08270271 0.49078164 7.8642245e-16 0.00862976 0.15978926 0.18538868 0.12612678 0.8634113 0.6401039 0.017431868 0.01010682 0.18493 0.0055133807 0.63584113 0.016907709 0.0010316641 0.41859382 0.49170694 0.41626307 0.23976469 0.005673079 0.08250006 0.005352688 0.049396798 0.27136335 3.8931826e-06 4.989163e-06 0.40733632 0.0070563057 0.0056942645 2.7121182e-06 0.038684145 0.114584066 2.5520746e-06 0.036773246 0.00086309895 0.0029185119 0.08024315 0.0014864677 0.0010643213 0.2585821 0.0010668252 0.020031122 5.5479163e-06 0.0044797123 0.0069974917 0.0017106251 0.042326927 0.008360665 0.0059388555 0.0065030353 0.0006568591 0.004772364 2.4045952e-05 0.002966904 0.00014783522 4.7086445e-08 0.00016984051 1.003975e-06 0.03253768 0.001486828 2.0964652e-07 0.00823834 0.0007340746 0.00013593124 1.12587495e-08 0.010382846 0.00023310108 0.00042898548 2.7721682e-05 5.2118455e-08 9.206235e-06 7.524282e-05 3.26391e-08 0.003038421 1.832251e-07 2.462202e-08 3.769897e-05 0.0020063003 2.5415613e-07 0.022332132 6.335521e-08 3.6471672e-08 0.0004718312 0.0015441033 5.3431275e-05 2.0444147e-06 0.0032420922 0.006577909 1.2082229e-06 2.1492242e-06 0.00046120043 0.0011493673 0.0028955815 0.01064374
0.77185524 0.039256923 0.8383507 0.4154723 0.044717375 0.38257965 0.16304328 0.032069486 0.00862976 5.7605866e-19 0.7290107 0.65980476 0.7746884 0.008288832 0.0070279953 0.6505691 0.8685602 0.0737841 0.4386039 0.0011401662 0.009487681 0.5934391 0.0032011135 0.0027637766 8.263697e-05 0.00082188944 0.049897615 0.07772672 0.004469428 0.00021190237 0.0003766494 0.035145443 0.021137057 0.00024515882 0.00065491186 0.023719586 0.006938728 0.0017823551 5.2939835e-05 0.013962743 0.1357726 0.008461646 0.055219594 2.8632858e-05 0.56060046 0.018715274 2.064889e-06 0.21478356 0.0002776845 0.0009653951 0.0032896919 0.05373945 0.020293862 4.8868045e-05 0.0001962043 6.632055e-05 1.810955e-05 0.008049584 3.5525823e-05 0.021094771 0.14804503 4.9854938e-05 2.637745e-05 9.225688e-05 2.8721797e-05 2.877656e-06 0.0012840277 1.3963213e-06 0.12832597 9.711391e-07 6.9336566e-05 1.3649977e-05 0.018889004 4.775523e-07 0.018952316 1.0725496e-06 0.00040630272 0.029920125 1.0248199e-06 6.872229e-07 0.06093328 4.505444e-07 0.0036999274 1.8212123e-06 0.023485465 3.6620688e-07 0.014657716 1.3230087e-07 0.0028954588 2.8987602e-08 3.71942e-08 3.7510725e-07 4.3200213e-08 0.05681471 1.0929228e-06 2.6016057e-08 7.2812156e-08 4.024553e-08 0.004119502 8.105876e-06 0.0059291925
0.98943835 0.28152493 0.29156658 0.64875656 0.49354443 0.63283634 0.5730165 0.157356 0.15978926 0.7290107 5.3479356e-14 0.69173443 0.8942736 0.14771771 0.20359285 0.20522586 0.31828523 0.17984203 0.053407382 0.01163447 0.014821272 0.09522798 0.13435982 0.041334096 0.018021272 0.012244715 0.001947322 0.016675618 0.0005702478 0.0062822606 0.073786184 0.009337569 0.020834008 0.05654083 0.004696951 0.0003830846 0.010823317 0.09552521 0.008734806 0.0014742406 0.035637457 0.0047787265 0.0012446363 0.008286836 0.13111255 0.00013804367 0.0062677814 0.09687582 0.05613121 0.03813738 0.10812893 0.0012946997 0.00017185205 0.055717792 0.02198125 0.025231674 0.006453271 0.002551733 0.03402274 0.0010296786 0.018169371 0.018565483 6.0386235e-05 9.642688e-06 0.00033307655 0.0008172296 0.00020752336 0.00013331609 0.13890125 0.0021329282 1.1907135e-06 2.1086155e-06 0.002195051 0.0016433821 0.008943743 0.0021761998 9.268658e-06 0.0041756066 0.00022719198 1.0223931e-06 0.04495909 0.00011410635 4.2492982e-05 0.00022822284 0.008209537 1.9628264e-05 0.0006724886 7.87431e-07 1.6685843e-05 5.7742877e-06 1.46351285e-05 1.03411385e-05 3.6673642e-05 0.013825079 7.4614705e-05 2.4096769e-06 2.2999106e-06 1.8699308e-07 5.4490692e-06 0.00010750206 0.0026379174
0.9946217 0.38517666 0.787348 0.7613803 0.43527284 0.51930165 0.5162998 0.3210799 0.18538868 0.65980476 0.69173443 1.5491421e-13 0.73536474 0.1518147 0.14902596 0.1383574 0.2886954 0.10782338 0.16454701 0.021405123 0.07796683 0.053220782 0.09201184 0.20952664 0.041039474 0.042578243 0.03712592 0.23258989 0.011921453 0.024976447 0.02122159 0.002951062 0.0043065813 0.053039696 0.018273024 0.019671548 0.0020202452 0.07847816 0.0059816483 0.00055345555 0.27033016 0.03233644 0.014005523 0.00925191 0.22392267 0.0052360953 0.002628044 0.05444816 0.045081254 0.0076002055 0.060131066 0.03348923 0.0054504056 0.03450322 0.019632805 0.015864255 0.005582053 0.020595808 0.0034836186 0.0010181931 0.10741834 0.0051734797 6.531753e-06 0.00077513995 3.0432177e-05 0.0013387413 0.0038873432 1.2062708e-05 0.24770212 0.0001994243 0.00043723165 4.211933e-07 0.030945187 0.00019116947 0.009482818 0.00035045596 2.3957998e-06 0.005043273 1.7269282e-05 1.3933555e-07 0.06782027 1.4314462e-06 1.7306193e-05 2.4161554e-05 0.039526094 1.7995927e-06 0.018672215 1.7809141e-07 1.287679e-05 2.3456594e-06 1.4709023e-05 8.896325e-06 1.2466457e-05 0.07228439 4.4050103e-05 1.71475e-06 1.3954227e-06 3.8344733e-06 0.0024275307 0.00020614103 0.027218778
0.987609 0.27351373 0.37804088 0.63841236 0.44587398 0.5635073 0.5547649 0.19033386 0.12612678 0.7746884 0.8942736 0.73536474 5.310449e-14 0.1499577 0.16553138 0.20694625 0.3708878 0.17483427 0.07116184 0.011143747 0.02170573 0.110639386 0.094582096 0.08480844 0.01920487 0.013594837 0.0044438103 0.03660965 0.0011403988 0.007665628 0.037752427 0.010755812 0.021083856 0.05200116 0.007160386 0.0010506217 0.0086314175 0.079943374 0.005716039 0.0012725957 0.071465 0.009564985 0.002669744 0.009075671 0.16247594 0.0003844928 0.0027876827 0.11607523 0.042713292 0.029277354 0.0866729 0.0025329632 0.00040205792 0.0439687 0.019372713 0.017746566 0.0045001176 0.00422975 0.011542212 0.0012563161 0.030165127 0.014452727 3.116975e-05 1.7163968e-05 0.00022940576 0.000798782 0.00051697163 8.469578e-05 0.19083701 0.0006883348 8.61271e-06 1.3036288e-06 0.0030091805 0.0005998075 0.008397283 0.0009965596 7.436667e-06 0.005529356 4.64153e-05 3.791335e-07 0.05152417 4.222789e-05 6.4056476e-05 0.00015776829 0.012128143 1.3262605e-05 0.0011056166 4.7167956e-07 1.9848821e-05 2.5788058e-06 3.033542e-05 4.37921e-06 1.4136183e-05 0.023746997 4.1038857e-05 8.6279556e-07 7.1170757e-07 4.379981e-07 1.9009729e-05 0.000120358265 0.003804619
0.96837914 0.53094333 0.041343298 0.20347245 0.5361298 0.15786129 0.105141945 0.45215145 0.8634113 0.008288832 0.14771771 0.1518147 0.1499577 1.0936154e-15 0.7985569 0.013929119 0.011766664 0.1918838 0.0038171522 0.83989835 0.013419081 0.0024128468 0.6105755 0.5475613 0.46050665 0.23122874 0.0034632448 0.05991093 0.006672289 0.03826324 0.43421662 2.5048059e-05 8.4484986e-05 0.575871 0.005394065 0.007943351 2.4543424e-05 0.06998484 0.27088657 8.965252e-06 0.042867336 0.00028132324 0.0022176777 0.18895133 0.00221284 0.0015350669 0.4357785 0.002032941 0.03224496 2.4274703e-05 0.008409632 0.010083983 0.0030787936 0.05782658 0.01618357 0.011918617 0.014174976 0.00036095563 0.00896814 0.00015458242 0.0015544978 0.0002735312 1.3334169e-07 0.00031359188 9.38282e-07 0.038951077 0.00081143837 4.834014e-07 0.00645477 0.0014836268 0.00044172353 8.554874e-08 0.008809543 0.00068976963 0.0011633998 7.495348e-05 1.0800378e-07 7.160174e-06 2.6125941e-05 9.717287e-08 0.0018979588 6.1306304e-07 5.2499473e-08 0.00019106029 0.001057558 7.229567e-07 0.018156735 4.801576e-07 1.7118343e-07 0.00021465431 0.002497257 5.453221e-05 6.971467e-06 0.0023539162 0.013242732 1.3414927e-06 4.207483e-06 0.0021653685 0.0009786938 0.0029657315 0.010068349
0.95655453 0.33793 0.024491182 0.1993601 0.6999237 0.21076459 0.20001742 0.2641182 0.6401039 0.0070279953 0.20359285 0.14902596 0.16553138 0.7985569 2.3272283e-13 0.013115531 0.010643411 0.2659632 0.001744238 0.8393599 0.005284201 0.0037394413 0.852837 0.39028826 0.20508055 0.069256015 0.00068995287 0.031085158 0.003172016 0.0152460765 0.4417187 0.00013073078 0.00047357354 0.6436473 0.0010831706 0.0019380089 0.0002590895 0.33586392 0.4024578 4.996779e-05 0.014264839 9.883279e-05 0.00089460326 0.36988935 0.001068597 0.0003470944 0.41231892 0.0038769087 0.21471734 0.00015986538 0.07067984 0.0017626008 0.0011349323 0.1899501 0.07850284 0.054825757 0.092205964 1.9562744e-05 0.02393729 0.00026627857 0.0004510055 0.0050305603 7.416054e-07 1.27058875e-05 2.2338307e-05 0.16943707 0.000109966735 2.5200893e-06 0.00409103 0.022794973 1.9065921e-05 3.4472004e-07 0.0020019824 0.029737547 0.0013454019 0.005528394 1.4108298e-06 2.0636094e-06 0.0011983394 5.684779e-07 0.001846326 2.8556095e-05 2.8856655e-07 0.0030430306 0.00021624545 2.8897774e-05 0.008836965 3.6752083e-06 2.4510047e-07 0.0043174787 0.0005427422 0.0026645972 3.89216e-05 0.00072323816 0.022082668 9.1118774e-05 0.00016290716 0.00035540664 7.039858e-05 0.0052757137 0.0028068875
0.7118114 0.03273299 0.049358025 0.14626944 0.18201797 0.63703126 0.5303376 0.032809116 0.017431868 0.6505691 0.20522586 0.1383574 0.20694625 0.013929119 0.013115531 5.025549e-18 0.31558812 0.8045851 0.009981054 0.00030882878 0.0002612695 0.93703526 0.008209796 0.0014136656 4.28138e-05 6.587589e-05 0.0045927423 0.07567158 0.0028871056 6.751889e-06 0.0020106789 0.1231037 0.188906 5.321322e-05 0.00013261625 0.017086247 0.17706114 0.004312212 0.00015848581 0.022013115 0.07320533 0.00011305716 0.005800909 1.0428598e-05 0.06374259 0.01657349 7.042816e-06 0.13561267 0.00050243875 0.029459348 0.026147436 0.031627443 0.0055191363 0.0010372801 0.00045388678 9.573677e-05 1.9578105e-05 4.513228e-05 0.00029604472 0.00920221 0.0017510412 0.00010067439 0.00015644591 3.8632486e-05 9.182476e-05 1.4588065e-06 3.227736e-05 0.00070059753 0.1752131 1.9240137e-05 6.2470076e-06 4.6157904e-05 0.018011065 7.7321766e-07 0.040756498 2.1312912e-06 0.0007972455 0.013278887 8.635353e-06 7.0872234e-06 0.14343569 1.9479323e-05 0.008205044 7.2038306e-06 0.0028197968 1.283833e-06 0.03560292 3.3164397e-07 0.008595742 1.2236139e-08 1.13985784e-07 9.4100795e-07 4.4715895e-07 0.0149803925 1.2813689e-05 4.1273385e-08 8.208161e-08 1.1281972e-07 0.007139245 4.1760663e-06 0.011735218
0.99099016 0.030252159 0.14119661 0.17357895 0.035889775 0.13561742 0.08154979 0.051355224 0.01010682 0.8685602 0.31828523 0.2886954 0.3708878 0.011766664 0.010643411 0.31558812 3.1595924e-17 0.04282424 0.22664405 0.00043225507 0.03346627 0.6250924 0.0024298653 0.008178643 0.0006390871 0.002433737 0.01584627 0.11552577 0.001459961 0.001043492 7.3708936e-05 0.10682636 0.054321595 0.0006033694 0.002040093 0.005932847 0.02585766 0.002112732 2.3963743e-05 0.059477944 0.152973 0.021425284 0.011713269 0.00014193617 0.8339199 0.0030602405 3.3360934e-06 0.54742235 0.00069867686 0.013643211 0.010258311 0.02979662 0.001811627 0.002328369 0.00094025506 0.00044831418 4.884726e-05 0.020218594 0.0003819204 0.042986467 0.23385163 0.000738028 0.0004208677 8.5509804e-05 0.0005551763 1.633408e-05 0.0014598615 4.2360833e-05 0.647096 3.788203e-06 1.385708e-05 8.307314e-05 0.023412965 1.5132739e-05 0.10513389 2.3490855e-05 0.00073702144 0.39954412 4.2686256e-06 1.6478918e-05 0.55410534 2.1906664e-05 0.0049147676 6.0130336e-05 0.06373462 3.1619763e-06 0.008750641 2.1921135e-06 0.003645396 3.2152133e-07 5.2830515e-06 1.3508968e-06 2.387288e-06 0.08565988 8.538671e-06 9.59479e-07 6.729534e-07 8.472157e-08 0.0011952029 6.621298e-05 0.0035781963
0.76654893 0.13051844 0.039062798 0.19755799 0.8226724 0.68662155 0.80262536 0.18725686 0.18493 0.0737841 0.17984203 0.10782338 0.17483427 0.1918838 0.2659632 0.8045851 0.04282424 1.7892322e-16 0.0030922943 0.054500975 0.0025107253 0.55728513 0.33109948 0.024378233 0.0054893154 0.004410116 0.0006287721 0.04200405 0.0009469561 0.00082779425 0.9323166 0.06617129 0.11775465 0.011460814 0.000119800796 0.0023881774 0.17374296 0.215098 0.07770156 0.01152651 0.017657135 2.1341195e-05 0.0002916855 0.004949981 0.005401339 0.00050509453 0.0049201376 0.047528803 0.050971225 0.28319192 0.51079124 0.0020015778 0.00045516007 0.63172424 0.049332865 0.035026178 0.014444203 7.99309e-05 0.46138388 0.005503691 0.002614895 0.043538466 0.002807096 6.0993312e-05 0.013061882 0.002726002 5.9654605e-05 0.01418731 0.08945333 0.06750621 2.1703143e-05 0.00018905276 0.007698342 0.002222702 0.024262752 0.002525646 0.00028202243 0.0020075326 0.006851097 4.2585925e-05 0.06225558 0.008501053 0.0011838459 0.005188565 0.0006801442 0.00024154889 0.019315656 6.0259157e-05 0.0024862252 4.9889723e-06 8.694113e-06 1.158958e-05 0.0016288293 0.0034327153 0.00020595378 8.577906e-06 4.087767e-06 7.2612556e-07 0.004627934 8.495837e-05 0.009616227
0.9805268 0.012923498 0.77863866 0.09744496 0.004285478 0.013727078 0.0044708713 0.02238475 0.0055133807 0.4386039 0.053407382 0.16454701 0.07116184 0.0038171522 0.001744238 0.009981054 0.22664405 0.0030922943 3.1004594e-14 0.0020108197 0.34909707 0.00088436756 0.00031704493 0.0012674235 0.00041305445 0.0055512306 0.44248503 0.41552386 0.0381566 0.0081888 2.8494587e-05 0.0010744836 0.00037903065 5.0907274e-05 0.045233086 0.21993586 8.2312756e-05 0.00014664014 3.967388e-06 0.00085270114 0.80526125 0.7117892 0.30205896 1.581528e-05 0.3708193 0.13272668 2.0593875e-07 0.012597769 2.1928714e-05 4.11862e-05 0.00020181065 0.28841963 0.092163414 1.0536434e-05 1.3432972e-05 5.4315797e-06 1.0716489e-06 0.5221576 3.789661e-07 0.0021321878 0.8690828 3.9074143e-06 1.0128215e-06 0.0041589234 3.5624057e-06 2.8736068e-07 0.013684349 6.8748185e-09 0.087942235 2.0187338e-08 0.0029084482 2.847907e-07 0.08402859 7.5111295e-08 0.0069590197 6.739755e-08 1.5775347e-05 0.013725153 1.9546695e-08 2.9939674e-08 0.03858068 3.5566838e-09 0.0003538913 8.838531e-08 0.59757483 1.644873e-08 0.046435937 4.6721773e-09 0.00039151148 3.6236179e-09 1.9765969e-07 1.8740172e-07 3.0302875e-08 0.45799834 5.2293007e-08 1.9327334e-08 1.0082202e-07 1.2136374e-05 0.011677956 7.78618e-07 0.10298142
0.06252429 0.10576353 0.04812675 0.037278183 0.13732286 0.027215168 0.017737783 0.18679236 0.63584113 0.0011401662 0.01163447 0.021405123 0.011143747 0.83989835 0.8393599 0.00030882878 0.00043225507 0.054500975 0.0020108197 9.649518e-20 0.0045710364 4.424204e-05 0.8169935 0.45001546 0.5042941 0.56519085 0.014190632 0.04017584 0.06186515 0.106223986 0.049435224 9.602905e-06 4.628525e-05 0.7869418 0.009075554 0.025849232 1.27063595e-05 0.022046847 0.17155212 4.3901787e-06 0.0037314654 6.0202405e-05 0.019331047 0.4879896 9.68686e-05 0.015622556 0.014150793 0.0001673939 0.0013413343 7.441733e-06 0.0026955977 0.0062501845 0.015964895 0.00037023597 0.00024042686 5.1606035e-05 8.4669366e-05 3.1411735e-05 5.670968e-06 6.267114e-05 9.762742e-05 1.2982357e-06 2.5543304e-07 0.005682213 4.673406e-06 0.0022720196 0.0011108085 2.8054835e-08 0.00011259181 5.802164e-06 0.0010745805 1.27814355e-08 0.002595256 1.440762e-06 1.84941e-05 1.5654955e-07 3.4601953e-08 2.912288e-06 2.4340375e-07 1.2329756e-08 9.2216156e-05 6.812883e-08 9.355992e-08 2.2573963e-07 9.779674e-05 9.605268e-08 0.013246444 1.673665e-07 1.3574605e-07 7.21615e-07 0.0023479795 9.600598e-06 4.079363e-08 0.0005486782 0.0007309879 1.3310625e-07 2.853943e-07 0.00094659167 0.020003906 0.002098609 0.0013343279
0.9245461 0.05506139 0.27455392 0.06724925 0.008438224 0.009042819 0.003998682 0.283039 0.016907709 0.009487681 0.014821272 0.07796683 0.02170573 0.013419081 0.005284201 0.0002612695 0.03346627 0.0025107253 0.34909707 0.0045710364 1.0999443e-17 1.8118308e-05 0.0013175781 0.018494533 0.0064628823 0.041805718 0.91133845 0.48520795 0.6854003 0.2215443 9.183903e-05 1.4691022e-05 2.1019348e-05 0.0005650005 0.73822296 0.71055114 1.2238766e-06 0.0006193026 8.778054e-05 3.5060006e-05 0.27746025 0.11792823 0.6907506 0.00015516968 0.045413688 0.44166702 8.241601e-06 0.002150463 3.6477955e-05 2.89439e-06 0.00059453613 0.290309 0.36093804 2.636657e-06 3.1884618e-05 4.592324e-06 4.4289764e-06 0.11707739 1.17339795e-07 0.0002657978 0.080858395 1.9303113e-06 5.44836e-07 0.015649829 2.6059788e-06 1.1428081e-06 0.124087155 4.439656e-09 0.013480766 1.6854385e-08 0.01567422 3.9607244e-07 0.24342173 2.374877e-07 0.0028955955 2.572006e-07 3.6149717e-07 0.00017893968 2.5158888e-08 1.1529922e-08 0.0032493353 1.7435557e-09 1.1243568e-06 3.6506384e-07 0.17170022 1.4396817e-07 0.15778615 5.0739544e-08 2.509015e-06 5.7267453e-08 2.0163472e-05 1.4701667e-06 7.725336e-09 0.18865211 1.7955821e-07 8.125619e-08 3.3943908e-07 0.00024055231 0.020004166 1.4040849e-06 0.10194169
0.6080104 0.0075271283 0.002867297 0.04229501 0.033405 0.15680502 0.15357353 0.0051606214 0.0010316641 0.5934391 0.09522798 0.053220782 0.110639386 0.0024128468 0.0037394413 0.93703526 0.6250924 0.55728513 0.00088436756 4.424204e-05 1.8118308e-05 1.474814e-20 0.0013203222 6.540109e-05 1.4303545e-06 6.9213056e-06 0.00015777386 0.009248894 7.726232e-06 1.0145867e-06 0.00027116918 0.8240674 0.80389106 2.6277894e-05 1.1489683e-06 0.00012396385 0.6473256 0.0008919079 1.1956093e-05 0.5574437 0.009080588 1.0367524e-05 0.00028457557 3.2032235e-06 0.06710123 0.00025452182 7.703963e-07 0.60078144 0.00020495139 0.08666869 0.06920601 0.0004608221 0.00014295556 0.00037339586 0.0003666325 4.4472334e-05 9.89913e-06 4.0255973e-06 0.00043568536 0.115672514 0.00035680362 0.00013750131 0.003396569 8.3272784e-07 0.0017483098 2.068204e-06 1.916022e-06 0.0015133802 0.09490574 1.2920286e-05 5.957745e-07 0.000534273 0.000164549 5.5199115e-07 0.054250445 2.1372527e-06 0.0023523655 0.14263782 2.2848349e-06 1.3095545e-05 0.07995479 5.7613364e-05 0.013236493 4.417107e-06 5.2295527e-05 4.2309334e-06 0.00085159874 1.8272422e-06 0.016584963 3.5992013e-08 5.2781004e-08 1.3001804e-07 5.100786e-07 0.0011469052 1.5259895e-05 2.993048e-08 5.7135008e-08 1.6651823e-09 0.0001337992 2.3979474e-05 0.00045054726
0.899842 0.19832169 0.0046229362 0.11911779 0.6255299 0.1968529 0.2450356 0.16813083 0.41859382 0.0032011135 0.13435982 0.09201184 0.094582096 0.6105755 0.852837 0.008209796 0.0024298653 0.33109948 0.00031704493 0.8169935 0.0013175781 0.0013203222 1.0713579e-13 0.07173832 0.044212844 0.017679788 0.00013966956 0.012080779 0.0009769058 0.0022696634 0.63420826 0.00047780044 0.0016759709 0.6042159 0.00017357491 0.00092732074 0.0016440429 0.6463724 0.8703994 0.0001245186 0.009869076 1.5480555e-05 0.00031305614 0.5784478 0.00014640552 0.00019089019 0.55144954 0.004631703 0.47286052 0.0008846999 0.14190963 0.0004903995 0.00052813697 0.2629962 0.17922573 0.12086253 0.35290578 6.7057817e-06 0.05945383 0.00022267216 0.00021739016 0.0070922384 1.0798309e-05 1.2422225e-05 0.00022190854 0.5383447 0.00013394833 5.5876612e-06 0.0057636206 0.03686628 1.00154175e-05 2.4131539e-06 0.0031747292 0.045291808 0.0017852471 0.008911326 1.1488099e-05 2.9195905e-06 0.0054938686 9.080864e-07 0.004060647 8.092432e-05 1.2215153e-06 0.005101568 5.9183036e-05 0.0002006236 0.009283486 3.236098e-05 4.3637453e-07 0.011519098 0.00019880508 0.0049219774 0.00024648898 0.00046455863 0.037567932 0.0002448441 0.00044607773 0.00037027374 0.00013105983 0.004876191 0.004538162
0.9798255 0.37296984 0.018841768 0.16946304 0.038315054 0.022557957 0.0064123184 0.59452826 0.49170694 0.0027637766 0.041334096 0.20952664 0.08480844 0.5475613 0.39028826 0.0014136656 0.008178643 0.024378233 0.0012674235 0.45001546 0.018494533 6.540109e-05 0.07173832 1.009046e-17 0.9012702 0.77588975 0.005601272 0.118151374 0.13292466 0.24343151 0.015706288 8.565871e-06 5.1026773e-06 0.63945097 0.017546948 0.1224323 8.833092e-07 0.0049441024 0.045009688 1.2151418e-07 0.13823022 0.0003656848 0.007239521 0.1957727 0.0025601021 0.022534283 0.06692949 0.00048474278 0.0022856796 4.5096655e-07 0.00062360795 0.059048902 0.023347532 0.0018159271 0.000268279 5.0288858e-05 0.00063127873 0.00058278826 0.00034845003 2.6290678e-05 0.0017871609 3.633451e-06 2.0007015e-07 0.0049071647 2.8359184e-06 0.019934798 0.0058300924 1.2181052e-05 0.025628652 8.8653054e-05 0.0063031022 2.984548e-08 0.09391656 4.2399875e-05 0.0019249115 3.3185866e-06 5.28643e-09 1.0644095e-05 1.7451595e-05 1.0280761e-07 0.007418425 7.320933e-06 4.7604582e-09 6.446631e-06 0.0014467053 1.0323022e-06 0.11889155 7.615575e-07 1.6028089e-08 5.487376e-05 0.026520185 2.9343275e-05 5.973633e-06 0.006542221 0.018759945 1.3602319e-06 4.2732604e-06 0.24669515 0.011157242 0.019182298 0.07034092
0.8769015 0.18736692 0.009037388 0.071124114 0.03496317 0.021691095 0.01566043 0.38967502 0.41626307 8.263697e-05 0.018021272 0.041039474 0.01920487 0.46050665 0.20508055 4.28138e-05 0.0006390871 0.0054893154 0.00041305445 0.5042941 0.0064628823 1.4303545e-06 0.044212844 0.9012702 4.954969e-16 0.9327302 0.026938174 0.097704224 0.17858742 0.2631965 0.00024089185 6.534046e-06 1.819911e-05 0.4529153 0.017654035 0.082401946 3.202173e-06 0.0031175495 0.0015056172 2.8421307e-05 0.04547083 7.512566e-05 0.031228414 0.06495276 0.0004005636 0.05407249 0.0024177772 5.4140197e-05 0.0003537748 5.3208173e-06 0.00060837687 0.047842152 0.053143 3.8224975e-06 5.067081e-05 1.01344895e-05 4.4895914e-05 0.00013704952 1.1239268e-06 4.5704106e-05 0.00016067315 1.8491046e-07 1.0314686e-06 0.03177224 5.9668e-06 0.0008530223 0.006062767 5.621818e-09 0.0026337572 1.9347583e-08 0.025355803 1.0277179e-06 0.05652941 2.4922e-06 0.00053175533 3.7853698e-07 1.9585777e-07 1.9349864e-05 1.4322211e-07 6.7936e-08 0.002720019 8.449464e-09 5.3094243e-07 6.2088554e-07 0.00015611059 1.3929117e-07 0.09406734 3.4103796e-06 1.0546603e-06 4.3655476e-07 0.0020238366 2.736324e-06 1.2732742e-09 0.0027530503 0.00033730804 8.913955e-08 2.959816e-07 0.027637182 0.026386915 0.0019651405 0.03163175
0.9312556 0.11046613 0.033414375 0.05318702 0.01805945 0.0120495 0.008756013 0.34242317 0.23976469 0.00082188944 0.012244715 0.042578243 0.013594837 0.23122874 0.069256015 6.587589e-05 0.002433737 0.004410116 0.0055512306 0.56519085 0.041805718 6.9213056e-06 0.017679788 0.77588975 0.9327302 3.5206424e-16 0.047854032 0.13123114 0.3252341 0.9221415 0.0004710536 6.073522e-06 1.3636523e-05 0.3422189 0.14731665 0.14721332 3.1277677e-06 0.0015847221 0.002489072 6.250953e-06 0.07214994 0.0010200075 0.057180468 0.05274641 0.0011764353 0.108866446 0.0067698658 0.00017324861 0.0002424323 6.903303e-06 0.0002840902 0.07991529 0.14394957 1.0672495e-05 9.8282646e-05 2.1598915e-05 0.00010082496 0.0015425285 2.550097e-06 0.00011578229 0.0024830522 2.3184664e-06 4.441226e-06 0.158499 2.4354658e-05 0.0028667133 0.023233287 7.7644565e-08 0.0030806041 4.822769e-07 0.11127973 1.7396137e-06 0.11712304 1.2426206e-05 0.00053365325 2.8635575e-06 1.1080126e-07 5.6093893e-05 2.626131e-07 4.4097345e-07 0.0015026557 5.3829826e-08 1.3811326e-07 1.3616965e-05 0.0016921025 4.9167693e-07 0.21979585 1.019954e-05 5.5716157e-07 6.3051666e-06 0.01150431 9.564167e-05 3.829123e-08 0.010799913 0.002301381 1.3394769e-06 6.8692907e-06 0.22206901 0.12467288 0.0036302942 0.059466895
0.9849015 0.019205257 0.280037 0.022615612 0.0012122106 0.0014773579 0.00011202137 0.09568016 0.005673079 0.049897615 0.001947322 0.03712592 0.0044438103 0.0034632448 0.00068995287 0.0045927423 0.01584627 0.0006287721 0.44248503 0.014190632 0.91133845 0.00015777386 0.00013966956 0.005601272 0.026938174 0.047854032 3.24031e-18 0.3151746 0.41461897 0.10618798 0.0003202268 6.987571e-07 5.459027e-07 8.77818e-05 0.7260811 0.45767716 4.7675663e-08 1.4708882e-05 3.539019e-05 4.876367e-07 0.23507993 0.5946905 0.5688613 3.4165257e-06 0.10225295 0.3085156 2.8083494e-05 0.000111238056 1.7201421e-06 1.9630394e-07 8.223479e-06 0.18968064 0.29822728 7.511506e-05 8.087648e-07 5.242236e-07 1.1870734e-07 0.6505486 4.3608193e-06 8.372177e-06 0.123817556 3.0184927e-07 1.1486483e-08 0.025176194 7.524636e-08 3.408734e-08 0.15171692 2.5054052e-09 0.022356872 1.8832549e-07 0.028613433 2.2860116e-08 0.15953417 6.065517e-08 0.0003027033 3.2201367e-08 3.888991e-09 0.0022383828 1.8769308e-09 6.4076655e-10 0.004727327 3.644493e-10 1.4761325e-07 5.998775e-08 0.16123143 1.8959094e-10 0.1728528 1.0880234e-10 1.2384525e-07 4.2520623e-09 3.64598e-05 5.8883714e-08 1.5736e-10 0.10548465 1.2863097e-08 4.4241193e-09 2.4677261e-08 0.00015663373 0.04440113 6.01168e-09 0.083191216
0.9985286 0.15838048 0.4652461 0.2778957 0.07058162 0.058162 0.022476606 0.37853992 0.08250006 0.07772672 0.016675618 0.23258989 0.03660965 0.05991093 0.031085158 0.07567158 0.11552577 0.04200405 0.41552386 0.04017584 0.48520795 0.009248894 0.012080779 0.118151374 0.097704224 0.13123114 0.3151746 7.7140593e-16 0.17976005 0.24571331 0.013300921 1.5098223e-06 1.7211264e-06 0.018541323 0.09324841 0.22619325 9.993802e-07 0.0022499883 0.005245472 5.9470557e-07 0.4482635 0.4024752 0.14044634 0.0029713325 0.07538354 0.054353174 0.001210599 0.0001069663 0.00016231631 4.0891937e-06 0.00073257624 0.13002135 0.051526785 0.0035720472 9.267779e-05 1.6604507e-05 1.4186964e-05 0.24950534 0.00054969685 2.50147e-06 0.17141409 9.926603e-06 1.7172882e-08 0.0030056885 1.7432114e-07 3.342059e-05 0.010711635 2.4809452e-08 0.0023393184 5.3230677e-05 0.002546902 2.3251476e-09 0.048946545 2.724166e-05 0.00015598586 5.507237e-06 2.662844e-08 0.00048449365 1.2381207e-07 1.5337218e-09 0.0008505116 3.451837e-08 1.0512064e-07 5.2130135e-06 0.13439935 5.12983e-08 0.032605313 2.871645e-09 1.629693e-08 1.0697373e-06 0.0001831099 3.4884988e-06 3.659698e-07 0.10307477 9.834861e-06 2.7548268e-07 2.6639248e-07 0.00012572353 0.009877 4.7692152e-05 0.03212957
0.9879514 0.030573677 0.13448787 0.013360915 0.00078747876 0.000469481 0.00012680244 0.46054065 0.005352688 0.004469428 0.0005702478 0.011921453 0.0011403988 0.006672289 0.003172016 0.0028871056 0.001459961 0.0009469561 0.0381566 0.06186515 0.6854003 7.726232e-06 0.0009769058 0.13292466 0.17858742 0.3252341 0.41461897 0.17976005 4.743185e-16 0.7441429 0.0025110282 5.5312544e-08 3.6864517e-08 0.018013392 0.8166503 0.316635 1.02935696e-08 0.00020967206 0.0009678841 5.5064962e-08 0.20241858 0.046597723 0.34779996 0.002857387 0.0037708515 0.17032334 0.001061847 5.30718e-06 2.3930013e-05 4.5376744e-08 1.4601656e-05 0.1587122 0.26826975 0.0007624576 6.1601304e-06 1.2106578e-06 2.4824483e-06 0.12607488 5.5334544e-06 1.5595463e-06 0.027628118 1.1977337e-06 2.3523854e-09 0.11442925 4.3728374e-08 5.131056e-05 0.102117255 3.0380193e-08 0.0040849983 8.040785e-06 0.11508856 3.1402956e-09 0.21331531 6.3784165e-07 2.7700538e-05 3.7028553e-07 8.826006e-10 2.3355242e-05 3.7624098e-08 1.2624508e-08 0.0008409355 4.327433e-09 1.3358652e-08 1.0836757e-07 0.064811185 1.6077937e-08 0.26840466 1.5241401e-08 1.0607688e-08 1.1865012e-06 0.0016143576 2.8181971e-06 2.8180614e-07 0.06755183 7.5889024e-05 2.3014651e-07 6.695401e-07 0.04610052 0.06806455 0.0009007005 0.11036955
0.96553123 0.024482705 0.042725865 0.023984365 0.0025599154 0.0035181704 0.0017933123 0.15029895 0.049396798 0.00021190237 0.0062822606 0.024976447 0.007665628 0.03826324 0.0152460765 6.751889e-06 0.001043492 0.00082779425 0.0081888 0.106223986 0.2215443 1.0145867e-06 0.0022696634 0.24343151 0.2631965 0.9221415 0.10618798 0.24571331 0.7441429 7.756343e-16 1.4179916e-05 1.9889581e-05 2.4864847e-05 0.012251524 0.8094012 0.38066596 3.2795765e-06 0.00019347512 7.523012e-05 1.5641763e-05 0.16218436 0.0009501516 0.12631501 0.0021322216 0.0008522629 0.273778 4.9133432e-05 0.00014365473 2.9556275e-05 1.7638315e-06 0.00018063503 0.18245211 0.4042479 4.839801e-06 3.121589e-05 5.736793e-06 1.5239258e-05 0.009249886 1.0485331e-07 5.804021e-05 0.0016377029 1.0825473e-06 1.4291874e-06 0.7343907 8.788488e-06 8.349616e-05 0.08478378 2.5531783e-09 0.003357518 6.400917e-08 0.6130812 2.1967918e-07 0.2800588 1.403951e-06 0.00023944181 5.4595375e-07 2.6471405e-08 3.5252199e-06 4.7346443e-08 3.73479e-08 0.0014294035 5.917563e-09 1.9853421e-07 6.9232954e-07 0.0036706566 1.8623459e-07 0.46025172 3.5908508e-07 8.8604196e-07 2.8269577e-07 0.00093450025 1.7588729e-06 2.432115e-08 0.019837763 7.632517e-05 1.0698806e-07 3.8004174e-07 0.32783833 0.28643808 0.00044581213 0.09602795
0.157694 0.06765619 0.0007254255 0.04056493 0.5828663 0.14175163 0.15803449 0.04040796 0.27136335 0.0003766494 0.073786184 0.02122159 0.037752427 0.43421662 0.4417187 0.0020106789 7.3708936e-05 0.9323166 2.8494587e-05 0.049435224 9.183903e-05 0.00027116918 0.63420826 0.015706288 0.00024089185 0.0004710536 0.0003202268 0.013300921 0.0025110282 1.4179916e-05 1.0337442e-16 0.0020100183 0.012589997 0.0102160275 5.6525887e-06 0.0017533171 0.008107411 0.7797649 0.79367137 0.0007978003 0.0037173394 1.8451561e-06 0.0012832577 0.0053686127 9.714637e-06 0.0019782088 0.0030109517 0.0019167943 0.49848104 0.01594936 0.39169464 0.0015297291 0.001470598 0.55381066 0.15958081 0.080042735 0.2501791 2.963006e-06 0.24488685 0.0012342569 5.9126666e-07 0.0059823156 8.456587e-06 0.00021975704 6.261964e-05 0.007924918 2.9115297e-06 8.331942e-05 0.0011889163 0.014287385 4.301567e-06 4.270659e-07 0.0028914728 0.00025471218 0.0016881799 0.00029467212 1.0165718e-05 4.092329e-05 0.00082544266 7.2129325e-08 0.001978908 5.6346526e-05 2.8444342e-06 0.00020520817 5.6615386e-06 1.4354729e-05 0.013224148 4.8465445e-06 2.0910324e-05 9.346156e-06 5.1431152e-06 1.8330762e-05 5.091536e-06 0.00016405259 7.789343e-05 2.7307894e-06 1.6362899e-06 1.1606154e-06 0.0070516407 0.00014100577 0.0008142613
0.93470114 5.559281e-05 0.00048567913 0.00039345937 0.0062530343 0.057848897 0.09435695 4.2593765e-05 3.8931826e-06 0.035145443 0.009337569 0.002951062 0.010755812 2.5048059e-05 0.00013073078 0.1231037 0.10682636 0.06617129 0.0010744836 9.602905e-06 1.4691022e-05 0.8240674 0.00047780044 8.565871e-06 6.534046e-06 6.073522e-06 6.987571e-07 1.5098223e-06 5.5312544e-08 1.9889581e-05 0.0020100183 1.1806265e-13 0.7677598 0.0009146974 1.1481161e-06 3.281801e-08 0.6745438 0.0014738919 0.00034099878 0.90230405 0.0001203252 6.916202e-05 8.071159e-07 0.00018103134 0.055584013 5.2436007e-09 4.4785756e-07 0.6271819 0.0020128938 0.24865654 0.13394754 3.364544e-07 1.3512072e-08 0.028330972 0.002165731 0.0028095015 0.00046570957 3.304232e-05 0.07238824 0.44187462 0.0026779948 0.042302545 0.33032805 5.0292064e-09 0.12990092 0.00032295726 3.1317393e-07 0.025370333 0.055611685 0.0026436204 3.0894345e-09 0.14562277 2.2120215e-08 0.0007767927 0.10860379 0.009903815 0.12716784 0.035043877 8.143451e-05 0.030333618 0.07873703 0.02535331 0.020604752 0.0028562155 0.00052630145 0.006380078 2.6170438e-08 0.007251939 0.019965071 6.9000544e-07 5.4012402e-05 2.5613278e-06 0.002140575 0.0013868591 0.00020277256 9.141444e-07 5.504315e-07 2.3476803e-08 1.4793054e-08 0.00014253925 1.6445822e-05
