5.2600017e-19 0.9850904 0.98582226 0.98613167 0.9429416 0.98821974 0.9265657 0.98635316 0.9241701 0.9911868 0.98972696 0.82509816 0.9597928 0.26262158 0.9807851 0.9652256 0.99345106 0.98697966 0.25511307 0.9851374 0.9593593 0.7779747 0.96613014 0.9996218 0.2373028 0.9777529 0.9925568 0.96405774 0.96541595 0.27304623 0.30145437 0.99020046 0.9253997 0.9914378 0.19452716 0.9989973 0.5834566 0.8288919 0.7677176 0.99927056 0.995793 0.9392129 0.17737162 0.98300594 0.763866 0.9301137 0.90480626 0.957263 0.9986566 0.9819309 0.9995712 0.8516819 0.95334953 0.6828964 0.08996755 0.9971858 0.999393 0.4130268 0.8068471 0.92489547 0.64107263 0.81014967 0.99966663 0.9994656 0.02935115 0.5771389 0.9913273 0.98474175 0.058303174 0.0034607106 0.03559978 0.9985596 0.982959 0.85308003 0.99994695 0.9456695 0.68352395 0.04135157 0.13657723 0.92341375 0.25940388 0.027623948 0.16956449 0.34964356 0.99908555 0.06929139 0.17726058 0.7710425 0.010365265 0.0053810226 0.00073998794 0.0017850191 0.006876829 0.0031065354 0.0020454125 0.9422454 0.0075214775 0.9999966 0.0027388071 0.0034235173 0.99998486
0.9850904 1.6253933e-12 0.7876991 0.65183467 0.19966258 0.68204737 0.7041756 0.4770474 0.8456937 0.50783324 0.3454512 0.25237024 0.6752972 0.81876343 0.35679606 0.021562416 0.018107746 0.037243634 0.4384137 0.014770291 0.0020621854 0.031207174 0.07797755 0.19246075 0.04631546 0.21709834 0.01719997 0.0056801764 0.004228294 0.018959768 0.058999788 0.0013742219 0.0024386628 0.0007631661 0.007657966 0.00100451 0.54681 0.005499462 1.6173939e-05 0.0012311904 0.0014209787 5.7174613e-05 0.0063879434 7.4547456e-06 8.001106e-05 0.010378604 0.09489744 3.5710846e-07 8.200882e-05 1.3112503e-05 0.0431177 0.3319155 1.1007832e-07 0.4585368 1.0078775e-06 2.2790375e-06 0.027081508 0.581387 0.011079984 0.030553605 0.05850151 3.8517765e-06 0.0035862043 0.0055050114 3.8475413e-05 0.04525347 1.4138739e-06 0.00027187014 4.3094833e-06 0.029794218 0.00033827464 0.00023059991 6.0875614e-06 5.5767663e-07 0.017707335 1.6265906e-08 1.9657007e-06 2.7360098e-05 0.041044563 6.6623625e-07 0.014311851 0.00031339278 3.4378503e-05 1.0152832e-05 0.0011439444 2.9840916e-07 9.0518775e-08 6.681569e-08 0.0014539834 0.00072942034 0.024615591 6.995407e-05 0.00017025729 0.0012034547 2.3612299e-07 2.7979182e-05 1.301723e-08 0.017379101 9.89694e-06 9.511882e-07 0.004933778
0.98582226 0.7876991 3.6527868e-11 0.65600204 0.5491264 0.7876631 0.5164008 0.36392596 0.6975936 0.8011849 0.8447696 0.76750016 0.24923559 0.45296907 0.19184202 0.43372738 0.39396378 0.20125893 0.15580176 0.070305765 0.034527533 0.014628468 0.10501455 0.4230568 0.07393916 0.13031806 0.35642442 0.032019526 0.022043815 0.017710762 0.041165568 0.06906537 0.035795342 0.017010864 0.00824214 0.028530596 0.22247386 0.018107254 0.0008534052 0.03632574 0.014965742 0.0028711662 0.012448375 0.0006511096 0.0024786836 0.009960462 0.043496083 4.4212222e-05 0.0015291363 0.0006118082 0.26294342 0.121310174 1.8320572e-05 0.12250245 6.722824e-05 0.00013673371 0.25087395 0.14423215 0.010130882 0.013292653 0.027460039 0.00036044107 0.032212198 0.020800516 0.0004043699 0.011527834 0.00017067348 0.013192077 0.00012465488 0.002209293 0.0014606394 0.0053346097 0.00015892686 0.00010302114 0.08341595 1.8663144e-05 7.3207964e-05 0.0005704015 0.005726862 9.4786585e-05 0.0025930183 0.0006981327 0.0024397853 0.0008041131 0.0147867035 1.9741105e-05 1.1700016e-06 5.4935703e-05 0.00045915274 0.00020097499 0.0009008496 8.920984e-05 8.966804e-05 0.00019708778 3.1369298e-06 0.001352291 1.4253483e-07 0.08998761 4.3337673e-06 3.0296637e-06 0.014456117
0.98613167 0.65183467 0.65600204 1.333379e-14 0.45202166 0.3649553 0.8687831 0.74995077 0.81100357 0.32066336 0.55440205 0.11262301 0.63743186 0.67711574 0.19347988 0.014032625 0.022744248 0.19140214 0.6530496 0.0033579536 0.014347053 0.12833099 0.025362464 0.2530863 0.016580638 0.12340709 0.017787943 0.0010426571 0.0005021925 0.050849456 0.024970215 0.0064155236 0.0006953347 7.666848e-05 0.022158088 0.0017458297 0.69312745 0.0010828392 9.11505e-05 0.0020092698 0.0034445538 0.00040713802 0.0032224655 9.4960305e-05 0.0011817607 0.0012059156 0.034438215 3.2057449e-06 4.5849197e-06 1.0364325e-06 0.029330207 0.1892665 6.688795e-07 0.42982236 9.1281645e-06 1.6431854e-05 0.024867527 0.4553777 0.002153487 0.005487109 0.02448344 7.602528e-05 0.0015466264 0.011650713 0.0003191067 0.01840956 2.7566664e-05 0.0012591223 5.1338262e-05 0.008571806 9.7255535e-05 0.0012062726 2.3315964e-07 1.7296745e-08 0.011241264 1.5965694e-06 4.6317484e-07 5.7042184e-06 0.01635234 6.061515e-08 0.00460103 6.705498e-05 0.00015252759 1.6967231e-06 0.0032483437 3.6807116e-08 2.4392927e-08 5.3042245e-06 0.00085967086 0.0002586118 0.0054428503 0.00020451286 4.517832e-05 0.00050925824 2.3774276e-06 0.00028503189 1.1965007e-08 0.016338754 3.4228688e-06 7.5075945e-07 0.0072791553
0.9429416 0.19966258 0.5491264 0.45202166 1.7343422e-16 0.045152657 0.68210006 0.470251 0.26795188 0.06707318 0.8197727 0.47468457 0.0071474677 0.1529475 0.0023662876 0.2593172 0.7354791 0.5178548 0.10205088 0.0009646344 0.87391996 0.02161632 0.00050339196 0.5123084 8.934398e-06 0.00037245604 0.28913286 0.00033272288 0.00019390957 0.00096580817 0.00022002232 0.6392121 0.0031713883 0.0010323545 9.828752e-05 0.23423842 0.00084719167 0.0011548301 0.31880698 0.15466984 0.46872798 0.14256515 1.7282708e-05 0.110402785 0.00052344584 2.5384402e-06 3.7428927e-07 0.015593076 8.538969e-05 9.269228e-05 0.120451026 3.913278e-05 0.0035222124 2.7393671e-05 0.00040290368 0.08078003 0.061092008 3.5206103e-06 7.9387644e-07 2.4887427e-07 4.362048e-07 0.0019641006 0.0039124982 0.26106966 2.3864038e-07 5.0913246e-07 0.078851424 0.07795116 8.742127e-06 2.5178142e-06 3.6732513e-07 0.24224599 2.0486626e-05 4.808996e-07 0.03321954 0.024883486 2.39354e-07 7.85914e-09 3.4291453e-08 2.9832336e-06 4.4863228e-08 1.5293555e-08 0.0048103402 2.2980732e-06 0.5859595 6.609204e-09 1.0830491e-08 0.012752114 1.1243906e-07 9.936082e-08 1.9994903e-07 7.3995407e-06 1.5925911e-08 7.0882514e-08 3.04027e-07 0.09516843 1.8613122e-09 0.09578059 1.2482188e-08 1.1615077e-08 0.13322367
0.98821974 0.68204737 0.7876631 0.3649553 0.045152657 1.1730247e-12 0.12783548 0.12836063 0.44268528 0.8339992 0.30915615 0.8217377 0.30616045 0.25536957 0.6797428 0.16275635 0.05544883 0.009371718 0.030435145 0.21054102 0.0022659206 0.0010901518 0.28879756 0.26544705 0.23179433 0.4316024 0.0982437 0.06906544 0.061963566 0.0040833293 0.1792292 0.0037682634 0.055837095 0.0232001 0.00063289696 0.003908292 0.032930136 0.021639349 3.8274843e-06 0.0044293595 0.0014297572 4.488795e-05 0.02784083 1.4523639e-06 2.3120643e-05 0.0344898 0.14566116 1.9553294e-08 0.0012902285 0.00030200175 0.10550678 0.14746101 5.315559e-09 0.123109385 2.0504042e-07 1.5720042e-06 0.09975293 0.28448492 0.05282934 0.13863984 0.068706535 5.738722e-07 0.034710687 0.006391817 1.3060006e-06 0.059098944 1.3665496e-06 0.0014643228 1.7155556e-07 0.0729881 0.004699991 0.00094456953 5.5804645e-05 7.964004e-06 0.0738979 6.657827e-09 2.686537e-05 0.00087384065 0.04297497 5.362185e-06 0.03301947 0.003411533 0.00012119921 0.00020049562 0.0029886756 7.875846e-06 1.7162291e-06 1.8577877e-08 0.005753002 0.012546014 0.07205155 5.0492232e-05 0.0019195046 0.0055611874 2.5324277e-07 0.00015649531 6.8261215e-07 0.041183386 0.00096587447 1.6714368e-05 0.0060173995
0.9265657 0.7041756 0.5164008 0.8687831 0.68210006 0.12783548 1.2828442e-17 0.88645226 0.8125167 0.044479962 0.64591926 0.3830232 0.37410203 0.73840904 0.025931785 0.07170394 0.045392323 0.5404675 0.80220807 0.00797935 0.14788581 0.3820051 0.01398043 0.21667066 0.01283144 0.025605116 0.066143654 0.0014095864 0.00069721555 0.08774853 0.009514424 0.064967364 0.009923722 0.00076309737 0.03604525 0.010307623 0.61297137 0.003422874 0.01101175 0.0056976434 0.033481423 0.08286538 0.0014153942 0.011045859 0.022949077 0.00066682685 0.0081354175 0.0019379173 0.00019423921 4.127593e-05 0.058732226 0.12183844 0.00070026255 0.20585687 0.00033529854 0.004666846 0.046689965 0.051513366 0.00030707955 0.0004667798 0.0063913935 0.0058264653 0.0049595213 0.030642612 0.0017767005 0.001119368 0.0070938785 0.004531943 0.001477515 0.002214195 5.7618916e-05 0.021819677 6.927777e-06 4.824773e-06 0.019732142 0.0003942175 3.4006655e-06 6.0706174e-07 0.00023351156 1.7791861e-05 1.5664664e-05 6.572118e-06 0.0015318838 3.2263753e-05 0.015215668 8.9014543e-07 8.405537e-08 0.0015238619 4.605879e-05 1.6190359e-05 3.780936e-05 4.6209083e-05 2.637928e-07 1.7249996e-06 1.8353264e-06 0.006358129 1.4444946e-08 0.020039346 1.5460673e-08 7.406311e-08 0.011200809
0.98635316 0.4770474 0.36392596 0.74995077 0.470251 0.12836063 0.88645226 2.414205e-16 0.44937152 0.11823515 0.71237206 0.04545234 0.5036846 0.4124649 0.036604963 0.0034160062 0.015215306 0.79418516 0.7406129 0.0012470768 0.059040777 0.50004274 0.0042951563 0.5234317 0.0052167913 0.014190597 0.007404165 5.5596094e-05 1.8218421e-05 0.14488839 0.0043277047 0.020629939 0.0003451777 5.6007724e-05 0.09853223 0.0044276956 0.6756588 0.00013014564 0.0023948338 0.0018221542 0.073262066 0.038809713 0.0004905007 0.0042328713 0.05481762 5.4752167e-05 0.006127165 0.0008317509 9.361736e-07 2.3444639e-07 0.16631798 0.20245948 0.00022866463 0.23319173 0.00034468755 0.0008343766 0.12415135 0.11650967 6.723671e-05 0.00024824153 0.005891035 0.0043023573 0.0022344254 0.07271208 0.0034455394 0.0022589245 0.0023445524 0.0018730563 0.0016151945 0.0014221208 5.8812047e-06 0.023937186 2.1276659e-08 7.56057e-09 0.08008365 0.00024273466 1.1169456e-07 5.6091426e-07 0.0031971917 7.720519e-09 0.00013989324 1.5861167e-05 0.0013168829 5.1722726e-08 0.013472193 5.888495e-08 9.0134185e-09 0.0005182474 6.9702204e-05 1.9237752e-05 0.000147918 0.00019054677 1.1915325e-06 6.5240897e-06 2.2113541e-05 0.0066944817 8.824356e-10 0.09020915 1.250271e-07 2.8406172e-08 0.033081826
0.9241701 0.8456937 0.6975936 0.81100357 0.26795188 0.44268528 0.8125167 0.44937152 1.21793155e-17 0.10588614 0.40773478 0.39786 0.60440797 0.888305 0.18119293 0.019200465 0.007877147 0.19384238 0.59093523 0.02132427 0.033749655 0.053572267 0.021337762 0.29312262 0.03639094 0.02836025 0.028161375 0.0042237095 0.003210853 0.038576886 0.029122494 0.013631447 0.014682326 0.008622516 0.015251413 0.0024572106 0.47787485 0.008136884 0.00057719345 0.0012547026 0.025610771 0.009377817 0.0027774437 0.00055409723 0.0074901422 0.001360505 0.014196332 0.00011659506 0.0016417609 0.00025213035 0.08792964 0.05211328 3.352434e-05 0.11030151 4.646426e-06 0.00037228965 0.060203042 0.037590653 0.0011283357 0.001165472 0.010680529 0.0010294847 0.010118677 0.023502113 0.00089248014 0.0047380896 0.00046856428 0.000480119 0.00033201318 0.0037124061 9.288351e-05 0.008746961 7.879531e-05 1.0270963e-05 0.03466923 6.2334457e-06 2.0740596e-05 3.2075523e-06 0.0034729224 1.48911395e-05 0.0015999044 0.0001545637 0.0004705954 3.330208e-05 0.0027890431 5.5970745e-06 8.1014275e-07 6.5961955e-05 0.00028668778 4.223675e-05 0.0002347076 0.000111382746 1.165473e-05 4.3722725e-05 1.0799863e-05 0.0008556994 1.4996701e-07 0.02614394 7.865769e-07 4.988195e-07 0.007300432
0.9911868 0.50783324 0.8011849 0.32066336 0.06707318 0.8339992 0.044479962 0.11823515 0.10588614 2.0380717e-14 0.38308963 0.9239744 0.15056698 0.026468538 0.3851848 0.37435108 0.22407782 0.023110846 0.018541604 0.39843118 0.010037669 0.0011830947 0.33307597 0.44033578 0.0824672 0.28295463 0.36198524 0.20567553 0.18777446 0.0031465539 0.04183225 0.033299502 0.21406743 0.43244427 0.0007475555 0.018755049 0.01864894 0.0649865 4.5563884e-05 0.037631046 0.0054097055 6.980219e-05 0.027710782 4.1904923e-06 6.712503e-05 0.06668692 0.0640816 1.9011583e-08 0.10371075 0.032595452 0.63235456 0.06455829 6.674126e-09 0.03324512 1.0631957e-06 3.1865452e-06 0.7110544 0.043777935 0.0633834 0.0875163 0.028026467 1.4570275e-05 0.43490374 0.01777147 2.0804222e-07 0.021302236 6.493414e-06 0.0038790961 2.9333828e-08 0.0014052183 0.0053088986 0.0023434001 0.0017846148 0.00043007842 0.56860197 1.8126663e-08 0.0005468154 0.002673084 0.0047099073 0.00034228593 0.010345885 0.001236156 4.870873e-05 0.002481549 0.00619136 0.000109906345 2.6063204e-05 1.663618e-08 0.00018974618 0.0013243444 0.000739661 1.4382867e-06 0.00018797282 0.00019449908 2.3362714e-08 1.8841658e-05 1.3991365e-06 0.28060144 2.9643472e-05 1.8890207e-06 0.012993846
0.98972696 0.3454512 0.8447696 0.55440205 0.8197727 0.30915615 0.64591926 0.71237206 0.40773478 0.38308963 1.2506804e-12 0.18997037 0.23870045 0.14485233 0.096431844 0.141429 0.3807784 0.6959883 0.31920975 0.026931386 0.123781346 0.06368821 0.04631017 0.7385699 0.019686427 0.059371922 0.19196919 0.0041512614 0.0020320069 0.032174114 0.018961368 0.31543466 0.011554559 0.0023031738 0.014957467 0.06603976 0.252675 0.0045399605 0.013878032 0.052343942 0.17901921 0.07937246 0.00293793 0.020802867 0.026291898 0.0011751524 0.014633916 0.0023965999 0.00034525307 0.00016476915 0.3012714 0.09844988 0.0016672388 0.08608388 0.0018539059 0.0028747215 0.24797365 0.04881411 0.0011628325 0.0013724472 0.007921975 0.0063624084 0.017236128 0.11255801 0.0013967569 0.0016306151 0.0060298536 0.04553597 0.0016449244 0.00011849024 0.0001567697 0.034912057 5.552906e-05 1.0155902e-05 0.12775216 0.0018433076 1.5982641e-05 2.2372587e-05 0.00088494894 9.817384e-06 0.000173897 4.5260553e-05 0.006200173 8.590812e-05 0.09335518 6.6750345e-06 1.0300865e-06 0.0015004491 8.223892e-05 2.3616984e-05 4.056987e-05 0.00015335986 1.0392776e-05 3.7093057e-05 1.1491869e-05 0.011624033 4.061041e-08 0.16757274 6.2509616e-07 3.871196e-07 0.049345613
0.82509816 0.25237024 0.76750016 0.11262301 0.47468457 0.8217377 0.3830232 0.04545234 0.39786 0.9239744 0.18997037 5.6601496e-18 0.02146447 0.342086 0.09517659 0.90773875 0.12792534 0.059046328 0.061133873 0.17670119 0.06868645 0.00024477916 0.09649687 0.21208419 0.51937586 0.058115613 0.34781063 0.06463723 0.04412943 0.0026210742 0.30963817 0.04651677 0.5189252 0.03769955 3.6718506e-05 0.0035756582 0.022803525 0.52360797 0.00030119182 0.008865205 0.03905559 0.0013018765 0.29052466 0.0012977208 1.4793825e-05 0.009999913 0.0024219335 6.260979e-05 0.019656513 0.01036404 0.15440597 0.0010729262 7.54837e-06 0.002657167 6.9394275e-08 0.0026095812 0.14578074 0.00079326046 0.002668059 0.0014547136 0.0003545877 1.2391804e-05 0.09568935 0.023409922 2.3284097e-07 3.15969e-05 0.0028236865 0.00022860992 4.32686e-07 0.00018637789 0.0014140606 0.019431721 0.0011454831 0.00028100598 0.106287524 0.00010569369 0.00018160266 0.0007631134 5.166325e-07 0.0009281104 6.173221e-06 0.0005279115 7.189209e-05 0.0040911073 0.007255522 2.8378487e-05 6.0814796e-06 3.3054814e-06 4.252711e-07 1.947386e-05 3.1661646e-06 1.7285625e-05 2.6083842e-07 1.8856281e-06 1.1100581e-07 0.004554877 9.351603e-08 0.041075215 1.5648432e-07 1.2137716e-07 0.0055778385
0.9597928 0.6752972 0.24923559 0.63743186 0.0071474677 0.30616045 0.37410203 0.5036846 0.60440797 0.15056698 0.23870045 0.02146447 8.524138e-16 0.8874129 0.5682934 0.0009421768 0.00096568005 0.098591626 0.8584108 0.008103856 0.0012691737 0.04161274 0.0542738 0.18333702 0.013638534 0.16019993 0.0017249456 0.0021702049 0.0010169719 0.11880433 0.024004 0.0012787364 0.0002645745 0.0008947525 0.051605474 0.00015218223 0.84498924 0.0008523487 7.1306063e-06 0.00010246635 0.012765171 0.00054746086 0.0008449783 0.00014438295 0.0012782176 0.0008952156 0.09607421 9.016123e-06 8.0143625e-05 4.7998665e-06 0.063884 0.44483405 1.0811123e-06 0.61146396 2.201914e-07 0.00017441802 0.053933643 0.5728125 0.0014226486 0.003919979 0.08314353 5.8533205e-05 0.0032560762 0.023991747 0.0009198546 0.04289375 0.00042905097 6.4813656e-05 0.0001674798 0.01563512 8.5640706e-05 0.0082539935 2.7763747e-07 5.1924275e-08 0.018155573 4.979625e-07 7.1842123e-07 2.0399411e-06 0.10284351 2.96434e-08 0.01720102 0.00017690186 0.00014371036 4.6574482e-07 0.0010017342 9.56798e-07 2.600022e-07 4.963834e-06 0.01004856 0.00023590683 0.008161603 0.003978958 0.00035106024 0.0012551311 2.7990924e-05 0.00027625237 2.206972e-07 0.02860866 0.00015821292 6.8625664e-06 0.0085355295
0.26262158 0.81876343 0.45296907 0.67711574 0.1529475 0.25536957 0.73840904 0.4124649 0.888305 0.026468538 0.14485233 0.342086 0.8874129 3.0083227e-16 0.5484625 0.008148384 0.0031787131 0.06594544 0.6683171 0.014448475 0.009571997 0.12605265 0.023220979 0.04263885 0.011895287 0.048815474 0.0029693793 0.0044536195 0.0028530043 0.060787044 0.032121643 0.003235351 0.0025843135 0.00067990617 0.013794801 0.00010748187 0.45847288 0.006190014 0.00020577552 0.000118423704 0.0059447284 0.0036497964 0.0006145338 0.001449039 0.0006785779 0.0012968202 0.007847675 0.0006246076 0.0001207396 0.00039518357 0.0051548043 0.03863678 0.00016011759 0.050656453 5.7892084e-06 0.0015057737 0.001884156 0.010529016 0.00067553605 0.0006403546 0.0028904527 5.5006785e-05 0.00028643658 0.003632256 0.0001466112 0.0006682385 0.00090800074 1.4584719e-05 3.2404958e-05 0.0011280698 5.426912e-05 0.0024482075 2.320505e-05 2.3855868e-05 0.0011673814 3.0346331e-05 5.3650087e-06 5.528602e-06 7.982227e-05 4.280964e-05 8.1857936e-05 5.5518583e-05 4.9914688e-05 6.9215703e-06 0.00027919674 2.8514305e-06 2.370613e-06 8.77957e-05 2.5485515e-05 5.1527943e-05 4.199476e-05 0.003838332 7.3497054e-06 7.6077313e-06 6.777995e-05 0.0004725348 9.2190255e-08 0.0023854359 2.3017144e-06 1.3958526e-06 0.0009614539
0.9807851 0.35679606 0.19184202 0.19347988 0.0023662876 0.6797428 0.025931785 0.036604963 0.18119293 0.3851848 0.096431844 0.09517659 0.5682934 0.5484625 2.2252401e-13 0.0033032019 0.0018707918 0.017107256 0.2021669 0.28915906 0.00037810157 0.00049941713 0.56036264 0.19036439 0.5136419 0.8785517 0.0024174408 0.12634934 0.14110248 0.008854795 0.696814 0.00029758146 0.0041632727 0.00858953 0.001312168 0.00010485626 0.38540095 0.009684704 2.087845e-06 8.841099e-05 0.0015560914 6.848748e-05 0.02579174 2.6202308e-06 1.5680103e-05 0.050580755 0.69939053 1.0290806e-07 0.0020355105 0.00038117915 0.03771593 0.61520857 3.7115683e-08 0.41394982 2.4727063e-08 3.436949e-05 0.03965407 0.49097124 0.07174334 0.32236382 0.41328233 4.121227e-06 0.018422512 0.009199749 1.7270202e-05 0.29022044 3.3315482e-05 1.5208942e-05 1.7993801e-06 0.07821226 0.005674288 0.003216097 7.9532234e-05 2.1694721e-05 0.022894751 3.533978e-08 2.4007437e-05 0.00023314597 0.18338083 2.0029736e-05 0.10930189 0.0051582716 0.00013540569 2.3787667e-05 0.00036007463 8.867948e-06 2.116283e-06 3.264659e-07 0.040879596 0.008658203 0.049033258 0.0003624992 0.0037139535 0.0070639956 4.6634574e-07 0.00077797036 5.1376117e-07 0.021275269 0.0017878633 1.19960905e-05 0.006480701
0.9652256 0.021562416 0.43372738 0.014032625 0.2593172 0.16275635 0.07170394 0.0034160062 0.019200465 0.37435108 0.141429 0.90773875 0.0009421768 0.008148384 0.0033032019 1.6195922e-14 0.87827224 0.0045824633 0.00030774184 0.01350222 0.09738114 1.4215947e-05 0.004466593 0.19396481 0.005013003 0.0010005947 0.896688 0.0071257018 0.0058047464 0.000116788695 0.007640418 0.13033889 0.6787213 0.2767641 3.3253505e-06 0.14019853 0.0001300718 0.11102351 0.0023991955 0.509658 0.031014435 0.00036675544 0.028708298 0.00054309046 4.000125e-06 0.0006279571 1.0064747e-05 3.1963744e-05 0.11622554 0.012134472 0.4959229 5.1687497e-05 7.7279265e-06 6.860214e-05 6.658488e-07 0.0017761101 0.6629837 1.21038365e-05 0.00023756169 3.3482993e-05 6.795046e-06 1.1200316e-05 0.607504 0.0328474 1.5049043e-08 7.8838974e-07 0.0011455705 0.012676067 5.9381442e-08 1.916978e-06 0.00018532385 0.016599076 0.004100242 0.00054223335 0.5151906 6.0446448e-05 0.0002979083 0.0003368164 2.0563708e-07 0.0008691772 4.433344e-07 2.3956034e-06 0.00050583354 0.011038662 0.053845093 4.486375e-06 1.3888416e-06 2.2187138e-05 6.809365e-07 2.1213427e-06 2.0456015e-07 1.1050873e-07 3.8589107e-07 3.414348e-07 1.0722033e-07 0.001395124 7.7581795e-08 0.17568971 1.796043e-07 1.9404877e-07 0.03663024
0.99345106 0.018107746 0.39396378 0.022744248 0.7354791 0.05544883 0.045392323 0.015215306 0.007877147 0.22407782 0.3807784 0.12792534 0.00096568005 0.0031787131 0.0018707918 0.87827224 3.4428596e-13 0.02412591 0.0011722578 0.0015171134 0.3256779 0.00040462063 0.00064794184 0.78991693 7.035254e-05 0.00027625973 0.6127099 0.00052806793 0.00040714908 0.00045954523 0.0006586854 0.4841969 0.020635886 0.014617445 9.18618e-05 0.7523226 8.8455265e-05 0.0054111094 0.13334642 0.88909984 0.25811824 0.0017584915 8.9379384e-05 0.0071027367 0.00015724137 7.3698946e-05 9.838782e-06 0.001546701 0.0036271743 0.0024680889 0.59827393 1.861442e-05 0.00021869184 2.0119794e-05 0.00014029459 0.010945595 0.36144158 5.293991e-06 2.509818e-05 1.8682447e-05 6.561052e-06 0.000133927 0.06091758 0.14833716 9.342275e-07 5.9279625e-07 0.010273957 0.19937196 5.1763786e-06 4.409802e-07 8.6089985e-06 0.03768755 0.0023543192 0.000103223836 0.27790698 0.0012424642 4.2863114e-05 7.381029e-07 9.98339e-07 0.00020055856 3.429186e-07 3.6107787e-07 0.0029928272 0.00071948953 0.23089863 8.308129e-07 1.1686457e-06 0.00043169846 3.7665654e-07 5.048674e-07 5.8812553e-08 1.8148492e-08 3.5292243e-07 9.857481e-08 7.413476e-08 0.0051140604 8.8735476e-08 0.4532354 2.694054e-07 1.4864818e-07 0.16028246
0.98697966 0.037243634 0.20125893 0.19140214 0.5178548 0.009371718 0.5404675 0.79418516 0.19384238 0.023110846 0.6959883 0.059046328 0.098591626 0.06594544 0.017107256 0.0045824633 0.02412591 2.0210962e-15 0.4769227 0.00014226127 0.2592244 0.8011176 0.00038624418 0.40119272 0.00036269907 0.00080145267 0.0068670977 1.1225231e-05 2.1424344e-06 0.19810753 0.0027598313 0.057522267 0.0004024496 2.3629477e-06 0.18288545 0.0048589315 0.4418471 0.00033558774 0.106983826 0.0027871989 0.24548551 0.8460873 3.586323e-05 0.4696594 0.59466 6.1534015e-06 0.0016966292 0.13958834 5.8296325e-07 1.1055433e-06 0.058862224 0.03272263 0.07283775 0.105492696 0.12677927 0.01900853 0.01652704 0.019156203 4.521187e-06 3.4460896e-05 0.0007665791 0.3487317 0.00066982594 0.17054144 0.040977567 3.060132e-05 0.025379753 0.011545889 0.06436291 5.562431e-05 8.523555e-06 0.044650506 2.535086e-07 3.1880585e-08 0.032660063 0.0044933846 1.4466073e-07 1.1635672e-07 0.00012028057 3.765978e-08 2.0950533e-06 2.4898754e-05 0.00767797 1.6168347e-08 0.03852402 3.332897e-08 1.3017652e-08 0.0042242673 1.1752403e-05 6.297412e-05 2.1456137e-06 0.0003497855 1.2050285e-06 3.574963e-05 0.00059490046 0.020846982 3.8672954e-09 0.057927188 1.0757717e-07 9.886553e-08 0.034693144
0.25511307 0.4384137 0.15580176 0.6530496 0.10205088 0.030435145 0.80220807 0.7406129 0.59093523 0.018541604 0.31920975 0.061133873 0.8584108 0.6683171 0.2021669 0.00030774184 0.0011722578 0.4769227 1.9711621e-15 0.0020015407 0.009327947 0.86667895 0.00670964 0.044395205 0.00047888132 0.012625598 0.00021729128 0.00044247828 0.00018398286 0.84572786 0.021584986 0.0036180278 0.0001382442 8.591021e-06 0.6515389 7.547337e-05 0.9485042 0.0015405593 0.00052270177 5.1379207e-05 0.011659085 0.12025218 3.0237075e-05 0.015308764 0.23355037 2.667082e-05 0.0036361916 0.0029027956 1.829139e-06 9.135323e-06 0.0005121742 0.104100354 0.0007227686 0.36228004 3.7842477e-05 0.0028434237 0.0001094547 0.049547903 7.9397e-06 5.0351002e-05 0.0033774455 0.0015228915 6.5906147e-06 0.0061667226 0.024046129 0.00023226227 0.0020759653 2.0934864e-05 0.0019915518 0.00085904513 7.053187e-06 0.0059990725 4.8300254e-08 2.2759652e-07 0.00010403769 0.00097299187 1.3977068e-08 5.6444793e-07 4.5603836e-05 1.031751e-06 6.090174e-06 4.71296e-05 9.391433e-05 3.8308986e-08 0.0003114175 1.4794803e-08 5.7187776e-08 0.0017235683 5.4359743e-06 1.993565e-05 2.1859267e-05 0.18472926 3.374457e-07 3.6890262e-06 0.000629171 0.003907338 1.7793665e-08 0.0023271537 2.6036074e-07 1.2855254e-07 0.002382588
0.9851374 0.014770291 0.070305765 0.0033579536 0.0009646344 0.21054102 0.00797935 0.0012470768 0.02132427 0.39843118 0.026931386 0.17670119 0.008103856 0.014448475 0.28915906 0.01350222 0.0015171134 0.00014226127 0.0020015407 1.9993181e-15 0.00010015814 5.2585744e-07 0.7480439 0.006578148 0.75117856 0.42784044 0.007039805 0.85720927 0.8193795 0.00014706772 0.5627167 4.204433e-05 0.08889702 0.16968814 1.3582931e-05 0.00010763574 0.009201605 0.43441188 2.7476585e-07 0.00026059966 1.7572658e-05 6.135959e-07 0.73134214 7.839711e-08 9.1311755e-08 0.3610488 0.114578836 3.84295e-09 0.04291403 0.041759036 0.024157163 0.087428875 1.2570487e-09 0.033091497 3.1628549e-09 1.286081e-07 0.046597354 0.03076572 0.2852838 0.20208551 0.05633341 1.3880319e-07 0.035061315 0.00017105283 2.6952994e-06 0.06321379 1.8522726e-07 2.4540686e-05 1.8114694e-07 0.007917571 0.1649764 5.0481252e-05 0.0003536109 0.003052982 0.018766042 3.541865e-09 0.0055141933 0.02789968 0.012662866 0.00071344804 0.07131448 0.075319804 1.920921e-05 0.0005249876 4.3932218e-05 0.0014434784 0.0016498787 6.243237e-08 0.001568765 0.082022674 0.010157491 7.672352e-06 0.006633624 0.009547514 6.4040773e-07 6.450416e-05 0.0012530512 0.012266946 0.006150726 0.0038915905 0.0021116685
0.9593593 0.0020621854 0.034527533 0.014347053 0.87391996 0.0022659206 0.14788581 0.059040777 0.033749655 0.010037669 0.123781346 0.06868645 0.0012691737 0.009571997 0.00037810157 0.09738114 0.3256779 0.2592244 0.009327947 0.00010015814 1.0302336e-14 0.05567286 2.3475202e-05 0.10849606 1.790835e-05 3.878613e-05 0.08707328 1.711384e-05 3.7906573e-06 0.0008464923 8.088636e-05 0.79713374 0.005078678 2.4034673e-05 0.0003665504 0.4122454 0.0020924907 0.00044593017 0.9104644 0.1781228 0.54485947 0.2558833 1.5999067e-05 0.48504546 0.0029663555 1.3065462e-06 1.3075266e-05 0.3043916 2.2720474e-06 6.4529168e-06 0.039307583 0.0006676967 0.22209704 0.0002712724 0.3397266 0.30699593 0.017640622 1.9098514e-05 8.539563e-07 8.5289344e-07 2.3256249e-05 0.022302313 0.00051036186 0.24454293 1.8402874e-05 3.5464875e-06 0.27129298 0.5493415 0.00044695495 2.7235642e-06 4.2572154e-07 0.34412298 2.7473898e-06 2.5373524e-07 0.022400584 0.21523333 1.8662174e-06 2.5548164e-08 1.9557052e-07 1.229486e-06 2.791467e-06 1.28816155e-05 0.17847884 1.5877376e-05 0.5202229 4.145777e-08 2.5521816e-08 0.026852896 3.4714337e-06 1.5899992e-06 9.463822e-08 4.200223e-06 8.979838e-07 2.9284497e-06 7.670727e-06 0.15137798 6.5481096e-09 0.050951768 1.0665473e-07 3.3362173e-08 0.09328595
0.7779747 0.031207174 0.014628468 0.12833099 0.02161632 0.0010901518 0.3820051 0.50004274 0.053572267 0.0011830947 0.06368821 0.00024477916 0.04161274 0.12605265 0.00049941713 1.4215947e-05 0.00040462063 0.8011176 0.86667895 5.2585744e-07 0.05567286 2.7439811e-17 4.1500041e-07 0.025090499 8.7045905e-08 9.087592e-06 9.630102e-05 4.7817277e-08 5.199226e-08 0.90235245 1.7795941e-06 0.008324063 1.057026e-05 1.9983265e-06 0.8964161 6.276667e-05 0.27050528 1.7346993e-05 0.014677266 4.006948e-06 0.021418754 0.45943514 3.3185944e-07 0.051430088 0.9324637 1.2043363e-07 4.3594198e-07 0.009989357 2.2594833e-07 2.1752129e-07 0.00037263977 0.00019586331 0.0036463263 0.0056505874 0.0072453544 0.008429048 0.00029805268 0.00025997334 2.989187e-07 2.2612964e-07 4.8584263e-07 0.12193212 2.2560189e-05 0.015886458 0.41580808 1.1470429e-07 0.004442014 0.00015298532 0.12265633 4.8019906e-06 1.3588398e-07 0.015918981 4.211829e-07 1.5849757e-08 0.00032293383 0.0039677382 9.557109e-09 1.44943195e-08 1.5224165e-07 5.989102e-08 3.5686978e-09 2.8632664e-07 0.0018931933 1.0432077e-09 0.003641251 2.7665794e-09 2.6277629e-08 0.007642813 9.682634e-08 3.7691888e-07 9.727815e-07 0.0005186514 3.1544104e-08 1.4494576e-07 0.00025294363 0.01846858 1.5756019e-08 0.0027994704 2.1703794e-08 8.010285e-08 0.010779873
0.96613014 0.07797755 0.10501455 0.025362464 0.00050339196 0.28879756 0.01398043 0.0042951563 0.021337762 0.33307597 0.04631017 0.09649687 0.0542738 0.023220979 0.56036264 0.004466593 0.00064794184 0.00038624418 0.00670964 0.7480439 2.3475202e-05 4.1500041e-07 4.2215092e-16 0.020282105 0.92429435 0.52078533 0.004004053 0.45459324 0.47085342 0.00019143474 0.8294973 6.9782186e-06 0.01760951 0.06356639 1.0519396e-05 2.5931357e-05 0.023690186 0.08799034 1.8124874e-07 4.3605294e-05 2.5008081e-05 1.2654215e-07 0.2685302 7.969591e-09 1.15669705e-08 0.26988563 0.2619615 7.298255e-10 0.008865734 0.0027395962 0.025031716 0.15567486 2.2585146e-10 0.07482561 1.2645925e-09 8.762861e-08 0.035908233 0.10707648 0.24903576 0.4272357 0.1282923 2.3117234e-08 0.010161129 0.00034328955 4.09012e-07 0.11894383 2.1885216e-07 1.564971e-06 1.00074054e-07 0.016629893 0.038211387 3.5556564e-05 3.4684803e-05 0.00015768572 0.010635695 1.0641973e-09 0.00023467671 0.0076468806 0.06944272 4.6256744e-05 0.11031893 0.07000669 3.26652e-06 5.564887e-05 2.6868882e-05 0.00011071798 3.8874005e-05 4.335075e-09 0.009641107 0.061465997 0.030370068 3.960655e-06 0.0063817576 0.009686496 7.4181967e-09 3.0566032e-05 5.859224e-05 0.015841065 0.005496919 0.00071136974 0.0019646955
0.9996218 0.19246075 0.4230568 0.2530863 0.5123084 0.26544705 0.21667066 0.5234317 0.29312262 0.44033578 0.7385699 0.21208419 0.18333702 0.04263885 0.19036439 0.19396481 0.78991693 0.40119272 0.044395205 0.006578148 0.10849606 0.025090499 0.020282105 1.3453372e-14 0.009461509 0.027551075 0.27068475 0.0013938001 0.0005065226 0.007790228 0.008931933 0.18597692 0.006271518 0.0002679916 0.004410429 0.26941127 0.046137415 0.0015936791 0.011712208 0.32219985 0.05730065 0.023054559 0.0019502763 0.007662996 0.0107212635 0.00022036061 0.00077819487 0.0008634653 7.6171156e-05 5.4308624e-05 0.050871473 0.008281737 0.0009270352 0.011964461 0.0013917485 0.00109082 0.03305158 0.0051245005 0.00010254583 0.0002770362 0.0005165843 0.001897269 0.0036842416 0.02046517 0.00017367808 0.00013850033 0.0011086554 0.037504774 0.0004220792 1.4989066e-05 1.7744567e-05 0.0024027913 2.1831353e-05 3.9181361e-07 0.024007622 0.00066678895 6.5946097e-07 8.382424e-07 0.00012493145 2.5419175e-07 9.726526e-05 2.7834815e-06 0.001345468 5.333088e-05 0.042095285 6.4813825e-09 1.0250426e-08 0.00037311 1.5233257e-05 6.8743702e-06 1.9172678e-05 1.3930167e-05 1.0469209e-06 1.4112974e-05 1.0864547e-06 0.0006573284 6.8479635e-09 0.18159145 5.0348694e-07 3.430676e-08 0.022170093
0.2373028 0.04631546 0.07393916 0.016580638 8.934398e-06 0.23179433 0.01283144 0.0052167913 0.03639094 0.0824672 0.019686427 0.51937586 0.013638534 0.011895287 0.5136419 0.005013003 7.035254e-05 0.00036269907 0.00047888132 0.75117856 1.790835e-05 8.7045905e-08 0.92429435 0.009461509 1.0879085e-19 0.6570172 0.00019132157 0.39359346 0.33044156 3.7391255e-05 0.89037055 5.9928166e-06 0.01577367 0.010006344 1.5234447e-07 2.2360088e-07 0.0015845981 0.15314919 3.238368e-08 2.6264613e-07 0.00034744476 1.3529132e-06 0.2513898 1.0296809e-06 7.5910584e-09 0.114721894 0.01922714 3.53307e-07 0.004635899 0.0031949927 0.0038660942 0.003402893 1.2076349e-07 0.0011211217 9.951544e-11 6.162492e-06 0.0045596734 0.00019281257 0.04136861 0.05345616 0.0036397928 1.3213506e-07 0.004491802 0.00013677505 1.9085556e-08 0.0007807711 9.095057e-06 7.6628815e-08 5.119925e-09 0.00022529285 0.002090818 0.00036828624 9.270502e-05 0.00029422648 0.003096526 1.3921589e-07 5.8205667e-05 2.2588458e-05 3.6807294e-06 5.1514722e-05 2.3460429e-05 0.00032249867 1.5371205e-07 2.178246e-05 2.3065397e-06 9.954127e-07 8.933465e-07 3.018169e-08 7.512443e-07 4.6397687e-05 9.729259e-06 1.4552083e-05 8.7527263e-07 4.2302236e-06 6.300409e-07 4.053193e-05 3.258486e-08 0.0029677106 2.400487e-07 7.27837e-08 0.00085726636
0.9777529 0.21709834 0.13031806 0.12340709 0.00037245604 0.4316024 0.025605116 0.014190597 0.02836025 0.28295463 0.059371922 0.058115613 0.16019993 0.048815474 0.8785517 0.0010005947 0.00027625973 0.00080145267 0.012625598 0.42784044 3.878613e-05 9.087592e-06 0.52078533 0.027551075 0.6570172 1.6366773e-15 0.0011772612 0.20502405 0.2438783 0.00035187422 0.90130186 1.354317e-05 0.0022474553 0.014656367 5.7031008e-05 1.435347e-05 0.11752459 0.011350027 1.7748405e-07 1.7843926e-05 0.00033287014 1.3853163e-06 0.036782086 3.0426527e-08 2.4380984e-07 0.13416503 0.67516226 2.0699193e-09 0.0024789236 0.00029008597 0.019898405 0.42020026 4.139594e-10 0.21756113 2.6166982e-09 9.214311e-07 0.029972704 0.3288085 0.17656274 0.61614734 0.430374 9.2713094e-08 0.010969327 0.0034735054 3.5603694e-07 0.34335795 3.3864421e-06 1.3818869e-06 4.5309545e-08 0.10091136 0.0092437565 0.0005626352 5.117619e-06 2.666979e-06 0.009675523 2.5399765e-09 1.9802386e-05 0.0005991377 0.23292786 6.878425e-07 0.229916 0.017849024 1.3261389e-05 1.2050762e-05 4.7065907e-05 3.1471748e-06 1.0889236e-06 1.0002763e-08 0.045059197 0.030715697 0.11056509 5.4444132e-05 0.0107418345 0.025663387 2.569972e-08 0.00042871982 6.2764866e-07 0.01880231 0.006809863 9.0494825e-05 0.0036456585
0.9925568 0.01719997 0.35642442 0.017787943 0.28913286 0.0982437 0.066143654 0.007404165 0.028161375 0.36198524 0.19196919 0.34781063 0.0017249456 0.0029693793 0.0024174408 0.896688 0.6127099 0.0068670977 0.00021729128 0.007039805 0.08707328 9.630102e-05 0.004004053 0.27068475 0.00019132157 0.0011772612 5.5159717e-14 0.0032813682 0.0016650311 0.0003327444 0.0005095541 0.15698794 0.12275887 0.10610641 2.4503806e-05 0.32998955 8.560396e-05 0.022536473 0.01018673 0.6055542 0.024934923 0.0012361599 0.0020461949 0.0014889371 5.28444e-05 0.00032424604 7.054778e-05 6.078914e-05 0.021962047 0.012600784 0.66023135 0.00034288169 2.7886985e-05 0.00018062504 1.6220296e-05 0.00045740342 0.6227548 3.1074999e-06 8.4933665e-05 3.361324e-05 4.6957277e-05 0.00020360036 0.36229387 0.021515753 2.432551e-08 7.660347e-06 0.00031282098 0.046413798 1.1131897e-07 9.1665076e-09 2.2904198e-06 0.0012048649 0.018307075 0.00042917902 0.6890805 2.8165165e-05 0.0002226734 3.7054533e-06 4.9897596e-07 0.00043521466 7.831148e-06 1.08064576e-07 0.0021673313 0.00270497 0.04537264 1.6288587e-06 7.99435e-08 3.872358e-06 7.574332e-07 2.716751e-07 2.002367e-08 2.2286649e-08 2.618613e-07 1.9222291e-07 1.699967e-08 0.00018425501 1.9327482e-08 0.48111367 3.6091897e-08 6.404043e-08 0.04005155
0.96405774 0.0056801764 0.032019526 0.0010426571 0.00033272288 0.06906544 0.0014095864 5.5596094e-05 0.0042237095 0.20567553 0.0041512614 0.06463723 0.0021702049 0.0044536195 0.12634934 0.0071257018 0.00052806793 1.1225231e-05 0.00044247828 0.85720927 1.711384e-05 4.7817277e-08 0.45459324 0.0013938001 0.39359346 0.20502405 0.0032813682 1.3872171e-14 0.89740056 4.7906838e-06 0.25115374 4.836848e-06 0.11022121 0.18979262 3.609109e-07 2.6351901e-05 0.0027491688 0.47471857 5.2206108e-08 6.67661e-05 6.1497843e-07 4.1741746e-08 0.8625332 3.6855918e-09 4.4818056e-09 0.44295523 0.03643859 2.352411e-10 0.061334 0.09718287 0.0082042385 0.016655415 7.283622e-11 0.008720508 5.462055e-10 3.743553e-09 0.017387772 0.007820308 0.33819684 0.14799604 0.022958826 1.2917581e-08 0.015599525 9.2624205e-06 6.394913e-08 0.026640164 6.422572e-09 4.8616776e-06 1.3043252e-08 0.002218439 0.2712062 7.6065743e-07 0.00048067287 0.0063924384 0.0063803666 9.620123e-11 0.010777626 0.08379102 0.0024072893 0.0013585661 0.036687188 0.09565662 6.8552595e-06 0.00053135224 3.0446356e-06 0.0018253031 0.0019986993 1.7461581e-09 0.00023536927 0.07582139 0.002213092 4.919039e-07 0.0035492962 0.004768563 1.745686e-08 9.331096e-06 0.0007448975 0.0047170296 0.0026004661 0.0016989284 0.00091199897
0.96541595 0.004228294 0.022043815 0.0005021925 0.00019390957 0.061963566 0.00069721555 1.8218421e-05 0.003210853 0.18777446 0.0020320069 0.04412943 0.0010169719 0.0028530043 0.14110248 0.0058047464 0.00040714908 2.1424344e-06 0.00018398286 0.8193795 3.7906573e-06 5.199226e-08 0.47085342 0.0005065226 0.33044156 0.2438783 0.0016650311 0.89740056 2.7612005e-14 2.545871e-06 0.2646373 1.1834975e-06 0.07156591 0.14461647 1.6444677e-07 1.5463585e-05 0.0015529877 0.43441737 1.3367598e-08 4.3649983e-05 2.5278143e-07 2.0300511e-08 0.8758437 2.0419642e-09 2.7154037e-09 0.5157618 0.042617057 1.2711818e-10 0.041026592 0.0838777 0.0030432162 0.009063903 4.3971944e-11 0.012030009 3.6042602e-10 1.0615253e-09 0.0069064936 0.012782372 0.4103146 0.23155807 0.03256927 3.2587517e-09 0.008311773 3.333889e-06 3.0861262e-08 0.040630914 1.4847235e-09 3.20528e-06 9.812399e-09 0.0030428448 0.3232875 1.5115042e-07 0.000309708 0.0059433407 0.0037270286 2.3334622e-11 0.014223346 0.109760486 0.0020230243 0.001065887 0.057431918 0.16935757 2.9581413e-06 0.0005502161 1.4257595e-06 0.0025882402 0.0035330015 5.626836e-10 0.00067263393 0.12908082 0.0042901477 2.640969e-07 0.0058727143 0.009918805 9.387913e-09 3.0089177e-06 0.0013649947 0.0038361417 0.004264679 0.0033319711 0.0006886427
0.27304623 0.018959768 0.017710762 0.050849456 0.00096580817 0.0040833293 0.08774853 0.14488839 0.038576886 0.0031465539 0.032174114 0.0026210742 0.11880433 0.060787044 0.008854795 0.000116788695 0.00045954523 0.19810753 0.84572786 0.00014706772 0.0008464923 0.90235245 0.00019143474 0.007790228 3.7391255e-05 0.00035187422 0.0003327444 4.7906838e-06 2.545871e-06 1.9303146e-14 0.0003447638 0.00012773396 0.00013475475 2.6879696e-05 0.9470837 7.0482485e-05 0.81653273 0.00019746425 2.1092681e-05 9.041275e-06 0.0025370405 0.002817321 4.8750535e-06 0.00040701512 0.43069777 2.8551422e-06 0.0022723717 4.4534852e-05 6.8367503e-06 2.3171315e-06 0.0005936919 0.018441264 2.3320967e-05 0.095949724 4.510891e-07 9.264889e-05 0.0001799926 0.026573036 1.2074909e-05 6.4551234e-05 0.003844261 0.00047955793 3.755332e-05 0.0017569611 0.10011484 0.0007007047 0.00015398754 1.7191918e-05 0.018171512 0.00021696638 2.4284222e-07 0.0013810656 5.633487e-07 7.9763436e-07 0.0003430295 6.442424e-07 3.3238255e-06 2.04161e-07 0.010189688 4.091029e-07 0.000104618535 3.862304e-06 0.000101670994 5.324479e-07 6.529739e-05 9.538899e-07 2.055571e-07 2.5236113e-05 0.0014032631 6.319226e-07 9.967389e-05 0.019165147 2.9979817e-06 7.465232e-06 0.0015790655 0.00026593727 4.7427424e-08 0.0007572954 4.206919e-07 4.355742e-07 0.0009292418
0.30145437 0.058999788 0.041165568 0.024970215 0.00022002232 0.1792292 0.009514424 0.0043277047 0.029122494 0.04183225 0.018961368 0.30963817 0.024004 0.032121643 0.696814 0.007640418 0.0006586854 0.0027598313 0.021584986 0.5627167 8.088636e-05 1.7795941e-06 0.8294973 0.008931933 0.89037055 0.90130186 0.0005095541 0.25115374 0.2646373 0.0003447638 8.742937e-17 3.194115e-06 0.014789883 0.0035128184 5.734829e-06 4.307659e-06 0.10038872 0.06717299 3.3802806e-07 1.6309555e-06 4.984034e-05 1.9158731e-05 0.3299976 9.901793e-06 4.1791398e-07 0.53746665 0.4040308 2.0633477e-06 0.004097005 0.0025964677 0.0010899631 0.08981586 1.9288339e-06 0.04673073 8.983777e-09 1.5766804e-05 0.0011155688 0.016864622 0.3045555 0.81861085 0.113706306 2.309192e-06 0.0038178072 0.00029214594 1.4859002e-06 0.08360914 5.4064665e-05 2.2625193e-07 6.9662065e-07 0.12892476 0.13222559 0.00046756773 0.00060819066 0.00080578047 0.0020644874 1.8987415e-06 0.0005538738 0.006992658 0.0026034564 0.00041579653 0.019333934 0.17899981 2.136998e-06 0.0002079614 7.1096174e-06 6.233192e-05 4.3827975e-05 2.3080348e-07 0.0010129471 0.017725717 0.0043776575 0.00031144274 0.00026814162 0.0018764588 8.945575e-06 0.00043247873 1.1475106e-06 0.004514423 4.7292542e-05 8.795371e-06 0.0010439763
