5.279254e-21 0.12402476 0.7685507 0.81650996 0.97696024 0.19497053 0.9445626 0.93939537 0.8817296 0.08238549 0.4544884 0.015984023 0.034613803 0.97259784 0.8390752 0.05442151 0.8794838 0.9554126 0.9483293 0.4712091 0.22392263 0.9542157 0.93819886 0.9875532 0.9764608 0.08359665 0.30277216 0.25161046 0.40986755 0.006494009 0.10708935 0.072962426 0.1198104 0.043041293 0.015906347 0.9861371 0.98181945 0.94383514 0.9850534 0.92628604 0.9657663 0.98933566 0.00019002579 0.0052727913 0.45761594 0.9891013 0.98459476 0.004348012 0.002127773 0.0005461553 0.97864616 0.12043106 0.99079967 0.99168307 0.07739376 0.9808638 0.9376707 0.99251103 0.9760223 8.580348e-05 0.019151011 0.9279304 0.9623865 0.008079066 0.9555521 0.8826495 0.0003845995 0.9993934 0.95815814 0.99689096 0.9973141 0.99929655 0.99861705 0.9912714 0.026197 0.9277386 0.99899596 0.99031746 0.93658924 0.99931794 0.9808374 0.34985805 0.98939884 0.99797463 0.9931703 0.9999525 0.9145733 0.005511985 0.054517858 1.3572605e-06 0.00012461314 0.9990476 0.0001253695 0.035465132 1.3223673e-06 0.9995458 0.99958533 0.9836971 0.9159201 0.99980515 0.9993982
0.12402476 1.02326087e-16 0.892503 0.3876398 0.8132979 0.6981655 0.54071116 0.5871445 0.36792812 0.0862732 0.22623846 0.009061453 0.010269548 0.3429494 0.03917481 0.04936089 0.16494389 0.07423347 0.1916852 0.05081255 0.0057712244 0.121376015 0.025860049 0.09760463 0.02567111 0.0008662337 0.0013190825 0.0003592622 0.02982297 0.0003354575 0.00011275998 9.0455906e-05 2.3776169e-05 0.00012004234 9.4259514e-05 0.06658576 0.0038777827 0.0029370785 0.088473834 0.00046117295 0.0140224965 0.0047654035 3.376466e-05 2.4527924e-06 0.0012453897 0.047761045 0.08622204 1.4790319e-06 1.1655592e-06 0.00014033649 0.019907672 0.0007825396 0.05316786 0.03786988 0.00031207633 0.005696097 0.00023065598 0.010153709 0.000943186 5.2249413e-07 2.581041e-07 0.0008043344 0.017689731 4.0466807e-07 9.256348e-05 0.00013655909 2.3817188e-08 0.02314292 0.0008441656 0.012403305 0.019043408 0.037812058 0.02238577 0.0097829355 1.2335291e-05 0.00017524904 0.015598848 0.0020004348 0.00052495155 0.0047316006 0.0022817366 4.5184002e-05 0.002916346 0.01111359 0.0011333779 0.00885626 8.688688e-05 2.256569e-06 4.3450736e-06 2.034307e-08 5.548517e-09 0.0009959525 5.358241e-09 5.053349e-06 2.7835114e-09 0.0019630725 0.00032291075 0.00031204536 3.331396e-05 0.0014367139 0.0016378021
0.7685507 0.892503 3.1412992e-18 0.32346016 0.8418412 0.8706216 0.8345935 0.88338816 0.38331372 0.030880263 0.2469393 0.17532949 0.023571843 0.28475267 0.038093053 0.10102734 0.47854623 0.084182665 0.52444273 0.61198115 0.017805044 0.4384109 0.025468469 0.64654136 0.010352428 0.004331367 0.004913697 0.00044736432 0.52132106 0.00083285576 0.00019588011 0.0041738767 0.0010961415 0.00022713112 0.0014546956 0.09070859 0.0029306053 0.003856332 0.083277285 0.017229341 0.12470298 0.09374812 7.288508e-05 0.000117459545 0.014033902 0.38966644 0.36303833 3.394313e-05 2.2311204e-05 0.000697713 0.2071374 0.03211308 0.27879304 0.05390285 0.020750761 0.062085677 0.0046789804 0.07416532 0.002315869 3.848791e-06 1.6120465e-08 0.03523848 0.12805709 5.6216045e-09 0.007873136 0.00012670994 1.9757913e-08 0.030465243 0.01548489 0.09943777 0.13547897 0.17287794 0.1427068 0.02291309 0.0006328499 0.011783109 0.10834019 0.017265897 0.008838963 0.010327539 0.005256624 4.557147e-06 0.0051943497 0.0740002 0.0020989284 0.02535157 0.0069502676 8.322852e-06 0.0002088809 4.9432654e-08 8.260327e-10 0.010887279 4.5863473e-09 0.00012474717 1.4318982e-08 0.010068402 0.0001257288 0.008661585 0.00013993889 0.01803931 0.013294827
0.81650996 0.3876398 0.32346016 9.916736e-15 0.3793169 0.85603946 0.43931714 0.35013083 0.7981896 0.62230074 0.83588773 0.8042445 0.79984885 0.33674186 0.57651484 0.013913008 0.13646987 0.34399104 0.11823971 0.0008148575 0.6234164 0.018342748 0.07140614 0.0051174415 0.09321987 0.28667533 0.27441972 0.090555206 0.0033303972 0.58090985 0.12797819 0.55006075 0.030054364 0.0707598 0.12830935 0.18118243 0.0023447156 0.0025451018 0.15158543 6.240104e-05 0.00081782124 0.00047447 0.0036265275 0.064222455 0.016016655 0.017093476 0.061050292 0.036070034 0.03099138 0.00359502 0.00021336747 1.4996559e-05 0.011275187 0.024554653 1.6720577e-06 1.742025e-05 1.7161923e-05 7.0185365e-06 0.00049108604 0.03482483 4.470472e-07 1.5897785e-05 0.0004903478 1.1419479e-07 1.9253985e-06 9.119071e-06 8.819503e-06 0.006751571 1.2760739e-05 2.3024619e-05 2.0458338e-05 0.0007315346 0.00013131682 2.6054757e-05 0.0003167421 9.1432315e-07 2.9368053e-05 2.683785e-08 1.2027019e-05 0.0036962933 0.00049306074 6.75314e-07 0.00038810738 2.9505031e-06 7.093969e-05 0.0025227633 2.1319936e-05 0.00013507178 1.8744211e-07 1.4544584e-06 1.7749288e-07 0.000116650444 5.9990638e-05 8.2089326e-07 4.625063e-08 0.00010358594 1.02536005e-05 2.0884376e-05 2.4072937e-05 2.3203032e-05 1.0342154e-05
0.97696024 0.8132979 0.8418412 0.3793169 1.4751829e-16 0.7335823 0.5719059 0.61850214 0.46485695 0.5684998 0.29551739 0.4840405 0.34554443 0.77660036 0.104398884 0.3884278 0.18846706 0.3098907 0.34496787 0.04387412 0.06443282 0.26583734 0.055798545 0.17197342 0.0850893 0.03637449 0.05540957 0.006159787 0.052432902 0.0770964 0.027249742 0.047704596 0.015799394 0.018300947 0.02952307 0.46382594 0.0032815996 0.0009713619 0.44134894 0.009641567 0.014388229 0.025927125 0.001211304 0.014227253 0.016631527 0.22826341 0.3404504 0.005008793 0.0022318827 0.00038109632 0.0032090393 0.0032901515 0.12888657 0.21846913 0.0025544588 0.00024384371 0.0006552021 0.00010141563 0.001983622 0.00096214545 5.5861136e-07 0.002805006 0.010498555 2.930415e-07 0.00020254024 3.9900802e-05 7.3836054e-07 0.14662755 0.0012646471 0.0020088062 0.0027424796 0.020989643 0.012547516 0.0056872987 0.0004128532 0.0002546153 0.0071908864 2.6902555e-06 0.00081878394 0.14248511 0.009430843 1.194428e-06 0.0107168015 0.0014576927 0.0026243234 0.084145725 0.00039008498 3.028605e-05 1.3528093e-05 5.8397067e-08 8.063693e-08 0.0018626134 7.766064e-06 5.830395e-05 1.9415566e-08 0.0043194927 0.00025210268 0.00045782502 0.0017773063 0.0015928998 0.00021239015
0.19497053 0.6981655 0.8706216 0.85603946 0.7335823 4.0938087e-18 0.83454 0.8236056 0.80712354 0.3233592 0.6446055 0.69827974 0.23555274 0.33876133 0.1869575 0.00923214 0.70447004 0.21347761 0.53179044 0.00578856 0.3337253 0.28820372 0.030735016 0.06903086 0.021250658 0.09924339 0.14717424 0.0028665576 0.049296647 0.0068570883 0.0023367207 0.030097453 0.018973459 0.0020560692 0.0047301725 0.070022054 0.0022380552 0.0029312677 0.046128083 0.0002280542 0.05477666 0.0008977788 9.770864e-05 0.00028382184 0.03442944 0.059532125 0.05661059 0.00013159137 2.8734867e-05 0.0039891293 0.024915094 0.0030658839 0.023127062 0.014238465 0.00027791713 0.0054482 0.0014890983 0.005086986 0.0011504502 5.53088e-06 3.9768462e-08 0.00045715243 0.0125383185 9.557948e-09 0.0005441981 0.00023246082 3.8439488e-08 0.008622322 0.00039856552 0.0073056137 0.009668703 0.021923698 0.012584193 0.0004939979 0.0003936258 9.331875e-05 0.007311647 0.00088815246 0.0005171911 0.0012564418 0.0024796494 7.5914104e-06 0.0018964597 0.008503992 0.0008742704 0.0012680696 7.506393e-05 7.060927e-06 1.3463997e-05 2.0230925e-07 1.8138203e-09 0.00017531506 1.949468e-08 0.00011044694 3.660925e-08 0.0019149653 1.5068396e-05 0.00018077083 1.3977076e-05 0.0021596292 0.00056815764
0.9445626 0.54071116 0.8345935 0.43931714 0.5719059 0.83454 4.1373875e-12 0.86320984 0.6523989 0.07309579 0.24355496 0.68104243 0.13461162 0.1908764 0.02028479 0.0060704425 0.7224035 0.053739402 0.6916829 0.045092314 0.16978577 0.5004413 0.005299356 0.01881679 0.006990742 0.10729465 0.22420022 0.0029832667 0.10950257 0.039507233 0.010315427 0.101123124 0.08387013 0.008633509 0.016968276 0.14468563 0.00028335236 0.00018887236 0.14458491 0.00094307895 0.022251692 0.0017789307 0.00058466394 0.017310545 0.12033072 0.16702572 0.16358894 0.013486135 0.0053954544 0.020891946 0.0049403436 0.0015730923 0.07220917 0.026360212 0.00036261595 0.000787703 0.0010062036 0.00042057605 0.0002224637 0.0029832667 3.8213095e-08 0.00023201389 0.0021740075 3.0448994e-08 0.00035294905 2.260043e-06 2.234342e-07 0.0074098334 0.0003398633 0.0015074541 0.000992496 0.0056102774 0.002916571 0.00054727664 0.0031308583 0.00032752854 0.0016367568 2.8462484e-05 0.0011298594 0.0040681725 0.00033490258 1.6683171e-07 0.0002815806 0.001559341 8.525698e-05 0.009353147 0.00035878405 0.0012909614 3.6333367e-06 6.214309e-08 8.200353e-08 0.0008309049 4.825498e-05 0.00016492636 2.1889253e-08 0.0011945136 7.091873e-05 0.0003375386 2.5660478e-05 0.0010268295 0.00012177631
0.93939537 0.5871445 0.88338816 0.35013083 0.61850214 0.8236056 0.86320984 6.2996896e-14 0.5435644 0.09231745 0.1372384 0.5929166 0.08603185 0.22814184 0.014273937 0.01663985 0.75608647 0.07648457 0.74408025 0.11048905 0.07944133 0.58577055 0.006579117 0.035274763 0.011667815 0.047218505 0.11222755 0.0017973711 0.17858529 0.016630417 0.004731113 0.032609165 0.046495568 0.004240221 0.008465407 0.16249448 0.000667059 0.0007219075 0.18144386 0.001827896 0.10660841 0.0036656999 0.00021484394 0.008496863 0.13066779 0.23968904 0.20158847 0.0054259812 0.0022218353 0.009465056 0.016467601 0.0069235116 0.09134766 0.039911576 0.002211073 0.0015873115 0.0036706303 0.0005960556 0.0003065751 0.00015867408 3.344704e-08 0.000516773 0.0062851817 3.948857e-08 0.0017101277 3.2563833e-06 1.0258803e-07 0.008850101 0.0005320967 0.0023526181 0.0021665562 0.009462501 0.004409216 0.0015134349 0.002318449 0.00029137466 0.0021442035 0.00010185373 0.001686328 0.004638187 0.00063525775 1.06734504e-07 0.00040537168 0.0024112721 6.568024e-05 0.015625447 0.00051513594 0.00039618052 1.14032855e-05 2.7716249e-08 5.0978272e-08 0.0013295169 4.666694e-06 0.00028761584 7.523327e-09 0.0018780994 0.00017215617 0.00029611756 5.4926848e-05 0.0018491913 0.00032699457
0.8817296 0.36792812 0.38331372 0.7981896 0.46485695 0.80712354 0.6523989 0.5435644 1.5260495e-14 0.23906948 0.47882354 0.8767658 0.28887594 0.32134956 0.33303162 0.0056741424 0.6199081 0.31937954 0.43000314 0.0034446965 0.6308283 0.23677197 0.045812994 0.014025181 0.08412958 0.45157668 0.5576109 0.02913641 0.044705942 0.15798354 0.05928418 0.35820436 0.16488253 0.053999577 0.03598699 0.18920289 0.003521887 0.0033028256 0.20295294 0.00030653065 0.0455644 0.0009600296 0.0020914262 0.042769887 0.14708178 0.17142347 0.14715277 0.027775116 0.012716241 0.01552856 0.01532942 0.0005511517 0.06181897 0.043593206 0.00011686056 0.0016899373 0.0017594937 0.00032134706 0.0014586486 0.005361818 4.349142e-07 0.00010442069 0.004584284 5.200307e-08 0.00067593786 2.4626825e-05 2.5330646e-06 0.008522511 0.00017026412 0.0010167473 0.0015191266 0.0070999493 0.003427779 0.00046224115 0.0023238612 6.3409956e-05 0.0014821185 7.854641e-06 0.00029137687 0.005918645 0.0008824269 2.576257e-06 0.0007269813 0.00067018124 0.0003109584 0.0071321237 0.00022892431 0.0012725351 4.1521594e-06 1.3885754e-06 1.3596592e-07 0.000395005 0.0003688942 0.00012501012 1.3256977e-07 0.0010092622 3.497508e-05 5.5396882e-05 1.6057673e-05 0.0012975754 0.00017908239
0.08238549 0.0862732 0.030880263 0.62230074 0.5684998 0.3233592 0.07309579 0.09231745 0.23906948 2.1372116e-16 0.70490867 0.019284772 0.50860137 0.5172563 0.85907173 0.3551964 0.005913601 0.6676216 0.010895787 4.8138645e-05 0.007833159 0.009409256 0.7264595 0.012192616 0.3769334 0.0002706873 0.00017901442 0.3216929 1.7865344e-05 0.10623557 0.11321423 0.00020775803 1.5303096e-06 0.050679658 0.015778186 0.1249407 0.062152013 0.077585496 0.12121023 4.9822804e-05 0.0015984472 0.00038643854 0.0111711845 2.8898696e-06 7.395869e-05 0.0065848916 0.011912156 7.608214e-07 1.9665238e-06 0.00012126846 0.001395098 4.3953754e-05 0.0042479513 0.03146291 1.0251885e-06 3.959422e-05 4.5136284e-07 0.00012574284 0.004247556 7.337204e-06 1.823504e-05 1.5661528e-05 0.0025955087 3.966094e-06 6.651887e-07 0.0006145918 1.5565634e-07 0.022712538 2.6462649e-06 0.00022542481 0.00072311267 0.0016506822 0.0011351851 0.00039084206 3.0604251e-06 1.5665977e-07 0.0005022916 2.5070236e-05 2.0834284e-05 0.012093603 0.0047492473 5.3473887e-05 0.006838985 0.00028054303 0.0032814571 0.0018076414 1.9643691e-07 2.1968349e-06 2.0123477e-07 3.442985e-07 5.1451132e-09 2.240329e-05 1.2344438e-08 9.983471e-06 4.279263e-08 0.00042489416 3.7152928e-05 5.4003493e-07 0.0002464763 7.188812e-05 0.00011082826
0.4544884 0.22623846 0.2469393 0.83588773 0.29551739 0.6446055 0.24355496 0.1372384 0.47882354 0.70490867 2.8847646e-17 0.42138988 0.9015078 0.37077448 0.6338716 0.07224016 0.09770108 0.3500079 0.065376274 0.00095533696 0.3673234 0.018526087 0.2406563 0.007094769 0.12685838 0.083962895 0.10765305 0.24271408 0.0029225324 0.6616561 0.20549497 0.4500952 0.018614171 0.11327294 0.20593905 0.15887913 0.012076678 0.0199591 0.17473726 0.0006162084 0.002191654 0.0014436925 0.022285735 0.045625735 0.021447083 0.022287121 0.050446115 0.018340088 0.021099454 0.0038982767 0.0011904695 0.00034199588 0.015248935 0.038978532 8.0662736e-05 5.9605074e-05 9.5735944e-05 1.0667183e-05 0.0012546949 0.029501244 9.644721e-06 6.303619e-05 0.002281803 1.9492284e-06 1.29326745e-05 0.00012714221 0.00075261254 0.009924114 4.44288e-05 1.1805344e-05 2.4004323e-05 0.0011257055 0.0001659625 6.298901e-05 0.0013347816 2.4436784e-05 3.2539323e-05 7.8184165e-08 4.6005058e-05 0.007860558 0.0016911603 1.1342861e-05 0.0008700533 1.1046142e-05 0.00033645745 0.0034893057 0.00013976364 5.545815e-05 1.3742053e-06 8.289531e-05 1.0802846e-06 0.00022443442 4.9816583e-05 1.9496558e-06 1.0739642e-06 0.000270756 1.2993536e-05 3.4688277e-05 8.479389e-05 4.3340297e-05 1.0354757e-05
0.015984023 0.009061453 0.17532949 0.8042445 0.4840405 0.69827974 0.68104243 0.5929166 0.8767658 0.019284772 0.42138988 6.026545e-21 0.058192853 0.11372936 0.03350728 0.00011686178 0.5702259 0.048975777 0.29426235 6.5148415e-05 0.5012011 0.09408025 0.004255594 0.005499213 0.0029388925 0.16417702 0.24550265 0.00033278062 0.0019691673 0.0020809246 0.00012957977 0.014001657 0.01871146 3.622651e-05 5.321748e-05 0.019455519 8.7297594e-05 3.5668574e-05 0.0055817924 1.360294e-06 0.006998333 6.9677512e-06 1.01984515e-05 4.4000728e-05 0.001393199 0.009452508 0.012037766 3.307142e-05 5.8791134e-06 0.002018099 0.0021351425 1.1551467e-05 0.0037260316 0.0008665584 1.1915381e-06 0.00016878742 0.00012050079 0.00019078153 6.977044e-05 3.979669e-06 1.7216765e-08 3.5113424e-06 0.00067545485 8.709552e-09 1.4018512e-05 4.261536e-06 4.925597e-09 0.0003973454 4.975317e-06 0.0002120182 0.00032907398 0.00071171107 0.00028450586 5.7088987e-06 4.8000998e-06 1.7095527e-06 0.00017390198 1.8529248e-05 2.2165664e-06 4.825608e-05 0.00016736293 1.79156e-06 0.00021643651 0.0003100508 3.9702205e-05 0.00014624938 1.1702169e-06 5.673514e-07 4.662359e-07 9.381998e-07 1.8703374e-09 3.7683242e-06 8.9561086e-10 2.1955573e-06 2.027157e-08 1.0259078e-05 6.977227e-08 9.801793e-07 4.2725915e-08 3.993632e-05 1.726099e-06
0.034613803 0.010269548 0.023571843 0.79984885 0.34554443 0.23555274 0.13461162 0.08603185 0.28887594 0.50860137 0.9015078 0.058192853 7.499882e-18 0.2621135 0.732686 0.007575901 0.03015392 0.29812327 0.024834443 1.95269e-05 0.07738254 0.012390173 0.37853593 0.006549 0.10239382 0.0120719625 0.009559226 0.23998466 3.4672103e-05 0.39494175 0.16869448 0.04118752 0.000964921 0.09003384 0.06284544 0.04572701 0.013872857 0.020408165 0.03527012 2.5305076e-06 0.005080996 2.8661983e-05 0.0112252645 0.0008500667 0.0019247186 0.004279964 0.007960967 0.0002332176 0.00030946883 0.0006799149 0.0009800214 2.5689187e-06 0.0028090177 0.0076580616 4.3464925e-07 4.2876567e-05 0.00016731601 8.05422e-05 0.0022311122 0.0008520252 2.2387507e-05 1.5603778e-06 0.000100300174 3.0940596e-06 3.145148e-05 0.00078012946 1.5892572e-05 0.007519899 7.699674e-07 2.416121e-05 1.2525923e-05 0.00019029653 2.6556123e-05 1.2805547e-06 7.19314e-05 9.3325724e-08 1.1579968e-05 2.5178238e-06 1.1771926e-06 0.0027700341 0.0018020575 0.00014605647 0.0021132308 2.1079954e-05 0.0019685205 0.0011688279 2.6238303e-07 7.917817e-06 1.6525296e-07 8.769248e-06 4.7196412e-08 7.23216e-07 1.2170216e-07 5.5190512e-06 1.0835554e-06 0.00014730157 1.1762511e-06 2.1547562e-07 3.8573176e-05 1.8966159e-05 6.010563e-07
0.97259784 0.3429494 0.28475267 0.33674186 0.77660036 0.33876133 0.1908764 0.22814184 0.32134956 0.5172563 0.37077448 0.11372936 0.2621135 1.3026163e-13 0.33020833 0.57333213 0.059990186 0.6226931 0.09158199 0.009286797 0.03756151 0.056623265 0.27964345 0.061920308 0.42570454 0.016679322 0.025038168 0.060091473 0.0076587484 0.106562264 0.06337642 0.027899079 0.0075115412 0.03381446 0.024006207 0.58043337 0.06415058 0.019702569 0.541778 0.014611522 0.005260099 0.04931185 0.0038484794 0.007155123 0.012405427 0.09143948 0.225899 0.0029309255 0.0035100067 2.012319e-05 0.0015518279 0.00082779815 0.082132824 0.29522875 0.0010753314 5.4691525e-05 0.00018640155 1.4869157e-05 0.010153079 0.00077957317 3.2130538e-06 0.006307546 0.012947077 5.657178e-06 5.8960562e-05 0.00018669276 1.5582802e-05 0.25020584 0.0018806866 0.0005148422 0.0010641548 0.0053308485 0.0030341544 0.012278257 0.00047760495 0.00049630913 0.0017467431 2.9203286e-06 0.0011041515 0.2257264 0.019348241 6.7918713e-06 0.021936215 0.00079845 0.005481505 0.1574619 0.00055568025 0.00010391405 3.1470606e-06 2.1317007e-07 4.3583762e-07 0.0033761542 2.411271e-05 5.2166768e-05 1.0088896e-07 0.010282401 0.001787658 0.001150737 0.005495724 0.0005115745 8.4313535e-05
0.8390752 0.03917481 0.038093053 0.57651484 0.104398884 0.1869575 0.02028479 0.014273937 0.33303162 0.85907173 0.6338716 0.03350728 0.732686 0.33020833 1.9625421e-14 0.3972053 0.004539761 0.50883067 0.0027577276 0.0002065019 0.060396858 0.00078418315 0.75215304 0.0036252704 0.30550796 0.016003486 0.012501485 0.73197615 0.00017141078 0.4985118 0.56013757 0.091914244 0.002433665 0.2771817 0.2661767 0.18635967 0.09482475 0.13115963 0.16932745 6.223641e-05 2.8984854e-05 0.0012745275 0.124299265 0.02787941 0.0042952714 0.0017004254 0.0071426877 0.007912748 0.015699819 0.00028045024 3.903529e-06 7.2795297e-06 0.0015886162 0.047214266 7.7761314e-07 9.710317e-07 1.89066e-05 1.1850452e-07 0.014724933 0.024762932 0.0013580103 2.069158e-05 0.0002057202 0.00081850676 2.4863934e-06 0.0015244136 0.019211002 0.022146242 3.2980472e-06 1.4681832e-07 3.7851333e-08 1.6071752e-05 1.9844383e-06 4.4198732e-05 9.547099e-05 1.6541962e-07 4.3439647e-07 1.7424362e-08 1.670225e-06 0.038755465 0.0054918705 0.00027612806 0.0051573566 1.18375766e-07 0.002968891 0.0044057504 1.0058698e-06 0.00012282848 6.651662e-08 5.9591883e-05 7.402764e-05 2.1444388e-05 4.6355117e-06 4.0140317e-06 3.9424194e-06 0.00016489711 3.2781212e-05 2.186885e-06 0.0029796443 1.9516146e-06 5.336161e-07
0.05442151 0.04936089 0.10102734 0.013913008 0.3884278 0.00923214 0.0060704425 0.01663985 0.0056741424 0.3551964 0.07224016 0.00011686178 0.007575901 0.57333213 0.3972053 9.073952e-19 0.00067044806 0.84161806 0.0027050474 0.0009479526 2.9561334e-06 0.002715864 0.64233315 0.085113645 0.75334954 1.9339328e-07 2.9202573e-07 0.014811804 0.00026573645 0.00016540283 0.00028077216 1.6095088e-08 4.4838915e-09 2.8658429e-05 9.760191e-07 0.19486693 0.50794864 0.51425064 0.2866223 0.0036192855 0.00029587653 0.04002294 3.821592e-05 2.8103305e-08 5.653292e-07 0.008169268 0.015650174 2.716068e-08 7.1337276e-08 3.448557e-06 0.000680736 5.4163385e-05 0.01075514 0.11546008 1.5867887e-05 0.000114336304 3.0850113e-06 4.9257098e-05 0.019100292 1.0752549e-07 2.7128167e-06 0.001211646 0.042301103 1.6474729e-06 2.1029164e-06 0.0005172631 2.9239175e-10 0.119021274 0.00023014049 0.001217305 0.008203977 0.005673544 0.0049303393 0.02844084 3.403589e-08 3.549898e-06 0.0029151945 3.705657e-05 6.19446e-05 0.05697814 0.010865041 2.498436e-05 0.012162556 0.00049376726 0.00445504 0.007667174 1.5822161e-05 3.099247e-07 4.408723e-08 6.7775745e-09 8.6991005e-11 0.00071782543 1.9261405e-10 7.7231306e-08 2.8604644e-10 0.0028195465 0.00047913188 0.00023874658 0.0037882617 0.0002020745 0.0011259181
0.8794838 0.16494389 0.47854623 0.13646987 0.18846706 0.70447004 0.7224035 0.75608647 0.6199081 0.005913601 0.09770108 0.5702259 0.03015392 0.059990186 0.004539761 0.00067044806 8.0040724e-11 0.018401297 0.90874815 0.028999573 0.12447296 0.7199322 0.0027527944 0.008086423 0.0012292733 0.11996902 0.32976294 0.0009631582 0.47164586 0.0066735134 0.0021248732 0.0576816 0.25633267 0.0033065053 0.003253047 0.043751348 0.00015979557 0.0003183031 0.029811386 0.00025091777 0.12022841 0.0003672218 5.283543e-05 0.008477757 0.4447026 0.106678106 0.09381144 0.011018048 0.0023824098 0.0503139 0.011296546 0.0019765736 0.036995087 0.0038835471 0.00021372203 0.0010983918 0.004765567 0.00068242924 0.00024276336 0.00042939337 1.0051865e-07 8.844405e-05 0.0008490176 1.2030173e-07 0.0027311337 3.957e-06 6.158544e-08 0.001051409 0.00017379389 0.0019353844 0.0008207388 0.0048324685 0.0024425264 0.00023539017 0.008062328 0.00037659408 0.0013371968 0.00022294305 0.000992914 0.0013265052 0.0002862531 3.5598774e-07 0.00025254377 0.0017564384 3.3608656e-05 0.004674962 0.00022660168 0.0044625094 2.169104e-05 3.056846e-08 2.0236172e-07 0.00062311004 5.8169764e-05 0.0004648651 2.9062397e-08 0.0010832114 2.3945926e-05 0.00026076497 1.1503952e-05 0.0023482626 0.00016134755
0.9554126 0.07423347 0.084182665 0.34399104 0.3098907 0.21347761 0.053739402 0.07648457 0.31937954 0.6676216 0.3500079 0.048975777 0.29812327 0.6226931 0.50883067 0.84161806 0.018401297 1.845234e-15 0.008919901 0.002799166 0.0317094 0.0027984264 0.711846 0.011347883 0.8202579 0.006499424 0.009222307 0.25002977 0.0023731363 0.18433136 0.13958147 0.025168182 0.0017710476 0.06594246 0.03911203 0.4139559 0.462752 0.38464853 0.34850436 0.0022798332 0.00023295126 0.015925739 0.032204673 0.006749694 0.013283427 0.0036772718 0.014999141 0.0015560625 0.002024465 7.157925e-05 3.695761e-05 6.0207112e-05 0.005509709 0.18370505 3.3148528e-05 1.0407322e-06 0.00015925747 3.122792e-07 0.06551098 0.0011461667 0.00017103487 0.0008288729 0.002988586 0.00010462413 2.1578368e-05 0.002081941 0.0011749193 0.08993828 0.00015434776 2.3648256e-06 4.3703326e-06 0.000112092974 4.4666624e-05 0.0011076826 0.00066634116 1.0971455e-05 1.40329585e-05 5.2049213e-08 3.8851507e-05 0.09015952 0.017071426 8.785073e-05 0.016605489 3.5558144e-06 0.007729899 0.027785454 1.7374112e-05 0.00089107 1.0707785e-06 1.3238928e-06 6.836725e-06 0.0001725658 1.1895206e-06 7.0973736e-05 4.3176757e-07 0.00089703675 0.00069071614 3.4377787e-05 0.005573284 2.8302326e-05 4.8731013e-06
0.9483293 0.1916852 0.52444273 0.11823971 0.34496787 0.53179044 0.6916829 0.74408025 0.43000314 0.010895787 0.065376274 0.29426235 0.024834443 0.09158199 0.0027577276 0.0027050474 0.90874815 0.008919901 5.802365e-13 0.1839461 0.057530046 0.85517657 0.0019468978 0.02077475 0.001062668 0.04542946 0.1282977 0.00049402704 0.7177015 0.004546397 0.0011044769 0.029961796 0.082064554 0.001948487 0.004218975 0.06491648 7.85263e-05 0.00013354997 0.073631845 0.0009960637 0.29333857 0.0011230721 0.000103406404 0.0071836384 0.36741504 0.26274183 0.18937232 0.0051508066 0.0018963711 0.01758978 0.03164506 0.013370119 0.09448606 0.015430854 0.002202962 0.0035620783 0.01139578 0.0023168477 0.0001841988 0.00018424464 5.1768225e-08 0.0002483578 0.0033279269 9.252019e-08 0.004566344 1.9890995e-06 3.645102e-08 0.0031469334 0.0005825904 0.00597793 0.0030185287 0.008616371 0.005700635 0.0014261695 0.0073798266 0.0014182616 0.0043779896 0.0003049663 0.003123851 0.0022670836 0.00045932026 1.2803257e-07 0.00047921416 0.005764582 2.6175721e-05 0.01197884 0.0007461948 0.003817651 0.00010508342 7.506675e-08 2.0866675e-07 0.00096232176 2.4629171e-05 0.00089568144 3.4295898e-08 0.0018289248 6.72741e-05 0.00055672147 1.986971e-05 0.006355504 0.0009949277
0.4712091 0.05081255 0.61198115 0.0008148575 0.04387412 0.00578856 0.045092314 0.11048905 0.0034446965 4.8138645e-05 0.00095533696 6.5148415e-05 1.95269e-05 0.009286797 0.0002065019 0.0009479526 0.028999573 0.002799166 0.1839461 3.8514313e-17 5.022559e-05 0.3767385 0.00013360348 0.9249067 0.0011029275 1.4233623e-05 3.105371e-05 4.7479334e-06 0.6023945 3.839937e-06 2.9812059e-06 1.5061865e-06 1.6121234e-06 2.439735e-06 1.0697343e-06 0.010632931 0.00072573754 0.00024309909 0.016663447 0.0118394075 0.10498185 0.038430266 6.551708e-07 1.2085634e-07 0.0017561585 0.23335072 0.103224576 1.706522e-07 8.0449965e-08 6.3808716e-06 0.14658637 0.047737274 0.11081351 0.011884946 0.111738555 0.09656086 0.005439475 0.13298535 0.00010080573 4.0715346e-08 4.0793314e-08 0.018344307 0.14207922 4.0215372e-08 0.006746257 6.3860584e-06 5.1907216e-09 0.004217905 0.028606152 0.12425135 0.13288823 0.23120154 0.17367141 0.05018724 1.9619709e-05 0.019473918 0.19172597 0.049012385 0.016651003 0.001238275 0.0011813764 2.8488577e-07 0.0012605736 0.13930663 0.0001366688 0.0129802665 0.014111274 3.222126e-07 0.00060544035 1.6110145e-07 1.3748036e-09 0.017116582 5.083035e-10 1.986259e-05 1.3648601e-08 0.009605774 6.841607e-05 0.02283735 6.1277515e-06 0.0493246 0.022167904
0.22392263 0.0057712244 0.017805044 0.6234164 0.06443282 0.3337253 0.16978577 0.07944133 0.6308283 0.007833159 0.3673234 0.5012011 0.07738254 0.03756151 0.060396858 2.9561334e-06 0.12447296 0.0317094 0.057530046 5.022559e-05 1.416599e-15 0.021125922 0.0056796456 0.0005651606 0.0020071059 0.9111639 0.8062837 0.005104379 0.000586194 0.08758445 0.006422362 0.89939535 0.17415 0.0067748874 0.012256901 0.011450173 0.0001174087 0.00023058009 0.00796821 6.314512e-06 0.0035554464 6.8639733e-06 0.00016919014 0.124857605 0.008566703 0.0069215475 0.010604783 0.113061555 0.043332852 0.05510229 0.0009282113 1.5170502e-06 0.0035738258 0.00075181416 7.37604e-07 0.00015068318 0.00030259936 2.8270006e-05 7.252841e-05 0.022837907 4.8869044e-08 3.92252e-06 8.1183425e-05 2.6283344e-08 0.00016213731 1.0664163e-05 1.7029804e-06 0.0001287418 1.933307e-06 1.0543651e-05 2.0494696e-07 2.768158e-05 8.146006e-07 1.1893607e-06 0.00011370508 2.1945377e-06 1.0118039e-06 2.0362646e-07 9.984394e-06 3.805604e-05 3.368975e-05 1.2071506e-06 1.6485992e-05 8.494824e-07 7.660004e-06 0.00041369567 1.6060352e-05 0.0002283809 3.055833e-07 3.6027313e-08 4.6341935e-08 9.504596e-06 0.0018290163 7.97879e-06 3.3376157e-09 2.640735e-05 5.265803e-08 6.3686693e-06 5.06942e-07 1.971908e-06 8.073334e-06
0.9542157 0.121376015 0.4384109 0.018342748 0.26583734 0.28820372 0.5004413 0.58577055 0.23677197 0.009409256 0.018526087 0.09408025 0.012390173 0.056623265 0.00078418315 0.002715864 0.7199322 0.0027984264 0.85517657 0.3767385 0.021125922 3.0358736e-17 0.00052125566 0.074602224 0.00025340408 0.015807487 0.043973938 9.390493e-05 0.7983462 0.0018055298 0.00011070657 0.0143722985 0.04691037 0.0002899861 0.0008334938 0.059935287 2.4319655e-05 4.8166563e-05 0.10940737 0.0010424164 0.5575721 0.002609468 2.2148939e-05 0.0032236632 0.35258812 0.50875354 0.3196506 0.0016570503 0.000777181 0.009555557 0.1562718 0.048427124 0.17616834 0.028828213 0.009627545 0.017820366 0.04667537 0.016086444 1.6272184e-05 4.310937e-05 6.1124563e-09 0.00037315628 0.011104871 6.3502292e-09 0.008394344 8.5610445e-08 3.951567e-09 0.0040487153 0.0010459466 0.026602395 0.01593224 0.024662163 0.017554035 0.002729954 0.00686828 0.0022049306 0.012565755 0.000440294 0.0048562936 0.003504526 0.0001094165 3.8955688e-09 0.00012566624 0.020890621 2.2741763e-06 0.023234608 0.0014364952 0.0023290042 0.00015451109 1.09119584e-08 6.3377663e-09 0.0011013797 3.846178e-06 0.0015846965 5.363261e-09 0.0022043472 3.0844065e-05 0.00071849633 4.240022e-06 0.015538797 0.0035336907
0.93819886 0.025860049 0.025468469 0.07140614 0.055798545 0.030735016 0.005299356 0.006579117 0.045812994 0.7264595 0.2406563 0.004255594 0.37853593 0.27964345 0.75215304 0.64233315 0.0027527944 0.711846 0.0019468978 0.00013360348 0.0056796456 0.00052125566 2.7869191e-11 0.0018194956 0.55948204 0.0019627663 0.0018780772 0.7021873 3.596256e-05 0.1090557 0.3324067 0.006699834 0.0013446297 0.15890598 0.08168936 0.22972974 0.48209143 0.715483 0.20326185 0.0003932084 6.2774925e-05 0.00550771 0.08047158 0.001916916 0.00503451 0.00037220735 0.0015955397 0.0020256836 0.001959786 0.00012163714 4.2205626e-05 2.0438114e-05 0.00046460208 0.08799456 5.6436124e-07 1.0638031e-06 8.753677e-05 1.2635427e-07 0.25047952 0.0024512631 0.029746182 0.00012246717 0.00019957632 0.007197659 3.765772e-05 0.20074278 0.022307146 0.06460607 7.933788e-06 3.2452007e-08 3.418357e-08 1.0228964e-06 3.877951e-07 7.698609e-05 0.00087304594 2.2316439e-07 1.55875e-07 3.0334395e-08 8.670176e-06 0.13831544 0.06739859 0.016628943 0.07718496 1.2815961e-07 0.0514243 0.012143118 1.1612575e-06 0.0017782752 8.152783e-07 0.00010577576 0.001879359 4.907358e-05 1.4976569e-06 0.0020220801 3.537804e-05 0.00030858145 0.00023727256 1.9970903e-06 0.011180814 5.9961747e-07 2.423741e-07
0.9875532 0.09760463 0.64654136 0.0051174415 0.17197342 0.06903086 0.01881679 0.035274763 0.014025181 0.012192616 0.007094769 0.005499213 0.006549 0.061920308 0.0036252704 0.085113645 0.008086423 0.011347883 0.02077475 0.9249067 0.0005651606 0.074602224 0.0018194956 1.28314755e-17 0.0063235825 0.00014231596 9.3653434e-05 2.5524872e-05 0.10977914 0.0012177515 1.6499896e-05 0.000116303985 6.819758e-05 2.5433366e-05 2.8158101e-05 0.0664714 0.0013534451 0.000601493 0.09276797 0.6216275 0.07045356 0.36095074 5.090548e-05 8.08036e-06 0.0034691603 0.6215382 0.72543705 3.8524777e-06 1.0784375e-05 0.00025951705 0.16948089 0.085276075 0.6665132 0.10188884 0.13245077 0.14740965 0.009292768 0.16058582 0.0010185646 2.9517485e-05 3.1381056e-08 0.10972604 0.22242498 5.176013e-08 0.007766613 5.0529805e-05 6.0960628e-09 0.082058996 0.07129351 0.18484992 0.284643 0.36556354 0.33055332 0.17763007 3.6909496e-05 0.06082529 0.25399446 0.029404746 0.056277778 0.025686257 0.004322202 2.2631614e-06 0.003310888 0.17108022 0.000405612 0.25303966 0.020028234 2.017837e-06 0.00462075 5.4025048e-08 9.431292e-09 0.1474352 9.084424e-09 0.00019271421 5.371126e-08 0.086577035 0.011966492 0.034261614 0.00055170595 0.06432442 0.079920515
0.9764608 0.02567111 0.010352428 0.09321987 0.0850893 0.021250658 0.006990742 0.011667815 0.08412958 0.3769334 0.12685838 0.0029388925 0.10239382 0.42570454 0.30550796 0.75334954 0.0012292733 0.8202579 0.001062668 0.0011029275 0.0020071059 0.00025340408 0.55948204 0.0063235825 3.9132604e-14 0.00034997202 0.00046347204 0.08718001 4.4436383e-05 0.029442178 0.046567816 0.0011411344 0.00015417916 0.02251869 0.012613936 0.43928224 0.6783341 0.5531136 0.5002084 0.0028676637 1.809246e-05 0.020805726 0.01623822 6.8334164e-05 0.002502749 0.00029914902 0.0047198986 5.679214e-05 0.0001042398 1.6933121e-06 6.4608794e-06 5.3827825e-06 0.0010763276 0.31419516 4.9287946e-06 5.9357575e-07 2.7117216e-05 6.351747e-08 0.21586858 0.00014392818 0.00020630565 0.0007632 0.00065352774 6.829644e-05 1.8617076e-06 0.007695138 0.00018657619 0.24080789 6.9706795e-05 3.9174338e-07 2.0182413e-06 2.5289455e-05 1.8959703e-05 0.0022663907 0.00013011746 1.3399111e-06 5.109285e-06 8.227185e-09 1.6430977e-05 0.38860035 0.06576813 0.00010695864 0.07731802 1.702098e-07 0.021541191 0.08220994 9.6087415e-06 0.00913724 1.9805445e-07 3.714463e-07 1.2312167e-06 0.00024591867 1.358768e-06 0.00018479949 1.5540091e-07 0.0024345731 0.001467403 1.9691295e-05 0.019165944 2.1395817e-06 2.0802379e-07
0.08359665 0.0008662337 0.004331367 0.28667533 0.03637449 0.09924339 0.10729465 0.047218505 0.45157668 0.0002706873 0.083962895 0.16417702 0.0120719625 0.016679322 0.016003486 1.9339328e-07 0.11996902 0.006499424 0.04542946 1.4233623e-05 0.9111639 0.015807487 0.0019627663 0.00014231596 0.00034997202 1.4709644e-14 0.9179042 0.00063438836 0.0003033599 0.01093158 0.0009970783 0.66907907 0.31738257 0.001035818 0.0018338623 0.003189245 3.5678917e-05 6.524217e-05 0.0021586593 6.840392e-07 0.0032241596 1.7136024e-06 2.1134847e-05 0.08186202 0.008852064 0.0031501432 0.004330896 0.11882181 0.02276152 0.15797336 0.0008541144 4.7105195e-07 0.0015202186 0.000109165194 4.5017805e-07 7.675041e-05 0.0002971079 2.5011921e-05 1.6927817e-05 0.0067349467 4.842919e-09 1.1993226e-06 4.0028404e-05 8.002737e-09 0.00014185307 1.3325075e-06 3.5849865e-07 2.5486464e-05 1.4512938e-06 8.319123e-06 1.7522638e-07 1.328392e-05 6.959984e-07 3.400751e-07 0.00019317128 1.1401769e-06 9.787857e-07 2.0222552e-07 5.727079e-06 8.723622e-06 6.394401e-06 2.2452849e-07 3.0219041e-06 1.2312448e-06 2.0951393e-06 0.0002682286 7.3284214e-06 0.00054574566 1.435106e-07 6.6546146e-09 2.6895552e-08 2.7541635e-06 0.0023403217 1.1085738e-05 1.2023543e-09 5.6331564e-06 1.5060529e-08 1.8879347e-06 4.5415388e-07 4.630713e-06 7.0363776e-06
0.30277216 0.0013190825 0.004913697 0.27441972 0.05540957 0.14717424 0.22420022 0.11222755 0.5576109 0.00017901442 0.10765305 0.24550265 0.009559226 0.025038168 0.012501485 2.9202573e-07 0.32976294 0.009222307 0.1282977 3.105371e-05 0.8062837 0.043973938 0.0018780772 9.3653434e-05 0.00046347204 0.9179042 2.0746254e-14 0.0021753928 0.00088245934 0.00605105 0.0016514924 0.55915856 0.71758205 0.0022299888 0.002110974 0.0056448774 2.8675706e-05 2.7732816e-05 0.0030649821 1.1566608e-06 0.0059597804 9.459694e-07 4.3975007e-05 0.08650815 0.07456499 0.006712338 0.008349728 0.21002097 0.032308087 0.5690593 0.0015749614 2.272871e-06 0.0019137476 0.00014162829 2.0402972e-06 0.000104949206 0.0007284745 8.59336e-05 2.0721318e-05 0.009136464 9.128263e-09 1.0837839e-06 2.4557237e-05 8.076387e-09 0.00051796384 2.8882469e-06 8.700031e-07 6.053719e-05 7.119269e-07 7.646038e-05 2.8025943e-07 9.345215e-05 3.4253112e-06 1.4148334e-07 0.0018630965 1.4341203e-06 3.3978386e-06 2.0149507e-06 1.0796527e-05 1.9183286e-05 8.9521645e-06 2.1875286e-07 1.7083892e-06 2.2418508e-05 5.0348e-06 0.00052129815 7.2963767e-06 0.005360266 4.3436373e-07 1.6098097e-08 6.133633e-08 1.6560755e-06 0.013917249 8.0166785e-05 1.5263967e-09 4.480731e-06 7.79273e-09 2.4938167e-06 1.18666925e-07 0.00013791116 2.5080244e-06
0.25161046 0.0003592622 0.00044736432 0.090555206 0.006159787 0.0028665576 0.0029832667 0.0017973711 0.02913641 0.3216929 0.24271408 0.00033278062 0.23998466 0.060091473 0.73197615 0.014811804 0.0009631582 0.25002977 0.00049402704 4.7479334e-06 0.005104379 9.390493e-05 0.7021873 2.5524872e-05 0.08718001 0.00063438836 0.0021753928 9.564515e-16 2.3402856e-06 0.17951019 0.9165392 0.006470943 0.00018370654 0.6536613 0.27501625 0.04153075 0.047677536 0.115497574 0.033901308 9.3068644e-07 1.4252559e-05 1.999441e-05 0.47701088 0.003078848 0.0012069425 8.528031e-05 0.00021681041 0.0008279284 0.0023389426 3.7947895e-05 8.774121e-07 1.6947976e-07 1.4542316e-05 0.0056319 2.7199498e-09 1.0889594e-07 5.546997e-06 1.1415869e-08 0.012524372 0.0020884029 0.014242173 1.0671797e-06 2.3367952e-06 0.007042651 9.664483e-07 0.005436949 0.19080947 0.0036699898 2.7070755e-07 2.698999e-09 3.2531736e-10 3.783589e-08 1.5732136e-09 2.1100327e-07 3.957787e-05 1.0346539e-08 6.50326e-10 6.0422434e-10 1.6666394e-07 0.010633828 0.0040001045 0.0010267725 0.0051289573 3.6547767e-09 0.0034157766 0.0007109058 1.9290903e-07 3.6294667e-05 6.271499e-08 0.0017655988 0.002406737 2.7466695e-06 1.5604446e-08 4.480109e-05 0.00049285457 3.0027417e-05 2.5619875e-06 9.889703e-08 0.0020752912 1.5829183e-08 3.853027e-09
0.40986755 0.02982297 0.52132106 0.0033303972 0.052432902 0.049296647 0.10950257 0.17858529 0.044705942 1.7865344e-05 0.0029225324 0.0019691673 3.4672103e-05 0.0076587484 0.00017141078 0.00026573645 0.47164586 0.0023731363 0.7177015 0.6023945 0.000586194 0.7983462 3.596256e-05 0.10977914 4.4436383e-05 0.0003033599 0.00088245934 2.3402856e-06 2.1508751e-19 6.4596566e-07 2.104798e-06 1.7444556e-05 0.0014831233 2.9922487e-06 6.191457e-06 0.007219292 6.0294686e-05 5.7499525e-05 0.0071947933 0.0016127432 0.8034402 0.0032835044 6.0850304e-08 1.1784541e-06 0.7024495 0.35077032 0.12571833 1.115057e-06 8.000525e-07 0.0013805652 0.57805246 0.5723598 0.0718523 0.003467047 0.20715272 0.39772713 0.35041898 0.28202328 2.9395569e-05 5.785811e-09 1.310762e-08 0.003603036 0.07178035 8.354768e-09 0.17403665 1.2519337e-06 9.965928e-10 0.0014562566 0.0049307276 0.12665914 0.09848812 0.07914854 0.065232836 0.006704686 0.004847028 0.031603154 0.056511626 0.15072113 0.027656846 0.00030070703 0.00011629576 6.658516e-08 0.00025067764 0.14713505 5.809542e-07 0.0070657264 0.015289474 1.1044857e-05 0.012104721 1.9532978e-08 2.0680795e-10 0.008333309 8.0329976e-10 0.009174201 1.2974373e-08 0.001948749 5.315223e-06 0.0076509146 5.4886918e-08 0.07769844 0.014497549
0.006494009 0.0003354575 0.00083285576 0.58090985 0.0770964 0.0068570883 0.039507233 0.016630417 0.15798354 0.10623557 0.6616561 0.0020809246 0.39494175 0.106562264 0.4985118 0.00016540283 0.0066735134 0.18433136 0.004546397 3.839937e-06 0.08758445 0.0018055298 0.1090557 0.0012177515 0.029442178 0.01093158 0.00605105 0.17951019 6.4596566e-07 2.1746935e-19 0.40858808 0.2953971 0.0001368305 0.38124534 0.87758446 0.022402765 0.0012370204 0.0009694726 0.003580306 3.9660839e-07 9.172113e-05 1.2778366e-06 0.15801649 0.0050931755 5.436697e-05 0.00014985743 0.0006879919 0.0011891352 0.0072397147 0.001849753 3.468775e-05 1.3763431e-06 0.000116431496 0.00024109961 4.1443542e-08 6.2857926e-06 4.8542233e-06 3.1710297e-06 8.716491e-05 0.012338227 2.629924e-06 2.0060799e-07 2.2338158e-05 9.079764e-07 1.3587434e-06 1.288674e-05 0.0060983375 0.0009802495 1.1814242e-07 1.3909877e-06 1.6155196e-05 3.7375034e-05 1.611276e-05 1.5233387e-07 7.4879067e-06 1.0652151e-08 4.1831217e-06 8.342934e-06 3.683958e-07 0.0001569832 0.00033781538 1.6355481e-05 0.00039083645 8.132039e-06 0.0002486161 0.0002292789 2.9235006e-09 2.3995178e-06 1.1516608e-07 0.00076002517 8.602117e-07 2.3836333e-07 1.0588699e-06 1.5097581e-05 2.8730097e-05 4.1010003e-06 8.113988e-08 7.666197e-09 1.0186519e-06 1.8836133e-06 2.107354e-07
0.10708935 0.00011275998 0.00019588011 0.12797819 0.027249742 0.0023367207 0.010315427 0.004731113 0.05928418 0.11321423 0.20549497 0.00012957977 0.16869448 0.06337642 0.56013757 0.00028077216 0.0021248732 0.13958147 0.0011044769 2.9812059e-06 0.006422362 0.00011070657 0.3324067 1.6499896e-05 0.046567816 0.0009970783 0.0016514924 0.9165392 2.104798e-06 0.40858808 1.1933193e-15 0.011701295 0.0003328495 0.77503735 0.52101237 0.04107353 0.017689234 0.02566467 0.031834997 9.770743e-07 4.0171548e-05 7.819595e-06 0.67743295 0.0049574263 0.0007225312 0.00019601185 0.0009949264 0.0011533614 0.0040056016 3.9515642e-05 1.874829e-05 1.14743564e-07 6.1091174e-05 0.0034596666 5.858681e-09 1.7122516e-06 1.5858825e-05 3.8412423e-07 0.0033293508 0.014868443 0.002575697 5.517864e-07 5.6352087e-06 0.0012959319 5.6300732e-06 0.0012976176 0.197117 0.003163892 1.640547e-07 3.5840824e-08 2.961609e-09 3.8019076e-07 1.4259511e-08 2.871966e-07 2.4285773e-05 3.4314873e-08 7.30355e-09 5.7036114e-09 3.0156266e-07 0.0036484392 0.0012969581 0.00022442864 0.00071004435 6.772073e-08 0.0015165282 0.0007868358 6.896429e-07 3.269649e-06 1.6293069e-07 0.0028665017 0.0008638224 8.7355806e-07 1.2419049e-07 1.5234324e-06 0.0004458136 8.362187e-06 6.031469e-07 9.8587975e-08 0.00028092804 8.315791e-08 2.2959396e-08
