3.620258e-14 0.9950824 0.9711411 0.97161293 0.98264635 0.98571926 0.9646509 0.9968832 0.9994741 0.92880183 0.8986921 0.9160732 0.80036265 0.55355203 0.9827117 0.8083605 0.8000323 0.95142806 0.99857044 0.9974728 0.9981064 0.9781405 0.9746692 0.93295246 0.22158428 0.99989617 0.96571684 0.98134077 0.44442576 0.81720525 0.8159026 0.99348706 0.9684659 0.93602574 0.2018132 0.8458801 0.96864164 0.9956293 0.7306714 0.6234909 0.87039226 0.9327943 0.9498459 0.8154702 0.8106513 0.8279237 0.6385936 0.15012655 0.99980265 0.98679477 0.27290007 0.50043327 0.9894611 0.56104034 0.9906364 0.9998395 0.99782676 0.8816875 0.999987 0.9725303 0.9673714 0.03284809 0.0627075 0.05169692 0.29306898 0.123968184 0.04477802 0.9570633 0.030783843 0.9986305 0.020152867 0.9575879 0.9988228 0.9620474 0.037488066 0.9957596 0.9682101 0.009155715 0.99808943 0.15770696 0.80456 0.7102813 0.85007733 0.059152033 0.006291457 0.006023747 0.97020507 0.88819146 0.96756136 0.98466027 0.20998406 0.029379498 0.9772946 0.13763376 0.66962284 0.89187855 0.8783881 0.842206 0.0023431878 0.9996392 0.93993866
0.9950824 4.5971866e-14 0.72456276 0.19077288 0.75423294 0.14692146 0.10164752 0.40038392 0.54548883 0.0933004 0.8692072 0.060928993 0.8639582 0.1046556 0.50792253 0.59346974 0.4047182 0.17581457 0.204591 0.00023261849 0.00040094406 0.0141676245 0.0032644551 0.018395858 0.11581336 0.13532124 0.00047609812 0.00030057257 0.006297998 0.0064956527 0.078308426 0.11006918 2.2524407e-06 0.003060096 0.00020147777 1.9847298e-06 0.0023719056 8.580839e-05 0.007654451 3.8607328e-07 1.7965731e-06 7.5095636e-07 6.814296e-07 2.875209e-08 2.9574207e-05 3.3861463e-07 2.5518948e-06 0.041845914 4.6567757e-06 9.540809e-07 6.2799563e-06 0.0069354726 0.0045621763 2.8911834e-05 5.254e-06 0.000197356 8.461318e-07 1.1330504e-07 0.17617308 2.6278596e-07 3.6790254e-05 3.1836063e-07 1.5439862e-07 0.002658779 6.033141e-08 0.0003762871 6.0691127e-07 8.469431e-07 1.3458047e-06 0.00076616625 1.5686422e-06 4.1689418e-05 0.00015980167 0.00051013636 5.1880914e-08 9.459505e-05 0.00016456499 2.1415376e-06 0.0028562972 5.352731e-07 1.2368385e-08 4.2385966e-09 2.4061242e-06 1.2240715e-06 7.4141593e-07 4.1701264e-07 4.920692e-10 1.3162311e-06 3.2293965e-10 7.654288e-09 0.0014056083 0.00011940614 4.3517825e-10 3.5630052e-07 1.2897135e-06 6.6720054e-06 0.00055694196 0.00010597882 1.3113522e-06 0.022247467 4.303415e-09
0.9711411 0.72456276 5.4326253e-12 0.9506727 0.27757743 0.29604313 0.6314893 0.327216 0.42675576 0.5047393 0.31561404 0.37858495 0.6627887 0.6087564 0.12181099 0.56260127 0.7034877 0.053267695 0.14858398 0.0004654997 0.0007198001 0.099296175 0.043219008 0.1688372 0.43779114 0.017717065 0.00012012961 0.0017312352 0.011924364 0.0015724729 0.040961646 0.036562078 1.6136979e-05 0.015202977 0.00026498636 0.0003390509 0.00026005815 6.6040975e-06 0.0045565083 2.1498792e-05 0.000119719356 2.4874205e-06 1.2949787e-06 1.3717215e-06 0.00035735324 8.4606404e-07 5.8971305e-05 0.048727274 4.0928947e-07 1.0807163e-06 7.439445e-05 0.003483886 0.0046443725 0.00063587143 1.8747334e-06 1.7429575e-05 1.5853878e-07 8.6820535e-07 0.07339559 2.7522742e-07 8.575182e-06 1.8318675e-06 5.364208e-07 0.0010845583 2.5692358e-07 0.0015282687 1.0598447e-06 9.704308e-07 1.3639183e-06 0.000258089 9.0089725e-06 9.278237e-06 2.4474939e-05 8.21918e-05 1.09248354e-07 1.7914534e-05 6.167204e-05 2.2317652e-05 0.0025996082 8.9223533e-07 7.1952306e-09 1.1757748e-09 1.01757074e-07 3.4923135e-06 1.7219927e-05 2.7187039e-06 1.4304233e-09 4.5004285e-07 8.0161155e-10 2.374596e-09 0.000700347 0.0003755925 1.0231611e-09 4.1558695e-07 6.2861815e-08 2.1927544e-07 2.9717747e-05 1.3202901e-05 1.3669927e-06 0.010121041 1.7893898e-08
0.97161293 0.19077288 0.9506727 8.592624e-14 0.18489407 0.5566124 0.88423234 0.4474714 0.37823343 0.5303685 0.052763406 0.5447841 0.2598319 0.8565254 0.012319138 0.20968534 0.4814092 0.017153686 0.0737781 0.0023041996 0.003182685 0.38383478 0.30615866 0.43541375 0.2276368 0.029538644 0.0009832446 0.019048102 0.05538404 0.009457319 0.011256405 0.019613711 0.00046092278 0.09278434 0.0021971827 0.0020556496 0.0015507359 1.0213353e-05 0.0011564982 0.00023779199 0.0013201522 7.977943e-05 7.822833e-06 2.4590612e-05 0.002982762 1.0168763e-05 0.0007487739 0.030218069 2.204146e-06 1.2525917e-06 0.00056799623 0.0013114843 0.0017345571 0.007416935 2.2621925e-06 7.9286714e-05 5.9569896e-07 7.6234954e-07 0.05237479 3.8357442e-07 3.3629913e-05 1.1369753e-05 4.3682026e-06 0.0014762763 8.48552e-07 0.009662627 1.335194e-06 8.058369e-07 9.457688e-06 0.000367948 0.00011148966 1.0561504e-05 3.2569376e-05 0.00011727128 3.6919546e-06 2.7924349e-05 5.6491102e-05 3.723032e-05 0.0034372215 1.0823512e-06 7.2583886e-09 2.1864544e-09 9.362842e-07 2.2043187e-06 5.5082168e-05 1.1870746e-05 1.6234809e-09 7.510628e-06 1.1795238e-09 3.1008105e-09 0.00020372932 0.0006829104 9.334895e-10 6.738338e-07 9.792133e-07 4.35109e-06 5.333648e-05 3.430802e-05 6.3505354e-06 0.013966777 1.117659e-08
0.98264635 0.75423294 0.27757743 0.18489407 7.2820104e-11 0.07800689 0.11922255 0.45909604 0.7142583 0.024076343 0.30837718 0.015326927 0.840815 0.25722775 0.58772004 0.10672141 0.045058377 0.89307994 0.83622915 0.008209591 0.0066928575 0.027274167 0.008839166 0.0009794586 0.016948463 0.7319702 0.010605916 0.00076166395 0.0067964527 0.01731345 0.046506435 0.7977278 1.5717771e-05 0.0003560565 4.9186172e-05 0.00023168487 0.012687901 0.0052925725 0.34272182 6.1072797e-06 1.8688737e-05 3.445219e-05 8.8188426e-05 3.4057916e-07 1.5262704e-05 2.8392564e-05 1.4229803e-06 0.0017248715 0.0002930973 0.00038036826 3.1088782e-06 0.021729182 0.09734673 3.4909317e-06 0.0013763282 0.0061481604 0.00027027488 3.6823704e-07 0.5041863 8.347431e-06 0.0013637878 4.5697497e-08 2.2162322e-08 0.0006793974 2.5433022e-07 4.093705e-06 1.2661566e-07 4.367982e-06 2.702349e-08 0.008499416 3.5035333e-07 0.0008887302 0.0025113767 0.0055802143 5.8923707e-08 0.0031248285 0.005240899 1.0629675e-06 0.01702841 1.709498e-07 2.1517485e-08 1.1004698e-08 8.458171e-07 2.4941033e-07 1.5708414e-06 3.2172607e-06 2.888364e-07 3.4021252e-06 9.769602e-08 2.7596125e-05 0.0072433194 1.3420002e-05 4.1970694e-07 5.5596114e-08 1.5140549e-07 1.6699423e-05 0.008977365 0.0013862244 5.2681237e-08 0.023637846 2.3722567e-08
0.98571926 0.14692146 0.29604313 0.5566124 0.07800689 1.7062442e-14 0.7761701 0.7280062 0.3601005 0.46048993 0.0057254005 0.46877307 0.019620137 0.93296415 0.0019734376 0.04461654 0.166041 0.0039796163 0.12995282 0.2298159 0.08744876 0.7705031 0.6633406 0.37252474 0.051176473 0.101491004 0.06938923 0.22860259 0.23275004 0.17480952 0.0046430575 0.017395366 0.025760422 0.1558645 0.029053165 0.034619458 0.008881969 0.0064070127 0.00012315338 0.0021201558 0.010231307 0.001832566 0.0002676654 0.00026054 0.012740893 0.00031360984 0.0031432144 0.00988333 0.00063170993 0.0006582779 0.0013044019 0.00063117605 0.0014488426 0.011674383 0.0005212853 0.005281833 0.00064388127 1.3825335e-05 0.039209705 2.1986363e-05 0.00030326936 4.321219e-05 6.004123e-05 0.0002261067 2.9530706e-06 0.015350919 1.5056495e-06 2.5023492e-05 2.241977e-05 0.0026466283 0.00015201989 0.0002042842 0.0007129335 0.00031970162 8.339657e-06 0.0007826609 0.0001942518 1.7451663e-05 0.018997053 5.337405e-06 1.3931688e-06 5.8066615e-07 8.78783e-07 1.3852138e-05 1.8436269e-05 1.2739945e-05 1.2576934e-06 2.793427e-06 1.1258386e-06 3.663957e-06 3.4118613e-05 0.00014058108 7.0818623e-07 2.6593088e-06 1.751208e-07 9.301567e-07 6.2077495e-05 3.6291207e-05 2.667607e-06 0.054713182 3.4418096e-07
0.9646509 0.10164752 0.6314893 0.88423234 0.11922255 0.7761701 8.138387e-15 0.5463601 0.32223028 0.7267503 0.023727342 0.7043257 0.120990135 0.9129801 0.0018882492 0.090132356 0.36342138 0.009064211 0.041805606 0.018757636 0.017689317 0.7190372 0.5665625 0.53976846 0.29000887 0.0360958 0.0070637967 0.1337455 0.229721 0.06084809 0.0078275865 0.010249276 0.0068467637 0.14836556 0.010688003 0.007223097 0.0033315837 8.6562e-05 0.00041577985 0.0006865512 0.0022069092 0.0002357505 4.025945e-05 9.080449e-05 0.005400164 5.3061704e-05 0.0013184228 0.036436 1.04964165e-05 1.7954504e-05 0.00038700394 0.0007504016 0.000980178 0.0089448765 1.0801377e-05 0.00029379272 5.552734e-06 4.977607e-07 0.021302154 1.9962695e-06 5.0432172e-05 5.15725e-06 1.7962494e-06 0.0013305589 8.2587644e-07 0.012140993 6.7947184e-07 2.2859792e-06 1.1814619e-06 0.00051323016 0.00014572186 2.6064297e-05 0.00011375475 0.00014222803 1.4039483e-06 5.38006e-05 6.368673e-05 1.997794e-05 0.0038123063 1.3616186e-07 1.1073888e-08 1.9361601e-09 1.0618611e-06 1.994202e-07 6.701585e-05 3.3378325e-05 1.0917684e-08 4.7244553e-06 5.2821063e-09 1.2228229e-08 5.545307e-05 0.0013922373 2.629737e-09 6.017924e-08 1.1473652e-06 5.660546e-06 2.261788e-05 1.656081e-05 3.251787e-06 0.0114665255 9.359646e-09
0.9968832 0.40038392 0.327216 0.4474714 0.45909604 0.7280062 0.5463601 5.6456836e-13 0.8420578 0.15492386 0.050356757 0.14485635 0.059537116 0.3312882 0.06801123 0.06328278 0.08582411 0.15370077 0.18513002 0.54789555 0.26219186 0.59868956 0.42269957 0.09650905 0.01511444 0.49102083 0.45508277 0.13564293 0.06952973 0.291631 0.0105761755 0.11805978 0.024126265 0.07050084 0.009240645 0.012597966 0.22274175 0.19908653 0.005219725 0.0012072044 0.0044821245 0.02695321 0.01452232 0.0007617682 0.0074505922 0.00876715 0.001288244 0.011232862 0.023329966 0.02066745 0.00061627483 0.0036570788 0.00078094564 0.003315253 0.02319635 0.059668213 0.013531941 0.00075654103 0.040539008 0.0043578134 0.02873792 7.9221145e-06 4.444488e-06 0.00033550998 2.852463e-05 0.003258406 5.797164e-06 0.009649468 1.1314022e-06 0.031181755 6.0501636e-05 0.017215732 0.035157192 0.03761247 9.991019e-07 0.016812192 0.027850054 1.8365337e-05 0.039537925 1.326588e-05 0.0002643357 0.000114017486 0.002085633 1.0938524e-05 1.8810542e-05 8.546069e-06 0.0004446233 0.0016755393 0.00033049902 0.010232204 0.00027908868 3.709808e-05 0.00019796769 1.4951909e-06 0.0002484907 0.0029587904 0.014007481 0.0091385385 1.5877641e-06 0.07709942 1.6404892e-05
0.9994741 0.54548883 0.42675576 0.37823343 0.7142583 0.3601005 0.32223028 0.8420578 1.0654101e-12 0.11799165 0.1619909 0.099686794 0.12953655 0.19862121 0.25068477 0.08477465 0.086193316 0.50889885 0.2879739 0.09327714 0.081407756 0.22791314 0.1262528 0.057540633 0.017343255 0.6438108 0.072591655 0.03525909 0.010542767 0.08410917 0.0388849 0.43357047 0.0069039883 0.033563808 0.0015953709 0.0033065001 0.073099665 0.03732744 0.025531014 0.00017094567 0.0005545929 0.0045952247 0.0016125133 0.0001243891 0.0012941065 0.0011440208 0.00024141782 0.006105993 0.0015981272 0.0022700052 7.467657e-05 0.0064459424 0.00551019 0.00041589563 0.003944219 0.0073519875 0.0010993356 3.446974e-05 0.13218679 0.00044851814 0.009667494 4.9787656e-07 5.71069e-08 0.0013516856 4.616301e-07 0.00089147635 1.6294685e-07 0.000520282 1.9327233e-07 0.0071934653 5.3124437e-05 0.0031332315 0.006978945 0.022628207 1.1019218e-07 0.0043261037 0.015301071 1.4375691e-05 0.010883688 7.5456455e-07 3.5762925e-05 7.995304e-06 0.00028749407 1.2037754e-06 3.9340284e-06 3.149574e-06 1.8258843e-05 0.00060956745 5.218998e-06 0.00087050686 0.0007101974 7.247157e-05 6.9817665e-06 3.1015617e-07 0.00013273454 0.0010876278 0.011575298 0.0066689365 1.8882822e-06 0.03904681 1.5373493e-07
0.92880183 0.0933004 0.5047393 0.5303685 0.024076343 0.46048993 0.7267503 0.15492386 0.11799165 3.3582823e-15 0.017626228 0.9590003 0.19525081 0.5908073 0.0012302332 0.16226187 0.7390719 0.0027288815 0.018961355 0.0013229451 0.0017243304 0.44276822 0.2949244 0.68836504 0.76329577 0.0016108786 8.479268e-05 0.017822143 0.096851684 0.0021924837 0.010709088 0.0020758219 0.0002449735 0.09193085 0.0010961546 0.0010524424 0.00012033105 2.6667858e-06 0.00013089633 3.653561e-05 0.00017123383 5.8610763e-06 7.2013825e-07 6.5327157e-07 0.0009636878 1.2600032e-06 6.796014e-05 0.1613048 2.6776584e-07 6.5967987e-07 4.1401334e-05 0.0011470962 0.00039527798 0.0037179547 3.0914462e-06 2.8090283e-06 1.7977051e-07 6.6200194e-08 0.014413168 1.1243156e-07 5.4617844e-06 1.3340587e-06 6.444187e-07 0.0037654198 1.5302827e-07 0.012441253 1.7789635e-07 1.9041298e-07 3.0120285e-07 7.493232e-05 0.00010604099 5.246595e-06 1.2926793e-05 5.2156192e-06 3.6893005e-06 8.111676e-06 5.07469e-06 6.608064e-05 0.0023825201 1.7217396e-07 2.9551874e-09 1.411201e-10 1.4461357e-07 1.0963682e-07 0.0001332651 0.00022956946 1.182147e-10 2.5693143e-07 1.8770338e-10 7.85169e-10 1.8305675e-05 0.012266472 1.2104372e-10 5.5787854e-08 6.735283e-08 1.9804132e-08 1.2326093e-07 1.3277473e-07 1.2006775e-06 0.008931004 1.9381923e-09
0.8986921 0.8692072 0.31561404 0.052763406 0.30837718 0.0057254005 0.023727342 0.050356757 0.1619909 0.017626228 2.0656438e-13 0.010347379 0.90707934 0.0066408846 0.93225837 0.67277545 0.26563188 0.2486046 0.32053843 2.5112174e-06 7.8390085e-06 9.485459e-05 5.8149133e-05 0.0028864115 0.13814634 0.0058402787 1.2637964e-06 9.375048e-07 0.00036835895 4.988228e-05 0.5271754 0.11034925 5.204534e-08 8.232061e-05 1.34279e-07 6.156086e-07 5.248651e-06 5.536564e-08 0.02406577 5.712773e-07 5.61623e-07 5.056706e-09 5.4231086e-09 5.423885e-09 2.6465852e-06 1.123511e-08 5.0261576e-07 0.04997051 1.4653207e-08 9.818877e-09 1.3373516e-06 0.09001596 0.06569359 1.1684829e-06 1.282364e-07 9.674993e-06 6.3456524e-09 5.575495e-09 0.108533986 2.3283087e-08 1.2941565e-06 9.4673425e-08 1.4394889e-08 0.01771655 8.850572e-09 9.340694e-06 1.4405855e-07 3.436347e-08 4.944142e-08 0.00015992347 7.5595786e-08 3.2438763e-06 1.4037898e-05 1.30916615e-05 6.344451e-10 9.500048e-06 3.4287154e-05 6.7620795e-07 0.0012743531 9.9418266e-08 5.858991e-10 2.924492e-10 1.1976714e-07 2.333398e-07 5.5235296e-07 3.56447e-07 6.4181727e-10 1.3325036e-08 3.9116413e-10 2.6170275e-09 0.00493319 1.2136628e-05 1.2950228e-10 6.055067e-08 5.8289653e-09 1.7386141e-09 2.6689484e-06 4.2305564e-07 8.050288e-07 0.003242298 9.465383e-10
0.9160732 0.060928993 0.37858495 0.5447841 0.015326927 0.46877307 0.7043257 0.14485635 0.099686794 0.9590003 0.010347379 7.430041e-15 0.1505259 0.63047945 0.0006566107 0.0699607 0.62298566 0.0008358345 0.014185092 0.00534923 0.0056256675 0.57737696 0.35648733 0.71964186 0.71360826 0.0013802947 0.00031778627 0.04520752 0.15316124 0.004490585 0.005249458 0.0010431289 0.0006445967 0.14732018 0.00253934 0.0019924922 0.00010694558 9.549835e-06 2.7380302e-05 5.6918645e-05 0.00018295037 1.3478901e-05 6.2947306e-06 9.1804094e-07 0.0013666019 3.8312824e-06 8.484291e-05 0.13587087 1.0940689e-06 3.2516102e-06 2.3608023e-05 0.0008868866 0.00016293544 0.0030459645 5.7839106e-06 8.595651e-06 6.3465006e-07 3.2671477e-07 0.006921713 3.4428174e-07 5.2341707e-06 9.804543e-07 5.392233e-07 0.002372109 2.0521529e-07 0.013900954 1.9397235e-07 4.4935666e-07 8.099732e-08 0.00020534659 0.00012909021 1.2251291e-05 2.4229372e-05 5.464921e-06 3.031025e-06 2.5787951e-05 2.9807143e-06 4.678741e-05 0.0029580512 2.4765046e-07 3.1285419e-09 2.5417346e-10 4.594775e-07 4.9449717e-08 0.00010703772 0.00022681119 3.1449032e-10 2.1884173e-07 2.7560654e-10 1.1455824e-09 5.4020256e-06 0.016632559 2.659542e-10 5.7941847e-08 1.5192214e-07 1.0141987e-08 7.1572515e-08 2.9441955e-08 6.632605e-07 0.009352068 1.4820893e-09
0.80036265 0.8639582 0.6627887 0.2598319 0.840815 0.019620137 0.120990135 0.059537116 0.12953655 0.19525081 0.90707934 0.1505259 3.2021703e-17 0.14315781 0.8109001 0.86423135 0.6987394 0.23524964 0.17660804 1.4318963e-05 4.1139447e-05 0.00083493895 0.00016493014 0.0065569496 0.68042976 0.009629037 1.6732956e-06 2.2264867e-07 7.829389e-05 6.5608397e-06 0.3608193 0.06827533 4.248787e-09 2.0455925e-06 1.18340424e-07 1.985773e-08 4.892001e-06 4.48225e-07 0.017184313 7.700181e-09 1.903136e-08 8.555572e-09 2.04577e-08 1.1273013e-09 8.582622e-09 5.4331823e-09 2.4886597e-09 0.010258512 3.7066656e-08 4.721165e-07 6.404834e-09 0.045135375 0.030900674 1.973061e-08 3.535874e-07 8.10317e-06 2.6003505e-08 1.0193686e-09 0.057322353 1.7647316e-08 2.3643066e-08 4.1030748e-09 1.2677563e-09 0.00013991166 3.9088315e-09 6.8712653e-09 2.974217e-08 4.9857785e-09 3.5035401e-09 0.0003659051 2.3731652e-09 1.293864e-06 2.2141165e-05 2.2911736e-06 1.2040073e-08 2.8330682e-05 9.233144e-07 9.17984e-09 0.0017034321 1.5724576e-09 6.06122e-10 1.0645093e-10 2.0454451e-09 1.8518751e-09 1.2784826e-08 1.127461e-08 2.4925504e-09 7.160935e-09 2.1117315e-09 4.027515e-09 0.0033773326 7.8194535e-06 1.5315909e-09 3.5965915e-09 7.778817e-09 2.16905e-09 1.1092469e-06 2.7124662e-07 5.5592584e-09 0.0040922863 3.3872002e-10
0.55355203 0.1046556 0.6087564 0.8565254 0.25722775 0.93296415 0.9129801 0.3312882 0.19862121 0.5908073 0.0066408846 0.63047945 0.14315781 3.7045922e-17 0.0028250914 0.01867964 0.04206194 0.0040305844 0.033581708 0.026078474 0.0070319846 0.25147688 0.29438275 0.08880796 0.037841585 0.011247114 0.019438962 0.010512146 0.04346399 0.060666945 0.00096297264 0.011116939 5.089402e-05 0.0019144112 3.1561e-05 0.0008311031 1.4562135e-05 0.00083039753 8.182819e-05 1.301375e-05 2.6371285e-05 0.0001681924 9.266188e-05 3.332743e-07 9.333329e-06 5.3072785e-05 1.3178778e-06 4.146252e-06 0.00017260201 3.471081e-05 6.47489e-07 0.00061636796 0.0031137164 1.0606885e-07 4.971335e-05 0.00056939357 7.8371435e-05 2.955172e-08 0.008439287 5.979346e-07 1.4969466e-05 5.350954e-07 1.0450326e-06 1.6227149e-07 1.5196488e-07 5.5441618e-08 9.9580525e-08 6.229677e-08 7.572202e-07 0.0006476731 1.1992858e-08 7.940283e-06 0.0003345805 6.1627536e-05 1.4906682e-07 0.00019669009 5.7385474e-05 3.3217356e-07 0.00052704714 1.7956566e-08 2.5631044e-08 4.6948494e-09 3.367184e-08 9.377573e-08 1.756706e-07 4.8605227e-08 1.0883218e-07 1.3071352e-07 5.686408e-08 2.8093108e-09 2.7695865e-05 3.7737653e-08 4.295387e-09 1.1292285e-07 6.050435e-09 9.258462e-08 5.3779155e-07 3.591796e-07 8.3900325e-08 0.002709673 5.828574e-10
0.9827117 0.50792253 0.12181099 0.012319138 0.58772004 0.0019734376 0.0018882492 0.06801123 0.25068477 0.0012302332 0.93225837 0.0006566107 0.8109001 0.0028250914 7.1299656e-14 0.38895383 0.04700881 0.6490738 0.609912 4.4245755e-07 1.4106306e-06 1.3263022e-05 3.4070736e-06 8.976508e-05 0.01446386 0.0042377827 2.1902086e-07 1.7812962e-07 0.00016149749 2.6940721e-05 0.73098963 0.18828657 2.122096e-09 1.4583857e-05 1.3533926e-07 7.6500415e-09 1.603608e-05 1.9518753e-08 0.21070468 6.546735e-09 1.3836274e-08 4.158206e-10 3.365389e-10 1.2853152e-10 1.07528564e-07 1.783187e-10 2.8319993e-08 0.019895885 3.7582716e-08 1.5330491e-09 1.4345114e-08 0.2994193 0.30388358 8.688086e-08 2.0036047e-08 5.950287e-06 2.2039346e-09 1.4763162e-10 0.5736623 6.4611616e-10 1.7645357e-07 4.4656756e-10 3.4359504e-10 0.015460793 1.4727977e-10 2.39149e-06 4.2768844e-10 1.179598e-09 3.1421947e-09 6.225405e-05 1.3996029e-07 3.92877e-07 3.5810244e-06 7.5760922e-06 3.5309827e-10 2.2095235e-06 1.5675894e-06 1.816183e-07 0.0018050339 1.0981e-09 3.045075e-11 4.9976815e-12 1.0824796e-07 4.298294e-10 2.0015165e-07 2.1784764e-07 6.1210104e-12 1.2211634e-08 3.1310202e-12 2.7799592e-11 0.038768798 2.790457e-05 2.366937e-12 1.5939389e-10 9.38478e-09 6.203327e-09 3.6351523e-06 4.799246e-07 4.4635087e-08 0.0098325405 5.3028627e-12
0.8083605 0.59346974 0.56260127 0.20968534 0.10672141 0.04461654 0.090132356 0.06328278 0.08477465 0.16226187 0.67277545 0.0699607 0.86423135 0.01867964 0.38895383 1.1291656e-15 0.91780907 0.016451927 0.120853834 1.33612075e-05 4.8227095e-05 0.0038214484 0.0011560577 0.11869505 0.82763547 0.0011420053 1.1981707e-05 7.696973e-05 0.0012805909 6.5053828e-06 0.914258 0.011328647 1.1919622e-06 0.001931805 1.5329776e-07 2.7730605e-06 1.1899552e-06 1.7191309e-07 0.0014289672 7.7332015e-07 1.0821468e-06 9.2033716e-08 6.835779e-08 4.316249e-08 6.1766714e-06 7.643482e-08 9.916672e-07 0.63443094 8.22137e-08 9.37879e-08 1.5689234e-06 0.08841203 0.011815528 2.3642404e-05 4.3942146e-07 1.5311491e-06 4.2198998e-08 1.0390666e-07 0.03506662 1.9466441e-08 1.3947202e-06 4.820521e-07 6.354982e-08 0.20399472 1.1470499e-08 0.0020060171 7.562016e-08 7.2468005e-08 2.1536334e-08 2.9713328e-05 7.548003e-06 5.6625595e-06 1.1649585e-05 3.4482512e-06 3.2403005e-09 3.5847108e-06 3.7584005e-06 2.4690164e-06 0.0007315405 1.0583383e-07 1.8407365e-09 3.0332106e-10 1.4105358e-07 3.45307e-07 1.891698e-06 7.401764e-06 2.8178917e-09 1.863953e-08 1.5184694e-09 3.3853595e-10 0.002165734 0.022834595 2.0060575e-10 2.8307786e-08 1.7022569e-09 1.0006269e-09 9.048524e-09 1.6637125e-09 2.198975e-06 0.00081498997 3.5043468e-10
0.8000323 0.4047182 0.7034877 0.4814092 0.045058377 0.166041 0.36342138 0.08582411 0.086193316 0.7390719 0.26563188 0.62298566 0.6987394 0.04206194 0.04700881 0.91780907 6.859194e-16 0.0032922968 0.041679878 0.00060894457 0.0006303986 0.024619939 0.00800367 0.40283763 0.97193277 0.0017897603 0.00076758873 0.0005045452 0.0128693925 0.00056330307 0.44505557 0.0026211268 1.25722145e-05 0.026728386 0.00011547981 0.00010202785 1.8073575e-05 7.0082433e-06 0.00030888355 3.1665784e-06 1.2021825e-05 5.2806536e-06 6.528434e-06 3.7553926e-07 0.00047153136 1.896434e-06 1.1264781e-05 0.44233108 3.0174524e-06 2.1874212e-06 7.722277e-06 0.011107613 0.0006581913 0.0013364572 9.239834e-06 3.726268e-05 6.25871e-07 6.305284e-07 0.016137233 2.8632175e-07 3.2661774e-06 3.226511e-05 1.778633e-05 0.06239813 6.542558e-06 0.022924429 3.7454904e-06 1.8625475e-06 4.0089603e-07 0.00022819627 0.0003132712 7.005086e-05 0.0001768914 2.4141058e-05 3.0625463e-07 4.4620298e-05 2.5443602e-05 0.00030000013 0.0009855875 5.593558e-06 3.9763174e-07 8.178746e-09 5.080464e-07 7.198539e-07 0.00030871894 0.0010435941 2.4100466e-08 2.0866436e-07 2.8223202e-08 2.0746516e-08 0.00024406474 0.04956376 6.488037e-09 7.316605e-08 8.7897945e-08 1.3983062e-07 5.852965e-08 5.508251e-08 3.649387e-06 0.0027333535 3.5748018e-09
0.95142806 0.17581457 0.053267695 0.017153686 0.89307994 0.0039796163 0.009064211 0.15370077 0.50889885 0.0027288815 0.2486046 0.0008358345 0.23524964 0.0040305844 0.6490738 0.016451927 0.0032922968 7.5947934e-13 0.8965594 0.00029298858 0.00024678867 3.83749e-05 7.739743e-06 1.1708159e-05 0.0012208818 0.4526742 2.3837607e-05 9.1944014e-07 2.6054135e-05 0.0006008629 0.05431947 0.91658837 8.01591e-08 2.4676956e-06 6.183072e-08 1.5725867e-07 0.0003045048 1.5554297e-05 0.8705809 4.121604e-08 5.644492e-08 7.228188e-07 2.0136935e-05 4.3114503e-09 2.3260527e-07 1.9942659e-06 6.4505045e-08 0.00023379501 1.6985192e-05 1.05722565e-05 6.384505e-08 0.13631865 0.72289604 8.72219e-08 7.606019e-06 0.0014586215 2.1533276e-06 3.8488935e-08 0.8859502 3.8242604e-07 1.3600211e-05 7.562993e-09 3.7187236e-09 2.4802961e-05 3.192525e-08 3.508437e-08 8.366506e-09 1.3146122e-07 2.1629893e-09 0.0022084115 1.4287982e-09 2.6982325e-05 0.0002696441 0.0001314069 5.7878298e-09 0.0002995204 6.480809e-05 1.0513824e-08 0.01601085 8.372955e-09 2.558819e-07 4.668508e-09 9.214762e-10 2.1041207e-09 2.092215e-09 2.6568658e-09 1.1684611e-07 2.4750595e-09 5.001983e-08 3.5003893e-08 0.043258037 1.2690248e-06 3.9478326e-08 1.1788872e-09 2.6637366e-09 3.778728e-08 0.001019588 4.8733822e-05 2.0397921e-09 0.03136801 2.501961e-10
0.99857044 0.204591 0.14858398 0.0737781 0.83622915 0.12995282 0.041805606 0.18513002 0.2879739 0.018961355 0.32053843 0.014185092 0.17660804 0.033581708 0.609912 0.120853834 0.041679878 0.8965594 1.2953612e-14 0.010377432 0.013533463 0.03419857 0.020256003 0.011731603 0.012125534 0.71785486 0.010970953 0.0038075538 0.0050950483 0.031080253 0.13011077 0.697234 0.00019056295 0.008633611 0.00017574946 0.0002727336 0.037456423 0.0075522005 0.6541727 7.5651934e-07 5.4920683e-06 1.2090028e-05 5.0642113e-05 1.7535159e-07 0.00011256648 2.973338e-06 4.968153e-06 0.0033752446 0.0009197415 0.00028233702 6.453406e-07 0.024545254 0.006538713 2.91704e-05 0.00113205 0.0058331145 0.00041057414 6.0316876e-07 0.23846419 5.815701e-05 0.002266918 2.1975975e-08 1.7274557e-08 0.0030044806 2.9487026e-08 0.00025127578 2.8144447e-08 0.00010201063 2.510099e-08 0.0046024304 1.3548506e-05 0.00068825245 0.0017661455 0.010931914 1.8568633e-08 0.0013058189 0.008833687 4.4853655e-06 0.004647151 2.3235629e-07 3.3355442e-07 5.9853194e-09 7.5669936e-06 1.8939136e-07 5.944465e-07 7.425027e-07 6.714783e-07 1.0617502e-05 8.564262e-08 3.011398e-06 0.006335048 1.2182096e-05 1.1516531e-07 6.87978e-08 3.799008e-07 0.00023118453 0.031128895 0.007894676 1.8119447e-07 0.026571415 1.2774515e-08
0.9974728 0.00023261849 0.0004654997 0.0023041996 0.008209591 0.2298159 0.018757636 0.54789555 0.09327714 0.0013229451 2.5112174e-06 0.00534923 1.4318963e-05 0.026078474 4.4245755e-07 1.33612075e-05 0.00060894457 0.00029298858 0.010377432 4.6907468e-14 0.901812 0.3344073 0.4656719 0.023329929 0.00044418636 0.16674851 0.6892902 0.37118044 0.050081186 0.8654498 6.6481425e-06 0.008670448 0.22994992 0.047996953 0.08698101 0.09050557 0.32175532 0.13986689 3.7054764e-05 0.053842578 0.07908884 0.59143066 0.274269 0.10707674 0.03313562 0.25294176 0.037507955 0.00013454352 0.0021485707 0.07317443 0.020528326 1.14412815e-05 0.00093807135 0.019403422 0.013169119 0.0054880013 0.0017454976 0.13146818 0.0108120935 0.01774533 0.007928759 0.009875902 0.019949904 8.708136e-06 0.075261556 0.005459153 0.025494345 0.008941154 0.017271983 0.0032427092 0.00051578804 0.0060692583 0.0025021834 0.001990515 0.0072727264 0.0015250439 0.0014283066 0.00015986217 0.01377698 0.0031798924 0.001962362 0.0026081682 0.002666627 0.0034654883 8.5839245e-05 1.3585847e-05 5.502641e-05 0.0014524292 9.481461e-05 0.00036537196 5.4160414e-06 4.839173e-06 3.8304075e-05 0.0021720394 0.0015492172 0.00021888589 0.00023362962 0.0003391864 0.00010339625 0.053011682 0.00016082017
0.9981064 0.00040094406 0.0007198001 0.003182685 0.0066928575 0.08744876 0.017689317 0.26219186 0.081407756 0.0017243304 7.8390085e-06 0.0056256675 4.1139447e-05 0.0070319846 1.4106306e-06 4.8227095e-05 0.0006303986 0.00024678867 0.013533463 0.901812 9.474508e-13 0.16973998 0.22991456 0.008868748 0.0001611037 0.18524916 0.80552644 0.19353326 0.019090861 0.87572384 2.1682705e-05 0.006712008 0.10426737 0.018835977 0.03203134 0.044169493 0.5711232 0.35662922 4.3791497e-05 0.022550674 0.025204686 0.60063344 0.32236356 0.035290904 0.010822079 0.29808247 0.0115255695 1.6448332e-05 0.03287788 0.20782042 0.007380079 0.000102916856 0.001237274 0.008231857 0.06252508 0.107114166 0.022810036 0.09792061 0.011649886 0.048068997 0.038574845 0.0026878798 0.005805109 1.2835716e-05 0.037274282 0.001247671 0.010087306 0.038739223 0.003440317 0.031266805 0.00020339871 0.025967896 0.02131445 0.010484048 0.0013866666 0.008817578 0.0071254913 0.00012298836 0.08257844 0.003679389 0.0073920963 0.010797358 0.009100082 0.004548732 6.610907e-05 1.32309715e-05 0.0009650499 0.0042307368 0.001331344 0.0044192793 2.1922024e-05 1.575441e-06 0.00042703602 0.0025066233 0.0038292753 0.0010759673 0.0013703742 0.0019103534 0.000117604584 0.12973636 0.00048684355
0.9781405 0.0141676245 0.099296175 0.38383478 0.027274167 0.7705031 0.7190372 0.59868956 0.22791314 0.44276822 9.485459e-05 0.57737696 0.00083493895 0.25147688 1.3263022e-05 0.0038214484 0.024619939 3.83749e-05 0.03419857 0.3344073 0.16973998 2.6567908e-16 0.73548955 0.83600855 0.091501676 0.0048603546 0.07227785 0.50987697 0.93550277 0.14072411 0.000409365 0.0016520043 0.2084332 0.6810753 0.44899908 0.18815379 0.00048589223 0.002678679 4.645066e-06 0.031878147 0.10790816 0.005604558 0.0008086681 0.012417493 0.12743059 0.0010022856 0.039068583 0.011579169 0.0019302617 0.0009167449 0.016212178 7.313407e-05 0.0011247093 0.083508275 0.00032929718 0.0016126079 0.00033290792 1.4032183e-05 0.015783392 2.3982859e-05 1.4680546e-05 0.0007535312 0.0011992259 0.0003881694 2.7122465e-05 0.037104852 8.225657e-05 3.2008386e-06 0.0009008659 0.0004259815 0.0016520099 6.894691e-06 0.00033123104 3.6581646e-06 0.0013070548 0.00010089066 6.2466383e-06 0.00091508875 0.0054446207 1.8015385e-06 2.6744644e-08 1.4787751e-08 1.8806436e-07 2.619726e-06 0.0012131718 0.0011364507 2.016301e-09 8.056333e-07 5.052551e-09 4.985115e-08 6.179916e-07 0.004415953 5.119981e-10 2.2287227e-06 2.1028791e-07 3.1898104e-08 2.3588372e-07 3.0098974e-07 0.00026185048 0.014826396 1.01695754e-07
0.9746692 0.0032644551 0.043219008 0.30615866 0.008839166 0.6633406 0.5665625 0.42269957 0.1262528 0.2949244 5.8149133e-05 0.35648733 0.00016493014 0.29438275 3.4070736e-06 0.0011560577 0.00800367 7.739743e-06 0.020256003 0.4656719 0.22991456 0.73548955 8.852964e-14 0.7894196 0.032596197 0.0029418203 0.07844175 0.47872037 0.96494967 0.11130095 0.00011073719 0.0008439576 0.26536953 0.8157135 0.57128733 0.23602732 0.0005887634 0.0048978324 5.1439974e-06 0.07407341 0.23143826 0.0088900365 0.0032047515 0.041605875 0.29354337 0.0028870243 0.1033363 0.0065129567 0.0025554309 0.0015178977 0.048525535 1.8011906e-05 0.0005967259 0.26588953 0.0005879742 0.0026301362 0.0014087997 0.00019412162 0.014946558 9.973531e-05 9.670499e-06 0.0015996832 0.0029164432 0.00013658708 0.00021598864 0.06781728 0.00045620475 2.6719827e-05 0.002272286 0.0008938127 0.0034500426 2.6312073e-05 0.0006038022 9.573316e-06 0.003338428 0.00017563 5.470318e-06 0.001459272 0.00678567 2.2747086e-05 5.888498e-07 3.254289e-07 6.7384474e-07 3.7507074e-05 0.001289478 0.0013383647 1.520372e-07 2.2809052e-06 2.3420058e-07 7.8460425e-07 2.0794753e-06 0.0036258586 6.0703744e-09 2.7869464e-05 5.168804e-07 1.513528e-07 3.053465e-07 1.8616018e-07 0.00043879563 0.01483934 2.8295335e-07
0.93295246 0.018395858 0.1688372 0.43541375 0.0009794586 0.37252474 0.53976846 0.09650905 0.057540633 0.68836504 0.0028864115 0.71964186 0.0065569496 0.08880796 8.976508e-05 0.11869505 0.40283763 1.1708159e-05 0.011731603 0.023329929 0.008868748 0.83600855 0.7894196 5.2176877e-14 0.8742767 3.764562e-05 0.01526847 0.15282641 0.5187899 0.00290494 0.009899891 5.6485824e-05 0.0024442475 0.95160216 0.005672532 0.0130547015 3.3004922e-06 0.00020241649 3.7064042e-06 0.00039152344 0.0049687624 0.00039727092 0.00027050072 2.4392315e-05 0.088239715 0.00021197775 0.0045587886 0.6586894 0.00020228988 0.00029107084 0.0024111287 0.0007249355 0.00022834691 0.18110573 0.0002488882 0.00032714335 0.00023422192 2.6793012e-05 0.0040793982 3.3062683e-05 5.8652363e-06 0.00012931165 6.416768e-05 0.051659625 3.1181946e-05 0.42775002 1.1888691e-05 3.594219e-05 3.0842537e-05 0.0007638032 0.009366541 0.00011052407 0.00057565235 2.1334956e-06 6.936984e-05 0.0002005096 1.7802051e-06 0.00041104484 0.0018687135 2.5436444e-05 6.864074e-07 1.0164147e-07 1.1316396e-06 1.0370689e-05 0.00030844877 0.0019449595 1.3482326e-06 2.2477896e-07 9.120824e-07 4.874086e-08 2.6056916e-05 0.5974728 1.412291e-07 7.819327e-06 2.975589e-07 5.6600027e-09 2.0888975e-09 5.9321836e-10 4.0148872e-05 0.0048735547 1.0976739e-07
0.22158428 0.11581336 0.43779114 0.2276368 0.016948463 0.051176473 0.29000887 0.01511444 0.017343255 0.76329577 0.13814634 0.71360826 0.68042976 0.037841585 0.01446386 0.82763547 0.97193277 0.0012208818 0.012125534 0.00044418636 0.0001611037 0.091501676 0.032596197 0.8742767 4.747504e-19 5.505465e-05 0.0001150149 0.0005449556 0.0065273293 5.191823e-06 0.54821324 0.00040423937 1.0343638e-06 0.03866767 1.0791962e-06 6.278451e-05 3.9306477e-07 7.2171196e-07 6.4717235e-05 1.9722675e-06 1.2301433e-05 1.7183736e-07 3.87973e-07 5.119293e-08 0.00018495343 1.7136439e-07 1.9985287e-06 0.44086605 1.05976426e-07 1.182047e-06 6.340453e-06 0.023379318 0.00025651514 8.5664324e-05 2.8719671e-06 1.5453244e-06 3.5256113e-07 3.2585795e-08 0.0022286219 9.672801e-07 9.5382795e-09 3.8029083e-07 5.7451253e-08 0.124102496 7.348884e-08 0.0007243574 2.107972e-06 1.3397796e-06 1.9628804e-07 3.6472007e-05 2.3684254e-06 1.4270771e-05 3.9146707e-05 1.339876e-07 5.934079e-08 1.1946622e-05 1.2029118e-07 4.3843884e-06 0.00034475606 6.4984434e-08 4.440014e-08 4.523371e-09 1.8657127e-09 1.9441738e-07 3.3929332e-06 1.0657869e-05 1.3366777e-07 1.124265e-09 3.0529145e-07 3.0517355e-09 0.0009400927 0.3380007 2.9356892e-08 3.6226814e-07 5.8018756e-10 2.7913349e-11 3.4756984e-09 3.399971e-10 1.956046e-06 0.00019917246 4.153302e-09
0.99989617 0.13532124 0.017717065 0.029538644 0.7319702 0.101491004 0.0360958 0.49102083 0.6438108 0.0016108786 0.0058402787 0.0013802947 0.009629037 0.011247114 0.0042377827 0.0011420053 0.0017897603 0.4526742 0.71785486 0.16674851 0.18524916 0.0048603546 0.0029418203 3.764562e-05 5.505465e-05 2.4410522e-06 0.08565941 0.0009987814 0.0003966336 0.17295015 0.0009903257 0.85804355 5.301218e-05 8.1788477e-07 2.9774768e-05 0.00016098237 0.60443234 0.3682465 0.05440334 8.602343e-06 7.2701846e-06 0.0010046599 0.00501904 1.4941845e-06 9.880771e-07 0.002003387 1.1998247e-06 6.465117e-05 0.43065444 0.01956502 3.9320835e-07 0.00072292367 0.20221257 1.8343944e-07 0.09564341 0.689896 0.31222647 6.37244e-05 0.22880897 0.0032102545 0.3095903 5.594868e-07 2.4383567e-07 8.2171493e-07 3.8326966e-06 3.6094255e-07 2.2016096e-07 0.0004644426 3.5700886e-08 0.6002746 3.0853258e-08 0.05198722 0.64251137 0.6370403 1.3031136e-07 0.506494 0.59418684 1.6990212e-07 0.5371498 6.4125625e-06 0.0004419397 9.6204545e-05 0.0011655142 2.2631032e-06 3.0189042e-07 2.1814327e-07 0.005311355 0.0071950713 0.002725286 0.11591076 0.0005156626 2.788874e-07 0.0015873569 7.2842586e-06 0.0007788593 0.058908835 0.69387084 0.52634954 1.7601859e-07 0.6478789 1.1652696e-05
0.96571684 0.00047609812 0.00012012961 0.0009832446 0.010605916 0.06938923 0.0070637967 0.45508277 0.072591655 8.479268e-05 1.2637964e-06 0.00031778627 1.6732956e-06 0.019438962 2.1902086e-07 1.1981707e-05 0.00076758873 2.3837607e-05 0.010970953 0.6892902 0.80552644 0.07227785 0.07844175 0.01526847 0.0001150149 0.08565941 1.4802077e-13 0.12061342 0.021702968 0.96424425 3.028855e-06 0.004605159 0.18416065 0.005015124 0.028226173 0.05533523 0.21056621 0.29618615 8.185532e-06 0.052112784 0.019196516 0.63513166 0.32532933 0.124566615 0.005176271 0.31994924 0.0053177457 2.0908496e-06 0.048342407 0.2764022 0.0046310886 8.065892e-06 0.0008072788 0.0075070984 0.09985829 0.097444184 0.04381599 0.28312618 0.008788259 0.04407606 0.038110822 0.006725502 0.01689388 8.201593e-07 0.10816618 0.002312263 0.028750252 0.029263722 0.009391764 0.02416882 0.0006856656 0.031599004 0.023368388 0.013741833 0.0015845952 0.014739601 0.0062956316 0.00021933265 0.048703857 0.0077193244 0.013461547 0.0087983385 0.018116677 0.00979009 3.4846933e-05 1.0817362e-06 0.0014711423 0.0062331366 0.0023044965 0.003469079 2.5193754e-06 1.8058635e-07 0.0007084987 0.004994655 0.0071612573 0.0010542158 0.000599384 0.0005647204 0.0002456355 0.093135715 0.0011814198
0.98134077 0.00030057257 0.0017312352 0.019048102 0.00076166395 0.22860259 0.1337455 0.13564293 0.03525909 0.017822143 9.375048e-07 0.04520752 2.2264867e-07 0.010512146 1.7812962e-07 7.696973e-05 0.0005045452 9.1944014e-07 0.0038075538 0.37118044 0.19353326 0.50987697 0.47872037 0.15282641 0.0005449556 0.0009987814 0.12061342 5.1886663e-15 0.8870524 0.086803615 1.8968719e-06 9.581449e-05 0.74092263 0.3797362 0.92133486 0.71969897 0.00023754401 0.0069085164 4.990212e-07 0.3269634 0.5763278 0.04859434 0.01315533 0.26879013 0.48634583 0.016371682 0.3007148 0.0013009903 0.004006192 0.0044734813 0.13377637 8.865914e-07 0.00016406216 0.32849222 0.0021491344 0.005787536 0.0025109767 0.0008202028 0.006388934 0.0004999759 3.9672115e-05 0.012489443 0.028291715 7.67395e-07 0.00089465186 0.054242894 0.0014498822 9.015594e-05 0.02203537 0.0017534652 0.0024856182 5.8870442e-05 0.00080192974 3.8515886e-06 0.010604162 0.0005563988 4.781878e-06 0.0011717498 0.006945895 2.7266013e-05 2.6533078e-06 8.364596e-06 8.336261e-06 6.789446e-05 0.0015209733 0.001098518 4.3308023e-07 5.807695e-06 1.5277506e-06 1.7059291e-06 4.429669e-08 0.0004740643 1.3315871e-07 3.5733025e-05 7.3731953e-06 1.4542982e-07 1.2051554e-07 1.4387581e-07 0.0005759395 0.019727156 1.6958913e-06
0.44442576 0.006297998 0.011924364 0.05538404 0.0067964527 0.23275004 0.229721 0.06952973 0.010542767 0.096851684 0.00036835895 0.15316124 7.829389e-05 0.04346399 0.00016149749 0.0012805909 0.0128693925 2.6054135e-05 0.0050950483 0.050081186 0.019090861 0.93550277 0.96494967 0.5187899 0.0065273293 0.0003966336 0.021702968 0.8870524 9.567065e-17 0.11784332 0.00011333244 0.00026227735 0.25451782 0.52396566 0.18114929 0.24738204 7.4134245e-05 0.0014336212 2.8204283e-06 0.064924456 0.13437088 0.004515629 0.0018750778 0.011416312 0.090214826 0.0008369946 0.04190519 9.070184e-05 0.00032407042 0.00018430212 0.011134686 7.455908e-05 0.0005268255 0.003942363 0.00028746144 0.0001932061 0.000113429436 1.7216675e-07 0.0015614214 9.891109e-06 7.8782233e-07 0.00032560015 0.0003159984 1.1810946e-06 2.5538608e-05 2.5233754e-05 4.1358875e-05 1.5659637e-06 4.7659778e-05 0.00025470078 2.8909994e-06 6.3743064e-05 0.00021736941 6.0215357e-06 4.5587026e-06 0.0001398103 3.503786e-06 1.8269155e-05 0.0006326776 3.259866e-08 3.0630968e-08 1.4434727e-08 7.657272e-08 3.480485e-07 5.121945e-06 9.300902e-07 1.1726741e-07 2.486015e-07 1.5619375e-07 1.05059506e-07 3.1614518e-06 6.790259e-06 6.213158e-08 9.1648154e-08 1.7725657e-07 2.0232555e-08 1.4399384e-07 1.3191672e-07 4.2594515e-06 0.0013534754 2.598972e-08
0.81720525 0.0064956527 0.0015724729 0.009457319 0.01731345 0.17480952 0.06084809 0.291631 0.08410917 0.0021924837 4.988228e-05 0.004490585 6.5608397e-06 0.060666945 2.6940721e-05 6.5053828e-06 0.00056330307 0.0006008629 0.031080253 0.8654498 0.87572384 0.14072411 0.11130095 0.00290494 5.191823e-06 0.17295015 0.96424425 0.086803615 0.11784332 1.5453518e-18 6.6484713e-06 0.0038495127 0.121966116 0.00016732384 0.04363585 0.056658834 0.67243516 0.10111257 2.6383412e-05 0.012957693 0.0025483782 0.5810324 0.48882243 0.029381957 0.00022148021 0.2907188 8.6120745e-05 3.8289554e-06 0.06725666 0.18355024 4.713825e-06 0.00026043886 0.001197434 4.581115e-07 0.14784172 0.0709597 0.051648527 0.06647905 0.0016913007 0.023975778 0.025484491 3.557532e-05 0.00013406028 2.8772554e-06 0.008346886 1.2997639e-07 0.0014384269 0.021864286 1.9122324e-06 0.015987972 6.266286e-08 0.06146704 0.022001108 0.013127137 1.811962e-07 0.012204994 0.005968833 1.0004501e-06 0.013719507 0.00043851827 0.001345699 0.0004195619 0.004247765 0.0005292045 3.9118638e-07 1.1951771e-07 0.0031687673 0.0025362044 0.0022992913 0.010578878 1.5612605e-06 6.061732e-07 0.000519759 9.25161e-05 0.0012002941 0.0005598506 0.00068430783 0.0013064735 4.6671767e-07 0.028635353 7.3296296e-06
0.8159026 0.078308426 0.040961646 0.011256405 0.046506435 0.0046430575 0.0078275865 0.0105761755 0.0388849 0.010709088 0.5271754 0.005249458 0.3608193 0.00096297264 0.73098963 0.914258 0.44505557 0.05431947 0.13011077 6.6481425e-06 2.1682705e-05 0.000409365 0.00011073719 0.009899891 0.54821324 0.0009903257 3.028855e-06 1.8968719e-06 0.00011333244 6.6484713e-06 2.7873062e-12 0.025642356 2.095554e-07 0.0018501262 1.4303647e-07 8.2816126e-07 2.9965381e-06 6.948404e-07 0.026041655 4.908056e-07 1.3625271e-06 2.512694e-07 3.6304908e-07 5.4619456e-08 5.1664145e-05 1.8578365e-07 1.9849929e-06 0.70335156 1.0996621e-06 4.8163025e-07 4.5278794e-06 0.8094106 0.12862551 0.00010590457 2.4702083e-06 1.4880847e-05 7.1977155e-07 8.048296e-08 0.15822232 2.8445712e-07 1.0564627e-05 9.84293e-06 9.281378e-06 0.77881044 3.0191593e-06 0.005562301 2.5188424e-06 1.6588044e-07 4.948038e-06 0.00018475826 2.6018652e-05 4.516561e-05 8.585308e-05 1.258673e-05 4.2961656e-07 5.7703826e-05 1.9903586e-05 0.0001295274 0.0007700049 1.3093778e-06 6.376214e-09 5.5369194e-09 7.169193e-06 1.0418075e-06 0.00014372518 0.0003304782 1.3866816e-08 3.0749024e-07 7.3780098e-09 5.360183e-09 0.2197171 0.14526992 2.5808071e-09 9.533778e-07 1.3075116e-07 9.3366275e-09 6.5013445e-08 3.1629759e-09 2.3075354e-05 0.0017426318 9.587267e-10
