3.1224541e-21 0.147781 0.45124605 0.87566787 0.011872008 0.038203318 0.94715035 0.062251255 0.0887888 0.7059143 0.94507885 0.2451437 0.9389454 0.81837285 0.97673184 0.102054305 0.884743 0.32800192 0.005479777 0.07927768 0.9498205 0.060531832 0.10639712 0.97251433 0.24280319 0.12148566 0.9535684 0.015429287 0.9267806 0.04316905 0.95435834 0.41907609 0.0060019908 0.39074814 0.00016388652 0.9768901 0.98683095 0.0049408176 0.002314243 0.00041200756 0.9398231 0.472628 0.9801865 0.9863366 0.96778023 0.9847765 0.00010307283 0.9387428 0.98975056 0.1243686 0.98994523 0.9843726 0.9786973 0.9442391 0.00041307058 0.018375045 0.09490344 0.008604683 0.9814091 0.9911655 0.99229467 0.99210775 0.9563865 0.9750732 0.96288556 0.86468315 0.027974756 0.9316173 0.999504 0.99754125 0.96069527 0.8998558 0.997472 0.9886747 0.3740705 0.99923956 0.99863666 0.9379658 0.9906316 0.00560163 0.000101403835 1.093467e-06 0.9990485 0.9837197 1.1932599e-06 0.99930656 0.99146104 0.000113489055 0.99865466 0.9929362 0.057289768 0.05112172 0.95883954 0.9999508 0.99904114 0.9870688 0.9996571 0.99962556 0.91930646 0.9674601 0.9999573
0.147781 7.785056e-19 0.66976285 0.72497505 0.66103363 0.3173787 0.8257929 0.34932128 0.5603907 0.8644222 0.8107036 0.40339383 0.80192816 0.19646332 0.7072656 0.11825737 0.7086009 0.14979997 0.009239306 0.04572699 0.53245664 0.021364527 0.0020654625 0.35308176 0.002158824 0.01528822 0.18834968 0.0039039261 0.030230528 0.0016994956 0.2709143 0.005662636 0.00029681 0.038533412 6.3941974e-05 0.027646486 0.05396374 9.017254e-05 1.6459442e-05 0.0035726705 0.0028626127 0.039967116 0.0019511236 0.064573176 0.06688589 0.040343925 8.453629e-06 0.00021289004 0.000826209 0.0046516648 0.05981714 0.056673475 0.027494796 0.0012102372 5.5810734e-08 3.3650267e-08 0.0003174912 9.332247e-09 0.0070853895 0.019636203 0.015555025 0.0045460267 0.00072768156 0.0010234585 0.011068594 7.8000034e-05 0.00025714288 0.0005905579 0.008922517 0.0071453108 0.0005917587 4.396059e-05 0.008051645 0.00058375724 5.412329e-06 0.01812066 0.0077974717 0.00018886641 0.00043531673 9.410489e-06 2.3468338e-08 1.2734284e-07 0.0043590795 0.002333414 1.8299172e-08 0.0014611157 0.0020662209 1.1534469e-09 0.007795513 0.00052788516 1.2023165e-05 6.745578e-05 9.091367e-05 0.0014237398 0.00017001278 0.00027556877 1.4354482e-05 0.0015366378 1.1359165e-05 7.4900995e-06 0.003922543
0.45124605 0.66976285 2.0688492e-17 0.42778236 0.4195188 0.90351695 0.6464392 0.6544455 0.21524705 0.23976055 0.21143939 0.37067643 0.13569541 0.6185002 0.24830739 0.08197429 0.10675804 0.08073125 0.6496066 0.41606587 0.07427507 0.08915271 0.1635686 0.37364998 0.16284256 0.016876673 0.32389647 0.19394392 0.20557906 0.10422022 0.023446057 0.0008367409 0.038129836 0.0030241373 0.016645087 0.13019912 0.007468865 0.016258659 0.018257016 0.003629517 0.016131787 0.030809144 0.009472325 0.14936133 0.0028794075 0.160758 0.026267875 0.00069737516 0.0019629921 0.00032670278 0.020923527 0.05617824 0.0014883791 0.00019327742 0.00052439014 1.4486575e-05 0.000103680824 3.8746143e-06 6.4558626e-05 0.012451319 0.034629643 8.23654e-06 3.5349003e-05 0.0010814634 0.0037718536 6.0710237e-05 0.0014981362 7.149738e-05 0.012136467 3.448904e-05 5.6152716e-05 0.00023813648 5.004472e-05 1.8969216e-07 1.2064319e-05 0.0015170512 0.0003015525 2.3445444e-05 6.7101355e-05 8.058047e-05 9.163545e-05 0.000118852746 5.40157e-05 0.0017847159 3.4033778e-06 0.00870861 0.0012942442 3.3004321e-06 2.1807422e-05 0.00042293125 1.0922153e-06 3.4341952e-06 5.6798533e-05 0.0050627463 0.0004913603 8.7508735e-05 1.2135251e-05 0.00036524184 5.0835715e-05 0.00011438702 0.00027542215
0.87566787 0.72497505 0.42778236 8.824704e-15 0.8406104 0.34156588 0.6472463 0.26582414 0.38207075 0.4138876 0.5961654 0.62478685 0.5082853 0.25855756 0.3880956 0.43164822 0.5843385 0.510522 0.20413698 0.33676246 0.4083472 0.0053013093 0.049029622 0.30289492 0.019505288 0.15698934 0.24504499 0.03621222 0.023484716 0.046642072 0.21882246 0.0035667627 0.03979238 0.037909277 0.0014416082 0.06712127 0.014622937 0.026135998 0.011067127 0.01567256 0.002959448 0.2018084 0.0027746703 0.1650243 0.041464068 0.17787716 0.006232093 0.000311018 0.0012083555 0.0006532663 0.16779739 0.14334856 0.01569116 0.0024206764 2.943626e-06 2.4220037e-07 0.00017493192 4.3125628e-08 0.0015337346 0.053786125 0.04341412 0.0003107094 0.00096504163 0.0013992339 0.005717873 1.4271165e-05 0.0031480726 8.642376e-05 0.008304958 0.0010186782 0.00027333456 0.00031543383 0.001972259 4.189997e-06 2.0829584e-06 0.008323866 0.0037625397 0.00015544843 0.0005250189 0.0015626928 0.0005670764 1.7234343e-06 0.0014805972 0.0009480408 2.1263871e-07 0.0068202103 0.0009262618 1.435822e-07 0.00060598314 0.00027047726 3.4759623e-06 9.5801064e-05 0.00012040935 0.008071376 0.00047957213 0.00015631123 1.7241635e-05 0.0009783854 1.0324112e-05 0.00018956042 0.002672513
0.011872008 0.66103363 0.4195188 0.8406104 2.9841072e-21 0.0901927 0.5536464 0.014972296 0.0066712038 0.14956553 0.65862274 0.5066888 0.56726027 0.029801453 0.44842064 0.16909616 0.5437283 0.22111045 0.0024640427 0.016247863 0.2645312 0.00012677196 7.053944e-05 0.095626324 0.00013335272 0.014595671 0.037847307 4.3384298e-05 0.002782003 2.0814625e-05 0.08496448 6.474656e-05 3.3982196e-05 0.00088193774 4.5778465e-06 0.0023312084 0.004251021 2.4597999e-05 3.4528218e-06 0.0019039159 1.604371e-05 0.0011191797 3.33536e-05 0.015535686 0.006201681 0.0037423188 3.518885e-06 8.0532135e-07 4.101434e-06 1.179542e-05 0.008419921 0.011055417 0.0019276339 5.4017863e-05 5.284867e-09 9.824066e-09 1.2648997e-06 4.8371125e-09 0.00012420124 0.0026282894 0.0006526088 0.00011148328 1.7263303e-05 4.9799866e-05 0.00043484123 1.6215708e-06 1.9190686e-06 2.4151823e-06 0.00032916 0.00018386796 4.9016166e-06 5.806922e-07 0.00015437012 8.802319e-06 9.917542e-07 0.00040058422 0.00012736987 2.4740511e-06 2.9694415e-06 5.2317176e-07 8.539477e-10 9.0135995e-07 6.609331e-05 0.00013314048 1.6276955e-08 3.245636e-05 0.0001554022 1.3040806e-09 0.00042395794 1.7696084e-05 3.5190476e-07 1.949747e-06 4.9843715e-07 0.00013897214 1.186748e-06 2.4916058e-06 4.4813717e-08 4.323191e-06 3.1644436e-08 8.196413e-08 0.00012498723
0.038203318 0.3173787 0.90351695 0.34156588 0.0901927 8.548453e-18 0.6700484 0.56496906 0.01565133 0.035436783 0.1421771 0.11683771 0.09839687 0.7410813 0.31612912 0.018220734 0.034165706 0.012246128 0.48299634 0.074496955 0.028219208 0.01395385 0.18470907 0.26428008 0.23732166 0.0011687215 0.29535964 0.088284455 0.39360115 0.120339334 0.0148905385 3.1359352e-05 0.0014809027 8.2927414e-05 0.019626481 0.11144042 0.007542261 0.00039918502 0.00041123186 0.0012307549 0.023165086 0.002094701 0.013657981 0.045717917 0.0053768596 0.03648134 0.0017815395 3.8007458e-06 3.61092e-05 5.294218e-06 0.0045917 0.008756997 0.0014981305 0.00015915484 3.301413e-05 2.9017821e-05 1.486586e-06 5.1001325e-06 7.207814e-05 0.002874469 0.009252868 0.00010200722 4.475045e-05 0.0027853057 0.00016468872 0.00078974554 9.129814e-05 3.7498403e-06 0.009743838 2.3667219e-05 2.562711e-06 6.1686103e-07 1.1406832e-05 1.8635e-06 0.00015708548 0.00019534415 2.5169224e-05 1.7418149e-06 9.408259e-07 1.6355809e-05 2.1307821e-07 1.8231594e-05 1.0571612e-05 0.0026091146 2.4650733e-06 0.0028602264 0.003414487 1.4461921e-07 3.9574097e-05 0.0022838938 3.9562585e-07 1.109659e-05 2.5148627e-06 0.0013118121 1.0426693e-06 1.5666433e-06 1.0716949e-06 0.00014176192 4.8960268e-05 4.2793262e-09 4.7463647e-05
0.94715035 0.8257929 0.6464392 0.6472463 0.5536464 0.6700484 2.3718196e-14 0.69435495 0.6061176 0.5815114 0.43603173 0.31681663 0.42550334 0.37514922 0.6464652 0.115175694 0.12780191 0.16046426 0.35081494 0.23202902 0.13346846 0.28889218 0.105634846 0.4925714 0.04609341 0.027670829 0.27967554 0.09887767 0.039563827 0.06546028 0.034103207 0.008164292 0.05396961 0.014231798 0.005458541 0.05141183 0.041744404 0.029406043 0.021466816 0.0020585973 0.0015588653 0.015202963 0.0023593449 0.26033834 0.0005748141 0.2621503 0.020503238 0.0006265358 0.0040571247 0.0002305735 0.06601517 0.14242913 0.00017873483 1.8739192e-05 6.4215587e-06 9.544877e-07 7.374535e-05 6.0773834e-07 1.4844249e-05 0.028963137 0.10348522 7.620555e-06 3.0186784e-06 0.0015948468 0.002586851 2.8436032e-05 0.0003706201 0.00016112106 0.041462287 0.00011695476 0.00012900826 1.19091965e-05 0.00010458423 1.0589374e-08 1.2564957e-06 0.0034678292 0.0012835392 1.4858555e-05 0.00045290674 8.490968e-05 2.5136671e-05 4.6236676e-07 0.00036178395 0.0019527728 3.316321e-08 0.038600396 0.0033298745 2.674708e-07 4.093449e-05 0.00039219353 2.7603784e-07 3.6740412e-06 6.557834e-05 0.017513795 0.000290226 5.985269e-05 2.1237547e-05 0.0004708782 0.00034509655 4.051674e-05 0.00011080946
0.062251255 0.34932128 0.6544455 0.26582414 0.014972296 0.56496906 0.69435495 5.0547184e-17 0.037340153 0.022394557 0.0556387 0.009626632 0.08146264 0.85021174 0.48395342 0.00028999386 0.004838126 0.00012060184 0.10706323 0.00021342812 0.008884134 0.35730037 0.091101855 0.516804 0.22405893 6.786383e-07 0.591484 0.015419624 0.6825709 0.04294873 0.009414264 3.7858466e-05 1.7158346e-06 9.745993e-06 0.0070935735 0.33799225 0.011106056 5.1084197e-07 1.2515982e-06 8.279079e-05 0.061481312 3.4508783e-05 0.051029596 0.11832265 0.0011366281 0.10249872 7.737034e-06 3.4285225e-05 0.00026335107 2.5034164e-05 0.006199996 0.010362153 0.001180148 2.7585574e-07 1.3264489e-07 6.438993e-06 5.1314515e-07 1.6768341e-06 2.6029276e-05 0.0030101005 0.025897173 9.213827e-05 6.3773456e-07 0.0033138874 0.0019519379 0.00036547004 1.5681217e-06 1.2193638e-05 0.020077953 0.00023598265 2.5014676e-06 1.5591557e-07 0.0006399633 4.40316e-06 2.8212964e-05 0.0012764543 0.00069562055 6.8167183e-06 0.000279625 2.0106777e-06 8.137341e-09 3.819409e-07 0.00028405743 0.004205037 3.217687e-08 0.010889595 0.006042899 3.8245886e-09 0.00049008033 0.0027450095 1.5479654e-07 2.8648685e-06 5.5722313e-07 0.0016336114 1.4320683e-05 5.4790316e-06 1.6191501e-05 0.0003153824 0.00012245479 2.897927e-07 0.00037227245
0.0887888 0.5603907 0.21524705 0.38207075 0.0066712038 0.01565133 0.6061176 0.037340153 4.7386224e-18 0.83799434 0.44645548 0.004725891 0.5139574 0.023197738 0.76793414 0.0006580387 0.1363776 0.0008642504 0.0001817227 2.7546983e-05 0.15983583 0.029488081 4.2899264e-05 0.26275373 9.066025e-05 1.2161076e-05 0.05157641 5.194263e-05 0.00760118 3.6645113e-05 0.10616317 0.046609208 1.3071171e-06 0.017846921 1.08692575e-05 0.01760726 0.076358914 1.1449767e-06 8.16658e-07 0.00011163809 0.0013846554 0.0004952999 0.002432359 0.039689824 0.013348689 0.05288905 4.0473793e-07 0.0004119938 0.0028895088 0.00036329898 0.04545117 0.07230141 0.016208537 0.0001920028 2.3539439e-08 7.999567e-08 0.00025091824 1.0376247e-07 0.006365519 0.03741173 0.027633308 0.009729756 8.538855e-05 0.0007458871 0.016758807 3.2257478e-05 5.997293e-06 0.00073785556 0.01752183 0.014050282 0.0013205073 0.0001339298 0.016169392 0.0015252447 1.854093e-05 0.032610748 0.015995255 0.00033923026 0.0082975235 1.3978148e-06 1.6083818e-09 4.8384717e-08 0.013181124 0.0021378207 2.617372e-09 0.003231902 0.0022271918 2.7296163e-09 0.014758843 0.000623553 3.1482164e-06 2.8290165e-06 3.6365105e-05 0.0067476025 0.0009688635 0.0004205291 0.00015933403 0.001841275 2.1851014e-05 4.728695e-05 0.0043932428
0.7059143 0.8644222 0.23976055 0.4138876 0.14956553 0.035436783 0.5815114 0.022394557 0.83799434 1.470922e-18 0.8188411 0.019579561 0.88284624 0.03605456 0.85406363 0.0051911655 0.4998385 0.0045282533 0.00058379926 0.0049468474 0.5517572 0.119152024 0.00011428909 0.31523994 0.00026162755 0.00088966766 0.061693832 0.0013548913 0.021876587 0.00014132094 0.46321553 0.6408406 0.00011044526 0.49401656 4.375906e-05 0.011619489 0.58165145 2.80148e-05 1.8341341e-05 0.00060937623 0.0029887913 0.014295474 0.002489593 0.088140346 0.1556362 0.078972414 4.3118143e-06 0.020322917 0.10751338 0.03898891 0.42236233 0.35124648 0.21287617 0.0044629737 2.9509083e-08 8.262458e-09 0.025497565 3.2032217e-09 0.07360799 0.22854026 0.054883573 0.06876968 0.009387392 0.0023367254 0.11817434 5.882257e-05 0.0005031371 0.028590685 0.028112993 0.10920762 0.018787848 0.005132147 0.14281376 0.016772365 2.2098795e-06 0.16503689 0.12906787 0.0075332643 0.019118516 5.819526e-06 3.519259e-09 6.2161575e-08 0.09920277 0.0050679054 1.4251301e-08 0.01002605 0.005344351 6.3323974e-10 0.08515527 0.0015370232 0.00023320667 9.9767276e-05 0.0063708145 0.023190517 0.013160236 0.014224323 0.00015683162 0.009174822 0.0001126192 0.0020080556 0.032539863
0.94507885 0.8107036 0.21143939 0.5961654 0.65862274 0.1421771 0.43603173 0.0556387 0.44645548 0.8188411 1.9450518e-12 0.16371427 0.8304932 0.014350309 0.5179339 0.10341933 0.69083774 0.21040939 0.03508922 0.091644816 0.6744252 0.004625578 0.008459648 0.1819572 0.002033517 0.07399043 0.029953308 0.015312195 0.002481471 0.008069321 0.48559707 0.0467096 0.015716942 0.10562438 0.00044462117 0.005185191 0.018801967 0.013518332 0.0047724075 0.018708983 0.00014293415 0.1294629 0.0001996218 0.13753623 0.02223758 0.12774523 0.003237481 0.0010660441 0.001829695 0.0012783249 0.18056363 0.1666364 0.0040775356 0.0012967732 2.6191077e-07 2.3895405e-08 0.00046826765 2.4077401e-08 0.0007252678 0.064764984 0.025008254 0.0003124274 0.0005055186 0.00017514311 0.0020771495 8.4943855e-07 0.003483936 0.00023391456 0.0068333712 0.001468462 0.0003763377 0.00046482214 0.00110707 1.022497e-05 9.822421e-08 0.006146082 0.0030536212 0.00033586082 0.00051117025 0.0018026178 3.8321537e-05 3.9217234e-08 0.0015259022 0.0002990027 1.8276953e-08 0.003995882 0.00027348477 6.863213e-08 0.0012454866 6.0203158e-05 3.6135498e-06 0.00019734244 0.0004671258 0.010657478 0.0009959725 0.00031297674 3.8689708e-05 0.0010920268 2.4350036e-05 0.00020066416 0.002000182
0.2451437 0.40339383 0.37067643 0.62478685 0.5066888 0.11683771 0.31681663 0.009626632 0.004725891 0.019579561 0.16371427 1.2474433e-15 0.09360385 0.063256815 0.054213688 0.9195314 0.13154644 0.7969776 0.095176406 0.90737057 0.069825515 4.3024247e-06 0.00620497 0.040119536 0.00432539 0.16633299 0.03429856 0.013051366 0.0034192984 0.007402139 0.02460874 5.5116063e-05 0.12787926 0.0005682471 0.0001384907 0.0021947848 0.00060812774 0.11025172 0.04282723 0.063369915 0.00018812095 0.010401275 7.648627e-05 0.010652896 0.0036864502 0.007616364 0.023910465 8.234797e-06 7.5773423e-06 3.1140262e-06 0.0078066047 0.01188468 0.00076020346 0.0003855001 1.656965e-06 3.4161605e-08 1.8080445e-06 2.2820819e-08 0.00013203298 0.0032343378 0.00072281 2.2853394e-05 0.00021970047 5.586977e-05 9.903639e-05 3.905961e-06 9.756125e-05 5.0366443e-06 0.00010227051 9.224752e-06 2.301697e-06 7.4216614e-06 2.0948325e-07 2.8227439e-07 8.2457706e-07 1.6989552e-05 6.5608737e-07 3.7891425e-06 9.245127e-07 0.00026343297 0.0023133075 4.296585e-08 6.4794057e-07 2.2978993e-05 4.0215276e-09 3.7137554e-05 1.4071903e-05 4.6189978e-08 1.1075821e-06 4.243315e-06 3.220863e-07 7.743463e-06 7.822505e-06 0.0004976855 1.0640634e-05 4.750008e-06 2.7944553e-08 2.8409386e-05 3.873959e-07 4.811388e-06 8.652285e-06
0.9389454 0.80192816 0.13569541 0.5082853 0.56726027 0.09839687 0.42550334 0.08146264 0.5139574 0.88284624 0.8304932 0.09360385 2.5488463e-14 0.0122832535 0.5701797 0.053603455 0.7500297 0.1132986 0.016889345 0.03503672 0.74462986 0.014872685 0.004053626 0.22635685 0.0012289633 0.047285363 0.055569157 0.0082504675 0.0027256745 0.0038663228 0.56313527 0.13061671 0.008991785 0.16694523 0.00015039662 0.010346476 0.037541587 0.006134675 0.001986545 0.008923674 0.00056618586 0.15825793 0.0005775007 0.1557082 0.107745096 0.18108188 0.00022203155 0.002261043 0.004675419 0.007219272 0.2731348 0.21165423 0.014995916 0.0052351197 1.473147e-07 2.2452193e-08 0.0027566706 4.210638e-08 0.0017705528 0.083524585 0.038054984 0.00052082265 0.0025476443 0.00023364746 0.007880442 1.2779024e-06 0.0030249236 0.0005986026 0.008225681 0.0024424545 0.0007126894 0.00055905856 0.002848403 6.0140494e-05 7.001008e-08 0.009457765 0.004496855 0.000419717 0.0015455649 0.0005429521 4.484942e-06 2.4847195e-08 0.0021096193 0.00058411364 9.418421e-09 0.0051707397 0.0004257488 6.1868e-08 0.002132429 4.8282967e-05 1.8807583e-05 0.00047661757 0.0004562041 0.017756207 0.001461184 0.00033296252 0.00011441145 0.0017239571 3.958089e-05 0.00035295682 0.003760681
0.81837285 0.19646332 0.6185002 0.25855756 0.029801453 0.7410813 0.37514922 0.85021174 0.023197738 0.03605456 0.014350309 0.063256815 0.0122832535 6.2918814e-15 0.08129778 0.014657913 0.0037319136 0.0101034995 0.49295852 0.08577659 0.002025226 0.4660861 0.56776965 0.3349887 0.72988933 0.0019009828 0.49995214 0.27480632 0.7292921 0.31893048 0.00044687313 0.00019196745 0.02480252 0.00012676808 0.1272068 0.32676437 0.003453652 0.006993656 0.012428334 0.00020025695 0.12539293 0.0038771175 0.084807 0.20049523 1.6249543e-05 0.18128632 0.026613535 6.7869085e-05 0.0014615401 6.3987814e-06 0.0015491078 0.007813044 3.3910082e-06 1.3573079e-05 0.015431097 0.0010381351 1.093711e-06 0.0006464109 8.6031014e-07 0.0015469244 0.049670484 8.9446104e-08 1.924848e-06 0.012964765 0.0002682964 0.0011950224 4.0142477e-05 2.2925866e-05 0.022425117 1.3336573e-07 3.6255938e-06 6.579383e-07 3.8853823e-08 8.936421e-09 0.0001935122 1.527026e-05 2.3136402e-06 1.9870734e-07 3.7784885e-05 0.00013011784 3.139884e-06 7.4225994e-05 3.8440461e-07 0.0056038927 4.082807e-06 0.040002927 0.006065914 7.382106e-05 9.5177846e-08 0.0026499585 4.9016446e-08 2.4692756e-06 3.6724264e-06 0.0050760433 1.9640995e-05 5.5012215e-06 1.8247893e-05 0.000101433136 0.002973911 1.1561281e-06 2.317158e-06
0.97673184 0.7072656 0.24830739 0.3880956 0.44842064 0.31612912 0.6464652 0.48395342 0.76793414 0.85406363 0.5179339 0.054213688 0.5701797 0.08129778 2.0460506e-16 0.025442615 0.1655592 0.04610027 0.06419726 0.039734107 0.31098816 0.3524591 0.018247418 0.770199 0.0027692881 0.013501762 0.24119723 0.017776582 0.029436992 0.012660843 0.2504379 0.04852215 0.01460209 0.038524985 0.0010342929 0.061770923 0.145455 0.0055644866 0.0027939682 0.00041086378 0.00060940266 0.010594548 0.0021864004 0.43671116 0.011170811 0.40741128 0.0014141671 0.008407719 0.025376763 0.0031505325 0.2618849 0.33109325 0.0024812652 0.0005589588 1.1900562e-06 1.8189063e-07 0.002816655 1.4740674e-07 0.00020260226 0.108563386 0.20411454 7.172712e-05 0.00021952517 0.0012039264 0.011371718 1.4062846e-05 0.00037761847 0.0022175137 0.13287582 0.0015290363 0.0013391889 0.00036151183 0.0026664806 9.690094e-07 7.399495e-07 0.01881439 0.010072372 0.00024326047 0.004567291 3.5393467e-05 6.236228e-06 5.60529e-08 0.0057592355 0.0064955074 2.4928559e-08 0.12791464 0.006947233 7.392029e-08 0.00091148686 0.0017852659 1.3192264e-05 5.2385378e-05 0.00031678745 0.07849929 0.0023983708 0.0004899963 0.00016591598 0.0028635412 0.0016160117 0.0007144537 0.0017916876
0.102054305 0.11825737 0.08197429 0.43164822 0.16909616 0.018220734 0.115175694 0.00028999386 0.0006580387 0.0051911655 0.10341933 0.9195314 0.053603455 0.014657913 0.025442615 1.0823725e-14 0.110506035 0.9171389 0.011124098 0.6905559 0.050179936 2.2442102e-07 0.0007972843 0.016261628 0.00043109394 0.30762604 0.0064140037 0.0019516774 0.0010596043 0.0008375344 0.019147856 1.6784636e-05 0.08239779 0.00032964564 1.5337044e-05 0.0003789795 0.00015491714 0.11677762 0.022667192 0.17739032 5.962952e-05 0.009667304 2.8763981e-05 0.0028618744 0.0032354607 0.0020509441 0.007966523 9.927421e-07 2.568375e-06 8.1544783e-07 0.0035942928 0.004829158 0.0006897243 0.0003317976 3.0654098e-07 3.4392504e-09 7.9063875e-07 7.462517e-09 5.7004796e-05 0.0012402907 0.000103736005 1.5548409e-05 0.0002044097 1.7384802e-05 3.7788093e-05 5.125788e-07 0.00016759773 1.7835443e-06 2.2918151e-05 8.607349e-06 2.140694e-06 4.6570817e-06 2.074364e-07 4.0305775e-07 2.012887e-07 1.1894395e-05 6.998595e-07 2.2591184e-06 3.2459639e-07 0.0006457421 0.0027867537 6.453726e-09 6.6799794e-07 6.01828e-06 1.387493e-09 8.638318e-06 3.4548145e-06 2.7872689e-08 1.9748477e-06 1.4578259e-06 1.12436055e-07 1.21859775e-05 3.1885545e-06 0.00033720865 3.0947679e-06 1.6713133e-06 1.09226415e-08 7.0952715e-06 4.7186802e-07 1.0122401e-06 1.9445635e-05
0.884743 0.7086009 0.10675804 0.5843385 0.5437283 0.034165706 0.12780191 0.004838126 0.1363776 0.4998385 0.69083774 0.13154644 0.7500297 0.0037319136 0.1655592 0.110506035 5.2547886e-11 0.3085932 0.0064046704 0.060029253 0.90878683 0.00052081613 0.0018359944 0.055166576 0.0006894175 0.2356963 0.0156159215 0.0029938146 0.0014907786 0.0034250196 0.7183728 0.031454235 0.008185482 0.4724632 3.4727367e-05 0.0012855515 0.008584777 0.010827503 0.002089939 0.04716265 0.00033759946 0.48478252 0.00015658652 0.04262968 0.12819001 0.029603701 0.00055866945 0.0002920493 0.00038797472 0.0018756813 0.12796822 0.10805771 0.011027424 0.0068899686 8.488559e-08 7.818641e-08 0.0003083279 1.3671577e-07 0.0011899787 0.037454847 0.004037172 0.00061198446 0.0044638524 0.00024338928 0.00091495045 2.279909e-06 0.009347908 9.9520104e-05 0.0010342555 0.0020505032 0.00023250605 0.00050336914 0.0011783092 0.00011702527 3.3726778e-07 0.0060878084 0.0030165275 0.00041907385 0.00024825454 0.0058601433 4.8604514e-05 2.8241079e-08 0.0015052763 0.00030249148 3.5826602e-08 0.0015599137 0.00025092662 2.190566e-07 0.0018444974 3.062415e-05 3.3465913e-05 0.0006143647 0.00047764095 0.0058461213 0.00071152515 0.00023273299 1.6838041e-05 0.0010219701 1.036102e-05 9.499825e-05 0.0050104656
0.32800192 0.14979997 0.08073125 0.510522 0.22111045 0.012246128 0.16046426 0.00012060184 0.0008642504 0.0045282533 0.21040939 0.7969776 0.1132986 0.0101034995 0.04610027 0.9171389 0.3085932 2.70688e-14 0.00577191 0.5476352 0.12683026 3.2104396e-07 0.0012296004 0.025299007 0.0012723779 0.69316286 0.008761855 0.0018157765 0.0011288716 0.0018342636 0.043538902 2.8939583e-05 0.08518433 0.0010137995 2.9539959e-05 0.0005010938 8.273696e-05 0.20649084 0.03171644 0.58588487 2.8726125e-05 0.07820691 2.574217e-05 0.0057601915 0.0059990496 0.0027473103 0.008949936 1.5785845e-06 9.726638e-07 3.2939736e-06 0.0067414697 0.009370652 0.0013523051 0.00075346156 8.907017e-07 6.4224492e-09 4.1644494e-06 8.456074e-09 8.703541e-05 0.001804072 0.0001492682 5.6127337e-05 0.00076268305 2.4774758e-05 2.7174272e-05 1.2969709e-06 0.0018865727 1.2890224e-06 6.6209446e-05 7.4587675e-05 9.593728e-07 7.2829666e-06 2.9939346e-07 3.2382447e-06 1.6067001e-07 9.263758e-05 3.201318e-06 3.3289487e-06 1.3837708e-07 0.006012793 0.01251642 1.726204e-08 2.0899727e-06 8.514034e-06 1.92645e-09 2.7231372e-05 1.8075065e-06 6.5413346e-08 3.8209102e-05 4.4631943e-06 4.0144425e-07 0.000115227565 6.7649985e-06 0.00078203453 1.7965475e-06 1.5654767e-06 6.2767014e-09 6.409188e-06 1.7047002e-07 1.9273166e-06 0.00039776776
0.005479777 0.009239306 0.6496066 0.20413698 0.0024640427 0.48299634 0.35081494 0.10706323 0.0001817227 0.00058379926 0.03508922 0.095176406 0.016889345 0.49295852 0.06419726 0.011124098 0.0064046704 0.00577191 1.2895008e-19 0.31862295 0.004453736 0.00014848619 0.38762635 0.09391734 0.15108226 9.308445e-05 0.16251187 0.8887157 0.09531641 0.3952394 0.0021842173 3.709442e-06 0.005423511 4.830019e-07 0.15678251 0.028146045 0.0009959465 0.0011789554 0.0072112316 0.0015594935 0.00093685015 4.984785e-05 0.0011857158 0.018872889 9.234755e-05 0.0030038601 0.01653177 2.1534476e-07 6.4746797e-07 1.1072029e-06 0.00020458778 0.00073408615 3.977459e-05 5.695825e-06 0.007794687 2.4062022e-06 3.340585e-08 8.7160004e-07 6.8717936e-06 0.00010048371 0.00023183538 2.64127e-06 1.5349914e-06 8.223445e-05 2.1043075e-05 7.4537866e-06 7.261073e-06 2.740998e-07 0.00082504324 1.4217608e-06 2.8908192e-07 1.2016808e-08 1.2579806e-05 4.4129174e-06 1.0438071e-05 2.0734939e-05 9.868891e-06 1.5220623e-07 1.1161002e-07 2.8315e-06 1.1605136e-06 0.00068220904 2.493774e-06 0.00032375348 2.3995166e-05 0.00011385971 0.00036854006 6.834582e-07 1.695556e-05 0.00016741465 1.7875314e-07 1.18876715e-05 6.249814e-08 0.00021390963 1.1215782e-07 2.2946601e-07 3.445141e-08 2.8940838e-06 6.4117586e-07 1.0066594e-08 1.6409931e-05
0.07927768 0.04572699 0.41606587 0.33676246 0.016247863 0.074496955 0.23202902 0.00021342812 2.7546983e-05 0.0049468474 0.091644816 0.90737057 0.03503672 0.08577659 0.039734107 0.6905559 0.060029253 0.5476352 0.31862295 9.296421e-15 0.035130244 1.7190285e-08 0.0116234515 0.02767798 0.0055259774 0.12818734 0.027896442 0.10533146 0.0046134056 0.017219806 0.015569109 1.6749768e-06 0.83933955 2.6173775e-05 0.00016532383 0.0015813253 0.000112342015 0.67334944 0.5834593 0.21642172 5.9595073e-05 0.015568723 3.121827e-05 0.004735503 0.00093204953 0.0030072096 0.40492803 7.7048446e-07 2.5226174e-07 3.6598973e-07 0.0014917529 0.004123246 0.00011050964 0.00023803339 2.951152e-05 1.03307876e-07 3.2930565e-08 7.2280265e-08 2.265376e-05 0.00040425963 9.107959e-05 2.700494e-06 6.639598e-05 4.6653702e-05 1.3025147e-05 2.5242166e-06 0.00017714327 2.0913085e-06 9.55454e-05 1.6836185e-06 1.2668917e-06 1.405977e-06 1.2540004e-07 9.838209e-08 7.362518e-07 2.4164136e-05 1.2901651e-06 9.775086e-07 2.1466103e-06 0.0013104265 0.013304847 9.021835e-06 1.8584594e-06 5.808143e-06 1.199641e-07 1.7432998e-05 4.8376182e-06 2.3000126e-07 5.1423325e-07 8.382747e-06 7.810234e-08 8.658822e-06 5.661134e-06 0.0015273676 2.18484e-06 3.0107833e-06 2.3873346e-09 1.0302581e-05 8.005372e-07 8.921069e-07 6.5553263e-07
0.9498205 0.53245664 0.07427507 0.4083472 0.2645312 0.028219208 0.13346846 0.008884134 0.15983583 0.5517572 0.6744252 0.069825515 0.74462986 0.002025226 0.31098816 0.050179936 0.90878683 0.12683026 0.004453736 0.035130244 4.3781843e-13 0.0021208252 0.00090986537 0.08307366 0.0003590348 0.08455032 0.006531813 0.003899751 0.0007977436 0.0020718304 0.8530758 0.19068581 0.007315089 0.7270012 7.015228e-05 0.00090024807 0.023057813 0.005384038 0.0016731833 0.01742753 0.00012344866 0.4489428 6.134403e-05 0.058837738 0.30379763 0.07034932 0.00024030948 0.0010886454 0.0010520514 0.013862502 0.30799186 0.20972596 0.030158127 0.015188622 4.1656648e-08 4.161916e-08 0.0023406944 8.526497e-08 0.0032889326 0.09064041 0.014950423 0.0020336565 0.005994915 0.00016975227 0.003485488 9.192657e-07 0.008633809 0.00031395606 0.00270304 0.00649078 0.00073064497 0.0014712292 0.0037853166 0.00013200805 1.2816633e-07 0.0101134 0.0063835806 0.001318763 0.0014038681 0.0051732603 2.0508562e-05 6.538478e-08 0.004483985 0.00045931278 3.314582e-08 0.002533699 0.00050108525 1.9789736e-07 0.005981737 2.1158483e-05 0.00013992941 0.001273603 0.0012790565 0.013643405 0.0010947746 0.0005529515 4.4252418e-05 0.0017857539 1.8038052e-05 0.0003363665 0.011804648
0.060531832 0.021364527 0.08915271 0.0053013093 0.00012677196 0.01395385 0.28889218 0.35730037 0.029488081 0.119152024 0.004625578 4.3024247e-06 0.014872685 0.4660861 0.3524591 2.2442102e-07 0.00052081613 3.2104396e-07 0.00014848619 1.7190285e-08 0.0021208252 3.4342182e-19 0.00023599727 0.6278314 0.013463105 3.8525343e-09 0.83171827 7.09129e-07 0.67291063 1.7986691e-05 0.0025894807 0.0008071421 1.8971738e-08 9.967189e-05 1.7846869e-05 0.7715534 0.09273451 2.1310205e-08 5.5116136e-08 2.1027338e-06 0.5607429 5.7355976e-07 0.5351356 0.20552222 0.00027007572 0.30759135 1.0777886e-07 0.003658184 0.05672813 6.806438e-05 0.010083103 0.017310701 0.0006990261 2.0045204e-06 3.2872796e-10 1.4264845e-06 1.4470724e-05 7.362385e-07 0.00016528773 0.011825285 0.12853019 4.5819055e-05 3.8484864e-06 0.026472813 0.043822587 0.0005669514 3.9246864e-08 0.0010350049 0.13185056 0.0015420812 0.00033599188 3.163451e-06 0.010033496 1.0452345e-05 3.0166624e-05 0.0056566014 0.0038157965 1.9077468e-05 0.0221613 5.368082e-07 1.6421191e-10 4.9354805e-09 0.0024889344 0.014387432 2.1474456e-10 0.06810521 0.017964944 6.718721e-11 0.0006268956 0.0050110603 6.14389e-08 1.5330127e-07 3.069734e-05 0.008475145 0.00045187134 0.00032271002 0.0003507042 0.0020718926 0.0036028607 2.5240444e-05 0.00020982425
0.10639712 0.0020654625 0.1635686 0.049029622 7.053944e-05 0.18470907 0.105634846 0.091101855 4.2899264e-05 0.00011428909 0.008459648 0.00620497 0.004053626 0.56776965 0.018247418 0.0007972843 0.0018359944 0.0012296004 0.38762635 0.0116234515 0.00090986537 0.00023599727 8.0149593e-16 0.058980986 0.9028192 0.00023844441 0.13710423 0.5378007 0.29204902 0.7705748 0.000102930404 3.156812e-06 0.004478388 2.3462412e-06 0.67729247 0.052547064 1.0947832e-05 0.0009465213 0.0032877098 3.579397e-05 0.025658438 0.0006359676 0.016135532 0.040441353 3.3683227e-05 0.03189087 0.01702957 9.131154e-07 7.103024e-06 1.5325304e-07 0.0001913026 0.0009214703 1.4331066e-05 1.8396819e-05 0.20821759 0.0019289791 1.388092e-08 0.0010056237 2.033535e-06 4.7651323e-05 0.0034168942 2.7890016e-07 9.955092e-06 0.0034920955 5.0162043e-06 0.000999989 1.5536816e-05 5.473953e-07 0.0030267038 2.6369058e-08 2.1473096e-07 1.732168e-07 1.866631e-09 8.6783265e-09 0.00017266274 2.6129626e-07 9.732585e-09 6.4532365e-08 2.3556092e-07 2.5374866e-06 8.810272e-08 0.002679038 2.998812e-09 0.0012329817 0.00048182276 0.0038373072 0.0008449889 0.0009854737 4.3704606e-08 0.0012970187 1.8798707e-07 1.1799194e-06 3.08257e-06 0.00082890573 1.0509203e-06 2.9398848e-07 3.6692666e-07 8.960467e-06 0.00028508354 1.6847679e-07 4.5098652e-08
0.97251433 0.35308176 0.37364998 0.30289492 0.095626324 0.26428008 0.4925714 0.516804 0.26275373 0.31523994 0.1819572 0.040119536 0.22635685 0.3349887 0.770199 0.016261628 0.055166576 0.025299007 0.09391734 0.02767798 0.08307366 0.6278314 0.058980986 1.317074e-13 0.054440666 0.006717858 0.57838124 0.02172957 0.23469138 0.03564702 0.061547562 0.01050692 0.006782997 0.0071828635 0.0029836167 0.42245314 0.06054066 0.0032202785 0.00381197 2.1514195e-05 0.015899371 0.011837449 0.05386185 0.59069383 0.0040072505 0.5509247 0.0010579863 0.016464537 0.049710788 0.00069910346 0.12389386 0.24018934 0.0011769912 0.00021621183 1.3474454e-05 1.6428962e-06 0.000980913 2.682163e-06 5.093777e-05 0.07356338 0.30023482 8.941558e-06 7.893054e-05 0.008989989 0.012289972 0.00011824428 0.0004990443 0.005021719 0.26763168 0.0003730949 0.0019871069 0.0007585368 0.00115813 1.8265434e-06 3.3255535e-06 0.0051251994 0.003116057 0.00038599636 0.010109514 9.714235e-05 1.6229704e-05 1.7821357e-07 0.0017351948 0.01676548 1.0595703e-07 0.21808934 0.017902715 3.1724045e-07 0.0005075683 0.0047069793 2.7145663e-06 6.67698e-05 0.00067381683 0.16362113 0.0039699445 0.0013477565 0.0013633118 0.008459128 0.0052089067 0.0009855545 0.0007202213
0.24280319 0.002158824 0.16284256 0.019505288 0.00013335272 0.23732166 0.04609341 0.22405893 9.066025e-05 0.00026162755 0.002033517 0.00432539 0.0012289633 0.72988933 0.0027692881 0.00043109394 0.0006894175 0.0012723779 0.15108226 0.0055259774 0.0003590348 0.013463105 0.9028192 0.054440666 3.4868275e-16 0.00012857861 0.2305072 0.25294283 0.6374363 0.6431178 7.5674456e-05 3.6771012e-06 0.0023579672 2.156879e-06 0.46201748 0.10023476 1.2297575e-05 0.0005765866 0.0017327409 2.5398049e-05 0.103543065 0.00080557726 0.042621125 0.04436367 8.644441e-06 0.033467736 0.0021523752 7.662089e-07 1.2998121e-05 1.909855e-07 7.7815035e-05 0.00020659114 6.593038e-07 5.6080275e-06 0.17199731 0.011365407 6.737438e-09 0.0054924204 1.1611893e-07 1.178875e-05 0.005913192 9.730171e-09 1.2775259e-06 0.012486923 2.2685074e-06 0.0035006315 2.1206924e-05 9.248248e-07 0.0041784253 2.3088096e-09 2.6542375e-07 5.917352e-08 2.3130269e-10 8.333406e-10 0.0007216676 3.3560532e-08 1.7969679e-09 1.33787195e-08 1.5622129e-07 2.12188e-05 1.02948645e-08 0.0014263736 3.7610065e-10 0.0037089982 0.0004618153 0.011878907 0.0052604005 0.0022587802 2.5805265e-09 0.0028095804 9.353476e-08 1.3351616e-05 1.8325561e-06 0.00084915484 2.4128408e-06 7.322328e-08 1.617714e-06 2.4008214e-05 0.0018644894 1.8566862e-08 1.4533296e-08
0.12148566 0.01528822 0.016876673 0.15698934 0.014595671 0.0011687215 0.027670829 6.786383e-07 1.2161076e-05 0.00088966766 0.07399043 0.16633299 0.047285363 0.0019009828 0.013501762 0.30762604 0.2356963 0.69316286 9.308445e-05 0.12818734 0.08455032 3.8525343e-09 0.00023844441 0.006717858 0.00012857861 7.214053e-14 0.0017780802 0.00041851806 0.00072051404 0.00041404003 0.049147155 1.5743012e-06 0.022483435 0.0015086449 3.875908e-06 0.00020807807 5.741695e-05 0.061480206 0.0067402637 0.88228065 0.00014331032 0.6236026 4.3011303e-05 0.0017671639 0.013194134 0.0005827863 0.00075039093 1.1129036e-06 1.8948433e-06 1.6073919e-06 0.004791634 0.0055451244 0.0036923087 0.0055550253 1.8493674e-07 4.6603224e-09 3.943861e-07 4.347844e-09 0.00023605356 0.0009070812 5.3601434e-05 9.780019e-05 0.0027334043 3.2291e-05 1.7047705e-05 7.8280823e-07 0.0097322995 1.6035e-06 4.8254882e-05 6.0044553e-05 1.2129552e-06 5.800753e-06 1.2031533e-06 4.233083e-05 5.571724e-08 5.3281317e-05 2.4737396e-06 6.864327e-06 4.041613e-07 0.03927481 0.015536071 6.499779e-09 4.066987e-06 8.969076e-06 4.1989185e-09 1.7844437e-05 5.1537054e-06 1.0639948e-08 0.00010528545 2.15084e-06 2.584661e-06 0.0004371785 2.9302613e-05 0.00013929496 4.593498e-06 1.5179354e-05 3.4870997e-09 1.9925358e-06 1.0729071e-07 6.4896617e-06 0.0011045269
0.9535684 0.18834968 0.32389647 0.24504499 0.037847307 0.29535964 0.27967554 0.591484 0.05157641 0.061693832 0.029953308 0.03429856 0.055569157 0.49995214 0.24119723 0.0064140037 0.0156159215 0.008761855 0.16251187 0.027896442 0.006531813 0.83171827 0.13710423 0.57838124 0.2305072 0.0017780802 7.426636e-16 0.03651099 0.6250725 0.073705755 0.0019893507 0.0021825742 0.0060331756 0.0014359158 0.030241989 0.75634086 0.01135486 0.0017775708 0.00238647 5.1796258e-05 0.31722102 0.011506648 0.38667396 0.3967034 0.00013328431 0.34399655 0.0012507422 0.002355303 0.017439293 5.8131503e-05 0.0040964037 0.017094942 3.5827103e-05 0.00012331804 0.0016683633 9.856847e-05 3.7174508e-05 6.294308e-05 1.1857468e-06 0.004972332 0.1855837 1.5868127e-07 1.7058162e-05 0.061125357 0.002520498 0.0013993507 0.00054872036 0.0006381112 0.09041614 1.6558953e-06 0.000152621 2.4081663e-05 3.1652285e-06 4.1176985e-08 6.50497e-05 0.000100466175 3.2733948e-05 4.300923e-06 0.00093862665 0.001143495 9.2966627e-07 2.0847929e-06 8.996428e-06 0.015231871 4.0896285e-07 0.09178642 0.01424419 5.6389667e-06 1.6264976e-06 0.0063386015 9.170189e-07 8.752834e-05 1.5259517e-05 0.030649258 0.00021664238 3.620582e-05 0.0005591615 0.00065907155 0.005121782 4.8955786e-05 2.1387283e-05
0.015429287 0.0039039261 0.19394392 0.03621222 4.3384298e-05 0.088284455 0.09887767 0.015419624 5.194263e-05 0.0013548913 0.015312195 0.013051366 0.0082504675 0.27480632 0.017776582 0.0019516774 0.0029938146 0.0018157765 0.8887157 0.10533146 0.003899751 7.09129e-07 0.5378007 0.02172957 0.25294283 0.00041851806 0.03651099 5.1419066e-16 0.066531494 0.48794925 0.0010124396 1.6274674e-06 0.013534502 6.154111e-06 0.6535746 0.014221963 1.769966e-05 0.0035305342 0.021563295 9.907324e-05 0.0104134735 0.00046405455 0.0049680965 0.0099851135 0.00038232634 0.007075302 0.19384341 5.465174e-07 1.9862218e-06 1.6383143e-07 0.00016090671 0.00044452556 0.00037198342 3.1573858e-05 0.387563 0.00028057085 3.121022e-08 0.00023159519 1.0153625e-05 7.921612e-05 0.0013465842 1.2296431e-06 1.710436e-05 0.00032468696 2.1916088e-05 8.630804e-05 5.6465547e-06 4.644833e-07 0.00061278074 7.7042976e-08 1.0349938e-07 3.1354148e-07 1.55415e-07 3.5052732e-08 3.0915333e-05 2.1408248e-06 1.7559726e-07 1.01495786e-07 9.59209e-07 9.898771e-06 1.1012084e-05 0.011577491 6.417861e-08 7.3727984e-05 0.00064740295 0.00018188136 7.5394244e-05 0.00026418472 2.7849413e-08 7.9255566e-05 1.784937e-07 1.8008899e-07 1.4383459e-06 0.0007341331 6.5142325e-07 2.7531618e-07 4.512653e-08 1.3293951e-06 6.3740413e-06 1.4241226e-07 1.1646913e-08
0.9267806 0.030230528 0.20557906 0.023484716 0.002782003 0.39360115 0.039563827 0.6825709 0.00760118 0.021876587 0.002481471 0.0034192984 0.0027256745 0.7292921 0.029436992 0.0010596043 0.0014907786 0.0011288716 0.09531641 0.0046134056 0.0007977436 0.67291063 0.29204902 0.23469138 0.6374363 0.00072051404 0.6250725 0.066531494 3.9120478e-12 0.15454009 0.0001658954 8.840408e-05 0.0010065179 1.8465496e-05 0.068318255 0.5314559 0.0016626143 0.0012528959 0.0014184922 9.758814e-05 0.66904503 0.0036243757 0.4032191 0.22220957 2.3833265e-05 0.19054513 0.0024635622 0.00028198157 0.0041538673 1.0543832e-05 0.00031366252 0.0012087377 1.3829845e-05 5.422453e-05 0.019837655 0.023580072 5.605576e-07 0.005129941 4.405905e-07 0.00027612672 0.09358343 3.4184353e-08 1.6110576e-05 0.21475486 0.00017802358 0.13408166 0.00032784263 9.7829485e-05 0.06294592 1.5371434e-08 8.956383e-06 5.266815e-07 1.7169771e-08 8.6214405e-09 0.0144380275 7.7649116e-07 2.4556326e-07 5.527571e-07 5.6257828e-05 0.0015754817 8.9674967e-07 6.54658e-05 9.9830224e-08 0.06438764 2.6849668e-05 0.13608564 0.07826665 0.0015680584 9.344524e-08 0.04485839 4.4769996e-07 0.000772875 5.0014582e-06 0.012356221 3.5089604e-05 1.6435437e-06 9.994878e-05 0.00011704391 0.011006769 4.4465673e-07 2.5990502e-07
0.04316905 0.0016994956 0.10422022 0.046642072 2.0814625e-05 0.120339334 0.06546028 0.04294873 3.6645113e-05 0.00014132094 0.008069321 0.007402139 0.0038663228 0.31893048 0.012660843 0.0008375344 0.0034250196 0.0018342636 0.3952394 0.017219806 0.0020718304 1.7986691e-05 0.7705748 0.03564702 0.6431178 0.00041404003 0.073705755 0.48794925 0.15454009 1.8381023e-16 0.00029257897 2.3013545e-06 0.0075664 3.3555189e-06 0.8227873 0.027101977 1.3323124e-05 0.0022713921 0.0076641915 1.4250194e-05 0.019145167 0.0005099469 0.011638665 0.013182726 5.0425584e-05 0.011311234 0.034613863 7.257573e-07 3.4161737e-06 1.5384582e-07 0.00013298263 0.00042643817 3.759539e-05 5.4279008e-05 0.44124404 0.004054541 5.586065e-09 0.0023958972 1.6882991e-06 3.5326797e-05 0.0018300116 4.5797694e-07 3.4171626e-05 0.0018454721 2.1331498e-06 0.0008947163 1.2412407e-05 1.980046e-07 0.0015241933 2.0077438e-08 1.0727837e-08 6.695219e-08 2.4380078e-09 2.6582665e-08 0.00034212144 2.1976217e-07 6.8479764e-09 3.314203e-08 7.071426e-08 1.9773918e-06 7.564541e-08 0.0096087735 4.2041757e-09 0.0005660468 0.0023631472 0.0008247521 0.00052998355 0.003817906 1.1940793e-08 0.00082248414 1.5602521e-07 6.7286544e-07 9.893963e-07 0.00036962295 2.84183e-07 1.8144607e-07 6.318385e-08 1.6314393e-06 0.00024394467 1.0630704e-07 3.3841607e-09
0.95435834 0.2709143 0.023446057 0.21882246 0.08496448 0.0148905385 0.034103207 0.009414264 0.10616317 0.46321553 0.48559707 0.02460874 0.56313527 0.00044687313 0.2504379 0.019147856 0.7183728 0.043538902 0.0021842173 0.015569109 0.8530758 0.0025894807 0.000102930404 0.061547562 7.5674456e-05 0.049147155 0.0019893507 0.0010124396 0.0001658954 0.00029257897 2.9616136e-17 0.38711184 0.0032089106 0.79726714 2.0034091e-05 0.00017172066 0.0802061 0.0019245067 0.00083781447 0.009719193 4.0217543e-05 0.40890965 1.6257974e-05 0.052712124 0.5618901 0.098474145 6.7454115e-05 0.0013477507 0.0031788994 0.054890312 0.5598025 0.34738293 0.13878353 0.049505018 6.4372028e-09 5.7770992e-09 0.011261275 6.5430026e-09 0.014853392 0.1689907 0.0279449 0.014918773 0.0119299255 1.5563837e-05 0.012865252 4.065397e-08 0.009356244 0.00052539306 0.0036355983 0.030801242 0.0016412279 0.0021446093 0.019870462 0.0002788301 3.9346455e-09 0.02850024 0.018536411 0.002430133 0.0026091859 0.0031136984 4.514969e-06 1.20397505e-08 0.012532903 0.000110759276 5.112499e-09 0.0036096517 0.00011015525 6.9845196e-09 0.021944916 1.7813634e-06 0.0002590112 0.0022782541 0.0017894838 0.026176242 0.0015520098 0.00093668 2.1247637e-05 0.0019371893 3.5900928e-06 0.00067130185 0.024520487
