3.1969842e-16 0.923969 0.4757076 0.8031119 0.98977065 0.97715205 0.9090087 0.8648508 0.80297947 0.95955545 0.96574914 0.6760227 0.46302834 0.9587406 0.88400596 0.33842036 0.18634085 0.9862104 0.5933797 0.31764683 0.99272037 0.9196518 0.9808454 0.20985284 0.94454795 0.9589276 0.99613845 0.97717947 0.9937069 0.9999108 0.9848054 0.9077982 0.10550363 0.99971706 0.9256727 0.99755746 0.14117204 0.07654039 0.99681777 0.99739134 0.9918467 0.9484359 0.115678035 0.95067 0.044262744 0.87074274 0.024923412 0.910627 0.9993359 0.019941919 0.9896772 0.00587502 0.975844 0.9995254 0.26755768 0.9778253 0.99998397 0.9774207 0.97401744 0.9720903 0.008870246 0.78156286 0.9779057 0.48530933 0.9969997 0.9989227 0.97635996 0.95293194 0.49220324 0.013172315 0.98452896 0.48538896 0.98326415 0.9991353 0.84007466 0.00039434666 0.98205656 0.9999974 0.0041628894 0.97329 0.083656974 0.03655837 0.30860662 0.98060745 0.9442004 0.99050766 0.99988943 0.88446045 0.77915597 0.85732764 0.95581704 0.0023646643 0.2948752 0.9653896 0.025503999 0.9822813 0.14731719 0.990298 0.9989461 0.088735744 0.009560397
0.923969 2.799898e-15 0.9345886 0.8392868 0.7710844 0.7481323 0.90369403 0.4944526 0.6364066 0.19025153 0.075422004 0.39994726 0.33301285 0.36060354 0.082497254 0.07306525 0.06396625 0.095864825 0.18638276 0.00040009798 0.13985868 0.03645164 0.010303647 0.0594684 0.040802244 0.025378983 0.002751805 0.025395954 0.0024136154 0.07162866 0.011444993 0.00089007296 0.009057073 0.038957894 0.0005372969 0.0016326878 0.009134931 0.0039267046 0.00021057298 0.00019047939 0.0070898775 0.0023244286 0.00012446719 0.001784044 0.00022271973 0.000107480126 0.001327198 1.6396461e-05 0.002216112 0.0006580896 0.0017782837 0.00079427176 0.00082985766 0.00439167 1.4017327e-06 0.0018268328 0.015988613 0.00064825185 0.00058682304 0.00047179722 0.0012280003 2.961828e-06 0.00020096329 1.3876045e-05 0.000832161 0.0016329376 9.587464e-05 1.796532e-06 6.7552995e-05 0.00011067047 0.00013668339 0.00014721084 2.9038143e-05 0.00025326083 4.661754e-05 1.4977333e-05 8.9290275e-05 0.0065662195 0.00012819062 2.1788648e-05 1.5773481e-05 1.3151276e-05 1.1633581e-06 8.996866e-06 4.4742854e-05 3.0987766e-07 0.0016079595 1.441241e-05 1.5852833e-09 0.00013355787 8.2507664e-05 2.415759e-07 0.0004331637 2.4445455e-05 1.8435627e-06 9.400721e-06 3.568511e-05 6.22979e-06 0.0006300914 2.7493375e-06 1.2796805e-06
0.4757076 0.9345886 3.9843006e-16 0.6126072 0.9001055 0.3622152 0.7808149 0.58130676 0.32926628 0.40352887 0.3427213 0.07295032 0.03777376 0.10132759 0.07408498 0.00336371 0.0025844 0.009154633 0.00022826678 2.7600138e-06 0.04029749 0.00021198484 0.00013827953 2.2117043e-05 0.0057489662 0.0033892335 0.041094754 0.010622355 0.014055608 0.15668747 6.0658207e-05 0.0048205536 1.4117044e-06 0.12430257 0.0038260957 0.010690384 1.15971744e-07 1.1758434e-07 0.0046770866 2.9658773e-05 0.00023928155 8.9452635e-07 9.581659e-09 1.1289243e-06 1.6352292e-08 6.0748253e-06 2.888357e-06 0.00027714059 0.01741154 6.154772e-07 6.7670053e-06 8.463376e-07 3.2622722e-07 0.00047104215 1.7973332e-05 4.375977e-07 0.028410953 3.2386463e-08 6.41031e-07 4.2593922e-07 1.3543726e-07 9.199288e-05 4.777926e-08 1.2434118e-08 0.002188765 1.2426218e-05 2.6135947e-06 8.375176e-05 1.5146059e-06 1.098728e-06 5.848937e-08 2.9240432e-08 7.3692337e-07 0.0006416356 1.6982755e-08 1.12735194e-07 1.7581116e-06 0.007951126 1.5778309e-07 1.1753955e-06 3.9804434e-08 3.0277846e-07 1.7351928e-08 1.2992066e-06 1.24135955e-08 0.00010226526 0.00017367113 2.6612494e-08 1.09931655e-07 3.967346e-08 1.0501117e-08 3.2470208e-08 2.260837e-05 3.047427e-08 7.314791e-08 3.0325992e-07 2.6877398e-08 2.1737158e-07 6.962129e-05 7.641908e-08 8.498911e-08
0.8031119 0.8392868 0.6126072 8.122422e-13 0.5419296 0.94319594 0.8634599 0.16072871 0.56289035 0.04114659 0.013161447 0.26106176 0.31655338 0.04597228 0.027621452 0.19287415 0.14799142 0.09883522 0.078455165 7.061065e-05 0.096151635 0.07874524 0.018065926 0.07813487 0.029495802 0.018423716 0.0001490122 0.0004268125 0.0001444631 0.04591486 0.008265187 5.6079257e-06 0.008568794 0.019246604 4.093306e-06 0.00012428914 0.0027968325 0.002294303 7.1076724e-06 7.00812e-05 0.0055900794 0.0014939695 0.00023079218 0.0013156709 0.00023312196 8.408697e-06 0.0016112858 2.25005e-07 0.00014147573 0.0005017286 0.0014887563 0.0008146473 0.00039176547 0.00174549 2.7057683e-06 0.0021792757 0.0023685598 0.0005818911 0.00033589927 0.00026087812 0.00096366066 2.3780704e-07 0.00022457617 3.097483e-05 5.5511748e-05 0.0006657876 0.00013895545 6.451686e-08 5.073843e-06 0.00067915994 0.00013484205 0.0005145796 7.121714e-05 3.100947e-05 0.00013814891 1.70788e-05 5.3159805e-05 0.0012609679 0.0011809428 3.7959515e-05 3.5720997e-05 5.46544e-05 8.554744e-06 2.7877386e-05 3.1730884e-05 5.231695e-08 0.0016577473 4.8425733e-05 4.4456785e-10 6.210881e-05 8.9278445e-05 1.1948655e-06 6.383193e-05 2.7398166e-05 5.4695406e-06 8.607849e-06 0.00013607353 8.181349e-06 0.0012314817 3.102355e-05 7.912056e-06
0.98977065 0.7710844 0.9001055 0.5419296 1.5353578e-13 0.5496898 0.70284426 0.86232877 0.56267875 0.6163222 0.43339142 0.5606747 0.35286137 0.7510085 0.17735668 0.119933546 0.09798531 0.17515919 0.45153242 0.03596643 0.3422906 0.057482425 0.019151364 0.15393297 0.043048643 0.03510364 0.05301211 0.21842569 0.028167754 0.37470165 0.0033449803 0.0113235 0.049224645 0.15818387 0.002321912 0.010336037 0.033745974 0.022683067 0.0019415106 0.0039983597 0.010427451 0.0013794893 0.00024176181 0.000765325 0.00035934825 0.0061542415 0.007944184 0.001655376 0.02595875 0.0053078304 0.0011001221 0.00282601 8.998492e-05 0.014423776 0.0002046869 0.00022877741 0.22847651 0.00019081665 0.00011355229 8.648996e-05 0.0039029357 0.00027146158 0.00010639199 1.6979542e-05 0.0066864463 0.0018570609 0.0004210418 3.6368016e-05 0.0010918467 0.00017735372 8.908933e-06 3.974115e-05 0.00063037756 0.011252763 1.014505e-05 7.2296198e-06 0.00033047097 0.058201555 3.8039205e-05 0.0011170609 4.3631276e-06 5.2507444e-06 2.2851596e-06 0.00015819514 1.3326307e-06 0.00024523973 0.006341824 3.7815578e-06 3.782308e-06 6.2351573e-06 1.3855046e-05 2.965758e-07 0.0010822011 4.741522e-06 1.414134e-06 2.8424643e-05 5.146407e-06 2.1135309e-05 0.0038091247 7.812641e-06 1.4806039e-06
0.97715205 0.7481323 0.3622152 0.94319594 0.5496898 1.5665674e-15 0.7635296 0.03994646 0.532403 0.039176613 0.010444967 0.226295 0.29278547 0.018508498 0.009464086 0.57157826 0.30178478 0.5953294 0.14027289 7.0487217e-06 0.26834002 0.6233281 0.2672011 0.33147958 0.142082 0.06419654 2.7693251e-05 1.7491351e-05 2.5264191e-05 0.12353805 0.0336542 2.856429e-07 0.028087402 0.03358533 1.5180743e-07 2.4951407e-05 0.0051572113 0.0060867197 6.22246e-07 0.00016489727 0.03213982 0.016527947 0.0025424527 0.010918499 0.00253024 3.3915563e-07 0.0032661385 3.275479e-08 6.056884e-05 0.002488066 0.013857902 0.0008750186 0.004446861 0.016493408 1.4335905e-07 0.00483245 0.0010562891 0.0042118356 0.0027403957 0.0016620634 0.00041206865 1.4580746e-08 0.0019910259 0.00011785114 1.8465302e-05 0.007653392 0.00046905514 2.2344142e-09 3.7221312e-08 0.006612622 0.000122050464 0.0020738647 0.0003542781 4.6446425e-05 0.0003226408 3.8834245e-05 9.991143e-05 0.0007495491 0.01298928 0.00017134899 8.048662e-05 8.8926136e-05 2.7780621e-05 7.413523e-05 7.6997996e-05 2.1157925e-08 0.013197595 0.00013461706 4.4096946e-10 0.00013187654 0.0003372617 2.0589348e-06 3.6568151e-06 0.00014267566 3.6846854e-05 0.00018910541 5.4069405e-05 0.0001202885 0.01201437 4.1602954e-05 6.8432996e-06
0.9090087 0.90369403 0.7808149 0.8634599 0.70284426 0.7635296 1.0609751e-12 0.33358392 0.8745965 0.11550303 0.032818604 0.678866 0.7065956 0.3594507 0.0033319062 0.23115125 0.29504254 0.07800657 0.37998712 5.5987217e-05 0.0492725 0.039341245 0.011558691 0.19331947 0.011689081 0.0062590446 0.00040354088 0.0053734146 0.00025389466 0.03342018 0.003840175 2.9948627e-05 0.06437412 0.017496891 2.5379743e-05 0.0003573197 0.031699825 0.015418689 3.2725457e-05 2.2350176e-05 0.0010640839 0.0012876422 0.00018792911 0.0011210442 0.00016336706 1.3068136e-05 0.005213693 1.1978684e-06 0.00034001406 0.004939128 0.00027163792 0.0016539242 0.0005263715 0.00013632605 1.7759997e-06 0.0004268986 0.0021600244 0.00034152245 9.733366e-05 0.00012262272 0.0018374851 1.3042431e-06 0.0003011174 1.0357779e-05 9.976175e-05 4.7493082e-05 7.301407e-05 5.0394766e-07 3.759801e-05 0.00075020024 8.622873e-05 0.00016300693 1.4308818e-05 0.0001020083 5.5905e-05 3.571756e-05 1.9775738e-05 0.0013605679 0.00456617 6.8986105e-06 3.3822962e-05 4.0268744e-05 4.5119996e-06 1.0559913e-05 1.52287685e-05 1.902527e-07 0.0005620249 1.4896209e-05 1.6784826e-09 5.053766e-05 7.553453e-06 7.5356206e-07 0.0015872851 4.6929028e-07 6.808077e-06 1.4852407e-07 4.6431676e-05 1.2983378e-07 0.00012932361 1.665559e-05 4.427144e-06
0.8648508 0.4944526 0.58130676 0.16072871 0.86232877 0.03994646 0.33358392 8.0068264e-17 0.10587821 0.9454026 0.9522106 0.098238595 0.039975993 0.7130877 0.33240065 0.0031329566 0.002230192 0.016046843 0.008690102 0.0057809055 0.062290587 0.00054050406 0.00043814248 6.975128e-05 0.01360474 0.012890004 0.4044443 0.5218342 0.28611353 0.09080371 0.0005715463 0.21778043 7.3149513e-06 0.07169957 0.14347537 0.1546659 1.7953545e-05 1.6566955e-05 0.12694891 0.0003677277 0.0011203613 2.004164e-05 3.370948e-07 2.8521257e-05 4.0810144e-07 0.010006897 4.1265142e-05 0.03386818 0.12322674 1.1421522e-06 5.2217685e-05 1.6869044e-05 7.3673477e-06 0.0037345574 0.0024144258 1.4830454e-05 0.16496411 8.99506e-07 1.627726e-05 1.6486338e-05 1.5523731e-06 0.009204888 1.1078155e-06 3.183562e-08 0.026394743 0.00013581528 4.7187596e-06 0.0046572313 8.691737e-05 6.4589626e-06 2.3839482e-06 7.298169e-07 1.0193486e-06 0.040965524 1.9972426e-06 1.312714e-07 2.6299254e-05 0.038869116 9.795555e-08 1.737126e-05 6.3051516e-07 7.878156e-07 1.0742457e-08 2.6074952e-06 1.424698e-06 0.0042566173 0.0007967587 2.629228e-07 6.568569e-05 2.3738862e-06 1.18172736e-07 1.6305075e-08 0.00025390313 7.844067e-07 8.4739845e-08 1.37787265e-05 3.5717144e-07 1.2362802e-05 0.0005598445 6.3515046e-08 1.0422085e-07
0.80297947 0.6364066 0.32926628 0.56289035 0.56267875 0.532403 0.8745965 0.10587821 3.2261712e-13 0.07649538 0.013743937 0.87599814 0.9348933 0.42569187 0.00042446345 0.15605296 0.27958277 0.030461853 0.58064646 5.2800447e-06 0.025859462 0.023867585 0.0055794483 0.13935255 0.004302718 0.0026622715 0.00011458967 0.0023675244 0.00014426527 0.018494898 0.0017360796 1.4074628e-05 0.09939955 0.006907486 1.2864809e-05 0.00013928795 0.04425787 0.024928024 1.8174256e-05 2.9122295e-06 0.0009425534 0.0005652759 3.2974578e-05 0.00046294412 3.123215e-05 3.1535562e-06 0.010084199 7.4495966e-07 0.00029822212 0.007652415 0.00032606625 0.0022505075 0.00018403304 2.9475405e-05 1.1266022e-06 0.00044402623 0.0014804734 0.00011962749 6.49229e-05 7.926947e-05 0.0027152307 9.734052e-07 5.060928e-05 4.239468e-06 0.00013248781 3.9196577e-05 3.0282932e-05 2.9038304e-07 3.1833635e-05 0.0003999801 2.4250246e-05 8.0664744e-05 4.8081406e-06 6.153657e-05 1.9861054e-05 3.4417804e-05 3.6449283e-06 0.0013140921 0.009349759 2.2374927e-06 9.500835e-06 2.6424983e-05 9.21842e-06 5.647357e-06 4.0346604e-06 3.5401428e-07 0.0008012544 4.5597512e-06 9.637833e-10 2.3968225e-05 5.6907866e-06 1.907999e-06 0.00090582384 4.5989748e-07 1.035223e-05 2.3726156e-07 6.4636864e-05 1.0251156e-07 0.00021612277 4.720197e-05 6.1399073e-06
0.95955545 0.19025153 0.40352887 0.04114659 0.6163222 0.039176613 0.11550303 0.9454026 0.07649538 2.2979521e-14 0.97162235 0.18018755 0.042060155 0.8317726 0.10759052 0.005041198 0.0043310695 0.0026676762 0.14667045 0.098417066 0.08944802 0.0016030292 0.00023762354 0.0060900617 0.0013544755 0.0017881881 0.1483669 0.5336036 0.12723193 0.09520065 0.00015338794 0.07927214 0.0045218254 0.06468722 0.036071025 0.060644455 0.027052488 0.0065298853 0.009949175 0.0025070647 0.00024973584 1.8568076e-05 1.6212338e-06 8.855449e-06 2.9795488e-06 0.028397651 0.0019620152 0.0042787236 0.03838296 0.00023607607 3.6660458e-05 0.000306445 3.6340106e-07 0.0043956945 0.0013668423 3.5307126e-05 0.21887912 7.0137963e-07 2.6834218e-06 1.2437854e-06 0.0006617458 0.0009946702 5.5025987e-07 7.9155325e-07 0.0062405383 0.000324431 0.0003401332 9.842062e-05 0.014759082 4.631704e-07 2.2424175e-07 9.920816e-07 0.00030797377 0.04090761 1.6255021e-06 1.6108493e-06 7.337557e-05 0.071189985 2.6793355e-06 0.0008477663 1.291952e-07 2.9225194e-07 4.5818465e-06 9.971648e-05 5.3986522e-08 0.00039856305 0.0015106584 6.2752775e-07 6.546224e-05 6.032263e-07 5.1883976e-08 7.618898e-08 0.003695594 6.601131e-08 2.1254918e-08 9.796084e-07 1.0289272e-06 1.351666e-06 0.0008641924 1.0623078e-06 5.1424376e-08
0.96574914 0.075422004 0.3427213 0.013161447 0.43339142 0.010444967 0.032818604 0.9522106 0.013743937 0.97162235 8.51992e-14 0.03282136 0.008888998 0.5965905 0.113474324 0.0021878427 0.0016138849 0.0012359496 0.027496047 0.13021104 0.08891748 0.00030323493 0.00010715528 0.0010528429 0.0007962554 0.0008318751 0.33342513 0.68711096 0.31368494 0.14475085 2.117871e-05 0.2699442 0.0017111948 0.08834659 0.10207214 0.15627065 0.009222685 0.0023383503 0.056809753 0.0034074394 0.00025758444 3.3272822e-06 4.1704604e-07 2.3960192e-06 8.7631906e-07 0.063453406 0.0011759641 0.03563525 0.12282691 0.000108335706 3.899706e-05 0.00021644846 2.1461283e-07 0.0043464266 0.0051193284 3.5301404e-05 0.45413405 1.6412122e-07 1.9855097e-06 6.0968483e-07 7.0778726e-05 0.008811374 5.890026e-07 3.4217473e-07 0.031626627 0.00029642895 0.0001848559 0.0010669922 0.023858733 8.4496776e-08 5.980473e-08 5.820694e-07 0.00014210005 0.11257773 6.8450254e-07 4.3033458e-07 0.00018222582 0.13453642 3.498522e-07 0.0014719941 9.994587e-08 1.15266076e-07 5.5222387e-07 7.6554206e-05 4.2499234e-08 0.0036551172 0.00073075824 1.9145014e-07 0.0005735546 2.1248505e-07 6.544828e-08 1.2817959e-08 0.003329335 7.432477e-08 4.8788364e-09 1.1154783e-06 5.691647e-07 1.170024e-06 0.0005219441 1.8295411e-07 2.2477604e-08
0.6760227 0.39994726 0.07295032 0.26106176 0.5606747 0.226295 0.678866 0.098238595 0.87599814 0.18018755 0.03282136 4.6899084e-13 0.88861835 0.8621976 0.00012166881 0.0129042715 0.02727989 0.005598778 0.95854414 6.2753465e-06 0.011135264 0.0041107857 0.0008872111 0.014518401 0.0012970162 0.00081948773 0.00056497706 0.04455016 0.00032709684 0.0045258813 0.00030158187 0.00019768489 0.040221564 0.002631407 5.5890978e-05 0.0001620642 0.10695238 0.045429286 3.7291225e-05 1.003106e-06 7.124037e-05 7.5564116e-05 2.0588996e-06 3.6381443e-05 3.0650988e-06 6.725011e-05 0.008661362 3.953147e-05 0.0005790625 0.0009927308 2.8519244e-05 0.0018576091 3.9587703e-06 2.8440707e-06 1.9856006e-06 6.7982764e-05 0.0023963267 1.1294881e-05 2.5674344e-06 4.2943043e-06 0.0039139017 1.8980021e-05 2.2956312e-06 1.7956892e-06 0.00017230284 3.1417292e-06 5.6644935e-06 2.245012e-06 0.000418472 3.4406792e-06 1.3349177e-06 1.9143602e-06 9.1744056e-07 0.0002466329 1.5321219e-06 8.846839e-06 1.2318943e-06 0.0014670562 0.00026467268 6.4756125e-07 9.436492e-07 4.4202334e-06 3.665446e-06 1.3812031e-06 9.037115e-07 5.422832e-06 0.000188044 1.4656255e-06 8.085824e-08 2.0549958e-06 1.6911228e-07 1.2135628e-06 0.0033337604 1.8807484e-08 5.88783e-07 1.9657248e-08 6.7910037e-06 5.994162e-09 2.451042e-05 4.0277537e-05 3.2746482e-06
0.46302834 0.33301285 0.03777376 0.31655338 0.35286137 0.29278547 0.7065956 0.039975993 0.9348933 0.042060155 0.008888998 0.88861835 1.0677247e-13 0.41649124 5.620152e-05 0.39995396 0.6150403 0.011927071 0.87683225 7.571689e-07 0.01662283 0.015429494 0.0029273052 0.406542 0.0016983518 0.00090347417 1.0611166e-05 0.0011509149 4.643748e-05 0.005814184 0.0005438798 9.3563585e-06 0.48744008 0.0032459702 4.3751447e-06 4.6628436e-05 0.12293757 0.06482842 5.991159e-06 4.53116e-07 0.0005165027 0.00018221766 1.4539196e-05 0.0001649597 8.238308e-06 1.2036124e-06 0.0256167 8.274831e-07 0.00013600217 0.018628271 0.00031344418 0.004225998 4.750912e-05 2.8061552e-06 4.5394947e-07 0.00036117362 0.00025082592 4.4113964e-05 3.0046955e-05 4.0800536e-05 0.003657082 8.583777e-07 6.926162e-05 5.4055533e-07 3.2567666e-05 7.0745755e-06 6.7244755e-06 2.1621912e-07 1.0122098e-05 0.00044892984 8.852764e-06 5.231713e-05 7.567214e-07 1.0527695e-05 1.3488609e-05 2.2991333e-05 1.8111233e-06 0.00033172074 0.007797115 2.546314e-07 3.1761233e-06 2.246193e-05 5.247e-06 4.7048516e-06 1.9491167e-06 4.1608388e-07 0.00054010114 1.1267451e-06 7.0594774e-10 1.299615e-05 2.159983e-06 1.8140412e-06 0.0011745451 1.5474458e-07 2.1680503e-06 4.2023802e-07 6.277236e-05 6.531049e-08 9.197226e-05 6.1843435e-05 1.0453641e-05
0.9587406 0.36060354 0.10132759 0.04597228 0.7510085 0.018508498 0.3594507 0.7130877 0.42569187 0.8317726 0.5965905 0.8621976 0.41649124 5.6915036e-17 0.00012584563 0.0023274077 0.0062017464 0.00049305154 0.8961811 0.00036046596 0.014783785 9.7903496e-05 0.0001050779 0.002892132 9.7908254e-05 0.00011779429 0.05884774 0.9146379 0.043793373 0.024464102 1.137279e-05 0.08034825 0.03505175 0.012238615 0.022739563 0.014528642 0.77646834 0.2848227 0.004007325 3.5401158e-07 3.117674e-05 5.9010654e-06 2.3711486e-06 1.320297e-06 2.6274774e-06 0.029573547 0.034328718 0.00816296 0.05152039 0.0012881015 6.202999e-06 0.009249594 3.0137636e-07 9.845812e-06 4.4387678e-05 5.125957e-06 0.16041996 1.6737154e-06 1.8579021e-07 1.8358874e-07 0.048777405 0.0010374641 1.4690875e-06 3.247007e-09 0.019535474 5.7819307e-06 2.9687436e-07 7.713447e-05 0.36010796 6.4087294e-06 1.5269764e-07 2.6233363e-06 1.2790771e-07 0.003134551 2.032897e-06 2.5865484e-07 2.590287e-06 0.01816794 9.185436e-07 3.072651e-07 2.691332e-07 1.0288446e-06 3.608529e-08 3.5611268e-07 9.944273e-08 0.0007034898 0.00021999945 3.4255674e-09 1.4988852e-05 1.7892106e-06 5.76296e-08 3.917798e-08 0.21560012 5.015068e-09 7.527999e-07 6.178003e-08 1.2898993e-06 4.5405574e-08 7.5031436e-05 1.0641584e-06 2.8425887e-07
0.88400596 0.082497254 0.07408498 0.027621452 0.17735668 0.009464086 0.0033319062 0.33240065 0.00042446345 0.10759052 0.113474324 0.00012166881 5.620152e-05 0.00012584563 2.0096215e-19 0.00012765067 1.7207089e-05 0.2957715 2.710669e-07 0.011170017 0.9601842 0.0015589485 0.0061333124 6.104481e-07 0.31733808 0.34932688 0.18525335 0.0011969756 0.0363333 0.87870604 0.060048282 0.014595281 3.7762998e-08 0.9211305 0.0054574925 0.014033602 8.9843645e-08 7.897266e-08 0.009169097 0.678514 0.13407107 0.0031089333 7.448478e-06 0.00985815 7.0975043e-06 3.3257646e-05 2.644485e-07 0.00066285586 0.047853354 3.875117e-08 0.041542295 1.4204062e-07 0.0037632359 0.23345287 0.0017091575 0.034636863 0.24838096 5.8891696e-06 0.018313106 0.0040668533 9.6250375e-08 0.0006235904 0.00022737967 0.0005387659 0.0064149736 0.06956574 0.09940461 0.0006232643 2.1319845e-06 7.301468e-07 4.613973e-05 6.619199e-06 0.008962804 0.14516737 1.4323168e-05 5.1145598e-08 0.107791685 0.05886437 6.932245e-08 0.25677076 1.4185522e-06 3.9314236e-07 1.838776e-06 0.017165689 5.416258e-06 0.0004944793 0.012472707 0.0009408318 3.253051e-07 9.828921e-07 0.000132947 4.4199464e-08 6.5174113e-06 0.00138793 7.389036e-09 0.008918462 2.3033417e-06 0.008416741 0.017243765 1.5688136e-07 7.354578e-08
0.33842036 0.07306525 0.00336371 0.19287415 0.119933546 0.57157826 0.23115125 0.0031329566 0.15605296 0.005041198 0.0021878427 0.0129042715 0.39995396 0.0023274077 0.00012765067 3.213784e-13 0.91213185 0.0393685 0.026817253 2.3571464e-07 0.031162636 0.8010785 0.03213943 0.9258813 0.006380559 0.005217759 9.884795e-07 9.967336e-06 4.6936702e-06 0.023917668 0.0028475013 5.490123e-07 0.21496654 0.008853714 1.2719282e-07 2.1057617e-06 0.00058556854 0.001228999 1.4010627e-07 6.158006e-07 0.0018235579 0.0010991585 0.0003650855 0.001182917 0.00042279952 2.5122015e-08 0.00071178237 8.189958e-08 5.1124825e-06 0.010128201 0.0011259859 0.000219921 0.00035671212 0.00014251328 2.5194848e-07 0.001403508 7.750028e-05 0.00041195765 0.00025986478 0.00020875863 5.9133043e-05 8.5676284e-08 0.00015892806 2.1240494e-06 3.0871065e-06 0.00017733831 9.209878e-06 7.435951e-08 4.0871978e-08 0.010920202 5.231908e-05 0.00036325608 2.112621e-06 7.7951245e-07 8.019508e-05 0.0011197593 4.7268213e-06 6.3586114e-05 0.05757476 3.8605117e-07 7.545581e-05 7.784161e-05 1.1338336e-06 3.1848435e-06 1.8248833e-05 4.132238e-08 0.00091357064 2.042532e-06 9.315277e-10 4.644669e-05 2.9870926e-05 3.9883544e-06 0.00015004048 4.552586e-06 0.00040146863 2.2554586e-06 6.8815425e-05 4.458542e-07 9.772291e-05 3.0807114e-05 1.46253215e-05
0.18634085 0.06396625 0.0025844 0.14799142 0.09798531 0.30178478 0.29504254 0.002230192 0.27958277 0.0043310695 0.0016138849 0.02727989 0.6150403 0.0062017464 1.7207089e-05 0.91213185 8.2444793e-13 0.017839152 0.08273632 1.1639401e-07 0.014642271 0.42750525 0.0067766057 0.9183302 0.002499771 0.0016899034 1.2504482e-06 9.115789e-05 3.6654424e-06 0.008741519 0.00073717337 5.4782146e-07 0.38903865 0.004195233 1.8350175e-07 2.2639385e-06 0.001780657 0.0024227053 3.0004085e-07 1.806041e-07 0.00050980976 0.00047293917 4.740177e-05 0.00045777767 3.9243892e-05 1.1483388e-07 0.0018401867 2.3910644e-07 9.164012e-06 0.019216733 0.00031496462 0.0004379004 0.000136266 7.3427127e-06 4.36918e-07 0.0004691147 0.000120638644 0.0002354418 6.889574e-05 4.7631333e-05 0.00022552459 2.0201561e-07 8.611425e-05 6.8831895e-07 3.5242685e-06 1.9950676e-05 4.039692e-06 3.4450804e-07 1.06219076e-07 0.0048975307 4.849478e-05 0.00011303561 9.0675024e-07 9.288846e-07 2.7715367e-05 0.00048024423 1.9690556e-06 0.00010968751 0.050812263 4.5586326e-08 4.9733935e-05 7.2059025e-05 1.4580262e-06 3.0254541e-06 5.34126e-06 4.1471594e-07 0.0005507558 1.4802623e-06 2.1967832e-09 2.929862e-05 7.3375895e-06 2.467757e-06 0.00017196238 4.4345487e-07 6.5821194e-05 2.193848e-07 3.9074865e-05 3.143485e-08 1.9723999e-05 2.7115328e-05 1.927143e-05
0.9862104 0.095864825 0.009154633 0.09883522 0.17515919 0.5953294 0.07800657 0.016046843 0.030461853 0.0026676762 0.0012359496 0.005598778 0.011927071 0.00049305154 0.2957715 0.0393685 0.017839152 6.597606e-12 0.0045192693 0.0012378836 0.47788882 0.3212588 0.8465511 0.028276406 0.9420551 0.87858766 0.00031068834 8.010489e-05 5.5949324e-05 0.20418088 0.8891457 1.044916e-06 0.001950455 0.12981938 4.5678442e-07 7.084707e-05 0.00035864895 0.0009908619 8.671498e-06 0.024115724 0.3774069 0.14649117 0.059532333 0.13997574 0.024375979 2.9120881e-06 0.0010491775 4.7960754e-07 0.00041706875 0.0002567349 0.13733661 0.00010431099 0.10719653 0.072923 1.1786974e-05 0.10569707 0.017813 0.1361997 0.0366567 0.025786523 4.397153e-05 8.2451885e-09 0.09922604 0.04932774 2.8471331e-05 0.058645405 0.05624465 1.2152616e-08 1.2073729e-06 0.038918123 0.01553181 0.029761832 0.03730843 0.00037732418 0.01478363 0.00013816117 0.0044612586 0.01057126 0.0023794149 0.005608111 0.006513724 0.0030907227 0.02571584 0.0029814208 0.0037954722 1.6104423e-06 0.1092187 0.013590171 2.4115502e-08 0.0071543315 0.0040479167 0.003426235 0.00019058095 0.0029966785 0.004869046 0.0030452413 0.0031206904 0.0027374818 0.047052313 0.0036591578 0.00030729958
0.5933797 0.18638276 0.00022826678 0.078455165 0.45153242 0.14027289 0.37998712 0.008690102 0.58064646 0.14667045 0.027496047 0.95854414 0.87683225 0.8961811 2.710669e-07 0.026817253 0.08273632 0.0045192693 3.351589e-15 5.8740582e-08 0.0055045206 0.0011923972 0.0007362185 0.1371724 0.0003961873 0.0002726894 2.4528777e-05 0.049463417 4.7676374e-05 0.001490979 0.00016357705 0.00012350376 0.61401314 0.00021055051 4.291232e-05 3.8020455e-05 0.8600373 0.54004 6.6993066e-06 2.883755e-08 0.0002396346 3.2712473e-05 6.894621e-07 7.1535396e-06 3.1680204e-07 2.4595104e-06 0.27878967 9.70897e-06 0.0001792235 0.069817156 9.333753e-05 0.07665584 3.568128e-06 6.1757056e-08 5.1602804e-08 0.000114336406 0.00031011022 5.2143314e-06 3.883741e-06 9.1385555e-06 0.10612285 2.84342e-06 6.4142573e-06 1.0501263e-07 8.3176994e-05 3.874441e-06 1.4537762e-06 3.7512118e-07 0.0006408238 2.2809803e-05 1.9571858e-06 1.0063912e-05 5.278099e-07 2.5311849e-05 3.1329387e-06 5.8287543e-07 2.2386845e-07 0.00031605928 0.00051324116 1.7243943e-08 4.1437673e-07 1.3448221e-06 2.3443308e-06 8.281755e-07 1.33787e-07 1.4215817e-06 7.18884e-05 1.7160251e-07 4.2814494e-09 1.715002e-06 2.633449e-07 8.206522e-07 0.010581039 1.4395878e-08 3.1254228e-07 2.3141533e-07 3.09905e-06 1.5811741e-08 4.5840893e-06 5.8648588e-05 5.371821e-07
0.31764683 0.00040009798 2.7600138e-06 7.061065e-05 0.03596643 7.0487217e-06 5.5987217e-05 0.0057809055 5.2800447e-06 0.098417066 0.13021104 6.2753465e-06 7.571689e-07 0.00036046596 0.011170017 2.3571464e-07 1.1639401e-07 0.0012378836 5.8740582e-08 1.1648413e-21 0.030261742 1.9321863e-06 2.8695579e-06 2.3050664e-08 0.0028066132 0.005368454 0.9282852 0.029842015 0.845432 0.03036141 2.2314225e-05 0.2865805 2.6296016e-09 0.029112652 0.25170806 0.811668 5.6001603e-08 3.874888e-08 0.63914526 1.1012899e-06 0.0004545025 2.0830221e-08 1.996809e-09 1.4207502e-07 6.2644395e-10 0.015675185 2.3226844e-08 0.036221396 0.8198318 1.1647469e-08 3.145838e-05 2.3600084e-08 3.1448884e-08 0.003990299 0.017253578 4.5241673e-06 0.8110691 9.730186e-10 9.59565e-07 1.7616621e-07 1.2528509e-08 0.009822643 8.520739e-09 6.43689e-11 0.16491416 0.00035135652 2.6129626e-07 0.0060464204 1.2610838e-08 7.586151e-09 4.725061e-09 5.4841337e-10 5.7983387e-09 0.13664567 2.0989337e-09 1.3879072e-11 0.00024995886 0.5233547 6.7324374e-10 0.00018476108 1.3327391e-09 2.055767e-09 9.923903e-12 6.312483e-08 1.713953e-09 0.00081257167 0.0004913226 2.4127464e-08 0.0003886396 1.0604002e-09 1.3690338e-09 7.086155e-12 5.7726157e-09 4.0674596e-08 2.0064594e-10 3.857713e-06 3.020707e-09 3.8101564e-06 0.0005282205 1.1700277e-09 4.692367e-10
0.99272037 0.13985868 0.04029749 0.096151635 0.3422906 0.26834002 0.0492725 0.062290587 0.025859462 0.08944802 0.08891748 0.011135264 0.01662283 0.014783785 0.9601842 0.031162636 0.014642271 0.47788882 0.0055045206 0.030261742 3.6654483e-14 0.10442084 0.17778493 0.026211496 0.32165092 0.36793387 0.04467483 0.035276957 0.015280735 0.7259896 0.17396721 0.0032460399 0.0016330405 0.65654135 0.0015458028 0.007926018 0.00048023963 0.0011355679 0.0021386957 0.24058361 0.33170566 0.019583281 0.0061684283 0.026793888 0.004857324 0.0029055662 0.0006705197 0.0023033274 0.032304592 1.1031646e-05 0.11384101 1.191657e-05 0.023932144 0.27547747 0.0013730391 0.10671115 0.34486783 0.0148905795 0.035401348 0.015319117 6.669107e-07 0.00047145315 0.015899599 0.008174958 0.0029553303 0.11264955 0.09592745 6.112894e-05 1.5862324e-06 0.00019159654 0.00303461 0.005658379 0.039963648 0.068991825 0.0049985815 1.9990641e-06 0.028315663 0.13366377 1.1499482e-06 0.090206526 0.00024353484 2.5730882e-05 0.000515992 0.017857034 0.00019167276 0.0003792067 0.10146776 0.0042194016 1.4650573e-07 3.1661362e-05 0.0034086567 6.1540877e-06 2.1365458e-06 0.0061832587 1.4083871e-06 0.0073343543 0.00013659569 0.007233713 0.1087267 3.1276533e-05 3.8928687e-07
0.9196518 0.03645164 0.00021198484 0.07874524 0.057482425 0.6233281 0.039341245 0.00054050406 0.023867585 0.0016030292 0.00030323493 0.0041107857 0.015429494 9.7903496e-05 0.0015589485 0.8010785 0.42750525 0.3212588 0.0011923972 1.9321863e-06 0.10442084 1.2930938e-12 0.9747046 0.5250282 0.06488674 0.035045005 8.123234e-06 5.4054626e-06 6.349882e-06 0.055475857 0.14623871 7.585168e-07 0.023524305 0.028248006 4.536392e-07 4.907716e-06 0.00010949092 0.0005405472 1.3023526e-06 1.8888688e-05 0.02772017 0.15476233 0.81560355 0.07190722 0.7650698 9.388586e-07 0.0009581944 4.7308077e-08 3.0194831e-05 0.0037031209 0.02127033 0.00022777164 0.03995157 0.0104706045 2.9514604e-06 0.018683612 0.0005124298 0.108221866 0.015152707 0.010789463 2.8811806e-05 4.8436515e-08 0.020105908 0.0006248075 0.00011641395 0.008496632 0.00090111507 2.8050542e-07 1.2589467e-07 0.3119652 0.0027143427 0.04935554 0.00036067553 1.672987e-05 0.012689342 0.020404741 7.565201e-05 0.0010343032 0.16017376 3.0986528e-05 0.011140841 0.008562259 0.00034260875 0.000121916324 0.00074573595 3.157369e-06 0.012873076 0.00039257295 1.3674739e-08 0.0019364782 0.0033896458 0.0010130823 0.000119025375 0.0009155421 0.16152702 0.00083335274 0.0014336336 0.00044244932 0.008563309 0.00045312103 0.0013019871
0.9808454 0.010303647 0.00013827953 0.018065926 0.019151364 0.2672011 0.011558691 0.00043814248 0.0055794483 0.00023762354 0.00010715528 0.0008872111 0.0029273052 0.0001050779 0.0061333124 0.03213943 0.0067766057 0.8465511 0.0007362185 2.8695579e-06 0.17778493 0.9747046 6.251259e-11 0.008130364 0.40047243 0.233753 7.866977e-05 6.3806942e-06 3.1848453e-05 0.075613864 0.8976709 3.0016764e-07 0.001202303 0.056029193 9.5518836e-08 1.7100232e-05 0.00012477013 0.00032405806 9.770468e-06 0.00015484725 0.13880685 0.45885587 0.277979 0.3359537 0.14438032 5.807451e-08 0.00035947762 2.6394419e-08 7.6936994e-05 0.00014397841 0.099176176 5.7045094e-05 0.10259041 0.048072502 5.0475956e-07 0.06043902 0.0012945076 0.2134315 0.03764032 0.024445063 2.882467e-05 1.0712523e-08 0.059787232 0.026449418 7.208028e-05 0.06205867 0.00858822 2.3814793e-07 1.986484e-09 0.029807614 0.010587907 0.04161502 0.0021429984 0.00013484604 0.019505247 0.00030158498 0.00078657095 0.0012865264 0.0017600266 0.0006854139 0.006420678 0.0038926818 0.003118917 0.00039082975 0.0014473925 6.505873e-06 0.06319628 0.0024615438 1.027031e-08 0.0023424395 0.0069283657 0.0014159661 4.2591587e-06 0.0018914383 0.005693037 0.0029458685 0.0019659484 0.0016842826 0.034998197 0.0019543064 0.0005998783
0.20985284 0.0594684 2.2117043e-05 0.07813487 0.15393297 0.33147958 0.19331947 6.975128e-05 0.13935255 0.0060900617 0.0010528429 0.014518401 0.406542 0.002892132 6.104481e-07 0.9258813 0.9183302 0.028276406 0.1371724 2.3050664e-08 0.026211496 0.5250282 0.008130364 5.374487e-12 0.0028432654 0.00202716 5.24959e-07 1.500746e-05 4.1066983e-06 0.009481146 0.0004534429 6.6753495e-07 0.9030691 0.0032807456 3.1681535e-07 2.298698e-06 0.00573173 0.01813633 1.751268e-07 4.9503413e-08 0.00069991994 0.00073171005 0.00037341082 0.0005433551 0.00043879854 1.64903e-07 0.03154316 4.1003073e-08 1.2028217e-06 0.59296346 0.00031754572 0.0020066053 0.00018894821 8.463058e-06 1.2888817e-07 0.0005128996 9.121333e-06 0.00028517027 7.00504e-05 6.8306545e-05 0.00058985257 2.2203023e-08 0.00029877355 1.6378503e-07 9.894359e-07 1.723744e-05 1.4594549e-06 1.5558376e-07 1.4711884e-07 0.047799367 1.2644191e-05 0.00016350763 5.40055e-07 3.2973065e-07 4.6511723e-05 0.0070819315 7.367147e-07 1.7157781e-05 0.35295442 1.7421737e-08 3.48723e-05 0.00013290644 5.081904e-07 1.0711747e-06 1.5033222e-06 1.7336174e-07 0.00059821224 1.3024533e-06 3.1521288e-09 6.236296e-05 1.5026915e-06 4.870699e-06 0.0015372585 7.158139e-08 0.0008167208 1.5806987e-07 2.86093e-05 1.4629971e-08 3.9104652e-05 1.8730778e-05 2.4812092e-05
0.94454795 0.040802244 0.0057489662 0.029495802 0.043048643 0.142082 0.011689081 0.01360474 0.004302718 0.0013544755 0.0007962554 0.0012970162 0.0016983518 9.7908254e-05 0.31733808 0.006380559 0.002499771 0.9420551 0.0003961873 0.0028066132 0.32165092 0.06488674 0.40047243 0.0028432654 3.1645235e-11 0.97614306 0.00045278342 4.2717227e-05 5.2939125e-05 0.09709285 0.83731747 1.973415e-06 0.000110320834 0.11329766 7.227658e-07 7.274772e-05 3.5526096e-05 0.0001374591 5.1688608e-06 0.16147546 0.5716181 0.07403512 0.01833405 0.103102684 0.009357149 1.8299294e-06 0.000169551 4.1405676e-07 0.0002739826 4.2695596e-05 0.25384194 3.3191485e-05 0.082370125 0.10805959 1.7186327e-05 0.27330965 0.009332748 0.049943026 0.07837675 0.038789622 1.8564908e-05 3.075138e-08 0.062209364 0.12152321 1.6252952e-05 0.07873384 0.2857585 4.178771e-08 5.1223134e-07 0.009054202 0.019508837 0.016142506 0.111461595 0.0009956292 0.010329928 0.00010229568 0.02857031 0.005684121 0.00066426385 0.048883133 0.002794642 0.0019753338 0.019401444 0.025435567 0.009008303 1.1463293e-06 0.058980208 0.027288666 5.0763527e-09 0.0058179004 0.0069820266 0.002426134 5.747365e-05 0.009802987 0.0011640891 0.007834155 0.003033347 0.008270143 0.044580482 0.0032841058 0.00037601413
0.9589276 0.025378983 0.0033892335 0.018423716 0.03510364 0.06419654 0.0062590446 0.012890004 0.0026622715 0.0017881881 0.0008318751 0.00081948773 0.00090347417 0.00011779429 0.34932688 0.005217759 0.0016899034 0.87858766 0.0002726894 0.005368454 0.36793387 0.035045005 0.233753 0.00202716 0.97614306 3.0267752e-12 0.0014325832 0.00023721374 0.00039901145 0.14321707 0.7557391 1.0227125e-05 5.1598898e-05 0.14421515 6.321893e-06 0.0003169461 2.8126792e-06 7.6136654e-05 8.6822096e-05 0.31163025 0.76172906 0.039181694 0.01164782 0.04988414 0.006503653 2.6303808e-06 0.0001073956 3.9597107e-06 0.0015044718 4.4085613e-05 0.40841657 1.42925355e-05 0.044736605 0.22391418 6.92032e-05 0.3660172 0.03562645 0.030667242 0.08223756 0.034802906 3.349045e-06 3.352063e-07 0.03371847 0.09932551 0.00018193964 0.17365742 0.3511448 8.4697785e-07 1.9691258e-07 0.0012929562 0.016545918 0.011085655 0.14728706 0.0033649295 0.008830247 0.000117793505 0.060826857 0.012633801 0.00010160305 0.10538897 0.0020883412 0.0011352262 0.022153296 0.044282857 0.006673753 3.34595e-05 0.09811222 0.026533617 1.2206302e-08 0.0042889 0.011602166 0.0019321948 7.327306e-05 0.015054019 0.00014478309 0.013993449 0.002461323 0.013967637 0.07791001 0.0030016294 0.00020184337
0.99613845 0.002751805 0.041094754 0.0001490122 0.05301211 2.7693251e-05 0.00040354088 0.4044443 0.00011458967 0.1483669 0.33342513 0.00056497706 1.0611166e-05 0.05884774 0.18525335 9.884795e-07 1.2504482e-06 0.00031068834 2.4528777e-05 0.9282852 0.04467483 8.123234e-06 7.866977e-05 5.24959e-07 0.00045278342 0.0014325832 3.8227296e-16 0.35569358 0.6823613 0.09664607 3.370749e-05 0.46985114 1.5630691e-06 0.10180798 0.38820845 0.5414047 0.00012038753 1.253271e-05 0.1786766 0.04372801 0.00026979946 1.2104823e-06 1.1815667e-08 7.481928e-07 9.561029e-09 0.11997817 5.548949e-06 0.23542857 0.28965405 1.4921105e-07 1.0248204e-05 1.6686122e-06 2.2187404e-08 0.0069219037 0.08936737 6.0349416e-06 0.60050493 1.3642806e-07 4.879102e-07 1.6683855e-07 5.9677933e-07 0.13842633 3.5382545e-08 1.3689274e-06 0.040484738 0.0006018648 0.00032113324 0.009357885 0.02229088 9.560447e-07 1.3752897e-08 4.178367e-07 0.0003464338 0.18253003 2.3148662e-07 7.865529e-09 0.00042181282 0.5627685 1.2709813e-07 0.00597571 8.5206125e-08 1.815345e-07 2.5486804e-07 0.0005777891 2.6226756e-08 0.009399072 0.004606578 6.86933e-08 0.001164522 3.401129e-08 1.2500534e-08 4.4261135e-08 0.00018912977 2.9352677e-07 5.5278054e-08 3.211983e-05 1.1907339e-08 4.9786897e-05 0.0052906726 1.393129e-08 3.2295663e-08
0.97717947 0.025395954 0.010622355 0.0004268125 0.21842569 1.7491351e-05 0.0053734146 0.5218342 0.0023675244 0.5336036 0.68711096 0.04455016 0.0011509149 0.9146379 0.0011969756 9.967336e-06 9.115789e-05 8.010489e-05 0.049463417 0.029842015 0.035276957 5.4054626e-06 6.3806942e-06 1.500746e-05 4.2717227e-05 0.00023721374 0.35569358 1.2387126e-16 0.5838888 0.0687605 1.8500808e-06 0.756863 0.00056354405 0.064127825 0.63879323 0.4840928 0.27903494 0.027919048 0.35535848 2.0732685e-05 0.00011323814 1.2720885e-05 1.7075249e-07 2.623041e-06 1.1139287e-07 0.83567214 0.0012816145 0.64784867 0.330817 1.2901188e-05 1.0043566e-05 0.0006315807 1.3987162e-06 0.00090773974 0.0182345 2.2076561e-05 0.395074 2.3247676e-06 5.0178335e-07 2.995731e-07 0.007313623 0.14237219 1.5123788e-06 1.1888537e-06 0.25435156 3.18136e-05 8.095308e-06 0.023033207 0.94952303 5.8595648e-05 3.0741313e-07 8.063027e-07 5.9428007e-06 0.013806377 2.4498631e-06 1.066728e-06 3.0077917e-05 0.19917956 3.124103e-05 1.0600631e-06 2.5335828e-07 1.7859851e-06 0.00199678 8.9542655e-06 2.3010644e-08 0.050166 0.00063891686 1.5115056e-07 0.005646196 7.344215e-07 3.8632283e-08 2.7325245e-06 0.6086272 1.3641655e-08 5.4726377e-07 7.2933125e-07 1.3053059e-06 3.3921611e-07 0.00015933964 1.678915e-05 4.1171975e-07
0.9937069 0.0024136154 0.014055608 0.0001444631 0.028167754 2.5264191e-05 0.00025389466 0.28611353 0.00014426527 0.12723193 0.31368494 0.00032709684 4.643748e-05 0.043793373 0.0363333 4.6936702e-06 3.6654424e-06 5.5949324e-05 4.7676374e-05 0.845432 0.015280735 6.349882e-06 3.1848453e-05 4.1066983e-06 5.2939125e-05 0.00039901145 0.6823613 0.5838888 3.1545375e-15 0.027359199 8.690233e-06 0.65972424 3.4906352e-06 0.030243786 0.6452504 0.7167284 0.00032005092 6.4826876e-05 0.4358227 0.014901603 4.148461e-05 8.445453e-07 6.2270247e-09 2.0935704e-07 8.425614e-09 0.2830587 1.6429536e-05 0.38842437 0.4335263 5.983642e-07 1.0957071e-06 2.7651672e-06 6.09497e-09 0.0012613304 0.15357627 6.0046324e-07 0.5561673 2.6001619e-08 9.76256e-08 2.2383695e-08 1.1229306e-06 0.105255984 4.8631077e-09 3.8837615e-07 0.1258037 2.0458572e-05 9.793693e-05 0.009511588 0.074482255 6.0775403e-07 2.3661595e-09 1.09255225e-07 0.00015734906 0.208096 8.343781e-09 1.4931418e-08 0.00014075708 0.43824336 2.7573408e-06 0.0012419769 1.4938168e-08 4.8994668e-08 2.497496e-08 0.00019969419 3.6966945e-09 0.0077574598 0.00040851228 1.226912e-07 0.0035622038 2.4222542e-08 1.0611488e-09 9.5547765e-09 0.0021317925 1.3270048e-08 2.144238e-09 1.3360474e-06 1.4716274e-09 1.8753789e-06 7.374373e-05 7.985446e-09 1.249212e-08
0.9999108 0.07162866 0.15668747 0.04591486 0.37470165 0.12353805 0.03342018 0.09080371 0.018494898 0.09520065 0.14475085 0.0045258813 0.005814184 0.024464102 0.87870604 0.023917668 0.008741519 0.20418088 0.001490979 0.03036141 0.7259896 0.055475857 0.075613864 0.009481146 0.09709285 0.14321707 0.09664607 0.0687605 0.027359199 3.3089104e-19 0.045188565 0.0042825853 0.0005854778 0.6273942 0.001339899 0.007078602 0.0004928001 0.0002763198 0.00075207744 0.24282059 0.020871958 0.00713363 0.0010095548 0.0054364363 0.0008162972 0.008781933 0.00023804087 0.0027904066 0.0066248584 7.2203635e-05 0.0025401067 1.7678742e-05 0.0021888297 0.045226622 0.00090217276 0.0016337609 0.17491275 0.0023831243 0.0013192953 0.001805101 5.057973e-06 0.00053623365 0.0014540314 0.00039153796 0.00052374316 0.003585028 0.017260876 7.55487e-05 3.158289e-05 0.000306303 0.0013246841 0.0007545808 0.014826092 0.07178801 0.0003566961 6.9093517e-07 0.018518368 0.08708727 2.2867184e-06 0.018052347 8.7163084e-05 1.1759904e-05 3.8669234e-05 0.006426605 0.00013211032 6.251242e-05 0.006971504 0.0004934121 9.12772e-06 2.780437e-05 8.4490785e-05 2.77385e-07 2.8583067e-05 8.738314e-05 5.7237808e-06 5.861381e-05 3.0490799e-05 8.84244e-05 0.0054552862 1.7280689e-06 3.4168809e-06
0.9848054 0.011444993 6.0658207e-05 0.008265187 0.0033449803 0.0336542 0.003840175 0.0005715463 0.0017360796 0.00015338794 2.117871e-05 0.00030158187 0.0005438798 1.137279e-05 0.060048282 0.0028475013 0.00073717337 0.8891457 0.00016357705 2.2314225e-05 0.17396721 0.14623871 0.8976709 0.0004534429 0.83731747 0.7557391 3.370749e-05 1.8500808e-06 8.690233e-06 0.045188565 3.4799934e-11 1.2808458e-07 3.5240417e-05 0.033381816 3.771434e-08 3.3363988e-06 3.0068322e-06 5.3191554e-05 9.553647e-07 0.0057134987 0.6240842 0.61022604 0.032458458 0.8763098 0.015268587 1.1630174e-08 0.000116584604 6.678536e-08 5.023738e-05 6.518225e-06 0.5645246 3.5994024e-05 0.6486329 0.11652137 6.9624605e-07 0.7273345 0.0019597923 0.2729573 0.6119114 0.3214748 1.7439184e-05 3.962073e-09 0.501811 0.51732135 3.125739e-05 0.19638258 0.41386998 3.0485666e-08 3.6001724e-10 0.0033614028 0.13345896 0.0382354 0.1830736 8.352643e-05 0.044415034 2.0569321e-05 0.009714142 0.0007148098 2.817231e-05 0.0071396334 0.010586145 0.0052204547 0.20600481 0.0077173333 0.014727012 3.3873636e-07 0.15990648 0.051836327 7.122956e-09 0.017156344 0.033836942 0.0039231996 5.6194283e-05 0.01960501 0.001729153 0.01856082 0.0076522324 0.015232735 0.08965006 0.0066642025 0.0008352703
