1.0574148e-17 0.38990766 0.6930027 0.9704276 0.446544 0.66302556 0.9095518 0.7557059 0.91645503 0.9698991 0.56483084 0.38322654 0.28572035 0.9937277 0.96790797 0.9516007 0.8811195 0.8875239 0.99987054 0.88121825 0.9030149 0.97991216 0.7846585 0.9280855 0.9331865 0.8566067 0.24765646 0.7218535 0.92763495 0.91756165 0.96852523 0.9999149 0.911439 0.8914207 0.9589025 0.8002204 0.87164855 0.8443185 0.93067473 0.8860797 0.9902715 0.9306563 0.97083795 0.9448004 0.9553129 0.9401108 0.7074084 0.42683297 0.9978709 0.8324482 0.7234009 0.79033655 0.9553638 0.44503343 0.47702882 0.999977 0.95903945 0.5943822 0.8963676 0.9999982 0.30110818 0.68545324 0.067283 0.8044321 0.103464864 0.00013598116 0.56910086 2.4119022e-06 0.021050787 0.80035174 0.011591002 0.9833171 0.12975158 0.6714895 0.0043871696 0.5478127 0.9997726 0.43586183 0.80015314 0.92295456 0.8983598 0.967363 0.8253727 0.6657324 0.9262194 0.73625964 0.60732657 0.84362584 0.5923258 0.6271288 0.0076527176 0.0025748261 0.27700016 0.1164232 0.00016961714 0.30711296 0.00012739588 0.0013980976 0.00010197474 0.000111532936 0.0034974732
0.38990766 1.1850863e-14 0.9964871 0.84601414 0.70771587 0.97290176 0.86769307 0.2919385 0.1531553 0.07379044 0.1359827 0.07712168 0.05406584 0.042647686 0.14334726 0.019257648 0.036355693 0.004675642 0.17453365 0.0014579749 0.0032538068 0.007810697 0.011742854 0.014019475 0.00067767926 0.001203687 0.010367036 9.747326e-05 0.0015592874 0.00020790152 1.1827342e-05 0.0034414558 0.05161637 0.013772368 0.0001742968 0.00037663896 0.0015236243 0.007216556 0.00016173409 0.0014217872 0.004846829 0.010240574 0.00039545386 3.1331223e-05 0.008047764 0.00467919 0.0008804713 0.0006670049 5.90982e-07 0.00036272485 1.9299736e-05 0.0035921512 3.3264607e-06 0.00011385384 0.00016005835 0.0011850946 0.00030774358 4.6422734e-05 4.958005e-06 0.008812731 8.070363e-06 3.775877e-05 5.9148183e-06 0.00010732976 1.6696819e-06 5.659347e-08 5.9277758e-05 1.0105589e-06 8.9626064e-07 6.845797e-05 8.53449e-07 5.8948194e-07 1.1876515e-06 0.00019174277 1.3387463e-06 8.821105e-05 4.4467074e-09 4.257348e-06 8.6044565e-05 8.389541e-07 2.201244e-07 1.5393937e-06 6.7996507e-07 3.6173202e-07 1.2277893e-06 3.1274948e-07 8.006844e-09 8.25299e-06 9.466218e-09 1.9286754e-08 1.0347703e-08 4.869156e-10 7.558238e-08 4.581154e-09 1.4440558e-09 1.6817755e-07 6.8311605e-09 5.6321785e-08 8.690751e-09 1.3264644e-10 2.9767596e-08
0.6930027 0.9964871 2.0249994e-13 0.33892137 0.994227 0.42703453 0.6812837 0.11109768 0.41487715 0.017506406 0.4975567 0.0077773375 0.0040577976 0.44095096 0.007738964 0.00086187216 0.00481021 0.00035035453 0.12632614 0.00037310043 0.0003714791 0.0003637192 0.00022628618 0.04962095 6.9134854e-05 0.00022109866 0.0143909035 6.024194e-06 0.00034797384 3.3937667e-05 9.749558e-07 0.017427182 0.028314248 0.030122105 0.0016169499 0.0002880844 0.00010430095 0.006832501 7.2191506e-05 0.00094888615 0.00038599895 0.0121120885 1.9816878e-05 2.9136507e-05 0.010930788 0.004620711 0.0011397096 0.0012210595 1.0466343e-08 0.00070835825 0.00019628552 0.0050374805 4.634097e-06 0.00017853995 0.00021773041 6.80464e-05 0.00020057042 0.0007869604 6.878449e-06 0.017385459 6.924062e-05 0.0003422205 3.9170678e-05 0.0005491066 6.182374e-05 3.0048168e-06 0.00012050906 4.7678282e-07 6.957187e-06 0.00066074525 2.0703608e-06 2.1150271e-07 1.318668e-05 0.000607215 5.332778e-07 0.000102125596 5.398345e-11 1.0529935e-05 0.0003521252 6.4656006e-06 1.561061e-06 1.4844667e-06 5.510915e-06 3.7110888e-07 2.4996789e-06 6.094715e-07 1.5804679e-09 1.8449291e-06 1.5609307e-07 5.120687e-09 3.875394e-10 2.4645816e-10 1.0384939e-07 3.0152498e-09 9.564216e-10 1.870863e-08 1.6857859e-08 3.1534586e-07 1.4152052e-08 1.495717e-10 2.6683603e-08
0.9704276 0.84601414 0.33892137 4.390067e-13 0.07476314 0.8396953 0.9429721 0.967902 0.65410185 0.7673745 0.24301344 0.32499787 0.23344815 0.18152244 0.58844995 0.29154906 0.5053291 0.056658436 0.6960826 0.01702927 0.14579922 0.019778823 0.07713794 0.014001505 0.004278325 0.0025561342 0.004839584 0.00016944058 0.09116898 0.00016133617 2.3469338e-05 0.0050454545 0.2355643 0.05953855 0.0003111696 0.034945652 0.0021190257 0.06885791 0.0010492209 0.11311563 0.016119216 0.10425157 0.0006362579 8.779453e-05 0.07330418 0.0414208 0.0189592 0.005147688 2.994861e-06 0.0012503236 9.058972e-05 0.040769413 8.3512487e-07 0.00039612007 0.0029122967 0.0030020701 0.04195541 0.0026252696 8.905751e-05 0.07360382 0.0007400218 0.012223843 1.40724405e-05 0.020113181 2.968946e-06 3.8902285e-06 0.001597542 2.474628e-07 3.1038803e-06 0.002831268 1.5839605e-06 2.6049947e-06 8.812458e-06 0.001364526 2.3733162e-06 0.00010620262 2.2736351e-07 0.00015810147 0.0009517809 3.937181e-06 1.4516682e-07 2.793115e-06 2.2369934e-06 4.5456204e-07 2.3079976e-07 1.9943968e-08 2.6966026e-08 1.5389496e-05 5.5161145e-08 2.9031424e-08 3.0640614e-08 2.8559102e-08 4.856837e-07 1.1078816e-07 4.378527e-09 4.768706e-07 9.719215e-08 1.4517381e-06 2.3921856e-08 1.1722845e-08 1.3537636e-08
0.446544 0.70771587 0.994227 0.07476314 1.2742177e-15 0.88451093 0.11623131 0.052382458 0.5250461 0.0071458733 0.9865923 0.0052029938 0.0037212856 0.2064463 0.009413303 0.0006200333 0.0028054959 0.0003291129 0.06735893 0.0001638409 0.00051820267 0.0012677553 0.0005902639 0.016473955 0.00014836177 0.0002509946 0.0043391874 1.13948945e-05 0.00042784947 2.4949026e-05 2.9881367e-06 0.009941871 0.022214029 0.01154099 0.0002436259 0.00042653273 0.00015134348 0.004223752 0.00010565005 0.0013849221 0.0005181343 0.0071339537 5.753853e-05 5.3011772e-05 0.0050081937 0.0024979303 0.00070339715 0.0008466396 1.0965453e-08 0.00047193063 0.00025523573 0.0020052767 2.1521103e-06 0.00022330758 0.00020612848 0.0001910255 0.00014244196 0.00030007336 4.039854e-06 0.012698855 6.171247e-05 0.00023442887 1.6979591e-05 0.000101967154 4.259443e-06 7.1993127e-06 0.00015033064 2.7094245e-06 1.8996689e-06 2.1122736e-05 7.282088e-07 1.5570116e-07 3.0463795e-07 3.6864956e-05 1.5571617e-07 2.2149752e-06 1.8731709e-10 3.5970772e-06 3.2936234e-05 3.2683897e-06 4.986012e-07 5.5463323e-07 1.0570285e-06 1.0796176e-07 8.8675716e-07 5.658937e-08 4.6543e-09 2.7164206e-06 9.505684e-08 3.1551608e-09 2.110116e-10 9.333792e-10 2.988245e-08 9.66967e-10 2.78564e-10 5.6478595e-09 8.3188e-09 2.1118545e-07 3.198742e-08 1.7129348e-11 2.2774945e-08
0.66302556 0.97290176 0.42703453 0.8396953 0.88451093 1.540057e-16 0.37166202 0.3160772 0.9916001 0.17083563 0.5603116 0.05281407 0.041541763 0.04007881 0.4228458 0.079598136 0.056045532 0.028714117 0.6742368 0.0065453784 0.012353514 0.036766198 0.034413073 0.00765348 0.0032186543 0.004815646 0.003689841 0.0004035501 0.004882936 0.00040752278 0.00011330002 0.0011780559 0.040621325 0.007949823 0.0001724577 0.003108173 0.0076245656 0.005838694 0.0009394927 0.003775105 0.027753279 0.0057681706 0.0019334969 0.00013343857 0.0038246422 0.0017853569 0.00053981174 0.0005205073 1.1597186e-05 0.00036512775 0.00013125873 0.0007354557 1.7002389e-05 0.000106710555 0.00018925371 0.004805267 0.00021371552 4.006243e-05 1.1149556e-05 0.0155357 3.815885e-05 0.000108559 2.9798955e-06 0.00010384251 5.900393e-07 1.7958674e-06 0.00023142605 4.2945967e-07 8.7256176e-08 6.0512488e-05 1.6820474e-06 7.324523e-06 2.3494697e-06 0.000398336 1.9519275e-06 1.4028007e-05 7.181979e-07 1.2927693e-05 7.3621326e-05 3.8186154e-05 7.9953e-07 4.503355e-06 5.5309856e-06 5.260543e-06 2.8861075e-06 4.3155805e-07 6.373348e-08 3.860654e-06 3.286479e-07 8.1909896e-08 1.2818082e-08 1.8393619e-08 2.1220296e-07 1.9176781e-08 4.960099e-10 1.5828506e-06 3.1337454e-08 3.4218195e-07 7.967813e-09 2.3904008e-09 8.881607e-08
0.9095518 0.86769307 0.6812837 0.9429721 0.11623131 0.37166202 5.7766717e-12 0.97068 0.5301521 0.3875185 0.34322214 0.70253783 0.6813681 0.3843572 0.08948085 0.019240223 0.6494038 0.0019427051 0.30707115 0.0016356145 0.021463862 0.00060659455 0.002151591 0.10529251 0.00025216976 0.0003498829 0.2148837 6.9698044e-06 0.012275278 6.245104e-05 1.0984096e-06 0.023538768 0.76197124 0.54154986 0.0015824356 0.011700642 0.00012612427 0.18537863 0.0001836328 0.047394212 0.0020455206 0.23873676 0.00010922144 1.1699073e-05 0.22729284 0.110209644 0.05883817 0.038439497 7.2196904e-08 0.0013060443 7.130495e-05 0.1798038 5.0363536e-07 0.0026597998 0.0072892415 0.0007170527 0.006088978 0.009638032 3.3327954e-06 0.023644209 0.0021963972 0.0044698077 6.654051e-05 0.019074306 3.3192562e-05 1.0684649e-06 0.0005975884 3.938407e-07 2.1965627e-06 0.0007899214 1.0479844e-05 1.98846e-08 5.41726e-06 0.0010994133 3.924664e-06 7.086504e-05 4.5229744e-09 9.952433e-06 0.00030434193 1.5640934e-06 1.3471292e-07 4.107421e-07 1.2299621e-06 1.591939e-07 9.821855e-07 1.8319889e-07 1.3197975e-09 1.8830798e-06 8.597909e-09 8.2441154e-10 2.673749e-09 2.0452735e-09 1.7596395e-08 1.402511e-08 2.9685238e-10 5.507439e-09 4.3550997e-08 8.017301e-08 1.2914303e-08 1.7242378e-10 1.2394338e-08
0.7557059 0.2919385 0.11109768 0.967902 0.052382458 0.3160772 0.97068 3.670256e-13 0.2787314 0.87430507 0.120912194 0.94383645 0.80715203 0.08847232 0.42700556 0.22331578 0.5403812 0.05915777 0.26504236 0.03700259 0.1479236 0.0046145013 0.018757466 0.0031755934 0.0018090416 0.00066414475 0.0066237524 0.00011131522 0.06079866 0.00019697729 5.0996173e-06 0.0031770417 0.13323012 0.02893889 0.00013658487 0.018790128 0.0003040037 0.01596762 0.0007874615 0.056713358 0.0019546556 0.046265233 0.0001614747 3.3691194e-05 0.034299094 0.006433491 0.0039343536 0.0029368065 4.3758308e-07 0.00028983902 1.2847252e-05 0.018844597 8.177491e-07 6.571131e-05 0.00059245434 0.00057229196 0.013135796 0.0010280444 3.6770685e-05 0.009816711 0.00019623799 0.004504706 1.9780255e-06 0.0071551134 7.2169956e-07 1.4949458e-06 0.001616556 6.199277e-07 6.890457e-06 0.0010857189 3.424547e-06 2.7034844e-07 2.2461447e-06 0.0010833762 8.005597e-06 0.00010720741 2.6392707e-08 0.00014910956 0.00041296738 2.2734e-06 2.7247333e-08 1.29912e-06 3.0907947e-06 2.0671321e-07 3.5002938e-07 4.960663e-08 3.652458e-08 2.6243097e-06 3.2848387e-08 2.6094562e-09 6.974562e-09 4.1729567e-08 3.4233814e-08 3.692234e-09 5.799198e-10 1.1890391e-07 4.559772e-08 3.422436e-07 4.4363738e-08 4.2656114e-09 6.6605104e-08
0.91645503 0.1531553 0.41487715 0.65410185 0.5250461 0.9916001 0.5301521 0.2787314 9.184148e-13 0.21289475 0.87741774 0.029255332 0.023509767 0.4353921 0.29990333 0.07168259 0.0614094 0.00975167 0.97348344 0.0019651628 0.011649787 0.0757795 0.023302063 0.06464331 0.0016997971 0.0014777222 0.0041233515 0.00024073361 0.009114677 0.0002450286 0.00011661284 0.003693203 0.13582756 0.04582587 0.0002814539 0.004316129 0.013611319 0.01859833 0.00072834705 0.014290398 0.073497586 0.028292028 0.0019351636 0.00018099751 0.025934024 0.009304248 0.0014663708 0.0008794609 4.976067e-06 0.001436309 0.0001785934 0.003340912 2.130447e-05 0.0002016031 0.00019784915 0.013673861 0.00081485166 0.00029843068 4.2189167e-05 0.11355312 0.0002732384 0.00061800424 1.5619344e-05 0.0021042987 9.716547e-06 3.5827802e-06 0.0005591492 2.1172054e-06 9.002462e-06 0.00044306688 2.414268e-06 1.5517004e-05 1.8586793e-06 0.00087096443 2.306662e-05 2.3488548e-05 1.3487836e-07 0.00017348588 0.0003810718 4.6162964e-05 2.2332501e-06 1.0767736e-05 4.2473675e-06 7.027649e-07 4.4058443e-06 2.5144175e-07 4.4066464e-08 3.2931569e-06 6.740527e-08 7.031373e-08 1.3685077e-07 1.9691387e-07 2.608336e-06 2.0820687e-06 1.9734137e-09 6.0964936e-07 3.121516e-08 1.2396968e-07 3.1424736e-07 4.0836365e-08 1.1423225e-09
0.9698991 0.07379044 0.017506406 0.7673745 0.0071458733 0.17083563 0.3875185 0.87430507 0.21289475 1.0020741e-10 0.025913034 0.9036117 0.70730674 0.023119614 0.8819542 0.78034914 0.8896874 0.58480763 0.3136001 0.394049 0.8571212 0.031417 0.122876965 0.0021370687 0.13114813 0.0168009 0.0016262024 0.0030578596 0.75037223 0.017292289 0.00022450507 0.0014191422 0.31377247 0.041069526 0.0002723196 0.3773872 0.006173822 0.08245423 0.029999185 0.4844619 0.020200733 0.27891767 0.0025951238 0.0022770478 0.18446742 0.043709144 0.0358712 0.025937289 7.9339814e-05 0.0010611454 9.595669e-05 0.18317553 7.278915e-05 0.001145404 0.014733994 0.0024385382 0.3197063 0.017441597 0.002588072 0.045861598 0.0065299445 0.14604723 0.00013234396 0.12398936 0.00024464872 2.245041e-05 0.009873523 3.7049692e-06 6.209709e-05 0.0122686485 3.8727587e-05 4.6112058e-05 7.896743e-05 0.0038125133 8.949582e-05 0.00096914486 3.9229784e-05 0.0033702846 0.008016852 7.5364755e-05 3.5189823e-06 0.00013117051 7.3129464e-05 1.2371707e-05 1.07996575e-05 7.8456384e-07 5.784029e-07 0.0006609536 1.4069211e-06 9.2608786e-07 3.4590573e-06 1.5015134e-05 1.1177151e-05 2.2655273e-05 7.5045705e-08 5.550055e-06 7.353659e-06 2.9534072e-05 6.732384e-07 2.7184018e-07 2.0105385e-07
0.56483084 0.1359827 0.4975567 0.24301344 0.9865923 0.5603116 0.34322214 0.120912194 0.87741774 0.025913034 3.619231e-13 0.00872028 0.0053458367 0.9970092 0.07174903 0.00383779 0.008637049 0.002683234 0.132382 0.0009362563 0.0028273312 0.004693176 0.0023171448 0.2797587 0.0006759117 0.0005269139 0.013171712 0.00019057585 0.001953669 0.00024820838 0.0001319519 0.013942383 0.11287785 0.06005106 0.00057940144 0.0022318505 0.002020801 0.016478488 0.00074790255 0.0045240684 0.0039435155 0.018184721 0.00020889784 0.0003306762 0.017493999 0.006724816 0.0014466045 0.001144627 1.0553802e-05 0.0022146786 0.00079246727 0.0045723403 0.0001161621 0.00032539497 0.00044697113 0.0019229107 0.0004886297 0.0003726586 8.789213e-05 0.024810983 0.00042956625 0.00016369754 7.0473106e-06 0.0004309969 9.304712e-06 2.063275e-06 0.000446015 1.165404e-05 2.4963736e-05 0.0001496325 2.324342e-06 6.1286805e-06 8.6165965e-06 0.00017281744 5.5317873e-06 1.3913812e-05 4.4799272e-08 2.1069682e-05 7.57658e-05 3.7063073e-05 2.4835908e-05 1.2495832e-05 1.0572499e-05 4.6433602e-08 1.1611984e-05 4.6712552e-07 4.5553193e-07 1.35378505e-05 5.0978497e-07 4.5432455e-07 3.3238555e-07 4.1604718e-08 3.133518e-06 2.482461e-07 8.729846e-08 1.0417012e-06 2.0036859e-07 4.628485e-07 1.6241866e-06 1.865565e-07 6.133235e-08
0.38322654 0.07712168 0.0077773375 0.32499787 0.0052029938 0.05281407 0.70253783 0.94383645 0.029255332 0.9036117 0.00872028 1.4333857e-14 0.99588007 0.0060917228 0.27070475 0.15804498 0.911946 0.19331487 0.029119855 0.38768256 0.5922028 0.0023960972 0.008078272 0.0008783964 0.003933406 0.001803243 0.0030349866 0.00084801734 0.13224429 0.0027973808 4.3182692e-05 0.0007997058 0.035027146 0.0033811757 2.181776e-05 0.029577678 0.00070235657 0.003997658 0.0038144537 0.01764823 0.0013447227 0.0061443183 0.00012711214 0.0002783492 0.0031104293 0.00036436005 0.0008741311 0.0009101205 4.81025e-06 0.00012768366 3.9003994e-06 0.0024110975 0.0001186033 6.443739e-05 0.00036149233 0.00020860677 0.0028558832 0.0003377215 0.00039762777 0.0053605344 7.727172e-05 0.0007419379 6.063857e-06 0.00066435634 2.2082975e-06 1.6608645e-06 0.000337172 1.1655536e-06 9.459477e-07 0.00079067016 1.4693326e-06 2.9651233e-06 3.3270667e-06 0.0004593091 1.5248612e-06 0.00022228832 2.497145e-07 4.9601285e-06 0.00012460984 1.0629609e-05 6.380996e-07 3.2557466e-06 3.240222e-06 2.2278025e-06 2.4896226e-06 6.5757513e-07 9.622665e-09 8.151249e-06 2.7873808e-08 3.4635022e-09 2.3019687e-08 2.5050566e-09 4.6507014e-07 6.940289e-08 1.5955342e-08 1.2970148e-07 2.5447605e-07 3.480274e-06 4.124954e-08 7.633702e-09 2.7043857e-08
0.28572035 0.05406584 0.0040577976 0.23344815 0.0037212856 0.041541763 0.6813681 0.80715203 0.023509767 0.70730674 0.0053458367 0.99588007 1.1509672e-14 0.0038820049 0.27380088 0.105617136 0.9811579 0.16398308 0.022569295 0.32008904 0.67264086 0.0036314891 0.005779935 0.0008080849 0.0027981026 0.0011923846 0.005042893 0.00055232854 0.15125446 0.0025360533 4.130759e-05 0.00051341276 0.08548438 0.006768845 2.2291892e-05 0.043246575 0.0005472489 0.010299988 0.004606789 0.026948672 0.0016325952 0.010936303 0.00011623623 0.0005570933 0.0039854385 0.00041084536 0.001322322 0.0015176387 4.8881584e-06 0.00012530937 3.3609826e-06 0.004088062 0.0001387588 7.618583e-05 0.0005280966 0.0001658285 0.0026690364 0.00069029076 0.00030708336 0.0046389657 4.9800765e-05 0.0008383284 1.0610954e-05 0.000664748 1.4537303e-06 9.836e-07 0.00029866555 1.6029679e-06 1.5637281e-06 0.0010245312 5.771802e-07 2.4279368e-06 2.0858668e-06 0.00039729173 8.568858e-07 0.00020377655 2.9030608e-07 2.3004525e-06 0.00018173034 1.4257684e-05 1.243464e-06 3.976873e-06 5.0276217e-06 2.253137e-06 2.0463049e-06 9.375798e-07 7.5900015e-09 1.661561e-05 4.2265132e-08 1.1476977e-08 4.6617295e-08 2.859795e-09 5.6948716e-07 5.3400527e-08 1.0841899e-08 1.3396728e-07 9.417527e-08 1.1530506e-06 1.5817625e-08 3.4120957e-09 7.340913e-08
0.9937277 0.042647686 0.44095096 0.18152244 0.2064463 0.04007881 0.3843572 0.08847232 0.4353921 0.023119614 0.9970092 0.0060917228 0.0038820049 7.329422e-13 0.0140040815 0.0011226854 0.014923341 0.00020644443 0.8707864 0.00015338325 0.0010752622 0.00071693776 0.00058763195 0.21099845 0.00015501911 0.00013178893 0.009392477 1.2996745e-05 0.0008456947 3.2407643e-05 7.2194434e-06 0.8170262 0.169587 0.17524758 0.005283193 0.00044168436 0.00046220832 0.02290714 2.9949655e-05 0.0057374802 0.008394288 0.030680083 4.713216e-05 1.5551583e-05 0.04884813 0.023465708 0.0036377176 0.0021612968 4.463713e-08 0.0019611067 0.001039139 0.017910093 3.608498e-06 0.00057866256 0.00041989516 0.0010359089 0.00010566264 0.0015297809 2.1823535e-06 0.41926193 0.00028543174 0.00021659775 0.00012315609 0.0045072027 7.0367976e-05 8.2628485e-06 0.00060244044 1.9572502e-05 3.505011e-05 0.00044094867 2.0374418e-05 1.0014872e-07 5.0428473e-05 0.00043702679 2.571913e-05 4.066318e-05 6.55067e-09 0.00011659594 0.00051689916 3.240185e-06 3.5242956e-06 3.381214e-06 1.4993103e-06 8.1425924e-08 2.8257879e-05 1.0467203e-06 1.1935722e-07 3.0600797e-05 2.31733e-06 9.3908955e-07 1.1018981e-06 2.0004096e-07 1.48656845e-05 2.1960893e-06 2.010922e-07 8.326059e-08 1.899541e-07 1.850605e-06 2.4067848e-08 3.7022495e-08 3.2734518e-10
0.96790797 0.14334726 0.007738964 0.58844995 0.009413303 0.4228458 0.08948085 0.42700556 0.29990333 0.8819542 0.07174903 0.27070475 0.27380088 0.0140040815 1.2729383e-14 0.9882571 0.2632121 0.8884389 0.850492 0.37912434 0.3100978 0.41798556 0.77870804 0.0012504441 0.33898994 0.2182025 0.0005601494 0.022217557 0.1425176 0.03484338 0.0013717982 0.0020213388 0.011065528 0.0006624981 4.1824973e-05 0.03579298 0.060488418 0.0015060215 0.02653364 0.041381508 0.1830847 0.0075220657 0.007984699 0.004570036 0.0016918306 0.00018643781 0.00065152394 0.00050396164 4.0457784e-05 0.00020517003 9.830833e-07 0.0032137989 0.00017134832 2.254665e-06 0.00018889578 0.017335782 0.015666107 0.0005125295 0.00093160075 0.14869028 6.8792033e-06 0.002372169 6.812078e-08 0.0014803148 4.1775838e-08 2.1980272e-06 0.00050793897 2.0664552e-06 5.303051e-06 0.0019168182 7.92715e-07 1.4308683e-05 1.0597725e-05 0.0018518958 1.9321928e-05 0.00054298714 1.7828957e-05 0.00022231355 0.0010574224 4.0165953e-05 2.727003e-06 1.3172049e-05 2.7295164e-06 7.504638e-07 2.6473654e-06 1.6385691e-07 5.903835e-08 4.8612696e-06 4.5206804e-07 1.5542078e-07 1.6261743e-07 2.3663289e-07 6.7421314e-07 1.1561038e-06 2.2809463e-08 4.501255e-06 1.8315428e-06 5.9009585e-06 9.3158015e-08 1.4036598e-07 1.3877036e-07
0.9516007 0.019257648 0.00086187216 0.29154906 0.0006200333 0.079598136 0.019240223 0.22331578 0.07168259 0.78034914 0.00383779 0.15804498 0.105617136 0.0011226854 0.9882571 1.788591e-12 0.3302427 0.9758782 0.43011454 0.6779636 0.57586765 0.3502825 0.6595845 0.00073654123 0.6514118 0.33960778 0.0002590863 0.050068866 0.489319 0.096813485 0.012582921 0.00018361563 0.020567598 0.0018000839 9.964123e-06 0.20336884 0.058622006 0.0068992823 0.22355646 0.29808778 0.09745774 0.042877242 0.015305712 0.048001114 0.0074218675 0.0024309722 0.0031329494 0.0018046485 0.00026760466 0.0004386569 1.9984943e-06 0.007664962 0.0011299537 9.264014e-05 0.0006498882 0.012119529 0.2621859 0.0010508533 0.008166269 0.096158646 0.00010022884 0.04064345 3.51765e-06 0.021450069 4.0498742e-07 4.214881e-06 0.0044096424 6.511739e-06 2.1466238e-05 0.010054963 1.1162822e-05 0.0002087845 2.4595126e-06 0.005408906 6.0020793e-05 0.0026957404 0.0002625967 0.0020694619 0.00765621 0.00024713489 2.0678382e-05 0.00093237794 0.00021836006 5.455964e-06 6.916736e-05 2.614906e-06 4.4018625e-06 0.0011601115 5.1862417e-06 2.4363426e-06 7.557517e-06 3.498899e-05 1.6971657e-05 2.7813812e-05 7.8191965e-07 1.7206581e-05 3.088757e-05 3.5475496e-06 1.6752804e-06 1.2459342e-06 3.128133e-07
0.8811195 0.036355693 0.00481021 0.5053291 0.0028054959 0.056045532 0.6494038 0.5403812 0.0614094 0.8896874 0.008637049 0.911946 0.9811579 0.014923341 0.2632121 0.3302427 2.9603561e-12 0.2067949 0.07465438 0.5914148 0.9523878 0.009484117 0.045728624 0.0021577906 0.024036452 0.006986922 0.021870991 0.00091505254 0.63446254 0.008387229 0.00026340308 0.0015894907 0.5575889 0.11295878 9.5445226e-05 0.30948445 0.00041118503 0.15552141 0.043189537 0.47442374 0.0055679586 0.30333248 0.00030028264 0.0013872737 0.16878709 0.047410917 0.054020304 0.047021683 3.8122154e-05 0.0005185082 2.8195855e-05 0.38889018 0.00018115136 0.0027898438 0.044481404 0.00071058114 0.20693287 0.04386376 0.0011174493 0.029035069 0.014089241 0.13193963 0.00017836106 0.25320825 0.00011063132 1.9131717e-06 0.011319997 2.6255286e-06 6.4199456e-05 0.023033775 1.9922576e-05 5.7347256e-06 1.167353e-05 0.0061010835 3.3240143e-05 0.0021922046 4.192603e-06 0.0004767174 0.0015463653 2.007995e-06 8.4205894e-08 1.0398567e-05 1.1543759e-05 7.4944177e-07 5.2540504e-06 6.132619e-07 1.3710368e-07 5.8121415e-05 2.9721415e-08 2.2703253e-08 1.6431963e-07 1.1671881e-07 6.516031e-08 2.6786404e-08 3.7940314e-08 8.900635e-08 3.4267669e-07 7.8031496e-07 1.2922207e-07 2.544224e-09 3.980436e-08
0.8875239 0.004675642 0.00035035453 0.056658436 0.0003291129 0.028714117 0.0019427051 0.05915777 0.00975167 0.58480763 0.002683234 0.19331487 0.16398308 0.00020644443 0.8884389 0.9758782 0.2067949 9.904066e-16 0.10766074 0.98814785 0.51711255 0.16209184 0.66662955 1.8052146e-05 0.8291148 0.26133716 0.0002807475 0.23905408 0.23500134 0.26697642 0.02892753 7.583433e-05 0.0021064088 3.4682686e-05 3.9980505e-06 0.05189714 0.036719438 0.00065846724 0.15519588 0.045515236 0.05591175 0.003184135 0.011242625 0.012983337 0.00014551355 1.1614297e-05 0.00018451807 0.00032931415 0.0005554395 7.286778e-05 3.880792e-07 0.0017412206 0.00078847335 3.2700173e-06 0.00028548593 0.00737263 0.019930454 6.928376e-05 0.00538666 0.046389658 7.5976172e-06 0.002397306 5.6837838e-08 0.00043098003 6.0068345e-08 5.1865555e-07 0.0007090662 6.7907143e-07 5.8550036e-06 0.002882107 5.235331e-07 5.3376367e-05 7.334486e-07 0.0028335315 2.8520562e-06 0.0010333775 0.00015067915 0.00014051072 0.0023222552 9.127168e-05 3.9875827e-06 5.6297864e-05 3.7762336e-05 4.6162636e-06 1.2819017e-05 3.3922905e-07 1.316348e-06 0.00011016324 3.7705458e-06 4.5658015e-07 9.971847e-07 9.050816e-06 5.521188e-06 2.611086e-06 1.4476168e-08 2.0674095e-06 1.7654918e-05 1.3503211e-06 2.1702607e-07 1.9255482e-07 2.2044478e-07
0.99987054 0.17453365 0.12632614 0.6960826 0.06735893 0.6742368 0.30707115 0.26504236 0.97348344 0.3136001 0.132382 0.029119855 0.022569295 0.8707864 0.850492 0.43011454 0.07465438 0.10766074 2.6427004e-16 0.013849366 0.031181172 0.4940053 0.09130317 0.028117714 0.008089975 0.0073538744 0.0024975142 0.0011041252 0.022001358 0.0011326703 0.00032961986 0.0044647423 0.043228384 0.0118366415 0.00011350876 0.008890711 0.016331356 0.0057745166 0.001613101 0.011411898 0.19329679 0.005658668 0.00091779977 0.00031864055 0.0034520417 0.0014657906 0.00042028536 0.00031692162 2.4466574e-06 0.00032428405 1.6373335e-05 0.00071626634 2.1071872e-05 3.382064e-05 8.581935e-05 0.01652485 0.0010393966 0.00013017208 4.432913e-05 0.47504085 4.0728693e-05 0.00028318298 2.1632568e-06 0.00033655966 1.6692768e-05 7.390464e-06 0.00018540942 1.3848495e-05 3.3465867e-06 0.00016938566 2.4266672e-05 6.0011207e-06 0.00012830693 0.0006373868 8.8916595e-06 4.2405252e-05 5.7433397e-08 0.00017746589 0.00030076297 1.6838378e-05 6.398122e-06 5.426224e-05 1.0373907e-06 8.377928e-08 5.7108344e-05 3.443566e-07 4.381439e-07 2.7851595e-06 6.9071257e-07 1.1141121e-06 2.2542734e-08 1.3424865e-07 2.8251961e-06 7.950636e-07 7.673687e-09 1.6780331e-07 2.8014249e-08 3.974414e-07 1.8085488e-07 9.4377884e-07 1.4430288e-09
0.88121825 0.0014579749 0.00037310043 0.01702927 0.0001638409 0.0065453784 0.0016356145 0.03700259 0.0019651628 0.394049 0.0009362563 0.38768256 0.32008904 0.00015338325 0.37912434 0.6779636 0.5914148 0.98814785 0.013849366 9.10695e-15 0.9078946 0.045701683 0.30008134 6.190973e-06 0.73710316 0.12457815 8.924975e-05 0.5926348 0.5844247 0.93940026 0.1090347 3.7534417e-05 0.0024481982 5.3872736e-05 1.5588756e-06 0.20663057 0.009175316 0.0009667383 0.62811565 0.09327649 0.025009064 0.005771648 0.005960809 0.052720398 0.00020754078 7.035388e-05 0.0007430301 0.0010594962 0.0019508045 7.3229756e-05 7.197029e-07 0.0017850989 0.0026090688 1.585412e-05 0.00038105124 0.0030502856 0.0682434 0.00025024315 0.01737344 0.02604728 2.1608721e-05 0.005624903 1.2496732e-06 0.0008082175 3.4904838e-07 1.2764285e-06 0.0011070775 5.681625e-07 8.902817e-06 0.005483379 3.3502652e-06 9.388693e-05 1.0105995e-06 0.004082467 2.3119092e-06 0.0029251087 0.00016505098 0.0001437205 0.0022479645 0.00011034808 1.1267897e-05 0.00031976565 0.00010409278 8.293125e-06 0.00015091788 1.1317696e-05 2.0061107e-05 0.0010991993 1.622421e-05 3.5401815e-06 5.654174e-06 2.9179415e-05 1.2189534e-05 5.3528865e-06 1.8874981e-07 2.9168563e-05 3.2558568e-05 5.1120874e-06 3.422723e-07 1.05208294e-07 9.061616e-07
0.9030149 0.0032538068 0.0003714791 0.14579922 0.00051820267 0.012353514 0.021463862 0.1479236 0.011649787 0.8571212 0.0028273312 0.5922028 0.67264086 0.0010752622 0.3100978 0.57586765 0.9523878 0.51711255 0.031181172 0.9078946 7.663468e-15 0.010283038 0.03513088 0.000103122875 0.11445741 0.0116283195 0.0011861636 0.011198688 0.9787581 0.22662167 0.002298748 0.0004423654 0.10781332 0.0011133502 2.3905173e-05 0.5484581 0.0011312998 0.016448356 0.34274694 0.21607031 0.0042759455 0.040103216 0.0013336657 0.00881019 0.005694881 0.0004393228 0.0023494689 0.002579608 0.00045980499 0.0001907435 2.2090053e-06 0.016889878 0.00065290945 5.1178995e-05 0.0015873025 0.0016243121 0.124853395 0.002374567 0.0054917918 0.015284066 0.00018012636 0.02064399 1.0652986e-06 0.0130884545 6.593321e-07 1.0575832e-06 0.0038955878 1.1253517e-07 3.258376e-05 0.019569738 1.8700229e-06 2.3401124e-05 8.917233e-07 0.0064565036 1.0366277e-05 0.002493842 8.394432e-05 0.00015999655 0.0014878002 2.345685e-05 1.1212622e-06 3.3110819e-06 1.1524079e-05 3.0960368e-06 4.4850876e-06 7.053432e-07 3.0575706e-07 2.1937374e-05 5.3064934e-07 1.83622e-07 1.5104436e-07 7.4577923e-07 3.1188603e-07 1.5986163e-07 2.0093031e-08 1.5526632e-06 3.8192106e-06 7.9454134e-07 1.659363e-07 9.3478754e-08 9.966142e-07
0.97991216 0.007810697 0.0003637192 0.019778823 0.0012677553 0.036766198 0.00060659455 0.0046145013 0.0757795 0.031417 0.004693176 0.0023960972 0.0036314891 0.00071693776 0.41798556 0.3502825 0.009484117 0.16209184 0.4940053 0.045701683 0.010283038 1.3474489e-13 0.9955801 0.0001630245 0.1279519 0.6871291 0.00027862543 0.026469862 0.0070013166 0.024149187 0.015360335 0.00060934573 0.0003586929 2.8157778e-05 2.1250007e-05 0.0025157286 0.83416885 0.000173834 0.011212762 0.002993205 0.89555776 0.0004519004 0.07369405 0.0026680299 3.0402962e-05 5.579541e-06 3.343328e-05 8.3861974e-05 0.00020538204 0.00011692889 7.492767e-07 0.00041088826 0.0019745305 2.673312e-06 6.159058e-05 0.18593723 0.00060739135 7.86361e-05 0.0006180122 0.55605596 3.546501e-06 0.00028987962 1.1875461e-06 0.00010836691 4.1320078e-07 5.7057305e-06 0.00034672878 2.5128775e-06 1.1283693e-05 0.00040035165 1.6103949e-06 0.000104254505 9.886153e-07 0.0004446839 3.30618e-05 0.00035042022 0.00020253137 6.676744e-05 0.00064167776 0.000119588694 0.00012180035 0.00018549642 0.00022900334 5.995852e-06 0.00021259564 7.675381e-06 1.8903419e-06 2.8240689e-05 6.427668e-06 8.9047575e-07 5.1558266e-07 1.5364252e-06 3.8145172e-05 1.7619259e-05 2.3911775e-06 3.5419614e-06 2.4900523e-06 3.6720536e-05 1.0239299e-06 1.7837392e-05 2.4425296e-07
0.7846585 0.011742854 0.00022628618 0.07713794 0.0005902639 0.034413073 0.002151591 0.018757466 0.023302063 0.122876965 0.0023171448 0.008078272 0.005779935 0.00058763195 0.77870804 0.6595845 0.045728624 0.66662955 0.09130317 0.30008134 0.03513088 0.9955801 9.4053844e-17 0.00047607088 0.7925382 0.98074996 0.00031885243 0.33583143 0.046025082 0.1845401 0.28281337 7.664194e-05 0.0021174762 0.00040698465 1.309065e-05 0.01777474 0.52420133 0.0006546147 0.07529641 0.021948328 0.3408757 0.002058296 0.033817455 0.024691598 0.00031497542 8.175207e-05 0.0002676327 0.00047286233 0.0033885504 7.697854e-05 9.277108e-07 0.0008801913 0.008407046 4.512436e-05 0.00017889531 0.032569263 0.011635079 0.00014417586 0.0057216976 0.07164483 9.175474e-05 0.0013323398 3.463076e-07 0.0015029203 7.0288155e-07 3.630261e-06 0.0010147057 3.3530398e-06 2.2981556e-05 0.0015444745 9.539413e-06 0.0009238821 1.214365e-06 0.0021327685 5.2689e-05 0.00144694 0.0012605248 0.00028175575 0.0030608722 0.00044993192 0.00052345404 0.0039438237 0.0010993507 1.4198862e-05 0.0005371732 5.1192077e-05 9.894567e-05 0.0016749604 1.6924687e-05 8.899413e-06 3.9436847e-05 8.652174e-05 3.068209e-05 1.527393e-05 5.166668e-06 7.5726864e-05 1.732773e-05 9.988928e-06 1.0280012e-06 4.0422958e-05 2.5389074e-06
0.9280855 0.014019475 0.04962095 0.014001505 0.016473955 0.00765348 0.10529251 0.0031755934 0.06464331 0.0021370687 0.2797587 0.0008783964 0.0008080849 0.21099845 0.0012504441 0.00073654123 0.0021577906 1.8052146e-05 0.028117714 6.190973e-06 0.000103122875 0.0001630245 0.00047607088 3.365729e-10 3.0365498e-05 2.6904829e-05 0.9992405 4.0142282e-07 5.238178e-05 4.3650812e-07 2.5517423e-07 0.8909476 0.034310684 0.23379616 0.92454 3.328268e-05 7.114322e-05 0.013350593 1.7668351e-06 5.6417502e-05 0.00050089 0.0075805993 2.8842694e-06 7.348727e-07 0.010577461 0.05376325 0.004511677 0.0014960781 2.3242785e-09 0.19270375 0.11175918 0.004493588 1.2311843e-07 0.0038237232 0.0011635203 1.7965243e-05 2.7194144e-06 0.00030787892 8.9423075e-08 0.052759226 0.000354336 4.845246e-06 0.0007187835 0.00028476617 0.000107930944 1.8839098e-06 0.0003025593 1.4559099e-08 7.255475e-07 1.0700695e-05 2.6061255e-06 3.935118e-09 0.0008926155 1.343806e-05 1.7340533e-06 5.6242163e-07 1.03983606e-10 5.18009e-07 9.65117e-06 4.5309784e-07 2.596142e-07 1.523468e-07 4.457477e-08 1.155286e-08 2.1790738e-06 5.520957e-08 1.2574713e-08 3.6923822e-07 7.4688177e-07 9.465352e-09 2.158736e-09 5.9007244e-09 1.4264083e-06 4.1963247e-07 2.7799013e-07 1.4216759e-09 4.0513882e-07 1.344136e-06 1.6195973e-08 6.2035284e-09 1.941152e-09
0.9331865 0.00067767926 6.9134854e-05 0.004278325 0.00014836177 0.0032186543 0.00025216976 0.0018090416 0.0016997971 0.13114813 0.0006759117 0.003933406 0.0027981026 0.00015501911 0.33898994 0.6514118 0.024036452 0.8291148 0.008089975 0.73710316 0.11445741 0.1279519 0.7925382 3.0365498e-05 6.45752e-16 0.9809653 0.00010099578 0.9089596 0.08386847 0.7952504 0.915926 3.195043e-05 0.00065851526 9.6177115e-05 2.7744918e-06 0.026472278 0.49915272 0.0005014015 0.3117781 0.02184423 0.28404203 0.00094234536 0.08827802 0.13346796 5.2598734e-05 6.6629696e-06 0.00011063818 0.0003508974 0.013646854 3.4007758e-06 8.2013815e-07 0.0004387274 0.010618547 7.224013e-07 0.000104694096 0.02348132 0.0053171827 2.4696936e-05 0.021461241 0.10723073 1.0615367e-05 0.0008592669 5.9769945e-08 0.00023846328 2.2258348e-07 1.5396756e-06 0.00015783602 4.4196013e-06 1.4510834e-06 0.0009057776 8.39057e-06 0.000706063 1.9458703e-06 0.0011408954 6.252503e-06 0.0006008569 0.0010901253 0.00013257464 0.0016017302 0.00025820223 8.6369946e-05 0.00088990235 0.00048060183 6.312872e-05 0.00032618505 9.169494e-06 2.5750842e-05 0.0005777279 3.0798095e-05 9.341789e-06 2.4662395e-06 3.6777627e-05 2.2910042e-05 5.459181e-06 8.531406e-07 2.3455017e-05 2.3150064e-06 5.460962e-06 3.849178e-07 2.9574517e-07 1.8544565e-06
0.8566067 0.001203687 0.00022109866 0.0025561342 0.0002509946 0.004815646 0.0003498829 0.00066414475 0.0014777222 0.0168009 0.0005269139 0.001803243 0.0011923846 0.00013178893 0.2182025 0.33960778 0.006986922 0.26133716 0.0073538744 0.12457815 0.0116283195 0.6871291 0.98074996 2.6904829e-05 0.9809653 4.0326484e-17 0.00016019258 0.46438038 0.0081801405 0.17741428 0.5028924 8.429979e-05 0.00025297212 3.307981e-05 5.8139512e-06 0.0038416805 0.9293406 0.00015935453 0.033596385 0.002746548 0.47754946 0.00037163717 0.15562034 0.013240148 2.7688919e-05 4.4190156e-06 2.4428698e-05 7.13612e-05 0.0056922985 9.953258e-06 1.2799807e-06 0.00010539112 0.004345345 1.9452784e-06 2.2775306e-05 0.04092411 0.0005917034 7.010182e-06 0.0025931199 0.07785976 5.6559375e-06 0.00016702045 1.5423238e-08 1.1306368e-05 2.0789209e-07 2.599836e-07 2.5433557e-05 7.5160693e-07 9.923285e-07 0.00021634281 5.828276e-07 0.00064685487 3.2616276e-07 0.00038657477 8.6726436e-07 0.00018113012 0.0014540466 2.3228982e-05 0.00081350136 0.00041162327 8.003051e-05 0.0010901976 0.00022844887 8.118398e-05 0.0004936117 9.645456e-06 8.948041e-06 9.255572e-05 1.896012e-05 1.1868169e-06 4.2783756e-07 4.4456726e-07 1.1605661e-05 3.6874258e-06 1.2262149e-07 1.7284638e-05 1.4024642e-06 1.3965489e-06 2.0469636e-07 2.5249088e-07 9.935947e-07
0.24765646 0.010367036 0.0143909035 0.004839584 0.0043391874 0.003689841 0.2148837 0.0066237524 0.0041233515 0.0016262024 0.013171712 0.0030349866 0.005042893 0.009392477 0.0005601494 0.0002590863 0.021870991 0.0002807475 0.0024975142 8.924975e-05 0.0011861636 0.00027862543 0.00031885243 0.9992405 0.00010099578 0.00016019258 6.930968e-14 6.5573367e-06 0.00091234385 3.6911042e-05 8.043808e-06 0.07605473 0.85291916 0.9693627 0.4320564 0.0011804028 4.0862527e-05 0.5138609 0.00013276671 0.005630877 0.00035608193 0.38689432 3.857583e-05 2.6943444e-05 0.41121823 0.7644704 0.10922206 0.08868779 4.916328e-07 0.77013826 0.6080609 0.07770777 6.3253157e-07 0.13157767 0.005935232 7.4435535e-05 0.00014008001 0.0006852149 1.5017646e-06 0.0027244063 0.0014015877 3.7090973e-05 0.022865294 0.00021932031 4.6762165e-05 4.1658812e-05 0.00093021354 3.8298754e-08 1.139605e-06 3.260182e-05 1.0540403e-05 5.0830113e-08 0.015579826 1.674957e-05 2.7806027e-06 1.6118129e-06 1.1717781e-10 1.416255e-07 5.0174697e-07 3.9908716e-07 7.0447936e-07 1.1485179e-06 1.8042937e-07 1.3681678e-08 9.2729414e-07 1.6830975e-07 7.832298e-08 3.2720761e-06 8.3877445e-08 6.2174855e-08 1.4934038e-08 6.311567e-08 6.5048056e-08 7.185469e-08 3.0175013e-08 2.180239e-07 1.14883065e-07 1.6512203e-07 1.3798035e-08 2.1964931e-10 7.435411e-08
0.7218535 9.747326e-05 6.024194e-06 0.00016944058 1.13948945e-05 0.0004035501 6.9698044e-06 0.00011131522 0.00024073361 0.0030578596 0.00019057585 0.00084801734 0.00055232854 1.2996745e-05 0.022217557 0.050068866 0.00091505254 0.23905408 0.0011041252 0.5926348 0.011198688 0.026469862 0.33583143 4.0142282e-07 0.9089596 0.46438038 6.5573367e-06 1.0769063e-16 0.010396282 0.9708681 0.99575776 1.2588351e-05 4.7648555e-05 2.423285e-06 6.742189e-07 0.004619543 0.26764718 2.4869303e-05 0.16473456 0.0025660088 0.055484496 0.00017777587 0.10715859 0.08723948 2.6989761e-05 1.0792858e-06 4.463788e-05 5.1958632e-05 0.0650979 7.190611e-06 6.843975e-07 8.0075406e-05 0.059406117 7.306958e-07 3.1193034e-05 0.013054224 0.006097192 1.0178329e-05 0.021668673 0.026308032 1.892279e-06 0.00016947096 1.3614881e-08 1.6333146e-05 8.767404e-09 8.805182e-08 7.526313e-05 1.8327728e-06 7.0027147e-07 0.0010155215 7.724898e-08 0.0010999909 8.748382e-08 0.0007486365 1.4796618e-07 0.0015767533 0.0031061294 1.9483039e-05 0.0010351638 0.00043671872 0.000147953 0.0021687506 0.00029919037 3.2447475e-05 0.00029129686 2.5440057e-05 0.00013828455 0.00018046888 1.7237064e-05 2.3059702e-06 4.1277794e-06 1.0635713e-07 1.0004706e-05 5.936015e-06 2.5899903e-08 1.9592318e-05 3.7395873e-06 8.7873184e-07 1.783961e-06 7.478347e-07 1.2386126e-06
0.92763495 0.0015592874 0.00034797384 0.09116898 0.00042784947 0.004882936 0.012275278 0.06079866 0.009114677 0.75037223 0.001953669 0.13224429 0.15125446 0.0008456947 0.1425176 0.489319 0.63446254 0.23500134 0.022001358 0.5844247 0.9787581 0.0070013166 0.046025082 5.238178e-05 0.08386847 0.0081801405 0.00091234385 0.010396282 3.0059055e-14 0.23421346 0.001518151 0.0005051087 0.14302103 0.001218154 2.6576849e-05 0.98505694 0.0015529308 0.03932031 0.76786274 0.6033142 0.004496298 0.11277714 0.00077477074 0.039242424 0.016124351 0.0009559348 0.0071305903 0.00986756 0.0005432199 8.4788306e-05 8.4873494e-07 0.19257732 0.0006497797 9.675817e-05 0.014382465 0.001069357 0.74872494 0.02385596 0.012242 0.016698088 0.0035201022 0.17205234 3.7283135e-06 0.21186084 7.669309e-06 1.4398871e-06 0.04336874 7.665952e-08 0.00048106266 0.2483177 1.9167777e-05 2.5895473e-05 2.3645153e-07 0.050696887 0.0002529465 0.0067970552 4.0531853e-05 0.0027767285 0.004053185 9.8177115e-06 6.8643163e-07 9.738709e-06 3.376997e-05 5.505244e-07 5.2290966e-06 8.91651e-07 6.549496e-07 0.0004303539 6.8326733e-07 1.2594859e-07 7.8431617e-07 2.3444283e-05 1.4220929e-06 1.940141e-06 4.9260876e-08 3.9041862e-07 1.37074285e-05 5.9237965e-07 6.163103e-08 6.8233255e-08 1.6129253e-07
0.91756165 0.00020790152 3.3937667e-05 0.00016133617 2.4949026e-05 0.00040752278 6.245104e-05 0.00019697729 0.0002450286 0.017292289 0.00024820838 0.0027973808 0.0025360533 3.2407643e-05 0.03484338 0.096813485 0.008387229 0.26697642 0.0011326703 0.93940026 0.22662167 0.024149187 0.1845401 4.3650812e-07 0.7952504 0.17741428 3.6911042e-05 0.9708681 0.23421346 1.734692e-13 0.6662936 1.5983007e-05 0.0006087088 2.2790102e-05 1.4028763e-06 0.13793421 0.04383076 0.00096913887 0.9748738 0.06910315 0.034480657 0.0013857373 0.050792236 0.77557695 0.00011890319 1.2809608e-05 0.00062690454 0.0008291113 0.17747816 1.0120438e-05 2.9571018e-07 0.0010928097 0.4030007 6.663611e-06 0.00037452872 0.0067827315 0.1364097 0.00025033482 0.3746934 0.037649173 4.105569e-05 0.012271351 8.054496e-07 0.0011581964 4.3133053e-07 1.2483379e-06 0.0009712016 3.734434e-06 1.2228248e-05 0.012974035 2.3955998e-05 0.0009573038 6.342858e-07 0.0132759735 1.20547165e-05 0.010359835 0.003681927 0.00082230684 0.010470404 0.0008205193 0.00026372282 0.0036250164 0.0021371145 7.676968e-05 0.0010420134 0.00013083393 0.0011732364 0.0035934192 0.00024447916 0.00013339876 5.6501558e-05 6.9582195e-05 0.00013526359 2.9905046e-05 2.9148246e-06 0.00010882945 5.5338485e-05 2.0006446e-05 1.2862515e-05 5.632506e-06 4.9254118e-06
0.96852523 1.1827342e-05 9.749558e-07 2.3469338e-05 2.9881367e-06 0.00011330002 1.0984096e-06 5.0996173e-06 0.00011661284 0.00022450507 0.0001319519 4.3182692e-05 4.130759e-05 7.2194434e-06 0.0013717982 0.012582921 0.00026340308 0.02892753 0.00032961986 0.1090347 0.002298748 0.015360335 0.28281337 2.5517423e-07 0.915926 0.5028924 8.043808e-06 0.99575776 0.001518151 0.6662936 3.0350431e-15 1.9256257e-05 7.6106057e-06 6.006391e-07 1.0941086e-06 0.0009446627 0.8001649 1.2401344e-05 0.10655056 0.0007353909 0.2511987 2.367146e-05 0.7673681 0.116196565 1.9782274e-06 9.7827844e-08 2.3553298e-06 1.9232395e-05 0.73268 4.6748455e-06 4.099471e-08 5.7064985e-06 0.41421366 3.0666789e-07 5.9317654e-06 0.06992172 0.000999599 9.541956e-07 0.0315766 0.13579158 8.584214e-08 0.00016704338 1.00423545e-08 7.6199916e-07 8.319594e-09 2.766461e-07 2.0702098e-05 1.0005707e-07 2.7951899e-07 0.00022699879 1.1460927e-07 0.0051948503 4.2365613e-08 0.0011521438 3.0344074e-07 0.0017861462 0.028670166 1.18997505e-05 0.00141425 0.0018062858 0.0008127783 0.005722469 0.00072540366 0.00029975187 0.0013505935 0.00019502938 0.00046351049 0.00032415512 7.54289e-05 1.9327548e-05 1.0512109e-06 3.1655532e-07 4.8360846e-05 7.992636e-06 1.4573997e-07 7.4810014e-05 8.2120255e-07 1.0113182e-05 1.5489526e-06 6.7676892e-06 6.5351364e-06
