4.7976472e-17 0.01069638 0.77566576 0.40657985 0.0040268307 0.5998488 0.9610989 0.81988287 0.4522446 0.006179795 0.24745557 0.6828766 0.1957137 0.12700476 0.58632386 0.83594537 0.8680344 0.45022982 0.8029796 0.95904404 0.0013513692 0.8967365 0.50183076 0.16425112 0.9381678 0.92021585 0.94372314 0.80340034 1.1201444e-06 0.615235 0.79415977 0.9198953 0.93289286 0.9017034 0.9321788 0.85693026 0.96985584 0.9027669 0.90864724 0.7716333 0.8956087 0.23286864 0.7828163 0.92679805 0.40985748 0.5302511 0.8258103 0.30147812 0.9649878 0.80871814 0.9418637 0.93671465 0.94545263 0.8375892 0.7080646 0.84153825 0.85998327 0.97688335 0.9446447 0.9762073 0.3790947 0.9816603 0.9555839 0.99890524 0.54575217 0.90600395 0.97236484 0.8871242 0.0016608909 0.6080866 0.7390458 0.023774182 0.00069869624 0.08604996 0.46592027 0.7468531 0.87175936 0.42944872 0.037854657 0.98009 0.78616685 0.99929357 0.98826003 0.9882115 0.5584125 0.009633933 0.997521 0.9999474 0.96696 0.39091846 0.913502 0.6585125 0.9997744 0.041687272 0.04782789 0.9999652 0.9999899 0.013733729 0.52546906 0.0009711128 0.00034073743
0.01069638 1.1491722e-15 0.03087508 0.99982303 0.99931735 0.30909404 0.0041869553 0.108666606 0.00042929145 0.018274201 0.0004615599 9.818381e-05 0.00079004123 0.05264122 0.00048335118 0.00020300901 0.010084478 4.276981e-05 0.00017848972 8.571278e-05 0.00010968719 0.0030849127 9.877026e-06 1.7388267e-05 3.158512e-05 1.8296949e-05 0.00054478104 0.00057296775 4.16544e-09 0.00020777289 1.2968047e-05 0.00055710843 1.1800291e-05 8.4481635e-06 0.00066021277 1.8549314e-05 1.9024274e-05 8.9139685e-05 0.00019302948 1.2597352e-06 1.6094022e-07 9.434729e-07 4.3249415e-07 5.8798646e-06 6.820782e-06 7.69074e-06 6.8794657e-06 3.7461174e-07 0.00024573042 8.580626e-05 3.844112e-07 8.953838e-06 3.6916233e-06 1.2450392e-05 1.3613179e-06 4.902825e-07 5.5929956e-07 4.043184e-06 4.259181e-07 5.7675323e-05 3.921843e-06 1.0856225e-05 3.786222e-05 1.889456e-05 8.488179e-06 4.7404663e-07 4.4352255e-05 7.2994812e-06 1.6034496e-06 2.9024271e-05 1.3897034e-07 9.039175e-07 5.416323e-07 4.3131283e-07 2.4652966e-06 1.0080505e-06 1.2962846e-06 1.516664e-08 7.149024e-08 1.9672938e-05 3.702725e-05 3.977615e-05 1.7589426e-05 1.576236e-06 3.3136326e-05 6.376154e-07 5.3526033e-05 0.00014509866 4.725474e-06 1.3652216e-05 0.00015126327 9.259288e-07 5.678635e-07 1.2123423e-06 2.68891e-07 0.00013112111 0.00090028363 1.8698747e-08 1.7099002e-06 8.560371e-09 1.0063369e-08
0.77566576 0.03087508 1.3672486e-17 0.23008178 0.904814 0.65802747 0.56367135 0.02811453 0.99671984 0.00014330377 0.0027921353 0.0026644839 0.7482405 0.001694894 0.0027675733 0.006553699 0.95812064 0.00080025557 0.0014286157 0.0004200289 1.2971126e-05 0.104762234 6.8512663e-06 4.47343e-06 3.2968367e-06 0.0027252769 0.57334423 0.09437411 7.5329547e-07 0.027405271 0.0010939233 0.34129634 0.0014483108 9.7835364e-05 0.09420206 0.00015607961 0.17978247 0.014096915 0.010441481 4.4126708e-05 0.0002354656 2.5160847e-07 0.001800782 0.010882474 0.00059415435 0.00031800123 0.005024425 3.095534e-05 0.011426093 0.0022162737 5.2468025e-05 0.0009563895 3.6808713e-05 0.003484916 0.00078946125 0.00037635906 2.1943191e-05 0.0009100358 0.00019758294 0.0038809276 9.391048e-05 0.00040458594 0.008269105 0.012712028 0.00018287728 2.6667628e-06 0.0022510204 0.0009677895 0.0012053247 4.4335593e-05 3.931857e-06 0.00016783268 3.3988242e-06 2.350792e-06 3.7510188e-05 0.00043835415 0.0005376521 5.7401312e-08 3.6871637e-07 0.0010854773 0.0017506062 0.004508987 0.00023667095 6.238492e-05 9.810304e-05 4.681013e-05 7.91588e-05 0.00085844484 0.00015905588 1.5977208e-06 0.00025848064 3.7914324e-07 0.00012434534 2.176842e-07 4.7400226e-07 0.0012706063 0.0014299231 1.2560218e-05 5.704621e-06 5.1671844e-08 1.5009913e-08
0.40657985 0.99982303 0.23008178 1.7869259e-13 0.25103217 0.8982586 0.14837578 0.96855086 0.0018918011 0.42655212 0.23163487 0.095821634 0.0025705695 0.8864734 0.09628071 0.090437375 0.44198978 0.037109774 0.061320547 0.022684662 0.0022014186 0.28726137 0.0061353217 0.034314055 0.004112111 0.032650594 0.036081087 0.07874396 1.7395283e-05 0.0004892606 0.007480706 0.021534054 0.0062032603 0.0008352081 0.06291337 0.0021984617 0.005765195 0.008913625 0.017817086 0.00020472224 4.6096753e-09 3.415895e-05 1.6060076e-07 0.0020091003 0.0006774861 0.0005864001 0.0018186091 0.0016368575 0.012499242 0.0030094949 3.9902794e-08 0.003258496 0.00052270526 0.0020729373 0.0005312046 2.747555e-08 9.2672385e-09 0.0004637329 1.5978152e-08 0.0042022904 0.0001381211 1.6610754e-06 0.005425932 0.000121465804 0.00015063949 2.3108893e-09 0.0026463685 0.0001771115 4.8067074e-07 4.3163047e-05 1.6864837e-08 5.1721474e-07 4.374742e-07 3.4996347e-08 6.369833e-05 0.00032063507 0.00015003046 2.8698518e-11 6.337642e-10 0.00095763203 0.0021500003 0.0007242679 0.00082277716 4.117084e-07 0.0010701058 3.075115e-08 0.0008411224 0.00078163453 0.0017964841 1.3262938e-08 0.0013652804 3.6843847e-08 0.00067392964 5.066921e-09 1.715671e-08 0.00058607635 0.001127859 2.4657127e-06 2.0681595e-07 1.7591707e-07 2.965215e-09
0.0040268307 0.99931735 0.904814 0.25103217 4.9474663e-14 0.43466082 0.00068965554 0.15057588 0.0006424708 0.99275625 0.012386955 0.0014028483 0.20783098 0.05093434 0.0015699863 0.0007362845 0.023547797 0.00037498548 0.00070784905 0.00021472452 0.00042484046 0.0062243156 8.428637e-05 0.0012914822 3.2877735e-05 0.00029387875 0.00024143119 0.0012268911 2.4091757e-06 0.0012948521 0.00022284294 0.0011378796 0.0001034873 7.338719e-05 0.0007379928 7.5709606e-05 9.7767e-05 9.554231e-05 0.00018563817 1.2364616e-07 5.672102e-07 9.077726e-06 8.824635e-06 4.6710684e-05 1.3253096e-05 8.576687e-06 1.0292603e-05 1.1600953e-06 0.00020190461 6.3237596e-05 7.286795e-06 2.2457283e-05 9.759149e-07 1.1546355e-05 2.2260313e-06 4.798573e-07 6.597403e-07 3.5824794e-06 1.8233917e-06 5.1760948e-05 1.1670363e-06 8.717543e-06 0.00024830832 0.00018785187 1.5482717e-06 9.649555e-07 0.00011658038 1.0515534e-05 1.2098649e-06 9.096756e-08 6.653226e-07 4.493063e-08 4.691012e-08 5.2636513e-09 1.9756264e-07 3.9898558e-05 1.2905956e-06 7.170943e-08 2.0752454e-08 0.00012928896 0.00022962573 2.1637466e-05 5.526549e-05 2.7751388e-05 4.162423e-05 3.1721626e-07 1.9973199e-05 5.267423e-05 5.059162e-07 3.267735e-08 0.00012417114 4.2765134e-08 4.2258827e-07 9.2405735e-08 1.8361334e-08 4.364135e-06 9.145351e-05 2.885085e-07 6.273054e-08 7.1581896e-09 6.7598873e-09
0.5998488 0.30909404 0.65802747 0.8982586 0.43466082 1.5134019e-15 0.9974634 0.9621216 0.015839191 0.048807792 0.399775 0.51225656 0.0062825386 0.118784904 0.13232619 0.24470611 0.6399456 0.019768104 0.008789507 0.003914519 0.0006055764 0.40271077 0.00025700338 0.0005350917 0.00012274359 0.10077172 0.0823704 0.13112868 2.3556193e-08 0.010792978 0.008906652 0.060828455 0.0019100937 0.00049795426 0.07628593 7.563398e-05 0.009835987 0.018314451 0.07526827 2.9008277e-07 7.7728544e-07 1.8587598e-07 2.9465149e-05 0.012010366 0.0008243987 0.0008535582 0.005988721 3.065954e-05 0.1050584 0.004634252 2.7995982e-06 0.0032259081 2.3675989e-06 0.0019584633 0.0002801356 7.079803e-07 8.9413874e-08 0.00013399855 8.134423e-07 0.011533442 4.161184e-05 1.3485445e-05 0.019113034 0.0009806362 2.0577758e-05 1.5716805e-06 0.0015438339 0.0006394453 7.902976e-08 1.9735779e-05 7.750134e-08 2.2127812e-08 2.292723e-08 4.2547637e-09 1.19216165e-05 5.7810845e-05 0.00011482629 1.0354495e-08 1.3679174e-08 0.00027656817 0.00067166437 0.002270238 0.0002867482 3.6524582e-06 0.000186433 1.0638964e-06 6.51775e-05 0.0003688581 2.84299e-05 4.3650567e-07 0.00013923814 1.8174187e-07 3.021246e-05 7.753401e-08 7.973287e-09 5.430899e-05 0.0005612006 6.37516e-08 4.3572854e-06 2.3962405e-08 6.979113e-09
0.9610989 0.0041869553 0.56367135 0.14837578 0.00068965554 0.9974634 1.2617247e-14 0.21724334 0.0133993495 0.00013792077 0.0023174752 0.007452543 0.012422308 0.00031615875 0.001893298 0.005771533 0.8862968 0.0005456061 0.00044166375 0.00032308264 7.136539e-06 0.9024894 3.1455304e-06 3.0637852e-07 3.3332042e-05 0.007963864 0.50274396 0.76706624 2.2830747e-08 0.005976189 0.000914991 0.70206237 0.00026311836 2.6661104e-05 0.71468455 1.9330424e-05 0.04113901 0.16159043 0.27306905 4.0106908e-08 1.0633183e-06 9.470589e-09 1.9262665e-05 0.13652441 0.0036616924 0.0033848502 0.09352548 0.00011605712 0.46597692 0.021905812 2.0041286e-06 0.005940079 1.3204556e-06 0.018098744 0.007081691 2.2677095e-06 1.4456943e-07 0.0008911066 9.565416e-07 0.06474501 0.000105924664 6.0408354e-05 0.20032297 0.0015056797 0.00018387096 3.156684e-07 0.015716791 0.003885905 2.577601e-06 1.4734393e-05 6.210348e-07 5.4463914e-07 2.8945075e-07 9.9976944e-08 3.1529637e-06 0.00010175267 0.00054683606 2.5860217e-08 1.520781e-07 0.0011114995 0.01627505 0.027264383 0.00110156 2.365703e-06 0.00024116308 4.9434443e-06 7.1080685e-05 0.0022460476 0.0001538679 3.3347984e-08 0.0025082077 3.263375e-08 0.00046287326 8.631201e-08 5.298681e-07 0.0009861178 0.0022490227 9.886758e-07 5.649595e-07 8.379099e-07 6.737955e-08
0.81988287 0.108666606 0.02811453 0.96855086 0.15057588 0.9621216 0.21724334 5.9877762e-12 0.0004504587 0.2292733 0.96878886 0.8873494 0.001784065 0.88666016 0.49871412 0.2409659 0.18712598 0.068424605 0.17837512 0.115083896 0.0112654045 0.63862646 0.013151516 0.041752316 0.011323192 0.2794744 0.01977882 0.17520241 1.124033e-06 0.00054863974 0.060593516 0.017973145 0.03089278 0.01205601 0.22762859 0.0011486949 0.0038429892 0.020939846 0.28931364 3.934284e-06 2.883586e-07 2.90572e-05 5.5286914e-06 0.0021606858 0.0013299291 0.0015427949 0.0016517412 0.00060479145 0.19252035 0.018018326 1.2708267e-06 0.02841039 0.0004084665 0.000687576 5.9277594e-05 1.4489698e-05 6.619177e-07 1.0185524e-05 1.801004e-08 0.052502453 0.00016490104 2.0459194e-05 0.021920405 0.0001295747 0.00030567736 1.8216588e-06 0.0022005464 0.00022025684 2.391571e-07 0.00051187346 3.0305523e-07 8.1755644e-07 9.618582e-07 2.6377873e-07 0.00024902378 0.00024467273 2.307509e-05 2.21061e-07 8.4152714e-07 0.0037504218 0.0016799177 0.0014309584 0.00025947773 2.8064414e-06 0.0007341411 1.21362e-05 0.0037944934 0.001057673 0.001724748 1.8314885e-06 0.00025213108 2.2265833e-06 3.9325227e-05 1.1337082e-06 1.6112075e-06 0.00060518086 0.0012706742 1.549152e-06 6.0792877e-06 2.8186417e-07 1.9150702e-06
0.4522446 0.00042929145 0.99671984 0.0018918011 0.0006424708 0.015839191 0.0133993495 0.0004504587 6.9383434e-19 1.6719086e-05 9.1596e-06 1.5563332e-05 0.997391 1.2517409e-05 4.2330183e-05 1.8362603e-05 0.8245322 2.715514e-06 5.0770623e-06 5.688022e-07 4.1666176e-08 0.0036472513 2.879192e-07 8.7055696e-08 2.3780318e-07 6.814209e-06 0.22768828 0.0035646306 4.719182e-08 0.47386494 2.457318e-06 0.04943195 1.7458796e-06 3.396138e-06 0.0047555384 1.3800088e-06 0.270282 0.0018700702 0.0013852094 1.3695693e-05 0.009729608 4.9169167e-08 0.020563565 0.0057738395 0.00010793569 0.00014825286 0.0015397 6.667651e-07 0.0009313417 0.0001853028 0.00078522257 7.397279e-05 5.663027e-07 0.0013608976 0.00089570915 0.01860122 0.0019733915 0.0017924232 0.0044416753 0.0001315876 0.000108979206 0.0027497967 0.0020076756 0.0125693865 2.9381274e-05 0.00026526093 0.00053391926 0.00029526852 0.01791767 2.9474704e-05 0.00034215112 0.0014061843 0.00012125771 0.00020672358 3.4275036e-08 1.0285804e-05 0.00019581344 2.2475688e-05 6.213577e-05 1.7141214e-05 0.00084402435 0.014369338 0.00013441233 0.0010042044 1.2423386e-05 0.0007103725 1.6068648e-06 6.463575e-05 7.93929e-06 0.0009865349 0.0005102826 2.1157393e-05 0.00037103813 0.0001328982 0.00033634182 1.5793772e-05 0.0010886085 0.0001261553 0.00016878467 1.7061017e-06 1.3476156e-06
0.006179795 0.018274201 0.00014330377 0.42655212 0.99275625 0.048807792 0.00013792077 0.2292733 1.6719086e-05 2.8946477e-13 0.057598993 0.0023496458 2.2019914e-05 0.95791745 0.0049421606 0.0027244336 8.744074e-05 0.0007383346 0.0013183657 0.0010440754 0.9923801 0.00013230284 0.0056820773 0.2129578 0.0006163318 0.00017102085 5.855707e-06 1.1855969e-05 0.48967674 6.735049e-07 1.5235378e-05 3.7786597e-06 6.108745e-05 6.2345e-05 1.802373e-05 0.0018674994 4.6189457e-06 1.7482571e-06 1.9874165e-05 6.254942e-06 8.428555e-09 0.050169043 1.2451733e-07 1.4262798e-05 2.4876869e-07 6.05279e-07 2.541044e-06 3.3954223e-06 2.8921237e-05 1.3789656e-06 9.1651793e-07 9.9035215e-06 2.2157282e-07 2.575074e-07 8.504506e-08 3.064745e-06 1.3653159e-06 1.4277889e-07 2.7191936e-08 3.1222783e-06 6.6165044e-06 4.3025107e-06 1.7220254e-05 3.224204e-07 8.5756676e-07 1.3703728e-07 1.0000714e-06 4.2584034e-06 1.7341343e-08 2.233214e-06 3.3818569e-07 6.8103105e-08 1.1360046e-08 7.502527e-07 8.334115e-08 7.135487e-07 1.660099e-07 4.509177e-08 2.8808427e-07 1.3981e-06 2.3145814e-05 1.4897175e-07 2.647551e-07 1.479659e-07 1.7896372e-06 1.2771214e-06 1.1398285e-05 7.044468e-06 7.9839083e-07 3.6819195e-06 2.5707811e-06 1.367637e-06 6.434632e-07 3.6817065e-07 2.1612018e-07 1.8668334e-06 0.0010786526 2.4609733e-07 2.7126408e-08 1.7280358e-08 2.584467e-09
0.24745557 0.0004615599 0.0027921353 0.23163487 0.012386955 0.399775 0.0023174752 0.96878886 9.1596e-06 0.057598993 1.6104728e-12 0.96884143 3.319405e-05 0.9847772 0.9020914 0.5724335 0.00078962767 0.38391867 0.3032304 0.054106217 0.021116244 0.090703346 0.531826 0.7637973 0.045514032 0.04105297 6.3550826e-05 0.0037184174 2.2064617e-06 2.1545723e-06 0.01528169 2.2973756e-05 0.0056215753 0.00538065 0.002374806 0.0056137163 5.680506e-06 0.00017659555 0.006473314 2.7239098e-06 1.430165e-08 0.00026584545 9.1349085e-07 2.7594417e-05 3.449131e-05 4.3145235e-05 1.07394735e-05 0.00081153243 0.0053596217 0.00018122878 5.254917e-08 0.002125558 0.00020483881 4.141632e-06 2.8886711e-06 1.8623575e-06 1.1961772e-07 2.6787464e-07 8.0791407e-10 0.00089643645 1.4919241e-05 5.6141815e-08 4.6338875e-05 8.2636284e-08 7.072781e-06 2.0074529e-08 1.1462512e-05 1.29365235e-05 2.0307752e-08 2.6763388e-05 1.0559703e-08 4.8004882e-08 9.1679105e-08 2.6514051e-08 1.7786144e-05 2.6037344e-05 4.657424e-06 7.473081e-10 7.976043e-08 8.021168e-05 7.435019e-05 3.704316e-06 3.3200936e-06 2.7001642e-08 0.00016261876 5.054643e-07 0.00010860539 9.292196e-05 0.00014983157 1.6859634e-07 6.810697e-05 1.146324e-06 1.2265891e-05 3.605421e-07 2.3171799e-08 5.7843823e-05 0.000454179 8.3509015e-08 7.319662e-08 1.5856146e-07 6.023987e-08
0.6828766 9.818381e-05 0.0026644839 0.095821634 0.0014028483 0.51225656 0.007452543 0.8873494 1.5563332e-05 0.0023496458 0.96884143 3.65081e-14 9.951706e-05 0.112177365 0.9947747 0.9221051 0.024964953 0.23260087 0.14888495 0.09842964 0.00035168318 0.4849275 0.036549047 0.005552782 0.007141271 0.20723417 0.0021707588 0.07531783 1.525056e-08 2.1343658e-05 0.04588102 0.0024528312 0.02744954 0.018445374 0.036807954 0.0006971225 0.0011007098 0.0048474744 0.073797636 9.4142905e-07 1.3233519e-07 1.7857194e-06 1.0657578e-06 0.00041014067 0.0008979808 0.00053097185 0.0004134312 0.00064957864 0.027183095 0.0022604621 1.7098175e-07 0.020920767 0.00041224473 0.0001302472 2.8142424e-05 2.3619564e-06 8.805668e-08 5.146064e-06 1.6133253e-09 0.009802197 0.00016246513 3.3766588e-07 0.0013862078 2.909841e-05 0.00010817826 8.814541e-08 0.0008150109 8.139538e-05 1.734296e-08 0.00019848302 2.4682393e-08 2.3161427e-07 1.3548408e-08 8.496589e-09 8.484413e-05 5.9699058e-05 5.7462544e-06 1.468712e-08 3.3648405e-08 0.0005035708 0.00025624887 0.00014452223 0.00018036185 7.1780185e-08 0.00034779866 2.2770399e-07 0.0011774454 0.0002062907 0.00050948217 1.2111099e-07 9.1423426e-05 8.679934e-07 1.0389952e-05 1.0673247e-07 1.656557e-08 5.857146e-05 0.0005878441 1.4612682e-08 1.0877362e-06 9.506713e-09 6.012405e-08
0.1957137 0.00079004123 0.7482405 0.0025705695 0.20783098 0.0062825386 0.012422308 0.001784065 0.997391 2.2019914e-05 3.319405e-05 9.951706e-05 7.614396e-15 6.553801e-05 9.997843e-05 7.956143e-05 0.23303042 6.425933e-06 5.7045094e-05 1.7360828e-05 2.9721246e-08 0.0019402159 1.2652832e-06 9.37292e-07 4.13595e-07 6.206601e-05 0.024546435 0.0012548413 2.2416434e-07 0.99866307 7.2549674e-06 0.006669992 1.3456128e-05 4.7474264e-06 0.0023027894 2.0653844e-05 0.0070803408 0.00052942615 0.00032924567 3.9628835e-06 0.0029424094 2.452515e-07 0.017127793 0.00055771525 5.130016e-06 1.116886e-05 0.00021399964 1.2764036e-07 0.0016733308 0.00016360685 0.0010443493 2.275783e-05 1.4459777e-06 0.0003219035 4.1565872e-05 0.0017650289 0.00021015632 6.943907e-05 0.00070209074 0.00023815011 9.06239e-06 0.0003464718 0.0012669141 0.0017937571 1.8356443e-05 0.00013385726 0.00043934755 0.00010959026 0.054305796 6.412128e-06 0.00020292209 0.0010411596 6.955977e-05 4.5045937e-05 1.8261812e-06 4.641565e-05 2.295759e-05 6.7200194e-06 9.57191e-06 8.0114434e-05 0.00032002345 0.00070677715 5.3832577e-05 0.00013932075 1.783217e-05 0.00037033623 3.4559005e-05 0.00013189163 9.879108e-06 4.2128297e-05 8.507748e-05 5.403092e-06 1.9242358e-05 1.3354494e-05 0.00012476025 0.00014500985 0.0002481291 0.000107726926 9.718604e-06 5.041072e-07 1.700563e-07
0.12700476 0.05264122 0.001694894 0.8864734 0.05093434 0.118784904 0.00031615875 0.88666016 1.2517409e-05 0.95791745 0.9847772 0.112177365 6.553801e-05 5.8779766e-13 0.122988045 0.030638512 6.1304905e-05 0.012170027 0.031338774 0.014073595 0.91897976 0.0064423042 0.14713892 0.9744128 0.014106766 0.010853908 1.3807711e-06 5.4297496e-05 0.0023438348 1.24176295e-05 0.00353142 1.1913905e-06 0.0007351066 0.00083143404 6.1740306e-05 0.037463967 1.2319572e-05 1.15174e-05 0.0003581892 1.3161402e-05 8.308144e-09 0.57260436 5.1881907e-06 3.1357724e-06 9.260423e-06 9.787871e-06 1.7909177e-06 0.00017421471 0.0008610908 1.51959075e-05 2.0233857e-07 0.0001661809 0.00018586245 1.3710644e-07 4.7865548e-08 1.775005e-05 5.664685e-07 9.26256e-08 5.8130216e-09 6.188291e-05 1.6747701e-05 3.1510115e-07 2.715102e-06 3.9038028e-07 7.5668495e-06 1.3122084e-07 2.9318238e-07 6.1584353e-07 1.3871921e-08 3.907986e-05 1.0966359e-07 4.4468027e-08 6.354667e-08 9.1243685e-08 1.3301852e-06 2.9744954e-06 5.33837e-07 8.52253e-08 1.3573382e-06 5.10719e-06 3.261222e-06 1.6051265e-06 8.089554e-07 3.624278e-07 1.880536e-05 8.555366e-06 0.00011743121 4.6251054e-05 4.421572e-05 7.926588e-06 1.0927378e-05 2.5489624e-07 1.9536724e-06 6.868033e-08 2.9221155e-07 1.6807959e-05 0.00037401263 3.9768975e-07 5.976285e-07 8.740476e-08 1.0248496e-07
0.58632386 0.00048335118 0.0027675733 0.09628071 0.0015699863 0.13232619 0.001893298 0.49871412 4.2330183e-05 0.0049421606 0.9020914 0.9947747 9.997843e-05 0.122988045 1.4888658e-10 0.9851984 0.0060506663 0.795155 0.6840052 0.29942635 0.00093120587 0.30544356 0.24053687 0.075183555 0.08361821 0.23589589 0.00048923725 0.012936135 2.904124e-07 2.4328332e-05 0.04583711 0.0012210314 0.0438615 0.04834298 0.015387863 0.006563616 6.555095e-05 0.0029260071 0.038815413 4.380758e-05 7.969899e-08 2.0089556e-05 2.7317637e-06 0.00031234606 0.00076351885 0.000589505 0.00050528935 0.010135641 0.016905524 0.0010094556 3.5515814e-08 0.015704468 0.0014588685 0.00032088038 5.7494206e-05 1.6170723e-06 8.2771e-08 2.0426365e-05 1.024151e-09 0.0076559656 0.00020413949 1.1248002e-07 0.0006148439 2.1487303e-06 0.00014411772 1.9124e-08 0.00029082998 0.00013750786 5.862205e-08 0.00014167948 3.1441807e-08 5.0712964e-07 6.519609e-07 6.018693e-08 4.571483e-05 6.6890636e-05 2.5301397e-05 7.481714e-09 3.0975272e-07 0.0002676039 0.000157844 3.2120966e-05 7.1844326e-05 2.069431e-08 0.00031671493 1.3280088e-06 0.00029463755 0.00016847011 0.00057392917 7.831207e-08 9.1764276e-05 9.711224e-07 3.6287816e-05 5.265933e-08 2.1257147e-08 0.0004220963 0.00043592058 3.5041968e-08 5.414936e-06 9.1497434e-08 1.1378479e-08
0.83594537 0.00020300901 0.006553699 0.090437375 0.0007362845 0.24470611 0.005771533 0.2409659 1.8362603e-05 0.0027244336 0.5724335 0.9221051 7.956143e-05 0.030638512 0.9851984 4.843498e-14 0.019326473 0.96771204 0.8878001 0.81292397 0.00022206477 0.8029191 0.09051654 0.008211248 0.12737277 0.83438444 0.0016265296 0.17873171 3.0628104e-08 0.00011784248 0.3627033 0.0028546904 0.34680277 0.30380088 0.14553359 0.0046556187 0.00013064218 0.031802382 0.35741648 3.736142e-05 1.4671441e-08 4.1051403e-06 4.1855296e-07 0.0009903645 0.004926819 0.0027899847 0.0014664085 0.08365362 0.17250149 0.037844166 2.5025363e-08 0.25261799 0.007001934 0.0012254599 0.0001302795 3.1039855e-07 3.574272e-08 1.1170671e-05 3.0728076e-10 0.08210248 0.0029615131 4.280161e-08 0.004383661 6.833889e-06 0.0018826212 1.15049e-08 0.002858849 0.0003772049 6.839835e-08 0.0014301069 4.4696065e-09 1.5312652e-07 1.6207939e-07 2.2846168e-08 0.0009549112 0.0005024507 8.6884225e-05 1.0549559e-08 6.46716e-08 0.0035356036 0.00073434523 0.00015682145 0.00039803714 2.5690312e-08 0.00499194 1.1933327e-06 0.008710736 0.0013844665 0.0042652767 8.3886405e-08 0.00029791883 8.444039e-08 5.30785e-05 2.4914014e-08 1.1950842e-08 0.0022096944 0.00074654 3.6056047e-08 6.3176174e-07 1.3251478e-07 2.233298e-09
0.8680344 0.010084478 0.95812064 0.44198978 0.023547797 0.6399456 0.8862968 0.18712598 0.8245322 8.744074e-05 0.00078962767 0.024964953 0.23303042 6.1304905e-05 0.0060506663 0.019326473 2.4917727e-15 0.0033447263 0.0011098079 0.00030596173 2.7864771e-06 0.34841377 6.4887895e-06 1.65251e-06 8.6111123e-07 0.020008456 0.99019706 0.3388543 6.4977215e-09 0.6712495 0.004191644 0.7296704 0.0014262171 1.1633453e-05 0.041826643 1.13120095e-05 0.8636955 0.012330522 0.003530159 9.935167e-09 0.32757378 1.9620454e-09 0.1300626 0.40180907 0.001134534 0.0012079166 0.02674706 1.2425992e-05 0.0041304813 0.00038547785 0.012636982 2.7637343e-05 6.1796146e-07 0.00458339 0.020062434 0.046865076 0.0073700924 0.022996763 0.006973422 0.0008364257 2.2982038e-05 0.0130834 0.0075100954 0.03940495 3.3753717e-05 0.0043769125 0.0017859717 0.018489854 0.0008721987 6.2356808e-06 0.0013916842 0.00035724524 3.324157e-05 0.0002617451 1.8814526e-05 0.00011463416 0.0042156954 0.00015789714 0.00019187813 0.0002363455 0.00519825 0.14331977 0.0013226039 0.0021499828 0.00018441991 0.0006682207 3.9342876e-06 0.00048355063 2.3555845e-07 0.00026057352 0.0053312527 0.00084600964 0.004758115 6.082504e-05 7.982222e-06 4.7116187e-06 0.0028926434 1.8385033e-05 0.00012203836 5.6002514e-06 6.201654e-07
0.45022982 4.276981e-05 0.00080025557 0.037109774 0.00037498548 0.019768104 0.0005456061 0.068424605 2.715514e-06 0.0007383346 0.38391867 0.23260087 6.425933e-06 0.012170027 0.795155 0.96771204 0.0033447263 1.9984243e-13 0.99702233 0.94279474 0.0003159309 0.3412648 0.2586115 0.0118873315 0.6652321 0.5509085 0.00047209742 0.016662637 1.7131008e-08 2.1245083e-05 0.156043 0.0011400622 0.080934286 0.1868097 0.012108271 0.0075960387 9.363405e-05 0.0064529637 0.05459892 9.876027e-06 5.465041e-08 3.5126704e-05 5.558803e-07 0.0009553881 0.0026164479 0.0015359896 0.0011916332 0.15051264 0.03789816 0.00873307 1.2793711e-07 0.074182235 0.0030737284 0.00034276073 0.00010235414 3.6615538e-06 4.7359716e-08 4.168966e-05 1.2998647e-08 0.017896289 0.0014768622 1.3343222e-06 0.001782158 7.611447e-06 0.0006664346 8.0742694e-07 0.00091257703 0.000493318 7.00977e-09 0.00093423866 2.3082647e-08 1.0114098e-07 2.4355074e-09 7.8596045e-09 0.0010443513 0.0007450869 0.000111324975 1.342247e-07 9.451231e-08 0.0013804381 0.0005335805 9.135579e-05 0.00017181059 8.374684e-08 0.0015322537 4.1145526e-07 0.0024482051 0.0006643392 0.0007771232 2.2256012e-07 0.0002536468 1.8192682e-06 6.192157e-05 5.962568e-08 3.0627274e-09 0.00097300066 0.0002804331 9.672021e-08 1.7987778e-06 1.5886977e-09 1.3083842e-08
0.8029796 0.00017848972 0.0014286157 0.061320547 0.00070784905 0.008789507 0.00044166375 0.17837512 5.0770623e-06 0.0013183657 0.3032304 0.14888495 5.7045094e-05 0.031338774 0.6840052 0.8878001 0.0011098079 0.99702233 4.941087e-12 0.9682369 0.0005245549 0.17327008 0.46256724 0.03597877 0.93313175 0.4970523 0.0001228299 0.0068061366 5.8886297e-08 8.456447e-05 0.21624687 0.0004923771 0.098602735 0.2630487 0.012694376 0.029733201 3.2461e-05 0.006844717 0.1112889 6.0885974e-05 1.4982312e-08 0.000108227076 4.0968231e-07 0.0009183186 0.0027116132 0.001748739 0.0009982758 0.24534851 0.06958881 0.012671588 4.3751566e-08 0.15657173 0.0075582676 0.0001768794 0.0001171433 1.8693489e-06 1.3840868e-08 9.17651e-06 2.1827498e-09 0.053438693 0.0018746976 3.0629525e-07 0.0034207772 4.9488403e-06 0.0011569852 9.4660244e-08 0.0010803229 0.000209085 3.851508e-08 0.00090684684 1.6300039e-08 3.3112696e-07 4.099033e-08 6.1271286e-09 0.0011718733 0.0008564697 4.3925847e-05 9.691503e-08 8.549671e-08 0.0030468854 0.00054039015 0.00016013057 5.562993e-05 7.099708e-09 0.002599245 2.5684346e-07 0.005510464 0.00085420074 0.0023316697 1.6331594e-08 0.0002913694 1.2053722e-06 8.2774764e-05 1.03929246e-07 1.00921245e-08 0.0021788965 0.0006029552 1.7101453e-07 6.4090506e-07 5.1921496e-08 1.0123979e-07
0.95904404 8.571278e-05 0.0004200289 0.022684662 0.00021472452 0.003914519 0.00032308264 0.115083896 5.688022e-07 0.0010440754 0.054106217 0.09842964 1.7360828e-05 0.014073595 0.29942635 0.81292397 0.00030596173 0.94279474 0.9682369 4.382e-14 0.00023843371 0.35925812 0.1026086 0.011847731 0.8778866 0.9476088 5.1518015e-05 0.009961123 1.3385381e-08 1.7641993e-05 0.7381882 0.00012710196 0.69309676 0.8379127 0.013722058 0.009210357 4.278825e-07 0.012112273 0.18585105 3.353761e-05 2.8168061e-09 0.000102027465 7.256662e-08 0.00017271363 0.008701155 0.005746609 0.000280017 0.51789325 0.29912385 0.08284964 6.782617e-09 0.34973022 0.015343645 0.00013455057 6.6940534e-05 1.4132556e-07 3.413026e-09 4.8751467e-06 1.9480127e-10 0.16628492 0.009936462 2.3156112e-08 0.0068630385 1.2595784e-07 0.011506773 2.6683399e-08 0.0020387918 7.1081566e-05 1.5946894e-07 0.008809539 1.2639945e-09 2.1407205e-08 3.811568e-07 1.1859146e-09 0.00558743 0.005501631 4.0984996e-05 3.2363198e-07 9.245616e-08 0.042610783 0.0006343581 1.04693545e-05 0.000107738124 3.974463e-09 0.021354709 4.8720694e-06 0.059612684 0.006514898 0.0052534216 8.450125e-09 0.00027479223 4.415862e-07 1.038383e-05 2.8386294e-08 8.310269e-09 0.0088262055 0.0003772132 1.1156851e-07 1.3546057e-06 3.6417123e-07 1.6646942e-08
0.0013513692 0.00010968719 1.2971126e-05 0.0022014186 0.00042484046 0.0006055764 7.136539e-06 0.0112654045 4.1666176e-08 0.9923801 0.021116244 0.00035168318 2.9721246e-08 0.91897976 0.00093120587 0.00022206477 2.7864771e-06 0.0003159309 0.0005245549 0.00023843371 4.0479685e-17 1.9672789e-05 0.007557302 0.5400403 0.00010661401 5.7543908e-05 2.8237416e-06 2.8117618e-06 0.999523 5.064624e-08 2.2356358e-05 1.8662939e-06 2.6918506e-05 2.9967256e-05 5.0677404e-06 0.008623873 1.8816653e-06 5.1482284e-06 6.43039e-06 3.446862e-05 5.260944e-08 0.7239236 1.6742413e-07 2.889266e-06 2.4033584e-06 2.4769927e-06 1.5199176e-06 0.00016608299 6.0466853e-05 9.9955505e-06 6.8298783e-07 2.0044993e-06 1.5461124e-05 8.223225e-07 2.0276569e-07 3.1050083e-06 3.3455494e-06 1.5149134e-06 6.057747e-08 1.9746376e-05 3.1648196e-07 3.666488e-06 1.12075595e-05 2.4051755e-07 1.6178167e-07 4.8157466e-07 4.438092e-06 1.9570252e-06 1.4421206e-09 2.7031788e-06 8.9568346e-08 8.037879e-08 1.2578313e-08 3.802281e-07 1.4535237e-06 4.5026286e-06 6.031573e-07 1.1008797e-07 2.465165e-06 6.1031224e-06 1.1399687e-05 2.5007685e-06 1.8125227e-06 1.7334099e-08 3.295268e-06 2.800948e-07 1.1939674e-05 4.2171145e-05 1.748116e-07 7.039877e-07 1.0785434e-05 9.5881525e-08 1.2506378e-06 6.900557e-08 1.3386173e-08 6.3948582e-06 0.00018762036 3.6481484e-08 3.4299527e-10 4.1709874e-10 5.63563e-11
0.8967365 0.0030849127 0.104762234 0.28726137 0.0062243156 0.40271077 0.9024894 0.63862646 0.0036472513 0.00013230284 0.090703346 0.4849275 0.0019402159 0.0064423042 0.30544356 0.8029191 0.34841377 0.3412648 0.17327008 0.35925812 1.9672789e-05 1.6410796e-14 0.0019484663 0.0005022301 0.0077950894 0.9511517 0.07396326 0.9851202 1.4440373e-08 0.008382129 0.6383754 0.5102668 0.65798557 0.05594468 0.64217967 0.00017488524 0.0041495673 0.25467098 0.470507 4.9222484e-07 1.7688346e-06 1.899579e-07 1.034684e-05 0.08259376 0.037831437 0.025726648 0.11386271 0.012211975 0.54019105 0.08798735 3.7743232e-06 0.06753079 0.00014212525 0.03673288 0.0050714514 2.5680663e-06 1.05995234e-07 0.001888179 1.491429e-07 0.1550269 0.0011254705 2.599649e-06 0.24042536 0.00014468191 0.001814583 1.3315611e-06 0.05277153 0.024176149 1.8458707e-06 0.00065097056 3.9924512e-07 8.328739e-07 4.0479488e-08 7.33761e-08 0.0010847854 0.0062044556 0.0038371899 2.1946652e-08 3.8885627e-08 0.019125162 0.01837406 0.0038275812 0.004347575 5.7908454e-07 0.005986519 4.459812e-06 0.005817243 0.020660384 0.00023034557 1.8739887e-07 0.0019212259 8.085767e-07 0.000540569 1.04326055e-07 9.284683e-09 0.0006188243 0.0023542126 8.9662655e-07 4.297746e-06 1.814825e-08 8.181133e-09
0.50183076 9.877026e-06 6.8512663e-06 0.0061353217 8.428637e-05 0.00025700338 3.1455304e-06 0.013151516 2.879192e-07 0.0056820773 0.531826 0.036549047 1.2652832e-06 0.14713892 0.24053687 0.09051654 6.4887895e-06 0.2586115 0.46256724 0.1026086 0.007557302 0.0019484663 4.4630504e-11 0.9954426 0.99542445 0.04800632 5.6913946e-06 0.00011754291 4.401067e-07 8.070559e-07 0.03973956 2.1514206e-06 0.015736094 0.08171573 0.0001719509 0.8434204 5.08085e-08 7.996078e-05 0.0020557486 0.00044265424 4.897138e-09 0.00273311 4.6751126e-08 7.074886e-06 8.9265326e-05 7.3346826e-05 1.8757499e-05 0.16248037 0.0011604052 0.00014098037 1.2366497e-08 0.0039267666 0.0039751693 3.6832187e-06 2.1572184e-06 8.194439e-07 7.752796e-08 6.901857e-07 5.602623e-10 0.0018765186 0.0001789994 5.8938326e-08 9.680802e-05 3.0253253e-09 0.00014017998 3.931917e-08 1.0758046e-05 2.6047364e-06 8.2711576e-10 0.000104932304 2.642246e-09 4.6116626e-09 8.462174e-09 1.21599655e-08 7.084194e-05 6.499569e-05 4.7608787e-06 5.911595e-09 3.4325417e-08 0.0002452245 7.4190684e-05 3.3312176e-07 1.857827e-06 1.7174053e-09 0.00036460982 4.890392e-08 0.0004922226 7.685047e-05 0.0042017335 1.0968236e-08 2.4811381e-05 7.935921e-08 6.0682187e-06 1.9914252e-07 6.609708e-09 0.0015912584 7.9572135e-05 6.7640014e-09 2.3301335e-07 2.360157e-08 6.8792424e-08
0.16425112 1.7388267e-05 4.47343e-06 0.034314055 0.0012914822 0.0005350917 3.0637852e-07 0.041752316 8.7055696e-08 0.2129578 0.7637973 0.005552782 9.37292e-07 0.9744128 0.075183555 0.008211248 1.65251e-06 0.0118873315 0.03597877 0.011847731 0.5400403 0.0005022301 0.9954426 1.2973994e-13 0.21658112 0.0055497484 7.232837e-07 1.0692727e-05 0.0008811001 1.2294004e-06 0.004885675 5.528109e-07 0.0031253872 0.0071817134 3.2941305e-06 0.9452887 8.971402e-08 4.681948e-06 0.00021686358 0.0022107123 3.251066e-09 0.7709672 1.0404289e-07 8.148244e-07 2.7398351e-05 1.6214835e-05 1.8082669e-06 0.03418728 0.000105301406 7.785782e-06 6.0240875e-09 9.292896e-05 0.0013759142 1.1835555e-07 7.512834e-08 2.563394e-07 2.2580432e-08 4.562643e-08 7.881593e-10 6.6033455e-05 1.4621889e-05 9.185777e-09 2.0132163e-06 1.2905414e-08 2.4273731e-05 4.1819526e-08 4.4080525e-07 6.072554e-08 8.9685474e-11 2.1374803e-05 4.580586e-09 1.6041436e-10 2.0928665e-08 4.1037385e-10 9.112681e-06 4.8871657e-06 2.8019274e-08 8.9193456e-08 3.180881e-07 1.6376147e-05 1.2147078e-06 4.131444e-07 1.4622357e-06 2.365009e-09 1.0342549e-05 2.1239326e-07 8.702702e-05 6.4295127e-06 0.0011232675 1.6782145e-08 2.9270439e-07 6.612772e-09 1.2172607e-07 3.8535724e-08 1.5176912e-08 0.0002296102 9.374883e-06 3.1077376e-09 7.60837e-08 3.9617705e-09 1.1949469e-07
0.9381678 3.158512e-05 3.2968367e-06 0.004112111 3.2877735e-05 0.00012274359 3.3332042e-05 0.011323192 2.3780318e-07 0.0006163318 0.045514032 0.007141271 4.13595e-07 0.014106766 0.08361821 0.12737277 8.6111123e-07 0.6652321 0.93313175 0.8778866 0.00010661401 0.0077950894 0.99542445 0.21658112 3.6457825e-12 0.7136551 1.0697771e-06 0.0005428848 2.6462924e-08 6.253281e-07 0.63990855 6.252157e-06 0.52834785 0.8709075 0.0013411156 0.87451476 6.7636012e-09 0.00159952 0.07033319 0.0006102692 1.4308162e-09 0.00022174185 2.0308605e-08 2.0946469e-05 0.0007441573 0.00061389094 0.00015944515 0.8327157 0.055542268 0.011481676 2.839608e-09 0.13781859 0.06613342 2.1425314e-05 3.1481475e-06 3.0608774e-08 2.769383e-09 3.122744e-07 2.2348639e-11 0.06376108 0.0019088035 8.195268e-09 0.0023435531 5.0653557e-09 0.0036235305 4.4405537e-09 0.0003883938 1.550452e-05 4.572919e-10 0.0017938777 8.9620716e-10 5.2364344e-09 2.531625e-08 2.1787068e-09 0.0012150457 0.0013497836 1.2951768e-05 2.8674199e-09 5.8068497e-09 0.008648618 0.00029113688 5.8947126e-07 1.753277e-05 1.9626321e-10 0.006877777 1.791589e-08 0.021402495 0.002981624 0.01991092 4.2535144e-09 0.00018247745 2.3702681e-07 2.6553947e-05 6.140762e-08 6.665934e-09 0.00903292 0.00017443484 3.2736864e-08 3.8663995e-07 2.1256378e-08 4.899455e-09
0.92021585 1.8296949e-05 0.0027252769 0.032650594 0.00029387875 0.10077172 0.007963864 0.2794744 6.814209e-06 0.00017102085 0.04105297 0.20723417 6.206601e-05 0.010853908 0.23589589 0.83438444 0.020008456 0.5509085 0.4970523 0.9476088 5.7543908e-05 0.9511517 0.04800632 0.0055497484 0.7136551 5.2479825e-13 0.00049262645 0.5683543 6.020702e-08 0.00042947833 0.9810232 0.007133304 0.76822835 0.43460602 0.1628789 0.015099736 5.4015964e-05 0.06767202 0.2976283 1.1820508e-05 1.3684158e-08 3.9253024e-05 1.7408798e-06 0.0020158917 0.012732781 0.0077271536 0.008912613 0.52922726 0.3855781 0.0851758 5.06994e-08 0.33865806 0.015050703 0.0035063315 0.00043077997 2.2392204e-07 1.132636e-08 0.00020245896 1.4398615e-09 0.17516024 0.007572838 3.9475015e-08 0.035709113 1.7768045e-06 0.012093234 7.59209e-08 0.010013374 0.0013413745 1.976893e-07 0.007555256 4.1328924e-08 2.2845744e-07 7.7661895e-08 1.7536756e-08 0.0061828992 0.0054706214 0.000500848 1.09263354e-07 1.543649e-07 0.03805223 0.0019057387 7.763098e-05 0.0005670864 5.7233173e-08 0.020235516 1.5058519e-06 0.037586536 0.0096687535 0.003306844 1.9137756e-08 0.00034626087 2.5087027e-07 0.000101688354 7.097884e-08 1.0925766e-08 0.0041015204 0.0010799839 2.0790914e-07 3.0104818e-06 6.9645154e-08 8.5474696e-08
0.94372314 0.00054478104 0.57334423 0.036081087 0.00024143119 0.0823704 0.50274396 0.01977882 0.22768828 5.855707e-06 6.3550826e-05 0.0021707588 0.024546435 1.3807711e-06 0.00048923725 0.0016265296 0.99019706 0.00047209742 0.0001228299 5.1518015e-05 2.8237416e-06 0.07396326 5.6913946e-06 7.232837e-07 1.0697771e-06 0.00049262645 6.8383752e-15 0.18597151 9.545327e-08 0.099270575 0.000416124 0.9898007 0.00024238003 2.2657941e-06 0.05244484 3.3879747e-05 0.7270506 0.015379962 0.0027666336 7.9783256e-08 0.013706338 5.814333e-08 0.0057232794 0.7903959 0.0011106343 0.0007663377 0.0590744 3.9329127e-05 0.0031647913 0.00021075078 0.0018653225 5.3955002e-05 9.1164753e-07 0.015203469 0.10142403 0.018546853 0.0008796122 0.10960247 0.00055327115 0.0006567144 7.448304e-05 0.002068938 0.04924061 0.0022482164 0.0002483211 0.0011912248 0.007943949 0.09988161 0.00039450877 1.00900525e-05 0.00085834955 0.00055087183 9.0360896e-05 0.0004844396 8.4841944e-05 0.00015315742 0.019688467 7.613738e-05 4.275162e-05 0.00047153787 0.021767003 0.4060707 0.005777095 0.000720208 0.0003725845 0.000621762 2.858901e-05 0.0020932162 1.1650841e-05 0.00045547012 0.017569486 0.00036013304 0.016042618 0.0001300367 9.280015e-06 0.00011019708 0.010008161 1.6801596e-05 0.000109205175 2.618391e-05 1.6532333e-06
0.80340034 0.00057296775 0.09437411 0.07874396 0.0012268911 0.13112868 0.76706624 0.17520241 0.0035646306 1.1855969e-05 0.0037184174 0.07531783 0.0012548413 5.4297496e-05 0.012936135 0.17873171 0.3388543 0.016662637 0.0068061366 0.009961123 2.8117618e-06 0.9851202 0.00011754291 1.0692727e-05 0.0005428848 0.5683543 0.18597151 1.9744054e-15 1.7775621e-08 0.008644796 0.18300432 0.8919211 0.33064443 0.008003861 0.9883913 0.00017644104 0.0069689183 0.57736886 0.28656808 3.0958614e-07 1.6298898e-05 2.3921263e-08 6.354664e-05 0.124291934 0.0547129 0.038814988 0.17826708 0.0021961804 0.39403552 0.033712443 7.574813e-06 0.01964429 6.600059e-05 0.0413599 0.005965034 1.1444336e-05 7.064486e-07 0.0017393939 6.0825846e-07 0.07291791 0.0006512733 2.1848638e-05 0.20152824 9.684883e-05 0.00077592017 3.8724243e-06 0.046153042 0.025192056 1.3135551e-06 0.00025052924 2.947072e-06 1.7572031e-06 2.677066e-07 8.994597e-07 0.00060728827 0.0036565345 0.0054263845 1.3140287e-08 1.1182097e-07 0.0071965666 0.014838575 0.00413389 0.004862728 2.9738426e-06 0.0026651446 9.126676e-06 0.0007672901 0.018603966 6.524566e-05 3.3346967e-06 0.0016343562 5.2491873e-06 0.0007355904 1.2528056e-06 1.1706383e-07 0.00035502895 0.0032382172 2.516682e-07 7.0016627e-06 2.1084562e-08 1.7287874e-08
1.1201444e-06 4.16544e-09 7.5329547e-07 1.7395283e-05 2.4091757e-06 2.3556193e-08 2.2830747e-08 1.124033e-06 4.719182e-08 0.48967674 2.2064617e-06 1.525056e-08 2.2416434e-07 0.0023438348 2.904124e-07 3.0628104e-08 6.4977215e-09 1.7131008e-08 5.8886297e-08 1.3385381e-08 0.999523 1.4440373e-08 4.401067e-07 0.0008811001 2.6462924e-08 6.020702e-08 9.545327e-08 1.7775621e-08 7.7705664e-14 3.022541e-08 1.9787707e-08 1.1355622e-07 3.4500534e-08 1.2690948e-08 3.2104346e-08 6.757834e-06 4.7883443e-08 5.706988e-08 2.7905406e-08 3.1545365e-08 7.741747e-07 0.9999027 8.856052e-07 9.549697e-08 5.615036e-07 1.19172284e-07 8.572973e-08 1.6264512e-08 2.0848871e-07 1.011024e-07 4.2621232e-07 2.816464e-08 2.4621926e-08 5.2453835e-08 1.7523942e-07 1.1787901e-06 5.9321076e-07 4.8355194e-08 2.95203e-07 2.5613545e-08 3.2881718e-07 2.0761086e-06 3.8146442e-07 2.571355e-08 9.285219e-08 7.418466e-07 1.0256358e-07 1.230554e-07 4.553582e-09 6.603726e-08 6.328918e-07 1.1605739e-07 2.6645168e-07 4.0347078e-07 3.720563e-08 6.2887125e-08 1.26057875e-08 9.376554e-08 1.3903797e-07 4.930233e-08 3.513508e-07 2.4240048e-09 1.9129301e-07 2.9637405e-08 3.4760168e-07 1.5489593e-07 1.00976185e-05 5.6177134e-07 1.5900771e-09 1.0629999e-06 3.2168896e-06 1.4156872e-06 1.5544818e-09 1.5421466e-07 4.708656e-07 1.8829737e-06 3.6574933e-05 3.1576144e-07 1.14968664e-07 1.796598e-09 9.537037e-10
0.615235 0.00020777289 0.027405271 0.0004892606 0.0012948521 0.010792978 0.005976189 0.00054863974 0.47386494 6.735049e-07 2.1545723e-06 2.1343658e-05 0.99866307 1.24176295e-05 2.4328332e-05 0.00011784248 0.6712495 2.1245083e-05 8.456447e-05 1.7641993e-05 5.064624e-08 0.008382129 8.070559e-07 1.2294004e-06 6.253281e-07 0.00042947833 0.099270575 0.008644796 3.022541e-08 1.0780705e-14 7.591566e-05 0.022460097 0.00011444136 5.4969503e-05 0.008038544 6.0030384e-06 0.3294477 0.006621981 0.005091043 4.9502592e-05 0.7389949 9.1926e-08 0.992809 0.009991468 0.0005819837 0.0006788291 0.004644446 4.817628e-06 0.0057651843 0.0010350507 0.071046606 0.0022535592 1.3320087e-05 0.0036590984 0.0012814949 0.57753694 0.07382781 0.0028703779 0.21727107 0.0018515788 0.00018735787 0.03459577 0.005902211 0.058744777 0.0001737412 0.0110131 0.002447919 0.0018265 0.5552969 8.023946e-05 0.024897557 0.029549262 0.0014922259 0.013708162 5.8226683e-06 0.00029990458 0.0010256447 0.002447241 0.002592367 0.00016751798 0.004123973 0.022848085 0.0008095648 0.06880114 7.317132e-05 0.0044066412 0.00019467261 0.0003876851 3.6330057e-05 0.0038604517 0.002707857 0.0004949674 0.0016348318 0.0013489865 0.0036250893 7.939211e-05 0.0041419133 0.0021606022 0.00015499235 5.2882413e-05 1.2112479e-06
