2.5799181e-15 0.56369674 0.042265676 0.6399256 0.007796795 0.8921716 0.1521597 0.0004922308 0.0743561 0.68137133 0.8790938 0.91005164 0.8677986 0.94318837 0.8762637 0.6378237 0.9106356 0.9330107 0.9079024 0.9901896 0.40850556 0.99929345 0.99597263 0.85914475 0.31972346 0.92483455 0.6141369 0.93633115 0.9850241 0.88053036 0.7031227 0.3707477 0.41812927 0.013988147 0.35269374 0.88452536 0.98409384 0.23216958 0.89244026 0.96029586 0.76184654 0.38942713 0.9997918 0.48905867 0.9999543 0.00063845207 0.9443294 0.9922835 0.30518788 0.92400503 0.75614065 0.96297467 0.9964276 0.85397494 0.43836385 0.99969304 0.7840509 0.9624746 0.75035536 0.5767675 0.998654 0.7121868 0.9710223 0.94723684 0.42864543 0.6200398 0.99955535 0.9487114 0.97765183 0.2502648 0.9518855 0.21985325 0.9160491 0.41246372 0.95910305 0.9148098 0.9942388 0.9729148 0.043057036 0.6806513 0.8479357 0.8574157 0.20667432 0.073707 0.9620323 0.9671281 0.57529306 0.16223519 0.21058747 0.8043571 0.45516494 0.7830959 0.5244381 0.18368097 0.3219013 0.0031051582 0.12048713 0.07899959 0.3072795 4.5433884e-05 0.00055003905
0.56369674 1.0313387e-10 0.72654843 0.81409866 0.22865905 0.94699776 0.016811214 0.9987711 0.014532212 0.34033212 0.8940814 0.5162684 0.117086515 0.64979583 0.2652927 0.0015839705 0.0035659769 0.2977238 0.0053782924 0.0407588 0.00017450638 0.23385641 0.054561973 0.0018242579 0.004339185 0.00046500232 0.00019269105 9.7685166e-05 0.0006150037 0.0015808678 5.925504e-05 5.107621e-05 4.5191996e-06 9.658586e-05 0.00010940345 6.367261e-06 8.448582e-06 9.844413e-06 2.8908755e-06 8.367344e-07 5.419661e-07 0.000363113 0.0061434368 4.510728e-05 0.0021098577 4.471316e-05 1.6685843e-05 6.832279e-06 0.00092454936 1.1842538e-06 2.0916685e-05 3.1733955e-06 2.7864346e-06 4.131192e-07 1.1235626e-06 0.00015233671 9.481112e-08 2.098896e-07 3.179519e-07 0.0010104232 2.0737477e-06 6.0602606e-06 2.4055882e-07 2.274468e-07 1.8402653e-06 9.5783514e-09 9.95052e-05 7.390373e-06 3.0566698e-05 0.00034253608 1.3803513e-06 3.451643e-06 2.218073e-05 0.00024642202 5.427021e-07 1.29797195e-08 5.1062627e-05 3.3618704e-08 3.4551982e-07 1.2549556e-06 3.4127545e-08 2.9466915e-07 6.0323153e-05 4.60306e-07 8.5525386e-07 3.335807e-06 6.289768e-08 0.00046415083 0.00011045549 6.3939986e-08 8.210519e-06 2.7468843e-06 5.6601324e-09 9.926949e-05 2.01151e-06 1.1574801e-05 2.752227e-07 6.8824147e-07 1.3862507e-06 1.4598745e-05 8.666273e-06
0.042265676 0.72654843 9.327361e-15 0.99976045 4.3467247e-05 0.0069194357 0.000355828 0.3057447 0.99707663 0.52704126 0.1456117 0.0019969142 0.0003172122 0.08886434 0.07208734 0.006202104 0.004908674 0.06254463 0.00020706453 0.00041220017 0.0003762979 0.013407428 0.022917725 0.00047348414 4.1158084e-05 0.0010965649 8.4446234e-05 0.00026677447 0.00092503213 3.4150682e-05 1.2853638e-05 1.7656341e-06 7.619032e-07 0.0013271131 7.62942e-06 6.138066e-05 5.96558e-05 1.2347018e-06 1.6835013e-06 1.01553205e-05 3.1603965e-06 2.329175e-06 0.00018531377 0.00026210982 0.0010857257 0.00016595775 3.9588667e-05 8.102912e-05 4.3165977e-07 4.5272363e-06 7.1720583e-06 1.7070781e-06 2.6296797e-05 3.84791e-06 9.730674e-07 0.00047779083 8.3543865e-09 2.285613e-06 1.6199286e-07 2.0616521e-06 6.2197425e-05 2.9989055e-06 4.2591242e-07 3.3209358e-06 2.3965331e-08 6.8459593e-07 5.9226422e-06 1.1897033e-06 3.7939535e-07 7.855225e-06 1.2861399e-05 2.263359e-07 1.9512007e-07 1.0812354e-05 8.6219507e-07 5.495249e-08 1.2074862e-07 3.6633995e-07 4.355854e-09 7.544001e-06 5.8766467e-08 2.2049113e-08 3.679257e-07 4.081713e-08 1.8248406e-06 3.148033e-06 3.7316445e-07 2.4396092e-08 7.3994843e-06 8.7123475e-08 3.947421e-07 2.193749e-06 7.61981e-09 4.027031e-07 5.002067e-07 2.304754e-08 1.08258025e-08 2.3660752e-08 7.0267936e-10 8.184719e-06 1.5292592e-08
0.6399256 0.81409866 0.99976045 4.484361e-13 0.0001855787 0.056087706 0.0011781784 0.034978285 0.1066665 0.98237514 0.9259462 0.1054122 0.011740883 0.7977167 0.63609266 0.010136391 0.05868607 0.6214179 0.0010480358 0.014046422 8.625546e-05 0.47372916 0.3824776 0.0019777238 0.00019284087 0.0038317246 0.0002850017 0.00094738277 0.002704556 0.00069244584 4.2678945e-05 1.1876056e-05 3.1314466e-05 3.6272173e-05 4.3332402e-05 0.000101672835 9.761802e-05 9.087714e-06 7.549629e-06 9.281378e-06 5.264545e-07 5.908662e-06 0.005656941 2.2014763e-06 0.005935617 2.7818014e-06 2.0103084e-07 0.00018049745 6.943394e-06 2.3456896e-05 9.869573e-07 1.3086729e-07 2.3098097e-05 7.9806995e-08 7.276385e-08 0.0015269831 1.2379012e-07 4.0582154e-06 9.070474e-08 1.9054805e-06 0.00016907482 3.7968114e-06 1.2843822e-05 2.2454874e-06 2.5910296e-07 2.9361146e-08 6.251201e-05 1.5400574e-06 3.8991224e-05 0.00010917061 4.5998393e-05 2.6623172e-07 6.3047814e-06 7.84492e-05 1.5446194e-05 7.9489155e-07 0.00015819406 1.4978848e-07 1.1492115e-08 6.7910484e-08 5.6654847e-07 4.5359246e-07 3.4321813e-06 1.3162731e-09 2.1412676e-08 2.0286546e-07 7.423087e-07 4.2286624e-06 4.0272042e-07 1.4530033e-07 1.28935135e-05 3.2304781e-06 2.9704642e-08 8.844721e-08 2.9627927e-07 1.1359723e-06 1.93145e-07 3.1683953e-07 7.7748744e-08 2.8266206e-07 1.2533757e-06
0.007796795 0.22865905 4.3467247e-05 0.0001855787 1.6808839e-18 0.6293121 0.9983934 0.9999995 8.1939856e-07 6.6827e-05 0.00868128 0.006019917 0.010850286 0.005503565 0.00023761606 8.693943e-07 4.4233857e-07 0.00026189917 4.2290885e-05 0.00050538895 2.4048715e-08 0.0002029879 1.287108e-05 2.3908879e-06 0.00083857786 5.6712114e-08 1.1697946e-07 7.404281e-07 1.6407794e-06 0.000113367045 5.3480713e-09 8.270358e-09 8.681882e-10 4.0104435e-09 6.899176e-08 4.4648903e-07 2.2544447e-07 2.9426726e-09 7.983528e-09 6.5056827e-09 8.4433543e-10 6.2703157e-06 0.00047543002 1.4016793e-08 1.0399528e-05 9.535619e-10 2.0745638e-07 1.6225206e-06 6.396517e-06 4.38315e-08 9.881628e-09 8.432495e-09 1.4383938e-06 9.943523e-10 5.076195e-10 3.3240016e-05 6.898415e-11 9.741722e-09 4.751505e-09 7.299467e-06 1.2937134e-06 1.05136685e-07 2.6255634e-08 7.8553635e-09 1.4369857e-10 1.3216137e-09 1.5068e-06 5.2710715e-07 1.2607208e-06 1.3781381e-05 9.6323475e-08 5.4248366e-09 2.7097967e-06 8.3883215e-06 1.04626366e-07 6.121463e-09 2.7357603e-06 6.7464265e-09 1.9679063e-10 5.630406e-08 2.5097924e-08 6.993641e-08 8.2965386e-07 1.2575875e-10 5.5415505e-08 5.7507137e-09 1.7334695e-08 2.1288372e-06 9.429444e-08 7.061902e-10 3.6525157e-07 1.4940591e-08 7.722051e-07 2.3294626e-09 2.1760407e-09 1.3333705e-08 1.2776482e-09 1.0331566e-09 2.2397298e-10 2.0631235e-06 6.8961425e-10
0.8921716 0.94699776 0.0069194357 0.056087706 0.6293121 7.573426e-10 0.9816897 0.06637198 0.0018771065 0.0046306625 0.8634554 0.97386646 0.79802966 0.4801346 0.011769189 0.00011363267 6.628249e-05 0.018529536 0.030011594 0.46949202 0.00013979709 0.27286425 0.005323213 0.00079320284 0.22581258 0.00021404575 6.315852e-05 3.5404977e-05 0.00017985087 0.004548474 8.178548e-06 1.1834056e-05 4.90573e-07 1.887133e-05 3.4963974e-05 6.9702305e-06 2.0994446e-05 1.1133765e-05 1.4878563e-05 1.9253785e-06 3.109987e-06 0.0005360519 0.029819256 4.5156863e-05 0.0020522296 0.00010079074 2.8098507e-06 4.344781e-05 0.0005120402 6.2235495e-06 4.949923e-07 8.931007e-08 3.305767e-05 1.0541776e-06 3.2215604e-07 0.0003512823 1.2225637e-07 1.490087e-07 1.6888053e-07 0.0013739573 1.1909878e-05 5.3381896e-06 7.420935e-07 4.523574e-07 5.831573e-07 1.07625404e-07 0.00012900568 9.4048766e-05 0.0005153929 0.00022426434 2.9336713e-06 7.0179613e-06 4.327165e-05 0.00092847244 2.1446133e-06 4.0130857e-08 0.00020340725 4.1268112e-08 7.445804e-07 5.573762e-07 1.4758136e-08 1.3717757e-07 9.11525e-05 1.0653158e-06 9.2162125e-08 2.9110769e-08 7.657272e-08 0.00032031198 1.4402573e-05 3.5138797e-07 1.7848529e-06 9.389059e-07 9.4046335e-09 4.410626e-07 6.5281625e-07 9.092715e-06 2.5218658e-06 3.166584e-06 2.565189e-07 0.00013178175 2.7391215e-07
0.1521597 0.016811214 0.000355828 0.0011781784 0.9983934 0.9816897 3.5272858e-11 0.40052387 0.00016365008 0.0016104056 0.042178832 0.103589565 0.8104535 0.009604394 0.0002609717 1.8475438e-06 1.5947157e-06 0.00010088373 0.0572792 0.016755242 5.0876865e-06 0.0013958081 1.9560131e-05 6.421406e-06 0.9537331 3.9483618e-07 2.5128426e-07 1.0376381e-06 1.51840295e-05 0.034350995 3.11637e-08 4.0017977e-07 1.5264732e-08 9.3331647e-07 1.9153782e-05 3.6792605e-07 1.0857649e-06 1.3128952e-06 6.655711e-08 1.1921974e-08 1.9855459e-06 0.0012988859 0.001755709 3.4944821e-06 3.0366222e-05 4.9036316e-06 3.5267665e-06 2.2187955e-06 0.00045957544 4.8083784e-08 2.3608382e-07 3.384316e-07 1.7915397e-06 2.4265779e-08 1.7025735e-07 2.8714045e-05 9.808221e-10 6.2529346e-09 4.6576854e-08 0.00028408016 2.5681716e-06 1.543175e-07 1.2434836e-07 4.1959826e-08 7.255444e-08 1.9368702e-08 9.11236e-06 0.00010285445 8.52464e-05 0.00086686545 2.5646483e-07 3.0804233e-07 4.2933416e-06 0.0006169672 2.973881e-07 2.1549882e-09 7.1184135e-05 2.8391332e-08 1.2133908e-07 3.0317793e-08 2.7711793e-09 5.063192e-09 9.037908e-05 1.2077794e-06 4.425573e-08 1.3630022e-07 6.642533e-08 0.000858275 1.0425267e-05 1.7056905e-07 8.786556e-07 9.4662636e-07 4.838866e-09 1.0358623e-06 1.5049467e-07 4.363375e-07 1.498777e-08 2.4588476e-07 3.1503458e-08 1.7776038e-05 3.7653228e-07
0.0004922308 0.9987711 0.3057447 0.034978285 0.9999995 0.06637198 0.40052387 1.326456e-19 0.14556815 0.013698261 0.003852785 0.0015764835 0.01153468 0.0018252812 0.00022666415 0.000106167696 4.913858e-05 0.0003686571 0.00016086757 6.055013e-05 1.2388158e-06 0.00016110783 7.4998665e-05 4.0563333e-05 0.13358077 1.6439292e-06 3.5849264e-06 2.229256e-06 3.1335705e-05 0.00036367011 3.0349196e-07 2.0021302e-08 7.701267e-09 4.0005736e-05 6.282262e-08 1.1605313e-06 1.5403499e-06 1.1057335e-09 1.7536891e-08 1.2587881e-07 5.1498088e-08 7.726494e-05 1.5113601e-05 9.015955e-07 3.0481988e-05 3.5196183e-07 3.1366155e-06 3.4680386e-06 1.12200505e-05 8.016288e-09 1.6601124e-08 1.3528911e-06 2.3114724e-06 6.537891e-08 2.612031e-07 6.207183e-06 1.7178729e-10 5.8169398e-08 6.6529365e-10 3.0317071e-06 1.1960808e-06 8.382463e-09 3.6153747e-09 4.8352033e-09 1.3120245e-09 4.944184e-10 8.4045595e-08 1.0277796e-06 5.968632e-08 3.6665858e-06 9.081691e-08 4.8104104e-10 4.127504e-08 9.721106e-08 3.3342197e-08 3.419803e-09 3.4444387e-08 4.0795808e-08 4.3413365e-10 1.9630524e-09 4.8687576e-10 3.9031174e-09 5.6750933e-09 5.4816054e-09 7.1805845e-10 1.4054085e-08 1.5575675e-10 5.7773885e-08 9.021365e-09 1.2787356e-09 1.4746058e-09 6.8480516e-10 5.8606147e-09 2.3696158e-08 8.756625e-09 6.034544e-08 2.467559e-10 1.8325114e-09 5.223583e-10 3.2913405e-07 2.5550795e-08
0.0743561 0.014532212 0.99707663 0.1066665 8.1939856e-07 0.0018771065 0.00016365008 0.14556815 2.1631427e-12 0.99031574 0.0030711982 0.00024349838 0.00013789105 0.0065448107 0.03193001 0.38853902 0.07096772 0.043372158 9.497941e-05 4.9725113e-05 0.5186799 0.002809973 0.059908044 0.021034366 3.3981094e-05 0.0076009952 0.0006615401 0.001959103 0.0032684132 0.0007542358 0.00017298645 9.582829e-05 8.871725e-05 0.8856849 0.000107402775 0.00031163052 0.00041775082 1.4327896e-05 9.064511e-05 2.9159744e-05 0.00038159307 3.26335e-06 9.154116e-06 0.022961032 0.0003558666 0.020722238 0.00023641289 4.2903604e-05 1.0480028e-06 1.0340891e-05 1.1720604e-05 9.088913e-07 1.9608598e-05 4.8642396e-05 1.9172046e-06 7.633717e-05 4.4636388e-07 1.0091403e-06 5.587144e-06 3.398928e-06 3.0617418e-06 0.00014451024 2.2477564e-06 6.426442e-06 1.505913e-05 2.5193529e-05 1.45827025e-05 2.884192e-06 1.8083738e-06 5.7782294e-05 4.7574358e-05 1.0868257e-06 2.837405e-07 1.5498539e-06 2.1967333e-05 1.2830087e-07 5.809619e-07 2.009633e-06 7.775505e-06 9.899173e-07 2.6589285e-06 2.897431e-06 2.4561257e-06 2.1044379e-07 4.462979e-07 3.4107895e-06 2.0926711e-06 1.8757357e-05 2.8641516e-05 4.5685454e-07 5.747658e-06 3.1406762e-05 9.812684e-08 5.969162e-06 3.8437085e-07 7.84977e-07 2.2654645e-07 2.3488774e-07 8.4959936e-08 7.2595256e-05 1.0200634e-08
0.68137133 0.34033212 0.52704126 0.98237514 6.6827e-05 0.0046306625 0.0016104056 0.013698261 0.99031574 2.4753793e-10 0.3754769 0.0048975195 0.00117093 0.57249516 0.87731934 0.8570927 0.8888067 0.7981072 0.00029906657 0.0047918037 0.1630724 0.32870814 0.66791904 0.07482027 7.370233e-05 0.09005113 0.001971427 0.013282344 0.02980416 1.8347551e-05 0.0002310463 7.524863e-05 1.6140302e-05 0.050001364 0.00023366036 0.0019111624 0.0022549706 3.250341e-05 6.8710597e-06 1.9211959e-05 2.3629083e-05 0.00014707207 0.0020189008 0.006788546 0.02092641 0.00056814763 2.4643903e-05 0.0006331252 7.5084295e-06 2.2890954e-05 3.174552e-06 1.5156029e-06 0.00014336951 3.44919e-07 2.1450714e-06 0.0019244269 2.5806327e-07 5.9786476e-06 2.9897874e-06 1.1745569e-05 0.00014205776 1.16387355e-05 4.0381824e-06 2.7073534e-06 2.6099008e-06 8.1945336e-07 4.2379684e-06 1.4558441e-05 3.3256233e-06 0.00012972753 1.12463085e-05 4.2619277e-07 6.7991814e-06 0.00034177268 2.636026e-06 6.611651e-07 3.629055e-05 9.089252e-07 2.1190517e-06 3.0784028e-07 2.0900913e-07 3.2059376e-08 6.464457e-05 7.2808923e-09 2.1918177e-07 3.9851892e-07 3.9900647e-07 1.5116037e-05 9.939595e-07 1.6233093e-07 1.1317632e-05 2.0761037e-05 2.0089209e-07 3.7716898e-06 1.8705418e-06 4.206831e-07 5.9666604e-07 2.3258253e-06 3.6142943e-08 3.073602e-06 9.029628e-09
0.8790938 0.8940814 0.1456117 0.9259462 0.00868128 0.8634554 0.042178832 0.003852785 0.0030711982 0.3754769 3.9642664e-12 0.95454156 0.4555877 0.9868643 0.23852615 0.0004231517 0.012981788 0.20001546 0.046496842 0.79316866 2.9750328e-05 0.86609226 0.09728175 0.00019441676 0.008140393 0.0004826823 0.000106352534 0.00015200801 0.0020429697 0.00226745 3.5157907e-05 2.7441365e-05 2.516698e-06 7.2166285e-06 4.5288147e-05 1.2288817e-05 2.5837158e-05 4.4971057e-06 3.2151917e-07 3.0615448e-07 7.76723e-07 0.00036789762 0.046809822 4.1020953e-06 0.016276626 1.0369106e-05 1.146758e-06 3.305669e-05 0.00027572174 1.0609602e-06 6.20113e-08 4.0456715e-08 1.3578826e-05 5.945771e-08 4.431173e-08 0.0003863011 1.5994923e-08 4.1804554e-07 3.5189384e-08 0.0017153112 7.7866694e-05 8.279801e-08 1.16968415e-07 2.5560983e-08 3.6550645e-08 3.6297465e-09 0.000118618 0.0003080942 0.000207598 9.7818935e-05 4.289959e-07 4.9834227e-08 2.516003e-05 0.00017046965 1.0317101e-07 1.0578371e-08 9.970307e-05 1.6405586e-08 1.4979198e-08 3.320041e-09 5.517427e-09 2.3116365e-07 0.00011109631 5.740539e-07 2.6668727e-09 3.1234917e-09 1.3617392e-07 4.185131e-05 3.6672182e-10 2.4177492e-08 6.296658e-08 1.04127864e-07 1.0305414e-08 2.6069816e-07 5.5707037e-08 2.2017669e-07 1.07421556e-07 7.763356e-09 5.1872573e-09 7.179261e-05 3.4751948e-09
0.91005164 0.5162684 0.0019969142 0.1054122 0.006019917 0.97386646 0.103589565 0.0015764835 0.00024349838 0.0048975195 0.95454156 8.036986e-09 0.94914854 0.5492783 0.018757416 0.00018339584 0.00046755726 0.020129995 0.37846798 0.9732703 1.0330464e-05 0.5545361 0.016934134 0.00035282943 0.14887936 0.00037267493 0.00013063358 0.00024751324 0.0006577975 0.055186402 1.1552315e-05 1.1351833e-05 1.3412791e-06 2.1737915e-06 3.3775934e-05 2.636143e-05 0.00010079208 3.9830634e-06 5.5360704e-07 4.8833664e-07 9.1186405e-07 0.004346567 0.13953029 2.1562414e-06 0.0110462755 3.4588004e-06 2.1601302e-07 0.00010624436 0.0010902158 7.929506e-06 5.7177226e-07 1.140954e-07 5.380891e-05 9.612356e-07 5.8571423e-08 0.0007536516 1.6447107e-07 1.7498281e-06 1.2943021e-06 0.039449055 0.00019117148 3.0606207e-06 2.7620308e-06 9.1604693e-07 2.4390962e-07 4.6159576e-07 0.00024792404 0.008790589 0.0029614216 0.0008989706 1.0761464e-05 8.3054834e-07 0.00022319621 0.002716636 2.2105078e-06 1.8171544e-06 0.0003514088 7.5751416e-07 6.4729267e-07 4.998473e-08 2.530318e-07 5.425848e-06 0.0020282858 3.3100905e-06 6.1113488e-09 2.3593152e-08 7.208432e-07 8.2197126e-05 2.8602916e-09 1.1584491e-06 1.3630092e-06 3.5979622e-06 4.7873516e-07 4.3100283e-07 9.3513313e-07 5.3555927e-06 1.4603431e-06 4.7479066e-06 2.2338925e-07 8.261057e-05 3.8515815e-08
0.8677986 0.117086515 0.0003172122 0.011740883 0.010850286 0.79802966 0.8104535 0.01153468 0.00013789105 0.00117093 0.4555877 0.94914854 6.036101e-11 0.1491218 0.011104219 0.00014530667 0.00015587508 0.016202124 0.99107593 0.89659023 4.278235e-06 0.22566842 0.010080974 6.0296923e-05 0.9202603 0.00019699438 4.479778e-06 0.0002449702 0.0016387028 0.2375629 2.2574254e-06 3.0406516e-06 1.0958158e-06 3.179498e-05 1.9550229e-05 4.207477e-05 7.709925e-05 1.5426813e-06 4.6664553e-07 9.1144926e-07 7.5857906e-07 0.22364339 0.4187163 1.0202317e-06 0.016790282 0.0003807601 1.2308921e-07 2.3580167e-05 0.022366347 9.457173e-06 2.656152e-07 7.3711625e-08 7.644511e-06 2.0049458e-07 1.5569566e-07 0.0015690456 1.3746897e-07 2.1780319e-07 1.5551774e-07 0.042575605 0.00051087275 7.8252015e-07 1.3186473e-06 5.7677873e-08 1.5341566e-07 5.8880126e-08 0.0005609127 0.0042325608 0.005320625 0.0008619634 2.6710438e-06 1.6793969e-07 0.00039592537 0.0032183717 3.2690954e-07 9.536174e-08 0.0015938189 5.5942485e-07 5.9183904e-08 5.1107662e-08 2.1763737e-08 3.5753765e-06 0.0039301026 7.120637e-08 4.9295746e-08 5.087279e-08 3.8013596e-07 0.00017586163 1.9445577e-07 1.9643103e-06 5.87586e-07 2.285239e-07 5.4506753e-08 5.2561774e-07 1.5009721e-07 1.2349956e-07 1.6300451e-07 8.780348e-07 3.1467483e-08 2.8446175e-05 1.4605909e-08
0.94318837 0.64979583 0.08886434 0.7977167 0.005503565 0.4801346 0.009604394 0.0018252812 0.0065448107 0.57249516 0.9868643 0.5492783 0.1491218 5.7606322e-11 0.94052345 0.0040650736 0.071035616 0.8908393 0.010463053 0.56750524 0.0003175748 0.9712521 0.37791497 0.0012529502 0.0027533274 0.0037696941 0.00027265324 0.0016595934 0.008041538 0.0014196933 4.080248e-05 6.0349274e-05 1.2239998e-05 6.9601806e-06 4.1260304e-05 0.00018109419 0.00025151673 4.266155e-06 1.3522205e-06 4.870964e-06 6.894042e-07 0.00026466206 0.06307659 6.9689013e-06 0.058437955 7.2408903e-07 2.383248e-06 0.00041602118 0.00019860078 3.2740878e-05 1.2631168e-06 3.8756622e-07 0.00013761359 6.972979e-07 1.7115535e-07 0.002730149 2.7555177e-07 3.915804e-06 2.5551162e-06 0.0017026574 0.000752912 5.881174e-07 1.1723516e-06 1.1315181e-07 1.0649212e-07 4.9804957e-08 0.00055504 0.00049971155 0.0006655692 0.0002472723 1.9252051e-05 4.09091e-08 0.00020832565 0.00057857344 4.0686336e-07 8.966121e-07 0.0002547836 2.852373e-07 1.8737984e-08 2.5351378e-08 1.6153007e-07 5.965657e-06 0.00023075697 1.321861e-07 1.0458341e-08 2.8071092e-09 1.8002649e-07 2.5107922e-05 6.352991e-09 1.5338931e-07 1.0253599e-07 6.19742e-07 1.265334e-06 1.1371412e-07 1.11650046e-07 3.5324234e-07 1.4054165e-08 5.7354654e-09 8.249337e-10 4.6567333e-05 7.1411127e-10
0.8762637 0.2652927 0.07208734 0.63609266 0.00023761606 0.011769189 0.0002609717 0.00022666415 0.03193001 0.87731934 0.23852615 0.018757416 0.011104219 0.94052345 4.1665144e-12 0.08308985 0.8734171 0.9958135 0.0023858794 0.017581698 0.005917231 0.8958762 0.9221138 0.04200576 0.00026549379 0.16014828 0.0047023427 0.026071865 0.2450477 9.650337e-05 0.0013021629 0.00063742267 0.0005108518 0.00011136309 0.0002427159 0.001285425 0.0024604383 5.5110544e-05 1.2336844e-05 2.115953e-05 3.52503e-05 3.8919374e-05 0.010750059 1.7567432e-05 0.13007672 1.2339832e-05 2.60928e-05 0.0019237753 1.5156425e-05 2.4461828e-05 4.6001108e-07 1.4368687e-05 0.00048917264 6.295712e-07 2.8699918e-07 0.00396742 2.2372813e-06 7.3824967e-06 2.4667454e-06 0.00015237638 0.0008050036 1.1601838e-06 2.1780536e-06 8.942189e-08 1.234414e-07 3.8306354e-08 0.00030082464 0.00021200869 6.2728126e-05 5.7881294e-05 1.3749141e-05 4.7473654e-07 7.160273e-05 6.087657e-05 1.2302836e-06 4.2442636e-07 4.2886786e-05 5.95411e-07 3.3807755e-08 9.6963475e-08 2.2169561e-07 9.978183e-07 2.348295e-05 2.0794226e-07 7.835181e-08 9.810022e-09 5.2783355e-07 1.5143105e-05 1.0157882e-08 9.1309666e-08 1.7920667e-07 7.836807e-07 2.7062626e-07 4.6188154e-07 1.6232837e-08 9.2867246e-08 4.2290452e-08 2.3970075e-09 2.0265798e-09 1.4663252e-05 1.1543668e-09
0.6378237 0.0015839705 0.006202104 0.010136391 8.693943e-07 0.00011363267 1.8475438e-06 0.000106167696 0.38853902 0.8570927 0.0004231517 0.00018339584 0.00014530667 0.0040650736 0.08308985 3.5074693e-10 0.99125415 0.16364096 2.4259385e-05 0.00013462118 0.9968752 0.0137174325 0.33977956 0.82017326 1.3724551e-05 0.3455822 0.019927833 0.07403853 0.055324554 5.0662857e-06 0.0042539285 0.011533761 0.0009749745 0.01583253 0.00658725 0.007463895 0.007987707 0.00016116546 6.6804445e-05 0.00020684682 0.0011316133 0.00035263968 0.00025858395 0.032738376 0.013280711 0.0013323933 7.493868e-05 0.00033642602 2.5326914e-05 8.121006e-05 1.0240368e-05 8.60938e-07 0.00015721243 5.4300876e-06 1.5141018e-06 0.00029287153 2.4552344e-07 1.3757849e-05 2.2039444e-06 3.7185978e-06 2.0040015e-05 1.4506953e-05 2.8168345e-06 2.3560394e-06 1.2370474e-06 1.002426e-06 2.5675237e-05 8.3439915e-08 3.1611063e-07 7.965406e-05 6.0363172e-06 2.093352e-06 4.6985676e-07 2.019798e-05 3.088037e-06 3.6886445e-07 2.064521e-06 2.1665912e-06 5.458788e-07 5.5054675e-06 1.3912775e-07 1.5938683e-07 1.8780294e-06 1.16334306e-07 3.51891e-07 1.2506408e-07 7.229402e-07 1.7983335e-06 3.666187e-08 1.731524e-07 1.1550668e-06 4.996715e-06 4.098509e-08 7.513507e-08 5.565096e-08 1.2192877e-06 6.7552506e-08 2.6297622e-07 7.1040422e-09 1.6962764e-06 1.4373919e-09
0.9106356 0.0035659769 0.004908674 0.05868607 4.4233857e-07 6.628249e-05 1.5947157e-06 4.913858e-05 0.07096772 0.8888067 0.012981788 0.00046755726 0.00015587508 0.071035616 0.8734171 0.99125415 1.7452965e-12 0.86676025 3.64452e-05 0.0009856856 0.26676366 0.41294694 0.93269384 0.86804366 5.8430437e-06 0.893614 0.051951066 0.4852801 0.55981374 3.6421815e-07 0.010036056 0.0025463 0.0013137826 0.0044924077 0.00061557733 0.04053411 0.031234337 5.5138353e-05 4.0338044e-05 0.00042937577 4.1962172e-05 9.444735e-06 0.003164014 0.0011214399 0.10476068 5.5200806e-05 1.3129559e-05 0.0026852577 3.8736725e-06 4.5266723e-05 9.3729386e-07 8.300372e-08 0.00031550272 8.9264944e-08 2.504529e-07 0.0022945171 1.2756334e-07 9.748284e-07 4.392383e-07 2.3235707e-06 9.473995e-05 1.6381003e-07 8.0700977e-07 8.8455806e-08 5.6648876e-08 9.7554445e-09 4.8275273e-05 5.789476e-07 1.8315532e-06 1.0781351e-05 1.6749001e-06 1.2070913e-07 2.7342543e-05 6.367313e-05 1.8163685e-07 6.873682e-08 2.9893297e-05 2.905103e-08 8.8048125e-08 3.9477648e-08 1.336408e-08 4.9953947e-08 2.7373003e-06 1.8933637e-08 3.0896052e-09 1.6354715e-09 3.197161e-07 1.7631562e-07 3.79285e-09 3.637393e-08 5.8013035e-07 1.1942498e-07 2.0782913e-08 1.18084515e-07 6.507731e-09 8.8643965e-08 8.179733e-08 7.381444e-09 7.274563e-09 2.987054e-08 4.5092846e-10
0.9330107 0.2977238 0.06254463 0.6214179 0.00026189917 0.018529536 0.00010088373 0.0003686571 0.043372158 0.7981072 0.20001546 0.020129995 0.016202124 0.8908393 0.9958135 0.16364096 0.86676025 6.52715e-12 0.0020896192 0.013576658 0.013776048 0.862605 0.9289041 0.03794542 0.00050780986 0.13556078 0.004817302 0.017426658 0.20290537 0.00017779962 0.00087067415 0.0007739721 0.00023257836 0.00026545607 0.000357677 0.0012147971 0.0018926671 4.789434e-05 2.5616735e-05 2.6807478e-05 1.6589454e-05 8.679354e-05 0.016442861 7.971599e-05 0.1759268 7.0559186e-06 4.4039938e-05 0.0023576478 1.5400215e-05 7.9103556e-05 1.4309917e-06 7.628787e-06 0.00036616204 1.1381595e-06 9.066577e-07 0.006167602 4.0972823e-06 2.7651318e-05 1.8065148e-05 0.00040504747 0.00094764715 1.1919132e-06 5.16585e-06 2.5587897e-07 6.29513e-07 1.0532736e-07 0.00082776585 0.00019183625 0.0001508032 8.460714e-05 3.3209722e-05 2.7316764e-07 0.00019583323 0.00012003856 1.7812989e-06 1.9904126e-06 0.00014804177 7.608903e-07 4.082299e-07 1.5018756e-07 6.9368775e-07 4.8500165e-06 3.6289195e-05 1.7113805e-07 8.1189114e-08 1.2977812e-08 1.2610658e-06 3.1581745e-05 1.7083018e-07 2.319558e-07 1.3038036e-07 1.4988472e-06 5.2800647e-06 5.552943e-07 4.6266603e-08 5.860799e-07 2.7419954e-08 2.2114088e-09 1.7296242e-09 0.00056876265 7.82866e-10
0.9079024 0.0053782924 0.00020706453 0.0010480358 4.2290885e-05 0.030011594 0.0572792 0.00016086757 9.497941e-05 0.00029906657 0.046496842 0.37846798 0.99107593 0.010463053 0.0023858794 2.4259385e-05 3.64452e-05 0.0020896192 6.0029687e-10 0.7051225 5.3060407e-06 0.031720124 0.0012656237 3.870809e-05 0.3984055 5.2526e-05 1.315149e-05 0.00010237132 0.00049443735 0.99444723 1.889891e-06 4.049567e-06 1.7329985e-06 2.3424673e-06 1.0082597e-05 2.2594146e-05 4.2114072e-05 2.5950515e-06 1.1903558e-06 1.3597764e-06 6.293419e-07 0.11464893 0.8415397 3.8197446e-05 0.013206855 1.4918715e-05 1.1777636e-05 8.936286e-05 0.049858913 1.5835367e-05 6.2997725e-07 2.5742736e-07 4.4740464e-05 1.0755713e-06 7.8854697e-07 0.0028357413 2.1514789e-07 2.921919e-06 3.1804275e-06 0.21521965 0.0018179041 2.1767517e-06 6.6148955e-06 1.5477153e-06 1.499796e-07 7.559247e-08 0.0036866611 0.037845396 0.022745833 0.0062961304 0.00021285207 3.496069e-06 0.004034509 0.042768385 4.0354257e-06 1.26841305e-05 0.0076814163 1.01388405e-05 1.7820872e-06 7.966268e-06 6.453972e-07 0.00015634717 0.023279559 3.5870912e-06 1.2373931e-06 1.8981811e-07 1.1389613e-05 0.0003172969 1.1090428e-06 8.06357e-06 1.8064554e-06 1.4989223e-05 9.6964264e-05 1.024369e-05 1.263277e-06 1.7692885e-06 3.6408844e-06 8.7846706e-07 9.81197e-07 1.48035e-06 8.765966e-07
0.9901896 0.0407588 0.00041220017 0.014046422 0.00050538895 0.46949202 0.016755242 6.055013e-05 4.9725113e-05 0.0047918037 0.79316866 0.9732703 0.89659023 0.56750524 0.017581698 0.00013462118 0.0009856856 0.013576658 0.7051225 1.41994e-11 5.18302e-05 0.4703126 0.0043138983 7.664618e-05 0.05434601 0.00034545313 3.7055193e-05 0.0001573162 0.0004060827 0.21268834 4.1971716e-06 9.823416e-06 7.5323226e-07 7.068823e-06 4.970705e-05 1.4415792e-05 1.30136505e-05 2.6643187e-07 6.781208e-07 1.420881e-06 3.31079e-07 0.02161899 0.96386075 1.0970794e-05 0.03878681 1.891486e-07 1.0298552e-05 0.00017512054 0.014268854 5.2978044e-06 4.7097873e-07 5.1283405e-07 4.3802775e-05 3.1336228e-06 3.249476e-07 0.0013969607 5.070404e-08 2.1635724e-06 1.1386383e-06 0.21274862 0.0003624171 3.2477706e-06 4.49856e-06 5.5803577e-07 4.21748e-07 2.9612107e-07 0.0014343837 0.07542138 0.04410543 0.001137098 8.633001e-05 7.89475e-08 0.0011799707 0.015601973 5.441337e-06 1.9643543e-05 0.0023807485 3.0338156e-06 4.0048866e-07 1.5060643e-08 3.4647294e-06 2.0644668e-05 0.0023837073 8.638371e-07 2.478968e-08 9.88908e-08 1.2888983e-06 7.19163e-05 7.3690686e-08 4.5662932e-07 6.9969064e-07 1.5116059e-06 2.011962e-05 1.3426299e-07 4.1959686e-07 7.785645e-07 4.7615663e-07 2.9351307e-07 5.2797922e-08 9.313808e-05 1.7220179e-08
0.40850556 0.00017450638 0.0003762979 8.625546e-05 2.4048715e-08 0.00013979709 5.0876865e-06 1.2388158e-06 0.5186799 0.1630724 2.9750328e-05 1.0330464e-05 4.278235e-06 0.0003175748 0.005917231 0.9968752 0.26676366 0.013776048 5.3060407e-06 5.18302e-05 5.7000495e-11 0.0007626565 0.047235522 0.78815615 2.6015006e-05 0.20485091 0.10114967 0.039760698 0.022220133 6.285901e-06 0.043966528 0.07159929 0.02061081 0.9963752 0.0652156 0.0120471725 0.011236896 0.008752644 0.003438728 0.001062581 0.049931463 3.2336822e-05 7.8320256e-05 0.21910252 0.004399847 0.5096214 0.0018290842 0.00035435328 6.8602435e-06 7.970748e-05 4.650575e-06 3.437603e-06 9.0623165e-05 5.09445e-06 5.31703e-05 0.00018744044 7.2762913e-07 2.1407698e-06 1.5127185e-07 2.8784164e-06 2.7151723e-06 4.641479e-06 3.544592e-07 2.1272773e-07 3.304607e-07 3.950582e-08 5.6670844e-05 5.032349e-07 5.964203e-07 1.1063981e-05 2.5210772e-06 1.1148742e-06 6.417154e-07 1.36663375e-05 1.0380478e-06 6.087909e-08 3.7348113e-06 2.3605388e-07 1.3997744e-08 7.8578137e-07 1.8457966e-08 4.9073576e-09 3.669475e-08 4.268393e-06 1.7824381e-07 4.5695958e-07 9.947934e-08 9.7429535e-08 1.8453708e-06 2.2255978e-08 1.0616859e-06 4.2442232e-07 1.1844656e-09 9.189773e-07 2.289425e-07 2.3296216e-06 5.830422e-07 2.5864472e-07 3.8492587e-09 2.1947773e-05 1.8413413e-08
0.99929345 0.23385641 0.013407428 0.47372916 0.0002029879 0.27286425 0.0013958081 0.00016110783 0.002809973 0.32870814 0.86609226 0.5545361 0.22566842 0.9712521 0.8958762 0.0137174325 0.41294694 0.862605 0.031720124 0.4703126 0.0007626565 4.576688e-14 0.6003779 0.007406672 0.003169843 0.04318066 0.00090538635 0.0041450066 0.020569898 0.001713333 0.0002346324 0.00025409568 0.000119412856 1.3970173e-05 0.00012566228 0.0005533284 0.0003843808 5.332155e-06 1.867379e-05 2.0976135e-05 6.0880193e-06 0.00031421575 0.34600505 5.8488957e-05 0.4206735 6.477867e-07 2.6014483e-05 0.0009023156 0.0001310416 3.5199006e-05 3.551217e-07 1.015843e-05 0.00013288831 3.1306374e-07 4.5373218e-07 0.0057609887 6.973105e-07 5.294809e-06 8.0268757e-07 0.0039822566 0.0008719372 6.806788e-07 4.639974e-06 1.5096774e-07 4.4758045e-07 4.5468493e-08 0.002160927 0.0020208221 0.004595319 6.226141e-05 5.1741063e-05 7.295684e-09 0.0010085626 0.0007865372 1.5887896e-06 6.7810756e-06 0.000522092 2.122063e-06 5.0674166e-06 1.1255363e-07 5.5894975e-07 1.159347e-05 0.00019793674 1.693782e-08 4.721226e-08 1.8496142e-07 1.0172482e-06 7.220607e-06 4.422493e-08 1.7206168e-07 6.0862635e-07 2.5931986e-06 7.984214e-05 3.3164747e-07 2.0194694e-08 1.4904337e-07 7.700977e-08 4.2202117e-09 1.2042804e-08 4.618602e-06 1.0387914e-10
0.99597263 0.054561973 0.022917725 0.3824776 1.287108e-05 0.005323213 1.9560131e-05 7.4998665e-05 0.059908044 0.66791904 0.09728175 0.016934134 0.010080974 0.37791497 0.9221138 0.33977956 0.93269384 0.9289041 0.0012656237 0.0043138983 0.047235522 0.6003779 1.0250455e-10 0.30843988 0.0003986986 0.8120106 0.0602383 0.30308035 0.7450274 0.00014647494 0.014181851 0.009294036 0.0030315858 0.0007236949 0.0024067692 0.017756782 0.022221383 0.0003494677 0.0006366405 0.0007557391 0.00071554334 0.0001160994 0.020155665 0.0014257691 0.8155995 2.9357383e-05 0.0028566935 0.017228043 4.313252e-05 0.0005409667 3.571255e-05 0.00029896534 0.0011602404 2.9223804e-05 2.2148008e-05 0.02087826 6.610995e-05 0.0001094927 0.00018576426 0.0014835425 0.001413998 9.356483e-06 4.656671e-05 1.962816e-06 3.618283e-05 3.6513904e-07 0.002333287 0.00033911332 0.001124 4.8939866e-05 0.00034608872 6.028002e-07 0.000996756 0.0004634115 2.119346e-05 3.14471e-05 0.00020691431 1.8280849e-05 0.00013162903 1.7537994e-06 3.5451312e-06 0.0001130974 0.00043689215 1.1472273e-06 7.173813e-07 5.3974867e-07 2.9531338e-05 2.8753917e-05 4.884386e-07 2.1542107e-06 1.2122313e-06 7.15714e-05 0.00022316346 4.054803e-06 1.547136e-07 5.0519757e-06 7.4307013e-07 8.0204625e-09 6.5411814e-07 0.000113037444 5.6232765e-09
0.85914475 0.0018242579 0.00047348414 0.0019777238 2.3908879e-06 0.00079320284 6.421406e-06 4.0563333e-05 0.021034366 0.07482027 0.00019441676 0.00035282943 6.0296923e-05 0.0012529502 0.04200576 0.82017326 0.86804366 0.03794542 3.870809e-05 7.664618e-05 0.78815615 0.007406672 0.30843988 2.4737195e-09 0.00018838396 0.98709077 0.9562157 0.61241704 0.2717499 6.7095566e-06 0.41842252 0.94242024 0.46808973 0.061316866 0.45587963 0.34301597 0.23302703 0.07673771 0.0059851804 0.0072125657 0.14464551 0.0012745549 0.00018916061 0.25516385 0.051679682 0.0044530313 0.14164542 0.0055215866 0.00029396004 0.00042593095 8.19802e-05 0.00020465392 0.00142334 0.00010680605 0.0015200903 0.0009793245 6.32632e-06 1.6477647e-05 3.458543e-06 6.397009e-05 3.806192e-05 1.32500245e-05 2.6511375e-06 1.8914238e-06 1.473036e-05 7.7303486e-07 1.9847781e-05 7.392219e-06 3.5989335e-06 9.709048e-05 1.3666878e-06 3.3906722e-06 1.5824824e-06 3.5533314e-05 9.776364e-07 1.3851016e-07 7.6271203e-06 5.722021e-07 6.037901e-06 1.5205787e-06 4.961921e-08 3.1636094e-07 1.534174e-05 1.7611012e-05 7.9093894e-07 2.576961e-07 2.3653374e-06 3.5320798e-05 4.9766604e-06 1.493755e-07 7.3595413e-07 9.4419975e-06 6.591356e-08 5.6562935e-06 5.6507963e-07 2.3176551e-06 4.9546674e-08 1.0845438e-06 3.3884767e-08 5.291538e-06 3.0009863e-09
0.31972346 0.004339185 4.1158084e-05 0.00019284087 0.00083857786 0.22581258 0.9537331 0.13358077 3.3981094e-05 7.370233e-05 0.008140393 0.14887936 0.9202603 0.0027533274 0.00026549379 1.3724551e-05 5.8430437e-06 0.00050780986 0.3984055 0.05434601 2.6015006e-05 0.003169843 0.0003986986 0.00018838396 3.6430945e-11 7.098087e-06 7.901553e-06 9.542479e-06 0.00017963898 0.94365144 1.017664e-05 4.6255755e-06 2.022019e-06 7.9873894e-07 3.5385717e-06 1.0304241e-05 3.6329537e-05 1.0212696e-06 7.1089667e-06 4.4777002e-07 1.7270376e-06 0.9983914 0.03183526 2.951225e-05 0.0003135593 5.3645845e-06 5.302743e-06 7.598429e-06 0.0043577636 3.8065292e-07 2.0406542e-07 1.0190853e-06 8.868066e-06 2.553735e-06 5.132091e-06 9.9904566e-05 9.342667e-09 7.965857e-08 2.2496131e-08 0.0023433713 1.0936053e-05 1.4188439e-07 1.06864064e-07 1.6563794e-07 3.1884174e-08 6.225769e-08 0.00011624731 0.0006733765 0.00021027277 0.0013593872 1.0239182e-06 4.9591233e-07 5.0439096e-05 0.0006386744 2.1453815e-07 9.3501e-09 0.00015906348 4.247087e-08 3.06981e-07 4.6960318e-07 1.4260382e-08 1.1805452e-06 0.0003626529 2.01255e-06 6.8807644e-08 2.9843673e-07 4.5058997e-07 0.00029301763 3.8726143e-05 5.572415e-08 3.4490517e-07 5.2094424e-07 5.778237e-08 2.9801627e-06 4.508257e-08 1.2376894e-06 2.2093442e-08 3.8131856e-07 9.42169e-09 4.172661e-05 9.5073204e-07
0.92483455 0.00046500232 0.0010965649 0.0038317246 5.6712114e-08 0.00021404575 3.9483618e-07 1.6439292e-06 0.0076009952 0.09005113 0.0004826823 0.00037267493 0.00019699438 0.0037696941 0.16014828 0.3455822 0.893614 0.13556078 5.2526e-05 0.00034545313 0.20485091 0.04318066 0.8120106 0.98709077 7.098087e-06 1.6184006e-10 0.83828163 0.9749815 0.8946082 9.631346e-06 0.47486296 0.15106249 0.07694053 0.003996129 0.029279215 0.39326704 0.3696226 0.0049036136 0.0031521944 0.0090739485 0.0075412723 2.8329248e-05 0.0014967311 0.008623996 0.21104151 0.00017695298 0.011216805 0.007380386 2.0971513e-05 0.00064576115 8.63087e-05 0.00011307766 0.0017299852 8.601535e-05 9.989437e-05 0.0029588526 1.231026e-05 3.2548014e-05 1.0785146e-05 3.565495e-06 0.0001788199 3.0616866e-06 7.692859e-06 1.1212301e-06 1.4635158e-05 5.6387756e-07 0.00016785045 1.3086768e-05 2.4667064e-05 6.3575135e-05 9.555666e-06 3.8820545e-07 0.00012431094 0.00017674771 2.411141e-06 8.1316773e-07 0.00015427021 4.407048e-07 5.024722e-06 1.8360767e-07 2.4652437e-07 1.6846143e-06 3.7598726e-05 1.0175829e-06 6.122167e-08 4.2765294e-08 3.4519132e-06 2.0552172e-06 2.6604171e-08 3.5895704e-07 7.8904486e-07 1.3738247e-05 2.4951333e-07 7.523004e-07 4.2943674e-07 5.441433e-07 3.047728e-07 8.898259e-08 4.4097575e-08 3.1691476e-07 1.1591634e-09
0.6141369 0.00019269105 8.4446234e-05 0.0002850017 1.1697946e-07 6.315852e-05 2.5128426e-07 3.5849264e-06 0.0006615401 0.001971427 0.000106352534 0.00013063358 4.479778e-06 0.00027265324 0.0047023427 0.019927833 0.051951066 0.004817302 1.315149e-05 3.7055193e-05 0.10114967 0.00090538635 0.0602383 0.9562157 7.901553e-06 0.83828163 2.332093e-10 0.85974413 0.23598912 4.2665984e-06 0.99361455 0.61753815 0.93691975 0.0027744416 0.13895337 0.8664397 0.46137008 0.048185885 0.0433309 0.114434354 0.06582086 0.00017797638 0.000104719365 0.065733254 0.04345002 0.0006361993 0.07175297 0.011443606 4.5329627e-05 0.00047043426 0.00019530578 0.00026772002 0.0011701345 0.00018857972 0.0020288145 0.0007471529 2.3935881e-05 2.400558e-05 5.287532e-06 1.52312095e-05 0.0001292558 5.494206e-06 4.2094857e-06 1.2355677e-06 7.824287e-06 3.7831143e-07 2.525393e-05 8.545906e-06 5.1594714e-07 3.184876e-05 5.9970644e-06 9.311024e-06 9.531729e-06 1.6577718e-05 1.076771e-06 1.6172582e-07 2.2718817e-05 6.3523555e-07 5.661776e-06 2.692281e-06 3.767796e-08 8.228665e-08 8.575624e-06 5.2584688e-05 8.27652e-07 1.3877143e-07 1.4134181e-06 4.1622118e-07 8.964799e-08 1.986455e-08 8.362318e-07 9.779566e-06 1.7640241e-07 4.9662676e-06 5.658184e-07 3.8367266e-06 6.5682265e-08 1.07622945e-07 6.432932e-09 2.3296348e-06 1.2414235e-08
0.93633115 9.7685166e-05 0.00026677447 0.00094738277 7.404281e-07 3.5404977e-05 1.0376381e-06 2.229256e-06 0.001959103 0.013282344 0.00015200801 0.00024751324 0.0002449702 0.0016595934 0.026071865 0.07403853 0.4852801 0.017426658 0.00010237132 0.0001573162 0.039760698 0.0041450066 0.30308035 0.61241704 9.542479e-06 0.9749815 0.85974413 2.8103447e-13 0.9811941 1.0402058e-05 0.83407646 0.3786987 0.38602462 0.0010643984 0.08165138 0.76597345 0.8848551 0.025507323 0.047682803 0.083939 0.030709991 5.0926647e-05 0.0009575777 0.011666408 0.56838185 7.53271e-05 0.02346768 0.01586847 2.5979998e-05 0.00085950573 0.00040401396 0.0023036546 0.0029577115 0.00027459915 0.00047976148 0.008883744 0.0001611587 0.00010082593 3.3831802e-05 2.2609256e-05 0.00072745956 1.2585062e-05 1.9568808e-05 9.0513294e-07 6.634832e-05 1.3745985e-06 0.00048153152 3.6087065e-05 3.702884e-05 3.2676402e-05 2.3590377e-05 6.5325037e-07 0.00013784844 3.0713214e-05 4.1771295e-06 8.083739e-07 0.00017662943 7.589242e-07 5.0160133e-06 3.406237e-07 5.7674714e-07 3.6229494e-06 6.4815904e-06 8.186461e-06 3.9760783e-07 1.6396616e-07 3.436921e-06 2.0027853e-06 2.404578e-08 4.0773322e-08 1.5662953e-06 2.028419e-05 1.4109858e-06 5.5912994e-07 1.3561976e-07 2.6335897e-07 6.060555e-08 1.4932272e-08 3.11597e-09 4.12287e-06 4.1423978e-10
0.9850241 0.0006150037 0.00092503213 0.002704556 1.6407794e-06 0.00017985087 1.51840295e-05 3.1335705e-05 0.0032684132 0.02980416 0.0020429697 0.0006577975 0.0016387028 0.008041538 0.2450477 0.055324554 0.55981374 0.20290537 0.00049443735 0.0004060827 0.022220133 0.020569898 0.7450274 0.2717499 0.00017963898 0.8946082 0.23598912 0.9811941 8.484657e-12 5.1262574e-05 0.15057892 0.047217138 0.045668967 0.0006347642 0.011084978 0.45719406 0.78159744 0.0024769222 0.00904884 0.04634673 0.0039253156 6.979574e-05 0.003905138 0.0056582442 0.95622224 6.316509e-05 0.009504371 0.1203977 0.00011513474 0.0020696206 0.00073775 0.0025291252 0.005576945 0.00032218022 0.000289239 0.02989497 0.00069828785 0.00019749344 0.00030223484 0.0013287684 0.0018847203 0.00013993128 0.0001525033 7.173817e-06 0.00025648746 8.46288e-06 0.001885133 0.00029137134 0.00035184823 6.975101e-05 0.0003831732 1.221849e-05 0.0008938945 0.00013427471 0.00018785294 5.41035e-05 0.00019501078 7.398729e-06 0.00025607247 4.571555e-06 3.066878e-05 4.2717347e-05 8.1363716e-05 3.5141697e-06 3.6706301e-06 3.8868243e-06 0.000121232966 4.3403703e-05 2.7591912e-07 2.029215e-06 1.4296693e-05 7.3380485e-05 0.00010938196 1.7473869e-06 8.003676e-07 6.748593e-06 2.283774e-06 1.1319499e-07 1.2120422e-07 0.00014053524 1.2019283e-08
0.88053036 0.0015808678 3.4150682e-05 0.00069244584 0.000113367045 0.004548474 0.034350995 0.00036367011 0.0007542358 1.8347551e-05 0.00226745 0.055186402 0.2375629 0.0014196933 9.650337e-05 5.0662857e-06 3.6421815e-07 0.00017779962 0.99444723 0.21268834 6.285901e-06 0.001713333 0.00014647494 6.7095566e-06 0.94365144 9.631346e-06 4.2665984e-06 1.0402058e-05 5.1262574e-05 1.908651e-11 6.643259e-07 4.3798623e-06 4.0453497e-07 0.00016996301 8.301354e-06 7.677878e-06 8.308657e-06 7.7424675e-06 1.0050096e-06 1.8178702e-06 4.416113e-06 0.39548138 0.80121523 2.1850637e-05 0.002370413 3.748087e-05 8.791447e-06 2.0529675e-05 0.92155707 1.7516331e-06 7.172226e-07 5.126155e-07 1.8335728e-05 4.431285e-07 3.861694e-07 0.00084286457 1.0503811e-06 1.1624852e-06 5.206582e-07 0.67631465 0.0003516552 3.7264117e-06 2.1306369e-06 5.016499e-07 1.5773226e-07 5.1265994e-07 0.0011042341 0.015267364 0.008544872 0.013915803 5.9753736e-05 8.9645897e-07 0.0016066236 0.0228274 8.775782e-06 2.541015e-06 0.0040898025 2.1503377e-06 1.3838994e-06 3.0196516e-06 4.297604e-07 9.571088e-06 0.043464985 2.1420735e-07 5.3625076e-08 7.893381e-08 1.0937497e-06 0.00029067774 1.5132134e-05 3.3802e-07 4.381466e-06 1.6857554e-06 3.6524757e-06 4.7013958e-07 3.77047e-08 1.1044245e-05 1.1279504e-06 9.881713e-07 4.18282e-07 0.00013281521 2.3221429e-07
