3.5376748e-15 0.9729926 0.93395245 0.7980439 0.9199224 0.89840496 0.9991943 0.88344043 0.13583873 0.7699302 0.046225626 0.4171693 0.8434537 0.99989516 0.99895656 0.10717496 0.6469547 0.9550108 0.9430553 0.98588777 0.08099181 0.88263535 0.99546844 0.7632907 0.15633069 0.0006106485 0.97380626 0.43758336 0.16464871 0.937664 0.00021443107 0.99982107 0.9943199 0.9936157 0.9997605 0.050118547 0.837345 0.79497355 0.3644641 0.46594727 0.85246944 0.99965405 0.0032641597 0.5278288 0.9960177 0.99895513 0.9986831 0.9785281 0.9475002 0.7431309 0.54560876 0.74849164 0.9585303 0.8921727 0.8480939 0.0012244931 0.982916 0.69217134 0.6066376 0.8720722 0.93101645 0.6590228 0.99075705 0.0057111345 0.9325835 0.95124483 0.4239373 0.006403632 0.06305308 0.8806592 0.95226234 0.9032572 0.9796794 0.73967344 0.36752066 0.74263513 0.8344947 0.5746671 0.05842616 0.51709676 0.8332457 0.7970816 0.49721837 0.06648238 0.10469244 0.0039552273 0.084285274 0.3902301 0.21831065 0.5851012 0.021905893 0.11059444 0.024839196 3.3529614e-05 0.8390797 0.16646345 0.15622549 3.1247164e-05 0.17898971 0.05449551 0.1583266
0.9729926 1.08438744e-10 0.9683816 0.9859728 0.82133293 0.91246843 0.70579463 0.038178366 0.11960776 0.022903513 0.14640085 0.18206337 0.0036637355 0.8504117 0.41361424 0.0026974827 0.0022121645 0.00093260437 0.0069095935 0.004249817 0.0042808643 0.0012161789 0.017005738 0.00027995236 0.0006061368 4.443117e-05 0.00021385743 8.074617e-05 0.00016088321 0.00057374936 8.487609e-05 0.014177119 0.0003340541 0.015373158 0.0021902404 5.4802684e-05 0.00035729824 0.0002667526 7.029356e-06 7.384191e-05 0.00015262332 0.0017337772 6.568227e-06 0.00013601087 0.0005972998 0.0024236387 0.0008071414 0.00012931917 0.0003132843 1.581148e-05 1.5753081e-05 0.00019053441 2.8120961e-05 8.137434e-07 1.2949618e-05 4.245003e-06 5.984127e-05 1.4103193e-05 1.7488648e-05 1.0783367e-05 7.7603225e-05 3.6519461e-06 0.00010180178 1.0653086e-08 0.00014134613 8.930897e-06 1.6355325e-05 7.701804e-05 1.0278134e-07 1.4770015e-05 1.3155999e-06 5.6711956e-06 2.216936e-06 8.3506194e-07 0.0004311441 1.3631246e-05 1.1573658e-06 2.9156533e-06 2.064382e-07 3.5439974e-05 3.4024172e-06 4.7449685e-08 7.071017e-07 2.236331e-07 1.2605872e-06 2.1195167e-06 2.5991656e-06 1.9150457e-05 1.6625952e-06 3.4901993e-06 3.8799803e-06 8.993353e-07 2.6025587e-06 7.021144e-07 2.1576339e-08 2.0121547e-06 1.1982712e-07 3.0055403e-07 4.011037e-05 1.9783038e-05 1.3230706e-05
0.93395245 0.9683816 1.1781516e-10 0.9280855 0.55920076 0.5589244 0.35886344 0.25335076 0.0049351966 0.010132573 0.88958246 0.9938903 0.0017937383 0.21775506 0.044363957 0.00045973944 0.0050643687 0.00077914435 0.0033097656 0.0022720129 0.0128108375 0.0010795397 0.002455037 0.00035153027 0.0009358104 0.00059857283 0.00042794313 0.00028040181 0.00016145622 0.0006175541 0.0008511846 0.0035312127 0.00032800148 0.0023099442 0.0005501416 0.00029699688 0.00025252087 0.00022295708 3.818153e-05 0.00019969036 0.00033591047 0.00027889526 2.9063935e-05 0.0002451324 0.00013953257 0.0002400818 0.00010100145 0.00016198507 0.00014604017 9.064469e-05 3.1135674e-05 0.00012243191 6.314506e-06 6.500384e-06 2.1967227e-05 2.4323135e-05 4.5346183e-05 5.213941e-05 5.793306e-06 2.60875e-05 1.5734673e-05 6.010989e-06 0.00013186474 1.6769715e-06 0.00058574753 3.5188365e-05 1.8579305e-05 0.00012170236 6.158899e-07 1.393143e-05 2.1446473e-05 2.9273315e-05 9.091172e-06 1.7910075e-05 0.00055984873 0.0001634308 4.264906e-06 9.039835e-06 8.733811e-06 0.00012460745 0.0002722378 1.2236746e-06 1.4322922e-05 2.661101e-07 1.528305e-05 9.673017e-06 9.7081036e-05 3.8652164e-05 4.897711e-06 5.4421187e-05 0.00050208205 1.4946913e-05 6.742626e-05 6.7544006e-06 9.632784e-07 9.992267e-07 4.149389e-06 2.6609185e-05 0.0003737099 4.408208e-05 6.635832e-05
0.7980439 0.9859728 0.9280855 4.538358e-12 0.38957277 0.6186507 0.32174936 0.07069046 0.9919991 0.5412972 0.0016754852 0.707181 0.12105572 0.871065 0.113507554 0.035062324 0.0010357929 0.00068782066 0.0009909148 0.0010657718 0.0013783755 0.04039199 0.07472492 0.00014204842 0.0052429866 9.913921e-05 3.19295e-05 9.8690225e-06 3.6055382e-05 0.01039707 4.2539486e-05 0.0065810187 9.180891e-05 0.003472863 0.0090298485 1.708162e-05 0.00015232903 0.004870423 2.9000348e-06 0.00013793721 0.0016896869 0.0024693618 5.4299067e-06 0.0020487683 9.5891824e-05 0.0014775186 0.00047369933 0.00066576916 3.673409e-05 0.0003411595 0.00027042156 0.00018134633 2.018062e-06 2.3837276e-06 6.6052125e-06 1.73716e-06 0.00031632342 3.2549317e-05 2.0638947e-06 5.7549905e-06 1.4956395e-05 1.3075946e-06 1.183568e-05 7.137543e-07 0.0004960479 7.0548754e-06 7.241308e-06 0.00020928189 1.1266055e-06 1.2321868e-06 7.86206e-06 5.9345152e-06 5.50226e-06 8.243526e-06 0.0010217859 0.00021753075 3.0578494e-06 2.193111e-06 2.1228848e-06 0.00026510717 1.9789115e-05 7.7128696e-08 4.480885e-06 4.951437e-06 3.3869313e-05 4.538203e-06 1.2332538e-05 8.149481e-05 9.641128e-07 1.810891e-05 0.00037072954 5.407554e-07 6.3284114e-07 1.3812743e-06 1.867786e-08 9.382884e-07 1.8990865e-07 4.32341e-06 0.0001033504 5.20475e-07 1.8514622e-05
0.9199224 0.82133293 0.55920076 0.38957277 4.2554654e-11 0.98942107 0.80921715 0.98537874 0.002495405 0.0021530043 0.13840623 0.1433249 0.0014082274 0.030180547 0.72425884 0.00016112214 0.74611956 0.7583231 0.5466066 0.7814126 0.11865193 0.0014844215 0.0007884267 0.17103122 6.1415616e-05 0.0018893371 0.07209634 0.018475115 0.040949702 0.00038945032 0.0005834408 0.01478191 0.069113284 0.022354048 0.00016152677 0.0023763736 0.012336656 2.8504099e-05 0.0031866364 0.009289858 4.5251534e-05 0.00014887114 3.924071e-05 2.8436194e-05 0.00075226463 0.0002425669 0.000568706 8.533539e-05 0.00088938826 2.5597956e-05 1.0860677e-05 0.0014144289 0.00015123442 0.00035587826 0.000116558804 4.2416665e-05 4.677354e-05 0.000402621 7.0037306e-05 5.366629e-05 5.8405065e-05 5.416814e-05 0.00043792647 6.391462e-06 2.3953167e-05 4.136065e-05 0.000115180526 1.4780505e-06 7.735603e-06 9.612449e-05 9.137383e-05 6.464848e-06 1.3425659e-05 4.9101222e-06 1.6316494e-06 4.8162033e-06 4.6461337e-06 3.5644738e-05 5.461391e-07 4.3783252e-06 3.6934597e-07 4.553274e-05 8.336348e-06 2.014184e-08 5.8915592e-09 3.1138083e-05 1.2588327e-05 1.8112344e-07 1.6690052e-08 4.450018e-08 1.7240689e-06 2.7405744e-07 3.169592e-07 2.4746646e-08 1.1954389e-06 2.3607986e-06 3.895831e-06 2.7605296e-08 4.310435e-05 9.582495e-06 5.1505926e-05
0.89840496 0.91246843 0.5589244 0.6186507 0.98942107 2.1446855e-11 0.9943711 0.7377313 0.009810857 0.019661339 0.058679786 0.0928879 0.015921716 0.27459425 0.7358529 0.0001716622 0.24036245 0.37290657 0.1484773 0.42971718 0.020327564 0.0060901283 0.012583467 0.033485748 7.888193e-05 0.00015113696 0.015081351 0.0022195322 0.0044782427 0.0010081353 2.8697892e-05 0.01349337 0.041554157 0.018508056 0.0012991852 0.0005133887 0.0047489507 0.00018174022 0.00059458317 0.0014632652 0.00019511199 0.00045997056 3.065729e-05 0.00011767863 0.00055998034 0.0002465612 0.00029713853 0.0009796566 0.0008682149 0.00013688166 5.3309173e-05 0.0005415779 0.0001031222 0.000100672674 9.072684e-05 2.434091e-05 0.00031986114 0.00019282673 7.208185e-05 2.5013376e-05 6.7666086e-05 2.1834996e-05 0.00030786276 4.2791085e-06 0.00015350866 0.00012866988 6.200673e-05 9.671265e-06 1.4215249e-06 5.988295e-05 2.148633e-05 0.00017726223 0.00013114724 7.80468e-06 2.6042906e-05 8.565951e-05 1.1143932e-05 1.708641e-05 5.6654414e-07 1.7081977e-05 1.277618e-05 7.945289e-06 7.3065157e-06 2.7654942e-06 1.5564601e-06 2.1559423e-05 2.229574e-05 5.321527e-06 4.9480076e-07 6.348828e-06 7.4110415e-07 3.211127e-06 3.1170512e-06 8.9431404e-07 2.748112e-07 2.1273285e-05 1.3535042e-06 7.06672e-08 2.0127336e-05 9.772258e-06 3.8348302e-05
0.9991943 0.70579463 0.35886344 0.32174936 0.80921715 0.9943711 4.5264584e-10 0.399805 0.014849639 0.0066828537 0.00793093 0.064484626 0.0066210814 0.5600446 0.7975052 8.399861e-05 0.06624296 0.20226973 0.038994167 0.078875996 0.004550342 0.009785413 0.009161996 0.0128495265 2.7158392e-05 3.5076926e-05 0.012423808 0.001866383 0.0027125054 0.0014163799 1.24582675e-05 0.030399662 0.016075794 0.04526902 0.0011159385 0.00018955699 0.0019575884 0.00014854567 0.00020347226 0.0003307301 9.22597e-05 0.0017265313 8.50389e-06 8.6737105e-05 0.00066909747 0.00045714437 0.00035614969 0.0011270004 0.00010039616 9.947541e-05 0.00010321163 0.00080264785 7.578488e-05 2.3833969e-05 1.9916155e-05 1.1244689e-05 0.00019066659 4.3983902e-05 3.874011e-05 1.430976e-05 5.8421832e-05 9.961206e-06 0.00028334936 2.7267987e-07 9.682741e-05 2.6473312e-05 3.2292723e-05 3.422355e-05 1.6906375e-07 1.4756822e-05 4.638182e-06 5.371852e-05 5.779789e-05 4.0110117e-06 1.8225981e-05 2.1473898e-05 3.939063e-06 2.3201175e-05 9.137235e-07 1.5083218e-05 9.520818e-06 1.9934446e-06 1.4444257e-06 2.289149e-06 2.106473e-06 8.979688e-06 1.4302032e-06 9.0198e-07 4.8312165e-07 4.5189904e-07 5.330134e-07 8.8984666e-07 1.3883172e-06 1.1041177e-06 1.7106323e-08 4.3604405e-06 2.0678292e-06 8.2812965e-09 3.924144e-06 3.8955263e-06 1.980302e-06
0.88344043 0.038178366 0.25335076 0.07069046 0.98537874 0.7377313 0.399805 5.3105104e-10 0.0009329953 0.0008352894 0.8794906 0.23646775 0.00013361826 0.024727894 0.53718853 0.00049616024 0.8253632 0.39165646 0.21442051 0.069189444 0.9659612 5.5915127e-05 0.0001583124 0.07636636 0.00069651107 0.43118325 0.010892363 0.0579629 0.95631796 7.004892e-05 0.03393151 0.007120998 0.0018447253 0.007749862 7.209058e-05 0.108262956 0.001858699 1.5334734e-05 0.019737517 0.0025088214 4.170628e-05 0.000120721874 0.004460401 0.00046721447 0.00073387893 0.0002591604 0.00012753968 9.284419e-05 0.00011099984 0.00019285356 3.4965142e-05 0.0008663865 6.469749e-05 0.000116522904 1.6737913e-05 8.141285e-05 2.552177e-06 3.746825e-05 1.692372e-05 3.063651e-05 1.4795941e-05 4.025033e-06 8.7079825e-05 2.9395637e-06 8.662278e-05 5.5340242e-06 1.7622671e-05 3.5029907e-06 1.9207668e-07 1.49534435e-05 3.0169993e-05 1.2121793e-06 1.6123125e-06 5.7836955e-06 6.3260886e-05 2.0756206e-05 1.9253712e-06 1.2431468e-05 4.137327e-07 6.768074e-05 7.923512e-06 6.721648e-06 1.859439e-05 3.183597e-07 2.1919116e-07 1.9552186e-05 1.9571094e-06 1.552833e-05 5.50725e-07 2.0839989e-05 0.00014392009 1.735813e-05 1.9054869e-05 8.5504337e-07 8.68031e-06 5.8075864e-07 2.2003092e-06 3.1100165e-06 0.00013034401 1.4383205e-05 9.134167e-05
0.13583873 0.11960776 0.0049351966 0.9919991 0.002495405 0.009810857 0.014849639 0.0009329953 3.769026e-11 0.9287935 6.645141e-05 0.0027555008 0.041106194 0.28429106 0.0017121708 0.999751 4.461779e-05 5.6488087e-05 5.365687e-05 2.2016136e-05 1.0650858e-05 0.0029571117 0.002883267 6.4175183e-06 0.011995577 9.3711105e-06 8.916514e-06 1.9997792e-06 2.7970032e-07 0.00042269132 9.1719824e-07 0.00056513306 3.191513e-05 0.000439083 6.0894978e-05 1.0403947e-06 2.4874904e-05 6.7239205e-05 1.5101124e-05 1.6810749e-05 1.9500492e-05 7.2056275e-05 7.779856e-07 0.00048888207 4.5993744e-05 0.00012106359 7.850646e-05 2.0086742e-05 2.0990563e-05 2.1424825e-05 1.7048598e-05 2.0728256e-05 4.4031895e-06 2.41678e-05 4.0409697e-05 3.3365305e-07 1.7752422e-05 8.420494e-06 1.5757078e-05 1.9305056e-05 4.1992253e-06 8.7830085e-06 8.613712e-06 3.0093122e-07 6.898259e-05 4.019609e-06 1.514351e-05 0.00019984659 5.582521e-08 7.0821698e-06 4.8363523e-05 1.8717563e-05 6.5448166e-06 8.5100197e-07 7.446614e-05 2.0043972e-05 1.5140758e-06 1.4582987e-06 4.153498e-06 7.516152e-06 4.551385e-05 1.4760628e-06 3.103759e-06 2.8818457e-07 7.722136e-06 1.6257549e-06 3.2728112e-05 5.149809e-06 2.6761955e-07 1.1080338e-05 1.7126436e-06 1.2522459e-07 3.9246714e-08 1.8395795e-06 1.4924982e-08 5.1548013e-06 1.2078692e-06 3.401935e-07 1.1891452e-06 1.7923486e-07 8.4439705e-07
0.7699302 0.022903513 0.010132573 0.5412972 0.0021530043 0.019661339 0.0066828537 0.0008352894 0.9287935 1.3255261e-10 6.963437e-05 0.015199766 0.99433184 0.9056806 0.002623205 0.40382013 0.00011390238 3.910924e-05 6.8074796e-06 1.1405417e-05 0.0002162702 0.2883971 0.16095202 3.2998184e-06 0.9912133 3.7587968e-05 3.0196907e-07 2.0180544e-06 1.6419572e-05 0.032581862 1.398757e-05 0.0034327202 5.148501e-05 0.001985708 0.0027796016 1.4741209e-05 3.9107337e-05 0.0014656927 2.1520927e-05 1.1539058e-05 0.00028776616 0.0008206308 3.345044e-05 0.026549185 3.2069725e-05 0.00079088775 0.00018423375 0.00019598269 3.9930246e-06 0.00035467005 0.00071660796 2.2919265e-05 2.956923e-06 9.338369e-06 1.8292333e-06 1.5657091e-05 4.5288274e-05 2.6561988e-06 1.5037409e-06 2.167397e-06 2.5178995e-05 1.6139433e-06 1.76201e-05 5.030217e-06 0.00024597588 2.2206411e-06 3.7973543e-06 0.0077531515 6.9591806e-07 1.1527922e-06 1.3018305e-05 1.3868358e-05 4.3531338e-05 7.4451405e-06 2.0736026e-05 0.00010542489 1.3844652e-05 3.3019026e-06 4.7151334e-06 9.1544e-05 0.0002290479 5.2220224e-07 3.4712562e-07 2.6885002e-05 0.00024698078 2.5122508e-05 1.5728874e-06 3.9699975e-05 6.198742e-08 0.00016318176 0.00014099274 5.128338e-06 2.3242821e-06 0.00038296607 6.998028e-07 1.2382525e-06 7.1655666e-07 1.4711708e-06 0.00048643653 2.7395972e-05 0.00012274078
0.046225626 0.14640085 0.88958246 0.0016754852 0.13840623 0.058679786 0.00793093 0.8794906 6.645141e-05 6.963437e-05 7.622821e-16 0.9999986 5.2926254e-05 0.0005519188 0.0016844756 7.8095345e-06 0.004286551 0.0003355047 0.00036752172 0.00016522831 0.98356384 1.5349204e-05 3.8126404e-05 0.0005265339 2.2105447e-05 0.2677677 2.452501e-05 0.000110853434 0.00016084748 5.993188e-06 0.002141887 0.00013309949 4.1143056e-05 0.00018202486 2.1500832e-06 0.0001526523 2.1753083e-05 7.6128416e-08 0.00014330787 4.4016884e-05 2.5524762e-06 8.1822654e-05 1.28133215e-05 2.5384728e-05 1.1044762e-05 3.2714193e-05 3.0528536e-05 4.0425093e-06 1.7761658e-06 6.8588365e-06 1.7371674e-07 3.997486e-06 1.2626982e-07 1.9258102e-06 6.8245035e-06 1.914977e-06 7.283932e-06 1.0160579e-07 2.585473e-07 2.2001862e-07 2.4877904e-06 4.2157566e-08 6.2752274e-06 4.5273435e-08 7.3615806e-06 8.731945e-08 7.446422e-07 1.7915737e-06 1.0674443e-08 5.739909e-07 1.0507825e-05 3.4725213e-07 3.7100788e-06 4.080131e-07 1.1495524e-06 2.88066e-06 7.5434434e-07 7.301991e-07 3.3549106e-06 1.6401169e-05 1.3215258e-05 3.474817e-07 2.843924e-06 4.7223967e-08 1.1135969e-06 9.411772e-06 1.1921463e-06 1.6747229e-06 4.2271724e-09 2.6814993e-07 2.8218599e-06 2.1457035e-08 7.0051953e-10 9.809195e-10 2.9793685e-07 2.6458721e-07 8.229203e-07 3.1286866e-08 1.3554301e-06 6.652598e-07 2.2021209e-06
0.4171693 0.18206337 0.9938903 0.707181 0.1433249 0.0928879 0.064484626 0.23646775 0.0027555008 0.015199766 0.9999986 1.664489e-14 0.0004750944 0.028632322 0.00019990931 9.0800335e-05 5.782945e-06 6.0434136e-06 8.9316545e-06 9.158613e-06 0.84129184 0.00022820542 0.0006630781 1.4420293e-06 1.7564986e-05 0.2879147 1.263e-06 6.5194774e-07 3.4843358e-06 5.0633036e-05 2.8197199e-05 6.346648e-06 5.447274e-07 3.9902875e-06 4.3356e-05 9.5271525e-07 6.614693e-08 9.002249e-06 1.1769383e-07 1.2797408e-07 7.811337e-06 9.021839e-05 1.7370316e-07 1.1163227e-05 1.1324569e-06 3.9515417e-05 6.366508e-06 6.53091e-05 1.5210871e-07 8.432045e-07 1.3706609e-06 2.9445116e-07 1.3216153e-07 4.057766e-08 4.0627924e-08 5.655603e-08 6.5822955e-05 1.12247484e-07 1.8511734e-08 1.2855132e-07 5.16632e-07 6.2444134e-09 7.8383955e-06 1.9953482e-08 7.441335e-06 1.9040081e-07 1.6701295e-08 3.0920241e-06 7.758379e-10 8.878406e-08 5.373737e-07 1.386529e-07 9.387824e-07 6.8264074e-09 9.4062943e-07 2.8591353e-07 2.1446417e-10 7.309487e-09 1.7379678e-07 9.568021e-08 1.4985463e-07 6.518846e-10 1.3407909e-09 2.8157816e-08 2.9277322e-08 2.4657641e-08 6.1820344e-08 1.4411131e-07 1.856384e-09 2.6662275e-07 2.4997695e-08 4.1174215e-09 2.0266107e-09 1.742078e-07 6.525825e-10 3.537193e-09 2.4577056e-09 2.841591e-09 1.2482003e-07 4.5023514e-09 1.5243755e-08
0.8434537 0.0036637355 0.0017937383 0.12105572 0.0014082274 0.015921716 0.0066210814 0.00013361826 0.041106194 0.99433184 5.2926254e-05 0.0004750944 4.0268813e-11 0.92779326 0.0020722654 0.0700377 7.047492e-06 1.784835e-05 6.0684295e-07 3.5127928e-06 1.3195121e-05 0.99263567 0.61663187 9.536461e-07 0.4120912 3.9992747e-06 1.752822e-07 2.2045351e-06 5.9187715e-07 0.36357197 3.6462598e-06 0.002831735 8.392338e-06 0.0022051441 0.012694171 5.5243017e-06 1.945745e-05 0.035720065 5.0588797e-06 1.4975927e-06 0.0038347316 0.002260418 3.7583038e-06 0.04180229 5.86194e-05 0.00095540436 0.00027591063 0.0005693246 3.571226e-06 0.0014957709 0.001882975 1.695163e-05 1.7124866e-06 4.398099e-06 1.3380634e-06 2.5436627e-06 8.726356e-05 8.264067e-07 1.233892e-06 2.758886e-07 2.2718059e-05 1.3805578e-06 4.199354e-06 3.0687914e-07 9.1964896e-05 6.9281236e-07 3.4075674e-06 0.002547937 1.8257816e-07 1.1368207e-06 5.009877e-07 3.406692e-05 1.5239693e-05 8.2648234e-07 2.966652e-05 0.00013974431 6.9193648e-06 3.8884477e-06 2.1638757e-06 6.8845056e-06 0.00012543921 6.800783e-08 6.371966e-07 9.1464635e-06 0.00017487073 1.3559111e-06 1.4482451e-06 7.3708266e-06 6.2123564e-07 0.00012714317 0.00033049585 8.647214e-07 5.1636184e-06 4.271348e-05 7.17487e-08 3.0668295e-06 3.9956885e-07 7.0075316e-07 0.00010200985 5.5852047e-06 4.987122e-06
0.99989516 0.8504117 0.21775506 0.871065 0.030180547 0.27459425 0.5600446 0.024727894 0.28429106 0.9056806 0.0005519188 0.028632322 0.92779326 4.3781008e-13 0.107588515 0.08214781 0.012992396 0.023979504 0.0043572197 0.014794735 0.00039374275 0.8202013 0.95499396 0.00072274584 0.06412184 3.3855054e-06 0.0014874896 0.00036843133 0.00059872214 0.53079665 7.4525497e-06 0.020590307 0.0067277276 0.009352407 0.4090997 0.00011416937 0.0019291521 0.070058 0.00015308236 0.00025701785 0.028269466 0.01193742 1.916128e-06 0.06765195 0.00053809426 0.004399857 0.0005818752 0.029275272 0.0005693591 0.008502615 0.004151418 0.000394247 0.00040063428 2.6892361e-05 0.00020144954 4.872683e-06 0.007745713 0.00015481212 0.0001816432 0.00015834169 0.00078139635 0.00012875948 0.0003712188 2.2112341e-07 0.004366654 0.0010347181 0.000106345025 0.0008496076 3.4844854e-06 0.0002073489 0.000128108 0.0033661444 0.00069170137 0.00026863898 0.00012999789 0.001940575 0.00045404845 0.00020360987 1.8454781e-06 0.00040629823 0.0034764134 7.2540715e-05 7.78474e-05 0.00047194638 1.8277973e-05 1.9763806e-05 2.7014046e-05 0.00013476991 3.0192657e-06 1.8064185e-05 1.4074405e-06 3.7074612e-06 7.452521e-06 3.292535e-06 1.888286e-06 4.2523017e-05 9.430586e-06 2.8482219e-09 8.99675e-05 4.517849e-05 2.863029e-05
0.99895656 0.41361424 0.044363957 0.113507554 0.72425884 0.7358529 0.7975052 0.53718853 0.0017121708 0.002623205 0.0016844756 0.00019990931 0.0020722654 0.107588515 8.5930384e-13 2.39918e-05 0.6847515 0.9345722 0.8250962 0.9530937 0.0038938622 0.00051034003 0.0024303766 0.34892753 3.2146968e-06 0.00019104934 0.86926204 0.103828266 0.041713305 0.0004266257 0.000118841184 0.3999402 0.7549799 0.5230512 0.0008753783 0.00513032 0.2946267 4.672347e-05 0.038176656 0.029734418 0.00010628125 0.00023110866 0.0001858821 0.00012487131 0.0074288216 0.0006080016 0.0043422114 0.0006491198 0.025053952 0.00022077774 8.981688e-05 0.025425479 0.0033307606 0.005080015 0.00057149486 9.624015e-05 0.0003992861 0.0053647794 0.00046630416 0.0009964885 0.00078459235 0.00029810413 0.0095710885 2.1721244e-05 0.00019740964 0.00023847488 0.00029275983 6.433481e-06 8.4919e-05 0.00051950826 0.0011709125 9.647089e-05 0.00018521587 0.00012558153 3.5155088e-05 2.277485e-05 0.000120911754 0.0002685283 3.4003042e-05 0.0002357739 2.3383926e-05 0.0003973134 9.428243e-05 3.4951622e-06 2.4013755e-07 0.0003688581 6.1334664e-05 1.5357367e-06 6.893464e-07 2.1534918e-06 6.782922e-05 1.5401603e-06 1.1337541e-07 1.1555327e-08 1.3981328e-05 3.294101e-05 9.801911e-06 1.24287824e-08 4.300218e-06 5.5719897e-06 2.4012106e-05
0.10717496 0.0026974827 0.00045973944 0.035062324 0.00016112214 0.0001716622 8.399861e-05 0.00049616024 0.999751 0.40382013 7.8095345e-06 9.0800335e-05 0.0700377 0.08214781 2.39918e-05 8.2580505e-12 1.44008145e-05 1.0657311e-05 2.8365675e-06 1.960773e-06 5.214058e-06 0.0744758 0.0063414066 2.7941453e-05 0.99965316 3.454918e-07 1.9047836e-07 2.2820615e-05 4.100873e-07 0.0037335085 1.7522146e-06 0.00055544055 5.975131e-06 0.0005600757 0.00012289762 2.069589e-06 1.305965e-05 4.3644075e-05 4.79953e-05 0.00016420396 1.42867975e-05 0.000150835 4.974857e-06 0.0010931423 4.138811e-05 0.00037500303 0.00026909512 9.9695035e-06 4.414681e-06 4.0054947e-05 6.856018e-06 8.282657e-05 2.0055377e-06 1.8869297e-05 1.8916826e-05 2.0140824e-06 1.5014975e-05 4.104044e-06 3.6311887e-06 1.8357265e-05 1.1691277e-05 9.243636e-07 6.6690272e-06 1.049399e-06 2.8925457e-05 4.759142e-07 5.0711874e-06 0.001099129 7.914264e-07 1.4030148e-05 7.2228663e-06 3.3278156e-06 1.4878023e-05 1.6605186e-07 6.291883e-05 2.2392698e-05 3.571466e-07 1.3513489e-06 2.9650328e-06 6.544189e-05 3.0309831e-05 3.5298218e-08 3.7096663e-07 1.6858502e-06 9.980987e-06 1.2599744e-06 9.747374e-07 2.9842838e-06 9.841625e-08 2.5737347e-06 2.3817427e-05 9.822516e-08 4.440878e-08 2.2015413e-06 4.0905043e-08 7.1684786e-07 3.4064738e-07 3.855335e-07 4.060685e-06 2.2562642e-07 2.0323428e-06
0.6469547 0.0022121645 0.0050643687 0.0010357929 0.74611956 0.24036245 0.06624296 0.8253632 4.461779e-05 0.00011390238 0.004286551 5.782945e-06 7.047492e-06 0.012992396 0.6847515 1.44008145e-05 4.9365953e-15 0.9993533 0.6477566 0.26266095 0.021094294 1.9417892e-07 0.00014822501 0.64272577 6.355855e-08 0.022843415 0.071026295 0.6680821 0.9865514 1.4127686e-06 0.10096187 0.0017183401 0.0064161783 0.0037549417 2.5389995e-06 0.30620956 0.0012144444 1.0042607e-07 0.03311945 0.008991853 4.683457e-08 0.00016905933 0.0029410417 6.877284e-07 0.00016681461 2.5693509e-05 0.00013542236 3.841405e-08 0.000113246664 7.982831e-08 2.0875481e-08 0.0007311917 2.1416947e-06 2.0610043e-05 1.6877912e-05 0.0015712354 1.3815159e-07 1.6440099e-05 2.7259095e-05 2.1925138e-07 8.6168967e-07 6.1880183e-07 3.8034344e-05 1.7025972e-06 1.8537314e-08 1.1284936e-08 6.9864853e-07 9.992439e-07 4.3959428e-08 2.4070193e-06 1.2541324e-06 2.6603105e-08 1.4452147e-07 5.659236e-09 2.2514044e-07 4.091737e-08 4.969278e-09 8.051244e-08 3.3161982e-06 1.2321483e-06 4.740895e-09 5.928389e-08 7.3719616e-07 4.8400017e-09 1.4004519e-09 7.947889e-06 1.8768172e-06 9.996069e-09 1.1718412e-09 1.7280424e-08 2.5632768e-05 3.4684335e-09 3.4301983e-08 1.3246574e-09 1.4175574e-09 2.8644367e-08 2.0893937e-07 4.2410346e-07 5.4005573e-06 1.6875828e-06 1.0387921e-05
0.9550108 0.00093260437 0.00077914435 0.00068782066 0.7583231 0.37290657 0.20226973 0.39165646 5.6488087e-05 3.910924e-05 0.0003355047 6.0434136e-06 1.784835e-05 0.023979504 0.9345722 1.0657311e-05 0.9993533 1.12444894e-10 0.93314326 0.64355505 0.0012762973 2.7719224e-07 0.0001416045 0.7255546 1.3536496e-07 0.0010117925 0.22259042 0.44651005 0.35985485 4.922017e-06 0.010143378 0.015548772 0.03397652 0.038068548 2.8274995e-05 0.09276662 0.04345114 4.4845947e-08 0.018383287 0.01261137 1.4827166e-06 0.00036765303 0.00038484886 2.480967e-06 0.0031682837 0.0010376407 0.001336616 3.6783308e-07 0.0003109148 1.1385644e-06 1.5975006e-07 0.0019328648 8.413587e-05 8.9087065e-05 6.930616e-05 0.0007123562 2.3880555e-06 0.00023890146 0.00012371005 2.6378604e-05 0.00015118798 1.807025e-05 0.0004224922 1.8436514e-05 2.4438289e-06 1.8656435e-07 5.5900357e-05 1.23433165e-05 2.6038522e-06 9.5308606e-05 9.278572e-06 1.35697e-07 2.0902337e-06 2.7703509e-08 4.72437e-06 4.7726e-07 3.748519e-07 1.3579448e-05 2.2024126e-06 3.4688658e-06 6.839205e-07 3.360164e-05 7.34837e-05 2.025781e-08 9.960917e-07 0.0006797701 1.930049e-05 3.0124048e-07 6.05554e-08 7.4444546e-07 1.5932894e-05 2.121025e-08 1.5478207e-07 6.805353e-07 4.793571e-08 3.1616203e-06 1.10949395e-05 1.3563724e-05 6.324917e-07 6.9909215e-06 3.560964e-05
0.9430553 0.0069095935 0.0033097656 0.0009909148 0.5466066 0.1484773 0.038994167 0.21442051 5.365687e-05 6.8074796e-06 0.00036752172 8.9316545e-06 6.0684295e-07 0.0043572197 0.8250962 2.8365675e-06 0.6477566 0.93314326 1.993153e-12 0.98003703 0.00015467827 1.6018142e-06 3.138287e-05 0.9904997 1.381375e-07 0.000771148 0.7989155 0.56191283 0.12290318 1.8845134e-06 0.00094258296 0.014978993 0.05002966 0.021934653 2.0652867e-06 0.032258864 0.032232463 6.59465e-08 0.16654375 0.21825272 5.5503516e-08 4.1258692e-05 0.0021234795 1.878162e-06 0.00088559056 0.00010746465 0.0002337045 2.6524688e-07 0.00026417235 4.1925666e-08 1.8472275e-07 0.0034612506 6.992285e-05 0.0020032346 4.810569e-05 0.0016879303 3.18153e-07 0.00018716679 0.00010073375 1.8887175e-05 3.1583644e-05 5.904446e-05 0.00013135627 6.641036e-05 4.2907692e-07 2.7942846e-08 0.00013031467 6.612773e-07 3.3334281e-06 2.9752116e-05 4.0164996e-05 3.5854562e-08 2.5364355e-07 2.1008866e-07 1.323439e-07 1.3295922e-07 1.1995535e-06 6.7890023e-06 6.056136e-06 3.406646e-07 1.4184624e-07 2.8196178e-05 6.626052e-06 9.963653e-09 3.5173195e-09 0.003250039 6.5679014e-06 1.8767179e-07 1.4326248e-08 1.018714e-08 1.9304798e-05 2.6078506e-08 7.242876e-08 1.0933319e-07 2.079521e-06 5.9356753e-06 6.7563265e-06 2.053973e-06 4.10029e-07 1.887384e-06 1.2135135e-05
0.98588777 0.004249817 0.0022720129 0.0010657718 0.7814126 0.42971718 0.078875996 0.069189444 2.2016136e-05 1.1405417e-05 0.00016522831 9.158613e-06 3.5127928e-06 0.014794735 0.9530937 1.960773e-06 0.26266095 0.64355505 0.98003703 5.0725337e-11 7.375105e-05 3.9740903e-06 5.368149e-05 0.8499739 2.950015e-07 0.0003198355 0.94208306 0.53707206 0.06635222 1.4847684e-06 0.00040900896 0.05973199 0.17697093 0.12123654 1.9989795e-05 0.03346366 0.22146438 2.6130527e-07 0.35789806 0.20590481 5.840596e-07 0.00014292951 0.0034368741 5.7205204e-07 0.0022542232 0.00033223932 0.0007057611 1.0467967e-05 0.0006249231 6.5413565e-07 1.1120602e-06 0.02039869 0.00013218643 0.0109125655 5.8503127e-05 0.0012812541 1.2857911e-06 0.00050376606 0.00023532507 5.5531815e-05 5.631446e-05 0.00015359989 0.00014867436 0.00026350684 2.5530728e-06 2.0994544e-07 0.00024279834 7.3843944e-07 1.6097614e-05 5.055448e-05 1.8374692e-05 6.98391e-08 4.5922425e-07 4.0510983e-07 9.2667085e-07 3.167634e-07 3.3475567e-06 6.0402825e-05 2.9120145e-05 3.6063857e-06 6.922626e-08 1.545141e-05 3.1294896e-06 5.8657252e-09 7.2910275e-08 0.012082214 8.610378e-06 9.085347e-08 4.054393e-08 5.5686325e-08 5.6396475e-05 7.9341206e-08 9.121723e-08 1.9564028e-07 4.6956825e-07 8.684168e-06 2.6348773e-06 1.298008e-06 1.4487196e-07 3.4484942e-06 2.2366234e-05
0.08099181 0.0042808643 0.0128108375 0.0013783755 0.11865193 0.020327564 0.004550342 0.9659612 1.0650858e-05 0.0002162702 0.98356384 0.84129184 1.3195121e-05 0.00039374275 0.0038938622 5.214058e-06 0.021094294 0.0012762973 0.00015467827 7.375105e-05 2.7157467e-12 1.5140477e-05 3.9065515e-05 9.976813e-05 1.8923043e-06 0.99999344 1.7631144e-05 0.00019449706 0.00042103394 8.135436e-06 0.0011723763 0.00023639551 2.3379465e-05 7.888043e-05 1.3592508e-05 0.001242984 7.96917e-06 5.308088e-07 0.0005707573 0.0001533676 5.600521e-07 5.71961e-05 0.00023292773 0.00010780823 3.9693477e-06 3.5736433e-05 5.451918e-06 8.0034397e-07 3.1585057e-07 8.419172e-07 6.715807e-07 7.4578174e-06 7.3023665e-07 2.602122e-06 8.674703e-07 1.7635928e-06 1.4561559e-06 2.0938799e-07 4.4162746e-07 6.0735766e-07 1.2247189e-07 3.7237786e-08 3.8390363e-06 6.280486e-07 7.955267e-06 2.8610472e-07 2.0376663e-06 1.4817623e-06 7.936845e-08 3.0610806e-07 6.6706116e-06 2.8204056e-07 2.4274885e-07 1.0249024e-07 8.517298e-06 1.3985542e-05 1.6547192e-08 6.2314683e-07 1.3224008e-05 7.26181e-07 2.477821e-05 9.678812e-08 2.8622157e-05 2.055371e-07 3.7401437e-06 3.938586e-06 0.00012546493 2.7168119e-06 2.1165545e-07 9.668093e-06 9.628504e-05 3.7250734e-07 1.4702675e-06 6.483417e-07 2.2244258e-07 3.5857781e-06 2.1806547e-05 7.5496514e-06 4.7527224e-06 2.001132e-06 5.544199e-06
0.88263535 0.0012161789 0.0010795397 0.04039199 0.0014844215 0.0060901283 0.009785413 5.5915127e-05 0.0029571117 0.2883971 1.5349204e-05 0.00022820542 0.99263567 0.8202013 0.00051034003 0.0744758 1.9417892e-07 2.7719224e-07 1.6018142e-06 3.9740903e-06 1.5140477e-05 2.2037053e-11 0.9009642 2.071207e-07 0.8794613 1.836412e-06 1.0097983e-07 1.6062028e-08 1.6071406e-08 0.93514585 1.1908572e-07 0.003314134 4.479146e-06 0.0013751304 0.22218467 3.9577e-07 5.429151e-06 0.3457247 2.1633907e-08 2.6029088e-06 0.06949002 0.022590788 4.4105002e-07 0.9612624 5.0385206e-05 0.005178784 0.0009516597 0.017310066 1.0396053e-06 0.008996069 0.025729105 1.9510631e-05 8.555969e-06 3.1136776e-07 6.631789e-07 2.1050992e-06 0.0024900504 3.7825066e-06 1.7086433e-06 3.0886613e-06 7.6741926e-05 9.894589e-08 1.1361126e-05 9.868961e-07 0.0011621506 7.4650015e-05 6.008459e-07 0.17910478 1.4228051e-08 1.5292178e-05 1.1572102e-06 0.00042756146 8.405639e-05 7.2317507e-06 0.0008990078 0.0010092164 6.9621456e-06 2.5319534e-06 1.1203017e-07 6.455918e-05 0.00038650545 6.6934696e-08 5.730993e-07 0.0054904437 0.00037907963 4.534731e-07 1.6620879e-06 2.4533458e-05 2.2851191e-07 0.0009116124 0.00021284942 5.891995e-06 1.2176904e-05 0.00033011156 2.3718814e-08 4.7914074e-07 1.1728989e-07 2.770042e-06 0.00023085336 3.609775e-06 7.28546e-06
0.99546844 0.017005738 0.002455037 0.07472492 0.0007884267 0.012583467 0.009161996 0.0001583124 0.002883267 0.16095202 3.8126404e-05 0.0006630781 0.61663187 0.95499396 0.0024303766 0.0063414066 0.00014822501 0.0001416045 3.138287e-05 5.368149e-05 3.9065515e-05 0.9009642 1.4534827e-11 1.45817285e-05 0.018046742 3.40825e-06 3.9507972e-06 5.917352e-06 3.3574202e-06 0.9786245 1.7875468e-07 0.006344655 3.163347e-05 0.0018203139 0.5096649 1.0072986e-05 3.211597e-05 0.8844763 1.9567005e-06 1.3575517e-06 0.60933167 0.007651116 1.4992074e-06 0.33138257 0.00012623545 0.003452057 0.00039724063 0.008551353 2.0366988e-06 0.015932811 0.0085398415 1.0635328e-05 1.0904829e-05 2.7342583e-06 9.942131e-06 9.5367153e-07 0.0007074626 2.7788545e-07 1.8156969e-05 4.896557e-06 0.00012192307 4.0331715e-06 7.0138e-06 4.6737554e-07 0.0002739024 7.0413116e-06 3.4071887e-05 0.0017768622 2.5397116e-08 3.8025497e-05 2.15876e-06 0.00029903607 4.094472e-05 7.616465e-06 4.952752e-05 0.00055668486 3.463496e-05 7.791996e-05 1.637891e-07 2.622382e-05 0.001438036 3.352552e-07 3.2286578e-06 0.003267444 0.00035818832 2.499494e-07 3.0143892e-06 5.0539107e-05 2.856809e-06 9.09057e-05 2.0486998e-07 2.3405466e-06 2.8367053e-06 2.4521738e-05 1.1044194e-07 1.0965042e-05 3.2783151e-07 1.6317217e-07 7.997802e-05 4.928889e-06 1.547772e-05
0.7632907 0.00027995236 0.00035153027 0.00014204842 0.17103122 0.033485748 0.0128495265 0.07636636 6.4175183e-06 3.2998184e-06 0.0005265339 1.4420293e-06 9.536461e-07 0.00072274584 0.34892753 2.7941453e-05 0.64272577 0.7255546 0.9904997 0.8499739 9.976813e-05 2.071207e-07 1.45817285e-05 3.585196e-12 3.18258e-07 0.0009687313 0.6617252 0.9965925 0.27636933 4.3628115e-06 0.0034352911 0.0049244165 0.017214954 0.004894748 1.1958252e-06 0.13106313 0.023000348 1.3926022e-07 0.49309433 0.2824747 3.9269497e-07 2.3202305e-05 0.0039166 1.9805464e-05 0.0006849212 0.00010466664 0.00012631445 2.4241572e-07 0.0001701143 2.529044e-07 7.02797e-07 0.0012042341 0.000110039335 0.0007137611 5.3766587e-05 0.017824538 1.2131079e-06 0.00023725648 0.000121960526 3.8814956e-05 1.3277601e-05 2.383997e-05 7.873252e-05 1.7269938e-05 1.0384508e-06 7.5578775e-08 6.775759e-05 8.948894e-06 9.043223e-06 1.6434395e-05 3.2637345e-05 1.11632374e-07 7.080829e-07 5.52677e-07 1.5192887e-06 1.756703e-07 2.6740308e-06 1.3746871e-05 6.0273837e-06 6.8803383e-06 2.0859014e-07 7.1586373e-06 2.9365923e-05 7.5959285e-08 1.6889818e-08 0.0022897462 6.359287e-06 3.5660698e-06 8.202715e-08 3.7638293e-07 3.0040706e-05 4.8084978e-08 2.557157e-06 3.7146614e-07 8.5803146e-07 3.871844e-06 1.1967752e-05 9.014508e-06 1.4220021e-06 2.5554857e-05 6.313697e-05
0.15633069 0.0006061368 0.0009358104 0.0052429866 6.1415616e-05 7.888193e-05 2.7158392e-05 0.00069651107 0.011995577 0.9912133 2.2105447e-05 1.7564986e-05 0.4120912 0.06412184 3.2146968e-06 0.99965316 6.355855e-08 1.3536496e-07 1.381375e-07 2.950015e-07 1.8923043e-06 0.8794613 0.018046742 3.18258e-07 4.775188e-10 4.532061e-06 2.1569211e-07 5.111656e-07 2.7152876e-07 0.04650032 2.446319e-06 6.453578e-05 1.2813585e-06 2.2661408e-05 0.0026911513 1.1871804e-06 1.5301936e-07 0.003076029 3.9782863e-05 1.9836095e-06 0.00032708532 0.00011057499 3.3327608e-06 0.022323834 4.5095862e-06 6.947961e-05 9.101937e-06 0.0002179733 1.9412623e-06 5.2320276e-05 9.924903e-05 8.2867246e-07 6.6038365e-07 1.859111e-05 3.7432553e-06 6.7885514e-07 3.2348602e-05 1.5014875e-07 2.7965737e-07 1.2852674e-06 1.4529099e-06 2.908689e-07 2.5900056e-06 6.393861e-07 4.541556e-05 1.3601825e-06 8.1003157e-07 0.7576955 9.227254e-09 2.65541e-07 2.4063788e-06 4.9537375e-06 7.1452896e-06 1.7626536e-07 1.6165259e-05 3.2958575e-05 2.2199775e-07 6.0727604e-07 9.1659746e-07 3.698578e-05 7.628871e-05 3.8351608e-08 1.5200771e-06 0.00011210549 0.000115979994 3.5970305e-07 4.8082597e-06 3.1763657e-06 6.1591754e-07 0.00015834818 1.2974547e-06 6.9025157e-07 4.0273942e-08 0.00038865666 1.7191995e-07 2.1881847e-06 5.3370667e-07 1.2173804e-07 7.5389667e-06 4.3217628e-07 5.353752e-07
0.0006106485 4.443117e-05 0.00059857283 9.913921e-05 0.0018893371 0.00015113696 3.5076926e-05 0.43118325 9.3711105e-06 3.7587968e-05 0.2677677 0.2879147 3.9992747e-06 3.3855054e-06 0.00019104934 3.454918e-07 0.022843415 0.0010117925 0.000771148 0.0003198355 0.99999344 1.836412e-06 3.40825e-06 0.0009687313 4.532061e-06 6.7670127e-15 0.00019658338 0.0010108969 0.17133291 1.8750497e-06 0.99481493 0.00010870746 6.1432664e-05 2.7196103e-05 4.471131e-06 0.005778478 2.233673e-05 2.7318407e-07 0.00059425156 0.00040022127 6.395685e-07 1.28276515e-05 0.004506525 0.00017570004 3.6426365e-05 1.4095031e-05 2.3017923e-05 1.1205814e-06 7.535459e-06 2.6518416e-07 5.171609e-09 2.472652e-06 5.5314945e-07 7.086761e-05 1.5056158e-05 0.00015709223 1.167004e-06 1.9308488e-06 2.5597724e-06 2.7123979e-06 3.2563833e-06 1.2977282e-06 1.9920828e-05 4.7229576e-05 1.1946e-06 4.096081e-07 1.8897857e-05 3.363963e-07 3.7601447e-07 1.480275e-06 5.6181125e-06 1.1331422e-07 1.8931563e-06 1.12835e-07 4.7458127e-07 1.5721107e-06 3.758445e-07 6.3116073e-07 7.970827e-06 2.067843e-06 1.423549e-06 1.5243145e-06 2.5706734e-06 9.978292e-06 1.5519277e-06 1.5839143e-05 6.3305574e-06 5.2479584e-07 1.8604801e-07 2.817595e-06 5.1801544e-05 5.487061e-07 3.716424e-10 5.353368e-09 4.589408e-06 7.851683e-06 3.432795e-07 2.2004665e-06 1.9073786e-06 6.546115e-08 4.0520313e-06
0.97380626 0.00021385743 0.00042794313 3.19295e-05 0.07209634 0.015081351 0.012423808 0.010892363 8.916514e-06 3.0196907e-07 2.452501e-05 1.263e-06 1.752822e-07 0.0014874896 0.86926204 1.9047836e-07 0.071026295 0.22259042 0.7989155 0.94208306 1.7631144e-05 1.0097983e-07 3.9507972e-06 0.6617252 2.1569211e-07 0.00019658338 3.9735e-13 0.38928148 0.021474667 1.9216702e-07 0.0005273065 0.16947286 0.7174919 0.2568954 1.6216699e-06 0.02598746 0.7825341 9.5347685e-09 0.5167887 0.99229527 5.642135e-08 6.1290055e-05 0.0031019482 3.5395775e-08 0.009339933 0.0003195355 0.0012078889 1.5509762e-06 0.005847615 4.2799893e-08 1.3760819e-08 0.25781855 0.00083843106 0.5246733 0.00044321964 0.007522815 2.6674024e-07 0.008278349 0.0012395362 0.0005642181 0.00013445399 0.0007647016 0.00060667435 0.004040822 2.4635783e-06 1.9679541e-07 0.0010067321 5.5848136e-07 0.0006353816 0.000104083345 0.000117619515 7.2217667e-09 1.8175554e-07 1.4929097e-06 5.182328e-07 9.7258905e-08 3.986689e-06 4.220015e-05 0.00025765272 2.3534953e-06 2.2667417e-07 1.6582651e-05 2.0851091e-06 8.99403e-09 1.4666957e-09 0.24013838 3.3644012e-06 2.4427254e-07 7.065035e-08 6.255992e-08 0.00015226002 3.7826144e-08 6.636552e-09 3.1220278e-08 1.5145538e-06 2.2244567e-06 7.5999105e-07 8.9646664e-07 1.4742335e-07 8.36268e-08 6.52065e-06
0.43758336 8.074617e-05 0.00028040181 9.8690225e-06 0.018475115 0.0022195322 0.001866383 0.0579629 1.9997792e-06 2.0180544e-06 0.000110853434 6.5194774e-07 2.2045351e-06 0.00036843133 0.103828266 2.2820615e-05 0.6680821 0.44651005 0.56191283 0.53707206 0.00019449706 1.6062028e-08 5.917352e-06 0.9965925 5.111656e-07 0.0010108969 0.38928148 3.7930572e-14 0.3483224 1.7969165e-07 0.043112826 0.0014825265 0.004199434 0.0012740372 7.278533e-07 0.9962345 0.004825107 5.3811724e-09 0.77605325 0.3204968 2.3126981e-08 2.050506e-05 0.071895674 1.3462674e-05 0.00036039017 4.0696545e-05 8.846539e-05 1.7491326e-08 0.00011129897 4.96229e-08 1.155233e-08 0.000910512 1.5497262e-05 0.00070969947 1.5721236e-05 0.07493757 6.438164e-08 0.0002179498 1.3843001e-05 1.397012e-05 3.3253757e-06 5.734687e-06 2.076092e-05 2.193545e-05 8.352542e-08 6.4039543e-09 1.6343616e-05 1.094635e-05 1.6130616e-06 5.852572e-07 4.2990655e-06 2.2965867e-09 2.988754e-07 3.3224545e-09 2.8108144e-07 1.4953956e-07 1.3630573e-08 1.96863e-07 4.433528e-06 2.770884e-07 2.8915056e-07 9.165197e-07 8.540235e-06 1.374223e-07 1.6296767e-07 0.00012395238 7.746462e-06 2.4129257e-08 1.3872953e-08 1.9968713e-06 8.0816426e-05 1.4056505e-07 1.464076e-06 2.9171593e-07 1.9203455e-07 2.689099e-06 3.33185e-07 3.1656e-06 7.5484195e-06 4.465301e-06 1.4630706e-05
0.16464871 0.00016088321 0.00016145622 3.6055382e-05 0.040949702 0.0044782427 0.0027125054 0.95631796 2.7970032e-07 1.6419572e-05 0.00016084748 3.4843358e-06 5.9187715e-07 0.00059872214 0.041713305 4.100873e-07 0.9865514 0.35985485 0.12290318 0.06635222 0.00042103394 1.6071406e-08 3.3574202e-06 0.27636933 2.7152876e-07 0.17133291 0.021474667 0.3483224 6.8413474e-12 3.904251e-08 0.9999942 0.00054111757 0.0019140444 0.00036743534 5.949952e-06 0.57077515 0.0022374254 1.9797963e-09 0.059924785 0.029606324 8.032271e-08 0.00012705906 0.13412589 1.3843204e-06 0.0003772173 0.00032975693 0.0005366664 4.5920456e-07 3.5753274e-05 3.557649e-08 1.9043185e-09 3.77421e-05 2.7960016e-06 0.00034544108 6.06055e-06 0.0027109191 3.1005712e-07 2.5500215e-06 5.0606554e-06 5.354661e-07 4.0571953e-07 2.78408e-07 3.846815e-05 0.00012983706 1.3736754e-07 1.2793143e-08 1.224654e-06 1.3637557e-06 3.4384502e-09 2.5896387e-07 1.17705056e-07 1.0888881e-08 5.253792e-07 2.674769e-09 6.326715e-07 1.2242674e-08 3.1290534e-10 9.542174e-09 4.9579745e-07 4.6922917e-08 6.3250803e-07 1.4771062e-08 2.1888693e-06 2.3714392e-07 2.792392e-07 9.2414865e-07 5.092587e-07 1.4228668e-09 5.9993663e-09 2.3237202e-07 1.0104293e-05 3.002545e-08 2.7154723e-08 5.424868e-07 3.8026903e-07 1.5369916e-07 1.2580969e-07 8.713378e-08 6.372713e-07 5.8493274e-08 5.0787758e-08
0.937664 0.00057374936 0.0006175541 0.01039707 0.00038945032 0.0010081353 0.0014163799 7.004892e-05 0.00042269132 0.032581862 5.993188e-06 5.0633036e-05 0.36357197 0.53079665 0.0004266257 0.0037335085 1.4127686e-06 4.922017e-06 1.8845134e-06 1.4847684e-06 8.135436e-06 0.93514585 0.9786245 4.3628115e-06 0.04650032 1.8750497e-06 1.9216702e-07 1.7969165e-07 3.904251e-08 1.1322662e-09 1.495136e-07 0.0014779301 2.1096022e-05 0.0011270622 0.61989456 9.5291153e-07 3.8658323e-05 0.9606743 5.274156e-08 2.1512092e-06 0.37787357 0.018703364 2.040807e-06 0.9839367 0.00018183816 0.0020482272 0.00042690552 0.033083286 2.6390344e-06 0.013591051 0.017964354 4.7602363e-05 3.3791624e-05 1.5404071e-06 3.2734742e-06 6.037057e-07 0.0012150249 1.4983311e-06 6.4064197e-06 1.0759945e-05 0.00022034318 9.495967e-07 2.3073571e-05 8.9499406e-07 0.0010240164 7.23321e-05 2.9362993e-06 0.017106466 5.0166657e-09 2.1802389e-05 9.895242e-06 0.00032846196 0.00011586161 4.6383397e-05 0.00015291967 0.0005558107 6.988005e-05 1.992423e-05 1.6370899e-07 5.3471133e-05 0.00087353983 1.26907e-07 2.2831248e-06 0.15608352 0.021683097 8.222715e-07 1.7190398e-06 5.7009525e-05 2.3760133e-06 0.0008090534 1.4415386e-06 5.863542e-06 5.7219636e-06 0.00033363575 8.023757e-08 5.7278603e-06 1.8361744e-07 7.194566e-07 9.17935e-05 2.0653943e-05 0.00011668171
