9.59331e-16 0.98089737 0.93034565 0.833109 0.6345942 0.86935073 0.13078736 0.064531595 0.79999256 0.2966778 0.07181407 0.9820774 0.99712485 0.0724251 0.006211048 0.9519472 0.9983967 0.00038735857 0.91690624 0.8887457 0.9946389 0.717763 0.17576629 0.9852116 0.8960668 0.96245897 0.00012667068 0.9476845 0.68587804 0.7094036 0.58860534 0.46816957 0.89196706 0.99632555 0.8315625 0.9189065 0.8254957 0.9999414 0.9928969 0.944052 0.3318671 0.087726496 0.97283167 0.9077521 0.0029753281 0.98195213 0.9596479 0.22015597 0.99924004 0.92352945 0.042548683 0.9328275 0.99561375 0.9200746 0.99413675 0.91997224 0.3211798 0.03157686 0.71973497 0.9965353 0.000550672 0.8468044 0.77200663 0.16161753 0.9160973 0.96940804 0.92605764 0.90567017 0.6802203 0.97426414 0.78402615 0.8820547 0.78271705 0.3529008 0.9967369 0.19070542 0.89198834 0.65035844 0.7199022 0.356431 0.35822836 0.0068295146 0.7369645 0.56952024 0.076426744 0.7794203 0.12552041 0.87174726 0.9284484 0.53860784 0.8865064 0.48033178 0.7213796 0.038211953 0.76047444 0.0006756611 0.24108654 0.45430946 0.4207508 0.015287091 0.029157914
0.98089737 1.7463139e-10 0.9852006 0.7639085 0.8951658 0.06587555 0.444547 0.1826514 0.8280399 0.4101034 0.009016506 0.17130424 0.25881362 0.0016265172 0.04178224 0.0042124903 0.9787738 0.0012689183 0.17423703 0.041068144 0.021242745 0.00046705632 0.07952496 0.0012452418 0.010264809 8.195847e-05 0.00047654443 2.2307606e-05 0.00015681979 0.00012788376 7.880741e-05 5.179443e-05 0.000105251704 0.08198454 0.0013352731 7.301636e-05 0.00012790803 0.07169283 0.0045928215 0.00034768874 5.0549035e-05 0.00012230074 1.4817906e-06 1.0706375e-06 0.004064752 1.3778897e-07 3.1018077e-05 7.694078e-06 0.022271983 2.092375e-05 8.454503e-05 4.6075593e-06 0.00028461113 6.95193e-07 2.8205028e-05 1.3567972e-06 6.120115e-05 0.00015764346 5.454227e-06 0.0002442459 0.00020598402 2.6778782e-05 1.7255887e-06 3.678057e-07 7.0554606e-08 5.411209e-08 3.6161302e-07 1.0619639e-07 6.3548947e-07 6.642279e-08 1.0649522e-06 4.887815e-09 3.4352445e-09 4.9564613e-07 3.8057093e-05 6.025763e-06 1.1906498e-08 7.5494967e-07 7.65045e-09 5.262507e-07 9.429961e-09 0.00014002233 4.373995e-09 7.7178544e-07 3.736222e-08 8.2936265e-07 2.464075e-09 3.813029e-09 2.5843613e-07 3.910551e-05 5.365993e-09 6.891926e-07 2.8410764e-07 3.9617635e-07 8.055452e-08 3.5307546e-06 9.10162e-07 5.039645e-07 9.758664e-09 7.2053155e-08 3.1266748e-07
0.93034565 0.9852006 5.6372373e-09 0.11592041 0.9908115 0.0012064148 0.49863032 0.0492332 0.9202151 0.7542639 0.0008614251 0.032192677 0.047432683 0.00017055421 0.04977915 0.000542394 0.8525412 0.000944153 0.3601496 0.108223185 0.041549377 0.00014743255 0.21740742 0.00038178382 0.015901033 2.7137188e-05 0.0017523001 7.2588086e-06 3.279757e-05 2.6474321e-05 1.063469e-05 8.270639e-06 1.102029e-05 0.019862952 0.00016806013 3.211671e-05 3.203494e-05 0.01825277 0.00086611556 0.00012703773 1.184955e-05 1.929828e-05 4.9316367e-07 9.370426e-07 0.00067925197 1.5243253e-07 3.5479337e-05 2.5690829e-06 0.010838957 2.6311898e-05 9.9877136e-05 1.5072728e-06 0.00024786562 1.4600995e-06 1.45596905e-05 2.1008977e-06 9.6010604e-05 0.00056433707 2.6697999e-05 0.00024362313 0.0005827685 9.028204e-06 8.182257e-07 9.6716334e-08 1.1592708e-07 1.2517528e-07 7.32739e-07 2.968483e-07 5.776937e-06 1.6399838e-07 3.7881614e-07 5.711961e-09 1.1342185e-08 4.885758e-06 4.3324875e-05 4.1298513e-06 1.296519e-07 4.9078753e-06 3.855372e-07 6.647159e-08 2.3574305e-08 0.0001607346 2.543313e-08 9.288918e-07 7.313437e-08 5.127015e-07 2.4957341e-08 2.9637915e-08 4.261867e-07 1.9498651e-05 8.920941e-09 9.853547e-07 3.9016848e-07 1.2431641e-06 4.412054e-08 2.1757731e-07 5.459993e-06 2.678325e-07 5.1025452e-08 1.1988953e-07 1.4753043e-06
0.833109 0.7639085 0.11592041 3.4931873e-11 0.09313041 0.97796917 0.25343913 0.9727185 0.0060060103 0.0032007138 0.98728865 0.7018087 0.7934897 0.6667859 0.23495845 0.043634426 0.44823822 0.12860937 0.013931285 0.0065215896 0.0019526249 0.0016411426 0.003108171 0.0040135686 0.00018330946 0.0023177548 0.00036805452 0.00072282617 0.0004633812 0.00024107042 0.00020853915 6.905282e-05 0.00016521855 0.01935485 0.0048020966 0.00015899644 0.00023417904 0.017504528 0.0012981478 0.00024208389 0.0004611978 0.0025235466 3.373968e-05 7.529673e-05 0.12372664 1.211554e-06 7.4346994e-05 0.00052361086 0.003525432 1.0659058e-05 9.708854e-05 2.7051507e-05 0.0002039204 1.7559576e-05 4.697667e-05 6.812039e-06 6.4594475e-05 2.3964156e-05 0.00019264621 0.0003362985 4.1401334e-05 2.0164685e-05 6.21553e-06 1.2612901e-05 1.1109933e-05 2.6994834e-07 5.228214e-06 1.2047499e-05 4.9304167e-06 6.217744e-07 9.80099e-07 4.839948e-08 9.084654e-08 1.3299804e-05 3.867781e-06 6.248414e-06 4.7370467e-08 1.2096191e-06 3.499146e-07 6.5260093e-07 4.598795e-07 2.8119148e-06 4.4673692e-07 5.718721e-05 3.8584693e-07 6.0131424e-07 6.892787e-07 1.4308068e-07 1.4369186e-06 3.671826e-05 4.4016926e-07 8.4762625e-08 2.5651008e-05 8.9458274e-07 2.9277922e-05 1.9231086e-06 4.3196508e-08 3.2478636e-06 1.4952515e-07 2.1573871e-06 2.7691333e-06
0.6345942 0.8951658 0.9908115 0.09313041 2.1153799e-09 0.0008838684 0.992147 0.3162712 0.8390978 0.8399618 0.0025883527 0.015722144 0.017845254 0.00018684044 0.38321024 0.0003544498 0.31304646 0.011900933 0.054323863 0.026271997 0.008653415 0.00022702738 0.35358652 0.00012530373 0.004143653 8.309204e-06 0.020982588 9.212206e-06 6.5733875e-05 3.0109286e-05 9.852726e-06 3.856415e-06 8.925814e-06 0.0030670918 1.9325189e-05 2.6789716e-05 4.7608064e-06 0.004175555 0.00012227181 1.7228946e-05 6.5370377e-06 2.790095e-05 5.193079e-07 6.444504e-06 0.00035232067 2.8746373e-07 2.416854e-05 2.7683032e-05 0.0014070654 1.9203703e-06 9.341482e-05 2.9894778e-07 2.9727413e-05 2.442114e-06 1.8506457e-06 1.0508311e-06 6.3550586e-05 0.00023416297 7.4644354e-06 3.1376465e-05 0.0002613433 3.3793926e-06 9.993211e-07 1.873828e-07 1.0354811e-06 3.9448594e-08 6.8567465e-07 1.4543758e-07 4.508958e-06 4.2607425e-08 4.3049673e-07 2.1251665e-09 5.6815916e-09 3.9128245e-06 8.205544e-07 1.0820885e-05 4.7084177e-09 2.117864e-06 4.0963582e-07 3.486272e-07 2.767726e-08 6.561269e-05 1.0544113e-07 4.4019803e-06 5.8641206e-07 4.9666914e-07 5.250288e-08 1.5486998e-08 1.3169393e-06 6.173145e-06 3.250032e-08 1.2284581e-06 1.1746592e-06 1.0019577e-06 3.2329312e-06 1.2703609e-07 8.7571766e-07 1.3397412e-08 4.923996e-07 3.3510815e-07 1.7591011e-06
0.86935073 0.06587555 0.0012064148 0.97796917 0.0008838684 2.4405778e-15 0.00028425633 0.077694155 6.4209744e-05 7.902381e-06 0.5948237 0.93647516 0.88182247 0.9908306 5.732743e-05 0.83824116 0.12414267 0.0004949247 0.0010010814 0.0006130622 5.0521856e-05 0.01921084 7.685607e-06 0.02319231 5.636692e-06 0.48294717 2.0882982e-05 0.061907243 0.0030355568 0.0012388307 0.00074007903 0.00029905944 0.00081938924 0.033352636 0.65520257 0.0002652766 0.016497042 0.018277861 0.004622808 0.00070582575 0.01802519 0.20773295 0.00038796212 8.58589e-05 0.63233495 1.5340592e-06 0.00010037538 0.06811476 0.00075150665 9.382494e-08 7.3712763e-06 7.6445074e-05 0.00028157444 2.747124e-05 4.750482e-05 6.380221e-06 4.113895e-06 9.288005e-07 0.00025290987 0.00040023998 4.3159657e-06 2.0262843e-05 4.2280253e-06 0.00018478453 4.42238e-06 9.033921e-08 1.9319928e-06 1.0319996e-05 2.43967e-06 5.120833e-07 1.0166799e-06 1.4164797e-08 4.4647685e-08 1.6213506e-05 2.3743584e-07 1.3051358e-05 1.2311543e-08 1.7811077e-07 1.2076612e-07 2.0583015e-07 1.7118792e-08 1.0018737e-06 1.18034194e-07 0.00012128778 1.2872184e-07 1.0276134e-07 7.117921e-08 2.1690834e-09 2.8005155e-07 1.1457551e-05 1.0219685e-07 1.6143011e-07 1.1308952e-06 4.966028e-07 5.309301e-06 1.1823847e-05 7.1581217e-09 2.4362973e-05 1.9918829e-09 9.73543e-08 5.4113974e-07
0.13078736 0.444547 0.49863032 0.25343913 0.992147 0.00028425633 3.182376e-13 0.9093951 0.6270135 0.7964767 0.015805678 0.00095188845 0.001919327 0.00014551425 0.9876412 2.1325448e-05 0.030542467 0.30394262 0.0015795912 0.00036486585 0.000122045574 1.9806106e-05 0.8084413 2.4313325e-05 0.0015945002 4.3585965e-07 0.42244607 4.4035187e-07 4.1814624e-06 1.8318868e-06 5.5511424e-07 1.9695953e-07 8.974505e-07 0.00029765896 6.677667e-07 3.5480095e-06 1.9380593e-07 0.00033115776 1.0165155e-05 3.133539e-06 1.0682683e-06 1.3316296e-06 1.10588644e-07 7.7013334e-07 1.123995e-05 6.4733555e-08 3.0236658e-06 2.5835654e-05 4.0945266e-05 4.964082e-07 2.630387e-05 3.010716e-07 9.136773e-07 1.738524e-06 8.658991e-07 4.9716914e-07 9.64599e-06 0.0005511356 3.4760066e-07 1.1836306e-06 0.00060267205 1.7066995e-07 3.041382e-08 5.821924e-08 7.7124247e-07 1.2688334e-08 1.457229e-07 1.9755689e-08 2.6114057e-07 2.348634e-08 6.2429635e-08 2.4409427e-10 9.419817e-10 4.480575e-07 1.9795057e-09 6.6322535e-08 5.166283e-10 1.718599e-08 1.1364186e-06 4.2314556e-09 1.5849546e-08 5.3909353e-06 5.545822e-08 7.642371e-05 2.6201468e-07 1.05843924e-07 2.1923809e-08 1.882155e-08 2.1484935e-07 6.1403875e-06 7.506647e-08 1.14269785e-08 1.1385476e-05 4.415296e-06 8.781015e-06 3.121683e-08 2.6875425e-06 1.3481662e-09 8.0478664e-08 2.3528409e-07 8.353271e-07
0.064531595 0.1826514 0.0492332 0.9727185 0.3162712 0.077694155 0.9093951 8.1658963e-14 0.000918006 0.0010625237 0.9165289 0.01648993 0.026410045 0.018173877 0.68179077 0.0003482851 0.003378708 0.998298 6.745482e-05 8.6668304e-05 2.8547218e-05 5.7091413e-05 0.0029514858 3.869572e-05 2.6806301e-05 8.860053e-06 0.0008957148 4.8829074e-06 2.4388704e-05 1.1277573e-05 1.8143994e-06 9.722469e-06 1.2156345e-05 0.00054376596 6.317741e-06 6.9709354e-06 1.5611041e-06 0.0004101931 4.507232e-05 2.8450852e-06 7.85614e-06 1.7672504e-05 2.6587963e-06 2.7414086e-05 0.00011925604 1.00271145e-05 2.495193e-05 1.9946265e-05 3.9188875e-05 6.1528375e-08 7.7713175e-06 2.7485993e-07 2.661652e-05 2.6227268e-05 3.9800354e-05 2.5494014e-06 2.2362958e-06 2.9681607e-05 6.0512743e-06 7.3766973e-06 9.797807e-06 4.447193e-06 2.028824e-06 5.7497164e-07 8.233179e-06 1.2210098e-06 8.565341e-06 5.211972e-07 6.1298033e-06 2.6376793e-07 2.7277218e-07 8.651393e-08 9.817346e-08 3.0108095e-06 9.572854e-09 4.313772e-08 3.5847588e-08 7.939029e-07 1.8846762e-05 1.4140039e-07 4.094501e-08 1.1255621e-07 4.4298977e-06 7.2147564e-06 2.1332177e-07 6.881801e-08 5.7079454e-08 1.4801952e-07 1.4908391e-05 6.975799e-07 1.792866e-06 2.771819e-09 1.1359056e-05 5.2570626e-06 5.120072e-05 1.6417857e-08 2.0103574e-08 2.4938355e-08 1.0710302e-07 2.4497602e-08 3.2008477e-06
0.79999256 0.8280399 0.9202151 0.0060060103 0.8390978 6.4209744e-05 0.6270135 0.000918006 6.585474e-12 0.99981874 6.479332e-05 0.006583165 0.0075407904 3.434256e-05 0.108493656 0.00034849954 0.77509236 0.00027455753 0.8526641 0.5499176 0.26055747 4.2279065e-05 0.6252976 9.400546e-05 0.4659046 1.9879806e-06 0.5907615 5.6265065e-07 6.087886e-06 8.662506e-06 2.7980994e-07 2.6508494e-06 4.978661e-07 0.008417339 5.9344416e-06 7.4272825e-06 5.6464546e-07 0.010570816 0.0015524541 0.0001548139 3.3994542e-07 3.2957487e-06 7.968748e-07 6.654362e-07 5.5374508e-06 9.8598306e-08 1.4514538e-05 3.7434353e-07 0.012410644 0.00012024067 0.0013499272 3.1887094e-08 0.00047132728 2.0171253e-06 1.0841699e-05 1.1821213e-06 0.001070586 0.0042755683 6.9738036e-07 0.0008772268 0.0058622146 8.875554e-06 1.774608e-06 1.7637835e-07 2.1402339e-07 5.0504436e-08 1.8709244e-07 3.1497386e-08 7.377517e-07 1.1762954e-07 3.2359404e-07 2.2050701e-09 1.1330983e-08 1.2096058e-07 0.0001272952 5.1279812e-06 8.542853e-09 8.663319e-07 9.806618e-07 6.3486944e-08 2.4622535e-08 0.0007994641 3.1179238e-07 2.785809e-05 8.02887e-08 1.1931341e-07 9.53026e-09 2.1702844e-08 1.4579281e-07 0.00035749163 2.7473558e-08 1.2507666e-06 1.2257729e-07 2.384693e-05 5.076135e-07 3.1875857e-07 3.3520373e-05 9.140755e-09 3.5693921e-09 4.7482363e-08 1.37478155e-05
0.2966778 0.4101034 0.7542639 0.0032007138 0.8399618 7.902381e-06 0.7964767 0.0010625237 0.99981874 2.1980528e-13 2.926011e-05 0.0013235357 0.0010122948 6.8123563e-06 0.23519477 4.765405e-05 0.30686656 0.0010488428 0.7155065 0.25609803 0.04307136 1.3155479e-05 0.975381 1.3163924e-05 0.70612043 9.774099e-07 0.7041458 1.3303938e-07 1.5160566e-06 1.5527091e-06 6.8875266e-08 1.2260132e-06 6.9662593e-07 0.0012268841 3.5776668e-07 1.0599226e-06 6.1152673e-07 0.0015721999 7.247973e-05 2.9670045e-06 1.5329923e-07 1.7773739e-06 5.078052e-07 6.854851e-07 8.06197e-08 3.185603e-08 1.6739036e-06 1.930162e-08 0.003387111 6.857617e-05 0.0015362386 3.2084532e-07 6.056688e-05 5.5507724e-07 5.0491917e-06 3.3614742e-07 0.0019092661 0.116170876 3.8475577e-08 1.1798119e-05 0.04545154 9.3379015e-07 1.8468013e-07 1.4866881e-08 4.3025005e-07 2.5904846e-08 6.213621e-08 3.0203974e-08 2.2952522e-08 2.5157655e-07 6.3934856e-08 1.99751e-09 1.6101496e-09 7.8255326e-08 3.4097354e-06 3.4060825e-08 1.1288117e-09 1.10873914e-08 1.1605739e-07 1.5156395e-09 1.5259449e-10 0.0032665948 1.6001628e-09 4.4187036e-06 1.2027333e-08 3.5653386e-08 6.5058037e-10 1.3555794e-09 1.0483411e-07 0.0005434329 2.019115e-08 1.5800867e-07 3.335993e-07 4.4808996e-07 1.9149624e-08 7.945262e-07 0.00024329529 3.504133e-10 1.5851351e-09 1.9940232e-09 4.5479666e-07
0.07181407 0.009016506 0.0008614251 0.98728865 0.0025883527 0.5948237 0.015805678 0.9165289 6.479332e-05 2.926011e-05 9.238126e-15 0.027634481 0.029317075 0.9994017 0.01724337 0.00069977547 0.0013704919 0.301293 5.1607953e-05 3.470562e-05 2.978292e-05 5.6447378e-05 9.982047e-05 0.00015654517 1.0401706e-06 6.2210806e-06 0.0001373291 2.032715e-06 1.2150491e-05 3.6064198e-06 4.7088042e-07 1.5236039e-06 4.2438974e-06 0.00049329427 0.00013676593 6.701984e-06 1.4561501e-06 0.00028843715 2.180505e-05 1.6665607e-06 2.0425294e-05 0.0007954665 5.659129e-07 4.654555e-06 0.1595452 7.509506e-07 6.959139e-06 5.2017233e-05 5.8043556e-06 2.3836924e-07 7.487157e-06 6.0216354e-07 2.9220082e-06 3.7519364e-06 3.422327e-06 9.712618e-08 4.867525e-07 1.9719157e-06 1.3320488e-06 4.3946775e-06 5.378013e-07 2.3870908e-07 1.0155039e-07 1.10222445e-05 1.0577606e-06 1.1390112e-07 3.862252e-06 1.1191357e-07 5.593102e-07 9.427753e-08 9.169568e-09 7.157917e-09 1.5272507e-08 1.7644163e-07 1.5789169e-08 1.06926805e-08 3.0788105e-09 3.3136594e-08 2.5810562e-07 1.11366745e-07 2.2800416e-08 6.510043e-08 8.0153555e-09 7.2680346e-06 2.3191605e-08 3.4771855e-08 2.522841e-09 1.0119824e-08 7.94757e-06 2.3553463e-07 2.764087e-07 1.18467405e-08 2.141514e-07 1.2658947e-07 1.4698941e-07 4.7131394e-07 5.8655463e-09 2.1816353e-08 2.0318398e-09 2.3903885e-08 2.4633763e-08
0.9820774 0.17130424 0.032192677 0.7018087 0.015722144 0.93647516 0.00095188845 0.01648993 0.006583165 0.0013235357 0.027634481 2.5469778e-12 0.98226136 0.070144735 0.00017398724 0.95794326 0.22092307 5.033929e-05 0.0023369782 0.0017058292 0.00081698486 0.49780884 0.00011854145 0.29413438 0.0001420441 0.4551022 1.6428017e-05 0.18947776 0.012027932 0.019325554 0.0027193602 0.0059186257 0.004476398 0.4316442 0.8902598 0.0023226382 0.33795506 0.21790452 0.035552803 0.0066303224 0.097686835 0.13837388 0.011428867 0.0048613534 0.04840644 0.0010689287 0.0012140328 0.15966867 0.0016504785 5.617912e-05 0.00013992874 0.049367372 0.0018327667 0.00037101816 0.000951612 6.840119e-05 6.6613524e-05 1.4790058e-05 0.013395485 0.0027548454 5.972459e-06 0.00025990742 4.001764e-05 0.0042899614 2.2358914e-05 0.000142581 0.0002609906 0.005499921 5.6646855e-05 2.9541802e-06 5.387425e-06 2.6613411e-06 6.0861885e-07 0.0003341876 8.8331435e-05 5.4467473e-06 7.077133e-08 1.2617985e-06 0.00012898502 0.00054851023 9.327706e-06 0.00011015283 5.95109e-07 0.00060903834 2.9556077e-05 3.8227654e-07 5.3979004e-08 3.0526973e-08 0.00091160455 5.044119e-06 3.3189035e-06 2.3393626e-07 0.00066609745 9.835737e-07 0.0007299057 6.0790826e-05 5.525985e-07 0.0001594716 7.299791e-07 1.7392746e-05 1.6037294e-08
0.99712485 0.25881362 0.047432683 0.7934897 0.017845254 0.88182247 0.001919327 0.026410045 0.0075407904 0.0010122948 0.029317075 0.98226136 1.149003e-12 0.060761556 0.0002835851 0.87956184 0.7572542 0.000100569516 0.018296173 0.013903869 0.0056067444 0.14749418 0.00032288334 0.17824218 0.00012806218 0.13579106 1.783642e-05 0.053423166 0.006452324 0.002828519 0.0011610677 0.0018175436 0.004019512 0.7422079 0.73021907 0.002517142 0.09687411 0.44914353 0.046602678 0.008143245 0.029584829 0.04294267 0.0042897756 0.0025613026 0.009201241 0.0002925625 0.0012302531 0.0537346 0.0031562974 0.00016348738 0.00015056352 0.010984171 0.0028680086 0.00040436548 0.0012685142 5.2140706e-05 0.00012570279 3.4067323e-06 0.0029261957 0.0022267227 1.3518796e-05 0.00027548414 5.7386183e-05 0.0004369997 1.5092629e-05 7.18522e-05 0.00010113013 0.0010895552 3.958576e-05 1.6214921e-06 7.2673347e-06 1.3701897e-07 4.539605e-08 0.00011403608 0.00043096545 1.2583681e-05 2.3351712e-08 6.9406826e-07 4.2658605e-05 0.00015328104 8.813348e-06 0.00022062998 2.431219e-07 0.00020328604 9.080861e-06 1.0871684e-07 2.7341183e-09 8.173195e-09 0.0002345324 2.5032563e-05 1.342482e-06 7.728018e-07 0.000620901 1.902352e-06 0.00045895614 3.2791904e-05 2.894353e-07 2.8507988e-05 2.3568272e-07 6.208474e-06 9.316614e-09
0.0724251 0.0016265172 0.00017055421 0.6667859 0.00018684044 0.9908306 0.00014551425 0.018173877 3.434256e-05 6.8123563e-06 0.9994017 0.070144735 0.060761556 3.8406485e-13 0.00013371768 0.012839311 0.0009705424 0.000579597 0.00011395835 2.6355972e-05 1.2530642e-05 0.0011037162 3.60122e-06 0.0011029511 2.8059278e-06 0.005075337 2.6898736e-06 0.00023010299 0.00037995988 0.00015937278 1.9193552e-05 2.9297222e-05 0.0001074622 0.0010714113 0.0071662376 4.901974e-05 0.00022517623 0.00062206306 0.00018332395 3.2295433e-05 0.001849298 0.00905922 2.2961793e-05 3.9485316e-05 0.9055815 2.8610077e-06 2.3092349e-05 0.00034233407 5.3712727e-05 1.3533821e-07 2.8538288e-05 1.0917732e-05 5.8185415e-05 7.054754e-06 2.8214872e-05 2.4164585e-06 1.6886059e-05 3.1391114e-06 3.8953684e-05 5.5426528e-05 3.916552e-07 1.2199785e-06 5.252384e-07 4.6357523e-05 5.7070583e-06 5.728649e-07 1.073767e-05 9.3689073e-07 6.807609e-06 1.103745e-06 3.5151535e-07 4.530246e-08 3.30903e-08 1.4367441e-05 7.729821e-08 7.2432215e-08 2.1439977e-08 7.061906e-07 6.419293e-06 5.2912448e-08 4.2771088e-08 9.1097655e-07 1.0079736e-08 1.7075528e-05 1.2746933e-07 6.425871e-08 4.021374e-09 1.3611037e-08 3.8755456e-06 4.6711398e-07 1.7368022e-08 2.20768e-08 1.6165427e-07 4.347388e-07 2.790755e-07 7.706613e-06 8.101721e-09 6.237432e-07 9.935163e-10 2.812388e-09 7.064766e-08
0.006211048 0.04178224 0.04977915 0.23495845 0.38321024 5.732743e-05 0.9876412 0.68179077 0.108493656 0.23519477 0.01724337 0.00017398724 0.0002835851 0.00013371768 2.1732273e-10 6.487731e-06 0.0026583709 0.9997971 0.000180035 7.035985e-05 2.5640591e-05 2.0446068e-05 0.28788424 5.0502967e-05 0.0022414417 1.2607502e-05 0.8684836 2.1985034e-06 1.1939947e-05 1.2421194e-05 1.3689817e-05 5.8746577e-06 1.3866719e-05 0.00016828113 8.344757e-06 1.1201469e-05 8.270418e-06 0.00045737208 3.5084453e-05 7.2214266e-06 1.376617e-05 2.390514e-06 1.6984804e-05 8.977664e-05 1.6603358e-06 3.063239e-05 3.5048273e-05 3.2508306e-05 1.2571807e-05 6.9484017e-06 4.5503566e-05 8.611832e-06 2.6194526e-05 7.480987e-05 3.496544e-05 8.955161e-06 0.00013336478 0.0002331811 2.2159353e-05 2.6610785e-05 0.00024803684 2.7578366e-07 1.0102458e-06 1.3098911e-06 3.0882093e-05 2.013366e-06 5.518451e-06 3.01455e-06 4.602937e-05 1.7565362e-06 1.7164876e-06 1.11784935e-07 2.1368199e-07 7.239362e-06 1.29633415e-08 2.9694743e-07 9.112924e-08 1.223586e-06 0.00014916346 3.577621e-06 3.3993524e-06 3.7449678e-05 3.440022e-05 0.00032263988 5.769873e-06 1.1959019e-06 2.5159516e-06 7.088758e-06 0.000174178 5.9919766e-06 8.436763e-06 2.0243323e-08 0.00179847 4.7065863e-05 1.233428e-05 7.581989e-08 2.2815557e-06 9.016244e-08 1.7741976e-07 1.3010299e-07 6.583014e-06
0.9519472 0.0042124903 0.000542394 0.043634426 0.0003544498 0.83824116 2.1325448e-05 0.0003482851 0.00034849954 4.765405e-05 0.00069977547 0.95794326 0.87956184 0.012839311 6.487731e-06 3.490708e-12 0.012357522 1.1473936e-06 0.00030620955 0.00017457861 0.00010133191 0.95144385 1.3343335e-06 0.4681718 1.6849629e-06 0.8896292 1.9079826e-06 0.8578995 0.021682214 0.15539499 0.006690079 0.016953953 0.006448799 0.11604687 0.91764706 0.0033042685 0.53982216 0.04199851 0.024582043 0.0050336914 0.24588223 0.09919399 0.016795646 0.00983868 0.027234025 0.00045777572 0.00024502396 0.19004978 4.1985106e-05 1.1825909e-05 1.1361722e-05 0.06686478 0.00018565977 2.7168237e-05 4.5141704e-05 7.5330445e-06 1.6715836e-05 6.28787e-07 0.027607039 0.00042988855 4.73012e-07 1.1291876e-05 1.5354086e-06 0.019169573 1.1639386e-06 6.1401765e-06 6.139846e-05 0.0046630795 4.9106588e-05 1.4130063e-07 7.406237e-07 2.9595382e-08 6.321013e-08 0.0009135287 3.8869466e-06 2.9303507e-07 2.3989968e-09 4.7708664e-07 5.7128796e-06 0.00016130356 4.7006785e-07 3.8473418e-06 1.6245512e-07 0.0023240764 2.5715994e-05 3.435864e-07 6.287786e-09 1.2089865e-09 0.000206394 9.3977036e-07 5.8506856e-07 2.6714055e-08 0.0006780947 4.950035e-06 0.0007111286 4.5806082e-05 2.524018e-07 0.0048489096 3.840212e-06 4.8049707e-05 1.9558255e-08
0.9983967 0.9787738 0.8525412 0.44823822 0.31304646 0.12414267 0.030542467 0.003378708 0.77509236 0.30686656 0.0013704919 0.22092307 0.7572542 0.0009705424 0.0026583709 0.012357522 1.2350208e-12 3.9141105e-05 0.7618756 0.77459943 0.8238229 0.0024348793 0.03670284 0.01692171 0.3217286 0.0015316195 0.00011566697 0.0003696829 0.00074450544 0.00046331406 0.00034697773 0.0003135865 0.00084730395 0.52601963 0.009574375 0.0013591258 0.0010413736 0.38782078 0.006197377 0.0037959462 0.00030007135 0.0009393803 0.00021703179 5.280581e-05 0.0012652158 3.3798748e-05 0.00083461177 0.00020768137 0.05798535 0.009790103 0.0007848026 0.00044665136 0.00057003385 0.0002665873 0.0010700313 0.0003045594 0.0002598422 0.0089016715 8.851848e-05 0.00047332974 0.00055250234 0.000335078 5.488119e-05 1.3709048e-05 6.813706e-05 0.00041054183 0.00017744981 0.00029384988 5.6111978e-05 4.862524e-05 6.8290836e-05 5.9379094e-05 1.5779018e-05 3.4178374e-05 9.270368e-05 3.9946375e-05 1.263309e-05 2.4800172e-05 0.00016296512 0.00032977204 0.00011307011 0.002510608 2.6163254e-06 3.8338756e-05 4.891325e-06 8.0150505e-07 4.3008188e-07 1.352597e-06 0.00036858895 3.5221903e-05 2.126937e-05 4.6301216e-06 0.0027156568 1.0483917e-06 0.00027059542 4.936672e-05 0.00031631254 3.301235e-06 6.736272e-08 4.19986e-07 8.616271e-07
0.00038735857 0.0012689183 0.000944153 0.12860937 0.011900933 0.0004949247 0.30394262 0.998298 0.00027455753 0.0010488428 0.301293 5.033929e-05 0.000100569516 0.000579597 0.9997971 1.1473936e-06 3.9141105e-05 1.8284368e-13 6.345111e-06 5.3669896e-06 2.8189145e-06 2.1608753e-06 0.035528842 3.3669785e-06 0.00012293454 2.6746507e-06 0.5198719 1.4173919e-06 1.685352e-06 2.83418e-06 3.2126476e-07 9.858774e-07 5.6786694e-06 8.274118e-06 2.2763613e-06 5.46551e-06 4.144872e-06 5.637765e-05 9.707849e-06 2.0676575e-06 2.9987596e-06 3.5138648e-06 2.0660493e-06 3.5808927e-05 2.479537e-05 1.651901e-05 1.5072563e-05 5.629279e-06 1.995821e-07 1.6188523e-07 4.6674236e-06 1.5848e-05 8.384406e-07 2.336899e-05 1.41727105e-05 3.3649337e-06 5.15548e-06 4.7996054e-06 2.3971106e-05 3.5471537e-06 3.2696946e-05 1.0098349e-07 3.7921447e-07 4.6303882e-07 1.0668913e-05 1.0543092e-06 5.3932595e-06 2.8185761e-06 1.1764962e-05 5.221629e-07 8.108882e-08 2.1575886e-08 3.5840614e-08 1.2842267e-05 6.584335e-11 5.493129e-09 8.924089e-09 1.2266639e-07 8.157959e-06 2.0073287e-06 8.523616e-07 1.6682709e-07 3.3673607e-06 8.419462e-05 1.2143441e-06 1.5056774e-07 3.634513e-07 6.741205e-07 3.7496244e-05 4.400916e-07 7.3689353e-06 2.372129e-09 4.9839913e-05 5.687355e-07 1.2664809e-06 9.388432e-09 6.859615e-08 4.3595065e-07 2.7459153e-08 2.8262323e-07 6.315648e-07
0.91690624 0.17423703 0.3601496 0.013931285 0.054323863 0.0010010814 0.0015795912 6.745482e-05 0.8526641 0.7155065 5.1607953e-05 0.0023369782 0.018296173 0.00011395835 0.000180035 0.00030620955 0.7618756 6.345111e-06 1.887579e-09 0.9880638 0.8452717 0.00017165141 0.007554391 0.00016036714 0.9821465 0.000103146485 0.0005301577 5.6333098e-05 4.703912e-05 8.757903e-05 7.332437e-05 2.5147008e-05 6.5952205e-05 0.005988743 5.0670227e-05 5.140538e-05 0.00010706948 0.007088387 0.00050651364 0.00013885384 2.2518363e-05 1.3017188e-05 2.8827637e-05 3.425723e-06 3.0706665e-06 1.4690776e-06 5.3838117e-05 3.5142617e-07 0.04359061 0.45274907 0.23904619 1.2934216e-05 9.989009e-05 2.4285495e-05 7.77264e-05 2.4867479e-05 0.37963918 0.07170839 3.046808e-06 0.0003208274 0.00285865 2.2497605e-05 3.82065e-06 3.397043e-07 1.7658169e-05 4.4489512e-05 8.145971e-06 1.5341997e-06 7.4635664e-06 2.9188889e-06 5.5440405e-06 3.2141877e-06 3.9980787e-07 2.843348e-07 0.0006015618 2.4235992e-06 1.4523322e-06 4.4716535e-07 1.730012e-05 3.1343595e-07 2.9967768e-07 0.45717102 8.1173124e-07 2.9844716e-06 9.3128483e-07 4.1766737e-07 1.6806996e-07 8.536102e-07 1.3830281e-05 0.0020148596 2.0834493e-06 2.1308287e-07 7.952506e-06 1.440762e-06 6.8962294e-08 8.608888e-05 0.022138238 1.5552389e-06 7.8863984e-08 3.1941528e-07 5.5336027e-06
0.8887457 0.041068144 0.108223185 0.0065215896 0.026271997 0.0006130622 0.00036486585 8.6668304e-05 0.5499176 0.25609803 3.470562e-05 0.0017058292 0.013903869 2.6355972e-05 7.035985e-05 0.00017457861 0.77459943 5.3669896e-06 0.9880638 1.8129418e-13 0.99454606 0.00016846754 0.0031151758 0.00023558464 0.88406163 2.6465363e-05 4.863159e-05 1.15280145e-05 7.155884e-05 4.3860004e-05 2.9638497e-05 1.2696233e-05 6.0985058e-05 0.007670528 0.00010912149 9.1168324e-05 4.5241435e-05 0.014474342 0.00044100883 0.00019201012 1.2405249e-05 4.5957913e-05 4.591063e-06 3.0526527e-07 1.0569368e-06 2.0594445e-07 0.0001250744 1.3650986e-06 0.492575 0.7590406 0.121409096 1.2592998e-05 0.00015448162 1.7207434e-05 0.00012998153 1.2826735e-05 0.046359494 0.045431387 7.0252736e-06 0.00024986806 0.0004748428 4.4123724e-05 1.0141983e-05 9.431022e-07 4.621514e-06 1.1676135e-05 4.574573e-06 6.818274e-07 3.2331563e-06 3.5037356e-06 1.887276e-06 2.1279024e-07 3.9557094e-08 2.3630837e-07 0.0009895582 1.1200674e-06 1.5350149e-06 2.3548567e-07 4.2711376e-06 7.4429425e-07 2.0233723e-07 0.48277143 1.1280655e-06 3.2151747e-06 4.4971208e-07 2.962544e-07 2.20431e-08 1.177926e-06 2.051708e-06 0.0030811536 6.8731566e-08 6.485322e-07 9.5327323e-07 6.3437955e-07 1.11480034e-07 1.6655875e-05 0.021024337 1.3450996e-07 2.7667497e-08 7.004384e-09 1.4985957e-06
0.9946389 0.021242745 0.041549377 0.0019526249 0.008653415 5.0521856e-05 0.000122045574 2.8547218e-05 0.26055747 0.04307136 2.978292e-05 0.00081698486 0.0056067444 1.2530642e-05 2.5640591e-05 0.00010133191 0.8238229 2.8189145e-06 0.8452717 0.99454606 1.4640835e-11 7.609078e-05 0.00076516985 0.00016934803 0.5439906 2.2512304e-05 1.3317992e-05 8.445876e-06 4.8171063e-05 3.5959092e-05 3.771145e-05 2.002183e-05 1.7063172e-05 0.009524302 0.0003737213 3.939771e-05 2.9163917e-05 0.023043552 0.0003253456 0.00014209434 1.9896563e-05 3.4041976e-05 5.96902e-06 1.6064372e-06 4.5890624e-06 3.7792162e-07 2.8679508e-05 2.5866334e-06 0.7531417 0.23674887 0.010866456 5.270516e-06 0.00020438319 6.2013964e-06 0.00021630133 1.1158905e-05 0.0074068913 0.007099316 4.398854e-06 0.000459871 7.2128474e-05 7.796478e-05 5.546039e-06 3.419792e-06 1.2139319e-06 1.3505317e-05 6.137068e-06 5.2263715e-07 1.0349969e-05 1.0760171e-05 5.0747e-06 2.6575606e-07 1.3259745e-07 2.1513795e-06 0.003080679 1.4759926e-06 3.4445043e-06 1.4322396e-06 6.7421015e-06 1.0862533e-05 8.331409e-07 0.009822203 7.359437e-07 1.1226333e-05 7.453661e-07 1.3003781e-06 1.6515953e-07 3.740281e-07 2.1510708e-05 0.0010949954 1.14668865e-07 6.657345e-07 1.858239e-05 1.4376437e-06 8.358272e-06 4.166843e-05 0.010409944 7.7202026e-07 3.028924e-08 1.4697712e-08 8.154206e-07
0.717763 0.00046705632 0.00014743255 0.0016411426 0.00022702738 0.01921084 1.9806106e-05 5.7091413e-05 4.2279065e-05 1.3155479e-05 5.6447378e-05 0.49780884 0.14749418 0.0011037162 2.0446068e-05 0.95144385 0.0024348793 2.1608753e-06 0.00017165141 0.00016846754 7.609078e-05 6.9390007e-13 4.4212135e-07 0.9810431 3.8448817e-07 0.30191016 8.926419e-06 0.75794864 0.53992426 0.9614512 0.7410972 0.83738124 0.06820357 0.2115975 0.098423496 0.004768563 0.10927051 0.061354507 0.008404344 0.001993128 0.027362905 0.0019184989 0.10572399 0.008972216 0.00020548567 0.0019696164 0.00043471312 0.015744807 0.00015487755 4.2050186e-05 3.6085654e-05 0.061383877 9.46975e-05 0.00015303507 4.85756e-05 3.966459e-05 2.7145377e-06 7.458077e-07 0.039468933 0.00014963193 2.1128972e-06 2.2728504e-05 2.3450355e-06 0.0018148095 7.5711514e-06 1.7645207e-05 9.477854e-05 0.006105487 9.488634e-05 2.762888e-07 1.1854585e-06 1.3966275e-08 4.2338232e-08 0.0012796624 6.328388e-05 3.823812e-07 3.843763e-09 3.1864585e-07 1.9641238e-05 0.0006152601 4.5789704e-07 7.578946e-06 5.5770456e-06 0.001332948 0.00010807195 5.24967e-07 5.998848e-10 1.1948375e-09 0.00026270893 1.3500055e-06 2.381435e-06 6.389646e-08 0.00034715398 1.1979804e-06 0.0012104692 4.7819856e-05 2.7817297e-08 0.029451244 1.3907125e-05 2.7674268e-05 6.6652723e-09
0.17576629 0.07952496 0.21740742 0.003108171 0.35358652 7.685607e-06 0.8084413 0.0029514858 0.6252976 0.975381 9.982047e-05 0.00011854145 0.00032288334 3.60122e-06 0.28788424 1.3343335e-06 0.03670284 0.035528842 0.007554391 0.0031151758 0.00076516985 4.4212135e-07 8.1956344e-11 1.2608908e-05 0.9097659 5.293423e-07 0.99999607 1.1617644e-07 3.2070827e-07 1.2902528e-07 1.8889017e-08 2.7205061e-08 2.2276207e-07 0.00020462503 5.474791e-06 3.0516395e-07 5.802734e-08 0.00035091297 0.00014288767 3.5434516e-06 4.7109897e-06 4.6803922e-07 1.5575174e-06 3.5254247e-06 1.955815e-07 2.3592077e-06 5.488451e-06 3.954118e-06 0.00053760596 3.9094884e-05 0.0002499026 1.5026155e-06 0.000109438406 3.6632932e-06 3.7572376e-05 2.8380651e-07 0.00052915706 0.0003250569 7.5297584e-07 0.00011047149 0.00655453 3.5234936e-07 7.003649e-07 1.0026436e-05 6.975061e-07 1.0835621e-05 2.3274262e-05 1.948495e-07 5.3463564e-06 1.1992086e-07 9.1412256e-09 3.4014406e-08 1.9741112e-08 1.8655723e-07 1.2572867e-08 5.7138028e-09 1.887986e-09 6.1934465e-08 1.8641887e-05 1.3978803e-06 1.7671172e-07 8.867411e-05 4.9518244e-06 4.030805e-05 2.3480698e-06 9.383116e-09 5.5587765e-07 6.9465955e-07 1.4253619e-05 2.3339655e-05 1.4686805e-07 3.2113992e-10 9.823021e-06 3.4648983e-06 2.609911e-06 1.8956621e-06 1.1198948e-05 5.2424906e-07 3.7050402e-08 5.0407384e-06 1.4981812e-06
0.9852116 0.0012452418 0.00038178382 0.0040135686 0.00012530373 0.02319231 2.4313325e-05 3.869572e-05 9.400546e-05 1.3163924e-05 0.00015654517 0.29413438 0.17824218 0.0011029511 5.0502967e-05 0.4681718 0.01692171 3.3669785e-06 0.00016036714 0.00023558464 0.00016934803 0.9810431 1.2608908e-05 1.083253e-13 3.8686476e-06 0.44135436 2.093854e-05 0.57329834 0.81025803 0.57606024 0.74299985 0.5986385 0.73629504 0.9640591 0.25533426 0.06278939 0.21453567 0.8502382 0.13919169 0.03161379 0.038645912 0.0018842962 0.31746334 0.0851423 0.0010064801 0.03932063 0.00080319116 0.012611243 0.0005537787 0.000121306635 3.5657828e-05 0.14529943 0.0008609516 0.00021708127 0.0003434849 0.00013128314 5.4041075e-06 3.7493542e-06 0.04885571 0.0017545968 4.1363664e-06 0.00014505535 1.7232758e-05 0.0020575481 3.0580522e-05 0.00024735346 0.00088461564 0.040365417 0.0002073392 9.7782e-07 2.4997291e-06 1.5856207e-07 4.113038e-07 0.0023642068 0.00020949254 2.6499862e-05 1.0416362e-07 1.0607426e-06 0.00016578076 0.002371729 9.305867e-06 2.6435697e-05 6.2350235e-05 0.0037076348 0.00023282356 4.6761272e-07 1.4862231e-08 8.976139e-09 0.0017259971 2.2527695e-06 3.274831e-05 2.7569794e-07 0.0019764144 1.7567708e-06 0.009080748 1.8795481e-05 3.4360278e-07 0.01745456 0.0005799055 0.00033045487 2.3093865e-09
0.8960668 0.010264809 0.015901033 0.00018330946 0.004143653 5.636692e-06 0.0015945002 2.6806301e-05 0.4659046 0.70612043 1.0401706e-06 0.0001420441 0.00012806218 2.8059278e-06 0.0022414417 1.6849629e-06 0.3217286 0.00012293454 0.9821465 0.88406163 0.5439906 3.8448817e-07 0.9097659 3.8686476e-06 5.659074e-09 1.7691584e-06 0.296668 1.9654729e-07 3.0596416e-07 8.8309105e-07 1.8195065e-07 1.0777044e-07 1.5535497e-07 0.0020257772 7.186896e-06 1.4066246e-06 2.5107012e-05 0.00342097 0.00038605544 1.4952231e-05 4.557929e-06 1.8586563e-06 5.5950596e-07 2.3138797e-07 1.6970377e-07 7.3121726e-07 4.6794353e-06 2.5517498e-05 0.03205127 0.001442923 0.030244399 9.153173e-06 0.000107113185 2.0865352e-06 2.7015309e-05 2.3340758e-06 0.15286778 0.9470307 1.0288452e-05 0.00045815326 0.7968048 8.307578e-06 1.2823034e-06 2.312008e-06 3.2540115e-06 2.192078e-06 1.9308932e-06 4.8076586e-06 4.504426e-07 2.7168986e-07 8.07377e-07 3.343785e-08 1.656298e-08 2.202834e-07 0.00010186578 1.1236333e-06 4.310646e-08 1.0215943e-07 1.2039263e-07 7.4811325e-08 1.7231949e-07 0.7189944 2.3790038e-08 4.353647e-06 1.3181997e-06 1.121621e-07 2.3037828e-08 1.3092623e-05 3.8863476e-07 0.0045387526 4.336719e-06 6.1963064e-08 1.2277525e-05 1.000336e-07 9.7375654e-08 1.5850175e-05 0.1388882 2.0475327e-06 2.117391e-08 2.4859534e-07 1.5322037e-06
0.96245897 8.195847e-05 2.7137188e-05 0.0023177548 8.309204e-06 0.48294717 4.3585965e-07 8.860053e-06 1.9879806e-06 9.774099e-07 6.2210806e-06 0.4551022 0.13579106 0.005075337 1.2607502e-05 0.8896292 0.0015316195 2.6746507e-06 0.000103146485 2.6465363e-05 2.2512304e-05 0.30191016 5.293423e-07 0.44135436 1.7691584e-06 1.5528356e-11 9.795644e-07 0.9628132 0.047790695 0.08437307 0.0056492207 0.0064259428 0.02440539 0.024810512 0.57821655 0.004936661 0.9932123 0.010070605 0.035722304 0.0070002987 0.34961388 0.014202749 0.07857511 0.048622042 0.006166829 0.0011199025 8.529919e-05 0.0637316 9.2681e-06 4.5285339e-07 3.8416915e-06 0.48288167 5.527055e-05 2.7576223e-06 2.628752e-05 9.612361e-06 2.1260992e-05 3.4501543e-05 0.6627726 0.0001652633 6.8417626e-07 7.418286e-06 3.7903044e-07 0.032801487 1.7540522e-06 5.1833166e-07 1.1546686e-05 0.14358324 3.193244e-06 9.449663e-08 1.4101242e-07 4.0292612e-08 3.331029e-08 0.098248385 8.3189593e-07 5.0820785e-07 1.6233137e-09 3.222925e-07 6.16837e-05 0.001015567 4.3785793e-08 5.442655e-06 2.6121234e-07 0.070556805 0.0004776063 5.4674807e-08 9.008829e-09 3.2327074e-09 0.00021679679 8.642977e-07 1.5397783e-06 6.5577986e-08 0.008917187 1.16661e-06 0.0038430768 5.370515e-05 8.8212227e-07 0.041983873 7.113185e-06 0.0003979288 1.6695346e-07
0.00012667068 0.00047654443 0.0017523001 0.00036805452 0.020982588 2.0882982e-05 0.42244607 0.0008957148 0.5907615 0.7041458 0.0001373291 1.6428017e-05 1.783642e-05 2.6898736e-06 0.8684836 1.9079826e-06 0.00011566697 0.5198719 0.0005301577 4.863159e-05 1.3317992e-05 8.926419e-06 0.99999607 2.093854e-05 0.296668 9.795644e-07 1.0274432e-14 1.3953102e-07 2.3901296e-07 1.3585917e-06 3.3989505e-08 2.6993145e-08 2.3142647e-06 3.5060418e-06 4.7207237e-07 1.5315887e-06 3.502862e-05 1.8491806e-05 2.567142e-05 4.959454e-07 0.00024230286 2.512614e-06 6.254349e-07 9.433172e-05 5.965437e-07 4.3976415e-06 4.0212694e-06 3.4657096e-05 1.2391987e-06 1.9511952e-05 0.0002784432 8.654587e-06 9.2620974e-07 1.4882337e-05 2.526994e-06 5.2107544e-07 0.00041467504 0.0015044482 1.0804949e-06 2.7742428e-06 0.99269754 8.1813404e-08 4.2455405e-08 2.6587788e-06 1.4235064e-05 1.19322e-06 4.7069764e-07 3.108555e-06 3.1510551e-06 4.8984294e-08 1.4718323e-09 1.534855e-08 1.0277658e-08 2.3861694e-05 8.280573e-12 2.372752e-10 3.3638057e-09 2.3677137e-08 1.9620664e-05 1.8824335e-06 8.8692457e-07 0.00010086853 1.0056318e-06 9.578243e-05 7.3119522e-06 3.1555054e-08 1.5592316e-07 6.1004044e-08 4.8830916e-05 3.5376048e-05 1.2133145e-05 7.482137e-10 0.00010453208 7.8558315e-08 4.8695797e-06 2.0303175e-07 8.73417e-06 8.456014e-08 9.409765e-09 6.861836e-07 3.0231135e-07
0.9476845 2.2307606e-05 7.2588086e-06 0.00072282617 9.212206e-06 0.061907243 4.4035187e-07 4.8829074e-06 5.6265065e-07 1.3303938e-07 2.032715e-06 0.18947776 0.053423166 0.00023010299 2.1985034e-06 0.8578995 0.0003696829 1.4173919e-06 5.6333098e-05 1.15280145e-05 8.445876e-06 0.75794864 1.1617644e-07 0.57329834 1.9654729e-07 0.9628132 1.3953102e-07 9.782391e-12 0.15016913 0.9235223 0.06573015 0.13211678 0.05106954 0.019526027 0.38291478 0.010252525 0.64216715 0.008875788 0.026528845 0.008582174 0.095786065 0.0060003055 0.8953138 0.4596279 0.0007362891 0.029465696 0.00072727853 0.06431481 2.374378e-06 1.1288727e-06 7.4428613e-06 0.8987132 8.302617e-05 8.501348e-05 0.000107942586 1.9042862e-05 1.0554889e-05 1.4117422e-06 0.67588735 0.00024686326 2.1220194e-07 6.8534814e-06 2.7357603e-06 0.05029662 4.409758e-06 1.1570474e-05 0.00014362707 0.3893221 3.757467e-05 2.4357558e-07 1.616831e-07 1.8645716e-08 3.2261553e-08 0.09254961 1.2278491e-06 1.6442607e-07 2.061028e-09 1.0154903e-07 0.00027636383 0.009987328 2.6253096e-07 3.6893093e-07 3.6295687e-06 0.024918925 0.0016786245 1.11155806e-07 2.8476896e-09 1.9485897e-09 0.002026187 7.382712e-07 0.00019268757 3.2310064e-07 0.048883665 2.5467234e-06 0.023724152 0.0002577518 1.4250057e-07 0.51296 2.0143965e-05 0.00042690753 2.017582e-07
0.68587804 0.00015681979 3.279757e-05 0.0004633812 6.5733875e-05 0.0030355568 4.1814624e-06 2.4388704e-05 6.087886e-06 1.5160566e-06 1.2150491e-05 0.012027932 0.006452324 0.00037995988 1.1939947e-05 0.021682214 0.00074450544 1.685352e-06 4.703912e-05 7.155884e-05 4.8171063e-05 0.53992426 3.2070827e-07 0.81025803 3.0596416e-07 0.047790695 2.3901296e-07 0.15016913 1.2136197e-11 0.2244115 0.99354494 0.37427193 0.993993 0.28879195 0.01065025 0.4687551 0.039899502 0.1616658 0.082825586 0.067561984 0.0037203503 0.0004781824 0.26529196 0.15283215 1.2888596e-05 0.08921664 0.0049176724 0.0010420337 4.3348435e-05 7.5892317e-06 1.0690469e-06 0.1146285 0.00036825956 0.00095480366 0.00066015986 0.0004395671 1.3959212e-07 3.3620565e-06 0.028094646 0.0005727899 8.1511973e-07 0.00021894266 3.2859996e-05 0.0003297582 6.056896e-05 0.0007343364 0.00253601 0.051472455 0.00026504145 5.751205e-06 9.694425e-06 5.8843943e-07 1.2297463e-06 0.0023275677 0.0002383346 5.68752e-06 3.5750068e-07 2.8920724e-06 0.0004086713 0.0036769595 3.693266e-05 3.3338702e-06 0.00011052355 0.0062297517 0.00015414711 9.2352394e-07 1.7804156e-08 4.135865e-08 0.004146334 7.970751e-08 5.1931776e-05 2.1676273e-07 0.0014599693 1.9156712e-06 0.007817151 8.081862e-06 3.908282e-08 0.03940171 0.00038470648 9.167741e-05 9.695992e-09
0.7094036 0.00012788376 2.6474321e-05 0.00024107042 3.0109286e-05 0.0012388307 1.8318868e-06 1.1277573e-05 8.662506e-06 1.5527091e-06 3.6064198e-06 0.019325554 0.002828519 0.00015937278 1.2421194e-05 0.15539499 0.00046331406 2.83418e-06 8.757903e-05 4.3860004e-05 3.5959092e-05 0.9614512 1.2902528e-07 0.57606024 8.8309105e-07 0.08437307 1.3585917e-06 0.9235223 0.2244115 4.3445067e-11 0.48266143 0.996023 0.053263135 0.033207346 0.010910505 0.041726094 0.07653282 0.01760987 0.013911987 0.007955074 0.0054436317 0.00021111207 0.8863878 0.18418142 1.7634952e-06 0.05335528 0.0009570148 0.0024874585 4.1764606e-06 1.6890671e-06 2.4626554e-06 0.27234873 0.00019901525 0.00013608145 0.00021717795 0.00017012842 2.6537962e-06 1.2549191e-05 0.10933783 0.000113499664 9.568372e-07 1.2493723e-05 2.827436e-06 0.00053599774 1.7830385e-05 8.1390644e-05 0.00015153499 0.051359735 6.629955e-05 8.007425e-07 2.3339044e-06 3.0098906e-08 1.2315894e-07 0.003542173 8.464655e-06 5.6027005e-07 5.6862998e-08 2.9380797e-07 0.00027330537 0.003955648 2.994844e-06 1.890021e-06 2.8953278e-05 0.013483324 0.0001810127 3.157688e-06 8.752662e-10 1.0333777e-08 0.0022334836 1.1391281e-06 0.00024909552 6.284357e-07 0.0036717996 1.171319e-06 0.0057510883 1.628299e-05 1.7389965e-08 0.15930597 5.7557023e-05 9.514396e-05 3.5561225e-08
